Date,Open,High,Low,Close,Volume,Dividends,Stock Splits
2017-03-10 00:00:00+09:00,983.035776566486,983.035776566486,936.224549110939,963.3750610351562,1200,0.0,0.0
2017-03-13 00:00:00+09:00,963.3749316406249,983.03564453125,963.3749316406249,983.03564453125,1800,0.0,0.0
2017-03-14 00:00:00+09:00,968.9924711853494,981.1633911132812,958.6940004770993,981.1633911132812,2100,0.0,0.0
2017-03-15 00:00:00+09:00,983.0357701570085,983.0357701570085,964.311279296875,964.311279296875,300,0.0,0.0
2017-03-16 00:00:00+09:00,982.0995279373199,994.2704467773438,982.0995279373199,994.2704467773438,1800,0.0,0.0
2017-03-17 00:00:00+09:00,994.2703919550027,1001.7601877512739,993.3341674804688,993.3341674804688,900,0.0,0.0
2017-03-21 00:00:00+09:00,1018.6122037914691,1018.6122037914691,983.9718990669431,987.716796875,1000,0.0,0.0
2017-03-22 00:00:00+09:00,988.6531894329896,998.95166015625,983.0358417657568,998.95166015625,800,0.0,0.0
2017-03-23 00:00:00+09:00,998.9515254001991,1029.846933402267,915.6275462431066,954.948974609375,4600,0.0,0.0
2017-03-24 00:00:00+09:00,954.9490926951967,954.9490926951967,945.586846688381,946.5230712890625,500,0.0,0.0
2017-03-27 00:00:00+09:00,974.609619140625,974.609619140625,974.609619140625,974.609619140625,300,0.0,0.0
2017-03-28 00:00:00+09:00,973.673518390822,981.163314686136,964.3112730216794,965.2474975585938,1300,0.0,0.0
2017-03-29 00:00:00+09:00,926.8248948364258,973.6815629272461,926.8248948364258,937.1333618164062,900,1.0,0.0
2017-03-30 00:00:00+09:00,933.3848283691407,937.1333618164062,932.4476950073242,937.1333618164062,800,0.0,0.0
2017-03-31 00:00:00+09:00,965.2473746570631,965.2473746570631,963.3731079101562,963.3731079101562,200,0.0,0.0
2017-04-03 00:00:00+09:00,938.0704951782227,938.0704951782227,937.1333618164062,937.1333618164062,700,0.0,0.0
2017-04-04 00:00:00+09:00,929.6364117171653,929.6364117171653,924.0136108398438,924.0136108398438,400,0.0,0.0
2017-04-05 00:00:00+09:00,909.9566606885483,909.9566606885483,891.2139900255504,894.025390625,10500,0.0,0.0
2017-04-06 00:00:00+09:00,894.0253220505924,894.0253220505924,864.9741847512545,872.4712524414062,2700,0.0,0.0
2017-04-07 00:00:00+09:00,872.471194912525,880.9053955078125,866.8483945156665,880.9053955078125,1000,0.0,0.0
2017-04-10 00:00:00+09:00,877.1570432611965,877.1570432611965,876.2199096679688,876.2199096679688,200,0.0,0.0
2017-04-11 00:00:00+09:00,869.6598520575993,872.4712524414062,869.6598520575993,872.4712524414062,800,0.0,0.0
2017-04-12 00:00:00+09:00,869.6597904332616,871.5340572229884,868.7226570383981,870.596923828125,800,0.0,0.0
2017-04-13 00:00:00+09:00,871.5341186523438,871.5341186523438,871.5341186523438,871.5341186523438,200,0.0,0.0
2017-04-14 00:00:00+09:00,866.8484480484673,866.8484480484673,862.1627807617188,862.1627807617188,1100,0.0,0.0
2017-04-17 00:00:00+09:00,863.0999223012773,886.5282589544064,863.0999223012773,885.5911254882812,1600,0.0,0.0
2017-04-18 00:00:00+09:00,871.5341278808085,898.7109985351562,871.5341278808085,898.7109985351562,200,0.0,0.0
2017-04-19 00:00:00+09:00,898.7109985351562,898.7109985351562,898.7109985351562,898.7109985351562,0,0.0,0.0
2017-04-20 00:00:00+09:00,884.6539291057181,884.6539291057181,880.9053955078125,880.9053955078125,400,0.0,0.0
2017-04-21 00:00:00+09:00,871.5341176647198,871.5341176647198,868.7227172851562,868.7227172851562,200,0.0,0.0
2017-04-24 00:00:00+09:00,872.4712521132602,872.4712521132602,871.5341186523438,871.5341186523438,400,0.0,0.0
2017-04-25 00:00:00+09:00,872.4712024688721,899.6480712890625,872.4712024688721,899.6480712890625,900,0.0,0.0
2017-04-26 00:00:00+09:00,899.6480712890625,899.6480712890625,899.6480712890625,899.6480712890625,0,0.0,0.0
2017-04-27 00:00:00+09:00,898.7109985351562,898.7109985351562,898.7109985351562,898.7109985351562,100,0.0,0.0
2017-04-28 00:00:00+09:00,890.2768544364429,890.2768544364429,886.5283203125,886.5283203125,300,0.0,0.0
2017-05-01 00:00:00+09:00,875.2826538085938,875.2826538085938,875.2826538085938,875.2826538085938,100,0.0,0.0
2017-05-02 00:00:00+09:00,880.9054597553454,898.7109956440173,880.9054597553454,890.2767944335938,1100,0.0,0.0
2017-05-08 00:00:00+09:00,899.6480724299066,902.45947265625,899.6480724299066,902.45947265625,200,0.0,0.0
2017-05-09 00:00:00+09:00,898.7109420257789,918.3907436759785,895.8995417900361,909.95654296875,1300,0.0,0.0
2017-05-10 00:00:00+09:00,905.2709955872342,905.2709955872342,899.6481943724066,903.396728515625,700,0.0,0.0
2017-05-11 00:00:00+09:00,905.2709442506354,933.3849487304688,904.3338107679742,933.3849487304688,800,0.0,0.0
2017-05-12 00:00:00+09:00,905.2709372541029,911.8308715820312,905.2709372541029,911.8308715820312,200,0.0,0.0
2017-05-15 00:00:00+09:00,906.2080685317393,906.2080685317393,899.6481342197205,905.2709350585938,500,0.0,0.0
2017-05-16 00:00:00+09:00,906.208008190817,907.1451416015625,906.208008190817,907.1451416015625,600,0.0,0.0
2017-05-17 00:00:00+09:00,907.1452079037119,923.0764770507812,907.1452079037119,923.0764770507812,1500,0.0,0.0
2017-05-18 00:00:00+09:00,894.9624042510986,899.6480712890625,894.9624042510986,899.6480712890625,400,0.0,0.0
2017-05-19 00:00:00+09:00,899.6480712890625,899.6480712890625,899.6480712890625,899.6480712890625,200,0.0,0.0
2017-05-22 00:00:00+09:00,902.4595317780785,902.4595317780785,896.8367309570312,896.8367309570312,800,0.0,0.0
2017-05-23 00:00:00+09:00,896.8367309570312,896.8367309570312,896.8367309570312,896.8367309570312,0,0.0,0.0
2017-05-24 00:00:00+09:00,894.96233996223,894.96233996223,892.1509399414062,892.1509399414062,1100,0.0,0.0
2017-05-25 00:00:00+09:00,892.15112608597,906.2081291230388,892.15112608597,903.396728515625,500,0.0,0.0
2017-05-26 00:00:00+09:00,911.8308055877685,911.8308055877685,899.6480712890625,899.6480712890625,1800,0.0,0.0
2017-05-29 00:00:00+09:00,899.6480712890625,899.6480712890625,899.6480712890625,899.6480712890625,100,0.0,0.0
2017-05-30 00:00:00+09:00,895.8995968484129,895.8995968484129,894.9624633789062,894.9624633789062,200,0.0,0.0
2017-05-31 00:00:00+09:00,894.9624633789062,894.9624633789062,894.9624633789062,894.9624633789062,0,0.0,0.0
2017-06-01 00:00:00+09:00,897.77392578125,897.77392578125,897.77392578125,897.77392578125,100,0.0,0.0
2017-06-02 00:00:00+09:00,909.0194038167658,909.0194038167658,895.8995361328125,895.8995361328125,300,0.0,0.0
2017-06-05 00:00:00+09:00,919.3278755574586,919.3278755574586,905.2708744021458,906.2080078125,500,0.0,0.0
2017-06-06 00:00:00+09:00,907.1452112159576,933.3849487304688,907.1452112159576,933.3849487304688,300,0.0,0.0
2017-06-07 00:00:00+09:00,921.2022705078125,921.2022705078125,921.2022705078125,921.2022705078125,100,0.0,0.0
2017-06-08 00:00:00+09:00,908.0823351608038,908.0823351608038,904.3338012695312,904.3338012695312,200,0.0,0.0
2017-06-09 00:00:00+09:00,906.2080078125,906.2080078125,906.2080078125,906.2080078125,100,0.0,0.0
2017-06-12 00:00:00+09:00,906.2080078125,906.2080078125,906.2080078125,906.2080078125,100,0.0,0.0
2017-06-13 00:00:00+09:00,906.2080685317393,906.2080685317393,905.2709350585938,905.2709350585938,700,0.0,0.0
2017-06-14 00:00:00+09:00,905.2709350585938,905.2709350585938,905.2709350585938,905.2709350585938,100,0.0,0.0
2017-06-15 00:00:00+09:00,905.2709350585938,905.2709350585938,905.2709350585938,905.2709350585938,0,0.0,0.0
2017-06-16 00:00:00+09:00,905.2709350585938,905.2709350585938,905.2709350585938,905.2709350585938,0,0.0,0.0
2017-06-19 00:00:00+09:00,924.9507446289062,924.9507446289062,924.9507446289062,924.9507446289062,100,0.0,0.0
2017-06-20 00:00:00+09:00,910.8936801175458,931.5106152642393,910.8936801175458,919.327880859375,600,0.0,0.0
2017-06-21 00:00:00+09:00,919.3278804856903,927.7620812240912,913.7050799934232,918.3907470703125,1800,0.0,0.0
2017-06-22 00:00:00+09:00,932.4478086813903,932.4478086813903,909.9566052559095,913.7051391601562,900,0.0,0.0
2017-06-23 00:00:00+09:00,927.7621403446904,927.7621403446904,910.8937377929688,910.8937377929688,600,0.0,0.0
2017-06-26 00:00:00+09:00,909.95654296875,909.95654296875,909.95654296875,909.95654296875,100,0.0,0.0
2017-06-27 00:00:00+09:00,909.956604317873,910.8937377929688,909.956604317873,910.8937377929688,500,0.0,0.0
2017-06-28 00:00:00+09:00,910.8937368481521,923.076472011759,908.0823364257812,908.0823364257812,400,0.0,0.0
2017-06-29 00:00:00+09:00,914.6422710615335,914.6422710615335,908.0823367403955,909.0194702148438,300,0.0,0.0
2017-06-30 00:00:00+09:00,907.1452032659472,917.4536714848784,907.1452032659472,909.0194702148438,1000,0.0,0.0
2017-07-03 00:00:00+09:00,912.7680053710938,912.7680053710938,909.9566049438728,912.7680053710938,4500,0.0,0.0
2017-07-04 00:00:00+09:00,912.7680037963993,912.7680037963993,907.1452029516577,908.0823364257812,12300,0.0,0.0
2017-07-05 00:00:00+09:00,908.0823364257812,909.0194698999048,908.0823364257812,908.0823364257812,6500,0.0,0.0
2017-07-06 00:00:00+09:00,922.1393404447116,922.1393404447116,913.7051391601562,913.7051391601562,200,0.0,0.0
2017-07-07 00:00:00+09:00,913.7051391601562,913.7051391601562,913.7051391601562,913.7051391601562,500,0.0,0.0
2017-07-10 00:00:00+09:00,913.7051397848763,915.5794067382812,913.7051397848763,915.5794067382812,300,0.0,0.0
2017-07-11 00:00:00+09:00,923.0764178651751,937.133419152462,923.0764178651751,927.7620849609375,1900,0.0,0.0
2017-07-12 00:00:00+09:00,950.2534150449102,951.1905485903193,939.0078125,939.0078125,700,0.0,0.0
2017-07-13 00:00:00+09:00,944.6305541992188,944.6305541992188,944.6305541992188,944.6305541992188,200,0.0,0.0
2017-07-14 00:00:00+09:00,954.0018869070383,954.0018869070383,935.2592172232065,938.0706176757812,900,0.0,0.0
2017-07-17 00:00:00+09:00,938.0706176757812,938.0706176757812,938.0706176757812,938.0706176757812,0,0.0,0.0
2017-07-18 00:00:00+09:00,938.0706203951694,946.5048217773438,938.0706203951694,946.5048217773438,900,0.0,0.0
2017-07-19 00:00:00+09:00,946.5048274122707,964.3103637695312,946.5048274122707,964.3103637695312,2100,0.0,0.0
2017-07-20 00:00:00+09:00,965.2474368786372,974.6187712172648,965.2474368786372,966.1845703125,700,0.0,0.0
2017-07-21 00:00:00+09:00,966.1846256180714,966.1846256180714,948.3790893554688,948.3790893554688,1100,0.0,0.0
2017-07-24 00:00:00+09:00,955.8761566464264,955.8761566464264,941.8191543428024,946.5048217773438,1800,0.0,0.0
2017-07-25 00:00:00+09:00,964.310299503102,964.310299503102,955.8760986328125,955.8760986328125,300,0.0,0.0
2017-07-26 00:00:00+09:00,955.8761623371447,966.1846307545061,955.8761623371447,964.3103637695312,4400,0.0,0.0
2017-07-27 00:00:00+09:00,972.7446314663518,983.0531005859375,972.7446314663518,983.0531005859375,800,0.0,0.0
2017-07-28 00:00:00+09:00,983.0529753464918,983.0529753464918,974.6187744140625,974.6187744140625,400,0.0,0.0
2017-07-31 00:00:00+09:00,974.6187740615977,974.6187740615977,966.1845731322185,973.681640625,400,0.0,0.0
2017-08-01 00:00:00+09:00,973.681701071582,973.681701071582,971.8074340820312,971.8074340820312,200,0.0,0.0
2017-08-02 00:00:00+09:00,971.8074340820312,971.8074340820312,971.8074340820312,971.8074340820312,100,0.0,0.0
2017-08-03 00:00:00+09:00,971.8073200958454,990.5499877929688,971.8073200958454,990.5499877929688,1200,0.0,0.0
2017-08-04 00:00:00+09:00,1002.7327863666374,1002.7327863666374,998.047119140625,998.047119140625,200,0.0,0.0
2017-08-07 00:00:00+09:00,947.441842595236,968.0587768554688,947.441842595236,968.0587768554688,3200,0.0,0.0
2017-08-08 00:00:00+09:00,968.0587768554688,968.0587768554688,968.0587768554688,968.0587768554688,0,0.0,0.0
2017-08-09 00:00:00+09:00,970.8701769818641,970.8701769818641,968.0587768554688,968.0587768554688,2100,0.0,0.0
2017-08-10 00:00:00+09:00,939.9447619018555,949.3160955200195,927.7620281982422,937.1333618164062,12900,0.0,0.0
2017-08-11 00:00:00+09:00,937.1333618164062,937.1333618164062,937.1333618164062,937.1333618164062,0,0.0,0.0
2017-08-14 00:00:00+09:00,927.7620868011934,932.44775390625,923.0764196961369,932.44775390625,1400,0.0,0.0
2017-08-15 00:00:00+09:00,932.447811843175,942.7562801148081,923.0764770507812,923.0764770507812,800,0.0,0.0
2017-08-16 00:00:00+09:00,926.8248948364258,937.1333618164062,923.0763613891602,937.1333618164062,1600,0.0,0.0
2017-08-17 00:00:00+09:00,952.1276888652912,973.6817605620448,952.1276888652912,965.24755859375,4000,0.0,0.0
2017-08-18 00:00:00+09:00,965.24755859375,965.24755859375,965.24755859375,965.24755859375,400,0.0,0.0
2017-08-21 00:00:00+09:00,1003.669929574133,1025.2239990234375,980.2415932161935,1025.2239990234375,20900,0.0,0.0
2017-08-22 00:00:00+09:00,1053.3380243661177,1095.5090306797076,1030.8468209988696,1088.011962890625,8100,0.0,0.0
2017-08-23 00:00:00+09:00,1103.0061099350155,1166.731186804668,1087.0748407176022,1122.6859130859375,10000,0.0,0.0
2017-08-24 00:00:00+09:00,1122.6857776151105,1122.6857776151105,1087.0747095438464,1092.697509765625,3300,0.0,0.0
2017-08-25 00:00:00+09:00,1092.6977547409188,1096.4462890625,1092.6977547409188,1096.4462890625,1900,0.0,0.0
2017-08-28 00:00:00+09:00,1152.6741826614277,1152.6741826614277,1115.1888433878853,1117.0631103515625,4300,0.0,0.0
2017-08-29 00:00:00+09:00,1096.4462890625,1124.560296474359,1094.5720219017094,1096.4462890625,5800,0.0,0.0
2017-08-30 00:00:00+09:00,1098.3204460711518,1133.9315185546875,1098.3204460711518,1133.9315185546875,1100,0.0,0.0
2017-08-31 00:00:00+09:00,1132.994379230951,1133.9315127125315,1112.3774426361776,1116.1259765625,3800,0.0,0.0
2017-09-01 00:00:00+09:00,1128.3087200296336,1141.4285888671875,1128.3087200296336,1141.4285888671875,4200,0.0,0.0
2017-09-04 00:00:00+09:00,1135.8057793625262,1143.302847213104,1105.8175079602154,1115.1888427734375,10100,0.0,0.0
2017-09-05 00:00:00+09:00,1096.446278390876,1096.446278390876,1041.1553976856949,1050.5267333984375,44500,0.0,0.0
2017-09-06 00:00:00+09:00,1048.6522242838541,1068.3320247395832,1031.783823893229,1054.2750244140625,7600,0.0,0.0
2017-09-07 00:00:00+09:00,1074.8919542100693,1074.8919542100693,1044.9036869609654,1045.8408203125,7800,0.0,0.0
2017-09-08 00:00:00+09:00,1045.8408263620022,1073.017693713703,1044.903693005047,1058.960693359375,6700,0.0,0.0
2017-09-11 00:00:00+09:00,1073.9548140273757,1073.9548140273757,1031.7838134765625,1031.7838134765625,12500,0.0,0.0
2017-09-12 00:00:00+09:00,1047.7153291590073,1047.7153291590073,1031.7840585009544,1035.5325927734375,10800,0.0,0.0
2017-09-13 00:00:00+09:00,1056.1494101212163,1057.0865435818384,1035.532473987528,1044.90380859375,5000,0.0,0.0
2017-09-14 00:00:00+09:00,1045.8409407346985,1056.149408788535,1035.5324726808617,1041.1552734375,8400,0.0,0.0
2017-09-15 00:00:00+09:00,1053.3380107299586,1053.3380107299586,1026.1611403463564,1047.7152099609375,9200,0.0,0.0
2017-09-18 00:00:00+09:00,1047.7152099609375,1047.7152099609375,1047.7152099609375,1047.7152099609375,0,0.0,0.0
2017-09-19 00:00:00+09:00,1047.715087015569,1047.715087015569,1035.5323534456204,1045.8408203125,6800,0.0,0.0
2017-09-20 00:00:00+09:00,1042.0922811720875,1043.966547864843,1030.8466810155542,1033.6580810546875,9600,0.0,0.0
2017-09-21 00:00:00+09:00,1026.1612559925425,1045.8410609019886,1026.1612559925425,1030.846923828125,9000,0.0,0.0
2017-09-22 00:00:00+09:00,1031.7838200394824,1045.8408203125,1031.7838200394824,1045.8408203125,10000,0.0,0.0
2017-09-25 00:00:00+09:00,1030.846806684417,1047.7152089756166,1028.9725397631726,1044.90380859375,9900,0.0,0.0
2017-09-26 00:00:00+09:00,1050.5264969742852,1075.8290977042636,1044.903696812068,1067.3948974609375,16900,0.0,0.0
2017-09-27 00:00:00+09:00,1041.1552727770654,1045.8409400712917,1017.7269363059344,1039.281005859375,12100,0.0,0.0
2017-09-28 00:00:00+09:00,1023.3498583370736,1045.8410640148115,1023.3498583370736,1043.966796875,7500,0.0,0.0
2017-09-29 00:00:00+09:00,1027.0983852841698,1044.903922985264,1013.0413818359375,1013.0413818359375,14500,0.0,0.0
2017-10-02 00:00:00+09:00,1029.9096676352244,1029.9096676352244,1014.9155323466316,1028.9725341796875,4100,0.0,0.0
2017-10-03 00:00:00+09:00,1026.1611338130763,1028.9725341796875,1016.7897992577057,1028.9725341796875,5400,0.0,0.0
2017-10-04 00:00:00+09:00,1013.9782094319662,1017.7267425537109,1009.2925430297852,1012.1039428710938,12600,0.0,0.0
2017-10-05 00:00:00+09:00,1012.1040568801592,1017.72685719616,985.864322072155,993.3613891601562,14800,0.0,0.0
2017-10-06 00:00:00+09:00,993.3615065534453,997.1100405404394,978.3673706054688,978.3673706054688,9600,0.0,0.0
2017-10-09 00:00:00+09:00,978.3673706054688,978.3673706054688,978.3673706054688,978.3673706054688,0,0.0,0.0
2017-10-10 00:00:00+09:00,980.2415799280271,992.4243146690064,980.2415799280271,987.7386474609375,3200,0.0,0.0
2017-10-11 00:00:00+09:00,992.4242545626811,997.109921486962,988.6757210232564,990.5499877929688,9500,0.0,0.0
2017-10-12 00:00:00+09:00,994.2985225461564,1004.6069897921581,983.9900553001547,993.3613891601562,14300,0.0,0.0
2017-10-13 00:00:00+09:00,1002.7328479759689,1006.481381987094,991.4872459425935,998.9843139648438,5300,0.0,0.0
2017-10-16 00:00:00+09:00,1020.5383235753139,1021.4754570221232,998.9842542987003,1002.7327880859375,6900,0.0,0.0
2017-10-17 00:00:00+09:00,1002.7327880859375,1008.3555887667932,997.1099874050817,1002.7327880859375,5100,0.0,0.0
2017-10-18 00:00:00+09:00,1007.4185730504125,1007.4185730504125,978.3674328043077,983.0531005859375,6100,0.0,0.0
2017-10-19 00:00:00+09:00,997.1099761786488,997.1099761786488,971.8073733996794,972.7445068359375,6500,0.0,0.0
2017-10-20 00:00:00+09:00,972.7445660968159,972.7445660968159,967.1217651367188,967.1217651367188,4700,0.0,0.0
2017-10-23 00:00:00+09:00,968.9959762267192,981.1787109375,965.2474424695558,981.1787109375,3700,0.0,0.0
2017-10-24 00:00:00+09:00,968.9959737924429,996.1728434636043,961.4989062969502,974.6187744140625,4500,0.0,0.0
2017-10-25 00:00:00+09:00,963.3732914896844,973.6817605620448,960.5618908335861,965.24755859375,10000,0.0,0.0
2017-10-26 00:00:00+09:00,965.24755859375,966.1846921457827,954.9390895213895,965.24755859375,12100,0.0,0.0
2017-10-27 00:00:00+09:00,960.561765421829,966.1845659999079,947.4418974063113,954.93896484375,14900,0.0,0.0
2017-10-30 00:00:00+09:00,955.8761602651816,962.4360946983741,955.8761602651816,957.7504272460938,4400,0.0,0.0
2017-10-31 00:00:00+09:00,957.7503658522588,957.7503658522588,948.3790315484207,956.813232421875,6200,0.0,0.0
2017-11-01 00:00:00+09:00,955.8760986328125,960.5617657829733,952.1275649126839,955.8760986328125,4800,0.0,0.0
2017-11-02 00:00:00+09:00,960.561830683272,967.1217651367188,952.1276292431262,967.1217651367188,5200,0.0,0.0
2017-11-03 00:00:00+09:00,967.1217651367188,967.1217651367188,967.1217651367188,967.1217651367188,0,0.0,0.0
2017-11-06 00:00:00+09:00,983.0531609202116,985.8645617617374,969.9332903264242,979.3046264648438,4300,0.0,0.0
2017-11-07 00:00:00+09:00,972.7445110212053,983.9901123046875,968.9959772600446,983.9901123046875,6100,0.0,0.0
2017-11-08 00:00:00+09:00,985.8643812699752,990.5500484813343,982.1158475008878,989.6129150390625,6800,0.0,0.0
2017-11-09 00:00:00+09:00,974.6187744140625,975.5559078509991,958.6875059861403,974.6187744140625,7200,0.0,0.0
2017-11-10 00:00:00+09:00,974.6187744140625,974.6187744140625,974.6187744140625,974.6187744140625,0,0.0,0.0
2017-11-13 00:00:00+09:00,989.6128499193355,989.6128499193355,971.8073156878323,980.2415161132812,4900,0.0,0.0
2017-11-14 00:00:00+09:00,978.3673081618089,978.3673081618089,960.5617728600135,974.6187744140625,9100,0.0,0.0
2017-11-15 00:00:00+09:00,977.4302283977639,977.4302283977639,951.1904907226562,951.1904907226562,11000,0.0,0.0
2017-11-16 00:00:00+09:00,952.1276199386551,960.5618212963794,937.1334841915897,938.0706176757812,17100,0.0,0.0
2017-11-17 00:00:00+09:00,946.50481434913,946.50481434913,924.0136108398438,924.0136108398438,11200,0.0,0.0
2017-11-20 00:00:00+09:00,925.8878228595463,939.94482421875,925.8878228595463,939.94482421875,6800,0.0,0.0
2017-11-21 00:00:00+09:00,941.8190921609017,948.3790261361519,936.1962916106875,942.7562255859375,4300,0.0,0.0
2017-11-22 00:00:00+09:00,940.8820208558942,955.8761566464264,940.8820208558942,946.5048217773438,13800,0.0,0.0
2017-11-23 00:00:00+09:00,946.5048217773438,946.5048217773438,946.5048217773438,946.5048217773438,0,0.0,0.0
2017-11-24 00:00:00+09:00,941.8191587866805,965.2474960699313,941.8191587866805,960.5618286132812,7300,0.0,0.0
2017-11-27 00:00:00+09:00,975.5559130627962,990.5500481338863,964.3103117594787,988.67578125,10300,0.0,0.0
2017-11-28 00:00:00+09:00,988.6757770366431,988.6757770366431,965.2474410879074,977.43017578125,8000,0.0,0.0
2017-11-29 00:00:00+09:00,972.7445061289666,980.2415736135829,970.8702392578125,970.8702392578125,2700,0.0,0.0
2017-11-30 00:00:00+09:00,970.8702406663161,977.4301747248722,967.1217069185698,974.6187744140625,5100,0.0,0.0
2017-12-01 00:00:00+09:00,983.0529757013238,983.0529757013238,969.9331075794759,975.555908203125,4300,0.0,0.0
2017-12-04 00:00:00+09:00,983.0529162550976,985.8643163969139,974.6187158296486,980.2415161132812,5500,0.0,0.0
2017-12-05 00:00:00+09:00,980.2415750356821,980.2415750356821,965.2474400446965,974.6187744140625,12800,0.0,0.0
2017-12-06 00:00:00+09:00,976.4930437410459,981.1787109375,968.0588427874284,981.1787109375,3400,0.0,0.0
2017-12-07 00:00:00+09:00,974.6187744140625,981.1787084726187,974.6187744140625,974.6187744140625,3000,0.0,0.0
2017-12-08 00:00:00+09:00,984.9272389897551,984.9272389897551,958.687502841598,966.1845703125,10900,0.0,0.0
2017-12-11 00:00:00+09:00,979.3046264648438,984.9274281478954,968.9961567125822,979.3046264648438,8800,0.0,0.0
2017-12-12 00:00:00+09:00,983.0529816308409,991.4871826171875,982.1158481879136,991.4871826171875,10300,0.0,0.0
2017-12-13 00:00:00+09:00,993.3614553052325,1007.41845703125,984.927254269622,1007.41845703125,8400,0.0,0.0
2017-12-14 00:00:00+09:00,1007.418468897671,1043.9666738158191,1007.418468897671,1041.1552734375,12200,0.0,0.0
2017-12-15 00:00:00+09:00,1044.9038147295594,1066.457884450438,1041.1552808650588,1062.7093505859375,18900,0.0,0.0
2017-12-18 00:00:00+09:00,1044.9038072752587,1044.9038072752587,1040.2181399780602,1041.1552734375,3400,0.0,0.0
2017-12-19 00:00:00+09:00,1041.1552734375,1041.1552734375,1041.1552734375,1041.1552734375,0,0.0,0.0
2017-12-20 00:00:00+09:00,1038.3438730591809,1049.5894745724572,1038.3438730591809,1041.1552734375,10100,0.0,0.0
2017-12-21 00:00:00+09:00,1048.6522177206502,1048.6522177206502,1030.8466840864303,1040.218017578125,12900,0.0,0.0
2017-12-22 00:00:00+09:00,1040.2180206380792,1054.2750209169722,1039.2808872861528,1046.7779541015625,15300,0.0,0.0
2017-12-25 00:00:00+09:00,1041.1551509272945,1045.8408176731418,1030.8466840864303,1040.218017578125,13900,0.0,0.0
2017-12-26 00:00:00+09:00,1019.6010804219601,1032.720947265625,1019.6010804219601,1032.720947265625,11500,0.0,0.0
2017-12-27 00:00:00+09:00,1032.720947265625,1032.720947265625,1032.720947265625,1032.720947265625,0,0.0,0.0
2017-12-28 00:00:00+09:00,1030.8469279734975,1048.6524658203125,1021.4755922646475,1048.6524658203125,6500,0.0,0.0
2017-12-29 00:00:00+09:00,1048.6522177206502,1054.2750178156673,1040.218017578125,1040.218017578125,5900,0.0,0.0
2018-01-01 00:00:00+09:00,1040.218017578125,1040.218017578125,1040.218017578125,1040.218017578125,0,0.0,0.0
2018-01-02 00:00:00+09:00,1040.218017578125,1040.218017578125,1040.218017578125,1040.218017578125,0,0.0,0.0
2018-01-03 00:00:00+09:00,1040.218017578125,1040.218017578125,1040.218017578125,1040.218017578125,0,0.0,0.0
2018-01-04 00:00:00+09:00,1040.2181517704023,1081.452024453193,1040.2181517704023,1075.8292236328125,11500,0.0,0.0
2018-01-05 00:00:00+09:00,1075.8293502938034,1105.817624866453,1066.4580144898505,1096.4462890625,26400,0.0,0.0
2018-01-08 00:00:00+09:00,1096.4462890625,1096.4462890625,1096.4462890625,1096.4462890625,0,0.0,0.0
2018-01-09 00:00:00+09:00,1100.194703701495,1105.817504572201,1096.446169787691,1104.88037109375,23100,0.0,0.0
2018-01-10 00:00:00+09:00,1123.6230425484573,1123.6230425484573,1096.446171627769,1110.503173828125,45100,0.0,0.0
2018-01-11 00:00:00+09:00,1105.8173798986306,1105.8173798986306,1094.5717794250852,1099.2574462890625,16500,0.0,0.0
2018-01-12 00:00:00+09:00,1104.8803723319947,1119.874508004015,1099.2575714549873,1108.62890625,35900,0.0,0.0
2018-01-15 00:00:00+09:00,1121.7487859060961,1142.36572265625,1110.503184042376,1142.36572265625,68500,0.0,0.0
2018-01-16 00:00:00+09:00,1152.674069069021,1170.4796034692743,1125.4972007738977,1145.177001953125,46100,0.0,0.0
2018-01-17 00:00:00+09:00,1129.2457287516816,1143.302729524524,1106.7545275151335,1132.05712890625,35400,0.0,0.0
2018-01-18 00:00:00+09:00,1128.3087115119486,1140.4914467691374,1115.1888427734375,1115.1888427734375,20600,0.0,0.0
2018-01-19 00:00:00+09:00,1117.0629870492535,1128.3085875900179,1114.2515869140625,1114.2515869140625,17900,0.0,0.0
2018-01-22 00:00:00+09:00,1114.2517123413086,1128.3087145996094,1112.3774453735352,1124.5601806640625,18100,0.0,0.0
2018-01-23 00:00:00+09:00,1132.05725308642,1145.1771219135803,1127.3715856481483,1138.6171875,23200,0.0,0.0
2018-01-24 00:00:00+09:00,1138.617068226716,1162.9825363533782,1138.617068226716,1145.177001953125,33300,0.0,0.0
2018-01-25 00:00:00+09:00,1137.680054313258,1155.4855905833997,1136.742920825356,1139.5543212890625,12400,0.0,0.0
2018-01-26 00:00:00+09:00,1150.799803491709,1150.799803491709,1141.4284695870535,1147.9884033203125,11700,0.0,0.0
2018-01-29 00:00:00+09:00,1145.1771194723487,1161.1083887285108,1129.245850216187,1131.1201171875,20900,0.0,0.0
2018-01-30 00:00:00+09:00,1129.2458480834962,1140.491449890137,1110.5031784057617,1124.5601806640625,14900,0.0,0.0
2018-01-31 00:00:00+09:00,1112.3773258301187,1130.182860110466,1106.7545255310617,1127.3714599609375,15000,0.0,0.0
2018-02-01 00:00:00+09:00,1132.9943823262515,1136.7429162628148,1124.560180968984,1125.497314453125,17600,0.0,0.0
2018-02-02 00:00:00+09:00,1125.4973174771624,1139.5543197770437,1125.4973174771624,1134.86865234375,13900,0.0,0.0
2018-02-05 00:00:00+09:00,1105.817505192898,1133.931509562209,1082.3891682184722,1106.754638671875,37500,0.0,0.0
2018-02-06 00:00:00+09:00,998.9842404976964,1023.349709778128,946.5047682013821,966.1845703125,62600,0.0,0.0
2018-02-07 00:00:00+09:00,1013.97832893592,1077.7033995159964,998.9841946817844,1005.5441284179688,37900,0.0,0.0
2018-02-08 00:00:00+09:00,994.298591423563,1043.0295308712778,994.298591423563,1014.91552734375,7700,0.0,0.0
2018-02-09 00:00:00+09:00,972.7445315132244,1043.029541015625,972.7445315132244,1043.029541015625,18800,0.0,0.0
2018-02-12 00:00:00+09:00,1043.029541015625,1043.029541015625,1043.029541015625,1043.029541015625,0,0.0,0.0
2018-02-13 00:00:00+09:00,1043.9666684503425,1065.520737906678,1021.4754655393835,1026.1611328125,12300,0.0,0.0
2018-02-14 00:00:00+09:00,1052.4009871962826,1052.4009871962826,990.5501722764654,996.1729736328125,7800,0.0,0.0
2018-02-15 00:00:00+09:00,1002.7329168146306,1035.5325916637073,998.9843825461647,1030.846923828125,11100,0.0,0.0
2018-02-16 00:00:00+09:00,1030.8466840864303,1056.1492845140062,1023.3496172930743,1040.218017578125,13100,0.0,0.0
2018-02-19 00:00:00+09:00,1062.7094777161594,1122.6860267230677,1062.7094777161594,1085.20068359375,16500,0.0,0.0
2018-02-20 00:00:00+09:00,1085.2004428032537,1113.3144439121463,1068.332042137918,1092.697509765625,9300,0.0,0.0
2018-02-21 00:00:00+09:00,1098.3204311006136,1117.0631005733205,1079.577761627907,1088.011962890625,21800,0.0,0.0
2018-02-22 00:00:00+09:00,1094.571764911655,1103.9430985153506,1059.897830577981,1067.3948974609375,34000,0.0,0.0
2018-02-23 00:00:00+09:00,1054.2750304157635,1075.8290977042636,1054.2750304157635,1067.3948974609375,19200,0.0,0.0
2018-02-26 00:00:00+09:00,1087.0748374315501,1119.8745092506056,1077.7035026261058,1112.37744140625,28800,0.0,0.0
2018-02-27 00:00:00+09:00,1125.497201949139,1171.4167380819515,1125.497201949139,1147.9884033203125,50600,0.0,0.0
2018-02-28 00:00:00+09:00,1141.4284683951769,1161.1082695744042,1141.4284683951769,1145.177001953125,34400,0.0,0.0
2018-03-01 00:00:00+09:00,1145.1771203915935,1146.1142538780023,1119.874516258555,1133.9315185546875,30200,0.0,0.0
2018-03-02 00:00:00+09:00,1105.8173921478854,1133.9313936431706,1097.3831916993,1127.3714599609375,30700,0.0,0.0
2018-03-05 00:00:00+09:00,1141.4285839924994,1141.4285839924994,1106.754645069903,1126.4344482421875,38400,0.0,0.0
2018-03-06 00:00:00+09:00,1108.6289046956242,1122.6859068684344,1078.6406333936293,1103.9432373046875,24600,0.0,0.0
2018-03-07 00:00:00+09:00,1077.7035035205488,1115.1888427734375,1051.463766043527,1115.1888427734375,48700,0.0,0.0
2018-03-08 00:00:00+09:00,1101.1319548508216,1105.817622743804,1057.0866766567888,1087.074951171875,26100,0.0,0.0
2018-03-09 00:00:00+09:00,1088.9490925363086,1088.9490925363086,1073.9549570108518,1076.766357421875,15300,0.0,0.0
2018-03-12 00:00:00+09:00,1080.515006101324,1086.1378075207585,1030.8469268963195,1043.966796875,24900,0.0,0.0
2018-03-13 00:00:00+09:00,1041.1552727770654,1044.9038066124465,1003.6699344232558,1039.281005859375,35200,0.0,0.0
2018-03-14 00:00:00+09:00,1179.8509521484375,1213.5877545927137,1124.5600814758736,1179.8509521484375,312400,0.0,0.0
2018-03-15 00:00:00+09:00,1178.9138148409352,1180.7880816371849,1145.1770125084442,1170.4796142578125,63700,0.0,0.0
2018-03-16 00:00:00+09:00,1184.5369896722266,1211.7138668086939,1173.2913853398952,1207.96533203125,87000,0.0,0.0
2018-03-19 00:00:00+09:00,1207.9649650615227,1230.4561668935448,1177.0395625424924,1206.0906982421875,66300,0.0,0.0
2018-03-20 00:00:00+09:00,1199.5306420233462,1213.5876417345573,1164.856709402359,1204.21630859375,40600,0.0,0.0
2018-03-21 00:00:00+09:00,1204.21630859375,1204.21630859375,1204.21630859375,1204.21630859375,0,0.0,0.0
2018-03-22 00:00:00+09:00,1199.530896226415,1241.701904296875,1191.096694612323,1241.701904296875,93600,0.0,0.0
2018-03-23 00:00:00+09:00,1194.8452207777236,1235.1419615568939,1190.1595532452618,1214.5250244140625,39600,0.0,0.0
2018-03-26 00:00:00+09:00,1216.3990487905648,1219.2104487492488,1176.1023160494292,1218.2733154296875,40700,0.0,0.0
2018-03-27 00:00:00+09:00,1212.6505155123198,1224.8332486666166,1194.844982440655,1218.2733154296875,58700,0.0,0.0
2018-03-28 00:00:00+09:00,1189.1776482803084,1225.7821694191655,1189.1776482803084,1207.0106201171875,34800,2.0,0.0
2018-03-29 00:00:00+09:00,1204.1949022913273,1239.860846396604,1202.3177473384178,1223.905029296875,27400,0.0,0.0
2018-03-30 00:00:00+09:00,1229.5364846464659,1283.035400390625,1227.6593297080742,1283.035400390625,48600,0.0,0.0
2018-04-02 00:00:00+09:00,1289.605249958291,1291.4824046161634,1258.6321981033977,1274.5880126953125,28000,0.0,0.0
2018-04-03 00:00:00+09:00,1246.4308329309235,1288.6668174805407,1243.6151006276157,1275.5267333984375,29000,0.0,0.0
2018-04-04 00:00:00+09:00,1288.6667745838995,1295.23681640625,1237.983594811481,1295.23681640625,98300,0.0,0.0
2018-04-05 00:00:00+09:00,1290.5441066196986,1314.947122453962,1289.6055290876116,1314.008544921875,68600,0.0,0.0
2018-04-06 00:00:00+09:00,1304.6225851573683,1321.5169783464567,1280.2195727731298,1311.192626953125,39800,0.0,0.0
2018-04-09 00:00:00+09:00,1311.192600255733,1361.8757787910297,1287.7281657486512,1304.62255859375,86700,0.0,0.0
2018-04-10 00:00:00+09:00,1298.9911897539316,1310.2541191448618,1254.8780496394556,1298.0526123046875,36600,0.0,0.0
2018-04-11 00:00:00+09:00,1295.2368437150446,1298.9911534069724,1238.9221983361297,1258.63232421875,39500,0.0,0.0
2018-04-12 00:00:00+09:00,1246.430844634434,1266.1409709426591,1237.9836476451947,1243.6151123046875,23800,0.0,0.0
2018-04-13 00:00:00+09:00,1250.1852650899373,1290.5440987227205,1249.2466875635935,1253.9395751953125,27800,0.0,0.0
2018-04-16 00:00:00+09:00,1253.9394266718398,1253.9394266718398,1221.089217140766,1247.369384765625,29800,0.0,0.0
2018-04-17 00:00:00+09:00,1247.3694771214534,1298.0526612934314,1234.229392336126,1283.9739990234375,44800,0.0,0.0
2018-04-18 00:00:00+09:00,1300.868270248753,1305.5611572265625,1285.8510319197633,1305.5611572265625,21800,0.0,0.0
2018-04-19 00:00:00+09:00,1305.5611731679237,1311.192637610057,1271.7723865151233,1300.8682861328125,16600,0.0,0.0
2018-04-20 00:00:00+09:00,1312.131280276297,1314.0084351837024,1276.4653370355966,1282.0968017578125,21800,0.0,0.0
2018-04-23 00:00:00+09:00,1269.8952585063162,1286.789652189327,1253.0008648233052,1264.2637939453125,37800,0.0,0.0
2018-04-24 00:00:00+09:00,1270.8339142381099,1295.2369288394325,1258.6324069374486,1283.9739990234375,51400,0.0,0.0
2018-04-25 00:00:00+09:00,1267.079483656192,1273.6495254232982,1235.1678522159618,1262.3865966796875,91500,0.0,0.0
2018-04-26 00:00:00+09:00,1246.4307588597842,1331.8413003177966,1198.563312548151,1218.2734375,524000,0.0,0.0
2018-04-27 00:00:00+09:00,1196.6861454133066,1212.6419606854838,1129.1085748487903,1163.8359375,91100,0.0,0.0
2018-04-30 00:00:00+09:00,1163.8359375,1163.8359375,1163.8359375,1163.8359375,0,0.0,0.0
2018-05-01 00:00:00+09:00,1152.5730613284309,1223.904944602829,1151.6344839169255,1198.5633544921875,33000,0.0,0.0
2018-05-02 00:00:00+09:00,1186.3618748760905,1195.7476492026417,1170.4060585209531,1183.546142578125,16300,0.0,0.0
2018-05-03 00:00:00+09:00,1183.546142578125,1183.546142578125,1183.546142578125,1183.546142578125,0,0.0,0.0
2018-05-04 00:00:00+09:00,1183.546142578125,1183.546142578125,1183.546142578125,1183.546142578125,0,0.0,0.0
2018-05-07 00:00:00+09:00,1181.6690957644057,1182.6076732828842,1160.0818128394005,1166.65185546875,14400,0.0,0.0
2018-05-08 00:00:00+09:00,1146.00308917131,1165.7132160120943,1132.8630046107874,1142.248779296875,23600,0.0,0.0
2018-05-09 00:00:00+09:00,1136.6173110088516,1218.273550528067,1112.2142968996607,1115.030029296875,65000,0.0,0.0
2018-05-10 00:00:00+09:00,1127.2314093276034,1167.5902358064434,1126.2928319676303,1152.572998046875,33400,0.0,0.0
2018-05-11 00:00:00+09:00,1165.7132424747242,1173.2218623940462,1136.617340287352,1148.81884765625,31700,0.0,0.0
2018-05-14 00:00:00+09:00,1146.0030842158146,1154.4502813967665,1124.4158025311597,1136.6173095703125,25900,0.0,0.0
2018-05-15 00:00:00+09:00,1129.108558567378,1156.3273018744885,1118.7842076577845,1146.9415283203125,25400,0.0,0.0
2018-05-16 00:00:00+09:00,1146.9415328789548,1165.7130800619166,1120.6613668228085,1130.9857177734375,23200,0.0,0.0
2018-05-17 00:00:00+09:00,1132.8628636099236,1164.7744935707665,1132.8628636099236,1162.8973388671875,17400,0.0,0.0
2018-05-18 00:00:00+09:00,1167.5903164986491,1167.5903164986491,1131.9243743547997,1150.6959228515625,11000,0.0,0.0
2018-05-21 00:00:00+09:00,1171.344637345679,1188.2390311535494,1126.2929205246915,1140.37158203125,18600,0.0,0.0
2018-05-22 00:00:00+09:00,1148.8187156883446,1186.3618109722775,1143.1872513957546,1180.7303466796875,12600,0.0,0.0
2018-05-23 00:00:00+09:00,1187.3004735592995,1187.3004735592995,1159.1431500756798,1184.4847412109375,9400,0.0,0.0
2018-05-24 00:00:00+09:00,1184.4846828294837,1184.4846828294837,1149.7573189113452,1165.713134765625,10200,0.0,0.0
2018-05-25 00:00:00+09:00,1165.7131504603794,1182.6075439453125,1158.2045311337424,1182.6075439453125,9800,0.0,0.0
2018-05-28 00:00:00+09:00,1182.6074953754323,1182.6074953754323,1146.941555038713,1153.5115966796875,4200,0.0,0.0
2018-05-29 00:00:00+09:00,1153.5117515958264,1156.3274841058244,1138.4945115425041,1144.1259765625,4500,0.0,0.0
2018-05-30 00:00:00+09:00,1135.6787159568385,1151.6345326273065,1126.2929414447985,1141.3101806640625,11500,0.0,0.0
2018-05-31 00:00:00+09:00,1142.2486942579767,1142.2486942579767,1107.5213305048583,1116.9071044921875,8500,0.0,0.0
2018-06-01 00:00:00+09:00,1088.749861688573,1100.0127912922478,1081.2412419527896,1093.4427490234375,14200,0.0,0.0
2018-06-04 00:00:00+09:00,1110.3371107255653,1114.0914204828791,1095.31987169631,1102.8284912109375,7300,0.0,0.0
2018-06-05 00:00:00+09:00,1100.0126571986123,1100.0126571986123,1077.4868007372072,1082.1796875,3900,0.0,0.0
2018-06-06 00:00:00+09:00,1064.3466952571412,1069.9781592532108,1054.9609219303586,1059.65380859375,6600,0.0,0.0
2018-06-07 00:00:00+09:00,1057.7766231171806,1069.03955078125,1048.3908500637895,1069.03955078125,8000,0.0,0.0
2018-06-08 00:00:00+09:00,1053.083751860119,1069.9781436011904,1048.390865265377,1064.3466796875,9900,0.0,0.0
2018-06-11 00:00:00+09:00,1057.7767281699014,1074.671121343866,1056.8381507713477,1073.7325439453125,3700,0.0,0.0
2018-06-12 00:00:00+09:00,1084.0570490382927,1088.749936696467,1082.1798939750229,1085.9342041015625,3300,0.0,0.0
2018-06-13 00:00:00+09:00,1081.2412532495669,1086.8727181102415,1066.2240136211005,1083.118408203125,5300,0.0,0.0
2018-06-14 00:00:00+09:00,1083.118364184448,1124.415771484375,1082.1797867458133,1124.415771484375,7100,0.0,0.0
2018-06-15 00:00:00+09:00,1115.968422693922,1140.3714327780615,1090.626835298854,1133.8013916015625,16200,0.0,0.0
2018-06-18 00:00:00+09:00,1150.695992951346,1152.5731479153776,1127.2315559009514,1137.555908203125,11900,0.0,0.0
2018-06-19 00:00:00+09:00,1135.6787434895834,1135.6787434895834,1107.5214192708333,1126.29296875,11400,0.0,0.0
2018-06-20 00:00:00+09:00,1126.2928891300955,1131.9243535757462,1092.5041024561926,1128.1700439453125,8300,0.0,0.0
2018-06-21 00:00:00+09:00,1133.8013520750105,1133.8013520750105,1105.6440337287768,1115.9683837890625,8300,0.0,0.0
2018-06-22 00:00:00+09:00,1127.231514934742,1127.231514934742,1100.012768945477,1114.0914306640625,6200,0.0,0.0
2018-06-25 00:00:00+09:00,1114.0912540627664,1114.0912540627664,1091.5653988837382,1100.951171875,3500,0.0,0.0
2018-06-26 00:00:00+09:00,1129.1086160411005,1129.1086160411005,1091.5655199133832,1122.53857421875,12000,0.0,0.0
2018-06-27 00:00:00+09:00,1150.6958797435404,1167.5902727577197,1098.1355459216495,1105.6441650390625,6300,0.0,0.0
2018-06-28 00:00:00+09:00,1105.6442336329112,1115.030008111968,1098.1356140496655,1114.0914306640625,7000,0.0,0.0
2018-06-29 00:00:00+09:00,1113.1529495497882,1118.7844147245762,1095.3199764962924,1107.521484375,9200,0.0,0.0
2018-07-02 00:00:00+09:00,1102.8284328700327,1109.398474597769,1088.7497720248832,1105.6441650390625,10600,0.0,0.0
2018-07-03 00:00:00+09:00,1105.6440369277277,1116.9069642988081,1087.8110685901838,1100.0125732421875,15700,0.0,0.0
2018-07-04 00:00:00+09:00,1093.4427117444798,1103.7670635291915,1088.7498245696108,1097.197021484375,7200,0.0,0.0
2018-07-05 00:00:00+09:00,1090.627068371506,1090.627068371506,1057.77685546875,1057.77685546875,12700,0.0,0.0
2018-07-06 00:00:00+09:00,1060.5923311378924,1069.9781039798206,1033.3735898963005,1046.513671875,16000,0.0,0.0
2018-07-09 00:00:00+09:00,1046.51369320449,1055.8994662377143,1046.51369320449,1047.4522705078125,12000,0.0,0.0
2018-07-10 00:00:00+09:00,1047.452338048106,1050.268070139633,1012.7249755859375,1012.7249755859375,11400,0.0,0.0
2018-07-11 00:00:00+09:00,1006.1549950801965,1019.2950789711692,991.1377563476562,991.1377563476562,7700,0.0,0.0
2018-07-12 00:00:00+09:00,992.0763996936057,1003.3393294914518,989.2606672441442,996.769287109375,7100,0.0,0.0
2018-07-13 00:00:00+09:00,1003.3393647284777,1019.2951825024572,989.2607019867311,1014.602294921875,3700,0.0,0.0
2018-07-16 00:00:00+09:00,1014.602294921875,1014.602294921875,1014.602294921875,1014.602294921875,0,0.0,0.0
2018-07-17 00:00:00+09:00,1017.4177910332207,1067.1623878272803,1017.4177910332207,1041.82080078125,14600,0.0,0.0
2018-07-18 00:00:00+09:00,1041.8211123387232,1072.7941724352797,1041.8211123387232,1050.268310546875,3400,0.0,0.0
2018-07-19 00:00:00+09:00,1050.268310546875,1086.872836115533,1038.066802023989,1050.268310546875,12700,0.0,0.0
2018-07-20 00:00:00+09:00,1039.0051128639523,1076.5482063730383,1039.0051128639523,1065.2852783203125,5800,0.0,0.0
2018-07-23 00:00:00+09:00,1065.2852725898194,1075.6096232492803,1051.2066125996457,1059.65380859375,3800,0.0,0.0
2018-07-24 00:00:00+09:00,1075.6099051713304,1075.6099051713304,1036.189646866622,1050.268310546875,6400,0.0,0.0
2018-07-25 00:00:00+09:00,1055.8997244856475,1060.5926121500283,1024.9266659007353,1037.128173828125,9700,0.0,0.0
2018-07-26 00:00:00+09:00,1051.2066337112833,1063.4081392811463,1049.3294790082273,1060.5924072265625,6800,0.0,0.0
2018-07-27 00:00:00+09:00,1055.8994685065024,1089.6882514987105,1055.8994685065024,1069.03955078125,5700,0.0,0.0
2018-07-30 00:00:00+09:00,1072.7940398932942,1118.78433556676,1058.7153779524374,1087.811279296875,15500,0.0,0.0
2018-07-31 00:00:00+09:00,1090.626883673027,1090.626883673027,1060.5924083911534,1082.1796875,5900,0.0,0.0
2018-08-01 00:00:00+09:00,1074.6710205078125,1082.17963899171,1066.223824713428,1074.6710205078125,5100,0.0,0.0
2018-08-02 00:00:00+09:00,1102.82850340727,1102.82850340727,1069.978292667479,1070.9168701171875,7600,0.0,0.0
2018-08-03 00:00:00+09:00,1070.9168701171875,1074.6711799160207,1063.4082505195208,1070.9168701171875,5000,0.0,0.0
2018-08-06 00:00:00+09:00,1068.1011702776166,1072.7940576689946,1060.5925504514119,1061.5311279296875,2200,0.0,0.0
2018-08-07 00:00:00+09:00,1065.2854065050592,1076.5483359130424,1047.4524349424196,1049.32958984375,7100,0.0,0.0
2018-08-08 00:00:00+09:00,1040.882393893586,1043.698126248573,1027.7423095703125,1027.7423095703125,10500,0.0,0.0
2018-08-09 00:00:00+09:00,1037.1280829851019,1054.9610545477415,1027.7423084784493,1049.32958984375,7000,0.0,0.0
2018-08-10 00:00:00+09:00,1130.985813554818,1163.8360239070325,1113.1528422207587,1124.415771484375,31600,0.0,0.0
2018-08-13 00:00:00+09:00,1119.7227178575233,1119.7227178575233,1074.6710074994671,1100.951171875,12700,0.0,0.0
2018-08-14 00:00:00+09:00,1126.2928998740554,1126.2928998740554,1097.1969999606424,1117.845703125,5800,0.0,0.0
2018-08-15 00:00:00+09:00,1115.9685538972662,1115.9685538972662,1087.8112312589838,1101.889892578125,5300,0.0,0.0
2018-08-16 00:00:00+09:00,1101.8899197751377,1101.8899197751377,1084.0569483307358,1086.8726806640625,5100,0.0,0.0
2018-08-17 00:00:00+09:00,1086.8726328974185,1123.477151621943,1086.8726328974185,1122.53857421875,6900,0.0,0.0
2018-08-20 00:00:00+09:00,1126.2929425555321,1126.2929425555321,1104.7056611565513,1119.722900390625,3600,0.0,0.0
2018-08-21 00:00:00+09:00,1100.0125732421875,1106.5826142086512,1091.5653777138773,1100.0125732421875,4000,0.0,0.0
2018-08-22 00:00:00+09:00,1085.9341082491005,1098.13561508336,1084.0569533515222,1092.504150390625,2000,0.0,0.0
2018-08-23 00:00:00+09:00,1095.3196807913673,1110.3369172032455,1094.381103515625,1094.381103515625,2900,0.0,0.0
2018-08-24 00:00:00+09:00,1102.828502327306,1102.828502327306,1085.9341082491005,1092.504150390625,3000,0.0,0.0
2018-08-27 00:00:00+09:00,1114.0912108124066,1126.2927152273699,1099.073974609375,1099.073974609375,4600,0.0,0.0
2018-08-28 00:00:00+09:00,1125.3541816522804,1125.3541816522804,1100.0125945758737,1100.951171875,3800,0.0,0.0
2018-08-29 00:00:00+09:00,1126.2930564008257,1126.2930564008257,1100.951462631807,1108.4600830078125,5000,0.0,0.0
2018-08-30 00:00:00+09:00,1122.5384497549019,1122.5384497549019,1095.319708080243,1100.951171875,4300,0.0,0.0
2018-08-31 00:00:00+09:00,1100.9513524764623,1101.889929929554,1096.2584652110042,1098.1356201171875,2700,0.0,0.0
2018-09-03 00:00:00+09:00,1096.2584551084844,1100.9513423306955,1077.4869062196406,1086.8726806640625,9300,0.0,0.0
2018-09-04 00:00:00+09:00,1080.3026920912887,1099.074241910425,1074.6712271455478,1078.425537109375,8500,0.0,0.0
2018-09-05 00:00:00+09:00,1078.4255793196135,1081.2413119026933,1075.6098467365334,1080.302734375,5100,0.0,0.0
2018-09-06 00:00:00+09:00,1074.671100072452,1085.934028632163,1063.4081715127406,1072.7939453125,2200,0.0,0.0
2018-09-07 00:00:00+09:00,1071.8552982390872,1074.6710301959324,1062.4695250496031,1064.3466796875,5000,0.0,0.0
2018-09-10 00:00:00+09:00,1045.5753362618766,1070.9169287924608,1045.5753362618766,1068.1011962890625,5100,0.0,0.0
2018-09-11 00:00:00+09:00,1096.2584015105988,1096.2584015105988,1061.5310377641158,1073.7325439453125,4800,0.0,0.0
2018-09-12 00:00:00+09:00,1091.5655038808848,1091.5655038808848,1060.5924500304382,1084.056884765625,4000,0.0,0.0
2018-09-13 00:00:00+09:00,1084.0568422051172,1087.8111516153513,1067.1624498590634,1082.1796875,5100,0.0,0.0
2018-09-14 00:00:00+09:00,1069.978313813485,1081.2412434325743,1069.978313813485,1071.85546875,11100,0.0,0.0
2018-09-17 00:00:00+09:00,1071.85546875,1071.85546875,1071.85546875,1071.85546875,0,0.0,0.0
2018-09-18 00:00:00+09:00,1071.8555156674593,1079.3641357421875,1071.8555156674593,1079.3641357421875,3800,0.0,0.0
2018-09-19 00:00:00+09:00,1090.6267944126555,1094.381103515625,1085.9339080339435,1094.381103515625,5800,0.0,0.0
2018-09-20 00:00:00+09:00,1094.381320185266,1115.030024339705,1094.381320185266,1109.3985595703125,6300,0.0,0.0
2018-09-21 00:00:00+09:00,1107.5213409779274,1130.9857761681376,1107.5213409779274,1128.1700439453125,8400,0.0,0.0
2018-09-24 00:00:00+09:00,1128.1700439453125,1128.1700439453125,1128.1700439453125,1128.1700439453125,0,0.0,0.0
2018-09-25 00:00:00+09:00,1130.9857089063446,1162.8973388671875,1114.0913165741335,1162.8973388671875,14300,0.0,0.0
2018-09-26 00:00:00+09:00,1147.8803050991803,1166.65185546875,1134.7402198404816,1166.65185546875,8500,0.0,0.0
2018-09-27 00:00:00+09:00,1166.6518199646396,1166.6518199646396,1148.81884765625,1148.81884765625,3000,0.0,0.0
2018-09-28 00:00:00+09:00,1171.3445938258496,1175.0989034214451,1154.450200645669,1160.0816650390625,12300,0.0,0.0
2018-10-01 00:00:00+09:00,1160.0816810043918,1166.6517228871028,1153.511639121681,1155.3887939453125,3900,0.0,0.0
2018-10-02 00:00:00+09:00,1154.4502163389652,1187.3004257469847,1154.4502163389652,1176.97607421875,9400,0.0,0.0
2018-10-03 00:00:00+09:00,1166.6515352748547,1201.3788939274448,1166.6515352748547,1190.115966796875,6500,0.0,0.0
2018-10-04 00:00:00+09:00,1201.3788939274448,1201.3788939274448,1178.8530396663052,1190.115966796875,5500,0.0,0.0
2018-10-05 00:00:00+09:00,1192.9318274481075,1242.6764276485399,1182.607476463112,1217.3348388671875,17800,0.0,0.0
2018-10-08 00:00:00+09:00,1217.3348388671875,1217.3348388671875,1217.3348388671875,1217.3348388671875,0,0.0,0.0
2018-10-09 00:00:00+09:00,1262.3865522562585,1270.8337485167092,1217.3348388671875,1217.3348388671875,25600,0.0,0.0
2018-10-10 00:00:00+09:00,1245.4923398035653,1245.4923398035653,1201.3791973990683,1208.8878173828125,11300,0.0,0.0
2018-10-11 00:00:00+09:00,1183.5461577534024,1200.4405517578125,1183.5461577534024,1200.4405517578125,9600,0.0,0.0
2018-10-12 00:00:00+09:00,1191.9933342800673,1209.82630542284,1174.1603631372946,1177.9146728515625,10100,0.0,0.0
2018-10-15 00:00:00+09:00,1177.9147165752886,1188.2390686727613,1158.20458984375,1158.20458984375,9000,0.0,0.0
2018-10-16 00:00:00+09:00,1158.2045314236814,1169.467460416456,1158.2045314236814,1161.020263671875,4700,0.0,0.0
2018-10-17 00:00:00+09:00,1173.2217380306486,1205.1333693050822,1161.0202319551297,1170.406005859375,9300,0.0,0.0
2018-10-18 00:00:00+09:00,1220.150640578497,1220.150640578497,1163.8359956287202,1182.6075439453125,8400,0.0,0.0
2018-10-19 00:00:00+09:00,1182.6075658351424,1201.3791144991924,1159.1431300050801,1161.9588623046875,11700,0.0,0.0
2018-10-22 00:00:00+09:00,1165.7131813690592,1201.3791241162608,1165.7131813690592,1194.80908203125,6400,0.0,0.0
2018-10-23 00:00:00+09:00,1191.993242501255,1200.440438707957,1165.7130765248494,1168.52880859375,7500,0.0,0.0
2018-10-24 00:00:00+09:00,1164.774437608078,1201.37895256917,1164.774437608078,1187.30029296875,4000,0.0,0.0
2018-10-25 00:00:00+09:00,1166.6517068313549,1183.5461000115354,1111.2756402963187,1160.0816650390625,19800,0.0,0.0
2018-10-26 00:00:00+09:00,1164.7746117962295,1175.098963713843,1132.8629785963326,1135.6787109375,10000,0.0,0.0
2018-10-29 00:00:00+09:00,1140.37160550631,1160.0817320212338,1098.1356201171875,1098.1356201171875,8100,0.0,0.0
2018-10-30 00:00:00+09:00,1081.24125,1138.4944759114583,1081.24125,1126.29296875,14700,0.0,0.0
2018-10-31 00:00:00+09:00,1154.450108249883,1176.9759640206125,1115.0298606511064,1129.1085205078125,24000,0.0,0.0
2018-11-01 00:00:00+09:00,1134.7401396246987,1135.6787170768284,1111.2757033214584,1119.722900390625,14900,0.0,0.0
2018-11-02 00:00:00+09:00,1126.2928625130753,1139.4329459090611,1115.968511273372,1121.5999755859375,8100,0.0,0.0
2018-11-05 00:00:00+09:00,1139.4332065063375,1155.3890257078267,1137.5560513061623,1138.49462890625,7700,0.0,0.0
2018-11-06 00:00:00+09:00,1134.740173982319,1169.4675407625884,1134.740173982319,1159.1431884765625,10500,0.0,0.0
2018-11-07 00:00:00+09:00,1162.89743973789,1176.9761012359274,1159.1431300050801,1161.9588623046875,12800,0.0,0.0
2018-11-08 00:00:00+09:00,1185.4232169858872,1230.4749306955646,1141.3100806451614,1163.8359375,66400,0.0,0.0
2018-11-09 00:00:00+09:00,1163.8361229133145,1173.2218980980992,1115.0300919524336,1166.65185546875,30500,0.0,0.0
2018-11-12 00:00:00+09:00,1165.7132160120943,1165.7132160120943,1134.7401595480048,1142.248779296875,5300,0.0,0.0
2018-11-13 00:00:00+09:00,1122.5385426383707,1138.4943580437655,1122.5385426383707,1131.92431640625,15100,0.0,0.0
2018-11-14 00:00:00+09:00,1131.92436406797,1149.7573349778302,1130.9857866516616,1139.4329833984375,6900,0.0,0.0
2018-11-15 00:00:00+09:00,1127.2315462239583,1135.6787434895834,1122.5386588541667,1126.29296875,6400,0.0,0.0
2018-11-16 00:00:00+09:00,1126.2928784795167,1130.9857654731813,1114.0913722959888,1116.9071044921875,6400,0.0,0.0
2018-11-19 00:00:00+09:00,1107.52140957097,1119.7229166255656,1106.582832105232,1115.030029296875,4100,0.0,0.0
2018-11-20 00:00:00+09:00,1100.0126795481096,1110.3370306360184,1100.0126795481096,1104.70556640625,4200,0.0,0.0
2018-11-21 00:00:00+09:00,1104.7056248419533,1104.7056248419533,1087.8112312589838,1101.889892578125,5800,0.0,0.0
2018-11-22 00:00:00+09:00,1102.8285236931665,1102.8285236931665,1092.5041715564646,1093.4427490234375,4000,0.0,0.0
2018-11-23 00:00:00+09:00,1093.4427490234375,1093.4427490234375,1093.4427490234375,1093.4427490234375,0,0.0,0.0
2018-11-26 00:00:00+09:00,1087.8112581085047,1115.0300039973283,1086.8726806640625,1086.8726806640625,15000,0.0,0.0
2018-11-27 00:00:00+09:00,1089.6884180442573,1104.7056572248846,1082.1797984539437,1092.504150390625,3800,0.0,0.0
2018-11-28 00:00:00+09:00,1092.504220872962,1092.504220872962,1075.6098257048234,1079.3641357421875,6100,0.0,0.0
2018-11-29 00:00:00+09:00,1106.582698666522,1106.582698666522,1082.1796875,1082.1796875,2500,0.0,0.0
2018-11-30 00:00:00+09:00,1097.197037634571,1097.197037634571,1083.118375902733,1092.504150390625,4100,0.0,0.0
2018-12-03 00:00:00+09:00,1107.521484375,1115.9686821371822,1105.6443293167374,1107.521484375,10700,0.0,0.0
2018-12-04 00:00:00+09:00,1107.521484375,1111.2757944915254,1103.7671742584746,1107.521484375,6200,0.0,0.0
2018-12-05 00:00:00+09:00,1102.8285236931665,1109.3985659619768,1088.749861688573,1093.4427490234375,6100,0.0,0.0
2018-12-06 00:00:00+09:00,1094.3813972903997,1100.0128624565596,1077.48700179192,1080.302734375,12000,0.0,0.0
2018-12-07 00:00:00+09:00,1080.3026757727876,1091.5656054941373,1076.548365865671,1083.118408203125,6500,0.0,0.0
2018-12-10 00:00:00+09:00,1083.1184457795516,1098.135685929008,1078.4255582328465,1079.3641357421875,7800,0.0,0.0
2018-12-11 00:00:00+09:00,1093.4427340174095,1093.4427340174095,1076.54833984375,1076.54833984375,5000,0.0,0.0
2018-12-12 00:00:00+09:00,1074.6712737219439,1095.3199794179113,1074.6712737219439,1085.9342041015625,6800,0.0,0.0
2018-12-13 00:00:00+09:00,1087.8112842216,1100.9513687592207,1087.8112842216,1093.4427490234375,4000,0.0,0.0
2018-12-14 00:00:00+09:00,1115.0299658455249,1115.0299658455249,1083.118333826377,1090.626953125,8500,0.0,0.0
2018-12-17 00:00:00+09:00,1090.6269743272383,1096.2584389106835,1072.7940031463281,1091.5655517578125,4500,0.0,0.0
2018-12-18 00:00:00+09:00,1080.3026725260418,1089.688447265625,1054.9610807291667,1055.899658203125,6100,0.0,0.0
2018-12-19 00:00:00+09:00,1034.3122093043587,1060.5923743320557,1034.3122093043587,1048.390869140625,9200,0.0,0.0
2018-12-20 00:00:00+09:00,1048.3910185375141,1052.1453283621784,986.4449064305527,987.3834838867188,18500,0.0,0.0
2018-12-21 00:00:00+09:00,983.6291687562688,983.6291687562688,935.76171875,935.76171875,10700,0.0,0.0
2018-12-24 00:00:00+09:00,935.76171875,935.76171875,935.76171875,935.76171875,0,0.0,0.0
2018-12-25 00:00:00+09:00,928.2530570332129,971.4276178254555,927.314479624686,933.884521484375,14900,0.0,0.0
2018-12-26 00:00:00+09:00,929.1916057041714,963.9189687456404,929.1916057041714,946.0859985351562,4200,0.0,0.0
2018-12-27 00:00:00+09:00,963.9189381008532,988.3219491920141,946.0859684573127,977.0590209960938,7800,0.0,0.0
2018-12-28 00:00:00+09:00,971.427654682038,981.7520065675476,968.6119223496263,973.3048095703125,5200,0.0,0.0
2018-12-31 00:00:00+09:00,973.3048095703125,973.3048095703125,973.3048095703125,973.3048095703125,0,0.0,0.0
2019-01-04 00:00:00+09:00,974.243310148565,990.1991254400155,974.243310148565,977.9976196289062,6700,0.0,0.0
2019-01-07 00:00:00+09:00,980.8133995419456,992.076328531901,980.8133995419456,985.5062866210938,3500,0.0,0.0
2019-01-08 00:00:00+09:00,990.1992137461644,1002.4007206454063,980.8134392082861,984.5677490234375,9600,0.0,0.0
2019-01-09 00:00:00+09:00,1002.4006245836712,1015.5407076774646,981.7519225791386,1012.7249755859375,9700,0.0,0.0
2019-01-10 00:00:00+09:00,995.8305979981862,995.8305979981862,976.1204730613701,986.44482421875,46900,0.0,0.0
2019-01-11 00:00:00+09:00,1040.8822538291042,1040.8822538291042,984.5676143072411,992.0762329101562,3400,0.0,0.0
2019-01-15 00:00:00+09:00,988.3219515775033,1027.7422003583724,988.3219515775033,1020.2335815429688,5700,0.0,0.0
2019-01-16 00:00:00+09:00,1020.2336910874096,1025.8651558036236,996.7692547698518,1006.155029296875,5100,0.0,0.0
2019-01-17 00:00:00+09:00,1006.1548927906221,1009.9092020920796,985.5061916326055,992.0762329101562,7900,0.0,0.0
2019-01-18 00:00:00+09:00,1020.2336482910622,1020.2336482910622,982.6905517578125,982.6905517578125,10000,0.0,0.0
2019-01-21 00:00:00+09:00,1010.8478360452843,1010.8478360452843,983.6290920849192,986.44482421875,6600,0.0,0.0
2019-01-22 00:00:00+09:00,986.4449064305527,996.7692584483796,982.6905966058883,987.3834838867188,3800,0.0,0.0
2019-01-23 00:00:00+09:00,987.3834523411183,1004.2778460123542,972.366213522242,975.1819458007812,9400,0.0,0.0
2019-01-24 00:00:00+09:00,998.6463788006756,998.6463788006756,962.9804367006515,972.3662109375,9500,0.0,0.0
2019-01-25 00:00:00+09:00,981.7519207462337,986.4448075566842,967.6732603148823,969.5504150390625,7800,0.0,0.0
2019-01-28 00:00:00+09:00,990.1991010309414,993.9534104187364,965.7960900102736,974.2432861328125,6800,0.0,0.0
2019-01-29 00:00:00+09:00,974.2434220693643,975.1819995472731,964.8576472902761,966.7348022460938,6800,0.0,0.0
2019-01-30 00:00:00+09:00,968.6119012427606,984.567717445403,968.6119012427606,972.3662109375,8600,0.0,0.0
2019-01-31 00:00:00+09:00,983.629150390625,994.892079593571,977.059108355573,983.629150390625,5500,0.0,0.0
2019-02-01 00:00:00+09:00,1011.7865292831206,1019.2951491664833,987.3835146621918,999.5850219726562,10000,0.0,0.0
2019-02-04 00:00:00+09:00,1008.0320492214627,1026.8035957618995,1005.2163172403971,1013.6635131835938,6500,0.0,0.0
2019-02-05 00:00:00+09:00,1031.4965182116432,1031.4965182116432,1018.3564351770999,1028.6807861328125,3900,0.0,0.0
2019-02-06 00:00:00+09:00,1032.4351169026322,1037.1280037976442,1028.6808073866225,1029.619384765625,4000,0.0,0.0
2019-02-07 00:00:00+09:00,1032.4353365518878,1050.268310546875,1032.4353365518878,1050.268310546875,4700,0.0,0.0
2019-02-08 00:00:00+09:00,1052.145252884778,1052.145252884778,1014.6021573313515,1040.88232421875,4900,0.0,0.0
2019-02-12 00:00:00+09:00,1030.5580093708443,1065.2853739853447,1030.5580093708443,1058.71533203125,12000,0.0,0.0
2019-02-13 00:00:00+09:00,1059.6539151717907,1059.6539151717907,1016.4793535261729,1042.759521484375,6400,0.0,0.0
2019-02-14 00:00:00+09:00,1042.7596106686622,1053.08396324954,1040.882455653957,1052.1453857421875,3700,0.0,0.0
2019-02-15 00:00:00+09:00,1042.7596390253818,1064.346922281533,1034.3124412294967,1037.128173828125,2400,0.0,0.0
2019-02-18 00:00:00+09:00,1069.0396465351055,1084.056884765625,1058.7152952516233,1084.056884765625,2100,0.0,0.0
2019-02-19 00:00:00+09:00,1096.2583523602552,1098.1355070732009,1063.4081448837064,1066.223876953125,4800,0.0,0.0
2019-02-20 00:00:00+09:00,1067.1625021554373,1083.1183179308484,1067.1625021554373,1073.7325439453125,2000,0.0,0.0
2019-02-21 00:00:00+09:00,1073.7324743598567,1078.4253610484925,1063.4081236448583,1065.2852783203125,5200,0.0,0.0
2019-02-22 00:00:00+09:00,1075.6099180357437,1075.6099180357437,1062.4698317770174,1067.1627197265625,3200,0.0,0.0
2019-02-25 00:00:00+09:00,1067.1625592733167,1100.9513474297278,1066.2239818245275,1092.504150390625,9400,0.0,0.0
2019-02-26 00:00:00+09:00,1097.1970325529267,1097.1970325529267,1085.9341032196203,1086.8726806640625,2100,0.0,0.0
2019-02-27 00:00:00+09:00,1094.3812360491072,1094.3812360491072,1081.2411525974026,1084.056884765625,4300,0.0,0.0
2019-02-28 00:00:00+09:00,1097.1969682173294,1097.1969682173294,1084.056884765625,1084.056884765625,4300,0.0,0.0
2019-03-01 00:00:00+09:00,1086.872777068853,1092.504242235013,1079.3641568473067,1080.302734375,6400,0.0,0.0
2019-03-04 00:00:00+09:00,1078.425355247315,1078.425355247315,1059.65380859375,1059.65380859375,8400,0.0,0.0
2019-03-05 00:00:00+09:00,1060.5925880032719,1063.4083205377938,1055.8997004457353,1057.77685546875,3900,0.0,0.0
2019-03-06 00:00:00+09:00,1057.776785821271,1071.8554475668957,1057.776785821271,1070.9168701171875,5700,0.0,0.0
2019-03-07 00:00:00+09:00,1074.6712126255456,1074.6712126255456,1056.8382405383097,1061.5311279296875,4200,0.0,0.0
2019-03-08 00:00:00+09:00,1036.1894161072878,1042.7594576949248,1032.4351066286383,1039.9437255859375,8000,0.0,0.0
2019-03-11 00:00:00+09:00,1039.9437310648564,1068.1010523030745,1039.9437310648564,1045.5751953125,4300,0.0,0.0
2019-03-12 00:00:00+09:00,1051.206787109375,1051.206787109375,1042.7595897129604,1051.206787109375,1800,0.0,0.0
2019-03-13 00:00:00+09:00,1034.3123225761449,1042.7595194029918,1017.4179289224511,1018.3565063476562,5300,0.0,0.0
2019-03-14 00:00:00+09:00,1028.6807971499886,1055.8995408701983,1028.6807971499886,1039.9437255859375,1800,0.0,0.0
2019-03-15 00:00:00+09:00,1054.9610242217664,1054.9610242217664,970.4890560901302,972.3662109375,38300,0.0,0.0
2019-03-18 00:00:00+09:00,1006.154957835584,1018.3564638541126,1006.154957835584,1016.4793090820312,22200,0.0,0.0
2019-03-19 00:00:00+09:00,1018.3565063476562,1023.0493934736824,1015.5407740720407,1018.3565063476562,23300,0.0,0.0
2019-03-20 00:00:00+09:00,1015.5407740720407,1022.1108160484771,1014.6021966468354,1018.3565063476562,6100,0.0,0.0
2019-03-22 00:00:00+09:00,1014.6021885129948,1031.49658203125,1014.6021885129948,1031.49658203125,14600,0.0,0.0
2019-03-25 00:00:00+09:00,1029.6194568725361,1030.5580343172696,1017.417950091002,1019.2951049804688,25800,0.0,0.0
2019-03-26 00:00:00+09:00,1016.4793433483565,1031.49658203125,1016.4793433483565,1031.49658203125,13600,0.0,0.0
2019-03-27 00:00:00+09:00,1037.2217331072607,1048.6722030219682,1033.4049098023581,1040.0843505859375,10000,18.0,0.0
2019-03-28 00:00:00+09:00,1030.5423252088133,1037.221766205537,1019.0918549287154,1035.3133544921875,3800,0.0,0.0
2019-03-29 00:00:00+09:00,1043.901165982738,1043.901165982738,1018.1376088698186,1020.0460205078125,3300,0.0,0.0
2019-04-01 00:00:00+09:00,1021.0001877118957,1021.0001877118957,1010.5039240999042,1011.4581298828125,10600,0.0,0.0
2019-04-02 00:00:00+09:00,1007.6414220404235,1010.5040397166747,981.8778629541627,991.419921875,11200,0.0,0.0
2019-04-03 00:00:00+09:00,985.6946643590927,992.3741054534912,954.2058706283569,977.1068115234375,8700,0.0,0.0
2019-04-04 00:00:00+09:00,989.5115773429907,990.465783299927,981.8779296874999,981.8779296875,2500,0.0,0.0
2019-04-05 00:00:00+09:00,982.832102083837,990.4657494786629,981.8778961594837,986.64892578125,8500,0.0,0.0
2019-04-08 00:00:00+09:00,1005.7330282358023,1006.6872341449445,988.557321871244,992.3741455078125,1700,0.0,0.0
2019-04-09 00:00:00+09:00,990.4657124606045,1007.6414184570312,990.4657124606045,1007.6414184570312,2600,0.0,0.0
2019-04-10 00:00:00+09:00,995.2367632352389,1001.9162045992338,991.4199395986705,992.3741455078125,700,0.0,0.0
2019-04-11 00:00:00+09:00,991.4199395986705,1005.7330282358023,991.4199395986705,992.3741455078125,1100,0.0,0.0
2019-04-12 00:00:00+09:00,996.190961272696,996.190961272696,994.2825494694915,995.2367553710938,1100,0.0,0.0
2019-04-15 00:00:00+09:00,998.0995307593826,1005.7331791781924,995.2369126023289,997.1453247070312,4200,0.0,0.0
2019-04-16 00:00:00+09:00,998.099400644084,1011.4582836354962,998.099400644084,1000.0078125,2500,0.0,0.0
2019-04-17 00:00:00+09:00,1000.0077056591891,1007.6413522672744,994.282470703125,994.282470703125,5100,0.0,0.0
2019-04-18 00:00:00+09:00,983.786229417031,1000.0077288351586,983.786229417031,985.6946411132812,7300,0.0,0.0
2019-04-19 00:00:00+09:00,985.694640709075,1010.5039927501552,983.7862290136072,1008.5955810546875,17900,0.0,0.0
2019-04-22 00:00:00+09:00,1006.6872261903202,1006.6872261903202,994.2825494694915,995.2367553710938,2400,0.0,0.0
2019-04-23 00:00:00+09:00,1010.5039593470578,1010.5039593470578,986.6488139422643,990.4656372070312,3600,0.0,0.0
2019-04-24 00:00:00+09:00,1001.9162348972361,1001.9162348972361,974.2442626953125,974.2442626953125,3600,0.0,0.0
2019-04-25 00:00:00+09:00,974.244272401391,991.4199794564596,974.244272401391,978.0610961914062,2400,0.0,0.0
2019-04-26 00:00:00+09:00,981.8778408765793,987.6030761003494,970.427370429039,977.1068115234375,5200,0.0,0.0
2019-05-07 00:00:00+09:00,980.923640565289,980.923640565289,965.6563465487087,967.5647583007812,5300,0.0,0.0
2019-05-08 00:00:00+09:00,967.5648255367204,967.5648255367204,955.1601482862495,958.0227661132812,8400,0.0,0.0
2019-05-09 00:00:00+09:00,955.1601246780139,981.877890403273,954.2059187592547,966.610595703125,9400,0.0,0.0
2019-05-10 00:00:00+09:00,967.5648182102891,982.8321131721872,928.4423748704253,931.3049926757812,25400,0.0,0.0
2019-05-13 00:00:00+09:00,936.0759966329563,954.2059089020961,933.21337890625,933.21337890625,8900,0.0,0.0
2019-05-14 00:00:00+09:00,930.3507357227559,935.1217651367188,929.3965298399633,935.1217651367188,4100,0.0,0.0
2019-05-15 00:00:00+09:00,947.5264416130221,947.5264416130221,930.3507357227559,935.1217651367188,3100,0.0,0.0
2019-05-16 00:00:00+09:00,936.0759846037398,936.0759846037398,922.7171020507812,922.7171020507812,8200,0.0,0.0
2019-05-17 00:00:00+09:00,930.3508124067554,935.1218422139694,929.3966064453125,929.3966064453125,4200,0.0,0.0
2019-05-20 00:00:00+09:00,932.2591588974,935.1217765808105,916.0376586914062,916.0376586914062,4700,0.0,0.0
2019-05-21 00:00:00+09:00,916.0377020333681,917.9461139126042,915.08349609375,915.08349609375,3100,0.0,0.0
2019-05-22 00:00:00+09:00,918.9002517016967,918.9002517016967,895.0451049804688,895.0451049804688,5100,0.0,0.0
2019-05-23 00:00:00+09:00,895.045102685914,902.6787496171371,888.3656616210938,888.3656616210938,5200,0.0,0.0
2019-05-24 00:00:00+09:00,887.411504994268,887.411504994268,875.9610339620839,877.8694458007812,4500,0.0,0.0
2019-05-27 00:00:00+09:00,878.8236052100339,895.0451049804688,878.8236052100339,895.0451049804688,4100,0.0,0.0
2019-05-28 00:00:00+09:00,893.1368231951872,903.6330892797461,892.1826171875,892.1826171875,1500,0.0,0.0
2019-05-29 00:00:00+09:00,892.1825169613487,916.0376644736842,892.1825169613487,906.49560546875,2600,0.0,0.0
2019-05-30 00:00:00+09:00,907.4498901367188,918.9003619365512,896.9536243202057,907.4498901367188,3700,0.0,0.0
2019-05-31 00:00:00+09:00,901.7245583087049,906.4955877177457,901.7245583087049,905.5413818359375,2100,0.0,0.0
2019-06-03 00:00:00+09:00,896.9535661386698,901.7245957457903,880.7320654744598,884.5488891601562,5900,0.0,0.0
2019-06-04 00:00:00+09:00,891.2283325195312,891.2283325195312,888.3657147491259,891.2283325195312,1500,0.0,0.0
2019-06-05 00:00:00+09:00,901.7246462264151,913.1751179245283,894.090998427673,910.3125,7000,0.0,0.0
2019-06-06 00:00:00+09:00,910.3124603177002,925.5797552496533,910.3124603177002,924.6255493164062,3700,0.0,0.0
2019-06-07 00:00:00+09:00,936.0760285750679,936.0760285750679,917.9461156872735,921.762939453125,5200,0.0,0.0
2019-06-10 00:00:00+09:00,935.1217986278044,935.1217986278044,924.6255335411659,930.3507690429688,2400,0.0,0.0
2019-06-11 00:00:00+09:00,930.3507357227559,938.938588667889,929.3965298399633,935.1217651367188,4400,0.0,0.0
2019-06-12 00:00:00+09:00,930.3507690429688,937.0302104617388,930.3507690429688,930.3507690429688,3300,0.0,0.0
2019-06-13 00:00:00+09:00,935.1217986278044,935.1217986278044,928.4423572090344,930.3507690429688,4600,0.0,0.0
2019-06-14 00:00:00+09:00,923.6713770949494,923.6713770949494,916.9919353184363,919.8545532226562,5100,0.0,0.0
2019-06-17 00:00:00+09:00,919.854500063004,923.6713237147177,916.0376764112902,916.9918823242188,5900,0.0,0.0
2019-06-18 00:00:00+09:00,917.946126562084,917.946126562084,891.2283598846013,895.9993896484375,4100,0.0,0.0
2019-06-19 00:00:00+09:00,890.2741167622228,927.4881473664315,890.2741167622228,916.9918823242188,2400,0.0,0.0
2019-06-20 00:00:00+09:00,909.3582292236579,927.4881414537203,909.3582292236579,926.533935546875,1000,0.0,0.0
2019-06-21 00:00:00+09:00,922.7170978237924,922.7170978237924,909.3582153320312,909.3582153320312,3400,0.0,0.0
2019-06-24 00:00:00+09:00,932.2591651659858,936.0759887695312,916.9918707518038,936.0759887695312,3700,0.0,0.0
2019-06-25 00:00:00+09:00,936.0759788364812,936.0759788364812,931.3049493826766,932.2591552734375,1200,0.0,0.0
2019-06-26 00:00:00+09:00,922.7170178068786,922.7170178068786,899.8160783783728,908.4039306640625,6700,0.0,0.0
2019-06-27 00:00:00+09:00,906.495636584712,925.5797552496533,906.495636584712,924.6255493164062,3000,0.0,0.0
2019-06-28 00:00:00+09:00,916.0376764112902,920.8087059759324,915.0834704983619,916.9918823242188,2700,0.0,0.0
2019-07-01 00:00:00+09:00,918.9002784642216,926.5339256373409,918.9002784642216,922.7171020507812,3000,0.0,0.0
2019-07-02 00:00:00+09:00,923.6713079474212,929.3965433272605,922.7171020507812,922.7171020507812,7900,0.0,0.0
2019-07-03 00:00:00+09:00,922.7170963658281,936.0759788364812,922.7170963658281,932.2591552734375,3500,0.0,0.0
2019-07-04 00:00:00+09:00,932.2592004133751,939.8928479090833,932.2592004133751,937.9844360351562,2400,0.0,0.0
2019-07-05 00:00:00+09:00,937.9843686384204,973.2899857692663,929.3965158228092,970.4273681640625,10500,0.0,0.0
2019-07-08 00:00:00+09:00,970.4273690860438,971.3815749553515,947.5264282226562,947.5264282226562,7800,0.0,0.0
2019-07-09 00:00:00+09:00,947.5263951364643,968.5189235282088,944.6637776284992,952.2974243164062,7000,0.0,0.0
2019-07-10 00:00:00+09:00,950.3890872858502,953.251705018639,939.892822265625,939.892822265625,4100,0.0,0.0
2019-07-11 00:00:00+09:00,939.8928066219017,948.4806596773303,938.9386007268541,945.6180419921875,4900,0.0,0.0
2019-07-12 00:00:00+09:00,945.6180164840406,950.3890458305797,942.7553988761172,947.5264282226562,1400,0.0,0.0
2019-07-16 00:00:00+09:00,947.5264595801677,948.4806654810541,932.2591651659858,936.0759887695312,4700,0.0,0.0
2019-07-17 00:00:00+09:00,936.0759846037398,936.0759846037398,922.7171020507812,922.7171020507812,2700,0.0,0.0
2019-07-18 00:00:00+09:00,923.6712573010165,923.6712573010165,900.7703170373549,903.6329345703125,5500,0.0,0.0
2019-07-19 00:00:00+09:00,907.4497527597839,913.1749877929688,904.5871352431916,913.1749877929688,2900,0.0,0.0
2019-07-22 00:00:00+09:00,927.4881733087852,927.4881733087852,913.1750842145138,915.08349609375,2900,0.0,0.0
2019-07-23 00:00:00+09:00,916.0376843032359,919.8545079878328,914.1292724609375,914.1292724609375,1900,0.0,0.0
2019-07-24 00:00:00+09:00,916.9918390539729,919.8544566576793,915.0834273181686,917.946044921875,2400,0.0,0.0
2019-07-25 00:00:00+09:00,916.9918512107167,928.4423217773438,916.9918512107167,928.4423217773438,1500,0.0,0.0
2019-07-26 00:00:00+09:00,929.3965098691084,935.1217450428401,927.4880981445312,927.4880981445312,1500,0.0,0.0
2019-07-29 00:00:00+09:00,925.579739458133,933.2133867938702,923.6713276241987,930.3507690429688,2300,0.0,0.0
2019-07-30 00:00:00+09:00,927.4881202210771,941.8012084960938,925.5797084510749,941.8012084960938,4500,0.0,0.0
2019-07-31 00:00:00+09:00,935.1217887084835,935.1217887084835,926.533935546875,926.533935546875,1400,0.0,0.0
2019-08-01 00:00:00+09:00,918.9003018185391,958.9769504959831,918.9003018185391,943.7096557617188,7300,0.0,0.0
2019-08-02 00:00:00+09:00,915.0834527969361,918.9002763748169,914.1292469024659,916.0376586914062,8200,0.0,0.0
2019-08-05 00:00:00+09:00,916.0376703789893,917.9460821922789,893.1367286195145,896.9535522460938,10000,0.0,0.0
2019-08-06 00:00:00+09:00,891.2284111798128,904.5872952874332,865.4648489722593,892.1826171875,8500,0.0,0.0
2019-08-07 00:00:00+09:00,888.3657109136167,894.0909464297088,877.8694458007812,877.8694458007812,4700,0.0,0.0
2019-08-08 00:00:00+09:00,885.5030462919776,908.4039871443564,885.5030462919776,895.0451049804688,2700,0.0,0.0
2019-08-09 00:00:00+09:00,847.3348267575898,847.3348267575898,825.3880913798595,836.8385620117188,24600,0.0,0.0
2019-08-13 00:00:00+09:00,827.296500059362,827.296500059362,786.2656471152414,800.5787353515625,14100,0.0,0.0
2019-08-14 00:00:00+09:00,815.8460575483422,815.8460575483422,799.6245569889014,805.3497924804688,3500,0.0,0.0
2019-08-15 00:00:00+09:00,805.3497515038146,812.9833984375,792.9450752365757,812.9833984375,3000,0.0,0.0
2019-08-16 00:00:00+09:00,812.9833984375,819.6628395044747,808.2123691039466,812.9833984375,4400,0.0,0.0
2019-08-19 00:00:00+09:00,812.9834175800098,812.9834175800098,787.2198585721926,791.0366821289062,7700,0.0,0.0
2019-08-20 00:00:00+09:00,792.9450939072631,798.6703292423337,787.2198585721926,791.0366821289062,3800,0.0,0.0
2019-08-21 00:00:00+09:00,787.219856429274,790.082474089017,784.3572387695312,784.3572387695312,2300,0.0,0.0
2019-08-22 00:00:00+09:00,786.2656505426932,788.174062315855,784.3572387695312,784.3572387695312,3300,0.0,0.0
2019-08-23 00:00:00+09:00,784.3572287711071,784.3572287711071,779.5861993990201,780.5404052734375,4900,0.0,0.0
2019-08-26 00:00:00+09:00,775.7693558304398,775.7693558304398,770.0441207320602,772.90673828125,6700,0.0,0.0
2019-08-27 00:00:00+09:00,779.5862071780339,781.4946189459116,777.6777954101562,777.6777954101562,1100,0.0,0.0
2019-08-28 00:00:00+09:00,780.5404030156635,791.0366676038938,773.8609619140625,773.8609619140625,3500,0.0,0.0
2019-08-29 00:00:00+09:00,774.8152818234605,782.4489299202435,773.8610758113628,776.7236938476562,1800,0.0,0.0
2019-08-30 00:00:00+09:00,777.677762287419,782.4487915039062,776.7235564441215,782.4487915039062,2800,0.0,0.0
2019-09-02 00:00:00+09:00,779.5862229091423,787.2198701346907,771.9525756835938,771.9525756835938,1500,0.0,0.0
2019-09-03 00:00:00+09:00,772.9067737598137,775.7693914404057,772.9067737598137,774.815185546875,1400,0.0,0.0
2019-09-04 00:00:00+09:00,776.7236309973281,777.6778369322143,767.1815716484666,770.044189453125,3600,0.0,0.0
2019-09-05 00:00:00+09:00,770.9983520507812,772.9067638132832,763.3647050007736,770.9983520507812,9700,0.0,0.0
2019-09-06 00:00:00+09:00,770.9983796029367,778.6320269257379,770.9983796029367,775.7694091796875,2400,0.0,0.0
2019-09-09 00:00:00+09:00,772.9067737598137,774.815185546875,769.0899501856912,774.815185546875,4000,0.0,0.0
2019-09-10 00:00:00+09:00,772.9067560424053,775.7693736573772,772.9067560424053,773.8609619140625,3500,0.0,0.0
2019-09-11 00:00:00+09:00,776.7235487900771,808.2123413085938,776.7235487900771,808.2123413085938,7200,0.0,0.0
2019-09-12 00:00:00+09:00,810.1208337616503,831.1133642007036,808.2124219035545,815.8460693359375,11400,0.0,0.0
2019-09-13 00:00:00+09:00,844.4722723637232,846.3806842786695,820.6171234268949,843.51806640625,15000,0.0,0.0
2019-09-17 00:00:00+09:00,843.5180169564707,846.380634661074,824.4338989257812,824.4338989257812,8700,0.0,0.0
2019-09-18 00:00:00+09:00,814.8918257909463,814.8918257909463,798.6703257459275,807.2581787109375,4600,0.0,0.0
2019-09-19 00:00:00+09:00,807.2582177960956,826.3423364201167,807.2582177960956,822.5255126953125,3700,0.0,0.0
2019-09-20 00:00:00+09:00,821.5713865082839,836.8386828893903,821.5713865082839,830.1592407226562,4200,0.0,0.0
2019-09-24 00:00:00+09:00,837.7927876445533,844.4722290039062,835.8843758275954,844.4722290039062,5100,0.0,0.0
2019-09-25 00:00:00+09:00,837.7927678977071,851.1516503015429,835.8843561257305,836.8385620117188,4600,0.0,0.0
2019-09-26 00:00:00+09:00,852.105884096578,872.1442083586477,852.105884096578,871.1900024414062,13900,0.0,0.0
2019-09-27 00:00:00+09:00,878.8911412058313,904.8824454912174,866.3768095128677,883.704345703125,15900,8.0,0.0
2019-09-30 00:00:00+09:00,883.7042903132226,889.4801353479495,882.7416494741015,884.6669311523438,3900,0.0,0.0
2019-10-01 00:00:00+09:00,884.6669866025837,886.5922684015013,878.8911412058313,883.704345703125,3100,0.0,0.0
2019-10-02 00:00:00+09:00,884.6668913322583,888.5174545154238,877.9284057617188,877.9284057617188,6900,0.0,0.0
2019-10-03 00:00:00+09:00,876.9658812120226,876.9658812120226,851.9372172037761,866.3768310546875,4200,0.0,0.0
2019-10-04 00:00:00+09:00,863.4888135666815,873.1152217446825,852.8997645708805,860.6008911132812,47800,0.0,0.0
2019-10-07 00:00:00+09:00,860.6008911132812,862.5261727488814,857.712968659881,860.6008911132812,2400,0.0,0.0
2019-10-08 00:00:00+09:00,863.4888530566081,867.3394165039062,855.7877261620118,867.3394165039062,16500,0.0,0.0
2019-10-09 00:00:00+09:00,866.3767530766618,867.3393939134136,863.4888305664062,863.4888305664062,3900,0.0,0.0
2019-10-10 00:00:00+09:00,863.4888305664062,866.3767530766618,861.5635488929025,863.4888305664062,3100,0.0,0.0
2019-10-11 00:00:00+09:00,866.3767812521653,868.3020629882812,857.7130134396436,868.3020629882812,6200,0.0,0.0
2019-10-15 00:00:00+09:00,868.3020245886797,872.152587890625,866.376742937707,872.152587890625,7600,0.0,0.0
2019-10-16 00:00:00+09:00,873.1153175184462,882.7417267523872,865.4141901312934,866.3768310546875,9100,0.0,0.0
2019-10-17 00:00:00+09:00,867.339372482975,870.227294921875,866.3767316700083,870.227294921875,2400,0.0,0.0
2019-10-18 00:00:00+09:00,899.1065996836669,899.1065996836669,870.2273727130995,873.1152954101562,2500,0.0,0.0
2019-10-21 00:00:00+09:00,868.3020146270919,880.8163452148438,868.3020146270919,880.8163452148438,1300,0.0,0.0
2019-10-23 00:00:00+09:00,882.741622545397,895.2559530722128,882.741622545397,890.4427490234375,3800,0.0,0.0
2019-10-24 00:00:00+09:00,885.6295279877305,887.5548095703125,878.8910424486934,887.5548095703125,10700,0.0,0.0
2019-10-25 00:00:00+09:00,885.6295952807146,899.1065673828125,885.6295952807146,899.1065673828125,2200,0.0,0.0
2019-10-28 00:00:00+09:00,899.1065570269005,912.5835289737705,895.2559936135091,907.7703247070312,4800,0.0,0.0
2019-10-29 00:00:00+09:00,904.882408581479,920.2846623445681,899.1065634203206,919.322021484375,4400,0.0,0.0
2019-10-30 00:00:00+09:00,919.3220558826218,946.2760009765625,912.5835696091366,946.2760009765625,12000,0.0,0.0
2019-10-31 00:00:00+09:00,943.3880333533654,943.3880333533654,934.7242657001202,938.5748291015625,3700,0.0,0.0
2019-11-01 00:00:00+09:00,949.1638737557503,950.1265146013444,943.3880286821859,948.2012329101562,3300,0.0,0.0
2019-11-05 00:00:00+09:00,940.5001663740655,945.3133709102685,914.5088618785694,937.6122436523438,16700,0.0,0.0
2019-11-06 00:00:00+09:00,951.0892054576234,951.0892054576234,938.5748738068652,946.2760009765625,6000,0.0,0.0
2019-11-07 00:00:00+09:00,931.8363106863839,948.2012045724051,927.02310660226,943.3880004882812,5100,0.0,0.0
2019-11-08 00:00:00+09:00,949.1639011527228,949.1639011527228,936.6495697987823,942.4254150390625,8500,0.0,0.0
2019-11-11 00:00:00+09:00,915.4714550261801,952.0518075929466,915.4714550261801,950.1265258789062,9800,0.0,0.0
2019-11-12 00:00:00+09:00,950.1265202458442,950.1265202458442,936.6495483274633,949.1638793945312,4000,0.0,0.0
2019-11-13 00:00:00+09:00,950.1265146013444,950.1265146013444,941.4627469909977,948.2012329101562,4800,0.0,0.0
2019-11-14 00:00:00+09:00,950.1265645614112,952.0518463538356,944.3507191841381,946.2760009765625,3900,0.0,0.0
2019-11-15 00:00:00+09:00,952.0518407258385,953.0144816163601,940.5001500395796,945.3133544921875,12400,0.0,0.0
2019-11-18 00:00:00+09:00,945.3133544921875,948.2012771637523,944.3507136016659,945.3133544921875,7200,0.0,0.0
2019-11-19 00:00:00+09:00,945.3133215938054,955.9023710210273,943.3880398797651,950.1265258789062,3000,0.0,0.0
2019-11-20 00:00:00+09:00,950.1264663726868,960.7155151367188,943.3879807955756,960.7155151367188,3500,0.0,0.0
2019-11-21 00:00:00+09:00,961.6782557527785,961.6782557527785,951.0892058896347,956.8650512695312,2400,0.0,0.0
2019-11-22 00:00:00+09:00,953.0144099631054,953.97705078125,948.2012058723826,953.97705078125,5800,0.0,0.0
2019-11-25 00:00:00+09:00,959.7529409292105,961.67822265625,953.9770957480919,961.67822265625,5300,0.0,0.0
2019-11-26 00:00:00+09:00,961.6782000824435,961.6782000824435,956.8649958778267,957.82763671875,6300,0.0,0.0
2019-11-27 00:00:00+09:00,957.82763671875,961.6782000824435,952.0517916732099,957.82763671875,2000,0.0,0.0
2019-11-28 00:00:00+09:00,961.6781559334489,961.6781559334489,957.8275927465282,960.7155151367188,5100,0.0,0.0
2019-11-29 00:00:00+09:00,960.715614856129,960.715614856129,953.977128579583,956.8650512695312,4400,0.0,0.0
2019-12-02 00:00:00+09:00,961.6782725495823,962.6409134630454,955.9024270688041,959.7529907226562,4300,0.0,0.0
2019-12-03 00:00:00+09:00,959.7528899838227,959.7528899838227,944.3506369850853,953.014404296875,3800,0.0,0.0
2019-12-04 00:00:00+09:00,960.7155817927302,961.67822265625,955.9023774751314,961.67822265625,2000,0.0,0.0
2019-12-05 00:00:00+09:00,961.67822265625,961.67822265625,949.163891430493,961.67822265625,3400,0.0,0.0
2019-12-06 00:00:00+09:00,961.67822265625,961.67822265625,955.9023774751314,961.67822265625,2500,0.0,0.0
2019-12-09 00:00:00+09:00,961.67822265625,963.6035043832895,961.67822265625,961.67822265625,6700,0.0,0.0
2019-12-10 00:00:00+09:00,968.4166870117188,972.2672503795586,967.4540461697588,968.4166870117188,2800,0.0,0.0
2019-12-11 00:00:00+09:00,969.3793120675773,978.0430795041297,969.3793120675773,976.1177978515625,6200,0.0,0.0
2019-12-12 00:00:00+09:00,976.1178371866582,988.632168432641,976.1178371866582,982.8563232421875,1900,0.0,0.0
2019-12-13 00:00:00+09:00,994.4079928209967,1008.8476054950673,981.8936618368022,1000.183837890625,9600,0.0,0.0
2019-12-16 00:00:00+09:00,1000.1839266956081,1005.9597722780659,1000.1839266956081,1004.9971313476562,2100,0.0,0.0
2019-12-17 00:00:00+09:00,1004.996992215643,1004.996992215643,999.2211474327945,1002.1090698242188,5900,0.0,0.0
2019-12-18 00:00:00+09:00,991.5200365478279,1004.9970079183809,981.8936284260044,994.407958984375,2500,0.0,0.0
2019-12-19 00:00:00+09:00,994.4079928209967,1003.0717604254392,988.6321477513685,1000.183837890625,1000,0.0,0.0
2019-12-20 00:00:00+09:00,1002.1090657010064,1012.6981144259931,1000.1837841146453,1011.7354736328125,5900,0.0,0.0
2019-12-23 00:00:00+09:00,1017.5113918906764,1026.1751596551192,1015.5861101652446,1024.2498779296875,7800,0.0,0.0
2019-12-24 00:00:00+09:00,1006.9223360126916,1012.6981811523438,1006.9223360126916,1012.6981811523438,3000,0.0,0.0
2019-12-25 00:00:00+09:00,1005.9596886268029,1025.2125056340144,998.2585618239183,1001.146484375,2200,0.0,0.0
2019-12-26 00:00:00+09:00,991.5200169760199,1021.3618815646186,991.5200169760199,1011.7354736328125,2600,0.0,0.0
2019-12-27 00:00:00+09:00,1011.7356848319752,1011.7356848319752,998.2587109141373,1005.9598388671875,2000,0.0,0.0
2019-12-30 00:00:00+09:00,1003.0717765149506,1003.0717765149506,992.4827270507812,992.4827270507812,2200,0.0,0.0
2020-01-06 00:00:00+09:00,991.5200861904023,997.2959313526765,991.5200861904023,992.4827270507812,4000,0.0,0.0
2020-01-07 00:00:00+09:00,1008.8476216772248,1008.8476216772248,992.4827270507812,992.4827270507812,1900,0.0,0.0
2020-01-08 00:00:00+09:00,992.4826489162816,992.4826489162816,974.192474008998,989.5947265625,4000,0.0,0.0
2020-01-09 00:00:00+09:00,1009.8103189709117,1009.8103189709117,991.5201416015625,991.5201416015625,2300,0.0,0.0
2020-01-10 00:00:00+09:00,998.2585335994112,998.2585335994112,991.5200478374094,996.333251953125,700,0.0,0.0
2020-01-14 00:00:00+09:00,992.4827375617278,996.3333010440236,980.9310471148407,983.8189697265625,1900,0.0,0.0
2020-01-15 00:00:00+09:00,1000.1838038574691,1000.1838038574691,991.5200365478279,994.407958984375,1900,0.0,0.0
2020-01-16 00:00:00+09:00,994.4080643440914,994.4080643440914,991.5201416015625,991.5201416015625,2800,0.0,0.0
2020-01-17 00:00:00+09:00,991.52015272037,1001.1465619700823,979.9684616207152,993.4454345703125,4900,0.0,0.0
2020-01-20 00:00:00+09:00,993.4454234299151,995.3707052582677,991.5201416015625,991.5201416015625,900,0.0,0.0
2020-01-21 00:00:00+09:00,991.52015272037,998.2586391951686,991.52015272037,993.4454345703125,700,0.0,0.0
2020-01-22 00:00:00+09:00,990.55745582058,997.2959419145976,983.8189697265625,983.8189697265625,3800,0.0,0.0
2020-01-23 00:00:00+09:00,991.5201416015625,997.2959870866201,989.5948597732099,991.5201416015625,1700,0.0,0.0
2020-01-24 00:00:00+09:00,997.2959475997372,997.2959475997372,975.1552074503223,984.7816162109375,3600,0.0,0.0
2020-01-27 00:00:00+09:00,984.7816098719748,991.5200959610303,962.6408698650779,973.2299194335938,6600,0.0,0.0
2020-01-28 00:00:00+09:00,986.7068867024899,1010.7729083293799,979.9684006469606,982.8563232421875,10700,0.0,0.0
2020-01-29 00:00:00+09:00,991.5200959610303,995.3706594404906,973.2299194335938,973.2299194335938,6100,0.0,0.0
2020-01-30 00:00:00+09:00,991.520114669144,1007.885009765625,963.6035289163235,1007.885009765625,14200,0.0,0.0
2020-01-31 00:00:00+09:00,992.4826886605525,998.2585335994112,982.8562804291214,996.333251953125,5900,0.0,0.0
2020-02-03 00:00:00+09:00,963.6035658962043,1006.9224075199097,963.6035658962043,993.4454345703125,3800,0.0,0.0
2020-02-04 00:00:00+09:00,964.5661905805848,991.5201360259505,964.5661905805848,990.5574951171875,1100,0.0,0.0
2020-02-05 00:00:00+09:00,990.5575006873862,1006.9223962283829,986.7069370306812,991.5201416015625,3300,0.0,0.0
2020-02-06 00:00:00+09:00,1006.9223112883391,1006.9223112883391,979.0057271321614,987.6694946289062,5700,0.0,0.0
2020-02-07 00:00:00+09:00,989.5949419669557,1006.9224798613188,989.5949419669557,1005.9598388671875,1300,0.0,0.0
2020-02-10 00:00:00+09:00,1004.0344165278416,1004.0344165278416,973.2299090217141,981.8936767578125,2200,0.0,0.0
2020-02-12 00:00:00+09:00,974.1926160708878,1000.1839210451111,965.5288477461467,993.4454345703125,1500,0.0,0.0
2020-02-13 00:00:00+09:00,981.8936496310764,1003.0717479564526,971.3046004683882,987.6694946289062,2300,0.0,0.0
2020-02-14 00:00:00+09:00,966.4913573260396,980.9309692382812,966.4913573260396,980.9309692382812,3100,0.0,0.0
2020-02-17 00:00:00+09:00,980.9310471148407,996.3333010440236,980.9310471148407,983.8189697265625,1700,0.0,0.0
2020-02-18 00:00:00+09:00,983.8189278071501,983.8189278071501,955.90234375,955.90234375,3300,0.0,0.0
2020-02-19 00:00:00+09:00,991.5200544436053,991.5200544436053,955.90234375,955.90234375,1400,0.0,0.0
2020-02-20 00:00:00+09:00,955.9023596749088,957.8276413660969,948.2012329101562,948.2012329101562,2500,0.0,0.0
2020-02-21 00:00:00+09:00,951.0891497852357,951.0891497852357,939.5374597068725,947.2385864257812,1300,0.0,0.0
2020-02-25 00:00:00+09:00,906.8076588538117,906.8076588538117,882.7416381835938,882.7416381835938,5100,0.0,0.0
2020-02-26 00:00:00+09:00,897.1812574635024,914.508792478892,887.5548491216194,894.2933349609375,6700,0.0,0.0
2020-02-27 00:00:00+09:00,901.0318349598513,904.8823983571156,864.4514826858402,865.4141235351562,8500,0.0,0.0
2020-02-28 00:00:00+09:00,850.9745644982839,857.7130508687455,832.6843872070312,832.6843872070312,5100,0.0,0.0
2020-03-02 00:00:00+09:00,818.2447175381601,882.7416540970503,813.4315133173474,875.04052734375,9400,0.0,0.0
2020-03-03 00:00:00+09:00,875.0405648772606,903.9197914408666,850.0119018554688,850.0119018554688,7700,0.0,0.0
2020-03-04 00:00:00+09:00,853.8624371157149,853.8624371157149,845.1986694335938,845.1986694335938,1600,0.0,0.0
2020-03-05 00:00:00+09:00,853.8624548120883,861.563581800247,853.8624548120883,858.6756591796875,6200,0.0,0.0
2020-03-06 00:00:00+09:00,844.2360105161314,854.8250596788195,831.7216796875,831.7216796875,3800,0.0,0.0
2020-03-09 00:00:00+09:00,827.8711702277861,827.8711702277861,798.991943359375,798.991943359375,4700,0.0,0.0
2020-03-10 00:00:00+09:00,798.9919545100286,842.3107954171988,794.1787499647875,800.917236328125,1300,0.0,0.0
2020-03-11 00:00:00+09:00,811.5062871855807,854.8251281385477,811.5062871855807,832.6843872070312,2600,0.0,0.0
2020-03-12 00:00:00+09:00,815.3568317928574,815.3568317928574,776.8511962890625,776.8511962890625,5800,0.0,0.0
2020-03-13 00:00:00+09:00,683.475013348696,707.5410349454811,639.1935336106116,669.035400390625,19000,0.0,0.0
2020-03-16 00:00:00+09:00,693.1013907223858,714.2794887722364,693.1013907223858,695.0266723632812,4000,0.0,0.0
2020-03-17 00:00:00+09:00,695.0266892847521,719.0927103818697,669.99802734375,697.9146118164062,9000,0.0,0.0
2020-03-18 00:00:00+09:00,671.9232690533283,715.2421044507493,671.9232690533283,680.5870361328125,46200,0.0,0.0
2020-03-19 00:00:00+09:00,709.4663304159086,709.4663304159086,690.2135127655447,702.7278442382812,6600,0.0,0.0
2020-03-23 00:00:00+09:00,710.4289466649565,753.7477848762343,710.4289466649565,740.2708129882812,16900,0.0,0.0
2020-03-24 00:00:00+09:00,796.103982317076,802.8424682617188,769.1500385385051,802.8424682617188,8500,0.0,0.0
2020-03-25 00:00:00+09:00,831.7217627245509,831.7217627245509,779.7391525542664,803.80517578125,51000,0.0,0.0
2020-03-26 00:00:00+09:00,832.6843413224457,832.6843413224457,798.9919113267398,814.3941650390625,9200,0.0,0.0
2020-03-27 00:00:00+09:00,829.7964710148616,899.1066170857085,818.2447800030537,886.59228515625,16900,0.0,0.0
2020-03-30 00:00:00+09:00,885.6190175858756,885.6190175858756,792.1910772691239,858.3692016601562,9300,10.0,0.0
2020-03-31 00:00:00+09:00,842.7978838372594,843.7710915553163,810.6820291413824,828.1997680664062,6400,0.0,0.0
2020-04-01 00:00:00+09:00,813.6016911647472,878.8066113896731,810.6820678710938,810.6820678710938,10000,0.0,0.0
2020-04-02 00:00:00+09:00,790.2446831941908,790.2446831941908,751.3163736772356,765.9144897460938,3900,0.0,0.0
2020-04-03 00:00:00+09:00,746.4503142485747,746.4503142485747,687.0846438846072,720.1737060546875,4400,0.0,0.0
2020-04-06 00:00:00+09:00,734.7718400519511,777.5929803993496,734.7718400519511,766.8876953125,6800,0.0,0.0
2020-04-07 00:00:00+09:00,738.6646367495822,788.2982289422418,738.6646367495822,755.2091674804688,5300,0.0,0.0
2020-04-08 00:00:00+09:00,755.2091785840395,861.288818359375,755.2091785840395,861.288818359375,4500,0.0,0.0
2020-04-09 00:00:00+09:00,802.8963800012713,826.2533656013082,802.8963800012713,822.3605346679688,7500,0.0,0.0
2020-04-10 00:00:00+09:00,817.494462176067,843.7710698888692,810.6820083245998,837.9318237304688,3100,0.0,0.0
2020-04-13 00:00:00+09:00,836.9586775139744,837.9318852785256,810.6820678710938,810.6820678710938,1800,0.0,0.0
2020-04-14 00:00:00+09:00,821.3873086181087,861.2888247950548,807.7624006552492,858.3692016601562,4500,0.0,0.0
2020-04-15 00:00:00+09:00,858.3691595018524,859.3423671656867,835.9853832336635,849.6102905273438,4900,0.0,0.0
2020-04-16 00:00:00+09:00,849.6103646565474,851.5567801540424,835.9854561740827,843.7711181640625,6100,0.0,0.0
2020-04-17 00:00:00+09:00,848.637080770881,875.8868952910469,848.637080770881,850.58349609375,4300,0.0,0.0
2020-04-20 00:00:00+09:00,853.503193446568,872.9673483712332,844.7443237304688,844.7443237304688,4700,0.0,0.0
2020-04-21 00:00:00+09:00,844.744250125143,868.1012339995709,844.744250125143,850.58349609375,2700,0.0,0.0
2020-04-22 00:00:00+09:00,840.8514776785714,853.5031781529018,840.8514776785714,851.5567626953125,1800,0.0,0.0
2020-04-23 00:00:00+09:00,857.3959706681305,869.074462890625,857.3959706681305,869.074462890625,1500,0.0,0.0
2020-04-24 00:00:00+09:00,865.1816972760373,867.1281127929688,858.3692429667772,867.1281127929688,2000,0.0,0.0
2020-04-27 00:00:00+09:00,869.0745110866707,902.16357421875,869.0745110866707,902.16357421875,5500,0.0,0.0
2020-04-28 00:00:00+09:00,902.16357421875,934.2794296116505,898.2707432620348,902.16357421875,3800,0.0,0.0
2020-04-30 00:00:00+09:00,916.7616734965196,937.1990356445312,887.5654418565031,937.1990356445312,8000,0.0,0.0
2020-05-01 00:00:00+09:00,929.4133535482115,929.4133535482115,910.9224072472524,918.7080688476562,2900,0.0,0.0
2020-05-07 00:00:00+09:00,933.3061692872634,933.3061692872634,909.9491848629731,925.5205078125,2200,0.0,0.0
2020-05-08 00:00:00+09:00,921.6277066083022,975.154130962533,909.9492140219246,967.3684692382812,18000,0.0,0.0
2020-05-11 00:00:00+09:00,952.7703513907428,969.314882518059,938.1722356901696,968.3416748046875,4000,0.0,0.0
2020-05-12 00:00:00+09:00,963.4755838434584,969.314829806146,961.5291685225625,964.4487915039062,2100,0.0,0.0
2020-05-13 00:00:00+09:00,956.6631822442289,969.314882518059,954.7167668174859,968.3416748046875,2600,0.0,0.0
2020-05-14 00:00:00+09:00,974.1809103393555,974.1809103393555,958.609587097168,973.2077026367188,1600,0.0,0.0
2020-05-15 00:00:00+09:00,979.0469596517745,979.0469596517745,958.609597670972,968.3416748046875,2600,0.0,0.0
2020-05-18 00:00:00+09:00,968.3416705193706,970.2880859375,925.5205313205241,970.2880859375,6000,0.0,0.0
2020-05-19 00:00:00+09:00,972.2344906744129,978.0737368646496,944.9846751199749,975.1541137695312,4300,0.0,0.0
2020-05-20 00:00:00+09:00,975.1541052755731,979.0469360351562,953.7435360978659,979.0469360351562,2500,0.0,0.0
2020-05-21 00:00:00+09:00,974.1808725293353,990.7254028320312,968.3416265401484,990.7254028320312,2100,0.0,0.0
2020-05-22 00:00:00+09:00,978.0737198933517,989.7522120711827,953.7435278562036,982.9397583007812,800,0.0,0.0
2020-05-25 00:00:00+09:00,973.2076752221125,985.859375,973.2076752221125,985.859375,1200,0.0,0.0
2020-05-26 00:00:00+09:00,986.8326394367688,988.7790548991687,972.2345234687692,987.8058471679688,2900,0.0,0.0
2020-05-27 00:00:00+09:00,987.8058073888371,987.8058073888371,937.1990074043844,978.07373046875,6800,0.0,0.0
2020-05-28 00:00:00+09:00,978.0737340173056,1020.8948726210483,956.6631647154342,1004.350341796875,3900,0.0,0.0
2020-05-29 00:00:00+09:00,1003.3771304609764,1003.3771304609764,973.2076920087065,978.07373046875,3800,0.0,0.0
2020-06-01 00:00:00+09:00,981.9666181335147,982.9398258819126,963.4756709139539,980.0202026367188,1200,0.0,0.0
2020-06-02 00:00:00+09:00,976.1273374137991,996.5646994134897,976.1273374137991,995.5914916992188,1900,0.0,0.0
2020-06-03 00:00:00+09:00,995.591483141222,999.4843139648438,985.8594060821681,999.4843139648438,2700,0.0,0.0
2020-06-04 00:00:00+09:00,1000.4575152647149,1002.4039306640625,987.8058151689548,1002.4039306640625,2500,0.0,0.0
2020-06-05 00:00:00+09:00,1002.403928532864,1003.3771362304688,991.6986438592121,1003.3771362304688,3900,0.0,0.0
2020-06-08 00:00:00+09:00,1003.3771534133866,1003.3771534133866,992.6718685564058,995.5914916992188,2100,0.0,0.0
2020-06-09 00:00:00+09:00,951.7971290085843,980.993359959768,951.7971290085843,975.1541137695312,2600,0.0,0.0
2020-06-10 00:00:00+09:00,973.2077112159576,979.0469574832533,965.42204952623,969.3148803710938,2500,0.0,0.0
2020-06-11 00:00:00+09:00,963.4756491326467,964.4488568590433,962.50244140625,962.50244140625,1500,0.0,0.0
2020-06-12 00:00:00+09:00,977.1005249023438,997.5378864789864,965.4220325728337,977.1005249023438,7000,0.0,0.0
2020-06-15 00:00:00+09:00,991.6986274341546,991.6986274341546,977.1005122118657,982.9397583007812,1200,0.0,0.0
2020-06-16 00:00:00+09:00,982.9398063599594,988.779052734375,980.0201831727517,988.779052734375,5900,0.0,0.0
2020-06-17 00:00:00+09:00,991.6986231747353,991.6986231747353,979.0469233697582,984.8861694335938,1300,0.0,0.0
2020-06-18 00:00:00+09:00,984.8861694335938,984.8861694335938,984.8861694335938,984.8861694335938,800,0.0,0.0
2020-06-19 00:00:00+09:00,981.9666159493582,981.9666159493582,978.0737849644252,980.993408203125,47200,0.0,0.0
2020-06-22 00:00:00+09:00,979.0469381607587,984.886184312811,978.07373046875,978.07373046875,2100,0.0,0.0
2020-06-23 00:00:00+09:00,978.0737871399228,981.9666181335147,978.0737871399228,980.0202026367188,900,0.0,0.0
2020-06-24 00:00:00+09:00,980.0201479847212,980.0201479847212,977.1005249023438,977.1005249023438,500,0.0,0.0
2020-06-25 00:00:00+09:00,973.2076604479378,980.9933217315212,964.4487915039062,964.4487915039062,2800,0.0,0.0
2020-06-26 00:00:00+09:00,973.2077026367188,977.1005334472657,970.2880795288086,973.2077026367188,4000,0.0,0.0
2020-06-29 00:00:00+09:00,965.422041015625,973.2077026367188,955.6899639892578,973.2077026367188,3100,0.0,0.0
2020-06-30 00:00:00+09:00,978.0737325964697,980.0201479847212,975.154109514092,977.1005249023438,2800,0.0,0.0
2020-07-01 00:00:00+09:00,982.9398215136041,995.5915221865515,977.1005750491669,981.9666137695312,3100,0.0,0.0
2020-07-02 00:00:00+09:00,981.966613707314,987.8058601713813,954.716796875,954.716796875,6200,0.0,0.0
2020-07-03 00:00:00+09:00,960.5560476687601,980.0202026367188,957.6364244235663,980.0202026367188,2300,0.0,0.0
2020-07-06 00:00:00+09:00,982.9397766705856,1003.3771383637364,982.9397766705856,1002.4039306640625,1700,0.0,0.0
2020-07-07 00:00:00+09:00,1002.4039960928001,1002.4039960928001,992.6719184608312,1000.4575805664062,5600,0.0,0.0
2020-07-08 00:00:00+09:00,971.2613005582143,981.9665854341065,911.8956298828125,911.8956298828125,19600,0.0,0.0
2020-07-09 00:00:00+09:00,913.8420159925349,918.7080544163503,885.6189931344055,897.2974853515625,5900,0.0,0.0
2020-07-10 00:00:00+09:00,897.2974684161695,897.2974684161695,876.860107421875,876.860107421875,3900,0.0,0.0
2020-07-13 00:00:00+09:00,878.8065490722656,920.6544799804688,878.8065490722656,920.6544799804688,3500,0.0,0.0
2020-07-14 00:00:00+09:00,910.9224051339286,919.6812744140625,910.9224051339286,919.6812744140625,2400,0.0,0.0
2020-07-15 00:00:00+09:00,919.6812722849292,920.6544799804688,910.9224030250726,920.6544799804688,1400,0.0,0.0
2020-07-16 00:00:00+09:00,920.6545124320287,920.6545124320287,903.1367732948443,906.056396484375,3600,0.0,0.0
2020-07-17 00:00:00+09:00,903.1367819579287,908.0028206538228,899.2439510012135,902.16357421875,1000,0.0,0.0
2020-07-20 00:00:00+09:00,902.1635463633436,914.8152465820312,899.2439232359541,914.8152465820312,600,0.0,0.0
2020-07-21 00:00:00+09:00,914.815233807231,920.6544799804688,910.9224030250726,920.6544799804688,2000,0.0,0.0
2020-07-22 00:00:00+09:00,914.8152770336967,914.8152770336967,901.1903686523438,901.1903686523438,4000,0.0,0.0
2020-07-27 00:00:00+09:00,913.8420261116914,920.6544799804688,883.6725875499636,920.6544799804688,4600,0.0,0.0
2020-07-28 00:00:00+09:00,919.6812744140625,919.6812744140625,916.7616513206845,919.6812744140625,1000,0.0,0.0
2020-07-29 00:00:00+09:00,891.4582720588236,913.842049632353,891.4582720588236,909.94921875,1600,0.0,0.0
2020-07-30 00:00:00+09:00,880.7529401991102,880.7529401991102,858.3691638183593,875.8869018554688,2000,0.0,0.0
2020-07-31 00:00:00+09:00,879.7797603843715,879.7797603843715,863.2352294921875,863.2352294921875,1000,0.0,0.0
2020-08-03 00:00:00+09:00,865.1816534164104,914.8152465820312,865.1816534164104,914.8152465820312,600,0.0,0.0
2020-08-04 00:00:00+09:00,914.8152444415847,915.7884521484375,912.8688290278792,915.7884521484375,900,0.0,0.0
2020-08-05 00:00:00+09:00,901.1902950434214,907.029541015625,901.1902950434214,907.029541015625,1700,0.0,0.0
2020-08-06 00:00:00+09:00,880.7530037579733,880.7530037579733,872.9673418463007,874.9137573242188,3300,0.0,0.0
2020-08-07 00:00:00+09:00,874.9137218866703,874.9137218866703,860.3156063935668,863.2352294921875,900,0.0,0.0
2020-08-11 00:00:00+09:00,864.2084594052141,880.7529907226562,864.2084594052141,880.7529907226562,3200,0.0,0.0
2020-08-12 00:00:00+09:00,880.7529976137223,905.0831909179688,880.7529976137223,905.0831909179688,5000,0.0,0.0
2020-08-13 00:00:00+09:00,905.0831822920152,911.8956363522776,905.0831822920152,908.9760131835938,3100,0.0,0.0
2020-08-14 00:00:00+09:00,909.9491895592731,910.9223972486413,895.35107421875,895.35107421875,3000,0.0,0.0
2020-08-17 00:00:00+09:00,895.3510657636634,899.243896484375,892.4314427231297,899.243896484375,3100,0.0,0.0
2020-08-18 00:00:00+09:00,898.2706930363256,903.1367314601409,894.3778622972733,897.2974853515625,2000,0.0,0.0
2020-08-19 00:00:00+09:00,897.2974895974864,902.1635280443274,895.35107421875,895.35107421875,800,0.0,0.0
2020-08-20 00:00:00+09:00,904.109954200286,904.109954200286,890.4850463867188,890.4850463867188,1000,0.0,0.0
2020-08-21 00:00:00+09:00,900.217121240874,900.217121240874,891.458251953125,891.458251953125,800,0.0,0.0
2020-08-24 00:00:00+09:00,901.1903160906148,905.0831468296672,894.3778622972733,897.2974853515625,1600,0.0,0.0
2020-08-25 00:00:00+09:00,909.9492295788181,909.9492295788181,901.1903599892894,905.0831909179688,3100,0.0,0.0
2020-08-26 00:00:00+09:00,905.0831930860637,905.0831930860637,902.1635698825602,904.1099853515625,600,0.0,0.0
2020-08-27 00:00:00+09:00,900.2171522571194,905.0831909179688,900.2171522571194,905.0831909179688,800,0.0,0.0
2020-08-28 00:00:00+09:00,908.9759647764009,908.9759647764009,900.2170957367996,903.13671875,2000,0.0,0.0
2020-08-31 00:00:00+09:00,892.4315054615554,901.1903751989098,892.4315054615554,898.270751953125,900,0.0,0.0
2020-09-01 00:00:00+09:00,902.1635174065667,903.1367250844594,900.2171020507812,900.2171020507812,1300,0.0,0.0
2020-09-02 00:00:00+09:00,908.9759818699049,908.9759818699049,894.3778665293818,895.35107421875,2500,0.0,0.0
2020-09-03 00:00:00+09:00,908.9760460588956,908.9760460588956,894.3779296875,894.3779296875,1000,0.0,0.0
2020-09-04 00:00:00+09:00,898.2706951592825,905.0831489687246,889.5118259757143,896.3242797851562,1800,0.0,0.0
2020-09-07 00:00:00+09:00,909.9492383260707,909.9492383260707,895.3511222031925,901.1903686523438,1800,0.0,0.0
2020-09-08 00:00:00+09:00,911.8956472275717,911.8956472275717,891.4582848030476,904.1099853515625,3300,0.0,0.0
2020-09-09 00:00:00+09:00,905.0831511124321,905.0831511124321,895.35107421875,895.35107421875,5600,0.0,0.0
2020-09-10 00:00:00+09:00,902.1635569852941,911.8956341911766,899.2439338235295,909.94921875,4500,0.0,0.0
2020-09-11 00:00:00+09:00,911.8956792772431,954.716821100294,911.8956792772431,944.0115356445312,7900,0.0,0.0
2020-09-14 00:00:00+09:00,944.0114534339126,953.7435302734375,936.2257919622928,953.7435302734375,2300,0.0,0.0
2020-09-15 00:00:00+09:00,953.743597868155,954.7168056210817,944.0115203388882,950.823974609375,1700,0.0,0.0
2020-09-16 00:00:00+09:00,950.823942307503,990.7254588219428,950.823942307503,965.4220581054688,5400,0.0,0.0
2020-09-17 00:00:00+09:00,973.2077133715452,974.1809210849168,965.4220516645729,968.3416748046875,4000,0.0,0.0
2020-09-18 00:00:00+09:00,973.2076839524873,983.9129684759646,929.4133381746253,953.7435302734375,8300,0.0,0.0
2020-09-23 00:00:00+09:00,944.0114618520267,976.1273157088483,936.2258003109791,949.8507080078125,6000,0.0,0.0
2020-09-24 00:00:00+09:00,949.8507165477109,969.314870575328,939.1454318325216,945.9578857421875,3900,0.0,0.0
2020-09-25 00:00:00+09:00,954.7167400792622,976.1273091738022,952.7703247070312,952.7703247070312,5600,0.0,0.0
2020-09-28 00:00:00+09:00,967.3684692382812,967.3684692382812,950.8239380742463,967.3684692382812,9200,0.0,0.0
2020-09-29 00:00:00+09:00,970.3117705040673,1023.2913818359375,946.7652765787916,1023.2913818359375,8500,8.0,0.0
2020-09-30 00:00:00+09:00,1006.612606215762,1006.612606215762,977.1794890749502,985.0283203125,6700,0.0,0.0
2020-10-02 00:00:00+09:00,984.0472462972006,1003.6693249870749,957.5574400658701,1000.7260131835938,5200,0.0,0.0
2020-10-05 00:00:00+09:00,994.8393966319949,1018.3858912268349,993.8582926905432,1012.499267578125,4500,0.0,0.0
2020-10-06 00:00:00+09:00,1008.5748582688053,1008.5748582688053,990.914987209624,997.78271484375,1600,0.0,0.0
2020-10-07 00:00:00+09:00,995.8205117201667,1014.4614868164062,966.3873931471569,1014.4614868164062,1500,0.0,0.0
2020-10-08 00:00:00+09:00,985.0283219700988,1016.4236469731298,985.0283219700988,1011.5181274414062,4000,0.0,0.0
2020-10-09 00:00:00+09:00,1011.5181395142943,1011.5181395142943,965.406255365728,982.0850219726562,1100,0.0,0.0
2020-10-12 00:00:00+09:00,970.3117789721754,981.1039221154452,970.3117789721754,972.2739868164062,800,0.0,0.0
2020-10-13 00:00:00+09:00,972.2740095128966,982.0850489630772,972.2740095128966,976.1984252929688,800,0.0,0.0
2020-10-14 00:00:00+09:00,981.1039450180591,981.1039450180591,976.1984252929688,976.1984252929688,900,0.0,0.0
2020-10-15 00:00:00+09:00,971.2929142878606,971.2929142878606,955.5952510266427,956.5763549804688,1800,0.0,0.0
2020-10-16 00:00:00+09:00,956.5763549804688,966.3873945187299,956.5763549804688,956.5763549804688,3300,0.0,0.0
2020-10-19 00:00:00+09:00,956.5763281026018,975.2173027015242,956.5763281026018,962.4629516601562,1800,0.0,0.0
2020-10-20 00:00:00+09:00,973.2550948490061,973.2550948490061,962.4629516601562,962.4629516601562,600,0.0,0.0
2020-10-21 00:00:00+09:00,970.3117580685741,970.3117580685741,956.5763034548633,963.4440307617188,1300,0.0,0.0
2020-10-22 00:00:00+09:00,974.2361946606371,979.1417142712144,957.5574279846746,972.2739868164062,2300,0.0,0.0
2020-10-23 00:00:00+09:00,962.4629211109537,970.3117522718993,946.7652587890625,946.7652587890625,2000,0.0,0.0
2020-10-26 00:00:00+09:00,946.7653154422076,965.4062905649039,946.7653154422076,956.5763549804688,1100,0.0,0.0
2020-10-27 00:00:00+09:00,986.0094490697828,986.0094490697828,968.3495783401747,984.0472412109375,3400,0.0,0.0
2020-10-28 00:00:00+09:00,984.047212682285,984.047212682285,962.4629268607393,963.4440307617188,2300,0.0,0.0
2020-10-29 00:00:00+09:00,971.2928504165338,971.2928504165338,961.4818115234375,961.4818115234375,1100,0.0,0.0
2020-10-30 00:00:00+09:00,965.4062581042531,966.3873620250909,945.7841796875,945.7841796875,1400,0.0,0.0
2020-11-02 00:00:00+09:00,966.3873992427704,973.255126953125,960.5007754910378,973.255126953125,3400,0.0,0.0
2020-11-04 00:00:00+09:00,943.8219546393216,968.3495522131085,943.8219546393216,958.5385131835938,3200,0.0,0.0
2020-11-05 00:00:00+09:00,997.7827398379243,997.7827398379243,963.4441008071205,970.3118286132812,5500,0.0,0.0
2020-11-06 00:00:00+09:00,970.3118037676571,973.2551156092172,961.4818682429767,971.2929077148438,3700,0.0,0.0
2020-11-09 00:00:00+09:00,980.1228275643083,980.1228275643083,975.2173079068293,979.1417236328125,2500,0.0,0.0
2020-11-10 00:00:00+09:00,992.8771994476167,992.8771994476167,966.3873927429867,987.9716796875,5000,0.0,0.0
2020-11-11 00:00:00+09:00,989.9338627164326,989.9338627164326,984.047239152212,988.9527587890625,3200,0.0,0.0
2020-11-12 00:00:00+09:00,979.141737128023,984.0472568531133,972.2740095128966,976.1984252929688,3300,0.0,0.0
2020-11-13 00:00:00+09:00,976.1983991530411,979.1417109092815,950.689697265625,950.689697265625,2700,0.0,0.0
2020-11-16 00:00:00+09:00,969.3306407638007,970.3117446512135,966.3873291015625,966.3873291015625,3800,0.0,0.0
2020-11-17 00:00:00+09:00,966.3873444072055,966.3873444072055,957.5574092806423,958.5385131835938,4400,0.0,0.0
2020-11-18 00:00:00+09:00,952.6519278578253,954.6141357421875,951.6708239156443,954.6141357421875,800,0.0,0.0
2020-11-19 00:00:00+09:00,957.5574701891447,957.5574701891447,932.0487670898438,932.0487670898438,3600,0.0,0.0
2020-11-20 00:00:00+09:00,932.0487647221006,934.9920766106967,909.4833735761971,910.4644775390625,4800,0.0,0.0
2020-11-24 00:00:00+09:00,910.4644506156317,935.973152895811,910.4644506156317,916.35107421875,6900,0.0,0.0
2020-11-25 00:00:00+09:00,931.0676080224348,931.0676080224348,917.3321533203125,917.3321533203125,2900,0.0,0.0
2020-11-26 00:00:00+09:00,912.4266437907795,915.3699555449433,892.8045654296875,892.8045654296875,6100,0.0,0.0
2020-11-27 00:00:00+09:00,901.6344888890043,922.2376708984375,894.7667615525265,922.2376708984375,8100,0.0,0.0
2020-11-30 00:00:00+09:00,921.2565824320387,922.2376863536916,907.5211275288987,914.3888549804688,2300,0.0,0.0
2020-12-01 00:00:00+09:00,918.3132747890118,918.3132747890118,904.5778198242188,904.5778198242188,3500,0.0,0.0
2020-12-02 00:00:00+09:00,917.3321675618489,917.3321675618489,882.9935302734375,882.9935302734375,9300,0.0,0.0
2020-12-03 00:00:00+09:00,885.9368286132812,892.8045559668726,885.9368286132812,885.9368286132812,5600,0.0,0.0
2020-12-04 00:00:00+09:00,885.9368400110066,890.8423596123964,885.9368400110066,887.8990478515625,2200,0.0,0.0
2020-12-07 00:00:00+09:00,900.6533485757476,900.6533485757476,889.8612060546875,889.8612060546875,4200,0.0,0.0
2020-12-08 00:00:00+09:00,889.8612193554903,893.7856348763524,885.9368038346282,886.9179077148438,46800,0.0,0.0
2020-12-09 00:00:00+09:00,893.7856215168912,902.6155563068495,886.9178944580347,889.8612060546875,6000,0.0,0.0
2020-12-10 00:00:00+09:00,889.8612556921184,889.8612556921184,885.9368400110066,887.8990478515625,1700,0.0,0.0
2020-12-11 00:00:00+09:00,886.9179077148438,889.8612193554903,885.9368038346282,886.9179077148438,4400,0.0,0.0
2020-12-14 00:00:00+09:00,886.917962374184,907.5211451284515,886.917962374184,901.634521484375,9100,0.0,0.0
2020-12-15 00:00:00+09:00,894.7667732657967,901.6345006921789,892.8045654296875,892.8045654296875,2400,0.0,0.0
2020-12-16 00:00:00+09:00,892.8045654296875,896.7289811019059,892.8045654296875,892.8045654296875,2300,0.0,0.0
2020-12-17 00:00:00+09:00,894.7667938996192,901.634521484375,892.8045860182604,901.634521484375,2500,0.0,0.0
2020-12-18 00:00:00+09:00,901.6344833291365,907.5211067241037,901.6344833291365,905.5588989257812,4700,0.0,0.0
2020-12-21 00:00:00+09:00,905.5588874609799,908.5021991211997,897.7100563670602,903.5966796875,4300,0.0,0.0
2020-12-22 00:00:00+09:00,903.5966853463887,903.5966853463887,888.880126953125,888.880126953125,4200,0.0,0.0
2020-12-23 00:00:00+09:00,888.8801154752748,889.8612193554903,882.9934921939815,886.9179077148438,6900,0.0,0.0
2020-12-24 00:00:00+09:00,886.9179913356966,890.8424072265625,884.9557833902636,890.8424072265625,1800,0.0,0.0
2020-12-25 00:00:00+09:00,894.7667888632899,894.7667888632899,883.9746455765617,884.9557495117188,5600,0.0,0.0
2020-12-28 00:00:00+09:00,884.9557652142757,887.8990770719729,873.1825177834871,877.10693359375,6400,0.0,0.0
2020-12-29 00:00:00+09:00,884.9557381184895,884.9557381184895,877.1069067382812,882.9935302734375,3100,0.0,0.0
2020-12-30 00:00:00+09:00,882.9935302734375,883.9746341959635,878.0880106608073,882.9935302734375,6300,0.0,0.0
2021-01-04 00:00:00+09:00,890.84238892967,891.8234928822358,877.10693359375,877.10693359375,7400,0.0,0.0
2021-01-05 00:00:00+09:00,881.0312918408424,885.9368112831634,867.2958374023438,867.2958374023438,7100,0.0,0.0
2021-01-06 00:00:00+09:00,873.1824951171875,882.0124304610691,873.1824951171875,873.1824951171875,5900,0.0,0.0
2021-01-07 00:00:00+09:00,885.9368340533713,902.6156005859375,885.9368340533713,902.6156005859375,8700,0.0,0.0
2021-01-08 00:00:00+09:00,894.7667826046211,899.6723022460938,890.8423668914429,899.6723022460938,11200,0.0,0.0
2021-01-12 00:00:00+09:00,888.8801992811295,901.6345509264438,888.8801992811295,890.8424072265625,8900,0.0,0.0
2021-01-13 00:00:00+09:00,891.8234462364047,900.6533813476562,890.8423423351545,900.6533813476562,3200,0.0,0.0
2021-01-14 00:00:00+09:00,900.6533813476562,901.6344852489065,892.8045501376549,900.6533813476562,2800,0.0,0.0
2021-01-15 00:00:00+09:00,902.6156046102335,902.6156046102335,892.8045654296875,892.8045654296875,6100,0.0,0.0
2021-01-18 00:00:00+09:00,894.7667503104304,898.6911658819674,888.880126953125,888.880126953125,8100,0.0,0.0
2021-01-19 00:00:00+09:00,888.880128849889,888.880128849889,883.974609375,883.974609375,3800,0.0,0.0
2021-01-20 00:00:00+09:00,885.9368482686705,889.8612639863612,868.2769775390625,868.2769775390625,9800,0.0,0.0
2021-01-21 00:00:00+09:00,869.258056640625,872.2013683448257,868.2769527392247,869.258056640625,7300,0.0,0.0
2021-01-22 00:00:00+09:00,871.2202644434255,880.0501995560278,869.258056640625,869.258056640625,16800,0.0,0.0
2021-01-25 00:00:00+09:00,871.2202914151278,873.1824992786754,863.3714599609375,863.3714599609375,11400,0.0,0.0
2021-01-26 00:00:00+09:00,864.3525618213718,870.2391853979078,863.3714578919491,868.2769775390625,5100,0.0,0.0
2021-01-27 00:00:00+09:00,869.2580451792721,872.2013568446647,866.3147335138796,867.2958374023438,5800,0.0,0.0
2021-01-28 00:00:00+09:00,867.2958241218645,882.9934860969208,865.3336163749824,870.2391357421875,38300,0.0,0.0
2021-01-29 00:00:00+09:00,871.2202663876277,871.2202663876277,864.3525390625,864.3525390625,10000,0.0,0.0
2021-02-01 00:00:00+09:00,865.3336314959737,868.2769431677287,862.3903198242188,862.3903198242188,9900,0.0,0.0
2021-02-02 00:00:00+09:00,866.314756307516,872.2013797931843,866.314756307516,871.2202758789062,3300,0.0,0.0
2021-02-03 00:00:00+09:00,875.1447392216435,878.0880511248553,869.2581154152199,874.1636352539062,6400,0.0,0.0
2021-02-04 00:00:00+09:00,874.1635969961155,879.0691166201117,873.1824930713163,878.0880126953125,9300,0.0,0.0
2021-02-05 00:00:00+09:00,877.1069087705132,882.0124283945094,877.1069087705132,878.0880126953125,17700,0.0,0.0
2021-02-08 00:00:00+09:00,882.9935168903136,885.9368286132812,878.087997352034,885.9368286132812,18000,0.0,0.0
2021-02-09 00:00:00+09:00,886.9179500965589,887.899054023657,873.1824951171875,873.1824951171875,7300,0.0,0.0
2021-02-10 00:00:00+09:00,877.106887851827,886.9179268658296,869.258056640625,869.258056640625,10000,0.0,0.0
2021-02-12 00:00:00+09:00,887.8990498860677,887.8990498860677,874.1635949707031,882.9935302734375,24400,0.0,0.0
2021-02-15 00:00:00+09:00,879.0691145833333,884.9557381184895,879.0691145833333,882.9935302734375,11200,0.0,0.0
2021-02-16 00:00:00+09:00,882.9935282501727,890.8423596123964,882.9935282501727,887.8990478515625,8100,0.0,0.0
2021-02-17 00:00:00+09:00,887.8990498860677,888.8801538085937,882.9935302734375,882.9935302734375,8700,0.0,0.0
2021-02-18 00:00:00+09:00,882.9935437460806,883.9746476835763,880.0502319335938,880.0502319335938,5500,0.0,0.0
2021-02-19 00:00:00+09:00,876.1257589828336,878.0879667297157,870.2391357421875,870.2391357421875,18700,0.0,0.0
2021-02-22 00:00:00+09:00,870.2391739669229,876.1257974661355,866.3147583007812,866.3147583007812,14400,0.0,0.0
2021-02-24 00:00:00+09:00,869.258056640625,870.2391605420253,867.2958488378245,869.258056640625,5300,0.0,0.0
2021-02-25 00:00:00+09:00,871.2203028672407,874.1636147012516,865.3336791992188,865.3336791992188,8400,0.0,0.0
2021-02-26 00:00:00+09:00,864.3525390625,871.2202663876277,864.3525390625,864.3525390625,35100,0.0,0.0
2021-03-01 00:00:00+09:00,879.0691166201117,879.0691166201117,872.201389146517,878.0880126953125,10100,0.0,0.0
2021-03-02 00:00:00+09:00,878.0879878997803,880.0501956939697,877.1068840026855,879.069091796875,9100,0.0,0.0
2021-03-03 00:00:00+09:00,882.0124015850445,883.974609375,881.0312976900666,883.974609375,7100,0.0,0.0
2021-03-04 00:00:00+09:00,890.8423936929713,893.7857055664062,882.9935620304782,893.7857055664062,7900,0.0,0.0
2021-03-05 00:00:00+09:00,890.8424072265625,890.8424072265625,884.9557833902636,890.8424072265625,8800,0.0,0.0
2021-03-08 00:00:00+09:00,897.7100830078125,901.6344986712346,892.8045634285348,897.7100830078125,8100,0.0,0.0
2021-03-09 00:00:00+09:00,901.6344852489065,901.6344852489065,896.7289657426555,900.6533813476562,7200,0.0,0.0
2021-03-10 00:00:00+09:00,900.6533813476562,900.6533813476562,896.7289657426555,900.6533813476562,16600,0.0,0.0
2021-03-11 00:00:00+09:00,898.6912231445312,901.6345350107251,897.7101191891334,898.6912231445312,8600,0.0,0.0
2021-03-12 00:00:00+09:00,900.6534310553272,901.6345350107251,894.7668073229395,898.6912231445312,47300,0.0,0.0
2021-03-15 00:00:00+09:00,898.6912117922593,898.6912117922593,894.7667960202407,896.72900390625,30900,0.0,0.0
2021-03-16 00:00:00+09:00,901.6344852489065,902.6155891501566,896.7289657426555,900.6533813476562,22100,0.0,0.0
2021-03-17 00:00:00+09:00,898.6912231445312,900.6534310553272,896.7290152337354,898.6912231445312,53200,0.0,0.0
2021-03-18 00:00:00+09:00,905.5588989257812,907.5211067241037,902.6155872282976,905.5588989257812,48200,0.0,0.0
2021-03-19 00:00:00+09:00,934.9920065120775,969.3306426379146,915.3699287258848,961.4818115234375,74100,0.0,0.0
2021-03-22 00:00:00+09:00,964.4251800845368,974.236219556404,953.633036665483,971.2929077148438,30300,0.0,0.0
2021-03-23 00:00:00+09:00,971.2929208638967,971.2929208638967,915.3699951171875,915.3699951171875,23700,0.0,0.0
2021-03-24 00:00:00+09:00,915.3699568806488,923.2187882365387,913.4077490416764,919.2943725585938,16300,0.0,0.0
2021-03-25 00:00:00+09:00,925.1810146777035,943.8219895227473,924.1999107384906,933.0298461914062,23400,0.0,0.0
2021-03-26 00:00:00+09:00,933.0298194048173,946.7652741594624,933.0298194048173,938.9164428710938,21800,0.0,0.0
2021-03-29 00:00:00+09:00,941.8597701527924,943.8219780072774,925.18100338967,931.067626953125,121000,0.0,0.0
2021-03-30 00:00:00+09:00,929.0845233181067,929.0845233181067,904.2957153320312,904.2957153320312,60300,10.0,0.0
2021-03-31 00:00:00+09:00,908.2619110543867,910.2450156636758,895.3717310940078,901.321044921875,13800,0.0,0.0
2021-04-01 00:00:00+09:00,892.3970926806913,896.3633019814945,887.4393310546875,887.4393310546875,21500,0.0,0.0
2021-04-02 00:00:00+09:00,887.43929711616,906.278790574492,887.43929711616,893.3886108398438,17700,0.0,0.0
2021-04-05 00:00:00+09:00,898.3463632188705,906.2787814371386,897.354810941587,900.3294677734375,11000,0.0,0.0
2021-04-06 00:00:00+09:00,898.346406631896,900.3295112822975,883.4731217538845,887.4393310546875,9200,0.0,0.0
2021-04-07 00:00:00+09:00,887.439285903542,895.3717041015625,887.439285903542,895.3717041015625,8000,0.0,0.0
2021-04-08 00:00:00+09:00,892.3970791256481,894.3801837459273,884.4646606445312,884.4646606445312,10700,0.0,0.0
2021-04-09 00:00:00+09:00,882.4815378757502,901.3210313809628,882.4815378757502,898.3463745117188,7400,0.0,0.0
2021-04-12 00:00:00+09:00,906.2787814371386,907.2703337144221,900.3294677734375,900.3294677734375,7800,0.0,0.0
2021-04-13 00:00:00+09:00,901.3210470587733,912.2281224357221,901.3210470587733,906.27880859375,5200,0.0,0.0
2021-04-14 00:00:00+09:00,906.2787837250992,906.2787837250992,899.3379177665919,905.2872314453125,3000,0.0,0.0
2021-04-15 00:00:00+09:00,902.3125586746806,906.2787677238001,897.3547973632812,897.3547973632812,1800,0.0,0.0
2021-04-16 00:00:00+09:00,900.3294541501209,905.2872154615202,897.3547973632812,897.3547973632812,1900,0.0,0.0
2021-04-19 00:00:00+09:00,903.3041630125882,906.2788199709173,900.3295060542591,904.2957153320312,4400,0.0,0.0
2021-04-20 00:00:00+09:00,900.3294904590707,902.3125950636062,894.3801766454645,896.36328125,7200,0.0,0.0
2021-04-21 00:00:00+09:00,892.3970854400669,902.3126086116232,892.3970854400669,899.3379516601562,5300,0.0,0.0
2021-04-22 00:00:00+09:00,905.28726556309,905.28726556309,897.3548470258451,899.3379516601562,3200,0.0,0.0
2021-04-23 00:00:00+09:00,897.3547973632812,899.337901887841,897.3547973632812,897.3547973632812,1500,0.0,0.0
2021-04-26 00:00:00+09:00,901.3210313809628,901.3210313809628,895.3717176424746,898.3463745117188,4100,0.0,0.0
2021-04-27 00:00:00+09:00,898.3463722762469,901.3210291380888,893.3886108398438,893.3886108398438,3500,0.0,0.0
2021-04-28 00:00:00+09:00,895.3716994538687,895.3716994538687,885.4561767578125,885.4561767578125,7200,0.0,0.0
2021-04-30 00:00:00+09:00,900.3294790912148,900.3294790912148,892.3970607732305,898.3463745117188,9700,0.0,0.0
2021-05-06 00:00:00+09:00,901.3210291380888,904.2956859999307,893.3886108398438,893.3886108398438,10500,0.0,0.0
2021-05-07 00:00:00+09:00,894.3801497835727,951.8901815878379,894.3801497835727,917.1858520507812,53900,0.0,0.0
2021-05-10 00:00:00+09:00,917.1858747153019,920.1605316062704,910.2450086363752,913.2196655273438,9100,0.0,0.0
2021-05-11 00:00:00+09:00,911.2365337767887,912.2280860442281,907.2703247070312,907.2703247070312,8300,0.0,0.0
2021-05-12 00:00:00+09:00,906.2788020760916,906.2788020760916,887.4393083786673,891.405517578125,16000,0.0,0.0
2021-05-13 00:00:00+09:00,890.4139517375401,900.3294745853968,888.4308471679688,888.4308471679688,4600,0.0,0.0
2021-05-14 00:00:00+09:00,891.405528941415,895.3717381914324,889.4224243164062,889.4224243164062,4500,0.0,0.0
2021-05-17 00:00:00+09:00,896.363292617967,901.3210541921815,893.3886356734383,894.3801879882812,45400,0.0,0.0
2021-05-18 00:00:00+09:00,896.3632833986524,901.321044921875,896.3632833986524,901.321044921875,2100,0.0,0.0
2021-05-19 00:00:00+09:00,902.3126086116232,911.2365794660238,899.3379516601562,899.3379516601562,6200,0.0,0.0
2021-05-20 00:00:00+09:00,901.3210357932544,910.2450064446728,901.3210357932544,908.2619018554688,2800,0.0,0.0
2021-05-21 00:00:00+09:00,909.25342924191,914.2111905791069,907.2703247070312,907.2703247070312,2900,0.0,0.0
2021-05-24 00:00:00+09:00,915.2027519326903,915.2027519326903,893.3886018324529,900.3294677734375,6600,0.0,0.0
2021-05-25 00:00:00+09:00,900.3295112822975,900.3295112822975,887.4393310546875,887.4393310546875,7100,0.0,0.0
2021-05-26 00:00:00+09:00,887.4393310546875,893.3886450058922,887.4393310546875,887.4393310546875,6900,0.0,0.0
2021-05-27 00:00:00+09:00,887.43931757495,890.4139745053689,883.4731083343916,884.4646606445312,4900,0.0,0.0
2021-05-28 00:00:00+09:00,884.4646740790852,887.4393310546875,884.4646740790852,887.4393310546875,3900,0.0,0.0
2021-05-31 00:00:00+09:00,887.4393062036843,888.4308585011186,884.4646493113814,886.44775390625,4100,0.0,0.0
2021-06-01 00:00:00+09:00,889.422385836235,894.380147184263,885.4561767578125,885.4561767578125,2700,0.0,0.0
2021-06-02 00:00:00+09:00,884.4646606445312,887.43931757495,883.4731083343916,884.4646606445312,2800,0.0,0.0
2021-06-03 00:00:00+09:00,884.4646244882069,887.4392812970237,884.4646244882069,885.4561767578125,2500,0.0,0.0
2021-06-04 00:00:00+09:00,885.456226404286,888.4308833798883,884.4646740790852,887.4393310546875,3800,0.0,0.0
2021-06-07 00:00:00+09:00,887.4393310546875,889.422435705089,887.4393310546875,887.4393310546875,2400,0.0,0.0
2021-06-08 00:00:00+09:00,887.4393310546875,887.4393310546875,885.456226404286,887.4393310546875,2000,0.0,0.0
2021-06-09 00:00:00+09:00,894.3801973310929,894.3801973310929,886.4477787294868,887.4393310546875,2000,0.0,0.0
2021-06-10 00:00:00+09:00,895.3717381914324,895.3717381914324,887.4393196913976,889.4224243164062,3000,0.0,0.0
2021-06-11 00:00:00+09:00,897.3548428164411,897.3548428164411,889.4224243164062,889.4224243164062,5700,0.0,0.0
2021-06-14 00:00:00+09:00,892.3970449740743,897.3548063350414,890.4139404296875,890.4139404296875,2800,0.0,0.0
2021-06-15 00:00:00+09:00,891.405517578125,895.3717267775827,891.405517578125,891.405517578125,4000,0.0,0.0
2021-06-16 00:00:00+09:00,892.3970336914062,895.3716904703775,892.3970336914062,892.3970336914062,2100,0.0,0.0
2021-06-17 00:00:00+09:00,892.3970585525632,895.371715414405,892.3970585525632,893.3886108398438,1600,0.0,0.0
2021-06-18 00:00:00+09:00,894.3801382107205,899.3378995090061,892.3970336914062,892.3970336914062,3900,0.0,0.0
2021-06-21 00:00:00+09:00,892.3970906118329,892.3970906118329,882.4815673828125,882.4815673828125,9700,0.0,0.0
2021-06-22 00:00:00+09:00,889.4223994527543,889.4223994527543,885.4561903136116,888.4308471679688,2700,0.0,0.0
2021-06-23 00:00:00+09:00,888.4308494034407,893.3886108398438,888.4308494034407,893.3886108398438,1500,0.0,0.0
2021-06-24 00:00:00+09:00,892.3970812539194,894.380185878928,889.4224243164062,889.4224243164062,1800,0.0,0.0
2021-06-25 00:00:00+09:00,890.4139766289106,891.405528941415,888.4308720039019,889.4224243164062,2500,0.0,0.0
2021-06-28 00:00:00+09:00,888.430874099224,894.3801879882812,888.430874099224,894.3801879882812,3800,0.0,0.0
2021-06-29 00:00:00+09:00,889.4223769124349,892.3970336914062,886.4477201334635,892.3970336914062,3300,0.0,0.0
2021-06-30 00:00:00+09:00,892.3970926806913,892.3970926806913,887.4393310546875,887.4393310546875,1500,0.0,0.0
2021-07-01 00:00:00+09:00,890.4139766289106,891.405528941415,887.4393196913976,889.4224243164062,2600,0.0,0.0
2021-07-02 00:00:00+09:00,887.4393310546875,887.4393310546875,885.456226404286,887.4393310546875,3300,0.0,0.0
2021-07-05 00:00:00+09:00,890.4139880302898,894.3801973310929,887.4393310546875,887.4393310546875,3500,0.0,0.0
2021-07-06 00:00:00+09:00,961.8057342877888,969.7381527149046,927.1014036691572,954.8648681640625,92500,0.0,0.0
2021-07-07 00:00:00+09:00,941.9746635559408,941.9746635559408,926.1098271171039,927.1013793945312,14400,0.0,0.0
2021-07-08 00:00:00+09:00,927.1013676570012,934.0422335111178,902.3125610351562,902.3125610351562,15100,0.0,0.0
2021-07-09 00:00:00+09:00,895.3717465000298,917.1858975775499,894.3801941783244,909.2534790039062,10200,0.0,0.0
2021-07-12 00:00:00+09:00,910.2449791541467,919.1689495380108,897.3547997107872,902.3125610351562,22600,0.0,0.0
2021-07-13 00:00:00+09:00,902.3125836707109,902.3125836707109,890.4139561937344,898.3463745117188,19300,0.0,0.0
2021-07-14 00:00:00+09:00,897.3548543066952,898.346406631896,886.4477787294868,887.4393310546875,9800,0.0,0.0
2021-07-15 00:00:00+09:00,891.405517578125,894.3801744777184,890.4139652782605,891.405517578125,6000,0.0,0.0
2021-07-16 00:00:00+09:00,892.3970449740743,892.3970449740743,890.4139404296875,890.4139404296875,5500,0.0,0.0
2021-07-19 00:00:00+09:00,890.4139517375401,891.4055040223258,888.4308471679688,888.4308471679688,4300,0.0,0.0
2021-07-20 00:00:00+09:00,887.4393310546875,889.422435705089,887.4393310546875,887.4393310546875,3400,0.0,0.0
2021-07-21 00:00:00+09:00,888.4308358853007,893.3885972462678,888.4308358853007,890.4139404296875,1800,0.0,0.0
2021-07-26 00:00:00+09:00,898.3463609258201,898.3463609258201,893.3885995520574,895.3717041015625,2900,0.0,0.0
2021-07-27 00:00:00+09:00,895.3716928387215,897.3547973632812,893.3885883141618,897.3547973632812,1700,0.0,0.0
2021-07-28 00:00:00+09:00,897.3547973632812,897.3547973632812,894.3801405764417,897.3547973632812,1400,0.0,0.0
2021-07-29 00:00:00+09:00,898.3463722762469,898.3463722762469,890.4139539780019,893.3886108398438,3000,0.0,0.0
2021-07-30 00:00:00+09:00,893.3885859510633,895.3716904703775,892.3970336914062,892.3970336914062,1400,0.0,0.0
2021-08-02 00:00:00+09:00,892.397087498715,904.2957153320312,892.397087498715,904.2957153320312,4300,0.0,0.0
2021-08-03 00:00:00+09:00,900.3295018773385,900.3295018773385,894.3801879882812,894.3801879882812,1200,0.0,0.0
2021-08-04 00:00:00+09:00,894.38015182681,900.3294654753253,894.38015182681,895.3717041015625,1200,0.0,0.0
2021-08-05 00:00:00+09:00,893.3885859510633,896.3632427300347,891.4054814317491,892.3970336914062,2000,0.0,0.0
2021-08-06 00:00:00+09:00,902.3125836707109,902.3125836707109,893.3886130629785,898.3463745117188,1500,0.0,0.0
2021-08-10 00:00:00+09:00,895.371715414405,897.3548199889663,893.3886108398438,893.3886108398438,2200,0.0,0.0
2021-08-11 00:00:00+09:00,896.3632563763151,896.3632563763151,892.3970472773049,895.3717041015625,3100,0.0,0.0
2021-08-12 00:00:00+09:00,895.3717041015625,898.3463609258201,894.38015182681,895.3717041015625,1900,0.0,0.0
2021-08-13 00:00:00+09:00,897.3548470258451,900.3295039773119,894.3801900743781,899.3379516601562,2800,0.0,0.0
2021-08-16 00:00:00+09:00,899.3379132005728,899.3379132005728,893.3885995520574,895.3717041015625,5400,0.0,0.0
2021-08-17 00:00:00+09:00,892.3970833585955,897.3548449328099,892.3970833585955,894.3801879882812,3500,0.0,0.0
2021-08-18 00:00:00+09:00,896.3632586643034,901.321020050721,895.3717063870199,900.3294677734375,3200,0.0,0.0
2021-08-19 00:00:00+09:00,895.371715414405,898.3463722762469,893.3886108398438,893.3886108398438,2500,0.0,0.0
2021-08-20 00:00:00+09:00,895.3717403031242,895.3717403031242,889.4224264140669,894.3801879882812,4700,0.0,0.0
2021-08-23 00:00:00+09:00,896.3632474459135,902.3125610351562,891.4054861215445,902.3125610351562,4800,0.0,0.0
2021-08-24 00:00:00+09:00,902.3125972265195,902.3125972265195,895.3717310940078,901.321044921875,2600,0.0,0.0
2021-08-25 00:00:00+09:00,901.321020050721,901.321020050721,898.3463632188705,900.3294677734375,1600,0.0,0.0
2021-08-26 00:00:00+09:00,904.2957132459344,904.2957132459344,899.3379516601562,899.3379516601562,1600,0.0,0.0
2021-08-27 00:00:00+09:00,898.3463496255612,899.337901887841,897.3547973632812,897.3547973632812,1300,0.0,0.0
2021-08-30 00:00:00+09:00,898.3463880079414,901.321044921875,898.3463880079414,901.321044921875,1600,0.0,0.0
2021-08-31 00:00:00+09:00,901.3210064124007,901.3210064124007,897.3547973632812,897.3547973632812,1900,0.0,0.0
2021-09-01 00:00:00+09:00,897.3548222219707,900.3294790912148,897.3548222219707,898.3463745117188,1700,0.0,0.0
2021-09-02 00:00:00+09:00,898.3463698858964,941.9746704101562,898.3463698858964,941.9746704101562,8000,0.0,0.0
2021-09-03 00:00:00+09:00,928.0929499821865,928.0929499821865,910.2450086363752,913.2196655273438,16700,0.0,0.0
2021-09-06 00:00:00+09:00,918.1774043232687,919.168956595756,913.219642960832,917.1858520507812,3200,0.0,0.0
2021-09-07 00:00:00+09:00,918.1774043232687,920.1605088682433,914.2111952333194,917.1858520507812,6100,0.0,0.0
2021-09-08 00:00:00+09:00,917.1858790609685,923.1351928710938,917.1858790609685,923.1351928710938,7000,0.0,0.0
2021-09-09 00:00:00+09:00,923.1351567215162,924.126708984375,917.1858431443635,924.126708984375,4400,0.0,0.0
2021-09-10 00:00:00+09:00,918.1774335029797,928.0929565429688,918.1774335029797,928.0929565429688,8100,0.0,0.0
2021-09-13 00:00:00+09:00,928.0929699980031,931.067626953125,926.1098653612553,931.067626953125,3200,0.0,0.0
2021-09-14 00:00:00+09:00,929.0845152075735,942.9662475585938,928.0929628967863,942.9662475585938,10600,0.0,0.0
2021-09-15 00:00:00+09:00,941.9746839237113,944.9493408203125,937.016922429376,944.9493408203125,4700,0.0,0.0
2021-09-16 00:00:00+09:00,944.9493159446396,945.9408682174042,934.0422409442292,943.957763671875,10800,0.0,0.0
2021-09-17 00:00:00+09:00,946.9324340820312,947.9239863690282,942.9662249340437,946.9324340820312,7100,0.0,0.0
2021-09-21 00:00:00+09:00,942.9662090813093,946.9324181626188,939.0,939.0,5000,0.0,0.0
2021-09-22 00:00:00+09:00,935.0338248274151,936.0253771337008,933.0507202148438,933.0507202148438,3300,0.0,0.0
2021-09-24 00:00:00+09:00,935.0338290722965,943.957799869381,934.0422767615094,942.9662475585938,5300,0.0,0.0
2021-09-27 00:00:00+09:00,939.9915793259772,944.9493408203125,939.0000270271101,944.9493408203125,3900,0.0,0.0
2021-09-28 00:00:00+09:00,940.9831045406547,940.9831045406547,933.0506863780358,939.0,7900,0.0,0.0
2021-09-29 00:00:00+09:00,924.0,935.0,923.0,923.0,5800,8.0,0.0
2021-09-30 00:00:00+09:00,941.0,941.0,931.0,934.0,2700,0.0,0.0
2021-10-01 00:00:00+09:00,923.0,935.0,920.0,920.0,4100,0.0,0.0
2021-10-04 00:00:00+09:00,939.0,939.0,930.0,934.0,2100,0.0,0.0
2021-10-05 00:00:00+09:00,935.0,935.0,923.0,928.0,2900,0.0,0.0
2021-10-06 00:00:00+09:00,928.0,928.0,919.0,919.0,3000,0.0,0.0
2021-10-07 00:00:00+09:00,921.0,923.0,920.0,920.0,1900,0.0,0.0
2021-10-08 00:00:00+09:00,920.0,927.0,917.0,919.0,3000,0.0,0.0
2021-10-11 00:00:00+09:00,919.0,932.0,919.0,926.0,1500,0.0,0.0
2021-10-12 00:00:00+09:00,924.0,924.0,916.0,917.0,4000,0.0,0.0
2021-10-13 00:00:00+09:00,922.0,922.0,912.0,919.0,4500,0.0,0.0
2021-10-14 00:00:00+09:00,912.0,917.0,910.0,917.0,3500,0.0,0.0
2021-10-15 00:00:00+09:00,924.0,925.0,900.0,911.0,10400,0.0,0.0
2021-10-18 00:00:00+09:00,912.0,922.0,912.0,917.0,3700,0.0,0.0
2021-10-19 00:00:00+09:00,923.0,930.0,922.0,925.0,1500,0.0,0.0
2021-10-20 00:00:00+09:00,926.0,928.0,921.0,921.0,4300,0.0,0.0
2021-10-21 00:00:00+09:00,924.0,930.0,918.0,919.0,2100,0.0,0.0
2021-10-22 00:00:00+09:00,918.0,920.0,901.0,901.0,8000,0.0,0.0
2021-10-25 00:00:00+09:00,902.0,910.0,902.0,904.0,5000,0.0,0.0
2021-10-26 00:00:00+09:00,910.0,918.0,900.0,900.0,7200,0.0,0.0
2021-10-27 00:00:00+09:00,900.0,906.0,900.0,900.0,3700,0.0,0.0
2021-10-28 00:00:00+09:00,900.0,948.0,900.0,947.0,49300,0.0,0.0
2021-10-29 00:00:00+09:00,938.0,945.0,921.0,944.0,11500,0.0,0.0
2021-11-01 00:00:00+09:00,915.0,938.0,915.0,938.0,12600,0.0,0.0
2021-11-02 00:00:00+09:00,927.0,941.0,927.0,941.0,5600,0.0,0.0
2021-11-04 00:00:00+09:00,938.0,944.0,923.0,944.0,8400,0.0,0.0
2021-11-05 00:00:00+09:00,940.0,943.0,937.0,943.0,3700,0.0,0.0
2021-11-08 00:00:00+09:00,943.0,944.0,934.0,934.0,3800,0.0,0.0
2021-11-09 00:00:00+09:00,934.0,934.0,914.0,916.0,5700,0.0,0.0
2021-11-10 00:00:00+09:00,922.0,922.0,915.0,916.0,1600,0.0,0.0
2021-11-11 00:00:00+09:00,912.0,914.0,905.0,905.0,1600,0.0,0.0
2021-11-12 00:00:00+09:00,905.0,919.0,905.0,916.0,3600,0.0,0.0
2021-11-15 00:00:00+09:00,912.0,912.0,904.0,910.0,4200,0.0,0.0
2021-11-16 00:00:00+09:00,913.0,927.0,911.0,919.0,3700,0.0,0.0
2021-11-17 00:00:00+09:00,920.0,930.0,909.0,909.0,4500,0.0,0.0
2021-11-18 00:00:00+09:00,914.0,920.0,908.0,920.0,1500,0.0,0.0
2021-11-19 00:00:00+09:00,920.0,920.0,914.0,914.0,2400,0.0,0.0
2021-11-22 00:00:00+09:00,915.0,919.0,915.0,915.0,900,0.0,0.0
2021-11-24 00:00:00+09:00,909.0,911.0,909.0,911.0,300,0.0,0.0
2021-11-25 00:00:00+09:00,911.0,927.0,911.0,915.0,2700,0.0,0.0
2021-11-26 00:00:00+09:00,915.0,915.0,906.0,906.0,2600,0.0,0.0
2021-11-29 00:00:00+09:00,906.0,913.0,904.0,910.0,4900,0.0,0.0
2021-11-30 00:00:00+09:00,910.0,910.0,899.0,900.0,4300,0.0,0.0
2021-12-01 00:00:00+09:00,891.0,910.0,891.0,903.0,4700,0.0,0.0
2021-12-02 00:00:00+09:00,899.0,908.0,899.0,899.0,3600,0.0,0.0
2021-12-03 00:00:00+09:00,899.0,905.0,899.0,901.0,1300,0.0,0.0
2021-12-06 00:00:00+09:00,902.0,910.0,902.0,907.0,2400,0.0,0.0
2021-12-07 00:00:00+09:00,912.0,915.0,904.0,915.0,2800,0.0,0.0
2021-12-08 00:00:00+09:00,910.0,921.0,908.0,921.0,2600,0.0,0.0
2021-12-09 00:00:00+09:00,921.0,930.0,921.0,930.0,8500,0.0,0.0
2021-12-10 00:00:00+09:00,939.0,939.0,900.0,900.0,7500,0.0,0.0
2021-12-13 00:00:00+09:00,908.0,908.0,903.0,904.0,2000,0.0,0.0
2021-12-14 00:00:00+09:00,904.0,911.0,902.0,902.0,4100,0.0,0.0
2021-12-15 00:00:00+09:00,905.0,917.0,905.0,912.0,2500,0.0,0.0
2021-12-16 00:00:00+09:00,911.0,911.0,908.0,911.0,1500,0.0,0.0
2021-12-17 00:00:00+09:00,911.0,918.0,911.0,918.0,3400,0.0,0.0
2021-12-20 00:00:00+09:00,900.0,907.0,900.0,900.0,4300,0.0,0.0
2021-12-21 00:00:00+09:00,908.0,908.0,898.0,898.0,4600,0.0,0.0
2021-12-22 00:00:00+09:00,898.0,899.0,896.0,899.0,4900,0.0,0.0
2021-12-23 00:00:00+09:00,895.0,899.0,894.0,895.0,8000,0.0,0.0
2021-12-24 00:00:00+09:00,895.0,925.0,891.0,896.0,18100,0.0,0.0
2021-12-27 00:00:00+09:00,896.0,900.0,894.0,897.0,4600,0.0,0.0
2021-12-28 00:00:00+09:00,899.0,907.0,895.0,901.0,7000,0.0,0.0
2021-12-29 00:00:00+09:00,907.0,908.0,895.0,908.0,8000,0.0,0.0
2021-12-30 00:00:00+09:00,908.0,915.0,908.0,909.0,5300,0.0,0.0
2022-01-04 00:00:00+09:00,900.0,907.0,898.0,904.0,7200,0.0,0.0
2022-01-05 00:00:00+09:00,902.0,902.0,899.0,899.0,6100,0.0,0.0
2022-01-06 00:00:00+09:00,900.0,900.0,895.0,895.0,6600,0.0,0.0
2022-01-07 00:00:00+09:00,901.0,901.0,893.0,893.0,11200,0.0,0.0
2022-01-11 00:00:00+09:00,902.0,902.0,893.0,895.0,6900,0.0,0.0
2022-01-12 00:00:00+09:00,894.0,898.0,893.0,896.0,5100,0.0,0.0
2022-01-13 00:00:00+09:00,898.0,898.0,894.0,894.0,2600,0.0,0.0
2022-01-14 00:00:00+09:00,895.0,899.0,892.0,899.0,11900,0.0,0.0
2022-01-17 00:00:00+09:00,899.0,902.0,895.0,895.0,5800,0.0,0.0
2022-01-18 00:00:00+09:00,895.0,897.0,895.0,895.0,1800,0.0,0.0
2022-01-19 00:00:00+09:00,895.0,895.0,878.0,878.0,14300,0.0,0.0
2022-01-20 00:00:00+09:00,880.0,884.0,880.0,880.0,3800,0.0,0.0
2022-01-21 00:00:00+09:00,878.0,885.0,878.0,884.0,10300,0.0,0.0
2022-01-24 00:00:00+09:00,884.0,884.0,878.0,880.0,5800,0.0,0.0
2022-01-25 00:00:00+09:00,881.0,886.0,880.0,880.0,3800,0.0,0.0
2022-01-26 00:00:00+09:00,880.0,883.0,878.0,878.0,2500,0.0,0.0
2022-01-27 00:00:00+09:00,883.0,883.0,875.0,875.0,5100,0.0,0.0
2022-01-28 00:00:00+09:00,882.0,885.0,876.0,885.0,11500,0.0,0.0
2022-01-31 00:00:00+09:00,885.0,889.0,884.0,889.0,5200,0.0,0.0
2022-02-01 00:00:00+09:00,897.0,897.0,888.0,889.0,2700,0.0,0.0
2022-02-02 00:00:00+09:00,886.0,900.0,886.0,900.0,4400,0.0,0.0
2022-02-03 00:00:00+09:00,903.0,907.0,898.0,906.0,4200,0.0,0.0
2022-02-04 00:00:00+09:00,906.0,906.0,893.0,899.0,11100,0.0,0.0
2022-02-07 00:00:00+09:00,898.0,906.0,893.0,897.0,6900,0.0,0.0
2022-02-08 00:00:00+09:00,904.0,907.0,896.0,902.0,3200,0.0,0.0
2022-02-09 00:00:00+09:00,908.0,908.0,900.0,907.0,3700,0.0,0.0
2022-02-10 00:00:00+09:00,907.0,910.0,900.0,910.0,15000,0.0,0.0
2022-02-14 00:00:00+09:00,910.0,914.0,907.0,909.0,9300,0.0,0.0
2022-02-15 00:00:00+09:00,912.0,916.0,910.0,910.0,3900,0.0,0.0
2022-02-16 00:00:00+09:00,910.0,914.0,910.0,911.0,2700,0.0,0.0
2022-02-17 00:00:00+09:00,914.0,916.0,911.0,911.0,5400,0.0,0.0
2022-02-18 00:00:00+09:00,920.0,925.0,915.0,924.0,22500,0.0,0.0
2022-02-21 00:00:00+09:00,922.0,923.0,916.0,923.0,12500,0.0,0.0
2022-02-22 00:00:00+09:00,910.0,910.0,907.0,910.0,2600,0.0,0.0
2022-02-24 00:00:00+09:00,908.0,910.0,903.0,910.0,3500,0.0,0.0
2022-02-25 00:00:00+09:00,910.0,910.0,905.0,910.0,83500,0.0,0.0
2022-02-28 00:00:00+09:00,910.0,914.0,900.0,907.0,9600,0.0,0.0
2022-03-01 00:00:00+09:00,919.0,920.0,905.0,909.0,8200,0.0,0.0
2022-03-02 00:00:00+09:00,909.0,911.0,905.0,905.0,7500,0.0,0.0
2022-03-03 00:00:00+09:00,905.0,911.0,905.0,909.0,6800,0.0,0.0
2022-03-04 00:00:00+09:00,919.0,919.0,903.0,903.0,12500,0.0,0.0
2022-03-07 00:00:00+09:00,904.0,905.0,891.0,892.0,15900,0.0,0.0
2022-03-08 00:00:00+09:00,907.0,908.0,894.0,896.0,36600,0.0,0.0
2022-03-09 00:00:00+09:00,910.0,910.0,878.0,883.0,50600,0.0,0.0
2022-03-10 00:00:00+09:00,895.0,912.0,888.0,912.0,30400,0.0,0.0
2022-03-11 00:00:00+09:00,917.0,917.0,908.0,915.0,20200,0.0,0.0
2022-03-14 00:00:00+09:00,918.0,921.0,912.0,921.0,10500,0.0,0.0
2022-03-15 00:00:00+09:00,915.0,920.0,910.0,919.0,6200,0.0,0.0
2022-03-16 00:00:00+09:00,919.0,920.0,902.0,910.0,11700,0.0,0.0
2022-03-17 00:00:00+09:00,916.0,926.0,910.0,926.0,6400,0.0,0.0
2022-03-18 00:00:00+09:00,919.0,928.0,915.0,928.0,4500,0.0,0.0
2022-03-22 00:00:00+09:00,929.0,934.0,927.0,933.0,8800,0.0,0.0
2022-03-23 00:00:00+09:00,934.0,945.0,933.0,945.0,8200,0.0,0.0
2022-03-24 00:00:00+09:00,930.0,946.0,930.0,946.0,4800,0.0,0.0
2022-03-25 00:00:00+09:00,949.0,949.0,941.0,949.0,9700,0.0,0.0
2022-03-28 00:00:00+09:00,949.0,952.0,942.0,943.0,17100,0.0,0.0
2022-03-29 00:00:00+09:00,939.0,954.0,934.0,954.0,114500,0.0,0.0
2022-03-30 00:00:00+09:00,940.0,940.0,908.0,923.0,70300,0.0,0.0
2022-03-31 00:00:00+09:00,919.0,929.0,909.0,911.0,11300,0.0,0.0
2022-04-01 00:00:00+09:00,908.0,926.0,908.0,923.0,6000,0.0,0.0
2022-04-04 00:00:00+09:00,923.0,930.0,915.0,923.0,3100,0.0,0.0
2022-04-05 00:00:00+09:00,932.0,932.0,924.0,928.0,4400,0.0,0.0
2022-04-06 00:00:00+09:00,928.0,931.0,925.0,925.0,3900,0.0,0.0
2022-04-07 00:00:00+09:00,912.0,914.0,902.0,904.0,6700,0.0,0.0
2022-04-08 00:00:00+09:00,902.0,902.0,883.0,885.0,11300,0.0,0.0
2022-04-11 00:00:00+09:00,882.0,893.0,882.0,890.0,5200,0.0,0.0
2022-04-12 00:00:00+09:00,882.0,888.0,882.0,886.0,2900,0.0,0.0
2022-04-13 00:00:00+09:00,881.0,885.0,881.0,885.0,2800,0.0,0.0
2022-04-14 00:00:00+09:00,885.0,888.0,885.0,888.0,800,0.0,0.0
2022-04-15 00:00:00+09:00,888.0,896.0,888.0,893.0,2500,0.0,0.0
2022-04-18 00:00:00+09:00,893.0,899.0,881.0,881.0,4400,0.0,0.0
2022-04-19 00:00:00+09:00,890.0,891.0,887.0,887.0,1200,0.0,0.0
2022-04-20 00:00:00+09:00,893.0,895.0,893.0,895.0,900,0.0,0.0
2022-04-21 00:00:00+09:00,883.0,898.0,883.0,898.0,1600,0.0,0.0
2022-04-22 00:00:00+09:00,898.0,898.0,895.0,895.0,700,0.0,0.0
2022-04-25 00:00:00+09:00,883.0,890.0,880.0,880.0,3600,0.0,0.0
2022-04-26 00:00:00+09:00,880.0,881.0,880.0,880.0,1500,0.0,0.0
2022-04-27 00:00:00+09:00,880.0,883.0,877.0,877.0,8600,0.0,0.0
2022-04-28 00:00:00+09:00,886.0,891.0,882.0,891.0,4900,0.0,0.0
2022-05-02 00:00:00+09:00,890.0,890.0,878.0,878.0,3700,0.0,0.0
2022-05-06 00:00:00+09:00,878.0,880.0,875.0,875.0,7000,0.0,0.0
2022-05-09 00:00:00+09:00,878.0,878.0,874.0,874.0,4100,0.0,0.0
2022-05-10 00:00:00+09:00,871.0,877.0,871.0,872.0,4200,0.0,0.0
2022-05-11 00:00:00+09:00,870.0,877.0,866.0,866.0,3800,0.0,0.0
2022-05-12 00:00:00+09:00,865.0,866.0,855.0,856.0,5800,0.0,0.0
2022-05-13 00:00:00+09:00,850.0,880.0,850.0,877.0,8700,0.0,0.0
2022-05-16 00:00:00+09:00,877.0,877.0,862.0,863.0,4300,0.0,0.0
2022-05-17 00:00:00+09:00,865.0,865.0,852.0,852.0,1700,0.0,0.0
2022-05-18 00:00:00+09:00,852.0,859.0,850.0,859.0,4100,0.0,0.0
2022-05-19 00:00:00+09:00,850.0,855.0,843.0,850.0,3300,0.0,0.0
2022-05-20 00:00:00+09:00,865.0,865.0,850.0,859.0,2800,0.0,0.0
2022-05-23 00:00:00+09:00,859.0,860.0,857.0,860.0,2500,0.0,0.0
2022-05-24 00:00:00+09:00,857.0,862.0,856.0,862.0,2500,0.0,0.0
2022-05-25 00:00:00+09:00,854.0,863.0,854.0,860.0,1900,0.0,0.0
2022-05-26 00:00:00+09:00,868.0,868.0,851.0,853.0,4400,0.0,0.0
2022-05-27 00:00:00+09:00,861.0,861.0,850.0,853.0,2600,0.0,0.0
2022-05-30 00:00:00+09:00,857.0,864.0,853.0,857.0,7500,0.0,0.0
2022-05-31 00:00:00+09:00,872.0,872.0,850.0,853.0,9400,0.0,0.0
2022-06-01 00:00:00+09:00,853.0,866.0,853.0,863.0,1500,0.0,0.0
2022-06-02 00:00:00+09:00,853.0,867.0,853.0,866.0,1300,0.0,0.0
2022-06-03 00:00:00+09:00,866.0,866.0,857.0,862.0,1100,0.0,0.0
2022-06-06 00:00:00+09:00,856.0,863.0,856.0,858.0,2300,0.0,0.0
2022-06-07 00:00:00+09:00,866.0,866.0,859.0,863.0,1600,0.0,0.0
2022-06-08 00:00:00+09:00,866.0,866.0,860.0,861.0,4300,0.0,0.0
2022-06-09 00:00:00+09:00,861.0,864.0,859.0,864.0,3800,0.0,0.0
2022-06-10 00:00:00+09:00,852.0,862.0,852.0,857.0,3800,0.0,0.0
2022-06-13 00:00:00+09:00,854.0,860.0,854.0,854.0,2600,0.0,0.0
2022-06-14 00:00:00+09:00,852.0,857.0,852.0,852.0,2400,0.0,0.0
2022-06-15 00:00:00+09:00,852.0,861.0,848.0,848.0,4500,0.0,0.0
2022-06-16 00:00:00+09:00,850.0,856.0,850.0,855.0,2300,0.0,0.0
2022-06-17 00:00:00+09:00,855.0,856.0,846.0,846.0,5000,0.0,0.0
2022-06-20 00:00:00+09:00,849.0,851.0,841.0,841.0,1700,0.0,0.0
2022-06-21 00:00:00+09:00,842.0,857.0,841.0,841.0,3900,0.0,0.0
2022-06-22 00:00:00+09:00,842.0,846.0,840.0,840.0,4800,0.0,0.0
2022-06-23 00:00:00+09:00,840.0,842.0,837.0,838.0,4300,0.0,0.0
2022-06-24 00:00:00+09:00,842.0,842.0,836.0,837.0,10000,0.0,0.0
2022-06-27 00:00:00+09:00,837.0,839.0,837.0,837.0,4300,0.0,0.0
2022-06-28 00:00:00+09:00,837.0,840.0,836.0,838.0,5800,0.0,0.0
2022-06-29 00:00:00+09:00,838.0,841.0,828.0,828.0,9000,0.0,0.0
2022-06-30 00:00:00+09:00,833.0,838.0,828.0,835.0,9100,0.0,0.0
2022-07-01 00:00:00+09:00,831.0,836.0,829.0,829.0,4600,0.0,0.0
2022-07-04 00:00:00+09:00,837.0,840.0,835.0,839.0,5000,0.0,0.0
2022-07-05 00:00:00+09:00,840.0,851.0,840.0,850.0,7300,0.0,0.0
2022-07-06 00:00:00+09:00,850.0,850.0,836.0,839.0,8200,0.0,0.0
2022-07-07 00:00:00+09:00,839.0,845.0,835.0,845.0,2600,0.0,0.0
2022-07-08 00:00:00+09:00,843.0,843.0,832.0,832.0,6800,0.0,0.0
2022-07-11 00:00:00+09:00,844.0,850.0,842.0,849.0,5700,0.0,0.0
2022-07-12 00:00:00+09:00,849.0,849.0,838.0,838.0,6400,0.0,0.0
2022-07-13 00:00:00+09:00,836.0,845.0,835.0,841.0,2200,0.0,0.0
2022-07-14 00:00:00+09:00,845.0,852.0,845.0,850.0,2600,0.0,0.0
2022-07-15 00:00:00+09:00,844.0,848.0,844.0,847.0,1900,0.0,0.0
2022-07-19 00:00:00+09:00,850.0,853.0,850.0,853.0,2400,0.0,0.0
2022-07-20 00:00:00+09:00,854.0,861.0,852.0,853.0,8600,0.0,0.0
2022-07-21 00:00:00+09:00,854.0,858.0,851.0,858.0,1700,0.0,0.0
2022-07-22 00:00:00+09:00,859.0,859.0,854.0,854.0,4400,0.0,0.0
2022-07-25 00:00:00+09:00,856.0,857.0,850.0,857.0,2300,0.0,0.0
2022-07-26 00:00:00+09:00,859.0,860.0,856.0,857.0,2600,0.0,0.0
2022-07-27 00:00:00+09:00,855.0,858.0,854.0,858.0,2000,0.0,0.0
2022-07-28 00:00:00+09:00,850.0,860.0,850.0,860.0,6400,0.0,0.0
2022-07-29 00:00:00+09:00,850.0,862.0,849.0,852.0,7000,0.0,0.0
2022-08-01 00:00:00+09:00,854.0,854.0,848.0,854.0,3300,0.0,0.0
2022-08-02 00:00:00+09:00,855.0,856.0,850.0,850.0,1900,0.0,0.0
2022-08-03 00:00:00+09:00,848.0,848.0,830.0,831.0,8200,0.0,0.0
2022-08-04 00:00:00+09:00,832.0,847.0,832.0,836.0,3200,0.0,0.0
2022-08-05 00:00:00+09:00,834.0,837.0,833.0,833.0,3200,0.0,0.0
2022-08-08 00:00:00+09:00,833.0,838.0,831.0,838.0,5500,0.0,0.0
2022-08-09 00:00:00+09:00,838.0,841.0,830.0,831.0,4300,0.0,0.0
2022-08-10 00:00:00+09:00,831.0,836.0,827.0,827.0,5100,0.0,0.0
2022-08-12 00:00:00+09:00,828.0,837.0,827.0,836.0,7400,0.0,0.0
2022-08-15 00:00:00+09:00,832.0,834.0,826.0,832.0,7400,0.0,0.0
2022-08-16 00:00:00+09:00,832.0,836.0,832.0,832.0,6200,0.0,0.0
2022-08-17 00:00:00+09:00,832.0,834.0,828.0,828.0,6400,0.0,0.0
2022-08-18 00:00:00+09:00,826.0,829.0,826.0,826.0,7700,0.0,0.0
2022-08-19 00:00:00+09:00,827.0,830.0,827.0,827.0,3700,0.0,0.0
2022-08-22 00:00:00+09:00,827.0,829.0,826.0,827.0,3400,0.0,0.0
2022-08-23 00:00:00+09:00,826.0,829.0,825.0,826.0,6400,0.0,0.0
2022-08-24 00:00:00+09:00,826.0,827.0,823.0,824.0,10100,0.0,0.0
2022-08-25 00:00:00+09:00,828.0,829.0,824.0,824.0,2900,0.0,0.0
2022-08-26 00:00:00+09:00,824.0,829.0,824.0,829.0,3900,0.0,0.0
2022-08-29 00:00:00+09:00,823.0,823.0,818.0,820.0,61800,0.0,0.0
2022-08-30 00:00:00+09:00,821.0,828.0,821.0,828.0,4000,0.0,0.0
2022-08-31 00:00:00+09:00,828.0,828.0,823.0,824.0,3900,0.0,0.0
2022-09-01 00:00:00+09:00,823.0,823.0,818.0,818.0,8000,0.0,0.0
2022-09-02 00:00:00+09:00,818.0,819.0,815.0,816.0,8800,0.0,0.0
2022-09-05 00:00:00+09:00,815.0,817.0,815.0,815.0,3500,0.0,0.0
2022-09-06 00:00:00+09:00,814.0,816.0,814.0,816.0,5200,0.0,0.0
2022-09-07 00:00:00+09:00,814.0,814.0,807.0,808.0,11000,0.0,0.0
2022-09-08 00:00:00+09:00,807.0,812.0,802.0,802.0,16500,0.0,0.0
2022-09-09 00:00:00+09:00,802.0,810.0,802.0,803.0,11100,0.0,0.0
2022-09-12 00:00:00+09:00,803.0,807.0,803.0,805.0,6700,0.0,0.0
2022-09-13 00:00:00+09:00,804.0,805.0,802.0,802.0,6000,0.0,0.0
2022-09-14 00:00:00+09:00,801.0,802.0,799.0,800.0,15300,0.0,0.0
2022-09-15 00:00:00+09:00,800.0,804.0,798.0,798.0,5300,0.0,0.0
2022-09-16 00:00:00+09:00,798.0,801.0,798.0,798.0,7200,0.0,0.0
2022-09-20 00:00:00+09:00,798.0,801.0,798.0,801.0,6100,0.0,0.0
2022-09-21 00:00:00+09:00,802.0,806.0,798.0,798.0,5300,0.0,0.0
2022-09-22 00:00:00+09:00,797.0,801.0,797.0,797.0,7200,0.0,0.0
2022-09-26 00:00:00+09:00,797.0,797.0,782.0,782.0,17500,0.0,0.0
2022-09-27 00:00:00+09:00,782.0,785.0,771.0,771.0,16300,0.0,0.0
2022-09-28 00:00:00+09:00,761.0,768.0,749.0,767.0,31700,0.0,0.0
2022-09-29 00:00:00+09:00,755.0,778.0,755.0,774.0,11500,0.0,0.0
2022-09-30 00:00:00+09:00,763.0,768.0,757.0,758.0,6400,0.0,0.0
2022-10-03 00:00:00+09:00,756.0,756.0,750.0,752.0,6900,0.0,0.0
2022-10-04 00:00:00+09:00,753.0,773.0,751.0,773.0,12100,0.0,0.0
2022-10-05 00:00:00+09:00,773.0,773.0,764.0,766.0,6400,0.0,0.0
2022-10-06 00:00:00+09:00,758.0,787.0,755.0,787.0,19900,0.0,0.0
2022-10-07 00:00:00+09:00,772.0,791.0,766.0,788.0,9500,0.0,0.0
2022-10-11 00:00:00+09:00,787.0,803.0,785.0,803.0,17800,0.0,0.0
2022-10-12 00:00:00+09:00,803.0,803.0,781.0,786.0,5800,0.0,0.0
2022-10-13 00:00:00+09:00,786.0,786.0,762.0,764.0,7000,0.0,0.0
2022-10-14 00:00:00+09:00,784.0,784.0,769.0,776.0,6600,0.0,0.0
2022-10-17 00:00:00+09:00,776.0,781.0,767.0,778.0,4600,0.0,0.0
2022-10-18 00:00:00+09:00,783.0,783.0,770.0,778.0,3200,0.0,0.0
2022-10-19 00:00:00+09:00,780.0,805.0,772.0,805.0,19700,0.0,0.0
2022-10-20 00:00:00+09:00,799.0,805.0,795.0,802.0,13500,0.0,0.0
2022-10-21 00:00:00+09:00,806.0,806.0,797.0,801.0,4700,0.0,0.0
2022-10-24 00:00:00+09:00,805.0,805.0,793.0,794.0,4400,0.0,0.0
2022-10-25 00:00:00+09:00,803.0,809.0,796.0,807.0,11800,0.0,0.0
2022-10-26 00:00:00+09:00,809.0,811.0,804.0,807.0,3000,0.0,0.0
2022-10-27 00:00:00+09:00,797.0,797.0,781.0,781.0,9300,0.0,0.0
2022-10-28 00:00:00+09:00,782.0,785.0,774.0,774.0,33700,0.0,0.0
2022-10-31 00:00:00+09:00,775.0,792.0,775.0,789.0,14300,0.0,0.0
2022-11-01 00:00:00+09:00,793.0,794.0,788.0,790.0,2600,0.0,0.0
2022-11-02 00:00:00+09:00,790.0,791.0,777.0,780.0,7600,0.0,0.0
2022-11-04 00:00:00+09:00,799.0,799.0,760.0,772.0,47300,0.0,0.0
2022-11-07 00:00:00+09:00,767.0,781.0,760.0,760.0,14400,0.0,0.0
2022-11-08 00:00:00+09:00,765.0,766.0,761.0,765.0,11200,0.0,0.0
2022-11-09 00:00:00+09:00,765.0,802.0,760.0,789.0,28100,0.0,0.0
2022-11-10 00:00:00+09:00,772.0,804.0,772.0,798.0,8600,0.0,0.0
2022-11-11 00:00:00+09:00,805.0,805.0,797.0,805.0,4200,0.0,0.0
2022-11-14 00:00:00+09:00,797.0,804.0,797.0,800.0,28800,0.0,0.0
2022-11-15 00:00:00+09:00,800.0,802.0,798.0,801.0,4600,0.0,0.0
2022-11-16 00:00:00+09:00,801.0,814.0,796.0,806.0,29100,0.0,0.0
2022-11-17 00:00:00+09:00,808.0,810.0,803.0,807.0,4000,0.0,0.0
2022-11-18 00:00:00+09:00,807.0,812.0,807.0,810.0,3700,0.0,0.0
2022-11-21 00:00:00+09:00,813.0,814.0,807.0,813.0,3900,0.0,0.0
2022-11-22 00:00:00+09:00,814.0,825.0,811.0,825.0,7900,0.0,0.0
2022-11-24 00:00:00+09:00,826.0,840.0,825.0,835.0,13100,0.0,0.0
2022-11-25 00:00:00+09:00,836.0,836.0,826.0,834.0,4200,0.0,0.0
2022-11-28 00:00:00+09:00,839.0,840.0,830.0,840.0,3700,0.0,0.0
2022-11-29 00:00:00+09:00,840.0,843.0,831.0,839.0,7200,0.0,0.0
2022-11-30 00:00:00+09:00,842.0,842.0,823.0,823.0,3700,0.0,0.0
2022-12-01 00:00:00+09:00,820.0,823.0,812.0,816.0,3700,0.0,0.0
2022-12-02 00:00:00+09:00,810.0,829.0,805.0,818.0,5200,0.0,0.0
2022-12-05 00:00:00+09:00,826.0,826.0,806.0,806.0,3900,0.0,0.0
2022-12-06 00:00:00+09:00,806.0,806.0,796.0,802.0,6500,0.0,0.0
2022-12-07 00:00:00+09:00,800.0,800.0,784.0,784.0,7000,0.0,0.0
2022-12-08 00:00:00+09:00,792.0,793.0,777.0,778.0,10300,0.0,0.0
2022-12-09 00:00:00+09:00,785.0,789.0,780.0,786.0,7100,0.0,0.0
2022-12-12 00:00:00+09:00,786.0,800.0,786.0,795.0,5000,0.0,0.0
2022-12-13 00:00:00+09:00,801.0,808.0,798.0,803.0,6800,0.0,0.0
2022-12-14 00:00:00+09:00,811.0,816.0,808.0,816.0,3900,0.0,0.0
2022-12-15 00:00:00+09:00,816.0,825.0,816.0,825.0,4100,0.0,0.0
2022-12-16 00:00:00+09:00,825.0,831.0,822.0,828.0,10100,0.0,0.0
2022-12-19 00:00:00+09:00,828.0,837.0,826.0,837.0,10000,0.0,0.0
2022-12-20 00:00:00+09:00,832.0,841.0,822.0,831.0,14000,0.0,0.0
2022-12-21 00:00:00+09:00,826.0,842.0,817.0,832.0,11300,0.0,0.0
2022-12-22 00:00:00+09:00,829.0,829.0,811.0,819.0,3300,0.0,0.0
2022-12-23 00:00:00+09:00,817.0,817.0,804.0,804.0,2000,0.0,0.0
2022-12-26 00:00:00+09:00,803.0,803.0,795.0,795.0,4700,0.0,0.0
2022-12-27 00:00:00+09:00,798.0,812.0,795.0,795.0,3600,0.0,0.0
2022-12-28 00:00:00+09:00,795.0,799.0,794.0,799.0,4100,0.0,0.0
2022-12-29 00:00:00+09:00,801.0,804.0,795.0,795.0,7900,0.0,0.0
2022-12-30 00:00:00+09:00,795.0,801.0,795.0,795.0,3100,0.0,0.0
2023-01-04 00:00:00+09:00,803.0,815.0,790.0,790.0,3900,0.0,0.0
2023-01-05 00:00:00+09:00,791.0,795.0,790.0,790.0,2900,0.0,0.0
2023-01-06 00:00:00+09:00,793.0,802.0,793.0,802.0,3000,0.0,0.0
2023-01-10 00:00:00+09:00,807.0,807.0,791.0,791.0,3400,0.0,0.0
2023-01-11 00:00:00+09:00,791.0,804.0,791.0,791.0,5100,0.0,0.0
2023-01-12 00:00:00+09:00,790.0,790.0,780.0,780.0,8400,0.0,0.0
2023-01-13 00:00:00+09:00,778.0,786.0,770.0,770.0,9200,0.0,0.0
2023-01-16 00:00:00+09:00,771.0,778.0,771.0,771.0,5500,0.0,0.0
2023-01-17 00:00:00+09:00,771.0,776.0,771.0,774.0,5800,0.0,0.0
2023-01-18 00:00:00+09:00,787.0,788.0,774.0,783.0,7800,0.0,0.0
2023-01-19 00:00:00+09:00,781.0,788.0,778.0,778.0,5100,0.0,0.0
2023-01-20 00:00:00+09:00,778.0,788.0,778.0,783.0,4600,0.0,0.0
2023-01-23 00:00:00+09:00,788.0,795.0,787.0,795.0,3700,0.0,0.0
2023-01-24 00:00:00+09:00,795.0,806.0,792.0,806.0,6000,0.0,0.0
2023-01-25 00:00:00+09:00,806.0,807.0,799.0,807.0,4500,0.0,0.0
2023-01-26 00:00:00+09:00,808.0,808.0,797.0,805.0,4300,0.0,0.0
2023-01-27 00:00:00+09:00,805.0,809.0,805.0,808.0,3500,0.0,0.0
2023-01-30 00:00:00+09:00,810.0,810.0,780.0,784.0,39000,0.0,0.0
2023-01-31 00:00:00+09:00,784.0,808.0,784.0,808.0,6500,0.0,0.0
2023-02-01 00:00:00+09:00,807.0,819.0,804.0,819.0,5600,0.0,0.0
2023-02-02 00:00:00+09:00,816.0,817.0,810.0,817.0,4100,0.0,0.0
2023-02-03 00:00:00+09:00,817.0,820.0,816.0,819.0,3500,0.0,0.0
2023-02-06 00:00:00+09:00,819.0,819.0,815.0,815.0,1900,0.0,0.0
2023-02-07 00:00:00+09:00,820.0,820.0,816.0,816.0,1200,0.0,0.0
2023-02-08 00:00:00+09:00,818.0,818.0,810.0,810.0,1300,0.0,0.0
2023-02-09 00:00:00+09:00,811.0,819.0,811.0,814.0,1300,0.0,0.0
2023-02-10 00:00:00+09:00,810.0,820.0,810.0,820.0,2300,0.0,0.0
2023-02-13 00:00:00+09:00,823.0,823.0,808.0,808.0,5500,0.0,0.0
2023-02-14 00:00:00+09:00,819.0,819.0,806.0,811.0,5600,0.0,0.0
2023-02-15 00:00:00+09:00,806.0,817.0,806.0,815.0,47300,0.0,0.0
2023-02-16 00:00:00+09:00,820.0,820.0,815.0,819.0,5400,0.0,0.0
2023-02-17 00:00:00+09:00,819.0,821.0,808.0,815.0,4800,0.0,0.0
2023-02-20 00:00:00+09:00,815.0,823.0,815.0,817.0,3000,0.0,0.0
2023-02-21 00:00:00+09:00,817.0,825.0,817.0,825.0,3600,0.0,0.0
2023-02-22 00:00:00+09:00,820.0,822.0,812.0,815.0,3800,0.0,0.0
2023-02-24 00:00:00+09:00,823.0,834.0,821.0,829.0,4100,0.0,0.0
2023-02-27 00:00:00+09:00,835.0,847.0,834.0,847.0,13800,0.0,0.0
2023-02-28 00:00:00+09:00,842.0,843.0,837.0,840.0,2100,0.0,0.0
2023-03-01 00:00:00+09:00,846.0,846.0,836.0,838.0,4100,0.0,0.0
2023-03-02 00:00:00+09:00,842.0,848.0,838.0,841.0,6900,0.0,0.0
2023-03-03 00:00:00+09:00,838.0,838.0,831.0,837.0,10100,0.0,0.0
2023-03-06 00:00:00+09:00,838.0,843.0,838.0,842.0,5300,0.0,0.0
2023-03-07 00:00:00+09:00,845.0,846.0,840.0,845.0,6600,0.0,0.0
2023-03-08 00:00:00+09:00,846.0,848.0,845.0,845.0,23100,0.0,0.0
2023-03-09 00:00:00+09:00,843.0,850.0,843.0,850.0,6200,0.0,0.0
2023-03-10 00:00:00+09:00,850.0,850.0,846.0,846.0,8500,0.0,0.0
2023-03-13 00:00:00+09:00,846.0,849.0,841.0,847.0,8400,0.0,0.0
2023-03-14 00:00:00+09:00,847.0,847.0,831.0,832.0,6200,0.0,0.0
2023-03-15 00:00:00+09:00,832.0,853.0,832.0,847.0,10600,0.0,0.0
2023-03-16 00:00:00+09:00,847.0,853.0,836.0,853.0,10500,0.0,0.0
2023-03-17 00:00:00+09:00,853.0,853.0,846.0,846.0,3000,0.0,0.0
2023-03-20 00:00:00+09:00,846.0,851.0,840.0,840.0,3100,0.0,0.0
2023-03-22 00:00:00+09:00,853.0,854.0,840.0,854.0,9700,0.0,0.0
2023-03-23 00:00:00+09:00,844.0,858.0,844.0,858.0,6300,0.0,0.0
2023-03-24 00:00:00+09:00,848.0,858.0,848.0,855.0,7900,0.0,0.0
2023-03-27 00:00:00+09:00,858.0,862.0,856.0,862.0,13300,0.0,0.0
2023-03-28 00:00:00+09:00,867.0,868.0,864.0,867.0,16200,0.0,0.0
2023-03-29 00:00:00+09:00,868.0,888.0,867.0,888.0,86400,0.0,0.0
2023-03-30 00:00:00+09:00,855.0,855.0,834.0,834.0,45700,0.0,0.0
2023-03-31 00:00:00+09:00,834.0,842.0,828.0,842.0,9100,0.0,0.0
2023-04-03 00:00:00+09:00,839.0,842.0,829.0,830.0,8000,0.0,0.0
2023-04-04 00:00:00+09:00,830.0,831.0,824.0,829.0,8400,0.0,0.0
2023-04-05 00:00:00+09:00,824.0,824.0,814.0,814.0,8400,0.0,0.0
2023-04-06 00:00:00+09:00,812.0,813.0,780.0,786.0,21500,0.0,0.0
2023-04-07 00:00:00+09:00,789.0,793.0,784.0,784.0,8500,0.0,0.0
2023-04-10 00:00:00+09:00,790.0,810.0,789.0,794.0,5000,0.0,0.0
2023-04-11 00:00:00+09:00,804.0,804.0,795.0,800.0,4400,0.0,0.0
2023-04-12 00:00:00+09:00,800.0,805.0,799.0,804.0,2700,0.0,0.0
2023-04-13 00:00:00+09:00,808.0,808.0,800.0,800.0,3000,0.0,0.0
2023-04-14 00:00:00+09:00,805.0,805.0,797.0,800.0,4600,0.0,0.0
2023-04-17 00:00:00+09:00,805.0,805.0,800.0,800.0,3700,0.0,0.0
2023-04-18 00:00:00+09:00,806.0,807.0,800.0,801.0,3900,0.0,0.0
2023-04-19 00:00:00+09:00,805.0,810.0,797.0,797.0,10300,0.0,0.0
2023-04-20 00:00:00+09:00,796.0,801.0,796.0,796.0,3900,0.0,0.0
2023-04-21 00:00:00+09:00,796.0,802.0,796.0,796.0,2800,0.0,0.0
2023-04-24 00:00:00+09:00,800.0,813.0,800.0,810.0,7600,0.0,0.0
2023-04-25 00:00:00+09:00,810.0,819.0,802.0,808.0,6300,0.0,0.0
2023-04-26 00:00:00+09:00,806.0,808.0,793.0,793.0,8300,0.0,0.0
2023-04-27 00:00:00+09:00,790.0,802.0,790.0,791.0,42000,0.0,0.0
2023-04-28 00:00:00+09:00,795.0,804.0,792.0,796.0,4000,0.0,0.0
2023-05-01 00:00:00+09:00,804.0,806.0,798.0,805.0,2700,0.0,0.0
2023-05-02 00:00:00+09:00,802.0,809.0,800.0,807.0,2100,0.0,0.0
2023-05-08 00:00:00+09:00,809.0,814.0,808.0,808.0,3600,0.0,0.0
2023-05-09 00:00:00+09:00,808.0,814.0,804.0,804.0,4900,0.0,0.0
2023-05-10 00:00:00+09:00,804.0,809.0,804.0,806.0,2700,0.0,0.0
2023-05-11 00:00:00+09:00,804.0,812.0,804.0,808.0,2300,0.0,0.0
2023-05-12 00:00:00+09:00,808.0,818.0,805.0,815.0,8200,0.0,0.0
2023-05-15 00:00:00+09:00,818.0,818.0,808.0,809.0,7400,0.0,0.0
2023-05-16 00:00:00+09:00,809.0,810.0,802.0,802.0,7500,0.0,0.0
2023-05-17 00:00:00+09:00,802.0,809.0,800.0,803.0,4700,0.0,0.0
2023-05-18 00:00:00+09:00,803.0,808.0,799.0,808.0,5400,0.0,0.0
2023-05-19 00:00:00+09:00,809.0,810.0,805.0,808.0,4400,0.0,0.0
2023-05-22 00:00:00+09:00,808.0,810.0,800.0,803.0,9200,0.0,0.0
2023-05-23 00:00:00+09:00,801.0,803.0,795.0,795.0,8300,0.0,0.0
2023-05-24 00:00:00+09:00,795.0,799.0,794.0,795.0,3200,0.0,0.0
2023-05-25 00:00:00+09:00,795.0,800.0,795.0,795.0,4200,0.0,0.0
2023-05-26 00:00:00+09:00,796.0,796.0,784.0,784.0,9600,0.0,0.0
2023-05-29 00:00:00+09:00,791.0,791.0,788.0,788.0,5500,0.0,0.0
2023-05-30 00:00:00+09:00,788.0,794.0,780.0,780.0,10500,0.0,0.0
2023-05-31 00:00:00+09:00,782.0,784.0,778.0,778.0,6600,0.0,0.0
2023-06-01 00:00:00+09:00,778.0,784.0,778.0,779.0,4900,0.0,0.0
2023-06-02 00:00:00+09:00,780.0,784.0,780.0,780.0,3400,0.0,0.0
2023-06-05 00:00:00+09:00,783.0,788.0,782.0,784.0,3900,0.0,0.0
2023-06-06 00:00:00+09:00,784.0,787.0,782.0,782.0,5400,0.0,0.0
2023-06-07 00:00:00+09:00,782.0,788.0,782.0,782.0,5900,0.0,0.0
2023-06-08 00:00:00+09:00,782.0,784.0,782.0,782.0,4300,0.0,0.0
2023-06-09 00:00:00+09:00,783.0,786.0,782.0,783.0,7000,0.0,0.0
2023-06-12 00:00:00+09:00,788.0,789.0,786.0,786.0,2000,0.0,0.0
2023-06-13 00:00:00+09:00,790.0,805.0,787.0,801.0,16500,0.0,0.0
2023-06-14 00:00:00+09:00,802.0,809.0,801.0,809.0,8400,0.0,0.0
2023-06-15 00:00:00+09:00,809.0,813.0,802.0,805.0,3800,0.0,0.0
2023-06-16 00:00:00+09:00,807.0,811.0,800.0,811.0,5600,0.0,0.0
2023-06-19 00:00:00+09:00,815.0,815.0,798.0,804.0,9800,0.0,0.0
2023-06-20 00:00:00+09:00,804.0,813.0,804.0,813.0,6500,0.0,0.0
2023-06-21 00:00:00+09:00,811.0,814.0,808.0,811.0,3100,0.0,0.0
2023-06-22 00:00:00+09:00,811.0,816.0,811.0,811.0,4300,0.0,0.0
2023-06-23 00:00:00+09:00,813.0,813.0,806.0,806.0,2600,0.0,0.0
2023-06-26 00:00:00+09:00,811.0,811.0,807.0,807.0,2000,0.0,0.0
2023-06-27 00:00:00+09:00,807.0,811.0,807.0,810.0,1300,0.0,0.0
2023-06-28 00:00:00+09:00,810.0,814.0,799.0,807.0,13600,0.0,0.0
2023-06-29 00:00:00+09:00,808.0,809.0,806.0,809.0,4200,0.0,0.0
2023-06-30 00:00:00+09:00,809.0,837.0,809.0,836.0,15600,0.0,0.0
2023-07-03 00:00:00+09:00,837.0,859.0,836.0,854.0,22000,0.0,0.0
2023-07-04 00:00:00+09:00,854.0,876.0,854.0,875.0,17600,0.0,0.0
2023-07-05 00:00:00+09:00,875.0,890.0,867.0,887.0,25100,0.0,0.0
2023-07-06 00:00:00+09:00,883.0,898.0,873.0,876.0,13600,0.0,0.0
2023-07-07 00:00:00+09:00,875.0,881.0,871.0,871.0,5000,0.0,0.0
2023-07-10 00:00:00+09:00,871.0,885.0,871.0,876.0,12200,0.0,0.0
2023-07-11 00:00:00+09:00,884.0,885.0,851.0,851.0,9400,0.0,0.0
2023-07-12 00:00:00+09:00,851.0,855.0,840.0,840.0,5300,0.0,0.0
2023-07-13 00:00:00+09:00,841.0,844.0,830.0,831.0,8200,0.0,0.0
2023-07-14 00:00:00+09:00,831.0,856.0,823.0,853.0,14900,0.0,0.0
2023-07-18 00:00:00+09:00,853.0,872.0,853.0,867.0,12800,0.0,0.0
2023-07-19 00:00:00+09:00,871.0,871.0,849.0,849.0,9500,0.0,0.0
2023-07-20 00:00:00+09:00,854.0,857.0,838.0,838.0,6500,0.0,0.0
2023-07-21 00:00:00+09:00,839.0,847.0,838.0,844.0,3800,0.0,0.0
2023-07-24 00:00:00+09:00,844.0,863.0,840.0,860.0,9200,0.0,0.0
2023-07-25 00:00:00+09:00,860.0,860.0,854.0,857.0,2000,0.0,0.0
2023-07-26 00:00:00+09:00,865.0,879.0,864.0,877.0,12600,0.0,0.0
2023-07-27 00:00:00+09:00,877.0,877.0,853.0,861.0,8600,0.0,0.0
2023-07-28 00:00:00+09:00,854.0,865.0,841.0,841.0,41700,0.0,0.0
2023-07-31 00:00:00+09:00,854.0,867.0,844.0,866.0,9600,0.0,0.0
2023-08-01 00:00:00+09:00,864.0,864.0,851.0,863.0,3700,0.0,0.0
2023-08-02 00:00:00+09:00,855.0,855.0,849.0,849.0,5400,0.0,0.0
2023-08-03 00:00:00+09:00,845.0,855.0,838.0,849.0,15100,0.0,0.0
2023-08-04 00:00:00+09:00,838.0,870.0,837.0,841.0,10600,0.0,0.0
2023-08-07 00:00:00+09:00,812.0,841.0,812.0,839.0,58400,0.0,0.0
2023-08-08 00:00:00+09:00,839.0,854.0,839.0,854.0,3100,0.0,0.0
2023-08-09 00:00:00+09:00,853.0,853.0,836.0,840.0,6600,0.0,0.0
2023-08-10 00:00:00+09:00,841.0,848.0,831.0,846.0,11100,0.0,0.0
2023-08-14 00:00:00+09:00,846.0,849.0,844.0,846.0,3200,0.0,0.0
2023-08-15 00:00:00+09:00,847.0,850.0,846.0,846.0,2200,0.0,0.0
2023-08-16 00:00:00+09:00,846.0,852.0,825.0,826.0,7400,0.0,0.0
2023-08-17 00:00:00+09:00,830.0,846.0,817.0,846.0,9600,0.0,0.0
2023-08-18 00:00:00+09:00,830.0,853.0,830.0,846.0,9600,0.0,0.0
2023-08-21 00:00:00+09:00,848.0,851.0,846.0,847.0,1400,0.0,0.0
2023-08-22 00:00:00+09:00,847.0,869.0,825.0,857.0,22500,0.0,0.0
2023-08-23 00:00:00+09:00,857.0,873.0,852.0,869.0,10100,0.0,0.0
2023-08-24 00:00:00+09:00,866.0,886.0,851.0,880.0,17400,0.0,0.0
2023-08-25 00:00:00+09:00,865.0,883.0,862.0,871.0,7800,0.0,0.0
2023-08-28 00:00:00+09:00,872.0,872.0,856.0,864.0,1800,0.0,0.0
2023-08-29 00:00:00+09:00,863.0,868.0,854.0,867.0,4000,0.0,0.0
2023-08-30 00:00:00+09:00,867.0,870.0,861.0,861.0,2900,0.0,0.0
2023-08-31 00:00:00+09:00,861.0,861.0,851.0,856.0,3300,0.0,0.0
2023-09-01 00:00:00+09:00,861.0,867.0,847.0,867.0,9700,0.0,0.0
2023-09-04 00:00:00+09:00,867.0,891.0,861.0,890.0,10000,0.0,0.0
2023-09-05 00:00:00+09:00,888.0,888.0,872.0,886.0,5700,0.0,0.0
2023-09-06 00:00:00+09:00,886.0,886.0,872.0,877.0,1900,0.0,0.0
2023-09-07 00:00:00+09:00,877.0,884.0,875.0,884.0,2100,0.0,0.0
2023-09-08 00:00:00+09:00,874.0,880.0,861.0,862.0,7200,0.0,0.0
2023-09-11 00:00:00+09:00,871.0,874.0,862.0,868.0,6100,0.0,0.0
2023-09-12 00:00:00+09:00,865.0,893.0,865.0,876.0,3800,0.0,0.0
2023-09-13 00:00:00+09:00,869.0,889.0,869.0,885.0,9800,0.0,0.0
2023-09-14 00:00:00+09:00,882.0,885.0,882.0,885.0,1000,0.0,0.0
2023-09-15 00:00:00+09:00,885.0,888.0,882.0,883.0,5300,0.0,0.0
2023-09-19 00:00:00+09:00,883.0,888.0,883.0,886.0,3600,0.0,0.0
2023-09-20 00:00:00+09:00,886.0,896.0,886.0,887.0,5900,0.0,0.0
2023-09-21 00:00:00+09:00,899.0,899.0,873.0,892.0,11100,0.0,0.0
2023-09-22 00:00:00+09:00,885.0,922.0,883.0,908.0,15600,0.0,0.0
2023-09-25 00:00:00+09:00,908.0,921.0,893.0,912.0,13000,0.0,0.0
2023-09-26 00:00:00+09:00,912.0,912.0,902.0,911.0,4500,0.0,0.0
2023-09-27 00:00:00+09:00,910.0,917.0,900.0,917.0,7100,0.0,0.0
2023-09-28 00:00:00+09:00,909.0,915.0,895.0,895.0,8100,0.0,0.0
2023-09-29 00:00:00+09:00,922.0,922.0,884.0,908.0,10500,0.0,0.0
2023-10-02 00:00:00+09:00,905.0,913.0,880.0,880.0,10700,0.0,0.0
2023-10-03 00:00:00+09:00,888.0,889.0,868.0,868.0,13100,0.0,0.0
2023-10-04 00:00:00+09:00,868.0,881.0,862.0,874.0,9500,0.0,0.0
2023-10-05 00:00:00+09:00,874.0,886.0,874.0,877.0,5800,0.0,0.0
2023-10-06 00:00:00+09:00,877.0,885.0,871.0,871.0,3600,0.0,0.0
2023-10-10 00:00:00+09:00,877.0,877.0,865.0,872.0,6000,0.0,0.0
2023-10-11 00:00:00+09:00,872.0,881.0,871.0,872.0,6000,0.0,0.0
2023-10-12 00:00:00+09:00,880.0,884.0,873.0,879.0,4600,0.0,0.0
2023-10-13 00:00:00+09:00,878.0,878.0,840.0,850.0,6700,0.0,0.0
2023-10-16 00:00:00+09:00,850.0,870.0,841.0,867.0,15900,0.0,0.0
2023-10-17 00:00:00+09:00,864.0,877.0,863.0,863.0,2700,0.0,0.0
2023-10-18 00:00:00+09:00,863.0,874.0,863.0,871.0,1900,0.0,0.0
2023-10-19 00:00:00+09:00,873.0,873.0,866.0,869.0,5200,0.0,0.0
2023-10-20 00:00:00+09:00,865.0,876.0,865.0,875.0,2300,0.0,0.0
2023-10-23 00:00:00+09:00,875.0,880.0,870.0,876.0,7500,0.0,0.0
2023-10-24 00:00:00+09:00,876.0,879.0,864.0,878.0,9100,0.0,0.0
2023-10-25 00:00:00+09:00,878.0,897.0,878.0,896.0,2200,0.0,0.0
2023-10-26 00:00:00+09:00,895.0,902.0,867.0,877.0,5700,0.0,0.0
2023-10-27 00:00:00+09:00,877.0,901.0,875.0,889.0,4000,0.0,0.0
2023-10-30 00:00:00+09:00,885.0,887.0,841.0,841.0,65000,0.0,0.0
2023-10-31 00:00:00+09:00,844.0,873.0,821.0,860.0,26900,0.0,0.0
2023-11-01 00:00:00+09:00,860.0,887.0,860.0,882.0,8000,0.0,0.0
2023-11-02 00:00:00+09:00,879.0,883.0,874.0,880.0,3600,0.0,0.0
2023-11-06 00:00:00+09:00,880.0,880.0,867.0,876.0,4500,0.0,0.0
2023-11-07 00:00:00+09:00,884.0,888.0,851.0,851.0,11100,0.0,0.0
2023-11-08 00:00:00+09:00,853.0,859.0,839.0,839.0,5400,0.0,0.0
2023-11-09 00:00:00+09:00,839.0,850.0,838.0,838.0,1800,0.0,0.0
2023-11-10 00:00:00+09:00,843.0,861.0,842.0,851.0,7400,0.0,0.0
2023-11-13 00:00:00+09:00,855.0,878.0,853.0,878.0,7200,0.0,0.0
2023-11-14 00:00:00+09:00,879.0,879.0,877.0,878.0,1800,0.0,0.0
2023-11-15 00:00:00+09:00,876.0,878.0,865.0,870.0,2700,0.0,0.0
2023-11-16 00:00:00+09:00,870.0,879.0,857.0,857.0,4900,0.0,0.0
2023-11-17 00:00:00+09:00,857.0,877.0,857.0,871.0,1500,0.0,0.0
2023-11-20 00:00:00+09:00,871.0,871.0,867.0,867.0,1300,0.0,0.0
2023-11-21 00:00:00+09:00,860.0,875.0,860.0,867.0,2500,0.0,0.0
2023-11-22 00:00:00+09:00,863.0,863.0,856.0,856.0,2300,0.0,0.0
2023-11-24 00:00:00+09:00,856.0,863.0,851.0,851.0,4600,0.0,0.0
2023-11-27 00:00:00+09:00,853.0,857.0,852.0,853.0,2700,0.0,0.0
2023-11-28 00:00:00+09:00,853.0,853.0,847.0,849.0,4300,0.0,0.0
2023-11-29 00:00:00+09:00,851.0,855.0,851.0,851.0,2800,0.0,0.0
2023-11-30 00:00:00+09:00,851.0,859.0,851.0,859.0,1500,0.0,0.0
2023-12-01 00:00:00+09:00,859.0,861.0,859.0,861.0,1600,0.0,0.0
2023-12-04 00:00:00+09:00,864.0,865.0,862.0,862.0,2000,0.0,0.0
2023-12-05 00:00:00+09:00,862.0,873.0,862.0,865.0,3100,0.0,0.0
2023-12-06 00:00:00+09:00,865.0,877.0,865.0,872.0,3500,0.0,0.0
2023-12-07 00:00:00+09:00,872.0,895.0,868.0,881.0,7900,0.0,0.0
2023-12-08 00:00:00+09:00,881.0,881.0,863.0,863.0,9300,0.0,0.0
2023-12-11 00:00:00+09:00,863.0,873.0,862.0,873.0,5000,0.0,0.0
2023-12-12 00:00:00+09:00,867.0,872.0,856.0,857.0,4400,0.0,0.0
2023-12-13 00:00:00+09:00,857.0,866.0,857.0,857.0,2500,0.0,0.0
2023-12-14 00:00:00+09:00,863.0,869.0,857.0,861.0,2700,0.0,0.0
2023-12-15 00:00:00+09:00,861.0,868.0,861.0,863.0,3200,0.0,0.0
2023-12-18 00:00:00+09:00,864.0,886.0,863.0,866.0,6600,0.0,0.0
2023-12-19 00:00:00+09:00,874.0,874.0,870.0,873.0,2100,0.0,0.0
2023-12-20 00:00:00+09:00,873.0,881.0,866.0,867.0,7600,0.0,0.0
2023-12-21 00:00:00+09:00,862.0,870.0,862.0,866.0,1600,0.0,0.0
2023-12-22 00:00:00+09:00,864.0,867.0,864.0,865.0,1000,0.0,0.0
2023-12-25 00:00:00+09:00,865.0,867.0,863.0,866.0,800,0.0,0.0
2023-12-26 00:00:00+09:00,866.0,867.0,863.0,863.0,2600,0.0,0.0
2023-12-27 00:00:00+09:00,866.0,873.0,864.0,873.0,3400,0.0,0.0
2023-12-28 00:00:00+09:00,870.0,882.0,870.0,877.0,2400,0.0,0.0
2023-12-29 00:00:00+09:00,880.0,880.0,873.0,880.0,2100,0.0,0.0
2024-01-04 00:00:00+09:00,887.0,899.0,883.0,898.0,11600,0.0,0.0
2024-01-05 00:00:00+09:00,901.0,909.0,889.0,905.0,7200,0.0,0.0
2024-01-09 00:00:00+09:00,905.0,909.0,903.0,908.0,5200,0.0,0.0
2024-01-10 00:00:00+09:00,903.0,909.0,901.0,909.0,3000,0.0,0.0
2024-01-11 00:00:00+09:00,909.0,909.0,904.0,906.0,2600,0.0,0.0
2024-01-12 00:00:00+09:00,904.0,904.0,883.0,885.0,7800,0.0,0.0
2024-01-15 00:00:00+09:00,890.0,899.0,887.0,897.0,2500,0.0,0.0
2024-01-16 00:00:00+09:00,890.0,894.0,890.0,890.0,3000,0.0,0.0
2024-01-17 00:00:00+09:00,890.0,898.0,881.0,881.0,9300,0.0,0.0
2024-01-18 00:00:00+09:00,881.0,898.0,879.0,879.0,8400,0.0,0.0
2024-01-19 00:00:00+09:00,878.0,889.0,878.0,886.0,4200,0.0,0.0
2024-01-22 00:00:00+09:00,888.0,893.0,888.0,888.0,2200,0.0,0.0
2024-01-23 00:00:00+09:00,890.0,899.0,890.0,890.0,2200,0.0,0.0
2024-01-24 00:00:00+09:00,886.0,894.0,883.0,886.0,4800,0.0,0.0
2024-01-25 00:00:00+09:00,887.0,894.0,885.0,886.0,4100,0.0,0.0
2024-01-26 00:00:00+09:00,887.0,891.0,885.0,886.0,2700,0.0,0.0
2024-01-29 00:00:00+09:00,886.0,897.0,876.0,889.0,12700,0.0,0.0
2024-01-30 00:00:00+09:00,889.0,896.0,860.0,860.0,42700,0.0,0.0
2024-01-31 00:00:00+09:00,870.0,870.0,862.0,864.0,13300,0.0,0.0
2024-02-01 00:00:00+09:00,865.0,876.0,865.0,873.0,4600,0.0,0.0
2024-02-02 00:00:00+09:00,873.0,881.0,871.0,881.0,4400,0.0,0.0
2024-02-05 00:00:00+09:00,881.0,884.0,875.0,875.0,4300,0.0,0.0
2024-02-06 00:00:00+09:00,880.0,880.0,870.0,870.0,4000,0.0,0.0
2024-02-07 00:00:00+09:00,870.0,883.0,867.0,869.0,8800,0.0,0.0
2024-02-08 00:00:00+09:00,866.0,873.0,862.0,863.0,5500,0.0,0.0
2024-02-09 00:00:00+09:00,863.0,870.0,862.0,862.0,5000,0.0,0.0
2024-02-13 00:00:00+09:00,862.0,867.0,862.0,867.0,4000,0.0,0.0
2024-02-14 00:00:00+09:00,867.0,872.0,867.0,867.0,9300,0.0,0.0
2024-02-15 00:00:00+09:00,867.0,871.0,867.0,868.0,4300,0.0,0.0
2024-02-16 00:00:00+09:00,868.0,876.0,866.0,874.0,4500,0.0,0.0
2024-02-19 00:00:00+09:00,875.0,885.0,870.0,875.0,4400,0.0,0.0
2024-02-20 00:00:00+09:00,875.0,880.0,875.0,876.0,2500,0.0,0.0
2024-02-21 00:00:00+09:00,875.0,876.0,871.0,871.0,3800,0.0,0.0
2024-02-22 00:00:00+09:00,871.0,874.0,870.0,873.0,2100,0.0,0.0
2024-02-26 00:00:00+09:00,875.0,877.0,866.0,866.0,7000,0.0,0.0
2024-02-27 00:00:00+09:00,868.0,869.0,865.0,865.0,3600,0.0,0.0
2024-02-28 00:00:00+09:00,866.0,874.0,866.0,866.0,8100,0.0,0.0
2024-02-29 00:00:00+09:00,872.0,872.0,865.0,867.0,5700,0.0,0.0
2024-03-01 00:00:00+09:00,867.0,872.0,867.0,871.0,3600,0.0,0.0
2024-03-04 00:00:00+09:00,871.0,872.0,868.0,868.0,5200,0.0,0.0
2024-03-05 00:00:00+09:00,872.0,905.0,869.0,890.0,16800,0.0,0.0
2024-03-06 00:00:00+09:00,890.0,902.0,883.0,894.0,14100,0.0,0.0
2024-03-07 00:00:00+09:00,898.0,899.0,893.0,895.0,2800,0.0,0.0
2024-03-08 00:00:00+09:00,888.0,900.0,888.0,897.0,10900,0.0,0.0
2024-03-11 00:00:00+09:00,893.0,893.0,893.0,893.0,9600,0.0,0.0
2024-03-12 00:00:00+09:00,889.0,899.0,889.0,899.0,3200,0.0,0.0
2024-03-13 00:00:00+09:00,904.0,904.0,899.0,903.0,11100,0.0,0.0
2024-03-14 00:00:00+09:00,905.0,912.0,900.0,912.0,7400,0.0,0.0
2024-03-15 00:00:00+09:00,912.0,919.0,906.0,919.0,6100,0.0,0.0
2024-03-18 00:00:00+09:00,920.0,930.0,905.0,929.0,13800,0.0,0.0
2024-03-19 00:00:00+09:00,929.0,929.0,916.0,929.0,4700,0.0,0.0
2024-03-21 00:00:00+09:00,930.0,933.0,916.0,919.0,10800,0.0,0.0
2024-03-22 00:00:00+09:00,925.0,930.0,919.0,928.0,6000,0.0,0.0
2024-03-25 00:00:00+09:00,933.0,935.0,925.0,927.0,13000,0.0,0.0
2024-03-26 00:00:00+09:00,934.0,940.0,930.0,934.0,13800,0.0,0.0
2024-03-27 00:00:00+09:00,940.0,942.0,912.0,913.0,111700,0.0,0.0
2024-03-28 00:00:00+09:00,879.0,903.0,879.0,881.0,35600,0.0,0.0
2024-03-29 00:00:00+09:00,876.0,888.0,876.0,879.0,4800,0.0,0.0
2024-04-01 00:00:00+09:00,890.0,893.0,880.0,884.0,4700,0.0,0.0
2024-04-02 00:00:00+09:00,881.0,882.0,863.0,863.0,8400,0.0,0.0
2024-04-03 00:00:00+09:00,878.0,878.0,868.0,873.0,48100,0.0,0.0
2024-04-04 00:00:00+09:00,869.0,869.0,866.0,867.0,4800,0.0,0.0
2024-04-05 00:00:00+09:00,865.0,869.0,862.0,862.0,5300,0.0,0.0
2024-04-08 00:00:00+09:00,865.0,868.0,861.0,867.0,6300,0.0,0.0
2024-04-09 00:00:00+09:00,864.0,882.0,864.0,875.0,9000,0.0,0.0
2024-04-10 00:00:00+09:00,875.0,879.0,872.0,873.0,5400,0.0,0.0
2024-04-11 00:00:00+09:00,870.0,879.0,866.0,868.0,4400,0.0,0.0
2024-04-12 00:00:00+09:00,871.0,876.0,866.0,868.0,5000,0.0,0.0
2024-04-15 00:00:00+09:00,866.0,880.0,861.0,880.0,12600,0.0,0.0
2024-04-16 00:00:00+09:00,880.0,880.0,863.0,868.0,10100,0.0,0.0
2024-04-17 00:00:00+09:00,868.0,872.0,865.0,867.0,2100,0.0,0.0
2024-04-18 00:00:00+09:00,868.0,888.0,868.0,873.0,7500,0.0,0.0
2024-04-19 00:00:00+09:00,865.0,873.0,864.0,864.0,5800,0.0,0.0
2024-04-22 00:00:00+09:00,870.0,878.0,870.0,871.0,3200,0.0,0.0
2024-04-23 00:00:00+09:00,871.0,881.0,871.0,873.0,2600,0.0,0.0
2024-04-24 00:00:00+09:00,873.0,877.0,870.0,872.0,5700,0.0,0.0
2024-04-25 00:00:00+09:00,872.0,875.0,870.0,870.0,3200,0.0,0.0
2024-04-26 00:00:00+09:00,870.0,872.0,856.0,856.0,10700,0.0,0.0
2024-04-30 00:00:00+09:00,869.0,872.0,865.0,871.0,14000,0.0,0.0
2024-05-01 00:00:00+09:00,866.0,877.0,866.0,877.0,2300,0.0,0.0
2024-05-02 00:00:00+09:00,877.0,877.0,868.0,876.0,2000,0.0,0.0
2024-05-07 00:00:00+09:00,882.0,882.0,872.0,879.0,5100,0.0,0.0
2024-05-08 00:00:00+09:00,879.0,881.0,874.0,875.0,2400,0.0,0.0
2024-05-09 00:00:00+09:00,882.0,900.0,874.0,878.0,14000,0.0,0.0
2024-05-10 00:00:00+09:00,883.0,1028.0,877.0,1028.0,146400,0.0,0.0
2024-05-13 00:00:00+09:00,1298.0,1326.0,1207.0,1241.0,347200,0.0,0.0
2024-05-14 00:00:00+09:00,1181.0,1271.0,1152.0,1269.0,104400,0.0,0.0
2024-05-15 00:00:00+09:00,1242.0,1320.0,1233.0,1257.0,78500,0.0,0.0
2024-05-16 00:00:00+09:00,1484.0,1540.0,1480.0,1526.0,437600,0.0,0.0
2024-05-17 00:00:00+09:00,1496.0,1519.0,1496.0,1517.0,209700,0.0,0.0
2024-05-20 00:00:00+09:00,1510.0,1686.0,1510.0,1536.0,165000,0.0,0.0
2024-05-21 00:00:00+09:00,1532.0,1543.0,1520.0,1534.0,47600,0.0,0.0
2024-05-22 00:00:00+09:00,1525.0,1534.0,1505.0,1526.0,93000,0.0,0.0
2024-05-23 00:00:00+09:00,1530.0,1579.0,1530.0,1549.0,66500,0.0,0.0
2024-05-24 00:00:00+09:00,1525.0,1560.0,1515.0,1550.0,88200,0.0,0.0
2024-05-27 00:00:00+09:00,1531.0,1545.0,1521.0,1533.0,85400,0.0,0.0
2024-05-28 00:00:00+09:00,1510.0,1518.0,1488.0,1500.0,138400,0.0,0.0
2024-05-29 00:00:00+09:00,1490.0,1495.0,1485.0,1490.0,52300,0.0,0.0
2024-05-30 00:00:00+09:00,1484.0,1490.0,1478.0,1486.0,66700,0.0,0.0
2024-05-31 00:00:00+09:00,1480.0,1485.0,1469.0,1476.0,177900,0.0,0.0
2024-06-03 00:00:00+09:00,1481.0,1530.0,1481.0,1494.0,118300,0.0,0.0
2024-06-04 00:00:00+09:00,1494.0,1515.0,1488.0,1498.0,157800,0.0,0.0
2024-06-05 00:00:00+09:00,1492.0,1496.0,1486.0,1488.0,29100,0.0,0.0
2024-06-06 00:00:00+09:00,1485.0,1491.0,1476.0,1479.0,65800,0.0,0.0
2024-06-07 00:00:00+09:00,1476.0,1481.0,1471.0,1473.0,59700,0.0,0.0
2024-06-10 00:00:00+09:00,1474.0,1477.0,1471.0,1473.0,35700,0.0,0.0
2024-06-11 00:00:00+09:00,1472.0,1473.0,1464.0,1465.0,93100,0.0,0.0
2024-06-12 00:00:00+09:00,1465.0,1467.0,1461.0,1464.0,79400,0.0,0.0
2024-06-13 00:00:00+09:00,1464.0,1465.0,1461.0,1462.0,35100,0.0,0.0
2024-06-14 00:00:00+09:00,1462.0,1465.0,1461.0,1462.0,47300,0.0,0.0
2024-06-17 00:00:00+09:00,1464.0,1474.0,1463.0,1466.0,54600,0.0,0.0
2024-06-18 00:00:00+09:00,1469.0,1474.0,1461.0,1467.0,85400,0.0,0.0
2024-06-19 00:00:00+09:00,1467.0,1468.0,1462.0,1464.0,37600,0.0,0.0
2024-06-20 00:00:00+09:00,1462.0,1463.0,1459.0,1460.0,115100,0.0,0.0
2024-06-21 00:00:00+09:00,1471.0,1524.0,1471.0,1495.0,280900,0.0,0.0
2024-06-24 00:00:00+09:00,1489.0,1545.0,1489.0,1538.0,140900,0.0,0.0
2024-06-25 00:00:00+09:00,1607.0,1700.0,1591.0,1656.0,353900,0.0,0.0
2024-06-26 00:00:00+09:00,1736.0,2046.0,1711.0,1900.0,899100,0.0,0.0
2024-06-27 00:00:00+09:00,1920.0,2019.0,1500.0,1500.0,1168400,0.0,0.0
2024-06-28 00:00:00+09:00,1450.0,1454.0,1447.0,1453.0,1062200,0.0,0.0
