Date,Open,High,Low,Close,Volume,Dividends,Stock Splits
2010-03-24 00:00:00-04:00,17.0,18.0,15.029999732971191,15.100000381469727,5530700,0.0,0.0
2010-03-25 00:00:00-04:00,15.350000381469727,15.699999809265137,14.0,14.25,1213400,0.0,0.0
2010-03-26 00:00:00-04:00,14.529999732971191,14.529999732971191,13.550000190734863,13.619999885559082,685400,0.0,0.0
2010-03-29 00:00:00-04:00,13.760000228881836,13.760000228881836,13.050000190734863,13.25,507200,0.0,0.0
2010-03-30 00:00:00-04:00,13.210000038146973,13.75,13.210000038146973,13.6899995803833,272100,0.0,0.0
2010-03-31 00:00:00-04:00,13.600000381469727,13.800000190734863,13.25,13.449999809265137,263200,0.0,0.0
2010-04-01 00:00:00-04:00,13.479999542236328,14.199999809265137,13.449999809265137,13.720000267028809,262100,0.0,0.0
2010-04-05 00:00:00-04:00,13.850000381469727,14.0600004196167,13.699999809265137,14.0,100000,0.0,0.0
2010-04-06 00:00:00-04:00,14.050000190734863,14.640000343322754,14.0,14.420000076293945,161800,0.0,0.0
2010-04-07 00:00:00-04:00,14.619999885559082,14.649999618530273,13.869999885559082,14.029999732971191,107800,0.0,0.0
2010-04-08 00:00:00-04:00,14.199999809265137,14.199999809265137,13.65999984741211,13.670000076293945,74900,0.0,0.0
2010-04-09 00:00:00-04:00,13.699999809265137,13.949999809265137,13.520000457763672,13.770000457763672,71300,0.0,0.0
2010-04-12 00:00:00-04:00,14.0,14.010000228881836,13.609999656677246,13.760000228881836,121000,0.0,0.0
2010-04-13 00:00:00-04:00,13.760000228881836,13.800000190734863,13.420000076293945,13.479999542236328,118500,0.0,0.0
2010-04-14 00:00:00-04:00,13.699999809265137,13.850000381469727,13.449999809265137,13.65999984741211,557000,0.0,0.0
2010-04-15 00:00:00-04:00,13.699999809265137,14.25,13.699999809265137,14.15999984741211,168100,0.0,0.0
2010-04-16 00:00:00-04:00,14.239999771118164,14.569999694824219,13.880000114440918,14.380000114440918,143200,0.0,0.0
2010-04-19 00:00:00-04:00,14.399999618530273,14.539999961853027,14.010000228881836,14.069999694824219,76300,0.0,0.0
2010-04-20 00:00:00-04:00,14.050000190734863,14.649999618530273,14.010000228881836,14.609999656677246,140800,0.0,0.0
2010-04-21 00:00:00-04:00,14.680000305175781,14.8100004196167,14.260000228881836,14.520000457763672,200000,0.0,0.0
2010-04-22 00:00:00-04:00,14.5,14.520000457763672,13.760000228881836,14.050000190734863,413200,0.0,0.0
2010-04-23 00:00:00-04:00,14.100000381469727,14.329999923706055,13.930000305175781,13.960000038146973,95500,0.0,0.0
2010-04-26 00:00:00-04:00,14.0,14.100000381469727,13.300000190734863,13.34000015258789,273800,0.0,0.0
2010-04-27 00:00:00-04:00,13.479999542236328,13.479999542236328,11.880000114440918,12.1899995803833,501800,0.0,0.0
2010-04-28 00:00:00-04:00,12.229999542236328,12.449999809265137,11.920000076293945,12.029999732971191,213500,0.0,0.0
2010-04-29 00:00:00-04:00,12.069999694824219,12.5,11.989999771118164,12.359999656677246,135600,0.0,0.0
2010-04-30 00:00:00-04:00,12.479999542236328,12.550000190734863,11.800000190734863,12.0,171300,0.0,0.0
2010-05-03 00:00:00-04:00,12.5,12.5,11.529999732971191,12.039999961853027,452800,0.0,0.0
2010-05-04 00:00:00-04:00,12.25,12.470000267028809,11.899999618530273,12.289999961853027,206900,0.0,0.0
2010-05-05 00:00:00-04:00,12.149999618530273,12.319999694824219,11.579999923706055,11.859999656677246,206000,0.0,0.0
2010-05-06 00:00:00-04:00,11.739999771118164,11.979999542236328,10.829999923706055,11.600000381469727,363200,0.0,0.0
2010-05-07 00:00:00-04:00,10.930000305175781,11.25,10.140000343322754,10.399999618530273,653100,0.0,0.0
2010-05-10 00:00:00-04:00,10.850000381469727,10.960000038146973,10.020000457763672,10.239999771118164,362800,0.0,0.0
2010-05-11 00:00:00-04:00,10.199999809265137,10.25,9.65999984741211,10.199999809265137,411700,0.0,0.0
2010-05-12 00:00:00-04:00,10.15999984741211,10.75,10.050000190734863,10.399999618530273,246500,0.0,0.0
2010-05-13 00:00:00-04:00,10.319999694824219,10.869999885559082,10.300000190734863,10.829999923706055,242900,0.0,0.0
2010-05-14 00:00:00-04:00,10.970000267028809,11.369999885559082,10.710000038146973,10.899999618530273,318100,0.0,0.0
2010-05-17 00:00:00-04:00,10.899999618530273,11.3100004196167,10.75,11.3100004196167,121900,0.0,0.0
2010-05-18 00:00:00-04:00,11.460000038146973,11.899999618530273,11.09000015258789,11.149999618530273,222200,0.0,0.0
2010-05-19 00:00:00-04:00,11.149999618530273,11.399999618530273,10.899999618530273,11.0600004196167,148200,0.0,0.0
2010-05-20 00:00:00-04:00,10.890000343322754,11.0,10.390000343322754,10.640000343322754,205400,0.0,0.0
2010-05-21 00:00:00-04:00,10.600000381469727,11.220000267028809,10.510000228881836,10.850000381469727,95000,0.0,0.0
2010-05-24 00:00:00-04:00,10.800000190734863,11.119999885559082,10.800000190734863,11.020000457763672,172100,0.0,0.0
2010-05-25 00:00:00-04:00,10.800000190734863,11.020000457763672,10.699999809265137,10.930000305175781,71600,0.0,0.0
2010-05-26 00:00:00-04:00,11.0,11.5600004196167,11.0,11.399999618530273,49100,0.0,0.0
2010-05-27 00:00:00-04:00,11.670000076293945,12.069999694824219,11.579999923706055,11.890000343322754,84200,0.0,0.0
2010-05-28 00:00:00-04:00,11.899999618530273,12.619999885559082,11.899999618530273,12.229999542236328,90100,0.0,0.0
2010-06-01 00:00:00-04:00,12.109999656677246,12.350000381469727,11.680000305175781,11.680000305175781,66300,0.0,0.0
2010-06-02 00:00:00-04:00,11.670000076293945,12.130000114440918,11.569999694824219,12.039999961853027,67900,0.0,0.0
2010-06-03 00:00:00-04:00,12.109999656677246,12.3100004196167,11.970000267028809,12.260000228881836,55900,0.0,0.0
2010-06-04 00:00:00-04:00,12.0,12.079999923706055,11.130000114440918,11.5600004196167,105500,0.0,0.0
2010-06-07 00:00:00-04:00,11.449999809265137,11.770000457763672,10.850000381469727,10.930000305175781,114700,0.0,0.0
2010-06-08 00:00:00-04:00,10.829999923706055,10.989999771118164,10.470000267028809,10.960000038146973,92100,0.0,0.0
2010-06-09 00:00:00-04:00,11.0,11.369999885559082,11.0,11.140000343322754,72700,0.0,0.0
2010-06-10 00:00:00-04:00,11.140000343322754,11.520000457763672,11.069999694824219,11.470000267028809,95800,0.0,0.0
2010-06-11 00:00:00-04:00,11.350000381469727,11.5,11.039999961853027,11.399999618530273,71500,0.0,0.0
2010-06-14 00:00:00-04:00,11.399999618530273,11.779999732971191,11.329999923706055,11.380000114440918,36700,0.0,0.0
2010-06-15 00:00:00-04:00,11.380000114440918,11.619999885559082,11.079999923706055,11.5,46800,0.0,0.0
2010-06-16 00:00:00-04:00,11.420000076293945,11.579999923706055,11.350000381469727,11.40999984741211,67500,0.0,0.0
2010-06-17 00:00:00-04:00,11.399999618530273,11.4399995803833,11.010000228881836,11.279999732971191,46000,0.0,0.0
2010-06-18 00:00:00-04:00,11.3100004196167,11.34000015258789,11.100000381469727,11.130000114440918,83200,0.0,0.0
2010-06-21 00:00:00-04:00,11.220000267028809,11.529999732971191,11.140000343322754,11.1899995803833,77400,0.0,0.0
2010-06-22 00:00:00-04:00,11.210000038146973,11.460000038146973,10.859999656677246,10.920000076293945,67300,0.0,0.0
2010-06-23 00:00:00-04:00,10.9399995803833,11.15999984741211,10.789999961853027,11.069999694824219,115600,0.0,0.0
2010-06-24 00:00:00-04:00,11.220000267028809,11.619999885559082,11.069999694824219,11.40999984741211,216500,0.0,0.0
2010-06-25 00:00:00-04:00,11.460000038146973,11.529999732971191,10.25,10.350000381469727,1167000,0.0,0.0
2010-06-28 00:00:00-04:00,10.350000381469727,10.9399995803833,10.300000190734863,10.850000381469727,138100,0.0,0.0
2010-06-29 00:00:00-04:00,10.75,10.75,10.350000381469727,10.380000114440918,113100,0.0,0.0
2010-06-30 00:00:00-04:00,10.449999809265137,10.520000457763672,10.239999771118164,10.260000228881836,73700,0.0,0.0
2010-07-01 00:00:00-04:00,10.279999732971191,10.390000343322754,9.930000305175781,10.220000267028809,93300,0.0,0.0
2010-07-02 00:00:00-04:00,10.220000267028809,10.529999732971191,10.069999694824219,10.3100004196167,127100,0.0,0.0
2010-07-06 00:00:00-04:00,10.399999618530273,11.149999618530273,10.399999618530273,10.869999885559082,120700,0.0,0.0
2010-07-07 00:00:00-04:00,10.899999618530273,11.399999618530273,10.680000305175781,11.380000114440918,180000,0.0,0.0
2010-07-08 00:00:00-04:00,11.380000114440918,12.039999961853027,11.359999656677246,12.029999732971191,229300,0.0,0.0
2010-07-09 00:00:00-04:00,12.0600004196167,12.4399995803833,11.6899995803833,12.390000343322754,81600,0.0,0.0
2010-07-12 00:00:00-04:00,12.380000114440918,12.640000343322754,12.199999809265137,12.390000343322754,144200,0.0,0.0
2010-07-13 00:00:00-04:00,12.369999885559082,12.369999885559082,11.6899995803833,11.739999771118164,369900,0.0,0.0
2010-07-14 00:00:00-04:00,11.670000076293945,12.270000457763672,11.279999732971191,11.649999618530273,248900,0.0,0.0
2010-07-15 00:00:00-04:00,11.619999885559082,11.6899995803833,11.359999656677246,11.510000228881836,83300,0.0,0.0
2010-07-16 00:00:00-04:00,11.470000267028809,11.649999618530273,11.180000305175781,11.350000381469727,123200,0.0,0.0
2010-07-19 00:00:00-04:00,11.369999885559082,11.4399995803833,10.859999656677246,10.869999885559082,79300,0.0,0.0
2010-07-20 00:00:00-04:00,10.75,10.930000305175781,10.65999984741211,10.850000381469727,146000,0.0,0.0
2010-07-21 00:00:00-04:00,10.880000114440918,11.119999885559082,10.65999984741211,10.710000038146973,23100,0.0,0.0
2010-07-22 00:00:00-04:00,10.84000015258789,10.930000305175781,10.670000076293945,10.800000190734863,258000,0.0,0.0
2010-07-23 00:00:00-04:00,11.609999656677246,11.630000114440918,9.75,10.449999809265137,569400,0.0,0.0
2010-07-26 00:00:00-04:00,10.430000305175781,10.579999923706055,10.050000190734863,10.4399995803833,196700,0.0,0.0
2010-07-27 00:00:00-04:00,10.430000305175781,10.579999923706055,10.220000267028809,10.479999542236328,160700,0.0,0.0
2010-07-28 00:00:00-04:00,10.479999542236328,10.710000038146973,10.399999618530273,10.579999923706055,83200,0.0,0.0
2010-07-29 00:00:00-04:00,10.649999618530273,10.75,10.5600004196167,10.609999656677246,19900,0.0,0.0
2010-07-30 00:00:00-04:00,10.539999961853027,10.779999732971191,10.520000457763672,10.680000305175781,118600,0.0,0.0
2010-08-02 00:00:00-04:00,10.779999732971191,10.829999923706055,10.600000381469727,10.630000114440918,115300,0.0,0.0
2010-08-03 00:00:00-04:00,10.59000015258789,10.75,10.489999771118164,10.5,362100,0.0,0.0
2010-08-04 00:00:00-04:00,10.529999732971191,10.75,10.529999732971191,10.75,53100,0.0,0.0
2010-08-05 00:00:00-04:00,10.670000076293945,10.779999732971191,10.609999656677246,10.699999809265137,71200,0.0,0.0
2010-08-06 00:00:00-04:00,10.800000190734863,10.800000190734863,10.369999885559082,10.520000457763672,82600,0.0,0.0
2010-08-09 00:00:00-04:00,10.5600004196167,10.699999809265137,10.430000305175781,10.460000038146973,210900,0.0,0.0
2010-08-10 00:00:00-04:00,10.390000343322754,10.430000305175781,10.100000381469727,10.229999542236328,52300,0.0,0.0
2010-08-11 00:00:00-04:00,10.069999694824219,10.119999885559082,9.8100004196167,9.949999809265137,84000,0.0,0.0
2010-08-12 00:00:00-04:00,9.869999885559082,10.359999656677246,9.869999885559082,10.350000381469727,74400,0.0,0.0
2010-08-13 00:00:00-04:00,10.289999961853027,10.319999694824219,10.130000114440918,10.239999771118164,77900,0.0,0.0
2010-08-16 00:00:00-04:00,10.210000038146973,10.40999984741211,9.770000457763672,10.1899995803833,276900,0.0,0.0
2010-08-17 00:00:00-04:00,10.270000457763672,10.550000190734863,10.020000457763672,10.399999618530273,108600,0.0,0.0
2010-08-18 00:00:00-04:00,10.5,10.510000228881836,10.260000228881836,10.3100004196167,96300,0.0,0.0
2010-08-19 00:00:00-04:00,10.279999732971191,10.279999732971191,9.979999542236328,10.039999961853027,36000,0.0,0.0
2010-08-20 00:00:00-04:00,10.020000457763672,10.09000015258789,9.800000190734863,9.930000305175781,113700,0.0,0.0
2010-08-23 00:00:00-04:00,9.949999809265137,10.210000038146973,9.84000015258789,9.989999771118164,153400,0.0,0.0
2010-08-24 00:00:00-04:00,9.850000381469727,10.0,9.569999694824219,9.899999618530273,150200,0.0,0.0
2010-08-25 00:00:00-04:00,9.859999656677246,9.949999809265137,9.770000457763672,9.90999984741211,125900,0.0,0.0
2010-08-26 00:00:00-04:00,9.869999885559082,10.399999618530273,9.850000381469727,10.399999618530273,233300,0.0,0.0
2010-08-27 00:00:00-04:00,10.5,11.300000190734863,10.479999542236328,11.180000305175781,560400,0.0,0.0
2010-08-30 00:00:00-04:00,11.170000076293945,11.739999771118164,11.15999984741211,11.460000038146973,195800,0.0,0.0
2010-08-31 00:00:00-04:00,11.460000038146973,12.460000038146973,11.460000038146973,12.15999984741211,294200,0.0,0.0
2010-09-01 00:00:00-04:00,12.399999618530273,13.180000305175781,12.359999656677246,12.720000267028809,265400,0.0,0.0
2010-09-02 00:00:00-04:00,12.670000076293945,13.229999542236328,12.670000076293945,13.15999984741211,130300,0.0,0.0
2010-09-03 00:00:00-04:00,13.369999885559082,13.550000190734863,13.100000381469727,13.289999961853027,137600,0.0,0.0
2010-09-07 00:00:00-04:00,13.300000190734863,13.300000190734863,12.899999618530273,13.020000457763672,85900,0.0,0.0
2010-09-08 00:00:00-04:00,13.050000190734863,13.25,12.949999809265137,13.149999618530273,140300,0.0,0.0
2010-09-09 00:00:00-04:00,13.239999771118164,13.25,12.989999771118164,13.050000190734863,50100,0.0,0.0
2010-09-10 00:00:00-04:00,13.039999961853027,13.170000076293945,12.760000228881836,13.109999656677246,100400,0.0,0.0
2010-09-13 00:00:00-04:00,13.229999542236328,13.229999542236328,13.010000228881836,13.15999984741211,86500,0.0,0.0
2010-09-14 00:00:00-04:00,13.15999984741211,13.550000190734863,13.100000381469727,13.380000114440918,100400,0.0,0.0
2010-09-15 00:00:00-04:00,13.329999923706055,13.5,13.0,13.300000190734863,129600,0.0,0.0
2010-09-16 00:00:00-04:00,12.399999618530273,13.0,11.9399995803833,13.0,675000,0.0,0.0
2010-09-17 00:00:00-04:00,12.369999885559082,12.899999618530273,12.260000228881836,12.449999809265137,277800,0.0,0.0
2010-09-20 00:00:00-04:00,12.359999656677246,12.890000343322754,12.029999732971191,12.470000267028809,190500,0.0,0.0
2010-09-21 00:00:00-04:00,12.479999542236328,12.479999542236328,11.970000267028809,12.039999961853027,340600,0.0,0.0
2010-09-22 00:00:00-04:00,12.020000457763672,12.25,11.710000038146973,12.039999961853027,164200,0.0,0.0
2010-09-23 00:00:00-04:00,11.960000038146973,12.5,11.869999885559082,12.229999542236328,180600,0.0,0.0
2010-09-24 00:00:00-04:00,12.279999732971191,13.079999923706055,12.279999732971191,13.029999732971191,312200,0.0,0.0
2010-09-27 00:00:00-04:00,13.050000190734863,13.149999618530273,12.630000114440918,13.069999694824219,499000,0.0,0.0
2010-09-28 00:00:00-04:00,13.140000343322754,13.859999656677246,12.960000038146973,13.680000305175781,356900,0.0,0.0
2010-09-29 00:00:00-04:00,13.569999694824219,14.369999885559082,13.5600004196167,13.979999542236328,305800,0.0,0.0
2010-09-30 00:00:00-04:00,14.079999923706055,14.40999984741211,13.920000076293945,14.359999656677246,503600,0.0,0.0
2010-10-01 00:00:00-04:00,14.359999656677246,14.449999809265137,13.260000228881836,13.899999618530273,256400,0.0,0.0
2010-10-04 00:00:00-04:00,13.75,13.899999618530273,13.40999984741211,13.5,635400,0.0,0.0
2010-10-05 00:00:00-04:00,13.539999961853027,13.600000381469727,12.880000114440918,13.399999618530273,506700,0.0,0.0
2010-10-06 00:00:00-04:00,13.430000305175781,13.430000305175781,12.899999618530273,13.079999923706055,391700,0.0,0.0
2010-10-07 00:00:00-04:00,13.130000114440918,13.15999984741211,12.539999961853027,12.710000038146973,580900,0.0,0.0
2010-10-08 00:00:00-04:00,12.770000457763672,13.0,12.5600004196167,12.960000038146973,290000,0.0,0.0
2010-10-11 00:00:00-04:00,12.989999771118164,13.15999984741211,12.869999885559082,13.0,220000,0.0,0.0
2010-10-12 00:00:00-04:00,12.970000267028809,13.5,12.869999885559082,13.359999656677246,280200,0.0,0.0
2010-10-13 00:00:00-04:00,13.390000343322754,13.670000076293945,13.25,13.470000267028809,388400,0.0,0.0
2010-10-14 00:00:00-04:00,13.510000228881836,13.579999923706055,12.770000457763672,12.949999809265137,211200,0.0,0.0
2010-10-15 00:00:00-04:00,13.140000343322754,13.140000343322754,12.890000343322754,12.989999771118164,208200,0.0,0.0
2010-10-18 00:00:00-04:00,13.0,13.09000015258789,12.850000381469727,12.949999809265137,196600,0.0,0.0
2010-10-19 00:00:00-04:00,12.850000381469727,13.069999694824219,12.720000267028809,12.770000457763672,310600,0.0,0.0
2010-10-20 00:00:00-04:00,12.850000381469727,12.970000267028809,12.510000228881836,12.640000343322754,310000,0.0,0.0
2010-10-21 00:00:00-04:00,12.710000038146973,12.850000381469727,12.350000381469727,12.65999984741211,354800,0.0,0.0
2010-10-22 00:00:00-04:00,12.699999809265137,12.9399995803833,12.539999961853027,12.930000305175781,307000,0.0,0.0
2010-10-25 00:00:00-04:00,13.100000381469727,13.4399995803833,12.84000015258789,12.850000381469727,186200,0.0,0.0
2010-10-26 00:00:00-04:00,12.75,12.949999809265137,12.670000076293945,12.779999732971191,200600,0.0,0.0
2010-10-27 00:00:00-04:00,12.720000267028809,12.789999961853027,12.4399995803833,12.539999961853027,325300,0.0,0.0
2010-10-28 00:00:00-04:00,12.550000190734863,12.649999618530273,12.260000228881836,12.539999961853027,208800,0.0,0.0
2010-10-29 00:00:00-04:00,12.319999694824219,12.84000015258789,12.25,12.640000343322754,204200,0.0,0.0
2010-11-01 00:00:00-04:00,12.59000015258789,12.699999809265137,12.399999618530273,12.5,267400,0.0,0.0
2010-11-02 00:00:00-04:00,12.619999885559082,12.729999542236328,12.390000343322754,12.579999923706055,231800,0.0,0.0
2010-11-03 00:00:00-04:00,12.579999923706055,12.630000114440918,12.25,12.449999809265137,113800,0.0,0.0
2010-11-04 00:00:00-04:00,12.449999809265137,12.609999656677246,12.300000190734863,12.5,163100,0.0,0.0
2010-11-05 00:00:00-04:00,12.399999618530273,12.539999961853027,12.289999961853027,12.460000038146973,109500,0.0,0.0
2010-11-08 00:00:00-05:00,12.4399995803833,12.569999694824219,12.359999656677246,12.520000457763672,151500,0.0,0.0
2010-11-09 00:00:00-05:00,13.65999984741211,13.65999984741211,12.520000457763672,12.699999809265137,226700,0.0,0.0
2010-11-10 00:00:00-05:00,12.569999694824219,12.779999732971191,12.350000381469727,12.670000076293945,158900,0.0,0.0
2010-11-11 00:00:00-05:00,12.600000381469727,13.3100004196167,12.600000381469727,12.989999771118164,472200,0.0,0.0
2010-11-12 00:00:00-05:00,12.880000114440918,13.0600004196167,12.390000343322754,12.75,152800,0.0,0.0
2010-11-15 00:00:00-05:00,12.789999961853027,12.920000076293945,12.300000190734863,12.470000267028809,120600,0.0,0.0
2010-11-16 00:00:00-05:00,12.350000381469727,12.710000038146973,12.170000076293945,12.539999961853027,144000,0.0,0.0
2010-11-17 00:00:00-05:00,12.569999694824219,12.710000038146973,12.460000038146973,12.539999961853027,90300,0.0,0.0
2010-11-18 00:00:00-05:00,12.630000114440918,13.0,12.520000457763672,12.859999656677246,140800,0.0,0.0
2010-11-19 00:00:00-05:00,12.789999961853027,12.859999656677246,12.420000076293945,12.850000381469727,79900,0.0,0.0
2010-11-22 00:00:00-05:00,12.850000381469727,12.949999809265137,12.569999694824219,12.920000076293945,200200,0.0,0.0
2010-11-23 00:00:00-05:00,12.720000267028809,12.869999885559082,12.430000305175781,12.619999885559082,276100,0.0,0.0
2010-11-24 00:00:00-05:00,12.729999542236328,13.050000190734863,12.729999542236328,12.899999618530273,160400,0.0,0.0
2010-11-26 00:00:00-05:00,12.770000457763672,12.930000305175781,12.5600004196167,12.850000381469727,52500,0.0,0.0
2010-11-29 00:00:00-05:00,12.739999771118164,12.880000114440918,12.430000305175781,12.819999694824219,235900,0.0,0.0
2010-11-30 00:00:00-05:00,12.600000381469727,12.829999923706055,12.520000457763672,12.770000457763672,855300,0.0,0.0
2010-12-01 00:00:00-05:00,13.0,13.729999542236328,12.90999984741211,13.729999542236328,1167700,0.0,0.0
2010-12-02 00:00:00-05:00,13.609999656677246,14.420000076293945,13.600000381469727,14.390000343322754,697500,0.0,0.0
2010-12-03 00:00:00-05:00,14.270000457763672,15.489999771118164,14.270000457763672,15.229999542236328,536000,0.0,0.0
2010-12-06 00:00:00-05:00,15.270000457763672,15.949999809265137,15.199999809265137,15.479999542236328,514700,0.0,0.0
2010-12-07 00:00:00-05:00,15.600000381469727,15.630000114440918,15.109999656677246,15.199999809265137,391400,0.0,0.0
2010-12-08 00:00:00-05:00,15.1899995803833,15.800000190734863,15.069999694824219,15.779999732971191,237800,0.0,0.0
2010-12-09 00:00:00-05:00,15.779999732971191,16.3700008392334,15.649999618530273,16.010000228881836,430600,0.0,0.0
2010-12-10 00:00:00-05:00,15.989999771118164,16.010000228881836,15.75,15.90999984741211,244900,0.0,0.0
2010-12-13 00:00:00-05:00,15.90999984741211,16.389999389648438,15.770000457763672,15.899999618530273,381800,0.0,0.0
2010-12-14 00:00:00-05:00,16.149999618530273,16.6299991607666,16.149999618530273,16.219999313354492,446300,0.0,0.0
2010-12-15 00:00:00-05:00,16.270000457763672,16.270000457763672,15.770000457763672,15.970000267028809,223000,0.0,0.0
2010-12-16 00:00:00-05:00,15.970000267028809,16.149999618530273,15.460000038146973,15.65999984741211,304100,0.0,0.0
2010-12-17 00:00:00-05:00,15.800000190734863,16.25,15.680000305175781,15.890000343322754,549400,0.0,0.0
2010-12-20 00:00:00-05:00,15.890000343322754,16.059999465942383,15.850000381469727,15.960000038146973,110800,0.0,0.0
2010-12-21 00:00:00-05:00,15.989999771118164,16.329999923706055,15.850000381469727,16.31999969482422,88900,0.0,0.0
2010-12-22 00:00:00-05:00,16.299999237060547,16.969999313354492,16.299999237060547,16.860000610351562,282900,0.0,0.0
2010-12-23 00:00:00-05:00,16.860000610351562,17.0,16.709999084472656,16.950000762939453,97100,0.0,0.0
2010-12-27 00:00:00-05:00,16.940000534057617,17.360000610351562,16.940000534057617,17.110000610351562,137400,0.0,0.0
2010-12-28 00:00:00-05:00,17.18000030517578,17.399999618530273,16.969999313354492,17.170000076293945,135400,0.0,0.0
2010-12-29 00:00:00-05:00,17.18000030517578,17.299999237060547,16.969999313354492,17.030000686645508,98200,0.0,0.0
2010-12-30 00:00:00-05:00,17.079999923706055,17.149999618530273,16.75,17.040000915527344,57500,0.0,0.0
2010-12-31 00:00:00-05:00,17.049999237060547,17.049999237060547,16.68000030517578,16.899999618530273,63500,0.0,0.0
2011-01-03 00:00:00-05:00,16.959999084472656,17.229999542236328,16.5,17.049999237060547,229900,0.0,0.0
2011-01-04 00:00:00-05:00,16.299999237060547,16.8700008392334,16.100000381469727,16.479999542236328,454400,0.0,0.0
2011-01-05 00:00:00-05:00,16.389999389648438,16.81999969482422,16.290000915527344,16.530000686645508,254700,0.0,0.0
2011-01-06 00:00:00-05:00,16.219999313354492,16.299999237060547,15.789999961853027,16.299999237060547,235200,0.0,0.0
2011-01-07 00:00:00-05:00,16.350000381469727,16.43000030517578,16.0,16.25,95200,0.0,0.0
2011-01-10 00:00:00-05:00,16.1299991607666,16.420000076293945,16.0,16.360000610351562,120700,0.0,0.0
2011-01-11 00:00:00-05:00,16.459999084472656,16.850000381469727,16.31999969482422,16.639999389648438,169000,0.0,0.0
2011-01-12 00:00:00-05:00,16.780000686645508,16.899999618530273,16.65999984741211,16.75,61600,0.0,0.0
2011-01-13 00:00:00-05:00,16.75,16.860000610351562,16.700000762939453,16.770000457763672,104000,0.0,0.0
2011-01-14 00:00:00-05:00,16.65999984741211,16.850000381469727,15.489999771118164,16.489999771118164,228800,0.0,0.0
2011-01-18 00:00:00-05:00,16.3700008392334,16.43000030517578,15.949999809265137,16.18000030517578,111300,0.0,0.0
2011-01-19 00:00:00-05:00,16.200000762939453,16.280000686645508,15.380000114440918,15.640000343322754,217000,0.0,0.0
2011-01-20 00:00:00-05:00,15.510000228881836,16.209999084472656,14.989999771118164,15.989999771118164,186600,0.0,0.0
2011-01-21 00:00:00-05:00,16.100000381469727,16.100000381469727,15.5,15.779999732971191,72000,0.0,0.0
2011-01-24 00:00:00-05:00,15.899999618530273,15.899999618530273,15.59000015258789,15.609999656677246,75800,0.0,0.0
2011-01-25 00:00:00-05:00,15.5,15.829999923706055,15.260000228881836,15.40999984741211,133300,0.0,0.0
2011-01-26 00:00:00-05:00,15.470000267028809,15.890000343322754,15.470000267028809,15.699999809265137,38600,0.0,0.0
2011-01-27 00:00:00-05:00,15.729999542236328,15.729999542236328,15.40999984741211,15.640000343322754,75400,0.0,0.0
2011-01-28 00:00:00-05:00,15.65999984741211,15.970000267028809,15.5,15.8100004196167,148300,0.0,0.0
2011-01-31 00:00:00-05:00,15.779999732971191,16.440000534057617,15.779999732971191,16.299999237060547,615900,0.0,0.0
2011-02-01 00:00:00-05:00,16.489999771118164,16.489999771118164,16.200000762939453,16.309999465942383,200300,0.0,0.0
2011-02-02 00:00:00-05:00,16.329999923706055,16.700000762939453,15.90999984741211,16.0,187300,0.0,0.0
2011-02-03 00:00:00-05:00,15.880000114440918,16.0,15.319999694824219,15.8100004196167,340700,0.0,0.0
2011-02-04 00:00:00-05:00,16.110000610351562,17.479999542236328,15.880000114440918,17.3799991607666,743400,0.0,0.0
2011-02-07 00:00:00-05:00,17.450000762939453,18.950000762939453,17.270000457763672,17.989999771118164,590800,0.0,0.0
2011-02-08 00:00:00-05:00,17.700000762939453,18.209999084472656,17.579999923706055,18.100000381469727,292400,0.0,0.0
2011-02-09 00:00:00-05:00,18.0,18.18000030517578,17.719999313354492,17.979999542236328,132500,0.0,0.0
2011-02-10 00:00:00-05:00,17.790000915527344,18.25,17.6299991607666,18.149999618530273,131100,0.0,0.0
2011-02-11 00:00:00-05:00,18.1299991607666,18.65999984741211,18.030000686645508,18.59000015258789,156600,0.0,0.0
2011-02-14 00:00:00-05:00,18.549999237060547,20.799999237060547,18.549999237060547,20.010000228881836,770600,0.0,0.0
2011-02-15 00:00:00-05:00,19.979999542236328,20.360000610351562,19.790000915527344,20.040000915527344,243900,0.0,0.0
2011-02-16 00:00:00-05:00,19.950000762939453,20.0,19.440000534057617,19.84000015258789,243500,0.0,0.0
2011-02-17 00:00:00-05:00,19.860000610351562,19.940000534057617,19.020000457763672,19.100000381469727,177300,0.0,0.0
2011-02-18 00:00:00-05:00,19.299999237060547,19.5,18.809999465942383,19.149999618530273,222000,0.0,0.0
2011-02-22 00:00:00-05:00,19.0,19.440000534057617,18.40999984741211,18.440000534057617,190800,0.0,0.0
2011-02-23 00:00:00-05:00,18.510000228881836,19.110000610351562,18.40999984741211,19.100000381469727,585900,0.0,0.0
2011-02-24 00:00:00-05:00,19.100000381469727,19.75,18.84000015258789,19.75,356600,0.0,0.0
2011-02-25 00:00:00-05:00,19.780000686645508,19.899999618530273,18.950000762939453,19.110000610351562,326300,0.0,0.0
2011-02-28 00:00:00-05:00,19.059999465942383,19.1200008392334,17.780000686645508,17.790000915527344,689500,0.0,0.0
2011-03-01 00:00:00-05:00,17.940000534057617,18.59000015258789,17.5,18.280000686645508,927500,0.0,0.0
2011-03-02 00:00:00-05:00,18.3799991607666,19.1200008392334,18.049999237060547,19.06999969482422,369200,0.0,0.0
2011-03-03 00:00:00-05:00,19.280000686645508,20.489999771118164,19.149999618530273,20.0,766700,0.0,0.0
2011-03-04 00:00:00-05:00,19.979999542236328,20.100000381469727,19.329999923706055,19.6299991607666,157500,0.0,0.0
2011-03-07 00:00:00-05:00,22.530000686645508,22.530000686645508,19.649999618530273,20.40999984741211,852400,0.0,0.0
2011-03-08 00:00:00-05:00,20.3700008392334,20.649999618530273,20.0,20.209999084472656,163400,0.0,0.0
2011-03-09 00:00:00-05:00,20.25,20.25,18.649999618530273,19.600000381469727,347800,0.0,0.0
2011-03-10 00:00:00-05:00,19.479999542236328,19.479999542236328,18.850000381469727,18.989999771118164,225400,0.0,0.0
2011-03-11 00:00:00-05:00,18.799999237060547,19.350000381469727,18.739999771118164,19.209999084472656,184500,0.0,0.0
2011-03-14 00:00:00-04:00,15.430000305175781,19.100000381469727,15.430000305175781,18.25,272800,0.0,0.0
2011-03-15 00:00:00-04:00,18.190000534057617,18.190000534057617,17.43000030517578,17.68000030517578,309800,0.0,0.0
2011-03-16 00:00:00-04:00,17.600000381469727,18.09000015258789,17.290000915527344,17.440000534057617,384000,0.0,0.0
2011-03-17 00:00:00-04:00,17.450000762939453,18.549999237060547,17.450000762939453,18.5,239500,0.0,0.0
2011-03-18 00:00:00-04:00,18.649999618530273,18.690000534057617,18.1299991607666,18.56999969482422,229500,0.0,0.0
2011-03-21 00:00:00-04:00,18.84000015258789,19.030000686645508,18.690000534057617,18.860000610351562,100900,0.0,0.0
2011-03-22 00:00:00-04:00,18.920000076293945,19.0,18.260000228881836,18.469999313354492,154900,0.0,0.0
2011-03-23 00:00:00-04:00,18.489999771118164,19.239999771118164,18.399999618530273,19.149999618530273,239600,0.0,0.0
2011-03-24 00:00:00-04:00,19.15999984741211,19.530000686645508,18.719999313354492,19.0,296100,0.0,0.0
2011-03-25 00:00:00-04:00,19.270000457763672,19.450000762939453,19.0,19.110000610351562,204100,0.0,0.0
2011-03-28 00:00:00-04:00,19.18000030517578,19.93000030517578,19.1200008392334,19.670000076293945,509900,0.0,0.0
2011-03-29 00:00:00-04:00,19.639999389648438,20.149999618530273,19.510000228881836,19.950000762939453,226200,0.0,0.0
2011-03-30 00:00:00-04:00,20.049999237060547,20.850000381469727,20.0,20.469999313354492,394700,0.0,0.0
2011-03-31 00:00:00-04:00,20.520000457763672,20.579999923706055,20.260000228881836,20.309999465942383,89300,0.0,0.0
2011-04-01 00:00:00-04:00,20.440000534057617,20.770000457763672,20.1299991607666,20.459999084472656,503800,0.0,0.0
2011-04-04 00:00:00-04:00,20.510000228881836,20.690000534057617,20.110000610351562,20.420000076293945,266700,0.0,0.0
2011-04-05 00:00:00-04:00,20.25,20.489999771118164,19.59000015258789,20.06999969482422,571600,0.0,0.0
2011-04-06 00:00:00-04:00,20.1200008392334,20.5,20.0,20.209999084472656,233400,0.0,0.0
2011-04-07 00:00:00-04:00,20.239999771118164,20.399999618530273,19.799999237060547,20.139999389648438,486200,0.0,0.0
2011-04-08 00:00:00-04:00,20.049999237060547,20.489999771118164,19.93000030517578,20.18000030517578,560900,0.0,0.0
2011-04-11 00:00:00-04:00,20.25,20.25,19.829999923706055,19.90999984741211,178800,0.0,0.0
2011-04-12 00:00:00-04:00,19.860000610351562,19.920000076293945,19.6299991607666,19.770000457763672,479700,0.0,0.0
2011-04-13 00:00:00-04:00,21.5,21.5,19.790000915527344,19.920000076293945,185800,0.0,0.0
2011-04-14 00:00:00-04:00,19.780000686645508,20.0,19.530000686645508,19.729999542236328,173500,0.0,0.0
2011-04-15 00:00:00-04:00,19.68000030517578,19.68000030517578,19.149999618530273,19.239999771118164,222400,0.0,0.0
2011-04-18 00:00:00-04:00,19.100000381469727,19.200000762939453,18.31999969482422,18.530000686645508,199700,0.0,0.0
2011-04-19 00:00:00-04:00,18.579999923706055,18.8700008392334,18.299999237060547,18.639999389648438,468800,0.0,0.0
2011-04-20 00:00:00-04:00,18.850000381469727,19.0,18.709999084472656,18.959999084472656,179800,0.0,0.0
2011-04-21 00:00:00-04:00,19.110000610351562,19.190000534057617,18.959999084472656,19.139999389648438,166500,0.0,0.0
2011-04-25 00:00:00-04:00,19.010000228881836,19.5,18.649999618530273,19.469999313354492,147800,0.0,0.0
2011-04-26 00:00:00-04:00,19.489999771118164,19.799999237060547,19.399999618530273,19.6200008392334,284300,0.0,0.0
2011-04-27 00:00:00-04:00,19.649999618530273,20.040000915527344,19.649999618530273,19.920000076293945,293400,0.0,0.0
2011-04-28 00:00:00-04:00,19.899999618530273,20.209999084472656,19.899999618530273,20.1200008392334,331500,0.0,0.0
2011-04-29 00:00:00-04:00,21.309999465942383,22.1299991607666,20.450000762939453,21.860000610351562,1027200,0.0,0.0
2011-05-02 00:00:00-04:00,22.139999389648438,22.139999389648438,20.25,21.3799991607666,1008300,0.0,0.0
2011-05-03 00:00:00-04:00,21.34000015258789,21.40999984741211,20.889999389648438,21.31999969482422,505100,0.0,0.0
2011-05-04 00:00:00-04:00,20.920000076293945,20.920000076293945,20.6200008392334,20.790000915527344,473000,0.0,0.0
2011-05-05 00:00:00-04:00,20.579999923706055,20.959999084472656,20.459999084472656,20.68000030517578,277200,0.0,0.0
2011-05-06 00:00:00-04:00,21.0,22.0,20.899999618530273,21.829999923706055,1009200,0.0,0.0
2011-05-09 00:00:00-04:00,21.899999618530273,22.479999542236328,21.690000534057617,22.360000610351562,674800,0.0,0.0
2011-05-10 00:00:00-04:00,22.40999984741211,22.43000030517578,21.860000610351562,22.049999237060547,427600,0.0,0.0
2011-05-11 00:00:00-04:00,21.940000534057617,21.940000534057617,21.229999542236328,21.399999618530273,435200,0.0,0.0
2011-05-12 00:00:00-04:00,21.43000030517578,22.780000686645508,21.219999313354492,22.610000610351562,1046000,0.0,0.0
2011-05-13 00:00:00-04:00,22.299999237060547,22.530000686645508,21.860000610351562,22.100000381469727,574500,0.0,0.0
2011-05-16 00:00:00-04:00,22.219999313354492,22.270000457763672,21.670000076293945,21.989999771118164,483600,0.0,0.0
2011-05-17 00:00:00-04:00,22.030000686645508,22.030000686645508,21.399999618530273,21.90999984741211,468300,0.0,0.0
2011-05-18 00:00:00-04:00,22.290000915527344,22.969999313354492,22.0,22.780000686645508,545600,0.0,0.0
2011-05-19 00:00:00-04:00,22.969999313354492,22.969999313354492,22.030000686645508,22.110000610351562,409300,0.0,0.0
2011-05-20 00:00:00-04:00,22.0,22.139999389648438,21.5,21.540000915527344,506500,0.0,0.0
2011-05-23 00:00:00-04:00,21.3799991607666,21.3799991607666,20.709999084472656,21.0,337600,0.0,0.0
2011-05-24 00:00:00-04:00,21.030000686645508,21.200000762939453,20.690000534057617,21.1200008392334,371600,0.0,0.0
2011-05-25 00:00:00-04:00,21.09000015258789,21.709999084472656,21.010000228881836,21.219999313354492,397000,0.0,0.0
2011-05-26 00:00:00-04:00,21.170000076293945,21.299999237060547,20.809999465942383,21.219999313354492,251000,0.0,0.0
2011-05-27 00:00:00-04:00,21.270000457763672,21.899999618530273,21.15999984741211,21.780000686645508,196600,0.0,0.0
2011-05-31 00:00:00-04:00,21.979999542236328,21.989999771118164,21.0,21.56999969482422,564200,0.0,0.0
2011-06-01 00:00:00-04:00,21.530000686645508,21.530000686645508,20.399999618530273,20.440000534057617,453100,0.0,0.0
2011-06-02 00:00:00-04:00,20.510000228881836,20.780000686645508,20.260000228881836,20.59000015258789,187900,0.0,0.0
2011-06-03 00:00:00-04:00,20.290000915527344,20.809999465942383,20.260000228881836,20.639999389648438,232400,0.0,0.0
2011-06-06 00:00:00-04:00,20.719999313354492,20.719999313354492,19.790000915527344,20.0,425700,0.0,0.0
2011-06-07 00:00:00-04:00,20.110000610351562,20.149999618530273,19.6200008392334,19.770000457763672,402400,0.0,0.0
2011-06-08 00:00:00-04:00,19.670000076293945,19.84000015258789,19.40999984741211,19.6299991607666,458700,0.0,0.0
2011-06-09 00:00:00-04:00,19.780000686645508,20.389999389648438,19.420000076293945,20.270000457763672,359200,0.0,0.0
2011-06-10 00:00:00-04:00,20.200000762939453,20.299999237060547,19.600000381469727,20.020000457763672,306700,0.0,0.0
2011-06-13 00:00:00-04:00,20.239999771118164,20.790000915527344,20.079999923706055,20.09000015258789,310400,0.0,0.0
2011-06-14 00:00:00-04:00,20.309999465942383,20.6200008392334,20.049999237060547,20.600000381469727,294200,0.0,0.0
2011-06-15 00:00:00-04:00,20.260000228881836,20.760000228881836,20.260000228881836,20.5,402800,0.0,0.0
2011-06-16 00:00:00-04:00,20.360000610351562,20.440000534057617,18.850000381469727,19.43000030517578,964000,0.0,0.0
2011-06-17 00:00:00-04:00,19.6200008392334,19.639999389648438,18.329999923706055,18.989999771118164,655200,0.0,0.0
2011-06-20 00:00:00-04:00,18.90999984741211,19.549999237060547,18.860000610351562,19.399999618530273,219000,0.0,0.0
2011-06-21 00:00:00-04:00,19.540000915527344,20.950000762939453,19.510000228881836,20.709999084472656,534900,0.0,0.0
2011-06-22 00:00:00-04:00,20.6200008392334,20.959999084472656,20.6200008392334,20.709999084472656,254900,0.0,0.0
2011-06-23 00:00:00-04:00,20.3799991607666,20.56999969482422,19.700000762939453,20.510000228881836,481000,0.0,0.0
2011-06-24 00:00:00-04:00,20.559999465942383,21.020000457763672,20.190000534057617,20.68000030517578,2879600,0.0,0.0
2011-06-27 00:00:00-04:00,20.579999923706055,21.18000030517578,20.219999313354492,21.100000381469727,268500,0.0,0.0
2011-06-28 00:00:00-04:00,21.149999618530273,21.850000381469727,20.959999084472656,21.770000457763672,273100,0.0,0.0
2011-06-29 00:00:00-04:00,21.770000457763672,21.989999771118164,21.610000610351562,21.729999542236328,190900,0.0,0.0
2011-06-30 00:00:00-04:00,21.649999618530273,21.8700008392334,20.610000610351562,20.81999969482422,554300,0.0,0.0
2011-07-01 00:00:00-04:00,20.950000762939453,21.520000457763672,20.43000030517578,21.459999084472656,411700,0.0,0.0
2011-07-05 00:00:00-04:00,21.549999237060547,21.719999313354492,21.280000686645508,21.56999969482422,281900,0.0,0.0
2011-07-06 00:00:00-04:00,21.540000915527344,21.93000030517578,21.360000610351562,21.889999389648438,242700,0.0,0.0
2011-07-07 00:00:00-04:00,22.049999237060547,22.09000015258789,21.520000457763672,21.829999923706055,377300,0.0,0.0
2011-07-08 00:00:00-04:00,21.56999969482422,21.780000686645508,21.260000228881836,21.709999084472656,249800,0.0,0.0
2011-07-11 00:00:00-04:00,21.420000076293945,21.459999084472656,20.719999313354492,20.799999237060547,212900,0.0,0.0
2011-07-12 00:00:00-04:00,20.68000030517578,21.059999465942383,20.469999313354492,20.56999969482422,270400,0.0,0.0
2011-07-13 00:00:00-04:00,21.020000457763672,22.110000610351562,20.719999313354492,21.31999969482422,345300,0.0,0.0
2011-07-14 00:00:00-04:00,21.389999389648438,21.389999389648438,20.350000381469727,20.969999313354492,403600,0.0,0.0
2011-07-15 00:00:00-04:00,21.010000228881836,21.420000076293945,20.739999771118164,20.979999542236328,320900,0.0,0.0
2011-07-18 00:00:00-04:00,20.829999923706055,21.149999618530273,20.0,20.75,387700,0.0,0.0
2011-07-19 00:00:00-04:00,20.860000610351562,21.709999084472656,20.770000457763672,21.670000076293945,284500,0.0,0.0
2011-07-20 00:00:00-04:00,21.610000610351562,21.770000457763672,21.110000610351562,21.729999542236328,310900,0.0,0.0
2011-07-21 00:00:00-04:00,21.700000762939453,22.079999923706055,21.5,22.020000457763672,654400,0.0,0.0
2011-07-22 00:00:00-04:00,22.0,22.469999313354492,20.020000457763672,20.299999237060547,1170000,0.0,0.0
2011-07-25 00:00:00-04:00,20.100000381469727,20.549999237060547,19.780000686645508,19.81999969482422,351400,0.0,0.0
2011-07-26 00:00:00-04:00,19.760000228881836,19.940000534057617,19.1299991607666,19.530000686645508,317600,0.0,0.0
2011-07-27 00:00:00-04:00,19.25,19.25,18.079999923706055,18.25,565200,0.0,0.0
2011-07-28 00:00:00-04:00,18.3700008392334,18.440000534057617,17.299999237060547,18.280000686645508,557600,0.0,0.0
2011-07-29 00:00:00-04:00,18.149999618530273,18.510000228881836,17.790000915527344,18.34000015258789,540700,0.0,0.0
2011-08-01 00:00:00-04:00,18.6299991607666,18.799999237060547,17.68000030517578,17.899999618530273,421800,0.0,0.0
2011-08-02 00:00:00-04:00,17.700000762939453,18.079999923706055,16.950000762939453,17.020000457763672,491000,0.0,0.0
2011-08-03 00:00:00-04:00,16.989999771118164,17.31999969482422,16.6200008392334,17.06999969482422,459800,0.0,0.0
2011-08-04 00:00:00-04:00,16.780000686645508,16.84000015258789,14.850000381469727,14.9399995803833,812100,0.0,0.0
2011-08-05 00:00:00-04:00,15.170000076293945,15.6899995803833,14.390000343322754,14.970000267028809,613400,0.0,0.0
2011-08-08 00:00:00-04:00,14.529999732971191,14.859999656677246,13.550000190734863,13.630000114440918,626300,0.0,0.0
2011-08-09 00:00:00-04:00,14.010000228881836,14.510000228881836,13.170000076293945,14.25,730200,0.0,0.0
2011-08-10 00:00:00-04:00,13.779999732971191,14.800000190734863,13.670000076293945,14.239999771118164,639600,0.0,0.0
2011-08-11 00:00:00-04:00,14.489999771118164,15.930000305175781,14.489999771118164,15.640000343322754,603600,0.0,0.0
2011-08-12 00:00:00-04:00,15.8100004196167,16.290000915527344,15.779999732971191,15.899999618530273,528600,0.0,0.0
2011-08-15 00:00:00-04:00,15.979999542236328,16.209999084472656,15.880000114440918,16.139999389648438,280600,0.0,0.0
2011-08-16 00:00:00-04:00,15.880000114440918,15.930000305175781,15.399999618530273,15.529999732971191,268400,0.0,0.0
2011-08-17 00:00:00-04:00,15.630000114440918,15.779999732971191,15.270000457763672,15.5,319000,0.0,0.0
2011-08-18 00:00:00-04:00,14.880000114440918,14.989999771118164,13.279999732971191,13.649999618530273,727400,0.0,0.0
2011-08-19 00:00:00-04:00,13.369999885559082,13.90999984741211,12.8100004196167,12.920000076293945,501900,0.0,0.0
2011-08-22 00:00:00-04:00,13.109999656677246,13.470000267028809,12.9399995803833,12.989999771118164,628200,0.0,0.0
2011-08-23 00:00:00-04:00,13.079999923706055,13.3100004196167,12.930000305175781,13.149999618530273,563700,0.0,0.0
2011-08-24 00:00:00-04:00,13.149999618530273,14.020000457763672,13.050000190734863,14.0,452500,0.0,0.0
2011-08-25 00:00:00-04:00,14.170000076293945,14.1899995803833,13.050000190734863,13.1899995803833,308100,0.0,0.0
2011-08-26 00:00:00-04:00,13.119999885559082,13.479999542236328,12.729999542236328,13.449999809265137,537700,0.0,0.0
2011-08-29 00:00:00-04:00,13.670000076293945,14.390000343322754,13.670000076293945,14.359999656677246,396800,0.0,0.0
2011-08-30 00:00:00-04:00,14.279999732971191,15.119999885559082,14.25,14.850000381469727,1138200,0.0,0.0
2011-08-31 00:00:00-04:00,14.960000038146973,14.979999542236328,14.4399995803833,14.779999732971191,356600,0.0,0.0
2011-09-01 00:00:00-04:00,14.850000381469727,14.899999618530273,13.899999618530273,14.0,236700,0.0,0.0
2011-09-02 00:00:00-04:00,13.699999809265137,13.699999809265137,12.760000228881836,12.890000343322754,492500,0.0,0.0
2011-09-06 00:00:00-04:00,12.5,12.609999656677246,11.319999694824219,12.399999618530273,589500,0.0,0.0
2011-09-07 00:00:00-04:00,12.65999984741211,12.890000343322754,12.260000228881836,12.869999885559082,518500,0.0,0.0
2011-09-08 00:00:00-04:00,12.699999809265137,13.050000190734863,12.079999923706055,12.09000015258789,350700,0.0,0.0
2011-09-09 00:00:00-04:00,11.970000267028809,12.15999984741211,11.609999656677246,11.949999809265137,524200,0.0,0.0
2011-09-12 00:00:00-04:00,11.739999771118164,12.260000228881836,11.380000114440918,11.720000267028809,339400,0.0,0.0
2011-09-13 00:00:00-04:00,11.800000190734863,12.239999771118164,11.640000343322754,12.15999984741211,373000,0.0,0.0
2011-09-14 00:00:00-04:00,12.289999961853027,12.619999885559082,11.90999984741211,12.390000343322754,333700,0.0,0.0
2011-09-15 00:00:00-04:00,12.539999961853027,12.760000228881836,12.3100004196167,12.479999542236328,199000,0.0,0.0
2011-09-16 00:00:00-04:00,12.449999809265137,12.470000267028809,11.84000015258789,11.960000038146973,369400,0.0,0.0
2011-09-19 00:00:00-04:00,11.699999809265137,11.75,11.119999885559082,11.550000190734863,421600,0.0,0.0
2011-09-20 00:00:00-04:00,11.619999885559082,11.640000343322754,10.9399995803833,10.949999809265137,540700,0.0,0.0
2011-09-21 00:00:00-04:00,11.020000457763672,11.40999984741211,10.800000190734863,10.819999694824219,350200,0.0,0.0
2011-09-22 00:00:00-04:00,10.399999618530273,10.579999923706055,9.729999542236328,9.989999771118164,271500,0.0,0.0
2011-09-23 00:00:00-04:00,9.989999771118164,10.579999923706055,9.9399995803833,10.470000267028809,244000,0.0,0.0
2011-09-26 00:00:00-04:00,10.539999961853027,10.630000114440918,9.859999656677246,10.260000228881836,200700,0.0,0.0
2011-09-27 00:00:00-04:00,9.539999961853027,9.65999984741211,8.619999885559082,8.75,1247800,0.0,0.0
2011-09-28 00:00:00-04:00,8.399999618530273,8.460000038146973,8.069999694824219,8.15999984741211,1151000,0.0,0.0
2011-09-29 00:00:00-04:00,8.3100004196167,8.430000305175781,7.860000133514404,8.149999618530273,852400,0.0,0.0
2011-09-30 00:00:00-04:00,8.039999961853027,8.09000015258789,7.760000228881836,7.800000190734863,319000,0.0,0.0
2011-10-03 00:00:00-04:00,7.71999979019165,7.739999771118164,7.139999866485596,7.199999809265137,476700,0.0,0.0
2011-10-04 00:00:00-04:00,7.039999961853027,7.820000171661377,6.829999923706055,7.78000020980835,599000,0.0,0.0
2011-10-05 00:00:00-04:00,7.730000019073486,8.550000190734863,7.650000095367432,8.350000381469727,413600,0.0,0.0
2011-10-06 00:00:00-04:00,8.350000381469727,8.539999961853027,8.130000114440918,8.319999694824219,528300,0.0,0.0
2011-10-07 00:00:00-04:00,8.399999618530273,8.569999694824219,8.130000114440918,8.380000114440918,412400,0.0,0.0
2011-10-10 00:00:00-04:00,8.550000190734863,9.1899995803833,8.470000267028809,9.170000076293945,391100,0.0,0.0
2011-10-11 00:00:00-04:00,9.0600004196167,9.170000076293945,8.760000228881836,8.84000015258789,185300,0.0,0.0
2011-10-12 00:00:00-04:00,8.890000343322754,9.069999694824219,8.789999961853027,8.960000038146973,273400,0.0,0.0
2011-10-13 00:00:00-04:00,8.920000076293945,9.069999694824219,8.710000038146973,8.859999656677246,198100,0.0,0.0
2011-10-14 00:00:00-04:00,8.9399995803833,9.09000015258789,8.869999885559082,9.050000190734863,291200,0.0,0.0
2011-10-17 00:00:00-04:00,8.960000038146973,9.0,8.40999984741211,8.460000038146973,212400,0.0,0.0
2011-10-18 00:00:00-04:00,8.529999732971191,9.130000114440918,8.140000343322754,8.970000267028809,277500,0.0,0.0
2011-10-19 00:00:00-04:00,8.9399995803833,9.0,8.670000076293945,8.729999542236328,259800,0.0,0.0
2011-10-20 00:00:00-04:00,8.739999771118164,8.739999771118164,8.020000457763672,8.399999618530273,303100,0.0,0.0
2011-10-21 00:00:00-04:00,7.900000095367432,7.900000095367432,6.389999866485596,6.820000171661377,2285400,0.0,0.0
2011-10-24 00:00:00-04:00,6.800000190734863,7.139999866485596,6.800000190734863,7.050000190734863,860100,0.0,0.0
2011-10-25 00:00:00-04:00,7.0,7.0,6.639999866485596,6.650000095367432,419300,0.0,0.0
2011-10-26 00:00:00-04:00,6.78000020980835,6.889999866485596,6.510000228881836,6.809999942779541,454000,0.0,0.0
2011-10-27 00:00:00-04:00,7.099999904632568,8.4399995803833,6.989999771118164,8.319999694824219,1547800,0.0,0.0
2011-10-28 00:00:00-04:00,8.100000381469727,9.569999694824219,8.100000381469727,9.010000228881836,985500,0.0,0.0
2011-10-31 00:00:00-04:00,8.84000015258789,9.130000114440918,8.539999961853027,8.710000038146973,487500,0.0,0.0
2011-11-01 00:00:00-04:00,8.59000015258789,9.149999618530273,8.4399995803833,8.920000076293945,766600,0.0,0.0
2011-11-02 00:00:00-04:00,9.149999618530273,9.470000267028809,8.989999771118164,9.300000190734863,759400,0.0,0.0
2011-11-03 00:00:00-04:00,9.470000267028809,9.510000228881836,9.069999694824219,9.369999885559082,504100,0.0,0.0
2011-11-04 00:00:00-04:00,9.25,9.760000228881836,9.100000381469727,9.380000114440918,933200,0.0,0.0
2011-11-07 00:00:00-05:00,9.390000343322754,9.40999984741211,9.0600004196167,9.289999961853027,340900,0.0,0.0
2011-11-08 00:00:00-05:00,9.40999984741211,9.880000114440918,9.279999732971191,9.770000457763672,344100,0.0,0.0
2011-11-09 00:00:00-05:00,9.470000267028809,9.470000267028809,8.680000305175781,8.75,340000,0.0,0.0
2011-11-10 00:00:00-05:00,8.930000305175781,9.140000343322754,8.770000457763672,8.890000343322754,262700,0.0,0.0
2011-11-11 00:00:00-05:00,8.970000267028809,9.210000038146973,8.970000267028809,9.140000343322754,205600,0.0,0.0
2011-11-14 00:00:00-05:00,9.069999694824219,9.199999809265137,8.699999809265137,8.8100004196167,185700,0.0,0.0
2011-11-15 00:00:00-05:00,8.760000228881836,9.100000381469727,8.579999923706055,9.029999732971191,162900,0.0,0.0
2011-11-16 00:00:00-05:00,8.920000076293945,9.5,8.880000114440918,9.1899995803833,539600,0.0,0.0
2011-11-17 00:00:00-05:00,9.149999618530273,9.289999961853027,8.850000381469727,8.9399995803833,754000,0.0,0.0
2011-11-18 00:00:00-05:00,8.9399995803833,9.010000228881836,8.380000114440918,8.40999984741211,227200,0.0,0.0
2011-11-21 00:00:00-05:00,8.220000267028809,8.220000267028809,7.769999980926514,8.119999885559082,367100,0.0,0.0
2011-11-22 00:00:00-05:00,8.069999694824219,8.199999809265137,7.909999847412109,7.980000019073486,336600,0.0,0.0
2011-11-23 00:00:00-05:00,8.140000343322754,8.140000343322754,7.510000228881836,7.510000228881836,332500,0.0,0.0
2011-11-25 00:00:00-05:00,7.489999771118164,7.570000171661377,7.159999847412109,7.179999828338623,96700,0.0,0.0
2011-11-28 00:00:00-05:00,7.429999828338623,7.550000190734863,7.179999828338623,7.489999771118164,468700,0.0,0.0
2011-11-29 00:00:00-05:00,7.510000228881836,8.09000015258789,7.449999809265137,7.920000076293945,747100,0.0,0.0
2011-11-30 00:00:00-05:00,8.5,9.170000076293945,8.180000305175781,9.020000457763672,765900,0.0,0.0
2011-12-01 00:00:00-05:00,8.949999809265137,9.0,8.25,8.300000190734863,438200,0.0,0.0
2011-12-02 00:00:00-05:00,8.399999618530273,8.4399995803833,7.880000114440918,7.900000095367432,267900,0.0,0.0
2011-12-05 00:00:00-05:00,8.109999656677246,8.319999694824219,7.840000152587891,7.909999847412109,607000,0.0,0.0
2011-12-06 00:00:00-05:00,7.909999847412109,7.960000038146973,7.349999904632568,7.590000152587891,391400,0.0,0.0
2011-12-07 00:00:00-05:00,7.519999980926514,7.519999980926514,7.059999942779541,7.210000038146973,344100,0.0,0.0
2011-12-08 00:00:00-05:00,7.159999847412109,7.230000019073486,6.599999904632568,6.710000038146973,558600,0.0,0.0
2011-12-09 00:00:00-05:00,6.760000228881836,7.03000020980835,6.570000171661377,6.900000095367432,424200,0.0,0.0
2011-12-12 00:00:00-05:00,6.800000190734863,6.989999771118164,6.800000190734863,6.940000057220459,257500,0.0,0.0
2011-12-13 00:00:00-05:00,7.03000020980835,7.050000190734863,6.5,6.519999980926514,260800,0.0,0.0
2011-12-14 00:00:00-05:00,6.480000019073486,6.519999980926514,6.28000020980835,6.289999961853027,233300,0.0,0.0
2011-12-15 00:00:00-05:00,6.389999866485596,6.53000020980835,6.369999885559082,6.420000076293945,267300,0.0,0.0
2011-12-16 00:00:00-05:00,6.460000038146973,6.5,6.230000019073486,6.260000228881836,286700,0.0,0.0
2011-12-19 00:00:00-05:00,5.96999979019165,5.96999979019165,5.599999904632568,5.619999885559082,333000,0.0,0.0
2011-12-20 00:00:00-05:00,5.840000152587891,6.150000095367432,5.75,6.070000171661377,282100,0.0,0.0
2011-12-21 00:00:00-05:00,6.019999980926514,6.019999980926514,5.690000057220459,5.909999847412109,199200,0.0,0.0
2011-12-22 00:00:00-05:00,5.960000038146973,6.170000076293945,5.909999847412109,6.170000076293945,127500,0.0,0.0
2011-12-23 00:00:00-05:00,6.170000076293945,6.349999904632568,6.059999942779541,6.289999961853027,149000,0.0,0.0
2011-12-27 00:00:00-05:00,6.28000020980835,6.320000171661377,6.139999866485596,6.25,152400,0.0,0.0
2011-12-28 00:00:00-05:00,6.25,6.260000228881836,5.730000019073486,5.730000019073486,309800,0.0,0.0
2011-12-29 00:00:00-05:00,5.800000190734863,6.059999942779541,5.760000228881836,5.989999771118164,271000,0.0,0.0
2011-12-30 00:00:00-05:00,5.929999828338623,6.539999961853027,5.929999828338623,6.46999979019165,462000,0.0,0.0
2012-01-03 00:00:00-05:00,6.650000095367432,6.869999885559082,6.340000152587891,6.389999866485596,349600,0.0,0.0
2012-01-04 00:00:00-05:00,6.239999771118164,6.409999847412109,6.110000133514404,6.289999961853027,317500,0.0,0.0
2012-01-05 00:00:00-05:00,6.25,6.519999980926514,6.079999923706055,6.510000228881836,327500,0.0,0.0
2012-01-06 00:00:00-05:00,6.510000228881836,7.070000171661377,6.489999771118164,6.980000019073486,698700,0.0,0.0
2012-01-09 00:00:00-05:00,7.0,7.130000114440918,6.949999809265137,7.039999961853027,1315900,0.0,0.0
2012-01-10 00:00:00-05:00,7.159999847412109,7.210000038146973,6.949999809265137,7.050000190734863,256400,0.0,0.0
2012-01-11 00:00:00-05:00,7.03000020980835,7.349999904632568,6.900000095367432,7.239999771118164,150800,0.0,0.0
2012-01-12 00:00:00-05:00,7.239999771118164,7.340000152587891,6.949999809265137,7.309999942779541,156600,0.0,0.0
2012-01-13 00:00:00-05:00,7.110000133514404,7.190000057220459,6.869999885559082,6.989999771118164,140300,0.0,0.0
2012-01-17 00:00:00-05:00,7.090000152587891,7.179999828338623,6.670000076293945,6.699999809265137,246000,0.0,0.0
2012-01-18 00:00:00-05:00,6.739999771118164,7.550000190734863,6.610000133514404,7.510000228881836,326300,0.0,0.0
2012-01-19 00:00:00-05:00,7.579999923706055,7.96999979019165,7.480000019073486,7.75,472100,0.0,0.0
2012-01-20 00:00:00-05:00,7.769999980926514,8.239999771118164,7.670000076293945,8.010000228881836,786500,0.0,0.0
2012-01-23 00:00:00-05:00,8.010000228881836,8.449999809265137,7.929999828338623,8.420000076293945,653500,0.0,0.0
2012-01-24 00:00:00-05:00,8.369999885559082,8.529999732971191,8.1899995803833,8.5,222700,0.0,0.0
2012-01-25 00:00:00-05:00,8.5,8.649999618530273,8.239999771118164,8.319999694824219,388700,0.0,0.0
2012-01-26 00:00:00-05:00,8.34000015258789,8.579999923706055,8.270000457763672,8.460000038146973,252500,0.0,0.0
2012-01-27 00:00:00-05:00,8.390000343322754,8.390000343322754,8.079999923706055,8.149999618530273,198500,0.0,0.0
2012-01-30 00:00:00-05:00,8.029999732971191,8.1899995803833,7.929999828338623,8.079999923706055,121000,0.0,0.0
2012-01-31 00:00:00-05:00,8.149999618530273,8.170000076293945,7.53000020980835,7.570000171661377,277200,0.0,0.0
2012-02-01 00:00:00-05:00,7.670000076293945,8.119999885559082,7.559999942779541,7.96999979019165,424900,0.0,0.0
2012-02-02 00:00:00-05:00,8.020000457763672,8.140000343322754,7.78000020980835,8.069999694824219,288600,0.0,0.0
2012-02-03 00:00:00-05:00,8.239999771118164,8.9399995803833,8.239999771118164,8.850000381469727,348600,0.0,0.0
2012-02-06 00:00:00-05:00,8.770000457763672,8.770000457763672,8.239999771118164,8.380000114440918,399600,0.0,0.0
2012-02-07 00:00:00-05:00,8.5600004196167,8.930000305175781,8.449999809265137,8.59000015258789,423300,0.0,0.0
2012-02-08 00:00:00-05:00,9.59000015258789,11.75,9.5,10.90999984741211,3156800,0.0,0.0
2012-02-09 00:00:00-05:00,10.619999885559082,12.210000038146973,10.569999694824219,11.979999542236328,1736100,0.0,0.0
2012-02-10 00:00:00-05:00,11.859999656677246,12.149999618530273,11.399999618530273,11.829999923706055,828200,0.0,0.0
2012-02-13 00:00:00-05:00,12.039999961853027,12.15999984741211,11.609999656677246,11.65999984741211,732800,0.0,0.0
2012-02-14 00:00:00-05:00,11.630000114440918,11.770000457763672,11.430000305175781,11.75,356100,0.0,0.0
2012-02-15 00:00:00-05:00,11.800000190734863,11.899999618530273,11.5,11.720000267028809,255600,0.0,0.0
2012-02-16 00:00:00-05:00,11.720000267028809,11.899999618530273,11.529999732971191,11.789999961853027,235100,0.0,0.0
2012-02-17 00:00:00-05:00,11.829999923706055,11.850000381469727,11.529999732971191,11.569999694824219,242400,0.0,0.0
2012-02-21 00:00:00-05:00,11.600000381469727,11.619999885559082,10.699999809265137,10.789999961853027,353200,0.0,0.0
2012-02-22 00:00:00-05:00,10.75,10.789999961853027,10.220000267028809,10.289999961853027,438800,0.0,0.0
2012-02-23 00:00:00-05:00,10.390000343322754,10.75,10.0,10.710000038146973,328700,0.0,0.0
2012-02-24 00:00:00-05:00,10.770000457763672,10.800000190734863,10.100000381469727,10.1899995803833,258100,0.0,0.0
2012-02-27 00:00:00-05:00,10.039999961853027,10.180000305175781,9.6899995803833,10.050000190734863,810000,0.0,0.0
2012-02-28 00:00:00-05:00,9.970000267028809,10.140000343322754,9.699999809265137,9.720000267028809,556700,0.0,0.0
2012-02-29 00:00:00-05:00,9.729999542236328,9.920000076293945,9.039999961853027,9.039999961853027,598200,0.0,0.0
2012-03-01 00:00:00-05:00,8.979999542236328,9.600000381469727,8.800000190734863,9.510000228881836,753700,0.0,0.0
2012-03-02 00:00:00-05:00,9.489999771118164,9.800000190734863,9.449999809265137,9.579999923706055,633400,0.0,0.0
2012-03-05 00:00:00-05:00,9.510000228881836,9.579999923706055,9.09000015258789,9.550000190734863,575500,0.0,0.0
2012-03-06 00:00:00-05:00,9.350000381469727,9.399999618530273,9.069999694824219,9.149999618530273,633500,0.0,0.0
2012-03-07 00:00:00-05:00,9.239999771118164,9.279999732971191,8.920000076293945,8.9399995803833,358500,0.0,0.0
2012-03-08 00:00:00-05:00,9.050000190734863,9.260000228881836,8.729999542236328,9.079999923706055,315600,0.0,0.0
2012-03-09 00:00:00-05:00,9.079999923706055,9.630000114440918,8.970000267028809,9.479999542236328,279500,0.0,0.0
2012-03-12 00:00:00-04:00,9.449999809265137,9.800000190734863,9.0600004196167,9.149999618530273,315900,0.0,0.0
2012-03-13 00:00:00-04:00,9.260000228881836,9.430000305175781,9.010000228881836,9.289999961853027,382300,0.0,0.0
2012-03-14 00:00:00-04:00,9.25,9.430000305175781,9.119999885559082,9.170000076293945,298900,0.0,0.0
2012-03-15 00:00:00-04:00,9.15999984741211,9.5,9.0,9.130000114440918,473700,0.0,0.0
2012-03-16 00:00:00-04:00,9.170000076293945,9.170000076293945,8.699999809265137,8.90999984741211,619200,0.0,0.0
2012-03-19 00:00:00-04:00,8.859999656677246,9.180000305175781,8.800000190734863,9.0,309700,0.0,0.0
2012-03-20 00:00:00-04:00,8.869999885559082,8.949999809265137,8.760000228881836,8.819999694824219,241300,0.0,0.0
2012-03-21 00:00:00-04:00,8.869999885559082,8.9399995803833,8.65999984741211,8.729999542236328,260000,0.0,0.0
2012-03-22 00:00:00-04:00,8.59000015258789,8.649999618530273,8.399999618530273,8.5,376000,0.0,0.0
2012-03-23 00:00:00-04:00,8.5,8.59000015258789,8.350000381469727,8.520000457763672,264800,0.0,0.0
2012-03-26 00:00:00-04:00,8.65999984741211,9.170000076293945,8.5600004196167,9.100000381469727,233300,0.0,0.0
2012-03-27 00:00:00-04:00,9.140000343322754,9.279999732971191,9.09000015258789,9.25,236100,0.0,0.0
2012-03-28 00:00:00-04:00,9.239999771118164,9.3100004196167,8.760000228881836,8.789999961853027,240200,0.0,0.0
2012-03-29 00:00:00-04:00,8.710000038146973,8.729999542236328,8.390000343322754,8.579999923706055,209200,0.0,0.0
2012-03-30 00:00:00-04:00,8.670000076293945,8.670000076293945,8.399999618530273,8.529999732971191,273700,0.0,0.0
2012-04-02 00:00:00-04:00,8.5,8.649999618530273,8.260000228881836,8.640000343322754,317800,0.0,0.0
2012-04-03 00:00:00-04:00,8.609999656677246,8.869999885559082,8.359999656677246,8.399999618530273,361500,0.0,0.0
2012-04-04 00:00:00-04:00,8.399999618530273,8.399999618530273,7.75,7.789999961853027,412800,0.0,0.0
2012-04-05 00:00:00-04:00,7.730000019073486,8.069999694824219,7.699999809265137,7.769999980926514,739100,0.0,0.0
2012-04-09 00:00:00-04:00,7.599999904632568,7.630000114440918,7.340000152587891,7.369999885559082,228000,0.0,0.0
2012-04-10 00:00:00-04:00,7.889999866485596,8.109999656677246,7.190000057220459,7.21999979019165,469000,0.0,0.0
2012-04-11 00:00:00-04:00,7.329999923706055,8.210000038146973,7.329999923706055,7.949999809265137,911000,0.0,0.0
2012-04-12 00:00:00-04:00,7.929999828338623,8.069999694824219,7.789999961853027,7.840000152587891,517400,0.0,0.0
2012-04-13 00:00:00-04:00,7.769999980926514,7.800000190734863,7.389999866485596,7.5,370900,0.0,0.0
2012-04-16 00:00:00-04:00,7.579999923706055,7.610000133514404,7.25,7.570000171661377,288300,0.0,0.0
2012-04-17 00:00:00-04:00,7.679999828338623,7.920000076293945,7.670000076293945,7.699999809265137,491900,0.0,0.0
2012-04-18 00:00:00-04:00,7.570000171661377,7.610000133514404,7.269999980926514,7.329999923706055,380800,0.0,0.0
2012-04-19 00:00:00-04:00,7.329999923706055,7.510000228881836,7.070000171661377,7.139999866485596,327100,0.0,0.0
2012-04-20 00:00:00-04:00,7.25,7.260000228881836,6.869999885559082,6.900000095367432,410200,0.0,0.0
2012-04-23 00:00:00-04:00,6.71999979019165,7.28000020980835,6.650000095367432,7.070000171661377,1046600,0.0,0.0
2012-04-24 00:00:00-04:00,7.130000114440918,7.170000076293945,6.849999904632568,6.949999809265137,230900,0.0,0.0
2012-04-25 00:00:00-04:00,7.309999942779541,8.3100004196167,7.309999942779541,7.849999904632568,915000,0.0,0.0
2012-04-26 00:00:00-04:00,7.809999942779541,7.949999809265137,7.590000152587891,7.639999866485596,383100,0.0,0.0
2012-04-27 00:00:00-04:00,7.75,8.119999885559082,7.75,8.050000190734863,625700,0.0,0.0
2012-04-30 00:00:00-04:00,8.050000190734863,8.0600004196167,7.639999866485596,7.960000038146973,578800,0.0,0.0
2012-05-01 00:00:00-04:00,7.920000076293945,8.09000015258789,7.519999980926514,7.599999904632568,800500,0.0,0.0
2012-05-02 00:00:00-04:00,7.650000095367432,9.34000015258789,7.650000095367432,8.920000076293945,2284300,0.0,0.0
2012-05-03 00:00:00-04:00,8.920000076293945,9.25,8.350000381469727,8.510000228881836,713100,0.0,0.0
2012-05-04 00:00:00-04:00,8.369999885559082,9.479999542236328,8.270000457763672,9.319999694824219,1310000,0.0,0.0
2012-05-07 00:00:00-04:00,9.239999771118164,9.3100004196167,8.40999984741211,8.5,887500,0.0,0.0
2012-05-08 00:00:00-04:00,8.470000267028809,8.970000267028809,8.289999961853027,8.9399995803833,478200,0.0,0.0
2012-05-09 00:00:00-04:00,8.770000457763672,8.970000267028809,8.420000076293945,8.829999923706055,702500,0.0,0.0
2012-05-10 00:00:00-04:00,9.010000228881836,9.010000228881836,8.359999656677246,8.510000228881836,712000,0.0,0.0
2012-05-11 00:00:00-04:00,8.390000343322754,8.550000190734863,8.039999961853027,8.100000381469727,663600,0.0,0.0
2012-05-14 00:00:00-04:00,8.0,8.300000190734863,7.869999885559082,8.140000343322754,451200,0.0,0.0
2012-05-15 00:00:00-04:00,8.119999885559082,8.300000190734863,7.900000095367432,7.940000057220459,690800,0.0,0.0
2012-05-16 00:00:00-04:00,8.0,8.449999809265137,7.690000057220459,7.71999979019165,670200,0.0,0.0
2012-05-17 00:00:00-04:00,7.820000171661377,7.820000171661377,7.260000228881836,7.460000038146973,848700,0.0,0.0
2012-05-18 00:00:00-04:00,7.460000038146973,7.460000038146973,7.010000228881836,7.050000190734863,811000,0.0,0.0
2012-05-21 00:00:00-04:00,7.099999904632568,7.539999961853027,6.929999828338623,7.53000020980835,469500,0.0,0.0
2012-05-22 00:00:00-04:00,7.5,7.929999828338623,7.25,7.320000171661377,589600,0.0,0.0
2012-05-23 00:00:00-04:00,7.199999809265137,7.760000228881836,7.019999980926514,7.679999828338623,479000,0.0,0.0
2012-05-24 00:00:00-04:00,7.75,7.860000133514404,7.639999866485596,7.860000133514404,594800,0.0,0.0
2012-05-25 00:00:00-04:00,7.829999923706055,7.900000095367432,7.599999904632568,7.800000190734863,484300,0.0,0.0
2012-05-29 00:00:00-04:00,7.929999828338623,8.390000343322754,7.849999904632568,8.199999809265137,636800,0.0,0.0
2012-05-30 00:00:00-04:00,7.989999771118164,8.109999656677246,7.789999961853027,8.09000015258789,1078800,0.0,0.0
2012-05-31 00:00:00-04:00,8.130000114440918,8.130000114440918,7.610000133514404,8.029999732971191,1018800,0.0,0.0
2012-06-01 00:00:00-04:00,7.78000020980835,7.78000020980835,7.210000038146973,7.400000095367432,686500,0.0,0.0
2012-06-04 00:00:00-04:00,7.389999866485596,7.539999961853027,7.25,7.539999961853027,504900,0.0,0.0
2012-06-05 00:00:00-04:00,7.429999828338623,8.029999732971191,7.409999847412109,7.860000133514404,681200,0.0,0.0
2012-06-06 00:00:00-04:00,7.980000019073486,8.100000381469727,7.840000152587891,7.940000057220459,372100,0.0,0.0
2012-06-07 00:00:00-04:00,8.100000381469727,8.380000114440918,7.949999809265137,8.149999618530273,667400,0.0,0.0
2012-06-08 00:00:00-04:00,8.109999656677246,8.109999656677246,7.619999885559082,7.659999847412109,510100,0.0,0.0
2012-06-11 00:00:00-04:00,7.809999942779541,8.0,7.639999866485596,7.650000095367432,594000,0.0,0.0
2012-06-12 00:00:00-04:00,7.71999979019165,7.739999771118164,7.409999847412109,7.71999979019165,411200,0.0,0.0
2012-06-13 00:00:00-04:00,7.679999828338623,7.769999980926514,7.25,7.440000057220459,886500,0.0,0.0
2012-06-14 00:00:00-04:00,7.5,7.75,7.440000057220459,7.639999866485596,631500,0.0,0.0
2012-06-15 00:00:00-04:00,7.659999847412109,8.199999809265137,7.650000095367432,8.140000343322754,730100,0.0,0.0
2012-06-18 00:00:00-04:00,8.0,8.109999656677246,7.699999809265137,7.989999771118164,594500,0.0,0.0
2012-06-19 00:00:00-04:00,8.069999694824219,8.199999809265137,7.840000152587891,7.989999771118164,559400,0.0,0.0
2012-06-20 00:00:00-04:00,7.96999979019165,8.069999694824219,7.829999923706055,7.960000038146973,471300,0.0,0.0
2012-06-21 00:00:00-04:00,7.980000019073486,8.039999961853027,7.519999980926514,7.590000152587891,423200,0.0,0.0
2012-06-22 00:00:00-04:00,7.630000114440918,7.889999866485596,7.460000038146973,7.889999866485596,1355700,0.0,0.0
2012-06-25 00:00:00-04:00,7.690000057220459,7.800000190734863,7.5,7.730000019073486,304900,0.0,0.0
2012-06-26 00:00:00-04:00,7.699999809265137,7.710000038146973,7.400000095367432,7.420000076293945,380000,0.0,0.0
2012-06-27 00:00:00-04:00,7.489999771118164,7.639999866485596,7.460000038146973,7.579999923706055,595100,0.0,0.0
2012-06-28 00:00:00-04:00,7.489999771118164,7.679999828338623,7.380000114440918,7.590000152587891,578100,0.0,0.0
2012-06-29 00:00:00-04:00,7.800000190734863,8.239999771118164,7.710000038146973,8.220000267028809,658500,0.0,0.0
2012-07-02 00:00:00-04:00,8.260000228881836,8.260000228881836,7.929999828338623,8.020000457763672,363100,0.0,0.0
2012-07-03 00:00:00-04:00,8.029999732971191,8.09000015258789,7.929999828338623,8.010000228881836,330300,0.0,0.0
2012-07-05 00:00:00-04:00,7.980000019073486,8.149999618530273,7.980000019073486,8.119999885559082,417500,0.0,0.0
2012-07-06 00:00:00-04:00,8.0,8.039999961853027,7.739999771118164,7.809999942779541,213200,0.0,0.0
2012-07-09 00:00:00-04:00,7.760000228881836,7.78000020980835,7.449999809265137,7.489999771118164,300900,0.0,0.0
2012-07-10 00:00:00-04:00,7.570000171661377,7.570000171661377,7.179999828338623,7.210000038146973,463600,0.0,0.0
2012-07-11 00:00:00-04:00,7.150000095367432,7.150000095367432,6.400000095367432,6.480000019073486,1482300,0.0,0.0
2012-07-12 00:00:00-04:00,5.0,5.230000019073486,4.75,5.070000171661377,3206300,0.0,0.0
2012-07-13 00:00:00-04:00,5.119999885559082,5.119999885559082,4.760000228881836,4.820000171661377,1064900,0.0,0.0
2012-07-16 00:00:00-04:00,4.789999961853027,4.909999847412109,4.610000133514404,4.78000020980835,723100,0.0,0.0
2012-07-17 00:00:00-04:00,4.78000020980835,4.849999904632568,4.550000190734863,4.599999904632568,980000,0.0,0.0
2012-07-18 00:00:00-04:00,4.590000152587891,4.75,4.570000171661377,4.739999771118164,587300,0.0,0.0
2012-07-19 00:00:00-04:00,4.739999771118164,5.489999771118164,4.730000019073486,5.449999809265137,1130000,0.0,0.0
2012-07-20 00:00:00-04:00,5.329999923706055,5.349999904632568,4.860000133514404,5.010000228881836,919600,0.0,0.0
2012-07-23 00:00:00-04:00,4.860000133514404,4.940000057220459,4.75,4.849999904632568,377200,0.0,0.0
2012-07-24 00:00:00-04:00,4.849999904632568,4.900000095367432,4.650000095367432,4.659999847412109,973200,0.0,0.0
2012-07-25 00:00:00-04:00,4.670000076293945,4.96999979019165,4.670000076293945,4.889999866485596,360900,0.0,0.0
2012-07-26 00:00:00-04:00,5.010000228881836,5.119999885559082,4.650000095367432,4.699999809265137,422200,0.0,0.0
2012-07-27 00:00:00-04:00,4.71999979019165,4.949999809265137,4.659999847412109,4.739999771118164,959700,0.0,0.0
2012-07-30 00:00:00-04:00,4.769999980926514,5.019999980926514,4.610000133514404,4.900000095367432,935900,0.0,0.0
2012-07-31 00:00:00-04:00,4.880000114440918,4.880000114440918,4.610000133514404,4.610000133514404,557700,0.0,0.0
2012-08-01 00:00:00-04:00,4.389999866485596,4.650000095367432,4.28000020980835,4.340000152587891,985300,0.0,0.0
2012-08-02 00:00:00-04:00,4.289999961853027,4.670000076293945,4.25,4.579999923706055,1320400,0.0,0.0
2012-08-03 00:00:00-04:00,4.699999809265137,4.699999809265137,4.309999942779541,4.440000057220459,1158600,0.0,0.0
2012-08-06 00:00:00-04:00,4.480000019073486,4.579999923706055,4.429999828338623,4.510000228881836,609500,0.0,0.0
2012-08-07 00:00:00-04:00,4.5,4.650000095367432,4.389999866485596,4.489999771118164,615800,0.0,0.0
2012-08-08 00:00:00-04:00,4.5,4.699999809265137,4.349999904632568,4.559999942779541,478800,0.0,0.0
2012-08-09 00:00:00-04:00,4.579999923706055,5.010000228881836,4.53000020980835,4.75,1042600,0.0,0.0
2012-08-10 00:00:00-04:00,4.710000038146973,5.0,4.630000114440918,4.96999979019165,420800,0.0,0.0
2012-08-13 00:00:00-04:00,4.96999979019165,5.079999923706055,4.760000228881836,4.960000038146973,527300,0.0,0.0
2012-08-14 00:00:00-04:00,4.989999771118164,4.989999771118164,4.710000038146973,4.739999771118164,368900,0.0,0.0
2012-08-15 00:00:00-04:00,4.71999979019165,4.989999771118164,4.71999979019165,4.849999904632568,454800,0.0,0.0
2012-08-16 00:00:00-04:00,4.860000133514404,5.309999942779541,4.849999904632568,5.309999942779541,617100,0.0,0.0
2012-08-17 00:00:00-04:00,5.269999980926514,5.340000152587891,5.099999904632568,5.170000076293945,361800,0.0,0.0
2012-08-20 00:00:00-04:00,5.119999885559082,5.349999904632568,5.03000020980835,5.269999980926514,241400,0.0,0.0
2012-08-21 00:00:00-04:00,5.329999923706055,5.760000228881836,5.260000228881836,5.400000095367432,540700,0.0,0.0
2012-08-22 00:00:00-04:00,5.409999847412109,5.440000057220459,5.230000019073486,5.289999961853027,337400,0.0,0.0
2012-08-23 00:00:00-04:00,5.599999904632568,6.190000057220459,5.519999980926514,5.820000171661377,1267900,0.0,0.0
2012-08-24 00:00:00-04:00,5.809999942779541,5.820000171661377,5.449999809265137,5.619999885559082,667700,0.0,0.0
2012-08-27 00:00:00-04:00,5.639999866485596,5.639999866485596,5.360000133514404,5.420000076293945,805300,0.0,0.0
2012-08-28 00:00:00-04:00,5.409999847412109,5.440000057220459,5.230000019073486,5.320000171661377,471500,0.0,0.0
2012-08-29 00:00:00-04:00,5.349999904632568,5.559999942779541,5.230000019073486,5.53000020980835,321300,0.0,0.0
2012-08-30 00:00:00-04:00,5.460000038146973,5.46999979019165,5.21999979019165,5.340000152587891,385800,0.0,0.0
2012-08-31 00:00:00-04:00,5.389999866485596,5.449999809265137,5.179999828338623,5.309999942779541,293100,0.0,0.0
2012-09-04 00:00:00-04:00,5.289999961853027,5.309999942779541,5.050000190734863,5.179999828338623,479600,0.0,0.0
2012-09-05 00:00:00-04:00,5.199999809265137,5.239999771118164,5.019999980926514,5.050000190734863,828500,0.0,0.0
2012-09-06 00:00:00-04:00,5.070000171661377,5.320000171661377,5.03000020980835,5.099999904632568,430500,0.0,0.0
2012-09-07 00:00:00-04:00,5.210000038146973,5.659999847412109,5.0,5.639999866485596,2108000,0.0,0.0
2012-09-10 00:00:00-04:00,5.610000133514404,5.820000171661377,5.449999809265137,5.46999979019165,499900,0.0,0.0
2012-09-11 00:00:00-04:00,5.71999979019165,6.0,5.71999979019165,5.860000133514404,1183700,0.0,0.0
2012-09-12 00:00:00-04:00,5.869999885559082,6.139999866485596,5.699999809265137,6.070000171661377,917100,0.0,0.0
2012-09-13 00:00:00-04:00,6.059999942779541,6.400000095367432,5.960000038146973,6.28000020980835,766000,0.0,0.0
2012-09-14 00:00:00-04:00,6.300000190734863,6.78000020980835,6.300000190734863,6.639999866485596,1261500,0.0,0.0
2012-09-17 00:00:00-04:00,6.619999885559082,6.840000152587891,6.510000228881836,6.800000190734863,611000,0.0,0.0
2012-09-18 00:00:00-04:00,6.710000038146973,6.710000038146973,6.28000020980835,6.579999923706055,853100,0.0,0.0
2012-09-19 00:00:00-04:00,6.590000152587891,6.739999771118164,6.449999809265137,6.460000038146973,420500,0.0,0.0
2012-09-20 00:00:00-04:00,6.389999866485596,6.5,6.25,6.329999923706055,454500,0.0,0.0
2012-09-21 00:00:00-04:00,6.449999809265137,6.78000020980835,6.409999847412109,6.769999980926514,900100,0.0,0.0
2012-09-24 00:00:00-04:00,6.699999809265137,6.840000152587891,6.590000152587891,6.71999979019165,540900,0.0,0.0
2012-09-25 00:00:00-04:00,6.78000020980835,6.820000171661377,6.269999980926514,6.329999923706055,500700,0.0,0.0
2012-09-26 00:00:00-04:00,6.360000133514404,6.369999885559082,6.099999904632568,6.28000020980835,791900,0.0,0.0
2012-09-27 00:00:00-04:00,6.309999942779541,6.619999885559082,6.210000038146973,6.539999961853027,361900,0.0,0.0
2012-09-28 00:00:00-04:00,6.369999885559082,6.460000038146973,6.139999866485596,6.400000095367432,679000,0.0,0.0
2012-10-01 00:00:00-04:00,6.440000057220459,6.679999828338623,6.360000133514404,6.440000057220459,547300,0.0,0.0
2012-10-02 00:00:00-04:00,6.400000095367432,6.449999809265137,6.230000019073486,6.340000152587891,348500,0.0,0.0
2012-10-03 00:00:00-04:00,6.340000152587891,6.429999828338623,6.130000114440918,6.210000038146973,347900,0.0,0.0
2012-10-04 00:00:00-04:00,6.230000019073486,6.260000228881836,6.0,6.050000190734863,436500,0.0,0.0
2012-10-05 00:00:00-04:00,6.079999923706055,6.349999904632568,6.070000171661377,6.309999942779541,291500,0.0,0.0
2012-10-08 00:00:00-04:00,6.260000228881836,6.400000095367432,6.119999885559082,6.349999904632568,464600,0.0,0.0
2012-10-09 00:00:00-04:00,6.360000133514404,6.5,6.239999771118164,6.28000020980835,370000,0.0,0.0
2012-10-10 00:00:00-04:00,6.269999980926514,6.320000171661377,6.03000020980835,6.070000171661377,312200,0.0,0.0
2012-10-11 00:00:00-04:00,6.139999866485596,6.349999904632568,6.090000152587891,6.139999866485596,191600,0.0,0.0
2012-10-12 00:00:00-04:00,6.150000095367432,6.239999771118164,5.869999885559082,6.010000228881836,350400,0.0,0.0
2012-10-15 00:00:00-04:00,6.019999980926514,6.079999923706055,5.820000171661377,5.989999771118164,264400,0.0,0.0
2012-10-16 00:00:00-04:00,6.0,6.039999961853027,5.889999866485596,6.039999961853027,212500,0.0,0.0
2012-10-17 00:00:00-04:00,6.010000228881836,6.300000190734863,5.96999979019165,6.300000190734863,219700,0.0,0.0
2012-10-18 00:00:00-04:00,6.300000190734863,6.400000095367432,6.110000133514404,6.110000133514404,313700,0.0,0.0
2012-10-19 00:00:00-04:00,6.090000152587891,6.230000019073486,5.809999942779541,5.940000057220459,322500,0.0,0.0
2012-10-22 00:00:00-04:00,5.929999828338623,6.079999923706055,5.860000133514404,6.039999961853027,231200,0.0,0.0
2012-10-23 00:00:00-04:00,5.989999771118164,6.110000133514404,5.829999923706055,6.039999961853027,285900,0.0,0.0
2012-10-24 00:00:00-04:00,6.079999923706055,6.079999923706055,5.849999904632568,5.900000095367432,254700,0.0,0.0
2012-10-25 00:00:00-04:00,5.940000057220459,6.039999961853027,5.769999980926514,5.900000095367432,300700,0.0,0.0
2012-10-26 00:00:00-04:00,6.019999980926514,6.989999771118164,6.019999980926514,6.849999904632568,1328400,0.0,0.0
2012-10-31 00:00:00-04:00,6.840000152587891,6.840000152587891,6.510000228881836,6.650000095367432,407300,0.0,0.0
2012-11-01 00:00:00-04:00,6.679999828338623,7.050000190734863,6.659999847412109,7.0,696200,0.0,0.0
2012-11-02 00:00:00-04:00,7.019999980926514,7.03000020980835,6.760000228881836,6.889999866485596,330600,0.0,0.0
2012-11-05 00:00:00-05:00,6.230000019073486,6.980000019073486,6.230000019073486,6.699999809265137,470000,0.0,0.0
2012-11-06 00:00:00-05:00,6.739999771118164,6.809999942779541,6.650000095367432,6.690000057220459,344000,0.0,0.0
2012-11-07 00:00:00-05:00,6.590000152587891,6.590000152587891,6.010000228881836,6.039999961853027,657400,0.0,0.0
2012-11-08 00:00:00-05:00,6.039999961853027,6.190000057220459,5.889999866485596,5.909999847412109,352700,0.0,0.0
2012-11-09 00:00:00-05:00,5.889999866485596,6.25,5.769999980926514,6.150000095367432,395700,0.0,0.0
2012-11-12 00:00:00-05:00,6.190000057220459,6.289999961853027,5.960000038146973,6.010000228881836,251100,0.0,0.0
2012-11-13 00:00:00-05:00,5.960000038146973,6.039999961853027,5.809999942779541,5.840000152587891,205900,0.0,0.0
2012-11-14 00:00:00-05:00,5.869999885559082,5.96999979019165,5.829999923706055,5.860000133514404,245900,0.0,0.0
2012-11-15 00:00:00-05:00,5.829999923706055,5.869999885559082,5.590000152587891,5.679999828338623,968700,0.0,0.0
2012-11-16 00:00:00-05:00,5.659999847412109,5.739999771118164,5.46999979019165,5.679999828338623,1363800,0.0,0.0
2012-11-19 00:00:00-05:00,5.78000020980835,6.159999847412109,5.75,6.150000095367432,288100,0.0,0.0
2012-11-20 00:00:00-05:00,6.210000038146973,6.650000095367432,6.210000038146973,6.539999961853027,488800,0.0,0.0
2012-11-21 00:00:00-05:00,6.590000152587891,6.78000020980835,6.46999979019165,6.730000019073486,331500,0.0,0.0
2012-11-23 00:00:00-05:00,6.739999771118164,6.980000019073486,6.739999771118164,6.980000019073486,211500,0.0,0.0
2012-11-26 00:00:00-05:00,6.960000038146973,7.070000171661377,6.840000152587891,6.980000019073486,228700,0.0,0.0
2012-11-27 00:00:00-05:00,6.949999809265137,7.050000190734863,6.880000114440918,7.010000228881836,203700,0.0,0.0
2012-11-28 00:00:00-05:00,6.949999809265137,7.130000114440918,6.820000171661377,7.079999923706055,306900,0.0,0.0
2012-11-29 00:00:00-05:00,7.110000133514404,7.440000057220459,7.090000152587891,7.400000095367432,435000,0.0,0.0
2012-11-30 00:00:00-05:00,7.25,7.409999847412109,7.090000152587891,7.380000114440918,404700,0.0,0.0
2012-12-03 00:00:00-05:00,7.329999923706055,7.360000133514404,6.909999847412109,7.0,671600,0.0,0.0
2012-12-04 00:00:00-05:00,6.989999771118164,7.190000057220459,6.960000038146973,7.050000190734863,327100,0.0,0.0
2012-12-05 00:00:00-05:00,7.099999904632568,7.150000095367432,6.920000076293945,6.989999771118164,212800,0.0,0.0
2012-12-06 00:00:00-05:00,7.0,7.21999979019165,6.800000190734863,7.179999828338623,266000,0.0,0.0
2012-12-07 00:00:00-05:00,7.230000019073486,7.260000228881836,7.070000171661377,7.170000076293945,259000,0.0,0.0
2012-12-10 00:00:00-05:00,7.150000095367432,7.25,7.079999923706055,7.199999809265137,206600,0.0,0.0
2012-12-11 00:00:00-05:00,7.260000228881836,7.360000133514404,7.210000038146973,7.349999904632568,448600,0.0,0.0
2012-12-12 00:00:00-05:00,7.300000190734863,7.460000038146973,7.289999961853027,7.380000114440918,471000,0.0,0.0
2012-12-13 00:00:00-05:00,7.369999885559082,7.400000095367432,7.03000020980835,7.190000057220459,180900,0.0,0.0
2012-12-14 00:00:00-05:00,7.110000133514404,7.409999847412109,7.090000152587891,7.349999904632568,239700,0.0,0.0
2012-12-17 00:00:00-05:00,7.369999885559082,7.429999828338623,7.21999979019165,7.380000114440918,338400,0.0,0.0
2012-12-18 00:00:00-05:00,7.360000133514404,7.510000228881836,7.260000228881836,7.5,402200,0.0,0.0
2012-12-19 00:00:00-05:00,7.519999980926514,7.760000228881836,7.440000057220459,7.659999847412109,637000,0.0,0.0
2012-12-20 00:00:00-05:00,7.650000095367432,7.789999961853027,7.5,7.679999828338623,459700,0.0,0.0
2012-12-21 00:00:00-05:00,7.53000020980835,7.590000152587891,7.190000057220459,7.369999885559082,552400,0.0,0.0
2012-12-24 00:00:00-05:00,7.380000114440918,7.539999961853027,7.320000171661377,7.519999980926514,130700,0.0,0.0
2012-12-26 00:00:00-05:00,7.510000228881836,7.800000190734863,7.420000076293945,7.449999809265137,296800,0.0,0.0
2012-12-27 00:00:00-05:00,7.480000019073486,7.570000171661377,7.320000171661377,7.46999979019165,210100,0.0,0.0
2012-12-28 00:00:00-05:00,7.400000095367432,7.559999942779541,7.380000114440918,7.460000038146973,200000,0.0,0.0
2012-12-31 00:00:00-05:00,7.489999771118164,7.78000020980835,7.380000114440918,7.690000057220459,332600,0.0,0.0
2013-01-02 00:00:00-05:00,7.820000171661377,7.949999809265137,7.670000076293945,7.880000114440918,724200,0.0,0.0
2013-01-03 00:00:00-05:00,7.909999847412109,8.0,7.610000133514404,7.650000095367432,321200,0.0,0.0
2013-01-04 00:00:00-05:00,7.710000038146973,7.829999923706055,7.550000190734863,7.619999885559082,302500,0.0,0.0
2013-01-07 00:00:00-05:00,7.539999961853027,7.619999885559082,7.449999809265137,7.539999961853027,299200,0.0,0.0
2013-01-08 00:00:00-05:00,7.550000190734863,7.699999809265137,7.429999828338623,7.559999942779541,240700,0.0,0.0
2013-01-09 00:00:00-05:00,7.579999923706055,7.789999961853027,7.559999942779541,7.670000076293945,498200,0.0,0.0
2013-01-10 00:00:00-05:00,7.710000038146973,7.739999771118164,7.400000095367432,7.409999847412109,220400,0.0,0.0
2013-01-11 00:00:00-05:00,7.449999809265137,7.510000228881836,7.340000152587891,7.389999866485596,252900,0.0,0.0
2013-01-14 00:00:00-05:00,7.380000114440918,7.539999961853027,7.309999942779541,7.400000095367432,198900,0.0,0.0
2013-01-15 00:00:00-05:00,7.349999904632568,7.5,7.300000190734863,7.440000057220459,264900,0.0,0.0
2013-01-16 00:00:00-05:00,7.420000076293945,7.510000228881836,7.340000152587891,7.46999979019165,563400,0.0,0.0
2013-01-17 00:00:00-05:00,7.53000020980835,7.670000076293945,7.489999771118164,7.619999885559082,503800,0.0,0.0
2013-01-18 00:00:00-05:00,7.610000133514404,7.699999809265137,7.519999980926514,7.590000152587891,345500,0.0,0.0
2013-01-22 00:00:00-05:00,7.610000133514404,7.78000020980835,7.510000228881836,7.710000038146973,219300,0.0,0.0
2013-01-23 00:00:00-05:00,7.690000057220459,7.800000190734863,7.630000114440918,7.699999809265137,419800,0.0,0.0
2013-01-24 00:00:00-05:00,7.690000057220459,7.699999809265137,7.579999923706055,7.619999885559082,367800,0.0,0.0
2013-01-25 00:00:00-05:00,7.690000057220459,7.880000114440918,7.690000057220459,7.800000190734863,450700,0.0,0.0
2013-01-28 00:00:00-05:00,7.829999923706055,8.100000381469727,7.760000228881836,8.0600004196167,1023000,0.0,0.0
2013-01-29 00:00:00-05:00,8.050000190734863,8.0600004196167,7.949999809265137,8.050000190734863,328300,0.0,0.0
2013-01-30 00:00:00-05:00,8.020000457763672,8.109999656677246,7.920000076293945,8.029999732971191,444100,0.0,0.0
2013-01-31 00:00:00-05:00,8.0600004196167,8.199999809265137,7.989999771118164,8.140000343322754,869700,0.0,0.0
2013-02-01 00:00:00-05:00,8.220000267028809,8.239999771118164,8.09000015258789,8.15999984741211,416800,0.0,0.0
2013-02-04 00:00:00-05:00,8.039999961853027,8.270000457763672,8.039999961853027,8.1899995803833,531400,0.0,0.0
2013-02-05 00:00:00-05:00,8.229999542236328,8.789999961853027,8.1899995803833,8.510000228881836,957200,0.0,0.0
2013-02-06 00:00:00-05:00,8.4399995803833,8.529999732971191,7.260000228881836,7.679999828338623,2392000,0.0,0.0
2013-02-07 00:00:00-05:00,7.690000057220459,7.960000038146973,7.659999847412109,7.75,780900,0.0,0.0
2013-02-08 00:00:00-05:00,7.760000228881836,8.350000381469727,7.760000228881836,8.140000343322754,1338900,0.0,0.0
2013-02-11 00:00:00-05:00,8.229999542236328,8.390000343322754,7.889999866485596,7.949999809265137,807900,0.0,0.0
2013-02-12 00:00:00-05:00,7.960000038146973,8.390000343322754,7.960000038146973,8.390000343322754,412300,0.0,0.0
2013-02-13 00:00:00-05:00,8.380000114440918,8.539999961853027,8.210000038146973,8.520000457763672,452100,0.0,0.0
2013-02-14 00:00:00-05:00,8.460000038146973,8.65999984741211,8.399999618530273,8.600000381469727,251200,0.0,0.0
2013-02-15 00:00:00-05:00,8.59000015258789,8.65999984741211,8.489999771118164,8.649999618530273,422500,0.0,0.0
2013-02-19 00:00:00-05:00,8.649999618530273,8.850000381469727,8.640000343322754,8.819999694824219,308200,0.0,0.0
2013-02-20 00:00:00-05:00,8.789999961853027,8.859999656677246,8.4399995803833,8.4399995803833,412100,0.0,0.0
2013-02-21 00:00:00-05:00,8.40999984741211,8.609999656677246,8.239999771118164,8.40999984741211,547900,0.0,0.0
2013-02-22 00:00:00-05:00,8.510000228881836,8.670000076293945,8.449999809265137,8.670000076293945,271700,0.0,0.0
2013-02-25 00:00:00-05:00,8.729999542236328,8.729999542236328,8.5,8.5,319000,0.0,0.0
2013-02-26 00:00:00-05:00,8.579999923706055,8.579999923706055,8.239999771118164,8.479999542236328,370600,0.0,0.0
2013-02-27 00:00:00-05:00,8.460000038146973,8.520000457763672,8.34000015258789,8.460000038146973,248900,0.0,0.0
2013-02-28 00:00:00-05:00,8.489999771118164,8.65999984741211,8.449999809265137,8.569999694824219,344600,0.0,0.0
2013-03-01 00:00:00-05:00,8.479999542236328,8.5,8.260000228881836,8.380000114440918,230500,0.0,0.0
2013-03-04 00:00:00-05:00,8.329999923706055,8.369999885559082,8.149999618530273,8.260000228881836,267100,0.0,0.0
2013-03-05 00:00:00-05:00,8.300000190734863,8.479999542236328,8.210000038146973,8.449999809265137,314000,0.0,0.0
2013-03-06 00:00:00-05:00,8.649999618530273,8.649999618530273,8.239999771118164,8.430000305175781,358200,0.0,0.0
2013-03-07 00:00:00-05:00,8.380000114440918,9.029999732971191,8.380000114440918,9.020000457763672,809900,0.0,0.0
2013-03-08 00:00:00-05:00,9.100000381469727,9.130000114440918,8.789999961853027,9.050000190734863,319900,0.0,0.0
2013-03-11 00:00:00-04:00,8.989999771118164,9.170000076293945,8.90999984741211,9.170000076293945,424500,0.0,0.0
2013-03-12 00:00:00-04:00,9.100000381469727,9.100000381469727,8.979999542236328,9.079999923706055,249900,0.0,0.0
2013-03-13 00:00:00-04:00,9.0600004196167,9.0600004196167,8.829999923706055,8.869999885559082,203700,0.0,0.0
2013-03-14 00:00:00-04:00,8.920000076293945,8.979999542236328,8.819999694824219,8.859999656677246,347700,0.0,0.0
2013-03-15 00:00:00-04:00,8.819999694824219,8.920000076293945,8.619999885559082,8.800000190734863,278000,0.0,0.0
2013-03-18 00:00:00-04:00,8.649999618530273,8.949999809265137,8.630000114440918,8.779999732971191,102900,0.0,0.0
2013-03-19 00:00:00-04:00,8.779999732971191,8.850000381469727,8.4399995803833,8.609999656677246,145500,0.0,0.0
2013-03-20 00:00:00-04:00,8.699999809265137,8.770000457763672,8.65999984741211,8.720000267028809,78600,0.0,0.0
2013-03-21 00:00:00-04:00,8.600000381469727,8.710000038146973,8.470000267028809,8.529999732971191,144800,0.0,0.0
2013-03-22 00:00:00-04:00,8.550000190734863,8.619999885559082,8.350000381469727,8.399999618530273,133100,0.0,0.0
2013-03-25 00:00:00-04:00,8.40999984741211,8.550000190734863,8.260000228881836,8.420000076293945,173300,0.0,0.0
2013-03-26 00:00:00-04:00,8.4399995803833,8.470000267028809,8.270000457763672,8.399999618530273,154800,0.0,0.0
2013-03-27 00:00:00-04:00,8.319999694824219,8.460000038146973,8.239999771118164,8.300000190734863,168800,0.0,0.0
2013-03-28 00:00:00-04:00,8.319999694824219,8.319999694824219,8.010000228881836,8.149999618530273,322500,0.0,0.0
2013-04-01 00:00:00-04:00,8.149999618530273,8.1899995803833,7.960000038146973,8.100000381469727,262600,0.0,0.0
2013-04-02 00:00:00-04:00,8.149999618530273,8.25,8.109999656677246,8.149999618530273,168800,0.0,0.0
2013-04-03 00:00:00-04:00,8.170000076293945,8.239999771118164,8.100000381469727,8.180000305175781,238400,0.0,0.0
2013-04-04 00:00:00-04:00,8.15999984741211,8.3100004196167,8.149999618530273,8.239999771118164,172500,0.0,0.0
2013-04-05 00:00:00-04:00,8.069999694824219,8.3100004196167,7.869999885559082,8.069999694824219,355000,0.0,0.0
2013-04-08 00:00:00-04:00,8.09000015258789,8.270000457763672,8.09000015258789,8.239999771118164,555800,0.0,0.0
2013-04-09 00:00:00-04:00,8.25,8.670000076293945,8.220000267028809,8.569999694824219,203600,0.0,0.0
2013-04-10 00:00:00-04:00,8.649999618530273,9.079999923706055,8.619999885559082,8.979999542236328,411800,0.0,0.0
2013-04-11 00:00:00-04:00,8.989999771118164,8.989999771118164,8.609999656677246,8.65999984741211,236300,0.0,0.0
2013-04-12 00:00:00-04:00,8.600000381469727,8.649999618530273,8.460000038146973,8.59000015258789,152300,0.0,0.0
2013-04-15 00:00:00-04:00,8.550000190734863,8.59000015258789,8.029999732971191,8.100000381469727,325200,0.0,0.0
2013-04-16 00:00:00-04:00,8.220000267028809,8.399999618530273,8.020000457763672,8.34000015258789,162100,0.0,0.0
2013-04-17 00:00:00-04:00,8.210000038146973,8.210000038146973,7.869999885559082,8.0,233500,0.0,0.0
2013-04-18 00:00:00-04:00,8.050000190734863,8.270000457763672,8.029999732971191,8.149999618530273,141000,0.0,0.0
2013-04-19 00:00:00-04:00,8.149999618530273,8.199999809265137,8.010000228881836,8.180000305175781,171200,0.0,0.0
2013-04-22 00:00:00-04:00,8.199999809265137,8.270000457763672,8.010000228881836,8.09000015258789,166600,0.0,0.0
2013-04-23 00:00:00-04:00,8.170000076293945,8.350000381469727,8.050000190734863,8.239999771118164,163400,0.0,0.0
2013-04-24 00:00:00-04:00,8.149999618530273,8.239999771118164,8.029999732971191,8.199999809265137,214400,0.0,0.0
2013-04-25 00:00:00-04:00,8.25,8.390000343322754,7.960000038146973,8.0,905300,0.0,0.0
2013-04-26 00:00:00-04:00,8.470000267028809,8.670000076293945,7.289999961853027,8.40999984741211,2296800,0.0,0.0
2013-04-29 00:00:00-04:00,8.239999771118164,8.789999961853027,8.029999732971191,8.130000114440918,1214100,0.0,0.0
2013-04-30 00:00:00-04:00,8.149999618530273,8.649999618530273,8.149999618530273,8.529999732971191,639400,0.0,0.0
2013-05-01 00:00:00-04:00,8.510000228881836,8.5600004196167,8.170000076293945,8.210000038146973,460800,0.0,0.0
2013-05-02 00:00:00-04:00,8.380000114440918,8.649999618530273,8.369999885559082,8.619999885559082,338600,0.0,0.0
2013-05-03 00:00:00-04:00,8.75,9.0,8.65999984741211,8.930000305175781,421200,0.0,0.0
2013-05-06 00:00:00-04:00,8.970000267028809,9.0,8.880000114440918,8.949999809265137,235800,0.0,0.0
2013-05-07 00:00:00-04:00,9.220000267028809,9.390000343322754,8.880000114440918,9.010000228881836,317400,0.0,0.0
2013-05-08 00:00:00-04:00,8.989999771118164,9.1899995803833,8.920000076293945,9.1899995803833,275700,0.0,0.0
2013-05-09 00:00:00-04:00,9.140000343322754,9.229999542236328,8.960000038146973,9.0600004196167,206800,0.0,0.0
2013-05-10 00:00:00-04:00,9.109999656677246,9.329999923706055,9.039999961853027,9.329999923706055,279700,0.0,0.0
2013-05-13 00:00:00-04:00,9.270000457763672,9.449999809265137,9.239999771118164,9.350000381469727,311400,0.0,0.0
2013-05-14 00:00:00-04:00,9.300000190734863,9.479999542236328,9.25,9.460000038146973,269800,0.0,0.0
2013-05-15 00:00:00-04:00,9.470000267028809,9.520000457763672,9.319999694824219,9.510000228881836,251300,0.0,0.0
2013-05-16 00:00:00-04:00,9.529999732971191,9.6899995803833,9.489999771118164,9.5600004196167,198800,0.0,0.0
2013-05-17 00:00:00-04:00,9.649999618530273,9.670000076293945,9.399999618530273,9.640000343322754,312800,0.0,0.0
2013-05-20 00:00:00-04:00,9.59000015258789,9.75,9.460000038146973,9.479999542236328,170300,0.0,0.0
2013-05-21 00:00:00-04:00,9.489999771118164,9.510000228881836,9.239999771118164,9.380000114440918,220800,0.0,0.0
2013-05-22 00:00:00-04:00,9.359999656677246,9.460000038146973,8.869999885559082,8.930000305175781,275100,0.0,0.0
2013-05-23 00:00:00-04:00,8.84000015258789,8.960000038146973,8.649999618530273,8.880000114440918,318200,0.0,0.0
2013-05-24 00:00:00-04:00,9.0,9.699999809265137,9.0,9.6899995803833,493400,0.0,0.0
2013-05-28 00:00:00-04:00,9.9399995803833,10.300000190734863,9.8100004196167,10.25,667000,0.0,0.0
2013-05-29 00:00:00-04:00,10.180000305175781,10.25,9.989999771118164,10.119999885559082,248600,0.0,0.0
2013-05-30 00:00:00-04:00,10.130000114440918,10.59000015258789,10.050000190734863,10.529999732971191,323100,0.0,0.0
2013-05-31 00:00:00-04:00,10.40999984741211,10.600000381469727,10.329999923706055,10.479999542236328,252700,0.0,0.0
2013-06-03 00:00:00-04:00,10.510000228881836,10.539999961853027,10.079999923706055,10.399999618530273,503900,0.0,0.0
2013-06-04 00:00:00-04:00,10.390000343322754,10.5,10.15999984741211,10.25,211400,0.0,0.0
2013-06-05 00:00:00-04:00,10.210000038146973,10.25,10.029999732971191,10.119999885559082,253700,0.0,0.0
2013-06-06 00:00:00-04:00,10.180000305175781,10.449999809265137,10.180000305175781,10.300000190734863,406900,0.0,0.0
2013-06-07 00:00:00-04:00,10.350000381469727,10.390000343322754,10.239999771118164,10.3100004196167,213000,0.0,0.0
2013-06-10 00:00:00-04:00,10.3100004196167,10.399999618530273,10.270000457763672,10.350000381469727,276200,0.0,0.0
2013-06-11 00:00:00-04:00,10.15999984741211,10.4399995803833,10.029999732971191,10.270000457763672,140400,0.0,0.0
2013-06-12 00:00:00-04:00,10.399999618530273,10.4399995803833,10.109999656677246,10.289999961853027,444500,0.0,0.0
2013-06-13 00:00:00-04:00,10.199999809265137,10.489999771118164,10.119999885559082,10.449999809265137,158000,0.0,0.0
2013-06-14 00:00:00-04:00,10.380000114440918,10.489999771118164,10.229999542236328,10.279999732971191,195700,0.0,0.0
2013-06-17 00:00:00-04:00,10.420000076293945,10.5600004196167,10.390000343322754,10.510000228881836,113400,0.0,0.0
2013-06-18 00:00:00-04:00,10.569999694824219,10.850000381469727,10.550000190734863,10.850000381469727,176600,0.0,0.0
2013-06-19 00:00:00-04:00,10.829999923706055,10.979999542236328,10.770000457763672,10.819999694824219,139100,0.0,0.0
2013-06-20 00:00:00-04:00,10.789999961853027,10.789999961853027,10.579999923706055,10.640000343322754,218000,0.0,0.0
2013-06-21 00:00:00-04:00,10.670000076293945,10.710000038146973,10.079999923706055,10.300000190734863,783900,0.0,0.0
2013-06-24 00:00:00-04:00,10.109999656677246,10.239999771118164,10.020000457763672,10.130000114440918,287300,0.0,0.0
2013-06-25 00:00:00-04:00,10.270000457763672,10.270000457763672,10.069999694824219,10.170000076293945,308700,0.0,0.0
2013-06-26 00:00:00-04:00,10.270000457763672,10.270000457763672,9.850000381469727,10.229999542236328,702400,0.0,0.0
2013-06-27 00:00:00-04:00,10.34000015258789,10.359999656677246,10.140000343322754,10.210000038146973,221200,0.0,0.0
2013-06-28 00:00:00-04:00,10.149999618530273,10.359999656677246,9.90999984741211,10.100000381469727,867000,0.0,0.0
2013-07-01 00:00:00-04:00,10.210000038146973,10.380000114440918,10.119999885559082,10.300000190734863,207900,0.0,0.0
2013-07-02 00:00:00-04:00,10.270000457763672,10.329999923706055,9.989999771118164,10.079999923706055,225700,0.0,0.0
2013-07-03 00:00:00-04:00,10.050000190734863,10.25,9.960000038146973,10.170000076293945,154600,0.0,0.0
2013-07-05 00:00:00-04:00,10.34000015258789,10.399999618530273,10.149999618530273,10.300000190734863,103400,0.0,0.0
2013-07-08 00:00:00-04:00,10.329999923706055,10.329999923706055,10.09000015258789,10.15999984741211,115100,0.0,0.0
2013-07-09 00:00:00-04:00,10.220000267028809,10.229999542236328,9.989999771118164,10.020000457763672,169900,0.0,0.0
2013-07-10 00:00:00-04:00,10.050000190734863,10.300000190734863,10.029999732971191,10.300000190734863,238600,0.0,0.0
2013-07-11 00:00:00-04:00,10.449999809265137,11.039999961853027,10.430000305175781,11.020000457763672,494500,0.0,0.0
2013-07-12 00:00:00-04:00,11.039999961853027,11.569999694824219,11.039999961853027,11.489999771118164,583100,0.0,0.0
2013-07-15 00:00:00-04:00,11.529999732971191,11.779999732971191,11.380000114440918,11.390000343322754,348800,0.0,0.0
2013-07-16 00:00:00-04:00,11.430000305175781,11.529999732971191,11.3100004196167,11.40999984741211,324300,0.0,0.0
2013-07-17 00:00:00-04:00,11.479999542236328,11.550000190734863,11.40999984741211,11.430000305175781,127300,0.0,0.0
2013-07-18 00:00:00-04:00,11.449999809265137,11.779999732971191,11.40999984741211,11.760000228881836,220700,0.0,0.0
2013-07-19 00:00:00-04:00,11.6899995803833,12.079999923706055,11.6899995803833,12.050000190734863,237600,0.0,0.0
2013-07-22 00:00:00-04:00,12.09000015258789,12.319999694824219,11.949999809265137,12.140000343322754,362300,0.0,0.0
2013-07-23 00:00:00-04:00,12.15999984741211,12.15999984741211,11.90999984741211,11.979999542236328,158700,0.0,0.0
2013-07-24 00:00:00-04:00,12.039999961853027,12.15999984741211,11.899999618530273,11.960000038146973,163900,0.0,0.0
2013-07-25 00:00:00-04:00,11.970000267028809,12.199999809265137,11.899999618530273,12.119999885559082,165300,0.0,0.0
2013-07-26 00:00:00-04:00,11.970000267028809,12.119999885559082,11.729999542236328,11.8100004196167,211900,0.0,0.0
2013-07-29 00:00:00-04:00,11.800000190734863,11.989999771118164,11.609999656677246,11.649999618530273,148200,0.0,0.0
2013-07-30 00:00:00-04:00,11.75,11.760000228881836,11.569999694824219,11.720000267028809,279900,0.0,0.0
2013-07-31 00:00:00-04:00,11.949999809265137,12.199999809265137,11.649999618530273,11.680000305175781,428500,0.0,0.0
2013-08-01 00:00:00-04:00,11.819999694824219,12.0,11.65999984741211,11.720000267028809,348200,0.0,0.0
2013-08-02 00:00:00-04:00,11.619999885559082,12.369999885559082,11.619999885559082,12.300000190734863,429700,0.0,0.0
2013-08-05 00:00:00-04:00,12.3100004196167,12.539999961853027,12.279999732971191,12.4399995803833,254900,0.0,0.0
2013-08-06 00:00:00-04:00,12.420000076293945,12.460000038146973,12.0,12.180000305175781,154600,0.0,0.0
2013-08-07 00:00:00-04:00,12.4399995803833,13.09000015258789,12.380000114440918,12.880000114440918,538600,0.0,0.0
2013-08-08 00:00:00-04:00,13.010000228881836,13.3100004196167,12.8100004196167,12.960000038146973,352900,0.0,0.0
2013-08-09 00:00:00-04:00,12.880000114440918,13.069999694824219,12.739999771118164,12.819999694824219,212200,0.0,0.0
2013-08-12 00:00:00-04:00,12.760000228881836,12.949999809265137,12.760000228881836,12.850000381469727,164200,0.0,0.0
2013-08-13 00:00:00-04:00,12.880000114440918,12.9399995803833,12.779999732971191,12.819999694824219,265000,0.0,0.0
2013-08-14 00:00:00-04:00,12.819999694824219,12.920000076293945,12.430000305175781,12.449999809265137,280400,0.0,0.0
2013-08-15 00:00:00-04:00,12.210000038146973,12.25,11.970000267028809,12.010000228881836,270900,0.0,0.0
2013-08-16 00:00:00-04:00,11.949999809265137,12.15999984741211,11.949999809265137,12.039999961853027,705700,0.0,0.0
2013-08-19 00:00:00-04:00,12.0600004196167,12.199999809265137,12.0,12.0600004196167,311700,0.0,0.0
2013-08-20 00:00:00-04:00,12.0600004196167,12.460000038146973,12.039999961853027,12.449999809265137,419900,0.0,0.0
2013-08-21 00:00:00-04:00,12.420000076293945,12.649999618530273,12.380000114440918,12.460000038146973,357700,0.0,0.0
2013-08-22 00:00:00-04:00,12.5,12.899999618530273,12.5,12.649999618530273,319400,0.0,0.0
2013-08-23 00:00:00-04:00,12.710000038146973,12.949999809265137,12.680000305175781,12.920000076293945,211500,0.0,0.0
2013-08-26 00:00:00-04:00,12.90999984741211,12.949999809265137,12.770000457763672,12.890000343322754,222100,0.0,0.0
2013-08-27 00:00:00-04:00,12.670000076293945,12.8100004196167,12.510000228881836,12.5600004196167,337600,0.0,0.0
2013-08-28 00:00:00-04:00,12.539999961853027,12.710000038146973,12.460000038146973,12.6899995803833,229400,0.0,0.0
2013-08-29 00:00:00-04:00,12.699999809265137,12.949999809265137,12.699999809265137,12.9399995803833,229900,0.0,0.0
2013-08-30 00:00:00-04:00,12.9399995803833,12.979999542236328,12.760000228881836,12.850000381469727,390500,0.0,0.0
2013-09-03 00:00:00-04:00,13.039999961853027,13.25,13.0,13.09000015258789,424800,0.0,0.0
2013-09-04 00:00:00-04:00,13.119999885559082,13.479999542236328,13.119999885559082,13.460000038146973,623800,0.0,0.0
2013-09-05 00:00:00-04:00,13.520000457763672,13.649999618530273,13.34000015258789,13.380000114440918,324200,0.0,0.0
2013-09-06 00:00:00-04:00,13.5600004196167,13.5600004196167,13.140000343322754,13.390000343322754,225400,0.0,0.0
2013-09-09 00:00:00-04:00,13.489999771118164,13.979999542236328,13.40999984741211,13.899999618530273,345700,0.0,0.0
2013-09-10 00:00:00-04:00,13.489999771118164,13.699999809265137,13.069999694824219,13.119999885559082,710900,0.0,0.0
2013-09-11 00:00:00-04:00,13.09000015258789,13.199999809265137,12.979999542236328,13.039999961853027,451400,0.0,0.0
2013-09-12 00:00:00-04:00,13.079999923706055,13.109999656677246,12.710000038146973,12.729999542236328,380700,0.0,0.0
2013-09-13 00:00:00-04:00,12.75,12.819999694824219,12.619999885559082,12.649999618530273,354400,0.0,0.0
2013-09-16 00:00:00-04:00,12.789999961853027,12.859999656677246,12.670000076293945,12.859999656677246,447500,0.0,0.0
2013-09-17 00:00:00-04:00,12.84000015258789,13.050000190734863,12.84000015258789,13.039999961853027,297300,0.0,0.0
2013-09-18 00:00:00-04:00,13.069999694824219,13.399999618530273,12.9399995803833,13.300000190734863,379100,0.0,0.0
2013-09-19 00:00:00-04:00,13.3100004196167,13.390000343322754,13.050000190734863,13.15999984741211,171900,0.0,0.0
2013-09-20 00:00:00-04:00,13.239999771118164,13.319999694824219,13.010000228881836,13.09000015258789,299200,0.0,0.0
2013-09-23 00:00:00-04:00,13.130000114440918,13.130000114440918,12.569999694824219,12.670000076293945,272400,0.0,0.0
2013-09-24 00:00:00-04:00,12.65999984741211,12.829999923706055,12.279999732971191,12.670000076293945,640900,0.0,0.0
2013-09-25 00:00:00-04:00,12.680000305175781,13.0,12.59000015258789,12.850000381469727,245000,0.0,0.0
2013-09-26 00:00:00-04:00,12.9399995803833,13.050000190734863,12.739999771118164,12.829999923706055,113900,0.0,0.0
2013-09-27 00:00:00-04:00,12.75,12.869999885559082,12.579999923706055,12.729999542236328,102200,0.0,0.0
2013-09-30 00:00:00-04:00,12.550000190734863,12.789999961853027,12.470000267028809,12.729999542236328,246300,0.0,0.0
2013-10-01 00:00:00-04:00,12.760000228881836,13.0,12.710000038146973,12.899999618530273,143500,0.0,0.0
2013-10-02 00:00:00-04:00,12.8100004196167,12.920000076293945,12.770000457763672,12.779999732971191,280900,0.0,0.0
2013-10-03 00:00:00-04:00,12.760000228881836,12.8100004196167,12.390000343322754,12.510000228881836,158200,0.0,0.0
2013-10-04 00:00:00-04:00,12.479999542236328,12.670000076293945,12.430000305175781,12.640000343322754,168500,0.0,0.0
2013-10-07 00:00:00-04:00,12.470000267028809,12.529999732971191,12.319999694824219,12.34000015258789,217300,0.0,0.0
2013-10-08 00:00:00-04:00,12.369999885559082,12.369999885559082,11.65999984741211,11.720000267028809,837100,0.0,0.0
2013-10-09 00:00:00-04:00,11.729999542236328,11.800000190734863,11.329999923706055,11.59000015258789,600900,0.0,0.0
2013-10-10 00:00:00-04:00,11.789999961853027,12.050000190734863,11.649999618530273,11.680000305175781,363400,0.0,0.0
2013-10-11 00:00:00-04:00,11.6899995803833,11.869999885559082,11.579999923706055,11.829999923706055,415900,0.0,0.0
2013-10-14 00:00:00-04:00,11.779999732971191,12.350000381469727,11.65999984741211,12.329999923706055,351800,0.0,0.0
2013-10-15 00:00:00-04:00,12.260000228881836,12.510000228881836,12.220000267028809,12.369999885559082,339700,0.0,0.0
2013-10-16 00:00:00-04:00,12.479999542236328,12.5600004196167,12.350000381469727,12.399999618530273,307300,0.0,0.0
2013-10-17 00:00:00-04:00,12.329999923706055,12.520000457763672,12.1899995803833,12.4399995803833,214400,0.0,0.0
2013-10-18 00:00:00-04:00,12.600000381469727,13.020000457763672,12.59000015258789,13.020000457763672,340000,0.0,0.0
2013-10-21 00:00:00-04:00,13.069999694824219,13.359999656677246,12.920000076293945,13.0,253600,0.0,0.0
2013-10-22 00:00:00-04:00,13.0600004196167,13.1899995803833,12.699999809265137,12.829999923706055,230500,0.0,0.0
2013-10-23 00:00:00-04:00,12.729999542236328,12.789999961853027,12.489999771118164,12.520000457763672,208900,0.0,0.0
2013-10-24 00:00:00-04:00,12.520000457763672,12.520000457763672,12.180000305175781,12.210000038146973,201800,0.0,0.0
2013-10-25 00:00:00-04:00,12.25,12.25,11.699999809265137,11.869999885559082,367000,0.0,0.0
2013-10-28 00:00:00-04:00,11.859999656677246,11.859999656677246,11.600000381469727,11.850000381469727,243300,0.0,0.0
2013-10-29 00:00:00-04:00,11.869999885559082,12.529999732971191,11.869999885559082,12.5,374600,0.0,0.0
2013-10-30 00:00:00-04:00,10.34000015258789,10.34000015258789,8.430000305175781,9.819999694824219,3490900,0.0,0.0
2013-10-31 00:00:00-04:00,9.789999961853027,10.479999542236328,9.770000457763672,10.170000076293945,883200,0.0,0.0
2013-11-01 00:00:00-04:00,10.15999984741211,10.270000457763672,9.800000190734863,9.859999656677246,697300,0.0,0.0
2013-11-04 00:00:00-05:00,10.109999656677246,10.40999984741211,10.010000228881836,10.300000190734863,727700,0.0,0.0
2013-11-05 00:00:00-05:00,10.210000038146973,10.420000076293945,10.199999809265137,10.369999885559082,432300,0.0,0.0
2013-11-06 00:00:00-05:00,10.399999618530273,10.489999771118164,10.300000190734863,10.369999885559082,406700,0.0,0.0
2013-11-07 00:00:00-05:00,10.430000305175781,10.449999809265137,10.010000228881836,10.289999961853027,638300,0.0,0.0
2013-11-08 00:00:00-05:00,10.25,10.350000381469727,10.010000228881836,10.050000190734863,662700,0.0,0.0
2013-11-11 00:00:00-05:00,10.0,10.109999656677246,9.880000114440918,10.100000381469727,339700,0.0,0.0
2013-11-12 00:00:00-05:00,10.029999732971191,10.350000381469727,9.989999771118164,10.220000267028809,375200,0.0,0.0
2013-11-13 00:00:00-05:00,10.1899995803833,10.5600004196167,10.180000305175781,10.420000076293945,324200,0.0,0.0
2013-11-14 00:00:00-05:00,10.359999656677246,10.40999984741211,10.239999771118164,10.3100004196167,303600,0.0,0.0
2013-11-15 00:00:00-05:00,10.260000228881836,10.4399995803833,10.15999984741211,10.399999618530273,309800,0.0,0.0
2013-11-18 00:00:00-05:00,10.420000076293945,10.460000038146973,9.960000038146973,10.020000457763672,267400,0.0,0.0
2013-11-19 00:00:00-05:00,10.010000228881836,10.100000381469727,9.90999984741211,10.0600004196167,212500,0.0,0.0
2013-11-20 00:00:00-05:00,10.109999656677246,10.289999961853027,9.960000038146973,10.020000457763672,225600,0.0,0.0
2013-11-21 00:00:00-05:00,10.0600004196167,10.399999618530273,10.039999961853027,10.149999618530273,246200,0.0,0.0
2013-11-22 00:00:00-05:00,10.180000305175781,10.3100004196167,9.880000114440918,10.020000457763672,327100,0.0,0.0
2013-11-25 00:00:00-05:00,10.010000228881836,10.0600004196167,9.90999984741211,9.989999771118164,292800,0.0,0.0
2013-11-26 00:00:00-05:00,10.0,10.0,9.770000457763672,9.899999618530273,338000,0.0,0.0
2013-11-27 00:00:00-05:00,9.890000343322754,10.09000015258789,9.850000381469727,10.050000190734863,237500,0.0,0.0
2013-11-29 00:00:00-05:00,10.140000343322754,10.449999809265137,10.0600004196167,10.239999771118164,208900,0.0,0.0
2013-12-02 00:00:00-05:00,10.180000305175781,10.180000305175781,9.640000343322754,9.770000457763672,388600,0.0,0.0
2013-12-03 00:00:00-05:00,9.720000267028809,9.869999885559082,9.600000381469727,9.75,654100,0.0,0.0
2013-12-04 00:00:00-05:00,9.670000076293945,9.859999656677246,9.649999618530273,9.699999809265137,216200,0.0,0.0
2013-12-05 00:00:00-05:00,9.680000305175781,9.890000343322754,9.680000305175781,9.770000457763672,175100,0.0,0.0
2013-12-06 00:00:00-05:00,9.859999656677246,9.960000038146973,9.75,9.760000228881836,254800,0.0,0.0
2013-12-09 00:00:00-05:00,9.8100004196167,9.869999885559082,9.670000076293945,9.779999732971191,259100,0.0,0.0
2013-12-10 00:00:00-05:00,9.789999961853027,9.859999656677246,9.630000114440918,9.720000267028809,308500,0.0,0.0
2013-12-11 00:00:00-05:00,9.710000038146973,9.819999694824219,9.510000228881836,9.649999618530273,467700,0.0,0.0
2013-12-12 00:00:00-05:00,9.630000114440918,9.699999809265137,9.4399995803833,9.59000015258789,313000,0.0,0.0
2013-12-13 00:00:00-05:00,9.619999885559082,9.699999809265137,9.479999542236328,9.510000228881836,234100,0.0,0.0
2013-12-16 00:00:00-05:00,9.550000190734863,9.779999732971191,9.550000190734863,9.739999771118164,169400,0.0,0.0
2013-12-17 00:00:00-05:00,9.770000457763672,9.930000305175781,9.649999618530273,9.6899995803833,261200,0.0,0.0
2013-12-18 00:00:00-05:00,9.710000038146973,9.710000038146973,9.430000305175781,9.449999809265137,380200,0.0,0.0
2013-12-19 00:00:00-05:00,9.420000076293945,9.550000190734863,9.359999656677246,9.449999809265137,482800,0.0,0.0
2013-12-20 00:00:00-05:00,9.489999771118164,9.619999885559082,9.34000015258789,9.449999809265137,734100,0.0,0.0
2013-12-23 00:00:00-05:00,9.5,9.760000228881836,9.449999809265137,9.600000381469727,345500,0.0,0.0
2013-12-24 00:00:00-05:00,9.600000381469727,9.75,9.529999732971191,9.609999656677246,164900,0.0,0.0
2013-12-26 00:00:00-05:00,9.649999618530273,9.859999656677246,9.59000015258789,9.619999885559082,189500,0.0,0.0
2013-12-27 00:00:00-05:00,9.649999618530273,9.75,9.479999542236328,9.550000190734863,262700,0.0,0.0
2013-12-30 00:00:00-05:00,9.529999732971191,9.65999984741211,9.470000267028809,9.489999771118164,239900,0.0,0.0
2013-12-31 00:00:00-05:00,9.539999961853027,9.869999885559082,9.529999732971191,9.640000343322754,451600,0.0,0.0
2014-01-02 00:00:00-05:00,9.640000343322754,9.649999618530273,9.300000190734863,9.359999656677246,434000,0.0,0.0
2014-01-03 00:00:00-05:00,9.359999656677246,9.630000114440918,9.359999656677246,9.579999923706055,280800,0.0,0.0
2014-01-06 00:00:00-05:00,9.600000381469727,9.75,9.489999771118164,9.539999961853027,309900,0.0,0.0
2014-01-07 00:00:00-05:00,9.600000381469727,9.600000381469727,9.239999771118164,9.289999961853027,806100,0.0,0.0
2014-01-08 00:00:00-05:00,9.270000457763672,9.369999885559082,9.210000038146973,9.239999771118164,335800,0.0,0.0
2014-01-09 00:00:00-05:00,8.869999885559082,8.90999984741211,8.239999771118164,8.289999961853027,1583900,0.0,0.0
2014-01-10 00:00:00-05:00,8.260000228881836,8.40999984741211,8.199999809265137,8.380000114440918,681000,0.0,0.0
2014-01-13 00:00:00-05:00,8.399999618530273,8.449999809265137,8.199999809265137,8.239999771118164,492100,0.0,0.0
2014-01-14 00:00:00-05:00,8.300000190734863,8.449999809265137,8.289999961853027,8.300000190734863,580800,0.0,0.0
2014-01-15 00:00:00-05:00,8.34000015258789,8.460000038146973,8.329999923706055,8.380000114440918,663800,0.0,0.0
2014-01-16 00:00:00-05:00,8.399999618530273,8.470000267028809,8.329999923706055,8.40999984741211,729700,0.0,0.0
2014-01-17 00:00:00-05:00,8.430000305175781,8.470000267028809,8.289999961853027,8.319999694824219,774400,0.0,0.0
2014-01-21 00:00:00-05:00,8.390000343322754,8.479999542236328,8.329999923706055,8.399999618530273,636100,0.0,0.0
2014-01-22 00:00:00-05:00,8.369999885559082,8.75,8.3100004196167,8.539999961853027,1176800,0.0,0.0
2014-01-23 00:00:00-05:00,8.510000228881836,8.550000190734863,8.279999732971191,8.329999923706055,516000,0.0,0.0
2014-01-24 00:00:00-05:00,8.3100004196167,8.420000076293945,8.15999984741211,8.279999732971191,362100,0.0,0.0
2014-01-27 00:00:00-05:00,8.3100004196167,8.359999656677246,7.989999771118164,8.069999694824219,697400,0.0,0.0
2014-01-28 00:00:00-05:00,8.100000381469727,8.279999732971191,7.96999979019165,8.180000305175781,541700,0.0,0.0
2014-01-29 00:00:00-05:00,8.130000114440918,8.350000381469727,8.100000381469727,8.109999656677246,460300,0.0,0.0
2014-01-30 00:00:00-05:00,8.15999984741211,8.34000015258789,7.949999809265137,8.100000381469727,916000,0.0,0.0
2014-01-31 00:00:00-05:00,7.940000057220459,8.15999984741211,7.920000076293945,7.929999828338623,537500,0.0,0.0
2014-02-03 00:00:00-05:00,7.940000057220459,8.020000457763672,7.78000020980835,7.880000114440918,606000,0.0,0.0
2014-02-04 00:00:00-05:00,7.949999809265137,8.119999885559082,7.800000190734863,8.020000457763672,481600,0.0,0.0
2014-02-05 00:00:00-05:00,8.0,8.130000114440918,7.789999961853027,7.960000038146973,498900,0.0,0.0
2014-02-06 00:00:00-05:00,7.980000019073486,8.3100004196167,7.980000019073486,8.170000076293945,343100,0.0,0.0
2014-02-07 00:00:00-05:00,8.180000305175781,8.270000457763672,8.100000381469727,8.180000305175781,309400,0.0,0.0
2014-02-10 00:00:00-05:00,8.180000305175781,8.180000305175781,7.909999847412109,7.96999979019165,553100,0.0,0.0
2014-02-11 00:00:00-05:00,8.0,8.050000190734863,7.869999885559082,7.949999809265137,730700,0.0,0.0
2014-02-12 00:00:00-05:00,7.309999942779541,7.699999809265137,7.119999885559082,7.480000019073486,2156000,0.0,0.0
2014-02-13 00:00:00-05:00,7.46999979019165,7.679999828338623,7.349999904632568,7.570000171661377,847300,0.0,0.0
2014-02-14 00:00:00-05:00,7.579999923706055,7.849999904632568,7.53000020980835,7.670000076293945,957100,0.0,0.0
2014-02-18 00:00:00-05:00,7.679999828338623,7.849999904632568,7.679999828338623,7.789999961853027,941400,0.0,0.0
2014-02-19 00:00:00-05:00,7.75,7.889999866485596,7.659999847412109,7.659999847412109,236400,0.0,0.0
2014-02-20 00:00:00-05:00,7.800000190734863,8.3100004196167,7.800000190734863,8.149999618530273,1672100,0.0,0.0
2014-02-21 00:00:00-05:00,8.170000076293945,8.319999694824219,8.010000228881836,8.289999961853027,1111600,0.0,0.0
2014-02-24 00:00:00-05:00,8.25,8.25,8.069999694824219,8.170000076293945,532800,0.0,0.0
2014-02-25 00:00:00-05:00,8.180000305175781,8.1899995803833,8.079999923706055,8.109999656677246,512600,0.0,0.0
2014-02-26 00:00:00-05:00,8.109999656677246,8.260000228881836,8.0600004196167,8.210000038146973,695000,0.0,0.0
2014-02-27 00:00:00-05:00,8.15999984741211,8.220000267028809,8.029999732971191,8.0600004196167,644400,0.0,0.0
2014-02-28 00:00:00-05:00,8.010000228881836,8.170000076293945,7.829999923706055,7.949999809265137,381000,0.0,0.0
2014-03-03 00:00:00-05:00,7.840000152587891,7.980000019073486,7.71999979019165,7.929999828338623,470500,0.0,0.0
2014-03-04 00:00:00-05:00,8.0,8.15999984741211,7.960000038146973,8.140000343322754,799900,0.0,0.0
2014-03-05 00:00:00-05:00,8.140000343322754,8.34000015258789,8.140000343322754,8.270000457763672,299500,0.0,0.0
2014-03-06 00:00:00-05:00,8.319999694824219,8.789999961853027,8.300000190734863,8.720000267028809,656300,0.0,0.0
2014-03-07 00:00:00-05:00,8.739999771118164,8.90999984741211,8.539999961853027,8.779999732971191,713000,0.0,0.0
2014-03-10 00:00:00-04:00,8.75,8.760000228881836,8.550000190734863,8.569999694824219,270600,0.0,0.0
2014-03-11 00:00:00-04:00,8.550000190734863,8.710000038146973,8.390000343322754,8.649999618530273,601100,0.0,0.0
2014-03-12 00:00:00-04:00,8.970000267028809,9.029999732971191,8.779999732971191,8.890000343322754,711000,0.0,0.0
2014-03-13 00:00:00-04:00,8.930000305175781,8.989999771118164,8.649999618530273,8.699999809265137,775200,0.0,0.0
2014-03-14 00:00:00-04:00,8.65999984741211,8.899999618530273,8.609999656677246,8.710000038146973,292400,0.0,0.0
2014-03-17 00:00:00-04:00,8.739999771118164,8.930000305175781,8.680000305175781,8.880000114440918,319800,0.0,0.0
2014-03-18 00:00:00-04:00,8.850000381469727,9.100000381469727,8.710000038146973,8.960000038146973,368800,0.0,0.0
2014-03-19 00:00:00-04:00,8.970000267028809,9.039999961853027,8.90999984741211,9.029999732971191,337200,0.0,0.0
2014-03-20 00:00:00-04:00,9.010000228881836,9.15999984741211,8.960000038146973,8.989999771118164,242200,0.0,0.0
2014-03-21 00:00:00-04:00,9.0600004196167,9.069999694824219,8.850000381469727,8.890000343322754,323500,0.0,0.0
2014-03-24 00:00:00-04:00,8.9399995803833,8.979999542236328,8.510000228881836,8.729999542236328,350000,0.0,0.0
2014-03-25 00:00:00-04:00,8.800000190734863,8.880000114440918,8.569999694824219,8.609999656677246,150500,0.0,0.0
2014-03-26 00:00:00-04:00,8.65999984741211,8.680000305175781,8.319999694824219,8.319999694824219,277400,0.0,0.0
2014-03-27 00:00:00-04:00,8.289999961853027,8.399999618530273,8.140000343322754,8.149999618530273,286800,0.0,0.0
2014-03-28 00:00:00-04:00,8.149999618530273,8.3100004196167,8.079999923706055,8.300000190734863,219400,0.0,0.0
2014-03-31 00:00:00-04:00,8.319999694824219,8.510000228881836,8.260000228881836,8.430000305175781,139800,0.0,0.0
2014-04-01 00:00:00-04:00,8.449999809265137,8.59000015258789,8.40999984741211,8.5600004196167,208200,0.0,0.0
2014-04-02 00:00:00-04:00,8.550000190734863,8.670000076293945,8.489999771118164,8.670000076293945,125700,0.0,0.0
2014-04-03 00:00:00-04:00,8.640000343322754,8.8100004196167,8.420000076293945,8.520000457763672,219900,0.0,0.0
2014-04-04 00:00:00-04:00,8.600000381469727,8.600000381469727,8.1899995803833,8.3100004196167,353700,0.0,0.0
2014-04-07 00:00:00-04:00,8.59000015258789,8.65999984741211,8.260000228881836,8.430000305175781,347700,0.0,0.0
2014-04-08 00:00:00-04:00,8.430000305175781,8.510000228881836,8.319999694824219,8.390000343322754,217900,0.0,0.0
2014-04-09 00:00:00-04:00,8.420000076293945,8.619999885559082,8.319999694824219,8.5600004196167,243600,0.0,0.0
2014-04-10 00:00:00-04:00,8.579999923706055,8.630000114440918,8.119999885559082,8.319999694824219,443300,0.0,0.0
2014-04-11 00:00:00-04:00,8.229999542236328,8.390000343322754,8.140000343322754,8.319999694824219,359900,0.0,0.0
2014-04-14 00:00:00-04:00,8.399999618530273,8.449999809265137,8.100000381469727,8.229999542236328,374200,0.0,0.0
2014-04-15 00:00:00-04:00,8.229999542236328,8.229999542236328,7.920000076293945,8.140000343322754,357800,0.0,0.0
2014-04-16 00:00:00-04:00,8.149999618530273,8.229999542236328,7.96999979019165,8.100000381469727,270800,0.0,0.0
2014-04-17 00:00:00-04:00,8.100000381469727,8.210000038146973,8.020000457763672,8.180000305175781,165600,0.0,0.0
2014-04-21 00:00:00-04:00,8.1899995803833,8.239999771118164,8.079999923706055,8.220000267028809,104000,0.0,0.0
2014-04-22 00:00:00-04:00,8.300000190734863,8.930000305175781,8.300000190734863,8.890000343322754,512800,0.0,0.0
2014-04-23 00:00:00-04:00,8.829999923706055,8.949999809265137,8.710000038146973,8.779999732971191,193300,0.0,0.0
2014-04-24 00:00:00-04:00,8.869999885559082,9.119999885559082,8.609999656677246,9.100000381469727,403700,0.0,0.0
2014-04-25 00:00:00-04:00,9.069999694824219,9.109999656677246,8.800000190734863,8.989999771118164,858000,0.0,0.0
2014-04-28 00:00:00-04:00,9.0,9.0,8.489999771118164,8.699999809265137,507700,0.0,0.0
2014-04-29 00:00:00-04:00,8.710000038146973,8.75,8.430000305175781,8.460000038146973,296100,0.0,0.0
2014-04-30 00:00:00-04:00,8.470000267028809,9.279999732971191,8.470000267028809,8.8100004196167,804700,0.0,0.0
2014-05-01 00:00:00-04:00,8.760000228881836,8.800000190734863,8.479999542236328,8.6899995803833,726600,0.0,0.0
2014-05-02 00:00:00-04:00,8.670000076293945,8.720000267028809,8.5,8.510000228881836,374200,0.0,0.0
2014-05-05 00:00:00-04:00,8.5,8.529999732971191,8.3100004196167,8.369999885559082,320500,0.0,0.0
2014-05-06 00:00:00-04:00,8.359999656677246,8.40999984741211,8.010000228881836,8.020000457763672,297100,0.0,0.0
2014-05-07 00:00:00-04:00,8.0,8.050000190734863,7.800000190734863,7.920000076293945,399300,0.0,0.0
2014-05-08 00:00:00-04:00,7.889999866485596,7.929999828338623,7.75,7.800000190734863,691200,0.0,0.0
2014-05-09 00:00:00-04:00,7.760000228881836,7.920000076293945,7.760000228881836,7.869999885559082,421600,0.0,0.0
2014-05-12 00:00:00-04:00,7.949999809265137,8.270000457763672,7.920000076293945,8.260000228881836,265300,0.0,0.0
2014-05-13 00:00:00-04:00,8.210000038146973,8.359999656677246,8.020000457763672,8.109999656677246,405500,0.0,0.0
2014-05-14 00:00:00-04:00,8.119999885559082,8.119999885559082,7.800000190734863,7.909999847412109,303800,0.0,0.0
2014-05-15 00:00:00-04:00,7.880000114440918,7.960000038146973,7.71999979019165,7.869999885559082,227600,0.0,0.0
2014-05-16 00:00:00-04:00,7.829999923706055,7.929999828338623,7.769999980926514,7.869999885559082,226500,0.0,0.0
2014-05-19 00:00:00-04:00,7.809999942779541,8.149999618530273,7.809999942779541,8.140000343322754,208600,0.0,0.0
2014-05-20 00:00:00-04:00,8.109999656677246,8.109999656677246,7.900000095367432,8.010000228881836,207300,0.0,0.0
2014-05-21 00:00:00-04:00,8.020000457763672,8.1899995803833,7.940000057220459,8.119999885559082,266100,0.0,0.0
2014-05-22 00:00:00-04:00,8.09000015258789,8.25,8.010000228881836,8.199999809265137,143000,0.0,0.0
2014-05-23 00:00:00-04:00,8.170000076293945,8.300000190734863,8.140000343322754,8.300000190734863,157000,0.0,0.0
2014-05-27 00:00:00-04:00,8.380000114440918,8.609999656677246,8.369999885559082,8.600000381469727,198500,0.0,0.0
2014-05-28 00:00:00-04:00,8.550000190734863,8.600000381469727,8.390000343322754,8.4399995803833,232800,0.0,0.0
2014-05-29 00:00:00-04:00,8.420000076293945,8.449999809265137,8.1899995803833,8.270000457763672,314500,0.0,0.0
2014-05-30 00:00:00-04:00,8.319999694824219,8.319999694824219,8.029999732971191,8.15999984741211,192900,0.0,0.0
2014-06-02 00:00:00-04:00,8.100000381469727,8.100000381469727,7.579999923706055,7.769999980926514,459300,0.0,0.0
2014-06-03 00:00:00-04:00,7.730000019073486,7.739999771118164,7.539999961853027,7.630000114440918,260800,0.0,0.0
2014-06-04 00:00:00-04:00,7.570000171661377,7.610000133514404,7.400000095367432,7.420000076293945,231100,0.0,0.0
2014-06-05 00:00:00-04:00,7.5,7.800000190734863,7.420000076293945,7.789999961853027,307900,0.0,0.0
2014-06-06 00:00:00-04:00,7.849999904632568,8.260000228881836,7.849999904632568,8.069999694824219,328100,0.0,0.0
2014-06-09 00:00:00-04:00,8.020000457763672,8.039999961853027,7.940000057220459,8.0,182800,0.0,0.0
2014-06-10 00:00:00-04:00,7.929999828338623,7.989999771118164,7.860000133514404,7.96999979019165,155500,0.0,0.0
2014-06-11 00:00:00-04:00,7.880000114440918,8.010000228881836,7.789999961853027,7.800000190734863,328600,0.0,0.0
2014-06-12 00:00:00-04:00,7.809999942779541,7.809999942779541,7.659999847412109,7.699999809265137,177100,0.0,0.0
2014-06-13 00:00:00-04:00,7.739999771118164,7.789999961853027,7.579999923706055,7.739999771118164,93900,0.0,0.0
2014-06-16 00:00:00-04:00,7.690000057220459,7.900000095367432,7.690000057220459,7.809999942779541,156900,0.0,0.0
2014-06-17 00:00:00-04:00,7.829999923706055,8.0,7.800000190734863,7.949999809265137,320800,0.0,0.0
2014-06-18 00:00:00-04:00,7.960000038146973,7.989999771118164,7.869999885559082,7.929999828338623,125900,0.0,0.0
2014-06-19 00:00:00-04:00,8.0,8.0,7.849999904632568,7.909999847412109,95300,0.0,0.0
2014-06-20 00:00:00-04:00,7.949999809265137,8.0,7.800000190734863,7.929999828338623,257200,0.0,0.0
2014-06-23 00:00:00-04:00,7.909999847412109,7.980000019073486,7.809999942779541,7.869999885559082,120600,0.0,0.0
2014-06-24 00:00:00-04:00,7.829999923706055,8.050000190734863,7.739999771118164,7.769999980926514,289500,0.0,0.0
2014-06-25 00:00:00-04:00,7.760000228881836,7.78000020980835,7.599999904632568,7.730000019073486,98300,0.0,0.0
2014-06-26 00:00:00-04:00,7.760000228881836,7.929999828338623,7.599999904632568,7.900000095367432,178700,0.0,0.0
2014-06-27 00:00:00-04:00,7.900000095367432,8.109999656677246,7.900000095367432,8.109999656677246,1694600,0.0,0.0
2014-06-30 00:00:00-04:00,8.0600004196167,8.220000267028809,7.989999771118164,8.180000305175781,234800,0.0,0.0
2014-07-01 00:00:00-04:00,8.229999542236328,8.470000267028809,8.229999542236328,8.449999809265137,258200,0.0,0.0
2014-07-02 00:00:00-04:00,8.460000038146973,8.539999961853027,8.300000190734863,8.460000038146973,195100,0.0,0.0
2014-07-03 00:00:00-04:00,8.470000267028809,8.579999923706055,8.25,8.270000457763672,87600,0.0,0.0
2014-07-07 00:00:00-04:00,8.210000038146973,8.210000038146973,7.96999979019165,8.029999732971191,148800,0.0,0.0
2014-07-08 00:00:00-04:00,7.989999771118164,8.050000190734863,7.820000171661377,7.889999866485596,231400,0.0,0.0
2014-07-09 00:00:00-04:00,7.929999828338623,8.020000457763672,7.760000228881836,7.909999847412109,197300,0.0,0.0
2014-07-10 00:00:00-04:00,7.690000057220459,7.949999809265137,7.670000076293945,7.880000114440918,217800,0.0,0.0
2014-07-11 00:00:00-04:00,7.849999904632568,7.980000019073486,7.840000152587891,7.909999847412109,85500,0.0,0.0
2014-07-14 00:00:00-04:00,8.0,8.09000015258789,7.949999809265137,8.039999961853027,130200,0.0,0.0
2014-07-15 00:00:00-04:00,8.010000228881836,8.069999694824219,7.880000114440918,7.989999771118164,272100,0.0,0.0
2014-07-16 00:00:00-04:00,7.989999771118164,8.25,7.840000152587891,8.170000076293945,316700,0.0,0.0
2014-07-17 00:00:00-04:00,8.140000343322754,8.180000305175781,8.020000457763672,8.119999885559082,239400,0.0,0.0
2014-07-18 00:00:00-04:00,8.119999885559082,8.34000015258789,8.119999885559082,8.329999923706055,276500,0.0,0.0
2014-07-21 00:00:00-04:00,8.289999961853027,8.319999694824219,8.170000076293945,8.300000190734863,142300,0.0,0.0
2014-07-22 00:00:00-04:00,8.350000381469727,8.449999809265137,8.270000457763672,8.430000305175781,254600,0.0,0.0
2014-07-23 00:00:00-04:00,8.369999885559082,8.460000038146973,8.289999961853027,8.369999885559082,213900,0.0,0.0
2014-07-24 00:00:00-04:00,8.430000305175781,8.460000038146973,8.210000038146973,8.369999885559082,256100,0.0,0.0
2014-07-25 00:00:00-04:00,8.300000190734863,8.300000190734863,8.029999732971191,8.15999984741211,219300,0.0,0.0
2014-07-28 00:00:00-04:00,8.1899995803833,8.1899995803833,7.949999809265137,8.079999923706055,184500,0.0,0.0
2014-07-29 00:00:00-04:00,8.0600004196167,8.25,8.010000228881836,8.210000038146973,246400,0.0,0.0
2014-07-30 00:00:00-04:00,9.0,9.630000114440918,8.84000015258789,9.5,1617300,0.0,0.0
2014-07-31 00:00:00-04:00,9.319999694824219,9.5,8.979999542236328,9.289999961853027,486800,0.0,0.0
2014-08-01 00:00:00-04:00,9.270000457763672,9.380000114440918,9.020000457763672,9.140000343322754,376200,0.0,0.0
2014-08-04 00:00:00-04:00,9.119999885559082,9.229999542236328,8.960000038146973,9.050000190734863,263000,0.0,0.0
2014-08-05 00:00:00-04:00,8.989999771118164,9.149999618530273,8.90999984741211,9.149999618530273,328300,0.0,0.0
2014-08-06 00:00:00-04:00,9.09000015258789,9.5,8.899999618530273,9.369999885559082,367500,0.0,0.0
2014-08-07 00:00:00-04:00,9.390000343322754,9.420000076293945,9.100000381469727,9.140000343322754,201800,0.0,0.0
2014-08-08 00:00:00-04:00,9.15999984741211,9.270000457763672,9.109999656677246,9.149999618530273,180300,0.0,0.0
2014-08-11 00:00:00-04:00,9.210000038146973,9.319999694824219,9.069999694824219,9.270000457763672,175200,0.0,0.0
2014-08-12 00:00:00-04:00,9.1899995803833,9.260000228881836,9.050000190734863,9.069999694824219,167700,0.0,0.0
2014-08-13 00:00:00-04:00,9.119999885559082,9.270000457763672,9.039999961853027,9.260000228881836,160600,0.0,0.0
2014-08-14 00:00:00-04:00,9.289999961853027,9.40999984741211,9.199999809265137,9.399999618530273,264600,0.0,0.0
2014-08-15 00:00:00-04:00,9.5,9.579999923706055,9.079999923706055,9.430000305175781,704000,0.0,0.0
2014-08-18 00:00:00-04:00,9.460000038146973,9.649999618530273,9.399999618530273,9.489999771118164,164900,0.0,0.0
2014-08-19 00:00:00-04:00,9.510000228881836,10.050000190734863,9.5,9.930000305175781,874500,0.0,0.0
2014-08-20 00:00:00-04:00,9.850000381469727,10.15999984741211,9.729999542236328,10.15999984741211,475000,0.0,0.0
2014-08-21 00:00:00-04:00,10.109999656677246,10.109999656677246,9.920000076293945,10.109999656677246,292200,0.0,0.0
2014-08-22 00:00:00-04:00,10.109999656677246,10.260000228881836,10.020000457763672,10.199999809265137,203900,0.0,0.0
2014-08-25 00:00:00-04:00,10.239999771118164,10.289999961853027,9.869999885559082,9.890000343322754,141200,0.0,0.0
2014-08-26 00:00:00-04:00,9.890000343322754,10.390000343322754,9.890000343322754,10.359999656677246,278200,0.0,0.0
2014-08-27 00:00:00-04:00,10.350000381469727,10.569999694824219,10.279999732971191,10.5600004196167,325600,0.0,0.0
2014-08-28 00:00:00-04:00,10.550000190734863,10.5600004196167,10.399999618530273,10.5,246500,0.0,0.0
2014-08-29 00:00:00-04:00,10.510000228881836,10.550000190734863,10.4399995803833,10.5,257700,0.0,0.0
2014-09-02 00:00:00-04:00,10.470000267028809,10.520000457763672,10.380000114440918,10.470000267028809,286600,0.0,0.0
2014-09-03 00:00:00-04:00,10.5,10.770000457763672,10.460000038146973,10.510000228881836,385200,0.0,0.0
2014-09-04 00:00:00-04:00,10.489999771118164,10.920000076293945,10.470000267028809,10.8100004196167,717600,0.0,0.0
2014-09-05 00:00:00-04:00,10.699999809265137,10.800000190734863,10.510000228881836,10.600000381469727,267000,0.0,0.0
2014-09-08 00:00:00-04:00,10.640000343322754,10.770000457763672,10.399999618530273,10.520000457763672,228300,0.0,0.0
2014-09-09 00:00:00-04:00,10.470000267028809,10.489999771118164,10.140000343322754,10.180000305175781,286500,0.0,0.0
2014-09-10 00:00:00-04:00,10.220000267028809,10.270000457763672,10.050000190734863,10.239999771118164,177000,0.0,0.0
2014-09-11 00:00:00-04:00,10.239999771118164,10.390000343322754,10.229999542236328,10.279999732971191,206200,0.0,0.0
2014-09-12 00:00:00-04:00,10.25,10.329999923706055,10.069999694824219,10.260000228881836,230000,0.0,0.0
2014-09-15 00:00:00-04:00,10.260000228881836,10.260000228881836,9.920000076293945,10.109999656677246,223600,0.0,0.0
2014-09-16 00:00:00-04:00,10.0600004196167,10.100000381469727,9.859999656677246,9.890000343322754,278400,0.0,0.0
2014-09-17 00:00:00-04:00,9.869999885559082,10.119999885559082,9.869999885559082,10.050000190734863,115700,0.0,0.0
2014-09-18 00:00:00-04:00,10.100000381469727,10.180000305175781,10.100000381469727,10.170000076293945,128600,0.0,0.0
2014-09-19 00:00:00-04:00,10.15999984741211,10.229999542236328,9.550000190734863,9.699999809265137,474700,0.0,0.0
2014-09-22 00:00:00-04:00,9.619999885559082,9.630000114440918,9.289999961853027,9.359999656677246,312800,0.0,0.0
2014-09-23 00:00:00-04:00,9.289999961853027,9.4399995803833,9.210000038146973,9.229999542236328,190800,0.0,0.0
2014-09-24 00:00:00-04:00,9.300000190734863,9.420000076293945,9.15999984741211,9.399999618530273,194100,0.0,0.0
2014-09-25 00:00:00-04:00,9.399999618530273,9.399999618530273,9.149999618530273,9.149999618530273,146000,0.0,0.0
2014-09-26 00:00:00-04:00,9.220000267028809,9.319999694824219,9.180000305175781,9.260000228881836,169100,0.0,0.0
2014-09-29 00:00:00-04:00,9.199999809265137,9.520000457763672,9.140000343322754,9.5,213400,0.0,0.0
2014-09-30 00:00:00-04:00,9.510000228881836,9.770000457763672,9.40999984741211,9.569999694824219,465000,0.0,0.0
2014-10-01 00:00:00-04:00,9.550000190734863,9.630000114440918,9.300000190734863,9.520000457763672,324500,0.0,0.0
2014-10-02 00:00:00-04:00,9.489999771118164,9.680000305175781,9.369999885559082,9.609999656677246,132400,0.0,0.0
2014-10-03 00:00:00-04:00,9.710000038146973,9.729999542236328,9.329999923706055,9.390000343322754,172500,0.0,0.0
2014-10-06 00:00:00-04:00,9.390000343322754,9.5600004196167,9.199999809265137,9.220000267028809,126300,0.0,0.0
2014-10-07 00:00:00-04:00,9.149999618530273,9.180000305175781,8.84000015258789,8.880000114440918,256700,0.0,0.0
2014-10-08 00:00:00-04:00,9.229999542236328,9.34000015258789,8.989999771118164,9.15999984741211,706400,0.0,0.0
2014-10-09 00:00:00-04:00,9.0600004196167,9.210000038146973,8.819999694824219,8.930000305175781,205400,0.0,0.0
2014-10-10 00:00:00-04:00,8.850000381469727,8.850000381469727,8.270000457763672,8.3100004196167,371000,0.0,0.0
2014-10-13 00:00:00-04:00,8.300000190734863,8.760000228881836,8.260000228881836,8.59000015258789,313600,0.0,0.0
2014-10-14 00:00:00-04:00,8.699999809265137,8.890000343322754,8.600000381469727,8.710000038146973,183300,0.0,0.0
2014-10-15 00:00:00-04:00,8.649999618530273,9.029999732971191,8.5,8.989999771118164,355700,0.0,0.0
2014-10-16 00:00:00-04:00,8.859999656677246,9.15999984741211,8.789999961853027,8.979999542236328,336700,0.0,0.0
2014-10-17 00:00:00-04:00,9.0,9.149999618530273,8.800000190734863,8.8100004196167,219600,0.0,0.0
2014-10-20 00:00:00-04:00,8.760000228881836,8.970000267028809,8.760000228881836,8.869999885559082,136800,0.0,0.0
2014-10-21 00:00:00-04:00,8.949999809265137,8.960000038146973,8.710000038146973,8.770000457763672,338400,0.0,0.0
2014-10-22 00:00:00-04:00,8.800000190734863,8.880000114440918,8.5600004196167,8.569999694824219,156700,0.0,0.0
2014-10-23 00:00:00-04:00,8.649999618530273,8.949999809265137,8.640000343322754,8.869999885559082,200500,0.0,0.0
2014-10-24 00:00:00-04:00,8.819999694824219,8.989999771118164,8.619999885559082,8.84000015258789,204600,0.0,0.0
2014-10-27 00:00:00-04:00,8.75,8.760000228881836,8.59000015258789,8.600000381469727,153300,0.0,0.0
2014-10-28 00:00:00-04:00,8.619999885559082,8.770000457763672,8.550000190734863,8.739999771118164,861900,0.0,0.0
2014-10-29 00:00:00-04:00,8.779999732971191,9.0600004196167,8.680000305175781,8.84000015258789,838400,0.0,0.0
2014-10-30 00:00:00-04:00,9.460000038146973,11.09000015258789,9.460000038146973,10.760000228881836,2826600,0.0,0.0
2014-10-31 00:00:00-04:00,10.880000114440918,10.970000267028809,10.649999618530273,10.8100004196167,856900,0.0,0.0
2014-11-03 00:00:00-05:00,10.8100004196167,10.989999771118164,10.710000038146973,10.84000015258789,448500,0.0,0.0
2014-11-04 00:00:00-05:00,10.829999923706055,11.40999984741211,10.789999961853027,10.989999771118164,791500,0.0,0.0
2014-11-05 00:00:00-05:00,11.039999961853027,11.130000114440918,10.850000381469727,11.029999732971191,231100,0.0,0.0
2014-11-06 00:00:00-05:00,11.010000228881836,11.529999732971191,10.949999809265137,11.4399995803833,633200,0.0,0.0
2014-11-07 00:00:00-05:00,11.40999984741211,11.489999771118164,11.149999618530273,11.4399995803833,467800,0.0,0.0
2014-11-10 00:00:00-05:00,11.350000381469727,11.510000228881836,11.289999961853027,11.380000114440918,472600,0.0,0.0
2014-11-11 00:00:00-05:00,11.420000076293945,11.600000381469727,11.239999771118164,11.3100004196167,331900,0.0,0.0
2014-11-12 00:00:00-05:00,11.210000038146973,11.34000015258789,11.039999961853027,11.069999694824219,487800,0.0,0.0
2014-11-13 00:00:00-05:00,11.09000015258789,11.260000228881836,10.670000076293945,10.729999542236328,457600,0.0,0.0
2014-11-14 00:00:00-05:00,10.779999732971191,11.09000015258789,10.739999771118164,10.960000038146973,270800,0.0,0.0
2014-11-17 00:00:00-05:00,10.9399995803833,11.039999961853027,10.649999618530273,10.680000305175781,267000,0.0,0.0
2014-11-18 00:00:00-05:00,10.710000038146973,10.899999618530273,10.6899995803833,10.739999771118164,254000,0.0,0.0
2014-11-19 00:00:00-05:00,10.699999809265137,10.789999961853027,10.529999732971191,10.710000038146973,232300,0.0,0.0
2014-11-20 00:00:00-05:00,10.569999694824219,11.020000457763672,10.489999771118164,11.010000228881836,206600,0.0,0.0
2014-11-21 00:00:00-05:00,11.170000076293945,11.239999771118164,10.420000076293945,10.470000267028809,492400,0.0,0.0
2014-11-24 00:00:00-05:00,10.510000228881836,10.65999984741211,10.399999618530273,10.449999809265137,255300,0.0,0.0
2014-11-25 00:00:00-05:00,10.489999771118164,10.789999961853027,10.470000267028809,10.720000267028809,227600,0.0,0.0
2014-11-26 00:00:00-05:00,10.8100004196167,10.859999656677246,10.65999984741211,10.75,204100,0.0,0.0
2014-11-28 00:00:00-05:00,10.6899995803833,10.970000267028809,10.550000190734863,10.600000381469727,270900,0.0,0.0
2014-12-01 00:00:00-05:00,10.529999732971191,10.550000190734863,9.890000343322754,10.0600004196167,487200,0.0,0.0
2014-12-02 00:00:00-05:00,10.119999885559082,10.489999771118164,10.020000457763672,10.319999694824219,358300,0.0,0.0
2014-12-03 00:00:00-05:00,10.300000190734863,10.609999656677246,10.300000190734863,10.529999732971191,215400,0.0,0.0
2014-12-04 00:00:00-05:00,10.550000190734863,10.630000114440918,10.15999984741211,10.199999809265137,265900,0.0,0.0
2014-12-05 00:00:00-05:00,10.1899995803833,10.449999809265137,10.119999885559082,10.210000038146973,247500,0.0,0.0
2014-12-08 00:00:00-05:00,10.109999656677246,10.329999923706055,10.020000457763672,10.0600004196167,156400,0.0,0.0
2014-12-09 00:00:00-05:00,9.970000267028809,10.510000228881836,9.890000343322754,10.359999656677246,317500,0.0,0.0
2014-12-10 00:00:00-05:00,10.289999961853027,10.420000076293945,9.800000190734863,9.8100004196167,244400,0.0,0.0
2014-12-11 00:00:00-05:00,9.90999984741211,10.1899995803833,9.8100004196167,9.960000038146973,223200,0.0,0.0
2014-12-12 00:00:00-05:00,9.819999694824219,9.84000015258789,9.550000190734863,9.550000190734863,258100,0.0,0.0
2014-12-15 00:00:00-05:00,9.670000076293945,9.760000228881836,9.350000381469727,9.399999618530273,283200,0.0,0.0
2014-12-16 00:00:00-05:00,9.350000381469727,9.710000038146973,9.25,9.449999809265137,265700,0.0,0.0
2014-12-17 00:00:00-05:00,9.5,9.90999984741211,9.420000076293945,9.890000343322754,185600,0.0,0.0
2014-12-18 00:00:00-05:00,10.0,10.25,9.84000015258789,10.149999618530273,233200,0.0,0.0
2014-12-19 00:00:00-05:00,10.100000381469727,10.210000038146973,10.050000190734863,10.149999618530273,240600,0.0,0.0
2014-12-22 00:00:00-05:00,10.199999809265137,10.4399995803833,10.140000343322754,10.390000343322754,208600,0.0,0.0
2014-12-23 00:00:00-05:00,10.40999984741211,10.460000038146973,10.279999732971191,10.380000114440918,144000,0.0,0.0
2014-12-24 00:00:00-05:00,10.380000114440918,10.479999542236328,10.180000305175781,10.210000038146973,131000,0.0,0.0
2014-12-26 00:00:00-05:00,10.220000267028809,10.329999923706055,10.119999885559082,10.15999984741211,66000,0.0,0.0
2014-12-29 00:00:00-05:00,10.09000015258789,10.180000305175781,9.819999694824219,9.84000015258789,154300,0.0,0.0
2014-12-30 00:00:00-05:00,9.770000457763672,10.09000015258789,9.680000305175781,10.029999732971191,172300,0.0,0.0
2014-12-31 00:00:00-05:00,10.100000381469727,10.270000457763672,9.989999771118164,10.020000457763672,149600,0.0,0.0
2015-01-02 00:00:00-05:00,10.079999923706055,10.149999618530273,9.760000228881836,10.010000228881836,164700,0.0,0.0
2015-01-05 00:00:00-05:00,9.880000114440918,9.989999771118164,9.670000076293945,9.819999694824219,135600,0.0,0.0
2015-01-06 00:00:00-05:00,9.819999694824219,9.899999618530273,9.420000076293945,9.729999542236328,256500,0.0,0.0
2015-01-07 00:00:00-05:00,9.859999656677246,9.859999656677246,9.520000457763672,9.65999984741211,170500,0.0,0.0
2015-01-08 00:00:00-05:00,9.739999771118164,9.949999809265137,9.6899995803833,9.729999542236328,105000,0.0,0.0
2015-01-09 00:00:00-05:00,9.699999809265137,9.899999618530273,9.579999923706055,9.729999542236328,149100,0.0,0.0
2015-01-12 00:00:00-05:00,9.739999771118164,9.800000190734863,9.59000015258789,9.699999809265137,174800,0.0,0.0
2015-01-13 00:00:00-05:00,9.760000228881836,9.989999771118164,9.420000076293945,9.59000015258789,143100,0.0,0.0
2015-01-14 00:00:00-05:00,9.5,9.6899995803833,9.4399995803833,9.609999656677246,133900,0.0,0.0
2015-01-15 00:00:00-05:00,9.65999984741211,9.65999984741211,9.050000190734863,9.170000076293945,226300,0.0,0.0
2015-01-16 00:00:00-05:00,9.100000381469727,9.420000076293945,9.050000190734863,9.359999656677246,229600,0.0,0.0
2015-01-20 00:00:00-05:00,9.390000343322754,9.609999656677246,9.220000267028809,9.579999923706055,302400,0.0,0.0
2015-01-21 00:00:00-05:00,9.569999694824219,9.949999809265137,9.510000228881836,9.6899995803833,220500,0.0,0.0
2015-01-22 00:00:00-05:00,9.75,10.100000381469727,9.579999923706055,10.100000381469727,241700,0.0,0.0
2015-01-23 00:00:00-05:00,10.069999694824219,10.199999809265137,9.899999618530273,9.930000305175781,213300,0.0,0.0
2015-01-26 00:00:00-05:00,9.899999618530273,10.109999656677246,9.8100004196167,10.020000457763672,114700,0.0,0.0
2015-01-27 00:00:00-05:00,9.869999885559082,10.100000381469727,9.819999694824219,9.930000305175781,104300,0.0,0.0
2015-01-28 00:00:00-05:00,10.0600004196167,10.130000114440918,9.930000305175781,9.979999542236328,218400,0.0,0.0
2015-01-29 00:00:00-05:00,9.989999771118164,9.989999771118164,9.5,9.789999961853027,248900,0.0,0.0
2015-01-30 00:00:00-05:00,9.6899995803833,9.930000305175781,9.600000381469727,9.600000381469727,230800,0.0,0.0
2015-02-02 00:00:00-05:00,9.619999885559082,10.260000228881836,9.600000381469727,10.149999618530273,405700,0.0,0.0
2015-02-03 00:00:00-05:00,10.229999542236328,10.630000114440918,10.119999885559082,10.550000190734863,538100,0.0,0.0
2015-02-04 00:00:00-05:00,9.010000228881836,9.5,8.449999809265137,8.670000076293945,3202000,0.0,0.0
2015-02-05 00:00:00-05:00,8.680000305175781,8.84000015258789,8.550000190734863,8.779999732971191,746000,0.0,0.0
2015-02-06 00:00:00-05:00,8.829999923706055,8.90999984741211,8.640000343322754,8.760000228881836,729700,0.0,0.0
2015-02-09 00:00:00-05:00,8.779999732971191,8.859999656677246,8.550000190734863,8.569999694824219,304100,0.0,0.0
2015-02-10 00:00:00-05:00,8.630000114440918,8.65999984741211,8.449999809265137,8.609999656677246,252600,0.0,0.0
2015-02-11 00:00:00-05:00,8.609999656677246,8.829999923706055,8.550000190734863,8.75,319000,0.0,0.0
2015-02-12 00:00:00-05:00,8.859999656677246,8.859999656677246,8.65999984741211,8.680000305175781,284400,0.0,0.0
2015-02-13 00:00:00-05:00,8.710000038146973,8.869999885559082,8.609999656677246,8.649999618530273,466700,0.0,0.0
2015-02-17 00:00:00-05:00,8.640000343322754,8.720000267028809,8.449999809265137,8.479999542236328,756700,0.0,0.0
2015-02-18 00:00:00-05:00,8.479999542236328,8.479999542236328,8.300000190734863,8.350000381469727,454300,0.0,0.0
2015-02-19 00:00:00-05:00,8.380000114440918,8.380000114440918,8.25,8.350000381469727,461400,0.0,0.0
2015-02-20 00:00:00-05:00,8.369999885559082,8.390000343322754,8.1899995803833,8.210000038146973,423100,0.0,0.0
2015-02-23 00:00:00-05:00,8.25,8.25,8.09000015258789,8.109999656677246,572600,0.0,0.0
2015-02-24 00:00:00-05:00,8.09000015258789,8.369999885559082,8.09000015258789,8.319999694824219,318300,0.0,0.0
2015-02-25 00:00:00-05:00,8.34000015258789,8.449999809265137,8.300000190734863,8.399999618530273,329600,0.0,0.0
2015-02-26 00:00:00-05:00,8.430000305175781,8.600000381469727,8.350000381469727,8.4399995803833,822400,0.0,0.0
2015-02-27 00:00:00-05:00,8.470000267028809,8.779999732971191,8.369999885559082,8.739999771118164,515800,0.0,0.0
2015-03-02 00:00:00-05:00,8.739999771118164,8.869999885559082,8.529999732971191,8.65999984741211,450000,0.0,0.0
2015-03-03 00:00:00-05:00,8.680000305175781,8.829999923706055,8.529999732971191,8.5600004196167,361800,0.0,0.0
2015-03-04 00:00:00-05:00,8.529999732971191,8.59000015258789,8.300000190734863,8.350000381469727,207200,0.0,0.0
2015-03-05 00:00:00-05:00,8.34000015258789,8.539999961853027,8.229999542236328,8.390000343322754,209600,0.0,0.0
2015-03-06 00:00:00-05:00,8.34000015258789,8.430000305175781,8.300000190734863,8.350000381469727,202000,0.0,0.0
2015-03-09 00:00:00-04:00,8.399999618530273,8.470000267028809,8.270000457763672,8.40999984741211,228100,0.0,0.0
2015-03-10 00:00:00-04:00,8.350000381469727,8.430000305175781,8.25,8.260000228881836,220900,0.0,0.0
2015-03-11 00:00:00-04:00,8.300000190734863,8.640000343322754,8.270000457763672,8.579999923706055,358000,0.0,0.0
2015-03-12 00:00:00-04:00,8.670000076293945,8.779999732971191,8.529999732971191,8.59000015258789,162400,0.0,0.0
2015-03-13 00:00:00-04:00,8.5600004196167,8.699999809265137,8.4399995803833,8.640000343322754,143300,0.0,0.0
2015-03-16 00:00:00-04:00,8.699999809265137,8.699999809265137,8.5600004196167,8.619999885559082,113700,0.0,0.0
2015-03-17 00:00:00-04:00,8.529999732971191,8.640000343322754,8.529999732971191,8.579999923706055,139900,0.0,0.0
2015-03-18 00:00:00-04:00,8.5600004196167,8.800000190734863,8.529999732971191,8.760000228881836,170000,0.0,0.0
2015-03-19 00:00:00-04:00,8.739999771118164,8.850000381469727,8.640000343322754,8.75,186400,0.0,0.0
2015-03-20 00:00:00-04:00,8.800000190734863,8.930000305175781,8.699999809265137,8.899999618530273,285300,0.0,0.0
2015-03-23 00:00:00-04:00,8.899999618530273,8.979999542236328,8.779999732971191,8.90999984741211,208300,0.0,0.0
2015-03-24 00:00:00-04:00,8.859999656677246,8.880000114440918,8.5600004196167,8.609999656677246,177400,0.0,0.0
2015-03-25 00:00:00-04:00,8.600000381469727,8.649999618530273,8.369999885559082,8.430000305175781,171600,0.0,0.0
2015-03-26 00:00:00-04:00,8.40999984741211,8.470000267028809,8.279999732971191,8.300000190734863,136200,0.0,0.0
2015-03-27 00:00:00-04:00,8.279999732971191,8.350000381469727,8.149999618530273,8.1899995803833,183200,0.0,0.0
2015-03-30 00:00:00-04:00,8.199999809265137,8.300000190734863,8.180000305175781,8.260000228881836,113400,0.0,0.0
2015-03-31 00:00:00-04:00,8.180000305175781,8.430000305175781,8.180000305175781,8.390000343322754,333400,0.0,0.0
2015-04-01 00:00:00-04:00,8.380000114440918,8.5600004196167,8.350000381469727,8.449999809265137,253100,0.0,0.0
2015-04-02 00:00:00-04:00,8.470000267028809,8.670000076293945,8.470000267028809,8.640000343322754,141400,0.0,0.0
2015-04-06 00:00:00-04:00,8.609999656677246,8.680000305175781,8.489999771118164,8.619999885559082,125800,0.0,0.0
2015-04-07 00:00:00-04:00,8.600000381469727,8.710000038146973,8.569999694824219,8.640000343322754,99300,0.0,0.0
2015-04-08 00:00:00-04:00,8.600000381469727,8.649999618530273,8.380000114440918,8.609999656677246,181100,0.0,0.0
2015-04-09 00:00:00-04:00,8.640000343322754,8.65999984741211,8.40999984741211,8.529999732971191,128500,0.0,0.0
2015-04-10 00:00:00-04:00,8.529999732971191,8.600000381469727,8.470000267028809,8.569999694824219,226700,0.0,0.0
2015-04-13 00:00:00-04:00,8.5600004196167,8.75,8.550000190734863,8.699999809265137,371300,0.0,0.0
2015-04-14 00:00:00-04:00,8.729999542236328,8.880000114440918,8.6899995803833,8.760000228881836,300000,0.0,0.0
2015-04-15 00:00:00-04:00,8.84000015258789,8.84000015258789,8.649999618530273,8.75,205700,0.0,0.0
2015-04-16 00:00:00-04:00,8.699999809265137,8.8100004196167,8.699999809265137,8.75,69200,0.0,0.0
2015-04-17 00:00:00-04:00,8.6899995803833,8.770000457763672,8.420000076293945,8.529999732971191,161800,0.0,0.0
2015-04-20 00:00:00-04:00,8.609999656677246,8.670000076293945,8.479999542236328,8.619999885559082,194900,0.0,0.0
2015-04-21 00:00:00-04:00,8.649999618530273,8.649999618530273,8.520000457763672,8.550000190734863,135600,0.0,0.0
2015-04-22 00:00:00-04:00,8.569999694824219,8.569999694824219,8.430000305175781,8.479999542236328,250900,0.0,0.0
2015-04-23 00:00:00-04:00,8.449999809265137,8.550000190734863,8.430000305175781,8.489999771118164,216200,0.0,0.0
2015-04-24 00:00:00-04:00,8.569999694824219,8.619999885559082,8.420000076293945,8.4399995803833,247100,0.0,0.0
2015-04-27 00:00:00-04:00,8.4399995803833,8.609999656677246,8.399999618530273,8.420000076293945,285400,0.0,0.0
2015-04-28 00:00:00-04:00,8.420000076293945,8.739999771118164,8.369999885559082,8.6899995803833,454000,0.0,0.0
2015-04-29 00:00:00-04:00,7.480000019073486,8.489999771118164,7.320000171661377,8.0,1077000,0.0,0.0
2015-04-30 00:00:00-04:00,7.900000095367432,7.96999979019165,7.369999885559082,7.389999866485596,1070900,0.0,0.0
2015-05-01 00:00:00-04:00,7.400000095367432,7.510000228881836,7.25,7.289999961853027,837700,0.0,0.0
2015-05-04 00:00:00-04:00,7.329999923706055,7.480000019073486,7.289999961853027,7.380000114440918,667300,0.0,0.0
2015-05-05 00:00:00-04:00,7.380000114440918,7.559999942779541,7.360000133514404,7.550000190734863,789800,0.0,0.0
2015-05-06 00:00:00-04:00,7.559999942779541,7.599999904632568,7.340000152587891,7.409999847412109,398800,0.0,0.0
2015-05-07 00:00:00-04:00,7.449999809265137,7.730000019073486,7.389999866485596,7.440000057220459,455300,0.0,0.0
2015-05-08 00:00:00-04:00,7.579999923706055,7.579999923706055,7.409999847412109,7.489999771118164,388500,0.0,0.0
2015-05-11 00:00:00-04:00,7.510000228881836,7.599999904632568,7.5,7.510000228881836,194800,0.0,0.0
2015-05-12 00:00:00-04:00,7.480000019073486,7.53000020980835,7.269999980926514,7.400000095367432,203200,0.0,0.0
2015-05-13 00:00:00-04:00,7.449999809265137,7.510000228881836,7.369999885559082,7.489999771118164,241400,0.0,0.0
2015-05-14 00:00:00-04:00,7.53000020980835,7.710000038146973,7.5,7.619999885559082,605800,0.0,0.0
2015-05-15 00:00:00-04:00,7.630000114440918,7.880000114440918,7.590000152587891,7.679999828338623,519200,0.0,0.0
2015-05-18 00:00:00-04:00,7.679999828338623,7.920000076293945,7.650000095367432,7.900000095367432,231000,0.0,0.0
2015-05-19 00:00:00-04:00,7.849999904632568,7.849999904632568,7.619999885559082,7.630000114440918,215000,0.0,0.0
2015-05-20 00:00:00-04:00,7.599999904632568,7.849999904632568,7.579999923706055,7.789999961853027,339100,0.0,0.0
2015-05-21 00:00:00-04:00,7.829999923706055,7.929999828338623,7.809999942779541,7.909999847412109,279700,0.0,0.0
2015-05-22 00:00:00-04:00,7.949999809265137,8.020000457763672,7.900000095367432,7.909999847412109,373100,0.0,0.0
2015-05-26 00:00:00-04:00,7.900000095367432,7.929999828338623,7.75,7.760000228881836,200700,0.0,0.0
2015-05-27 00:00:00-04:00,7.760000228881836,7.96999979019165,7.659999847412109,7.889999866485596,230200,0.0,0.0
2015-05-28 00:00:00-04:00,7.849999904632568,8.0,7.800000190734863,8.0,304800,0.0,0.0
2015-05-29 00:00:00-04:00,7.949999809265137,8.0600004196167,7.829999923706055,8.0,307100,0.0,0.0
2015-06-01 00:00:00-04:00,7.78000020980835,8.069999694824219,7.78000020980835,8.0600004196167,541400,0.0,0.0
2015-06-02 00:00:00-04:00,8.039999961853027,8.239999771118164,7.980000019073486,8.100000381469727,268400,0.0,0.0
2015-06-03 00:00:00-04:00,8.09000015258789,8.199999809265137,8.050000190734863,8.100000381469727,220800,0.0,0.0
2015-06-04 00:00:00-04:00,8.069999694824219,8.09000015258789,7.949999809265137,7.980000019073486,225800,0.0,0.0
2015-06-05 00:00:00-04:00,7.980000019073486,8.149999618530273,7.820000171661377,8.130000114440918,219000,0.0,0.0
2015-06-08 00:00:00-04:00,8.109999656677246,8.180000305175781,8.069999694824219,8.109999656677246,209500,0.0,0.0
2015-06-09 00:00:00-04:00,8.130000114440918,8.1899995803833,8.0600004196167,8.130000114440918,232500,0.0,0.0
2015-06-10 00:00:00-04:00,8.149999618530273,8.350000381469727,8.140000343322754,8.319999694824219,516700,0.0,0.0
2015-06-11 00:00:00-04:00,8.3100004196167,8.550000190734863,8.289999961853027,8.550000190734863,278800,0.0,0.0
2015-06-12 00:00:00-04:00,8.4399995803833,8.5600004196167,8.390000343322754,8.520000457763672,219100,0.0,0.0
2015-06-15 00:00:00-04:00,8.4399995803833,8.84000015258789,8.359999656677246,8.770000457763672,346300,0.0,0.0
2015-06-16 00:00:00-04:00,8.770000457763672,8.960000038146973,8.6899995803833,8.850000381469727,356500,0.0,0.0
2015-06-17 00:00:00-04:00,8.859999656677246,8.949999809265137,8.760000228881836,8.869999885559082,282100,0.0,0.0
2015-06-18 00:00:00-04:00,8.829999923706055,8.829999923706055,8.430000305175781,8.510000228881836,293100,0.0,0.0
2015-06-19 00:00:00-04:00,8.5,8.520000457763672,8.239999771118164,8.279999732971191,419800,0.0,0.0
2015-06-22 00:00:00-04:00,8.319999694824219,8.4399995803833,8.229999542236328,8.279999732971191,156900,0.0,0.0
2015-06-23 00:00:00-04:00,8.319999694824219,8.470000267028809,8.3100004196167,8.4399995803833,247800,0.0,0.0
2015-06-24 00:00:00-04:00,8.380000114440918,8.470000267028809,8.3100004196167,8.449999809265137,217600,0.0,0.0
2015-06-25 00:00:00-04:00,8.460000038146973,8.460000038146973,8.180000305175781,8.239999771118164,151200,0.0,0.0
2015-06-26 00:00:00-04:00,8.239999771118164,8.25,7.900000095367432,7.989999771118164,284400,0.0,0.0
2015-06-29 00:00:00-04:00,7.949999809265137,8.039999961853027,7.760000228881836,7.78000020980835,228900,0.0,0.0
2015-06-30 00:00:00-04:00,7.849999904632568,7.849999904632568,7.599999904632568,7.610000133514404,278200,0.0,0.0
2015-07-01 00:00:00-04:00,7.650000095367432,7.760000228881836,7.46999979019165,7.5,266500,0.0,0.0
2015-07-02 00:00:00-04:00,7.559999942779541,7.579999923706055,7.489999771118164,7.519999980926514,223200,0.0,0.0
2015-07-06 00:00:00-04:00,7.480000019073486,7.559999942779541,7.360000133514404,7.360000133514404,230500,0.0,0.0
2015-07-07 00:00:00-04:00,7.340000152587891,7.440000057220459,7.179999828338623,7.400000095367432,268400,0.0,0.0
2015-07-08 00:00:00-04:00,7.380000114440918,7.460000038146973,7.230000019073486,7.380000114440918,224100,0.0,0.0
2015-07-09 00:00:00-04:00,7.420000076293945,7.420000076293945,6.860000133514404,7.059999942779541,909100,0.0,0.0
2015-07-10 00:00:00-04:00,7.110000133514404,7.309999942779541,7.099999904632568,7.260000228881836,481000,0.0,0.0
2015-07-13 00:00:00-04:00,7.269999980926514,7.340000152587891,7.179999828338623,7.230000019073486,374800,0.0,0.0
2015-07-14 00:00:00-04:00,7.230000019073486,7.360000133514404,7.190000057220459,7.349999904632568,302100,0.0,0.0
2015-07-15 00:00:00-04:00,7.420000076293945,7.590000152587891,7.340000152587891,7.480000019073486,254900,0.0,0.0
2015-07-16 00:00:00-04:00,7.510000228881836,7.639999866485596,7.420000076293945,7.440000057220459,132300,0.0,0.0
2015-07-17 00:00:00-04:00,7.440000057220459,7.53000020980835,7.369999885559082,7.420000076293945,115500,0.0,0.0
2015-07-20 00:00:00-04:00,7.369999885559082,7.420000076293945,7.170000076293945,7.21999979019165,206000,0.0,0.0
2015-07-21 00:00:00-04:00,7.230000019073486,7.409999847412109,7.179999828338623,7.199999809265137,130100,0.0,0.0
2015-07-22 00:00:00-04:00,7.170000076293945,7.25,7.099999904632568,7.110000133514404,106000,0.0,0.0
2015-07-23 00:00:00-04:00,7.139999866485596,7.25,6.96999979019165,6.980000019073486,179300,0.0,0.0
2015-07-24 00:00:00-04:00,6.960000038146973,7.099999904632568,6.909999847412109,6.960000038146973,178500,0.0,0.0
2015-07-27 00:00:00-04:00,6.949999809265137,6.980000019073486,6.869999885559082,6.909999847412109,162700,0.0,0.0
2015-07-28 00:00:00-04:00,6.960000038146973,7.079999923706055,6.860000133514404,7.0,353900,0.0,0.0
2015-07-29 00:00:00-04:00,7.900000095367432,8.789999961853027,7.900000095367432,8.1899995803833,1418500,0.0,0.0
2015-07-30 00:00:00-04:00,8.289999961853027,8.569999694824219,8.220000267028809,8.449999809265137,739000,0.0,0.0
2015-07-31 00:00:00-04:00,8.5,8.65999984741211,8.369999885559082,8.430000305175781,459400,0.0,0.0
2015-08-03 00:00:00-04:00,8.399999618530273,8.600000381469727,8.3100004196167,8.34000015258789,239300,0.0,0.0
2015-08-04 00:00:00-04:00,8.34000015258789,8.390000343322754,8.199999809265137,8.270000457763672,206200,0.0,0.0
2015-08-05 00:00:00-04:00,8.319999694824219,8.449999809265137,8.180000305175781,8.25,253400,0.0,0.0
2015-08-06 00:00:00-04:00,8.300000190734863,8.380000114440918,7.980000019073486,8.100000381469727,403500,0.0,0.0
2015-08-07 00:00:00-04:00,8.0,8.069999694824219,7.929999828338623,7.980000019073486,234800,0.0,0.0
2015-08-10 00:00:00-04:00,8.010000228881836,8.199999809265137,8.0,8.119999885559082,428800,0.0,0.0
2015-08-11 00:00:00-04:00,8.020000457763672,8.149999618530273,7.860000133514404,7.860000133514404,158800,0.0,0.0
2015-08-12 00:00:00-04:00,7.849999904632568,7.920000076293945,7.71999979019165,7.829999923706055,165700,0.0,0.0
2015-08-13 00:00:00-04:00,7.800000190734863,8.010000228881836,7.800000190734863,7.820000171661377,168500,0.0,0.0
2015-08-14 00:00:00-04:00,7.849999904632568,7.920000076293945,7.769999980926514,7.920000076293945,95100,0.0,0.0
2015-08-17 00:00:00-04:00,7.920000076293945,7.920000076293945,7.769999980926514,7.829999923706055,141500,0.0,0.0
2015-08-18 00:00:00-04:00,7.789999961853027,7.860000133514404,7.590000152587891,7.590000152587891,138800,0.0,0.0
2015-08-19 00:00:00-04:00,7.519999980926514,7.550000190734863,7.389999866485596,7.420000076293945,168100,0.0,0.0
2015-08-20 00:00:00-04:00,7.380000114440918,7.380000114440918,7.130000114440918,7.139999866485596,192200,0.0,0.0
2015-08-21 00:00:00-04:00,7.010000228881836,7.440000057220459,6.920000076293945,7.329999923706055,237100,0.0,0.0
2015-08-24 00:00:00-04:00,6.929999828338623,7.400000095367432,6.75,7.079999923706055,246500,0.0,0.0
2015-08-25 00:00:00-04:00,7.309999942779541,7.309999942779541,7.039999961853027,7.099999904632568,223300,0.0,0.0
2015-08-26 00:00:00-04:00,7.170000076293945,7.369999885559082,6.989999771118164,7.320000171661377,230900,0.0,0.0
2015-08-27 00:00:00-04:00,7.340000152587891,7.710000038146973,7.329999923706055,7.690000057220459,305000,0.0,0.0
2015-08-28 00:00:00-04:00,7.690000057220459,7.980000019073486,7.639999866485596,7.760000228881836,316400,0.0,0.0
2015-08-31 00:00:00-04:00,7.679999828338623,8.039999961853027,7.679999828338623,8.010000228881836,274700,0.0,0.0
2015-09-01 00:00:00-04:00,7.829999923706055,7.96999979019165,7.699999809265137,7.739999771118164,247400,0.0,0.0
2015-09-02 00:00:00-04:00,7.860000133514404,7.909999847412109,7.730000019073486,7.849999904632568,180800,0.0,0.0
2015-09-03 00:00:00-04:00,7.860000133514404,7.989999771118164,7.78000020980835,7.78000020980835,242900,0.0,0.0
2015-09-04 00:00:00-04:00,7.670000076293945,7.929999828338623,7.670000076293945,7.889999866485596,217400,0.0,0.0
2015-09-08 00:00:00-04:00,7.929999828338623,7.980000019073486,7.800000190734863,7.960000038146973,266600,0.0,0.0
2015-09-09 00:00:00-04:00,8.0,8.09000015258789,7.829999923706055,7.840000152587891,223200,0.0,0.0
2015-09-10 00:00:00-04:00,7.840000152587891,8.09000015258789,7.789999961853027,7.849999904632568,211500,0.0,0.0
2015-09-11 00:00:00-04:00,7.75,7.809999942779541,7.610000133514404,7.659999847412109,165300,0.0,0.0
2015-09-14 00:00:00-04:00,7.679999828338623,7.679999828338623,7.519999980926514,7.559999942779541,163800,0.0,0.0
2015-09-15 00:00:00-04:00,7.550000190734863,7.699999809265137,7.519999980926514,7.639999866485596,140400,0.0,0.0
2015-09-16 00:00:00-04:00,7.619999885559082,7.849999904632568,7.619999885559082,7.800000190734863,151200,0.0,0.0
2015-09-17 00:00:00-04:00,7.769999980926514,7.949999809265137,7.710000038146973,7.78000020980835,172300,0.0,0.0
2015-09-18 00:00:00-04:00,7.690000057220459,7.769999980926514,7.539999961853027,7.590000152587891,284100,0.0,0.0
2015-09-21 00:00:00-04:00,7.630000114440918,7.769999980926514,7.550000190734863,7.650000095367432,137700,0.0,0.0
2015-09-22 00:00:00-04:00,7.550000190734863,7.610000133514404,7.389999866485596,7.460000038146973,152100,0.0,0.0
2015-09-23 00:00:00-04:00,7.519999980926514,7.570000171661377,7.309999942779541,7.349999904632568,150800,0.0,0.0
2015-09-24 00:00:00-04:00,7.28000020980835,7.579999923706055,7.28000020980835,7.539999961853027,151700,0.0,0.0
2015-09-25 00:00:00-04:00,7.599999904632568,7.599999904632568,7.340000152587891,7.360000133514404,153000,0.0,0.0
2015-09-28 00:00:00-04:00,7.360000133514404,7.559999942779541,7.320000171661377,7.400000095367432,252400,0.0,0.0
2015-09-29 00:00:00-04:00,7.380000114440918,7.480000019073486,7.289999961853027,7.320000171661377,266200,0.0,0.0
2015-09-30 00:00:00-04:00,7.400000095367432,7.800000190734863,7.400000095367432,7.789999961853027,254600,0.0,0.0
2015-10-01 00:00:00-04:00,8.0,8.1899995803833,7.849999904632568,8.100000381469727,457500,0.0,0.0
2015-10-02 00:00:00-04:00,8.0600004196167,8.15999984741211,7.989999771118164,8.09000015258789,230300,0.0,0.0
2015-10-05 00:00:00-04:00,8.1899995803833,8.279999732971191,8.010000228881836,8.15999984741211,395500,0.0,0.0
2015-10-06 00:00:00-04:00,8.100000381469727,8.350000381469727,8.100000381469727,8.289999961853027,199200,0.0,0.0
2015-10-07 00:00:00-04:00,8.369999885559082,8.399999618530273,8.119999885559082,8.369999885559082,260100,0.0,0.0
2015-10-08 00:00:00-04:00,8.399999618530273,8.600000381469727,8.350000381469727,8.539999961853027,198800,0.0,0.0
2015-10-09 00:00:00-04:00,8.579999923706055,8.800000190734863,8.539999961853027,8.789999961853027,161200,0.0,0.0
2015-10-12 00:00:00-04:00,8.800000190734863,8.869999885559082,8.470000267028809,8.5,129900,0.0,0.0
2015-10-13 00:00:00-04:00,8.479999542236328,8.619999885559082,8.369999885559082,8.449999809265137,139800,0.0,0.0
2015-10-14 00:00:00-04:00,8.520000457763672,8.579999923706055,8.40999984741211,8.430000305175781,145600,0.0,0.0
2015-10-15 00:00:00-04:00,8.479999542236328,8.630000114440918,8.40999984741211,8.600000381469727,189100,0.0,0.0
2015-10-16 00:00:00-04:00,8.630000114440918,8.770000457763672,8.479999542236328,8.6899995803833,179200,0.0,0.0
2015-10-19 00:00:00-04:00,8.600000381469727,9.069999694824219,8.550000190734863,9.0,582000,0.0,0.0
2015-10-20 00:00:00-04:00,8.960000038146973,9.069999694824219,8.789999961853027,8.899999618530273,263000,0.0,0.0
2015-10-21 00:00:00-04:00,8.9399995803833,8.9399995803833,8.670000076293945,8.670000076293945,130200,0.0,0.0
2015-10-22 00:00:00-04:00,8.6899995803833,8.920000076293945,8.640000343322754,8.850000381469727,295500,0.0,0.0
2015-10-23 00:00:00-04:00,8.890000343322754,9.0,8.829999923706055,8.970000267028809,136700,0.0,0.0
2015-10-26 00:00:00-04:00,8.970000267028809,9.050000190734863,8.899999618530273,8.989999771118164,191200,0.0,0.0
2015-10-27 00:00:00-04:00,8.949999809265137,8.989999771118164,8.579999923706055,8.649999618530273,187000,0.0,0.0
2015-10-28 00:00:00-04:00,8.699999809265137,9.029999732971191,8.609999656677246,9.0,236400,0.0,0.0
2015-10-29 00:00:00-04:00,8.9399995803833,9.069999694824219,8.760000228881836,8.859999656677246,167600,0.0,0.0
2015-10-30 00:00:00-04:00,7.480000019073486,7.599999904632568,6.300000190734863,6.989999771118164,2135600,0.0,0.0
2015-11-02 00:00:00-05:00,6.949999809265137,7.010000228881836,6.849999904632568,6.940000057220459,819600,0.0,0.0
2015-11-03 00:00:00-05:00,6.920000076293945,7.090000152587891,6.920000076293945,6.929999828338623,384700,0.0,0.0
2015-11-04 00:00:00-05:00,6.980000019073486,7.139999866485596,6.949999809265137,7.03000020980835,363100,0.0,0.0
2015-11-05 00:00:00-05:00,7.03000020980835,7.199999809265137,7.0,7.110000133514404,214600,0.0,0.0
2015-11-06 00:00:00-05:00,7.070000171661377,7.440000057220459,7.010000228881836,7.420000076293945,387100,0.0,0.0
2015-11-09 00:00:00-05:00,7.389999866485596,7.480000019073486,7.269999980926514,7.289999961853027,281200,0.0,0.0
2015-11-10 00:00:00-05:00,7.25,7.340000152587891,7.150000095367432,7.260000228881836,315800,0.0,0.0
2015-11-11 00:00:00-05:00,7.25,7.369999885559082,7.110000133514404,7.119999885559082,209300,0.0,0.0
2015-11-12 00:00:00-05:00,7.070000171661377,7.130000114440918,7.0,7.010000228881836,148700,0.0,0.0
2015-11-13 00:00:00-05:00,7.0,7.230000019073486,6.989999771118164,7.019999980926514,244000,0.0,0.0
2015-11-16 00:00:00-05:00,7.0,7.340000152587891,7.0,7.309999942779541,249800,0.0,0.0
2015-11-17 00:00:00-05:00,7.25,7.360000133514404,7.0,7.010000228881836,296000,0.0,0.0
2015-11-18 00:00:00-05:00,7.050000190734863,7.199999809265137,7.010000228881836,7.139999866485596,324400,0.0,0.0
2015-11-19 00:00:00-05:00,7.099999904632568,7.269999980926514,7.090000152587891,7.159999847412109,177800,0.0,0.0
2015-11-20 00:00:00-05:00,7.199999809265137,7.429999828338623,7.199999809265137,7.320000171661377,168900,0.0,0.0
2015-11-23 00:00:00-05:00,7.300000190734863,7.460000038146973,7.230000019073486,7.349999904632568,153900,0.0,0.0
2015-11-24 00:00:00-05:00,7.340000152587891,7.420000076293945,7.210000038146973,7.409999847412109,289700,0.0,0.0
2015-11-25 00:00:00-05:00,7.400000095367432,7.590000152587891,7.349999904632568,7.46999979019165,192700,0.0,0.0
2015-11-27 00:00:00-05:00,7.449999809265137,7.869999885559082,7.409999847412109,7.809999942779541,111700,0.0,0.0
2015-11-30 00:00:00-05:00,7.829999923706055,7.960000038146973,7.75,7.920000076293945,385500,0.0,0.0
2015-12-01 00:00:00-05:00,7.920000076293945,7.940000057220459,7.809999942779541,7.840000152587891,250600,0.0,0.0
2015-12-02 00:00:00-05:00,7.829999923706055,8.0600004196167,7.829999923706055,8.0,326600,0.0,0.0
2015-12-03 00:00:00-05:00,7.989999771118164,8.069999694824219,7.789999961853027,7.789999961853027,234300,0.0,0.0
2015-12-04 00:00:00-05:00,7.75,7.860000133514404,7.739999771118164,7.769999980926514,189700,0.0,0.0
2015-12-07 00:00:00-05:00,7.739999771118164,7.800000190734863,7.429999828338623,7.449999809265137,322200,0.0,0.0
2015-12-08 00:00:00-05:00,7.340000152587891,7.349999904632568,7.230000019073486,7.300000190734863,324400,0.0,0.0
2015-12-09 00:00:00-05:00,7.300000190734863,7.449999809265137,7.199999809265137,7.269999980926514,192100,0.0,0.0
2015-12-10 00:00:00-05:00,7.199999809265137,7.579999923706055,7.119999885559082,7.46999979019165,203300,0.0,0.0
2015-12-11 00:00:00-05:00,7.329999923706055,7.519999980926514,7.320000171661377,7.449999809265137,277800,0.0,0.0
2015-12-14 00:00:00-05:00,7.449999809265137,7.5,7.300000190734863,7.329999923706055,199900,0.0,0.0
2015-12-15 00:00:00-05:00,7.380000114440918,7.539999961853027,7.309999942779541,7.440000057220459,213700,0.0,0.0
2015-12-16 00:00:00-05:00,7.440000057220459,7.730000019073486,7.420000076293945,7.5,299700,0.0,0.0
2015-12-17 00:00:00-05:00,7.579999923706055,7.659999847412109,7.369999885559082,7.380000114440918,268400,0.0,0.0
2015-12-18 00:00:00-05:00,7.400000095367432,7.579999923706055,7.360000133514404,7.400000095367432,581300,0.0,0.0
2015-12-21 00:00:00-05:00,7.429999828338623,7.550000190734863,7.429999828338623,7.510000228881836,162800,0.0,0.0
2015-12-22 00:00:00-05:00,7.5,7.75,7.5,7.739999771118164,205900,0.0,0.0
2015-12-23 00:00:00-05:00,7.760000228881836,7.96999979019165,7.760000228881836,7.869999885559082,139200,0.0,0.0
2015-12-24 00:00:00-05:00,7.869999885559082,8.039999961853027,7.869999885559082,7.909999847412109,124600,0.0,0.0
2015-12-28 00:00:00-05:00,7.869999885559082,7.940000057220459,7.800000190734863,7.809999942779541,136200,0.0,0.0
2015-12-29 00:00:00-05:00,7.840000152587891,8.09000015258789,7.829999923706055,8.0,150800,0.0,0.0
2015-12-30 00:00:00-05:00,7.960000038146973,8.109999656677246,7.889999866485596,7.900000095367432,172600,0.0,0.0
2015-12-31 00:00:00-05:00,7.829999923706055,7.989999771118164,7.820000171661377,7.869999885559082,169100,0.0,0.0
2016-01-04 00:00:00-05:00,7.710000038146973,7.869999885559082,7.460000038146973,7.639999866485596,319500,0.0,0.0
2016-01-05 00:00:00-05:00,7.630000114440918,7.639999866485596,7.269999980926514,7.340000152587891,330800,0.0,0.0
2016-01-06 00:00:00-05:00,7.230000019073486,7.429999828338623,7.190000057220459,7.269999980926514,248200,0.0,0.0
2016-01-07 00:00:00-05:00,7.150000095367432,7.199999809265137,6.940000057220459,6.940000057220459,157400,0.0,0.0
2016-01-08 00:00:00-05:00,7.570000171661377,7.78000020980835,7.300000190734863,7.559999942779541,392100,0.0,0.0
2016-01-11 00:00:00-05:00,7.570000171661377,7.820000171661377,7.550000190734863,7.690000057220459,290100,0.0,0.0
2016-01-12 00:00:00-05:00,7.739999771118164,7.78000020980835,7.510000228881836,7.619999885559082,207100,0.0,0.0
2016-01-13 00:00:00-05:00,7.619999885559082,7.71999979019165,7.170000076293945,7.210000038146973,264700,0.0,0.0
2016-01-14 00:00:00-05:00,7.230000019073486,7.519999980926514,7.179999828338623,7.420000076293945,165400,0.0,0.0
2016-01-15 00:00:00-05:00,7.190000057220459,7.289999961853027,6.980000019073486,7.210000038146973,164600,0.0,0.0
2016-01-19 00:00:00-05:00,7.289999961853027,7.349999904632568,6.980000019073486,7.039999961853027,188400,0.0,0.0
2016-01-20 00:00:00-05:00,7.050000190734863,7.25,6.75,7.139999866485596,252100,0.0,0.0
2016-01-21 00:00:00-05:00,7.130000114440918,7.309999942779541,7.050000190734863,7.230000019073486,191200,0.0,0.0
2016-01-22 00:00:00-05:00,7.360000133514404,7.510000228881836,7.260000228881836,7.440000057220459,252000,0.0,0.0
2016-01-25 00:00:00-05:00,7.369999885559082,7.510000228881836,7.179999828338623,7.230000019073486,244900,0.0,0.0
2016-01-26 00:00:00-05:00,7.289999961853027,7.610000133514404,7.199999809265137,7.579999923706055,136700,0.0,0.0
2016-01-27 00:00:00-05:00,7.539999961853027,7.630000114440918,7.400000095367432,7.440000057220459,207000,0.0,0.0
2016-01-28 00:00:00-05:00,7.510000228881836,7.71999979019165,7.429999828338623,7.570000171661377,182900,0.0,0.0
2016-01-29 00:00:00-05:00,7.630000114440918,7.760000228881836,7.570000171661377,7.679999828338623,286100,0.0,0.0
2016-02-01 00:00:00-05:00,7.570000171661377,7.869999885559082,7.53000020980835,7.829999923706055,245000,0.0,0.0
2016-02-02 00:00:00-05:00,7.710000038146973,7.820000171661377,7.380000114440918,7.420000076293945,208600,0.0,0.0
2016-02-03 00:00:00-05:00,7.5,7.590000152587891,7.380000114440918,7.409999847412109,264600,0.0,0.0
2016-02-04 00:00:00-05:00,7.400000095367432,7.679999828338623,7.360000133514404,7.5,246500,0.0,0.0
2016-02-05 00:00:00-05:00,7.46999979019165,7.519999980926514,7.340000152587891,7.340000152587891,205100,0.0,0.0
2016-02-08 00:00:00-05:00,7.25,7.449999809265137,7.190000057220459,7.389999866485596,218900,0.0,0.0
2016-02-09 00:00:00-05:00,7.239999771118164,7.510000228881836,7.150000095367432,7.230000019073486,239500,0.0,0.0
2016-02-10 00:00:00-05:00,6.909999847412109,7.070000171661377,6.0,6.159999847412109,982200,0.0,0.0
2016-02-11 00:00:00-05:00,6.03000020980835,6.079999923706055,5.760000228881836,5.909999847412109,600200,0.0,0.0
2016-02-12 00:00:00-05:00,5.909999847412109,5.929999828338623,5.639999866485596,5.670000076293945,372500,0.0,0.0
2016-02-16 00:00:00-05:00,5.769999980926514,6.050000190734863,5.760000228881836,5.989999771118164,387300,0.0,0.0
2016-02-17 00:00:00-05:00,6.0,6.199999809265137,5.829999923706055,5.940000057220459,371600,0.0,0.0
2016-02-18 00:00:00-05:00,5.929999828338623,6.0,5.789999961853027,5.840000152587891,229700,0.0,0.0
2016-02-19 00:00:00-05:00,5.820000171661377,6.010000228881836,5.820000171661377,5.940000057220459,261300,0.0,0.0
2016-02-22 00:00:00-05:00,5.989999771118164,6.369999885559082,5.989999771118164,6.340000152587891,735700,0.0,0.0
2016-02-23 00:00:00-05:00,6.329999923706055,6.670000076293945,6.289999961853027,6.630000114440918,554400,0.0,0.0
2016-02-24 00:00:00-05:00,6.53000020980835,6.940000057220459,6.489999771118164,6.809999942779541,515600,0.0,0.0
2016-02-25 00:00:00-05:00,6.78000020980835,7.070000171661377,6.699999809265137,6.880000114440918,313600,0.0,0.0
2016-02-26 00:00:00-05:00,6.929999828338623,7.010000228881836,6.849999904632568,6.880000114440918,210800,0.0,0.0
2016-02-29 00:00:00-05:00,6.849999904632568,7.019999980926514,6.849999904632568,6.949999809265137,332700,0.0,0.0
2016-03-01 00:00:00-05:00,6.980000019073486,7.070000171661377,6.860000133514404,6.989999771118164,199600,0.0,0.0
2016-03-02 00:00:00-05:00,6.989999771118164,7.050000190734863,6.929999828338623,6.980000019073486,259300,0.0,0.0
2016-03-03 00:00:00-05:00,6.940000057220459,7.139999866485596,6.940000057220459,7.130000114440918,310100,0.0,0.0
2016-03-04 00:00:00-05:00,7.130000114440918,7.210000038146973,7.090000152587891,7.170000076293945,311900,0.0,0.0
2016-03-07 00:00:00-05:00,7.159999847412109,7.5,7.159999847412109,7.449999809265137,254600,0.0,0.0
2016-03-08 00:00:00-05:00,7.389999866485596,7.489999771118164,7.059999942779541,7.079999923706055,287500,0.0,0.0
2016-03-09 00:00:00-05:00,7.090000152587891,7.28000020980835,7.019999980926514,7.179999828338623,188300,0.0,0.0
2016-03-10 00:00:00-05:00,7.179999828338623,7.329999923706055,7.170000076293945,7.210000038146973,296400,0.0,0.0
2016-03-11 00:00:00-05:00,7.239999771118164,7.340000152587891,7.190000057220459,7.309999942779541,360300,0.0,0.0
2016-03-14 00:00:00-04:00,7.289999961853027,7.630000114440918,7.28000020980835,7.449999809265137,179000,0.0,0.0
2016-03-15 00:00:00-04:00,7.369999885559082,7.380000114440918,7.179999828338623,7.199999809265137,205300,0.0,0.0
2016-03-16 00:00:00-04:00,7.139999866485596,7.329999923706055,7.139999866485596,7.21999979019165,171400,0.0,0.0
2016-03-17 00:00:00-04:00,7.179999828338623,7.329999923706055,7.179999828338623,7.289999961853027,362400,0.0,0.0
2016-03-18 00:00:00-04:00,7.349999904632568,7.420000076293945,7.25,7.269999980926514,309800,0.0,0.0
2016-03-21 00:00:00-04:00,7.190000057220459,7.320000171661377,7.159999847412109,7.28000020980835,193200,0.0,0.0
2016-03-22 00:00:00-04:00,7.210000038146973,7.340000152587891,7.199999809265137,7.230000019073486,294600,0.0,0.0
2016-03-23 00:00:00-04:00,7.190000057220459,7.21999979019165,6.679999828338623,6.710000038146973,428700,0.0,0.0
2016-03-24 00:00:00-04:00,6.679999828338623,6.71999979019165,6.510000228881836,6.550000190734863,257400,0.0,0.0
2016-03-28 00:00:00-04:00,6.579999923706055,6.809999942779541,6.539999961853027,6.75,238700,0.0,0.0
2016-03-29 00:00:00-04:00,6.670000076293945,7.21999979019165,6.630000114440918,7.179999828338623,204100,0.0,0.0
2016-03-30 00:00:00-04:00,7.170000076293945,7.230000019073486,6.989999771118164,7.019999980926514,323000,0.0,0.0
2016-03-31 00:00:00-04:00,7.0,7.179999828338623,6.949999809265137,7.090000152587891,427800,0.0,0.0
2016-04-01 00:00:00-04:00,7.010000228881836,7.210000038146973,6.989999771118164,7.119999885559082,309800,0.0,0.0
2016-04-04 00:00:00-04:00,7.130000114440918,7.199999809265137,7.0,7.0,181300,0.0,0.0
2016-04-05 00:00:00-04:00,6.96999979019165,7.119999885559082,6.949999809265137,7.050000190734863,426800,0.0,0.0
2016-04-06 00:00:00-04:00,7.039999961853027,7.090000152587891,6.860000133514404,6.960000038146973,192200,0.0,0.0
2016-04-07 00:00:00-04:00,6.869999885559082,6.96999979019165,6.619999885559082,6.650000095367432,171900,0.0,0.0
2016-04-08 00:00:00-04:00,6.75,6.880000114440918,6.639999866485596,6.659999847412109,192900,0.0,0.0
2016-04-11 00:00:00-04:00,6.670000076293945,6.829999923706055,6.599999904632568,6.619999885559082,194100,0.0,0.0
2016-04-12 00:00:00-04:00,6.579999923706055,6.659999847412109,6.510000228881836,6.550000190734863,113900,0.0,0.0
2016-04-13 00:00:00-04:00,6.570000171661377,6.78000020980835,6.570000171661377,6.699999809265137,194400,0.0,0.0
2016-04-14 00:00:00-04:00,6.690000057220459,6.760000228881836,6.670000076293945,6.690000057220459,144700,0.0,0.0
2016-04-15 00:00:00-04:00,6.650000095367432,6.75,6.639999866485596,6.670000076293945,151100,0.0,0.0
2016-04-18 00:00:00-04:00,6.599999904632568,6.739999771118164,6.599999904632568,6.690000057220459,141200,0.0,0.0
2016-04-19 00:00:00-04:00,6.730000019073486,6.800000190734863,6.599999904632568,6.659999847412109,233600,0.0,0.0
2016-04-20 00:00:00-04:00,6.610000133514404,6.820000171661377,6.590000152587891,6.699999809265137,181900,0.0,0.0
2016-04-21 00:00:00-04:00,6.659999847412109,6.75,6.579999923706055,6.659999847412109,296600,0.0,0.0
2016-04-22 00:00:00-04:00,6.619999885559082,6.980000019073486,6.619999885559082,6.929999828338623,192500,0.0,0.0
2016-04-25 00:00:00-04:00,6.800000190734863,6.949999809265137,6.800000190734863,6.849999904632568,129700,0.0,0.0
2016-04-26 00:00:00-04:00,6.929999828338623,6.949999809265137,6.800000190734863,6.889999866485596,133700,0.0,0.0
2016-04-27 00:00:00-04:00,6.829999923706055,7.019999980926514,6.829999923706055,6.989999771118164,123200,0.0,0.0
2016-04-28 00:00:00-04:00,6.920000076293945,7.079999923706055,6.860000133514404,6.900000095367432,195300,0.0,0.0
2016-04-29 00:00:00-04:00,6.900000095367432,6.96999979019165,6.769999980926514,6.929999828338623,220700,0.0,0.0
2016-05-02 00:00:00-04:00,6.619999885559082,6.960000038146973,6.619999885559082,6.929999828338623,440700,0.0,0.0
2016-05-03 00:00:00-04:00,6.849999904632568,6.929999828338623,6.78000020980835,6.900000095367432,313200,0.0,0.0
2016-05-04 00:00:00-04:00,6.96999979019165,7.760000228881836,6.940000057220459,7.320000171661377,755300,0.0,0.0
2016-05-05 00:00:00-04:00,7.239999771118164,7.420000076293945,7.099999904632568,7.110000133514404,211400,0.0,0.0
2016-05-06 00:00:00-04:00,7.099999904632568,7.150000095367432,6.900000095367432,6.989999771118164,184400,0.0,0.0
2016-05-09 00:00:00-04:00,6.960000038146973,7.110000133514404,6.960000038146973,7.099999904632568,241000,0.0,0.0
2016-05-10 00:00:00-04:00,7.099999904632568,7.179999828338623,6.940000057220459,7.179999828338623,215600,0.0,0.0
2016-05-11 00:00:00-04:00,7.170000076293945,7.269999980926514,7.070000171661377,7.239999771118164,147800,0.0,0.0
2016-05-12 00:00:00-04:00,7.210000038146973,7.28000020980835,6.900000095367432,6.929999828338623,205100,0.0,0.0
2016-05-13 00:00:00-04:00,6.880000114440918,7.039999961853027,6.829999923706055,6.900000095367432,177600,0.0,0.0
2016-05-16 00:00:00-04:00,6.909999847412109,7.03000020980835,6.809999942779541,6.900000095367432,247500,0.0,0.0
2016-05-17 00:00:00-04:00,6.840000152587891,6.909999847412109,6.599999904632568,6.650000095367432,173500,0.0,0.0
2016-05-18 00:00:00-04:00,6.639999866485596,6.789999961853027,6.579999923706055,6.679999828338623,152400,0.0,0.0
2016-05-19 00:00:00-04:00,6.650000095367432,6.739999771118164,6.239999771118164,6.28000020980835,240400,0.0,0.0
2016-05-20 00:00:00-04:00,6.289999961853027,6.46999979019165,6.289999961853027,6.460000038146973,219500,0.0,0.0
2016-05-23 00:00:00-04:00,6.449999809265137,6.679999828338623,6.449999809265137,6.650000095367432,177100,0.0,0.0
2016-05-24 00:00:00-04:00,6.670000076293945,6.880000114440918,6.619999885559082,6.840000152587891,122600,0.0,0.0
2016-05-25 00:00:00-04:00,6.900000095367432,6.949999809265137,6.78000020980835,6.809999942779541,113600,0.0,0.0
2016-05-26 00:00:00-04:00,6.820000171661377,6.880000114440918,6.75,6.809999942779541,87400,0.0,0.0
2016-05-27 00:00:00-04:00,6.789999961853027,6.820000171661377,6.579999923706055,6.739999771118164,148900,0.0,0.0
2016-05-31 00:00:00-04:00,6.730000019073486,6.820000171661377,6.690000057220459,6.760000228881836,150200,0.0,0.0
2016-06-01 00:00:00-04:00,6.739999771118164,6.809999942779541,6.650000095367432,6.760000228881836,156300,0.0,0.0
2016-06-02 00:00:00-04:00,6.760000228881836,6.789999961853027,6.679999828338623,6.789999961853027,121600,0.0,0.0
2016-06-03 00:00:00-04:00,6.789999961853027,6.849999904632568,6.760000228881836,6.789999961853027,242600,0.0,0.0
2016-06-06 00:00:00-04:00,6.78000020980835,6.940000057220459,6.78000020980835,6.929999828338623,154300,0.0,0.0
2016-06-07 00:00:00-04:00,6.889999866485596,7.110000133514404,6.889999866485596,6.989999771118164,216300,0.0,0.0
2016-06-08 00:00:00-04:00,6.989999771118164,7.090000152587891,6.96999979019165,6.980000019073486,92300,0.0,0.0
2016-06-09 00:00:00-04:00,6.900000095367432,6.929999828338623,6.840000152587891,6.860000133514404,79800,0.0,0.0
2016-06-10 00:00:00-04:00,6.800000190734863,6.889999866485596,6.710000038146973,6.809999942779541,198500,0.0,0.0
2016-06-13 00:00:00-04:00,6.849999904632568,6.849999904632568,6.739999771118164,6.769999980926514,139300,0.0,0.0
2016-06-14 00:00:00-04:00,6.769999980926514,6.829999923706055,6.610000133514404,6.71999979019165,143300,0.0,0.0
2016-06-15 00:00:00-04:00,6.75,6.949999809265137,6.71999979019165,6.900000095367432,128200,0.0,0.0
2016-06-16 00:00:00-04:00,6.940000057220459,7.150000095367432,6.900000095367432,7.019999980926514,156400,0.0,0.0
2016-06-17 00:00:00-04:00,7.039999961853027,7.059999942779541,6.900000095367432,6.949999809265137,333900,0.0,0.0
2016-06-20 00:00:00-04:00,7.0,7.199999809265137,7.0,7.050000190734863,106100,0.0,0.0
2016-06-21 00:00:00-04:00,7.059999942779541,7.110000133514404,7.0,7.070000171661377,77200,0.0,0.0
2016-06-22 00:00:00-04:00,7.070000171661377,7.159999847412109,6.909999847412109,6.929999828338623,78600,0.0,0.0
2016-06-23 00:00:00-04:00,7.039999961853027,7.300000190734863,6.989999771118164,7.28000020980835,134100,0.0,0.0
2016-06-24 00:00:00-04:00,6.920000076293945,7.010000228881836,6.710000038146973,6.739999771118164,175600,0.0,0.0
2016-06-27 00:00:00-04:00,6.699999809265137,6.75,6.300000190734863,6.380000114440918,142200,0.0,0.0
2016-06-28 00:00:00-04:00,6.460000038146973,6.630000114440918,6.409999847412109,6.510000228881836,157500,0.0,0.0
2016-06-29 00:00:00-04:00,6.699999809265137,6.769999980926514,6.610000133514404,6.650000095367432,121600,0.0,0.0
2016-06-30 00:00:00-04:00,6.679999828338623,6.920000076293945,6.619999885559082,6.909999847412109,106200,0.0,0.0
2016-07-01 00:00:00-04:00,6.889999866485596,7.139999866485596,6.869999885559082,7.099999904632568,218600,0.0,0.0
2016-07-05 00:00:00-04:00,7.110000133514404,7.119999885559082,6.860000133514404,6.920000076293945,67100,0.0,0.0
2016-07-06 00:00:00-04:00,6.900000095367432,7.0,6.840000152587891,6.889999866485596,59600,0.0,0.0
2016-07-07 00:00:00-04:00,6.980000019073486,7.139999866485596,6.96999979019165,7.059999942779541,108000,0.0,0.0
2016-07-08 00:00:00-04:00,7.199999809265137,7.5,7.170000076293945,7.46999979019165,192600,0.0,0.0
2016-07-11 00:00:00-04:00,7.53000020980835,7.599999904632568,7.440000057220459,7.519999980926514,150300,0.0,0.0
2016-07-12 00:00:00-04:00,7.690000057220459,7.690000057220459,7.53000020980835,7.53000020980835,109900,0.0,0.0
2016-07-13 00:00:00-04:00,7.650000095367432,7.670000076293945,7.480000019073486,7.489999771118164,68200,0.0,0.0
2016-07-14 00:00:00-04:00,7.519999980926514,7.570000171661377,7.409999847412109,7.409999847412109,77700,0.0,0.0
2016-07-15 00:00:00-04:00,7.510000228881836,7.659999847412109,7.449999809265137,7.5,137700,0.0,0.0
2016-07-18 00:00:00-04:00,7.550000190734863,7.650000095367432,7.429999828338623,7.550000190734863,108400,0.0,0.0
2016-07-19 00:00:00-04:00,7.559999942779541,7.650000095367432,7.420000076293945,7.429999828338623,97800,0.0,0.0
2016-07-20 00:00:00-04:00,7.510000228881836,8.0,7.5,7.909999847412109,246300,0.0,0.0
2016-07-21 00:00:00-04:00,7.929999828338623,7.960000038146973,7.630000114440918,7.659999847412109,179800,0.0,0.0
2016-07-22 00:00:00-04:00,7.630000114440918,7.809999942779541,7.579999923706055,7.679999828338623,111700,0.0,0.0
2016-07-25 00:00:00-04:00,7.71999979019165,7.96999979019165,7.71999979019165,7.809999942779541,178500,0.0,0.0
2016-07-26 00:00:00-04:00,7.849999904632568,7.909999847412109,7.739999771118164,7.840000152587891,136500,0.0,0.0
2016-07-27 00:00:00-04:00,7.820000171661377,7.880000114440918,7.699999809265137,7.829999923706055,66000,0.0,0.0
2016-07-28 00:00:00-04:00,7.760000228881836,7.78000020980835,7.639999866485596,7.650000095367432,51200,0.0,0.0
2016-07-29 00:00:00-04:00,7.650000095367432,7.820000171661377,7.610000133514404,7.71999979019165,95000,0.0,0.0
2016-08-01 00:00:00-04:00,7.699999809265137,7.840000152587891,7.610000133514404,7.760000228881836,153400,0.0,0.0
2016-08-02 00:00:00-04:00,7.739999771118164,7.769999980926514,7.550000190734863,7.570000171661377,203800,0.0,0.0
2016-08-03 00:00:00-04:00,7.989999771118164,8.199999809265137,7.71999979019165,8.130000114440918,497900,0.0,0.0
2016-08-04 00:00:00-04:00,8.119999885559082,8.149999618530273,7.800000190734863,7.900000095367432,166300,0.0,0.0
2016-08-05 00:00:00-04:00,7.940000057220459,8.09000015258789,7.920000076293945,7.96999979019165,229400,0.0,0.0
2016-08-08 00:00:00-04:00,7.960000038146973,7.989999771118164,7.800000190734863,7.889999866485596,111100,0.0,0.0
2016-08-09 00:00:00-04:00,7.929999828338623,7.989999771118164,7.869999885559082,7.920000076293945,64500,0.0,0.0
2016-08-10 00:00:00-04:00,7.900000095367432,7.920000076293945,7.730000019073486,7.75,122800,0.0,0.0
2016-08-11 00:00:00-04:00,7.800000190734863,7.800000190734863,7.690000057220459,7.730000019073486,114200,0.0,0.0
2016-08-12 00:00:00-04:00,7.730000019073486,7.820000171661377,7.690000057220459,7.809999942779541,54400,0.0,0.0
2016-08-15 00:00:00-04:00,7.800000190734863,7.940000057220459,7.78000020980835,7.900000095367432,87600,0.0,0.0
2016-08-16 00:00:00-04:00,7.889999866485596,7.920000076293945,7.800000190734863,7.829999923706055,81200,0.0,0.0
2016-08-17 00:00:00-04:00,7.840000152587891,7.840000152587891,7.650000095367432,7.679999828338623,117600,0.0,0.0
2016-08-18 00:00:00-04:00,7.710000038146973,7.730000019073486,7.570000171661377,7.730000019073486,87100,0.0,0.0
2016-08-19 00:00:00-04:00,7.71999979019165,7.789999961853027,7.659999847412109,7.699999809265137,109700,0.0,0.0
2016-08-22 00:00:00-04:00,7.699999809265137,7.820000171661377,7.550000190734863,7.78000020980835,135100,0.0,0.0
2016-08-23 00:00:00-04:00,7.75,7.880000114440918,7.639999866485596,7.639999866485596,165000,0.0,0.0
2016-08-24 00:00:00-04:00,7.650000095367432,7.690000057220459,7.5,7.510000228881836,217700,0.0,0.0
2016-08-25 00:00:00-04:00,7.5,7.769999980926514,7.5,7.71999979019165,82200,0.0,0.0
2016-08-26 00:00:00-04:00,7.679999828338623,7.769999980926514,7.409999847412109,7.449999809265137,148900,0.0,0.0
2016-08-29 00:00:00-04:00,7.46999979019165,7.559999942779541,7.409999847412109,7.539999961853027,97100,0.0,0.0
2016-08-30 00:00:00-04:00,7.599999904632568,7.599999904632568,7.510000228881836,7.510000228881836,93700,0.0,0.0
2016-08-31 00:00:00-04:00,7.489999771118164,7.5,7.369999885559082,7.440000057220459,129700,0.0,0.0
2016-09-01 00:00:00-04:00,7.440000057220459,7.550000190734863,7.369999885559082,7.5,105700,0.0,0.0
2016-09-02 00:00:00-04:00,7.599999904632568,7.619999885559082,7.5,7.53000020980835,92600,0.0,0.0
2016-09-06 00:00:00-04:00,7.539999961853027,7.659999847412109,7.53000020980835,7.650000095367432,146000,0.0,0.0
2016-09-07 00:00:00-04:00,7.659999847412109,7.78000020980835,7.619999885559082,7.650000095367432,82800,0.0,0.0
2016-09-08 00:00:00-04:00,7.650000095367432,7.699999809265137,7.460000038146973,7.5,67300,0.0,0.0
2016-09-09 00:00:00-04:00,7.349999904632568,7.409999847412109,7.130000114440918,7.199999809265137,133900,0.0,0.0
2016-09-12 00:00:00-04:00,7.119999885559082,7.269999980926514,7.050000190734863,7.260000228881836,84500,0.0,0.0
2016-09-13 00:00:00-04:00,7.170000076293945,7.340000152587891,6.980000019073486,7.039999961853027,101200,0.0,0.0
2016-09-14 00:00:00-04:00,7.050000190734863,7.150000095367432,7.0,7.019999980926514,77600,0.0,0.0
2016-09-15 00:00:00-04:00,7.079999923706055,7.159999847412109,7.03000020980835,7.090000152587891,98000,0.0,0.0
2016-09-16 00:00:00-04:00,7.090000152587891,7.119999885559082,6.949999809265137,6.980000019073486,442600,0.0,0.0
2016-09-19 00:00:00-04:00,6.960000038146973,7.019999980926514,6.889999866485596,6.900000095367432,168900,0.0,0.0
2016-09-20 00:00:00-04:00,7.03000020980835,7.03000020980835,6.940000057220459,6.949999809265137,108300,0.0,0.0
2016-09-21 00:00:00-04:00,6.940000057220459,7.019999980926514,6.789999961853027,6.880000114440918,130900,0.0,0.0
2016-09-22 00:00:00-04:00,6.949999809265137,7.019999980926514,6.869999885559082,6.889999866485596,163600,0.0,0.0
2016-09-23 00:00:00-04:00,6.820000171661377,6.980000019073486,6.820000171661377,6.960000038146973,455300,0.0,0.0
2016-09-26 00:00:00-04:00,6.909999847412109,7.329999923706055,6.909999847412109,7.25,136600,0.0,0.0
2016-09-27 00:00:00-04:00,7.070000171661377,7.449999809265137,7.050000190734863,7.309999942779541,324500,0.0,0.0
2016-09-28 00:00:00-04:00,7.300000190734863,7.610000133514404,7.300000190734863,7.559999942779541,104400,0.0,0.0
2016-09-29 00:00:00-04:00,7.590000152587891,7.619999885559082,7.380000114440918,7.389999866485596,90800,0.0,0.0
2016-09-30 00:00:00-04:00,7.429999828338623,7.460000038146973,7.329999923706055,7.349999904632568,167900,0.0,0.0
2016-10-03 00:00:00-04:00,7.329999923706055,7.340000152587891,7.239999771118164,7.289999961853027,70300,0.0,0.0
2016-10-04 00:00:00-04:00,7.289999961853027,7.369999885559082,7.199999809265137,7.210000038146973,89300,0.0,0.0
2016-10-05 00:00:00-04:00,7.230000019073486,7.389999866485596,7.179999828338623,7.320000171661377,60800,0.0,0.0
2016-10-06 00:00:00-04:00,7.199999809265137,7.320000171661377,7.0,7.059999942779541,94000,0.0,0.0
2016-10-07 00:00:00-04:00,7.110000133514404,7.159999847412109,7.019999980926514,7.090000152587891,116700,0.0,0.0
2016-10-10 00:00:00-04:00,7.130000114440918,7.25,7.090000152587891,7.210000038146973,63700,0.0,0.0
2016-10-11 00:00:00-04:00,7.210000038146973,7.210000038146973,6.900000095367432,6.960000038146973,113400,0.0,0.0
2016-10-12 00:00:00-04:00,6.940000057220459,7.019999980926514,6.889999866485596,6.929999828338623,120700,0.0,0.0
2016-10-13 00:00:00-04:00,6.900000095367432,6.980000019073486,6.809999942779541,6.820000171661377,113300,0.0,0.0
2016-10-14 00:00:00-04:00,6.940000057220459,7.019999980926514,6.690000057220459,6.71999979019165,470900,0.0,0.0
2016-10-17 00:00:00-04:00,6.75,6.840000152587891,6.5,6.5,148600,0.0,0.0
2016-10-18 00:00:00-04:00,6.550000190734863,6.699999809265137,6.449999809265137,6.699999809265137,178400,0.0,0.0
2016-10-19 00:00:00-04:00,6.699999809265137,6.900000095367432,6.5,6.900000095367432,172500,0.0,0.0
2016-10-20 00:00:00-04:00,6.900000095367432,6.900000095367432,6.599999904632568,6.75,133400,0.0,0.0
2016-10-21 00:00:00-04:00,6.650000095367432,6.699999809265137,6.599999904632568,6.599999904632568,47500,0.0,0.0
2016-10-24 00:00:00-04:00,6.800000190734863,6.800000190734863,6.599999904632568,6.699999809265137,81300,0.0,0.0
2016-10-25 00:00:00-04:00,6.699999809265137,6.789999961853027,6.550000190734863,6.599999904632568,72100,0.0,0.0
2016-10-26 00:00:00-04:00,6.599999904632568,6.730000019073486,6.349999904632568,6.349999904632568,116600,0.0,0.0
2016-10-27 00:00:00-04:00,6.449999809265137,6.449999809265137,6.300000190734863,6.300000190734863,150800,0.0,0.0
2016-10-28 00:00:00-04:00,6.349999904632568,6.550000190734863,6.349999904632568,6.400000095367432,120500,0.0,0.0
2016-10-31 00:00:00-04:00,6.449999809265137,6.550000190734863,6.25,6.25,151700,0.0,0.0
2016-11-01 00:00:00-04:00,6.400000095367432,6.5,6.150000095367432,6.25,232600,0.0,0.0
2016-11-02 00:00:00-04:00,6.699999809265137,7.050000190734863,6.650000095367432,6.650000095367432,417600,0.0,0.0
2016-11-03 00:00:00-04:00,6.650000095367432,6.75,6.599999904632568,6.599999904632568,126000,0.0,0.0
2016-11-04 00:00:00-04:00,6.599999904632568,6.800000190734863,6.449999809265137,6.599999904632568,304800,0.0,0.0
2016-11-07 00:00:00-05:00,6.75,6.900000095367432,6.75,6.900000095367432,194900,0.0,0.0
2016-11-08 00:00:00-05:00,6.900000095367432,6.949999809265137,6.800000190734863,6.900000095367432,135100,0.0,0.0
2016-11-09 00:00:00-05:00,6.849999904632568,7.150000095367432,6.650000095367432,7.150000095367432,240500,0.0,0.0
2016-11-10 00:00:00-05:00,7.199999809265137,7.5,7.0,7.400000095367432,238700,0.0,0.0
2016-11-11 00:00:00-05:00,7.400000095367432,7.800000190734863,7.25,7.699999809265137,410600,0.0,0.0
2016-11-14 00:00:00-05:00,7.849999904632568,7.849999904632568,7.53000020980835,7.650000095367432,122200,0.0,0.0
2016-11-15 00:00:00-05:00,7.599999904632568,7.730000019073486,7.550000190734863,7.650000095367432,79900,0.0,0.0
2016-11-16 00:00:00-05:00,7.650000095367432,7.75,7.550000190734863,7.699999809265137,88200,0.0,0.0
2016-11-17 00:00:00-05:00,7.699999809265137,7.800000190734863,7.599999904632568,7.699999809265137,66900,0.0,0.0
2016-11-18 00:00:00-05:00,7.699999809265137,7.75,7.400000095367432,7.599999904632568,206800,0.0,0.0
2016-11-21 00:00:00-05:00,7.599999904632568,7.800000190734863,7.449999809265137,7.75,114400,0.0,0.0
2016-11-22 00:00:00-05:00,7.699999809265137,7.800000190734863,7.550000190734863,7.599999904632568,197800,0.0,0.0
2016-11-23 00:00:00-05:00,7.5,7.800000190734863,7.5,7.800000190734863,95300,0.0,0.0
2016-11-25 00:00:00-05:00,7.75,7.849999904632568,7.650000095367432,7.849999904632568,47600,0.0,0.0
2016-11-28 00:00:00-05:00,7.75,7.849999904632568,7.599999904632568,7.650000095367432,74600,0.0,0.0
2016-11-29 00:00:00-05:00,7.75,7.849999904632568,7.650000095367432,7.699999809265137,78000,0.0,0.0
2016-11-30 00:00:00-05:00,7.699999809265137,7.849999904632568,7.449999809265137,7.550000190734863,115600,0.0,0.0
2016-12-01 00:00:00-05:00,7.550000190734863,7.75,7.25,7.349999904632568,112500,0.0,0.0
2016-12-02 00:00:00-05:00,7.300000190734863,7.400000095367432,7.150000095367432,7.300000190734863,49000,0.0,0.0
2016-12-05 00:00:00-05:00,7.400000095367432,7.599999904632568,7.400000095367432,7.550000190734863,109700,0.0,0.0
2016-12-06 00:00:00-05:00,7.650000095367432,7.650000095367432,7.400000095367432,7.550000190734863,84800,0.0,0.0
2016-12-07 00:00:00-05:00,7.449999809265137,7.699999809265137,7.449999809265137,7.550000190734863,80700,0.0,0.0
2016-12-08 00:00:00-05:00,7.650000095367432,7.949999809265137,7.599999904632568,7.949999809265137,237500,0.0,0.0
2016-12-09 00:00:00-05:00,7.900000095367432,8.0,7.75,7.849999904632568,200100,0.0,0.0
2016-12-12 00:00:00-05:00,7.800000190734863,7.880000114440918,7.650000095367432,7.650000095367432,91300,0.0,0.0
2016-12-13 00:00:00-05:00,7.699999809265137,7.869999885559082,7.599999904632568,7.699999809265137,145000,0.0,0.0
2016-12-14 00:00:00-05:00,7.699999809265137,7.75,7.449999809265137,7.5,96600,0.0,0.0
2016-12-15 00:00:00-05:00,7.5,7.929999828338623,7.449999809265137,7.849999904632568,186900,0.0,0.0
2016-12-16 00:00:00-05:00,7.900000095367432,8.0,7.75,7.949999809265137,289100,0.0,0.0
2016-12-19 00:00:00-05:00,7.849999904632568,8.050000190734863,7.800000190734863,7.849999904632568,171900,0.0,0.0
2016-12-20 00:00:00-05:00,7.849999904632568,8.100000381469727,7.699999809265137,7.75,105300,0.0,0.0
2016-12-21 00:00:00-05:00,7.75,7.849999904632568,7.699999809265137,7.699999809265137,169500,0.0,0.0
2016-12-22 00:00:00-05:00,7.650000095367432,7.75,7.599999904632568,7.699999809265137,86400,0.0,0.0
2016-12-23 00:00:00-05:00,7.75,8.0,7.650000095367432,7.800000190734863,102800,0.0,0.0
2016-12-27 00:00:00-05:00,7.800000190734863,8.0,7.699999809265137,7.800000190734863,114000,0.0,0.0
2016-12-28 00:00:00-05:00,7.75,7.809999942779541,7.5,7.800000190734863,89100,0.0,0.0
2016-12-29 00:00:00-05:00,7.849999904632568,7.900000095367432,7.5,7.75,106500,0.0,0.0
2016-12-30 00:00:00-05:00,7.650000095367432,7.75,7.550000190734863,7.699999809265137,83500,0.0,0.0
2017-01-03 00:00:00-05:00,7.75,7.760000228881836,7.53000020980835,7.599999904632568,139200,0.0,0.0
2017-01-04 00:00:00-05:00,7.650000095367432,7.75,7.5,7.550000190734863,131300,0.0,0.0
2017-01-05 00:00:00-05:00,7.550000190734863,7.599999904632568,7.369999885559082,7.5,100000,0.0,0.0
2017-01-06 00:00:00-05:00,7.550000190734863,7.550000190734863,7.25,7.25,126800,0.0,0.0
2017-01-09 00:00:00-05:00,7.25,7.349999904632568,7.150000095367432,7.199999809265137,86000,0.0,0.0
2017-01-10 00:00:00-05:00,7.25,7.349999904632568,7.25,7.349999904632568,146400,0.0,0.0
2017-01-11 00:00:00-05:00,7.300000190734863,7.400000095367432,7.150000095367432,7.199999809265137,86500,0.0,0.0
2017-01-12 00:00:00-05:00,7.300000190734863,7.300000190734863,6.900000095367432,6.900000095367432,87900,0.0,0.0
2017-01-13 00:00:00-05:00,7.0,7.380000114440918,7.0,7.349999904632568,136400,0.0,0.0
2017-01-17 00:00:00-05:00,7.349999904632568,7.349999904632568,6.929999828338623,6.949999809265137,76700,0.0,0.0
2017-01-18 00:00:00-05:00,7.050000190734863,7.150000095367432,6.900000095367432,6.900000095367432,143200,0.0,0.0
2017-01-19 00:00:00-05:00,7.0,7.150000095367432,6.849999904632568,6.949999809265137,69900,0.0,0.0
2017-01-20 00:00:00-05:00,6.949999809265137,7.050000190734863,6.849999904632568,6.900000095367432,161000,0.0,0.0
2017-01-23 00:00:00-05:00,6.949999809265137,7.079999923706055,6.75,7.0,92500,0.0,0.0
2017-01-24 00:00:00-05:00,6.949999809265137,7.349999904632568,6.949999809265137,7.25,246400,0.0,0.0
2017-01-25 00:00:00-05:00,7.349999904632568,7.449999809265137,7.199999809265137,7.25,135000,0.0,0.0
2017-01-26 00:00:00-05:00,7.300000190734863,7.300000190734863,7.0,7.0,58100,0.0,0.0
2017-01-27 00:00:00-05:00,7.0,7.199999809265137,6.900000095367432,7.150000095367432,206800,0.0,0.0
2017-01-30 00:00:00-05:00,7.050000190734863,7.099999904632568,6.949999809265137,7.050000190734863,122300,0.0,0.0
2017-01-31 00:00:00-05:00,7.050000190734863,7.199999809265137,7.0,7.199999809265137,108500,0.0,0.0
2017-02-01 00:00:00-05:00,7.25,7.25,7.099999904632568,7.150000095367432,54500,0.0,0.0
2017-02-02 00:00:00-05:00,7.099999904632568,7.199999809265137,7.050000190734863,7.050000190734863,101900,0.0,0.0
2017-02-03 00:00:00-05:00,7.050000190734863,7.25,7.050000190734863,7.199999809265137,74600,0.0,0.0
2017-02-06 00:00:00-05:00,7.150000095367432,7.25,7.050000190734863,7.150000095367432,101800,0.0,0.0
2017-02-07 00:00:00-05:00,7.199999809265137,7.25,6.949999809265137,7.0,68100,0.0,0.0
2017-02-08 00:00:00-05:00,7.050000190734863,7.050000190734863,6.849999904632568,6.900000095367432,58200,0.0,0.0
2017-02-09 00:00:00-05:00,6.800000190734863,7.099999904632568,6.800000190734863,7.0,67300,0.0,0.0
2017-02-10 00:00:00-05:00,7.099999904632568,7.5,7.050000190734863,7.400000095367432,95100,0.0,0.0
2017-02-13 00:00:00-05:00,7.400000095367432,7.400000095367432,7.199999809265137,7.300000190734863,43900,0.0,0.0
2017-02-14 00:00:00-05:00,7.300000190734863,7.75,7.150000095367432,7.650000095367432,217500,0.0,0.0
2017-02-15 00:00:00-05:00,6.449999809265137,6.989999771118164,6.150000095367432,6.900000095367432,713400,0.0,0.0
2017-02-16 00:00:00-05:00,6.800000190734863,6.849999904632568,6.78000020980835,6.849999904632568,139300,0.0,0.0
2017-02-17 00:00:00-05:00,6.900000095367432,7.0,6.599999904632568,6.800000190734863,225000,0.0,0.0
2017-02-21 00:00:00-05:00,6.699999809265137,6.849999904632568,6.699999809265137,6.849999904632568,151700,0.0,0.0
2017-02-22 00:00:00-05:00,6.800000190734863,6.900000095367432,6.699999809265137,6.849999904632568,131900,0.0,0.0
2017-02-23 00:00:00-05:00,6.849999904632568,7.0,6.78000020980835,7.0,123700,0.0,0.0
2017-02-24 00:00:00-05:00,6.900000095367432,7.099999904632568,6.849999904632568,7.050000190734863,84900,0.0,0.0
2017-02-27 00:00:00-05:00,7.050000190734863,7.099999904632568,6.949999809265137,7.099999904632568,116000,0.0,0.0
2017-02-28 00:00:00-05:00,7.0,7.099999904632568,6.75,6.900000095367432,400100,0.0,0.0
2017-03-01 00:00:00-05:00,7.0,7.079999923706055,6.900000095367432,7.050000190734863,265000,0.0,0.0
2017-03-02 00:00:00-05:00,7.050000190734863,7.150000095367432,6.900000095367432,6.900000095367432,131500,0.0,0.0
2017-03-03 00:00:00-05:00,6.900000095367432,7.03000020980835,6.800000190734863,7.0,268800,0.0,0.0
2017-03-06 00:00:00-05:00,7.0,7.150000095367432,6.949999809265137,7.050000190734863,128800,0.0,0.0
2017-03-07 00:00:00-05:00,7.050000190734863,7.099999904632568,6.900000095367432,6.900000095367432,75700,0.0,0.0
2017-03-08 00:00:00-05:00,7.0,7.0,6.849999904632568,6.849999904632568,112900,0.0,0.0
2017-03-09 00:00:00-05:00,6.900000095367432,7.050000190734863,6.900000095367432,7.050000190734863,167000,0.0,0.0
2017-03-10 00:00:00-05:00,7.050000190734863,7.050000190734863,6.900000095367432,6.949999809265137,109100,0.0,0.0
2017-03-13 00:00:00-04:00,6.949999809265137,7.050000190734863,6.880000114440918,6.949999809265137,70600,0.0,0.0
2017-03-14 00:00:00-04:00,7.0,7.0,6.900000095367432,6.900000095367432,54800,0.0,0.0
2017-03-15 00:00:00-04:00,6.900000095367432,7.050000190734863,6.900000095367432,7.050000190734863,113200,0.0,0.0
2017-03-16 00:00:00-04:00,7.050000190734863,7.099999904632568,6.949999809265137,7.050000190734863,66400,0.0,0.0
2017-03-17 00:00:00-04:00,7.050000190734863,7.25,7.0,7.199999809265137,191500,0.0,0.0
2017-03-20 00:00:00-04:00,7.099999904632568,7.150000095367432,7.0,7.050000190734863,50600,0.0,0.0
2017-03-21 00:00:00-04:00,7.0,7.099999904632568,6.949999809265137,6.949999809265137,100800,0.0,0.0
2017-03-22 00:00:00-04:00,6.949999809265137,7.050000190734863,6.849999904632568,6.849999904632568,157000,0.0,0.0
2017-03-23 00:00:00-04:00,6.849999904632568,7.150000095367432,6.849999904632568,7.099999904632568,203700,0.0,0.0
2017-03-24 00:00:00-04:00,7.099999904632568,7.150000095367432,6.949999809265137,7.039999961853027,107300,0.0,0.0
2017-03-27 00:00:00-04:00,6.900000095367432,7.25,6.849999904632568,7.199999809265137,290600,0.0,0.0
2017-03-28 00:00:00-04:00,7.150000095367432,7.199999809265137,6.949999809265137,7.0,111800,0.0,0.0
2017-03-29 00:00:00-04:00,6.949999809265137,7.050000190734863,6.949999809265137,7.050000190734863,47100,0.0,0.0
2017-03-30 00:00:00-04:00,7.050000190734863,7.230000019073486,7.0,7.099999904632568,130800,0.0,0.0
2017-03-31 00:00:00-04:00,7.150000095367432,7.400000095367432,7.050000190734863,7.25,265400,0.0,0.0
2017-04-03 00:00:00-04:00,7.0,7.150000095367432,6.579999923706055,6.650000095367432,922200,0.0,0.0
2017-04-04 00:00:00-04:00,6.699999809265137,6.699999809265137,6.550000190734863,6.650000095367432,208800,0.0,0.0
2017-04-05 00:00:00-04:00,6.699999809265137,6.699999809265137,6.360000133514404,6.449999809265137,324900,0.0,0.0
2017-04-06 00:00:00-04:00,6.449999809265137,6.539999961853027,6.400000095367432,6.449999809265137,127400,0.0,0.0
2017-04-07 00:00:00-04:00,6.449999809265137,6.510000228881836,6.349999904632568,6.400000095367432,244800,0.0,0.0
2017-04-10 00:00:00-04:00,6.449999809265137,6.5,6.300000190734863,6.449999809265137,243700,0.0,0.0
2017-04-11 00:00:00-04:00,6.449999809265137,6.650000095367432,6.400000095367432,6.599999904632568,122200,0.0,0.0
2017-04-12 00:00:00-04:00,6.599999904632568,6.650000095367432,6.429999828338623,6.460000038146973,124700,0.0,0.0
2017-04-13 00:00:00-04:00,6.449999809265137,6.449999809265137,6.349999904632568,6.400000095367432,138700,0.0,0.0
2017-04-17 00:00:00-04:00,6.400000095367432,6.550000190734863,6.389999866485596,6.550000190734863,81300,0.0,0.0
2017-04-18 00:00:00-04:00,6.550000190734863,6.75,6.53000020980835,6.650000095367432,110400,0.0,0.0
2017-04-19 00:00:00-04:00,6.75,6.800000190734863,6.599999904632568,6.75,99800,0.0,0.0
2017-04-20 00:00:00-04:00,6.75,6.800000190734863,6.650000095367432,6.650000095367432,121100,0.0,0.0
2017-04-21 00:00:00-04:00,6.599999904632568,6.800000190734863,6.599999904632568,6.699999809265137,196800,0.0,0.0
2017-04-24 00:00:00-04:00,6.75,6.849999904632568,6.71999979019165,6.800000190734863,151700,0.0,0.0
2017-04-25 00:00:00-04:00,6.849999904632568,6.949999809265137,6.75,6.800000190734863,172100,0.0,0.0
2017-04-26 00:00:00-04:00,6.75,6.900000095367432,6.75,6.900000095367432,203800,0.0,0.0
2017-04-27 00:00:00-04:00,6.900000095367432,7.0,6.699999809265137,6.75,92400,0.0,0.0
2017-04-28 00:00:00-04:00,6.800000190734863,6.800000190734863,6.650000095367432,6.699999809265137,174000,0.0,0.0
2017-05-01 00:00:00-04:00,6.75,6.75,6.550000190734863,6.699999809265137,133900,0.0,0.0
2017-05-02 00:00:00-04:00,6.650000095367432,6.800000190734863,6.599999904632568,6.699999809265137,115700,0.0,0.0
2017-05-03 00:00:00-04:00,6.650000095367432,6.699999809265137,6.53000020980835,6.599999904632568,113800,0.0,0.0
2017-05-04 00:00:00-04:00,6.650000095367432,6.800000190734863,6.650000095367432,6.699999809265137,102100,0.0,0.0
2017-05-05 00:00:00-04:00,6.699999809265137,6.75,6.679999828338623,6.699999809265137,115100,0.0,0.0
2017-05-08 00:00:00-04:00,6.699999809265137,6.75,6.550000190734863,6.550000190734863,228500,0.0,0.0
2017-05-09 00:00:00-04:00,6.599999904632568,6.75,6.449999809265137,6.550000190734863,181900,0.0,0.0
2017-05-10 00:00:00-04:00,6.800000190734863,6.849999904632568,6.349999904632568,6.800000190734863,686700,0.0,0.0
2017-05-11 00:00:00-04:00,6.800000190734863,6.849999904632568,6.5,6.650000095367432,344200,0.0,0.0
2017-05-12 00:00:00-04:00,6.699999809265137,6.75,6.5,6.650000095367432,245800,0.0,0.0
2017-05-15 00:00:00-04:00,6.699999809265137,6.900000095367432,6.650000095367432,6.800000190734863,344800,0.0,0.0
2017-05-16 00:00:00-04:00,6.75,6.929999828338623,6.650000095367432,6.900000095367432,393400,0.0,0.0
2017-05-17 00:00:00-04:00,6.75,6.800000190734863,6.699999809265137,6.699999809265137,188500,0.0,0.0
2017-05-18 00:00:00-04:00,6.699999809265137,6.75,6.650000095367432,6.699999809265137,161700,0.0,0.0
2017-05-19 00:00:00-04:00,6.699999809265137,6.800000190734863,6.650000095367432,6.650000095367432,147100,0.0,0.0
2017-05-22 00:00:00-04:00,6.650000095367432,6.849999904632568,6.650000095367432,6.75,90800,0.0,0.0
2017-05-23 00:00:00-04:00,6.900000095367432,7.0,6.800000190734863,6.800000190734863,185700,0.0,0.0
2017-05-24 00:00:00-04:00,6.75,6.849999904632568,6.75,6.800000190734863,160500,0.0,0.0
2017-05-25 00:00:00-04:00,6.849999904632568,6.949999809265137,6.699999809265137,6.699999809265137,127000,0.0,0.0
2017-05-26 00:00:00-04:00,6.699999809265137,6.800000190734863,6.650000095367432,6.75,161800,0.0,0.0
2017-05-30 00:00:00-04:00,6.75,6.800000190734863,6.599999904632568,6.599999904632568,182900,0.0,0.0
2017-05-31 00:00:00-04:00,6.599999904632568,6.800000190734863,6.449999809265137,6.550000190734863,448300,0.0,0.0
2017-06-01 00:00:00-04:00,6.550000190734863,7.0,6.550000190734863,7.0,222600,0.0,0.0
2017-06-02 00:00:00-04:00,7.0,7.099999904632568,6.880000114440918,7.0,253500,0.0,0.0
2017-06-05 00:00:00-04:00,7.0,7.199999809265137,6.949999809265137,6.949999809265137,236200,0.0,0.0
2017-06-06 00:00:00-04:00,6.900000095367432,7.0,6.699999809265137,6.800000190734863,136800,0.0,0.0
2017-06-07 00:00:00-04:00,6.800000190734863,7.03000020980835,6.75,6.900000095367432,198600,0.0,0.0
2017-06-08 00:00:00-04:00,6.849999904632568,7.25,6.800000190734863,7.199999809265137,259400,0.0,0.0
2017-06-09 00:00:00-04:00,7.150000095367432,7.349999904632568,7.03000020980835,7.099999904632568,312600,0.0,0.0
2017-06-12 00:00:00-04:00,7.050000190734863,7.179999828338623,6.949999809265137,7.150000095367432,181800,0.0,0.0
2017-06-13 00:00:00-04:00,7.099999904632568,7.150000095367432,7.050000190734863,7.099999904632568,106700,0.0,0.0
2017-06-14 00:00:00-04:00,7.099999904632568,7.199999809265137,6.980000019073486,7.050000190734863,149700,0.0,0.0
2017-06-15 00:00:00-04:00,7.0,7.150000095367432,6.949999809265137,7.150000095367432,315200,0.0,0.0
2017-06-16 00:00:00-04:00,7.099999904632568,7.349999904632568,7.0,7.199999809265137,533000,0.0,0.0
2017-06-19 00:00:00-04:00,7.199999809265137,7.300000190734863,7.050000190734863,7.199999809265137,273800,0.0,0.0
2017-06-20 00:00:00-04:00,7.150000095367432,7.25,7.099999904632568,7.099999904632568,133500,0.0,0.0
2017-06-21 00:00:00-04:00,7.099999904632568,7.150000095367432,6.849999904632568,6.900000095367432,143200,0.0,0.0
2017-06-22 00:00:00-04:00,6.900000095367432,7.0,6.800000190734863,6.900000095367432,233000,0.0,0.0
2017-06-23 00:00:00-04:00,6.900000095367432,7.050000190734863,6.849999904632568,7.050000190734863,317400,0.0,0.0
2017-06-26 00:00:00-04:00,7.050000190734863,7.050000190734863,6.849999904632568,6.900000095367432,118300,0.0,0.0
2017-06-27 00:00:00-04:00,6.900000095367432,7.0,6.699999809265137,6.75,178000,0.0,0.0
2017-06-28 00:00:00-04:00,6.800000190734863,6.949999809265137,6.769999980926514,6.900000095367432,137400,0.0,0.0
2017-06-29 00:00:00-04:00,6.900000095367432,6.900000095367432,6.699999809265137,6.800000190734863,175900,0.0,0.0
2017-06-30 00:00:00-04:00,6.75,6.900000095367432,6.699999809265137,6.849999904632568,191900,0.0,0.0
2017-07-03 00:00:00-04:00,6.849999904632568,6.900000095367432,6.800000190734863,6.900000095367432,39800,0.0,0.0
2017-07-05 00:00:00-04:00,6.900000095367432,6.900000095367432,6.699999809265137,6.75,114300,0.0,0.0
2017-07-06 00:00:00-04:00,6.699999809265137,6.75,6.599999904632568,6.75,260100,0.0,0.0
2017-07-07 00:00:00-04:00,6.800000190734863,6.900000095367432,6.650000095367432,6.900000095367432,112800,0.0,0.0
2017-07-10 00:00:00-04:00,6.849999904632568,6.849999904632568,6.75,6.75,61100,0.0,0.0
2017-07-11 00:00:00-04:00,6.699999809265137,6.800000190734863,6.650000095367432,6.75,97100,0.0,0.0
2017-07-12 00:00:00-04:00,6.75,6.849999904632568,6.699999809265137,6.75,64400,0.0,0.0
2017-07-13 00:00:00-04:00,6.75,6.75,6.699999809265137,6.699999809265137,41000,0.0,0.0
2017-07-14 00:00:00-04:00,6.699999809265137,6.849999904632568,6.699999809265137,6.849999904632568,128400,0.0,0.0
2017-07-17 00:00:00-04:00,6.75,6.900000095367432,6.75,6.800000190734863,92700,0.0,0.0
2017-07-18 00:00:00-04:00,6.75,6.900000095367432,6.75,6.849999904632568,53800,0.0,0.0
2017-07-19 00:00:00-04:00,6.849999904632568,7.050000190734863,6.849999904632568,7.050000190734863,135100,0.0,0.0
2017-07-20 00:00:00-04:00,7.050000190734863,7.050000190734863,6.900000095367432,6.949999809265137,270500,0.0,0.0
2017-07-21 00:00:00-04:00,7.099999904632568,7.099999904632568,6.849999904632568,6.900000095367432,228900,0.0,0.0
2017-07-24 00:00:00-04:00,6.849999904632568,6.949999809265137,6.829999923706055,6.900000095367432,133000,0.0,0.0
2017-07-25 00:00:00-04:00,6.949999809265137,7.0,6.849999904632568,6.849999904632568,148500,0.0,0.0
2017-07-26 00:00:00-04:00,6.900000095367432,6.929999828338623,6.75,6.800000190734863,146000,0.0,0.0
2017-07-27 00:00:00-04:00,6.800000190734863,6.900000095367432,6.699999809265137,6.699999809265137,225800,0.0,0.0
2017-07-28 00:00:00-04:00,6.699999809265137,6.849999904632568,6.699999809265137,6.75,139100,0.0,0.0
2017-07-31 00:00:00-04:00,6.800000190734863,6.849999904632568,6.699999809265137,6.849999904632568,127900,0.0,0.0
2017-08-01 00:00:00-04:00,6.900000095367432,7.0,6.800000190734863,6.949999809265137,196700,0.0,0.0
2017-08-02 00:00:00-04:00,6.900000095367432,6.949999809265137,6.800000190734863,6.849999904632568,66700,0.0,0.0
2017-08-03 00:00:00-04:00,6.849999904632568,6.949999809265137,6.800000190734863,6.849999904632568,109900,0.0,0.0
2017-08-04 00:00:00-04:00,6.849999904632568,6.900000095367432,6.650000095367432,6.699999809265137,140300,0.0,0.0
2017-08-07 00:00:00-04:00,6.650000095367432,6.880000114440918,6.599999904632568,6.75,235800,0.0,0.0
2017-08-08 00:00:00-04:00,6.699999809265137,6.949999809265137,6.699999809265137,6.849999904632568,203400,0.0,0.0
2017-08-09 00:00:00-04:00,6.349999904632568,6.349999904632568,5.300000190734863,5.349999904632568,1268300,0.0,0.0
2017-08-10 00:00:00-04:00,5.400000095367432,5.550000190734863,5.150000095367432,5.25,590100,0.0,0.0
2017-08-11 00:00:00-04:00,5.150000095367432,5.300000190734863,5.0,5.039999961853027,787700,0.0,0.0
2017-08-14 00:00:00-04:00,5.150000095367432,5.199999809265137,4.849999904632568,5.099999904632568,563200,0.0,0.0
2017-08-15 00:00:00-04:00,5.099999904632568,5.199999809265137,4.949999809265137,5.0,454800,0.0,0.0
2017-08-16 00:00:00-04:00,5.0,5.150000095367432,4.949999809265137,5.0,224500,0.0,0.0
2017-08-17 00:00:00-04:00,5.050000190734863,5.099999904632568,4.849999904632568,4.949999809265137,435300,0.0,0.0
2017-08-18 00:00:00-04:00,4.900000095367432,4.949999809265137,4.800000190734863,4.849999904632568,364200,0.0,0.0
2017-08-21 00:00:00-04:00,4.849999904632568,4.949999809265137,4.699999809265137,4.75,407300,0.0,0.0
2017-08-22 00:00:00-04:00,4.75,4.800000190734863,4.699999809265137,4.75,307800,0.0,0.0
2017-08-23 00:00:00-04:00,4.75,4.949999809265137,4.75,4.949999809265137,287400,0.0,0.0
2017-08-24 00:00:00-04:00,4.949999809265137,5.0,4.800000190734863,4.849999904632568,153800,0.0,0.0
2017-08-25 00:00:00-04:00,4.949999809265137,5.050000190734863,4.849999904632568,5.0,221900,0.0,0.0
2017-08-28 00:00:00-04:00,5.0,5.050000190734863,4.849999904632568,4.900000095367432,261200,0.0,0.0
2017-08-29 00:00:00-04:00,4.900000095367432,4.949999809265137,4.800000190734863,4.900000095367432,245800,0.0,0.0
2017-08-30 00:00:00-04:00,4.869999885559082,4.949999809265137,4.800000190734863,4.900000095367432,181200,0.0,0.0
2017-08-31 00:00:00-04:00,4.849999904632568,5.0,4.849999904632568,4.900000095367432,157400,0.0,0.0
2017-09-01 00:00:00-04:00,4.949999809265137,4.949999809265137,4.849999904632568,4.949999809265137,144400,0.0,0.0
2017-09-05 00:00:00-04:00,4.900000095367432,4.949999809265137,4.78000020980835,4.800000190734863,275100,0.0,0.0
2017-09-06 00:00:00-04:00,4.800000190734863,4.900000095367432,4.75,4.800000190734863,225500,0.0,0.0
2017-09-07 00:00:00-04:00,4.800000190734863,4.849999904632568,4.75,4.849999904632568,256300,0.0,0.0
2017-09-08 00:00:00-04:00,4.849999904632568,4.849999904632568,4.650000095367432,4.650000095367432,347600,0.0,0.0
2017-09-11 00:00:00-04:00,4.699999809265137,4.800000190734863,4.650000095367432,4.75,120900,0.0,0.0
2017-09-12 00:00:00-04:00,4.75,4.949999809265137,4.699999809265137,4.900000095367432,231500,0.0,0.0
2017-09-13 00:00:00-04:00,4.849999904632568,4.949999809265137,4.75,4.849999904632568,531300,0.0,0.0
2017-09-14 00:00:00-04:00,4.849999904632568,5.0,4.800000190734863,4.900000095367432,324700,0.0,0.0
2017-09-15 00:00:00-04:00,4.949999809265137,5.0,4.800000190734863,4.949999809265137,598200,0.0,0.0
2017-09-18 00:00:00-04:00,4.949999809265137,5.050000190734863,4.880000114440918,4.900000095367432,331500,0.0,0.0
2017-09-19 00:00:00-04:00,4.900000095367432,5.050000190734863,4.900000095367432,5.0,341000,0.0,0.0
2017-09-20 00:00:00-04:00,5.0,5.03000020980835,4.800000190734863,4.800000190734863,274900,0.0,0.0
2017-09-21 00:00:00-04:00,4.800000190734863,4.900000095367432,4.75,4.800000190734863,119200,0.0,0.0
2017-09-22 00:00:00-04:00,4.800000190734863,4.949999809265137,4.800000190734863,4.900000095367432,149600,0.0,0.0
2017-09-25 00:00:00-04:00,4.900000095367432,4.949999809265137,4.849999904632568,4.849999904632568,265700,0.0,0.0
2017-09-26 00:00:00-04:00,4.900000095367432,5.050000190734863,4.880000114440918,5.0,243600,0.0,0.0
2017-09-27 00:00:00-04:00,5.0,5.099999904632568,5.0,5.099999904632568,279600,0.0,0.0
2017-09-28 00:00:00-04:00,5.099999904632568,5.099999904632568,4.949999809265137,5.0,164300,0.0,0.0
2017-09-29 00:00:00-04:00,5.0,5.099999904632568,5.0,5.050000190734863,80600,0.0,0.0
2017-10-02 00:00:00-04:00,5.050000190734863,5.25,5.050000190734863,5.199999809265137,194100,0.0,0.0
2017-10-03 00:00:00-04:00,5.199999809265137,5.349999904632568,5.199999809265137,5.300000190734863,194500,0.0,0.0
2017-10-04 00:00:00-04:00,5.300000190734863,5.400000095367432,5.099999904632568,5.349999904632568,493500,0.0,0.0
2017-10-05 00:00:00-04:00,5.349999904632568,5.849999904632568,5.300000190734863,5.599999904632568,559900,0.0,0.0
2017-10-06 00:00:00-04:00,5.650000095367432,5.800000190734863,5.5,5.650000095367432,166200,0.0,0.0
2017-10-09 00:00:00-04:00,5.699999809265137,5.699999809265137,5.449999809265137,5.5,102100,0.0,0.0
2017-10-10 00:00:00-04:00,5.599999904632568,5.75,5.5,5.650000095367432,197000,0.0,0.0
2017-10-11 00:00:00-04:00,5.650000095367432,5.699999809265137,5.349999904632568,5.449999809265137,313100,0.0,0.0
2017-10-12 00:00:00-04:00,5.449999809265137,5.550000190734863,5.400000095367432,5.5,128400,0.0,0.0
2017-10-13 00:00:00-04:00,5.550000190734863,5.650000095367432,5.449999809265137,5.550000190734863,109400,0.0,0.0
2017-10-16 00:00:00-04:00,5.599999904632568,5.75,5.449999809265137,5.699999809265137,180200,0.0,0.0
2017-10-17 00:00:00-04:00,5.650000095367432,5.849999904632568,5.599999904632568,5.650000095367432,176100,0.0,0.0
2017-10-18 00:00:00-04:00,5.699999809265137,5.699999809265137,5.449999809265137,5.550000190734863,258400,0.0,0.0
2017-10-19 00:00:00-04:00,5.550000190734863,5.550000190734863,5.400000095367432,5.5,368300,0.0,0.0
2017-10-20 00:00:00-04:00,5.599999904632568,5.730000019073486,5.449999809265137,5.699999809265137,214200,0.0,0.0
2017-10-23 00:00:00-04:00,5.650000095367432,5.75,5.550000190734863,5.599999904632568,297500,0.0,0.0
2017-10-24 00:00:00-04:00,5.599999904632568,5.650000095367432,5.449999809265137,5.5,207700,0.0,0.0
2017-10-25 00:00:00-04:00,5.5,5.550000190734863,5.400000095367432,5.5,157600,0.0,0.0
2017-10-26 00:00:00-04:00,5.599999904632568,5.599999904632568,5.380000114440918,5.449999809265137,172600,0.0,0.0
2017-10-27 00:00:00-04:00,5.449999809265137,5.480000019073486,5.300000190734863,5.400000095367432,324800,0.0,0.0
2017-10-30 00:00:00-04:00,5.449999809265137,5.53000020980835,5.329999923706055,5.400000095367432,216900,0.0,0.0
2017-10-31 00:00:00-04:00,5.449999809265137,5.550000190734863,5.400000095367432,5.5,114700,0.0,0.0
2017-11-01 00:00:00-04:00,5.599999904632568,5.599999904632568,5.400000095367432,5.449999809265137,194600,0.0,0.0
2017-11-02 00:00:00-04:00,5.400000095367432,5.449999809265137,5.349999904632568,5.400000095367432,189000,0.0,0.0
2017-11-03 00:00:00-04:00,5.400000095367432,5.449999809265137,5.300000190734863,5.349999904632568,161200,0.0,0.0
2017-11-06 00:00:00-05:00,5.400000095367432,5.550000190734863,5.349999904632568,5.5,122100,0.0,0.0
2017-11-07 00:00:00-05:00,5.400000095367432,5.5,5.199999809265137,5.199999809265137,254600,0.0,0.0
2017-11-08 00:00:00-05:00,5.449999809265137,5.75,5.400000095367432,5.699999809265137,853300,0.0,0.0
2017-11-09 00:00:00-05:00,5.75,6.349999904632568,5.75,6.25,816800,0.0,0.0
2017-11-10 00:00:00-05:00,6.300000190734863,6.449999809265137,6.150000095367432,6.25,283200,0.0,0.0
2017-11-13 00:00:00-05:00,6.199999809265137,6.5,6.199999809265137,6.400000095367432,169000,0.0,0.0
2017-11-14 00:00:00-05:00,6.300000190734863,6.449999809265137,6.150000095367432,6.199999809265137,213000,0.0,0.0
2017-11-15 00:00:00-05:00,6.0,6.329999923706055,5.929999828338623,6.099999904632568,351700,0.0,0.0
2017-11-16 00:00:00-05:00,6.099999904632568,6.400000095367432,6.099999904632568,6.349999904632568,276200,0.0,0.0
2017-11-17 00:00:00-05:00,6.25,6.5,6.25,6.449999809265137,342400,0.0,0.0
2017-11-20 00:00:00-05:00,6.400000095367432,6.949999809265137,6.300000190734863,6.900000095367432,547300,0.0,0.0
2017-11-21 00:00:00-05:00,6.949999809265137,6.980000019073486,6.679999828338623,6.800000190734863,407000,0.0,0.0
2017-11-22 00:00:00-05:00,6.75,7.0,6.75,6.949999809265137,315100,0.0,0.0
2017-11-24 00:00:00-05:00,6.900000095367432,7.050000190734863,6.849999904632568,6.949999809265137,134700,0.0,0.0
2017-11-27 00:00:00-05:00,6.900000095367432,7.199999809265137,6.849999904632568,6.849999904632568,217000,0.0,0.0
2017-11-28 00:00:00-05:00,6.849999904632568,7.0,6.449999809265137,6.599999904632568,415000,0.0,0.0
2017-11-29 00:00:00-05:00,6.650000095367432,6.900000095367432,6.449999809265137,6.900000095367432,412500,0.0,0.0
2017-11-30 00:00:00-05:00,6.849999904632568,6.900000095367432,6.599999904632568,6.599999904632568,688200,0.0,0.0
2017-12-01 00:00:00-05:00,6.75,6.800000190734863,6.5,6.75,355800,0.0,0.0
2017-12-04 00:00:00-05:00,6.900000095367432,6.909999847412109,6.650000095367432,6.699999809265137,292300,0.0,0.0
2017-12-05 00:00:00-05:00,6.699999809265137,6.699999809265137,6.53000020980835,6.550000190734863,204500,0.0,0.0
2017-12-06 00:00:00-05:00,6.550000190734863,6.599999904632568,6.400000095367432,6.5,249700,0.0,0.0
2017-12-07 00:00:00-05:00,6.5,6.550000190734863,6.25,6.400000095367432,239200,0.0,0.0
2017-12-08 00:00:00-05:00,6.449999809265137,6.449999809265137,6.25,6.300000190734863,155500,0.0,0.0
2017-12-11 00:00:00-05:00,6.349999904632568,6.449999809265137,6.300000190734863,6.400000095367432,222000,0.0,0.0
2017-12-12 00:00:00-05:00,6.400000095367432,6.5,6.349999904632568,6.449999809265137,204800,0.0,0.0
2017-12-13 00:00:00-05:00,6.400000095367432,6.53000020980835,6.25,6.5,392100,0.0,0.0
2017-12-14 00:00:00-05:00,6.449999809265137,6.550000190734863,6.429999828338623,6.449999809265137,342300,0.0,0.0
2017-12-15 00:00:00-05:00,6.449999809265137,6.679999828338623,6.400000095367432,6.650000095367432,572300,0.0,0.0
2017-12-18 00:00:00-05:00,6.650000095367432,6.75,6.449999809265137,6.449999809265137,291900,0.0,0.0
2017-12-19 00:00:00-05:00,6.449999809265137,6.550000190734863,6.329999923706055,6.349999904632568,449300,0.0,0.0
2017-12-20 00:00:00-05:00,6.400000095367432,6.5,6.349999904632568,6.449999809265137,176000,0.0,0.0
2017-12-21 00:00:00-05:00,6.449999809265137,6.650000095367432,6.449999809265137,6.5,214200,0.0,0.0
2017-12-22 00:00:00-05:00,6.5,6.599999904632568,6.380000114440918,6.400000095367432,84200,0.0,0.0
2017-12-26 00:00:00-05:00,6.400000095367432,6.550000190734863,6.349999904632568,6.449999809265137,132400,0.0,0.0
2017-12-27 00:00:00-05:00,6.449999809265137,6.550000190734863,6.400000095367432,6.400000095367432,109400,0.0,0.0
2017-12-28 00:00:00-05:00,6.400000095367432,6.5,6.300000190734863,6.349999904632568,108000,0.0,0.0
2017-12-29 00:00:00-05:00,6.150000095367432,6.150000095367432,5.699999809265137,5.949999809265137,753700,0.0,0.0
2018-01-02 00:00:00-05:00,5.900000095367432,5.949999809265137,5.75,5.800000190734863,180300,0.0,0.0
2018-01-03 00:00:00-05:00,5.75,5.849999904632568,5.630000114440918,5.75,555600,0.0,0.0
2018-01-04 00:00:00-05:00,5.800000190734863,5.949999809265137,5.699999809265137,5.699999809265137,236600,0.0,0.0
2018-01-05 00:00:00-05:00,5.699999809265137,5.78000020980835,5.650000095367432,5.699999809265137,106700,0.0,0.0
2018-01-08 00:00:00-05:00,5.699999809265137,5.75,5.550000190734863,5.699999809265137,76600,0.0,0.0
2018-01-09 00:00:00-05:00,5.699999809265137,5.800000190734863,5.599999904632568,5.650000095367432,92900,0.0,0.0
2018-01-10 00:00:00-05:00,5.699999809265137,6.0,5.599999904632568,5.949999809265137,159200,0.0,0.0
2018-01-11 00:00:00-05:00,5.900000095367432,6.150000095367432,5.849999904632568,6.0,209100,0.0,0.0
2018-01-12 00:00:00-05:00,6.0,6.199999809265137,5.900000095367432,5.949999809265137,122100,0.0,0.0
2018-01-16 00:00:00-05:00,6.0,6.349999904632568,6.0,6.300000190734863,322100,0.0,0.0
2018-01-17 00:00:00-05:00,6.300000190734863,6.300000190734863,6.0,6.050000190734863,232000,0.0,0.0
2018-01-18 00:00:00-05:00,6.099999904632568,6.099999904632568,5.900000095367432,6.050000190734863,281800,0.0,0.0
2018-01-19 00:00:00-05:00,6.0,6.150000095367432,5.949999809265137,6.099999904632568,152300,0.0,0.0
2018-01-22 00:00:00-05:00,6.050000190734863,6.28000020980835,6.050000190734863,6.199999809265137,202500,0.0,0.0
2018-01-23 00:00:00-05:00,6.199999809265137,6.25,6.050000190734863,6.150000095367432,130200,0.0,0.0
2018-01-24 00:00:00-05:00,6.150000095367432,6.25,6.0,6.199999809265137,279900,0.0,0.0
2018-01-25 00:00:00-05:00,6.300000190734863,6.300000190734863,6.050000190734863,6.150000095367432,247500,0.0,0.0
2018-01-26 00:00:00-05:00,6.199999809265137,6.199999809265137,5.949999809265137,5.949999809265137,251800,0.0,0.0
2018-01-29 00:00:00-05:00,6.0,6.150000095367432,5.900000095367432,6.099999904632568,254400,0.0,0.0
2018-01-30 00:00:00-05:00,6.150000095367432,6.599999904632568,6.150000095367432,6.400000095367432,773600,0.0,0.0
2018-01-31 00:00:00-05:00,6.400000095367432,6.550000190734863,6.400000095367432,6.400000095367432,317300,0.0,0.0
2018-02-01 00:00:00-05:00,6.400000095367432,6.449999809265137,6.25,6.25,185400,0.0,0.0
2018-02-02 00:00:00-05:00,6.25,6.300000190734863,6.150000095367432,6.150000095367432,273100,0.0,0.0
2018-02-05 00:00:00-05:00,6.150000095367432,6.300000190734863,6.050000190734863,6.099999904632568,365800,0.0,0.0
2018-02-06 00:00:00-05:00,6.050000190734863,6.300000190734863,6.050000190734863,6.199999809265137,380800,0.0,0.0
2018-02-07 00:00:00-05:00,6.199999809265137,6.300000190734863,6.150000095367432,6.25,141200,0.0,0.0
2018-02-08 00:00:00-05:00,6.25,6.300000190734863,6.099999904632568,6.150000095367432,209800,0.0,0.0
2018-02-09 00:00:00-05:00,6.199999809265137,6.25,6.0,6.099999904632568,245500,0.0,0.0
2018-02-12 00:00:00-05:00,6.099999904632568,6.300000190734863,6.050000190734863,6.199999809265137,275200,0.0,0.0
2018-02-13 00:00:00-05:00,6.099999904632568,6.679999828338623,6.099999904632568,6.599999904632568,614900,0.0,0.0
2018-02-14 00:00:00-05:00,6.849999904632568,6.849999904632568,6.0,6.300000190734863,877600,0.0,0.0
2018-02-15 00:00:00-05:00,6.449999809265137,7.050000190734863,6.349999904632568,6.900000095367432,355200,0.0,0.0
2018-02-16 00:00:00-05:00,6.900000095367432,7.150000095367432,6.75,6.849999904632568,328500,0.0,0.0
2018-02-20 00:00:00-05:00,6.75,7.0,6.699999809265137,6.800000190734863,298300,0.0,0.0
2018-02-21 00:00:00-05:00,6.849999904632568,6.900000095367432,6.599999904632568,6.599999904632568,301100,0.0,0.0
2018-02-22 00:00:00-05:00,6.599999904632568,7.0,6.599999904632568,6.900000095367432,252000,0.0,0.0
2018-02-23 00:00:00-05:00,6.900000095367432,7.050000190734863,6.880000114440918,6.949999809265137,179700,0.0,0.0
2018-02-26 00:00:00-05:00,7.0,7.079999923706055,6.849999904632568,6.949999809265137,208800,0.0,0.0
2018-02-27 00:00:00-05:00,6.900000095367432,7.0,6.800000190734863,6.849999904632568,266000,0.0,0.0
2018-02-28 00:00:00-05:00,6.849999904632568,6.900000095367432,6.550000190734863,6.550000190734863,253500,0.0,0.0
2018-03-01 00:00:00-05:00,6.550000190734863,6.650000095367432,6.5,6.550000190734863,182200,0.0,0.0
2018-03-02 00:00:00-05:00,6.5,6.75,6.5,6.75,141100,0.0,0.0
2018-03-05 00:00:00-05:00,6.699999809265137,6.849999904632568,6.699999809265137,6.75,99800,0.0,0.0
2018-03-06 00:00:00-05:00,6.75,6.849999904632568,6.650000095367432,6.800000190734863,79200,0.0,0.0
2018-03-07 00:00:00-05:00,6.75,6.849999904632568,6.699999809265137,6.800000190734863,115400,0.0,0.0
2018-03-08 00:00:00-05:00,6.800000190734863,6.900000095367432,6.75,6.849999904632568,140100,0.0,0.0
2018-03-09 00:00:00-05:00,6.849999904632568,6.900000095367432,6.75,6.900000095367432,152500,0.0,0.0
2018-03-12 00:00:00-04:00,6.849999904632568,6.949999809265137,6.809999942779541,6.900000095367432,95800,0.0,0.0
2018-03-13 00:00:00-04:00,6.849999904632568,6.949999809265137,6.800000190734863,6.900000095367432,136800,0.0,0.0
2018-03-14 00:00:00-04:00,6.900000095367432,7.380000114440918,6.849999904632568,7.25,533200,0.0,0.0
2018-03-15 00:00:00-04:00,7.25,7.300000190734863,6.900000095367432,7.150000095367432,326200,0.0,0.0
2018-03-16 00:00:00-04:00,7.150000095367432,7.349999904632568,7.150000095367432,7.199999809265137,558100,0.0,0.0
2018-03-19 00:00:00-04:00,7.199999809265137,7.199999809265137,6.849999904632568,6.849999904632568,249100,0.0,0.0
2018-03-20 00:00:00-04:00,6.849999904632568,6.949999809265137,6.699999809265137,6.800000190734863,141900,0.0,0.0
2018-03-21 00:00:00-04:00,6.800000190734863,6.949999809265137,6.75,6.800000190734863,170900,0.0,0.0
2018-03-22 00:00:00-04:00,6.800000190734863,6.949999809265137,6.78000020980835,6.849999904632568,120600,0.0,0.0
2018-03-23 00:00:00-04:00,6.849999904632568,6.849999904632568,6.699999809265137,6.699999809265137,232000,0.0,0.0
2018-03-26 00:00:00-04:00,6.800000190734863,6.880000114440918,6.699999809265137,6.800000190734863,149900,0.0,0.0
2018-03-27 00:00:00-04:00,6.849999904632568,7.0,6.75,6.75,131300,0.0,0.0
2018-03-28 00:00:00-04:00,6.75,6.800000190734863,6.650000095367432,6.75,142800,0.0,0.0
2018-03-29 00:00:00-04:00,6.800000190734863,6.900000095367432,6.75,6.849999904632568,108400,0.0,0.0
2018-04-02 00:00:00-04:00,6.800000190734863,6.820000171661377,6.449999809265137,6.650000095367432,165600,0.0,0.0
2018-04-03 00:00:00-04:00,6.650000095367432,6.71999979019165,6.599999904632568,6.650000095367432,125900,0.0,0.0
2018-04-04 00:00:00-04:00,6.599999904632568,6.75,6.550000190734863,6.75,113700,0.0,0.0
2018-04-05 00:00:00-04:00,6.800000190734863,6.900000095367432,6.699999809265137,6.800000190734863,113200,0.0,0.0
2018-04-06 00:00:00-04:00,6.75,6.900000095367432,6.599999904632568,6.650000095367432,123200,0.0,0.0
2018-04-09 00:00:00-04:00,6.650000095367432,6.800000190734863,6.599999904632568,6.650000095367432,101300,0.0,0.0
2018-04-10 00:00:00-04:00,6.699999809265137,6.900000095367432,6.590000152587891,6.900000095367432,152200,0.0,0.0
2018-04-11 00:00:00-04:00,6.849999904632568,7.0,6.849999904632568,6.949999809265137,68900,0.0,0.0
2018-04-12 00:00:00-04:00,7.0,7.0,6.900000095367432,6.949999809265137,55500,0.0,0.0
2018-04-13 00:00:00-04:00,6.949999809265137,6.949999809265137,6.800000190734863,6.900000095367432,69800,0.0,0.0
2018-04-16 00:00:00-04:00,6.900000095367432,7.0,6.800000190734863,6.949999809265137,143900,0.0,0.0
2018-04-17 00:00:00-04:00,6.949999809265137,7.150000095367432,6.900000095367432,7.099999904632568,203400,0.0,0.0
2018-04-18 00:00:00-04:00,7.099999904632568,7.099999904632568,6.900000095367432,6.949999809265137,185200,0.0,0.0
2018-04-19 00:00:00-04:00,6.900000095367432,6.900000095367432,6.75,6.800000190734863,66000,0.0,0.0
2018-04-20 00:00:00-04:00,6.75,6.900000095367432,6.699999809265137,6.849999904632568,153200,0.0,0.0
2018-04-23 00:00:00-04:00,6.900000095367432,6.949999809265137,6.75,6.800000190734863,57700,0.0,0.0
2018-04-24 00:00:00-04:00,6.800000190734863,6.800000190734863,6.550000190734863,6.650000095367432,280200,0.0,0.0
2018-04-25 00:00:00-04:00,6.650000095367432,6.75,6.53000020980835,6.599999904632568,148000,0.0,0.0
2018-04-26 00:00:00-04:00,6.599999904632568,6.730000019073486,6.5,6.650000095367432,163500,0.0,0.0
2018-04-27 00:00:00-04:00,6.699999809265137,6.699999809265137,6.5,6.5,74600,0.0,0.0
2018-04-30 00:00:00-04:00,6.5,6.699999809265137,6.449999809265137,6.650000095367432,223900,0.0,0.0
2018-05-01 00:00:00-04:00,6.599999904632568,6.699999809265137,6.5,6.599999904632568,227600,0.0,0.0
2018-05-02 00:00:00-04:00,6.599999904632568,6.75,6.550000190734863,6.699999809265137,187400,0.0,0.0
2018-05-03 00:00:00-04:00,6.699999809265137,6.800000190734863,6.650000095367432,6.699999809265137,189100,0.0,0.0
2018-05-04 00:00:00-04:00,6.650000095367432,6.800000190734863,6.599999904632568,6.650000095367432,144200,0.0,0.0
2018-05-07 00:00:00-04:00,6.650000095367432,6.800000190734863,6.550000190734863,6.599999904632568,281000,0.0,0.0
2018-05-08 00:00:00-04:00,6.550000190734863,6.650000095367432,6.449999809265137,6.5,260800,0.0,0.0
2018-05-09 00:00:00-04:00,6.050000190734863,6.550000190734863,6.0,6.5,161100,0.0,0.0
2018-05-10 00:00:00-04:00,6.5,6.599999904632568,6.300000190734863,6.349999904632568,127700,0.0,0.0
2018-05-11 00:00:00-04:00,6.400000095367432,6.449999809265137,6.349999904632568,6.400000095367432,219900,0.0,0.0
2018-05-14 00:00:00-04:00,6.400000095367432,6.480000019073486,6.25,6.25,163400,0.0,0.0
2018-05-15 00:00:00-04:00,6.199999809265137,6.329999923706055,6.199999809265137,6.25,254800,0.0,0.0
2018-05-16 00:00:00-04:00,6.400000095367432,6.550000190734863,6.349999904632568,6.550000190734863,310100,0.0,0.0
2018-05-17 00:00:00-04:00,6.5,6.599999904632568,6.400000095367432,6.550000190734863,215800,0.0,0.0
2018-05-18 00:00:00-04:00,6.550000190734863,6.650000095367432,6.5,6.599999904632568,134800,0.0,0.0
2018-05-21 00:00:00-04:00,6.599999904632568,6.679999828338623,6.550000190734863,6.599999904632568,115100,0.0,0.0
2018-05-22 00:00:00-04:00,6.550000190734863,6.550000190734863,6.400000095367432,6.449999809265137,248800,0.0,0.0
2018-05-23 00:00:00-04:00,6.400000095367432,6.75,6.400000095367432,6.699999809265137,223100,0.0,0.0
2018-05-24 00:00:00-04:00,6.650000095367432,6.75,6.599999904632568,6.650000095367432,201600,0.0,0.0
2018-05-25 00:00:00-04:00,6.699999809265137,6.699999809265137,6.550000190734863,6.599999904632568,101200,0.0,0.0
2018-05-29 00:00:00-04:00,6.550000190734863,6.599999904632568,6.400000095367432,6.550000190734863,225600,0.0,0.0
2018-05-30 00:00:00-04:00,6.599999904632568,6.800000190734863,6.599999904632568,6.75,272100,0.0,0.0
2018-05-31 00:00:00-04:00,6.800000190734863,6.849999904632568,6.730000019073486,6.800000190734863,168900,0.0,0.0
2018-06-01 00:00:00-04:00,6.800000190734863,7.300000190734863,6.75,7.300000190734863,613200,0.0,0.0
2018-06-04 00:00:00-04:00,7.300000190734863,7.699999809265137,7.300000190734863,7.699999809265137,523900,0.0,0.0
2018-06-05 00:00:00-04:00,7.699999809265137,7.800000190734863,7.53000020980835,7.699999809265137,226800,0.0,0.0
2018-06-06 00:00:00-04:00,7.75,7.949999809265137,7.650000095367432,7.900000095367432,272100,0.0,0.0
2018-06-07 00:00:00-04:00,7.900000095367432,7.900000095367432,7.75,7.849999904632568,132300,0.0,0.0
2018-06-08 00:00:00-04:00,7.800000190734863,7.849999904632568,7.75,7.800000190734863,133100,0.0,0.0
2018-06-11 00:00:00-04:00,7.849999904632568,7.849999904632568,7.699999809265137,7.800000190734863,138000,0.0,0.0
2018-06-12 00:00:00-04:00,7.800000190734863,7.849999904632568,7.75,7.800000190734863,88200,0.0,0.0
2018-06-13 00:00:00-04:00,7.849999904632568,7.980000019073486,7.78000020980835,7.900000095367432,228200,0.0,0.0
2018-06-14 00:00:00-04:00,7.900000095367432,8.0,7.829999923706055,8.0,242900,0.0,0.0
2018-06-15 00:00:00-04:00,7.949999809265137,7.949999809265137,7.849999904632568,7.900000095367432,201700,0.0,0.0
2018-06-18 00:00:00-04:00,7.849999904632568,8.0,7.75,7.949999809265137,151500,0.0,0.0
2018-06-19 00:00:00-04:00,7.949999809265137,7.949999809265137,7.849999904632568,7.900000095367432,159800,0.0,0.0
2018-06-20 00:00:00-04:00,7.900000095367432,8.0,7.849999904632568,8.0,117200,0.0,0.0
2018-06-21 00:00:00-04:00,7.949999809265137,7.980000019073486,7.800000190734863,7.900000095367432,198900,0.0,0.0
2018-06-22 00:00:00-04:00,8.0,8.0,7.699999809265137,8.0,387200,0.0,0.0
2018-06-25 00:00:00-04:00,7.949999809265137,7.949999809265137,7.599999904632568,7.699999809265137,164600,0.0,0.0
2018-06-26 00:00:00-04:00,7.699999809265137,8.0,7.650000095367432,7.949999809265137,165100,0.0,0.0
2018-06-27 00:00:00-04:00,7.949999809265137,7.949999809265137,7.75,7.75,98500,0.0,0.0
2018-06-28 00:00:00-04:00,7.699999809265137,7.75,7.650000095367432,7.75,69500,0.0,0.0
2018-06-29 00:00:00-04:00,7.75,7.800000190734863,7.679999828338623,7.800000190734863,109300,0.0,0.0
2018-07-02 00:00:00-04:00,7.75,7.800000190734863,7.650000095367432,7.800000190734863,72700,0.0,0.0
2018-07-03 00:00:00-04:00,7.75,7.800000190734863,7.699999809265137,7.800000190734863,51600,0.0,0.0
2018-07-05 00:00:00-04:00,7.849999904632568,7.849999904632568,7.650000095367432,7.75,92200,0.0,0.0
2018-07-06 00:00:00-04:00,7.699999809265137,7.800000190734863,7.699999809265137,7.75,57500,0.0,0.0
2018-07-09 00:00:00-04:00,7.75,7.75,7.650000095367432,7.650000095367432,76200,0.0,0.0
2018-07-10 00:00:00-04:00,7.699999809265137,7.900000095367432,7.400000095367432,7.849999904632568,149000,0.0,0.0
2018-07-11 00:00:00-04:00,7.800000190734863,7.980000019073486,7.75,7.800000190734863,105100,0.0,0.0
2018-07-12 00:00:00-04:00,7.800000190734863,7.949999809265137,7.800000190734863,7.900000095367432,58500,0.0,0.0
2018-07-13 00:00:00-04:00,7.949999809265137,8.0,7.800000190734863,7.849999904632568,153800,0.0,0.0
2018-07-16 00:00:00-04:00,7.849999904632568,7.849999904632568,7.650000095367432,7.699999809265137,88700,0.0,0.0
2018-07-17 00:00:00-04:00,7.699999809265137,7.699999809265137,7.550000190734863,7.650000095367432,92500,0.0,0.0
2018-07-18 00:00:00-04:00,7.599999904632568,7.690000057220459,7.550000190734863,7.599999904632568,64600,0.0,0.0
2018-07-19 00:00:00-04:00,7.599999904632568,7.699999809265137,7.550000190734863,7.650000095367432,53000,0.0,0.0
2018-07-20 00:00:00-04:00,7.599999904632568,7.800000190734863,7.550000190734863,7.800000190734863,95700,0.0,0.0
2018-07-23 00:00:00-04:00,7.75,7.760000228881836,7.550000190734863,7.599999904632568,105700,0.0,0.0
2018-07-24 00:00:00-04:00,7.599999904632568,7.75,7.349999904632568,7.449999809265137,158800,0.0,0.0
2018-07-25 00:00:00-04:00,7.449999809265137,7.650000095367432,6.900000095367432,7.099999904632568,632200,0.0,0.0
2018-07-26 00:00:00-04:00,7.150000095367432,7.380000114440918,7.099999904632568,7.150000095367432,259500,0.0,0.0
2018-07-27 00:00:00-04:00,7.150000095367432,7.150000095367432,7.03000020980835,7.050000190734863,145500,0.0,0.0
2018-07-30 00:00:00-04:00,7.0,7.099999904632568,7.0,7.0,149400,0.0,0.0
2018-07-31 00:00:00-04:00,7.0,7.099999904632568,6.949999809265137,7.050000190734863,369400,0.0,0.0
2018-08-01 00:00:00-04:00,7.050000190734863,7.099999904632568,6.949999809265137,7.0,200400,0.0,0.0
2018-08-02 00:00:00-04:00,7.0,7.079999923706055,6.949999809265137,7.0,144700,0.0,0.0
2018-08-03 00:00:00-04:00,6.949999809265137,7.0,6.78000020980835,6.949999809265137,249700,0.0,0.0
2018-08-06 00:00:00-04:00,6.949999809265137,7.0,6.849999904632568,6.900000095367432,152100,0.0,0.0
2018-08-07 00:00:00-04:00,6.949999809265137,7.03000020980835,6.849999904632568,6.900000095367432,242300,0.0,0.0
2018-08-08 00:00:00-04:00,7.050000190734863,7.050000190734863,6.199999809265137,6.699999809265137,489000,0.0,0.0
2018-08-09 00:00:00-04:00,6.75,7.0,6.650000095367432,6.849999904632568,260700,0.0,0.0
2018-08-10 00:00:00-04:00,6.75,6.900000095367432,6.75,6.849999904632568,221500,0.0,0.0
2018-08-13 00:00:00-04:00,6.849999904632568,7.03000020980835,6.75,6.949999809265137,345400,0.0,0.0
2018-08-14 00:00:00-04:00,7.0,7.150000095367432,6.980000019073486,7.150000095367432,282500,0.0,0.0
2018-08-15 00:00:00-04:00,7.150000095367432,7.199999809265137,6.949999809265137,6.949999809265137,216300,0.0,0.0
2018-08-16 00:00:00-04:00,6.949999809265137,7.0,6.800000190734863,6.849999904632568,293500,0.0,0.0
2018-08-17 00:00:00-04:00,7.0,7.150000095367432,6.800000190734863,6.900000095367432,300700,0.0,0.0
2018-08-20 00:00:00-04:00,6.949999809265137,7.0,6.949999809265137,7.0,124900,0.0,0.0
2018-08-21 00:00:00-04:00,7.199999809265137,7.400000095367432,7.099999904632568,7.349999904632568,410100,0.0,0.0
2018-08-22 00:00:00-04:00,7.300000190734863,7.550000190734863,7.300000190734863,7.550000190734863,202900,0.0,0.0
2018-08-23 00:00:00-04:00,7.449999809265137,7.550000190734863,7.429999828338623,7.550000190734863,98400,0.0,0.0
2018-08-24 00:00:00-04:00,7.550000190734863,7.650000095367432,7.5,7.599999904632568,131900,0.0,0.0
2018-08-27 00:00:00-04:00,7.599999904632568,7.650000095367432,7.53000020980835,7.599999904632568,187600,0.0,0.0
2018-08-28 00:00:00-04:00,7.650000095367432,7.699999809265137,7.5,7.650000095367432,130000,0.0,0.0
2018-08-29 00:00:00-04:00,7.599999904632568,7.699999809265137,7.599999904632568,7.699999809265137,104600,0.0,0.0
2018-08-30 00:00:00-04:00,7.699999809265137,7.800000190734863,7.599999904632568,7.699999809265137,161200,0.0,0.0
2018-08-31 00:00:00-04:00,7.650000095367432,7.800000190734863,7.650000095367432,7.800000190734863,101700,0.0,0.0
2018-09-04 00:00:00-04:00,7.75,7.949999809265137,7.650000095367432,7.949999809265137,213100,0.0,0.0
2018-09-05 00:00:00-04:00,7.900000095367432,8.0,7.800000190734863,7.949999809265137,197200,0.0,0.0
2018-09-06 00:00:00-04:00,8.0,8.0,7.900000095367432,7.949999809265137,184300,0.0,0.0
2018-09-07 00:00:00-04:00,7.949999809265137,8.300000190734863,7.900000095367432,8.25,342700,0.0,0.0
2018-09-10 00:00:00-04:00,8.300000190734863,8.399999618530273,8.199999809265137,8.25,110700,0.0,0.0
2018-09-11 00:00:00-04:00,8.199999809265137,8.550000190734863,8.149999618530273,8.5,323700,0.0,0.0
2018-09-12 00:00:00-04:00,8.5,8.899999618530273,8.449999809265137,8.899999618530273,594800,0.0,0.0
2018-09-13 00:00:00-04:00,8.899999618530273,9.050000190734863,8.850000381469727,8.899999618530273,433600,0.0,0.0
2018-09-14 00:00:00-04:00,8.949999809265137,9.0,8.399999618530273,8.449999809265137,160000,0.0,0.0
2018-09-17 00:00:00-04:00,8.399999618530273,8.550000190734863,8.300000190734863,8.449999809265137,191100,0.0,0.0
2018-09-18 00:00:00-04:00,8.449999809265137,8.5,8.300000190734863,8.300000190734863,273200,0.0,0.0
2018-09-19 00:00:00-04:00,8.350000381469727,8.350000381469727,8.199999809265137,8.199999809265137,130200,0.0,0.0
2018-09-20 00:00:00-04:00,8.199999809265137,8.25,8.149999618530273,8.149999618530273,187300,0.0,0.0
2018-09-21 00:00:00-04:00,8.100000381469727,8.25,8.100000381469727,8.149999618530273,250700,0.0,0.0
2018-09-24 00:00:00-04:00,8.100000381469727,8.199999809265137,8.050000190734863,8.100000381469727,197000,0.0,0.0
2018-09-25 00:00:00-04:00,8.100000381469727,8.25,8.100000381469727,8.149999618530273,128700,0.0,0.0
2018-09-26 00:00:00-04:00,8.149999618530273,8.149999618530273,7.900000095367432,7.949999809265137,91000,0.0,0.0
2018-09-27 00:00:00-04:00,7.949999809265137,8.100000381469727,7.949999809265137,8.050000190734863,95600,0.0,0.0
2018-09-28 00:00:00-04:00,8.0,8.15999984741211,8.0,8.100000381469727,175300,0.0,0.0
2018-10-01 00:00:00-04:00,8.100000381469727,8.149999618530273,7.980000019073486,8.0,122300,0.0,0.0
2018-10-02 00:00:00-04:00,7.980000019073486,8.020000457763672,7.690000057220459,7.800000190734863,248900,0.0,0.0
2018-10-03 00:00:00-04:00,7.840000152587891,7.920000076293945,7.760000228881836,7.840000152587891,218800,0.0,0.0
2018-10-04 00:00:00-04:00,7.789999961853027,7.840000152587891,7.630000114440918,7.650000095367432,159100,0.0,0.0
2018-10-05 00:00:00-04:00,7.619999885559082,7.71999979019165,7.400000095367432,7.489999771118164,168100,0.0,0.0
2018-10-08 00:00:00-04:00,7.489999771118164,7.5,7.400000095367432,7.429999828338623,89200,0.0,0.0
2018-10-09 00:00:00-04:00,7.360000133514404,7.5,7.300000190734863,7.360000133514404,129100,0.0,0.0
2018-10-10 00:00:00-04:00,7.340000152587891,7.429999828338623,7.230000019073486,7.230000019073486,152600,0.0,0.0
2018-10-11 00:00:00-04:00,7.199999809265137,7.300000190734863,7.119999885559082,7.179999828338623,159000,0.0,0.0
2018-10-12 00:00:00-04:00,7.300000190734863,7.300000190734863,7.099999904632568,7.190000057220459,205600,0.0,0.0
2018-10-15 00:00:00-04:00,7.190000057220459,7.340000152587891,7.119999885559082,7.260000228881836,92800,0.0,0.0
2018-10-16 00:00:00-04:00,7.28000020980835,7.480000019073486,7.25,7.460000038146973,157800,0.0,0.0
2018-10-17 00:00:00-04:00,7.440000057220459,7.53000020980835,7.300000190734863,7.449999809265137,226000,0.0,0.0
2018-10-18 00:00:00-04:00,7.440000057220459,7.590000152587891,7.28000020980835,7.369999885559082,97200,0.0,0.0
2018-10-19 00:00:00-04:00,7.360000133514404,7.449999809265137,7.269999980926514,7.300000190734863,174800,0.0,0.0
2018-10-22 00:00:00-04:00,7.300000190734863,7.440000057220459,7.239999771118164,7.309999942779541,136700,0.0,0.0
2018-10-23 00:00:00-04:00,7.210000038146973,7.400000095367432,7.110000133514404,7.300000190734863,125500,0.0,0.0
2018-10-24 00:00:00-04:00,7.260000228881836,7.420000076293945,7.03000020980835,7.050000190734863,306300,0.0,0.0
2018-10-25 00:00:00-04:00,7.110000133514404,7.25,7.090000152587891,7.210000038146973,173100,0.0,0.0
2018-10-26 00:00:00-04:00,7.130000114440918,7.199999809265137,6.980000019073486,7.090000152587891,184500,0.0,0.0
2018-10-29 00:00:00-04:00,7.190000057220459,7.25,7.019999980926514,7.110000133514404,124500,0.0,0.0
2018-10-30 00:00:00-04:00,7.110000133514404,7.360000133514404,7.070000171661377,7.340000152587891,210300,0.0,0.0
2018-10-31 00:00:00-04:00,7.340000152587891,7.409999847412109,7.260000228881836,7.300000190734863,280500,0.0,0.0
2018-11-01 00:00:00-04:00,7.329999923706055,7.480000019073486,7.329999923706055,7.409999847412109,202700,0.0,0.0
2018-11-02 00:00:00-04:00,7.400000095367432,7.519999980926514,7.400000095367432,7.420000076293945,172700,0.0,0.0
2018-11-05 00:00:00-05:00,7.420000076293945,7.590000152587891,7.349999904632568,7.519999980926514,382500,0.0,0.0
2018-11-06 00:00:00-05:00,8.210000038146973,9.399999618530273,8.210000038146973,9.369999885559082,2187500,0.0,0.0
2018-11-07 00:00:00-05:00,9.399999618530273,9.800000190734863,9.390000343322754,9.789999961853027,1563300,0.0,0.0
2018-11-08 00:00:00-05:00,9.800000190734863,10.0,9.720000267028809,10.0,1046800,0.0,0.0
2018-11-09 00:00:00-05:00,9.949999809265137,10.399999618530273,9.869999885559082,10.260000228881836,1075900,0.0,0.0
2018-11-12 00:00:00-05:00,10.399999618530273,10.399999618530273,10.149999618530273,10.15999984741211,658300,0.0,0.0
2018-11-13 00:00:00-05:00,10.15999984741211,10.600000381469727,10.15999984741211,10.369999885559082,768800,0.0,0.0
2018-11-14 00:00:00-05:00,10.390000343322754,10.649999618530273,10.369999885559082,10.5,429100,0.0,0.0
2018-11-15 00:00:00-05:00,10.34000015258789,10.729999542236328,10.1899995803833,10.720000267028809,542900,0.0,0.0
2018-11-16 00:00:00-05:00,10.649999618530273,10.699999809265137,10.40999984741211,10.609999656677246,401300,0.0,0.0
2018-11-19 00:00:00-05:00,10.710000038146973,10.75,10.510000228881836,10.600000381469727,469900,0.0,0.0
2018-11-20 00:00:00-05:00,10.449999809265137,10.609999656677246,10.130000114440918,10.1899995803833,475700,0.0,0.0
2018-11-21 00:00:00-05:00,10.239999771118164,10.359999656677246,9.970000267028809,10.020000457763672,322600,0.0,0.0
2018-11-23 00:00:00-05:00,9.920000076293945,10.15999984741211,9.779999732971191,9.949999809265137,172300,0.0,0.0
2018-11-26 00:00:00-05:00,9.989999771118164,10.069999694824219,9.819999694824219,9.880000114440918,295700,0.0,0.0
2018-11-27 00:00:00-05:00,9.829999923706055,9.9399995803833,9.680000305175781,9.800000190734863,252200,0.0,0.0
2018-11-28 00:00:00-05:00,9.850000381469727,10.079999923706055,9.710000038146973,10.050000190734863,351800,0.0,0.0
2018-11-29 00:00:00-05:00,10.039999961853027,10.109999656677246,9.720000267028809,9.770000457763672,251700,0.0,0.0
2018-11-30 00:00:00-05:00,9.779999732971191,9.779999732971191,9.460000038146973,9.649999618530273,323600,0.0,0.0
2018-12-03 00:00:00-05:00,9.710000038146973,9.8100004196167,9.640000343322754,9.75,280400,0.0,0.0
2018-12-04 00:00:00-05:00,9.680000305175781,9.75,9.59000015258789,9.609999656677246,383300,0.0,0.0
2018-12-06 00:00:00-05:00,9.550000190734863,9.800000190734863,9.460000038146973,9.760000228881836,670100,0.0,0.0
2018-12-07 00:00:00-05:00,9.789999961853027,9.829999923706055,9.420000076293945,9.420000076293945,316300,0.0,0.0
2018-12-10 00:00:00-05:00,9.420000076293945,9.460000038146973,9.149999618530273,9.289999961853027,410500,0.0,0.0
2018-12-11 00:00:00-05:00,9.460000038146973,9.460000038146973,9.199999809265137,9.270000457763672,178400,0.0,0.0
2018-12-12 00:00:00-05:00,9.390000343322754,9.399999618530273,9.260000228881836,9.390000343322754,433600,0.0,0.0
2018-12-13 00:00:00-05:00,9.5,9.5,9.229999542236328,9.329999923706055,267300,0.0,0.0
2018-12-14 00:00:00-05:00,9.260000228881836,9.470000267028809,9.239999771118164,9.300000190734863,425100,0.0,0.0
2018-12-17 00:00:00-05:00,9.3100004196167,9.3100004196167,8.829999923706055,8.899999618530273,612800,0.0,0.0
2018-12-18 00:00:00-05:00,9.0,9.229999542236328,8.960000038146973,9.039999961853027,382500,0.0,0.0
2018-12-19 00:00:00-05:00,9.069999694824219,9.199999809265137,8.84000015258789,8.920000076293945,707100,0.0,0.0
2018-12-20 00:00:00-05:00,8.859999656677246,9.0,8.760000228881836,8.859999656677246,382300,0.0,0.0
2018-12-21 00:00:00-05:00,8.850000381469727,8.920000076293945,8.619999885559082,8.630000114440918,347500,0.0,0.0
2018-12-24 00:00:00-05:00,8.5,8.600000381469727,8.350000381469727,8.369999885559082,146400,0.0,0.0
2018-12-26 00:00:00-05:00,8.390000343322754,8.710000038146973,8.390000343322754,8.6899995803833,181500,0.0,0.0
2018-12-27 00:00:00-05:00,8.5600004196167,8.739999771118164,8.489999771118164,8.729999542236328,145200,0.0,0.0
2018-12-28 00:00:00-05:00,8.739999771118164,9.640000343322754,8.680000305175781,9.300000190734863,1666400,0.0,0.0
2018-12-31 00:00:00-05:00,9.319999694824219,9.75,9.289999961853027,9.75,661100,0.0,0.0
2019-01-02 00:00:00-05:00,9.600000381469727,9.600000381469727,9.34000015258789,9.59000015258789,415800,0.0,0.0
2019-01-03 00:00:00-05:00,9.460000038146973,9.460000038146973,9.029999732971191,9.300000190734863,405200,0.0,0.0
2019-01-04 00:00:00-05:00,9.4399995803833,9.850000381469727,9.279999732971191,9.729999542236328,362300,0.0,0.0
2019-01-07 00:00:00-05:00,9.739999771118164,9.90999984741211,9.640000343322754,9.770000457763672,497900,0.0,0.0
2019-01-08 00:00:00-05:00,9.84000015258789,9.880000114440918,9.640000343322754,9.6899995803833,211300,0.0,0.0
2019-01-09 00:00:00-05:00,9.680000305175781,9.720000267028809,9.520000457763672,9.600000381469727,276300,0.0,0.0
2019-01-10 00:00:00-05:00,9.5600004196167,9.619999885559082,9.220000267028809,9.25,339200,0.0,0.0
2019-01-11 00:00:00-05:00,9.1899995803833,9.229999542236328,8.960000038146973,9.020000457763672,367900,0.0,0.0
2019-01-14 00:00:00-05:00,8.970000267028809,9.050000190734863,8.789999961853027,8.880000114440918,366500,0.0,0.0
2019-01-15 00:00:00-05:00,8.890000343322754,9.630000114440918,8.8100004196167,9.529999732971191,1076800,0.0,0.0
2019-01-16 00:00:00-05:00,9.609999656677246,9.800000190734863,9.539999961853027,9.779999732971191,477200,0.0,0.0
2019-01-17 00:00:00-05:00,9.789999961853027,10.180000305175781,9.729999542236328,10.050000190734863,422200,0.0,0.0
2019-01-18 00:00:00-05:00,10.079999923706055,10.210000038146973,10.0600004196167,10.1899995803833,386900,0.0,0.0
2019-01-22 00:00:00-05:00,10.15999984741211,10.270000457763672,10.079999923706055,10.1899995803833,349800,0.0,0.0
2019-01-23 00:00:00-05:00,10.220000267028809,10.579999923706055,10.220000267028809,10.550000190734863,423100,0.0,0.0
2019-01-24 00:00:00-05:00,10.600000381469727,10.819999694824219,10.479999542236328,10.75,425400,0.0,0.0
2019-01-25 00:00:00-05:00,10.800000190734863,11.199999809265137,10.800000190734863,11.109999656677246,548100,0.0,0.0
2019-01-28 00:00:00-05:00,10.989999771118164,11.079999923706055,10.829999923706055,10.9399995803833,247200,0.0,0.0
2019-01-29 00:00:00-05:00,10.960000038146973,11.0,10.619999885559082,10.779999732971191,225900,0.0,0.0
2019-01-30 00:00:00-05:00,10.779999732971191,10.890000343322754,10.5600004196167,10.720000267028809,183400,0.0,0.0
2019-01-31 00:00:00-05:00,10.670000076293945,10.899999618530273,10.670000076293945,10.880000114440918,277700,0.0,0.0
2019-02-01 00:00:00-05:00,10.850000381469727,11.050000190734863,10.8100004196167,11.050000190734863,200900,0.0,0.0
2019-02-04 00:00:00-05:00,11.079999923706055,11.300000190734863,10.90999984741211,11.050000190734863,224900,0.0,0.0
2019-02-05 00:00:00-05:00,11.100000381469727,11.109999656677246,10.869999885559082,10.880000114440918,354900,0.0,0.0
2019-02-06 00:00:00-05:00,9.880000114440918,9.880000114440918,7.699999809265137,7.940000057220459,2847200,0.0,0.0
2019-02-07 00:00:00-05:00,7.940000057220459,7.940000057220459,7.5,7.519999980926514,1094200,0.0,0.0
2019-02-08 00:00:00-05:00,7.5,7.659999847412109,7.400000095367432,7.400000095367432,952000,0.0,0.0
2019-02-11 00:00:00-05:00,7.409999847412109,7.579999923706055,7.349999904632568,7.480000019073486,648200,0.0,0.0
2019-02-12 00:00:00-05:00,7.730000019073486,8.069999694824219,7.730000019073486,7.760000228881836,850500,0.0,0.0
2019-02-13 00:00:00-05:00,7.909999847412109,8.069999694824219,7.809999942779541,7.829999923706055,712400,0.0,0.0
2019-02-14 00:00:00-05:00,7.929999828338623,8.130000114440918,7.840000152587891,8.029999732971191,839500,0.0,0.0
2019-02-15 00:00:00-05:00,8.0600004196167,8.279999732971191,8.039999961853027,8.199999809265137,431800,0.0,0.0
2019-02-19 00:00:00-05:00,8.350000381469727,8.460000038146973,8.229999542236328,8.270000457763672,422300,0.0,0.0
2019-02-20 00:00:00-05:00,8.260000228881836,8.350000381469727,8.100000381469727,8.119999885559082,312500,0.0,0.0
2019-02-21 00:00:00-05:00,8.050000190734863,8.5600004196167,8.029999732971191,8.470000267028809,726100,0.0,0.0
2019-02-22 00:00:00-05:00,8.489999771118164,8.699999809265137,8.350000381469727,8.489999771118164,405200,0.0,0.0
2019-02-25 00:00:00-05:00,8.489999771118164,8.59000015258789,8.40999984741211,8.470000267028809,263100,0.0,0.0
2019-02-26 00:00:00-05:00,8.430000305175781,8.460000038146973,8.010000228881836,8.239999771118164,633200,0.0,0.0
2019-02-27 00:00:00-05:00,8.239999771118164,8.430000305175781,8.15999984741211,8.319999694824219,356600,0.0,0.0
2019-02-28 00:00:00-05:00,8.329999923706055,8.380000114440918,8.199999809265137,8.199999809265137,311500,0.0,0.0
2019-03-01 00:00:00-05:00,8.199999809265137,8.260000228881836,8.100000381469727,8.15999984741211,368300,0.0,0.0
2019-03-04 00:00:00-05:00,8.229999542236328,8.279999732971191,8.100000381469727,8.140000343322754,417800,0.0,0.0
2019-03-05 00:00:00-05:00,8.180000305175781,8.270000457763672,8.09000015258789,8.149999618530273,207600,0.0,0.0
2019-03-06 00:00:00-05:00,8.15999984741211,8.15999984741211,7.889999866485596,7.909999847412109,463600,0.0,0.0
2019-03-07 00:00:00-05:00,7.869999885559082,7.929999828338623,7.769999980926514,7.809999942779541,351800,0.0,0.0
2019-03-08 00:00:00-05:00,7.75,7.829999923706055,7.699999809265137,7.769999980926514,503300,0.0,0.0
2019-03-11 00:00:00-04:00,7.809999942779541,8.029999732971191,7.800000190734863,7.96999979019165,227100,0.0,0.0
2019-03-12 00:00:00-04:00,7.96999979019165,8.079999923706055,7.860000133514404,7.940000057220459,202400,0.0,0.0
2019-03-13 00:00:00-04:00,7.960000038146973,8.010000228881836,7.800000190734863,7.869999885559082,161700,0.0,0.0
2019-03-14 00:00:00-04:00,7.900000095367432,7.900000095367432,7.760000228881836,7.849999904632568,155200,0.0,0.0
2019-03-15 00:00:00-04:00,7.929999828338623,8.079999923706055,7.849999904632568,8.039999961853027,441900,0.0,0.0
2019-03-18 00:00:00-04:00,8.039999961853027,8.180000305175781,8.010000228881836,8.149999618530273,253300,0.0,0.0
2019-03-19 00:00:00-04:00,8.199999809265137,8.199999809265137,7.940000057220459,7.980000019073486,194100,0.0,0.0
2019-03-20 00:00:00-04:00,7.980000019073486,8.029999732971191,7.820000171661377,7.909999847412109,194100,0.0,0.0
2019-03-21 00:00:00-04:00,7.909999847412109,8.039999961853027,7.900000095367432,7.989999771118164,173200,0.0,0.0
2019-03-22 00:00:00-04:00,7.909999847412109,8.010000228881836,7.639999866485596,7.699999809265137,494200,0.0,0.0
2019-03-25 00:00:00-04:00,7.670000076293945,7.889999866485596,7.670000076293945,7.75,386400,0.0,0.0
2019-03-26 00:00:00-04:00,7.75,7.860000133514404,7.599999904632568,7.650000095367432,396500,0.0,0.0
2019-03-27 00:00:00-04:00,7.639999866485596,7.760000228881836,7.590000152587891,7.71999979019165,170200,0.0,0.0
2019-03-28 00:00:00-04:00,7.730000019073486,7.820000171661377,7.650000095367432,7.71999979019165,132000,0.0,0.0
2019-03-29 00:00:00-04:00,7.78000020980835,7.809999942779541,7.409999847412109,7.699999809265137,908300,0.0,0.0
2019-04-01 00:00:00-04:00,7.75,7.880000114440918,7.71999979019165,7.849999904632568,282200,0.0,0.0
2019-04-02 00:00:00-04:00,7.849999904632568,7.920000076293945,7.78000020980835,7.78000020980835,156100,0.0,0.0
2019-04-03 00:00:00-04:00,7.849999904632568,8.020000457763672,7.800000190734863,7.869999885559082,260500,0.0,0.0
2019-04-04 00:00:00-04:00,7.849999904632568,7.889999866485596,7.78000020980835,7.869999885559082,138000,0.0,0.0
2019-04-05 00:00:00-04:00,7.869999885559082,7.869999885559082,7.670000076293945,7.739999771118164,198600,0.0,0.0
2019-04-08 00:00:00-04:00,7.699999809265137,7.769999980926514,7.650000095367432,7.760000228881836,182300,0.0,0.0
2019-04-09 00:00:00-04:00,7.739999771118164,7.989999771118164,7.699999809265137,7.900000095367432,289100,0.0,0.0
2019-04-10 00:00:00-04:00,7.179999828338623,7.349999904632568,6.889999866485596,7.070000171661377,843900,0.0,0.0
2019-04-11 00:00:00-04:00,7.110000133514404,7.130000114440918,6.820000171661377,6.840000152587891,605100,0.0,0.0
2019-04-12 00:00:00-04:00,6.860000133514404,6.980000019073486,6.829999923706055,6.889999866485596,510900,0.0,0.0
2019-04-15 00:00:00-04:00,6.900000095367432,6.940000057220459,6.650000095367432,6.679999828338623,412700,0.0,0.0
2019-04-16 00:00:00-04:00,6.710000038146973,6.75,6.599999904632568,6.679999828338623,413100,0.0,0.0
2019-04-17 00:00:00-04:00,6.75,7.010000228881836,6.639999866485596,6.989999771118164,541500,0.0,0.0
2019-04-18 00:00:00-04:00,6.949999809265137,7.050000190734863,6.760000228881836,6.840000152587891,413500,0.0,0.0
2019-04-22 00:00:00-04:00,6.789999961853027,6.909999847412109,6.610000133514404,6.880000114440918,269400,0.0,0.0
2019-04-23 00:00:00-04:00,6.889999866485596,7.21999979019165,6.869999885559082,7.119999885559082,283100,0.0,0.0
2019-04-24 00:00:00-04:00,7.179999828338623,7.309999942779541,7.139999866485596,7.150000095367432,191400,0.0,0.0
2019-04-25 00:00:00-04:00,7.150000095367432,7.150000095367432,6.880000114440918,6.900000095367432,178900,0.0,0.0
2019-04-26 00:00:00-04:00,6.900000095367432,7.090000152587891,6.840000152587891,7.079999923706055,252300,0.0,0.0
2019-04-29 00:00:00-04:00,7.090000152587891,7.230000019073486,7.03000020980835,7.090000152587891,253100,0.0,0.0
2019-04-30 00:00:00-04:00,7.059999942779541,7.090000152587891,6.699999809265137,6.849999904632568,549500,0.0,0.0
2019-05-01 00:00:00-04:00,7.300000190734863,7.570000171661377,7.050000190734863,7.400000095367432,534900,0.0,0.0
2019-05-02 00:00:00-04:00,7.349999904632568,7.409999847412109,6.980000019073486,7.0,337700,0.0,0.0
2019-05-03 00:00:00-04:00,6.980000019073486,7.159999847412109,6.980000019073486,7.150000095367432,166100,0.0,0.0
2019-05-06 00:00:00-04:00,7.0,7.349999904632568,6.960000038146973,7.300000190734863,413400,0.0,0.0
2019-05-07 00:00:00-04:00,7.210000038146973,7.25,7.010000228881836,7.130000114440918,294700,0.0,0.0
2019-05-08 00:00:00-04:00,7.150000095367432,7.199999809265137,7.039999961853027,7.070000171661377,202900,0.0,0.0
2019-05-09 00:00:00-04:00,7.0,7.119999885559082,6.900000095367432,6.929999828338623,328400,0.0,0.0
2019-05-10 00:00:00-04:00,6.889999866485596,6.920000076293945,6.75,6.849999904632568,264900,0.0,0.0
2019-05-13 00:00:00-04:00,6.690000057220459,6.739999771118164,6.539999961853027,6.579999923706055,328500,0.0,0.0
2019-05-14 00:00:00-04:00,6.599999904632568,6.650000095367432,6.449999809265137,6.590000152587891,437000,0.0,0.0
2019-05-15 00:00:00-04:00,6.579999923706055,6.699999809265137,6.570000171661377,6.659999847412109,385200,0.0,0.0
2019-05-16 00:00:00-04:00,6.599999904632568,6.699999809265137,6.53000020980835,6.559999942779541,325600,0.0,0.0
2019-05-17 00:00:00-04:00,6.559999942779541,6.699999809265137,6.519999980926514,6.550000190734863,243200,0.0,0.0
2019-05-20 00:00:00-04:00,6.550000190734863,6.579999923706055,6.420000076293945,6.53000020980835,185800,0.0,0.0
2019-05-21 00:00:00-04:00,6.519999980926514,6.699999809265137,6.519999980926514,6.639999866485596,211400,0.0,0.0
2019-05-22 00:00:00-04:00,6.590000152587891,6.690000057220459,6.53000020980835,6.619999885559082,169600,0.0,0.0
2019-05-23 00:00:00-04:00,6.550000190734863,6.559999942779541,6.260000228881836,6.380000114440918,257300,0.0,0.0
2019-05-24 00:00:00-04:00,6.480000019073486,6.559999942779541,6.400000095367432,6.539999961853027,139000,0.0,0.0
2019-05-28 00:00:00-04:00,6.53000020980835,6.559999942779541,6.340000152587891,6.389999866485596,185200,0.0,0.0
2019-05-29 00:00:00-04:00,6.349999904632568,6.380000114440918,6.179999828338623,6.199999809265137,363500,0.0,0.0
2019-05-30 00:00:00-04:00,6.210000038146973,6.21999979019165,5.96999979019165,6.139999866485596,530300,0.0,0.0
2019-05-31 00:00:00-04:00,6.050000190734863,6.159999847412109,6.019999980926514,6.050000190734863,231300,0.0,0.0
2019-06-03 00:00:00-04:00,6.110000133514404,6.130000114440918,6.0,6.079999923706055,223500,0.0,0.0
2019-06-04 00:00:00-04:00,6.159999847412109,6.21999979019165,6.099999904632568,6.139999866485596,120200,0.0,0.0
2019-06-05 00:00:00-04:00,6.159999847412109,6.21999979019165,6.070000171661377,6.130000114440918,138300,0.0,0.0
2019-06-06 00:00:00-04:00,6.150000095367432,6.199999809265137,6.050000190734863,6.179999828338623,294600,0.0,0.0
2019-06-07 00:00:00-04:00,6.21999979019165,6.21999979019165,6.130000114440918,6.139999866485596,157400,0.0,0.0
2019-06-10 00:00:00-04:00,6.139999866485596,6.260000228881836,6.090000152587891,6.150000095367432,129200,0.0,0.0
2019-06-11 00:00:00-04:00,6.190000057220459,6.21999979019165,6.050000190734863,6.070000171661377,158300,0.0,0.0
2019-06-12 00:00:00-04:00,6.070000171661377,6.170000076293945,6.070000171661377,6.139999866485596,207100,0.0,0.0
2019-06-13 00:00:00-04:00,6.170000076293945,6.329999923706055,6.150000095367432,6.239999771118164,160800,0.0,0.0
2019-06-14 00:00:00-04:00,6.210000038146973,6.28000020980835,6.139999866485596,6.199999809265137,152000,0.0,0.0
2019-06-17 00:00:00-04:00,6.210000038146973,6.260000228881836,6.079999923706055,6.170000076293945,186600,0.0,0.0
2019-06-18 00:00:00-04:00,6.210000038146973,6.489999771118164,6.190000057220459,6.409999847412109,268800,0.0,0.0
2019-06-19 00:00:00-04:00,6.409999847412109,6.449999809265137,6.329999923706055,6.409999847412109,208300,0.0,0.0
2019-06-20 00:00:00-04:00,6.510000228881836,6.690000057220459,6.489999771118164,6.510000228881836,179700,0.0,0.0
2019-06-21 00:00:00-04:00,6.480000019073486,6.590000152587891,6.46999979019165,6.570000171661377,324100,0.0,0.0
2019-06-24 00:00:00-04:00,6.53000020980835,6.590000152587891,6.5,6.539999961853027,205000,0.0,0.0
2019-06-25 00:00:00-04:00,6.539999961853027,6.650000095367432,6.5,6.559999942779541,261300,0.0,0.0
2019-06-26 00:00:00-04:00,6.570000171661377,6.690000057220459,6.460000038146973,6.489999771118164,207100,0.0,0.0
2019-06-27 00:00:00-04:00,6.53000020980835,6.599999904632568,6.460000038146973,6.570000171661377,207900,0.0,0.0
2019-06-28 00:00:00-04:00,6.570000171661377,6.599999904632568,6.480000019073486,6.559999942779541,502800,0.0,0.0
2019-07-01 00:00:00-04:00,6.639999866485596,6.690000057220459,6.559999942779541,6.639999866485596,188100,0.0,0.0
2019-07-02 00:00:00-04:00,6.610000133514404,6.650000095367432,6.5,6.559999942779541,279500,0.0,0.0
2019-07-03 00:00:00-04:00,6.559999942779541,6.710000038146973,6.539999961853027,6.670000076293945,131400,0.0,0.0
2019-07-05 00:00:00-04:00,6.599999904632568,6.699999809265137,6.53000020980835,6.670000076293945,109800,0.0,0.0
2019-07-08 00:00:00-04:00,6.650000095367432,6.699999809265137,6.599999904632568,6.630000114440918,149600,0.0,0.0
2019-07-09 00:00:00-04:00,6.599999904632568,6.670000076293945,6.570000171661377,6.630000114440918,132500,0.0,0.0
2019-07-10 00:00:00-04:00,6.650000095367432,6.920000076293945,6.650000095367432,6.840000152587891,225500,0.0,0.0
2019-07-11 00:00:00-04:00,6.849999904632568,6.929999828338623,6.730000019073486,6.820000171661377,226900,0.0,0.0
2019-07-12 00:00:00-04:00,6.809999942779541,7.010000228881836,6.809999942779541,7.0,255400,0.0,0.0
2019-07-15 00:00:00-04:00,7.050000190734863,7.050000190734863,6.809999942779541,6.880000114440918,301800,0.0,0.0
2019-07-16 00:00:00-04:00,6.880000114440918,7.099999904632568,6.869999885559082,6.989999771118164,188200,0.0,0.0
2019-07-17 00:00:00-04:00,7.03000020980835,7.130000114440918,6.929999828338623,6.949999809265137,232100,0.0,0.0
2019-07-18 00:00:00-04:00,6.929999828338623,7.059999942779541,6.889999866485596,7.039999961853027,152300,0.0,0.0
2019-07-19 00:00:00-04:00,7.0,7.090000152587891,6.96999979019165,7.03000020980835,229000,0.0,0.0
2019-07-22 00:00:00-04:00,7.0,7.150000095367432,6.96999979019165,7.130000114440918,220300,0.0,0.0
2019-07-23 00:00:00-04:00,7.239999771118164,7.739999771118164,7.190000057220459,7.300000190734863,738600,0.0,0.0
2019-07-24 00:00:00-04:00,6.420000076293945,6.599999904632568,6.199999809265137,6.289999961853027,1740300,0.0,0.0
2019-07-25 00:00:00-04:00,6.28000020980835,6.409999847412109,6.079999923706055,6.380000114440918,1095700,0.0,0.0
2019-07-26 00:00:00-04:00,6.340000152587891,6.659999847412109,6.340000152587891,6.519999980926514,702900,0.0,0.0
2019-07-29 00:00:00-04:00,6.510000228881836,6.53000020980835,6.349999904632568,6.409999847412109,320500,0.0,0.0
2019-07-30 00:00:00-04:00,6.360000133514404,6.360000133514404,6.159999847412109,6.239999771118164,333100,0.0,0.0
2019-07-31 00:00:00-04:00,6.340000152587891,6.519999980926514,6.25,6.28000020980835,520900,0.0,0.0
2019-08-01 00:00:00-04:00,6.300000190734863,6.429999828338623,6.230000019073486,6.389999866485596,573100,0.0,0.0
2019-08-02 00:00:00-04:00,6.389999866485596,6.440000057220459,6.150000095367432,6.150000095367432,422900,0.0,0.0
2019-08-05 00:00:00-04:00,6.03000020980835,6.110000133514404,5.849999904632568,5.960000038146973,554900,0.0,0.0
2019-08-06 00:00:00-04:00,6.0,6.099999904632568,5.900000095367432,6.0,442500,0.0,0.0
2019-08-07 00:00:00-04:00,5.920000076293945,5.949999809265137,5.809999942779541,5.889999866485596,241900,0.0,0.0
2019-08-08 00:00:00-04:00,5.989999771118164,6.090000152587891,5.920000076293945,6.059999942779541,257200,0.0,0.0
2019-08-09 00:00:00-04:00,6.019999980926514,6.059999942779541,5.860000133514404,5.860000133514404,213100,0.0,0.0
2019-08-12 00:00:00-04:00,5.840000152587891,5.840000152587891,5.690000057220459,5.690000057220459,220800,0.0,0.0
2019-08-13 00:00:00-04:00,5.690000057220459,5.929999828338623,5.679999828338623,5.880000114440918,253800,0.0,0.0
2019-08-14 00:00:00-04:00,5.78000020980835,5.829999923706055,5.639999866485596,5.670000076293945,280100,0.0,0.0
2019-08-15 00:00:00-04:00,5.670000076293945,5.71999979019165,5.599999904632568,5.650000095367432,588900,0.0,0.0
2019-08-16 00:00:00-04:00,5.679999828338623,5.820000171661377,5.670000076293945,5.789999961853027,211700,0.0,0.0
2019-08-19 00:00:00-04:00,5.880000114440918,5.960000038146973,5.599999904632568,5.960000038146973,219300,0.0,0.0
2019-08-20 00:00:00-04:00,5.949999809265137,5.980000019073486,5.900000095367432,5.929999828338623,133100,0.0,0.0
2019-08-21 00:00:00-04:00,5.989999771118164,6.119999885559082,5.980000019073486,6.070000171661377,305200,0.0,0.0
2019-08-22 00:00:00-04:00,6.090000152587891,6.139999866485596,6.010000228881836,6.010000228881836,138700,0.0,0.0
2019-08-23 00:00:00-04:00,5.960000038146973,6.0,5.789999961853027,5.920000076293945,362700,0.0,0.0
2019-08-26 00:00:00-04:00,5.980000019073486,6.010000228881836,5.849999904632568,5.900000095367432,207400,0.0,0.0
2019-08-27 00:00:00-04:00,5.929999828338623,5.929999828338623,5.800000190734863,5.849999904632568,149800,0.0,0.0
2019-08-28 00:00:00-04:00,5.909999847412109,6.099999904632568,5.849999904632568,6.010000228881836,249600,0.0,0.0
2019-08-29 00:00:00-04:00,6.039999961853027,6.059999942779541,5.900000095367432,5.989999771118164,194900,0.0,0.0
2019-08-30 00:00:00-04:00,5.989999771118164,6.019999980926514,5.940000057220459,6.010000228881836,192100,0.0,0.0
2019-09-03 00:00:00-04:00,5.96999979019165,5.989999771118164,5.820000171661377,5.820000171661377,203200,0.0,0.0
2019-09-04 00:00:00-04:00,5.860000133514404,5.869999885559082,5.800000190734863,5.829999923706055,160400,0.0,0.0
2019-09-05 00:00:00-04:00,5.900000095367432,6.070000171661377,5.829999923706055,5.980000019073486,205000,0.0,0.0
2019-09-06 00:00:00-04:00,5.96999979019165,6.03000020980835,5.940000057220459,6.010000228881836,270000,0.0,0.0
2019-09-09 00:00:00-04:00,5.989999771118164,6.150000095367432,5.989999771118164,6.110000133514404,248700,0.0,0.0
2019-09-10 00:00:00-04:00,6.070000171661377,6.420000076293945,6.010000228881836,6.340000152587891,213000,0.0,0.0
2019-09-11 00:00:00-04:00,6.360000133514404,6.579999923706055,6.269999980926514,6.5,389600,0.0,0.0
2019-09-12 00:00:00-04:00,6.489999771118164,6.489999771118164,6.349999904632568,6.409999847412109,239900,0.0,0.0
2019-09-13 00:00:00-04:00,6.400000095367432,6.579999923706055,6.400000095367432,6.510000228881836,195000,0.0,0.0
2019-09-16 00:00:00-04:00,6.460000038146973,6.599999904632568,6.389999866485596,6.510000228881836,219300,0.0,0.0
2019-09-17 00:00:00-04:00,6.440000057220459,6.539999961853027,6.329999923706055,6.409999847412109,243600,0.0,0.0
2019-09-18 00:00:00-04:00,6.409999847412109,6.420000076293945,6.139999866485596,6.179999828338623,205000,0.0,0.0
2019-09-19 00:00:00-04:00,6.190000057220459,6.289999961853027,6.099999904632568,6.130000114440918,103100,0.0,0.0
2019-09-20 00:00:00-04:00,6.119999885559082,6.289999961853027,6.079999923706055,6.179999828338623,289000,0.0,0.0
2019-09-23 00:00:00-04:00,6.159999847412109,6.28000020980835,6.110000133514404,6.25,237200,0.0,0.0
2019-09-24 00:00:00-04:00,6.269999980926514,6.289999961853027,6.099999904632568,6.170000076293945,157500,0.0,0.0
2019-09-25 00:00:00-04:00,6.190000057220459,6.320000171661377,6.150000095367432,6.289999961853027,73500,0.0,0.0
2019-09-26 00:00:00-04:00,6.239999771118164,6.389999866485596,6.230000019073486,6.340000152587891,206400,0.0,0.0
2019-09-27 00:00:00-04:00,6.340000152587891,6.570000171661377,6.340000152587891,6.449999809265137,142500,0.0,0.0
2019-09-30 00:00:00-04:00,6.429999828338623,6.519999980926514,6.380000114440918,6.389999866485596,196600,0.0,0.0
2019-10-01 00:00:00-04:00,6.360000133514404,6.53000020980835,6.079999923706055,6.099999904632568,200200,0.0,0.0
2019-10-02 00:00:00-04:00,6.059999942779541,6.21999979019165,5.980000019073486,6.190000057220459,261600,0.0,0.0
2019-10-03 00:00:00-04:00,6.159999847412109,6.199999809265137,5.980000019073486,6.179999828338623,233000,0.0,0.0
2019-10-04 00:00:00-04:00,6.190000057220459,6.360000133514404,6.179999828338623,6.349999904632568,137700,0.0,0.0
2019-10-07 00:00:00-04:00,6.320000171661377,6.510000228881836,6.300000190734863,6.46999979019165,158300,0.0,0.0
2019-10-08 00:00:00-04:00,6.369999885559082,6.429999828338623,6.25,6.300000190734863,130300,0.0,0.0
2019-10-09 00:00:00-04:00,6.349999904632568,6.429999828338623,6.239999771118164,6.369999885559082,173000,0.0,0.0
2019-10-10 00:00:00-04:00,6.369999885559082,6.429999828338623,6.269999980926514,6.349999904632568,163800,0.0,0.0
2019-10-11 00:00:00-04:00,6.440000057220459,6.650000095367432,6.440000057220459,6.460000038146973,180200,0.0,0.0
2019-10-14 00:00:00-04:00,6.460000038146973,6.579999923706055,6.389999866485596,6.570000171661377,127500,0.0,0.0
2019-10-15 00:00:00-04:00,6.519999980926514,6.789999961853027,6.519999980926514,6.730000019073486,150500,0.0,0.0
2019-10-16 00:00:00-04:00,6.710000038146973,6.820000171661377,6.710000038146973,6.760000228881836,107200,0.0,0.0
2019-10-17 00:00:00-04:00,6.820000171661377,6.960000038146973,6.800000190734863,6.880000114440918,174000,0.0,0.0
2019-10-18 00:00:00-04:00,6.869999885559082,6.980000019073486,6.840000152587891,6.980000019073486,118800,0.0,0.0
2019-10-21 00:00:00-04:00,7.0,7.21999979019165,6.989999771118164,7.130000114440918,283000,0.0,0.0
2019-10-22 00:00:00-04:00,7.099999904632568,7.25,7.070000171661377,7.179999828338623,308800,0.0,0.0
2019-10-23 00:00:00-04:00,7.46999979019165,7.889999866485596,7.369999885559082,7.579999923706055,845300,0.0,0.0
2019-10-24 00:00:00-04:00,7.650000095367432,7.869999885559082,7.449999809265137,7.650000095367432,525900,0.0,0.0
2019-10-25 00:00:00-04:00,7.610000133514404,7.820000171661377,7.610000133514404,7.739999771118164,670900,0.0,0.0
2019-10-28 00:00:00-04:00,7.699999809265137,8.0,7.670000076293945,7.949999809265137,509000,0.0,0.0
2019-10-29 00:00:00-04:00,7.920000076293945,7.920000076293945,7.679999828338623,7.75,184000,0.0,0.0
2019-10-30 00:00:00-04:00,7.739999771118164,7.739999771118164,7.5,7.559999942779541,247400,0.0,0.0
2019-10-31 00:00:00-04:00,7.710000038146973,7.809999942779541,7.5,7.650000095367432,449500,0.0,0.0
2019-11-01 00:00:00-04:00,7.690000057220459,7.75,7.590000152587891,7.619999885559082,162400,0.0,0.0
2019-11-04 00:00:00-05:00,7.639999866485596,7.699999809265137,7.489999771118164,7.53000020980835,201400,0.0,0.0
2019-11-05 00:00:00-05:00,7.539999961853027,7.639999866485596,7.480000019073486,7.489999771118164,140400,0.0,0.0
2019-11-06 00:00:00-05:00,7.480000019073486,7.590000152587891,7.389999866485596,7.5,196600,0.0,0.0
2019-11-07 00:00:00-05:00,7.559999942779541,7.650000095367432,7.449999809265137,7.5,130800,0.0,0.0
2019-11-08 00:00:00-05:00,7.460000038146973,7.579999923706055,7.460000038146973,7.539999961853027,164700,0.0,0.0
2019-11-11 00:00:00-05:00,7.489999771118164,7.889999866485596,7.389999866485596,7.690000057220459,275600,0.0,0.0
2019-11-12 00:00:00-05:00,7.690000057220459,7.78000020980835,7.639999866485596,7.739999771118164,195400,0.0,0.0
2019-11-13 00:00:00-05:00,7.639999866485596,7.739999771118164,7.599999904632568,7.650000095367432,140900,0.0,0.0
2019-11-14 00:00:00-05:00,7.599999904632568,7.760000228881836,7.599999904632568,7.75,389700,0.0,0.0
2019-11-15 00:00:00-05:00,7.75,7.78000020980835,7.630000114440918,7.730000019073486,384900,0.0,0.0
2019-11-18 00:00:00-05:00,7.71999979019165,7.800000190734863,7.559999942779541,7.659999847412109,183300,0.0,0.0
2019-11-19 00:00:00-05:00,7.679999828338623,7.75,7.599999904632568,7.710000038146973,178300,0.0,0.0
2019-11-20 00:00:00-05:00,7.650000095367432,7.710000038146973,7.579999923706055,7.650000095367432,207400,0.0,0.0
2019-11-21 00:00:00-05:00,7.579999923706055,7.639999866485596,7.5,7.550000190734863,284200,0.0,0.0
2019-11-22 00:00:00-05:00,7.579999923706055,7.599999904632568,7.46999979019165,7.579999923706055,179000,0.0,0.0
2019-11-25 00:00:00-05:00,7.590000152587891,7.769999980926514,7.590000152587891,7.760000228881836,234900,0.0,0.0
2019-11-26 00:00:00-05:00,7.78000020980835,8.109999656677246,7.730000019073486,7.889999866485596,657000,0.0,0.0
2019-11-27 00:00:00-05:00,7.949999809265137,8.010000228881836,7.820000171661377,7.840000152587891,172400,0.0,0.0
2019-11-29 00:00:00-05:00,7.789999961853027,7.800000190734863,7.670000076293945,7.75,121300,0.0,0.0
2019-12-02 00:00:00-05:00,7.769999980926514,7.800000190734863,7.690000057220459,7.800000190734863,182000,0.0,0.0
2019-12-03 00:00:00-05:00,7.699999809265137,7.699999809265137,7.5,7.539999961853027,190500,0.0,0.0
2019-12-04 00:00:00-05:00,7.559999942779541,7.570000171661377,7.429999828338623,7.449999809265137,154300,0.0,0.0
2019-12-05 00:00:00-05:00,7.429999828338623,7.460000038146973,7.400000095367432,7.420000076293945,120100,0.0,0.0
2019-12-06 00:00:00-05:00,7.440000057220459,7.550000190734863,7.420000076293945,7.5,207100,0.0,0.0
2019-12-09 00:00:00-05:00,7.480000019073486,7.570000171661377,7.409999847412109,7.53000020980835,137400,0.0,0.0
2019-12-10 00:00:00-05:00,7.510000228881836,7.670000076293945,7.5,7.659999847412109,118900,0.0,0.0
2019-12-11 00:00:00-05:00,7.659999847412109,7.960000038146973,7.650000095367432,7.920000076293945,187600,0.0,0.0
2019-12-12 00:00:00-05:00,7.880000114440918,8.0,7.809999942779541,7.940000057220459,170800,0.0,0.0
2019-12-13 00:00:00-05:00,7.949999809265137,8.100000381469727,7.909999847412109,8.050000190734863,267500,0.0,0.0
2019-12-16 00:00:00-05:00,8.100000381469727,8.229999542236328,8.069999694824219,8.09000015258789,264900,0.0,0.0
2019-12-17 00:00:00-05:00,8.100000381469727,8.100000381469727,7.889999866485596,7.960000038146973,144600,0.0,0.0
2019-12-18 00:00:00-05:00,8.010000228881836,8.010000228881836,7.900000095367432,7.960000038146973,143200,0.0,0.0
2019-12-19 00:00:00-05:00,7.989999771118164,8.020000457763672,7.900000095367432,7.980000019073486,105000,0.0,0.0
2019-12-20 00:00:00-05:00,7.989999771118164,7.989999771118164,7.760000228881836,7.960000038146973,244400,0.0,0.0
2019-12-23 00:00:00-05:00,7.900000095367432,7.909999847412109,7.78000020980835,7.909999847412109,129400,0.0,0.0
2019-12-24 00:00:00-05:00,7.920000076293945,7.989999771118164,7.889999866485596,7.909999847412109,51800,0.0,0.0
2019-12-26 00:00:00-05:00,7.900000095367432,7.989999771118164,7.889999866485596,7.949999809265137,81200,0.0,0.0
2019-12-27 00:00:00-05:00,8.0,8.140000343322754,7.920000076293945,8.039999961853027,150000,0.0,0.0
2019-12-30 00:00:00-05:00,8.050000190734863,8.220000267028809,7.949999809265137,8.199999809265137,172700,0.0,0.0
2019-12-31 00:00:00-05:00,8.15999984741211,8.25,7.980000019073486,8.0,158000,0.0,0.0
2020-01-02 00:00:00-05:00,8.0,8.140000343322754,7.880000114440918,7.989999771118164,124500,0.0,0.0
2020-01-03 00:00:00-05:00,7.900000095367432,8.010000228881836,7.769999980926514,7.929999828338623,109700,0.0,0.0
2020-01-06 00:00:00-05:00,7.869999885559082,8.149999618530273,7.800000190734863,8.109999656677246,177400,0.0,0.0
2020-01-07 00:00:00-05:00,8.140000343322754,8.210000038146973,8.0,8.0600004196167,131100,0.0,0.0
2020-01-08 00:00:00-05:00,8.029999732971191,8.199999809265137,8.010000228881836,8.15999984741211,144300,0.0,0.0
2020-01-09 00:00:00-05:00,8.1899995803833,8.300000190734863,8.140000343322754,8.279999732971191,156700,0.0,0.0
2020-01-10 00:00:00-05:00,8.279999732971191,8.300000190734863,8.180000305175781,8.270000457763672,179100,0.0,0.0
2020-01-13 00:00:00-05:00,8.289999961853027,8.350000381469727,8.149999618530273,8.350000381469727,133900,0.0,0.0
2020-01-14 00:00:00-05:00,8.300000190734863,8.34000015258789,8.1899995803833,8.229999542236328,114100,0.0,0.0
2020-01-15 00:00:00-05:00,8.229999542236328,8.390000343322754,8.229999542236328,8.390000343322754,158800,0.0,0.0
2020-01-16 00:00:00-05:00,8.390000343322754,8.729999542236328,8.369999885559082,8.670000076293945,264400,0.0,0.0
2020-01-17 00:00:00-05:00,8.699999809265137,8.710000038146973,8.520000457763672,8.579999923706055,184400,0.0,0.0
2020-01-21 00:00:00-05:00,8.489999771118164,8.789999961853027,8.489999771118164,8.670000076293945,236600,0.0,0.0
2020-01-22 00:00:00-05:00,8.670000076293945,8.819999694824219,8.640000343322754,8.789999961853027,196300,0.0,0.0
2020-01-23 00:00:00-05:00,8.739999771118164,8.800000190734863,8.6899995803833,8.770000457763672,219200,0.0,0.0
2020-01-24 00:00:00-05:00,8.859999656677246,8.880000114440918,8.65999984741211,8.739999771118164,243400,0.0,0.0
2020-01-27 00:00:00-05:00,8.649999618530273,8.869999885559082,8.5600004196167,8.829999923706055,231300,0.0,0.0
2020-01-28 00:00:00-05:00,8.850000381469727,8.899999618530273,8.630000114440918,8.739999771118164,290900,0.0,0.0
2020-01-29 00:00:00-05:00,9.210000038146973,9.739999771118164,8.979999542236328,9.050000190734863,699500,0.0,0.0
2020-01-30 00:00:00-05:00,9.0600004196167,9.470000267028809,9.0,9.289999961853027,478300,0.0,0.0
2020-01-31 00:00:00-05:00,9.300000190734863,9.369999885559082,9.029999732971191,9.15999984741211,393100,0.0,0.0
2020-02-03 00:00:00-05:00,9.199999809265137,9.210000038146973,9.050000190734863,9.130000114440918,282300,0.0,0.0
2020-02-04 00:00:00-05:00,9.130000114440918,9.319999694824219,9.010000228881836,9.25,572100,0.0,0.0
2020-02-05 00:00:00-05:00,9.350000381469727,9.470000267028809,9.229999542236328,9.380000114440918,234300,0.0,0.0
2020-02-06 00:00:00-05:00,9.350000381469727,9.380000114440918,9.1899995803833,9.210000038146973,163100,0.0,0.0
2020-02-07 00:00:00-05:00,9.25,9.300000190734863,9.170000076293945,9.239999771118164,158700,0.0,0.0
2020-02-10 00:00:00-05:00,9.229999542236328,9.319999694824219,9.180000305175781,9.270000457763672,143900,0.0,0.0
2020-02-11 00:00:00-05:00,9.399999618530273,9.8100004196167,9.369999885559082,9.800000190734863,1027300,0.0,0.0
2020-02-12 00:00:00-05:00,9.84000015258789,10.0,9.760000228881836,9.989999771118164,718200,0.0,0.0
2020-02-13 00:00:00-05:00,9.970000267028809,10.260000228881836,9.880000114440918,10.050000190734863,587700,0.0,0.0
2020-02-14 00:00:00-05:00,9.949999809265137,10.390000343322754,9.9399995803833,10.220000267028809,568200,0.0,0.0
2020-02-18 00:00:00-05:00,10.199999809265137,10.359999656677246,10.069999694824219,10.180000305175781,344100,0.0,0.0
2020-02-19 00:00:00-05:00,10.220000267028809,10.369999885559082,10.09000015258789,10.289999961853027,304900,0.0,0.0
2020-02-20 00:00:00-05:00,10.329999923706055,10.550000190734863,10.229999542236328,10.510000228881836,491200,0.0,0.0
2020-02-21 00:00:00-05:00,10.479999542236328,10.479999542236328,10.1899995803833,10.390000343322754,379500,0.0,0.0
2020-02-24 00:00:00-05:00,10.140000343322754,10.289999961853027,9.970000267028809,10.069999694824219,248500,0.0,0.0
2020-02-25 00:00:00-05:00,10.109999656677246,10.149999618530273,9.399999618530273,9.430000305175781,335800,0.0,0.0
2020-02-26 00:00:00-05:00,9.449999809265137,9.600000381469727,9.329999923706055,9.550000190734863,269500,0.0,0.0
2020-02-27 00:00:00-05:00,9.260000228881836,9.430000305175781,8.899999618530273,8.899999618530273,1023300,0.0,0.0
2020-02-28 00:00:00-05:00,8.720000267028809,9.050000190734863,8.600000381469727,9.0,450500,0.0,0.0
2020-03-02 00:00:00-05:00,9.0,9.149999618530273,8.75,8.979999542236328,360800,0.0,0.0
2020-03-03 00:00:00-05:00,8.949999809265137,9.100000381469727,8.779999732971191,8.960000038146973,344600,0.0,0.0
2020-03-04 00:00:00-05:00,9.0,9.119999885559082,8.760000228881836,8.9399995803833,237600,0.0,0.0
2020-03-05 00:00:00-05:00,8.800000190734863,9.1899995803833,8.760000228881836,8.850000381469727,574500,0.0,0.0
2020-03-06 00:00:00-05:00,8.65999984741211,8.880000114440918,8.649999618530273,8.8100004196167,319800,0.0,0.0
2020-03-09 00:00:00-04:00,8.539999961853027,8.539999961853027,7.860000133514404,7.929999828338623,269800,0.0,0.0
2020-03-10 00:00:00-04:00,8.079999923706055,8.220000267028809,7.440000057220459,7.78000020980835,436900,0.0,0.0
2020-03-11 00:00:00-04:00,7.659999847412109,7.789999961853027,7.460000038146973,7.53000020980835,355400,0.0,0.0
2020-03-12 00:00:00-04:00,7.170000076293945,7.170000076293945,6.619999885559082,6.659999847412109,452800,0.0,0.0
2020-03-13 00:00:00-04:00,6.940000057220459,7.0,6.619999885559082,6.960000038146973,400800,0.0,0.0
2020-03-16 00:00:00-04:00,6.400000095367432,6.570000171661377,6.179999828338623,6.210000038146973,251200,0.0,0.0
2020-03-17 00:00:00-04:00,6.300000190734863,6.440000057220459,6.0,6.269999980926514,492800,0.0,0.0
2020-03-18 00:00:00-04:00,6.039999961853027,6.260000228881836,5.71999979019165,5.909999847412109,551100,0.0,0.0
2020-03-19 00:00:00-04:00,5.900000095367432,6.619999885559082,5.840000152587891,6.5,473100,0.0,0.0
2020-03-20 00:00:00-04:00,6.5,6.650000095367432,6.050000190734863,6.099999904632568,437400,0.0,0.0
2020-03-23 00:00:00-04:00,6.010000228881836,6.059999942779541,5.610000133514404,5.880000114440918,401400,0.0,0.0
2020-03-24 00:00:00-04:00,6.050000190734863,6.239999771118164,5.909999847412109,6.159999847412109,403700,0.0,0.0
2020-03-25 00:00:00-04:00,6.179999828338623,6.610000133514404,6.039999961853027,6.420000076293945,269200,0.0,0.0
2020-03-26 00:00:00-04:00,6.440000057220459,7.289999961853027,6.360000133514404,7.289999961853027,392800,0.0,0.0
2020-03-27 00:00:00-04:00,7.010000228881836,7.139999866485596,6.650000095367432,6.670000076293945,245100,0.0,0.0
2020-03-30 00:00:00-04:00,6.789999961853027,7.25,6.71999979019165,7.170000076293945,192000,0.0,0.0
2020-03-31 00:00:00-04:00,7.119999885559082,7.289999961853027,6.909999847412109,7.079999923706055,334000,0.0,0.0
2020-04-01 00:00:00-04:00,6.820000171661377,6.960000038146973,6.659999847412109,6.75,227000,0.0,0.0
2020-04-02 00:00:00-04:00,6.659999847412109,7.170000076293945,6.639999866485596,7.139999866485596,288100,0.0,0.0
2020-04-03 00:00:00-04:00,7.090000152587891,7.179999828338623,6.820000171661377,7.059999942779541,243200,0.0,0.0
2020-04-06 00:00:00-04:00,7.329999923706055,7.940000057220459,7.179999828338623,7.889999866485596,385600,0.0,0.0
2020-04-07 00:00:00-04:00,8.0600004196167,8.460000038146973,7.639999866485596,7.690000057220459,358300,0.0,0.0
2020-04-08 00:00:00-04:00,7.630000114440918,7.690000057220459,7.380000114440918,7.579999923706055,297200,0.0,0.0
2020-04-09 00:00:00-04:00,7.570000171661377,7.630000114440918,7.340000152587891,7.440000057220459,307400,0.0,0.0
2020-04-13 00:00:00-04:00,7.300000190734863,7.429999828338623,7.25,7.309999942779541,293300,0.0,0.0
2020-04-14 00:00:00-04:00,7.409999847412109,7.670000076293945,7.309999942779541,7.460000038146973,249200,0.0,0.0
2020-04-15 00:00:00-04:00,7.300000190734863,7.429999828338623,7.010000228881836,7.340000152587891,242800,0.0,0.0
2020-04-16 00:00:00-04:00,7.340000152587891,7.559999942779541,6.900000095367432,7.130000114440918,199700,0.0,0.0
2020-04-17 00:00:00-04:00,7.25,7.739999771118164,7.25,7.710000038146973,233300,0.0,0.0
2020-04-20 00:00:00-04:00,7.550000190734863,8.079999923706055,7.510000228881836,7.96999979019165,148200,0.0,0.0
2020-04-21 00:00:00-04:00,7.75,7.809999942779541,7.329999923706055,7.360000133514404,192300,0.0,0.0
2020-04-22 00:00:00-04:00,7.590000152587891,7.829999923706055,7.400000095367432,7.429999828338623,207600,0.0,0.0
2020-04-23 00:00:00-04:00,7.380000114440918,7.820000171661377,7.380000114440918,7.650000095367432,345900,0.0,0.0
2020-04-24 00:00:00-04:00,8.420000076293945,10.039999961853027,8.420000076293945,9.84000015258789,2221900,0.0,0.0
2020-04-27 00:00:00-04:00,10.25,10.430000305175781,9.899999618530273,9.920000076293945,739300,0.0,0.0
2020-04-28 00:00:00-04:00,10.0,10.680000305175781,9.829999923706055,9.989999771118164,557200,0.0,0.0
2020-04-29 00:00:00-04:00,10.859999656677246,11.800000190734863,10.569999694824219,11.5,1747600,0.0,0.0
2020-04-30 00:00:00-04:00,11.829999923706055,12.40999984741211,11.220000267028809,11.5,1017600,0.0,0.0
2020-05-01 00:00:00-04:00,11.369999885559082,12.3100004196167,11.239999771118164,11.960000038146973,1035900,0.0,0.0
2020-05-04 00:00:00-04:00,11.760000228881836,12.029999732971191,11.029999732971191,11.279999732971191,687000,0.0,0.0
2020-05-05 00:00:00-04:00,11.729999542236328,12.25,11.260000228881836,12.010000228881836,1115200,0.0,0.0
2020-05-06 00:00:00-04:00,12.0600004196167,12.600000381469727,11.6899995803833,11.819999694824219,1085200,0.0,0.0
2020-05-07 00:00:00-04:00,12.029999732971191,12.699999809265137,11.970000267028809,12.5600004196167,676400,0.0,0.0
2020-05-08 00:00:00-04:00,12.720000267028809,12.720000267028809,12.380000114440918,12.569999694824219,486000,0.0,0.0
2020-05-11 00:00:00-04:00,12.40999984741211,12.4399995803833,12.010000228881836,12.010000228881836,367500,0.0,0.0
2020-05-12 00:00:00-04:00,12.100000381469727,12.229999542236328,11.739999771118164,11.760000228881836,678700,0.0,0.0
2020-05-13 00:00:00-04:00,11.640000343322754,11.899999618530273,11.1899995803833,11.220000267028809,434900,0.0,0.0
2020-05-14 00:00:00-04:00,11.109999656677246,11.109999656677246,10.640000343322754,11.079999923706055,330300,0.0,0.0
2020-05-15 00:00:00-04:00,10.84000015258789,11.199999809265137,10.829999923706055,10.970000267028809,321000,0.0,0.0
2020-05-18 00:00:00-04:00,11.260000228881836,11.890000343322754,11.260000228881836,11.880000114440918,517300,0.0,0.0
2020-05-19 00:00:00-04:00,11.880000114440918,12.109999656677246,11.779999732971191,11.960000038146973,568300,0.0,0.0
2020-05-20 00:00:00-04:00,12.100000381469727,12.550000190734863,12.029999732971191,12.399999618530273,396200,0.0,0.0
2020-05-21 00:00:00-04:00,12.34000015258789,12.550000190734863,12.199999809265137,12.329999923706055,407400,0.0,0.0
2020-05-22 00:00:00-04:00,12.449999809265137,12.819999694824219,12.300000190734863,12.630000114440918,431200,0.0,0.0
2020-05-26 00:00:00-04:00,12.819999694824219,12.9399995803833,12.5600004196167,12.770000457763672,425700,0.0,0.0
2020-05-27 00:00:00-04:00,12.979999542236328,13.489999771118164,12.300000190734863,13.470000267028809,718000,0.0,0.0
2020-05-28 00:00:00-04:00,13.5,14.569999694824219,13.479999542236328,14.25,1801100,0.0,0.0
2020-05-29 00:00:00-04:00,14.239999771118164,14.4399995803833,13.550000190734863,14.100000381469727,1466500,0.0,0.0
2020-06-01 00:00:00-04:00,14.15999984741211,14.449999809265137,13.890000343322754,14.15999984741211,668500,0.0,0.0
2020-06-02 00:00:00-04:00,14.149999618530273,14.369999885559082,13.979999542236328,14.199999809265137,838700,0.0,0.0
2020-06-03 00:00:00-04:00,14.430000305175781,14.880000114440918,14.229999542236328,14.430000305175781,876300,0.0,0.0
2020-06-04 00:00:00-04:00,14.300000190734863,14.630000114440918,13.8100004196167,14.210000038146973,464100,0.0,0.0
2020-06-05 00:00:00-04:00,14.65999984741211,14.970000267028809,14.0600004196167,14.09000015258789,551800,0.0,0.0
2020-06-08 00:00:00-04:00,14.079999923706055,14.319999694824219,13.84000015258789,14.300000190734863,462500,0.0,0.0
2020-06-09 00:00:00-04:00,14.300000190734863,14.449999809265137,13.899999618530273,14.140000343322754,632000,0.0,0.0
2020-06-10 00:00:00-04:00,14.25,14.369999885559082,13.880000114440918,13.989999771118164,510700,0.0,0.0
2020-06-11 00:00:00-04:00,13.600000381469727,13.800000190734863,12.529999732971191,12.609999656677246,546000,0.0,0.0
2020-06-12 00:00:00-04:00,13.079999923706055,13.149999618530273,12.5600004196167,12.880000114440918,497800,0.0,0.0
2020-06-15 00:00:00-04:00,12.5600004196167,13.460000038146973,12.5600004196167,13.40999984741211,513700,0.0,0.0
2020-06-16 00:00:00-04:00,13.890000343322754,13.960000038146973,13.289999961853027,13.75,610900,0.0,0.0
2020-06-17 00:00:00-04:00,13.800000190734863,13.9399995803833,13.470000267028809,13.640000343322754,343300,0.0,0.0
2020-06-18 00:00:00-04:00,13.40999984741211,13.949999809265137,13.40999984741211,13.930000305175781,598500,0.0,0.0
2020-06-19 00:00:00-04:00,14.079999923706055,14.390000343322754,13.770000457763672,13.979999542236328,847800,0.0,0.0
2020-06-22 00:00:00-04:00,13.949999809265137,14.029999732971191,13.630000114440918,13.960000038146973,524500,0.0,0.0
2020-06-23 00:00:00-04:00,14.039999961853027,14.229999542236328,13.930000305175781,14.0600004196167,445900,0.0,0.0
2020-06-24 00:00:00-04:00,13.930000305175781,14.029999732971191,13.5600004196167,13.75,423700,0.0,0.0
2020-06-25 00:00:00-04:00,13.630000114440918,13.819999694824219,13.5,13.720000267028809,260300,0.0,0.0
2020-06-26 00:00:00-04:00,13.630000114440918,13.850000381469727,13.390000343322754,13.739999771118164,1200600,0.0,0.0
2020-06-29 00:00:00-04:00,13.859999656677246,14.800000190734863,13.640000343322754,14.770000457763672,1016800,0.0,0.0
2020-06-30 00:00:00-04:00,14.75,14.90999984741211,14.59000015258789,14.899999618530273,613400,0.0,0.0
2020-07-01 00:00:00-04:00,14.739999771118164,14.890000343322754,14.40999984741211,14.520000457763672,396800,0.0,0.0
2020-07-02 00:00:00-04:00,14.770000457763672,15.0,14.40999984741211,14.460000038146973,593900,0.0,0.0
2020-07-06 00:00:00-04:00,14.829999923706055,15.470000267028809,14.65999984741211,15.329999923706055,791600,0.0,0.0
2020-07-07 00:00:00-04:00,15.430000305175781,15.430000305175781,14.069999694824219,14.100000381469727,836700,0.0,0.0
2020-07-08 00:00:00-04:00,14.130000114440918,14.369999885559082,13.75,14.140000343322754,402900,0.0,0.0
2020-07-09 00:00:00-04:00,14.229999542236328,14.420000076293945,13.829999923706055,14.350000381469727,348400,0.0,0.0
2020-07-10 00:00:00-04:00,14.329999923706055,14.600000381469727,14.039999961853027,14.550000190734863,302000,0.0,0.0
2020-07-13 00:00:00-04:00,14.789999961853027,15.289999961853027,14.449999809265137,14.470000267028809,859500,0.0,0.0
2020-07-14 00:00:00-04:00,14.470000267028809,15.039999961853027,13.90999984741211,15.039999961853027,582800,0.0,0.0
2020-07-15 00:00:00-04:00,15.100000381469727,15.199999809265137,14.800000190734863,14.970000267028809,449300,0.0,0.0
2020-07-16 00:00:00-04:00,14.970000267028809,15.039999961853027,14.630000114440918,14.949999809265137,744300,0.0,0.0
2020-07-17 00:00:00-04:00,15.079999923706055,16.0,14.979999542236328,15.720000267028809,1615800,0.0,0.0
2020-07-20 00:00:00-04:00,15.970000267028809,16.6200008392334,15.850000381469727,16.600000381469727,1117600,0.0,0.0
2020-07-21 00:00:00-04:00,16.690000534057617,17.299999237060547,16.34000015258789,17.15999984741211,1240400,0.0,0.0
2020-07-22 00:00:00-04:00,18.3700008392334,20.239999771118164,17.75,20.100000381469727,4713700,0.0,0.0
2020-07-23 00:00:00-04:00,20.31999969482422,21.43000030517578,19.719999313354492,20.670000076293945,3024600,0.0,0.0
2020-07-24 00:00:00-04:00,20.149999618530273,20.479999542236328,19.200000762939453,20.260000228881836,1198200,0.0,0.0
2020-07-27 00:00:00-04:00,20.290000915527344,20.81999969482422,19.65999984741211,20.260000228881836,2058400,0.0,0.0
2020-07-28 00:00:00-04:00,20.030000686645508,20.6299991607666,19.079999923706055,19.139999389648438,1075000,0.0,0.0
2020-07-29 00:00:00-04:00,19.1200008392334,20.309999465942383,18.899999618530273,20.100000381469727,1148300,0.0,0.0
2020-07-30 00:00:00-04:00,20.979999542236328,21.309999465942383,20.06999969482422,21.25,2805100,0.0,0.0
2020-07-31 00:00:00-04:00,21.5,21.579999923706055,20.1299991607666,20.510000228881836,1038600,0.0,0.0
2020-08-03 00:00:00-04:00,20.68000030517578,22.149999618530273,20.469999313354492,21.65999984741211,2174500,0.0,0.0
2020-08-04 00:00:00-04:00,21.600000381469727,21.829999923706055,21.100000381469727,21.3799991607666,1151300,0.0,0.0
2020-08-05 00:00:00-04:00,21.989999771118164,22.09000015258789,21.40999984741211,21.889999389648438,872100,0.0,0.0
2020-08-06 00:00:00-04:00,21.989999771118164,22.670000076293945,21.959999084472656,22.389999389648438,1029300,0.0,0.0
2020-08-07 00:00:00-04:00,22.469999313354492,22.690000534057617,21.93000030517578,22.399999618530273,968000,0.0,0.0
2020-08-10 00:00:00-04:00,22.399999618530273,22.459999084472656,20.84000015258789,20.959999084472656,1201600,0.0,0.0
2020-08-11 00:00:00-04:00,20.950000762939453,21.25,20.3799991607666,20.56999969482422,713100,0.0,0.0
2020-08-12 00:00:00-04:00,20.649999618530273,21.110000610351562,20.6200008392334,20.829999923706055,737100,0.0,0.0
2020-08-13 00:00:00-04:00,20.600000381469727,21.6200008392334,20.43000030517578,21.520000457763672,759900,0.0,0.0
2020-08-14 00:00:00-04:00,21.360000610351562,21.3700008392334,20.729999542236328,20.989999771118164,342300,0.0,0.0
2020-08-17 00:00:00-04:00,21.0,21.360000610351562,20.510000228881836,21.329999923706055,641000,0.0,0.0
2020-08-18 00:00:00-04:00,21.399999618530273,21.399999618530273,20.700000762939453,21.139999389648438,709300,0.0,0.0
2020-08-19 00:00:00-04:00,21.049999237060547,21.170000076293945,20.579999923706055,20.6200008392334,613700,0.0,0.0
2020-08-20 00:00:00-04:00,20.479999542236328,20.850000381469727,20.100000381469727,20.459999084472656,442000,0.0,0.0
2020-08-21 00:00:00-04:00,20.200000762939453,20.360000610351562,19.68000030517578,19.75,787700,0.0,0.0
2020-08-24 00:00:00-04:00,19.950000762939453,20.329999923706055,19.700000762939453,20.030000686645508,647600,0.0,0.0
2020-08-25 00:00:00-04:00,19.920000076293945,20.670000076293945,19.709999084472656,20.559999465942383,952000,0.0,0.0
2020-08-26 00:00:00-04:00,20.850000381469727,21.209999084472656,20.280000686645508,20.3700008392334,752000,0.0,0.0
2020-08-27 00:00:00-04:00,21.110000610351562,21.200000762939453,20.200000762939453,20.420000076293945,719700,0.0,0.0
2020-08-28 00:00:00-04:00,20.729999542236328,22.010000228881836,20.3700008392334,21.920000076293945,2136100,0.0,0.0
2020-08-31 00:00:00-04:00,21.799999237060547,22.020000457763672,18.809999465942383,19.450000762939453,3326000,0.0,0.0
2020-09-01 00:00:00-04:00,19.549999237060547,21.84000015258789,19.299999237060547,21.84000015258789,1956300,0.0,0.0
2020-09-02 00:00:00-04:00,22.020000457763672,22.079999923706055,20.34000015258789,21.639999389648438,1014200,0.0,0.0
2020-09-03 00:00:00-04:00,20.610000610351562,20.709999084472656,18.920000076293945,19.219999313354492,1504000,0.0,0.0
2020-09-04 00:00:00-04:00,19.239999771118164,19.520000457763672,17.93000030517578,19.1299991607666,980500,0.0,0.0
2020-09-08 00:00:00-04:00,18.43000030517578,18.8700008392334,18.1200008392334,18.1299991607666,795900,0.0,0.0
2020-09-09 00:00:00-04:00,18.6200008392334,19.25,18.450000762939453,18.979999542236328,784800,0.0,0.0
2020-09-10 00:00:00-04:00,19.200000762939453,19.479999542236328,18.559999465942383,18.68000030517578,511100,0.0,0.0
2020-09-11 00:00:00-04:00,18.90999984741211,18.979999542236328,18.280000686645508,18.489999771118164,464200,0.0,0.0
2020-09-14 00:00:00-04:00,18.719999313354492,18.899999618530273,18.280000686645508,18.56999969482422,541500,0.0,0.0
2020-09-15 00:00:00-04:00,18.739999771118164,19.139999389648438,18.530000686645508,18.989999771118164,701400,0.0,0.0
2020-09-16 00:00:00-04:00,19.09000015258789,19.549999237060547,18.860000610351562,18.889999389648438,730000,0.0,0.0
2020-09-17 00:00:00-04:00,18.5,18.790000915527344,18.049999237060547,18.700000762939453,514400,0.0,0.0
2020-09-18 00:00:00-04:00,19.139999389648438,19.3700008392334,18.790000915527344,19.149999618530273,935200,0.0,0.0
2020-09-21 00:00:00-04:00,18.649999618530273,18.989999771118164,18.350000381469727,18.729999542236328,466800,0.0,0.0
2020-09-22 00:00:00-04:00,18.739999771118164,18.959999084472656,18.139999389648438,18.940000534057617,410800,0.0,0.0
2020-09-23 00:00:00-04:00,18.950000762939453,18.950000762939453,17.709999084472656,17.770000457763672,525300,0.0,0.0
2020-09-24 00:00:00-04:00,17.690000534057617,18.15999984741211,17.450000762939453,17.540000915527344,488000,0.0,0.0
2020-09-25 00:00:00-04:00,17.520000457763672,17.56999969482422,17.079999923706055,17.420000076293945,744400,0.0,0.0
2020-09-28 00:00:00-04:00,17.790000915527344,18.149999618530273,17.450000762939453,18.030000686645508,444700,0.0,0.0
2020-09-29 00:00:00-04:00,18.15999984741211,18.530000686645508,17.860000610351562,18.270000457763672,412700,0.0,0.0
2020-09-30 00:00:00-04:00,18.260000228881836,18.65999984741211,17.75,17.780000686645508,516200,0.0,0.0
2020-10-01 00:00:00-04:00,18.0,18.209999084472656,17.200000762939453,18.18000030517578,860400,0.0,0.0
2020-10-02 00:00:00-04:00,17.639999389648438,19.190000534057617,17.639999389648438,19.110000610351562,1193300,0.0,0.0
2020-10-05 00:00:00-04:00,19.25,19.790000915527344,18.780000686645508,19.68000030517578,787300,0.0,0.0
2020-10-06 00:00:00-04:00,19.649999618530273,20.1299991607666,19.059999465942383,19.06999969482422,1070000,0.0,0.0
2020-10-07 00:00:00-04:00,19.3700008392334,19.969999313354492,19.299999237060547,19.90999984741211,694300,0.0,0.0
2020-10-08 00:00:00-04:00,19.969999313354492,20.139999389648438,19.559999465942383,19.790000915527344,324700,0.0,0.0
2020-10-09 00:00:00-04:00,20.0,20.540000915527344,19.889999389648438,20.360000610351562,477500,0.0,0.0
2020-10-12 00:00:00-04:00,20.5,20.540000915527344,19.360000610351562,19.950000762939453,491400,0.0,0.0
2020-10-13 00:00:00-04:00,19.979999542236328,19.979999542236328,19.31999969482422,19.5,392500,0.0,0.0
2020-10-14 00:00:00-04:00,20.360000610351562,20.920000076293945,20.09000015258789,20.690000534057617,821200,0.0,0.0
2020-10-15 00:00:00-04:00,20.15999984741211,20.860000610351562,19.6200008392334,20.850000381469727,599700,0.0,0.0
2020-10-16 00:00:00-04:00,21.34000015258789,21.5,20.479999542236328,20.600000381469727,672800,0.0,0.0
2020-10-19 00:00:00-04:00,20.8799991607666,22.350000381469727,20.850000381469727,21.739999771118164,1683600,0.0,0.0
2020-10-20 00:00:00-04:00,22.09000015258789,22.299999237060547,21.040000915527344,21.1200008392334,1307300,0.0,0.0
2020-10-21 00:00:00-04:00,26.040000915527344,27.780000686645508,24.110000610351562,25.450000762939453,5612500,0.0,0.0
2020-10-22 00:00:00-04:00,26.3799991607666,27.0,25.020000457763672,25.700000762939453,1965900,0.0,0.0
2020-10-23 00:00:00-04:00,25.809999465942383,26.1299991607666,25.360000610351562,26.049999237060547,935900,0.0,0.0
2020-10-26 00:00:00-04:00,26.200000762939453,26.8700008392334,24.639999389648438,25.34000015258789,1196100,0.0,0.0
2020-10-27 00:00:00-04:00,25.719999313354492,25.799999237060547,24.760000228881836,24.84000015258789,538900,0.0,0.0
2020-10-28 00:00:00-04:00,24.18000030517578,24.549999237060547,23.510000228881836,24.059999465942383,662400,0.0,0.0
2020-10-29 00:00:00-04:00,24.209999084472656,24.56999969482422,23.469999313354492,24.200000762939453,683000,0.0,0.0
2020-10-30 00:00:00-04:00,24.059999465942383,24.399999618530273,23.100000381469727,23.40999984741211,589000,0.0,0.0
2020-11-02 00:00:00-05:00,23.520000457763672,24.350000381469727,23.170000076293945,23.780000686645508,605700,0.0,0.0
2020-11-03 00:00:00-05:00,24.110000610351562,24.65999984741211,23.81999969482422,24.229999542236328,572200,0.0,0.0
2020-11-04 00:00:00-05:00,24.350000381469727,24.579999923706055,23.93000030517578,24.360000610351562,547200,0.0,0.0
2020-11-05 00:00:00-05:00,25.0,26.889999389648438,24.559999465942383,26.690000534057617,2433400,0.0,0.0
2020-11-06 00:00:00-05:00,26.399999618530273,26.829999923706055,25.940000534057617,26.510000228881836,631800,0.0,0.0
2020-11-09 00:00:00-05:00,27.059999465942383,27.299999237060547,24.34000015258789,24.389999389648438,1049400,0.0,0.0
2020-11-10 00:00:00-05:00,24.09000015258789,24.290000915527344,21.579999923706055,22.290000915527344,2068500,0.0,0.0
2020-11-11 00:00:00-05:00,22.709999084472656,23.8700008392334,22.600000381469727,23.239999771118164,658300,0.0,0.0
2020-11-12 00:00:00-05:00,23.989999771118164,24.8799991607666,23.81999969482422,24.06999969482422,720800,0.0,0.0
2020-11-13 00:00:00-05:00,25.110000610351562,25.139999389648438,24.219999313354492,24.690000534057617,757100,0.0,0.0
2020-11-16 00:00:00-05:00,25.0,25.520000457763672,24.5,25.520000457763672,579900,0.0,0.0
2020-11-17 00:00:00-05:00,25.600000381469727,25.8700008392334,24.719999313354492,25.1200008392334,640600,0.0,0.0
2020-11-18 00:00:00-05:00,24.799999237060547,25.1299991607666,24.190000534057617,24.239999771118164,514800,0.0,0.0
2020-11-19 00:00:00-05:00,24.079999923706055,24.3700008392334,23.520000457763672,24.049999237060547,435300,0.0,0.0
2020-11-20 00:00:00-05:00,23.899999618530273,24.290000915527344,23.530000686645508,23.899999618530273,445600,0.0,0.0
2020-11-23 00:00:00-05:00,23.899999618530273,23.899999618530273,22.940000534057617,23.399999618530273,827300,0.0,0.0
2020-11-24 00:00:00-05:00,23.389999389648438,23.670000076293945,22.6200008392334,23.530000686645508,865500,0.0,0.0
2020-11-25 00:00:00-05:00,23.389999389648438,23.489999771118164,22.809999465942383,23.079999923706055,516300,0.0,0.0
2020-11-27 00:00:00-05:00,23.3700008392334,23.979999542236328,23.110000610351562,23.950000762939453,397200,0.0,0.0
2020-11-30 00:00:00-05:00,24.110000610351562,24.450000762939453,23.280000686645508,23.68000030517578,985600,0.0,0.0
2020-12-01 00:00:00-05:00,23.770000457763672,23.799999237060547,22.649999618530273,23.030000686645508,908700,0.0,0.0
2020-12-02 00:00:00-05:00,22.75,22.93000030517578,22.25,22.700000762939453,710500,0.0,0.0
2020-12-03 00:00:00-05:00,23.0,24.049999237060547,22.59000015258789,23.3799991607666,1185700,0.0,0.0
2020-12-04 00:00:00-05:00,23.290000915527344,23.93000030517578,23.040000915527344,23.809999465942383,832000,0.0,0.0
2020-12-07 00:00:00-05:00,24.1299991607666,25.549999237060547,23.290000915527344,25.299999237060547,1411800,0.0,0.0
2020-12-08 00:00:00-05:00,25.549999237060547,25.6299991607666,24.170000076293945,24.709999084472656,700300,0.0,0.0
2020-12-09 00:00:00-05:00,24.40999984741211,24.950000762939453,22.790000915527344,23.829999923706055,1122800,0.0,0.0
2020-12-10 00:00:00-05:00,23.489999771118164,24.899999618530273,23.110000610351562,24.889999389648438,748800,0.0,0.0
2020-12-11 00:00:00-05:00,24.56999969482422,25.040000915527344,23.969999313354492,24.799999237060547,439300,0.0,0.0
2020-12-14 00:00:00-05:00,25.100000381469727,29.25,25.100000381469727,29.059999465942383,4020400,0.0,0.0
2020-12-15 00:00:00-05:00,29.0,30.110000610351562,28.059999465942383,29.68000030517578,1316300,0.0,0.0
2020-12-16 00:00:00-05:00,29.709999084472656,29.940000534057617,29.190000534057617,29.479999542236328,681400,0.0,0.0
2020-12-17 00:00:00-05:00,29.510000228881836,30.479999542236328,29.309999465942383,30.299999237060547,730100,0.0,0.0
2020-12-18 00:00:00-05:00,30.56999969482422,31.5,30.3700008392334,31.440000534057617,1248600,0.0,0.0
2020-12-21 00:00:00-05:00,30.540000915527344,31.770000457763672,30.0,31.549999237060547,778000,0.0,0.0
2020-12-22 00:00:00-05:00,31.59000015258789,32.93000030517578,31.31999969482422,32.849998474121094,993000,0.0,0.0
2020-12-23 00:00:00-05:00,33.0,33.04999923706055,31.920000076293945,32.09000015258789,680100,0.0,0.0
2020-12-24 00:00:00-05:00,32.349998474121094,32.619998931884766,31.700000762939453,31.90999984741211,241900,0.0,0.0
2020-12-28 00:00:00-05:00,32.47999954223633,33.02000045776367,31.200000762939453,31.299999237060547,789600,0.0,0.0
2020-12-29 00:00:00-05:00,31.25,31.420000076293945,29.5,29.889999389648438,872300,0.0,0.0
2020-12-30 00:00:00-05:00,30.299999237060547,30.690000534057617,29.979999542236328,30.049999237060547,352000,0.0,0.0
2020-12-31 00:00:00-05:00,30.25,30.450000762939453,29.510000228881836,29.760000228881836,631000,0.0,0.0
2021-01-04 00:00:00-05:00,29.90999984741211,30.079999923706055,28.579999923706055,29.190000534057617,673000,0.0,0.0
2021-01-05 00:00:00-05:00,28.8700008392334,30.3799991607666,28.8700008392334,29.739999771118164,881000,0.0,0.0
2021-01-06 00:00:00-05:00,29.579999923706055,30.790000915527344,29.360000610351562,30.399999618530273,536600,0.0,0.0
2021-01-07 00:00:00-05:00,30.420000076293945,31.65999984741211,30.350000381469727,31.15999984741211,518800,0.0,0.0
2021-01-08 00:00:00-05:00,31.56999969482422,32.59000015258789,31.010000228881836,31.84000015258789,746600,0.0,0.0
2021-01-11 00:00:00-05:00,30.979999542236328,32.5,30.799999237060547,32.09000015258789,638900,0.0,0.0
2021-01-12 00:00:00-05:00,32.15999984741211,33.380001068115234,32.09000015258789,33.189998626708984,539400,0.0,0.0
2021-01-13 00:00:00-05:00,33.22999954223633,33.22999954223633,31.829999923706055,32.029998779296875,729000,0.0,0.0
2021-01-14 00:00:00-05:00,32.400001525878906,33.41999816894531,32.08000183105469,32.779998779296875,887600,0.0,0.0
2021-01-15 00:00:00-05:00,32.529998779296875,33.5,32.349998474121094,32.77000045776367,582000,0.0,0.0
2021-01-19 00:00:00-05:00,33.290000915527344,35.290000915527344,32.630001068115234,35.08000183105469,799800,0.0,0.0
2021-01-20 00:00:00-05:00,35.7400016784668,36.709999084472656,34.41999816894531,34.869998931884766,661100,0.0,0.0
2021-01-21 00:00:00-05:00,35.0,35.119998931884766,33.95000076293945,34.68000030517578,766100,0.0,0.0
2021-01-22 00:00:00-05:00,34.0,34.970001220703125,34.0,34.720001220703125,539500,0.0,0.0
2021-01-25 00:00:00-05:00,35.349998474121094,36.939998626708984,34.72999954223633,35.59000015258789,788700,0.0,0.0
2021-01-26 00:00:00-05:00,36.060001373291016,36.43000030517578,34.65999984741211,35.9900016784668,929400,0.0,0.0
2021-01-27 00:00:00-05:00,34.06999969482422,36.38999938964844,33.40999984741211,34.400001525878906,1259900,0.0,0.0
2021-01-28 00:00:00-05:00,36.29999923706055,36.29999923706055,30.68000030517578,32.540000915527344,2582000,0.0,0.0
2021-01-29 00:00:00-05:00,31.5,32.33000183105469,29.1200008392334,30.200000762939453,2362500,0.0,0.0
2021-02-01 00:00:00-05:00,30.520000457763672,32.06999969482422,29.90999984741211,31.790000915527344,1058500,0.0,0.0
2021-02-02 00:00:00-05:00,32.18000030517578,33.189998626708984,32.18000030517578,32.84000015258789,908300,0.0,0.0
2021-02-03 00:00:00-05:00,33.11000061035156,33.58000183105469,31.59000015258789,32.13999938964844,730200,0.0,0.0
2021-02-04 00:00:00-05:00,32.18000030517578,32.59000015258789,31.309999465942383,32.0099983215332,677400,0.0,0.0
2021-02-05 00:00:00-05:00,32.349998474121094,32.7400016784668,31.969999313354492,32.650001525878906,653800,0.0,0.0
2021-02-08 00:00:00-05:00,34.58000183105469,36.0,34.15999984741211,35.0099983215332,1281000,0.0,0.0
2021-02-09 00:00:00-05:00,35.060001373291016,36.150001525878906,35.04999923706055,35.869998931884766,735800,0.0,0.0
2021-02-10 00:00:00-05:00,36.0,36.08000183105469,34.09000015258789,34.84000015258789,961700,0.0,0.0
2021-02-11 00:00:00-05:00,36.72999954223633,38.2599983215332,35.560001373291016,36.7400016784668,1328800,0.0,0.0
2021-02-12 00:00:00-05:00,36.27000045776367,37.529998779296875,35.779998779296875,36.79999923706055,632700,0.0,0.0
2021-02-16 00:00:00-05:00,36.869998931884766,37.36000061035156,35.5099983215332,36.790000915527344,616800,0.0,0.0
2021-02-17 00:00:00-05:00,35.849998474121094,36.349998474121094,34.15999984741211,35.04999923706055,690900,0.0,0.0
2021-02-18 00:00:00-05:00,34.529998779296875,34.939998626708984,34.130001068115234,34.45000076293945,432900,0.0,0.0
2021-02-19 00:00:00-05:00,34.90999984741211,37.0,34.7599983215332,36.29999923706055,684300,0.0,0.0
2021-02-22 00:00:00-05:00,35.93000030517578,36.880001068115234,35.66999816894531,36.36000061035156,754500,0.0,0.0
2021-02-23 00:00:00-05:00,35.0,36.31999969482422,33.20000076293945,36.130001068115234,929300,0.0,0.0
2021-02-24 00:00:00-05:00,36.040000915527344,38.220001220703125,35.79999923706055,38.11000061035156,1065200,0.0,0.0
2021-02-25 00:00:00-05:00,38.099998474121094,39.59000015258789,37.310001373291016,37.54999923706055,948400,0.0,0.0
2021-02-26 00:00:00-05:00,38.18000030517578,40.22999954223633,37.540000915527344,39.5099983215332,1272100,0.0,0.0
2021-03-01 00:00:00-05:00,40.5,43.4900016784668,40.310001373291016,43.150001525878906,1318300,0.0,0.0
2021-03-02 00:00:00-05:00,42.880001068115234,43.04999923706055,41.54999923706055,42.22999954223633,944100,0.0,0.0
2021-03-03 00:00:00-05:00,42.27000045776367,43.5,41.720001220703125,42.38999938964844,972600,0.0,0.0
2021-03-04 00:00:00-05:00,41.38999938964844,42.0,39.16999816894531,39.869998931884766,1716300,0.0,0.0
2021-03-05 00:00:00-05:00,40.79999923706055,40.97999954223633,35.79999923706055,38.93000030517578,1764500,0.0,0.0
2021-03-08 00:00:00-05:00,39.130001068115234,40.349998474121094,38.5,39.130001068115234,1073900,0.0,0.0
2021-03-09 00:00:00-05:00,40.5099983215332,44.709999084472656,40.41999816894531,44.119998931884766,1376700,0.0,0.0
2021-03-10 00:00:00-05:00,44.709999084472656,45.0,43.130001068115234,44.22999954223633,817400,0.0,0.0
2021-03-11 00:00:00-05:00,45.5099983215332,46.5,45.08000183105469,45.790000915527344,675900,0.0,0.0
2021-03-12 00:00:00-05:00,44.56999969482422,46.5,44.099998474121094,46.380001068115234,638200,0.0,0.0
2021-03-15 00:00:00-04:00,46.5099983215332,47.63999938964844,45.70000076293945,47.02000045776367,627900,0.0,0.0
2021-03-16 00:00:00-04:00,47.0,48.02000045776367,46.099998474121094,47.77000045776367,790500,0.0,0.0
2021-03-17 00:00:00-04:00,46.970001220703125,48.380001068115234,45.959999084472656,48.25,499500,0.0,0.0
2021-03-18 00:00:00-04:00,47.13999938964844,48.779998779296875,46.349998474121094,46.790000915527344,591300,0.0,0.0
2021-03-19 00:00:00-04:00,46.900001525878906,47.220001220703125,45.310001373291016,45.93000030517578,1201400,0.0,0.0
2021-03-22 00:00:00-04:00,46.709999084472656,47.25,45.13999938964844,46.33000183105469,561400,0.0,0.0
2021-03-23 00:00:00-04:00,46.0,46.84000015258789,40.81999969482422,40.900001525878906,1137800,0.0,0.0
2021-03-24 00:00:00-04:00,40.900001525878906,41.040000915527344,37.83000183105469,37.88999938964844,1478000,0.0,0.0
2021-03-25 00:00:00-04:00,36.95000076293945,39.20000076293945,36.11000061035156,39.06999969482422,1029100,0.0,0.0
2021-03-26 00:00:00-04:00,39.529998779296875,39.66999816894531,36.54999923706055,38.459999084472656,1113500,0.0,0.0
2021-03-29 00:00:00-04:00,36.689998626708984,37.900001525878906,32.36000061035156,32.47999954223633,2097400,0.0,0.0
2021-03-30 00:00:00-04:00,32.18000030517578,33.81999969482422,31.649999618530273,33.31999969482422,1066900,0.0,0.0
2021-03-31 00:00:00-04:00,33.779998779296875,35.36000061035156,33.619998931884766,34.65999984741211,1183400,0.0,0.0
2021-04-01 00:00:00-04:00,35.31999969482422,37.5,35.11000061035156,36.91999816894531,1216200,0.0,0.0
2021-04-05 00:00:00-04:00,39.0,39.029998779296875,35.84000015258789,36.70000076293945,665100,0.0,0.0
2021-04-06 00:00:00-04:00,36.560001373291016,37.290000915527344,36.220001220703125,37.150001525878906,452400,0.0,0.0
2021-04-07 00:00:00-04:00,38.34000015258789,39.97999954223633,37.599998474121094,39.119998931884766,977100,0.0,0.0
2021-04-08 00:00:00-04:00,39.38999938964844,40.810001373291016,38.72999954223633,40.470001220703125,802900,0.0,0.0
2021-04-09 00:00:00-04:00,40.2599983215332,41.58000183105469,39.59000015258789,41.45000076293945,761600,0.0,0.0
2021-04-12 00:00:00-04:00,41.15999984741211,42.93000030517578,40.0,42.400001525878906,766100,0.0,0.0
2021-04-13 00:00:00-04:00,42.810001373291016,44.06999969482422,41.849998474121094,43.790000915527344,704000,0.0,0.0
2021-04-14 00:00:00-04:00,43.86000061035156,45.20000076293945,43.61000061035156,43.790000915527344,729700,0.0,0.0
2021-04-15 00:00:00-04:00,44.560001373291016,44.720001220703125,43.20000076293945,44.689998626708984,649100,0.0,0.0
2021-04-16 00:00:00-04:00,44.84000015258789,45.880001068115234,44.220001220703125,44.84000015258789,756800,0.0,0.0
2021-04-19 00:00:00-04:00,44.18000030517578,44.220001220703125,41.88999938964844,41.939998626708984,657000,0.0,0.0
2021-04-20 00:00:00-04:00,41.599998474121094,41.599998474121094,38.84000015258789,40.84000015258789,1153800,0.0,0.0
2021-04-21 00:00:00-04:00,40.900001525878906,42.959999084472656,40.5099983215332,42.939998626708984,476500,0.0,0.0
2021-04-22 00:00:00-04:00,43.29999923706055,44.900001525878906,43.0099983215332,43.52000045776367,646300,0.0,0.0
2021-04-23 00:00:00-04:00,44.16999816894531,45.470001220703125,43.619998931884766,44.869998931884766,592000,0.0,0.0
2021-04-26 00:00:00-04:00,44.970001220703125,46.43000030517578,44.68000030517578,46.02000045776367,545000,0.0,0.0
2021-04-27 00:00:00-04:00,46.02000045776367,46.560001373291016,44.91999816894531,45.029998779296875,611000,0.0,0.0
2021-04-28 00:00:00-04:00,46.22999954223633,47.720001220703125,42.75,42.849998474121094,1165900,0.0,0.0
2021-04-29 00:00:00-04:00,43.459999084472656,43.459999084472656,41.11000061035156,42.9900016784668,766200,0.0,0.0
2021-04-30 00:00:00-04:00,41.97999954223633,42.9900016784668,41.349998474121094,42.290000915527344,679300,0.0,0.0
2021-05-03 00:00:00-04:00,42.56999969482422,43.349998474121094,41.83000183105469,43.040000915527344,444400,0.0,0.0
2021-05-04 00:00:00-04:00,42.400001525878906,43.66999816894531,41.95000076293945,43.43000030517578,614200,0.0,0.0
2021-05-05 00:00:00-04:00,44.04999923706055,46.209999084472656,43.849998474121094,45.68000030517578,798400,0.0,0.0
2021-05-06 00:00:00-04:00,45.2599983215332,46.380001068115234,44.16999816894531,46.33000183105469,684000,0.0,0.0
2021-05-07 00:00:00-04:00,47.0,48.689998626708984,46.70000076293945,48.0,1338700,0.0,0.0
2021-05-10 00:00:00-04:00,48.0,48.0,43.150001525878906,43.279998779296875,799100,0.0,0.0
2021-05-11 00:00:00-04:00,41.220001220703125,43.459999084472656,40.56999969482422,43.369998931884766,703200,0.0,0.0
2021-05-12 00:00:00-04:00,42.060001373291016,42.369998931884766,38.47999954223633,39.08000183105469,833800,0.0,0.0
2021-05-13 00:00:00-04:00,39.849998474121094,40.959999084472656,37.5,38.959999084472656,543200,0.0,0.0
2021-05-14 00:00:00-04:00,39.83000183105469,41.66999816894531,38.58000183105469,41.439998626708984,365600,0.0,0.0
2021-05-17 00:00:00-04:00,40.779998779296875,41.459999084472656,40.02000045776367,41.22999954223633,325700,0.0,0.0
2021-05-18 00:00:00-04:00,41.77000045776367,42.13999938964844,40.70000076293945,40.72999954223633,390800,0.0,0.0
2021-05-19 00:00:00-04:00,39.540000915527344,41.91999816894531,39.2599983215332,41.81999969482422,297300,0.0,0.0
2021-05-20 00:00:00-04:00,41.849998474121094,44.18000030517578,41.72999954223633,43.720001220703125,440600,0.0,0.0
2021-05-21 00:00:00-04:00,44.369998931884766,45.0099983215332,43.349998474121094,43.470001220703125,448400,0.0,0.0
2021-05-24 00:00:00-04:00,43.599998474121094,44.630001068115234,43.2400016784668,43.529998779296875,318900,0.0,0.0
2021-05-25 00:00:00-04:00,43.90999984741211,44.90999984741211,43.2400016784668,43.369998931884766,315400,0.0,0.0
2021-05-26 00:00:00-04:00,43.34000015258789,43.9900016784668,42.61000061035156,43.91999816894531,304200,0.0,0.0
2021-05-27 00:00:00-04:00,44.20000076293945,45.75,43.81999969482422,44.91999816894531,399100,0.0,0.0
2021-05-28 00:00:00-04:00,45.529998779296875,45.56999969482422,44.130001068115234,44.310001373291016,296100,0.0,0.0
2021-06-01 00:00:00-04:00,45.41999816894531,46.779998779296875,44.47999954223633,46.689998626708984,655500,0.0,0.0
2021-06-02 00:00:00-04:00,46.58000183105469,47.13999938964844,45.59000015258789,46.27000045776367,368700,0.0,0.0
2021-06-03 00:00:00-04:00,45.77000045776367,46.58000183105469,45.119998931884766,45.459999084472656,312000,0.0,0.0
2021-06-04 00:00:00-04:00,45.63999938964844,46.4900016784668,45.58000183105469,46.25,327600,0.0,0.0
2021-06-07 00:00:00-04:00,46.09000015258789,47.36000061035156,45.77000045776367,47.20000076293945,309400,0.0,0.0
2021-06-08 00:00:00-04:00,47.95000076293945,48.11000061035156,46.38999938964844,46.650001525878906,488700,0.0,0.0
2021-06-09 00:00:00-04:00,46.5099983215332,46.70000076293945,45.65999984741211,46.09000015258789,379600,0.0,0.0
2021-06-10 00:00:00-04:00,46.130001068115234,47.29999923706055,45.709999084472656,45.90999984741211,243500,0.0,0.0
2021-06-11 00:00:00-04:00,46.0,47.08000183105469,45.849998474121094,46.84000015258789,339900,0.0,0.0
2021-06-14 00:00:00-04:00,47.31999969482422,47.41999816894531,44.869998931884766,45.34000015258789,420000,0.0,0.0
2021-06-15 00:00:00-04:00,45.0,45.77000045776367,44.54999923706055,45.529998779296875,376700,0.0,0.0
2021-06-16 00:00:00-04:00,45.36000061035156,46.189998626708984,44.630001068115234,46.02000045776367,334800,0.0,0.0
2021-06-17 00:00:00-04:00,45.849998474121094,46.40999984741211,43.720001220703125,44.810001373291016,412400,0.0,0.0
2021-06-18 00:00:00-04:00,43.75,44.599998474121094,41.88999938964844,42.61000061035156,1180300,0.0,0.0
2021-06-21 00:00:00-04:00,42.95000076293945,44.619998931884766,42.70000076293945,44.150001525878906,423400,0.0,0.0
2021-06-22 00:00:00-04:00,44.720001220703125,46.349998474121094,44.15999984741211,46.31999969482422,389200,0.0,0.0
2021-06-23 00:00:00-04:00,46.15999984741211,47.599998474121094,46.15999984741211,46.93000030517578,387200,0.0,0.0
2021-06-24 00:00:00-04:00,47.47999954223633,47.93000030517578,46.91999816894531,47.15999984741211,326900,0.0,0.0
2021-06-25 00:00:00-04:00,47.380001068115234,48.68000030517578,47.16999816894531,48.0099983215332,1028200,0.0,0.0
2021-06-28 00:00:00-04:00,48.5,49.0,48.380001068115234,48.97999954223633,402800,0.0,0.0
2021-06-29 00:00:00-04:00,48.900001525878906,48.900001525878906,46.310001373291016,47.97999954223633,350900,0.0,0.0
2021-06-30 00:00:00-04:00,47.56999969482422,47.7599983215332,46.689998626708984,47.5,316400,0.0,0.0
2021-07-01 00:00:00-04:00,47.630001068115234,47.779998779296875,46.43000030517578,46.84000015258789,176200,0.0,0.0
2021-07-02 00:00:00-04:00,47.2400016784668,47.5,46.5099983215332,46.56999969482422,290100,0.0,0.0
2021-07-06 00:00:00-04:00,47.0,48.970001220703125,46.06999969482422,47.63999938964844,1041300,0.0,0.0
2021-07-07 00:00:00-04:00,47.709999084472656,49.9900016784668,44.18000030517578,44.279998779296875,2066200,0.0,0.0
2021-07-08 00:00:00-04:00,42.459999084472656,43.93000030517578,41.66999816894531,42.27000045776367,665500,0.0,0.0
2021-07-09 00:00:00-04:00,42.72999954223633,43.31999969482422,41.84000015258789,43.09000015258789,379300,0.0,0.0
2021-07-12 00:00:00-04:00,43.31999969482422,43.599998474121094,41.75,42.84000015258789,350000,0.0,0.0
2021-07-13 00:00:00-04:00,43.02000045776367,43.16999816894531,42.060001373291016,42.900001525878906,223200,0.0,0.0
2021-07-14 00:00:00-04:00,43.459999084472656,44.15999984741211,42.900001525878906,42.9900016784668,402400,0.0,0.0
2021-07-15 00:00:00-04:00,42.61000061035156,43.31999969482422,41.88999938964844,42.33000183105469,440100,0.0,0.0
2021-07-16 00:00:00-04:00,43.0,43.20000076293945,42.04999923706055,42.06999969482422,288500,0.0,0.0
2021-07-19 00:00:00-04:00,40.7400016784668,43.09000015258789,39.720001220703125,42.279998779296875,373500,0.0,0.0
2021-07-20 00:00:00-04:00,42.97999954223633,44.689998626708984,42.2400016784668,44.150001525878906,454400,0.0,0.0
2021-07-21 00:00:00-04:00,44.060001373291016,47.9900016784668,44.060001373291016,47.9900016784668,650900,0.0,0.0
2021-07-22 00:00:00-04:00,47.439998626708984,48.290000915527344,46.599998474121094,46.88999938964844,652900,0.0,0.0
2021-07-23 00:00:00-04:00,48.20000076293945,49.40999984741211,47.189998626708984,48.70000076293945,639400,0.0,0.0
2021-07-26 00:00:00-04:00,48.619998931884766,48.869998931884766,47.060001373291016,47.83000183105469,804700,0.0,0.0
2021-07-27 00:00:00-04:00,45.439998626708984,48.13999938964844,43.630001068115234,44.2599983215332,817100,0.0,0.0
2021-07-28 00:00:00-04:00,44.5,46.70000076293945,44.400001525878906,46.4900016784668,744800,0.0,0.0
2021-07-29 00:00:00-04:00,46.75,47.4900016784668,46.66999816894531,47.380001068115234,451200,0.0,0.0
2021-07-30 00:00:00-04:00,46.88999938964844,47.88999938964844,46.130001068115234,46.779998779296875,435700,0.0,0.0
2021-08-02 00:00:00-04:00,46.939998626708984,46.939998626708984,45.099998474121094,45.459999084472656,627800,0.0,0.0
2021-08-03 00:00:00-04:00,45.970001220703125,46.04999923706055,44.08000183105469,46.029998779296875,389100,0.0,0.0
2021-08-04 00:00:00-04:00,45.290000915527344,46.29999923706055,44.61000061035156,44.86000061035156,307900,0.0,0.0
2021-08-05 00:00:00-04:00,44.81999969482422,45.369998931884766,44.29999923706055,44.810001373291016,262400,0.0,0.0
2021-08-06 00:00:00-04:00,45.4900016784668,45.970001220703125,44.720001220703125,45.70000076293945,440100,0.0,0.0
2021-08-09 00:00:00-04:00,45.70000076293945,47.61000061035156,45.16999816894531,46.20000076293945,380300,0.0,0.0
2021-08-10 00:00:00-04:00,46.16999816894531,46.380001068115234,44.59000015258789,45.02000045776367,380500,0.0,0.0
2021-08-11 00:00:00-04:00,45.189998626708984,45.189998626708984,43.900001525878906,45.029998779296875,294300,0.0,0.0
2021-08-12 00:00:00-04:00,45.029998779296875,45.349998474121094,43.95000076293945,45.34000015258789,376200,0.0,0.0
2021-08-13 00:00:00-04:00,45.41999816894531,45.869998931884766,44.689998626708984,45.060001373291016,322700,0.0,0.0
2021-08-16 00:00:00-04:00,44.58000183105469,45.040000915527344,43.9900016784668,44.099998474121094,233900,0.0,0.0
2021-08-17 00:00:00-04:00,44.0,44.25,42.779998779296875,43.5,349300,0.0,0.0
2021-08-18 00:00:00-04:00,43.25,44.220001220703125,43.09000015258789,43.15999984741211,241000,0.0,0.0
2021-08-19 00:00:00-04:00,42.369998931884766,43.529998779296875,41.7599983215332,42.95000076293945,533700,0.0,0.0
2021-08-20 00:00:00-04:00,43.060001373291016,43.59000015258789,42.599998474121094,42.959999084472656,501400,0.0,0.0
2021-08-23 00:00:00-04:00,43.400001525878906,45.400001525878906,43.209999084472656,44.86000061035156,525000,0.0,0.0
2021-08-24 00:00:00-04:00,45.09000015258789,46.84000015258789,44.900001525878906,46.84000015258789,302300,0.0,0.0
2021-08-25 00:00:00-04:00,47.18000030517578,48.33000183105469,46.560001373291016,47.08000183105469,505600,0.0,0.0
2021-08-26 00:00:00-04:00,46.81999969482422,47.849998474121094,46.439998626708984,47.58000183105469,293200,0.0,0.0
2021-08-27 00:00:00-04:00,47.599998474121094,49.0,47.15999984741211,48.130001068115234,511700,0.0,0.0
2021-08-30 00:00:00-04:00,48.380001068115234,48.380001068115234,46.36000061035156,47.09000015258789,310200,0.0,0.0
2021-08-31 00:00:00-04:00,47.0,47.0099983215332,46.11000061035156,46.599998474121094,248300,0.0,0.0
2021-09-01 00:00:00-04:00,47.08000183105469,47.08000183105469,44.779998779296875,45.13999938964844,329600,0.0,0.0
2021-09-02 00:00:00-04:00,45.58000183105469,46.689998626708984,45.06999969482422,46.40999984741211,294100,0.0,0.0
2021-09-03 00:00:00-04:00,46.40999984741211,46.560001373291016,45.540000915527344,46.349998474121094,224800,0.0,0.0
2021-09-07 00:00:00-04:00,46.099998474121094,46.099998474121094,44.52000045776367,45.36000061035156,357800,0.0,0.0
2021-09-08 00:00:00-04:00,45.209999084472656,45.720001220703125,44.59000015258789,45.58000183105469,632500,0.0,0.0
2021-09-09 00:00:00-04:00,45.47999954223633,46.70000076293945,45.150001525878906,46.2400016784668,317000,0.0,0.0
2021-09-10 00:00:00-04:00,46.56999969482422,46.56999969482422,44.58000183105469,45.599998474121094,360100,0.0,0.0
2021-09-13 00:00:00-04:00,45.849998474121094,46.779998779296875,45.0,46.459999084472656,373400,0.0,0.0
2021-09-14 00:00:00-04:00,46.7599983215332,46.849998474121094,45.25,46.099998474121094,384600,0.0,0.0
2021-09-15 00:00:00-04:00,45.849998474121094,48.15999984741211,45.310001373291016,48.15999984741211,446300,0.0,0.0
2021-09-16 00:00:00-04:00,48.029998779296875,48.779998779296875,46.86000061035156,48.650001525878906,443800,0.0,0.0
2021-09-17 00:00:00-04:00,48.88999938964844,51.27000045776367,47.45000076293945,48.25,1425700,0.0,0.0
2021-09-20 00:00:00-04:00,47.0,47.79999923706055,46.130001068115234,47.400001525878906,468700,0.0,0.0
2021-09-21 00:00:00-04:00,47.900001525878906,48.5,46.439998626708984,47.599998474121094,356000,0.0,0.0
2021-09-22 00:00:00-04:00,48.11000061035156,51.7599983215332,47.90999984741211,51.310001373291016,729000,0.0,0.0
2021-09-23 00:00:00-04:00,51.7599983215332,53.84000015258789,50.689998626708984,52.9900016784668,729000,0.0,0.0
2021-09-24 00:00:00-04:00,52.599998474121094,52.81999969482422,50.11000061035156,52.0,425800,0.0,0.0
2021-09-27 00:00:00-04:00,52.0,52.880001068115234,51.52000045776367,52.040000915527344,333800,0.0,0.0
2021-09-28 00:00:00-04:00,51.52000045776367,51.650001525878906,47.349998474121094,47.36000061035156,786700,0.0,0.0
2021-09-29 00:00:00-04:00,48.09000015258789,48.689998626708984,47.36000061035156,48.20000076293945,456900,0.0,0.0
2021-09-30 00:00:00-04:00,48.5,49.810001373291016,48.209999084472656,49.43000030517578,607200,0.0,0.0
2021-10-01 00:00:00-04:00,49.970001220703125,51.650001525878906,49.20000076293945,50.310001373291016,658600,0.0,0.0
2021-10-04 00:00:00-04:00,50.939998626708984,52.310001373291016,49.529998779296875,52.27000045776367,463400,0.0,0.0
2021-10-05 00:00:00-04:00,52.56999969482422,54.4900016784668,52.38999938964844,53.720001220703125,631500,0.0,0.0
2021-10-06 00:00:00-04:00,53.18000030517578,55.369998931884766,52.59000015258789,55.349998474121094,711600,0.0,0.0
2021-10-07 00:00:00-04:00,56.0,57.150001525878906,55.16999816894531,56.15999984741211,650800,0.0,0.0
2021-10-08 00:00:00-04:00,56.5,56.5,55.2599983215332,55.9900016784668,345900,0.0,0.0
2021-10-11 00:00:00-04:00,55.439998626708984,56.31999969482422,55.099998474121094,55.61000061035156,334800,0.0,0.0
2021-10-12 00:00:00-04:00,56.099998474121094,56.7599983215332,55.5099983215332,56.709999084472656,343000,0.0,0.0
2021-10-13 00:00:00-04:00,56.9900016784668,58.29999923706055,56.84000015258789,57.77000045776367,381200,0.0,0.0
2021-10-14 00:00:00-04:00,58.689998626708984,59.25,58.2400016784668,59.040000915527344,316400,0.0,0.0
2021-10-15 00:00:00-04:00,60.0,60.0,57.150001525878906,57.369998931884766,591900,0.0,0.0
2021-10-18 00:00:00-04:00,57.599998474121094,57.95000076293945,56.52000045776367,57.72999954223633,370900,0.0,0.0
2021-10-19 00:00:00-04:00,57.560001373291016,58.0,56.900001525878906,57.459999084472656,333400,0.0,0.0
2021-10-20 00:00:00-04:00,57.75,58.34000015258789,55.41999816894531,55.560001373291016,533700,0.0,0.0
2021-10-21 00:00:00-04:00,56.13999938964844,57.27000045776367,55.77000045776367,56.290000915527344,533600,0.0,0.0
2021-10-22 00:00:00-04:00,55.75,56.02000045776367,52.7400016784668,53.83000183105469,656100,0.0,0.0
2021-10-25 00:00:00-04:00,53.849998474121094,54.79999923706055,52.97999954223633,53.5,788400,0.0,0.0
2021-10-26 00:00:00-04:00,52.630001068115234,58.45000076293945,50.54999923706055,58.06999969482422,1158300,0.0,0.0
2021-10-27 00:00:00-04:00,58.20000076293945,61.09000015258789,58.150001525878906,58.7599983215332,968500,0.0,0.0
2021-10-28 00:00:00-04:00,58.7599983215332,60.79999923706055,58.2400016784668,60.779998779296875,582400,0.0,0.0
2021-10-29 00:00:00-04:00,60.04999923706055,63.38999938964844,60.04999923706055,62.59000015258789,585400,0.0,0.0
2021-11-01 00:00:00-04:00,62.599998474121094,66.16000366210938,62.599998474121094,65.62000274658203,786700,0.0,0.0
2021-11-02 00:00:00-04:00,67.75,72.8499984741211,67.20999908447266,69.36000061035156,1404900,0.0,0.0
2021-11-03 00:00:00-04:00,69.37000274658203,72.5,68.55999755859375,72.44999694824219,826600,0.0,0.0
2021-11-04 00:00:00-04:00,72.51000213623047,74.69000244140625,70.56999969482422,71.11000061035156,521700,0.0,0.0
2021-11-05 00:00:00-04:00,72.44999694824219,73.12000274658203,70.68000030517578,71.18000030517578,798100,0.0,0.0
2021-11-08 00:00:00-05:00,71.83999633789062,74.05000305175781,71.5999984741211,73.05000305175781,600200,0.0,0.0
2021-11-09 00:00:00-05:00,73.62000274658203,76.47000122070312,72.5199966430664,76.25,911100,0.0,0.0
2021-11-10 00:00:00-05:00,75.19999694824219,76.5999984741211,72.01000213623047,73.08000183105469,531300,0.0,0.0
2021-11-11 00:00:00-05:00,73.80999755859375,75.5999984741211,73.36000061035156,73.45999908447266,523800,0.0,0.0
2021-11-12 00:00:00-05:00,73.7300033569336,75.58000183105469,73.56999969482422,74.9000015258789,397800,0.0,0.0
2021-11-15 00:00:00-05:00,74.75,74.98999786376953,70.37000274658203,71.27999877929688,700300,0.0,0.0
2021-11-16 00:00:00-05:00,70.68000030517578,73.0,70.2300033569336,72.88999938964844,554600,0.0,0.0
2021-11-17 00:00:00-05:00,72.9000015258789,74.13999938964844,71.95999908447266,73.76000213623047,351100,0.0,0.0
2021-11-18 00:00:00-05:00,74.01000213623047,74.22000122070312,72.04000091552734,72.91999816894531,311100,0.0,0.0
2021-11-19 00:00:00-05:00,72.31999969482422,73.83999633789062,71.33999633789062,71.66000366210938,382900,0.0,0.0
2021-11-22 00:00:00-05:00,71.95999908447266,73.0,70.31999969482422,71.51000213623047,372800,0.0,0.0
2021-11-23 00:00:00-05:00,71.01000213623047,73.1500015258789,69.33999633789062,70.41999816894531,438100,0.0,0.0
2021-11-24 00:00:00-05:00,69.72000122070312,70.41999816894531,68.30000305175781,69.73999786376953,385100,0.0,0.0
2021-11-26 00:00:00-05:00,67.44999694824219,68.69000244140625,66.55999755859375,68.04000091552734,346000,0.0,0.0
2021-11-29 00:00:00-05:00,69.4000015258789,70.68000030517578,68.68000030517578,69.1500015258789,437000,0.0,0.0
2021-11-30 00:00:00-05:00,68.37999725341797,68.76000213623047,65.80000305175781,66.95999908447266,740500,0.0,0.0
2021-12-01 00:00:00-05:00,69.0,69.41999816894531,64.79000091552734,65.01000213623047,406300,0.0,0.0
2021-12-02 00:00:00-05:00,64.7699966430664,69.30000305175781,64.55999755859375,68.16000366210938,662300,0.0,0.0
2021-12-03 00:00:00-05:00,68.06999969482422,68.06999969482422,62.849998474121094,65.45999908447266,574500,0.0,0.0
2021-12-06 00:00:00-05:00,66.13999938964844,66.7699966430664,63.630001068115234,65.86000061035156,488500,0.0,0.0
2021-12-07 00:00:00-05:00,67.76000213623047,71.63999938964844,66.6500015258789,70.25,584400,0.0,0.0
2021-12-08 00:00:00-05:00,70.33000183105469,71.20999908447266,68.79000091552734,69.88999938964844,406200,0.0,0.0
2021-12-09 00:00:00-05:00,69.37999725341797,70.79000091552734,67.38999938964844,67.48999786376953,355800,0.0,0.0
2021-12-10 00:00:00-05:00,68.4000015258789,69.30999755859375,66.76000213623047,68.19000244140625,314900,0.0,0.0
2021-12-13 00:00:00-05:00,67.62000274658203,69.0,66.62999725341797,66.95999908447266,429500,0.0,0.0
2021-12-14 00:00:00-05:00,65.79000091552734,66.37000274658203,63.13999938964844,64.31999969482422,572000,0.0,0.0
2021-12-15 00:00:00-05:00,64.33999633789062,67.9800033569336,63.11000061035156,67.58000183105469,739600,0.0,0.0
2021-12-16 00:00:00-05:00,68.52999877929688,68.97000122070312,61.08000183105469,61.380001068115234,786300,0.0,0.0
2021-12-17 00:00:00-05:00,60.560001373291016,62.88999938964844,59.119998931884766,62.029998779296875,867100,0.0,0.0
2021-12-20 00:00:00-05:00,60.380001068115234,61.95000076293945,59.5,60.849998474121094,762500,0.0,0.0
2021-12-21 00:00:00-05:00,61.70000076293945,65.05000305175781,60.90999984741211,64.56999969482422,683900,0.0,0.0
2021-12-22 00:00:00-05:00,63.939998626708984,65.4800033569336,62.33000183105469,65.41999816894531,410000,0.0,0.0
2021-12-23 00:00:00-05:00,65.16000366210938,66.30999755859375,64.31999969482422,66.2300033569336,431800,0.0,0.0
2021-12-27 00:00:00-05:00,66.79000091552734,70.0,66.31999969482422,70.0,525500,0.0,0.0
2021-12-28 00:00:00-05:00,70.05000305175781,70.23999786376953,67.54000091552734,68.41000366210938,535400,0.0,0.0
2021-12-29 00:00:00-05:00,75.55999755859375,80.02999877929688,75.0,78.30000305175781,4143900,0.0,0.0
2021-12-30 00:00:00-05:00,78.08999633789062,79.88999938964844,77.54000091552734,78.69999694824219,1552800,0.0,0.0
2021-12-31 00:00:00-05:00,78.5199966430664,80.94999694824219,78.38999938964844,79.97000122070312,1658100,0.0,0.0
2022-01-03 00:00:00-05:00,79.48999786376953,80.62999725341797,76.83000183105469,77.69999694824219,10504900,0.0,0.0
2022-01-04 00:00:00-05:00,77.69999694824219,77.76000213623047,73.47000122070312,73.66999816894531,1975300,0.0,0.0
2022-01-05 00:00:00-05:00,72.68000030517578,74.81999969482422,69.69000244140625,69.7300033569336,806400,0.0,0.0
2022-01-06 00:00:00-05:00,68.80999755859375,70.58999633789062,66.05000305175781,66.25,1163000,0.0,0.0
2022-01-07 00:00:00-05:00,66.37999725341797,66.69000244140625,59.70000076293945,59.7400016784668,1069400,0.0,0.0
2022-01-10 00:00:00-05:00,58.88999938964844,59.68000030517578,56.09000015258789,57.560001373291016,1197600,0.0,0.0
2022-01-11 00:00:00-05:00,57.16999816894531,57.86000061035156,55.90999984741211,57.18000030517578,752900,0.0,0.0
2022-01-12 00:00:00-05:00,57.810001373291016,58.88999938964844,55.95000076293945,56.02000045776367,997400,0.0,0.0
2022-01-13 00:00:00-05:00,56.18000030517578,57.11000061035156,54.47999954223633,54.68000030517578,822100,0.0,0.0
2022-01-14 00:00:00-05:00,53.91999816894531,55.40999984741211,53.310001373291016,54.70000076293945,646300,0.0,0.0
2022-01-18 00:00:00-05:00,53.20000076293945,53.369998931884766,50.65999984741211,50.75,1051400,0.0,0.0
2022-01-19 00:00:00-05:00,51.5099983215332,52.22999954223633,48.59000015258789,48.68000030517578,970600,0.0,0.0
2022-01-20 00:00:00-05:00,49.70000076293945,49.91999816894531,45.90999984741211,46.11000061035156,829000,0.0,0.0
2022-01-21 00:00:00-05:00,45.52000045776367,46.720001220703125,43.209999084472656,43.38999938964844,1128400,0.0,0.0
2022-01-24 00:00:00-05:00,41.970001220703125,45.470001220703125,40.20000076293945,45.34000015258789,1418000,0.0,0.0
2022-01-25 00:00:00-05:00,43.79999923706055,44.459999084472656,42.43000030517578,42.630001068115234,996900,0.0,0.0
2022-01-26 00:00:00-05:00,43.91999816894531,45.31999969482422,41.0,41.029998779296875,1252100,0.0,0.0
2022-01-27 00:00:00-05:00,43.650001525878906,46.099998474121094,40.2599983215332,40.400001525878906,1406800,0.0,0.0
2022-01-28 00:00:00-05:00,41.25,46.900001525878906,41.08000183105469,46.79999923706055,1759500,0.0,0.0
2022-01-31 00:00:00-05:00,46.720001220703125,50.31999969482422,46.5099983215332,50.279998779296875,1458500,0.0,0.0
2022-02-01 00:00:00-05:00,50.709999084472656,52.5099983215332,49.22999954223633,52.060001373291016,862400,0.0,0.0
2022-02-02 00:00:00-05:00,52.5099983215332,53.099998474121094,49.5099983215332,50.380001068115234,552100,0.0,0.0
2022-02-03 00:00:00-05:00,49.66999816894531,51.06999969482422,49.13999938964844,49.34000015258789,460700,0.0,0.0
2022-02-04 00:00:00-05:00,48.88999938964844,50.97999954223633,48.40999984741211,50.150001525878906,433100,0.0,0.0
2022-02-07 00:00:00-05:00,49.88999938964844,51.56999969482422,49.52000045776367,49.939998626708984,363500,0.0,0.0
2022-02-08 00:00:00-05:00,50.310001373291016,53.4900016784668,50.27000045776367,53.15999984741211,546000,0.0,0.0
2022-02-09 00:00:00-05:00,53.22999954223633,54.720001220703125,53.22999954223633,54.63999938964844,432100,0.0,0.0
2022-02-10 00:00:00-05:00,53.209999084472656,57.959999084472656,53.11000061035156,55.959999084472656,922700,0.0,0.0
2022-02-11 00:00:00-05:00,55.189998626708984,57.400001525878906,53.2400016784668,53.70000076293945,616900,0.0,0.0
2022-02-14 00:00:00-05:00,52.790000915527344,54.66999816894531,51.7599983215332,53.2599983215332,567800,0.0,0.0
2022-02-15 00:00:00-05:00,54.09000015258789,57.38999938964844,53.84000015258789,57.20000076293945,498600,0.0,0.0
2022-02-16 00:00:00-05:00,56.349998474121094,57.56999969482422,55.25,57.25,428700,0.0,0.0
2022-02-17 00:00:00-05:00,56.599998474121094,56.880001068115234,53.54999923706055,54.09000015258789,440500,0.0,0.0
2022-02-18 00:00:00-05:00,54.09000015258789,55.5,53.34000015258789,53.540000915527344,560400,0.0,0.0
2022-02-22 00:00:00-05:00,52.7400016784668,54.09000015258789,51.33000183105469,52.400001525878906,443800,0.0,0.0
2022-02-23 00:00:00-05:00,53.40999984741211,54.75,51.61000061035156,51.65999984741211,618500,0.0,0.0
2022-02-24 00:00:00-05:00,46.880001068115234,51.95000076293945,46.13999938964844,51.91999816894531,1740800,0.0,0.0
2022-02-25 00:00:00-05:00,52.279998779296875,54.91999816894531,50.790000915527344,53.9900016784668,570900,0.0,0.0
2022-02-28 00:00:00-05:00,52.959999084472656,55.060001373291016,52.529998779296875,54.34000015258789,1206800,0.0,0.0
2022-03-01 00:00:00-05:00,54.0,54.630001068115234,51.470001220703125,52.0099983215332,756900,0.0,0.0
2022-03-02 00:00:00-05:00,52.34000015258789,54.68000030517578,51.790000915527344,54.59000015258789,785600,0.0,0.0
2022-03-03 00:00:00-05:00,54.66999816894531,55.65999984741211,50.38999938964844,50.88999938964844,643300,0.0,0.0
2022-03-04 00:00:00-05:00,50.439998626708984,50.779998779296875,47.5,48.52000045776367,1030900,0.0,0.0
2022-03-07 00:00:00-05:00,48.939998626708984,49.849998474121094,46.36000061035156,46.40999984741211,685500,0.0,0.0
2022-03-08 00:00:00-05:00,46.31999969482422,47.91999816894531,45.31999969482422,45.849998474121094,798100,0.0,0.0
2022-03-09 00:00:00-05:00,47.75,48.720001220703125,47.470001220703125,48.04999923706055,690300,0.0,0.0
2022-03-10 00:00:00-05:00,47.400001525878906,47.400001525878906,45.65999984741211,46.83000183105469,580300,0.0,0.0
2022-03-11 00:00:00-05:00,47.58000183105469,47.58000183105469,43.279998779296875,43.4900016784668,805800,0.0,0.0
2022-03-14 00:00:00-04:00,43.58000183105469,44.349998474121094,40.59000015258789,41.0099983215332,1373300,0.0,0.0
2022-03-15 00:00:00-04:00,41.34000015258789,42.25,40.59000015258789,42.20000076293945,668900,0.0,0.0
2022-03-16 00:00:00-04:00,43.150001525878906,45.060001373291016,43.0,44.95000076293945,992800,0.0,0.0
2022-03-17 00:00:00-04:00,44.689998626708984,46.02000045776367,44.13999938964844,45.529998779296875,894000,0.0,0.0
2022-03-18 00:00:00-04:00,45.959999084472656,47.150001525878906,45.29999923706055,46.779998779296875,1060000,0.0,0.0
2022-03-21 00:00:00-04:00,46.22999954223633,46.91999816894531,43.77000045776367,44.9900016784668,1067800,0.0,0.0
2022-03-22 00:00:00-04:00,44.9900016784668,46.34000015258789,44.47999954223633,45.65999984741211,940600,0.0,0.0
2022-03-23 00:00:00-04:00,45.130001068115234,45.2400016784668,42.95000076293945,42.9900016784668,571100,0.0,0.0
2022-03-24 00:00:00-04:00,43.0,43.47999954223633,42.43000030517578,43.0,699800,0.0,0.0
2022-03-25 00:00:00-04:00,43.11000061035156,43.54999923706055,41.63999938964844,42.61000061035156,419400,0.0,0.0
2022-03-28 00:00:00-04:00,42.439998626708984,42.790000915527344,40.779998779296875,41.83000183105469,502300,0.0,0.0
2022-03-29 00:00:00-04:00,42.54999923706055,44.279998779296875,42.5099983215332,43.70000076293945,486300,0.0,0.0
2022-03-30 00:00:00-04:00,43.15999984741211,43.70000076293945,41.400001525878906,41.4900016784668,375300,0.0,0.0
2022-03-31 00:00:00-04:00,41.7400016784668,43.75,41.709999084472656,42.90999984741211,1277700,0.0,0.0
2022-04-01 00:00:00-04:00,42.86000061035156,43.630001068115234,40.52000045776367,41.81999969482422,1011700,0.0,0.0
2022-04-04 00:00:00-04:00,42.0,42.959999084472656,41.27000045776367,42.380001068115234,389400,0.0,0.0
2022-04-05 00:00:00-04:00,42.34000015258789,42.619998931884766,40.689998626708984,40.810001373291016,533200,0.0,0.0
2022-04-06 00:00:00-04:00,40.0,40.150001525878906,36.5,37.79999923706055,1342100,0.0,0.0
2022-04-07 00:00:00-04:00,38.959999084472656,40.279998779296875,38.209999084472656,39.68000030517578,675800,0.0,0.0
2022-04-08 00:00:00-04:00,39.279998779296875,39.54999923706055,38.209999084472656,38.56999969482422,441900,0.0,0.0
2022-04-11 00:00:00-04:00,37.91999816894531,39.2400016784668,37.47999954223633,37.65999984741211,463900,0.0,0.0
2022-04-12 00:00:00-04:00,39.09000015258789,41.130001068115234,38.38999938964844,39.02000045776367,695500,0.0,0.0
2022-04-13 00:00:00-04:00,39.13999938964844,40.459999084472656,38.939998626708984,40.13999938964844,538000,0.0,0.0
2022-04-14 00:00:00-04:00,40.380001068115234,40.79999923706055,38.650001525878906,38.68000030517578,404500,0.0,0.0
2022-04-18 00:00:00-04:00,38.349998474121094,39.40999984741211,37.7400016784668,38.790000915527344,320100,0.0,0.0
2022-04-19 00:00:00-04:00,38.540000915527344,40.36000061035156,38.2400016784668,39.619998931884766,309400,0.0,0.0
2022-04-20 00:00:00-04:00,40.380001068115234,40.400001525878906,39.029998779296875,39.2599983215332,325700,0.0,0.0
2022-04-21 00:00:00-04:00,40.099998474121094,40.849998474121094,38.13999938964844,38.33000183105469,589500,0.0,0.0
2022-04-22 00:00:00-04:00,38.45000076293945,39.13999938964844,37.36000061035156,37.5099983215332,369600,0.0,0.0
2022-04-25 00:00:00-04:00,36.86000061035156,39.880001068115234,36.77000045776367,39.619998931884766,1069900,0.0,0.0
2022-04-26 00:00:00-04:00,40.79999923706055,42.869998931884766,38.09000015258789,38.09000015258789,1102400,0.0,0.0
2022-04-27 00:00:00-04:00,37.0,40.16999816894531,36.93000030517578,39.75,931300,0.0,0.0
2022-04-28 00:00:00-04:00,39.95000076293945,42.470001220703125,38.66999816894531,41.7400016784668,791400,0.0,0.0
2022-04-29 00:00:00-04:00,41.130001068115234,42.52000045776367,39.68000030517578,39.90999984741211,599100,0.0,0.0
2022-05-02 00:00:00-04:00,39.880001068115234,41.68000030517578,39.349998474121094,41.619998931884766,599200,0.0,0.0
2022-05-03 00:00:00-04:00,41.5,42.2400016784668,40.65999984741211,41.0099983215332,536400,0.0,0.0
2022-05-04 00:00:00-04:00,41.13999938964844,41.43000030517578,38.27000045776367,41.369998931884766,674000,0.0,0.0
2022-05-05 00:00:00-04:00,40.400001525878906,41.040000915527344,38.0,38.29999923706055,856600,0.0,0.0
2022-05-06 00:00:00-04:00,37.91999816894531,38.790000915527344,36.63999938964844,38.0099983215332,480300,0.0,0.0
2022-05-09 00:00:00-04:00,37.060001373291016,37.45000076293945,34.349998474121094,34.630001068115234,638400,0.0,0.0
2022-05-10 00:00:00-04:00,35.79999923706055,36.41999816894531,33.61000061035156,34.970001220703125,780900,0.0,0.0
2022-05-11 00:00:00-04:00,34.72999954223633,36.29999923706055,33.86000061035156,33.91999816894531,563700,0.0,0.0
2022-05-12 00:00:00-04:00,33.439998626708984,35.529998779296875,32.81999969482422,33.459999084472656,930200,0.0,0.0
2022-05-13 00:00:00-04:00,34.59000015258789,35.88999938964844,34.029998779296875,35.88999938964844,967900,0.0,0.0
2022-05-16 00:00:00-04:00,35.40999984741211,35.439998626708984,33.5099983215332,33.619998931884766,525000,0.0,0.0
2022-05-17 00:00:00-04:00,34.66999816894531,35.86000061035156,34.290000915527344,35.84000015258789,545700,0.0,0.0
2022-05-18 00:00:00-04:00,35.22999954223633,35.79999923706055,33.619998931884766,34.29999923706055,469100,0.0,0.0
2022-05-19 00:00:00-04:00,33.58000183105469,35.97999954223633,33.33000183105469,35.439998626708984,744700,0.0,0.0
2022-05-20 00:00:00-04:00,36.119998931884766,36.380001068115234,33.90999984741211,34.83000183105469,623000,0.0,0.0
2022-05-23 00:00:00-04:00,35.029998779296875,35.310001373291016,33.869998931884766,34.720001220703125,495300,0.0,0.0
2022-05-24 00:00:00-04:00,34.34000015258789,34.34000015258789,32.560001373291016,33.31999969482422,602000,0.0,0.0
2022-05-25 00:00:00-04:00,33.029998779296875,35.900001525878906,32.77000045776367,35.869998931884766,697500,0.0,0.0
2022-05-26 00:00:00-04:00,35.939998626708984,36.9900016784668,35.779998779296875,36.650001525878906,1019600,0.0,0.0
2022-05-27 00:00:00-04:00,37.2400016784668,38.22999954223633,37.09000015258789,37.810001373291016,517600,0.0,0.0
2022-05-31 00:00:00-04:00,37.79999923706055,37.90999984741211,36.5099983215332,36.939998626708984,509900,0.0,0.0
2022-06-01 00:00:00-04:00,37.43000030517578,37.790000915527344,35.75,37.36000061035156,406000,0.0,0.0
2022-06-02 00:00:00-04:00,37.68000030517578,40.150001525878906,37.68000030517578,39.779998779296875,403300,0.0,0.0
2022-06-03 00:00:00-04:00,38.75,39.54999923706055,37.900001525878906,38.209999084472656,318800,0.0,0.0
2022-06-06 00:00:00-04:00,38.849998474121094,39.369998931884766,37.36000061035156,37.75,221000,0.0,0.0
2022-06-07 00:00:00-04:00,37.220001220703125,38.7599983215332,37.220001220703125,38.689998626708984,260500,0.0,0.0
2022-06-08 00:00:00-04:00,38.41999816894531,39.130001068115234,37.93000030517578,38.349998474121094,254200,0.0,0.0
2022-06-09 00:00:00-04:00,37.97999954223633,38.22999954223633,36.790000915527344,36.86000061035156,289700,0.0,0.0
2022-06-10 00:00:00-04:00,35.79999923706055,36.7400016784668,35.11000061035156,35.68000030517578,339400,0.0,0.0
2022-06-13 00:00:00-04:00,34.25,35.029998779296875,33.189998626708984,33.369998931884766,576900,0.0,0.0
2022-06-14 00:00:00-04:00,33.630001068115234,34.20000076293945,33.029998779296875,33.88999938964844,312600,0.0,0.0
2022-06-15 00:00:00-04:00,34.47999954223633,35.45000076293945,33.77000045776367,34.75,463000,0.0,0.0
2022-06-16 00:00:00-04:00,33.869998931884766,33.91999816894531,31.59000015258789,32.31999969482422,629000,0.0,0.0
2022-06-17 00:00:00-04:00,32.59000015258789,34.040000915527344,32.54999923706055,33.0,864500,0.0,0.0
2022-06-21 00:00:00-04:00,33.90999984741211,34.36000061035156,33.150001525878906,34.31999969482422,503800,0.0,0.0
2022-06-22 00:00:00-04:00,33.709999084472656,35.59000015258789,33.709999084472656,35.45000076293945,705400,0.0,0.0
2022-06-23 00:00:00-04:00,35.709999084472656,36.310001373291016,35.33000183105469,36.0,435800,0.0,0.0
2022-06-24 00:00:00-04:00,36.380001068115234,37.06999969482422,36.0099983215332,36.13999938964844,702000,0.0,0.0
2022-06-27 00:00:00-04:00,36.529998779296875,36.95000076293945,35.65999984741211,36.369998931884766,376200,0.0,0.0
2022-06-28 00:00:00-04:00,36.65999984741211,37.029998779296875,34.93000030517578,34.959999084472656,279900,0.0,0.0
2022-06-29 00:00:00-04:00,34.970001220703125,34.970001220703125,34.0,34.95000076293945,434400,0.0,0.0
2022-06-30 00:00:00-04:00,34.36000061035156,34.75,33.189998626708984,34.13999938964844,356200,0.0,0.0
2022-07-01 00:00:00-04:00,33.790000915527344,35.0,33.18000030517578,34.959999084472656,387700,0.0,0.0
2022-07-05 00:00:00-04:00,34.06999969482422,35.70000076293945,33.849998474121094,34.4900016784668,1191900,0.0,0.0
2022-07-06 00:00:00-04:00,34.63999938964844,35.7599983215332,34.529998779296875,35.36000061035156,398300,0.0,0.0
2022-07-07 00:00:00-04:00,35.970001220703125,39.099998474121094,35.63999938964844,39.04999923706055,527500,0.0,0.0
2022-07-08 00:00:00-04:00,38.56999969482422,40.709999084472656,38.29999923706055,40.560001373291016,571200,0.0,0.0
2022-07-11 00:00:00-04:00,40.220001220703125,40.529998779296875,39.040000915527344,39.970001220703125,414700,0.0,0.0
2022-07-12 00:00:00-04:00,40.0,40.810001373291016,38.70000076293945,39.060001373291016,419700,0.0,0.0
2022-07-13 00:00:00-04:00,38.0099983215332,39.95000076293945,37.52000045776367,39.529998779296875,287900,0.0,0.0
2022-07-14 00:00:00-04:00,38.97999954223633,38.97999954223633,37.380001068115234,38.58000183105469,432900,0.0,0.0
2022-07-15 00:00:00-04:00,39.43000030517578,39.810001373291016,38.290000915527344,39.54999923706055,263100,0.0,0.0
2022-07-18 00:00:00-04:00,40.0,40.880001068115234,39.11000061035156,39.29999923706055,394100,0.0,0.0
2022-07-19 00:00:00-04:00,40.0,42.45000076293945,39.83000183105469,42.38999938964844,580300,0.0,0.0
2022-07-20 00:00:00-04:00,42.27000045776367,45.29999923706055,42.25,45.04999923706055,795100,0.0,0.0
2022-07-21 00:00:00-04:00,44.939998626708984,47.38999938964844,44.5099983215332,47.20000076293945,756400,0.0,0.0
2022-07-22 00:00:00-04:00,46.97999954223633,47.04999923706055,44.970001220703125,45.279998779296875,605800,0.0,0.0
2022-07-25 00:00:00-04:00,45.47999954223633,45.47999954223633,43.5099983215332,44.31999969482422,563800,0.0,0.0
2022-07-26 00:00:00-04:00,48.150001525878906,51.33000183105469,47.0099983215332,50.380001068115234,1884900,0.0,0.0
2022-07-27 00:00:00-04:00,52.119998931884766,55.15999984741211,51.45000076293945,55.08000183105469,1410500,0.0,0.0
2022-07-28 00:00:00-04:00,55.54999923706055,56.90999984741211,54.11000061035156,56.90999984741211,933000,0.0,0.0
2022-07-29 00:00:00-04:00,56.90999984741211,57.72999954223633,55.59000015258789,57.040000915527344,718000,0.0,0.0
2022-08-01 00:00:00-04:00,56.45000076293945,58.59000015258789,56.119998931884766,57.75,663100,0.0,0.0
2022-08-02 00:00:00-04:00,57.45000076293945,58.45000076293945,56.619998931884766,58.0,491500,0.0,0.0
2022-08-03 00:00:00-04:00,58.400001525878906,59.06999969482422,57.380001068115234,58.2400016784668,487000,0.0,0.0
2022-08-04 00:00:00-04:00,58.0099983215332,58.900001525878906,57.5099983215332,58.810001373291016,370500,0.0,0.0
2022-08-05 00:00:00-04:00,57.77000045776367,59.279998779296875,57.47999954223633,59.15999984741211,384600,0.0,0.0
2022-08-08 00:00:00-04:00,58.900001525878906,59.31999969482422,56.16999816894531,57.470001220703125,667600,0.0,0.0
2022-08-09 00:00:00-04:00,57.209999084472656,57.84000015258789,56.54999923706055,57.27000045776367,413500,0.0,0.0
2022-08-10 00:00:00-04:00,58.70000076293945,59.06999969482422,57.560001373291016,58.529998779296875,574100,0.0,0.0
2022-08-11 00:00:00-04:00,58.45000076293945,59.220001220703125,56.15999984741211,56.18000030517578,799000,0.0,0.0
2022-08-12 00:00:00-04:00,56.529998779296875,57.56999969482422,56.150001525878906,56.77000045776367,754300,0.0,0.0
2022-08-15 00:00:00-04:00,56.290000915527344,57.27000045776367,55.58000183105469,56.900001525878906,750400,0.0,0.0
2022-08-16 00:00:00-04:00,56.63999938964844,57.72999954223633,55.939998626708984,56.88999938964844,452600,0.0,0.0
2022-08-17 00:00:00-04:00,56.02000045776367,56.45000076293945,55.0,55.779998779296875,520700,0.0,0.0
2022-08-18 00:00:00-04:00,56.36000061035156,58.43000030517578,56.099998474121094,58.20000076293945,436400,0.0,0.0
2022-08-19 00:00:00-04:00,57.41999816894531,57.900001525878906,56.400001525878906,57.83000183105469,427900,0.0,0.0
2022-08-22 00:00:00-04:00,56.209999084472656,57.060001373291016,55.5099983215332,56.54999923706055,334400,0.0,0.0
2022-08-23 00:00:00-04:00,56.63999938964844,57.79999923706055,56.27000045776367,56.779998779296875,255600,0.0,0.0
2022-08-24 00:00:00-04:00,57.11000061035156,58.16999816894531,56.65999984741211,58.06999969482422,347600,0.0,0.0
2022-08-25 00:00:00-04:00,58.84000015258789,62.56999969482422,58.84000015258789,62.06999969482422,785300,0.0,0.0
2022-08-26 00:00:00-04:00,61.5099983215332,62.4900016784668,58.68000030517578,58.790000915527344,519700,0.0,0.0
2022-08-29 00:00:00-04:00,57.810001373291016,59.650001525878906,57.099998474121094,59.29999923706055,516200,0.0,0.0
2022-08-30 00:00:00-04:00,59.88999938964844,60.72999954223633,57.20000076293945,58.630001068115234,474900,0.0,0.0
2022-08-31 00:00:00-04:00,58.900001525878906,59.68000030517578,58.36000061035156,58.849998474121094,505700,0.0,0.0
2022-09-01 00:00:00-04:00,57.45000076293945,57.88999938964844,55.61000061035156,57.58000183105469,444400,0.0,0.0
2022-09-02 00:00:00-04:00,58.70000076293945,58.70000076293945,55.959999084472656,57.0,415000,0.0,0.0
2022-09-06 00:00:00-04:00,57.68000030517578,57.790000915527344,54.7599983215332,55.83000183105469,473200,0.0,0.0
2022-09-07 00:00:00-04:00,56.34000015258789,57.209999084472656,55.560001373291016,56.689998626708984,335800,0.0,0.0
2022-09-08 00:00:00-04:00,55.68000030517578,57.630001068115234,55.459999084472656,57.369998931884766,420900,0.0,0.0
2022-09-09 00:00:00-04:00,58.349998474121094,58.58000183105469,57.619998931884766,58.0,286500,0.0,0.0
2022-09-12 00:00:00-04:00,58.29999923706055,59.2400016784668,57.540000915527344,59.130001068115234,364700,0.0,0.0
2022-09-13 00:00:00-04:00,57.25,57.7400016784668,56.0099983215332,56.650001525878906,340700,0.0,0.0
2022-09-14 00:00:00-04:00,57.31999969482422,58.209999084472656,56.779998779296875,57.86000061035156,410300,0.0,0.0
2022-09-15 00:00:00-04:00,57.04999923706055,57.7599983215332,55.849998474121094,56.439998626708984,284600,0.0,0.0
2022-09-16 00:00:00-04:00,55.72999954223633,58.22999954223633,54.58000183105469,58.09000015258789,873100,0.0,0.0
2022-09-19 00:00:00-04:00,57.0099983215332,58.5,56.290000915527344,57.83000183105469,429400,0.0,0.0
2022-09-20 00:00:00-04:00,56.9900016784668,59.41999816894531,56.95000076293945,58.75,574800,0.0,0.0
2022-09-21 00:00:00-04:00,58.9900016784668,62.59000015258789,58.68000030517578,59.68000030517578,691700,0.0,0.0
2022-09-22 00:00:00-04:00,59.0,59.720001220703125,57.040000915527344,59.18000030517578,763900,0.0,0.0
2022-09-23 00:00:00-04:00,58.060001373291016,58.459999084472656,56.66999816894531,57.43000030517578,662600,0.0,0.0
2022-09-26 00:00:00-04:00,57.279998779296875,60.75,56.93000030517578,56.97999954223633,494000,0.0,0.0
2022-09-27 00:00:00-04:00,58.20000076293945,60.72999954223633,58.20000076293945,60.34000015258789,644500,0.0,0.0
2022-09-28 00:00:00-04:00,60.810001373291016,63.189998626708984,60.09000015258789,62.439998626708984,742400,0.0,0.0
2022-09-29 00:00:00-04:00,61.40999984741211,61.560001373291016,59.529998779296875,60.040000915527344,666500,0.0,0.0
2022-09-30 00:00:00-04:00,59.77000045776367,64.47000122070312,59.77000045776367,61.13999938964844,925900,0.0,0.0
2022-10-03 00:00:00-04:00,62.369998931884766,63.06999969482422,60.349998474121094,61.52000045776367,720800,0.0,0.0
2022-10-04 00:00:00-04:00,62.40999984741211,64.48999786376953,61.380001068115234,62.5,934000,0.0,0.0
2022-10-05 00:00:00-04:00,61.52000045776367,61.900001525878906,59.84000015258789,60.79999923706055,512800,0.0,0.0
2022-10-06 00:00:00-04:00,60.779998779296875,63.81999969482422,60.779998779296875,62.91999816894531,511900,0.0,0.0
2022-10-07 00:00:00-04:00,61.34000015258789,62.060001373291016,60.11000061035156,60.560001373291016,379900,0.0,0.0
2022-10-10 00:00:00-04:00,60.560001373291016,60.83000183105469,57.54999923706055,58.470001220703125,398000,0.0,0.0
2022-10-11 00:00:00-04:00,57.810001373291016,59.86000061035156,56.119998931884766,58.349998474121094,506900,0.0,0.0
2022-10-12 00:00:00-04:00,59.650001525878906,60.83000183105469,58.40999984741211,60.34000015258789,443100,0.0,0.0
2022-10-13 00:00:00-04:00,58.650001525878906,62.20000076293945,58.0099983215332,62.04999923706055,476600,0.0,0.0
2022-10-14 00:00:00-04:00,62.54999923706055,63.650001525878906,57.560001373291016,57.619998931884766,565100,0.0,0.0
2022-10-17 00:00:00-04:00,59.41999816894531,60.58000183105469,58.79999923706055,59.7599983215332,582900,0.0,0.0
2022-10-18 00:00:00-04:00,61.66999816894531,62.38999938964844,60.0099983215332,61.150001525878906,421700,0.0,0.0
2022-10-19 00:00:00-04:00,60.349998474121094,61.119998931884766,59.540000915527344,60.38999938964844,353000,0.0,0.0
2022-10-20 00:00:00-04:00,60.400001525878906,62.459999084472656,59.52000045776367,60.0,354800,0.0,0.0
2022-10-21 00:00:00-04:00,60.29999923706055,61.70000076293945,59.220001220703125,61.08000183105469,387500,0.0,0.0
2022-10-24 00:00:00-04:00,61.290000915527344,61.349998474121094,58.72999954223633,60.34000015258789,679500,0.0,0.0
2022-10-25 00:00:00-04:00,66.19000244140625,72.58000183105469,65.16000366210938,71.4000015258789,1892400,0.0,0.0
2022-10-26 00:00:00-04:00,71.87999725341797,75.45999908447266,71.72000122070312,73.69000244140625,1050000,0.0,0.0
2022-10-27 00:00:00-04:00,74.37000274658203,74.52999877929688,71.22000122070312,72.73999786376953,902200,0.0,0.0
2022-10-28 00:00:00-04:00,72.83999633789062,74.66000366210938,72.25,73.12000274658203,540500,0.0,0.0
2022-10-31 00:00:00-04:00,72.58000183105469,75.01000213623047,72.26000213623047,73.63999938964844,567400,0.0,0.0
2022-11-01 00:00:00-04:00,73.91999816894531,74.25,72.12999725341797,73.55000305175781,403000,0.0,0.0
2022-11-02 00:00:00-04:00,73.30000305175781,74.91000366210938,69.54000091552734,69.95999908447266,620800,0.0,0.0
2022-11-03 00:00:00-04:00,69.33999633789062,72.08000183105469,68.55000305175781,70.97000122070312,477100,0.0,0.0
2022-11-04 00:00:00-04:00,71.55000305175781,72.05999755859375,67.75,68.41999816894531,602400,0.0,0.0
2022-11-07 00:00:00-05:00,68.6500015258789,69.61000061035156,66.25,66.83999633789062,534100,0.0,0.0
2022-11-08 00:00:00-05:00,67.77999877929688,68.9800033569336,65.87000274658203,67.0999984741211,416500,0.0,0.0
2022-11-09 00:00:00-05:00,66.62000274658203,67.41000366210938,61.5,64.12000274658203,960400,0.0,0.0
2022-11-10 00:00:00-05:00,69.44000244140625,69.87000274658203,65.66000366210938,67.16000366210938,888300,0.0,0.0
2022-11-11 00:00:00-05:00,67.23999786376953,69.91000366210938,66.30000305175781,66.62999725341797,625600,0.0,0.0
2022-11-14 00:00:00-05:00,66.12000274658203,68.12999725341797,66.01000213623047,66.61000061035156,387500,0.0,0.0
2022-11-15 00:00:00-05:00,67.48999786376953,68.56999969482422,66.36000061035156,67.06999969482422,414000,0.0,0.0
2022-11-16 00:00:00-05:00,66.83000183105469,67.55999755859375,65.33000183105469,66.51000213623047,380300,0.0,0.0
2022-11-17 00:00:00-05:00,65.5999984741211,66.05000305175781,64.23999786376953,65.51000213623047,331700,0.0,0.0
2022-11-18 00:00:00-05:00,68.08000183105469,70.62999725341797,67.80000305175781,69.81999969482422,746100,0.0,0.0
2022-11-21 00:00:00-05:00,69.44999694824219,69.44999694824219,66.27999877929688,67.44000244140625,416300,0.0,0.0
2022-11-22 00:00:00-05:00,67.98999786376953,67.98999786376953,65.33999633789062,67.37999725341797,367500,0.0,0.0
2022-11-23 00:00:00-05:00,67.62000274658203,69.5,67.5999984741211,68.48999786376953,285500,0.0,0.0
2022-11-25 00:00:00-05:00,67.98999786376953,69.69000244140625,67.2699966430664,68.4000015258789,130400,0.0,0.0
2022-11-28 00:00:00-05:00,67.55999755859375,68.37000274658203,65.68000030517578,66.06999969482422,853400,0.0,0.0
2022-11-29 00:00:00-05:00,66.11000061035156,66.86000061035156,64.69000244140625,66.83000183105469,372000,0.0,0.0
2022-11-30 00:00:00-05:00,67.0,71.36000061035156,66.33000183105469,71.30000305175781,622900,0.0,0.0
2022-12-01 00:00:00-05:00,70.9000015258789,71.5,67.41000366210938,70.2699966430664,571100,0.0,0.0
2022-12-02 00:00:00-05:00,69.37000274658203,72.4800033569336,69.05000305175781,72.33000183105469,430800,0.0,0.0
2022-12-05 00:00:00-05:00,73.0,73.45999908447266,70.68000030517578,72.16999816894531,505100,0.0,0.0
2022-12-06 00:00:00-05:00,72.12999725341797,72.29000091552734,69.37000274658203,70.25,409500,0.0,0.0
2022-12-07 00:00:00-05:00,69.48999786376953,70.22000122070312,68.6500015258789,69.80999755859375,284600,0.0,0.0
2022-12-08 00:00:00-05:00,70.69000244140625,74.12999725341797,70.06999969482422,73.55999755859375,465100,0.0,0.0
2022-12-09 00:00:00-05:00,73.33000183105469,73.58999633789062,71.76000213623047,72.68000030517578,428400,0.0,0.0
2022-12-12 00:00:00-05:00,72.73999786376953,74.56999969482422,72.12999725341797,74.41999816894531,496000,0.0,0.0
2022-12-13 00:00:00-05:00,75.58999633789062,77.44000244140625,73.69000244140625,74.33999633789062,561800,0.0,0.0
2022-12-14 00:00:00-05:00,74.6500015258789,76.25,74.1500015258789,74.58999633789062,452300,0.0,0.0
2022-12-15 00:00:00-05:00,73.41000366210938,73.75,70.91000366210938,71.2699966430664,380700,0.0,0.0
2022-12-16 00:00:00-05:00,70.29000091552734,71.94000244140625,69.16000366210938,70.01000213623047,1024400,0.0,0.0
2022-12-19 00:00:00-05:00,69.94999694824219,69.94999694824219,67.23999786376953,67.66999816894531,427900,0.0,0.0
2022-12-20 00:00:00-05:00,67.51000213623047,68.70999908447266,66.51000213623047,68.44999694824219,389200,0.0,0.0
2022-12-21 00:00:00-05:00,69.05999755859375,69.22000122070312,67.95999908447266,68.4800033569336,347700,0.0,0.0
2022-12-22 00:00:00-05:00,68.41000366210938,68.80999755859375,66.83999633789062,67.61000061035156,322900,0.0,0.0
2022-12-23 00:00:00-05:00,67.0999984741211,67.95999908447266,66.05000305175781,67.47000122070312,196100,0.0,0.0
2022-12-27 00:00:00-05:00,67.79000091552734,68.01000213623047,66.69000244140625,67.06999969482422,234600,0.0,0.0
2022-12-28 00:00:00-05:00,66.98999786376953,68.20999908447266,65.83000183105469,66.18000030517578,314100,0.0,0.0
2022-12-29 00:00:00-05:00,67.26000213623047,69.18000030517578,67.08000183105469,68.66000366210938,252700,0.0,0.0
2022-12-30 00:00:00-05:00,67.83000183105469,68.61000061035156,67.30000305175781,68.43000030517578,264500,0.0,0.0
2023-01-03 00:00:00-05:00,69.4800033569336,69.87999725341797,67.12999725341797,68.25,384200,0.0,0.0
2023-01-04 00:00:00-05:00,69.33999633789062,69.95999908447266,66.41000366210938,66.69999694824219,312300,0.0,0.0
2023-01-05 00:00:00-05:00,66.0,66.36000061035156,64.62999725341797,64.83999633789062,334000,0.0,0.0
2023-01-06 00:00:00-05:00,65.66999816894531,69.77999877929688,64.7300033569336,69.44999694824219,410100,0.0,0.0
2023-01-09 00:00:00-05:00,69.80999755859375,71.58999633789062,69.22000122070312,69.33000183105469,354500,0.0,0.0
2023-01-10 00:00:00-05:00,68.94000244140625,70.0,68.41000366210938,69.27999877929688,227000,0.0,0.0
2023-01-11 00:00:00-05:00,69.75,69.75,56.400001525878906,59.849998474121094,3601700,0.0,0.0
2023-01-12 00:00:00-05:00,61.470001220703125,65.36000061035156,60.880001068115234,64.12999725341797,2044400,0.0,0.0
2023-01-13 00:00:00-05:00,63.15999984741211,65.02999877929688,63.15999984741211,64.27999877929688,602800,0.0,0.0
2023-01-17 00:00:00-05:00,64.01000213623047,64.8499984741211,61.900001525878906,62.209999084472656,601700,0.0,0.0
2023-01-18 00:00:00-05:00,63.22999954223633,63.36000061035156,59.52000045776367,59.54999923706055,922900,0.0,0.0
2023-01-19 00:00:00-05:00,59.20000076293945,59.54999923706055,57.310001373291016,57.36000061035156,752700,0.0,0.0
2023-01-20 00:00:00-05:00,57.900001525878906,57.900001525878906,55.099998474121094,56.9900016784668,1339600,0.0,0.0
2023-01-23 00:00:00-05:00,57.790000915527344,59.06999969482422,57.06999969482422,58.33000183105469,725900,0.0,0.0
2023-01-24 00:00:00-05:00,58.029998779296875,59.20000076293945,55.70000076293945,58.2599983215332,596200,0.0,0.0
2023-01-25 00:00:00-05:00,57.20000076293945,58.54999923706055,55.79999923706055,57.95000076293945,903000,0.0,0.0
2023-01-26 00:00:00-05:00,61.27000045776367,63.900001525878906,55.560001373291016,56.5,1763500,0.0,0.0
2023-01-27 00:00:00-05:00,56.349998474121094,56.43000030517578,50.72999954223633,51.099998474121094,3048600,0.0,0.0
2023-01-30 00:00:00-05:00,51.349998474121094,53.439998626708984,51.20000076293945,51.720001220703125,1426000,0.0,0.0
2023-01-31 00:00:00-05:00,51.599998474121094,53.31999969482422,51.599998474121094,52.63999938964844,846900,0.0,0.0
2023-02-01 00:00:00-05:00,52.43000030517578,54.16999816894531,51.560001373291016,53.779998779296875,680900,0.0,0.0
2023-02-02 00:00:00-05:00,54.59000015258789,55.900001525878906,53.7400016784668,54.810001373291016,995700,0.0,0.0
2023-02-03 00:00:00-05:00,53.75,54.90999984741211,52.400001525878906,52.47999954223633,1194200,0.0,0.0
2023-02-06 00:00:00-05:00,51.779998779296875,52.95000076293945,51.439998626708984,52.38999938964844,1160200,0.0,0.0
2023-02-07 00:00:00-05:00,52.08000183105469,52.36000061035156,49.630001068115234,51.2400016784668,1806900,0.0,0.0
2023-02-08 00:00:00-05:00,51.650001525878906,51.9900016784668,49.849998474121094,50.599998474121094,1105800,0.0,0.0
2023-02-09 00:00:00-05:00,51.11000061035156,51.75,50.470001220703125,51.54999923706055,1073000,0.0,0.0
2023-02-10 00:00:00-05:00,51.400001525878906,52.58000183105469,51.099998474121094,51.9900016784668,730500,0.0,0.0
2023-02-13 00:00:00-05:00,52.099998474121094,52.720001220703125,51.459999084472656,52.68000030517578,609300,0.0,0.0
2023-02-14 00:00:00-05:00,52.5,54.08000183105469,52.029998779296875,53.2400016784668,594000,0.0,0.0
2023-02-15 00:00:00-05:00,52.95000076293945,54.06999969482422,52.66999816894531,53.09000015258789,572100,0.0,0.0
2023-02-16 00:00:00-05:00,52.43000030517578,53.939998626708984,52.11000061035156,53.11000061035156,418300,0.0,0.0
2023-02-17 00:00:00-05:00,53.220001220703125,53.2400016784668,51.7400016784668,52.38999938964844,574200,0.0,0.0
2023-02-21 00:00:00-05:00,51.630001068115234,52.099998474121094,50.279998779296875,50.709999084472656,435600,0.0,0.0
2023-02-22 00:00:00-05:00,50.91999816894531,51.689998626708984,50.369998931884766,51.209999084472656,431900,0.0,0.0
2023-02-23 00:00:00-05:00,51.77000045776367,52.61000061035156,50.900001525878906,52.36000061035156,444700,0.0,0.0
2023-02-24 00:00:00-05:00,51.47999954223633,51.810001373291016,50.290000915527344,50.81999969482422,456000,0.0,0.0
2023-02-27 00:00:00-05:00,51.45000076293945,51.45000076293945,50.15999984741211,50.470001220703125,358400,0.0,0.0
2023-02-28 00:00:00-05:00,50.16999816894531,51.380001068115234,50.0099983215332,51.150001525878906,538600,0.0,0.0
2023-03-01 00:00:00-05:00,51.349998474121094,51.779998779296875,50.04999923706055,50.060001373291016,455400,0.0,0.0
2023-03-02 00:00:00-05:00,50.0,50.349998474121094,49.18000030517578,50.209999084472656,478100,0.0,0.0
2023-03-03 00:00:00-05:00,50.470001220703125,51.0099983215332,50.02000045776367,50.9900016784668,629600,0.0,0.0
2023-03-06 00:00:00-05:00,51.380001068115234,51.380001068115234,49.880001068115234,49.91999816894531,420200,0.0,0.0
2023-03-07 00:00:00-05:00,49.970001220703125,50.529998779296875,49.22999954223633,50.22999954223633,686500,0.0,0.0
2023-03-08 00:00:00-05:00,50.27000045776367,51.369998931884766,50.0099983215332,50.93000030517578,389500,0.0,0.0
2023-03-09 00:00:00-05:00,50.91999816894531,51.27000045776367,49.470001220703125,49.5099983215332,452300,0.0,0.0
2023-03-10 00:00:00-05:00,49.38999938964844,49.38999938964844,47.119998931884766,47.689998626708984,555300,0.0,0.0
2023-03-13 00:00:00-04:00,46.900001525878906,47.880001068115234,46.47999954223633,46.970001220703125,506500,0.0,0.0
2023-03-14 00:00:00-04:00,48.369998931884766,49.83000183105469,48.369998931884766,49.720001220703125,573600,0.0,0.0
2023-03-15 00:00:00-04:00,48.560001373291016,50.310001373291016,48.400001525878906,50.279998779296875,643700,0.0,0.0
2023-03-16 00:00:00-04:00,49.75,53.15999984741211,49.75,52.290000915527344,1010900,0.0,0.0
2023-03-17 00:00:00-04:00,52.34000015258789,52.36000061035156,50.209999084472656,51.33000183105469,657900,0.0,0.0
2023-03-20 00:00:00-04:00,51.529998779296875,52.630001068115234,51.27000045776367,51.81999969482422,439200,0.0,0.0
2023-03-21 00:00:00-04:00,52.41999816894531,53.36000061035156,52.06999969482422,52.97999954223633,444900,0.0,0.0
2023-03-22 00:00:00-04:00,52.529998779296875,53.0,50.7599983215332,50.84000015258789,356600,0.0,0.0
2023-03-23 00:00:00-04:00,51.36000061035156,52.83000183105469,50.869998931884766,51.31999969482422,354600,0.0,0.0
2023-03-24 00:00:00-04:00,51.029998779296875,52.04999923706055,50.459999084472656,51.83000183105469,382400,0.0,0.0
2023-03-27 00:00:00-04:00,52.11000061035156,52.599998474121094,51.59000015258789,52.25,297200,0.0,0.0
2023-03-28 00:00:00-04:00,52.0,52.040000915527344,51.099998474121094,51.81999969482422,242500,0.0,0.0
2023-03-29 00:00:00-04:00,52.47999954223633,52.720001220703125,51.86000061035156,52.13999938964844,236200,0.0,0.0
2023-03-30 00:00:00-04:00,52.7599983215332,53.18000030517578,52.0099983215332,52.08000183105469,350800,0.0,0.0
2023-03-31 00:00:00-04:00,52.36000061035156,53.939998626708984,52.36000061035156,53.59000015258789,468500,0.0,0.0
2023-04-03 00:00:00-04:00,53.16999816894531,54.099998474121094,51.95000076293945,53.310001373291016,555300,0.0,0.0
2023-04-04 00:00:00-04:00,53.34000015258789,55.779998779296875,52.77000045776367,55.630001068115234,820300,0.0,0.0
2023-04-05 00:00:00-04:00,55.2599983215332,56.04999923706055,54.900001525878906,55.84000015258789,557800,0.0,0.0
2023-04-06 00:00:00-04:00,55.2400016784668,55.65999984741211,54.34000015258789,55.65999984741211,485100,0.0,0.0
2023-04-10 00:00:00-04:00,55.31999969482422,56.470001220703125,55.310001373291016,56.0,429600,0.0,0.0
2023-04-11 00:00:00-04:00,54.0,54.630001068115234,52.459999084472656,53.13999938964844,882400,0.0,0.0
2023-04-12 00:00:00-04:00,53.56999969482422,53.56999969482422,50.5099983215332,50.599998474121094,826600,0.0,0.0
2023-04-13 00:00:00-04:00,51.119998931884766,51.86000061035156,50.86000061035156,51.38999938964844,820400,0.0,0.0
2023-04-14 00:00:00-04:00,51.380001068115234,51.54999923706055,49.880001068115234,50.2400016784668,460100,0.0,0.0
2023-04-17 00:00:00-04:00,50.2599983215332,50.56999969482422,48.97999954223633,50.310001373291016,1079200,0.0,0.0
2023-04-18 00:00:00-04:00,50.7599983215332,50.7599983215332,48.56999969482422,48.70000076293945,1324800,0.0,0.0
2023-04-19 00:00:00-04:00,48.040000915527344,48.7400016784668,47.099998474121094,48.470001220703125,1467000,0.0,0.0
2023-04-20 00:00:00-04:00,53.5,53.5,46.130001068115234,47.189998626708984,3544400,0.0,0.0
2023-04-21 00:00:00-04:00,47.36000061035156,48.130001068115234,45.400001525878906,48.02000045776367,1709300,0.0,0.0
2023-04-24 00:00:00-04:00,48.060001373291016,48.75,47.63999938964844,48.61000061035156,725800,0.0,0.0
2023-04-25 00:00:00-04:00,48.0,48.0099983215332,45.47999954223633,45.72999954223633,711600,0.0,0.0
2023-04-26 00:00:00-04:00,45.72999954223633,46.18000030517578,44.34000015258789,44.68000030517578,1028600,0.0,0.0
2023-04-27 00:00:00-04:00,45.040000915527344,45.29999923706055,44.189998626708984,45.11000061035156,601800,0.0,0.0
2023-04-28 00:00:00-04:00,45.0,45.779998779296875,44.66999816894531,45.70000076293945,461300,0.0,0.0
2023-05-01 00:00:00-04:00,45.68000030517578,46.25,45.16999816894531,45.81999969482422,320200,0.0,0.0
2023-05-02 00:00:00-04:00,45.40999984741211,45.540000915527344,43.81999969482422,43.97999954223633,646400,0.0,0.0
2023-05-03 00:00:00-04:00,43.9900016784668,44.68000030517578,42.86000061035156,43.150001525878906,867200,0.0,0.0
2023-05-04 00:00:00-04:00,42.75,43.939998626708984,42.75,43.040000915527344,552500,0.0,0.0
2023-05-05 00:00:00-04:00,43.02000045776367,43.81999969482422,42.68000030517578,42.72999954223633,870100,0.0,0.0
2023-05-08 00:00:00-04:00,42.779998779296875,43.15999984741211,41.97999954223633,42.619998931884766,446100,0.0,0.0
2023-05-09 00:00:00-04:00,42.310001373291016,43.22999954223633,41.9900016784668,42.95000076293945,615500,0.0,0.0
2023-05-10 00:00:00-04:00,43.560001373291016,43.56999969482422,42.7400016784668,43.060001373291016,326800,0.0,0.0
2023-05-11 00:00:00-04:00,42.75,42.900001525878906,41.7400016784668,42.790000915527344,515600,0.0,0.0
2023-05-12 00:00:00-04:00,43.08000183105469,43.27000045776367,42.63999938964844,43.20000076293945,461800,0.0,0.0
2023-05-15 00:00:00-04:00,43.95000076293945,45.0,43.459999084472656,44.5099983215332,797200,0.0,0.0
2023-05-16 00:00:00-04:00,44.2400016784668,45.38999938964844,43.790000915527344,45.04999923706055,912900,0.0,0.0
2023-05-17 00:00:00-04:00,45.310001373291016,46.060001373291016,44.90999984741211,45.93000030517578,476900,0.0,0.0
2023-05-18 00:00:00-04:00,45.70000076293945,47.220001220703125,45.47999954223633,46.95000076293945,554800,0.0,0.0
2023-05-19 00:00:00-04:00,47.150001525878906,47.15999984741211,45.66999816894531,45.959999084472656,480000,0.0,0.0
2023-05-22 00:00:00-04:00,45.959999084472656,46.689998626708984,45.68000030517578,46.27000045776367,251700,0.0,0.0
2023-05-23 00:00:00-04:00,45.66999816894531,46.380001068115234,45.060001373291016,45.099998474121094,361800,0.0,0.0
2023-05-24 00:00:00-04:00,44.970001220703125,45.18000030517578,44.400001525878906,44.689998626708984,382300,0.0,0.0
2023-05-25 00:00:00-04:00,45.380001068115234,45.380001068115234,43.79999923706055,44.2599983215332,384700,0.0,0.0
2023-05-26 00:00:00-04:00,44.189998626708984,45.75,44.130001068115234,45.2599983215332,373500,0.0,0.0
2023-05-30 00:00:00-04:00,45.650001525878906,46.25,45.279998779296875,45.68000030517578,320900,0.0,0.0
2023-05-31 00:00:00-04:00,45.20000076293945,46.84000015258789,45.0,46.61000061035156,1335400,0.0,0.0
2023-06-01 00:00:00-04:00,46.4900016784668,47.77000045776367,46.060001373291016,47.029998779296875,641000,0.0,0.0
2023-06-02 00:00:00-04:00,47.66999816894531,51.22999954223633,47.09000015258789,51.08000183105469,1246000,0.0,0.0
2023-06-05 00:00:00-04:00,49.959999084472656,50.41999816894531,48.97999954223633,49.29999923706055,871000,0.0,0.0
2023-06-06 00:00:00-04:00,49.22999954223633,50.220001220703125,48.41999816894531,50.16999816894531,601900,0.0,0.0
2023-06-07 00:00:00-04:00,50.33000183105469,53.119998931884766,50.33000183105469,50.7599983215332,1228700,0.0,0.0
2023-06-08 00:00:00-04:00,50.150001525878906,51.70000076293945,49.529998779296875,51.189998626708984,724500,0.0,0.0
2023-06-09 00:00:00-04:00,51.22999954223633,51.66999816894531,50.77000045776367,51.560001373291016,500300,0.0,0.0
2023-06-12 00:00:00-04:00,51.7400016784668,53.43000030517578,51.25,53.22999954223633,471100,0.0,0.0
2023-06-13 00:00:00-04:00,53.720001220703125,53.900001525878906,52.470001220703125,52.790000915527344,449300,0.0,0.0
2023-06-14 00:00:00-04:00,52.68000030517578,53.459999084472656,51.58000183105469,52.060001373291016,309300,0.0,0.0
2023-06-15 00:00:00-04:00,51.65999984741211,52.88999938964844,51.41999816894531,51.91999816894531,469300,0.0,0.0
2023-06-16 00:00:00-04:00,52.52000045776367,52.52000045776367,50.22999954223633,50.77000045776367,964900,0.0,0.0
2023-06-20 00:00:00-04:00,50.220001220703125,50.810001373291016,49.9900016784668,50.380001068115234,404300,0.0,0.0
2023-06-21 00:00:00-04:00,49.79999923706055,49.869998931884766,48.81999969482422,49.470001220703125,399000,0.0,0.0
2023-06-22 00:00:00-04:00,49.43000030517578,49.43000030517578,48.13999938964844,48.9900016784668,348100,0.0,0.0
2023-06-23 00:00:00-04:00,48.22999954223633,48.720001220703125,47.880001068115234,48.58000183105469,1315800,0.0,0.0
2023-06-26 00:00:00-04:00,48.209999084472656,49.16999816894531,47.540000915527344,47.72999954223633,324900,0.0,0.0
2023-06-27 00:00:00-04:00,47.900001525878906,48.939998626708984,47.59000015258789,48.54999923706055,424800,0.0,0.0
2023-06-28 00:00:00-04:00,48.63999938964844,49.18000030517578,47.88999938964844,48.91999816894531,451400,0.0,0.0
2023-06-29 00:00:00-04:00,49.209999084472656,50.540000915527344,49.209999084472656,50.5,442400,0.0,0.0
2023-06-30 00:00:00-04:00,50.880001068115234,50.91999816894531,49.880001068115234,49.90999984741211,513000,0.0,0.0
2023-07-03 00:00:00-04:00,49.54999923706055,50.029998779296875,49.040000915527344,49.58000183105469,197000,0.0,0.0
2023-07-05 00:00:00-04:00,49.13999938964844,50.08000183105469,48.97999954223633,49.7400016784668,355000,0.0,0.0
2023-07-06 00:00:00-04:00,49.189998626708984,49.2400016784668,47.66999816894531,47.900001525878906,296600,0.0,0.0
2023-07-07 00:00:00-04:00,47.970001220703125,49.56999969482422,47.90999984741211,49.16999816894531,338100,0.0,0.0
2023-07-10 00:00:00-04:00,48.61000061035156,50.22999954223633,48.61000061035156,49.58000183105469,323700,0.0,0.0
2023-07-11 00:00:00-04:00,49.599998474121094,49.91999816894531,48.56999969482422,49.86000061035156,393200,0.0,0.0
2023-07-12 00:00:00-04:00,50.709999084472656,50.81999969482422,49.43000030517578,49.77000045776367,442400,0.0,0.0
2023-07-13 00:00:00-04:00,49.970001220703125,51.7400016784668,49.63999938964844,50.88999938964844,450800,0.0,0.0
2023-07-14 00:00:00-04:00,50.0,50.209999084472656,48.77000045776367,49.61000061035156,488100,0.0,0.0
2023-07-17 00:00:00-04:00,49.650001525878906,50.279998779296875,49.040000915527344,49.310001373291016,561200,0.0,0.0
2023-07-18 00:00:00-04:00,49.689998626708984,49.939998626708984,48.5099983215332,49.279998779296875,623200,0.0,0.0
2023-07-19 00:00:00-04:00,49.7599983215332,49.9900016784668,47.900001525878906,48.9900016784668,1065600,0.0,0.0
2023-07-20 00:00:00-04:00,50.150001525878906,50.869998931884766,46.68000030517578,47.56999969482422,1952500,0.0,0.0
2023-07-21 00:00:00-04:00,47.849998474121094,48.93000030517578,46.2400016784668,46.380001068115234,1257000,0.0,0.0
2023-07-24 00:00:00-04:00,46.619998931884766,47.869998931884766,46.209999084472656,46.54999923706055,816500,0.0,0.0
2023-07-25 00:00:00-04:00,46.59000015258789,47.709999084472656,46.18000030517578,47.59000015258789,668900,0.0,0.0
2023-07-26 00:00:00-04:00,47.5099983215332,47.54999923706055,46.5,46.90999984741211,631400,0.0,0.0
2023-07-27 00:00:00-04:00,46.91999816894531,47.400001525878906,45.380001068115234,45.56999969482422,977200,0.0,0.0
2023-07-28 00:00:00-04:00,45.68000030517578,46.040000915527344,43.90999984741211,44.15999984741211,835700,0.0,0.0
2023-07-31 00:00:00-04:00,44.099998474121094,45.130001068115234,43.900001525878906,45.11000061035156,1101700,0.0,0.0
2023-08-01 00:00:00-04:00,45.15999984741211,45.290000915527344,43.43000030517578,44.18000030517578,1006400,0.0,0.0
2023-08-02 00:00:00-04:00,43.599998474121094,43.779998779296875,42.84000015258789,43.040000915527344,1063800,0.0,0.0
2023-08-03 00:00:00-04:00,43.0,43.15999984741211,42.29999923706055,42.59000015258789,539400,0.0,0.0
2023-08-04 00:00:00-04:00,42.529998779296875,44.119998931884766,42.459999084472656,43.290000915527344,741100,0.0,0.0
2023-08-07 00:00:00-04:00,42.43000030517578,42.43000030517578,40.959999084472656,41.18000030517578,1090600,0.0,0.0
2023-08-08 00:00:00-04:00,40.90999984741211,41.900001525878906,40.15999984741211,41.79999923706055,1086900,0.0,0.0
2023-08-09 00:00:00-04:00,41.63999938964844,41.90999984741211,40.779998779296875,41.65999984741211,501100,0.0,0.0
2023-08-10 00:00:00-04:00,41.84000015258789,42.400001525878906,40.849998474121094,41.18000030517578,408000,0.0,0.0
2023-08-11 00:00:00-04:00,40.880001068115234,41.290000915527344,40.4900016784668,41.04999923706055,352400,0.0,0.0
2023-08-14 00:00:00-04:00,40.75,41.38999938964844,40.619998931884766,41.150001525878906,311700,0.0,0.0
2023-08-15 00:00:00-04:00,40.599998474121094,41.11000061035156,40.4900016784668,41.0,436700,0.0,0.0
2023-08-16 00:00:00-04:00,40.86000061035156,41.439998626708984,40.63999938964844,40.97999954223633,457100,0.0,0.0
2023-08-17 00:00:00-04:00,41.029998779296875,41.290000915527344,39.880001068115234,40.130001068115234,411900,0.0,0.0
2023-08-18 00:00:00-04:00,39.61000061035156,41.029998779296875,39.61000061035156,40.68000030517578,589800,0.0,0.0
2023-08-21 00:00:00-04:00,40.5,40.65999984741211,39.7599983215332,40.130001068115234,340200,0.0,0.0
2023-08-22 00:00:00-04:00,40.66999816894531,40.959999084472656,40.2400016784668,40.689998626708984,298800,0.0,0.0
2023-08-23 00:00:00-04:00,40.72999954223633,42.63999938964844,40.65999984741211,42.400001525878906,707800,0.0,0.0
2023-08-24 00:00:00-04:00,42.52000045776367,42.61000061035156,40.41999816894531,40.56999969482422,587600,0.0,0.0
2023-08-25 00:00:00-04:00,41.08000183105469,42.369998931884766,41.08000183105469,42.099998474121094,658800,0.0,0.0
2023-08-28 00:00:00-04:00,42.099998474121094,42.90999984741211,41.40999984741211,42.36000061035156,508300,0.0,0.0
2023-08-29 00:00:00-04:00,42.5,43.90999984741211,42.5,43.630001068115234,505100,0.0,0.0
2023-08-30 00:00:00-04:00,43.33000183105469,45.38999938964844,43.20000076293945,45.0099983215332,646100,0.0,0.0
2023-08-31 00:00:00-04:00,45.34000015258789,47.06999969482422,45.34000015258789,46.5099983215332,1047700,0.0,0.0
2023-09-01 00:00:00-04:00,46.68000030517578,47.31999969482422,46.38999938964844,46.97999954223633,561100,0.0,0.0
2023-09-05 00:00:00-04:00,46.7400016784668,47.72999954223633,46.619998931884766,47.619998931884766,721300,0.0,0.0
2023-09-06 00:00:00-04:00,47.619998931884766,48.529998779296875,47.189998626708984,47.95000076293945,557700,0.0,0.0
2023-09-07 00:00:00-04:00,47.65999984741211,47.93000030517578,46.20000076293945,46.41999816894531,578200,0.0,0.0
2023-09-08 00:00:00-04:00,46.38999938964844,46.720001220703125,45.709999084472656,46.290000915527344,442800,0.0,0.0
2023-09-11 00:00:00-04:00,46.56999969482422,47.209999084472656,45.81999969482422,46.349998474121094,647200,0.0,0.0
2023-09-12 00:00:00-04:00,46.34000015258789,46.79999923706055,45.849998474121094,45.9900016784668,376700,0.0,0.0
2023-09-13 00:00:00-04:00,46.0,46.41999816894531,45.63999938964844,46.29999923706055,431700,0.0,0.0
2023-09-14 00:00:00-04:00,46.849998474121094,46.9900016784668,46.369998931884766,46.7400016784668,339000,0.0,0.0
2023-09-15 00:00:00-04:00,46.709999084472656,46.709999084472656,45.90999984741211,46.45000076293945,619200,0.0,0.0
2023-09-18 00:00:00-04:00,46.47999954223633,46.66999816894531,45.95000076293945,46.150001525878906,481900,0.0,0.0
2023-09-19 00:00:00-04:00,46.22999954223633,46.4900016784668,45.88999938964844,46.119998931884766,376600,0.0,0.0
2023-09-20 00:00:00-04:00,46.29999923706055,46.869998931884766,45.70000076293945,45.72999954223633,322600,0.0,0.0
2023-09-21 00:00:00-04:00,45.27000045776367,45.38999938964844,44.13999938964844,44.720001220703125,444700,0.0,0.0
2023-09-22 00:00:00-04:00,44.93000030517578,45.47999954223633,44.61000061035156,45.34000015258789,479100,0.0,0.0
2023-09-25 00:00:00-04:00,45.06999969482422,45.880001068115234,45.06999969482422,45.400001525878906,289900,0.0,0.0
2023-09-26 00:00:00-04:00,45.220001220703125,45.599998474121094,44.540000915527344,44.560001373291016,397500,0.0,0.0
2023-09-27 00:00:00-04:00,44.790000915527344,45.119998931884766,44.130001068115234,44.4900016784668,329400,0.0,0.0
2023-09-28 00:00:00-04:00,44.529998779296875,45.560001373291016,44.38999938964844,45.5099983215332,357700,0.0,0.0
2023-09-29 00:00:00-04:00,45.95000076293945,47.150001525878906,45.79999923706055,45.84000015258789,406800,0.0,0.0
2023-10-02 00:00:00-04:00,45.4900016784668,46.04999923706055,45.08000183105469,45.65999984741211,355900,0.0,0.0
2023-10-03 00:00:00-04:00,45.31999969482422,45.689998626708984,43.939998626708984,44.38999938964844,387000,0.0,0.0
2023-10-04 00:00:00-04:00,44.41999816894531,44.810001373291016,43.81999969482422,44.220001220703125,387800,0.0,0.0
2023-10-05 00:00:00-04:00,43.849998474121094,44.099998474121094,42.20000076293945,42.4900016784668,584300,0.0,0.0
2023-10-06 00:00:00-04:00,42.22999954223633,43.59000015258789,41.59000015258789,43.47999954223633,444200,0.0,0.0
2023-10-09 00:00:00-04:00,42.880001068115234,44.88999938964844,42.599998474121094,44.689998626708984,530800,0.0,0.0
2023-10-10 00:00:00-04:00,44.779998779296875,45.77000045776367,44.45000076293945,45.439998626708984,765000,0.0,0.0
2023-10-11 00:00:00-04:00,45.720001220703125,46.290000915527344,45.09000015258789,45.45000076293945,1323700,0.0,0.0
2023-10-12 00:00:00-04:00,45.779998779296875,45.779998779296875,43.68000030517578,44.29999923706055,472500,0.0,0.0
2023-10-13 00:00:00-04:00,44.34000015258789,44.58000183105469,43.310001373291016,43.34000015258789,460400,0.0,0.0
2023-10-16 00:00:00-04:00,44.25,45.9900016784668,43.720001220703125,45.90999984741211,467300,0.0,0.0
2023-10-17 00:00:00-04:00,45.08000183105469,45.529998779296875,44.099998474121094,45.45000076293945,633600,0.0,0.0
2023-10-18 00:00:00-04:00,44.9900016784668,45.060001373291016,43.619998931884766,43.619998931884766,501900,0.0,0.0
2023-10-19 00:00:00-04:00,43.7400016784668,45.209999084472656,43.650001525878906,43.939998626708984,725000,0.0,0.0
2023-10-20 00:00:00-04:00,43.9900016784668,43.9900016784668,42.72999954223633,43.2599983215332,607200,0.0,0.0
2023-10-23 00:00:00-04:00,43.02000045776367,43.93000030517578,42.310001373291016,42.58000183105469,759800,0.0,0.0
2023-10-24 00:00:00-04:00,38.56999969482422,39.560001373291016,32.470001220703125,34.79999923706055,5420500,0.0,0.0
2023-10-25 00:00:00-04:00,34.77000045776367,35.439998626708984,32.41999816894531,33.290000915527344,2147100,0.0,0.0
2023-10-26 00:00:00-04:00,33.40999984741211,34.31999969482422,32.869998931884766,33.86000061035156,1142900,0.0,0.0
2023-10-27 00:00:00-04:00,34.119998931884766,34.119998931884766,32.380001068115234,32.709999084472656,1220100,0.0,0.0
2023-10-30 00:00:00-04:00,33.0099983215332,33.220001220703125,31.950000762939453,32.959999084472656,920500,0.0,0.0
2023-10-31 00:00:00-04:00,32.75,33.47999954223633,32.70000076293945,33.119998931884766,1111500,0.0,0.0
2023-11-01 00:00:00-04:00,33.11000061035156,34.5,32.86000061035156,34.0,977300,0.0,0.0
2023-11-02 00:00:00-04:00,34.52000045776367,34.779998779296875,33.459999084472656,33.59000015258789,1036400,0.0,0.0
2023-11-03 00:00:00-04:00,34.41999816894531,36.06999969482422,34.119998931884766,35.59000015258789,1554100,0.0,0.0
2023-11-06 00:00:00-05:00,35.459999084472656,36.209999084472656,35.119998931884766,35.59000015258789,734600,0.0,0.0
2023-11-07 00:00:00-05:00,34.970001220703125,35.43000030517578,34.77000045776367,35.22999954223633,797500,0.0,0.0
2023-11-08 00:00:00-05:00,35.400001525878906,36.099998474121094,35.150001525878906,35.91999816894531,769600,0.0,0.0
2023-11-09 00:00:00-05:00,36.15999984741211,36.15999984741211,33.630001068115234,34.09000015258789,1142400,0.0,0.0
2023-11-10 00:00:00-05:00,34.08000183105469,35.40999984741211,33.619998931884766,35.150001525878906,938700,0.0,0.0
2023-11-13 00:00:00-05:00,34.61000061035156,34.95000076293945,34.06999969482422,34.83000183105469,468900,0.0,0.0
2023-11-14 00:00:00-05:00,36.34000015258789,37.83000183105469,35.97999954223633,37.70000076293945,737200,0.0,0.0
2023-11-15 00:00:00-05:00,37.75,39.0,37.5099983215332,38.13999938964844,902600,0.0,0.0
2023-11-16 00:00:00-05:00,37.70000076293945,38.08000183105469,36.31999969482422,36.849998474121094,1100700,0.0,0.0
2023-11-17 00:00:00-05:00,37.7599983215332,38.65999984741211,37.630001068115234,38.189998626708984,738700,0.0,0.0
2023-11-20 00:00:00-05:00,38.08000183105469,38.869998931884766,37.61000061035156,38.66999816894531,532400,0.0,0.0
2023-11-21 00:00:00-05:00,38.2400016784668,38.470001220703125,37.43000030517578,37.84000015258789,565300,0.0,0.0
2023-11-22 00:00:00-05:00,38.25,38.689998626708984,37.84000015258789,37.91999816894531,497400,0.0,0.0
2023-11-24 00:00:00-05:00,37.7599983215332,38.279998779296875,37.59000015258789,38.08000183105469,183900,0.0,0.0
2023-11-27 00:00:00-05:00,37.88999938964844,38.220001220703125,37.4900016784668,37.79999923706055,425800,0.0,0.0
2023-11-28 00:00:00-05:00,37.65999984741211,38.279998779296875,37.279998779296875,38.220001220703125,413200,0.0,0.0
2023-11-29 00:00:00-05:00,38.95000076293945,39.369998931884766,38.310001373291016,38.68000030517578,446700,0.0,0.0
2023-11-30 00:00:00-05:00,38.849998474121094,38.849998474121094,37.90999984741211,38.59000015258789,587100,0.0,0.0
2023-12-01 00:00:00-05:00,38.529998779296875,39.70000076293945,38.47999954223633,39.58000183105469,631400,0.0,0.0
2023-12-04 00:00:00-05:00,39.369998931884766,40.29999923706055,38.81999969482422,38.83000183105469,781300,0.0,0.0
2023-12-05 00:00:00-05:00,38.650001525878906,39.66999816894531,38.349998474121094,39.439998626708984,702300,0.0,0.0
2023-12-06 00:00:00-05:00,39.81999969482422,41.209999084472656,39.599998474121094,40.400001525878906,729700,0.0,0.0
2023-12-07 00:00:00-05:00,40.40999984741211,40.900001525878906,40.119998931884766,40.72999954223633,457400,0.0,0.0
2023-12-08 00:00:00-05:00,40.709999084472656,42.13999938964844,40.560001373291016,41.900001525878906,522700,0.0,0.0
2023-12-11 00:00:00-05:00,41.869998931884766,42.189998626708984,41.290000915527344,41.68000030517578,409800,0.0,0.0
2023-12-12 00:00:00-05:00,41.75,41.790000915527344,40.9900016784668,41.27000045776367,746900,0.0,0.0
2023-12-13 00:00:00-05:00,41.349998474121094,42.560001373291016,40.279998779296875,41.95000076293945,1106000,0.0,0.0
2023-12-14 00:00:00-05:00,43.06999969482422,43.790000915527344,42.040000915527344,43.38999938964844,857300,0.0,0.0
2023-12-15 00:00:00-05:00,43.68000030517578,43.77000045776367,42.720001220703125,42.93000030517578,1169400,0.0,0.0
2023-12-18 00:00:00-05:00,43.029998779296875,43.4900016784668,42.540000915527344,42.7400016784668,308100,0.0,0.0
2023-12-19 00:00:00-05:00,43.04999923706055,43.70000076293945,42.119998931884766,42.290000915527344,637100,0.0,0.0
2023-12-20 00:00:00-05:00,42.33000183105469,43.029998779296875,41.88999938964844,42.25,726600,0.0,0.0
2023-12-21 00:00:00-05:00,42.63999938964844,43.369998931884766,42.540000915527344,43.0099983215332,490900,0.0,0.0
2023-12-22 00:00:00-05:00,43.290000915527344,43.810001373291016,42.369998931884766,42.7599983215332,275700,0.0,0.0
2023-12-26 00:00:00-05:00,42.93000030517578,43.630001068115234,42.72999954223633,43.400001525878906,208200,0.0,0.0
2023-12-27 00:00:00-05:00,43.560001373291016,43.630001068115234,43.11000061035156,43.349998474121094,227800,0.0,0.0
2023-12-28 00:00:00-05:00,43.439998626708984,43.95000076293945,43.22999954223633,43.90999984741211,293100,0.0,0.0
2023-12-29 00:00:00-05:00,43.779998779296875,44.18000030517578,43.310001373291016,43.689998626708984,339800,0.0,0.0
2024-01-02 00:00:00-05:00,43.15999984741211,44.369998931884766,42.650001525878906,43.95000076293945,532300,0.0,0.0
2024-01-03 00:00:00-05:00,44.29999923706055,45.0,43.54999923706055,44.25,643300,0.0,0.0
2024-01-04 00:00:00-05:00,43.75,44.59000015258789,43.7400016784668,44.33000183105469,469900,0.0,0.0
2024-01-05 00:00:00-05:00,44.0099983215332,44.59000015258789,42.630001068115234,43.20000076293945,676800,0.0,0.0
2024-01-08 00:00:00-05:00,43.310001373291016,44.65999984741211,43.150001525878906,44.13999938964844,622500,0.0,0.0
2024-01-09 00:00:00-05:00,43.65999984741211,44.650001525878906,43.06999969482422,43.29999923706055,687000,0.0,0.0
2024-01-10 00:00:00-05:00,43.189998626708984,43.72999954223633,41.970001220703125,43.66999816894531,653900,0.0,0.0
2024-01-11 00:00:00-05:00,43.59000015258789,43.59000015258789,42.220001220703125,42.619998931884766,556900,0.0,0.0
2024-01-12 00:00:00-05:00,43.040000915527344,43.650001525878906,42.31999969482422,42.349998474121094,344900,0.0,0.0
2024-01-16 00:00:00-05:00,41.65999984741211,42.93000030517578,41.279998779296875,42.849998474121094,386500,0.0,0.0
2024-01-17 00:00:00-05:00,42.31999969482422,42.939998626708984,42.09000015258789,42.77000045776367,339200,0.0,0.0
2024-01-18 00:00:00-05:00,43.119998931884766,43.400001525878906,42.119998931884766,43.310001373291016,361700,0.0,0.0
2024-01-19 00:00:00-05:00,43.400001525878906,43.84000015258789,42.5099983215332,43.45000076293945,368000,0.0,0.0
2024-01-22 00:00:00-05:00,43.45000076293945,44.68000030517578,43.45000076293945,44.529998779296875,563400,0.0,0.0
2024-01-23 00:00:00-05:00,44.9900016784668,45.150001525878906,44.099998474121094,44.290000915527344,357900,0.0,0.0
2024-01-24 00:00:00-05:00,44.939998626708984,45.09000015258789,43.91999816894531,43.93000030517578,394900,0.0,0.0
2024-01-25 00:00:00-05:00,44.470001220703125,44.81999969482422,43.65999984741211,44.02000045776367,680500,0.0,0.0
2024-01-26 00:00:00-05:00,44.34000015258789,44.540000915527344,42.91999816894531,42.95000076293945,729900,0.0,0.0
2024-01-29 00:00:00-05:00,42.5099983215332,44.36000061035156,42.09000015258789,44.349998474121094,1550300,0.0,0.0
2024-01-30 00:00:00-05:00,33.4900016784668,33.59000015258789,31.639999389648438,32.95000076293945,7898800,0.0,0.0
2024-01-31 00:00:00-05:00,32.63999938964844,34.779998779296875,32.529998779296875,33.18000030517578,2332400,0.0,0.0
2024-02-01 00:00:00-05:00,33.84000015258789,34.9900016784668,33.459999084472656,34.66999816894531,1377500,0.0,0.0
2024-02-02 00:00:00-05:00,34.209999084472656,35.150001525878906,34.029998779296875,34.77000045776367,770600,0.0,0.0
2024-02-05 00:00:00-05:00,34.41999816894531,34.61000061035156,33.91999816894531,34.220001220703125,913100,0.0,0.0
2024-02-06 00:00:00-05:00,34.2400016784668,34.869998931884766,33.779998779296875,33.9900016784668,742400,0.0,0.0
2024-02-07 00:00:00-05:00,34.279998779296875,34.279998779296875,33.599998474121094,33.88999938964844,579500,0.0,0.0
2024-02-08 00:00:00-05:00,33.7599983215332,34.70000076293945,33.529998779296875,34.2599983215332,670500,0.0,0.0
2024-02-09 00:00:00-05:00,34.36000061035156,34.91999816894531,34.349998474121094,34.63999938964844,516900,0.0,0.0
2024-02-12 00:00:00-05:00,34.79999923706055,35.459999084472656,34.79999923706055,35.130001068115234,511100,0.0,0.0
2024-02-13 00:00:00-05:00,34.06999969482422,34.439998626708984,32.970001220703125,33.040000915527344,906000,0.0,0.0
2024-02-14 00:00:00-05:00,33.529998779296875,34.79999923706055,33.119998931884766,34.68000030517578,906800,0.0,0.0
2024-02-15 00:00:00-05:00,34.90999984741211,35.13999938964844,34.099998474121094,34.81999969482422,549500,0.0,0.0
2024-02-16 00:00:00-05:00,34.470001220703125,34.9900016784668,33.900001525878906,33.91999816894531,717900,0.0,0.0
2024-02-20 00:00:00-05:00,33.18000030517578,33.599998474121094,33.0,33.040000915527344,581500,0.0,0.0
2024-02-21 00:00:00-05:00,32.90999984741211,33.810001373291016,32.72999954223633,33.810001373291016,712800,0.0,0.0
2024-02-22 00:00:00-05:00,34.0,34.459999084472656,33.560001373291016,34.369998931884766,402700,0.0,0.0
2024-02-23 00:00:00-05:00,34.380001068115234,35.09000015258789,34.189998626708984,34.5,421300,0.0,0.0
2024-02-26 00:00:00-05:00,34.41999816894531,35.040000915527344,34.290000915527344,34.52000045776367,412600,0.0,0.0
2024-02-27 00:00:00-05:00,34.7400016784668,34.97999954223633,34.31999969482422,34.650001525878906,515200,0.0,0.0
2024-02-28 00:00:00-05:00,34.40999984741211,34.95000076293945,34.040000915527344,34.86000061035156,442100,0.0,0.0
2024-02-29 00:00:00-05:00,35.369998931884766,35.38999938964844,34.58000183105469,34.869998931884766,891300,0.0,0.0
2024-03-01 00:00:00-05:00,34.88999938964844,36.599998474121094,34.790000915527344,36.40999984741211,750800,0.0,0.0
2024-03-04 00:00:00-05:00,37.130001068115234,37.2599983215332,36.36000061035156,36.560001373291016,1405700,0.0,0.0
2024-03-05 00:00:00-05:00,36.220001220703125,36.650001525878906,35.81999969482422,36.290000915527344,719000,0.0,0.0
2024-03-06 00:00:00-05:00,37.0099983215332,38.06999969482422,36.720001220703125,37.33000183105469,1092900,0.0,0.0
2024-03-07 00:00:00-05:00,37.790000915527344,37.790000915527344,36.380001068115234,36.5099983215332,869500,0.0,0.0
2024-03-08 00:00:00-05:00,36.810001373291016,37.189998626708984,35.70000076293945,35.70000076293945,890600,0.0,0.0
2024-03-11 00:00:00-04:00,35.41999816894531,35.970001220703125,35.150001525878906,35.22999954223633,679900,0.0,0.0
2024-03-12 00:00:00-04:00,35.2599983215332,35.709999084472656,34.68000030517578,34.72999954223633,809500,0.0,0.0
2024-03-13 00:00:00-04:00,34.40999984741211,35.09000015258789,34.0099983215332,34.06999969482422,828400,0.0,0.0
2024-03-14 00:00:00-04:00,33.900001525878906,34.22999954223633,33.060001373291016,33.630001068115234,1031500,0.0,0.0
2024-03-15 00:00:00-04:00,33.84000015258789,34.29999923706055,33.59000015258789,34.0099983215332,11724100,0.0,0.0
2024-03-18 00:00:00-04:00,33.849998474121094,34.20000076293945,33.5,33.88999938964844,1425500,0.0,0.0
2024-03-19 00:00:00-04:00,33.81999969482422,34.56999969482422,33.70000076293945,34.209999084472656,716900,0.0,0.0
2024-03-20 00:00:00-04:00,33.79999923706055,34.369998931884766,33.79999923706055,34.040000915527344,1055200,0.0,0.0
2024-03-21 00:00:00-04:00,34.20000076293945,34.810001373291016,34.0,34.08000183105469,653700,0.0,0.0
2024-03-22 00:00:00-04:00,33.91999816894531,34.290000915527344,33.20000076293945,33.34000015258789,832700,0.0,0.0
2024-03-25 00:00:00-04:00,33.380001068115234,33.529998779296875,32.81999969482422,33.02000045776367,666900,0.0,0.0
2024-03-26 00:00:00-04:00,33.220001220703125,33.2400016784668,32.58000183105469,32.63999938964844,570900,0.0,0.0
2024-03-27 00:00:00-04:00,32.869998931884766,33.650001525878906,32.7599983215332,33.5,592200,0.0,0.0
2024-03-28 00:00:00-04:00,33.40999984741211,33.68000030517578,33.13999938964844,33.15999984741211,723900,0.0,0.0
2024-04-01 00:00:00-04:00,33.27000045776367,33.31999969482422,32.279998779296875,32.43000030517578,1069900,0.0,0.0
2024-04-02 00:00:00-04:00,32.0,32.130001068115234,31.309999465942383,32.029998779296875,1117000,0.0,0.0
2024-04-03 00:00:00-04:00,32.25,32.25,31.719999313354492,32.09000015258789,616700,0.0,0.0
2024-04-04 00:00:00-04:00,32.209999084472656,32.470001220703125,31.190000534057617,31.25,543600,0.0,0.0
2024-04-05 00:00:00-04:00,31.100000381469727,31.25,30.780000686645508,31.1200008392334,732700,0.0,0.0
2024-04-08 00:00:00-04:00,31.360000610351562,31.899999618530273,31.190000534057617,31.790000915527344,568900,0.0,0.0
2024-04-09 00:00:00-04:00,31.979999542236328,32.58000183105469,31.81999969482422,32.540000915527344,486200,0.0,0.0
2024-04-10 00:00:00-04:00,31.690000534057617,32.02000045776367,31.18000030517578,31.6200008392334,646500,0.0,0.0
2024-04-11 00:00:00-04:00,31.899999618530273,32.0099983215332,31.489999771118164,31.540000915527344,629700,0.0,0.0
2024-04-12 00:00:00-04:00,31.1299991607666,31.18000030517578,30.219999313354492,30.290000915527344,764100,0.0,0.0
2024-04-15 00:00:00-04:00,30.3799991607666,30.3799991607666,29.40999984741211,29.420000076293945,1311100,0.0,0.0
2024-04-16 00:00:00-04:00,29.40999984741211,29.639999389648438,29.079999923706055,29.3700008392334,1282300,0.0,0.0
2024-04-17 00:00:00-04:00,29.8700008392334,30.25,29.18000030517578,29.18000030517578,650700,0.0,0.0
2024-04-18 00:00:00-04:00,29.1299991607666,29.81999969482422,28.950000762939453,29.440000534057617,768300,0.0,0.0
2024-04-19 00:00:00-04:00,29.40999984741211,29.780000686645508,29.09000015258789,29.280000686645508,794300,0.0,0.0
2024-04-22 00:00:00-04:00,29.399999618530273,29.719999313354492,29.010000228881836,29.559999465942383,1444500,0.0,0.0
2024-04-23 00:00:00-04:00,26.799999237060547,29.889999389648438,26.760000228881836,28.030000686645508,2466600,0.0,0.0
2024-04-24 00:00:00-04:00,27.84000015258789,28.350000381469727,27.579999923706055,28.25,1191800,0.0,0.0
2024-04-25 00:00:00-04:00,27.389999389648438,28.280000686645508,27.200000762939453,28.229999542236328,1309800,0.0,0.0
2024-04-26 00:00:00-04:00,28.420000076293945,28.860000610351562,28.219999313354492,28.399999618530273,604500,0.0,0.0
2024-04-29 00:00:00-04:00,28.719999313354492,28.860000610351562,27.850000381469727,28.049999237060547,576800,0.0,0.0
2024-04-30 00:00:00-04:00,27.899999618530273,28.290000915527344,27.729999542236328,27.729999542236328,931500,0.0,0.0
2024-05-01 00:00:00-04:00,27.700000762939453,28.34000015258789,27.600000381469727,27.8799991607666,655600,0.0,0.0
2024-05-02 00:00:00-04:00,28.270000457763672,28.979999542236328,27.760000228881836,28.920000076293945,678000,0.0,0.0
2024-05-03 00:00:00-04:00,29.510000228881836,29.989999771118164,29.31999969482422,29.559999465942383,599900,0.0,0.0
2024-05-06 00:00:00-04:00,29.729999542236328,30.1200008392334,29.729999542236328,29.780000686645508,593500,0.0,0.0
2024-05-07 00:00:00-04:00,29.780000686645508,30.510000228881836,29.729999542236328,30.100000381469727,556700,0.0,0.0
2024-05-08 00:00:00-04:00,29.90999984741211,30.600000381469727,29.8799991607666,30.5,630100,0.0,0.0
2024-05-09 00:00:00-04:00,30.440000534057617,30.709999084472656,29.969999313354492,30.06999969482422,443100,0.0,0.0
2024-05-10 00:00:00-04:00,30.209999084472656,30.690000534057617,30.0,30.6299991607666,420200,0.0,0.0
2024-05-13 00:00:00-04:00,30.75,31.170000076293945,30.489999771118164,30.520000457763672,568300,0.0,0.0
2024-05-14 00:00:00-04:00,31.100000381469727,31.59000015258789,30.649999618530273,31.399999618530273,507800,0.0,0.0
2024-05-15 00:00:00-04:00,31.670000076293945,31.670000076293945,31.06999969482422,31.40999984741211,447500,0.0,0.0
2024-05-16 00:00:00-04:00,31.350000381469727,31.610000610351562,31.040000915527344,31.190000534057617,441500,0.0,0.0
2024-05-17 00:00:00-04:00,31.3700008392334,31.510000228881836,30.969999313354492,31.3799991607666,407100,0.0,0.0
2024-05-20 00:00:00-04:00,31.329999923706055,31.510000228881836,31.079999923706055,31.329999923706055,619400,0.0,0.0
2024-05-21 00:00:00-04:00,31.170000076293945,31.540000915527344,31.15999984741211,31.420000076293945,360800,0.0,0.0
2024-05-22 00:00:00-04:00,31.530000686645508,32.84000015258789,31.450000762939453,32.529998779296875,642600,0.0,0.0
2024-05-23 00:00:00-04:00,32.560001373291016,32.720001220703125,32.040000915527344,32.650001525878906,699800,0.0,0.0
2024-05-24 00:00:00-04:00,32.88999938964844,33.25,32.58000183105469,32.75,445600,0.0,0.0
2024-05-28 00:00:00-04:00,32.9900016784668,34.31999969482422,32.779998779296875,33.939998626708984,796800,0.0,0.0
2024-05-29 00:00:00-04:00,33.4900016784668,33.66999816894531,33.06999969482422,33.400001525878906,778900,0.0,0.0
2024-05-30 00:00:00-04:00,33.619998931884766,35.22999954223633,33.54999923706055,35.18000030517578,1092200,0.0,0.0
2024-05-31 00:00:00-04:00,35.5,36.310001373291016,35.40999984741211,35.70000076293945,1642300,0.0,0.0
2024-06-03 00:00:00-04:00,35.43000030517578,36.209999084472656,35.43000030517578,35.72999954223633,812600,0.0,0.0
2024-06-04 00:00:00-04:00,35.4900016784668,35.86000061035156,35.380001068115234,35.4900016784668,464500,0.0,0.0
2024-06-05 00:00:00-04:00,35.7599983215332,36.18000030517578,35.33000183105469,35.5,765000,0.0,0.0
2024-06-06 00:00:00-04:00,35.5,35.84000015258789,35.220001220703125,35.720001220703125,412700,0.0,0.0
2024-06-07 00:00:00-04:00,35.31999969482422,35.869998931884766,35.130001068115234,35.439998626708984,506300,0.0,0.0
2024-06-10 00:00:00-04:00,34.9900016784668,36.04999923706055,34.70000076293945,35.869998931884766,569700,0.0,0.0
2024-06-11 00:00:00-04:00,35.7599983215332,36.560001373291016,35.47999954223633,36.369998931884766,429700,0.0,0.0
2024-06-12 00:00:00-04:00,37.31999969482422,37.31999969482422,36.27000045776367,36.290000915527344,451000,0.0,0.0
2024-06-13 00:00:00-04:00,36.33000183105469,36.560001373291016,35.599998474121094,35.65999984741211,420900,0.0,0.0
2024-06-14 00:00:00-04:00,35.599998474121094,35.849998474121094,35.150001525878906,35.560001373291016,406800,0.0,0.0
2024-06-17 00:00:00-04:00,35.630001068115234,35.900001525878906,35.15999984741211,35.2400016784668,400000,0.0,0.0
2024-06-18 00:00:00-04:00,35.0099983215332,35.5,34.77000045776367,34.939998626708984,421600,0.0,0.0
2024-06-20 00:00:00-04:00,34.72999954223633,35.16999816894531,34.599998474121094,34.81999969482422,394300,0.0,0.0
2024-06-21 00:00:00-04:00,34.91999816894531,35.41999816894531,34.83000183105469,35.0,1159200,0.0,0.0
2024-06-24 00:00:00-04:00,35.16999816894531,35.90999984741211,35.04999923706055,35.68000030517578,624900,0.0,0.0
2024-06-25 00:00:00-04:00,35.58000183105469,35.70000076293945,35.150001525878906,35.56999969482422,356900,0.0,0.0
2024-06-26 00:00:00-04:00,35.380001068115234,35.459999084472656,34.029998779296875,34.56999969482422,586900,0.0,0.0
2024-06-27 00:00:00-04:00,34.66999816894531,35.40999984741211,34.33000183105469,35.38999938964844,564600,0.0,0.0
2024-06-28 00:00:00-04:00,35.83000183105469,36.119998931884766,35.16999816894531,35.43000030517578,1349800,0.0,0.0
2024-07-01 00:00:00-04:00,35.40999984741211,35.72999954223633,34.560001373291016,34.849998474121094,470700,0.0,0.0
2024-07-02 00:00:00-04:00,34.869998931884766,34.869998931884766,34.130001068115234,34.20000076293945,451100,0.0,0.0
2024-07-03 00:00:00-04:00,34.52000045776367,34.52000045776367,33.959999084472656,34.45000076293945,296800,0.0,0.0
2024-07-05 00:00:00-04:00,34.40999984741211,34.61000061035156,34.060001373291016,34.40999984741211,298600,0.0,0.0
2024-07-08 00:00:00-04:00,34.7400016784668,35.130001068115234,34.439998626708984,34.45000076293945,399700,0.0,0.0
2024-07-09 00:00:00-04:00,34.369998931884766,34.61000061035156,33.619998931884766,33.630001068115234,432200,0.0,0.0
2024-07-10 00:00:00-04:00,33.880001068115234,33.880001068115234,33.34000015258789,33.779998779296875,434100,0.0,0.0
2024-07-11 00:00:00-04:00,34.41999816894531,34.439998626708984,33.650001525878906,33.83000183105469,611900,0.0,0.0
2024-07-12 00:00:00-04:00,34.310001373291016,35.220001220703125,34.150001525878906,34.790000915527344,989900,0.0,0.0
2024-07-15 00:00:00-04:00,35.0099983215332,36.09000015258789,34.75,36.0099983215332,762500,0.0,0.0
2024-07-16 00:00:00-04:00,36.5,36.72999954223633,35.95000076293945,36.58000183105469,755900,0.0,0.0
2024-07-17 00:00:00-04:00,36.15999984741211,37.43000030517578,36.130001068115234,36.880001068115234,885700,0.0,0.0
2024-07-18 00:00:00-04:00,36.689998626708984,37.29999923706055,36.0,36.099998474121094,606500,0.0,0.0
2024-07-19 00:00:00-04:00,36.11000061035156,36.68000030517578,35.95000076293945,36.369998931884766,581300,0.0,0.0
2024-07-22 00:00:00-04:00,36.58000183105469,37.5,35.84000015258789,37.38999938964844,1383900,0.0,0.0
2024-07-23 00:00:00-04:00,37.15999984741211,37.58000183105469,34.84000015258789,35.040000915527344,1574600,0.0,0.0
2024-07-24 00:00:00-04:00,35.11000061035156,35.470001220703125,33.9900016784668,34.630001068115234,831500,0.0,0.0
2024-07-25 00:00:00-04:00,34.72999954223633,35.470001220703125,34.40999984741211,34.689998626708984,695100,0.0,0.0
2024-07-26 00:00:00-04:00,35.290000915527344,36.79999923706055,34.959999084472656,36.68000030517578,777600,0.0,0.0
2024-07-29 00:00:00-04:00,37.060001373291016,39.79999923706055,36.95000076293945,39.779998779296875,1086300,0.0,0.0
2024-07-30 00:00:00-04:00,39.81999969482422,41.04999923706055,39.130001068115234,40.900001525878906,1181400,0.0,0.0
2024-07-31 00:00:00-04:00,41.04999923706055,41.970001220703125,40.66999816894531,41.130001068115234,837900,0.0,0.0
2024-08-01 00:00:00-04:00,41.08000183105469,41.119998931884766,38.150001525878906,38.95000076293945,792300,0.0,0.0
2024-08-02 00:00:00-04:00,37.810001373291016,38.2599983215332,37.130001068115234,37.529998779296875,761200,0.0,0.0
2024-08-05 00:00:00-04:00,35.70000076293945,37.43000030517578,35.0099983215332,36.130001068115234,700600,0.0,0.0
2024-08-06 00:00:00-04:00,35.939998626708984,37.189998626708984,35.66999816894531,37.119998931884766,643500,0.0,0.0
2024-08-07 00:00:00-04:00,37.72999954223633,37.86000061035156,36.75,36.880001068115234,390300,0.0,0.0
2024-08-08 00:00:00-04:00,37.31999969482422,37.86000061035156,36.709999084472656,37.68000030517578,360000,0.0,0.0
2024-08-09 00:00:00-04:00,37.72999954223633,37.880001068115234,36.84000015258789,37.59000015258789,263600,0.0,0.0
2024-08-12 00:00:00-04:00,37.75,37.779998779296875,36.52000045776367,37.02000045776367,343500,0.0,0.0
2024-08-13 00:00:00-04:00,37.20000076293945,37.5099983215332,36.81999969482422,37.459999084472656,421900,0.0,0.0
2024-08-14 00:00:00-04:00,37.369998931884766,37.689998626708984,37.02000045776367,37.060001373291016,384500,0.0,0.0
2024-08-15 00:00:00-04:00,37.79999923706055,38.02000045776367,36.25,36.900001525878906,1031700,0.0,0.0
2024-08-16 00:00:00-04:00,36.79999923706055,37.689998626708984,36.560001373291016,37.439998626708984,560900,0.0,0.0
2024-08-19 00:00:00-04:00,37.459999084472656,37.86000061035156,36.959999084472656,37.060001373291016,361400,0.0,0.0
2024-08-20 00:00:00-04:00,37.029998779296875,37.7400016784668,36.849998474121094,37.66999816894531,364400,0.0,0.0
2024-08-21 00:00:00-04:00,37.83000183105469,37.849998474121094,37.150001525878906,37.150001525878906,436900,0.0,0.0
2024-08-22 00:00:00-04:00,37.11000061035156,37.36000061035156,36.349998474121094,36.36000061035156,289800,0.0,0.0
2024-08-23 00:00:00-04:00,36.529998779296875,37.650001525878906,36.29999923706055,37.540000915527344,441900,0.0,0.0
2024-08-26 00:00:00-04:00,37.79999923706055,38.15999984741211,37.220001220703125,37.70000076293945,468700,0.0,0.0
2024-08-27 00:00:00-04:00,37.38999938964844,37.560001373291016,36.68000030517578,36.81999969482422,266900,0.0,0.0
2024-08-28 00:00:00-04:00,36.779998779296875,37.310001373291016,36.54999923706055,36.83000183105469,496100,0.0,0.0
2024-08-29 00:00:00-04:00,37.06999969482422,37.9900016784668,36.72999954223633,37.779998779296875,381100,0.0,0.0
2024-08-30 00:00:00-04:00,37.93000030517578,37.970001220703125,37.06999969482422,37.2400016784668,437600,0.0,0.0
2024-09-03 00:00:00-04:00,37.09000015258789,37.75,36.7400016784668,36.95000076293945,465800,0.0,0.0
2024-09-04 00:00:00-04:00,37.09000015258789,37.380001068115234,36.380001068115234,36.95000076293945,356200,0.0,0.0
2024-09-05 00:00:00-04:00,37.040000915527344,37.470001220703125,36.47999954223633,36.869998931884766,224800,0.0,0.0
2024-09-06 00:00:00-04:00,36.79999923706055,36.79999923706055,34.47999954223633,34.47999954223633,473000,0.0,0.0
2024-09-09 00:00:00-04:00,34.41999816894531,35.08000183105469,34.310001373291016,34.38999938964844,371700,0.0,0.0
2024-09-10 00:00:00-04:00,34.310001373291016,34.790000915527344,34.11000061035156,34.75,353800,0.0,0.0
2024-09-11 00:00:00-04:00,34.619998931884766,35.220001220703125,34.189998626708984,35.130001068115234,476100,0.0,0.0
2024-09-12 00:00:00-04:00,35.33000183105469,35.470001220703125,34.95000076293945,35.310001373291016,582800,0.0,0.0
2024-09-13 00:00:00-04:00,35.91999816894531,36.439998626708984,35.72999954223633,36.029998779296875,270300,0.0,0.0
2024-09-16 00:00:00-04:00,35.970001220703125,36.400001525878906,35.650001525878906,36.06999969482422,316000,0.0,0.0
2024-09-17 00:00:00-04:00,36.439998626708984,37.779998779296875,36.41999816894531,37.310001373291016,449600,0.0,0.0
2024-09-18 00:00:00-04:00,37.290000915527344,37.560001373291016,36.150001525878906,36.220001220703125,658900,0.0,0.0
2024-09-19 00:00:00-04:00,37.150001525878906,38.900001525878906,36.849998474121094,38.650001525878906,916800,0.0,0.0
2024-09-20 00:00:00-04:00,38.540000915527344,39.130001068115234,38.0,39.099998474121094,1219700,0.0,0.0
2024-09-23 00:00:00-04:00,39.380001068115234,39.66999816894531,38.439998626708984,38.84000015258789,555900,0.0,0.0
2024-09-24 00:00:00-04:00,38.95000076293945,39.630001068115234,38.54999923706055,39.310001373291016,460500,0.0,0.0
2024-09-25 00:00:00-04:00,39.220001220703125,39.290000915527344,38.529998779296875,38.689998626708984,280800,0.0,0.0
2024-09-26 00:00:00-04:00,39.189998626708984,39.380001068115234,38.5,38.709999084472656,277700,0.0,0.0
2024-09-27 00:00:00-04:00,39.0,39.09000015258789,38.130001068115234,38.459999084472656,355700,0.0,0.0
2024-09-30 00:00:00-04:00,38.16999816894531,38.97999954223633,38.16999816894531,38.790000915527344,412000,0.0,0.0
2024-10-01 00:00:00-04:00,38.77000045776367,38.77000045776367,37.81999969482422,37.93000030517578,283300,0.0,0.0
2024-10-02 00:00:00-04:00,37.63999938964844,38.34000015258789,37.63999938964844,38.16999816894531,291100,0.0,0.0
2024-10-03 00:00:00-04:00,37.7400016784668,38.130001068115234,37.09000015258789,37.20000076293945,286300,0.0,0.0
2024-10-04 00:00:00-04:00,37.91999816894531,37.91999816894531,37.34000015258789,37.72999954223633,244800,0.0,0.0
2024-10-07 00:00:00-04:00,37.540000915527344,37.540000915527344,36.529998779296875,37.06999969482422,344400,0.0,0.0
2024-10-08 00:00:00-04:00,37.130001068115234,37.349998474121094,36.7400016784668,37.09000015258789,275700,0.0,0.0
2024-10-09 00:00:00-04:00,37.09000015258789,37.5,36.720001220703125,37.20000076293945,568900,0.0,0.0
2024-10-10 00:00:00-04:00,36.810001373291016,37.04999923706055,36.29999923706055,36.77000045776367,454900,0.0,0.0
2024-10-11 00:00:00-04:00,36.77000045776367,38.290000915527344,36.77000045776367,38.220001220703125,338300,0.0,0.0
2024-10-14 00:00:00-04:00,38.150001525878906,38.369998931884766,37.869998931884766,38.20000076293945,358300,0.0,0.0
2024-10-15 00:00:00-04:00,38.189998626708984,39.11000061035156,38.0,38.9900016784668,332200,0.0,0.0
2024-10-16 00:00:00-04:00,39.38999938964844,39.66999816894531,39.15999984741211,39.290000915527344,359700,0.0,0.0
2024-10-17 00:00:00-04:00,39.59000015258789,39.939998626708984,39.04999923706055,39.900001525878906,339400,0.0,0.0
2024-10-18 00:00:00-04:00,40.0,40.150001525878906,38.88999938964844,39.119998931884766,345200,0.0,0.0
2024-10-21 00:00:00-04:00,39.2599983215332,39.380001068115234,38.15999984741211,38.630001068115234,321500,0.0,0.0
2024-10-22 00:00:00-04:00,38.36000061035156,38.599998474121094,37.959999084472656,37.97999954223633,207400,0.0,0.0
2024-10-23 00:00:00-04:00,37.939998626708984,38.2400016784668,36.95000076293945,37.04999923706055,260600,0.0,0.0
2024-10-24 00:00:00-04:00,37.33000183105469,37.90999984741211,37.209999084472656,37.900001525878906,364800,0.0,0.0
2024-10-25 00:00:00-04:00,38.209999084472656,38.9900016784668,37.84000015258789,38.02000045776367,507400,0.0,0.0
2024-10-28 00:00:00-04:00,38.459999084472656,39.650001525878906,38.40999984741211,39.470001220703125,921800,0.0,0.0
2024-10-29 00:00:00-04:00,39.099998474121094,40.40999984741211,36.88999938964844,37.7400016784668,1115500,0.0,0.0
2024-10-30 00:00:00-04:00,37.310001373291016,38.06999969482422,36.119998931884766,36.25,681900,0.0,0.0
2024-10-31 00:00:00-04:00,36.20000076293945,36.54999923706055,35.34000015258789,35.380001068115234,583200,0.0,0.0
2024-11-01 00:00:00-04:00,35.83000183105469,36.63999938964844,35.15999984741211,35.5,424000,0.0,0.0
2024-11-04 00:00:00-05:00,35.4900016784668,36.08000183105469,34.75,35.13999938964844,681200,0.0,0.0
2024-11-05 00:00:00-05:00,35.279998779296875,36.349998474121094,34.619998931884766,36.0099983215332,573800,0.0,0.0
2024-11-06 00:00:00-05:00,37.77000045776367,38.06999969482422,33.939998626708984,34.529998779296875,1172500,0.0,0.0
2024-11-07 00:00:00-05:00,34.400001525878906,34.869998931884766,32.77000045776367,34.08000183105469,1135300,0.0,0.0
2024-11-08 00:00:00-05:00,34.0,34.04999923706055,33.279998779296875,33.540000915527344,809700,0.0,0.0
2024-11-11 00:00:00-05:00,33.66999816894531,34.130001068115234,33.150001525878906,33.27000045776367,707900,0.0,0.0
2024-11-12 00:00:00-05:00,33.15999984741211,33.7599983215332,32.40999984741211,32.5,788700,0.0,0.0
2024-11-13 00:00:00-05:00,32.29999923706055,32.400001525878906,30.760000228881836,30.81999969482422,1327000,0.0,0.0
2024-11-14 00:00:00-05:00,31.079999923706055,31.079999923706055,29.90999984741211,30.1299991607666,1983300,0.0,0.0
2024-11-15 00:00:00-05:00,30.190000534057617,30.6299991607666,28.850000381469727,29.309999465942383,1171600,0.0,0.0
2024-11-18 00:00:00-05:00,29.3700008392334,29.719999313354492,28.700000762939453,29.030000686645508,1373900,0.0,0.0
2024-11-19 00:00:00-05:00,28.950000762939453,32.43000030517578,28.899999618530273,32.349998474121094,4690900,0.0,0.0
2024-11-20 00:00:00-05:00,32.060001373291016,32.119998931884766,30.020000457763672,30.420000076293945,1315300,0.0,0.0
2024-11-21 00:00:00-05:00,30.65999984741211,32.220001220703125,30.100000381469727,32.119998931884766,1097400,0.0,0.0
2024-11-22 00:00:00-05:00,32.27000045776367,33.380001068115234,32.0,33.22999954223633,749800,0.0,0.0
2024-11-25 00:00:00-05:00,33.54999923706055,34.130001068115234,33.369998931884766,33.75,768400,0.0,0.0
2024-11-26 00:00:00-05:00,33.38999938964844,33.439998626708984,32.220001220703125,32.279998779296875,1157200,0.0,0.0
2024-11-27 00:00:00-05:00,32.54999923706055,32.86000061035156,31.75,32.130001068115234,662000,0.0,0.0
2024-11-29 00:00:00-05:00,32.5099983215332,32.689998626708984,32.2400016784668,32.529998779296875,407300,0.0,0.0
2024-12-02 00:00:00-05:00,32.33000183105469,33.25,32.13999938964844,33.02000045776367,473900,0.0,0.0
2024-12-03 00:00:00-05:00,32.83000183105469,33.65999984741211,32.81999969482422,33.5,368800,0.0,0.0
2024-12-04 00:00:00-05:00,33.83000183105469,34.15999984741211,33.43000030517578,33.709999084472656,504800,0.0,0.0
2024-12-05 00:00:00-05:00,33.59000015258789,33.9900016784668,32.38999938964844,32.77000045776367,559400,0.0,0.0
2024-12-06 00:00:00-05:00,33.2599983215332,34.31999969482422,32.900001525878906,34.060001373291016,588700,0.0,0.0
2024-12-09 00:00:00-05:00,34.47999954223633,35.630001068115234,34.209999084472656,34.970001220703125,486200,0.0,0.0
2024-12-10 00:00:00-05:00,34.869998931884766,35.209999084472656,34.47999954223633,34.77000045776367,481600,0.0,0.0
2024-12-11 00:00:00-05:00,34.91999816894531,35.540000915527344,34.61000061035156,35.27000045776367,482000,0.0,0.0
2024-12-12 00:00:00-05:00,35.369998931884766,36.13999938964844,35.29999923706055,35.400001525878906,454200,0.0,0.0
2024-12-13 00:00:00-05:00,35.61000061035156,36.0,34.689998626708984,35.11000061035156,628100,0.0,0.0
2024-12-16 00:00:00-05:00,34.939998626708984,36.54999923706055,34.939998626708984,36.029998779296875,659300,0.0,0.0
2024-12-17 00:00:00-05:00,35.900001525878906,36.15999984741211,34.54999923706055,35.4900016784668,754100,0.0,0.0
2024-12-18 00:00:00-05:00,35.7400016784668,36.369998931884766,34.20000076293945,34.47999954223633,616400,0.0,0.0
2024-12-19 00:00:00-05:00,34.59000015258789,34.91999816894531,34.29999923706055,34.66999816894531,512100,0.0,0.0
2024-12-20 00:00:00-05:00,34.0099983215332,36.02000045776367,34.0099983215332,35.36000061035156,1159000,0.0,0.0
2024-12-23 00:00:00-05:00,35.279998779296875,35.459999084472656,34.65999984741211,34.97999954223633,298500,0.0,0.0
2024-12-24 00:00:00-05:00,34.91999816894531,35.369998931884766,34.61000061035156,35.290000915527344,107300,0.0,0.0
2024-12-26 00:00:00-05:00,35.15999984741211,35.68000030517578,34.880001068115234,35.630001068115234,202800,0.0,0.0
2024-12-27 00:00:00-05:00,35.25,35.45000076293945,34.33000183105469,34.95000076293945,271900,0.0,0.0
2024-12-30 00:00:00-05:00,34.439998626708984,35.09000015258789,34.130001068115234,34.88999938964844,375700,0.0,0.0
2024-12-31 00:00:00-05:00,35.209999084472656,35.349998474121094,34.439998626708984,34.869998931884766,403400,0.0,0.0
2025-01-02 00:00:00-05:00,35.380001068115234,35.40999984741211,33.7400016784668,33.900001525878906,507600,0.0,0.0
2025-01-03 00:00:00-05:00,34.06999969482422,36.0,34.06999969482422,35.7400016784668,780300,0.0,0.0
2025-01-06 00:00:00-05:00,36.18000030517578,36.81999969482422,35.790000915527344,36.630001068115234,538300,0.0,0.0
2025-01-07 00:00:00-05:00,36.880001068115234,36.880001068115234,35.709999084472656,36.31999969482422,377500,0.0,0.0
2025-01-08 00:00:00-05:00,36.0099983215332,38.65999984741211,35.70000076293945,38.16999816894531,742100,0.0,0.0
2025-01-10 00:00:00-05:00,37.29999923706055,37.40999984741211,36.040000915527344,36.310001373291016,430700,0.0,0.0
2025-01-13 00:00:00-05:00,35.689998626708984,36.439998626708984,35.310001373291016,36.310001373291016,359300,0.0,0.0
2025-01-14 00:00:00-05:00,36.630001068115234,37.349998474121094,36.310001373291016,36.91999816894531,378200,0.0,0.0
2025-01-15 00:00:00-05:00,37.65999984741211,38.029998779296875,37.31999969482422,37.52000045776367,231500,0.0,0.0
2025-01-16 00:00:00-05:00,37.38999938964844,38.22999954223633,37.09000015258789,37.970001220703125,297500,0.0,0.0
2025-01-17 00:00:00-05:00,38.56999969482422,38.56999969482422,37.470001220703125,37.90999984741211,233400,0.0,0.0
2025-01-21 00:00:00-05:00,38.22999954223633,38.540000915527344,37.790000915527344,37.91999816894531,410900,0.0,0.0
2025-01-22 00:00:00-05:00,38.119998931884766,40.0,37.88999938964844,38.79999923706055,598500,0.0,0.0
2025-01-23 00:00:00-05:00,38.31999969482422,39.9900016784668,38.2400016784668,39.54999923706055,604900,0.0,0.0
2025-01-24 00:00:00-05:00,39.380001068115234,39.869998931884766,38.90999984741211,39.08000183105469,611600,0.0,0.0
2025-01-27 00:00:00-05:00,38.34000015258789,38.34000015258789,36.77000045776367,36.959999084472656,639600,0.0,0.0
2025-01-28 00:00:00-05:00,37.27000045776367,37.93000030517578,36.779998779296875,37.2599983215332,547900,0.0,0.0
2025-01-29 00:00:00-05:00,37.20000076293945,38.20000076293945,36.540000915527344,36.869998931884766,1263400,0.0,0.0
2025-01-30 00:00:00-05:00,40.0,41.86000061035156,38.7400016784668,40.18000030517578,1660000,0.0,0.0
2025-01-31 00:00:00-05:00,40.880001068115234,41.209999084472656,39.349998474121094,39.68000030517578,1190000,0.0,0.0
2025-02-03 00:00:00-05:00,38.66999816894531,39.79999923706055,38.5099983215332,39.58000183105469,1127200,0.0,0.0
2025-02-04 00:00:00-05:00,39.61000061035156,40.75,39.47999954223633,40.75,634400,0.0,0.0
2025-02-05 00:00:00-05:00,41.2400016784668,42.20000076293945,40.849998474121094,42.16999816894531,728000,0.0,0.0
2025-02-06 00:00:00-05:00,42.290000915527344,42.5,41.290000915527344,41.72999954223633,398700,0.0,0.0
2025-02-07 00:00:00-05:00,41.81999969482422,42.040000915527344,41.060001373291016,41.09000015258789,545300,0.0,0.0
2025-02-10 00:00:00-05:00,41.189998626708984,41.91999816894531,40.720001220703125,41.66999816894531,1238800,0.0,0.0
2025-02-11 00:00:00-05:00,41.08000183105469,41.88999938964844,40.83000183105469,41.709999084472656,1080400,0.0,0.0
2025-02-12 00:00:00-05:00,40.77000045776367,41.119998931884766,40.2599983215332,40.66999816894531,690500,0.0,0.0
2025-02-13 00:00:00-05:00,41.2400016784668,41.2400016784668,40.150001525878906,40.70000076293945,457400,0.0,0.0
2025-02-14 00:00:00-05:00,40.720001220703125,40.95000076293945,39.61000061035156,39.84000015258789,399900,0.0,0.0
2025-02-18 00:00:00-05:00,39.83000183105469,40.439998626708984,39.41999816894531,39.630001068115234,521300,0.0,0.0
2025-02-19 00:00:00-05:00,39.209999084472656,40.04999923706055,39.0,39.939998626708984,519100,0.0,0.0
2025-02-20 00:00:00-05:00,39.88999938964844,40.0099983215332,39.18000030517578,39.720001220703125,691400,0.0,0.0
2025-02-21 00:00:00-05:00,40.18000030517578,40.5,38.560001373291016,38.72999954223633,358700,0.0,0.0
2025-02-24 00:00:00-05:00,38.959999084472656,39.029998779296875,37.95000076293945,38.099998474121094,339200,0.0,0.0
2025-02-25 00:00:00-05:00,38.220001220703125,38.349998474121094,37.4900016784668,37.810001373291016,431500,0.0,0.0
2025-02-26 00:00:00-05:00,38.09000015258789,38.65999984741211,38.0,38.18000030517578,356600,0.0,0.0
2025-02-27 00:00:00-05:00,38.56999969482422,38.56999969482422,37.099998474121094,37.130001068115234,394700,0.0,0.0
2025-02-28 00:00:00-05:00,37.0,37.060001373291016,35.72999954223633,37.02000045776367,576200,0.0,0.0
2025-03-03 00:00:00-05:00,36.77000045776367,37.22999954223633,35.47999954223633,35.88999938964844,419900,0.0,0.0
2025-03-04 00:00:00-05:00,35.29999923706055,35.970001220703125,34.79999923706055,35.029998779296875,934900,0.0,0.0
2025-03-05 00:00:00-05:00,34.970001220703125,34.97999954223633,33.900001525878906,34.90999984741211,914000,0.0,0.0
2025-03-06 00:00:00-05:00,34.060001373291016,34.5099983215332,32.599998474121094,32.900001525878906,794500,0.0,0.0
2025-03-07 00:00:00-05:00,32.81999969482422,32.97999954223633,31.399999618530273,31.90999984741211,909200,0.0,0.0
2025-03-10 00:00:00-04:00,31.059999465942383,31.440000534057617,28.610000610351562,29.399999618530273,1317600,0.0,0.0
2025-03-11 00:00:00-04:00,29.280000686645508,32.08000183105469,29.280000686645508,31.469999313354492,1149700,0.0,0.0
2025-03-12 00:00:00-04:00,31.850000381469727,32.459999084472656,31.170000076293945,32.45000076293945,977800,0.0,0.0
2025-03-13 00:00:00-04:00,32.18000030517578,32.720001220703125,31.049999237060547,31.860000610351562,1007700,0.0,0.0
2025-03-14 00:00:00-04:00,32.459999084472656,33.470001220703125,32.15999984741211,33.34000015258789,707700,0.0,0.0
2025-03-17 00:00:00-04:00,33.11000061035156,33.650001525878906,32.939998626708984,33.38999938964844,639100,0.0,0.0
2025-03-18 00:00:00-04:00,33.18000030517578,34.70000076293945,33.119998931884766,34.349998474121094,1310200,0.0,0.0
2025-03-19 00:00:00-04:00,34.220001220703125,35.27000045776367,34.060001373291016,34.83000183105469,927700,0.0,0.0
2025-03-20 00:00:00-04:00,34.279998779296875,36.2599983215332,34.11000061035156,35.689998626708984,962800,0.0,0.0
2025-03-21 00:00:00-04:00,35.189998626708984,36.119998931884766,35.189998626708984,35.86000061035156,1185500,0.0,0.0
2025-03-24 00:00:00-04:00,36.58000183105469,37.619998931884766,36.4900016784668,37.34000015258789,862300,0.0,0.0
2025-03-25 00:00:00-04:00,36.970001220703125,37.619998931884766,36.65999984741211,36.84000015258789,603500,0.0,0.0
2025-03-26 00:00:00-04:00,36.95000076293945,36.95000076293945,36.22999954223633,36.27000045776367,394600,0.0,0.0
2025-03-27 00:00:00-04:00,36.09000015258789,36.09000015258789,35.459999084472656,35.900001525878906,530800,0.0,0.0
2025-03-28 00:00:00-04:00,35.7599983215332,35.86000061035156,34.75,35.040000915527344,609400,0.0,0.0
2025-03-31 00:00:00-04:00,34.22999954223633,35.560001373291016,34.130001068115234,35.439998626708984,559500,0.0,0.0
2025-04-01 00:00:00-04:00,35.22999954223633,35.709999084472656,34.38999938964844,35.15999984741211,658800,0.0,0.0
2025-04-02 00:00:00-04:00,34.400001525878906,35.86000061035156,34.400001525878906,35.27000045776367,470400,0.0,0.0
2025-04-03 00:00:00-04:00,33.08000183105469,33.61000061035156,32.02000045776367,32.38999938964844,796600,0.0,0.0
2025-04-04 00:00:00-04:00,30.979999542236328,31.920000076293945,30.110000610351562,31.479999542236328,832800,0.0,0.0
2025-04-07 00:00:00-04:00,29.5,33.22999954223633,29.5,31.639999389648438,1232000,0.0,0.0
2025-04-08 00:00:00-04:00,32.83000183105469,33.5,30.670000076293945,31.25,1032800,0.0,0.0
2025-04-09 00:00:00-04:00,31.260000228881836,35.7400016784668,31.15999984741211,34.81999969482422,962600,0.0,0.0
2025-04-10 00:00:00-04:00,34.099998474121094,34.099998474121094,32.58000183105469,33.380001068115234,473500,0.0,0.0
2025-04-11 00:00:00-04:00,33.4900016784668,33.790000915527344,32.689998626708984,33.63999938964844,430300,0.0,0.0
2025-04-14 00:00:00-04:00,34.29999923706055,34.63999938964844,32.90999984741211,33.95000076293945,705200,0.0,0.0
2025-04-15 00:00:00-04:00,34.040000915527344,34.81999969482422,33.970001220703125,34.439998626708984,719700,0.0,0.0
2025-04-16 00:00:00-04:00,33.869998931884766,34.45000076293945,33.34000015258789,33.790000915527344,604200,0.0,0.0
2025-04-17 00:00:00-04:00,34.25,34.310001373291016,32.849998474121094,33.84000015258789,1065600,0.0,0.0
2025-04-21 00:00:00-04:00,33.15999984741211,33.810001373291016,32.54999923706055,33.25,1890500,0.0,0.0
2025-04-22 00:00:00-04:00,37.5,38.31999969482422,35.70000076293945,37.61000061035156,3551700,0.0,0.0
2025-04-23 00:00:00-04:00,38.58000183105469,39.279998779296875,36.25,36.91999816894531,2344100,0.0,0.0
2025-04-24 00:00:00-04:00,37.06999969482422,39.220001220703125,36.90999984741211,39.04999923706055,1991300,0.0,0.0
2025-04-25 00:00:00-04:00,38.97999954223633,40.540000915527344,38.540000915527344,39.619998931884766,1453900,0.0,0.0
2025-04-28 00:00:00-04:00,39.310001373291016,40.209999084472656,39.22999954223633,40.04999923706055,1013100,0.0,0.0
2025-04-29 00:00:00-04:00,40.029998779296875,40.709999084472656,40.0,40.68000030517578,901000,0.0,0.0
2025-04-30 00:00:00-04:00,40.04999923706055,41.04999923706055,39.869998931884766,40.90999984741211,1274500,0.0,0.0
2025-05-01 00:00:00-04:00,41.439998626708984,41.779998779296875,41.130001068115234,41.310001373291016,839800,0.0,0.0
2025-05-02 00:00:00-04:00,41.72999954223633,42.11000061035156,41.43000030517578,42.0,808800,0.0,0.0
2025-05-05 00:00:00-04:00,41.61000061035156,42.220001220703125,41.58000183105469,41.9900016784668,703200,0.0,0.0
2025-05-06 00:00:00-04:00,41.209999084472656,41.959999084472656,41.08000183105469,41.880001068115234,1120800,0.0,0.0
2025-05-07 00:00:00-04:00,41.97999954223633,42.27000045776367,41.41999816894531,42.130001068115234,853400,0.0,0.0
2025-05-08 00:00:00-04:00,42.5,42.849998474121094,41.91999816894531,42.650001525878906,611600,0.0,0.0
2025-05-09 00:00:00-04:00,42.95000076293945,43.540000915527344,42.349998474121094,43.18000030517578,639000,0.0,0.0
2025-05-12 00:00:00-04:00,44.83000183105469,44.97999954223633,43.369998931884766,44.189998626708984,712700,0.0,0.0
2025-05-13 00:00:00-04:00,44.290000915527344,45.20000076293945,44.0,44.900001525878906,542300,0.0,0.0
2025-05-14 00:00:00-04:00,44.900001525878906,45.380001068115234,44.7400016784668,44.86000061035156,519900,0.0,0.0
2025-05-15 00:00:00-04:00,44.65999984741211,45.310001373291016,44.54999923706055,45.25,577900,0.0,0.0
2025-05-16 00:00:00-04:00,45.38999938964844,45.619998931884766,45.0099983215332,45.43000030517578,732400,0.0,0.0
2025-05-19 00:00:00-04:00,44.91999816894531,46.20000076293945,44.40999984741211,46.18000030517578,548000,0.0,0.0
2025-05-20 00:00:00-04:00,45.9900016784668,47.060001373291016,45.849998474121094,46.84000015258789,1480200,0.0,0.0
2025-05-21 00:00:00-04:00,46.16999816894531,47.310001373291016,46.16999816894531,47.02000045776367,864700,0.0,0.0
2025-05-22 00:00:00-04:00,46.84000015258789,47.34000015258789,46.630001068115234,46.790000915527344,851500,0.0,0.0
2025-05-23 00:00:00-04:00,46.029998779296875,46.84000015258789,46.029998779296875,46.7400016784668,497200,0.0,0.0
2025-05-27 00:00:00-04:00,47.15999984741211,47.58000183105469,46.939998626708984,47.34000015258789,733400,0.0,0.0
2025-05-28 00:00:00-04:00,47.470001220703125,47.72999954223633,46.970001220703125,47.060001373291016,418100,0.0,0.0
2025-05-29 00:00:00-04:00,47.5,47.5,46.5099983215332,46.7400016784668,483300,0.0,0.0
2025-05-30 00:00:00-04:00,46.52000045776367,46.66999816894531,45.7400016784668,46.2400016784668,465200,0.0,0.0
2025-06-02 00:00:00-04:00,46.25,47.310001373291016,46.029998779296875,47.27000045776367,636200,0.0,0.0
2025-06-03 00:00:00-04:00,47.290000915527344,47.61000061035156,47.0,47.279998779296875,400000,0.0,0.0
2025-06-04 00:00:00-04:00,47.290000915527344,47.70000076293945,47.209999084472656,47.27000045776367,351700,0.0,0.0
2025-06-05 00:00:00-04:00,47.38999938964844,48.290000915527344,46.880001068115234,47.529998779296875,727400,0.0,0.0
2025-06-06 00:00:00-04:00,48.0,48.29999923706055,47.380001068115234,48.06999969482422,510500,0.0,0.0
2025-06-09 00:00:00-04:00,48.16999816894531,48.61000061035156,47.70000076293945,48.220001220703125,497000,0.0,0.0
2025-06-10 00:00:00-04:00,48.33000183105469,48.380001068115234,47.59000015258789,47.880001068115234,430300,0.0,0.0
2025-06-11 00:00:00-04:00,48.15999984741211,48.59000015258789,47.65999984741211,47.880001068115234,475900,0.0,0.0
2025-06-12 00:00:00-04:00,48.11000061035156,48.880001068115234,47.59000015258789,48.20000076293945,448700,0.0,0.0
2025-06-13 00:00:00-04:00,47.5099983215332,47.9900016784668,47.04999923706055,47.2400016784668,378100,0.0,0.0
2025-06-16 00:00:00-04:00,47.5,47.9900016784668,47.369998931884766,47.720001220703125,435100,0.0,0.0
2025-06-17 00:00:00-04:00,47.5,47.599998474121094,46.13999938964844,46.81999969482422,750600,0.0,0.0
2025-06-18 00:00:00-04:00,47.040000915527344,47.5,46.68000030517578,47.130001068115234,463800,0.0,0.0
2025-06-20 00:00:00-04:00,47.43000030517578,47.650001525878906,46.97999954223633,47.5,1006600,0.0,0.0
2025-06-23 00:00:00-04:00,47.31999969482422,48.41999816894531,47.27000045776367,48.41999816894531,375200,0.0,0.0
2025-06-24 00:00:00-04:00,48.84000015258789,49.630001068115234,48.380001068115234,49.56999969482422,646300,0.0,0.0
2025-06-25 00:00:00-04:00,49.63999938964844,49.86000061035156,49.349998474121094,49.43000030517578,328500,0.0,0.0
2025-06-26 00:00:00-04:00,49.59000015258789,50.099998474121094,49.43000030517578,50.09000015258789,390000,0.0,0.0
2025-06-27 00:00:00-04:00,50.060001373291016,51.40999984741211,49.939998626708984,51.29999923706055,1297100,0.0,0.0
2025-06-30 00:00:00-04:00,51.650001525878906,53.65999984741211,51.61000061035156,53.189998626708984,1065900,0.0,0.0
2025-07-01 00:00:00-04:00,52.810001373291016,53.20000076293945,51.33000183105469,52.41999816894531,1004300,0.0,0.0
2025-07-02 00:00:00-04:00,51.959999084472656,52.959999084472656,51.959999084472656,52.90999984741211,555600,0.0,0.0
2025-07-03 00:00:00-04:00,52.95000076293945,54.06999969482422,52.95000076293945,53.93000030517578,320500,0.0,0.0
2025-07-07 00:00:00-04:00,53.52000045776367,53.97999954223633,53.06999969482422,53.400001525878906,628300,0.0,0.0
2025-07-08 00:00:00-04:00,53.209999084472656,53.58000183105469,52.209999084472656,52.58000183105469,512000,0.0,0.0
2025-07-09 00:00:00-04:00,52.86000061035156,52.86000061035156,51.0099983215332,51.959999084472656,889100,0.0,0.0
2025-07-10 00:00:00-04:00,51.84000015258789,51.959999084472656,50.599998474121094,51.04999923706055,620000,0.0,0.0
2025-07-11 00:00:00-04:00,50.66999816894531,51.060001373291016,50.209999084472656,50.4900016784668,488000,0.0,0.0
2025-07-14 00:00:00-04:00,50.2400016784668,50.84000015258789,50.04999923706055,50.59000015258789,491500,0.0,0.0
2025-07-15 00:00:00-04:00,50.70000076293945,51.0099983215332,50.0099983215332,50.08000183105469,608600,0.0,0.0
2025-07-16 00:00:00-04:00,50.369998931884766,51.36000061035156,49.63999938964844,51.34000015258789,746800,0.0,0.0
2025-07-17 00:00:00-04:00,51.81999969482422,53.18000030517578,51.63999938964844,52.959999084472656,1040400,0.0,0.0
2025-07-18 00:00:00-04:00,52.86000061035156,54.27000045776367,52.59000015258789,53.66999816894531,991800,0.0,0.0
2025-07-21 00:00:00-04:00,53.65999984741211,54.36000061035156,52.72999954223633,53.72999954223633,1233400,0.0,0.0
2025-07-22 00:00:00-04:00,55.04999923706055,55.97999954223633,53.0,55.41999816894531,2701200,0.0,0.0
2025-07-23 00:00:00-04:00,56.0,57.900001525878906,55.41999816894531,56.0099983215332,1511800,0.0,0.0
2025-07-24 00:00:00-04:00,56.119998931884766,56.29999923706055,54.88999938964844,55.310001373291016,1111700,0.0,0.0
2025-07-25 00:00:00-04:00,55.20000076293945,55.79999923706055,55.11000061035156,55.290000915527344,746800,0.0,0.0
2025-07-28 00:00:00-04:00,55.45000076293945,56.529998779296875,55.02000045776367,56.47999954223633,725400,0.0,0.0
2025-07-29 00:00:00-04:00,57.0,57.41999816894531,56.02000045776367,56.20000076293945,618100,0.0,0.0
2025-07-30 00:00:00-04:00,56.20000076293945,57.029998779296875,55.529998779296875,56.869998931884766,526700,0.0,0.0
2025-07-31 00:00:00-04:00,57.029998779296875,57.31999969482422,55.93000030517578,56.689998626708984,609900,0.0,0.0
2025-08-01 00:00:00-04:00,56.0099983215332,56.5,54.380001068115234,56.060001373291016,620200,0.0,0.0
2025-08-04 00:00:00-04:00,56.34000015258789,57.91999816894531,56.34000015258789,57.470001220703125,702400,0.0,0.0
2025-08-05 00:00:00-04:00,57.970001220703125,57.97999954223633,56.18000030517578,56.5,711100,0.0,0.0
2025-08-06 00:00:00-04:00,56.220001220703125,57.310001373291016,56.099998474121094,56.779998779296875,489500,0.0,0.0
2025-08-07 00:00:00-04:00,57.209999084472656,57.29999923706055,56.029998779296875,56.68000030517578,787600,0.0,0.0
2025-08-08 00:00:00-04:00,56.86000061035156,57.650001525878906,56.2599983215332,56.560001373291016,673600,0.0,0.0
2025-08-11 00:00:00-04:00,56.58000183105469,57.54999923706055,55.70000076293945,56.68000030517578,871600,0.0,0.0
2025-08-12 00:00:00-04:00,56.84000015258789,58.720001220703125,56.59000015258789,58.41999816894531,627900,0.0,0.0
2025-08-13 00:00:00-04:00,58.7599983215332,59.29999923706055,57.77000045776367,58.84000015258789,599400,0.0,0.0
2025-08-14 00:00:00-04:00,58.47999954223633,59.15999984741211,56.66999816894531,56.779998779296875,721300,0.0,0.0
2025-08-15 00:00:00-04:00,56.83000183105469,57.0,56.25,56.95000076293945,561400,0.0,0.0
2025-08-18 00:00:00-04:00,56.970001220703125,57.97999954223633,56.7599983215332,57.810001373291016,661300,0.0,0.0
2025-08-19 00:00:00-04:00,57.900001525878906,58.0,56.369998931884766,56.41999816894531,403800,0.0,0.0
2025-08-20 00:00:00-04:00,56.38999938964844,56.83000183105469,55.5,56.619998931884766,763500,0.0,0.0
2025-08-21 00:00:00-04:00,56.439998626708984,57.4900016784668,56.13999938964844,57.130001068115234,484600,0.0,0.0
2025-08-22 00:00:00-04:00,57.459999084472656,59.18000030517578,57.16999816894531,58.459999084472656,464400,0.0,0.0
2025-08-25 00:00:00-04:00,58.45000076293945,58.900001525878906,58.09000015258789,58.810001373291016,479000,0.0,0.0
2025-08-26 00:00:00-04:00,58.54999923706055,59.630001068115234,58.04999923706055,59.470001220703125,813700,0.0,0.0
2025-08-27 00:00:00-04:00,59.45000076293945,59.900001525878906,59.0,59.400001525878906,287400,0.0,0.0
2025-08-28 00:00:00-04:00,59.45000076293945,61.27000045776367,59.45000076293945,61.060001373291016,678500,0.0,0.0
2025-08-29 00:00:00-04:00,60.65999984741211,60.970001220703125,59.290000915527344,59.45000076293945,439500,0.0,0.0
2025-09-02 00:00:00-04:00,58.209999084472656,59.630001068115234,58.06999969482422,59.0,334700,0.0,0.0
2025-09-03 00:00:00-04:00,58.939998626708984,59.61000061035156,58.27000045776367,58.63999938964844,515100,0.0,0.0
2025-09-04 00:00:00-04:00,59.0099983215332,61.060001373291016,58.779998779296875,61.040000915527344,586400,0.0,0.0
2025-09-05 00:00:00-04:00,61.2599983215332,61.720001220703125,59.900001525878906,60.650001525878906,349700,0.0,0.0
2025-09-08 00:00:00-04:00,61.150001525878906,61.689998626708984,60.77000045776367,61.099998474121094,536300,0.0,0.0
2025-09-09 00:00:00-04:00,60.88999938964844,61.7400016784668,60.220001220703125,61.66999816894531,611000,0.0,0.0
2025-09-10 00:00:00-04:00,61.720001220703125,63.0,61.54999923706055,63.0,735100,0.0,0.0
2025-09-11 00:00:00-04:00,63.0,63.70000076293945,62.790000915527344,63.279998779296875,444500,0.0,0.0
2025-09-12 00:00:00-04:00,62.779998779296875,63.06999969482422,61.33000183105469,61.470001220703125,521100,0.0,0.0
2025-09-15 00:00:00-04:00,62.0,62.900001525878906,61.540000915527344,61.66999816894531,440000,0.0,0.0
2025-09-16 00:00:00-04:00,61.65999984741211,61.81999969482422,60.84000015258789,61.36000061035156,528100,0.0,0.0
2025-09-17 00:00:00-04:00,61.65999984741211,61.90999984741211,60.93000030517578,61.33000183105469,417300,0.0,0.0
2025-09-18 00:00:00-04:00,61.95000076293945,64.25,61.810001373291016,64.04000091552734,439400,0.0,0.0
2025-09-19 00:00:00-04:00,64.20999908447266,64.30000305175781,62.599998474121094,62.86000061035156,1577200,0.0,0.0
2025-09-22 00:00:00-04:00,63.040000915527344,63.650001525878906,62.86000061035156,63.459999084472656,505000,0.0,0.0
2025-09-23 00:00:00-04:00,63.34000015258789,63.900001525878906,62.43000030517578,62.47999954223633,425100,0.0,0.0
2025-09-24 00:00:00-04:00,62.47999954223633,62.779998779296875,60.68000030517578,61.2400016784668,437100,0.0,0.0
2025-09-25 00:00:00-04:00,60.72999954223633,61.630001068115234,60.13999938964844,61.43000030517578,430100,0.0,0.0
2025-09-26 00:00:00-04:00,61.529998779296875,61.75,61.029998779296875,61.56999969482422,764400,0.0,0.0
2025-09-29 00:00:00-04:00,62.29999923706055,62.29999923706055,61.11000061035156,61.380001068115234,442400,0.0,0.0
2025-09-30 00:00:00-04:00,61.5,62.029998779296875,60.47999954223633,61.369998931884766,373400,0.0,0.0
2025-10-01 00:00:00-04:00,60.959999084472656,61.72999954223633,60.79999923706055,61.369998931884766,408400,0.0,0.0
2025-10-02 00:00:00-04:00,61.790000915527344,61.790000915527344,60.439998626708984,60.95000076293945,366400,0.0,0.0
2025-10-03 00:00:00-04:00,61.36000061035156,61.54999923706055,59.470001220703125,59.5099983215332,534800,0.0,0.0
2025-10-06 00:00:00-04:00,60.36000061035156,60.540000915527344,58.81999969482422,60.470001220703125,598900,0.0,0.0
2025-10-07 00:00:00-04:00,60.72999954223633,60.849998474121094,58.650001525878906,58.68000030517578,544200,0.0,0.0
2025-10-08 00:00:00-04:00,59.220001220703125,60.630001068115234,58.72999954223633,59.95000076293945,491000,0.0,0.0
2025-10-09 00:00:00-04:00,59.29999923706055,59.790000915527344,58.65999984741211,59.0,405600,0.0,0.0
2025-10-10 00:00:00-04:00,59.099998474121094,59.279998779296875,57.369998931884766,57.72999954223633,495100,0.0,0.0
2025-10-13 00:00:00-04:00,59.0,59.650001525878906,58.290000915527344,58.619998931884766,376400,0.0,0.0
2025-10-14 00:00:00-04:00,58.11000061035156,59.959999084472656,58.11000061035156,59.18000030517578,508700,0.0,0.0
2025-10-15 00:00:00-04:00,59.88999938964844,60.709999084472656,59.31999969482422,59.720001220703125,361400,0.0,0.0
2025-10-16 00:00:00-04:00,59.9900016784668,61.04999923706055,59.709999084472656,60.310001373291016,516200,0.0,0.0
2025-10-17 00:00:00-04:00,59.77000045776367,60.66999816894531,58.880001068115234,59.41999816894531,300200,0.0,0.0
2025-10-20 00:00:00-04:00,59.72999954223633,61.099998474121094,59.470001220703125,60.130001068115234,340300,0.0,0.0
2025-10-21 00:00:00-04:00,59.849998474121094,59.91999816894531,58.970001220703125,59.52000045776367,243700,0.0,0.0
2025-10-22 00:00:00-04:00,59.61000061035156,59.790000915527344,57.70000076293945,59.31999969482422,452900,0.0,0.0
2025-10-23 00:00:00-04:00,58.45000076293945,60.189998626708984,58.45000076293945,60.15999984741211,454900,0.0,0.0
2025-10-24 00:00:00-04:00,60.220001220703125,61.470001220703125,60.220001220703125,61.290000915527344,320400,0.0,0.0
2025-10-27 00:00:00-04:00,61.88999938964844,62.0,60.810001373291016,61.0099983215332,338300,0.0,0.0
2025-10-28 00:00:00-04:00,60.810001373291016,62.400001525878906,60.31999969482422,61.779998779296875,381100,0.0,0.0
2025-10-29 00:00:00-04:00,61.56999969482422,62.45000076293945,60.25,62.22999954223633,902700,0.0,0.0
2025-10-30 00:00:00-04:00,65.56999969482422,69.69000244140625,63.5,68.04000091552734,2623200,0.0,0.0
2025-10-31 00:00:00-04:00,69.72000122070312,71.22000122070312,68.31999969482422,68.41999816894531,1189000,0.0,0.0
2025-11-03 00:00:00-05:00,68.93000030517578,69.7300033569336,66.25,67.23999786376953,991400,0.0,0.0
2025-11-04 00:00:00-05:00,65.94999694824219,66.47000122070312,64.44999694824219,65.45999908447266,981700,0.0,0.0
2025-11-05 00:00:00-05:00,65.4800033569336,68.19000244140625,65.4800033569336,67.18000030517578,855700,0.0,0.0
2025-11-06 00:00:00-05:00,67.31999969482422,67.80999755859375,64.22000122070312,64.37000274658203,1138900,0.0,0.0
2025-11-07 00:00:00-05:00,63.939998626708984,64.41000366210938,63.04999923706055,64.02999877929688,385400,0.0,0.0
2025-11-10 00:00:00-05:00,64.95999908447266,65.0,63.5,64.12000274658203,671700,0.0,0.0
2025-11-11 00:00:00-05:00,63.31999969482422,63.810001373291016,61.7400016784668,62.939998626708984,1158500,0.0,0.0
2025-11-12 00:00:00-05:00,63.0,64.33000183105469,62.54999923706055,63.279998779296875,618400,0.0,0.0
2025-11-13 00:00:00-05:00,63.02000045776367,63.36000061035156,58.83000183105469,60.29999923706055,758000,0.0,0.0
2025-11-14 00:00:00-05:00,58.900001525878906,59.79999923706055,58.40999984741211,58.70000076293945,841300,0.0,0.0
2025-11-17 00:00:00-05:00,58.84000015258789,58.84000015258789,57.0,57.13999938964844,509500,0.0,0.0
2025-11-18 00:00:00-05:00,56.77000045776367,57.25,54.5099983215332,55.34000015258789,949900,0.0,0.0
2025-11-19 00:00:00-05:00,55.47999954223633,56.439998626708984,54.63999938964844,54.86000061035156,777500,0.0,0.0
2025-11-20 00:00:00-05:00,56.0099983215332,56.849998474121094,53.09000015258789,53.34000015258789,642000,0.0,0.0
2025-11-21 00:00:00-05:00,53.75,54.31999969482422,52.04999923706055,53.81999969482422,585100,0.0,0.0
2025-11-24 00:00:00-05:00,54.47999954223633,55.0,53.709999084472656,54.540000915527344,1009500,0.0,0.0
2025-11-25 00:00:00-05:00,54.439998626708984,56.58000183105469,53.77000045776367,55.91999816894531,594100,0.0,0.0
2025-11-26 00:00:00-05:00,56.02000045776367,56.61000061035156,55.54999923706055,55.79999923706055,950900,0.0,0.0
2025-11-28 00:00:00-05:00,56.06999969482422,56.099998474121094,55.130001068115234,55.27000045776367,367800,0.0,0.0
2025-12-01 00:00:00-05:00,54.790000915527344,55.13999938964844,54.310001373291016,54.66999816894531,643600,0.0,0.0
2025-12-02 00:00:00-05:00,55.220001220703125,55.5,54.310001373291016,54.650001525878906,748200,0.0,0.0
2025-12-03 00:00:00-05:00,54.599998474121094,54.65999984741211,53.310001373291016,54.349998474121094,893200,0.0,0.0
2025-12-04 00:00:00-05:00,54.06999969482422,54.810001373291016,53.5,53.650001525878906,605200,0.0,0.0
2025-12-05 00:00:00-05:00,53.650001525878906,54.56999969482422,53.45000076293945,54.16999816894531,614100,0.0,0.0
2025-12-08 00:00:00-05:00,54.529998779296875,55.7599983215332,54.08000183105469,54.869998931884766,873100,0.0,0.0
2025-12-09 00:00:00-05:00,54.709999084472656,55.84000015258789,54.709999084472656,55.66999816894531,409500,0.0,0.0
2025-12-10 00:00:00-05:00,55.58000183105469,56.619998931884766,54.81999969482422,56.02000045776367,544900,0.0,0.0
2025-12-11 00:00:00-05:00,56.150001525878906,56.63999938964844,54.869998931884766,56.16999816894531,1519900,0.0,0.0
2025-12-12 00:00:00-05:00,56.02000045776367,56.4900016784668,53.45000076293945,53.720001220703125,1363800,0.0,0.0
2025-12-15 00:00:00-05:00,54.34000015258789,55.13999938964844,53.939998626708984,53.9900016784668,1010300,0.0,0.0
2025-12-16 00:00:00-05:00,54.060001373291016,54.459999084472656,53.2400016784668,54.18000030517578,811800,0.0,0.0
2025-12-17 00:00:00-05:00,54.34000015258789,55.310001373291016,52.720001220703125,53.119998931884766,536800,0.0,0.0
2025-12-18 00:00:00-05:00,54.25,54.689998626708984,53.400001525878906,53.7599983215332,614500,0.0,0.0
2025-12-19 00:00:00-05:00,53.599998474121094,56.4900016784668,53.599998474121094,54.689998626708984,2191500,0.0,0.0
2025-12-22 00:00:00-05:00,55.2400016784668,56.189998626708984,55.06999969482422,55.88999938964844,467700,0.0,0.0
2025-12-23 00:00:00-05:00,55.77000045776367,56.599998474121094,55.25,55.43000030517578,582800,0.0,0.0
2025-12-24 00:00:00-05:00,55.25,55.54999923706055,54.060001373291016,54.619998931884766,346200,0.0,0.0
2025-12-26 00:00:00-05:00,54.880001068115234,54.939998626708984,54.0099983215332,54.27000045776367,259800,0.0,0.0
2025-12-29 00:00:00-05:00,53.970001220703125,54.349998474121094,53.290000915527344,53.43000030517578,515000,0.0,0.0
2025-12-30 00:00:00-05:00,53.5,53.63999938964844,52.619998931884766,52.9900016784668,512200,0.0,0.0
2025-12-31 00:00:00-05:00,53.060001373291016,53.45000076293945,52.56999969482422,52.93000030517578,480700,0.0,0.0
2026-01-02 00:00:00-05:00,53.380001068115234,54.0099983215332,52.4900016784668,53.59000015258789,448800,0.0,0.0
2026-01-05 00:00:00-05:00,53.900001525878906,54.7599983215332,53.29999923706055,54.310001373291016,831600,0.0,0.0
2026-01-06 00:00:00-05:00,54.11000061035156,55.0099983215332,53.09000015258789,54.97999954223633,637100,0.0,0.0
2026-01-07 00:00:00-05:00,54.83000183105469,54.939998626708984,52.63999938964844,52.68000030517578,676300,0.0,0.0
2026-01-08 00:00:00-05:00,52.72999954223633,52.83000183105469,51.380001068115234,51.5,1036300,0.0,0.0
2026-01-09 00:00:00-05:00,51.47999954223633,52.09000015258789,50.599998474121094,51.7400016784668,846200,0.0,0.0
2026-01-12 00:00:00-05:00,51.34000015258789,53.34000015258789,50.869998931884766,53.290000915527344,1218800,0.0,0.0
2026-01-13 00:00:00-05:00,53.11000061035156,54.65999984741211,52.9900016784668,54.349998474121094,862600,0.0,0.0
2026-01-14 00:00:00-05:00,54.349998474121094,55.04999923706055,53.5099983215332,54.959999084472656,660900,0.0,0.0
2026-01-15 00:00:00-05:00,59.779998779296875,61.90999984741211,58.599998474121094,59.040000915527344,1594700,0.0,0.0
2026-01-16 00:00:00-05:00,59.04999923706055,59.130001068115234,56.959999084472656,58.099998474121094,812400,0.0,0.0
2026-01-20 00:00:00-05:00,57.08000183105469,58.47999954223633,56.86000061035156,57.290000915527344,840100,0.0,0.0
2026-01-21 00:00:00-05:00,57.2599983215332,57.61000061035156,55.47999954223633,56.4900016784668,749000,0.0,0.0
2026-01-22 00:00:00-05:00,57.5099983215332,58.25,55.77000045776367,55.79999923706055,647200,0.0,0.0
2026-01-23 00:00:00-05:00,55.58000183105469,55.70000076293945,53.88999938964844,54.189998626708984,561900,0.0,0.0
2026-01-26 00:00:00-05:00,54.61000061035156,56.15999984741211,54.43000030517578,55.689998626708984,727600,0.0,0.0
2026-01-27 00:00:00-05:00,56.4900016784668,56.63999938964844,54.959999084472656,55.97999954223633,1242200,0.0,0.0
2026-01-28 00:00:00-05:00,56.43000030517578,57.31999969482422,52.5099983215332,52.959999084472656,1394400,0.0,0.0
2026-01-29 00:00:00-05:00,47.86000061035156,49.88999938964844,44.86000061035156,46.65999984741211,4759700,0.0,0.0
2026-01-30 00:00:00-05:00,45.0099983215332,47.13999938964844,44.25,44.66999816894531,2437000,0.0,0.0
2026-02-02 00:00:00-05:00,45.150001525878906,48.119998931884766,44.70000076293945,47.31999969482422,1727500,0.0,0.0
2026-02-03 00:00:00-05:00,47.31999969482422,48.20000076293945,46.2599983215332,48.119998931884766,1713500,0.0,0.0
2026-02-04 00:00:00-05:00,48.7400016784668,50.63999938964844,48.459999084472656,50.29999923706055,1570400,0.0,0.0
2026-02-05 00:00:00-05:00,49.369998931884766,52.119998931884766,49.369998931884766,50.650001525878906,1587300,0.0,0.0
2026-02-06 00:00:00-05:00,51.68000030517578,53.97999954223633,51.5,53.18000030517578,2589600,0.0,0.0
2026-02-09 00:00:00-05:00,53.5,57.0,53.220001220703125,55.56999969482422,2549100,0.0,0.0
2026-02-10 00:00:00-05:00,55.86000061035156,56.79999923706055,54.4900016784668,54.52000045776367,1229600,0.0,0.0
2026-02-11 00:00:00-05:00,55.61000061035156,55.88999938964844,51.91999816894531,52.689998626708984,1703000,0.0,0.0
2026-02-12 00:00:00-05:00,52.9900016784668,53.41999816894531,50.22999954223633,52.02000045776367,1254000,0.0,0.0
2026-02-13 00:00:00-05:00,53.060001373291016,53.38999938964844,51.869998931884766,53.31999969482422,1028800,0.0,0.0
2026-02-17 00:00:00-05:00,53.0,53.65999984741211,52.15999984741211,52.310001373291016,1466900,0.0,0.0
2026-02-18 00:00:00-05:00,52.209999084472656,52.849998474121094,51.43000030517578,52.58000183105469,648600,0.0,0.0
2026-02-19 00:00:00-05:00,52.34000015258789,55.150001525878906,51.689998626708984,54.869998931884766,725500,0.0,0.0
2026-02-20 00:00:00-05:00,54.7599983215332,55.9900016784668,54.099998474121094,55.61000061035156,1884700,0.0,0.0
2026-02-23 00:00:00-05:00,55.38999938964844,55.38999938964844,53.2599983215332,54.130001068115234,695700,0.0,0.0
2026-02-24 00:00:00-05:00,54.189998626708984,55.380001068115234,53.369998931884766,53.459999084472656,513900,0.0,0.0
2026-02-25 00:00:00-05:00,53.900001525878906,53.900001525878906,51.029998779296875,51.06999969482422,1510300,0.0,0.0
2026-02-26 00:00:00-05:00,55.720001220703125,55.720001220703125,50.900001525878906,51.470001220703125,1053000,0.0,0.0
2026-02-27 00:00:00-05:00,50.900001525878906,52.349998474121094,50.11000061035156,51.77000045776367,841000,0.0,0.0
2026-03-02 00:00:00-05:00,50.720001220703125,53.70000076293945,50.31999969482422,53.119998931884766,731300,0.0,0.0
2026-03-03 00:00:00-05:00,52.29999923706055,53.45000076293945,50.630001068115234,52.58000183105469,602400,0.0,0.0
2026-03-04 00:00:00-05:00,53.08000183105469,54.5099983215332,52.59000015258789,54.279998779296875,453500,0.0,0.0
2026-03-05 00:00:00-05:00,53.4900016784668,53.790000915527344,51.41999816894531,52.08000183105469,604700,0.0,0.0
2026-03-06 00:00:00-05:00,50.97999954223633,51.709999084472656,50.15999984741211,50.470001220703125,721100,0.0,0.0
2026-03-09 00:00:00-04:00,49.79999923706055,51.16999816894531,49.310001373291016,50.95000076293945,564600,0.0,0.0
2026-03-10 00:00:00-04:00,50.939998626708984,51.15999984741211,50.09000015258789,51.02000045776367,753500,0.0,0.0
2026-03-11 00:00:00-04:00,50.66999816894531,51.220001220703125,50.279998779296875,50.9900016784668,585100,0.0,0.0
2026-03-12 00:00:00-04:00,50.18000030517578,51.04999923706055,49.709999084472656,49.77000045776367,836800,0.0,0.0
2026-03-13 00:00:00-04:00,50.220001220703125,51.5,50.20000076293945,50.56999969482422,441600,0.0,0.0
2026-03-16 00:00:00-04:00,50.97999954223633,51.220001220703125,49.779998779296875,51.04999923706055,1166700,0.0,0.0
2026-03-17 00:00:00-04:00,50.59000015258789,51.560001373291016,50.29999923706055,51.45000076293945,744400,0.0,0.0
2026-03-18 00:00:00-04:00,51.7599983215332,51.900001525878906,50.47999954223633,51.0,1104800,0.0,0.0
2026-03-19 00:00:00-04:00,49.810001373291016,51.16999816894531,49.810001373291016,50.630001068115234,848700,0.0,0.0
2026-03-20 00:00:00-04:00,50.540000915527344,50.93000030517578,49.779998779296875,50.310001373291016,1866500,0.0,0.0
2026-03-23 00:00:00-04:00,51.4900016784668,53.02000045776367,51.150001525878906,52.540000915527344,742700,0.0,0.0
2026-03-24 00:00:00-04:00,52.13999938964844,54.22999954223633,51.63999938964844,53.31999969482422,655200,0.0,0.0
2026-03-25 00:00:00-04:00,54.119998931884766,54.970001220703125,52.70000076293945,52.7599983215332,835800,0.0,0.0
2026-03-26 00:00:00-04:00,52.75,52.75,51.0,51.02000045776367,673700,0.0,0.0
2026-03-27 00:00:00-04:00,50.47999954223633,51.22999954223633,49.779998779296875,50.279998779296875,958400,0.0,0.0
2026-03-30 00:00:00-04:00,50.939998626708984,50.939998626708984,48.5099983215332,49.400001525878906,853200,0.0,0.0
2026-03-31 00:00:00-04:00,50.029998779296875,50.43000030517578,48.060001373291016,48.9900016784668,934200,0.0,0.0
2026-04-01 00:00:00-04:00,49.529998779296875,50.400001525878906,46.849998474121094,46.869998931884766,1738900,0.0,0.0
2026-04-02 00:00:00-04:00,45.47999954223633,46.56999969482422,44.040000915527344,46.34000015258789,1627000,0.0,0.0
2026-04-06 00:00:00-04:00,46.36000061035156,48.310001373291016,46.36000061035156,48.2599983215332,663100,0.0,0.0
2026-04-07 00:00:00-04:00,47.970001220703125,49.349998474121094,47.52000045776367,48.779998779296875,630800,0.0,0.0
2026-04-08 00:00:00-04:00,50.61000061035156,50.849998474121094,49.58000183105469,49.84000015258789,821500,0.0,0.0
2026-04-09 00:00:00-04:00,49.65999984741211,50.290000915527344,48.689998626708984,49.439998626708984,568300,0.0,0.0
2026-04-10 00:00:00-04:00,49.56999969482422,49.56999969482422,47.189998626708984,47.72999954223633,665700,0.0,0.0
2026-04-13 00:00:00-04:00,47.599998474121094,48.91999816894531,47.540000915527344,48.709999084472656,574600,0.0,0.0
2026-04-14 00:00:00-04:00,48.93000030517578,49.209999084472656,47.83000183105469,48.790000915527344,367200,0.0,0.0
2026-04-15 00:00:00-04:00,48.72999954223633,49.20000076293945,48.060001373291016,49.119998931884766,617500,0.0,0.0
2026-04-16 00:00:00-04:00,49.04999923706055,49.83000183105469,49.04999923706055,49.779998779296875,448700,0.0,0.0
2026-04-17 00:00:00-04:00,50.54999923706055,51.880001068115234,50.13999938964844,50.150001525878906,865800,0.0,0.0
2026-04-20 00:00:00-04:00,50.08000183105469,52.97999954223633,50.08000183105469,51.54999923706055,1378600,0.0,0.0
2026-04-21 00:00:00-04:00,51.7400016784668,52.34000015258789,48.369998931884766,49.58000183105469,1929400,0.0,0.0
2026-04-22 00:00:00-04:00,44.5099983215332,44.720001220703125,40.95000076293945,42.650001525878906,4358400,0.0,0.0
2026-04-23 00:00:00-04:00,42.20000076293945,44.650001525878906,41.779998779296875,42.689998626708984,1970500,0.0,0.0
2026-04-24 00:00:00-04:00,42.54999923706055,43.5099983215332,42.04999923706055,43.380001068115234,1693100,0.0,0.0
2026-04-27 00:00:00-04:00,43.16999816894531,43.90999984741211,42.38999938964844,42.619998931884766,1325200,0.0,0.0
2026-04-28 00:00:00-04:00,42.7599983215332,43.38999938964844,40.75,42.029998779296875,1239700,0.0,0.0
2026-04-29 00:00:00-04:00,41.529998779296875,42.11000061035156,41.2400016784668,41.68000030517578,854300,0.0,0.0
2026-04-30 00:00:00-04:00,42.13999938964844,43.689998626708984,41.36000061035156,43.560001373291016,836300,0.0,0.0
2026-05-01 00:00:00-04:00,43.880001068115234,44.29999923706055,43.11000061035156,43.529998779296875,850300,0.0,0.0
2026-05-04 00:00:00-04:00,43.5,43.810001373291016,42.630001068115234,43.439998626708984,639700,0.0,0.0
2026-05-05 00:00:00-04:00,43.91999816894531,46.029998779296875,43.91999816894531,45.81999969482422,896400,0.0,0.0
2026-05-06 00:00:00-04:00,45.75,45.75,43.7400016784668,44.34000015258789,675700,0.0,0.0
2026-05-07 00:00:00-04:00,44.75,45.279998779296875,43.130001068115234,43.52000045776367,713400,0.0,0.0
2026-05-08 00:00:00-04:00,43.959999084472656,44.31999969482422,42.93000030517578,43.2400016784668,541000,0.0,0.0
2026-05-11 00:00:00-04:00,43.349998474121094,43.97999954223633,42.5099983215332,42.72999954223633,811900,0.0,0.0
2026-05-12 00:00:00-04:00,42.689998626708984,43.040000915527344,41.43000030517578,41.709999084472656,441600,0.0,0.0
2026-05-13 00:00:00-04:00,41.79999923706055,41.79999923706055,40.290000915527344,40.400001525878906,1117700,0.0,0.0
2026-05-14 00:00:00-04:00,41.0099983215332,41.439998626708984,40.02000045776367,40.2599983215332,649400,0.0,0.0
2026-05-15 00:00:00-04:00,39.810001373291016,40.369998931884766,39.31999969482422,39.810001373291016,825100,0.0,0.0
2026-05-18 00:00:00-04:00,39.400001525878906,40.54999923706055,39.400001525878906,40.220001220703125,834500,0.0,0.0
2026-05-19 00:00:00-04:00,40.02000045776367,40.2599983215332,39.650001525878906,39.86000061035156,991200,0.0,0.0
2026-05-20 00:00:00-04:00,40.04999923706055,40.29999923706055,38.2400016784668,38.369998931884766,1100400,0.0,0.0
2026-05-21 00:00:00-04:00,38.060001373291016,39.08000183105469,37.56999969482422,38.41999816894531,925700,0.0,0.0
2026-05-22 00:00:00-04:00,38.880001068115234,39.91999816894531,38.5099983215332,39.22999954223633,632500,0.0,0.0
2026-05-26 00:00:00-04:00,38.9900016784668,40.38999938964844,38.16999816894531,40.34000015258789,700400,0.0,0.0
2026-05-27 00:00:00-04:00,40.16999816894531,41.779998779296875,39.72999954223633,40.97999954223633,772500,0.0,0.0
2026-05-28 00:00:00-04:00,40.869998931884766,41.099998474121094,39.900001525878906,40.029998779296875,704500,0.0,0.0
2026-05-29 00:00:00-04:00,40.040000915527344,40.40999984741211,39.04999923706055,39.75,827900,0.0,0.0
2026-06-01 00:00:00-04:00,39.470001220703125,40.77000045776367,39.220001220703125,40.150001525878906,852400,0.0,0.0
2026-06-02 00:00:00-04:00,40.16999816894531,40.709999084472656,39.16999816894531,39.4900016784668,838500,0.0,0.0
2026-06-03 00:00:00-04:00,39.18000030517578,39.22999954223633,38.13999938964844,38.5,792000,0.0,0.0
2026-06-04 00:00:00-04:00,38.220001220703125,38.38999938964844,37.54999923706055,38.34000015258789,1314900,0.0,0.0
2026-06-05 00:00:00-04:00,38.09000015258789,38.31999969482422,36.83000183105469,37.27000045776367,1927600,0.0,0.0
2026-06-08 00:00:00-04:00,37.43000030517578,38.25,37.06999969482422,37.279998779296875,1235500,0.0,0.0
2026-06-09 00:00:00-04:00,37.45000076293945,38.90999984741211,35.869998931884766,38.689998626708984,1718500,0.0,0.0
2026-06-10 00:00:00-04:00,38.68000030517578,40.15999984741211,37.83000183105469,38.59000015258789,1214100,0.0,0.0
2026-06-11 00:00:00-04:00,38.84000015258789,39.0099983215332,37.95000076293945,38.560001373291016,720100,0.0,0.0
2026-06-12 00:00:00-04:00,38.900001525878906,39.189998626708984,38.220001220703125,38.38999938964844,603600,0.0,0.0
2026-06-15 00:00:00-04:00,38.970001220703125,39.27000045776367,38.22999954223633,38.33000183105469,648300,0.0,0.0
2026-06-16 00:00:00-04:00,38.40999984741211,38.61000061035156,37.709999084472656,38.20000076293945,664700,0.0,0.0
2026-06-17 00:00:00-04:00,38.029998779296875,38.439998626708984,37.459999084472656,37.540000915527344,676900,0.0,0.0
2026-06-18 00:00:00-04:00,38.06999969482422,38.599998474121094,37.54999923706055,37.95000076293945,1595900,0.0,0.0
2026-06-22 00:00:00-04:00,37.66999816894531,38.08000183105469,37.02000045776367,37.470001220703125,1018600,0.0,0.0
2026-06-23 00:00:00-04:00,37.36000061035156,37.720001220703125,36.099998474121094,36.36000061035156,2798300,0.0,0.0
2026-06-24 00:00:00-04:00,36.7400016784668,37.7599983215332,36.27000045776367,36.540000915527344,1144100,0.0,0.0
2026-06-25 00:00:00-04:00,36.2599983215332,36.88999938964844,35.04999923706055,35.20000076293945,1840800,0.0,0.0
2026-06-26 00:00:00-04:00,35.0,35.68000030517578,34.86000061035156,35.56999969482422,2652300,0.0,0.0
2026-06-29 00:00:00-04:00,35.72999954223633,36.5,35.279998779296875,36.04999923706055,1510500,0.0,0.0
2026-06-30 00:00:00-04:00,36.0,37.349998474121094,35.77000045776367,37.31999969482422,1154000,0.0,0.0
2026-07-01 00:00:00-04:00,37.470001220703125,38.220001220703125,36.95000076293945,37.09000015258789,1043100,0.0,0.0
2026-07-02 00:00:00-04:00,37.060001373291016,38.68000030517578,36.599998474121094,38.47999954223633,1458700,0.0,0.0
2026-07-06 00:00:00-04:00,38.15999984741211,39.470001220703125,38.0,38.470001220703125,1099300,0.0,0.0
2026-07-07 00:00:00-04:00,38.650001525878906,39.029998779296875,38.08000183105469,38.40999984741211,845100,0.0,0.0
2026-07-08 00:00:00-04:00,37.959999084472656,38.58000183105469,37.59000015258789,37.77000045776367,928100,0.0,0.0
2026-07-09 00:00:00-04:00,37.88999938964844,39.95000076293945,37.86000061035156,39.72999954223633,1018900,0.0,0.0
2026-07-10 00:00:00-04:00,39.4900016784668,40.439998626708984,39.060001373291016,40.38999938964844,979200,0.0,0.0
2026-07-13 00:00:00-04:00,40.29999923706055,41.2599983215332,39.560001373291016,39.72999954223633,1520200,0.0,0.0
2026-07-14 00:00:00-04:00,39.959999084472656,40.58000183105469,38.290000915527344,39.060001373291016,1141900,0.0,0.0
2026-07-15 00:00:00-04:00,39.25,39.75,38.33000183105469,39.470001220703125,1016800,0.0,0.0
2026-07-16 00:00:00-04:00,38.84000015258789,39.720001220703125,37.75,38.630001068115234,1286400,0.0,0.0
2026-07-17 00:00:00-04:00,37.72999954223633,39.5099983215332,37.68000030517578,39.13999938964844,1223800,0.0,0.0
2026-07-20 00:00:00-04:00,38.9900016784668,40.16999816894531,38.22999954223633,38.349998474121094,1885600,0.0,0.0
2026-07-21 00:00:00-04:00,35.189998626708984,37.650001525878906,34.2599983215332,37.470001220703125,4880900,0.0,0.0
2026-07-22 00:00:00-04:00,37.09000015258789,37.279998779296875,35.5,35.84000015258789,2137300,0.0,0.0
2026-07-23 00:00:00-04:00,35.77000045776367,36.279998779296875,35.0,35.77000045776367,1856500,0.0,0.0
2026-07-24 00:00:00-04:00,36.040000915527344,36.650001525878906,35.45000076293945,36.0,1291100,0.0,0.0
2026-07-27 00:00:00-04:00,36.349998474121094,37.11000061035156,35.540000915527344,36.849998474121094,1326600,0.0,0.0
2026-07-28 00:00:00-04:00,36.900001525878906,37.779998779296875,36.349998474121094,37.099998474121094,991500,0.0,0.0
2026-07-29 00:00:00-04:00,36.540000915527344,36.79999923706055,35.34000015258789,35.54999923706055,1118000,0.0,0.0
2026-07-30 00:00:00-04:00,36.0,36.119998931884766,35.06999969482422,35.18000030517578,971300,0.0,0.0
2026-07-31 00:00:00-04:00,35.31999969482422,35.9900016784668,35.040000915527344,35.900001525878906,1754800,0.0,0.0
2026-08-03 00:00:00-04:00,36.439998626708984,37.459999084472656,36.290000915527344,37.36000061035156,703800,0.0,0.0
2026-08-04 00:00:00-04:00,37.63999938964844,39.540000915527344,37.34000015258789,39.470001220703125,946400,0.0,0.0
2026-08-05 00:00:00-04:00,39.27000045776367,39.95000076293945,37.810001373291016,38.5099983215332,1043100,0.0,0.0
2026-08-06 00:00:00-04:00,38.2599983215332,38.43000030517578,37.380001068115234,37.47999954223633,1356800,0.0,0.0
2026-08-07 00:00:00-04:00,38.099998474121094,38.43000030517578,37.81999969482422,37.97999954223633,606900,0.0,0.0
2026-08-10 00:00:00-04:00,38.13999938964844,39.5,37.61000061035156,38.16999816894531,791500,0.0,0.0
2026-08-11 00:00:00-04:00,38.279998779296875,39.70000076293945,38.220001220703125,39.619998931884766,629400,0.0,0.0
2026-08-12 00:00:00-04:00,40.0,40.439998626708984,39.2400016784668,39.900001525878906,516400,0.0,0.0
2026-08-13 00:00:00-04:00,39.95000076293945,40.880001068115234,39.81999969482422,39.84000015258789,603900,0.0,0.0
2026-08-14 00:00:00-04:00,39.849998474121094,39.970001220703125,39.34000015258789,39.540000915527344,412400,0.0,0.0
2026-08-17 00:00:00-04:00,39.369998931884766,39.779998779296875,38.689998626708984,39.52000045776367,655900,0.0,0.0
2026-08-18 00:00:00-04:00,39.16999816894531,39.900001525878906,38.79999923706055,39.15999984741211,785400,0.0,0.0
2026-08-19 00:00:00-04:00,39.29999923706055,40.7400016784668,38.90999984741211,40.54999923706055,1018800,0.0,0.0
2026-08-20 00:00:00-04:00,39.939998626708984,40.83000183105469,39.90999984741211,40.380001068115234,801100,0.0,0.0
2026-08-21 00:00:00-04:00,40.349998474121094,40.56999969482422,39.91999816894531,40.119998931884766,632300,0.0,0.0
2026-08-24 00:00:00-04:00,40.0,40.560001373291016,39.68000030517578,39.79999923706055,569300,0.0,0.0
2026-08-25 00:00:00-04:00,40.04999923706055,40.31999969482422,39.7400016784668,39.849998474121094,708600,0.0,0.0
2026-08-26 00:00:00-04:00,39.56999969482422,39.869998931884766,38.27000045776367,38.36000061035156,641400,0.0,0.0
2026-08-27 00:00:00-04:00,38.560001373291016,38.560001373291016,37.459999084472656,37.689998626708984,1042200,0.0,0.0
2026-08-28 00:00:00-04:00,,,,,795173,0.0,0.0
