Date,Open,High,Low,Close,Volume,Dividends,Stock Splits
1983-12-08 00:00:00-05:00,93750.0,103125.0,93750.0,93750.0,0,0.0,0.0
1983-12-09 00:00:00-05:00,93750.0,93750.0,93750.0,93750.0,0,0.0,0.0
1983-12-12 00:00:00-05:00,93750.0,93750.0,93750.0,93750.0,0,0.0,0.0
1983-12-13 00:00:00-05:00,93750.0,93750.0,93750.0,93750.0,0,0.0,0.0
1983-12-14 00:00:00-05:00,93750.0,93750.0,93750.0,93750.0,0,0.0,0.0
1983-12-15 00:00:00-05:00,93750.0,93750.0,93750.0,93750.0,0,0.0,0.0
1983-12-16 00:00:00-05:00,93750.0,93750.0,93750.0,93750.0,0,0.0,0.0
1983-12-19 00:00:00-05:00,93750.0,93750.0,93750.0,93750.0,0,0.0,0.0
1983-12-20 00:00:00-05:00,93750.0,93750.0,84375.0,84375.0,0,0.0,0.0
1983-12-21 00:00:00-05:00,84375.0,93750.0,84375.0,84375.0,0,0.0,0.0
1983-12-22 00:00:00-05:00,84375.0,93750.0,84375.0,84375.0,1,0.0,0.0
1983-12-23 00:00:00-05:00,84375.0,93750.0,84375.0,84375.0,0,0.0,0.0
1983-12-27 00:00:00-05:00,84375.0,84375.0,84375.0,84375.0,0,0.0,0.0
1983-12-28 00:00:00-05:00,84375.0,84375.0,75000.0,75000.0,0,0.0,0.0
1983-12-29 00:00:00-05:00,75000.0,75000.0,65625.0,65625.0,0,0.0,0.0
1983-12-30 00:00:00-05:00,65625.0,75000.0,65625.0,65625.0,0,0.0,0.0
1984-01-03 00:00:00-05:00,65625.0,75000.0,65625.0,65625.0,1,0.0,0.0
1984-01-04 00:00:00-05:00,65625.0,75000.0,65625.0,65625.0,0,0.0,0.0
1984-01-05 00:00:00-05:00,75000.0,84375.0,75000.0,75000.0,0,0.0,0.0
1984-01-06 00:00:00-05:00,75000.0,84375.0,75000.0,75000.0,0,0.0,0.0
1984-01-09 00:00:00-05:00,75000.0,84375.0,75000.0,75000.0,0,0.0,0.0
1984-01-10 00:00:00-05:00,75000.0,75000.0,75000.0,75000.0,0,0.0,0.0
1984-01-11 00:00:00-05:00,75000.0,84375.0,65625.0,65625.0,0,0.0,0.0
1984-01-12 00:00:00-05:00,65625.0,84375.0,65625.0,65625.0,0,0.0,0.0
1984-01-13 00:00:00-05:00,75000.0,75000.0,75000.0,75000.0,0,0.0,0.0
1984-01-16 00:00:00-05:00,75000.0,75000.0,75000.0,75000.0,0,0.0,0.0
1984-01-17 00:00:00-05:00,75000.0,75000.0,75000.0,75000.0,0,0.0,0.0
1984-01-18 00:00:00-05:00,75000.0,75000.0,75000.0,75000.0,0,0.0,0.0
1984-01-19 00:00:00-05:00,75000.0,75000.0,75000.0,75000.0,0,0.0,0.0
1984-01-20 00:00:00-05:00,75000.0,75000.0,75000.0,75000.0,0,0.0,0.0
1984-01-23 00:00:00-05:00,75000.0,75000.0,75000.0,75000.0,0,0.0,0.0
1984-01-24 00:00:00-05:00,75000.0,75000.0,75000.0,75000.0,0,0.0,0.0
1984-01-25 00:00:00-05:00,75000.0,75000.0,75000.0,75000.0,0,0.0,0.0
1984-01-26 00:00:00-05:00,75000.0,75000.0,65625.0,65625.0,0,0.0,0.0
1984-01-27 00:00:00-05:00,65625.0,75000.0,65625.0,65625.0,0,0.0,0.0
1984-01-30 00:00:00-05:00,65625.0,65625.0,65625.0,65625.0,0,0.0,0.0
1984-01-31 00:00:00-05:00,65625.0,75000.0,65625.0,65625.0,0,0.0,0.0
1984-02-01 00:00:00-05:00,65625.0,75000.0,65625.0,65625.0,0,0.0,0.0
1984-02-02 00:00:00-05:00,65625.0,75000.0,65625.0,65625.0,0,0.0,0.0
1984-02-03 00:00:00-05:00,65625.0,65625.0,65625.0,65625.0,0,0.0,0.0
1984-02-06 00:00:00-05:00,65625.0,65625.0,56250.0,56250.0,0,0.0,0.0
1984-02-07 00:00:00-05:00,56250.0,56250.0,56250.0,56250.0,0,0.0,0.0
1984-02-08 00:00:00-05:00,56250.0,56250.0,56250.0,56250.0,0,0.0,0.0
1984-02-09 00:00:00-05:00,56250.0,65625.0,56250.0,56250.0,0,0.0,0.0
1984-02-10 00:00:00-05:00,56250.0,65625.0,56250.0,56250.0,0,0.0,0.0
1984-02-13 00:00:00-05:00,56250.0,56250.0,56250.0,56250.0,0,0.0,0.0
1984-02-14 00:00:00-05:00,56250.0,65625.0,46875.0,46875.0,0,0.0,0.0
1984-02-15 00:00:00-05:00,46875.0,46875.0,46875.0,46875.0,0,0.0,0.0
1984-02-16 00:00:00-05:00,46875.0,56250.0,46875.0,46875.0,0,0.0,0.0
1984-02-17 00:00:00-05:00,46875.0,46875.0,46875.0,46875.0,0,0.0,0.0
1984-02-21 00:00:00-05:00,46875.0,56250.0,46875.0,46875.0,0,0.0,0.0
1984-02-22 00:00:00-05:00,46875.0,46875.0,46875.0,46875.0,0,0.0,0.0
1984-02-23 00:00:00-05:00,46875.0,46875.0,46875.0,46875.0,0,0.0,0.0
1984-02-24 00:00:00-05:00,46875.0,46875.0,46875.0,46875.0,0,0.0,0.0
1984-02-27 00:00:00-05:00,46875.0,46875.0,46875.0,46875.0,0,0.0,0.0
1984-02-28 00:00:00-05:00,46875.0,46875.0,46875.0,46875.0,0,0.0,0.0
1984-02-29 00:00:00-05:00,46875.0,46875.0,46875.0,46875.0,0,0.0,0.0
1984-03-01 00:00:00-05:00,46875.0,56250.0,46875.0,46875.0,0,0.0,0.0
1984-03-02 00:00:00-05:00,46875.0,46875.0,46875.0,46875.0,0,0.0,0.0
1984-03-05 00:00:00-05:00,46875.0,46875.0,46875.0,46875.0,0,0.0,0.0
1984-03-06 00:00:00-05:00,46875.0,46875.0,46875.0,46875.0,0,0.0,0.0
1984-03-07 00:00:00-05:00,46875.0,46875.0,46875.0,46875.0,0,0.0,0.0
1984-03-08 00:00:00-05:00,46875.0,46875.0,46875.0,46875.0,0,0.0,0.0
1984-03-09 00:00:00-05:00,46875.0,56250.0,46875.0,46875.0,0,0.0,0.0
1984-03-12 00:00:00-05:00,46875.0,56250.0,46875.0,46875.0,1,0.0,0.0
1984-03-13 00:00:00-05:00,46875.0,56250.0,46875.0,46875.0,0,0.0,0.0
1984-03-14 00:00:00-05:00,46875.0,56250.0,46875.0,46875.0,0,0.0,0.0
1984-03-15 00:00:00-05:00,46875.0,56250.0,46875.0,46875.0,0,0.0,0.0
1984-03-16 00:00:00-05:00,46875.0,56250.0,46875.0,46875.0,0,0.0,0.0
1984-03-19 00:00:00-05:00,46875.0,56250.0,46875.0,46875.0,0,0.0,0.0
1984-03-20 00:00:00-05:00,46875.0,56250.0,46875.0,46875.0,0,0.0,0.0
1984-03-21 00:00:00-05:00,46875.0,56250.0,46875.0,46875.0,0,0.0,0.0
1984-03-22 00:00:00-05:00,46875.0,46875.0,46875.0,46875.0,0,0.0,0.0
1984-03-23 00:00:00-05:00,46875.0,46875.0,46875.0,46875.0,0,0.0,0.0
1984-03-26 00:00:00-05:00,46875.0,46875.0,37500.0,37500.0,0,0.0,0.0
1984-03-27 00:00:00-05:00,37500.0,37500.0,37500.0,37500.0,0,0.0,0.0
1984-03-28 00:00:00-05:00,37500.0,37500.0,37500.0,37500.0,0,0.0,0.0
1984-03-29 00:00:00-05:00,46875.0,56250.0,46875.0,46875.0,0,0.0,0.0
1984-03-30 00:00:00-05:00,46875.0,56250.0,46875.0,46875.0,0,0.0,0.0
1984-04-02 00:00:00-05:00,46875.0,56250.0,46875.0,46875.0,0,0.0,0.0
1984-04-03 00:00:00-05:00,46875.0,56250.0,46875.0,46875.0,0,0.0,0.0
1984-04-04 00:00:00-05:00,46875.0,46875.0,46875.0,46875.0,0,0.0,0.0
1984-04-05 00:00:00-05:00,46875.0,56250.0,46875.0,46875.0,0,0.0,0.0
1984-04-06 00:00:00-05:00,46875.0,46875.0,37500.0,37500.0,0,0.0,0.0
1984-04-09 00:00:00-05:00,37500.0,37500.0,37500.0,37500.0,0,0.0,0.0
1984-04-10 00:00:00-05:00,37500.0,37500.0,37500.0,37500.0,0,0.0,0.0
1984-04-11 00:00:00-05:00,46875.0,46875.0,46875.0,46875.0,0,0.0,0.0
1984-04-12 00:00:00-05:00,46875.0,46875.0,37500.0,37500.0,0,0.0,0.0
1984-04-13 00:00:00-05:00,37500.0,37500.0,37500.0,37500.0,0,0.0,0.0
1984-04-16 00:00:00-05:00,37500.0,37500.0,37500.0,37500.0,0,0.0,0.0
1984-04-17 00:00:00-05:00,37500.0,46875.0,37500.0,37500.0,0,0.0,0.0
1984-04-18 00:00:00-05:00,37500.0,37500.0,37500.0,37500.0,0,0.0,0.0
1984-04-19 00:00:00-05:00,46875.0,56250.0,46875.0,46875.0,0,0.0,0.0
1984-04-23 00:00:00-05:00,46875.0,56250.0,46875.0,46875.0,0,0.0,0.0
1984-04-24 00:00:00-05:00,46875.0,46875.0,46875.0,46875.0,0,0.0,0.0
1984-04-25 00:00:00-05:00,46875.0,46875.0,46875.0,46875.0,0,0.0,0.0
1984-04-26 00:00:00-05:00,46875.0,46875.0,46875.0,46875.0,0,0.0,0.0
1984-04-27 00:00:00-05:00,46875.0,56250.0,46875.0,46875.0,0,0.0,0.0
1984-04-30 00:00:00-04:00,46875.0,46875.0,46875.0,46875.0,0,0.0,0.0
1984-05-01 00:00:00-04:00,46875.0,46875.0,46875.0,46875.0,0,0.0,0.0
1984-05-02 00:00:00-04:00,46875.0,46875.0,46875.0,46875.0,0,0.0,0.0
1984-05-03 00:00:00-04:00,46875.0,46875.0,46875.0,46875.0,0,0.0,0.0
1984-05-04 00:00:00-04:00,46875.0,46875.0,46875.0,46875.0,0,0.0,0.0
1984-05-07 00:00:00-04:00,46875.0,46875.0,46875.0,46875.0,0,0.0,0.0
1984-05-08 00:00:00-04:00,46875.0,56250.0,46875.0,46875.0,0,0.0,0.0
1984-05-09 00:00:00-04:00,46875.0,56250.0,46875.0,46875.0,0,0.0,0.0
1984-05-10 00:00:00-04:00,46875.0,56250.0,37500.0,37500.0,0,0.0,0.0
1984-05-11 00:00:00-04:00,37500.0,37500.0,37500.0,37500.0,0,0.0,0.0
1984-05-14 00:00:00-04:00,46875.0,46875.0,46875.0,46875.0,0,0.0,0.0
1984-05-15 00:00:00-04:00,46875.0,46875.0,46875.0,46875.0,0,0.0,0.0
1984-05-16 00:00:00-04:00,46875.0,46875.0,46875.0,46875.0,0,0.0,0.0
1984-05-17 00:00:00-04:00,46875.0,46875.0,37500.0,37500.0,0,0.0,0.0
1984-05-18 00:00:00-04:00,37500.0,46875.0,37500.0,37500.0,0,0.0,0.0
1984-05-21 00:00:00-04:00,56250.0,65625.0,56250.0,56250.0,0,0.0,0.0
1984-05-22 00:00:00-04:00,56250.0,56250.0,56250.0,56250.0,0,0.0,0.0
1984-05-23 00:00:00-04:00,56250.0,56250.0,46875.0,46875.0,0,0.0,0.0
1984-05-24 00:00:00-04:00,46875.0,56250.0,46875.0,46875.0,0,0.0,0.0
1984-05-25 00:00:00-04:00,46875.0,56250.0,46875.0,46875.0,0,0.0,0.0
1984-05-29 00:00:00-04:00,46875.0,56250.0,46875.0,46875.0,0,0.0,0.0
1984-05-30 00:00:00-04:00,46875.0,56250.0,46875.0,46875.0,0,0.0,0.0
1984-05-31 00:00:00-04:00,46875.0,56250.0,37500.0,37500.0,0,0.0,0.0
1984-06-01 00:00:00-04:00,37500.0,46875.0,37500.0,37500.0,0,0.0,0.0
1984-06-04 00:00:00-04:00,37500.0,46875.0,37500.0,37500.0,0,0.0,0.0
1984-06-05 00:00:00-04:00,37500.0,37500.0,37500.0,37500.0,0,0.0,0.0
1984-06-06 00:00:00-04:00,37500.0,46875.0,37500.0,37500.0,0,0.0,0.0
1984-06-07 00:00:00-04:00,37500.0,46875.0,37500.0,37500.0,0,0.0,0.0
1984-06-08 00:00:00-04:00,37500.0,37500.0,37500.0,37500.0,0,0.0,0.0
1984-06-11 00:00:00-04:00,37500.0,37500.0,37500.0,37500.0,0,0.0,0.0
1984-06-12 00:00:00-04:00,37500.0,46875.0,37500.0,37500.0,0,0.0,0.0
1984-06-13 00:00:00-04:00,37500.0,46875.0,37500.0,37500.0,0,0.0,0.0
1984-06-14 00:00:00-04:00,37500.0,46875.0,37500.0,37500.0,0,0.0,0.0
1984-06-15 00:00:00-04:00,37500.0,46875.0,37500.0,37500.0,0,0.0,0.0
1984-06-18 00:00:00-04:00,46875.0,46875.0,46875.0,46875.0,0,0.0,0.0
1984-06-19 00:00:00-04:00,46875.0,46875.0,37500.0,37500.0,0,0.0,0.0
1984-06-20 00:00:00-04:00,37500.0,37500.0,37500.0,37500.0,0,0.0,0.0
1984-06-21 00:00:00-04:00,37500.0,46875.0,37500.0,37500.0,0,0.0,0.0
1984-06-22 00:00:00-04:00,37500.0,37500.0,37500.0,37500.0,0,0.0,0.0
1984-06-25 00:00:00-04:00,37500.0,37500.0,37500.0,37500.0,0,0.0,0.0
1984-06-26 00:00:00-04:00,37500.0,46875.0,37500.0,37500.0,0,0.0,0.0
1984-06-27 00:00:00-04:00,46875.0,46875.0,46875.0,46875.0,0,0.0,0.0
1984-06-28 00:00:00-04:00,46875.0,46875.0,46875.0,46875.0,1,0.0,0.0
1984-06-29 00:00:00-04:00,46875.0,56250.0,46875.0,46875.0,0,0.0,0.0
1984-07-02 00:00:00-04:00,46875.0,46875.0,46875.0,46875.0,0,0.0,0.0
1984-07-03 00:00:00-04:00,46875.0,56250.0,46875.0,46875.0,0,0.0,0.0
1984-07-05 00:00:00-04:00,46875.0,56250.0,46875.0,46875.0,0,0.0,0.0
1984-07-06 00:00:00-04:00,46875.0,46875.0,46875.0,46875.0,0,0.0,0.0
1984-07-09 00:00:00-04:00,46875.0,56250.0,46875.0,46875.0,0,0.0,0.0
1984-07-10 00:00:00-04:00,46875.0,46875.0,46875.0,46875.0,0,0.0,0.0
1984-07-11 00:00:00-04:00,46875.0,56250.0,46875.0,46875.0,0,0.0,0.0
1984-07-12 00:00:00-04:00,46875.0,46875.0,46875.0,46875.0,0,0.0,0.0
1984-07-13 00:00:00-04:00,46875.0,46875.0,37500.0,37500.0,0,0.0,0.0
1984-07-16 00:00:00-04:00,37500.0,37500.0,37500.0,37500.0,0,0.0,0.0
1984-07-17 00:00:00-04:00,46875.0,46875.0,46875.0,46875.0,0,0.0,0.0
1984-07-18 00:00:00-04:00,46875.0,56250.0,46875.0,46875.0,0,0.0,0.0
1984-07-19 00:00:00-04:00,46875.0,46875.0,46875.0,46875.0,0,0.0,0.0
1984-07-20 00:00:00-04:00,46875.0,56250.0,46875.0,46875.0,0,0.0,0.0
1984-07-23 00:00:00-04:00,46875.0,46875.0,46875.0,46875.0,0,0.0,0.0
1984-07-24 00:00:00-04:00,46875.0,56250.0,37500.0,37500.0,0,0.0,0.0
1984-07-25 00:00:00-04:00,37500.0,56250.0,37500.0,37500.0,0,0.0,0.0
1984-07-26 00:00:00-04:00,37500.0,56250.0,37500.0,37500.0,0,0.0,0.0
1984-07-27 00:00:00-04:00,37500.0,37500.0,37500.0,37500.0,0,0.0,0.0
1984-07-30 00:00:00-04:00,37500.0,46875.0,37500.0,37500.0,0,0.0,0.0
1984-07-31 00:00:00-04:00,37500.0,46875.0,37500.0,37500.0,0,0.0,0.0
1984-08-01 00:00:00-04:00,37500.0,46875.0,37500.0,37500.0,0,0.0,0.0
1984-08-02 00:00:00-04:00,37500.0,46875.0,37500.0,37500.0,0,0.0,0.0
1984-08-03 00:00:00-04:00,37500.0,46875.0,37500.0,37500.0,0,0.0,0.0
1984-08-06 00:00:00-04:00,46875.0,56250.0,46875.0,46875.0,0,0.0,0.0
1984-08-07 00:00:00-04:00,46875.0,56250.0,46875.0,46875.0,0,0.0,0.0
1984-08-08 00:00:00-04:00,46875.0,46875.0,46875.0,46875.0,0,0.0,0.0
1984-08-09 00:00:00-04:00,46875.0,56250.0,46875.0,46875.0,0,0.0,0.0
1984-08-10 00:00:00-04:00,56250.0,56250.0,56250.0,56250.0,0,0.0,0.0
1984-08-13 00:00:00-04:00,56250.0,65625.0,56250.0,56250.0,0,0.0,0.0
1984-08-14 00:00:00-04:00,56250.0,65625.0,56250.0,56250.0,0,0.0,0.0
1984-08-15 00:00:00-04:00,56250.0,65625.0,56250.0,56250.0,0,0.0,0.0
1984-08-16 00:00:00-04:00,56250.0,65625.0,56250.0,56250.0,0,0.0,0.0
1984-08-17 00:00:00-04:00,56250.0,65625.0,56250.0,56250.0,0,0.0,0.0
1984-08-20 00:00:00-04:00,56250.0,65625.0,56250.0,56250.0,1,0.0,0.0
1984-08-21 00:00:00-04:00,56250.0,65625.0,56250.0,56250.0,0,0.0,0.0
1984-08-22 00:00:00-04:00,56250.0,65625.0,56250.0,56250.0,0,0.0,0.0
1984-08-23 00:00:00-04:00,56250.0,56250.0,56250.0,56250.0,0,0.0,0.0
1984-08-24 00:00:00-04:00,56250.0,56250.0,46875.0,46875.0,0,0.0,0.0
1984-08-27 00:00:00-04:00,46875.0,56250.0,46875.0,46875.0,0,0.0,0.0
1984-08-28 00:00:00-04:00,46875.0,56250.0,46875.0,46875.0,0,0.0,0.0
1984-08-29 00:00:00-04:00,46875.0,56250.0,46875.0,46875.0,0,0.0,0.0
1984-08-30 00:00:00-04:00,46875.0,46875.0,46875.0,46875.0,0,0.0,0.0
1984-08-31 00:00:00-04:00,56250.0,56250.0,56250.0,56250.0,0,0.0,0.0
1984-09-04 00:00:00-04:00,56250.0,56250.0,56250.0,56250.0,0,0.0,0.0
1984-09-05 00:00:00-04:00,56250.0,56250.0,56250.0,56250.0,0,0.0,0.0
1984-09-06 00:00:00-04:00,56250.0,56250.0,56250.0,56250.0,0,0.0,0.0
1984-09-07 00:00:00-04:00,56250.0,56250.0,46875.0,46875.0,0,0.0,0.0
1984-09-10 00:00:00-04:00,46875.0,46875.0,46875.0,46875.0,0,0.0,0.0
1984-09-11 00:00:00-04:00,56250.0,56250.0,56250.0,56250.0,0,0.0,0.0
1984-09-12 00:00:00-04:00,56250.0,56250.0,56250.0,56250.0,0,0.0,0.0
1984-09-13 00:00:00-04:00,56250.0,56250.0,56250.0,56250.0,0,0.0,0.0
1984-09-14 00:00:00-04:00,56250.0,56250.0,56250.0,56250.0,0,0.0,0.0
1984-09-17 00:00:00-04:00,56250.0,56250.0,56250.0,56250.0,0,0.0,0.0
1984-09-18 00:00:00-04:00,56250.0,56250.0,56250.0,56250.0,0,0.0,0.0
1984-09-19 00:00:00-04:00,56250.0,56250.0,46875.0,46875.0,0,0.0,0.0
1984-09-20 00:00:00-04:00,46875.0,56250.0,46875.0,46875.0,0,0.0,0.0
1984-09-21 00:00:00-04:00,46875.0,56250.0,46875.0,46875.0,0,0.0,0.0
1984-09-24 00:00:00-04:00,46875.0,46875.0,46875.0,46875.0,0,0.0,0.0
1984-09-25 00:00:00-04:00,46875.0,46875.0,46875.0,46875.0,0,0.0,0.0
1984-09-26 00:00:00-04:00,46875.0,56250.0,46875.0,46875.0,0,0.0,0.0
1984-09-27 00:00:00-04:00,46875.0,46875.0,46875.0,46875.0,0,0.0,0.0
1984-09-28 00:00:00-04:00,46875.0,46875.0,37500.0,37500.0,0,0.0,0.0
1984-10-01 00:00:00-04:00,37500.0,37500.0,37500.0,37500.0,0,0.0,0.0
1984-10-02 00:00:00-04:00,37500.0,37500.0,37500.0,37500.0,0,0.0,0.0
1984-10-03 00:00:00-04:00,37500.0,37500.0,37500.0,37500.0,0,0.0,0.0
1984-10-04 00:00:00-04:00,37500.0,46875.0,37500.0,37500.0,0,0.0,0.0
1984-10-05 00:00:00-04:00,37500.0,46875.0,37500.0,37500.0,0,0.0,0.0
1984-10-08 00:00:00-04:00,37500.0,37500.0,37500.0,37500.0,0,0.0,0.0
1984-10-09 00:00:00-04:00,37500.0,37500.0,37500.0,37500.0,0,0.0,0.0
1984-10-10 00:00:00-04:00,37500.0,46875.0,37500.0,37500.0,0,0.0,0.0
1984-10-11 00:00:00-04:00,37500.0,37500.0,37500.0,37500.0,0,0.0,0.0
1984-10-12 00:00:00-04:00,37500.0,37500.0,37500.0,37500.0,0,0.0,0.0
1984-10-15 00:00:00-04:00,37500.0,46875.0,37500.0,37500.0,0,0.0,0.0
1984-10-16 00:00:00-04:00,37500.0,37500.0,37500.0,37500.0,0,0.0,0.0
1984-10-17 00:00:00-04:00,37500.0,37500.0,37500.0,37500.0,0,0.0,0.0
1984-10-18 00:00:00-04:00,37500.0,37500.0,28125.0,28125.0,0,0.0,0.0
1984-10-19 00:00:00-04:00,28125.0,46875.0,28125.0,28125.0,0,0.0,0.0
1984-10-22 00:00:00-04:00,28125.0,46875.0,28125.0,28125.0,0,0.0,0.0
1984-10-23 00:00:00-04:00,28125.0,28125.0,28125.0,28125.0,0,0.0,0.0
1984-10-24 00:00:00-04:00,37500.0,46875.0,37500.0,37500.0,0,0.0,0.0
1984-10-25 00:00:00-04:00,37500.0,37500.0,37500.0,37500.0,0,0.0,0.0
1984-10-26 00:00:00-04:00,37500.0,46875.0,37500.0,37500.0,0,0.0,0.0
1984-10-29 00:00:00-05:00,37500.0,37500.0,37500.0,37500.0,0,0.0,0.0
1984-10-30 00:00:00-05:00,37500.0,37500.0,37500.0,37500.0,0,0.0,0.0
1984-10-31 00:00:00-05:00,37500.0,37500.0,37500.0,37500.0,0,0.0,0.0
1984-11-01 00:00:00-05:00,37500.0,46875.0,37500.0,37500.0,0,0.0,0.0
1984-11-02 00:00:00-05:00,37500.0,46875.0,37500.0,37500.0,0,0.0,0.0
1984-11-05 00:00:00-05:00,37500.0,37500.0,37500.0,37500.0,0,0.0,0.0
1984-11-06 00:00:00-05:00,37500.0,37500.0,37500.0,37500.0,0,0.0,0.0
1984-11-07 00:00:00-05:00,37500.0,46875.0,37500.0,37500.0,0,0.0,0.0
1984-11-08 00:00:00-05:00,37500.0,37500.0,37500.0,37500.0,0,0.0,0.0
1984-11-09 00:00:00-05:00,37500.0,46875.0,37500.0,37500.0,0,0.0,0.0
1984-11-12 00:00:00-05:00,46875.0,46875.0,46875.0,46875.0,1,0.0,0.0
1984-11-13 00:00:00-05:00,46875.0,56250.0,46875.0,46875.0,0,0.0,0.0
1984-11-14 00:00:00-05:00,46875.0,46875.0,46875.0,46875.0,0,0.0,0.0
1984-11-15 00:00:00-05:00,65625.0,65625.0,65625.0,65625.0,1,0.0,0.0
1984-11-16 00:00:00-05:00,75000.0,84375.0,75000.0,75000.0,1,0.0,0.0
1984-11-19 00:00:00-05:00,75000.0,75000.0,65625.0,65625.0,1,0.0,0.0
1984-11-20 00:00:00-05:00,65625.0,65625.0,56250.0,56250.0,0,0.0,0.0
1984-11-21 00:00:00-05:00,56250.0,65625.0,56250.0,56250.0,0,0.0,0.0
1984-11-23 00:00:00-05:00,56250.0,56250.0,56250.0,56250.0,0,0.0,0.0
1984-11-26 00:00:00-05:00,56250.0,65625.0,56250.0,56250.0,0,0.0,0.0
1984-11-27 00:00:00-05:00,65625.0,65625.0,65625.0,65625.0,0,0.0,0.0
1984-11-28 00:00:00-05:00,65625.0,65625.0,65625.0,65625.0,0,0.0,0.0
1984-11-29 00:00:00-05:00,65625.0,65625.0,65625.0,65625.0,0,0.0,0.0
1984-11-30 00:00:00-05:00,65625.0,65625.0,65625.0,65625.0,0,0.0,0.0
1984-12-03 00:00:00-05:00,65625.0,65625.0,65625.0,65625.0,0,0.0,0.0
1984-12-04 00:00:00-05:00,56250.0,56250.0,46875.0,46875.0,0,0.0,0.0
1984-12-05 00:00:00-05:00,46875.0,56250.0,46875.0,46875.0,0,0.0,0.0
1984-12-06 00:00:00-05:00,46875.0,56250.0,46875.0,46875.0,0,0.0,0.0
1984-12-07 00:00:00-05:00,56250.0,56250.0,56250.0,56250.0,0,0.0,0.0
1984-12-10 00:00:00-05:00,56250.0,56250.0,56250.0,56250.0,0,0.0,0.0
1984-12-11 00:00:00-05:00,56250.0,56250.0,56250.0,56250.0,0,0.0,0.0
1984-12-12 00:00:00-05:00,56250.0,56250.0,56250.0,56250.0,0,0.0,0.0
1984-12-13 00:00:00-05:00,56250.0,56250.0,46875.0,46875.0,0,0.0,0.0
1984-12-14 00:00:00-05:00,46875.0,46875.0,46875.0,46875.0,0,0.0,0.0
1984-12-17 00:00:00-05:00,56250.0,56250.0,56250.0,56250.0,0,0.0,0.0
1984-12-18 00:00:00-05:00,56250.0,56250.0,56250.0,56250.0,0,0.0,0.0
1984-12-19 00:00:00-05:00,56250.0,56250.0,56250.0,56250.0,0,0.0,0.0
1984-12-20 00:00:00-05:00,56250.0,56250.0,56250.0,56250.0,0,0.0,0.0
1984-12-21 00:00:00-05:00,56250.0,56250.0,56250.0,56250.0,0,0.0,0.0
1984-12-24 00:00:00-05:00,56250.0,56250.0,56250.0,56250.0,0,0.0,0.0
1984-12-26 00:00:00-05:00,56250.0,56250.0,56250.0,56250.0,0,0.0,0.0
1984-12-27 00:00:00-05:00,46875.0,46875.0,46875.0,46875.0,0,0.0,0.0
1984-12-28 00:00:00-05:00,46875.0,46875.0,46875.0,46875.0,0,0.0,0.0
1984-12-31 00:00:00-05:00,46875.0,46875.0,46875.0,46875.0,0,0.0,0.0
1985-01-02 00:00:00-05:00,46875.0,46875.0,46875.0,46875.0,0,0.0,0.0
1985-01-03 00:00:00-05:00,46875.0,46875.0,46875.0,46875.0,0,0.0,0.0
1985-01-04 00:00:00-05:00,46875.0,46875.0,37500.0,37500.0,0,0.0,0.0
1985-01-07 00:00:00-05:00,37500.0,37500.0,37500.0,37500.0,0,0.0,0.0
1985-01-08 00:00:00-05:00,37500.0,37500.0,37500.0,37500.0,0,0.0,0.0
1985-01-09 00:00:00-05:00,37500.0,37500.0,28125.0,28125.0,0,0.0,0.0
1985-01-10 00:00:00-05:00,28125.0,28125.0,28125.0,28125.0,0,0.0,0.0
1985-01-11 00:00:00-05:00,28125.0,37500.0,28125.0,28125.0,0,0.0,0.0
1985-01-14 00:00:00-05:00,28125.0,37500.0,28125.0,28125.0,0,0.0,0.0
1985-01-15 00:00:00-05:00,28125.0,37500.0,28125.0,28125.0,0,0.0,0.0
1985-01-16 00:00:00-05:00,28125.0,28125.0,28125.0,28125.0,0,0.0,0.0
1985-01-17 00:00:00-05:00,28125.0,28125.0,28125.0,28125.0,0,0.0,0.0
1985-01-18 00:00:00-05:00,37500.0,46875.0,37500.0,37500.0,0,0.0,0.0
1985-01-21 00:00:00-05:00,37500.0,37500.0,37500.0,37500.0,0,0.0,0.0
1985-01-22 00:00:00-05:00,37500.0,37500.0,37500.0,37500.0,0,0.0,0.0
1985-01-23 00:00:00-05:00,37500.0,37500.0,37500.0,37500.0,0,0.0,0.0
1985-01-24 00:00:00-05:00,37500.0,46875.0,37500.0,37500.0,0,0.0,0.0
1985-01-25 00:00:00-05:00,37500.0,46875.0,37500.0,37500.0,0,0.0,0.0
1985-01-28 00:00:00-05:00,37500.0,46875.0,37500.0,37500.0,0,0.0,0.0
1985-01-29 00:00:00-05:00,37500.0,46875.0,37500.0,37500.0,0,0.0,0.0
1985-01-30 00:00:00-05:00,37500.0,46875.0,37500.0,37500.0,0,0.0,0.0
1985-01-31 00:00:00-05:00,37500.0,37500.0,37500.0,37500.0,0,0.0,0.0
1985-02-01 00:00:00-05:00,37500.0,37500.0,37500.0,37500.0,0,0.0,0.0
1985-02-04 00:00:00-05:00,37500.0,37500.0,37500.0,37500.0,0,0.0,0.0
1985-02-05 00:00:00-05:00,37500.0,37500.0,37500.0,37500.0,0,0.0,0.0
1985-02-06 00:00:00-05:00,37500.0,37500.0,37500.0,37500.0,0,0.0,0.0
1985-02-07 00:00:00-05:00,46875.0,46875.0,46875.0,46875.0,0,0.0,0.0
1985-02-08 00:00:00-05:00,46875.0,46875.0,46875.0,46875.0,0,0.0,0.0
1985-02-11 00:00:00-05:00,46875.0,46875.0,37500.0,37500.0,0,0.0,0.0
1985-02-12 00:00:00-05:00,37500.0,37500.0,37500.0,37500.0,0,0.0,0.0
1985-02-13 00:00:00-05:00,37500.0,37500.0,37500.0,37500.0,0,0.0,0.0
1985-02-14 00:00:00-05:00,37500.0,37500.0,37500.0,37500.0,0,0.0,0.0
1985-02-15 00:00:00-05:00,37500.0,37500.0,37500.0,37500.0,0,0.0,0.0
1985-02-19 00:00:00-05:00,46875.0,56250.0,46875.0,46875.0,0,0.0,0.0
1985-02-20 00:00:00-05:00,46875.0,46875.0,46875.0,46875.0,0,0.0,0.0
1985-02-21 00:00:00-05:00,46875.0,56250.0,46875.0,46875.0,0,0.0,0.0
1985-02-22 00:00:00-05:00,46875.0,56250.0,46875.0,46875.0,0,0.0,0.0
1985-02-25 00:00:00-05:00,46875.0,46875.0,46875.0,46875.0,0,0.0,0.0
1985-02-26 00:00:00-05:00,46875.0,56250.0,46875.0,46875.0,0,0.0,0.0
1985-02-27 00:00:00-05:00,46875.0,46875.0,46875.0,46875.0,0,0.0,0.0
1985-02-28 00:00:00-05:00,46875.0,46875.0,46875.0,46875.0,0,0.0,0.0
1985-03-01 00:00:00-05:00,46875.0,46875.0,46875.0,46875.0,0,0.0,0.0
1985-03-04 00:00:00-05:00,46875.0,46875.0,46875.0,46875.0,0,0.0,0.0
1985-03-05 00:00:00-05:00,46875.0,46875.0,37500.0,37500.0,0,0.0,0.0
1985-03-06 00:00:00-05:00,37500.0,37500.0,37500.0,37500.0,0,0.0,0.0
1985-03-07 00:00:00-05:00,37500.0,46875.0,37500.0,37500.0,0,0.0,0.0
1985-03-08 00:00:00-05:00,37500.0,37500.0,37500.0,37500.0,0,0.0,0.0
1985-03-11 00:00:00-05:00,37500.0,37500.0,37500.0,37500.0,0,0.0,0.0
1985-03-12 00:00:00-05:00,37500.0,37500.0,37500.0,37500.0,0,0.0,0.0
1985-03-13 00:00:00-05:00,37500.0,46875.0,37500.0,37500.0,0,0.0,0.0
1985-03-14 00:00:00-05:00,37500.0,37500.0,37500.0,37500.0,0,0.0,0.0
1985-03-15 00:00:00-05:00,37500.0,37500.0,37500.0,37500.0,0,0.0,0.0
1985-03-18 00:00:00-05:00,37500.0,37500.0,37500.0,37500.0,0,0.0,0.0
1985-03-19 00:00:00-05:00,37500.0,37500.0,37500.0,37500.0,0,0.0,0.0
1985-03-20 00:00:00-05:00,37500.0,37500.0,37500.0,37500.0,0,0.0,0.0
1985-03-21 00:00:00-05:00,37500.0,37500.0,37500.0,37500.0,0,0.0,0.0
1985-03-22 00:00:00-05:00,37500.0,37500.0,37500.0,37500.0,0,0.0,0.0
1985-03-25 00:00:00-05:00,37500.0,37500.0,37500.0,37500.0,0,0.0,0.0
1985-03-26 00:00:00-05:00,37500.0,37500.0,37500.0,37500.0,0,0.0,0.0
1985-03-27 00:00:00-05:00,37500.0,37500.0,37500.0,37500.0,0,0.0,0.0
1985-03-28 00:00:00-05:00,37500.0,37500.0,37500.0,37500.0,0,0.0,0.0
1985-03-29 00:00:00-05:00,37500.0,37500.0,37500.0,37500.0,0,0.0,0.0
1985-04-01 00:00:00-05:00,37500.0,37500.0,37500.0,37500.0,0,0.0,0.0
1985-04-02 00:00:00-05:00,37500.0,37500.0,37500.0,37500.0,0,0.0,0.0
1985-04-03 00:00:00-05:00,37500.0,37500.0,37500.0,37500.0,0,0.0,0.0
1985-04-04 00:00:00-05:00,37500.0,37500.0,37500.0,37500.0,0,0.0,0.0
1985-04-08 00:00:00-05:00,37500.0,37500.0,37500.0,37500.0,0,0.0,0.0
1985-04-09 00:00:00-05:00,37500.0,37500.0,28125.0,28125.0,0,0.0,0.0
1985-04-10 00:00:00-05:00,28125.0,37500.0,28125.0,28125.0,0,0.0,0.0
1985-04-11 00:00:00-05:00,28125.0,28125.0,28125.0,28125.0,0,0.0,0.0
1985-04-12 00:00:00-05:00,28125.0,28125.0,28125.0,28125.0,0,0.0,0.0
1985-04-15 00:00:00-05:00,28125.0,28125.0,28125.0,28125.0,0,0.0,0.0
1985-04-16 00:00:00-05:00,28125.0,28125.0,28125.0,28125.0,0,0.0,0.0
1985-04-17 00:00:00-05:00,28125.0,28125.0,28125.0,28125.0,0,0.0,0.0
1985-04-18 00:00:00-05:00,28125.0,28125.0,28125.0,28125.0,0,0.0,0.0
1985-04-19 00:00:00-05:00,28125.0,28125.0,28125.0,28125.0,0,0.0,0.0
1985-04-22 00:00:00-05:00,28125.0,37500.0,28125.0,28125.0,0,0.0,0.0
1985-04-23 00:00:00-05:00,28125.0,37500.0,28125.0,28125.0,0,0.0,0.0
1985-04-24 00:00:00-05:00,28125.0,28125.0,28125.0,28125.0,0,0.0,0.0
1985-04-25 00:00:00-05:00,37500.0,46875.0,37500.0,37500.0,0,0.0,0.0
1985-04-26 00:00:00-05:00,37500.0,37500.0,37500.0,37500.0,0,0.0,0.0
1985-04-29 00:00:00-04:00,37500.0,37500.0,37500.0,37500.0,0,0.0,0.0
1985-04-30 00:00:00-04:00,37500.0,37500.0,28125.0,28125.0,0,0.0,0.0
1985-05-01 00:00:00-04:00,28125.0,28125.0,28125.0,28125.0,0,0.0,0.0
1985-05-02 00:00:00-04:00,28125.0,37500.0,28125.0,28125.0,0,0.0,0.0
1985-05-03 00:00:00-04:00,28125.0,37500.0,28125.0,28125.0,0,0.0,0.0
1985-05-06 00:00:00-04:00,28125.0,37500.0,28125.0,28125.0,0,0.0,0.0
1985-05-07 00:00:00-04:00,28125.0,37500.0,28125.0,28125.0,0,0.0,0.0
1985-05-08 00:00:00-04:00,28125.0,28125.0,28125.0,28125.0,0,0.0,0.0
1985-05-09 00:00:00-04:00,28125.0,37500.0,28125.0,28125.0,0,0.0,0.0
1985-05-10 00:00:00-04:00,28125.0,37500.0,28125.0,28125.0,0,0.0,0.0
1985-05-13 00:00:00-04:00,28125.0,37500.0,28125.0,28125.0,0,0.0,0.0
1985-05-14 00:00:00-04:00,28125.0,37500.0,28125.0,28125.0,0,0.0,0.0
1985-05-15 00:00:00-04:00,28125.0,28125.0,28125.0,28125.0,0,0.0,0.0
1985-05-16 00:00:00-04:00,28125.0,28125.0,28125.0,28125.0,0,0.0,0.0
1985-05-17 00:00:00-04:00,28125.0,28125.0,28125.0,28125.0,0,0.0,0.0
1985-05-20 00:00:00-04:00,28125.0,28125.0,28125.0,28125.0,0,0.0,0.0
1985-05-21 00:00:00-04:00,28125.0,28125.0,28125.0,28125.0,0,0.0,0.0
1985-05-22 00:00:00-04:00,28125.0,28125.0,28125.0,28125.0,0,0.0,0.0
1985-05-23 00:00:00-04:00,28125.0,28125.0,28125.0,28125.0,0,0.0,0.0
1985-05-24 00:00:00-04:00,28125.0,28125.0,28125.0,28125.0,0,0.0,0.0
1985-05-28 00:00:00-04:00,28125.0,28125.0,18750.0,18750.0,0,0.0,0.0
1985-05-29 00:00:00-04:00,18750.0,18750.0,18750.0,18750.0,0,0.0,0.0
1985-05-30 00:00:00-04:00,18750.0,28125.0,18750.0,18750.0,0,0.0,0.0
1985-05-31 00:00:00-04:00,18750.0,18750.0,18750.0,18750.0,0,0.0,0.0
1985-06-03 00:00:00-04:00,18750.0,18750.0,18750.0,18750.0,0,0.0,0.0
1985-06-04 00:00:00-04:00,18750.0,18750.0,18750.0,18750.0,0,0.0,0.0
1985-06-05 00:00:00-04:00,18750.0,18750.0,18750.0,18750.0,0,0.0,0.0
1985-06-06 00:00:00-04:00,18750.0,28125.0,18750.0,18750.0,0,0.0,0.0
1985-06-07 00:00:00-04:00,18750.0,28125.0,18750.0,18750.0,0,0.0,0.0
1985-06-10 00:00:00-04:00,18750.0,28125.0,18750.0,18750.0,0,0.0,0.0
1985-06-11 00:00:00-04:00,28125.0,28125.0,28125.0,28125.0,0,0.0,0.0
1985-06-12 00:00:00-04:00,28125.0,28125.0,28125.0,28125.0,0,0.0,0.0
1985-06-13 00:00:00-04:00,28125.0,28125.0,18750.0,18750.0,0,0.0,0.0
1985-06-14 00:00:00-04:00,18750.0,18750.0,18750.0,18750.0,0,0.0,0.0
1985-06-17 00:00:00-04:00,18750.0,28125.0,18750.0,18750.0,0,0.0,0.0
1985-06-18 00:00:00-04:00,18750.0,18750.0,18750.0,18750.0,0,0.0,0.0
1985-06-19 00:00:00-04:00,18750.0,28125.0,18750.0,18750.0,0,0.0,0.0
1985-06-20 00:00:00-04:00,18750.0,28125.0,18750.0,18750.0,0,0.0,0.0
1985-06-21 00:00:00-04:00,18750.0,18750.0,18750.0,18750.0,0,0.0,0.0
1985-06-24 00:00:00-04:00,18750.0,18750.0,18750.0,18750.0,0,0.0,0.0
1985-06-25 00:00:00-04:00,18750.0,18750.0,18750.0,18750.0,0,0.0,0.0
1985-06-26 00:00:00-04:00,18750.0,18750.0,18750.0,18750.0,0,0.0,0.0
1985-06-27 00:00:00-04:00,18750.0,18750.0,18750.0,18750.0,0,0.0,0.0
1985-06-28 00:00:00-04:00,18750.0,28125.0,18750.0,18750.0,0,0.0,0.0
1985-07-01 00:00:00-04:00,18750.0,18750.0,18750.0,18750.0,0,0.0,0.0
1985-07-02 00:00:00-04:00,18750.0,18750.0,18750.0,18750.0,0,0.0,0.0
1985-07-03 00:00:00-04:00,18750.0,18750.0,18750.0,18750.0,0,0.0,0.0
1985-07-05 00:00:00-04:00,18750.0,18750.0,18750.0,18750.0,0,0.0,0.0
1985-07-08 00:00:00-04:00,18750.0,18750.0,18750.0,18750.0,0,0.0,0.0
1985-07-09 00:00:00-04:00,18750.0,18750.0,18750.0,18750.0,0,0.0,0.0
1985-07-10 00:00:00-04:00,18750.0,18750.0,18750.0,18750.0,0,0.0,0.0
1985-07-11 00:00:00-04:00,18750.0,28125.0,18750.0,18750.0,1,0.0,0.0
1985-07-12 00:00:00-04:00,18750.0,28125.0,18750.0,18750.0,1,0.0,0.0
1985-07-15 00:00:00-04:00,18750.0,28125.0,18750.0,18750.0,0,0.0,0.0
1985-07-16 00:00:00-04:00,18750.0,28125.0,18750.0,18750.0,0,0.0,0.0
1985-07-17 00:00:00-04:00,18750.0,28125.0,18750.0,18750.0,0,0.0,0.0
1985-07-18 00:00:00-04:00,18750.0,18750.0,18750.0,18750.0,0,0.0,0.0
1985-07-19 00:00:00-04:00,18750.0,18750.0,18750.0,18750.0,0,0.0,0.0
1985-07-22 00:00:00-04:00,18750.0,28125.0,18750.0,18750.0,0,0.0,0.0
1985-07-23 00:00:00-04:00,18750.0,18750.0,18750.0,18750.0,0,0.0,0.0
1985-07-24 00:00:00-04:00,18750.0,18750.0,18750.0,18750.0,0,0.0,0.0
1985-07-25 00:00:00-04:00,28125.0,28125.0,28125.0,28125.0,0,0.0,0.0
1985-07-26 00:00:00-04:00,37500.0,46875.0,37500.0,37500.0,1,0.0,0.0
1985-07-29 00:00:00-04:00,56250.0,56250.0,56250.0,56250.0,2,0.0,0.0
1985-07-30 00:00:00-04:00,46875.0,46875.0,46875.0,46875.0,0,0.0,0.0
1985-07-31 00:00:00-04:00,46875.0,46875.0,46875.0,46875.0,0,0.0,0.0
1985-08-01 00:00:00-04:00,46875.0,46875.0,46875.0,46875.0,1,0.0,0.0
1985-08-02 00:00:00-04:00,46875.0,46875.0,37500.0,37500.0,0,0.0,0.0
1985-08-05 00:00:00-04:00,37500.0,46875.0,37500.0,37500.0,0,0.0,0.0
1985-08-06 00:00:00-04:00,46875.0,56250.0,46875.0,46875.0,0,0.0,0.0
1985-08-07 00:00:00-04:00,46875.0,56250.0,46875.0,46875.0,0,0.0,0.0
1985-08-08 00:00:00-04:00,46875.0,56250.0,46875.0,46875.0,0,0.0,0.0
1985-08-09 00:00:00-04:00,46875.0,56250.0,46875.0,46875.0,1,0.0,0.0
1985-08-12 00:00:00-04:00,46875.0,56250.0,46875.0,46875.0,0,0.0,0.0
1985-08-13 00:00:00-04:00,46875.0,46875.0,46875.0,46875.0,0,0.0,0.0
1985-08-14 00:00:00-04:00,46875.0,46875.0,37500.0,37500.0,0,0.0,0.0
1985-08-15 00:00:00-04:00,37500.0,37500.0,37500.0,37500.0,0,0.0,0.0
1985-08-16 00:00:00-04:00,46875.0,46875.0,46875.0,46875.0,0,0.0,0.0
1985-08-19 00:00:00-04:00,46875.0,46875.0,46875.0,46875.0,0,0.0,0.0
1985-08-20 00:00:00-04:00,46875.0,46875.0,46875.0,46875.0,0,0.0,0.0
1985-08-21 00:00:00-04:00,46875.0,56250.0,46875.0,46875.0,0,0.0,0.0
1985-08-22 00:00:00-04:00,46875.0,46875.0,46875.0,46875.0,0,0.0,0.0
1985-08-23 00:00:00-04:00,46875.0,46875.0,46875.0,46875.0,0,0.0,0.0
1985-08-26 00:00:00-04:00,46875.0,46875.0,46875.0,46875.0,0,0.0,0.0
1985-08-27 00:00:00-04:00,46875.0,46875.0,46875.0,46875.0,0,0.0,0.0
1985-08-28 00:00:00-04:00,46875.0,46875.0,46875.0,46875.0,0,0.0,0.0
1985-08-29 00:00:00-04:00,46875.0,46875.0,46875.0,46875.0,0,0.0,0.0
1985-08-30 00:00:00-04:00,46875.0,46875.0,46875.0,46875.0,0,0.0,0.0
1985-09-03 00:00:00-04:00,46875.0,46875.0,46875.0,46875.0,0,0.0,0.0
1985-09-04 00:00:00-04:00,46875.0,46875.0,46875.0,46875.0,0,0.0,0.0
1985-09-05 00:00:00-04:00,46875.0,46875.0,46875.0,46875.0,0,0.0,0.0
1985-09-06 00:00:00-04:00,46875.0,46875.0,46875.0,46875.0,0,0.0,0.0
1985-09-09 00:00:00-04:00,46875.0,46875.0,46875.0,46875.0,0,0.0,0.0
1985-09-10 00:00:00-04:00,46875.0,46875.0,46875.0,46875.0,0,0.0,0.0
1985-09-11 00:00:00-04:00,46875.0,46875.0,46875.0,46875.0,0,0.0,0.0
1985-09-12 00:00:00-04:00,46875.0,46875.0,46875.0,46875.0,0,0.0,0.0
1985-09-13 00:00:00-04:00,46875.0,46875.0,46875.0,46875.0,0,0.0,0.0
1985-09-16 00:00:00-04:00,46875.0,46875.0,46875.0,46875.0,0,0.0,0.0
1985-09-17 00:00:00-04:00,46875.0,46875.0,46875.0,46875.0,0,0.0,0.0
1985-09-18 00:00:00-04:00,46875.0,46875.0,46875.0,46875.0,0,0.0,0.0
1985-09-19 00:00:00-04:00,46875.0,46875.0,46875.0,46875.0,0,0.0,0.0
1985-09-20 00:00:00-04:00,46875.0,46875.0,46875.0,46875.0,0,0.0,0.0
1985-09-23 00:00:00-04:00,46875.0,46875.0,46875.0,46875.0,0,0.0,0.0
1985-09-24 00:00:00-04:00,46875.0,46875.0,46875.0,46875.0,0,0.0,0.0
1985-09-25 00:00:00-04:00,46875.0,46875.0,37500.0,37500.0,0,0.0,0.0
1985-09-26 00:00:00-04:00,37500.0,46875.0,37500.0,37500.0,0,0.0,0.0
1985-09-30 00:00:00-04:00,37500.0,46875.0,37500.0,37500.0,0,0.0,0.0
1985-10-01 00:00:00-04:00,37500.0,46875.0,37500.0,37500.0,0,0.0,0.0
1985-10-02 00:00:00-04:00,37500.0,37500.0,37500.0,37500.0,0,0.0,0.0
1985-10-03 00:00:00-04:00,37500.0,37500.0,37500.0,37500.0,0,0.0,0.0
1985-10-04 00:00:00-04:00,37500.0,37500.0,37500.0,37500.0,0,0.0,0.0
1985-10-07 00:00:00-04:00,37500.0,46875.0,37500.0,37500.0,0,0.0,0.0
1985-10-08 00:00:00-04:00,37500.0,46875.0,37500.0,37500.0,0,0.0,0.0
1985-10-09 00:00:00-04:00,37500.0,37500.0,37500.0,37500.0,0,0.0,0.0
1985-10-10 00:00:00-04:00,37500.0,37500.0,37500.0,37500.0,0,0.0,0.0
1985-10-11 00:00:00-04:00,37500.0,46875.0,37500.0,37500.0,0,0.0,0.0
1985-10-14 00:00:00-04:00,37500.0,46875.0,37500.0,37500.0,0,0.0,0.0
1985-10-15 00:00:00-04:00,37500.0,37500.0,37500.0,37500.0,0,0.0,0.0
1985-10-16 00:00:00-04:00,37500.0,46875.0,37500.0,37500.0,0,0.0,0.0
1985-10-17 00:00:00-04:00,37500.0,46875.0,37500.0,37500.0,0,0.0,0.0
1985-10-18 00:00:00-04:00,37500.0,46875.0,37500.0,37500.0,0,0.0,0.0
1985-10-21 00:00:00-04:00,37500.0,46875.0,37500.0,37500.0,0,0.0,0.0
1985-10-22 00:00:00-04:00,37500.0,46875.0,37500.0,37500.0,0,0.0,0.0
1985-10-23 00:00:00-04:00,37500.0,46875.0,37500.0,37500.0,0,0.0,0.0
1985-10-24 00:00:00-04:00,37500.0,46875.0,37500.0,37500.0,0,0.0,0.0
1985-10-25 00:00:00-04:00,37500.0,46875.0,37500.0,37500.0,0,0.0,0.0
1985-10-28 00:00:00-05:00,37500.0,46875.0,37500.0,37500.0,0,0.0,0.0
1985-10-29 00:00:00-05:00,37500.0,46875.0,37500.0,37500.0,0,0.0,0.0
1985-10-30 00:00:00-05:00,37500.0,46875.0,37500.0,37500.0,0,0.0,0.0
1985-10-31 00:00:00-05:00,37500.0,46875.0,37500.0,37500.0,0,0.0,0.0
1985-11-01 00:00:00-05:00,37500.0,37500.0,37500.0,37500.0,2,0.0,0.0
1985-11-04 00:00:00-05:00,37500.0,37500.0,37500.0,37500.0,0,0.0,0.0
1985-11-05 00:00:00-05:00,37500.0,37500.0,37500.0,37500.0,0,0.0,0.0
1985-11-06 00:00:00-05:00,37500.0,37500.0,37500.0,37500.0,0,0.0,0.0
1985-11-07 00:00:00-05:00,37500.0,37500.0,37500.0,37500.0,0,0.0,0.0
1985-11-08 00:00:00-05:00,37500.0,37500.0,37500.0,37500.0,0,0.0,0.0
1985-11-11 00:00:00-05:00,37500.0,37500.0,37500.0,37500.0,0,0.0,0.0
1985-11-12 00:00:00-05:00,37500.0,37500.0,37500.0,37500.0,0,0.0,0.0
1985-11-13 00:00:00-05:00,37500.0,46875.0,37500.0,37500.0,0,0.0,0.0
1985-11-14 00:00:00-05:00,37500.0,37500.0,37500.0,37500.0,0,0.0,0.0
1985-11-15 00:00:00-05:00,46875.0,56250.0,46875.0,46875.0,0,0.0,0.0
1985-11-18 00:00:00-05:00,46875.0,46875.0,46875.0,46875.0,0,0.0,0.0
1985-11-19 00:00:00-05:00,46875.0,56250.0,46875.0,46875.0,0,0.0,0.0
1985-11-20 00:00:00-05:00,46875.0,46875.0,37500.0,37500.0,0,0.0,0.0
1985-11-21 00:00:00-05:00,37500.0,46875.0,37500.0,37500.0,0,0.0,0.0
1985-11-22 00:00:00-05:00,37500.0,46875.0,37500.0,37500.0,0,0.0,0.0
1985-11-25 00:00:00-05:00,46875.0,46875.0,46875.0,46875.0,0,0.0,0.0
1985-11-26 00:00:00-05:00,46875.0,46875.0,46875.0,46875.0,0,0.0,0.0
1985-11-27 00:00:00-05:00,46875.0,46875.0,46875.0,46875.0,0,0.0,0.0
1985-11-29 00:00:00-05:00,46875.0,46875.0,46875.0,46875.0,0,0.0,0.0
1985-12-02 00:00:00-05:00,46875.0,46875.0,46875.0,46875.0,0,0.0,0.0
1985-12-03 00:00:00-05:00,46875.0,46875.0,37500.0,37500.0,0,0.0,0.0
1985-12-04 00:00:00-05:00,37500.0,46875.0,37500.0,37500.0,0,0.0,0.0
1985-12-05 00:00:00-05:00,131250.0,131250.0,131250.0,131250.0,8,0.0,0.0
1985-12-06 00:00:00-05:00,178125.0,178125.0,178125.0,178125.0,7,0.0,0.0
1985-12-09 00:00:00-05:00,140625.0,140625.0,140625.0,140625.0,4,0.0,0.0
1985-12-10 00:00:00-05:00,121875.0,121875.0,121875.0,121875.0,3,0.0,0.0
1985-12-11 00:00:00-05:00,121875.0,121875.0,112500.0,112500.0,1,0.0,0.0
1985-12-12 00:00:00-05:00,112500.0,112500.0,112500.0,112500.0,1,0.0,0.0
1985-12-13 00:00:00-05:00,121875.0,121875.0,121875.0,121875.0,1,0.0,0.0
1985-12-16 00:00:00-05:00,121875.0,121875.0,112500.0,112500.0,1,0.0,0.0
1985-12-17 00:00:00-05:00,121875.0,121875.0,121875.0,121875.0,0,0.0,0.0
1985-12-18 00:00:00-05:00,121875.0,121875.0,112500.0,112500.0,0,0.0,0.0
1985-12-19 00:00:00-05:00,112500.0,121875.0,112500.0,112500.0,1,0.0,0.0
1985-12-20 00:00:00-05:00,131250.0,131250.0,131250.0,131250.0,2,0.0,0.0
1985-12-23 00:00:00-05:00,131250.0,131250.0,131250.0,131250.0,1,0.0,0.0
1985-12-24 00:00:00-05:00,131250.0,131250.0,131250.0,131250.0,0,0.0,0.0
1985-12-26 00:00:00-05:00,131250.0,131250.0,131250.0,131250.0,1,0.0,0.0
1985-12-27 00:00:00-05:00,131250.0,131250.0,131250.0,131250.0,0,0.0,0.0
1985-12-30 00:00:00-05:00,140625.0,140625.0,140625.0,140625.0,1,0.0,0.0
1985-12-31 00:00:00-05:00,140625.0,140625.0,131250.0,131250.0,0,0.0,0.0
1986-01-02 00:00:00-05:00,131250.0,140625.0,131250.0,131250.0,5,0.0,0.0
1986-01-03 00:00:00-05:00,140625.0,140625.0,140625.0,140625.0,1,0.0,0.0
1986-01-06 00:00:00-05:00,140625.0,140625.0,140625.0,140625.0,1,0.0,0.0
1986-01-07 00:00:00-05:00,150000.0,150000.0,150000.0,150000.0,1,0.0,0.0
1986-01-08 00:00:00-05:00,150000.0,150000.0,150000.0,150000.0,2,0.0,0.0
1986-01-09 00:00:00-05:00,150000.0,150000.0,150000.0,150000.0,2,0.0,0.0
1986-01-10 00:00:00-05:00,150000.0,150000.0,150000.0,150000.0,1,0.0,0.0
1986-01-13 00:00:00-05:00,150000.0,159375.0,150000.0,150000.0,0,0.0,0.0
1986-01-14 00:00:00-05:00,150000.0,150000.0,150000.0,150000.0,1,0.0,0.0
1986-01-15 00:00:00-05:00,150000.0,159375.0,150000.0,150000.0,1,0.0,0.0
1986-01-16 00:00:00-05:00,150000.0,159375.0,150000.0,150000.0,0,0.0,0.0
1986-01-17 00:00:00-05:00,159375.0,159375.0,159375.0,159375.0,0,0.0,0.0
1986-01-20 00:00:00-05:00,159375.0,159375.0,159375.0,159375.0,0,0.0,0.0
1986-01-21 00:00:00-05:00,150000.0,150000.0,150000.0,150000.0,2,0.0,0.0
1986-01-22 00:00:00-05:00,140625.0,140625.0,140625.0,140625.0,1,0.0,0.0
1986-01-23 00:00:00-05:00,150000.0,159375.0,150000.0,150000.0,1,0.0,0.0
1986-01-24 00:00:00-05:00,150000.0,150000.0,150000.0,150000.0,1,0.0,0.0
1986-01-27 00:00:00-05:00,150000.0,150000.0,150000.0,150000.0,0,0.0,0.0
1986-01-28 00:00:00-05:00,140625.0,140625.0,140625.0,140625.0,1,0.0,0.0
1986-01-29 00:00:00-05:00,140625.0,140625.0,140625.0,140625.0,1,0.0,0.0
1986-01-30 00:00:00-05:00,131250.0,131250.0,131250.0,131250.0,1,0.0,0.0
1986-01-31 00:00:00-05:00,131250.0,131250.0,131250.0,131250.0,1,0.0,0.0
1986-02-03 00:00:00-05:00,121875.0,121875.0,112500.0,112500.0,1,0.0,0.0
1986-02-04 00:00:00-05:00,121875.0,121875.0,121875.0,121875.0,2,0.0,0.0
1986-02-05 00:00:00-05:00,112500.0,112500.0,112500.0,112500.0,0,0.0,0.0
1986-02-06 00:00:00-05:00,112500.0,112500.0,112500.0,112500.0,0,0.0,0.0
1986-02-07 00:00:00-05:00,112500.0,112500.0,112500.0,112500.0,0,0.0,0.0
1986-02-10 00:00:00-05:00,112500.0,121875.0,112500.0,112500.0,0,0.0,0.0
1986-02-11 00:00:00-05:00,112500.0,112500.0,112500.0,112500.0,0,0.0,0.0
1986-02-12 00:00:00-05:00,121875.0,121875.0,121875.0,121875.0,0,0.0,0.0
1986-02-13 00:00:00-05:00,121875.0,131250.0,121875.0,121875.0,0,0.0,0.0
1986-02-14 00:00:00-05:00,121875.0,121875.0,121875.0,121875.0,0,0.0,0.0
1986-02-18 00:00:00-05:00,121875.0,131250.0,121875.0,121875.0,0,0.0,0.0
1986-02-19 00:00:00-05:00,121875.0,121875.0,121875.0,121875.0,0,0.0,0.0
1986-02-20 00:00:00-05:00,121875.0,121875.0,121875.0,121875.0,0,0.0,0.0
1986-02-21 00:00:00-05:00,121875.0,121875.0,112500.0,112500.0,0,0.0,0.0
1986-02-24 00:00:00-05:00,112500.0,112500.0,103125.0,103125.0,1,0.0,0.0
1986-02-25 00:00:00-05:00,103125.0,112500.0,103125.0,103125.0,0,0.0,0.0
1986-02-26 00:00:00-05:00,103125.0,112500.0,103125.0,103125.0,0,0.0,0.0
1986-02-27 00:00:00-05:00,103125.0,112500.0,103125.0,103125.0,1,0.0,0.0
1986-02-28 00:00:00-05:00,103125.0,112500.0,103125.0,103125.0,0,0.0,0.0
1986-03-03 00:00:00-05:00,112500.0,112500.0,112500.0,112500.0,0,0.0,0.0
1986-03-04 00:00:00-05:00,121875.0,121875.0,121875.0,121875.0,0,0.0,0.0
1986-03-05 00:00:00-05:00,121875.0,131250.0,121875.0,121875.0,0,0.0,0.0
1986-03-06 00:00:00-05:00,121875.0,121875.0,121875.0,121875.0,0,0.0,0.0
1986-03-07 00:00:00-05:00,121875.0,121875.0,121875.0,121875.0,0,0.0,0.0
1986-03-10 00:00:00-05:00,121875.0,121875.0,121875.0,121875.0,0,0.0,0.0
1986-03-11 00:00:00-05:00,121875.0,121875.0,121875.0,121875.0,0,0.0,0.0
1986-03-12 00:00:00-05:00,121875.0,121875.0,121875.0,121875.0,0,0.0,0.0
1986-03-13 00:00:00-05:00,121875.0,121875.0,121875.0,121875.0,0,0.0,0.0
1986-03-14 00:00:00-05:00,121875.0,121875.0,112500.0,112500.0,0,0.0,0.0
1986-03-17 00:00:00-05:00,121875.0,131250.0,121875.0,121875.0,0,0.0,0.0
1986-03-18 00:00:00-05:00,121875.0,131250.0,121875.0,121875.0,0,0.0,0.0
1986-03-19 00:00:00-05:00,121875.0,121875.0,121875.0,121875.0,0,0.0,0.0
1986-03-20 00:00:00-05:00,121875.0,131250.0,121875.0,121875.0,1,0.0,0.0
1986-03-21 00:00:00-05:00,121875.0,121875.0,121875.0,121875.0,0,0.0,0.0
1986-03-24 00:00:00-05:00,121875.0,121875.0,121875.0,121875.0,0,0.0,0.0
1986-03-25 00:00:00-05:00,121875.0,121875.0,121875.0,121875.0,0,0.0,0.0
1986-03-26 00:00:00-05:00,121875.0,121875.0,112500.0,112500.0,0,0.0,0.0
1986-03-27 00:00:00-05:00,112500.0,121875.0,112500.0,112500.0,0,0.0,0.0
1986-03-31 00:00:00-05:00,112500.0,112500.0,112500.0,112500.0,0,0.0,0.0
1986-04-01 00:00:00-05:00,112500.0,112500.0,112500.0,112500.0,0,0.0,0.0
1986-04-02 00:00:00-05:00,112500.0,112500.0,112500.0,112500.0,0,0.0,0.0
1986-04-03 00:00:00-05:00,131250.0,131250.0,131250.0,131250.0,0,0.0,0.0
1986-04-04 00:00:00-05:00,131250.0,131250.0,121875.0,121875.0,0,0.0,0.0
1986-04-07 00:00:00-05:00,121875.0,131250.0,121875.0,121875.0,0,0.0,0.0
1986-04-08 00:00:00-05:00,121875.0,131250.0,121875.0,121875.0,0,0.0,0.0
1986-04-09 00:00:00-05:00,121875.0,131250.0,121875.0,121875.0,0,0.0,0.0
1986-04-10 00:00:00-05:00,121875.0,131250.0,121875.0,121875.0,0,0.0,0.0
1986-04-11 00:00:00-05:00,131250.0,140625.0,131250.0,131250.0,1,0.0,0.0
1986-04-14 00:00:00-05:00,150000.0,159375.0,150000.0,150000.0,2,0.0,0.0
1986-04-15 00:00:00-05:00,159375.0,168750.0,159375.0,159375.0,2,0.0,0.0
1986-04-16 00:00:00-05:00,159375.0,168750.0,159375.0,159375.0,1,0.0,0.0
1986-04-17 00:00:00-05:00,159375.0,159375.0,159375.0,159375.0,3,0.0,0.0
1986-04-18 00:00:00-05:00,178125.0,187500.0,178125.0,178125.0,1,0.0,0.0
1986-04-21 00:00:00-05:00,225000.0,225000.0,225000.0,225000.0,2,0.0,0.0
1986-04-22 00:00:00-05:00,262500.0,271875.0,262500.0,262500.0,5,0.0,0.0
1986-04-23 00:00:00-05:00,300000.0,300000.0,300000.0,300000.0,3,0.0,0.0
1986-04-24 00:00:00-05:00,290625.0,290625.0,290625.0,290625.0,4,0.0,0.0
1986-04-25 00:00:00-05:00,281250.0,281250.0,271875.0,271875.0,2,0.0,0.0
1986-04-28 00:00:00-04:00,262500.0,262500.0,262500.0,262500.0,2,0.0,0.0
1986-04-29 00:00:00-04:00,262500.0,262500.0,262500.0,262500.0,2,0.0,0.0
1986-04-30 00:00:00-04:00,262500.0,262500.0,253125.0,253125.0,3,0.0,0.0
1986-05-01 00:00:00-04:00,253125.0,253125.0,243750.0,243750.0,1,0.0,0.0
1986-05-02 00:00:00-04:00,243750.0,253125.0,243750.0,243750.0,2,0.0,0.0
1986-05-05 00:00:00-04:00,262500.0,262500.0,262500.0,262500.0,1,0.0,0.0
1986-05-06 00:00:00-04:00,271875.0,271875.0,271875.0,271875.0,2,0.0,0.0
1986-05-07 00:00:00-04:00,281250.0,281250.0,281250.0,281250.0,1,0.0,0.0
1986-05-08 00:00:00-04:00,365625.0,375000.0,365625.0,365625.0,6,0.0,0.0
1986-05-09 00:00:00-04:00,421875.0,431250.0,421875.0,421875.0,6,0.0,0.0
1986-05-12 00:00:00-04:00,459375.0,468750.0,459375.0,459375.0,3,0.0,0.0
1986-05-13 00:00:00-04:00,393750.0,393750.0,384375.0,384375.0,5,0.0,0.0
1986-05-14 00:00:00-04:00,375000.0,375000.0,375000.0,375000.0,3,0.0,0.0
1986-05-15 00:00:00-04:00,421875.0,431250.0,421875.0,421875.0,4,0.0,0.0
1986-05-16 00:00:00-04:00,459375.0,468750.0,459375.0,459375.0,4,0.0,0.0
1986-05-19 00:00:00-04:00,459375.0,468750.0,459375.0,459375.0,1,0.0,0.0
1986-05-20 00:00:00-04:00,450000.0,450000.0,440625.0,440625.0,2,0.0,0.0
1986-05-21 00:00:00-04:00,468750.0,478125.0,468750.0,468750.0,1,0.0,0.0
1986-05-22 00:00:00-04:00,581250.0,581250.0,581250.0,581250.0,4,0.0,0.0
1986-05-23 00:00:00-04:00,637500.0,646875.0,637500.0,637500.0,6,0.0,0.0
1986-05-27 00:00:00-04:00,600000.0,600000.0,600000.0,600000.0,5,0.0,0.0
1986-05-28 00:00:00-04:00,600000.0,609375.0,600000.0,600000.0,2,0.0,0.0
1986-05-29 00:00:00-04:00,600000.0,600000.0,590625.0,590625.0,1,0.0,0.0
1986-05-30 00:00:00-04:00,590625.0,600000.0,590625.0,590625.0,3,0.0,0.0
1986-06-02 00:00:00-04:00,600000.0,609375.0,600000.0,600000.0,2,0.0,0.0
1986-06-03 00:00:00-04:00,581250.0,581250.0,571875.0,571875.0,1,0.0,0.0
1986-06-04 00:00:00-04:00,496875.0,496875.0,487500.0,487500.0,2,0.0,0.0
1986-06-05 00:00:00-04:00,450000.0,450000.0,450000.0,450000.0,1,0.0,0.0
1986-06-06 00:00:00-04:00,421875.0,421875.0,412500.0,412500.0,1,0.0,0.0
1986-06-09 00:00:00-04:00,440625.0,450000.0,440625.0,440625.0,2,0.0,0.0
1986-06-10 00:00:00-04:00,496875.0,506250.0,496875.0,496875.0,1,0.0,0.0
1986-06-11 00:00:00-04:00,478125.0,478125.0,468750.0,468750.0,1,0.0,0.0
1986-06-12 00:00:00-04:00,421875.0,421875.0,421875.0,421875.0,1,0.0,0.0
1986-06-13 00:00:00-04:00,431250.0,440625.0,431250.0,431250.0,1,0.0,0.0
1986-06-16 00:00:00-04:00,450000.0,450000.0,450000.0,450000.0,1,0.0,0.0
1986-06-17 00:00:00-04:00,431250.0,431250.0,421875.0,421875.0,0,0.0,0.0
1986-06-18 00:00:00-04:00,421875.0,421875.0,412500.0,412500.0,0,0.0,0.0
1986-06-19 00:00:00-04:00,393750.0,393750.0,384375.0,384375.0,1,0.0,0.0
1986-06-20 00:00:00-04:00,384375.0,384375.0,375000.0,375000.0,1,0.0,0.0
1986-06-23 00:00:00-04:00,412500.0,421875.0,412500.0,412500.0,1,0.0,0.0
1986-06-24 00:00:00-04:00,440625.0,459375.0,440625.0,440625.0,1,0.0,0.0
1986-06-25 00:00:00-04:00,440625.0,450000.0,440625.0,440625.0,1,0.0,0.0
1986-06-26 00:00:00-04:00,506250.0,506250.0,506250.0,506250.0,4,0.0,0.0
1986-06-27 00:00:00-04:00,506250.0,506250.0,496875.0,496875.0,3,0.0,0.0
1986-06-30 00:00:00-04:00,534375.0,543750.0,534375.0,534375.0,3,0.0,0.0
1986-07-01 00:00:00-04:00,553125.0,562500.0,553125.0,553125.0,4,0.0,0.0
1986-07-02 00:00:00-04:00,562500.0,571875.0,562500.0,562500.0,3,0.0,0.0
1986-07-03 00:00:00-04:00,590625.0,590625.0,590625.0,590625.0,1,0.0,0.0
1986-07-07 00:00:00-04:00,581250.0,581250.0,571875.0,571875.0,1,0.0,0.0
1986-07-08 00:00:00-04:00,590625.0,590625.0,590625.0,590625.0,2,0.0,0.0
1986-07-09 00:00:00-04:00,581250.0,581250.0,571875.0,571875.0,1,0.0,0.0
1986-07-10 00:00:00-04:00,553125.0,553125.0,543750.0,543750.0,1,0.0,0.0
1986-07-11 00:00:00-04:00,543750.0,543750.0,534375.0,534375.0,0,0.0,0.0
1986-07-14 00:00:00-04:00,478125.0,478125.0,468750.0,468750.0,1,0.0,0.0
1986-07-15 00:00:00-04:00,478125.0,487500.0,478125.0,478125.0,1,0.0,0.0
1986-07-16 00:00:00-04:00,506250.0,506250.0,506250.0,506250.0,1,0.0,0.0
1986-07-17 00:00:00-04:00,487500.0,487500.0,478125.0,478125.0,0,0.0,0.0
1986-07-18 00:00:00-04:00,496875.0,496875.0,496875.0,496875.0,2,0.0,0.0
1986-07-21 00:00:00-04:00,496875.0,496875.0,487500.0,487500.0,0,0.0,0.0
1986-07-22 00:00:00-04:00,450000.0,450000.0,440625.0,440625.0,1,0.0,0.0
1986-07-23 00:00:00-04:00,440625.0,440625.0,431250.0,431250.0,1,0.0,0.0
1986-07-24 00:00:00-04:00,431250.0,440625.0,431250.0,431250.0,1,0.0,0.0
1986-07-25 00:00:00-04:00,431250.0,440625.0,431250.0,431250.0,0,0.0,0.0
1986-07-28 00:00:00-04:00,431250.0,440625.0,431250.0,431250.0,0,0.0,0.0
1986-07-29 00:00:00-04:00,421875.0,421875.0,412500.0,412500.0,0,0.0,0.0
1986-07-30 00:00:00-04:00,412500.0,412500.0,403125.0,403125.0,0,0.0,0.0
1986-07-31 00:00:00-04:00,450000.0,459375.0,450000.0,450000.0,1,0.0,0.0
1986-08-01 00:00:00-04:00,450000.0,459375.0,450000.0,450000.0,0,0.0,0.0
1986-08-04 00:00:00-04:00,450000.0,459375.0,450000.0,450000.0,0,0.0,0.0
1986-08-05 00:00:00-04:00,450000.0,450000.0,440625.0,440625.0,0,0.0,0.0
1986-08-06 00:00:00-04:00,459375.0,459375.0,459375.0,459375.0,0,0.0,0.0
1986-08-07 00:00:00-04:00,468750.0,478125.0,468750.0,468750.0,0,0.0,0.0
1986-08-08 00:00:00-04:00,478125.0,487500.0,478125.0,478125.0,0,0.0,0.0
1986-08-11 00:00:00-04:00,459375.0,459375.0,459375.0,459375.0,1,0.0,0.0
1986-08-12 00:00:00-04:00,459375.0,468750.0,459375.0,459375.0,1,0.0,0.0
1986-08-13 00:00:00-04:00,459375.0,459375.0,450000.0,450000.0,0,0.0,0.0
1986-08-14 00:00:00-04:00,450000.0,450000.0,440625.0,440625.0,0,0.0,0.0
1986-08-15 00:00:00-04:00,440625.0,440625.0,431250.0,431250.0,0,0.0,0.0
1986-08-18 00:00:00-04:00,431250.0,431250.0,421875.0,421875.0,0,0.0,0.0
1986-08-19 00:00:00-04:00,440625.0,450000.0,440625.0,440625.0,0,0.0,0.0
1986-08-20 00:00:00-04:00,478125.0,487500.0,478125.0,478125.0,0,0.0,0.0
1986-08-21 00:00:00-04:00,496875.0,515625.0,496875.0,496875.0,0,0.0,0.0
1986-08-22 00:00:00-04:00,506250.0,515625.0,506250.0,506250.0,0,0.0,0.0
1986-08-25 00:00:00-04:00,515625.0,525000.0,515625.0,515625.0,1,0.0,0.0
1986-08-26 00:00:00-04:00,506250.0,506250.0,487500.0,487500.0,0,0.0,0.0
1986-08-27 00:00:00-04:00,478125.0,478125.0,468750.0,468750.0,1,0.0,0.0
1986-08-28 00:00:00-04:00,468750.0,478125.0,468750.0,468750.0,0,0.0,0.0
1986-08-29 00:00:00-04:00,468750.0,478125.0,468750.0,468750.0,0,0.0,0.0
1986-09-02 00:00:00-04:00,459375.0,459375.0,450000.0,450000.0,0,0.0,0.0
1986-09-03 00:00:00-04:00,450000.0,450000.0,440625.0,440625.0,1,0.0,0.0
1986-09-04 00:00:00-04:00,440625.0,440625.0,440625.0,440625.0,0,0.0,0.0
1986-09-05 00:00:00-04:00,440625.0,440625.0,440625.0,440625.0,0,0.0,0.0
1986-09-08 00:00:00-04:00,440625.0,440625.0,431250.0,431250.0,1,0.0,0.0
1986-09-09 00:00:00-04:00,431250.0,431250.0,431250.0,431250.0,0,0.0,0.0
1986-09-10 00:00:00-04:00,412500.0,412500.0,412500.0,412500.0,1,0.0,0.0
1986-09-11 00:00:00-04:00,403125.0,403125.0,393750.0,393750.0,0,0.0,0.0
1986-09-12 00:00:00-04:00,440625.0,440625.0,440625.0,440625.0,3,0.0,0.0
1986-09-15 00:00:00-04:00,440625.0,440625.0,431250.0,431250.0,1,0.0,0.0
1986-09-16 00:00:00-04:00,431250.0,431250.0,421875.0,421875.0,1,0.0,0.0
1986-09-17 00:00:00-04:00,421875.0,421875.0,412500.0,412500.0,1,0.0,0.0
1986-09-18 00:00:00-04:00,421875.0,431250.0,421875.0,421875.0,2,0.0,0.0
1986-09-19 00:00:00-04:00,421875.0,421875.0,412500.0,412500.0,1,0.0,0.0
1986-09-22 00:00:00-04:00,412500.0,412500.0,403125.0,403125.0,1,0.0,0.0
1986-09-23 00:00:00-04:00,403125.0,412500.0,393750.0,393750.0,1,0.0,0.0
1986-09-24 00:00:00-04:00,393750.0,393750.0,384375.0,384375.0,0,0.0,0.0
1986-09-25 00:00:00-04:00,375000.0,375000.0,356250.0,356250.0,1,0.0,0.0
1986-09-26 00:00:00-04:00,375000.0,384375.0,375000.0,375000.0,0,0.0,0.0
1986-09-29 00:00:00-04:00,375000.0,375000.0,365625.0,365625.0,0,0.0,0.0
1986-09-30 00:00:00-04:00,403125.0,412500.0,403125.0,403125.0,1,0.0,0.0
1986-10-01 00:00:00-04:00,403125.0,403125.0,403125.0,403125.0,0,0.0,0.0
1986-10-02 00:00:00-04:00,375000.0,375000.0,365625.0,365625.0,0,0.0,0.0
1986-10-03 00:00:00-04:00,365625.0,365625.0,356250.0,356250.0,0,0.0,0.0
1986-10-06 00:00:00-04:00,356250.0,356250.0,346875.0,346875.0,0,0.0,0.0
1986-10-07 00:00:00-04:00,337500.0,337500.0,337500.0,337500.0,0,0.0,0.0
1986-10-08 00:00:00-04:00,337500.0,337500.0,328125.0,328125.0,1,0.0,0.0
1986-10-09 00:00:00-04:00,309375.0,309375.0,300000.0,300000.0,1,0.0,0.0
1986-10-10 00:00:00-04:00,318750.0,328125.0,318750.0,318750.0,2,0.0,0.0
1986-10-13 00:00:00-04:00,328125.0,328125.0,328125.0,328125.0,0,0.0,0.0
1986-10-14 00:00:00-04:00,290625.0,290625.0,290625.0,290625.0,0,0.0,0.0
1986-10-15 00:00:00-04:00,271875.0,271875.0,271875.0,271875.0,1,0.0,0.0
1986-10-16 00:00:00-04:00,271875.0,271875.0,262500.0,262500.0,1,0.0,0.0
1986-10-17 00:00:00-04:00,262500.0,262500.0,253125.0,253125.0,1,0.0,0.0
1986-10-20 00:00:00-04:00,253125.0,253125.0,253125.0,253125.0,0,0.0,0.0
1986-10-21 00:00:00-04:00,253125.0,253125.0,243750.0,243750.0,1,0.0,0.0
1986-10-22 00:00:00-04:00,271875.0,271875.0,271875.0,271875.0,1,0.0,0.0
1986-10-23 00:00:00-04:00,290625.0,300000.0,290625.0,290625.0,1,0.0,0.0
1986-10-24 00:00:00-04:00,300000.0,300000.0,300000.0,300000.0,1,0.0,0.0
1986-10-27 00:00:00-05:00,309375.0,318750.0,309375.0,309375.0,0,0.0,0.0
1986-10-28 00:00:00-05:00,300000.0,300000.0,281250.0,281250.0,1,0.0,0.0
1986-10-29 00:00:00-05:00,281250.0,281250.0,262500.0,262500.0,0,0.0,0.0
1986-10-30 00:00:00-05:00,262500.0,271875.0,262500.0,262500.0,0,0.0,0.0
1986-10-31 00:00:00-05:00,253125.0,253125.0,243750.0,243750.0,0,0.0,0.0
1986-11-03 00:00:00-05:00,253125.0,253125.0,253125.0,253125.0,1,0.0,0.0
1986-11-04 00:00:00-05:00,253125.0,253125.0,253125.0,253125.0,0,0.0,0.0
1986-11-05 00:00:00-05:00,253125.0,253125.0,253125.0,253125.0,0,0.0,0.0
1986-11-06 00:00:00-05:00,253125.0,253125.0,253125.0,253125.0,0,0.0,0.0
1986-11-07 00:00:00-05:00,253125.0,253125.0,243750.0,243750.0,0,0.0,0.0
1986-11-10 00:00:00-05:00,262500.0,271875.0,262500.0,262500.0,0,0.0,0.0
1986-11-11 00:00:00-05:00,262500.0,262500.0,253125.0,253125.0,0,0.0,0.0
1986-11-12 00:00:00-05:00,243750.0,243750.0,243750.0,243750.0,1,0.0,0.0
1986-11-13 00:00:00-05:00,234375.0,234375.0,234375.0,234375.0,0,0.0,0.0
1986-11-14 00:00:00-05:00,225000.0,225000.0,215625.0,215625.0,0,0.0,0.0
1986-11-17 00:00:00-05:00,196875.0,196875.0,187500.0,187500.0,1,0.0,0.0
1986-11-18 00:00:00-05:00,159375.0,159375.0,150000.0,150000.0,1,0.0,0.0
1986-11-19 00:00:00-05:00,178125.0,178125.0,178125.0,178125.0,2,0.0,0.0
1986-11-20 00:00:00-05:00,196875.0,196875.0,196875.0,196875.0,1,0.0,0.0
1986-11-21 00:00:00-05:00,253125.0,262500.0,253125.0,253125.0,1,0.0,0.0
1986-11-24 00:00:00-05:00,243750.0,243750.0,243750.0,243750.0,1,0.0,0.0
1986-11-25 00:00:00-05:00,243750.0,243750.0,243750.0,243750.0,1,0.0,0.0
1986-11-26 00:00:00-05:00,243750.0,243750.0,243750.0,243750.0,0,0.0,0.0
1986-11-28 00:00:00-05:00,243750.0,253125.0,243750.0,243750.0,0,0.0,0.0
1986-12-01 00:00:00-05:00,243750.0,243750.0,234375.0,234375.0,0,0.0,0.0
1986-12-02 00:00:00-05:00,234375.0,243750.0,234375.0,234375.0,0,0.0,0.0
1986-12-03 00:00:00-05:00,234375.0,234375.0,234375.0,234375.0,0,0.0,0.0
1986-12-04 00:00:00-05:00,271875.0,271875.0,271875.0,271875.0,1,0.0,0.0
1986-12-05 00:00:00-05:00,309375.0,318750.0,309375.0,309375.0,3,0.0,0.0
1986-12-08 00:00:00-05:00,309375.0,309375.0,300000.0,300000.0,1,0.0,0.0
1986-12-09 00:00:00-05:00,300000.0,300000.0,300000.0,300000.0,4,0.0,0.0
1986-12-10 00:00:00-05:00,309375.0,309375.0,309375.0,309375.0,1,0.0,0.0
1986-12-11 00:00:00-05:00,300000.0,300000.0,300000.0,300000.0,1,0.0,0.0
1986-12-12 00:00:00-05:00,262500.0,262500.0,253125.0,253125.0,1,0.0,0.0
1986-12-15 00:00:00-05:00,234375.0,234375.0,234375.0,234375.0,2,0.0,0.0
1986-12-16 00:00:00-05:00,234375.0,234375.0,225000.0,225000.0,0,0.0,0.0
1986-12-17 00:00:00-05:00,225000.0,225000.0,225000.0,225000.0,0,0.0,0.0
1986-12-18 00:00:00-05:00,281250.0,290625.0,281250.0,281250.0,3,0.0,0.0
1986-12-19 00:00:00-05:00,318750.0,318750.0,318750.0,318750.0,2,0.0,0.0
1986-12-22 00:00:00-05:00,309375.0,309375.0,300000.0,300000.0,2,0.0,0.0
1986-12-23 00:00:00-05:00,300000.0,309375.0,300000.0,300000.0,0,0.0,0.0
1986-12-24 00:00:00-05:00,290625.0,290625.0,290625.0,290625.0,1,0.0,0.0
1986-12-26 00:00:00-05:00,262500.0,262500.0,262500.0,262500.0,1,0.0,0.0
1986-12-29 00:00:00-05:00,300000.0,300000.0,300000.0,300000.0,1,0.0,0.0
1986-12-30 00:00:00-05:00,300000.0,300000.0,290625.0,290625.0,1,0.0,0.0
1986-12-31 00:00:00-05:00,290625.0,290625.0,290625.0,290625.0,0,0.0,0.0
1987-01-02 00:00:00-05:00,290625.0,290625.0,281250.0,281250.0,0,0.0,0.0
1987-01-05 00:00:00-05:00,290625.0,290625.0,290625.0,290625.0,0,0.0,0.0
1987-01-06 00:00:00-05:00,290625.0,290625.0,290625.0,290625.0,0,0.0,0.0
1987-01-07 00:00:00-05:00,300000.0,309375.0,300000.0,300000.0,1,0.0,0.0
1987-01-08 00:00:00-05:00,356250.0,356250.0,356250.0,356250.0,2,0.0,0.0
1987-01-09 00:00:00-05:00,365625.0,375000.0,365625.0,365625.0,2,0.0,0.0
1987-01-12 00:00:00-05:00,450000.0,459375.0,450000.0,450000.0,3,0.0,0.0
1987-01-13 00:00:00-05:00,375000.0,375000.0,365625.0,365625.0,3,0.0,0.0
1987-01-14 00:00:00-05:00,384375.0,384375.0,384375.0,384375.0,2,0.0,0.0
1987-01-15 00:00:00-05:00,384375.0,393750.0,384375.0,384375.0,1,0.0,0.0
1987-01-16 00:00:00-05:00,384375.0,393750.0,384375.0,384375.0,1,0.0,0.0
1987-01-19 00:00:00-05:00,384375.0,393750.0,384375.0,384375.0,1,0.0,0.0
1987-01-20 00:00:00-05:00,375000.0,375000.0,365625.0,365625.0,0,0.0,0.0
1987-01-21 00:00:00-05:00,365625.0,365625.0,365625.0,365625.0,1,0.0,0.0
1987-01-22 00:00:00-05:00,365625.0,365625.0,356250.0,356250.0,0,0.0,0.0
1987-01-23 00:00:00-05:00,356250.0,356250.0,346875.0,346875.0,0,0.0,0.0
1987-01-26 00:00:00-05:00,346875.0,356250.0,346875.0,346875.0,1,0.0,0.0
1987-01-27 00:00:00-05:00,356250.0,365625.0,356250.0,356250.0,0,0.0,0.0
1987-01-28 00:00:00-05:00,356250.0,356250.0,346875.0,346875.0,0,0.0,0.0
1987-01-29 00:00:00-05:00,346875.0,346875.0,337500.0,337500.0,0,0.0,0.0
1987-01-30 00:00:00-05:00,337500.0,337500.0,328125.0,328125.0,0,0.0,0.0
1987-02-02 00:00:00-05:00,337500.0,356250.0,337500.0,337500.0,1,0.0,0.0
1987-02-03 00:00:00-05:00,337500.0,337500.0,328125.0,328125.0,0,0.0,0.0
1987-02-04 00:00:00-05:00,328125.0,328125.0,328125.0,328125.0,1,0.0,0.0
1987-02-05 00:00:00-05:00,337500.0,346875.0,337500.0,337500.0,1,0.0,0.0
1987-02-06 00:00:00-05:00,337500.0,346875.0,337500.0,337500.0,0,0.0,0.0
1987-02-09 00:00:00-05:00,337500.0,337500.0,328125.0,328125.0,1,0.0,0.0
1987-02-10 00:00:00-05:00,318750.0,318750.0,309375.0,309375.0,0,0.0,0.0
1987-02-11 00:00:00-05:00,309375.0,318750.0,309375.0,309375.0,1,0.0,0.0
1987-02-12 00:00:00-05:00,309375.0,318750.0,309375.0,309375.0,1,0.0,0.0
1987-02-13 00:00:00-05:00,309375.0,309375.0,309375.0,309375.0,0,0.0,0.0
1987-02-17 00:00:00-05:00,300000.0,300000.0,290625.0,290625.0,2,0.0,0.0
1987-02-18 00:00:00-05:00,318750.0,328125.0,318750.0,318750.0,2,0.0,0.0
1987-02-19 00:00:00-05:00,365625.0,365625.0,365625.0,365625.0,2,0.0,0.0
1987-02-20 00:00:00-05:00,365625.0,365625.0,365625.0,365625.0,3,0.0,0.0
1987-02-23 00:00:00-05:00,375000.0,384375.0,375000.0,375000.0,1,0.0,0.0
1987-02-24 00:00:00-05:00,375000.0,375000.0,365625.0,365625.0,1,0.0,0.0
1987-02-25 00:00:00-05:00,365625.0,375000.0,365625.0,365625.0,0,0.0,0.0
1987-02-26 00:00:00-05:00,365625.0,375000.0,365625.0,365625.0,1,0.0,0.0
1987-02-27 00:00:00-05:00,356250.0,356250.0,346875.0,346875.0,0,0.0,0.0
1987-03-02 00:00:00-05:00,356250.0,365625.0,356250.0,356250.0,0,0.0,0.0
1987-03-03 00:00:00-05:00,346875.0,346875.0,337500.0,337500.0,0,0.0,0.0
1987-03-04 00:00:00-05:00,328125.0,328125.0,318750.0,318750.0,1,0.0,0.0
1987-03-05 00:00:00-05:00,318750.0,328125.0,309375.0,309375.0,1,0.0,0.0
1987-03-06 00:00:00-05:00,346875.0,356250.0,346875.0,346875.0,1,0.0,0.0
1987-03-09 00:00:00-05:00,337500.0,337500.0,328125.0,328125.0,1,0.0,0.0
1987-03-10 00:00:00-05:00,346875.0,346875.0,346875.0,346875.0,1,0.0,0.0
1987-03-11 00:00:00-05:00,337500.0,337500.0,328125.0,328125.0,1,0.0,0.0
1987-03-12 00:00:00-05:00,365625.0,365625.0,365625.0,365625.0,1,0.0,0.0
1987-03-13 00:00:00-05:00,365625.0,365625.0,356250.0,356250.0,2,0.0,0.0
1987-03-16 00:00:00-05:00,375000.0,384375.0,375000.0,375000.0,1,0.0,0.0
1987-03-17 00:00:00-05:00,375000.0,375000.0,365625.0,365625.0,0,0.0,0.0
1987-03-18 00:00:00-05:00,393750.0,393750.0,393750.0,393750.0,1,0.0,0.0
1987-03-19 00:00:00-05:00,412500.0,421875.0,412500.0,412500.0,2,0.0,0.0
1987-03-20 00:00:00-05:00,421875.0,440625.0,421875.0,421875.0,3,0.0,0.0
1987-03-23 00:00:00-05:00,375000.0,375000.0,365625.0,365625.0,1,0.0,0.0
1987-03-24 00:00:00-05:00,328125.0,328125.0,318750.0,318750.0,2,0.0,0.0
1987-03-25 00:00:00-05:00,328125.0,328125.0,328125.0,328125.0,4,0.0,0.0
1987-03-26 00:00:00-05:00,309375.0,309375.0,309375.0,309375.0,3,0.0,0.0
1987-03-27 00:00:00-05:00,300000.0,300000.0,300000.0,300000.0,3,0.0,0.0
1987-03-30 00:00:00-05:00,300000.0,300000.0,290625.0,290625.0,1,0.0,0.0
1987-03-31 00:00:00-05:00,262500.0,262500.0,253125.0,253125.0,4,0.0,0.0
1987-04-01 00:00:00-05:00,262500.0,262500.0,262500.0,262500.0,3,0.0,0.0
1987-04-02 00:00:00-05:00,271875.0,281250.0,271875.0,271875.0,2,0.0,0.0
1987-04-03 00:00:00-05:00,281250.0,281250.0,281250.0,281250.0,1,0.0,0.0
1987-04-06 00:00:00-04:00,300000.0,300000.0,300000.0,300000.0,1,0.0,0.0
1987-04-07 00:00:00-04:00,271875.0,271875.0,262500.0,262500.0,1,0.0,0.0
1987-04-08 00:00:00-04:00,290625.0,290625.0,290625.0,290625.0,1,0.0,0.0
1987-04-09 00:00:00-04:00,300000.0,300000.0,300000.0,300000.0,6,0.0,0.0
1987-04-10 00:00:00-04:00,300000.0,300000.0,300000.0,300000.0,1,0.0,0.0
1987-04-13 00:00:00-04:00,290625.0,290625.0,281250.0,281250.0,1,0.0,0.0
1987-04-14 00:00:00-04:00,290625.0,290625.0,290625.0,290625.0,1,0.0,0.0
1987-04-15 00:00:00-04:00,290625.0,290625.0,290625.0,290625.0,1,0.0,0.0
1987-04-16 00:00:00-04:00,290625.0,300000.0,290625.0,290625.0,3,0.0,0.0
1987-04-20 00:00:00-04:00,290625.0,300000.0,290625.0,290625.0,0,0.0,0.0
1987-04-21 00:00:00-04:00,290625.0,300000.0,290625.0,290625.0,1,0.0,0.0
1987-04-22 00:00:00-04:00,290625.0,290625.0,290625.0,290625.0,1,0.0,0.0
1987-04-23 00:00:00-04:00,290625.0,290625.0,281250.0,281250.0,1,0.0,0.0
1987-04-24 00:00:00-04:00,290625.0,290625.0,290625.0,290625.0,1,0.0,0.0
1987-04-27 00:00:00-04:00,290625.0,300000.0,290625.0,290625.0,1,0.0,0.0
1987-04-28 00:00:00-04:00,290625.0,300000.0,290625.0,290625.0,1,0.0,0.0
1987-04-29 00:00:00-04:00,300000.0,300000.0,300000.0,300000.0,1,0.0,0.0
1987-04-30 00:00:00-04:00,300000.0,309375.0,300000.0,300000.0,1,0.0,0.0
1987-05-01 00:00:00-04:00,318750.0,328125.0,318750.0,318750.0,2,0.0,0.0
1987-05-04 00:00:00-04:00,318750.0,318750.0,309375.0,309375.0,1,0.0,0.0
1987-05-05 00:00:00-04:00,309375.0,318750.0,309375.0,309375.0,2,0.0,0.0
1987-05-06 00:00:00-04:00,300000.0,300000.0,290625.0,290625.0,0,0.0,0.0
1987-05-07 00:00:00-04:00,290625.0,300000.0,290625.0,290625.0,1,0.0,0.0
1987-05-08 00:00:00-04:00,309375.0,309375.0,309375.0,309375.0,1,0.0,0.0
1987-05-11 00:00:00-04:00,309375.0,309375.0,309375.0,309375.0,1,0.0,0.0
1987-05-12 00:00:00-04:00,300000.0,300000.0,290625.0,290625.0,1,0.0,0.0
1987-05-13 00:00:00-04:00,290625.0,290625.0,281250.0,281250.0,1,0.0,0.0
1987-05-14 00:00:00-04:00,281250.0,281250.0,271875.0,271875.0,1,0.0,0.0
1987-05-15 00:00:00-04:00,271875.0,271875.0,271875.0,271875.0,1,0.0,0.0
1987-05-18 00:00:00-04:00,271875.0,271875.0,262500.0,262500.0,1,0.0,0.0
1987-05-19 00:00:00-04:00,253125.0,253125.0,253125.0,253125.0,1,0.0,0.0
1987-05-20 00:00:00-04:00,253125.0,253125.0,243750.0,243750.0,2,0.0,0.0
1987-05-21 00:00:00-04:00,253125.0,262500.0,253125.0,253125.0,2,0.0,0.0
1987-05-22 00:00:00-04:00,262500.0,262500.0,262500.0,262500.0,0,0.0,0.0
1987-05-26 00:00:00-04:00,253125.0,253125.0,253125.0,253125.0,0,0.0,0.0
1987-05-27 00:00:00-04:00,243750.0,243750.0,234375.0,234375.0,1,0.0,0.0
1987-05-28 00:00:00-04:00,225000.0,225000.0,225000.0,225000.0,1,0.0,0.0
1987-05-29 00:00:00-04:00,243750.0,253125.0,243750.0,243750.0,2,0.0,0.0
1987-06-01 00:00:00-04:00,234375.0,234375.0,234375.0,234375.0,1,0.0,0.0
1987-06-02 00:00:00-04:00,234375.0,234375.0,225000.0,225000.0,0,0.0,0.0
1987-06-03 00:00:00-04:00,225000.0,225000.0,215625.0,215625.0,1,0.0,0.0
1987-06-04 00:00:00-04:00,206250.0,206250.0,206250.0,206250.0,0,0.0,0.0
1987-06-05 00:00:00-04:00,206250.0,215625.0,206250.0,206250.0,2,0.0,0.0
1987-06-08 00:00:00-04:00,225000.0,225000.0,225000.0,225000.0,1,0.0,0.0
1987-06-09 00:00:00-04:00,225000.0,225000.0,225000.0,225000.0,1,0.0,0.0
1987-06-10 00:00:00-04:00,225000.0,225000.0,215625.0,215625.0,1,0.0,0.0
1987-06-11 00:00:00-04:00,225000.0,225000.0,225000.0,225000.0,1,0.0,0.0
1987-06-12 00:00:00-04:00,206250.0,206250.0,206250.0,206250.0,2,0.0,0.0
1987-06-15 00:00:00-04:00,215625.0,225000.0,215625.0,215625.0,4,0.0,0.0
1987-06-16 00:00:00-04:00,234375.0,243750.0,234375.0,234375.0,2,0.0,0.0
1987-06-17 00:00:00-04:00,253125.0,262500.0,253125.0,253125.0,4,0.0,0.0
1987-06-18 00:00:00-04:00,262500.0,271875.0,262500.0,262500.0,1,0.0,0.0
1987-06-19 00:00:00-04:00,290625.0,300000.0,290625.0,290625.0,4,0.0,0.0
1987-06-22 00:00:00-04:00,290625.0,290625.0,281250.0,281250.0,1,0.0,0.0
1987-06-23 00:00:00-04:00,281250.0,281250.0,281250.0,281250.0,2,0.0,0.0
1987-06-24 00:00:00-04:00,271875.0,271875.0,271875.0,271875.0,0,0.0,0.0
1987-06-25 00:00:00-04:00,262500.0,262500.0,262500.0,262500.0,0,0.0,0.0
1987-06-26 00:00:00-04:00,262500.0,271875.0,262500.0,262500.0,1,0.0,0.0
1987-06-29 00:00:00-04:00,253125.0,253125.0,243750.0,243750.0,0,0.0,0.0
1987-06-30 00:00:00-04:00,243750.0,253125.0,243750.0,243750.0,0,0.0,0.0
1987-07-01 00:00:00-04:00,243750.0,243750.0,243750.0,243750.0,0,0.0,0.0
1987-07-02 00:00:00-04:00,234375.0,234375.0,234375.0,234375.0,0,0.0,0.0
1987-07-06 00:00:00-04:00,225000.0,225000.0,215625.0,215625.0,0,0.0,0.0
1987-07-07 00:00:00-04:00,234375.0,234375.0,234375.0,234375.0,1,0.0,0.0
1987-07-08 00:00:00-04:00,234375.0,234375.0,234375.0,234375.0,0,0.0,0.0
1987-07-09 00:00:00-04:00,234375.0,234375.0,234375.0,234375.0,0,0.0,0.0
1987-07-10 00:00:00-04:00,262500.0,271875.0,262500.0,262500.0,3,0.0,0.0
1987-07-13 00:00:00-04:00,253125.0,253125.0,253125.0,253125.0,1,0.0,0.0
1987-07-14 00:00:00-04:00,253125.0,253125.0,243750.0,243750.0,0,0.0,0.0
1987-07-15 00:00:00-04:00,243750.0,243750.0,243750.0,243750.0,0,0.0,0.0
1987-07-16 00:00:00-04:00,243750.0,243750.0,234375.0,234375.0,0,0.0,0.0
1987-07-17 00:00:00-04:00,234375.0,234375.0,225000.0,225000.0,0,0.0,0.0
1987-07-20 00:00:00-04:00,225000.0,225000.0,215625.0,215625.0,1,0.0,0.0
1987-07-21 00:00:00-04:00,225000.0,225000.0,225000.0,225000.0,0,0.0,0.0
1987-07-22 00:00:00-04:00,215625.0,215625.0,206250.0,206250.0,1,0.0,0.0
1987-07-23 00:00:00-04:00,215625.0,215625.0,215625.0,215625.0,2,0.0,0.0
1987-07-24 00:00:00-04:00,215625.0,215625.0,215625.0,215625.0,0,0.0,0.0
1987-07-27 00:00:00-04:00,215625.0,215625.0,215625.0,215625.0,0,0.0,0.0
1987-07-28 00:00:00-04:00,225000.0,225000.0,225000.0,225000.0,1,0.0,0.0
1987-07-29 00:00:00-04:00,225000.0,234375.0,225000.0,225000.0,0,0.0,0.0
1987-07-30 00:00:00-04:00,215625.0,215625.0,206250.0,206250.0,1,0.0,0.0
1987-07-31 00:00:00-04:00,215625.0,225000.0,215625.0,215625.0,1,0.0,0.0
1987-08-03 00:00:00-04:00,215625.0,215625.0,206250.0,206250.0,0,0.0,0.0
1987-08-04 00:00:00-04:00,206250.0,206250.0,206250.0,206250.0,0,0.0,0.0
1987-08-05 00:00:00-04:00,206250.0,206250.0,206250.0,206250.0,1,0.0,0.0
1987-08-06 00:00:00-04:00,206250.0,215625.0,206250.0,206250.0,0,0.0,0.0
1987-08-07 00:00:00-04:00,206250.0,215625.0,206250.0,206250.0,2,0.0,0.0
1987-08-10 00:00:00-04:00,206250.0,206250.0,196875.0,196875.0,0,0.0,0.0
1987-08-11 00:00:00-04:00,206250.0,206250.0,206250.0,206250.0,0,0.0,0.0
1987-08-12 00:00:00-04:00,206250.0,206250.0,206250.0,206250.0,0,0.0,0.0
1987-08-13 00:00:00-04:00,206250.0,215625.0,206250.0,206250.0,1,0.0,0.0
1987-08-14 00:00:00-04:00,206250.0,206250.0,206250.0,206250.0,1,0.0,0.0
1987-08-17 00:00:00-04:00,206250.0,215625.0,196875.0,196875.0,1,0.0,0.0
1987-08-18 00:00:00-04:00,206250.0,206250.0,206250.0,206250.0,1,0.0,0.0
1987-08-19 00:00:00-04:00,206250.0,206250.0,196875.0,196875.0,0,0.0,0.0
1987-08-20 00:00:00-04:00,196875.0,206250.0,196875.0,196875.0,0,0.0,0.0
1987-08-21 00:00:00-04:00,196875.0,206250.0,196875.0,196875.0,1,0.0,0.0
1987-08-24 00:00:00-04:00,196875.0,206250.0,196875.0,196875.0,0,0.0,0.0
1987-08-25 00:00:00-04:00,196875.0,196875.0,196875.0,196875.0,0,0.0,0.0
1987-08-26 00:00:00-04:00,187500.0,187500.0,187500.0,187500.0,0,0.0,0.0
1987-08-27 00:00:00-04:00,178125.0,178125.0,178125.0,178125.0,0,0.0,0.0
1987-08-28 00:00:00-04:00,178125.0,178125.0,178125.0,178125.0,0,0.0,0.0
1987-08-31 00:00:00-04:00,178125.0,178125.0,178125.0,178125.0,0,0.0,0.0
1987-09-01 00:00:00-04:00,178125.0,178125.0,168750.0,168750.0,0,0.0,0.0
1987-09-02 00:00:00-04:00,168750.0,178125.0,168750.0,168750.0,0,0.0,0.0
1987-09-03 00:00:00-04:00,168750.0,178125.0,168750.0,168750.0,0,0.0,0.0
1987-09-04 00:00:00-04:00,168750.0,168750.0,168750.0,168750.0,0,0.0,0.0
1987-09-08 00:00:00-04:00,168750.0,178125.0,168750.0,168750.0,1,0.0,0.0
1987-09-09 00:00:00-04:00,178125.0,178125.0,178125.0,178125.0,1,0.0,0.0
1987-09-10 00:00:00-04:00,187500.0,187500.0,187500.0,187500.0,1,0.0,0.0
1987-09-11 00:00:00-04:00,206250.0,215625.0,206250.0,206250.0,2,0.0,0.0
1987-09-14 00:00:00-04:00,206250.0,206250.0,196875.0,196875.0,1,0.0,0.0
1987-09-15 00:00:00-04:00,196875.0,206250.0,196875.0,196875.0,1,0.0,0.0
1987-09-16 00:00:00-04:00,206250.0,206250.0,206250.0,206250.0,1,0.0,0.0
1987-09-17 00:00:00-04:00,206250.0,206250.0,196875.0,196875.0,0,0.0,0.0
1987-09-18 00:00:00-04:00,187500.0,187500.0,187500.0,187500.0,0,0.0,0.0
1987-09-21 00:00:00-04:00,187500.0,187500.0,187500.0,187500.0,0,0.0,0.0
1987-09-22 00:00:00-04:00,187500.0,187500.0,178125.0,178125.0,0,0.0,0.0
1987-09-23 00:00:00-04:00,178125.0,178125.0,178125.0,178125.0,0,0.0,0.0
1987-09-24 00:00:00-04:00,178125.0,178125.0,178125.0,178125.0,0,0.0,0.0
1987-09-25 00:00:00-04:00,178125.0,178125.0,178125.0,178125.0,0,0.0,0.0
1987-09-28 00:00:00-04:00,178125.0,187500.0,178125.0,178125.0,0,0.0,0.0
1987-09-29 00:00:00-04:00,178125.0,187500.0,178125.0,178125.0,5,0.0,0.0
1987-09-30 00:00:00-04:00,187500.0,187500.0,187500.0,187500.0,1,0.0,0.0
1987-10-01 00:00:00-04:00,196875.0,206250.0,196875.0,196875.0,1,0.0,0.0
1987-10-02 00:00:00-04:00,206250.0,206250.0,206250.0,206250.0,0,0.0,0.0
1987-10-05 00:00:00-04:00,206250.0,206250.0,196875.0,196875.0,0,0.0,0.0
1987-10-06 00:00:00-04:00,196875.0,196875.0,196875.0,196875.0,1,0.0,0.0
1987-10-07 00:00:00-04:00,196875.0,196875.0,187500.0,187500.0,0,0.0,0.0
1987-10-08 00:00:00-04:00,187500.0,187500.0,187500.0,187500.0,0,0.0,0.0
1987-10-09 00:00:00-04:00,178125.0,178125.0,178125.0,178125.0,0,0.0,0.0
1987-10-12 00:00:00-04:00,178125.0,187500.0,178125.0,178125.0,1,0.0,0.0
1987-10-13 00:00:00-04:00,178125.0,178125.0,168750.0,168750.0,0,0.0,0.0
1987-10-14 00:00:00-04:00,178125.0,178125.0,178125.0,178125.0,0,0.0,0.0
1987-10-15 00:00:00-04:00,178125.0,178125.0,168750.0,168750.0,1,0.0,0.0
1987-10-16 00:00:00-04:00,168750.0,168750.0,159375.0,159375.0,1,0.0,0.0
1987-10-19 00:00:00-04:00,131250.0,131250.0,131250.0,131250.0,1,0.0,0.0
1987-10-20 00:00:00-04:00,112500.0,112500.0,103125.0,103125.0,1,0.0,0.0
1987-10-21 00:00:00-04:00,121875.0,121875.0,121875.0,121875.0,1,0.0,0.0
1987-10-22 00:00:00-04:00,121875.0,121875.0,112500.0,112500.0,1,0.0,0.0
1987-10-23 00:00:00-04:00,112500.0,112500.0,103125.0,103125.0,1,0.0,0.0
1987-10-26 00:00:00-05:00,84375.0,84375.0,75000.0,75000.0,1,0.0,0.0
1987-10-27 00:00:00-05:00,65625.0,65625.0,65625.0,65625.0,1,0.0,0.0
1987-10-28 00:00:00-05:00,65625.0,75000.0,65625.0,65625.0,1,0.0,0.0
1987-10-29 00:00:00-05:00,84375.0,84375.0,84375.0,84375.0,2,0.0,0.0
1987-10-30 00:00:00-05:00,103125.0,112500.0,103125.0,103125.0,1,0.0,0.0
1987-11-02 00:00:00-05:00,121875.0,131250.0,121875.0,121875.0,2,0.0,0.0
1987-11-03 00:00:00-05:00,112500.0,112500.0,112500.0,112500.0,1,0.0,0.0
1987-11-04 00:00:00-05:00,112500.0,112500.0,103125.0,103125.0,0,0.0,0.0
1987-11-05 00:00:00-05:00,103125.0,103125.0,103125.0,103125.0,1,0.0,0.0
1987-11-06 00:00:00-05:00,103125.0,103125.0,93750.0,93750.0,0,0.0,0.0
1987-11-09 00:00:00-05:00,93750.0,93750.0,93750.0,93750.0,1,0.0,0.0
1987-11-10 00:00:00-05:00,93750.0,93750.0,93750.0,93750.0,2,0.0,0.0
1987-11-11 00:00:00-05:00,93750.0,93750.0,93750.0,93750.0,1,0.0,0.0
1987-11-12 00:00:00-05:00,93750.0,93750.0,93750.0,93750.0,0,0.0,0.0
1987-11-13 00:00:00-05:00,93750.0,93750.0,93750.0,93750.0,0,0.0,0.0
1987-11-16 00:00:00-05:00,93750.0,93750.0,84375.0,84375.0,0,0.0,0.0
1987-11-17 00:00:00-05:00,84375.0,93750.0,84375.0,84375.0,1,0.0,0.0
1987-11-18 00:00:00-05:00,84375.0,93750.0,84375.0,84375.0,1,0.0,0.0
1987-11-19 00:00:00-05:00,93750.0,93750.0,93750.0,93750.0,1,0.0,0.0
1987-11-20 00:00:00-05:00,103125.0,112500.0,103125.0,103125.0,1,0.0,0.0
1987-11-23 00:00:00-05:00,103125.0,112500.0,103125.0,103125.0,1,0.0,0.0
1987-11-24 00:00:00-05:00,103125.0,112500.0,103125.0,103125.0,0,0.0,0.0
1987-11-25 00:00:00-05:00,103125.0,103125.0,103125.0,103125.0,0,0.0,0.0
1987-11-27 00:00:00-05:00,103125.0,103125.0,103125.0,103125.0,0,0.0,0.0
1987-11-30 00:00:00-05:00,103125.0,103125.0,103125.0,103125.0,0,0.0,0.0
1987-12-01 00:00:00-05:00,103125.0,103125.0,93750.0,93750.0,0,0.0,0.0
1987-12-02 00:00:00-05:00,93750.0,103125.0,93750.0,93750.0,1,0.0,0.0
1987-12-03 00:00:00-05:00,93750.0,103125.0,93750.0,93750.0,0,0.0,0.0
1987-12-04 00:00:00-05:00,93750.0,93750.0,93750.0,93750.0,1,0.0,0.0
1987-12-07 00:00:00-05:00,93750.0,93750.0,93750.0,93750.0,2,0.0,0.0
1987-12-08 00:00:00-05:00,103125.0,103125.0,103125.0,103125.0,1,0.0,0.0
1987-12-09 00:00:00-05:00,112500.0,112500.0,112500.0,112500.0,1,0.0,0.0
1987-12-10 00:00:00-05:00,121875.0,121875.0,121875.0,121875.0,1,0.0,0.0
1987-12-11 00:00:00-05:00,131250.0,131250.0,131250.0,131250.0,1,0.0,0.0
1987-12-14 00:00:00-05:00,131250.0,131250.0,131250.0,131250.0,1,0.0,0.0
1987-12-15 00:00:00-05:00,150000.0,150000.0,150000.0,150000.0,2,0.0,0.0
1987-12-16 00:00:00-05:00,168750.0,168750.0,168750.0,168750.0,3,0.0,0.0
1987-12-17 00:00:00-05:00,178125.0,187500.0,178125.0,178125.0,6,0.0,0.0
1987-12-18 00:00:00-05:00,178125.0,178125.0,178125.0,178125.0,2,0.0,0.0
1987-12-21 00:00:00-05:00,159375.0,159375.0,150000.0,150000.0,2,0.0,0.0
1987-12-22 00:00:00-05:00,150000.0,150000.0,150000.0,150000.0,1,0.0,0.0
1987-12-23 00:00:00-05:00,159375.0,168750.0,159375.0,159375.0,1,0.0,0.0
1987-12-24 00:00:00-05:00,159375.0,168750.0,150000.0,150000.0,0,0.0,0.0
1987-12-28 00:00:00-05:00,159375.0,168750.0,159375.0,159375.0,1,0.0,0.0
1987-12-29 00:00:00-05:00,159375.0,159375.0,159375.0,159375.0,0,0.0,0.0
1987-12-30 00:00:00-05:00,159375.0,159375.0,159375.0,159375.0,1,0.0,0.0
1987-12-31 00:00:00-05:00,178125.0,187500.0,178125.0,178125.0,1,0.0,0.0
1988-01-04 00:00:00-05:00,178125.0,178125.0,178125.0,178125.0,1,0.0,0.0
1988-01-05 00:00:00-05:00,178125.0,187500.0,178125.0,178125.0,1,0.0,0.0
1988-01-06 00:00:00-05:00,215625.0,215625.0,215625.0,215625.0,2,0.0,0.0
1988-01-07 00:00:00-05:00,225000.0,225000.0,225000.0,225000.0,4,0.0,0.0
1988-01-08 00:00:00-05:00,196875.0,196875.0,187500.0,187500.0,1,0.0,0.0
1988-01-11 00:00:00-05:00,187500.0,187500.0,178125.0,178125.0,1,0.0,0.0
1988-01-12 00:00:00-05:00,168750.0,168750.0,168750.0,168750.0,1,0.0,0.0
1988-01-13 00:00:00-05:00,168750.0,168750.0,159375.0,159375.0,1,0.0,0.0
1988-01-14 00:00:00-05:00,159375.0,159375.0,159375.0,159375.0,1,0.0,0.0
1988-01-15 00:00:00-05:00,159375.0,168750.0,159375.0,159375.0,2,0.0,0.0
1988-01-18 00:00:00-05:00,159375.0,168750.0,159375.0,159375.0,3,0.0,0.0
1988-01-19 00:00:00-05:00,168750.0,168750.0,168750.0,168750.0,1,0.0,0.0
1988-01-20 00:00:00-05:00,159375.0,159375.0,159375.0,159375.0,1,0.0,0.0
1988-01-21 00:00:00-05:00,159375.0,168750.0,159375.0,159375.0,1,0.0,0.0
1988-01-22 00:00:00-05:00,168750.0,168750.0,168750.0,168750.0,1,0.0,0.0
1988-01-25 00:00:00-05:00,168750.0,178125.0,168750.0,168750.0,1,0.0,0.0
1988-01-26 00:00:00-05:00,178125.0,178125.0,178125.0,178125.0,1,0.0,0.0
1988-01-27 00:00:00-05:00,178125.0,178125.0,168750.0,168750.0,0,0.0,0.0
1988-01-28 00:00:00-05:00,168750.0,168750.0,168750.0,168750.0,1,0.0,0.0
1988-01-29 00:00:00-05:00,168750.0,178125.0,168750.0,168750.0,0,0.0,0.0
1988-02-01 00:00:00-05:00,168750.0,168750.0,168750.0,168750.0,0,0.0,0.0
1988-02-02 00:00:00-05:00,168750.0,168750.0,168750.0,168750.0,3,0.0,0.0
1988-02-03 00:00:00-05:00,168750.0,168750.0,168750.0,168750.0,1,0.0,0.0
1988-02-04 00:00:00-05:00,168750.0,178125.0,168750.0,168750.0,1,0.0,0.0
1988-02-05 00:00:00-05:00,168750.0,168750.0,159375.0,159375.0,1,0.0,0.0
1988-02-08 00:00:00-05:00,159375.0,168750.0,159375.0,159375.0,0,0.0,0.0
1988-02-09 00:00:00-05:00,159375.0,168750.0,159375.0,159375.0,1,0.0,0.0
1988-02-10 00:00:00-05:00,168750.0,168750.0,168750.0,168750.0,0,0.0,0.0
1988-02-11 00:00:00-05:00,159375.0,159375.0,159375.0,159375.0,0,0.0,0.0
1988-02-12 00:00:00-05:00,168750.0,168750.0,168750.0,168750.0,1,0.0,0.0
1988-02-16 00:00:00-05:00,168750.0,168750.0,159375.0,159375.0,1,0.0,0.0
1988-02-17 00:00:00-05:00,159375.0,159375.0,159375.0,159375.0,0,0.0,0.0
1988-02-18 00:00:00-05:00,168750.0,178125.0,168750.0,168750.0,1,0.0,0.0
1988-02-19 00:00:00-05:00,168750.0,168750.0,159375.0,159375.0,1,0.0,0.0
1988-02-22 00:00:00-05:00,159375.0,168750.0,159375.0,159375.0,0,0.0,0.0
1988-02-23 00:00:00-05:00,187500.0,187500.0,187500.0,187500.0,3,0.0,0.0
1988-02-24 00:00:00-05:00,178125.0,178125.0,178125.0,178125.0,2,0.0,0.0
1988-02-25 00:00:00-05:00,168750.0,168750.0,159375.0,159375.0,1,0.0,0.0
1988-02-26 00:00:00-05:00,159375.0,168750.0,159375.0,159375.0,0,0.0,0.0
1988-02-29 00:00:00-05:00,159375.0,168750.0,159375.0,159375.0,0,0.0,0.0
1988-03-01 00:00:00-05:00,159375.0,168750.0,159375.0,159375.0,0,0.0,0.0
1988-03-02 00:00:00-05:00,159375.0,159375.0,150000.0,150000.0,1,0.0,0.0
1988-03-03 00:00:00-05:00,150000.0,150000.0,140625.0,140625.0,1,0.0,0.0
1988-03-04 00:00:00-05:00,150000.0,150000.0,150000.0,150000.0,1,0.0,0.0
1988-03-07 00:00:00-05:00,150000.0,150000.0,140625.0,140625.0,0,0.0,0.0
1988-03-08 00:00:00-05:00,140625.0,150000.0,140625.0,140625.0,1,0.0,0.0
1988-03-09 00:00:00-05:00,140625.0,140625.0,131250.0,131250.0,1,0.0,0.0
1988-03-10 00:00:00-05:00,140625.0,140625.0,140625.0,140625.0,1,0.0,0.0
1988-03-11 00:00:00-05:00,140625.0,150000.0,140625.0,140625.0,1,0.0,0.0
1988-03-14 00:00:00-05:00,140625.0,150000.0,140625.0,140625.0,1,0.0,0.0
1988-03-15 00:00:00-05:00,150000.0,150000.0,150000.0,150000.0,1,0.0,0.0
1988-03-16 00:00:00-05:00,140625.0,140625.0,140625.0,140625.0,1,0.0,0.0
1988-03-17 00:00:00-05:00,140625.0,150000.0,140625.0,140625.0,1,0.0,0.0
1988-03-18 00:00:00-05:00,150000.0,150000.0,150000.0,150000.0,1,0.0,0.0
1988-03-21 00:00:00-05:00,140625.0,140625.0,140625.0,140625.0,0,0.0,0.0
1988-03-22 00:00:00-05:00,140625.0,140625.0,140625.0,140625.0,0,0.0,0.0
1988-03-23 00:00:00-05:00,140625.0,150000.0,140625.0,140625.0,1,0.0,0.0
1988-03-24 00:00:00-05:00,140625.0,150000.0,140625.0,140625.0,0,0.0,0.0
1988-03-25 00:00:00-05:00,140625.0,150000.0,140625.0,140625.0,0,0.0,0.0
1988-03-28 00:00:00-05:00,140625.0,150000.0,140625.0,140625.0,0,0.0,0.0
1988-03-29 00:00:00-05:00,140625.0,140625.0,140625.0,140625.0,0,0.0,0.0
1988-03-30 00:00:00-05:00,131250.0,131250.0,131250.0,131250.0,3,0.0,0.0
1988-03-31 00:00:00-05:00,131250.0,140625.0,131250.0,131250.0,4,0.0,0.0
1988-04-04 00:00:00-04:00,131250.0,131250.0,131250.0,131250.0,1,0.0,0.0
1988-04-05 00:00:00-04:00,121875.0,121875.0,121875.0,121875.0,0,0.0,0.0
1988-04-06 00:00:00-04:00,121875.0,121875.0,112500.0,112500.0,2,0.0,0.0
1988-04-07 00:00:00-04:00,112500.0,112500.0,112500.0,112500.0,1,0.0,0.0
1988-04-08 00:00:00-04:00,112500.0,121875.0,112500.0,112500.0,0,0.0,0.0
1988-04-11 00:00:00-04:00,112500.0,121875.0,112500.0,112500.0,0,0.0,0.0
1988-04-12 00:00:00-04:00,112500.0,112500.0,112500.0,112500.0,0,0.0,0.0
1988-04-13 00:00:00-04:00,112500.0,121875.0,112500.0,112500.0,0,0.0,0.0
1988-04-14 00:00:00-04:00,121875.0,121875.0,121875.0,121875.0,1,0.0,0.0
1988-04-15 00:00:00-04:00,112500.0,112500.0,112500.0,112500.0,1,0.0,0.0
1988-04-18 00:00:00-04:00,112500.0,112500.0,112500.0,112500.0,0,0.0,0.0
1988-04-19 00:00:00-04:00,112500.0,112500.0,112500.0,112500.0,1,0.0,0.0
1988-04-20 00:00:00-04:00,112500.0,112500.0,112500.0,112500.0,1,0.0,0.0
1988-04-21 00:00:00-04:00,112500.0,112500.0,112500.0,112500.0,1,0.0,0.0
1988-04-22 00:00:00-04:00,140625.0,140625.0,140625.0,140625.0,4,0.0,0.0
1988-04-25 00:00:00-04:00,159375.0,159375.0,159375.0,159375.0,4,0.0,0.0
1988-04-26 00:00:00-04:00,159375.0,159375.0,150000.0,150000.0,3,0.0,0.0
1988-04-27 00:00:00-04:00,140625.0,140625.0,140625.0,140625.0,2,0.0,0.0
1988-04-28 00:00:00-04:00,140625.0,140625.0,131250.0,131250.0,1,0.0,0.0
1988-04-29 00:00:00-04:00,140625.0,140625.0,140625.0,140625.0,1,0.0,0.0
1988-05-02 00:00:00-04:00,140625.0,140625.0,140625.0,140625.0,1,0.0,0.0
1988-05-03 00:00:00-04:00,131250.0,131250.0,131250.0,131250.0,1,0.0,0.0
1988-05-04 00:00:00-04:00,121875.0,121875.0,112500.0,112500.0,1,0.0,0.0
1988-05-05 00:00:00-04:00,112500.0,121875.0,112500.0,112500.0,1,0.0,0.0
1988-05-06 00:00:00-04:00,112500.0,121875.0,112500.0,112500.0,1,0.0,0.0
1988-05-09 00:00:00-04:00,112500.0,112500.0,112500.0,112500.0,1,0.0,0.0
1988-05-10 00:00:00-04:00,112500.0,112500.0,112500.0,112500.0,1,0.0,0.0
1988-05-11 00:00:00-04:00,112500.0,112500.0,112500.0,112500.0,0,0.0,0.0
1988-05-12 00:00:00-04:00,112500.0,112500.0,112500.0,112500.0,0,0.0,0.0
1988-05-13 00:00:00-04:00,112500.0,112500.0,112500.0,112500.0,1,0.0,0.0
1988-05-16 00:00:00-04:00,112500.0,112500.0,112500.0,112500.0,0,0.0,0.0
1988-05-17 00:00:00-04:00,112500.0,112500.0,103125.0,103125.0,1,0.0,0.0
1988-05-18 00:00:00-04:00,112500.0,112500.0,112500.0,112500.0,1,0.0,0.0
1988-05-19 00:00:00-04:00,112500.0,112500.0,103125.0,103125.0,0,0.0,0.0
1988-05-20 00:00:00-04:00,103125.0,112500.0,103125.0,103125.0,1,0.0,0.0
1988-05-23 00:00:00-04:00,103125.0,112500.0,103125.0,103125.0,0,0.0,0.0
1988-05-24 00:00:00-04:00,103125.0,112500.0,103125.0,103125.0,1,0.0,0.0
1988-05-25 00:00:00-04:00,103125.0,112500.0,103125.0,103125.0,0,0.0,0.0
1988-05-26 00:00:00-04:00,103125.0,112500.0,103125.0,103125.0,0,0.0,0.0
1988-05-27 00:00:00-04:00,103125.0,112500.0,103125.0,103125.0,0,0.0,0.0
1988-05-31 00:00:00-04:00,103125.0,112500.0,103125.0,103125.0,0,0.0,0.0
1988-06-01 00:00:00-04:00,103125.0,103125.0,103125.0,103125.0,0,0.0,0.0
1988-06-02 00:00:00-04:00,103125.0,103125.0,103125.0,103125.0,0,0.0,0.0
1988-06-03 00:00:00-04:00,103125.0,103125.0,103125.0,103125.0,0,0.0,0.0
1988-06-06 00:00:00-04:00,103125.0,103125.0,103125.0,103125.0,0,0.0,0.0
1988-06-07 00:00:00-04:00,103125.0,103125.0,93750.0,93750.0,1,0.0,0.0
1988-06-08 00:00:00-04:00,93750.0,103125.0,93750.0,93750.0,1,0.0,0.0
1988-06-09 00:00:00-04:00,93750.0,93750.0,84375.0,84375.0,1,0.0,0.0
1988-06-10 00:00:00-04:00,84375.0,93750.0,84375.0,84375.0,1,0.0,0.0
1988-06-13 00:00:00-04:00,84375.0,93750.0,84375.0,84375.0,0,0.0,0.0
1988-06-14 00:00:00-04:00,84375.0,93750.0,84375.0,84375.0,0,0.0,0.0
1988-06-15 00:00:00-04:00,84375.0,84375.0,84375.0,84375.0,3,0.0,0.0
1988-06-16 00:00:00-04:00,84375.0,84375.0,84375.0,84375.0,1,0.0,0.0
1988-06-17 00:00:00-04:00,84375.0,84375.0,84375.0,84375.0,0,0.0,0.0
1988-06-20 00:00:00-04:00,84375.0,84375.0,75000.0,75000.0,0,0.0,0.0
1988-06-21 00:00:00-04:00,75000.0,75000.0,75000.0,75000.0,3,0.0,0.0
1988-06-22 00:00:00-04:00,84375.0,84375.0,84375.0,84375.0,2,0.0,0.0
1988-06-23 00:00:00-04:00,84375.0,84375.0,84375.0,84375.0,1,0.0,0.0
1988-06-24 00:00:00-04:00,84375.0,84375.0,75000.0,75000.0,1,0.0,0.0
1988-06-27 00:00:00-04:00,75000.0,75000.0,75000.0,75000.0,0,0.0,0.0
1988-06-28 00:00:00-04:00,75000.0,75000.0,75000.0,75000.0,1,0.0,0.0
1988-06-29 00:00:00-04:00,75000.0,75000.0,75000.0,75000.0,1,0.0,0.0
1988-06-30 00:00:00-04:00,75000.0,75000.0,75000.0,75000.0,0,0.0,0.0
1988-07-01 00:00:00-04:00,75000.0,84375.0,75000.0,75000.0,1,0.0,0.0
1988-07-05 00:00:00-04:00,75000.0,84375.0,75000.0,75000.0,1,0.0,0.0
1988-07-06 00:00:00-04:00,84375.0,84375.0,84375.0,84375.0,1,0.0,0.0
1988-07-07 00:00:00-04:00,93750.0,93750.0,93750.0,93750.0,1,0.0,0.0
1988-07-08 00:00:00-04:00,93750.0,93750.0,84375.0,84375.0,1,0.0,0.0
1988-07-11 00:00:00-04:00,84375.0,93750.0,84375.0,84375.0,0,0.0,0.0
1988-07-12 00:00:00-04:00,84375.0,93750.0,84375.0,84375.0,0,0.0,0.0
1988-07-13 00:00:00-04:00,84375.0,84375.0,84375.0,84375.0,0,0.0,0.0
1988-07-14 00:00:00-04:00,84375.0,84375.0,84375.0,84375.0,0,0.0,0.0
1988-07-15 00:00:00-04:00,93750.0,93750.0,93750.0,93750.0,1,0.0,0.0
1988-07-18 00:00:00-04:00,93750.0,93750.0,93750.0,93750.0,0,0.0,0.0
1988-07-19 00:00:00-04:00,93750.0,93750.0,84375.0,84375.0,1,0.0,0.0
1988-07-20 00:00:00-04:00,84375.0,93750.0,84375.0,84375.0,0,0.0,0.0
1988-07-21 00:00:00-04:00,84375.0,84375.0,84375.0,84375.0,0,0.0,0.0
1988-07-22 00:00:00-04:00,84375.0,84375.0,75000.0,75000.0,1,0.0,0.0
1988-07-25 00:00:00-04:00,75000.0,75000.0,75000.0,75000.0,2,0.0,0.0
1988-07-26 00:00:00-04:00,75000.0,75000.0,65625.0,65625.0,1,0.0,0.0
1988-07-27 00:00:00-04:00,75000.0,75000.0,75000.0,75000.0,0,0.0,0.0
1988-07-28 00:00:00-04:00,75000.0,75000.0,75000.0,75000.0,0,0.0,0.0
1988-07-29 00:00:00-04:00,75000.0,75000.0,75000.0,75000.0,0,0.0,0.0
1988-08-01 00:00:00-04:00,75000.0,75000.0,75000.0,75000.0,0,0.0,0.0
1988-08-02 00:00:00-04:00,75000.0,75000.0,75000.0,75000.0,0,0.0,0.0
1988-08-03 00:00:00-04:00,75000.0,75000.0,75000.0,75000.0,1,0.0,0.0
1988-08-04 00:00:00-04:00,75000.0,84375.0,75000.0,75000.0,0,0.0,0.0
1988-08-05 00:00:00-04:00,75000.0,75000.0,65625.0,65625.0,1,0.0,0.0
1988-08-08 00:00:00-04:00,65625.0,75000.0,65625.0,65625.0,0,0.0,0.0
1988-08-09 00:00:00-04:00,65625.0,75000.0,65625.0,65625.0,0,0.0,0.0
1988-08-10 00:00:00-04:00,65625.0,75000.0,65625.0,65625.0,0,0.0,0.0
1988-08-11 00:00:00-04:00,65625.0,75000.0,65625.0,65625.0,0,0.0,0.0
1988-08-12 00:00:00-04:00,65625.0,75000.0,65625.0,65625.0,1,0.0,0.0
1988-08-15 00:00:00-04:00,65625.0,75000.0,65625.0,65625.0,0,0.0,0.0
1988-08-16 00:00:00-04:00,65625.0,75000.0,65625.0,65625.0,1,0.0,0.0
1988-08-17 00:00:00-04:00,75000.0,75000.0,75000.0,75000.0,1,0.0,0.0
1988-08-18 00:00:00-04:00,75000.0,84375.0,75000.0,75000.0,1,0.0,0.0
1988-08-19 00:00:00-04:00,75000.0,75000.0,75000.0,75000.0,1,0.0,0.0
1988-08-22 00:00:00-04:00,75000.0,75000.0,75000.0,75000.0,0,0.0,0.0
1988-08-23 00:00:00-04:00,75000.0,75000.0,75000.0,75000.0,0,0.0,0.0
1988-08-24 00:00:00-04:00,75000.0,84375.0,75000.0,75000.0,0,0.0,0.0
1988-08-25 00:00:00-04:00,75000.0,84375.0,75000.0,75000.0,0,0.0,0.0
1988-08-26 00:00:00-04:00,75000.0,84375.0,75000.0,75000.0,0,0.0,0.0
1988-08-29 00:00:00-04:00,75000.0,84375.0,75000.0,75000.0,0,0.0,0.0
1988-08-30 00:00:00-04:00,75000.0,75000.0,75000.0,75000.0,1,0.0,0.0
1988-08-31 00:00:00-04:00,75000.0,75000.0,75000.0,75000.0,0,0.0,0.0
1988-09-01 00:00:00-04:00,75000.0,75000.0,65625.0,65625.0,0,0.0,0.0
1988-09-02 00:00:00-04:00,65625.0,75000.0,65625.0,65625.0,0,0.0,0.0
1988-09-06 00:00:00-04:00,65625.0,75000.0,65625.0,65625.0,0,0.0,0.0
1988-09-07 00:00:00-04:00,65625.0,65625.0,65625.0,65625.0,0,0.0,0.0
1988-09-08 00:00:00-04:00,65625.0,65625.0,65625.0,65625.0,0,0.0,0.0
1988-09-09 00:00:00-04:00,65625.0,65625.0,56250.0,56250.0,0,0.0,0.0
1988-09-12 00:00:00-04:00,56250.0,65625.0,56250.0,56250.0,0,0.0,0.0
1988-09-13 00:00:00-04:00,56250.0,56250.0,56250.0,56250.0,1,0.0,0.0
1988-09-14 00:00:00-04:00,56250.0,56250.0,56250.0,56250.0,1,0.0,0.0
1988-09-15 00:00:00-04:00,56250.0,56250.0,56250.0,56250.0,1,0.0,0.0
1988-09-16 00:00:00-04:00,56250.0,56250.0,56250.0,56250.0,0,0.0,0.0
1988-09-19 00:00:00-04:00,56250.0,56250.0,56250.0,56250.0,0,0.0,0.0
1988-09-20 00:00:00-04:00,56250.0,56250.0,56250.0,56250.0,0,0.0,0.0
1988-09-21 00:00:00-04:00,56250.0,56250.0,56250.0,56250.0,0,0.0,0.0
1988-09-22 00:00:00-04:00,56250.0,56250.0,56250.0,56250.0,0,0.0,0.0
1988-09-23 00:00:00-04:00,56250.0,56250.0,46875.0,46875.0,1,0.0,0.0
1988-09-26 00:00:00-04:00,56250.0,56250.0,56250.0,56250.0,0,0.0,0.0
1988-09-27 00:00:00-04:00,56250.0,65625.0,56250.0,56250.0,1,0.0,0.0
1988-09-28 00:00:00-04:00,56250.0,56250.0,56250.0,56250.0,1,0.0,0.0
1988-09-29 00:00:00-04:00,56250.0,56250.0,56250.0,56250.0,1,0.0,0.0
1988-09-30 00:00:00-04:00,56250.0,56250.0,56250.0,56250.0,0,0.0,0.0
1988-10-03 00:00:00-04:00,56250.0,56250.0,56250.0,56250.0,0,0.0,0.0
1988-10-04 00:00:00-04:00,56250.0,56250.0,56250.0,56250.0,0,0.0,0.0
1988-10-05 00:00:00-04:00,56250.0,56250.0,46875.0,46875.0,0,0.0,0.0
1988-10-06 00:00:00-04:00,46875.0,56250.0,46875.0,46875.0,0,0.0,0.0
1988-10-07 00:00:00-04:00,46875.0,56250.0,46875.0,46875.0,0,0.0,0.0
1988-10-10 00:00:00-04:00,46875.0,46875.0,37500.0,37500.0,0,0.0,0.0
1988-10-11 00:00:00-04:00,46875.0,46875.0,46875.0,46875.0,1,0.0,0.0
1988-10-12 00:00:00-04:00,46875.0,46875.0,46875.0,46875.0,0,0.0,0.0
1988-10-13 00:00:00-04:00,46875.0,46875.0,37500.0,37500.0,0,0.0,0.0
1988-10-14 00:00:00-04:00,37500.0,46875.0,37500.0,37500.0,0,0.0,0.0
1988-10-17 00:00:00-04:00,37500.0,46875.0,37500.0,37500.0,0,0.0,0.0
1988-10-18 00:00:00-04:00,46875.0,46875.0,46875.0,46875.0,0,0.0,0.0
1988-10-19 00:00:00-04:00,46875.0,46875.0,46875.0,46875.0,0,0.0,0.0
1988-10-20 00:00:00-04:00,46875.0,46875.0,46875.0,46875.0,0,0.0,0.0
1988-10-21 00:00:00-04:00,46875.0,46875.0,46875.0,46875.0,0,0.0,0.0
1988-10-24 00:00:00-04:00,46875.0,46875.0,37500.0,37500.0,0,0.0,0.0
1988-10-25 00:00:00-04:00,37500.0,46875.0,37500.0,37500.0,0,0.0,0.0
1988-10-26 00:00:00-04:00,37500.0,46875.0,37500.0,37500.0,0,0.0,0.0
1988-10-27 00:00:00-04:00,37500.0,46875.0,37500.0,37500.0,0,0.0,0.0
1988-10-28 00:00:00-04:00,37500.0,46875.0,37500.0,37500.0,0,0.0,0.0
1988-10-31 00:00:00-05:00,37500.0,46875.0,37500.0,37500.0,0,0.0,0.0
1988-11-01 00:00:00-05:00,37500.0,37500.0,37500.0,37500.0,1,0.0,0.0
1988-11-02 00:00:00-05:00,37500.0,37500.0,37500.0,37500.0,0,0.0,0.0
1988-11-03 00:00:00-05:00,37500.0,37500.0,28125.0,28125.0,1,0.0,0.0
1988-11-04 00:00:00-05:00,37500.0,37500.0,37500.0,37500.0,1,0.0,0.0
1988-11-07 00:00:00-05:00,37500.0,37500.0,37500.0,37500.0,1,0.0,0.0
1988-11-08 00:00:00-05:00,37500.0,46875.0,37500.0,37500.0,1,0.0,0.0
1988-11-09 00:00:00-05:00,37500.0,46875.0,37500.0,37500.0,0,0.0,0.0
1988-11-10 00:00:00-05:00,37500.0,37500.0,37500.0,37500.0,0,0.0,0.0
1988-11-11 00:00:00-05:00,37500.0,37500.0,37500.0,37500.0,1,0.0,0.0
1988-11-14 00:00:00-05:00,37500.0,37500.0,37500.0,37500.0,1,0.0,0.0
1988-11-15 00:00:00-05:00,37500.0,37500.0,37500.0,37500.0,1,0.0,0.0
1988-11-16 00:00:00-05:00,37500.0,37500.0,37500.0,37500.0,0,0.0,0.0
1988-11-17 00:00:00-05:00,37500.0,37500.0,37500.0,37500.0,0,0.0,0.0
1988-11-18 00:00:00-05:00,37500.0,37500.0,37500.0,37500.0,0,0.0,0.0
1988-11-21 00:00:00-05:00,28125.0,28125.0,28125.0,28125.0,0,0.0,0.0
1988-11-22 00:00:00-05:00,37500.0,37500.0,37500.0,37500.0,1,0.0,0.0
1988-11-23 00:00:00-05:00,28125.0,28125.0,28125.0,28125.0,1,0.0,0.0
1988-11-25 00:00:00-05:00,28125.0,28125.0,18750.0,18750.0,1,0.0,0.0
1988-11-28 00:00:00-05:00,18750.0,18750.0,18750.0,18750.0,1,0.0,0.0
1988-11-29 00:00:00-05:00,18750.0,28125.0,18750.0,18750.0,1,0.0,0.0
1988-11-30 00:00:00-05:00,37500.0,46875.0,37500.0,37500.0,3,0.0,0.0
1988-12-01 00:00:00-05:00,37500.0,37500.0,37500.0,37500.0,1,0.0,0.0
1988-12-02 00:00:00-05:00,37500.0,37500.0,37500.0,37500.0,1,0.0,0.0
1988-12-05 00:00:00-05:00,37500.0,37500.0,37500.0,37500.0,1,0.0,0.0
1988-12-06 00:00:00-05:00,37500.0,37500.0,37500.0,37500.0,1,0.0,0.0
1988-12-07 00:00:00-05:00,37500.0,37500.0,37500.0,37500.0,1,0.0,0.0
1988-12-08 00:00:00-05:00,37500.0,37500.0,37500.0,37500.0,0,0.0,0.0
1988-12-09 00:00:00-05:00,37500.0,37500.0,28125.0,28125.0,0,0.0,0.0
1988-12-12 00:00:00-05:00,28125.0,37500.0,28125.0,28125.0,0,0.0,0.0
1988-12-13 00:00:00-05:00,28125.0,28125.0,28125.0,28125.0,0,0.0,0.0
1988-12-14 00:00:00-05:00,28125.0,28125.0,28125.0,28125.0,1,0.0,0.0
1988-12-15 00:00:00-05:00,28125.0,28125.0,28125.0,28125.0,0,0.0,0.0
1988-12-16 00:00:00-05:00,28125.0,37500.0,28125.0,28125.0,0,0.0,0.0
1988-12-19 00:00:00-05:00,28125.0,37500.0,28125.0,28125.0,0,0.0,0.0
1988-12-20 00:00:00-05:00,37500.0,37500.0,37500.0,37500.0,1,0.0,0.0
1988-12-21 00:00:00-05:00,37500.0,37500.0,37500.0,37500.0,1,0.0,0.0
1988-12-22 00:00:00-05:00,37500.0,46875.0,37500.0,37500.0,1,0.0,0.0
1988-12-23 00:00:00-05:00,46875.0,56250.0,46875.0,46875.0,3,0.0,0.0
1988-12-27 00:00:00-05:00,46875.0,56250.0,46875.0,46875.0,1,0.0,0.0
1988-12-28 00:00:00-05:00,46875.0,46875.0,46875.0,46875.0,0,0.0,0.0
1988-12-29 00:00:00-05:00,46875.0,46875.0,46875.0,46875.0,0,0.0,0.0
1988-12-30 00:00:00-05:00,46875.0,46875.0,46875.0,46875.0,2,0.0,0.0
1989-01-03 00:00:00-05:00,46875.0,46875.0,46875.0,46875.0,0,0.0,0.0
1989-01-04 00:00:00-05:00,46875.0,46875.0,46875.0,46875.0,0,0.0,0.0
1989-01-05 00:00:00-05:00,46875.0,46875.0,46875.0,46875.0,0,0.0,0.0
1989-01-06 00:00:00-05:00,46875.0,46875.0,46875.0,46875.0,1,0.0,0.0
1989-01-09 00:00:00-05:00,46875.0,46875.0,46875.0,46875.0,0,0.0,0.0
1989-01-10 00:00:00-05:00,46875.0,46875.0,37500.0,37500.0,1,0.0,0.0
1989-01-11 00:00:00-05:00,46875.0,46875.0,46875.0,46875.0,1,0.0,0.0
1989-01-12 00:00:00-05:00,46875.0,46875.0,46875.0,46875.0,0,0.0,0.0
1989-01-13 00:00:00-05:00,46875.0,46875.0,46875.0,46875.0,0,0.0,0.0
1989-01-16 00:00:00-05:00,46875.0,46875.0,37500.0,37500.0,1,0.0,0.0
1989-01-17 00:00:00-05:00,37500.0,46875.0,37500.0,37500.0,0,0.0,0.0
1989-01-18 00:00:00-05:00,37500.0,46875.0,37500.0,37500.0,0,0.0,0.0
1989-01-19 00:00:00-05:00,37500.0,46875.0,37500.0,37500.0,0,0.0,0.0
1989-01-20 00:00:00-05:00,37500.0,46875.0,37500.0,37500.0,1,0.0,0.0
1989-01-23 00:00:00-05:00,37500.0,46875.0,37500.0,37500.0,0,0.0,0.0
1989-01-24 00:00:00-05:00,46875.0,46875.0,46875.0,46875.0,0,0.0,0.0
1989-01-25 00:00:00-05:00,46875.0,46875.0,46875.0,46875.0,0,0.0,0.0
1989-01-26 00:00:00-05:00,46875.0,46875.0,46875.0,46875.0,0,0.0,0.0
1989-01-27 00:00:00-05:00,46875.0,46875.0,46875.0,46875.0,1,0.0,0.0
1989-01-30 00:00:00-05:00,56250.0,56250.0,56250.0,56250.0,2,0.0,0.0
1989-01-31 00:00:00-05:00,56250.0,56250.0,46875.0,46875.0,1,0.0,0.0
1989-02-01 00:00:00-05:00,46875.0,46875.0,46875.0,46875.0,1,0.0,0.0
1989-02-02 00:00:00-05:00,46875.0,46875.0,46875.0,46875.0,0,0.0,0.0
1989-02-03 00:00:00-05:00,46875.0,46875.0,46875.0,46875.0,0,0.0,0.0
1989-02-06 00:00:00-05:00,46875.0,46875.0,46875.0,46875.0,0,0.0,0.0
1989-02-07 00:00:00-05:00,46875.0,46875.0,46875.0,46875.0,0,0.0,0.0
1989-02-08 00:00:00-05:00,46875.0,46875.0,46875.0,46875.0,0,0.0,0.0
1989-02-09 00:00:00-05:00,46875.0,46875.0,46875.0,46875.0,0,0.0,0.0
1989-02-10 00:00:00-05:00,46875.0,46875.0,46875.0,46875.0,0,0.0,0.0
1989-02-13 00:00:00-05:00,46875.0,46875.0,46875.0,46875.0,0,0.0,0.0
1989-02-14 00:00:00-05:00,46875.0,46875.0,37500.0,37500.0,0,0.0,0.0
1989-02-15 00:00:00-05:00,37500.0,46875.0,37500.0,37500.0,1,0.0,0.0
1989-02-16 00:00:00-05:00,37500.0,46875.0,37500.0,37500.0,1,0.0,0.0
1989-02-17 00:00:00-05:00,37500.0,46875.0,37500.0,37500.0,0,0.0,0.0
1989-02-21 00:00:00-05:00,37500.0,37500.0,37500.0,37500.0,0,0.0,0.0
1989-02-22 00:00:00-05:00,37500.0,37500.0,37500.0,37500.0,0,0.0,0.0
1989-02-23 00:00:00-05:00,37500.0,37500.0,28125.0,28125.0,0,0.0,0.0
1989-02-24 00:00:00-05:00,37500.0,37500.0,37500.0,37500.0,1,0.0,0.0
1989-02-27 00:00:00-05:00,37500.0,37500.0,28125.0,28125.0,0,0.0,0.0
1989-02-28 00:00:00-05:00,37500.0,37500.0,37500.0,37500.0,1,0.0,0.0
1989-03-01 00:00:00-05:00,37500.0,37500.0,37500.0,37500.0,0,0.0,0.0
1989-03-02 00:00:00-05:00,37500.0,37500.0,37500.0,37500.0,0,0.0,0.0
1989-03-03 00:00:00-05:00,37500.0,37500.0,28125.0,28125.0,1,0.0,0.0
1989-03-06 00:00:00-05:00,28125.0,37500.0,28125.0,28125.0,0,0.0,0.0
1989-03-07 00:00:00-05:00,28125.0,28125.0,28125.0,28125.0,1,0.0,0.0
1989-03-08 00:00:00-05:00,28125.0,28125.0,28125.0,28125.0,0,0.0,0.0
1989-03-09 00:00:00-05:00,28125.0,37500.0,28125.0,28125.0,1,0.0,0.0
1989-03-10 00:00:00-05:00,28125.0,28125.0,28125.0,28125.0,0,0.0,0.0
1989-03-13 00:00:00-05:00,28125.0,28125.0,28125.0,28125.0,0,0.0,0.0
1989-03-14 00:00:00-05:00,28125.0,28125.0,28125.0,28125.0,1,0.0,0.0
1989-03-15 00:00:00-05:00,28125.0,28125.0,28125.0,28125.0,1,0.0,0.0
1989-03-16 00:00:00-05:00,28125.0,28125.0,28125.0,28125.0,1,0.0,0.0
1989-03-17 00:00:00-05:00,28125.0,28125.0,18750.0,18750.0,0,0.0,0.0
1989-03-20 00:00:00-05:00,18750.0,18750.0,18750.0,18750.0,1,0.0,0.0
1989-03-21 00:00:00-05:00,18750.0,18750.0,18750.0,18750.0,1,0.0,0.0
1989-03-22 00:00:00-05:00,18750.0,28125.0,18750.0,18750.0,1,0.0,0.0
1989-03-23 00:00:00-05:00,18750.0,28125.0,18750.0,18750.0,1,0.0,0.0
1989-03-27 00:00:00-05:00,18750.0,28125.0,18750.0,18750.0,0,0.0,0.0
1989-03-28 00:00:00-05:00,18750.0,28125.0,18750.0,18750.0,0,0.0,0.0
1989-03-29 00:00:00-05:00,18750.0,28125.0,18750.0,18750.0,1,0.0,0.0
1989-03-30 00:00:00-05:00,18750.0,18750.0,18750.0,18750.0,1,0.0,0.0
1989-03-31 00:00:00-05:00,18750.0,18750.0,18750.0,18750.0,1,0.0,0.0
1989-04-03 00:00:00-04:00,18750.0,18750.0,18750.0,18750.0,0,0.0,0.0
1989-04-04 00:00:00-04:00,18750.0,18750.0,18750.0,18750.0,1,0.0,0.0
1989-04-05 00:00:00-04:00,18750.0,18750.0,18750.0,18750.0,0,0.0,0.0
1989-04-06 00:00:00-04:00,18750.0,18750.0,18750.0,18750.0,0,0.0,0.0
1989-04-07 00:00:00-04:00,18750.0,18750.0,18750.0,18750.0,0,0.0,0.0
1989-04-10 00:00:00-04:00,18750.0,28125.0,18750.0,18750.0,1,0.0,0.0
1989-04-11 00:00:00-04:00,18750.0,28125.0,18750.0,18750.0,2,0.0,0.0
1989-04-12 00:00:00-04:00,18750.0,28125.0,18750.0,18750.0,1,0.0,0.0
1989-04-13 00:00:00-04:00,18750.0,28125.0,18750.0,18750.0,1,0.0,0.0
1989-04-14 00:00:00-04:00,18750.0,28125.0,18750.0,18750.0,1,0.0,0.0
1989-04-17 00:00:00-04:00,18750.0,28125.0,18750.0,18750.0,1,0.0,0.0
1989-04-18 00:00:00-04:00,18750.0,28125.0,18750.0,18750.0,0,0.0,0.0
1989-04-19 00:00:00-04:00,18750.0,28125.0,18750.0,18750.0,1,0.0,0.0
1989-04-20 00:00:00-04:00,18750.0,28125.0,18750.0,18750.0,3,0.0,0.0
1989-04-21 00:00:00-04:00,28125.0,28125.0,28125.0,28125.0,2,0.0,0.0
1989-04-24 00:00:00-04:00,28125.0,28125.0,28125.0,28125.0,0,0.0,0.0
1989-04-25 00:00:00-04:00,28125.0,28125.0,28125.0,28125.0,1,0.0,0.0
1989-04-26 00:00:00-04:00,28125.0,28125.0,28125.0,28125.0,1,0.0,0.0
1989-04-27 00:00:00-04:00,28125.0,28125.0,28125.0,28125.0,2,0.0,0.0
1989-04-28 00:00:00-04:00,37500.0,37500.0,37500.0,37500.0,4,0.0,0.0
1989-05-01 00:00:00-04:00,46875.0,56250.0,46875.0,46875.0,2,0.0,0.0
1989-05-02 00:00:00-04:00,46875.0,56250.0,46875.0,46875.0,2,0.0,0.0
1989-05-03 00:00:00-04:00,46875.0,46875.0,46875.0,46875.0,4,0.0,0.0
1989-05-04 00:00:00-04:00,46875.0,56250.0,46875.0,46875.0,2,0.0,0.0
1989-05-05 00:00:00-04:00,56250.0,56250.0,56250.0,56250.0,3,0.0,0.0
1989-05-08 00:00:00-04:00,46875.0,46875.0,46875.0,46875.0,5,0.0,0.0
1989-05-09 00:00:00-04:00,46875.0,56250.0,46875.0,46875.0,4,0.0,0.0
1989-05-10 00:00:00-04:00,46875.0,46875.0,46875.0,46875.0,2,0.0,0.0
1989-05-11 00:00:00-04:00,46875.0,46875.0,46875.0,46875.0,1,0.0,0.0
1989-05-12 00:00:00-04:00,46875.0,46875.0,46875.0,46875.0,0,0.0,0.0
1989-05-15 00:00:00-04:00,46875.0,46875.0,46875.0,46875.0,0,0.0,0.0
1989-05-16 00:00:00-04:00,46875.0,46875.0,46875.0,46875.0,1,0.0,0.0
1989-05-17 00:00:00-04:00,46875.0,46875.0,37500.0,37500.0,1,0.0,0.0
1989-05-18 00:00:00-04:00,37500.0,46875.0,37500.0,37500.0,1,0.0,0.0
1989-05-19 00:00:00-04:00,37500.0,46875.0,37500.0,37500.0,2,0.0,0.0
1989-05-22 00:00:00-04:00,37500.0,46875.0,37500.0,37500.0,0,0.0,0.0
1989-05-23 00:00:00-04:00,37500.0,46875.0,37500.0,37500.0,1,0.0,0.0
1989-05-24 00:00:00-04:00,37500.0,46875.0,37500.0,37500.0,0,0.0,0.0
1989-05-25 00:00:00-04:00,37500.0,46875.0,37500.0,37500.0,0,0.0,0.0
1989-05-26 00:00:00-04:00,37500.0,46875.0,37500.0,37500.0,0,0.0,0.0
1989-05-30 00:00:00-04:00,37500.0,46875.0,37500.0,37500.0,0,0.0,0.0
1989-05-31 00:00:00-04:00,37500.0,46875.0,37500.0,37500.0,3,0.0,0.0
1989-06-01 00:00:00-04:00,46875.0,46875.0,46875.0,46875.0,1,0.0,0.0
1989-06-02 00:00:00-04:00,46875.0,46875.0,46875.0,46875.0,0,0.0,0.0
1989-06-05 00:00:00-04:00,46875.0,46875.0,37500.0,37500.0,1,0.0,0.0
1989-06-06 00:00:00-04:00,37500.0,46875.0,37500.0,37500.0,0,0.0,0.0
1989-06-07 00:00:00-04:00,37500.0,37500.0,37500.0,37500.0,1,0.0,0.0
1989-06-08 00:00:00-04:00,37500.0,37500.0,37500.0,37500.0,0,0.0,0.0
1989-06-09 00:00:00-04:00,37500.0,37500.0,37500.0,37500.0,0,0.0,0.0
1989-06-12 00:00:00-04:00,28125.0,28125.0,28125.0,28125.0,1,0.0,0.0
1989-06-13 00:00:00-04:00,28125.0,37500.0,28125.0,28125.0,6,0.0,0.0
1989-06-14 00:00:00-04:00,37500.0,37500.0,37500.0,37500.0,9,0.0,0.0
1989-06-15 00:00:00-04:00,37500.0,37500.0,37500.0,37500.0,1,0.0,0.0
1989-06-16 00:00:00-04:00,37500.0,37500.0,37500.0,37500.0,1,0.0,0.0
1989-06-19 00:00:00-04:00,37500.0,37500.0,37500.0,37500.0,0,0.0,0.0
1989-06-20 00:00:00-04:00,37500.0,37500.0,37500.0,37500.0,0,0.0,0.0
1989-06-21 00:00:00-04:00,37500.0,37500.0,37500.0,37500.0,1,0.0,0.0
1989-06-22 00:00:00-04:00,37500.0,37500.0,37500.0,37500.0,1,0.0,0.0
1989-06-23 00:00:00-04:00,37500.0,37500.0,37500.0,37500.0,1,0.0,0.0
1989-06-26 00:00:00-04:00,37500.0,37500.0,37500.0,37500.0,1,0.0,0.0
1989-06-27 00:00:00-04:00,37500.0,37500.0,37500.0,37500.0,1,0.0,0.0
1989-06-28 00:00:00-04:00,37500.0,37500.0,37500.0,37500.0,2,0.0,0.0
1989-06-29 00:00:00-04:00,37500.0,37500.0,37500.0,37500.0,0,0.0,0.0
1989-06-30 00:00:00-04:00,37500.0,37500.0,37500.0,37500.0,0,0.0,0.0
1989-07-03 00:00:00-04:00,37500.0,37500.0,37500.0,37500.0,0,0.0,0.0
1989-07-05 00:00:00-04:00,37500.0,37500.0,37500.0,37500.0,1,0.0,0.0
1989-07-06 00:00:00-04:00,37500.0,37500.0,37500.0,37500.0,0,0.0,0.0
1989-07-07 00:00:00-04:00,37500.0,37500.0,28125.0,28125.0,2,0.0,0.0
1989-07-10 00:00:00-04:00,28125.0,37500.0,28125.0,28125.0,1,0.0,0.0
1989-07-11 00:00:00-04:00,28125.0,37500.0,28125.0,28125.0,0,0.0,0.0
1989-07-12 00:00:00-04:00,28125.0,37500.0,28125.0,28125.0,0,0.0,0.0
1989-07-13 00:00:00-04:00,28125.0,37500.0,28125.0,28125.0,1,0.0,0.0
1989-07-14 00:00:00-04:00,28125.0,37500.0,28125.0,28125.0,1,0.0,0.0
1989-07-17 00:00:00-04:00,28125.0,37500.0,28125.0,28125.0,0,0.0,0.0
1989-07-18 00:00:00-04:00,28125.0,37500.0,28125.0,28125.0,0,0.0,0.0
1989-07-19 00:00:00-04:00,28125.0,28125.0,28125.0,28125.0,0,0.0,0.0
1989-07-20 00:00:00-04:00,28125.0,28125.0,28125.0,28125.0,1,0.0,0.0
1989-07-21 00:00:00-04:00,28125.0,28125.0,28125.0,28125.0,1,0.0,0.0
1989-07-24 00:00:00-04:00,28125.0,28125.0,28125.0,28125.0,1,0.0,0.0
1989-07-25 00:00:00-04:00,28125.0,28125.0,28125.0,28125.0,8,0.0,0.0
1989-07-26 00:00:00-04:00,28125.0,28125.0,18750.0,18750.0,9,0.0,0.0
1989-07-27 00:00:00-04:00,18750.0,28125.0,18750.0,18750.0,3,0.0,0.0
1989-07-28 00:00:00-04:00,28125.0,28125.0,28125.0,28125.0,3,0.0,0.0
1989-07-31 00:00:00-04:00,28125.0,28125.0,28125.0,28125.0,1,0.0,0.0
1989-08-01 00:00:00-04:00,28125.0,28125.0,18750.0,18750.0,1,0.0,0.0
1989-08-02 00:00:00-04:00,18750.0,28125.0,18750.0,18750.0,1,0.0,0.0
1989-08-03 00:00:00-04:00,18750.0,28125.0,18750.0,18750.0,2,0.0,0.0
1989-08-04 00:00:00-04:00,18750.0,18750.0,18750.0,18750.0,2,0.0,0.0
1989-08-07 00:00:00-04:00,18750.0,18750.0,18750.0,18750.0,2,0.0,0.0
1989-08-08 00:00:00-04:00,18750.0,18750.0,18750.0,18750.0,2,0.0,0.0
1989-08-09 00:00:00-04:00,18750.0,18750.0,18750.0,18750.0,1,0.0,0.0
1989-08-10 00:00:00-04:00,18750.0,18750.0,18750.0,18750.0,0,0.0,0.0
1989-08-11 00:00:00-04:00,18750.0,18750.0,18750.0,18750.0,2,0.0,0.0
1989-08-14 00:00:00-04:00,18750.0,18750.0,18750.0,18750.0,0,0.0,0.0
1989-08-15 00:00:00-04:00,18750.0,28125.0,18750.0,18750.0,2,0.0,0.0
1989-08-16 00:00:00-04:00,18750.0,28125.0,18750.0,18750.0,7,0.0,0.0
1989-08-17 00:00:00-04:00,18750.0,28125.0,18750.0,18750.0,1,0.0,0.0
1989-08-18 00:00:00-04:00,18750.0,28125.0,18750.0,18750.0,2,0.0,0.0
1989-08-21 00:00:00-04:00,18750.0,28125.0,18750.0,18750.0,0,0.0,0.0
1989-08-22 00:00:00-04:00,18750.0,28125.0,18750.0,18750.0,0,0.0,0.0
1989-08-23 00:00:00-04:00,18750.0,18750.0,18750.0,18750.0,0,0.0,0.0
1989-08-24 00:00:00-04:00,18750.0,28125.0,18750.0,18750.0,1,0.0,0.0
1989-08-25 00:00:00-04:00,18750.0,28125.0,18750.0,18750.0,0,0.0,0.0
1989-08-28 00:00:00-04:00,18750.0,28125.0,18750.0,18750.0,0,0.0,0.0
1989-08-29 00:00:00-04:00,18750.0,28125.0,18750.0,18750.0,0,0.0,0.0
1989-08-30 00:00:00-04:00,18750.0,28125.0,18750.0,18750.0,0,0.0,0.0
1989-08-31 00:00:00-04:00,18750.0,28125.0,18750.0,18750.0,0,0.0,0.0
1989-09-01 00:00:00-04:00,18750.0,18750.0,18750.0,18750.0,1,0.0,0.0
1989-09-05 00:00:00-04:00,18750.0,18750.0,18750.0,18750.0,1,0.0,0.0
1989-09-06 00:00:00-04:00,18750.0,18750.0,18750.0,18750.0,0,0.0,0.0
1989-09-07 00:00:00-04:00,18750.0,18750.0,18750.0,18750.0,0,0.0,0.0
1989-09-08 00:00:00-04:00,18750.0,18750.0,18750.0,18750.0,3,0.0,0.0
1989-09-11 00:00:00-04:00,18750.0,18750.0,18750.0,18750.0,0,0.0,0.0
1989-09-12 00:00:00-04:00,18750.0,18750.0,18750.0,18750.0,2,0.0,0.0
1989-09-13 00:00:00-04:00,18750.0,28125.0,18750.0,18750.0,3,0.0,0.0
1989-09-14 00:00:00-04:00,18750.0,28125.0,18750.0,18750.0,1,0.0,0.0
1989-09-15 00:00:00-04:00,18750.0,28125.0,18750.0,18750.0,3,0.0,0.0
1989-09-18 00:00:00-04:00,18750.0,28125.0,18750.0,18750.0,0,0.0,0.0
1989-09-19 00:00:00-04:00,28125.0,28125.0,28125.0,28125.0,2,0.0,0.0
1989-09-20 00:00:00-04:00,28125.0,37500.0,28125.0,28125.0,2,0.0,0.0
1989-09-21 00:00:00-04:00,28125.0,37500.0,28125.0,28125.0,2,0.0,0.0
1989-09-22 00:00:00-04:00,28125.0,28125.0,28125.0,28125.0,2,0.0,0.0
1989-09-25 00:00:00-04:00,28125.0,28125.0,28125.0,28125.0,0,0.0,0.0
1989-09-26 00:00:00-04:00,28125.0,28125.0,28125.0,28125.0,0,0.0,0.0
1989-09-27 00:00:00-04:00,28125.0,28125.0,28125.0,28125.0,1,0.0,0.0
1989-09-28 00:00:00-04:00,28125.0,28125.0,28125.0,28125.0,2,0.0,0.0
1989-09-29 00:00:00-04:00,28125.0,28125.0,28125.0,28125.0,1,0.0,0.0
1989-10-02 00:00:00-04:00,28125.0,28125.0,18750.0,18750.0,0,0.0,0.0
1989-10-03 00:00:00-04:00,18750.0,28125.0,18750.0,18750.0,1,0.0,0.0
1989-10-04 00:00:00-04:00,18750.0,28125.0,18750.0,18750.0,0,0.0,0.0
1989-10-05 00:00:00-04:00,18750.0,28125.0,18750.0,18750.0,2,0.0,0.0
1989-10-06 00:00:00-04:00,28125.0,28125.0,28125.0,28125.0,1,0.0,0.0
1989-10-09 00:00:00-04:00,28125.0,28125.0,28125.0,28125.0,0,0.0,0.0
1989-10-10 00:00:00-04:00,28125.0,28125.0,28125.0,28125.0,2,0.0,0.0
1989-10-11 00:00:00-04:00,28125.0,28125.0,28125.0,28125.0,0,0.0,0.0
1989-10-12 00:00:00-04:00,28125.0,28125.0,28125.0,28125.0,0,0.0,0.0
1989-10-13 00:00:00-04:00,28125.0,28125.0,18750.0,18750.0,0,0.0,0.0
1989-10-16 00:00:00-04:00,18750.0,28125.0,18750.0,18750.0,0,0.0,0.0
1989-10-17 00:00:00-04:00,18750.0,28125.0,18750.0,18750.0,1,0.0,0.0
1989-10-18 00:00:00-04:00,18750.0,28125.0,18750.0,18750.0,1,0.0,0.0
1989-10-19 00:00:00-04:00,18750.0,28125.0,18750.0,18750.0,1,0.0,0.0
1989-10-20 00:00:00-04:00,28125.0,28125.0,28125.0,28125.0,1,0.0,0.0
1989-10-23 00:00:00-04:00,28125.0,28125.0,28125.0,28125.0,2,0.0,0.0
1989-10-24 00:00:00-04:00,28125.0,37500.0,28125.0,28125.0,5,0.0,0.0
1989-10-25 00:00:00-04:00,28125.0,28125.0,28125.0,28125.0,1,0.0,0.0
1989-10-26 00:00:00-04:00,28125.0,28125.0,28125.0,28125.0,1,0.0,0.0
1989-10-27 00:00:00-04:00,28125.0,37500.0,28125.0,28125.0,1,0.0,0.0
1989-10-30 00:00:00-05:00,28125.0,28125.0,28125.0,28125.0,0,0.0,0.0
1989-10-31 00:00:00-05:00,28125.0,28125.0,28125.0,28125.0,2,0.0,0.0
1989-11-01 00:00:00-05:00,28125.0,28125.0,28125.0,28125.0,1,0.0,0.0
1989-11-02 00:00:00-05:00,28125.0,37500.0,28125.0,28125.0,1,0.0,0.0
1989-11-03 00:00:00-05:00,28125.0,37500.0,28125.0,28125.0,1,0.0,0.0
1989-11-06 00:00:00-05:00,28125.0,28125.0,28125.0,28125.0,1,0.0,0.0
1989-11-07 00:00:00-05:00,28125.0,37500.0,28125.0,28125.0,1,0.0,0.0
1989-11-08 00:00:00-05:00,28125.0,28125.0,28125.0,28125.0,1,0.0,0.0
1989-11-09 00:00:00-05:00,28125.0,37500.0,28125.0,28125.0,1,0.0,0.0
1989-11-10 00:00:00-05:00,28125.0,37500.0,28125.0,28125.0,2,0.0,0.0
1989-11-13 00:00:00-05:00,28125.0,37500.0,28125.0,28125.0,1,0.0,0.0
1989-11-14 00:00:00-05:00,28125.0,28125.0,28125.0,28125.0,1,0.0,0.0
1989-11-15 00:00:00-05:00,28125.0,28125.0,28125.0,28125.0,2,0.0,0.0
1989-11-16 00:00:00-05:00,28125.0,28125.0,28125.0,28125.0,0,0.0,0.0
1989-11-17 00:00:00-05:00,28125.0,28125.0,28125.0,28125.0,1,0.0,0.0
1989-11-20 00:00:00-05:00,28125.0,28125.0,28125.0,28125.0,1,0.0,0.0
1989-11-21 00:00:00-05:00,28125.0,28125.0,28125.0,28125.0,1,0.0,0.0
1989-11-22 00:00:00-05:00,28125.0,37500.0,28125.0,28125.0,4,0.0,0.0
1989-11-24 00:00:00-05:00,28125.0,37500.0,28125.0,28125.0,0,0.0,0.0
1989-11-27 00:00:00-05:00,28125.0,28125.0,28125.0,28125.0,1,0.0,0.0
1989-11-28 00:00:00-05:00,28125.0,28125.0,28125.0,28125.0,1,0.0,0.0
1989-11-29 00:00:00-05:00,28125.0,28125.0,28125.0,28125.0,0,0.0,0.0
1989-11-30 00:00:00-05:00,28125.0,28125.0,28125.0,28125.0,1,0.0,0.0
1989-12-01 00:00:00-05:00,28125.0,37500.0,28125.0,28125.0,2,0.0,0.0
1989-12-04 00:00:00-05:00,28125.0,37500.0,28125.0,28125.0,1,0.0,0.0
1989-12-05 00:00:00-05:00,28125.0,37500.0,28125.0,28125.0,3,0.0,0.0
1989-12-06 00:00:00-05:00,28125.0,37500.0,28125.0,28125.0,2,0.0,0.0
1989-12-07 00:00:00-05:00,28125.0,37500.0,28125.0,28125.0,2,0.0,0.0
1989-12-08 00:00:00-05:00,28125.0,37500.0,28125.0,28125.0,2,0.0,0.0
1989-12-11 00:00:00-05:00,28125.0,37500.0,28125.0,28125.0,3,0.0,0.0
1989-12-12 00:00:00-05:00,37500.0,37500.0,37500.0,37500.0,3,0.0,0.0
1989-12-13 00:00:00-05:00,37500.0,37500.0,37500.0,37500.0,2,0.0,0.0
1989-12-14 00:00:00-05:00,37500.0,37500.0,37500.0,37500.0,1,0.0,0.0
1989-12-15 00:00:00-05:00,37500.0,37500.0,37500.0,37500.0,1,0.0,0.0
1989-12-18 00:00:00-05:00,37500.0,37500.0,37500.0,37500.0,2,0.0,0.0
1989-12-19 00:00:00-05:00,37500.0,37500.0,37500.0,37500.0,4,0.0,0.0
1989-12-20 00:00:00-05:00,37500.0,37500.0,37500.0,37500.0,4,0.0,0.0
1989-12-21 00:00:00-05:00,37500.0,37500.0,37500.0,37500.0,5,0.0,0.0
1989-12-22 00:00:00-05:00,37500.0,37500.0,37500.0,37500.0,0,0.0,0.0
1989-12-26 00:00:00-05:00,37500.0,37500.0,37500.0,37500.0,1,0.0,0.0
1989-12-27 00:00:00-05:00,37500.0,37500.0,37500.0,37500.0,2,0.0,0.0
1989-12-28 00:00:00-05:00,37500.0,37500.0,37500.0,37500.0,0,0.0,0.0
1989-12-29 00:00:00-05:00,37500.0,37500.0,37500.0,37500.0,1,0.0,0.0
1990-01-02 00:00:00-05:00,37500.0,37500.0,37500.0,37500.0,0,0.0,0.0
1990-01-03 00:00:00-05:00,37500.0,37500.0,37500.0,37500.0,1,0.0,0.0
1990-01-04 00:00:00-05:00,37500.0,37500.0,37500.0,37500.0,1,0.0,0.0
1990-01-05 00:00:00-05:00,37500.0,37500.0,37500.0,37500.0,2,0.0,0.0
1990-01-08 00:00:00-05:00,37500.0,37500.0,37500.0,37500.0,2,0.0,0.0
1990-01-09 00:00:00-05:00,37500.0,37500.0,37500.0,37500.0,2,0.0,0.0
1990-01-10 00:00:00-05:00,37500.0,37500.0,37500.0,37500.0,1,0.0,0.0
1990-01-11 00:00:00-05:00,37500.0,37500.0,37500.0,37500.0,2,0.0,0.0
1990-01-12 00:00:00-05:00,37500.0,37500.0,37500.0,37500.0,1,0.0,0.0
1990-01-15 00:00:00-05:00,37500.0,37500.0,37500.0,37500.0,0,0.0,0.0
1990-01-16 00:00:00-05:00,37500.0,37500.0,37500.0,37500.0,1,0.0,0.0
1990-01-17 00:00:00-05:00,37500.0,37500.0,37500.0,37500.0,1,0.0,0.0
1990-01-18 00:00:00-05:00,37500.0,37500.0,37500.0,37500.0,3,0.0,0.0
1990-01-19 00:00:00-05:00,37500.0,37500.0,37500.0,37500.0,3,0.0,0.0
1990-01-22 00:00:00-05:00,65625.0,65625.0,65625.0,65625.0,23,0.0,0.0
1990-01-23 00:00:00-05:00,75000.0,75000.0,75000.0,75000.0,19,0.0,0.0
1990-01-24 00:00:00-05:00,65625.0,65625.0,65625.0,65625.0,7,0.0,0.0
1990-01-25 00:00:00-05:00,84375.0,84375.0,84375.0,84375.0,12,0.0,0.0
1990-01-26 00:00:00-05:00,103125.0,103125.0,103125.0,103125.0,19,0.0,0.0
1990-01-29 00:00:00-05:00,140625.0,150000.0,140625.0,140625.0,19,0.0,0.0
1990-01-30 00:00:00-05:00,121875.0,121875.0,121875.0,121875.0,31,0.0,0.0
1990-01-31 00:00:00-05:00,84375.0,84375.0,75000.0,75000.0,25,0.0,0.0
1990-02-01 00:00:00-05:00,112500.0,112500.0,112500.0,112500.0,30,0.0,0.0
1990-02-02 00:00:00-05:00,112500.0,112500.0,112500.0,112500.0,13,0.0,0.0
1990-02-05 00:00:00-05:00,121875.0,131250.0,121875.0,121875.0,10,0.0,0.0
1990-02-06 00:00:00-05:00,131250.0,131250.0,131250.0,131250.0,9,0.0,0.0
1990-02-07 00:00:00-05:00,131250.0,131250.0,121875.0,121875.0,8,0.0,0.0
1990-02-08 00:00:00-05:00,121875.0,121875.0,121875.0,121875.0,4,0.0,0.0
1990-02-09 00:00:00-05:00,103125.0,103125.0,103125.0,103125.0,9,0.0,0.0
1990-02-12 00:00:00-05:00,112500.0,112500.0,112500.0,112500.0,5,0.0,0.0
1990-02-13 00:00:00-05:00,112500.0,112500.0,112500.0,112500.0,6,0.0,0.0
1990-02-14 00:00:00-05:00,112500.0,112500.0,112500.0,112500.0,8,0.0,0.0
1990-02-15 00:00:00-05:00,112500.0,121875.0,112500.0,112500.0,7,0.0,0.0
1990-02-16 00:00:00-05:00,121875.0,121875.0,121875.0,121875.0,4,0.0,0.0
1990-02-20 00:00:00-05:00,131250.0,131250.0,131250.0,131250.0,11,0.0,0.0
1990-02-21 00:00:00-05:00,131250.0,131250.0,131250.0,131250.0,7,0.0,0.0
1990-02-22 00:00:00-05:00,121875.0,121875.0,121875.0,121875.0,6,0.0,0.0
1990-02-23 00:00:00-05:00,121875.0,131250.0,121875.0,121875.0,4,0.0,0.0
1990-02-26 00:00:00-05:00,131250.0,131250.0,131250.0,131250.0,3,0.0,0.0
1990-02-27 00:00:00-05:00,131250.0,131250.0,131250.0,131250.0,8,0.0,0.0
1990-02-28 00:00:00-05:00,121875.0,121875.0,121875.0,121875.0,4,0.0,0.0
1990-03-01 00:00:00-05:00,121875.0,121875.0,121875.0,121875.0,3,0.0,0.0
1990-03-02 00:00:00-05:00,121875.0,121875.0,112500.0,112500.0,2,0.0,0.0
1990-03-05 00:00:00-05:00,112500.0,121875.0,112500.0,112500.0,2,0.0,0.0
1990-03-06 00:00:00-05:00,196875.0,196875.0,196875.0,196875.0,45,0.0,0.0
1990-03-07 00:00:00-05:00,187500.0,187500.0,187500.0,187500.0,38,0.0,0.0
1990-03-08 00:00:00-05:00,159375.0,159375.0,159375.0,159375.0,23,0.0,0.0
1990-03-09 00:00:00-05:00,178125.0,178125.0,178125.0,178125.0,15,0.0,0.0
1990-03-12 00:00:00-05:00,187500.0,187500.0,187500.0,187500.0,7,0.0,0.0
1990-03-13 00:00:00-05:00,168750.0,168750.0,168750.0,168750.0,8,0.0,0.0
1990-03-14 00:00:00-05:00,168750.0,168750.0,168750.0,168750.0,5,0.0,0.0
1990-03-15 00:00:00-05:00,168750.0,168750.0,168750.0,168750.0,5,0.0,0.0
1990-03-16 00:00:00-05:00,196875.0,196875.0,196875.0,196875.0,10,0.0,0.0
1990-03-19 00:00:00-05:00,187500.0,187500.0,187500.0,187500.0,6,0.0,0.0
1990-03-20 00:00:00-05:00,187500.0,187500.0,178125.0,178125.0,4,0.0,0.0
1990-03-21 00:00:00-05:00,178125.0,178125.0,168750.0,168750.0,3,0.0,0.0
1990-03-22 00:00:00-05:00,159375.0,159375.0,150000.0,150000.0,7,0.0,0.0
1990-03-23 00:00:00-05:00,150000.0,150000.0,150000.0,150000.0,6,0.0,0.0
1990-03-26 00:00:00-05:00,150000.0,159375.0,150000.0,150000.0,2,0.0,0.0
1990-03-27 00:00:00-05:00,150000.0,150000.0,140625.0,140625.0,5,0.0,0.0
1990-03-28 00:00:00-05:00,140625.0,150000.0,140625.0,140625.0,3,0.0,0.0
1990-03-29 00:00:00-05:00,159375.0,159375.0,159375.0,159375.0,6,0.0,0.0
1990-03-30 00:00:00-05:00,159375.0,159375.0,150000.0,150000.0,3,0.0,0.0
1990-04-02 00:00:00-04:00,150000.0,150000.0,150000.0,150000.0,2,0.0,0.0
1990-04-03 00:00:00-04:00,140625.0,140625.0,140625.0,140625.0,4,0.0,0.0
1990-04-04 00:00:00-04:00,131250.0,131250.0,121875.0,121875.0,6,0.0,0.0
1990-04-05 00:00:00-04:00,131250.0,131250.0,131250.0,131250.0,3,0.0,0.0
1990-04-06 00:00:00-04:00,140625.0,140625.0,140625.0,140625.0,4,0.0,0.0
1990-04-09 00:00:00-04:00,131250.0,131250.0,131250.0,131250.0,2,0.0,0.0
1990-04-10 00:00:00-04:00,131250.0,140625.0,131250.0,131250.0,5,0.0,0.0
1990-04-11 00:00:00-04:00,140625.0,140625.0,140625.0,140625.0,4,0.0,0.0
1990-04-12 00:00:00-04:00,140625.0,140625.0,140625.0,140625.0,4,0.0,0.0
1990-04-16 00:00:00-04:00,159375.0,159375.0,159375.0,159375.0,6,0.0,0.0
1990-04-17 00:00:00-04:00,150000.0,150000.0,150000.0,150000.0,5,0.0,0.0
1990-04-18 00:00:00-04:00,150000.0,150000.0,150000.0,150000.0,2,0.0,0.0
1990-04-19 00:00:00-04:00,150000.0,150000.0,140625.0,140625.0,3,0.0,0.0
1990-04-20 00:00:00-04:00,150000.0,159375.0,150000.0,150000.0,5,0.0,0.0
1990-04-23 00:00:00-04:00,150000.0,150000.0,150000.0,150000.0,3,0.0,0.0
1990-04-24 00:00:00-04:00,140625.0,140625.0,140625.0,140625.0,2,0.0,0.0
1990-04-25 00:00:00-04:00,140625.0,150000.0,140625.0,140625.0,2,0.0,0.0
1990-04-26 00:00:00-04:00,150000.0,150000.0,150000.0,150000.0,2,0.0,0.0
1990-04-27 00:00:00-04:00,140625.0,140625.0,140625.0,140625.0,3,0.0,0.0
1990-04-30 00:00:00-04:00,140625.0,140625.0,140625.0,140625.0,2,0.0,0.0
1990-05-01 00:00:00-04:00,140625.0,140625.0,140625.0,140625.0,1,0.0,0.0
1990-05-02 00:00:00-04:00,140625.0,140625.0,140625.0,140625.0,3,0.0,0.0
1990-05-03 00:00:00-04:00,140625.0,140625.0,140625.0,140625.0,2,0.0,0.0
1990-05-04 00:00:00-04:00,140625.0,150000.0,140625.0,140625.0,4,0.0,0.0
1990-05-07 00:00:00-04:00,150000.0,150000.0,150000.0,150000.0,3,0.0,0.0
1990-05-08 00:00:00-04:00,168750.0,168750.0,168750.0,168750.0,5,0.0,0.0
1990-05-09 00:00:00-04:00,168750.0,178125.0,168750.0,168750.0,8,0.0,0.0
1990-05-10 00:00:00-04:00,178125.0,178125.0,178125.0,178125.0,5,0.0,0.0
1990-05-11 00:00:00-04:00,178125.0,187500.0,178125.0,178125.0,6,0.0,0.0
1990-05-14 00:00:00-04:00,159375.0,159375.0,159375.0,159375.0,5,0.0,0.0
1990-05-15 00:00:00-04:00,159375.0,159375.0,159375.0,159375.0,4,0.0,0.0
1990-05-16 00:00:00-04:00,150000.0,150000.0,150000.0,150000.0,6,0.0,0.0
1990-05-17 00:00:00-04:00,150000.0,159375.0,150000.0,150000.0,4,0.0,0.0
1990-05-18 00:00:00-04:00,159375.0,159375.0,159375.0,159375.0,2,0.0,0.0
1990-05-21 00:00:00-04:00,159375.0,159375.0,150000.0,150000.0,2,0.0,0.0
1990-05-22 00:00:00-04:00,150000.0,159375.0,150000.0,150000.0,2,0.0,0.0
1990-05-23 00:00:00-04:00,150000.0,159375.0,150000.0,150000.0,2,0.0,0.0
1990-05-24 00:00:00-04:00,150000.0,159375.0,150000.0,150000.0,2,0.0,0.0
1990-05-25 00:00:00-04:00,168750.0,168750.0,168750.0,168750.0,3,0.0,0.0
1990-05-29 00:00:00-04:00,178125.0,178125.0,178125.0,178125.0,3,0.0,0.0
1990-05-30 00:00:00-04:00,178125.0,178125.0,168750.0,168750.0,5,0.0,0.0
1990-05-31 00:00:00-04:00,168750.0,178125.0,168750.0,168750.0,4,0.0,0.0
1990-06-01 00:00:00-04:00,178125.0,178125.0,178125.0,178125.0,2,0.0,0.0
1990-06-04 00:00:00-04:00,178125.0,178125.0,178125.0,178125.0,3,0.0,0.0
1990-06-05 00:00:00-04:00,178125.0,178125.0,178125.0,178125.0,6,0.0,0.0
1990-06-06 00:00:00-04:00,168750.0,168750.0,168750.0,168750.0,3,0.0,0.0
1990-06-07 00:00:00-04:00,168750.0,168750.0,168750.0,168750.0,3,0.0,0.0
1990-06-08 00:00:00-04:00,159375.0,159375.0,159375.0,159375.0,5,0.0,0.0
1990-06-11 00:00:00-04:00,159375.0,159375.0,159375.0,159375.0,1,0.0,0.0
1990-06-12 00:00:00-04:00,159375.0,168750.0,159375.0,159375.0,3,0.0,0.0
1990-06-13 00:00:00-04:00,168750.0,168750.0,168750.0,168750.0,4,0.0,0.0
1990-06-14 00:00:00-04:00,168750.0,168750.0,168750.0,168750.0,3,0.0,0.0
1990-06-15 00:00:00-04:00,168750.0,178125.0,168750.0,168750.0,3,0.0,0.0
1990-06-18 00:00:00-04:00,168750.0,178125.0,168750.0,168750.0,5,0.0,0.0
1990-06-19 00:00:00-04:00,178125.0,178125.0,178125.0,178125.0,6,0.0,0.0
1990-06-20 00:00:00-04:00,187500.0,187500.0,187500.0,187500.0,4,0.0,0.0
1990-06-21 00:00:00-04:00,187500.0,187500.0,178125.0,178125.0,4,0.0,0.0
1990-06-22 00:00:00-04:00,168750.0,168750.0,168750.0,168750.0,6,0.0,0.0
1990-06-25 00:00:00-04:00,150000.0,150000.0,150000.0,150000.0,10,0.0,0.0
1990-06-26 00:00:00-04:00,140625.0,140625.0,140625.0,140625.0,3,0.0,0.0
1990-06-27 00:00:00-04:00,131250.0,131250.0,131250.0,131250.0,3,0.0,0.0
1990-06-28 00:00:00-04:00,131250.0,131250.0,131250.0,131250.0,5,0.0,0.0
1990-06-29 00:00:00-04:00,121875.0,121875.0,121875.0,121875.0,3,0.0,0.0
1990-07-02 00:00:00-04:00,112500.0,112500.0,103125.0,103125.0,8,0.0,0.0
1990-07-03 00:00:00-04:00,121875.0,121875.0,121875.0,121875.0,8,0.0,0.0
1990-07-05 00:00:00-04:00,121875.0,121875.0,121875.0,121875.0,4,0.0,0.0
1990-07-06 00:00:00-04:00,121875.0,121875.0,121875.0,121875.0,3,0.0,0.0
1990-07-09 00:00:00-04:00,112500.0,112500.0,112500.0,112500.0,2,0.0,0.0
1990-07-10 00:00:00-04:00,112500.0,112500.0,112500.0,112500.0,2,0.0,0.0
1990-07-11 00:00:00-04:00,112500.0,121875.0,112500.0,112500.0,3,0.0,0.0
1990-07-12 00:00:00-04:00,121875.0,121875.0,121875.0,121875.0,3,0.0,0.0
1990-07-13 00:00:00-04:00,121875.0,121875.0,121875.0,121875.0,2,0.0,0.0
1990-07-16 00:00:00-04:00,121875.0,121875.0,112500.0,112500.0,1,0.0,0.0
1990-07-17 00:00:00-04:00,112500.0,112500.0,112500.0,112500.0,2,0.0,0.0
1990-07-18 00:00:00-04:00,112500.0,112500.0,103125.0,103125.0,4,0.0,0.0
1990-07-19 00:00:00-04:00,103125.0,112500.0,103125.0,103125.0,2,0.0,0.0
1990-07-20 00:00:00-04:00,103125.0,112500.0,103125.0,103125.0,3,0.0,0.0
1990-07-23 00:00:00-04:00,112500.0,112500.0,112500.0,112500.0,2,0.0,0.0
1990-07-24 00:00:00-04:00,112500.0,112500.0,112500.0,112500.0,2,0.0,0.0
1990-07-25 00:00:00-04:00,121875.0,131250.0,121875.0,121875.0,4,0.0,0.0
1990-07-26 00:00:00-04:00,131250.0,131250.0,131250.0,131250.0,4,0.0,0.0
1990-07-27 00:00:00-04:00,140625.0,140625.0,140625.0,140625.0,4,0.0,0.0
1990-07-30 00:00:00-04:00,140625.0,140625.0,140625.0,140625.0,3,0.0,0.0
1990-07-31 00:00:00-04:00,121875.0,121875.0,121875.0,121875.0,3,0.0,0.0
1990-08-01 00:00:00-04:00,112500.0,112500.0,112500.0,112500.0,2,0.0,0.0
1990-08-02 00:00:00-04:00,112500.0,112500.0,112500.0,112500.0,1,0.0,0.0
1990-08-03 00:00:00-04:00,112500.0,121875.0,112500.0,112500.0,2,0.0,0.0
1990-08-06 00:00:00-04:00,112500.0,121875.0,112500.0,112500.0,1,0.0,0.0
1990-08-07 00:00:00-04:00,121875.0,121875.0,121875.0,121875.0,4,0.0,0.0
1990-08-08 00:00:00-04:00,121875.0,121875.0,121875.0,121875.0,2,0.0,0.0
1990-08-09 00:00:00-04:00,121875.0,121875.0,121875.0,121875.0,3,0.0,0.0
1990-08-10 00:00:00-04:00,121875.0,121875.0,121875.0,121875.0,2,0.0,0.0
1990-08-13 00:00:00-04:00,112500.0,112500.0,103125.0,103125.0,2,0.0,0.0
1990-08-14 00:00:00-04:00,103125.0,103125.0,103125.0,103125.0,1,0.0,0.0
1990-08-15 00:00:00-04:00,103125.0,103125.0,103125.0,103125.0,3,0.0,0.0
1990-08-16 00:00:00-04:00,103125.0,103125.0,103125.0,103125.0,2,0.0,0.0
1990-08-17 00:00:00-04:00,93750.0,93750.0,93750.0,93750.0,2,0.0,0.0
1990-08-20 00:00:00-04:00,75000.0,75000.0,75000.0,75000.0,2,0.0,0.0
1990-08-21 00:00:00-04:00,84375.0,84375.0,84375.0,84375.0,2,0.0,0.0
1990-08-22 00:00:00-04:00,84375.0,84375.0,84375.0,84375.0,2,0.0,0.0
1990-08-23 00:00:00-04:00,84375.0,84375.0,84375.0,84375.0,3,0.0,0.0
1990-08-24 00:00:00-04:00,84375.0,93750.0,84375.0,84375.0,4,0.0,0.0
1990-08-27 00:00:00-04:00,84375.0,84375.0,84375.0,84375.0,1,0.0,0.0
1990-08-28 00:00:00-04:00,84375.0,84375.0,84375.0,84375.0,0,0.0,0.0
1990-08-29 00:00:00-04:00,84375.0,93750.0,84375.0,84375.0,2,0.0,0.0
1990-08-30 00:00:00-04:00,93750.0,93750.0,93750.0,93750.0,2,0.0,0.0
1990-08-31 00:00:00-04:00,93750.0,93750.0,84375.0,84375.0,1,0.0,0.0
1990-09-04 00:00:00-04:00,84375.0,93750.0,84375.0,84375.0,1,0.0,0.0
1990-09-05 00:00:00-04:00,93750.0,93750.0,93750.0,93750.0,2,0.0,0.0
1990-09-06 00:00:00-04:00,93750.0,93750.0,93750.0,93750.0,1,0.0,0.0
1990-09-07 00:00:00-04:00,93750.0,93750.0,93750.0,93750.0,1,0.0,0.0
1990-09-10 00:00:00-04:00,93750.0,93750.0,93750.0,93750.0,1,0.0,0.0
1990-09-11 00:00:00-04:00,93750.0,93750.0,84375.0,84375.0,1,0.0,0.0
1990-09-12 00:00:00-04:00,84375.0,84375.0,84375.0,84375.0,1,0.0,0.0
1990-09-13 00:00:00-04:00,84375.0,84375.0,84375.0,84375.0,3,0.0,0.0
1990-09-14 00:00:00-04:00,112500.0,121875.0,112500.0,112500.0,5,0.0,0.0
1990-09-17 00:00:00-04:00,112500.0,121875.0,112500.0,112500.0,12,0.0,0.0
1990-09-18 00:00:00-04:00,103125.0,103125.0,103125.0,103125.0,4,0.0,0.0
1990-09-19 00:00:00-04:00,93750.0,93750.0,93750.0,93750.0,2,0.0,0.0
1990-09-20 00:00:00-04:00,93750.0,93750.0,93750.0,93750.0,8,0.0,0.0
1990-09-21 00:00:00-04:00,93750.0,103125.0,93750.0,93750.0,5,0.0,0.0
1990-09-24 00:00:00-04:00,93750.0,93750.0,93750.0,93750.0,1,0.0,0.0
1990-09-25 00:00:00-04:00,103125.0,103125.0,103125.0,103125.0,3,0.0,0.0
1990-09-26 00:00:00-04:00,93750.0,93750.0,93750.0,93750.0,1,0.0,0.0
1990-09-27 00:00:00-04:00,93750.0,93750.0,93750.0,93750.0,1,0.0,0.0
1990-09-28 00:00:00-04:00,93750.0,93750.0,84375.0,84375.0,1,0.0,0.0
1990-10-01 00:00:00-04:00,93750.0,93750.0,93750.0,93750.0,1,0.0,0.0
1990-10-02 00:00:00-04:00,93750.0,93750.0,84375.0,84375.0,1,0.0,0.0
1990-10-03 00:00:00-04:00,84375.0,84375.0,84375.0,84375.0,2,0.0,0.0
1990-10-04 00:00:00-04:00,75000.0,75000.0,75000.0,75000.0,5,0.0,0.0
1990-10-05 00:00:00-04:00,65625.0,65625.0,65625.0,65625.0,10,0.0,0.0
1990-10-08 00:00:00-04:00,65625.0,65625.0,65625.0,65625.0,1,0.0,0.0
1990-10-09 00:00:00-04:00,65625.0,75000.0,65625.0,65625.0,3,0.0,0.0
1990-10-10 00:00:00-04:00,75000.0,75000.0,75000.0,75000.0,3,0.0,0.0
1990-10-11 00:00:00-04:00,75000.0,75000.0,75000.0,75000.0,2,0.0,0.0
1990-10-12 00:00:00-04:00,75000.0,75000.0,75000.0,75000.0,1,0.0,0.0
1990-10-15 00:00:00-04:00,75000.0,75000.0,75000.0,75000.0,1,0.0,0.0
1990-10-16 00:00:00-04:00,75000.0,75000.0,75000.0,75000.0,1,0.0,0.0
1990-10-17 00:00:00-04:00,75000.0,75000.0,65625.0,65625.0,1,0.0,0.0
1990-10-18 00:00:00-04:00,75000.0,75000.0,75000.0,75000.0,3,0.0,0.0
1990-10-19 00:00:00-04:00,75000.0,75000.0,75000.0,75000.0,5,0.0,0.0
1990-10-22 00:00:00-04:00,75000.0,75000.0,75000.0,75000.0,3,0.0,0.0
1990-10-23 00:00:00-04:00,75000.0,75000.0,75000.0,75000.0,0,0.0,0.0
1990-10-24 00:00:00-04:00,75000.0,75000.0,65625.0,65625.0,2,0.0,0.0
1990-10-25 00:00:00-04:00,75000.0,75000.0,75000.0,75000.0,1,0.0,0.0
1990-10-26 00:00:00-04:00,75000.0,75000.0,65625.0,65625.0,1,0.0,0.0
1990-10-29 00:00:00-05:00,65625.0,75000.0,65625.0,65625.0,3,0.0,0.0
1990-10-30 00:00:00-05:00,65625.0,65625.0,65625.0,65625.0,3,0.0,0.0
1990-10-31 00:00:00-05:00,65625.0,65625.0,65625.0,65625.0,1,0.0,0.0
1990-11-01 00:00:00-05:00,56250.0,56250.0,56250.0,56250.0,2,0.0,0.0
1990-11-02 00:00:00-05:00,56250.0,65625.0,56250.0,56250.0,1,0.0,0.0
1990-11-05 00:00:00-05:00,56250.0,65625.0,56250.0,56250.0,1,0.0,0.0
1990-11-06 00:00:00-05:00,65625.0,65625.0,65625.0,65625.0,2,0.0,0.0
1990-11-07 00:00:00-05:00,75000.0,75000.0,75000.0,75000.0,5,0.0,0.0
1990-11-08 00:00:00-05:00,75000.0,75000.0,65625.0,65625.0,2,0.0,0.0
1990-11-09 00:00:00-05:00,65625.0,75000.0,65625.0,65625.0,1,0.0,0.0
1990-11-12 00:00:00-05:00,75000.0,75000.0,75000.0,75000.0,1,0.0,0.0
1990-11-13 00:00:00-05:00,75000.0,75000.0,65625.0,65625.0,2,0.0,0.0
1990-11-14 00:00:00-05:00,65625.0,65625.0,56250.0,56250.0,2,0.0,0.0
1990-11-15 00:00:00-05:00,65625.0,65625.0,65625.0,65625.0,2,0.0,0.0
1990-11-16 00:00:00-05:00,65625.0,65625.0,65625.0,65625.0,1,0.0,0.0
1990-11-19 00:00:00-05:00,65625.0,65625.0,56250.0,56250.0,1,0.0,0.0
1990-11-20 00:00:00-05:00,56250.0,65625.0,56250.0,56250.0,1,0.0,0.0
1990-11-21 00:00:00-05:00,56250.0,65625.0,56250.0,56250.0,1,0.0,0.0
1990-11-23 00:00:00-05:00,56250.0,65625.0,56250.0,56250.0,1,0.0,0.0
1990-11-26 00:00:00-05:00,56250.0,65625.0,56250.0,56250.0,1,0.0,0.0
1990-11-27 00:00:00-05:00,56250.0,65625.0,56250.0,56250.0,2,0.0,0.0
1990-11-28 00:00:00-05:00,56250.0,56250.0,56250.0,56250.0,2,0.0,0.0
1990-11-29 00:00:00-05:00,56250.0,56250.0,56250.0,56250.0,1,0.0,0.0
1990-11-30 00:00:00-05:00,56250.0,56250.0,56250.0,56250.0,1,0.0,0.0
1990-12-03 00:00:00-05:00,56250.0,56250.0,56250.0,56250.0,1,0.0,0.0
1990-12-04 00:00:00-05:00,56250.0,56250.0,56250.0,56250.0,1,0.0,0.0
1990-12-05 00:00:00-05:00,46875.0,46875.0,46875.0,46875.0,2,0.0,0.0
1990-12-06 00:00:00-05:00,46875.0,56250.0,46875.0,46875.0,2,0.0,0.0
1990-12-07 00:00:00-05:00,46875.0,46875.0,46875.0,46875.0,2,0.0,0.0
1990-12-10 00:00:00-05:00,46875.0,56250.0,46875.0,46875.0,1,0.0,0.0
1990-12-11 00:00:00-05:00,46875.0,56250.0,46875.0,46875.0,1,0.0,0.0
1990-12-12 00:00:00-05:00,46875.0,56250.0,46875.0,46875.0,1,0.0,0.0
1990-12-13 00:00:00-05:00,56250.0,56250.0,56250.0,56250.0,2,0.0,0.0
1990-12-14 00:00:00-05:00,56250.0,56250.0,56250.0,56250.0,1,0.0,0.0
1990-12-17 00:00:00-05:00,56250.0,56250.0,46875.0,46875.0,1,0.0,0.0
1990-12-18 00:00:00-05:00,46875.0,56250.0,46875.0,46875.0,2,0.0,0.0
1990-12-19 00:00:00-05:00,56250.0,56250.0,56250.0,56250.0,2,0.0,0.0
1990-12-20 00:00:00-05:00,56250.0,56250.0,46875.0,46875.0,2,0.0,0.0
1990-12-21 00:00:00-05:00,46875.0,56250.0,46875.0,46875.0,2,0.0,0.0
1990-12-24 00:00:00-05:00,46875.0,56250.0,46875.0,46875.0,1,0.0,0.0
1990-12-26 00:00:00-05:00,46875.0,46875.0,46875.0,46875.0,1,0.0,0.0
1990-12-27 00:00:00-05:00,46875.0,46875.0,46875.0,46875.0,1,0.0,0.0
1990-12-28 00:00:00-05:00,46875.0,46875.0,46875.0,46875.0,3,0.0,0.0
1990-12-31 00:00:00-05:00,46875.0,46875.0,46875.0,46875.0,3,0.0,0.0
1991-01-02 00:00:00-05:00,46875.0,46875.0,46875.0,46875.0,1,0.0,0.0
1991-01-03 00:00:00-05:00,46875.0,56250.0,46875.0,46875.0,4,0.0,0.0
1991-01-04 00:00:00-05:00,56250.0,56250.0,56250.0,56250.0,2,0.0,0.0
1991-01-07 00:00:00-05:00,56250.0,56250.0,46875.0,46875.0,2,0.0,0.0
1991-01-08 00:00:00-05:00,46875.0,56250.0,46875.0,46875.0,2,0.0,0.0
1991-01-09 00:00:00-05:00,46875.0,56250.0,46875.0,46875.0,3,0.0,0.0
1991-01-10 00:00:00-05:00,56250.0,56250.0,56250.0,56250.0,1,0.0,0.0
1991-01-11 00:00:00-05:00,56250.0,56250.0,56250.0,56250.0,1,0.0,0.0
1991-01-14 00:00:00-05:00,56250.0,56250.0,46875.0,46875.0,2,0.0,0.0
1991-01-15 00:00:00-05:00,46875.0,56250.0,46875.0,46875.0,1,0.0,0.0
1991-01-16 00:00:00-05:00,56250.0,56250.0,56250.0,56250.0,0,0.0,0.0
1991-01-17 00:00:00-05:00,56250.0,56250.0,56250.0,56250.0,1,0.0,0.0
1991-01-18 00:00:00-05:00,56250.0,56250.0,56250.0,56250.0,0,0.0,0.0
1991-01-21 00:00:00-05:00,56250.0,56250.0,46875.0,46875.0,1,0.0,0.0
1991-01-22 00:00:00-05:00,46875.0,56250.0,46875.0,46875.0,1,0.0,0.0
1991-01-23 00:00:00-05:00,46875.0,56250.0,46875.0,46875.0,2,0.0,0.0
1991-01-24 00:00:00-05:00,46875.0,56250.0,46875.0,46875.0,1,0.0,0.0
1991-01-25 00:00:00-05:00,46875.0,56250.0,46875.0,46875.0,2,0.0,0.0
1991-01-28 00:00:00-05:00,46875.0,46875.0,46875.0,46875.0,2,0.0,0.0
1991-01-29 00:00:00-05:00,46875.0,46875.0,46875.0,46875.0,3,0.0,0.0
1991-01-30 00:00:00-05:00,46875.0,46875.0,46875.0,46875.0,2,0.0,0.0
1991-01-31 00:00:00-05:00,46875.0,46875.0,46875.0,46875.0,5,0.0,0.0
1991-02-01 00:00:00-05:00,46875.0,46875.0,46875.0,46875.0,4,0.0,0.0
1991-02-04 00:00:00-05:00,46875.0,46875.0,46875.0,46875.0,1,0.0,0.0
1991-02-05 00:00:00-05:00,46875.0,56250.0,46875.0,46875.0,2,0.0,0.0
1991-02-06 00:00:00-05:00,46875.0,56250.0,46875.0,46875.0,1,0.0,0.0
1991-02-07 00:00:00-05:00,56250.0,56250.0,56250.0,56250.0,5,0.0,0.0
1991-02-08 00:00:00-05:00,56250.0,65625.0,56250.0,56250.0,4,0.0,0.0
1991-02-11 00:00:00-05:00,65625.0,65625.0,65625.0,65625.0,6,0.0,0.0
1991-02-12 00:00:00-05:00,65625.0,75000.0,65625.0,65625.0,8,0.0,0.0
1991-02-13 00:00:00-05:00,84375.0,93750.0,84375.0,84375.0,11,0.0,0.0
1991-02-14 00:00:00-05:00,84375.0,93750.0,84375.0,84375.0,10,0.0,0.0
1991-02-15 00:00:00-05:00,84375.0,93750.0,84375.0,84375.0,4,0.0,0.0
1991-02-19 00:00:00-05:00,84375.0,84375.0,84375.0,84375.0,3,0.0,0.0
1991-02-20 00:00:00-05:00,84375.0,93750.0,84375.0,84375.0,6,0.0,0.0
1991-02-21 00:00:00-05:00,93750.0,93750.0,93750.0,93750.0,4,0.0,0.0
1991-02-22 00:00:00-05:00,93750.0,93750.0,93750.0,93750.0,3,0.0,0.0
1991-02-25 00:00:00-05:00,75000.0,75000.0,75000.0,75000.0,5,0.0,0.0
1991-02-26 00:00:00-05:00,75000.0,75000.0,75000.0,75000.0,2,0.0,0.0
1991-02-27 00:00:00-05:00,75000.0,84375.0,75000.0,75000.0,2,0.0,0.0
1991-02-28 00:00:00-05:00,84375.0,84375.0,84375.0,84375.0,4,0.0,0.0
1991-03-01 00:00:00-05:00,84375.0,84375.0,84375.0,84375.0,2,0.0,0.0
1991-03-04 00:00:00-05:00,84375.0,84375.0,84375.0,84375.0,2,0.0,0.0
1991-03-05 00:00:00-05:00,84375.0,84375.0,84375.0,84375.0,1,0.0,0.0
1991-03-06 00:00:00-05:00,84375.0,93750.0,84375.0,84375.0,4,0.0,0.0
1991-03-07 00:00:00-05:00,84375.0,93750.0,84375.0,84375.0,4,0.0,0.0
1991-03-08 00:00:00-05:00,93750.0,93750.0,93750.0,93750.0,9,0.0,0.0
1991-03-11 00:00:00-05:00,103125.0,103125.0,103125.0,103125.0,8,0.0,0.0
1991-03-12 00:00:00-05:00,103125.0,103125.0,93750.0,93750.0,5,0.0,0.0
1991-03-13 00:00:00-05:00,93750.0,93750.0,93750.0,93750.0,4,0.0,0.0
1991-03-14 00:00:00-05:00,93750.0,93750.0,84375.0,84375.0,4,0.0,0.0
1991-03-15 00:00:00-05:00,84375.0,93750.0,84375.0,84375.0,4,0.0,0.0
1991-03-18 00:00:00-05:00,84375.0,84375.0,84375.0,84375.0,1,0.0,0.0
1991-03-19 00:00:00-05:00,84375.0,84375.0,84375.0,84375.0,2,0.0,0.0
1991-03-20 00:00:00-05:00,84375.0,84375.0,84375.0,84375.0,2,0.0,0.0
1991-03-21 00:00:00-05:00,84375.0,84375.0,84375.0,84375.0,2,0.0,0.0
1991-03-22 00:00:00-05:00,84375.0,84375.0,84375.0,84375.0,6,0.0,0.0
1991-03-25 00:00:00-05:00,84375.0,84375.0,84375.0,84375.0,3,0.0,0.0
1991-03-26 00:00:00-05:00,84375.0,84375.0,84375.0,84375.0,2,0.0,0.0
1991-03-27 00:00:00-05:00,84375.0,93750.0,84375.0,84375.0,2,0.0,0.0
1991-03-28 00:00:00-05:00,93750.0,93750.0,93750.0,93750.0,3,0.0,0.0
1991-04-01 00:00:00-05:00,93750.0,93750.0,93750.0,93750.0,2,0.0,0.0
1991-04-02 00:00:00-05:00,93750.0,93750.0,93750.0,93750.0,4,0.0,0.0
1991-04-03 00:00:00-05:00,103125.0,103125.0,103125.0,103125.0,4,0.0,0.0
1991-04-04 00:00:00-05:00,103125.0,103125.0,93750.0,93750.0,5,0.0,0.0
1991-04-05 00:00:00-05:00,93750.0,103125.0,93750.0,93750.0,2,0.0,0.0
1991-04-08 00:00:00-04:00,93750.0,103125.0,93750.0,93750.0,1,0.0,0.0
1991-04-09 00:00:00-04:00,93750.0,103125.0,93750.0,93750.0,1,0.0,0.0
1991-04-10 00:00:00-04:00,93750.0,93750.0,93750.0,93750.0,2,0.0,0.0
1991-04-11 00:00:00-04:00,93750.0,93750.0,93750.0,93750.0,1,0.0,0.0
1991-04-12 00:00:00-04:00,93750.0,103125.0,93750.0,93750.0,1,0.0,0.0
1991-04-15 00:00:00-04:00,93750.0,103125.0,93750.0,93750.0,3,0.0,0.0
1991-04-16 00:00:00-04:00,103125.0,103125.0,103125.0,103125.0,3,0.0,0.0
1991-04-17 00:00:00-04:00,103125.0,112500.0,103125.0,103125.0,7,0.0,0.0
1991-04-18 00:00:00-04:00,112500.0,112500.0,112500.0,112500.0,4,0.0,0.0
1991-04-19 00:00:00-04:00,112500.0,112500.0,112500.0,112500.0,5,0.0,0.0
1991-04-22 00:00:00-04:00,103125.0,103125.0,103125.0,103125.0,2,0.0,0.0
1991-04-23 00:00:00-04:00,103125.0,112500.0,103125.0,103125.0,4,0.0,0.0
1991-04-24 00:00:00-04:00,103125.0,103125.0,103125.0,103125.0,2,0.0,0.0
1991-04-25 00:00:00-04:00,103125.0,103125.0,103125.0,103125.0,1,0.0,0.0
1991-04-26 00:00:00-04:00,103125.0,103125.0,103125.0,103125.0,3,0.0,0.0
1991-04-29 00:00:00-04:00,103125.0,103125.0,103125.0,103125.0,5,0.0,0.0
1991-04-30 00:00:00-04:00,103125.0,103125.0,103125.0,103125.0,3,0.0,0.0
1991-05-01 00:00:00-04:00,103125.0,103125.0,103125.0,103125.0,1,0.0,0.0
1991-05-02 00:00:00-04:00,103125.0,103125.0,103125.0,103125.0,3,0.0,0.0
1991-05-03 00:00:00-04:00,112500.0,112500.0,112500.0,112500.0,10,0.0,0.0
1991-05-06 00:00:00-04:00,112500.0,112500.0,112500.0,112500.0,5,0.0,0.0
1991-05-07 00:00:00-04:00,112500.0,121875.0,112500.0,112500.0,4,0.0,0.0
1991-05-08 00:00:00-04:00,112500.0,121875.0,112500.0,112500.0,5,0.0,0.0
1991-05-09 00:00:00-04:00,112500.0,121875.0,112500.0,112500.0,2,0.0,0.0
1991-05-10 00:00:00-04:00,112500.0,112500.0,103125.0,103125.0,2,0.0,0.0
1991-05-13 00:00:00-04:00,103125.0,103125.0,103125.0,103125.0,2,0.0,0.0
1991-05-14 00:00:00-04:00,103125.0,103125.0,103125.0,103125.0,1,0.0,0.0
1991-05-15 00:00:00-04:00,103125.0,103125.0,103125.0,103125.0,1,0.0,0.0
1991-05-16 00:00:00-04:00,103125.0,103125.0,103125.0,103125.0,2,0.0,0.0
1991-05-17 00:00:00-04:00,103125.0,103125.0,103125.0,103125.0,2,0.0,0.0
1991-05-20 00:00:00-04:00,103125.0,103125.0,103125.0,103125.0,1,0.0,0.0
1991-05-21 00:00:00-04:00,103125.0,103125.0,93750.0,93750.0,3,0.0,0.0
1991-05-22 00:00:00-04:00,93750.0,103125.0,93750.0,93750.0,4,0.0,0.0
1991-05-23 00:00:00-04:00,103125.0,103125.0,103125.0,103125.0,10,0.0,0.0
1991-05-24 00:00:00-04:00,103125.0,112500.0,103125.0,103125.0,5,0.0,0.0
1991-05-28 00:00:00-04:00,103125.0,112500.0,103125.0,103125.0,2,0.0,0.0
1991-05-29 00:00:00-04:00,112500.0,112500.0,112500.0,112500.0,1,0.0,0.0
1991-05-30 00:00:00-04:00,112500.0,112500.0,103125.0,103125.0,2,0.0,0.0
1991-05-31 00:00:00-04:00,103125.0,112500.0,103125.0,103125.0,2,0.0,0.0
1991-06-03 00:00:00-04:00,112500.0,121875.0,112500.0,112500.0,6,0.0,0.0
1991-06-04 00:00:00-04:00,112500.0,121875.0,112500.0,112500.0,3,0.0,0.0
1991-06-05 00:00:00-04:00,112500.0,112500.0,112500.0,112500.0,2,0.0,0.0
1991-06-06 00:00:00-04:00,112500.0,112500.0,103125.0,103125.0,1,0.0,0.0
1991-06-07 00:00:00-04:00,103125.0,112500.0,103125.0,103125.0,2,0.0,0.0
1991-06-10 00:00:00-04:00,103125.0,112500.0,103125.0,103125.0,2,0.0,0.0
1991-06-11 00:00:00-04:00,103125.0,112500.0,103125.0,103125.0,1,0.0,0.0
1991-06-12 00:00:00-04:00,103125.0,103125.0,103125.0,103125.0,2,0.0,0.0
1991-06-13 00:00:00-04:00,103125.0,103125.0,93750.0,93750.0,1,0.0,0.0
1991-06-14 00:00:00-04:00,93750.0,93750.0,93750.0,93750.0,2,0.0,0.0
1991-06-17 00:00:00-04:00,103125.0,103125.0,103125.0,103125.0,7,0.0,0.0
1991-06-18 00:00:00-04:00,103125.0,103125.0,103125.0,103125.0,6,0.0,0.0
1991-06-19 00:00:00-04:00,103125.0,103125.0,103125.0,103125.0,6,0.0,0.0
1991-06-20 00:00:00-04:00,103125.0,103125.0,103125.0,103125.0,2,0.0,0.0
1991-06-21 00:00:00-04:00,103125.0,112500.0,103125.0,103125.0,3,0.0,0.0
1991-06-24 00:00:00-04:00,103125.0,112500.0,103125.0,103125.0,2,0.0,0.0
1991-06-25 00:00:00-04:00,103125.0,112500.0,103125.0,103125.0,1,0.0,0.0
1991-06-26 00:00:00-04:00,103125.0,103125.0,103125.0,103125.0,2,0.0,0.0
1991-06-27 00:00:00-04:00,103125.0,103125.0,103125.0,103125.0,2,0.0,0.0
1991-06-28 00:00:00-04:00,103125.0,103125.0,103125.0,103125.0,3,0.0,0.0
1991-07-01 00:00:00-04:00,103125.0,103125.0,103125.0,103125.0,1,0.0,0.0
1991-07-02 00:00:00-04:00,103125.0,103125.0,103125.0,103125.0,2,0.0,0.0
1991-07-03 00:00:00-04:00,103125.0,103125.0,103125.0,103125.0,2,0.0,0.0
1991-07-05 00:00:00-04:00,103125.0,103125.0,103125.0,103125.0,0,0.0,0.0
1991-07-08 00:00:00-04:00,103125.0,103125.0,93750.0,93750.0,2,0.0,0.0
1991-07-09 00:00:00-04:00,93750.0,103125.0,93750.0,93750.0,2,0.0,0.0
1991-07-10 00:00:00-04:00,93750.0,103125.0,93750.0,93750.0,2,0.0,0.0
1991-07-11 00:00:00-04:00,93750.0,103125.0,93750.0,93750.0,1,0.0,0.0
1991-07-12 00:00:00-04:00,93750.0,103125.0,93750.0,93750.0,1,0.0,0.0
1991-07-15 00:00:00-04:00,93750.0,103125.0,93750.0,93750.0,2,0.0,0.0
1991-07-16 00:00:00-04:00,93750.0,93750.0,93750.0,93750.0,2,0.0,0.0
1991-07-17 00:00:00-04:00,93750.0,93750.0,93750.0,93750.0,2,0.0,0.0
1991-07-18 00:00:00-04:00,93750.0,93750.0,93750.0,93750.0,1,0.0,0.0
1991-07-19 00:00:00-04:00,93750.0,93750.0,93750.0,93750.0,2,0.0,0.0
1991-07-22 00:00:00-04:00,93750.0,93750.0,93750.0,93750.0,1,0.0,0.0
1991-07-23 00:00:00-04:00,93750.0,93750.0,93750.0,93750.0,1,0.0,0.0
1991-07-24 00:00:00-04:00,93750.0,93750.0,93750.0,93750.0,2,0.0,0.0
1991-07-25 00:00:00-04:00,93750.0,93750.0,84375.0,84375.0,3,0.0,0.0
1991-07-26 00:00:00-04:00,93750.0,93750.0,93750.0,93750.0,2,0.0,0.0
1991-07-29 00:00:00-04:00,93750.0,93750.0,93750.0,93750.0,1,0.0,0.0
1991-07-30 00:00:00-04:00,93750.0,93750.0,93750.0,93750.0,1,0.0,0.0
1991-07-31 00:00:00-04:00,93750.0,93750.0,84375.0,84375.0,2,0.0,0.0
1991-08-01 00:00:00-04:00,84375.0,93750.0,84375.0,84375.0,1,0.0,0.0
1991-08-02 00:00:00-04:00,84375.0,93750.0,84375.0,84375.0,2,0.0,0.0
1991-08-05 00:00:00-04:00,84375.0,93750.0,84375.0,84375.0,1,0.0,0.0
1991-08-06 00:00:00-04:00,84375.0,84375.0,84375.0,84375.0,2,0.0,0.0
1991-08-07 00:00:00-04:00,84375.0,84375.0,84375.0,84375.0,1,0.0,0.0
1991-08-08 00:00:00-04:00,84375.0,84375.0,84375.0,84375.0,2,0.0,0.0
1991-08-09 00:00:00-04:00,84375.0,84375.0,84375.0,84375.0,1,0.0,0.0
1991-08-12 00:00:00-04:00,84375.0,93750.0,84375.0,84375.0,1,0.0,0.0
1991-08-13 00:00:00-04:00,84375.0,84375.0,84375.0,84375.0,2,0.0,0.0
1991-08-14 00:00:00-04:00,75000.0,75000.0,75000.0,75000.0,2,0.0,0.0
1991-08-15 00:00:00-04:00,84375.0,84375.0,84375.0,84375.0,3,0.0,0.0
1991-08-16 00:00:00-04:00,84375.0,84375.0,84375.0,84375.0,2,0.0,0.0
1991-08-19 00:00:00-04:00,75000.0,75000.0,65625.0,65625.0,3,0.0,0.0
1991-08-20 00:00:00-04:00,75000.0,75000.0,75000.0,75000.0,1,0.0,0.0
1991-08-21 00:00:00-04:00,75000.0,84375.0,75000.0,75000.0,4,0.0,0.0
1991-08-22 00:00:00-04:00,84375.0,84375.0,84375.0,84375.0,4,0.0,0.0
1991-08-23 00:00:00-04:00,84375.0,84375.0,84375.0,84375.0,2,0.0,0.0
1991-08-26 00:00:00-04:00,84375.0,84375.0,84375.0,84375.0,1,0.0,0.0
1991-08-27 00:00:00-04:00,84375.0,84375.0,84375.0,84375.0,2,0.0,0.0
1991-08-28 00:00:00-04:00,84375.0,93750.0,84375.0,84375.0,2,0.0,0.0
1991-08-29 00:00:00-04:00,84375.0,93750.0,84375.0,84375.0,2,0.0,0.0
1991-08-30 00:00:00-04:00,84375.0,93750.0,84375.0,84375.0,1,0.0,0.0
1991-09-03 00:00:00-04:00,84375.0,93750.0,84375.0,84375.0,1,0.0,0.0
1991-09-04 00:00:00-04:00,93750.0,93750.0,93750.0,93750.0,1,0.0,0.0
1991-09-05 00:00:00-04:00,93750.0,93750.0,93750.0,93750.0,1,0.0,0.0
1991-09-06 00:00:00-04:00,93750.0,93750.0,84375.0,84375.0,3,0.0,0.0
1991-09-09 00:00:00-04:00,84375.0,93750.0,84375.0,84375.0,1,0.0,0.0
1991-09-10 00:00:00-04:00,84375.0,84375.0,84375.0,84375.0,1,0.0,0.0
1991-09-11 00:00:00-04:00,84375.0,84375.0,84375.0,84375.0,2,0.0,0.0
1991-09-12 00:00:00-04:00,84375.0,84375.0,84375.0,84375.0,3,0.0,0.0
1991-09-13 00:00:00-04:00,84375.0,84375.0,84375.0,84375.0,3,0.0,0.0
1991-09-16 00:00:00-04:00,84375.0,84375.0,84375.0,84375.0,2,0.0,0.0
1991-09-17 00:00:00-04:00,84375.0,84375.0,84375.0,84375.0,0,0.0,0.0
1991-09-18 00:00:00-04:00,84375.0,84375.0,84375.0,84375.0,3,0.0,0.0
1991-09-19 00:00:00-04:00,84375.0,84375.0,84375.0,84375.0,4,0.0,0.0
1991-09-20 00:00:00-04:00,103125.0,103125.0,103125.0,103125.0,10,0.0,0.0
1991-09-23 00:00:00-04:00,103125.0,112500.0,103125.0,103125.0,10,0.0,0.0
1991-09-24 00:00:00-04:00,103125.0,112500.0,103125.0,103125.0,7,0.0,0.0
1991-09-25 00:00:00-04:00,103125.0,103125.0,103125.0,103125.0,4,0.0,0.0
1991-09-26 00:00:00-04:00,112500.0,112500.0,112500.0,112500.0,10,0.0,0.0
1991-09-27 00:00:00-04:00,131250.0,131250.0,131250.0,131250.0,23,0.0,0.0
1991-09-30 00:00:00-04:00,131250.0,131250.0,121875.0,121875.0,11,0.0,0.0
1991-10-01 00:00:00-04:00,140625.0,140625.0,140625.0,140625.0,20,0.0,0.0
1991-10-02 00:00:00-04:00,159375.0,159375.0,159375.0,159375.0,32,0.0,0.0
1991-10-03 00:00:00-04:00,150000.0,150000.0,150000.0,150000.0,14,0.0,0.0
1991-10-04 00:00:00-04:00,150000.0,150000.0,150000.0,150000.0,13,0.0,0.0
1991-10-07 00:00:00-04:00,131250.0,131250.0,131250.0,131250.0,10,0.0,0.0
1991-10-08 00:00:00-04:00,131250.0,131250.0,131250.0,131250.0,3,0.0,0.0
1991-10-09 00:00:00-04:00,131250.0,131250.0,131250.0,131250.0,4,0.0,0.0
1991-10-10 00:00:00-04:00,131250.0,131250.0,128906.25,128906.25,5,0.0,0.0
1991-10-11 00:00:00-04:00,133593.75,133593.75,128906.25,128906.25,5,0.0,0.0
1991-10-14 00:00:00-04:00,150000.0,150000.0,147656.25,147656.25,4,0.0,0.0
1991-10-15 00:00:00-04:00,157031.25,157031.25,154687.5,154687.5,7,0.0,0.0
1991-10-16 00:00:00-04:00,168750.0,168750.0,164062.5,164062.5,16,0.0,0.0
1991-10-17 00:00:00-04:00,150000.0,150000.0,145312.5,145312.5,9,0.0,0.0
1991-10-18 00:00:00-04:00,152343.75,152343.75,150000.0,150000.0,5,0.0,0.0
1991-10-21 00:00:00-04:00,150000.0,150000.0,147656.25,147656.25,2,0.0,0.0
1991-10-22 00:00:00-04:00,140625.0,140625.0,135937.5,135937.5,4,0.0,0.0
1991-10-23 00:00:00-04:00,145312.5,145312.5,140625.0,140625.0,3,0.0,0.0
1991-10-24 00:00:00-04:00,145312.5,145312.5,142968.75,142968.75,3,0.0,0.0
1991-10-25 00:00:00-04:00,150000.0,150000.0,147656.25,147656.25,4,0.0,0.0
1991-10-28 00:00:00-05:00,152343.75,152343.75,150000.0,150000.0,4,0.0,0.0
1991-10-29 00:00:00-05:00,159375.0,159375.0,154687.5,154687.5,7,0.0,0.0
1991-10-30 00:00:00-05:00,159375.0,159375.0,157031.25,157031.25,3,0.0,0.0
1991-10-31 00:00:00-05:00,178125.0,178125.0,175781.25,175781.25,13,0.0,0.0
1991-11-01 00:00:00-05:00,189843.75,189843.75,187500.0,187500.0,18,0.0,0.0
1991-11-04 00:00:00-05:00,201562.5,201562.5,199218.75,199218.75,13,0.0,0.0
1991-11-05 00:00:00-05:00,217968.75,217968.75,215625.0,215625.0,26,0.0,0.0
1991-11-06 00:00:00-05:00,297656.25,297656.25,295312.5,295312.5,52,0.0,0.0
1991-11-07 00:00:00-05:00,360937.5,360937.5,353906.25,353906.25,47,0.0,0.0
1991-11-08 00:00:00-05:00,283593.75,283593.75,281250.0,281250.0,47,0.0,0.0
1991-11-11 00:00:00-05:00,309375.0,309375.0,304687.5,304687.5,19,0.0,0.0
1991-11-12 00:00:00-05:00,330468.75,330468.75,328125.0,328125.0,15,0.0,0.0
1991-11-13 00:00:00-05:00,309375.0,309375.0,304687.5,304687.5,14,0.0,0.0
1991-11-14 00:00:00-05:00,290625.0,290625.0,288281.25,288281.25,8,0.0,0.0
1991-11-15 00:00:00-05:00,243750.0,243750.0,239062.5,239062.5,16,0.0,0.0
1991-11-18 00:00:00-05:00,243750.0,243750.0,241406.25,241406.25,16,0.0,0.0
1991-11-19 00:00:00-05:00,239062.5,239062.5,236718.75,236718.75,7,0.0,0.0
1991-11-20 00:00:00-05:00,262500.0,262500.0,257812.5,257812.5,7,0.0,0.0
1991-11-21 00:00:00-05:00,267187.5,267187.5,262500.0,262500.0,4,0.0,0.0
1991-11-22 00:00:00-05:00,248437.5,248437.5,243750.0,243750.0,4,0.0,0.0
1991-11-25 00:00:00-05:00,234375.0,234375.0,232031.25,232031.25,5,0.0,0.0
1991-11-26 00:00:00-05:00,241406.25,241406.25,236718.75,236718.75,4,0.0,0.0
1991-11-27 00:00:00-05:00,241406.25,241406.25,239062.5,239062.5,2,0.0,0.0
1991-11-29 00:00:00-05:00,248437.5,248437.5,246093.75,246093.75,2,0.0,0.0
1991-12-02 00:00:00-05:00,260156.25,260156.25,255468.75,255468.75,3,0.0,0.0
1991-12-03 00:00:00-05:00,262500.0,262500.0,260156.25,260156.25,3,0.0,0.0
1991-12-04 00:00:00-05:00,255468.75,255468.75,253125.0,253125.0,2,0.0,0.0
1991-12-05 00:00:00-05:00,253125.0,253125.0,246093.75,246093.75,3,0.0,0.0
1991-12-06 00:00:00-05:00,250781.25,250781.25,246093.75,246093.75,3,0.0,0.0
1991-12-09 00:00:00-05:00,250781.25,250781.25,246093.75,246093.75,2,0.0,0.0
1991-12-10 00:00:00-05:00,267187.5,267187.5,264843.75,264843.75,3,0.0,0.0
1991-12-11 00:00:00-05:00,267187.5,267187.5,264843.75,264843.75,4,0.0,0.0
1991-12-12 00:00:00-05:00,267187.5,267187.5,260156.25,260156.25,2,0.0,0.0
1991-12-13 00:00:00-05:00,267187.5,267187.5,262500.0,262500.0,4,0.0,0.0
1991-12-16 00:00:00-05:00,267187.5,267187.5,262500.0,262500.0,4,0.0,0.0
1991-12-17 00:00:00-05:00,267187.5,267187.5,264843.75,264843.75,2,0.0,0.0
1991-12-18 00:00:00-05:00,262500.0,262500.0,257812.5,257812.5,2,0.0,0.0
1991-12-19 00:00:00-05:00,260156.25,260156.25,255468.75,255468.75,3,0.0,0.0
1991-12-20 00:00:00-05:00,262500.0,262500.0,257812.5,257812.5,2,0.0,0.0
1991-12-23 00:00:00-05:00,246093.75,246093.75,243750.0,243750.0,3,0.0,0.0
1991-12-24 00:00:00-05:00,253125.0,253125.0,248437.5,248437.5,2,0.0,0.0
1991-12-26 00:00:00-05:00,264843.75,264843.75,262500.0,262500.0,2,0.0,0.0
1991-12-27 00:00:00-05:00,271875.0,271875.0,267187.5,267187.5,3,0.0,0.0
1991-12-30 00:00:00-05:00,257812.5,257812.5,255468.75,255468.75,2,0.0,0.0
1991-12-31 00:00:00-05:00,243750.0,243750.0,239062.5,239062.5,4,0.0,0.0
1992-01-02 00:00:00-05:00,220312.5,220312.5,217968.75,217968.75,6,0.0,0.0
1992-01-03 00:00:00-05:00,225000.0,225000.0,222656.25,222656.25,5,0.0,0.0
1992-01-06 00:00:00-05:00,248437.5,248437.5,243750.0,243750.0,8,0.0,0.0
1992-01-07 00:00:00-05:00,246093.75,246093.75,241406.25,241406.25,4,0.0,0.0
1992-01-08 00:00:00-05:00,243750.0,243750.0,239062.5,239062.5,7,0.0,0.0
1992-01-09 00:00:00-05:00,241406.25,241406.25,236718.75,236718.75,3,0.0,0.0
1992-01-10 00:00:00-05:00,236718.75,236718.75,232031.25,232031.25,4,0.0,0.0
1992-01-13 00:00:00-05:00,227343.75,227343.75,222656.25,222656.25,8,0.0,0.0
1992-01-14 00:00:00-05:00,232031.25,232031.25,227343.75,227343.75,10,0.0,0.0
1992-01-15 00:00:00-05:00,234375.0,234375.0,225000.0,225000.0,7,0.0,0.0
1992-01-16 00:00:00-05:00,232031.25,232031.25,227343.75,227343.75,5,0.0,0.0
1992-01-17 00:00:00-05:00,232031.25,232031.25,229687.5,229687.5,6,0.0,0.0
1992-01-20 00:00:00-05:00,232031.25,232031.25,229687.5,229687.5,3,0.0,0.0
1992-01-21 00:00:00-05:00,232031.25,232031.25,227343.75,227343.75,4,0.0,0.0
1992-01-22 00:00:00-05:00,227343.75,227343.75,222656.25,222656.25,7,0.0,0.0
1992-01-23 00:00:00-05:00,232031.25,232031.25,229687.5,229687.5,6,0.0,0.0
1992-01-24 00:00:00-05:00,257812.5,257812.5,253125.0,253125.0,11,0.0,0.0
1992-01-27 00:00:00-05:00,271875.0,271875.0,269531.25,269531.25,13,0.0,0.0
1992-01-28 00:00:00-05:00,271875.0,271875.0,269531.25,269531.25,8,0.0,0.0
1992-01-29 00:00:00-05:00,274218.75,274218.75,271875.0,271875.0,7,0.0,0.0
1992-01-30 00:00:00-05:00,274218.75,274218.75,269531.25,269531.25,4,0.0,0.0
1992-01-31 00:00:00-05:00,262500.0,262500.0,260156.25,260156.25,5,0.0,0.0
1992-02-03 00:00:00-05:00,264843.75,264843.75,260156.25,260156.25,4,0.0,0.0
1992-02-04 00:00:00-05:00,276562.5,276562.5,274218.75,274218.75,6,0.0,0.0
1992-02-05 00:00:00-05:00,264843.75,264843.75,262500.0,262500.0,5,0.0,0.0
1992-02-06 00:00:00-05:00,264843.75,264843.75,262500.0,262500.0,3,0.0,0.0
1992-02-07 00:00:00-05:00,248437.5,248437.5,246093.75,246093.75,39,0.0,0.0
1992-02-10 00:00:00-05:00,255468.75,255468.75,232031.25,234375.0,8,0.0,0.0
1992-02-11 00:00:00-05:00,232031.25,234375.0,222656.25,225000.0,10,0.0,0.0
1992-02-12 00:00:00-05:00,225000.0,239062.5,215625.0,225000.0,12,0.0,0.0
1992-02-13 00:00:00-05:00,229687.5,239062.5,225000.0,234375.0,4,0.0,0.0
1992-02-14 00:00:00-05:00,229687.5,239062.5,229687.5,234375.0,3,0.0,0.0
1992-02-18 00:00:00-05:00,234375.0,236718.75,225000.0,232031.25,5,0.0,0.0
1992-02-19 00:00:00-05:00,227343.75,229687.5,215625.0,220312.5,6,0.0,0.0
1992-02-20 00:00:00-05:00,220312.5,225000.0,215625.0,222656.25,5,0.0,0.0
1992-02-21 00:00:00-05:00,220312.5,225000.0,213281.25,220312.5,7,0.0,0.0
1992-02-24 00:00:00-05:00,220312.5,225000.0,210937.5,210937.5,1,0.0,0.0
1992-02-25 00:00:00-05:00,210937.5,215625.0,194531.25,201562.5,6,0.0,0.0
1992-02-26 00:00:00-05:00,196875.0,215625.0,196875.0,206250.0,5,0.0,0.0
1992-02-27 00:00:00-05:00,203906.25,215625.0,203906.25,210937.5,5,0.0,0.0
1992-02-28 00:00:00-05:00,213281.25,217968.75,206250.0,213281.25,3,0.0,0.0
1992-03-02 00:00:00-05:00,208593.75,215625.0,208593.75,215625.0,3,0.0,0.0
1992-03-03 00:00:00-05:00,210937.5,225000.0,210937.5,217968.75,4,0.0,0.0
1992-03-04 00:00:00-05:00,220312.5,220312.5,215625.0,217968.75,2,0.0,0.0
1992-03-05 00:00:00-05:00,215625.0,217968.75,210937.5,215625.0,2,0.0,0.0
1992-03-06 00:00:00-05:00,210937.5,220312.5,210937.5,213281.25,4,0.0,0.0
1992-03-09 00:00:00-05:00,220312.5,225000.0,210937.5,222656.25,3,0.0,0.0
1992-03-10 00:00:00-05:00,215625.0,234375.0,215625.0,234375.0,5,0.0,0.0
1992-03-11 00:00:00-05:00,232031.25,269531.25,232031.25,267187.5,13,0.0,0.0
1992-03-12 00:00:00-05:00,267187.5,276562.5,253125.0,253125.0,12,0.0,0.0
1992-03-13 00:00:00-05:00,260156.25,283593.75,250781.25,257812.5,6,0.0,0.0
1992-03-16 00:00:00-05:00,257812.5,257812.5,229687.5,234375.0,4,0.0,0.0
1992-03-17 00:00:00-05:00,239062.5,239062.5,225000.0,227343.75,4,0.0,0.0
1992-03-18 00:00:00-05:00,227343.75,232031.25,222656.25,227343.75,4,0.0,0.0
1992-03-19 00:00:00-05:00,227343.75,234375.0,222656.25,229687.5,2,0.0,0.0
1992-03-20 00:00:00-05:00,227343.75,229687.5,222656.25,222656.25,4,0.0,0.0
1992-03-23 00:00:00-05:00,227343.75,227343.75,222656.25,222656.25,1,0.0,0.0
1992-03-24 00:00:00-05:00,222656.25,225000.0,210937.5,215625.0,4,0.0,0.0
1992-03-25 00:00:00-05:00,222656.25,222656.25,213281.25,213281.25,2,0.0,0.0
1992-03-26 00:00:00-05:00,215625.0,217968.75,208593.75,210937.5,3,0.0,0.0
1992-03-27 00:00:00-05:00,213281.25,213281.25,201562.5,206250.0,3,0.0,0.0
1992-03-30 00:00:00-05:00,201562.5,206250.0,196875.0,201562.5,2,0.0,0.0
1992-03-31 00:00:00-05:00,199218.75,201562.5,196875.0,196875.0,1,0.0,0.0
1992-04-01 00:00:00-05:00,196875.0,201562.5,185156.25,201562.5,9,0.0,0.0
1992-04-02 00:00:00-05:00,196875.0,210937.5,196875.0,201562.5,4,0.0,0.0
1992-04-03 00:00:00-05:00,206250.0,210937.5,196875.0,201562.5,2,0.0,0.0
1992-04-06 00:00:00-04:00,199218.75,203906.25,189843.75,189843.75,2,0.0,0.0
1992-04-07 00:00:00-04:00,194531.25,194531.25,178125.0,178125.0,3,0.0,0.0
1992-04-08 00:00:00-04:00,178125.0,182812.5,157031.25,164062.5,7,0.0,0.0
1992-04-09 00:00:00-04:00,166406.25,178125.0,161718.75,171093.75,3,0.0,0.0
1992-04-10 00:00:00-04:00,182812.5,201562.5,175781.25,196875.0,5,0.0,0.0
1992-04-13 00:00:00-04:00,199218.75,201562.5,192187.5,194531.25,2,0.0,0.0
1992-04-14 00:00:00-04:00,199218.75,199218.75,182812.5,187500.0,1,0.0,0.0
1992-04-15 00:00:00-04:00,187500.0,192187.5,185156.25,187500.0,2,0.0,0.0
1992-04-16 00:00:00-04:00,187500.0,189843.75,175781.25,175781.25,3,0.0,0.0
1992-04-20 00:00:00-04:00,178125.0,178125.0,154687.5,157031.25,4,0.0,0.0
1992-04-21 00:00:00-04:00,164062.5,164062.5,152343.75,159375.0,2,0.0,0.0
1992-04-22 00:00:00-04:00,154687.5,157031.25,147656.25,154687.5,4,0.0,0.0
1992-04-23 00:00:00-04:00,150000.0,154687.5,145312.5,152343.75,4,0.0,0.0
1992-04-24 00:00:00-04:00,152343.75,152343.75,147656.25,152343.75,2,0.0,0.0
1992-04-27 00:00:00-04:00,147656.25,152343.75,147656.25,150000.0,2,0.0,0.0
1992-04-28 00:00:00-04:00,154687.5,154687.5,145312.5,150000.0,2,0.0,0.0
1992-04-29 00:00:00-04:00,150000.0,152343.75,145312.5,150000.0,1,0.0,0.0
1992-04-30 00:00:00-04:00,150000.0,152343.75,147656.25,152343.75,2,0.0,0.0
1992-05-01 00:00:00-04:00,168750.0,182812.5,164062.5,178125.0,12,0.0,0.0
1992-05-04 00:00:00-04:00,180468.75,180468.75,171093.75,178125.0,4,0.0,0.0
1992-05-05 00:00:00-04:00,175781.25,175781.25,164062.5,166406.25,1,0.0,0.0
1992-05-06 00:00:00-04:00,168750.0,178125.0,166406.25,173437.5,4,0.0,0.0
1992-05-07 00:00:00-04:00,173437.5,178125.0,159375.0,159375.0,2,0.0,0.0
1992-05-08 00:00:00-04:00,166406.25,166406.25,159375.0,166406.25,1,0.0,0.0
1992-05-11 00:00:00-04:00,166406.25,166406.25,157031.25,161718.75,1,0.0,0.0
1992-05-12 00:00:00-04:00,157031.25,161718.75,152343.75,157031.25,2,0.0,0.0
1992-05-13 00:00:00-04:00,159375.0,164062.5,157031.25,157031.25,1,0.0,0.0
1992-05-14 00:00:00-04:00,157031.25,161718.75,152343.75,154687.5,1,0.0,0.0
1992-05-15 00:00:00-04:00,152343.75,154687.5,147656.25,152343.75,2,0.0,0.0
1992-05-18 00:00:00-04:00,154687.5,159375.0,150000.0,157031.25,1,0.0,0.0
1992-05-19 00:00:00-04:00,159375.0,161718.75,154687.5,159375.0,2,0.0,0.0
1992-05-20 00:00:00-04:00,161718.75,164062.5,152343.75,157031.25,2,0.0,0.0
1992-05-21 00:00:00-04:00,159375.0,164062.5,154687.5,157031.25,4,0.0,0.0
1992-05-22 00:00:00-04:00,161718.75,164062.5,154687.5,157031.25,1,0.0,0.0
1992-05-26 00:00:00-04:00,159375.0,159375.0,150000.0,150000.0,3,0.0,0.0
1992-05-27 00:00:00-04:00,157031.25,157031.25,152343.75,154687.5,1,0.0,0.0
1992-05-28 00:00:00-04:00,154687.5,157031.25,150000.0,152343.75,1,0.0,0.0
1992-05-29 00:00:00-04:00,150000.0,157031.25,150000.0,157031.25,2,0.0,0.0
1992-06-01 00:00:00-04:00,150000.0,157031.25,145312.5,150000.0,3,0.0,0.0
1992-06-02 00:00:00-04:00,150000.0,150000.0,138281.25,138281.25,2,0.0,0.0
1992-06-03 00:00:00-04:00,142968.75,145312.5,138281.25,145312.5,2,0.0,0.0
1992-06-04 00:00:00-04:00,145312.5,150000.0,140625.0,147656.25,2,0.0,0.0
1992-06-05 00:00:00-04:00,147656.25,150000.0,142968.75,145312.5,5,0.0,0.0
1992-06-08 00:00:00-04:00,145312.5,152343.75,142968.75,145312.5,2,0.0,0.0
1992-06-09 00:00:00-04:00,145312.5,147656.25,131250.0,133593.75,1,0.0,0.0
1992-06-10 00:00:00-04:00,135937.5,138281.25,126562.5,126562.5,3,0.0,0.0
1992-06-11 00:00:00-04:00,131250.0,157031.25,126562.5,150000.0,6,0.0,0.0
1992-06-12 00:00:00-04:00,150000.0,152343.75,140625.0,145312.5,3,0.0,0.0
1992-06-15 00:00:00-04:00,145312.5,147656.25,140625.0,142968.75,1,0.0,0.0
1992-06-16 00:00:00-04:00,147656.25,147656.25,135937.5,135937.5,2,0.0,0.0
1992-06-17 00:00:00-04:00,135937.5,140625.0,124218.75,126562.5,1,0.0,0.0
1992-06-18 00:00:00-04:00,126562.5,133593.75,121875.0,126562.5,1,0.0,0.0
1992-06-19 00:00:00-04:00,126562.5,135937.5,121875.0,133593.75,3,0.0,0.0
1992-06-22 00:00:00-04:00,131250.0,135937.5,121875.0,124218.75,2,0.0,0.0
1992-06-23 00:00:00-04:00,128906.25,128906.25,119531.25,126562.5,3,0.0,0.0
1992-06-24 00:00:00-04:00,121875.0,128906.25,121875.0,124218.75,1,0.0,0.0
1992-06-25 00:00:00-04:00,121875.0,133593.75,121875.0,126562.5,2,0.0,0.0
1992-06-26 00:00:00-04:00,131250.0,133593.75,124218.75,124218.75,1,0.0,0.0
1992-06-29 00:00:00-04:00,126562.5,140625.0,126562.5,135937.5,1,0.0,0.0
1992-06-30 00:00:00-04:00,140625.0,140625.0,131250.0,135937.5,1,0.0,0.0
1992-07-01 00:00:00-04:00,133593.75,138281.25,131250.0,135937.5,1,0.0,0.0
1992-07-02 00:00:00-04:00,133593.75,138281.25,126562.5,131250.0,1,0.0,0.0
1992-07-06 00:00:00-04:00,131250.0,131250.0,121875.0,126562.5,0,0.0,0.0
1992-07-07 00:00:00-04:00,126562.5,131250.0,124218.75,124218.75,1,0.0,0.0
1992-07-08 00:00:00-04:00,128906.25,128906.25,119531.25,119531.25,1,0.0,0.0
1992-07-09 00:00:00-04:00,119531.25,124218.75,96093.75,105468.75,4,0.0,0.0
1992-07-10 00:00:00-04:00,110156.25,119531.25,103125.0,119531.25,6,0.0,0.0
1992-07-13 00:00:00-04:00,119531.25,121875.0,114843.75,117187.5,2,0.0,0.0
1992-07-14 00:00:00-04:00,121875.0,121875.0,114843.75,114843.75,1,0.0,0.0
1992-07-15 00:00:00-04:00,117187.5,121875.0,114843.75,114843.75,2,0.0,0.0
1992-07-16 00:00:00-04:00,119531.25,119531.25,112500.0,112500.0,1,0.0,0.0
1992-07-17 00:00:00-04:00,112500.0,119531.25,112500.0,114843.75,2,0.0,0.0
1992-07-20 00:00:00-04:00,114843.75,119531.25,112500.0,117187.5,1,0.0,0.0
1992-07-21 00:00:00-04:00,117187.5,117187.5,112500.0,114843.75,1,0.0,0.0
1992-07-22 00:00:00-04:00,114843.75,119531.25,112500.0,114843.75,2,0.0,0.0
1992-07-23 00:00:00-04:00,117187.5,124218.75,112500.0,124218.75,2,0.0,0.0
1992-07-24 00:00:00-04:00,140625.0,150000.0,131250.0,138281.25,11,0.0,0.0
1992-07-27 00:00:00-04:00,140625.0,147656.25,133593.75,138281.25,3,0.0,0.0
1992-07-28 00:00:00-04:00,140625.0,140625.0,133593.75,135937.5,1,0.0,0.0
1992-07-29 00:00:00-04:00,135937.5,135937.5,121875.0,121875.0,2,0.0,0.0
1992-07-30 00:00:00-04:00,121875.0,128906.25,119531.25,126562.5,2,0.0,0.0
1992-07-31 00:00:00-04:00,126562.5,128906.25,121875.0,121875.0,1,0.0,0.0
1992-08-03 00:00:00-04:00,126562.5,131250.0,121875.0,126562.5,2,0.0,0.0
1992-08-04 00:00:00-04:00,131250.0,131250.0,121875.0,126562.5,1,0.0,0.0
1992-08-05 00:00:00-04:00,128906.25,131250.0,119531.25,126562.5,2,0.0,0.0
1992-08-06 00:00:00-04:00,126562.5,126562.5,121875.0,121875.0,1,0.0,0.0
1992-08-07 00:00:00-04:00,126562.5,126562.5,121875.0,121875.0,1,0.0,0.0
1992-08-10 00:00:00-04:00,121875.0,126562.5,112500.0,112500.0,4,0.0,0.0
1992-08-11 00:00:00-04:00,117187.5,117187.5,107812.5,107812.5,2,0.0,0.0
1992-08-12 00:00:00-04:00,110156.25,119531.25,103125.0,103125.0,2,0.0,0.0
1992-08-13 00:00:00-04:00,112500.0,112500.0,103125.0,103125.0,1,0.0,0.0
1992-08-14 00:00:00-04:00,103125.0,110156.25,103125.0,103125.0,1,0.0,0.0
1992-08-17 00:00:00-04:00,107812.5,107812.5,93750.0,93750.0,3,0.0,0.0
1992-08-18 00:00:00-04:00,93750.0,107812.5,93750.0,105468.75,3,0.0,0.0
1992-08-19 00:00:00-04:00,107812.5,112500.0,103125.0,110156.25,2,0.0,0.0
1992-08-20 00:00:00-04:00,114843.75,119531.25,110156.25,110156.25,5,0.0,0.0
1992-08-21 00:00:00-04:00,114843.75,114843.75,103125.0,103125.0,2,0.0,0.0
1992-08-24 00:00:00-04:00,103125.0,107812.5,103125.0,103125.0,1,0.0,0.0
1992-08-25 00:00:00-04:00,107812.5,107812.5,98437.5,103125.0,1,0.0,0.0
1992-08-26 00:00:00-04:00,100781.25,103125.0,96093.75,98437.5,0,0.0,0.0
1992-08-27 00:00:00-04:00,96093.75,100781.25,96093.75,96093.75,1,0.0,0.0
1992-08-28 00:00:00-04:00,100781.25,103125.0,93750.0,100781.25,2,0.0,0.0
1992-08-31 00:00:00-04:00,100781.25,103125.0,96093.75,96093.75,2,0.0,0.0
1992-09-01 00:00:00-04:00,96093.75,100781.25,96093.75,96093.75,1,0.0,0.0
1992-09-02 00:00:00-04:00,98437.5,103125.0,96093.75,98437.5,1,0.0,0.0
1992-09-03 00:00:00-04:00,96093.75,107812.5,96093.75,107812.5,4,0.0,0.0
1992-09-04 00:00:00-04:00,107812.5,112500.0,105468.75,105468.75,2,0.0,0.0
1992-09-08 00:00:00-04:00,112500.0,112500.0,103125.0,103125.0,1,0.0,0.0
1992-09-09 00:00:00-04:00,103125.0,107812.5,100781.25,105468.75,1,0.0,0.0
1992-09-10 00:00:00-04:00,100781.25,105468.75,100781.25,103125.0,1,0.0,0.0
1992-09-11 00:00:00-04:00,98437.5,103125.0,96093.75,96093.75,1,0.0,0.0
1992-09-14 00:00:00-04:00,96093.75,103125.0,96093.75,103125.0,1,0.0,0.0
1992-09-15 00:00:00-04:00,103125.0,105468.75,98437.5,100781.25,2,0.0,0.0
1992-09-16 00:00:00-04:00,100781.25,107812.5,100781.25,105468.75,4,0.0,0.0
1992-09-17 00:00:00-04:00,103125.0,126562.5,103125.0,119531.25,7,0.0,0.0
1992-09-18 00:00:00-04:00,126562.5,128906.25,117187.5,121875.0,4,0.0,0.0
1992-09-21 00:00:00-04:00,117187.5,126562.5,117187.5,121875.0,2,0.0,0.0
1992-09-22 00:00:00-04:00,126562.5,126562.5,114843.75,114843.75,1,0.0,0.0
1992-09-23 00:00:00-04:00,114843.75,119531.25,105468.75,112500.0,1,0.0,0.0
1992-09-24 00:00:00-04:00,110156.25,112500.0,105468.75,105468.75,1,0.0,0.0
1992-09-25 00:00:00-04:00,105468.75,112500.0,98437.5,100781.25,1,0.0,0.0
1992-09-28 00:00:00-04:00,98437.5,107812.5,79687.5,107812.5,1,0.0,0.0
1992-09-29 00:00:00-04:00,107812.5,107812.5,100781.25,100781.25,1,0.0,0.0
1992-09-30 00:00:00-04:00,103125.0,105468.75,98437.5,103125.0,1,0.0,0.0
1992-10-01 00:00:00-04:00,105468.75,107812.5,103125.0,103125.0,3,0.0,0.0
1992-10-02 00:00:00-04:00,103125.0,117187.5,103125.0,107812.5,2,0.0,0.0
1992-10-05 00:00:00-04:00,105468.75,112500.0,103125.0,105468.75,2,0.0,0.0
1992-10-06 00:00:00-04:00,107812.5,110156.25,105468.75,105468.75,1,0.0,0.0
1992-10-07 00:00:00-04:00,105468.75,107812.5,98437.5,103125.0,1,0.0,0.0
1992-10-08 00:00:00-04:00,100781.25,107812.5,100781.25,103125.0,1,0.0,0.0
1992-10-09 00:00:00-04:00,103125.0,110156.25,103125.0,110156.25,1,0.0,0.0
1992-10-12 00:00:00-04:00,110156.25,112500.0,103125.0,112500.0,2,0.0,0.0
1992-10-13 00:00:00-04:00,107812.5,114843.75,107812.5,112500.0,2,0.0,0.0
1992-10-14 00:00:00-04:00,112500.0,114843.75,105468.75,105468.75,2,0.0,0.0
1992-10-15 00:00:00-04:00,105468.75,107812.5,103125.0,107812.5,2,0.0,0.0
1992-10-16 00:00:00-04:00,103125.0,107812.5,103125.0,103125.0,0,0.0,0.0
1992-10-19 00:00:00-04:00,103125.0,107812.5,103125.0,103125.0,1,0.0,0.0
1992-10-20 00:00:00-04:00,107812.5,107812.5,100781.25,103125.0,2,0.0,0.0
1992-10-21 00:00:00-04:00,100781.25,105468.75,98437.5,98437.5,2,0.0,0.0
1992-10-22 00:00:00-04:00,103125.0,103125.0,93750.0,100781.25,2,0.0,0.0
1992-10-23 00:00:00-04:00,96093.75,103125.0,96093.75,98437.5,2,0.0,0.0
1992-10-26 00:00:00-05:00,100781.25,103125.0,96093.75,96093.75,1,0.0,0.0
1992-10-27 00:00:00-05:00,96093.75,100781.25,93750.0,93750.0,1,0.0,0.0
1992-10-28 00:00:00-05:00,96093.75,96093.75,91406.25,96093.75,3,0.0,0.0
1992-10-29 00:00:00-05:00,93750.0,98437.5,93750.0,96093.75,1,0.0,0.0
1992-10-30 00:00:00-05:00,93750.0,98437.5,93750.0,96093.75,1,0.0,0.0
1992-11-02 00:00:00-05:00,93750.0,96093.75,93750.0,93750.0,1,0.0,0.0
1992-11-03 00:00:00-05:00,93750.0,96093.75,93750.0,93750.0,1,0.0,0.0
1992-11-04 00:00:00-05:00,96093.75,96093.75,89062.5,91406.25,3,0.0,0.0
1992-11-05 00:00:00-05:00,91406.25,93750.0,89062.5,89062.5,1,0.0,0.0
1992-11-06 00:00:00-05:00,89062.5,93750.0,84375.0,84375.0,2,0.0,0.0
1992-11-09 00:00:00-05:00,86718.75,93750.0,84375.0,89062.5,3,0.0,0.0
1992-11-10 00:00:00-05:00,93750.0,117187.5,89062.5,114843.75,6,0.0,0.0
1992-11-11 00:00:00-05:00,119531.25,135937.5,117187.5,131250.0,13,0.0,0.0
1992-11-12 00:00:00-05:00,138281.25,140625.0,121875.0,126562.5,5,0.0,0.0
1992-11-13 00:00:00-05:00,126562.5,126562.5,91406.25,117187.5,2,0.0,0.0
1992-11-16 00:00:00-05:00,119531.25,119531.25,112500.0,112500.0,1,0.0,0.0
1992-11-17 00:00:00-05:00,112500.0,114843.75,105468.75,112500.0,2,0.0,0.0
1992-11-18 00:00:00-05:00,107812.5,112500.0,105468.75,107812.5,2,0.0,0.0
1992-11-19 00:00:00-05:00,105468.75,110156.25,100781.25,105468.75,2,0.0,0.0
1992-11-20 00:00:00-05:00,105468.75,145312.5,105468.75,107812.5,1,0.0,0.0
1992-11-23 00:00:00-05:00,105468.75,110156.25,105468.75,105468.75,1,0.0,0.0
1992-11-24 00:00:00-05:00,131250.0,133593.75,117187.5,131250.0,10,0.0,0.0
1992-11-25 00:00:00-05:00,131250.0,135937.5,121875.0,126562.5,4,0.0,0.0
1992-11-27 00:00:00-05:00,131250.0,131250.0,121875.0,128906.25,1,0.0,0.0
1992-11-30 00:00:00-05:00,121875.0,128906.25,117187.5,126562.5,1,0.0,0.0
1992-12-01 00:00:00-05:00,124218.75,124218.75,117187.5,117187.5,1,0.0,0.0
1992-12-02 00:00:00-05:00,117187.5,121875.0,117187.5,119531.25,1,0.0,0.0
1992-12-03 00:00:00-05:00,121875.0,121875.0,117187.5,121875.0,1,0.0,0.0
1992-12-04 00:00:00-05:00,124218.75,157031.25,117187.5,150000.0,10,0.0,0.0
1992-12-07 00:00:00-05:00,159375.0,164062.5,140625.0,142968.75,8,0.0,0.0
1992-12-08 00:00:00-05:00,142968.75,147656.25,133593.75,135937.5,3,0.0,0.0
1992-12-09 00:00:00-05:00,140625.0,147656.25,126562.5,140625.0,4,0.0,0.0
1992-12-10 00:00:00-05:00,145312.5,145312.5,131250.0,133593.75,2,0.0,0.0
1992-12-11 00:00:00-05:00,131250.0,135937.5,126562.5,133593.75,2,0.0,0.0
1992-12-14 00:00:00-05:00,126562.5,133593.75,126562.5,133593.75,2,0.0,0.0
1992-12-15 00:00:00-05:00,133593.75,133593.75,121875.0,121875.0,2,0.0,0.0
1992-12-16 00:00:00-05:00,121875.0,131250.0,121875.0,121875.0,2,0.0,0.0
1992-12-17 00:00:00-05:00,121875.0,128906.25,121875.0,128906.25,1,0.0,0.0
1992-12-18 00:00:00-05:00,121875.0,135937.5,121875.0,133593.75,3,0.0,0.0
1992-12-21 00:00:00-05:00,131250.0,135937.5,124218.75,128906.25,2,0.0,0.0
1992-12-22 00:00:00-05:00,140625.0,145312.5,138281.25,138281.25,5,0.0,0.0
1992-12-23 00:00:00-05:00,142968.75,142968.75,128906.25,131250.0,2,0.0,0.0
1992-12-24 00:00:00-05:00,128906.25,133593.75,119531.25,121875.0,3,0.0,0.0
1992-12-28 00:00:00-05:00,119531.25,131250.0,110156.25,110156.25,8,0.0,0.0
1992-12-29 00:00:00-05:00,110156.25,117187.5,105468.75,105468.75,6,0.0,0.0
1992-12-30 00:00:00-05:00,112500.0,150000.0,105468.75,150000.0,10,0.0,0.0
1992-12-31 00:00:00-05:00,154687.5,159375.0,140625.0,142968.75,6,0.0,0.0
1993-01-04 00:00:00-05:00,142968.75,145312.5,131250.0,135937.5,3,0.0,0.0
1993-01-05 00:00:00-05:00,131250.0,135937.5,128906.25,131250.0,2,0.0,0.0
1993-01-06 00:00:00-05:00,135937.5,140625.0,131250.0,135937.5,5,0.0,0.0
1993-01-07 00:00:00-05:00,140625.0,150000.0,135937.5,140625.0,4,0.0,0.0
1993-01-08 00:00:00-05:00,140625.0,145312.5,131250.0,135937.5,2,0.0,0.0
1993-01-11 00:00:00-05:00,135937.5,142968.75,135937.5,135937.5,3,0.0,0.0
1993-01-12 00:00:00-05:00,135937.5,140625.0,133593.75,133593.75,1,0.0,0.0
1993-01-13 00:00:00-05:00,135937.5,135937.5,126562.5,135937.5,1,0.0,0.0
1993-01-14 00:00:00-05:00,131250.0,135937.5,128906.25,133593.75,1,0.0,0.0
1993-01-15 00:00:00-05:00,135937.5,135937.5,126562.5,131250.0,1,0.0,0.0
1993-01-18 00:00:00-05:00,128906.25,133593.75,124218.75,126562.5,1,0.0,0.0
1993-01-19 00:00:00-05:00,124218.75,131250.0,124218.75,124218.75,1,0.0,0.0
1993-01-20 00:00:00-05:00,124218.75,126562.5,119531.25,121875.0,3,0.0,0.0
1993-01-21 00:00:00-05:00,121875.0,140625.0,121875.0,138281.25,2,0.0,0.0
1993-01-22 00:00:00-05:00,140625.0,140625.0,126562.5,126562.5,2,0.0,0.0
1993-01-25 00:00:00-05:00,126562.5,140625.0,126562.5,138281.25,2,0.0,0.0
1993-01-26 00:00:00-05:00,140625.0,147656.25,133593.75,140625.0,3,0.0,0.0
1993-01-27 00:00:00-05:00,140625.0,145312.5,124218.75,131250.0,2,0.0,0.0
1993-01-28 00:00:00-05:00,131250.0,131250.0,124218.75,128906.25,1,0.0,0.0
1993-01-29 00:00:00-05:00,128906.25,135937.5,128906.25,131250.0,1,0.0,0.0
1993-02-01 00:00:00-05:00,131250.0,135937.5,128906.25,128906.25,1,0.0,0.0
1993-02-02 00:00:00-05:00,128906.25,135937.5,121875.0,121875.0,1,0.0,0.0
1993-02-03 00:00:00-05:00,142968.75,147656.25,131250.0,140625.0,13,0.0,0.0
1993-02-04 00:00:00-05:00,138281.25,152343.75,138281.25,140625.0,9,0.0,0.0
1993-02-05 00:00:00-05:00,145312.5,145312.5,135937.5,135937.5,1,0.0,0.0
1993-02-08 00:00:00-05:00,135937.5,140625.0,131250.0,140625.0,1,0.0,0.0
1993-02-09 00:00:00-05:00,140625.0,147656.25,131250.0,145312.5,3,0.0,0.0
1993-02-10 00:00:00-05:00,145312.5,150000.0,135937.5,145312.5,2,0.0,0.0
1993-02-11 00:00:00-05:00,145312.5,150000.0,135937.5,147656.25,5,0.0,0.0
1993-02-12 00:00:00-05:00,152343.75,154687.5,145312.5,145312.5,4,0.0,0.0
1993-02-16 00:00:00-05:00,140625.0,145312.5,133593.75,133593.75,1,0.0,0.0
1993-02-17 00:00:00-05:00,138281.25,140625.0,126562.5,131250.0,2,0.0,0.0
1993-02-18 00:00:00-05:00,131250.0,135937.5,121875.0,124218.75,3,0.0,0.0
1993-02-19 00:00:00-05:00,131250.0,131250.0,124218.75,124218.75,1,0.0,0.0
1993-02-22 00:00:00-05:00,124218.75,126562.5,119531.25,119531.25,2,0.0,0.0
1993-02-23 00:00:00-05:00,119531.25,124218.75,112500.0,119531.25,2,0.0,0.0
1993-02-24 00:00:00-05:00,114843.75,119531.25,112500.0,119531.25,2,0.0,0.0
1993-02-25 00:00:00-05:00,114843.75,119531.25,114843.75,117187.5,2,0.0,0.0
1993-02-26 00:00:00-05:00,117187.5,126562.5,117187.5,124218.75,2,0.0,0.0
1993-03-01 00:00:00-05:00,124218.75,128906.25,119531.25,124218.75,1,0.0,0.0
1993-03-02 00:00:00-05:00,124218.75,128906.25,121875.0,124218.75,1,0.0,0.0
1993-03-03 00:00:00-05:00,126562.5,135937.5,124218.75,131250.0,2,0.0,0.0
1993-03-04 00:00:00-05:00,128906.25,133593.75,124218.75,124218.75,2,0.0,0.0
1993-03-05 00:00:00-05:00,126562.5,126562.5,121875.0,121875.0,0,0.0,0.0
1993-03-08 00:00:00-05:00,126562.5,131250.0,121875.0,121875.0,1,0.0,0.0
1993-03-09 00:00:00-05:00,121875.0,128906.25,121875.0,124218.75,3,0.0,0.0
1993-03-10 00:00:00-05:00,124218.75,126562.5,117187.5,121875.0,2,0.0,0.0
1993-03-11 00:00:00-05:00,124218.75,128906.25,117187.5,117187.5,2,0.0,0.0
1993-03-12 00:00:00-05:00,121875.0,121875.0,114843.75,117187.5,3,0.0,0.0
1993-03-15 00:00:00-05:00,114843.75,121875.0,114843.75,119531.25,1,0.0,0.0
1993-03-16 00:00:00-05:00,117187.5,121875.0,114843.75,117187.5,1,0.0,0.0
1993-03-17 00:00:00-05:00,112500.0,117187.5,112500.0,112500.0,1,0.0,0.0
1993-03-18 00:00:00-05:00,117187.5,117187.5,112500.0,112500.0,1,0.0,0.0
1993-03-19 00:00:00-05:00,112500.0,117187.5,105468.75,105468.75,3,0.0,0.0
1993-03-22 00:00:00-05:00,112500.0,114843.75,105468.75,110156.25,1,0.0,0.0
1993-03-23 00:00:00-05:00,117187.5,117187.5,107812.5,107812.5,1,0.0,0.0
1993-03-24 00:00:00-05:00,107812.5,112500.0,103125.0,105468.75,3,0.0,0.0
1993-03-25 00:00:00-05:00,110156.25,112500.0,105468.75,107812.5,1,0.0,0.0
1993-03-26 00:00:00-05:00,105468.75,112500.0,105468.75,105468.75,0,0.0,0.0
1993-03-29 00:00:00-05:00,105468.75,112500.0,105468.75,112500.0,1,0.0,0.0
1993-03-30 00:00:00-05:00,112500.0,124218.75,112500.0,114843.75,2,0.0,0.0
1993-03-31 00:00:00-05:00,119531.25,119531.25,114843.75,117187.5,1,0.0,0.0
1993-04-01 00:00:00-05:00,117187.5,119531.25,114843.75,114843.75,1,0.0,0.0
1993-04-02 00:00:00-05:00,114843.75,117187.5,110156.25,112500.0,1,0.0,0.0
1993-04-05 00:00:00-04:00,112500.0,114843.75,110156.25,114843.75,1,0.0,0.0
1993-04-06 00:00:00-04:00,114843.75,114843.75,105468.75,105468.75,1,0.0,0.0
1993-04-07 00:00:00-04:00,107812.5,107812.5,100781.25,105468.75,4,0.0,0.0
1993-04-08 00:00:00-04:00,105468.75,107812.5,105468.75,105468.75,1,0.0,0.0
1993-04-12 00:00:00-04:00,105468.75,107812.5,103125.0,105468.75,1,0.0,0.0
1993-04-13 00:00:00-04:00,107812.5,107812.5,103125.0,105468.75,1,0.0,0.0
1993-04-14 00:00:00-04:00,103125.0,105468.75,100781.25,100781.25,3,0.0,0.0
1993-04-15 00:00:00-04:00,103125.0,103125.0,98437.5,98437.5,1,0.0,0.0
1993-04-16 00:00:00-04:00,98437.5,105468.75,98437.5,98437.5,3,0.0,0.0
1993-04-19 00:00:00-04:00,98437.5,103125.0,98437.5,98437.5,1,0.0,0.0
1993-04-20 00:00:00-04:00,98437.5,103125.0,96093.75,96093.75,2,0.0,0.0
1993-04-21 00:00:00-04:00,100781.25,103125.0,96093.75,96093.75,1,0.0,0.0
1993-04-22 00:00:00-04:00,98437.5,103125.0,96093.75,100781.25,2,0.0,0.0
1993-04-23 00:00:00-04:00,100781.25,103125.0,98437.5,100781.25,2,0.0,0.0
1993-04-26 00:00:00-04:00,98437.5,100781.25,93750.0,93750.0,2,0.0,0.0
1993-04-27 00:00:00-04:00,93750.0,96093.75,93750.0,96093.75,1,0.0,0.0
1993-04-28 00:00:00-04:00,96093.75,96093.75,93750.0,93750.0,2,0.0,0.0
1993-04-29 00:00:00-04:00,93750.0,98437.5,93750.0,98437.5,1,0.0,0.0
1993-04-30 00:00:00-04:00,96093.75,117187.5,96093.75,114843.75,3,0.0,0.0
1993-05-03 00:00:00-04:00,119531.25,121875.0,114843.75,114843.75,2,0.0,0.0
1993-05-04 00:00:00-04:00,114843.75,117187.5,110156.25,110156.25,1,0.0,0.0
1993-05-05 00:00:00-04:00,110156.25,114843.75,110156.25,110156.25,1,0.0,0.0
1993-05-06 00:00:00-04:00,110156.25,117187.5,107812.5,110156.25,2,0.0,0.0
1993-05-07 00:00:00-04:00,112500.0,112500.0,103125.0,107812.5,3,0.0,0.0
1993-05-10 00:00:00-04:00,110156.25,110156.25,103125.0,103125.0,1,0.0,0.0
1993-05-11 00:00:00-04:00,105468.75,107812.5,103125.0,103125.0,3,0.0,0.0
1993-05-12 00:00:00-04:00,107812.5,114843.75,105468.75,112500.0,3,0.0,0.0
1993-05-13 00:00:00-04:00,112500.0,121875.0,107812.5,119531.25,3,0.0,0.0
1993-05-14 00:00:00-04:00,119531.25,135937.5,119531.25,126562.5,8,0.0,0.0
1993-05-17 00:00:00-04:00,128906.25,128906.25,119531.25,119531.25,4,0.0,0.0
1993-05-18 00:00:00-04:00,119531.25,121875.0,112500.0,112500.0,1,0.0,0.0
1993-05-19 00:00:00-04:00,121875.0,121875.0,110156.25,112500.0,1,0.0,0.0
1993-05-20 00:00:00-04:00,114843.75,114843.75,107812.5,107812.5,2,0.0,0.0
1993-05-21 00:00:00-04:00,107812.5,112500.0,103125.0,103125.0,2,0.0,0.0
1993-05-24 00:00:00-04:00,103125.0,107812.5,103125.0,107812.5,0,0.0,0.0
1993-05-25 00:00:00-04:00,107812.5,107812.5,103125.0,103125.0,1,0.0,0.0
1993-05-26 00:00:00-04:00,107812.5,107812.5,103125.0,107812.5,0,0.0,0.0
1993-05-27 00:00:00-04:00,103125.0,110156.25,103125.0,105468.75,1,0.0,0.0
1993-05-28 00:00:00-04:00,105468.75,107812.5,103125.0,107812.5,1,0.0,0.0
1993-06-01 00:00:00-04:00,107812.5,119531.25,105468.75,107812.5,3,0.0,0.0
1993-06-02 00:00:00-04:00,112500.0,131250.0,110156.25,128906.25,5,0.0,0.0
1993-06-03 00:00:00-04:00,131250.0,135937.5,117187.5,117187.5,3,0.0,0.0
1993-06-04 00:00:00-04:00,117187.5,126562.5,112500.0,112500.0,1,0.0,0.0
1993-06-07 00:00:00-04:00,121875.0,121875.0,107812.5,117187.5,3,0.0,0.0
1993-06-08 00:00:00-04:00,114843.75,119531.25,110156.25,114843.75,2,0.0,0.0
1993-06-09 00:00:00-04:00,114843.75,114843.75,107812.5,110156.25,2,0.0,0.0
1993-06-10 00:00:00-04:00,110156.25,112500.0,107812.5,107812.5,1,0.0,0.0
1993-06-11 00:00:00-04:00,121875.0,126562.5,112500.0,117187.5,4,0.0,0.0
1993-06-14 00:00:00-04:00,119531.25,126562.5,117187.5,117187.5,3,0.0,0.0
1993-06-15 00:00:00-04:00,117187.5,121875.0,107812.5,112500.0,1,0.0,0.0
1993-06-16 00:00:00-04:00,112500.0,112500.0,107812.5,107812.5,1,0.0,0.0
1993-06-17 00:00:00-04:00,107812.5,112500.0,103125.0,107812.5,3,0.0,0.0
1993-06-18 00:00:00-04:00,105468.75,112500.0,105468.75,107812.5,2,0.0,0.0
1993-06-21 00:00:00-04:00,112500.0,112500.0,103125.0,105468.75,1,0.0,0.0
1993-06-22 00:00:00-04:00,103125.0,105468.75,100781.25,103125.0,1,0.0,0.0
1993-06-23 00:00:00-04:00,103125.0,105468.75,103125.0,105468.75,3,0.0,0.0
1993-06-24 00:00:00-04:00,103125.0,105468.75,103125.0,103125.0,1,0.0,0.0
1993-06-25 00:00:00-04:00,103125.0,105468.75,103125.0,103125.0,0,0.0,0.0
1993-06-28 00:00:00-04:00,103125.0,105468.75,103125.0,103125.0,1,0.0,0.0
1993-06-29 00:00:00-04:00,105468.75,107812.5,103125.0,103125.0,1,0.0,0.0
1993-06-30 00:00:00-04:00,103125.0,105468.75,100781.25,105468.75,1,0.0,0.0
1993-07-01 00:00:00-04:00,100781.25,105468.75,100781.25,100781.25,1,0.0,0.0
1993-07-02 00:00:00-04:00,100781.25,105468.75,100781.25,105468.75,1,0.0,0.0
1993-07-06 00:00:00-04:00,100781.25,105468.75,100781.25,100781.25,1,0.0,0.0
1993-07-07 00:00:00-04:00,105468.75,105468.75,100781.25,103125.0,2,0.0,0.0
1993-07-08 00:00:00-04:00,103125.0,107812.5,100781.25,105468.75,1,0.0,0.0
1993-07-09 00:00:00-04:00,107812.5,107812.5,103125.0,105468.75,1,0.0,0.0
1993-07-12 00:00:00-04:00,103125.0,107812.5,100781.25,100781.25,1,0.0,0.0
1993-07-13 00:00:00-04:00,100781.25,107812.5,100781.25,105468.75,1,0.0,0.0
1993-07-14 00:00:00-04:00,103125.0,105468.75,100781.25,105468.75,1,0.0,0.0
1993-07-15 00:00:00-04:00,105468.75,105468.75,103125.0,103125.0,2,0.0,0.0
1993-07-16 00:00:00-04:00,103125.0,105468.75,103125.0,103125.0,1,0.0,0.0
1993-07-19 00:00:00-04:00,103125.0,105468.75,100781.25,100781.25,1,0.0,0.0
1993-07-20 00:00:00-04:00,100781.25,105468.75,100781.25,100781.25,1,0.0,0.0
1993-07-21 00:00:00-04:00,100781.25,105468.75,96093.75,96093.75,2,0.0,0.0
1993-07-22 00:00:00-04:00,100781.25,100781.25,93750.0,93750.0,3,0.0,0.0
1993-07-23 00:00:00-04:00,93750.0,100781.25,93750.0,96093.75,2,0.0,0.0
1993-07-26 00:00:00-04:00,96093.75,100781.25,96093.75,98437.5,1,0.0,0.0
1993-07-27 00:00:00-04:00,98437.5,100781.25,96093.75,96093.75,0,0.0,0.0
1993-07-28 00:00:00-04:00,96093.75,98437.5,93750.0,93750.0,1,0.0,0.0
1993-07-29 00:00:00-04:00,93750.0,103125.0,93750.0,100781.25,2,0.0,0.0
1993-07-30 00:00:00-04:00,100781.25,103125.0,98437.5,98437.5,2,0.0,0.0
1993-08-02 00:00:00-04:00,98437.5,103125.0,98437.5,98437.5,0,0.0,0.0
1993-08-03 00:00:00-04:00,98437.5,103125.0,98437.5,98437.5,1,0.0,0.0
1993-08-04 00:00:00-04:00,98437.5,103125.0,98437.5,100781.25,0,0.0,0.0
1993-08-05 00:00:00-04:00,103125.0,107812.5,98437.5,100781.25,2,0.0,0.0
1993-08-06 00:00:00-04:00,98437.5,100781.25,98437.5,98437.5,1,0.0,0.0
1993-08-09 00:00:00-04:00,98437.5,100781.25,96093.75,96093.75,1,0.0,0.0
1993-08-10 00:00:00-04:00,96093.75,100781.25,96093.75,96093.75,1,0.0,0.0
1993-08-11 00:00:00-04:00,98437.5,100781.25,96093.75,100781.25,1,0.0,0.0
1993-08-12 00:00:00-04:00,96093.75,100781.25,91406.25,91406.25,1,0.0,0.0
1993-08-13 00:00:00-04:00,93750.0,98437.5,93750.0,96093.75,2,0.0,0.0
1993-08-16 00:00:00-04:00,93750.0,98437.5,93750.0,93750.0,1,0.0,0.0
1993-08-17 00:00:00-04:00,98437.5,100781.25,93750.0,96093.75,3,0.0,0.0
1993-08-18 00:00:00-04:00,98437.5,98437.5,93750.0,93750.0,1,0.0,0.0
1993-08-19 00:00:00-04:00,93750.0,96093.75,93750.0,96093.75,1,0.0,0.0
1993-08-20 00:00:00-04:00,93750.0,96093.75,93750.0,93750.0,1,0.0,0.0
1993-08-23 00:00:00-04:00,96093.75,98437.5,93750.0,98437.5,1,0.0,0.0
1993-08-24 00:00:00-04:00,93750.0,98437.5,93750.0,98437.5,1,0.0,0.0
1993-08-25 00:00:00-04:00,93750.0,98437.5,93750.0,96093.75,2,0.0,0.0
1993-08-26 00:00:00-04:00,98437.5,98437.5,93750.0,93750.0,0,0.0,0.0
1993-08-27 00:00:00-04:00,93750.0,96093.75,93750.0,93750.0,1,0.0,0.0
1993-08-30 00:00:00-04:00,96093.75,98437.5,93750.0,98437.5,1,0.0,0.0
1993-08-31 00:00:00-04:00,96093.75,114843.75,96093.75,112500.0,4,0.0,0.0
1993-09-01 00:00:00-04:00,112500.0,117187.5,105468.75,105468.75,4,0.0,0.0
1993-09-02 00:00:00-04:00,110156.25,110156.25,100781.25,105468.75,2,0.0,0.0
1993-09-03 00:00:00-04:00,100781.25,112500.0,100781.25,110156.25,2,0.0,0.0
1993-09-07 00:00:00-04:00,112500.0,112500.0,103125.0,103125.0,1,0.0,0.0
1993-09-08 00:00:00-04:00,107812.5,107812.5,103125.0,103125.0,1,0.0,0.0
1993-09-09 00:00:00-04:00,107812.5,107812.5,103125.0,103125.0,0,0.0,0.0
1993-09-10 00:00:00-04:00,103125.0,107812.5,103125.0,107812.5,1,0.0,0.0
1993-09-13 00:00:00-04:00,103125.0,107812.5,100781.25,100781.25,1,0.0,0.0
1993-09-14 00:00:00-04:00,103125.0,103125.0,96093.75,96093.75,1,0.0,0.0
1993-09-15 00:00:00-04:00,100781.25,100781.25,93750.0,98437.5,2,0.0,0.0
1993-09-16 00:00:00-04:00,96093.75,105468.75,96093.75,105468.75,2,0.0,0.0
1993-09-17 00:00:00-04:00,100781.25,105468.75,98437.5,100781.25,1,0.0,0.0
1993-09-20 00:00:00-04:00,110156.25,114843.75,105468.75,112500.0,6,0.0,0.0
1993-09-21 00:00:00-04:00,112500.0,112500.0,105468.75,110156.25,2,0.0,0.0
1993-09-22 00:00:00-04:00,110156.25,112500.0,105468.75,112500.0,1,0.0,0.0
1993-09-23 00:00:00-04:00,112500.0,112500.0,107812.5,110156.25,2,0.0,0.0
1993-09-24 00:00:00-04:00,110156.25,112500.0,110156.25,110156.25,2,0.0,0.0
1993-09-27 00:00:00-04:00,110156.25,114843.75,110156.25,110156.25,1,0.0,0.0
1993-09-28 00:00:00-04:00,114843.75,114843.75,110156.25,112500.0,2,0.0,0.0
1993-09-29 00:00:00-04:00,114843.75,114843.75,112500.0,112500.0,2,0.0,0.0
1993-09-30 00:00:00-04:00,114843.75,114843.75,103125.0,103125.0,3,0.0,0.0
1993-10-01 00:00:00-04:00,103125.0,107812.5,100781.25,103125.0,1,0.0,0.0
1993-10-04 00:00:00-04:00,107812.5,114843.75,100781.25,110156.25,3,0.0,0.0
1993-10-05 00:00:00-04:00,112500.0,114843.75,110156.25,112500.0,2,0.0,0.0
1993-10-06 00:00:00-04:00,114843.75,135937.5,112500.0,131250.0,12,0.0,0.0
1993-10-07 00:00:00-04:00,133593.75,150000.0,133593.75,145312.5,15,0.0,0.0
1993-10-08 00:00:00-04:00,145312.5,145312.5,126562.5,131250.0,4,0.0,0.0
1993-10-11 00:00:00-04:00,131250.0,133593.75,126562.5,128906.25,1,0.0,0.0
1993-10-12 00:00:00-04:00,133593.75,133593.75,121875.0,128906.25,2,0.0,0.0
1993-10-13 00:00:00-04:00,124218.75,135937.5,124218.75,126562.5,2,0.0,0.0
1993-10-14 00:00:00-04:00,131250.0,131250.0,121875.0,124218.75,1,0.0,0.0
1993-10-15 00:00:00-04:00,128906.25,131250.0,121875.0,126562.5,2,0.0,0.0
1993-10-18 00:00:00-04:00,128906.25,135937.5,126562.5,128906.25,3,0.0,0.0
1993-10-19 00:00:00-04:00,128906.25,135937.5,128906.25,131250.0,2,0.0,0.0
1993-10-20 00:00:00-04:00,131250.0,133593.75,126562.5,126562.5,2,0.0,0.0
1993-10-21 00:00:00-04:00,131250.0,131250.0,124218.75,124218.75,1,0.0,0.0
1993-10-22 00:00:00-04:00,126562.5,126562.5,121875.0,121875.0,2,0.0,0.0
1993-10-25 00:00:00-04:00,121875.0,124218.75,114843.75,121875.0,1,0.0,0.0
1993-10-26 00:00:00-04:00,114843.75,121875.0,107812.5,114843.75,3,0.0,0.0
1993-10-27 00:00:00-04:00,112500.0,121875.0,112500.0,121875.0,1,0.0,0.0
1993-10-28 00:00:00-04:00,117187.5,121875.0,112500.0,112500.0,0,0.0,0.0
1993-10-29 00:00:00-04:00,112500.0,121875.0,107812.5,112500.0,3,0.0,0.0
1993-11-01 00:00:00-05:00,114843.75,117187.5,110156.25,114843.75,2,0.0,0.0
1993-11-02 00:00:00-05:00,117187.5,117187.5,110156.25,112500.0,2,0.0,0.0
1993-11-03 00:00:00-05:00,112500.0,117187.5,107812.5,107812.5,1,0.0,0.0
1993-11-04 00:00:00-05:00,107812.5,112500.0,103125.0,105468.75,4,0.0,0.0
1993-11-05 00:00:00-05:00,105468.75,112500.0,103125.0,110156.25,4,0.0,0.0
1993-11-08 00:00:00-05:00,112500.0,114843.75,107812.5,107812.5,3,0.0,0.0
1993-11-09 00:00:00-05:00,107812.5,112500.0,107812.5,112500.0,1,0.0,0.0
1993-11-10 00:00:00-05:00,112500.0,112500.0,107812.5,112500.0,1,0.0,0.0
1993-11-11 00:00:00-05:00,110156.25,114843.75,110156.25,112500.0,1,0.0,0.0
1993-11-12 00:00:00-05:00,110156.25,112500.0,107812.5,110156.25,2,0.0,0.0
1993-11-15 00:00:00-05:00,110156.25,112500.0,107812.5,112500.0,1,0.0,0.0
1993-11-16 00:00:00-05:00,110156.25,112500.0,107812.5,107812.5,3,0.0,0.0
1993-11-17 00:00:00-05:00,107812.5,112500.0,107812.5,112500.0,3,0.0,0.0
1993-11-18 00:00:00-05:00,112500.0,112500.0,110156.25,112500.0,2,0.0,0.0
1993-11-19 00:00:00-05:00,110156.25,112500.0,110156.25,110156.25,1,0.0,0.0
1993-11-22 00:00:00-05:00,110156.25,117187.5,110156.25,110156.25,2,0.0,0.0
1993-11-23 00:00:00-05:00,110156.25,117187.5,110156.25,114843.75,3,0.0,0.0
1993-11-24 00:00:00-05:00,110156.25,114843.75,110156.25,112500.0,2,0.0,0.0
1993-11-26 00:00:00-05:00,112500.0,112500.0,110156.25,110156.25,1,0.0,0.0
1993-11-29 00:00:00-05:00,112500.0,112500.0,110156.25,110156.25,1,0.0,0.0
1993-11-30 00:00:00-05:00,110156.25,112500.0,110156.25,110156.25,1,0.0,0.0
1993-12-01 00:00:00-05:00,110156.25,112500.0,110156.25,110156.25,1,0.0,0.0
1993-12-02 00:00:00-05:00,112500.0,112500.0,110156.25,110156.25,1,0.0,0.0
1993-12-03 00:00:00-05:00,110156.25,112500.0,110156.25,112500.0,2,0.0,0.0
1993-12-06 00:00:00-05:00,112500.0,112500.0,110156.25,110156.25,3,0.0,0.0
1993-12-07 00:00:00-05:00,110156.25,114843.75,110156.25,112500.0,3,0.0,0.0
1993-12-08 00:00:00-05:00,112500.0,138281.25,112500.0,133593.75,10,0.0,0.0
1993-12-09 00:00:00-05:00,131250.0,135937.5,121875.0,124218.75,4,0.0,0.0
1993-12-10 00:00:00-05:00,128906.25,131250.0,124218.75,124218.75,2,0.0,0.0
1993-12-13 00:00:00-05:00,124218.75,128906.25,121875.0,121875.0,2,0.0,0.0
1993-12-14 00:00:00-05:00,121875.0,126562.5,117187.5,126562.5,3,0.0,0.0
1993-12-15 00:00:00-05:00,121875.0,126562.5,121875.0,124218.75,2,0.0,0.0
1993-12-16 00:00:00-05:00,121875.0,124218.75,117187.5,124218.75,2,0.0,0.0
1993-12-17 00:00:00-05:00,124218.75,126562.5,121875.0,126562.5,2,0.0,0.0
1993-12-20 00:00:00-05:00,121875.0,126562.5,112500.0,112500.0,2,0.0,0.0
1993-12-21 00:00:00-05:00,112500.0,112500.0,100781.25,103125.0,6,0.0,0.0
1993-12-22 00:00:00-05:00,105468.75,112500.0,103125.0,103125.0,5,0.0,0.0
1993-12-23 00:00:00-05:00,103125.0,107812.5,100781.25,107812.5,3,0.0,0.0
1993-12-27 00:00:00-05:00,107812.5,107812.5,100781.25,105468.75,2,0.0,0.0
1993-12-28 00:00:00-05:00,103125.0,107812.5,100781.25,107812.5,3,0.0,0.0
1993-12-29 00:00:00-05:00,103125.0,107812.5,103125.0,103125.0,3,0.0,0.0
1993-12-30 00:00:00-05:00,103125.0,110156.25,103125.0,110156.25,3,0.0,0.0
1993-12-31 00:00:00-05:00,107812.5,110156.25,105468.75,107812.5,2,0.0,0.0
1994-01-03 00:00:00-05:00,107812.5,121875.0,107812.5,121875.0,3,0.0,0.0
1994-01-04 00:00:00-05:00,119531.25,119531.25,107812.5,117187.5,4,0.0,0.0
1994-01-05 00:00:00-05:00,117187.5,117187.5,114843.75,117187.5,1,0.0,0.0
1994-01-06 00:00:00-05:00,119531.25,121875.0,114843.75,119531.25,2,0.0,0.0
1994-01-07 00:00:00-05:00,117187.5,133593.75,117187.5,133593.75,5,0.0,0.0
1994-01-10 00:00:00-05:00,128906.25,133593.75,121875.0,126562.5,4,0.0,0.0
1994-01-11 00:00:00-05:00,119531.25,126562.5,114843.75,117187.5,3,0.0,0.0
1994-01-12 00:00:00-05:00,117187.5,121875.0,112500.0,117187.5,3,0.0,0.0
1994-01-13 00:00:00-05:00,117187.5,117187.5,107812.5,112500.0,2,0.0,0.0
1994-01-14 00:00:00-05:00,112500.0,117187.5,103125.0,114843.75,9,0.0,0.0
1994-01-17 00:00:00-05:00,112500.0,121875.0,112500.0,121875.0,5,0.0,0.0
1994-01-18 00:00:00-05:00,121875.0,135937.5,112500.0,117187.5,3,0.0,0.0
1994-01-19 00:00:00-05:00,112500.0,117187.5,107812.5,110156.25,2,0.0,0.0
1994-01-20 00:00:00-05:00,110156.25,112500.0,103125.0,112500.0,4,0.0,0.0
1994-01-21 00:00:00-05:00,112500.0,112500.0,103125.0,110156.25,1,0.0,0.0
1994-01-24 00:00:00-05:00,110156.25,110156.25,105468.75,110156.25,1,0.0,0.0
1994-01-25 00:00:00-05:00,110156.25,110156.25,103125.0,103125.0,1,0.0,0.0
1994-01-26 00:00:00-05:00,105468.75,107812.5,100781.25,100781.25,2,0.0,0.0
1994-01-27 00:00:00-05:00,103125.0,112500.0,100781.25,110156.25,5,0.0,0.0
1994-01-28 00:00:00-05:00,112500.0,119531.25,110156.25,117187.5,4,0.0,0.0
1994-01-31 00:00:00-05:00,110156.25,119531.25,107812.5,107812.5,1,0.0,0.0
1994-02-01 00:00:00-05:00,110156.25,114843.75,107812.5,110156.25,3,0.0,0.0
1994-02-02 00:00:00-05:00,110156.25,114843.75,110156.25,110156.25,4,0.0,0.0
1994-02-03 00:00:00-05:00,112500.0,117187.5,110156.25,114843.75,2,0.0,0.0
1994-02-04 00:00:00-05:00,112500.0,117187.5,103125.0,105468.75,2,0.0,0.0
1994-02-07 00:00:00-05:00,103125.0,110156.25,103125.0,105468.75,1,0.0,0.0
1994-02-08 00:00:00-05:00,105468.75,110156.25,105468.75,105468.75,1,0.0,0.0
1994-02-09 00:00:00-05:00,103125.0,105468.75,100781.25,100781.25,1,0.0,0.0
1994-02-10 00:00:00-05:00,100781.25,105468.75,98437.5,98437.5,1,0.0,0.0
1994-02-11 00:00:00-05:00,100781.25,100781.25,96093.75,98437.5,1,0.0,0.0
1994-02-14 00:00:00-05:00,100781.25,100781.25,96093.75,98437.5,1,0.0,0.0
1994-02-15 00:00:00-05:00,98437.5,103125.0,96093.75,103125.0,5,0.0,0.0
1994-02-16 00:00:00-05:00,103125.0,110156.25,103125.0,107812.5,1,0.0,0.0
1994-02-17 00:00:00-05:00,105468.75,110156.25,103125.0,107812.5,1,0.0,0.0
1994-02-18 00:00:00-05:00,105468.75,110156.25,103125.0,105468.75,1,0.0,0.0
1994-02-22 00:00:00-05:00,105468.75,105468.75,103125.0,103125.0,1,0.0,0.0
1994-02-23 00:00:00-05:00,105468.75,107812.5,100781.25,100781.25,1,0.0,0.0
1994-02-24 00:00:00-05:00,100781.25,103125.0,91406.25,93750.0,1,0.0,0.0
1994-02-25 00:00:00-05:00,93750.0,98437.5,89062.5,96093.75,1,0.0,0.0
1994-02-28 00:00:00-05:00,93750.0,96093.75,91406.25,93750.0,1,0.0,0.0
1994-03-01 00:00:00-05:00,96093.75,96093.75,89062.5,91406.25,2,0.0,0.0
1994-03-02 00:00:00-05:00,93750.0,98437.5,86718.75,96093.75,1,0.0,0.0
1994-03-03 00:00:00-05:00,93750.0,98437.5,91406.25,91406.25,1,0.0,0.0
1994-03-04 00:00:00-05:00,91406.25,98437.5,91406.25,98437.5,2,0.0,0.0
1994-03-07 00:00:00-05:00,93750.0,96093.75,89062.5,89062.5,1,0.0,0.0
1994-03-08 00:00:00-05:00,91406.25,96093.75,86718.75,93750.0,1,0.0,0.0
1994-03-09 00:00:00-05:00,91406.25,93750.0,89062.5,89062.5,1,0.0,0.0
1994-03-10 00:00:00-05:00,91406.25,91406.25,86718.75,89062.5,2,0.0,0.0
1994-03-11 00:00:00-05:00,86718.75,91406.25,86718.75,91406.25,1,0.0,0.0
1994-03-14 00:00:00-05:00,91406.25,93750.0,89062.5,91406.25,1,0.0,0.0
1994-03-15 00:00:00-05:00,91406.25,93750.0,89062.5,89062.5,1,0.0,0.0
1994-03-16 00:00:00-05:00,89062.5,91406.25,86718.75,86718.75,1,0.0,0.0
1994-03-17 00:00:00-05:00,89062.5,91406.25,86718.75,89062.5,1,0.0,0.0
1994-03-18 00:00:00-05:00,86718.75,91406.25,86718.75,89062.5,1,0.0,0.0
1994-03-21 00:00:00-05:00,86718.75,91406.25,86718.75,86718.75,1,0.0,0.0
1994-03-22 00:00:00-05:00,89062.5,89062.5,86718.75,89062.5,1,0.0,0.0
1994-03-23 00:00:00-05:00,89062.5,105468.75,86718.75,100781.25,6,0.0,0.0
1994-03-24 00:00:00-05:00,100781.25,107812.5,100781.25,100781.25,2,0.0,0.0
1994-03-25 00:00:00-05:00,100781.25,105468.75,93750.0,93750.0,1,0.0,0.0
1994-03-28 00:00:00-05:00,93750.0,98437.5,91406.25,96093.75,1,0.0,0.0
1994-03-29 00:00:00-05:00,93750.0,93750.0,84375.0,86718.75,1,0.0,0.0
1994-03-30 00:00:00-05:00,89062.5,89062.5,77343.75,82031.25,1,0.0,0.0
1994-03-31 00:00:00-05:00,77343.75,84375.0,77343.75,82031.25,2,0.0,0.0
1994-04-04 00:00:00-04:00,82031.25,89062.5,77343.75,84375.0,3,0.0,0.0
1994-04-05 00:00:00-04:00,84375.0,91406.25,84375.0,89062.5,1,0.0,0.0
1994-04-06 00:00:00-04:00,89062.5,89062.5,82031.25,84375.0,2,0.0,0.0
1994-04-07 00:00:00-04:00,89062.5,91406.25,84375.0,86718.75,2,0.0,0.0
1994-04-08 00:00:00-04:00,89062.5,89062.5,86718.75,89062.5,1,0.0,0.0
1994-04-11 00:00:00-04:00,89062.5,91406.25,86718.75,89062.5,2,0.0,0.0
1994-04-12 00:00:00-04:00,89062.5,89062.5,79687.5,82031.25,3,0.0,0.0
1994-04-13 00:00:00-04:00,86718.75,86718.75,77343.75,77343.75,1,0.0,0.0
1994-04-14 00:00:00-04:00,84375.0,84375.0,77343.75,79687.5,3,0.0,0.0
1994-04-15 00:00:00-04:00,79687.5,89062.5,77343.75,77343.75,2,0.0,0.0
1994-04-18 00:00:00-04:00,77343.75,84375.0,75000.0,77343.75,1,0.0,0.0
1994-04-19 00:00:00-04:00,82031.25,84375.0,75000.0,79687.5,2,0.0,0.0
1994-04-20 00:00:00-04:00,79687.5,84375.0,75000.0,75000.0,2,0.0,0.0
1994-04-21 00:00:00-04:00,77343.75,82031.25,75000.0,75000.0,1,0.0,0.0
1994-04-22 00:00:00-04:00,76171.875,79687.5,75000.0,77343.75,2,0.0,0.0
1994-04-25 00:00:00-04:00,75000.0,79687.5,75000.0,75000.0,1,0.0,0.0
1994-04-26 00:00:00-04:00,75000.0,82031.25,75000.0,77343.75,0,0.0,0.0
1994-04-28 00:00:00-04:00,79687.5,79687.5,75000.0,75000.0,2,0.0,0.0
1994-04-29 00:00:00-04:00,77343.75,79687.5,72656.25,75000.0,2,0.0,0.0
1994-05-02 00:00:00-04:00,75000.0,84375.0,75000.0,79687.5,4,0.0,0.0
1994-05-03 00:00:00-04:00,79687.5,84375.0,75000.0,75000.0,1,0.0,0.0
1994-05-04 00:00:00-04:00,75000.0,77343.75,75000.0,75000.0,1,0.0,0.0
1994-05-05 00:00:00-04:00,75000.0,79687.5,75000.0,75000.0,1,0.0,0.0
1994-05-06 00:00:00-04:00,75000.0,79687.5,75000.0,77343.75,0,0.0,0.0
1994-05-09 00:00:00-04:00,75000.0,79687.5,75000.0,75000.0,1,0.0,0.0
1994-05-10 00:00:00-04:00,77343.75,79687.5,75000.0,79687.5,1,0.0,0.0
1994-05-11 00:00:00-04:00,75000.0,79687.5,75000.0,75000.0,1,0.0,0.0
1994-05-12 00:00:00-04:00,75000.0,77343.75,72656.25,72656.25,1,0.0,0.0
1994-05-13 00:00:00-04:00,72656.25,75000.0,70312.5,72656.25,1,0.0,0.0
1994-05-16 00:00:00-04:00,72656.25,72656.25,70312.5,70312.5,1,0.0,0.0
1994-05-17 00:00:00-04:00,67968.75,72656.25,63281.25,63281.25,2,0.0,0.0
1994-05-18 00:00:00-04:00,63281.25,70312.5,60937.5,70312.5,3,0.0,0.0
1994-05-19 00:00:00-04:00,67968.75,70312.5,65625.0,70312.5,2,0.0,0.0
1994-05-20 00:00:00-04:00,65625.0,70312.5,63281.25,65625.0,1,0.0,0.0
1994-05-23 00:00:00-04:00,65625.0,65625.0,60937.5,63281.25,3,0.0,0.0
1994-05-24 00:00:00-04:00,65625.0,65625.0,60937.5,60937.5,1,0.0,0.0
1994-05-25 00:00:00-04:00,63281.25,67968.75,63281.25,63281.25,2,0.0,0.0
1994-05-26 00:00:00-04:00,67968.75,67968.75,63281.25,65625.0,1,0.0,0.0
1994-05-27 00:00:00-04:00,67968.75,75000.0,67968.75,75000.0,1,0.0,0.0
1994-05-31 00:00:00-04:00,75000.0,75000.0,70312.5,70312.5,0,0.0,0.0
1994-06-01 00:00:00-04:00,70312.5,75000.0,70312.5,75000.0,1,0.0,0.0
1994-06-02 00:00:00-04:00,75000.0,79687.5,70312.5,72656.25,1,0.0,0.0
1994-06-03 00:00:00-04:00,72656.25,77343.75,72656.25,76171.875,1,0.0,0.0
1994-06-06 00:00:00-04:00,79687.5,82031.25,75000.0,75000.0,2,0.0,0.0
1994-06-07 00:00:00-04:00,75000.0,79687.5,75000.0,75000.0,1,0.0,0.0
1994-06-08 00:00:00-04:00,75000.0,77343.75,70312.5,70312.5,3,0.0,0.0
1994-06-09 00:00:00-04:00,70312.5,75000.0,70312.5,70312.5,0,0.0,0.0
1994-06-10 00:00:00-04:00,70312.5,82031.25,70312.5,77343.75,3,0.0,0.0
1994-06-13 00:00:00-04:00,79687.5,82031.25,77343.75,77343.75,1,0.0,0.0
1994-06-14 00:00:00-04:00,77343.75,79687.5,72656.25,72656.25,2,0.0,0.0
1994-06-15 00:00:00-04:00,72656.25,77343.75,72656.25,72656.25,1,0.0,0.0
1994-06-16 00:00:00-04:00,75000.0,75000.0,70312.5,70312.5,3,0.0,0.0
1994-06-17 00:00:00-04:00,75000.0,75000.0,70312.5,70312.5,0,0.0,0.0
1994-06-20 00:00:00-04:00,70312.5,72656.25,67968.75,67968.75,1,0.0,0.0
1994-06-21 00:00:00-04:00,67968.75,70312.5,63281.25,63281.25,1,0.0,0.0
1994-06-22 00:00:00-04:00,65625.0,65625.0,63281.25,63281.25,1,0.0,0.0
1994-06-23 00:00:00-04:00,63281.25,65625.0,63281.25,63281.25,1,0.0,0.0
1994-06-24 00:00:00-04:00,63281.25,66796.875,63281.25,65625.0,1,0.0,0.0
1994-06-27 00:00:00-04:00,65625.0,70312.5,65625.0,65625.0,0,0.0,0.0
1994-06-28 00:00:00-04:00,70312.5,70312.5,63281.25,63281.25,1,0.0,0.0
1994-06-29 00:00:00-04:00,63281.25,65625.0,60937.5,65625.0,0,0.0,0.0
1994-06-30 00:00:00-04:00,63281.25,65625.0,60937.5,63281.25,1,0.0,0.0
1994-07-01 00:00:00-04:00,60937.5,63281.25,56250.0,56250.0,1,0.0,0.0
1994-07-05 00:00:00-04:00,58593.75,58593.75,42187.5,46875.0,3,0.0,0.0
1994-07-06 00:00:00-04:00,51562.5,58593.75,46875.0,51562.5,5,0.0,0.0
1994-07-07 00:00:00-04:00,46875.0,51562.5,42187.5,50390.625,4,0.0,0.0
1994-07-08 00:00:00-04:00,56250.0,56250.0,51562.5,56250.0,1,0.0,0.0
1994-07-11 00:00:00-04:00,56250.0,58593.75,51562.5,51562.5,1,0.0,0.0
1994-07-12 00:00:00-04:00,56250.0,56250.0,51562.5,56250.0,1,0.0,0.0
1994-07-13 00:00:00-04:00,51562.5,56250.0,49218.75,49218.75,1,0.0,0.0
1994-07-14 00:00:00-04:00,56250.0,56250.0,49218.75,51562.5,1,0.0,0.0
1994-07-15 00:00:00-04:00,56250.0,56250.0,49218.75,56250.0,3,0.0,0.0
1994-07-18 00:00:00-04:00,56250.0,56250.0,51562.5,56250.0,1,0.0,0.0
1994-07-19 00:00:00-04:00,53906.25,65625.0,53906.25,60937.5,3,0.0,0.0
1994-07-20 00:00:00-04:00,65625.0,65625.0,60937.5,63281.25,0,0.0,0.0
1994-07-21 00:00:00-04:00,65625.0,65625.0,60937.5,63281.25,1,0.0,0.0
1994-07-22 00:00:00-04:00,60937.5,65625.0,60937.5,60937.5,0,0.0,0.0
1994-07-25 00:00:00-04:00,60937.5,70312.5,60937.5,63281.25,1,0.0,0.0
1994-07-26 00:00:00-04:00,70312.5,77343.75,65625.0,72656.25,4,0.0,0.0
1994-07-27 00:00:00-04:00,72656.25,77343.75,70312.5,70312.5,1,0.0,0.0
1994-07-28 00:00:00-04:00,75000.0,75000.0,65625.0,70312.5,1,0.0,0.0
1994-07-29 00:00:00-04:00,65625.0,70312.5,65625.0,65625.0,0,0.0,0.0
1994-08-01 00:00:00-04:00,70312.5,72656.25,65625.0,65625.0,0,0.0,0.0
1994-08-02 00:00:00-04:00,65625.0,70312.5,53906.25,56250.0,3,0.0,0.0
1994-08-03 00:00:00-04:00,56250.0,60937.5,56250.0,56250.0,1,0.0,0.0
1994-08-04 00:00:00-04:00,60937.5,60937.5,44531.25,51562.5,3,0.0,0.0
1994-08-05 00:00:00-04:00,56250.0,56250.0,51562.5,56250.0,1,0.0,0.0
1994-08-08 00:00:00-04:00,56250.0,56250.0,53906.25,53906.25,3,0.0,0.0
1994-08-09 00:00:00-04:00,56250.0,65625.0,52734.375,60937.5,5,0.0,0.0
1994-08-10 00:00:00-04:00,65625.0,65625.0,56250.0,56250.0,1,0.0,0.0
1994-08-11 00:00:00-04:00,60937.5,60937.5,53906.25,53906.25,1,0.0,0.0
1994-08-12 00:00:00-04:00,56250.0,58593.75,53906.25,56250.0,1,0.0,0.0
1994-08-15 00:00:00-04:00,56250.0,58593.75,56250.0,58593.75,0,0.0,0.0
1994-08-16 00:00:00-04:00,58593.75,63281.25,56250.0,56250.0,2,0.0,0.0
1994-08-17 00:00:00-04:00,56250.0,60937.5,56250.0,56250.0,0,0.0,0.0
1994-08-18 00:00:00-04:00,58593.75,58593.75,56250.0,56250.0,0,0.0,0.0
1994-08-19 00:00:00-04:00,56250.0,58593.75,53906.25,55078.125,1,0.0,0.0
1994-08-22 00:00:00-04:00,53906.25,58593.75,53906.25,53906.25,0,0.0,0.0
1994-08-23 00:00:00-04:00,53906.25,56250.0,53906.25,53906.25,3,0.0,0.0
1994-08-24 00:00:00-04:00,53906.25,58593.75,53906.25,56250.0,1,0.0,0.0
1994-08-25 00:00:00-04:00,56250.0,60937.5,53906.25,56250.0,1,0.0,0.0
1994-08-26 00:00:00-04:00,56250.0,60937.5,56250.0,56250.0,1,0.0,0.0
1994-08-29 00:00:00-04:00,60937.5,60937.5,56250.0,58593.75,0,0.0,0.0
1994-08-30 00:00:00-04:00,60937.5,60937.5,58593.75,58593.75,0,0.0,0.0
1994-08-31 00:00:00-04:00,58593.75,60937.5,51562.5,51562.5,2,0.0,0.0
1994-09-01 00:00:00-04:00,51562.5,56250.0,51562.5,53906.25,0,0.0,0.0
1994-09-02 00:00:00-04:00,51562.5,56250.0,46875.0,56250.0,5,0.0,0.0
1994-09-06 00:00:00-04:00,56250.0,56250.0,49218.75,53906.25,1,0.0,0.0
1994-09-07 00:00:00-04:00,49218.75,53906.25,46875.0,51562.5,1,0.0,0.0
1994-09-08 00:00:00-04:00,46875.0,51562.5,46875.0,51562.5,2,0.0,0.0
1994-09-09 00:00:00-04:00,46875.0,51562.5,46875.0,46875.0,3,0.0,0.0
1994-09-12 00:00:00-04:00,46875.0,51562.5,44531.25,49218.75,1,0.0,0.0
1994-09-13 00:00:00-04:00,46875.0,49218.75,44531.25,49218.75,3,0.0,0.0
1994-09-14 00:00:00-04:00,49218.75,49218.75,46875.0,49218.75,1,0.0,0.0
1994-09-15 00:00:00-04:00,46875.0,51562.5,46875.0,49218.75,3,0.0,0.0
1994-09-16 00:00:00-04:00,51562.5,53906.25,49218.75,49218.75,1,0.0,0.0
1994-09-19 00:00:00-04:00,53906.25,53906.25,49218.75,51562.5,0,0.0,0.0
1994-09-20 00:00:00-04:00,51562.5,51562.5,49218.75,51562.5,1,0.0,0.0
1994-09-21 00:00:00-04:00,49218.75,51562.5,46875.0,46875.0,1,0.0,0.0
1994-09-22 00:00:00-04:00,46875.0,49218.75,46875.0,46875.0,1,0.0,0.0
1994-09-23 00:00:00-04:00,49218.75,49218.75,46875.0,46875.0,1,0.0,0.0
1994-09-26 00:00:00-04:00,49218.75,49218.75,46875.0,46875.0,1,0.0,0.0
1994-09-27 00:00:00-04:00,49218.75,49218.75,44531.25,46875.0,1,0.0,0.0
1994-09-28 00:00:00-04:00,46875.0,49218.75,44531.25,44531.25,1,0.0,0.0
1994-09-29 00:00:00-04:00,46875.0,51562.5,46875.0,49218.75,0,0.0,0.0
1994-09-30 00:00:00-04:00,49218.75,51562.5,44531.25,49218.75,2,0.0,0.0
1994-10-03 00:00:00-04:00,44531.25,49218.75,44531.25,49218.75,0,0.0,0.0
1994-10-04 00:00:00-04:00,44531.25,49218.75,44531.25,46875.0,0,0.0,0.0
1994-10-05 00:00:00-04:00,44531.25,49218.75,44531.25,45703.125,7,0.0,0.0
1994-10-06 00:00:00-04:00,49218.75,49218.75,39843.75,49218.75,5,0.0,0.0
1994-10-07 00:00:00-04:00,46875.0,49218.75,46875.0,49218.75,1,0.0,0.0
1994-10-10 00:00:00-04:00,46875.0,49218.75,46875.0,46875.0,1,0.0,0.0
1994-10-11 00:00:00-04:00,46875.0,49218.75,46875.0,49218.75,1,0.0,0.0
1994-10-12 00:00:00-04:00,46875.0,49218.75,46875.0,46875.0,0,0.0,0.0
1994-10-13 00:00:00-04:00,46875.0,51562.5,46875.0,49218.75,4,0.0,0.0
1994-10-14 00:00:00-04:00,49218.75,53906.25,46875.0,51562.5,3,0.0,0.0
1994-10-17 00:00:00-04:00,53906.25,56250.0,49218.75,51562.5,3,0.0,0.0
1994-10-18 00:00:00-04:00,51562.5,53906.25,49218.75,49218.75,2,0.0,0.0
1994-10-19 00:00:00-04:00,49218.75,53906.25,49218.75,51562.5,1,0.0,0.0
1994-10-20 00:00:00-04:00,51562.5,53906.25,51562.5,51562.5,1,0.0,0.0
1994-10-21 00:00:00-04:00,51562.5,53906.25,49218.75,51562.5,3,0.0,0.0
1994-10-24 00:00:00-04:00,49218.75,51562.5,49218.75,51562.5,1,0.0,0.0
1994-10-25 00:00:00-04:00,51562.5,51562.5,44531.25,46875.0,1,0.0,0.0
1994-10-26 00:00:00-04:00,44531.25,46875.0,44531.25,46875.0,0,0.0,0.0
1994-10-27 00:00:00-04:00,44531.25,46875.0,44531.25,44531.25,0,0.0,0.0
1994-10-28 00:00:00-04:00,44531.25,46875.0,42187.5,42187.5,2,0.0,0.0
1994-10-31 00:00:00-05:00,42187.5,46875.0,37500.0,37500.0,2,0.0,0.0
1994-11-01 00:00:00-05:00,44531.25,44531.25,42187.5,42187.5,3,0.0,0.0
1994-11-02 00:00:00-05:00,42187.5,44531.25,42187.5,44531.25,2,0.0,0.0
1994-11-03 00:00:00-05:00,44531.25,44531.25,42187.5,42187.5,2,0.0,0.0
1994-11-04 00:00:00-05:00,44531.25,44531.25,39843.75,42187.5,1,0.0,0.0
1994-11-07 00:00:00-05:00,42187.5,44531.25,39843.75,39843.75,1,0.0,0.0
1994-11-08 00:00:00-05:00,42187.5,42187.5,39843.75,42187.5,0,0.0,0.0
1994-11-09 00:00:00-05:00,42187.5,42187.5,39843.75,42187.5,1,0.0,0.0
1994-11-10 00:00:00-05:00,42187.5,42187.5,38671.875,38671.875,3,0.0,0.0
1994-11-11 00:00:00-05:00,39843.75,42187.5,39843.75,39843.75,1,0.0,0.0
1994-11-14 00:00:00-05:00,39843.75,42187.5,38671.875,42187.5,1,0.0,0.0
1994-11-15 00:00:00-05:00,39843.75,42187.5,37500.0,39843.75,1,0.0,0.0
1994-11-16 00:00:00-05:00,37500.0,39843.75,37500.0,37500.0,5,0.0,0.0
1994-11-17 00:00:00-05:00,42187.5,42187.5,37500.0,42187.5,3,0.0,0.0
1994-11-18 00:00:00-05:00,42187.5,42187.5,37500.0,37500.0,1,0.0,0.0
1994-11-21 00:00:00-05:00,37500.0,42187.5,37500.0,37500.0,1,0.0,0.0
1994-11-22 00:00:00-05:00,37500.0,39843.75,37500.0,37500.0,1,0.0,0.0
1994-11-23 00:00:00-05:00,39843.75,39843.75,35156.25,39843.75,2,0.0,0.0
1994-11-25 00:00:00-05:00,35156.25,39843.75,35156.25,35156.25,1,0.0,0.0
1994-11-28 00:00:00-05:00,35156.25,37500.0,32812.5,35156.25,4,0.0,0.0
1994-11-29 00:00:00-05:00,35156.25,37500.0,30468.75,35156.25,2,0.0,0.0
1994-11-30 00:00:00-05:00,37500.0,37500.0,30468.75,35156.25,3,0.0,0.0
1994-12-01 00:00:00-05:00,35156.25,35156.25,30468.75,30468.75,2,0.0,0.0
1994-12-02 00:00:00-05:00,30468.75,35156.25,30468.75,35156.25,2,0.0,0.0
1994-12-05 00:00:00-05:00,30468.75,35156.25,30468.75,30468.75,2,0.0,0.0
1994-12-06 00:00:00-05:00,30468.75,32812.5,30468.75,31640.625,3,0.0,0.0
1994-12-07 00:00:00-05:00,32812.5,35156.25,30468.75,32812.5,1,0.0,0.0
1994-12-08 00:00:00-05:00,32812.5,32812.5,30468.75,32812.5,1,0.0,0.0
1994-12-09 00:00:00-05:00,32812.5,32812.5,28125.0,29296.875,4,0.0,0.0
1994-12-12 00:00:00-05:00,30468.75,30468.75,28125.0,30468.75,2,0.0,0.0
1994-12-13 00:00:00-05:00,28125.0,30468.75,25781.25,25781.25,3,0.0,0.0
1994-12-14 00:00:00-05:00,25781.25,32812.5,25781.25,32812.5,5,0.0,0.0
1994-12-15 00:00:00-05:00,32812.5,42187.5,30468.75,37500.0,7,0.0,0.0
1994-12-16 00:00:00-05:00,46875.0,51562.5,37500.0,44531.25,4,0.0,0.0
1994-12-19 00:00:00-05:00,44531.25,49218.75,37500.0,37500.0,3,0.0,0.0
1994-12-20 00:00:00-05:00,37500.0,39843.75,32812.5,32812.5,2,0.0,0.0
1994-12-21 00:00:00-05:00,35156.25,35156.25,30468.75,35156.25,4,0.0,0.0
1994-12-22 00:00:00-05:00,30468.75,35156.25,30468.75,33984.375,4,0.0,0.0
1994-12-23 00:00:00-05:00,32812.5,37500.0,30468.75,30468.75,2,0.0,0.0
1994-12-27 00:00:00-05:00,30468.75,32812.5,28125.0,30468.75,3,0.0,0.0
1994-12-28 00:00:00-05:00,30468.75,32812.5,28125.0,30468.75,3,0.0,0.0
1994-12-29 00:00:00-05:00,32812.5,32812.5,28125.0,28125.0,4,0.0,0.0
1994-12-30 00:00:00-05:00,30468.75,32812.5,28125.0,30468.75,6,0.0,0.0
1995-01-03 00:00:00-05:00,30468.75,37500.0,30468.75,37500.0,1,0.0,0.0
1995-01-04 00:00:00-05:00,36328.125,37500.0,32812.5,35156.25,1,0.0,0.0
1995-01-05 00:00:00-05:00,32812.5,44531.25,32812.5,35156.25,1,0.0,0.0
1995-01-06 00:00:00-05:00,37500.0,37500.0,35156.25,37500.0,1,0.0,0.0
1995-01-09 00:00:00-05:00,35156.25,37500.0,35156.25,35156.25,1,0.0,0.0
1995-01-10 00:00:00-05:00,37500.0,37500.0,35156.25,37500.0,3,0.0,0.0
1995-01-11 00:00:00-05:00,35156.25,37500.0,35156.25,36328.125,1,0.0,0.0
1995-01-12 00:00:00-05:00,37500.0,42187.5,35156.25,37500.0,1,0.0,0.0
1995-01-13 00:00:00-05:00,35156.25,39843.75,35156.25,39843.75,2,0.0,0.0
1995-01-16 00:00:00-05:00,39843.75,39843.75,35156.25,35156.25,1,0.0,0.0
1995-01-17 00:00:00-05:00,39843.75,39843.75,35156.25,39843.75,1,0.0,0.0
1995-01-18 00:00:00-05:00,39843.75,39843.75,35156.25,39843.75,1,0.0,0.0
1995-01-19 00:00:00-05:00,35156.25,37500.0,35156.25,37500.0,1,0.0,0.0
1995-01-20 00:00:00-05:00,35156.25,37500.0,35156.25,37500.0,1,0.0,0.0
1995-01-23 00:00:00-05:00,35156.25,37500.0,35156.25,37500.0,2,0.0,0.0
1995-01-24 00:00:00-05:00,37500.0,37500.0,35156.25,35156.25,1,0.0,0.0
1995-01-25 00:00:00-05:00,35156.25,37500.0,35156.25,35156.25,0,0.0,0.0
1995-01-26 00:00:00-05:00,35156.25,37500.0,35156.25,37500.0,0,0.0,0.0
1995-01-27 00:00:00-05:00,35156.25,37500.0,35156.25,35156.25,1,0.0,0.0
1995-01-30 00:00:00-05:00,35156.25,37500.0,32812.5,32812.5,0,0.0,0.0
1995-01-31 00:00:00-05:00,32812.5,42187.5,32812.5,37500.0,4,0.0,0.0
1995-02-01 00:00:00-05:00,35156.25,39843.75,35156.25,37500.0,2,0.0,0.0
1995-02-02 00:00:00-05:00,37500.0,39843.75,35156.25,35156.25,0,0.0,0.0
1995-02-03 00:00:00-05:00,39843.75,42187.5,35156.25,39843.75,1,0.0,0.0
1995-02-06 00:00:00-05:00,37500.0,39843.75,35156.25,39843.75,1,0.0,0.0
1995-02-07 00:00:00-05:00,35156.25,39843.75,35156.25,37500.0,1,0.0,0.0
1995-02-08 00:00:00-05:00,35156.25,37500.0,35156.25,35156.25,1,0.0,0.0
1995-02-09 00:00:00-05:00,39843.75,39843.75,35156.25,37500.0,1,0.0,0.0
1995-02-10 00:00:00-05:00,35156.25,37500.0,35156.25,35156.25,0,0.0,0.0
1995-02-13 00:00:00-05:00,37500.0,37500.0,35156.25,37500.0,0,0.0,0.0
1995-02-14 00:00:00-05:00,37500.0,37500.0,33984.375,37500.0,1,0.0,0.0
1995-02-15 00:00:00-05:00,35156.25,37500.0,35156.25,37500.0,3,0.0,0.0
1995-02-16 00:00:00-05:00,37500.0,37500.0,32812.5,37500.0,0,0.0,0.0
1995-02-17 00:00:00-05:00,37500.0,37500.0,32812.5,37500.0,0,0.0,0.0
1995-02-21 00:00:00-05:00,37500.0,37500.0,32812.5,32812.5,1,0.0,0.0
1995-02-22 00:00:00-05:00,32812.5,37500.0,30468.75,37500.0,2,0.0,0.0
1995-02-23 00:00:00-05:00,30468.75,35156.25,30468.75,30468.75,1,0.0,0.0
1995-02-24 00:00:00-05:00,37500.0,37500.0,30468.75,37500.0,0,0.0,0.0
1995-02-27 00:00:00-05:00,30468.75,37500.0,30468.75,30468.75,1,0.0,0.0
1995-02-28 00:00:00-05:00,37500.0,37500.0,30468.75,32812.5,1,0.0,0.0
1995-03-01 00:00:00-05:00,37500.0,37500.0,32812.5,36328.125,2,0.0,0.0
1995-03-02 00:00:00-05:00,42187.5,53906.25,38671.875,43359.375,11,0.0,0.0
1995-03-03 00:00:00-05:00,49218.75,49218.75,42187.5,49218.75,6,0.0,0.0
1995-03-06 00:00:00-05:00,49218.75,49218.75,42187.5,46875.0,2,0.0,0.0
1995-03-07 00:00:00-05:00,49218.75,49218.75,44531.25,46875.0,1,0.0,0.0
1995-03-08 00:00:00-05:00,44531.25,46875.0,37500.0,37500.0,1,0.0,0.0
1995-03-09 00:00:00-05:00,46875.0,46875.0,39843.75,42187.5,2,0.0,0.0
1995-03-10 00:00:00-05:00,44531.25,46875.0,39843.75,42187.5,2,0.0,0.0
1995-03-13 00:00:00-05:00,42187.5,58593.75,42187.5,56250.0,4,0.0,0.0
1995-03-14 00:00:00-05:00,56250.0,56250.0,46875.0,51562.5,2,0.0,0.0
1995-03-15 00:00:00-05:00,51562.5,53906.25,44531.25,44531.25,3,0.0,0.0
1995-03-16 00:00:00-05:00,44531.25,49218.75,44531.25,46875.0,1,0.0,0.0
1995-03-17 00:00:00-05:00,49218.75,49218.75,44531.25,46875.0,1,0.0,0.0
1995-03-20 00:00:00-05:00,49218.75,49218.75,44531.25,44531.25,0,0.0,0.0
1995-03-21 00:00:00-05:00,44531.25,49218.75,42187.5,42187.5,2,0.0,0.0
1995-03-22 00:00:00-05:00,42187.5,46875.0,42187.5,42187.5,0,0.0,0.0
1995-03-23 00:00:00-05:00,46875.0,46875.0,35156.25,42187.5,3,0.0,0.0
1995-03-24 00:00:00-05:00,37500.0,42187.5,35156.25,37500.0,2,0.0,0.0
1995-03-27 00:00:00-05:00,37500.0,44531.25,35156.25,35156.25,1,0.0,0.0
1995-03-28 00:00:00-05:00,42187.5,42187.5,35156.25,37500.0,2,0.0,0.0
1995-03-29 00:00:00-05:00,39843.75,39843.75,35156.25,37500.0,1,0.0,0.0
1995-03-30 00:00:00-05:00,35156.25,39843.75,35156.25,37500.0,1,0.0,0.0
1995-03-31 00:00:00-05:00,35156.25,39843.75,35156.25,37500.0,0,0.0,0.0
1995-04-03 00:00:00-04:00,39843.75,39843.75,35156.25,37500.0,1,0.0,0.0
1995-04-04 00:00:00-04:00,35156.25,39843.75,32812.5,35156.25,4,0.0,0.0
1995-04-05 00:00:00-04:00,37500.0,37500.0,30468.75,30468.75,5,0.0,0.0
1995-04-06 00:00:00-04:00,32812.5,37500.0,32812.5,32812.5,4,0.0,0.0
1995-04-07 00:00:00-04:00,35156.25,37500.0,32812.5,35156.25,3,0.0,0.0
1995-04-10 00:00:00-04:00,32812.5,35156.25,30468.75,35156.25,2,0.0,0.0
1995-04-11 00:00:00-04:00,35156.25,35156.25,30468.75,32812.5,1,0.0,0.0
1995-04-12 00:00:00-04:00,30468.75,35156.25,30468.75,30468.75,1,0.0,0.0
1995-04-13 00:00:00-04:00,35156.25,35156.25,30468.75,32812.5,3,0.0,0.0
1995-04-17 00:00:00-04:00,30468.75,32812.5,28125.0,29296.875,3,0.0,0.0
1995-04-18 00:00:00-04:00,32812.5,32812.5,28125.0,28125.0,1,0.0,0.0
1995-04-19 00:00:00-04:00,30468.75,32812.5,28125.0,28125.0,2,0.0,0.0
1995-04-20 00:00:00-04:00,28125.0,31640.625,28125.0,30468.75,2,0.0,0.0
1995-04-21 00:00:00-04:00,28125.0,32812.5,28125.0,28125.0,3,0.0,0.0
1995-04-24 00:00:00-04:00,28125.0,32812.5,28125.0,32812.5,2,0.0,0.0
1995-04-25 00:00:00-04:00,30468.75,37500.0,30468.75,32812.5,3,0.0,0.0
1995-04-26 00:00:00-04:00,30468.75,37500.0,30468.75,30468.75,1,0.0,0.0
1995-04-27 00:00:00-04:00,30468.75,35156.25,30468.75,32812.5,1,0.0,0.0
1995-04-28 00:00:00-04:00,32812.5,35156.25,28125.0,32812.5,3,0.0,0.0
1995-05-01 00:00:00-04:00,30000.0,33750.0,28125.0,31875.0,1,0.0,0.1
1995-05-02 00:00:00-04:00,28125.0,30468.75,24375.0,28125.0,9,0.0,0.0
1995-05-03 00:00:00-04:00,25312.5,28125.0,24375.0,25312.5,2,0.0,0.0
1995-05-04 00:00:00-04:00,24375.0,26250.0,22500.0,23437.5,3,0.0,0.0
1995-05-05 00:00:00-04:00,23437.5,25312.5,23437.5,23671.875,3,0.0,0.0
1995-05-08 00:00:00-04:00,24375.0,26250.0,24375.0,26250.0,6,0.0,0.0
1995-05-09 00:00:00-04:00,27187.5,27187.5,25078.125,25078.125,1,0.0,0.0
1995-05-10 00:00:00-04:00,26250.0,27187.5,24843.75,24843.75,3,0.0,0.0
1995-05-11 00:00:00-04:00,27187.5,27187.5,25312.5,25312.5,0,0.0,0.0
1995-05-12 00:00:00-04:00,25312.5,27187.5,25312.5,25312.5,1,0.0,0.0
1995-05-15 00:00:00-04:00,25312.5,25312.5,25312.5,25312.5,0,0.0,0.0
1995-05-16 00:00:00-04:00,25312.5,27187.5,25312.5,25312.5,2,0.0,0.0
1995-05-17 00:00:00-04:00,24843.75,26250.0,23906.25,25781.25,1,0.0,0.0
1995-05-18 00:00:00-04:00,24609.375,25781.25,24140.625,24140.625,1,0.0,0.0
1995-05-19 00:00:00-04:00,25312.5,25312.5,22500.0,23437.5,3,0.0,0.0
1995-05-22 00:00:00-04:00,23671.875,25312.5,22500.0,25195.3125,1,0.0,0.0
1995-05-23 00:00:00-04:00,23906.25,23906.25,22500.0,23437.5,1,0.0,0.0
1995-05-24 00:00:00-04:00,22734.375,24375.0,22734.375,22734.375,1,0.0,0.0
1995-05-25 00:00:00-04:00,22500.0,24375.0,21562.5,21562.5,1,0.0,0.0
1995-05-26 00:00:00-04:00,21562.5,22500.0,20859.375,22500.0,0,0.0,0.0
1995-05-30 00:00:00-04:00,20859.375,22968.75,20859.375,21562.5,3,0.0,0.0
1995-05-31 00:00:00-04:00,21562.5,21562.5,20859.375,20859.375,0,0.0,0.0
1995-06-01 00:00:00-04:00,20859.375,20859.375,20859.375,20859.375,0,0.0,0.0
1995-06-02 00:00:00-04:00,20859.375,21562.5,20859.375,20859.375,3,0.0,0.0
1995-06-05 00:00:00-04:00,20859.375,20859.375,20859.375,20859.375,0,0.0,0.0
1995-06-06 00:00:00-04:00,20859.375,21562.5,20859.375,21562.5,1,0.0,0.0
1995-06-07 00:00:00-04:00,21562.5,21562.5,20859.375,21562.5,0,0.0,0.0
1995-06-08 00:00:00-04:00,21093.75,21562.5,21093.75,21562.5,1,0.0,0.0
1995-06-09 00:00:00-04:00,21093.75,21562.5,21093.75,21562.5,1,0.0,0.0
1995-06-12 00:00:00-04:00,21562.5,22500.0,21093.75,22500.0,1,0.0,0.0
1995-06-13 00:00:00-04:00,22500.0,24375.0,22031.25,22968.75,1,0.0,0.0
1995-06-14 00:00:00-04:00,22500.0,30937.5,22500.0,30000.0,8,0.0,0.0
1995-06-15 00:00:00-04:00,30000.0,30000.0,27421.875,28828.125,4,0.0,0.0
1995-06-16 00:00:00-04:00,29062.5,29062.5,27187.5,27421.875,0,0.0,0.0
1995-06-19 00:00:00-04:00,28828.125,28828.125,27187.5,28593.75,1,0.0,0.0
1995-06-20 00:00:00-04:00,30000.0,31640.625,28125.0,28125.0,2,0.0,0.0
1995-06-21 00:00:00-04:00,28125.0,29296.875,28125.0,28828.125,2,0.0,0.0
1995-06-22 00:00:00-04:00,28828.125,30468.75,28125.0,29062.5,3,0.0,0.0
1995-06-23 00:00:00-04:00,29062.5,31875.0,28359.375,31640.625,3,0.0,0.0
1995-06-26 00:00:00-04:00,31875.0,33750.0,30468.75,33750.0,8,0.0,0.0
1995-06-27 00:00:00-04:00,33515.625,38437.5,33281.25,38437.5,15,0.0,0.0
1995-06-28 00:00:00-04:00,41250.0,41250.0,37500.0,38906.25,13,0.0,0.0
1995-06-29 00:00:00-04:00,38906.25,38906.25,33046.875,33046.875,8,0.0,0.0
1995-06-30 00:00:00-04:00,32812.5,34687.5,32812.5,33750.0,4,0.0,0.0
1995-07-03 00:00:00-04:00,34687.5,34687.5,33281.25,34218.75,1,0.0,0.0
1995-07-05 00:00:00-04:00,33750.0,37031.25,33750.0,37031.25,5,0.0,0.0
1995-07-06 00:00:00-04:00,37031.25,37031.25,34687.5,36562.5,4,0.0,0.0
1995-07-07 00:00:00-04:00,34687.5,36562.5,34687.5,34687.5,2,0.0,0.0
1995-07-10 00:00:00-04:00,34687.5,36093.75,34687.5,34687.5,1,0.0,0.0
1995-07-11 00:00:00-04:00,35156.25,36093.75,35156.25,35390.625,3,0.0,0.0
1995-07-12 00:00:00-04:00,34687.5,35625.0,34687.5,34687.5,1,0.0,0.0
1995-07-13 00:00:00-04:00,34687.5,35625.0,33750.0,33750.0,5,0.0,0.0
1995-07-14 00:00:00-04:00,33750.0,35156.25,32812.5,33281.25,2,0.0,0.0
1995-07-17 00:00:00-04:00,33281.25,35390.625,33281.25,33281.25,1,0.0,0.0
1995-07-18 00:00:00-04:00,33281.25,35390.625,31875.0,31875.0,5,0.0,0.0
1995-07-19 00:00:00-04:00,30937.5,30937.5,29062.5,29062.5,3,0.0,0.0
1995-07-20 00:00:00-04:00,29062.5,30468.75,29062.5,30000.0,3,0.0,0.0
1995-07-21 00:00:00-04:00,30000.0,30468.75,30000.0,30468.75,1,0.0,0.0
1995-07-24 00:00:00-04:00,30468.75,30937.5,30000.0,30468.75,2,0.0,0.0
1995-07-25 00:00:00-04:00,30468.75,30937.5,30468.75,30468.75,2,0.0,0.0
1995-07-26 00:00:00-04:00,30468.75,30937.5,30000.0,30468.75,3,0.0,0.0
1995-07-27 00:00:00-04:00,30000.0,30468.75,29062.5,29062.5,4,0.0,0.0
1995-07-28 00:00:00-04:00,29062.5,30000.0,29062.5,29062.5,1,0.0,0.0
1995-07-31 00:00:00-04:00,29062.5,30000.0,29062.5,29062.5,8,0.0,0.0
1995-08-01 00:00:00-04:00,29062.5,30468.75,29062.5,30000.0,1,0.0,0.0
1995-08-02 00:00:00-04:00,30468.75,30468.75,29531.25,29531.25,0,0.0,0.0
1995-08-03 00:00:00-04:00,29531.25,30468.75,29531.25,30468.75,3,0.0,0.0
1995-08-04 00:00:00-04:00,29531.25,30468.75,29531.25,30468.75,1,0.0,0.0
1995-08-07 00:00:00-04:00,29531.25,30468.75,29531.25,30468.75,1,0.0,0.0
1995-08-08 00:00:00-04:00,29531.25,29531.25,29531.25,29531.25,1,0.0,0.0
1995-08-09 00:00:00-04:00,30468.75,30468.75,29531.25,30000.0,2,0.0,0.0
1995-08-10 00:00:00-04:00,30000.0,30468.75,30000.0,30000.0,3,0.0,0.0
1995-08-11 00:00:00-04:00,30000.0,30937.5,30000.0,30937.5,1,0.0,0.0
1995-08-14 00:00:00-04:00,30000.0,30937.5,30000.0,30000.0,1,0.0,0.0
1995-08-15 00:00:00-04:00,30000.0,30937.5,30000.0,30937.5,1,0.0,0.0
1995-08-16 00:00:00-04:00,30000.0,30937.5,30000.0,30234.375,1,0.0,0.0
1995-08-17 00:00:00-04:00,30937.5,30937.5,30000.0,30937.5,5,0.0,0.0
1995-08-18 00:00:00-04:00,30000.0,30937.5,30000.0,30000.0,3,0.0,0.0
1995-08-21 00:00:00-04:00,30000.0,30937.5,30000.0,30000.0,1,0.0,0.0
1995-08-22 00:00:00-04:00,30000.0,30937.5,30000.0,30000.0,1,0.0,0.0
1995-08-23 00:00:00-04:00,30937.5,30937.5,30000.0,30937.5,0,0.0,0.0
1995-08-24 00:00:00-04:00,30000.0,30937.5,29062.5,29062.5,6,0.0,0.0
1995-08-25 00:00:00-04:00,29062.5,30000.0,28593.75,29062.5,0,0.0,0.0
1995-08-28 00:00:00-04:00,28593.75,30000.0,27656.25,28593.75,4,0.0,0.0
1995-08-29 00:00:00-04:00,27187.5,29296.875,27187.5,27187.5,3,0.0,0.0
1995-08-30 00:00:00-04:00,27187.5,28125.0,26718.75,26718.75,3,0.0,0.0
1995-08-31 00:00:00-04:00,26718.75,26718.75,26718.75,26718.75,0,0.0,0.0
1995-09-01 00:00:00-04:00,26718.75,28125.0,26718.75,26718.75,1,0.0,0.0
1995-09-05 00:00:00-04:00,26718.75,28125.0,26718.75,27187.5,6,0.0,0.0
1995-09-06 00:00:00-04:00,26718.75,27890.625,26718.75,27890.625,1,0.0,0.0
1995-09-07 00:00:00-04:00,27187.5,29765.625,27187.5,29765.625,3,0.0,0.0
1995-09-08 00:00:00-04:00,30000.0,31875.0,29531.25,30937.5,6,0.0,0.0
1995-09-11 00:00:00-04:00,30937.5,31875.0,30937.5,31406.25,2,0.0,0.0
1995-09-12 00:00:00-04:00,31875.0,31875.0,30937.5,31875.0,1,0.0,0.0
1995-09-13 00:00:00-04:00,31875.0,31875.0,30937.5,30937.5,6,0.0,0.0
1995-09-14 00:00:00-04:00,30937.5,34218.75,30937.5,34218.75,16,0.0,0.0
1995-09-15 00:00:00-04:00,34218.75,38437.5,33750.0,36562.5,21,0.0,0.0
1995-09-18 00:00:00-04:00,37500.0,37500.0,36093.75,36562.5,4,0.0,0.0
1995-09-19 00:00:00-04:00,37500.0,38437.5,37031.25,38437.5,48,0.0,0.0
1995-09-20 00:00:00-04:00,38906.25,41250.0,38437.5,41250.0,33,0.0,0.0
1995-09-21 00:00:00-04:00,41015.625,41015.625,37265.625,39375.0,13,0.0,0.0
1995-09-22 00:00:00-04:00,37031.25,39140.625,37031.25,37031.25,2,0.0,0.0
1995-09-25 00:00:00-04:00,37031.25,37500.0,36093.75,36093.75,1,0.0,0.0
1995-09-26 00:00:00-04:00,36093.75,37500.0,35625.0,35625.0,1,0.0,0.0
1995-09-27 00:00:00-04:00,37265.625,37265.625,34687.5,36562.5,2,0.0,0.0
1995-09-28 00:00:00-04:00,34687.5,36562.5,34687.5,36562.5,12,0.0,0.0
1995-09-29 00:00:00-04:00,36562.5,36562.5,34687.5,34687.5,1,0.0,0.0
1995-10-02 00:00:00-04:00,35625.0,35625.0,34687.5,34687.5,1,0.0,0.0
1995-10-03 00:00:00-04:00,34687.5,35625.0,32343.75,33750.0,5,0.0,0.0
1995-10-04 00:00:00-04:00,32343.75,33281.25,30937.5,33281.25,1,0.0,0.0
1995-10-05 00:00:00-04:00,31875.0,33281.25,31406.25,31406.25,0,0.0,0.0
1995-10-06 00:00:00-04:00,31875.0,33750.0,31875.0,32812.5,2,0.0,0.0
1995-10-09 00:00:00-04:00,31875.0,31875.0,31875.0,31875.0,0,0.0,0.0
1995-10-10 00:00:00-04:00,30937.5,32343.75,29531.25,29531.25,4,0.0,0.0
1995-10-11 00:00:00-04:00,29531.25,30937.5,29531.25,30937.5,7,0.0,0.0
1995-10-12 00:00:00-04:00,30000.0,30937.5,30000.0,30468.75,10,0.0,0.0
1995-10-13 00:00:00-04:00,30000.0,30468.75,30000.0,30234.375,3,0.0,0.0
1995-10-16 00:00:00-04:00,30468.75,30468.75,29531.25,30468.75,2,0.0,0.0
1995-10-17 00:00:00-04:00,30468.75,30468.75,29531.25,29531.25,1,0.0,0.0
1995-10-18 00:00:00-04:00,30000.0,32812.5,30000.0,32812.5,35,0.0,0.0
1995-10-19 00:00:00-04:00,31406.25,32812.5,31406.25,31875.0,0,0.0,0.0
1995-10-20 00:00:00-04:00,31875.0,31875.0,30937.5,31875.0,2,0.0,0.0
1995-10-23 00:00:00-04:00,31875.0,31875.0,30000.0,30000.0,1,0.0,0.0
1995-10-24 00:00:00-04:00,30000.0,30000.0,27187.5,29062.5,5,0.0,0.0
1995-10-25 00:00:00-04:00,27187.5,29531.25,27187.5,28125.0,2,0.0,0.0
1995-10-26 00:00:00-04:00,29062.5,29062.5,27187.5,27187.5,2,0.0,0.0
1995-10-27 00:00:00-04:00,27656.25,30000.0,27656.25,28593.75,3,0.0,0.0
1995-10-30 00:00:00-05:00,28593.75,30468.75,28593.75,30468.75,2,0.0,0.0
1995-10-31 00:00:00-05:00,30937.5,31875.0,30468.75,30468.75,8,0.0,0.0
1995-11-01 00:00:00-05:00,31875.0,31875.0,30937.5,31875.0,2,0.0,0.0
1995-11-02 00:00:00-05:00,30937.5,31875.0,30937.5,30937.5,17,0.0,0.0
1995-11-03 00:00:00-05:00,31875.0,33750.0,31875.0,33750.0,4,0.0,0.0
1995-11-06 00:00:00-05:00,33281.25,33750.0,33281.25,33281.25,1,0.0,0.0
1995-11-07 00:00:00-05:00,33281.25,33750.0,33281.25,33281.25,1,0.0,0.0
1995-11-08 00:00:00-05:00,33281.25,34687.5,33281.25,33281.25,5,0.0,0.0
1995-11-09 00:00:00-05:00,33750.0,33750.0,32343.75,32343.75,3,0.0,0.0
1995-11-10 00:00:00-05:00,32343.75,33281.25,31406.25,31875.0,3,0.0,0.0
1995-11-13 00:00:00-05:00,31406.25,31875.0,31406.25,31406.25,1,0.0,0.0
1995-11-14 00:00:00-05:00,32812.5,32812.5,29531.25,30000.0,4,0.0,0.0
1995-11-15 00:00:00-05:00,30468.75,31875.0,30000.0,30468.75,9,0.0,0.0
1995-11-16 00:00:00-05:00,30468.75,30937.5,29531.25,29531.25,9,0.0,0.0
1995-11-17 00:00:00-05:00,29531.25,30937.5,29531.25,29531.25,2,0.0,0.0
1995-11-20 00:00:00-05:00,29531.25,29531.25,25312.5,25312.5,10,0.0,0.0
1995-11-21 00:00:00-05:00,24843.75,24843.75,20625.0,22500.0,14,0.0,0.0
1995-11-22 00:00:00-05:00,22031.25,23437.5,22031.25,23437.5,19,0.0,0.0
1995-11-24 00:00:00-05:00,23437.5,23437.5,22500.0,22500.0,0,0.0,0.0
1995-11-27 00:00:00-05:00,22500.0,23437.5,18750.0,18750.0,19,0.0,0.0
1995-11-28 00:00:00-05:00,18750.0,21093.75,18281.25,18281.25,20,0.0,0.0
1995-11-29 00:00:00-05:00,19218.75,20156.25,17812.5,18281.25,14,0.0,0.0
1995-11-30 00:00:00-05:00,17812.5,22968.75,17109.375,22968.75,19,0.0,0.0
1995-12-01 00:00:00-05:00,22968.75,25312.5,22500.0,23437.5,8,0.0,0.0
1995-12-04 00:00:00-05:00,24375.0,25312.5,23437.5,24375.0,11,0.0,0.0
1995-12-05 00:00:00-05:00,23906.25,25781.25,23906.25,25546.875,11,0.0,0.0
1995-12-06 00:00:00-05:00,25781.25,25781.25,23437.5,23437.5,5,0.0,0.0
1995-12-07 00:00:00-05:00,23437.5,25312.5,23437.5,25312.5,6,0.0,0.0
1995-12-08 00:00:00-05:00,23906.25,25781.25,22968.75,22968.75,11,0.0,0.0
1995-12-11 00:00:00-05:00,24375.0,24375.0,21562.5,22031.25,10,0.0,0.0
1995-12-12 00:00:00-05:00,22031.25,22031.25,21562.5,21562.5,3,0.0,0.0
1995-12-13 00:00:00-05:00,22500.0,22500.0,21093.75,21562.5,6,0.0,0.0
1995-12-14 00:00:00-05:00,21093.75,21562.5,21093.75,21093.75,3,0.0,0.0
1995-12-15 00:00:00-05:00,21562.5,21562.5,20625.0,20625.0,2,0.0,0.0
1995-12-18 00:00:00-05:00,20625.0,21562.5,18750.0,20156.25,4,0.0,0.0
1995-12-19 00:00:00-05:00,18750.0,19218.75,18750.0,19218.75,3,0.0,0.0
1995-12-20 00:00:00-05:00,19218.75,19687.5,17812.5,18750.0,12,0.0,0.0
1995-12-21 00:00:00-05:00,17812.5,20625.0,17812.5,19921.875,10,0.0,0.0
1995-12-22 00:00:00-05:00,19687.5,21093.75,19687.5,21093.75,5,0.0,0.0
1995-12-26 00:00:00-05:00,20625.0,21093.75,19687.5,19687.5,8,0.0,0.0
1995-12-27 00:00:00-05:00,21093.75,25312.5,19687.5,23437.5,22,0.0,0.0
1995-12-28 00:00:00-05:00,24375.0,27656.25,24375.0,27187.5,33,0.0,0.0
1995-12-29 00:00:00-05:00,28125.0,28125.0,25312.5,26953.125,21,0.0,0.0
1996-01-02 00:00:00-05:00,26953.125,26953.125,23437.5,25312.5,10,0.0,0.0
1996-01-03 00:00:00-05:00,25312.5,26718.75,25312.5,26718.75,6,0.0,0.0
1996-01-04 00:00:00-05:00,26718.75,27187.5,25781.25,26718.75,9,0.0,0.0
1996-01-05 00:00:00-05:00,26718.75,26718.75,24843.75,24843.75,4,0.0,0.0
1996-01-08 00:00:00-05:00,24843.75,25781.25,24843.75,25781.25,1,0.0,0.0
1996-01-09 00:00:00-05:00,24843.75,25781.25,24843.75,25781.25,3,0.0,0.0
1996-01-10 00:00:00-05:00,25312.5,25781.25,24375.0,24375.0,2,0.0,0.0
1996-01-11 00:00:00-05:00,24375.0,24843.75,23437.5,24375.0,5,0.0,0.0
1996-01-12 00:00:00-05:00,23906.25,25312.5,23906.25,24843.75,3,0.0,0.0
1996-01-15 00:00:00-05:00,25312.5,25312.5,23906.25,23906.25,5,0.0,0.0
1996-01-16 00:00:00-05:00,23437.5,25312.5,23437.5,23906.25,4,0.0,0.0
1996-01-17 00:00:00-05:00,23906.25,24375.0,23437.5,23437.5,5,0.0,0.0
1996-01-18 00:00:00-05:00,23437.5,24375.0,21562.5,22031.25,6,0.0,0.0
1996-01-19 00:00:00-05:00,22500.0,22500.0,21562.5,22031.25,2,0.0,0.0
1996-01-22 00:00:00-05:00,22500.0,22968.75,22031.25,22968.75,2,0.0,0.0
1996-01-23 00:00:00-05:00,22968.75,22968.75,21562.5,21562.5,4,0.0,0.0
1996-01-24 00:00:00-05:00,21562.5,22500.0,20156.25,20156.25,4,0.0,0.0
1996-01-25 00:00:00-05:00,20156.25,22031.25,20156.25,20625.0,2,0.0,0.0
1996-01-26 00:00:00-05:00,20625.0,22031.25,20625.0,22031.25,1,0.0,0.0
1996-01-29 00:00:00-05:00,22031.25,22031.25,20625.0,20625.0,2,0.0,0.0
1996-01-30 00:00:00-05:00,20625.0,21562.5,20625.0,20625.0,2,0.0,0.0
1996-01-31 00:00:00-05:00,20625.0,24843.75,20156.25,23906.25,10,0.0,0.0
1996-02-01 00:00:00-05:00,25781.25,29062.5,25312.5,28125.0,15,0.0,0.0
1996-02-02 00:00:00-05:00,28125.0,29062.5,27187.5,27187.5,5,0.0,0.0
1996-02-05 00:00:00-05:00,27187.5,28125.0,25312.5,25781.25,8,0.0,0.0
1996-02-06 00:00:00-05:00,25781.25,27187.5,25781.25,26250.0,17,0.0,0.0
1996-02-07 00:00:00-05:00,27187.5,27187.5,26718.75,26718.75,2,0.0,0.0
1996-02-08 00:00:00-05:00,26718.75,27187.5,26718.75,26953.125,3,0.0,0.0
1996-02-09 00:00:00-05:00,28125.0,29062.5,27656.25,29062.5,7,0.0,0.0
1996-02-12 00:00:00-05:00,27656.25,29062.5,26718.75,26718.75,5,0.0,0.0
1996-02-13 00:00:00-05:00,27187.5,27187.5,25312.5,26250.0,5,0.0,0.0
1996-02-14 00:00:00-05:00,25312.5,26250.0,25312.5,25312.5,1,0.0,0.0
1996-02-15 00:00:00-05:00,25312.5,26250.0,24375.0,24375.0,1,0.0,0.0
1996-02-16 00:00:00-05:00,24375.0,25781.25,23906.25,23906.25,1,0.0,0.0
1996-02-20 00:00:00-05:00,23906.25,24843.75,22968.75,24375.0,6,0.0,0.0
1996-02-21 00:00:00-05:00,25781.25,26250.0,24375.0,26250.0,2,0.0,0.0
1996-02-22 00:00:00-05:00,25781.25,26250.0,25781.25,26250.0,4,0.0,0.0
1996-02-23 00:00:00-05:00,26250.0,27187.5,25781.25,27187.5,17,0.0,0.0
1996-02-26 00:00:00-05:00,26718.75,30937.5,26718.75,30000.0,29,0.0,0.0
1996-02-27 00:00:00-05:00,31406.25,32812.5,30000.0,30937.5,50,0.0,0.0
1996-02-28 00:00:00-05:00,30937.5,32343.75,30468.75,30937.5,29,0.0,0.0
1996-02-29 00:00:00-05:00,30468.75,36562.5,30468.75,35625.0,57,0.0,0.0
1996-03-01 00:00:00-05:00,37500.0,39375.0,36562.5,37031.25,64,0.0,0.0
1996-03-04 00:00:00-05:00,38437.5,41250.0,37031.25,41250.0,55,0.0,0.0
1996-03-05 00:00:00-05:00,41015.625,41718.75,35156.25,36093.75,40,0.0,0.0
1996-03-06 00:00:00-05:00,37968.75,38906.25,37031.25,37968.75,26,0.0,0.0
1996-03-07 00:00:00-05:00,37500.0,38437.5,37500.0,38437.5,13,0.0,0.0
1996-03-08 00:00:00-05:00,37968.75,37968.75,36562.5,36562.5,8,0.0,0.0
1996-03-11 00:00:00-05:00,36562.5,37968.75,35625.0,37968.75,8,0.0,0.0
1996-03-12 00:00:00-05:00,37500.0,38906.25,37500.0,38906.25,24,0.0,0.0
1996-03-13 00:00:00-05:00,41250.0,44062.5,40781.25,41718.75,100,0.0,0.0
1996-03-14 00:00:00-05:00,42656.25,47343.75,42656.25,45468.75,113,0.0,0.0
1996-03-15 00:00:00-05:00,45937.5,46875.0,42187.5,43125.0,25,0.0,0.0
1996-03-18 00:00:00-05:00,45000.0,45937.5,43593.75,45000.0,29,0.0,0.0
1996-03-19 00:00:00-05:00,45468.75,46875.0,45000.0,46171.875,26,0.0,0.0
1996-03-20 00:00:00-05:00,47812.5,53437.5,46875.0,50625.0,74,0.0,0.0
1996-03-21 00:00:00-05:00,51093.75,51093.75,47812.5,48281.25,40,0.0,0.0
1996-03-22 00:00:00-05:00,48750.0,49687.5,47812.5,48281.25,21,0.0,0.0
1996-03-25 00:00:00-05:00,48750.0,48750.0,42656.25,44531.25,25,0.0,0.0
1996-03-26 00:00:00-05:00,44531.25,44531.25,40312.5,42656.25,22,0.0,0.0
1996-03-27 00:00:00-05:00,41718.75,43125.0,41718.75,42187.5,10,0.0,0.0
1996-03-28 00:00:00-05:00,43125.0,43593.75,42187.5,42187.5,14,0.0,0.0
1996-03-29 00:00:00-05:00,43125.0,43125.0,38437.5,40781.25,13,0.0,0.0
1996-04-01 00:00:00-05:00,41250.0,41250.0,39843.75,40078.125,12,0.0,0.0
1996-04-02 00:00:00-05:00,39843.75,40781.25,39843.75,40312.5,9,0.0,0.0
1996-04-03 00:00:00-05:00,40781.25,40781.25,40312.5,40781.25,2,0.0,0.0
1996-04-04 00:00:00-05:00,40781.25,40781.25,37968.75,40781.25,11,0.0,0.0
1996-04-08 00:00:00-04:00,40781.25,40781.25,39375.0,39843.75,4,0.0,0.0
1996-04-09 00:00:00-04:00,40312.5,41718.75,39843.75,41718.75,20,0.0,0.0
1996-04-10 00:00:00-04:00,42187.5,47812.5,41250.0,45937.5,22,0.0,0.0
1996-04-11 00:00:00-04:00,45000.0,46875.0,43125.0,44531.25,9,0.0,0.0
1996-04-12 00:00:00-04:00,44531.25,45468.75,43593.75,44531.25,19,0.0,0.0
1996-04-15 00:00:00-04:00,45468.75,45468.75,44062.5,44062.5,7,0.0,0.0
1996-04-16 00:00:00-04:00,45000.0,45468.75,44062.5,44062.5,7,0.0,0.0
1996-04-17 00:00:00-04:00,45468.75,47343.75,44531.25,47343.75,21,0.0,0.0
1996-04-18 00:00:00-04:00,47343.75,47812.5,45000.0,45468.75,18,0.0,0.0
1996-04-19 00:00:00-04:00,45468.75,45937.5,44062.5,44062.5,20,0.0,0.0
1996-04-22 00:00:00-04:00,45468.75,45468.75,42656.25,43125.0,9,0.0,0.0
1996-04-23 00:00:00-04:00,43125.0,44062.5,42187.5,43125.0,5,0.0,0.0
1996-04-24 00:00:00-04:00,42187.5,43593.75,41718.75,41718.75,8,0.0,0.0
1996-04-25 00:00:00-04:00,43593.75,43593.75,41718.75,43125.0,5,0.0,0.0
1996-04-26 00:00:00-04:00,42187.5,43125.0,40312.5,40312.5,13,0.0,0.0
1996-04-29 00:00:00-04:00,40312.5,41250.0,37031.25,37031.25,9,0.0,0.0
1996-04-30 00:00:00-04:00,37500.0,40312.5,34218.75,39843.75,34,0.0,0.0
1996-05-01 00:00:00-04:00,39843.75,44062.5,39843.75,42187.5,25,0.0,0.0
1996-05-02 00:00:00-04:00,43125.0,45000.0,42656.25,44531.25,12,0.0,0.0
1996-05-03 00:00:00-04:00,44531.25,44531.25,43125.0,43593.75,3,0.0,0.0
1996-05-06 00:00:00-04:00,43125.0,44062.5,42656.25,44062.5,6,0.0,0.0
1996-05-07 00:00:00-04:00,43125.0,44062.5,43125.0,43125.0,2,0.0,0.0
1996-05-08 00:00:00-04:00,43593.75,44062.5,41718.75,43125.0,9,0.0,0.0
1996-05-09 00:00:00-04:00,43593.75,45937.5,42187.5,44062.5,15,0.0,0.0
1996-05-10 00:00:00-04:00,44062.5,45468.75,44062.5,44062.5,4,0.0,0.0
1996-05-13 00:00:00-04:00,44062.5,45000.0,42187.5,43125.0,20,0.0,0.0
1996-05-14 00:00:00-04:00,43593.75,44062.5,43125.0,43593.75,16,0.0,0.0
1996-05-15 00:00:00-04:00,44062.5,45468.75,43593.75,44062.5,14,0.0,0.0
1996-05-16 00:00:00-04:00,45468.75,45468.75,44062.5,44062.5,4,0.0,0.0
1996-05-17 00:00:00-04:00,44062.5,45000.0,43125.0,44062.5,5,0.0,0.0
1996-05-20 00:00:00-04:00,43125.0,45937.5,43125.0,45937.5,5,0.0,0.0
1996-05-21 00:00:00-04:00,46875.0,50625.0,46875.0,50156.25,22,0.0,0.0
1996-05-22 00:00:00-04:00,52968.75,55312.5,51093.75,52500.0,57,0.0,0.0
1996-05-23 00:00:00-04:00,52500.0,52968.75,52031.25,52500.0,25,0.0,0.0
1996-05-24 00:00:00-04:00,52031.25,61875.0,52031.25,60000.0,34,0.0,0.0
1996-05-28 00:00:00-04:00,61875.0,63750.0,58125.0,58125.0,68,0.0,0.0
1996-05-29 00:00:00-04:00,59531.25,65156.25,58125.0,64687.5,41,0.0,0.0
1996-05-30 00:00:00-04:00,67500.0,86250.0,65156.25,85312.5,148,0.0,0.0
1996-05-31 00:00:00-04:00,95625.0,95625.0,75000.0,83437.5,174,0.0,0.0
1996-06-03 00:00:00-04:00,88125.0,88125.0,76875.0,82500.0,99,0.0,0.0
1996-06-04 00:00:00-04:00,85312.5,85312.5,71250.0,71250.0,62,0.0,0.0
1996-06-05 00:00:00-04:00,71250.0,76875.0,68437.5,76875.0,37,0.0,0.0
1996-06-06 00:00:00-04:00,76875.0,77812.5,67500.0,73125.0,28,0.0,0.0
1996-06-07 00:00:00-04:00,71250.0,72187.5,66562.5,69375.0,17,0.0,0.0
1996-06-10 00:00:00-04:00,67500.0,71250.0,67500.0,70312.5,7,0.0,0.0
1996-06-11 00:00:00-04:00,69375.0,71250.0,65625.0,67500.0,24,0.0,0.0
1996-06-12 00:00:00-04:00,73125.0,100312.5,70312.5,97031.25,217,0.0,0.0
1996-06-13 00:00:00-04:00,96562.5,107812.5,88125.0,90000.0,357,0.0,0.0
1996-06-14 00:00:00-04:00,89062.5,94687.5,84375.0,87187.5,38,0.0,0.0
1996-06-17 00:00:00-04:00,84375.0,87187.5,76875.0,77812.5,43,0.0,0.0
1996-06-18 00:00:00-04:00,79687.5,80625.0,75937.5,76875.0,26,0.0,0.0
1996-06-19 00:00:00-04:00,75937.5,77812.5,73125.0,75351.5625,29,0.0,0.0
1996-06-20 00:00:00-04:00,74062.5,94687.5,73125.0,94687.5,50,0.0,0.0
1996-06-21 00:00:00-04:00,92812.5,93750.0,79687.5,81562.5,35,0.0,0.0
1996-06-24 00:00:00-04:00,83437.5,89062.5,81562.5,88125.0,24,0.0,0.0
1996-06-25 00:00:00-04:00,88125.0,91875.0,83437.5,90000.0,26,0.0,0.0
1996-06-26 00:00:00-04:00,92812.5,95625.0,85312.5,85312.5,41,0.0,0.0
1996-06-27 00:00:00-04:00,85312.5,91875.0,85312.5,88125.0,15,0.0,0.0
1996-06-28 00:00:00-04:00,90937.5,90937.5,85312.5,85312.5,10,0.0,0.0
1996-07-01 00:00:00-04:00,85312.5,90000.0,85312.5,90000.0,5,0.0,0.0
1996-07-02 00:00:00-04:00,90000.0,90000.0,84375.0,86250.0,11,0.0,0.0
1996-07-03 00:00:00-04:00,87187.5,87187.5,82500.0,84375.0,14,0.0,0.0
1996-07-05 00:00:00-04:00,83437.5,84375.0,78750.0,81562.5,7,0.0,0.0
1996-07-08 00:00:00-04:00,81562.5,81562.5,78750.0,79218.75,12,0.0,0.0
1996-07-09 00:00:00-04:00,80625.0,86250.0,80625.0,82500.0,23,0.0,0.0
1996-07-10 00:00:00-04:00,82500.0,82500.0,76875.0,77812.5,19,0.0,0.0
1996-07-11 00:00:00-04:00,79687.5,83437.5,71250.0,72187.5,39,0.0,0.0
1996-07-12 00:00:00-04:00,80625.0,81562.5,66562.5,72187.5,48,0.0,0.0
1996-07-15 00:00:00-04:00,76875.0,79687.5,67500.0,70312.5,30,0.0,0.0
1996-07-16 00:00:00-04:00,66562.5,70312.5,57187.5,60937.5,44,0.0,0.0
1996-07-17 00:00:00-04:00,64687.5,73125.0,64687.5,71250.0,34,0.0,0.0
1996-07-18 00:00:00-04:00,73125.0,75000.0,70312.5,73125.0,23,0.0,0.0
1996-07-19 00:00:00-04:00,73125.0,74062.5,65625.0,69375.0,17,0.0,0.0
1996-07-22 00:00:00-04:00,70312.5,72187.5,65625.0,65625.0,10,0.0,0.0
1996-07-23 00:00:00-04:00,67500.0,70312.5,60000.0,62812.5,15,0.0,0.0
1996-07-24 00:00:00-04:00,53437.5,60937.5,52500.0,60000.0,27,0.0,0.0
1996-07-25 00:00:00-04:00,60937.5,64687.5,58125.0,60000.0,14,0.0,0.0
1996-07-26 00:00:00-04:00,61875.0,64687.5,60937.5,64687.5,6,0.0,0.0
1996-07-29 00:00:00-04:00,64687.5,64687.5,59062.5,60937.5,9,0.0,0.0
1996-07-30 00:00:00-04:00,59062.5,61875.0,54375.0,54375.0,20,0.0,0.0
1996-07-31 00:00:00-04:00,56250.0,61875.0,51562.5,60000.0,17,0.0,0.0
1996-08-01 00:00:00-04:00,61875.0,63750.0,58125.0,59062.5,19,0.0,0.0
1996-08-02 00:00:00-04:00,60000.0,62812.5,56250.0,56250.0,10,0.0,0.0
1996-08-05 00:00:00-04:00,56250.0,59062.5,46875.0,46875.0,29,0.0,0.0
1996-08-06 00:00:00-04:00,47812.5,61875.0,47812.5,52500.0,63,0.0,0.0
1996-08-07 00:00:00-04:00,54375.0,55312.5,49687.5,53437.5,15,0.0,0.0
1996-08-08 00:00:00-04:00,55312.5,55312.5,49687.5,50625.0,6,0.0,0.0
1996-08-09 00:00:00-04:00,49687.5,55312.5,49687.5,54375.0,15,0.0,0.0
1996-08-12 00:00:00-04:00,56250.0,57187.5,50156.25,51562.5,16,0.0,0.0
1996-08-13 00:00:00-04:00,53437.5,53437.5,47812.5,50625.0,14,0.0,0.0
1996-08-14 00:00:00-04:00,49687.5,52500.0,49687.5,50625.0,7,0.0,0.0
1996-08-15 00:00:00-04:00,51562.5,51562.5,48750.0,49687.5,17,0.0,0.0
1996-08-16 00:00:00-04:00,49687.5,51562.5,45937.5,47812.5,11,0.0,0.0
1996-08-19 00:00:00-04:00,47812.5,51562.5,45937.5,51562.5,19,0.0,0.0
1996-08-20 00:00:00-04:00,50625.0,52500.0,47812.5,48750.0,9,0.0,0.0
1996-08-21 00:00:00-04:00,50625.0,51562.5,48750.0,49687.5,4,0.0,0.0
1996-08-22 00:00:00-04:00,52500.0,59062.5,49687.5,58125.0,43,0.0,0.0
1996-08-23 00:00:00-04:00,56250.0,58125.0,56250.0,56718.75,27,0.0,0.0
1996-08-26 00:00:00-04:00,56250.0,57187.5,53437.5,56250.0,5,0.0,0.0
1996-08-27 00:00:00-04:00,57187.5,58828.125,54375.0,54375.0,9,0.0,0.0
1996-08-28 00:00:00-04:00,54375.0,54375.0,51562.5,53437.5,5,0.0,0.0
1996-08-29 00:00:00-04:00,51562.5,54375.0,48750.0,53437.5,7,0.0,0.0
1996-08-30 00:00:00-04:00,52500.0,53437.5,51562.5,52500.0,3,0.0,0.0
1996-09-03 00:00:00-04:00,53437.5,53437.5,51562.5,51562.5,15,0.0,0.0
1996-09-04 00:00:00-04:00,51562.5,54375.0,51562.5,53437.5,7,0.0,0.0
1996-09-05 00:00:00-04:00,51562.5,53437.5,51562.5,53437.5,9,0.0,0.0
1996-09-06 00:00:00-04:00,52500.0,55312.5,52500.0,53437.5,2,0.0,0.0
1996-09-09 00:00:00-04:00,53437.5,55312.5,52968.75,55312.5,1,0.0,0.0
1996-09-10 00:00:00-04:00,53437.5,55312.5,52500.0,52500.0,3,0.0,0.0
1996-09-11 00:00:00-04:00,52500.0,53437.5,49687.5,49687.5,16,0.0,0.0
1996-09-12 00:00:00-04:00,48750.0,52500.0,48750.0,50625.0,12,0.0,0.0
1996-09-13 00:00:00-04:00,51562.5,51562.5,45937.5,47343.75,12,0.0,0.0
1996-09-16 00:00:00-04:00,48750.0,48750.0,45000.0,45937.5,8,0.0,0.0
1996-09-17 00:00:00-04:00,47812.5,47812.5,45000.0,45000.0,8,0.0,0.0
1996-09-18 00:00:00-04:00,45937.5,49687.5,45000.0,48750.0,22,0.0,0.0
1996-09-19 00:00:00-04:00,47812.5,48750.0,45937.5,47812.5,10,0.0,0.0
1996-09-20 00:00:00-04:00,46875.0,47812.5,45937.5,47812.5,7,0.0,0.0
1996-09-23 00:00:00-04:00,46875.0,47812.5,45000.0,45000.0,9,0.0,0.0
1996-09-24 00:00:00-04:00,45000.0,46875.0,42187.5,43125.0,15,0.0,0.0
1996-09-25 00:00:00-04:00,42187.5,44062.5,42187.5,44062.5,14,0.0,0.0
1996-09-26 00:00:00-04:00,42187.5,44062.5,42187.5,43125.0,9,0.0,0.0
1996-09-27 00:00:00-04:00,44062.5,44062.5,42187.5,44062.5,9,0.0,0.0
1996-09-30 00:00:00-04:00,44062.5,44062.5,42187.5,43125.0,2,0.0,0.0
1996-10-01 00:00:00-04:00,44062.5,48750.0,42187.5,48750.0,59,0.0,0.0
1996-10-02 00:00:00-04:00,48750.0,49687.5,43125.0,47812.5,23,0.0,0.0
1996-10-03 00:00:00-04:00,45000.0,47812.5,45000.0,45000.0,6,0.0,0.0
1996-10-04 00:00:00-04:00,45937.5,45937.5,43125.0,45000.0,4,0.0,0.0
1996-10-07 00:00:00-04:00,45000.0,45000.0,44062.5,44062.5,2,0.0,0.0
1996-10-08 00:00:00-04:00,44062.5,45937.5,44062.5,45000.0,3,0.0,0.0
1996-10-09 00:00:00-04:00,44062.5,45000.0,39375.0,39375.0,15,0.0,0.0
1996-10-10 00:00:00-04:00,42187.5,46875.0,40312.5,46875.0,21,0.0,0.0
1996-10-11 00:00:00-04:00,45000.0,47812.5,43125.0,44765.625,18,0.0,0.0
1996-10-14 00:00:00-04:00,43125.0,45000.0,41250.0,43125.0,6,0.0,0.0
1996-10-15 00:00:00-04:00,42187.5,45000.0,42187.5,42187.5,8,0.0,0.0
1996-10-16 00:00:00-04:00,41250.0,44062.5,40781.25,40781.25,10,0.0,0.0
1996-10-17 00:00:00-04:00,40781.25,42187.5,40312.5,40781.25,4,0.0,0.0
1996-10-18 00:00:00-04:00,40781.25,42187.5,40312.5,41015.625,9,0.0,0.0
1996-10-21 00:00:00-04:00,40781.25,42187.5,39843.75,40781.25,6,0.0,0.0
1996-10-22 00:00:00-04:00,40312.5,41250.0,38437.5,39140.625,10,0.0,0.0
1996-10-23 00:00:00-04:00,40781.25,40781.25,32812.5,34687.5,21,0.0,0.0
1996-10-24 00:00:00-04:00,34687.5,40312.5,31875.0,38906.25,30,0.0,0.0
1996-10-25 00:00:00-04:00,38906.25,38906.25,36562.5,37500.0,14,0.0,0.0
1996-10-28 00:00:00-05:00,36562.5,37500.0,34687.5,35625.0,9,0.0,0.0
1996-10-29 00:00:00-05:00,34687.5,36562.5,34687.5,34687.5,2,0.0,0.0
1996-10-30 00:00:00-05:00,41718.75,42187.5,37031.25,38437.5,35,0.0,0.0
1996-10-31 00:00:00-05:00,38437.5,40312.5,37500.0,39375.0,8,0.0,0.0
1996-11-01 00:00:00-05:00,39375.0,39375.0,37031.25,37500.0,3,0.0,0.0
1996-11-04 00:00:00-05:00,37500.0,38437.5,35625.0,35625.0,7,0.0,0.0
1996-11-05 00:00:00-05:00,35625.0,37500.0,35625.0,36562.5,9,0.0,0.0
1996-11-06 00:00:00-05:00,37500.0,37500.0,35625.0,36093.75,6,0.0,0.0
1996-11-07 00:00:00-05:00,36093.75,37031.25,35625.0,36562.5,8,0.0,0.0
1996-11-08 00:00:00-05:00,36562.5,37031.25,33750.0,33750.0,11,0.0,0.0
1996-11-11 00:00:00-05:00,33750.0,35156.25,33750.0,34218.75,2,0.0,0.0
1996-11-12 00:00:00-05:00,34218.75,35156.25,30937.5,34687.5,11,0.0,0.0
1996-11-13 00:00:00-05:00,33750.0,35625.0,32812.5,33750.0,11,0.0,0.0
1996-11-14 00:00:00-05:00,34218.75,34218.75,31875.0,32812.5,12,0.0,0.0
1996-11-15 00:00:00-05:00,32812.5,33750.0,31875.0,31875.0,4,0.0,0.0
1996-11-18 00:00:00-05:00,30937.5,33750.0,29531.25,31875.0,14,0.0,0.0
1996-11-19 00:00:00-05:00,30000.0,31875.0,28593.75,29531.25,11,0.0,0.0
1996-11-20 00:00:00-05:00,29062.5,30000.0,27187.5,28125.0,12,0.0,0.0
1996-11-21 00:00:00-05:00,27187.5,29531.25,26718.75,27187.5,10,0.0,0.0
1996-11-22 00:00:00-05:00,26718.75,30468.75,26718.75,30000.0,10,0.0,0.0
1996-11-25 00:00:00-05:00,28593.75,34687.5,28593.75,33281.25,18,0.0,0.0
1996-11-26 00:00:00-05:00,33281.25,33281.25,30000.0,30000.0,9,0.0,0.0
1996-11-27 00:00:00-05:00,29531.25,32343.75,29531.25,31875.0,6,0.0,0.0
1996-11-29 00:00:00-05:00,30000.0,32812.5,30000.0,32812.5,5,0.0,0.0
1996-12-02 00:00:00-05:00,31875.0,33281.25,29531.25,29531.25,5,0.0,0.0
1996-12-03 00:00:00-05:00,29531.25,30937.5,27656.25,27656.25,20,0.0,0.0
1996-12-04 00:00:00-05:00,27187.5,30000.0,27187.5,27656.25,26,0.0,0.0
1996-12-05 00:00:00-05:00,27656.25,30000.0,27656.25,30000.0,5,0.0,0.0
1996-12-06 00:00:00-05:00,29062.5,30000.0,26250.0,29062.5,26,0.0,0.0
1996-12-09 00:00:00-05:00,29062.5,30937.5,28125.0,29062.5,19,0.0,0.0
1996-12-10 00:00:00-05:00,28125.0,30000.0,26250.0,30000.0,18,0.0,0.0
1996-12-11 00:00:00-05:00,27187.5,31875.0,26250.0,31875.0,18,0.0,0.0
1996-12-12 00:00:00-05:00,30937.5,32343.75,28125.0,30937.5,17,0.0,0.0
1996-12-13 00:00:00-05:00,28593.75,31406.25,28593.75,30937.5,9,0.0,0.0
1996-12-16 00:00:00-05:00,30000.0,33750.0,30000.0,30000.0,17,0.0,0.0
1996-12-17 00:00:00-05:00,30117.1875,31875.0,30000.0,30937.5,9,0.0,0.0
1996-12-18 00:00:00-05:00,29062.5,30468.75,29062.5,30000.0,21,0.0,0.0
1996-12-19 00:00:00-05:00,30937.5,30937.5,28125.0,29531.25,7,0.0,0.0
1996-12-20 00:00:00-05:00,28125.0,30000.0,28125.0,30000.0,8,0.0,0.0
1996-12-23 00:00:00-05:00,30468.75,34687.5,30000.0,34687.5,52,0.0,0.0
1996-12-24 00:00:00-05:00,33750.0,34687.5,32343.75,34218.75,10,0.0,0.0
1996-12-26 00:00:00-05:00,33281.25,35625.0,33281.25,35156.25,10,0.0,0.0
1996-12-27 00:00:00-05:00,35156.25,35625.0,33750.0,34218.75,9,0.0,0.0
1996-12-30 00:00:00-05:00,34218.75,35625.0,32812.5,32812.5,15,0.0,0.0
1996-12-31 00:00:00-05:00,32812.5,33281.25,30937.5,31875.0,15,0.0,0.0
1997-01-02 00:00:00-05:00,31875.0,33281.25,31875.0,32812.5,3,0.0,0.0
1997-01-03 00:00:00-05:00,32812.5,41718.75,32812.5,41250.0,27,0.0,0.0
1997-01-06 00:00:00-05:00,44062.5,45937.5,39375.0,42187.5,71,0.0,0.0
1997-01-07 00:00:00-05:00,42187.5,42187.5,37968.75,39375.0,14,0.0,0.0
1997-01-08 00:00:00-05:00,40781.25,41250.0,38437.5,39140.625,17,0.0,0.0
1997-01-09 00:00:00-05:00,40312.5,40781.25,39843.75,39843.75,8,0.0,0.0
1997-01-10 00:00:00-05:00,39375.0,42656.25,39375.0,40312.5,10,0.0,0.0
1997-01-13 00:00:00-05:00,39375.0,40781.25,39375.0,39843.75,7,0.0,0.0
1997-01-14 00:00:00-05:00,40781.25,40781.25,36562.5,37031.25,8,0.0,0.0
1997-01-15 00:00:00-05:00,37968.75,39375.0,37500.0,38437.5,8,0.0,0.0
1997-01-16 00:00:00-05:00,37500.0,40312.5,37500.0,39375.0,10,0.0,0.0
1997-01-17 00:00:00-05:00,40781.25,41250.0,39843.75,40312.5,3,0.0,0.0
1997-01-20 00:00:00-05:00,40312.5,44062.5,39375.0,43593.75,10,0.0,0.0
1997-01-21 00:00:00-05:00,42656.25,44062.5,42656.25,43125.0,4,0.0,0.0
1997-01-22 00:00:00-05:00,42187.5,43593.75,40312.5,40312.5,6,0.0,0.0
1997-01-23 00:00:00-05:00,40312.5,41250.0,37968.75,37968.75,4,0.0,0.0
1997-01-24 00:00:00-05:00,39375.0,40312.5,37031.25,39375.0,6,0.0,0.0
1997-01-27 00:00:00-05:00,38437.5,40312.5,37500.0,37500.0,10,0.0,0.0
1997-01-28 00:00:00-05:00,37500.0,37968.75,36562.5,36562.5,3,0.0,0.0
1997-01-29 00:00:00-05:00,36562.5,37031.25,36093.75,37031.25,4,0.0,0.0
1997-01-30 00:00:00-05:00,36093.75,37031.25,34218.75,34218.75,6,0.0,0.0
1997-01-31 00:00:00-05:00,35625.0,36093.75,34218.75,35625.0,3,0.0,0.0
1997-02-03 00:00:00-05:00,35625.0,36093.75,32812.5,32812.5,6,0.0,0.0
1997-02-04 00:00:00-05:00,34218.75,35625.0,32812.5,35625.0,11,0.0,0.0
1997-02-05 00:00:00-05:00,34687.5,36562.5,34218.75,35625.0,9,0.0,0.0
1997-02-06 00:00:00-05:00,34687.5,35625.0,33750.0,34218.75,7,0.0,0.0
1997-02-07 00:00:00-05:00,33750.0,40312.5,33750.0,38437.5,15,0.0,0.0
1997-02-10 00:00:00-05:00,38437.5,40781.25,37500.0,39257.8125,12,0.0,0.0
1997-02-11 00:00:00-05:00,39843.75,39843.75,37500.0,38437.5,16,0.0,0.0
1997-02-12 00:00:00-05:00,37500.0,37500.0,33750.0,34687.5,15,0.0,0.0
1997-02-13 00:00:00-05:00,33750.0,37031.25,33750.0,37031.25,5,0.0,0.0
1997-02-14 00:00:00-05:00,35625.0,37968.75,35625.0,37500.0,13,0.0,0.0
1997-02-18 00:00:00-05:00,37968.75,37968.75,36562.5,37968.75,3,0.0,0.0
1997-02-19 00:00:00-05:00,36562.5,37500.0,36093.75,36093.75,6,0.0,0.0
1997-02-20 00:00:00-05:00,36093.75,36562.5,33750.0,34687.5,9,0.0,0.0
1997-02-21 00:00:00-05:00,36093.75,36093.75,32812.5,35156.25,11,0.0,0.0
1997-02-24 00:00:00-05:00,35156.25,35156.25,33750.0,35156.25,9,0.0,0.0
1997-02-25 00:00:00-05:00,36562.5,37968.75,35156.25,37968.75,16,0.0,0.0
1997-02-26 00:00:00-05:00,37968.75,37968.75,36562.5,37500.0,7,0.0,0.0
1997-02-27 00:00:00-05:00,37500.0,37968.75,35156.25,35156.25,5,0.0,0.0
1997-02-28 00:00:00-05:00,34687.5,36093.75,34687.5,36093.75,6,0.0,0.0
1997-03-03 00:00:00-05:00,37031.25,37031.25,36093.75,37031.25,5,0.0,0.0
1997-03-04 00:00:00-05:00,37031.25,37500.0,35156.25,35156.25,4,0.0,0.0
1997-03-05 00:00:00-05:00,34218.75,36562.5,34218.75,34218.75,2,0.0,0.0
1997-03-06 00:00:00-05:00,34218.75,37031.25,34218.75,35625.0,6,0.0,0.0
1997-03-07 00:00:00-05:00,36562.5,36562.5,34218.75,34218.75,6,0.0,0.0
1997-03-10 00:00:00-05:00,35156.25,35156.25,34218.75,34687.5,9,0.0,0.0
1997-03-11 00:00:00-05:00,35156.25,35156.25,34218.75,34218.75,11,0.0,0.0
1997-03-12 00:00:00-05:00,34687.5,34687.5,33281.25,33281.25,5,0.0,0.0
1997-03-13 00:00:00-05:00,33750.0,33750.0,32812.5,33281.25,4,0.0,0.0
1997-03-14 00:00:00-05:00,33750.0,40312.5,33750.0,38906.25,16,0.0,0.0
1997-03-17 00:00:00-05:00,40312.5,40312.5,37968.75,38437.5,14,0.0,0.0
1997-03-18 00:00:00-05:00,38906.25,40312.5,38906.25,39843.75,5,0.0,0.0
1997-03-19 00:00:00-05:00,39843.75,41250.0,39375.0,41250.0,20,0.0,0.0
1997-03-20 00:00:00-05:00,41250.0,41250.0,37031.25,38437.5,18,0.0,0.0
1997-03-21 00:00:00-05:00,39375.0,39375.0,37500.0,37500.0,3,0.0,0.0
1997-03-24 00:00:00-05:00,38437.5,38437.5,35156.25,35156.25,5,0.0,0.0
1997-03-25 00:00:00-05:00,35156.25,35625.0,33281.25,33281.25,8,0.0,0.0
1997-03-26 00:00:00-05:00,34218.75,36093.75,33281.25,33281.25,14,0.0,0.0
1997-03-27 00:00:00-05:00,33281.25,34687.5,33281.25,33750.0,6,0.0,0.0
1997-03-31 00:00:00-05:00,33281.25,33750.0,31406.25,32343.75,8,0.0,0.0
1997-04-01 00:00:00-05:00,31875.0,33281.25,31406.25,32343.75,12,0.0,0.0
1997-04-02 00:00:00-05:00,33281.25,33750.0,32343.75,32812.5,5,0.0,0.0
1997-04-03 00:00:00-05:00,33750.0,33750.0,30468.75,30468.75,7,0.0,0.0
1997-04-04 00:00:00-05:00,32812.5,32812.5,30937.5,31875.0,8,0.0,0.0
1997-04-07 00:00:00-04:00,32812.5,32812.5,30468.75,30703.125,8,0.0,0.0
1997-04-08 00:00:00-04:00,30937.5,31875.0,29062.5,30000.0,19,0.0,0.0
1997-04-09 00:00:00-04:00,30000.0,30468.75,29531.25,29531.25,11,0.0,0.0
1997-04-10 00:00:00-04:00,30000.0,31875.0,28125.0,31875.0,12,0.0,0.0
1997-04-11 00:00:00-04:00,30937.5,31875.0,29062.5,30000.0,8,0.0,0.0
1997-04-14 00:00:00-04:00,30000.0,30937.5,28593.75,28945.3125,8,0.0,0.0
1997-04-15 00:00:00-04:00,30000.0,30000.0,28593.75,29531.25,4,0.0,0.0
1997-04-16 00:00:00-04:00,29531.25,31875.0,28125.0,29531.25,18,0.0,0.0
1997-04-17 00:00:00-04:00,30000.0,30000.0,27656.25,29062.5,6,0.0,0.0
1997-04-18 00:00:00-04:00,29062.5,29062.5,27656.25,28125.0,4,0.0,0.0
1997-04-21 00:00:00-04:00,27656.25,28125.0,25312.5,26250.0,6,0.0,0.0
1997-04-22 00:00:00-04:00,28125.0,28125.0,26250.0,27187.5,9,0.0,0.0
1997-04-23 00:00:00-04:00,26250.0,27656.25,25781.25,25781.25,8,0.0,0.0
1997-04-24 00:00:00-04:00,26250.0,26250.0,21562.5,21562.5,13,0.0,0.0
1997-04-25 00:00:00-04:00,22500.0,24375.0,20625.0,23437.5,15,0.0,0.0
1997-04-28 00:00:00-04:00,23906.25,23906.25,22031.25,23437.5,11,0.0,0.0
1997-04-29 00:00:00-04:00,24375.0,26718.75,24375.0,25781.25,15,0.0,0.0
1997-04-30 00:00:00-04:00,27656.25,28828.125,24843.75,24843.75,29,0.0,0.0
1997-05-01 00:00:00-04:00,24375.0,26250.0,24375.0,26250.0,5,0.0,0.0
1997-05-02 00:00:00-04:00,25781.25,26250.0,23906.25,25312.5,9,0.0,0.0
1997-05-05 00:00:00-04:00,27187.5,33750.0,25781.25,30468.75,160,0.0,0.0
1997-05-06 00:00:00-04:00,32343.75,32343.75,26718.75,27656.25,30,0.0,0.0
1997-05-07 00:00:00-04:00,28125.0,28125.0,26250.0,27187.5,13,0.0,0.0
1997-05-08 00:00:00-04:00,27656.25,30000.0,27656.25,28593.75,13,0.0,0.0
1997-05-09 00:00:00-04:00,28593.75,29062.5,26250.0,27187.5,11,0.0,0.0
1997-05-12 00:00:00-04:00,26250.0,27656.25,25781.25,26250.0,7,0.0,0.0
1997-05-13 00:00:00-04:00,26250.0,27187.5,24375.0,25312.5,6,0.0,0.0
1997-05-14 00:00:00-04:00,25312.5,26484.375,24843.75,25781.25,10,0.0,0.0
1997-05-15 00:00:00-04:00,26250.0,26250.0,24375.0,25546.875,5,0.0,0.0
1997-05-16 00:00:00-04:00,24375.0,25312.5,23906.25,23906.25,10,0.0,0.0
1997-05-19 00:00:00-04:00,25312.5,27656.25,23906.25,27187.5,29,0.0,0.0
1997-05-20 00:00:00-04:00,27187.5,27187.5,26250.0,26250.0,5,0.0,0.0
1997-05-21 00:00:00-04:00,26718.75,26718.75,25312.5,25312.5,5,0.0,0.0
1997-05-22 00:00:00-04:00,26250.0,26250.0,23906.25,23906.25,4,0.0,0.0
1997-05-23 00:00:00-04:00,23906.25,25312.5,23437.5,24375.0,5,0.0,0.0
1997-05-27 00:00:00-04:00,25312.5,26718.75,24375.0,25312.5,9,0.0,0.0
1997-05-28 00:00:00-04:00,26250.0,26250.0,24843.75,25312.5,7,0.0,0.0
1997-05-29 00:00:00-04:00,25312.5,26250.0,25312.5,26250.0,5,0.0,0.0
1997-05-30 00:00:00-04:00,25781.25,25781.25,24375.0,24843.75,7,0.0,0.0
1997-06-02 00:00:00-04:00,25781.25,25781.25,24375.0,24375.0,7,0.0,0.0
1997-06-03 00:00:00-04:00,24375.0,30000.0,24375.0,28593.75,25,0.0,0.0
1997-06-04 00:00:00-04:00,30468.75,32343.75,29531.25,31875.0,52,0.0,0.0
1997-06-05 00:00:00-04:00,35156.25,38437.5,33750.0,34218.75,22,0.0,0.0
1997-06-06 00:00:00-04:00,35156.25,35156.25,32343.75,32343.75,6,0.0,0.0
1997-06-09 00:00:00-04:00,32343.75,33281.25,31406.25,31406.25,4,0.0,0.0
1997-06-10 00:00:00-04:00,32343.75,35156.25,32343.75,32812.5,8,0.0,0.0
1997-06-11 00:00:00-04:00,33281.25,33281.25,30000.0,30468.75,4,0.0,0.0
1997-06-12 00:00:00-04:00,30468.75,30937.5,27656.25,28125.0,3,0.0,0.0
1997-06-13 00:00:00-04:00,29062.5,30000.0,28125.0,30000.0,1,0.0,0.0
1997-06-16 00:00:00-04:00,29531.25,29531.25,25781.25,26250.0,6,0.0,0.0
1997-06-17 00:00:00-04:00,25781.25,27187.5,24843.75,27187.5,10,0.0,0.0
1997-06-18 00:00:00-04:00,26718.75,27656.25,26718.75,27656.25,3,0.0,0.0
1997-06-19 00:00:00-04:00,27187.5,30000.0,27187.5,30000.0,5,0.0,0.0
1997-06-20 00:00:00-04:00,31406.25,31406.25,26718.75,28593.75,6,0.0,0.0
1997-06-23 00:00:00-04:00,29062.5,30937.5,28125.0,28125.0,9,0.0,0.0
1997-06-24 00:00:00-04:00,29062.5,29062.5,28125.0,29062.5,3,0.0,0.0
1997-06-25 00:00:00-04:00,29062.5,29062.5,26718.75,27187.5,4,0.0,0.0
1997-06-26 00:00:00-04:00,26718.75,30000.0,26718.75,28593.75,7,0.0,0.0
1997-06-27 00:00:00-04:00,27656.25,28593.75,27187.5,28125.0,5,0.0,0.0
1997-06-30 00:00:00-04:00,28125.0,28593.75,26250.0,28125.0,7,0.0,0.0
1997-07-01 00:00:00-04:00,28125.0,28125.0,26718.75,27187.5,2,0.0,0.0
1997-07-02 00:00:00-04:00,27187.5,28125.0,27187.5,27656.25,3,0.0,0.0
1997-07-03 00:00:00-04:00,28125.0,28593.75,27656.25,27656.25,7,0.0,0.0
1997-07-07 00:00:00-04:00,28125.0,28125.0,26718.75,27187.5,3,0.0,0.0
1997-07-08 00:00:00-04:00,26250.0,26718.75,25312.5,26718.75,5,0.0,0.0
1997-07-09 00:00:00-04:00,29062.5,30000.0,27656.25,29531.25,27,0.0,0.0
1997-07-10 00:00:00-04:00,29531.25,29531.25,27656.25,27656.25,3,0.0,0.0
1997-07-11 00:00:00-04:00,27656.25,29062.5,27656.25,29062.5,4,0.0,0.0
1997-07-14 00:00:00-04:00,29062.5,29062.5,27656.25,28125.0,3,0.0,0.0
1997-07-15 00:00:00-04:00,28125.0,28593.75,27656.25,27656.25,5,0.0,0.0
1997-07-16 00:00:00-04:00,28593.75,28593.75,26718.75,28125.0,3,0.0,0.0
1997-07-17 00:00:00-04:00,28593.75,28593.75,27187.5,27656.25,3,0.0,0.0
1997-07-18 00:00:00-04:00,27187.5,28125.0,26718.75,28125.0,2,0.0,0.0
1997-07-21 00:00:00-04:00,27187.5,27656.25,26718.75,26718.75,2,0.0,0.0
1997-07-22 00:00:00-04:00,27187.5,27187.5,25312.5,26718.75,5,0.0,0.0
1997-07-23 00:00:00-04:00,24843.75,26718.75,24843.75,25312.5,6,0.0,0.0
1997-07-24 00:00:00-04:00,25312.5,28125.0,25312.5,27187.5,2,0.0,0.0
1997-07-25 00:00:00-04:00,27656.25,27656.25,25312.5,26250.0,3,0.0,0.0
1997-07-28 00:00:00-04:00,27656.25,28593.75,27187.5,28125.0,6,0.0,0.0
1997-07-29 00:00:00-04:00,26250.0,28593.75,26250.0,27656.25,8,0.0,0.0
1997-07-30 00:00:00-04:00,29062.5,29062.5,26718.75,26718.75,4,0.0,0.0
1997-07-31 00:00:00-04:00,27187.5,27187.5,26250.0,26250.0,4,0.0,0.0
1997-08-01 00:00:00-04:00,25781.25,26718.75,25781.25,26718.75,3,0.0,0.0
1997-08-04 00:00:00-04:00,26718.75,26718.75,25312.5,25312.5,3,0.0,0.0
1997-08-05 00:00:00-04:00,26250.0,26250.0,25312.5,25781.25,2,0.0,0.0
1997-08-06 00:00:00-04:00,25781.25,26250.0,25312.5,25312.5,3,0.0,0.0
1997-08-07 00:00:00-04:00,25312.5,25781.25,24843.75,24843.75,3,0.0,0.0
1997-08-08 00:00:00-04:00,25312.5,25312.5,23437.5,24375.0,12,0.0,0.0
1997-08-11 00:00:00-04:00,24375.0,24843.75,23906.25,24375.0,1,0.0,0.0
1997-08-12 00:00:00-04:00,24375.0,25312.5,23906.25,23906.25,2,0.0,0.0
1997-08-13 00:00:00-04:00,24843.75,24843.75,23906.25,24375.0,4,0.0,0.0
1997-08-14 00:00:00-04:00,24375.0,25312.5,23437.5,24375.0,2,0.0,0.0
1997-08-15 00:00:00-04:00,24375.0,25781.25,23906.25,23906.25,2,0.0,0.0
1997-08-18 00:00:00-04:00,23906.25,24843.75,23437.5,24375.0,4,0.0,0.0
1997-08-19 00:00:00-04:00,25312.5,25312.5,23906.25,23906.25,2,0.0,0.0
1997-08-20 00:00:00-04:00,23906.25,26250.0,23906.25,24375.0,5,0.0,0.0
1997-08-21 00:00:00-04:00,25312.5,26250.0,24375.0,24843.75,5,0.0,0.0
1997-08-22 00:00:00-04:00,23906.25,24375.0,23437.5,23906.25,4,0.0,0.0
1997-08-25 00:00:00-04:00,24375.0,26250.0,24375.0,24843.75,16,0.0,0.0
1997-08-26 00:00:00-04:00,25781.25,25781.25,23906.25,25312.5,5,0.0,0.0
1997-08-27 00:00:00-04:00,25781.25,25781.25,24375.0,25312.5,1,0.0,0.0
1997-08-28 00:00:00-04:00,24843.75,25312.5,24375.0,24375.0,2,0.0,0.0
1997-08-29 00:00:00-04:00,24843.75,24843.75,23906.25,23906.25,1,0.0,0.0
1997-09-02 00:00:00-04:00,24375.0,25312.5,23906.25,23906.25,3,0.0,0.0
1997-09-03 00:00:00-04:00,25312.5,26718.75,25312.5,25312.5,11,0.0,0.0
1997-09-04 00:00:00-04:00,25781.25,25781.25,24843.75,25312.5,4,0.0,0.0
1997-09-05 00:00:00-04:00,25312.5,25781.25,24843.75,25312.5,2,0.0,0.0
1997-09-08 00:00:00-04:00,26250.0,34687.5,26250.0,31875.0,38,0.0,0.0
1997-09-09 00:00:00-04:00,33281.25,37031.25,32812.5,35156.25,57,0.0,0.0
1997-09-10 00:00:00-04:00,37031.25,39375.0,34218.75,34687.5,36,0.0,0.0
1997-09-11 00:00:00-04:00,35625.0,38437.5,34218.75,37500.0,24,0.0,0.0
1997-09-12 00:00:00-04:00,36562.5,38437.5,36562.5,37031.25,8,0.0,0.0
1997-09-15 00:00:00-04:00,36562.5,39843.75,35625.0,39375.0,12,0.0,0.0
1997-09-16 00:00:00-04:00,40312.5,43125.0,36562.5,36562.5,19,0.0,0.0
1997-09-17 00:00:00-04:00,39375.0,41718.75,39375.0,40312.5,20,0.0,0.0
1997-09-18 00:00:00-04:00,41718.75,41718.75,37968.75,38437.5,9,0.0,0.0
1997-09-19 00:00:00-04:00,40312.5,40781.25,37500.0,40312.5,13,0.0,0.0
1997-09-22 00:00:00-04:00,40312.5,43125.0,39843.75,39843.75,12,0.0,0.0
1997-09-23 00:00:00-04:00,38906.25,39843.75,38437.5,39843.75,7,0.0,0.0
1997-09-24 00:00:00-04:00,40312.5,40781.25,38906.25,38906.25,8,0.0,0.0
1997-09-25 00:00:00-04:00,38437.5,40312.5,38437.5,40312.5,6,0.0,0.0
1997-09-26 00:00:00-04:00,40312.5,41250.0,38906.25,41250.0,5,0.0,0.0
1997-09-29 00:00:00-04:00,45468.75,57187.5,45000.0,57187.5,139,0.0,0.0
1997-09-30 00:00:00-04:00,59531.25,60937.5,50625.0,54375.0,117,0.0,0.0
1997-10-01 00:00:00-04:00,53906.25,58125.0,53906.25,57656.25,34,0.0,0.0
1997-10-02 00:00:00-04:00,57187.5,58125.0,55312.5,57656.25,15,0.0,0.0
1997-10-03 00:00:00-04:00,57656.25,60937.5,56250.0,60937.5,30,0.0,0.0
1997-10-06 00:00:00-04:00,63750.0,75000.0,63750.0,75000.0,180,0.0,0.0
1997-10-07 00:00:00-04:00,75000.0,75000.0,65156.25,65625.0,104,0.0,0.0
1997-10-08 00:00:00-04:00,64687.5,64687.5,57187.5,61875.0,67,0.0,0.0
1997-10-09 00:00:00-04:00,60000.0,62812.5,59062.5,60000.0,18,0.0,0.0
1997-10-10 00:00:00-04:00,60000.0,60937.5,58593.75,60468.75,16,0.0,0.0
1997-10-13 00:00:00-04:00,60937.5,61875.0,59062.5,60000.0,10,0.0,0.0
1997-10-14 00:00:00-04:00,60000.0,63750.0,54375.0,57187.5,40,0.0,0.0
1997-10-15 00:00:00-04:00,56718.75,58125.0,55312.5,55781.25,17,0.0,0.0
1997-10-16 00:00:00-04:00,55312.5,57187.5,55312.5,57187.5,10,0.0,0.0
1997-10-17 00:00:00-04:00,55312.5,56250.0,49218.75,53437.5,24,0.0,0.0
1997-10-20 00:00:00-04:00,53437.5,55781.25,51562.5,53437.5,9,0.0,0.0
1997-10-21 00:00:00-04:00,52500.0,53906.25,51093.75,52500.0,8,0.0,0.0
1997-10-22 00:00:00-04:00,51562.5,54375.0,50625.0,52031.25,12,0.0,0.0
1997-10-23 00:00:00-04:00,50156.25,59062.5,47812.5,58125.0,31,0.0,0.0
1997-10-24 00:00:00-04:00,61875.0,62812.5,56250.0,57187.5,19,0.0,0.0
1997-10-27 00:00:00-05:00,56250.0,56250.0,48750.0,49687.5,14,0.0,0.0
1997-10-28 00:00:00-05:00,44062.5,53437.5,44062.5,51562.5,28,0.0,0.0
1997-10-29 00:00:00-05:00,53437.5,59062.5,52500.0,52500.0,19,0.0,0.0
1997-10-30 00:00:00-05:00,52500.0,57187.5,50625.0,54375.0,9,0.0,0.0
1997-10-31 00:00:00-05:00,55312.5,57656.25,52968.75,52968.75,19,0.0,0.0
1997-11-03 00:00:00-05:00,54375.0,56718.75,53906.25,55312.5,4,0.0,0.0
1997-11-04 00:00:00-05:00,56250.0,60000.0,54375.0,59062.5,16,0.0,0.0
1997-11-05 00:00:00-05:00,60000.0,67500.0,60000.0,65625.0,29,0.0,0.0
1997-11-06 00:00:00-05:00,66093.75,66093.75,60937.5,64687.5,17,0.0,0.0
1997-11-07 00:00:00-05:00,61875.0,62812.5,59062.5,60468.75,12,0.0,0.0
1997-11-10 00:00:00-05:00,62343.75,63750.0,59531.25,60468.75,7,0.0,0.0
1997-11-11 00:00:00-05:00,60000.0,60000.0,58593.75,59531.25,6,0.0,0.0
1997-11-12 00:00:00-05:00,60000.0,60000.0,57187.5,58125.0,10,0.0,0.0
1997-11-13 00:00:00-05:00,59062.5,62812.5,58125.0,59062.5,15,0.0,0.0
1997-11-14 00:00:00-05:00,60000.0,61406.25,58593.75,60000.0,9,0.0,0.0
1997-11-17 00:00:00-05:00,61406.25,61406.25,60000.0,61406.25,6,0.0,0.0
1997-11-18 00:00:00-05:00,60937.5,60937.5,58125.0,59062.5,4,0.0,0.0
1997-11-19 00:00:00-05:00,59062.5,60000.0,54375.0,58125.0,7,0.0,0.0
1997-11-20 00:00:00-05:00,57187.5,59062.5,56250.0,57656.25,3,0.0,0.0
1997-11-21 00:00:00-05:00,58593.75,62812.5,57656.25,61406.25,14,0.0,0.0
1997-11-24 00:00:00-05:00,61875.0,62812.5,58125.0,59062.5,11,0.0,0.0
1997-11-25 00:00:00-05:00,60000.0,60000.0,58593.75,58593.75,3,0.0,0.0
1997-11-26 00:00:00-05:00,57656.25,58593.75,56250.0,58593.75,7,0.0,0.0
1997-11-28 00:00:00-05:00,59531.25,59531.25,58593.75,59062.5,3,0.0,0.0
1997-12-01 00:00:00-05:00,59062.5,59062.5,55781.25,55781.25,11,0.0,0.0
1997-12-02 00:00:00-05:00,56250.0,58125.0,52500.0,53437.5,10,0.0,0.0
1997-12-03 00:00:00-05:00,53906.25,56250.0,53437.5,53437.5,7,0.0,0.0
1997-12-04 00:00:00-05:00,52968.75,52968.75,43125.0,47812.5,27,0.0,0.0
1997-12-05 00:00:00-05:00,46875.0,46875.0,44062.5,45000.0,11,0.0,0.0
1997-12-08 00:00:00-05:00,45937.5,46406.25,44062.5,45000.0,10,0.0,0.0
1997-12-09 00:00:00-05:00,45000.0,55312.5,45000.0,55312.5,17,0.0,0.0
1997-12-10 00:00:00-05:00,64218.75,69375.0,57187.5,62812.5,239,0.0,0.0
1997-12-11 00:00:00-05:00,57656.25,60468.75,53437.5,55312.5,46,0.0,0.0
1997-12-12 00:00:00-05:00,54375.0,56250.0,53437.5,55781.25,19,0.0,0.0
1997-12-15 00:00:00-05:00,57187.5,57187.5,52968.75,53437.5,9,0.0,0.0
1997-12-16 00:00:00-05:00,54375.0,54375.0,49687.5,49687.5,24,0.0,0.0
1997-12-17 00:00:00-05:00,48750.0,54843.75,48750.0,52031.25,29,0.0,0.0
1997-12-18 00:00:00-05:00,51093.75,52500.0,48750.0,50625.0,9,0.0,0.0
1997-12-19 00:00:00-05:00,50625.0,55781.25,50625.0,55312.5,19,0.0,0.0
1997-12-22 00:00:00-05:00,57187.5,57187.5,54375.0,54843.75,6,0.0,0.0
1997-12-23 00:00:00-05:00,52968.75,54375.0,49218.75,50625.0,11,0.0,0.0
1997-12-24 00:00:00-05:00,49687.5,51093.75,48750.0,50625.0,8,0.0,0.0
1997-12-26 00:00:00-05:00,49687.5,49687.5,49218.75,49687.5,5,0.0,0.0
1997-12-29 00:00:00-05:00,49687.5,49687.5,48750.0,49218.75,6,0.0,0.0
1997-12-30 00:00:00-05:00,49218.75,49218.75,47812.5,48281.25,15,0.0,0.0
1997-12-31 00:00:00-05:00,47812.5,50625.0,46875.0,49687.5,24,0.0,0.0
1998-01-02 00:00:00-05:00,49687.5,49687.5,45937.5,46406.25,13,0.0,0.0
1998-01-05 00:00:00-05:00,45937.5,47812.5,45468.75,45937.5,12,0.0,0.0
1998-01-06 00:00:00-05:00,45937.5,46406.25,45000.0,45468.75,6,0.0,0.0
1998-01-07 00:00:00-05:00,45468.75,46875.0,45000.0,45937.5,7,0.0,0.0
1998-01-08 00:00:00-05:00,46406.25,48281.25,45937.5,47812.5,13,0.0,0.0
1998-01-09 00:00:00-05:00,48281.25,48750.0,45468.75,45937.5,15,0.0,0.0
1998-01-12 00:00:00-05:00,45000.0,48750.0,43125.0,47343.75,16,0.0,0.0
1998-01-13 00:00:00-05:00,46406.25,47812.5,46406.25,46875.0,5,0.0,0.0
1998-01-14 00:00:00-05:00,46406.25,46406.25,45000.0,45937.5,5,0.0,0.0
1998-01-15 00:00:00-05:00,45000.0,45937.5,44062.5,45468.75,6,0.0,0.0
1998-01-16 00:00:00-05:00,44062.5,45937.5,44062.5,45937.5,5,0.0,0.0
1998-01-20 00:00:00-05:00,44531.25,46875.0,44531.25,45937.5,10,0.0,0.0
1998-01-21 00:00:00-05:00,45937.5,47812.5,45000.0,45468.75,10,0.0,0.0
1998-01-22 00:00:00-05:00,45000.0,47812.5,45000.0,46406.25,10,0.0,0.0
1998-01-23 00:00:00-05:00,46406.25,46875.0,43593.75,43593.75,8,0.0,0.0
1998-01-26 00:00:00-05:00,44062.5,45937.5,43125.0,44062.5,9,0.0,0.0
1998-01-27 00:00:00-05:00,42187.5,44062.5,37500.0,37500.0,15,0.0,0.0
1998-01-28 00:00:00-05:00,35625.0,39843.75,35625.0,37968.75,18,0.0,0.0
1998-01-29 00:00:00-05:00,36562.5,39375.0,35156.25,38906.25,24,0.0,0.0
1998-01-30 00:00:00-05:00,39843.75,40312.5,38437.5,39843.75,8,0.0,0.0
1998-02-02 00:00:00-05:00,36562.5,39375.0,36562.5,38906.25,9,0.0,0.0
1998-02-03 00:00:00-05:00,40312.5,42187.5,38437.5,40312.5,5,0.0,0.0
1998-02-04 00:00:00-05:00,41250.0,41718.75,39375.0,40781.25,6,0.0,0.0
1998-02-05 00:00:00-05:00,40312.5,41250.0,40312.5,40312.5,6,0.0,0.0
1998-02-06 00:00:00-05:00,41250.0,41250.0,38437.5,39375.0,10,0.0,0.0
1998-02-09 00:00:00-05:00,38437.5,42187.5,38437.5,40312.5,7,0.0,0.0
1998-02-10 00:00:00-05:00,37500.0,39375.0,37500.0,37968.75,6,0.0,0.0
1998-02-11 00:00:00-05:00,39375.0,39375.0,37968.75,38437.5,9,0.0,0.0
1998-02-12 00:00:00-05:00,38906.25,38906.25,37968.75,38437.5,4,0.0,0.0
1998-02-13 00:00:00-05:00,39375.0,39375.0,37500.0,38437.5,8,0.0,0.0
1998-02-17 00:00:00-05:00,39375.0,41250.0,38437.5,38437.5,6,0.0,0.0
1998-02-18 00:00:00-05:00,38437.5,39375.0,37968.75,37968.75,7,0.0,0.0
1998-02-19 00:00:00-05:00,38437.5,38437.5,36562.5,37500.0,8,0.0,0.0
1998-02-20 00:00:00-05:00,37031.25,38437.5,36562.5,37968.75,4,0.0,0.0
1998-02-23 00:00:00-05:00,38906.25,38906.25,37031.25,37500.0,4,0.0,0.0
1998-02-24 00:00:00-05:00,37968.75,38906.25,37031.25,37968.75,12,0.0,0.0
1998-02-25 00:00:00-05:00,37500.0,37968.75,37031.25,37500.0,6,0.0,0.0
1998-02-26 00:00:00-05:00,36562.5,38437.5,36562.5,37500.0,13,0.0,0.0
1998-02-27 00:00:00-05:00,36562.5,38437.5,35625.0,36093.75,10,0.0,0.0
1998-03-02 00:00:00-05:00,37031.25,37031.25,34687.5,34687.5,5,0.0,0.0
1998-03-03 00:00:00-05:00,34687.5,35156.25,29531.25,31406.25,27,0.0,0.0
1998-03-04 00:00:00-05:00,32812.5,37031.25,31875.0,34218.75,15,0.0,0.0
1998-03-05 00:00:00-05:00,36562.5,36562.5,33750.0,34218.75,7,0.0,0.0
1998-03-06 00:00:00-05:00,33750.0,35156.25,33750.0,34687.5,4,0.0,0.0
1998-03-09 00:00:00-05:00,37500.0,44062.5,36562.5,38437.5,105,0.0,0.0
1998-03-10 00:00:00-05:00,39375.0,39375.0,35625.0,36093.75,18,0.0,0.0
1998-03-11 00:00:00-05:00,35625.0,36093.75,33750.0,34218.75,14,0.0,0.0
1998-03-12 00:00:00-05:00,33750.0,34687.5,32343.75,33750.0,17,0.0,0.0
1998-03-13 00:00:00-05:00,34218.75,35625.0,32812.5,32812.5,9,0.0,0.0
1998-03-16 00:00:00-05:00,33750.0,33750.0,31875.0,32812.5,7,0.0,0.0
1998-03-17 00:00:00-05:00,33750.0,36562.5,33750.0,33750.0,9,0.0,0.0
1998-03-18 00:00:00-05:00,33750.0,33750.0,31875.0,32343.75,4,0.0,0.0
1998-03-19 00:00:00-05:00,32343.75,33750.0,32343.75,32812.5,7,0.0,0.0
1998-03-20 00:00:00-05:00,33750.0,33750.0,32343.75,33281.25,5,0.0,0.0
1998-03-23 00:00:00-05:00,32343.75,35156.25,32343.75,32343.75,9,0.0,0.0
1998-03-24 00:00:00-05:00,32343.75,33750.0,32343.75,33750.0,4,0.0,0.0
1998-03-25 00:00:00-05:00,34218.75,34687.5,32343.75,33281.25,9,0.0,0.0
1998-03-26 00:00:00-05:00,33750.0,33750.0,32343.75,32812.5,8,0.0,0.0
1998-03-27 00:00:00-05:00,32343.75,34687.5,32343.75,34687.5,18,0.0,0.0
1998-03-30 00:00:00-05:00,33281.25,34687.5,32812.5,34687.5,5,0.0,0.0
1998-03-31 00:00:00-05:00,33281.25,35156.25,33281.25,34687.5,3,0.0,0.0
1998-04-01 00:00:00-05:00,34218.75,34687.5,33750.0,34218.75,4,0.0,0.0
1998-04-02 00:00:00-05:00,34218.75,34687.5,33281.25,33750.0,8,0.0,0.0
1998-04-03 00:00:00-05:00,33750.0,40312.5,32812.5,39375.0,34,0.0,0.0
1998-04-06 00:00:00-04:00,40781.25,43125.0,38437.5,39375.0,34,0.0,0.0
1998-04-07 00:00:00-04:00,39375.0,41250.0,38437.5,39375.0,11,0.0,0.0
1998-04-08 00:00:00-04:00,39375.0,39375.0,34218.75,35156.25,16,0.0,0.0
1998-04-09 00:00:00-04:00,35156.25,39375.0,35156.25,37500.0,9,0.0,0.0
1998-04-13 00:00:00-04:00,36562.5,37031.25,34687.5,35625.0,2,0.0,0.0
1998-04-14 00:00:00-04:00,36562.5,37031.25,35156.25,37031.25,3,0.0,0.0
1998-04-15 00:00:00-04:00,37031.25,37031.25,34218.75,35156.25,7,0.0,0.0
1998-04-16 00:00:00-04:00,34687.5,36093.75,34218.75,36093.75,9,0.0,0.0
1998-04-17 00:00:00-04:00,35625.0,40781.25,35625.0,37968.75,23,0.0,0.0
1998-04-20 00:00:00-04:00,37968.75,40312.5,37968.75,38906.25,8,0.0,0.0
1998-04-21 00:00:00-04:00,37968.75,37968.75,36562.5,37031.25,3,0.0,0.0
1998-04-22 00:00:00-04:00,36093.75,38437.5,35625.0,37500.0,8,0.0,0.0
1998-04-23 00:00:00-04:00,38437.5,39375.0,36562.5,37500.0,15,0.0,0.0
1998-04-24 00:00:00-04:00,37500.0,38437.5,35625.0,36093.75,11,0.0,0.0
1998-04-27 00:00:00-04:00,35625.0,37031.25,34687.5,35156.25,9,0.0,0.0
1998-04-28 00:00:00-04:00,36093.75,37968.75,35156.25,37500.0,10,0.0,0.0
1998-04-29 00:00:00-04:00,36562.5,38437.5,36093.75,37031.25,13,0.0,0.0
1998-04-30 00:00:00-04:00,37031.25,37500.0,35156.25,36562.5,4,0.0,0.0
1998-05-01 00:00:00-04:00,35625.0,36562.5,35156.25,35156.25,5,0.0,0.0
1998-05-04 00:00:00-04:00,35625.0,41250.0,35156.25,41250.0,34,0.0,0.0
1998-05-05 00:00:00-04:00,41250.0,43125.0,38437.5,39843.75,28,0.0,0.0
1998-05-06 00:00:00-04:00,45000.0,48281.25,42656.25,43125.0,108,0.0,0.0
1998-05-07 00:00:00-04:00,44531.25,44531.25,41250.0,42187.5,26,0.0,0.0
1998-05-08 00:00:00-04:00,43125.0,43593.75,38437.5,42187.5,8,0.0,0.0
1998-05-11 00:00:00-04:00,43593.75,43593.75,39375.0,40312.5,7,0.0,0.0
1998-05-12 00:00:00-04:00,40312.5,40781.25,38437.5,40312.5,7,0.0,0.0
1998-05-13 00:00:00-04:00,40781.25,40781.25,38906.25,39375.0,9,0.0,0.0
1998-05-14 00:00:00-04:00,38437.5,39375.0,37031.25,38437.5,9,0.0,0.0
1998-05-15 00:00:00-04:00,37031.25,40312.5,37031.25,37031.25,14,0.0,0.0
1998-05-18 00:00:00-04:00,38906.25,39843.75,37031.25,37968.75,18,0.0,0.0
1998-05-19 00:00:00-04:00,38906.25,38906.25,35625.0,37031.25,7,0.0,0.0
1998-05-20 00:00:00-04:00,37500.0,37500.0,36093.75,36093.75,4,0.0,0.0
1998-05-21 00:00:00-04:00,36093.75,37031.25,36093.75,37031.25,9,0.0,0.0
1998-05-22 00:00:00-04:00,37968.75,37968.75,35625.0,37031.25,6,0.0,0.0
1998-05-26 00:00:00-04:00,37968.75,38437.5,36093.75,36093.75,3,0.0,0.0
1998-05-27 00:00:00-04:00,36093.75,36562.5,34687.5,35625.0,16,0.0,0.0
1998-05-28 00:00:00-04:00,36093.75,36093.75,35156.25,36093.75,4,0.0,0.0
1998-05-29 00:00:00-04:00,37031.25,37500.0,35156.25,36093.75,8,0.0,0.0
1998-06-01 00:00:00-04:00,36562.5,36562.5,35156.25,35156.25,4,0.0,0.0
1998-06-02 00:00:00-04:00,39375.0,44531.25,38437.5,39843.75,209,0.0,0.0
1998-06-03 00:00:00-04:00,41250.0,42187.5,37500.0,38437.5,42,0.0,0.0
1998-06-04 00:00:00-04:00,37968.75,38906.25,37500.0,38437.5,20,0.0,0.0
1998-06-05 00:00:00-04:00,38906.25,41718.75,38437.5,41250.0,19,0.0,0.0
1998-06-08 00:00:00-04:00,43593.75,44062.5,38437.5,38437.5,46,0.0,0.0
1998-06-09 00:00:00-04:00,38437.5,39375.0,37500.0,38437.5,14,0.0,0.0
1998-06-10 00:00:00-04:00,37968.75,38437.5,36562.5,36562.5,10,0.0,0.0
1998-06-11 00:00:00-04:00,36562.5,37968.75,36562.5,37500.0,10,0.0,0.0
1998-06-12 00:00:00-04:00,37031.25,37968.75,36093.75,37031.25,6,0.0,0.0
1998-06-15 00:00:00-04:00,36093.75,37031.25,35625.0,35625.0,4,0.0,0.0
1998-06-16 00:00:00-04:00,36093.75,37500.0,35625.0,37500.0,8,0.0,0.0
1998-06-17 00:00:00-04:00,40781.25,40781.25,36562.5,36562.5,49,0.0,0.0
1998-06-18 00:00:00-04:00,37031.25,37031.25,35625.0,35625.0,8,0.0,0.0
1998-06-19 00:00:00-04:00,36093.75,38437.5,36093.75,38437.5,12,0.0,0.0
1998-06-22 00:00:00-04:00,37968.75,37968.75,36562.5,36562.5,3,0.0,0.0
1998-06-23 00:00:00-04:00,38906.25,38906.25,36562.5,37031.25,16,0.0,0.0
1998-06-24 00:00:00-04:00,36093.75,37031.25,35625.0,36562.5,10,0.0,0.0
1998-06-25 00:00:00-04:00,37500.0,38906.25,36562.5,36562.5,26,0.0,0.0
1998-06-26 00:00:00-04:00,36562.5,37500.0,36562.5,37031.25,23,0.0,0.0
1998-06-29 00:00:00-04:00,36093.75,37031.25,35625.0,36562.5,7,0.0,0.0
1998-06-30 00:00:00-04:00,35625.0,37031.25,35625.0,37031.25,9,0.0,0.0
1998-07-01 00:00:00-04:00,37031.25,37031.25,35625.0,35625.0,7,0.0,0.0
1998-07-02 00:00:00-04:00,35625.0,36093.75,34687.5,35156.25,8,0.0,0.0
1998-07-06 00:00:00-04:00,36093.75,36093.75,33750.0,33750.0,11,0.0,0.0
1998-07-07 00:00:00-04:00,33750.0,34218.75,31406.25,32812.5,17,0.0,0.0
1998-07-08 00:00:00-04:00,32812.5,33750.0,31875.0,33281.25,7,0.0,0.0
1998-07-09 00:00:00-04:00,33281.25,33281.25,31875.0,33281.25,3,0.0,0.0
1998-07-10 00:00:00-04:00,33750.0,35156.25,33281.25,33750.0,4,0.0,0.0
1998-07-13 00:00:00-04:00,35156.25,35156.25,32343.75,32343.75,6,0.0,0.0
1998-07-14 00:00:00-04:00,31875.0,33281.25,30937.5,30937.5,4,0.0,0.0
1998-07-15 00:00:00-04:00,30937.5,32812.5,30468.75,32812.5,7,0.0,0.0
1998-07-16 00:00:00-04:00,31875.0,32812.5,30000.0,30468.75,4,0.0,0.0
1998-07-17 00:00:00-04:00,30000.0,31406.25,29062.5,30937.5,13,0.0,0.0
1998-07-20 00:00:00-04:00,30937.5,34218.75,30000.0,31875.0,37,0.0,0.0
1998-07-21 00:00:00-04:00,31875.0,31875.0,30000.0,30468.75,8,0.0,0.0
1998-07-22 00:00:00-04:00,31875.0,31875.0,30000.0,30000.0,5,0.0,0.0
1998-07-23 00:00:00-04:00,30000.0,30937.5,29062.5,30000.0,8,0.0,0.0
1998-07-24 00:00:00-04:00,29062.5,29531.25,23906.25,26250.0,11,0.0,0.0
1998-07-27 00:00:00-04:00,27187.5,29531.25,26250.0,27656.25,12,0.0,0.0
1998-07-28 00:00:00-04:00,27656.25,30468.75,26718.75,27187.5,15,0.0,0.0
1998-07-29 00:00:00-04:00,27187.5,27656.25,24843.75,25781.25,10,0.0,0.0
1998-07-30 00:00:00-04:00,26250.0,28125.0,25312.5,25312.5,13,0.0,0.0
1998-07-31 00:00:00-04:00,24843.75,25781.25,24375.0,25312.5,7,0.0,0.0
1998-08-03 00:00:00-04:00,25312.5,25312.5,24375.0,25312.5,4,0.0,0.0
1998-08-04 00:00:00-04:00,24843.75,24843.75,22031.25,23437.5,14,0.0,0.0
1998-08-05 00:00:00-04:00,23437.5,23906.25,22500.0,23437.5,8,0.0,0.0
1998-08-06 00:00:00-04:00,24843.75,25781.25,23437.5,23906.25,11,0.0,0.0
1998-08-07 00:00:00-04:00,24375.0,28593.75,23906.25,25312.5,11,0.0,0.0
1998-08-10 00:00:00-04:00,25312.5,25781.25,24375.0,25312.5,3,0.0,0.0
1998-08-11 00:00:00-04:00,24375.0,24843.75,22968.75,23906.25,5,0.0,0.0
1998-08-12 00:00:00-04:00,23437.5,25312.5,23437.5,23437.5,5,0.0,0.0
1998-08-13 00:00:00-04:00,23437.5,23437.5,22031.25,22500.0,15,0.0,0.0
1998-08-14 00:00:00-04:00,22500.0,22968.75,21562.5,22500.0,3,0.0,0.0
1998-08-17 00:00:00-04:00,22031.25,23437.5,21562.5,22500.0,1,0.0,0.0
1998-08-18 00:00:00-04:00,22500.0,22968.75,22500.0,22500.0,4,0.0,0.0
1998-08-19 00:00:00-04:00,22968.75,22968.75,21562.5,22031.25,5,0.0,0.0
1998-08-20 00:00:00-04:00,22031.25,22031.25,21562.5,21562.5,5,0.0,0.0
1998-08-21 00:00:00-04:00,21093.75,21093.75,18750.0,20156.25,11,0.0,0.0
1998-08-24 00:00:00-04:00,19218.75,22031.25,18281.25,21562.5,7,0.0,0.0
1998-08-25 00:00:00-04:00,21562.5,21562.5,19218.75,19218.75,7,0.0,0.0
1998-08-26 00:00:00-04:00,20156.25,21093.75,19687.5,20156.25,6,0.0,0.0
1998-08-27 00:00:00-04:00,20625.0,20625.0,17812.5,17812.5,14,0.0,0.0
1998-08-28 00:00:00-04:00,17343.75,19218.75,16875.0,18750.0,10,0.0,0.0
1998-08-31 00:00:00-04:00,17343.75,17812.5,15000.0,15000.0,16,0.0,0.0
1998-09-01 00:00:00-04:00,15468.75,17343.75,14531.25,16875.0,11,0.0,0.0
1998-09-02 00:00:00-04:00,18281.25,18750.0,16875.0,16875.0,13,0.0,0.0
1998-09-03 00:00:00-04:00,16406.25,18750.0,15937.5,16406.25,7,0.0,0.0
1998-09-04 00:00:00-04:00,17812.5,18750.0,15937.5,16875.0,8,0.0,0.0
1998-09-08 00:00:00-04:00,16875.0,18281.25,16875.0,18281.25,4,0.0,0.0
1998-09-09 00:00:00-04:00,17343.75,17343.75,16406.25,17343.75,7,0.0,0.0
1998-09-10 00:00:00-04:00,16875.0,20625.0,15937.5,18750.0,9,0.0,0.0
1998-09-11 00:00:00-04:00,17812.5,18750.0,15937.5,17343.75,8,0.0,0.0
1998-09-14 00:00:00-04:00,17343.75,17812.5,15937.5,16875.0,3,0.0,0.0
1998-09-15 00:00:00-04:00,16875.0,18750.0,16406.25,18281.25,7,0.0,0.0
1998-09-16 00:00:00-04:00,17343.75,17812.5,17343.75,17812.5,4,0.0,0.0
1998-09-17 00:00:00-04:00,17812.5,18281.25,16875.0,17812.5,5,0.0,0.0
1998-09-18 00:00:00-04:00,17812.5,18750.0,17812.5,18281.25,5,0.0,0.0
1998-09-21 00:00:00-04:00,18281.25,18281.25,17343.75,18281.25,1,0.0,0.0
1998-09-22 00:00:00-04:00,18281.25,18750.0,16875.0,18281.25,2,0.0,0.0
1998-09-23 00:00:00-04:00,18281.25,18281.25,17812.5,18281.25,1,0.0,0.0
1998-09-24 00:00:00-04:00,18281.25,18750.0,18281.25,18750.0,4,0.0,0.0
1998-09-25 00:00:00-04:00,18281.25,21562.5,17812.5,19218.75,37,0.0,0.0
1998-09-28 00:00:00-04:00,19687.5,21562.5,18750.0,19218.75,25,0.0,0.0
1998-09-29 00:00:00-04:00,19218.75,20156.25,18281.25,19687.5,5,0.0,0.0
1998-09-30 00:00:00-04:00,19687.5,20156.25,18750.0,19687.5,3,0.0,0.0
1998-10-01 00:00:00-04:00,19218.75,19687.5,18750.0,19687.5,3,0.0,0.0
1998-10-02 00:00:00-04:00,18750.0,19687.5,18750.0,19687.5,5,0.0,0.0
1998-10-05 00:00:00-04:00,21093.75,22968.75,19687.5,20625.0,64,0.0,0.0
1998-10-06 00:00:00-04:00,20625.0,20625.0,18750.0,19218.75,5,0.0,0.0
1998-10-07 00:00:00-04:00,19687.5,19687.5,17812.5,17812.5,13,0.0,0.0
1998-10-08 00:00:00-04:00,17343.75,19218.75,16875.0,16875.0,11,0.0,0.0
1998-10-09 00:00:00-04:00,16875.0,16875.0,15468.75,15937.5,8,0.0,0.0
1998-10-12 00:00:00-04:00,21562.5,21562.5,18281.25,19687.5,33,0.0,0.0
1998-10-13 00:00:00-04:00,19218.75,19218.75,17812.5,17812.5,2,0.0,0.0
1998-10-14 00:00:00-04:00,17812.5,19218.75,17343.75,19218.75,10,0.0,0.0
1998-10-15 00:00:00-04:00,18750.0,18750.0,17812.5,17812.5,4,0.0,0.0
1998-10-16 00:00:00-04:00,17812.5,19218.75,17812.5,18281.25,7,0.0,0.0
1998-10-19 00:00:00-04:00,18750.0,18750.0,17812.5,17812.5,2,0.0,0.0
1998-10-20 00:00:00-04:00,18750.0,19687.5,18750.0,19687.5,11,0.0,0.0
1998-10-21 00:00:00-04:00,19687.5,19687.5,18750.0,19218.75,4,0.0,0.0
1998-10-22 00:00:00-04:00,18750.0,19218.75,18750.0,18750.0,3,0.0,0.0
1998-10-23 00:00:00-04:00,18281.25,19218.75,18281.25,18750.0,1,0.0,0.0
1998-10-26 00:00:00-05:00,18750.0,19218.75,17812.5,18281.25,5,0.0,0.0
1998-10-27 00:00:00-05:00,18281.25,18281.25,17343.75,17343.75,2,0.0,0.0
1998-10-28 00:00:00-05:00,17812.5,17812.5,16875.0,17812.5,3,0.0,0.0
1998-10-29 00:00:00-05:00,17812.5,19687.5,16406.25,18750.0,21,0.0,0.0
1998-10-30 00:00:00-05:00,19218.75,19687.5,18281.25,18750.0,4,0.0,0.0
1998-11-02 00:00:00-05:00,19218.75,19687.5,18750.0,18750.0,4,0.0,0.0
1998-11-03 00:00:00-05:00,18750.0,19687.5,18281.25,18281.25,4,0.0,0.0
1998-11-04 00:00:00-05:00,18281.25,19218.75,18281.25,18281.25,5,0.0,0.0
1998-11-05 00:00:00-05:00,18750.0,19218.75,18750.0,18750.0,6,0.0,0.0
1998-11-06 00:00:00-05:00,20156.25,20156.25,19218.75,20156.25,13,0.0,0.0
1998-11-09 00:00:00-05:00,20156.25,20156.25,19218.75,19218.75,6,0.0,0.0
1998-11-10 00:00:00-05:00,19218.75,19687.5,19218.75,19218.75,4,0.0,0.0
1998-11-11 00:00:00-05:00,19687.5,21093.75,19218.75,21093.75,17,0.0,0.0
1998-11-12 00:00:00-05:00,20625.0,26250.0,20625.0,22031.25,59,0.0,0.0
1998-11-13 00:00:00-05:00,22031.25,22031.25,19687.5,20156.25,19,0.0,0.0
1998-11-16 00:00:00-05:00,20625.0,25312.5,20625.0,22500.0,100,0.0,0.0
1998-11-17 00:00:00-05:00,23437.5,23437.5,19687.5,20156.25,33,0.0,0.0
1998-11-18 00:00:00-05:00,20625.0,20625.0,18750.0,19687.5,12,0.0,0.0
1998-11-19 00:00:00-05:00,19218.75,20156.25,19218.75,20156.25,7,0.0,0.0
1998-11-20 00:00:00-05:00,20625.0,20625.0,19218.75,19218.75,6,0.0,0.0
1998-11-23 00:00:00-05:00,19218.75,20156.25,18750.0,18750.0,15,0.0,0.0
1998-11-24 00:00:00-05:00,18750.0,18750.0,17343.75,17812.5,13,0.0,0.0
1998-11-25 00:00:00-05:00,17812.5,18281.25,16875.0,17812.5,2,0.0,0.0
1998-11-27 00:00:00-05:00,17343.75,18281.25,16875.0,17812.5,7,0.0,0.0
1998-11-30 00:00:00-05:00,18750.0,19687.5,17343.75,17812.5,21,0.0,0.0
1998-12-01 00:00:00-05:00,17812.5,18281.25,17812.5,17812.5,4,0.0,0.0
1998-12-02 00:00:00-05:00,17343.75,17812.5,16875.0,16875.0,3,0.0,0.0
1998-12-03 00:00:00-05:00,18281.25,18281.25,15937.5,15937.5,23,0.0,0.0
1998-12-04 00:00:00-05:00,16875.0,16875.0,15468.75,15937.5,10,0.0,0.0
1998-12-07 00:00:00-05:00,15000.0,15468.75,14531.25,15468.75,21,0.0,0.0
1998-12-08 00:00:00-05:00,15468.75,15937.5,14531.25,14531.25,18,0.0,0.0
1998-12-09 00:00:00-05:00,15000.0,15468.75,14531.25,14531.25,11,0.0,0.0
1998-12-10 00:00:00-05:00,15000.0,15000.0,14531.25,14531.25,8,0.0,0.0
1998-12-11 00:00:00-05:00,14531.25,15000.0,14531.25,15000.0,8,0.0,0.0
1998-12-14 00:00:00-05:00,14531.25,14531.25,13593.75,13593.75,8,0.0,0.0
1998-12-15 00:00:00-05:00,13593.75,14062.5,11250.0,14062.5,26,0.0,0.0
1998-12-16 00:00:00-05:00,13125.0,14062.5,12187.5,12656.25,11,0.0,0.0
1998-12-17 00:00:00-05:00,12656.25,13593.75,12187.5,12187.5,8,0.0,0.0
1998-12-18 00:00:00-05:00,12187.5,12656.25,11250.0,12187.5,18,0.0,0.0
1998-12-21 00:00:00-05:00,11718.75,13125.0,11250.0,11718.75,25,0.0,0.0
1998-12-22 00:00:00-05:00,11718.75,13125.0,11718.75,13125.0,23,0.0,0.0
1998-12-23 00:00:00-05:00,13125.0,14531.25,13125.0,14062.5,17,0.0,0.0
1998-12-24 00:00:00-05:00,14531.25,14531.25,14062.5,14531.25,7,0.0,0.0
1998-12-28 00:00:00-05:00,14531.25,15468.75,13125.0,13125.0,19,0.0,0.0
1998-12-29 00:00:00-05:00,13593.75,14062.5,12656.25,13593.75,13,0.0,0.0
1998-12-30 00:00:00-05:00,13125.0,13125.0,12187.5,12656.25,13,0.0,0.0
1998-12-31 00:00:00-05:00,12187.5,15000.0,12187.5,13125.0,48,0.0,0.0
1999-01-04 00:00:00-05:00,13125.0,13593.75,12187.5,12187.5,15,0.0,0.0
1999-01-05 00:00:00-05:00,12187.5,12656.25,12187.5,12187.5,5,0.0,0.0
1999-01-06 00:00:00-05:00,12656.25,13125.0,12187.5,13125.0,10,0.0,0.0
1999-01-07 00:00:00-05:00,13125.0,13593.75,12187.5,12656.25,6,0.0,0.0
1999-01-08 00:00:00-05:00,13593.75,13593.75,12187.5,13593.75,12,0.0,0.0
1999-01-11 00:00:00-05:00,13125.0,13593.75,12656.25,12656.25,11,0.0,0.0
1999-01-12 00:00:00-05:00,12656.25,13125.0,12187.5,12187.5,8,0.0,0.0
1999-01-13 00:00:00-05:00,12187.5,14765.625,12187.5,13593.75,58,0.0,0.0
1999-01-14 00:00:00-05:00,13593.75,16406.25,12656.25,14062.5,148,0.0,0.0
1999-01-15 00:00:00-05:00,15468.75,20625.0,15468.75,16406.25,287,0.0,0.0
1999-01-19 00:00:00-05:00,16875.0,17343.75,14531.25,15000.0,57,0.0,0.0
1999-01-20 00:00:00-05:00,15000.0,15000.0,13593.75,14062.5,38,0.0,0.0
1999-01-21 00:00:00-05:00,14062.5,14531.25,13125.0,14531.25,20,0.0,0.0
1999-01-22 00:00:00-05:00,13593.75,14531.25,13593.75,13593.75,13,0.0,0.0
1999-01-25 00:00:00-05:00,14062.5,14062.5,13125.0,13593.75,16,0.0,0.0
1999-01-26 00:00:00-05:00,14062.5,16875.0,13593.75,15000.0,144,0.0,0.0
1999-01-27 00:00:00-05:00,15468.75,15937.5,14062.5,14531.25,32,0.0,0.0
1999-01-28 00:00:00-05:00,16875.0,20625.0,16875.0,18750.0,207,0.0,0.0
1999-01-29 00:00:00-05:00,19687.5,19687.5,16406.25,16406.25,39,0.0,0.0
1999-02-01 00:00:00-05:00,16406.25,16406.25,15468.75,15468.75,18,0.0,0.0
1999-02-02 00:00:00-05:00,15468.75,15937.5,14531.25,15468.75,14,0.0,0.0
1999-02-03 00:00:00-05:00,15000.0,15468.75,14531.25,15000.0,16,0.0,0.0
1999-02-04 00:00:00-05:00,15000.0,15468.75,14531.25,15000.0,7,0.0,0.0
1999-02-05 00:00:00-05:00,15468.75,18750.0,15000.0,15468.75,9,0.0,0.0
1999-02-08 00:00:00-05:00,15000.0,15937.5,15000.0,15468.75,11,0.0,0.0
1999-02-09 00:00:00-05:00,15468.75,17343.75,15000.0,15468.75,28,0.0,0.0
1999-02-10 00:00:00-05:00,15000.0,15468.75,15000.0,15000.0,7,0.0,0.0
1999-02-11 00:00:00-05:00,15000.0,15468.75,15000.0,15000.0,7,0.0,0.0
1999-02-12 00:00:00-05:00,15468.75,15468.75,14531.25,15000.0,14,0.0,0.0
1999-02-16 00:00:00-05:00,15468.75,15468.75,14062.5,14531.25,12,0.0,0.0
1999-02-17 00:00:00-05:00,14531.25,15000.0,14062.5,14531.25,7,0.0,0.0
1999-02-18 00:00:00-05:00,14062.5,15000.0,14062.5,15000.0,8,0.0,0.0
1999-02-19 00:00:00-05:00,14531.25,15468.75,14062.5,14531.25,8,0.0,0.0
1999-02-22 00:00:00-05:00,14531.25,15000.0,14062.5,15000.0,4,0.0,0.0
1999-02-23 00:00:00-05:00,14062.5,15000.0,14062.5,15000.0,6,0.0,0.0
1999-02-24 00:00:00-05:00,15000.0,15000.0,14531.25,14531.25,7,0.0,0.0
1999-02-25 00:00:00-05:00,15000.0,15000.0,14062.5,14062.5,6,0.0,0.0
1999-02-26 00:00:00-05:00,14062.5,15000.0,13593.75,15000.0,15,0.0,0.0
1999-03-01 00:00:00-05:00,14062.5,14531.25,14062.5,14531.25,5,0.0,0.0
1999-03-02 00:00:00-05:00,14531.25,14531.25,14062.5,14062.5,5,0.0,0.0
1999-03-03 00:00:00-05:00,14062.5,14062.5,13593.75,14062.5,7,0.0,0.0
1999-03-04 00:00:00-05:00,14062.5,14531.25,13125.0,13593.75,10,0.0,0.0
1999-03-05 00:00:00-05:00,13593.75,13593.75,13125.0,13593.75,9,0.0,0.0
1999-03-08 00:00:00-05:00,13125.0,13593.75,12656.25,13593.75,7,0.0,0.0
1999-03-09 00:00:00-05:00,12656.25,13593.75,12656.25,13125.0,2,0.0,0.0
1999-03-10 00:00:00-05:00,12656.25,13593.75,12656.25,13593.75,6,0.0,0.0
1999-03-11 00:00:00-05:00,12656.25,15468.75,12187.5,14531.25,43,0.0,0.0
1999-03-12 00:00:00-05:00,15000.0,16406.25,14531.25,15000.0,77,0.0,0.0
1999-03-15 00:00:00-05:00,15000.0,15468.75,14062.5,14062.5,13,0.0,0.0
1999-03-16 00:00:00-05:00,14062.5,14531.25,13125.0,13125.0,9,0.0,0.0
1999-03-17 00:00:00-05:00,13125.0,14062.5,13125.0,14062.5,3,0.0,0.0
1999-03-18 00:00:00-05:00,13125.0,13593.75,13125.0,13125.0,7,0.0,0.0
1999-03-19 00:00:00-05:00,13593.75,13593.75,13125.0,13125.0,6,0.0,0.0
1999-03-22 00:00:00-05:00,13593.75,14531.25,13125.0,14062.5,18,0.0,0.0
1999-03-23 00:00:00-05:00,14531.25,14531.25,13125.0,13125.0,4,0.0,0.0
1999-03-24 00:00:00-05:00,13125.0,14062.5,13125.0,13125.0,9,0.0,0.0
1999-03-25 00:00:00-05:00,13125.0,14062.5,13125.0,13593.75,9,0.0,0.0
1999-03-26 00:00:00-05:00,13593.75,14062.5,13125.0,13593.75,5,0.0,0.0
1999-03-29 00:00:00-05:00,13125.0,16875.0,13125.0,15937.5,77,0.0,0.0
1999-03-30 00:00:00-05:00,15937.5,15937.5,14062.5,14531.25,8,0.0,0.0
1999-03-31 00:00:00-05:00,14062.5,15000.0,14062.5,14531.25,9,0.0,0.0
1999-04-01 00:00:00-05:00,14062.5,14531.25,14062.5,14531.25,4,0.0,0.0
1999-04-05 00:00:00-04:00,14062.5,15468.75,13593.75,14062.5,19,0.0,0.0
1999-04-06 00:00:00-04:00,14062.5,17343.75,13593.75,15937.5,119,0.0,0.0
1999-04-07 00:00:00-04:00,15468.75,16875.0,15000.0,16406.25,56,0.0,0.0
1999-04-08 00:00:00-04:00,16406.25,16406.25,15468.75,16406.25,18,0.0,0.0
1999-04-09 00:00:00-04:00,16406.25,16406.25,15468.75,15468.75,15,0.0,0.0
1999-04-12 00:00:00-04:00,16406.25,16406.25,15000.0,15468.75,16,0.0,0.0
1999-04-13 00:00:00-04:00,15468.75,15937.5,14531.25,14531.25,18,0.0,0.0
1999-04-14 00:00:00-04:00,15000.0,16875.0,14062.5,16406.25,85,0.0,0.0
1999-04-15 00:00:00-04:00,16875.0,17578.125,15468.75,15937.5,24,0.0,0.0
1999-04-16 00:00:00-04:00,15937.5,16406.25,15468.75,15468.75,33,0.0,0.0
1999-04-19 00:00:00-04:00,15468.75,16875.0,15468.75,15937.5,15,0.0,0.0
1999-04-20 00:00:00-04:00,15937.5,15937.5,15000.0,15000.0,13,0.0,0.0
1999-04-21 00:00:00-04:00,16875.0,18750.0,15937.5,16406.25,64,0.0,0.0
1999-04-22 00:00:00-04:00,17343.75,18281.25,16406.25,16875.0,42,0.0,0.0
1999-04-23 00:00:00-04:00,18281.25,18281.25,16875.0,18281.25,24,0.0,0.0
1999-04-26 00:00:00-04:00,18750.0,25312.5,18750.0,23437.5,208,0.0,0.0
1999-04-27 00:00:00-04:00,24843.75,24843.75,20156.25,21093.75,130,0.0,0.0
1999-04-28 00:00:00-04:00,21093.75,22500.0,19687.5,20625.0,74,0.0,0.0
1999-04-29 00:00:00-04:00,20625.0,20625.0,19218.75,19687.5,19,0.0,0.0
1999-04-30 00:00:00-04:00,19687.5,20156.25,18750.0,20156.25,24,0.0,0.0
1999-05-03 00:00:00-04:00,19687.5,20156.25,18750.0,18750.0,15,0.0,0.0
1999-05-04 00:00:00-04:00,19218.75,19218.75,17812.5,17812.5,23,0.0,0.0
1999-05-05 00:00:00-04:00,17343.75,18281.25,16406.25,16875.0,22,0.0,0.0
1999-05-06 00:00:00-04:00,16875.0,17812.5,16875.0,17343.75,13,0.0,0.0
1999-05-07 00:00:00-04:00,17343.75,18281.25,17343.75,17812.5,22,0.0,0.0
1999-05-10 00:00:00-04:00,17812.5,17812.5,16875.0,17343.75,6,0.0,0.0
1999-05-11 00:00:00-04:00,17343.75,17812.5,16875.0,17812.5,7,0.0,0.0
1999-05-12 00:00:00-04:00,16875.0,17812.5,16875.0,16875.0,10,0.0,0.0
1999-05-13 00:00:00-04:00,17812.5,20156.25,17343.75,19687.5,50,0.0,0.0
1999-05-14 00:00:00-04:00,19218.75,19687.5,18750.0,19218.75,11,0.0,0.0
1999-05-17 00:00:00-04:00,19687.5,19687.5,17812.5,18750.0,13,0.0,0.0
1999-05-18 00:00:00-04:00,19218.75,19687.5,18281.25,18750.0,13,0.0,0.0
1999-05-19 00:00:00-04:00,18750.0,18750.0,17812.5,17812.5,10,0.0,0.0
1999-05-20 00:00:00-04:00,18281.25,18281.25,17343.75,17343.75,11,0.0,0.0
1999-05-21 00:00:00-04:00,17812.5,17812.5,16875.0,17812.5,8,0.0,0.0
1999-05-24 00:00:00-04:00,16875.0,18281.25,16875.0,16875.0,7,0.0,0.0
1999-05-25 00:00:00-04:00,16875.0,17812.5,16875.0,16875.0,5,0.0,0.0
1999-05-26 00:00:00-04:00,17343.75,17812.5,16406.25,16875.0,7,0.0,0.0
1999-05-27 00:00:00-04:00,17812.5,17812.5,16406.25,16406.25,7,0.0,0.0
1999-05-28 00:00:00-04:00,16875.0,16875.0,15937.5,15937.5,14,0.0,0.0
1999-06-01 00:00:00-04:00,16406.25,16875.0,15937.5,15937.5,4,0.0,0.0
1999-06-02 00:00:00-04:00,16406.25,16875.0,15468.75,15937.5,8,0.0,0.0
1999-06-03 00:00:00-04:00,15937.5,16406.25,15468.75,15937.5,7,0.0,0.0
1999-06-04 00:00:00-04:00,15937.5,16406.25,15937.5,16406.25,3,0.0,0.0
1999-06-07 00:00:00-04:00,15937.5,17812.5,15937.5,15937.5,7,0.0,0.0
1999-06-08 00:00:00-04:00,16875.0,16875.0,15468.75,15937.5,15,0.0,0.0
1999-06-09 00:00:00-04:00,15937.5,15937.5,15468.75,15468.75,9,0.0,0.0
1999-06-10 00:00:00-04:00,15468.75,18281.25,15000.0,17343.75,37,0.0,0.0
1999-06-11 00:00:00-04:00,17812.5,17812.5,16406.25,16406.25,6,0.0,0.0
1999-06-14 00:00:00-04:00,15937.5,16406.25,15468.75,15468.75,8,0.0,0.0
1999-06-15 00:00:00-04:00,15937.5,15937.5,15468.75,15468.75,7,0.0,0.0
1999-06-16 00:00:00-04:00,15468.75,24375.0,15468.75,19218.75,144,0.0,0.0
1999-06-17 00:00:00-04:00,18750.0,22968.75,18281.25,21562.5,147,0.0,0.0
1999-06-18 00:00:00-04:00,21562.5,23437.5,20625.0,23437.5,112,0.0,0.0
1999-06-21 00:00:00-04:00,23437.5,23437.5,19687.5,21093.75,42,0.0,0.0
1999-06-22 00:00:00-04:00,20156.25,20156.25,17812.5,18281.25,33,0.0,0.0
1999-06-23 00:00:00-04:00,18750.0,19218.75,18281.25,18281.25,10,0.0,0.0
1999-06-24 00:00:00-04:00,19218.75,19218.75,17812.5,17812.5,11,0.0,0.0
1999-06-25 00:00:00-04:00,17812.5,18281.25,17343.75,17343.75,10,0.0,0.0
1999-06-28 00:00:00-04:00,17343.75,18281.25,17343.75,17812.5,8,0.0,0.0
1999-06-29 00:00:00-04:00,18281.25,18281.25,17812.5,17812.5,9,0.0,0.0
1999-06-30 00:00:00-04:00,17812.5,20156.25,17343.75,18750.0,41,0.0,0.0
1999-07-01 00:00:00-04:00,18750.0,20156.25,17812.5,19218.75,25,0.0,0.0
1999-07-02 00:00:00-04:00,18750.0,19687.5,18281.25,19687.5,13,0.0,0.0
1999-07-06 00:00:00-04:00,18750.0,18750.0,17812.5,18281.25,13,0.0,0.0
1999-07-07 00:00:00-04:00,17812.5,17812.5,17343.75,17812.5,17,0.0,0.0
1999-07-08 00:00:00-04:00,17812.5,18281.25,17343.75,17812.5,7,0.0,0.0
1999-07-09 00:00:00-04:00,17812.5,18281.25,17343.75,17812.5,9,0.0,0.0
1999-07-12 00:00:00-04:00,17812.5,18281.25,17343.75,17812.5,7,0.0,0.0
1999-07-13 00:00:00-04:00,18281.25,18281.25,17343.75,17812.5,5,0.0,0.0
1999-07-14 00:00:00-04:00,17812.5,18281.25,17343.75,17343.75,12,0.0,0.0
1999-07-15 00:00:00-04:00,17812.5,17812.5,17343.75,17343.75,9,0.0,0.0
1999-07-16 00:00:00-04:00,17343.75,18281.25,17343.75,17812.5,4,0.0,0.0
1999-07-19 00:00:00-04:00,17812.5,18281.25,16875.0,17812.5,12,0.0,0.0
1999-07-20 00:00:00-04:00,17812.5,17812.5,16875.0,16875.0,13,0.0,0.0
1999-07-21 00:00:00-04:00,16406.25,16875.0,16406.25,16406.25,10,0.0,0.0
1999-07-22 00:00:00-04:00,16406.25,16875.0,15937.5,15937.5,8,0.0,0.0
1999-07-23 00:00:00-04:00,16875.0,17343.75,15937.5,16875.0,13,0.0,0.0
1999-07-26 00:00:00-04:00,17812.5,17812.5,16406.25,16875.0,9,0.0,0.0
1999-07-27 00:00:00-04:00,16875.0,17343.75,16406.25,16875.0,4,0.0,0.0
1999-07-28 00:00:00-04:00,15937.5,16875.0,15937.5,15937.5,6,0.0,0.0
1999-07-29 00:00:00-04:00,16875.0,16875.0,15937.5,15937.5,13,0.0,0.0
1999-07-30 00:00:00-04:00,15937.5,16406.25,15937.5,15937.5,7,0.0,0.0
1999-08-02 00:00:00-04:00,15468.75,15937.5,15468.75,15468.75,13,0.0,0.0
1999-08-03 00:00:00-04:00,15937.5,15937.5,15468.75,15468.75,5,0.0,0.0
1999-08-04 00:00:00-04:00,15468.75,15468.75,15468.75,15468.75,5,0.0,0.0
1999-08-05 00:00:00-04:00,15468.75,15468.75,15000.0,15468.75,15,0.0,0.0
1999-08-06 00:00:00-04:00,15000.0,15468.75,15000.0,15468.75,6,0.0,0.0
1999-08-09 00:00:00-04:00,15000.0,15468.75,15000.0,15000.0,10,0.0,0.0
1999-08-10 00:00:00-04:00,15468.75,15468.75,14062.5,14062.5,10,0.0,0.0
1999-08-11 00:00:00-04:00,15000.0,15000.0,14062.5,15000.0,8,0.0,0.0
1999-08-12 00:00:00-04:00,14062.5,15000.0,14062.5,15000.0,4,0.0,0.0
1999-08-13 00:00:00-04:00,15000.0,15000.0,14531.25,14531.25,4,0.0,0.0
1999-08-16 00:00:00-04:00,15000.0,15000.0,14531.25,14531.25,6,0.0,0.0
1999-08-17 00:00:00-04:00,15000.0,15000.0,14062.5,14531.25,5,0.0,0.0
1999-08-18 00:00:00-04:00,15000.0,22500.0,14062.5,22500.0,51,0.0,0.0
1999-08-19 00:00:00-04:00,19218.75,19687.5,15937.5,19218.75,95,0.0,0.0
1999-08-20 00:00:00-04:00,19687.5,29062.5,19218.75,26250.0,231,0.0,0.0
1999-08-23 00:00:00-04:00,28125.0,28125.0,20156.25,22500.0,109,0.0,0.0
1999-08-24 00:00:00-04:00,22500.0,22500.0,20625.0,21562.5,27,0.0,0.0
1999-08-25 00:00:00-04:00,21093.75,21562.5,19687.5,20625.0,20,0.0,0.0
1999-08-26 00:00:00-04:00,20625.0,20625.0,17812.5,17812.5,29,0.0,0.0
1999-08-27 00:00:00-04:00,18750.0,29062.5,18750.0,28593.75,367,0.0,0.0
1999-08-30 00:00:00-04:00,24843.75,25312.5,20625.0,20625.0,193,0.0,0.0
1999-08-31 00:00:00-04:00,21562.5,21562.5,19218.75,20625.0,51,0.0,0.0
1999-09-01 00:00:00-04:00,20625.0,20625.0,19218.75,20625.0,16,0.0,0.0
1999-09-02 00:00:00-04:00,19687.5,21562.5,19687.5,21093.75,22,0.0,0.0
1999-09-03 00:00:00-04:00,21093.75,21093.75,20156.25,20625.0,10,0.0,0.0
1999-09-07 00:00:00-04:00,20625.0,20625.0,19687.5,20156.25,12,0.0,0.0
1999-09-08 00:00:00-04:00,19687.5,20156.25,19218.75,19218.75,20,0.0,0.0
1999-09-09 00:00:00-04:00,19687.5,20156.25,19218.75,19218.75,15,0.0,0.0
1999-09-10 00:00:00-04:00,18750.0,20156.25,18750.0,20156.25,15,0.0,0.0
1999-09-13 00:00:00-04:00,20156.25,20156.25,19218.75,19687.5,5,0.0,0.0
1999-09-14 00:00:00-04:00,20156.25,20156.25,19218.75,19218.75,6,0.0,0.0
1999-09-15 00:00:00-04:00,19687.5,20156.25,19218.75,19218.75,6,0.0,0.0
1999-09-16 00:00:00-04:00,19218.75,19687.5,18750.0,18750.0,16,0.0,0.0
1999-09-17 00:00:00-04:00,18750.0,20156.25,18750.0,19687.5,12,0.0,0.0
1999-09-20 00:00:00-04:00,19218.75,21093.75,19218.75,20625.0,24,0.0,0.0
1999-09-21 00:00:00-04:00,20625.0,23906.25,20625.0,21093.75,57,0.0,0.0
1999-09-22 00:00:00-04:00,21093.75,21562.5,20625.0,21093.75,12,0.0,0.0
1999-09-23 00:00:00-04:00,21093.75,21093.75,19687.5,19687.5,11,0.0,0.0
1999-09-24 00:00:00-04:00,19218.75,23437.5,19218.75,22500.0,50,0.0,0.0
1999-09-27 00:00:00-04:00,22500.0,23437.5,21562.5,21562.5,17,0.0,0.0
1999-09-28 00:00:00-04:00,21562.5,22500.0,21562.5,22031.25,11,0.0,0.0
1999-09-29 00:00:00-04:00,21562.5,22031.25,20156.25,20625.0,9,0.0,0.0
1999-09-30 00:00:00-04:00,21562.5,21562.5,20156.25,20156.25,8,0.0,0.0
1999-10-01 00:00:00-04:00,19687.5,20625.0,19687.5,20156.25,7,0.0,0.0
1999-10-04 00:00:00-04:00,19687.5,20625.0,19687.5,20156.25,4,0.0,0.0
1999-10-05 00:00:00-04:00,19218.75,20156.25,19218.75,19687.5,6,0.0,0.0
1999-10-06 00:00:00-04:00,19687.5,20156.25,19218.75,20156.25,4,0.0,0.0
1999-10-07 00:00:00-04:00,20156.25,22500.0,20156.25,22500.0,39,0.0,0.0
1999-10-08 00:00:00-04:00,21562.5,22500.0,21093.75,22031.25,8,0.0,0.0
1999-10-11 00:00:00-04:00,22968.75,22968.75,21562.5,21562.5,15,0.0,0.0
1999-10-12 00:00:00-04:00,22500.0,22968.75,21562.5,22031.25,12,0.0,0.0
1999-10-13 00:00:00-04:00,22500.0,22500.0,20156.25,20625.0,12,0.0,0.0
1999-10-14 00:00:00-04:00,20156.25,21562.5,20156.25,20625.0,4,0.0,0.0
1999-10-15 00:00:00-04:00,20156.25,20625.0,19687.5,20156.25,8,0.0,0.0
1999-10-18 00:00:00-04:00,20156.25,20156.25,19687.5,20156.25,4,0.0,0.0
1999-10-19 00:00:00-04:00,21093.75,21093.75,20156.25,20625.0,10,0.0,0.0
1999-10-20 00:00:00-04:00,20625.0,20625.0,19687.5,20156.25,5,0.0,0.0
1999-10-21 00:00:00-04:00,20625.0,20625.0,19687.5,19687.5,5,0.0,0.0
1999-10-22 00:00:00-04:00,20156.25,20156.25,19687.5,19687.5,3,0.0,0.0
1999-10-25 00:00:00-04:00,19687.5,19687.5,19218.75,19687.5,3,0.0,0.0
1999-10-26 00:00:00-04:00,19218.75,20156.25,19218.75,19218.75,6,0.0,0.0
1999-10-27 00:00:00-04:00,19218.75,19687.5,19218.75,19218.75,3,0.0,0.0
1999-10-28 00:00:00-04:00,19218.75,19687.5,19218.75,19218.75,3,0.0,0.0
1999-10-29 00:00:00-04:00,19218.75,19687.5,18750.0,18750.0,5,0.0,0.0
1999-11-01 00:00:00-05:00,18750.0,19218.75,18750.0,18750.0,8,0.0,0.0
1999-11-02 00:00:00-05:00,18750.0,19218.75,17812.5,18281.25,19,0.0,0.0
1999-11-03 00:00:00-05:00,18281.25,19218.75,18281.25,18281.25,12,0.0,0.0
1999-11-04 00:00:00-05:00,19218.75,19218.75,17812.5,17812.5,9,0.0,0.0
1999-11-05 00:00:00-05:00,18281.25,18750.0,17812.5,18281.25,6,0.0,0.0
1999-11-08 00:00:00-05:00,18281.25,19687.5,17812.5,18750.0,14,0.0,0.0
1999-11-09 00:00:00-05:00,19218.75,19687.5,18281.25,18281.25,8,0.0,0.0
1999-11-10 00:00:00-05:00,18750.0,18750.0,18281.25,18281.25,8,0.0,0.0
1999-11-11 00:00:00-05:00,18750.0,18750.0,17812.5,18750.0,14,0.0,0.0
1999-11-12 00:00:00-05:00,18750.0,18750.0,17812.5,18281.25,11,0.0,0.0
1999-11-15 00:00:00-05:00,18281.25,18750.0,17812.5,18750.0,4,0.0,0.0
1999-11-16 00:00:00-05:00,18281.25,18750.0,17812.5,17812.5,13,0.0,0.0
1999-11-17 00:00:00-05:00,17812.5,18281.25,16875.0,16875.0,20,0.0,0.0
1999-11-18 00:00:00-05:00,16875.0,17812.5,16875.0,17343.75,12,0.0,0.0
1999-11-19 00:00:00-05:00,17343.75,18281.25,17343.75,17343.75,15,0.0,0.0
1999-11-22 00:00:00-05:00,17812.5,21562.5,17812.5,19687.5,48,0.0,0.0
1999-11-23 00:00:00-05:00,20625.0,20625.0,18750.0,19218.75,24,0.0,0.0
1999-11-24 00:00:00-05:00,19687.5,19687.5,18281.25,18750.0,11,0.0,0.0
1999-11-26 00:00:00-05:00,18750.0,18750.0,18281.25,18750.0,10,0.0,0.0
1999-11-29 00:00:00-05:00,18750.0,19687.5,18281.25,18750.0,17,0.0,0.0
1999-11-30 00:00:00-05:00,18750.0,19218.75,18281.25,18281.25,10,0.0,0.0
1999-12-01 00:00:00-05:00,18750.0,18750.0,17812.5,18281.25,7,0.0,0.0
1999-12-02 00:00:00-05:00,18750.0,18750.0,17812.5,18281.25,11,0.0,0.0
1999-12-03 00:00:00-05:00,18281.25,18750.0,17812.5,17812.5,20,0.0,0.0
1999-12-06 00:00:00-05:00,18281.25,18281.25,17343.75,17343.75,12,0.0,0.0
1999-12-07 00:00:00-05:00,17343.75,18281.25,17343.75,18281.25,16,0.0,0.0
1999-12-08 00:00:00-05:00,17812.5,17812.5,17343.75,17812.5,15,0.0,0.0
1999-12-09 00:00:00-05:00,17812.5,18281.25,17343.75,17343.75,12,0.0,0.0
1999-12-10 00:00:00-05:00,17812.5,17812.5,16875.0,16875.0,13,0.0,0.0
1999-12-13 00:00:00-05:00,17343.75,17812.5,16875.0,17343.75,10,0.0,0.0
1999-12-14 00:00:00-05:00,17812.5,17812.5,17343.75,17812.5,14,0.0,0.0
1999-12-15 00:00:00-05:00,17812.5,17812.5,16875.0,16875.0,12,0.0,0.0
1999-12-16 00:00:00-05:00,16875.0,17343.75,16875.0,16875.0,17,0.0,0.0
1999-12-17 00:00:00-05:00,16875.0,17812.5,16875.0,17812.5,11,0.0,0.0
1999-12-20 00:00:00-05:00,17343.75,17812.5,16875.0,16875.0,6,0.0,0.0
1999-12-21 00:00:00-05:00,17343.75,17812.5,16875.0,17343.75,7,0.0,0.0
1999-12-22 00:00:00-05:00,16875.0,16875.0,16406.25,16875.0,13,0.0,0.0
1999-12-23 00:00:00-05:00,16875.0,17812.5,16406.25,17812.5,16,0.0,0.0
1999-12-27 00:00:00-05:00,17343.75,17812.5,16875.0,17343.75,12,0.0,0.0
1999-12-28 00:00:00-05:00,16875.0,17812.5,16875.0,17343.75,22,0.0,0.0
1999-12-29 00:00:00-05:00,16875.0,17812.5,16875.0,17343.75,7,0.0,0.0
1999-12-30 00:00:00-05:00,16875.0,17343.75,16406.25,17343.75,22,0.0,0.0
1999-12-31 00:00:00-05:00,16875.0,17343.75,16875.0,17343.75,11,0.0,0.0
2000-01-03 00:00:00-05:00,17343.75,17343.75,16875.0,17343.75,7,0.0,0.0
2000-01-04 00:00:00-05:00,17343.75,17343.75,16875.0,16875.0,3,0.0,0.0
2000-01-05 00:00:00-05:00,17812.5,17812.5,17343.75,17812.5,14,0.0,0.0
2000-01-06 00:00:00-05:00,17812.5,17812.5,17343.75,17343.75,7,0.0,0.0
2000-01-07 00:00:00-05:00,17812.5,17812.5,16875.0,17812.5,6,0.0,0.0
2000-01-10 00:00:00-05:00,17343.75,20156.25,17343.75,19687.5,28,0.0,0.0
2000-01-11 00:00:00-05:00,19687.5,22500.0,19218.75,21093.75,42,0.0,0.0
2000-01-12 00:00:00-05:00,22031.25,22968.75,21093.75,21562.5,23,0.0,0.0
2000-01-13 00:00:00-05:00,21562.5,21562.5,19687.5,21562.5,10,0.0,0.0
2000-01-14 00:00:00-05:00,21562.5,21562.5,19687.5,20625.0,9,0.0,0.0
2000-01-18 00:00:00-05:00,20625.0,21093.75,19218.75,19687.5,18,0.0,0.0
2000-01-19 00:00:00-05:00,20156.25,20156.25,19218.75,19687.5,7,0.0,0.0
2000-01-20 00:00:00-05:00,20156.25,20156.25,19218.75,19687.5,16,0.0,0.0
2000-01-21 00:00:00-05:00,19218.75,23437.5,19218.75,22031.25,44,0.0,0.0
2000-01-24 00:00:00-05:00,22500.0,28125.0,22500.0,26250.0,104,0.0,0.0
2000-01-25 00:00:00-05:00,26250.0,32812.5,26250.0,31406.25,107,0.0,0.0
2000-01-26 00:00:00-05:00,36562.5,44062.5,33281.25,36562.5,214,0.0,0.0
2000-01-27 00:00:00-05:00,36562.5,38906.25,29062.5,30937.5,99,0.0,0.0
2000-01-28 00:00:00-05:00,31406.25,31406.25,27187.5,29531.25,38,0.0,0.0
2000-01-31 00:00:00-05:00,29062.5,31406.25,28593.75,30468.75,17,0.0,0.0
2000-02-01 00:00:00-05:00,32343.75,32812.5,30468.75,31406.25,13,0.0,0.0
2000-02-02 00:00:00-05:00,31406.25,31406.25,30000.0,30000.0,17,0.0,0.0
2000-02-03 00:00:00-05:00,30937.5,37500.0,30937.5,36562.5,51,0.0,0.0
2000-02-04 00:00:00-05:00,37500.0,42187.5,37500.0,41250.0,118,0.0,0.0
2000-02-07 00:00:00-05:00,43125.0,50625.0,42187.5,45468.75,141,0.0,0.0
2000-02-08 00:00:00-05:00,46406.25,46875.0,40781.25,45000.0,76,0.0,0.0
2000-02-09 00:00:00-05:00,45000.0,47812.5,43125.0,43125.0,48,0.0,0.0
2000-02-10 00:00:00-05:00,45000.0,51562.5,45000.0,50625.0,73,0.0,0.0
2000-02-11 00:00:00-05:00,52031.25,64218.75,51562.5,64218.75,107,0.0,0.0
2000-02-14 00:00:00-05:00,69375.0,72187.5,60468.75,62343.75,217,0.0,0.0
2000-02-15 00:00:00-05:00,62812.5,63281.25,39375.0,44531.25,331,0.0,0.0
2000-02-16 00:00:00-05:00,45000.0,50625.0,36093.75,50625.0,138,0.0,0.0
2000-02-17 00:00:00-05:00,45468.75,90000.0,41250.0,90000.0,644,0.0,0.0
2000-02-18 00:00:00-05:00,73125.0,73125.0,64218.75,67500.0,238,0.0,0.0
2000-02-22 00:00:00-05:00,67031.25,67968.75,56250.0,60468.75,102,0.0,0.0
2000-02-23 00:00:00-05:00,60937.5,61406.25,53437.5,54843.75,61,0.0,0.0
2000-02-24 00:00:00-05:00,54375.0,54843.75,48750.0,51093.75,76,0.0,0.0
2000-02-25 00:00:00-05:00,51562.5,57187.5,49218.75,56718.75,62,0.0,0.0
2000-02-28 00:00:00-05:00,58125.0,61406.25,57187.5,59062.5,41,0.0,0.0
2000-02-29 00:00:00-05:00,60000.0,61406.25,57656.25,59062.5,43,0.0,0.0
2000-03-01 00:00:00-05:00,58593.75,59531.25,54375.0,55312.5,41,0.0,0.0
2000-03-02 00:00:00-05:00,60937.5,74062.5,60000.0,69375.0,279,0.0,0.0
2000-03-03 00:00:00-05:00,73125.0,74062.5,65625.0,67031.25,108,0.0,0.0
2000-03-06 00:00:00-05:00,69375.0,69843.75,61875.0,63750.0,59,0.0,0.0
2000-03-07 00:00:00-05:00,65156.25,65625.0,58593.75,60000.0,64,0.0,0.0
2000-03-08 00:00:00-05:00,58593.75,60000.0,56250.0,57187.5,47,0.0,0.0
2000-03-09 00:00:00-05:00,57656.25,63281.25,56718.75,60937.5,45,0.0,0.0
2000-03-10 00:00:00-05:00,61875.0,61875.0,57187.5,58125.0,28,0.0,0.0
2000-03-13 00:00:00-05:00,58125.0,59062.5,54843.75,57187.5,30,0.0,0.0
2000-03-14 00:00:00-05:00,55312.5,55312.5,47812.5,50625.0,85,0.0,0.0
2000-03-15 00:00:00-05:00,52031.25,53906.25,49687.5,50156.25,28,0.0,0.0
2000-03-16 00:00:00-05:00,50625.0,53906.25,50156.25,50625.0,30,0.0,0.0
2000-03-17 00:00:00-05:00,48750.0,59531.25,48750.0,54843.75,73,0.0,0.0
2000-03-20 00:00:00-05:00,58125.0,58125.0,50156.25,50625.0,32,0.0,0.0
2000-03-21 00:00:00-05:00,49687.5,50625.0,46875.0,48750.0,36,0.0,0.0
2000-03-22 00:00:00-05:00,48750.0,50625.0,46406.25,47812.5,23,0.0,0.0
2000-03-23 00:00:00-05:00,47812.5,49687.5,46875.0,48750.0,22,0.0,0.0
2000-03-24 00:00:00-05:00,49218.75,52031.25,47343.75,47343.75,32,0.0,0.0
2000-03-27 00:00:00-05:00,46875.0,47343.75,45000.0,45000.0,40,0.0,0.0
2000-03-28 00:00:00-05:00,45000.0,45937.5,41250.0,42187.5,40,0.0,0.0
2000-03-29 00:00:00-05:00,41250.0,42656.25,38437.5,38906.25,37,0.0,0.0
2000-03-30 00:00:00-05:00,38437.5,38906.25,35625.0,37968.75,53,0.0,0.0
2000-03-31 00:00:00-05:00,37500.0,48750.0,35625.0,46875.0,70,0.0,0.0
2000-04-03 00:00:00-04:00,47812.5,47812.5,40312.5,40781.25,14,0.0,0.0
2000-04-04 00:00:00-04:00,42656.25,42656.25,32812.5,38437.5,42,0.0,0.0
2000-04-05 00:00:00-04:00,37500.0,40312.5,35625.0,36562.5,29,0.0,0.0
2000-04-06 00:00:00-04:00,36093.75,39375.0,36093.75,37031.25,25,0.0,0.0
2000-04-07 00:00:00-04:00,37031.25,39843.75,37031.25,38437.5,22,0.0,0.0
2000-04-10 00:00:00-04:00,38437.5,38906.25,36562.5,37500.0,16,0.0,0.0
2000-04-11 00:00:00-04:00,36093.75,36562.5,33750.0,34687.5,14,0.0,0.0
2000-04-12 00:00:00-04:00,33750.0,34687.5,30937.5,31406.25,24,0.0,0.0
2000-04-13 00:00:00-04:00,33281.25,33281.25,30468.75,30937.5,22,0.0,0.0
2000-04-14 00:00:00-04:00,30000.0,30000.0,23906.25,27656.25,50,0.0,0.0
2000-04-17 00:00:00-04:00,26250.0,27187.5,22500.0,24375.0,38,0.0,0.0
2000-04-18 00:00:00-04:00,23437.5,24843.75,22031.25,22968.75,34,0.0,0.0
2000-04-19 00:00:00-04:00,23437.5,27187.5,22968.75,25781.25,31,0.0,0.0
2000-04-20 00:00:00-04:00,25312.5,28125.0,24375.0,24843.75,10,0.0,0.0
2000-04-24 00:00:00-04:00,24375.0,24843.75,22968.75,23906.25,12,0.0,0.0
2000-04-25 00:00:00-04:00,23437.5,24843.75,22968.75,24375.0,10,0.0,0.0
2000-04-26 00:00:00-04:00,26250.0,26250.0,24375.0,24375.0,19,0.0,0.0
2000-04-27 00:00:00-04:00,23437.5,24843.75,22968.75,24843.75,10,0.0,0.0
2000-04-28 00:00:00-04:00,24843.75,26250.0,24375.0,25781.25,10,0.0,0.0
2000-05-01 00:00:00-04:00,26718.75,37500.0,26250.0,37500.0,71,0.0,0.0
2000-05-02 00:00:00-04:00,37031.25,37500.0,30000.0,30468.75,46,0.0,0.0
2000-05-03 00:00:00-04:00,30000.0,30937.5,29062.5,29531.25,12,0.0,0.0
2000-05-04 00:00:00-04:00,30468.75,31406.25,30000.0,30000.0,14,0.0,0.0
2000-05-05 00:00:00-04:00,30468.75,31875.0,29062.5,29062.5,20,0.0,0.0
2000-05-08 00:00:00-04:00,29062.5,35625.0,27656.25,28593.75,44,0.0,0.0
2000-05-09 00:00:00-04:00,29062.5,30468.75,27187.5,27187.5,13,0.0,0.0
2000-05-10 00:00:00-04:00,29062.5,29062.5,26250.0,26250.0,10,0.0,0.0
2000-05-11 00:00:00-04:00,28125.0,30000.0,26718.75,28593.75,12,0.0,0.0
2000-05-12 00:00:00-04:00,30000.0,30000.0,28125.0,28593.75,5,0.0,0.0
2000-05-15 00:00:00-04:00,29531.25,30468.75,28593.75,28593.75,12,0.0,0.0
2000-05-16 00:00:00-04:00,29062.5,30937.5,28593.75,28593.75,9,0.0,0.0
2000-05-17 00:00:00-04:00,28125.0,29062.5,28125.0,28593.75,8,0.0,0.0
2000-05-18 00:00:00-04:00,28125.0,29531.25,27187.5,28125.0,4,0.0,0.0
2000-05-19 00:00:00-04:00,28125.0,29062.5,26250.0,26718.75,7,0.0,0.0
2000-05-22 00:00:00-04:00,27187.5,27656.25,25312.5,26718.75,10,0.0,0.0
2000-05-23 00:00:00-04:00,26718.75,28593.75,24843.75,25312.5,12,0.0,0.0
2000-05-24 00:00:00-04:00,23906.25,25312.5,22968.75,23437.5,11,0.0,0.0
2000-05-25 00:00:00-04:00,23437.5,23437.5,21093.75,21093.75,17,0.0,0.0
2000-05-26 00:00:00-04:00,20625.0,22031.25,20625.0,20625.0,9,0.0,0.0
2000-05-30 00:00:00-04:00,21562.5,23437.5,21093.75,22500.0,15,0.0,0.0
2000-05-31 00:00:00-04:00,22968.75,24375.0,22031.25,22500.0,12,0.0,0.0
2000-06-01 00:00:00-04:00,22968.75,23906.25,22031.25,22500.0,14,0.0,0.0
2000-06-02 00:00:00-04:00,23437.5,23906.25,22031.25,22500.0,12,0.0,0.0
2000-06-05 00:00:00-04:00,22031.25,23906.25,22031.25,23437.5,7,0.0,0.0
2000-06-06 00:00:00-04:00,24375.0,26718.75,23906.25,25781.25,25,0.0,0.0
2000-06-07 00:00:00-04:00,26718.75,26718.75,24843.75,24843.75,7,0.0,0.0
2000-06-08 00:00:00-04:00,25312.5,25312.5,23437.5,23906.25,7,0.0,0.0
2000-06-09 00:00:00-04:00,24375.0,24375.0,23437.5,23906.25,9,0.0,0.0
2000-06-12 00:00:00-04:00,24375.0,25781.25,23906.25,24375.0,10,0.0,0.0
2000-06-13 00:00:00-04:00,24843.75,24843.75,23437.5,24375.0,9,0.0,0.0
2000-06-14 00:00:00-04:00,23437.5,24375.0,22968.75,22968.75,5,0.0,0.0
2000-06-15 00:00:00-04:00,23437.5,25312.5,23437.5,23906.25,11,0.0,0.0
2000-06-16 00:00:00-04:00,24375.0,25312.5,23437.5,23437.5,8,0.0,0.0
2000-06-19 00:00:00-04:00,23437.5,23906.25,22500.0,22968.75,5,0.0,0.0
2000-06-20 00:00:00-04:00,22968.75,25781.25,22968.75,25312.5,16,0.0,0.0
2000-06-21 00:00:00-04:00,24375.0,27187.5,24375.0,25781.25,18,0.0,0.0
2000-06-22 00:00:00-04:00,25781.25,25781.25,24375.0,24843.75,7,0.0,0.0
2000-06-23 00:00:00-04:00,25312.5,25312.5,23437.5,24375.0,6,0.0,0.0
2000-06-26 00:00:00-04:00,25312.5,25781.25,23906.25,23906.25,12,0.0,0.0
2000-06-27 00:00:00-04:00,24843.75,25312.5,23906.25,24843.75,5,0.0,0.0
2000-06-28 00:00:00-04:00,24843.75,25781.25,24375.0,24843.75,9,0.0,0.0
2000-06-29 00:00:00-04:00,24375.0,25312.5,24375.0,25312.5,8,0.0,0.0
2000-06-30 00:00:00-04:00,25312.5,28125.0,24375.0,25781.25,28,0.0,0.0
2000-07-03 00:00:00-04:00,26250.0,26718.75,24843.75,25781.25,6,0.0,0.0
2000-07-05 00:00:00-04:00,25781.25,26250.0,24843.75,24843.75,5,0.0,0.0
2000-07-06 00:00:00-04:00,24375.0,25312.5,24375.0,24843.75,4,0.0,0.0
2000-07-07 00:00:00-04:00,25312.5,25781.25,24375.0,24843.75,6,0.0,0.0
2000-07-10 00:00:00-04:00,25781.25,25781.25,24843.75,24843.75,4,0.0,0.0
2000-07-11 00:00:00-04:00,25781.25,25781.25,24375.0,24843.75,7,0.0,0.0
2000-07-12 00:00:00-04:00,24843.75,26250.0,24375.0,24843.75,8,0.0,0.0
2000-07-13 00:00:00-04:00,25312.5,25312.5,24375.0,24375.0,10,0.0,0.0
2000-07-14 00:00:00-04:00,24843.75,24843.75,24375.0,24843.75,8,0.0,0.0
2000-07-17 00:00:00-04:00,24843.75,25312.5,24375.0,25312.5,9,0.0,0.0
2000-07-18 00:00:00-04:00,25312.5,25781.25,24375.0,24843.75,13,0.0,0.0
2000-07-19 00:00:00-04:00,24843.75,25312.5,24375.0,24375.0,8,0.0,0.0
2000-07-20 00:00:00-04:00,24375.0,25312.5,23906.25,24375.0,5,0.0,0.0
2000-07-21 00:00:00-04:00,23437.5,24375.0,23437.5,23906.25,11,0.0,0.0
2000-07-24 00:00:00-04:00,23437.5,23906.25,23437.5,23437.5,7,0.0,0.0
2000-07-25 00:00:00-04:00,23437.5,23906.25,23437.5,23906.25,9,0.0,0.0
2000-07-26 00:00:00-04:00,23437.5,23437.5,22500.0,22968.75,8,0.0,0.0
2000-07-27 00:00:00-04:00,22968.75,22968.75,21093.75,22031.25,22,0.0,0.0
2000-07-28 00:00:00-04:00,22500.0,22500.0,21093.75,21093.75,8,0.0,0.0
2000-07-31 00:00:00-04:00,20625.0,22031.25,20625.0,22031.25,13,0.0,0.0
2000-08-01 00:00:00-04:00,22031.25,23906.25,22031.25,23906.25,9,0.0,0.0
2000-08-02 00:00:00-04:00,24375.0,24843.75,23437.5,24843.75,14,0.0,0.0
2000-08-03 00:00:00-04:00,25312.5,26250.0,24375.0,25312.5,13,0.0,0.0
2000-08-04 00:00:00-04:00,24375.0,24843.75,23437.5,23906.25,6,0.0,0.0
2000-08-07 00:00:00-04:00,24375.0,24375.0,22500.0,23437.5,10,0.0,0.0
2000-08-08 00:00:00-04:00,22968.75,25312.5,22968.75,24375.0,18,0.0,0.0
2000-08-09 00:00:00-04:00,24375.0,24375.0,23437.5,23906.25,4,0.0,0.0
2000-08-10 00:00:00-04:00,23437.5,23437.5,22031.25,22500.0,9,0.0,0.0
2000-08-11 00:00:00-04:00,22500.0,22968.75,22031.25,22500.0,3,0.0,0.0
2000-08-14 00:00:00-04:00,21562.5,23906.25,21562.5,22500.0,6,0.0,0.0
2000-08-15 00:00:00-04:00,22968.75,22968.75,21562.5,22500.0,3,0.0,0.0
2000-08-16 00:00:00-04:00,22500.0,22968.75,21562.5,22031.25,4,0.0,0.0
2000-08-17 00:00:00-04:00,22500.0,22500.0,21562.5,22031.25,12,0.0,0.0
2000-08-18 00:00:00-04:00,21562.5,22500.0,21093.75,22031.25,3,0.0,0.0
2000-08-21 00:00:00-04:00,22031.25,22500.0,21562.5,21562.5,3,0.0,0.0
2000-08-22 00:00:00-04:00,21562.5,22500.0,21562.5,22031.25,5,0.0,0.0
2000-08-23 00:00:00-04:00,21562.5,22031.25,21093.75,21093.75,4,0.0,0.0
2000-08-24 00:00:00-04:00,21093.75,22500.0,21093.75,22031.25,6,0.0,0.0
2000-08-25 00:00:00-04:00,22031.25,22500.0,21562.5,21562.5,3,0.0,0.0
2000-08-28 00:00:00-04:00,22500.0,22968.75,22031.25,22500.0,6,0.0,0.0
2000-08-29 00:00:00-04:00,22500.0,22968.75,21562.5,21562.5,17,0.0,0.0
2000-08-30 00:00:00-04:00,21562.5,22500.0,21562.5,21562.5,3,0.0,0.0
2000-08-31 00:00:00-04:00,22031.25,22500.0,22031.25,22031.25,10,0.0,0.0
2000-09-01 00:00:00-04:00,22500.0,24375.0,22031.25,23906.25,9,0.0,0.0
2000-09-05 00:00:00-04:00,23437.5,24843.75,23437.5,24375.0,12,0.0,0.0
2000-09-06 00:00:00-04:00,23906.25,23906.25,22968.75,22968.75,7,0.0,0.0
2000-09-07 00:00:00-04:00,23437.5,25781.25,22968.75,24375.0,20,0.0,0.0
2000-09-08 00:00:00-04:00,24375.0,24843.75,23437.5,23906.25,7,0.0,0.0
2000-09-11 00:00:00-04:00,23437.5,23906.25,23437.5,23437.5,3,0.0,0.0
2000-09-12 00:00:00-04:00,24375.0,24375.0,22968.75,23437.5,5,0.0,0.0
2000-09-13 00:00:00-04:00,22968.75,23906.25,22968.75,23437.5,4,0.0,0.0
2000-09-14 00:00:00-04:00,22968.75,23906.25,22968.75,22968.75,4,0.0,0.0
2000-09-15 00:00:00-04:00,22968.75,23437.5,22500.0,22968.75,4,0.0,0.0
2000-09-18 00:00:00-04:00,22968.75,23906.25,22500.0,22968.75,8,0.0,0.0
2000-09-19 00:00:00-04:00,22500.0,22968.75,22500.0,22500.0,1,0.0,0.0
2000-09-20 00:00:00-04:00,22500.0,23437.5,22031.25,22500.0,13,0.0,0.0
2000-09-21 00:00:00-04:00,22500.0,22500.0,22031.25,22031.25,4,0.0,0.0
2000-09-22 00:00:00-04:00,21562.5,22500.0,21093.75,21562.5,9,0.0,0.0
2000-09-25 00:00:00-04:00,21600.0,21975.0,19050.0,20175.0,20,0.0,0.0
2000-09-26 00:00:00-04:00,19500.0,20550.0,18825.0,19875.0,12,0.0,0.0
2000-09-27 00:00:00-04:00,20400.0,20400.0,19275.0,20100.0,8,0.0,0.0
2000-09-28 00:00:00-04:00,20400.0,20400.0,18750.0,19275.0,9,0.0,0.0
2000-09-29 00:00:00-04:00,18900.0,19425.0,16500.0,16875.0,27,0.0,0.0
2000-10-02 00:00:00-04:00,17625.0,17700.0,16875.0,17625.0,12,0.0,0.0
2000-10-03 00:00:00-04:00,17625.0,18675.0,17475.0,18000.0,6,0.0,0.0
2000-10-04 00:00:00-04:00,18750.0,19125.0,17025.0,17925.0,17,0.0,0.0
2000-10-05 00:00:00-04:00,18300.0,18300.0,16875.0,17250.0,5,0.0,0.0
2000-10-06 00:00:00-04:00,17625.0,17850.0,16875.0,17625.0,6,0.0,0.0
2000-10-09 00:00:00-04:00,17400.0,17925.0,16875.0,17250.0,3,0.0,0.0
2000-10-10 00:00:00-04:00,17250.0,17250.0,15975.0,16050.0,8,0.0,0.0
2000-10-11 00:00:00-04:00,16050.0,16125.0,15900.0,16125.0,11,0.0,0.0
2000-10-12 00:00:00-04:00,16050.0,16575.0,15450.0,15450.0,11,0.0,0.0
2000-10-13 00:00:00-04:00,15450.0,16650.0,15225.0,15750.0,13,0.0,0.0
2000-10-16 00:00:00-04:00,15525.0,16350.0,15375.0,15375.0,5,0.0,0.0
2000-10-17 00:00:00-04:00,15750.0,15750.0,15075.0,15075.0,8,0.0,0.0
2000-10-18 00:00:00-04:00,15150.0,15675.0,15000.0,15000.0,13,0.0,0.0
2000-10-19 00:00:00-04:00,15000.0,15750.0,15000.0,15600.0,5,0.0,0.0
2000-10-20 00:00:00-04:00,15750.0,16350.0,15225.0,15750.0,3,0.0,0.0
2000-10-23 00:00:00-04:00,16125.0,16125.0,15000.0,15000.0,6,0.0,0.0
2000-10-24 00:00:00-04:00,15000.0,15750.0,14250.0,15000.0,21,0.0,0.0
2000-10-25 00:00:00-04:00,15525.0,15525.0,14625.0,14625.0,5,0.0,0.0
2000-10-26 00:00:00-04:00,14250.0,14850.0,13875.0,14550.0,5,0.0,0.0
2000-10-27 00:00:00-04:00,14250.0,14625.0,13950.0,14625.0,3,0.0,0.0
2000-10-30 00:00:00-05:00,14850.0,14850.0,13875.0,14625.0,4,0.0,0.0
2000-10-31 00:00:00-05:00,15000.0,15000.0,14100.0,14100.0,7,0.0,0.0
2000-11-01 00:00:00-05:00,13875.0,14775.0,13875.0,14625.0,5,0.0,0.0
2000-11-02 00:00:00-05:00,14250.0,14550.0,13875.0,14250.0,8,0.0,0.0
2000-11-03 00:00:00-05:00,14100.0,14625.0,13950.0,14475.0,3,0.0,0.0
2000-11-06 00:00:00-05:00,14250.0,15000.0,14250.0,14250.0,3,0.0,0.0
2000-11-07 00:00:00-05:00,13875.0,14625.0,13275.0,14250.0,7,0.0,0.0
2000-11-08 00:00:00-05:00,14625.0,14775.0,13350.0,13500.0,6,0.0,0.0
2000-11-09 00:00:00-05:00,13200.0,13800.0,13200.0,13350.0,3,0.0,0.0
2000-11-10 00:00:00-05:00,13200.0,14025.0,13125.0,13500.0,5,0.0,0.0
2000-11-13 00:00:00-05:00,12375.0,13125.0,11700.0,13125.0,29,0.0,0.0
2000-11-14 00:00:00-05:00,13125.0,15300.0,13125.0,14175.0,14,0.0,0.0
2000-11-15 00:00:00-05:00,14400.0,15450.0,13950.0,14400.0,8,0.0,0.0
2000-11-16 00:00:00-05:00,14625.0,14850.0,13500.0,13500.0,6,0.0,0.0
2000-11-17 00:00:00-05:00,13500.0,14400.0,13500.0,14325.0,8,0.0,0.0
2000-11-20 00:00:00-05:00,14250.0,15000.0,13500.0,13950.0,14,0.0,0.0
2000-11-21 00:00:00-05:00,13875.0,13875.0,12375.0,13425.0,18,0.0,0.0
2000-11-22 00:00:00-05:00,12525.0,12750.0,11700.0,12150.0,17,0.0,0.0
2000-11-24 00:00:00-05:00,12450.0,14400.0,12000.0,14175.0,5,0.0,0.0
2000-11-27 00:00:00-05:00,14400.0,14550.0,13200.0,13350.0,5,0.0,0.0
2000-11-28 00:00:00-05:00,12750.0,13125.0,11625.0,11625.0,23,0.0,0.0
2000-11-29 00:00:00-05:00,11625.0,12900.0,11400.0,12375.0,7,0.0,0.0
2000-11-30 00:00:00-05:00,12000.0,12075.0,11250.0,12075.0,15,0.0,0.0
2000-12-01 00:00:00-05:00,12375.0,12375.0,11325.0,11925.0,5,0.0,0.0
2000-12-04 00:00:00-05:00,12300.0,12300.0,11250.0,11250.0,5,0.0,0.0
2000-12-05 00:00:00-05:00,11625.0,11625.0,9450.0,10425.0,19,0.0,0.0
2000-12-06 00:00:00-05:00,11100.0,11100.0,8850.0,8925.0,27,0.0,0.0
2000-12-07 00:00:00-05:00,8775.0,9300.0,8625.0,9150.0,10,0.0,0.0
2000-12-08 00:00:00-05:00,8325.0,10875.0,8250.0,10650.0,26,0.0,0.0
2000-12-11 00:00:00-05:00,11175.0,11175.0,10275.0,10500.0,15,0.0,0.0
2000-12-12 00:00:00-05:00,9600.0,10500.0,9375.0,10350.0,13,0.0,0.0
2000-12-13 00:00:00-05:00,10350.0,11100.0,9900.0,10500.0,6,0.0,0.0
2000-12-14 00:00:00-05:00,9750.0,10425.0,9525.0,10350.0,8,0.0,0.0
2000-12-15 00:00:00-05:00,9750.0,10050.0,9000.0,9075.0,10,0.0,0.0
2000-12-18 00:00:00-05:00,9750.0,9750.0,8625.0,8700.0,21,0.0,0.0
2000-12-19 00:00:00-05:00,9375.0,9375.0,8625.0,9000.0,16,0.0,0.0
2000-12-20 00:00:00-05:00,8625.0,8625.0,7875.0,8175.0,46,0.0,0.0
2000-12-21 00:00:00-05:00,7875.0,8250.0,7500.0,8250.0,12,0.0,0.0
2000-12-22 00:00:00-05:00,7950.0,9300.0,7875.0,9000.0,15,0.0,0.0
2000-12-26 00:00:00-05:00,8625.0,9000.0,8250.0,8325.0,13,0.0,0.0
2000-12-27 00:00:00-05:00,8250.0,8775.0,7950.0,7950.0,28,0.0,0.0
2000-12-28 00:00:00-05:00,7950.0,8925.0,7950.0,8100.0,33,0.0,0.0
2000-12-29 00:00:00-05:00,8250.0,15000.0,8025.0,11250.0,111,0.0,0.0
2001-01-02 00:00:00-05:00,11625.0,14250.0,11250.0,13200.0,25,0.0,0.0
2001-01-03 00:00:00-05:00,13200.0,14625.0,11625.0,13500.0,17,0.0,0.0
2001-01-04 00:00:00-05:00,13425.0,13425.0,11625.0,12675.0,5,0.0,0.0
2001-01-05 00:00:00-05:00,12525.0,12525.0,11550.0,11775.0,3,0.0,0.0
2001-01-08 00:00:00-05:00,11775.0,12000.0,9825.0,10650.0,10,0.0,0.0
2001-01-09 00:00:00-05:00,10350.0,10500.0,10050.0,10500.0,4,0.0,0.0
2001-01-10 00:00:00-05:00,10500.0,12225.0,10125.0,11250.0,7,0.0,0.0
2001-01-11 00:00:00-05:00,11250.0,12000.0,10350.0,12000.0,4,0.0,0.0
2001-01-12 00:00:00-05:00,12000.0,12750.0,11250.0,12375.0,5,0.0,0.0
2001-01-16 00:00:00-05:00,12450.0,14250.0,12375.0,13425.0,23,0.0,0.0
2001-01-17 00:00:00-05:00,13500.0,14625.0,13425.0,14175.0,25,0.0,0.0
2001-01-18 00:00:00-05:00,14625.0,15375.0,13125.0,14550.0,28,0.0,0.0
2001-01-19 00:00:00-05:00,15150.0,15150.0,14550.0,14775.0,13,0.0,0.0
2001-01-22 00:00:00-05:00,15600.0,15900.0,15000.0,15375.0,16,0.0,0.0
2001-01-23 00:00:00-05:00,15375.0,15600.0,13875.0,14250.0,12,0.0,0.0
2001-01-24 00:00:00-05:00,14325.0,15000.0,13650.0,13875.0,7,0.0,0.0
2001-01-25 00:00:00-05:00,13800.0,14400.0,13800.0,14250.0,6,0.0,0.0
2001-01-26 00:00:00-05:00,13950.0,14325.0,13950.0,14250.0,4,0.0,0.0
2001-01-29 00:00:00-05:00,14625.0,15075.0,14550.0,14925.0,7,0.0,0.0
2001-01-30 00:00:00-05:00,15000.0,16500.0,14700.0,16500.0,22,0.0,0.0
2001-01-31 00:00:00-05:00,16725.0,21975.0,16500.0,21375.0,48,0.0,0.0
2001-02-01 00:00:00-05:00,22125.0,24750.0,18750.0,20625.0,45,0.0,0.0
2001-02-02 00:00:00-05:00,21375.0,21375.0,18825.0,20550.0,12,0.0,0.0
2001-02-05 00:00:00-05:00,21600.0,21600.0,18975.0,20250.0,11,0.0,0.0
2001-02-06 00:00:00-05:00,20250.0,20250.0,17250.0,18750.0,14,0.0,0.0
2001-02-07 00:00:00-05:00,18825.0,18825.0,17400.0,17400.0,9,0.0,0.0
2001-02-08 00:00:00-05:00,17850.0,17850.0,15750.0,16500.0,11,0.0,0.0
2001-02-09 00:00:00-05:00,15750.0,18675.0,15375.0,16875.0,17,0.0,0.0
2001-02-12 00:00:00-05:00,16125.0,16875.0,15750.0,16125.0,6,0.0,0.0
2001-02-13 00:00:00-05:00,15375.0,16050.0,14700.0,15750.0,14,0.0,0.0
2001-02-14 00:00:00-05:00,16350.0,16350.0,15075.0,15750.0,4,0.0,0.0
2001-02-15 00:00:00-05:00,15300.0,15975.0,15300.0,15975.0,5,0.0,0.0
2001-02-16 00:00:00-05:00,15375.0,15975.0,14325.0,15000.0,9,0.0,0.0
2001-02-20 00:00:00-05:00,15000.0,15750.0,14250.0,14625.0,6,0.0,0.0
2001-02-21 00:00:00-05:00,14250.0,14250.0,13200.0,13425.0,7,0.0,0.0
2001-02-22 00:00:00-05:00,13200.0,13875.0,13200.0,13725.0,3,0.0,0.0
2001-02-23 00:00:00-05:00,13500.0,14100.0,13125.0,13500.0,9,0.0,0.0
2001-02-26 00:00:00-05:00,13650.0,14850.0,13500.0,14550.0,7,0.0,0.0
2001-02-27 00:00:00-05:00,14250.0,14625.0,13350.0,14550.0,6,0.0,0.0
2001-02-28 00:00:00-05:00,14850.0,15600.0,14325.0,14625.0,4,0.0,0.0
2001-03-01 00:00:00-05:00,14250.0,14250.0,12825.0,12900.0,9,0.0,0.0
2001-03-02 00:00:00-05:00,12750.0,13875.0,12750.0,13350.0,7,0.0,0.0
2001-03-05 00:00:00-05:00,13875.0,13875.0,12750.0,13500.0,3,0.0,0.0
2001-03-06 00:00:00-05:00,13125.0,13425.0,12750.0,13425.0,5,0.0,0.0
2001-03-07 00:00:00-05:00,13350.0,13350.0,12975.0,13350.0,2,0.0,0.0
2001-03-08 00:00:00-05:00,13425.0,13425.0,12300.0,12375.0,7,0.0,0.0
2001-03-09 00:00:00-05:00,12750.0,13875.0,12600.0,12975.0,4,0.0,0.0
2001-03-12 00:00:00-05:00,12375.0,13275.0,11325.0,11550.0,9,0.0,0.0
2001-03-13 00:00:00-05:00,10575.0,12225.0,10575.0,10875.0,7,0.0,0.0
2001-03-14 00:00:00-05:00,11625.0,11625.0,10500.0,11100.0,4,0.0,0.0
2001-03-15 00:00:00-05:00,11250.0,11250.0,10500.0,10875.0,4,0.0,0.0
2001-03-16 00:00:00-05:00,10575.0,10725.0,9825.0,10500.0,4,0.0,0.0
2001-03-19 00:00:00-05:00,10800.0,10800.0,9750.0,10725.0,4,0.0,0.0
2001-03-20 00:00:00-05:00,10500.0,11025.0,10125.0,10275.0,3,0.0,0.0
2001-03-21 00:00:00-05:00,10125.0,10350.0,9750.0,10350.0,5,0.0,0.0
2001-03-22 00:00:00-05:00,10800.0,10875.0,9750.0,10875.0,5,0.0,0.0
2001-03-23 00:00:00-05:00,11625.0,11625.0,10500.0,11400.0,5,0.0,0.0
2001-03-26 00:00:00-05:00,10950.0,11550.0,10875.0,10875.0,2,0.0,0.0
2001-03-27 00:00:00-05:00,11100.0,15000.0,10125.0,15000.0,18,0.0,0.0
2001-03-28 00:00:00-05:00,14250.0,14250.0,11400.0,11550.0,10,0.0,0.0
2001-03-29 00:00:00-05:00,11625.0,15000.0,11400.0,15000.0,9,0.0,0.0
2001-03-30 00:00:00-05:00,15075.0,15075.0,12825.0,14175.0,7,0.0,0.0
2001-04-02 00:00:00-04:00,13650.0,13875.0,12750.0,12825.0,4,0.0,0.0
2001-04-03 00:00:00-04:00,12375.0,12375.0,10350.0,12000.0,12,0.0,0.0
2001-04-04 00:00:00-04:00,10875.0,12525.0,10500.0,10500.0,5,0.0,0.0
2001-04-05 00:00:00-04:00,10650.0,12000.0,10650.0,11250.0,4,0.0,0.0
2001-04-06 00:00:00-04:00,11625.0,11625.0,10650.0,10650.0,3,0.0,0.0
2001-04-09 00:00:00-04:00,11550.0,11550.0,10500.0,10500.0,3,0.0,0.0
2001-04-10 00:00:00-04:00,10575.0,11100.0,10200.0,11100.0,5,0.0,0.0
2001-04-11 00:00:00-04:00,10425.0,11850.0,10425.0,11625.0,3,0.0,0.0
2001-04-12 00:00:00-04:00,11625.0,11925.0,10875.0,11625.0,3,0.0,0.0
2001-04-16 00:00:00-04:00,11625.0,11625.0,10875.0,10875.0,5,0.0,0.0
2001-04-17 00:00:00-04:00,11475.0,11475.0,10575.0,10650.0,2,0.0,0.0
2001-04-18 00:00:00-04:00,10575.0,11175.0,10425.0,10875.0,5,0.0,0.0
2001-04-19 00:00:00-04:00,10500.0,10875.0,10500.0,10650.0,2,0.0,0.0
2001-04-20 00:00:00-04:00,10875.0,10875.0,10350.0,10650.0,3,0.0,0.0
2001-04-23 00:00:00-04:00,11175.0,11175.0,9825.0,10050.0,5,0.0,0.0
2001-04-24 00:00:00-04:00,9900.0,11475.0,9900.0,10500.0,5,0.0,0.0
2001-04-25 00:00:00-04:00,10500.0,10875.0,10125.0,10875.0,2,0.0,0.0
2001-04-26 00:00:00-04:00,10875.0,10875.0,10200.0,10575.0,4,0.0,0.0
2001-04-27 00:00:00-04:00,10125.0,10800.0,10125.0,10500.0,3,0.0,0.0
2001-04-30 00:00:00-04:00,10500.0,10875.0,10350.0,10875.0,6,0.0,0.0
2001-05-01 00:00:00-04:00,10875.0,10875.0,10500.0,10500.0,2,0.0,0.0
2001-05-02 00:00:00-04:00,10500.0,10800.0,10500.0,10800.0,3,0.0,0.0
2001-05-03 00:00:00-04:00,10875.0,11775.0,10500.0,11775.0,9,0.0,0.0
2001-05-04 00:00:00-04:00,10950.0,12750.0,10950.0,11625.0,11,0.0,0.0
2001-05-07 00:00:00-04:00,12300.0,12300.0,10800.0,11250.0,7,0.0,0.0
2001-05-08 00:00:00-04:00,11625.0,11625.0,10575.0,11250.0,5,0.0,0.0
2001-05-09 00:00:00-04:00,10800.0,11025.0,10725.0,10800.0,5,0.0,0.0
2001-05-10 00:00:00-04:00,10800.0,11025.0,10650.0,10725.0,3,0.0,0.0
2001-05-11 00:00:00-04:00,10950.0,11250.0,10500.0,11025.0,6,0.0,0.0
2001-05-14 00:00:00-04:00,10800.0,11175.0,10575.0,10725.0,3,0.0,0.0
2001-05-15 00:00:00-04:00,10500.0,10800.0,10500.0,10725.0,3,0.0,0.0
2001-05-16 00:00:00-04:00,10425.0,10725.0,10425.0,10725.0,1,0.0,0.0
2001-05-17 00:00:00-04:00,10575.0,10725.0,10425.0,10500.0,2,0.0,0.0
2001-05-18 00:00:00-04:00,10650.0,11175.0,10350.0,11025.0,8,0.0,0.0
2001-05-21 00:00:00-04:00,11175.0,11850.0,10725.0,11775.0,14,0.0,0.0
2001-05-22 00:00:00-04:00,11775.0,11775.0,10500.0,10800.0,12,0.0,0.0
2001-05-23 00:00:00-04:00,10800.0,10800.0,10275.0,10500.0,7,0.0,0.0
2001-05-24 00:00:00-04:00,10500.0,10875.0,10200.0,10650.0,13,0.0,0.0
2001-05-25 00:00:00-04:00,10725.0,10800.0,10275.0,10425.0,18,0.0,0.0
2001-05-29 00:00:00-04:00,10200.0,10500.0,10200.0,10200.0,1,0.0,0.0
2001-05-30 00:00:00-04:00,10200.0,10500.0,10125.0,10500.0,5,0.0,0.0
2001-05-31 00:00:00-04:00,10125.0,10575.0,10125.0,10200.0,8,0.0,0.0
2001-06-01 00:00:00-04:00,10875.0,11100.0,10350.0,10875.0,9,0.0,0.0
2001-06-04 00:00:00-04:00,10875.0,10875.0,10350.0,10350.0,6,0.0,0.0
2001-06-05 00:00:00-04:00,10350.0,10500.0,10200.0,10275.0,23,0.0,0.0
2001-06-06 00:00:00-04:00,10275.0,10425.0,10200.0,10350.0,8,0.0,0.0
2001-06-07 00:00:00-04:00,10350.0,10350.0,10200.0,10200.0,8,0.0,0.0
2001-06-08 00:00:00-04:00,10125.0,10350.0,9825.0,10050.0,23,0.0,0.0
2001-06-11 00:00:00-04:00,10125.0,10350.0,9750.0,10050.0,3,0.0,0.0
2001-06-12 00:00:00-04:00,10125.0,10350.0,9825.0,10125.0,2,0.0,0.0
2001-06-13 00:00:00-04:00,10275.0,10425.0,10050.0,10050.0,3,0.0,0.0
2001-06-14 00:00:00-04:00,10200.0,10200.0,9825.0,9825.0,5,0.0,0.0
2001-06-15 00:00:00-04:00,10050.0,10275.0,9750.0,10050.0,8,0.0,0.0
2001-06-18 00:00:00-04:00,10125.0,10500.0,9975.0,9975.0,11,0.0,0.0
2001-06-19 00:00:00-04:00,10200.0,10200.0,9900.0,9975.0,3,0.0,0.0
2001-06-20 00:00:00-04:00,10050.0,10050.0,9750.0,9900.0,5,0.0,0.0
2001-06-21 00:00:00-04:00,10050.0,10425.0,9900.0,10275.0,8,0.0,0.0
2001-06-22 00:00:00-04:00,10200.0,10200.0,9825.0,10125.0,9,0.0,0.0
2001-06-25 00:00:00-04:00,10050.0,10125.0,9525.0,9600.0,4,0.0,0.0
2001-06-26 00:00:00-04:00,9375.0,9750.0,9375.0,9750.0,3,0.0,0.0
2001-06-27 00:00:00-04:00,9675.0,9675.0,9000.0,9225.0,8,0.0,0.0
2001-06-28 00:00:00-04:00,9000.0,9300.0,8700.0,9300.0,9,0.0,0.0
2001-06-29 00:00:00-04:00,8775.0,9375.0,8775.0,9375.0,5,0.0,0.0
2001-07-02 00:00:00-04:00,9375.0,9375.0,8700.0,9375.0,3,0.0,0.0
2001-07-03 00:00:00-04:00,9300.0,9375.0,9000.0,9075.0,1,0.0,0.0
2001-07-05 00:00:00-04:00,9300.0,9300.0,8700.0,9000.0,2,0.0,0.0
2001-07-06 00:00:00-04:00,8700.0,9075.0,8700.0,8850.0,3,0.0,0.0
2001-07-09 00:00:00-04:00,8700.0,8850.0,8700.0,8700.0,3,0.0,0.0
2001-07-10 00:00:00-04:00,8625.0,8850.0,8475.0,8625.0,2,0.0,0.0
2001-07-11 00:00:00-04:00,8625.0,8625.0,8100.0,8250.0,7,0.0,0.0
2001-07-12 00:00:00-04:00,8025.0,8475.0,7950.0,7950.0,4,0.0,0.0
2001-07-13 00:00:00-04:00,7875.0,8250.0,7875.0,8250.0,7,0.0,0.0
2001-07-16 00:00:00-04:00,8400.0,8550.0,7950.0,8175.0,5,0.0,0.0
2001-07-17 00:00:00-04:00,8175.0,8400.0,7650.0,8400.0,6,0.0,0.0
2001-07-18 00:00:00-04:00,8400.0,8775.0,8025.0,8700.0,2,0.0,0.0
2001-07-19 00:00:00-04:00,8700.0,9225.0,8625.0,8625.0,4,0.0,0.0
2001-07-20 00:00:00-04:00,8625.0,8850.0,8025.0,8325.0,3,0.0,0.0
2001-07-23 00:00:00-04:00,8400.0,8625.0,8100.0,8250.0,3,0.0,0.0
2001-07-24 00:00:00-04:00,8250.0,10800.0,8250.0,10500.0,25,0.0,0.0
2001-07-25 00:00:00-04:00,10875.0,13875.0,9825.0,10125.0,29,0.0,0.0
2001-07-26 00:00:00-04:00,10500.0,10500.0,9150.0,9600.0,6,0.0,0.0
2001-07-27 00:00:00-04:00,9375.0,9750.0,9000.0,9525.0,15,0.0,0.0
2001-07-30 00:00:00-04:00,9675.0,10800.0,9375.0,10650.0,6,0.0,0.0
2001-07-31 00:00:00-04:00,10200.0,10725.0,9900.0,10350.0,3,0.0,0.0
2001-08-01 00:00:00-04:00,9975.0,10350.0,9750.0,9750.0,7,0.0,0.0
2001-08-02 00:00:00-04:00,10875.0,10875.0,10125.0,10125.0,2,0.0,0.0
2001-08-03 00:00:00-04:00,10425.0,10875.0,9825.0,10875.0,5,0.0,0.0
2001-08-06 00:00:00-04:00,10875.0,14550.0,10875.0,12375.0,31,0.0,0.0
2001-08-07 00:00:00-04:00,13500.0,13875.0,10875.0,11250.0,14,0.0,0.0
2001-08-08 00:00:00-04:00,10875.0,11250.0,10500.0,10500.0,3,0.0,0.0
2001-08-09 00:00:00-04:00,11250.0,12000.0,10350.0,11175.0,3,0.0,0.0
2001-08-10 00:00:00-04:00,11625.0,11625.0,10725.0,11250.0,4,0.0,0.0
2001-08-13 00:00:00-04:00,11250.0,11625.0,10575.0,11100.0,4,0.0,0.0
2001-08-14 00:00:00-04:00,10875.0,11250.0,10875.0,11175.0,2,0.0,0.0
2001-08-15 00:00:00-04:00,11175.0,11850.0,10575.0,11850.0,4,0.0,0.0
2001-08-16 00:00:00-04:00,11850.0,11850.0,10875.0,11250.0,3,0.0,0.0
2001-08-17 00:00:00-04:00,11250.0,11250.0,10725.0,10725.0,6,0.0,0.0
2001-08-20 00:00:00-04:00,10500.0,10875.0,10500.0,10800.0,2,0.0,0.0
2001-08-21 00:00:00-04:00,10500.0,10875.0,10350.0,10725.0,4,0.0,0.0
2001-08-22 00:00:00-04:00,10200.0,10650.0,10200.0,10425.0,5,0.0,0.0
2001-08-23 00:00:00-04:00,10125.0,10425.0,10125.0,10125.0,8,0.0,0.0
2001-08-24 00:00:00-04:00,10125.0,10425.0,10125.0,10200.0,3,0.0,0.0
2001-08-27 00:00:00-04:00,10125.0,10425.0,9900.0,9900.0,6,0.0,0.0
2001-08-28 00:00:00-04:00,9825.0,9900.0,9450.0,9750.0,5,0.0,0.0
2001-08-29 00:00:00-04:00,10500.0,10500.0,9450.0,9450.0,2,0.0,0.0
2001-08-30 00:00:00-04:00,9750.0,9750.0,9375.0,9750.0,6,0.0,0.0
2001-08-31 00:00:00-04:00,9750.0,10425.0,9750.0,9975.0,3,0.0,0.0
2001-09-04 00:00:00-04:00,9750.0,10350.0,9750.0,10125.0,3,0.0,0.0
2001-09-05 00:00:00-04:00,9750.0,12375.0,9750.0,12000.0,12,0.0,0.0
2001-09-06 00:00:00-04:00,12225.0,12225.0,10875.0,11625.0,5,0.0,0.0
2001-09-07 00:00:00-04:00,12375.0,13125.0,10950.0,11250.0,9,0.0,0.0
2001-09-10 00:00:00-04:00,10875.0,11250.0,10575.0,10875.0,5,0.0,0.0
2001-09-17 00:00:00-04:00,10875.0,10875.0,9525.0,9900.0,14,0.0,0.0
2001-09-18 00:00:00-04:00,9975.0,10725.0,9375.0,9975.0,5,0.0,0.0
2001-09-19 00:00:00-04:00,9750.0,10125.0,8625.0,9525.0,8,0.0,0.0
2001-09-20 00:00:00-04:00,9000.0,10275.0,8850.0,9000.0,6,0.0,0.0
2001-09-21 00:00:00-04:00,8625.0,9300.0,8025.0,8775.0,13,0.0,0.0
2001-09-24 00:00:00-04:00,8775.0,10275.0,8775.0,9750.0,19,0.0,0.0
2001-09-25 00:00:00-04:00,10050.0,10125.0,9150.0,10050.0,12,0.0,0.0
2001-09-26 00:00:00-04:00,9900.0,9975.0,9750.0,9900.0,3,0.0,0.0
2001-09-27 00:00:00-04:00,9750.0,10050.0,9525.0,10050.0,7,0.0,0.0
2001-09-28 00:00:00-04:00,9675.0,11250.0,9600.0,10050.0,16,0.0,0.0
2001-10-01 00:00:00-04:00,9900.0,11250.0,9900.0,10875.0,4,0.0,0.0
2001-10-02 00:00:00-04:00,11250.0,11250.0,10350.0,10950.0,6,0.0,0.0
2001-10-03 00:00:00-04:00,10650.0,10800.0,10350.0,10575.0,3,0.0,0.0
2001-10-04 00:00:00-04:00,10200.0,11250.0,9975.0,11100.0,6,0.0,0.0
2001-10-05 00:00:00-04:00,11250.0,11625.0,10575.0,11550.0,8,0.0,0.0
2001-10-08 00:00:00-04:00,11550.0,11550.0,10500.0,10875.0,6,0.0,0.0
2001-10-09 00:00:00-04:00,11100.0,11175.0,10350.0,10350.0,8,0.0,0.0
2001-10-10 00:00:00-04:00,10725.0,10725.0,9750.0,9825.0,11,0.0,0.0
2001-10-11 00:00:00-04:00,10350.0,10725.0,9375.0,9825.0,10,0.0,0.0
2001-10-12 00:00:00-04:00,9225.0,9600.0,9225.0,9525.0,12,0.0,0.0
2001-10-15 00:00:00-04:00,9450.0,9450.0,9000.0,9225.0,8,0.0,0.0
2001-10-16 00:00:00-04:00,9075.0,9300.0,8625.0,8925.0,14,0.0,0.0
2001-10-17 00:00:00-04:00,8925.0,8925.0,8625.0,8700.0,6,0.0,0.0
2001-10-18 00:00:00-04:00,8700.0,8775.0,8400.0,8625.0,10,0.0,0.0
2001-10-19 00:00:00-04:00,8850.0,9600.0,8550.0,9525.0,15,0.0,0.0
2001-10-22 00:00:00-04:00,9975.0,9975.0,8850.0,8925.0,6,0.0,0.0
2001-10-23 00:00:00-04:00,8925.0,9675.0,8925.0,9450.0,7,0.0,0.0
2001-10-24 00:00:00-04:00,11100.0,13875.0,9825.0,9825.0,101,0.0,0.0
2001-10-25 00:00:00-04:00,10650.0,10650.0,9375.0,9450.0,25,0.0,0.0
2001-10-26 00:00:00-04:00,9450.0,9825.0,8850.0,8925.0,19,0.0,0.0
2001-10-29 00:00:00-05:00,9225.0,9225.0,8550.0,8775.0,23,0.0,0.0
2001-10-30 00:00:00-05:00,8625.0,9225.0,8625.0,9000.0,12,0.0,0.0
2001-10-31 00:00:00-05:00,9150.0,9675.0,8775.0,8850.0,15,0.0,0.0
2001-11-01 00:00:00-05:00,9000.0,9375.0,8775.0,9000.0,9,0.0,0.0
2001-11-02 00:00:00-05:00,9075.0,9225.0,8700.0,8700.0,10,0.0,0.0
2001-11-05 00:00:00-05:00,8700.0,8850.0,8625.0,8775.0,11,0.0,0.0
2001-11-06 00:00:00-05:00,8625.0,8925.0,8325.0,8400.0,14,0.0,0.0
2001-11-07 00:00:00-05:00,8400.0,8475.0,8250.0,8400.0,12,0.0,0.0
2001-11-08 00:00:00-05:00,8250.0,8550.0,8250.0,8550.0,10,0.0,0.0
2001-11-09 00:00:00-05:00,8250.0,8475.0,8175.0,8175.0,9,0.0,0.0
2001-11-12 00:00:00-05:00,8175.0,8550.0,8100.0,8250.0,7,0.0,0.0
2001-11-13 00:00:00-05:00,8625.0,8625.0,8250.0,8325.0,7,0.0,0.0
2001-11-14 00:00:00-05:00,8325.0,8400.0,8100.0,8400.0,4,0.0,0.0
2001-11-15 00:00:00-05:00,8550.0,8550.0,8175.0,8175.0,5,0.0,0.0
2001-11-16 00:00:00-05:00,8175.0,8325.0,7875.0,8175.0,18,0.0,0.0
2001-11-19 00:00:00-05:00,8100.0,8250.0,7950.0,8025.0,5,0.0,0.0
2001-11-20 00:00:00-05:00,7875.0,8100.0,7875.0,7950.0,9,0.0,0.0
2001-11-21 00:00:00-05:00,7950.0,8100.0,7950.0,7950.0,9,0.0,0.0
2001-11-23 00:00:00-05:00,7875.0,8025.0,7800.0,7875.0,8,0.0,0.0
2001-11-26 00:00:00-05:00,7875.0,8100.0,7725.0,7800.0,9,0.0,0.0
2001-11-27 00:00:00-05:00,7650.0,7950.0,7125.0,7425.0,21,0.0,0.0
2001-11-28 00:00:00-05:00,7500.0,7800.0,7425.0,7650.0,24,0.0,0.0
2001-11-29 00:00:00-05:00,8100.0,8100.0,7575.0,7800.0,8,0.0,0.0
2001-11-30 00:00:00-05:00,7875.0,7950.0,7500.0,7575.0,10,0.0,0.0
2001-12-03 00:00:00-05:00,7575.0,7800.0,6975.0,7500.0,10,0.0,0.0
2001-12-04 00:00:00-05:00,7275.0,7500.0,6900.0,7125.0,9,0.0,0.0
2001-12-05 00:00:00-05:00,7125.0,8100.0,7125.0,7500.0,27,0.0,0.0
2001-12-06 00:00:00-05:00,7800.0,7800.0,7275.0,7650.0,15,0.0,0.0
2001-12-07 00:00:00-05:00,7650.0,7650.0,7275.0,7500.0,10,0.0,0.0
2001-12-10 00:00:00-05:00,7500.0,7650.0,7350.0,7350.0,9,0.0,0.0
2001-12-11 00:00:00-05:00,7500.0,8025.0,7425.0,7650.0,10,0.0,0.0
2001-12-12 00:00:00-05:00,7575.0,7650.0,7500.0,7575.0,10,0.0,0.0
2001-12-13 00:00:00-05:00,7500.0,7500.0,7200.0,7425.0,11,0.0,0.0
2001-12-14 00:00:00-05:00,7200.0,7425.0,6975.0,7050.0,15,0.0,0.0
2001-12-17 00:00:00-05:00,7275.0,7275.0,6750.0,6900.0,14,0.0,0.0
2001-12-18 00:00:00-05:00,6750.0,6750.0,5400.0,6075.0,43,0.0,0.0
2001-12-19 00:00:00-05:00,6000.0,6225.0,5925.0,5925.0,10,0.0,0.0
2001-12-20 00:00:00-05:00,5925.0,6525.0,5925.0,6525.0,10,0.0,0.0
2001-12-21 00:00:00-05:00,6375.0,6525.0,6000.0,6225.0,7,0.0,0.0
2001-12-24 00:00:00-05:00,6075.0,6225.0,6075.0,6150.0,6,0.0,0.0
2001-12-26 00:00:00-05:00,6375.0,6450.0,6075.0,6225.0,8,0.0,0.0
2001-12-27 00:00:00-05:00,6150.0,6900.0,6150.0,6900.0,17,0.0,0.0
2001-12-28 00:00:00-05:00,6825.0,7050.0,6525.0,7050.0,13,0.0,0.0
2001-12-31 00:00:00-05:00,7200.0,7425.0,6825.0,7125.0,16,0.0,0.0
2002-01-02 00:00:00-05:00,7425.0,7425.0,6900.0,7125.0,7,0.0,0.0
2002-01-03 00:00:00-05:00,7275.0,7275.0,6750.0,6750.0,8,0.0,0.0
2002-01-04 00:00:00-05:00,6225.0,6975.0,6225.0,6225.0,9,0.0,0.0
2002-01-07 00:00:00-05:00,6975.0,8850.0,6375.0,8775.0,54,0.0,0.0
2002-01-08 00:00:00-05:00,9225.0,9675.0,6900.0,7500.0,57,0.0,0.0
2002-01-09 00:00:00-05:00,7800.0,8325.0,7500.0,7875.0,20,0.0,0.0
2002-01-10 00:00:00-05:00,8175.0,8175.0,7650.0,8025.0,10,0.0,0.0
2002-01-11 00:00:00-05:00,7875.0,7950.0,7650.0,7650.0,8,0.0,0.0
2002-01-14 00:00:00-05:00,8400.0,8625.0,7575.0,7650.0,14,0.0,0.0
2002-01-15 00:00:00-05:00,7500.0,7725.0,7125.0,7500.0,17,0.0,0.0
2002-01-16 00:00:00-05:00,8475.0,8475.0,7125.0,7200.0,18,0.0,0.0
2002-01-17 00:00:00-05:00,7425.0,7425.0,6825.0,6825.0,9,0.0,0.0
2002-01-18 00:00:00-05:00,7125.0,7125.0,6375.0,6375.0,16,0.0,0.0
2002-01-22 00:00:00-05:00,6750.0,6750.0,6000.0,6075.0,36,0.0,0.0
2002-01-23 00:00:00-05:00,6225.0,6225.0,5850.0,6150.0,16,0.0,0.0
2002-01-24 00:00:00-05:00,6000.0,6225.0,5850.0,6225.0,15,0.0,0.0
2002-01-25 00:00:00-05:00,6225.0,6375.0,6075.0,6225.0,23,0.0,0.0
2002-01-28 00:00:00-05:00,6375.0,6450.0,6150.0,6225.0,8,0.0,0.0
2002-01-29 00:00:00-05:00,6375.0,6525.0,6300.0,6300.0,14,0.0,0.0
2002-01-30 00:00:00-05:00,6450.0,6450.0,6075.0,6300.0,11,0.0,0.0
2002-01-31 00:00:00-05:00,6225.0,6525.0,6150.0,6375.0,13,0.0,0.0
2002-02-01 00:00:00-05:00,6450.0,6450.0,6300.0,6375.0,12,0.0,0.0
2002-02-04 00:00:00-05:00,6675.0,6675.0,6075.0,6150.0,15,0.0,0.0
2002-02-05 00:00:00-05:00,6225.0,6300.0,6075.0,6225.0,17,0.0,0.0
2002-02-06 00:00:00-05:00,6225.0,6225.0,5700.0,6075.0,21,0.0,0.0
2002-02-07 00:00:00-05:00,6150.0,6150.0,5625.0,5700.0,16,0.0,0.0
2002-02-08 00:00:00-05:00,5700.0,6300.0,5475.0,5625.0,19,0.0,0.0
2002-02-11 00:00:00-05:00,5550.0,5775.0,5550.0,5550.0,16,0.0,0.0
2002-02-12 00:00:00-05:00,5625.0,6150.0,5550.0,6000.0,23,0.0,0.0
2002-02-13 00:00:00-05:00,6225.0,6900.0,5850.0,6675.0,35,0.0,0.0
2002-02-14 00:00:00-05:00,6375.0,6675.0,5625.0,5700.0,17,0.0,0.0
2002-02-15 00:00:00-05:00,5700.0,6150.0,5475.0,5700.0,8,0.0,0.0
2002-02-19 00:00:00-05:00,5400.0,6000.0,5400.0,5550.0,9,0.0,0.0
2002-02-20 00:00:00-05:00,5625.0,5625.0,5250.0,5325.0,10,0.0,0.0
2002-02-21 00:00:00-05:00,5625.0,5625.0,4875.0,4875.0,9,0.0,0.0
2002-02-22 00:00:00-05:00,4725.0,4875.0,4200.0,4500.0,15,0.0,0.0
2002-02-25 00:00:00-05:00,4725.0,4725.0,4125.0,4275.0,7,0.0,0.0
2002-02-26 00:00:00-05:00,4575.0,4950.0,4500.0,4650.0,16,0.0,0.0
2002-02-27 00:00:00-05:00,4875.0,4875.0,4275.0,4875.0,19,0.0,0.0
2002-02-28 00:00:00-05:00,4800.0,4800.0,4275.0,4500.0,6,0.0,0.0
2002-03-01 00:00:00-05:00,4425.0,4725.0,4350.0,4500.0,9,0.0,0.0
2002-03-04 00:00:00-05:00,4425.0,4725.0,4425.0,4575.0,7,0.0,0.0
2002-03-05 00:00:00-05:00,4575.0,4650.0,4275.0,4425.0,6,0.0,0.0
2002-03-06 00:00:00-05:00,4350.0,4425.0,3975.0,4275.0,11,0.0,0.0
2002-03-07 00:00:00-05:00,4350.0,4350.0,4050.0,4200.0,8,0.0,0.0
2002-03-08 00:00:00-05:00,4350.0,4350.0,4050.0,4200.0,10,0.0,0.0
2002-03-11 00:00:00-05:00,4350.0,4350.0,4200.0,4350.0,7,0.0,0.0
2002-03-12 00:00:00-05:00,4200.0,4350.0,4125.0,4275.0,5,0.0,0.0
2002-03-13 00:00:00-05:00,4350.0,4350.0,4125.0,4200.0,5,0.0,0.0
2002-03-14 00:00:00-05:00,4425.0,4425.0,4200.0,4200.0,13,0.0,0.0
2002-03-15 00:00:00-05:00,4425.0,4425.0,4125.0,4200.0,6,0.0,0.0
2002-03-18 00:00:00-05:00,4125.0,4500.0,4125.0,4125.0,5,0.0,0.0
2002-03-19 00:00:00-05:00,4275.0,4275.0,4125.0,4275.0,8,0.0,0.0
2002-03-20 00:00:00-05:00,4500.0,4725.0,4350.0,4500.0,20,0.0,0.0
2002-03-21 00:00:00-05:00,4500.0,4575.0,4275.0,4350.0,6,0.0,0.0
2002-03-22 00:00:00-05:00,4425.0,4425.0,4125.0,4350.0,4,0.0,0.0
2002-03-25 00:00:00-05:00,4500.0,4650.0,4200.0,4350.0,31,0.0,0.0
2002-03-26 00:00:00-05:00,4350.0,4500.0,3900.0,4275.0,16,0.0,0.0
2002-03-27 00:00:00-05:00,4350.0,4350.0,4050.0,4200.0,10,0.0,0.0
2002-03-28 00:00:00-05:00,4425.0,4425.0,3900.0,3900.0,8,0.0,0.0
2002-04-01 00:00:00-05:00,3900.0,4200.0,3900.0,3975.0,4,0.0,0.0
2002-04-02 00:00:00-05:00,3975.0,4125.0,3975.0,3975.0,8,0.0,0.0
2002-04-03 00:00:00-05:00,3975.0,3975.0,3600.0,3600.0,39,0.0,0.0
2002-04-04 00:00:00-05:00,3750.0,3750.0,3375.0,3450.0,16,0.0,0.0
2002-04-05 00:00:00-05:00,3375.0,3600.0,3000.0,3300.0,10,0.0,0.0
2002-04-08 00:00:00-04:00,3150.0,3300.0,2325.0,2775.0,35,0.0,0.0
2002-04-09 00:00:00-04:00,3000.0,3600.0,2550.0,2550.0,159,0.0,0.0
2002-04-10 00:00:00-04:00,2625.0,2700.0,2400.0,2475.0,36,0.0,0.0
2002-04-11 00:00:00-04:00,2550.0,2550.0,1950.0,2400.0,53,0.0,0.0
2002-04-12 00:00:00-04:00,2475.0,2475.0,2100.0,2175.0,22,0.0,0.0
2002-04-15 00:00:00-04:00,2250.0,2625.0,2025.0,2625.0,46,0.0,0.0
2002-04-16 00:00:00-04:00,2775.0,3750.0,2550.0,3225.0,188,0.0,0.0
2002-04-17 00:00:00-04:00,3525.0,4125.0,3225.0,3375.0,113,0.0,0.0
2002-04-18 00:00:00-04:00,3675.0,3675.0,2700.0,2925.0,61,0.0,0.0
2002-04-19 00:00:00-04:00,2775.0,3150.0,2700.0,3000.0,32,0.0,0.0
2002-04-22 00:00:00-04:00,2775.0,2850.0,2400.0,2625.0,47,0.0,0.0
2002-04-23 00:00:00-04:00,2775.0,3075.0,2625.0,2850.0,42,0.0,0.0
2002-04-24 00:00:00-04:00,2850.0,3300.0,2700.0,3075.0,42,0.0,0.0
2002-04-25 00:00:00-04:00,3450.0,3525.0,2775.0,2850.0,80,0.0,0.0
2002-04-26 00:00:00-04:00,3000.0,3000.0,2625.0,2775.0,27,0.0,0.0
2002-04-29 00:00:00-04:00,2850.0,2850.0,2475.0,2475.0,26,0.0,0.0
2002-04-30 00:00:00-04:00,2700.0,2700.0,2325.0,2475.0,23,0.0,0.0
2002-05-01 00:00:00-04:00,2700.0,2850.0,2400.0,2475.0,39,0.0,0.0
2002-05-02 00:00:00-04:00,2625.0,2700.0,2400.0,2475.0,15,0.0,0.0
2002-05-03 00:00:00-04:00,2475.0,2550.0,2400.0,2475.0,37,0.0,0.0
2002-05-06 00:00:00-04:00,2625.0,2625.0,2325.0,2475.0,30,0.0,0.0
2002-05-07 00:00:00-04:00,2550.0,2550.0,2325.0,2400.0,32,0.0,0.0
2002-05-08 00:00:00-04:00,2400.0,2550.0,2400.0,2400.0,20,0.0,0.0
2002-05-09 00:00:00-04:00,2475.0,2700.0,2400.0,2625.0,20,0.0,0.0
2002-05-10 00:00:00-04:00,2550.0,2625.0,2325.0,2475.0,27,0.0,0.0
2002-05-13 00:00:00-04:00,2700.0,2700.0,2400.0,2400.0,16,0.0,0.0
2002-05-14 00:00:00-04:00,2550.0,2550.0,2325.0,2475.0,28,0.0,0.0
2002-05-15 00:00:00-04:00,2325.0,2475.0,2325.0,2400.0,20,0.0,0.0
2002-05-16 00:00:00-04:00,2475.0,2475.0,2100.0,2250.0,46,0.0,0.0
2002-05-17 00:00:00-04:00,2175.0,2400.0,2175.0,2250.0,13,0.0,0.0
2002-05-20 00:00:00-04:00,2325.0,2700.0,2025.0,2400.0,89,0.0,0.0
2002-05-21 00:00:00-04:00,2550.0,2625.0,2400.0,2550.0,59,0.0,0.0
2002-05-22 00:00:00-04:00,2550.0,2625.0,2325.0,2325.0,42,0.0,0.0
2002-05-23 00:00:00-04:00,2550.0,2625.0,2400.0,2475.0,25,0.0,0.0
2002-05-24 00:00:00-04:00,2625.0,2700.0,2475.0,2475.0,29,0.0,0.0
2002-05-28 00:00:00-04:00,2700.0,2700.0,2475.0,2475.0,21,0.0,0.0
2002-05-29 00:00:00-04:00,2550.0,2700.0,2250.0,2250.0,36,0.0,0.0
2002-05-30 00:00:00-04:00,2325.0,2550.0,2250.0,2325.0,31,0.0,0.0
2002-05-31 00:00:00-04:00,2475.0,2475.0,2250.0,2250.0,40,0.0,0.0
2002-06-03 00:00:00-04:00,2400.0,2400.0,2175.0,2250.0,20,0.0,0.0
2002-06-04 00:00:00-04:00,2250.0,2325.0,2175.0,2250.0,16,0.0,0.0
2002-06-05 00:00:00-04:00,2250.0,2250.0,2025.0,2250.0,16,0.0,0.0
2002-06-06 00:00:00-04:00,2325.0,2325.0,2100.0,2175.0,15,0.0,0.0
2002-06-07 00:00:00-04:00,2250.0,2250.0,2025.0,2175.0,13,0.0,0.0
2002-06-10 00:00:00-04:00,2325.0,2775.0,2175.0,2325.0,171,0.0,0.0
2002-06-11 00:00:00-04:00,2250.0,2325.0,2175.0,2325.0,34,0.0,0.0
2002-06-12 00:00:00-04:00,2325.0,2325.0,2175.0,2250.0,25,0.0,0.0
2002-06-13 00:00:00-04:00,2325.0,2325.0,2175.0,2250.0,15,0.0,0.0
2002-06-14 00:00:00-04:00,2175.0,2250.0,2025.0,2175.0,29,0.0,0.0
2002-06-17 00:00:00-04:00,2175.0,2250.0,2100.0,2175.0,20,0.0,0.0
2002-06-18 00:00:00-04:00,2175.0,2175.0,2100.0,2100.0,13,0.0,0.0
2002-06-19 00:00:00-04:00,2175.0,2175.0,2100.0,2100.0,10,0.0,0.0
2002-06-20 00:00:00-04:00,2175.0,2250.0,2025.0,2100.0,7,0.0,0.0
2002-06-21 00:00:00-04:00,2175.0,2175.0,2100.0,2175.0,8,0.0,0.0
2002-06-24 00:00:00-04:00,2175.0,2175.0,2025.0,2100.0,13,0.0,0.0
2002-06-25 00:00:00-04:00,2025.0,2100.0,2025.0,2100.0,18,0.0,0.0
2002-06-26 00:00:00-04:00,2100.0,2175.0,2025.0,2175.0,15,0.0,0.0
2002-06-27 00:00:00-04:00,2175.0,2175.0,2025.0,2025.0,5,0.0,0.0
2002-06-28 00:00:00-04:00,2025.0,2175.0,2025.0,2175.0,25,0.0,0.0
2002-07-01 00:00:00-04:00,2100.0,2100.0,2100.0,2100.0,4,0.0,0.0
2002-07-02 00:00:00-04:00,2250.0,2250.0,2025.0,2100.0,21,0.0,0.0
2002-07-03 00:00:00-04:00,2100.0,2175.0,2025.0,2025.0,10,0.0,0.0
2002-07-05 00:00:00-04:00,2025.0,2100.0,1875.0,1950.0,20,0.0,0.0
2002-07-08 00:00:00-04:00,2175.0,2175.0,1800.0,2100.0,14,0.0,0.0
2002-07-09 00:00:00-04:00,2100.0,2100.0,1800.0,1950.0,16,0.0,0.0
2002-07-10 00:00:00-04:00,2025.0,2025.0,1875.0,1875.0,6,0.0,0.0
2002-07-11 00:00:00-04:00,2025.0,2025.0,1800.0,1800.0,7,0.0,0.0
2002-07-12 00:00:00-04:00,1875.0,1950.0,1800.0,1800.0,8,0.0,0.0
2002-07-15 00:00:00-04:00,1800.0,1950.0,1800.0,1950.0,10,0.0,0.0
2002-07-16 00:00:00-04:00,1875.0,2025.0,1875.0,1950.0,6,0.0,0.0
2002-07-17 00:00:00-04:00,1950.0,2025.0,1800.0,1950.0,12,0.0,0.0
2002-07-18 00:00:00-04:00,1950.0,2175.0,1950.0,1950.0,12,0.0,0.0
2002-07-19 00:00:00-04:00,2025.0,2100.0,1875.0,2025.0,9,0.0,0.0
2002-07-22 00:00:00-04:00,1875.0,2100.0,1875.0,1875.0,15,0.0,0.0
2002-07-23 00:00:00-04:00,1875.0,1875.0,1725.0,1800.0,9,0.0,0.0
2002-07-24 00:00:00-04:00,1800.0,1950.0,1725.0,1800.0,11,0.0,0.0
2002-07-25 00:00:00-04:00,1950.0,2025.0,1875.0,1950.0,4,0.0,0.0
2002-07-26 00:00:00-04:00,1950.0,1950.0,1800.0,1800.0,4,0.0,0.0
2002-07-29 00:00:00-04:00,1875.0,1875.0,1725.0,1725.0,11,0.0,0.0
2002-07-30 00:00:00-04:00,1800.0,1800.0,1650.0,1725.0,10,0.0,0.0
2002-07-31 00:00:00-04:00,1800.0,1800.0,1650.0,1800.0,5,0.0,0.0
2002-08-01 00:00:00-04:00,1800.0,1800.0,1500.0,1800.0,5,0.0,0.0
2002-08-02 00:00:00-04:00,1800.0,1800.0,1650.0,1800.0,7,0.0,0.0
2002-08-05 00:00:00-04:00,1650.0,1725.0,1575.0,1650.0,15,0.0,0.0
2002-08-06 00:00:00-04:00,1575.0,1650.0,1500.0,1650.0,10,0.0,0.0
2002-08-07 00:00:00-04:00,1575.0,1650.0,1500.0,1500.0,23,0.0,0.0
2002-08-08 00:00:00-04:00,1575.0,1575.0,1500.0,1500.0,12,0.0,0.0
2002-08-09 00:00:00-04:00,1500.0,1575.0,1425.0,1500.0,20,0.0,0.0
2002-08-12 00:00:00-04:00,1500.0,1500.0,1425.0,1425.0,13,0.0,0.0
2002-08-13 00:00:00-04:00,1500.0,1500.0,1425.0,1500.0,15,0.0,0.0
2002-08-14 00:00:00-04:00,1500.0,1575.0,1200.0,1350.0,17,0.0,0.0
2002-08-15 00:00:00-04:00,1350.0,1500.0,1200.0,1500.0,17,0.0,0.0
2002-08-16 00:00:00-04:00,1425.0,1500.0,1350.0,1500.0,9,0.0,0.0
2002-08-19 00:00:00-04:00,1500.0,1500.0,1350.0,1500.0,5,0.0,0.0
2002-08-20 00:00:00-04:00,1500.0,1500.0,1350.0,1425.0,10,0.0,0.0
2002-08-21 00:00:00-04:00,1500.0,1650.0,1350.0,1650.0,16,0.0,0.0
2002-08-22 00:00:00-04:00,1725.0,2625.0,1650.0,2175.0,33,0.0,0.0
2002-08-23 00:00:00-04:00,2550.0,2625.0,2175.0,2475.0,35,0.0,0.0
2002-08-26 00:00:00-04:00,2625.0,3750.0,2475.0,3150.0,60,0.0,0.0
2002-08-27 00:00:00-04:00,3450.0,3900.0,3150.0,3225.0,39,0.0,0.0
2002-08-28 00:00:00-04:00,2925.0,2925.0,2475.0,2775.0,14,0.0,0.0
2002-08-29 00:00:00-04:00,2550.0,3000.0,2250.0,2700.0,7,0.0,0.0
2002-08-30 00:00:00-04:00,2625.0,2625.0,2475.0,2475.0,11,0.0,0.0
2002-09-03 00:00:00-04:00,2325.0,2475.0,2100.0,2250.0,15,0.0,0.0
2002-09-04 00:00:00-04:00,2400.0,2475.0,2100.0,2250.0,18,0.0,0.0
2002-09-05 00:00:00-04:00,2100.0,2175.0,1800.0,1875.0,24,0.0,0.0
2002-09-06 00:00:00-04:00,1800.0,2400.0,1800.0,1875.0,67,0.0,0.0
2002-09-09 00:00:00-04:00,2100.0,2175.0,1725.0,1950.0,28,0.0,0.0
2002-09-10 00:00:00-04:00,1875.0,2100.0,1800.0,2100.0,16,0.0,0.0
2002-09-11 00:00:00-04:00,2100.0,2100.0,1875.0,1875.0,9,0.0,0.0
2002-09-12 00:00:00-04:00,2025.0,2100.0,1875.0,2025.0,11,0.0,0.0
2002-09-13 00:00:00-04:00,2025.0,2025.0,1875.0,1875.0,11,0.0,0.0
2002-09-16 00:00:00-04:00,1875.0,1950.0,1875.0,1875.0,9,0.0,0.0
2002-09-17 00:00:00-04:00,1950.0,2025.0,1875.0,1875.0,5,0.0,0.0
2002-09-18 00:00:00-04:00,1875.0,2400.0,1800.0,1950.0,55,0.0,0.0
2002-09-19 00:00:00-04:00,1950.0,2025.0,1650.0,1650.0,45,0.0,0.0
2002-09-20 00:00:00-04:00,1725.0,1800.0,1575.0,1800.0,28,0.0,0.0
2002-09-23 00:00:00-04:00,1800.0,1800.0,1650.0,1800.0,5,0.0,0.0
2002-09-24 00:00:00-04:00,1725.0,1725.0,1500.0,1650.0,13,0.0,0.0
2002-09-25 00:00:00-04:00,1650.0,1725.0,1500.0,1575.0,13,0.0,0.0
2002-09-26 00:00:00-04:00,1575.0,1800.0,1575.0,1650.0,19,0.0,0.0
2002-09-27 00:00:00-04:00,1650.0,1650.0,1500.0,1500.0,44,0.0,0.0
2002-09-30 00:00:00-04:00,1575.0,1575.0,1350.0,1350.0,25,0.0,0.0
2002-10-01 00:00:00-04:00,1500.0,1500.0,1350.0,1350.0,29,0.0,0.0
2002-10-02 00:00:00-04:00,1500.0,1725.0,1500.0,1725.0,49,0.0,0.0
2002-10-03 00:00:00-04:00,2400.0,2400.0,1800.0,1800.0,53,0.0,0.0
2002-10-04 00:00:00-04:00,1725.0,1800.0,1650.0,1725.0,60,0.0,0.0
2002-10-07 00:00:00-04:00,1650.0,1800.0,1575.0,1575.0,6,0.0,0.0
2002-10-08 00:00:00-04:00,1575.0,1725.0,1575.0,1650.0,10,0.0,0.0
2002-10-09 00:00:00-04:00,1650.0,1650.0,1500.0,1650.0,26,0.0,0.0
2002-10-10 00:00:00-04:00,1725.0,1800.0,1500.0,1500.0,33,0.0,0.0
2002-10-11 00:00:00-04:00,1650.0,1650.0,1425.0,1575.0,45,0.0,0.0
2002-10-14 00:00:00-04:00,1575.0,1725.0,1500.0,1575.0,13,0.0,0.0
2002-10-15 00:00:00-04:00,1575.0,2175.0,1500.0,1725.0,71,0.0,0.0
2002-10-16 00:00:00-04:00,1800.0,1800.0,1650.0,1650.0,16,0.0,0.0
2002-10-17 00:00:00-04:00,1725.0,1725.0,1575.0,1650.0,31,0.0,0.0
2002-10-18 00:00:00-04:00,1650.0,1800.0,1500.0,1650.0,24,0.0,0.0
2002-10-21 00:00:00-04:00,1725.0,1725.0,1500.0,1575.0,27,0.0,0.0
2002-10-22 00:00:00-04:00,1575.0,1650.0,1500.0,1575.0,32,0.0,0.0
2002-10-23 00:00:00-04:00,1575.0,1575.0,1425.0,1500.0,29,0.0,0.0
2002-10-24 00:00:00-04:00,1575.0,1575.0,1425.0,1500.0,16,0.0,0.0
2002-10-25 00:00:00-04:00,1425.0,1575.0,1425.0,1500.0,22,0.0,0.0
2002-10-28 00:00:00-05:00,1500.0,1725.0,1425.0,1575.0,83,0.0,0.0
2002-10-29 00:00:00-05:00,1650.0,1650.0,1500.0,1500.0,31,0.0,0.0
2002-10-30 00:00:00-05:00,1575.0,1650.0,1425.0,1575.0,103,0.0,0.0
2002-10-31 00:00:00-05:00,1575.0,1650.0,1425.0,1425.0,51,0.0,0.0
2002-11-01 00:00:00-05:00,1575.0,1650.0,1425.0,1425.0,26,0.0,0.0
2002-11-04 00:00:00-05:00,1575.0,1725.0,1500.0,1500.0,116,0.0,0.0
2002-11-05 00:00:00-05:00,1575.0,1575.0,1500.0,1500.0,36,0.0,0.0
2002-11-06 00:00:00-05:00,1575.0,1575.0,1425.0,1500.0,46,0.0,0.0
2002-11-07 00:00:00-05:00,1500.0,1575.0,1500.0,1500.0,28,0.0,0.0
2002-11-08 00:00:00-05:00,1500.0,1575.0,1500.0,1575.0,47,0.0,0.0
2002-11-11 00:00:00-05:00,1650.0,2175.0,1575.0,2025.0,515,0.0,0.0
2002-11-12 00:00:00-05:00,2100.0,2100.0,1725.0,1725.0,121,0.0,0.0
2002-11-13 00:00:00-05:00,1800.0,2025.0,1575.0,1650.0,77,0.0,0.0
2002-11-14 00:00:00-05:00,1650.0,1800.0,1575.0,1725.0,43,0.0,0.0
2002-11-15 00:00:00-05:00,1800.0,1800.0,1575.0,1650.0,30,0.0,0.0
2002-11-18 00:00:00-05:00,1725.0,1725.0,1650.0,1650.0,22,0.0,0.0
2002-11-19 00:00:00-05:00,1875.0,2175.0,1800.0,1800.0,295,0.0,0.0
2002-11-20 00:00:00-05:00,1875.0,1875.0,1650.0,1725.0,114,0.0,0.0
2002-11-21 00:00:00-05:00,1800.0,1800.0,1650.0,1725.0,42,0.0,0.0
2002-11-22 00:00:00-05:00,1800.0,1800.0,1650.0,1725.0,48,0.0,0.0
2002-11-25 00:00:00-05:00,1725.0,1725.0,1650.0,1725.0,43,0.0,0.0
2002-11-26 00:00:00-05:00,1725.0,1800.0,1650.0,1725.0,36,0.0,0.0
2002-11-27 00:00:00-05:00,1800.0,1800.0,1650.0,1650.0,38,0.0,0.0
2002-11-29 00:00:00-05:00,1650.0,1800.0,1650.0,1800.0,13,0.0,0.0
2002-12-02 00:00:00-05:00,1725.0,1800.0,1650.0,1650.0,37,0.0,0.0
2002-12-03 00:00:00-05:00,1650.0,1950.0,1650.0,1800.0,280,0.0,0.0
2002-12-04 00:00:00-05:00,1800.0,1875.0,1650.0,1800.0,108,0.0,0.0
2002-12-05 00:00:00-05:00,1875.0,2025.0,1800.0,1950.0,53,0.0,0.0
2002-12-06 00:00:00-05:00,2025.0,2175.0,1875.0,2025.0,99,0.0,0.0
2002-12-09 00:00:00-05:00,2100.0,2175.0,1875.0,2025.0,98,0.0,0.0
2002-12-10 00:00:00-05:00,1950.0,2100.0,1725.0,1875.0,102,0.0,0.0
2002-12-11 00:00:00-05:00,1800.0,1875.0,1725.0,1875.0,38,0.0,0.0
2002-12-12 00:00:00-05:00,1800.0,1875.0,1725.0,1800.0,36,0.0,0.0
2002-12-13 00:00:00-05:00,1800.0,1875.0,1725.0,1725.0,14,0.0,0.0
2002-12-16 00:00:00-05:00,1725.0,1800.0,1725.0,1725.0,18,0.0,0.0
2002-12-17 00:00:00-05:00,1725.0,1800.0,1650.0,1725.0,18,0.0,0.0
2002-12-18 00:00:00-05:00,1650.0,1725.0,1575.0,1725.0,38,0.0,0.0
2002-12-19 00:00:00-05:00,1650.0,1725.0,1575.0,1650.0,9,0.0,0.0
2002-12-20 00:00:00-05:00,1575.0,1650.0,1575.0,1575.0,9,0.0,0.0
2002-12-23 00:00:00-05:00,1650.0,1725.0,1575.0,1650.0,33,0.0,0.0
2002-12-24 00:00:00-05:00,1650.0,1725.0,1575.0,1575.0,9,0.0,0.0
2002-12-26 00:00:00-05:00,1575.0,1650.0,1575.0,1575.0,16,0.0,0.0
2002-12-27 00:00:00-05:00,1575.0,1650.0,1500.0,1575.0,20,0.0,0.0
2002-12-30 00:00:00-05:00,1575.0,1650.0,1500.0,1575.0,48,0.0,0.0
2002-12-31 00:00:00-05:00,1500.0,1650.0,1425.0,1575.0,40,0.0,0.0
2003-01-02 00:00:00-05:00,1575.0,1575.0,1425.0,1575.0,18,0.0,0.0
2003-01-03 00:00:00-05:00,1500.0,1650.0,1500.0,1575.0,23,0.0,0.0
2003-01-06 00:00:00-05:00,1575.0,1650.0,1500.0,1575.0,18,0.0,0.0
2003-01-07 00:00:00-05:00,1575.0,1575.0,1350.0,1425.0,32,0.0,0.0
2003-01-08 00:00:00-05:00,1500.0,1650.0,1500.0,1575.0,25,0.0,0.0
2003-01-09 00:00:00-05:00,1500.0,1575.0,1500.0,1575.0,17,0.0,0.0
2003-01-10 00:00:00-05:00,1500.0,1575.0,1500.0,1575.0,8,0.0,0.0
2003-01-13 00:00:00-05:00,1650.0,1800.0,1575.0,1725.0,69,0.0,0.0
2003-01-14 00:00:00-05:00,1650.0,1725.0,1575.0,1575.0,12,0.0,0.0
2003-01-15 00:00:00-05:00,1650.0,1650.0,1425.0,1500.0,36,0.0,0.0
2003-01-16 00:00:00-05:00,1500.0,1500.0,1350.0,1425.0,37,0.0,0.0
2003-01-17 00:00:00-05:00,1425.0,1425.0,1350.0,1350.0,11,0.0,0.0
2003-01-21 00:00:00-05:00,1425.0,1500.0,1350.0,1350.0,16,0.0,0.0
2003-01-22 00:00:00-05:00,1500.0,1575.0,1425.0,1500.0,54,0.0,0.0
2003-01-23 00:00:00-05:00,1575.0,1575.0,1425.0,1500.0,17,0.0,0.0
2003-01-24 00:00:00-05:00,1575.0,1575.0,1500.0,1500.0,23,0.0,0.0
2003-01-27 00:00:00-05:00,1500.0,1500.0,1425.0,1500.0,20,0.0,0.0
2003-01-28 00:00:00-05:00,1425.0,1575.0,1425.0,1500.0,10,0.0,0.0
2003-01-29 00:00:00-05:00,1425.0,2025.0,1425.0,1500.0,208,0.0,0.0
2003-01-30 00:00:00-05:00,1575.0,1725.0,1425.0,1500.0,80,0.0,0.0
2003-01-31 00:00:00-05:00,1500.0,1575.0,1425.0,1500.0,34,0.0,0.0
2003-02-03 00:00:00-05:00,1425.0,1500.0,1350.0,1425.0,25,0.0,0.0
2003-02-04 00:00:00-05:00,1425.0,1500.0,1350.0,1500.0,21,0.0,0.0
2003-02-05 00:00:00-05:00,1425.0,1425.0,1350.0,1425.0,16,0.0,0.0
2003-02-06 00:00:00-05:00,1350.0,1425.0,1350.0,1350.0,14,0.0,0.0
2003-02-07 00:00:00-05:00,1350.0,1425.0,1275.0,1350.0,16,0.0,0.0
2003-02-10 00:00:00-05:00,1350.0,1425.0,1350.0,1350.0,6,0.0,0.0
2003-02-11 00:00:00-05:00,1350.0,1425.0,1275.0,1350.0,12,0.0,0.0
2003-02-12 00:00:00-05:00,1350.0,1350.0,1275.0,1350.0,12,0.0,0.0
2003-02-13 00:00:00-05:00,1425.0,1425.0,1275.0,1350.0,13,0.0,0.0
2003-02-14 00:00:00-05:00,1350.0,1350.0,1200.0,1275.0,17,0.0,0.0
2003-02-18 00:00:00-05:00,1350.0,1425.0,1275.0,1425.0,14,0.0,0.0
2003-02-19 00:00:00-05:00,1350.0,1425.0,1350.0,1350.0,7,0.0,0.0
2003-02-20 00:00:00-05:00,1275.0,1350.0,1275.0,1350.0,8,0.0,0.0
2003-02-21 00:00:00-05:00,1350.0,1425.0,1275.0,1425.0,7,0.0,0.0
2003-02-24 00:00:00-05:00,1350.0,1425.0,1275.0,1425.0,5,0.0,0.0
2003-02-25 00:00:00-05:00,1425.0,1425.0,1275.0,1350.0,5,0.0,0.0
2003-02-26 00:00:00-05:00,1350.0,1425.0,1275.0,1275.0,5,0.0,0.0
2003-02-27 00:00:00-05:00,1275.0,1350.0,1275.0,1350.0,5,0.0,0.0
2003-02-28 00:00:00-05:00,1350.0,1425.0,1350.0,1350.0,8,0.0,0.0
2003-03-03 00:00:00-05:00,1275.0,1425.0,1275.0,1350.0,5,0.0,0.0
2003-03-04 00:00:00-05:00,1275.0,1425.0,1275.0,1350.0,13,0.0,0.0
2003-03-05 00:00:00-05:00,1275.0,1350.0,1275.0,1275.0,5,0.0,0.0
2003-03-06 00:00:00-05:00,1275.0,1350.0,1275.0,1350.0,11,0.0,0.0
2003-03-07 00:00:00-05:00,1350.0,1350.0,1275.0,1275.0,7,0.0,0.0
2003-03-10 00:00:00-05:00,1350.0,1350.0,1200.0,1275.0,16,0.0,0.0
2003-03-11 00:00:00-05:00,1275.0,1275.0,1200.0,1275.0,11,0.0,0.0
2003-03-12 00:00:00-05:00,1200.0,1575.0,1125.0,1275.0,109,0.0,0.0
2003-03-13 00:00:00-05:00,1350.0,1425.0,1275.0,1350.0,31,0.0,0.0
2003-03-14 00:00:00-05:00,1275.0,1425.0,1275.0,1425.0,9,0.0,0.0
2003-03-17 00:00:00-05:00,1425.0,1500.0,1350.0,1350.0,20,0.0,0.0
2003-03-18 00:00:00-05:00,1425.0,1725.0,1350.0,1500.0,130,0.0,0.0
2003-03-19 00:00:00-05:00,1575.0,1725.0,1500.0,1500.0,72,0.0,0.0
2003-03-20 00:00:00-05:00,1575.0,1575.0,1425.0,1500.0,17,0.0,0.0
2003-03-21 00:00:00-05:00,1575.0,1575.0,1425.0,1500.0,29,0.0,0.0
2003-03-24 00:00:00-05:00,1500.0,1575.0,1425.0,1500.0,17,0.0,0.0
2003-03-25 00:00:00-05:00,1575.0,1650.0,1500.0,1575.0,6,0.0,0.0
2003-03-26 00:00:00-05:00,1500.0,1650.0,1500.0,1575.0,8,0.0,0.0
2003-03-27 00:00:00-05:00,1575.0,1800.0,1575.0,1725.0,71,0.0,0.0
2003-03-28 00:00:00-05:00,1875.0,2100.0,1650.0,1800.0,79,0.0,0.0
2003-03-31 00:00:00-05:00,1875.0,1875.0,1650.0,1650.0,35,0.0,0.0
2003-04-01 00:00:00-05:00,1800.0,1800.0,1650.0,1650.0,15,0.0,0.0
2003-04-02 00:00:00-05:00,1725.0,1725.0,1650.0,1650.0,14,0.0,0.0
2003-04-03 00:00:00-05:00,1800.0,1800.0,1500.0,1500.0,21,0.0,0.0
2003-04-04 00:00:00-05:00,1500.0,1575.0,1500.0,1575.0,22,0.0,0.0
2003-04-07 00:00:00-04:00,1575.0,1800.0,1575.0,1575.0,74,0.0,0.0
2003-04-08 00:00:00-04:00,1650.0,1725.0,1575.0,1725.0,14,0.0,0.0
2003-04-09 00:00:00-04:00,1650.0,1725.0,1575.0,1650.0,24,0.0,0.0
2003-04-10 00:00:00-04:00,1650.0,1650.0,1500.0,1650.0,8,0.0,0.0
2003-04-11 00:00:00-04:00,1650.0,1650.0,1575.0,1650.0,12,0.0,0.0
2003-04-14 00:00:00-04:00,1650.0,1650.0,1500.0,1575.0,10,0.0,0.0
2003-04-15 00:00:00-04:00,1650.0,1650.0,1575.0,1650.0,23,0.0,0.0
2003-04-16 00:00:00-04:00,1650.0,1650.0,1575.0,1650.0,4,0.0,0.0
2003-04-17 00:00:00-04:00,1650.0,1800.0,1575.0,1650.0,9,0.0,0.0
2003-04-21 00:00:00-04:00,1650.0,1725.0,1575.0,1575.0,23,0.0,0.0
2003-04-22 00:00:00-04:00,1650.0,1650.0,1575.0,1650.0,8,0.0,0.0
2003-04-23 00:00:00-04:00,1650.0,1725.0,1575.0,1575.0,22,0.0,0.0
2003-04-24 00:00:00-04:00,1650.0,1950.0,1650.0,1725.0,209,0.0,0.0
2003-04-25 00:00:00-04:00,1725.0,1800.0,1575.0,1650.0,30,0.0,0.0
2003-04-28 00:00:00-04:00,1650.0,1725.0,1575.0,1725.0,25,0.0,0.0
2003-04-29 00:00:00-04:00,1725.0,1725.0,1650.0,1650.0,12,0.0,0.0
2003-04-30 00:00:00-04:00,1800.0,2400.0,1725.0,2250.0,593,0.0,0.0
2003-05-01 00:00:00-04:00,2175.0,2175.0,1800.0,1800.0,173,0.0,0.0
2003-05-02 00:00:00-04:00,1875.0,1950.0,1800.0,1875.0,49,0.0,0.0
2003-05-05 00:00:00-04:00,1950.0,2250.0,1875.0,2175.0,176,0.0,0.0
2003-05-06 00:00:00-04:00,2250.0,2250.0,1950.0,2100.0,102,0.0,0.0
2003-05-07 00:00:00-04:00,2250.0,2925.0,2100.0,2850.0,192,0.0,0.0
2003-05-08 00:00:00-04:00,2850.0,2850.0,2475.0,2550.0,122,0.0,0.0
2003-05-09 00:00:00-04:00,2625.0,3225.0,2550.0,3150.0,196,0.0,0.0
2003-05-12 00:00:00-04:00,3525.0,3675.0,3150.0,3525.0,236,0.0,0.0
2003-05-13 00:00:00-04:00,3450.0,3450.0,3000.0,3075.0,153,0.0,0.0
2003-05-14 00:00:00-04:00,3075.0,3150.0,2700.0,2850.0,104,0.0,0.0
2003-05-15 00:00:00-04:00,3075.0,3600.0,2700.0,3225.0,292,0.0,0.0
2003-05-16 00:00:00-04:00,3375.0,3450.0,3225.0,3225.0,121,0.0,0.0
2003-05-19 00:00:00-04:00,3300.0,3375.0,3075.0,3225.0,62,0.0,0.0
2003-05-20 00:00:00-04:00,3150.0,3300.0,3075.0,3150.0,35,0.0,0.0
2003-05-21 00:00:00-04:00,3225.0,3225.0,3075.0,3075.0,31,0.0,0.0
2003-05-22 00:00:00-04:00,3075.0,3225.0,2925.0,2925.0,62,0.0,0.0
2003-05-23 00:00:00-04:00,2925.0,3000.0,2775.0,2925.0,48,0.0,0.0
2003-05-27 00:00:00-04:00,2850.0,3300.0,2850.0,3075.0,110,0.0,0.0
2003-05-28 00:00:00-04:00,3150.0,3300.0,3000.0,3150.0,74,0.0,0.0
2003-05-29 00:00:00-04:00,3225.0,3450.0,3075.0,3375.0,91,0.0,0.0
2003-05-30 00:00:00-04:00,3450.0,4650.0,3450.0,4575.0,351,0.0,0.0
2003-06-02 00:00:00-04:00,5250.0,5700.0,4650.0,5100.0,380,0.0,0.0
2003-06-03 00:00:00-04:00,5925.0,7425.0,5475.0,7125.0,458,0.0,0.0
2003-06-04 00:00:00-04:00,7650.0,9750.0,7500.0,9525.0,500,0.0,0.0
2003-06-05 00:00:00-04:00,10125.0,10200.0,6900.0,8625.0,593,0.0,0.0
2003-06-06 00:00:00-04:00,8925.0,9225.0,7500.0,7875.0,304,0.0,0.0
2003-06-09 00:00:00-04:00,7200.0,8925.0,7200.0,8775.0,197,0.0,0.0
2003-06-10 00:00:00-04:00,9000.0,9150.0,8250.0,8475.0,130,0.0,0.0
2003-06-11 00:00:00-04:00,8325.0,8325.0,7800.0,8025.0,101,0.0,0.0
2003-06-12 00:00:00-04:00,7950.0,8175.0,7575.0,7875.0,85,0.0,0.0
2003-06-13 00:00:00-04:00,7950.0,7950.0,6300.0,7125.0,178,0.0,0.0
2003-06-16 00:00:00-04:00,7500.0,8100.0,7275.0,7725.0,117,0.0,0.0
2003-06-17 00:00:00-04:00,7875.0,7950.0,7200.0,7350.0,75,0.0,0.0
2003-06-18 00:00:00-04:00,7350.0,7650.0,6450.0,6525.0,225,0.0,0.0
2003-06-19 00:00:00-04:00,6525.0,6675.0,5625.0,5850.0,209,0.0,0.0
2003-06-20 00:00:00-04:00,5700.0,5850.0,4875.0,5025.0,162,0.0,0.0
2003-06-23 00:00:00-04:00,4875.0,7125.0,4050.0,6975.0,1252,0.0,0.0
2003-06-24 00:00:00-04:00,7050.0,7050.0,5625.0,6000.0,284,0.0,0.0
2003-06-25 00:00:00-04:00,6150.0,7425.0,6075.0,6225.0,569,0.0,0.0
2003-06-26 00:00:00-04:00,6525.0,6900.0,5700.0,6150.0,228,0.0,0.0
2003-06-27 00:00:00-04:00,6225.0,6750.0,6150.0,6225.0,75,0.0,0.0
2003-06-30 00:00:00-04:00,6450.0,6450.0,6150.0,6300.0,34,0.0,0.0
2003-07-01 00:00:00-04:00,6300.0,6300.0,5775.0,5850.0,67,0.0,0.0
2003-07-02 00:00:00-04:00,5850.0,6150.0,5775.0,5850.0,38,0.0,0.0
2003-07-03 00:00:00-04:00,5925.0,6150.0,5850.0,6075.0,15,0.0,0.0
2003-07-07 00:00:00-04:00,6150.0,6300.0,5925.0,6225.0,183,0.0,0.0
2003-07-08 00:00:00-04:00,6150.0,6225.0,5925.0,6225.0,46,0.0,0.0
2003-07-09 00:00:00-04:00,6225.0,6600.0,5700.0,6000.0,220,0.0,0.0
2003-07-10 00:00:00-04:00,6000.0,6000.0,5700.0,5775.0,51,0.0,0.0
2003-07-11 00:00:00-04:00,5775.0,5775.0,5325.0,5625.0,97,0.0,0.0
2003-07-14 00:00:00-04:00,5775.0,6225.0,5625.0,5850.0,121,0.0,0.0
2003-07-15 00:00:00-04:00,5925.0,6000.0,5550.0,5700.0,78,0.0,0.0
2003-07-16 00:00:00-04:00,5775.0,5850.0,5250.0,5325.0,77,0.0,0.0
2003-07-17 00:00:00-04:00,5475.0,5475.0,4875.0,5025.0,79,0.0,0.0
2003-07-18 00:00:00-04:00,4950.0,5025.0,4875.0,4875.0,34,0.0,0.0
2003-07-21 00:00:00-04:00,5025.0,5400.0,4875.0,5325.0,50,0.0,0.0
2003-07-22 00:00:00-04:00,5550.0,5850.0,5100.0,5175.0,89,0.0,0.0
2003-07-23 00:00:00-04:00,5475.0,5475.0,4950.0,5175.0,34,0.0,0.0
2003-07-24 00:00:00-04:00,5100.0,5100.0,4875.0,4875.0,50,0.0,0.0
2003-07-25 00:00:00-04:00,4950.0,4950.0,4575.0,4650.0,45,0.0,0.0
2003-07-28 00:00:00-04:00,5250.0,6000.0,5100.0,5325.0,188,0.0,0.0
2003-07-29 00:00:00-04:00,5550.0,5550.0,5175.0,5250.0,57,0.0,0.0
2003-07-30 00:00:00-04:00,5550.0,5550.0,4950.0,5100.0,57,0.0,0.0
2003-07-31 00:00:00-04:00,5100.0,5550.0,5025.0,5400.0,69,0.0,0.0
2003-08-01 00:00:00-04:00,5475.0,5925.0,5400.0,5850.0,139,0.0,0.0
2003-08-04 00:00:00-04:00,6000.0,6600.0,5925.0,6525.0,223,0.0,0.0
2003-08-05 00:00:00-04:00,6600.0,6675.0,6000.0,6075.0,80,0.0,0.0
2003-08-06 00:00:00-04:00,5925.0,6075.0,5550.0,5700.0,84,0.0,0.0
2003-08-07 00:00:00-04:00,5700.0,5850.0,5100.0,5250.0,51,0.0,0.0
2003-08-08 00:00:00-04:00,5175.0,5400.0,4950.0,5325.0,48,0.0,0.0
2003-08-11 00:00:00-04:00,5475.0,5475.0,5100.0,5250.0,32,0.0,0.0
2003-08-12 00:00:00-04:00,5325.0,5475.0,5175.0,5325.0,12,0.0,0.0
2003-08-13 00:00:00-04:00,5325.0,5400.0,5250.0,5250.0,10,0.0,0.0
2003-08-14 00:00:00-04:00,5250.0,5475.0,5250.0,5325.0,14,0.0,0.0
2003-08-15 00:00:00-04:00,5325.0,5775.0,5325.0,5775.0,20,0.0,0.0
2003-08-18 00:00:00-04:00,5700.0,5850.0,5475.0,5625.0,34,0.0,0.0
2003-08-19 00:00:00-04:00,5700.0,5925.0,5550.0,5700.0,49,0.0,0.0
2003-08-20 00:00:00-04:00,5850.0,5850.0,5475.0,5475.0,18,0.0,0.0
2003-08-21 00:00:00-04:00,5700.0,5775.0,5025.0,5250.0,160,0.0,0.0
2003-08-22 00:00:00-04:00,5250.0,5325.0,5100.0,5175.0,19,0.0,0.0
2003-08-25 00:00:00-04:00,5175.0,5325.0,5025.0,5100.0,29,0.0,0.0
2003-08-26 00:00:00-04:00,5025.0,5100.0,4875.0,5025.0,40,0.0,0.0
2003-08-27 00:00:00-04:00,4950.0,5100.0,4725.0,5100.0,41,0.0,0.0
2003-08-28 00:00:00-04:00,5100.0,5100.0,4875.0,4875.0,18,0.0,0.0
2003-08-29 00:00:00-04:00,4950.0,5100.0,4875.0,5025.0,23,0.0,0.0
2003-09-02 00:00:00-04:00,5025.0,5100.0,4950.0,5025.0,23,0.0,0.0
2003-09-03 00:00:00-04:00,5025.0,5550.0,5025.0,5400.0,78,0.0,0.0
2003-09-04 00:00:00-04:00,5475.0,5700.0,5475.0,5550.0,62,0.0,0.0
2003-09-05 00:00:00-04:00,5625.0,5625.0,5100.0,5400.0,36,0.0,0.0
2003-09-08 00:00:00-04:00,5550.0,6525.0,5550.0,6375.0,162,0.0,0.0
2003-09-09 00:00:00-04:00,6675.0,6975.0,5700.0,5925.0,138,0.0,0.0
2003-09-10 00:00:00-04:00,6225.0,6225.0,5625.0,5850.0,29,0.0,0.0
2003-09-11 00:00:00-04:00,5625.0,5775.0,5475.0,5625.0,42,0.0,0.0
2003-09-12 00:00:00-04:00,5625.0,5700.0,5475.0,5625.0,21,0.0,0.0
2003-09-15 00:00:00-04:00,5925.0,6000.0,5550.0,5700.0,47,0.0,0.0
2003-09-16 00:00:00-04:00,5700.0,5850.0,5550.0,5775.0,39,0.0,0.0
2003-09-17 00:00:00-04:00,5850.0,6300.0,5625.0,6225.0,116,0.0,0.0
2003-09-18 00:00:00-04:00,6375.0,6450.0,6075.0,6150.0,64,0.0,0.0
2003-09-19 00:00:00-04:00,6000.0,6300.0,5850.0,6300.0,51,0.0,0.0
2003-09-22 00:00:00-04:00,6300.0,6300.0,5925.0,6075.0,67,0.0,0.0
2003-09-23 00:00:00-04:00,6225.0,8100.0,6225.0,8100.0,379,0.0,0.0
2003-09-24 00:00:00-04:00,7875.0,7950.0,6525.0,6600.0,263,0.0,0.0
2003-09-25 00:00:00-04:00,7125.0,7950.0,6900.0,7275.0,275,0.0,0.0
2003-09-26 00:00:00-04:00,7050.0,7200.0,6675.0,6750.0,93,0.0,0.0
2003-09-29 00:00:00-04:00,7125.0,7650.0,6750.0,7200.0,107,0.0,0.0
2003-09-30 00:00:00-04:00,7200.0,7200.0,6825.0,6975.0,38,0.0,0.0
2003-10-01 00:00:00-04:00,7125.0,7200.0,6825.0,7200.0,59,0.0,0.0
2003-10-02 00:00:00-04:00,7350.0,8925.0,7350.0,8850.0,553,0.0,0.0
2003-10-03 00:00:00-04:00,9225.0,9375.0,8250.0,8325.0,263,0.0,0.0
2003-10-06 00:00:00-04:00,8400.0,8550.0,7125.0,7800.0,130,0.0,0.0
2003-10-07 00:00:00-04:00,7800.0,8475.0,7500.0,8250.0,92,0.0,0.0
2003-10-08 00:00:00-04:00,8325.0,8550.0,8025.0,8550.0,42,0.0,0.0
2003-10-09 00:00:00-04:00,8775.0,9300.0,8700.0,9300.0,189,0.0,0.0
2003-10-10 00:00:00-04:00,9300.0,9300.0,8925.0,9225.0,55,0.0,0.0
2003-10-13 00:00:00-04:00,9225.0,10275.0,9225.0,10200.0,264,0.0,0.0
2003-10-14 00:00:00-04:00,10275.0,11325.0,10125.0,10950.0,281,0.0,0.0
2003-10-15 00:00:00-04:00,11100.0,11250.0,9825.0,10650.0,220,0.0,0.0
2003-10-16 00:00:00-04:00,10425.0,10425.0,9750.0,9825.0,114,0.0,0.0
2003-10-17 00:00:00-04:00,9750.0,9750.0,9150.0,9600.0,113,0.0,0.0
2003-10-20 00:00:00-04:00,9600.0,10875.0,9450.0,10725.0,163,0.0,0.0
2003-10-21 00:00:00-04:00,10950.0,13125.0,10950.0,12600.0,463,0.0,0.0
2003-10-22 00:00:00-04:00,12525.0,12750.0,11625.0,12525.0,185,0.0,0.0
2003-10-23 00:00:00-04:00,11925.0,12300.0,11325.0,11850.0,123,0.0,0.0
2003-10-24 00:00:00-04:00,11625.0,11850.0,10950.0,11175.0,153,0.0,0.0
2003-10-27 00:00:00-05:00,11100.0,12225.0,10950.0,11925.0,90,0.0,0.0
2003-10-28 00:00:00-05:00,12150.0,12900.0,12000.0,12075.0,122,0.0,0.0
2003-10-29 00:00:00-05:00,12525.0,12525.0,11400.0,11400.0,114,0.0,0.0
2003-10-30 00:00:00-05:00,11325.0,11625.0,9375.0,10200.0,191,0.0,0.0
2003-10-31 00:00:00-05:00,9975.0,10125.0,9375.0,9675.0,154,0.0,0.0
2003-11-03 00:00:00-05:00,9675.0,10650.0,9675.0,10200.0,72,0.0,0.0
2003-11-04 00:00:00-05:00,10575.0,10575.0,9825.0,10125.0,49,0.0,0.0
2003-11-05 00:00:00-05:00,10125.0,10125.0,9600.0,9825.0,80,0.0,0.0
2003-11-06 00:00:00-05:00,9975.0,9975.0,9450.0,9675.0,51,0.0,0.0
2003-11-07 00:00:00-05:00,9825.0,10200.0,9525.0,10200.0,94,0.0,0.0
2003-11-10 00:00:00-05:00,10350.0,10725.0,9900.0,10050.0,63,0.0,0.0
2003-11-11 00:00:00-05:00,9900.0,10125.0,9600.0,9600.0,48,0.0,0.0
2003-11-12 00:00:00-05:00,9600.0,9900.0,7875.0,8400.0,259,0.0,0.0
2003-11-13 00:00:00-05:00,8175.0,8325.0,7350.0,8100.0,250,0.0,0.0
2003-11-14 00:00:00-05:00,7950.0,8400.0,7650.0,8250.0,81,0.0,0.0
2003-11-17 00:00:00-05:00,8250.0,9600.0,8250.0,9600.0,168,0.0,0.0
2003-11-18 00:00:00-05:00,9600.0,10200.0,9000.0,9075.0,126,0.0,0.0
2003-11-19 00:00:00-05:00,9075.0,9975.0,8250.0,9825.0,130,0.0,0.0
2003-11-20 00:00:00-05:00,9750.0,9750.0,9075.0,9225.0,55,0.0,0.0
2003-11-21 00:00:00-05:00,9225.0,9225.0,8400.0,8925.0,45,0.0,0.0
2003-11-24 00:00:00-05:00,8925.0,9225.0,8400.0,8625.0,42,0.0,0.0
2003-11-25 00:00:00-05:00,8475.0,9075.0,8250.0,9000.0,42,0.0,0.0
2003-11-26 00:00:00-05:00,9075.0,9150.0,8775.0,8925.0,10,0.0,0.0
2003-11-28 00:00:00-05:00,8775.0,9075.0,8700.0,9000.0,11,0.0,0.0
2003-12-01 00:00:00-05:00,9075.0,9150.0,8625.0,9000.0,25,0.0,0.0
2003-12-02 00:00:00-05:00,8850.0,9000.0,8175.0,8700.0,77,0.0,0.0
2003-12-03 00:00:00-05:00,8850.0,8850.0,8250.0,8325.0,49,0.0,0.0
2003-12-04 00:00:00-05:00,8325.0,8325.0,7800.0,7950.0,71,0.0,0.0
2003-12-05 00:00:00-05:00,7950.0,9375.0,7875.0,9375.0,96,0.0,0.0
2003-12-08 00:00:00-05:00,10275.0,11175.0,8925.0,9600.0,302,0.0,0.0
2003-12-09 00:00:00-05:00,10125.0,10200.0,9075.0,9150.0,91,0.0,0.0
2003-12-10 00:00:00-05:00,9300.0,9375.0,8175.0,8475.0,99,0.0,0.0
2003-12-11 00:00:00-05:00,8550.0,8550.0,7950.0,8325.0,79,0.0,0.0
2003-12-12 00:00:00-05:00,8250.0,8850.0,8250.0,8775.0,39,0.0,0.0
2003-12-15 00:00:00-05:00,8850.0,8925.0,8325.0,8625.0,49,0.0,0.0
2003-12-16 00:00:00-05:00,8625.0,8700.0,8250.0,8475.0,26,0.0,0.0
2003-12-17 00:00:00-05:00,8325.0,8475.0,8025.0,8025.0,52,0.0,0.0
2003-12-18 00:00:00-05:00,8100.0,8475.0,8100.0,8175.0,35,0.0,0.0
2003-12-19 00:00:00-05:00,8100.0,8400.0,7800.0,8175.0,110,0.0,0.0
2003-12-22 00:00:00-05:00,8250.0,8250.0,7875.0,8175.0,80,0.0,0.0
2003-12-23 00:00:00-05:00,8100.0,8250.0,7875.0,8025.0,17,0.0,0.0
2003-12-24 00:00:00-05:00,8025.0,8250.0,8025.0,8175.0,8,0.0,0.0
2003-12-26 00:00:00-05:00,8175.0,8250.0,7875.0,8100.0,23,0.0,0.0
2003-12-29 00:00:00-05:00,8025.0,8175.0,7800.0,8025.0,39,0.0,0.0
2003-12-30 00:00:00-05:00,7950.0,8250.0,7875.0,8025.0,27,0.0,0.0
2003-12-31 00:00:00-05:00,7950.0,8100.0,7875.0,7950.0,34,0.0,0.0
2004-01-02 00:00:00-05:00,7950.0,8625.0,7950.0,8625.0,59,0.0,0.0
2004-01-05 00:00:00-05:00,8625.0,9000.0,8550.0,8850.0,60,0.0,0.0
2004-01-06 00:00:00-05:00,8925.0,9375.0,8925.0,9300.0,90,0.0,0.0
2004-01-07 00:00:00-05:00,9375.0,9375.0,8625.0,9000.0,55,0.0,0.0
2004-01-08 00:00:00-05:00,9000.0,9375.0,8850.0,9150.0,95,0.0,0.0
2004-01-09 00:00:00-05:00,9300.0,9300.0,8850.0,9075.0,35,0.0,0.0
2004-01-12 00:00:00-05:00,9150.0,9150.0,8775.0,8925.0,38,0.0,0.0
2004-01-13 00:00:00-05:00,8850.0,8925.0,8550.0,8625.0,42,0.0,0.0
2004-01-14 00:00:00-05:00,8475.0,8550.0,8250.0,8550.0,53,0.0,0.0
2004-01-15 00:00:00-05:00,8550.0,8625.0,8325.0,8625.0,52,0.0,0.0
2004-01-16 00:00:00-05:00,8775.0,9000.0,8625.0,8700.0,46,0.0,0.0
2004-01-20 00:00:00-05:00,8700.0,9000.0,8625.0,9000.0,45,0.0,0.0
2004-01-21 00:00:00-05:00,9000.0,10050.0,9000.0,10050.0,212,0.0,0.0
2004-01-22 00:00:00-05:00,10275.0,10650.0,9750.0,9975.0,137,0.0,0.0
2004-01-23 00:00:00-05:00,9975.0,9975.0,9375.0,9675.0,57,0.0,0.0
2004-01-26 00:00:00-05:00,9525.0,9750.0,9450.0,9525.0,42,0.0,0.0
2004-01-27 00:00:00-05:00,9750.0,10050.0,9600.0,9975.0,70,0.0,0.0
2004-01-28 00:00:00-05:00,10050.0,10875.0,9825.0,10275.0,147,0.0,0.0
2004-01-29 00:00:00-05:00,10500.0,10500.0,9450.0,9900.0,83,0.0,0.0
2004-01-30 00:00:00-05:00,9900.0,10500.0,9900.0,10350.0,59,0.0,0.0
2004-02-02 00:00:00-05:00,10500.0,10875.0,10125.0,10200.0,78,0.0,0.0
2004-02-03 00:00:00-05:00,9975.0,10575.0,9975.0,10275.0,35,0.0,0.0
2004-02-04 00:00:00-05:00,10200.0,10275.0,9675.0,9825.0,36,0.0,0.0
2004-02-05 00:00:00-05:00,9750.0,10050.0,9675.0,9675.0,28,0.0,0.0
2004-02-06 00:00:00-05:00,9525.0,9825.0,9450.0,9525.0,23,0.0,0.0
2004-02-09 00:00:00-05:00,9600.0,9825.0,9450.0,9750.0,34,0.0,0.0
2004-02-10 00:00:00-05:00,9825.0,10275.0,9750.0,10200.0,41,0.0,0.0
2004-02-11 00:00:00-05:00,10200.0,10200.0,9375.0,9375.0,81,0.0,0.0
2004-02-12 00:00:00-05:00,9450.0,9450.0,8400.0,9300.0,198,0.0,0.0
2004-02-13 00:00:00-05:00,9375.0,9600.0,8700.0,8850.0,68,0.0,0.0
2004-02-17 00:00:00-05:00,8925.0,9300.0,8925.0,9225.0,30,0.0,0.0
2004-02-18 00:00:00-05:00,9225.0,9375.0,8700.0,8925.0,77,0.0,0.0
2004-02-19 00:00:00-05:00,9225.0,9225.0,8925.0,8925.0,36,0.0,0.0
2004-02-20 00:00:00-05:00,8925.0,8925.0,8475.0,8775.0,40,0.0,0.0
2004-02-23 00:00:00-05:00,8700.0,8925.0,8625.0,8775.0,29,0.0,0.0
2004-02-24 00:00:00-05:00,8775.0,8850.0,8400.0,8700.0,28,0.0,0.0
2004-02-25 00:00:00-05:00,8625.0,8625.0,8100.0,8475.0,54,0.0,0.0
2004-02-26 00:00:00-05:00,8325.0,8625.0,8175.0,8325.0,23,0.0,0.0
2004-02-27 00:00:00-05:00,8175.0,8625.0,8175.0,8625.0,16,0.0,0.0
2004-03-01 00:00:00-05:00,8625.0,8775.0,8325.0,8625.0,23,0.0,0.0
2004-03-02 00:00:00-05:00,8625.0,8775.0,8400.0,8625.0,13,0.0,0.0
2004-03-03 00:00:00-05:00,8625.0,8700.0,8475.0,8625.0,18,0.0,0.0
2004-03-04 00:00:00-05:00,8550.0,9225.0,8550.0,8925.0,33,0.0,0.0
2004-03-05 00:00:00-05:00,9000.0,9150.0,8775.0,9000.0,23,0.0,0.0
2004-03-08 00:00:00-05:00,9075.0,9075.0,8550.0,8700.0,17,0.0,0.0
2004-03-09 00:00:00-05:00,8775.0,8775.0,8475.0,8550.0,17,0.0,0.0
2004-03-10 00:00:00-05:00,8550.0,8625.0,8250.0,8475.0,31,0.0,0.0
2004-03-11 00:00:00-05:00,8475.0,8550.0,8025.0,8400.0,37,0.0,0.0
2004-03-12 00:00:00-05:00,8175.0,8400.0,8100.0,8400.0,17,0.0,0.0
2004-03-15 00:00:00-05:00,8175.0,8250.0,7875.0,8025.0,29,0.0,0.0
2004-03-16 00:00:00-05:00,8025.0,8250.0,7875.0,7875.0,35,0.0,0.0
2004-03-17 00:00:00-05:00,7800.0,8100.0,7800.0,7950.0,18,0.0,0.0
2004-03-18 00:00:00-05:00,7875.0,7950.0,7125.0,7650.0,76,0.0,0.0
2004-03-19 00:00:00-05:00,7575.0,8250.0,7500.0,7875.0,54,0.0,0.0
2004-03-22 00:00:00-05:00,7800.0,7950.0,7575.0,7800.0,26,0.0,0.0
2004-03-23 00:00:00-05:00,7725.0,7800.0,7350.0,7575.0,31,0.0,0.0
2004-03-24 00:00:00-05:00,7575.0,7650.0,7425.0,7500.0,13,0.0,0.0
2004-03-25 00:00:00-05:00,7500.0,7500.0,6600.0,7050.0,71,0.0,0.0
2004-03-26 00:00:00-05:00,6975.0,6975.0,6450.0,6675.0,108,0.0,0.0
2004-03-29 00:00:00-05:00,6825.0,9075.0,6825.0,8700.0,232,0.0,0.0
2004-03-30 00:00:00-05:00,9300.0,9375.0,8775.0,9000.0,125,0.0,0.0
2004-03-31 00:00:00-05:00,9225.0,9225.0,8325.0,8700.0,65,0.0,0.0
2004-04-01 00:00:00-05:00,8700.0,8850.0,8250.0,8400.0,33,0.0,0.0
2004-04-02 00:00:00-05:00,8475.0,8850.0,8475.0,8625.0,28,0.0,0.0
2004-04-05 00:00:00-04:00,8550.0,8625.0,8325.0,8475.0,28,0.0,0.0
2004-04-06 00:00:00-04:00,8625.0,9000.0,8475.0,8700.0,34,0.0,0.0
2004-04-07 00:00:00-04:00,8775.0,9000.0,8700.0,8700.0,19,0.0,0.0
2004-04-08 00:00:00-04:00,8925.0,9000.0,8700.0,8700.0,23,0.0,0.0
2004-04-12 00:00:00-04:00,8700.0,8850.0,8475.0,8550.0,30,0.0,0.0
2004-04-13 00:00:00-04:00,8700.0,8775.0,8250.0,8625.0,26,0.0,0.0
2004-04-14 00:00:00-04:00,8625.0,8625.0,8400.0,8625.0,22,0.0,0.0
2004-04-15 00:00:00-04:00,8625.0,8850.0,8325.0,8550.0,18,0.0,0.0
2004-04-16 00:00:00-04:00,8550.0,8550.0,8250.0,8475.0,17,0.0,0.0
2004-04-19 00:00:00-04:00,8325.0,8400.0,7650.0,7950.0,41,0.0,0.0
2004-04-20 00:00:00-04:00,7950.0,8400.0,7950.0,8025.0,34,0.0,0.0
2004-04-21 00:00:00-04:00,8025.0,8250.0,7950.0,8025.0,12,0.0,0.0
2004-04-22 00:00:00-04:00,8100.0,8175.0,7875.0,8175.0,19,0.0,0.0
2004-04-23 00:00:00-04:00,8025.0,8250.0,7875.0,8175.0,21,0.0,0.0
2004-04-26 00:00:00-04:00,8325.0,8325.0,8025.0,8250.0,24,0.0,0.0
2004-04-27 00:00:00-04:00,8100.0,8250.0,8025.0,8175.0,16,0.0,0.0
2004-04-28 00:00:00-04:00,9600.0,14100.0,8550.0,9000.0,294,0.0,0.0
2004-04-29 00:00:00-04:00,8700.0,8925.0,8475.0,8625.0,56,0.0,0.0
2004-04-30 00:00:00-04:00,8475.0,8625.0,7950.0,8025.0,24,0.0,0.0
2004-05-03 00:00:00-04:00,8025.0,8250.0,7875.0,8100.0,33,0.0,0.0
2004-05-04 00:00:00-04:00,7950.0,8100.0,7350.0,7575.0,68,0.0,0.0
2004-05-05 00:00:00-04:00,7650.0,7800.0,7425.0,7425.0,36,0.0,0.0
2004-05-06 00:00:00-04:00,7350.0,7500.0,7125.0,7425.0,37,0.0,0.0
2004-05-07 00:00:00-04:00,7875.0,7875.0,6750.0,7050.0,122,0.0,0.0
2004-05-10 00:00:00-04:00,6750.0,7275.0,6525.0,6825.0,262,0.0,0.0
2004-05-11 00:00:00-04:00,6975.0,7500.0,6975.0,7200.0,19,0.0,0.0
2004-05-12 00:00:00-04:00,7500.0,7500.0,7200.0,7350.0,17,0.0,0.0
2004-05-13 00:00:00-04:00,7425.0,7500.0,7275.0,7425.0,12,0.0,0.0
2004-05-14 00:00:00-04:00,7350.0,7725.0,7125.0,7350.0,57,0.0,0.0
2004-05-17 00:00:00-04:00,7350.0,7350.0,6825.0,7050.0,22,0.0,0.0
2004-05-18 00:00:00-04:00,7050.0,7050.0,6750.0,6900.0,14,0.0,0.0
2004-05-19 00:00:00-04:00,7050.0,7050.0,6750.0,6900.0,18,0.0,0.0
2004-05-20 00:00:00-04:00,6825.0,6975.0,6750.0,6825.0,12,0.0,0.0
2004-05-21 00:00:00-04:00,6750.0,7125.0,6750.0,6825.0,12,0.0,0.0
2004-05-24 00:00:00-04:00,6900.0,7200.0,6750.0,6750.0,21,0.0,0.0
2004-05-25 00:00:00-04:00,6750.0,6975.0,6750.0,6975.0,14,0.0,0.0
2004-05-26 00:00:00-04:00,6900.0,7050.0,6825.0,6900.0,7,0.0,0.0
2004-05-27 00:00:00-04:00,6900.0,6975.0,6825.0,6825.0,9,0.0,0.0
2004-05-28 00:00:00-04:00,6825.0,6900.0,6750.0,6750.0,15,0.0,0.0
2004-06-01 00:00:00-04:00,6750.0,6975.0,6750.0,6975.0,11,0.0,0.0
2004-06-02 00:00:00-04:00,6975.0,7125.0,6750.0,6750.0,33,0.0,0.0
2004-06-03 00:00:00-04:00,6900.0,6975.0,6675.0,6750.0,29,0.0,0.0
2004-06-04 00:00:00-04:00,6900.0,7050.0,6825.0,6900.0,32,0.0,0.0
2004-06-07 00:00:00-04:00,7350.0,7800.0,6525.0,6525.0,128,0.0,0.0
2004-06-08 00:00:00-04:00,6675.0,7050.0,6450.0,6600.0,120,0.0,0.0
2004-06-09 00:00:00-04:00,6675.0,6750.0,6600.0,6600.0,30,0.0,0.0
2004-06-10 00:00:00-04:00,6675.0,6675.0,6375.0,6450.0,30,0.0,0.0
2004-06-14 00:00:00-04:00,6525.0,6600.0,6000.0,6075.0,42,0.0,0.0
2004-06-15 00:00:00-04:00,6300.0,6300.0,5625.0,5775.0,49,0.0,0.0
2004-06-16 00:00:00-04:00,5775.0,5925.0,5100.0,5400.0,42,0.0,0.0
2004-06-17 00:00:00-04:00,5025.0,5400.0,5025.0,5400.0,31,0.0,0.0
2004-06-18 00:00:00-04:00,5250.0,5475.0,5250.0,5400.0,12,0.0,0.0
2004-06-21 00:00:00-04:00,5625.0,5925.0,5400.0,5625.0,27,0.0,0.0
2004-06-22 00:00:00-04:00,5925.0,6300.0,5850.0,5925.0,35,0.0,0.0
2004-06-23 00:00:00-04:00,6075.0,6300.0,5925.0,6000.0,12,0.0,0.0
2004-06-24 00:00:00-04:00,6000.0,6150.0,5850.0,5850.0,16,0.0,0.0
2004-06-25 00:00:00-04:00,6000.0,6000.0,5700.0,6000.0,15,0.0,0.0
2004-06-28 00:00:00-04:00,6075.0,6150.0,5850.0,5850.0,11,0.0,0.0
2004-06-29 00:00:00-04:00,5925.0,6075.0,5850.0,5925.0,6,0.0,0.0
2004-06-30 00:00:00-04:00,5850.0,6000.0,5700.0,5700.0,13,0.0,0.0
2004-07-01 00:00:00-04:00,5775.0,5925.0,5700.0,5775.0,6,0.0,0.0
2004-07-02 00:00:00-04:00,5700.0,5850.0,5625.0,5775.0,15,0.0,0.0
2004-07-06 00:00:00-04:00,5775.0,5850.0,5250.0,5250.0,28,0.0,0.0
2004-07-07 00:00:00-04:00,5250.0,5475.0,5175.0,5400.0,19,0.0,0.0
2004-07-08 00:00:00-04:00,5250.0,5325.0,5175.0,5175.0,16,0.0,0.0
2004-07-09 00:00:00-04:00,5100.0,5250.0,4875.0,5025.0,15,0.0,0.0
2004-07-12 00:00:00-04:00,4875.0,4950.0,4500.0,4500.0,63,0.0,0.0
2004-07-13 00:00:00-04:00,4500.0,4650.0,3825.0,4125.0,43,0.0,0.0
2004-07-14 00:00:00-04:00,3975.0,4875.0,3975.0,4725.0,72,0.0,0.0
2004-07-15 00:00:00-04:00,4875.0,5325.0,4725.0,5175.0,91,0.0,0.0
2004-07-16 00:00:00-04:00,5175.0,5250.0,4950.0,5175.0,32,0.0,0.0
2004-07-19 00:00:00-04:00,5250.0,5400.0,4875.0,4875.0,51,0.0,0.0
2004-07-20 00:00:00-04:00,5175.0,5175.0,4800.0,4800.0,26,0.0,0.0
2004-07-21 00:00:00-04:00,4875.0,5325.0,4875.0,5025.0,22,0.0,0.0
2004-07-22 00:00:00-04:00,5175.0,5175.0,4875.0,4950.0,13,0.0,0.0
2004-07-23 00:00:00-04:00,4950.0,5250.0,4875.0,5025.0,11,0.0,0.0
2004-07-26 00:00:00-04:00,5250.0,5250.0,4875.0,5100.0,16,0.0,0.0
2004-07-27 00:00:00-04:00,5100.0,5100.0,4875.0,4875.0,14,0.0,0.0
2004-07-28 00:00:00-04:00,4950.0,5175.0,4800.0,5100.0,19,0.0,0.0
2004-07-29 00:00:00-04:00,5100.0,5250.0,4950.0,5175.0,6,0.0,0.0
2004-07-30 00:00:00-04:00,5175.0,5400.0,5025.0,5325.0,14,0.0,0.0
2004-08-02 00:00:00-04:00,5400.0,6000.0,5325.0,5775.0,25,0.0,0.0
2004-08-03 00:00:00-04:00,5625.0,6000.0,5475.0,5625.0,35,0.0,0.0
2004-08-04 00:00:00-04:00,5475.0,5475.0,5250.0,5325.0,15,0.0,0.0
2004-08-05 00:00:00-04:00,5325.0,5550.0,5250.0,5250.0,9,0.0,0.0
2004-08-06 00:00:00-04:00,5250.0,5400.0,5100.0,5175.0,11,0.0,0.0
2004-08-09 00:00:00-04:00,5175.0,5175.0,4950.0,4950.0,11,0.0,0.0
2004-08-10 00:00:00-04:00,4950.0,4950.0,4650.0,4800.0,13,0.0,0.0
2004-08-11 00:00:00-04:00,4950.0,5025.0,4725.0,4950.0,14,0.0,0.0
2004-08-12 00:00:00-04:00,5100.0,5100.0,4650.0,4725.0,25,0.0,0.0
2004-08-13 00:00:00-04:00,4800.0,4950.0,4500.0,4800.0,9,0.0,0.0
2004-08-16 00:00:00-04:00,4500.0,4875.0,4500.0,4725.0,16,0.0,0.0
2004-08-17 00:00:00-04:00,4725.0,5175.0,4725.0,5100.0,16,0.0,0.0
2004-08-18 00:00:00-04:00,5100.0,5100.0,4875.0,5100.0,3,0.0,0.0
2004-08-19 00:00:00-04:00,5100.0,5250.0,4950.0,4950.0,13,0.0,0.0
2004-08-20 00:00:00-04:00,4875.0,5175.0,4875.0,5100.0,3,0.0,0.0
2004-08-23 00:00:00-04:00,5100.0,5100.0,4875.0,4950.0,6,0.0,0.0
2004-08-24 00:00:00-04:00,4950.0,5175.0,4875.0,4875.0,4,0.0,0.0
2004-08-25 00:00:00-04:00,4875.0,5100.0,4575.0,4800.0,12,0.0,0.0
2004-08-26 00:00:00-04:00,4800.0,4875.0,4575.0,4725.0,12,0.0,0.0
2004-08-27 00:00:00-04:00,4725.0,4800.0,4575.0,4725.0,11,0.0,0.0
2004-08-30 00:00:00-04:00,4725.0,4875.0,4650.0,4650.0,9,0.0,0.0
2004-08-31 00:00:00-04:00,4725.0,4800.0,4650.0,4725.0,4,0.0,0.0
2004-09-01 00:00:00-04:00,4650.0,4875.0,4575.0,4650.0,14,0.0,0.0
2004-09-02 00:00:00-04:00,4725.0,4800.0,4650.0,4650.0,4,0.0,0.0
2004-09-03 00:00:00-04:00,4650.0,4725.0,4575.0,4650.0,6,0.0,0.0
2004-09-07 00:00:00-04:00,4650.0,4725.0,4575.0,4725.0,9,0.0,0.0
2004-09-08 00:00:00-04:00,4650.0,4800.0,4575.0,4725.0,18,0.0,0.0
2004-09-09 00:00:00-04:00,4800.0,6675.0,4650.0,5850.0,634,0.0,0.0
2004-09-10 00:00:00-04:00,5925.0,5925.0,4950.0,5025.0,206,0.0,0.0
2004-09-13 00:00:00-04:00,5100.0,5175.0,4800.0,4950.0,75,0.0,0.0
2004-09-14 00:00:00-04:00,5100.0,5100.0,4950.0,5025.0,32,0.0,0.0
2004-09-15 00:00:00-04:00,4950.0,5250.0,4950.0,5025.0,47,0.0,0.0
2004-09-16 00:00:00-04:00,5100.0,5100.0,4875.0,4875.0,11,0.0,0.0
2004-09-17 00:00:00-04:00,4875.0,4950.0,4575.0,4725.0,51,0.0,0.0
2004-09-20 00:00:00-04:00,4650.0,4725.0,4575.0,4650.0,28,0.0,0.0
2004-09-21 00:00:00-04:00,4650.0,4725.0,4500.0,4575.0,34,0.0,0.0
2004-09-22 00:00:00-04:00,4500.0,4650.0,4425.0,4575.0,23,0.0,0.0
2004-09-23 00:00:00-04:00,4575.0,4650.0,4350.0,4425.0,23,0.0,0.0
2004-09-24 00:00:00-04:00,4425.0,4500.0,4125.0,4275.0,34,0.0,0.0
2004-09-27 00:00:00-04:00,4200.0,4275.0,4125.0,4200.0,16,0.0,0.0
2004-09-28 00:00:00-04:00,4200.0,4350.0,3975.0,4050.0,47,0.0,0.0
2004-09-29 00:00:00-04:00,4050.0,4125.0,3900.0,4050.0,34,0.0,0.0
2004-09-30 00:00:00-04:00,4125.0,4350.0,3900.0,4275.0,39,0.0,0.0
2004-10-01 00:00:00-04:00,4350.0,4425.0,4125.0,4350.0,22,0.0,0.0
2004-10-04 00:00:00-04:00,4275.0,4350.0,4200.0,4350.0,10,0.0,0.0
2004-10-05 00:00:00-04:00,4350.0,4425.0,4200.0,4275.0,19,0.0,0.0
2004-10-06 00:00:00-04:00,4200.0,4425.0,4200.0,4425.0,10,0.0,0.0
2004-10-07 00:00:00-04:00,4350.0,4350.0,4125.0,4200.0,69,0.0,0.0
2004-10-08 00:00:00-04:00,4200.0,4275.0,3975.0,4050.0,25,0.0,0.0
2004-10-11 00:00:00-04:00,4050.0,4125.0,3900.0,4125.0,16,0.0,0.0
2004-10-12 00:00:00-04:00,4125.0,4275.0,3975.0,4125.0,27,0.0,0.0
2004-10-13 00:00:00-04:00,4050.0,4275.0,3975.0,3975.0,22,0.0,0.0
2004-10-14 00:00:00-04:00,4050.0,4050.0,3900.0,3900.0,13,0.0,0.0
2004-10-15 00:00:00-04:00,3900.0,4125.0,3900.0,4050.0,19,0.0,0.0
2004-10-18 00:00:00-04:00,3975.0,4050.0,3900.0,4050.0,9,0.0,0.0
2004-10-19 00:00:00-04:00,3975.0,4125.0,3900.0,3975.0,17,0.0,0.0
2004-10-20 00:00:00-04:00,3900.0,3975.0,3525.0,3675.0,68,0.0,0.0
2004-10-21 00:00:00-04:00,3750.0,3750.0,3525.0,3525.0,40,0.0,0.0
2004-10-22 00:00:00-04:00,3450.0,3750.0,3450.0,3675.0,40,0.0,0.0
2004-10-25 00:00:00-04:00,3600.0,3750.0,3525.0,3675.0,18,0.0,0.0
2004-10-26 00:00:00-04:00,3675.0,3750.0,3450.0,3600.0,21,0.0,0.0
2004-10-27 00:00:00-04:00,3600.0,3675.0,3450.0,3600.0,31,0.0,0.0
2004-10-28 00:00:00-04:00,3525.0,3675.0,3450.0,3600.0,19,0.0,0.0
2004-10-29 00:00:00-04:00,3450.0,3675.0,3450.0,3675.0,16,0.0,0.0
2004-11-01 00:00:00-05:00,3525.0,3675.0,3525.0,3675.0,19,0.0,0.0
2004-11-02 00:00:00-05:00,3750.0,3750.0,3600.0,3600.0,8,0.0,0.0
2004-11-03 00:00:00-05:00,3600.0,3975.0,3600.0,3900.0,32,0.0,0.0
2004-11-04 00:00:00-05:00,3975.0,4125.0,3900.0,3975.0,23,0.0,0.0
2004-11-05 00:00:00-05:00,4050.0,4125.0,3900.0,3975.0,10,0.0,0.0
2004-11-08 00:00:00-05:00,3975.0,4500.0,3975.0,4425.0,46,0.0,0.0
2004-11-09 00:00:00-05:00,4650.0,4875.0,4425.0,4800.0,54,0.0,0.0
2004-11-10 00:00:00-05:00,4875.0,5100.0,4500.0,4500.0,39,0.0,0.0
2004-11-11 00:00:00-05:00,4575.0,4575.0,4125.0,4425.0,32,0.0,0.0
2004-11-12 00:00:00-05:00,4350.0,4425.0,4200.0,4350.0,16,0.0,0.0
2004-11-15 00:00:00-05:00,4350.0,4350.0,3975.0,4050.0,49,0.0,0.0
2004-11-16 00:00:00-05:00,4125.0,4125.0,3975.0,4050.0,24,0.0,0.0
2004-11-17 00:00:00-05:00,4050.0,4200.0,3975.0,4200.0,23,0.0,0.0
2004-11-18 00:00:00-05:00,4275.0,4350.0,4200.0,4275.0,17,0.0,0.0
2004-11-19 00:00:00-05:00,4200.0,4350.0,4200.0,4350.0,8,0.0,0.0
2004-11-22 00:00:00-05:00,4275.0,4350.0,4125.0,4200.0,13,0.0,0.0
2004-11-23 00:00:00-05:00,4200.0,4275.0,4125.0,4200.0,15,0.0,0.0
2004-11-24 00:00:00-05:00,4125.0,4200.0,3975.0,4050.0,22,0.0,0.0
2004-11-26 00:00:00-05:00,4125.0,4125.0,4050.0,4050.0,6,0.0,0.0
2004-11-29 00:00:00-05:00,4125.0,4125.0,3900.0,4050.0,28,0.0,0.0
2004-11-30 00:00:00-05:00,3975.0,3975.0,3825.0,3900.0,29,0.0,0.0
2004-12-01 00:00:00-05:00,3900.0,3975.0,3825.0,3900.0,23,0.0,0.0
2004-12-02 00:00:00-05:00,3900.0,3975.0,3825.0,3825.0,17,0.0,0.0
2004-12-03 00:00:00-05:00,3825.0,4350.0,3825.0,4125.0,52,0.0,0.0
2004-12-06 00:00:00-05:00,4125.0,4800.0,4125.0,4650.0,77,0.0,0.0
2004-12-07 00:00:00-05:00,4650.0,4875.0,4425.0,4575.0,40,0.0,0.0
2004-12-08 00:00:00-05:00,4500.0,4650.0,4275.0,4350.0,17,0.0,0.0
2004-12-09 00:00:00-05:00,4275.0,4350.0,4050.0,4275.0,33,0.0,0.0
2004-12-10 00:00:00-05:00,4350.0,4425.0,4200.0,4350.0,13,0.0,0.0
2004-12-13 00:00:00-05:00,4350.0,4425.0,4200.0,4275.0,16,0.0,0.0
2004-12-14 00:00:00-05:00,4275.0,4350.0,4200.0,4350.0,19,0.0,0.0
2004-12-15 00:00:00-05:00,4275.0,4425.0,4125.0,4350.0,25,0.0,0.0
2004-12-16 00:00:00-05:00,4425.0,4425.0,4200.0,4275.0,12,0.0,0.0
2004-12-17 00:00:00-05:00,4350.0,4350.0,4050.0,4125.0,28,0.0,0.0
2004-12-20 00:00:00-05:00,4200.0,4500.0,4125.0,4275.0,54,0.0,0.0
2004-12-21 00:00:00-05:00,4275.0,4650.0,4275.0,4575.0,98,0.0,0.0
2004-12-22 00:00:00-05:00,4650.0,4725.0,4500.0,4650.0,54,0.0,0.0
2004-12-23 00:00:00-05:00,4575.0,4650.0,4425.0,4500.0,28,0.0,0.0
2004-12-27 00:00:00-05:00,4500.0,4575.0,4275.0,4275.0,29,0.0,0.0
2004-12-28 00:00:00-05:00,4275.0,4575.0,4275.0,4425.0,51,0.0,0.0
2004-12-29 00:00:00-05:00,4425.0,4725.0,4350.0,4725.0,46,0.0,0.0
2004-12-30 00:00:00-05:00,4725.0,4800.0,4500.0,4725.0,34,0.0,0.0
2004-12-31 00:00:00-05:00,4650.0,4725.0,4500.0,4500.0,23,0.0,0.0
2005-01-03 00:00:00-05:00,4650.0,4725.0,4500.0,4725.0,31,0.0,0.0
2005-01-04 00:00:00-05:00,5100.0,5625.0,5025.0,5175.0,220,0.0,0.0
2005-01-05 00:00:00-05:00,5175.0,5250.0,4650.0,4725.0,53,0.0,0.0
2005-01-06 00:00:00-05:00,4725.0,5025.0,4650.0,5025.0,34,0.0,0.0
2005-01-07 00:00:00-05:00,4950.0,5100.0,4875.0,5025.0,25,0.0,0.0
2005-01-10 00:00:00-05:00,5025.0,5625.0,4950.0,5475.0,168,0.0,0.0
2005-01-11 00:00:00-05:00,5475.0,5925.0,5325.0,5925.0,120,0.0,0.0
2005-01-12 00:00:00-05:00,5925.0,7425.0,5850.0,7200.0,299,0.0,0.0
2005-01-13 00:00:00-05:00,7200.0,8100.0,6000.0,6225.0,368,0.0,0.0
2005-01-14 00:00:00-05:00,6375.0,6600.0,6300.0,6450.0,59,0.0,0.0
2005-01-18 00:00:00-05:00,6600.0,6600.0,5475.0,5550.0,145,0.0,0.0
2005-01-19 00:00:00-05:00,5925.0,5925.0,5100.0,5475.0,90,0.0,0.0
2005-01-20 00:00:00-05:00,5475.0,5625.0,5175.0,5475.0,28,0.0,0.0
2005-01-21 00:00:00-05:00,5475.0,5475.0,5175.0,5400.0,30,0.0,0.0
2005-01-24 00:00:00-05:00,5400.0,5400.0,5100.0,5175.0,21,0.0,0.0
2005-01-25 00:00:00-05:00,5100.0,5325.0,5100.0,5175.0,9,0.0,0.0
2005-01-26 00:00:00-05:00,5250.0,5550.0,5175.0,5550.0,20,0.0,0.0
2005-01-27 00:00:00-05:00,5400.0,6225.0,5400.0,6150.0,74,0.0,0.0
2005-01-28 00:00:00-05:00,6300.0,6300.0,5775.0,5925.0,31,0.0,0.0
2005-01-31 00:00:00-05:00,5850.0,6225.0,5850.0,6225.0,43,0.0,0.0
2005-02-01 00:00:00-05:00,6375.0,6525.0,6225.0,6525.0,50,0.0,0.0
2005-02-02 00:00:00-05:00,6600.0,6600.0,6225.0,6300.0,29,0.0,0.0
2005-02-03 00:00:00-05:00,5700.0,6225.0,5700.0,6150.0,23,0.0,0.0
2005-02-04 00:00:00-05:00,6075.0,6225.0,5925.0,5925.0,19,0.0,0.0
2005-02-07 00:00:00-05:00,6000.0,6150.0,5850.0,6000.0,14,0.0,0.0
2005-02-08 00:00:00-05:00,5850.0,6000.0,5625.0,5700.0,18,0.0,0.0
2005-02-09 00:00:00-05:00,5850.0,6000.0,5775.0,5775.0,12,0.0,0.0
2005-02-10 00:00:00-05:00,5850.0,5925.0,5550.0,5550.0,20,0.0,0.0
2005-02-11 00:00:00-05:00,5550.0,5775.0,5475.0,5550.0,18,0.0,0.0
2005-02-14 00:00:00-05:00,5625.0,5625.0,5400.0,5475.0,8,0.0,0.0
2005-02-15 00:00:00-05:00,5475.0,5625.0,5400.0,5475.0,9,0.0,0.0
2005-02-16 00:00:00-05:00,5550.0,5625.0,5400.0,5625.0,8,0.0,0.0
2005-02-17 00:00:00-05:00,5625.0,5625.0,5400.0,5400.0,9,0.0,0.0
2005-02-18 00:00:00-05:00,5475.0,5550.0,5400.0,5475.0,13,0.0,0.0
2005-02-22 00:00:00-05:00,5400.0,5850.0,5325.0,5625.0,31,0.0,0.0
2005-02-23 00:00:00-05:00,5550.0,5625.0,5400.0,5625.0,11,0.0,0.0
2005-02-24 00:00:00-05:00,5625.0,5625.0,5325.0,5400.0,12,0.0,0.0
2005-02-25 00:00:00-05:00,5400.0,5625.0,5325.0,5625.0,19,0.0,0.0
2005-02-28 00:00:00-05:00,5625.0,5700.0,5475.0,5475.0,12,0.0,0.0
2005-03-01 00:00:00-05:00,5700.0,5700.0,5475.0,5550.0,7,0.0,0.0
2005-03-02 00:00:00-05:00,5625.0,5625.0,5400.0,5400.0,21,0.0,0.0
2005-03-03 00:00:00-05:00,5400.0,5625.0,5175.0,5400.0,32,0.0,0.0
2005-03-04 00:00:00-05:00,5400.0,5400.0,5400.0,5400.0,0,0.0,0.0
2005-03-07 00:00:00-05:00,5325.0,5550.0,5325.0,5475.0,5,0.0,0.0
2005-03-08 00:00:00-05:00,5400.0,5550.0,5325.0,5475.0,8,0.0,0.0
2005-03-09 00:00:00-05:00,5475.0,5475.0,5325.0,5400.0,6,0.0,0.0
2005-03-10 00:00:00-05:00,5175.0,5400.0,5100.0,5250.0,29,0.0,0.0
2005-03-11 00:00:00-05:00,5400.0,5400.0,5175.0,5175.0,16,0.0,0.0
2005-03-14 00:00:00-05:00,5250.0,5400.0,4875.0,5100.0,23,0.0,0.0
2005-03-15 00:00:00-05:00,5100.0,5100.0,4875.0,4950.0,11,0.0,0.0
2005-03-16 00:00:00-05:00,4800.0,4950.0,4725.0,4800.0,24,0.0,0.0
2005-03-17 00:00:00-05:00,4725.0,4875.0,4650.0,4875.0,10,0.0,0.0
2005-03-18 00:00:00-05:00,4800.0,5400.0,4800.0,5100.0,23,0.0,0.0
2005-03-21 00:00:00-05:00,5100.0,5100.0,4875.0,5100.0,5,0.0,0.0
2005-03-22 00:00:00-05:00,5100.0,5250.0,5025.0,5250.0,9,0.0,0.0
2005-03-23 00:00:00-05:00,5250.0,5475.0,5025.0,5175.0,9,0.0,0.0
2005-03-24 00:00:00-05:00,5025.0,5175.0,4950.0,5175.0,10,0.0,0.0
2005-03-28 00:00:00-05:00,4950.0,5100.0,4875.0,4875.0,9,0.0,0.0
2005-03-29 00:00:00-05:00,5100.0,5175.0,4875.0,4875.0,8,0.0,0.0
2005-03-30 00:00:00-05:00,4875.0,5175.0,4875.0,5025.0,8,0.0,0.0
2005-03-31 00:00:00-05:00,4950.0,5175.0,4875.0,4875.0,13,0.0,0.0
2005-04-01 00:00:00-05:00,4800.0,4875.0,4650.0,4650.0,18,0.0,0.0
2005-04-04 00:00:00-04:00,4650.0,5100.0,4650.0,4800.0,27,0.0,0.0
2005-04-05 00:00:00-04:00,4725.0,4875.0,4500.0,4500.0,41,0.0,0.0
2005-04-06 00:00:00-04:00,4575.0,4725.0,4350.0,4575.0,28,0.0,0.0
2005-04-07 00:00:00-04:00,4575.0,4650.0,4425.0,4500.0,13,0.0,0.0
2005-04-08 00:00:00-04:00,4575.0,4650.0,4500.0,4500.0,11,0.0,0.0
2005-04-11 00:00:00-04:00,4425.0,4650.0,4350.0,4425.0,14,0.0,0.0
2005-04-12 00:00:00-04:00,4350.0,4575.0,4350.0,4500.0,16,0.0,0.0
2005-04-13 00:00:00-04:00,4500.0,4500.0,4275.0,4350.0,11,0.0,0.0
2005-04-14 00:00:00-04:00,4275.0,4350.0,4125.0,4275.0,18,0.0,0.0
2005-04-15 00:00:00-04:00,4350.0,4350.0,4125.0,4200.0,8,0.0,0.0
2005-04-18 00:00:00-04:00,4200.0,4350.0,4125.0,4200.0,13,0.0,0.0
2005-04-19 00:00:00-04:00,4350.0,4350.0,4125.0,4200.0,17,0.0,0.0
2005-04-20 00:00:00-04:00,4275.0,4275.0,4125.0,4200.0,7,0.0,0.0
2005-04-21 00:00:00-04:00,4200.0,4350.0,4125.0,4200.0,7,0.0,0.0
2005-04-22 00:00:00-04:00,4275.0,4350.0,4050.0,4200.0,16,0.0,0.0
2005-04-25 00:00:00-04:00,4200.0,4200.0,3750.0,3975.0,36,0.0,0.0
2005-04-26 00:00:00-04:00,4050.0,4050.0,3825.0,3975.0,14,0.0,0.0
2005-04-27 00:00:00-04:00,3825.0,3900.0,3750.0,3825.0,12,0.0,0.0
2005-04-28 00:00:00-04:00,3750.0,3825.0,3600.0,3750.0,23,0.0,0.0
2005-04-29 00:00:00-04:00,3750.0,3900.0,3600.0,3825.0,8,0.0,0.0
2005-05-02 00:00:00-04:00,3900.0,4050.0,3750.0,3975.0,13,0.0,0.0
2005-05-03 00:00:00-04:00,3825.0,3975.0,3825.0,3900.0,9,0.0,0.0
2005-05-04 00:00:00-04:00,3975.0,3975.0,3825.0,3975.0,6,0.0,0.0
2005-05-05 00:00:00-04:00,3975.0,3975.0,3750.0,3900.0,5,0.0,0.0
2005-05-06 00:00:00-04:00,3825.0,3825.0,3750.0,3825.0,7,0.0,0.0
2005-05-09 00:00:00-04:00,3750.0,3825.0,3750.0,3825.0,7,0.0,0.0
2005-05-10 00:00:00-04:00,3750.0,3825.0,3675.0,3825.0,3,0.0,0.0
2005-05-11 00:00:00-04:00,3750.0,3900.0,3675.0,3900.0,13,0.0,0.0
2005-05-12 00:00:00-04:00,3750.0,3975.0,3750.0,3975.0,11,0.0,0.0
2005-05-13 00:00:00-04:00,3975.0,4050.0,3825.0,3825.0,13,0.0,0.0
2005-05-16 00:00:00-04:00,3900.0,4350.0,3900.0,4275.0,40,0.0,0.0
2005-05-17 00:00:00-04:00,4350.0,4725.0,4350.0,4650.0,47,0.0,0.0
2005-05-18 00:00:00-04:00,4725.0,5175.0,4650.0,4800.0,41,0.0,0.0
2005-05-19 00:00:00-04:00,4725.0,5175.0,4725.0,5100.0,28,0.0,0.0
2005-05-20 00:00:00-04:00,5100.0,5475.0,5100.0,5325.0,47,0.0,0.0
2005-05-23 00:00:00-04:00,5400.0,5400.0,4725.0,4950.0,25,0.0,0.0
2005-05-24 00:00:00-04:00,4800.0,5100.0,4650.0,4650.0,13,0.0,0.0
2005-05-25 00:00:00-04:00,5025.0,5025.0,4650.0,4800.0,11,0.0,0.0
2005-05-26 00:00:00-04:00,4725.0,4875.0,4650.0,4725.0,13,0.0,0.0
2005-05-27 00:00:00-04:00,4650.0,4725.0,4500.0,4500.0,13,0.0,0.0
2005-05-31 00:00:00-04:00,4500.0,4650.0,4500.0,4575.0,6,0.0,0.0
2005-06-01 00:00:00-04:00,4650.0,5325.0,4650.0,5175.0,47,0.0,0.0
2005-06-02 00:00:00-04:00,5175.0,5250.0,4500.0,4500.0,63,0.0,0.0
2005-06-03 00:00:00-04:00,4425.0,4425.0,4350.0,4350.0,16,0.0,0.0
2005-06-06 00:00:00-04:00,4650.0,4650.0,4425.0,4425.0,16,0.0,0.0
2005-06-07 00:00:00-04:00,4350.0,4650.0,4350.0,4650.0,16,0.0,0.0
2005-06-08 00:00:00-04:00,4650.0,4650.0,4425.0,4500.0,16,0.0,0.0
2005-06-09 00:00:00-04:00,4425.0,4500.0,4350.0,4350.0,11,0.0,0.0
2005-06-10 00:00:00-04:00,4350.0,4425.0,4275.0,4350.0,16,0.0,0.0
2005-06-13 00:00:00-04:00,4275.0,4350.0,4125.0,4200.0,12,0.0,0.0
2005-06-14 00:00:00-04:00,4275.0,4350.0,4125.0,4200.0,11,0.0,0.0
2005-06-15 00:00:00-04:00,4125.0,4275.0,4125.0,4125.0,13,0.0,0.0
2005-06-16 00:00:00-04:00,4200.0,4275.0,4125.0,4275.0,9,0.0,0.0
2005-06-17 00:00:00-04:00,4200.0,4275.0,4125.0,4275.0,7,0.0,0.0
2005-06-20 00:00:00-04:00,4125.0,4275.0,4125.0,4125.0,10,0.0,0.0
2005-06-21 00:00:00-04:00,4125.0,4200.0,4050.0,4050.0,7,0.0,0.0
2005-06-22 00:00:00-04:00,4050.0,4200.0,3975.0,3975.0,20,0.0,0.0
2005-06-23 00:00:00-04:00,4050.0,4125.0,3975.0,4125.0,12,0.0,0.0
2005-06-24 00:00:00-04:00,4050.0,4200.0,4050.0,4125.0,10,0.0,0.0
2005-06-27 00:00:00-04:00,3975.0,3975.0,3600.0,3675.0,96,0.0,0.0
2005-06-28 00:00:00-04:00,3750.0,3900.0,3600.0,3675.0,29,0.0,0.0
2005-06-29 00:00:00-04:00,3825.0,3825.0,3675.0,3675.0,25,0.0,0.0
2005-06-30 00:00:00-04:00,3825.0,3900.0,3750.0,3900.0,10,0.0,0.0
2005-07-01 00:00:00-04:00,3825.0,3900.0,3750.0,3750.0,12,0.0,0.0
2005-07-05 00:00:00-04:00,3675.0,3825.0,3600.0,3750.0,29,0.0,0.0
2005-07-06 00:00:00-04:00,3750.0,3750.0,3600.0,3750.0,17,0.0,0.0
2005-07-07 00:00:00-04:00,3675.0,3750.0,3600.0,3750.0,10,0.0,0.0
2005-07-08 00:00:00-04:00,3600.0,3900.0,3600.0,3750.0,13,0.0,0.0
2005-07-11 00:00:00-04:00,3750.0,3900.0,3750.0,3825.0,8,0.0,0.0
2005-07-12 00:00:00-04:00,3825.0,3900.0,3750.0,3750.0,12,0.0,0.0
2005-07-13 00:00:00-04:00,3825.0,3825.0,3675.0,3675.0,12,0.0,0.0
2005-07-14 00:00:00-04:00,3750.0,4500.0,3750.0,4275.0,51,0.0,0.0
2005-07-15 00:00:00-04:00,4275.0,4425.0,4200.0,4275.0,19,0.0,0.0
2005-07-18 00:00:00-04:00,4275.0,4500.0,4275.0,4500.0,25,0.0,0.0
2005-07-19 00:00:00-04:00,4425.0,4425.0,3825.0,4050.0,28,0.0,0.0
2005-07-20 00:00:00-04:00,3975.0,4050.0,3900.0,3975.0,17,0.0,0.0
2005-07-21 00:00:00-04:00,3975.0,4050.0,3825.0,4050.0,9,0.0,0.0
2005-07-22 00:00:00-04:00,3900.0,4050.0,3900.0,4050.0,9,0.0,0.0
2005-07-25 00:00:00-04:00,3900.0,4050.0,3900.0,3900.0,13,0.0,0.0
2005-07-26 00:00:00-04:00,3900.0,3900.0,3750.0,3825.0,17,0.0,0.0
2005-07-27 00:00:00-04:00,3825.0,3825.0,3750.0,3825.0,10,0.0,0.0
2005-07-28 00:00:00-04:00,3750.0,3900.0,3750.0,3750.0,16,0.0,0.0
2005-07-29 00:00:00-04:00,3750.0,4125.0,3750.0,4050.0,16,0.0,0.0
2005-08-01 00:00:00-04:00,3975.0,4050.0,3750.0,3900.0,7,0.0,0.0
2005-08-02 00:00:00-04:00,3975.0,3975.0,3750.0,3750.0,7,0.0,0.0
2005-08-03 00:00:00-04:00,3750.0,3900.0,3750.0,3825.0,13,0.0,0.0
2005-08-04 00:00:00-04:00,3825.0,3825.0,3675.0,3750.0,23,0.0,0.0
2005-08-05 00:00:00-04:00,3750.0,3750.0,3675.0,3750.0,15,0.0,0.0
2005-08-08 00:00:00-04:00,3675.0,3750.0,3600.0,3675.0,9,0.0,0.0
2005-08-09 00:00:00-04:00,3750.0,3750.0,3600.0,3600.0,15,0.0,0.0
2005-08-10 00:00:00-04:00,3750.0,3750.0,3600.0,3600.0,19,0.0,0.0
2005-08-11 00:00:00-04:00,3600.0,3675.0,3525.0,3525.0,20,0.0,0.0
2005-08-12 00:00:00-04:00,3600.0,3750.0,3525.0,3675.0,24,0.0,0.0
2005-08-15 00:00:00-04:00,3600.0,3750.0,3525.0,3675.0,8,0.0,0.0
2005-08-16 00:00:00-04:00,3750.0,3750.0,3525.0,3600.0,14,0.0,0.0
2005-08-17 00:00:00-04:00,3525.0,3600.0,3450.0,3525.0,24,0.0,0.0
2005-08-18 00:00:00-04:00,3525.0,3750.0,3375.0,3600.0,40,0.0,0.0
2005-08-19 00:00:00-04:00,3600.0,3750.0,3600.0,3675.0,7,0.0,0.0
2005-08-22 00:00:00-04:00,3600.0,3825.0,3600.0,3675.0,17,0.0,0.0
2005-08-23 00:00:00-04:00,3975.0,4425.0,3900.0,4425.0,149,0.0,0.0
2005-08-24 00:00:00-04:00,4350.0,4425.0,4050.0,4125.0,36,0.0,0.0
2005-08-25 00:00:00-04:00,4125.0,4125.0,3975.0,3975.0,15,0.0,0.0
2005-08-26 00:00:00-04:00,4050.0,4125.0,3975.0,4125.0,4,0.0,0.0
2005-08-29 00:00:00-04:00,4125.0,4125.0,3900.0,4125.0,9,0.0,0.0
2005-08-30 00:00:00-04:00,4125.0,4125.0,3825.0,3900.0,15,0.0,0.0
2005-08-31 00:00:00-04:00,3975.0,3975.0,3825.0,3825.0,10,0.0,0.0
2005-09-01 00:00:00-04:00,3825.0,3975.0,3825.0,3975.0,13,0.0,0.0
2005-09-02 00:00:00-04:00,3900.0,4050.0,3825.0,3825.0,7,0.0,0.0
2005-09-06 00:00:00-04:00,3825.0,3975.0,3825.0,3900.0,17,0.0,0.0
2005-09-07 00:00:00-04:00,3750.0,3900.0,3750.0,3900.0,19,0.0,0.0
2005-09-08 00:00:00-04:00,3900.0,3900.0,3750.0,3750.0,10,0.0,0.0
2005-09-09 00:00:00-04:00,3825.0,3825.0,3750.0,3825.0,10,0.0,0.0
2005-09-12 00:00:00-04:00,3825.0,3900.0,3750.0,3900.0,12,0.0,0.0
2005-09-13 00:00:00-04:00,3900.0,3900.0,3825.0,3825.0,10,0.0,0.0
2005-09-14 00:00:00-04:00,3900.0,3900.0,3750.0,3825.0,9,0.0,0.0
2005-09-15 00:00:00-04:00,3900.0,3900.0,3825.0,3825.0,8,0.0,0.0
2005-09-16 00:00:00-04:00,3825.0,3900.0,3750.0,3825.0,14,0.0,0.0
2005-09-19 00:00:00-04:00,3750.0,3825.0,3675.0,3675.0,12,0.0,0.0
2005-09-20 00:00:00-04:00,3750.0,3750.0,3675.0,3750.0,18,0.0,0.0
2005-09-21 00:00:00-04:00,3675.0,3750.0,3600.0,3600.0,29,0.0,0.0
2005-09-22 00:00:00-04:00,3750.0,3825.0,3600.0,3675.0,18,0.0,0.0
2005-09-23 00:00:00-04:00,3675.0,3675.0,3600.0,3600.0,7,0.0,0.0
2005-09-26 00:00:00-04:00,3600.0,3675.0,3525.0,3600.0,18,0.0,0.0
2005-09-27 00:00:00-04:00,3675.0,3675.0,3525.0,3525.0,15,0.0,0.0
2005-09-28 00:00:00-04:00,3600.0,3675.0,3525.0,3600.0,13,0.0,0.0
2005-09-29 00:00:00-04:00,3600.0,3600.0,3450.0,3450.0,16,0.0,0.0
2005-09-30 00:00:00-04:00,3525.0,3600.0,3525.0,3525.0,8,0.0,0.0
2005-10-03 00:00:00-04:00,3600.0,3675.0,3525.0,3600.0,17,0.0,0.0
2005-10-04 00:00:00-04:00,3525.0,3675.0,3525.0,3600.0,9,0.0,0.0
2005-10-05 00:00:00-04:00,3675.0,3675.0,3450.0,3600.0,22,0.0,0.0
2005-10-06 00:00:00-04:00,3600.0,3600.0,3450.0,3450.0,10,0.0,0.0
2005-10-07 00:00:00-04:00,3450.0,3525.0,3450.0,3450.0,12,0.0,0.0
2005-10-10 00:00:00-04:00,3450.0,3525.0,3450.0,3450.0,7,0.0,0.0
2005-10-11 00:00:00-04:00,3450.0,3450.0,3375.0,3450.0,24,0.0,0.0
2005-10-12 00:00:00-04:00,3450.0,3450.0,3375.0,3450.0,7,0.0,0.0
2005-10-13 00:00:00-04:00,3450.0,3450.0,3375.0,3450.0,24,0.0,0.0
2005-10-14 00:00:00-04:00,3375.0,3450.0,3300.0,3375.0,13,0.0,0.0
2005-10-17 00:00:00-04:00,3375.0,4125.0,3375.0,4050.0,93,0.0,0.0
2005-10-18 00:00:00-04:00,4050.0,4050.0,3675.0,3750.0,32,0.0,0.0
2005-10-19 00:00:00-04:00,3750.0,3750.0,3525.0,3675.0,18,0.0,0.0
2005-10-20 00:00:00-04:00,3525.0,3900.0,3525.0,3825.0,19,0.0,0.0
2005-10-21 00:00:00-04:00,3900.0,3900.0,3675.0,3825.0,18,0.0,0.0
2005-10-24 00:00:00-04:00,3825.0,3825.0,3600.0,3600.0,26,0.0,0.0
2005-10-25 00:00:00-04:00,3750.0,3750.0,3600.0,3750.0,14,0.0,0.0
2005-10-26 00:00:00-04:00,3675.0,3750.0,3600.0,3600.0,13,0.0,0.0
2005-10-27 00:00:00-04:00,3675.0,3750.0,3600.0,3675.0,7,0.0,0.0
2005-10-28 00:00:00-04:00,3750.0,3750.0,3675.0,3750.0,11,0.0,0.0
2005-10-31 00:00:00-05:00,3750.0,3825.0,3675.0,3825.0,14,0.0,0.0
2005-11-01 00:00:00-05:00,3825.0,4050.0,3825.0,3975.0,37,0.0,0.0
2005-11-02 00:00:00-05:00,4050.0,4200.0,3900.0,4200.0,25,0.0,0.0
2005-11-03 00:00:00-05:00,4200.0,5175.0,4125.0,4950.0,108,0.0,0.0
2005-11-04 00:00:00-05:00,4875.0,4875.0,4275.0,4500.0,49,0.0,0.0
2005-11-07 00:00:00-05:00,4500.0,4575.0,4350.0,4500.0,14,0.0,0.0
2005-11-08 00:00:00-05:00,4500.0,4500.0,4200.0,4425.0,28,0.0,0.0
2005-11-09 00:00:00-05:00,4425.0,4425.0,4125.0,4125.0,23,0.0,0.0
2005-11-10 00:00:00-05:00,4200.0,4425.0,3975.0,4200.0,72,0.0,0.0
2005-11-11 00:00:00-05:00,4350.0,4350.0,3975.0,4125.0,10,0.0,0.0
2005-11-14 00:00:00-05:00,3975.0,4050.0,3900.0,3975.0,12,0.0,0.0
2005-11-15 00:00:00-05:00,3900.0,3975.0,3750.0,3975.0,20,0.0,0.0
2005-11-16 00:00:00-05:00,3900.0,3975.0,3750.0,3900.0,11,0.0,0.0
2005-11-17 00:00:00-05:00,3825.0,3900.0,3675.0,3825.0,27,0.0,0.0
2005-11-18 00:00:00-05:00,3750.0,3825.0,3675.0,3750.0,17,0.0,0.0
2005-11-21 00:00:00-05:00,3750.0,3750.0,3600.0,3675.0,12,0.0,0.0
2005-11-22 00:00:00-05:00,3675.0,3900.0,3675.0,3900.0,26,0.0,0.0
2005-11-23 00:00:00-05:00,3825.0,3900.0,3750.0,3900.0,13,0.0,0.0
2005-11-25 00:00:00-05:00,3975.0,4050.0,3825.0,4050.0,5,0.0,0.0
2005-11-28 00:00:00-05:00,3975.0,3975.0,3750.0,3825.0,19,0.0,0.0
2005-11-29 00:00:00-05:00,3825.0,3900.0,3675.0,3750.0,28,0.0,0.0
2005-11-30 00:00:00-05:00,3750.0,3750.0,3675.0,3750.0,22,0.0,0.0
2005-12-01 00:00:00-05:00,3675.0,3825.0,3675.0,3675.0,17,0.0,0.0
2005-12-02 00:00:00-05:00,3750.0,3975.0,3675.0,3900.0,36,0.0,0.0
2005-12-05 00:00:00-05:00,5175.0,5175.0,4200.0,4650.0,243,0.0,0.0
2005-12-06 00:00:00-05:00,4800.0,4875.0,4350.0,4575.0,126,0.0,0.0
2005-12-07 00:00:00-05:00,4650.0,4650.0,4125.0,4350.0,49,0.0,0.0
2005-12-08 00:00:00-05:00,4275.0,4275.0,4125.0,4200.0,17,0.0,0.0
2005-12-09 00:00:00-05:00,4050.0,4200.0,4050.0,4200.0,30,0.0,0.0
2005-12-12 00:00:00-05:00,4275.0,4350.0,4200.0,4350.0,33,0.0,0.0
2005-12-13 00:00:00-05:00,4350.0,4350.0,4125.0,4200.0,18,0.0,0.0
2005-12-14 00:00:00-05:00,4275.0,4275.0,4050.0,4125.0,20,0.0,0.0
2005-12-15 00:00:00-05:00,4200.0,4200.0,3975.0,3975.0,24,0.0,0.0
2005-12-16 00:00:00-05:00,4050.0,4125.0,3975.0,3975.0,16,0.0,0.0
2005-12-19 00:00:00-05:00,3900.0,3975.0,3750.0,3825.0,31,0.0,0.0
2005-12-20 00:00:00-05:00,3900.0,3900.0,3750.0,3750.0,21,0.0,0.0
2005-12-21 00:00:00-05:00,3825.0,3825.0,3675.0,3750.0,30,0.0,0.0
2005-12-22 00:00:00-05:00,3825.0,3825.0,3675.0,3825.0,24,0.0,0.0
2005-12-23 00:00:00-05:00,3750.0,3825.0,3750.0,3825.0,9,0.0,0.0
2005-12-27 00:00:00-05:00,3825.0,3825.0,3675.0,3675.0,38,0.0,0.0
2005-12-28 00:00:00-05:00,3675.0,3750.0,3675.0,3750.0,21,0.0,0.0
2005-12-29 00:00:00-05:00,3750.0,3825.0,3675.0,3750.0,22,0.0,0.0
2005-12-30 00:00:00-05:00,3675.0,3750.0,3600.0,3675.0,31,0.0,0.0
2006-01-03 00:00:00-05:00,3675.0,3750.0,3600.0,3675.0,14,0.0,0.0
2006-01-04 00:00:00-05:00,3750.0,3750.0,3675.0,3675.0,16,0.0,0.0
2006-01-05 00:00:00-05:00,3750.0,3900.0,3750.0,3750.0,19,0.0,0.0
2006-01-06 00:00:00-05:00,3825.0,4350.0,3825.0,4200.0,64,0.0,0.0
2006-01-09 00:00:00-05:00,4125.0,4125.0,3825.0,4050.0,31,0.0,0.0
2006-01-10 00:00:00-05:00,3975.0,4125.0,3900.0,3975.0,12,0.0,0.0
2006-01-11 00:00:00-05:00,3900.0,4125.0,3900.0,4050.0,11,0.0,0.0
2006-01-12 00:00:00-05:00,4125.0,4125.0,3900.0,3900.0,17,0.0,0.0
2006-01-13 00:00:00-05:00,3975.0,4050.0,3900.0,3900.0,8,0.0,0.0
2006-01-17 00:00:00-05:00,4050.0,4125.0,3975.0,4125.0,17,0.0,0.0
2006-01-18 00:00:00-05:00,3975.0,3975.0,3675.0,3825.0,85,0.0,0.0
2006-01-19 00:00:00-05:00,3825.0,4350.0,3825.0,3975.0,61,0.0,0.0
2006-01-20 00:00:00-05:00,3975.0,4050.0,3900.0,4050.0,33,0.0,0.0
2006-01-23 00:00:00-05:00,4050.0,4125.0,3900.0,4125.0,24,0.0,0.0
2006-01-24 00:00:00-05:00,4125.0,4275.0,3975.0,4275.0,35,0.0,0.0
2006-01-25 00:00:00-05:00,4275.0,4275.0,4050.0,4050.0,16,0.0,0.0
2006-01-26 00:00:00-05:00,3975.0,4050.0,3900.0,3975.0,37,0.0,0.0
2006-01-27 00:00:00-05:00,3900.0,3975.0,3825.0,3900.0,25,0.0,0.0
2006-01-30 00:00:00-05:00,3975.0,3975.0,3825.0,3825.0,17,0.0,0.0
2006-01-31 00:00:00-05:00,3825.0,3900.0,3825.0,3900.0,13,0.0,0.0
2006-02-01 00:00:00-05:00,3825.0,4050.0,3825.0,3975.0,14,0.0,0.0
2006-02-02 00:00:00-05:00,4050.0,4125.0,3900.0,4050.0,27,0.0,0.0
2006-02-03 00:00:00-05:00,4050.0,4050.0,3900.0,4050.0,10,0.0,0.0
2006-02-06 00:00:00-05:00,3975.0,4125.0,3900.0,3900.0,11,0.0,0.0
2006-02-07 00:00:00-05:00,3900.0,4050.0,3900.0,3900.0,18,0.0,0.0
2006-02-08 00:00:00-05:00,3900.0,3975.0,3750.0,3825.0,55,0.0,0.0
2006-02-09 00:00:00-05:00,3825.0,3900.0,3750.0,3750.0,27,0.0,0.0
2006-02-10 00:00:00-05:00,3825.0,3900.0,3750.0,3900.0,14,0.0,0.0
2006-02-13 00:00:00-05:00,3975.0,4050.0,3900.0,3975.0,49,0.0,0.0
2006-02-14 00:00:00-05:00,4050.0,4050.0,3900.0,4050.0,18,0.0,0.0
2006-02-15 00:00:00-05:00,4050.0,4050.0,3975.0,4050.0,11,0.0,0.0
2006-02-16 00:00:00-05:00,4125.0,4350.0,4050.0,4125.0,47,0.0,0.0
2006-02-17 00:00:00-05:00,4200.0,4575.0,4200.0,4500.0,72,0.0,0.0
2006-02-21 00:00:00-05:00,4500.0,5625.0,4050.0,4950.0,258,0.0,0.0
2006-02-22 00:00:00-05:00,4875.0,4950.0,4575.0,4800.0,68,0.0,0.0
2006-02-23 00:00:00-05:00,4950.0,5250.0,4950.0,5100.0,92,0.0,0.0
2006-02-24 00:00:00-05:00,5175.0,5700.0,5175.0,5700.0,118,0.0,0.0
2006-02-27 00:00:00-05:00,5925.0,6375.0,5700.0,6300.0,151,0.0,0.0
2006-02-28 00:00:00-05:00,6225.0,6900.0,6225.0,6675.0,243,0.0,0.0
2006-03-01 00:00:00-05:00,6750.0,7950.0,6375.0,6675.0,360,0.0,0.0
2006-03-02 00:00:00-05:00,6825.0,6825.0,5625.0,6000.0,180,0.0,0.0
2006-03-03 00:00:00-05:00,6000.0,6075.0,5700.0,5850.0,62,0.0,0.0
2006-03-06 00:00:00-05:00,6000.0,6075.0,5775.0,5925.0,47,0.0,0.0
2006-03-07 00:00:00-05:00,5925.0,5925.0,5625.0,5775.0,32,0.0,0.0
2006-03-08 00:00:00-05:00,5775.0,6225.0,5250.0,6075.0,188,0.0,0.0
2006-03-09 00:00:00-05:00,6000.0,6450.0,6000.0,6075.0,72,0.0,0.0
2006-03-10 00:00:00-05:00,6075.0,6300.0,5850.0,6225.0,43,0.0,0.0
2006-03-13 00:00:00-05:00,6225.0,6225.0,5850.0,6000.0,39,0.0,0.0
2006-03-14 00:00:00-05:00,6000.0,6075.0,5850.0,6000.0,31,0.0,0.0
2006-03-15 00:00:00-05:00,6000.0,6000.0,5625.0,5775.0,29,0.0,0.0
2006-03-16 00:00:00-05:00,5700.0,6000.0,5625.0,5700.0,37,0.0,0.0
2006-03-17 00:00:00-05:00,5625.0,5925.0,5625.0,5925.0,29,0.0,0.0
2006-03-20 00:00:00-05:00,5925.0,5925.0,5700.0,5925.0,32,0.0,0.0
2006-03-21 00:00:00-05:00,5850.0,5925.0,5625.0,5850.0,45,0.0,0.0
2006-03-22 00:00:00-05:00,5775.0,5850.0,5625.0,5775.0,20,0.0,0.0
2006-03-23 00:00:00-05:00,5700.0,5775.0,5550.0,5550.0,22,0.0,0.0
2006-03-24 00:00:00-05:00,5550.0,5550.0,5025.0,5100.0,101,0.0,0.0
2006-03-27 00:00:00-05:00,5025.0,5100.0,4875.0,5025.0,44,0.0,0.0
2006-03-28 00:00:00-05:00,5025.0,5025.0,4875.0,4950.0,23,0.0,0.0
2006-03-29 00:00:00-05:00,5025.0,5625.0,5025.0,5475.0,44,0.0,0.0
2006-03-30 00:00:00-05:00,5625.0,5625.0,5100.0,5250.0,21,0.0,0.0
2006-03-31 00:00:00-05:00,5100.0,5625.0,4875.0,5475.0,47,0.0,0.0
2006-04-03 00:00:00-04:00,5325.0,6375.0,5325.0,6150.0,127,0.0,0.0
2006-04-04 00:00:00-04:00,6525.0,13350.0,6525.0,12975.0,1634,0.0,0.0
2006-04-05 00:00:00-04:00,11400.0,11475.0,9000.0,9375.0,1328,0.0,0.0
2006-04-06 00:00:00-04:00,10050.0,12600.0,9825.0,10800.0,905,0.0,0.0
2006-04-07 00:00:00-04:00,11250.0,12150.0,10800.0,11175.0,512,0.0,0.0
2006-04-10 00:00:00-04:00,11250.0,12000.0,9750.0,10200.0,397,0.0,0.0
2006-04-11 00:00:00-04:00,10200.0,10200.0,8625.0,9075.0,371,0.0,0.0
2006-04-12 00:00:00-04:00,8700.0,9225.0,8250.0,8700.0,178,0.0,0.0
2006-04-13 00:00:00-04:00,9000.0,9825.0,8925.0,9450.0,200,0.0,0.0
2006-04-17 00:00:00-04:00,10125.0,10275.0,9600.0,9825.0,136,0.0,0.0
2006-04-18 00:00:00-04:00,10050.0,10050.0,9375.0,9525.0,103,0.0,0.0
2006-04-19 00:00:00-04:00,9825.0,10275.0,9375.0,9825.0,163,0.0,0.0
2006-04-20 00:00:00-04:00,10125.0,11325.0,9825.0,9975.0,123,0.0,0.0
2006-04-21 00:00:00-04:00,9975.0,10125.0,9375.0,9675.0,123,0.0,0.0
2006-04-24 00:00:00-04:00,9450.0,9600.0,9150.0,9150.0,80,0.0,0.0
2006-04-25 00:00:00-04:00,9375.0,9600.0,9000.0,9525.0,65,0.0,0.0
2006-04-26 00:00:00-04:00,9750.0,9975.0,9375.0,9375.0,86,0.0,0.0
2006-04-27 00:00:00-04:00,9375.0,9750.0,9375.0,9600.0,50,0.0,0.0
2006-04-28 00:00:00-04:00,9675.0,9750.0,9450.0,9600.0,47,0.0,0.0
2006-05-01 00:00:00-04:00,9675.0,9975.0,9000.0,9375.0,158,0.0,0.0
2006-05-02 00:00:00-04:00,9450.0,9525.0,7950.0,8325.0,202,0.0,0.0
2006-05-03 00:00:00-04:00,8250.0,8550.0,7875.0,8400.0,112,0.0,0.0
2006-05-04 00:00:00-04:00,8175.0,9000.0,8025.0,8325.0,116,0.0,0.0
2006-05-05 00:00:00-04:00,8250.0,8475.0,8100.0,8175.0,46,0.0,0.0
2006-05-08 00:00:00-04:00,8100.0,8925.0,8100.0,8700.0,125,0.0,0.0
2006-05-09 00:00:00-04:00,8700.0,8775.0,8475.0,8625.0,57,0.0,0.0
2006-05-10 00:00:00-04:00,8625.0,8775.0,8475.0,8550.0,65,0.0,0.0
2006-05-11 00:00:00-04:00,8325.0,8625.0,7950.0,7950.0,80,0.0,0.0
2006-05-12 00:00:00-04:00,7875.0,7875.0,7125.0,7200.0,113,0.0,0.0
2006-05-15 00:00:00-04:00,6900.0,7125.0,6375.0,6600.0,73,0.0,0.0
2006-05-16 00:00:00-04:00,6525.0,6675.0,6300.0,6525.0,36,0.0,0.0
2006-05-17 00:00:00-04:00,6300.0,6525.0,5850.0,6150.0,75,0.0,0.0
2006-05-18 00:00:00-04:00,6075.0,6750.0,6075.0,6450.0,44,0.0,0.0
2006-05-19 00:00:00-04:00,6375.0,6450.0,6225.0,6375.0,22,0.0,0.0
2006-05-22 00:00:00-04:00,6375.0,6375.0,6150.0,6375.0,36,0.0,0.0
2006-05-23 00:00:00-04:00,6375.0,8700.0,6225.0,8025.0,281,0.0,0.0
2006-05-24 00:00:00-04:00,8550.0,8925.0,7125.0,7350.0,224,0.0,0.0
2006-05-25 00:00:00-04:00,7425.0,7500.0,6750.0,6975.0,60,0.0,0.0
2006-05-26 00:00:00-04:00,7050.0,7125.0,6825.0,6975.0,24,0.0,0.0
2006-05-30 00:00:00-04:00,7350.0,7425.0,7050.0,7125.0,22,0.0,0.0
2006-05-31 00:00:00-04:00,7050.0,7125.0,6825.0,6900.0,23,0.0,0.0
2006-06-01 00:00:00-04:00,6900.0,7050.0,6825.0,6825.0,22,0.0,0.0
2006-06-02 00:00:00-04:00,7200.0,7200.0,6750.0,6900.0,17,0.0,0.0
2006-06-05 00:00:00-04:00,7050.0,7050.0,6675.0,6750.0,19,0.0,0.0
2006-06-06 00:00:00-04:00,6675.0,6675.0,6300.0,6375.0,39,0.0,0.0
2006-06-07 00:00:00-04:00,6300.0,6525.0,6075.0,6300.0,29,0.0,0.0
2006-06-08 00:00:00-04:00,6150.0,6450.0,6000.0,6075.0,27,0.0,0.0
2006-06-09 00:00:00-04:00,6225.0,6375.0,6075.0,6150.0,19,0.0,0.0
2006-06-12 00:00:00-04:00,6150.0,6300.0,5625.0,5700.0,36,0.0,0.0
2006-06-13 00:00:00-04:00,5700.0,5925.0,5550.0,5700.0,37,0.0,0.0
2006-06-14 00:00:00-04:00,5925.0,5925.0,5700.0,5850.0,17,0.0,0.0
2006-06-15 00:00:00-04:00,5850.0,6000.0,5700.0,5850.0,18,0.0,0.0
2006-06-16 00:00:00-04:00,5700.0,5850.0,5475.0,5775.0,24,0.0,0.0
2006-06-19 00:00:00-04:00,5625.0,6000.0,5625.0,6000.0,19,0.0,0.0
2006-06-20 00:00:00-04:00,6225.0,6600.0,6225.0,6450.0,63,0.0,0.0
2006-06-21 00:00:00-04:00,6750.0,7125.0,6750.0,6975.0,65,0.0,0.0
2006-06-22 00:00:00-04:00,7050.0,7275.0,6825.0,6900.0,47,0.0,0.0
2006-06-23 00:00:00-04:00,6900.0,7050.0,6300.0,6450.0,28,0.0,0.0
2006-06-26 00:00:00-04:00,6450.0,6750.0,6450.0,6450.0,11,0.0,0.0
2006-06-27 00:00:00-04:00,6525.0,6600.0,6225.0,6375.0,17,0.0,0.0
2006-06-28 00:00:00-04:00,6375.0,6525.0,6150.0,6300.0,8,0.0,0.0
2006-06-29 00:00:00-04:00,6300.0,6525.0,6150.0,6450.0,22,0.0,0.0
2006-06-30 00:00:00-04:00,6450.0,6525.0,6150.0,6450.0,15,0.0,0.0
2006-07-03 00:00:00-04:00,6450.0,6525.0,6300.0,6375.0,4,0.0,0.0
2006-07-05 00:00:00-04:00,6300.0,6300.0,6000.0,6075.0,23,0.0,0.0
2006-07-06 00:00:00-04:00,6000.0,6225.0,6000.0,6150.0,17,0.0,0.0
2006-07-07 00:00:00-04:00,6150.0,6150.0,6000.0,6075.0,12,0.0,0.0
2006-07-10 00:00:00-04:00,6000.0,6150.0,6000.0,6075.0,11,0.0,0.0
2006-07-11 00:00:00-04:00,6075.0,6075.0,5925.0,6000.0,13,0.0,0.0
2006-07-12 00:00:00-04:00,5925.0,6300.0,5925.0,6300.0,31,0.0,0.0
2006-07-13 00:00:00-04:00,6225.0,6900.0,6075.0,6600.0,38,0.0,0.0
2006-07-14 00:00:00-04:00,6750.0,6750.0,6150.0,6375.0,10,0.0,0.0
2006-07-17 00:00:00-04:00,6300.0,6300.0,6000.0,6000.0,14,0.0,0.0
2006-07-18 00:00:00-04:00,6075.0,6150.0,5850.0,6000.0,19,0.0,0.0
2006-07-19 00:00:00-04:00,5925.0,6075.0,5850.0,6075.0,14,0.0,0.0
2006-07-20 00:00:00-04:00,5925.0,6375.0,5850.0,6225.0,9,0.0,0.0
2006-07-21 00:00:00-04:00,6075.0,6300.0,6075.0,6225.0,6,0.0,0.0
2006-07-24 00:00:00-04:00,6225.0,6375.0,6000.0,6225.0,7,0.0,0.0
2006-07-25 00:00:00-04:00,6150.0,6450.0,6075.0,6300.0,15,0.0,0.0
2006-07-26 00:00:00-04:00,6150.0,6300.0,6075.0,6225.0,8,0.0,0.0
2006-07-27 00:00:00-04:00,6225.0,6225.0,6000.0,6075.0,10,0.0,0.0
2006-07-28 00:00:00-04:00,6150.0,6300.0,5850.0,6150.0,21,0.0,0.0
2006-07-31 00:00:00-04:00,6075.0,6075.0,5925.0,6000.0,9,0.0,0.0
2006-08-01 00:00:00-04:00,6000.0,6225.0,5850.0,5925.0,13,0.0,0.0
2006-08-02 00:00:00-04:00,6000.0,6000.0,5850.0,6000.0,10,0.0,0.0
2006-08-03 00:00:00-04:00,5850.0,6000.0,5850.0,5925.0,18,0.0,0.0
2006-08-04 00:00:00-04:00,5925.0,5925.0,5625.0,5625.0,31,0.0,0.0
2006-08-07 00:00:00-04:00,5625.0,5850.0,5550.0,5625.0,41,0.0,0.0
2006-08-08 00:00:00-04:00,5625.0,5625.0,5550.0,5550.0,21,0.0,0.0
2006-08-09 00:00:00-04:00,5625.0,5625.0,4875.0,5025.0,58,0.0,0.0
2006-08-10 00:00:00-04:00,5025.0,5175.0,4575.0,4800.0,33,0.0,0.0
2006-08-11 00:00:00-04:00,4650.0,4875.0,4650.0,4875.0,31,0.0,0.0
2006-08-14 00:00:00-04:00,4875.0,4950.0,4725.0,4875.0,26,0.0,0.0
2006-08-15 00:00:00-04:00,4875.0,4875.0,3975.0,4350.0,113,0.0,0.0
2006-08-16 00:00:00-04:00,4425.0,4650.0,4425.0,4575.0,27,0.0,0.0
2006-08-17 00:00:00-04:00,4575.0,4575.0,4350.0,4500.0,36,0.0,0.0
2006-08-18 00:00:00-04:00,4500.0,4500.0,4350.0,4500.0,19,0.0,0.0
2006-08-21 00:00:00-04:00,4500.0,4575.0,4350.0,4500.0,9,0.0,0.0
2006-08-22 00:00:00-04:00,4425.0,4500.0,4350.0,4425.0,8,0.0,0.0
2006-08-23 00:00:00-04:00,4350.0,4500.0,4350.0,4500.0,16,0.0,0.0
2006-08-24 00:00:00-04:00,4425.0,4500.0,4425.0,4425.0,17,0.0,0.0
2006-08-25 00:00:00-04:00,4350.0,4575.0,4350.0,4575.0,17,0.0,0.0
2006-08-28 00:00:00-04:00,4500.0,4950.0,4500.0,4800.0,36,0.0,0.0
2006-08-29 00:00:00-04:00,4800.0,4875.0,4725.0,4725.0,11,0.0,0.0
2006-08-30 00:00:00-04:00,4725.0,5100.0,4650.0,5025.0,27,0.0,0.0
2006-08-31 00:00:00-04:00,5100.0,5100.0,4950.0,5100.0,9,0.0,0.0
2006-09-01 00:00:00-04:00,5100.0,5100.0,4950.0,5025.0,12,0.0,0.0
2006-09-05 00:00:00-04:00,5025.0,5100.0,4875.0,4875.0,13,0.0,0.0
2006-09-06 00:00:00-04:00,4875.0,4950.0,4725.0,4725.0,27,0.0,0.0
2006-09-07 00:00:00-04:00,4650.0,4650.0,4425.0,4575.0,22,0.0,0.0
2006-09-08 00:00:00-04:00,4500.0,4575.0,4425.0,4500.0,20,0.0,0.0
2006-09-11 00:00:00-04:00,4500.0,4500.0,4275.0,4350.0,38,0.0,0.0
2006-09-12 00:00:00-04:00,4425.0,4500.0,4350.0,4425.0,13,0.0,0.0
2006-09-13 00:00:00-04:00,4425.0,4500.0,4350.0,4425.0,12,0.0,0.0
2006-09-14 00:00:00-04:00,4500.0,4500.0,4350.0,4425.0,8,0.0,0.0
2006-09-15 00:00:00-04:00,4425.0,4425.0,4275.0,4425.0,13,0.0,0.0
2006-09-18 00:00:00-04:00,4425.0,4500.0,4275.0,4350.0,19,0.0,0.0
2006-09-19 00:00:00-04:00,4350.0,4425.0,4200.0,4350.0,15,0.0,0.0
2006-09-20 00:00:00-04:00,4350.0,4725.0,4275.0,4575.0,115,0.0,0.0
2006-09-21 00:00:00-04:00,4575.0,4650.0,4500.0,4575.0,27,0.0,0.0
2006-09-22 00:00:00-04:00,4575.0,5025.0,4575.0,4950.0,39,0.0,0.0
2006-09-25 00:00:00-04:00,5025.0,5175.0,4725.0,4800.0,28,0.0,0.0
2006-09-26 00:00:00-04:00,4800.0,4875.0,4500.0,4725.0,17,0.0,0.0
2006-09-27 00:00:00-04:00,4800.0,4800.0,4575.0,4725.0,16,0.0,0.0
2006-09-28 00:00:00-04:00,4650.0,4725.0,4575.0,4650.0,21,0.0,0.0
2006-09-29 00:00:00-04:00,4650.0,4650.0,4500.0,4650.0,13,0.0,0.0
2006-10-02 00:00:00-04:00,4575.0,4650.0,4500.0,4575.0,18,0.0,0.0
2006-10-03 00:00:00-04:00,4725.0,5100.0,4500.0,4950.0,40,0.0,0.0
2006-10-04 00:00:00-04:00,4725.0,5175.0,4725.0,4950.0,34,0.0,0.0
2006-10-05 00:00:00-04:00,5025.0,5100.0,4800.0,4875.0,19,0.0,0.0
2006-10-06 00:00:00-04:00,5025.0,5025.0,4800.0,4950.0,14,0.0,0.0
2006-10-09 00:00:00-04:00,5025.0,5175.0,4950.0,5100.0,25,0.0,0.0
2006-10-10 00:00:00-04:00,5100.0,5100.0,4800.0,4875.0,15,0.0,0.0
2006-10-11 00:00:00-04:00,4950.0,5100.0,4800.0,4875.0,12,0.0,0.0
2006-10-12 00:00:00-04:00,4875.0,5025.0,4875.0,4875.0,10,0.0,0.0
2006-10-13 00:00:00-04:00,4800.0,5100.0,4800.0,5025.0,23,0.0,0.0
2006-10-16 00:00:00-04:00,4950.0,5775.0,4950.0,5700.0,68,0.0,0.0
2006-10-17 00:00:00-04:00,5850.0,6075.0,5625.0,5700.0,35,0.0,0.0
2006-10-18 00:00:00-04:00,5850.0,5925.0,5475.0,5475.0,27,0.0,0.0
2006-10-19 00:00:00-04:00,5475.0,5700.0,5250.0,5325.0,22,0.0,0.0
2006-10-20 00:00:00-04:00,5250.0,5325.0,5250.0,5250.0,18,0.0,0.0
2006-10-23 00:00:00-04:00,5325.0,5400.0,5250.0,5325.0,15,0.0,0.0
2006-10-24 00:00:00-04:00,5400.0,5925.0,5325.0,5850.0,34,0.0,0.0
2006-10-25 00:00:00-04:00,6000.0,6000.0,5625.0,5850.0,20,0.0,0.0
2006-10-26 00:00:00-04:00,5775.0,5850.0,5550.0,5700.0,15,0.0,0.0
2006-10-27 00:00:00-04:00,5700.0,5700.0,5250.0,5250.0,22,0.0,0.0
2006-10-30 00:00:00-05:00,5250.0,5325.0,5250.0,5325.0,11,0.0,0.0
2006-10-31 00:00:00-05:00,5325.0,5325.0,5175.0,5175.0,15,0.0,0.0
2006-11-01 00:00:00-05:00,5175.0,5250.0,4875.0,4950.0,36,0.0,0.0
2006-11-02 00:00:00-05:00,4950.0,5025.0,4875.0,5025.0,25,0.0,0.0
2006-11-03 00:00:00-05:00,5025.0,5100.0,4950.0,5025.0,9,0.0,0.0
2006-11-06 00:00:00-05:00,4950.0,5100.0,4950.0,4950.0,16,0.0,0.0
2006-11-07 00:00:00-05:00,4950.0,5100.0,4875.0,5025.0,17,0.0,0.0
2006-11-08 00:00:00-05:00,5025.0,5025.0,4875.0,4950.0,18,0.0,0.0
2006-11-09 00:00:00-05:00,4950.0,5025.0,4725.0,4725.0,20,0.0,0.0
2006-11-10 00:00:00-05:00,4725.0,4950.0,4725.0,4875.0,14,0.0,0.0
2006-11-13 00:00:00-05:00,5025.0,5100.0,4725.0,5100.0,28,0.0,0.0
2006-11-14 00:00:00-05:00,5100.0,5175.0,4875.0,5025.0,25,0.0,0.0
2006-11-15 00:00:00-05:00,4950.0,5100.0,4875.0,5025.0,20,0.0,0.0
2006-11-16 00:00:00-05:00,5025.0,5100.0,4950.0,5100.0,6,0.0,0.0
2006-11-17 00:00:00-05:00,5100.0,5175.0,4950.0,5025.0,12,0.0,0.0
2006-11-20 00:00:00-05:00,5025.0,5250.0,4875.0,5100.0,17,0.0,0.0
2006-11-21 00:00:00-05:00,5025.0,5250.0,5025.0,5175.0,6,0.0,0.0
2006-11-22 00:00:00-05:00,5025.0,5250.0,4950.0,5025.0,13,0.0,0.0
2006-11-24 00:00:00-05:00,5025.0,5025.0,4875.0,4875.0,17,0.0,0.0
2006-11-27 00:00:00-05:00,5025.0,5100.0,4950.0,4950.0,13,0.0,0.0
2006-11-28 00:00:00-05:00,4950.0,5100.0,4875.0,5025.0,13,0.0,0.0
2006-11-29 00:00:00-05:00,4950.0,4950.0,4875.0,4875.0,9,0.0,0.0
2006-11-30 00:00:00-05:00,4950.0,4950.0,4725.0,4800.0,26,0.0,0.0
2006-12-01 00:00:00-05:00,4725.0,4875.0,4725.0,4725.0,21,0.0,0.0
2006-12-04 00:00:00-05:00,4650.0,4725.0,4575.0,4575.0,30,0.0,0.0
2006-12-05 00:00:00-05:00,4575.0,4650.0,4575.0,4575.0,12,0.0,0.0
2006-12-06 00:00:00-05:00,4575.0,4725.0,4575.0,4725.0,19,0.0,0.0
2006-12-07 00:00:00-05:00,4575.0,4650.0,4500.0,4650.0,32,0.0,0.0
2006-12-08 00:00:00-05:00,4575.0,4650.0,4500.0,4650.0,35,0.0,0.0
2006-12-11 00:00:00-05:00,4650.0,4650.0,4500.0,4575.0,20,0.0,0.0
2006-12-12 00:00:00-05:00,4500.0,4500.0,4350.0,4350.0,41,0.0,0.0
2006-12-13 00:00:00-05:00,4500.0,4500.0,4275.0,4350.0,27,0.0,0.0
2006-12-14 00:00:00-05:00,4350.0,4425.0,4275.0,4425.0,18,0.0,0.0
2006-12-15 00:00:00-05:00,4350.0,4425.0,4275.0,4350.0,23,0.0,0.0
2006-12-18 00:00:00-05:00,4275.0,4350.0,4125.0,4125.0,41,0.0,0.0
2006-12-19 00:00:00-05:00,4125.0,4650.0,4125.0,4350.0,113,0.0,0.0
2006-12-20 00:00:00-05:00,4575.0,4575.0,4275.0,4500.0,35,0.0,0.0
2006-12-21 00:00:00-05:00,4500.0,4575.0,4350.0,4425.0,11,0.0,0.0
2006-12-22 00:00:00-05:00,4425.0,4500.0,4350.0,4425.0,13,0.0,0.0
2006-12-26 00:00:00-05:00,4425.0,4575.0,4275.0,4350.0,35,0.0,0.0
2006-12-27 00:00:00-05:00,4350.0,4500.0,4275.0,4425.0,22,0.0,0.0
2006-12-28 00:00:00-05:00,4425.0,4425.0,4200.0,4350.0,16,0.0,0.0
2006-12-29 00:00:00-05:00,4350.0,4350.0,4125.0,4200.0,58,0.0,0.0
2007-01-03 00:00:00-05:00,4200.0,4500.0,4200.0,4350.0,36,0.0,0.0
2007-01-04 00:00:00-05:00,4425.0,4500.0,4350.0,4425.0,16,0.0,0.0
2007-01-05 00:00:00-05:00,4500.0,4650.0,4425.0,4650.0,26,0.0,0.0
2007-01-08 00:00:00-05:00,4725.0,4725.0,4500.0,4650.0,15,0.0,0.0
2007-01-09 00:00:00-05:00,4500.0,4725.0,4425.0,4575.0,22,0.0,0.0
2007-01-10 00:00:00-05:00,4725.0,4725.0,4350.0,4575.0,22,0.0,0.0
2007-01-11 00:00:00-05:00,4575.0,4650.0,4350.0,4500.0,26,0.0,0.0
2007-01-12 00:00:00-05:00,4425.0,4575.0,4350.0,4425.0,9,0.0,0.0
2007-01-16 00:00:00-05:00,4350.0,6000.0,4275.0,5250.0,327,0.0,0.0
2007-01-17 00:00:00-05:00,5550.0,5550.0,4875.0,4950.0,47,0.0,0.0
2007-01-18 00:00:00-05:00,4725.0,5025.0,4725.0,5025.0,32,0.0,0.0
2007-01-19 00:00:00-05:00,5100.0,5100.0,4875.0,4950.0,15,0.0,0.0
2007-01-22 00:00:00-05:00,5175.0,5700.0,4875.0,4950.0,42,0.0,0.0
2007-01-23 00:00:00-05:00,4950.0,4950.0,4875.0,4950.0,10,0.0,0.0
2007-01-24 00:00:00-05:00,5175.0,5175.0,4875.0,5100.0,18,0.0,0.0
2007-01-25 00:00:00-05:00,5100.0,5100.0,4950.0,5025.0,14,0.0,0.0
2007-01-26 00:00:00-05:00,5025.0,5100.0,5025.0,5100.0,23,0.0,0.0
2007-01-29 00:00:00-05:00,5100.0,5475.0,5025.0,5250.0,40,0.0,0.0
2007-01-30 00:00:00-05:00,5325.0,5400.0,5025.0,5250.0,23,0.0,0.0
2007-01-31 00:00:00-05:00,5400.0,5475.0,5100.0,5400.0,37,0.0,0.0
2007-02-01 00:00:00-05:00,5550.0,6300.0,5550.0,6000.0,94,0.0,0.0
2007-02-02 00:00:00-05:00,6150.0,6750.0,5475.0,6075.0,170,0.0,0.0
2007-02-05 00:00:00-05:00,6075.0,6750.0,5700.0,6375.0,123,0.0,0.0
2007-02-06 00:00:00-05:00,6375.0,6450.0,5850.0,6225.0,66,0.0,0.0
2007-02-07 00:00:00-05:00,6300.0,6675.0,6000.0,6000.0,41,0.0,0.0
2007-02-08 00:00:00-05:00,6000.0,6150.0,5700.0,5775.0,32,0.0,0.0
2007-02-09 00:00:00-05:00,5775.0,6000.0,5775.0,6000.0,26,0.0,0.0
2007-02-12 00:00:00-05:00,6000.0,6225.0,5850.0,5925.0,25,0.0,0.0
2007-02-13 00:00:00-05:00,5850.0,6000.0,5850.0,5925.0,16,0.0,0.0
2007-02-14 00:00:00-05:00,5925.0,6000.0,5775.0,5925.0,20,0.0,0.0
2007-02-15 00:00:00-05:00,5775.0,5775.0,5550.0,5775.0,41,0.0,0.0
2007-02-16 00:00:00-05:00,5700.0,5775.0,5550.0,5625.0,14,0.0,0.0
2007-02-20 00:00:00-05:00,5625.0,5775.0,5550.0,5625.0,26,0.0,0.0
2007-02-21 00:00:00-05:00,5550.0,5850.0,5475.0,5550.0,21,0.0,0.0
2007-02-22 00:00:00-05:00,5625.0,5625.0,5475.0,5475.0,11,0.0,0.0
2007-02-23 00:00:00-05:00,5475.0,5475.0,5100.0,5250.0,36,0.0,0.0
2007-02-26 00:00:00-05:00,5325.0,5550.0,5250.0,5475.0,62,0.0,0.0
2007-02-27 00:00:00-05:00,5400.0,5475.0,5175.0,5325.0,45,0.0,0.0
2007-02-28 00:00:00-05:00,5175.0,5400.0,5100.0,5325.0,11,0.0,0.0
2007-03-01 00:00:00-05:00,5325.0,5325.0,5100.0,5175.0,30,0.0,0.0
2007-03-02 00:00:00-05:00,5100.0,5250.0,5100.0,5250.0,21,0.0,0.0
2007-03-05 00:00:00-05:00,5250.0,5250.0,4875.0,5025.0,34,0.0,0.0
2007-03-06 00:00:00-05:00,4875.0,5175.0,4875.0,5100.0,19,0.0,0.0
2007-03-07 00:00:00-05:00,5025.0,5175.0,4950.0,5025.0,14,0.0,0.0
2007-03-08 00:00:00-05:00,5100.0,5100.0,4950.0,4950.0,14,0.0,0.0
2007-03-09 00:00:00-05:00,4875.0,5100.0,4875.0,5100.0,11,0.0,0.0
2007-03-12 00:00:00-04:00,5100.0,5475.0,5100.0,5400.0,44,0.0,0.0
2007-03-13 00:00:00-04:00,5400.0,5475.0,4950.0,5025.0,30,0.0,0.0
2007-03-14 00:00:00-04:00,5100.0,5475.0,5025.0,5250.0,21,0.0,0.0
2007-03-15 00:00:00-04:00,5325.0,5325.0,5175.0,5175.0,7,0.0,0.0
2007-03-16 00:00:00-04:00,5175.0,5250.0,5025.0,5025.0,17,0.0,0.0
2007-03-19 00:00:00-04:00,5250.0,5400.0,5175.0,5325.0,54,0.0,0.0
2007-03-20 00:00:00-04:00,5325.0,5625.0,5325.0,5550.0,29,0.0,0.0
2007-03-21 00:00:00-04:00,5850.0,6075.0,5625.0,5775.0,52,0.0,0.0
2007-03-22 00:00:00-04:00,5850.0,6000.0,5475.0,5550.0,32,0.0,0.0
2007-03-23 00:00:00-04:00,5625.0,5925.0,5475.0,5475.0,8,0.0,0.0
2007-03-26 00:00:00-04:00,5400.0,5700.0,5325.0,5325.0,25,0.0,0.0
2007-03-27 00:00:00-04:00,5475.0,5925.0,5325.0,5700.0,14,0.0,0.0
2007-03-28 00:00:00-04:00,5700.0,5775.0,5400.0,5550.0,11,0.0,0.0
2007-03-29 00:00:00-04:00,5625.0,5700.0,5550.0,5550.0,14,0.0,0.0
2007-03-30 00:00:00-04:00,5700.0,5700.0,5550.0,5700.0,8,0.0,0.0
2007-04-02 00:00:00-04:00,5700.0,5700.0,5400.0,5475.0,50,0.0,0.0
2007-04-03 00:00:00-04:00,5700.0,5850.0,5475.0,5475.0,18,0.0,0.0
2007-04-04 00:00:00-04:00,5550.0,5550.0,5400.0,5400.0,19,0.0,0.0
2007-04-05 00:00:00-04:00,5475.0,5625.0,5400.0,5475.0,16,0.0,0.0
2007-04-09 00:00:00-04:00,5625.0,5850.0,5475.0,5550.0,27,0.0,0.0
2007-04-10 00:00:00-04:00,5475.0,5700.0,5475.0,5550.0,19,0.0,0.0
2007-04-11 00:00:00-04:00,5700.0,5850.0,5475.0,5550.0,51,0.0,0.0
2007-04-12 00:00:00-04:00,5475.0,5625.0,5475.0,5550.0,31,0.0,0.0
2007-04-13 00:00:00-04:00,5475.0,5625.0,5400.0,5475.0,33,0.0,0.0
2007-04-16 00:00:00-04:00,5475.0,5550.0,5400.0,5475.0,12,0.0,0.0
2007-04-17 00:00:00-04:00,5550.0,5700.0,5475.0,5625.0,16,0.0,0.0
2007-04-18 00:00:00-04:00,5550.0,6075.0,5475.0,6075.0,107,0.0,0.0
2007-04-19 00:00:00-04:00,6000.0,6075.0,5850.0,5850.0,36,0.0,0.0
2007-04-20 00:00:00-04:00,5850.0,6000.0,5850.0,5925.0,20,0.0,0.0
2007-04-23 00:00:00-04:00,6000.0,6075.0,5850.0,6000.0,16,0.0,0.0
2007-04-24 00:00:00-04:00,5850.0,6450.0,5850.0,6075.0,73,0.0,0.0
2007-04-25 00:00:00-04:00,6000.0,6300.0,6000.0,6300.0,29,0.0,0.0
2007-04-26 00:00:00-04:00,6300.0,6675.0,6300.0,6675.0,75,0.0,0.0
2007-04-27 00:00:00-04:00,6750.0,6750.0,6375.0,6675.0,67,0.0,0.0
2007-04-30 00:00:00-04:00,6600.0,6600.0,6375.0,6525.0,55,0.0,0.0
2007-05-01 00:00:00-04:00,6525.0,7275.0,6450.0,6600.0,190,0.0,0.0
2007-05-02 00:00:00-04:00,6750.0,6750.0,6450.0,6600.0,48,0.0,0.0
2007-05-03 00:00:00-04:00,6600.0,6900.0,6450.0,6450.0,90,0.0,0.0
2007-05-04 00:00:00-04:00,6600.0,6825.0,6450.0,6750.0,67,0.0,0.0
2007-05-07 00:00:00-04:00,6825.0,7125.0,6750.0,6900.0,111,0.0,0.0
2007-05-08 00:00:00-04:00,6975.0,7275.0,6750.0,7200.0,181,0.0,0.0
2007-05-09 00:00:00-04:00,7200.0,7200.0,6375.0,6600.0,117,0.0,0.0
2007-05-10 00:00:00-04:00,6600.0,6675.0,6075.0,6150.0,54,0.0,0.0
2007-05-11 00:00:00-04:00,6225.0,6225.0,6075.0,6225.0,27,0.0,0.0
2007-05-14 00:00:00-04:00,6150.0,6525.0,6150.0,6225.0,38,0.0,0.0
2007-05-15 00:00:00-04:00,6150.0,6600.0,6000.0,6525.0,91,0.0,0.0
2007-05-16 00:00:00-04:00,6525.0,7050.0,6525.0,6825.0,123,0.0,0.0
2007-05-17 00:00:00-04:00,7125.0,7125.0,6675.0,6750.0,32,0.0,0.0
2007-05-18 00:00:00-04:00,6825.0,6975.0,6675.0,6675.0,96,0.0,0.0
2007-05-21 00:00:00-04:00,6825.0,7050.0,6450.0,6750.0,108,0.0,0.0
2007-05-22 00:00:00-04:00,7050.0,7050.0,6675.0,6825.0,62,0.0,0.0
2007-05-23 00:00:00-04:00,6825.0,8100.0,6600.0,6750.0,188,0.0,0.0
2007-05-24 00:00:00-04:00,6750.0,6750.0,6300.0,6300.0,59,0.0,0.0
2007-05-25 00:00:00-04:00,6375.0,6450.0,6150.0,6300.0,35,0.0,0.0
2007-05-29 00:00:00-04:00,6375.0,6600.0,6225.0,6300.0,29,0.0,0.0
2007-05-30 00:00:00-04:00,6075.0,6225.0,6000.0,6000.0,34,0.0,0.0
2007-05-31 00:00:00-04:00,6375.0,6375.0,6000.0,6075.0,32,0.0,0.0
2007-06-01 00:00:00-04:00,6225.0,6300.0,6000.0,6225.0,17,0.0,0.0
2007-06-04 00:00:00-04:00,6300.0,6450.0,6150.0,6450.0,14,0.0,0.0
2007-06-05 00:00:00-04:00,6450.0,6450.0,6225.0,6300.0,6,0.0,0.0
2007-06-06 00:00:00-04:00,6375.0,6450.0,6150.0,6225.0,14,0.0,0.0
2007-06-07 00:00:00-04:00,6450.0,6450.0,5325.0,5625.0,119,0.0,0.0
2007-06-08 00:00:00-04:00,5775.0,6150.0,5700.0,6075.0,42,0.0,0.0
2007-06-11 00:00:00-04:00,6150.0,6150.0,5775.0,6000.0,9,0.0,0.0
2007-06-12 00:00:00-04:00,5925.0,7050.0,5850.0,6225.0,154,0.0,0.0
2007-06-13 00:00:00-04:00,6525.0,6525.0,6225.0,6375.0,79,0.0,0.0
2007-06-14 00:00:00-04:00,6375.0,6450.0,6150.0,6300.0,51,0.0,0.0
2007-06-15 00:00:00-04:00,6300.0,6600.0,6075.0,6075.0,21,0.0,0.0
2007-06-18 00:00:00-04:00,6375.0,6450.0,6075.0,6300.0,20,0.0,0.0
2007-06-19 00:00:00-04:00,6225.0,6300.0,6150.0,6225.0,12,0.0,0.0
2007-06-20 00:00:00-04:00,6150.0,6300.0,6150.0,6225.0,14,0.0,0.0
2007-06-21 00:00:00-04:00,6225.0,6225.0,6150.0,6150.0,17,0.0,0.0
2007-06-22 00:00:00-04:00,6225.0,6375.0,6000.0,6075.0,30,0.0,0.0
2007-06-25 00:00:00-04:00,6000.0,6150.0,5850.0,5850.0,20,0.0,0.0
2007-06-26 00:00:00-04:00,6000.0,6075.0,5850.0,5850.0,50,0.0,0.0
2007-06-27 00:00:00-04:00,5925.0,6000.0,5625.0,5625.0,43,0.0,0.0
2007-06-28 00:00:00-04:00,5775.0,5850.0,5700.0,5700.0,22,0.0,0.0
2007-06-29 00:00:00-04:00,6000.0,6000.0,5550.0,5550.0,47,0.0,0.0
2007-07-02 00:00:00-04:00,5475.0,5625.0,5475.0,5550.0,24,0.0,0.0
2007-07-03 00:00:00-04:00,5550.0,5625.0,5400.0,5550.0,20,0.0,0.0
2007-07-05 00:00:00-04:00,5550.0,5625.0,5475.0,5625.0,19,0.0,0.0
2007-07-06 00:00:00-04:00,5475.0,5700.0,5325.0,5700.0,29,0.0,0.0
2007-07-09 00:00:00-04:00,5700.0,5700.0,5400.0,5475.0,13,0.0,0.0
2007-07-10 00:00:00-04:00,5625.0,5625.0,5400.0,5550.0,29,0.0,0.0
2007-07-11 00:00:00-04:00,5625.0,5625.0,5475.0,5550.0,10,0.0,0.0
2007-07-12 00:00:00-04:00,5550.0,5625.0,5400.0,5550.0,17,0.0,0.0
2007-07-13 00:00:00-04:00,5400.0,5475.0,5175.0,5400.0,70,0.0,0.0
2007-07-16 00:00:00-04:00,5325.0,5625.0,5325.0,5400.0,10,0.0,0.0
2007-07-17 00:00:00-04:00,5550.0,5550.0,5250.0,5325.0,18,0.0,0.0
2007-07-18 00:00:00-04:00,5325.0,5400.0,5250.0,5325.0,6,0.0,0.0
2007-07-19 00:00:00-04:00,5250.0,5325.0,5175.0,5250.0,24,0.0,0.0
2007-07-20 00:00:00-04:00,5550.0,5550.0,5100.0,5250.0,18,0.0,0.0
2007-07-23 00:00:00-04:00,5175.0,5250.0,5025.0,5025.0,14,0.0,0.0
2007-07-24 00:00:00-04:00,5025.0,5175.0,5025.0,5100.0,10,0.0,0.0
2007-07-25 00:00:00-04:00,5100.0,5325.0,5100.0,5250.0,13,0.0,0.0
2007-07-26 00:00:00-04:00,5100.0,5175.0,5025.0,5100.0,13,0.0,0.0
2007-07-27 00:00:00-04:00,5175.0,5175.0,4950.0,5025.0,13,0.0,0.0
2007-07-30 00:00:00-04:00,5175.0,5175.0,4875.0,5025.0,21,0.0,0.0
2007-07-31 00:00:00-04:00,4875.0,5250.0,4875.0,4875.0,16,0.0,0.0
2007-08-01 00:00:00-04:00,4875.0,5025.0,4875.0,4875.0,13,0.0,0.0
2007-08-02 00:00:00-04:00,4875.0,5025.0,4875.0,5025.0,5,0.0,0.0
2007-08-03 00:00:00-04:00,5025.0,5025.0,4875.0,4950.0,8,0.0,0.0
2007-08-06 00:00:00-04:00,5025.0,5025.0,4725.0,4725.0,15,0.0,0.0
2007-08-07 00:00:00-04:00,4800.0,4950.0,4650.0,4950.0,14,0.0,0.0
2007-08-08 00:00:00-04:00,5025.0,5100.0,4650.0,5025.0,25,0.0,0.0
2007-08-09 00:00:00-04:00,5025.0,5025.0,4650.0,4725.0,19,0.0,0.0
2007-08-10 00:00:00-04:00,4725.0,4800.0,4650.0,4725.0,22,0.0,0.0
2007-08-13 00:00:00-04:00,4725.0,4800.0,4725.0,4800.0,6,0.0,0.0
2007-08-14 00:00:00-04:00,4725.0,4800.0,4500.0,4650.0,26,0.0,0.0
2007-08-15 00:00:00-04:00,4575.0,4725.0,4500.0,4725.0,19,0.0,0.0
2007-08-16 00:00:00-04:00,4725.0,4725.0,4275.0,4500.0,37,0.0,0.0
2007-08-17 00:00:00-04:00,4800.0,4800.0,4425.0,4500.0,17,0.0,0.0
2007-08-20 00:00:00-04:00,4725.0,4800.0,4575.0,4650.0,16,0.0,0.0
2007-08-21 00:00:00-04:00,4725.0,4725.0,4575.0,4725.0,4,0.0,0.0
2007-08-22 00:00:00-04:00,4575.0,4800.0,4575.0,4650.0,7,0.0,0.0
2007-08-23 00:00:00-04:00,4725.0,4800.0,4650.0,4725.0,12,0.0,0.0
2007-08-24 00:00:00-04:00,4725.0,4800.0,4650.0,4650.0,11,0.0,0.0
2007-08-27 00:00:00-04:00,4725.0,4800.0,4650.0,4800.0,20,0.0,0.0
2007-08-28 00:00:00-04:00,4800.0,4875.0,4725.0,4800.0,16,0.0,0.0
2007-08-29 00:00:00-04:00,4875.0,4950.0,4800.0,4950.0,8,0.0,0.0
2007-08-30 00:00:00-04:00,4950.0,4950.0,4800.0,4950.0,18,0.0,0.0
2007-08-31 00:00:00-04:00,4950.0,5100.0,4875.0,5100.0,16,0.0,0.0
2007-09-04 00:00:00-04:00,5100.0,5100.0,4650.0,4800.0,17,0.0,0.0
2007-09-05 00:00:00-04:00,4725.0,4725.0,4425.0,4650.0,35,0.0,0.0
2007-09-06 00:00:00-04:00,4650.0,4650.0,4425.0,4500.0,25,0.0,0.0
2007-09-07 00:00:00-04:00,4650.0,4650.0,4500.0,4575.0,15,0.0,0.0
2007-09-10 00:00:00-04:00,4575.0,4875.0,4500.0,4725.0,55,0.0,0.0
2007-09-11 00:00:00-04:00,4950.0,4950.0,4575.0,4875.0,29,0.0,0.0
2007-09-12 00:00:00-04:00,4725.0,4800.0,4575.0,4650.0,16,0.0,0.0
2007-09-13 00:00:00-04:00,4725.0,4800.0,4650.0,4800.0,10,0.0,0.0
2007-09-14 00:00:00-04:00,4650.0,4725.0,4650.0,4725.0,11,0.0,0.0
2007-09-17 00:00:00-04:00,4725.0,4875.0,4725.0,4875.0,15,0.0,0.0
2007-09-18 00:00:00-04:00,4725.0,4800.0,4575.0,4800.0,28,0.0,0.0
2007-09-19 00:00:00-04:00,4875.0,4875.0,4575.0,4725.0,39,0.0,0.0
2007-09-20 00:00:00-04:00,4725.0,4725.0,4650.0,4725.0,5,0.0,0.0
2007-09-21 00:00:00-04:00,4725.0,5175.0,4725.0,4875.0,19,0.0,0.0
2007-09-24 00:00:00-04:00,4875.0,4875.0,4650.0,4800.0,23,0.0,0.0
2007-09-25 00:00:00-04:00,4800.0,4800.0,4650.0,4800.0,9,0.0,0.0
2007-09-26 00:00:00-04:00,4875.0,4875.0,4650.0,4725.0,15,0.0,0.0
2007-09-27 00:00:00-04:00,4725.0,4875.0,4575.0,4725.0,30,0.0,0.0
2007-09-28 00:00:00-04:00,4725.0,4800.0,4575.0,4725.0,12,0.0,0.0
2007-10-01 00:00:00-04:00,4800.0,4800.0,4650.0,4725.0,9,0.0,0.0
2007-10-02 00:00:00-04:00,4725.0,4875.0,4650.0,4725.0,25,0.0,0.0
2007-10-03 00:00:00-04:00,4725.0,4800.0,4725.0,4800.0,12,0.0,0.0
2007-10-04 00:00:00-04:00,4725.0,4800.0,4650.0,4725.0,11,0.0,0.0
2007-10-05 00:00:00-04:00,4725.0,4725.0,4650.0,4725.0,11,0.0,0.0
2007-10-08 00:00:00-04:00,4725.0,4800.0,4650.0,4650.0,10,0.0,0.0
2007-10-09 00:00:00-04:00,4650.0,4725.0,4575.0,4650.0,22,0.0,0.0
2007-10-10 00:00:00-04:00,4725.0,4800.0,4650.0,4800.0,12,0.0,0.0
2007-10-11 00:00:00-04:00,4800.0,4800.0,4650.0,4800.0,22,0.0,0.0
2007-10-12 00:00:00-04:00,4800.0,4800.0,4725.0,4800.0,18,0.0,0.0
2007-10-15 00:00:00-04:00,4725.0,4800.0,4650.0,4800.0,14,0.0,0.0
2007-10-16 00:00:00-04:00,4800.0,4800.0,4650.0,4725.0,17,0.0,0.0
2007-10-17 00:00:00-04:00,4725.0,4725.0,4650.0,4725.0,14,0.0,0.0
2007-10-18 00:00:00-04:00,4725.0,4725.0,4650.0,4650.0,11,0.0,0.0
2007-10-19 00:00:00-04:00,4725.0,4725.0,4575.0,4650.0,24,0.0,0.0
2007-10-22 00:00:00-04:00,4650.0,4725.0,4575.0,4650.0,15,0.0,0.0
2007-10-23 00:00:00-04:00,4650.0,4650.0,4500.0,4500.0,22,0.0,0.0
2007-10-24 00:00:00-04:00,4575.0,4650.0,4500.0,4650.0,18,0.0,0.0
2007-10-25 00:00:00-04:00,4500.0,4650.0,4500.0,4650.0,19,0.0,0.0
2007-10-26 00:00:00-04:00,4575.0,4575.0,4500.0,4500.0,18,0.0,0.0
2007-10-29 00:00:00-04:00,4500.0,4650.0,4500.0,4500.0,26,0.0,0.0
2007-10-30 00:00:00-04:00,4500.0,4650.0,4500.0,4650.0,14,0.0,0.0
2007-10-31 00:00:00-04:00,4650.0,4650.0,4500.0,4650.0,18,0.0,0.0
2007-11-01 00:00:00-04:00,4650.0,4650.0,4500.0,4575.0,8,0.0,0.0
2007-11-02 00:00:00-04:00,4575.0,4650.0,4500.0,4575.0,26,0.0,0.0
2007-11-05 00:00:00-05:00,4575.0,4575.0,4500.0,4500.0,15,0.0,0.0
2007-11-06 00:00:00-05:00,4500.0,4575.0,4425.0,4500.0,28,0.0,0.0
2007-11-07 00:00:00-05:00,4575.0,4575.0,4275.0,4275.0,12,0.0,0.0
2007-11-08 00:00:00-05:00,4425.0,4425.0,4125.0,4275.0,35,0.0,0.0
2007-11-09 00:00:00-05:00,4425.0,4425.0,4200.0,4425.0,23,0.0,0.0
2007-11-12 00:00:00-05:00,3750.0,4425.0,3750.0,4350.0,21,0.0,0.0
2007-11-13 00:00:00-05:00,4125.0,4350.0,4125.0,4350.0,14,0.0,0.0
2007-11-14 00:00:00-05:00,4500.0,4500.0,4125.0,4350.0,13,0.0,0.0
2007-11-15 00:00:00-05:00,3750.0,4350.0,3750.0,4200.0,9,0.0,0.0
2007-11-16 00:00:00-05:00,4200.0,4200.0,4125.0,4200.0,30,0.0,0.0
2007-11-19 00:00:00-05:00,4200.0,4200.0,3975.0,4200.0,10,0.0,0.0
2007-11-20 00:00:00-05:00,3975.0,4275.0,3975.0,4125.0,23,0.0,0.0
2007-11-21 00:00:00-05:00,4200.0,4200.0,4050.0,4125.0,13,0.0,0.0
2007-11-23 00:00:00-05:00,4200.0,4200.0,3975.0,4125.0,16,0.0,0.0
2007-11-26 00:00:00-05:00,4125.0,4200.0,3825.0,4050.0,16,0.0,0.0
2007-11-27 00:00:00-05:00,4125.0,4125.0,3900.0,4050.0,18,0.0,0.0
2007-11-28 00:00:00-05:00,4050.0,4050.0,3900.0,3975.0,14,0.0,0.0
2007-11-29 00:00:00-05:00,3975.0,4050.0,3825.0,4050.0,11,0.0,0.0
2007-11-30 00:00:00-05:00,4050.0,4125.0,3900.0,4125.0,39,0.0,0.0
2007-12-03 00:00:00-05:00,4125.0,4125.0,3975.0,4125.0,9,0.0,0.0
2007-12-04 00:00:00-05:00,4200.0,4200.0,3975.0,4125.0,10,0.0,0.0
2007-12-05 00:00:00-05:00,4050.0,4125.0,3900.0,3900.0,10,0.0,0.0
2007-12-06 00:00:00-05:00,3900.0,4050.0,3900.0,3975.0,20,0.0,0.0
2007-12-07 00:00:00-05:00,3975.0,4050.0,3900.0,3900.0,18,0.0,0.0
2007-12-10 00:00:00-05:00,3900.0,3975.0,3900.0,3900.0,17,0.0,0.0
2007-12-11 00:00:00-05:00,3900.0,3975.0,3825.0,3900.0,33,0.0,0.0
2007-12-12 00:00:00-05:00,3825.0,3975.0,3825.0,3900.0,8,0.0,0.0
2007-12-13 00:00:00-05:00,3975.0,4125.0,3825.0,4050.0,24,0.0,0.0
2007-12-14 00:00:00-05:00,3975.0,4200.0,3975.0,4200.0,14,0.0,0.0
2007-12-17 00:00:00-05:00,4125.0,4125.0,3900.0,3975.0,7,0.0,0.0
2007-12-18 00:00:00-05:00,3825.0,4050.0,3825.0,4050.0,14,0.0,0.0
2007-12-19 00:00:00-05:00,3900.0,4125.0,3900.0,3975.0,11,0.0,0.0
2007-12-20 00:00:00-05:00,3825.0,4050.0,3600.0,4050.0,17,0.0,0.0
2007-12-21 00:00:00-05:00,3975.0,4050.0,3825.0,3900.0,12,0.0,0.0
2007-12-24 00:00:00-05:00,3900.0,3900.0,3825.0,3900.0,14,0.0,0.0
2007-12-26 00:00:00-05:00,3975.0,3975.0,3750.0,3825.0,39,0.0,0.0
2007-12-27 00:00:00-05:00,3750.0,3900.0,3750.0,3750.0,17,0.0,0.0
2007-12-28 00:00:00-05:00,3750.0,3825.0,3750.0,3825.0,28,0.0,0.0
2007-12-31 00:00:00-05:00,3600.0,3825.0,3600.0,3825.0,51,0.0,0.0
2008-01-02 00:00:00-05:00,3600.0,3975.0,3600.0,3975.0,11,0.0,0.0
2008-01-03 00:00:00-05:00,4050.0,4050.0,3825.0,3975.0,7,0.0,0.0
2008-01-04 00:00:00-05:00,3975.0,3975.0,3825.0,3900.0,7,0.0,0.0
2008-01-07 00:00:00-05:00,3825.0,3975.0,3750.0,3900.0,10,0.0,0.0
2008-01-08 00:00:00-05:00,3900.0,4050.0,3825.0,3900.0,12,0.0,0.0
2008-01-09 00:00:00-05:00,3900.0,4050.0,3750.0,3750.0,15,0.0,0.0
2008-01-10 00:00:00-05:00,3825.0,3825.0,3600.0,3750.0,25,0.0,0.0
2008-01-11 00:00:00-05:00,3900.0,3900.0,3675.0,3750.0,6,0.0,0.0
2008-01-14 00:00:00-05:00,3900.0,3900.0,3600.0,3750.0,31,0.0,0.0
2008-01-15 00:00:00-05:00,3750.0,3750.0,3675.0,3675.0,7,0.0,0.0
2008-01-16 00:00:00-05:00,3750.0,3750.0,3675.0,3750.0,10,0.0,0.0
2008-01-17 00:00:00-05:00,3675.0,3675.0,3525.0,3675.0,19,0.0,0.0
2008-01-18 00:00:00-05:00,3675.0,3675.0,3450.0,3525.0,15,0.0,0.0
2008-01-22 00:00:00-05:00,3525.0,3600.0,2775.0,3450.0,36,0.0,0.0
2008-01-23 00:00:00-05:00,3375.0,3450.0,3000.0,3300.0,48,0.0,0.0
2008-01-24 00:00:00-05:00,3300.0,3525.0,3225.0,3525.0,15,0.0,0.0
2008-01-25 00:00:00-05:00,3525.0,3525.0,3450.0,3525.0,25,0.0,0.0
2008-01-28 00:00:00-05:00,3525.0,3900.0,3225.0,3750.0,65,0.0,0.0
2008-01-29 00:00:00-05:00,3750.0,3900.0,3675.0,3900.0,23,0.0,0.0
2008-01-30 00:00:00-05:00,3975.0,3975.0,3750.0,3900.0,7,0.0,0.0
2008-01-31 00:00:00-05:00,3750.0,4275.0,3750.0,3975.0,11,0.0,0.0
2008-02-01 00:00:00-05:00,3975.0,4500.0,3825.0,4425.0,20,0.0,0.0
2008-02-04 00:00:00-05:00,4575.0,5475.0,4500.0,5175.0,61,0.0,0.0
2008-02-05 00:00:00-05:00,5175.0,5550.0,4725.0,5100.0,38,0.0,0.0
2008-02-06 00:00:00-05:00,5100.0,5100.0,4575.0,4575.0,29,0.0,0.0
2008-02-07 00:00:00-05:00,4575.0,4725.0,4125.0,4125.0,29,0.0,0.0
2008-02-08 00:00:00-05:00,4725.0,4725.0,4125.0,4200.0,12,0.0,0.0
2008-02-11 00:00:00-05:00,4125.0,4275.0,4125.0,4125.0,12,0.0,0.0
2008-02-12 00:00:00-05:00,4050.0,4200.0,4050.0,4200.0,16,0.0,0.0
2008-02-13 00:00:00-05:00,4125.0,4500.0,3975.0,4500.0,10,0.0,0.0
2008-02-14 00:00:00-05:00,4575.0,4575.0,3975.0,4125.0,15,0.0,0.0
2008-02-15 00:00:00-05:00,4125.0,4275.0,4125.0,4275.0,9,0.0,0.0
2008-02-19 00:00:00-05:00,4125.0,4200.0,3975.0,3975.0,5,0.0,0.0
2008-02-20 00:00:00-05:00,4050.0,4275.0,3975.0,3975.0,15,0.0,0.0
2008-02-21 00:00:00-05:00,4125.0,4125.0,3975.0,4125.0,9,0.0,0.0
2008-02-22 00:00:00-05:00,3975.0,4200.0,3975.0,4125.0,14,0.0,0.0
2008-02-25 00:00:00-05:00,3900.0,4050.0,3900.0,3975.0,20,0.0,0.0
2008-02-26 00:00:00-05:00,3975.0,4200.0,3975.0,4125.0,25,0.0,0.0
2008-02-27 00:00:00-05:00,4275.0,4500.0,4200.0,4425.0,38,0.0,0.0
2008-02-28 00:00:00-05:00,4200.0,4650.0,4125.0,4500.0,18,0.0,0.0
2008-02-29 00:00:00-05:00,4350.0,4800.0,4350.0,4800.0,24,0.0,0.0
2008-03-03 00:00:00-05:00,5025.0,5025.0,4500.0,4800.0,24,0.0,0.0
2008-03-04 00:00:00-05:00,5025.0,5025.0,4350.0,4800.0,10,0.0,0.0
2008-03-05 00:00:00-05:00,4875.0,5025.0,4575.0,5025.0,15,0.0,0.0
2008-03-06 00:00:00-05:00,4875.0,5550.0,4800.0,4875.0,12,0.0,0.0
2008-03-07 00:00:00-05:00,5250.0,5250.0,4725.0,4875.0,17,0.0,0.0
2008-03-10 00:00:00-04:00,4725.0,5175.0,4575.0,4575.0,9,0.0,0.0
2008-03-11 00:00:00-04:00,4575.0,5100.0,4575.0,4800.0,16,0.0,0.0
2008-03-12 00:00:00-04:00,4875.0,5175.0,4875.0,5100.0,45,0.0,0.0
2008-03-13 00:00:00-04:00,5100.0,5100.0,4800.0,4875.0,11,0.0,0.0
2008-03-14 00:00:00-04:00,5100.0,5100.0,4650.0,5025.0,17,0.0,0.0
2008-03-17 00:00:00-04:00,5025.0,5025.0,4800.0,5025.0,4,0.0,0.0
2008-03-18 00:00:00-04:00,5250.0,5250.0,4875.0,4950.0,3,0.0,0.0
2008-03-19 00:00:00-04:00,5250.0,5250.0,4875.0,4875.0,19,0.0,0.0
2008-03-20 00:00:00-04:00,4875.0,4875.0,4650.0,4650.0,11,0.0,0.0
2008-03-24 00:00:00-04:00,4650.0,5025.0,4575.0,4950.0,18,0.0,0.0
2008-03-25 00:00:00-04:00,4950.0,5025.0,4800.0,4875.0,8,0.0,0.0
2008-03-26 00:00:00-04:00,4875.0,5100.0,4725.0,5025.0,16,0.0,0.0
2008-03-27 00:00:00-04:00,5025.0,5025.0,4800.0,4800.0,6,0.0,0.0
2008-03-28 00:00:00-04:00,4875.0,5025.0,4800.0,4950.0,8,0.0,0.0
2008-03-31 00:00:00-04:00,5175.0,5175.0,4575.0,5100.0,13,0.0,0.0
2008-04-01 00:00:00-04:00,4875.0,5250.0,4875.0,5175.0,16,0.0,0.0
2008-04-02 00:00:00-04:00,4875.0,5025.0,4500.0,4875.0,20,0.0,0.0
2008-04-03 00:00:00-04:00,4875.0,4875.0,4575.0,4575.0,55,0.0,0.0
2008-04-04 00:00:00-04:00,4575.0,4875.0,4575.0,4875.0,23,0.0,0.0
2008-04-07 00:00:00-04:00,4875.0,4950.0,4650.0,4950.0,15,0.0,0.0
2008-04-08 00:00:00-04:00,4950.0,5100.0,4725.0,5100.0,16,0.0,0.0
2008-04-09 00:00:00-04:00,5025.0,5250.0,4950.0,5250.0,27,0.0,0.0
2008-04-10 00:00:00-04:00,5175.0,5250.0,5100.0,5250.0,11,0.0,0.0
2008-04-11 00:00:00-04:00,5250.0,5250.0,4875.0,5250.0,20,0.0,0.0
2008-04-14 00:00:00-04:00,4875.0,5250.0,4875.0,5250.0,15,0.0,0.0
2008-04-15 00:00:00-04:00,5250.0,5250.0,5100.0,5250.0,11,0.0,0.0
2008-04-16 00:00:00-04:00,4875.0,5100.0,4875.0,5025.0,20,0.0,0.0
2008-04-17 00:00:00-04:00,4875.0,5250.0,4875.0,5175.0,9,0.0,0.0
2008-04-18 00:00:00-04:00,5175.0,5250.0,5100.0,5100.0,10,0.0,0.0
2008-04-21 00:00:00-04:00,5250.0,5250.0,5025.0,5025.0,13,0.0,0.0
2008-04-22 00:00:00-04:00,4875.0,5175.0,4875.0,5175.0,9,0.0,0.0
2008-04-23 00:00:00-04:00,5250.0,5250.0,5025.0,5100.0,6,0.0,0.0
2008-04-24 00:00:00-04:00,5025.0,5175.0,5025.0,5175.0,2,0.0,0.0
2008-04-25 00:00:00-04:00,5175.0,5175.0,4950.0,5025.0,11,0.0,0.0
2008-04-28 00:00:00-04:00,4950.0,5100.0,4950.0,4950.0,17,0.0,0.0
2008-04-29 00:00:00-04:00,4875.0,5100.0,4875.0,4950.0,8,0.0,0.0
2008-04-30 00:00:00-04:00,5025.0,5175.0,4950.0,5175.0,14,0.0,0.0
2008-05-01 00:00:00-04:00,4950.0,5175.0,4950.0,5100.0,5,0.0,0.0
2008-05-02 00:00:00-04:00,5100.0,5175.0,5100.0,5100.0,12,0.0,0.0
2008-05-05 00:00:00-04:00,4950.0,5175.0,4950.0,4950.0,7,0.0,0.0
2008-05-06 00:00:00-04:00,4875.0,5100.0,4875.0,5100.0,11,0.0,0.0
2008-05-07 00:00:00-04:00,5025.0,5250.0,4950.0,5025.0,7,0.0,0.0
2008-05-08 00:00:00-04:00,5025.0,5175.0,4875.0,4875.0,9,0.0,0.0
2008-05-09 00:00:00-04:00,5025.0,5100.0,4950.0,5100.0,11,0.0,0.0
2008-05-12 00:00:00-04:00,5100.0,5100.0,4875.0,5025.0,4,0.0,0.0
2008-05-13 00:00:00-04:00,4950.0,5100.0,4950.0,5100.0,10,0.0,0.0
2008-05-14 00:00:00-04:00,4875.0,5175.0,4875.0,5025.0,20,0.0,0.0
2008-05-15 00:00:00-04:00,4950.0,5175.0,4875.0,5175.0,23,0.0,0.0
2008-05-16 00:00:00-04:00,5250.0,5250.0,5100.0,5175.0,7,0.0,0.0
2008-05-19 00:00:00-04:00,5175.0,5175.0,4875.0,5025.0,9,0.0,0.0
2008-05-20 00:00:00-04:00,4875.0,4950.0,4800.0,4875.0,22,0.0,0.0
2008-05-21 00:00:00-04:00,4800.0,5025.0,4725.0,5025.0,17,0.0,0.0
2008-05-22 00:00:00-04:00,4875.0,4950.0,4875.0,4875.0,5,0.0,0.0
2008-05-23 00:00:00-04:00,5025.0,5100.0,4875.0,4875.0,13,0.0,0.0
2008-05-27 00:00:00-04:00,4950.0,5175.0,4725.0,4875.0,9,0.0,0.0
2008-05-28 00:00:00-04:00,4725.0,5025.0,4725.0,4800.0,5,0.0,0.0
2008-05-29 00:00:00-04:00,5025.0,5025.0,4800.0,4875.0,7,0.0,0.0
2008-05-30 00:00:00-04:00,4800.0,5175.0,4725.0,5175.0,19,0.0,0.0
2008-06-02 00:00:00-04:00,5175.0,5175.0,4950.0,4950.0,9,0.0,0.0
2008-06-03 00:00:00-04:00,4875.0,5175.0,4875.0,4950.0,10,0.0,0.0
2008-06-04 00:00:00-04:00,5025.0,5175.0,4950.0,5100.0,20,0.0,0.0
2008-06-05 00:00:00-04:00,4725.0,5100.0,4725.0,5100.0,12,0.0,0.0
2008-06-06 00:00:00-04:00,5250.0,5250.0,4950.0,4950.0,13,0.0,0.0
2008-06-09 00:00:00-04:00,5100.0,5100.0,4950.0,5100.0,12,0.0,0.0
2008-06-10 00:00:00-04:00,5100.0,5100.0,4950.0,5025.0,14,0.0,0.0
2008-06-11 00:00:00-04:00,5025.0,5100.0,4875.0,4950.0,5,0.0,0.0
2008-06-12 00:00:00-04:00,4950.0,5100.0,4950.0,5025.0,5,0.0,0.0
2008-06-13 00:00:00-04:00,5175.0,5175.0,4875.0,5025.0,15,0.0,0.0
2008-06-16 00:00:00-04:00,4875.0,5100.0,4875.0,4950.0,3,0.0,0.0
2008-06-17 00:00:00-04:00,5250.0,5400.0,4875.0,5250.0,103,0.0,0.0
2008-06-18 00:00:00-04:00,5325.0,5325.0,4950.0,5100.0,14,0.0,0.0
2008-06-19 00:00:00-04:00,4950.0,5100.0,4950.0,5100.0,11,0.0,0.0
2008-06-20 00:00:00-04:00,5250.0,5250.0,4950.0,5025.0,10,0.0,0.0
2008-06-23 00:00:00-04:00,5325.0,5325.0,5025.0,5100.0,16,0.0,0.0
2008-06-24 00:00:00-04:00,5325.0,5325.0,5100.0,5175.0,12,0.0,0.0
2008-06-25 00:00:00-04:00,5250.0,5250.0,5175.0,5250.0,13,0.0,0.0
2008-06-26 00:00:00-04:00,5025.0,5250.0,5025.0,5100.0,19,0.0,0.0
2008-06-27 00:00:00-04:00,5100.0,5175.0,5025.0,5100.0,12,0.0,0.0
2008-06-30 00:00:00-04:00,5100.0,5100.0,4875.0,4950.0,22,0.0,0.0
2008-07-01 00:00:00-04:00,4875.0,5025.0,4875.0,4950.0,11,0.0,0.0
2008-07-02 00:00:00-04:00,5100.0,5100.0,4875.0,4875.0,9,0.0,0.0
2008-07-03 00:00:00-04:00,4875.0,5100.0,4875.0,4875.0,7,0.0,0.0
2008-07-07 00:00:00-04:00,4950.0,5025.0,4800.0,4875.0,8,0.0,0.0
2008-07-08 00:00:00-04:00,4875.0,4950.0,4725.0,4800.0,26,0.0,0.0
2008-07-09 00:00:00-04:00,4650.0,4875.0,4650.0,4725.0,9,0.0,0.0
2008-07-10 00:00:00-04:00,4650.0,4875.0,4650.0,4800.0,13,0.0,0.0
2008-07-11 00:00:00-04:00,4725.0,4875.0,4650.0,4650.0,15,0.0,0.0
2008-07-14 00:00:00-04:00,4875.0,4875.0,4725.0,4875.0,6,0.0,0.0
2008-07-15 00:00:00-04:00,4875.0,4875.0,4500.0,4650.0,24,0.0,0.0
2008-07-16 00:00:00-04:00,4875.0,4875.0,4500.0,4575.0,18,0.0,0.0
2008-07-17 00:00:00-04:00,4725.0,4875.0,4575.0,4875.0,8,0.0,0.0
2008-07-18 00:00:00-04:00,4650.0,4800.0,4650.0,4725.0,4,0.0,0.0
2008-07-21 00:00:00-04:00,4650.0,4875.0,4650.0,4875.0,7,0.0,0.0
2008-07-22 00:00:00-04:00,4650.0,4875.0,4500.0,4500.0,7,0.0,0.0
2008-07-23 00:00:00-04:00,4725.0,4875.0,4575.0,4800.0,5,0.0,0.0
2008-07-24 00:00:00-04:00,4725.0,4800.0,4650.0,4650.0,17,0.0,0.0
2008-07-25 00:00:00-04:00,4575.0,4875.0,4575.0,4800.0,2,0.0,0.0
2008-07-28 00:00:00-04:00,4650.0,4725.0,4575.0,4575.0,4,0.0,0.0
2008-07-29 00:00:00-04:00,4725.0,4725.0,4575.0,4650.0,5,0.0,0.0
2008-07-30 00:00:00-04:00,4725.0,4725.0,4575.0,4575.0,15,0.0,0.0
2008-07-31 00:00:00-04:00,4575.0,4725.0,4275.0,4275.0,22,0.0,0.0
2008-08-01 00:00:00-04:00,4125.0,4650.0,4125.0,4425.0,43,0.0,0.0
2008-08-04 00:00:00-04:00,4200.0,4575.0,4200.0,4500.0,4,0.0,0.0
2008-08-05 00:00:00-04:00,4500.0,4575.0,4350.0,4425.0,6,0.0,0.0
2008-08-06 00:00:00-04:00,4500.0,4650.0,4425.0,4500.0,6,0.0,0.0
2008-08-07 00:00:00-04:00,4200.0,4725.0,4200.0,4425.0,12,0.0,0.0
2008-08-08 00:00:00-04:00,4500.0,4500.0,4350.0,4425.0,3,0.0,0.0
2008-08-11 00:00:00-04:00,4575.0,4875.0,4350.0,4800.0,12,0.0,0.0
2008-08-12 00:00:00-04:00,4575.0,4800.0,4425.0,4425.0,14,0.0,0.0
2008-08-13 00:00:00-04:00,4500.0,4500.0,4200.0,4425.0,27,0.0,0.0
2008-08-14 00:00:00-04:00,4500.0,4500.0,4275.0,4350.0,22,0.0,0.0
2008-08-15 00:00:00-04:00,4425.0,4875.0,4425.0,4875.0,23,0.0,0.0
2008-08-18 00:00:00-04:00,4800.0,4875.0,4200.0,4650.0,24,0.0,0.0
2008-08-19 00:00:00-04:00,4650.0,5850.0,3825.0,4200.0,411,0.0,0.0
2008-08-20 00:00:00-04:00,4500.0,4800.0,4425.0,4650.0,90,0.0,0.0
2008-08-21 00:00:00-04:00,4875.0,4875.0,4425.0,4500.0,41,0.0,0.0
2008-08-22 00:00:00-04:00,4725.0,4725.0,4425.0,4425.0,31,0.0,0.0
2008-08-25 00:00:00-04:00,4650.0,4725.0,4500.0,4575.0,28,0.0,0.0
2008-08-26 00:00:00-04:00,4725.0,4725.0,4425.0,4425.0,34,0.0,0.0
2008-08-27 00:00:00-04:00,4500.0,4500.0,4425.0,4500.0,14,0.0,0.0
2008-08-28 00:00:00-04:00,4425.0,4500.0,4425.0,4425.0,27,0.0,0.0
2008-08-29 00:00:00-04:00,4500.0,4500.0,4425.0,4500.0,11,0.0,0.0
2008-09-02 00:00:00-04:00,4500.0,4725.0,4425.0,4425.0,14,0.0,0.0
2008-09-03 00:00:00-04:00,4500.0,4500.0,4425.0,4425.0,28,0.0,0.0
2008-09-04 00:00:00-04:00,4500.0,4500.0,4350.0,4350.0,17,0.0,0.0
2008-09-05 00:00:00-04:00,4350.0,4500.0,4275.0,4350.0,43,0.0,0.0
2008-09-08 00:00:00-04:00,4500.0,4500.0,4275.0,4350.0,17,0.0,0.0
2008-09-09 00:00:00-04:00,4425.0,4500.0,4275.0,4500.0,22,0.0,0.0
2008-09-10 00:00:00-04:00,4500.0,4500.0,4275.0,4275.0,19,0.0,0.0
2008-09-11 00:00:00-04:00,4500.0,4500.0,4275.0,4350.0,11,0.0,0.0
2008-09-12 00:00:00-04:00,4275.0,4500.0,4275.0,4275.0,7,0.0,0.0
2008-09-15 00:00:00-04:00,4200.0,4500.0,3450.0,4125.0,27,0.0,0.0
2008-09-16 00:00:00-04:00,4350.0,4500.0,4125.0,4350.0,19,0.0,0.0
2008-09-17 00:00:00-04:00,4275.0,4425.0,3750.0,4425.0,54,0.0,0.0
2008-09-18 00:00:00-04:00,4425.0,4425.0,3900.0,4200.0,51,0.0,0.0
2008-09-19 00:00:00-04:00,4275.0,4350.0,3975.0,4125.0,13,0.0,0.0
2008-09-22 00:00:00-04:00,3900.0,4500.0,3900.0,4125.0,8,0.0,0.0
2008-09-23 00:00:00-04:00,4125.0,4125.0,3750.0,3750.0,86,0.0,0.0
2008-09-24 00:00:00-04:00,3975.0,3975.0,3750.0,3750.0,20,0.0,0.0
2008-09-25 00:00:00-04:00,3900.0,3900.0,3675.0,3750.0,20,0.0,0.0
2008-09-26 00:00:00-04:00,3750.0,3825.0,3600.0,3750.0,16,0.0,0.0
2008-09-29 00:00:00-04:00,3975.0,3975.0,3000.0,3150.0,106,0.0,0.0
2008-09-30 00:00:00-04:00,3300.0,3300.0,3000.0,3000.0,67,0.0,0.0
2008-10-01 00:00:00-04:00,3000.0,3225.0,3000.0,3075.0,48,0.0,0.0
2008-10-02 00:00:00-04:00,3300.0,3300.0,3075.0,3225.0,42,0.0,0.0
2008-10-03 00:00:00-04:00,3750.0,3750.0,3000.0,3225.0,44,0.0,0.0
2008-10-06 00:00:00-04:00,3225.0,3225.0,3000.0,3225.0,36,0.0,0.0
2008-10-07 00:00:00-04:00,3000.0,3225.0,2625.0,2925.0,69,0.0,0.0
2008-10-08 00:00:00-04:00,3000.0,3075.0,2625.0,2850.0,32,0.0,0.0
2008-10-09 00:00:00-04:00,3075.0,3075.0,2700.0,2700.0,24,0.0,0.0
2008-10-10 00:00:00-04:00,2700.0,3075.0,2100.0,2625.0,66,0.0,0.0
2008-10-13 00:00:00-04:00,2850.0,3000.0,2625.0,2700.0,39,0.0,0.0
2008-10-14 00:00:00-04:00,2925.0,2925.0,2475.0,2625.0,26,0.0,0.0
2008-10-15 00:00:00-04:00,2850.0,2850.0,2625.0,2625.0,15,0.0,0.0
2008-10-16 00:00:00-04:00,2775.0,3000.0,2775.0,2775.0,73,0.0,0.0
2008-10-17 00:00:00-04:00,2850.0,2850.0,2625.0,2625.0,30,0.0,0.0
2008-10-20 00:00:00-04:00,2850.0,2850.0,2700.0,2700.0,21,0.0,0.0
2008-10-21 00:00:00-04:00,2850.0,2850.0,2625.0,2625.0,25,0.0,0.0
2008-10-22 00:00:00-04:00,2775.0,2775.0,2625.0,2700.0,36,0.0,0.0
2008-10-23 00:00:00-04:00,2775.0,2775.0,2400.0,2550.0,13,0.0,0.0
2008-10-24 00:00:00-04:00,2400.0,2400.0,2250.0,2400.0,16,0.0,0.0
2008-10-27 00:00:00-04:00,2625.0,2625.0,2025.0,2325.0,46,0.0,0.0
2008-10-28 00:00:00-04:00,2175.0,2400.0,2100.0,2250.0,41,0.0,0.0
2008-10-29 00:00:00-04:00,2475.0,2475.0,2025.0,2175.0,45,0.0,0.0
2008-10-30 00:00:00-04:00,2025.0,2175.0,1875.0,2025.0,59,0.0,0.0
2008-10-31 00:00:00-04:00,1875.0,2250.0,1875.0,2175.0,57,0.0,0.0
2008-11-03 00:00:00-05:00,2250.0,2925.0,2100.0,2400.0,97,0.0,0.0
2008-11-04 00:00:00-05:00,2625.0,2700.0,2175.0,2250.0,87,0.0,0.0
2008-11-05 00:00:00-05:00,2475.0,2475.0,2025.0,2100.0,30,0.0,0.0
2008-11-06 00:00:00-05:00,2250.0,2250.0,2025.0,2025.0,13,0.0,0.0
2008-11-07 00:00:00-05:00,2250.0,2250.0,1875.0,2025.0,84,0.0,0.0
2008-11-10 00:00:00-05:00,2100.0,2100.0,2025.0,2025.0,8,0.0,0.0
2008-11-11 00:00:00-05:00,2100.0,2175.0,1950.0,2025.0,7,0.0,0.0
2008-11-12 00:00:00-05:00,1875.0,2025.0,1875.0,1875.0,24,0.0,0.0
2008-11-13 00:00:00-05:00,2100.0,2100.0,1875.0,1875.0,9,0.0,0.0
2008-11-14 00:00:00-05:00,2025.0,2250.0,1950.0,2025.0,31,0.0,0.0
2008-11-17 00:00:00-05:00,2100.0,2175.0,1950.0,2100.0,41,0.0,0.0
2008-11-18 00:00:00-05:00,1950.0,2175.0,1950.0,2100.0,18,0.0,0.0
2008-11-19 00:00:00-05:00,1875.0,2100.0,1725.0,1800.0,50,0.0,0.0
2008-11-20 00:00:00-05:00,1650.0,1875.0,1500.0,1500.0,72,0.0,0.0
2008-11-21 00:00:00-05:00,1500.0,1650.0,1275.0,1350.0,9,0.0,0.0
2008-11-24 00:00:00-05:00,1500.0,1500.0,1350.0,1350.0,47,0.0,0.0
2008-11-25 00:00:00-05:00,1500.0,1800.0,1425.0,1725.0,16,0.0,0.0
2008-11-26 00:00:00-05:00,1575.0,2250.0,1575.0,2175.0,17,0.0,0.0
2008-11-28 00:00:00-05:00,2250.0,2250.0,1875.0,2250.0,34,0.0,0.0
2008-12-01 00:00:00-05:00,2400.0,2625.0,2100.0,2100.0,30,0.0,0.0
2008-12-02 00:00:00-05:00,2175.0,2250.0,2100.0,2175.0,10,0.0,0.0
2008-12-03 00:00:00-05:00,1950.0,2250.0,1950.0,2250.0,19,0.0,0.0
2008-12-04 00:00:00-05:00,2250.0,2625.0,2250.0,2625.0,40,0.0,0.0
2008-12-05 00:00:00-05:00,2550.0,2700.0,2400.0,2475.0,29,0.0,0.0
2008-12-08 00:00:00-05:00,2700.0,2700.0,2475.0,2550.0,26,0.0,0.0
2008-12-09 00:00:00-05:00,2775.0,3075.0,2550.0,2850.0,46,0.0,0.0
2008-12-10 00:00:00-05:00,3000.0,3000.0,2250.0,2400.0,49,0.0,0.0
2008-12-11 00:00:00-05:00,2400.0,2625.0,2400.0,2400.0,15,0.0,0.0
2008-12-12 00:00:00-05:00,2250.0,2625.0,2250.0,2550.0,19,0.0,0.0
2008-12-15 00:00:00-05:00,2625.0,2625.0,2475.0,2625.0,15,0.0,0.0
2008-12-16 00:00:00-05:00,2475.0,2850.0,2250.0,2475.0,14,0.0,0.0
2008-12-17 00:00:00-05:00,2400.0,2400.0,2250.0,2400.0,24,0.0,0.0
2008-12-18 00:00:00-05:00,2400.0,2550.0,2250.0,2250.0,13,0.0,0.0
2008-12-19 00:00:00-05:00,2475.0,2475.0,2025.0,2175.0,12,0.0,0.0
2008-12-22 00:00:00-05:00,2400.0,2550.0,2100.0,2550.0,31,0.0,0.0
2008-12-23 00:00:00-05:00,2475.0,2550.0,2175.0,2250.0,25,0.0,0.0
2008-12-24 00:00:00-05:00,2250.0,2400.0,2175.0,2250.0,16,0.0,0.0
2008-12-26 00:00:00-05:00,2400.0,2400.0,2175.0,2175.0,44,0.0,0.0
2008-12-29 00:00:00-05:00,2400.0,2400.0,2100.0,2100.0,16,0.0,0.0
2008-12-30 00:00:00-05:00,2325.0,2325.0,2100.0,2100.0,43,0.0,0.0
2008-12-31 00:00:00-05:00,1950.0,2175.0,1950.0,2175.0,24,0.0,0.0
2009-01-02 00:00:00-05:00,2325.0,2400.0,2175.0,2325.0,17,0.0,0.0
2009-01-05 00:00:00-05:00,2325.0,2325.0,2175.0,2175.0,13,0.0,0.0
2009-01-06 00:00:00-05:00,2175.0,2250.0,2025.0,2100.0,56,0.0,0.0
2009-01-07 00:00:00-05:00,2100.0,2250.0,2025.0,2100.0,87,0.0,0.0
2009-01-08 00:00:00-05:00,2325.0,3000.0,2175.0,2250.0,31,0.0,0.0
2009-01-09 00:00:00-05:00,2475.0,2475.0,2175.0,2250.0,19,0.0,0.0
2009-01-12 00:00:00-05:00,2250.0,2325.0,2250.0,2250.0,17,0.0,0.0
2009-01-13 00:00:00-05:00,2250.0,2250.0,2175.0,2175.0,10,0.0,0.0
2009-01-14 00:00:00-05:00,2175.0,2175.0,1500.0,1725.0,158,0.0,0.0
2009-01-15 00:00:00-05:00,1875.0,1875.0,1650.0,1800.0,31,0.0,0.0
2009-01-16 00:00:00-05:00,2400.0,2400.0,1800.0,1800.0,52,0.0,0.0
2009-01-20 00:00:00-05:00,1875.0,1875.0,1500.0,1650.0,39,0.0,0.0
2009-01-21 00:00:00-05:00,1725.0,1725.0,1575.0,1575.0,12,0.0,0.0
2009-01-22 00:00:00-05:00,1650.0,1800.0,1575.0,1575.0,15,0.0,0.0
2009-01-23 00:00:00-05:00,1575.0,1725.0,1575.0,1725.0,19,0.0,0.0
2009-01-26 00:00:00-05:00,1575.0,1800.0,1575.0,1725.0,12,0.0,0.0
2009-01-27 00:00:00-05:00,1800.0,1800.0,1725.0,1800.0,14,0.0,0.0
2009-01-28 00:00:00-05:00,1725.0,1800.0,1575.0,1725.0,8,0.0,0.0
2009-01-29 00:00:00-05:00,1800.0,1800.0,1650.0,1650.0,7,0.0,0.0
2009-01-30 00:00:00-05:00,1725.0,1800.0,1575.0,1725.0,9,0.0,0.0
2009-02-02 00:00:00-05:00,1725.0,1725.0,1650.0,1650.0,5,0.0,0.0
2009-02-03 00:00:00-05:00,1800.0,1800.0,1575.0,1575.0,51,0.0,0.0
2009-02-04 00:00:00-05:00,1650.0,1650.0,1575.0,1650.0,14,0.0,0.0
2009-02-05 00:00:00-05:00,1650.0,1650.0,1575.0,1575.0,20,0.0,0.0
2009-02-06 00:00:00-05:00,1650.0,1650.0,1575.0,1575.0,29,0.0,0.0
2009-02-09 00:00:00-05:00,1650.0,1650.0,1500.0,1575.0,30,0.0,0.0
2009-02-10 00:00:00-05:00,1500.0,1650.0,1425.0,1500.0,45,0.0,0.0
2009-02-11 00:00:00-05:00,1425.0,1500.0,1425.0,1500.0,15,0.0,0.0
2009-02-12 00:00:00-05:00,1500.0,1500.0,1425.0,1425.0,19,0.0,0.0
2009-02-13 00:00:00-05:00,1500.0,1575.0,1425.0,1575.0,20,0.0,0.0
2009-02-17 00:00:00-05:00,1650.0,1650.0,1350.0,1500.0,31,0.0,0.0
2009-02-18 00:00:00-05:00,1425.0,1425.0,1275.0,1350.0,79,0.0,0.0
2009-02-19 00:00:00-05:00,1725.0,1725.0,1050.0,1125.0,83,0.0,0.0
2009-02-20 00:00:00-05:00,1275.0,1575.0,1125.0,1575.0,88,0.0,0.0
2009-02-23 00:00:00-05:00,2100.0,2100.0,1350.0,1350.0,38,0.0,0.0
2009-02-24 00:00:00-05:00,1500.0,1575.0,1350.0,1425.0,37,0.0,0.0
2009-02-25 00:00:00-05:00,1575.0,1575.0,1500.0,1500.0,24,0.0,0.0
2009-02-26 00:00:00-05:00,1650.0,1650.0,1500.0,1500.0,24,0.0,0.0
2009-02-27 00:00:00-05:00,1500.0,1575.0,1425.0,1425.0,11,0.0,0.0
2009-03-02 00:00:00-05:00,1575.0,1575.0,1425.0,1500.0,11,0.0,0.0
2009-03-03 00:00:00-05:00,1425.0,1575.0,1200.0,1275.0,44,0.0,0.0
2009-03-04 00:00:00-05:00,1350.0,1575.0,1350.0,1425.0,12,0.0,0.0
2009-03-05 00:00:00-05:00,1500.0,1500.0,1425.0,1425.0,14,0.0,0.0
2009-03-06 00:00:00-05:00,1575.0,1575.0,1425.0,1575.0,12,0.0,0.0
2009-03-09 00:00:00-04:00,1500.0,1950.0,1500.0,1500.0,35,0.0,0.0
2009-03-10 00:00:00-04:00,1500.0,1875.0,1500.0,1575.0,70,0.0,0.0
2009-03-11 00:00:00-04:00,1650.0,1800.0,1575.0,1575.0,41,0.0,0.0
2009-03-12 00:00:00-04:00,2175.0,2175.0,1725.0,2025.0,80,0.0,0.0
2009-03-13 00:00:00-04:00,2625.0,2625.0,1350.0,1950.0,98,0.0,0.0
2009-03-16 00:00:00-04:00,2550.0,2625.0,1950.0,2250.0,26,0.0,0.0
2009-03-17 00:00:00-04:00,2250.0,2325.0,2025.0,2175.0,22,0.0,0.0
2009-03-18 00:00:00-04:00,1575.0,2250.0,1575.0,2100.0,14,0.0,0.0
2009-03-19 00:00:00-04:00,2250.0,2250.0,2100.0,2100.0,16,0.0,0.0
2009-03-20 00:00:00-04:00,2250.0,2250.0,1950.0,1950.0,25,0.0,0.0
2009-03-23 00:00:00-04:00,1950.0,2100.0,1875.0,1875.0,30,0.0,0.0
2009-03-24 00:00:00-04:00,2100.0,2100.0,1875.0,1950.0,16,0.0,0.0
2009-03-25 00:00:00-04:00,2100.0,2100.0,1725.0,1725.0,51,0.0,0.0
2009-03-26 00:00:00-04:00,1725.0,2025.0,1725.0,1875.0,17,0.0,0.0
2009-03-27 00:00:00-04:00,2100.0,2100.0,1875.0,1950.0,11,0.0,0.0
2009-03-30 00:00:00-04:00,1950.0,2025.0,1800.0,1875.0,8,0.0,0.0
2009-03-31 00:00:00-04:00,2025.0,2025.0,1725.0,1800.0,28,0.0,0.0
2009-04-01 00:00:00-04:00,2025.0,2025.0,1725.0,1875.0,13,0.0,0.0
2009-04-02 00:00:00-04:00,1875.0,1875.0,1800.0,1875.0,37,0.0,0.0
2009-04-03 00:00:00-04:00,1800.0,1875.0,1725.0,1875.0,27,0.0,0.0
2009-04-06 00:00:00-04:00,1950.0,1950.0,1725.0,1800.0,23,0.0,0.0
2009-04-07 00:00:00-04:00,1650.0,1800.0,1650.0,1725.0,9,0.0,0.0
2009-04-08 00:00:00-04:00,1500.0,1875.0,1500.0,1725.0,28,0.0,0.0
2009-04-09 00:00:00-04:00,1800.0,1875.0,1650.0,1725.0,23,0.0,0.0
2009-04-13 00:00:00-04:00,1725.0,1875.0,1725.0,1800.0,15,0.0,0.0
2009-04-14 00:00:00-04:00,1950.0,2400.0,1725.0,2250.0,681,0.0,0.0
2009-04-15 00:00:00-04:00,2400.0,2475.0,1875.0,1950.0,410,0.0,0.0
2009-04-16 00:00:00-04:00,1725.0,2100.0,1725.0,1950.0,68,0.0,0.0
2009-04-17 00:00:00-04:00,2025.0,2025.0,1725.0,1800.0,78,0.0,0.0
2009-04-20 00:00:00-04:00,2025.0,2025.0,1800.0,1950.0,39,0.0,0.0
2009-04-21 00:00:00-04:00,1950.0,2100.0,1875.0,1950.0,30,0.0,0.0
2009-04-22 00:00:00-04:00,1875.0,2025.0,1875.0,1950.0,39,0.0,0.0
2009-04-23 00:00:00-04:00,1875.0,2025.0,1875.0,1875.0,15,0.0,0.0
2009-04-24 00:00:00-04:00,1950.0,2100.0,1875.0,2025.0,41,0.0,0.0
2009-04-27 00:00:00-04:00,2175.0,2625.0,2100.0,2400.0,384,0.0,0.0
2009-04-28 00:00:00-04:00,2625.0,3300.0,2400.0,2850.0,1385,0.0,0.0
2009-04-29 00:00:00-04:00,3150.0,3150.0,2400.0,2625.0,493,0.0,0.0
2009-04-30 00:00:00-04:00,2775.0,2850.0,2400.0,2475.0,150,0.0,0.0
2009-05-01 00:00:00-04:00,2475.0,2550.0,2250.0,2250.0,126,0.0,0.0
2009-05-04 00:00:00-04:00,2100.0,2400.0,2025.0,2100.0,136,0.0,0.0
2009-05-05 00:00:00-04:00,2250.0,2250.0,2100.0,2175.0,98,0.0,0.0
2009-05-06 00:00:00-04:00,2100.0,2250.0,2100.0,2175.0,53,0.0,0.0
2009-05-07 00:00:00-04:00,2025.0,2250.0,2025.0,2025.0,118,0.0,0.0
2009-05-08 00:00:00-04:00,2100.0,2250.0,2100.0,2250.0,60,0.0,0.0
2009-05-11 00:00:00-04:00,2175.0,2475.0,2175.0,2475.0,98,0.0,0.0
2009-05-12 00:00:00-04:00,2700.0,2700.0,2250.0,2400.0,40,0.0,0.0
2009-05-13 00:00:00-04:00,2400.0,2475.0,2175.0,2250.0,45,0.0,0.0
2009-05-14 00:00:00-04:00,2175.0,2400.0,2175.0,2250.0,26,0.0,0.0
2009-05-15 00:00:00-04:00,2475.0,2475.0,2250.0,2325.0,39,0.0,0.0
2009-05-18 00:00:00-04:00,2550.0,2550.0,2175.0,2325.0,53,0.0,0.0
2009-05-19 00:00:00-04:00,2400.0,2550.0,2250.0,2250.0,27,0.0,0.0
2009-05-20 00:00:00-04:00,2250.0,2325.0,2025.0,2100.0,43,0.0,0.0
2009-05-21 00:00:00-04:00,2025.0,2175.0,2025.0,2100.0,17,0.0,0.0
2009-05-22 00:00:00-04:00,2175.0,2175.0,2100.0,2175.0,15,0.0,0.0
2009-05-26 00:00:00-04:00,2475.0,2475.0,2025.0,2175.0,107,0.0,0.0
2009-05-27 00:00:00-04:00,2400.0,2400.0,2025.0,2175.0,30,0.0,0.0
2009-05-28 00:00:00-04:00,1950.0,2100.0,1950.0,2025.0,34,0.0,0.0
2009-05-29 00:00:00-04:00,2025.0,2100.0,2025.0,2025.0,32,0.0,0.0
2009-06-01 00:00:00-04:00,1950.0,2100.0,1950.0,2025.0,44,0.0,0.0
2009-06-02 00:00:00-04:00,2025.0,2100.0,2025.0,2025.0,40,0.0,0.0
2009-06-03 00:00:00-04:00,2025.0,2400.0,2025.0,2100.0,91,0.0,0.0
2009-06-04 00:00:00-04:00,2325.0,2625.0,2100.0,2625.0,211,0.0,0.0
2009-06-05 00:00:00-04:00,3375.0,6000.0,3225.0,4650.0,4316,0.0,0.0
2009-06-08 00:00:00-04:00,4200.0,4500.0,3375.0,3675.0,1017,0.0,0.0
2009-06-09 00:00:00-04:00,3675.0,4275.0,3375.0,3675.0,557,0.0,0.0
2009-06-10 00:00:00-04:00,3900.0,3900.0,3075.0,3525.0,367,0.0,0.0
2009-06-11 00:00:00-04:00,3750.0,3750.0,3375.0,3525.0,256,0.0,0.0
2009-06-12 00:00:00-04:00,3750.0,3750.0,3225.0,3300.0,183,0.0,0.0
2009-06-15 00:00:00-04:00,3600.0,3900.0,3300.0,3675.0,415,0.0,0.0
2009-06-16 00:00:00-04:00,4050.0,4650.0,3825.0,3975.0,689,0.0,0.0
2009-06-17 00:00:00-04:00,4200.0,4200.0,3450.0,3675.0,209,0.0,0.0
2009-06-18 00:00:00-04:00,3750.0,3750.0,3450.0,3450.0,112,0.0,0.0
2009-06-19 00:00:00-04:00,3600.0,3750.0,3450.0,3750.0,103,0.0,0.0
2009-06-22 00:00:00-04:00,3825.0,3825.0,3525.0,3525.0,83,0.0,0.0
2009-06-23 00:00:00-04:00,3750.0,3750.0,3375.0,3375.0,110,0.0,0.0
2009-06-24 00:00:00-04:00,3300.0,3300.0,2775.0,2925.0,453,0.0,0.0
2009-06-25 00:00:00-04:00,3075.0,3075.0,2925.0,3075.0,214,0.0,0.0
2009-06-26 00:00:00-04:00,3000.0,3075.0,2925.0,3000.0,63,0.0,0.0
2009-06-29 00:00:00-04:00,3075.0,3075.0,3000.0,3000.0,55,0.0,0.0
2009-06-30 00:00:00-04:00,2850.0,3300.0,2850.0,3000.0,235,0.0,0.0
2009-07-01 00:00:00-04:00,3225.0,3225.0,2925.0,3000.0,43,0.0,0.0
2009-07-02 00:00:00-04:00,3000.0,3375.0,2925.0,2925.0,117,0.0,0.0
2009-07-06 00:00:00-04:00,3000.0,3000.0,2850.0,2850.0,91,0.0,0.0
2009-07-07 00:00:00-04:00,3000.0,3075.0,2850.0,2925.0,149,0.0,0.0
2009-07-08 00:00:00-04:00,3000.0,3000.0,2850.0,2850.0,73,0.0,0.0
2009-07-09 00:00:00-04:00,2850.0,2925.0,2850.0,2850.0,29,0.0,0.0
2009-07-10 00:00:00-04:00,3000.0,3075.0,2925.0,3000.0,78,0.0,0.0
2009-07-13 00:00:00-04:00,3000.0,3000.0,2850.0,2925.0,53,0.0,0.0
2009-07-14 00:00:00-04:00,2850.0,3000.0,2850.0,2925.0,50,0.0,0.0
2009-07-15 00:00:00-04:00,3000.0,3000.0,2850.0,2850.0,102,0.0,0.0
2009-07-16 00:00:00-04:00,2925.0,3000.0,2850.0,2850.0,54,0.0,0.0
2009-07-17 00:00:00-04:00,2925.0,2925.0,2850.0,2850.0,37,0.0,0.0
2009-07-20 00:00:00-04:00,3000.0,3000.0,2850.0,2850.0,58,0.0,0.0
2009-07-21 00:00:00-04:00,2925.0,3075.0,2850.0,3075.0,323,0.0,0.0
2009-07-22 00:00:00-04:00,3150.0,3450.0,3075.0,3450.0,784,0.0,0.0
2009-07-23 00:00:00-04:00,3600.0,3600.0,3150.0,3300.0,373,0.0,0.0
2009-07-24 00:00:00-04:00,3300.0,3300.0,3075.0,3225.0,123,0.0,0.0
2009-07-27 00:00:00-04:00,3075.0,3075.0,2850.0,2925.0,382,0.0,0.0
2009-07-28 00:00:00-04:00,2925.0,3150.0,2925.0,3075.0,122,0.0,0.0
2009-07-29 00:00:00-04:00,3000.0,3525.0,3000.0,3300.0,733,0.0,0.0
2009-07-30 00:00:00-04:00,4125.0,4425.0,3375.0,3450.0,2300,0.0,0.0
2009-07-31 00:00:00-04:00,3525.0,3900.0,3525.0,3750.0,845,0.0,0.0
2009-08-03 00:00:00-04:00,3900.0,4725.0,3825.0,4200.0,879,0.0,0.0
2009-08-04 00:00:00-04:00,4125.0,4200.0,3900.0,4050.0,343,0.0,0.0
2009-08-05 00:00:00-04:00,4050.0,4125.0,3675.0,3975.0,421,0.0,0.0
2009-08-06 00:00:00-04:00,3900.0,3900.0,3450.0,3525.0,431,0.0,0.0
2009-08-07 00:00:00-04:00,3450.0,3750.0,3450.0,3600.0,162,0.0,0.0
2009-08-10 00:00:00-04:00,3750.0,3900.0,3525.0,3900.0,296,0.0,0.0
2009-08-11 00:00:00-04:00,3900.0,3900.0,3600.0,3675.0,204,0.0,0.0
2009-08-12 00:00:00-04:00,3750.0,3750.0,3600.0,3600.0,177,0.0,0.0
2009-08-13 00:00:00-04:00,3675.0,3750.0,3600.0,3675.0,129,0.0,0.0
2009-08-14 00:00:00-04:00,3450.0,3750.0,3450.0,3675.0,91,0.0,0.0
2009-08-17 00:00:00-04:00,3450.0,3600.0,3375.0,3525.0,142,0.0,0.0
2009-08-18 00:00:00-04:00,3525.0,4050.0,3450.0,3900.0,331,0.0,0.0
2009-08-19 00:00:00-04:00,3750.0,3750.0,3600.0,3750.0,103,0.0,0.0
2009-08-20 00:00:00-04:00,3375.0,3375.0,3150.0,3225.0,893,0.0,0.0
2009-08-21 00:00:00-04:00,3300.0,3375.0,3150.0,3375.0,322,0.0,0.0
2009-08-24 00:00:00-04:00,3600.0,3675.0,3375.0,3600.0,574,0.0,0.0
2009-08-25 00:00:00-04:00,3750.0,3825.0,3600.0,3750.0,475,0.0,0.0
2009-08-26 00:00:00-04:00,4350.0,5100.0,4125.0,4650.0,4252,0.0,0.0
2009-08-27 00:00:00-04:00,4800.0,5400.0,4350.0,5250.0,1765,0.0,0.0
2009-08-28 00:00:00-04:00,5550.0,5700.0,5100.0,5325.0,1475,0.0,0.0
2009-08-31 00:00:00-04:00,5325.0,5400.0,4800.0,5175.0,946,0.0,0.0
2009-09-01 00:00:00-04:00,5250.0,5250.0,4650.0,4800.0,728,0.0,0.0
2009-09-02 00:00:00-04:00,4800.0,5325.0,4500.0,5025.0,858,0.0,0.0
2009-09-03 00:00:00-04:00,5250.0,5325.0,4875.0,5025.0,481,0.0,0.0
2009-09-04 00:00:00-04:00,4875.0,5175.0,4800.0,5025.0,307,0.0,0.0
2009-09-08 00:00:00-04:00,5250.0,5400.0,5025.0,5175.0,432,0.0,0.0
2009-09-09 00:00:00-04:00,5175.0,5250.0,4950.0,5175.0,254,0.0,0.0
2009-09-10 00:00:00-04:00,5250.0,6075.0,5175.0,6000.0,1631,0.0,0.0
2009-09-11 00:00:00-04:00,6225.0,6375.0,5325.0,5925.0,1034,0.0,0.0
2009-09-14 00:00:00-04:00,5775.0,8100.0,5625.0,6900.0,1322,0.0,0.0
2009-09-15 00:00:00-04:00,8475.0,13650.0,8250.0,10200.0,8897,0.0,0.0
2009-09-16 00:00:00-04:00,12675.0,13800.0,9375.0,9900.0,7768,0.0,0.0
2009-09-17 00:00:00-04:00,10875.0,10950.0,10050.0,10875.0,2978,0.0,0.0
2009-09-18 00:00:00-04:00,10875.0,12300.0,10125.0,12075.0,4874,0.0,0.0
2009-09-21 00:00:00-04:00,12675.0,15075.0,12150.0,14475.0,8863,0.0,0.0
2009-09-22 00:00:00-04:00,15375.0,15750.0,13500.0,14100.0,4548,0.0,0.0
2009-09-23 00:00:00-04:00,14025.0,14025.0,12375.0,12675.0,2627,0.0,0.0
2009-09-24 00:00:00-04:00,12900.0,13350.0,11475.0,12000.0,1741,0.0,0.0
2009-09-25 00:00:00-04:00,11625.0,12600.0,11400.0,12225.0,1405,0.0,0.0
2009-09-28 00:00:00-04:00,13275.0,13725.0,12525.0,13200.0,1344,0.0,0.0
2009-09-29 00:00:00-04:00,13500.0,13650.0,13050.0,13350.0,869,0.0,0.0
2009-09-30 00:00:00-04:00,13275.0,13275.0,12075.0,12900.0,847,0.0,0.0
2009-10-01 00:00:00-04:00,12900.0,13425.0,12375.0,13425.0,636,0.0,0.0
2009-10-02 00:00:00-04:00,12150.0,13275.0,12000.0,12450.0,1334,0.0,0.0
2009-10-05 00:00:00-04:00,12375.0,12600.0,11325.0,12150.0,1819,0.0,0.0
2009-10-06 00:00:00-04:00,11250.0,11400.0,9750.0,10350.0,3328,0.0,0.0
2009-10-07 00:00:00-04:00,10950.0,12225.0,10500.0,11025.0,2322,0.0,0.0
2009-10-08 00:00:00-04:00,11325.0,11325.0,10500.0,10725.0,718,0.0,0.0
2009-10-09 00:00:00-04:00,10725.0,11325.0,10125.0,10575.0,1162,0.0,0.0
2009-10-12 00:00:00-04:00,10650.0,10875.0,10125.0,10350.0,492,0.0,0.0
2009-10-13 00:00:00-04:00,10350.0,10725.0,10200.0,10425.0,454,0.0,0.0
2009-10-14 00:00:00-04:00,10425.0,10425.0,9075.0,9600.0,1325,0.0,0.0
2009-10-15 00:00:00-04:00,9225.0,12000.0,9150.0,12000.0,3122,0.0,0.0
2009-10-16 00:00:00-04:00,11325.0,12750.0,10875.0,12000.0,2245,0.0,0.0
2009-10-19 00:00:00-04:00,11400.0,12000.0,9900.0,10500.0,1945,0.0,0.0
2009-10-20 00:00:00-04:00,10500.0,10875.0,10125.0,10350.0,663,0.0,0.0
2009-10-21 00:00:00-04:00,10500.0,10575.0,9825.0,9975.0,656,0.0,0.0
2009-10-22 00:00:00-04:00,10350.0,10350.0,9600.0,9975.0,551,0.0,0.0
2009-10-23 00:00:00-04:00,10125.0,10125.0,9375.0,9825.0,535,0.0,0.0
2009-10-26 00:00:00-04:00,10125.0,10800.0,9675.0,9975.0,931,0.0,0.0
2009-10-27 00:00:00-04:00,10275.0,10275.0,9375.0,9525.0,439,0.0,0.0
2009-10-28 00:00:00-04:00,8325.0,9300.0,7800.0,8100.0,1198,0.0,0.0
2009-10-29 00:00:00-04:00,8325.0,8400.0,6900.0,8025.0,1312,0.0,0.0
2009-10-30 00:00:00-04:00,7500.0,7875.0,7425.0,7875.0,480,0.0,0.0
2009-11-02 00:00:00-05:00,7650.0,7875.0,6375.0,6900.0,740,0.0,0.0
2009-11-03 00:00:00-05:00,6825.0,8700.0,6525.0,8250.0,1331,0.0,0.0
2009-11-04 00:00:00-05:00,7725.0,8250.0,7575.0,7875.0,453,0.0,0.0
2009-11-05 00:00:00-05:00,8175.0,8250.0,7575.0,7650.0,342,0.0,0.0
2009-11-06 00:00:00-05:00,7650.0,9375.0,7500.0,9150.0,2107,0.0,0.0
2009-11-09 00:00:00-05:00,9825.0,11250.0,9825.0,10575.0,2203,0.0,0.0
2009-11-10 00:00:00-05:00,10575.0,10575.0,9825.0,10050.0,598,0.0,0.0
2009-11-11 00:00:00-05:00,9825.0,9900.0,8925.0,9900.0,849,0.0,0.0
2009-11-12 00:00:00-05:00,10275.0,10725.0,9150.0,10125.0,746,0.0,0.0
2009-11-13 00:00:00-05:00,10275.0,10425.0,9750.0,9900.0,382,0.0,0.0
2009-11-16 00:00:00-05:00,10350.0,10500.0,9675.0,10125.0,498,0.0,0.0
2009-11-17 00:00:00-05:00,10050.0,10050.0,9600.0,9825.0,324,0.0,0.0
2009-11-18 00:00:00-05:00,9825.0,10575.0,9750.0,10125.0,672,0.0,0.0
2009-11-19 00:00:00-05:00,10200.0,10200.0,9225.0,9675.0,380,0.0,0.0
2009-11-20 00:00:00-05:00,9600.0,10125.0,9375.0,9750.0,430,0.0,0.0
2009-11-23 00:00:00-05:00,10350.0,10350.0,9450.0,9750.0,512,0.0,0.0
2009-11-24 00:00:00-05:00,9750.0,9900.0,9300.0,9450.0,432,0.0,0.0
2009-11-25 00:00:00-05:00,9375.0,9525.0,9000.0,9075.0,419,0.0,0.0
2009-11-27 00:00:00-05:00,8850.0,9825.0,8550.0,9675.0,513,0.0,0.0
2009-11-30 00:00:00-05:00,9675.0,9675.0,9150.0,9300.0,790,0.0,0.0
2009-12-01 00:00:00-05:00,9150.0,9600.0,9075.0,9225.0,335,0.0,0.0
2009-12-02 00:00:00-05:00,9150.0,9375.0,9075.0,9225.0,267,0.0,0.0
2009-12-03 00:00:00-05:00,9075.0,9450.0,8925.0,9375.0,384,0.0,0.0
2009-12-04 00:00:00-05:00,9450.0,9450.0,8925.0,9075.0,367,0.0,0.0
2009-12-07 00:00:00-05:00,9000.0,9000.0,8550.0,8775.0,422,0.0,0.0
2009-12-08 00:00:00-05:00,8775.0,8775.0,8250.0,8325.0,288,0.0,0.0
2009-12-09 00:00:00-05:00,8250.0,9300.0,7875.0,9225.0,669,0.0,0.0
2009-12-10 00:00:00-05:00,9000.0,9075.0,8325.0,8400.0,265,0.0,0.0
2009-12-11 00:00:00-05:00,8025.0,8400.0,8025.0,8175.0,247,0.0,0.0
2009-12-14 00:00:00-05:00,8025.0,8250.0,7875.0,8100.0,283,0.0,0.0
2009-12-15 00:00:00-05:00,8100.0,8250.0,7950.0,8025.0,199,0.0,0.0
2009-12-16 00:00:00-05:00,7950.0,8625.0,7875.0,8175.0,321,0.0,0.0
2009-12-17 00:00:00-05:00,8550.0,8550.0,8025.0,8025.0,147,0.0,0.0
2009-12-18 00:00:00-05:00,8250.0,8325.0,7875.0,8325.0,212,0.0,0.0
2009-12-21 00:00:00-05:00,8250.0,8250.0,7875.0,7950.0,233,0.0,0.0
2009-12-22 00:00:00-05:00,8250.0,8250.0,7875.0,7950.0,189,0.0,0.0
2009-12-23 00:00:00-05:00,7950.0,8025.0,7500.0,7650.0,362,0.0,0.0
2009-12-24 00:00:00-05:00,7800.0,8025.0,7275.0,7425.0,390,0.0,0.0
2009-12-28 00:00:00-05:00,7350.0,7500.0,6900.0,6975.0,794,0.0,0.0
2009-12-29 00:00:00-05:00,6900.0,7800.0,6675.0,7200.0,822,0.0,0.0
2009-12-30 00:00:00-05:00,7350.0,7350.0,6975.0,7050.0,284,0.0,0.0
2009-12-31 00:00:00-05:00,7050.0,7125.0,6750.0,6750.0,427,0.0,0.0
2010-01-04 00:00:00-05:00,6900.0,7125.0,6750.0,6900.0,243,0.0,0.0
2010-01-05 00:00:00-05:00,6900.0,7050.0,6750.0,6825.0,230,0.0,0.0
2010-01-06 00:00:00-05:00,6825.0,7050.0,6825.0,6825.0,249,0.0,0.0
2010-01-07 00:00:00-05:00,6750.0,6975.0,6750.0,6975.0,309,0.0,0.0
2010-01-08 00:00:00-05:00,6975.0,6975.0,6750.0,6750.0,260,0.0,0.0
2010-01-11 00:00:00-05:00,6975.0,8400.0,6825.0,7725.0,1598,0.0,0.0
2010-01-12 00:00:00-05:00,7800.0,7875.0,7350.0,7425.0,447,0.0,0.0
2010-01-13 00:00:00-05:00,7575.0,7575.0,7125.0,7125.0,312,0.0,0.0
2010-01-14 00:00:00-05:00,7500.0,7500.0,6975.0,6975.0,382,0.0,0.0
2010-01-15 00:00:00-05:00,6900.0,7125.0,6900.0,7050.0,215,0.0,0.0
2010-01-19 00:00:00-05:00,6975.0,7275.0,6750.0,6825.0,562,0.0,0.0
2010-01-20 00:00:00-05:00,6750.0,6975.0,6525.0,6525.0,487,0.0,0.0
2010-01-21 00:00:00-05:00,6450.0,6525.0,5850.0,6000.0,800,0.0,0.0
2010-01-22 00:00:00-05:00,6000.0,6375.0,5775.0,5850.0,350,0.0,0.0
2010-01-25 00:00:00-05:00,5625.0,5925.0,5175.0,5250.0,708,0.0,0.0
2010-01-26 00:00:00-05:00,5250.0,5700.0,4950.0,5625.0,628,0.0,0.0
2010-01-27 00:00:00-05:00,5625.0,5700.0,5100.0,5175.0,296,0.0,0.0
2010-01-28 00:00:00-05:00,5175.0,5775.0,5175.0,5325.0,312,0.0,0.0
2010-01-29 00:00:00-05:00,5175.0,5550.0,5175.0,5175.0,179,0.0,0.0
2010-02-01 00:00:00-05:00,4950.0,5250.0,4950.0,5100.0,245,0.0,0.0
2010-02-02 00:00:00-05:00,5100.0,5250.0,5100.0,5175.0,166,0.0,0.0
2010-02-03 00:00:00-05:00,5250.0,5250.0,5100.0,5100.0,135,0.0,0.0
2010-02-04 00:00:00-05:00,5250.0,5250.0,4650.0,4875.0,274,0.0,0.0
2010-02-05 00:00:00-05:00,4800.0,4875.0,4500.0,4800.0,279,0.0,0.0
2010-02-08 00:00:00-05:00,4875.0,5025.0,4575.0,4950.0,160,0.0,0.0
2010-02-09 00:00:00-05:00,5025.0,5025.0,4800.0,4875.0,160,0.0,0.0
2010-02-10 00:00:00-05:00,4575.0,4800.0,4350.0,4425.0,457,0.0,0.0
2010-02-11 00:00:00-05:00,4125.0,4125.0,3750.0,4050.0,890,0.0,0.0
2010-02-12 00:00:00-05:00,3975.0,4725.0,3975.0,4725.0,261,0.0,0.0
2010-02-16 00:00:00-05:00,4575.0,4575.0,4125.0,4500.0,264,0.0,0.0
2010-02-17 00:00:00-05:00,4800.0,6150.0,4725.0,5325.0,1533,0.0,0.0
2010-02-18 00:00:00-05:00,5400.0,5400.0,4800.0,4800.0,408,0.0,0.0
2010-02-19 00:00:00-05:00,4875.0,4950.0,4725.0,4950.0,134,0.0,0.0
2010-02-22 00:00:00-05:00,5025.0,6075.0,4950.0,5325.0,1116,0.0,0.0
2010-02-23 00:00:00-05:00,5325.0,5325.0,5025.0,5100.0,189,0.0,0.0
2010-02-24 00:00:00-05:00,4875.0,5325.0,4875.0,4950.0,157,0.0,0.0
2010-02-25 00:00:00-05:00,4875.0,5025.0,4725.0,4725.0,179,0.0,0.0
2010-02-26 00:00:00-05:00,4725.0,5100.0,4725.0,5100.0,143,0.0,0.0
2010-03-01 00:00:00-05:00,5025.0,5025.0,4800.0,4800.0,135,0.0,0.0
2010-03-02 00:00:00-05:00,4800.0,5025.0,4650.0,4950.0,202,0.0,0.0
2010-03-03 00:00:00-05:00,4725.0,5025.0,4725.0,4800.0,109,0.0,0.0
2010-03-04 00:00:00-05:00,4875.0,4875.0,4575.0,4800.0,205,0.0,0.0
2010-03-05 00:00:00-05:00,4725.0,4950.0,4650.0,4800.0,156,0.0,0.0
2010-03-08 00:00:00-05:00,4875.0,4950.0,4650.0,4875.0,165,0.0,0.0
2010-03-09 00:00:00-05:00,4800.0,5550.0,4725.0,5550.0,356,0.0,0.0
2010-03-10 00:00:00-05:00,5550.0,5550.0,5100.0,5250.0,391,0.0,0.0
2010-03-11 00:00:00-05:00,5250.0,5550.0,5025.0,5550.0,187,0.0,0.0
2010-03-12 00:00:00-05:00,5175.0,5475.0,5175.0,5400.0,159,0.0,0.0
2010-03-15 00:00:00-04:00,5475.0,5475.0,5175.0,5250.0,85,0.0,0.0
2010-03-16 00:00:00-04:00,5100.0,5400.0,5100.0,5175.0,122,0.0,0.0
2010-03-17 00:00:00-04:00,5175.0,5250.0,4950.0,5175.0,85,0.0,0.0
2010-03-18 00:00:00-04:00,5250.0,5250.0,5100.0,5175.0,85,0.0,0.0
2010-03-19 00:00:00-04:00,5175.0,5175.0,4875.0,5175.0,143,0.0,0.0
2010-03-22 00:00:00-04:00,5325.0,5325.0,4875.0,4950.0,99,0.0,0.0
2010-03-23 00:00:00-04:00,5550.0,5550.0,4875.0,5025.0,83,0.0,0.0
2010-03-24 00:00:00-04:00,4875.0,5175.0,4875.0,5175.0,148,0.0,0.0
2010-03-25 00:00:00-04:00,5175.0,5175.0,4875.0,4950.0,87,0.0,0.0
2010-03-26 00:00:00-04:00,4950.0,5175.0,4800.0,4875.0,191,0.0,0.0
2010-03-29 00:00:00-04:00,4875.0,5175.0,4800.0,5175.0,176,0.0,0.0
2010-03-30 00:00:00-04:00,5025.0,5175.0,4800.0,5025.0,100,0.0,0.0
2010-03-31 00:00:00-04:00,4875.0,5025.0,4800.0,4875.0,66,0.0,0.0
2010-04-01 00:00:00-04:00,4800.0,4950.0,4650.0,4725.0,125,0.0,0.0
2010-04-05 00:00:00-04:00,4650.0,5025.0,4650.0,5025.0,114,0.0,0.0
2010-04-06 00:00:00-04:00,4875.0,4950.0,4800.0,4875.0,98,0.0,0.0
2010-04-07 00:00:00-04:00,4725.0,5025.0,4650.0,5025.0,212,0.0,0.0
2010-04-08 00:00:00-04:00,4875.0,4950.0,4725.0,4725.0,103,0.0,0.0
2010-04-09 00:00:00-04:00,4800.0,4875.0,4725.0,4725.0,144,0.0,0.0
2010-04-12 00:00:00-04:00,4725.0,4875.0,4725.0,4725.0,138,0.0,0.0
2010-04-13 00:00:00-04:00,5400.0,5550.0,4950.0,5175.0,658,0.0,0.0
2010-04-14 00:00:00-04:00,5250.0,5250.0,5025.0,5175.0,153,0.0,0.0
2010-04-15 00:00:00-04:00,5025.0,5175.0,4875.0,5025.0,136,0.0,0.0
2010-04-16 00:00:00-04:00,5025.0,5175.0,4800.0,5175.0,168,0.0,0.0
2010-04-19 00:00:00-04:00,4950.0,5025.0,4800.0,4875.0,100,0.0,0.0
2010-04-20 00:00:00-04:00,4875.0,5025.0,4800.0,4800.0,177,0.0,0.0
2010-04-21 00:00:00-04:00,5025.0,5025.0,4800.0,4875.0,80,0.0,0.0
2010-04-22 00:00:00-04:00,4875.0,4875.0,4800.0,4800.0,33,0.0,0.0
2010-04-23 00:00:00-04:00,4725.0,4875.0,4650.0,4725.0,139,0.0,0.0
2010-04-26 00:00:00-04:00,4875.0,4950.0,4725.0,4950.0,125,0.0,0.0
2010-04-27 00:00:00-04:00,4800.0,4875.0,4725.0,4800.0,86,0.0,0.0
2010-04-28 00:00:00-04:00,4875.0,5025.0,4725.0,4800.0,141,0.0,0.0
2010-04-29 00:00:00-04:00,5100.0,5100.0,4725.0,5025.0,266,0.0,0.0
2010-04-30 00:00:00-04:00,5025.0,5700.0,4950.0,5325.0,849,0.0,0.0
2010-05-03 00:00:00-04:00,5400.0,5550.0,5025.0,5100.0,229,0.0,0.0
2010-05-04 00:00:00-04:00,5025.0,5025.0,4800.0,4800.0,204,0.0,0.0
2010-05-05 00:00:00-04:00,4800.0,5475.0,4650.0,5025.0,551,0.0,0.0
2010-05-06 00:00:00-04:00,5025.0,5250.0,4725.0,4725.0,202,0.0,0.0
2010-05-07 00:00:00-04:00,4800.0,4875.0,4500.0,4575.0,212,0.0,0.0
2010-05-10 00:00:00-04:00,4500.0,4950.0,4500.0,4800.0,121,0.0,0.0
2010-05-11 00:00:00-04:00,5025.0,5025.0,4725.0,4800.0,69,0.0,0.0
2010-05-12 00:00:00-04:00,4875.0,4950.0,4650.0,4800.0,151,0.0,0.0
2010-05-13 00:00:00-04:00,4800.0,4875.0,4725.0,4800.0,90,0.0,0.0
2010-05-14 00:00:00-04:00,4725.0,4950.0,4725.0,4875.0,126,0.0,0.0
2010-05-17 00:00:00-04:00,5025.0,5025.0,4650.0,4725.0,87,0.0,0.0
2010-05-18 00:00:00-04:00,4875.0,4875.0,4650.0,4650.0,110,0.0,0.0
2010-05-19 00:00:00-04:00,4650.0,4725.0,4125.0,4275.0,284,0.0,0.0
2010-05-20 00:00:00-04:00,4275.0,4275.0,3975.0,4050.0,220,0.0,0.0
2010-05-21 00:00:00-04:00,3975.0,4350.0,3900.0,4200.0,93,0.0,0.0
2010-05-24 00:00:00-04:00,4125.0,4650.0,4125.0,4200.0,119,0.0,0.0
2010-05-25 00:00:00-04:00,4125.0,4725.0,3975.0,4050.0,81,0.0,0.0
2010-05-26 00:00:00-04:00,4725.0,4725.0,3600.0,3600.0,663,0.0,0.0
2010-05-27 00:00:00-04:00,3900.0,4050.0,3750.0,4050.0,291,0.0,0.0
2010-05-28 00:00:00-04:00,3975.0,4125.0,3900.0,3975.0,81,0.0,0.0
2010-06-01 00:00:00-04:00,3975.0,3975.0,3675.0,3825.0,189,0.0,0.0
2010-06-02 00:00:00-04:00,3750.0,3900.0,3675.0,3825.0,111,0.0,0.0
2010-06-03 00:00:00-04:00,3825.0,3975.0,3750.0,3900.0,69,0.0,0.0
2010-06-04 00:00:00-04:00,4125.0,4125.0,3825.0,3825.0,66,0.0,0.0
2010-06-07 00:00:00-04:00,3750.0,3825.0,3600.0,3600.0,143,0.0,0.0
2010-06-08 00:00:00-04:00,3600.0,3675.0,3375.0,3525.0,110,0.0,0.0
2010-06-09 00:00:00-04:00,3525.0,3600.0,3525.0,3600.0,55,0.0,0.0
2010-06-10 00:00:00-04:00,3525.0,3825.0,3525.0,3600.0,58,0.0,0.0
2010-06-11 00:00:00-04:00,3675.0,3750.0,3600.0,3675.0,64,0.0,0.0
2010-06-14 00:00:00-04:00,3750.0,3900.0,3675.0,3825.0,61,0.0,0.0
2010-06-15 00:00:00-04:00,3825.0,3975.0,3825.0,3975.0,60,0.0,0.0
2010-06-16 00:00:00-04:00,3900.0,4125.0,3825.0,3900.0,40,0.0,0.0
2010-06-17 00:00:00-04:00,3825.0,4050.0,3825.0,4050.0,63,0.0,0.0
2010-06-18 00:00:00-04:00,4050.0,4125.0,3825.0,3975.0,34,0.0,0.0
2010-06-21 00:00:00-04:00,3900.0,4050.0,3750.0,3825.0,53,0.0,0.0
2010-06-22 00:00:00-04:00,3900.0,3975.0,3675.0,3900.0,60,0.0,0.0
2010-06-23 00:00:00-04:00,3900.0,4050.0,3750.0,3900.0,36,0.0,0.0
2010-06-24 00:00:00-04:00,3825.0,3825.0,3600.0,3750.0,37,0.0,0.0
2010-06-25 00:00:00-04:00,3750.0,3900.0,3675.0,3825.0,41,0.0,0.0
2010-06-28 00:00:00-04:00,4050.0,4050.0,3750.0,3750.0,58,0.0,0.0
2010-06-29 00:00:00-04:00,3750.0,3750.0,3525.0,3600.0,49,0.0,0.0
2010-06-30 00:00:00-04:00,3600.0,3750.0,3600.0,3675.0,38,0.0,0.0
2010-07-01 00:00:00-04:00,3750.0,3750.0,3450.0,3600.0,56,0.0,0.0
2010-07-02 00:00:00-04:00,3675.0,3675.0,3450.0,3600.0,32,0.0,0.0
2010-07-06 00:00:00-04:00,3525.0,3675.0,3375.0,3375.0,63,0.0,0.0
2010-07-07 00:00:00-04:00,3375.0,3600.0,3375.0,3450.0,47,0.0,0.0
2010-07-08 00:00:00-04:00,3225.0,3600.0,3225.0,3600.0,44,0.0,0.0
2010-07-09 00:00:00-04:00,3600.0,3675.0,3450.0,3675.0,60,0.0,0.0
2010-07-12 00:00:00-04:00,3675.0,3975.0,3525.0,3750.0,106,0.0,0.0
2010-07-13 00:00:00-04:00,3675.0,4125.0,3675.0,4050.0,74,0.0,0.0
2010-07-14 00:00:00-04:00,3975.0,4350.0,3900.0,4125.0,125,0.0,0.0
2010-07-15 00:00:00-04:00,4200.0,4275.0,3975.0,4050.0,48,0.0,0.0
2010-07-16 00:00:00-04:00,4050.0,4125.0,3975.0,3975.0,26,0.0,0.0
2010-07-19 00:00:00-04:00,3975.0,3975.0,3525.0,3675.0,58,0.0,0.0
2010-07-20 00:00:00-04:00,3675.0,3750.0,3525.0,3600.0,48,0.0,0.0
2010-07-21 00:00:00-04:00,3600.0,3750.0,3600.0,3600.0,29,0.0,0.0
2010-07-22 00:00:00-04:00,3450.0,3825.0,3450.0,3825.0,43,0.0,0.0
2010-07-23 00:00:00-04:00,3750.0,3900.0,3675.0,3900.0,43,0.0,0.0
2010-07-26 00:00:00-04:00,4125.0,4125.0,3825.0,3825.0,49,0.0,0.0
2010-07-27 00:00:00-04:00,3900.0,3975.0,3825.0,3825.0,33,0.0,0.0
2010-07-28 00:00:00-04:00,3900.0,3975.0,3825.0,3825.0,25,0.0,0.0
2010-07-29 00:00:00-04:00,3975.0,3975.0,3750.0,3825.0,31,0.0,0.0
2010-07-30 00:00:00-04:00,3900.0,3900.0,3675.0,3825.0,30,0.0,0.0
2010-08-02 00:00:00-04:00,3750.0,3975.0,3675.0,3750.0,47,0.0,0.0
2010-08-03 00:00:00-04:00,3750.0,3900.0,3600.0,3675.0,82,0.0,0.0
2010-08-04 00:00:00-04:00,3750.0,4125.0,3600.0,4050.0,234,0.0,0.0
2010-08-05 00:00:00-04:00,3900.0,4125.0,3900.0,3975.0,49,0.0,0.0
2010-08-06 00:00:00-04:00,4050.0,4050.0,3825.0,3825.0,60,0.0,0.0
2010-08-09 00:00:00-04:00,3975.0,4050.0,3750.0,3825.0,35,0.0,0.0
2010-08-10 00:00:00-04:00,3825.0,3975.0,3825.0,3975.0,62,0.0,0.0
2010-08-11 00:00:00-04:00,3900.0,3975.0,3750.0,3750.0,61,0.0,0.0
2010-08-12 00:00:00-04:00,3825.0,3825.0,3675.0,3825.0,70,0.0,0.0
2010-08-13 00:00:00-04:00,3825.0,3900.0,3750.0,3750.0,39,0.0,0.0
2010-08-16 00:00:00-04:00,3750.0,3900.0,3750.0,3750.0,49,0.0,0.0
2010-08-17 00:00:00-04:00,3900.0,4050.0,3675.0,3750.0,59,0.0,0.0
2010-08-18 00:00:00-04:00,3900.0,3900.0,3750.0,3825.0,46,0.0,0.0
2010-08-19 00:00:00-04:00,3825.0,3825.0,3675.0,3750.0,51,0.0,0.0
2010-08-20 00:00:00-04:00,3750.0,3825.0,3675.0,3675.0,50,0.0,0.0
2010-08-23 00:00:00-04:00,3750.0,3825.0,3675.0,3750.0,28,0.0,0.0
2010-08-24 00:00:00-04:00,3750.0,3750.0,3675.0,3750.0,44,0.0,0.0
2010-08-25 00:00:00-04:00,3600.0,3750.0,3600.0,3750.0,32,0.0,0.0
2010-08-26 00:00:00-04:00,3600.0,3750.0,3600.0,3675.0,37,0.0,0.0
2010-08-27 00:00:00-04:00,3675.0,3750.0,3675.0,3675.0,32,0.0,0.0
2010-08-30 00:00:00-04:00,3675.0,3750.0,3675.0,3675.0,30,0.0,0.0
2010-08-31 00:00:00-04:00,3675.0,3675.0,3600.0,3675.0,30,0.0,0.0
2010-09-01 00:00:00-04:00,3675.0,3750.0,3600.0,3675.0,26,0.0,0.0
2010-09-02 00:00:00-04:00,3750.0,3750.0,3675.0,3750.0,32,0.0,0.0
2010-09-03 00:00:00-04:00,3750.0,3825.0,3675.0,3750.0,34,0.0,0.0
2010-09-07 00:00:00-04:00,3825.0,3825.0,3675.0,3675.0,26,0.0,0.0
2010-09-08 00:00:00-04:00,3825.0,3825.0,3675.0,3675.0,88,0.0,0.0
2010-09-09 00:00:00-04:00,3675.0,3750.0,3675.0,3750.0,34,0.0,0.0
2010-09-10 00:00:00-04:00,3750.0,3750.0,3675.0,3750.0,18,0.0,0.0
2010-09-13 00:00:00-04:00,3750.0,4350.0,3750.0,4125.0,429,0.0,0.0
2010-09-14 00:00:00-04:00,4050.0,4200.0,4050.0,4050.0,81,0.0,0.0
2010-09-15 00:00:00-04:00,4050.0,4200.0,3825.0,4125.0,61,0.0,0.0
2010-09-16 00:00:00-04:00,4200.0,4200.0,3975.0,4050.0,38,0.0,0.0
2010-09-17 00:00:00-04:00,4050.0,4125.0,3975.0,4125.0,50,0.0,0.0
2010-09-20 00:00:00-04:00,4200.0,4200.0,4050.0,4125.0,91,0.0,0.0
2010-09-21 00:00:00-04:00,4200.0,5100.0,4125.0,4650.0,742,0.0,0.0
2010-09-22 00:00:00-04:00,4725.0,5550.0,4725.0,5475.0,635,0.0,0.0
2010-09-23 00:00:00-04:00,5550.0,6300.0,5250.0,5550.0,1108,0.0,0.0
2010-09-24 00:00:00-04:00,6000.0,6000.0,4950.0,5250.0,445,0.0,0.0
2010-09-27 00:00:00-04:00,5625.0,5625.0,5100.0,5625.0,180,0.0,0.0
2010-09-28 00:00:00-04:00,5625.0,5625.0,5175.0,5250.0,145,0.0,0.0
2010-09-29 00:00:00-04:00,5250.0,5325.0,5100.0,5175.0,88,0.0,0.0
2010-09-30 00:00:00-04:00,5250.0,5250.0,4725.0,4800.0,209,0.0,0.0
2010-10-01 00:00:00-04:00,4800.0,4875.0,4500.0,4575.0,203,0.0,0.0
2010-10-04 00:00:00-04:00,4650.0,5025.0,4575.0,4950.0,115,0.0,0.0
2010-10-05 00:00:00-04:00,5025.0,5175.0,4875.0,5025.0,154,0.0,0.0
2010-10-06 00:00:00-04:00,5025.0,5175.0,5025.0,5175.0,89,0.0,0.0
2010-10-07 00:00:00-04:00,5250.0,5325.0,4950.0,5100.0,125,0.0,0.0
2010-10-08 00:00:00-04:00,4950.0,5175.0,4875.0,5100.0,104,0.0,0.0
2010-10-11 00:00:00-04:00,5175.0,5325.0,4950.0,5325.0,121,0.0,0.0
2010-10-12 00:00:00-04:00,5175.0,5775.0,5175.0,5625.0,262,0.0,0.0
2010-10-13 00:00:00-04:00,5850.0,5850.0,5400.0,5475.0,172,0.0,0.0
2010-10-14 00:00:00-04:00,5475.0,5625.0,5250.0,5250.0,99,0.0,0.0
2010-10-15 00:00:00-04:00,5175.0,5325.0,5100.0,5250.0,83,0.0,0.0
2010-10-18 00:00:00-04:00,5400.0,5400.0,5175.0,5175.0,88,0.0,0.0
2010-10-19 00:00:00-04:00,5175.0,5400.0,5100.0,5100.0,67,0.0,0.0
2010-10-20 00:00:00-04:00,5250.0,5475.0,5100.0,5100.0,132,0.0,0.0
2010-10-21 00:00:00-04:00,5175.0,5325.0,5100.0,5325.0,82,0.0,0.0
2010-10-22 00:00:00-04:00,5250.0,5325.0,5175.0,5175.0,71,0.0,0.0
2010-10-25 00:00:00-04:00,5175.0,5250.0,5175.0,5250.0,68,0.0,0.0
2010-10-26 00:00:00-04:00,5250.0,5325.0,5175.0,5175.0,88,0.0,0.0
2010-10-27 00:00:00-04:00,5175.0,5325.0,5100.0,5175.0,56,0.0,0.0
2010-10-28 00:00:00-04:00,5175.0,5325.0,5175.0,5250.0,76,0.0,0.0
2010-10-29 00:00:00-04:00,5250.0,5250.0,5100.0,5175.0,74,0.0,0.0
2010-11-01 00:00:00-04:00,5175.0,5175.0,5025.0,5100.0,92,0.0,0.0
2010-11-02 00:00:00-04:00,5025.0,5175.0,5025.0,5025.0,73,0.0,0.0
2010-11-03 00:00:00-04:00,5100.0,5100.0,5025.0,5025.0,56,0.0,0.0
2010-11-04 00:00:00-04:00,5175.0,5175.0,4950.0,4950.0,96,0.0,0.0
2010-11-05 00:00:00-04:00,4950.0,5175.0,4950.0,4950.0,64,0.0,0.0
2010-11-08 00:00:00-05:00,5100.0,5250.0,4950.0,5250.0,122,0.0,0.0
2010-11-09 00:00:00-05:00,5250.0,5325.0,5025.0,5175.0,129,0.0,0.0
2010-11-10 00:00:00-05:00,5175.0,5175.0,5025.0,5175.0,98,0.0,0.0
2010-11-11 00:00:00-05:00,5325.0,5325.0,5025.0,5250.0,65,0.0,0.0
2010-11-12 00:00:00-05:00,5250.0,5250.0,5025.0,5100.0,68,0.0,0.0
2010-11-15 00:00:00-05:00,5025.0,5175.0,4950.0,5025.0,53,0.0,0.0
2010-11-16 00:00:00-05:00,5025.0,5025.0,4875.0,4950.0,66,0.0,0.0
2010-11-17 00:00:00-05:00,4950.0,4950.0,4800.0,4875.0,68,0.0,0.0
2010-11-18 00:00:00-05:00,4800.0,4950.0,4500.0,4650.0,146,0.0,0.0
2010-11-19 00:00:00-05:00,4575.0,4800.0,4575.0,4800.0,48,0.0,0.0
2010-11-22 00:00:00-05:00,4800.0,4950.0,4725.0,4875.0,51,0.0,0.0
2010-11-23 00:00:00-05:00,4875.0,5100.0,4575.0,5100.0,119,0.0,0.0
2010-11-24 00:00:00-05:00,5250.0,5250.0,4950.0,4950.0,41,0.0,0.0
2010-11-26 00:00:00-05:00,4875.0,5175.0,4875.0,5100.0,25,0.0,0.0
2010-11-29 00:00:00-05:00,5025.0,5175.0,4950.0,5025.0,55,0.0,0.0
2010-11-30 00:00:00-05:00,4950.0,5550.0,4950.0,5400.0,252,0.0,0.0
2010-12-01 00:00:00-05:00,5400.0,5700.0,5250.0,5625.0,225,0.0,0.0
2010-12-02 00:00:00-05:00,5475.0,5775.0,5475.0,5625.0,182,0.0,0.0
2010-12-03 00:00:00-05:00,5700.0,5925.0,5625.0,5850.0,182,0.0,0.0
2010-12-06 00:00:00-05:00,5775.0,7050.0,5775.0,6900.0,476,0.0,0.0
2010-12-07 00:00:00-05:00,7050.0,7275.0,6075.0,6375.0,585,0.0,0.0
2010-12-08 00:00:00-05:00,6525.0,6975.0,6300.0,6825.0,294,0.0,0.0
2010-12-09 00:00:00-05:00,7050.0,7125.0,6750.0,6750.0,141,0.0,0.0
2010-12-10 00:00:00-05:00,6750.0,6900.0,6525.0,6750.0,153,0.0,0.0
2010-12-13 00:00:00-05:00,6900.0,6900.0,6450.0,6675.0,178,0.0,0.0
2010-12-14 00:00:00-05:00,6600.0,6750.0,6075.0,6150.0,206,0.0,0.0
2010-12-15 00:00:00-05:00,6225.0,6225.0,5850.0,6000.0,159,0.0,0.0
2010-12-16 00:00:00-05:00,5925.0,6300.0,5850.0,6300.0,111,0.0,0.0
2010-12-17 00:00:00-05:00,6300.0,6525.0,5925.0,6525.0,175,0.0,0.0
2010-12-20 00:00:00-05:00,6375.0,6450.0,6225.0,6450.0,97,0.0,0.0
2010-12-21 00:00:00-05:00,6375.0,6525.0,6225.0,6300.0,107,0.0,0.0
2010-12-22 00:00:00-05:00,6375.0,6375.0,6150.0,6375.0,73,0.0,0.0
2010-12-23 00:00:00-05:00,6375.0,6900.0,6375.0,6750.0,487,0.0,0.0
2010-12-27 00:00:00-05:00,6750.0,6750.0,5850.0,6525.0,151,0.0,0.0
2010-12-28 00:00:00-05:00,6375.0,6600.0,6150.0,6300.0,122,0.0,0.0
2010-12-29 00:00:00-05:00,7800.0,7875.0,6750.0,6825.0,883,0.0,0.0
2010-12-30 00:00:00-05:00,6750.0,6750.0,6150.0,6225.0,335,0.0,0.0
2010-12-31 00:00:00-05:00,6300.0,6375.0,6150.0,6150.0,102,0.0,0.0
2011-01-03 00:00:00-05:00,6300.0,6375.0,6000.0,6225.0,217,0.0,0.0
2011-01-04 00:00:00-05:00,6075.0,6225.0,6000.0,6075.0,130,0.0,0.0
2011-01-05 00:00:00-05:00,5925.0,6375.0,5925.0,6225.0,195,0.0,0.0
2011-01-06 00:00:00-05:00,6225.0,6300.0,6150.0,6225.0,73,0.0,0.0
2011-01-07 00:00:00-05:00,6150.0,6225.0,6075.0,6150.0,103,0.0,0.0
2011-01-10 00:00:00-05:00,6075.0,6150.0,5925.0,5925.0,223,0.0,0.0
2011-01-11 00:00:00-05:00,6000.0,6000.0,5925.0,5925.0,83,0.0,0.0
2011-01-12 00:00:00-05:00,6075.0,6450.0,5925.0,6150.0,260,0.0,0.0
2011-01-13 00:00:00-05:00,6225.0,6225.0,6000.0,6150.0,61,0.0,0.0
2011-01-14 00:00:00-05:00,6150.0,6300.0,5925.0,6150.0,156,0.0,0.0
2011-01-18 00:00:00-05:00,6150.0,6225.0,6000.0,6075.0,110,0.0,0.0
2011-01-19 00:00:00-05:00,6000.0,6075.0,5925.0,5925.0,108,0.0,0.0
2011-01-20 00:00:00-05:00,5925.0,5925.0,5550.0,5700.0,154,0.0,0.0
2011-01-21 00:00:00-05:00,5700.0,5775.0,5250.0,5550.0,150,0.0,0.0
2011-01-24 00:00:00-05:00,5550.0,5625.0,5250.0,5550.0,119,0.0,0.0
2011-01-25 00:00:00-05:00,5475.0,5775.0,5475.0,5775.0,165,0.0,0.0
2011-01-26 00:00:00-05:00,5775.0,5775.0,5475.0,5700.0,110,0.0,0.0
2011-01-27 00:00:00-05:00,5625.0,5625.0,5400.0,5400.0,138,0.0,0.0
2011-01-28 00:00:00-05:00,5400.0,5400.0,5250.0,5325.0,65,0.0,0.0
2011-01-31 00:00:00-05:00,5400.0,5400.0,5100.0,5175.0,127,0.0,0.0
2011-02-01 00:00:00-05:00,5625.0,5925.0,5325.0,5550.0,203,0.0,0.0
2011-02-02 00:00:00-05:00,5625.0,5625.0,5325.0,5400.0,128,0.0,0.0
2011-02-03 00:00:00-05:00,5325.0,5400.0,5175.0,5250.0,109,0.0,0.0
2011-02-04 00:00:00-05:00,5250.0,5475.0,5250.0,5325.0,42,0.0,0.0
2011-02-07 00:00:00-05:00,5250.0,5475.0,5250.0,5325.0,51,0.0,0.0
2011-02-08 00:00:00-05:00,5400.0,5400.0,5325.0,5400.0,42,0.0,0.0
2011-02-09 00:00:00-05:00,5400.0,5475.0,5325.0,5400.0,27,0.0,0.0
2011-02-10 00:00:00-05:00,5400.0,5400.0,5175.0,5175.0,186,0.0,0.0
2011-02-11 00:00:00-05:00,5175.0,5325.0,5175.0,5325.0,43,0.0,0.0
2011-02-14 00:00:00-05:00,5175.0,5700.0,5175.0,5550.0,137,0.0,0.0
2011-02-15 00:00:00-05:00,5625.0,5625.0,5325.0,5325.0,32,0.0,0.0
2011-02-16 00:00:00-05:00,5325.0,5400.0,5250.0,5325.0,82,0.0,0.0
2011-02-17 00:00:00-05:00,5325.0,5325.0,5175.0,5250.0,57,0.0,0.0
2011-02-18 00:00:00-05:00,5250.0,5400.0,5175.0,5250.0,98,0.0,0.0
2011-02-22 00:00:00-05:00,5250.0,5250.0,5175.0,5175.0,97,0.0,0.0
2011-02-23 00:00:00-05:00,5025.0,5175.0,4875.0,5025.0,117,0.0,0.0
2011-02-24 00:00:00-05:00,5025.0,5475.0,4950.0,5250.0,147,0.0,0.0
2011-02-25 00:00:00-05:00,5250.0,5250.0,5100.0,5175.0,61,0.0,0.0
2011-02-28 00:00:00-05:00,5325.0,5325.0,4650.0,4950.0,189,0.0,0.0
2011-03-01 00:00:00-05:00,4950.0,5025.0,4875.0,4875.0,76,0.0,0.0
2011-03-02 00:00:00-05:00,4875.0,5025.0,4875.0,4950.0,83,0.0,0.0
2011-03-03 00:00:00-05:00,4800.0,4950.0,4800.0,4800.0,104,0.0,0.0
2011-03-04 00:00:00-05:00,4800.0,4875.0,4725.0,4725.0,84,0.0,0.0
2011-03-07 00:00:00-05:00,4725.0,4725.0,4500.0,4575.0,160,0.0,0.0
2011-03-08 00:00:00-05:00,4650.0,4950.0,4425.0,4425.0,155,0.0,0.0
2011-03-09 00:00:00-05:00,4425.0,4500.0,4350.0,4425.0,126,0.0,0.0
2011-03-10 00:00:00-05:00,4500.0,4500.0,4275.0,4350.0,89,0.0,0.0
2011-03-11 00:00:00-05:00,4350.0,4500.0,4200.0,4350.0,97,0.0,0.0
2011-03-14 00:00:00-04:00,4275.0,4350.0,4200.0,4200.0,70,0.0,0.0
2011-03-15 00:00:00-04:00,4125.0,4200.0,3825.0,4200.0,155,0.0,0.0
2011-03-16 00:00:00-04:00,4200.0,4200.0,3900.0,4050.0,69,0.0,0.0
2011-03-17 00:00:00-04:00,4125.0,4500.0,4125.0,4350.0,187,0.0,0.0
2011-03-18 00:00:00-04:00,4500.0,4500.0,4200.0,4275.0,57,0.0,0.0
2011-03-21 00:00:00-04:00,4200.0,4275.0,4050.0,4125.0,65,0.0,0.0
2011-03-22 00:00:00-04:00,4050.0,4125.0,4050.0,4125.0,80,0.0,0.0
2011-03-23 00:00:00-04:00,4125.0,4125.0,3975.0,4050.0,84,0.0,0.0
2011-03-24 00:00:00-04:00,4050.0,4125.0,3975.0,3975.0,75,0.0,0.0
2011-03-25 00:00:00-04:00,4125.0,4125.0,3975.0,4125.0,59,0.0,0.0
2011-03-28 00:00:00-04:00,4275.0,4275.0,4125.0,4200.0,58,0.0,0.0
2011-03-29 00:00:00-04:00,4200.0,4650.0,4200.0,4500.0,232,0.0,0.0
2011-03-30 00:00:00-04:00,4575.0,5475.0,4500.0,4875.0,658,0.0,0.0
2011-03-31 00:00:00-04:00,4950.0,5100.0,4575.0,4725.0,155,0.0,0.0
2011-04-01 00:00:00-04:00,4875.0,4950.0,4575.0,4650.0,73,0.0,0.0
2011-04-04 00:00:00-04:00,4650.0,4800.0,4650.0,4725.0,57,0.0,0.0
2011-04-05 00:00:00-04:00,4650.0,4800.0,4650.0,4650.0,38,0.0,0.0
2011-04-06 00:00:00-04:00,4650.0,4875.0,4650.0,4725.0,62,0.0,0.0
2011-04-07 00:00:00-04:00,4800.0,5250.0,4800.0,4875.0,230,0.0,0.0
2011-04-08 00:00:00-04:00,4875.0,5100.0,4800.0,4875.0,59,0.0,0.0
2011-04-11 00:00:00-04:00,4950.0,5400.0,4950.0,5100.0,215,0.0,0.0
2011-04-12 00:00:00-04:00,5250.0,5250.0,4800.0,4950.0,96,0.0,0.0
2011-04-13 00:00:00-04:00,5250.0,5325.0,4950.0,5250.0,174,0.0,0.0
2011-04-14 00:00:00-04:00,5550.0,5550.0,5175.0,5175.0,90,0.0,0.0
2011-04-15 00:00:00-04:00,5100.0,5475.0,5100.0,5250.0,78,0.0,0.0
2011-04-18 00:00:00-04:00,5025.0,5250.0,4725.0,4950.0,122,0.0,0.0
2011-04-19 00:00:00-04:00,4950.0,5100.0,4800.0,4950.0,37,0.0,0.0
2011-04-20 00:00:00-04:00,4950.0,5100.0,4800.0,5100.0,82,0.0,0.0
2011-04-21 00:00:00-04:00,4950.0,5250.0,4950.0,5175.0,58,0.0,0.0
2011-04-25 00:00:00-04:00,5250.0,5325.0,5250.0,5325.0,64,0.0,0.0
2011-04-26 00:00:00-04:00,5100.0,5325.0,4875.0,5025.0,160,0.0,0.0
2011-04-27 00:00:00-04:00,5025.0,5100.0,4875.0,5025.0,42,0.0,0.0
2011-04-28 00:00:00-04:00,5025.0,5250.0,4950.0,5175.0,116,0.0,0.0
2011-04-29 00:00:00-04:00,5250.0,5250.0,5100.0,5175.0,75,0.0,0.0
2011-05-02 00:00:00-04:00,5250.0,5250.0,5025.0,5025.0,39,0.0,0.0
2011-05-03 00:00:00-04:00,5100.0,5250.0,4950.0,5025.0,117,0.0,0.0
2011-05-04 00:00:00-04:00,5025.0,5025.0,4950.0,5025.0,65,0.0,0.0
2011-05-05 00:00:00-04:00,5100.0,5325.0,5025.0,5250.0,131,0.0,0.0
2011-05-06 00:00:00-04:00,5250.0,5475.0,5025.0,5025.0,139,0.0,0.0
2011-05-09 00:00:00-04:00,5175.0,5325.0,5100.0,5175.0,61,0.0,0.0
2011-05-10 00:00:00-04:00,5175.0,5400.0,5100.0,5100.0,181,0.0,0.0
2011-05-11 00:00:00-04:00,5175.0,5175.0,4950.0,5025.0,89,0.0,0.0
2011-05-12 00:00:00-04:00,5100.0,5100.0,5025.0,5100.0,39,0.0,0.0
2011-05-13 00:00:00-04:00,5100.0,5250.0,5025.0,5025.0,57,0.0,0.0
2011-05-16 00:00:00-04:00,5025.0,5250.0,5025.0,5100.0,55,0.0,0.0
2011-05-17 00:00:00-04:00,5175.0,5175.0,4650.0,4650.0,222,0.0,0.0
2011-05-18 00:00:00-04:00,4800.0,4800.0,4650.0,4650.0,127,0.0,0.0
2011-05-19 00:00:00-04:00,4650.0,4725.0,4575.0,4650.0,57,0.0,0.0
2011-05-20 00:00:00-04:00,4800.0,4800.0,4500.0,4500.0,88,0.0,0.0
2011-05-23 00:00:00-04:00,4500.0,4575.0,4350.0,4425.0,83,0.0,0.0
2011-05-24 00:00:00-04:00,4425.0,4575.0,4275.0,4275.0,70,0.0,0.0
2011-05-25 00:00:00-04:00,4350.0,4425.0,4275.0,4350.0,41,0.0,0.0
2011-05-26 00:00:00-04:00,4800.0,4800.0,4350.0,4500.0,98,0.0,0.0
2011-05-27 00:00:00-04:00,4575.0,4575.0,4425.0,4500.0,38,0.0,0.0
2011-05-31 00:00:00-04:00,4575.0,4575.0,4350.0,4500.0,72,0.0,0.0
2011-06-01 00:00:00-04:00,4575.0,4650.0,4425.0,4500.0,35,0.0,0.0
2011-06-02 00:00:00-04:00,4500.0,4575.0,4350.0,4350.0,56,0.0,0.0
2011-06-03 00:00:00-04:00,4350.0,4500.0,4275.0,4425.0,37,0.0,0.0
2011-06-06 00:00:00-04:00,4425.0,4500.0,4200.0,4200.0,57,0.0,0.0
2011-06-07 00:00:00-04:00,4275.0,4350.0,4200.0,4275.0,31,0.0,0.0
2011-06-08 00:00:00-04:00,4200.0,4350.0,4125.0,4200.0,53,0.0,0.0
2011-06-09 00:00:00-04:00,4200.0,4275.0,4125.0,4200.0,64,0.0,0.0
2011-06-10 00:00:00-04:00,4125.0,4200.0,4125.0,4125.0,36,0.0,0.0
2011-06-13 00:00:00-04:00,4125.0,4200.0,3975.0,4050.0,123,0.0,0.0
2011-06-14 00:00:00-04:00,3975.0,4125.0,3975.0,3975.0,45,0.0,0.0
2011-06-15 00:00:00-04:00,3975.0,4050.0,3975.0,3975.0,26,0.0,0.0
2011-06-16 00:00:00-04:00,3975.0,4050.0,3975.0,3975.0,33,0.0,0.0
2011-06-17 00:00:00-04:00,4050.0,4125.0,3750.0,3900.0,179,0.0,0.0
2011-06-20 00:00:00-04:00,3825.0,3825.0,3525.0,3600.0,118,0.0,0.0
2011-06-21 00:00:00-04:00,3825.0,4125.0,3750.0,3825.0,126,0.0,0.0
2011-06-22 00:00:00-04:00,3900.0,3900.0,3825.0,3825.0,38,0.0,0.0
2011-06-23 00:00:00-04:00,3975.0,3975.0,3825.0,3900.0,68,0.0,0.0
2011-06-24 00:00:00-04:00,3900.0,3900.0,3750.0,3750.0,92,0.0,0.0
2011-06-27 00:00:00-04:00,3900.0,3900.0,3750.0,3825.0,40,0.0,0.0
2011-06-28 00:00:00-04:00,3975.0,3975.0,3750.0,3825.0,62,0.0,0.0
2011-06-29 00:00:00-04:00,3750.0,3900.0,3750.0,3750.0,59,0.0,0.0
2011-06-30 00:00:00-04:00,3825.0,3825.0,3450.0,3750.0,141,0.0,0.0
2011-07-01 00:00:00-04:00,3825.0,3825.0,3750.0,3750.0,58,0.0,0.0
2011-07-05 00:00:00-04:00,3825.0,3900.0,3750.0,3750.0,84,0.0,0.0
2011-07-06 00:00:00-04:00,3600.0,3900.0,3600.0,3750.0,59,0.0,0.0
2011-07-07 00:00:00-04:00,3675.0,3825.0,3675.0,3750.0,76,0.0,0.0
2011-07-08 00:00:00-04:00,3825.0,3825.0,3750.0,3750.0,73,0.0,0.0
2011-07-11 00:00:00-04:00,3750.0,3825.0,3675.0,3750.0,34,0.0,0.0
2011-07-12 00:00:00-04:00,3750.0,3750.0,3675.0,3750.0,26,0.0,0.0
2011-07-13 00:00:00-04:00,3750.0,3825.0,3675.0,3675.0,32,0.0,0.0
2011-07-14 00:00:00-04:00,3900.0,3900.0,3675.0,3750.0,30,0.0,0.0
2011-07-15 00:00:00-04:00,3750.0,3750.0,3675.0,3750.0,29,0.0,0.0
2011-07-18 00:00:00-04:00,3750.0,3750.0,3600.0,3675.0,53,0.0,0.0
2011-07-19 00:00:00-04:00,3750.0,4275.0,3675.0,3750.0,384,0.0,0.0
2011-07-20 00:00:00-04:00,3750.0,3825.0,3675.0,3750.0,53,0.0,0.0
2011-07-21 00:00:00-04:00,3675.0,3900.0,3675.0,3825.0,44,0.0,0.0
2011-07-22 00:00:00-04:00,3750.0,3900.0,3750.0,3750.0,64,0.0,0.0
2011-07-25 00:00:00-04:00,3825.0,3900.0,3750.0,3750.0,55,0.0,0.0
2011-07-26 00:00:00-04:00,3750.0,3825.0,3750.0,3750.0,54,0.0,0.0
2011-07-27 00:00:00-04:00,3750.0,3825.0,3600.0,3675.0,87,0.0,0.0
2011-07-28 00:00:00-04:00,3600.0,3750.0,3600.0,3675.0,31,0.0,0.0
2011-07-29 00:00:00-04:00,3675.0,3750.0,3600.0,3675.0,19,0.0,0.0
2011-08-01 00:00:00-04:00,3750.0,3900.0,3675.0,3750.0,41,0.0,0.0
2011-08-02 00:00:00-04:00,3825.0,3825.0,3675.0,3675.0,57,0.0,0.0
2011-08-03 00:00:00-04:00,3675.0,3825.0,3525.0,3750.0,69,0.0,0.0
2011-08-04 00:00:00-04:00,3600.0,3675.0,3450.0,3450.0,79,0.0,0.0
2011-08-05 00:00:00-04:00,3450.0,3675.0,3225.0,3450.0,148,0.0,0.0
2011-08-08 00:00:00-04:00,3150.0,3300.0,2925.0,2925.0,225,0.0,0.0
2011-08-09 00:00:00-04:00,2925.0,3075.0,2925.0,3000.0,124,0.0,0.0
2011-08-10 00:00:00-04:00,3000.0,3000.0,2925.0,2925.0,58,0.0,0.0
2011-08-11 00:00:00-04:00,2925.0,3000.0,2625.0,3000.0,122,0.0,0.0
2011-08-12 00:00:00-04:00,3000.0,3000.0,2925.0,3000.0,77,0.0,0.0
2011-08-15 00:00:00-04:00,3000.0,3075.0,2925.0,3000.0,91,0.0,0.0
2011-08-16 00:00:00-04:00,3075.0,3225.0,3000.0,3225.0,139,0.0,0.0
2011-08-17 00:00:00-04:00,3300.0,3375.0,3150.0,3225.0,216,0.0,0.0
2011-08-18 00:00:00-04:00,3150.0,3150.0,3000.0,3075.0,66,0.0,0.0
2011-08-19 00:00:00-04:00,2925.0,3000.0,2850.0,3000.0,111,0.0,0.0
2011-08-22 00:00:00-04:00,3000.0,3000.0,2850.0,2850.0,48,0.0,0.0
2011-08-23 00:00:00-04:00,2775.0,3150.0,2775.0,3000.0,53,0.0,0.0
2011-08-24 00:00:00-04:00,3000.0,3000.0,2925.0,3000.0,46,0.0,0.0
2011-08-25 00:00:00-04:00,3000.0,3000.0,3000.0,3000.0,21,0.0,0.0
2011-08-26 00:00:00-04:00,3000.0,3075.0,2850.0,2925.0,39,0.0,0.0
2011-08-29 00:00:00-04:00,3000.0,3000.0,2925.0,3000.0,24,0.0,0.0
2011-08-30 00:00:00-04:00,3000.0,3075.0,2925.0,3000.0,55,0.0,0.0
2011-08-31 00:00:00-04:00,2925.0,3000.0,2925.0,3000.0,35,0.0,0.0
2011-09-01 00:00:00-04:00,3000.0,3075.0,3000.0,3000.0,18,0.0,0.0
2011-09-02 00:00:00-04:00,3000.0,3075.0,2925.0,2925.0,25,0.0,0.0
2011-09-06 00:00:00-04:00,2925.0,3000.0,2850.0,2850.0,30,0.0,0.0
2011-09-07 00:00:00-04:00,2850.0,3000.0,2850.0,2925.0,20,0.0,0.0
2011-09-08 00:00:00-04:00,3000.0,3075.0,2850.0,2850.0,55,0.0,0.0
2011-09-09 00:00:00-04:00,3000.0,3000.0,2850.0,2925.0,45,0.0,0.0
2011-09-12 00:00:00-04:00,3000.0,3000.0,2850.0,2925.0,26,0.0,0.0
2011-09-13 00:00:00-04:00,2850.0,3000.0,2850.0,3000.0,10,0.0,0.0
2011-09-14 00:00:00-04:00,3000.0,3000.0,2850.0,2850.0,29,0.0,0.0
2011-09-15 00:00:00-04:00,2850.0,3000.0,2850.0,2925.0,24,0.0,0.0
2011-09-16 00:00:00-04:00,2925.0,3000.0,2850.0,2850.0,20,0.0,0.0
2011-09-19 00:00:00-04:00,2925.0,2925.0,2850.0,2850.0,26,0.0,0.0
2011-09-20 00:00:00-04:00,2925.0,2925.0,2850.0,2925.0,67,0.0,0.0
2011-09-21 00:00:00-04:00,2925.0,2925.0,2850.0,2925.0,25,0.0,0.0
2011-09-22 00:00:00-04:00,2850.0,2925.0,2775.0,2850.0,59,0.0,0.0
2011-09-23 00:00:00-04:00,2775.0,3000.0,2625.0,2700.0,101,0.0,0.0
2011-09-26 00:00:00-04:00,2850.0,2850.0,2625.0,2700.0,28,0.0,0.0
2011-09-27 00:00:00-04:00,2625.0,2850.0,2625.0,2775.0,21,0.0,0.0
2011-09-28 00:00:00-04:00,2700.0,2775.0,2700.0,2775.0,23,0.0,0.0
2011-09-29 00:00:00-04:00,2775.0,2850.0,2625.0,2775.0,15,0.0,0.0
2011-09-30 00:00:00-04:00,2775.0,2775.0,2625.0,2775.0,49,0.0,0.0
2011-10-03 00:00:00-04:00,2625.0,2775.0,2250.0,2550.0,58,0.0,0.0
2011-10-04 00:00:00-04:00,2400.0,2400.0,2100.0,2175.0,361,0.0,0.0
2011-10-05 00:00:00-04:00,2175.0,2325.0,2100.0,2175.0,62,0.0,0.0
2011-10-06 00:00:00-04:00,2175.0,2250.0,2175.0,2250.0,45,0.0,0.0
2011-10-07 00:00:00-04:00,2325.0,2325.0,2100.0,2175.0,75,0.0,0.0
2011-10-10 00:00:00-04:00,2175.0,2250.0,2100.0,2100.0,206,0.0,0.0
2011-10-11 00:00:00-04:00,2100.0,2175.0,2025.0,2100.0,52,0.0,0.0
2011-10-12 00:00:00-04:00,2100.0,2175.0,2025.0,2100.0,104,0.0,0.0
2011-10-13 00:00:00-04:00,2775.0,2775.0,2100.0,2100.0,120,0.0,0.0
2011-10-14 00:00:00-04:00,2100.0,2250.0,2025.0,2100.0,286,0.0,0.0
2011-10-17 00:00:00-04:00,2775.0,2775.0,2100.0,2100.0,302,0.0,0.0
2011-10-18 00:00:00-04:00,2175.0,2250.0,2100.0,2100.0,152,0.0,0.0
2011-10-19 00:00:00-04:00,2100.0,2250.0,2100.0,2100.0,196,0.0,0.0
2011-10-20 00:00:00-04:00,2100.0,2175.0,2100.0,2100.0,49,0.0,0.0
2011-10-21 00:00:00-04:00,2100.0,2250.0,2100.0,2100.0,117,0.0,0.0
2011-10-24 00:00:00-04:00,2175.0,2475.0,2100.0,2325.0,173,0.0,0.0
2011-10-25 00:00:00-04:00,2550.0,3000.0,2325.0,2775.0,357,0.0,0.0
2011-10-26 00:00:00-04:00,3075.0,3075.0,2775.0,2925.0,204,0.0,0.0
2011-10-27 00:00:00-04:00,3075.0,3150.0,2775.0,2775.0,92,0.0,0.0
2011-10-28 00:00:00-04:00,2775.0,3000.0,2625.0,2925.0,64,0.0,0.0
2011-10-31 00:00:00-04:00,2775.0,2925.0,2700.0,2700.0,35,0.0,0.0
2011-11-01 00:00:00-04:00,2700.0,2775.0,2625.0,2700.0,59,0.0,0.0
2011-11-02 00:00:00-04:00,2850.0,3000.0,2775.0,2850.0,134,0.0,0.0
2011-11-03 00:00:00-04:00,2925.0,3000.0,2700.0,2700.0,63,0.0,0.0
2011-11-04 00:00:00-04:00,2850.0,2925.0,2700.0,2775.0,25,0.0,0.0
2011-11-07 00:00:00-05:00,2775.0,2850.0,2700.0,2700.0,41,0.0,0.0
2011-11-08 00:00:00-05:00,2700.0,2850.0,2625.0,2700.0,33,0.0,0.0
2011-11-09 00:00:00-05:00,2700.0,2775.0,2625.0,2700.0,65,0.0,0.0
2011-11-10 00:00:00-05:00,2625.0,2700.0,2625.0,2625.0,23,0.0,0.0
2011-11-11 00:00:00-05:00,2700.0,2925.0,2625.0,2850.0,58,0.0,0.0
2011-11-14 00:00:00-05:00,2925.0,2925.0,2700.0,2775.0,32,0.0,0.0
2011-11-15 00:00:00-05:00,2850.0,2925.0,2700.0,2775.0,38,0.0,0.0
2011-11-16 00:00:00-05:00,2700.0,2850.0,2625.0,2625.0,53,0.0,0.0
2011-11-17 00:00:00-05:00,2850.0,2850.0,2550.0,2550.0,82,0.0,0.0
2011-11-18 00:00:00-05:00,2475.0,2700.0,2475.0,2700.0,42,0.0,0.0
2011-11-21 00:00:00-05:00,2625.0,2700.0,2475.0,2550.0,43,0.0,0.0
2011-11-22 00:00:00-05:00,2550.0,2700.0,2475.0,2550.0,27,0.0,0.0
2011-11-23 00:00:00-05:00,2475.0,2625.0,2400.0,2475.0,44,0.0,0.0
2011-11-25 00:00:00-05:00,2400.0,2625.0,2325.0,2400.0,33,0.0,0.0
2011-11-28 00:00:00-05:00,2475.0,2475.0,2400.0,2400.0,33,0.0,0.0
2011-11-29 00:00:00-05:00,2325.0,2550.0,2325.0,2400.0,19,0.0,0.0
2011-11-30 00:00:00-05:00,2325.0,2475.0,2325.0,2325.0,50,0.0,0.0
2011-12-01 00:00:00-05:00,2325.0,2325.0,2025.0,2250.0,117,0.0,0.0
2011-12-02 00:00:00-05:00,2325.0,2325.0,2175.0,2250.0,20,0.0,0.0
2011-12-05 00:00:00-05:00,2250.0,2325.0,2175.0,2250.0,94,0.0,0.0
2011-12-06 00:00:00-05:00,2325.0,2625.0,2175.0,2250.0,247,0.0,0.0
2011-12-07 00:00:00-05:00,2250.0,2400.0,2250.0,2250.0,117,0.0,0.0
2011-12-08 00:00:00-05:00,2475.0,2550.0,2325.0,2325.0,85,0.0,0.0
2011-12-09 00:00:00-05:00,2550.0,2550.0,2325.0,2400.0,64,0.0,0.0
2011-12-12 00:00:00-05:00,2400.0,2475.0,2325.0,2325.0,55,0.0,0.0
2011-12-13 00:00:00-05:00,2400.0,2550.0,2325.0,2325.0,42,0.0,0.0
2011-12-14 00:00:00-05:00,2400.0,2400.0,2325.0,2325.0,45,0.0,0.0
2011-12-15 00:00:00-05:00,2250.0,2325.0,2250.0,2250.0,91,0.0,0.0
2011-12-16 00:00:00-05:00,2250.0,2325.0,2175.0,2175.0,50,0.0,0.0
2011-12-19 00:00:00-05:00,2250.0,2325.0,2250.0,2325.0,44,0.0,0.0
2011-12-20 00:00:00-05:00,2250.0,2325.0,2175.0,2250.0,49,0.0,0.0
2011-12-21 00:00:00-05:00,2325.0,2325.0,2175.0,2175.0,49,0.0,0.0
2011-12-22 00:00:00-05:00,2250.0,2325.0,2175.0,2250.0,58,0.0,0.0
2011-12-23 00:00:00-05:00,2250.0,2325.0,2175.0,2250.0,47,0.0,0.0
2011-12-27 00:00:00-05:00,2175.0,2325.0,2100.0,2100.0,120,0.0,0.0
2011-12-28 00:00:00-05:00,2100.0,2250.0,2100.0,2175.0,67,0.0,0.0
2011-12-29 00:00:00-05:00,2250.0,2250.0,2100.0,2175.0,66,0.0,0.0
2011-12-30 00:00:00-05:00,2100.0,2175.0,2100.0,2175.0,82,0.0,0.0
2012-01-03 00:00:00-05:00,2175.0,2250.0,2175.0,2250.0,34,0.0,0.0
2012-01-04 00:00:00-05:00,2250.0,2250.0,2175.0,2175.0,28,0.0,0.0
2012-01-05 00:00:00-05:00,2250.0,2250.0,2175.0,2250.0,30,0.0,0.0
2012-01-06 00:00:00-05:00,2175.0,2250.0,2175.0,2175.0,33,0.0,0.0
2012-01-09 00:00:00-05:00,2100.0,2250.0,2100.0,2175.0,42,0.0,0.0
2012-01-10 00:00:00-05:00,2250.0,2250.0,2175.0,2250.0,71,0.0,0.0
2012-01-11 00:00:00-05:00,2250.0,2400.0,2175.0,2250.0,122,0.0,0.0
2012-01-12 00:00:00-05:00,2400.0,2625.0,2250.0,2400.0,198,0.0,0.0
2012-01-13 00:00:00-05:00,2550.0,2850.0,2400.0,2775.0,319,0.0,0.0
2012-01-17 00:00:00-05:00,2925.0,3300.0,2850.0,3225.0,547,0.0,0.0
2012-01-18 00:00:00-05:00,3375.0,3600.0,2925.0,3300.0,467,0.0,0.0
2012-01-19 00:00:00-05:00,3675.0,3675.0,2925.0,3000.0,160,0.0,0.0
2012-01-20 00:00:00-05:00,3000.0,3300.0,3000.0,3000.0,104,0.0,0.0
2012-01-23 00:00:00-05:00,3300.0,3600.0,3075.0,3225.0,275,0.0,0.0
2012-01-24 00:00:00-05:00,3675.0,3675.0,3075.0,3150.0,111,0.0,0.0
2012-01-25 00:00:00-05:00,3300.0,3300.0,3150.0,3225.0,130,0.0,0.0
2012-01-26 00:00:00-05:00,2925.0,2925.0,2550.0,2625.0,1204,0.0,0.0
2012-01-27 00:00:00-05:00,2700.0,2700.0,2550.0,2550.0,619,0.0,0.0
2012-01-30 00:00:00-05:00,2550.0,2625.0,2550.0,2550.0,167,0.0,0.0
2012-01-31 00:00:00-05:00,2700.0,2700.0,2400.0,2550.0,313,0.0,0.0
2012-02-01 00:00:00-05:00,2625.0,2625.0,2475.0,2550.0,160,0.0,0.0
2012-02-02 00:00:00-05:00,2550.0,2625.0,2550.0,2550.0,492,0.0,0.0
2012-02-03 00:00:00-05:00,2625.0,2625.0,2475.0,2550.0,221,0.0,0.0
2012-02-06 00:00:00-05:00,2475.0,3150.0,2475.0,3150.0,1369,0.0,0.0
2012-02-07 00:00:00-05:00,3450.0,3525.0,3000.0,3000.0,973,0.0,0.0
2012-02-08 00:00:00-05:00,3075.0,3225.0,2775.0,2850.0,388,0.0,0.0
2012-02-09 00:00:00-05:00,3000.0,3300.0,2850.0,3225.0,538,0.0,0.0
2012-02-10 00:00:00-05:00,3150.0,3150.0,2850.0,3000.0,1369,0.0,0.0
2012-02-13 00:00:00-05:00,3075.0,3075.0,2775.0,2925.0,305,0.0,0.0
2012-02-14 00:00:00-05:00,2925.0,3075.0,2775.0,2925.0,197,0.0,0.0
2012-02-15 00:00:00-05:00,2850.0,3075.0,2850.0,2925.0,181,0.0,0.0
2012-02-16 00:00:00-05:00,2850.0,3000.0,2850.0,2925.0,129,0.0,0.0
2012-02-17 00:00:00-05:00,2925.0,3000.0,2850.0,2850.0,106,0.0,0.0
2012-02-21 00:00:00-05:00,2925.0,3000.0,2700.0,2775.0,233,0.0,0.0
2012-02-22 00:00:00-05:00,2850.0,2850.0,2700.0,2700.0,125,0.0,0.0
2012-02-23 00:00:00-05:00,2850.0,2850.0,2775.0,2775.0,132,0.0,0.0
2012-02-24 00:00:00-05:00,2925.0,2925.0,2775.0,2775.0,131,0.0,0.0
2012-02-27 00:00:00-05:00,2775.0,2925.0,2775.0,2850.0,88,0.0,0.0
2012-02-28 00:00:00-05:00,2850.0,3000.0,2775.0,2925.0,129,0.0,0.0
2012-02-29 00:00:00-05:00,3000.0,3000.0,2850.0,2850.0,95,0.0,0.0
2012-03-01 00:00:00-05:00,2850.0,2925.0,2775.0,2775.0,123,0.0,0.0
2012-03-02 00:00:00-05:00,2775.0,2850.0,2700.0,2775.0,97,0.0,0.0
2012-03-05 00:00:00-05:00,2700.0,2700.0,2625.0,2625.0,218,0.0,0.0
2012-03-06 00:00:00-05:00,2625.0,2700.0,2475.0,2550.0,184,0.0,0.0
2012-03-07 00:00:00-05:00,2550.0,2700.0,2550.0,2700.0,130,0.0,0.0
2012-03-08 00:00:00-05:00,2775.0,2775.0,2625.0,2625.0,113,0.0,0.0
2012-03-09 00:00:00-05:00,2625.0,2775.0,2625.0,2775.0,64,0.0,0.0
2012-03-12 00:00:00-04:00,2775.0,2850.0,2700.0,2700.0,62,0.0,0.0
2012-03-13 00:00:00-04:00,2775.0,2925.0,2775.0,2850.0,134,0.0,0.0
2012-03-14 00:00:00-04:00,2925.0,3150.0,2850.0,3150.0,423,0.0,0.0
2012-03-15 00:00:00-04:00,3225.0,3300.0,3000.0,3150.0,274,0.0,0.0
2012-03-16 00:00:00-04:00,3150.0,3300.0,3075.0,3075.0,137,0.0,0.0
2012-03-19 00:00:00-04:00,3150.0,3375.0,3150.0,3225.0,300,0.0,0.0
2012-03-20 00:00:00-04:00,3225.0,3525.0,3225.0,3450.0,296,0.0,0.0
2012-03-21 00:00:00-04:00,3675.0,4575.0,3525.0,4425.0,1224,0.0,0.0
2012-03-22 00:00:00-04:00,4350.0,4875.0,3975.0,4275.0,1047,0.0,0.0
2012-03-23 00:00:00-04:00,4200.0,4275.0,3750.0,3975.0,402,0.0,0.0
2012-03-26 00:00:00-04:00,3975.0,4050.0,3750.0,3750.0,359,0.0,0.0
2012-03-27 00:00:00-04:00,3750.0,3825.0,3600.0,3750.0,328,0.0,0.0
2012-03-28 00:00:00-04:00,3750.0,3750.0,3600.0,3600.0,125,0.0,0.0
2012-03-29 00:00:00-04:00,3525.0,3600.0,3375.0,3525.0,234,0.0,0.0
2012-03-30 00:00:00-04:00,3450.0,3975.0,3450.0,3600.0,230,0.0,0.0
2012-04-02 00:00:00-04:00,3600.0,3900.0,3600.0,3750.0,179,0.0,0.0
2012-04-03 00:00:00-04:00,3900.0,3900.0,3675.0,3675.0,116,0.0,0.0
2012-04-04 00:00:00-04:00,3825.0,3825.0,3525.0,3525.0,172,0.0,0.0
2012-04-05 00:00:00-04:00,3525.0,3525.0,3150.0,3450.0,409,0.0,0.0
2012-04-09 00:00:00-04:00,3375.0,3375.0,3150.0,3300.0,195,0.0,0.0
2012-04-10 00:00:00-04:00,3225.0,3300.0,3075.0,3075.0,198,0.0,0.0
2012-04-11 00:00:00-04:00,3000.0,3300.0,2925.0,3300.0,184,0.0,0.0
2012-04-12 00:00:00-04:00,3750.0,3750.0,3075.0,3300.0,93,0.0,0.0
2012-04-13 00:00:00-04:00,3300.0,3450.0,3225.0,3225.0,101,0.0,0.0
2012-04-16 00:00:00-04:00,3375.0,3375.0,3000.0,3075.0,148,0.0,0.0
2012-04-17 00:00:00-04:00,2925.0,3300.0,2925.0,3300.0,78,0.0,0.0
2012-04-18 00:00:00-04:00,3300.0,3375.0,3075.0,3225.0,39,0.0,0.0
2012-04-19 00:00:00-04:00,3300.0,3300.0,3150.0,3300.0,45,0.0,0.0
2012-04-20 00:00:00-04:00,3225.0,3525.0,3225.0,3225.0,168,0.0,0.0
2012-04-23 00:00:00-04:00,2925.0,3375.0,2925.0,3375.0,51,0.0,0.0
2012-04-24 00:00:00-04:00,3450.0,3450.0,3225.0,3300.0,79,0.0,0.0
2012-04-25 00:00:00-04:00,3375.0,3450.0,3300.0,3450.0,106,0.0,0.0
2012-04-26 00:00:00-04:00,3450.0,3450.0,3300.0,3450.0,76,0.0,0.0
2012-04-27 00:00:00-04:00,3525.0,3750.0,3300.0,3525.0,264,0.0,0.0
2012-04-30 00:00:00-04:00,3900.0,3975.0,3525.0,3825.0,283,0.0,0.0
2012-05-01 00:00:00-04:00,4050.0,4200.0,3675.0,3675.0,308,0.0,0.0
2012-05-02 00:00:00-04:00,3750.0,3975.0,3750.0,3900.0,134,0.0,0.0
2012-05-03 00:00:00-04:00,3975.0,3975.0,3675.0,3750.0,143,0.0,0.0
2012-05-04 00:00:00-04:00,3825.0,3825.0,3600.0,3750.0,71,0.0,0.0
2012-05-07 00:00:00-04:00,3675.0,3750.0,3600.0,3750.0,58,0.0,0.0
2012-05-08 00:00:00-04:00,3900.0,3900.0,3525.0,3600.0,142,0.0,0.0
2012-05-09 00:00:00-04:00,3600.0,3750.0,3525.0,3600.0,70,0.0,0.0
2012-05-10 00:00:00-04:00,3825.0,3825.0,3675.0,3675.0,74,0.0,0.0
2012-05-11 00:00:00-04:00,3750.0,3975.0,3750.0,3825.0,137,0.0,0.0
2012-05-14 00:00:00-04:00,3975.0,3975.0,3825.0,3975.0,157,0.0,0.0
2012-05-15 00:00:00-04:00,4200.0,4350.0,3975.0,4125.0,302,0.0,0.0
2012-05-16 00:00:00-04:00,4350.0,4350.0,3675.0,3825.0,287,0.0,0.0
2012-05-17 00:00:00-04:00,3750.0,3750.0,3600.0,3600.0,184,0.0,0.0
2012-05-18 00:00:00-04:00,3600.0,3750.0,2625.0,2925.0,373,0.0,0.0
2012-05-21 00:00:00-04:00,3000.0,3150.0,2775.0,3075.0,326,0.0,0.0
2012-05-22 00:00:00-04:00,4200.0,4200.0,3000.0,3000.0,135,0.0,0.0
2012-05-23 00:00:00-04:00,3075.0,3225.0,2925.0,3075.0,75,0.0,0.0
2012-05-24 00:00:00-04:00,3150.0,3300.0,3000.0,3300.0,53,0.0,0.0
2012-05-25 00:00:00-04:00,3225.0,3300.0,3075.0,3225.0,88,0.0,0.0
2012-05-29 00:00:00-04:00,3150.0,3225.0,3000.0,3225.0,84,0.0,0.0
2012-05-30 00:00:00-04:00,3225.0,3225.0,3000.0,3150.0,33,0.0,0.0
2012-05-31 00:00:00-04:00,2700.0,3075.0,2700.0,2925.0,59,0.0,0.0
2012-06-01 00:00:00-04:00,2925.0,3075.0,2925.0,3000.0,64,0.0,0.0
2012-06-04 00:00:00-04:00,3000.0,3000.0,2850.0,2850.0,87,0.0,0.0
2012-06-05 00:00:00-04:00,2625.0,2925.0,2625.0,2850.0,107,0.0,0.0
2012-06-06 00:00:00-04:00,2850.0,3150.0,2850.0,3000.0,97,0.0,0.0
2012-06-07 00:00:00-04:00,3075.0,3075.0,3000.0,3000.0,52,0.0,0.0
2012-06-08 00:00:00-04:00,3000.0,3150.0,3000.0,3150.0,50,0.0,0.0
2012-06-11 00:00:00-04:00,3000.0,3225.0,3000.0,3000.0,59,0.0,0.0
2012-06-12 00:00:00-04:00,3000.0,3075.0,3000.0,3000.0,73,0.0,0.0
2012-06-13 00:00:00-04:00,3000.0,3075.0,2925.0,3000.0,52,0.0,0.0
2012-06-14 00:00:00-04:00,2925.0,3150.0,2925.0,3075.0,34,0.0,0.0
2012-06-15 00:00:00-04:00,3000.0,3075.0,2925.0,3075.0,72,0.0,0.0
2012-06-18 00:00:00-04:00,3450.0,3450.0,2925.0,3075.0,67,0.0,0.0
2012-06-19 00:00:00-04:00,2700.0,3000.0,2550.0,2625.0,2290,0.0,0.0
2012-06-20 00:00:00-04:00,2775.0,2775.0,2550.0,2625.0,751,0.0,0.0
2012-06-21 00:00:00-04:00,2625.0,2700.0,2475.0,2550.0,226,0.0,0.0
2012-06-22 00:00:00-04:00,2625.0,2625.0,2550.0,2550.0,97,0.0,0.0
2012-06-25 00:00:00-04:00,2625.0,2700.0,2550.0,2625.0,143,0.0,0.0
2012-06-26 00:00:00-04:00,2700.0,2700.0,2550.0,2625.0,153,0.0,0.0
2012-06-27 00:00:00-04:00,2550.0,2850.0,2550.0,2700.0,414,0.0,0.0
2012-06-28 00:00:00-04:00,2850.0,3000.0,2700.0,2850.0,314,0.0,0.0
2012-06-29 00:00:00-04:00,3300.0,3300.0,2775.0,2850.0,102,0.0,0.0
2012-07-02 00:00:00-04:00,2850.0,2850.0,2775.0,2775.0,66,0.0,0.0
2012-07-03 00:00:00-04:00,2850.0,2850.0,2775.0,2850.0,60,0.0,0.0
2012-07-05 00:00:00-04:00,2850.0,2925.0,2775.0,2925.0,111,0.0,0.0
2012-07-06 00:00:00-04:00,2925.0,3000.0,2850.0,2925.0,63,0.0,0.0
2012-07-09 00:00:00-04:00,3075.0,3075.0,2775.0,2850.0,82,0.0,0.0
2012-07-10 00:00:00-04:00,3000.0,3000.0,2700.0,2700.0,71,0.0,0.0
2012-07-11 00:00:00-04:00,2700.0,2925.0,2625.0,2775.0,74,0.0,0.0
2012-07-12 00:00:00-04:00,2775.0,2850.0,2625.0,2700.0,52,0.0,0.0
2012-07-13 00:00:00-04:00,2700.0,2775.0,2700.0,2700.0,61,0.0,0.0
2012-07-16 00:00:00-04:00,2625.0,2925.0,2625.0,2775.0,171,0.0,0.0
2012-07-17 00:00:00-04:00,2850.0,2850.0,2700.0,2700.0,84,0.0,0.0
2012-07-18 00:00:00-04:00,2700.0,2775.0,2700.0,2700.0,66,0.0,0.0
2012-07-19 00:00:00-04:00,2700.0,2775.0,2700.0,2700.0,58,0.0,0.0
2012-07-20 00:00:00-04:00,2700.0,2925.0,2700.0,2850.0,263,0.0,0.0
2012-07-23 00:00:00-04:00,2850.0,2850.0,2625.0,2700.0,203,0.0,0.0
2012-07-24 00:00:00-04:00,2700.0,2775.0,2625.0,2625.0,108,0.0,0.0
2012-07-25 00:00:00-04:00,2700.0,2775.0,2625.0,2700.0,129,0.0,0.0
2012-07-26 00:00:00-04:00,3525.0,3525.0,2625.0,2700.0,69,0.0,0.0
2012-07-27 00:00:00-04:00,2700.0,2700.0,2625.0,2625.0,92,0.0,0.0
2012-07-30 00:00:00-04:00,2625.0,2700.0,2625.0,2625.0,124,0.0,0.0
2012-07-31 00:00:00-04:00,2700.0,2700.0,2550.0,2625.0,74,0.0,0.0
2012-08-01 00:00:00-04:00,2625.0,2625.0,2550.0,2550.0,74,0.0,0.0
2012-08-02 00:00:00-04:00,2550.0,2550.0,2475.0,2475.0,139,0.0,0.0
2012-08-03 00:00:00-04:00,2625.0,2625.0,2550.0,2550.0,48,0.0,0.0
2012-08-06 00:00:00-04:00,3075.0,3075.0,2550.0,2550.0,41,0.0,0.0
2012-08-07 00:00:00-04:00,2625.0,2625.0,2550.0,2550.0,40,0.0,0.0
2012-08-08 00:00:00-04:00,2550.0,2625.0,2550.0,2550.0,46,0.0,0.0
2012-08-09 00:00:00-04:00,2625.0,2625.0,2550.0,2550.0,33,0.0,0.0
2012-08-10 00:00:00-04:00,2625.0,2625.0,2475.0,2550.0,75,0.0,0.0
2012-08-13 00:00:00-04:00,2625.0,2625.0,2550.0,2550.0,34,0.0,0.0
2012-08-14 00:00:00-04:00,2625.0,2625.0,2550.0,2550.0,57,0.0,0.0
2012-08-15 00:00:00-04:00,2475.0,2625.0,2475.0,2625.0,118,0.0,0.0
2012-08-16 00:00:00-04:00,2625.0,2700.0,2550.0,2625.0,89,0.0,0.0
2012-08-17 00:00:00-04:00,2625.0,2700.0,2550.0,2550.0,91,0.0,0.0
2012-08-20 00:00:00-04:00,2475.0,2625.0,2475.0,2550.0,69,0.0,0.0
2012-08-21 00:00:00-04:00,2625.0,2625.0,2475.0,2550.0,37,0.0,0.0
2012-08-22 00:00:00-04:00,2475.0,2625.0,2475.0,2550.0,44,0.0,0.0
2012-08-23 00:00:00-04:00,2550.0,2550.0,2475.0,2475.0,88,0.0,0.0
2012-08-24 00:00:00-04:00,2475.0,2550.0,2400.0,2400.0,131,0.0,0.0
2012-08-27 00:00:00-04:00,2475.0,2475.0,2400.0,2475.0,60,0.0,0.0
2012-08-28 00:00:00-04:00,2475.0,2550.0,2475.0,2550.0,25,0.0,0.0
2012-08-29 00:00:00-04:00,2475.0,2550.0,2475.0,2475.0,28,0.0,0.0
2012-08-30 00:00:00-04:00,2475.0,2625.0,2400.0,2400.0,41,0.0,0.0
2012-08-31 00:00:00-04:00,2475.0,2475.0,2400.0,2400.0,62,0.0,0.0
2012-09-04 00:00:00-04:00,2400.0,2475.0,2325.0,2325.0,123,0.0,0.0
2012-09-05 00:00:00-04:00,2325.0,2475.0,2325.0,2400.0,93,0.0,0.0
2012-09-06 00:00:00-04:00,2475.0,2475.0,2400.0,2400.0,61,0.0,0.0
2012-09-07 00:00:00-04:00,2325.0,2475.0,2325.0,2400.0,48,0.0,0.0
2012-09-10 00:00:00-04:00,2400.0,2550.0,2325.0,2475.0,93,0.0,0.0
2012-09-11 00:00:00-04:00,2550.0,2550.0,2400.0,2475.0,43,0.0,0.0
2012-09-12 00:00:00-04:00,2400.0,2550.0,2400.0,2475.0,32,0.0,0.0
2012-09-13 00:00:00-04:00,2550.0,2550.0,2475.0,2550.0,75,0.0,0.0
2012-09-14 00:00:00-04:00,2475.0,2925.0,2475.0,2850.0,451,0.0,0.0
2012-09-17 00:00:00-04:00,2850.0,2850.0,2625.0,2775.0,130,0.0,0.0
2012-09-18 00:00:00-04:00,2625.0,2850.0,2625.0,2850.0,82,0.0,0.0
2012-09-19 00:00:00-04:00,2850.0,3150.0,2775.0,3000.0,487,0.0,0.0
2012-09-20 00:00:00-04:00,3000.0,3225.0,2850.0,2850.0,296,0.0,0.0
2012-09-21 00:00:00-04:00,2850.0,3000.0,2700.0,2700.0,133,0.0,0.0
2012-09-24 00:00:00-04:00,2700.0,2850.0,2700.0,2700.0,83,0.0,0.0
2012-09-25 00:00:00-04:00,2775.0,2775.0,2625.0,2625.0,83,0.0,0.0
2012-09-26 00:00:00-04:00,2700.0,2700.0,2550.0,2700.0,58,0.0,0.0
2012-09-27 00:00:00-04:00,2700.0,2700.0,2550.0,2625.0,70,0.0,0.0
2012-09-28 00:00:00-04:00,2550.0,2775.0,2550.0,2625.0,53,0.0,0.0
2012-10-01 00:00:00-04:00,2700.0,2700.0,2550.0,2625.0,41,0.0,0.0
2012-10-02 00:00:00-04:00,2850.0,2850.0,2550.0,2550.0,54,0.0,0.0
2012-10-03 00:00:00-04:00,2550.0,2700.0,2550.0,2625.0,68,0.0,0.0
2012-10-04 00:00:00-04:00,2775.0,2775.0,2550.0,2550.0,63,0.0,0.0
2012-10-05 00:00:00-04:00,2625.0,2925.0,2625.0,2775.0,373,0.0,0.0
2012-10-08 00:00:00-04:00,2925.0,2925.0,2700.0,2850.0,101,0.0,0.0
2012-10-09 00:00:00-04:00,2850.0,2850.0,2625.0,2700.0,106,0.0,0.0
2012-10-10 00:00:00-04:00,2475.0,2775.0,2475.0,2775.0,220,0.0,0.0
2012-10-11 00:00:00-04:00,2700.0,2850.0,2625.0,2775.0,122,0.0,0.0
2012-10-12 00:00:00-04:00,2850.0,2850.0,2700.0,2700.0,45,0.0,0.0
2012-10-15 00:00:00-04:00,2850.0,2850.0,2700.0,2775.0,72,0.0,0.0
2012-10-16 00:00:00-04:00,2775.0,2775.0,2700.0,2700.0,49,0.0,0.0
2012-10-17 00:00:00-04:00,2775.0,2775.0,2700.0,2700.0,37,0.0,0.0
2012-10-18 00:00:00-04:00,2775.0,2925.0,2700.0,2850.0,102,0.0,0.0
2012-10-19 00:00:00-04:00,2850.0,2850.0,2700.0,2775.0,68,0.0,0.0
2012-10-22 00:00:00-04:00,2700.0,2850.0,2700.0,2775.0,171,0.0,0.0
2012-10-23 00:00:00-04:00,2700.0,2850.0,2700.0,2775.0,167,0.0,0.0
2012-10-24 00:00:00-04:00,2850.0,2850.0,2700.0,2700.0,149,0.0,0.0
2012-10-25 00:00:00-04:00,2850.0,2850.0,2700.0,2700.0,55,0.0,0.0
2012-10-26 00:00:00-04:00,2775.0,2775.0,2625.0,2775.0,116,0.0,0.0
2012-10-31 00:00:00-04:00,2625.0,2775.0,2625.0,2625.0,90,0.0,0.0
2012-11-01 00:00:00-04:00,2625.0,2700.0,2625.0,2625.0,55,0.0,0.0
2012-11-02 00:00:00-04:00,2775.0,2775.0,2700.0,2775.0,63,0.0,0.0
2012-11-05 00:00:00-05:00,2775.0,2850.0,2700.0,2700.0,82,0.0,0.0
2012-11-06 00:00:00-05:00,2700.0,2775.0,2625.0,2775.0,56,0.0,0.0
2012-11-07 00:00:00-05:00,2775.0,2850.0,2625.0,2700.0,75,0.0,0.0
2012-11-08 00:00:00-05:00,2700.0,2700.0,2625.0,2700.0,62,0.0,0.0
2012-11-09 00:00:00-05:00,2625.0,2625.0,2550.0,2550.0,169,0.0,0.0
2012-11-12 00:00:00-05:00,2550.0,2550.0,2475.0,2475.0,129,0.0,0.0
2012-11-13 00:00:00-05:00,2475.0,2550.0,2475.0,2475.0,82,0.0,0.0
2012-11-14 00:00:00-05:00,2475.0,2550.0,2475.0,2475.0,80,0.0,0.0
2012-11-15 00:00:00-05:00,2550.0,2550.0,2400.0,2475.0,51,0.0,0.0
2012-11-16 00:00:00-05:00,2400.0,2475.0,2325.0,2400.0,184,0.0,0.0
2012-11-19 00:00:00-05:00,2400.0,2475.0,2325.0,2475.0,52,0.0,0.0
2012-11-20 00:00:00-05:00,2475.0,2625.0,2400.0,2550.0,150,0.0,0.0
2012-11-21 00:00:00-05:00,2550.0,2550.0,2400.0,2475.0,62,0.0,0.0
2012-11-23 00:00:00-05:00,2550.0,2550.0,2475.0,2550.0,44,0.0,0.0
2012-11-26 00:00:00-05:00,2475.0,2550.0,2475.0,2475.0,88,0.0,0.0
2012-11-27 00:00:00-05:00,2475.0,2550.0,2475.0,2550.0,60,0.0,0.0
2012-11-28 00:00:00-05:00,2625.0,2775.0,2550.0,2625.0,173,0.0,0.0
2012-11-29 00:00:00-05:00,2625.0,2700.0,2550.0,2625.0,96,0.0,0.0
2012-11-30 00:00:00-05:00,2775.0,2850.0,2550.0,2550.0,291,0.0,0.0
2012-12-03 00:00:00-05:00,2775.0,2850.0,2625.0,2625.0,96,0.0,0.0
2012-12-04 00:00:00-05:00,2325.0,2550.0,2175.0,2175.0,1307,0.0,0.0
2012-12-05 00:00:00-05:00,2250.0,2400.0,2175.0,2175.0,395,0.0,0.0
2012-12-06 00:00:00-05:00,2250.0,2250.0,2100.0,2175.0,338,0.0,0.0
2012-12-07 00:00:00-05:00,2325.0,2325.0,2175.0,2250.0,348,0.0,0.0
2012-12-10 00:00:00-05:00,2250.0,2325.0,2175.0,2175.0,313,0.0,0.0
2012-12-11 00:00:00-05:00,2250.0,2250.0,2175.0,2175.0,176,0.0,0.0
2012-12-12 00:00:00-05:00,2250.0,2250.0,2100.0,2100.0,203,0.0,0.0
2012-12-13 00:00:00-05:00,2175.0,2175.0,2100.0,2100.0,156,0.0,0.0
2012-12-14 00:00:00-05:00,2175.0,2250.0,2100.0,2175.0,250,0.0,0.0
2012-12-17 00:00:00-05:00,2175.0,2175.0,2100.0,2100.0,172,0.0,0.0
2012-12-18 00:00:00-05:00,2175.0,2175.0,2100.0,2100.0,146,0.0,0.0
2012-12-19 00:00:00-05:00,2175.0,2175.0,2100.0,2100.0,132,0.0,0.0
2012-12-20 00:00:00-05:00,2175.0,2250.0,2100.0,2100.0,129,0.0,0.0
2012-12-21 00:00:00-05:00,2250.0,2250.0,2100.0,2175.0,109,0.0,0.0
2012-12-24 00:00:00-05:00,2175.0,2175.0,2100.0,2100.0,49,0.0,0.0
2012-12-26 00:00:00-05:00,2100.0,2175.0,2100.0,2100.0,92,0.0,0.0
2012-12-27 00:00:00-05:00,2100.0,2175.0,2100.0,2100.0,160,0.0,0.0
2012-12-28 00:00:00-05:00,2100.0,2100.0,2025.0,2025.0,183,0.0,0.0
2012-12-31 00:00:00-05:00,2025.0,2100.0,1950.0,2025.0,165,0.0,0.0
2013-01-02 00:00:00-05:00,2025.0,2100.0,2025.0,2100.0,122,0.0,0.0
2013-01-03 00:00:00-05:00,2100.0,2175.0,2100.0,2100.0,94,0.0,0.0
2013-01-04 00:00:00-05:00,2100.0,2175.0,2100.0,2175.0,95,0.0,0.0
2013-01-07 00:00:00-05:00,2100.0,2175.0,2100.0,2175.0,73,0.0,0.0
2013-01-08 00:00:00-05:00,2175.0,2175.0,2100.0,2100.0,84,0.0,0.0
2013-01-09 00:00:00-05:00,2100.0,2175.0,2100.0,2100.0,73,0.0,0.0
2013-01-10 00:00:00-05:00,2175.0,2175.0,2100.0,2100.0,94,0.0,0.0
2013-01-11 00:00:00-05:00,2100.0,2175.0,2100.0,2100.0,135,0.0,0.0
2013-01-14 00:00:00-05:00,2175.0,2175.0,2100.0,2100.0,106,0.0,0.0
2013-01-15 00:00:00-05:00,2100.0,2175.0,2100.0,2100.0,125,0.0,0.0
2013-01-16 00:00:00-05:00,2100.0,2175.0,2100.0,2100.0,183,0.0,0.0
2013-01-17 00:00:00-05:00,2100.0,2100.0,2100.0,2100.0,747,0.0,0.0
2013-01-18 00:00:00-05:00,2100.0,2100.0,2100.0,2100.0,329,0.0,0.0
2013-01-22 00:00:00-05:00,2100.0,2100.0,2100.0,2100.0,231,0.0,0.0
2013-01-23 00:00:00-05:00,2100.0,2100.0,2100.0,2100.0,124,0.0,0.0
2013-01-24 00:00:00-05:00,2100.0,2100.0,2100.0,2100.0,101,0.0,0.0
2013-01-25 00:00:00-05:00,2100.0,2100.0,2025.0,2100.0,96,0.0,0.0
2013-01-28 00:00:00-05:00,2100.0,2100.0,2025.0,2100.0,105,0.0,0.0
2013-01-29 00:00:00-05:00,2025.0,2100.0,2025.0,2025.0,61,0.0,0.0
2013-01-30 00:00:00-05:00,2100.0,2100.0,2025.0,2025.0,77,0.0,0.0
2013-01-31 00:00:00-05:00,2175.0,2175.0,2100.0,2100.0,759,0.0,0.0
2013-02-01 00:00:00-05:00,2100.0,2100.0,2025.0,2100.0,109,0.0,0.0
2013-02-04 00:00:00-05:00,2100.0,2175.0,2100.0,2100.0,74,0.0,0.0
2013-02-05 00:00:00-05:00,2100.0,2100.0,2025.0,2100.0,125,0.0,0.0
2013-02-06 00:00:00-05:00,2025.0,2100.0,2025.0,2100.0,88,0.0,0.0
2013-02-07 00:00:00-05:00,2100.0,2100.0,2100.0,2100.0,83,0.0,0.0
2013-02-08 00:00:00-05:00,2100.0,2100.0,2025.0,2100.0,90,0.0,0.0
2013-02-11 00:00:00-05:00,2025.0,2100.0,2025.0,2025.0,162,0.0,0.0
2013-02-12 00:00:00-05:00,2025.0,2100.0,2025.0,2025.0,144,0.0,0.0
2013-02-13 00:00:00-05:00,2025.0,2100.0,2025.0,2025.0,55,0.0,0.0
2013-02-14 00:00:00-05:00,2025.0,2025.0,2025.0,2025.0,70,0.0,0.0
2013-02-15 00:00:00-05:00,2025.0,2025.0,2025.0,2025.0,75,0.0,0.0
2013-02-19 00:00:00-05:00,2025.0,2025.0,2025.0,2025.0,83,0.0,0.0
2013-02-20 00:00:00-05:00,2025.0,2025.0,2025.0,2025.0,90,0.0,0.0
2013-02-21 00:00:00-05:00,2025.0,2025.0,1950.0,1950.0,92,0.0,0.0
2013-02-22 00:00:00-05:00,1950.0,2025.0,1950.0,1950.0,266,0.0,0.0
2013-02-25 00:00:00-05:00,1950.0,2025.0,1950.0,1950.0,111,0.0,0.0
2013-02-26 00:00:00-05:00,1950.0,2025.0,1950.0,1950.0,122,0.0,0.0
2013-02-27 00:00:00-05:00,1950.0,1950.0,1950.0,1950.0,60,0.0,0.0
2013-02-28 00:00:00-05:00,1950.0,1950.0,1950.0,1950.0,48,0.0,0.0
2013-03-01 00:00:00-05:00,1950.0,1950.0,1950.0,1950.0,82,0.0,0.0
2013-03-04 00:00:00-05:00,1950.0,1950.0,1875.0,1875.0,130,0.0,0.0
2013-03-05 00:00:00-05:00,1950.0,1950.0,1875.0,1875.0,148,0.0,0.0
2013-03-06 00:00:00-05:00,1875.0,1875.0,1875.0,1875.0,70,0.0,0.0
2013-03-07 00:00:00-05:00,1875.0,1950.0,1875.0,1875.0,54,0.0,0.0
2013-03-08 00:00:00-05:00,1875.0,1950.0,1875.0,1875.0,56,0.0,0.0
2013-03-11 00:00:00-04:00,1950.0,1950.0,1875.0,1950.0,67,0.0,0.0
2013-03-12 00:00:00-04:00,1950.0,1950.0,1875.0,1950.0,59,0.0,0.0
2013-03-13 00:00:00-04:00,1950.0,2025.0,1875.0,1950.0,37,0.0,0.0
2013-03-14 00:00:00-04:00,1875.0,1950.0,1875.0,1875.0,56,0.0,0.0
2013-03-15 00:00:00-04:00,1950.0,1950.0,1875.0,1950.0,47,0.0,0.0
2013-03-18 00:00:00-04:00,1950.0,1950.0,1875.0,1875.0,49,0.0,0.0
2013-03-19 00:00:00-04:00,1875.0,1950.0,1875.0,1875.0,75,0.0,0.0
2013-03-20 00:00:00-04:00,1875.0,1950.0,1875.0,1875.0,92,0.0,0.0
2013-03-21 00:00:00-04:00,1875.0,1950.0,1875.0,1875.0,46,0.0,0.0
2013-03-22 00:00:00-04:00,1950.0,1950.0,1875.0,1875.0,67,0.0,0.0
2013-03-25 00:00:00-04:00,1950.0,1950.0,1875.0,1875.0,87,0.0,0.0
2013-03-26 00:00:00-04:00,1875.0,1875.0,1575.0,1650.0,762,0.0,0.0
2013-03-27 00:00:00-04:00,1800.0,1800.0,1575.0,1725.0,366,0.0,0.0
2013-03-28 00:00:00-04:00,1725.0,1725.0,1725.0,1725.0,214,0.0,0.0
2013-04-01 00:00:00-04:00,1800.0,1800.0,1725.0,1800.0,89,0.0,0.0
2013-04-02 00:00:00-04:00,1875.0,1875.0,1800.0,1875.0,288,0.0,0.0
2013-04-03 00:00:00-04:00,1875.0,1950.0,1800.0,1875.0,140,0.0,0.0
2013-04-04 00:00:00-04:00,1875.0,2100.0,1800.0,2100.0,359,0.0,0.0
2013-04-05 00:00:00-04:00,2100.0,2250.0,2025.0,2100.0,511,0.0,0.0
2013-04-08 00:00:00-04:00,2175.0,2175.0,1875.0,2025.0,326,0.0,0.0
2013-04-09 00:00:00-04:00,2100.0,2100.0,1950.0,1950.0,105,0.0,0.0
2013-04-10 00:00:00-04:00,1950.0,2025.0,1950.0,2025.0,116,0.0,0.0
2013-04-11 00:00:00-04:00,1950.0,2025.0,1950.0,1950.0,140,0.0,0.0
2013-04-12 00:00:00-04:00,1950.0,2025.0,1950.0,2025.0,99,0.0,0.0
2013-04-15 00:00:00-04:00,2025.0,2025.0,1950.0,2025.0,81,0.0,0.0
2013-04-16 00:00:00-04:00,2025.0,2100.0,2025.0,2100.0,143,0.0,0.0
2013-04-17 00:00:00-04:00,2175.0,2175.0,1950.0,2025.0,164,0.0,0.0
2013-04-18 00:00:00-04:00,2100.0,2100.0,1950.0,1950.0,58,0.0,0.0
2013-04-19 00:00:00-04:00,1950.0,2025.0,1950.0,2025.0,77,0.0,0.0
2013-04-22 00:00:00-04:00,2025.0,2025.0,1950.0,2025.0,49,0.0,0.0
2013-04-23 00:00:00-04:00,2100.0,2100.0,1950.0,1950.0,235,0.0,0.0
2013-04-24 00:00:00-04:00,2100.0,2100.0,2025.0,2100.0,243,0.0,0.0
2013-04-25 00:00:00-04:00,2175.0,2325.0,2175.0,2250.0,670,0.0,0.0
2013-04-26 00:00:00-04:00,2250.0,2250.0,2025.0,2100.0,277,0.0,0.0
2013-04-29 00:00:00-04:00,2100.0,2175.0,2025.0,2100.0,101,0.0,0.0
2013-04-30 00:00:00-04:00,2100.0,2175.0,2025.0,2025.0,107,0.0,0.0
2013-05-01 00:00:00-04:00,2100.0,2100.0,1950.0,1950.0,113,0.0,0.0
2013-05-02 00:00:00-04:00,1950.0,2025.0,1950.0,2025.0,46,0.0,0.0
2013-05-03 00:00:00-04:00,2025.0,2100.0,2025.0,2100.0,152,0.0,0.0
2013-05-06 00:00:00-04:00,2175.0,2175.0,2100.0,2100.0,118,0.0,0.0
2013-05-07 00:00:00-04:00,2175.0,2175.0,2025.0,2025.0,139,0.0,0.0
2013-05-08 00:00:00-04:00,2100.0,2100.0,2025.0,2025.0,99,0.0,0.0
2013-05-09 00:00:00-04:00,2100.0,2100.0,2025.0,2100.0,30,0.0,0.0
2013-05-10 00:00:00-04:00,2100.0,2100.0,2025.0,2025.0,53,0.0,0.0
2013-05-13 00:00:00-04:00,2025.0,2025.0,2025.0,2025.0,96,0.0,0.0
2013-05-14 00:00:00-04:00,2025.0,2025.0,2025.0,2025.0,99,0.0,0.0
2013-05-15 00:00:00-04:00,2100.0,2100.0,1950.0,2025.0,87,0.0,0.0
2013-05-16 00:00:00-04:00,2025.0,2025.0,1950.0,1950.0,118,0.0,0.0
2013-05-17 00:00:00-04:00,1950.0,2025.0,1950.0,1950.0,72,0.0,0.0
2013-05-20 00:00:00-04:00,1950.0,2025.0,1800.0,1875.0,310,0.0,0.0
2013-05-21 00:00:00-04:00,1950.0,1950.0,1875.0,1950.0,108,0.0,0.0
2013-05-22 00:00:00-04:00,1875.0,1950.0,1875.0,1950.0,98,0.0,0.0
2013-05-23 00:00:00-04:00,1875.0,1950.0,1875.0,1875.0,78,0.0,0.0
2013-05-24 00:00:00-04:00,1875.0,1875.0,1875.0,1875.0,65,0.0,0.0
2013-05-28 00:00:00-04:00,1875.0,1950.0,1875.0,1875.0,66,0.0,0.0
2013-05-29 00:00:00-04:00,1950.0,1950.0,1800.0,1800.0,191,0.0,0.0
2013-05-30 00:00:00-04:00,1800.0,1875.0,1800.0,1875.0,93,0.0,0.0
2013-05-31 00:00:00-04:00,1875.0,1950.0,1875.0,1875.0,92,0.0,0.0
2013-06-03 00:00:00-04:00,1950.0,1950.0,1800.0,1800.0,64,0.0,0.0
2013-06-04 00:00:00-04:00,1875.0,1875.0,1800.0,1875.0,20,0.0,0.0
2013-06-05 00:00:00-04:00,1875.0,1875.0,1800.0,1800.0,63,0.0,0.0
2013-06-06 00:00:00-04:00,1800.0,1875.0,1800.0,1875.0,42,0.0,0.0
2013-06-07 00:00:00-04:00,1875.0,1875.0,1800.0,1800.0,60,0.0,0.0
2013-06-10 00:00:00-04:00,1800.0,1950.0,1800.0,1800.0,32,0.0,0.0
2013-06-11 00:00:00-04:00,1800.0,1875.0,1800.0,1800.0,71,0.0,0.0
2013-06-12 00:00:00-04:00,1875.0,1950.0,1875.0,1875.0,131,0.0,0.0
2013-06-13 00:00:00-04:00,1950.0,1950.0,1800.0,1875.0,30,0.0,0.0
2013-06-14 00:00:00-04:00,1875.0,1950.0,1800.0,1875.0,106,0.0,0.0
2013-06-17 00:00:00-04:00,1875.0,1875.0,1800.0,1800.0,71,0.0,0.0
2013-06-18 00:00:00-04:00,1800.0,1800.0,1800.0,1800.0,77,0.0,0.0
2013-06-19 00:00:00-04:00,1800.0,1875.0,1800.0,1800.0,82,0.0,0.0
2013-06-20 00:00:00-04:00,1800.0,1800.0,1800.0,1800.0,72,0.0,0.0
2013-06-21 00:00:00-04:00,1800.0,1875.0,1725.0,1875.0,85,0.0,0.0
2013-06-24 00:00:00-04:00,1875.0,1875.0,1800.0,1800.0,47,0.0,0.0
2013-06-25 00:00:00-04:00,1800.0,1950.0,1800.0,1875.0,287,0.0,0.0
2013-06-26 00:00:00-04:00,1875.0,1875.0,1725.0,1725.0,208,0.0,0.0
2013-06-27 00:00:00-04:00,1725.0,1725.0,1500.0,1650.0,738,0.0,0.0
2013-06-28 00:00:00-04:00,1575.0,1650.0,1500.0,1575.0,149,0.0,0.0
2013-07-01 00:00:00-04:00,1575.0,1650.0,1575.0,1650.0,75,0.0,0.0
2013-07-02 00:00:00-04:00,1650.0,1650.0,1575.0,1575.0,84,0.0,0.0
2013-07-03 00:00:00-04:00,1650.0,1650.0,1575.0,1575.0,59,0.0,0.0
2013-07-05 00:00:00-04:00,1650.0,1650.0,1575.0,1575.0,31,0.0,0.0
2013-07-08 00:00:00-04:00,1650.0,1650.0,1575.0,1575.0,58,0.0,0.0
2013-07-09 00:00:00-04:00,1575.0,1650.0,1575.0,1650.0,65,0.0,0.0
2013-07-10 00:00:00-04:00,1650.0,1650.0,1500.0,1650.0,96,0.0,0.0
2013-07-11 00:00:00-04:00,1575.0,1650.0,1500.0,1575.0,156,0.0,0.0
2013-07-12 00:00:00-04:00,1650.0,1650.0,1575.0,1650.0,128,0.0,0.0
2013-07-15 00:00:00-04:00,1575.0,1650.0,1575.0,1575.0,68,0.0,0.0
2013-07-16 00:00:00-04:00,1650.0,1650.0,1575.0,1650.0,30,0.0,0.0
2013-07-17 00:00:00-04:00,1650.0,1650.0,1575.0,1650.0,33,0.0,0.0
2013-07-18 00:00:00-04:00,1575.0,1650.0,1575.0,1575.0,143,0.0,0.0
2013-07-19 00:00:00-04:00,1575.0,1650.0,1575.0,1650.0,39,0.0,0.0
2013-07-22 00:00:00-04:00,1575.0,1575.0,1275.0,1350.0,997,0.0,0.0
2013-07-23 00:00:00-04:00,1425.0,1425.0,1275.0,1350.0,202,0.0,0.0
2013-07-24 00:00:00-04:00,1275.0,1350.0,1200.0,1275.0,376,0.0,0.0
2013-07-25 00:00:00-04:00,1425.0,1500.0,1350.0,1350.0,259,0.0,0.0
2013-07-26 00:00:00-04:00,1350.0,1425.0,1275.0,1350.0,126,0.0,0.0
2013-07-29 00:00:00-04:00,1425.0,1425.0,1275.0,1425.0,80,0.0,0.0
2013-07-30 00:00:00-04:00,1425.0,1425.0,1350.0,1350.0,70,0.0,0.0
2013-07-31 00:00:00-04:00,1350.0,1425.0,1350.0,1350.0,76,0.0,0.0
2013-08-01 00:00:00-04:00,1425.0,1575.0,1425.0,1500.0,409,0.0,0.0
2013-08-02 00:00:00-04:00,1575.0,1875.0,1500.0,1800.0,559,0.0,0.0
2013-08-05 00:00:00-04:00,1950.0,2025.0,1800.0,1875.0,665,0.0,0.0
2013-08-06 00:00:00-04:00,1950.0,1950.0,1725.0,1725.0,307,0.0,0.0
2013-08-07 00:00:00-04:00,1725.0,1725.0,1575.0,1575.0,155,0.0,0.0
2013-08-08 00:00:00-04:00,1575.0,1725.0,1575.0,1650.0,112,0.0,0.0
2013-08-09 00:00:00-04:00,1725.0,1725.0,1650.0,1725.0,46,0.0,0.0
2013-08-12 00:00:00-04:00,1725.0,1725.0,1575.0,1575.0,92,0.0,0.0
2013-08-13 00:00:00-04:00,1575.0,1650.0,1575.0,1650.0,73,0.0,0.0
2013-08-14 00:00:00-04:00,1650.0,1650.0,1575.0,1575.0,69,0.0,0.0
2013-08-15 00:00:00-04:00,1650.0,1650.0,1575.0,1575.0,59,0.0,0.0
2013-08-16 00:00:00-04:00,1650.0,1650.0,1500.0,1575.0,63,0.0,0.0
2013-08-19 00:00:00-04:00,1650.0,1650.0,1575.0,1575.0,32,0.0,0.0
2013-08-20 00:00:00-04:00,1650.0,1650.0,1575.0,1575.0,55,0.0,0.0
2013-08-21 00:00:00-04:00,1575.0,1650.0,1575.0,1575.0,27,0.0,0.0
2013-08-22 00:00:00-04:00,1575.0,1650.0,1575.0,1575.0,26,0.0,0.0
2013-08-23 00:00:00-04:00,1575.0,1650.0,1500.0,1575.0,113,0.0,0.0
2013-08-26 00:00:00-04:00,1575.0,1575.0,1500.0,1500.0,91,0.0,0.0
2013-08-27 00:00:00-04:00,1500.0,1575.0,1500.0,1500.0,49,0.0,0.0
2013-08-28 00:00:00-04:00,1500.0,1500.0,1425.0,1425.0,88,0.0,0.0
2013-08-29 00:00:00-04:00,1425.0,1500.0,1425.0,1425.0,63,0.0,0.0
2013-08-30 00:00:00-04:00,1425.0,1500.0,1350.0,1350.0,222,0.0,0.0
2013-09-03 00:00:00-04:00,1500.0,1500.0,1425.0,1500.0,206,0.0,0.0
2013-09-04 00:00:00-04:00,1500.0,1575.0,1500.0,1500.0,108,0.0,0.0
2013-09-05 00:00:00-04:00,1500.0,1500.0,1500.0,1500.0,70,0.0,0.0
2013-09-06 00:00:00-04:00,1500.0,1500.0,1500.0,1500.0,39,0.0,0.0
2013-09-09 00:00:00-04:00,1500.0,1575.0,1500.0,1500.0,56,0.0,0.0
2013-09-10 00:00:00-04:00,1500.0,1575.0,1500.0,1500.0,50,0.0,0.0
2013-09-11 00:00:00-04:00,1575.0,1575.0,1500.0,1500.0,95,0.0,0.0
2013-09-12 00:00:00-04:00,1500.0,1500.0,1500.0,1500.0,68,0.0,0.0
2013-09-13 00:00:00-04:00,1500.0,1500.0,1425.0,1500.0,85,0.0,0.0
2013-09-16 00:00:00-04:00,1500.0,1575.0,1500.0,1500.0,63,0.0,0.0
2013-09-17 00:00:00-04:00,1500.0,1500.0,1500.0,1500.0,45,0.0,0.0
2013-09-18 00:00:00-04:00,1500.0,1500.0,1500.0,1500.0,69,0.0,0.0
2013-09-19 00:00:00-04:00,1425.0,1500.0,1425.0,1500.0,112,0.0,0.0
2013-09-20 00:00:00-04:00,1425.0,1425.0,1200.0,1275.0,860,0.0,0.0
2013-09-23 00:00:00-04:00,1275.0,1500.0,1275.0,1500.0,272,0.0,0.0
2013-09-24 00:00:00-04:00,1500.0,1500.0,1350.0,1500.0,21,0.0,0.0
2013-09-25 00:00:00-04:00,1365.0,1500.0,1320.0,1372.5,143,0.0,0.1
2013-09-26 00:00:00-04:00,1357.5,1357.5,1275.0,1290.0,247,0.0,0.0
2013-09-27 00:00:00-04:00,1275.0,1342.5,1275.0,1312.5,140,0.0,0.0
2013-09-30 00:00:00-04:00,1312.5,1312.5,1275.0,1275.0,98,0.0,0.0
2013-10-01 00:00:00-04:00,1275.0,1350.0,1102.5,1125.0,500,0.0,0.0
2013-10-02 00:00:00-04:00,1050.0,1177.5,1050.0,1117.5,274,0.0,0.0
2013-10-03 00:00:00-04:00,1095.0,1095.0,997.5,997.5,674,0.0,0.0
2013-10-04 00:00:00-04:00,1050.0,1050.0,757.5,907.5,2160,0.0,0.0
2013-10-07 00:00:00-04:00,975.0,1012.5,907.5,930.0,497,0.0,0.0
2013-10-08 00:00:00-04:00,667.5,690.0,622.5,630.0,11046,0.0,0.0
2013-10-09 00:00:00-04:00,637.5,637.5,577.5,607.5,2346,0.0,0.0
2013-10-10 00:00:00-04:00,615.0,652.5,585.0,630.0,1516,0.0,0.0
2013-10-11 00:00:00-04:00,637.5,660.0,607.5,615.0,1439,0.0,0.0
2013-10-14 00:00:00-04:00,615.0,622.5,592.5,600.0,560,0.0,0.0
2013-10-15 00:00:00-04:00,607.5,622.5,592.5,592.5,1403,0.0,0.0
2013-10-16 00:00:00-04:00,592.5,600.0,562.5,592.5,893,0.0,0.0
2013-10-17 00:00:00-04:00,592.5,645.0,570.0,645.0,1939,0.0,0.0
2013-10-18 00:00:00-04:00,675.0,675.0,615.0,615.0,2376,0.0,0.0
2013-10-21 00:00:00-04:00,652.5,652.5,607.5,652.5,1946,0.0,0.0
2013-10-22 00:00:00-04:00,675.0,675.0,622.5,637.5,837,0.0,0.0
2013-10-23 00:00:00-04:00,637.5,645.0,622.5,637.5,582,0.0,0.0
2013-10-24 00:00:00-04:00,660.0,660.0,622.5,637.5,759,0.0,0.0
2013-10-25 00:00:00-04:00,622.5,660.0,622.5,637.5,766,0.0,0.0
2013-10-28 00:00:00-04:00,660.0,675.0,637.5,637.5,1142,0.0,0.0
2013-10-29 00:00:00-04:00,660.0,660.0,630.0,630.0,472,0.0,0.0
2013-10-30 00:00:00-04:00,645.0,660.0,630.0,630.0,600,0.0,0.0
2013-10-31 00:00:00-04:00,622.5,660.0,615.0,637.5,671,0.0,0.0
2013-11-01 00:00:00-04:00,652.5,652.5,630.0,630.0,167,0.0,0.0
2013-11-04 00:00:00-05:00,637.5,660.0,622.5,622.5,314,0.0,0.0
2013-11-05 00:00:00-05:00,630.0,652.5,607.5,615.0,920,0.0,0.0
2013-11-06 00:00:00-05:00,615.0,622.5,577.5,585.0,936,0.0,0.0
2013-11-07 00:00:00-05:00,592.5,615.0,585.0,615.0,672,0.0,0.0
2013-11-08 00:00:00-05:00,615.0,622.5,600.0,600.0,421,0.0,0.0
2013-11-11 00:00:00-05:00,615.0,622.5,592.5,592.5,459,0.0,0.0
2013-11-12 00:00:00-05:00,585.0,622.5,585.0,585.0,1432,0.0,0.0
2013-11-13 00:00:00-05:00,585.0,600.0,577.5,577.5,691,0.0,0.0
2013-11-14 00:00:00-05:00,585.0,615.0,577.5,607.5,676,0.0,0.0
2013-11-15 00:00:00-05:00,615.0,615.0,592.5,600.0,441,0.0,0.0
2013-11-18 00:00:00-05:00,607.5,615.0,600.0,600.0,246,0.0,0.0
2013-11-19 00:00:00-05:00,600.0,615.0,592.5,600.0,332,0.0,0.0
2013-11-20 00:00:00-05:00,592.5,607.5,592.5,607.5,234,0.0,0.0
2013-11-21 00:00:00-05:00,615.0,615.0,600.0,607.5,443,0.0,0.0
2013-11-22 00:00:00-05:00,615.0,615.0,600.0,607.5,483,0.0,0.0
2013-11-25 00:00:00-05:00,615.0,615.0,600.0,600.0,607,0.0,0.0
2013-11-26 00:00:00-05:00,607.5,615.0,600.0,600.0,159,0.0,0.0
2013-11-27 00:00:00-05:00,600.0,615.0,600.0,607.5,168,0.0,0.0
2013-11-29 00:00:00-05:00,607.5,607.5,607.5,607.5,186,0.0,0.0
2013-12-02 00:00:00-05:00,607.5,615.0,600.0,607.5,382,0.0,0.0
2013-12-03 00:00:00-05:00,600.0,607.5,585.0,600.0,703,0.0,0.0
2013-12-04 00:00:00-05:00,600.0,600.0,585.0,592.5,430,0.0,0.0
2013-12-05 00:00:00-05:00,592.5,607.5,585.0,585.0,651,0.0,0.0
2013-12-06 00:00:00-05:00,600.0,600.0,570.0,600.0,660,0.0,0.0
2013-12-09 00:00:00-05:00,600.0,600.0,562.5,585.0,814,0.0,0.0
2013-12-10 00:00:00-05:00,562.5,570.0,547.5,547.5,868,0.0,0.0
2013-12-11 00:00:00-05:00,555.0,555.0,517.5,525.0,818,0.0,0.0
2013-12-12 00:00:00-05:00,517.5,532.5,495.0,510.0,1763,0.0,0.0
2013-12-13 00:00:00-05:00,532.5,540.0,517.5,540.0,712,0.0,0.0
2013-12-16 00:00:00-05:00,540.0,540.0,525.0,540.0,225,0.0,0.0
2013-12-17 00:00:00-05:00,540.0,570.0,540.0,562.5,784,0.0,0.0
2013-12-18 00:00:00-05:00,562.5,562.5,532.5,532.5,893,0.0,0.0
2013-12-19 00:00:00-05:00,435.0,450.0,397.5,427.5,3188,0.0,0.0
2013-12-20 00:00:00-05:00,442.5,450.0,427.5,450.0,1831,0.0,0.0
2013-12-23 00:00:00-05:00,442.5,525.0,435.0,442.5,1040,0.0,0.0
2013-12-24 00:00:00-05:00,450.0,465.0,435.0,442.5,593,0.0,0.0
2013-12-26 00:00:00-05:00,450.0,450.0,442.5,442.5,562,0.0,0.0
2013-12-27 00:00:00-05:00,457.5,457.5,442.5,450.0,1461,0.0,0.0
2013-12-30 00:00:00-05:00,450.0,450.0,442.5,450.0,986,0.0,0.0
2013-12-31 00:00:00-05:00,442.5,450.0,442.5,442.5,479,0.0,0.0
2014-01-02 00:00:00-05:00,442.5,495.0,442.5,487.5,2593,0.0,0.0
2014-01-03 00:00:00-05:00,510.0,510.0,487.5,487.5,1319,0.0,0.0
2014-01-06 00:00:00-05:00,495.0,525.0,487.5,517.5,2017,0.0,0.0
2014-01-07 00:00:00-05:00,525.0,570.0,517.5,547.5,2754,0.0,0.0
2014-01-08 00:00:00-05:00,555.0,555.0,502.5,510.0,1199,0.0,0.0
2014-01-09 00:00:00-05:00,525.0,532.5,510.0,525.0,1401,0.0,0.0
2014-01-10 00:00:00-05:00,532.5,532.5,510.0,517.5,1304,0.0,0.0
2014-01-13 00:00:00-05:00,525.0,622.5,517.5,592.5,7015,0.0,0.0
2014-01-14 00:00:00-05:00,645.0,660.0,607.5,622.5,3844,0.0,0.0
2014-01-15 00:00:00-05:00,652.5,720.0,637.5,705.0,9264,0.0,0.0
2014-01-16 00:00:00-05:00,727.5,742.5,645.0,682.5,5610,0.0,0.0
2014-01-17 00:00:00-05:00,697.5,697.5,630.0,652.5,2089,0.0,0.0
2014-01-21 00:00:00-05:00,660.0,727.5,660.0,712.5,3865,0.0,0.0
2014-01-22 00:00:00-05:00,765.0,832.5,757.5,772.5,11093,0.0,0.0
2014-01-23 00:00:00-05:00,817.5,877.5,795.0,870.0,15474,0.0,0.0
2014-01-24 00:00:00-05:00,840.0,840.0,765.0,802.5,6432,0.0,0.0
2014-01-27 00:00:00-05:00,802.5,810.0,660.0,772.5,3839,0.0,0.0
2014-01-28 00:00:00-05:00,727.5,825.0,682.5,817.5,3635,0.0,0.0
2014-01-29 00:00:00-05:00,795.0,870.0,772.5,802.5,4200,0.0,0.0
2014-01-30 00:00:00-05:00,817.5,817.5,645.0,772.5,2139,0.0,0.0
2014-01-31 00:00:00-05:00,780.0,795.0,720.0,795.0,1495,0.0,0.0
2014-02-03 00:00:00-05:00,810.0,817.5,750.0,787.5,2123,0.0,0.0
2014-02-04 00:00:00-05:00,780.0,787.5,750.0,750.0,1441,0.0,0.0
2014-02-05 00:00:00-05:00,765.0,765.0,697.5,712.5,2195,0.0,0.0
2014-02-06 00:00:00-05:00,720.0,720.0,667.5,697.5,1644,0.0,0.0
2014-02-07 00:00:00-05:00,720.0,840.0,705.0,810.0,4727,0.0,0.0
2014-02-10 00:00:00-05:00,780.0,855.0,757.5,847.5,4169,0.0,0.0
2014-02-11 00:00:00-05:00,847.5,997.5,832.5,975.0,11802,0.0,0.0
2014-02-12 00:00:00-05:00,967.5,982.5,870.0,885.0,7684,0.0,0.0
2014-02-13 00:00:00-05:00,885.0,907.5,840.0,862.5,1896,0.0,0.0
2014-02-14 00:00:00-05:00,885.0,900.0,870.0,885.0,1541,0.0,0.0
2014-02-18 00:00:00-05:00,885.0,922.5,855.0,862.5,1861,0.0,0.0
2014-02-19 00:00:00-05:00,862.5,892.5,840.0,847.5,952,0.0,0.0
2014-02-20 00:00:00-05:00,870.0,877.5,847.5,862.5,873,0.0,0.0
2014-02-21 00:00:00-05:00,877.5,877.5,840.0,855.0,988,0.0,0.0
2014-02-24 00:00:00-05:00,855.0,855.0,825.0,840.0,1349,0.0,0.0
2014-02-25 00:00:00-05:00,825.0,840.0,787.5,817.5,2047,0.0,0.0
2014-02-26 00:00:00-05:00,832.5,870.0,795.0,862.5,1801,0.0,0.0
2014-02-27 00:00:00-05:00,877.5,885.0,825.0,832.5,1476,0.0,0.0
2014-02-28 00:00:00-05:00,832.5,855.0,825.0,825.0,622,0.0,0.0
2014-03-03 00:00:00-05:00,832.5,847.5,817.5,817.5,746,0.0,0.0
2014-03-04 00:00:00-05:00,840.0,855.0,825.0,840.0,938,0.0,0.0
2014-03-05 00:00:00-05:00,862.5,862.5,840.0,840.0,741,0.0,0.0
2014-03-06 00:00:00-05:00,862.5,975.0,847.5,945.0,5089,0.0,0.0
2014-03-07 00:00:00-05:00,975.0,1140.0,975.0,1057.5,9874,0.0,0.0
2014-03-10 00:00:00-04:00,1057.5,1072.5,975.0,1027.5,2687,0.0,0.0
2014-03-11 00:00:00-04:00,1035.0,1035.0,922.5,937.5,2031,0.0,0.0
2014-03-12 00:00:00-04:00,930.0,990.0,915.0,960.0,1207,0.0,0.0
2014-03-13 00:00:00-04:00,960.0,967.5,945.0,952.5,1001,0.0,0.0
2014-03-14 00:00:00-04:00,1080.0,1177.5,1012.5,1147.5,8196,0.0,0.0
2014-03-17 00:00:00-04:00,1177.5,1215.0,1050.0,1050.0,4856,0.0,0.0
2014-03-18 00:00:00-04:00,1050.0,1147.5,1050.0,1132.5,2672,0.0,0.0
2014-03-19 00:00:00-04:00,1162.5,1357.5,1140.0,1267.5,10077,0.0,0.0
2014-03-20 00:00:00-04:00,1335.0,1387.5,1320.0,1365.0,4937,0.0,0.0
2014-03-21 00:00:00-04:00,1402.5,1425.0,1275.0,1372.5,4359,0.0,0.0
2014-03-24 00:00:00-04:00,1327.5,1350.0,1237.5,1282.5,2294,0.0,0.0
2014-03-25 00:00:00-04:00,1290.0,1320.0,1215.0,1312.5,2151,0.0,0.0
2014-03-26 00:00:00-04:00,1312.5,1342.5,1140.0,1170.0,2272,0.0,0.0
2014-03-27 00:00:00-04:00,1215.0,1245.0,1132.5,1215.0,1566,0.0,0.0
2014-03-28 00:00:00-04:00,1215.0,1230.0,1140.0,1155.0,929,0.0,0.0
2014-03-31 00:00:00-04:00,1185.0,1185.0,1110.0,1140.0,1126,0.0,0.0
2014-04-01 00:00:00-04:00,1147.5,1275.0,1147.5,1252.5,2559,0.0,0.0
2014-04-02 00:00:00-04:00,1260.0,1290.0,1237.5,1260.0,1419,0.0,0.0
2014-04-03 00:00:00-04:00,1275.0,1282.5,1200.0,1230.0,1179,0.0,0.0
2014-04-04 00:00:00-04:00,1237.5,1252.5,1132.5,1170.0,1165,0.0,0.0
2014-04-07 00:00:00-04:00,1177.5,1177.5,1132.5,1147.5,881,0.0,0.0
2014-04-08 00:00:00-04:00,1162.5,1192.5,1125.0,1147.5,427,0.0,0.0
2014-04-09 00:00:00-04:00,1162.5,1237.5,1147.5,1230.0,963,0.0,0.0
2014-04-10 00:00:00-04:00,1230.0,1245.0,1162.5,1170.0,812,0.0,0.0
2014-04-11 00:00:00-04:00,1170.0,1200.0,1125.0,1132.5,940,0.0,0.0
2014-04-14 00:00:00-04:00,1012.5,1057.5,952.5,982.5,6096,0.0,0.0
2014-04-15 00:00:00-04:00,975.0,975.0,862.5,907.5,2464,0.0,0.0
2014-04-16 00:00:00-04:00,915.0,997.5,915.0,960.0,1461,0.0,0.0
2014-04-17 00:00:00-04:00,960.0,997.5,945.0,952.5,1767,0.0,0.0
2014-04-21 00:00:00-04:00,960.0,967.5,952.5,967.5,572,0.0,0.0
2014-04-22 00:00:00-04:00,990.0,1005.0,945.0,967.5,1741,0.0,0.0
2014-04-23 00:00:00-04:00,975.0,997.5,945.0,952.5,725,0.0,0.0
2014-04-24 00:00:00-04:00,960.0,960.0,900.0,915.0,1379,0.0,0.0
2014-04-25 00:00:00-04:00,922.5,937.5,862.5,862.5,1522,0.0,0.0
2014-04-28 00:00:00-04:00,885.0,907.5,855.0,885.0,1128,0.0,0.0
2014-04-29 00:00:00-04:00,892.5,900.0,870.0,877.5,654,0.0,0.0
2014-04-30 00:00:00-04:00,877.5,892.5,862.5,892.5,603,0.0,0.0
2014-05-01 00:00:00-04:00,900.0,952.5,892.5,937.5,886,0.0,0.0
2014-05-02 00:00:00-04:00,975.0,990.0,907.5,922.5,1077,0.0,0.0
2014-05-05 00:00:00-04:00,907.5,937.5,885.0,930.0,680,0.0,0.0
2014-05-06 00:00:00-04:00,945.0,945.0,885.0,885.0,724,0.0,0.0
2014-05-07 00:00:00-04:00,885.0,892.5,847.5,892.5,1006,0.0,0.0
2014-05-08 00:00:00-04:00,870.0,885.0,787.5,810.0,1701,0.0,0.0
2014-05-09 00:00:00-04:00,810.0,862.5,765.0,832.5,1286,0.0,0.0
2014-05-12 00:00:00-04:00,847.5,885.0,825.0,870.0,567,0.0,0.0
2014-05-13 00:00:00-04:00,862.5,862.5,802.5,825.0,955,0.0,0.0
2014-05-14 00:00:00-04:00,787.5,885.0,772.5,870.0,1265,0.0,0.0
2014-05-15 00:00:00-04:00,855.0,877.5,832.5,855.0,269,0.0,0.0
2014-05-16 00:00:00-04:00,862.5,862.5,840.0,847.5,196,0.0,0.0
2014-05-19 00:00:00-04:00,832.5,862.5,825.0,862.5,197,0.0,0.0
2014-05-20 00:00:00-04:00,862.5,885.0,825.0,840.0,389,0.0,0.0
2014-05-21 00:00:00-04:00,855.0,855.0,802.5,802.5,1012,0.0,0.0
2014-05-22 00:00:00-04:00,810.0,825.0,780.0,795.0,757,0.0,0.0
2014-05-23 00:00:00-04:00,810.0,817.5,765.0,780.0,954,0.0,0.0
2014-05-27 00:00:00-04:00,780.0,780.0,735.0,757.5,1192,0.0,0.0
2014-05-28 00:00:00-04:00,765.0,870.0,735.0,802.5,1256,0.0,0.0
2014-05-29 00:00:00-04:00,832.5,870.0,810.0,825.0,1455,0.0,0.0
2014-05-30 00:00:00-04:00,832.5,862.5,810.0,825.0,325,0.0,0.0
2014-06-02 00:00:00-04:00,855.0,937.5,825.0,825.0,825,0.0,0.0
2014-06-03 00:00:00-04:00,832.5,832.5,772.5,802.5,530,0.0,0.0
2014-06-04 00:00:00-04:00,802.5,817.5,765.0,765.0,365,0.0,0.0
2014-06-05 00:00:00-04:00,810.0,810.0,780.0,795.0,369,0.0,0.0
2014-06-06 00:00:00-04:00,787.5,825.0,787.5,817.5,199,0.0,0.0
2014-06-09 00:00:00-04:00,787.5,832.5,787.5,817.5,712,0.0,0.0
2014-06-10 00:00:00-04:00,810.0,855.0,802.5,840.0,650,0.0,0.0
2014-06-11 00:00:00-04:00,832.5,855.0,810.0,855.0,580,0.0,0.0
2014-06-12 00:00:00-04:00,855.0,877.5,847.5,862.5,363,0.0,0.0
2014-06-13 00:00:00-04:00,847.5,862.5,802.5,810.0,307,0.0,0.0
2014-06-16 00:00:00-04:00,825.0,840.0,795.0,817.5,250,0.0,0.0
2014-06-17 00:00:00-04:00,825.0,840.0,810.0,840.0,172,0.0,0.0
2014-06-18 00:00:00-04:00,855.0,892.5,817.5,825.0,805,0.0,0.0
2014-06-19 00:00:00-04:00,840.0,862.5,825.0,847.5,367,0.0,0.0
2014-06-20 00:00:00-04:00,862.5,885.0,832.5,885.0,626,0.0,0.0
2014-06-23 00:00:00-04:00,877.5,952.5,855.0,937.5,2062,0.0,0.0
2014-06-24 00:00:00-04:00,945.0,945.0,855.0,877.5,1081,0.0,0.0
2014-06-25 00:00:00-04:00,877.5,885.0,855.0,870.0,297,0.0,0.0
2014-06-26 00:00:00-04:00,877.5,877.5,832.5,862.5,251,0.0,0.0
2014-06-27 00:00:00-04:00,847.5,967.5,840.0,967.5,861,0.0,0.0
2014-06-30 00:00:00-04:00,937.5,945.0,885.0,930.0,592,0.0,0.0
2014-07-01 00:00:00-04:00,975.0,975.0,900.0,900.0,654,0.0,0.0
2014-07-02 00:00:00-04:00,907.5,915.0,885.0,892.5,349,0.0,0.0
2014-07-03 00:00:00-04:00,900.0,907.5,877.5,900.0,171,0.0,0.0
2014-07-07 00:00:00-04:00,900.0,907.5,877.5,885.0,200,0.0,0.0
2014-07-08 00:00:00-04:00,952.5,952.5,870.0,885.0,757,0.0,0.0
2014-07-09 00:00:00-04:00,877.5,907.5,870.0,892.5,224,0.0,0.0
2014-07-10 00:00:00-04:00,885.0,907.5,870.0,885.0,484,0.0,0.0
2014-07-11 00:00:00-04:00,892.5,945.0,885.0,892.5,536,0.0,0.0
2014-07-14 00:00:00-04:00,907.5,915.0,885.0,907.5,234,0.0,0.0
2014-07-15 00:00:00-04:00,907.5,945.0,900.0,937.5,1648,0.0,0.0
2014-07-16 00:00:00-04:00,945.0,952.5,907.5,915.0,619,0.0,0.0
2014-07-17 00:00:00-04:00,937.5,937.5,885.0,907.5,790,0.0,0.0
2014-07-18 00:00:00-04:00,915.0,915.0,847.5,862.5,576,0.0,0.0
2014-07-21 00:00:00-04:00,862.5,877.5,847.5,862.5,235,0.0,0.0
2014-07-22 00:00:00-04:00,900.0,900.0,870.0,877.5,263,0.0,0.0
2014-07-23 00:00:00-04:00,892.5,900.0,862.5,877.5,411,0.0,0.0
2014-07-24 00:00:00-04:00,877.5,877.5,832.5,862.5,509,0.0,0.0
2014-07-25 00:00:00-04:00,847.5,862.5,832.5,855.0,326,0.0,0.0
2014-07-28 00:00:00-04:00,847.5,870.0,825.0,832.5,593,0.0,0.0
2014-07-29 00:00:00-04:00,832.5,855.0,825.0,847.5,241,0.0,0.0
2014-07-30 00:00:00-04:00,847.5,862.5,832.5,847.5,321,0.0,0.0
2014-07-31 00:00:00-04:00,847.5,862.5,847.5,862.5,200,0.0,0.0
2014-08-01 00:00:00-04:00,862.5,862.5,802.5,817.5,877,0.0,0.0
2014-08-04 00:00:00-04:00,817.5,862.5,802.5,825.0,410,0.0,0.0
2014-08-05 00:00:00-04:00,832.5,855.0,795.0,825.0,350,0.0,0.0
2014-08-06 00:00:00-04:00,817.5,855.0,802.5,802.5,319,0.0,0.0
2014-08-07 00:00:00-04:00,810.0,825.0,780.0,795.0,589,0.0,0.0
2014-08-08 00:00:00-04:00,795.0,802.5,780.0,795.0,200,0.0,0.0
2014-08-11 00:00:00-04:00,825.0,840.0,817.5,825.0,791,0.0,0.0
2014-08-12 00:00:00-04:00,825.0,855.0,780.0,795.0,620,0.0,0.0
2014-08-13 00:00:00-04:00,795.0,825.0,787.5,810.0,248,0.0,0.0
2014-08-14 00:00:00-04:00,817.5,825.0,810.0,825.0,215,0.0,0.0
2014-08-15 00:00:00-04:00,832.5,855.0,817.5,825.0,336,0.0,0.0
2014-08-18 00:00:00-04:00,825.0,847.5,810.0,832.5,206,0.0,0.0
2014-08-19 00:00:00-04:00,825.0,840.0,817.5,840.0,148,0.0,0.0
2014-08-20 00:00:00-04:00,855.0,855.0,817.5,817.5,227,0.0,0.0
2014-08-21 00:00:00-04:00,802.5,825.0,795.0,817.5,196,0.0,0.0
2014-08-22 00:00:00-04:00,810.0,817.5,802.5,817.5,234,0.0,0.0
2014-08-25 00:00:00-04:00,810.0,825.0,802.5,810.0,125,0.0,0.0
2014-08-26 00:00:00-04:00,810.0,825.0,795.0,810.0,278,0.0,0.0
2014-08-27 00:00:00-04:00,802.5,817.5,795.0,795.0,154,0.0,0.0
2014-08-28 00:00:00-04:00,795.0,802.5,787.5,787.5,146,0.0,0.0
2014-08-29 00:00:00-04:00,795.0,802.5,787.5,802.5,167,0.0,0.0
2014-09-02 00:00:00-04:00,810.0,810.0,780.0,787.5,195,0.0,0.0
2014-09-03 00:00:00-04:00,787.5,810.0,780.0,787.5,398,0.0,0.0
2014-09-04 00:00:00-04:00,780.0,795.0,772.5,772.5,272,0.0,0.0
2014-09-05 00:00:00-04:00,772.5,780.0,765.0,772.5,239,0.0,0.0
2014-09-08 00:00:00-04:00,765.0,787.5,765.0,772.5,207,0.0,0.0
2014-09-09 00:00:00-04:00,765.0,772.5,765.0,772.5,147,0.0,0.0
2014-09-10 00:00:00-04:00,765.0,772.5,765.0,772.5,226,0.0,0.0
2014-09-11 00:00:00-04:00,765.0,780.0,765.0,772.5,229,0.0,0.0
2014-09-12 00:00:00-04:00,772.5,787.5,750.0,750.0,410,0.0,0.0
2014-09-15 00:00:00-04:00,750.0,772.5,720.0,735.0,525,0.0,0.0
2014-09-16 00:00:00-04:00,742.5,742.5,675.0,690.0,1054,0.0,0.0
2014-09-17 00:00:00-04:00,682.5,705.0,675.0,690.0,256,0.0,0.0
2014-09-18 00:00:00-04:00,690.0,705.0,682.5,690.0,342,0.0,0.0
2014-09-19 00:00:00-04:00,690.0,705.0,645.0,667.5,860,0.0,0.0
2014-09-22 00:00:00-04:00,652.5,675.0,637.5,645.0,488,0.0,0.0
2014-09-23 00:00:00-04:00,607.5,637.5,562.5,570.0,1188,0.0,0.0
2014-09-24 00:00:00-04:00,585.0,630.0,570.0,615.0,510,0.0,0.0
2014-09-25 00:00:00-04:00,630.0,637.5,600.0,637.5,293,0.0,0.0
2014-09-26 00:00:00-04:00,637.5,690.0,630.0,675.0,293,0.0,0.0
2014-09-29 00:00:00-04:00,690.0,690.0,645.0,645.0,228,0.0,0.0
2014-09-30 00:00:00-04:00,652.5,682.5,652.5,682.5,454,0.0,0.0
2014-10-01 00:00:00-04:00,682.5,682.5,630.0,645.0,322,0.0,0.0
2014-10-02 00:00:00-04:00,667.5,675.0,652.5,667.5,183,0.0,0.0
2014-10-03 00:00:00-04:00,675.0,682.5,645.0,675.0,254,0.0,0.0
2014-10-06 00:00:00-04:00,682.5,682.5,615.0,630.0,403,0.0,0.0
2014-10-07 00:00:00-04:00,615.0,630.0,600.0,615.0,250,0.0,0.0
2014-10-08 00:00:00-04:00,622.5,630.0,585.0,600.0,295,0.0,0.0
2014-10-09 00:00:00-04:00,600.0,622.5,600.0,607.5,241,0.0,0.0
2014-10-10 00:00:00-04:00,592.5,615.0,562.5,607.5,243,0.0,0.0
2014-10-13 00:00:00-04:00,607.5,615.0,577.5,592.5,359,0.0,0.0
2014-10-14 00:00:00-04:00,600.0,607.5,570.0,570.0,332,0.0,0.0
2014-10-15 00:00:00-04:00,585.0,592.5,570.0,592.5,203,0.0,0.0
2014-10-16 00:00:00-04:00,577.5,645.0,570.0,622.5,375,0.0,0.0
2014-10-17 00:00:00-04:00,622.5,637.5,615.0,637.5,184,0.0,0.0
2014-10-20 00:00:00-04:00,630.0,667.5,600.0,637.5,374,0.0,0.0
2014-10-21 00:00:00-04:00,540.0,540.0,487.5,517.5,4539,0.0,0.0
2014-10-22 00:00:00-04:00,540.0,540.0,502.5,502.5,1003,0.0,0.0
2014-10-23 00:00:00-04:00,510.0,540.0,502.5,517.5,832,0.0,0.0
2014-10-24 00:00:00-04:00,502.5,540.0,495.0,495.0,2026,0.0,0.0
2014-10-27 00:00:00-04:00,517.5,517.5,487.5,502.5,724,0.0,0.0
2014-10-28 00:00:00-04:00,495.0,495.0,472.5,487.5,839,0.0,0.0
2014-10-29 00:00:00-04:00,487.5,495.0,487.5,495.0,180,0.0,0.0
2014-10-30 00:00:00-04:00,502.5,517.5,472.5,517.5,479,0.0,0.0
2014-10-31 00:00:00-04:00,525.0,525.0,495.0,510.0,191,0.0,0.0
2014-11-03 00:00:00-05:00,517.5,525.0,502.5,510.0,374,0.0,0.0
2014-11-04 00:00:00-05:00,517.5,517.5,472.5,472.5,530,0.0,0.0
2014-11-05 00:00:00-05:00,487.5,495.0,472.5,495.0,384,0.0,0.0
2014-11-06 00:00:00-05:00,480.0,510.0,472.5,487.5,446,0.0,0.0
2014-11-07 00:00:00-05:00,495.0,502.5,450.0,450.0,808,0.0,0.0
2014-11-10 00:00:00-05:00,472.5,480.0,465.0,472.5,376,0.0,0.0
2014-11-11 00:00:00-05:00,450.0,480.0,450.0,472.5,183,0.0,0.0
2014-11-12 00:00:00-05:00,487.5,495.0,457.5,480.0,402,0.0,0.0
2014-11-13 00:00:00-05:00,472.5,487.5,457.5,457.5,607,0.0,0.0
2014-11-14 00:00:00-05:00,457.5,487.5,442.5,487.5,655,0.0,0.0
2014-11-17 00:00:00-05:00,487.5,487.5,450.0,465.0,333,0.0,0.0
2014-11-18 00:00:00-05:00,442.5,472.5,442.5,450.0,925,0.0,0.0
2014-11-19 00:00:00-05:00,450.0,465.0,427.5,442.5,463,0.0,0.0
2014-11-20 00:00:00-05:00,427.5,457.5,427.5,450.0,390,0.0,0.0
2014-11-21 00:00:00-05:00,450.0,457.5,427.5,435.0,457,0.0,0.0
2014-11-24 00:00:00-05:00,427.5,442.5,427.5,442.5,700,0.0,0.0
2014-11-25 00:00:00-05:00,427.5,450.0,427.5,442.5,375,0.0,0.0
2014-11-26 00:00:00-05:00,435.0,450.0,435.0,450.0,222,0.0,0.0
2014-11-28 00:00:00-05:00,450.0,457.5,442.5,457.5,101,0.0,0.0
2014-12-01 00:00:00-05:00,465.0,465.0,427.5,427.5,299,0.0,0.0
2014-12-02 00:00:00-05:00,450.0,450.0,420.0,427.5,311,0.0,0.0
2014-12-03 00:00:00-05:00,420.0,427.5,412.5,420.0,396,0.0,0.0
2014-12-04 00:00:00-05:00,427.5,427.5,412.5,420.0,227,0.0,0.0
2014-12-05 00:00:00-05:00,412.5,427.5,412.5,427.5,376,0.0,0.0
2014-12-08 00:00:00-05:00,412.5,420.0,412.5,420.0,245,0.0,0.0
2014-12-09 00:00:00-05:00,420.0,420.0,405.0,405.0,289,0.0,0.0
2014-12-10 00:00:00-05:00,405.0,450.0,405.0,412.5,468,0.0,0.0
2014-12-11 00:00:00-05:00,420.0,450.0,412.5,420.0,260,0.0,0.0
2014-12-12 00:00:00-05:00,420.0,435.0,420.0,427.5,129,0.0,0.0
2014-12-15 00:00:00-05:00,450.0,450.0,412.5,412.5,229,0.0,0.0
2014-12-16 00:00:00-05:00,412.5,435.0,405.0,405.0,379,0.0,0.0
2014-12-17 00:00:00-05:00,405.0,427.5,405.0,412.5,277,0.0,0.0
2014-12-18 00:00:00-05:00,412.5,442.5,412.5,435.0,665,0.0,0.0
2014-12-19 00:00:00-05:00,435.0,487.5,427.5,487.5,739,0.0,0.0
2014-12-22 00:00:00-05:00,487.5,487.5,450.0,457.5,263,0.0,0.0
2014-12-23 00:00:00-05:00,457.5,472.5,442.5,442.5,202,0.0,0.0
2014-12-24 00:00:00-05:00,442.5,480.0,442.5,465.0,158,0.0,0.0
2014-12-26 00:00:00-05:00,442.5,487.5,442.5,472.5,282,0.0,0.0
2014-12-29 00:00:00-05:00,487.5,487.5,435.0,435.0,482,0.0,0.0
2014-12-30 00:00:00-05:00,450.0,457.5,427.5,435.0,462,0.0,0.0
2014-12-31 00:00:00-05:00,435.0,450.0,435.0,435.0,675,0.0,0.0
2015-01-02 00:00:00-05:00,442.5,465.0,442.5,465.0,241,0.0,0.0
2015-01-05 00:00:00-05:00,480.0,517.5,465.0,517.5,732,0.0,0.0
2015-01-06 00:00:00-05:00,510.0,510.0,487.5,510.0,305,0.0,0.0
2015-01-07 00:00:00-05:00,510.0,555.0,495.0,540.0,790,0.0,0.0
2015-01-08 00:00:00-05:00,540.0,547.5,502.5,532.5,379,0.0,0.0
2015-01-09 00:00:00-05:00,555.0,555.0,517.5,547.5,292,0.0,0.0
2015-01-12 00:00:00-05:00,555.0,555.0,502.5,517.5,544,0.0,0.0
2015-01-13 00:00:00-05:00,525.0,540.0,487.5,487.5,629,0.0,0.0
2015-01-14 00:00:00-05:00,502.5,517.5,480.0,495.0,277,0.0,0.0
2015-01-15 00:00:00-05:00,502.5,525.0,472.5,487.5,325,0.0,0.0
2015-01-16 00:00:00-05:00,510.0,510.0,465.0,487.5,218,0.0,0.0
2015-01-20 00:00:00-05:00,487.5,510.0,465.0,495.0,282,0.0,0.0
2015-01-21 00:00:00-05:00,517.5,517.5,465.0,472.5,283,0.0,0.0
2015-01-22 00:00:00-05:00,480.0,495.0,472.5,480.0,194,0.0,0.0
2015-01-23 00:00:00-05:00,480.0,487.5,472.5,487.5,140,0.0,0.0
2015-01-26 00:00:00-05:00,487.5,502.5,465.0,502.5,778,0.0,0.0
2015-01-27 00:00:00-05:00,502.5,555.0,502.5,540.0,1154,0.0,0.0
2015-01-28 00:00:00-05:00,555.0,555.0,502.5,517.5,463,0.0,0.0
2015-01-29 00:00:00-05:00,525.0,540.0,495.0,540.0,300,0.0,0.0
2015-01-30 00:00:00-05:00,540.0,540.0,517.5,532.5,487,0.0,0.0
2015-02-02 00:00:00-05:00,555.0,555.0,487.5,502.5,316,0.0,0.0
2015-02-03 00:00:00-05:00,510.0,525.0,487.5,487.5,189,0.0,0.0
2015-02-04 00:00:00-05:00,495.0,517.5,495.0,510.0,130,0.0,0.0
2015-02-05 00:00:00-05:00,510.0,532.5,502.5,525.0,227,0.0,0.0
2015-02-06 00:00:00-05:00,525.0,592.5,517.5,577.5,899,0.0,0.0
2015-02-09 00:00:00-05:00,577.5,607.5,562.5,592.5,540,0.0,0.0
2015-02-10 00:00:00-05:00,600.0,675.0,600.0,667.5,2463,0.0,0.0
2015-02-11 00:00:00-05:00,675.0,690.0,585.0,607.5,1630,0.0,0.0
2015-02-12 00:00:00-05:00,615.0,652.5,615.0,637.5,497,0.0,0.0
2015-02-13 00:00:00-05:00,637.5,645.0,600.0,630.0,539,0.0,0.0
2015-02-17 00:00:00-05:00,615.0,675.0,615.0,637.5,502,0.0,0.0
2015-02-18 00:00:00-05:00,667.5,727.5,637.5,712.5,1151,0.0,0.0
2015-02-19 00:00:00-05:00,735.0,810.0,682.5,690.0,3327,0.0,0.0
2015-02-20 00:00:00-05:00,682.5,750.0,652.5,667.5,1058,0.0,0.0
2015-02-23 00:00:00-05:00,712.5,712.5,652.5,675.0,665,0.0,0.0
2015-02-24 00:00:00-05:00,682.5,705.0,667.5,667.5,496,0.0,0.0
2015-02-25 00:00:00-05:00,667.5,705.0,667.5,690.0,774,0.0,0.0
2015-02-26 00:00:00-05:00,697.5,735.0,675.0,720.0,585,0.0,0.0
2015-02-27 00:00:00-05:00,742.5,810.0,735.0,780.0,3342,0.0,0.0
2015-03-02 00:00:00-05:00,862.5,900.0,787.5,810.0,3453,0.0,0.0
2015-03-03 00:00:00-05:00,892.5,915.0,832.5,855.0,2603,0.0,0.0
2015-03-04 00:00:00-05:00,885.0,922.5,825.0,892.5,2489,0.0,0.0
2015-03-05 00:00:00-05:00,900.0,900.0,855.0,855.0,1090,0.0,0.0
2015-03-06 00:00:00-05:00,855.0,855.0,750.0,795.0,1678,0.0,0.0
2015-03-09 00:00:00-04:00,795.0,825.0,675.0,825.0,1792,0.0,0.0
2015-03-10 00:00:00-04:00,825.0,825.0,750.0,802.5,548,0.0,0.0
2015-03-11 00:00:00-04:00,780.0,780.0,735.0,757.5,830,0.0,0.0
2015-03-12 00:00:00-04:00,757.5,810.0,757.5,802.5,561,0.0,0.0
2015-03-13 00:00:00-04:00,810.0,847.5,787.5,840.0,743,0.0,0.0
2015-03-16 00:00:00-04:00,832.5,840.0,787.5,787.5,651,0.0,0.0
2015-03-17 00:00:00-04:00,795.0,825.0,787.5,817.5,713,0.0,0.0
2015-03-18 00:00:00-04:00,817.5,847.5,795.0,840.0,1224,0.0,0.0
2015-03-19 00:00:00-04:00,847.5,862.5,825.0,832.5,520,0.0,0.0
2015-03-20 00:00:00-04:00,840.0,847.5,795.0,832.5,834,0.0,0.0
2015-03-23 00:00:00-04:00,825.0,825.0,802.5,802.5,337,0.0,0.0
2015-03-24 00:00:00-04:00,817.5,832.5,795.0,817.5,387,0.0,0.0
2015-03-25 00:00:00-04:00,817.5,817.5,757.5,772.5,860,0.0,0.0
2015-03-26 00:00:00-04:00,772.5,795.0,697.5,795.0,1163,0.0,0.0
2015-03-27 00:00:00-04:00,780.0,787.5,750.0,765.0,288,0.0,0.0
2015-03-30 00:00:00-04:00,772.5,780.0,750.0,780.0,319,0.0,0.0
2015-03-31 00:00:00-04:00,772.5,787.5,765.0,787.5,215,0.0,0.0
2015-04-01 00:00:00-04:00,795.0,795.0,772.5,780.0,436,0.0,0.0
2015-04-02 00:00:00-04:00,772.5,802.5,765.0,787.5,377,0.0,0.0
2015-04-06 00:00:00-04:00,772.5,780.0,720.0,735.0,1162,0.0,0.0
2015-04-07 00:00:00-04:00,757.5,780.0,750.0,750.0,575,0.0,0.0
2015-04-08 00:00:00-04:00,757.5,780.0,750.0,765.0,271,0.0,0.0
2015-04-09 00:00:00-04:00,765.0,765.0,735.0,750.0,464,0.0,0.0
2015-04-10 00:00:00-04:00,750.0,750.0,727.5,742.5,370,0.0,0.0
2015-04-13 00:00:00-04:00,750.0,750.0,727.5,750.0,310,0.0,0.0
2015-04-14 00:00:00-04:00,750.0,750.0,735.0,735.0,265,0.0,0.0
2015-04-15 00:00:00-04:00,735.0,735.0,712.5,712.5,607,0.0,0.0
2015-04-16 00:00:00-04:00,712.5,735.0,705.0,712.5,344,0.0,0.0
2015-04-17 00:00:00-04:00,720.0,720.0,675.0,697.5,478,0.0,0.0
2015-04-20 00:00:00-04:00,675.0,705.0,645.0,667.5,834,0.0,0.0
2015-04-21 00:00:00-04:00,645.0,660.0,585.0,607.5,1494,0.0,0.0
2015-04-22 00:00:00-04:00,637.5,667.5,592.5,660.0,478,0.0,0.0
2015-04-23 00:00:00-04:00,660.0,682.5,652.5,675.0,353,0.0,0.0
2015-04-24 00:00:00-04:00,697.5,780.0,682.5,780.0,2398,0.0,0.0
2015-04-27 00:00:00-04:00,787.5,817.5,712.5,720.0,1087,0.0,0.0
2015-04-28 00:00:00-04:00,727.5,750.0,720.0,742.5,375,0.0,0.0
2015-04-29 00:00:00-04:00,742.5,772.5,742.5,765.0,309,0.0,0.0
2015-04-30 00:00:00-04:00,750.0,772.5,735.0,742.5,284,0.0,0.0
2015-05-01 00:00:00-04:00,772.5,772.5,735.0,742.5,395,0.0,0.0
2015-05-04 00:00:00-04:00,750.0,765.0,750.0,757.5,119,0.0,0.0
2015-05-05 00:00:00-04:00,742.5,772.5,735.0,772.5,392,0.0,0.0
2015-05-06 00:00:00-04:00,705.0,735.0,675.0,727.5,1258,0.0,0.0
2015-05-07 00:00:00-04:00,697.5,750.0,675.0,750.0,721,0.0,0.0
2015-05-08 00:00:00-04:00,720.0,735.0,705.0,735.0,187,0.0,0.0
2015-05-11 00:00:00-04:00,757.5,757.5,682.5,690.0,316,0.0,0.0
2015-05-12 00:00:00-04:00,690.0,750.0,690.0,750.0,132,0.0,0.0
2015-05-13 00:00:00-04:00,727.5,735.0,675.0,682.5,696,0.0,0.0
2015-05-14 00:00:00-04:00,675.0,682.5,652.5,652.5,1078,0.0,0.0
2015-05-15 00:00:00-04:00,690.0,690.0,622.5,630.0,1407,0.0,0.0
2015-05-18 00:00:00-04:00,637.5,645.0,592.5,622.5,1601,0.0,0.0
2015-05-19 00:00:00-04:00,607.5,622.5,585.0,600.0,993,0.0,0.0
2015-05-20 00:00:00-04:00,607.5,637.5,600.0,615.0,312,0.0,0.0
2015-05-21 00:00:00-04:00,615.0,667.5,585.0,592.5,568,0.0,0.0
2015-05-22 00:00:00-04:00,525.0,570.0,510.0,562.5,8371,0.0,0.0
2015-05-26 00:00:00-04:00,525.0,562.5,525.0,540.0,783,0.0,0.0
2015-05-27 00:00:00-04:00,540.0,555.0,532.5,540.0,523,0.0,0.0
2015-05-28 00:00:00-04:00,532.5,547.5,532.5,547.5,469,0.0,0.0
2015-05-29 00:00:00-04:00,562.5,562.5,532.5,555.0,491,0.0,0.0
2015-06-01 00:00:00-04:00,562.5,585.0,547.5,562.5,476,0.0,0.0
2015-06-02 00:00:00-04:00,570.0,570.0,540.0,562.5,536,0.0,0.0
2015-06-03 00:00:00-04:00,562.5,562.5,555.0,555.0,617,0.0,0.0
2015-06-04 00:00:00-04:00,540.0,562.5,540.0,547.5,814,0.0,0.0
2015-06-05 00:00:00-04:00,547.5,562.5,532.5,532.5,556,0.0,0.0
2015-06-08 00:00:00-04:00,547.5,570.0,547.5,562.5,801,0.0,0.0
2015-06-09 00:00:00-04:00,585.0,585.0,555.0,577.5,635,0.0,0.0
2015-06-10 00:00:00-04:00,592.5,592.5,555.0,562.5,625,0.0,0.0
2015-06-11 00:00:00-04:00,562.5,570.0,555.0,570.0,240,0.0,0.0
2015-06-12 00:00:00-04:00,570.0,570.0,555.0,562.5,424,0.0,0.0
2015-06-15 00:00:00-04:00,562.5,562.5,555.0,562.5,450,0.0,0.0
2015-06-16 00:00:00-04:00,562.5,562.5,547.5,562.5,564,0.0,0.0
2015-06-17 00:00:00-04:00,555.0,555.0,532.5,547.5,574,0.0,0.0
2015-06-18 00:00:00-04:00,540.0,555.0,540.0,547.5,385,0.0,0.0
2015-06-19 00:00:00-04:00,555.0,555.0,495.0,495.0,1099,0.0,0.0
2015-06-22 00:00:00-04:00,487.5,502.5,442.5,495.0,2872,0.0,0.0
2015-06-23 00:00:00-04:00,495.0,495.0,457.5,465.0,504,0.0,0.0
2015-06-24 00:00:00-04:00,495.0,495.0,465.0,465.0,393,0.0,0.0
2015-06-25 00:00:00-04:00,487.5,487.5,465.0,465.0,437,0.0,0.0
2015-06-26 00:00:00-04:00,472.5,480.0,442.5,442.5,576,0.0,0.0
2015-06-29 00:00:00-04:00,480.0,517.5,465.0,487.5,1575,0.0,0.0
2015-06-30 00:00:00-04:00,487.5,502.5,472.5,495.0,885,0.0,0.0
2015-07-01 00:00:00-04:00,510.0,532.5,495.0,517.5,693,0.0,0.0
2015-07-02 00:00:00-04:00,525.0,555.0,495.0,495.0,1114,0.0,0.0
2015-07-06 00:00:00-04:00,510.0,532.5,487.5,487.5,598,0.0,0.0
2015-07-07 00:00:00-04:00,502.5,502.5,465.0,465.0,464,0.0,0.0
2015-07-08 00:00:00-04:00,465.0,480.0,465.0,472.5,206,0.0,0.0
2015-07-09 00:00:00-04:00,480.0,480.0,472.5,472.5,450,0.0,0.0
2015-07-10 00:00:00-04:00,480.0,510.0,480.0,502.5,613,0.0,0.0
2015-07-13 00:00:00-04:00,502.5,532.5,495.0,532.5,1219,0.0,0.0
2015-07-14 00:00:00-04:00,525.0,540.0,502.5,525.0,587,0.0,0.0
2015-07-15 00:00:00-04:00,517.5,540.0,502.5,502.5,753,0.0,0.0
2015-07-16 00:00:00-04:00,502.5,525.0,487.5,487.5,363,0.0,0.0
2015-07-17 00:00:00-04:00,480.0,525.0,480.0,495.0,690,0.0,0.0
2015-07-20 00:00:00-04:00,495.0,517.5,450.0,472.5,1111,0.0,0.0
2015-07-21 00:00:00-04:00,472.5,480.0,450.0,457.5,790,0.0,0.0
2015-07-22 00:00:00-04:00,465.0,487.5,442.5,442.5,1526,0.0,0.0
2015-07-23 00:00:00-04:00,450.0,457.5,420.0,442.5,1209,0.0,0.0
2015-07-24 00:00:00-04:00,435.0,435.0,397.5,405.0,1414,0.0,0.0
2015-07-27 00:00:00-04:00,412.5,427.5,397.5,420.0,865,0.0,0.0
2015-07-28 00:00:00-04:00,435.0,495.0,435.0,480.0,1344,0.0,0.0
2015-07-29 00:00:00-04:00,495.0,510.0,487.5,487.5,701,0.0,0.0
2015-07-30 00:00:00-04:00,487.5,510.0,457.5,465.0,425,0.0,0.0
2015-07-31 00:00:00-04:00,442.5,487.5,442.5,472.5,164,0.0,0.0
2015-08-03 00:00:00-04:00,487.5,495.0,435.0,442.5,598,0.0,0.0
2015-08-04 00:00:00-04:00,450.0,472.5,435.0,435.0,218,0.0,0.0
2015-08-05 00:00:00-04:00,450.0,472.5,427.5,427.5,322,0.0,0.0
2015-08-06 00:00:00-04:00,442.5,465.0,427.5,427.5,351,0.0,0.0
2015-08-07 00:00:00-04:00,442.5,457.5,435.0,442.5,356,0.0,0.0
2015-08-10 00:00:00-04:00,465.0,465.0,427.5,427.5,345,0.0,0.0
2015-08-11 00:00:00-04:00,442.5,465.0,435.0,442.5,247,0.0,0.0
2015-08-12 00:00:00-04:00,442.5,442.5,412.5,412.5,828,0.0,0.0
2015-08-13 00:00:00-04:00,412.5,435.0,412.5,412.5,779,0.0,0.0
2015-08-14 00:00:00-04:00,420.0,427.5,397.5,427.5,537,0.0,0.0
2015-08-17 00:00:00-04:00,412.5,427.5,412.5,427.5,196,0.0,0.0
2015-08-18 00:00:00-04:00,427.5,450.0,420.0,420.0,353,0.0,0.0
2015-08-19 00:00:00-04:00,427.5,442.5,405.0,412.5,280,0.0,0.0
2015-08-20 00:00:00-04:00,420.0,435.0,397.5,397.5,355,0.0,0.0
2015-08-21 00:00:00-04:00,412.5,412.5,397.5,405.0,456,0.0,0.0
2015-08-24 00:00:00-04:00,397.5,412.5,375.0,397.5,580,0.0,0.0
2015-08-25 00:00:00-04:00,412.5,412.5,367.5,375.0,1213,0.0,0.0
2015-08-26 00:00:00-04:00,375.0,390.0,360.0,367.5,492,0.0,0.0
2015-08-27 00:00:00-04:00,382.5,405.0,375.0,390.0,616,0.0,0.0
2015-08-28 00:00:00-04:00,412.5,420.0,390.0,405.0,352,0.0,0.0
2015-08-31 00:00:00-04:00,405.0,420.0,405.0,420.0,381,0.0,0.0
2015-09-01 00:00:00-04:00,412.5,427.5,397.5,405.0,391,0.0,0.0
2015-09-02 00:00:00-04:00,412.5,420.0,397.5,397.5,276,0.0,0.0
2015-09-03 00:00:00-04:00,397.5,420.0,390.0,390.0,280,0.0,0.0
2015-09-04 00:00:00-04:00,405.0,405.0,390.0,405.0,354,0.0,0.0
2015-09-08 00:00:00-04:00,412.5,420.0,405.0,412.5,166,0.0,0.0
2015-09-09 00:00:00-04:00,420.0,510.0,405.0,495.0,1228,0.0,0.0
2015-09-10 00:00:00-04:00,495.0,502.5,457.5,495.0,688,0.0,0.0
2015-09-11 00:00:00-04:00,502.5,502.5,465.0,480.0,202,0.0,0.0
2015-09-14 00:00:00-04:00,472.5,487.5,465.0,480.0,119,0.0,0.0
2015-09-15 00:00:00-04:00,480.0,495.0,465.0,487.5,253,0.0,0.0
2015-09-16 00:00:00-04:00,487.5,495.0,472.5,495.0,253,0.0,0.0
2015-09-17 00:00:00-04:00,495.0,510.0,472.5,495.0,451,0.0,0.0
2015-09-18 00:00:00-04:00,487.5,540.0,487.5,540.0,919,0.0,0.0
2015-09-21 00:00:00-04:00,547.5,600.0,540.0,592.5,2151,0.0,0.0
2015-09-22 00:00:00-04:00,592.5,592.5,517.5,555.0,1115,0.0,0.0
2015-09-23 00:00:00-04:00,562.5,585.0,525.0,555.0,527,0.0,0.0
2015-09-24 00:00:00-04:00,547.5,547.5,502.5,525.0,645,0.0,0.0
2015-09-25 00:00:00-04:00,540.0,540.0,495.0,510.0,824,0.0,0.0
2015-09-28 00:00:00-04:00,502.5,502.5,472.5,480.0,491,0.0,0.0
2015-09-29 00:00:00-04:00,472.5,472.5,427.5,427.5,383,0.0,0.0
2015-09-30 00:00:00-04:00,435.0,480.0,427.5,450.0,247,0.0,0.0
2015-10-01 00:00:00-04:00,457.5,480.0,427.5,442.5,430,0.0,0.0
2015-10-02 00:00:00-04:00,420.0,480.0,420.0,480.0,478,0.0,0.0
2015-10-05 00:00:00-04:00,510.0,540.0,487.5,525.0,613,0.0,0.0
2015-10-06 00:00:00-04:00,532.5,532.5,487.5,510.0,409,0.0,0.0
2015-10-07 00:00:00-04:00,502.5,540.0,472.5,532.5,646,0.0,0.0
2015-10-08 00:00:00-04:00,517.5,562.5,517.5,555.0,608,0.0,0.0
2015-10-09 00:00:00-04:00,555.0,555.0,525.0,540.0,227,0.0,0.0
2015-10-12 00:00:00-04:00,532.5,540.0,495.0,510.0,320,0.0,0.0
2015-10-13 00:00:00-04:00,517.5,532.5,510.0,532.5,323,0.0,0.0
2015-10-14 00:00:00-04:00,540.0,555.0,495.0,532.5,440,0.0,0.0
2015-10-15 00:00:00-04:00,532.5,547.5,517.5,547.5,245,0.0,0.0
2015-10-16 00:00:00-04:00,547.5,562.5,532.5,540.0,396,0.0,0.0
2015-10-19 00:00:00-04:00,547.5,562.5,532.5,555.0,473,0.0,0.0
2015-10-20 00:00:00-04:00,562.5,562.5,517.5,525.0,680,0.0,0.0
2015-10-21 00:00:00-04:00,532.5,547.5,517.5,525.0,926,0.0,0.0
2015-10-22 00:00:00-04:00,532.5,547.5,502.5,502.5,525,0.0,0.0
2015-10-23 00:00:00-04:00,442.5,472.5,390.0,405.0,5756,0.0,0.0
2015-10-26 00:00:00-04:00,450.0,450.0,390.0,405.0,1896,0.0,0.0
2015-10-27 00:00:00-04:00,412.5,412.5,382.5,390.0,1126,0.0,0.0
2015-10-28 00:00:00-04:00,390.0,405.0,382.5,397.5,1329,0.0,0.0
2015-10-29 00:00:00-04:00,397.5,450.0,397.5,405.0,639,0.0,0.0
2015-10-30 00:00:00-04:00,427.5,435.0,397.5,397.5,627,0.0,0.0
2015-11-02 00:00:00-05:00,420.0,420.0,382.5,397.5,1188,0.0,0.0
2015-11-03 00:00:00-05:00,397.5,405.0,390.0,397.5,482,0.0,0.0
2015-11-04 00:00:00-05:00,397.5,412.5,382.5,405.0,1452,0.0,0.0
2015-11-05 00:00:00-05:00,405.0,405.0,390.0,405.0,1415,0.0,0.0
2015-11-06 00:00:00-05:00,405.0,420.0,390.0,390.0,1171,0.0,0.0
2015-11-09 00:00:00-05:00,397.5,397.5,382.5,382.5,984,0.0,0.0
2015-11-10 00:00:00-05:00,382.5,390.0,360.0,360.0,1527,0.0,0.0
2015-11-11 00:00:00-05:00,367.5,375.0,360.0,360.0,544,0.0,0.0
2015-11-12 00:00:00-05:00,367.5,375.0,367.5,375.0,696,0.0,0.0
2015-11-13 00:00:00-05:00,382.5,382.5,360.0,367.5,1301,0.0,0.0
2015-11-16 00:00:00-05:00,367.5,375.0,345.0,360.0,1217,0.0,0.0
2015-11-17 00:00:00-05:00,352.5,367.5,352.5,360.0,903,0.0,0.0
2015-11-18 00:00:00-05:00,360.0,367.5,352.5,360.0,323,0.0,0.0
2015-11-19 00:00:00-05:00,375.0,382.5,360.0,360.0,2022,0.0,0.0
2015-11-20 00:00:00-05:00,375.0,375.0,360.0,360.0,431,0.0,0.0
2015-11-23 00:00:00-05:00,352.5,360.0,345.0,352.5,641,0.0,0.0
2015-11-24 00:00:00-05:00,352.5,375.0,352.5,360.0,505,0.0,0.0
2015-11-25 00:00:00-05:00,352.5,390.0,352.5,367.5,381,0.0,0.0
2015-11-27 00:00:00-05:00,367.5,367.5,352.5,352.5,522,0.0,0.0
2015-11-30 00:00:00-05:00,352.5,367.5,352.5,352.5,563,0.0,0.0
2015-12-01 00:00:00-05:00,360.0,360.0,345.0,345.0,508,0.0,0.0
2015-12-02 00:00:00-05:00,352.5,352.5,337.5,337.5,542,0.0,0.0
2015-12-03 00:00:00-05:00,345.0,345.0,300.0,315.0,1653,0.0,0.0
2015-12-04 00:00:00-05:00,307.5,322.5,300.0,315.0,667,0.0,0.0
2015-12-07 00:00:00-05:00,322.5,330.0,300.0,307.5,563,0.0,0.0
2015-12-08 00:00:00-05:00,307.5,352.5,307.5,345.0,555,0.0,0.0
2015-12-09 00:00:00-05:00,337.5,352.5,330.0,330.0,506,0.0,0.0
2015-12-10 00:00:00-05:00,330.0,337.5,322.5,330.0,375,0.0,0.0
2015-12-11 00:00:00-05:00,322.5,330.0,307.5,307.5,555,0.0,0.0
2015-12-14 00:00:00-05:00,322.5,330.0,307.5,307.5,704,0.0,0.0
2015-12-15 00:00:00-05:00,307.5,352.5,307.5,315.0,1658,0.0,0.0
2015-12-16 00:00:00-05:00,315.0,315.0,307.5,315.0,518,0.0,0.0
2015-12-17 00:00:00-05:00,337.5,337.5,315.0,322.5,413,0.0,0.0
2015-12-18 00:00:00-05:00,315.0,322.5,307.5,307.5,1230,0.0,0.0
2015-12-21 00:00:00-05:00,307.5,315.0,292.5,300.0,1118,0.0,0.0
2015-12-22 00:00:00-05:00,307.5,307.5,277.5,285.0,1185,0.0,0.0
2015-12-23 00:00:00-05:00,285.0,300.0,277.5,292.5,907,0.0,0.0
2015-12-24 00:00:00-05:00,300.0,300.0,285.0,292.5,288,0.0,0.0
2015-12-28 00:00:00-05:00,285.0,292.5,285.0,285.0,999,0.0,0.0
2015-12-29 00:00:00-05:00,277.5,285.0,270.0,277.5,1710,0.0,0.0
2015-12-30 00:00:00-05:00,277.5,285.0,270.0,277.5,1167,0.0,0.0
2015-12-31 00:00:00-05:00,277.5,292.5,277.5,277.5,1387,0.0,0.0
2016-01-04 00:00:00-05:00,277.5,322.5,270.0,300.0,1124,0.0,0.0
2016-01-05 00:00:00-05:00,307.5,345.0,300.0,315.0,1608,0.0,0.0
2016-01-06 00:00:00-05:00,337.5,367.5,330.0,345.0,2305,0.0,0.0
2016-01-07 00:00:00-05:00,345.0,345.0,307.5,315.0,970,0.0,0.0
2016-01-08 00:00:00-05:00,315.0,315.0,277.5,285.0,1481,0.0,0.0
2016-01-11 00:00:00-05:00,292.5,300.0,277.5,285.0,738,0.0,0.0
2016-01-12 00:00:00-05:00,300.0,300.0,285.0,285.0,537,0.0,0.0
2016-01-13 00:00:00-05:00,292.5,292.5,277.5,277.5,976,0.0,0.0
2016-01-14 00:00:00-05:00,277.5,300.0,270.0,300.0,1015,0.0,0.0
2016-01-15 00:00:00-05:00,307.5,352.5,292.5,322.5,1376,0.0,0.0
2016-01-19 00:00:00-05:00,337.5,367.5,337.5,352.5,1092,0.0,0.0
2016-01-20 00:00:00-05:00,352.5,352.5,315.0,330.0,605,0.0,0.0
2016-01-21 00:00:00-05:00,337.5,337.5,315.0,337.5,347,0.0,0.0
2016-01-22 00:00:00-05:00,352.5,375.0,337.5,360.0,681,0.0,0.0
2016-01-25 00:00:00-05:00,375.0,412.5,360.0,382.5,1108,0.0,0.0
2016-01-26 00:00:00-05:00,397.5,397.5,360.0,360.0,556,0.0,0.0
2016-01-27 00:00:00-05:00,360.0,382.5,345.0,360.0,681,0.0,0.0
2016-01-28 00:00:00-05:00,360.0,375.0,352.5,360.0,452,0.0,0.0
2016-01-29 00:00:00-05:00,360.0,375.0,345.0,360.0,470,0.0,0.0
2016-02-01 00:00:00-05:00,360.0,375.0,345.0,367.5,452,0.0,0.0
2016-02-02 00:00:00-05:00,375.0,382.5,352.5,367.5,451,0.0,0.0
2016-02-03 00:00:00-05:00,345.0,360.0,345.0,352.5,326,0.0,0.0
2016-02-04 00:00:00-05:00,345.0,360.0,337.5,360.0,565,0.0,0.0
2016-02-05 00:00:00-05:00,345.0,375.0,345.0,345.0,666,0.0,0.0
2016-02-08 00:00:00-05:00,375.0,382.5,352.5,367.5,452,0.0,0.0
2016-02-09 00:00:00-05:00,375.0,382.5,360.0,375.0,214,0.0,0.0
2016-02-10 00:00:00-05:00,382.5,405.0,367.5,390.0,1302,0.0,0.0
2016-02-11 00:00:00-05:00,382.5,390.0,360.0,367.5,522,0.0,0.0
2016-02-12 00:00:00-05:00,375.0,375.0,360.0,360.0,214,0.0,0.0
2016-02-16 00:00:00-05:00,360.0,375.0,360.0,367.5,404,0.0,0.0
2016-02-17 00:00:00-05:00,367.5,390.0,352.5,375.0,976,0.0,0.0
2016-02-18 00:00:00-05:00,375.0,405.0,367.5,390.0,1039,0.0,0.0
2016-02-19 00:00:00-05:00,397.5,427.5,390.0,397.5,1356,0.0,0.0
2016-02-22 00:00:00-05:00,405.0,412.5,382.5,405.0,753,0.0,0.0
2016-02-23 00:00:00-05:00,412.5,472.5,412.5,450.0,2327,0.0,0.0
2016-02-24 00:00:00-05:00,457.5,457.5,412.5,442.5,1433,0.0,0.0
2016-02-25 00:00:00-05:00,450.0,465.0,442.5,450.0,733,0.0,0.0
2016-02-26 00:00:00-05:00,465.0,465.0,427.5,442.5,449,0.0,0.0
2016-02-29 00:00:00-05:00,450.0,450.0,427.5,427.5,368,0.0,0.0
2016-03-01 00:00:00-05:00,427.5,442.5,427.5,435.0,315,0.0,0.0
2016-03-02 00:00:00-05:00,450.0,457.5,442.5,442.5,525,0.0,0.0
2016-03-03 00:00:00-05:00,442.5,457.5,435.0,450.0,558,0.0,0.0
2016-03-04 00:00:00-05:00,465.0,480.0,457.5,472.5,1203,0.0,0.0
2016-03-07 00:00:00-05:00,487.5,495.0,472.5,480.0,1247,0.0,0.0
2016-03-08 00:00:00-05:00,487.5,495.0,375.0,405.0,1428,0.0,0.0
2016-03-09 00:00:00-05:00,412.5,442.5,412.5,420.0,1169,0.0,0.0
2016-03-10 00:00:00-05:00,435.0,435.0,412.5,420.0,585,0.0,0.0
2016-03-11 00:00:00-05:00,427.5,435.0,420.0,427.5,351,0.0,0.0
2016-03-14 00:00:00-04:00,450.0,457.5,435.0,457.5,388,0.0,0.0
2016-03-15 00:00:00-04:00,457.5,465.0,420.0,427.5,550,0.0,0.0
2016-03-16 00:00:00-04:00,427.5,450.0,405.0,412.5,523,0.0,0.0
2016-03-17 00:00:00-04:00,405.0,412.5,390.0,412.5,1026,0.0,0.0
2016-03-18 00:00:00-04:00,420.0,427.5,397.5,397.5,330,0.0,0.0
2016-03-21 00:00:00-04:00,420.0,420.0,397.5,412.5,458,0.0,0.0
2016-03-22 00:00:00-04:00,412.5,420.0,397.5,420.0,227,0.0,0.0
2016-03-23 00:00:00-04:00,420.0,420.0,397.5,420.0,342,0.0,0.0
2016-03-24 00:00:00-04:00,420.0,420.0,405.0,405.0,227,0.0,0.0
2016-03-28 00:00:00-04:00,412.5,412.5,405.0,405.0,162,0.0,0.0
2016-03-29 00:00:00-04:00,412.5,420.0,397.5,405.0,126,0.0,0.0
2016-03-30 00:00:00-04:00,405.0,412.5,397.5,397.5,196,0.0,0.0
2016-03-31 00:00:00-04:00,397.5,405.0,397.5,397.5,260,0.0,0.0
2016-04-01 00:00:00-04:00,405.0,420.0,397.5,397.5,255,0.0,0.0
2016-04-04 00:00:00-04:00,375.0,435.0,375.0,420.0,674,0.0,0.0
2016-04-05 00:00:00-04:00,412.5,435.0,412.5,427.5,286,0.0,0.0
2016-04-06 00:00:00-04:00,435.0,442.5,420.0,420.0,353,0.0,0.0
2016-04-07 00:00:00-04:00,412.5,442.5,412.5,442.5,207,0.0,0.0
2016-04-08 00:00:00-04:00,442.5,450.0,412.5,442.5,378,0.0,0.0
2016-04-11 00:00:00-04:00,450.0,450.0,435.0,435.0,235,0.0,0.0
2016-04-12 00:00:00-04:00,450.0,450.0,412.5,435.0,220,0.0,0.0
2016-04-13 00:00:00-04:00,435.0,435.0,412.5,420.0,764,0.0,0.0
2016-04-14 00:00:00-04:00,427.5,442.5,412.5,427.5,511,0.0,0.0
2016-04-15 00:00:00-04:00,435.0,435.0,420.0,420.0,462,0.0,0.0
2016-04-18 00:00:00-04:00,427.5,427.5,397.5,405.0,668,0.0,0.0
2016-04-19 00:00:00-04:00,412.5,412.5,390.0,397.5,554,0.0,0.0
2016-04-20 00:00:00-04:00,397.5,427.5,397.5,427.5,668,0.0,0.0
2016-04-21 00:00:00-04:00,427.5,427.5,412.5,420.0,270,0.0,0.0
2016-04-22 00:00:00-04:00,427.5,435.0,412.5,420.0,385,0.0,0.0
2016-04-25 00:00:00-04:00,435.0,435.0,412.5,420.0,370,0.0,0.0
2016-04-26 00:00:00-04:00,420.0,435.0,420.0,420.0,299,0.0,0.0
2016-04-27 00:00:00-04:00,427.5,427.5,412.5,427.5,277,0.0,0.0
2016-04-28 00:00:00-04:00,420.0,420.0,412.5,420.0,197,0.0,0.0
2016-04-29 00:00:00-04:00,420.0,420.0,412.5,412.5,225,0.0,0.0
2016-05-02 00:00:00-04:00,412.5,427.5,412.5,412.5,298,0.0,0.0
2016-05-03 00:00:00-04:00,420.0,435.0,420.0,427.5,324,0.0,0.0
2016-05-04 00:00:00-04:00,442.5,442.5,427.5,442.5,557,0.0,0.0
2016-05-05 00:00:00-04:00,442.5,442.5,420.0,420.0,476,0.0,0.0
2016-05-06 00:00:00-04:00,427.5,442.5,412.5,420.0,288,0.0,0.0
2016-05-09 00:00:00-04:00,412.5,435.0,412.5,420.0,191,0.0,0.0
2016-05-10 00:00:00-04:00,420.0,427.5,420.0,427.5,178,0.0,0.0
2016-05-11 00:00:00-04:00,427.5,442.5,420.0,420.0,124,0.0,0.0
2016-05-12 00:00:00-04:00,427.5,435.0,412.5,412.5,498,0.0,0.0
2016-05-13 00:00:00-04:00,420.0,420.0,397.5,405.0,372,0.0,0.0
2016-05-16 00:00:00-04:00,405.0,412.5,397.5,405.0,206,0.0,0.0
2016-05-17 00:00:00-04:00,397.5,405.0,397.5,405.0,315,0.0,0.0
2016-05-18 00:00:00-04:00,397.5,397.5,337.5,367.5,2879,0.0,0.0
2016-05-19 00:00:00-04:00,375.0,375.0,367.5,367.5,589,0.0,0.0
2016-05-20 00:00:00-04:00,367.5,375.0,367.5,375.0,484,0.0,0.0
2016-05-23 00:00:00-04:00,375.0,375.0,367.5,375.0,416,0.0,0.0
2016-05-24 00:00:00-04:00,367.5,375.0,367.5,375.0,154,0.0,0.0
2016-05-25 00:00:00-04:00,375.0,375.0,375.0,375.0,466,0.0,0.0
2016-05-26 00:00:00-04:00,375.0,382.5,375.0,382.5,363,0.0,0.0
2016-05-27 00:00:00-04:00,382.5,390.0,375.0,382.5,364,0.0,0.0
2016-05-31 00:00:00-04:00,382.5,412.5,382.5,405.0,860,0.0,0.0
2016-06-01 00:00:00-04:00,412.5,412.5,390.0,397.5,556,0.0,0.0
2016-06-02 00:00:00-04:00,405.0,405.0,382.5,382.5,433,0.0,0.0
2016-06-03 00:00:00-04:00,397.5,397.5,375.0,375.0,331,0.0,0.0
2016-06-06 00:00:00-04:00,390.0,390.0,390.0,390.0,506,0.0,0.0
2016-06-07 00:00:00-04:00,390.0,390.0,375.0,382.5,228,0.0,0.0
2016-06-08 00:00:00-04:00,382.5,382.5,375.0,382.5,163,0.0,0.0
2016-06-09 00:00:00-04:00,375.0,382.5,360.0,375.0,376,0.0,0.0
2016-06-10 00:00:00-04:00,367.5,367.5,352.5,352.5,311,0.0,0.0
2016-06-13 00:00:00-04:00,360.0,367.5,360.0,360.0,343,0.0,0.0
2016-06-14 00:00:00-04:00,360.0,367.5,352.5,360.0,165,0.0,0.0
2016-06-15 00:00:00-04:00,360.0,367.5,352.5,367.5,141,0.0,0.0
2016-06-16 00:00:00-04:00,367.5,367.5,352.5,352.5,293,0.0,0.0
2016-06-17 00:00:00-04:00,352.5,352.5,345.0,345.0,376,0.0,0.0
2016-06-20 00:00:00-04:00,352.5,360.0,345.0,352.5,98,0.0,0.0
2016-06-21 00:00:00-04:00,360.0,360.0,337.5,345.0,380,0.0,0.0
2016-06-22 00:00:00-04:00,330.0,352.5,330.0,352.5,217,0.0,0.0
2016-06-23 00:00:00-04:00,352.5,352.5,330.0,330.0,537,0.0,0.0
2016-06-24 00:00:00-04:00,330.0,352.5,330.0,352.5,433,0.0,0.0
2016-06-27 00:00:00-04:00,337.5,352.5,337.5,345.0,89,0.0,0.0
2016-06-28 00:00:00-04:00,330.0,352.5,330.0,345.0,367,0.0,0.0
2016-06-29 00:00:00-04:00,337.5,352.5,337.5,345.0,277,0.0,0.0
2016-06-30 00:00:00-04:00,345.0,352.5,337.5,345.0,269,0.0,0.0
2016-07-01 00:00:00-04:00,345.0,352.5,337.5,345.0,517,0.0,0.0
2016-07-05 00:00:00-04:00,345.0,352.5,345.0,352.5,202,0.0,0.0
2016-07-06 00:00:00-04:00,352.5,367.5,352.5,360.0,400,0.0,0.0
2016-07-07 00:00:00-04:00,352.5,360.0,352.5,352.5,203,0.0,0.0
2016-07-08 00:00:00-04:00,352.5,352.5,352.5,352.5,181,0.0,0.0
2016-07-11 00:00:00-04:00,352.5,360.0,352.5,352.5,768,0.0,0.0
2016-07-12 00:00:00-04:00,360.0,367.5,352.5,352.5,371,0.0,0.0
2016-07-13 00:00:00-04:00,360.0,360.0,352.5,360.0,383,0.0,0.0
2016-07-14 00:00:00-04:00,352.5,360.0,345.0,360.0,947,0.0,0.0
2016-07-15 00:00:00-04:00,360.0,360.0,337.5,345.0,238,0.0,0.0
2016-07-18 00:00:00-04:00,352.5,352.5,330.0,345.0,464,0.0,0.0
2016-07-19 00:00:00-04:00,352.5,352.5,337.5,345.0,184,0.0,0.0
2016-07-20 00:00:00-04:00,352.5,352.5,337.5,337.5,135,0.0,0.0
2016-07-21 00:00:00-04:00,352.5,360.0,345.0,360.0,206,0.0,0.0
2016-07-22 00:00:00-04:00,352.5,360.0,345.0,345.0,108,0.0,0.0
2016-07-25 00:00:00-04:00,352.5,360.0,352.5,360.0,182,0.0,0.0
2016-07-26 00:00:00-04:00,360.0,367.5,352.5,352.5,292,0.0,0.0
2016-07-27 00:00:00-04:00,360.0,360.0,352.5,352.5,388,0.0,0.0
2016-07-28 00:00:00-04:00,352.5,360.0,345.0,352.5,413,0.0,0.0
2016-07-29 00:00:00-04:00,352.5,352.5,345.0,345.0,242,0.0,0.0
2016-08-01 00:00:00-04:00,352.5,360.0,345.0,345.0,140,0.0,0.0
2016-08-02 00:00:00-04:00,352.5,352.5,345.0,345.0,184,0.0,0.0
2016-08-03 00:00:00-04:00,352.5,352.5,345.0,352.5,210,0.0,0.0
2016-08-04 00:00:00-04:00,352.5,367.5,352.5,352.5,213,0.0,0.0
2016-08-05 00:00:00-04:00,360.0,367.5,352.5,360.0,352,0.0,0.0
2016-08-08 00:00:00-04:00,367.5,390.0,360.0,390.0,1256,0.0,0.0
2016-08-09 00:00:00-04:00,382.5,382.5,367.5,382.5,661,0.0,0.0
2016-08-10 00:00:00-04:00,382.5,382.5,367.5,367.5,238,0.0,0.0
2016-08-11 00:00:00-04:00,375.0,375.0,367.5,375.0,294,0.0,0.0
2016-08-12 00:00:00-04:00,367.5,382.5,367.5,375.0,831,0.0,0.0
2016-08-15 00:00:00-04:00,375.0,375.0,367.5,375.0,418,0.0,0.0
2016-08-16 00:00:00-04:00,375.0,382.5,375.0,382.5,387,0.0,0.0
2016-08-17 00:00:00-04:00,375.0,375.0,375.0,375.0,169,0.0,0.0
2016-08-18 00:00:00-04:00,375.0,390.0,375.0,382.5,1886,0.0,0.0
2016-08-19 00:00:00-04:00,390.0,397.5,382.5,397.5,990,0.0,0.0
2016-08-22 00:00:00-04:00,397.5,405.0,390.0,397.5,1423,0.0,0.0
2016-08-23 00:00:00-04:00,375.0,382.5,360.0,375.0,1473,0.0,0.0
2016-08-24 00:00:00-04:00,375.0,375.0,367.5,367.5,346,0.0,0.0
2016-08-25 00:00:00-04:00,375.0,375.0,352.5,352.5,640,0.0,0.0
2016-08-26 00:00:00-04:00,360.0,360.0,352.5,360.0,337,0.0,0.0
2016-08-29 00:00:00-04:00,352.5,360.0,352.5,352.5,165,0.0,0.0
2016-08-30 00:00:00-04:00,360.0,360.0,352.5,360.0,381,0.0,0.0
2016-08-31 00:00:00-04:00,352.5,360.0,352.5,352.5,304,0.0,0.0
2016-09-01 00:00:00-04:00,367.5,375.0,352.5,360.0,593,0.0,0.0
2016-09-02 00:00:00-04:00,360.0,360.0,322.5,322.5,2048,0.0,0.0
2016-09-06 00:00:00-04:00,300.0,330.0,247.5,322.5,2987,0.0,0.0
2016-09-07 00:00:00-04:00,322.5,330.0,315.0,315.0,401,0.0,0.0
2016-09-08 00:00:00-04:00,307.5,322.5,307.5,315.0,268,0.0,0.0
2016-09-09 00:00:00-04:00,307.5,307.5,285.0,300.0,1037,0.0,0.0
2016-09-12 00:00:00-04:00,300.0,300.0,285.0,292.5,448,0.0,0.0
2016-09-13 00:00:00-04:00,285.0,292.5,285.0,285.0,460,0.0,0.0
2016-09-14 00:00:00-04:00,292.5,300.0,285.0,300.0,202,0.0,0.0
2016-09-15 00:00:00-04:00,300.0,352.5,285.0,315.0,1314,0.0,0.0
2016-09-16 00:00:00-04:00,307.5,322.5,300.0,315.0,768,0.0,0.0
2016-09-19 00:00:00-04:00,315.0,330.0,307.5,330.0,854,0.0,0.0
2016-09-20 00:00:00-04:00,322.5,322.5,307.5,315.0,419,0.0,0.0
2016-09-21 00:00:00-04:00,315.0,330.0,307.5,330.0,381,0.0,0.0
2016-09-22 00:00:00-04:00,322.5,322.5,307.5,307.5,424,0.0,0.0
2016-09-23 00:00:00-04:00,307.5,322.5,307.5,322.5,361,0.0,0.0
2016-09-26 00:00:00-04:00,330.0,352.5,315.0,330.0,1461,0.0,0.0
2016-09-27 00:00:00-04:00,225.0,255.0,180.0,202.5,11738,0.0,0.0
2016-09-28 00:00:00-04:00,202.5,210.0,202.5,202.5,1957,0.0,0.0
2016-09-29 00:00:00-04:00,202.5,210.0,202.5,210.0,1307,0.0,0.0
2016-09-30 00:00:00-04:00,210.0,240.0,202.5,232.5,1908,0.0,0.0
2016-10-03 00:00:00-04:00,232.5,232.5,210.0,225.0,817,0.0,0.0
2016-10-04 00:00:00-04:00,225.0,225.0,202.5,210.0,815,0.0,0.0
2016-10-05 00:00:00-04:00,210.0,217.5,202.5,210.0,546,0.0,0.0
2016-10-06 00:00:00-04:00,210.0,217.5,202.5,202.5,581,0.0,0.0
2016-10-07 00:00:00-04:00,210.0,210.0,210.0,210.0,368,0.0,0.0
2016-10-10 00:00:00-04:00,210.0,217.5,210.0,210.0,603,0.0,0.0
2016-10-11 00:00:00-04:00,210.0,210.0,187.5,210.0,1550,0.0,0.0
2016-10-12 00:00:00-04:00,210.0,210.0,180.0,180.0,1423,0.0,0.0
2016-10-13 00:00:00-04:00,195.0,195.0,180.0,180.0,913,0.0,0.0
2016-10-14 00:00:00-04:00,180.0,180.0,150.0,165.0,1792,0.0,0.0
2016-10-17 00:00:00-04:00,172.5,172.5,157.5,165.0,574,0.0,0.0
2016-10-18 00:00:00-04:00,165.0,180.0,157.5,157.5,650,0.0,0.0
2016-10-19 00:00:00-04:00,157.5,165.0,150.0,150.0,1291,0.0,0.0
2016-10-20 00:00:00-04:00,150.0,157.5,150.0,157.5,628,0.0,0.0
2016-10-21 00:00:00-04:00,157.5,187.5,157.5,180.0,2372,0.0,0.0
2016-10-24 00:00:00-04:00,187.5,187.5,165.0,165.0,1127,0.0,0.0
2016-10-25 00:00:00-04:00,172.5,180.0,165.0,172.5,401,0.0,0.0
2016-10-26 00:00:00-04:00,172.5,180.0,165.0,172.5,370,0.0,0.0
2016-10-27 00:00:00-04:00,172.5,187.5,165.0,172.5,362,0.0,0.0
2016-10-28 00:00:00-04:00,172.5,180.0,165.0,180.0,527,0.0,0.0
2016-10-31 00:00:00-04:00,172.5,210.0,172.5,210.0,948,0.0,0.0
2016-11-01 00:00:00-04:00,195.0,202.5,195.0,202.5,422,0.0,0.0
2016-11-02 00:00:00-04:00,202.5,210.0,187.5,187.5,418,0.0,0.0
2016-11-03 00:00:00-04:00,195.0,202.5,172.5,180.0,472,0.0,0.0
2016-11-04 00:00:00-04:00,172.5,195.0,172.5,187.5,281,0.0,0.0
2016-11-07 00:00:00-05:00,187.5,202.5,180.0,187.5,313,0.0,0.0
2016-11-08 00:00:00-05:00,187.5,195.0,187.5,195.0,326,0.0,0.0
2016-11-09 00:00:00-05:00,195.0,210.0,187.5,202.5,665,0.0,0.0
2016-11-10 00:00:00-05:00,202.5,225.0,202.5,217.5,698,0.0,0.0
2016-11-11 00:00:00-05:00,217.5,217.5,202.5,217.5,456,0.0,0.0
2016-11-14 00:00:00-05:00,217.5,225.0,210.0,217.5,710,0.0,0.0
2016-11-15 00:00:00-05:00,217.5,217.5,217.5,217.5,491,0.0,0.0
2016-11-16 00:00:00-05:00,217.5,217.5,202.5,210.0,387,0.0,0.0
2016-11-17 00:00:00-05:00,202.5,217.5,202.5,210.0,259,0.0,0.0
2016-11-18 00:00:00-05:00,217.5,217.5,202.5,210.0,294,0.0,0.0
2016-11-21 00:00:00-05:00,210.0,217.5,202.5,210.0,1057,0.0,0.0
2016-11-22 00:00:00-05:00,217.5,217.5,210.0,210.0,601,0.0,0.0
2016-11-23 00:00:00-05:00,210.0,210.0,210.0,210.0,308,0.0,0.0
2016-11-25 00:00:00-05:00,210.0,210.0,202.5,210.0,175,0.0,0.0
2016-11-28 00:00:00-05:00,202.5,210.0,187.5,195.0,777,0.0,0.0
2016-11-29 00:00:00-05:00,187.5,195.0,165.0,165.0,1691,0.0,0.0
2016-11-30 00:00:00-05:00,172.5,172.5,157.5,157.5,1367,0.0,0.0
2016-12-01 00:00:00-05:00,165.0,165.0,127.5,135.0,3821,0.0,0.0
2016-12-02 00:00:00-05:00,90.0,90.0,75.0,82.5,12068,0.0,0.0
2016-12-05 00:00:00-05:00,90.0,90.0,82.5,90.0,8006,0.0,0.0
2016-12-06 00:00:00-05:00,90.0,90.0,82.5,82.5,4126,0.0,0.0
2016-12-07 00:00:00-05:00,90.0,90.0,82.5,90.0,2357,0.0,0.0
2016-12-08 00:00:00-05:00,90.0,105.0,90.0,90.0,9463,0.0,0.0
2016-12-09 00:00:00-05:00,90.0,90.0,82.5,90.0,3617,0.0,0.0
2016-12-12 00:00:00-05:00,82.5,90.0,67.5,75.0,5993,0.0,0.0
2016-12-13 00:00:00-05:00,82.5,82.5,75.0,75.0,3491,0.0,0.0
2016-12-14 00:00:00-05:00,75.0,82.5,75.0,82.5,2074,0.0,0.0
2016-12-15 00:00:00-05:00,75.0,75.0,67.5,67.5,5257,0.0,0.0
2016-12-16 00:00:00-05:00,75.0,75.0,67.5,67.5,3940,0.0,0.0
2016-12-19 00:00:00-05:00,75.0,75.0,67.5,75.0,1524,0.0,0.0
2016-12-20 00:00:00-05:00,67.5,75.0,67.5,67.5,1132,0.0,0.0
2016-12-21 00:00:00-05:00,67.5,75.0,60.0,67.5,2566,0.0,0.0
2016-12-22 00:00:00-05:00,67.5,67.5,67.5,67.5,1334,0.0,0.0
2016-12-23 00:00:00-05:00,67.5,67.5,45.0,60.0,5543,0.0,0.0
2016-12-27 00:00:00-05:00,60.0,67.5,52.5,60.0,2059,0.0,0.0
2016-12-28 00:00:00-05:00,52.5,67.5,52.5,60.0,2190,0.0,0.0
2016-12-29 00:00:00-05:00,60.0,60.0,52.5,52.5,2070,0.0,0.0
2016-12-30 00:00:00-05:00,52.5,60.0,45.0,52.5,5042,0.0,0.0
2017-01-03 00:00:00-05:00,52.5,52.5,52.5,52.5,2685,0.0,0.0
2017-01-04 00:00:00-05:00,52.5,60.0,52.5,60.0,2461,0.0,0.0
2017-01-05 00:00:00-05:00,60.0,67.5,60.0,60.0,2579,0.0,0.0
2017-01-06 00:00:00-05:00,60.0,90.0,60.0,82.5,13802,0.0,0.0
2017-01-09 00:00:00-05:00,82.5,90.0,82.5,82.5,12551,0.0,0.0
2017-01-10 00:00:00-05:00,90.0,127.5,90.0,120.0,22423,0.0,0.0
2017-01-11 00:00:00-05:00,127.5,135.0,90.0,112.5,16253,0.0,0.0
2017-01-12 00:00:00-05:00,112.5,112.5,90.0,90.0,4495,0.0,0.0
2017-01-13 00:00:00-05:00,97.5,105.0,97.5,97.5,3653,0.0,0.0
2017-01-17 00:00:00-05:00,97.5,105.0,90.0,97.5,4116,0.0,0.0
2017-01-18 00:00:00-05:00,90.0,90.0,82.5,90.0,2345,0.0,0.0
2017-01-19 00:00:00-05:00,90.0,90.0,90.0,90.0,2367,0.0,0.0
2017-01-20 00:00:00-05:00,82.5,90.0,82.5,82.5,2430,0.0,0.0
2017-01-23 00:00:00-05:00,82.5,82.5,82.5,82.5,1206,0.0,0.0
2017-01-24 00:00:00-05:00,75.0,82.5,67.5,82.5,2016,0.0,0.0
2017-01-25 00:00:00-05:00,75.0,82.5,75.0,82.5,819,0.0,0.0
2017-01-26 00:00:00-05:00,75.0,82.5,75.0,82.5,1352,0.0,0.0
2017-01-27 00:00:00-05:00,90.0,90.0,82.5,90.0,2824,0.0,0.0
2017-01-30 00:00:00-05:00,97.5,97.5,90.0,90.0,2099,0.0,0.0
2017-01-31 00:00:00-05:00,90.0,90.0,82.5,82.5,1458,0.0,0.0
2017-02-01 00:00:00-05:00,82.5,90.0,82.5,82.5,552,0.0,0.0
2017-02-02 00:00:00-05:00,82.5,90.0,82.5,90.0,1252,0.0,0.0
2017-02-03 00:00:00-05:00,90.0,90.0,82.5,82.5,745,0.0,0.0
2017-02-06 00:00:00-05:00,82.5,90.0,82.5,90.0,969,0.0,0.0
2017-02-07 00:00:00-05:00,90.0,90.0,82.5,90.0,961,0.0,0.0
2017-02-08 00:00:00-05:00,90.0,90.0,82.5,82.5,1060,0.0,0.0
2017-02-09 00:00:00-05:00,82.5,97.5,82.5,90.0,4724,0.0,0.0
2017-02-10 00:00:00-05:00,90.0,97.5,82.5,97.5,2463,0.0,0.0
2017-02-13 00:00:00-05:00,97.5,112.5,97.5,112.5,11137,0.0,0.0
2017-02-14 00:00:00-05:00,112.5,112.5,97.5,97.5,6108,0.0,0.0
2017-02-15 00:00:00-05:00,105.0,105.0,97.5,97.5,2984,0.0,0.0
2017-02-16 00:00:00-05:00,97.5,97.5,90.0,90.0,2690,0.0,0.0
2017-02-17 00:00:00-05:00,82.5,82.5,67.5,75.0,14318,0.0,0.0
2017-02-21 00:00:00-05:00,75.0,82.5,75.0,75.0,3717,0.0,0.0
2017-02-22 00:00:00-05:00,75.0,75.0,67.5,67.5,6185,0.0,0.0
2017-02-23 00:00:00-05:00,67.5,75.0,67.5,75.0,7664,0.0,0.0
2017-02-24 00:00:00-05:00,75.0,75.0,67.5,75.0,1975,0.0,0.0
2017-02-27 00:00:00-05:00,75.0,75.0,67.5,75.0,3231,0.0,0.0
2017-02-28 00:00:00-05:00,82.5,82.5,75.0,75.0,2062,0.0,0.0
2017-03-01 00:00:00-05:00,67.5,75.0,67.5,75.0,2637,0.0,0.0
2017-03-02 00:00:00-05:00,75.0,82.5,75.0,82.5,2938,0.0,0.0
2017-03-03 00:00:00-05:00,82.5,90.0,75.0,82.5,3777,0.0,0.0
2017-03-06 00:00:00-05:00,90.0,90.0,82.5,82.5,8436,0.0,0.0
2017-03-07 00:00:00-05:00,82.5,97.5,82.5,90.0,5644,0.0,0.0
2017-03-08 00:00:00-05:00,90.0,90.0,82.5,82.5,2511,0.0,0.0
2017-03-09 00:00:00-05:00,75.0,75.0,75.0,75.0,5777,0.0,0.0
2017-03-10 00:00:00-05:00,75.0,75.0,75.0,75.0,1497,0.0,0.0
2017-03-13 00:00:00-04:00,75.0,82.5,75.0,75.0,3715,0.0,0.0
2017-03-14 00:00:00-04:00,75.0,75.0,75.0,75.0,3054,0.0,0.0
2017-03-15 00:00:00-04:00,75.0,75.0,67.5,67.5,3658,0.0,0.0
2017-03-16 00:00:00-04:00,75.0,75.0,67.5,67.5,3653,0.0,0.0
2017-03-17 00:00:00-04:00,75.0,75.0,67.5,67.5,3628,0.0,0.0
2017-03-20 00:00:00-04:00,67.5,75.0,67.5,75.0,2491,0.0,0.0
2017-03-21 00:00:00-04:00,67.5,67.5,67.5,67.5,4311,0.0,0.0
2017-03-22 00:00:00-04:00,67.5,67.5,67.5,67.5,5123,0.0,0.0
2017-03-23 00:00:00-04:00,67.5,67.5,60.0,60.0,4070,0.0,0.0
2017-03-24 00:00:00-04:00,67.5,67.5,60.0,60.0,1676,0.0,0.0
2017-03-27 00:00:00-04:00,67.5,67.5,60.0,60.0,2733,0.0,0.0
2017-03-28 00:00:00-04:00,60.0,60.0,60.0,60.0,1688,0.0,0.0
2017-03-29 00:00:00-04:00,60.0,75.0,60.0,67.5,5859,0.0,0.0
2017-03-30 00:00:00-04:00,67.5,75.0,67.5,67.5,1987,0.0,0.0
2017-03-31 00:00:00-04:00,67.5,67.5,67.5,67.5,1616,0.0,0.0
2017-04-03 00:00:00-04:00,67.5,67.5,60.0,60.0,2383,0.0,0.0
2017-04-04 00:00:00-04:00,60.0,60.0,60.0,60.0,5489,0.0,0.0
2017-04-05 00:00:00-04:00,60.0,60.0,60.0,60.0,2073,0.0,0.0
2017-04-06 00:00:00-04:00,60.0,60.0,60.0,60.0,998,0.0,0.0
2017-04-07 00:00:00-04:00,60.0,60.0,60.0,60.0,1892,0.0,0.0
2017-04-10 00:00:00-04:00,60.0,67.5,60.0,67.5,1414,0.0,0.0
2017-04-11 00:00:00-04:00,67.5,67.5,60.0,60.0,1243,0.0,0.0
2017-04-12 00:00:00-04:00,67.5,67.5,60.0,67.5,4001,0.0,0.0
2017-04-13 00:00:00-04:00,75.0,82.5,67.5,75.0,10050,0.0,0.0
2017-04-17 00:00:00-04:00,82.5,82.5,67.5,75.0,4594,0.0,0.0
2017-04-18 00:00:00-04:00,75.0,75.0,67.5,67.5,1976,0.0,0.0
2017-04-19 00:00:00-04:00,75.0,75.0,67.5,67.5,1413,0.0,0.0
2017-04-20 00:00:00-04:00,67.5,75.0,67.5,67.5,1651,0.0,0.0
2017-04-21 00:00:00-04:00,67.5,75.0,67.5,67.5,676,0.0,0.0
2017-04-24 00:00:00-04:00,67.5,75.0,67.5,75.0,3218,0.0,0.0
2017-04-25 00:00:00-04:00,75.0,82.5,75.0,82.5,9915,0.0,0.0
2017-04-26 00:00:00-04:00,90.0,90.0,82.5,82.5,5081,0.0,0.0
2017-04-27 00:00:00-04:00,82.5,82.5,75.0,75.0,2501,0.0,0.0
2017-04-28 00:00:00-04:00,82.5,120.0,82.5,90.0,47059,0.0,0.0
2017-05-01 00:00:00-04:00,82.5,90.0,75.0,90.0,11208,0.0,0.0
2017-05-02 00:00:00-04:00,82.5,90.0,82.5,82.5,7191,0.0,0.0
2017-05-03 00:00:00-04:00,82.5,82.5,82.5,82.5,5580,0.0,0.0
2017-05-04 00:00:00-04:00,82.5,82.5,82.5,82.5,7783,0.0,0.0
2017-05-05 00:00:00-04:00,82.5,82.5,82.5,82.5,4800,0.0,0.0
2017-05-08 00:00:00-04:00,82.5,82.5,82.5,82.5,3732,0.0,0.0
2017-05-09 00:00:00-04:00,82.5,82.5,82.5,82.5,2585,0.0,0.0
2017-05-10 00:00:00-04:00,82.5,82.5,82.5,82.5,2687,0.0,0.0
2017-05-11 00:00:00-04:00,82.5,82.5,82.5,82.5,2943,0.0,0.0
2017-05-12 00:00:00-04:00,82.5,82.5,82.5,82.5,3561,0.0,0.0
2017-05-15 00:00:00-04:00,82.5,82.5,75.0,82.5,2635,0.0,0.0
2017-05-16 00:00:00-04:00,82.5,82.5,75.0,75.0,2282,0.0,0.0
2017-05-17 00:00:00-04:00,82.5,82.5,75.0,82.5,2606,0.0,0.0
2017-05-18 00:00:00-04:00,75.0,82.5,75.0,82.5,2314,0.0,0.0
2017-05-19 00:00:00-04:00,82.5,82.5,82.5,82.5,2867,0.0,0.0
2017-05-22 00:00:00-04:00,82.5,90.0,82.5,90.0,15004,0.0,0.0
2017-05-23 00:00:00-04:00,90.0,90.0,82.5,82.5,7286,0.0,0.0
2017-05-24 00:00:00-04:00,52.5,67.5,45.0,67.5,23349,0.0,0.0
2017-05-25 00:00:00-04:00,67.5,67.5,60.0,67.5,4608,0.0,0.0
2017-05-26 00:00:00-04:00,67.5,67.5,60.0,67.5,3755,0.0,0.0
2017-05-30 00:00:00-04:00,67.5,67.5,60.0,60.0,3490,0.0,0.0
2017-05-31 00:00:00-04:00,60.0,60.0,60.0,60.0,3709,0.0,0.0
2017-06-01 00:00:00-04:00,60.0,60.0,60.0,60.0,3220,0.0,0.0
2017-06-02 00:00:00-04:00,52.5,67.5,52.5,60.0,3160,0.0,0.0
2017-06-05 00:00:00-04:00,67.5,90.0,60.0,75.0,17908,0.0,0.0
2017-06-06 00:00:00-04:00,82.5,82.5,67.5,67.5,9631,0.0,0.0
2017-06-07 00:00:00-04:00,75.0,75.0,67.5,75.0,3103,0.0,0.0
2017-06-08 00:00:00-04:00,82.5,82.5,75.0,75.0,7256,0.0,0.0
2017-06-09 00:00:00-04:00,75.0,82.5,67.5,82.5,5548,0.0,0.0
2017-06-12 00:00:00-04:00,75.0,75.0,67.5,75.0,5067,0.0,0.0
2017-06-13 00:00:00-04:00,60.0,60.0,52.5,60.0,13842,0.0,0.0
2017-06-14 00:00:00-04:00,60.0,60.0,60.0,60.0,6189,0.0,0.0
2017-06-15 00:00:00-04:00,52.5,61.5,52.5,53.70000076293945,8807,0.0,0.04
2017-06-16 00:00:00-04:00,53.70000076293945,54.0,48.599998474121094,48.900001525878906,9127,0.0,0.0
2017-06-19 00:00:00-04:00,48.599998474121094,50.099998474121094,43.79999923706055,50.099998474121094,6893,0.0,0.0
2017-06-20 00:00:00-04:00,49.79999923706055,51.599998474121094,48.29999923706055,51.0,4857,0.0,0.0
2017-06-21 00:00:00-04:00,49.79999923706055,52.20000076293945,48.29999923706055,50.70000076293945,5980,0.0,0.0
2017-06-22 00:00:00-04:00,51.0,55.20000076293945,46.5,52.5,7503,0.0,0.0
2017-06-23 00:00:00-04:00,53.400001525878906,55.20000076293945,50.400001525878906,52.5,4500,0.0,0.0
2017-06-26 00:00:00-04:00,54.599998474121094,60.0,52.5,59.70000076293945,6107,0.0,0.0
2017-06-27 00:00:00-04:00,58.20000076293945,59.099998474121094,55.5,58.79999923706055,3783,0.0,0.0
2017-06-28 00:00:00-04:00,57.599998474121094,58.79999923706055,55.5,56.099998474121094,3927,0.0,0.0
2017-06-29 00:00:00-04:00,57.0,58.5,54.900001525878906,56.099998474121094,2987,0.0,0.0
2017-06-30 00:00:00-04:00,57.0,74.0999984741211,57.0,66.9000015258789,25277,0.0,0.0
2017-07-03 00:00:00-04:00,77.4000015258789,88.5,72.30000305175781,72.30000305175781,26680,0.0,0.0
2017-07-05 00:00:00-04:00,73.5,76.19999694824219,64.5,73.80000305175781,9917,0.0,0.0
2017-07-06 00:00:00-04:00,73.5,73.5,69.30000305175781,71.0999984741211,2463,0.0,0.0
2017-07-07 00:00:00-04:00,70.5,72.0,63.0,67.5,8730,0.0,0.0
2017-07-10 00:00:00-04:00,67.5,74.4000015258789,63.0,69.30000305175781,6077,0.0,0.0
2017-07-11 00:00:00-04:00,67.5,74.4000015258789,67.5,69.0,4570,0.0,0.0
2017-07-12 00:00:00-04:00,69.9000015258789,71.0999984741211,69.0,70.5,1723,0.0,0.0
2017-07-13 00:00:00-04:00,70.5,75.0,68.4000015258789,75.0,2333,0.0,0.0
2017-07-14 00:00:00-04:00,74.4000015258789,74.4000015258789,69.5999984741211,72.0,2720,0.0,0.0
2017-07-17 00:00:00-04:00,72.0,72.30000305175781,70.19999694824219,72.0,1917,0.0,0.0
2017-07-18 00:00:00-04:00,72.30000305175781,74.4000015258789,70.5,73.80000305175781,2383,0.0,0.0
2017-07-19 00:00:00-04:00,72.5999984741211,73.80000305175781,70.80000305175781,73.5,1710,0.0,0.0
2017-07-20 00:00:00-04:00,70.5,74.4000015258789,70.5,72.5999984741211,2747,0.0,0.0
2017-07-21 00:00:00-04:00,72.0,72.0,68.69999694824219,68.69999694824219,2713,0.0,0.0
2017-07-24 00:00:00-04:00,70.5,72.0,68.0999984741211,70.80000305175781,1620,0.0,0.0
2017-07-25 00:00:00-04:00,71.4000015258789,71.4000015258789,66.0,71.0999984741211,2723,0.0,0.0
2017-07-26 00:00:00-04:00,69.9000015258789,69.9000015258789,66.30000305175781,67.5,1523,0.0,0.0
2017-07-27 00:00:00-04:00,67.5,67.80000305175781,65.4000015258789,65.4000015258789,1317,0.0,0.0
2017-07-28 00:00:00-04:00,66.5999984741211,67.80000305175781,62.099998474121094,65.0999984741211,1930,0.0,0.0
2017-07-31 00:00:00-04:00,64.5,66.30000305175781,63.0,64.5,1083,0.0,0.0
2017-08-01 00:00:00-04:00,63.900001525878906,65.4000015258789,63.599998474121094,63.599998474121094,543,0.0,0.0
2017-08-02 00:00:00-04:00,63.900001525878906,65.0999984741211,63.599998474121094,65.0999984741211,1690,0.0,0.0
2017-08-03 00:00:00-04:00,65.69999694824219,70.5,63.29999923706055,70.5,1660,0.0,0.0
2017-08-04 00:00:00-04:00,70.5,71.69999694824219,66.5999984741211,71.0999984741211,1190,0.0,0.0
2017-08-07 00:00:00-04:00,71.0999984741211,72.0,69.0,69.0,2090,0.0,0.0
2017-08-08 00:00:00-04:00,69.0,70.19999694824219,67.80000305175781,68.0999984741211,527,0.0,0.0
2017-08-09 00:00:00-04:00,67.80000305175781,69.0,63.0,67.19999694824219,960,0.0,0.0
2017-08-10 00:00:00-04:00,64.19999694824219,69.0,63.900001525878906,66.5999984741211,923,0.0,0.0
2017-08-11 00:00:00-04:00,67.19999694824219,69.5999984741211,66.9000015258789,69.30000305175781,1713,0.0,0.0
2017-08-14 00:00:00-04:00,105.0,110.69999694824219,84.0,90.0,124623,0.0,0.0
2017-08-15 00:00:00-04:00,84.5999984741211,88.19999694824219,81.0,81.9000015258789,19287,0.0,0.0
2017-08-16 00:00:00-04:00,81.0,84.0,75.5999984741211,84.0,8877,0.0,0.0
2017-08-17 00:00:00-04:00,84.30000305175781,84.9000015258789,77.0999984741211,79.80000305175781,3917,0.0,0.0
2017-08-18 00:00:00-04:00,79.19999694824219,79.19999694824219,69.9000015258789,73.19999694824219,6630,0.0,0.0
2017-08-21 00:00:00-04:00,73.80000305175781,74.69999694824219,67.5,68.69999694824219,5847,0.0,0.0
2017-08-22 00:00:00-04:00,69.0,71.0999984741211,67.19999694824219,68.69999694824219,4493,0.0,0.0
2017-08-23 00:00:00-04:00,60.900001525878906,61.5,57.900001525878906,57.900001525878906,15000,0.0,0.0
2017-08-24 00:00:00-04:00,58.5,58.79999923706055,55.79999923706055,56.099998474121094,7080,0.0,0.0
2017-08-25 00:00:00-04:00,57.900001525878906,58.5,57.0,57.599998474121094,6190,0.0,0.0
2017-08-28 00:00:00-04:00,58.5,58.5,57.599998474121094,57.599998474121094,2003,0.0,0.0
2017-08-29 00:00:00-04:00,57.900001525878906,58.20000076293945,56.400001525878906,57.29999923706055,3103,0.0,0.0
2017-08-30 00:00:00-04:00,57.29999923706055,57.29999923706055,56.099998474121094,56.099998474121094,1270,0.0,0.0
2017-08-31 00:00:00-04:00,56.70000076293945,57.0,54.599998474121094,54.599998474121094,5920,0.0,0.0
2017-09-01 00:00:00-04:00,55.20000076293945,55.5,52.5,54.29999923706055,4423,0.0,0.0
2017-09-05 00:00:00-04:00,54.29999923706055,54.599998474121094,52.5,54.599998474121094,3597,0.0,0.0
2017-09-06 00:00:00-04:00,54.29999923706055,55.5,52.79999923706055,53.400001525878906,1580,0.0,0.0
2017-09-07 00:00:00-04:00,53.400001525878906,54.599998474121094,52.79999923706055,53.099998474121094,2763,0.0,0.0
2017-09-08 00:00:00-04:00,53.099998474121094,54.0,52.5,53.099998474121094,1577,0.0,0.0
2017-09-11 00:00:00-04:00,53.099998474121094,54.29999923706055,49.79999923706055,51.599998474121094,6940,0.0,0.0
2017-09-12 00:00:00-04:00,51.29999923706055,52.79999923706055,48.29999923706055,48.900001525878906,5277,0.0,0.0
2017-09-13 00:00:00-04:00,48.599998474121094,52.5,47.099998474121094,50.400001525878906,3307,0.0,0.0
2017-09-14 00:00:00-04:00,51.900001525878906,53.099998474121094,49.5,50.70000076293945,5180,0.0,0.0
2017-09-15 00:00:00-04:00,50.70000076293945,50.70000076293945,47.70000076293945,47.70000076293945,3083,0.0,0.0
2017-09-18 00:00:00-04:00,48.599998474121094,51.0,48.29999923706055,48.599998474121094,4143,0.0,0.0
2017-09-19 00:00:00-04:00,51.0,51.0,47.70000076293945,48.0,4640,0.0,0.0
2017-09-20 00:00:00-04:00,48.0,50.70000076293945,48.0,49.5,3393,0.0,0.0
2017-09-21 00:00:00-04:00,49.5,50.70000076293945,48.900001525878906,49.5,1260,0.0,0.0
2017-09-22 00:00:00-04:00,49.5,54.0,49.5,51.900001525878906,6987,0.0,0.0
2017-09-25 00:00:00-04:00,52.20000076293945,53.70000076293945,51.599998474121094,51.599998474121094,4207,0.0,0.0
2017-09-26 00:00:00-04:00,52.20000076293945,52.20000076293945,49.79999923706055,50.099998474121094,3523,0.0,0.0
2017-09-27 00:00:00-04:00,51.29999923706055,51.29999923706055,48.0,48.0,3353,0.0,0.0
2017-09-28 00:00:00-04:00,48.599998474121094,49.5,48.0,48.599998474121094,1753,0.0,0.0
2017-09-29 00:00:00-04:00,48.599998474121094,51.0,48.599998474121094,49.79999923706055,2787,0.0,0.0
2017-10-02 00:00:00-04:00,51.0,53.70000076293945,50.400001525878906,53.099998474121094,5833,0.0,0.0
2017-10-03 00:00:00-04:00,53.70000076293945,54.900001525878906,51.0,51.0,8507,0.0,0.0
2017-10-04 00:00:00-04:00,51.0,54.900001525878906,49.5,53.099998474121094,6947,0.0,0.0
2017-10-05 00:00:00-04:00,52.79999923706055,55.20000076293945,50.099998474121094,51.599998474121094,16323,0.0,0.0
2017-10-06 00:00:00-04:00,51.599998474121094,51.599998474121094,49.5,51.29999923706055,3697,0.0,0.0
2017-10-09 00:00:00-04:00,51.0,52.20000076293945,50.099998474121094,50.70000076293945,2733,0.0,0.0
2017-10-10 00:00:00-04:00,60.0,64.19999694824219,54.29999923706055,55.79999923706055,74897,0.0,0.0
2017-10-11 00:00:00-04:00,54.0,55.5,50.400001525878906,55.5,12173,0.0,0.0
2017-10-12 00:00:00-04:00,53.099998474121094,54.0,51.29999923706055,52.79999923706055,5080,0.0,0.0
2017-10-13 00:00:00-04:00,52.5,56.099998474121094,52.5,54.900001525878906,8287,0.0,0.0
2017-10-16 00:00:00-04:00,54.0,55.5,52.5,53.099998474121094,6140,0.0,0.0
2017-10-17 00:00:00-04:00,52.5,53.400001525878906,51.599998474121094,52.5,2647,0.0,0.0
2017-10-18 00:00:00-04:00,52.5,55.5,51.599998474121094,53.70000076293945,6317,0.0,0.0
2017-10-19 00:00:00-04:00,54.0,54.599998474121094,53.099998474121094,54.0,2077,0.0,0.0
2017-10-20 00:00:00-04:00,54.0,57.599998474121094,53.70000076293945,56.099998474121094,12533,0.0,0.0
2017-10-23 00:00:00-04:00,56.400001525878906,59.400001525878906,55.20000076293945,56.099998474121094,12500,0.0,0.0
2017-10-24 00:00:00-04:00,57.0,57.0,51.599998474121094,52.79999923706055,5147,0.0,0.0
2017-10-25 00:00:00-04:00,51.900001525878906,54.29999923706055,51.900001525878906,52.5,3037,0.0,0.0
2017-10-26 00:00:00-04:00,52.5,53.70000076293945,49.5,50.400001525878906,5617,0.0,0.0
2017-10-27 00:00:00-04:00,50.400001525878906,50.400001525878906,48.29999923706055,49.5,4507,0.0,0.0
2017-10-30 00:00:00-04:00,49.5,49.79999923706055,48.0,48.900001525878906,1833,0.0,0.0
2017-10-31 00:00:00-04:00,48.900001525878906,50.400001525878906,48.0,50.099998474121094,2553,0.0,0.0
2017-11-01 00:00:00-04:00,50.099998474121094,52.20000076293945,49.5,50.099998474121094,2247,0.0,0.0
2017-11-02 00:00:00-04:00,52.5,52.5,48.599998474121094,49.20000076293945,2693,0.0,0.0
2017-11-03 00:00:00-04:00,48.599998474121094,51.900001525878906,48.29999923706055,51.29999923706055,1323,0.0,0.0
2017-11-06 00:00:00-05:00,50.099998474121094,51.29999923706055,49.20000076293945,50.099998474121094,2030,0.0,0.0
2017-11-07 00:00:00-05:00,50.400001525878906,51.29999923706055,50.099998474121094,50.70000076293945,1413,0.0,0.0
2017-11-08 00:00:00-05:00,50.70000076293945,51.29999923706055,49.79999923706055,50.099998474121094,2143,0.0,0.0
2017-11-09 00:00:00-05:00,50.400001525878906,52.20000076293945,49.5,50.400001525878906,2180,0.0,0.0
2017-11-10 00:00:00-05:00,51.0,56.400001525878906,51.0,54.599998474121094,11283,0.0,0.0
2017-11-13 00:00:00-05:00,54.0,54.0,51.599998474121094,53.400001525878906,3660,0.0,0.0
2017-11-14 00:00:00-05:00,53.099998474121094,55.5,52.20000076293945,52.5,8993,0.0,0.0
2017-11-15 00:00:00-05:00,53.400001525878906,58.20000076293945,53.400001525878906,55.20000076293945,9567,0.0,0.0
2017-11-16 00:00:00-05:00,55.5,55.5,54.599998474121094,55.5,2397,0.0,0.0
2017-11-17 00:00:00-05:00,54.900001525878906,57.0,54.599998474121094,57.0,4720,0.0,0.0
2017-11-20 00:00:00-05:00,58.20000076293945,61.20000076293945,54.29999923706055,55.5,28417,0.0,0.0
2017-11-21 00:00:00-05:00,55.79999923706055,56.099998474121094,52.5,53.099998474121094,3923,0.0,0.0
2017-11-22 00:00:00-05:00,54.0,56.70000076293945,53.099998474121094,55.20000076293945,4533,0.0,0.0
2017-11-24 00:00:00-05:00,55.5,56.400001525878906,54.0,56.400001525878906,617,0.0,0.0
2017-11-27 00:00:00-05:00,55.79999923706055,56.400001525878906,55.20000076293945,56.099998474121094,2403,0.0,0.0
2017-11-28 00:00:00-05:00,55.79999923706055,55.79999923706055,55.20000076293945,55.20000076293945,3523,0.0,0.0
2017-11-29 00:00:00-05:00,55.79999923706055,55.79999923706055,55.20000076293945,55.5,1767,0.0,0.0
2017-11-30 00:00:00-05:00,55.20000076293945,55.5,55.20000076293945,55.5,3190,0.0,0.0
2017-12-01 00:00:00-05:00,55.5,55.5,51.900001525878906,55.5,3310,0.0,0.0
2017-12-04 00:00:00-05:00,55.5,55.79999923706055,53.099998474121094,54.599998474121094,3417,0.0,0.0
2017-12-05 00:00:00-05:00,53.70000076293945,54.0,52.79999923706055,53.400001525878906,1103,0.0,0.0
2017-12-06 00:00:00-05:00,53.099998474121094,54.599998474121094,51.900001525878906,53.70000076293945,2590,0.0,0.0
2017-12-07 00:00:00-05:00,53.70000076293945,57.29999923706055,52.5,52.79999923706055,10193,0.0,0.0
2017-12-08 00:00:00-05:00,52.5,54.599998474121094,52.5,54.29999923706055,3153,0.0,0.0
2017-12-11 00:00:00-05:00,53.70000076293945,57.0,53.099998474121094,57.0,10503,0.0,0.0
2017-12-12 00:00:00-05:00,57.599998474121094,57.599998474121094,53.099998474121094,53.099998474121094,6227,0.0,0.0
2017-12-13 00:00:00-05:00,53.70000076293945,55.5,53.099998474121094,55.20000076293945,2883,0.0,0.0
2017-12-14 00:00:00-05:00,55.79999923706055,56.099998474121094,54.29999923706055,55.79999923706055,1530,0.0,0.0
2017-12-15 00:00:00-05:00,55.5,55.79999923706055,55.20000076293945,55.20000076293945,2253,0.0,0.0
2017-12-18 00:00:00-05:00,55.5,60.599998474121094,55.20000076293945,59.099998474121094,11860,0.0,0.0
2017-12-19 00:00:00-05:00,59.099998474121094,62.70000076293945,58.5,60.0,12623,0.0,0.0
2017-12-20 00:00:00-05:00,62.099998474121094,62.099998474121094,54.0,55.79999923706055,7177,0.0,0.0
2017-12-21 00:00:00-05:00,55.5,56.099998474121094,53.70000076293945,53.70000076293945,3213,0.0,0.0
2017-12-22 00:00:00-05:00,54.29999923706055,57.0,54.0,56.70000076293945,1867,0.0,0.0
2017-12-26 00:00:00-05:00,56.099998474121094,57.599998474121094,56.099998474121094,56.70000076293945,3337,0.0,0.0
2017-12-27 00:00:00-05:00,56.400001525878906,57.0,55.79999923706055,55.79999923706055,2303,0.0,0.0
2017-12-28 00:00:00-05:00,56.400001525878906,56.400001525878906,55.5,55.5,1953,0.0,0.0
2017-12-29 00:00:00-05:00,55.5,57.29999923706055,54.29999923706055,56.70000076293945,4127,0.0,0.0
2018-01-02 00:00:00-05:00,56.400001525878906,56.400001525878906,55.5,55.79999923706055,2420,0.0,0.0
2018-01-03 00:00:00-05:00,57.900001525878906,63.0,57.0,58.20000076293945,37603,0.0,0.0
2018-01-04 00:00:00-05:00,59.400001525878906,60.0,57.0,59.099998474121094,8993,0.0,0.0
2018-01-05 00:00:00-05:00,57.900001525878906,59.400001525878906,56.400001525878906,58.5,9473,0.0,0.0
2018-01-08 00:00:00-05:00,56.70000076293945,59.400001525878906,56.099998474121094,58.20000076293945,10657,0.0,0.0
2018-01-09 00:00:00-05:00,57.0,59.099998474121094,56.099998474121094,59.099998474121094,4787,0.0,0.0
2018-01-10 00:00:00-05:00,58.5,61.5,57.900001525878906,59.70000076293945,6927,0.0,0.0
2018-01-11 00:00:00-05:00,60.29999923706055,66.9000015258789,58.5,66.30000305175781,19617,0.0,0.0
2018-01-12 00:00:00-05:00,66.0,66.0,63.29999923706055,64.5,8407,0.0,0.0
2018-01-16 00:00:00-05:00,64.5,64.5,60.900001525878906,61.5,7217,0.0,0.0
2018-01-17 00:00:00-05:00,61.79999923706055,61.79999923706055,58.20000076293945,58.5,4690,0.0,0.0
2018-01-18 00:00:00-05:00,59.400001525878906,60.29999923706055,56.099998474121094,56.70000076293945,3583,0.0,0.0
2018-01-19 00:00:00-05:00,57.29999923706055,61.20000076293945,56.70000076293945,58.79999923706055,4223,0.0,0.0
2018-01-22 00:00:00-05:00,60.0,66.0,59.400001525878906,66.0,8770,0.0,0.0
2018-01-23 00:00:00-05:00,66.0,72.0,65.4000015258789,66.5999984741211,8823,0.0,0.0
2018-01-24 00:00:00-05:00,67.5,75.0,66.9000015258789,69.9000015258789,14943,0.0,0.0
2018-01-25 00:00:00-05:00,73.19999694824219,74.69999694824219,63.0,63.29999923706055,25793,0.0,0.0
2018-01-26 00:00:00-05:00,63.599998474121094,69.5999984741211,63.599998474121094,68.0999984741211,7693,0.0,0.0
2018-01-29 00:00:00-05:00,67.5,67.80000305175781,64.5,64.80000305175781,5860,0.0,0.0
2018-01-30 00:00:00-05:00,64.80000305175781,70.5,63.599998474121094,65.4000015258789,13417,0.0,0.0
2018-01-31 00:00:00-05:00,66.0,66.0,63.0,63.0,3953,0.0,0.0
2018-02-01 00:00:00-05:00,63.29999923706055,63.599998474121094,60.0,60.599998474121094,7960,0.0,0.0
2018-02-02 00:00:00-05:00,60.0,61.5,54.599998474121094,57.599998474121094,17090,0.0,0.0
2018-02-05 00:00:00-05:00,56.70000076293945,59.400001525878906,55.5,56.099998474121094,3373,0.0,0.0
2018-02-06 00:00:00-05:00,55.79999923706055,58.5,54.599998474121094,57.29999923706055,3537,0.0,0.0
2018-02-07 00:00:00-05:00,56.70000076293945,56.70000076293945,54.0,54.599998474121094,4167,0.0,0.0
2018-02-08 00:00:00-05:00,55.5,55.79999923706055,52.5,52.5,4593,0.0,0.0
2018-02-09 00:00:00-05:00,53.400001525878906,55.5,45.599998474121094,54.599998474121094,10393,0.0,0.0
2018-02-12 00:00:00-05:00,54.599998474121094,54.900001525878906,51.900001525878906,53.70000076293945,2917,0.0,0.0
2018-02-13 00:00:00-05:00,54.599998474121094,54.599998474121094,51.0,52.5,2347,0.0,0.0
2018-02-14 00:00:00-05:00,52.20000076293945,55.20000076293945,51.0,54.599998474121094,2673,0.0,0.0
2018-02-15 00:00:00-05:00,55.5,55.5,52.5,53.70000076293945,4257,0.0,0.0
2018-02-16 00:00:00-05:00,54.0,54.29999923706055,52.5,53.70000076293945,2957,0.0,0.0
2018-02-20 00:00:00-05:00,54.599998474121094,54.599998474121094,51.900001525878906,52.20000076293945,2703,0.0,0.0
2018-02-21 00:00:00-05:00,52.5,54.599998474121094,52.5,53.400001525878906,2220,0.0,0.0
2018-02-22 00:00:00-05:00,53.099998474121094,55.5,52.79999923706055,54.0,3863,0.0,0.0
2018-02-23 00:00:00-05:00,54.599998474121094,55.5,53.099998474121094,54.0,2293,0.0,0.0
2018-02-26 00:00:00-05:00,54.599998474121094,54.900001525878906,52.79999923706055,54.599998474121094,1187,0.0,0.0
2018-02-27 00:00:00-05:00,54.599998474121094,55.5,53.400001525878906,54.29999923706055,1460,0.0,0.0
2018-02-28 00:00:00-05:00,54.900001525878906,54.900001525878906,52.79999923706055,53.70000076293945,1080,0.0,0.0
2018-03-01 00:00:00-05:00,53.70000076293945,54.900001525878906,52.79999923706055,54.599998474121094,1257,0.0,0.0
2018-03-02 00:00:00-05:00,54.599998474121094,59.400001525878906,54.599998474121094,55.5,4897,0.0,0.0
2018-03-05 00:00:00-05:00,57.0,57.599998474121094,55.79999923706055,55.79999923706055,2007,0.0,0.0
2018-03-06 00:00:00-05:00,57.0,57.0,55.5,55.5,2077,0.0,0.0
2018-03-07 00:00:00-05:00,56.099998474121094,57.29999923706055,55.79999923706055,56.099998474121094,2057,0.0,0.0
2018-03-08 00:00:00-05:00,56.70000076293945,58.20000076293945,56.099998474121094,58.20000076293945,3063,0.0,0.0
2018-03-09 00:00:00-05:00,57.900001525878906,58.20000076293945,56.400001525878906,56.400001525878906,2410,0.0,0.0
2018-03-12 00:00:00-04:00,57.900001525878906,57.900001525878906,55.79999923706055,56.400001525878906,2237,0.0,0.0
2018-03-13 00:00:00-04:00,54.29999923706055,56.099998474121094,53.400001525878906,53.70000076293945,4280,0.0,0.0
2018-03-14 00:00:00-04:00,54.29999923706055,56.099998474121094,54.0,54.0,980,0.0,0.0
2018-03-15 00:00:00-04:00,54.599998474121094,55.79999923706055,54.29999923706055,55.20000076293945,1493,0.0,0.0
2018-03-16 00:00:00-04:00,54.900001525878906,57.0,54.900001525878906,57.0,2253,0.0,0.0
2018-03-19 00:00:00-04:00,57.0,57.0,52.79999923706055,53.099998474121094,12653,0.0,0.0
2018-03-20 00:00:00-04:00,53.400001525878906,53.70000076293945,49.5,49.5,6013,0.0,0.0
2018-03-21 00:00:00-04:00,50.099998474121094,50.70000076293945,45.599998474121094,46.20000076293945,12247,0.0,0.0
2018-03-22 00:00:00-04:00,45.599998474121094,47.099998474121094,45.0,45.0,3903,0.0,0.0
2018-03-23 00:00:00-04:00,45.29999923706055,46.79999923706055,43.79999923706055,45.0,4267,0.0,0.0
2018-03-26 00:00:00-04:00,45.0,45.29999923706055,42.900001525878906,43.5,4670,0.0,0.0
2018-03-27 00:00:00-04:00,43.20000076293945,43.5,39.0,41.400001525878906,8360,0.0,0.0
2018-03-28 00:00:00-04:00,41.099998474121094,42.0,40.5,41.70000076293945,1500,0.0,0.0
2018-03-29 00:00:00-04:00,42.29999923706055,42.900001525878906,42.29999923706055,42.29999923706055,1940,0.0,0.0
2018-04-02 00:00:00-04:00,42.29999923706055,42.29999923706055,40.20000076293945,41.099998474121094,1650,0.0,0.0
2018-04-03 00:00:00-04:00,41.70000076293945,42.29999923706055,40.5,40.79999923706055,6057,0.0,0.0
2018-04-04 00:00:00-04:00,40.79999923706055,41.70000076293945,40.79999923706055,41.70000076293945,3850,0.0,0.0
2018-04-05 00:00:00-04:00,41.70000076293945,41.70000076293945,40.79999923706055,40.79999923706055,2863,0.0,0.0
2018-04-06 00:00:00-04:00,41.099998474121094,42.29999923706055,40.5,42.29999923706055,1903,0.0,0.0
2018-04-09 00:00:00-04:00,42.0,42.0,40.79999923706055,41.099998474121094,2363,0.0,0.0
2018-04-10 00:00:00-04:00,41.70000076293945,50.70000076293945,41.099998474121094,49.20000076293945,8770,0.0,0.0
2018-04-11 00:00:00-04:00,46.79999923706055,51.900001525878906,46.79999923706055,51.0,7600,0.0,0.0
2018-04-12 00:00:00-04:00,51.0,56.400001525878906,50.400001525878906,51.599998474121094,7900,0.0,0.0
2018-04-13 00:00:00-04:00,52.20000076293945,55.20000076293945,51.29999923706055,54.0,4080,0.0,0.0
2018-04-16 00:00:00-04:00,54.900001525878906,55.79999923706055,52.5,54.29999923706055,5560,0.0,0.0
2018-04-17 00:00:00-04:00,56.400001525878906,58.79999923706055,53.400001525878906,58.5,11080,0.0,0.0
2018-04-18 00:00:00-04:00,58.20000076293945,61.79999923706055,54.29999923706055,56.099998474121094,20087,0.0,0.0
2018-04-19 00:00:00-04:00,57.0,57.29999923706055,52.79999923706055,57.0,3597,0.0,0.0
2018-04-20 00:00:00-04:00,56.400001525878906,56.400001525878906,53.400001525878906,54.900001525878906,1260,0.0,0.0
2018-04-23 00:00:00-04:00,55.20000076293945,56.70000076293945,54.599998474121094,55.5,2263,0.0,0.0
2018-04-24 00:00:00-04:00,55.5,56.099998474121094,54.599998474121094,55.79999923706055,1933,0.0,0.0
2018-04-25 00:00:00-04:00,55.5,61.5,55.5,58.20000076293945,5630,0.0,0.0
2018-04-26 00:00:00-04:00,60.0,64.5,58.79999923706055,61.79999923706055,7653,0.0,0.0
2018-04-27 00:00:00-04:00,63.0,72.5999984741211,61.79999923706055,72.30000305175781,17997,0.0,0.0
2018-04-30 00:00:00-04:00,69.0,73.80000305175781,67.5,68.69999694824219,13680,0.0,0.0
2018-05-01 00:00:00-04:00,67.80000305175781,68.4000015258789,60.0,66.9000015258789,9217,0.0,0.0
2018-05-02 00:00:00-04:00,67.19999694824219,71.0999984741211,67.19999694824219,70.5,4923,0.0,0.0
2018-05-03 00:00:00-04:00,73.19999694824219,74.4000015258789,66.30000305175781,67.5,8120,0.0,0.0
2018-05-04 00:00:00-04:00,67.80000305175781,70.5,67.5,70.19999694824219,3697,0.0,0.0
2018-05-07 00:00:00-04:00,70.19999694824219,82.19999694824219,69.5999984741211,82.19999694824219,12937,0.0,0.0
2018-05-08 00:00:00-04:00,84.0,89.4000015258789,75.5999984741211,81.30000305175781,20360,0.0,0.0
2018-05-09 00:00:00-04:00,81.30000305175781,87.5999984741211,80.0999984741211,84.30000305175781,6630,0.0,0.0
2018-05-10 00:00:00-04:00,86.4000015258789,100.5,84.0,87.0,63163,0.0,0.0
2018-05-11 00:00:00-04:00,88.80000305175781,96.0,86.0999984741211,94.80000305175781,15773,0.0,0.0
2018-05-14 00:00:00-04:00,99.0,99.0,88.5,93.5999984741211,12830,0.0,0.0
2018-05-15 00:00:00-04:00,93.0,93.5999984741211,73.80000305175781,85.5,54003,0.0,0.0
2018-05-16 00:00:00-04:00,83.0999984741211,87.5999984741211,80.4000015258789,84.5999984741211,11577,0.0,0.0
2018-05-17 00:00:00-04:00,85.80000305175781,87.0,82.19999694824219,82.19999694824219,8490,0.0,0.0
2018-05-18 00:00:00-04:00,82.5,87.0,81.30000305175781,82.80000305175781,5577,0.0,0.0
2018-05-21 00:00:00-04:00,87.30000305175781,87.5999984741211,82.80000305175781,84.9000015258789,6240,0.0,0.0
2018-05-22 00:00:00-04:00,85.80000305175781,87.0,84.0,85.19999694824219,4613,0.0,0.0
2018-05-23 00:00:00-04:00,84.30000305175781,95.69999694824219,82.5,93.30000305175781,8343,0.0,0.0
2018-05-24 00:00:00-04:00,93.0,95.4000015258789,88.80000305175781,90.0,10940,0.0,0.0
2018-05-25 00:00:00-04:00,89.0999984741211,99.0,83.69999694824219,96.0,15793,0.0,0.0
2018-05-29 00:00:00-04:00,96.0,96.0,84.0,87.9000015258789,13887,0.0,0.0
2018-05-30 00:00:00-04:00,89.0999984741211,94.5,87.30000305175781,91.5,6883,0.0,0.0
2018-05-31 00:00:00-04:00,91.5,93.0,88.80000305175781,90.0,3667,0.0,0.0
2018-06-01 00:00:00-04:00,88.80000305175781,91.5,85.5,89.69999694824219,12747,0.0,0.0
2018-06-04 00:00:00-04:00,91.5,93.0,87.0,91.19999694824219,7703,0.0,0.0
2018-06-05 00:00:00-04:00,91.19999694824219,94.19999694824219,81.0,87.0,13283,0.0,0.0
2018-06-06 00:00:00-04:00,86.4000015258789,89.4000015258789,85.5,85.80000305175781,4113,0.0,0.0
2018-06-07 00:00:00-04:00,87.0,87.5999984741211,83.69999694824219,86.0999984741211,7063,0.0,0.0
2018-06-08 00:00:00-04:00,86.0999984741211,87.5999984741211,83.4000015258789,84.0,4503,0.0,0.0
2018-06-11 00:00:00-04:00,84.0,87.9000015258789,83.0999984741211,83.4000015258789,8597,0.0,0.0
2018-06-12 00:00:00-04:00,83.69999694824219,84.5999984741211,79.5,83.69999694824219,6177,0.0,0.0
2018-06-13 00:00:00-04:00,84.0,89.4000015258789,82.19999694824219,84.5999984741211,5880,0.0,0.0
2018-06-14 00:00:00-04:00,85.5,93.0,85.19999694824219,91.80000305175781,6250,0.0,0.0
2018-06-15 00:00:00-04:00,93.0,102.5999984741211,92.4000015258789,100.5,13903,0.0,0.0
2018-06-18 00:00:00-04:00,108.0,109.80000305175781,96.0,103.5,23453,0.0,0.0
2018-06-19 00:00:00-04:00,103.80000305175781,106.5,103.5,105.0,6460,0.0,0.0
2018-06-20 00:00:00-04:00,105.9000015258789,106.5,96.5999984741211,100.19999694824219,11910,0.0,0.0
2018-06-21 00:00:00-04:00,99.5999984741211,101.69999694824219,90.0,97.80000305175781,10060,0.0,0.0
2018-06-22 00:00:00-04:00,97.5,108.0,92.69999694824219,99.0,12690,0.0,0.0
2018-06-25 00:00:00-04:00,99.0,99.5999984741211,94.5,97.5,4220,0.0,0.0
2018-06-26 00:00:00-04:00,98.0999984741211,98.0999984741211,83.4000015258789,83.69999694824219,21167,0.0,0.0
2018-06-27 00:00:00-04:00,52.5,54.0,41.099998474121094,49.5,106057,0.0,0.0
2018-06-28 00:00:00-04:00,49.5,51.0,30.0,32.70000076293945,91320,0.0,0.0
2018-06-29 00:00:00-04:00,33.29999923706055,34.5,24.899999618530273,27.600000381469727,80423,0.0,0.0
2018-07-02 00:00:00-04:00,28.5,28.5,26.100000381469727,27.0,18323,0.0,0.0
2018-07-03 00:00:00-04:00,28.799999237060547,29.700000762939453,25.5,26.100000381469727,15190,0.0,0.0
2018-07-05 00:00:00-04:00,27.0,27.0,25.200000762939453,26.100000381469727,15440,0.0,0.0
2018-07-06 00:00:00-04:00,26.100000381469727,26.100000381469727,24.899999618530273,25.200000762939453,15443,0.0,0.0
2018-07-09 00:00:00-04:00,26.700000762939453,38.70000076293945,24.899999618530273,36.29999923706055,227083,0.0,0.0
2018-07-10 00:00:00-04:00,34.79999923706055,35.400001525878906,28.5,31.5,78080,0.0,0.0
2018-07-11 00:00:00-04:00,30.899999618530273,32.70000076293945,30.0,32.400001525878906,20120,0.0,0.0
2018-07-12 00:00:00-04:00,32.400001525878906,32.70000076293945,30.600000381469727,31.5,11117,0.0,0.0
2018-07-13 00:00:00-04:00,31.5,32.099998474121094,30.0,31.200000762939453,13343,0.0,0.0
2018-07-16 00:00:00-04:00,29.700000762939453,29.700000762939453,26.399999618530273,27.899999618530273,28843,0.0,0.0
2018-07-17 00:00:00-04:00,27.899999618530273,28.200000762939453,27.0,27.899999618530273,12440,0.0,0.0
2018-07-18 00:00:00-04:00,27.899999618530273,27.899999618530273,26.399999618530273,27.899999618530273,8673,0.0,0.0
2018-07-19 00:00:00-04:00,27.299999237060547,27.899999618530273,26.700000762939453,27.899999618530273,8340,0.0,0.0
2018-07-20 00:00:00-04:00,27.0,27.899999618530273,26.399999618530273,26.399999618530273,16443,0.0,0.0
2018-07-23 00:00:00-04:00,27.0,27.600000381469727,26.399999618530273,26.399999618530273,8160,0.0,0.0
2018-07-24 00:00:00-04:00,27.299999237060547,27.600000381469727,26.399999618530273,26.700000762939453,15370,0.0,0.0
2018-07-25 00:00:00-04:00,27.600000381469727,27.600000381469727,26.700000762939453,27.0,6323,0.0,0.0
2018-07-26 00:00:00-04:00,27.0,27.899999618530273,26.399999618530273,27.299999237060547,5653,0.0,0.0
2018-07-27 00:00:00-04:00,28.5,28.5,26.700000762939453,27.0,8113,0.0,0.0
2018-07-30 00:00:00-04:00,27.600000381469727,28.5,26.700000762939453,27.0,8993,0.0,0.0
2018-07-31 00:00:00-04:00,27.0,27.0,26.700000762939453,26.700000762939453,2853,0.0,0.0
2018-08-01 00:00:00-04:00,27.0,27.0,26.399999618530273,26.399999618530273,4213,0.0,0.0
2018-08-02 00:00:00-04:00,26.700000762939453,26.700000762939453,25.799999237060547,26.399999618530273,3923,0.0,0.0
2018-08-03 00:00:00-04:00,26.399999618530273,26.399999618530273,25.200000762939453,25.5,7757,0.0,0.0
2018-08-06 00:00:00-04:00,26.399999618530273,26.399999618530273,25.200000762939453,26.100000381469727,4577,0.0,0.0
2018-08-07 00:00:00-04:00,25.200000762939453,26.100000381469727,24.600000381469727,24.899999618530273,6373,0.0,0.0
2018-08-08 00:00:00-04:00,24.600000381469727,24.899999618530273,24.600000381469727,24.899999618530273,3187,0.0,0.0
2018-08-09 00:00:00-04:00,24.899999618530273,25.5,24.600000381469727,25.200000762939453,4117,0.0,0.0
2018-08-10 00:00:00-04:00,25.799999237060547,25.799999237060547,24.600000381469727,24.899999618530273,3707,0.0,0.0
2018-08-13 00:00:00-04:00,25.799999237060547,31.5,24.899999618530273,30.600000381469727,63243,0.0,0.0
2018-08-14 00:00:00-04:00,33.0,33.0,27.899999618530273,30.899999618530273,34993,0.0,0.0
2018-08-15 00:00:00-04:00,29.100000381469727,30.899999618530273,27.899999618530273,29.700000762939453,14577,0.0,0.0
2018-08-16 00:00:00-04:00,30.600000381469727,30.899999618530273,29.100000381469727,29.399999618530273,7580,0.0,0.0
2018-08-17 00:00:00-04:00,30.600000381469727,36.0,30.0,35.400001525878906,45730,0.0,0.0
2018-08-20 00:00:00-04:00,37.20000076293945,39.599998474121094,31.799999237060547,35.400001525878906,48637,0.0,0.0
2018-08-21 00:00:00-04:00,35.70000076293945,50.70000076293945,34.20000076293945,48.599998474121094,81747,0.0,0.0
2018-08-22 00:00:00-04:00,49.79999923706055,49.79999923706055,41.099998474121094,45.900001525878906,85013,0.0,0.0
2018-08-23 00:00:00-04:00,45.29999923706055,45.29999923706055,40.79999923706055,41.400001525878906,26010,0.0,0.0
2018-08-24 00:00:00-04:00,41.70000076293945,50.70000076293945,41.400001525878906,46.5,37697,0.0,0.0
2018-08-27 00:00:00-04:00,50.099998474121094,56.70000076293945,45.900001525878906,53.70000076293945,65057,0.0,0.0
2018-08-28 00:00:00-04:00,54.0,73.80000305175781,52.5,67.80000305175781,138413,0.0,0.0
2018-08-29 00:00:00-04:00,69.5999984741211,79.19999694824219,69.0,76.5,91980,0.0,0.0
2018-08-30 00:00:00-04:00,80.69999694824219,91.80000305175781,78.0,88.19999694824219,139457,0.0,0.0
2018-08-31 00:00:00-04:00,82.5,85.5,73.80000305175781,80.4000015258789,69653,0.0,0.0
2018-09-04 00:00:00-04:00,78.5999984741211,87.0,78.0,83.69999694824219,35400,0.0,0.0
2018-09-05 00:00:00-04:00,88.5,91.5,81.0,88.5,42620,0.0,0.0
2018-09-06 00:00:00-04:00,89.69999694824219,133.1999969482422,88.80000305175781,100.19999694824219,240307,0.0,0.0
2018-09-07 00:00:00-04:00,91.80000305175781,112.80000305175781,90.5999984741211,108.30000305175781,89940,0.0,0.0
2018-09-10 00:00:00-04:00,108.9000015258789,119.69999694824219,103.5,116.4000015258789,75867,0.0,0.0
2018-09-11 00:00:00-04:00,117.0,119.69999694824219,105.0,115.80000305175781,73097,0.0,0.0
2018-09-12 00:00:00-04:00,116.4000015258789,122.0999984741211,109.5,111.5999984741211,41087,0.0,0.0
2018-09-13 00:00:00-04:00,111.30000305175781,114.0,90.9000015258789,94.80000305175781,77743,0.0,0.0
2018-09-14 00:00:00-04:00,93.30000305175781,112.5,93.0,107.69999694824219,53937,0.0,0.0
2018-09-17 00:00:00-04:00,106.5,118.5,106.5,115.80000305175781,47340,0.0,0.0
2018-09-18 00:00:00-04:00,116.4000015258789,127.5,111.5999984741211,114.30000305175781,91513,0.0,0.0
2018-09-19 00:00:00-04:00,114.0,119.4000015258789,112.80000305175781,113.4000015258789,21327,0.0,0.0
2018-09-20 00:00:00-04:00,112.5,112.80000305175781,105.30000305175781,106.5,35623,0.0,0.0
2018-09-21 00:00:00-04:00,108.0,114.9000015258789,101.0999984741211,114.9000015258789,51740,0.0,0.0
2018-09-24 00:00:00-04:00,115.5,115.5,111.30000305175781,115.5,24717,0.0,0.0
2018-09-25 00:00:00-04:00,115.5,116.4000015258789,112.5,114.9000015258789,11643,0.0,0.0
2018-09-26 00:00:00-04:00,114.30000305175781,117.5999984741211,113.69999694824219,114.5999984741211,14187,0.0,0.0
2018-09-27 00:00:00-04:00,115.5,129.0,115.5,124.80000305175781,61367,0.0,0.0
2018-09-28 00:00:00-04:00,129.0,132.3000030517578,120.0,121.5,48683,0.0,0.0
2018-10-01 00:00:00-04:00,124.19999694824219,130.5,118.5,127.80000305175781,24313,0.0,0.0
2018-10-02 00:00:00-04:00,123.0,131.6999969482422,123.0,123.5999984741211,21090,0.0,0.0
2018-10-03 00:00:00-04:00,126.30000305175781,126.9000015258789,120.0,122.4000015258789,14903,0.0,0.0
2018-10-04 00:00:00-04:00,123.0,123.9000015258789,108.0,122.0999984741211,22453,0.0,0.0
2018-10-05 00:00:00-04:00,121.5,124.19999694824219,117.0,119.69999694824219,8360,0.0,0.0
2018-10-08 00:00:00-04:00,120.30000305175781,121.5,116.4000015258789,119.69999694824219,6740,0.0,0.0
2018-10-09 00:00:00-04:00,118.5,119.4000015258789,114.0,116.4000015258789,9617,0.0,0.0
2018-10-10 00:00:00-04:00,115.19999694824219,119.4000015258789,99.0,110.69999694824219,26963,0.0,0.0
2018-10-11 00:00:00-04:00,102.5999984741211,111.0,102.5999984741211,102.5999984741211,14847,0.0,0.0
2018-10-12 00:00:00-04:00,106.5,114.0,105.30000305175781,113.0999984741211,10640,0.0,0.0
2018-10-15 00:00:00-04:00,113.4000015258789,117.0,110.0999984741211,110.69999694824219,7790,0.0,0.0
2018-10-16 00:00:00-04:00,111.9000015258789,113.4000015258789,108.0,109.5,6560,0.0,0.0
2018-10-17 00:00:00-04:00,109.80000305175781,117.0,109.80000305175781,114.0,8380,0.0,0.0
2018-10-18 00:00:00-04:00,114.30000305175781,115.5,108.0,111.9000015258789,9573,0.0,0.0
2018-10-19 00:00:00-04:00,114.5999984741211,114.5999984741211,104.0999984741211,105.5999984741211,11263,0.0,0.0
2018-10-22 00:00:00-04:00,107.69999694824219,107.69999694824219,96.0,97.80000305175781,13490,0.0,0.0
2018-10-23 00:00:00-04:00,93.5999984741211,96.9000015258789,78.0,86.0999984741211,34527,0.0,0.0
2018-10-24 00:00:00-04:00,87.5999984741211,90.0,81.0,81.9000015258789,9403,0.0,0.0
2018-10-25 00:00:00-04:00,84.0,89.69999694824219,82.80000305175781,85.5,8417,0.0,0.0
2018-10-26 00:00:00-04:00,84.0,85.5,80.4000015258789,81.9000015258789,10747,0.0,0.0
2018-10-29 00:00:00-04:00,83.0999984741211,87.0,80.4000015258789,82.80000305175781,9377,0.0,0.0
2018-10-30 00:00:00-04:00,84.30000305175781,86.4000015258789,81.0,86.0999984741211,11087,0.0,0.0
2018-10-31 00:00:00-04:00,87.5999984741211,94.80000305175781,86.69999694824219,94.80000305175781,15330,0.0,0.0
2018-11-01 00:00:00-04:00,97.5,105.9000015258789,97.19999694824219,103.5,14387,0.0,0.0
2018-11-02 00:00:00-04:00,105.0,109.19999694824219,99.5999984741211,100.19999694824219,11043,0.0,0.0
2018-11-05 00:00:00-05:00,102.0,104.69999694824219,97.5,99.9000015258789,8900,0.0,0.0
2018-11-06 00:00:00-05:00,101.0999984741211,102.5999984741211,96.0,98.0999984741211,5357,0.0,0.0
2018-11-07 00:00:00-05:00,97.19999694824219,100.5,94.19999694824219,95.0999984741211,4917,0.0,0.0
2018-11-08 00:00:00-05:00,96.0,96.5999984741211,87.0,91.5,11703,0.0,0.0
2018-11-09 00:00:00-05:00,89.69999694824219,90.0,82.80000305175781,84.9000015258789,7717,0.0,0.0
2018-11-12 00:00:00-05:00,87.30000305175781,88.19999694824219,81.30000305175781,83.4000015258789,8280,0.0,0.0
2018-11-13 00:00:00-05:00,85.19999694824219,85.19999694824219,78.5999984741211,80.69999694824219,8450,0.0,0.0
2018-11-14 00:00:00-05:00,83.0999984741211,85.5,79.5,79.5,4843,0.0,0.0
2018-11-15 00:00:00-05:00,81.0,82.80000305175781,79.80000305175781,82.80000305175781,8063,0.0,0.0
2018-11-16 00:00:00-05:00,81.0,92.4000015258789,81.0,90.30000305175781,11200,0.0,0.0
2018-11-19 00:00:00-05:00,90.0,92.0999984741211,84.30000305175781,85.19999694824219,5823,0.0,0.0
2018-11-20 00:00:00-05:00,87.0,90.0,83.0999984741211,84.9000015258789,6287,0.0,0.0
2018-11-21 00:00:00-05:00,87.0,91.5,87.0,90.9000015258789,5613,0.0,0.0
2018-11-23 00:00:00-05:00,93.0,99.5999984741211,93.0,96.5999984741211,6573,0.0,0.0
2018-11-26 00:00:00-05:00,96.5999984741211,97.5,93.0,96.30000305175781,6527,0.0,0.0
2018-11-27 00:00:00-05:00,96.0,96.30000305175781,91.80000305175781,94.5,4417,0.0,0.0
2018-11-28 00:00:00-05:00,93.9000015258789,100.5,93.0,98.4000015258789,6407,0.0,0.0
2018-11-29 00:00:00-05:00,98.69999694824219,101.0999984741211,97.5,98.4000015258789,3907,0.0,0.0
2018-11-30 00:00:00-05:00,97.5,101.0999984741211,97.5,98.4000015258789,5553,0.0,0.0
2018-12-03 00:00:00-05:00,101.0999984741211,105.9000015258789,99.5999984741211,104.4000015258789,10377,0.0,0.0
2018-12-04 00:00:00-05:00,105.0,105.30000305175781,94.19999694824219,96.5999984741211,10097,0.0,0.0
2018-12-06 00:00:00-05:00,95.4000015258789,97.5,93.0,93.0,5580,0.0,0.0
2018-12-07 00:00:00-05:00,93.9000015258789,95.69999694824219,91.80000305175781,92.4000015258789,4630,0.0,0.0
2018-12-10 00:00:00-05:00,94.5,97.5,91.5,94.80000305175781,6960,0.0,0.0
2018-12-11 00:00:00-05:00,98.0999984741211,99.0,95.4000015258789,96.30000305175781,7630,0.0,0.0
2018-12-12 00:00:00-05:00,97.19999694824219,97.19999694824219,96.0,96.30000305175781,3107,0.0,0.0
2018-12-13 00:00:00-05:00,96.30000305175781,96.9000015258789,87.30000305175781,89.0999984741211,7587,0.0,0.0
2018-12-14 00:00:00-05:00,89.69999694824219,93.9000015258789,89.4000015258789,91.5,5120,0.0,0.0
2018-12-17 00:00:00-05:00,92.4000015258789,92.69999694824219,83.69999694824219,84.30000305175781,8287,0.0,0.0
2018-12-18 00:00:00-05:00,85.5,90.0,81.30000305175781,81.30000305175781,6130,0.0,0.0
2018-12-19 00:00:00-05:00,82.19999694824219,85.5,80.69999694824219,82.5,4690,0.0,0.0
2018-12-20 00:00:00-05:00,81.0,84.0,81.0,82.19999694824219,8017,0.0,0.0
2018-12-21 00:00:00-05:00,82.5,86.4000015258789,82.5,85.19999694824219,4700,0.0,0.0
2018-12-24 00:00:00-05:00,86.69999694824219,90.0,85.19999694824219,88.5,4607,0.0,0.0
2018-12-26 00:00:00-05:00,87.9000015258789,92.69999694824219,87.9000015258789,91.80000305175781,4933,0.0,0.0
2018-12-27 00:00:00-05:00,93.0,93.9000015258789,82.80000305175781,85.80000305175781,7407,0.0,0.0
2018-12-28 00:00:00-05:00,90.0,90.5999984741211,85.5,86.69999694824219,6357,0.0,0.0
2018-12-31 00:00:00-05:00,88.5,91.5,84.5999984741211,86.0999984741211,6980,0.0,0.0
2019-01-02 00:00:00-05:00,93.0,93.0,84.9000015258789,86.69999694824219,8677,0.0,0.0
2019-01-03 00:00:00-05:00,87.9000015258789,87.9000015258789,77.69999694824219,78.5999984741211,15147,0.0,0.0
2019-01-04 00:00:00-05:00,86.0999984741211,86.0999984741211,78.0,78.9000015258789,16493,0.0,0.0
2019-01-07 00:00:00-05:00,81.0,81.30000305175781,78.0,80.0999984741211,9493,0.0,0.0
2019-01-08 00:00:00-05:00,81.0,81.0,75.9000015258789,77.4000015258789,8960,0.0,0.0
2019-01-09 00:00:00-05:00,78.30000305175781,80.0999984741211,76.19999694824219,79.19999694824219,5260,0.0,0.0
2019-01-10 00:00:00-05:00,79.19999694824219,83.69999694824219,77.4000015258789,82.19999694824219,6567,0.0,0.0
2019-01-11 00:00:00-05:00,82.5,93.30000305175781,81.0,82.80000305175781,25147,0.0,0.0
2019-01-14 00:00:00-05:00,83.0999984741211,85.19999694824219,78.0,79.80000305175781,16393,0.0,0.0
2019-01-15 00:00:00-05:00,83.69999694824219,91.5,79.80000305175781,88.80000305175781,21003,0.0,0.0
2019-01-16 00:00:00-05:00,90.0,95.69999694824219,87.0,88.5,19327,0.0,0.0
2019-01-17 00:00:00-05:00,88.5,92.0999984741211,86.0999984741211,87.5999984741211,10757,0.0,0.0
2019-01-18 00:00:00-05:00,87.30000305175781,88.5,80.0999984741211,81.5999984741211,17393,0.0,0.0
2019-01-22 00:00:00-05:00,82.5,83.0999984741211,77.0999984741211,80.0999984741211,10420,0.0,0.0
2019-01-23 00:00:00-05:00,78.9000015258789,86.69999694824219,77.4000015258789,82.5,7847,0.0,0.0
2019-01-24 00:00:00-05:00,82.80000305175781,83.69999694824219,80.0999984741211,81.0,3293,0.0,0.0
2019-01-25 00:00:00-05:00,81.30000305175781,84.30000305175781,79.80000305175781,82.5,6823,0.0,0.0
2019-01-28 00:00:00-05:00,83.4000015258789,83.4000015258789,79.5,82.5,5740,0.0,0.0
2019-01-29 00:00:00-05:00,82.5,84.9000015258789,80.4000015258789,82.19999694824219,5130,0.0,0.0
2019-01-30 00:00:00-05:00,81.0,86.69999694824219,80.4000015258789,85.5,8200,0.0,0.0
2019-01-31 00:00:00-05:00,86.4000015258789,90.0,84.0,87.5999984741211,13447,0.0,0.0
2019-02-01 00:00:00-05:00,88.5,90.9000015258789,84.9000015258789,86.4000015258789,8190,0.0,0.0
2019-02-04 00:00:00-05:00,88.19999694824219,88.19999694824219,82.80000305175781,85.80000305175781,5080,0.0,0.0
2019-02-05 00:00:00-05:00,87.30000305175781,90.0,84.9000015258789,86.0999984741211,11060,0.0,0.0
2019-02-06 00:00:00-05:00,87.0,90.0,86.0999984741211,87.5999984741211,5847,0.0,0.0
2019-02-07 00:00:00-05:00,88.19999694824219,88.19999694824219,84.30000305175781,85.19999694824219,6847,0.0,0.0
2019-02-08 00:00:00-05:00,85.5,86.4000015258789,84.5999984741211,84.5999984741211,4407,0.0,0.0
2019-02-11 00:00:00-05:00,85.80000305175781,87.0,84.5999984741211,85.80000305175781,6003,0.0,0.0
2019-02-12 00:00:00-05:00,86.69999694824219,87.0,84.0,84.5999984741211,5190,0.0,0.0
2019-02-13 00:00:00-05:00,85.80000305175781,87.0,83.4000015258789,86.0999984741211,5290,0.0,0.0
2019-02-14 00:00:00-05:00,87.0,87.0,84.30000305175781,85.19999694824219,5283,0.0,0.0
2019-02-15 00:00:00-05:00,87.0,87.9000015258789,82.80000305175781,82.80000305175781,5633,0.0,0.0
2019-02-19 00:00:00-05:00,85.19999694824219,85.19999694824219,81.5999984741211,82.80000305175781,6380,0.0,0.0
2019-02-20 00:00:00-05:00,82.80000305175781,87.0,82.80000305175781,83.0999984741211,8667,0.0,0.0
2019-02-21 00:00:00-05:00,83.69999694824219,86.69999694824219,82.80000305175781,85.19999694824219,5127,0.0,0.0
2019-02-22 00:00:00-05:00,85.19999694824219,88.80000305175781,84.0,86.4000015258789,6757,0.0,0.0
2019-02-25 00:00:00-05:00,87.0,87.0,84.5999984741211,84.9000015258789,5390,0.0,0.0
2019-02-26 00:00:00-05:00,86.69999694824219,87.0,83.0999984741211,83.69999694824219,11087,0.0,0.0
2019-02-27 00:00:00-05:00,86.0999984741211,86.0999984741211,81.5999984741211,81.9000015258789,8343,0.0,0.0
2019-02-28 00:00:00-05:00,85.80000305175781,85.80000305175781,77.4000015258789,79.80000305175781,16147,0.0,0.0
2019-03-01 00:00:00-05:00,78.30000305175781,82.19999694824219,71.0999984741211,81.5999984741211,20747,0.0,0.0
2019-03-04 00:00:00-05:00,81.5999984741211,81.9000015258789,76.5,78.9000015258789,7543,0.0,0.0
2019-03-05 00:00:00-05:00,81.5999984741211,85.5,75.9000015258789,83.69999694824219,11640,0.0,0.0
2019-03-06 00:00:00-05:00,82.80000305175781,85.5,81.9000015258789,85.19999694824219,7270,0.0,0.0
2019-03-07 00:00:00-05:00,84.5999984741211,90.0,82.5,86.69999694824219,12053,0.0,0.0
2019-03-08 00:00:00-05:00,89.0999984741211,89.0999984741211,84.5999984741211,86.0999984741211,3490,0.0,0.0
2019-03-11 00:00:00-04:00,85.5,95.69999694824219,85.19999694824219,86.69999694824219,13400,0.0,0.0
2019-03-12 00:00:00-04:00,90.0,90.0,85.80000305175781,88.5,5873,0.0,0.0
2019-03-13 00:00:00-04:00,87.9000015258789,93.0,87.30000305175781,91.19999694824219,8363,0.0,0.0
2019-03-14 00:00:00-04:00,92.69999694824219,92.69999694824219,91.5,91.80000305175781,7443,0.0,0.0
2019-03-15 00:00:00-04:00,93.0,94.80000305175781,87.0,87.0,8853,0.0,0.0
2019-03-18 00:00:00-04:00,93.5999984741211,93.5999984741211,86.4000015258789,90.5999984741211,8663,0.0,0.0
2019-03-19 00:00:00-04:00,92.0999984741211,94.19999694824219,87.30000305175781,93.30000305175781,7070,0.0,0.0
2019-03-20 00:00:00-04:00,92.4000015258789,99.30000305175781,92.4000015258789,96.30000305175781,15223,0.0,0.0
2019-03-21 00:00:00-04:00,100.19999694824219,101.0999984741211,93.9000015258789,94.80000305175781,8037,0.0,0.0
2019-03-22 00:00:00-04:00,94.80000305175781,95.0999984741211,90.30000305175781,91.19999694824219,9737,0.0,0.0
2019-03-25 00:00:00-04:00,90.5999984741211,94.19999694824219,89.0999984741211,90.5999984741211,11183,0.0,0.0
2019-03-26 00:00:00-04:00,90.30000305175781,94.5,88.80000305175781,91.80000305175781,8060,0.0,0.0
2019-03-27 00:00:00-04:00,90.9000015258789,91.80000305175781,84.30000305175781,89.69999694824219,13187,0.0,0.0
2019-03-28 00:00:00-04:00,90.5999984741211,96.9000015258789,90.0,96.0,15363,0.0,0.0
2019-03-29 00:00:00-04:00,99.0,106.5,98.0999984741211,106.19999694824219,30313,0.0,0.0
2019-04-01 00:00:00-04:00,125.4000015258789,131.6999969482422,114.0,121.80000305175781,71647,0.0,0.0
2019-04-02 00:00:00-04:00,126.0,131.39999389648438,114.0,130.5,30697,0.0,0.0
2019-04-03 00:00:00-04:00,135.0,145.1999969482422,130.8000030517578,138.60000610351562,38723,0.0,0.0
2019-04-04 00:00:00-04:00,141.60000610351562,141.60000610351562,133.5,135.89999389648438,20330,0.0,0.0
2019-04-05 00:00:00-04:00,138.0,169.5,132.60000610351562,165.0,70157,0.0,0.0
2019-04-08 00:00:00-04:00,191.6999969482422,191.6999969482422,166.8000030517578,184.5,111197,0.0,0.0
2019-04-09 00:00:00-04:00,184.5,225.0,180.89999389648438,188.10000610351562,169103,0.0,0.0
2019-04-10 00:00:00-04:00,185.10000610351562,194.10000610351562,165.3000030517578,176.39999389648438,53067,0.0,0.0
2019-04-11 00:00:00-04:00,172.1999969482422,182.6999969482422,166.1999969482422,169.5,22813,0.0,0.0
2019-04-12 00:00:00-04:00,170.6999969482422,183.0,169.1999969482422,172.1999969482422,27277,0.0,0.0
2019-04-15 00:00:00-04:00,175.8000030517578,178.1999969482422,153.89999389648438,160.5,34603,0.0,0.0
2019-04-16 00:00:00-04:00,159.0,180.0,156.0,178.5,21473,0.0,0.0
2019-04-17 00:00:00-04:00,181.8000030517578,184.1999969482422,169.8000030517578,173.39999389648438,31267,0.0,0.0
2019-04-18 00:00:00-04:00,171.0,180.3000030517578,169.5,178.5,18250,0.0,0.0
2019-04-22 00:00:00-04:00,180.60000610351562,195.0,174.0,184.5,28557,0.0,0.0
2019-04-23 00:00:00-04:00,190.5,201.60000610351562,186.60000610351562,198.0,31340,0.0,0.0
2019-04-24 00:00:00-04:00,207.0,211.5,192.0,201.0,48863,0.0,0.0
2019-04-25 00:00:00-04:00,205.5,208.8000030517578,195.60000610351562,208.8000030517578,17437,0.0,0.0
2019-04-26 00:00:00-04:00,198.0,208.5,193.8000030517578,200.39999389648438,21803,0.0,0.0
2019-04-29 00:00:00-04:00,195.89999389648438,207.0,195.89999389648438,204.0,14220,0.0,0.0
2019-04-30 00:00:00-04:00,202.1999969482422,204.0,191.39999389648438,191.39999389648438,18757,0.0,0.0
2019-05-01 00:00:00-04:00,192.60000610351562,202.1999969482422,192.60000610351562,201.3000030517578,9563,0.0,0.0
2019-05-02 00:00:00-04:00,197.6999969482422,202.5,194.39999389648438,198.89999389648438,11397,0.0,0.0
2019-05-03 00:00:00-04:00,198.0,206.6999969482422,197.6999969482422,201.3000030517578,17547,0.0,0.0
2019-05-06 00:00:00-04:00,195.0,207.60000610351562,193.8000030517578,205.8000030517578,12647,0.0,0.0
2019-05-07 00:00:00-04:00,202.8000030517578,217.5,198.89999389648438,214.5,33003,0.0,0.0
2019-05-08 00:00:00-04:00,210.0,245.39999389648438,210.0,237.89999389648438,70480,0.0,0.0
2019-05-09 00:00:00-04:00,240.0,254.10000610351562,232.8000030517578,237.89999389648438,42463,0.0,0.0
2019-05-10 00:00:00-04:00,235.5,250.5,226.5,242.6999969482422,37017,0.0,0.0
2019-05-13 00:00:00-04:00,235.5,240.0,198.89999389648438,228.3000030517578,54940,0.0,0.0
2019-05-14 00:00:00-04:00,239.39999389648438,239.6999969482422,223.5,224.6999969482422,21353,0.0,0.0
2019-05-15 00:00:00-04:00,224.6999969482422,228.0,211.8000030517578,219.3000030517578,16680,0.0,0.0
2019-05-16 00:00:00-04:00,218.39999389648438,218.39999389648438,173.10000610351562,178.1999969482422,76597,0.0,0.0
2019-05-17 00:00:00-04:00,171.89999389648438,176.39999389648438,157.5,163.8000030517578,63830,0.0,0.0
2019-05-20 00:00:00-04:00,161.6999969482422,171.0,156.0,157.5,30867,0.0,0.0
2019-05-21 00:00:00-04:00,157.5,157.5,135.60000610351562,150.60000610351562,66027,0.0,0.0
2019-05-22 00:00:00-04:00,150.0,159.0,144.60000610351562,147.0,30697,0.0,0.0
2019-05-23 00:00:00-04:00,144.3000030517578,145.5,135.3000030517578,137.6999969482422,27493,0.0,0.0
2019-05-24 00:00:00-04:00,135.89999389648438,151.5,135.89999389648438,142.1999969482422,27563,0.0,0.0
2019-05-28 00:00:00-04:00,145.5,145.5,133.8000030517578,134.6999969482422,17603,0.0,0.0
2019-05-29 00:00:00-04:00,134.6999969482422,140.6999969482422,130.5,135.0,25970,0.0,0.0
2019-05-30 00:00:00-04:00,135.89999389648438,139.1999969482422,128.39999389648438,130.5,14343,0.0,0.0
2019-05-31 00:00:00-04:00,130.5,130.5,120.0,120.5999984741211,21057,0.0,0.0
2019-06-03 00:00:00-04:00,119.69999694824219,122.69999694824219,111.0,113.0999984741211,35100,0.0,0.0
2019-06-04 00:00:00-04:00,116.4000015258789,145.5,116.4000015258789,142.8000030517578,62003,0.0,0.0
2019-06-05 00:00:00-04:00,147.89999389648438,148.5,130.1999969482422,132.60000610351562,34740,0.0,0.0
2019-06-06 00:00:00-04:00,131.39999389648438,137.39999389648438,126.9000015258789,135.0,16517,0.0,0.0
2019-06-07 00:00:00-04:00,138.3000030517578,144.0,130.1999969482422,140.6999969482422,22830,0.0,0.0
2019-06-10 00:00:00-04:00,144.89999389648438,185.39999389648438,142.5,171.60000610351562,62363,0.0,0.0
2019-06-11 00:00:00-04:00,175.1999969482422,175.1999969482422,154.5,159.3000030517578,29047,0.0,0.0
2019-06-12 00:00:00-04:00,156.0,159.60000610351562,150.0,150.0,16827,0.0,0.0
2019-06-13 00:00:00-04:00,159.60000610351562,179.6999969482422,151.5,179.6999969482422,32557,0.0,0.0
2019-06-14 00:00:00-04:00,180.0,192.89999389648438,168.3000030517578,174.60000610351562,34200,0.0,0.0
2019-06-17 00:00:00-04:00,176.6999969482422,189.0,175.8000030517578,183.60000610351562,15403,0.0,0.0
2019-06-18 00:00:00-04:00,183.0,197.6999969482422,180.60000610351562,193.1999969482422,28517,0.0,0.0
2019-06-19 00:00:00-04:00,195.3000030517578,198.3000030517578,189.60000610351562,197.39999389648438,16583,0.0,0.0
2019-06-20 00:00:00-04:00,202.5,232.8000030517578,202.5,226.1999969482422,40317,0.0,0.0
2019-06-21 00:00:00-04:00,237.60000610351562,247.1999969482422,219.89999389648438,240.89999389648438,40347,0.0,0.0
2019-06-24 00:00:00-04:00,240.0,268.5,236.6999969482422,260.1000061035156,48880,0.0,0.0
2019-06-25 00:00:00-04:00,261.0,269.70001220703125,210.3000030517578,215.6999969482422,62243,0.0,0.0
2019-06-26 00:00:00-04:00,222.60000610351562,239.6999969482422,219.0,223.1999969482422,33927,0.0,0.0
2019-06-27 00:00:00-04:00,226.1999969482422,236.39999389648438,210.3000030517578,235.5,26000,0.0,0.0
2019-06-28 00:00:00-04:00,235.5,255.3000030517578,231.89999389648438,251.39999389648438,129810,0.0,0.0
2019-07-01 00:00:00-04:00,263.1000061035156,265.20001220703125,251.10000610351562,262.79998779296875,23413,0.0,0.0
2019-07-02 00:00:00-04:00,262.79998779296875,262.79998779296875,232.5,244.5,32170,0.0,0.0
2019-07-03 00:00:00-04:00,239.39999389648438,262.79998779296875,237.60000610351562,259.5,25233,0.0,0.0
2019-07-05 00:00:00-04:00,250.8000030517578,259.20001220703125,247.5,252.60000610351562,14593,0.0,0.0
2019-07-08 00:00:00-04:00,249.60000610351562,266.1000061035156,247.5,260.1000061035156,18447,0.0,0.0
2019-07-09 00:00:00-04:00,260.1000061035156,268.5,245.39999389648438,248.39999389648438,20813,0.0,0.0
2019-07-10 00:00:00-04:00,247.8000030517578,256.79998779296875,242.39999389648438,243.0,16037,0.0,0.0
2019-07-11 00:00:00-04:00,243.0,245.39999389648438,226.5,226.8000030517578,25480,0.0,0.0
2019-07-12 00:00:00-04:00,226.1999969482422,231.0,174.0,180.0,51957,0.0,0.0
2019-07-15 00:00:00-04:00,185.39999389648438,209.39999389648438,180.0,205.1999969482422,33590,0.0,0.0
2019-07-16 00:00:00-04:00,201.0,212.39999389648438,195.60000610351562,196.1999969482422,21770,0.0,0.0
2019-07-17 00:00:00-04:00,195.60000610351562,203.39999389648438,186.0,190.8000030517578,20010,0.0,0.0
2019-07-18 00:00:00-04:00,192.0,192.0,178.5,188.6999969482422,20960,0.0,0.0
2019-07-19 00:00:00-04:00,193.5,199.5,192.0,197.10000610351562,17847,0.0,0.0
2019-07-22 00:00:00-04:00,201.3000030517578,206.6999969482422,181.5,186.0,21403,0.0,0.0
2019-07-23 00:00:00-04:00,188.10000610351562,190.5,181.8000030517578,185.10000610351562,12063,0.0,0.0
2019-07-24 00:00:00-04:00,187.5,190.8000030517578,181.8000030517578,190.5,8527,0.0,0.0
2019-07-25 00:00:00-04:00,192.3000030517578,195.89999389648438,182.39999389648438,193.8000030517578,12180,0.0,0.0
2019-07-26 00:00:00-04:00,193.5,216.60000610351562,187.8000030517578,213.0,18013,0.0,0.0
2019-07-29 00:00:00-04:00,219.60000610351562,238.8000030517578,216.0,231.89999389648438,26560,0.0,0.0
2019-07-30 00:00:00-04:00,235.5,237.3000030517578,222.3000030517578,234.0,15077,0.0,0.0
2019-07-31 00:00:00-04:00,231.89999389648438,236.6999969482422,216.3000030517578,218.6999969482422,16670,0.0,0.0
2019-08-01 00:00:00-04:00,215.10000610351562,231.60000610351562,215.10000610351562,227.10000610351562,14603,0.0,0.0
2019-08-02 00:00:00-04:00,232.5,232.5,215.10000610351562,224.39999389648438,10500,0.0,0.0
2019-08-05 00:00:00-04:00,216.0,221.6999969482422,204.60000610351562,217.8000030517578,15380,0.0,0.0
2019-08-06 00:00:00-04:00,219.89999389648438,229.5,211.8000030517578,229.1999969482422,18207,0.0,0.0
2019-08-07 00:00:00-04:00,231.3000030517578,249.60000610351562,219.3000030517578,244.5,29763,0.0,0.0
2019-08-08 00:00:00-04:00,246.0,255.0,241.8000030517578,251.39999389648438,23057,0.0,0.0
2019-08-09 00:00:00-04:00,251.39999389648438,254.6999969482422,231.89999389648438,244.5,20317,0.0,0.0
2019-08-12 00:00:00-04:00,243.89999389648438,248.39999389648438,237.89999389648438,241.8000030517578,11393,0.0,0.0
2019-08-13 00:00:00-04:00,242.39999389648438,263.70001220703125,239.10000610351562,262.5,28677,0.0,0.0
2019-08-14 00:00:00-04:00,259.5,268.5,246.0,253.1999969482422,35643,0.0,0.0
2019-08-15 00:00:00-04:00,246.3000030517578,265.20001220703125,243.3000030517578,251.6999969482422,28233,0.0,0.0
2019-08-16 00:00:00-04:00,252.3000030517578,254.6999969482422,242.6999969482422,244.5,23470,0.0,0.0
2019-08-19 00:00:00-04:00,250.8000030517578,263.3999938964844,241.8000030517578,260.1000061035156,25097,0.0,0.0
2019-08-20 00:00:00-04:00,263.1000061035156,264.6000061035156,247.8000030517578,257.3999938964844,32743,0.0,0.0
2019-08-21 00:00:00-04:00,253.1999969482422,258.29998779296875,247.5,252.89999389648438,17817,0.0,0.0
2019-08-22 00:00:00-04:00,252.89999389648438,256.5,243.89999389648438,247.8000030517578,13387,0.0,0.0
2019-08-23 00:00:00-04:00,244.5,249.89999389648438,234.0,235.8000030517578,25560,0.0,0.0
2019-08-26 00:00:00-04:00,239.39999389648438,241.1999969482422,228.0,231.0,11240,0.0,0.0
2019-08-27 00:00:00-04:00,234.89999389648438,235.1999969482422,208.1999969482422,209.39999389648438,31420,0.0,0.0
2019-08-28 00:00:00-04:00,213.0,233.6999969482422,208.5,220.1999969482422,23630,0.0,0.0
2019-08-29 00:00:00-04:00,222.89999389648438,230.10000610351562,213.3000030517578,225.0,14563,0.0,0.0
2019-08-30 00:00:00-04:00,225.0,225.89999389648438,211.8000030517578,215.10000610351562,17027,0.0,0.0
2019-09-03 00:00:00-04:00,216.0,221.6999969482422,210.3000030517578,214.8000030517578,12573,0.0,0.0
2019-09-04 00:00:00-04:00,214.8000030517578,225.0,214.5,217.1999969482422,20267,0.0,0.0
2019-09-05 00:00:00-04:00,222.3000030517578,228.89999389648438,219.0,225.0,14287,0.0,0.0
2019-09-06 00:00:00-04:00,224.39999389648438,232.1999969482422,221.10000610351562,227.6999969482422,15310,0.0,0.0
2019-09-09 00:00:00-04:00,228.60000610351562,231.3000030517578,224.39999389648438,228.0,14273,0.0,0.0
2019-09-10 00:00:00-04:00,231.60000610351562,231.60000610351562,222.0,225.0,13623,0.0,0.0
2019-09-11 00:00:00-04:00,229.5,230.10000610351562,216.3000030517578,227.39999389648438,17227,0.0,0.0
2019-09-12 00:00:00-04:00,228.60000610351562,239.39999389648438,220.5,229.1999969482422,22147,0.0,0.0
2019-09-13 00:00:00-04:00,232.1999969482422,242.10000610351562,230.10000610351562,242.10000610351562,24540,0.0,0.0
2019-09-16 00:00:00-04:00,245.6999969482422,282.0,239.10000610351562,273.6000061035156,59700,0.0,0.0
2019-09-17 00:00:00-04:00,282.29998779296875,289.20001220703125,249.60000610351562,258.8999938964844,65270,0.0,0.0
2019-09-18 00:00:00-04:00,263.70001220703125,265.79998779296875,248.6999969482422,259.20001220703125,23047,0.0,0.0
2019-09-19 00:00:00-04:00,257.3999938964844,269.1000061035156,255.89999389648438,256.20001220703125,17023,0.0,0.0
2019-09-20 00:00:00-04:00,259.20001220703125,261.6000061035156,254.39999389648438,254.39999389648438,22047,0.0,0.0
2019-09-23 00:00:00-04:00,255.0,265.20001220703125,252.60000610351562,256.5,18347,0.0,0.0
2019-09-24 00:00:00-04:00,258.0,264.0,253.5,253.8000030517578,17667,0.0,0.0
2019-09-25 00:00:00-04:00,255.0,268.79998779296875,255.0,268.5,34953,0.0,0.0
2019-09-26 00:00:00-04:00,268.5,289.5,268.5,288.0,42673,0.0,0.0
2019-09-27 00:00:00-04:00,291.6000061035156,297.8999938964844,262.5,270.0,44257,0.0,0.0
2019-09-30 00:00:00-04:00,270.0,286.5,265.79998779296875,268.20001220703125,32050,0.0,0.0
2019-10-01 00:00:00-04:00,270.0,276.0,260.3999938964844,270.8999938964844,24270,0.0,0.0
2019-10-02 00:00:00-04:00,267.8999938964844,271.20001220703125,255.0,261.0,20473,0.0,0.0
2019-10-03 00:00:00-04:00,258.0,266.3999938964844,250.5,259.5,26303,0.0,0.0
2019-10-04 00:00:00-04:00,261.29998779296875,274.5,261.29998779296875,273.6000061035156,19923,0.0,0.0
2019-10-07 00:00:00-04:00,277.20001220703125,279.29998779296875,270.29998779296875,276.6000061035156,17893,0.0,0.0
2019-10-08 00:00:00-04:00,261.29998779296875,267.29998779296875,244.5,247.1999969482422,41333,0.0,0.0
2019-10-09 00:00:00-04:00,247.1999969482422,259.5,244.8000030517578,252.0,16023,0.0,0.0
2019-10-10 00:00:00-04:00,246.60000610351562,255.0,243.0,251.39999389648438,33910,0.0,0.0
2019-10-11 00:00:00-04:00,254.10000610351562,262.5,245.39999389648438,247.8000030517578,22337,0.0,0.0
2019-10-14 00:00:00-04:00,247.5,254.10000610351562,234.3000030517578,236.6999969482422,23630,0.0,0.0
2019-10-15 00:00:00-04:00,251.39999389648438,274.79998779296875,246.3000030517578,250.8000030517578,31427,0.0,0.0
2019-10-16 00:00:00-04:00,251.39999389648438,254.10000610351562,244.8000030517578,253.5,13107,0.0,0.0
2019-10-17 00:00:00-04:00,252.60000610351562,255.0,246.60000610351562,249.3000030517578,13593,0.0,0.0
2019-10-18 00:00:00-04:00,249.3000030517578,249.60000610351562,234.60000610351562,235.5,16943,0.0,0.0
2019-10-21 00:00:00-04:00,234.60000610351562,238.1999969482422,211.8000030517578,229.5,38567,0.0,0.0
2019-10-22 00:00:00-04:00,228.3000030517578,234.0,219.0,220.5,11600,0.0,0.0
2019-10-23 00:00:00-04:00,217.8000030517578,230.39999389648438,211.5,220.5,19537,0.0,0.0
2019-10-24 00:00:00-04:00,229.5,230.39999389648438,180.0,201.3000030517578,57507,0.0,0.0
2019-10-25 00:00:00-04:00,195.3000030517578,217.5,195.3000030517578,207.3000030517578,19633,0.0,0.0
2019-10-28 00:00:00-04:00,215.39999389648438,223.5,210.3000030517578,215.6999969482422,18827,0.0,0.0
2019-10-29 00:00:00-04:00,215.6999969482422,224.10000610351562,214.5,218.10000610351562,9330,0.0,0.0
2019-10-30 00:00:00-04:00,214.5,218.10000610351562,206.39999389648438,213.0,11150,0.0,0.0
2019-10-31 00:00:00-04:00,213.89999389648438,213.89999389648438,202.8000030517578,205.8000030517578,13533,0.0,0.0
2019-11-01 00:00:00-04:00,204.60000610351562,214.5,202.5,210.89999389648438,13530,0.0,0.0
2019-11-04 00:00:00-05:00,215.6999969482422,215.6999969482422,198.3000030517578,202.1999969482422,14417,0.0,0.0
2019-11-05 00:00:00-05:00,202.5,206.39999389648438,195.3000030517578,204.3000030517578,11357,0.0,0.0
2019-11-06 00:00:00-05:00,204.89999389648438,215.6999969482422,199.1999969482422,211.5,14627,0.0,0.0
2019-11-07 00:00:00-05:00,211.8000030517578,214.8000030517578,200.39999389648438,201.60000610351562,13443,0.0,0.0
2019-11-08 00:00:00-05:00,199.5,210.89999389648438,199.5,210.0,12193,0.0,0.0
2019-11-11 00:00:00-05:00,205.8000030517578,210.3000030517578,201.89999389648438,207.0,7717,0.0,0.0
2019-11-12 00:00:00-05:00,206.10000610351562,207.3000030517578,200.39999389648438,206.39999389648438,8063,0.0,0.0
2019-11-13 00:00:00-05:00,207.0,216.60000610351562,202.8000030517578,213.60000610351562,12620,0.0,0.0
2019-11-14 00:00:00-05:00,210.60000610351562,222.89999389648438,210.60000610351562,219.60000610351562,12790,0.0,0.0
2019-11-15 00:00:00-05:00,221.39999389648438,227.39999389648438,219.89999389648438,222.89999389648438,14927,0.0,0.0
2019-11-18 00:00:00-05:00,219.3000030517578,226.5,216.3000030517578,225.0,9917,0.0,0.0
2019-11-19 00:00:00-05:00,225.89999389648438,235.8000030517578,224.39999389648438,234.0,11847,0.0,0.0
2019-11-20 00:00:00-05:00,234.3000030517578,247.5,226.5,237.3000030517578,25663,0.0,0.0
2019-11-21 00:00:00-05:00,235.1999969482422,238.1999969482422,224.6999969482422,228.0,7717,0.0,0.0
2019-11-22 00:00:00-05:00,227.6999969482422,232.5,226.5,230.39999389648438,8353,0.0,0.0
2019-11-25 00:00:00-05:00,231.89999389648438,237.3000030517578,223.1999969482422,224.39999389648438,10310,0.0,0.0
2019-11-26 00:00:00-05:00,222.60000610351562,229.1999969482422,217.8000030517578,224.6999969482422,14987,0.0,0.0
2019-11-27 00:00:00-05:00,223.8000030517578,230.39999389648438,220.5,228.3000030517578,12123,0.0,0.0
2019-11-29 00:00:00-05:00,224.39999389648438,230.39999389648438,224.39999389648438,228.60000610351562,6900,0.0,0.0
2019-12-02 00:00:00-05:00,229.5,231.60000610351562,218.39999389648438,226.5,12773,0.0,0.0
2019-12-03 00:00:00-05:00,219.3000030517578,230.39999389648438,219.3000030517578,230.10000610351562,13727,0.0,0.0
2019-12-04 00:00:00-05:00,226.1999969482422,230.10000610351562,225.60000610351562,230.10000610351562,11113,0.0,0.0
2019-12-05 00:00:00-05:00,227.10000610351562,237.0,227.10000610351562,232.8000030517578,19547,0.0,0.0
2019-12-06 00:00:00-05:00,229.5,236.39999389648438,225.89999389648438,234.89999389648438,14110,0.0,0.0
2019-12-09 00:00:00-05:00,229.8000030517578,235.5,227.10000610351562,231.89999389648438,15423,0.0,0.0
2019-12-10 00:00:00-05:00,230.10000610351562,235.8000030517578,229.5,233.10000610351562,10283,0.0,0.0
2019-12-11 00:00:00-05:00,231.0,233.39999389648438,225.89999389648438,231.60000610351562,10500,0.0,0.0
2019-12-12 00:00:00-05:00,225.60000610351562,231.3000030517578,225.0,229.8000030517578,9400,0.0,0.0
2019-12-13 00:00:00-05:00,229.1999969482422,232.1999969482422,225.3000030517578,232.1999969482422,10743,0.0,0.0
2019-12-16 00:00:00-05:00,227.6999969482422,237.89999389648438,227.10000610351562,237.89999389648438,14200,0.0,0.0
2019-12-17 00:00:00-05:00,230.10000610351562,254.39999389648438,230.10000610351562,253.5,29547,0.0,0.0
2019-12-18 00:00:00-05:00,252.0,280.79998779296875,252.0,277.20001220703125,38987,0.0,0.0
2019-12-19 00:00:00-05:00,271.5,282.0,264.29998779296875,267.6000061035156,26160,0.0,0.0
2019-12-20 00:00:00-05:00,268.5,276.6000061035156,265.20001220703125,274.20001220703125,18683,0.0,0.0
2019-12-23 00:00:00-05:00,275.70001220703125,292.20001220703125,271.5,286.5,31820,0.0,0.0
2019-12-24 00:00:00-05:00,267.29998779296875,279.29998779296875,264.0,268.5,38443,0.0,0.0
2019-12-26 00:00:00-05:00,265.79998779296875,270.0,250.1999969482422,253.8000030517578,27103,0.0,0.0
2019-12-27 00:00:00-05:00,250.5,261.6000061035156,244.8000030517578,257.3999938964844,18053,0.0,0.0
2019-12-30 00:00:00-05:00,255.0,261.29998779296875,249.3000030517578,259.79998779296875,16357,0.0,0.0
2019-12-31 00:00:00-05:00,256.79998779296875,274.5,256.79998779296875,274.5,35377,0.0,0.0
2020-01-02 00:00:00-05:00,267.29998779296875,273.0,263.70001220703125,272.70001220703125,20920,0.0,0.0
2020-01-03 00:00:00-05:00,263.1000061035156,274.5,263.1000061035156,270.6000061035156,19160,0.0,0.0
2020-01-06 00:00:00-05:00,264.29998779296875,270.0,263.70001220703125,268.20001220703125,21477,0.0,0.0
2020-01-07 00:00:00-05:00,265.20001220703125,267.6000061035156,255.60000610351562,258.29998779296875,27570,0.0,0.0
2020-01-08 00:00:00-05:00,254.39999389648438,260.3999938964844,232.8000030517578,238.5,37990,0.0,0.0
2020-01-09 00:00:00-05:00,228.3000030517578,236.39999389648438,225.3000030517578,226.1999969482422,29763,0.0,0.0
2020-01-10 00:00:00-05:00,226.8000030517578,233.39999389648438,220.8000030517578,233.39999389648438,21840,0.0,0.0
2020-01-13 00:00:00-05:00,249.0,299.70001220703125,235.5,280.20001220703125,82727,0.0,0.0
2020-01-14 00:00:00-05:00,294.8999938964844,297.0,264.8999938964844,272.70001220703125,45663,0.0,0.0
2020-01-15 00:00:00-05:00,268.20001220703125,276.8999938964844,265.5,273.0,21417,0.0,0.0
2020-01-16 00:00:00-05:00,268.79998779296875,295.5,268.79998779296875,294.6000061035156,30377,0.0,0.0
2020-01-17 00:00:00-05:00,288.0,310.5,286.5,300.8999938964844,43370,0.0,0.0
2020-01-21 00:00:00-05:00,301.20001220703125,371.3999938964844,301.20001220703125,369.8999938964844,65663,0.0,0.0
2020-01-22 00:00:00-05:00,390.0,432.29998779296875,390.0,412.20001220703125,101533,0.0,0.0
2020-01-23 00:00:00-05:00,382.79998779296875,425.1000061035156,354.0,423.6000061035156,50663,0.0,0.0
2020-01-24 00:00:00-05:00,435.29998779296875,450.0,401.70001220703125,418.79998779296875,44927,0.0,0.0
2020-01-27 00:00:00-05:00,377.70001220703125,418.5,376.79998779296875,397.79998779296875,27350,0.0,0.0
2020-01-28 00:00:00-05:00,400.79998779296875,432.8999938964844,400.20001220703125,425.3999938964844,28387,0.0,0.0
2020-01-29 00:00:00-05:00,423.6000061035156,430.20001220703125,411.29998779296875,414.0,18900,0.0,0.0
2020-01-30 00:00:00-05:00,403.5,408.6000061035156,380.3999938964844,387.0,36313,0.0,0.0
2020-01-31 00:00:00-05:00,368.70001220703125,405.0,359.1000061035156,391.20001220703125,33827,0.0,0.0
2020-02-03 00:00:00-05:00,394.5,441.0,391.20001220703125,430.20001220703125,41787,0.0,0.0
2020-02-04 00:00:00-05:00,433.5,449.70001220703125,428.1000061035156,433.79998779296875,35150,0.0,0.0
2020-02-05 00:00:00-05:00,447.0,448.5,417.0,420.8999938964844,23387,0.0,0.0
2020-02-06 00:00:00-05:00,420.0,433.5,411.0,423.6000061035156,16987,0.0,0.0
2020-02-07 00:00:00-05:00,421.5,443.70001220703125,417.0,436.5,25833,0.0,0.0
2020-02-10 00:00:00-05:00,435.8999938964844,462.6000061035156,427.79998779296875,444.8999938964844,33747,0.0,0.0
2020-02-11 00:00:00-05:00,435.0,445.5,423.0,429.6000061035156,19617,0.0,0.0
2020-02-12 00:00:00-05:00,427.5,439.79998779296875,411.8999938964844,419.1000061035156,19350,0.0,0.0
2020-02-13 00:00:00-05:00,414.8999938964844,435.6000061035156,401.1000061035156,435.0,15400,0.0,0.0
2020-02-14 00:00:00-05:00,430.5,433.5,422.70001220703125,426.6000061035156,10847,0.0,0.0
2020-02-18 00:00:00-05:00,420.29998779296875,441.0,415.79998779296875,439.79998779296875,15733,0.0,0.0
2020-02-19 00:00:00-05:00,444.0,489.0,438.8999938964844,482.70001220703125,45660,0.0,0.0
2020-02-20 00:00:00-05:00,494.70001220703125,534.0,490.79998779296875,511.5,44913,0.0,0.0
2020-02-21 00:00:00-05:00,508.79998779296875,511.5,480.8999938964844,494.70001220703125,31560,0.0,0.0
2020-02-24 00:00:00-05:00,472.5,506.3999938964844,465.0,500.3999938964844,30820,0.0,0.0
2020-02-25 00:00:00-05:00,498.6000061035156,507.6000061035156,470.3999938964844,490.5,24393,0.0,0.0
2020-02-26 00:00:00-05:00,475.79998779296875,489.6000061035156,190.5,324.8999938964844,202223,0.0,0.0
2020-02-27 00:00:00-05:00,405.0,406.20001220703125,293.1000061035156,328.20001220703125,89083,0.0,0.0
2020-02-28 00:00:00-05:00,307.5,333.0,300.0,329.1000061035156,41507,0.0,0.0
2020-03-02 00:00:00-05:00,308.1000061035156,380.70001220703125,308.1000061035156,376.5,48757,0.0,0.0
2020-03-03 00:00:00-05:00,390.0,400.79998779296875,347.3999938964844,364.5,28593,0.0,0.0
2020-03-04 00:00:00-05:00,375.6000061035156,381.29998779296875,354.0,374.70001220703125,16043,0.0,0.0
2020-03-05 00:00:00-05:00,356.70001220703125,411.8999938964844,356.70001220703125,384.29998779296875,27487,0.0,0.0
2020-03-06 00:00:00-05:00,375.0,412.5,375.0,412.5,31410,0.0,0.0
2020-03-09 00:00:00-04:00,439.5,475.20001220703125,360.29998779296875,390.0,65267,0.0,0.0
2020-03-10 00:00:00-04:00,393.29998779296875,412.20001220703125,273.0,333.29998779296875,79380,0.0,0.0
2020-03-11 00:00:00-04:00,339.6000061035156,344.1000061035156,280.5,292.20001220703125,42660,0.0,0.0
2020-03-12 00:00:00-04:00,245.6999969482422,309.0,243.3000030517578,263.70001220703125,32813,0.0,0.0
2020-03-13 00:00:00-04:00,301.20001220703125,301.20001220703125,261.0,300.6000061035156,27983,0.0,0.0
2020-03-16 00:00:00-04:00,243.3000030517578,284.70001220703125,243.0,274.5,22650,0.0,0.0
2020-03-17 00:00:00-04:00,270.29998779296875,322.5,267.0,321.8999938964844,29813,0.0,0.0
2020-03-18 00:00:00-04:00,294.8999938964844,339.0,294.0,333.0,25097,0.0,0.0
2020-03-19 00:00:00-04:00,334.79998779296875,388.5,328.5,350.3999938964844,31830,0.0,0.0
2020-03-20 00:00:00-04:00,361.5,388.5,342.29998779296875,358.5,44097,0.0,0.0
2020-03-23 00:00:00-04:00,372.0,412.5,360.0,386.1000061035156,36517,0.0,0.0
2020-03-24 00:00:00-04:00,374.3999938964844,374.3999938964844,347.70001220703125,347.70001220703125,48210,0.0,0.0
2020-03-25 00:00:00-04:00,366.0,366.0,342.29998779296875,352.79998779296875,29720,0.0,0.0
2020-03-26 00:00:00-04:00,352.20001220703125,366.0,351.0,363.29998779296875,17573,0.0,0.0
2020-03-27 00:00:00-04:00,359.70001220703125,366.29998779296875,346.5,348.6000061035156,15117,0.0,0.0
2020-03-30 00:00:00-04:00,347.1000061035156,359.3999938964844,336.8999938964844,354.29998779296875,13453,0.0,0.0
2020-03-31 00:00:00-04:00,348.6000061035156,357.29998779296875,339.29998779296875,346.20001220703125,10727,0.0,0.0
2020-04-01 00:00:00-04:00,339.0,344.3999938964844,300.8999938964844,303.6000061035156,20043,0.0,0.0
2020-04-02 00:00:00-04:00,306.29998779296875,323.3999938964844,289.20001220703125,306.0,17757,0.0,0.0
2020-04-03 00:00:00-04:00,308.3999938964844,309.0,289.79998779296875,292.5,14807,0.0,0.0
2020-04-06 00:00:00-04:00,304.5,341.70001220703125,300.0,334.79998779296875,16820,0.0,0.0
2020-04-07 00:00:00-04:00,353.70001220703125,357.0,336.6000061035156,344.70001220703125,14857,0.0,0.0
2020-04-08 00:00:00-04:00,348.29998779296875,355.5,338.1000061035156,353.70001220703125,9830,0.0,0.0
2020-04-09 00:00:00-04:00,348.6000061035156,365.70001220703125,348.6000061035156,363.29998779296875,14633,0.0,0.0
2020-04-13 00:00:00-04:00,363.0,367.5,342.6000061035156,363.6000061035156,12347,0.0,0.0
2020-04-14 00:00:00-04:00,371.70001220703125,373.5,347.1000061035156,349.79998779296875,15757,0.0,0.0
2020-04-15 00:00:00-04:00,340.79998779296875,359.70001220703125,337.20001220703125,352.20001220703125,15613,0.0,0.0
2020-04-16 00:00:00-04:00,360.0,367.5,347.70001220703125,355.79998779296875,15093,0.0,0.0
2020-04-17 00:00:00-04:00,360.29998779296875,364.79998779296875,319.20001220703125,327.8999938964844,28390,0.0,0.0
2020-04-20 00:00:00-04:00,326.70001220703125,332.3999938964844,311.1000061035156,312.6000061035156,21687,0.0,0.0
2020-04-21 00:00:00-04:00,317.3999938964844,346.5,317.3999938964844,342.8999938964844,15850,0.0,0.0
2020-04-22 00:00:00-04:00,354.29998779296875,357.0,340.79998779296875,351.6000061035156,10927,0.0,0.0
2020-04-23 00:00:00-04:00,362.70001220703125,380.3999938964844,355.5,369.8999938964844,23340,0.0,0.0
2020-04-24 00:00:00-04:00,380.1000061035156,450.0,371.3999938964844,435.6000061035156,55593,0.0,0.0
2020-04-27 00:00:00-04:00,450.0,494.70001220703125,447.0,455.3999938964844,40910,0.0,0.0
2020-04-28 00:00:00-04:00,480.0,486.8999938964844,436.5,448.79998779296875,26323,0.0,0.0
2020-04-29 00:00:00-04:00,464.3999938964844,495.6000061035156,451.79998779296875,492.8999938964844,27450,0.0,0.0
2020-04-30 00:00:00-04:00,496.5,536.4000244140625,462.0,528.0,42103,0.0,0.0
2020-05-01 00:00:00-04:00,510.8999938964844,522.0,465.0,490.79998779296875,36427,0.0,0.0
2020-05-04 00:00:00-04:00,533.0999755859375,540.0,411.0,414.0,93557,0.0,0.0
2020-05-05 00:00:00-04:00,444.8999938964844,471.8999938964844,407.3999938964844,414.29998779296875,44210,0.0,0.0
2020-05-06 00:00:00-04:00,428.3999938964844,428.3999938964844,366.6000061035156,376.20001220703125,51923,0.0,0.0
2020-05-07 00:00:00-04:00,418.20001220703125,423.29998779296875,382.79998779296875,409.20001220703125,37220,0.0,0.0
2020-05-08 00:00:00-04:00,420.0,447.8999938964844,406.5,437.70001220703125,29537,0.0,0.0
2020-05-11 00:00:00-04:00,437.70001220703125,472.20001220703125,421.5,463.20001220703125,32103,0.0,0.0
2020-05-12 00:00:00-04:00,463.5,497.3999938964844,453.29998779296875,472.5,26200,0.0,0.0
2020-05-13 00:00:00-04:00,480.0,485.70001220703125,435.0,440.70001220703125,26957,0.0,0.0
2020-05-14 00:00:00-04:00,443.3999938964844,464.1000061035156,423.0,462.29998779296875,18390,0.0,0.0
2020-05-15 00:00:00-04:00,450.6000061035156,483.29998779296875,450.6000061035156,471.0,18307,0.0,0.0
2020-05-18 00:00:00-04:00,484.79998779296875,494.70001220703125,444.29998779296875,458.1000061035156,28927,0.0,0.0
2020-05-19 00:00:00-04:00,463.5,476.3999938964844,456.8999938964844,460.79998779296875,14777,0.0,0.0
2020-05-20 00:00:00-04:00,454.79998779296875,469.79998779296875,421.5,434.1000061035156,34067,0.0,0.0
2020-05-21 00:00:00-04:00,435.0,443.70001220703125,412.5,432.0,18363,0.0,0.0
2020-05-22 00:00:00-04:00,435.0,441.6000061035156,412.5,419.70001220703125,18627,0.0,0.0
2020-05-26 00:00:00-04:00,449.70001220703125,449.70001220703125,406.79998779296875,407.3999938964844,24497,0.0,0.0
2020-05-27 00:00:00-04:00,402.0,402.0,354.6000061035156,365.70001220703125,48213,0.0,0.0
2020-05-28 00:00:00-04:00,373.5,382.5,355.79998779296875,362.3999938964844,36090,0.0,0.0
2020-05-29 00:00:00-04:00,362.3999938964844,405.0,355.79998779296875,399.8999938964844,36633,0.0,0.0
2020-06-01 00:00:00-04:00,427.20001220703125,432.29998779296875,409.5,419.70001220703125,23137,0.0,0.0
2020-06-02 00:00:00-04:00,414.6000061035156,435.29998779296875,407.3999938964844,432.6000061035156,13207,0.0,0.0
2020-06-03 00:00:00-04:00,446.70001220703125,446.70001220703125,409.79998779296875,416.1000061035156,13707,0.0,0.0
2020-06-04 00:00:00-04:00,412.79998779296875,426.0,408.0,410.70001220703125,8593,0.0,0.0
2020-06-05 00:00:00-04:00,420.0,431.3999938964844,410.3999938964844,426.0,18157,0.0,0.0
2020-06-08 00:00:00-04:00,444.6000061035156,444.6000061035156,417.0,433.79998779296875,20400,0.0,0.0
2020-06-09 00:00:00-04:00,439.5,439.5,420.29998779296875,424.20001220703125,11287,0.0,0.0
2020-06-10 00:00:00-04:00,429.0,440.70001220703125,405.0,417.0,17363,0.0,0.0
2020-06-11 00:00:00-04:00,405.29998779296875,425.1000061035156,393.29998779296875,394.20001220703125,14533,0.0,0.0
2020-06-12 00:00:00-04:00,413.3999938964844,417.6000061035156,375.0,387.6000061035156,17987,0.0,0.0
2020-06-15 00:00:00-04:00,383.3999938964844,394.79998779296875,363.6000061035156,389.1000061035156,18790,0.0,0.0
2020-06-16 00:00:00-04:00,404.1000061035156,419.1000061035156,390.0,419.1000061035156,13933,0.0,0.0
2020-06-17 00:00:00-04:00,420.0,432.6000061035156,413.70001220703125,428.70001220703125,12587,0.0,0.0
2020-06-18 00:00:00-04:00,434.3999938964844,441.0,414.6000061035156,419.70001220703125,13350,0.0,0.0
2020-06-19 00:00:00-04:00,414.29998779296875,433.5,402.6000061035156,409.20001220703125,103750,0.0,0.0
2020-06-22 00:00:00-04:00,411.29998779296875,454.5,402.0,451.20001220703125,29417,0.0,0.0
2020-06-23 00:00:00-04:00,457.5,473.70001220703125,435.29998779296875,450.6000061035156,28243,0.0,0.0
2020-06-24 00:00:00-04:00,453.0,513.0,448.20001220703125,503.3999938964844,79043,0.0,0.0
2020-06-25 00:00:00-04:00,510.0,513.0,457.5,476.70001220703125,36450,0.0,0.0
2020-06-26 00:00:00-04:00,459.8999938964844,482.70001220703125,443.70001220703125,457.20001220703125,35420,0.0,0.0
2020-06-29 00:00:00-04:00,456.0,492.29998779296875,452.70001220703125,471.8999938964844,27953,0.0,0.0
2020-06-30 00:00:00-04:00,451.5,468.29998779296875,441.29998779296875,447.6000061035156,33737,0.0,0.0
2020-07-01 00:00:00-04:00,442.5,453.0,420.8999938964844,430.79998779296875,21040,0.0,0.0
2020-07-02 00:00:00-04:00,434.1000061035156,434.70001220703125,387.29998779296875,405.8999938964844,42657,0.0,0.0
2020-07-06 00:00:00-04:00,415.20001220703125,427.20001220703125,407.3999938964844,423.8999938964844,14390,0.0,0.0
2020-07-07 00:00:00-04:00,410.3999938964844,429.6000061035156,406.5,413.3999938964844,17020,0.0,0.0
2020-07-08 00:00:00-04:00,414.29998779296875,425.70001220703125,408.0,420.0,19963,0.0,0.0
2020-07-09 00:00:00-04:00,415.79998779296875,442.20001220703125,409.5,436.20001220703125,16873,0.0,0.0
2020-07-10 00:00:00-04:00,444.0,447.0,423.8999938964844,429.0,14923,0.0,0.0
2020-07-13 00:00:00-04:00,427.20001220703125,435.29998779296875,408.29998779296875,415.79998779296875,25917,0.0,0.0
2020-07-14 00:00:00-04:00,416.1000061035156,421.20001220703125,391.79998779296875,415.79998779296875,18067,0.0,0.0
2020-07-15 00:00:00-04:00,415.5,419.1000061035156,398.3999938964844,414.8999938964844,13570,0.0,0.0
2020-07-16 00:00:00-04:00,412.5,434.70001220703125,408.8999938964844,432.0,13270,0.0,0.0
2020-07-17 00:00:00-04:00,432.0,439.20001220703125,420.8999938964844,433.79998779296875,16233,0.0,0.0
2020-07-20 00:00:00-04:00,421.20001220703125,432.0,390.29998779296875,402.0,28500,0.0,0.0
2020-07-21 00:00:00-04:00,402.29998779296875,409.5,390.0,397.5,14293,0.0,0.0
2020-07-22 00:00:00-04:00,402.6000061035156,404.70001220703125,378.29998779296875,393.8999938964844,20173,0.0,0.0
2020-07-23 00:00:00-04:00,387.0,399.6000061035156,381.0,390.6000061035156,12180,0.0,0.0
2020-07-24 00:00:00-04:00,397.5,419.3999938964844,375.29998779296875,398.70001220703125,28747,0.0,0.0
2020-07-27 00:00:00-04:00,402.0,411.29998779296875,387.29998779296875,397.79998779296875,18020,0.0,0.0
2020-07-28 00:00:00-04:00,399.8999938964844,405.0,384.29998779296875,385.20001220703125,13317,0.0,0.0
2020-07-29 00:00:00-04:00,385.79998779296875,388.79998779296875,361.5,365.70001220703125,20520,0.0,0.0
2020-07-30 00:00:00-04:00,366.0,381.29998779296875,354.8999938964844,375.0,16003,0.0,0.0
2020-07-31 00:00:00-04:00,378.0,390.6000061035156,362.70001220703125,375.29998779296875,15833,0.0,0.0
2020-08-03 00:00:00-04:00,382.5,382.5,360.0,381.29998779296875,13247,0.0,0.0
2020-08-04 00:00:00-04:00,360.8999938964844,377.70001220703125,360.0,361.20001220703125,10263,0.0,0.0
2020-08-05 00:00:00-04:00,367.5,372.0,357.29998779296875,368.1000061035156,11190,0.0,0.0
2020-08-06 00:00:00-04:00,363.8999938964844,373.20001220703125,355.79998779296875,366.29998779296875,10937,0.0,0.0
2020-08-07 00:00:00-04:00,362.1000061035156,370.79998779296875,355.79998779296875,365.70001220703125,8367,0.0,0.0
2020-08-10 00:00:00-04:00,368.1000061035156,378.0,360.0,360.8999938964844,10527,0.0,0.0
2020-08-11 00:00:00-04:00,360.0,369.29998779296875,343.20001220703125,350.70001220703125,14797,0.0,0.0
2020-08-12 00:00:00-04:00,357.6000061035156,380.3999938964844,346.5,373.20001220703125,17483,0.0,0.0
2020-08-13 00:00:00-04:00,378.8999938964844,396.8999938964844,375.29998779296875,391.5,14180,0.0,0.0
2020-08-14 00:00:00-04:00,391.5,391.79998779296875,372.6000061035156,381.29998779296875,9570,0.0,0.0
2020-08-17 00:00:00-04:00,376.79998779296875,383.1000061035156,363.0,375.8999938964844,10700,0.0,0.0
2020-08-18 00:00:00-04:00,380.70001220703125,381.8999938964844,361.5,368.70001220703125,12257,0.0,0.0
2020-08-19 00:00:00-04:00,372.6000061035156,384.6000061035156,370.20001220703125,373.5,10407,0.0,0.0
2020-08-20 00:00:00-04:00,376.20001220703125,379.5,368.1000061035156,375.0,8220,0.0,0.0
2020-08-21 00:00:00-04:00,372.0,384.0,366.0,382.5,12330,0.0,0.0
2020-08-24 00:00:00-04:00,388.5,414.0,377.70001220703125,394.79998779296875,21313,0.0,0.0
2020-08-25 00:00:00-04:00,399.8999938964844,399.8999938964844,383.1000061035156,389.1000061035156,12283,0.0,0.0
2020-08-26 00:00:00-04:00,389.3999938964844,394.5,380.3999938964844,390.6000061035156,13563,0.0,0.0
2020-08-27 00:00:00-04:00,387.6000061035156,417.8999938964844,382.79998779296875,410.1000061035156,14933,0.0,0.0
2020-08-28 00:00:00-04:00,407.1000061035156,415.20001220703125,398.70001220703125,404.3999938964844,10233,0.0,0.0
2020-08-31 00:00:00-04:00,402.0,407.70001220703125,382.5,387.8999938964844,14257,0.0,0.0
2020-09-01 00:00:00-04:00,387.29998779296875,431.1000061035156,387.29998779296875,424.79998779296875,26793,0.0,0.0
2020-09-02 00:00:00-04:00,429.0,429.0,406.79998779296875,416.3999938964844,18180,0.0,0.0
2020-09-03 00:00:00-04:00,417.6000061035156,419.70001220703125,401.1000061035156,406.5,15427,0.0,0.0
2020-09-04 00:00:00-04:00,411.0,413.70001220703125,386.3999938964844,406.79998779296875,17013,0.0,0.0
2020-09-08 00:00:00-04:00,414.29998779296875,434.70001220703125,405.0,422.70001220703125,13637,0.0,0.0
2020-09-09 00:00:00-04:00,425.70001220703125,430.5,408.0,414.0,13567,0.0,0.0
2020-09-10 00:00:00-04:00,411.6000061035156,424.20001220703125,408.29998779296875,412.20001220703125,12890,0.0,0.0
2020-09-11 00:00:00-04:00,419.3999938964844,422.3999938964844,395.1000061035156,397.5,13853,0.0,0.0
2020-09-14 00:00:00-04:00,405.0,409.79998779296875,378.6000061035156,389.70001220703125,21540,0.0,0.0
2020-09-15 00:00:00-04:00,383.1000061035156,390.29998779296875,338.70001220703125,384.0,41800,0.0,0.0
2020-09-16 00:00:00-04:00,384.0,386.70001220703125,363.6000061035156,383.3999938964844,15737,0.0,0.0
2020-09-17 00:00:00-04:00,377.1000061035156,387.0,369.29998779296875,381.8999938964844,8817,0.0,0.0
2020-09-18 00:00:00-04:00,390.0,434.1000061035156,375.8999938964844,430.20001220703125,93470,0.0,0.0
2020-09-21 00:00:00-04:00,435.0,435.0,401.70001220703125,404.1000061035156,15663,0.0,0.0
2020-09-22 00:00:00-04:00,400.20001220703125,413.70001220703125,394.5,402.6000061035156,10673,0.0,0.0
2020-09-23 00:00:00-04:00,408.6000061035156,409.5,381.0,384.0,12290,0.0,0.0
2020-09-24 00:00:00-04:00,385.20001220703125,392.70001220703125,372.0,374.1000061035156,9327,0.0,0.0
2020-09-25 00:00:00-04:00,369.29998779296875,387.8999938964844,369.29998779296875,381.6000061035156,8377,0.0,0.0
2020-09-28 00:00:00-04:00,379.5,380.3999938964844,357.0,360.0,13700,0.0,0.0
2020-09-29 00:00:00-04:00,365.70001220703125,377.70001220703125,362.70001220703125,369.6000061035156,8303,0.0,0.0
2020-09-30 00:00:00-04:00,368.1000061035156,384.6000061035156,361.20001220703125,382.5,10883,0.0,0.0
2020-10-01 00:00:00-04:00,382.5,404.3999938964844,376.79998779296875,402.29998779296875,13480,0.0,0.0
2020-10-02 00:00:00-04:00,388.5,413.3999938964844,384.0,407.1000061035156,11310,0.0,0.0
2020-10-05 00:00:00-04:00,402.0,426.0,399.0,418.5,14973,0.0,0.0
2020-10-06 00:00:00-04:00,419.70001220703125,444.0,410.70001220703125,423.6000061035156,20960,0.0,0.0
2020-10-07 00:00:00-04:00,424.5,444.8999938964844,424.20001220703125,435.29998779296875,16900,0.0,0.0
2020-10-08 00:00:00-04:00,438.6000061035156,468.29998779296875,435.0,445.79998779296875,32073,0.0,0.0
2020-10-09 00:00:00-04:00,447.6000061035156,453.6000061035156,437.3999938964844,446.1000061035156,9577,0.0,0.0
2020-10-12 00:00:00-04:00,440.3999938964844,456.8999938964844,426.0,444.0,15660,0.0,0.0
2020-10-13 00:00:00-04:00,444.0,456.29998779296875,444.0,456.0,8240,0.0,0.0
2020-10-14 00:00:00-04:00,456.0,469.79998779296875,451.5,465.29998779296875,10177,0.0,0.0
2020-10-15 00:00:00-04:00,459.29998779296875,500.3999938964844,453.8999938964844,498.6000061035156,22740,0.0,0.0
2020-10-16 00:00:00-04:00,495.0,501.0,471.0,480.6000061035156,25733,0.0,0.0
2020-10-19 00:00:00-04:00,480.6000061035156,483.29998779296875,447.8999938964844,450.0,20113,0.0,0.0
2020-10-20 00:00:00-04:00,447.0,455.70001220703125,408.29998779296875,413.1000061035156,29450,0.0,0.0
2020-10-21 00:00:00-04:00,414.0,416.3999938964844,383.70001220703125,383.70001220703125,23587,0.0,0.0
2020-10-22 00:00:00-04:00,390.0,418.79998779296875,382.5,412.79998779296875,25663,0.0,0.0
2020-10-23 00:00:00-04:00,412.79998779296875,416.70001220703125,390.29998779296875,393.29998779296875,13397,0.0,0.0
2020-10-26 00:00:00-04:00,393.29998779296875,399.0,379.5,387.8999938964844,16883,0.0,0.0
2020-10-27 00:00:00-04:00,391.5,411.8999938964844,385.5,400.5,16323,0.0,0.0
2020-10-28 00:00:00-04:00,394.5,396.29998779296875,368.3999938964844,369.8999938964844,16920,0.0,0.0
2020-10-29 00:00:00-04:00,370.20001220703125,380.3999938964844,356.1000061035156,376.5,13700,0.0,0.0
2020-10-30 00:00:00-04:00,375.0,375.0,357.29998779296875,360.8999938964844,10247,0.0,0.0
2020-11-02 00:00:00-05:00,366.0,371.3999938964844,342.0,346.79998779296875,23393,0.0,0.0
2020-11-03 00:00:00-05:00,353.1000061035156,353.70001220703125,322.79998779296875,331.5,29820,0.0,0.0
2020-11-04 00:00:00-05:00,338.1000061035156,348.8999938964844,327.8999938964844,347.3999938964844,16127,0.0,0.0
2020-11-05 00:00:00-05:00,353.3999938964844,374.70001220703125,345.6000061035156,359.1000061035156,11470,0.0,0.0
2020-11-06 00:00:00-05:00,360.0,367.20001220703125,339.8999938964844,347.1000061035156,8477,0.0,0.0
2020-11-09 00:00:00-05:00,365.3999938964844,368.3999938964844,331.79998779296875,344.1000061035156,17213,0.0,0.0
2020-11-10 00:00:00-05:00,343.20001220703125,374.70001220703125,341.1000061035156,374.3999938964844,17050,0.0,0.0
2020-11-11 00:00:00-05:00,374.1000061035156,380.3999938964844,354.6000061035156,362.70001220703125,10203,0.0,0.0
2020-11-12 00:00:00-05:00,361.20001220703125,382.20001220703125,357.8999938964844,373.5,8420,0.0,0.0
2020-11-13 00:00:00-05:00,376.5,388.79998779296875,373.79998779296875,380.1000061035156,9457,0.0,0.0
2020-11-16 00:00:00-05:00,388.79998779296875,388.79998779296875,359.3999938964844,367.20001220703125,14577,0.0,0.0
2020-11-17 00:00:00-05:00,363.6000061035156,366.29998779296875,342.0,348.29998779296875,14220,0.0,0.0
2020-11-18 00:00:00-05:00,353.1000061035156,360.8999938964844,343.20001220703125,347.3999938964844,11987,0.0,0.0
2020-11-19 00:00:00-05:00,352.5,355.20001220703125,338.70001220703125,341.1000061035156,9573,0.0,0.0
2020-11-20 00:00:00-05:00,338.3999938964844,369.29998779296875,333.8999938964844,366.29998779296875,14380,0.0,0.0
2020-11-23 00:00:00-05:00,378.0,378.0,360.0,374.70001220703125,12157,0.0,0.0
2020-11-24 00:00:00-05:00,387.0,387.0,360.0,368.3999938964844,14693,0.0,0.0
2020-11-25 00:00:00-05:00,364.20001220703125,378.6000061035156,364.20001220703125,374.70001220703125,10333,0.0,0.0
2020-11-27 00:00:00-05:00,375.0,388.20001220703125,375.0,388.20001220703125,6803,0.0,0.0
2020-11-30 00:00:00-05:00,378.6000061035156,395.3999938964844,373.20001220703125,375.0,15320,0.0,0.0
2020-12-01 00:00:00-05:00,380.3999938964844,388.20001220703125,360.0,368.3999938964844,15933,0.0,0.0
2020-12-02 00:00:00-05:00,368.3999938964844,376.5,360.0,371.1000061035156,8980,0.0,0.0
2020-12-03 00:00:00-05:00,368.3999938964844,368.3999938964844,352.79998779296875,357.6000061035156,10247,0.0,0.0
2020-12-04 00:00:00-05:00,366.0,366.0,352.5,360.6000061035156,9880,0.0,0.0
2020-12-07 00:00:00-05:00,367.5,435.0,364.5,427.20001220703125,47010,0.0,0.0
2020-12-08 00:00:00-05:00,480.0,483.0,436.5,462.6000061035156,42647,0.0,0.0
2020-12-09 00:00:00-05:00,426.0,434.1000061035156,406.5,429.29998779296875,41810,0.0,0.0
2020-12-10 00:00:00-05:00,435.0,444.8999938964844,417.6000061035156,421.20001220703125,33100,0.0,0.0
2020-12-11 00:00:00-05:00,423.29998779296875,441.6000061035156,408.0,434.1000061035156,24477,0.0,0.0
2020-12-14 00:00:00-05:00,432.6000061035156,438.6000061035156,418.79998779296875,424.5,19183,0.0,0.0
2020-12-15 00:00:00-05:00,423.29998779296875,437.1000061035156,414.6000061035156,419.70001220703125,13480,0.0,0.0
2020-12-16 00:00:00-05:00,417.8999938964844,428.70001220703125,404.70001220703125,404.70001220703125,14703,0.0,0.0
2020-12-17 00:00:00-05:00,415.20001220703125,415.20001220703125,391.20001220703125,401.1000061035156,17897,0.0,0.0
2020-12-18 00:00:00-05:00,408.0,413.70001220703125,384.8999938964844,392.3999938964844,35310,0.0,0.0
2020-12-21 00:00:00-05:00,390.0,427.20001220703125,382.5,405.8999938964844,24887,0.0,0.0
2020-12-22 00:00:00-05:00,415.20001220703125,434.3999938964844,409.79998779296875,430.5,20163,0.0,0.0
2020-12-23 00:00:00-05:00,430.20001220703125,432.0,394.20001220703125,402.29998779296875,26150,0.0,0.0
2020-12-24 00:00:00-05:00,400.5,407.3999938964844,382.5,384.29998779296875,18240,0.0,0.0
2020-12-28 00:00:00-05:00,390.0,392.70001220703125,369.29998779296875,382.20001220703125,20937,0.0,0.0
2020-12-29 00:00:00-05:00,382.5,387.0,361.5,364.5,16610,0.0,0.0
2020-12-30 00:00:00-05:00,368.1000061035156,384.8999938964844,357.0,363.0,20550,0.0,0.0
2020-12-31 00:00:00-05:00,360.6000061035156,362.3999938964844,349.5,349.79998779296875,19563,0.0,0.0
2021-01-04 00:00:00-05:00,362.1000061035156,376.5,356.3999938964844,360.0,24327,0.0,0.0
2021-01-05 00:00:00-05:00,366.6000061035156,382.79998779296875,360.0,375.6000061035156,18323,0.0,0.0
2021-01-06 00:00:00-05:00,381.0,413.1000061035156,375.6000061035156,412.79998779296875,29460,0.0,0.0
2021-01-07 00:00:00-05:00,410.70001220703125,418.5,393.29998779296875,405.0,17573,0.0,0.0
2021-01-08 00:00:00-05:00,426.29998779296875,426.29998779296875,394.5,417.0,22850,0.0,0.0
2021-01-11 00:00:00-05:00,407.1000061035156,419.70001220703125,394.5,399.29998779296875,18847,0.0,0.0
2021-01-12 00:00:00-05:00,411.0,416.3999938964844,395.1000061035156,404.3999938964844,13360,0.0,0.0
2021-01-13 00:00:00-05:00,412.20001220703125,412.20001220703125,393.8999938964844,396.0,14693,0.0,0.0
2021-01-14 00:00:00-05:00,399.0,404.3999938964844,396.0,404.1000061035156,10403,0.0,0.0
2021-01-15 00:00:00-05:00,408.29998779296875,434.70001220703125,405.6000061035156,428.1000061035156,37123,0.0,0.0
2021-01-19 00:00:00-05:00,435.0,454.5,424.79998779296875,450.29998779296875,31907,0.0,0.0
2021-01-20 00:00:00-05:00,452.70001220703125,455.3999938964844,432.8999938964844,433.5,19973,0.0,0.0
2021-01-21 00:00:00-05:00,444.29998779296875,444.29998779296875,425.70001220703125,425.70001220703125,18867,0.0,0.0
2021-01-22 00:00:00-05:00,426.6000061035156,430.79998779296875,411.0,427.5,17590,0.0,0.0
2021-01-25 00:00:00-05:00,435.0,460.20001220703125,427.5,449.1000061035156,24850,0.0,0.0
2021-01-26 00:00:00-05:00,445.5,459.29998779296875,430.5,434.70001220703125,21570,0.0,0.0
2021-01-27 00:00:00-05:00,427.5,1227.300048828125,418.5,750.0,490950,0.0,0.0
2021-01-28 00:00:00-05:00,811.5,1050.0,560.4000244140625,582.0,189080,0.0,0.0
2021-01-29 00:00:00-05:00,701.4000244140625,802.2000122070312,646.2000122070312,748.5,129440,0.0,0.0
2021-02-01 00:00:00-05:00,765.0,836.7000122070312,730.2000122070312,829.2000122070312,67683,0.0,0.0
2021-02-02 00:00:00-05:00,766.7999877929688,767.0999755859375,649.2000122070312,681.5999755859375,53510,0.0,0.0
2021-02-03 00:00:00-05:00,705.2999877929688,705.2999877929688,586.5,616.2000122070312,55020,0.0,0.0
2021-02-04 00:00:00-05:00,634.7999877929688,657.2999877929688,613.2000122070312,629.0999755859375,32370,0.0,0.0
2021-02-05 00:00:00-05:00,629.0999755859375,717.2999877929688,622.5,707.7000122070312,46330,0.0,0.0
2021-02-08 00:00:00-05:00,649.2000122070312,732.9000244140625,636.0,732.9000244140625,35403,0.0,0.0
2021-02-09 00:00:00-05:00,732.2999877929688,745.5,705.0,707.0999755859375,17607,0.0,0.0
2021-02-10 00:00:00-05:00,708.0,722.4000244140625,660.2999877929688,677.0999755859375,25353,0.0,0.0
2021-02-11 00:00:00-05:00,685.5,704.7000122070312,666.5999755859375,691.7999877929688,15940,0.0,0.0
2021-02-12 00:00:00-05:00,681.2999877929688,712.5,667.5,706.5,19583,0.0,0.0
2021-02-16 00:00:00-05:00,720.0,726.9000244140625,638.4000244140625,638.4000244140625,40273,0.0,0.0
2021-02-17 00:00:00-05:00,636.5999755859375,652.2000122070312,600.0,610.7999877929688,29520,0.0,0.0
2021-02-18 00:00:00-05:00,605.4000244140625,611.4000244140625,580.5,581.0999755859375,23333,0.0,0.0
2021-02-19 00:00:00-05:00,584.0999755859375,630.0,582.0,595.2000122070312,30707,0.0,0.0
2021-02-22 00:00:00-05:00,589.7999877929688,591.0,546.9000244140625,570.0,27987,0.0,0.0
2021-02-23 00:00:00-05:00,540.0,594.9000244140625,540.0,541.7999877929688,27493,0.0,0.0
2021-02-24 00:00:00-05:00,554.0999755859375,568.2000122070312,540.0,550.7999877929688,23123,0.0,0.0
2021-02-25 00:00:00-05:00,580.2000122070312,636.9000244140625,550.7999877929688,550.7999877929688,35170,0.0,0.0
2021-02-26 00:00:00-05:00,555.0,578.0999755859375,532.2000122070312,532.5,21890,0.0,0.0
2021-03-01 00:00:00-05:00,549.9000244140625,577.2000122070312,545.4000244140625,565.5,16677,0.0,0.0
2021-03-02 00:00:00-05:00,570.0,587.7000122070312,561.5999755859375,562.5,12580,0.0,0.0
2021-03-03 00:00:00-05:00,570.9000244140625,585.0,540.0,540.0,18417,0.0,0.0
2021-03-04 00:00:00-05:00,546.9000244140625,559.2000122070312,504.8999938964844,549.5999755859375,28460,0.0,0.0
2021-03-05 00:00:00-05:00,576.0,585.0,541.5,582.5999755859375,24990,0.0,0.0
2021-03-08 00:00:00-05:00,582.5999755859375,594.2999877929688,535.2000122070312,541.7999877929688,15943,0.0,0.0
2021-03-09 00:00:00-05:00,546.0,578.7000122070312,545.4000244140625,549.0,13427,0.0,0.0
2021-03-10 00:00:00-05:00,558.0,568.7999877929688,543.2999877929688,548.4000244140625,10467,0.0,0.0
2021-03-11 00:00:00-05:00,556.5,598.7999877929688,544.7999877929688,597.9000244140625,20530,0.0,0.0
2021-03-12 00:00:00-05:00,588.2999877929688,615.9000244140625,576.0,613.5,15137,0.0,0.0
2021-03-15 00:00:00-04:00,612.0,652.7999877929688,604.5,610.5,21037,0.0,0.0
2021-03-16 00:00:00-04:00,601.5,610.5,572.7000122070312,598.2000122070312,17927,0.0,0.0
2021-03-17 00:00:00-04:00,597.2999877929688,598.2000122070312,544.2000122070312,580.5,29247,0.0,0.0
2021-03-18 00:00:00-04:00,583.7999877929688,586.5,549.9000244140625,553.2000122070312,19257,0.0,0.0
2021-03-19 00:00:00-04:00,575.7000122070312,575.7000122070312,497.70001220703125,531.0,82613,0.0,0.0
2021-03-22 00:00:00-04:00,529.5,558.9000244140625,511.20001220703125,528.2999877929688,27453,0.0,0.0
2021-03-23 00:00:00-04:00,535.2000122070312,535.2000122070312,510.0,510.0,23200,0.0,0.0
2021-03-24 00:00:00-04:00,516.0,541.7999877929688,506.3999938964844,506.3999938964844,34027,0.0,0.0
2021-03-25 00:00:00-04:00,481.20001220703125,525.0,472.20001220703125,525.0,20840,0.0,0.0
2021-03-26 00:00:00-04:00,540.0,540.0,483.0,493.20001220703125,18130,0.0,0.0
2021-03-29 00:00:00-04:00,491.3999938964844,497.70001220703125,453.0,454.20001220703125,25560,0.0,0.0
2021-03-30 00:00:00-04:00,459.0,475.79998779296875,415.5,465.6000061035156,27287,0.0,0.0
2021-03-31 00:00:00-04:00,471.6000061035156,496.5,450.6000061035156,456.29998779296875,19967,0.0,0.0
2021-04-01 00:00:00-04:00,460.79998779296875,496.5,453.29998779296875,494.1000061035156,17170,0.0,0.0
2021-04-05 00:00:00-04:00,517.2000122070312,518.0999755859375,494.70001220703125,513.9000244140625,18433,0.0,0.0
2021-04-06 00:00:00-04:00,525.0,558.0,519.2999877929688,526.7999877929688,26283,0.0,0.0
2021-04-07 00:00:00-04:00,524.4000244140625,531.9000244140625,483.29998779296875,488.70001220703125,22880,0.0,0.0
2021-04-08 00:00:00-04:00,474.0,496.5,473.1000061035156,490.5,13310,0.0,0.0
2021-04-09 00:00:00-04:00,489.8999938964844,501.29998779296875,473.70001220703125,483.8999938964844,13580,0.0,0.0
2021-04-12 00:00:00-04:00,486.0,566.0999755859375,466.5,484.5,125857,0.0,0.0
2021-04-13 00:00:00-04:00,486.0,493.20001220703125,451.5,472.20001220703125,35863,0.0,0.0
2021-04-14 00:00:00-04:00,481.79998779296875,520.5,473.3999938964844,503.70001220703125,43300,0.0,0.0
2021-04-15 00:00:00-04:00,503.3999938964844,518.0999755859375,480.0,494.1000061035156,22593,0.0,0.0
2021-04-16 00:00:00-04:00,500.1000061035156,529.7999877929688,487.20001220703125,524.0999755859375,29187,0.0,0.0
2021-04-19 00:00:00-04:00,511.5,528.5999755859375,502.79998779296875,503.1000061035156,19407,0.0,0.0
2021-04-20 00:00:00-04:00,506.1000061035156,563.7000122070312,494.1000061035156,561.2999877929688,39470,0.0,0.0
2021-04-21 00:00:00-04:00,563.0999755859375,617.0999755859375,556.5,601.5,40430,0.0,0.0
2021-04-22 00:00:00-04:00,629.7000122070312,835.7999877929688,619.7999877929688,732.0,327520,0.0,0.0
2021-04-23 00:00:00-04:00,699.0,779.0999755859375,657.5999755859375,732.5999755859375,65520,0.0,0.0
2021-04-26 00:00:00-04:00,705.5999755859375,760.2000122070312,705.2999877929688,752.0999755859375,28243,0.0,0.0
2021-04-27 00:00:00-04:00,772.7999877929688,831.0,759.0,824.7000122070312,46900,0.0,0.0
2021-04-28 00:00:00-04:00,814.5,835.2000122070312,757.7999877929688,770.4000244140625,38867,0.0,0.0
2021-04-29 00:00:00-04:00,747.0,765.0,736.7999877929688,755.0999755859375,23743,0.0,0.0
2021-04-30 00:00:00-04:00,754.5,777.2999877929688,714.0,723.9000244140625,21697,0.0,0.0
2021-05-03 00:00:00-04:00,721.7999877929688,729.0,645.0,657.0,34347,0.0,0.0
2021-05-04 00:00:00-04:00,651.0,696.0,633.9000244140625,675.0,23823,0.0,0.0
2021-05-05 00:00:00-04:00,665.0999755859375,665.0999755859375,633.0,636.2999877929688,10480,0.0,0.0
2021-05-06 00:00:00-04:00,627.5999755859375,632.4000244140625,581.7000122070312,595.7999877929688,29853,0.0,0.0
2021-05-07 00:00:00-04:00,613.2000122070312,674.7000122070312,607.5,641.7000122070312,20477,0.0,0.0
2021-05-10 00:00:00-04:00,630.9000244140625,637.5,601.7999877929688,620.0999755859375,15053,0.0,0.0
2021-05-11 00:00:00-04:00,600.0,654.0,592.7999877929688,643.2000122070312,14883,0.0,0.0
2021-05-12 00:00:00-04:00,641.0999755859375,657.0,594.5999755859375,597.5999755859375,15973,0.0,0.0
2021-05-13 00:00:00-04:00,615.5999755859375,633.0,592.5,618.2999877929688,15520,0.0,0.0
2021-05-14 00:00:00-04:00,629.0999755859375,681.2999877929688,609.2999877929688,669.9000244140625,18890,0.0,0.0
2021-05-17 00:00:00-04:00,604.2000122070312,645.0,555.5999755859375,566.7000122070312,41700,0.0,0.0
2021-05-18 00:00:00-04:00,570.0,605.7000122070312,561.0,589.7999877929688,22997,0.0,0.0
2021-05-19 00:00:00-04:00,566.7000122070312,605.0999755859375,558.5999755859375,594.0,15510,0.0,0.0
2021-05-20 00:00:00-04:00,594.0,619.5,588.0,613.7999877929688,11450,0.0,0.0
2021-05-21 00:00:00-04:00,621.0,644.7000122070312,613.7999877929688,623.4000244140625,14030,0.0,0.0
2021-05-24 00:00:00-04:00,615.9000244140625,627.2999877929688,580.5,601.5,23867,0.0,0.0
2021-05-25 00:00:00-04:00,563.4000244140625,618.0,561.2999877929688,591.0,23020,0.0,0.0
2021-05-26 00:00:00-04:00,586.2000122070312,649.7999877929688,582.2999877929688,648.0,19320,0.0,0.0
2021-05-27 00:00:00-04:00,656.0999755859375,724.5,648.5999755859375,707.7000122070312,33137,0.0,0.0
2021-05-28 00:00:00-04:00,648.0,702.0,640.7999877929688,645.2999877929688,20943,0.0,0.0
2021-06-01 00:00:00-04:00,660.0,689.4000244140625,645.5999755859375,656.7000122070312,21187,0.0,0.0
2021-06-02 00:00:00-04:00,662.0999755859375,756.5999755859375,656.0999755859375,732.9000244140625,37663,0.0,0.0
2021-06-03 00:00:00-04:00,717.5999755859375,744.0,686.0999755859375,727.2000122070312,16323,0.0,0.0
2021-06-04 00:00:00-04:00,726.2999877929688,766.5,720.0,741.5999755859375,18383,0.0,0.0
2021-06-07 00:00:00-04:00,753.9000244140625,753.9000244140625,701.0999755859375,716.4000244140625,23903,0.0,0.0
2021-06-08 00:00:00-04:00,717.2999877929688,724.7999877929688,692.0999755859375,714.5999755859375,15057,0.0,0.0
2021-06-09 00:00:00-04:00,637.5,666.2999877929688,631.5,632.4000244140625,70483,0.0,0.0
2021-06-10 00:00:00-04:00,630.2999877929688,667.5,625.5,664.5,25497,0.0,0.0
2021-06-11 00:00:00-04:00,660.0,673.5,640.7999877929688,666.2999877929688,23953,0.0,0.0
2021-06-14 00:00:00-04:00,672.0,678.9000244140625,636.2999877929688,640.5,24880,0.0,0.0
2021-06-15 00:00:00-04:00,652.5,652.5,621.0,627.2999877929688,18067,0.0,0.0
2021-06-16 00:00:00-04:00,625.7999877929688,657.0,619.5,642.2999877929688,22330,0.0,0.0
2021-06-17 00:00:00-04:00,630.0,655.5,623.0999755859375,645.2999877929688,14477,0.0,0.0
2021-06-18 00:00:00-04:00,631.5,678.5999755859375,630.2999877929688,665.0999755859375,45483,0.0,0.0
2021-06-21 00:00:00-04:00,673.7999877929688,684.0,657.2999877929688,665.0999755859375,31020,0.0,0.0
2021-06-22 00:00:00-04:00,658.5,670.7999877929688,643.5,663.9000244140625,15800,0.0,0.0
2021-06-23 00:00:00-04:00,665.4000244140625,732.2999877929688,660.0,684.2999877929688,33720,0.0,0.0
2021-06-24 00:00:00-04:00,678.0,716.4000244140625,667.7999877929688,715.2000122070312,19877,0.0,0.0
2021-06-25 00:00:00-04:00,719.7000122070312,770.0999755859375,712.7999877929688,752.4000244140625,50937,0.0,0.0
2021-06-28 00:00:00-04:00,807.0,818.4000244140625,270.0,410.70001220703125,541503,0.0,0.0
2021-06-29 00:00:00-04:00,415.20001220703125,440.1000061035156,370.5,384.8999938964844,222850,0.0,0.0
2021-06-30 00:00:00-04:00,360.0,364.5,246.0,260.3999938964844,508440,0.0,0.0
2021-07-01 00:00:00-04:00,263.1000061035156,282.0,246.3000030517578,259.5,256967,0.0,0.0
2021-07-02 00:00:00-04:00,255.3000030517578,257.3999938964844,212.39999389648438,241.5,231400,0.0,0.0
2021-07-06 00:00:00-04:00,234.0,260.70001220703125,230.6999969482422,240.0,172657,0.0,0.0
2021-07-07 00:00:00-04:00,245.39999389648438,273.0,222.60000610351562,260.3999938964844,251760,0.0,0.0
2021-07-08 00:00:00-04:00,266.3999938964844,266.70001220703125,244.5,254.39999389648438,65153,0.0,0.0
2021-07-09 00:00:00-04:00,252.60000610351562,274.5,250.8000030517578,266.70001220703125,73017,0.0,0.0
2021-07-12 00:00:00-04:00,274.79998779296875,292.20001220703125,252.89999389648438,260.1000061035156,96170,0.0,0.0
2021-07-13 00:00:00-04:00,255.3000030517578,259.79998779296875,240.0,244.8000030517578,58657,0.0,0.0
2021-07-14 00:00:00-04:00,245.6999969482422,252.89999389648438,232.5,234.3000030517578,100317,0.0,0.0
2021-07-15 00:00:00-04:00,232.8000030517578,235.8000030517578,223.1999969482422,229.5,53257,0.0,0.0
2021-07-16 00:00:00-04:00,237.0,244.8000030517578,225.0,237.89999389648438,47650,0.0,0.0
2021-07-19 00:00:00-04:00,226.5,235.5,225.0,229.5,34990,0.0,0.0
2021-07-20 00:00:00-04:00,229.5,232.5,221.10000610351562,229.1999969482422,39287,0.0,0.0
2021-07-21 00:00:00-04:00,229.5,254.39999389648438,226.5,245.39999389648438,39613,0.0,0.0
2021-07-22 00:00:00-04:00,244.5,247.5,232.5,236.10000610351562,26387,0.0,0.0
2021-07-23 00:00:00-04:00,237.0,238.1999969482422,226.1999969482422,230.39999389648438,24010,0.0,0.0
2021-07-26 00:00:00-04:00,231.0,238.5,225.3000030517578,232.1999969482422,26353,0.0,0.0
2021-07-27 00:00:00-04:00,230.10000610351562,244.5,221.10000610351562,238.8000030517578,30160,0.0,0.0
2021-07-28 00:00:00-04:00,236.39999389648438,249.60000610351562,235.5,249.0,22827,0.0,0.0
2021-07-29 00:00:00-04:00,249.0,253.5,232.5,233.6999969482422,22727,0.0,0.0
2021-07-30 00:00:00-04:00,233.6999969482422,245.39999389648438,232.8000030517578,240.89999389648438,18363,0.0,0.0
2021-08-02 00:00:00-04:00,240.89999389648438,249.0,235.5,244.5,22930,0.0,0.0
2021-08-03 00:00:00-04:00,246.0,250.8000030517578,242.6999969482422,249.3000030517578,21180,0.0,0.0
2021-08-04 00:00:00-04:00,245.39999389648438,266.3999938964844,244.5,264.8999938964844,46800,0.0,0.0
2021-08-05 00:00:00-04:00,264.0,279.8999938964844,255.89999389648438,277.5,43120,0.0,0.0
2021-08-06 00:00:00-04:00,274.5,289.20001220703125,264.29998779296875,275.1000061035156,64873,0.0,0.0
2021-08-09 00:00:00-04:00,270.0,284.3999938964844,267.0,272.70001220703125,17757,0.0,0.0
2021-08-10 00:00:00-04:00,271.5,282.6000061035156,268.79998779296875,269.70001220703125,18923,0.0,0.0
2021-08-11 00:00:00-04:00,272.70001220703125,273.0,257.1000061035156,267.6000061035156,18993,0.0,0.0
2021-08-12 00:00:00-04:00,268.79998779296875,284.70001220703125,265.79998779296875,282.29998779296875,23710,0.0,0.0
2021-08-13 00:00:00-04:00,284.3999938964844,286.5,268.79998779296875,270.8999938964844,17763,0.0,0.0
2021-08-16 00:00:00-04:00,267.0,282.8999938964844,256.79998779296875,271.79998779296875,23157,0.0,0.0
2021-08-17 00:00:00-04:00,265.79998779296875,284.3999938964844,264.0,283.79998779296875,33150,0.0,0.0
2021-08-18 00:00:00-04:00,281.70001220703125,296.3999938964844,276.6000061035156,282.29998779296875,31950,0.0,0.0
2021-08-19 00:00:00-04:00,278.1000061035156,291.29998779296875,278.1000061035156,279.8999938964844,17850,0.0,0.0
2021-08-20 00:00:00-04:00,278.70001220703125,293.3999938964844,270.0,285.8999938964844,27223,0.0,0.0
2021-08-23 00:00:00-04:00,288.0,299.3999938964844,282.29998779296875,294.6000061035156,28050,0.0,0.0
2021-08-24 00:00:00-04:00,292.79998779296875,306.29998779296875,292.79998779296875,300.6000061035156,25173,0.0,0.0
2021-08-25 00:00:00-04:00,295.20001220703125,315.29998779296875,294.29998779296875,308.1000061035156,32863,0.0,0.0
2021-08-26 00:00:00-04:00,306.6000061035156,321.0,303.8999938964844,305.3999938964844,23950,0.0,0.0
2021-08-27 00:00:00-04:00,303.0,329.1000061035156,301.5,323.70001220703125,31177,0.0,0.0
2021-08-30 00:00:00-04:00,323.70001220703125,336.6000061035156,320.1000061035156,326.3999938964844,19110,0.0,0.0
2021-08-31 00:00:00-04:00,325.5,353.70001220703125,322.5,347.3999938964844,31230,0.0,0.0
2021-09-01 00:00:00-04:00,350.1000061035156,364.5,334.5,340.79998779296875,39433,0.0,0.0
2021-09-02 00:00:00-04:00,337.5,375.0,336.6000061035156,374.70001220703125,36480,0.0,0.0
2021-09-03 00:00:00-04:00,375.0,382.5,345.0,345.29998779296875,35140,0.0,0.0
2021-09-07 00:00:00-04:00,353.3999938964844,372.0,344.70001220703125,361.20001220703125,24603,0.0,0.0
2021-09-08 00:00:00-04:00,363.0,370.20001220703125,342.0,344.70001220703125,21967,0.0,0.0
2021-09-09 00:00:00-04:00,351.0,352.79998779296875,324.6000061035156,340.20001220703125,25510,0.0,0.0
2021-09-10 00:00:00-04:00,337.79998779296875,349.5,327.6000061035156,344.3999938964844,18187,0.0,0.0
2021-09-13 00:00:00-04:00,347.1000061035156,353.70001220703125,332.3999938964844,345.29998779296875,18960,0.0,0.0
2021-09-14 00:00:00-04:00,349.5,351.6000061035156,316.20001220703125,316.20001220703125,25997,0.0,0.0
2021-09-15 00:00:00-04:00,315.0,342.0,309.29998779296875,335.70001220703125,17510,0.0,0.0
2021-09-16 00:00:00-04:00,331.5,343.20001220703125,328.20001220703125,339.0,13783,0.0,0.0
2021-09-17 00:00:00-04:00,341.3999938964844,367.5,332.70001220703125,364.79998779296875,83160,0.0,0.0
2021-09-20 00:00:00-04:00,346.79998779296875,352.79998779296875,333.6000061035156,334.5,23090,0.0,0.0
2021-09-21 00:00:00-04:00,336.0,353.3999938964844,335.70001220703125,352.20001220703125,14540,0.0,0.0
2021-09-22 00:00:00-04:00,354.0,364.79998779296875,349.20001220703125,355.20001220703125,11267,0.0,0.0
2021-09-23 00:00:00-04:00,363.0,367.5,354.6000061035156,367.20001220703125,15927,0.0,0.0
2021-09-24 00:00:00-04:00,363.29998779296875,365.3999938964844,352.5,358.5,12097,0.0,0.0
2021-09-27 00:00:00-04:00,360.0,387.0,356.1000061035156,366.8999938964844,28733,0.0,0.0
2021-09-28 00:00:00-04:00,361.20001220703125,371.70001220703125,339.0,339.8999938964844,22167,0.0,0.0
2021-09-29 00:00:00-04:00,338.70001220703125,350.3999938964844,326.1000061035156,331.20001220703125,15577,0.0,0.0
2021-09-30 00:00:00-04:00,333.6000061035156,344.3999938964844,324.8999938964844,329.70001220703125,11783,0.0,0.0
2021-10-01 00:00:00-04:00,334.79998779296875,347.70001220703125,317.3999938964844,341.70001220703125,18020,0.0,0.0
2021-10-04 00:00:00-04:00,333.6000061035156,351.0,324.8999938964844,327.6000061035156,15830,0.0,0.0
2021-10-05 00:00:00-04:00,329.1000061035156,335.1000061035156,317.3999938964844,321.29998779296875,14703,0.0,0.0
2021-10-06 00:00:00-04:00,316.20001220703125,320.70001220703125,300.6000061035156,303.0,19707,0.0,0.0
2021-10-07 00:00:00-04:00,305.1000061035156,320.1000061035156,300.6000061035156,318.6000061035156,12607,0.0,0.0
2021-10-08 00:00:00-04:00,316.20001220703125,319.79998779296875,300.8999938964844,303.8999938964844,9663,0.0,0.0
2021-10-11 00:00:00-04:00,304.20001220703125,319.20001220703125,300.8999938964844,311.1000061035156,11067,0.0,0.0
2021-10-12 00:00:00-04:00,309.29998779296875,319.5,308.1000061035156,318.6000061035156,8017,0.0,0.0
2021-10-13 00:00:00-04:00,318.29998779296875,319.5,303.29998779296875,308.70001220703125,10347,0.0,0.0
2021-10-14 00:00:00-04:00,316.79998779296875,328.79998779296875,313.5,318.8999938964844,14403,0.0,0.0
2021-10-15 00:00:00-04:00,318.0,327.0,309.6000061035156,312.0,14793,0.0,0.0
2021-10-18 00:00:00-04:00,312.0,324.0,309.6000061035156,312.6000061035156,18650,0.0,0.0
2021-10-19 00:00:00-04:00,318.0,343.20001220703125,311.3999938964844,341.1000061035156,19953,0.0,0.0
2021-10-20 00:00:00-04:00,336.6000061035156,352.20001220703125,331.5,339.8999938964844,13273,0.0,0.0
2021-10-21 00:00:00-04:00,339.0,357.8999938964844,337.20001220703125,341.70001220703125,13387,0.0,0.0
2021-10-22 00:00:00-04:00,337.79998779296875,351.0,333.0,342.6000061035156,17697,0.0,0.0
2021-10-25 00:00:00-04:00,342.29998779296875,351.29998779296875,329.1000061035156,343.20001220703125,18630,0.0,0.0
2021-10-26 00:00:00-04:00,348.29998779296875,349.79998779296875,336.6000061035156,340.79998779296875,18767,0.0,0.0
2021-10-27 00:00:00-04:00,340.5,343.5,322.5,324.0,15630,0.0,0.0
2021-10-28 00:00:00-04:00,321.8999938964844,350.70001220703125,321.8999938964844,350.1000061035156,24093,0.0,0.0
2021-10-29 00:00:00-04:00,350.3999938964844,354.6000061035156,334.79998779296875,336.0,26477,0.0,0.0
2021-11-01 00:00:00-04:00,338.1000061035156,355.79998779296875,337.5,354.6000061035156,27440,0.0,0.0
2021-11-02 00:00:00-04:00,351.6000061035156,375.0,348.0,373.5,22930,0.0,0.0
2021-11-03 00:00:00-04:00,375.0,384.6000061035156,367.79998779296875,384.6000061035156,21450,0.0,0.0
2021-11-04 00:00:00-04:00,380.3999938964844,380.3999938964844,363.0,364.79998779296875,20900,0.0,0.0
2021-11-05 00:00:00-04:00,360.0,373.20001220703125,354.0,360.8999938964844,14010,0.0,0.0
2021-11-08 00:00:00-05:00,363.8999938964844,375.8999938964844,363.8999938964844,371.3999938964844,15957,0.0,0.0
2021-11-09 00:00:00-05:00,368.70001220703125,375.0,359.70001220703125,362.3999938964844,12997,0.0,0.0
2021-11-10 00:00:00-05:00,360.0,372.6000061035156,350.1000061035156,352.20001220703125,20917,0.0,0.0
2021-11-11 00:00:00-05:00,352.79998779296875,366.6000061035156,352.79998779296875,357.6000061035156,12180,0.0,0.0
2021-11-12 00:00:00-05:00,360.0,367.5,353.3999938964844,365.70001220703125,17407,0.0,0.0
2021-11-15 00:00:00-05:00,361.79998779296875,366.6000061035156,342.8999938964844,345.8999938964844,19303,0.0,0.0
2021-11-16 00:00:00-05:00,344.1000061035156,352.5,339.0,345.8999938964844,13863,0.0,0.0
2021-11-17 00:00:00-05:00,342.8999938964844,347.1000061035156,329.3999938964844,331.5,23083,0.0,0.0
2021-11-18 00:00:00-05:00,335.1000061035156,335.1000061035156,309.0,314.3999938964844,27377,0.0,0.0
2021-11-19 00:00:00-05:00,313.79998779296875,339.6000061035156,312.0,329.3999938964844,21750,0.0,0.0
2021-11-22 00:00:00-05:00,327.6000061035156,332.70001220703125,309.29998779296875,310.20001220703125,23407,0.0,0.0
2021-11-23 00:00:00-05:00,311.70001220703125,327.8999938964844,311.1000061035156,324.8999938964844,27660,0.0,0.0
2021-11-24 00:00:00-05:00,323.1000061035156,329.1000061035156,306.29998779296875,326.3999938964844,19963,0.0,0.0
2021-11-26 00:00:00-05:00,315.0,327.0,303.8999938964844,306.6000061035156,31593,0.0,0.0
2021-11-29 00:00:00-05:00,313.79998779296875,315.8999938964844,294.8999938964844,296.1000061035156,25033,0.0,0.0
2021-11-30 00:00:00-05:00,297.0,313.20001220703125,288.0,308.1000061035156,41600,0.0,0.0
2021-12-01 00:00:00-05:00,312.29998779296875,312.29998779296875,280.20001220703125,281.70001220703125,25040,0.0,0.0
2021-12-02 00:00:00-05:00,283.79998779296875,294.29998779296875,272.70001220703125,292.20001220703125,30110,0.0,0.0
2021-12-03 00:00:00-05:00,295.5,297.29998779296875,251.39999389648438,256.20001220703125,59113,0.0,0.0
2021-12-06 00:00:00-05:00,257.3999938964844,277.20001220703125,243.0,267.6000061035156,40217,0.0,0.0
2021-12-07 00:00:00-05:00,279.8999938964844,306.6000061035156,277.5,297.6000061035156,54273,0.0,0.0
2021-12-08 00:00:00-05:00,297.6000061035156,302.1000061035156,287.1000061035156,291.6000061035156,36450,0.0,0.0
2021-12-09 00:00:00-05:00,287.1000061035156,289.5,264.0,264.6000061035156,52790,0.0,0.0
2021-12-10 00:00:00-05:00,272.3999938964844,279.0,263.3999938964844,265.5,28287,0.0,0.0
2021-12-13 00:00:00-05:00,261.29998779296875,270.6000061035156,246.89999389648438,258.0,26400,0.0,0.0
2021-12-14 00:00:00-05:00,255.0,255.60000610351562,235.1999969482422,237.0,37153,0.0,0.0
2021-12-15 00:00:00-05:00,238.5,260.3999938964844,220.1999969482422,259.5,58630,0.0,0.0
2021-12-16 00:00:00-05:00,258.29998779296875,260.70001220703125,236.6999969482422,238.8000030517578,34390,0.0,0.0
2021-12-17 00:00:00-05:00,238.8000030517578,252.3000030517578,234.0,243.89999389648438,159520,0.0,0.0
2021-12-20 00:00:00-05:00,239.39999389648438,248.10000610351562,232.5,240.0,26847,0.0,0.0
2021-12-21 00:00:00-05:00,240.60000610351562,248.6999969482422,230.39999389648438,234.89999389648438,27710,0.0,0.0
2021-12-22 00:00:00-05:00,234.60000610351562,246.0,226.8000030517578,242.6999969482422,26373,0.0,0.0
2021-12-23 00:00:00-05:00,241.5,257.1000061035156,237.0,251.10000610351562,19360,0.0,0.0
2021-12-27 00:00:00-05:00,247.5,251.10000610351562,234.0,234.3000030517578,25443,0.0,0.0
2021-12-28 00:00:00-05:00,235.5,248.6999969482422,233.6999969482422,234.60000610351562,16270,0.0,0.0
2021-12-29 00:00:00-05:00,233.39999389648438,237.0,225.60000610351562,229.1999969482422,20737,0.0,0.0
2021-12-30 00:00:00-05:00,223.8000030517578,237.3000030517578,217.5,225.60000610351562,22237,0.0,0.0
2021-12-31 00:00:00-05:00,225.0,232.5,211.8000030517578,213.0,22830,0.0,0.0
2022-01-03 00:00:00-05:00,216.3000030517578,231.89999389648438,213.0,231.0,17760,0.0,0.0
2022-01-04 00:00:00-05:00,230.6999969482422,231.89999389648438,219.0,220.5,13390,0.0,0.0
2022-01-05 00:00:00-05:00,219.60000610351562,223.8000030517578,196.5,196.8000030517578,25260,0.0,0.0
2022-01-06 00:00:00-05:00,199.5,207.0,186.60000610351562,204.89999389648438,22443,0.0,0.0
2022-01-07 00:00:00-05:00,203.6999969482422,204.89999389648438,183.89999389648438,185.6999969482422,19403,0.0,0.0
2022-01-10 00:00:00-05:00,192.89999389648438,197.10000610351562,183.0,190.8000030517578,21083,0.0,0.0
2022-01-11 00:00:00-05:00,195.3000030517578,200.6999969482422,186.3000030517578,194.10000610351562,9447,0.0,0.0
2022-01-12 00:00:00-05:00,197.39999389648438,197.6999969482422,184.5,184.8000030517578,18280,0.0,0.0
2022-01-13 00:00:00-05:00,186.3000030517578,192.89999389648438,182.39999389648438,183.0,17270,0.0,0.0
2022-01-14 00:00:00-05:00,180.0,199.8000030517578,180.0,198.3000030517578,34817,0.0,0.0
2022-01-18 00:00:00-05:00,192.3000030517578,196.1999969482422,177.3000030517578,177.60000610351562,34617,0.0,0.0
2022-01-19 00:00:00-05:00,180.3000030517578,196.5,178.1999969482422,183.89999389648438,30823,0.0,0.0
2022-01-20 00:00:00-05:00,183.89999389648438,190.5,174.60000610351562,174.60000610351562,30550,0.0,0.0
2022-01-21 00:00:00-05:00,174.0,183.89999389648438,168.89999389648438,169.1999969482422,39790,0.0,0.0
2022-01-24 00:00:00-05:00,165.0,186.0,159.3000030517578,185.10000610351562,34860,0.0,0.0
2022-01-25 00:00:00-05:00,178.8000030517578,180.3000030517578,165.3000030517578,174.0,32773,0.0,0.0
2022-01-26 00:00:00-05:00,180.0,191.39999389648438,166.5,168.89999389648438,26050,0.0,0.0
2022-01-27 00:00:00-05:00,171.3000030517578,176.39999389648438,155.39999389648438,155.6999969482422,19290,0.0,0.0
2022-01-28 00:00:00-05:00,156.0,175.5,153.3000030517578,171.60000610351562,28650,0.0,0.0
2022-01-31 00:00:00-05:00,168.0,183.0,168.0,181.1999969482422,20357,0.0,0.0
2022-02-01 00:00:00-05:00,182.10000610351562,190.5,175.1999969482422,180.60000610351562,16093,0.0,0.0
2022-02-02 00:00:00-05:00,181.5,181.5,163.5,164.10000610351562,24477,0.0,0.0
2022-02-03 00:00:00-05:00,164.39999389648438,174.3000030517578,159.60000610351562,160.5,21903,0.0,0.0
2022-02-04 00:00:00-05:00,162.89999389648438,176.39999389648438,160.1999969482422,167.6999969482422,18633,0.0,0.0
2022-02-07 00:00:00-05:00,168.3000030517578,175.1999969482422,165.3000030517578,171.3000030517578,17343,0.0,0.0
2022-02-08 00:00:00-05:00,171.0,172.8000030517578,166.1999969482422,170.6999969482422,13090,0.0,0.0
2022-02-09 00:00:00-05:00,172.5,187.1999969482422,172.1999969482422,186.60000610351562,36900,0.0,0.0
2022-02-10 00:00:00-05:00,180.3000030517578,195.3000030517578,166.5,168.3000030517578,36083,0.0,0.0
2022-02-11 00:00:00-05:00,171.0,178.1999969482422,166.5,168.89999389648438,14343,0.0,0.0
2022-02-14 00:00:00-05:00,167.39999389648438,173.6999969482422,159.60000610351562,162.3000030517578,17680,0.0,0.0
2022-02-15 00:00:00-05:00,167.39999389648438,175.8000030517578,158.39999389648438,174.89999389648438,20833,0.0,0.0
2022-02-16 00:00:00-05:00,172.1999969482422,178.8000030517578,168.3000030517578,173.39999389648438,15590,0.0,0.0
2022-02-17 00:00:00-05:00,171.0,175.1999969482422,162.60000610351562,164.39999389648438,30340,0.0,0.0
2022-02-18 00:00:00-05:00,162.89999389648438,165.89999389648438,156.89999389648438,159.3000030517578,15730,0.0,0.0
2022-02-22 00:00:00-05:00,159.0,169.8000030517578,158.39999389648438,166.1999969482422,17130,0.0,0.0
2022-02-23 00:00:00-05:00,168.0,170.39999389648438,156.89999389648438,158.10000610351562,30787,0.0,0.0
2022-02-24 00:00:00-05:00,149.10000610351562,179.6999969482422,146.39999389648438,178.1999969482422,29097,0.0,0.0
2022-02-25 00:00:00-05:00,175.5,175.5,162.3000030517578,168.60000610351562,16930,0.0,0.0
2022-02-28 00:00:00-05:00,166.1999969482422,178.5,164.10000610351562,173.39999389648438,14413,0.0,0.0
2022-03-01 00:00:00-05:00,172.5,178.1999969482422,168.0,170.6999969482422,13677,0.0,0.0
2022-03-02 00:00:00-05:00,172.1999969482422,174.60000610351562,164.39999389648438,167.10000610351562,13603,0.0,0.0
2022-03-03 00:00:00-05:00,168.89999389648438,168.89999389648438,150.3000030517578,155.6999969482422,22577,0.0,0.0
2022-03-04 00:00:00-05:00,153.60000610351562,155.10000610351562,147.3000030517578,148.8000030517578,13480,0.0,0.0
2022-03-07 00:00:00-05:00,151.1999969482422,154.8000030517578,143.39999389648438,147.3000030517578,16720,0.0,0.0
2022-03-08 00:00:00-05:00,146.39999389648438,153.89999389648438,137.6999969482422,144.3000030517578,25243,0.0,0.0
2022-03-09 00:00:00-05:00,148.5,158.10000610351562,145.5,156.60000610351562,24933,0.0,0.0
2022-03-10 00:00:00-05:00,150.89999389648438,154.8000030517578,144.3000030517578,146.6999969482422,16090,0.0,0.0
2022-03-11 00:00:00-05:00,150.0,150.0,136.5,138.0,20457,0.0,0.0
2022-03-14 00:00:00-04:00,137.39999389648438,138.3000030517578,120.30000305175781,121.5,40413,0.0,0.0
2022-03-15 00:00:00-04:00,121.5,125.4000015258789,116.69999694824219,119.69999694824219,27283,0.0,0.0
2022-03-16 00:00:00-04:00,123.0,124.19999694824219,114.0,121.80000305175781,33383,0.0,0.0
2022-03-17 00:00:00-04:00,121.80000305175781,146.10000610351562,120.9000015258789,145.5,43863,0.0,0.0
2022-03-18 00:00:00-04:00,144.0,161.39999389648438,144.0,150.0,180053,0.0,0.0
2022-03-21 00:00:00-04:00,150.0,151.5,127.80000305175781,130.5,26490,0.0,0.0
2022-03-22 00:00:00-04:00,132.3000030517578,136.1999969482422,130.8000030517578,130.8000030517578,17840,0.0,0.0
2022-03-23 00:00:00-04:00,129.60000610351562,132.60000610351562,124.5,125.0999984741211,17990,0.0,0.0
2022-03-24 00:00:00-04:00,125.69999694824219,129.0,119.69999694824219,120.9000015258789,28400,0.0,0.0
2022-03-25 00:00:00-04:00,123.0,124.80000305175781,119.0999984741211,120.0,20620,0.0,0.0
2022-03-28 00:00:00-04:00,120.0,126.30000305175781,120.0,123.5999984741211,16077,0.0,0.0
2022-03-29 00:00:00-04:00,124.5,127.5,120.9000015258789,121.80000305175781,14477,0.0,0.0
2022-03-30 00:00:00-04:00,121.19999694824219,123.5999984741211,116.69999694824219,118.5,16073,0.0,0.0
2022-03-31 00:00:00-04:00,118.80000305175781,120.5999984741211,116.4000015258789,117.9000015258789,11110,0.0,0.0
2022-04-01 00:00:00-04:00,119.4000015258789,122.0999984741211,115.19999694824219,117.30000305175781,14977,0.0,0.0
2022-04-04 00:00:00-04:00,116.4000015258789,120.0,114.9000015258789,117.9000015258789,13607,0.0,0.0
2022-04-05 00:00:00-04:00,120.0,121.19999694824219,110.0999984741211,112.5,19307,0.0,0.0
2022-04-06 00:00:00-04:00,114.0,115.5,109.19999694824219,113.69999694824219,23790,0.0,0.0
2022-04-07 00:00:00-04:00,117.9000015258789,121.5,111.9000015258789,111.9000015258789,26727,0.0,0.0
2022-04-08 00:00:00-04:00,113.0999984741211,118.5,112.5,117.5999984741211,20047,0.0,0.0
2022-04-11 00:00:00-04:00,115.19999694824219,115.19999694824219,104.0999984741211,107.0999984741211,28633,0.0,0.0
2022-04-12 00:00:00-04:00,108.5999984741211,109.19999694824219,97.80000305175781,98.69999694824219,20933,0.0,0.0
2022-04-13 00:00:00-04:00,99.30000305175781,102.30000305175781,94.5,102.30000305175781,26847,0.0,0.0
2022-04-14 00:00:00-04:00,101.4000015258789,101.4000015258789,95.69999694824219,99.0,17557,0.0,0.0
2022-04-18 00:00:00-04:00,105.0,184.1999969482422,102.30000305175781,110.0999984741211,1605790,0.0,0.0
2022-04-19 00:00:00-04:00,105.9000015258789,106.19999694824219,93.9000015258789,96.9000015258789,148437,0.0,0.0
2022-04-20 00:00:00-04:00,101.4000015258789,123.9000015258789,98.0999984741211,108.0,435680,0.0,0.0
2022-04-21 00:00:00-04:00,107.0999984741211,108.0,92.4000015258789,95.0999984741211,82710,0.0,0.0
2022-04-22 00:00:00-04:00,96.30000305175781,97.5,85.5,86.0999984741211,58217,0.0,0.0
2022-04-25 00:00:00-04:00,87.5999984741211,88.80000305175781,84.30000305175781,86.4000015258789,22950,0.0,0.0
2022-04-26 00:00:00-04:00,85.5,86.0999984741211,78.5999984741211,80.4000015258789,33090,0.0,0.0
2022-04-27 00:00:00-04:00,81.9000015258789,84.30000305175781,79.19999694824219,82.19999694824219,23073,0.0,0.0
2022-04-28 00:00:00-04:00,84.5999984741211,84.9000015258789,79.5,82.5,20383,0.0,0.0
2022-04-29 00:00:00-04:00,85.5,92.69999694824219,84.0,85.80000305175781,34187,0.0,0.0
2022-05-02 00:00:00-04:00,86.69999694824219,96.9000015258789,86.0999984741211,96.30000305175781,35300,0.0,0.0
2022-05-03 00:00:00-04:00,96.30000305175781,98.4000015258789,93.5999984741211,97.80000305175781,27793,0.0,0.0
2022-05-04 00:00:00-04:00,99.5999984741211,100.19999694824219,87.0,94.19999694824219,22643,0.0,0.0
2022-05-05 00:00:00-04:00,92.4000015258789,92.4000015258789,82.80000305175781,84.5999984741211,26810,0.0,0.0
2022-05-06 00:00:00-04:00,84.0,92.69999694824219,78.5999984741211,91.5,29660,0.0,0.0
2022-05-09 00:00:00-04:00,87.5999984741211,89.0999984741211,81.9000015258789,85.80000305175781,20300,0.0,0.0
2022-05-10 00:00:00-04:00,89.0999984741211,89.0999984741211,81.9000015258789,87.30000305175781,18627,0.0,0.0
2022-05-11 00:00:00-04:00,86.69999694824219,86.69999694824219,75.30000305175781,77.4000015258789,18593,0.0,0.0
2022-05-12 00:00:00-04:00,75.9000015258789,84.5999984741211,74.69999694824219,84.30000305175781,22313,0.0,0.0
2022-05-13 00:00:00-04:00,86.0999984741211,89.0999984741211,83.4000015258789,85.19999694824219,15370,0.0,0.0
2022-05-16 00:00:00-04:00,80.4000015258789,91.5,80.4000015258789,87.5999984741211,14907,0.0,0.0
2022-05-17 00:00:00-04:00,90.5999984741211,100.19999694824219,90.5999984741211,98.0999984741211,28810,0.0,0.0
2022-05-18 00:00:00-04:00,95.0999984741211,97.80000305175781,88.19999694824219,91.80000305175781,15367,0.0,0.0
2022-05-19 00:00:00-04:00,91.80000305175781,95.4000015258789,88.5,93.9000015258789,11903,0.0,0.0
2022-05-20 00:00:00-04:00,95.0999984741211,96.30000305175781,88.5,93.9000015258789,22493,0.0,0.0
2022-05-23 00:00:00-04:00,94.5,94.5,88.19999694824219,91.19999694824219,23110,0.0,0.0
2022-05-24 00:00:00-04:00,92.0999984741211,92.0999984741211,86.0999984741211,90.0,13993,0.0,0.0
2022-05-25 00:00:00-04:00,90.0,98.69999694824219,86.69999694824219,96.5999984741211,26350,0.0,0.0
2022-05-26 00:00:00-04:00,97.5,97.5,90.30000305175781,90.30000305175781,23163,0.0,0.0
2022-05-27 00:00:00-04:00,93.0,106.5,91.5,104.69999694824219,42573,0.0,0.0
2022-05-31 00:00:00-04:00,109.5,125.0999984741211,104.0999984741211,109.5,80660,0.0,0.0
2022-06-01 00:00:00-04:00,113.0999984741211,114.0,106.80000305175781,109.80000305175781,28137,0.0,0.0
2022-06-02 00:00:00-04:00,114.0,131.10000610351562,110.0999984741211,123.5999984741211,55207,0.0,0.0
2022-06-03 00:00:00-04:00,127.5,136.5,111.0,111.5999984741211,87220,0.0,0.0
2022-06-06 00:00:00-04:00,111.9000015258789,114.5999984741211,99.30000305175781,102.30000305175781,33433,0.0,0.0
2022-06-07 00:00:00-04:00,99.30000305175781,113.4000015258789,92.0999984741211,111.5999984741211,38413,0.0,0.0
2022-06-08 00:00:00-04:00,112.80000305175781,117.9000015258789,107.69999694824219,111.0,16013,0.0,0.0
2022-06-09 00:00:00-04:00,110.69999694824219,116.0999984741211,105.5999984741211,107.0999984741211,14807,0.0,0.0
2022-06-10 00:00:00-04:00,102.9000015258789,105.9000015258789,96.30000305175781,100.5,12730,0.0,0.0
2022-06-13 00:00:00-04:00,99.5999984741211,108.0,96.0,107.0999984741211,16443,0.0,0.0
2022-06-14 00:00:00-04:00,107.69999694824219,111.9000015258789,104.69999694824219,108.30000305175781,20573,0.0,0.0
2022-06-15 00:00:00-04:00,113.0999984741211,119.69999694824219,108.9000015258789,115.80000305175781,19987,0.0,0.0
2022-06-16 00:00:00-04:00,110.0999984741211,114.30000305175781,108.5999984741211,111.5999984741211,19107,0.0,0.0
2022-06-17 00:00:00-04:00,114.5999984741211,126.0,113.69999694824219,117.9000015258789,27833,0.0,0.0
2022-06-21 00:00:00-04:00,119.0999984741211,122.69999694824219,116.4000015258789,122.0999984741211,15453,0.0,0.0
2022-06-22 00:00:00-04:00,122.69999694824219,134.39999389648438,122.4000015258789,132.0,27317,0.0,0.0
2022-06-23 00:00:00-04:00,131.6999969482422,157.5,131.6999969482422,149.6999969482422,41597,0.0,0.0
2022-06-24 00:00:00-04:00,150.60000610351562,153.0,132.60000610351562,134.6999969482422,157220,0.0,0.0
2022-06-27 00:00:00-04:00,141.89999389648438,143.6999969482422,133.8000030517578,136.8000030517578,15873,0.0,0.0
2022-06-28 00:00:00-04:00,137.10000610351562,138.3000030517578,129.89999389648438,133.5,8287,0.0,0.0
2022-06-29 00:00:00-04:00,130.8000030517578,132.89999389648438,126.5999984741211,132.60000610351562,8183,0.0,0.0
2022-06-30 00:00:00-04:00,131.10000610351562,135.60000610351562,126.0,135.0,8503,0.0,0.0
2022-07-01 00:00:00-04:00,134.6999969482422,139.5,121.5,123.0,13817,0.0,0.0
2022-07-05 00:00:00-04:00,120.0,131.10000610351562,120.0,125.0999984741211,11670,0.0,0.0
2022-07-06 00:00:00-04:00,124.5,132.60000610351562,124.5,131.10000610351562,8557,0.0,0.0
2022-07-07 00:00:00-04:00,133.8000030517578,141.0,131.39999389648438,140.10000610351562,12593,0.0,0.0
2022-07-08 00:00:00-04:00,136.5,143.10000610351562,136.5,138.60000610351562,8177,0.0,0.0
2022-07-11 00:00:00-04:00,138.3000030517578,139.8000030517578,133.8000030517578,134.39999389648438,5453,0.0,0.0
2022-07-12 00:00:00-04:00,133.8000030517578,137.6999969482422,132.0,133.8000030517578,5920,0.0,0.0
2022-07-13 00:00:00-04:00,131.10000610351562,139.5,128.6999969482422,139.5,5197,0.0,0.0
2022-07-14 00:00:00-04:00,137.6999969482422,138.3000030517578,133.5,134.39999389648438,12377,0.0,0.0
2022-07-15 00:00:00-04:00,135.0,136.1999969482422,111.5999984741211,115.19999694824219,39683,0.0,0.0
2022-07-18 00:00:00-04:00,119.0999984741211,120.5999984741211,98.69999694824219,100.19999694824219,23133,0.0,0.0
2022-07-19 00:00:00-04:00,104.4000015258789,117.9000015258789,102.30000305175781,113.69999694824219,21767,0.0,0.0
2022-07-20 00:00:00-04:00,116.0999984741211,129.3000030517578,113.69999694824219,125.69999694824219,28007,0.0,0.0
2022-07-21 00:00:00-04:00,122.69999694824219,124.80000305175781,115.19999694824219,117.9000015258789,9567,0.0,0.0
2022-07-22 00:00:00-04:00,120.30000305175781,120.30000305175781,112.5,114.5999984741211,7020,0.0,0.0
2022-07-25 00:00:00-04:00,115.19999694824219,121.5,112.5,117.9000015258789,4077,0.0,0.0
2022-07-26 00:00:00-04:00,117.5999984741211,119.0999984741211,111.0,111.5999984741211,5873,0.0,0.0
2022-07-27 00:00:00-04:00,111.9000015258789,115.5,108.0,111.0,4307,0.0,0.0
2022-07-28 00:00:00-04:00,111.9000015258789,115.80000305175781,107.69999694824219,112.80000305175781,6037,0.0,0.0
2022-07-29 00:00:00-04:00,113.4000015258789,115.80000305175781,108.5999984741211,114.9000015258789,3633,0.0,0.0
2022-08-01 00:00:00-04:00,115.19999694824219,115.19999694824219,108.0,108.30000305175781,8480,0.0,0.0
2022-08-02 00:00:00-04:00,108.0,115.19999694824219,107.69999694824219,115.19999694824219,5360,0.0,0.0
2022-08-03 00:00:00-04:00,115.80000305175781,117.5999984741211,110.69999694824219,111.9000015258789,6467,0.0,0.0
2022-08-04 00:00:00-04:00,115.5,120.0,111.30000305175781,120.0,8543,0.0,0.0
2022-08-05 00:00:00-04:00,117.9000015258789,129.0,117.9000015258789,126.30000305175781,14413,0.0,0.0
2022-08-08 00:00:00-04:00,126.0,128.39999389648438,119.4000015258789,123.9000015258789,8010,0.0,0.0
2022-08-09 00:00:00-04:00,122.4000015258789,127.80000305175781,116.4000015258789,116.69999694824219,7257,0.0,0.0
2022-08-10 00:00:00-04:00,119.0999984741211,119.4000015258789,114.9000015258789,116.69999694824219,5773,0.0,0.0
2022-08-11 00:00:00-04:00,121.19999694824219,137.10000610351562,115.5,120.0,18853,0.0,0.0
2022-08-12 00:00:00-04:00,121.5,126.0,120.5999984741211,125.0999984741211,3783,0.0,0.0
2022-08-15 00:00:00-04:00,126.0,162.60000610351562,121.80000305175781,156.89999389648438,35940,0.0,0.0
2022-08-16 00:00:00-04:00,139.5,150.0,138.3000030517578,138.60000610351562,16237,0.0,0.0
2022-08-17 00:00:00-04:00,141.0,150.60000610351562,133.1999969482422,135.3000030517578,11597,0.0,0.0
2022-08-18 00:00:00-04:00,135.0,138.60000610351562,122.0999984741211,126.5999984741211,18243,0.0,0.0
2022-08-19 00:00:00-04:00,127.5,144.0,125.0999984741211,131.39999389648438,43080,0.0,0.0
2022-08-22 00:00:00-04:00,132.0,139.1999969482422,129.60000610351562,133.1999969482422,8970,0.0,0.0
2022-08-23 00:00:00-04:00,135.0,136.5,124.5,125.0999984741211,7270,0.0,0.0
2022-08-24 00:00:00-04:00,126.0,132.60000610351562,125.69999694824219,127.80000305175781,3697,0.0,0.0
2022-08-25 00:00:00-04:00,129.3000030517578,129.89999389648438,123.0,125.69999694824219,5140,0.0,0.0
2022-08-26 00:00:00-04:00,124.80000305175781,126.5999984741211,117.30000305175781,117.5999984741211,5663,0.0,0.0
2022-08-29 00:00:00-04:00,116.69999694824219,120.5999984741211,116.69999694824219,118.80000305175781,4670,0.0,0.0
2022-08-30 00:00:00-04:00,117.5999984741211,118.80000305175781,113.0999984741211,117.0,4767,0.0,0.0
2022-08-31 00:00:00-04:00,116.4000015258789,121.19999694824219,116.0999984741211,118.19999694824219,2300,0.0,0.0
2022-09-01 00:00:00-04:00,119.69999694824219,119.69999694824219,111.30000305175781,116.69999694824219,6177,0.0,0.0
2022-09-02 00:00:00-04:00,116.0999984741211,118.5,113.0999984741211,115.19999694824219,3267,0.0,0.0
2022-09-06 00:00:00-04:00,118.19999694824219,120.0,114.9000015258789,118.19999694824219,4770,0.0,0.0
2022-09-07 00:00:00-04:00,120.30000305175781,133.8000030517578,115.5,125.0999984741211,13323,0.0,0.0
2022-09-08 00:00:00-04:00,122.0999984741211,131.6999969482422,121.19999694824219,130.1999969482422,7537,0.0,0.0
2022-09-09 00:00:00-04:00,132.89999389648438,132.89999389648438,126.0,126.0,7910,0.0,0.0
2022-09-12 00:00:00-04:00,129.0,131.10000610351562,123.30000305175781,125.4000015258789,7093,0.0,0.0
2022-09-13 00:00:00-04:00,122.69999694824219,124.5,118.19999694824219,123.30000305175781,5077,0.0,0.0
2022-09-14 00:00:00-04:00,123.5999984741211,124.5,120.0,122.69999694824219,3783,0.0,0.0
2022-09-15 00:00:00-04:00,123.30000305175781,124.5,119.69999694824219,124.5,3013,0.0,0.0
2022-09-16 00:00:00-04:00,124.19999694824219,124.5,117.5999984741211,123.9000015258789,4660,0.0,0.0
2022-09-19 00:00:00-04:00,121.80000305175781,122.0999984741211,111.30000305175781,114.5999984741211,7277,0.0,0.0
2022-09-20 00:00:00-04:00,114.30000305175781,115.5,107.4000015258789,108.30000305175781,4873,0.0,0.0
2022-09-21 00:00:00-04:00,109.80000305175781,109.80000305175781,102.5999984741211,104.69999694824219,5673,0.0,0.0
2022-09-22 00:00:00-04:00,105.30000305175781,111.9000015258789,101.69999694824219,108.0,5930,0.0,0.0
2022-09-23 00:00:00-04:00,105.30000305175781,108.0,99.30000305175781,105.0,8343,0.0,0.0
2022-09-26 00:00:00-04:00,102.0,110.0999984741211,99.9000015258789,101.4000015258789,3463,0.0,0.0
2022-09-27 00:00:00-04:00,107.0999984741211,107.0999984741211,100.5,104.4000015258789,4160,0.0,0.0
2022-09-28 00:00:00-04:00,105.0,108.0,100.5,105.9000015258789,3340,0.0,0.0
2022-09-29 00:00:00-04:00,106.19999694824219,106.19999694824219,99.9000015258789,103.5,4710,0.0,0.0
2022-09-30 00:00:00-04:00,104.0999984741211,105.9000015258789,92.69999694824219,92.69999694824219,7617,0.0,0.0
2022-10-03 00:00:00-04:00,95.0999984741211,100.5,91.5,99.0,6230,0.0,0.0
2022-10-04 00:00:00-04:00,99.0,105.5999984741211,99.0,104.4000015258789,5820,0.0,0.0
2022-10-05 00:00:00-04:00,102.0,104.0999984741211,100.80000305175781,101.4000015258789,3170,0.0,0.0
2022-10-06 00:00:00-04:00,102.9000015258789,110.4000015258789,102.9000015258789,105.5999984741211,2690,0.0,0.0
2022-10-07 00:00:00-04:00,104.69999694824219,104.69999694824219,100.5,101.4000015258789,2017,0.0,0.0
2022-10-10 00:00:00-04:00,103.19999694824219,104.4000015258789,92.4000015258789,94.80000305175781,4223,0.0,0.0
2022-10-11 00:00:00-04:00,93.30000305175781,105.0,93.30000305175781,96.9000015258789,5197,0.0,0.0
2022-10-12 00:00:00-04:00,97.19999694824219,99.30000305175781,93.30000305175781,93.9000015258789,2060,0.0,0.0
2022-10-13 00:00:00-04:00,93.30000305175781,97.5,92.4000015258789,96.9000015258789,2660,0.0,0.0
2022-10-14 00:00:00-04:00,95.4000015258789,96.30000305175781,93.0,94.80000305175781,2257,0.0,0.0
2022-10-17 00:00:00-04:00,98.4000015258789,101.4000015258789,90.9000015258789,99.0,11180,0.0,0.0
2022-10-18 00:00:00-04:00,100.5,103.19999694824219,94.5,95.4000015258789,4143,0.0,0.0
2022-10-19 00:00:00-04:00,97.19999694824219,97.19999694824219,92.4000015258789,92.4000015258789,3167,0.0,0.0
2022-10-20 00:00:00-04:00,94.19999694824219,94.5,90.0,91.80000305175781,4743,0.0,0.0
2022-10-21 00:00:00-04:00,91.5,93.30000305175781,90.0,90.0,1997,0.0,0.0
2022-10-24 00:00:00-04:00,91.80000305175781,93.0,90.5999984741211,92.69999694824219,3047,0.0,0.0
2022-10-25 00:00:00-04:00,91.5,93.5999984741211,88.19999694824219,92.4000015258789,6640,0.0,0.0
2022-10-26 00:00:00-04:00,91.19999694824219,100.80000305175781,91.19999694824219,99.9000015258789,4950,0.0,0.0
2022-10-27 00:00:00-04:00,101.4000015258789,104.69999694824219,99.30000305175781,100.80000305175781,3593,0.0,0.0
2022-10-28 00:00:00-04:00,103.19999694824219,105.30000305175781,99.0,104.4000015258789,4563,0.0,0.0
2022-10-31 00:00:00-04:00,102.5999984741211,110.4000015258789,102.0,104.0999984741211,5083,0.0,0.0
2022-11-01 00:00:00-04:00,104.0999984741211,106.19999694824219,102.30000305175781,105.30000305175781,2573,0.0,0.0
2022-11-02 00:00:00-04:00,105.0,109.80000305175781,102.0,103.5,4217,0.0,0.0
2022-11-03 00:00:00-04:00,103.5,104.4000015258789,96.30000305175781,100.80000305175781,2910,0.0,0.0
2022-11-04 00:00:00-04:00,102.9000015258789,103.80000305175781,98.69999694824219,103.80000305175781,2600,0.0,0.0
2022-11-07 00:00:00-05:00,105.0,106.5,101.4000015258789,103.5,3333,0.0,0.0
2022-11-08 00:00:00-05:00,102.5999984741211,105.0,96.0,98.69999694824219,3047,0.0,0.0
2022-11-09 00:00:00-05:00,97.5,98.69999694824219,93.0,93.9000015258789,8530,0.0,0.0
2022-11-10 00:00:00-05:00,94.5,100.19999694824219,94.5,97.19999694824219,3033,0.0,0.0
2022-11-11 00:00:00-05:00,99.0,101.0999984741211,97.80000305175781,101.0999984741211,3163,0.0,0.0
2022-11-14 00:00:00-05:00,99.5999984741211,107.4000015258789,96.9000015258789,105.5999984741211,4843,0.0,0.0
2022-11-15 00:00:00-05:00,105.5999984741211,108.5999984741211,101.4000015258789,101.4000015258789,5707,0.0,0.0
2022-11-16 00:00:00-05:00,101.69999694824219,101.69999694824219,94.5,95.4000015258789,4907,0.0,0.0
2022-11-17 00:00:00-05:00,93.5999984741211,95.4000015258789,90.30000305175781,90.5999984741211,5573,0.0,0.0
2022-11-18 00:00:00-05:00,92.0999984741211,93.9000015258789,89.0999984741211,89.0999984741211,7387,0.0,0.0
2022-11-21 00:00:00-05:00,88.5,90.0,83.69999694824219,84.5999984741211,6380,0.0,0.0
2022-11-22 00:00:00-05:00,90.30000305175781,93.5999984741211,85.5,88.19999694824219,8390,0.0,0.0
2022-11-23 00:00:00-05:00,87.9000015258789,90.9000015258789,85.80000305175781,88.19999694824219,3127,0.0,0.0
2022-11-25 00:00:00-05:00,89.69999694824219,93.30000305175781,88.5,90.5999984741211,1863,0.0,0.0
2022-11-28 00:00:00-05:00,91.5,93.5999984741211,85.5,88.19999694824219,6203,0.0,0.0
2022-11-29 00:00:00-05:00,89.0999984741211,89.69999694824219,84.0,84.0,4320,0.0,0.0
2022-11-30 00:00:00-05:00,85.80000305175781,90.0,84.30000305175781,89.0999984741211,4743,0.0,0.0
2022-12-01 00:00:00-05:00,90.0,91.5,88.19999694824219,90.5999984741211,3533,0.0,0.0
2022-12-02 00:00:00-05:00,89.69999694824219,93.30000305175781,86.0999984741211,87.0,4857,0.0,0.0
2022-12-05 00:00:00-05:00,86.69999694824219,87.0,81.9000015258789,84.9000015258789,8343,0.0,0.0
2022-12-06 00:00:00-05:00,84.0,84.30000305175781,76.5,81.0,9777,0.0,0.0
2022-12-07 00:00:00-05:00,79.80000305175781,81.9000015258789,69.0,74.69999694824219,13293,0.0,0.0
2022-12-08 00:00:00-05:00,75.0,75.9000015258789,70.19999694824219,72.9000015258789,5573,0.0,0.0
2022-12-09 00:00:00-05:00,72.5999984741211,74.0999984741211,70.80000305175781,71.69999694824219,4217,0.0,0.0
2022-12-12 00:00:00-05:00,71.0999984741211,71.0999984741211,66.0,69.30000305175781,8580,0.0,0.0
2022-12-13 00:00:00-05:00,72.0,72.9000015258789,66.9000015258789,71.69999694824219,7697,0.0,0.0
2022-12-14 00:00:00-05:00,71.4000015258789,72.0,69.0,69.9000015258789,3690,0.0,0.0
2022-12-15 00:00:00-05:00,69.9000015258789,72.30000305175781,67.19999694824219,70.19999694824219,7520,0.0,0.0
2022-12-16 00:00:00-05:00,68.4000015258789,70.19999694824219,62.400001525878906,62.400001525878906,23763,0.0,0.0
2022-12-19 00:00:00-05:00,61.79999923706055,67.5,60.599998474121094,63.29999923706055,7203,0.0,0.0
2022-12-20 00:00:00-05:00,63.0,63.0,58.79999923706055,61.20000076293945,8313,0.0,0.0
2022-12-21 00:00:00-05:00,60.0,64.19999694824219,58.79999923706055,62.099998474121094,8453,0.0,0.0
2022-12-22 00:00:00-05:00,61.79999923706055,63.0,56.400001525878906,59.70000076293945,11487,0.0,0.0
2022-12-23 00:00:00-05:00,58.5,70.80000305175781,57.599998474121094,68.69999694824219,13473,0.0,0.0
2022-12-27 00:00:00-05:00,66.5999984741211,69.0,61.5,62.099998474121094,10147,0.0,0.0
2022-12-28 00:00:00-05:00,60.599998474121094,69.0,60.599998474121094,67.80000305175781,8603,0.0,0.0
2022-12-29 00:00:00-05:00,68.0999984741211,69.0,63.900001525878906,66.0,13313,0.0,0.0
2022-12-30 00:00:00-05:00,64.5,70.5,64.19999694824219,70.5,11177,0.0,0.0
2023-01-03 00:00:00-05:00,72.0,76.80000305175781,72.0,74.0999984741211,8113,0.0,0.0
2023-01-04 00:00:00-05:00,74.0999984741211,78.0,73.19999694824219,76.80000305175781,5137,0.0,0.0
2023-01-05 00:00:00-05:00,76.5,78.0,73.80000305175781,74.69999694824219,4490,0.0,0.0
2023-01-06 00:00:00-05:00,73.5,76.80000305175781,73.5,74.69999694824219,2760,0.0,0.0
2023-01-09 00:00:00-05:00,76.5,79.5,74.4000015258789,78.0,7477,0.0,0.0
2023-01-10 00:00:00-05:00,78.0,81.30000305175781,76.80000305175781,80.0999984741211,3850,0.0,0.0
2023-01-11 00:00:00-05:00,79.5,81.30000305175781,79.19999694824219,81.30000305175781,2793,0.0,0.0
2023-01-12 00:00:00-05:00,81.0,83.69999694824219,79.5,82.80000305175781,3120,0.0,0.0
2023-01-13 00:00:00-05:00,82.5,93.30000305175781,81.5999984741211,85.80000305175781,9037,0.0,0.0
2023-01-17 00:00:00-05:00,88.19999694824219,91.5,87.0,88.5,5943,0.0,0.0
2023-01-18 00:00:00-05:00,87.5999984741211,90.0,86.0999984741211,87.5999984741211,2170,0.0,0.0
2023-01-19 00:00:00-05:00,85.5,86.4000015258789,83.0999984741211,85.5,4033,0.0,0.0
2023-01-20 00:00:00-05:00,85.5,86.0999984741211,83.4000015258789,85.19999694824219,1200,0.0,0.0
2023-01-23 00:00:00-05:00,85.5,87.30000305175781,82.5,83.4000015258789,2110,0.0,0.0
2023-01-24 00:00:00-05:00,82.80000305175781,85.5,82.5,84.5999984741211,1573,0.0,0.0
2023-01-25 00:00:00-05:00,85.5,85.5,78.30000305175781,79.80000305175781,4983,0.0,0.0
2023-01-26 00:00:00-05:00,80.0999984741211,81.0,78.5999984741211,80.0999984741211,1643,0.0,0.0
2023-01-27 00:00:00-05:00,80.4000015258789,82.80000305175781,78.5999984741211,82.19999694824219,2427,0.0,0.0
2023-01-30 00:00:00-05:00,80.4000015258789,82.5,76.80000305175781,77.0999984741211,1517,0.0,0.0
2023-01-31 00:00:00-05:00,76.80000305175781,81.0,76.80000305175781,78.5999984741211,1710,0.0,0.0
2023-02-01 00:00:00-05:00,78.30000305175781,79.80000305175781,76.5,78.5999984741211,2257,0.0,0.0
2023-02-02 00:00:00-05:00,79.19999694824219,81.9000015258789,78.9000015258789,81.0,3117,0.0,0.0
2023-02-03 00:00:00-05:00,79.5,81.9000015258789,78.9000015258789,80.4000015258789,1267,0.0,0.0
2023-02-06 00:00:00-05:00,80.4000015258789,87.0,79.5,81.5999984741211,3937,0.0,0.0
2023-02-07 00:00:00-05:00,80.4000015258789,83.69999694824219,79.5,83.4000015258789,2327,0.0,0.0
2023-02-08 00:00:00-05:00,82.80000305175781,84.30000305175781,81.5999984741211,83.0999984741211,1013,0.0,0.0
2023-02-09 00:00:00-05:00,81.9000015258789,84.0,81.0,81.0,1780,0.0,0.0
2023-02-10 00:00:00-05:00,81.0,93.0,81.0,83.69999694824219,4210,0.0,0.0
2023-02-13 00:00:00-05:00,82.5,85.19999694824219,81.9000015258789,81.9000015258789,1600,0.0,0.0
2023-02-14 00:00:00-05:00,81.0,83.0999984741211,78.30000305175781,79.80000305175781,2580,0.0,0.0
2023-02-15 00:00:00-05:00,78.9000015258789,82.19999694824219,77.0999984741211,79.5,2533,0.0,0.0
2023-02-16 00:00:00-05:00,79.5,89.69999694824219,79.5,84.5999984741211,5137,0.0,0.0
2023-02-17 00:00:00-05:00,87.5999984741211,95.4000015258789,84.30000305175781,91.19999694824219,15380,0.0,0.0
2023-02-21 00:00:00-05:00,91.19999694824219,91.19999694824219,84.30000305175781,86.69999694824219,4247,0.0,0.0
2023-02-22 00:00:00-05:00,86.0999984741211,87.30000305175781,82.5,82.5,2640,0.0,0.0
2023-02-23 00:00:00-05:00,82.5,84.30000305175781,79.5,84.0,3680,0.0,0.0
2023-02-24 00:00:00-05:00,82.80000305175781,82.80000305175781,76.5,78.30000305175781,4943,0.0,0.0
2023-02-27 00:00:00-05:00,77.0999984741211,78.9000015258789,75.5999984741211,75.9000015258789,3643,0.0,0.0
2023-02-28 00:00:00-05:00,77.69999694824219,77.69999694824219,72.0,73.80000305175781,5523,0.0,0.0
2023-03-01 00:00:00-05:00,73.5,76.5,72.9000015258789,73.80000305175781,3053,0.0,0.0
2023-03-02 00:00:00-05:00,74.0999984741211,74.0999984741211,68.4000015258789,70.19999694824219,2580,0.0,0.0
2023-03-03 00:00:00-05:00,73.19999694824219,89.4000015258789,72.0,88.80000305175781,15367,0.0,0.0
2023-03-06 00:00:00-05:00,90.30000305175781,99.9000015258789,90.0,93.9000015258789,17173,0.0,0.0
2023-03-07 00:00:00-05:00,94.19999694824219,96.0,85.19999694824219,86.69999694824219,6860,0.0,0.0
2023-03-08 00:00:00-05:00,87.30000305175781,90.5999984741211,81.5999984741211,82.19999694824219,9547,0.0,0.0
2023-03-09 00:00:00-05:00,82.19999694824219,86.69999694824219,75.0,77.0999984741211,6323,0.0,0.0
2023-03-10 00:00:00-05:00,77.4000015258789,77.4000015258789,69.0,70.80000305175781,7257,0.0,0.0
2023-03-13 00:00:00-04:00,69.5999984741211,75.5999984741211,69.5999984741211,73.19999694824219,2963,0.0,0.0
2023-03-14 00:00:00-04:00,73.80000305175781,76.80000305175781,73.80000305175781,73.80000305175781,4133,0.0,0.0
2023-03-15 00:00:00-04:00,73.19999694824219,73.19999694824219,71.0999984741211,72.0,3307,0.0,0.0
2023-03-16 00:00:00-04:00,72.0,74.0999984741211,67.5,69.5999984741211,3280,0.0,0.0
2023-03-17 00:00:00-04:00,70.5,70.5,66.5999984741211,66.5999984741211,8757,0.0,0.0
2023-03-20 00:00:00-04:00,67.80000305175781,70.5,66.9000015258789,67.19999694824219,2700,0.0,0.0
2023-03-21 00:00:00-04:00,67.80000305175781,71.4000015258789,67.80000305175781,70.19999694824219,2043,0.0,0.0
2023-03-22 00:00:00-04:00,69.30000305175781,69.5999984741211,66.0,66.0,2330,0.0,0.0
2023-03-23 00:00:00-04:00,67.5,68.4000015258789,64.80000305175781,65.0999984741211,3133,0.0,0.0
2023-03-24 00:00:00-04:00,65.0999984741211,71.69999694824219,64.5,67.80000305175781,7767,0.0,0.0
2023-03-27 00:00:00-04:00,69.0,71.69999694824219,66.5999984741211,68.4000015258789,2023,0.0,0.0
2023-03-28 00:00:00-04:00,67.19999694824219,70.80000305175781,67.19999694824219,69.0,2720,0.0,0.0
2023-03-29 00:00:00-04:00,70.19999694824219,70.5,67.5,69.0,2517,0.0,0.0
2023-03-30 00:00:00-04:00,70.80000305175781,71.4000015258789,66.5999984741211,69.5999984741211,2327,0.0,0.0
2023-03-31 00:00:00-04:00,69.0,70.80000305175781,67.5,69.5999984741211,3683,0.0,0.0
2023-04-03 00:00:00-04:00,69.5999984741211,71.0999984741211,67.5,68.4000015258789,2763,0.0,0.0
2023-04-04 00:00:00-04:00,68.4000015258789,71.0999984741211,67.19999694824219,68.0999984741211,3143,0.0,0.0
2023-04-05 00:00:00-04:00,68.69999694824219,69.30000305175781,66.9000015258789,68.4000015258789,3150,0.0,0.0
2023-04-06 00:00:00-04:00,68.69999694824219,69.0,67.19999694824219,67.80000305175781,1700,0.0,0.0
2023-04-10 00:00:00-04:00,68.0999984741211,72.0,67.5,69.30000305175781,3767,0.0,0.0
2023-04-11 00:00:00-04:00,73.5,73.5,68.0999984741211,71.69999694824219,3227,0.0,0.0
2023-04-12 00:00:00-04:00,71.4000015258789,72.30000305175781,68.0999984741211,68.0999984741211,1973,0.0,0.0
2023-04-13 00:00:00-04:00,69.5999984741211,75.5999984741211,68.4000015258789,72.9000015258789,5900,0.0,0.0
2023-04-14 00:00:00-04:00,74.0999984741211,75.9000015258789,71.4000015258789,73.80000305175781,7223,0.0,0.0
2023-04-17 00:00:00-04:00,74.69999694824219,75.9000015258789,72.0,72.0,3470,0.0,0.0
2023-04-18 00:00:00-04:00,72.9000015258789,75.30000305175781,71.0999984741211,73.80000305175781,2460,0.0,0.0
2023-04-19 00:00:00-04:00,75.0,88.19999694824219,72.5999984741211,84.9000015258789,16593,0.0,0.0
2023-04-20 00:00:00-04:00,85.19999694824219,86.4000015258789,78.5999984741211,78.5999984741211,8163,0.0,0.0
2023-04-21 00:00:00-04:00,80.4000015258789,80.4000015258789,73.5,75.5999984741211,7420,0.0,0.0
2023-04-24 00:00:00-04:00,76.80000305175781,76.80000305175781,66.0,68.4000015258789,12133,0.0,0.0
2023-04-25 00:00:00-04:00,67.5,72.30000305175781,63.599998474121094,72.0,14313,0.0,0.0
2023-04-26 00:00:00-04:00,70.5,71.4000015258789,64.5,65.69999694824219,10733,0.0,0.0
2023-04-27 00:00:00-04:00,66.0,72.0,63.599998474121094,63.900001525878906,19693,0.0,0.0
2023-04-28 00:00:00-04:00,56.400001525878906,63.900001525878906,55.79999923706055,63.29999923706055,50993,0.0,0.0
2023-05-01 00:00:00-04:00,64.5,69.0,63.29999923706055,65.69999694824219,6793,0.0,0.0
2023-05-02 00:00:00-04:00,64.5,71.69999694824219,64.19999694824219,71.4000015258789,10813,0.0,0.0
2023-05-03 00:00:00-04:00,70.5,71.4000015258789,66.9000015258789,67.19999694824219,5557,0.0,0.0
2023-05-04 00:00:00-04:00,66.0,72.5999984741211,66.0,71.4000015258789,4860,0.0,0.0
2023-05-05 00:00:00-04:00,71.69999694824219,74.69999694824219,70.80000305175781,72.9000015258789,3313,0.0,0.0
2023-05-08 00:00:00-04:00,72.30000305175781,77.4000015258789,72.0,75.0,3350,0.0,0.0
2023-05-09 00:00:00-04:00,75.5999984741211,80.4000015258789,72.9000015258789,78.0,5403,0.0,0.0
2023-05-10 00:00:00-04:00,79.80000305175781,84.0,78.0,82.5,5730,0.0,0.0
2023-05-11 00:00:00-04:00,81.9000015258789,82.80000305175781,80.4000015258789,81.30000305175781,3370,0.0,0.0
2023-05-12 00:00:00-04:00,80.0999984741211,81.30000305175781,72.0,72.0,5117,0.0,0.0
2023-05-15 00:00:00-04:00,72.9000015258789,79.5,72.5999984741211,78.0,3403,0.0,0.0
2023-05-16 00:00:00-04:00,80.0999984741211,80.69999694824219,78.0,79.19999694824219,4573,0.0,0.0
2023-05-17 00:00:00-04:00,78.5999984741211,81.0,78.0,81.0,1377,0.0,0.0
2023-05-18 00:00:00-04:00,81.0,81.5999984741211,75.9000015258789,76.5,2477,0.0,0.0
2023-05-19 00:00:00-04:00,76.19999694824219,80.69999694824219,76.19999694824219,76.80000305175781,1937,0.0,0.0
2023-05-22 00:00:00-04:00,77.69999694824219,83.69999694824219,77.69999694824219,81.0,3970,0.0,0.0
2023-05-23 00:00:00-04:00,82.19999694824219,82.19999694824219,71.69999694824219,73.5,8980,0.0,0.0
2023-05-24 00:00:00-04:00,72.5999984741211,75.0,72.0,72.0,1980,0.0,0.0
2023-05-25 00:00:00-04:00,72.30000305175781,74.0999984741211,69.5999984741211,70.5,3053,0.0,0.0
2023-05-26 00:00:00-04:00,72.0,74.69999694824219,70.19999694824219,74.69999694824219,1880,0.0,0.0
2023-05-30 00:00:00-04:00,72.9000015258789,75.0,69.0,70.5,3723,0.0,0.0
2023-05-31 00:00:00-04:00,70.19999694824219,72.5999984741211,70.19999694824219,72.0,1703,0.0,0.0
2023-06-01 00:00:00-04:00,72.30000305175781,73.19999694824219,71.0999984741211,72.30000305175781,1713,0.0,0.0
2023-06-02 00:00:00-04:00,72.5999984741211,73.19999694824219,71.4000015258789,72.9000015258789,1897,0.0,0.0
2023-06-05 00:00:00-04:00,74.4000015258789,77.0999984741211,71.4000015258789,76.5,3180,0.0,0.0
2023-06-06 00:00:00-04:00,76.80000305175781,81.30000305175781,75.9000015258789,78.9000015258789,5700,0.0,0.0
2023-06-07 00:00:00-04:00,78.0,80.69999694824219,77.4000015258789,77.69999694824219,2413,0.0,0.0
2023-06-08 00:00:00-04:00,77.69999694824219,79.5,74.69999694824219,76.5,1557,0.0,0.0
2023-06-09 00:00:00-04:00,76.80000305175781,76.80000305175781,72.5999984741211,73.19999694824219,2403,0.0,0.0
2023-06-12 00:00:00-04:00,74.4000015258789,75.0,72.5999984741211,73.80000305175781,1927,0.0,0.0
2023-06-13 00:00:00-04:00,75.0,75.9000015258789,72.5999984741211,74.0999984741211,1610,0.0,0.0
2023-06-14 00:00:00-04:00,74.4000015258789,74.69999694824219,72.5999984741211,72.5999984741211,1073,0.0,0.0
2023-06-15 00:00:00-04:00,72.5999984741211,73.80000305175781,72.0,72.30000305175781,1023,0.0,0.0
2023-06-16 00:00:00-04:00,69.30000305175781,78.30000305175781,69.0,77.69999694824219,8417,0.0,0.0
2023-06-20 00:00:00-04:00,76.19999694824219,76.5,70.19999694824219,70.5,2710,0.0,0.0
2023-06-21 00:00:00-04:00,70.80000305175781,72.0,67.5,69.5999984741211,4480,0.0,0.0
2023-06-22 00:00:00-04:00,70.5,72.0,67.5,67.5,7277,0.0,0.0
2023-06-23 00:00:00-04:00,67.5,69.5999984741211,67.19999694824219,69.30000305175781,4480,0.0,0.0
2023-06-26 00:00:00-04:00,68.4000015258789,69.9000015258789,67.19999694824219,67.5,2743,0.0,0.0
2023-06-27 00:00:00-04:00,67.80000305175781,68.69999694824219,66.30000305175781,66.9000015258789,4337,0.0,0.0
2023-06-28 00:00:00-04:00,67.80000305175781,69.5999984741211,66.0,68.4000015258789,2390,0.0,0.0
2023-06-29 00:00:00-04:00,69.5999984741211,72.0,67.80000305175781,71.4000015258789,2053,0.0,0.0
2023-06-30 00:00:00-04:00,72.30000305175781,72.30000305175781,70.5,72.30000305175781,2933,0.0,0.0
2023-07-03 00:00:00-04:00,71.4000015258789,77.4000015258789,71.4000015258789,77.4000015258789,3357,0.0,0.0
2023-07-05 00:00:00-04:00,77.4000015258789,77.4000015258789,70.5,71.4000015258789,3437,0.0,0.0
2023-07-06 00:00:00-04:00,70.5,74.4000015258789,70.5,73.5,3860,0.0,0.0
2023-07-07 00:00:00-04:00,73.5,75.30000305175781,72.30000305175781,73.80000305175781,3843,0.0,0.0
2023-07-10 00:00:00-04:00,74.69999694824219,75.5999984741211,72.0,72.5999984741211,2627,0.0,0.0
2023-07-11 00:00:00-04:00,74.69999694824219,75.5999984741211,71.4000015258789,72.30000305175781,12537,0.0,0.0
2023-07-12 00:00:00-04:00,72.30000305175781,73.19999694824219,65.69999694824219,71.0999984741211,16347,0.0,0.0
2023-07-13 00:00:00-04:00,70.19999694824219,71.69999694824219,69.0,70.19999694824219,4220,0.0,0.0
2023-07-14 00:00:00-04:00,69.5999984741211,78.0,63.0,76.80000305175781,25390,0.0,0.0
2023-07-17 00:00:00-04:00,78.30000305175781,89.69999694824219,77.0999984741211,85.80000305175781,37660,0.0,0.0
2023-07-18 00:00:00-04:00,68.69999694824219,74.69999694824219,64.19999694824219,65.69999694824219,87100,0.0,0.0
2023-07-19 00:00:00-04:00,66.0,68.4000015258789,64.5,64.80000305175781,18977,0.0,0.0
2023-07-20 00:00:00-04:00,64.80000305175781,64.80000305175781,57.900001525878906,59.099998474121094,46513,0.0,0.0
2023-07-21 00:00:00-04:00,61.79999923706055,61.79999923706055,58.5,59.099998474121094,15923,0.0,0.0
2023-07-24 00:00:00-04:00,59.099998474121094,59.099998474121094,53.400001525878906,56.099998474121094,26740,0.0,0.0
2023-07-25 00:00:00-04:00,56.400001525878906,56.400001525878906,51.599998474121094,52.79999923706055,21410,0.0,0.0
2023-07-26 00:00:00-04:00,52.79999923706055,55.5,52.20000076293945,55.5,15373,0.0,0.0
2023-07-27 00:00:00-04:00,55.5,56.099998474121094,50.400001525878906,51.29999923706055,12833,0.0,0.0
2023-07-28 00:00:00-04:00,51.900001525878906,52.20000076293945,45.599998474121094,49.79999923706055,25853,0.0,0.0
2023-07-31 00:00:00-04:00,52.5,52.5,44.70000076293945,47.70000076293945,24640,0.0,0.0
2023-08-01 00:00:00-04:00,48.0,48.900001525878906,45.599998474121094,48.900001525878906,10383,0.0,0.0
2023-08-02 00:00:00-04:00,48.29999923706055,48.599998474121094,43.5,45.900001525878906,17567,0.0,0.0
2023-08-03 00:00:00-04:00,46.5,48.29999923706055,44.400001525878906,47.099998474121094,8723,0.0,0.0
2023-08-04 00:00:00-04:00,47.099998474121094,47.099998474121094,43.79999923706055,44.70000076293945,11020,0.0,0.0
2023-08-07 00:00:00-04:00,44.70000076293945,44.70000076293945,39.900001525878906,40.79999923706055,17397,0.0,0.0
2023-08-08 00:00:00-04:00,41.400001525878906,42.900001525878906,39.900001525878906,42.900001525878906,5470,0.0,0.0
2023-08-09 00:00:00-04:00,45.0,45.599998474121094,42.29999923706055,42.900001525878906,10027,0.0,0.0
2023-08-10 00:00:00-04:00,43.20000076293945,43.5,41.70000076293945,42.599998474121094,3420,0.0,0.0
2023-08-11 00:00:00-04:00,42.29999923706055,42.599998474121094,36.599998474121094,37.20000076293945,16227,0.0,0.0
2023-08-14 00:00:00-04:00,37.20000076293945,37.79999923706055,32.400001525878906,37.20000076293945,28007,0.0,0.0
2023-08-15 00:00:00-04:00,36.900001525878906,39.599998474121094,34.5,39.599998474121094,12737,0.0,0.0
2023-08-16 00:00:00-04:00,39.29999923706055,39.29999923706055,37.20000076293945,38.400001525878906,5660,0.0,0.0
2023-08-17 00:00:00-04:00,38.400001525878906,39.0,37.20000076293945,37.5,3913,0.0,0.0
2023-08-18 00:00:00-04:00,36.599998474121094,38.099998474121094,36.29999923706055,37.5,4620,0.0,0.0
2023-08-21 00:00:00-04:00,37.5,42.900001525878906,37.5,42.0,9527,0.0,0.0
2023-08-22 00:00:00-04:00,42.900001525878906,43.20000076293945,41.099998474121094,41.70000076293945,4577,0.0,0.0
2023-08-23 00:00:00-04:00,42.29999923706055,45.599998474121094,42.0,42.599998474121094,8380,0.0,0.0
2023-08-24 00:00:00-04:00,42.599998474121094,42.599998474121094,39.29999923706055,40.79999923706055,3710,0.0,0.0
2023-08-25 00:00:00-04:00,40.5,42.599998474121094,39.900001525878906,42.29999923706055,4333,0.0,0.0
2023-08-28 00:00:00-04:00,42.599998474121094,43.20000076293945,40.79999923706055,42.599998474121094,2327,0.0,0.0
2023-08-29 00:00:00-04:00,42.0,43.20000076293945,40.5,40.5,7220,0.0,0.0
2023-08-30 00:00:00-04:00,42.29999923706055,42.599998474121094,39.599998474121094,42.0,4980,0.0,0.0
2023-08-31 00:00:00-04:00,42.0,43.20000076293945,40.79999923706055,41.70000076293945,4220,0.0,0.0
2023-09-01 00:00:00-04:00,41.099998474121094,42.29999923706055,40.79999923706055,41.70000076293945,1700,0.0,0.0
2023-09-05 00:00:00-04:00,41.099998474121094,42.29999923706055,39.0,39.0,5730,0.0,0.0
2023-09-06 00:00:00-04:00,39.29999923706055,39.900001525878906,35.099998474121094,39.29999923706055,8640,0.0,0.0
2023-09-07 00:00:00-04:00,38.400001525878906,39.0,36.599998474121094,38.400001525878906,4810,0.0,0.0
2023-09-08 00:00:00-04:00,36.900001525878906,38.099998474121094,35.70000076293945,36.0,7057,0.0,0.0
2023-09-11 00:00:00-04:00,36.29999923706055,37.5,35.099998474121094,37.20000076293945,8810,0.0,0.0
2023-09-12 00:00:00-04:00,37.79999923706055,38.099998474121094,36.599998474121094,36.900001525878906,4177,0.0,0.0
2023-09-13 00:00:00-04:00,36.599998474121094,37.5,36.29999923706055,36.29999923706055,1160,0.0,0.0
2023-09-14 00:00:00-04:00,36.29999923706055,38.099998474121094,36.29999923706055,37.20000076293945,4737,0.0,0.0
2023-09-15 00:00:00-04:00,37.20000076293945,37.79999923706055,35.70000076293945,37.79999923706055,4840,0.0,0.0
2023-09-18 00:00:00-04:00,37.5,38.099998474121094,35.70000076293945,36.0,3817,0.0,0.0
2023-09-19 00:00:00-04:00,36.900001525878906,39.599998474121094,36.29999923706055,39.0,9327,0.0,0.0
2023-09-20 00:00:00-04:00,38.400001525878906,39.0,36.599998474121094,36.599998474121094,6270,0.0,0.0
2023-09-21 00:00:00-04:00,36.0,37.5,36.0,36.599998474121094,2770,0.0,0.0
2023-09-22 00:00:00-04:00,36.900001525878906,38.70000076293945,36.29999923706055,38.400001525878906,4827,0.0,0.0
2023-09-25 00:00:00-04:00,37.5,37.5,34.5,36.0,12227,0.0,0.0
2023-09-26 00:00:00-04:00,36.29999923706055,39.29999923706055,35.099998474121094,35.099998474121094,9247,0.0,0.0
2023-09-27 00:00:00-04:00,35.400001525878906,37.20000076293945,35.099998474121094,35.70000076293945,3603,0.0,0.0
2023-09-28 00:00:00-04:00,36.29999923706055,36.900001525878906,35.70000076293945,36.29999923706055,3527,0.0,0.0
2023-09-29 00:00:00-04:00,36.900001525878906,39.29999923706055,36.900001525878906,37.5,4527,0.0,0.0
2023-10-02 00:00:00-04:00,36.900001525878906,38.400001525878906,34.79999923706055,34.79999923706055,5340,0.0,0.0
2023-10-03 00:00:00-04:00,35.400001525878906,36.29999923706055,34.79999923706055,34.79999923706055,8410,0.0,0.0
2023-10-04 00:00:00-04:00,34.79999923706055,36.900001525878906,34.5,34.79999923706055,4960,0.0,0.0
2023-10-05 00:00:00-04:00,35.099998474121094,36.599998474121094,32.70000076293945,32.70000076293945,7887,0.0,0.0
2023-10-06 00:00:00-04:00,33.0,39.29999923706055,33.0,35.70000076293945,16693,0.0,0.0
2023-10-09 00:00:00-04:00,35.099998474121094,35.70000076293945,33.0,33.900001525878906,6580,0.0,0.0
2023-10-10 00:00:00-04:00,34.5,36.0,34.20000076293945,36.0,5470,0.0,0.0
2023-10-11 00:00:00-04:00,35.70000076293945,37.20000076293945,35.70000076293945,36.29999923706055,2677,0.0,0.0
2023-10-12 00:00:00-04:00,36.0,36.599998474121094,34.5,35.400001525878906,4327,0.0,0.0
2023-10-13 00:00:00-04:00,35.400001525878906,36.599998474121094,33.599998474121094,34.20000076293945,6997,0.0,0.0
2023-10-16 00:00:00-04:00,34.5,35.099998474121094,33.29999923706055,34.20000076293945,3207,0.0,0.0
2023-10-17 00:00:00-04:00,33.599998474121094,37.20000076293945,33.599998474121094,36.0,7253,0.0,0.0
2023-10-18 00:00:00-04:00,35.70000076293945,37.20000076293945,33.599998474121094,33.599998474121094,5540,0.0,0.0
2023-10-19 00:00:00-04:00,34.20000076293945,34.79999923706055,32.70000076293945,33.900001525878906,4967,0.0,0.0
2023-10-20 00:00:00-04:00,34.5,34.5,31.5,32.099998474121094,7557,0.0,0.0
2023-10-23 00:00:00-04:00,33.599998474121094,69.30000305175781,31.200000762939453,45.29999923706055,1370070,0.0,0.0
2023-10-24 00:00:00-04:00,43.5,46.79999923706055,36.599998474121094,45.900001525878906,144407,0.0,0.0
2023-10-25 00:00:00-04:00,42.0,45.29999923706055,41.099998474121094,42.29999923706055,32190,0.0,0.0
2023-10-26 00:00:00-04:00,41.400001525878906,43.20000076293945,39.599998474121094,40.5,17023,0.0,0.0
2023-10-27 00:00:00-04:00,41.400001525878906,41.400001525878906,36.0,36.29999923706055,19923,0.0,0.0
2023-10-30 00:00:00-04:00,36.0,42.0,35.099998474121094,39.29999923706055,31613,0.0,0.0
2023-10-31 00:00:00-04:00,40.5,51.900001525878906,40.20000076293945,48.900001525878906,74977,0.0,0.0
2023-11-01 00:00:00-04:00,48.599998474121094,51.29999923706055,46.20000076293945,49.79999923706055,25480,0.0,0.0
2023-11-02 00:00:00-04:00,49.79999923706055,57.900001525878906,49.79999923706055,55.5,46020,0.0,0.0
2023-11-03 00:00:00-04:00,57.0,64.19999694824219,55.5,60.0,44237,0.0,0.0
2023-11-06 00:00:00-05:00,61.20000076293945,70.80000305175781,61.20000076293945,69.9000015258789,70640,0.0,0.0
2023-11-07 00:00:00-05:00,72.0,72.0,63.0,66.0,39013,0.0,0.0
2023-11-08 00:00:00-05:00,67.19999694824219,78.9000015258789,61.79999923706055,76.5,43090,0.0,0.0
2023-11-09 00:00:00-05:00,74.69999694824219,75.5999984741211,70.5,71.69999694824219,24467,0.0,0.0
2023-11-10 00:00:00-05:00,72.0,74.69999694824219,65.69999694824219,70.19999694824219,24823,0.0,0.0
2023-11-13 00:00:00-05:00,69.0,75.5999984741211,66.5999984741211,73.5,14083,0.0,0.0
2023-11-14 00:00:00-05:00,73.5,86.0999984741211,71.0999984741211,81.5999984741211,25370,0.0,0.0
2023-11-15 00:00:00-05:00,83.69999694824219,89.69999694824219,82.80000305175781,86.4000015258789,21470,0.0,0.0
2023-11-16 00:00:00-05:00,67.5,71.0999984741211,62.400001525878906,66.9000015258789,98817,0.0,0.0
2023-11-17 00:00:00-05:00,66.30000305175781,66.5999984741211,63.599998474121094,65.4000015258789,19953,0.0,0.0
2023-11-20 00:00:00-05:00,64.80000305175781,75.5999984741211,64.80000305175781,72.5999984741211,34723,0.0,0.0
2023-11-21 00:00:00-05:00,70.5,75.9000015258789,70.19999694824219,74.4000015258789,23260,0.0,0.0
2023-11-22 00:00:00-05:00,74.4000015258789,74.4000015258789,69.9000015258789,70.5,12477,0.0,0.0
2023-11-24 00:00:00-05:00,70.5,77.0999984741211,69.0,75.5999984741211,20627,0.0,0.0
2023-11-27 00:00:00-05:00,75.9000015258789,81.30000305175781,74.0999984741211,78.0,25753,0.0,0.0
2023-11-28 00:00:00-05:00,78.0,80.0999984741211,72.5999984741211,73.5,21763,0.0,0.0
2023-11-29 00:00:00-05:00,74.4000015258789,79.19999694824219,67.5,67.5,31190,0.0,0.0
2023-11-30 00:00:00-05:00,69.30000305175781,70.5,66.30000305175781,67.5,21300,0.0,0.0
2023-12-01 00:00:00-05:00,66.5999984741211,68.0999984741211,61.5,62.099998474121094,23923,0.0,0.0
2023-12-04 00:00:00-05:00,64.5,88.19999694824219,64.19999694824219,84.0,96490,0.0,0.0
2023-12-05 00:00:00-05:00,84.30000305175781,88.5,82.19999694824219,85.5,26883,0.0,0.0
2023-12-06 00:00:00-05:00,87.0,87.0,78.9000015258789,79.80000305175781,18993,0.0,0.0
2023-12-07 00:00:00-05:00,80.4000015258789,82.5,78.0,78.0,8253,0.0,0.0
2023-12-08 00:00:00-05:00,78.5999984741211,83.69999694824219,78.5999984741211,79.80000305175781,10320,0.0,0.0
2023-12-11 00:00:00-05:00,79.5,81.9000015258789,76.80000305175781,81.30000305175781,9250,0.0,0.0
2023-12-12 00:00:00-05:00,81.0,81.5999984741211,78.9000015258789,78.9000015258789,9097,0.0,0.0
2023-12-13 00:00:00-05:00,79.5,84.30000305175781,76.80000305175781,83.69999694824219,15703,0.0,0.0
2023-12-14 00:00:00-05:00,86.69999694824219,87.5999984741211,82.5,84.9000015258789,10387,0.0,0.0
2023-12-15 00:00:00-05:00,85.19999694824219,86.69999694824219,80.4000015258789,82.19999694824219,20327,0.0,0.0
2023-12-18 00:00:00-05:00,82.5,84.0,79.5,80.0999984741211,6373,0.0,0.0
2023-12-19 00:00:00-05:00,80.0999984741211,83.69999694824219,75.30000305175781,82.19999694824219,15747,0.0,0.0
2023-12-20 00:00:00-05:00,83.0999984741211,86.0999984741211,79.5,81.5999984741211,12557,0.0,0.0
2023-12-21 00:00:00-05:00,83.0999984741211,84.0,78.30000305175781,80.0999984741211,8027,0.0,0.0
2023-12-22 00:00:00-05:00,83.0999984741211,84.0,80.69999694824219,82.5,8343,0.0,0.0
2023-12-26 00:00:00-05:00,83.0999984741211,96.5999984741211,83.0999984741211,92.0999984741211,32547,0.0,0.0
2023-12-27 00:00:00-05:00,94.19999694824219,96.9000015258789,87.5999984741211,89.69999694824219,23877,0.0,0.0
2023-12-28 00:00:00-05:00,89.4000015258789,94.5,82.19999694824219,85.19999694824219,20443,0.0,0.0
2023-12-29 00:00:00-05:00,84.0,86.0999984741211,81.30000305175781,81.5999984741211,20593,0.0,0.0
2024-01-02 00:00:00-05:00,84.5999984741211,86.0999984741211,79.5,80.69999694824219,7513,0.0,0.0
2024-01-03 00:00:00-05:00,80.4000015258789,80.4000015258789,76.5,78.5999984741211,10460,0.0,0.0
2024-01-04 00:00:00-05:00,78.5999984741211,79.80000305175781,70.80000305175781,72.30000305175781,23520,0.0,0.0
2024-01-05 00:00:00-05:00,72.5999984741211,73.19999694824219,69.9000015258789,70.5,13033,0.0,0.0
2024-01-08 00:00:00-05:00,70.5,73.80000305175781,70.19999694824219,73.5,5120,0.0,0.0
2024-01-09 00:00:00-05:00,72.9000015258789,76.5,70.5,74.0999984741211,6193,0.0,0.0
2024-01-10 00:00:00-05:00,74.0999984741211,75.0,72.9000015258789,73.19999694824219,3180,0.0,0.0
2024-01-11 00:00:00-05:00,73.19999694824219,74.4000015258789,70.19999694824219,73.80000305175781,3770,0.0,0.0
2024-01-12 00:00:00-05:00,74.4000015258789,77.69999694824219,72.5999984741211,77.4000015258789,7717,0.0,0.0
2024-01-16 00:00:00-05:00,76.5,77.4000015258789,74.4000015258789,75.30000305175781,3070,0.0,0.0
2024-01-17 00:00:00-05:00,73.5,74.0999984741211,71.69999694824219,72.9000015258789,4693,0.0,0.0
2024-01-18 00:00:00-05:00,74.0999984741211,74.0999984741211,69.9000015258789,71.69999694824219,6697,0.0,0.0
2024-01-19 00:00:00-05:00,71.0999984741211,74.4000015258789,70.5,72.9000015258789,4177,0.0,0.0
2024-01-22 00:00:00-05:00,74.0999984741211,77.4000015258789,73.5,74.4000015258789,7920,0.0,0.0
2024-01-23 00:00:00-05:00,75.0,81.30000305175781,75.0,79.5,9083,0.0,0.0
2024-01-24 00:00:00-05:00,81.30000305175781,81.9000015258789,78.5999984741211,79.5,4663,0.0,0.0
2024-01-25 00:00:00-05:00,79.19999694824219,82.80000305175781,77.4000015258789,80.4000015258789,5267,0.0,0.0
2024-01-26 00:00:00-05:00,82.80000305175781,88.19999694824219,80.4000015258789,86.4000015258789,11193,0.0,0.0
2024-01-29 00:00:00-05:00,84.9000015258789,87.5999984741211,83.69999694824219,85.5,6130,0.0,0.0
2024-01-30 00:00:00-05:00,85.5,86.69999694824219,82.5,85.5,4263,0.0,0.0
2024-01-31 00:00:00-05:00,87.0,92.4000015258789,84.5999984741211,86.0999984741211,21550,0.0,0.0
2024-02-01 00:00:00-05:00,87.5999984741211,87.5999984741211,81.9000015258789,82.19999694824219,5753,0.0,0.0
2024-02-02 00:00:00-05:00,81.30000305175781,85.5,79.5,84.5999984741211,6910,0.0,0.0
2024-02-05 00:00:00-05:00,84.0,89.4000015258789,84.0,87.5999984741211,9030,0.0,0.0
2024-02-06 00:00:00-05:00,87.9000015258789,92.4000015258789,87.0,92.4000015258789,11157,0.0,0.0
2024-02-07 00:00:00-05:00,90.0,91.5,84.9000015258789,85.80000305175781,6807,0.0,0.0
2024-02-08 00:00:00-05:00,86.0999984741211,87.0,83.0999984741211,85.5,4777,0.0,0.0
2024-02-09 00:00:00-05:00,70.5,77.4000015258789,69.9000015258789,73.80000305175781,44843,0.0,0.0
2024-02-12 00:00:00-05:00,74.0999984741211,74.0999984741211,70.19999694824219,70.80000305175781,13493,0.0,0.0
2024-02-13 00:00:00-05:00,71.69999694824219,71.69999694824219,68.4000015258789,68.69999694824219,14847,0.0,0.0
2024-02-14 00:00:00-05:00,69.0,71.4000015258789,69.0,71.4000015258789,9297,0.0,0.0
2024-02-15 00:00:00-05:00,71.4000015258789,72.5999984741211,69.30000305175781,70.80000305175781,11383,0.0,0.0
2024-02-16 00:00:00-05:00,70.80000305175781,71.69999694824219,69.30000305175781,70.19999694824219,8167,0.0,0.0
2024-02-20 00:00:00-05:00,70.5,72.0,66.0,67.19999694824219,23693,0.0,0.0
2024-02-21 00:00:00-05:00,66.5999984741211,67.80000305175781,64.19999694824219,65.0999984741211,24047,0.0,0.0
2024-02-22 00:00:00-05:00,65.4000015258789,67.19999694824219,63.900001525878906,64.80000305175781,9817,0.0,0.0
2024-02-23 00:00:00-05:00,65.0999984741211,66.9000015258789,63.0,63.900001525878906,17540,0.0,0.0
2024-02-26 00:00:00-05:00,64.5,64.5,60.0,60.599998474121094,29440,0.0,0.0
2024-02-27 00:00:00-05:00,61.20000076293945,61.79999923706055,58.79999923706055,61.5,15053,0.0,0.0
2024-02-28 00:00:00-05:00,61.5,62.400001525878906,60.0,60.599998474121094,16903,0.0,0.0
2024-02-29 00:00:00-05:00,61.20000076293945,64.5,61.20000076293945,62.400001525878906,11107,0.0,0.0
2024-03-01 00:00:00-05:00,62.400001525878906,68.0999984741211,62.400001525878906,67.19999694824219,7553,0.0,0.0
2024-03-04 00:00:00-05:00,67.19999694824219,71.69999694824219,67.19999694824219,69.30000305175781,8300,0.0,0.0
2024-03-05 00:00:00-05:00,68.69999694824219,69.9000015258789,65.69999694824219,66.9000015258789,5420,0.0,0.0
2024-03-06 00:00:00-05:00,67.5,73.5,67.5,72.30000305175781,13577,0.0,0.0
2024-03-07 00:00:00-05:00,71.4000015258789,75.0,67.5,68.4000015258789,15310,0.0,0.0
2024-03-08 00:00:00-05:00,68.0999984741211,71.69999694824219,68.0999984741211,68.69999694824219,6240,0.0,0.0
2024-03-11 00:00:00-04:00,69.9000015258789,70.5,66.0,66.30000305175781,5717,0.0,0.0
2024-03-12 00:00:00-04:00,66.9000015258789,67.5,63.29999923706055,63.29999923706055,9053,0.0,0.0
2024-03-13 00:00:00-04:00,63.0,65.0999984741211,61.5,62.099998474121094,6483,0.0,0.0
2024-03-14 00:00:00-04:00,61.20000076293945,65.69999694824219,60.0,63.29999923706055,9350,0.0,0.0
2024-03-15 00:00:00-04:00,64.19999694824219,64.80000305175781,60.29999923706055,60.29999923706055,14647,0.0,0.0
2024-03-18 00:00:00-04:00,61.79999923706055,62.70000076293945,60.0,61.5,6890,0.0,0.0
2024-03-19 00:00:00-04:00,61.5,62.400001525878906,60.0,60.900001525878906,7250,0.0,0.0
2024-03-20 00:00:00-04:00,60.599998474121094,61.5,58.5,59.400001525878906,9627,0.0,0.0
2024-03-21 00:00:00-04:00,59.70000076293945,61.20000076293945,54.599998474121094,56.70000076293945,17977,0.0,0.0
2024-03-22 00:00:00-04:00,57.29999923706055,58.79999923706055,53.70000076293945,54.900001525878906,13257,0.0,0.0
2024-03-25 00:00:00-04:00,55.20000076293945,56.099998474121094,48.900001525878906,48.900001525878906,22507,0.0,0.0
2024-03-26 00:00:00-04:00,50.400001525878906,57.29999923706055,50.099998474121094,56.400001525878906,15860,0.0,0.0
2024-03-27 00:00:00-04:00,57.29999923706055,58.20000076293945,55.20000076293945,56.70000076293945,7650,0.0,0.0
2024-03-28 00:00:00-04:00,56.400001525878906,57.29999923706055,54.29999923706055,57.29999923706055,3397,0.0,0.0
2024-04-01 00:00:00-04:00,57.29999923706055,57.29999923706055,51.29999923706055,54.900001525878906,6267,0.0,0.0
2024-04-02 00:00:00-04:00,54.29999923706055,54.599998474121094,50.70000076293945,53.70000076293945,8113,0.0,0.0
2024-04-03 00:00:00-04:00,53.099998474121094,56.70000076293945,52.20000076293945,55.5,4700,0.0,0.0
2024-04-04 00:00:00-04:00,56.099998474121094,56.400001525878906,51.599998474121094,52.20000076293945,6037,0.0,0.0
2024-04-05 00:00:00-04:00,54.599998474121094,54.599998474121094,50.70000076293945,53.099998474121094,5720,0.0,0.0
2024-04-08 00:00:00-04:00,52.79999923706055,55.5,49.5,53.400001525878906,9477,0.0,0.0
2024-04-09 00:00:00-04:00,54.29999923706055,54.29999923706055,49.5,51.29999923706055,5133,0.0,0.0
2024-04-10 00:00:00-04:00,51.0,51.0,48.900001525878906,50.099998474121094,4953,0.0,0.0
2024-04-11 00:00:00-04:00,49.79999923706055,51.29999923706055,46.79999923706055,49.79999923706055,8860,0.0,0.0
2024-04-12 00:00:00-04:00,49.5,50.099998474121094,47.70000076293945,48.900001525878906,3913,0.0,0.0
2024-04-15 00:00:00-04:00,48.0,50.400001525878906,45.900001525878906,47.70000076293945,5837,0.0,0.0
2024-04-16 00:00:00-04:00,47.099998474121094,47.099998474121094,45.0,45.599998474121094,5717,0.0,0.0
2024-04-17 00:00:00-04:00,46.20000076293945,48.0,45.0,45.0,4450,0.0,0.0
2024-04-18 00:00:00-04:00,45.29999923706055,48.29999923706055,45.0,45.0,5197,0.0,0.0
2024-04-19 00:00:00-04:00,46.20000076293945,47.099998474121094,45.0,46.79999923706055,7570,0.0,0.0
2024-04-22 00:00:00-04:00,46.5,47.099998474121094,45.0,45.29999923706055,4123,0.0,0.0
2024-04-23 00:00:00-04:00,45.29999923706055,45.900001525878906,43.20000076293945,44.099998474121094,6197,0.0,0.0
2024-04-24 00:00:00-04:00,44.099998474121094,44.099998474121094,43.20000076293945,43.79999923706055,2537,0.0,0.0
2024-04-25 00:00:00-04:00,43.5,44.099998474121094,42.29999923706055,43.5,2737,0.0,0.0
2024-04-26 00:00:00-04:00,44.099998474121094,44.400001525878906,41.70000076293945,43.20000076293945,4553,0.0,0.0
2024-04-29 00:00:00-04:00,41.70000076293945,44.400001525878906,41.70000076293945,42.29999923706055,9177,0.0,0.0
2024-04-30 00:00:00-04:00,42.29999923706055,44.099998474121094,42.0,43.79999923706055,1443,0.0,0.0
2024-05-01 00:00:00-04:00,43.5,44.70000076293945,42.29999923706055,42.599998474121094,5483,0.0,0.0
2024-05-02 00:00:00-04:00,43.20000076293945,44.70000076293945,42.29999923706055,44.400001525878906,4753,0.0,0.0
2024-05-03 00:00:00-04:00,45.0,51.900001525878906,44.70000076293945,48.900001525878906,12743,0.0,0.0
2024-05-06 00:00:00-04:00,50.099998474121094,54.0,48.0,51.599998474121094,15767,0.0,0.0
2024-05-07 00:00:00-04:00,52.5,52.5,48.29999923706055,50.099998474121094,10113,0.0,0.0
2024-05-08 00:00:00-04:00,55.79999923706055,71.69999694824219,40.79999923706055,41.70000076293945,141017,0.0,0.0
2024-05-09 00:00:00-04:00,43.5,45.900001525878906,42.599998474121094,45.29999923706055,21280,0.0,0.0
2024-05-10 00:00:00-04:00,49.5,49.79999923706055,42.599998474121094,42.599998474121094,13273,0.0,0.0
2024-05-13 00:00:00-04:00,43.20000076293945,43.5,42.0,42.599998474121094,11650,0.0,0.0
2024-05-14 00:00:00-04:00,42.900001525878906,45.900001525878906,41.400001525878906,41.70000076293945,15223,0.0,0.0
2024-05-15 00:00:00-04:00,42.599998474121094,45.29999923706055,41.400001525878906,43.20000076293945,9457,0.0,0.0
2024-05-16 00:00:00-04:00,42.900001525878906,43.20000076293945,41.400001525878906,42.0,6683,0.0,0.0
2024-05-17 00:00:00-04:00,42.29999923706055,42.29999923706055,37.5,38.099998474121094,15707,0.0,0.0
2024-05-20 00:00:00-04:00,39.900001525878906,40.79999923706055,37.5,37.79999923706055,13600,0.0,0.0
2024-05-21 00:00:00-04:00,37.5,41.70000076293945,37.20000076293945,39.29999923706055,14133,0.0,0.0
2024-05-22 00:00:00-04:00,38.70000076293945,40.79999923706055,38.400001525878906,39.0,4980,0.0,0.0
2024-05-23 00:00:00-04:00,39.0,40.20000076293945,37.5,38.099998474121094,6800,0.0,0.0
2024-05-24 00:00:00-04:00,38.400001525878906,38.400001525878906,36.0,36.900001525878906,10207,0.0,0.0
2024-05-28 00:00:00-04:00,36.599998474121094,38.70000076293945,36.29999923706055,38.099998474121094,5343,0.0,0.0
2024-05-29 00:00:00-04:00,38.400001525878906,39.0,36.900001525878906,38.099998474121094,5553,0.0,0.0
2024-05-30 00:00:00-04:00,38.099998474121094,38.400001525878906,36.29999923706055,36.29999923706055,7310,0.0,0.0
2024-05-31 00:00:00-04:00,36.599998474121094,38.70000076293945,36.29999923706055,36.29999923706055,7420,0.0,0.0
2024-06-03 00:00:00-04:00,36.29999923706055,37.5,36.0,36.599998474121094,6090,0.0,0.0
2024-06-04 00:00:00-04:00,36.0,36.599998474121094,35.099998474121094,36.0,9527,0.0,0.0
2024-06-05 00:00:00-04:00,36.29999923706055,40.20000076293945,35.400001525878906,38.099998474121094,13873,0.0,0.0
2024-06-06 00:00:00-04:00,39.29999923706055,39.599998474121094,37.5,38.400001525878906,8030,0.0,0.0
2024-06-07 00:00:00-04:00,38.70000076293945,39.0,37.5,39.0,4353,0.0,0.0
2024-06-10 00:00:00-04:00,39.599998474121094,41.099998474121094,38.099998474121094,38.400001525878906,6880,0.0,0.0
2024-06-11 00:00:00-04:00,38.099998474121094,40.79999923706055,38.099998474121094,40.79999923706055,7977,0.0,0.0
2024-06-12 00:00:00-04:00,41.099998474121094,41.400001525878906,39.0,39.900001525878906,4703,0.0,0.0
2024-06-13 00:00:00-04:00,40.5,40.79999923706055,38.70000076293945,38.70000076293945,5083,0.0,0.0
2024-06-14 00:00:00-04:00,38.099998474121094,39.29999923706055,38.099998474121094,39.0,4917,0.0,0.0
2024-06-17 00:00:00-04:00,38.400001525878906,39.0,37.5,37.5,6900,0.0,0.0
2024-06-18 00:00:00-04:00,39.29999923706055,40.20000076293945,33.0,33.29999923706055,24430,0.0,0.0
2024-06-20 00:00:00-04:00,34.79999923706055,37.5,34.5,36.900001525878906,11200,0.0,0.0
2024-06-21 00:00:00-04:00,37.5,39.0,36.29999923706055,38.70000076293945,9447,0.0,0.0
2024-06-24 00:00:00-04:00,39.0,39.0,36.0,36.900001525878906,7397,0.0,0.0
2024-06-25 00:00:00-04:00,36.900001525878906,37.5,36.0,36.900001525878906,4297,0.0,0.0
2024-06-26 00:00:00-04:00,37.20000076293945,37.20000076293945,34.20000076293945,34.79999923706055,7700,0.0,0.0
2024-06-27 00:00:00-04:00,35.70000076293945,36.599998474121094,34.20000076293945,35.400001525878906,5170,0.0,0.0
2024-06-28 00:00:00-04:00,36.0,36.0,33.599998474121094,34.79999923706055,7523,0.0,0.0
2024-07-01 00:00:00-04:00,35.099998474121094,35.400001525878906,32.400001525878906,33.900001525878906,12163,0.0,0.0
2024-07-02 00:00:00-04:00,33.900001525878906,34.20000076293945,32.400001525878906,32.70000076293945,7143,0.0,0.0
2024-07-03 00:00:00-04:00,33.599998474121094,33.900001525878906,32.70000076293945,33.0,1857,0.0,0.0
2024-07-05 00:00:00-04:00,33.0,37.20000076293945,32.70000076293945,36.29999923706055,12847,0.0,0.0
2024-07-08 00:00:00-04:00,36.900001525878906,38.400001525878906,34.20000076293945,36.900001525878906,13027,0.0,0.0
2024-07-09 00:00:00-04:00,37.5,37.5,36.29999923706055,36.599998474121094,5237,0.0,0.0
2024-07-10 00:00:00-04:00,36.29999923706055,36.599998474121094,34.79999923706055,35.400001525878906,3440,0.0,0.0
2024-07-11 00:00:00-04:00,36.29999923706055,37.79999923706055,36.29999923706055,37.20000076293945,9323,0.0,0.0
2024-07-12 00:00:00-04:00,37.79999923706055,38.400001525878906,37.5,38.400001525878906,4997,0.0,0.0
2024-07-15 00:00:00-04:00,38.099998474121094,40.20000076293945,37.79999923706055,39.29999923706055,6340,0.0,0.0
2024-07-16 00:00:00-04:00,39.0,47.70000076293945,39.0,45.0,23993,0.0,0.0
2024-07-17 00:00:00-04:00,44.099998474121094,44.70000076293945,42.29999923706055,42.900001525878906,4827,0.0,0.0
2024-07-18 00:00:00-04:00,42.29999923706055,45.900001525878906,41.099998474121094,41.400001525878906,5657,0.0,0.0
2024-07-19 00:00:00-04:00,40.5,41.70000076293945,39.599998474121094,39.599998474121094,2820,0.0,0.0
2024-07-22 00:00:00-04:00,39.29999923706055,43.5,37.79999923706055,42.29999923706055,8130,0.0,0.0
2024-07-23 00:00:00-04:00,42.29999923706055,45.599998474121094,41.70000076293945,43.20000076293945,4807,0.0,0.0
2024-07-24 00:00:00-04:00,42.599998474121094,43.20000076293945,39.900001525878906,40.5,4323,0.0,0.0
2024-07-25 00:00:00-04:00,41.70000076293945,42.29999923706055,35.400001525878906,36.29999923706055,15777,0.0,0.0
2024-07-26 00:00:00-04:00,48.900001525878906,66.5999984741211,33.29999923706055,39.29999923706055,1952163,0.0,0.0
2024-07-29 00:00:00-04:00,37.20000076293945,37.79999923706055,34.79999923706055,37.20000076293945,93597,0.0,0.0
2024-07-30 00:00:00-04:00,36.599998474121094,36.599998474121094,33.29999923706055,35.400001525878906,41217,0.0,0.0
2024-07-31 00:00:00-04:00,35.099998474121094,38.099998474121094,33.900001525878906,33.900001525878906,38433,0.0,0.0
2024-08-01 00:00:00-04:00,34.79999923706055,36.0,33.900001525878906,35.099998474121094,27580,0.0,0.0
2024-08-02 00:00:00-04:00,33.900001525878906,34.79999923706055,33.900001525878906,34.5,33853,0.0,0.0
2024-08-05 00:00:00-04:00,31.5,34.20000076293945,30.600000381469727,34.20000076293945,32467,0.0,0.0
2024-08-06 00:00:00-04:00,33.599998474121094,36.0,33.599998474121094,34.79999923706055,16140,0.0,0.0
2024-08-07 00:00:00-04:00,35.400001525878906,36.599998474121094,34.79999923706055,35.099998474121094,29487,0.0,0.0
2024-08-08 00:00:00-04:00,35.099998474121094,37.20000076293945,35.099998474121094,36.0,11633,0.0,0.0
2024-08-09 00:00:00-04:00,36.900001525878906,36.900001525878906,35.70000076293945,36.599998474121094,8140,0.0,0.0
2024-08-12 00:00:00-04:00,37.20000076293945,37.20000076293945,35.400001525878906,36.0,7570,0.0,0.0
2024-08-13 00:00:00-04:00,36.0,36.0,34.20000076293945,35.400001525878906,9337,0.0,0.0
2024-08-14 00:00:00-04:00,35.400001525878906,35.70000076293945,34.5,34.5,5270,0.0,0.0
2024-08-15 00:00:00-04:00,34.20000076293945,34.5,33.0,34.20000076293945,16820,0.0,0.0
2024-08-16 00:00:00-04:00,33.599998474121094,34.5,33.29999923706055,33.900001525878906,11627,0.0,0.0
2024-08-19 00:00:00-04:00,34.79999923706055,34.79999923706055,33.0,34.5,11107,0.0,0.0
2024-08-20 00:00:00-04:00,33.599998474121094,34.20000076293945,33.29999923706055,33.599998474121094,5563,0.0,0.0
2024-08-21 00:00:00-04:00,33.599998474121094,34.20000076293945,33.29999923706055,33.900001525878906,3110,0.0,0.0
2024-08-22 00:00:00-04:00,33.900001525878906,34.20000076293945,33.29999923706055,33.29999923706055,3867,0.0,0.0
2024-08-23 00:00:00-04:00,33.900001525878906,34.5,33.599998474121094,33.599998474121094,4630,0.0,0.0
2024-08-26 00:00:00-04:00,33.599998474121094,34.20000076293945,33.29999923706055,34.20000076293945,5303,0.0,0.0
2024-08-27 00:00:00-04:00,34.5,34.5,33.0,33.599998474121094,8100,0.0,0.0
2024-08-28 00:00:00-04:00,33.599998474121094,33.599998474121094,32.400001525878906,32.70000076293945,9850,0.0,0.0
2024-08-29 00:00:00-04:00,32.70000076293945,33.0,32.400001525878906,32.70000076293945,5780,0.0,0.0
2024-08-30 00:00:00-04:00,32.70000076293945,33.0,32.400001525878906,32.400001525878906,4767,0.0,0.0
2024-09-03 00:00:00-04:00,32.400001525878906,33.0,32.099998474121094,32.400001525878906,7307,0.0,0.0
2024-09-04 00:00:00-04:00,32.099998474121094,32.400001525878906,31.799999237060547,31.799999237060547,8170,0.0,0.0
2024-09-05 00:00:00-04:00,32.099998474121094,33.0,32.099998474121094,32.70000076293945,8070,0.0,0.0
2024-09-06 00:00:00-04:00,33.29999923706055,33.29999923706055,31.5,32.099998474121094,9793,0.0,0.0
2024-09-09 00:00:00-04:00,31.799999237060547,32.099998474121094,31.200000762939453,31.799999237060547,8303,0.0,0.0
2024-09-10 00:00:00-04:00,31.799999237060547,32.099998474121094,31.5,32.099998474121094,9087,0.0,0.0
2024-09-11 00:00:00-04:00,32.099998474121094,36.0,32.099998474121094,35.400001525878906,22990,0.0,0.0
2024-09-12 00:00:00-04:00,35.400001525878906,36.0,35.400001525878906,36.0,8027,0.0,0.0
2024-09-13 00:00:00-04:00,36.0,39.29999923706055,35.70000076293945,38.400001525878906,23420,0.0,0.0
2024-09-16 00:00:00-04:00,38.70000076293945,38.70000076293945,33.599998474121094,34.5,33683,0.0,0.0
2024-09-17 00:00:00-04:00,35.400001525878906,36.29999923706055,34.5,36.29999923706055,8437,0.0,0.0
2024-09-18 00:00:00-04:00,36.0,36.599998474121094,33.599998474121094,33.599998474121094,8763,0.0,0.0
2024-09-19 00:00:00-04:00,34.5,34.5,33.0,33.0,9447,0.0,0.0
2024-09-20 00:00:00-04:00,33.599998474121094,33.599998474121094,32.400001525878906,32.400001525878906,9540,0.0,0.0
2024-09-23 00:00:00-04:00,32.70000076293945,33.29999923706055,32.400001525878906,32.400001525878906,8623,0.0,0.0
2024-09-24 00:00:00-04:00,33.0,33.0,32.099998474121094,32.099998474121094,9907,0.0,0.0
2024-09-25 00:00:00-04:00,32.400001525878906,32.400001525878906,30.600000381469727,31.5,21127,0.0,0.0
2024-09-26 00:00:00-04:00,32.099998474121094,32.70000076293945,30.899999618530273,31.5,12390,0.0,0.0
2024-09-27 00:00:00-04:00,31.799999237060547,33.0,31.5,32.70000076293945,9790,0.0,0.0
2024-09-30 00:00:00-04:00,32.099998474121094,33.0,31.5,31.799999237060547,4973,0.0,0.0
2024-10-01 00:00:00-04:00,31.799999237060547,33.0,31.799999237060547,32.400001525878906,7553,0.0,0.0
2024-10-02 00:00:00-04:00,32.099998474121094,33.900001525878906,32.099998474121094,33.29999923706055,7593,0.0,0.0
2024-10-03 00:00:00-04:00,33.29999923706055,33.29999923706055,32.70000076293945,32.70000076293945,3067,0.0,0.0
2024-10-04 00:00:00-04:00,33.29999923706055,33.29999923706055,31.5,32.400001525878906,7017,0.0,0.0
2024-10-07 00:00:00-04:00,32.400001525878906,32.70000076293945,31.799999237060547,32.400001525878906,2200,0.0,0.0
2024-10-08 00:00:00-04:00,32.70000076293945,32.70000076293945,31.5,31.5,3953,0.0,0.0
2024-10-09 00:00:00-04:00,31.5,32.099998474121094,30.899999618530273,31.200000762939453,8070,0.0,0.0
2024-10-10 00:00:00-04:00,31.200000762939453,31.200000762939453,30.0,30.299999237060547,11143,0.0,0.0
2024-10-11 00:00:00-04:00,30.299999237060547,30.600000381469727,30.0,30.299999237060547,9007,0.0,0.0
2024-10-14 00:00:00-04:00,30.299999237060547,30.600000381469727,29.700000762939453,30.0,7457,0.0,0.0
2024-10-15 00:00:00-04:00,29.700000762939453,30.0,27.899999618530273,28.799999237060547,11937,0.0,0.0
2024-10-16 00:00:00-04:00,28.799999237060547,30.0,28.5,29.700000762939453,9787,0.0,0.0
2024-10-17 00:00:00-04:00,28.799999237060547,29.399999618530273,28.200000762939453,28.5,5963,0.0,0.0
2024-10-18 00:00:00-04:00,29.399999618530273,29.399999618530273,26.700000762939453,27.0,9023,0.0,0.0
2024-10-21 00:00:00-04:00,27.600000381469727,27.899999618530273,26.700000762939453,27.0,12953,0.0,0.0
2024-10-22 00:00:00-04:00,27.0,29.100000381469727,26.700000762939453,27.600000381469727,34047,0.0,0.0
2024-10-23 00:00:00-04:00,28.200000762939453,28.5,26.700000762939453,27.600000381469727,8353,0.0,0.0
2024-10-24 00:00:00-04:00,27.0,27.600000381469727,26.399999618530273,27.0,8117,0.0,0.0
2024-10-25 00:00:00-04:00,27.899999618530273,27.899999618530273,27.0,27.299999237060547,3710,0.0,0.0
2024-10-28 00:00:00-04:00,27.0,27.899999618530273,26.700000762939453,27.600000381469727,5753,0.0,0.0
2024-10-29 00:00:00-04:00,27.600000381469727,27.899999618530273,26.399999618530273,27.299999237060547,5620,0.0,0.0
2024-10-30 00:00:00-04:00,27.0,27.899999618530273,26.399999618530273,27.0,5867,0.0,0.0
2024-10-31 00:00:00-04:00,26.700000762939453,27.299999237060547,26.399999618530273,26.700000762939453,3107,0.0,0.0
2024-11-01 00:00:00-04:00,26.700000762939453,27.600000381469727,26.100000381469727,26.100000381469727,6267,0.0,0.0
2024-11-04 00:00:00-05:00,26.399999618530273,26.700000762939453,24.0,24.899999618530273,15817,0.0,0.0
2024-11-05 00:00:00-05:00,24.299999237060547,24.600000381469727,24.0,24.0,8757,0.0,0.0
2024-11-06 00:00:00-05:00,24.0,24.600000381469727,22.5,22.799999237060547,16947,0.0,0.0
2024-11-07 00:00:00-05:00,23.399999618530273,24.299999237060547,20.399999618530273,21.0,46210,0.0,0.0
2024-11-08 00:00:00-05:00,21.0,22.5,21.0,21.899999618530273,21633,0.0,0.0
2024-11-11 00:00:00-05:00,22.200000762939453,22.5,21.0,21.600000381469727,6987,0.0,0.0
2024-11-12 00:00:00-05:00,21.600000381469727,22.200000762939453,20.399999618530273,21.0,4873,0.0,0.0
2024-11-13 00:00:00-05:00,21.299999237060547,21.299999237060547,18.899999618530273,18.899999618530273,23387,0.0,0.0
2024-11-14 00:00:00-05:00,18.899999618530273,18.899999618530273,16.200000762939453,16.799999237060547,54810,0.0,0.0
2024-11-15 00:00:00-05:00,16.799999237060547,17.100000381469727,16.799999237060547,16.799999237060547,13000,0.0,0.0
2024-11-18 00:00:00-05:00,16.5,17.100000381469727,16.5,16.799999237060547,24187,0.0,0.0
2024-11-19 00:00:00-05:00,16.799999237060547,19.5,16.799999237060547,19.5,16273,0.0,0.0
2024-11-20 00:00:00-05:00,19.200000762939453,19.5,18.299999237060547,18.899999618530273,17783,0.0,0.0
2024-11-21 00:00:00-05:00,18.600000381469727,18.899999618530273,17.700000762939453,18.0,7227,0.0,0.0
2024-11-22 00:00:00-05:00,18.0,18.0,17.399999618530273,18.0,10273,0.0,0.0
2024-11-25 00:00:00-05:00,18.0,19.5,17.700000762939453,19.200000762939453,9470,0.0,0.0
2024-11-26 00:00:00-05:00,18.899999618530273,19.5,17.700000762939453,18.600000381469727,9780,0.0,0.0
2024-11-27 00:00:00-05:00,18.0,18.600000381469727,18.0,18.299999237060547,4797,0.0,0.0
2024-11-29 00:00:00-05:00,18.600000381469727,19.799999237060547,18.600000381469727,19.799999237060547,7010,0.0,0.0
2024-12-02 00:00:00-05:00,17.700000762939453,19.5,17.700000762939453,19.200000762939453,16887,0.0,0.0
2024-12-03 00:00:00-05:00,18.899999618530273,18.899999618530273,18.0,18.299999237060547,5140,0.0,0.0
2024-12-04 00:00:00-05:00,18.299999237060547,18.299999237060547,16.799999237060547,17.100000381469727,7967,0.0,0.0
2024-12-05 00:00:00-05:00,17.100000381469727,17.399999618530273,16.5,16.799999237060547,7143,0.0,0.0
2024-12-06 00:00:00-05:00,16.200000762939453,17.100000381469727,14.699999809265137,15.0,22990,0.0,0.0
2024-12-09 00:00:00-05:00,15.0,19.200000762939453,15.0,19.200000762939453,33887,0.0,0.0
2024-12-10 00:00:00-05:00,19.799999237060547,22.200000762939453,18.600000381469727,19.200000762939453,44427,0.0,0.0
2024-12-11 00:00:00-05:00,18.299999237060547,20.700000762939453,18.0,20.100000381469727,20540,0.0,0.0
2024-12-12 00:00:00-05:00,21.299999237060547,23.399999618530273,18.899999618530273,22.200000762939453,33627,0.0,0.0
2024-12-13 00:00:00-05:00,22.200000762939453,22.200000762939453,20.700000762939453,20.700000762939453,12267,0.0,0.0
2024-12-16 00:00:00-05:00,20.700000762939453,21.0,19.200000762939453,19.5,12883,0.0,0.0
2024-12-17 00:00:00-05:00,19.200000762939453,23.399999618530273,19.200000762939453,22.799999237060547,28277,0.0,0.0
2024-12-18 00:00:00-05:00,23.399999618530273,23.399999618530273,18.0,18.600000381469727,98123,0.0,0.0
2024-12-19 00:00:00-05:00,20.100000381469727,32.70000076293945,19.5,23.100000381469727,242907,0.0,0.0
2024-12-20 00:00:00-05:00,20.399999618530273,22.200000762939453,19.799999237060547,21.899999618530273,27433,0.0,0.0
2024-12-23 00:00:00-05:00,24.600000381469727,24.600000381469727,20.700000762939453,21.0,19290,0.0,0.0
2024-12-24 00:00:00-05:00,21.0,21.600000381469727,20.700000762939453,21.0,2817,0.0,0.0
2024-12-26 00:00:00-05:00,21.0,21.899999618530273,21.0,21.0,20087,0.0,0.0
2024-12-27 00:00:00-05:00,21.600000381469727,21.600000381469727,17.700000762939453,18.0,45233,0.0,0.0
2024-12-30 00:00:00-05:00,12.600000381469727,13.199999809265137,11.100000381469727,12.300000190734863,349317,0.0,0.0
2024-12-31 00:00:00-05:00,12.300000190734863,12.600000381469727,11.699999809265137,12.0,110043,0.0,0.0
2025-01-02 00:00:00-05:00,12.600000381469727,13.199999809265137,12.0,12.300000190734863,79227,0.0,0.0
2025-01-03 00:00:00-05:00,12.300000190734863,13.199999809265137,12.300000190734863,12.899999618530273,59910,0.0,0.0
2025-01-06 00:00:00-05:00,12.899999618530273,12.899999618530273,12.0,12.300000190734863,64720,0.0,0.0
2025-01-07 00:00:00-05:00,12.300000190734863,12.600000381469727,11.399999618530273,12.0,67620,0.0,0.0
2025-01-08 00:00:00-05:00,12.0,12.0,10.800000190734863,11.100000381469727,48903,0.0,0.0
2025-01-10 00:00:00-05:00,11.100000381469727,12.899999618530273,10.800000190734863,12.899999618530273,43117,0.0,0.0
2025-01-13 00:00:00-05:00,12.600000381469727,12.899999618530273,11.399999618530273,12.300000190734863,27357,0.0,0.0
2025-01-14 00:00:00-05:00,12.0,12.300000190734863,12.0,12.0,9187,0.0,0.0
2025-01-15 00:00:00-05:00,12.600000381469727,12.600000381469727,11.100000381469727,12.300000190734863,18597,0.0,0.0
2025-01-16 00:00:00-05:00,12.0,12.300000190734863,11.699999809265137,12.0,9180,0.0,0.0
2025-01-17 00:00:00-05:00,12.300000190734863,12.300000190734863,11.699999809265137,12.0,8477,0.0,0.0
2025-01-21 00:00:00-05:00,12.0,12.0,11.100000381469727,11.699999809265137,19083,0.0,0.0
2025-01-22 00:00:00-05:00,11.699999809265137,12.300000190734863,11.399999618530273,12.300000190734863,16823,0.0,0.0
2025-01-23 00:00:00-05:00,12.300000190734863,12.300000190734863,11.399999618530273,11.699999809265137,22843,0.0,0.0
2025-01-24 00:00:00-05:00,12.0,12.600000381469727,11.399999618530273,12.600000381469727,47443,0.0,0.0
2025-01-27 00:00:00-05:00,12.600000381469727,13.800000190734863,12.0,13.5,45797,0.0,0.0
2025-01-28 00:00:00-05:00,13.199999809265137,13.199999809265137,12.600000381469727,13.199999809265137,9717,0.0,0.0
2025-01-29 00:00:00-05:00,12.600000381469727,13.5,11.100000381469727,11.699999809265137,45373,0.0,0.0
2025-01-30 00:00:00-05:00,12.0,12.300000190734863,11.399999618530273,12.0,7127,0.0,0.0
2025-01-31 00:00:00-05:00,12.0,12.300000190734863,11.399999618530273,11.699999809265137,10607,0.0,0.0
2025-02-03 00:00:00-05:00,11.699999809265137,11.699999809265137,10.800000190734863,11.399999618530273,15047,0.0,0.0
2025-02-04 00:00:00-05:00,11.699999809265137,11.699999809265137,11.100000381469727,11.399999618530273,5937,0.0,0.0
2025-02-05 00:00:00-05:00,12.0,12.0,11.100000381469727,12.0,9107,0.0,0.0
2025-02-06 00:00:00-05:00,12.0,12.0,11.399999618530273,11.699999809265137,10707,0.0,0.0
2025-02-07 00:00:00-05:00,12.0,12.0,10.800000190734863,11.399999618530273,15793,0.0,0.0
2025-02-10 00:00:00-05:00,11.100000381469727,11.399999618530273,10.5,10.800000190734863,16283,0.0,0.0
2025-02-11 00:00:00-05:00,10.800000190734863,11.399999618530273,9.899999618530273,11.100000381469727,21693,0.0,0.0
2025-02-12 00:00:00-05:00,11.100000381469727,12.600000381469727,10.800000190734863,12.600000381469727,14897,0.0,0.0
2025-02-13 00:00:00-05:00,12.600000381469727,12.899999618530273,12.0,12.300000190734863,20213,0.0,0.0
2025-02-14 00:00:00-05:00,12.300000190734863,12.600000381469727,12.0,12.600000381469727,12380,0.0,0.0
2025-02-18 00:00:00-05:00,12.600000381469727,13.800000190734863,11.699999809265137,13.5,47170,0.0,0.0
2025-02-19 00:00:00-05:00,13.800000190734863,16.200000762939453,13.5,15.300000190734863,59743,0.0,0.0
2025-02-20 00:00:00-05:00,18.299999237060547,20.399999618530273,12.300000190734863,12.600000381469727,310723,0.0,0.0
2025-02-21 00:00:00-05:00,12.600000381469727,12.600000381469727,11.399999618530273,12.0,68017,0.0,0.0
2025-02-24 00:00:00-05:00,12.0,12.0,11.399999618530273,11.699999809265137,21887,0.0,0.0
2025-02-25 00:00:00-05:00,12.0,12.0,10.5,10.800000190734863,36533,0.0,0.0
2025-02-26 00:00:00-05:00,10.800000190734863,11.100000381469727,10.199999809265137,10.199999809265137,31607,0.0,0.0
2025-02-27 00:00:00-05:00,10.199999809265137,10.199999809265137,9.300000190734863,9.899999618530273,40017,0.0,0.0
2025-02-28 00:00:00-05:00,9.899999618530273,10.199999809265137,9.300000190734863,9.899999618530273,21533,0.0,0.0
2025-03-03 00:00:00-05:00,10.199999809265137,10.199999809265137,9.600000381469727,9.600000381469727,26473,0.0,0.0
2025-03-04 00:00:00-05:00,9.600000381469727,9.899999618530273,9.600000381469727,9.899999618530273,23410,0.0,0.0
2025-03-05 00:00:00-05:00,9.899999618530273,10.199999809265137,9.600000381469727,9.899999618530273,15447,0.0,0.0
2025-03-06 00:00:00-05:00,9.899999618530273,10.5,9.600000381469727,10.199999809265137,17853,0.0,0.0
2025-03-07 00:00:00-05:00,10.199999809265137,10.5,10.199999809265137,10.5,8837,0.0,0.0
2025-03-10 00:00:00-04:00,10.5,10.5,9.300000190734863,9.600000381469727,31193,0.0,0.0
2025-03-11 00:00:00-04:00,9.600000381469727,9.899999618530273,9.600000381469727,9.899999618530273,10947,0.0,0.0
2025-03-12 00:00:00-04:00,10.199999809265137,10.199999809265137,8.699999809265137,9.0,45567,0.0,0.0
2025-03-13 00:00:00-04:00,8.699999809265137,9.300000190734863,8.699999809265137,9.0,15263,0.0,0.0
2025-03-14 00:00:00-04:00,9.600000381469727,9.600000381469727,9.0,9.0,19513,0.0,0.0
2025-03-17 00:00:00-04:00,9.600000381469727,9.899999618530273,8.100000381469727,8.399999618530273,628050,0.0,0.0
2025-03-18 00:00:00-04:00,8.399999618530273,9.300000190734863,7.800000190734863,9.0,80853,0.0,0.0
2025-03-19 00:00:00-04:00,9.0,9.0,8.399999618530273,8.699999809265137,39417,0.0,0.0
2025-03-20 00:00:00-04:00,8.399999618530273,8.399999618530273,8.100000381469727,8.100000381469727,38003,0.0,0.0
2025-03-21 00:00:00-04:00,8.399999618530273,8.399999618530273,7.5,7.800000190734863,55590,0.0,0.0
2025-03-24 00:00:00-04:00,8.699999809265137,8.699999809265137,7.800000190734863,8.100000381469727,88403,0.0,0.0
2025-03-25 00:00:00-04:00,8.100000381469727,8.100000381469727,7.5,7.5,48480,0.0,0.0
2025-03-26 00:00:00-04:00,7.5,7.5,6.900000095367432,7.199999809265137,26917,0.0,0.0
2025-03-27 00:00:00-04:00,7.5,7.5,6.900000095367432,7.199999809265137,22550,0.0,0.0
2025-03-28 00:00:00-04:00,7.199999809265137,7.5,6.900000095367432,7.199999809265137,18560,0.0,0.0
2025-03-31 00:00:00-04:00,7.199999809265137,7.199999809265137,6.599999904632568,6.900000095367432,18500,0.0,0.0
2025-04-01 00:00:00-04:00,6.900000095367432,7.199999809265137,6.300000190734863,6.599999904632568,30023,0.0,0.0
2025-04-02 00:00:00-04:00,6.599999904632568,6.900000095367432,6.0,6.300000190734863,36170,0.0,0.0
2025-04-03 00:00:00-04:00,6.0,6.300000190734863,5.400000095367432,6.0,48427,0.0,0.0
2025-04-04 00:00:00-04:00,5.699999809265137,7.199999809265137,5.400000095367432,6.599999904632568,56300,0.0,0.0
2025-04-07 00:00:00-04:00,6.900000095367432,6.900000095367432,5.699999809265137,6.300000190734863,40253,0.0,0.0
2025-04-08 00:00:00-04:00,6.300000190734863,6.599999904632568,5.699999809265137,5.699999809265137,59393,0.0,0.0
2025-04-09 00:00:00-04:00,6.0,6.0,5.400000095367432,6.0,40703,0.0,0.0
2025-04-10 00:00:00-04:00,5.699999809265137,6.300000190734863,5.699999809265137,6.300000190734863,38343,0.0,0.0
2025-04-11 00:00:00-04:00,6.300000190734863,9.600000381469727,6.300000190734863,9.300000190734863,235360,0.0,0.0
2025-04-14 00:00:00-04:00,9.300000190734863,9.600000381469727,6.900000095367432,7.199999809265137,101353,0.0,0.0
2025-04-15 00:00:00-04:00,7.199999809265137,7.5,7.199999809265137,7.199999809265137,33137,0.0,0.0
2025-04-16 00:00:00-04:00,7.199999809265137,8.100000381469727,7.199999809265137,7.800000190734863,36900,0.0,0.0
2025-04-17 00:00:00-04:00,7.800000190734863,8.399999618530273,7.5,7.5,45430,0.0,0.0
2025-04-21 00:00:00-04:00,7.800000190734863,8.100000381469727,7.5,7.800000190734863,18040,0.0,0.0
2025-04-22 00:00:00-04:00,7.800000190734863,8.100000381469727,7.5,8.100000381469727,23380,0.0,0.0
2025-04-23 00:00:00-04:00,8.399999618530273,9.300000190734863,8.100000381469727,8.699999809265137,78740,0.0,0.0
2025-04-24 00:00:00-04:00,8.699999809265137,9.300000190734863,8.699999809265137,9.0,41113,0.0,0.0
2025-04-25 00:00:00-04:00,9.0,9.300000190734863,8.699999809265137,8.699999809265137,25960,0.0,0.0
2025-04-28 00:00:00-04:00,9.0,9.0,8.699999809265137,9.0,23413,0.0,0.0
2025-04-29 00:00:00-04:00,9.0,9.300000190734863,8.399999618530273,8.699999809265137,27323,0.0,0.0
2025-04-30 00:00:00-04:00,8.699999809265137,9.0,8.399999618530273,8.699999809265137,19510,0.0,0.0
2025-05-01 00:00:00-04:00,8.699999809265137,8.699999809265137,7.800000190734863,8.100000381469727,26783,0.0,0.0
2025-05-02 00:00:00-04:00,8.100000381469727,8.100000381469727,7.5,7.5,83640,0.0,0.0
2025-05-05 00:00:00-04:00,7.800000190734863,7.800000190734863,7.5,7.5,19323,0.0,0.0
2025-05-06 00:00:00-04:00,7.800000190734863,7.800000190734863,7.199999809265137,7.5,26517,0.0,0.0
2025-05-07 00:00:00-04:00,7.5,7.5,7.199999809265137,7.199999809265137,18470,0.0,0.0
2025-05-08 00:00:00-04:00,7.199999809265137,7.5,6.900000095367432,7.5,21243,0.0,0.0
2025-05-09 00:00:00-04:00,7.800000190734863,7.800000190734863,7.199999809265137,7.5,28427,0.0,0.0
2025-05-12 00:00:00-04:00,7.5,7.800000190734863,7.199999809265137,7.5,19963,0.0,0.0
2025-05-13 00:00:00-04:00,7.800000190734863,7.800000190734863,7.199999809265137,7.800000190734863,16417,0.0,0.0
2025-05-14 00:00:00-04:00,7.800000190734863,8.100000381469727,6.900000095367432,7.199999809265137,43060,0.0,0.0
2025-05-15 00:00:00-04:00,7.5,7.5,6.599999904632568,6.900000095367432,35597,0.0,0.0
2025-05-16 00:00:00-04:00,6.900000095367432,7.199999809265137,6.300000190734863,6.599999904632568,54017,0.0,0.0
2025-05-19 00:00:00-04:00,6.900000095367432,6.900000095367432,6.0,6.0,135500,0.0,0.0
2025-05-20 00:00:00-04:00,5.989999771118164,6.639999866485596,5.110000133514404,5.110000133514404,197700,0.0,0.03333333333333333
2025-05-21 00:00:00-04:00,5.119999885559082,5.21999979019165,3.8499999046325684,4.510000228881836,574900,0.0,0.0
2025-05-22 00:00:00-04:00,2.5899999141693115,2.5999999046325684,2.319999933242798,2.4600000381469727,2017000,0.0,0.0
2025-05-23 00:00:00-04:00,2.4700000286102295,2.569999933242798,2.4000000953674316,2.509999990463257,719200,0.0,0.0
2025-05-27 00:00:00-04:00,2.549999952316284,2.630000114440918,2.359999895095825,2.509999990463257,505000,0.0,0.0
2025-05-28 00:00:00-04:00,2.5399999618530273,2.5399999618530273,2.3499999046325684,2.5,285900,0.0,0.0
2025-05-29 00:00:00-04:00,2.4700000286102295,2.490000009536743,2.259999990463257,2.359999895095825,317900,0.0,0.0
2025-05-30 00:00:00-04:00,2.359999895095825,2.359999895095825,2.049999952316284,2.0999999046325684,430800,0.0,0.0
2025-06-02 00:00:00-04:00,2.0999999046325684,2.5199999809265137,1.9800000190734863,2.4800000190734863,424700,0.0,0.0
2025-06-03 00:00:00-04:00,2.4700000286102295,2.640000104904175,2.2799999713897705,2.4000000953674316,369200,0.0,0.0
2025-06-04 00:00:00-04:00,2.430000066757202,2.7799999713897705,2.3499999046325684,2.4100000858306885,343800,0.0,0.0
2025-06-05 00:00:00-04:00,2.4200000762939453,2.5399999618530273,2.299999952316284,2.359999895095825,173700,0.0,0.0
2025-06-06 00:00:00-04:00,2.4000000953674316,2.4000000953674316,2.25,2.380000114440918,143600,0.0,0.0
2025-06-09 00:00:00-04:00,2.390000104904175,2.569999933242798,2.2899999618530273,2.5399999618530273,196300,0.0,0.0
2025-06-10 00:00:00-04:00,2.559999942779541,2.5899999141693115,2.380000114440918,2.4200000762939453,100900,0.0,0.0
2025-06-11 00:00:00-04:00,2.4000000953674316,2.509999990463257,2.369999885559082,2.4800000190734863,90300,0.0,0.0
2025-06-12 00:00:00-04:00,2.430000066757202,2.509999990463257,2.359999895095825,2.369999885559082,116400,0.0,0.0
2025-06-13 00:00:00-04:00,2.3499999046325684,2.380000114440918,2.200000047683716,2.25,151600,0.0,0.0
2025-06-16 00:00:00-04:00,2.2300000190734863,2.509999990463257,2.2100000381469727,2.5,159600,0.0,0.0
2025-06-17 00:00:00-04:00,2.4600000381469727,2.509999990463257,2.319999933242798,2.319999933242798,81500,0.0,0.0
2025-06-18 00:00:00-04:00,2.440000057220459,2.4800000190734863,2.059999942779541,2.2899999618530273,2101100,0.0,0.0
2025-06-20 00:00:00-04:00,2.299999952316284,2.549999952316284,2.2799999713897705,2.549999952316284,385100,0.0,0.0
2025-06-23 00:00:00-04:00,2.380000114440918,2.5399999618530273,2.2899999618530273,2.4600000381469727,151600,0.0,0.0
2025-06-24 00:00:00-04:00,2.490000009536743,2.569999933242798,2.4200000762939453,2.430000066757202,129100,0.0,0.0
2025-06-25 00:00:00-04:00,2.430000066757202,2.430000066757202,2.309999942779541,2.4100000858306885,90100,0.0,0.0
2025-06-26 00:00:00-04:00,2.4100000858306885,2.5,2.390000104904175,2.440000057220459,65800,0.0,0.0
2025-06-27 00:00:00-04:00,2.4700000286102295,2.4700000286102295,2.369999885559082,2.4000000953674316,61000,0.0,0.0
2025-06-30 00:00:00-04:00,2.4200000762939453,2.4700000286102295,2.2799999713897705,2.2899999618530273,129300,0.0,0.0
2025-07-01 00:00:00-04:00,2.259999990463257,2.4100000858306885,2.2100000381469727,2.369999885559082,94500,0.0,0.0
2025-07-02 00:00:00-04:00,2.4100000858306885,2.5799999237060547,2.390000104904175,2.5199999809265137,231200,0.0,0.0
2025-07-03 00:00:00-04:00,2.5399999618530273,2.7100000381469727,2.4200000762939453,2.490000009536743,192200,0.0,0.0
2025-07-07 00:00:00-04:00,2.4800000190734863,2.4800000190734863,2.240000009536743,2.2899999618530273,204800,0.0,0.0
2025-07-08 00:00:00-04:00,2.299999952316284,2.4700000286102295,2.2899999618530273,2.440000057220459,122000,0.0,0.0
2025-07-09 00:00:00-04:00,2.440000057220459,2.880000114440918,2.440000057220459,2.799999952316284,338800,0.0,0.0
2025-07-10 00:00:00-04:00,3.049999952316284,3.869999885559082,2.9100000858306885,3.819999933242798,604400,0.0,0.0
2025-07-11 00:00:00-04:00,6.260000228881836,7.090000152587891,3.4000000953674316,3.5299999713897705,27062000,0.0,0.0
2025-07-14 00:00:00-04:00,3.630000114440918,4.0,3.440000057220459,3.630000114440918,1169500,0.0,0.0
2025-07-15 00:00:00-04:00,3.640000104904175,3.7799999713897705,3.4100000858306885,3.5299999713897705,334400,0.0,0.0
2025-07-16 00:00:00-04:00,3.309999942779541,4.0,3.299999952316284,3.8499999046325684,563600,0.0,0.0
2025-07-17 00:00:00-04:00,3.8299999237060547,4.25,3.8299999237060547,4.170000076293945,759000,0.0,0.0
2025-07-18 00:00:00-04:00,4.099999904632568,4.159999847412109,3.950000047683716,3.9600000381469727,420400,0.0,0.0
2025-07-21 00:00:00-04:00,4.050000190734863,4.440000057220459,3.950000047683716,4.349999904632568,722600,0.0,0.0
2025-07-22 00:00:00-04:00,4.349999904632568,5.389999866485596,4.340000152587891,5.269999980926514,700400,0.0,0.0
2025-07-23 00:00:00-04:00,5.28000020980835,6.349999904632568,5.119999885559082,6.289999961853027,656200,0.0,0.0
2025-07-24 00:00:00-04:00,6.099999904632568,7.679999828338623,6.0,6.849999904632568,1099600,0.0,0.0
2025-07-25 00:00:00-04:00,6.78000020980835,8.449999809265137,6.25,8.199999809265137,945600,0.0,0.0
2025-07-28 00:00:00-04:00,8.420000076293945,10.399999618530273,8.220000267028809,8.609999656677246,1460700,0.0,0.0
2025-07-29 00:00:00-04:00,9.0,9.0,7.110000133514404,7.150000095367432,756900,0.0,0.0
2025-07-30 00:00:00-04:00,7.050000190734863,9.760000228881836,7.019999980926514,8.579999923706055,871400,0.0,0.0
2025-07-31 00:00:00-04:00,8.699999809265137,9.5,8.010000228881836,8.180000305175781,497000,0.0,0.0
2025-08-01 00:00:00-04:00,8.069999694824219,9.5,7.75,9.449999809265137,547900,0.0,0.0
2025-08-04 00:00:00-04:00,9.600000381469727,10.25,8.720000267028809,9.25,353300,0.0,0.0
2025-08-05 00:00:00-04:00,9.140000343322754,9.579999923706055,8.609999656677246,8.9399995803833,308600,0.0,0.0
2025-08-06 00:00:00-04:00,8.739999771118164,9.25,8.710000038146973,9.140000343322754,217300,0.0,0.0
2025-08-07 00:00:00-04:00,8.789999961853027,9.430000305175781,8.0600004196167,8.229999542236328,252500,0.0,0.0
2025-08-08 00:00:00-04:00,8.229999542236328,8.489999771118164,7.21999979019165,7.440000057220459,420100,0.0,0.0
2025-08-11 00:00:00-04:00,7.230000019073486,7.800000190734863,6.840000152587891,7.03000020980835,206400,0.0,0.0
2025-08-12 00:00:00-04:00,7.159999847412109,7.820000171661377,6.900000095367432,7.630000114440918,206400,0.0,0.0
2025-08-13 00:00:00-04:00,7.679999828338623,8.59000015258789,7.179999828338623,8.350000381469727,416700,0.0,0.0
2025-08-14 00:00:00-04:00,8.229999542236328,8.279999732971191,7.699999809265137,8.140000343322754,191000,0.0,0.0
2025-08-15 00:00:00-04:00,8.109999656677246,9.020000457763672,7.960000038146973,8.699999809265137,193700,0.0,0.0
2025-08-18 00:00:00-04:00,8.699999809265137,9.420000076293945,8.600000381469727,8.920000076293945,234900,0.0,0.0
2025-08-19 00:00:00-04:00,8.949999809265137,8.949999809265137,8.039999961853027,8.470000267028809,180800,0.0,0.0
2025-08-20 00:00:00-04:00,8.489999771118164,9.279999732971191,8.399999618530273,8.899999618530273,106000,0.0,0.0
2025-08-21 00:00:00-04:00,8.8100004196167,9.489999771118164,8.75,9.170000076293945,146800,0.0,0.0
2025-08-22 00:00:00-04:00,9.289999961853027,9.859999656677246,9.119999885559082,9.520000457763672,152300,0.0,0.0
2025-08-25 00:00:00-04:00,9.600000381469727,10.989999771118164,9.579999923706055,10.5600004196167,280000,0.0,0.0
2025-08-26 00:00:00-04:00,10.59000015258789,11.960000038146973,10.5,11.300000190734863,330000,0.0,0.0
2025-08-27 00:00:00-04:00,11.899999618530273,13.479999542236328,11.59000015258789,13.039999961853027,543700,0.0,0.0
2025-08-28 00:00:00-04:00,9.010000228881836,9.75,8.649999618530273,9.3100004196167,1260500,0.0,0.0
2025-08-29 00:00:00-04:00,9.119999885559082,10.869999885559082,9.0600004196167,10.430000305175781,518000,0.0,0.0
2025-09-02 00:00:00-04:00,10.59000015258789,12.5,10.399999618530273,12.15999984741211,421900,0.0,0.0
2025-09-03 00:00:00-04:00,12.220000267028809,12.680000305175781,11.289999961853027,11.829999923706055,257500,0.0,0.0
2025-09-04 00:00:00-04:00,12.4399995803833,12.529999732971191,10.899999618530273,11.239999771118164,288100,0.0,0.0
2025-09-05 00:00:00-04:00,11.1899995803833,11.510000228881836,10.40999984741211,10.489999771118164,223700,0.0,0.0
2025-09-08 00:00:00-04:00,10.550000190734863,11.399999618530273,10.210000038146973,10.350000381469727,205600,0.0,0.0
2025-09-09 00:00:00-04:00,10.329999923706055,10.770000457763672,10.0600004196167,10.6899995803833,205000,0.0,0.0
2025-09-10 00:00:00-04:00,10.720000267028809,10.770000457763672,9.579999923706055,9.680000305175781,306200,0.0,0.0
2025-09-11 00:00:00-04:00,9.789999961853027,10.25,9.739999771118164,9.829999923706055,130900,0.0,0.0
2025-09-12 00:00:00-04:00,9.920000076293945,10.479999542236328,9.800000190734863,10.25,95100,0.0,0.0
2025-09-15 00:00:00-04:00,10.25,10.479999542236328,9.670000076293945,9.869999885559082,124000,0.0,0.0
2025-09-16 00:00:00-04:00,9.850000381469727,10.0,9.25,9.520000457763672,168700,0.0,0.0
2025-09-17 00:00:00-04:00,9.510000228881836,9.850000381469727,8.800000190734863,8.829999923706055,287800,0.0,0.0
2025-09-18 00:00:00-04:00,8.970000267028809,9.149999618530273,8.739999771118164,8.920000076293945,185700,0.0,0.0
2025-09-19 00:00:00-04:00,8.859999656677246,9.020000457763672,8.449999809265137,8.670000076293945,402500,0.0,0.0
2025-09-22 00:00:00-04:00,8.670000076293945,9.359999656677246,8.630000114440918,8.989999771118164,167800,0.0,0.0
2025-09-23 00:00:00-04:00,9.0600004196167,9.289999961853027,8.630000114440918,8.630000114440918,93500,0.0,0.0
2025-09-24 00:00:00-04:00,8.789999961853027,9.100000381469727,8.630000114440918,8.979999542236328,59000,0.0,0.0
2025-09-25 00:00:00-04:00,8.84000015258789,8.949999809265137,8.4399995803833,8.510000228881836,77000,0.0,0.0
2025-09-26 00:00:00-04:00,8.579999923706055,9.069999694824219,8.510000228881836,8.949999809265137,53000,0.0,0.0
2025-09-29 00:00:00-04:00,8.859999656677246,9.329999923706055,8.8100004196167,8.819999694824219,103600,0.0,0.0
2025-09-30 00:00:00-04:00,8.890000343322754,9.270000457763672,8.6899995803833,9.199999809265137,75200,0.0,0.0
2025-10-01 00:00:00-04:00,9.239999771118164,10.420000076293945,9.170000076293945,9.9399995803833,194000,0.0,0.0
2025-10-02 00:00:00-04:00,10.300000190734863,10.300000190734863,9.84000015258789,10.15999984741211,77300,0.0,0.0
2025-10-03 00:00:00-04:00,10.239999771118164,10.829999923706055,10.15999984741211,10.470000267028809,89500,0.0,0.0
2025-10-06 00:00:00-04:00,10.40999984741211,10.699999809265137,9.90999984741211,10.100000381469727,72700,0.0,0.0
2025-10-07 00:00:00-04:00,10.020000457763672,10.380000114440918,9.890000343322754,10.199999809265137,47200,0.0,0.0
2025-10-08 00:00:00-04:00,10.149999618530273,10.619999885559082,9.789999961853027,10.029999732971191,77700,0.0,0.0
2025-10-09 00:00:00-04:00,10.0,10.390000343322754,9.619999885559082,9.930000305175781,62500,0.0,0.0
2025-10-10 00:00:00-04:00,9.949999809265137,10.079999923706055,9.369999885559082,9.609999656677246,66000,0.0,0.0
2025-10-13 00:00:00-04:00,9.569999694824219,10.140000343322754,9.510000228881836,9.899999618530273,67200,0.0,0.0
2025-10-14 00:00:00-04:00,9.720000267028809,10.039999961853027,9.649999618530273,9.869999885559082,55000,0.0,0.0
2025-10-15 00:00:00-04:00,9.90999984741211,10.239999771118164,9.8100004196167,10.109999656677246,37400,0.0,0.0
2025-10-16 00:00:00-04:00,10.050000190734863,10.15999984741211,9.600000381469727,9.600000381469727,46000,0.0,0.0
2025-10-17 00:00:00-04:00,9.630000114440918,9.850000381469727,8.609999656677246,8.850000381469727,136100,0.0,0.0
2025-10-20 00:00:00-04:00,9.180000305175781,9.25,8.850000381469727,9.140000343322754,43000,0.0,0.0
2025-10-21 00:00:00-04:00,9.109999656677246,9.329999923706055,8.5,9.210000038146973,124400,0.0,0.0
2025-10-22 00:00:00-04:00,9.25,9.350000381469727,8.920000076293945,9.270000457763672,53900,0.0,0.0
2025-10-23 00:00:00-04:00,9.050000190734863,9.210000038146973,8.890000343322754,8.989999771118164,21400,0.0,0.0
2025-10-24 00:00:00-04:00,9.199999809265137,9.199999809265137,8.8100004196167,9.15999984741211,40400,0.0,0.0
2025-10-27 00:00:00-04:00,9.170000076293945,9.350000381469727,8.800000190734863,9.029999732971191,29700,0.0,0.0
2025-10-28 00:00:00-04:00,8.850000381469727,9.279999732971191,8.149999618530273,8.609999656677246,112800,0.0,0.0
2025-10-29 00:00:00-04:00,8.420000076293945,8.430000305175781,7.5,7.590000152587891,207800,0.0,0.0
2025-10-30 00:00:00-04:00,7.510000228881836,7.550000190734863,6.059999942779541,6.639999866485596,506200,0.0,0.0
2025-10-31 00:00:00-04:00,6.880000114440918,7.559999942779541,6.880000114440918,7.090000152587891,139500,0.0,0.0
2025-11-03 00:00:00-05:00,7.360000133514404,7.409999847412109,6.96999979019165,7.090000152587891,66200,0.0,0.0
2025-11-04 00:00:00-05:00,7.0,7.289999961853027,6.860000133514404,7.059999942779541,40800,0.0,0.0
2025-11-05 00:00:00-05:00,7.099999904632568,7.440000057220459,6.949999809265137,7.340000152587891,31600,0.0,0.0
2025-11-06 00:00:00-05:00,7.199999809265137,7.300000190734863,6.639999866485596,6.639999866485596,67800,0.0,0.0
2025-11-07 00:00:00-05:00,6.679999828338623,7.079999923706055,6.5,7.039999961853027,90800,0.0,0.0
2025-11-10 00:00:00-05:00,7.0,7.440000057220459,7.0,7.190000057220459,42600,0.0,0.0
2025-11-11 00:00:00-05:00,7.190000057220459,7.190000057220459,6.869999885559082,7.079999923706055,38900,0.0,0.0
2025-11-12 00:00:00-05:00,6.980000019073486,7.360000133514404,6.639999866485596,6.739999771118164,75600,0.0,0.0
2025-11-13 00:00:00-05:00,6.630000114440918,6.800000190734863,6.570000171661377,6.630000114440918,47600,0.0,0.0
2025-11-14 00:00:00-05:00,6.550000190734863,6.820000171661377,6.5,6.619999885559082,55000,0.0,0.0
2025-11-17 00:00:00-05:00,6.590000152587891,6.75,6.360000133514404,6.5,58400,0.0,0.0
2025-11-18 00:00:00-05:00,6.409999847412109,6.699999809265137,6.329999923706055,6.690000057220459,44000,0.0,0.0
2025-11-19 00:00:00-05:00,6.510000228881836,6.889999866485596,6.170000076293945,6.21999979019165,75100,0.0,0.0
2025-11-20 00:00:00-05:00,6.360000133514404,6.539999961853027,6.119999885559082,6.119999885559082,54000,0.0,0.0
2025-11-21 00:00:00-05:00,6.090000152587891,6.429999828338623,6.0,6.260000228881836,74800,0.0,0.0
2025-11-24 00:00:00-05:00,6.449999809265137,6.650000095367432,6.309999942779541,6.53000020980835,29300,0.0,0.0
2025-11-25 00:00:00-05:00,6.699999809265137,6.800000190734863,6.340000152587891,6.710000038146973,34500,0.0,0.0
2025-11-26 00:00:00-05:00,6.769999980926514,7.75,6.760000228881836,7.510000228881836,67600,0.0,0.0
2025-11-28 00:00:00-05:00,7.5,7.800000190734863,7.5,7.670000076293945,38100,0.0,0.0
2025-12-01 00:00:00-05:00,7.71999979019165,7.71999979019165,6.900000095367432,6.929999828338623,66100,0.0,0.0
2025-12-02 00:00:00-05:00,6.949999809265137,7.050000190734863,6.639999866485596,6.929999828338623,49500,0.0,0.0
2025-12-03 00:00:00-05:00,6.889999866485596,6.889999866485596,5.559999942779541,5.960000038146973,168800,0.0,0.0
2025-12-04 00:00:00-05:00,5.800000190734863,6.300000190734863,5.800000190734863,6.289999961853027,54200,0.0,0.0
2025-12-05 00:00:00-05:00,6.599999904632568,6.690000057220459,6.260000228881836,6.449999809265137,63200,0.0,0.0
2025-12-08 00:00:00-05:00,6.559999942779541,6.559999942779541,6.269999980926514,6.269999980926514,54800,0.0,0.0
2025-12-09 00:00:00-05:00,6.28000020980835,6.659999847412109,6.199999809265137,6.659999847412109,42700,0.0,0.0
2025-12-10 00:00:00-05:00,6.349999904632568,6.699999809265137,6.340000152587891,6.53000020980835,59700,0.0,0.0
2025-12-11 00:00:00-05:00,6.519999980926514,6.710000038146973,6.369999885559082,6.480000019073486,43000,0.0,0.0
2025-12-12 00:00:00-05:00,6.5,6.75,6.210000038146973,6.360000133514404,31400,0.0,0.0
2025-12-15 00:00:00-05:00,6.349999904632568,6.46999979019165,6.0,6.0,58600,0.0,0.0
2025-12-16 00:00:00-05:00,5.849999904632568,6.099999904632568,5.650000095367432,5.900000095367432,46700,0.0,0.0
2025-12-17 00:00:00-05:00,5.900000095367432,6.059999942779541,5.599999904632568,5.610000133514404,53100,0.0,0.0
2025-12-18 00:00:00-05:00,5.940000057220459,5.940000057220459,5.5,5.5,74700,0.0,0.0
2025-12-19 00:00:00-05:00,5.440000057220459,5.550000190734863,4.800000190734863,4.909999847412109,161200,0.0,0.0
2025-12-22 00:00:00-05:00,4.949999809265137,4.980000019073486,4.010000228881836,4.539999961853027,225000,0.0,0.0
2025-12-23 00:00:00-05:00,4.5,4.739999771118164,4.239999771118164,4.440000057220459,85600,0.0,0.0
2025-12-24 00:00:00-05:00,4.5,4.800000190734863,4.46999979019165,4.679999828338623,32100,0.0,0.0
2025-12-26 00:00:00-05:00,4.670000076293945,4.929999828338623,4.579999923706055,4.710000038146973,62200,0.0,0.0
2025-12-29 00:00:00-05:00,4.71999979019165,5.199999809265137,4.71999979019165,5.190000057220459,80200,0.0,0.0
2025-12-30 00:00:00-05:00,5.210000038146973,5.670000076293945,5.099999904632568,5.230000019073486,66200,0.0,0.0
2025-12-31 00:00:00-05:00,5.320000171661377,5.599999904632568,5.159999847412109,5.260000228881836,37400,0.0,0.0
2026-01-02 00:00:00-05:00,5.320000171661377,5.329999923706055,5.010000228881836,5.150000095367432,47800,0.0,0.0
2026-01-05 00:00:00-05:00,5.179999828338623,6.03000020980835,5.179999828338623,6.0,101100,0.0,0.0
2026-01-06 00:00:00-05:00,6.0,6.369999885559082,5.829999923706055,6.289999961853027,57100,0.0,0.0
2026-01-07 00:00:00-05:00,6.28000020980835,6.369999885559082,5.599999904632568,5.699999809265137,69100,0.0,0.0
2026-01-08 00:00:00-05:00,5.679999828338623,5.900000095367432,5.579999923706055,5.860000133514404,21000,0.0,0.0
2026-01-09 00:00:00-05:00,5.900000095367432,5.949999809265137,5.440000057220459,5.480000019073486,58400,0.0,0.0
2026-01-12 00:00:00-05:00,5.610000133514404,5.71999979019165,5.059999942779541,5.130000114440918,63300,0.0,0.0
2026-01-13 00:00:00-05:00,5.119999885559082,5.300000190734863,4.909999847412109,5.079999923706055,63700,0.0,0.0
2026-01-14 00:00:00-05:00,5.139999866485596,5.389999866485596,5.010000228881836,5.269999980926514,47400,0.0,0.0
2026-01-15 00:00:00-05:00,5.230000019073486,5.590000152587891,4.900000095367432,4.989999771118164,73300,0.0,0.0
2026-01-16 00:00:00-05:00,5.429999828338623,5.599999904632568,4.909999847412109,5.150000095367432,78800,0.0,0.0
2026-01-20 00:00:00-05:00,5.159999847412109,5.880000114440918,5.019999980926514,5.25,95200,0.0,0.0
2026-01-21 00:00:00-05:00,5.28000020980835,5.679999828338623,5.25,5.260000228881836,34500,0.0,0.0
2026-01-22 00:00:00-05:00,5.320000171661377,6.559999942779541,5.320000171661377,6.409999847412109,129000,0.0,0.0
2026-01-23 00:00:00-05:00,6.329999923706055,6.409999847412109,5.820000171661377,5.829999923706055,64600,0.0,0.0
2026-01-26 00:00:00-05:00,6.699999809265137,6.75,5.989999771118164,6.179999828338623,223400,0.0,0.0
2026-01-27 00:00:00-05:00,6.329999923706055,6.71999979019165,6.320000171661377,6.510000228881836,147000,0.0,0.0
2026-01-28 00:00:00-05:00,6.610000133514404,6.679999828338623,6.090000152587891,6.300000190734863,87200,0.0,0.0
2026-01-29 00:00:00-05:00,6.260000228881836,6.460000038146973,5.610000133514404,5.869999885559082,84400,0.0,0.0
2026-01-30 00:00:00-05:00,5.940000057220459,6.010000228881836,5.429999828338623,5.800000190734863,82700,0.0,0.0
2026-02-02 00:00:00-05:00,5.630000114440918,5.800000190734863,5.25,5.400000095367432,74900,0.0,0.0
2026-02-03 00:00:00-05:00,5.440000057220459,5.440000057220459,5.0,5.239999771118164,54200,0.0,0.0
2026-02-04 00:00:00-05:00,5.179999828338623,5.300000190734863,4.900000095367432,5.010000228881836,83200,0.0,0.0
2026-02-05 00:00:00-05:00,5.0,5.150000095367432,4.659999847412109,4.900000095367432,82400,0.0,0.0
2026-02-06 00:00:00-05:00,4.880000114440918,5.230000019073486,4.880000114440918,5.0,40400,0.0,0.0
2026-02-09 00:00:00-05:00,5.099999904632568,5.360000133514404,4.730000019073486,5.25,27400,0.0,0.0
2026-02-10 00:00:00-05:00,5.21999979019165,5.489999771118164,5.010000228881836,5.010000228881836,19400,0.0,0.0
2026-02-11 00:00:00-05:00,5.079999923706055,5.130000114440918,4.769999980926514,4.860000133514404,40100,0.0,0.0
2026-02-12 00:00:00-05:00,4.849999904632568,5.139999866485596,4.599999904632568,4.599999904632568,40900,0.0,0.0
2026-02-13 00:00:00-05:00,4.789999961853027,5.199999809265137,4.679999828338623,4.900000095367432,37800,0.0,0.0
2026-02-17 00:00:00-05:00,4.860000133514404,5.0,4.579999923706055,4.78000020980835,16000,0.0,0.0
2026-02-18 00:00:00-05:00,4.829999923706055,5.179999828338623,4.789999961853027,5.179999828338623,34500,0.0,0.0
2026-02-19 00:00:00-05:00,5.03000020980835,5.150000095367432,4.650000095367432,4.840000152587891,23400,0.0,0.0
2026-02-20 00:00:00-05:00,4.949999809265137,5.139999866485596,4.699999809265137,4.800000190734863,61100,0.0,0.0
2026-02-23 00:00:00-05:00,4.739999771118164,4.78000020980835,4.309999942779541,4.449999809265137,71600,0.0,0.0
2026-02-24 00:00:00-05:00,4.420000076293945,4.710000038146973,4.360000133514404,4.579999923706055,42100,0.0,0.0
2026-02-25 00:00:00-05:00,4.610000133514404,4.650000095367432,4.349999904632568,4.389999866485596,33000,0.0,0.0
2026-02-26 00:00:00-05:00,4.420000076293945,4.679999828338623,4.320000171661377,4.559999942779541,34800,0.0,0.0
2026-02-27 00:00:00-05:00,4.690000057220459,4.699999809265137,4.099999904632568,4.260000228881836,107400,0.0,0.0
2026-03-02 00:00:00-05:00,4.170000076293945,4.170000076293945,3.6700000762939453,3.8299999237060547,95300,0.0,0.0
2026-03-03 00:00:00-05:00,3.7799999713897705,3.7799999713897705,3.450000047683716,3.549999952316284,53200,0.0,0.0
2026-03-04 00:00:00-05:00,3.6500000953674316,3.740000009536743,3.3399999141693115,3.740000009536743,61700,0.0,0.0
2026-03-05 00:00:00-05:00,3.7699999809265137,4.0,3.75,4.0,36100,0.0,0.0
2026-03-06 00:00:00-05:00,3.880000114440918,4.119999885559082,3.6700000762939453,3.940000057220459,63800,0.0,0.0
2026-03-09 00:00:00-04:00,3.819999933242798,4.0,3.819999933242798,3.869999885559082,20300,0.0,0.0
2026-03-10 00:00:00-04:00,3.890000104904175,3.930000066757202,3.690000057220459,3.700000047683716,18600,0.0,0.0
2026-03-11 00:00:00-04:00,3.7300000190734863,3.8499999046325684,3.5999999046325684,3.700000047683716,14600,0.0,0.0
2026-03-12 00:00:00-04:00,3.6500000953674316,3.9600000381469727,3.5199999809265137,3.5199999809265137,18700,0.0,0.0
2026-03-13 00:00:00-04:00,3.7200000286102295,3.7200000286102295,3.450000047683716,3.569999933242798,41600,0.0,0.0
2026-03-16 00:00:00-04:00,3.6700000762939453,3.740000009536743,3.4600000381469727,3.5299999713897705,28200,0.0,0.0
2026-03-17 00:00:00-04:00,3.5299999713897705,3.819999933242798,3.5299999713897705,3.5999999046325684,24200,0.0,0.0
2026-03-18 00:00:00-04:00,3.700000047683716,3.819999933242798,3.569999933242798,3.5899999141693115,35200,0.0,0.0
2026-03-19 00:00:00-04:00,3.5199999809265137,3.880000114440918,3.5199999809265137,3.6600000858306885,16300,0.0,0.0
2026-03-20 00:00:00-04:00,3.7100000381469727,3.7300000190734863,3.440000057220459,3.440000057220459,33100,0.0,0.0
2026-03-23 00:00:00-04:00,3.559999942779541,3.569999933242798,3.309999942779541,3.4800000190734863,39900,0.0,0.0
2026-03-24 00:00:00-04:00,3.450000047683716,3.700000047683716,3.4200000762939453,3.4200000762939453,30900,0.0,0.0
2026-03-25 00:00:00-04:00,3.5,3.6600000858306885,3.4100000858306885,3.5299999713897705,30000,0.0,0.0
2026-03-26 00:00:00-04:00,3.509999990463257,3.640000104904175,3.309999942779541,3.4700000286102295,42000,0.0,0.0
2026-03-27 00:00:00-04:00,3.4000000953674316,3.4800000190734863,3.0999999046325684,3.200000047683716,58100,0.0,0.0
2026-03-30 00:00:00-04:00,3.200000047683716,3.2300000190734863,3.009999990463257,3.069999933242798,29200,0.0,0.0
2026-03-31 00:00:00-04:00,3.069999933242798,3.3399999141693115,3.049999952316284,3.2100000381469727,30200,0.0,0.0
2026-04-01 00:00:00-04:00,3.299999952316284,3.5999999046325684,3.299999952316284,3.430000066757202,52600,0.0,0.0
2026-04-02 00:00:00-04:00,3.359999895095825,3.490000009536743,3.319999933242798,3.4700000286102295,18100,0.0,0.0
2026-04-06 00:00:00-04:00,3.440000057220459,4.349999904632568,3.440000057220459,4.320000171661377,99300,0.0,0.0
2026-04-07 00:00:00-04:00,4.170000076293945,4.730000019073486,4.0,4.230000019073486,158900,0.0,0.0
2026-04-08 00:00:00-04:00,4.559999942779541,4.679999828338623,4.349999904632568,4.389999866485596,47100,0.0,0.0
2026-04-09 00:00:00-04:00,4.360000133514404,4.539999961853027,3.9200000762939453,4.28000020980835,52900,0.0,0.0
2026-04-10 00:00:00-04:00,4.269999980926514,4.269999980926514,4.010000228881836,4.070000171661377,21500,0.0,0.0
2026-04-13 00:00:00-04:00,4.059999942779541,4.079999923706055,3.890000104904175,4.019999980926514,16500,0.0,0.0
2026-04-14 00:00:00-04:00,4.070000171661377,4.360000133514404,3.9600000381469727,4.360000133514404,33500,0.0,0.0
2026-04-15 00:00:00-04:00,4.349999904632568,4.449999809265137,4.139999866485596,4.380000114440918,37800,0.0,0.0
2026-04-16 00:00:00-04:00,4.400000095367432,4.639999866485596,4.389999866485596,4.639999866485596,31500,0.0,0.0
2026-04-17 00:00:00-04:00,4.690000057220459,4.949999809265137,4.659999847412109,4.949999809265137,53300,0.0,0.0
2026-04-20 00:00:00-04:00,4.150000095367432,4.239999771118164,3.75,3.940000057220459,205200,0.0,0.0
2026-04-21 00:00:00-04:00,4.0,4.0,3.799999952316284,3.809999942779541,44900,0.0,0.0
2026-04-22 00:00:00-04:00,3.859999895095825,3.940000057220459,3.3399999141693115,3.3399999141693115,216500,0.0,0.0
2026-04-23 00:00:00-04:00,3.369999885559082,3.4000000953674316,3.2699999809265137,3.309999942779541,30800,0.0,0.0
2026-04-24 00:00:00-04:00,3.3399999141693115,3.3399999141693115,3.1500000953674316,3.200000047683716,72000,0.0,0.0
2026-04-27 00:00:00-04:00,3.2100000381469727,3.299999952316284,3.180000066757202,3.259999990463257,85300,0.0,0.0
2026-04-28 00:00:00-04:00,3.240000009536743,3.25,3.0,3.0399999618530273,82700,0.0,0.0
2026-04-29 00:00:00-04:00,3.049999952316284,3.069999933242798,2.9000000953674316,2.9100000858306885,91100,0.0,0.0
2026-04-30 00:00:00-04:00,2.9100000858306885,3.190000057220459,2.9100000858306885,3.069999933242798,47000,0.0,0.0
2026-05-01 00:00:00-04:00,2.8399999141693115,2.9000000953674316,2.25,2.2799999713897705,803800,0.0,0.0
2026-05-04 00:00:00-04:00,2.1600000858306885,2.1600000858306885,1.5700000524520874,1.690000057220459,1329700,0.0,0.0
2026-05-05 00:00:00-04:00,1.7000000476837158,1.8600000143051147,1.5,1.7400000095367432,670300,0.0,0.0
2026-05-06 00:00:00-04:00,1.75,1.8200000524520874,1.440000057220459,1.4500000476837158,838300,0.0,0.0
2026-05-07 00:00:00-04:00,1.590000033378601,1.7999999523162842,1.5499999523162842,1.600000023841858,749200,0.0,0.0
2026-05-08 00:00:00-04:00,1.600000023841858,1.7000000476837158,1.4700000286102295,1.7000000476837158,354000,0.0,0.0
2026-05-11 00:00:00-04:00,1.7400000095367432,1.7599999904632568,1.3799999952316284,1.409999966621399,1261700,0.0,0.0
2026-05-12 00:00:00-04:00,1.0399999618530273,1.190000057220459,0.8899999856948853,1.190000057220459,4607500,0.0,0.0
2026-05-13 00:00:00-04:00,1.1299999952316284,1.2300000190734863,1.1299999952316284,1.2000000476837158,533500,0.0,0.0
2026-05-14 00:00:00-04:00,1.2699999809265137,1.4299999475479126,1.190000057220459,1.2999999523162842,1923500,0.0,0.0
2026-05-15 00:00:00-04:00,1.2799999713897705,1.559999942779541,1.2799999713897705,1.4299999475479126,1115400,0.0,0.0
2026-05-18 00:00:00-04:00,1.4900000095367432,1.7799999713897705,1.440000057220459,1.7200000286102295,1458000,0.0,0.0
2026-05-19 00:00:00-04:00,1.75,1.8600000143051147,1.4500000476837158,1.590000033378601,1002300,0.0,0.0
2026-05-20 00:00:00-04:00,1.590000033378601,1.6399999856948853,1.4700000286102295,1.590000033378601,334200,0.0,0.0
2026-05-21 00:00:00-04:00,1.5499999523162842,1.5700000524520874,1.4500000476837158,1.4500000476837158,422700,0.0,0.0
2026-05-22 00:00:00-04:00,1.4500000476837158,1.4800000190734863,1.3700000047683716,1.4199999570846558,276700,0.0,0.0
2026-05-26 00:00:00-04:00,1.4299999475479126,1.5499999523162842,1.3899999856948853,1.4299999475479126,233300,0.0,0.0
2026-05-27 00:00:00-04:00,1.4500000476837158,1.5,1.399999976158142,1.409999966621399,252100,0.0,0.0
2026-05-28 00:00:00-04:00,1.4500000476837158,1.5,1.3899999856948853,1.4800000190734863,163200,0.0,0.0
2026-05-29 00:00:00-04:00,1.4600000381469727,1.5700000524520874,1.4600000381469727,1.5399999618530273,188800,0.0,0.0
2026-06-01 00:00:00-04:00,1.5199999809265137,1.590000033378601,1.440000057220459,1.4800000190734863,251900,0.0,0.0
2026-06-02 00:00:00-04:00,1.5099999904632568,1.5099999904632568,1.4299999475479126,1.4900000095367432,177800,0.0,0.0
2026-06-03 00:00:00-04:00,1.5399999618530273,1.5399999618530273,1.4700000286102295,1.4800000190734863,139000,0.0,0.0
2026-06-04 00:00:00-04:00,1.5,1.559999942779541,1.4600000381469727,1.5299999713897705,146800,0.0,0.0
2026-06-05 00:00:00-04:00,1.5,1.5,1.350000023841858,1.3700000047683716,336900,0.0,0.0
2026-06-08 00:00:00-04:00,1.4600000381469727,1.4800000190734863,1.3600000143051147,1.3799999952316284,160600,0.0,0.0
2026-06-09 00:00:00-04:00,1.350000023841858,1.4299999475479126,1.2899999618530273,1.2999999523162842,239700,0.0,0.0
2026-06-10 00:00:00-04:00,1.2999999523162842,1.3200000524520874,1.1799999475479126,1.1799999475479126,357200,0.0,0.0
2026-06-11 00:00:00-04:00,1.2100000381469727,1.2300000190734863,1.090000033378601,1.1100000143051147,478100,0.0,0.0
2026-06-12 00:00:00-04:00,1.149999976158142,1.149999976158142,0.9900000095367432,1.0800000429153442,836200,0.0,0.0
2026-06-15 00:00:00-04:00,1.0199999809265137,1.059999942779541,1.0,1.0099999904632568,680600,0.0,0.0
2026-06-16 00:00:00-04:00,1.0199999809265137,1.0399999618530273,0.9900000095367432,1.0099999904632568,480700,0.0,0.0
2026-06-17 00:00:00-04:00,1.0199999809265137,1.1399999856948853,1.0,1.100000023841858,684500,0.0,0.0
2026-06-18 00:00:00-04:00,1.1299999952316284,1.1699999570846558,1.0199999809265137,1.0399999618530273,524300,0.0,0.0
2026-06-22 00:00:00-04:00,1.0399999618530273,1.1100000143051147,1.0099999904632568,1.0099999904632568,380000,0.0,0.0
2026-06-23 00:00:00-04:00,1.0099999904632568,1.0499999523162842,1.0,1.0199999809265137,189900,0.0,0.0
2026-06-24 00:00:00-04:00,1.0299999713897705,1.159999966621399,1.0,1.0,621800,0.0,0.0
2026-06-25 00:00:00-04:00,1.0199999809265137,1.0299999713897705,0.9599999785423279,0.9700000286102295,454700,0.0,0.0
2026-06-26 00:00:00-04:00,1.0,1.1100000143051147,0.9900000095367432,1.1100000143051147,330700,0.0,0.0
2026-06-29 00:00:00-04:00,1.1100000143051147,1.1200000047683716,1.059999942779541,1.0800000429153442,333900,0.0,0.0
2026-06-30 00:00:00-04:00,1.1100000143051147,1.1299999952316284,1.0299999713897705,1.0399999618530273,241300,0.0,0.0
2026-07-01 00:00:00-04:00,1.0499999523162842,1.059999942779541,1.0299999713897705,1.0499999523162842,213600,0.0,0.0
2026-07-02 00:00:00-04:00,1.059999942779541,1.1699999570846558,1.059999942779541,1.1399999856948853,647700,0.0,0.0
2026-07-06 00:00:00-04:00,1.149999976158142,1.4199999570846558,1.1299999952316284,1.2699999809265137,968100,0.0,0.0
2026-07-07 00:00:00-04:00,1.25,1.3799999952316284,1.25,1.2799999713897705,343700,0.0,0.0
2026-07-08 00:00:00-04:00,1.2899999618530273,1.440000057220459,1.25,1.409999966621399,331300,0.0,0.0
2026-07-09 00:00:00-04:00,1.4299999475479126,1.4600000381469727,1.3300000429153442,1.350000023841858,229500,0.0,0.0
2026-07-10 00:00:00-04:00,1.3799999952316284,1.3899999856948853,1.2599999904632568,1.3799999952316284,184000,0.0,0.0
2026-07-13 00:00:00-04:00,1.3799999952316284,1.3799999952316284,1.2200000286102295,1.2200000286102295,443000,0.0,0.0
2026-07-14 00:00:00-04:00,1.2300000190734863,1.2400000095367432,1.1399999856948853,1.149999976158142,321700,0.0,0.0
2026-07-15 00:00:00-04:00,1.1699999570846558,1.1799999475479126,1.0700000524520874,1.149999976158142,302400,0.0,0.0
2026-07-16 00:00:00-04:00,1.1799999475479126,1.4299999475479126,1.100000023841858,1.149999976158142,1577900,0.0,0.0
2026-07-17 00:00:00-04:00,1.1299999952316284,1.1699999570846558,1.090000033378601,1.1699999570846558,455300,0.0,0.0
2026-07-20 00:00:00-04:00,1.2100000381469727,1.2899999618530273,1.1100000143051147,1.2699999809265137,425900,0.0,0.0
2026-07-21 00:00:00-04:00,1.2400000095367432,1.3300000429153442,1.2100000381469727,1.25,155300,0.0,0.0
2026-07-22 00:00:00-04:00,1.2200000286102295,1.2699999809265137,1.1699999570846558,1.2300000190734863,193900,0.0,0.0
2026-07-23 00:00:00-04:00,1.2400000095367432,1.2400000095367432,1.190000057220459,1.190000057220459,106300,0.0,0.0
2026-07-24 00:00:00-04:00,1.2200000286102295,1.2200000286102295,1.159999966621399,1.1799999475479126,144900,0.0,0.0
2026-07-27 00:00:00-04:00,1.1799999475479126,1.2100000381469727,1.149999976158142,1.1799999475479126,148700,0.0,0.0
2026-07-28 00:00:00-04:00,1.2000000476837158,1.2200000286102295,1.159999966621399,1.2000000476837158,144400,0.0,0.0
2026-07-29 00:00:00-04:00,1.2300000190734863,1.2300000190734863,1.1399999856948853,1.1399999856948853,151200,0.0,0.0
2026-07-30 00:00:00-04:00,1.149999976158142,1.2400000095367432,1.149999976158142,1.2200000286102295,128600,0.0,0.0
2026-07-31 00:00:00-04:00,1.2200000286102295,1.2200000286102295,1.159999966621399,1.159999966621399,165600,0.0,0.0
2026-08-03 00:00:00-04:00,1.2100000381469727,1.309999942779541,1.149999976158142,1.25,668400,0.0,0.0
2026-08-04 00:00:00-04:00,1.25,1.3899999856948853,1.25,1.3600000143051147,269900,0.0,0.0
2026-08-05 00:00:00-04:00,1.3600000143051147,1.5399999618530273,1.3600000143051147,1.5199999809265137,404400,0.0,0.0
2026-08-06 00:00:00-04:00,1.5499999523162842,1.6200000047683716,1.5,1.6100000143051147,268700,0.0,0.0
2026-08-07 00:00:00-04:00,1.6299999952316284,1.7300000190734863,1.5700000524520874,1.7200000286102295,249500,0.0,0.0
2026-08-10 00:00:00-04:00,1.7100000381469727,1.75,1.4600000381469727,1.4900000095367432,325500,0.0,0.0
2026-08-11 00:00:00-04:00,1.4700000286102295,1.5399999618530273,1.4700000286102295,1.5199999809265137,103800,0.0,0.0
2026-08-12 00:00:00-04:00,1.5099999904632568,1.5399999618530273,1.4500000476837158,1.4800000190734863,152700,0.0,0.0
2026-08-13 00:00:00-04:00,1.4800000190734863,1.4900000095367432,1.4500000476837158,1.4900000095367432,57200,0.0,0.0
2026-08-14 00:00:00-04:00,1.5199999809265137,1.6399999856948853,1.5199999809265137,1.5399999618530273,218400,0.0,0.0
2026-08-17 00:00:00-04:00,1.600000023841858,1.6299999952316284,1.4500000476837158,1.5499999523162842,129400,0.0,0.0
2026-08-18 00:00:00-04:00,1.5700000524520874,1.6799999475479126,1.5499999523162842,1.590000033378601,228700,0.0,0.0
2026-08-19 00:00:00-04:00,1.6100000143051147,1.690000057220459,1.590000033378601,1.6399999856948853,184700,0.0,0.0
2026-08-20 00:00:00-04:00,1.6200000047683716,1.6399999856948853,1.4500000476837158,1.4600000381469727,183500,0.0,0.0
2026-08-21 00:00:00-04:00,1.4800000190734863,1.4900000095367432,1.4199999570846558,1.4199999570846558,66100,0.0,0.0
2026-08-24 00:00:00-04:00,1.4199999570846558,1.4299999475479126,1.340000033378601,1.3799999952316284,147700,0.0,0.0
2026-08-25 00:00:00-04:00,1.399999976158142,1.5,1.3700000047683716,1.4800000190734863,86400,0.0,0.0
2026-08-26 00:00:00-04:00,1.5499999523162842,1.7000000476837158,1.5299999713897705,1.6100000143051147,262300,0.0,0.0
2026-08-27 00:00:00-04:00,1.600000023841858,1.690000057220459,1.5700000524520874,1.600000023841858,161000,0.0,0.0
2026-08-28 00:00:00-04:00,,,,,169408,0.0,0.0
