Date,Open,High,Low,Close,Volume,Dividends,Stock Splits
1998-01-20 00:00:00-05:00,1.7299814407642071,1.7299814407642071,1.606411337852478,1.606411337852478,75500,0.0,0.0
1998-01-21 00:00:00-05:00,1.5816973447799683,1.5816973447799683,1.5816973447799683,1.5816973447799683,14500,0.0,0.0
1998-01-22 00:00:00-05:00,1.5816973447799683,1.5816973447799683,1.5816973447799683,1.5816973447799683,4500,0.0,0.0
1998-01-23 00:00:00-05:00,1.5816973447799683,1.5816973447799683,1.5816973447799683,1.5816973447799683,3500,0.0,0.0
1998-01-26 00:00:00-05:00,1.5816973488457793,1.5816973488457793,1.5569833517074585,1.5569833517074585,9000,0.0,0.0
1998-01-27 00:00:00-05:00,1.5569833544531975,1.5569833544531975,1.5322692394256592,1.5322692394256592,8000,0.0,0.0
1998-01-28 00:00:00-05:00,1.507555242243755,1.5322692394256592,1.507555242243755,1.5322692394256592,14000,0.0,0.0
1998-01-29 00:00:00-05:00,1.5199122428894043,1.5199122428894043,1.5199122428894043,1.5199122428894043,12000,0.0,0.0
1998-01-30 00:00:00-05:00,1.5199122428894043,1.5199122428894043,1.5199122428894043,1.5199122428894043,0,0.0,0.0
1998-02-02 00:00:00-05:00,1.5199123081817825,1.5199123081817825,1.4828412532806396,1.4828412532806396,22000,0.0,0.0
1998-02-03 00:00:00-05:00,1.507555242243755,1.5569833544531975,1.507555242243755,1.5322692394256592,30500,0.0,0.0
1998-02-04 00:00:00-05:00,1.5322692394256592,1.5322692394256592,1.5199122997575243,1.5322692394256592,27000,0.0,0.0
1998-02-05 00:00:00-05:00,1.5322692394256592,1.5322692394256592,1.5322692394256592,1.5322692394256592,12500,0.0,0.0
1998-02-06 00:00:00-05:00,1.5322692394256592,1.5322692394256592,1.5322692394256592,1.5322692394256592,14000,0.0,0.0
1998-02-09 00:00:00-05:00,1.4828412532806396,1.4828412532806396,1.4828412532806396,1.4828412532806396,45500,0.0,0.0
1998-02-10 00:00:00-05:00,1.4828411387462899,1.4828411387462899,1.4334131479263306,1.4334131479263306,22000,0.0,0.0
1998-02-11 00:00:00-05:00,1.4334131513558668,1.4334131513558668,1.359271047102912,1.3839850425720215,21000,0.0,0.0
1998-02-12 00:00:00-05:00,1.3839850425720215,1.3839850425720215,1.3839850425720215,1.3839850425720215,5000,0.0,0.0
1998-02-13 00:00:00-05:00,1.3839850425720215,1.3839850425720215,1.3839850425720215,1.3839850425720215,3000,0.0,0.0
1998-02-17 00:00:00-05:00,1.3839850425720215,1.3839850425720215,1.3839850425720215,1.3839850425720215,1500,0.0,0.0
1998-02-18 00:00:00-05:00,1.3839850425720215,1.3839850425720215,1.3839850425720215,1.3839850425720215,6500,0.0,0.0
1998-02-19 00:00:00-05:00,1.3839850425720215,1.3839850425720215,1.3839850425720215,1.3839850425720215,20000,0.0,0.0
1998-02-20 00:00:00-05:00,1.3839850425720215,1.3839850425720215,1.3839850425720215,1.3839850425720215,1500,0.0,0.0
1998-02-23 00:00:00-05:00,1.3839850425720215,1.3839850425720215,1.3839850425720215,1.3839850425720215,1500,0.0,0.0
1998-02-24 00:00:00-05:00,1.3839850425720215,1.3839850425720215,1.3839850425720215,1.3839850425720215,500,0.0,0.0
1998-02-25 00:00:00-05:00,1.3839850425720215,1.3839850425720215,1.3839850425720215,1.3839850425720215,1500,0.0,0.0
1998-02-26 00:00:00-05:00,1.3839850425720215,1.3839850425720215,1.3839850425720215,1.3839850425720215,0,0.0,0.0
1998-02-27 00:00:00-05:00,1.3839850425720215,1.3839850425720215,1.3839850425720215,1.3839850425720215,0,0.0,0.0
1998-03-02 00:00:00-05:00,1.3592710519848743,1.3592710519848743,1.334557056427002,1.334557056427002,9000,0.0,0.0
1998-03-03 00:00:00-05:00,1.3098430645455588,1.3098430645455588,1.2851289510726929,1.2851289510726929,16000,0.0,0.0
1998-03-04 00:00:00-05:00,1.2604149606571013,1.2604149606571013,1.2357009649276733,1.2357009649276733,10000,0.0,0.0
1998-03-05 00:00:00-05:00,1.2357009719564953,1.2357009719564953,1.1615588665008545,1.1615588665008545,18000,0.0,0.0
1998-03-06 00:00:00-05:00,1.1615588665008545,1.1615588665008545,1.1615588665008545,1.1615588665008545,4000,0.0,0.0
1998-03-09 00:00:00-05:00,1.1862730318942984,1.2357010257875471,1.1862730318942984,1.2233439683914185,30000,0.0,0.0
1998-03-10 00:00:00-05:00,1.2604150127685898,1.3222000635694582,1.2604150127685898,1.2974860668182373,12000,0.0,0.0
1998-03-11 00:00:00-05:00,1.2727720110245297,1.3098430633544922,1.2357009586945675,1.3098430633544922,24500,0.0,0.0
1998-03-12 00:00:00-05:00,1.297486010438994,1.297486010438994,1.260414958000183,1.260414958000183,8500,0.0,0.0
1998-03-13 00:00:00-05:00,1.2357009704629194,1.2357009704629194,1.1862729787826538,1.1862729787826538,11500,0.0,0.0
1998-03-16 00:00:00-05:00,1.1862729787826538,1.1862729787826538,1.1862729787826538,1.1862729787826538,4000,0.0,0.0
1998-03-17 00:00:00-05:00,1.1862729787826538,1.1862729787826538,1.1862729787826538,1.1862729787826538,0,0.0,0.0
1998-03-18 00:00:00-05:00,1.1862729787826538,1.1862729787826538,1.1862729787826538,1.1862729787826538,1500,0.0,0.0
1998-03-19 00:00:00-05:00,1.1368449238298348,1.210987032754977,1.112130926803332,1.1986299753189087,27500,0.0,0.0
1998-03-20 00:00:00-05:00,1.1986299177799062,1.1986299177799062,1.1862729787826538,1.1862729787826538,4000,0.0,0.0
1998-03-23 00:00:00-05:00,1.1862729802164869,1.1862729802164869,1.1615588665008545,1.1615588665008545,1000,0.0,0.0
1998-03-24 00:00:00-05:00,1.1862729787826538,1.1862729787826538,1.1862729787826538,1.1862729787826538,7500,0.0,0.0
1998-03-25 00:00:00-05:00,1.1862729787826538,1.1862729787826538,1.1862729787826538,1.1862729787826538,33000,0.0,0.0
1998-03-26 00:00:00-05:00,1.1862729787826538,1.2109869746227866,1.1862729787826538,1.1862729787826538,3500,0.0,0.0
1998-03-27 00:00:00-05:00,1.1862729787826538,1.1862729787826538,1.1862729787826538,1.1862729787826538,1500,0.0,0.0
1998-03-30 00:00:00-05:00,1.1121308734166275,1.1862729787826538,1.1121308734166275,1.1862729787826538,27000,0.0,0.0
1998-03-31 00:00:00-05:00,1.1862729787826538,1.1862729787826538,1.1862729787826538,1.1862729787826538,0,0.0,0.0
1998-04-01 00:00:00-05:00,1.1862729709681883,1.260414958000183,1.1862729709681883,1.260414958000183,6500,0.0,0.0
1998-04-02 00:00:00-05:00,1.2357009676388144,1.2357009676388144,1.2109869718551636,1.2109869718551636,6000,0.0,0.0
1998-04-03 00:00:00-05:00,1.1862729787826538,1.1862729787826538,1.161558865096893,1.1862729787826538,29000,0.0,0.0
1998-04-06 00:00:00-04:00,1.1862729787826538,1.1862729787826538,1.1862729787826538,1.1862729787826538,0,0.0,0.0
1998-04-07 00:00:00-04:00,1.1862730397240884,1.1862730397240884,1.173915982246399,1.173915982246399,3500,0.0,0.0
1998-04-08 00:00:00-04:00,1.173915982246399,1.173915982246399,1.173915982246399,1.173915982246399,5000,0.0,0.0
1998-04-09 00:00:00-04:00,1.173915982246399,1.173915982246399,1.173915982246399,1.173915982246399,7000,0.0,0.0
1998-04-13 00:00:00-04:00,1.2109869746227866,1.2109869746227866,1.1862729787826538,1.1862729787826538,9500,0.0,0.0
1998-04-14 00:00:00-04:00,1.1862729787826538,1.1862729787826538,1.1862729787826538,1.1862729787826538,1000,0.0,0.0
1998-04-15 00:00:00-04:00,1.1862729787826538,1.1862729787826538,1.1862729787826538,1.1862729787826538,1000,0.0,0.0
1998-04-16 00:00:00-04:00,1.1862729787826538,1.1862729787826538,1.1862729787826538,1.1862729787826538,500,0.0,0.0
1998-04-17 00:00:00-04:00,1.161558869359164,1.161558869359164,1.1368448734283447,1.1368448734283447,6500,0.0,0.0
1998-04-20 00:00:00-04:00,1.1368448692567603,1.1862729787826538,1.1368448692567603,1.1862729787826538,3000,0.0,0.0
1998-04-21 00:00:00-04:00,1.1862729787826538,1.1862729787826538,1.1862729787826538,1.1862729787826538,0,0.0,0.0
1998-04-22 00:00:00-04:00,1.1615588665008545,1.1615588665008545,1.1615588665008545,1.1615588665008545,4500,0.0,0.0
1998-04-23 00:00:00-04:00,1.1615588665008545,1.1615588665008545,1.1615588665008545,1.1615588665008545,0,0.0,0.0
1998-04-24 00:00:00-04:00,1.1615589288493555,1.1615589288493555,1.1492019891738892,1.1492019891738892,2500,0.0,0.0
1998-04-27 00:00:00-04:00,1.1615589208563377,1.1986299753189087,1.1615589208563377,1.1986299753189087,15000,0.0,0.0
1998-04-28 00:00:00-04:00,1.210987032754977,1.210987032754977,1.1986299753189087,1.1986299753189087,37000,0.0,0.0
1998-04-29 00:00:00-04:00,1.1986299124107176,1.2604149606571013,1.1986299124107176,1.2357009649276733,79500,0.0,0.0
1998-04-30 00:00:00-04:00,1.2233439055613722,1.2851289536775148,1.2233439055613722,1.260414958000183,12000,0.0,0.0
1998-05-01 00:00:00-04:00,1.260414963422465,1.260414963422465,1.2109869718551636,1.2109869718551636,15000,0.0,0.0
1998-05-04 00:00:00-04:00,1.2109869718551636,1.2109869718551636,1.1368448666585838,1.2109869718551636,11500,0.0,0.0
1998-05-05 00:00:00-04:00,1.1862729787826538,1.1862729787826538,1.161558865096893,1.1862729787826538,15500,0.0,0.0
1998-05-06 00:00:00-04:00,1.1862729787826538,1.1862729787826538,1.1862729787826538,1.1862729787826538,4500,0.0,0.0
1998-05-07 00:00:00-04:00,1.161558865096893,1.2233439136200392,1.161558865096893,1.1862729787826538,18500,0.0,0.0
1998-05-08 00:00:00-04:00,1.1615589147655752,1.2851290170957699,1.1615589147655752,1.2480580806732178,123500,0.0,0.0
1998-05-11 00:00:00-04:00,1.2974860189860655,1.2974860189860655,1.161558865096893,1.1862729787826538,73500,0.0,0.0
1998-05-12 00:00:00-04:00,1.1862729787826538,1.1862729787826538,1.1862729787826538,1.1862729787826538,11000,0.0,0.0
1998-05-13 00:00:00-04:00,1.1368448734283447,1.1368448734283447,1.1368448734283447,1.1368448734283447,3500,0.0,0.0
1998-05-14 00:00:00-04:00,1.1862729787826538,1.1862729787826538,1.1862729787826538,1.1862729787826538,8500,0.0,0.0
1998-05-15 00:00:00-04:00,1.1368448692567603,1.1862729787826538,1.1368448692567603,1.1862729787826538,5000,0.0,0.0
1998-05-18 00:00:00-04:00,1.1615589247687097,1.173915982246399,1.1615589247687097,1.173915982246399,4500,0.0,0.0
1998-05-19 00:00:00-04:00,1.2109869746227866,1.2480580273057997,1.1862729787826538,1.1862729787826538,20000,0.0,0.0
1998-05-20 00:00:00-04:00,1.1862729802164869,1.1862729802164869,1.1615588665008545,1.1615588665008545,8500,0.0,0.0
1998-05-21 00:00:00-04:00,1.1615588665008545,1.1615588665008545,1.1615588665008545,1.1615588665008545,1500,0.0,0.0
1998-05-22 00:00:00-04:00,1.1615588665008545,1.1615588665008545,1.1615588665008545,1.1615588665008545,4000,0.0,0.0
1998-05-26 00:00:00-04:00,1.1368448763501722,1.1368448763501722,1.112130880355835,1.112130880355835,20500,0.0,0.0
1998-05-27 00:00:00-04:00,1.1615588665008545,1.1615588665008545,1.1615588665008545,1.1615588665008545,2500,0.0,0.0
1998-05-28 00:00:00-04:00,1.1862729802164869,1.1862729802164869,1.1615588665008545,1.1615588665008545,11000,0.0,0.0
1998-05-29 00:00:00-04:00,1.1615588665008545,1.1615588665008545,1.1615588665008545,1.1615588665008545,1000,0.0,0.0
1998-06-01 00:00:00-04:00,1.161558869359164,1.161558869359164,1.1368448734283447,1.1368448734283447,1000,0.0,0.0
1998-06-02 00:00:00-04:00,1.1121308833440677,1.1121308833440677,1.0874168872833252,1.0874168872833252,19500,0.0,0.0
1998-06-03 00:00:00-04:00,1.112130880355835,1.112130880355835,1.112130880355835,1.112130880355835,2000,0.0,0.0
1998-06-04 00:00:00-04:00,1.0874168872833252,1.0874168872833252,1.0874168872833252,1.0874168872833252,3000,0.0,0.0
1998-06-05 00:00:00-04:00,1.0379888356497984,1.087416948394706,1.0379888356497984,1.0750598907470703,22000,0.0,0.0
1998-06-08 00:00:00-04:00,1.0750598907470703,1.0750598907470703,1.0750598907470703,1.0750598907470703,0,0.0,0.0
1998-06-09 00:00:00-04:00,1.0503458976745605,1.0503458976745605,1.0503458976745605,1.0503458976745605,7500,0.0,0.0
1998-06-10 00:00:00-04:00,1.0379887884349444,1.0379887884349444,0.9885607957839966,0.9885607957839966,28500,0.0,0.0
1998-06-11 00:00:00-04:00,0.9885607957839966,0.9885607957839966,0.9391327442102337,0.9885607957839966,42500,0.0,0.0
1998-06-12 00:00:00-04:00,0.9638468027114868,0.9638468027114868,0.8897046956392068,0.9638468027114868,37500,0.0,0.0
1998-06-15 00:00:00-04:00,0.9144187676407194,0.9144187676407194,0.8402767181396484,0.8402767181396484,16000,0.0,0.0
1998-06-16 00:00:00-04:00,0.864990696310997,0.9885607957839966,0.864990696310997,0.9885607957839966,92500,0.0,0.0
1998-06-17 00:00:00-04:00,1.0627028856358867,1.1368448734283447,1.0627028856358867,1.1368448734283447,20500,0.0,0.0
1998-06-18 00:00:00-04:00,1.112130880355835,1.112130880355835,1.112130880355835,1.112130880355835,18500,0.0,0.0
1998-06-19 00:00:00-04:00,1.1368449358221646,1.1615589331093703,1.1121309385349591,1.1244879961013794,12500,0.0,0.0
1998-06-22 00:00:00-04:00,1.1244879961013794,1.1244879961013794,1.1244879961013794,1.1244879961013794,0,0.0,0.0
1998-06-23 00:00:00-04:00,1.1244879372758179,1.1244879372758179,1.112130880355835,1.112130880355835,9000,0.0,0.0
1998-06-24 00:00:00-04:00,1.1121308833440677,1.1121308833440677,1.0874168872833252,1.0874168872833252,11500,0.0,0.0
1998-06-25 00:00:00-04:00,1.0874168872833252,1.1121308833440677,1.0379887773162115,1.0874168872833252,27500,0.0,0.0
1998-06-26 00:00:00-04:00,1.112130880355835,1.112130880355835,1.112130880355835,1.112130880355835,10000,0.0,0.0
1998-06-29 00:00:00-04:00,1.112130880355835,1.112130880355835,1.112130880355835,1.112130880355835,0,0.0,0.0
1998-06-30 00:00:00-04:00,1.0997738206093015,1.1368448734283447,1.0997738206093015,1.1368448734283447,7500,0.0,0.0
1998-07-01 00:00:00-04:00,1.112130880355835,1.112130880355835,1.112130880355835,1.112130880355835,5000,0.0,0.0
1998-07-02 00:00:00-04:00,1.161558865096893,1.1862729787826538,1.161558865096893,1.1862729787826538,20000,0.0,0.0
1998-07-06 00:00:00-04:00,1.1862729787826538,1.1862729787826538,1.1862729787826538,1.1862729787826538,6000,0.0,0.0
1998-07-07 00:00:00-04:00,1.161558859893762,1.2357009649276733,1.161558859893762,1.2357009649276733,35500,0.0,0.0
1998-07-08 00:00:00-04:00,1.2357009649276733,1.2357009649276733,1.2357009649276733,1.2357009649276733,0,0.0,0.0
1998-07-09 00:00:00-04:00,1.1862729787826538,1.1862729787826538,1.1862729787826538,1.1862729787826538,8500,0.0,0.0
1998-07-10 00:00:00-04:00,1.2357009649276733,1.2357009649276733,1.2357009649276733,1.2357009649276733,5000,0.0,0.0
1998-07-13 00:00:00-04:00,1.2357009649276733,1.2357009649276733,1.2357009649276733,1.2357009649276733,12500,0.0,0.0
1998-07-14 00:00:00-04:00,1.2851289510726929,1.2851289510726929,1.2851289510726929,1.2851289510726929,7500,0.0,0.0
1998-07-15 00:00:00-04:00,1.309843124116664,1.309843124116664,1.2974860668182373,1.2974860668182373,5000,0.0,0.0
1998-07-16 00:00:00-04:00,1.2974860705683797,1.2974860705683797,1.2727720737457275,1.2727720737457275,5500,0.0,0.0
1998-07-17 00:00:00-04:00,1.2851289510726929,1.2851289510726929,1.2851289510726929,1.2851289510726929,7500,0.0,0.0
1998-07-20 00:00:00-04:00,1.2851289510726929,1.2851289510726929,1.2851289510726929,1.2851289510726929,500,0.0,0.0
1998-07-21 00:00:00-04:00,1.2851289510726929,1.2851289510726929,1.2851289510726929,1.2851289510726929,2000,0.0,0.0
1998-07-22 00:00:00-04:00,1.334557056427002,1.334557056427002,1.334557056427002,1.334557056427002,5000,0.0,0.0
1998-07-23 00:00:00-04:00,1.3098430633544922,1.3098430633544922,1.3098430633544922,1.3098430633544922,2500,0.0,0.0
1998-07-24 00:00:00-04:00,1.3098430645455588,1.3098430645455588,1.2851289510726929,1.2851289510726929,60000,0.0,0.0
1998-07-27 00:00:00-04:00,1.2851289536775148,1.2851289536775148,1.260414958000183,1.260414958000183,15000,0.0,0.0
1998-07-28 00:00:00-04:00,1.260414958000183,1.260414958000183,1.260414958000183,1.260414958000183,0,0.0,0.0
1998-07-29 00:00:00-04:00,1.260414958000183,1.260414958000183,1.260414958000183,1.260414958000183,0,0.0,0.0
1998-07-30 00:00:00-04:00,1.3098430672004735,1.3098430672004735,1.260414958000183,1.260414958000183,6500,0.0,0.0
1998-07-31 00:00:00-04:00,1.2604149542993335,1.3098430633544922,1.2604149542993335,1.3098430633544922,15000,0.0,0.0
1998-08-03 00:00:00-04:00,1.3345570601727976,1.3345570601727976,1.2851289510726929,1.2851289510726929,8000,0.0,0.0
1998-08-04 00:00:00-04:00,1.2357009649276733,1.2357009649276733,1.2357009649276733,1.2357009649276733,18000,0.0,0.0
1998-08-05 00:00:00-04:00,1.2357009649276733,1.2357009649276733,1.2357009649276733,1.2357009649276733,0,0.0,0.0
1998-08-06 00:00:00-04:00,1.2109869746227866,1.2109869746227866,1.1862729787826538,1.1862729787826538,3500,0.0,0.0
1998-08-07 00:00:00-04:00,1.1862729787826538,1.1862729787826538,1.1862729787826538,1.1862729787826538,0,0.0,0.0
1998-08-10 00:00:00-04:00,1.161558859893762,1.2357009649276733,1.161558859893762,1.2357009649276733,10000,0.0,0.0
1998-08-11 00:00:00-04:00,1.2233439081401456,1.2357009649276733,1.2233439081401456,1.2357009649276733,10500,0.0,0.0
1998-08-12 00:00:00-04:00,1.2109869718551636,1.2109869718551636,1.2109869718551636,1.2109869718551636,11500,0.0,0.0
1998-08-13 00:00:00-04:00,1.2109870368338331,1.2109870368338331,1.1615589247687097,1.173915982246399,22500,0.0,0.0
1998-08-14 00:00:00-04:00,1.1862729787826538,1.1862729787826538,1.1862729787826538,1.1862729787826538,1000,0.0,0.0
1998-08-17 00:00:00-04:00,1.173915926247388,1.173915926247388,1.1368448734283447,1.1368448734283447,10000,0.0,0.0
1998-08-18 00:00:00-04:00,1.1862729760715127,1.2109869718551636,1.1862729760715127,1.2109869718551636,1500,0.0,0.0
1998-08-19 00:00:00-04:00,1.2109869718551636,1.2109869718551636,1.2109869718551636,1.2109869718551636,0,0.0,0.0
1998-08-20 00:00:00-04:00,1.2109869718551636,1.2109869718551636,1.2109869718551636,1.2109869718551636,0,0.0,0.0
1998-08-21 00:00:00-04:00,1.21098696664552,1.260414958000183,1.21098696664552,1.260414958000183,4500,0.0,0.0
1998-08-24 00:00:00-04:00,1.2357009649276733,1.2357009649276733,1.2357009649276733,1.2357009649276733,500,0.0,0.0
1998-08-25 00:00:00-04:00,1.2357009649276733,1.2357009649276733,1.2357009649276733,1.2357009649276733,0,0.0,0.0
1998-08-26 00:00:00-04:00,1.1862729787826538,1.1862729787826538,1.161558865096893,1.1862729787826538,3500,0.0,0.0
1998-08-27 00:00:00-04:00,1.161558865096893,1.1862729787826538,1.161558865096893,1.1862729787826538,2000,0.0,0.0
1998-08-28 00:00:00-04:00,1.1368448763501722,1.1368448763501722,1.112130880355835,1.112130880355835,9500,0.0,0.0
1998-08-31 00:00:00-04:00,1.0874168872833252,1.0874168872833252,1.0874168872833252,1.0874168872833252,10000,0.0,0.0
1998-09-01 00:00:00-04:00,1.0627028959452165,1.0627028959452165,0.9885607895878742,1.0379887819290161,27500,0.0,0.0
1998-09-02 00:00:00-04:00,1.0132747921094705,1.0132747921094705,0.9885607957839966,0.9885607957839966,11000,0.0,0.0
1998-09-03 00:00:00-04:00,0.9885608019146267,0.9885608019146267,0.9391327500343323,0.9391327500343323,14000,0.0,0.0
1998-09-04 00:00:00-04:00,0.9144187509709053,0.9638468027114868,0.9144187509709053,0.9638468027114868,9000,0.0,0.0
1998-09-08 00:00:00-04:00,0.9391327500343323,0.9391327500343323,0.9391327500343323,0.9391327500343323,2000,0.0,0.0
1998-09-09 00:00:00-04:00,0.9391327500343323,0.9391327500343323,0.9391327500343323,0.9391327500343323,0,0.0,0.0
1998-09-10 00:00:00-04:00,0.914418751918833,0.9514897465705872,0.8897046965615149,0.9514897465705872,15500,0.0,0.0
1998-09-11 00:00:00-04:00,0.9514897465705872,0.9514897465705872,0.9514897465705872,0.9514897465705872,0,0.0,0.0
1998-09-14 00:00:00-04:00,0.9514897465705872,0.9514897465705872,0.9514897465705872,0.9514897465705872,0,0.0,0.0
1998-09-15 00:00:00-04:00,0.9514897465705872,0.9514897465705872,0.9514897465705872,0.9514897465705872,0,0.0,0.0
1998-09-16 00:00:00-04:00,0.9514897465705872,0.9514897465705872,0.9514897465705872,0.9514897465705872,0,0.0,0.0
1998-09-17 00:00:00-04:00,0.9391327473797885,0.9638468027114868,0.9144187509709053,0.9638468027114868,24500,0.0,0.0
1998-09-18 00:00:00-04:00,0.9144187509709053,0.9638468027114868,0.9144187509709053,0.9638468027114868,6500,0.0,0.0
1998-09-21 00:00:00-04:00,0.9267757501360844,0.9514897465705872,0.9267757501360844,0.9514897465705872,1500,0.0,0.0
1998-09-22 00:00:00-04:00,0.9638468072071267,0.9638468072071267,0.9267757534980774,0.9267757534980774,58000,0.0,0.0
1998-09-23 00:00:00-04:00,0.9267757534980774,0.9267757534980774,0.9267757534980774,0.9267757534980774,0,0.0,0.0
1998-09-24 00:00:00-04:00,0.9267757534980774,0.9267757534980774,0.9267757534980774,0.9267757534980774,0,0.0,0.0
1998-09-25 00:00:00-04:00,0.9020617569739215,0.9267757534980774,0.9020617569739215,0.9267757534980774,1000,0.0,0.0
1998-09-28 00:00:00-04:00,0.9020617615320011,0.9020617615320011,0.889704704284668,0.889704704284668,13000,0.0,0.0
1998-09-29 00:00:00-04:00,0.889704704284668,0.889704704284668,0.889704704284668,0.889704704284668,0,0.0,0.0
1998-09-30 00:00:00-04:00,0.889704704284668,0.889704704284668,0.889704704284668,0.889704704284668,0,0.0,0.0
1998-10-01 00:00:00-04:00,0.8649907112121582,0.8649907112121582,0.8649907112121582,0.8649907112121582,1500,0.0,0.0
1998-10-02 00:00:00-04:00,0.8402767181396484,0.8402767181396484,0.8402767181396484,0.8402767181396484,2500,0.0,0.0
1998-10-05 00:00:00-04:00,0.8402767181396484,0.8402767181396484,0.8402767181396484,0.8402767181396484,0,0.0,0.0
1998-10-06 00:00:00-04:00,0.8402767109865987,0.889704704284668,0.8402767109865987,0.889704704284668,3500,0.0,0.0
1998-10-07 00:00:00-04:00,0.8649907112121582,0.8649907112121582,0.8649907112121582,0.8649907112121582,2000,0.0,0.0
1998-10-08 00:00:00-04:00,0.8649907112121582,0.9144187636374161,0.8649907112121582,0.8649907112121582,8000,0.0,0.0
1998-10-09 00:00:00-04:00,0.8649907149990667,0.8649907149990667,0.8402767181396484,0.8402767181396484,2500,0.0,0.0
1998-10-12 00:00:00-04:00,0.8402767181396484,0.8402767181396484,0.8402767181396484,0.8402767181396484,500,0.0,0.0
1998-10-13 00:00:00-04:00,0.8155626654624939,0.8155626654624939,0.8155626654624939,0.8155626654624939,5000,0.0,0.0
1998-10-14 00:00:00-04:00,0.8155626654624939,0.8155626654624939,0.8155626654624939,0.8155626654624939,1500,0.0,0.0
1998-10-15 00:00:00-04:00,0.8155626654624939,0.8402767213388219,0.8155626654624939,0.8155626654624939,36000,0.0,0.0
1998-10-16 00:00:00-04:00,0.7908486620356793,0.8649907112121582,0.7908486620356793,0.8649907112121582,56500,0.0,0.0
1998-10-19 00:00:00-04:00,0.8649907076356333,0.9144187598565184,0.8649907076356333,0.889704704284668,19000,0.0,0.0
1998-10-20 00:00:00-04:00,0.889704704284668,0.889704704284668,0.889704704284668,0.889704704284668,0,0.0,0.0
1998-10-21 00:00:00-04:00,0.9638468027114868,0.9638468027114868,0.9638468027114868,0.9638468027114868,5000,0.0,0.0
1998-10-22 00:00:00-04:00,1.0132748468489416,1.0256319046020508,1.0132748468489416,1.0256319046020508,3000,0.0,0.0
1998-10-23 00:00:00-04:00,1.0627028942108154,1.0627028942108154,1.0627028942108154,1.0627028942108154,2000,0.0,0.0
1998-10-26 00:00:00-05:00,1.0379887884349444,1.0379887884349444,0.9885607957839966,0.9885607957839966,5000,0.0,0.0
1998-10-27 00:00:00-05:00,0.9885607879744779,1.0627028942108154,0.9638467918442418,1.0627028942108154,11500,0.0,0.0
1998-10-28 00:00:00-05:00,1.0379887745271945,1.112130880355835,1.0379887745271945,1.112130880355835,10500,0.0,0.0
1998-10-29 00:00:00-05:00,1.0627028912225829,1.0874168872833252,1.0379887773162115,1.0874168872833252,8500,0.0,0.0
1998-10-30 00:00:00-05:00,1.1121308864712875,1.1121308864712875,1.0627028942108154,1.0627028942108154,5500,0.0,0.0
1998-11-02 00:00:00-05:00,1.0132747812554692,1.0874168872833252,0.9391327341504275,1.0874168872833252,27500,0.0,0.0
1998-11-03 00:00:00-05:00,1.112130870874933,1.2233439108241753,1.112130870874933,1.2109869718551636,256000,0.0,0.0
1998-11-04 00:00:00-05:00,1.2357009649276733,1.2357009649276733,1.1862729734688173,1.2357009649276733,62500,0.0,0.0
1998-11-05 00:00:00-05:00,1.21098696664552,1.260414958000183,1.21098696664552,1.260414958000183,3000,0.0,0.0
1998-11-06 00:00:00-05:00,1.2851289428499573,1.3839850425720215,1.2851289428499573,1.3839850425720215,297000,0.0,0.0
1998-11-09 00:00:00-05:00,1.4334131479263306,1.4334131479263306,1.3839850392607453,1.4334131479263306,82000,0.0,0.0
1998-11-10 00:00:00-05:00,1.4828411387462899,1.4828411387462899,1.4334131479263306,1.4334131479263306,7500,0.0,0.0
1998-11-11 00:00:00-05:00,1.4334131479263306,1.4334131479263306,1.4334131479263306,1.4334131479263306,0,0.0,0.0
1998-11-12 00:00:00-05:00,1.482841238635164,1.5816973447799683,1.482841238635164,1.5816973447799683,35000,0.0,0.0
1998-11-13 00:00:00-05:00,1.5569833438260399,1.606411337852478,1.5569833438260399,1.606411337852478,6000,0.0,0.0
1998-11-16 00:00:00-05:00,1.6558393239974976,1.6558393239974976,1.6558393239974976,1.6558393239974976,10000,0.0,0.0
1998-11-17 00:00:00-05:00,1.6805534289218744,1.7299814224243164,1.6311253175738005,1.7299814224243164,29500,0.0,0.0
1998-11-18 00:00:00-05:00,1.7299814224243164,1.7299814224243164,1.7299814224243164,1.7299814224243164,0,0.0,0.0
1998-11-19 00:00:00-05:00,1.6805534253986016,1.7546954154968262,1.6805534253986016,1.7546954154968262,41500,0.0,0.0
1998-11-20 00:00:00-05:00,1.7299814224243164,1.7299814224243164,1.7299814224243164,1.7299814224243164,10000,0.0,0.0
1998-11-23 00:00:00-05:00,1.7052674293518066,1.7052674293518066,1.7052674293518066,1.7052674293518066,16000,0.0,0.0
1998-11-24 00:00:00-05:00,1.680553432547271,1.7052674293518066,1.6311253210925676,1.7052674293518066,18500,0.0,0.0
1998-11-25 00:00:00-05:00,1.7052674293518066,1.7052674293518066,1.7052674293518066,1.7052674293518066,1000,0.0,0.0
1998-11-27 00:00:00-05:00,1.7052674293518066,1.7052674293518066,1.7052674293518066,1.7052674293518066,0,0.0,0.0
1998-11-30 00:00:00-05:00,1.6805534253986016,1.7546954154968262,1.6805534253986016,1.7546954154968262,39500,0.0,0.0
1998-12-01 00:00:00-05:00,1.705267433138715,1.705267433138715,1.6064113278554095,1.6805534362792969,40000,0.0,0.0
1998-12-02 00:00:00-05:00,1.6558393143250214,1.7299814224243164,1.5816973240713585,1.7299814224243164,70000,0.0,0.0
1998-12-03 00:00:00-05:00,1.7299814224243164,1.7299814224243164,1.7299814224243164,1.7299814224243164,2500,0.0,0.0
1998-12-04 00:00:00-05:00,1.7299814224243164,1.7299814224243164,1.7299814224243164,1.7299814224243164,12500,0.0,0.0
1998-12-07 00:00:00-05:00,1.7299814224243164,1.7299814224243164,1.7299814224243164,1.7299814224243164,0,0.0,0.0
1998-12-08 00:00:00-05:00,1.7299814224243164,1.7299814224243164,1.7299814224243164,1.7299814224243164,10500,0.0,0.0
1998-12-09 00:00:00-05:00,1.7299814224243164,1.7299814224243164,1.7299814224243164,1.7299814224243164,22000,0.0,0.0
1998-12-10 00:00:00-05:00,1.7299814325298888,1.7299814325298888,1.6558393239974976,1.6558393239974976,14000,0.0,0.0
1998-12-11 00:00:00-05:00,1.7052674132240153,1.828837513923645,1.6805534166532157,1.828837513923645,86000,0.0,0.0
1998-12-14 00:00:00-05:00,1.7794094121962343,1.7794094121962343,1.7546954154968262,1.7546954154968262,9500,0.0,0.0
1998-12-15 00:00:00-05:00,1.7299814224243164,1.7299814224243164,1.7299814224243164,1.7299814224243164,16000,0.0,0.0
1998-12-16 00:00:00-05:00,1.7299814224243164,1.7299814224243164,1.7299814224243164,1.7299814224243164,3500,0.0,0.0
1998-12-17 00:00:00-05:00,1.7299814224243164,1.7299814224243164,1.7299814224243164,1.7299814224243164,10000,0.0,0.0
1998-12-18 00:00:00-05:00,1.7299814224243164,1.7299814224243164,1.7299814224243164,1.7299814224243164,1000,0.0,0.0
1998-12-21 00:00:00-05:00,1.7052674293518066,1.7052674293518066,1.7052674293518066,1.7052674293518066,500,0.0,0.0
1998-12-22 00:00:00-05:00,1.717624306678772,1.717624306678772,1.717624306678772,1.717624306678772,8000,0.0,0.0
1998-12-23 00:00:00-05:00,1.7052674293518066,1.7052674293518066,1.7052674293518066,1.7052674293518066,1000,0.0,0.0
1998-12-24 00:00:00-05:00,1.7052674293518066,1.7052674293518066,1.7052674293518066,1.7052674293518066,0,0.0,0.0
1998-12-28 00:00:00-05:00,1.7299814224243164,1.7299814224243164,1.7299814224243164,1.7299814224243164,8000,0.0,0.0
1998-12-29 00:00:00-05:00,1.6805534582083517,1.6805534582083517,1.5322692394256592,1.5322692394256592,30000,0.0,0.0
1998-12-30 00:00:00-05:00,1.4828412224197218,1.7052674293518066,1.433413228810651,1.7052674293518066,85000,0.0,0.0
1998-12-31 00:00:00-05:00,1.6805533774537353,1.6805533774537353,1.6558392636137695,1.6681963205337524,11500,0.0,0.0
1999-01-04 00:00:00-05:00,1.6311253247148276,1.6805534362792969,1.6311253247148276,1.6805534362792969,4500,0.0,0.0
1999-01-05 00:00:00-05:00,1.6681963205337524,1.6681963205337524,1.6681963205337524,1.6681963205337524,500,0.0,0.0
1999-01-06 00:00:00-05:00,1.6681963594450002,1.828837513923645,1.6681963594450002,1.828837513923645,13000,0.0,0.0
1999-01-07 00:00:00-05:00,1.828837510471999,1.8535515069961548,1.828837510471999,1.8535515069961548,11000,0.0,0.0
1999-01-08 00:00:00-05:00,1.8288375174698566,1.8288375174698566,1.8041235208511353,1.8041235208511353,5500,0.0,0.0
1999-01-11 00:00:00-05:00,1.8041235208511353,1.8041235208511353,1.8041235208511353,1.8041235208511353,3500,0.0,0.0
1999-01-12 00:00:00-05:00,1.779409408569336,1.779409408569336,1.779409408569336,1.779409408569336,10000,0.0,0.0
1999-01-13 00:00:00-05:00,1.7546954154968262,1.7546954154968262,1.7546954154968262,1.7546954154968262,1500,0.0,0.0
1999-01-14 00:00:00-05:00,1.7546954154968262,1.7546954154968262,1.7546954154968262,1.7546954154968262,4000,0.0,0.0
1999-01-15 00:00:00-05:00,1.7546954154968262,1.7546954154968262,1.7546954154968262,1.7546954154968262,0,0.0,0.0
1999-01-19 00:00:00-05:00,1.7299814325298888,1.7299814325298888,1.6558393239974976,1.6558393239974976,13500,0.0,0.0
1999-01-20 00:00:00-05:00,1.6558393239974976,1.6558393239974976,1.6558393239974976,1.6558393239974976,500,0.0,0.0
1999-01-21 00:00:00-05:00,1.6558393239974976,1.6558393239974976,1.6558393239974976,1.6558393239974976,500,0.0,0.0
1999-01-22 00:00:00-05:00,1.6558393074785311,1.779409408569336,1.6558393074785311,1.779409408569336,34500,0.0,0.0
1999-01-25 00:00:00-05:00,1.7794094029364145,1.828837513923645,1.7794094029364145,1.828837513923645,7000,0.0,0.0
1999-01-26 00:00:00-05:00,1.828837510471999,1.8535515069961548,1.828837510471999,1.8535515069961548,1500,0.0,0.0
1999-01-27 00:00:00-05:00,1.8041235230640023,1.8535515163620715,1.7546954119203013,1.779409408569336,46000,0.0,0.0
1999-01-28 00:00:00-05:00,1.828837513923645,1.828837513923645,1.828837513923645,1.828837513923645,3000,0.0,0.0
1999-01-29 00:00:00-05:00,1.828837513923645,1.828837513923645,1.828837513923645,1.828837513923645,0,0.0,0.0
1999-02-01 00:00:00-05:00,1.8041235230640023,1.8041235230640023,1.779409408569336,1.779409408569336,9500,0.0,0.0
1999-02-02 00:00:00-05:00,1.779409408569336,1.779409408569336,1.779409408569336,1.779409408569336,0,0.0,0.0
1999-02-03 00:00:00-05:00,1.8288374549881015,1.8288374549881015,1.8164803981781006,1.8164803981781006,1500,0.0,0.0
1999-02-04 00:00:00-05:00,1.853551503589925,1.8782655000686646,1.853551503589925,1.8782655000686646,3000,0.0,0.0
1999-02-05 00:00:00-05:00,1.97712159824074,1.97712159824074,1.9276936054229736,1.9276936054229736,23000,0.0,0.0
1999-02-08 00:00:00-05:00,1.977121585220746,2.0265495777130127,1.9276935927284793,2.0265495777130127,12500,0.0,0.0
1999-02-09 00:00:00-05:00,2.0141925865220727,2.0141925865220727,1.9894787073135376,1.9894787073135376,6500,0.0,0.0
1999-02-10 00:00:00-05:00,1.940050485329948,1.940050485329948,1.816480389221727,1.9153364896774292,20000,0.0,0.0
1999-02-11 00:00:00-05:00,1.9153364896774292,1.9153364896774292,1.9153364896774292,1.9153364896774292,5000,0.0,0.0
1999-02-12 00:00:00-05:00,1.9524076146232747,2.0018357256105053,1.828837513923645,1.828837513923645,17500,0.0,0.0
1999-02-16 00:00:00-05:00,1.8782654967066716,1.9029794931411743,1.8782654967066716,1.9029794931411743,12000,0.0,0.0
1999-02-17 00:00:00-05:00,1.8782654967066716,1.9153365502812412,1.8782654967066716,1.9029794931411743,52500,0.0,0.0
1999-02-18 00:00:00-05:00,1.8535515069961548,1.8535515069961548,1.8535515069961548,1.8535515069961548,6000,0.0,0.0
1999-02-19 00:00:00-05:00,1.8535515069961548,1.8535515069961548,1.8535515069961548,1.8535515069961548,0,0.0,0.0
1999-02-22 00:00:00-05:00,1.828837513923645,1.828837513923645,1.828837513923645,1.828837513923645,3000,0.0,0.0
1999-02-23 00:00:00-05:00,1.828837513923645,1.828837513923645,1.828837513923645,1.828837513923645,0,0.0,0.0
1999-02-24 00:00:00-05:00,1.828837513923645,1.828837513923645,1.828837513923645,1.828837513923645,1000,0.0,0.0
1999-02-25 00:00:00-05:00,1.828837513923645,1.828837513923645,1.828837513923645,1.828837513923645,0,0.0,0.0
1999-02-26 00:00:00-05:00,1.779409408569336,1.8288375197130369,1.779409408569336,1.779409408569336,10000,0.0,0.0
1999-03-01 00:00:00-05:00,1.828837513923645,1.828837513923645,1.828837513923645,1.828837513923645,12000,0.0,0.0
1999-03-02 00:00:00-05:00,1.828837513923645,1.828837513923645,1.828837513923645,1.828837513923645,500,0.0,0.0
1999-03-03 00:00:00-05:00,1.7794094197654133,1.7794094197654133,1.7052674293518066,1.7052674293518066,8500,0.0,0.0
1999-03-04 00:00:00-05:00,1.7052674293518066,1.7052674293518066,1.7052674293518066,1.7052674293518066,0,0.0,0.0
1999-03-05 00:00:00-05:00,1.7052674293518066,1.7052674293518066,1.7052674293518066,1.7052674293518066,1000,0.0,0.0
1999-03-08 00:00:00-05:00,1.7052674293518066,1.7052674293518066,1.7052674293518066,1.7052674293518066,0,0.0,0.0
1999-03-09 00:00:00-05:00,1.7546953460200836,1.8782654424700278,1.7546953460200836,1.8659085035324097,20500,0.0,0.0
1999-03-10 00:00:00-05:00,1.8288375197130369,1.8288375197130369,1.779409408569336,1.779409408569336,10500,0.0,0.0
1999-03-11 00:00:00-05:00,1.7299814365846669,1.7794094304916896,1.6311253309249878,1.6311253309249878,25500,0.0,0.0
1999-03-12 00:00:00-05:00,1.6311253309249878,1.6311253309249878,1.6311253309249878,1.6311253309249878,500,0.0,0.0
1999-03-15 00:00:00-05:00,1.631125343122421,1.631125343122421,1.5569833517074585,1.5569833517074585,5500,0.0,0.0
1999-03-16 00:00:00-05:00,1.5569833517074585,1.5569833517074585,1.5569833517074585,1.5569833517074585,0,0.0,0.0
1999-03-17 00:00:00-05:00,1.5569833517074585,1.5569833517074585,1.5569833517074585,1.5569833517074585,0,0.0,0.0
1999-03-18 00:00:00-05:00,1.5322692327847491,1.5816973447799683,1.5322692327847491,1.5816973447799683,6000,0.0,0.0
1999-03-19 00:00:00-05:00,1.5816973447799683,1.5816973447799683,1.5816973447799683,1.5816973447799683,0,0.0,0.0
1999-03-22 00:00:00-05:00,1.5322692394256592,1.5322692394256592,1.5322692394256592,1.5322692394256592,2000,0.0,0.0
1999-03-23 00:00:00-05:00,1.5322692289671873,1.606411337852478,1.5322692289671873,1.606411337852478,11000,0.0,0.0
1999-03-24 00:00:00-05:00,1.606411337852478,1.606411337852478,1.606411337852478,1.606411337852478,0,0.0,0.0
1999-03-25 00:00:00-05:00,1.6311253309249878,1.6311253309249878,1.6311253309249878,1.6311253309249878,1000,0.0,0.0
1999-03-26 00:00:00-05:00,1.606411337852478,1.606411337852478,1.606411337852478,1.606411337852478,1500,0.0,0.0
1999-03-29 00:00:00-05:00,1.606411337852478,1.606411337852478,1.606411337852478,1.606411337852478,1500,0.0,0.0
1999-03-30 00:00:00-05:00,1.606411337852478,1.606411337852478,1.606411337852478,1.606411337852478,500,0.0,0.0
1999-03-31 00:00:00-05:00,1.606411341854761,1.606411341854761,1.482841238635164,1.5816973447799683,19000,0.0,0.0
1999-04-01 00:00:00-05:00,1.5322692394256592,1.5322692394256592,1.5322692394256592,1.5322692394256592,3000,0.0,0.0
1999-04-05 00:00:00-04:00,1.5322692394256592,1.5322692394256592,1.5322692394256592,1.5322692394256592,0,0.0,0.0
1999-04-06 00:00:00-04:00,1.4828411806931956,1.5940542221069336,1.4828411806931956,1.5940542221069336,11500,0.0,0.0
1999-04-07 00:00:00-04:00,1.5816973447799683,1.5816973447799683,1.5816973447799683,1.5816973447799683,1500,0.0,0.0
1999-04-08 00:00:00-04:00,1.581697282975201,1.5940542221069336,1.581697282975201,1.5940542221069336,1000,0.0,0.0
1999-04-09 00:00:00-04:00,1.5940542221069336,1.5940542221069336,1.5940542221069336,1.5940542221069336,0,0.0,0.0
1999-04-12 00:00:00-04:00,1.5816973447799683,1.5816973447799683,1.5816973447799683,1.5816973447799683,1000,0.0,0.0
1999-04-13 00:00:00-04:00,1.5816972860356957,1.5816972860356957,1.532269175876238,1.5693402290344238,6000,0.0,0.0
1999-04-14 00:00:00-04:00,1.5569833477051755,1.5816973447799683,1.5569833477051755,1.5816973447799683,1500,0.0,0.0
1999-04-15 00:00:00-04:00,1.5569833517074585,1.5569833517074585,1.5569833517074585,1.5569833517074585,500,0.0,0.0
1999-04-16 00:00:00-04:00,1.5075552505995233,1.5075552505995233,1.4828412532806396,1.4828412532806396,21500,0.0,0.0
1999-04-19 00:00:00-04:00,1.5199122428894043,1.5199122428894043,1.5199122428894043,1.5199122428894043,1000,0.0,0.0
1999-04-20 00:00:00-04:00,1.5569833517074585,1.5569833517074585,1.5569833517074585,1.5569833517074585,500,0.0,0.0
1999-04-21 00:00:00-04:00,1.5693402983991442,1.5693402983991442,1.5075552463531494,1.5075552463531494,9500,0.0,0.0
1999-04-22 00:00:00-04:00,1.5075552463531494,1.5075552463531494,1.5075552463531494,1.5075552463531494,0,0.0,0.0
1999-04-23 00:00:00-04:00,1.482841238635164,1.5816973447799683,1.482841238635164,1.5816973447799683,34000,0.0,0.0
1999-04-26 00:00:00-04:00,1.5322692394256592,1.5322692394256592,1.5322692394256592,1.5322692394256592,18500,0.0,0.0
1999-04-27 00:00:00-04:00,1.5816973447799683,1.5816973447799683,1.5816973447799683,1.5816973447799683,21500,0.0,0.0
1999-04-28 00:00:00-04:00,1.5569833517074585,1.5569833517074585,1.5569833517074585,1.5569833517074585,1500,0.0,0.0
1999-04-29 00:00:00-04:00,1.5322692436024203,1.5322692436024203,1.5075552463531494,1.5075552463531494,7500,0.0,0.0
1999-04-30 00:00:00-04:00,1.5075552463531494,1.5075552463531494,1.5075552463531494,1.5075552463531494,4500,0.0,0.0
1999-05-03 00:00:00-04:00,1.507555242243755,1.5322692394256592,1.433413250698043,1.5322692394256592,22000,0.0,0.0
1999-05-04 00:00:00-04:00,1.5075552505995233,1.5075552505995233,1.4828412532806396,1.4828412532806396,14500,0.0,0.0
1999-05-05 00:00:00-04:00,1.4828411946285855,1.4828411946285855,1.4704841375350952,1.4704841375350952,16000,0.0,0.0
1999-05-06 00:00:00-04:00,1.482841245061851,1.5322692394256592,1.482841245061851,1.5322692394256592,12500,0.0,0.0
1999-05-07 00:00:00-04:00,1.5816972860356957,1.5816972860356957,1.5693402290344238,1.5693402290344238,5500,0.0,0.0
1999-05-10 00:00:00-04:00,1.5693402290344238,1.5693402290344238,1.5693402290344238,1.5693402290344238,0,0.0,0.0
1999-05-11 00:00:00-04:00,1.5569832428218546,1.5569832428218546,1.4334131479263306,1.4334131479263306,14000,0.0,0.0
1999-05-12 00:00:00-04:00,1.4334131479263306,1.4334131479263306,1.4334131479263306,1.4334131479263306,2000,0.0,0.0
1999-05-13 00:00:00-04:00,1.334557056427002,1.334557056427002,1.334557056427002,1.334557056427002,12500,0.0,0.0
1999-05-14 00:00:00-04:00,1.2851289474656307,1.334557056427002,1.2851289474656307,1.334557056427002,4500,0.0,0.0
1999-05-17 00:00:00-04:00,1.3345570516338023,1.3839850425720215,1.3345570516338023,1.3839850425720215,2000,0.0,0.0
1999-05-18 00:00:00-04:00,1.3839851046107117,1.3839851046107117,1.334557111456827,1.3716281652450562,11000,0.0,0.0
1999-05-19 00:00:00-04:00,1.3716281652450562,1.3716281652450562,1.3716281652450562,1.3716281652450562,0,0.0,0.0
1999-05-20 00:00:00-04:00,1.396342158317566,1.421056154832483,1.371628161802649,1.396342158317566,38500,0.0,0.0
1999-05-21 00:00:00-04:00,1.3839850977846866,1.4334132085404157,1.3839850977846866,1.4210561513900757,33500,0.0,0.0
1999-05-24 00:00:00-04:00,1.4210561513900757,1.4210561513900757,1.4210561513900757,1.4210561513900757,4000,0.0,0.0
1999-05-25 00:00:00-04:00,1.4210561513900757,1.4210561513900757,1.4210561513900757,1.4210561513900757,6000,0.0,0.0
1999-05-26 00:00:00-04:00,1.458127255961756,1.4828412532806396,1.458127255961756,1.4828412532806396,17000,0.0,0.0
1999-05-27 00:00:00-04:00,1.4828412532806396,1.4828412532806396,1.4828412532806396,1.4828412532806396,0,0.0,0.0
1999-05-28 00:00:00-04:00,1.4828412532806396,1.4828412532806396,1.4828412532806396,1.4828412532806396,15000,0.0,0.0
1999-06-01 00:00:00-04:00,1.5199122428894043,1.5199122428894043,1.5199122428894043,1.5199122428894043,17000,0.0,0.0
1999-06-02 00:00:00-04:00,1.5075552463531494,1.5075552463531494,1.5075552463531494,1.5075552463531494,7000,0.0,0.0
1999-06-03 00:00:00-04:00,1.5322692394256592,1.5322692394256592,1.5322692394256592,1.5322692394256592,500,0.0,0.0
1999-06-04 00:00:00-04:00,1.5322692394256592,1.5322692394256592,1.5322692394256592,1.5322692394256592,0,0.0,0.0
1999-06-07 00:00:00-04:00,1.5322692394256592,1.5322692394256592,1.5322692394256592,1.5322692394256592,0,0.0,0.0
1999-06-08 00:00:00-04:00,1.5075551890490093,1.5075551890490093,1.4951982498168945,1.4951982498168945,2000,0.0,0.0
1999-06-09 00:00:00-04:00,1.5075552463531494,1.5075552463531494,1.5075552463531494,1.5075552463531494,500,0.0,0.0
1999-06-10 00:00:00-04:00,1.4828412532806396,1.5075552505995233,1.4828412532806396,1.4828412532806396,10500,0.0,0.0
1999-06-11 00:00:00-04:00,1.4828412491038783,1.5075552463531494,1.4828412491038783,1.5075552463531494,1500,0.0,0.0
1999-06-14 00:00:00-04:00,1.5075552463531494,1.5075552463531494,1.5075552463531494,1.5075552463531494,0,0.0,0.0
1999-06-15 00:00:00-04:00,1.5075552463531494,1.5075552463531494,1.5075552463531494,1.5075552463531494,0,0.0,0.0
1999-06-16 00:00:00-04:00,1.4828411927391496,1.5075551890490093,1.4828411927391496,1.4951982498168945,2500,0.0,0.0
1999-06-17 00:00:00-04:00,1.5322692367235036,1.5569833517074585,1.5075552395851826,1.5569833517074585,12000,0.0,0.0
1999-06-18 00:00:00-04:00,1.5446262902449623,1.5816973447799683,1.5446262902449623,1.5816973447799683,1000,0.0,0.0
1999-06-21 00:00:00-04:00,1.569340291353802,1.569340291353802,1.5569833517074585,1.5569833517074585,2000,0.0,0.0
1999-06-22 00:00:00-04:00,1.5569833477051755,1.5816973447799683,1.5569833477051755,1.5816973447799683,1000,0.0,0.0
1999-06-23 00:00:00-04:00,1.5816973447799683,1.5816973447799683,1.5816973447799683,1.5816973447799683,0,0.0,0.0
1999-06-24 00:00:00-04:00,1.5816973447799683,1.5816973447799683,1.5816973447799683,1.5816973447799683,0,0.0,0.0
1999-06-25 00:00:00-04:00,1.5816973447799683,1.5816973447799683,1.5816973447799683,1.5816973447799683,0,0.0,0.0
1999-06-28 00:00:00-04:00,1.556983358697326,1.556983358697326,1.5075552463531494,1.5075552463531494,15000,0.0,0.0
1999-06-29 00:00:00-04:00,1.5075552395851826,1.5569833517074585,1.5075552395851826,1.5569833517074585,1000,0.0,0.0
1999-06-30 00:00:00-04:00,1.5816973488457793,1.5816973488457793,1.5569833517074585,1.5569833517074585,2000,0.0,0.0
1999-07-01 00:00:00-04:00,1.5322692394256592,1.5322692394256592,1.5322692394256592,1.5322692394256592,6000,0.0,0.0
1999-07-02 00:00:00-04:00,1.5075552395851826,1.5569833517074585,1.5075552395851826,1.5569833517074585,2500,0.0,0.0
1999-07-06 00:00:00-04:00,1.5322692367235036,1.5569833517074585,1.4828412424468618,1.5569833517074585,7500,0.0,0.0
1999-07-07 00:00:00-04:00,1.5075552395851826,1.5569833517074585,1.5075552395851826,1.5569833517074585,3500,0.0,0.0
1999-07-08 00:00:00-04:00,1.5322692367235036,1.5569833517074585,1.5322692367235036,1.5569833517074585,2000,0.0,0.0
1999-07-09 00:00:00-04:00,1.5569833517074585,1.5569833517074585,1.5569833517074585,1.5569833517074585,0,0.0,0.0
1999-07-12 00:00:00-04:00,1.5569833517074585,1.5569833517074585,1.5569833517074585,1.5569833517074585,0,0.0,0.0
1999-07-13 00:00:00-04:00,1.5322692367235036,1.5569833517074585,1.4828412424468618,1.5569833517074585,14000,0.0,0.0
1999-07-14 00:00:00-04:00,1.532269247918407,1.532269247918407,1.4828412532806396,1.4828412532806396,8000,0.0,0.0
1999-07-15 00:00:00-04:00,1.4828412532806396,1.4828412532806396,1.4828412532806396,1.4828412532806396,0,0.0,0.0
1999-07-16 00:00:00-04:00,1.4828412532806396,1.4828412532806396,1.4828412532806396,1.4828412532806396,500,0.0,0.0
1999-07-19 00:00:00-04:00,1.4828412532806396,1.4828412532806396,1.4828412532806396,1.4828412532806396,0,0.0,0.0
1999-07-20 00:00:00-04:00,1.458127255961756,1.4828412532806396,1.458127255961756,1.4828412532806396,2500,0.0,0.0
1999-07-21 00:00:00-04:00,1.4828412532806396,1.4828412532806396,1.4828412532806396,1.4828412532806396,0,0.0,0.0
1999-07-22 00:00:00-04:00,1.4828412532806396,1.4828412532806396,1.4828412532806396,1.4828412532806396,0,0.0,0.0
1999-07-23 00:00:00-04:00,1.4828412532806396,1.4828412532806396,1.4828412532806396,1.4828412532806396,0,0.0,0.0
1999-07-26 00:00:00-04:00,1.4334131479263306,1.4334131479263306,1.3839850392607453,1.4334131479263306,15500,0.0,0.0
1999-07-27 00:00:00-04:00,1.4086990324124915,1.4581271409988403,1.4086990324124915,1.4581271409988403,1500,0.0,0.0
1999-07-28 00:00:00-04:00,1.4581271409988403,1.4581271409988403,1.4581271409988403,1.4581271409988403,0,0.0,0.0
1999-07-29 00:00:00-04:00,1.4704841956983803,1.4828412532806396,1.4704841956983803,1.4828412532806396,3000,0.0,0.0
1999-07-30 00:00:00-04:00,1.4828412532806396,1.4828412532806396,1.4828412532806396,1.4828412532806396,0,0.0,0.0
1999-08-02 00:00:00-04:00,1.458127255961756,1.4828412532806396,1.458127255961756,1.4828412532806396,2000,0.0,0.0
1999-08-03 00:00:00-04:00,1.4828412532806396,1.4828412532806396,1.4828412532806396,1.4828412532806396,500,0.0,0.0
1999-08-04 00:00:00-04:00,1.4334132586428723,1.4828412532806396,1.4334132586428723,1.4828412532806396,21000,0.0,0.0
1999-08-05 00:00:00-04:00,1.4581271409988403,1.4581271409988403,1.4581271409988403,1.4581271409988403,1500,0.0,0.0
1999-08-06 00:00:00-04:00,1.4581271409988403,1.4581271409988403,1.4581271409988403,1.4581271409988403,20500,0.0,0.0
1999-08-09 00:00:00-04:00,1.4581271409988403,1.4581271409988403,1.4581271409988403,1.4581271409988403,500,0.0,0.0
1999-08-10 00:00:00-04:00,1.4334131456284787,1.4581271409988403,1.4086990324124915,1.4581271409988403,5500,0.0,0.0
1999-08-11 00:00:00-04:00,1.4334131479263306,1.4334131479263306,1.4334131479263306,1.4334131479263306,17000,0.0,0.0
1999-08-12 00:00:00-04:00,1.4334131479263306,1.4334131479263306,1.4334131479263306,1.4334131479263306,0,0.0,0.0
1999-08-13 00:00:00-04:00,1.4334131456284787,1.4581271409988403,1.4086990324124915,1.4581271409988403,19000,0.0,0.0
1999-08-16 00:00:00-04:00,1.4086990356445312,1.4086990356445312,1.4086990356445312,1.4086990356445312,3500,0.0,0.0
1999-08-17 00:00:00-04:00,1.3839850450121958,1.3839850450121958,1.3098430584741436,1.3592710494995117,28000,0.0,0.0
1999-08-18 00:00:00-04:00,1.3839850402174674,1.4086990356445312,1.3839850402174674,1.4086990356445312,1000,0.0,0.0
1999-08-19 00:00:00-04:00,1.4086990356445312,1.4086990356445312,1.4086990356445312,1.4086990356445312,0,0.0,0.0
1999-08-20 00:00:00-04:00,1.4086990356445312,1.4086990356445312,1.4086990356445312,1.4086990356445312,0,0.0,0.0
1999-08-23 00:00:00-04:00,1.4086990356445312,1.4086990356445312,1.4086990356445312,1.4086990356445312,0,0.0,0.0
1999-08-24 00:00:00-04:00,1.3839850402174674,1.4086990356445312,1.3839850402174674,1.4086990356445312,32500,0.0,0.0
1999-08-25 00:00:00-04:00,1.4334131479263306,1.4334131479263306,1.408699034670725,1.4334131479263306,14000,0.0,0.0
1999-08-26 00:00:00-04:00,1.4581271409988403,1.4581271409988403,1.4581271409988403,1.4581271409988403,1000,0.0,0.0
1999-08-27 00:00:00-04:00,1.4086990324124915,1.4581271409988403,1.4086990324124915,1.4581271409988403,2500,0.0,0.0
1999-08-30 00:00:00-04:00,1.4828412532806396,1.4828412532806396,1.4828412532806396,1.4828412532806396,13500,0.0,0.0
1999-08-31 00:00:00-04:00,1.5322692367235036,1.5569833517074585,1.5322692367235036,1.5569833517074585,3500,0.0,0.0
1999-09-01 00:00:00-04:00,1.5569833517074585,1.5569833517074585,1.5569833517074585,1.5569833517074585,0,0.0,0.0
1999-09-02 00:00:00-04:00,1.5569833517074585,1.5569833517074585,1.5569833517074585,1.5569833517074585,0,0.0,0.0
1999-09-03 00:00:00-04:00,1.5075552505995233,1.5075552505995233,1.4828412532806396,1.4828412532806396,5000,0.0,0.0
1999-09-07 00:00:00-04:00,1.4828412532806396,1.4828412532806396,1.4828412532806396,1.4828412532806396,0,0.0,0.0
1999-09-08 00:00:00-04:00,1.4828412532806396,1.4828412532806396,1.4828412532806396,1.4828412532806396,0,0.0,0.0
1999-09-09 00:00:00-04:00,1.4828412532806396,1.4828412532806396,1.4828412532806396,1.4828412532806396,0,0.0,0.0
1999-09-10 00:00:00-04:00,1.4334132546053362,1.5075552463531494,1.4334132546053362,1.5075552463531494,2500,0.0,0.0
1999-09-13 00:00:00-04:00,1.482841245061851,1.5322692394256592,1.482841245061851,1.5322692394256592,1500,0.0,0.0
1999-09-14 00:00:00-04:00,1.5322692394256592,1.5322692394256592,1.5322692394256592,1.5322692394256592,0,0.0,0.0
1999-09-15 00:00:00-04:00,1.5075552505995233,1.5075552505995233,1.4334132586428723,1.4828412532806396,5500,0.0,0.0
1999-09-16 00:00:00-04:00,1.4581271409988403,1.4581271409988403,1.4581271409988403,1.4581271409988403,500,0.0,0.0
1999-09-17 00:00:00-04:00,1.4828412532806396,1.4828412532806396,1.4828412532806396,1.4828412532806396,1000,0.0,0.0
1999-09-20 00:00:00-04:00,1.4334132019458847,1.4704841375350952,1.4334132019458847,1.4704841375350952,3500,0.0,0.0
1999-09-21 00:00:00-04:00,1.421056091298528,1.4581271433363103,1.3839850392607453,1.4334131479263306,7000,0.0,0.0
1999-09-22 00:00:00-04:00,1.3839850425720215,1.3839850425720215,1.3839850425720215,1.3839850425720215,10500,0.0,0.0
1999-09-23 00:00:00-04:00,1.3839850425720215,1.3839850425720215,1.3839850425720215,1.3839850425720215,3500,0.0,0.0
1999-09-24 00:00:00-04:00,1.3839850425720215,1.3839850425720215,1.3345570516338023,1.3839850425720215,13500,0.0,0.0
1999-09-27 00:00:00-04:00,1.3839850425720215,1.3839850425720215,1.3839850425720215,1.3839850425720215,3000,0.0,0.0
1999-09-28 00:00:00-04:00,1.359271047102912,1.3839850425720215,1.359271047102912,1.3839850425720215,14000,0.0,0.0
1999-09-29 00:00:00-04:00,1.3839850425720215,1.3839850425720215,1.3839850425720215,1.3839850425720215,0,0.0,0.0
1999-09-30 00:00:00-04:00,1.2851289428499573,1.3839850425720215,1.2851289428499573,1.3839850425720215,23000,0.0,0.0
1999-10-01 00:00:00-04:00,1.408699034670725,1.4334131479263306,1.408699034670725,1.4334131479263306,2500,0.0,0.0
1999-10-04 00:00:00-04:00,1.4334131479263306,1.4334131479263306,1.4334131479263306,1.4334131479263306,0,0.0,0.0
1999-10-05 00:00:00-04:00,1.3839850425720215,1.3839850425720215,1.3839850425720215,1.3839850425720215,2000,0.0,0.0
1999-10-06 00:00:00-04:00,1.3839850425720215,1.3839850425720215,1.3839850425720215,1.3839850425720215,500,0.0,0.0
1999-10-07 00:00:00-04:00,1.3839850425720215,1.3839850425720215,1.3839850425720215,1.3839850425720215,0,0.0,0.0
1999-10-08 00:00:00-04:00,1.3592710558000365,1.3592710558000365,1.2357009598182151,1.2851289510726929,24500,0.0,0.0
1999-10-11 00:00:00-04:00,1.2851289510726929,1.2851289510726929,1.2851289510726929,1.2851289510726929,0,0.0,0.0
1999-10-12 00:00:00-04:00,1.2851289510726929,1.2851289510726929,1.2851289510726929,1.2851289510726929,0,0.0,0.0
1999-10-13 00:00:00-04:00,1.260414955445454,1.2851289510726929,1.260414955445454,1.2851289510726929,1000,0.0,0.0
1999-10-14 00:00:00-04:00,1.2357009598182151,1.2851289510726929,1.2357009598182151,1.2851289510726929,6500,0.0,0.0
1999-10-15 00:00:00-04:00,1.2851289510726929,1.2851289510726929,1.2851289510726929,1.2851289510726929,0,0.0,0.0
1999-10-18 00:00:00-04:00,1.235701019588933,1.2727720737457275,1.210987022766281,1.2727720737457275,15500,0.0,0.0
1999-10-19 00:00:00-04:00,1.2851289510726929,1.2851289510726929,1.2851289510726929,1.2851289510726929,1000,0.0,0.0
1999-10-20 00:00:00-04:00,1.2357009623228516,1.260414958000183,1.21098696664552,1.260414958000183,8000,0.0,0.0
1999-10-21 00:00:00-04:00,1.2357009623228516,1.2727720147616626,1.1862729709681883,1.260414958000183,12500,0.0,0.0
1999-10-22 00:00:00-04:00,1.260414958000183,1.260414958000183,1.260414958000183,1.260414958000183,0,0.0,0.0
1999-10-25 00:00:00-04:00,1.2357009649276733,1.2357009649276733,1.1862729734688173,1.2357009649276733,8500,0.0,0.0
1999-10-26 00:00:00-04:00,1.1862729787826538,1.2357009704629194,1.161558865096893,1.1862729787826538,13000,0.0,0.0
1999-10-27 00:00:00-04:00,1.1862729760715127,1.2109869718551636,1.1615588624422344,1.2109869718551636,3000,0.0,0.0
1999-10-28 00:00:00-04:00,1.2357009649276733,1.2357009649276733,1.2357009649276733,1.2357009649276733,500,0.0,0.0
1999-10-29 00:00:00-04:00,1.260414958000183,1.260414958000183,1.260414958000183,1.260414958000183,500,0.0,0.0
1999-11-01 00:00:00-05:00,1.2480580217152009,1.2480580217152009,1.1862729734688173,1.2357009649276733,4000,0.0,0.0
1999-11-02 00:00:00-05:00,1.260414958000183,1.260414958000183,1.260414958000183,1.260414958000183,500,0.0,0.0
1999-11-03 00:00:00-05:00,1.2109869718551636,1.2109869718551636,1.1615588624422344,1.2109869718551636,4500,0.0,0.0
1999-11-04 00:00:00-05:00,1.1615588665008545,1.1615588665008545,1.1121308747608458,1.1615588665008545,10500,0.0,0.0
1999-11-05 00:00:00-05:00,1.1862729787826538,1.1862729787826538,1.1862729787826538,1.1862729787826538,500,0.0,0.0
1999-11-08 00:00:00-05:00,1.1368448666585838,1.2109869718551636,1.1368448666585838,1.2109869718551636,4000,0.0,0.0
1999-11-09 00:00:00-05:00,1.161558865096893,1.1862729787826538,1.1368448692567603,1.1862729787826538,5000,0.0,0.0
1999-11-10 00:00:00-05:00,1.1615588723445096,1.1615588723445096,1.112130880355835,1.112130880355835,6500,0.0,0.0
1999-11-11 00:00:00-05:00,1.1615588665008545,1.1615588665008545,1.1615588665008545,1.1615588665008545,500,0.0,0.0
1999-11-12 00:00:00-05:00,1.1368448692567603,1.1862729787826538,1.1368448692567603,1.1862729787826538,7000,0.0,0.0
1999-11-15 00:00:00-05:00,1.1862729787826538,1.1862729787826538,1.1862729787826538,1.1862729787826538,0,0.0,0.0
1999-11-16 00:00:00-05:00,1.1862729760715127,1.2109869718551636,1.1615588624422344,1.2109869718551636,10500,0.0,0.0
1999-11-17 00:00:00-05:00,1.2109869718551636,1.2109869718551636,1.2109869718551636,1.2109869718551636,0,0.0,0.0
1999-11-18 00:00:00-05:00,1.2357009623228516,1.260414958000183,1.2357009623228516,1.260414958000183,2500,0.0,0.0
1999-11-19 00:00:00-05:00,1.2357009623228516,1.260414958000183,1.2357009623228516,1.260414958000183,7500,0.0,0.0
1999-11-22 00:00:00-05:00,1.2109869718551636,1.2109869718551636,1.2109869718551636,1.2109869718551636,4000,0.0,0.0
1999-11-23 00:00:00-05:00,1.1862729734688173,1.2357009649276733,1.136844864164334,1.2357009649276733,14000,0.0,0.0
1999-11-24 00:00:00-05:00,1.210987022766281,1.2727720737457275,1.210987022766281,1.2727720737457275,2500,0.0,0.0
1999-11-26 00:00:00-05:00,1.2727720737457275,1.2727720737457275,1.2727720737457275,1.2727720737457275,0,0.0,0.0
1999-11-29 00:00:00-05:00,1.2357009676388144,1.2357009676388144,1.1368448666585838,1.2109869718551636,25000,0.0,0.0
1999-11-30 00:00:00-05:00,1.1862729787826538,1.1862729787826538,1.1862729787826538,1.1862729787826538,1500,0.0,0.0
1999-12-01 00:00:00-05:00,1.1862729831356118,1.1862729831356118,1.087416881566706,1.1368448734283447,38000,0.0,0.0
1999-12-02 00:00:00-05:00,1.0874168788908416,1.1615588665008545,1.0874168788908416,1.1615588665008545,5000,0.0,0.0
1999-12-03 00:00:00-05:00,1.1615588723445096,1.1615588723445096,1.112130880355835,1.112130880355835,3500,0.0,0.0
1999-12-06 00:00:00-05:00,1.0874168843614977,1.112130880355835,1.0627028883671603,1.112130880355835,16500,0.0,0.0
1999-12-07 00:00:00-05:00,1.0627028883671603,1.112130880355835,1.0379887745271945,1.112130880355835,14000,0.0,0.0
1999-12-08 00:00:00-05:00,1.0874168843614977,1.112130880355835,1.0379887745271945,1.112130880355835,20000,0.0,0.0
1999-12-09 00:00:00-05:00,1.087416881566706,1.1368448734283447,1.087416881566706,1.1368448734283447,3500,0.0,0.0
1999-12-10 00:00:00-05:00,1.112130880355835,1.112130880355835,1.112130880355835,1.112130880355835,1000,0.0,0.0
1999-12-13 00:00:00-05:00,1.087416881566706,1.1862729831356118,1.087416881566706,1.1368448734283447,43500,0.0,0.0
1999-12-14 00:00:00-05:00,1.1368448734283447,1.1368448734283447,1.1368448734283447,1.1368448734283447,0,0.0,0.0
1999-12-15 00:00:00-05:00,1.1368448734283447,1.1368448734283447,1.087416881566706,1.1368448734283447,7000,0.0,0.0
1999-12-16 00:00:00-05:00,1.1121308774975254,1.1368448734283447,1.1121308774975254,1.1368448734283447,5000,0.0,0.0
1999-12-17 00:00:00-05:00,1.1368448734283447,1.1368448734283447,1.1368448734283447,1.1368448734283447,0,0.0,0.0
1999-12-20 00:00:00-05:00,1.0874168775764947,1.1862729787826538,1.0874168775764947,1.1862729787826538,28500,0.0,0.0
1999-12-21 00:00:00-05:00,1.2109869718551636,1.2109869718551636,1.2109869718551636,1.2109869718551636,2000,0.0,0.0
1999-12-22 00:00:00-05:00,1.1862729787826538,1.1862729787826538,1.1862729787826538,1.1862729787826538,26000,0.0,0.0
1999-12-23 00:00:00-05:00,1.1862729787826538,1.1862729787826538,1.161558865096893,1.1862729787826538,6000,0.0,0.0
1999-12-27 00:00:00-05:00,1.173915982246399,1.173915982246399,1.173915982246399,1.173915982246399,500,0.0,0.0
1999-12-28 00:00:00-05:00,1.161558865096893,1.1862729787826538,1.1368448692567603,1.1862729787826538,9000,0.0,0.0
1999-12-29 00:00:00-05:00,1.1368448692567603,1.1862729787826538,1.1368448692567603,1.1862729787826538,40500,0.0,0.0
1999-12-30 00:00:00-05:00,1.1368448692567603,1.1862729787826538,1.1121308734166275,1.1862729787826538,16500,0.0,0.0
1999-12-31 00:00:00-05:00,1.2109869718551636,1.2109869718551636,1.1368448666585838,1.2109869718551636,13000,0.0,0.0
2000-01-03 00:00:00-05:00,1.1862729787826538,1.1862729787826538,1.1862729787826538,1.1862729787826538,1500,0.0,0.0
2000-01-04 00:00:00-05:00,1.1615588624422344,1.2109869718551636,1.1615588624422344,1.2109869718551636,5000,0.0,0.0
2000-01-05 00:00:00-05:00,1.1862729787826538,1.1862729787826538,1.1862729787826538,1.1862729787826538,1000,0.0,0.0
2000-01-06 00:00:00-05:00,1.1862729787826538,1.1862729787826538,1.1862729787826538,1.1862729787826538,0,0.0,0.0
2000-01-07 00:00:00-05:00,1.1615588624422344,1.2109869718551636,1.1615588624422344,1.2109869718551636,9000,0.0,0.0
2000-01-10 00:00:00-05:00,1.2357009649276733,1.2357009649276733,1.2357009649276733,1.2357009649276733,2000,0.0,0.0
2000-01-11 00:00:00-05:00,1.1862729734688173,1.2357009649276733,1.1862729734688173,1.2357009649276733,10500,0.0,0.0
2000-01-12 00:00:00-05:00,1.1862729787826538,1.1862729787826538,1.1368448692567603,1.1862729787826538,34000,0.0,0.0
2000-01-13 00:00:00-05:00,1.1862729787826538,1.1862729787826538,1.1862729787826538,1.1862729787826538,0,0.0,0.0
2000-01-14 00:00:00-05:00,1.1121308747608458,1.1615588665008545,1.1121308747608458,1.1615588665008545,14500,0.0,0.0
2000-01-18 00:00:00-05:00,1.1615588665008545,1.1615588665008545,1.1615588665008545,1.1615588665008545,0,0.0,0.0
2000-01-19 00:00:00-05:00,1.1739159192568736,1.2109869718551636,1.1739159192568736,1.2109869718551636,9000,0.0,0.0
2000-01-20 00:00:00-05:00,1.1986299753189087,1.1986299753189087,1.1986299753189087,1.1986299753189087,9000,0.0,0.0
2000-01-21 00:00:00-05:00,1.1986299753189087,1.1986299753189087,1.1986299753189087,1.1986299753189087,0,0.0,0.0
2000-01-24 00:00:00-05:00,1.1862730397240884,1.1862730397240884,1.173915982246399,1.173915982246399,21500,0.0,0.0
2000-01-25 00:00:00-05:00,1.1862730318942984,1.2233439683914185,1.1862730318942984,1.2233439683914185,6500,0.0,0.0
2000-01-26 00:00:00-05:00,1.2233439683914185,1.2233439683914185,1.2233439683914185,1.2233439683914185,0,0.0,0.0
2000-01-27 00:00:00-05:00,1.1862729709681883,1.260414958000183,1.1862729709681883,1.260414958000183,19500,0.0,0.0
2000-01-28 00:00:00-05:00,1.2357009519117381,1.3839850425720215,1.2357009519117381,1.3839850425720215,125000,0.0,0.0
2000-01-31 00:00:00-05:00,1.3839850392607453,1.4334131479263306,1.3839850392607453,1.4334131479263306,54500,0.0,0.0
2000-02-01 00:00:00-05:00,1.4334131479263306,1.4334131479263306,1.3839850392607453,1.4334131479263306,10000,0.0,0.0
2000-02-02 00:00:00-05:00,1.3839850425720215,1.3839850425720215,1.3839850425720215,1.3839850425720215,5000,0.0,0.0
2000-02-03 00:00:00-05:00,1.3839850425720215,1.3839850425720215,1.3839850425720215,1.3839850425720215,6500,0.0,0.0
2000-02-04 00:00:00-05:00,1.3839850425720215,1.3839850425720215,1.3839850425720215,1.3839850425720215,2500,0.0,0.0
2000-02-07 00:00:00-05:00,1.3839850425720215,1.3839850425720215,1.3839850425720215,1.3839850425720215,8500,0.0,0.0
2000-02-08 00:00:00-05:00,1.3839850425720215,1.3839850425720215,1.3839850425720215,1.3839850425720215,14500,0.0,0.0
2000-02-09 00:00:00-05:00,1.3839850425720215,1.3839850425720215,1.3839850425720215,1.3839850425720215,7500,0.0,0.0
2000-02-10 00:00:00-05:00,1.3839850425720215,1.3839850425720215,1.3839850425720215,1.3839850425720215,30000,0.0,0.0
2000-02-11 00:00:00-05:00,1.3839850425720215,1.3839850425720215,1.3839850425720215,1.3839850425720215,50000,0.0,0.0
2000-02-14 00:00:00-05:00,1.408699038041131,1.408699038041131,1.3839850425720215,1.3839850425720215,24000,0.0,0.0
2000-02-15 00:00:00-05:00,1.3839850425720215,1.3839850425720215,1.3839850425720215,1.3839850425720215,4500,0.0,0.0
2000-02-16 00:00:00-05:00,1.3839850425720215,1.3839850425720215,1.3839850425720215,1.3839850425720215,0,0.0,0.0
2000-02-17 00:00:00-05:00,1.3839850425720215,1.3839850425720215,1.3839850425720215,1.3839850425720215,5000,0.0,0.0
2000-02-18 00:00:00-05:00,1.3839850392607453,1.4334131479263306,1.3839850392607453,1.4334131479263306,5500,0.0,0.0
2000-02-22 00:00:00-05:00,1.4334131479263306,1.4334131479263306,1.4334131479263306,1.4334131479263306,3000,0.0,0.0
2000-02-23 00:00:00-05:00,1.4086990356445312,1.4086990356445312,1.4086990356445312,1.4086990356445312,9000,0.0,0.0
2000-02-24 00:00:00-05:00,1.3839850392607453,1.4334131479263306,1.3839850392607453,1.4334131479263306,15500,0.0,0.0
2000-02-25 00:00:00-05:00,1.4334131479263306,1.4334131479263306,1.4334131479263306,1.4334131479263306,0,0.0,0.0
2000-02-28 00:00:00-05:00,1.408699038041131,1.408699038041131,1.3839850425720215,1.3839850425720215,11000,0.0,0.0
2000-02-29 00:00:00-05:00,1.3839850392607453,1.4334131479263306,1.3839850392607453,1.4334131479263306,6000,0.0,0.0
2000-03-01 00:00:00-05:00,1.4334131479263306,1.4334131479263306,1.4334131479263306,1.4334131479263306,3000,0.0,0.0
2000-03-02 00:00:00-05:00,1.4581271409988403,1.4581271409988403,1.4581271409988403,1.4581271409988403,3000,0.0,0.0
2000-03-03 00:00:00-05:00,1.4334131479263306,1.4334131479263306,1.4334131479263306,1.4334131479263306,5000,0.0,0.0
2000-03-06 00:00:00-05:00,1.4581272015840145,1.4581272015840145,1.4457701444625854,1.4457701444625854,1000,0.0,0.0
2000-03-07 00:00:00-05:00,1.4457700867085075,1.4581271433363103,1.4334131479263306,1.4334131479263306,6500,0.0,0.0
2000-03-08 00:00:00-05:00,1.4334131479263306,1.4334131479263306,1.4334131479263306,1.4334131479263306,1500,0.0,0.0
2000-03-09 00:00:00-05:00,1.4334131513558668,1.4334131513558668,1.3839850425720215,1.3839850425720215,25000,0.0,0.0
2000-03-10 00:00:00-05:00,1.3592710447904033,1.4086990356445312,1.3592710447904033,1.4086990356445312,14500,0.0,0.0
2000-03-13 00:00:00-05:00,1.3592710494995117,1.3592710494995117,1.3592710494995117,1.3592710494995117,7000,0.0,0.0
2000-03-14 00:00:00-05:00,1.3592710494995117,1.3592710494995117,1.3592710494995117,1.3592710494995117,4500,0.0,0.0
2000-03-15 00:00:00-05:00,1.3592710494995117,1.3592710494995117,1.3592710494995117,1.3592710494995117,0,0.0,0.0
2000-03-16 00:00:00-05:00,1.3345570539868277,1.3592710494995117,1.3345570539868277,1.3592710494995117,125500,0.0,0.0
2000-03-17 00:00:00-05:00,1.3469140529632568,1.3469140529632568,1.3469140529632568,1.3469140529632568,9000,0.0,0.0
2000-03-20 00:00:00-05:00,1.3345570589592581,1.3345570589592581,1.3098430633544922,1.3098430633544922,16000,0.0,0.0
2000-03-21 00:00:00-05:00,1.3098431148798848,1.3716281652450562,1.3098431148798848,1.3716281652450562,13000,0.0,0.0
2000-03-22 00:00:00-05:00,1.3592710438507658,1.4334131479263306,1.3592710438507658,1.4334131479263306,37000,0.0,0.0
2000-03-23 00:00:00-05:00,1.421056094698499,1.421056094698499,1.3839850425720215,1.3839850425720215,3500,0.0,0.0
2000-03-24 00:00:00-05:00,1.4334131538831902,1.4334131538831902,1.3345570539868277,1.3592710494995117,7000,0.0,0.0
2000-03-27 00:00:00-05:00,1.3592710558000365,1.3592710558000365,1.2851289510726929,1.2851289510726929,12500,0.0,0.0
2000-03-28 00:00:00-05:00,1.2851289510726929,1.2851289510726929,1.2727720121818868,1.2851289510726929,10500,0.0,0.0
2000-03-29 00:00:00-05:00,1.2851289428499573,1.3839850425720215,1.2851289428499573,1.3839850425720215,35000,0.0,0.0
2000-03-30 00:00:00-05:00,1.4086990356445312,1.4086990356445312,1.4086990356445312,1.4086990356445312,2000,0.0,0.0
2000-03-31 00:00:00-05:00,1.396342158317566,1.396342158317566,1.396342158317566,1.396342158317566,4000,0.0,0.0
2000-04-03 00:00:00-04:00,1.396342158317566,1.396342158317566,1.396342158317566,1.396342158317566,1000,0.0,0.0
2000-04-04 00:00:00-04:00,1.421056094698499,1.421056094698499,1.3839850425720215,1.3839850425720215,6500,0.0,0.0
2000-04-05 00:00:00-04:00,1.3839850425720215,1.3839850425720215,1.3839850425720215,1.3839850425720215,2500,0.0,0.0
2000-04-06 00:00:00-04:00,1.383985101137292,1.408699097652209,1.383985101137292,1.396342158317566,5500,0.0,0.0
2000-04-07 00:00:00-04:00,1.396342158317566,1.396342158317566,1.396342158317566,1.396342158317566,0,0.0,0.0
2000-04-10 00:00:00-04:00,1.4334131456284787,1.4581271409988403,1.4334131456284787,1.4581271409988403,14500,0.0,0.0
2000-04-11 00:00:00-04:00,1.4086990356445312,1.4086990356445312,1.4086990356445312,1.4086990356445312,5000,0.0,0.0
2000-04-12 00:00:00-04:00,1.4334131456284787,1.5075551317395635,1.4334131456284787,1.4581271409988403,39500,0.0,0.0
2000-04-13 00:00:00-04:00,1.5075551341562696,1.5075551341562696,1.4334131479263306,1.4334131479263306,10000,0.0,0.0
2000-04-14 00:00:00-04:00,1.3839850425720215,1.3839850425720215,1.3839850425720215,1.3839850425720215,5000,0.0,0.0
2000-04-17 00:00:00-04:00,1.3592710494995117,1.3592710494995117,1.3592710494995117,1.3592710494995117,500,0.0,0.0
2000-04-18 00:00:00-04:00,1.3592710494995117,1.3592710494995117,1.3592710494995117,1.3592710494995117,0,0.0,0.0
2000-04-19 00:00:00-04:00,1.3839850425720215,1.3839850425720215,1.3839850425720215,1.3839850425720215,1000,0.0,0.0
2000-04-20 00:00:00-04:00,1.3839851461594699,1.4828412532806396,1.3839851461594699,1.4828412532806396,48500,0.0,0.0
2000-04-24 00:00:00-04:00,1.5199123081817825,1.5199123081817825,1.4828412532806396,1.4828412532806396,12500,0.0,0.0
2000-04-25 00:00:00-04:00,1.5075551317395635,1.5075551317395635,1.4581271409988403,1.4581271409988403,5500,0.0,0.0
2000-04-26 00:00:00-04:00,1.458127255961756,1.4828412532806396,1.458127255961756,1.4828412532806396,3500,0.0,0.0
2000-04-27 00:00:00-04:00,1.5075552463531494,1.5322692436024203,1.4828412491038783,1.5075552463531494,14000,0.0,0.0
2000-04-28 00:00:00-04:00,1.5322692394256592,1.5322692394256592,1.507555242243755,1.5322692394256592,37000,0.0,0.0
2000-05-01 00:00:00-04:00,1.5569833517074585,1.5569833517074585,1.5569833517074585,1.5569833517074585,2500,0.0,0.0
2000-05-02 00:00:00-04:00,1.5322692394256592,1.5322692394256592,1.5322692394256592,1.5322692394256592,1000,0.0,0.0
2000-05-03 00:00:00-04:00,1.5322692394256592,1.5322692394256592,1.5322692394256592,1.5322692394256592,500,0.0,0.0
2000-05-04 00:00:00-04:00,1.5322692394256592,1.5322692394256592,1.5322692394256592,1.5322692394256592,500,0.0,0.0
2000-05-05 00:00:00-04:00,1.5322692394256592,1.5569833544531975,1.5322692394256592,1.5322692394256592,9000,0.0,0.0
2000-05-08 00:00:00-04:00,1.5322692394256592,1.5322692394256592,1.5322692394256592,1.5322692394256592,4000,0.0,0.0
2000-05-09 00:00:00-04:00,1.5322692394256592,1.5322692394256592,1.5322692394256592,1.5322692394256592,0,0.0,0.0
2000-05-10 00:00:00-04:00,1.507555242243755,1.5322692394256592,1.507555242243755,1.5322692394256592,6500,0.0,0.0
2000-05-11 00:00:00-04:00,1.5569833517074585,1.5569833517074585,1.5569833517074585,1.5569833517074585,1500,0.0,0.0
2000-05-12 00:00:00-04:00,1.5322692327847491,1.5816973447799683,1.5322692327847491,1.5816973447799683,12000,0.0,0.0
2000-05-15 00:00:00-04:00,1.556983358697326,1.556983358697326,1.5075552463531494,1.5075552463531494,10500,0.0,0.0
2000-05-16 00:00:00-04:00,1.5075552505995233,1.5075552505995233,1.4828412532806396,1.4828412532806396,32000,0.0,0.0
2000-05-17 00:00:00-04:00,1.4828412532806396,1.4828412532806396,1.4828412532806396,1.4828412532806396,500,0.0,0.0
2000-05-18 00:00:00-04:00,1.4828412532806396,1.4828412532806396,1.4828412532806396,1.4828412532806396,1500,0.0,0.0
2000-05-19 00:00:00-04:00,1.4828412532806396,1.4828412532806396,1.4828412532806396,1.4828412532806396,2500,0.0,0.0
2000-05-22 00:00:00-04:00,1.4951982498168945,1.4951982498168945,1.4951982498168945,1.4951982498168945,500,0.0,0.0
2000-05-23 00:00:00-04:00,1.4828412532806396,1.4828412532806396,1.4828412532806396,1.4828412532806396,2500,0.0,0.0
2000-05-24 00:00:00-04:00,1.4828412532806396,1.4828412532806396,1.4828412532806396,1.4828412532806396,0,0.0,0.0
2000-05-25 00:00:00-04:00,1.4828412532806396,1.4828412532806396,1.4828412532806396,1.4828412532806396,0,0.0,0.0
2000-05-26 00:00:00-04:00,1.4828412532806396,1.4828412532806396,1.4828412532806396,1.4828412532806396,0,0.0,0.0
2000-05-30 00:00:00-04:00,1.4704841356614047,1.4951982498168945,1.4704841356614047,1.4951982498168945,19000,0.0,0.0
2000-05-31 00:00:00-04:00,1.4951982498168945,1.4951982498168945,1.4951982498168945,1.4951982498168945,3000,0.0,0.0
2000-06-01 00:00:00-04:00,1.4951982498168945,1.4951982498168945,1.4951982498168945,1.4951982498168945,0,0.0,0.0
2000-06-02 00:00:00-04:00,1.4951982498168945,1.4951982498168945,1.4951982498168945,1.4951982498168945,0,0.0,0.0
2000-06-05 00:00:00-04:00,1.4951982498168945,1.4951982498168945,1.4951982498168945,1.4951982498168945,1000,0.0,0.0
2000-06-06 00:00:00-04:00,1.4951982498168945,1.4951982498168945,1.4951982498168945,1.4951982498168945,0,0.0,0.0
2000-06-07 00:00:00-04:00,1.5075552463531494,1.5075552463531494,1.5075552463531494,1.5075552463531494,500,0.0,0.0
2000-06-08 00:00:00-04:00,1.4704841375350952,1.4704841375350952,1.4704841375350952,1.4704841375350952,500,0.0,0.0
2000-06-09 00:00:00-04:00,1.4704841375350952,1.4704841375350952,1.4704841375350952,1.4704841375350952,0,0.0,0.0
2000-06-12 00:00:00-04:00,1.4828412532806396,1.4828412532806396,1.4828412532806396,1.4828412532806396,500,0.0,0.0
2000-06-13 00:00:00-04:00,1.4581271409988403,1.4581271409988403,1.4581271409988403,1.4581271409988403,3500,0.0,0.0
2000-06-14 00:00:00-04:00,1.4334131479263306,1.4334131479263306,1.4334131479263306,1.4334131479263306,9500,0.0,0.0
2000-06-15 00:00:00-04:00,1.4334131479263306,1.4334131479263306,1.4334131479263306,1.4334131479263306,0,0.0,0.0
2000-06-16 00:00:00-04:00,1.4334131479263306,1.4334131479263306,1.4334131479263306,1.4334131479263306,0,0.0,0.0
2000-06-19 00:00:00-04:00,1.4334131479263306,1.4334131479263306,1.4334131479263306,1.4334131479263306,500,0.0,0.0
2000-06-20 00:00:00-04:00,1.4581271468249764,1.4581271468249764,1.3839850425720215,1.3839850425720215,11000,0.0,0.0
2000-06-21 00:00:00-04:00,1.3839850425720215,1.3839850425720215,1.3839850425720215,1.3839850425720215,500,0.0,0.0
2000-06-22 00:00:00-04:00,1.3839850425720215,1.3839850425720215,1.3839850425720215,1.3839850425720215,0,0.0,0.0
2000-06-23 00:00:00-04:00,1.3839850425720215,1.3839850425720215,1.3839850425720215,1.3839850425720215,1500,0.0,0.0
2000-06-26 00:00:00-04:00,1.3839850425720215,1.3839850425720215,1.3839850425720215,1.3839850425720215,1500,0.0,0.0
2000-06-27 00:00:00-04:00,1.3839850425720215,1.408699038041131,1.359271047102912,1.3839850425720215,2000,0.0,0.0
2000-06-28 00:00:00-04:00,1.3839850450121958,1.3839850450121958,1.3592710494995117,1.3592710494995117,4500,0.0,0.0
2000-06-29 00:00:00-04:00,1.359271110194184,1.359271110194184,1.3469140529632568,1.3469140529632568,9000,0.0,0.0
2000-06-30 00:00:00-04:00,1.334557056427002,1.334557056427002,1.334557056427002,1.334557056427002,20000,0.0,0.0
2000-07-03 00:00:00-04:00,1.334557056427002,1.334557056427002,1.334557056427002,1.334557056427002,0,0.0,0.0
2000-07-05 00:00:00-04:00,1.334557056427002,1.334557056427002,1.334557056427002,1.334557056427002,500,0.0,0.0
2000-07-06 00:00:00-04:00,1.334557056427002,1.334557056427002,1.334557056427002,1.334557056427002,0,0.0,0.0
2000-07-07 00:00:00-04:00,1.334557056427002,1.334557056427002,1.334557056427002,1.334557056427002,0,0.0,0.0
2000-07-10 00:00:00-04:00,1.3345570539868277,1.3592710494995117,1.3098430584741436,1.3592710494995117,3500,0.0,0.0
2000-07-11 00:00:00-04:00,1.334557056427002,1.3839850475427469,1.334557056427002,1.334557056427002,6000,0.0,0.0
2000-07-12 00:00:00-04:00,1.334557056427002,1.334557056427002,1.334557056427002,1.334557056427002,4000,0.0,0.0
2000-07-13 00:00:00-04:00,1.334557056427002,1.334557056427002,1.334557056427002,1.334557056427002,1000,0.0,0.0
2000-07-14 00:00:00-04:00,1.3592710494995117,1.3592710494995117,1.3592710494995117,1.3592710494995117,2000,0.0,0.0
2000-07-17 00:00:00-04:00,1.334557056427002,1.334557056427002,1.334557056427002,1.334557056427002,4500,0.0,0.0
2000-07-18 00:00:00-04:00,1.3098430645455588,1.3098430645455588,1.2851289510726929,1.2851289510726929,6500,0.0,0.0
2000-07-19 00:00:00-04:00,1.3098430633544922,1.3098430633544922,1.3098430633544922,1.3098430633544922,6000,0.0,0.0
2000-07-20 00:00:00-04:00,1.3098430633544922,1.3098430633544922,1.3098430633544922,1.3098430633544922,0,0.0,0.0
2000-07-21 00:00:00-04:00,1.3098430645455588,1.3098430645455588,1.2851289510726929,1.2851289510726929,15500,0.0,0.0
2000-07-24 00:00:00-04:00,1.3592710494995117,1.3592710494995117,1.3098430584741436,1.3592710494995117,65000,0.0,0.0
2000-07-25 00:00:00-04:00,1.3345570589592581,1.3592710545640243,1.3098430633544922,1.3098430633544922,24000,0.0,0.0
2000-07-26 00:00:00-04:00,1.3098430633544922,1.3098430633544922,1.3098430633544922,1.3098430633544922,0,0.0,0.0
2000-07-27 00:00:00-04:00,1.2851289510726929,1.2851289510726929,1.2851289510726929,1.2851289510726929,1000,0.0,0.0
2000-07-28 00:00:00-04:00,1.2851289510726929,1.2851289510726929,1.2851289510726929,1.2851289510726929,27000,0.0,0.0
2000-07-31 00:00:00-04:00,1.2604149542993335,1.3098430633544922,1.2604149542993335,1.3098430633544922,5500,0.0,0.0
2000-08-01 00:00:00-04:00,1.3345570589592581,1.3716281112892206,1.3098430633544922,1.3098430633544922,15500,0.0,0.0
2000-08-02 00:00:00-04:00,1.3098430633544922,1.3098430633544922,1.3098430633544922,1.3098430633544922,0,0.0,0.0
2000-08-03 00:00:00-04:00,1.3098430672004735,1.3098430672004735,1.260414958000183,1.260414958000183,12500,0.0,0.0
2000-08-04 00:00:00-04:00,1.260414958000183,1.260414958000183,1.260414958000183,1.260414958000183,2500,0.0,0.0
2000-08-07 00:00:00-04:00,1.260414958000183,1.260414958000183,1.260414958000183,1.260414958000183,1500,0.0,0.0
2000-08-08 00:00:00-04:00,1.260414958000183,1.260414958000183,1.260414958000183,1.260414958000183,0,0.0,0.0
2000-08-09 00:00:00-04:00,1.260414955445454,1.2851289510726929,1.2357009598182151,1.2851289510726929,6500,0.0,0.0
2000-08-10 00:00:00-04:00,1.2357010233019452,1.2851290170957699,1.2357010233019452,1.2480580806732178,3000,0.0,0.0
2000-08-11 00:00:00-04:00,1.2727720110245297,1.3098430633544922,1.2727720110245297,1.3098430633544922,1500,0.0,0.0
2000-08-14 00:00:00-04:00,1.2604149606571013,1.2604149606571013,1.1862729734688173,1.2357009649276733,25000,0.0,0.0
2000-08-15 00:00:00-04:00,1.2357009649276733,1.2357009649276733,1.2357009649276733,1.2357009649276733,1000,0.0,0.0
2000-08-16 00:00:00-04:00,1.1862729760715127,1.2357009676388144,1.1862729760715127,1.2109869718551636,48500,0.0,0.0
2000-08-17 00:00:00-04:00,1.2109869691982453,1.2357009649276733,1.2109869691982453,1.2357009649276733,51000,0.0,0.0
2000-08-18 00:00:00-04:00,1.2357009623228516,1.260414958000183,1.2357009623228516,1.260414958000183,12000,0.0,0.0
2000-08-21 00:00:00-04:00,1.2357009623228516,1.260414958000183,1.2357009623228516,1.260414958000183,19000,0.0,0.0
2000-08-22 00:00:00-04:00,1.2357009598182151,1.2851289510726929,1.2357009598182151,1.2851289510726929,11500,0.0,0.0
2000-08-23 00:00:00-04:00,1.2851289510726929,1.2851289510726929,1.2851289510726929,1.2851289510726929,1000,0.0,0.0
2000-08-24 00:00:00-04:00,1.2851289499040994,1.3098430633544922,1.2851289499040994,1.3098430633544922,4000,0.0,0.0
2000-08-25 00:00:00-04:00,1.2851289499040994,1.3098430633544922,1.2851289499040994,1.3098430633544922,5000,0.0,0.0
2000-08-28 00:00:00-04:00,1.3098430633544922,1.3098430633544922,1.3098430633544922,1.3098430633544922,0,0.0,0.0
2000-08-29 00:00:00-04:00,1.334557056427002,1.334557056427002,1.334557056427002,1.334557056427002,1000,0.0,0.0
2000-08-30 00:00:00-04:00,1.2851289474656307,1.334557056427002,1.2604149519077583,1.334557056427002,47500,0.0,0.0
2000-08-31 00:00:00-04:00,1.334557056427002,1.334557056427002,1.2357009563498857,1.334557056427002,54000,0.0,0.0
2000-09-01 00:00:00-04:00,1.334557056427002,1.334557056427002,1.334557056427002,1.334557056427002,0,0.0,0.0
2000-09-05 00:00:00-04:00,1.3098430672004735,1.3098430672004735,1.260414958000183,1.260414958000183,10500,0.0,0.0
2000-09-06 00:00:00-04:00,1.260414958000183,1.2851289536775148,1.260414958000183,1.260414958000183,9000,0.0,0.0
2000-09-07 00:00:00-04:00,1.2604149606571013,1.2604149606571013,1.2357009649276733,1.2357009649276733,21000,0.0,0.0
2000-09-08 00:00:00-04:00,1.2604149606571013,1.2851289563865294,1.2357009649276733,1.2357009649276733,63500,0.0,0.0
2000-09-11 00:00:00-04:00,1.2357009649276733,1.2357009649276733,1.2357009649276733,1.2357009649276733,10000,0.0,0.0
2000-09-12 00:00:00-04:00,1.1862729760715127,1.2109869718551636,1.1862729760715127,1.2109869718551636,71500,0.0,0.0
2000-09-13 00:00:00-04:00,1.2109869718551636,1.2109869718551636,1.2109869718551636,1.2109869718551636,0,0.0,0.0
2000-09-14 00:00:00-04:00,1.2604149663030524,1.2604149663030524,1.1862729787826538,1.1862729787826538,21500,0.0,0.0
2000-09-15 00:00:00-04:00,1.1862729787826538,1.1862729787826538,1.1862729787826538,1.1862729787826538,500,0.0,0.0
2000-09-18 00:00:00-04:00,1.1986299753189087,1.1986299753189087,1.1986299753189087,1.1986299753189087,500,0.0,0.0
2000-09-19 00:00:00-04:00,1.1986299177799062,1.1986299177799062,1.1862729787826538,1.1862729787826538,28500,0.0,0.0
2000-09-20 00:00:00-04:00,1.1862729787826538,1.1862729787826538,1.1862729787826538,1.1862729787826538,0,0.0,0.0
2000-09-21 00:00:00-04:00,1.1862729787826538,1.1862729787826538,1.1862729787826538,1.1862729787826538,5500,0.0,0.0
2000-09-22 00:00:00-04:00,1.1862729787826538,1.1862729787826538,1.1862729787826538,1.1862729787826538,37000,0.0,0.0
2000-09-25 00:00:00-04:00,1.1862729787826538,1.1862729787826538,1.1862729787826538,1.1862729787826538,0,0.0,0.0
2000-09-26 00:00:00-04:00,1.1862729787826538,1.1862729787826538,1.1862729787826538,1.1862729787826538,1000,0.0,0.0
2000-09-27 00:00:00-04:00,1.1862730397240884,1.1862730397240884,1.173915982246399,1.173915982246399,20500,0.0,0.0
2000-09-28 00:00:00-04:00,1.1615589288493555,1.1615589288493555,1.1492019891738892,1.1492019891738892,17500,0.0,0.0
2000-09-29 00:00:00-04:00,1.1368448734283447,1.1368448734283447,1.1368448734283447,1.1368448734283447,21000,0.0,0.0
2000-10-02 00:00:00-04:00,1.1368448763501722,1.1368448763501722,1.112130880355835,1.112130880355835,9500,0.0,0.0
2000-10-03 00:00:00-04:00,1.0874168872833252,1.0874168872833252,1.0874168872833252,1.0874168872833252,10000,0.0,0.0
2000-10-04 00:00:00-04:00,1.0874168872833252,1.0874168872833252,1.0874168872833252,1.0874168872833252,0,0.0,0.0
2000-10-05 00:00:00-04:00,1.0874168872833252,1.0874168872833252,1.0874168872833252,1.0874168872833252,0,0.0,0.0
2000-10-06 00:00:00-04:00,1.0874168872833252,1.0874168872833252,1.0874168872833252,1.0874168872833252,1500,0.0,0.0
2000-10-09 00:00:00-04:00,1.0874168872833252,1.0874168872833252,1.0874168872833252,1.0874168872833252,2500,0.0,0.0
2000-10-10 00:00:00-04:00,1.0874168872833252,1.0874168872833252,1.0874168872833252,1.0874168872833252,0,0.0,0.0
2000-10-11 00:00:00-04:00,1.0874168872833252,1.0874168872833252,1.0874168872833252,1.0874168872833252,0,0.0,0.0
2000-10-12 00:00:00-04:00,1.0874168872833252,1.0874168872833252,1.0874168872833252,1.0874168872833252,0,0.0,0.0
2000-10-13 00:00:00-04:00,1.0874168872833252,1.0874168872833252,1.0874168872833252,1.0874168872833252,0,0.0,0.0
2000-10-16 00:00:00-04:00,1.0627028959452165,1.0627028959452165,1.0379887819290161,1.0379887819290161,62000,0.0,0.0
2000-10-17 00:00:00-04:00,1.0627028942108154,1.0627028942108154,1.0379887802349501,1.0627028942108154,33000,0.0,0.0
2000-10-18 00:00:00-04:00,1.0627028942108154,1.0627028942108154,1.0627028942108154,1.0627028942108154,0,0.0,0.0
2000-10-19 00:00:00-04:00,1.0379887802349501,1.0627028942108154,1.0379887802349501,1.0627028942108154,25000,0.0,0.0
2000-10-20 00:00:00-04:00,1.0627028942108154,1.0627028942108154,1.0627028942108154,1.0627028942108154,0,0.0,0.0
2000-10-23 00:00:00-04:00,1.0874168843614977,1.1368448763501722,1.0627028883671603,1.112130880355835,59000,0.0,0.0
2000-10-24 00:00:00-04:00,1.112130880355835,1.112130880355835,1.112130880355835,1.112130880355835,0,0.0,0.0
2000-10-25 00:00:00-04:00,1.099773823435852,1.1368448763501722,1.099773823435852,1.112130880355835,10500,0.0,0.0
2000-10-26 00:00:00-04:00,1.09977388381958,1.09977388381958,1.09977388381958,1.09977388381958,9500,0.0,0.0
2000-10-27 00:00:00-04:00,1.0874168872833252,1.0874168872833252,1.0874168872833252,1.0874168872833252,10000,0.0,0.0
2000-10-30 00:00:00-05:00,1.0874168843614977,1.112130880355835,1.0874168843614977,1.112130880355835,59000,0.0,0.0
2000-10-31 00:00:00-05:00,1.1121308747608458,1.1615588665008545,1.1121308747608458,1.1615588665008545,27500,0.0,0.0
2000-11-01 00:00:00-05:00,1.1121308747608458,1.1615588665008545,1.1121308747608458,1.1615588665008545,1500,0.0,0.0
2000-11-02 00:00:00-05:00,1.1368448734283447,1.1368448734283447,1.1368448734283447,1.1368448734283447,2000,0.0,0.0
2000-11-03 00:00:00-05:00,1.1368448734283447,1.1368448734283447,1.1368448734283447,1.1368448734283447,0,0.0,0.0
2000-11-06 00:00:00-05:00,1.1862729787826538,1.1862729787826538,1.1862729787826538,1.1862729787826538,5500,0.0,0.0
2000-11-07 00:00:00-05:00,1.1862729787826538,1.1862729787826538,1.1862729787826538,1.1862729787826538,3000,0.0,0.0
2000-11-08 00:00:00-05:00,1.1862729787826538,1.2109869746227866,1.1862729787826538,1.1862729787826538,1500,0.0,0.0
2000-11-09 00:00:00-05:00,1.1986299753189087,1.1986299753189087,1.1986299753189087,1.1986299753189087,1500,0.0,0.0
2000-11-10 00:00:00-05:00,1.1986299753189087,1.1986299753189087,1.1986299753189087,1.1986299753189087,0,0.0,0.0
2000-11-13 00:00:00-05:00,1.1986299753189087,1.1986299753189087,1.1986299753189087,1.1986299753189087,0,0.0,0.0
2000-11-14 00:00:00-05:00,1.1986299753189087,1.1986299753189087,1.1986299753189087,1.1986299753189087,0,0.0,0.0
2000-11-15 00:00:00-05:00,1.1862729760715127,1.2109869718551636,1.1862729760715127,1.2109869718551636,5000,0.0,0.0
2000-11-16 00:00:00-05:00,1.2109869718551636,1.2109869718551636,1.2109869718551636,1.2109869718551636,0,0.0,0.0
2000-11-17 00:00:00-05:00,1.2109869718551636,1.2109869718551636,1.2109869718551636,1.2109869718551636,0,0.0,0.0
2000-11-20 00:00:00-05:00,1.2109869718551636,1.2109869718551636,1.2109869718551636,1.2109869718551636,0,0.0,0.0
2000-11-21 00:00:00-05:00,1.1986299753189087,1.1986299753189087,1.1986299753189087,1.1986299753189087,1500,0.0,0.0
2000-11-22 00:00:00-05:00,1.2109869718551636,1.2109869718551636,1.2109869718551636,1.2109869718551636,1000,0.0,0.0
2000-11-24 00:00:00-05:00,1.2109869718551636,1.2109869718551636,1.2109869718551636,1.2109869718551636,0,0.0,0.0
2000-11-27 00:00:00-05:00,1.1986299177799062,1.1986299177799062,1.1862729787826538,1.1862729787826538,19000,0.0,0.0
2000-11-28 00:00:00-05:00,1.1862729787826538,1.1862729787826538,1.1862729787826538,1.1862729787826538,0,0.0,0.0
2000-11-29 00:00:00-05:00,1.1862729787826538,1.1862729787826538,1.1862729787826538,1.1862729787826538,0,0.0,0.0
2000-11-30 00:00:00-05:00,1.1862729787826538,1.1862729787826538,1.1862729787826538,1.1862729787826538,11500,0.0,0.0
2000-12-01 00:00:00-05:00,1.1862729787826538,1.1862729787826538,1.1862729787826538,1.1862729787826538,18000,0.0,0.0
2000-12-04 00:00:00-05:00,1.1986299753189087,1.1986299753189087,1.1986299753189087,1.1986299753189087,500,0.0,0.0
2000-12-05 00:00:00-05:00,1.1986299753189087,1.1986299753189087,1.1986299753189087,1.1986299753189087,0,0.0,0.0
2000-12-06 00:00:00-05:00,1.1862729802164869,1.1862729802164869,1.1615588665008545,1.1615588665008545,5000,0.0,0.0
2000-12-07 00:00:00-05:00,1.1615588665008545,1.1615588665008545,1.1615588665008545,1.1615588665008545,7500,0.0,0.0
2000-12-08 00:00:00-05:00,1.1368448734283447,1.1368448734283447,1.1368448734283447,1.1368448734283447,500,0.0,0.0
2000-12-11 00:00:00-05:00,1.1368448734283447,1.1368448734283447,1.1368448734283447,1.1368448734283447,1500,0.0,0.0
2000-12-12 00:00:00-05:00,1.099773829483355,1.099773829483355,1.0627028942108154,1.0627028942108154,12000,0.0,0.0
2000-12-13 00:00:00-05:00,1.1121308864712875,1.1121308864712875,1.0627028942108154,1.0627028942108154,46000,0.0,0.0
2000-12-14 00:00:00-05:00,1.0503458976745605,1.0503458976745605,1.0503458976745605,1.0503458976745605,1500,0.0,0.0
2000-12-15 00:00:00-05:00,1.0503458976745605,1.0503458976745605,1.0503458976745605,1.0503458976745605,0,0.0,0.0
2000-12-18 00:00:00-05:00,1.0503458976745605,1.0503458976745605,1.0503458976745605,1.0503458976745605,0,0.0,0.0
2000-12-19 00:00:00-05:00,1.0379887819290161,1.0379887819290161,1.0379887819290161,1.0379887819290161,4500,0.0,0.0
2000-12-20 00:00:00-05:00,1.0132747921094705,1.0132747921094705,0.9885607957839966,0.9885607957839966,6000,0.0,0.0
2000-12-21 00:00:00-05:00,0.9885607957839966,0.9885607957839966,0.9885607957839966,0.9885607957839966,0,0.0,0.0
2000-12-22 00:00:00-05:00,0.902061755316223,0.9391327500343323,0.902061755316223,0.9391327500343323,87000,0.0,0.0
2000-12-26 00:00:00-05:00,0.9391327500343323,0.9391327500343323,0.9391327500343323,0.9391327500343323,2500,0.0,0.0
2000-12-27 00:00:00-05:00,0.9638468090262375,0.9638468090262375,0.9144187569618225,0.9144187569618225,61500,0.0,0.0
2000-12-28 00:00:00-05:00,0.889704704284668,0.889704704284668,0.8649907076356333,0.889704704284668,10000,0.0,0.0
2000-12-29 00:00:00-05:00,0.8649907112121582,0.8649907112121582,0.8649907112121582,0.8649907112121582,1000,0.0,0.0
2001-01-02 00:00:00-05:00,0.8649907016752983,0.9391327500343323,0.8649907016752983,0.9391327500343323,7000,0.0,0.0
2001-01-03 00:00:00-05:00,0.9391327565055531,0.9391327565055531,0.889704704284668,0.889704704284668,28500,0.0,0.0
2001-01-04 00:00:00-05:00,0.889704704284668,0.889704704284668,0.889704704284668,0.889704704284668,0,0.0,0.0
2001-01-05 00:00:00-05:00,0.889704704284668,0.889704704284668,0.889704704284668,0.889704704284668,1500,0.0,0.0
2001-01-08 00:00:00-05:00,0.902061755316223,0.9391327500343323,0.902061755316223,0.9391327500343323,1500,0.0,0.0
2001-01-09 00:00:00-05:00,0.9638468054358872,0.9638468054358872,0.9391327500343323,0.9391327500343323,14500,0.0,0.0
2001-01-10 00:00:00-05:00,0.9514897321807988,1.13684487940481,0.9514897321807988,1.0874168872833252,71500,0.0,0.0
2001-01-11 00:00:00-05:00,1.0379887819290161,1.0379887819290161,1.0379887819290161,1.0379887819290161,5500,0.0,0.0
2001-01-12 00:00:00-05:00,1.0132747965796596,1.0132747965796596,0.9514897465705872,0.9514897465705872,23000,0.0,0.0
2001-01-16 00:00:00-05:00,0.98856079912037,0.98856079912037,0.9638468027114868,0.9638468027114868,56000,0.0,0.0
2001-01-17 00:00:00-05:00,0.9391327457749505,0.9762037992477417,0.8897046941188342,0.9762037992477417,57500,0.0,0.0
2001-01-18 00:00:00-05:00,0.9885607957839966,0.9885607957839966,0.9885607957839966,0.9885607957839966,3000,0.0,0.0
2001-01-19 00:00:00-05:00,1.0132748514936563,1.0132748514936563,0.9885608537197889,1.000917911529541,16500,0.0,0.0
2001-01-22 00:00:00-05:00,0.988560792610373,1.0132747888565063,0.988560792610373,1.0132747888565063,28000,0.0,0.0
2001-01-23 00:00:00-05:00,0.9638468037106539,0.9638468037106539,0.8897046965615149,0.9514897465705872,31000,0.0,0.0
2001-01-24 00:00:00-05:00,0.926775757044289,0.9391327553536497,0.8897047031933911,0.9020617604255676,34000,0.0,0.0
2001-01-25 00:00:00-05:00,0.8897046956392068,0.9638468027114868,0.8897046956392068,0.9638468027114868,121000,0.0,0.0
2001-01-26 00:00:00-05:00,0.9885608019146267,0.9885608019146267,0.9144187535555928,0.9391327500343323,35500,0.0,0.0
2001-01-29 00:00:00-05:00,0.9687895774841309,0.9687895774841309,0.9687895774841309,0.9687895774841309,500,0.0,0.0
2001-01-30 00:00:00-05:00,0.9806522718911577,0.9885607741110515,0.9391327236209361,0.9687895774841309,57000,0.0,0.0
2001-01-31 00:00:00-05:00,0.9786751960194525,0.9786751960194525,0.9470412454090552,0.9766980409622192,12500,0.0,0.0
2001-02-01 00:00:00-05:00,0.9885607957839966,0.9885607957839966,0.9885607957839966,0.9885607957839966,5000,0.0,0.0
2001-02-02 00:00:00-05:00,0.9490183486258281,0.9885608019146267,0.9391327500343323,0.9391327500343323,17000,0.0,0.0
2001-02-05 00:00:00-05:00,0.9391327340195712,0.9786751866340637,0.9391327340195712,0.9786751866340637,3500,0.0,0.0
2001-02-06 00:00:00-05:00,0.9786752255712917,0.9846065730764632,0.9193615737511281,0.9589040279388428,42000,0.0,0.0
2001-02-07 00:00:00-05:00,0.9589040279388428,0.9589040279388428,0.9589040279388428,0.9589040279388428,0,0.0,0.0
2001-02-08 00:00:00-05:00,0.9490183486258281,0.9490183486258281,0.9391327500343323,0.9391327500343323,35500,0.0,0.0
2001-02-09 00:00:00-05:00,0.9391327500343323,0.9391327500343323,0.9391327500343323,0.9391327500343323,0,0.0,0.0
2001-02-12 00:00:00-05:00,0.929247149783364,0.929247149783364,0.9154072999954224,0.9154072999954224,17500,0.0,0.0
2001-02-13 00:00:00-05:00,0.9391327705023798,0.9470412731170654,0.9391327705023798,0.9470412731170654,3500,0.0,0.0
2001-02-14 00:00:00-05:00,0.9391327500343323,0.9391327500343323,0.9391327500343323,0.9391327500343323,3500,0.0,0.0
2001-02-15 00:00:00-05:00,0.9490183591842651,0.9490183591842651,0.9490183591842651,0.9490183591842651,5000,0.0,0.0
2001-02-16 00:00:00-05:00,0.9490183591842651,0.9490183591842651,0.9490183591842651,0.9490183591842651,0,0.0,0.0
2001-02-20 00:00:00-05:00,0.9490183683962641,0.9490183683962641,0.9351785182952881,0.9351785182952881,4500,0.0,0.0
2001-02-21 00:00:00-05:00,0.9213386178016663,0.9213386178016663,0.9213386178016663,0.9213386178016663,500,0.0,0.0
2001-02-22 00:00:00-05:00,0.9292471408843994,0.9292471408843994,0.9292471408843994,0.9292471408843994,5500,0.0,0.0
2001-02-23 00:00:00-05:00,0.9292471408843994,0.9292471408843994,0.9292471408843994,0.9292471408843994,500,0.0,0.0
2001-02-26 00:00:00-05:00,0.9193615317344666,0.9272700339951385,0.9154072806041307,0.9193615317344666,23500,0.0,0.0
2001-02-27 00:00:00-05:00,0.9391327206557899,0.9450640678405762,0.9391327206557899,0.9450640678405762,6000,0.0,0.0
2001-02-28 00:00:00-05:00,0.9450641079191102,0.9589040168085606,0.9450641079191102,0.9490183591842651,8500,0.0,0.0
2001-03-01 00:00:00-05:00,0.9490183591842651,0.9490183591842651,0.9490183591842651,0.9490183591842651,0,0.0,0.0
2001-03-02 00:00:00-05:00,0.9490183591842651,0.9490183591842651,0.9490183591842651,0.9490183591842651,0,0.0,0.0
2001-03-05 00:00:00-05:00,0.9687895987236175,0.9885607957839966,0.9687895987236175,0.9885607957839966,8500,0.0,0.0
2001-03-06 00:00:00-05:00,0.9885607957839966,0.9984463943141861,0.9885607957839966,0.9885607957839966,39500,0.0,0.0
2001-03-07 00:00:00-05:00,0.9490183701998015,0.9687896267550673,0.9490183701998015,0.9589040279388428,53500,0.0,0.0
2001-03-08 00:00:00-05:00,0.9885607741110515,0.9885607741110515,0.9687895774841309,0.9687895774841309,76500,0.0,0.0
2001-03-09 00:00:00-05:00,0.9687895969344227,0.9687895969344227,0.9648353457450867,0.9648353457450867,4500,0.0,0.0
2001-03-12 00:00:00-05:00,0.9648353457450867,0.9648353457450867,0.9648353457450867,0.9648353457450867,0,0.0,0.0
2001-03-13 00:00:00-05:00,0.9687895774841309,0.9687895774841309,0.9687895774841309,0.9687895774841309,500,0.0,0.0
2001-03-14 00:00:00-05:00,0.9687895774841309,0.9687895774841309,0.9687895774841309,0.9687895774841309,0,0.0,0.0
2001-03-15 00:00:00-05:00,0.9687895969344227,0.9687895969344227,0.9648353457450867,0.9648353457450867,1500,0.0,0.0
2001-03-16 00:00:00-05:00,0.9648353457450867,0.9648353457450867,0.9648353457450867,0.9648353457450867,0,0.0,0.0
2001-03-19 00:00:00-05:00,0.9608811140060425,0.9608811140060425,0.9608811140060425,0.9608811140060425,8500,0.0,0.0
2001-03-20 00:00:00-05:00,0.9608811140060425,0.9608811140060425,0.9608811140060425,0.9608811140060425,0,0.0,0.0
2001-03-21 00:00:00-05:00,0.9608811140060425,0.9608811140060425,0.9608811140060425,0.9608811140060425,0,0.0,0.0
2001-03-22 00:00:00-05:00,0.9608811140060425,0.9608811140060425,0.9608811140060425,0.9608811140060425,19500,0.0,0.0
2001-03-23 00:00:00-05:00,0.9608811140060425,0.9608811140060425,0.9608811140060425,0.9608811140060425,0,0.0,0.0
2001-03-26 00:00:00-05:00,0.9608811140060425,0.9608811140060425,0.9608811140060425,0.9608811140060425,0,0.0,0.0
2001-03-27 00:00:00-05:00,0.9589040001934279,0.9885607957839966,0.9589040001934279,0.9885607957839966,17500,0.0,0.0
2001-03-28 00:00:00-05:00,0.9687895987236175,0.9885607957839966,0.9687895987236175,0.9885607957839966,16500,0.0,0.0
2001-03-29 00:00:00-05:00,0.9885607957839966,0.9885607957839966,0.9885607957839966,0.9885607957839966,0,0.0,0.0
2001-03-30 00:00:00-05:00,0.9687895774841309,0.9687895774841309,0.9687895774841309,0.9687895774841309,5000,0.0,0.0
2001-04-02 00:00:00-04:00,0.9687895774841309,0.9687895774841309,0.9687895774841309,0.9687895774841309,0,0.0,0.0
2001-04-03 00:00:00-04:00,0.9687895774841309,0.9687895774841309,0.9687895774841309,0.9687895774841309,0,0.0,0.0
2001-04-04 00:00:00-04:00,0.9687895774841309,0.9687895774841309,0.9687895774841309,0.9687895774841309,0,0.0,0.0
2001-04-05 00:00:00-04:00,0.9885607741110515,0.9885607741110515,0.9687895774841309,0.9687895774841309,14000,0.0,0.0
2001-04-06 00:00:00-04:00,0.9786751866340637,0.9786751866340637,0.9786751866340637,0.9786751866340637,15000,0.0,0.0
2001-04-09 00:00:00-04:00,0.9786751866340637,0.9786751866340637,0.9786751866340637,0.9786751866340637,0,0.0,0.0
2001-04-10 00:00:00-04:00,0.9687895774841309,0.9687895774841309,0.9687895774841309,0.9687895774841309,2000,0.0,0.0
2001-04-11 00:00:00-04:00,0.9687896267550673,0.9687896267550673,0.9589040279388428,0.9589040279388428,12500,0.0,0.0
2001-04-12 00:00:00-04:00,0.9608811140060425,0.9608811140060425,0.9608811140060425,0.9608811140060425,500,0.0,0.0
2001-04-16 00:00:00-04:00,0.9589040279388428,0.9589040279388428,0.9589040279388428,0.9589040279388428,10000,0.0,0.0
2001-04-17 00:00:00-04:00,0.9391327182329318,0.9391327182329318,0.9154072706321822,0.9213386178016663,43000,0.0,0.0
2001-04-18 00:00:00-04:00,0.9134302231191473,0.9134302231191473,0.8995903730392456,0.8995903730392456,20500,0.0,0.0
2001-04-19 00:00:00-04:00,0.9134302054810063,0.9490183486258281,0.9134302054810063,0.9391327500343323,14500,0.0,0.0
2001-04-20 00:00:00-04:00,0.9094759225845337,0.9094759225845337,0.8897046671673218,0.9094759225845337,15000,0.0,0.0
2001-04-23 00:00:00-04:00,0.9292471300988995,0.9292471300988995,0.9193615317344666,0.9193615317344666,7000,0.0,0.0
2001-04-24 00:00:00-04:00,0.9292471355966516,0.9786751866340637,0.9292471355966516,0.9786751866340637,12000,0.0,0.0
2001-04-25 00:00:00-04:00,0.978675197253807,0.9885607957839966,0.978675197253807,0.9885607957839966,8500,0.0,0.0
2001-04-26 00:00:00-04:00,0.9885607957839966,0.9885607957839966,0.9885607957839966,0.9885607957839966,0,0.0,0.0
2001-04-27 00:00:00-04:00,0.9885607957839966,0.9885607957839966,0.9885607957839966,0.9885607957839966,3000,0.0,0.0
2001-04-30 00:00:00-04:00,0.9391327604827857,0.9490183591842651,0.919361563079827,0.9490183591842651,18000,0.0,0.0
2001-05-01 00:00:00-04:00,0.9687896267550673,1.0083320220199652,0.9589040279388428,0.9589040279388428,69000,0.0,0.0
2001-05-02 00:00:00-04:00,0.9589040279388428,0.9589040279388428,0.9589040279388428,0.9589040279388428,0,0.0,0.0
2001-05-03 00:00:00-04:00,0.9589040279388428,0.9589040279388428,0.9589040279388428,0.9589040279388428,0,0.0,0.0
2001-05-04 00:00:00-04:00,0.9589040279388428,0.9687896267550673,0.9589040279388428,0.9589040279388428,8000,0.0,0.0
2001-05-07 00:00:00-04:00,0.9589040279388428,0.9589040279388428,0.9589040279388428,0.9589040279388428,1000,0.0,0.0
2001-05-08 00:00:00-04:00,0.9589040203917643,1.0083320140838623,0.9589040203917643,1.0083320140838623,20500,0.0,0.0
2001-05-09 00:00:00-04:00,1.0083320140838623,1.0083320140838623,1.0083320140838623,1.0083320140838623,0,0.0,0.0
2001-05-10 00:00:00-04:00,1.0083319825937704,1.0083319825937704,0.9905378818511963,0.9905378818511963,1500,0.0,0.0
2001-05-11 00:00:00-04:00,0.9905378818511963,0.9905378818511963,0.9905378818511963,0.9905378818511963,5000,0.0,0.0
2001-05-14 00:00:00-04:00,1.0083319723840036,1.0083319723840036,0.992514967918396,0.992514967918396,2500,0.0,0.0
2001-05-15 00:00:00-04:00,0.992514967918396,0.992514967918396,0.992514967918396,0.992514967918396,0,0.0,0.0
2001-05-16 00:00:00-04:00,0.992514967918396,0.992514967918396,0.992514967918396,0.992514967918396,5500,0.0,0.0
2001-05-17 00:00:00-04:00,0.992514967918396,0.992514967918396,0.992514967918396,0.992514967918396,0,0.0,0.0
2001-05-18 00:00:00-04:00,0.9905378718216019,0.992514967918396,0.9905378718216019,0.992514967918396,1000,0.0,0.0
2001-05-21 00:00:00-04:00,1.0122863242866098,1.0122863242866098,1.0083320140838623,1.0083320140838623,7500,0.0,0.0
2001-05-22 00:00:00-04:00,1.0182175849925594,1.0478743803972446,1.0182175849925594,1.0379887819290161,13000,0.0,0.0
2001-05-23 00:00:00-04:00,1.0379887819290161,1.0379887819290161,1.0379887819290161,1.0379887819290161,0,0.0,0.0
2001-05-24 00:00:00-04:00,1.0379887819290161,1.0379887819290161,1.0379887819290161,1.0379887819290161,0,0.0,0.0
2001-05-25 00:00:00-04:00,1.0379887819290161,1.0379887819290161,1.0379887819290161,1.0379887819290161,0,0.0,0.0
2001-05-29 00:00:00-04:00,1.0379887819290161,1.0379887819290161,1.0379887819290161,1.0379887819290161,0,0.0,0.0
2001-05-30 00:00:00-04:00,1.047874409037541,1.047874409037541,1.0083320140838623,1.0083320140838623,5000,0.0,0.0
2001-05-31 00:00:00-04:00,1.0083319928443757,1.0083319928443757,0.9885607957839966,0.9885607957839966,16000,0.0,0.0
2001-06-01 00:00:00-04:00,0.9905378718216019,0.992514967918396,0.9885607757248079,0.992514967918396,13000,0.0,0.0
2001-06-04 00:00:00-04:00,0.9885607957839966,0.9885607957839966,0.9885607957839966,0.9885607957839966,1000,0.0,0.0
2001-06-05 00:00:00-04:00,1.008332003569265,1.008332003569265,0.9984464049339294,0.9984464049339294,3000,0.0,0.0
2001-06-06 00:00:00-04:00,0.9885607957839966,0.9885607957839966,0.9885607957839966,0.9885607957839966,5500,0.0,0.0
2001-06-07 00:00:00-04:00,0.9885607957839966,0.9984463943141861,0.9885607957839966,0.9885607957839966,28000,0.0,0.0
2001-06-08 00:00:00-04:00,0.9984463671075167,1.0182175636291504,0.9984463671075167,1.0182175636291504,18000,0.0,0.0
2001-06-11 00:00:00-04:00,1.0182175636291504,1.0182175636291504,1.0182175636291504,1.0182175636291504,0,0.0,0.0
2001-06-12 00:00:00-04:00,1.008332003569265,1.008332003569265,0.9984464049339294,0.9984464049339294,3500,0.0,0.0
2001-06-13 00:00:00-04:00,1.0182176022046003,1.0182176022046003,0.9984464049339294,0.9984464049339294,2000,0.0,0.0
2001-06-14 00:00:00-04:00,0.9984464153454428,1.018217612822282,0.9984464153454428,1.0083320140838623,5000,0.0,0.0
2001-06-15 00:00:00-04:00,1.0083320140838623,1.0083320140838623,1.0083320140838623,1.0083320140838623,0,0.0,0.0
2001-06-18 00:00:00-04:00,1.0182175913745652,1.0182175913745652,0.9885607957839966,0.9885607957839966,12000,0.0,0.0
2001-06-19 00:00:00-04:00,0.9984464049339294,0.9984464049339294,0.9984464049339294,0.9984464049339294,16500,0.0,0.0
2001-06-20 00:00:00-04:00,0.9984464049339294,0.9984464049339294,0.9984464049339294,0.9984464049339294,0,0.0,0.0
2001-06-21 00:00:00-04:00,0.9786751866340637,0.9786751866340637,0.9786751866340637,0.9786751866340637,5000,0.0,0.0
2001-06-22 00:00:00-04:00,0.9747209460571682,0.9885607957839966,0.9747209460571682,0.9885607957839966,15500,0.0,0.0
2001-06-25 00:00:00-04:00,0.9687895969344227,0.9687895969344227,0.9648353457450867,0.9648353457450867,4000,0.0,0.0
2001-06-26 00:00:00-04:00,0.9589039897882247,0.9786751866340637,0.9589039897882247,0.9786751866340637,8000,0.0,0.0
2001-06-27 00:00:00-04:00,0.9687895882111441,0.9786751866340637,0.9687895882111441,0.9786751866340637,1500,0.0,0.0
2001-06-28 00:00:00-04:00,0.9786751866340637,0.9786751866340637,0.9786751866340637,0.9786751866340637,0,0.0,0.0
2001-06-29 00:00:00-04:00,0.9786751866340637,0.9786751866340637,0.9786751866340637,0.9786751866340637,1000,0.0,0.0
2001-07-02 00:00:00-04:00,0.9628581820191409,0.9786751866340637,0.9628581820191409,0.9786751866340637,10000,0.0,0.0
2001-07-03 00:00:00-04:00,0.9885608166070231,1.0083320140838623,0.9885608166070231,1.0083320140838623,12000,0.0,0.0
2001-07-05 00:00:00-04:00,1.004377841949463,1.004377841949463,1.004377841949463,1.004377841949463,500,0.0,0.0
2001-07-06 00:00:00-04:00,1.004377841949463,1.004377841949463,1.004377841949463,1.004377841949463,0,0.0,0.0
2001-07-09 00:00:00-04:00,1.018217612822282,1.018217612822282,1.0083320140838623,1.0083320140838623,6500,0.0,0.0
2001-07-10 00:00:00-04:00,1.0083320140838623,1.0083320140838623,1.0083320140838623,1.0083320140838623,500,0.0,0.0
2001-07-11 00:00:00-04:00,0.9984464049339294,0.9984464049339294,0.9984464049339294,0.9984464049339294,3500,0.0,0.0
2001-07-12 00:00:00-04:00,1.004377800570552,1.004377800570552,0.9885607957839966,0.9885607957839966,1500,0.0,0.0
2001-07-13 00:00:00-04:00,0.9984464049339294,0.9984464049339294,0.9984464049339294,0.9984464049339294,3500,0.0,0.0
2001-07-16 00:00:00-04:00,0.9984463943141861,0.9984463943141861,0.9885607957839966,0.9885607957839966,7500,0.0,0.0
2001-07-17 00:00:00-04:00,0.9846065238144769,0.9846065238144769,0.9806522727012634,0.9806522727012634,5500,0.0,0.0
2001-07-18 00:00:00-04:00,0.9806522727012634,0.9806522727012634,0.9806522727012634,0.9806522727012634,4500,0.0,0.0
2001-07-19 00:00:00-04:00,0.9885607957839966,0.9885607957839966,0.9885607957839966,0.9885607957839966,5000,0.0,0.0
2001-07-20 00:00:00-04:00,0.978675197253807,0.9885607957839966,0.9747209460571682,0.9885607957839966,19000,0.0,0.0
2001-07-23 00:00:00-04:00,0.9885608166070231,1.0083320140838623,0.9786752178686035,1.0083320140838623,15500,0.0,0.0
2001-07-24 00:00:00-04:00,1.0083320345064464,1.0379888313223689,0.9984464355678054,1.028103232383728,34500,0.0,0.0
2001-07-25 00:00:00-04:00,1.0281031834607877,1.0379887819290161,1.0103090826488508,1.0379887819290161,54500,0.0,0.0
2001-07-26 00:00:00-04:00,1.0478744302610097,1.0478744302610097,1.028103232383728,1.028103232383728,24500,0.0,0.0
2001-07-27 00:00:00-04:00,1.018217535111422,1.028103133095368,1.018217535111422,1.024148941040039,46000,0.0,0.0
2001-07-30 00:00:00-04:00,1.024148941040039,1.024148941040039,1.024148941040039,1.024148941040039,5000,0.0,0.0
2001-07-31 00:00:00-04:00,1.0241490399465256,1.028103232383728,1.0103091307250474,1.028103232383728,24000,0.0,0.0
2001-08-01 00:00:00-04:00,1.028103232383728,1.028103232383728,1.028103232383728,1.028103232383728,2500,0.0,0.0
2001-08-02 00:00:00-04:00,1.028103232383728,1.028103232383728,1.0201947296636884,1.028103232383728,10000,0.0,0.0
2001-08-03 00:00:00-04:00,1.0379887334676126,1.0478743314743042,1.0379887334676126,1.0478743314743042,2000,0.0,0.0
2001-08-06 00:00:00-04:00,1.0478744331515275,1.0755542516708374,1.0478744331515275,1.0755542516708374,6500,0.0,0.0
2001-08-07 00:00:00-04:00,1.077531337738037,1.077531337738037,1.077531337738037,1.077531337738037,1500,0.0,0.0
2001-08-08 00:00:00-04:00,1.0854397645165679,1.117073655128479,1.0854397645165679,1.117073655128479,11000,0.0,0.0
2001-08-09 00:00:00-04:00,1.1269592709207072,1.2060441754547602,1.1269592709207072,1.1862729787826538,61000,0.0,0.0
2001-08-10 00:00:00-04:00,1.2357010348312516,1.2950146279372474,1.2357010348312516,1.245586633682251,64000,0.0,0.0
2001-08-13 00:00:00-04:00,1.237678061016902,1.2495408732435294,1.2159297683441308,1.2357009649276733,31000,0.0,0.0
2001-08-14 00:00:00-04:00,1.2357009704629194,1.2357009704629194,1.1665016642649197,1.1862729787826538,69000,0.0,0.0
2001-08-15 00:00:00-04:00,1.1763874292373657,1.1862730279834248,1.1763874292373657,1.1763874292373657,7000,0.0,0.0
2001-08-16 00:00:00-04:00,1.1368448946150902,1.1566160917282104,1.1368448946150902,1.1566160917282104,8000,0.0,0.0
2001-08-17 00:00:00-04:00,1.1665016412734985,1.1665016412734985,1.1665016412734985,1.1665016412734985,4500,0.0,0.0
2001-08-20 00:00:00-04:00,1.1665016412734985,1.1665016412734985,1.1566160431322878,1.1665016412734985,7500,0.0,0.0
2001-08-21 00:00:00-04:00,1.1665017401410638,1.1665017401410638,1.1467305421829224,1.1467305421829224,16500,0.0,0.0
2001-08-22 00:00:00-04:00,1.1467305421829224,1.1467305421829224,1.1170737452457102,1.1467305421829224,33000,0.0,0.0
2001-08-23 00:00:00-04:00,1.1665016412734985,1.1665016412734985,1.1665016412734985,1.1665016412734985,18500,0.0,0.0
2001-08-24 00:00:00-04:00,1.1467305421829224,1.1467305421829224,1.1467305421829224,1.1467305421829224,8500,0.0,0.0
2001-08-27 00:00:00-04:00,1.1467305421829224,1.1467305421829224,1.1467305421829224,1.1467305421829224,25000,0.0,0.0
2001-08-28 00:00:00-04:00,1.1467305421829224,1.1467305421829224,1.1467305421829224,1.1467305421829224,0,0.0,0.0
2001-08-29 00:00:00-04:00,1.1566161018204482,1.1566161018204482,1.1388220006942484,1.1546390056610107,7000,0.0,0.0
2001-08-30 00:00:00-04:00,1.1665016412734985,1.178364453319452,1.1605703530961473,1.1665016412734985,19000,0.0,0.0
2001-08-31 00:00:00-04:00,1.1665017401410638,1.1704560504400734,1.1467305421829224,1.1467305421829224,5000,0.0,0.0
2001-09-04 00:00:00-04:00,1.1368448413326262,1.1368448413326262,1.1190507411956787,1.1190507411956787,14000,0.0,0.0
2001-09-05 00:00:00-04:00,1.1407992329113252,1.1407992329113252,1.1269593238830566,1.1269593238830566,1000,0.0,0.0
2001-09-06 00:00:00-04:00,1.1467305421829224,1.1467305421829224,1.1467305421829224,1.1467305421829224,3000,0.0,0.0
2001-09-07 00:00:00-04:00,1.1368449226836914,1.1368449226836914,1.1269593238830566,1.1269593238830566,3500,0.0,0.0
2001-09-10 00:00:00-04:00,1.1427763291023256,1.1427763291023256,1.1269593238830566,1.1269593238830566,14000,0.0,0.0
2001-09-17 00:00:00-04:00,1.0676456689834595,1.0676456689834595,1.0478743546864844,1.0676456689834595,52500,0.0,0.0
2001-09-18 00:00:00-04:00,1.063691400966178,1.107188105583191,1.049851610042274,1.107188105583191,31500,0.0,0.0
2001-09-19 00:00:00-04:00,1.0874169482864693,1.1230051517486572,1.0874169482864693,1.1230051517486572,17000,0.0,0.0
2001-09-20 00:00:00-04:00,1.1328907221350655,1.156616111947307,1.0992796157478186,1.152661919593811,27500,0.0,0.0
2001-09-21 00:00:00-04:00,1.17638745696577,1.17638745696577,1.1467305421829224,1.1467305421829224,21500,0.0,0.0
2001-09-24 00:00:00-04:00,1.1605703578347795,1.1605703578347795,1.1071880569469053,1.117073655128479,12500,0.0,0.0
2001-09-25 00:00:00-04:00,1.1071881362454572,1.1368449329142452,1.0973025373558614,1.124982237815857,27000,0.0,0.0
2001-09-26 00:00:00-04:00,1.1230051517486572,1.1230051517486572,1.09730254726534,1.1230051517486572,7500,0.0,0.0
2001-09-27 00:00:00-04:00,1.1230050611756737,1.126959253310053,1.0973024587653313,1.117073655128479,12000,0.0,0.0
2001-09-28 00:00:00-04:00,1.126959253310053,1.126959253310053,1.1071880569469053,1.117073655128479,2500,0.0,0.0
2001-10-01 00:00:00-04:00,1.1269592850242047,1.134867787361145,1.1269592850242047,1.134867787361145,1000,0.0,0.0
2001-10-02 00:00:00-04:00,1.117073655128479,1.117073655128479,1.117073655128479,1.117073655128479,2000,0.0,0.0
2001-10-03 00:00:00-04:00,1.0973024587653313,1.117073655128479,1.0874168605837575,1.117073655128479,12500,0.0,0.0
2001-10-04 00:00:00-04:00,1.1131194829940796,1.1131194829940796,1.1131194829940796,1.1131194829940796,500,0.0,0.0
2001-10-05 00:00:00-04:00,1.1131194829940796,1.1131194829940796,1.1131194829940796,1.1131194829940796,0,0.0,0.0
2001-10-08 00:00:00-04:00,1.1269593442019512,1.1269593442019512,1.1230051517486572,1.1230051517486572,4000,0.0,0.0
2001-10-09 00:00:00-04:00,1.1230051517486572,1.1230051517486572,1.1230051517486572,1.1230051517486572,0,0.0,0.0
2001-10-10 00:00:00-04:00,1.1269593442019512,1.1269593442019512,1.1230051517486572,1.1230051517486572,1000,0.0,0.0
2001-10-11 00:00:00-04:00,1.1230051517486572,1.1230051517486572,1.1230051517486572,1.1230051517486572,0,0.0,0.0
2001-10-12 00:00:00-04:00,1.107188105583191,1.107188105583191,1.107188105583191,1.107188105583191,14500,0.0,0.0
2001-10-15 00:00:00-04:00,1.0676456689834595,1.0676456689834595,1.0676456689834595,1.0676456689834595,6500,0.0,0.0
2001-10-16 00:00:00-04:00,1.0874169366107649,1.0973025354834927,1.0676457388653093,1.077531337738037,15000,0.0,0.0
2001-10-17 00:00:00-04:00,1.0973025560379028,1.0973025560379028,1.0973025560379028,1.0973025560379028,13000,0.0,0.0
2001-10-18 00:00:00-04:00,1.0973025560379028,1.0973025560379028,1.0973025560379028,1.0973025560379028,0,0.0,0.0
2001-10-19 00:00:00-04:00,1.1012567093261927,1.1052110195159912,1.067645720863882,1.1052110195159912,20000,0.0,0.0
2001-10-22 00:00:00-04:00,1.097302503702879,1.097302503702879,1.059737205505371,1.059737205505371,43500,0.0,0.0
2001-10-23 00:00:00-04:00,1.0676456689834595,1.0676456689834595,1.0676456689834595,1.0676456689834595,1000,0.0,0.0
2001-10-24 00:00:00-04:00,1.0874169366107649,1.0874169366107649,1.077531337738037,1.077531337738037,13000,0.0,0.0
2001-10-25 00:00:00-04:00,1.077531337738037,1.077531337738037,1.077531337738037,1.077531337738037,0,0.0,0.0
2001-10-26 00:00:00-04:00,1.077531337738037,1.077531337738037,1.0676457388653093,1.077531337738037,19000,0.0,0.0
2001-10-29 00:00:00-05:00,1.0676456689834595,1.0676456689834595,1.0676456689834595,1.0676456689834595,2000,0.0,0.0
2001-10-30 00:00:00-05:00,1.0676457388653093,1.077531337738037,1.0676457388653093,1.077531337738037,2000,0.0,0.0
2001-10-31 00:00:00-05:00,1.077531337738037,1.077531337738037,1.077531337738037,1.077531337738037,0,0.0,0.0
2001-11-01 00:00:00-05:00,1.0281031582351359,1.0676456689834595,1.0281031582351359,1.0676456689834595,51500,0.0,0.0
2001-11-02 00:00:00-05:00,1.0676457181188022,1.0874169154800635,1.0577601194381714,1.0577601194381714,7000,0.0,0.0
2001-11-05 00:00:00-05:00,1.0577601194381714,1.0577601194381714,1.0577601194381714,1.0577601194381714,0,0.0,0.0
2001-11-06 00:00:00-05:00,1.0577600967111023,1.0577600967111023,1.0379887819290161,1.0379887819290161,23500,0.0,0.0
2001-11-07 00:00:00-05:00,1.0379888021205754,1.0478744007811043,1.0340346097946167,1.0340346097946167,21000,0.0,0.0
2001-11-08 00:00:00-05:00,1.028103232383728,1.028103232383728,1.0201947296636884,1.028103232383728,6000,0.0,0.0
2001-11-09 00:00:00-05:00,1.028103232383728,1.028103232383728,1.028103232383728,1.028103232383728,1500,0.0,0.0
2001-11-12 00:00:00-05:00,1.0478744302610097,1.0478744302610097,1.028103232383728,1.028103232383728,4000,0.0,0.0
2001-11-13 00:00:00-05:00,1.028103232383728,1.028103232383728,1.028103232383728,1.028103232383728,2500,0.0,0.0
2001-11-14 00:00:00-05:00,1.028103232383728,1.028103232383728,1.028103232383728,1.028103232383728,1000,0.0,0.0
2001-11-15 00:00:00-05:00,1.028103232383728,1.028103232383728,1.028103232383728,1.028103232383728,1500,0.0,0.0
2001-11-16 00:00:00-05:00,1.028103232383728,1.028103232383728,1.028103232383728,1.028103232383728,0,0.0,0.0
2001-11-19 00:00:00-05:00,1.008331996312944,1.0360116958618164,1.008331996312944,1.0360116958618164,12500,0.0,0.0
2001-11-20 00:00:00-05:00,1.0083320343861937,1.0083320343861937,0.9885608365112698,1.004377841949463,23500,0.0,0.0
2001-11-21 00:00:00-05:00,0.9984464049339294,0.9984464049339294,0.9984464049339294,0.9984464049339294,13500,0.0,0.0
2001-11-23 00:00:00-05:00,0.9984463841640768,0.9984463841640768,0.9905378818511963,0.9905378818511963,27500,0.0,0.0
2001-11-26 00:00:00-05:00,0.9984464253773396,1.0063549280166626,0.9984464253773396,1.0063549280166626,1000,0.0,0.0
2001-11-27 00:00:00-05:00,1.0063549280166626,1.0063549280166626,1.0063549280166626,1.0063549280166626,0,0.0,0.0
2001-11-28 00:00:00-05:00,0.9984463943141861,0.9984463943141861,0.9806522933907189,0.9885607957839966,20500,0.0,0.0
2001-11-29 00:00:00-05:00,0.9885607741110515,0.9885607741110515,0.9687895774841309,0.9687895774841309,53500,0.0,0.0
2001-11-30 00:00:00-05:00,0.9687896267550673,0.9687896267550673,0.9589040279388428,0.9589040279388428,32000,0.0,0.0
2001-12-03 00:00:00-05:00,0.9589040279388428,0.9589040279388428,0.9589040279388428,0.9589040279388428,13000,0.0,0.0
2001-12-04 00:00:00-05:00,0.9589040279388428,0.9589040279388428,0.9490183701998015,0.9589040279388428,16500,0.0,0.0
2001-12-05 00:00:00-05:00,0.9786752072427999,0.9865837097167969,0.9589040099806232,0.9865837097167969,7000,0.0,0.0
2001-12-06 00:00:00-05:00,0.9846065640449524,0.9846065640449524,0.9846065640449524,0.9846065640449524,500,0.0,0.0
2001-12-07 00:00:00-05:00,0.9846065230011046,0.9846065230011046,0.9687895774841309,0.9687895774841309,29500,0.0,0.0
2001-12-10 00:00:00-05:00,0.9589040281431057,0.9707667231559753,0.9589040281431057,0.9707667231559753,8000,0.0,0.0
2001-12-11 00:00:00-05:00,0.9707667231559753,0.9707667231559753,0.9707667231559753,0.9707667231559753,0,0.0,0.0
2001-12-12 00:00:00-05:00,0.9589040279388428,0.9589040279388428,0.9589040279388428,0.9589040279388428,6500,0.0,0.0
2001-12-13 00:00:00-05:00,0.9589040279388428,0.9589040279388428,0.9589040279388428,0.9589040279388428,11000,0.0,0.0
2001-12-14 00:00:00-05:00,0.9589040279388428,0.9589040279388428,0.9589040279388428,0.9589040279388428,0,0.0,0.0
2001-12-17 00:00:00-05:00,0.9589040279388428,0.9589040279388428,0.9589040279388428,0.9589040279388428,6000,0.0,0.0
2001-12-18 00:00:00-05:00,0.9846065640449524,0.9846065640449524,0.9846065640449524,0.9846065640449524,500,0.0,0.0
2001-12-19 00:00:00-05:00,0.9786752257797663,0.9786752257797663,0.9707667231559753,0.9707667231559753,1500,0.0,0.0
2001-12-20 00:00:00-05:00,0.9786751866340637,0.9786751866340637,0.9786751866340637,0.9786751866340637,500,0.0,0.0
2001-12-21 00:00:00-05:00,0.9786751757975911,0.9846065230011046,0.9628581713578036,0.9687895774841309,12000,0.0,0.0
2001-12-24 00:00:00-05:00,0.9687895774841309,0.9687895774841309,0.9687895774841309,0.9687895774841309,2500,0.0,0.0
2001-12-26 00:00:00-05:00,0.9707667229491854,0.9846065730764632,0.9589040279388428,0.9589040279388428,15500,0.0,0.0
2001-12-27 00:00:00-05:00,0.9589040279388428,0.9589040279388428,0.9589040279388428,0.9589040279388428,0,0.0,0.0
2001-12-28 00:00:00-05:00,0.9589040061401393,0.9589040061401393,0.9292471514428364,0.9391327500343323,29000,0.0,0.0
2001-12-31 00:00:00-05:00,0.9391327500343323,0.9391327500343323,0.9391327500343323,0.9391327500343323,1000,0.0,0.0
2002-01-02 00:00:00-05:00,0.9470412740056834,0.9589040279388428,0.9450641188887484,0.9589040279388428,31000,0.0,0.0
2002-01-03 00:00:00-05:00,0.9589039791706705,0.9786751757975911,0.9391327236209361,0.9687895774841309,39500,0.0,0.0
2002-01-04 00:00:00-05:00,0.9628582203270791,0.9628582203270791,0.9589040279388428,0.9589040279388428,3500,0.0,0.0
2002-01-07 00:00:00-05:00,0.9786751757975911,0.9786751757975911,0.9687895774841309,0.9687895774841309,10000,0.0,0.0
2002-01-08 00:00:00-05:00,0.9687896155100401,0.9846065616478439,0.9490183591842651,0.9490183591842651,6000,0.0,0.0
2002-01-09 00:00:00-05:00,0.9687895882111441,0.9786751866340637,0.9589039897882247,0.9786751866340637,7500,0.0,0.0
2002-01-10 00:00:00-05:00,0.960881124132961,0.960881124132961,0.9391327713835771,0.9589040279388428,47500,0.0,0.0
2002-01-11 00:00:00-05:00,0.9509955053124327,0.9628582000732422,0.9509955053124327,0.9628582000732422,3000,0.0,0.0
2002-01-14 00:00:00-05:00,0.9826294779777527,0.9826294779777527,0.9826294779777527,0.9826294779777527,2500,0.0,0.0
2002-01-15 00:00:00-05:00,0.9589040178327614,0.9608811140060425,0.9391327614858688,0.9608811140060425,17500,0.0,0.0
2002-01-16 00:00:00-05:00,0.9391327221567422,0.9786751742717468,0.9391327221567422,0.9569268226623535,4000,0.0,0.0
2002-01-17 00:00:00-05:00,0.9391327393635714,0.9470412417160351,0.9292471408843994,0.9292471408843994,38500,0.0,0.0
2002-01-18 00:00:00-05:00,0.9292471408843994,0.9490183378427436,0.9292471408843994,0.9292471408843994,4000,0.0,0.0
2002-01-22 00:00:00-05:00,0.9391327500343323,0.9391327500343323,0.9391327500343323,0.9391327500343323,5000,0.0,0.0
2002-01-23 00:00:00-05:00,0.9391327500343323,0.9391327500343323,0.9391327500343323,0.9391327500343323,0,0.0,0.0
2002-01-24 00:00:00-05:00,0.9193615706040147,0.9193615706040147,0.8995903730392456,0.8995903730392456,22500,0.0,0.0
2002-01-25 00:00:00-05:00,0.8916818499565125,0.8916818499565125,0.8916818499565125,0.8916818499565125,1000,0.0,0.0
2002-01-28 00:00:00-05:00,0.889704704284668,0.889704704284668,0.8798191056250542,0.889704704284668,7000,0.0,0.0
2002-01-29 00:00:00-05:00,0.8501622891424068,0.8699334859848022,0.8303910333771969,0.8699334859848022,39500,0.0,0.0
2002-01-30 00:00:00-05:00,0.8501622891424068,0.8699334859848022,0.8501622891424068,0.8699334859848022,13500,0.0,0.0
2002-01-31 00:00:00-05:00,0.8501623077888557,0.867956408906412,0.8501623077888557,0.8541165590286255,15500,0.0,0.0
2002-02-01 00:00:00-05:00,0.8541165567606914,0.8541165567606914,0.8303910493850708,0.8303910493850708,34500,0.0,0.0
2002-02-04 00:00:00-05:00,0.8501623272895813,0.8501623272895813,0.8501623272895813,0.8501623272895813,8000,0.0,0.0
2002-02-05 00:00:00-05:00,0.8402767069196538,0.8402767069196538,0.8303910493850708,0.8303910493850708,19000,0.0,0.0
2002-02-06 00:00:00-05:00,0.8205054183782031,0.8205054183782031,0.7908486237138068,0.8007342219352722,6000,0.0,0.0
2002-02-07 00:00:00-05:00,0.8185283726828787,0.8185283726828787,0.7829401697569237,0.7908486723899841,31000,0.0,0.0
2002-02-08 00:00:00-05:00,0.7908486343757265,0.8106198310852051,0.7908486343757265,0.8106198310852051,7000,0.0,0.0
2002-02-11 00:00:00-05:00,0.8106198593379035,0.8106198593379035,0.751306208219383,0.7809630632400513,31000,0.0,0.0
2002-02-12 00:00:00-05:00,0.7809630735600671,0.7908486723899841,0.7710774158073331,0.7908486723899841,15500,0.0,0.0
2002-02-13 00:00:00-05:00,0.7908486723899841,0.7908486723899841,0.7908486723899841,0.7908486723899841,0,0.0,0.0
2002-02-14 00:00:00-05:00,0.7908486723899841,0.7908486723899841,0.7908486723899841,0.7908486723899841,0,0.0,0.0
2002-02-15 00:00:00-05:00,0.7809630632400513,0.7809630632400513,0.7809630632400513,0.7809630632400513,2500,0.0,0.0
2002-02-19 00:00:00-05:00,0.7908486723899841,0.7908486723899841,0.7908486723899841,0.7908486723899841,20000,0.0,0.0
2002-02-20 00:00:00-05:00,0.7908486723899841,0.7908486723899841,0.7908486723899841,0.7908486723899841,18000,0.0,0.0
2002-02-21 00:00:00-05:00,0.7908486723899841,0.7908486723899841,0.7908486723899841,0.7908486723899841,10000,0.0,0.0
2002-02-22 00:00:00-05:00,0.7908486447807327,0.8205054402351379,0.7908486447807327,0.8205054402351379,27000,0.0,0.0
2002-02-25 00:00:00-05:00,0.8205054402351379,0.8205054402351379,0.8205054402351379,0.8205054402351379,2500,0.0,0.0
2002-02-26 00:00:00-05:00,0.800734264241763,0.8402767181396484,0.7948029167800658,0.8402767181396484,12500,0.0,0.0
2002-02-27 00:00:00-05:00,0.8501622785369903,0.8600478768348694,0.8501622785369903,0.8600478768348694,5000,0.0,0.0
2002-02-28 00:00:00-05:00,0.8600478768348694,0.8600478768348694,0.8600478768348694,0.8600478768348694,253000,0.0,0.0
2002-03-01 00:00:00-05:00,0.8600478768348694,0.8600478768348694,0.8600478768348694,0.8600478768348694,0,0.0,0.0
2002-03-04 00:00:00-05:00,0.869933506574274,0.8798191052294428,0.864002159165736,0.8778420090675354,6500,0.0,0.0
2002-03-05 00:00:00-05:00,0.879819066475534,0.8857504725456238,0.879819066475534,0.8857504725456238,16500,0.0,0.0
2002-03-06 00:00:00-05:00,0.8798190951347351,0.8798190951347351,0.8798190951347351,0.8798190951347351,31000,0.0,0.0
2002-03-07 00:00:00-05:00,0.8798191056250542,0.889704704284668,0.8798191056250542,0.889704704284668,17500,0.0,0.0
2002-03-08 00:00:00-05:00,0.929247169638627,0.929247169638627,0.9114530682563782,0.9114530682563782,26500,0.0,0.0
2002-03-11 00:00:00-05:00,0.9114530294737947,0.9193615317344666,0.9114530294737947,0.9193615317344666,3500,0.0,0.0
2002-03-12 00:00:00-05:00,0.9193615317344666,0.9193615317344666,0.9193615317344666,0.9193615317344666,0,0.0,0.0
2002-03-13 00:00:00-05:00,0.9193615317344666,0.9193615317344666,0.9193615317344666,0.9193615317344666,0,0.0,0.0
2002-03-14 00:00:00-05:00,0.9312242160584108,0.9312242160584108,0.9213386178016663,0.9213386178016663,8000,0.0,0.0
2002-03-15 00:00:00-05:00,0.9193615317344666,0.9193615317344666,0.9193615317344666,0.9193615317344666,5000,0.0,0.0
2002-03-18 00:00:00-05:00,0.9193615317344666,0.9193615317344666,0.9193615317344666,0.9193615317344666,0,0.0,0.0
2002-03-19 00:00:00-05:00,0.9193615317344666,0.9193615317344666,0.9193615317344666,0.9193615317344666,500,0.0,0.0
2002-03-20 00:00:00-05:00,0.9193615317344666,0.9193615317344666,0.9193615317344666,0.9193615317344666,500,0.0,0.0
2002-03-21 00:00:00-05:00,0.9193615317344666,0.9193615317344666,0.9193615317344666,0.9193615317344666,3500,0.0,0.0
2002-03-22 00:00:00-05:00,0.9193615317344666,0.9193615317344666,0.9193615317344666,0.9193615317344666,0,0.0,0.0
2002-03-25 00:00:00-05:00,0.9193615424052273,0.9292471408843994,0.9094759439260551,0.9292471408843994,9000,0.0,0.0
2002-03-26 00:00:00-05:00,0.9292471408843994,0.9292471408843994,0.9292471408843994,0.9292471408843994,0,0.0,0.0
2002-03-27 00:00:00-05:00,0.919361520831733,0.919361520831733,0.9094759225845337,0.9094759225845337,4500,0.0,0.0
2002-03-28 00:00:00-05:00,0.9094759225845337,0.9094759225845337,0.9094759225845337,0.9094759225845337,0,0.0,0.0
2002-04-01 00:00:00-05:00,0.9094759225845337,0.9094759225845337,0.9094759225845337,0.9094759225845337,0,0.0,0.0
2002-04-02 00:00:00-05:00,0.9292471190789322,0.9292471190789322,0.9094759225845337,0.9094759225845337,8500,0.0,0.0
2002-04-03 00:00:00-05:00,0.9114530186648482,0.9114530186648482,0.9094759225845337,0.9094759225845337,16500,0.0,0.0
2002-04-04 00:00:00-05:00,0.9094759514484595,0.9094759514484595,0.903544545173645,0.903544545173645,4500,0.0,0.0
2002-04-05 00:00:00-05:00,0.9094759225845337,0.919361520831733,0.9094759225845337,0.9094759225845337,4500,0.0,0.0
2002-04-08 00:00:00-04:00,0.9292471408843994,0.9292471408843994,0.9292471408843994,0.9292471408843994,1500,0.0,0.0
2002-04-09 00:00:00-04:00,0.9391327500343323,0.9391327500343323,0.9391327500343323,0.9391327500343323,1000,0.0,0.0
2002-04-10 00:00:00-04:00,0.9391327500343323,0.9391327500343323,0.9391327500343323,0.9391327500343323,0,0.0,0.0
2002-04-11 00:00:00-04:00,0.929247169638627,0.929247169638627,0.9114530682563782,0.9114530682563782,12000,0.0,0.0
2002-04-12 00:00:00-04:00,0.9391327500343323,0.9391327500343323,0.9391327500343323,0.9391327500343323,5500,0.0,0.0
2002-04-15 00:00:00-04:00,0.9391327500343323,0.9391327500343323,0.9391327500343323,0.9391327500343323,12000,0.0,0.0
2002-04-16 00:00:00-04:00,0.9391327500343323,0.9391327500343323,0.9391327500343323,0.9391327500343323,6500,0.0,0.0
2002-04-17 00:00:00-04:00,0.9589039897882247,0.9786751866340637,0.9589039897882247,0.9786751866340637,8500,0.0,0.0
2002-04-18 00:00:00-04:00,0.9569268226623535,0.9569268226623535,0.9569268226623535,0.9569268226623535,8000,0.0,0.0
2002-04-19 00:00:00-04:00,0.9391327284633323,0.9391327284633323,0.9193615317344666,0.9193615317344666,8000,0.0,0.0
2002-04-22 00:00:00-04:00,0.9885608366291646,1.028103232383728,0.9885608366291646,1.028103232383728,32500,0.0,0.0
2002-04-23 00:00:00-04:00,1.0379887334676126,1.0478743314743042,1.0379887334676126,1.0478743314743042,1500,0.0,0.0
2002-04-24 00:00:00-04:00,1.0379887819290161,1.0379887819290161,1.0379887819290161,1.0379887819290161,500,0.0,0.0
2002-04-25 00:00:00-04:00,1.0577600967111023,1.0577600967111023,1.0281031834607877,1.0379887819290161,2500,0.0,0.0
2002-04-26 00:00:00-04:00,1.0577600967111023,1.0577600967111023,1.0379887819290161,1.0379887819290161,9000,0.0,0.0
2002-04-29 00:00:00-04:00,1.0281031618899672,1.0281031618899672,0.9984463671075167,1.0182175636291504,16000,0.0,0.0
2002-04-30 00:00:00-04:00,1.028103232383728,1.028103232383728,1.028103232383728,1.028103232383728,1000,0.0,0.0
2002-05-01 00:00:00-04:00,1.004377842069244,1.0360117351037677,1.004377842069244,1.028103232383728,4500,0.0,0.0
2002-05-02 00:00:00-04:00,1.0182176333236554,1.0182176333236554,1.004377841949463,1.004377841949463,1500,0.0,0.0
2002-05-03 00:00:00-04:00,1.0024007150954424,1.0024007150954424,0.9984464049339294,0.9984464049339294,2500,0.0,0.0
2002-05-06 00:00:00-04:00,1.0182175913745652,1.0182175913745652,0.9885607957839966,0.9885607957839966,21000,0.0,0.0
2002-05-07 00:00:00-04:00,0.9984464232037408,0.9984464232037408,0.9589040279388428,0.9589040279388428,10500,0.0,0.0
2002-05-08 00:00:00-04:00,0.9786751866340637,0.9984463834799027,0.9786751866340637,0.9786751866340637,6000,0.0,0.0
2002-05-09 00:00:00-04:00,0.9786751866340637,0.9786751866340637,0.9786751866340637,0.9786751866340637,500,0.0,0.0
2002-05-10 00:00:00-04:00,0.9786751866340637,0.9786751866340637,0.9786751866340637,0.9786751866340637,0,0.0,0.0
2002-05-13 00:00:00-04:00,0.9707667231559753,0.9707667231559753,0.968789626961436,0.9707667231559753,4500,0.0,0.0
2002-05-14 00:00:00-04:00,0.9292471617813063,0.9490183591842651,0.9292471617813063,0.9490183591842651,16000,0.0,0.0
2002-05-15 00:00:00-04:00,0.9490183591842651,0.9490183591842651,0.9490183591842651,0.9490183591842651,0,0.0,0.0
2002-05-16 00:00:00-04:00,0.9687896155100401,0.9687896155100401,0.9490183591842651,0.9490183591842651,6000,0.0,0.0
2002-05-17 00:00:00-04:00,0.9470412194930163,0.9470412194930163,0.9094759225845337,0.9094759225845337,9500,0.0,0.0
2002-05-20 00:00:00-04:00,0.9094759225845337,0.9094759225845337,0.9094759225845337,0.9094759225845337,10000,0.0,0.0
2002-05-21 00:00:00-04:00,0.8995903805362438,0.8995903805362438,0.8402767284248122,0.8501623272895813,24500,0.0,0.0
2002-05-22 00:00:00-04:00,0.8600478992260282,0.8916818499565125,0.8600478992260282,0.8916818499565125,18000,0.0,0.0
2002-05-23 00:00:00-04:00,0.8897046768459336,0.9094759324782261,0.8106198310852051,0.8106198310852051,28000,0.0,0.0
2002-05-24 00:00:00-04:00,0.830391021539476,0.8501622770228348,0.830391021539476,0.848185122013092,18500,0.0,0.0
2002-05-28 00:00:00-04:00,0.8699334801364549,0.8798190784911942,0.7809630360209872,0.8106198310852051,34000,0.0,0.0
2002-05-29 00:00:00-04:00,0.794802885502185,0.8303910277946837,0.794802885502185,0.8106198310852051,20500,0.0,0.0
2002-05-30 00:00:00-04:00,0.8106198310852051,0.8106198310852051,0.8106198310852051,0.8106198310852051,0,0.0,0.0
2002-05-31 00:00:00-04:00,0.8106198310852051,0.8106198310852051,0.8106198310852051,0.8106198310852051,10000,0.0,0.0
2002-06-03 00:00:00-04:00,0.8106198310852051,0.8106198310852051,0.8106198310852051,0.8106198310852051,2000,0.0,0.0
2002-06-04 00:00:00-04:00,0.7948028959592163,0.8205054402351379,0.7908486447807327,0.8205054402351379,10000,0.0,0.0
2002-06-05 00:00:00-04:00,0.8007342219352722,0.8007342219352722,0.8007342219352722,0.8007342219352722,1500,0.0,0.0
2002-06-06 00:00:00-04:00,0.800734264241763,0.8402767181396484,0.800734264241763,0.8402767181396484,5500,0.0,0.0
2002-06-07 00:00:00-04:00,0.8501623272895813,0.8501623272895813,0.8501623272895813,0.8501623272895813,500,0.0,0.0
2002-06-10 00:00:00-04:00,0.8501623272895813,0.8501623272895813,0.8501623272895813,0.8501623272895813,5000,0.0,0.0
2002-06-11 00:00:00-04:00,0.8501623272895813,0.8501623272895813,0.8501623272895813,0.8501623272895813,0,0.0,0.0
2002-06-12 00:00:00-04:00,0.8402766737439472,0.8402766737439472,0.8007342219352722,0.8007342219352722,18000,0.0,0.0
2002-06-13 00:00:00-04:00,0.8106198629855302,0.8442309104989023,0.8106198629855302,0.8402767181396484,27000,0.0,0.0
2002-06-14 00:00:00-04:00,0.8303910493850708,0.8303910493850708,0.8205054507733034,0.8303910493850708,10000,0.0,0.0
2002-06-17 00:00:00-04:00,0.8323682145952845,0.860047914614363,0.8284139633178711,0.8284139633178711,20500,0.0,0.0
2002-06-18 00:00:00-04:00,0.8303910182370868,0.8501622736418172,0.8106198217551699,0.8125969767570496,12500,0.0,0.0
2002-06-19 00:00:00-04:00,0.8106198310852051,0.8106198310852051,0.8106198310852051,0.8106198310852051,500,0.0,0.0
2002-06-20 00:00:00-04:00,0.8106198310852051,0.8106198310852051,0.8106198310852051,0.8106198310852051,0,0.0,0.0
2002-06-21 00:00:00-04:00,0.7908486723899841,0.8027113674167579,0.7908486723899841,0.7908486723899841,15500,0.0,0.0
2002-06-24 00:00:00-04:00,0.7849173171119548,0.8284139633178711,0.7849173171119548,0.8284139633178711,14000,0.0,0.0
2002-06-25 00:00:00-04:00,0.8284139633178711,0.8284139633178711,0.8284139633178711,0.8284139633178711,0,0.0,0.0
2002-06-26 00:00:00-04:00,0.8106198521615359,0.8303910493850708,0.8106198521615359,0.8303910493850708,13000,0.0,0.0
2002-06-27 00:00:00-04:00,0.8303910493850708,0.8303910493850708,0.8303910493850708,0.8303910493850708,5000,0.0,0.0
2002-06-28 00:00:00-04:00,0.8125969767570496,0.8125969767570496,0.8125969767570496,0.8125969767570496,1000,0.0,0.0
2002-07-01 00:00:00-04:00,0.8106198310852051,0.8106198310852051,0.8106198310852051,0.8106198310852051,3500,0.0,0.0
2002-07-02 00:00:00-04:00,0.8106198310852051,0.8106198310852051,0.8106198310852051,0.8106198310852051,0,0.0,0.0
2002-07-03 00:00:00-04:00,0.8106198310852051,0.8106198310852051,0.8106198310852051,0.8106198310852051,1000,0.0,0.0
2002-07-05 00:00:00-04:00,0.8106198310852051,0.8106198310852051,0.8106198310852051,0.8106198310852051,0,0.0,0.0
2002-07-08 00:00:00-04:00,0.8106198310852051,0.8106198310852051,0.8106198310852051,0.8106198310852051,0,0.0,0.0
2002-07-09 00:00:00-04:00,0.8303910277946837,0.8303910277946837,0.8106198310852051,0.8106198310852051,4000,0.0,0.0
2002-07-10 00:00:00-04:00,0.8106198310852051,0.8106198310852051,0.8106198310852051,0.8106198310852051,0,0.0,0.0
2002-07-11 00:00:00-04:00,0.7908486723899841,0.7908486723899841,0.7908486723899841,0.7908486723899841,5000,0.0,0.0
2002-07-12 00:00:00-04:00,0.8106198629855302,0.8402767181396484,0.7928257616776225,0.8402767181396484,8500,0.0,0.0
2002-07-15 00:00:00-04:00,0.8501622849179205,0.8501622849179205,0.8224825859069824,0.8224825859069824,1500,0.0,0.0
2002-07-16 00:00:00-04:00,0.8323681950569153,0.8323681950569153,0.8323681950569153,0.8323681950569153,1000,0.0,0.0
2002-07-17 00:00:00-04:00,0.8422538030728811,0.8600479041431889,0.8303910493850708,0.8303910493850708,44500,0.0,0.0
2002-07-18 00:00:00-04:00,0.8106198310852051,0.8106198310852051,0.8106198310852051,0.8106198310852051,1000,0.0,0.0
2002-07-19 00:00:00-04:00,0.8125970253621949,0.8125970253621949,0.8027113676071167,0.8027113676071167,6000,0.0,0.0
2002-07-22 00:00:00-04:00,0.8086427514923434,0.8106198476345294,0.7710773944854736,0.7710773944854736,40000,0.0,0.0
2002-07-23 00:00:00-04:00,0.7710773944854736,0.7710773944854736,0.7710773944854736,0.7710773944854736,0,0.0,0.0
2002-07-24 00:00:00-04:00,0.7631689720970897,0.7908486723899841,0.7631689720970897,0.7908486723899841,23000,0.0,0.0
2002-07-25 00:00:00-04:00,0.7710774158073331,0.7908486723899841,0.7611918169774161,0.7908486723899841,8000,0.0,0.0
2002-07-26 00:00:00-04:00,0.7908486723899841,0.7908486723899841,0.7908486723899841,0.7908486723899841,15000,0.0,0.0
2002-07-29 00:00:00-04:00,0.800734250305463,0.800734250305463,0.782940149307251,0.782940149307251,2000,0.0,0.0
2002-07-30 00:00:00-04:00,0.7809630254923414,0.8007342219352722,0.7611917701265972,0.8007342219352722,17000,0.0,0.0
2002-07-31 00:00:00-04:00,0.8007342219352722,0.8007342219352722,0.8007342219352722,0.8007342219352722,0,0.0,0.0
2002-08-01 00:00:00-04:00,0.8007342219352722,0.8007342219352722,0.8007342219352722,0.8007342219352722,0,0.0,0.0
2002-08-02 00:00:00-04:00,0.7809630424755984,0.7809630424755984,0.7730545401573181,0.7730545401573181,20000,0.0,0.0
2002-08-05 00:00:00-04:00,0.7829401313772992,0.7987571358680725,0.7829401313772992,0.7987571358680725,11000,0.0,0.0
2002-08-06 00:00:00-04:00,0.7967799808453189,0.7987571358680725,0.7967799808453189,0.7987571358680725,5000,0.0,0.0
2002-08-07 00:00:00-04:00,0.7948028747869557,0.8106198201567377,0.7948028747869557,0.8007342219352722,17000,0.0,0.0
2002-08-08 00:00:00-04:00,0.7908486237138068,0.8007342219352722,0.7908486237138068,0.8007342219352722,10500,0.0,0.0
2002-08-09 00:00:00-04:00,0.7908486343757265,0.8106198310852051,0.7908486343757265,0.8106198310852051,7500,0.0,0.0
2002-08-12 00:00:00-04:00,0.8106198310852051,0.8106198310852051,0.8106198310852051,0.8106198310852051,0,0.0,0.0
2002-08-13 00:00:00-04:00,0.8106198310852051,0.8106198310852051,0.8106198310852051,0.8106198310852051,0,0.0,0.0
2002-08-14 00:00:00-04:00,0.8007342712199012,0.8007342712199012,0.7908486723899841,0.7908486723899841,5000,0.0,0.0
2002-08-15 00:00:00-04:00,0.7928257685868408,0.7928257685868408,0.7908486723899841,0.7908486723899841,1000,0.0,0.0
2002-08-16 00:00:00-04:00,0.7908486395153072,0.7908486395153072,0.7611917853355408,0.7611917853355408,15000,0.0,0.0
2002-08-19 00:00:00-04:00,0.7611917853355408,0.7611917853355408,0.7611917853355408,0.7611917853355408,2000,0.0,0.0
2002-08-20 00:00:00-04:00,0.7552604497373246,0.782940149307251,0.7552604497373246,0.782940149307251,7000,0.0,0.0
2002-08-21 00:00:00-04:00,0.782940149307251,0.782940149307251,0.782940149307251,0.782940149307251,0,0.0,0.0
2002-08-22 00:00:00-04:00,0.7710774056179511,0.7809630632400513,0.7611918069186671,0.7809630632400513,7000,0.0,0.0
2002-08-23 00:00:00-04:00,0.7611917853355408,0.7611917853355408,0.7433976846122438,0.7611917853355408,11500,0.0,0.0
2002-08-26 00:00:00-04:00,0.7552604480638538,0.7592146992683411,0.7552604480638538,0.7592146992683411,8000,0.0,0.0
2002-08-27 00:00:00-04:00,0.7592146992683411,0.7592146992683411,0.7592146992683411,0.7592146992683411,0,0.0,0.0
2002-08-28 00:00:00-04:00,0.7592146992683411,0.7592146992683411,0.7592146992683411,0.7592146992683411,0,0.0,0.0
2002-08-29 00:00:00-04:00,0.7592146992683411,0.7592146992683411,0.7592146992683411,0.7592146992683411,0,0.0,0.0
2002-08-30 00:00:00-04:00,0.7592146992683411,0.7592146992683411,0.7592146992683411,0.7592146992683411,0,0.0,0.0
2002-09-03 00:00:00-04:00,0.7532833701807863,0.7532833701807863,0.7216494187009735,0.731535017490387,49500,0.0,0.0
2002-09-04 00:00:00-04:00,0.731535017490387,0.731535017490387,0.7275807661900583,0.731535017490387,9000,0.0,0.0
2002-09-05 00:00:00-04:00,0.731535017490387,0.731535017490387,0.731535017490387,0.731535017490387,500,0.0,0.0
2002-09-06 00:00:00-04:00,0.7414206266403198,0.7414206266403198,0.7414206266403198,0.7414206266403198,2000,0.0,0.0
2002-09-09 00:00:00-04:00,0.731535017490387,0.731535017490387,0.731535017490387,0.731535017490387,1000,0.0,0.0
2002-09-10 00:00:00-04:00,0.7572375556543902,0.7809630632400513,0.7572375556543902,0.7809630632400513,5500,0.0,0.0
2002-09-11 00:00:00-04:00,0.7809630632400513,0.7809630632400513,0.7809630632400513,0.7809630632400513,0,0.0,0.0
2002-09-12 00:00:00-04:00,0.7809630632400513,0.7809630632400513,0.7809630632400513,0.7809630632400513,0,0.0,0.0
2002-09-13 00:00:00-04:00,0.7809630632400513,0.7809630632400513,0.7809630632400513,0.7809630632400513,0,0.0,0.0
2002-09-16 00:00:00-04:00,0.7868943710423429,0.79084862210746,0.7868943710423429,0.7888714671134949,7000,0.0,0.0
2002-09-17 00:00:00-04:00,0.7908486723899841,0.7908486723899841,0.7908486723899841,0.7908486723899841,500,0.0,0.0
2002-09-18 00:00:00-04:00,0.7710773944854736,0.7710773944854736,0.7513061973723534,0.7710773944854736,20500,0.0,0.0
2002-09-19 00:00:00-04:00,0.7710773944854736,0.7710773944854736,0.7710773944854736,0.7710773944854736,1000,0.0,0.0
2002-09-20 00:00:00-04:00,0.7908486622855878,0.7928257584571838,0.7908486622855878,0.7928257584571838,5000,0.0,0.0
2002-09-23 00:00:00-04:00,0.790848653382996,0.8066655993461609,0.790848653382996,0.8066655993461609,3500,0.0,0.0
2002-09-24 00:00:00-04:00,0.786894421073454,0.806665618733288,0.786894421073454,0.7908486723899841,8500,0.0,0.0
2002-09-25 00:00:00-04:00,0.7928257584571838,0.7928257584571838,0.7928257584571838,0.7928257584571838,500,0.0,0.0
2002-09-26 00:00:00-04:00,0.7928257584571838,0.7928257584571838,0.7928257584571838,0.7928257584571838,0,0.0,0.0
2002-09-27 00:00:00-04:00,0.7928257584571838,0.7928257584571838,0.7928257584571838,0.7928257584571838,3000,0.0,0.0
2002-09-30 00:00:00-04:00,0.7928257584571838,0.7928257584571838,0.7928257584571838,0.7928257584571838,0,0.0,0.0
2002-10-01 00:00:00-04:00,0.7928257213523193,0.8125969767570496,0.7928257213523193,0.8125969767570496,8500,0.0,0.0
2002-10-02 00:00:00-04:00,0.7928257584571838,0.7928257584571838,0.7928257584571838,0.7928257584571838,3500,0.0,0.0
2002-10-03 00:00:00-04:00,0.8007342219352722,0.8007342219352722,0.8007342219352722,0.8007342219352722,1000,0.0,0.0
2002-10-04 00:00:00-04:00,0.8007342219352722,0.8007342219352722,0.8007342219352722,0.8007342219352722,0,0.0,0.0
2002-10-07 00:00:00-04:00,0.7928257685868408,0.7928257685868408,0.7908486723899841,0.7908486723899841,6500,0.0,0.0
2002-10-08 00:00:00-04:00,0.7710774126480403,0.7710774126480403,0.731535017490387,0.731535017490387,10500,0.0,0.0
2002-10-09 00:00:00-04:00,0.731535017490387,0.731535017490387,0.731535017490387,0.731535017490387,0,0.0,0.0
2002-10-10 00:00:00-04:00,0.731535017490387,0.731535017490387,0.731535017490387,0.731535017490387,0,0.0,0.0
2002-10-11 00:00:00-04:00,0.731535017490387,0.731535017490387,0.731535017490387,0.731535017490387,0,0.0,0.0
2002-10-14 00:00:00-04:00,0.731535017490387,0.731535017490387,0.731535017490387,0.731535017490387,0,0.0,0.0
2002-10-15 00:00:00-04:00,0.7117638199115602,0.731535017490387,0.7117638199115602,0.731535017490387,12500,0.0,0.0
2002-10-16 00:00:00-04:00,0.7394435009731909,0.7473519444465637,0.7394435009731909,0.7473519444465637,1500,0.0,0.0
2002-10-17 00:00:00-04:00,0.7473519444465637,0.7473519444465637,0.7473519444465637,0.7473519444465637,0,0.0,0.0
2002-10-18 00:00:00-04:00,0.731534998577003,0.7473519444465637,0.731534998577003,0.7473519444465637,9500,0.0,0.0
2002-10-21 00:00:00-04:00,0.7473519742122884,0.7473519742122884,0.7236265250015965,0.7414206266403198,24500,0.0,0.0
2002-10-22 00:00:00-04:00,0.7414206266403198,0.7414206266403198,0.7414206266403198,0.7414206266403198,0,0.0,0.0
2002-10-23 00:00:00-04:00,0.731535017490387,0.731535017490387,0.731535017490387,0.731535017490387,17000,0.0,0.0
2002-10-24 00:00:00-04:00,0.7354892492294312,0.7354892492294312,0.7176951483126176,0.7354892492294312,25000,0.0,0.0
2002-10-25 00:00:00-04:00,0.735489249775097,0.7473519444465637,0.735489249775097,0.7473519444465637,4500,0.0,0.0
2002-10-28 00:00:00-05:00,0.7473519444465637,0.7473519444465637,0.7473519444465637,0.7473519444465637,0,0.0,0.0
2002-10-29 00:00:00-05:00,0.7473519444465637,0.7473519444465637,0.7473519444465637,0.7473519444465637,0,0.0,0.0
2002-10-30 00:00:00-05:00,0.7473519444465637,0.7473519444465637,0.7473519444465637,0.7473519444465637,0,0.0,0.0
2002-10-31 00:00:00-05:00,0.7473519444465637,0.7473519444465637,0.7473519444465637,0.7473519444465637,0,0.0,0.0
2002-11-01 00:00:00-05:00,0.7414206266403198,0.7414206266403198,0.7414206266403198,0.7414206266403198,1000,0.0,0.0
2002-11-04 00:00:00-05:00,0.7315349796300331,0.7513061761856079,0.7216493813522457,0.7513061761856079,10500,0.0,0.0
2002-11-05 00:00:00-05:00,0.7513061761856079,0.7513061761856079,0.7513061761856079,0.7513061761856079,0,0.0,0.0
2002-11-06 00:00:00-05:00,0.7453748779959046,0.7453748779959046,0.7414206266403198,0.7414206266403198,2000,0.0,0.0
2002-11-07 00:00:00-05:00,0.7592146980408456,0.7592146980408456,0.7335120947146425,0.7473519444465637,3500,0.0,0.0
2002-11-08 00:00:00-05:00,0.745374858379364,0.745374858379364,0.745374858379364,0.745374858379364,500,0.0,0.0
2002-11-11 00:00:00-05:00,0.7414206266403198,0.7414206266403198,0.7414206266403198,0.7414206266403198,3000,0.0,0.0
2002-11-12 00:00:00-05:00,0.731535017490387,0.731535017490387,0.7117638199115602,0.731535017490387,9000,0.0,0.0
2002-11-13 00:00:00-05:00,0.7414205779078205,0.7513061761856079,0.7414205779078205,0.7513061761856079,11000,0.0,0.0
2002-11-14 00:00:00-05:00,0.7513061761856079,0.7513061761856079,0.7513061761856079,0.7513061761856079,0,0.0,0.0
2002-11-15 00:00:00-05:00,0.7513061761856079,0.7513061761856079,0.7513061761856079,0.7513061761856079,0,0.0,0.0
2002-11-18 00:00:00-05:00,0.7513061761856079,0.7513061761856079,0.7513061761856079,0.7513061761856079,0,0.0,0.0
2002-11-19 00:00:00-05:00,0.7611917853355408,0.7611917853355408,0.7611917853355408,0.7611917853355408,2000,0.0,0.0
2002-11-20 00:00:00-05:00,0.7611917853355408,0.7611917853355408,0.7611917853355408,0.7611917853355408,3000,0.0,0.0
2002-11-21 00:00:00-05:00,0.7691002983432876,0.7710773944854736,0.7691002983432876,0.7710773944854736,5500,0.0,0.0
2002-11-22 00:00:00-05:00,0.7908486723899841,0.7908486723899841,0.7908486723899841,0.7908486723899841,11000,0.0,0.0
2002-11-25 00:00:00-05:00,0.7908486723899841,0.7908486723899841,0.7908486723899841,0.7908486723899841,0,0.0,0.0
2002-11-26 00:00:00-05:00,0.7908486723899841,0.7908486723899841,0.7908486723899841,0.7908486723899841,0,0.0,0.0
2002-11-27 00:00:00-05:00,0.7908486723899841,0.7908486723899841,0.7908486723899841,0.7908486723899841,0,0.0,0.0
2002-11-29 00:00:00-05:00,0.7908486723899841,0.7908486723899841,0.7908486723899841,0.7908486723899841,0,0.0,0.0
2002-12-02 00:00:00-05:00,0.7710774149440012,0.7789859175682068,0.7611918161251524,0.7789859175682068,12000,0.0,0.0
2002-12-03 00:00:00-05:00,0.7631689310073853,0.7631689310073853,0.7631689310073853,0.7631689310073853,15500,0.0,0.0
2002-12-04 00:00:00-05:00,0.7611917853355408,0.7611917853355408,0.7611917853355408,0.7611917853355408,1000,0.0,0.0
2002-12-05 00:00:00-05:00,0.7611917853355408,0.7611917853355408,0.7611917853355408,0.7611917853355408,0,0.0,0.0
2002-12-06 00:00:00-05:00,0.7611917744633954,0.7611917744633954,0.7513061761856079,0.7513061761856079,3500,0.0,0.0
2002-12-09 00:00:00-05:00,0.7592146783769633,0.7592146783769633,0.7414205779078205,0.7513061761856079,7000,0.0,0.0
2002-12-10 00:00:00-05:00,0.7513061761856079,0.7513061761856079,0.7513061761856079,0.7513061761856079,0,0.0,0.0
2002-12-11 00:00:00-05:00,0.7513061761856079,0.7513061761856079,0.7513061761856079,0.7513061761856079,0,0.0,0.0
2002-12-12 00:00:00-05:00,0.7513061761856079,0.7513061761856079,0.7513061761856079,0.7513061761856079,0,0.0,0.0
2002-12-13 00:00:00-05:00,0.7513061761856079,0.7513061761856079,0.7513061761856079,0.7513061761856079,0,0.0,0.0
2002-12-16 00:00:00-05:00,0.7513061761856079,0.7513061761856079,0.7513061761856079,0.7513061761856079,0,0.0,0.0
2002-12-17 00:00:00-05:00,0.7473519250899303,0.7513061761856079,0.7473519250899303,0.7513061761856079,1000,0.0,0.0
2002-12-18 00:00:00-05:00,0.741420582726926,0.741420582726926,0.6919925320939015,0.7018781304359436,18500,0.0,0.0
2002-12-19 00:00:00-05:00,0.7018781304359436,0.7018781304359436,0.7018781304359436,0.7018781304359436,1000,0.0,0.0
2002-12-20 00:00:00-05:00,0.7018781304359436,0.7018781304359436,0.7018781304359436,0.7018781304359436,5000,0.0,0.0
2002-12-23 00:00:00-05:00,0.6741984252929003,0.6781526763778213,0.6326788772854509,0.6425644755363464,34500,0.0,0.0
2002-12-24 00:00:00-05:00,0.6366331396704915,0.6524501442909241,0.6366331396704915,0.6524501442909241,7500,0.0,0.0
2002-12-26 00:00:00-05:00,0.6445416705270935,0.6445416705270935,0.6346560716629028,0.6346560716629028,23000,0.0,0.0
2002-12-27 00:00:00-05:00,0.6346560716629028,0.6346560716629028,0.6346560716629028,0.6346560716629028,0,0.0,0.0
2002-12-30 00:00:00-05:00,0.6524501243140999,0.6682670695274322,0.6524501243140999,0.6564043164253235,30500,0.0,0.0
2002-12-31 00:00:00-05:00,0.6524501733381726,0.6524501733381726,0.6465187668800354,0.6465187668800354,4000,0.0,0.0
2003-01-02 00:00:00-05:00,0.6425644755363464,0.6425644755363464,0.6425644755363464,0.6425644755363464,1000,0.0,0.0
2003-01-03 00:00:00-05:00,0.6425644755363464,0.6425644755363464,0.6425644755363464,0.6425644755363464,7500,0.0,0.0
2003-01-06 00:00:00-05:00,0.638610303401947,0.6425644956880635,0.638610303401947,0.638610303401947,3500,0.0,0.0
2003-01-07 00:00:00-05:00,0.6524501750629081,0.6821069717407227,0.6524501750629081,0.6821069717407227,56000,0.0,0.0
2003-01-08 00:00:00-05:00,0.680129854952337,0.680129854952337,0.6741984486579895,0.6741984486579895,9000,0.0,0.0
2003-01-09 00:00:00-05:00,0.6741984486579895,0.6741984486579895,0.6741984486579895,0.6741984486579895,0,0.0,0.0
2003-01-10 00:00:00-05:00,0.6919925298148749,0.6919925298148749,0.6741984292886771,0.6781526803970337,13500,0.0,0.0
2003-01-13 00:00:00-05:00,0.6781526803970337,0.6781526803970337,0.6781526803970337,0.6781526803970337,0,0.0,0.0
2003-01-14 00:00:00-05:00,0.6821069717407227,0.6821069717407227,0.6821069717407227,0.6821069717407227,2500,0.0,0.0
2003-01-15 00:00:00-05:00,0.6722213418263041,0.6722213418263041,0.6643128395080566,0.6643128395080566,15000,0.0,0.0
2003-01-16 00:00:00-05:00,0.6643128395080566,0.6643128395080566,0.6643128395080566,0.6643128395080566,0,0.0,0.0
2003-01-17 00:00:00-05:00,0.6643128395080566,0.6643128395080566,0.6643128395080566,0.6643128395080566,1000,0.0,0.0
2003-01-21 00:00:00-05:00,0.6643128395080566,0.6643128395080566,0.6643128395080566,0.6643128395080566,12500,0.0,0.0
2003-01-22 00:00:00-05:00,0.6623357534408569,0.6623357534408569,0.6623357534408569,0.6623357534408569,1000,0.0,0.0
2003-01-23 00:00:00-05:00,0.6623357534408569,0.6623357534408569,0.6623357534408569,0.6623357534408569,0,0.0,0.0
2003-01-24 00:00:00-05:00,0.664312849589014,0.664312849589014,0.6623357534408569,0.6623357534408569,5500,0.0,0.0
2003-01-27 00:00:00-05:00,0.6623357534408569,0.6623357534408569,0.6623357534408569,0.6623357534408569,0,0.0,0.0
2003-01-28 00:00:00-05:00,0.6623357534408569,0.6623357534408569,0.6623357534408569,0.6623357534408569,0,0.0,0.0
2003-01-29 00:00:00-05:00,0.6623357534408569,0.6623357534408569,0.6623357534408569,0.6623357534408569,5500,0.0,0.0
2003-01-30 00:00:00-05:00,0.6623357534408569,0.6623357534408569,0.6623357534408569,0.6623357534408569,500,0.0,0.0
2003-01-31 00:00:00-05:00,0.6722213625907898,0.6722213625907898,0.6722213625907898,0.6722213625907898,500,0.0,0.0
2003-02-03 00:00:00-05:00,0.6702441861046889,0.6702441861046889,0.6425644869417465,0.6524501442909241,9500,0.0,0.0
2003-02-04 00:00:00-05:00,0.6524501442909241,0.6524501442909241,0.6524501442909241,0.6524501442909241,500,0.0,0.0
2003-02-05 00:00:00-05:00,0.6326789165363744,0.6346560716629028,0.6326789165363744,0.6346560716629028,6000,0.0,0.0
2003-02-06 00:00:00-05:00,0.6227933168411255,0.6227933168411255,0.6227933168411255,0.6227933168411255,1000,0.0,0.0
2003-02-07 00:00:00-05:00,0.612907675732621,0.612907675732621,0.5951135754585266,0.5951135754585266,24000,0.0,0.0
2003-02-10 00:00:00-05:00,0.5733652224955386,0.5832508206367493,0.5733652224955386,0.5832508206367493,28500,0.0,0.0
2003-02-11 00:00:00-05:00,0.5832508206367493,0.5832508206367493,0.5832508206367493,0.5832508206367493,0,0.0,0.0
2003-02-12 00:00:00-05:00,0.5812737524850344,0.5812737524850344,0.5535940527915955,0.5535940527915955,11000,0.0,0.0
2003-02-13 00:00:00-05:00,0.5535940527915955,0.5535940527915955,0.5535940527915955,0.5535940527915955,0,0.0,0.0
2003-02-14 00:00:00-05:00,0.5535940629145878,0.5535940629145878,0.5516169667243958,0.5516169667243958,5000,0.0,0.0
2003-02-18 00:00:00-05:00,0.5496398210525513,0.5496398210525513,0.5496398210525513,0.5496398210525513,500,0.0,0.0
2003-02-19 00:00:00-05:00,0.549639819509225,0.549639819509225,0.514051616191864,0.514051616191864,7500,0.0,0.0
2003-02-20 00:00:00-05:00,0.5338228729919632,0.5338228729919632,0.514051616191864,0.514051616191864,7000,0.0,0.0
2003-02-21 00:00:00-05:00,0.5160287713332826,0.5160287713332826,0.514051616191864,0.514051616191864,17500,0.0,0.0
2003-02-24 00:00:00-05:00,0.5140515860113608,0.5140515860113608,0.5081202387809753,0.5081202387809753,12000,0.0,0.0
2003-02-25 00:00:00-05:00,0.5199829772048249,0.5496397714263502,0.5199829772048249,0.5476626753807068,9500,0.0,0.0
2003-02-26 00:00:00-05:00,0.5456855287934136,0.5535940309430782,0.5338228344917297,0.5338228344917297,34000,0.0,0.0
2003-02-27 00:00:00-05:00,0.5338228644192495,0.5397542119026184,0.5338228644192495,0.5397542119026184,80500,0.0,0.0
2003-02-28 00:00:00-05:00,0.5397542119026184,0.5397542119026184,0.5397542119026184,0.5397542119026184,500,0.0,0.0
2003-03-03 00:00:00-05:00,0.5456855514194262,0.577319502406925,0.5456855514194262,0.5654568076133728,11500,0.0,0.0
2003-03-04 00:00:00-05:00,0.5634796340403699,0.5812737345695496,0.5634796340403699,0.5812737345695496,3500,0.0,0.0
2003-03-05 00:00:00-05:00,0.5812737345695496,0.5812737345695496,0.5812737345695496,0.5812737345695496,0,0.0,0.0
2003-03-06 00:00:00-05:00,0.5812737345695496,0.5812737345695496,0.5812737345695496,0.5812737345695496,0,0.0,0.0
2003-03-07 00:00:00-05:00,0.5812737345695496,0.5812737345695496,0.5812737345695496,0.5812737345695496,0,0.0,0.0
2003-03-10 00:00:00-05:00,0.5832508604625952,0.5832508604625952,0.5733652616463707,0.5753424167633057,4500,0.0,0.0
2003-03-11 00:00:00-05:00,0.5753424167633057,0.5753424167633057,0.5753424167633057,0.5753424167633057,0,0.0,0.0
2003-03-12 00:00:00-05:00,0.5773195120469803,0.5773195120469803,0.5634796619415283,0.5634796619415283,5000,0.0,0.0
2003-03-13 00:00:00-05:00,0.5733652710914612,0.5733652710914612,0.5733652710914612,0.5733652710914612,500,0.0,0.0
2003-03-14 00:00:00-05:00,0.5773195028305054,0.5773195028305054,0.5773195028305054,0.5773195028305054,500,0.0,0.0
2003-03-17 00:00:00-05:00,0.5654567875719466,0.5694109797477722,0.5654567875719466,0.5694109797477722,1500,0.0,0.0
2003-03-18 00:00:00-05:00,0.5535940538970049,0.5654568076133728,0.5535940538970049,0.5654568076133728,4000,0.0,0.0
2003-03-19 00:00:00-05:00,0.5733652308464114,0.5733652308464114,0.5694109797477722,0.5694109797477722,3000,0.0,0.0
2003-03-20 00:00:00-05:00,0.5694109797477722,0.5694109797477722,0.5694109797477722,0.5694109797477722,500,0.0,0.0
2003-03-21 00:00:00-05:00,0.5674338936805725,0.5674338936805725,0.5674338936805725,0.5674338936805725,2000,0.0,0.0
2003-03-24 00:00:00-05:00,0.5792966574877275,0.5792966574877275,0.5654568076133728,0.5654568076133728,2500,0.0,0.0
2003-03-25 00:00:00-05:00,0.5654568076133728,0.5654568076133728,0.5654568076133728,0.5654568076133728,0,0.0,0.0
2003-03-26 00:00:00-05:00,0.5654568076133728,0.5654568076133728,0.5654568076133728,0.5654568076133728,0,0.0,0.0
2003-03-27 00:00:00-05:00,0.5852279976481404,0.6030220985412598,0.5852279976481404,0.6030220985412598,10000,0.0,0.0
2003-03-28 00:00:00-05:00,0.6030220985412598,0.6030220985412598,0.6030220985412598,0.6030220985412598,0,0.0,0.0
2003-03-31 00:00:00-05:00,0.6129077076911926,0.6129077076911926,0.6129077076911926,0.6129077076911926,5000,0.0,0.0
2003-04-01 00:00:00-05:00,0.6188390254974365,0.6188390254974365,0.6188390254974365,0.6188390254974365,2000,0.0,0.0
2003-04-02 00:00:00-05:00,0.6188390254974365,0.6188390254974365,0.6188390254974365,0.6188390254974365,0,0.0,0.0
2003-04-03 00:00:00-05:00,0.6188390254974365,0.6188390254974365,0.6188390254974365,0.6188390254974365,0,0.0,0.0
2003-04-04 00:00:00-05:00,0.6168619488165809,0.6168619488165809,0.6148847937583923,0.6148847937583923,1000,0.0,0.0
2003-04-07 00:00:00-04:00,0.5951135754585266,0.5951135754585266,0.5931364793937663,0.5951135754585266,12500,0.0,0.0
2003-04-08 00:00:00-04:00,0.5951135754585266,0.5951135754585266,0.5951135754585266,0.5951135754585266,0,0.0,0.0
2003-04-09 00:00:00-04:00,0.5951135754585266,0.5951135754585266,0.5951135754585266,0.5951135754585266,0,0.0,0.0
2003-04-10 00:00:00-04:00,0.5951135754585266,0.5951135754585266,0.5951135754585266,0.5951135754585266,0,0.0,0.0
2003-04-11 00:00:00-04:00,0.5951135754585266,0.5951135754585266,0.5951135754585266,0.5951135754585266,2500,0.0,0.0
2003-04-14 00:00:00-04:00,0.5951135754585266,0.5951135754585266,0.5951135754585266,0.5951135754585266,5000,0.0,0.0
2003-04-15 00:00:00-04:00,0.5931364863396074,0.5931364863396074,0.5694109797477722,0.5694109797477722,5500,0.0,0.0
2003-04-16 00:00:00-04:00,0.5674338936805725,0.5674338936805725,0.5674338936805725,0.5674338936805725,500,0.0,0.0
2003-04-17 00:00:00-04:00,0.557548304022489,0.557548304022489,0.5535940527915955,0.5535940527915955,6000,0.0,0.0
2003-04-21 00:00:00-04:00,0.593136500578023,0.6148847937583923,0.593136500578023,0.6148847937583923,16000,0.0,0.0
2003-04-22 00:00:00-04:00,0.6129077171404974,0.6129077171404974,0.6030221183032018,0.6109305620193481,5500,0.0,0.0
2003-04-23 00:00:00-04:00,0.618839055117562,0.618839055117562,0.6129077076911926,0.6129077076911926,19000,0.0,0.0
2003-04-24 00:00:00-04:00,0.6049991933933937,0.6049991933933937,0.5872050925379628,0.5911593437194824,11500,0.0,0.0
2003-04-25 00:00:00-04:00,0.5911593437194824,0.5911593437194824,0.5911593437194824,0.5911593437194824,0,0.0,0.0
2003-04-28 00:00:00-04:00,0.5852280259132385,0.5852280259132385,0.5852280259132385,0.5852280259132385,2500,0.0,0.0
2003-04-29 00:00:00-04:00,0.5911593343704279,0.599067836608396,0.5911593343704279,0.5931364893913269,7500,0.0,0.0
2003-04-30 00:00:00-04:00,0.6010449327064811,0.6010449327064811,0.5931364893913269,0.5931364893913269,5000,0.0,0.0
2003-05-01 00:00:00-04:00,0.5852280259132385,0.5852280259132385,0.5852280259132385,0.5852280259132385,500,0.0,0.0
2003-05-02 00:00:00-04:00,0.5911593343704279,0.5931364893913269,0.5911593343704279,0.5931364893913269,13500,0.0,0.0
2003-05-05 00:00:00-04:00,0.6030221079566408,0.6030221079566408,0.6010449528694153,0.6010449528694153,5500,0.0,0.0
2003-05-06 00:00:00-04:00,0.616861920159419,0.620816171169281,0.616861920159419,0.620816171169281,2000,0.0,0.0
2003-05-07 00:00:00-04:00,0.6326789061204338,0.6326789061204338,0.62477046251297,0.62477046251297,10000,0.0,0.0
2003-05-08 00:00:00-04:00,0.624770452440881,0.6267475485801697,0.624770452440881,0.6267475485801697,3000,0.0,0.0
2003-05-09 00:00:00-04:00,0.6287246346473694,0.6287246346473694,0.6287246346473694,0.6287246346473694,500,0.0,0.0
2003-05-12 00:00:00-04:00,0.6307017803192139,0.6307017803192139,0.6287246253181216,0.6307017803192139,5000,0.0,0.0
2003-05-13 00:00:00-04:00,0.6307017803192139,0.6307017803192139,0.6307017803192139,0.6307017803192139,500,0.0,0.0
2003-05-14 00:00:00-04:00,0.6307017803192139,0.6307017803192139,0.6307017803192139,0.6307017803192139,1000,0.0,0.0
2003-05-15 00:00:00-04:00,0.6386102933571864,0.6405873894691467,0.6386102933571864,0.6405873894691467,3500,0.0,0.0
2003-05-16 00:00:00-04:00,0.6405873894691467,0.6405873894691467,0.6405873894691467,0.6405873894691467,0,0.0,0.0
2003-05-19 00:00:00-04:00,0.6583814915621791,0.6583814915621791,0.6524501442909241,0.6524501442909241,5000,0.0,0.0
2003-05-20 00:00:00-04:00,0.6623357241421896,0.6682670712471008,0.6623357241421896,0.6682670712471008,2000,0.0,0.0
2003-05-21 00:00:00-04:00,0.6583815217018127,0.6583815217018127,0.6583815217018127,0.6583815217018127,2500,0.0,0.0
2003-05-22 00:00:00-04:00,0.6583815115927146,0.6603586077690125,0.6583815115927146,0.6603586077690125,15500,0.0,0.0
2003-05-23 00:00:00-04:00,0.6702442074887477,0.6722213625907898,0.6702442074887477,0.6722213625907898,11000,0.0,0.0
2003-05-27 00:00:00-04:00,0.6722213625907898,0.6722213625907898,0.6722213625907898,0.6722213625907898,60500,0.0,0.0
2003-05-28 00:00:00-04:00,0.6722213520272732,0.6722213520272732,0.6623357534408569,0.6623357534408569,18500,0.0,0.0
2003-05-29 00:00:00-04:00,0.6623357534408569,0.6623357534408569,0.6623357534408569,0.6623357534408569,0,0.0,0.0
2003-05-30 00:00:00-04:00,0.6781526803970337,0.6781526803970337,0.6781526803970337,0.6781526803970337,1500,0.0,0.0
2003-06-02 00:00:00-04:00,0.682106923098367,0.7018781194736546,0.682106923098367,0.6919925212860107,13500,0.0,0.0
2003-06-03 00:00:00-04:00,0.6821069506136894,0.6821069506136894,0.6524501548544407,0.6623357534408569,41500,0.0,0.0
2003-06-04 00:00:00-04:00,0.6702441699195065,0.6919925212860107,0.6702441699195065,0.6919925212860107,29500,0.0,0.0
2003-06-05 00:00:00-04:00,0.6919925706333274,0.7018781695259323,0.6722213728481178,0.6821069717407227,14000,0.0,0.0
2003-06-06 00:00:00-04:00,0.7018781621993303,0.731535017490387,0.7018781621993303,0.731535017490387,24000,0.0,0.0
2003-06-09 00:00:00-04:00,0.751306218147499,0.7908486723899841,0.751306218147499,0.7908486723899841,42000,0.0,0.0
2003-06-10 00:00:00-04:00,0.8106198729076878,0.8580707710277062,0.8007342740429187,0.8501623272895813,50000,0.0,0.0
2003-06-11 00:00:00-04:00,0.9292471559536141,1.0775313123143024,0.9292471559536141,1.010309100151062,258500,0.0,0.0
2003-06-12 00:00:00-04:00,1.0360116695847865,1.0360116695847865,0.9292471253074759,0.9687895774841309,115500,0.0,0.0
2003-06-13 00:00:00-04:00,0.9687895975017311,0.9766980409622192,0.9687895975017311,0.9766980409622192,6000,0.0,0.0
2003-06-16 00:00:00-04:00,0.976698019258449,0.9786751742717468,0.9490183204547898,0.9569268226623535,35000,0.0,0.0
2003-06-17 00:00:00-04:00,0.9509955036978165,0.9529725998469895,0.9391327500343323,0.9391327500343323,13000,0.0,0.0
2003-06-18 00:00:00-04:00,0.9411099155767713,0.9687896155100401,0.9391327604827857,0.9490183591842651,9500,0.0,0.0
2003-06-19 00:00:00-04:00,0.9589039965622616,0.9786751935477713,0.9411098957061768,0.9411098957061768,17500,0.0,0.0
2003-06-20 00:00:00-04:00,0.949018360197907,0.9608811140060425,0.949018360197907,0.9608811140060425,9000,0.0,0.0
2003-06-23 00:00:00-04:00,0.9786752076632586,1.0142634098887187,0.9766980525825021,0.9984464049339294,51000,0.0,0.0
2003-06-24 00:00:00-04:00,1.004377800570552,1.004377800570552,0.9885607957839966,0.9885607957839966,11000,0.0,0.0
2003-06-25 00:00:00-04:00,0.9885607741110515,0.9885607741110515,0.9687895774841309,0.9687895774841309,10500,0.0,0.0
2003-06-26 00:00:00-04:00,0.9589040279388428,0.960881124132961,0.9589040279388428,0.9589040279388428,10500,0.0,0.0
2003-06-27 00:00:00-04:00,0.9628581996112269,0.9786752045151373,0.9509955048561096,0.9509955048561096,4000,0.0,0.0
2003-06-30 00:00:00-04:00,0.9687896267550673,0.9786752255712917,0.9509955253167365,0.9589040279388428,7000,0.0,0.0
2003-07-01 00:00:00-04:00,0.9687896155100401,0.9786752142115195,0.9490183591842651,0.9490183591842651,13000,0.0,0.0
2003-07-02 00:00:00-04:00,0.968789623701715,0.968789623701715,0.9114530682563782,0.9114530682563782,16000,0.0,0.0
2003-07-03 00:00:00-04:00,0.921338667041446,0.921338667041446,0.9094759720684912,0.9114530682563782,9500,0.0,0.0
2003-07-07 00:00:00-04:00,0.9154072977701005,0.9154072977701005,0.7592146992683411,0.7592146992683411,132500,0.0,0.0
2003-07-08 00:00:00-04:00,0.7710773983657234,0.8481851499868589,0.7710773983657234,0.8185283541679382,47000,0.0,0.0
2003-07-09 00:00:00-04:00,0.8264368459936318,0.9490183378427436,0.8264368459936318,0.9292471408843994,92000,0.0,0.0
2003-07-10 00:00:00-04:00,0.9391327565055531,0.9391327565055531,0.889704704284668,0.889704704284668,36000,0.0,0.0
2003-07-11 00:00:00-04:00,0.8916818499565125,0.8916818499565125,0.8916818499565125,0.8916818499565125,500,0.0,0.0
2003-07-14 00:00:00-04:00,0.9035445324014374,0.9035445324014374,0.8600478875636045,0.8699334859848022,23000,0.0,0.0
2003-07-15 00:00:00-04:00,0.8402767181396484,0.8402767181396484,0.8402767181396484,0.8402767181396484,5500,0.0,0.0
2003-07-16 00:00:00-04:00,0.8303910182370868,0.8303910182370868,0.8125969767570496,0.8125969767570496,1500,0.0,0.0
2003-07-17 00:00:00-04:00,0.8125969767570496,0.8125969767570496,0.8125969767570496,0.8125969767570496,0,0.0,0.0
2003-07-18 00:00:00-04:00,0.8303910493850708,0.8303910493850708,0.8303910493850708,0.8303910493850708,1000,0.0,0.0
2003-07-21 00:00:00-04:00,0.8205054402351379,0.8205054402351379,0.8106198417503362,0.8205054402351379,20500,0.0,0.0
2003-07-22 00:00:00-04:00,0.8106198201567377,0.8106198201567377,0.8007342219352722,0.8007342219352722,22000,0.0,0.0
2003-07-23 00:00:00-04:00,0.7948028787073216,0.8363224267959595,0.7948028787073216,0.8363224267959595,20500,0.0,0.0
2003-07-24 00:00:00-04:00,0.8264368772506714,0.8264368772506714,0.8264368772506714,0.8264368772506714,2500,0.0,0.0
2003-07-25 00:00:00-04:00,0.8106198417503362,0.8205054402351379,0.8106198417503362,0.8205054402351379,5000,0.0,0.0
2003-07-28 00:00:00-04:00,0.8442308883832251,0.8462080434338743,0.8106198417503362,0.8205054402351379,21500,0.0,0.0
2003-07-29 00:00:00-04:00,0.8205054492564263,0.8205054492564263,0.6425644978051263,0.6741984486579895,111000,0.0,0.0
2003-07-30 00:00:00-04:00,0.666290024504859,0.6821069709296559,0.6564043667011915,0.6702442169189453,24500,0.0,0.0
2003-07-31 00:00:00-04:00,0.6524501651072661,0.6900154638950878,0.6524501651072661,0.6722213625907898,47000,0.0,0.0
2003-08-01 00:00:00-04:00,0.6722213625907898,0.6722213625907898,0.666290015130296,0.6722213625907898,24500,0.0,0.0
2003-08-04 00:00:00-04:00,0.6524501232635291,0.6524501232635291,0.6445416212081909,0.6445416212081909,8000,0.0,0.0
2003-08-05 00:00:00-04:00,0.6524501214704225,0.6524501214704225,0.6326788663864136,0.6326788663864136,3000,0.0,0.0
2003-08-06 00:00:00-04:00,0.6405873894691467,0.6405873894691467,0.6405873894691467,0.6405873894691467,500,0.0,0.0
2003-08-07 00:00:00-04:00,0.6425644834130712,0.6425644834130712,0.6168619394302368,0.6168619394302368,10000,0.0,0.0
2003-08-08 00:00:00-04:00,0.6129076970545894,0.6129076970545894,0.6030220985412598,0.6030220985412598,13500,0.0,0.0
2003-08-11 00:00:00-04:00,0.5911593365245883,0.6168619394302368,0.5911593365245883,0.6168619394302368,2000,0.0,0.0
2003-08-12 00:00:00-04:00,0.6188390254974365,0.6425644729901346,0.6188390254974365,0.6188390254974365,12000,0.0,0.0
2003-08-13 00:00:00-04:00,0.6227933168411255,0.6227933168411255,0.6227933168411255,0.6227933168411255,500,0.0,0.0
2003-08-14 00:00:00-04:00,0.6326788946680145,0.634656049726203,0.6148847937583923,0.6148847937583923,16500,0.0,0.0
2003-08-15 00:00:00-04:00,0.6227933168411255,0.6227933168411255,0.6227933168411255,0.6227933168411255,1000,0.0,0.0
2003-08-18 00:00:00-04:00,0.622793307418992,0.62477046251297,0.622793307418992,0.62477046251297,3000,0.0,0.0
2003-08-19 00:00:00-04:00,0.612907669149557,0.620816171169281,0.6109305141832198,0.620816171169281,16500,0.0,0.0
2003-08-20 00:00:00-04:00,0.6129077076911926,0.6129077076911926,0.6129077076911926,0.6129077076911926,1500,0.0,0.0
2003-08-21 00:00:00-04:00,0.6129076860634332,0.6129076860634332,0.5931364893913269,0.5931364893913269,9000,0.0,0.0
2003-08-22 00:00:00-04:00,0.5931364893913269,0.5931364893913269,0.5931364893913269,0.5931364893913269,0,0.0,0.0
2003-08-25 00:00:00-04:00,0.5931364893913269,0.5931364893913269,0.5931364893913269,0.5931364893913269,0,0.0,0.0
2003-08-26 00:00:00-04:00,0.5931364893913269,0.5931364893913269,0.5931364893913269,0.5931364893913269,0,0.0,0.0
2003-08-27 00:00:00-04:00,0.5931365103214175,0.6129077076911926,0.5931365103214175,0.6129077076911926,39000,0.0,0.0
2003-08-28 00:00:00-04:00,0.6049992051741562,0.6129077076911926,0.6049992051741562,0.6129077076911926,9000,0.0,0.0
2003-08-29 00:00:00-04:00,0.6326788933319201,0.7394434985641872,0.6326788933319201,0.7117637991905212,78000,0.0,0.0
2003-09-02 00:00:00-04:00,0.7216494083404541,0.7374663543918727,0.7117638096929655,0.7216494083404541,68000,0.0,0.0
2003-09-03 00:00:00-04:00,0.7236265242527122,0.7315350269556975,0.7117638291210518,0.7295578718185425,34000,0.0,0.0
2003-09-04 00:00:00-04:00,0.7236265045008256,0.7236265045008256,0.7117638096929655,0.7216494083404541,39500,0.0,0.0
2003-09-05 00:00:00-04:00,0.7216494012099357,0.7592146992683411,0.7117638026601254,0.7592146992683411,23000,0.0,0.0
2003-09-08 00:00:00-04:00,0.7592146992683411,0.7592146992683411,0.7592146992683411,0.7592146992683411,7000,0.0,0.0
2003-09-09 00:00:00-04:00,0.7592146992683411,0.7592146992683411,0.7592146992683411,0.7592146992683411,0,0.0,0.0
2003-09-10 00:00:00-04:00,0.7592146992683411,0.7592146992683411,0.7592146992683411,0.7592146992683411,0,0.0,0.0
2003-09-11 00:00:00-04:00,0.7433976699201558,0.7433976699201558,0.6919925238036924,0.7157179713249207,100500,0.0,0.0
2003-09-12 00:00:00-04:00,0.695946794449675,0.7137408953217196,0.6919925432644635,0.7117637991905212,56500,0.0,0.0
2003-09-15 00:00:00-04:00,0.7018781510437168,0.7097866535186768,0.6919925524114247,0.7097866535186768,76500,0.0,0.0
2003-09-16 00:00:00-04:00,0.6979238986968994,0.6979238986968994,0.6979238986968994,0.6979238986968994,500,0.0,0.0
2003-09-17 00:00:00-04:00,0.6919925212860107,0.7117637765841115,0.6919925212860107,0.6919925212860107,22000,0.0,0.0
2003-09-18 00:00:00-04:00,0.6959468126296997,0.6959468126296997,0.6959468126296997,0.6959468126296997,500,0.0,0.0
2003-09-19 00:00:00-04:00,0.6919925212860107,0.6919925212860107,0.6919925212860107,0.6919925212860107,4000,0.0,0.0
2003-09-22 00:00:00-04:00,0.6939697265625,0.6939697265625,0.6939697265625,0.6939697265625,3000,0.0,0.0
2003-09-23 00:00:00-04:00,0.699901074120311,0.699901074120311,0.6939697265625,0.6939697265625,10500,0.0,0.0
2003-09-24 00:00:00-04:00,0.6939697265625,0.6939697265625,0.6939697265625,0.6939697265625,0,0.0,0.0
2003-09-25 00:00:00-04:00,0.6979239189858292,0.6979239189858292,0.6939697265625,0.6939697265625,1000,0.0,0.0
2003-09-26 00:00:00-04:00,0.6959468025427098,0.711763807467489,0.691992551311515,0.6979238986968994,32000,0.0,0.0
2003-09-29 00:00:00-04:00,0.7018781304359436,0.7018781304359436,0.7018781304359436,0.7018781304359436,14500,0.0,0.0
2003-09-30 00:00:00-04:00,0.6821069337518594,0.7097866326787029,0.6821069337518594,0.7018781304359436,18000,0.0,0.0
2003-10-01 00:00:00-04:00,0.7018781304359436,0.7018781304359436,0.7018781304359436,0.7018781304359436,0,0.0,0.0
2003-10-02 00:00:00-04:00,0.6821069613325518,0.6821069613325518,0.6722213625907898,0.6722213625907898,4500,0.0,0.0
2003-10-03 00:00:00-04:00,0.6643128286326903,0.6722213308214688,0.6544272303581238,0.6544272303581238,3500,0.0,0.0
2003-10-06 00:00:00-04:00,0.6524501750629081,0.6821069717407227,0.6524501750629081,0.6821069717407227,11000,0.0,0.0
2003-10-07 00:00:00-04:00,0.6524501462507338,0.676175594329834,0.6524501462507338,0.676175594329834,7000,0.0,0.0
2003-10-08 00:00:00-04:00,0.6880383087930456,0.6880383087930456,0.6702442074887477,0.6722213625907898,24500,0.0,0.0
2003-10-09 00:00:00-04:00,0.6524501462507338,0.676175594329834,0.6504729912058337,0.676175594329834,5500,0.0,0.0
2003-10-10 00:00:00-04:00,0.6880382702263906,0.6919925212860107,0.6880382702263906,0.6919925212860107,8500,0.0,0.0
2003-10-13 00:00:00-04:00,0.6919925212860107,0.6919925212860107,0.6919925212860107,0.6919925212860107,0,0.0,0.0
2003-10-14 00:00:00-04:00,0.6919925212860107,0.6919925212860107,0.6919925212860107,0.6919925212860107,0,0.0,0.0
2003-10-15 00:00:00-04:00,0.6919925212860107,0.6919925212860107,0.6919925212860107,0.6919925212860107,2500,0.0,0.0
2003-10-16 00:00:00-04:00,0.6959468126296997,0.6959468126296997,0.6919925613411924,0.6959468126296997,15000,0.0,0.0
2003-10-17 00:00:00-04:00,0.6959468126296997,0.6959468126296997,0.6959468126296997,0.6959468126296997,0,0.0,0.0
2003-10-20 00:00:00-04:00,0.6959468126296997,0.6959468126296997,0.6959468126296997,0.6959468126296997,0,0.0,0.0
2003-10-21 00:00:00-04:00,0.6959468126296997,0.6959468126296997,0.6959468126296997,0.6959468126296997,0,0.0,0.0
2003-10-22 00:00:00-04:00,0.6959468126296997,0.6959468126296997,0.6959468126296997,0.6959468126296997,0,0.0,0.0
2003-10-23 00:00:00-04:00,0.6959468126296997,0.6959468126296997,0.6959468126296997,0.6959468126296997,0,0.0,0.0
2003-10-24 00:00:00-04:00,0.6939697265625,0.6939697265625,0.6939697265625,0.6939697265625,13500,0.0,0.0
2003-10-27 00:00:00-05:00,0.6959468227741645,0.7058324216781221,0.6939697265625,0.6939697265625,8000,0.0,0.0
2003-10-28 00:00:00-05:00,0.6939696762772274,0.6939696762772274,0.6919925212860107,0.6919925212860107,21500,0.0,0.0
2003-10-29 00:00:00-05:00,0.6939696762772274,0.6939696762772274,0.6919925212860107,0.6919925212860107,29500,0.0,0.0
2003-10-30 00:00:00-05:00,0.6722213625907898,0.6860612126138198,0.6722213625907898,0.6722213625907898,11500,0.0,0.0
2003-10-31 00:00:00-05:00,0.6544272612864919,0.6722213625907898,0.6544272612864919,0.6722213625907898,18500,0.0,0.0
2003-11-03 00:00:00-05:00,0.6722213625907898,0.6722213625907898,0.6722213625907898,0.6722213625907898,0,0.0,0.0
2003-11-04 00:00:00-05:00,0.6722213625907898,0.6722213625907898,0.6722213625907898,0.6722213625907898,0,0.0,0.0
2003-11-05 00:00:00-05:00,0.6722213625907898,0.6722213625907898,0.6722213625907898,0.6722213625907898,0,0.0,0.0
2003-11-06 00:00:00-05:00,0.6722213625907898,0.6722213625907898,0.6722213625907898,0.6722213625907898,0,0.0,0.0
2003-11-07 00:00:00-05:00,0.6722213625907898,0.6722213625907898,0.6722213625907898,0.6722213625907898,1000,0.0,0.0
2003-11-10 00:00:00-05:00,0.6741984486579895,0.6741984486579895,0.6741984486579895,0.6741984486579895,7500,0.0,0.0
2003-11-11 00:00:00-05:00,0.6741984587700157,0.6741984587700157,0.6722213625907898,0.6722213625907898,10000,0.0,0.0
2003-11-12 00:00:00-05:00,0.6544272303581238,0.6544272303581238,0.6445416320835573,0.6544272303581238,8000,0.0,0.0
2003-11-13 00:00:00-05:00,0.6544272303581238,0.6544272303581238,0.6544272303581238,0.6544272303581238,0,0.0,0.0
2003-11-14 00:00:00-05:00,0.6544272303581238,0.6544272303581238,0.6544272303581238,0.6544272303581238,0,0.0,0.0
2003-11-17 00:00:00-05:00,0.6326789050609679,0.6326789050609679,0.6129077076911926,0.6129077076911926,22500,0.0,0.0
2003-11-18 00:00:00-05:00,0.6049991860300573,0.6168619394302368,0.6049991860300573,0.6168619394302368,20500,0.0,0.0
2003-11-19 00:00:00-05:00,0.6049992231781781,0.6049992231781781,0.5733652710914612,0.5733652710914612,10000,0.0,0.0
2003-11-20 00:00:00-05:00,0.5970907211303711,0.5970907211303711,0.5970907211303711,0.5970907211303711,1500,0.0,0.0
2003-11-21 00:00:00-05:00,0.6109305620193481,0.6109305620193481,0.6109305620193481,0.6109305620193481,500,0.0,0.0
2003-11-24 00:00:00-05:00,0.612907670225217,0.6326788663864136,0.612907670225217,0.6326788663864136,5000,0.0,0.0
2003-11-25 00:00:00-05:00,0.6227933063760803,0.6227933063760803,0.6129077076911926,0.6129077076911926,2000,0.0,0.0
2003-11-26 00:00:00-05:00,0.6188390355355263,0.6188390355355263,0.6148847844021331,0.6168619394302368,10500,0.0,0.0
2003-11-28 00:00:00-05:00,0.6168619394302368,0.6168619394302368,0.6168619394302368,0.6168619394302368,0,0.0,0.0
2003-12-01 00:00:00-05:00,0.6129077076911926,0.6129077076911926,0.6129077076911926,0.6129077076911926,500,0.0,0.0
2003-12-02 00:00:00-05:00,0.6109305515370953,0.6109305515370953,0.6010449528694153,0.6010449528694153,3000,0.0,0.0
2003-12-03 00:00:00-05:00,0.5990678678141638,0.6227933168411255,0.5990678678141638,0.6227933168411255,22500,0.0,0.0
2003-12-04 00:00:00-05:00,0.6030220985412598,0.6030220985412598,0.6030220985412598,0.6030220985412598,10000,0.0,0.0
2003-12-05 00:00:00-05:00,0.5990678668022156,0.5990678668022156,0.5990678668022156,0.5990678668022156,1500,0.0,0.0
2003-12-08 00:00:00-05:00,0.6030220985412598,0.6030220985412598,0.6030220985412598,0.6030220985412598,1500,0.0,0.0
2003-12-09 00:00:00-05:00,0.5990678668022156,0.5990678668022156,0.5990678668022156,0.5990678668022156,500,0.0,0.0
2003-12-10 00:00:00-05:00,0.5891822668905833,0.5891822668905833,0.5753424167633057,0.5753424167633057,2000,0.0,0.0
2003-12-11 00:00:00-05:00,0.5812737360343748,0.5931364893913269,0.5733652337964067,0.5931364893913269,28000,0.0,0.0
2003-12-12 00:00:00-05:00,0.5931364893913269,0.5931364893913269,0.5931364893913269,0.5931364893913269,0,0.0,0.0
2003-12-15 00:00:00-05:00,0.5773195028305054,0.5773195028305054,0.5773195028305054,0.5773195028305054,10000,0.0,0.0
2003-12-16 00:00:00-05:00,0.5832508606679925,0.5872051119804382,0.5832508606679925,0.5872051119804382,3000,0.0,0.0
2003-12-17 00:00:00-05:00,0.591159325495543,0.6919925212860107,0.591159325495543,0.6919925212860107,29000,0.0,0.0
2003-12-18 00:00:00-05:00,0.6643128270420048,0.6643128270420048,0.6425644755363464,0.6425644755363464,8000,0.0,0.0
2003-12-19 00:00:00-05:00,0.642564514543124,0.6623357711679396,0.6227933168411255,0.6227933168411255,6000,0.0,0.0
2003-12-22 00:00:00-05:00,0.6227932955679191,0.6227932955679191,0.59709069229501,0.6030220985412598,4500,0.0,0.0
2003-12-23 00:00:00-05:00,0.595113585489412,0.595113585489412,0.5931364893913269,0.5931364893913269,15000,0.0,0.0
2003-12-24 00:00:00-05:00,0.5931364893913269,0.5931364893913269,0.5753423888173057,0.5931364893913269,13000,0.0,0.0
2003-12-26 00:00:00-05:00,0.5931364893913269,0.5931364893913269,0.5931364893913269,0.5931364893913269,0,0.0,0.0
2003-12-29 00:00:00-05:00,0.5931364893913269,0.597090681587497,0.5931364893913269,0.5931364893913269,26000,0.0,0.0
2003-12-30 00:00:00-05:00,0.5931364893913269,0.5931364893913269,0.5931364893913269,0.5931364893913269,4000,0.0,0.0
2003-12-31 00:00:00-05:00,0.6129076970545894,0.6405873964610385,0.6030220985412598,0.6030220985412598,5000,0.0,0.0
2004-01-02 00:00:00-05:00,0.6089534458646946,0.6089534458646946,0.6030220985412598,0.6030220985412598,5000,0.0,0.0
2004-01-05 00:00:00-05:00,0.6030220985412598,0.6030220985412598,0.6030220985412598,0.6030220985412598,0,0.0,0.0
2004-01-06 00:00:00-05:00,0.6227932683058153,0.6326788663864136,0.6227932683058153,0.6326788663864136,1000,0.0,0.0
2004-01-07 00:00:00-05:00,0.6326788663864136,0.6326788663864136,0.6326788663864136,0.6326788663864136,0,0.0,0.0
2004-01-08 00:00:00-05:00,0.642564515548883,0.6465187668800354,0.642564515548883,0.6465187668800354,5000,0.0,0.0
2004-01-09 00:00:00-05:00,0.6227933168411255,0.6227933168411255,0.6227933168411255,0.6227933168411255,500,0.0,0.0
2004-01-12 00:00:00-05:00,0.6089534263504869,0.6089534263504869,0.606976330280304,0.606976330280304,6000,0.0,0.0
2004-01-13 00:00:00-05:00,0.6425645172474861,0.6900154744239334,0.6425645172474861,0.6821069717407227,15000,0.0,0.0
2004-01-14 00:00:00-05:00,0.6821069717407227,0.6821069717407227,0.6821069717407227,0.6821069717407227,0,0.0,0.0
2004-01-15 00:00:00-05:00,0.6821069717407227,0.6821069717407227,0.6821069717407227,0.6821069717407227,11000,0.0,0.0
2004-01-16 00:00:00-05:00,0.6821069717407227,0.6821069717407227,0.6821069717407227,0.6821069717407227,0,0.0,0.0
2004-01-20 00:00:00-05:00,0.6722213205614684,0.6722213205614684,0.6564043164253235,0.6564043164253235,5500,0.0,0.0
2004-01-21 00:00:00-05:00,0.6564043164253235,0.6564043164253235,0.6564043164253235,0.6564043164253235,500,0.0,0.0
2004-01-22 00:00:00-05:00,0.6564043164253235,0.6564043164253235,0.6564043164253235,0.6564043164253235,0,0.0,0.0
2004-01-23 00:00:00-05:00,0.6564043164253235,0.6564043164253235,0.6564043164253235,0.6564043164253235,0,0.0,0.0
2004-01-26 00:00:00-05:00,0.6564043164253235,0.6564043164253235,0.6564043164253235,0.6564043164253235,0,0.0,0.0
2004-01-27 00:00:00-05:00,0.7018781229794547,0.7018781229794547,0.5990678306070578,0.6307017803192139,61500,0.0,0.0
2004-01-28 00:00:00-05:00,0.6188390340814083,0.6504729841514075,0.6030220885078156,0.6049991846084595,15000,0.0,0.0
2004-01-29 00:00:00-05:00,0.6030221014443767,0.6524501531718004,0.6030221014443767,0.638610303401947,27000,0.0,0.0
2004-01-30 00:00:00-05:00,0.6287246153696118,0.6326788663864136,0.6287246153696118,0.6326788663864136,3000,0.0,0.0
2004-02-02 00:00:00-05:00,0.662335757532707,0.7216494083404541,0.642564501314914,0.7216494083404541,3500,0.0,0.0
2004-02-03 00:00:00-05:00,0.6326788663864136,0.6326788663864136,0.6326788663864136,0.6326788663864136,6500,0.0,0.0
2004-02-04 00:00:00-05:00,0.6307017803192139,0.6307017803192139,0.6307017803192139,0.6307017803192139,3000,0.0,0.0
2004-02-05 00:00:00-05:00,0.6484958807149774,0.6484958807149774,0.6307017803192139,0.6307017803192139,10500,0.0,0.0
2004-02-06 00:00:00-05:00,0.6425644869417465,0.6801298434538665,0.6425644869417465,0.6524501442909241,16000,0.0,0.0
2004-02-09 00:00:00-05:00,0.6326788663864136,0.6326788663864136,0.6326788663864136,0.6326788663864136,1500,0.0,0.0
2004-02-10 00:00:00-05:00,0.6326788663864136,0.6326788663864136,0.6326788663864136,0.6326788663864136,1500,0.0,0.0
2004-02-11 00:00:00-05:00,0.6326788663864136,0.6326788663864136,0.6326788663864136,0.6326788663864136,4000,0.0,0.0
2004-02-12 00:00:00-05:00,0.6326788663864136,0.6326788663864136,0.6326788663864136,0.6326788663864136,0,0.0,0.0
2004-02-13 00:00:00-05:00,0.6386102741280935,0.6445416212081909,0.6386102741280935,0.6445416212081909,3000,0.0,0.0
2004-02-17 00:00:00-05:00,0.6425644755363464,0.6781526763778213,0.6425644755363464,0.6425644755363464,14000,0.0,0.0
2004-02-18 00:00:00-05:00,0.6425644755363464,0.6425644755363464,0.6425644755363464,0.6425644755363464,0,0.0,0.0
2004-02-19 00:00:00-05:00,0.6524501442909241,0.6524501442909241,0.6524501442909241,0.6524501442909241,1500,0.0,0.0
2004-02-20 00:00:00-05:00,0.6524501442909241,0.6524501442909241,0.6524501442909241,0.6524501442909241,0,0.0,0.0
2004-02-23 00:00:00-05:00,0.6346560491376037,0.6425644925945784,0.6030220985412598,0.6030220985412598,34500,0.0,0.0
2004-02-24 00:00:00-05:00,0.6030220985412598,0.6030220985412598,0.6030220985412598,0.6030220985412598,0,0.0,0.0
2004-02-25 00:00:00-05:00,0.6326789156921248,0.6326789156921248,0.6227933168411255,0.6227933168411255,15500,0.0,0.0
2004-02-26 00:00:00-05:00,0.6227933168411255,0.6227933168411255,0.6227933168411255,0.6227933168411255,0,0.0,0.0
2004-02-27 00:00:00-05:00,0.6227933168411255,0.6227933168411255,0.6227933168411255,0.6227933168411255,0,0.0,0.0
2004-03-01 00:00:00-05:00,0.6227933168411255,0.6227933168411255,0.6227933168411255,0.6227933168411255,0,0.0,0.0
2004-03-02 00:00:00-05:00,0.6425644755363464,0.6425644755363464,0.6425644755363464,0.6425644755363464,5500,0.0,0.0
2004-03-03 00:00:00-05:00,0.6425644755363464,0.6425644755363464,0.6425644755363464,0.6425644755363464,0,0.0,0.0
2004-03-04 00:00:00-05:00,0.6524501442909241,0.6524501442909241,0.6524501442909241,0.6524501442909241,7500,0.0,0.0
2004-03-05 00:00:00-05:00,0.6326788663864136,0.6326788663864136,0.6326788663864136,0.6326788663864136,1500,0.0,0.0
2004-03-08 00:00:00-05:00,0.6326788663864136,0.6326788663864136,0.6326788663864136,0.6326788663864136,0,0.0,0.0
2004-03-09 00:00:00-05:00,0.6346560716629028,0.6346560716629028,0.6346560716629028,0.6346560716629028,8500,0.0,0.0
2004-03-10 00:00:00-05:00,0.6346560716629028,0.6346560716629028,0.6346560716629028,0.6346560716629028,0,0.0,0.0
2004-03-11 00:00:00-05:00,0.6346560716629028,0.6346560716629028,0.6346560716629028,0.6346560716629028,0,0.0,0.0
2004-03-12 00:00:00-05:00,0.6346560716629028,0.6346560716629028,0.6346560716629028,0.6346560716629028,0,0.0,0.0
2004-03-15 00:00:00-05:00,0.6722213520272732,0.6722213520272732,0.6623357534408569,0.6623357534408569,3500,0.0,0.0
2004-03-16 00:00:00-05:00,0.6425644869417465,0.6524501442909241,0.6425644869417465,0.6524501442909241,4000,0.0,0.0
2004-03-17 00:00:00-05:00,0.6366331577301025,0.6366331577301025,0.6366331577301025,0.6366331577301025,1500,0.0,0.0
2004-03-18 00:00:00-05:00,0.6346560716629028,0.6346560716629028,0.6346560716629028,0.6346560716629028,1000,0.0,0.0
2004-03-19 00:00:00-05:00,0.6524501442909241,0.6524501442909241,0.6524501442909241,0.6524501442909241,1000,0.0,0.0
2004-03-22 00:00:00-05:00,0.6326788663864136,0.6326788663864136,0.6326788663864136,0.6326788663864136,1500,0.0,0.0
2004-03-23 00:00:00-05:00,0.6465187266212674,0.6465187266212674,0.6425644755363464,0.6425644755363464,3500,0.0,0.0
2004-03-24 00:00:00-05:00,0.6425644755363464,0.6425644755363464,0.6425644755363464,0.6425644755363464,0,0.0,0.0
2004-03-25 00:00:00-05:00,0.6129077076911926,0.6129077076911926,0.6129077076911926,0.6129077076911926,6000,0.0,0.0
2004-03-26 00:00:00-05:00,0.6129077076911926,0.6129077076911926,0.6129077076911926,0.6129077076911926,0,0.0,0.0
2004-03-29 00:00:00-05:00,0.5931364893913269,0.5931364893913269,0.5931364893913269,0.5931364893913269,5500,0.0,0.0
2004-03-30 00:00:00-05:00,0.6030220985412598,0.6030220985412598,0.6030220985412598,0.6030220985412598,1500,0.0,0.0
2004-03-31 00:00:00-05:00,0.6030220985412598,0.6030220985412598,0.6030220985412598,0.6030220985412598,0,0.0,0.0
2004-04-01 00:00:00-05:00,0.5792966563309955,0.5792966563309955,0.5535940527915955,0.5535940527915955,37500,0.0,0.0
2004-04-02 00:00:00-05:00,0.5733652515888148,0.6069763576817766,0.5733652515888148,0.5773195028305054,32000,0.0,0.0
2004-04-05 00:00:00-04:00,0.5595253705978394,0.5595253705978394,0.5595253705978394,0.5595253705978394,500,0.0,0.0
2004-04-06 00:00:00-04:00,0.5773195028305054,0.5773195028305054,0.5773195028305054,0.5773195028305054,500,0.0,0.0
2004-04-07 00:00:00-04:00,0.5773194819450506,0.5773194819450506,0.5694109797477722,0.5694109797477722,8000,0.0,0.0
2004-04-08 00:00:00-04:00,0.5595253705978394,0.5595253705978394,0.5595253705978394,0.5595253705978394,1500,0.0,0.0
2004-04-12 00:00:00-04:00,0.5595253705978394,0.5595253705978394,0.5595253705978394,0.5595253705978394,0,0.0,0.0
2004-04-13 00:00:00-04:00,0.5595253733132809,0.5832508206367493,0.555571122272234,0.5832508206367493,21500,0.0,0.0
2004-04-14 00:00:00-04:00,0.60302212766577,0.60302212766577,0.5832508707613918,0.5852280259132385,12500,0.0,0.0
2004-04-15 00:00:00-04:00,0.5931364854417046,0.5931364854417046,0.5575482845306396,0.5575482845306396,10500,0.0,0.0
2004-04-16 00:00:00-04:00,0.5931365286749898,0.60302212766577,0.5852280259132385,0.5852280259132385,11500,0.0,0.0
2004-04-19 00:00:00-04:00,0.6049991671298328,0.620816171169281,0.6049991671298328,0.620816171169281,6000,0.0,0.0
2004-04-20 00:00:00-04:00,0.6188390210833582,0.6188390210833582,0.5832508206367493,0.5832508206367493,15500,0.0,0.0
2004-04-21 00:00:00-04:00,0.5733652409718704,0.5733652409718704,0.5674338936805725,0.5674338936805725,18000,0.0,0.0
2004-04-22 00:00:00-04:00,0.5674338936805725,0.5674338936805725,0.5674338936805725,0.5674338936805725,0,0.0,0.0
2004-04-23 00:00:00-04:00,0.5674338936805725,0.5674338936805725,0.5674338936805725,0.5674338936805725,0,0.0,0.0
2004-04-26 00:00:00-04:00,0.5654568076133728,0.5654568076133728,0.5654568076133728,0.5654568076133728,1000,0.0,0.0
2004-04-27 00:00:00-04:00,0.5634796425121024,0.5674338936805725,0.5634796425121024,0.5674338936805725,7000,0.0,0.0
2004-04-28 00:00:00-04:00,0.5792966257071214,0.5792966257071214,0.5575482745483173,0.5595253705978394,29000,0.0,0.0
2004-04-29 00:00:00-04:00,0.5555711388587952,0.5555711388587952,0.5555711388587952,0.5555711388587952,4000,0.0,0.0
2004-04-30 00:00:00-04:00,0.5555711388587952,0.5555711388587952,0.5555711388587952,0.5555711388587952,0,0.0,0.0
2004-05-03 00:00:00-04:00,0.5555711686478269,0.5555711686478269,0.523937216601661,0.5496398210525513,17500,0.0,0.0
2004-05-04 00:00:00-04:00,0.5496398210525513,0.5496398210525513,0.5496398210525513,0.5496398210525513,0,0.0,0.0
2004-05-05 00:00:00-04:00,0.5338228544473298,0.5417312979698181,0.525914352002026,0.5417312979698181,5500,0.0,0.0
2004-05-06 00:00:00-04:00,0.5417312979698181,0.5417312979698181,0.5417312979698181,0.5417312979698181,0,0.0,0.0
2004-05-07 00:00:00-04:00,0.5417312979698181,0.5417312979698181,0.5417312979698181,0.5417312979698181,0,0.0,0.0
2004-05-10 00:00:00-04:00,0.5417312979698181,0.5417312979698181,0.5417312979698181,0.5417312979698181,0,0.0,0.0
2004-05-11 00:00:00-04:00,0.514051616191864,0.514051616191864,0.514051616191864,0.514051616191864,1500,0.0,0.0
2004-05-12 00:00:00-04:00,0.514051616191864,0.514051616191864,0.514051616191864,0.514051616191864,500,0.0,0.0
2004-05-13 00:00:00-04:00,0.5140516169168513,0.5259143710136414,0.5140516169168513,0.5259143710136414,2000,0.0,0.0
2004-05-14 00:00:00-04:00,0.5160287618637085,0.5160287618637085,0.5160287618637085,0.5160287618637085,1000,0.0,0.0
2004-05-17 00:00:00-04:00,0.5061431527137756,0.5061431527137756,0.5061431527137756,0.5061431527137756,2000,0.0,0.0
2004-05-18 00:00:00-04:00,0.5061431631064769,0.5318457080907157,0.5041660080013408,0.5160287618637085,5500,0.0,0.0
2004-05-19 00:00:00-04:00,0.5061431527137756,0.5061431527137756,0.5061431527137756,0.5061431527137756,2000,0.0,0.0
2004-05-20 00:00:00-04:00,0.5061431527137756,0.5061431527137756,0.5061431527137756,0.5061431527137756,0,0.0,0.0
2004-05-21 00:00:00-04:00,0.5061431527137756,0.5061431527137756,0.5061431527137756,0.5061431527137756,0,0.0,0.0
2004-05-24 00:00:00-04:00,0.496257483959198,0.496257483959198,0.496257483959198,0.496257483959198,1000,0.0,0.0
2004-05-25 00:00:00-04:00,0.48439478874206543,0.4962574831490923,0.48439478874206543,0.48439478874206543,5500,0.0,0.0
2004-05-26 00:00:00-04:00,0.4942804074994998,0.4942804074994998,0.4863719344139099,0.4863719344139099,2500,0.0,0.0
2004-05-27 00:00:00-04:00,0.48834903123651485,0.49823465943336487,0.48834903123651485,0.49823465943336487,11000,0.0,0.0
2004-05-28 00:00:00-04:00,0.5140515860113608,0.5140515860113608,0.5081202387809753,0.5081202387809753,5000,0.0,0.0
2004-06-01 00:00:00-04:00,0.5239371657371521,0.5239371657371521,0.5239371657371521,0.5239371657371521,500,0.0,0.0
2004-06-02 00:00:00-04:00,0.5041659666614631,0.5041659666614631,0.4942803687148166,0.5002117156982422,9500,0.0,0.0
2004-06-03 00:00:00-04:00,0.5002117156982422,0.5002117156982422,0.5002117156982422,0.5002117156982422,0,0.0,0.0
2004-06-04 00:00:00-04:00,0.48439478874206543,0.48439478874206543,0.47450916096719825,0.48439478874206543,7500,0.0,0.0
2004-06-07 00:00:00-04:00,0.47450917959213257,0.4764863052247101,0.47450917959213257,0.47450917959213257,2500,0.0,0.0
2004-06-08 00:00:00-04:00,0.49032613594557883,0.49032613594557883,0.48439478874206543,0.48439478874206543,2500,0.0,0.0
2004-06-09 00:00:00-04:00,0.49428039632884846,0.49428039632884846,0.47648629546165466,0.47648629546165466,1500,0.0,0.0
2004-06-10 00:00:00-04:00,0.47648629546165466,0.47648629546165466,0.47648629546165466,0.47648629546165466,500,0.0,0.0
2004-06-14 00:00:00-04:00,0.47648629546165466,0.47648629546165466,0.47648629546165466,0.47648629546165466,0,0.0,0.0
2004-06-15 00:00:00-04:00,0.47450916096719825,0.48439478874206543,0.47450916096719825,0.48439478874206543,2000,0.0,0.0
2004-06-16 00:00:00-04:00,0.49428038705552574,0.49428038705552574,0.48439478874206543,0.48439478874206543,5500,0.0,0.0
2004-06-17 00:00:00-04:00,0.47450916096719825,0.48439478874206543,0.47450916096719825,0.48439478874206543,1000,0.0,0.0
2004-06-18 00:00:00-04:00,0.48439478874206543,0.48439478874206543,0.48439478874206543,0.48439478874206543,0,0.0,0.0
2004-06-21 00:00:00-04:00,0.48439478874206543,0.48439478874206543,0.48439478874206543,0.48439478874206543,0,0.0,0.0
2004-06-22 00:00:00-04:00,0.4764863052247101,0.4764863052247101,0.47450917959213257,0.47450917959213257,6000,0.0,0.0
2004-06-23 00:00:00-04:00,0.46462356265373794,0.48439478874206543,0.46462356265373794,0.48439478874206543,15500,0.0,0.0
2004-06-24 00:00:00-04:00,0.48439478874206543,0.48439478874206543,0.48439478874206543,0.48439478874206543,0,0.0,0.0
2004-06-25 00:00:00-04:00,0.48439478874206543,0.48439478874206543,0.48439478874206543,0.48439478874206543,0,0.0,0.0
2004-06-28 00:00:00-04:00,0.48439478874206543,0.48439478874206543,0.48439478874206543,0.48439478874206543,0,0.0,0.0
2004-06-29 00:00:00-04:00,0.47846341133117676,0.47846341133117676,0.47846341133117676,0.47846341133117676,5000,0.0,0.0
2004-06-30 00:00:00-04:00,0.4685778209579564,0.4685778209579564,0.45869219303131104,0.45869219303131104,4000,0.0,0.0
2004-07-01 00:00:00-04:00,0.45473797196302757,0.4646235704421997,0.45473797196302757,0.4646235704421997,6000,0.0,0.0
2004-07-02 00:00:00-04:00,0.47450917959213257,0.47450917959213257,0.47450917959213257,0.47450917959213257,1500,0.0,0.0
2004-07-06 00:00:00-04:00,0.47450917959213257,0.47450917959213257,0.47450917959213257,0.47450917959213257,0,0.0,0.0
2004-07-07 00:00:00-04:00,0.47450917959213257,0.47450917959213257,0.47450917959213257,0.47450917959213257,0,0.0,0.0
2004-07-08 00:00:00-04:00,0.47450917959213257,0.47450917959213257,0.47450917959213257,0.47450917959213257,0,0.0,0.0
2004-07-09 00:00:00-04:00,0.45869219303131104,0.45869219303131104,0.45869219303131104,0.45869219303131104,31000,0.0,0.0
2004-07-12 00:00:00-04:00,0.4626464448540838,0.4646235704421997,0.4626464448540838,0.4646235704421997,5000,0.0,0.0
2004-07-13 00:00:00-04:00,0.47450916096719825,0.48439478874206543,0.47450916096719825,0.48439478874206543,1500,0.0,0.0
2004-07-14 00:00:00-04:00,0.48439478874206543,0.48439478874206543,0.48439478874206543,0.48439478874206543,0,0.0,0.0
2004-07-15 00:00:00-04:00,0.48439478874206543,0.48439478874206543,0.48439478874206543,0.48439478874206543,0,0.0,0.0
2004-07-16 00:00:00-04:00,0.48439478874206543,0.48439478874206543,0.48439478874206543,0.48439478874206543,0,0.0,0.0
2004-07-19 00:00:00-04:00,0.48439478874206543,0.48439478874206543,0.48439478874206543,0.48439478874206543,0,0.0,0.0
2004-07-20 00:00:00-04:00,0.48439478874206543,0.48439478874206543,0.48439478874206543,0.48439478874206543,1500,0.0,0.0
2004-07-21 00:00:00-04:00,0.4745091689213718,0.4745091689213718,0.4646235704421997,0.4646235704421997,4500,0.0,0.0
2004-07-22 00:00:00-04:00,0.4646235704421997,0.4646235704421997,0.4646235704421997,0.4646235704421997,0,0.0,0.0
2004-07-23 00:00:00-04:00,0.4646235704421997,0.4646235704421997,0.4646235704421997,0.4646235704421997,0,0.0,0.0
2004-07-26 00:00:00-04:00,0.4646235704421997,0.4646235704421997,0.4646235704421997,0.4646235704421997,0,0.0,0.0
2004-07-27 00:00:00-04:00,0.4646235704421997,0.4646235704421997,0.4646235704421997,0.4646235704421997,0,0.0,0.0
2004-07-28 00:00:00-04:00,0.4547379624915166,0.4666006863117218,0.44485233475683994,0.4666006863117218,4500,0.0,0.0
2004-07-29 00:00:00-04:00,0.4666006863117218,0.4666006863117218,0.4666006863117218,0.4666006863117218,0,0.0,0.0
2004-07-30 00:00:00-04:00,0.484394786772733,0.484394786772733,0.4666006863117218,0.4666006863117218,4500,0.0,0.0
2004-08-02 00:00:00-04:00,0.4666006863117218,0.4666006863117218,0.4666006863117218,0.4666006863117218,0,0.0,0.0
2004-08-03 00:00:00-04:00,0.444852352142334,0.444852352142334,0.444852352142334,0.444852352142334,500,0.0,0.0
2004-08-04 00:00:00-04:00,0.44485233475683994,0.4666006863117218,0.44485233475683994,0.4666006863117218,6000,0.0,0.0
2004-08-05 00:00:00-04:00,0.4666006863117218,0.4666006863117218,0.4666006863117218,0.4666006863117218,26000,0.0,0.0
2004-08-06 00:00:00-04:00,0.4843947978299219,0.4843947978299219,0.47648629546165466,0.47648629546165466,4000,0.0,0.0
2004-08-09 00:00:00-04:00,0.47648629546165466,0.47648629546165466,0.47648629546165466,0.47648629546165466,0,0.0,0.0
2004-08-10 00:00:00-04:00,0.45671508845325354,0.4725320339202881,0.45671508845325354,0.4725320339202881,2000,0.0,0.0
2004-08-11 00:00:00-04:00,0.4725320339202881,0.4725320339202881,0.4725320339202881,0.4725320339202881,0,0.0,0.0
2004-08-12 00:00:00-04:00,0.4725320339202881,0.4725320339202881,0.4725320339202881,0.4725320339202881,0,0.0,0.0
2004-08-13 00:00:00-04:00,0.4725320339202881,0.4725320339202881,0.4725320339202881,0.4725320339202881,0,0.0,0.0
2004-08-16 00:00:00-04:00,0.4725320339202881,0.4725320339202881,0.4725320339202881,0.4725320339202881,0,0.0,0.0
2004-08-17 00:00:00-04:00,0.4626464545726776,0.4626464545726776,0.4626464545726776,0.4626464545726776,1500,0.0,0.0
2004-08-18 00:00:00-04:00,0.4626464545726776,0.4626464545726776,0.4626464545726776,0.4626464545726776,0,0.0,0.0
2004-08-19 00:00:00-04:00,0.4448523513865428,0.4448523513865428,0.43298962712287903,0.43298962712287903,11000,0.0,0.0
2004-08-20 00:00:00-04:00,0.42508116364479065,0.4408981395052663,0.42508116364479065,0.42508116364479065,20000,0.0,0.0
2004-08-23 00:00:00-04:00,0.4151955246925354,0.4151955246925354,0.4151955246925354,0.4151955246925354,1000,0.0,0.0
2004-08-24 00:00:00-04:00,0.4151955246925354,0.4151955246925354,0.4151955246925354,0.4151955246925354,500,0.0,0.0
2004-08-25 00:00:00-04:00,0.4250811527657107,0.4250811527657107,0.40530992608076793,0.4151955246925354,1500,0.0,0.0
2004-08-26 00:00:00-04:00,0.4151955246925354,0.4151955246925354,0.4151955246925354,0.4151955246925354,0,0.0,0.0
2004-08-27 00:00:00-04:00,0.43101251125335693,0.43101251125335693,0.43101251125335693,0.43101251125335693,1000,0.0,0.0
2004-08-30 00:00:00-04:00,0.44287524789573957,0.4646235704421997,0.44287524789573957,0.4646235704421997,11000,0.0,0.0
2004-08-31 00:00:00-04:00,0.4626464356380398,0.4725320339202881,0.4626464356380398,0.4725320339202881,16000,0.0,0.0
2004-09-01 00:00:00-04:00,0.4725320339202881,0.4725320339202881,0.4725320339202881,0.4725320339202881,1000,0.0,0.0
2004-09-02 00:00:00-04:00,0.4725320339202881,0.4725320339202881,0.4725320339202881,0.4725320339202881,1000,0.0,0.0
2004-09-03 00:00:00-04:00,0.4725320339202881,0.4725320339202881,0.4725320339202881,0.4725320339202881,0,0.0,0.0
2004-09-07 00:00:00-04:00,0.4626464545726776,0.4626464545726776,0.4626464545726776,0.4626464545726776,500,0.0,0.0
2004-09-08 00:00:00-04:00,0.4626464545726776,0.4626464545726776,0.4626464545726776,0.4626464545726776,0,0.0,0.0
2004-09-09 00:00:00-04:00,0.45869219303131104,0.45869219303131104,0.45869219303131104,0.45869219303131104,4500,0.0,0.0
2004-09-10 00:00:00-04:00,0.45869219303131104,0.45869219303131104,0.45869219303131104,0.45869219303131104,0,0.0,0.0
2004-09-13 00:00:00-04:00,0.4646235704421997,0.4646235704421997,0.4646235704421997,0.4646235704421997,4500,0.0,0.0
2004-09-14 00:00:00-04:00,0.4725320537858597,0.4725320537858597,0.4685778319835663,0.4685778319835663,10500,0.0,0.0
2004-09-15 00:00:00-04:00,0.45869219303131104,0.45869219303131104,0.45869219303131104,0.45869219303131104,5000,0.0,0.0
2004-09-16 00:00:00-04:00,0.45869219303131104,0.45869219303131104,0.45869219303131104,0.45869219303131104,0,0.0,0.0
2004-09-17 00:00:00-04:00,0.4725320339202881,0.4725320339202881,0.4725320339202881,0.4725320339202881,5000,0.0,0.0
2004-09-20 00:00:00-04:00,0.47450917959213257,0.47450917959213257,0.47450917959213257,0.47450917959213257,1000,0.0,0.0
2004-09-21 00:00:00-04:00,0.45473796129226685,0.45473796129226685,0.45473796129226685,0.45473796129226685,500,0.0,0.0
2004-09-22 00:00:00-04:00,0.4646235704421997,0.4646235704421997,0.4646235704421997,0.4646235704421997,1500,0.0,0.0
2004-09-23 00:00:00-04:00,0.46066930890083313,0.46066930890083313,0.46066930890083313,0.46066930890083313,2500,0.0,0.0
2004-09-24 00:00:00-04:00,0.46066930890083313,0.46066930890083313,0.46066930890083313,0.46066930890083313,12000,0.0,0.0
2004-09-27 00:00:00-04:00,0.45869219303131104,0.45869219303131104,0.45869219303131104,0.45869219303131104,1500,0.0,0.0
2004-09-28 00:00:00-04:00,0.4586922039929207,0.47450917959213257,0.4586922039929207,0.47450917959213257,5000,0.0,0.0
2004-09-29 00:00:00-04:00,0.48439478874206543,0.48439478874206543,0.48439478874206543,0.48439478874206543,1000,0.0,0.0
2004-09-30 00:00:00-04:00,0.47450916096719825,0.48439478874206543,0.47450916096719825,0.48439478874206543,3500,0.0,0.0
2004-10-01 00:00:00-04:00,0.47648629546165466,0.47648629546165466,0.47648629546165466,0.47648629546165466,1500,0.0,0.0
2004-10-04 00:00:00-04:00,0.48044055700302124,0.48044055700302124,0.48044055700302124,0.48044055700302124,2000,0.0,0.0
2004-10-05 00:00:00-04:00,0.496257483959198,0.496257483959198,0.496257483959198,0.496257483959198,15000,0.0,0.0
2004-10-06 00:00:00-04:00,0.496257483959198,0.496257483959198,0.496257483959198,0.496257483959198,500,0.0,0.0
2004-10-07 00:00:00-04:00,0.496257483959198,0.496257483959198,0.496257483959198,0.496257483959198,500,0.0,0.0
2004-10-08 00:00:00-04:00,0.496257483959198,0.496257483959198,0.496257483959198,0.496257483959198,0,0.0,0.0
2004-10-11 00:00:00-04:00,0.496257483959198,0.496257483959198,0.496257483959198,0.496257483959198,0,0.0,0.0
2004-10-12 00:00:00-04:00,0.48439480956509195,0.5041660070419312,0.48439480956509195,0.5041660070419312,14000,0.0,0.0
2004-10-13 00:00:00-04:00,0.4942804182556349,0.5021889209747314,0.4942804182556349,0.5021889209747314,3500,0.0,0.0
2004-10-14 00:00:00-04:00,0.5021889209747314,0.5021889209747314,0.5021889209747314,0.5021889209747314,0,0.0,0.0
2004-10-15 00:00:00-04:00,0.48044055700302124,0.48044055700302124,0.48044055700302124,0.48044055700302124,1500,0.0,0.0
2004-10-18 00:00:00-04:00,0.5140516057803508,0.5140516057803508,0.5041660070419312,0.5041660070419312,16000,0.0,0.0
2004-10-19 00:00:00-04:00,0.5041660070419312,0.5041660070419312,0.5041660070419312,0.5041660070419312,0,0.0,0.0
2004-10-20 00:00:00-04:00,0.5219600897107448,0.5219600897107448,0.5041659890475587,0.5199829936027527,6000,0.0,0.0
2004-10-21 00:00:00-04:00,0.5199829936027527,0.5199829936027527,0.5199829936027527,0.5199829936027527,0,0.0,0.0
2004-10-22 00:00:00-04:00,0.5298686027526855,0.5298686027526855,0.5298686027526855,0.5298686027526855,2500,0.0,0.0
2004-10-25 00:00:00-04:00,0.529868594063084,0.5437084436416626,0.529868594063084,0.5437084436416626,8500,0.0,0.0
2004-10-26 00:00:00-04:00,0.5535940731333198,0.5812737738438448,0.5535940731333198,0.5733652710914612,7500,0.0,0.0
2004-10-27 00:00:00-04:00,0.5832508625143114,0.6227933168411255,0.5832508625143114,0.6227933168411255,24000,0.0,0.0
2004-10-28 00:00:00-04:00,0.6129077066243208,0.6129077066243208,0.5931365092889608,0.6010449528694153,8000,0.0,0.0
2004-10-29 00:00:00-04:00,0.603022109006305,0.6129077076911926,0.603022109006305,0.6129077076911926,5000,0.0,0.0
2004-11-01 00:00:00-05:00,0.6326788940812488,0.6326788940812488,0.59709069229501,0.6030220985412598,57000,0.0,0.0
2004-11-02 00:00:00-05:00,0.6129077171404974,0.6129077171404974,0.6109305620193481,0.6109305620193481,1500,0.0,0.0
2004-11-03 00:00:00-05:00,0.6208161994343792,0.6208161994343792,0.6030220985412598,0.6030220985412598,1500,0.0,0.0
2004-11-04 00:00:00-05:00,0.597090681587497,0.597090681587497,0.5931364893913269,0.5931364893913269,40500,0.0,0.0
2004-11-05 00:00:00-05:00,0.5990678668022156,0.6129077169547996,0.5990678668022156,0.5990678668022156,6000,0.0,0.0
2004-11-08 00:00:00-05:00,0.593136528672331,0.5970907211303711,0.593136528672331,0.5970907211303711,12500,0.0,0.0
2004-11-09 00:00:00-05:00,0.5990678668022156,0.5990678668022156,0.5931365192861987,0.5990678668022156,5500,0.0,0.0
2004-11-10 00:00:00-05:00,0.6129077169547996,0.6129077169547996,0.5990678668022156,0.5990678668022156,5000,0.0,0.0
2004-11-11 00:00:00-05:00,0.6129076860634332,0.6129076860634332,0.5931364893913269,0.5931364893913269,6500,0.0,0.0
2004-11-12 00:00:00-05:00,0.5931364893913269,0.5931364893913269,0.5931364893913269,0.5931364893913269,10500,0.0,0.0
2004-11-15 00:00:00-05:00,0.5832508206367493,0.5832508206367493,0.5832508206367493,0.5832508206367493,500,0.0,0.0
2004-11-16 00:00:00-05:00,0.6030220972640413,0.6030220972640413,0.5911593437194824,0.5911593437194824,3000,0.0,0.0
2004-11-17 00:00:00-05:00,0.5872051119804382,0.5872051119804382,0.5872051119804382,0.5872051119804382,1500,0.0,0.0
2004-11-18 00:00:00-05:00,0.5832508516984648,0.6010449528694153,0.5832508516984648,0.6010449528694153,2000,0.0,0.0
2004-11-19 00:00:00-05:00,0.5832508486390734,0.5832508486390734,0.5456855503298085,0.5535940527915955,33000,0.0,0.0
2004-11-22 00:00:00-05:00,0.5516169667243958,0.5516169667243958,0.5516169667243958,0.5516169667243958,5000,0.0,0.0
2004-11-23 00:00:00-05:00,0.5535940629145878,0.5535940629145878,0.5516169667243958,0.5516169667243958,30000,0.0,0.0
2004-11-24 00:00:00-05:00,0.5516169667243958,0.5516169667243958,0.5516169667243958,0.5516169667243958,0,0.0,0.0
2004-11-26 00:00:00-05:00,0.5694110197037343,0.573365271079846,0.5615025758743286,0.5615025758743286,7000,0.0,0.0
2004-11-29 00:00:00-05:00,0.5615025758743286,0.5615025758743286,0.5615025758743286,0.5615025758743286,0,0.0,0.0
2004-11-30 00:00:00-05:00,0.5575482932202412,0.5575482932202412,0.5437084436416626,0.5437084436416626,29000,0.0,0.0
2004-12-01 00:00:00-05:00,0.5357999305677393,0.5377770855665621,0.49428038266621943,0.5338228344917297,72500,0.0,0.0
2004-12-02 00:00:00-05:00,0.523937193482567,0.523937193482567,0.4942803978919983,0.4942803978919983,34500,0.0,0.0
2004-12-03 00:00:00-05:00,0.5140515799799472,0.5911593287615019,0.5140515799799472,0.5456855297088623,91500,0.0,0.0
2004-12-06 00:00:00-05:00,0.5338228344917297,0.5338228344917297,0.5338228344917297,0.5338228344917297,5000,0.0,0.0
2004-12-07 00:00:00-05:00,0.5259143710136414,0.5259143710136414,0.5259143710136414,0.5259143710136414,2500,0.0,0.0
2004-12-08 00:00:00-05:00,0.514051616191864,0.514051616191864,0.514051616191864,0.514051616191864,1000,0.0,0.0
2004-12-09 00:00:00-05:00,0.514051616191864,0.514051616191864,0.514051616191864,0.514051616191864,0,0.0,0.0
2004-12-10 00:00:00-05:00,0.5160287618637085,0.5160287618637085,0.5160287618637085,0.5160287618637085,8500,0.0,0.0
2004-12-13 00:00:00-05:00,0.5081202387809753,0.5081202387809753,0.5081202387809753,0.5081202387809753,500,0.0,0.0
2004-12-14 00:00:00-05:00,0.5081202387809753,0.5081202387809753,0.5081202387809753,0.5081202387809753,0,0.0,0.0
2004-12-15 00:00:00-05:00,0.5081202387809753,0.5081202387809753,0.5081202387809753,0.5081202387809753,0,0.0,0.0
2004-12-16 00:00:00-05:00,0.5061431527137756,0.5061431527137756,0.5061431527137756,0.5061431527137756,1500,0.0,0.0
2004-12-17 00:00:00-05:00,0.5061431527137756,0.5061431527137756,0.5061431527137756,0.5061431527137756,4500,0.0,0.0
2004-12-20 00:00:00-05:00,0.514051596203486,0.514051596203486,0.5061431527137756,0.5061431527137756,6000,0.0,0.0
2004-12-21 00:00:00-05:00,0.5061431527137756,0.5061431527137756,0.5061431527137756,0.5061431527137756,0,0.0,0.0
2004-12-22 00:00:00-05:00,0.5120744705200195,0.5120744705200195,0.5120744705200195,0.5120744705200195,5000,0.0,0.0
2004-12-23 00:00:00-05:00,0.5061431235142143,0.5120744705200195,0.5061431235142143,0.5120744705200195,16000,0.0,0.0
2004-12-27 00:00:00-05:00,0.5120745105762525,0.5160287618637085,0.5081202592887967,0.5160287618637085,67000,0.0,0.0
2004-12-28 00:00:00-05:00,0.5160287618637085,0.5160287618637085,0.5160287618637085,0.5160287618637085,0,0.0,0.0
2004-12-29 00:00:00-05:00,0.5100973348834992,0.5100973348834992,0.5081202387809753,0.5081202387809753,1500,0.0,0.0
2004-12-30 00:00:00-05:00,0.5081202387809753,0.5081202387809753,0.5081202387809753,0.5081202387809753,0,0.0,0.0
2004-12-31 00:00:00-05:00,0.5081202387809753,0.5140515860113608,0.5081202387809753,0.5081202387809753,16000,0.0,0.0
2005-01-03 00:00:00-05:00,0.5081202387809753,0.5081202387809753,0.5081202387809753,0.5081202387809753,0,0.0,0.0
2005-01-04 00:00:00-05:00,0.510097324848175,0.510097324848175,0.510097324848175,0.510097324848175,1000,0.0,0.0
2005-01-05 00:00:00-05:00,0.510097324848175,0.510097324848175,0.510097324848175,0.510097324848175,0,0.0,0.0
2005-01-06 00:00:00-05:00,0.5239371964625835,0.5298686027526855,0.5239371964625835,0.5298686027526855,5000,0.0,0.0
2005-01-07 00:00:00-05:00,0.5140515758982434,0.5140515758982434,0.5081202287845473,0.510097324848175,15500,0.0,0.0
2005-01-10 00:00:00-05:00,0.510097324848175,0.510097324848175,0.510097324848175,0.510097324848175,0,0.0,0.0
2005-01-11 00:00:00-05:00,0.510097324848175,0.510097324848175,0.510097324848175,0.510097324848175,0,0.0,0.0
2005-01-12 00:00:00-05:00,0.510097324848175,0.510097324848175,0.510097324848175,0.510097324848175,0,0.0,0.0
2005-01-13 00:00:00-05:00,0.5081202304117979,0.5219600796699524,0.5081202304117979,0.5219600796699524,12000,0.0,0.0
2005-01-14 00:00:00-05:00,0.5219600796699524,0.5219600796699524,0.5219600796699524,0.5219600796699524,0,0.0,0.0
2005-01-18 00:00:00-05:00,0.5219600882670841,0.533822841650669,0.5081202387809753,0.5081202387809753,6000,0.0,0.0
2005-01-19 00:00:00-05:00,0.5081202387809753,0.5081202387809753,0.5081202387809753,0.5081202387809753,0,0.0,0.0
2005-01-20 00:00:00-05:00,0.5120744884248056,0.5120744884248056,0.496257483959198,0.496257483959198,28500,0.0,0.0
2005-01-21 00:00:00-05:00,0.5100973449972231,0.5100973449972231,0.5061431527137756,0.5061431527137756,3000,0.0,0.0
2005-01-24 00:00:00-05:00,0.5061431527137756,0.5061431527137756,0.5061431527137756,0.5061431527137756,0,0.0,0.0
2005-01-25 00:00:00-05:00,0.5061431527137756,0.5061431527137756,0.5061431527137756,0.5061431527137756,0,0.0,0.0
2005-01-26 00:00:00-05:00,0.49625749245950784,0.49625749245950784,0.47450916986958785,0.47648629546165466,23500,0.0,0.0
2005-01-27 00:00:00-05:00,0.47648629546165466,0.47648629546165466,0.47648629546165466,0.47648629546165466,0,0.0,0.0
2005-01-28 00:00:00-05:00,0.4606693201865276,0.47648629546165466,0.4606693201865276,0.47648629546165466,15000,0.0,0.0
2005-01-31 00:00:00-05:00,0.49823466961518315,0.5041660171930968,0.4764863165990765,0.5021889209747314,117000,0.0,0.0
2005-02-01 00:00:00-05:00,0.500211745225549,0.502188900285276,0.48637192496012815,0.4942803978919983,25500,0.0,0.0
2005-02-02 00:00:00-05:00,0.49428038705552574,0.49428038705552574,0.48439478874206543,0.48439478874206543,6000,0.0,0.0
2005-02-03 00:00:00-05:00,0.47450914336011785,0.5002117156982422,0.47450914336011785,0.5002117156982422,59000,0.0,0.0
2005-02-04 00:00:00-05:00,0.5002117685314568,0.6247704807991771,0.4942804209215522,0.5852280259132385,302500,0.0,0.0
2005-02-07 00:00:00-05:00,0.6129077188079931,0.6722213709159542,0.6129077188079931,0.6346560716629028,72500,0.0,0.0
2005-02-08 00:00:00-05:00,0.6346560538297653,0.6623357534408569,0.6287246475396633,0.6623357534408569,45000,0.0,0.0
2005-02-09 00:00:00-05:00,0.6722213508239536,0.684084045537292,0.6425644961949771,0.6504729986190796,29000,0.0,0.0
2005-02-10 00:00:00-05:00,0.6564043371898092,0.6662899945490257,0.6484958937943761,0.6643128395080566,22500,0.0,0.0
2005-02-11 00:00:00-05:00,0.6484958956860144,0.6880382895469666,0.6484958956860144,0.6880382895469666,31000,0.0,0.0
2005-02-14 00:00:00-05:00,0.6900154663383142,0.7493291179217215,0.6900154663383142,0.7196722626686096,174500,0.0,0.0
2005-02-15 00:00:00-05:00,0.7394434881377727,0.7394434881377727,0.713740885257721,0.713740885257721,79000,0.0,0.0
2005-02-16 00:00:00-05:00,0.713740872652515,0.7216493747717553,0.6722213249107232,0.6919925212860107,71000,0.0,0.0
2005-02-17 00:00:00-05:00,0.6919925212860107,0.6919925212860107,0.6702441699195065,0.6919925212860107,77000,0.0,0.0
2005-02-18 00:00:00-05:00,0.6919925313158709,0.7097866318806658,0.6840840290820035,0.690015435218811,55000,0.0,0.0
2005-02-22 00:00:00-05:00,0.6919925212860107,0.6999010234052511,0.6722213249107232,0.6919925212860107,70500,0.0,0.0
2005-02-23 00:00:00-05:00,0.6919925212860107,0.6999010234052511,0.682106923098367,0.6919925212860107,99500,0.0,0.0
2005-02-24 00:00:00-05:00,0.6959468126296997,0.71571801014942,0.688038310052685,0.6959468126296997,137000,0.0,0.0
2005-02-25 00:00:00-05:00,0.6999010443687439,0.7018781404963655,0.6761755962232096,0.6999010443687439,61500,0.0,0.0
2005-02-28 00:00:00-05:00,0.7018781304359436,0.7117637877007997,0.697923879314564,0.7018781304359436,118000,0.0,0.0
2005-03-01 00:00:00-05:00,0.7038552744648712,0.7157179687209185,0.6919925212860107,0.6919925212860107,271500,0.0,0.0
2005-03-02 00:00:00-05:00,0.7018781358988223,0.7611917853355408,0.6959467886319949,0.7611917853355408,124500,0.0,0.0
2005-03-03 00:00:00-05:00,0.777008817694149,0.8956361208042243,0.777008817694149,0.8877276182174683,268500,0.0,0.0
2005-03-04 00:00:00-05:00,0.9292471640436377,1.0656685089481255,0.9272700678676549,0.9846065640449524,717000,0.0,0.0
2005-03-07 00:00:00-05:00,1.037988765434842,1.168478875264035,1.037988765434842,1.1625474691390991,740500,0.0,0.0
2005-03-08 00:00:00-05:00,1.1467305201452704,1.3246715340401771,1.117073723777997,1.2950146198272705,812500,0.0,0.0
2005-03-09 00:00:00-05:00,1.334557101437554,1.3404883898641116,1.12695929605853,1.1566160917282104,715500,0.0,0.0
2005-03-10 00:00:00-05:00,1.1467304929035942,1.1467304929035942,0.9529725962564249,1.0122863054275513,431000,0.0,0.0
2005-03-11 00:00:00-05:00,0.9925150011438905,1.0874169132688511,0.8897047043670121,1.0340346097946167,398000,0.0,0.0
2005-03-14 00:00:00-05:00,0.9885607741110515,1.0182175690514323,0.9114530247741217,0.9687895774841309,142000,0.0,0.0
2005-03-15 00:00:00-05:00,0.9589040056474208,0.9589040056474208,0.9055217025733947,0.9272700548171997,95500,0.0,0.0
2005-03-16 00:00:00-05:00,0.9055217271735918,0.9154073260285689,0.8284139736128269,0.838299572467804,134000,0.0,0.0
2005-03-17 00:00:00-05:00,0.8185283269665015,0.8185283269665015,0.7315349796300331,0.7513061761856079,341000,0.0,0.0
2005-03-18 00:00:00-05:00,0.7532833519230179,0.7592146992683411,0.7532833519230179,0.7592146992683411,24500,0.0,0.0
2005-03-21 00:00:00-05:00,0.7493291293514895,0.759214728279043,0.7414206266403198,0.7414206266403198,24500,0.0,0.0
2005-03-22 00:00:00-05:00,0.7315349796300331,0.8699334733646843,0.6939696826053154,0.7513061761856079,252500,0.0,0.0
2005-03-23 00:00:00-05:00,0.769100305846655,0.790848658236954,0.7315350073961121,0.7335121035575867,89000,0.0,0.0
2005-03-24 00:00:00-05:00,0.7414205946953856,0.7453748458805971,0.674198442392419,0.7117637991905212,122000,0.0,0.0
2005-03-28 00:00:00-05:00,0.7315349701088641,0.7315349701088641,0.6643128202028891,0.6682670712471008,69500,0.0,0.0
2005-03-29 00:00:00-05:00,0.6623357485440527,0.6623357485440527,0.6030220985412598,0.6030220985412598,158500,0.0,0.0
2005-03-30 00:00:00-05:00,0.5931365103214175,0.6425645037458555,0.5753424091194933,0.6129077076911926,178500,0.0,0.0
2005-03-31 00:00:00-05:00,0.6129077100132051,0.6722213612700577,0.6129077100132051,0.6484959125518799,28500,0.0,0.0
2005-04-01 00:00:00-05:00,0.638610283374239,0.6564043248721629,0.6326788772854509,0.6425644755363464,34500,0.0,0.0
2005-04-04 00:00:00-04:00,0.6564043536892614,0.6603586049477796,0.603022109006305,0.6129077076911926,47500,0.0,0.0
2005-04-05 00:00:00-04:00,0.6049991698543122,0.6445416212081909,0.5931364756941174,0.6445416212081909,34500,0.0,0.0
2005-04-06 00:00:00-04:00,0.6366331383224118,0.6405873894691467,0.6227932887702466,0.6405873894691467,12500,0.0,0.0
2005-04-07 00:00:00-04:00,0.6307018099492718,0.6326789061204338,0.62081621124783,0.62477046251297,20000,0.0,0.0
2005-04-08 00:00:00-04:00,0.642564486462104,0.8205054347722591,0.642564486462104,0.7611917853355408,744500,0.0,0.0
2005-04-11 00:00:00-04:00,0.7809630648881319,0.8699335122922607,0.7414206110847323,0.8165512084960938,501500,0.0,0.0
2005-04-12 00:00:00-04:00,0.8284139594574412,0.8284139594574412,0.7651460571592873,0.7691003084182739,119000,0.0,0.0
2005-04-13 00:00:00-04:00,0.7710773675097989,0.7710773675097989,0.691992522901238,0.7038552761077881,88000,0.0,0.0
2005-04-14 00:00:00-04:00,0.6939696778970696,0.7295578196710935,0.691992522901238,0.7038552761077881,52500,0.0,0.0
2005-04-15 00:00:00-04:00,0.6939696937400776,0.6939696937400776,0.6445416426352524,0.6643128395080566,80500,0.0,0.0
2005-04-18 00:00:00-04:00,0.6484959100950409,0.6583815087799285,0.6129077076911926,0.6129077076911926,87500,0.0,0.0
2005-04-19 00:00:00-04:00,0.6030220985412598,0.6307017979477088,0.6030220985412598,0.6030220985412598,108000,0.0,0.0
2005-04-20 00:00:00-04:00,0.5990678265108601,0.6030220775631936,0.5951135754585266,0.5951135754585266,27500,0.0,0.0
2005-04-21 00:00:00-04:00,0.6109305419982345,0.6109305419982345,0.59511359616147,0.6030220985412598,21000,0.0,0.0
2005-04-22 00:00:00-04:00,0.6069763514960228,0.6425644944629241,0.6069763514960228,0.6267475485801697,49000,0.0,0.0
2005-04-25 00:00:00-04:00,0.6188390355355263,0.6227932866689195,0.6129076882968436,0.6168619394302368,20000,0.0,0.0
2005-04-26 00:00:00-04:00,0.6129076774136658,0.6168619284768448,0.6030220792171249,0.606976330280304,32000,0.0,0.0
2005-04-27 00:00:00-04:00,0.59511359616147,0.6049991946747997,0.5931365000279301,0.6030220985412598,16500,0.0,0.0
2005-04-28 00:00:00-04:00,0.6010449242241289,0.6168619284768448,0.599067828153946,0.606976330280304,31500,0.0,0.0
2005-04-29 00:00:00-04:00,0.6030220885078156,0.6069763396319173,0.5931364901589685,0.6049991846084595,77500,0.0,0.0
2005-05-02 00:00:00-04:00,0.604999175287308,0.6168619284768448,0.5951135770907671,0.606976330280304,35000,0.0,0.0
2005-05-03 00:00:00-04:00,0.6069763231614206,0.6326788663864136,0.6069763231614206,0.6326788663864136,30000,0.0,0.0
2005-05-04 00:00:00-04:00,0.6227933168411255,0.6247704719650156,0.6030221191391268,0.6227933168411255,74500,0.0,0.0
2005-05-05 00:00:00-04:00,0.6326788871756768,0.6524501429093515,0.6267475399169816,0.6405873894691467,48500,0.0,0.0
2005-05-06 00:00:00-04:00,0.6524501553214336,0.6999010521393207,0.6524501553214336,0.6741984486579895,70000,0.0,0.0
2005-05-09 00:00:00-04:00,0.6722213625907898,0.6722213625907898,0.6722213625907898,0.6722213625907898,4000,0.0,0.0
2005-05-10 00:00:00-04:00,0.6919925677209375,0.6919925677209375,0.6129077179901262,0.6227933168411255,112000,0.0,0.0
2005-05-11 00:00:00-04:00,0.6129077179901262,0.6247704719650156,0.6129077179901262,0.6227933168411255,85000,0.0,0.0
2005-05-12 00:00:00-04:00,0.6129077076911926,0.6287246538024497,0.5931365103214175,0.6129077076911926,31500,0.0,0.0
2005-05-13 00:00:00-04:00,0.6148847931881294,0.6227932955679191,0.6030220985412598,0.6030220985412598,35000,0.0,0.0
2005-05-16 00:00:00-04:00,0.5931365184105151,0.5951136146053295,0.5832508606679925,0.5872051119804382,165000,0.0,0.0
2005-05-17 00:00:00-04:00,0.567433896755021,0.6030220985412598,0.567433896755021,0.6030220985412598,135000,0.0,0.0
2005-05-18 00:00:00-04:00,0.6030220985412598,0.6030220985412598,0.6030220985412598,0.6030220985412598,0,0.0,0.0
2005-05-19 00:00:00-04:00,0.595113585489412,0.6049991838254651,0.5792966399362898,0.5931364893913269,17000,0.0,0.0
2005-05-20 00:00:00-04:00,0.5891822488380352,0.6030220985412598,0.5891822488380352,0.6030220985412598,22500,0.0,0.0
2005-05-23 00:00:00-04:00,0.6049992051741562,0.6307018088931168,0.6049992051741562,0.6129077076911926,7000,0.0,0.0
2005-05-24 00:00:00-04:00,0.6049991846084595,0.6049991846084595,0.6049991846084595,0.6049991846084595,6500,0.0,0.0
2005-05-25 00:00:00-04:00,0.6049991846084595,0.6049991846084595,0.6049991846084595,0.6049991846084595,1000,0.0,0.0
2005-05-26 00:00:00-04:00,0.6049991846084595,0.6049991846084595,0.6049991846084595,0.6049991846084595,5000,0.0,0.0
2005-05-27 00:00:00-04:00,0.6129076970545894,0.6129076970545894,0.6030220985412598,0.6030220985412598,97500,0.0,0.0
2005-05-31 00:00:00-04:00,0.6030221100161084,0.62477046251297,0.5931365113146666,0.62477046251297,17500,0.0,0.0
2005-06-01 00:00:00-04:00,0.6129077179901262,0.6346560708160148,0.6129077179901262,0.6227933168411255,13500,0.0,0.0
2005-06-02 00:00:00-04:00,0.622793307418992,0.62477046251297,0.622793307418992,0.62477046251297,3500,0.0,0.0
2005-06-03 00:00:00-04:00,0.6227932683058153,0.6326788663864136,0.612907670225217,0.6326788663864136,33000,0.0,0.0
2005-06-06 00:00:00-04:00,0.6227933090368238,0.6643128590444244,0.6227933090368238,0.6603586077690125,111000,0.0,0.0
2005-06-07 00:00:00-04:00,0.6623357477595992,0.7117637991905212,0.6405873957023431,0.7117637991905212,112500,0.0,0.0
2005-06-08 00:00:00-04:00,0.7216494087431078,0.7611918033551252,0.6860612064540395,0.7335121035575867,101500,0.0,0.0
2005-06-09 00:00:00-04:00,0.7315350277127664,0.7433977228567035,0.7236265250015965,0.7414206266403198,32000,0.0,0.0
2005-06-10 00:00:00-04:00,0.7513062042829198,0.7513062042829198,0.7196722532572669,0.7216494083404541,10000,0.0,0.0
2005-06-13 00:00:00-04:00,0.7216493805198572,0.741420577052627,0.7216493805198572,0.7394434809684753,24500,0.0,0.0
2005-06-14 00:00:00-04:00,0.739443509887642,0.7453748572948814,0.7335121035575867,0.7335121035575867,15000,0.0,0.0
2005-06-15 00:00:00-04:00,0.745374858379364,0.745374858379364,0.745374858379364,0.745374858379364,4000,0.0,0.0
2005-06-16 00:00:00-04:00,0.7433976926969367,0.7433976926969367,0.7295578429752833,0.7354892492294312,20000,0.0,0.0
2005-06-17 00:00:00-04:00,0.7374663752847349,0.7414206266403198,0.7216494287852129,0.7414206266403198,45000,0.0,0.0
2005-06-20 00:00:00-04:00,0.7315349894113415,0.7493290901184082,0.7315349894113415,0.7493290901184082,1500,0.0,0.0
2005-06-21 00:00:00-04:00,0.7513061761856079,0.7513061761856079,0.7513061761856079,0.7513061761856079,1500,0.0,0.0
2005-06-22 00:00:00-04:00,0.7473519742122884,0.7473519742122884,0.7414206266403198,0.7414206266403198,5000,0.0,0.0
2005-06-23 00:00:00-04:00,0.7315350069879426,0.7433977017958027,0.7196722532572669,0.7216494083404541,115500,0.0,0.0
2005-06-24 00:00:00-04:00,0.7157179914529179,0.7176951465069311,0.7117637991905212,0.7117637991905212,12000,0.0,0.0
2005-06-27 00:00:00-04:00,0.7117637991905212,0.7176951465069311,0.7117637991905212,0.7117637991905212,5000,0.0,0.0
2005-06-28 00:00:00-04:00,0.7117638164806538,0.7157180088391055,0.6722213625907898,0.6722213625907898,36000,0.0,0.0
2005-06-29 00:00:00-04:00,0.6919925492001057,0.6919925492001057,0.6623357534408569,0.6623357534408569,26000,0.0,0.0
2005-06-30 00:00:00-04:00,0.662335730960951,0.662335730960951,0.6425644755363464,0.6425644755363464,17500,0.0,0.0
2005-07-01 00:00:00-04:00,0.6445416419807077,0.6524501442909241,0.6445416419807077,0.6524501442909241,8500,0.0,0.0
2005-07-05 00:00:00-04:00,0.6524501342723359,0.6583814814525131,0.6465187281693452,0.6544272303581238,8500,0.0,0.0
2005-07-06 00:00:00-04:00,0.6524501342723359,0.6623357325469024,0.6524501342723359,0.6544272303581238,20500,0.0,0.0
2005-07-07 00:00:00-04:00,0.6465187574537222,0.6484959125518799,0.6465187574537222,0.6484959125518799,3500,0.0,0.0
2005-07-08 00:00:00-04:00,0.648495912865593,0.6603586077690125,0.648495912865593,0.6603586077690125,1500,0.0,0.0
2005-07-11 00:00:00-04:00,0.6623357534408569,0.6623357534408569,0.6623357534408569,0.6623357534408569,1000,0.0,0.0
2005-07-12 00:00:00-04:00,0.6821069402627062,0.6821069402627062,0.6643128395080566,0.6643128395080566,14000,0.0,0.0
2005-07-13 00:00:00-04:00,0.6722213728481178,0.6821069717407227,0.6722213728481178,0.6821069717407227,16000,0.0,0.0
2005-07-14 00:00:00-04:00,0.6821069416189054,0.6860611927858912,0.676175594329834,0.676175594329834,16000,0.0,0.0
2005-07-15 00:00:00-04:00,0.6781527124525062,0.7196722626686096,0.6781527124525062,0.7196722626686096,43500,0.0,0.0
2005-07-18 00:00:00-04:00,0.7196722532572669,0.7315350069879426,0.6919925534751726,0.7216494083404541,61500,0.0,0.0
2005-07-19 00:00:00-04:00,0.731535017490387,0.7414206162798003,0.7137409161003163,0.731535017490387,33500,0.0,0.0
2005-07-20 00:00:00-04:00,0.731535017490387,0.731535017490387,0.731535017490387,0.731535017490387,0,0.0,0.0
2005-07-21 00:00:00-04:00,0.7414206056354312,0.7414206056354312,0.7216494083404541,0.7216494083404541,18000,0.0,0.0
2005-07-22 00:00:00-04:00,0.7196722626686096,0.7315350165544177,0.7196722626686096,0.7196722626686096,12000,0.0,0.0
2005-07-25 00:00:00-04:00,0.719672252150969,0.7295578507832612,0.7078095573613447,0.7097866535186768,30500,0.0,0.0
2005-07-26 00:00:00-04:00,0.7018781510437168,0.7097866535186768,0.7018781510437168,0.7097866535186768,5000,0.0,0.0
2005-07-27 00:00:00-04:00,0.7058324022811968,0.7097866535186768,0.7058324022811968,0.7097866535186768,6500,0.0,0.0
2005-07-28 00:00:00-04:00,0.7097866535186768,0.7097866535186768,0.7097866535186768,0.7097866535186768,0,0.0,0.0
2005-07-29 00:00:00-04:00,0.7117637997652552,0.7236264944076538,0.7097866447096455,0.7236264944076538,12000,0.0,0.0
2005-08-01 00:00:00-04:00,0.713740885257721,0.713740885257721,0.713740885257721,0.713740885257721,1000,0.0,0.0
2005-08-02 00:00:00-04:00,0.7176951570968956,0.7216494083404541,0.7176951570968956,0.7216494083404541,5500,0.0,0.0
2005-08-03 00:00:00-04:00,0.7137409149308431,0.7137409149308431,0.707809567451477,0.707809567451477,2500,0.0,0.0
2005-08-04 00:00:00-04:00,0.7117638085988246,0.7117638085988246,0.7078095573613447,0.7097866535186768,5500,0.0,0.0
2005-08-05 00:00:00-04:00,0.707809567451477,0.7137409149308431,0.707809567451477,0.707809567451477,14500,0.0,0.0
2005-08-08 00:00:00-04:00,0.7216494083404541,0.7216494083404541,0.7216494083404541,0.7216494083404541,5000,0.0,0.0
2005-08-09 00:00:00-04:00,0.7216494279524316,0.7216494279524316,0.7038553263342426,0.7176951766014099,50500,0.0,0.0
2005-08-10 00:00:00-04:00,0.723626513963879,0.7315350165544177,0.7196722626686096,0.7196722626686096,7000,0.0,0.0
2005-08-11 00:00:00-04:00,0.7117638199115602,0.731535017490387,0.705832413499659,0.731535017490387,7500,0.0,0.0
2005-08-12 00:00:00-04:00,0.731535017490387,0.731535017490387,0.731535017490387,0.731535017490387,0,0.0,0.0
2005-08-15 00:00:00-04:00,0.7216494280383747,0.7295578718185425,0.7137409253353895,0.7295578718185425,14000,0.0,0.0
2005-08-16 00:00:00-04:00,0.7216494083404541,0.7216494083404541,0.7137409058533369,0.7216494083404541,38500,0.0,0.0
2005-08-17 00:00:00-04:00,0.7157180113733402,0.7216494177776526,0.7157180113733402,0.7196722626686096,16500,0.0,0.0
2005-08-18 00:00:00-04:00,0.7196722626686096,0.7196722626686096,0.7196722626686096,0.7196722626686096,0,0.0,0.0
2005-08-19 00:00:00-04:00,0.7176951766014099,0.7176951766014099,0.7176951766014099,0.7176951766014099,3500,0.0,0.0
2005-08-22 00:00:00-04:00,0.7176951279013516,0.729557822226642,0.7176951279013516,0.727580726146698,6000,0.0,0.0
2005-08-23 00:00:00-04:00,0.7216493773973376,0.7216493773973376,0.7157179713249207,0.7157179713249207,7500,0.0,0.0
2005-08-24 00:00:00-04:00,0.7018781610492945,0.707809567451477,0.6979239097554448,0.707809567451477,13500,0.0,0.0
2005-08-25 00:00:00-04:00,0.699901025038938,0.7038552761077881,0.6939696778970696,0.7038552761077881,5500,0.0,0.0
2005-08-26 00:00:00-04:00,0.7137409151871139,0.7196722626686096,0.7058324125965751,0.7196722626686096,10500,0.0,0.0
2005-08-29 00:00:00-04:00,0.7038553161576274,0.7354892675856075,0.6959468135699283,0.707809567451477,20500,0.0,0.0
2005-08-30 00:00:00-04:00,0.707809567451477,0.707809567451477,0.707809567451477,0.707809567451477,500,0.0,0.0
2005-08-31 00:00:00-04:00,0.7137408768186503,0.727580726146698,0.7137408768186503,0.727580726146698,3000,0.0,0.0
2005-09-01 00:00:00-04:00,0.7275807361867246,0.7275807361867246,0.7256036400794983,0.7256036400794983,3500,0.0,0.0
2005-09-02 00:00:00-04:00,0.731535017490387,0.731535017490387,0.731535017490387,0.731535017490387,10000,0.0,0.0
2005-09-06 00:00:00-04:00,0.7374663243920445,0.7394434793948018,0.7236264750639968,0.727580726146698,3000,0.0,0.0
2005-09-07 00:00:00-04:00,0.739443509887642,0.747351953456356,0.7295578523118218,0.7335121035575867,19500,0.0,0.0
2005-09-08 00:00:00-04:00,0.7335120947146425,0.7473519444465637,0.7335120947146425,0.7473519444465637,5500,0.0,0.0
2005-09-09 00:00:00-04:00,0.7414205779078205,0.7513061761856079,0.7394434818213884,0.7513061761856079,17000,0.0,0.0
2005-09-12 00:00:00-04:00,0.7513062150692136,0.7513062150692136,0.731535017490387,0.731535017490387,5500,0.0,0.0
2005-09-13 00:00:00-04:00,0.7315349980342709,0.7473519438920969,0.7315349980342709,0.7354892492294312,13500,0.0,0.0
2005-09-14 00:00:00-04:00,0.7473519242278951,0.7513061753190118,0.7394434809684753,0.7394434809684753,10500,0.0,0.0
2005-09-15 00:00:00-04:00,0.7374663562516592,0.7572375535964966,0.7374663562516592,0.7572375535964966,22500,0.0,0.0
2005-09-16 00:00:00-04:00,0.7552604594836598,0.7809630632400513,0.7552604594836598,0.7809630632400513,24000,0.0,0.0
2005-09-19 00:00:00-04:00,0.7809630323477141,0.7868943795480967,0.7710773751166582,0.7750316262245178,25000,0.0,0.0
2005-09-20 00:00:00-04:00,0.7829401199772259,0.7888714671134949,0.7789858689121087,0.7888714671134949,18500,0.0,0.0
2005-09-21 00:00:00-04:00,0.786894421073454,0.796780019903371,0.786894421073454,0.7908486723899841,29500,0.0,0.0
2005-09-22 00:00:00-04:00,0.80073424266695,0.8106198411443618,0.7967799914914223,0.8086427450180054,13500,0.0,0.0
2005-09-23 00:00:00-04:00,0.8165512186283297,0.8402767265584589,0.8125970262294584,0.814574122428894,63000,0.0,0.0
2005-09-26 00:00:00-04:00,0.8205054420728228,0.8442308902740479,0.8205054420728228,0.8442308902740479,52500,0.0,0.0
2005-09-27 00:00:00-04:00,0.8541165590286255,0.8798191037029058,0.8501623077888557,0.8541165590286255,70500,0.0,0.0
2005-09-28 00:00:00-04:00,0.848185122013092,0.848185122013092,0.848185122013092,0.848185122013092,500,0.0,0.0
2005-09-29 00:00:00-04:00,0.879819084406,0.8897046828271976,0.8600478875636045,0.8699334859848022,31000,0.0,0.0
2005-09-30 00:00:00-04:00,0.8719106301460126,0.8719106301460126,0.8541165296407047,0.8600478768348694,18500,0.0,0.0
2005-10-03 00:00:00-04:00,0.8244596914136216,0.8264368464642708,0.8205054402351379,0.8205054402351379,19500,0.0,0.0
2005-10-04 00:00:00-04:00,0.8185283726828787,0.8185283726828787,0.7908486723899841,0.7908486723899841,57500,0.0,0.0
2005-10-05 00:00:00-04:00,0.7809630299417838,0.7809630299417838,0.7513061761856079,0.7513061761856079,18000,0.0,0.0
2005-10-06 00:00:00-04:00,0.7414206266403198,0.7414206266403198,0.7414206266403198,0.7414206266403198,14500,0.0,0.0
2005-10-07 00:00:00-04:00,0.7414205971108303,0.7493290995070182,0.7414205971108303,0.7473519444465637,16500,0.0,0.0
2005-10-10 00:00:00-04:00,0.7572375149709247,0.765146017074585,0.7572375149709247,0.765146017074585,2500,0.0,0.0
2005-10-11 00:00:00-04:00,0.7513062057952333,0.7513062057952333,0.7374663558763278,0.745374858379364,29000,0.0,0.0
2005-10-12 00:00:00-04:00,0.7453748779959046,0.7453748779959046,0.7295578725735652,0.7414206266403198,56000,0.0,0.0
2005-10-13 00:00:00-04:00,0.731535017490387,0.7374663649794716,0.731535017490387,0.731535017490387,7500,0.0,0.0
2005-10-14 00:00:00-04:00,0.7295578206225382,0.7295578206225382,0.7157179713249207,0.7157179713249207,9500,0.0,0.0
2005-10-17 00:00:00-04:00,0.7117637991905212,0.7117637991905212,0.7117637991905212,0.7117637991905212,500,0.0,0.0
2005-10-18 00:00:00-04:00,0.727580726146698,0.727580726146698,0.727580726146698,0.727580726146698,500,0.0,0.0
2005-10-19 00:00:00-04:00,0.727580726146698,0.727580726146698,0.727580726146698,0.727580726146698,0,0.0,0.0
2005-10-20 00:00:00-04:00,0.7196722626686096,0.7196722626686096,0.7196722626686096,0.7196722626686096,10000,0.0,0.0
2005-10-21 00:00:00-04:00,0.7295578519047555,0.7295578519047555,0.7216494083404541,0.7216494083404541,60500,0.0,0.0
2005-10-24 00:00:00-04:00,0.6999010443687439,0.6999010443687439,0.6999010443687439,0.6999010443687439,7500,0.0,0.0
2005-10-25 00:00:00-04:00,0.7117638085988246,0.7157180009134889,0.7097866535186768,0.7097866535186768,11000,0.0,0.0
2005-10-26 00:00:00-04:00,0.7295578718185425,0.7295578718185425,0.7295578718185425,0.7295578718185425,2000,0.0,0.0
2005-10-27 00:00:00-04:00,0.7117637991905212,0.7117637991905212,0.7117637991905212,0.7117637991905212,6000,0.0,0.0
2005-10-28 00:00:00-04:00,0.7117637869005397,0.7117637869005397,0.690015435218811,0.690015435218811,37500,0.0,0.0
2005-10-31 00:00:00-05:00,0.6821069522511447,0.6860612034797668,0.6741984497939005,0.6860612034797668,6500,0.0,0.0
2005-11-01 00:00:00-05:00,0.6741984392849338,0.6860611927858912,0.6722213431628482,0.676175594329834,11500,0.0,0.0
2005-11-02 00:00:00-05:00,0.6722213323737751,0.6722213323737751,0.6662899851799011,0.6662899851799011,12000,0.0,0.0
2005-11-03 00:00:00-05:00,0.6623357638490279,0.6722213625907898,0.6623357638490279,0.6722213625907898,16500,0.0,0.0
2005-11-04 00:00:00-05:00,0.6781526710804555,0.6801298260688782,0.6623357257871387,0.6801298260688782,21500,0.0,0.0
2005-11-07 00:00:00-05:00,0.6623357427172871,0.6623357427172871,0.6445416419807077,0.6524501442909241,17000,0.0,0.0
2005-11-08 00:00:00-05:00,0.6524501442909241,0.6524501442909241,0.6524501442909241,0.6524501442909241,0,0.0,0.0
2005-11-09 00:00:00-05:00,0.6524501442909241,0.6524501442909241,0.6524501442909241,0.6524501442909241,2500,0.0,0.0
2005-11-10 00:00:00-05:00,0.6445416212081909,0.6445416212081909,0.6445416212081909,0.6445416212081909,3000,0.0,0.0
2005-11-11 00:00:00-05:00,0.6425644755363464,0.6425644755363464,0.6030220825327641,0.6425644755363464,44000,0.0,0.0
2005-11-14 00:00:00-05:00,0.6326788663864136,0.6326788663864136,0.6326788663864136,0.6326788663864136,1000,0.0,0.0
2005-11-15 00:00:00-05:00,0.6129076882968436,0.6168619394302368,0.5990678387913746,0.6168619394302368,19000,0.0,0.0
2005-11-16 00:00:00-05:00,0.6168619787226851,0.6168619787226851,0.6069763797209232,0.6089534759521484,58500,0.0,0.0
2005-11-17 00:00:00-05:00,0.6109305620193481,0.6109305620193481,0.6109305620193481,0.6109305620193481,3500,0.0,0.0
2005-11-18 00:00:00-05:00,0.6227933168411255,0.6227933168411255,0.6227933168411255,0.6227933168411255,1000,0.0,0.0
2005-11-21 00:00:00-05:00,0.6168619482444843,0.6168619482444843,0.6010449434849048,0.6030220985412598,13500,0.0,0.0
2005-11-22 00:00:00-05:00,0.6089534759521484,0.6109305721833737,0.6089534759521484,0.6089534759521484,22000,0.0,0.0
2005-11-23 00:00:00-05:00,0.6089534349444491,0.6109305310425341,0.5931364893913269,0.5931364893913269,33500,0.0,0.0
2005-11-25 00:00:00-05:00,0.5931364893913269,0.5931364893913269,0.5931364893913269,0.5931364893913269,0,0.0,0.0
2005-11-28 00:00:00-05:00,0.577319494045571,0.6030220972640413,0.577319494045571,0.5911593437194824,51000,0.0,0.0
2005-11-29 00:00:00-05:00,0.5733652337964067,0.5931364893913269,0.5733652337964067,0.5931364893913269,15000,0.0,0.0
2005-11-30 00:00:00-05:00,0.593136528672331,0.6069763790439248,0.5773195231488993,0.5970907211303711,51500,0.0,0.0
2005-12-01 00:00:00-05:00,0.6109305721833737,0.6109305721833737,0.6089534759521484,0.6089534759521484,5500,0.0,0.0
2005-12-02 00:00:00-05:00,0.610930524922358,0.6307017803192139,0.610930524922358,0.6307017803192139,12500,0.0,0.0
2005-12-05 00:00:00-05:00,0.6326789087009258,0.6722213625907898,0.626747561240432,0.6722213625907898,23500,0.0,0.0
2005-12-06 00:00:00-05:00,0.6821069717407227,0.6840840679501167,0.6761756241897232,0.6821069717407227,20000,0.0,0.0
2005-12-07 00:00:00-05:00,0.6959468036489046,0.7097866535186768,0.6959468036489046,0.7097866535186768,5000,0.0,0.0
2005-12-08 00:00:00-05:00,0.7018781610492945,0.707809567451477,0.6919925622760787,0.707809567451477,12500,0.0,0.0
2005-12-09 00:00:00-05:00,0.6919925212860107,0.6919925212860107,0.6919925212860107,0.6919925212860107,1000,0.0,0.0
2005-12-12 00:00:00-05:00,0.682106922134488,0.682106922134488,0.6623357257871387,0.6801298260688782,25500,0.0,0.0
2005-12-13 00:00:00-05:00,0.6722213308214688,0.6722213308214688,0.6544272303581238,0.6544272303581238,7500,0.0,0.0
2005-12-14 00:00:00-05:00,0.6465187172606192,0.6465187172606192,0.6445416212081909,0.6445416212081909,18500,0.0,0.0
2005-12-15 00:00:00-05:00,0.6445416212081909,0.6445416212081909,0.6445416212081909,0.6445416212081909,4000,0.0,0.0
2005-12-16 00:00:00-05:00,0.636633148838308,0.6504729986190796,0.636633148838308,0.6504729986190796,9500,0.0,0.0
2005-12-19 00:00:00-05:00,0.6425644755363464,0.6425644755363464,0.6425644755363464,0.6425644755363464,500,0.0,0.0
2005-12-20 00:00:00-05:00,0.6366331283703718,0.6425644755363464,0.6326788772854509,0.6425644755363464,5000,0.0,0.0
2005-12-21 00:00:00-05:00,0.6425644644670119,0.6425644644670119,0.6326788663864136,0.6326788663864136,8500,0.0,0.0
2005-12-22 00:00:00-05:00,0.6583815217018127,0.6583815217018127,0.6326789174783937,0.6583815217018127,20000,0.0,0.0
2005-12-23 00:00:00-05:00,0.6484958704536208,0.6484958704536208,0.6326788663864136,0.6326788663864136,7500,0.0,0.0
2005-12-27 00:00:00-05:00,0.6326788663864136,0.6326788663864136,0.6326788663864136,0.6326788663864136,3500,0.0,0.0
2005-12-28 00:00:00-05:00,0.6247704232756224,0.6326788663864136,0.6247704232756224,0.6326788663864136,5000,0.0,0.0
2005-12-29 00:00:00-05:00,0.6247704340384225,0.6425644755363464,0.6247704340384225,0.6425644755363464,18500,0.0,0.0
2005-12-30 00:00:00-05:00,0.6267475502695876,0.6504729986190796,0.6267475502695876,0.6504729986190796,10000,0.0,0.0
2006-01-03 00:00:00-05:00,0.6504729986190796,0.6504729986190796,0.6504729986190796,0.6504729986190796,0,0.0,0.0
2006-01-04 00:00:00-05:00,0.6405873794552928,0.6425644755363464,0.6405873794552928,0.6425644755363464,4500,0.0,0.0
2006-01-05 00:00:00-05:00,0.6405873894691467,0.6405873894691467,0.6405873894691467,0.6405873894691467,1500,0.0,0.0
2006-01-06 00:00:00-05:00,0.650472987874577,0.650472987874577,0.6405873894691467,0.6405873894691467,2500,0.0,0.0
2006-01-09 00:00:00-05:00,0.6326788663864136,0.6326788663864136,0.6326788663864136,0.6326788663864136,2500,0.0,0.0
2006-01-10 00:00:00-05:00,0.6227932781604715,0.6307017803192139,0.6227932781604715,0.6307017803192139,13500,0.0,0.0
2006-01-11 00:00:00-05:00,0.6366331283703718,0.6425644755363464,0.6366331283703718,0.6425644755363464,5000,0.0,0.0
2006-01-12 00:00:00-05:00,0.6425644755363464,0.6425644755363464,0.6425644755363464,0.6425644755363464,0,0.0,0.0
2006-01-13 00:00:00-05:00,0.6524501243140999,0.6564043164253235,0.6524501243140999,0.6564043164253235,2000,0.0,0.0
2006-01-17 00:00:00-05:00,0.6544272498311308,0.6544272498311308,0.6504729986190796,0.6504729986190796,1000,0.0,0.0
2006-01-18 00:00:00-05:00,0.6425644961949771,0.6504729986190796,0.6425644961949771,0.6504729986190796,10500,0.0,0.0
2006-01-19 00:00:00-05:00,0.6544272303581238,0.6544272303581238,0.6544272303581238,0.6544272303581238,500,0.0,0.0
2006-01-20 00:00:00-05:00,0.6425644755363464,0.6544272287911092,0.6326788772854509,0.6425644755363464,14000,0.0,0.0
2006-01-23 00:00:00-05:00,0.6425644755363464,0.6425644755363464,0.6425644755363464,0.6425644755363464,0,0.0,0.0
2006-01-24 00:00:00-05:00,0.6425644755363464,0.6425644755363464,0.6425644755363464,0.6425644755363464,0,0.0,0.0
2006-01-25 00:00:00-05:00,0.642564497345209,0.6623357534408569,0.642564497345209,0.6623357534408569,16500,0.0,0.0
2006-01-26 00:00:00-05:00,0.6722213354098173,0.7058323815573233,0.6623357370677752,0.7018781304359436,37000,0.0,0.0
2006-01-27 00:00:00-05:00,0.7018781621993303,0.7414206162798003,0.7018781621993303,0.731535017490387,47000,0.0,0.0
2006-01-30 00:00:00-05:00,0.7414206258730203,0.7414206258730203,0.7256036793898673,0.7295578718185425,11500,0.0,0.0
2006-01-31 00:00:00-05:00,0.7414206266403198,0.7414206266403198,0.7414206266403198,0.7414206266403198,2000,0.0,0.0
2006-02-01 00:00:00-05:00,0.7414206266403198,0.7414206266403198,0.7414206266403198,0.7414206266403198,0,0.0,0.0
2006-02-02 00:00:00-05:00,0.7414206266403198,0.7414206266403198,0.7414206266403198,0.7414206266403198,0,0.0,0.0
2006-02-03 00:00:00-05:00,0.7473519420117953,0.7473519420117953,0.7018781417660849,0.7117637991905212,14000,0.0,0.0
2006-02-06 00:00:00-05:00,0.7216493773973376,0.7216493773973376,0.7117637791737269,0.7157179713249207,28500,0.0,0.0
2006-02-07 00:00:00-05:00,0.7137408752493238,0.7157179713249207,0.7117637791737269,0.7157179713249207,10000,0.0,0.0
2006-02-08 00:00:00-05:00,0.7216494083404541,0.7216494083404541,0.7216494083404541,0.7216494083404541,7500,0.0,0.0
2006-02-09 00:00:00-05:00,0.7117637991905212,0.7117637991905212,0.7117637991905212,0.7117637991905212,6000,0.0,0.0
2006-02-10 00:00:00-05:00,0.7117638096929655,0.7236265045008256,0.7117638096929655,0.7216494083404541,4000,0.0,0.0
2006-02-13 00:00:00-05:00,0.7157179713249207,0.7157179713249207,0.7157179713249207,0.7157179713249207,1500,0.0,0.0
2006-02-14 00:00:00-05:00,0.7216494287852129,0.7414206266403198,0.7216494287852129,0.7414206266403198,17000,0.0,0.0
2006-02-15 00:00:00-05:00,0.73351212392915,0.7433977228567035,0.7236265250015965,0.7414206266403198,12500,0.0,0.0
2006-02-16 00:00:00-05:00,0.7513062255678733,0.7513062255678733,0.7414206266403198,0.7414206266403198,7500,0.0,0.0
2006-02-17 00:00:00-05:00,0.731535017490387,0.731535017490387,0.731535017490387,0.731535017490387,1000,0.0,0.0
2006-02-21 00:00:00-05:00,0.7414206266403198,0.7414206266403198,0.7414206266403198,0.7414206266403198,1500,0.0,0.0
2006-02-22 00:00:00-05:00,0.7414206060491164,0.7414206060491164,0.7335121035575867,0.7335121035575867,2500,0.0,0.0
2006-02-23 00:00:00-05:00,0.7335121035575867,0.7335121035575867,0.7335121035575867,0.7335121035575867,0,0.0,0.0
2006-02-24 00:00:00-05:00,0.7414206266403198,0.7414206266403198,0.7414206266403198,0.7414206266403198,1500,0.0,0.0
2006-02-27 00:00:00-05:00,0.731535017490387,0.7414206162798003,0.731535017490387,0.731535017490387,37500,0.0,0.0
2006-02-28 00:00:00-05:00,0.7394435304239361,0.7414206266403198,0.7394435304239361,0.7414206266403198,1500,0.0,0.0
2006-03-01 00:00:00-05:00,0.7414205754747458,0.7414205754747458,0.727580726146698,0.727580726146698,21500,0.0,0.0
2006-03-02 00:00:00-05:00,0.731535017490387,0.7414206162798003,0.7256036700013022,0.731535017490387,29500,0.0,0.0
2006-03-03 00:00:00-05:00,0.7414206266403198,0.7414206266403198,0.7414206266403198,0.7414206266403198,15000,0.0,0.0
2006-03-06 00:00:00-05:00,0.7473519444465637,0.7473519444465637,0.7473519444465637,0.7473519444465637,10000,0.0,0.0
2006-03-07 00:00:00-05:00,0.7473519444465637,0.7473519444465637,0.7473519444465637,0.7473519444465637,0,0.0,0.0
2006-03-08 00:00:00-05:00,0.731534998577003,0.7473519444465637,0.731534998577003,0.7473519444465637,4000,0.0,0.0
2006-03-09 00:00:00-05:00,0.7473519444465637,0.7473519444465637,0.7473519444465637,0.7473519444465637,0,0.0,0.0
2006-03-10 00:00:00-05:00,0.73351212392915,0.7433977228567035,0.7315350277127664,0.7414206266403198,9500,0.0,0.0
2006-03-13 00:00:00-05:00,0.7374663352966309,0.7374663352966309,0.7374663352966309,0.7374663352966309,500,0.0,0.0
2006-03-14 00:00:00-05:00,0.7473519549240779,0.7691003073570885,0.7473519549240779,0.7572375535964966,12000,0.0,0.0
2006-03-15 00:00:00-05:00,0.7513061956446577,0.7513061956446577,0.7473519444465637,0.7473519444465637,11000,0.0,0.0
2006-03-16 00:00:00-05:00,0.7354892307257107,0.7513061761856079,0.7354892307257107,0.7513061761856079,20000,0.0,0.0
2006-03-17 00:00:00-05:00,0.7611917866798976,0.7908486409120417,0.7611917866798976,0.7730545401573181,25000,0.0,0.0
2006-03-20 00:00:00-05:00,0.7789858689121087,0.79084862210746,0.7789858689121087,0.7888714671134949,44500,0.0,0.0
2006-03-21 00:00:00-05:00,0.80073424266695,0.8086427450180054,0.80073424266695,0.8086427450180054,3500,0.0,0.0
2006-03-22 00:00:00-05:00,0.8145741215595205,0.8185283728769883,0.8027113676071167,0.8027113676071167,34000,0.0,0.0
2006-03-23 00:00:00-05:00,0.8007342327304658,0.8125969861098413,0.7908486343757265,0.8106198310852051,17500,0.0,0.0
2006-03-24 00:00:00-05:00,0.8007342620079223,0.8046885132789612,0.8007342620079223,0.8046885132789612,9000,0.0,0.0
2006-03-27 00:00:00-05:00,0.8007342393484848,0.8007342393484848,0.7611917866798976,0.7730545401573181,81500,0.0,0.0
2006-03-28 00:00:00-05:00,0.7789858704943603,0.8106198201567377,0.7789858704943603,0.8007342219352722,25000,0.0,0.0
2006-03-29 00:00:00-05:00,0.796779990196228,0.796779990196228,0.796779990196228,0.796779990196228,2500,0.0,0.0
2006-03-30 00:00:00-05:00,0.790848653382996,0.8165511979384908,0.7809630547906661,0.8066655993461609,32500,0.0,0.0
2006-03-31 00:00:00-05:00,0.8007342219352722,0.8007342219352722,0.8007342219352722,0.8007342219352722,2000,0.0,0.0
2006-04-03 00:00:00-04:00,0.8205054717724569,0.8600479261543503,0.8007342740429187,0.8501623272895813,51000,0.0,0.0
2006-04-04 00:00:00-04:00,0.8580707629785411,0.8877276182174683,0.8580707629785411,0.8877276182174683,13000,0.0,0.0
2006-04-05 00:00:00-04:00,0.8897046936764803,0.8897046936764803,0.8699334965929899,0.8798190951347351,19000,0.0,0.0
2006-04-06 00:00:00-04:00,0.8798190734306275,0.8798190734306275,0.8600478768348694,0.8600478768348694,10000,0.0,0.0
2006-04-07 00:00:00-04:00,0.8600479261543503,0.8600479261543503,0.8501623272895813,0.8501623272895813,17500,0.0,0.0
2006-04-10 00:00:00-04:00,0.8402767181396484,0.8501623168834157,0.8402767181396484,0.8402767181396484,11000,0.0,0.0
2006-04-11 00:00:00-04:00,0.8501623272895813,0.8501623272895813,0.8501623272895813,0.8501623272895813,2500,0.0,0.0
2006-04-12 00:00:00-04:00,0.8501623272895813,0.8501623272895813,0.8501623272895813,0.8501623272895813,0,0.0,0.0
2006-04-13 00:00:00-04:00,0.8600478768348694,0.8600478768348694,0.8600478768348694,0.8600478768348694,1500,0.0,0.0
2006-04-17 00:00:00-04:00,0.8600479263025462,0.867956428964851,0.8600479263025462,0.8620250225067139,4000,0.0,0.0
2006-04-18 00:00:00-04:00,0.8640021681785583,0.8640021681785583,0.7987571692355897,0.8640021681785583,10000,0.0,0.0
2006-04-19 00:00:00-04:00,0.8600478962889839,0.8600478962889839,0.8560936450958252,0.8560936450958252,6500,0.0,0.0
2006-04-20 00:00:00-04:00,0.8640021576666422,0.8640021576666422,0.8501623077888557,0.8541165590286255,5500,0.0,0.0
2006-04-21 00:00:00-04:00,0.8679563999176025,0.8679563999176025,0.8679563999176025,0.8679563999176025,5000,0.0,0.0
2006-04-24 00:00:00-04:00,0.8679563999176025,0.8679563999176025,0.8679563999176025,0.8679563999176025,0,0.0,0.0
2006-04-25 00:00:00-04:00,0.8679563999176025,0.8679563999176025,0.8679563999176025,0.8679563999176025,0,0.0,0.0
2006-04-26 00:00:00-04:00,0.8442308724200119,0.8600478768348694,0.8442308724200119,0.8600478768348694,9500,0.0,0.0
2006-04-27 00:00:00-04:00,0.8600478768348694,0.8600478768348694,0.8600478768348694,0.8600478768348694,0,0.0,0.0
2006-04-28 00:00:00-04:00,0.8679563999176025,0.8699334960556042,0.8679563999176025,0.8679563999176025,28000,0.0,0.0
2006-05-01 00:00:00-04:00,0.8699334859848022,0.8699334859848022,0.8699334859848022,0.8699334859848022,2500,0.0,0.0
2006-05-02 00:00:00-04:00,0.8778420094622578,0.889704704284668,0.8778420094622578,0.889704704284668,43500,0.0,0.0
2006-05-03 00:00:00-04:00,0.8936589347482595,1.057760092587867,0.8936589347482595,0.9905378818511963,272500,0.0,0.0
2006-05-04 00:00:00-04:00,1.008332008189386,1.0636914079391706,0.9984464095087553,1.0577601194381714,92000,0.0,0.0
2006-05-05 00:00:00-04:00,1.0478744115826117,1.0953254270570338,1.0182176152953226,1.0557829141616821,125000,0.0,0.0
2006-05-08 00:00:00-04:00,1.0676456727788615,1.0676456727788615,1.0182175636291504,1.0182175636291504,22500,0.0,0.0
2006-05-09 00:00:00-04:00,1.0281032218905755,1.0281032218905755,0.9885608265395944,1.0063549280166626,19500,0.0,0.0
2006-05-10 00:00:00-04:00,1.0043777831011798,1.0162404775619507,0.9984463769479803,1.0162404775619507,7000,0.0,0.0
2006-05-11 00:00:00-04:00,1.01624054728009,1.0261261463165283,1.01624054728009,1.0261261463165283,2000,0.0,0.0
2006-05-12 00:00:00-04:00,1.0182175636291504,1.0182175636291504,1.0182175636291504,1.0182175636291504,1500,0.0,0.0
2006-05-15 00:00:00-04:00,1.024148997630931,1.024148997630931,0.9885607957839966,0.9885607957839966,14000,0.0,0.0
2006-05-16 00:00:00-04:00,1.037988842825738,1.0676457578159644,1.037988842825738,1.049851655960083,63500,0.0,0.0
2006-05-17 00:00:00-04:00,1.0577600745180447,1.0676456727788615,1.0083319653683336,1.0182175636291504,22000,0.0,0.0
2006-05-18 00:00:00-04:00,1.0201946597121885,1.0281031618899672,1.0182175636291504,1.0182175636291504,19000,0.0,0.0
2006-05-19 00:00:00-04:00,1.0281031834607877,1.0379887819290161,1.0281031834607877,1.0379887819290161,3500,0.0,0.0
2006-05-22 00:00:00-04:00,1.0458972944260114,1.0458972944260114,1.0281031934413343,1.0360116958618164,4500,0.0,0.0
2006-05-23 00:00:00-04:00,1.0182175636291504,1.0281031618899672,1.0122862753800363,1.0182175636291504,5500,0.0,0.0
2006-05-24 00:00:00-04:00,1.0122863141554637,1.0122863141554637,0.998446405352809,1.010309100151062,56000,0.0,0.0
2006-05-25 00:00:00-04:00,1.018217556893555,1.0439201593399048,1.018217556893555,1.0439201593399048,30500,0.0,0.0
2006-05-26 00:00:00-04:00,1.0419430632699453,1.0518286614653682,1.0419430632699453,1.0439201593399048,8000,0.0,0.0
2006-05-30 00:00:00-04:00,1.0538057866164334,1.0538057866164334,1.0379887819290161,1.0379887819290161,1500,0.0,0.0
2006-05-31 00:00:00-04:00,1.0478744029119087,1.0577601194381714,1.0478744029119087,1.0577601194381714,5000,0.0,0.0
2006-06-01 00:00:00-04:00,1.0577600893077248,1.0636913776397705,1.0577600893077248,1.0636913776397705,2000,0.0,0.0
2006-06-02 00:00:00-04:00,1.0182175764807067,1.0478743716374739,1.0182175764807067,1.0399659872055054,37500,0.0,0.0
2006-06-05 00:00:00-04:00,1.0399659872055054,1.0399659872055054,1.0399659872055054,1.0399659872055054,1000,0.0,0.0
2006-06-06 00:00:00-04:00,1.0281031517964867,1.037988749960251,1.02019464969635,1.02019464969635,34000,0.0,0.0
2006-06-07 00:00:00-04:00,1.0281032055506474,1.0577601194381714,1.0281032055506474,1.0577601194381714,16500,0.0,0.0
2006-06-08 00:00:00-04:00,1.0577601033409536,1.0597371994778655,0.9687895987236175,0.9885607957839966,54500,0.0,0.0
2006-06-09 00:00:00-04:00,0.9885608163092497,0.9984464150446917,0.9885608163092497,0.9964693188667297,3500,0.0,0.0
2006-06-12 00:00:00-04:00,0.9925149880578203,0.9984463943141861,0.9865836996470847,0.9885607957839966,30500,0.0,0.0
2006-06-13 00:00:00-04:00,0.9786751757975911,0.9786751757975911,0.9687895774841309,0.9687895774841309,8500,0.0,0.0
2006-06-14 00:00:00-04:00,0.968789624913956,0.968789624913956,0.9292471708013889,0.9351785182952881,26000,0.0,0.0
2006-06-15 00:00:00-04:00,0.8956361140824913,0.9589040164560826,0.8897047077255311,0.9371556639671326,49000,0.0,0.0
2006-06-16 00:00:00-04:00,0.9193615277534897,0.9806522727012634,0.909475929431863,0.9806522727012634,69000,0.0,0.0
2006-06-19 00:00:00-04:00,0.9885607800033624,0.9885607800033624,0.9312242269515991,0.9312242269515991,28500,0.0,0.0
2006-06-20 00:00:00-04:00,0.9292471614397296,0.9371556639671326,0.8995903653461927,0.9371556639671326,24500,0.0,0.0
2006-06-21 00:00:00-04:00,0.9391327500343323,0.9391327500343323,0.9391327500343323,0.9391327500343323,4500,0.0,0.0
2006-06-22 00:00:00-04:00,0.9292471342889317,0.9668124318122864,0.9292471342889317,0.9668124318122864,16000,0.0,0.0
2006-06-23 00:00:00-04:00,0.9747209254928502,0.9885607749276903,0.9628581721532099,0.9806522727012634,50500,0.0,0.0
2006-06-26 00:00:00-04:00,0.9687895882111441,0.9786751866340637,0.9569268347499521,0.9786751866340637,19000,0.0,0.0
2006-06-27 00:00:00-04:00,0.9786751866340637,0.9786751866340637,0.9786751866340637,0.9786751866340637,0,0.0,0.0
2006-06-28 00:00:00-04:00,0.9786751866340637,0.9786751866340637,0.9687895882111441,0.9786751866340637,4500,0.0,0.0
2006-06-29 00:00:00-04:00,0.9786751866340637,0.9786751866340637,0.9786751866340637,0.9786751866340637,0,0.0,0.0
2006-06-30 00:00:00-04:00,0.9885607957839966,0.9885607957839966,0.9885607957839966,0.9885607957839966,500,0.0,0.0
2006-07-03 00:00:00-04:00,0.9786752266622915,0.9826294779777527,0.9786752266622915,0.9826294779777527,15000,0.0,0.0
2006-07-05 00:00:00-04:00,0.9826294779777527,0.9826294779777527,0.9826294779777527,0.9826294779777527,500,0.0,0.0
2006-07-06 00:00:00-04:00,0.9846065339032525,0.9846065339032525,0.9786751866340637,0.9786751866340637,5000,0.0,0.0
2006-07-07 00:00:00-04:00,0.9687895774841309,0.9687895774841309,0.9687895774841309,0.9687895774841309,1000,0.0,0.0
2006-07-10 00:00:00-04:00,0.9628582000732422,0.9648353551485874,0.9628582000732422,0.9628582000732422,6500,0.0,0.0
2006-07-11 00:00:00-04:00,0.9628582000732422,0.9628582000732422,0.9628582000732422,0.9628582000732422,0,0.0,0.0
2006-07-12 00:00:00-04:00,0.9707666936361494,0.9766980409622192,0.9707666936361494,0.9766980409622192,10000,0.0,0.0
2006-07-13 00:00:00-04:00,0.978675197253807,0.9964692981772743,0.978675197253807,0.9885607957839966,16000,0.0,0.0
2006-07-14 00:00:00-04:00,0.9865836788324905,0.9865836788324905,0.9806522727012634,0.9806522727012634,8000,0.0,0.0
2006-07-17 00:00:00-04:00,0.9747209429746367,0.9747209429746367,0.9529725909233093,0.9529725909233093,13500,0.0,0.0
2006-07-18 00:00:00-04:00,0.9589039971609171,0.9786751941587704,0.9529725909233093,0.9529725909233093,75500,0.0,0.0
2006-07-19 00:00:00-04:00,0.9509955255193148,0.9786752257797663,0.9292471727652981,0.9707667231559753,19000,0.0,0.0
2006-07-20 00:00:00-04:00,0.9766980207812108,0.9766980207812108,0.9687895774841309,0.9687895774841309,1000,0.0,0.0
2006-07-21 00:00:00-04:00,0.9766980421940801,0.9885607957839966,0.9707666948605294,0.9885607957839966,10500,0.0,0.0
2006-07-24 00:00:00-04:00,0.9984463573051939,1.02019464969635,0.9984463573051939,1.02019464969635,44000,0.0,0.0
2006-07-25 00:00:00-04:00,1.0201947090008394,1.0201947090008394,1.0083320140838623,1.0083320140838623,7500,0.0,0.0
2006-07-26 00:00:00-04:00,1.0083320140838623,1.0083320140838623,1.0083320140838623,1.0083320140838623,0,0.0,0.0
2006-07-27 00:00:00-04:00,0.9984463353762797,1.0004234313964844,0.9984463353762797,1.0004234313964844,6000,0.0,0.0
2006-07-28 00:00:00-04:00,0.9984464455598527,1.0083320445974246,0.9984464455598527,1.0024007558822632,8000,0.0,0.0
2006-07-31 00:00:00-04:00,1.0024007558822632,1.0024007558822632,1.0024007558822632,1.0024007558822632,0,0.0,0.0
2006-08-01 00:00:00-04:00,1.0004234730505042,1.0162404775619507,1.0004234730505042,1.0162404775619507,4500,0.0,0.0
2006-08-02 00:00:00-04:00,1.0162404775619507,1.0162404775619507,1.0162404775619507,1.0162404775619507,0,0.0,0.0
2006-08-03 00:00:00-04:00,1.0182176445935742,1.0735770463943481,1.0182176445935742,1.0735770463943481,100000,0.0,0.0
2006-08-04 00:00:00-04:00,1.0834625554371624,1.0834625554371624,1.0676456689834595,1.0676456689834595,16000,0.0,0.0
2006-08-07 00:00:00-04:00,1.0676456689834595,1.0676456689834595,1.0676456689834595,1.0676456689834595,0,0.0,0.0
2006-08-08 00:00:00-04:00,1.0676456689834595,1.0676456689834595,1.0676456689834595,1.0676456689834595,4000,0.0,0.0
2006-08-09 00:00:00-04:00,1.0478744302610097,1.0478744302610097,1.0201947296636884,1.028103232383728,20500,0.0,0.0
2006-08-10 00:00:00-04:00,1.028103232383728,1.0300804464479643,1.028103232383728,1.028103232383728,2500,0.0,0.0
2006-08-11 00:00:00-04:00,1.018217612822282,1.018217612822282,1.0043778217267476,1.0083320140838623,7000,0.0,0.0
2006-08-14 00:00:00-04:00,1.0162404775619507,1.0162404775619507,1.0162404775619507,1.0162404775619507,1000,0.0,0.0
2006-08-15 00:00:00-04:00,1.0083319653683336,1.0182175636291504,1.0083319653683336,1.0182175636291504,2500,0.0,0.0
2006-08-16 00:00:00-04:00,1.0182175837389222,1.0182175837389222,1.014263391494751,1.014263391494751,3000,0.0,0.0
2006-08-17 00:00:00-04:00,1.024149021152505,1.032057523727417,1.024149021152505,1.032057523727417,8000,0.0,0.0
2006-08-18 00:00:00-04:00,1.0360116958618164,1.0399660059948728,1.0360116958618164,1.0360116958618164,18500,0.0,0.0
2006-08-21 00:00:00-04:00,1.0281031618899672,1.0281031618899672,1.0182175636291504,1.0182175636291504,8500,0.0,0.0
2006-08-22 00:00:00-04:00,1.0182175636291504,1.0182175636291504,1.0182175636291504,1.0182175636291504,10500,0.0,0.0
2006-08-23 00:00:00-04:00,1.0182176334450872,1.028103232383728,1.0182176334450872,1.028103232383728,2000,0.0,0.0
2006-08-24 00:00:00-04:00,1.028103232383728,1.028103232383728,1.028103232383728,1.028103232383728,0,0.0,0.0
2006-08-25 00:00:00-04:00,1.0379887819290161,1.0379887819290161,1.0379887819290161,1.0379887819290161,15000,0.0,0.0
2006-08-28 00:00:00-04:00,1.028103232383728,1.028103232383728,1.028103232383728,1.028103232383728,1000,0.0,0.0
2006-08-29 00:00:00-04:00,1.0340346097946167,1.0340346097946167,1.0340346097946167,1.0340346097946167,2000,0.0,0.0
2006-08-30 00:00:00-04:00,1.024148941040039,1.024148941040039,1.024148941040039,1.024148941040039,2500,0.0,0.0
2006-08-31 00:00:00-04:00,1.0142633714630744,1.0182175636291504,1.0063548692852955,1.0182175636291504,14500,0.0,0.0
2006-09-01 00:00:00-04:00,1.0261261361651268,1.0379888313223689,1.0261261361651268,1.028103232383728,6000,0.0,0.0
2006-09-05 00:00:00-04:00,1.0340346388851664,1.0340346388851664,1.0261261361651268,1.028103232383728,6500,0.0,0.0
2006-09-06 00:00:00-04:00,1.0261261463165283,1.0281032425546888,1.0261261463165283,1.0261261463165283,31000,0.0,0.0
2006-09-07 00:00:00-04:00,1.0083319753062274,1.0162404775619507,1.002400686998656,1.0162404775619507,3000,0.0,0.0
2006-09-08 00:00:00-04:00,1.0162404775619507,1.0162404775619507,1.0162404775619507,1.0162404775619507,0,0.0,0.0
2006-09-11 00:00:00-04:00,1.0162404775619507,1.0162404775619507,1.0162404775619507,1.0162404775619507,0,0.0,0.0
2006-09-12 00:00:00-04:00,1.0162404775619507,1.0162404775619507,1.0162404775619507,1.0162404775619507,0,0.0,0.0
2006-09-13 00:00:00-04:00,1.0182175636291504,1.0201946597121885,1.0182175636291504,1.0182175636291504,5500,0.0,0.0
2006-09-14 00:00:00-04:00,1.0083320140838623,1.0083320140838623,1.0083320140838623,1.0083320140838623,2000,0.0,0.0
2006-09-15 00:00:00-04:00,1.0083320343861937,1.0083320343861937,1.004377841949463,1.004377841949463,10000,0.0,0.0
2006-09-18 00:00:00-04:00,1.004377841949463,1.004377841949463,1.004377841949463,1.004377841949463,0,0.0,0.0
2006-09-19 00:00:00-04:00,1.004377841949463,1.004377841949463,1.004377841949463,1.004377841949463,1000,0.0,0.0
2006-09-20 00:00:00-04:00,1.0083319371274762,1.024148941040039,1.0083319371274762,1.024148941040039,9500,0.0,0.0
2006-09-21 00:00:00-04:00,1.0182175636291504,1.0182175636291504,1.0182175636291504,1.0182175636291504,2000,0.0,0.0
2006-09-22 00:00:00-04:00,1.0182175636291504,1.0182175636291504,1.0182175636291504,1.0182175636291504,0,0.0,0.0
2006-09-25 00:00:00-04:00,1.0182175636291504,1.0182175636291504,1.0182175636291504,1.0182175636291504,0,0.0,0.0
2006-09-26 00:00:00-04:00,1.0241490398243867,1.0241490398243867,1.004377841949463,1.004377841949463,4500,0.0,0.0
2006-09-27 00:00:00-04:00,1.004377841949463,1.004377841949463,1.004377841949463,1.004377841949463,0,0.0,0.0
2006-09-28 00:00:00-04:00,1.0083319825937704,1.0083319825937704,0.9905378818511963,0.9905378818511963,12500,0.0,0.0
2006-09-29 00:00:00-04:00,0.9885607957839966,0.9885607957839966,0.9885607957839966,0.9885607957839966,500,0.0,0.0
2006-10-02 00:00:00-04:00,0.9885607957839966,0.9885607957839966,0.9885607957839966,0.9885607957839966,3000,0.0,0.0
2006-10-03 00:00:00-04:00,0.9786751757975911,0.9786751757975911,0.9687895774841309,0.9687895774841309,4000,0.0,0.0
2006-10-04 00:00:00-04:00,0.9747209246876443,0.9747209246876443,0.9687895774841309,0.9687895774841309,1000,0.0,0.0
2006-10-05 00:00:00-04:00,0.9786751845440568,0.9786751845440568,0.9430869831592952,0.9549497365951538,16500,0.0,0.0
2006-10-06 00:00:00-04:00,0.9648353754440141,0.9648353754440141,0.9589040279388428,0.9589040279388428,2500,0.0,0.0
2006-10-09 00:00:00-04:00,0.978675197253807,0.9885607957839966,0.978675197253807,0.9885607957839966,7000,0.0,0.0
2006-10-10 00:00:00-04:00,0.9964693493214656,1.0024007558822632,0.9964693493214656,1.0024007558822632,5500,0.0,0.0
2006-10-11 00:00:00-04:00,0.992514967918396,0.992514967918396,0.992514967918396,0.992514967918396,500,0.0,0.0
2006-10-12 00:00:00-04:00,0.9687896063764624,0.9687896063764624,0.9628582000732422,0.9628582000732422,6000,0.0,0.0
2006-10-13 00:00:00-04:00,0.9628582000732422,0.9628582000732422,0.9628582000732422,0.9628582000732422,0,0.0,0.0
2006-10-16 00:00:00-04:00,0.9628582000732422,0.9628582000732422,0.9628582000732422,0.9628582000732422,0,0.0,0.0
2006-10-17 00:00:00-04:00,0.9628582000732422,0.9628582000732422,0.9628582000732422,0.9628582000732422,0,0.0,0.0
2006-10-18 00:00:00-04:00,0.9549497372906031,0.9668124318122864,0.9549497372906031,0.9668124318122864,1000,0.0,0.0
2006-10-19 00:00:00-04:00,0.9628581820191409,0.9786751866340637,0.9628581820191409,0.9786751866340637,3000,0.0,0.0
2006-10-20 00:00:00-04:00,0.9786751866340637,0.9786751866340637,0.9786751866340637,0.9786751866340637,0,0.0,0.0
2006-10-23 00:00:00-04:00,0.9984463943141861,0.9984463943141861,0.9885607957839966,0.9885607957839966,7000,0.0,0.0
2006-10-24 00:00:00-04:00,0.9885607507925285,1.036011645146975,0.9885607507925285,1.0221718549728394,85000,0.0,0.0
2006-10-25 00:00:00-04:00,1.0241490500783679,1.0261261463165283,1.0241490500783679,1.0261261463165283,1000,0.0,0.0
2006-10-26 00:00:00-04:00,1.0261260658069293,1.0261260658069293,1.0182175636291504,1.0182175636291504,5000,0.0,0.0
2006-10-27 00:00:00-04:00,1.0241489899508083,1.0261260860728938,1.014263391494751,1.014263391494751,3000,0.0,0.0
2006-10-30 00:00:00-05:00,1.0182175636291504,1.0182175636291504,1.0182175636291504,1.0182175636291504,500,0.0,0.0
2006-10-31 00:00:00-05:00,1.0281031690431994,1.0281031690431994,0.992514967918396,0.992514967918396,17000,0.0,0.0
2006-11-01 00:00:00-05:00,1.0874169140554895,1.342465618942024,1.0874169140554895,1.2020899057388306,561500,0.0,0.0
2006-11-02 00:00:00-05:00,1.2040671590971137,1.2159298543168695,1.186273057344662,1.1941814422607422,95000,0.0,0.0
2006-11-03 00:00:00-05:00,1.178364453319452,1.206044151683967,1.1269592487086555,1.1665016412734985,79500,0.0,0.0
2006-11-06 00:00:00-05:00,1.1665017329375251,1.2159298453732792,1.1368449361834538,1.1961586475372314,25000,0.0,0.0
2006-11-07 00:00:00-05:00,1.192204236984253,1.192204236984253,1.192204236984253,1.192204236984253,500,0.0,0.0
2006-11-08 00:00:00-05:00,1.1665016512823798,1.1665016512823798,1.156616053056348,1.1645245552062988,10000,0.0,0.0
2006-11-09 00:00:00-05:00,1.1467305318038412,1.1467305318038412,1.124982237815857,1.124982237815857,26000,0.0,0.0
2006-11-10 00:00:00-05:00,1.124982256969157,1.124982256969157,1.0973025560379028,1.0973025560379028,53500,0.0,0.0
2006-11-13 00:00:00-05:00,1.1071881258291756,1.115096628435577,1.1032339334487915,1.1032339334487915,5500,0.0,0.0
2006-11-14 00:00:00-05:00,1.1032338919004518,1.107188084131919,1.0874168872833252,1.0874168872833252,23500,0.0,0.0
2006-11-15 00:00:00-05:00,1.0992796188457181,1.0992796188457181,1.032057523727417,1.032057523727417,39000,0.0,0.0
2006-11-16 00:00:00-05:00,1.0320574889690108,1.1170736825562162,1.0320574889690108,1.0874168872833252,103000,0.0,0.0
2006-11-17 00:00:00-05:00,1.0893940431387041,1.109165241071501,1.0795084441723055,1.0992796421051025,43500,0.0,0.0
2006-11-20 00:00:00-05:00,1.107188105583191,1.107188105583191,1.107188105583191,1.107188105583191,500,0.0,0.0
2006-11-21 00:00:00-05:00,1.107188105583191,1.107188105583191,1.107188105583191,1.107188105583191,0,0.0,0.0
2006-11-22 00:00:00-05:00,1.117073655128479,1.117073655128479,1.117073655128479,1.117073655128479,2000,0.0,0.0
2006-11-24 00:00:00-05:00,1.117073655128479,1.117073655128479,1.117073655128479,1.117073655128479,0,0.0,0.0
2006-11-27 00:00:00-05:00,1.1111422391519659,1.1249821471898696,1.1111422391519659,1.1190507411956787,1500,0.0,0.0
2006-11-28 00:00:00-05:00,1.12695929605853,1.1862730052435213,1.12695929605853,1.1566160917282104,40000,0.0,0.0
2006-11-29 00:00:00-05:00,1.186273036403273,1.186273036403273,1.136844924476517,1.1506848335266113,29500,0.0,0.0
2006-11-30 00:00:00-05:00,1.1269593238830566,1.1269593238830566,1.1269593238830566,1.1269593238830566,7500,0.0,0.0
2006-12-01 00:00:00-05:00,1.1368448834839726,1.1368448834839726,1.1289363811470325,1.134867787361145,11500,0.0,0.0
2006-12-04 00:00:00-05:00,1.1289364099502563,1.1289364099502563,1.1289364099502563,1.1289364099502563,9000,0.0,0.0
2006-12-05 00:00:00-05:00,1.1368448547805885,1.1407991647720337,1.1368448547805885,1.1407991647720337,2000,0.0,0.0
2006-12-06 00:00:00-05:00,1.1388219594955444,1.1388219594955444,1.1388219594955444,1.1388219594955444,11500,0.0,0.0
2006-12-07 00:00:00-05:00,1.1368448734283447,1.1368448734283447,1.1368448734283447,1.1368448734283447,2500,0.0,0.0
2006-12-08 00:00:00-05:00,1.1368448734283447,1.1368448734283447,1.1368448734283447,1.1368448734283447,0,0.0,0.0
2006-12-11 00:00:00-05:00,1.1388219695336845,1.1388219695336845,1.1368448734283447,1.1368448734283447,4500,0.0,0.0
2006-12-12 00:00:00-05:00,1.1388219594955444,1.1388219594955444,1.1388219594955444,1.1388219594955444,500,0.0,0.0
2006-12-13 00:00:00-05:00,1.1388219594955444,1.1388219594955444,1.1388219594955444,1.1388219594955444,0,0.0,0.0
2006-12-14 00:00:00-05:00,1.1526619500687787,1.1961586563353979,1.1526619500687787,1.1941814422607422,19000,0.0,0.0
2006-12-15 00:00:00-05:00,1.206044246622597,1.2238383482466357,1.206044246622597,1.2198840379714966,32000,0.0,0.0
2006-12-18 00:00:00-05:00,1.2198840379714966,1.2198840379714966,1.2198840379714966,1.2198840379714966,11000,0.0,0.0
2006-12-19 00:00:00-05:00,1.2258153666359022,1.2357009649276733,1.2258153666359022,1.2357009649276733,11000,0.0,0.0
2006-12-20 00:00:00-05:00,1.2337238901785805,1.255472183227539,1.2337238901785805,1.255472183227539,12000,0.0,0.0
2006-12-21 00:00:00-05:00,1.2633806367258325,1.271289138759436,1.2554721346922288,1.2653577327728271,20500,0.0,0.0
2006-12-22 00:00:00-05:00,1.2752434015274048,1.2752434015274048,1.2752434015274048,1.2752434015274048,500,0.0,0.0
2006-12-26 00:00:00-05:00,1.2732663255809524,1.2732663255809524,1.2712892293930054,1.2712892293930054,14500,0.0,0.0
2006-12-27 00:00:00-05:00,1.2732662840296434,1.295014577078602,1.255472183227539,1.255472183227539,40500,0.0,0.0
2006-12-28 00:00:00-05:00,1.2633807067423815,1.2752434015274048,1.2554722042704887,1.2752434015274048,28000,0.0,0.0
2006-12-29 00:00:00-05:00,1.2752433928152054,1.2811747990900106,1.2752433928152054,1.277220606803894,24500,0.0,0.0
2007-01-03 00:00:00-05:00,1.3009459565030186,1.4136418473650825,1.3009459565030186,1.3820079565048218,158500,0.0,0.0
2007-01-04 00:00:00-05:00,1.4314359556600815,1.4531843662261963,1.4136418551267276,1.4531843662261963,93000,0.0,0.0
2007-01-05 00:00:00-05:00,1.4610928899444884,1.4927267814438943,1.4334131906903973,1.472955584526062,76000,0.0,0.0
2007-01-08 00:00:00-05:00,1.4472530483330674,1.4531844548210087,1.3859622407764574,1.4353903532028198,80500,0.0,0.0
2007-01-09 00:00:00-05:00,1.4136419208718045,1.4828412301299472,1.4136419208718045,1.415619134902954,60500,0.0,0.0
2007-01-10 00:00:00-05:00,1.4432987547946752,1.4729555494655073,1.4255046544230507,1.4314359426498413,68500,0.0,0.0
2007-01-11 00:00:00-05:00,1.4828411502912942,1.8762883373874477,1.4828411502912942,1.6251939535140991,475000,0.0,0.0
2007-01-12 00:00:00-05:00,1.6232168340481687,2.095748834569726,1.6232168340481687,1.9178080558776855,839000,0.0,0.0
2007-01-16 00:00:00-05:00,1.9672359644224005,1.9830529689788818,1.7517296603386354,1.9830529689788818,502000,0.0,0.0
2007-01-17 00:00:00-05:00,1.9672359930378036,1.9771215915679932,1.9098994979935782,1.9771215915679932,223000,0.0,0.0
2007-01-18 00:00:00-05:00,1.9771216445883755,1.9968928421789578,1.581697339239827,1.6785762310028076,628000,0.0,0.0
2007-01-19 00:00:00-05:00,1.6390338125893213,1.7991807229251924,1.5718117181650473,1.7556840181350708,251500,0.0,0.0
2007-01-22 00:00:00-05:00,1.799180721004344,1.8980367074504907,1.7892950045140978,1.8762884140014648,75000,0.0,0.0
2007-01-23 00:00:00-05:00,1.874311338611307,1.8980367284830357,1.8604714296481046,1.8960596323013306,119500,0.0,0.0
2007-01-24 00:00:00-05:00,1.8901281810401624,1.8901281810401624,1.7794093833454672,1.8327916860580444,88500,0.0,0.0
2007-01-25 00:00:00-05:00,1.8327917352978242,1.8683799380623216,1.8189519441369824,1.8229061365127563,34000,0.0,0.0
2007-01-26 00:00:00-05:00,1.8229061133790159,1.8229061133790159,1.779409408569336,1.779409408569336,36000,0.0,0.0
2007-01-29 00:00:00-05:00,1.7892950015647342,1.8407002087085027,1.785340809251659,1.828837513923645,72500,0.0,0.0
2007-01-30 00:00:00-05:00,1.8387230873368543,1.8960595821639585,1.8308145849735245,1.8822197914123535,59000,0.0,0.0
2007-01-31 00:00:00-05:00,1.88617397359842,1.8980366681572494,1.8841968774795532,1.8841968774795532,36000,0.0,0.0
2007-02-01 00:00:00-05:00,1.884196884952898,1.884196884952898,1.8327916785846994,1.8584942817687988,55500,0.0,0.0
2007-02-02 00:00:00-05:00,1.8446544740727835,1.8446544740727835,1.789294958114624,1.789294958114624,29000,0.0,0.0
2007-02-05 00:00:00-05:00,1.8268603610901528,1.9771215498553807,1.8229060510541255,1.9613045454025269,381500,0.0,0.0
2007-02-06 00:00:00-05:00,2.0502748950611824,2.2341473035129176,1.907922210968852,2.1866962909698486,1695000,0.0,0.0
2007-02-07 00:00:00-05:00,2.2341474664578964,2.338934861647065,2.095748846548439,2.155062675476074,525000,0.0,0.0
2007-02-08 00:00:00-05:00,2.159016830667462,2.159016830667462,2.052252223267764,2.066092014312744,220000,0.0,0.0
2007-02-09 00:00:00-05:00,2.07597762560194,2.344866241902823,2.07597762560194,2.2558958530426025,286500,0.0,0.0
2007-02-12 00:00:00-05:00,2.3231178192097337,2.4615164369088154,2.303346621780046,2.402202844619751,1158000,0.0,0.0
2007-02-13 00:00:00-05:00,2.4022028175781873,2.493150419007463,2.4022028175781873,2.45558500289917,290000,0.0,0.0
2007-02-14 00:00:00-05:00,2.4536078947934876,2.566303665774058,2.1748336989528667,2.5307154655456543,308500,0.0,0.0
2007-02-15 00:00:00-05:00,2.5465325109541306,2.8767119164506063,2.5465325109541306,2.813443899154663,477000,0.0,0.0
2007-02-16 00:00:00-05:00,2.975567949310246,3.110012134806657,2.7857643655869286,3.0941953659057617,509500,0.0,0.0
2007-02-20 00:00:00-05:00,3.299816051955024,3.8553872646372014,3.104081056250973,3.7960734367370605,872000,0.0,0.0
2007-02-21 00:00:00-05:00,3.7960733424948296,4.389209956932035,2.977545177536024,3.042790174484253,3307000,0.0,0.0
2007-02-22 00:00:00-05:00,3.015110328775528,3.1930513349869423,2.69877094549288,2.854963541030884,1130500,0.0,0.0
2007-02-23 00:00:00-05:00,2.8055355063257967,3.3492438793182373,2.7185421006534556,3.3492438793182373,785500,0.0,0.0
2007-02-26 00:00:00-05:00,3.3492439466979724,3.4283287339777093,2.965682351285235,2.997316360473633,678000,0.0,0.0
2007-02-27 00:00:00-05:00,2.9597510934275255,3.0249960933412825,2.7580846872047733,2.8233296871185303,241500,0.0,0.0
2007-02-28 00:00:00-05:00,2.8154212608268576,2.821352667221027,2.6157318359099104,2.783787250518799,355000,0.0,0.0
2007-03-01 00:00:00-05:00,2.6473658471908292,3.0862868565341945,2.6473658471908292,2.9755680561065674,388500,0.0,0.0
2007-03-02 00:00:00-05:00,3.0249959765784262,3.3215641679837358,2.9933622027170173,3.1831657886505127,448500,0.0,0.0
2007-03-05 00:00:00-05:00,3.183165707895362,3.479733891776901,3.163394511349343,3.442168712615967,441500,0.0,0.0
2007-03-06 00:00:00-05:00,3.620109553019363,4.1519551277160645,3.5588187482398435,4.1519551277160645,871000,0.0,0.0
2007-03-07 00:00:00-05:00,4.357576178486199,4.8439482139540875,3.612201355469617,4.300239562988281,1360500,0.0,0.0
2007-03-08 00:00:00-05:00,4.349667731050722,4.389210126401704,3.778279505431752,4.02541971206665,684000,0.0,0.0
2007-03-09 00:00:00-05:00,4.025419544757863,4.478180565505753,3.9839001727797663,4.155909538269043,269000,0.0,0.0
2007-03-12 00:00:00-04:00,4.100549925944231,4.100549925944231,3.6102239585477833,3.7169885635375977,562000,0.0,0.0
2007-03-13 00:00:00-04:00,3.667560469936676,3.667560469936676,3.1495546996779815,3.2523648738861084,750500,0.0,0.0
2007-03-14 00:00:00-04:00,3.2523649584539394,3.4560085696300518,3.1495547815725473,3.4283287525177,557000,0.0,0.0
2007-03-15 00:00:00-04:00,3.4283288875802325,3.637903913229076,3.4283288875802325,3.5449790954589844,550000,0.0,0.0
2007-03-16 00:00:00-04:00,3.5548645459797825,3.574635742860561,3.301792943076312,3.3334269523620605,363500,0.0,0.0
2007-03-19 00:00:00-04:00,3.327495593046847,3.4896195983067013,3.327495593046847,3.4204204082489014,168500,0.0,0.0
2007-03-20 00:00:00-04:00,3.420420464775874,3.420420464775874,3.1535090630220357,3.2167768478393555,386500,0.0,0.0
2007-03-21 00:00:00-04:00,3.185142845197864,3.2919074532928305,3.0269732649308914,3.167348861694336,301500,0.0,0.0
2007-03-22 00:00:00-04:00,3.1653714609554995,3.29981587908176,3.0111560821533203,3.0111560821533203,387500,0.0,0.0
2007-03-23 00:00:00-04:00,3.0605841999023387,3.2503880228604274,3.0566300076032924,3.0823326110839844,315000,0.0,0.0
2007-03-26 00:00:00-04:00,3.0823324851548413,3.2029368773416365,3.0605840748617297,3.108035087585449,170500,0.0,0.0
2007-03-27 00:00:00-04:00,3.104081045546071,3.104081045546071,2.86682644183751,2.981499433517456,228500,0.0,0.0
2007-03-28 00:00:00-04:00,2.9656823509015573,3.1337377595405145,2.9656823509015573,3.0941953659057617,164000,0.0,0.0
2007-03-29 00:00:00-04:00,3.0843096257687064,3.15548603075614,3.026973247528076,3.026973247528076,129500,0.0,0.0
2007-03-30 00:00:00-04:00,3.021041689007682,3.0230189029265744,2.99533908651834,3.009178876876831,42500,0.0,0.0
2007-04-02 00:00:00-04:00,2.955796758795925,3.017087563336994,2.866826372928007,2.9478883743286133,219000,0.0,0.0
2007-04-03 00:00:00-04:00,2.96963650977613,3.1337377243469167,2.96963650977613,3.052675724029541,167000,0.0,0.0
2007-04-04 00:00:00-04:00,3.050698514967164,3.0566299210934913,2.8727575096336233,2.9063687324523926,236500,0.0,0.0
2007-04-05 00:00:00-04:00,2.900437384371522,2.914277175149086,2.653297185897827,2.653297185897827,394000,0.0,0.0
2007-04-09 00:00:00-04:00,2.6572513790165275,2.839146580235759,2.6295717974525195,2.7976269721984863,205500,0.0,0.0
2007-04-10 00:00:00-04:00,2.856940760749787,2.856940760749787,2.8055355548858643,2.8055355548858643,108500,0.0,0.0
2007-04-11 00:00:00-04:00,2.7719243525440214,2.847055183639566,2.6770225602276208,2.704702377319336,134500,0.0,0.0
2007-04-12 00:00:00-04:00,2.714587969122482,2.8865975703893225,2.6888853660614735,2.8510093688964844,165500,0.0,0.0
2007-04-13 00:00:00-04:00,2.8648491692445868,2.8767119816793763,2.7086565720790707,2.752153158187866,113500,0.0,0.0
2007-04-16 00:00:00-04:00,2.722496362792152,2.7956499799879206,2.7086565720790707,2.752153158187866,146000,0.0,0.0
2007-04-17 00:00:00-04:00,2.7916956847804535,2.8173982891503586,2.748199096603605,2.7739017009735107,41500,0.0,0.0
2007-04-18 00:00:00-04:00,2.724473505060318,2.7719242821681704,2.70865650079395,2.7185420989990234,97500,0.0,0.0
2007-04-19 00:00:00-04:00,2.7185421680195643,2.7877413572119645,2.694816778863279,2.704702377319336,105500,0.0,0.0
2007-04-20 00:00:00-04:00,2.710633812458818,2.710633812458818,2.6908623796444466,2.6987709999084473,38000,0.0,0.0
2007-04-23 00:00:00-04:00,2.688885440851221,2.688885440851221,2.530715625851291,2.54653263092041,201500,0.0,0.0
2007-04-24 00:00:00-04:00,2.5465324897286297,2.5999149083385427,2.4872189007765053,2.526761293411255,85000,0.0,0.0
2007-04-25 00:00:00-04:00,2.5109443560863243,2.5109443560863243,2.1649481756270306,2.2717127799987793,358000,0.0,0.0
2007-04-26 00:00:00-04:00,2.2717127460801145,2.3428889122406336,2.2440329294972012,2.3270721435546875,125000,0.0,0.0
2007-04-27 00:00:00-04:00,2.325094882634458,2.325094882634458,2.2400786920549844,2.287529468536377,42500,0.0,0.0
2007-04-30 00:00:00-04:00,2.2875295812269756,2.791695579248814,2.275667004367866,2.6987709999084473,418000,0.0,0.0
2007-05-01 00:00:00-04:00,2.7224963702341474,2.795649987629883,2.5821207773675443,2.6058461666107178,163000,0.0,0.0
2007-05-02 00:00:00-04:00,2.5900290962920116,2.6196861267089844,2.491173113872948,2.6196861267089844,89500,0.0,0.0
2007-05-03 00:00:00-04:00,2.570257936405184,2.807512533280374,2.570257936405184,2.7086565494537354,159500,0.0,0.0
2007-05-04 00:00:00-04:00,2.748199047845049,2.81739823916407,2.748199047845049,2.783787250518799,124500,0.0,0.0
2007-05-07 00:00:00-04:00,2.781810013287308,2.8964832407747183,2.748199024922385,2.884620428085327,172000,0.0,0.0
2007-05-08 00:00:00-04:00,2.914277303211974,2.9182314956520012,2.801581522369214,2.82135272026062,65500,0.0,0.0
2007-05-09 00:00:00-04:00,2.7916956643778614,2.833215273878983,2.77785587310791,2.77785587310791,49000,0.0,0.0
2007-05-10 00:00:00-04:00,2.7778558152645956,2.815421231576545,2.7778558152645956,2.7897186279296875,58500,0.0,0.0
2007-05-11 00:00:00-04:00,2.78971863981838,3.1633946477573414,2.78971863981838,3.123852252960205,134500,0.0,0.0
2007-05-14 00:00:00-04:00,3.1238521776103956,3.5489331471175825,3.1238521776103956,3.525207757949829,239500,0.0,0.0
2007-05-15 00:00:00-04:00,3.7565309081310083,4.070893312747115,3.5687043038016437,3.7268741130828857,585500,0.0,0.0
2007-05-16 00:00:00-04:00,3.7763021317275407,3.8237531455572733,3.5588187308009664,3.576612949371338,124000,0.0,0.0
2007-05-17 00:00:00-04:00,3.558818729437849,3.5687043278538497,3.238525152206421,3.238525152206421,259500,0.0,0.0
2007-05-18 00:00:00-04:00,3.256319164066889,3.4500771775748698,3.2167767700508745,3.2325937747955322,114000,0.0,0.0
2007-05-21 00:00:00-04:00,3.262250529663818,3.4322829160907835,3.1614173319027388,3.33738112449646,107000,0.0,0.0
2007-05-22 00:00:00-04:00,3.3492440894651585,3.5785900766291596,3.3492440894651585,3.4026262760162354,63000,0.0,0.0
2007-05-23 00:00:00-04:00,3.341335722196229,3.341335722196229,3.0645384820843513,3.1119894981384277,136000,0.0,0.0
2007-05-24 00:00:00-04:00,2.9637052406686846,3.1198978424072266,2.9637052406686846,3.1198978424072266,127000,0.0,0.0
2007-05-25 00:00:00-04:00,3.113966508647984,3.1535089015960693,2.995339094112476,3.1535089015960693,76500,0.0,0.0
2007-05-29 00:00:00-04:00,3.1732802643050033,3.412511848449762,3.1732802643050033,3.264227867126465,53500,0.0,0.0
2007-05-30 00:00:00-04:00,3.311678461516447,3.4955508708953857,3.311678461516447,3.4955508708953857,90500,0.0,0.0
2007-05-31 00:00:00-04:00,3.5192762665192356,3.535093270811831,3.1673486870055627,3.202936887741089,83500,0.0,0.0
2007-06-01 00:00:00-04:00,3.175257125927943,3.175257125927943,2.7877413390125834,2.9498653411865234,278000,0.0,0.0
2007-06-04 00:00:00-04:00,3.0487215054159162,3.161417277893988,2.965682291882466,3.009178876876831,132000,0.0,0.0
2007-06-05 00:00:00-04:00,2.9755680851499218,2.9755680851499218,2.904391679081541,2.9696366786956787,15500,0.0,0.0
2007-06-06 00:00:00-04:00,2.9953391776140696,3.0388357639312744,2.9162543895132393,3.0388357639312744,52500,0.0,0.0
2007-06-07 00:00:00-04:00,3.0289501077238925,3.062561330579534,2.9360255306136755,2.953819513320923,50500,0.0,0.0
2007-06-08 00:00:00-04:00,2.9656823787815423,2.9656823787815423,2.847055196762085,2.847055196762085,86000,0.0,0.0
2007-06-11 00:00:00-04:00,2.8391465451434525,2.870780554275255,2.748198945657964,2.8529863357543945,22000,0.0,0.0
2007-06-12 00:00:00-04:00,2.864849119279229,2.9854535127281956,2.856940734921471,2.858917713165283,109000,0.0,0.0
2007-06-13 00:00:00-04:00,2.8865975363497505,3.185142699746977,2.8865975363497505,3.0032477378845215,94500,0.0,0.0
2007-06-14 00:00:00-04:00,2.979522102081934,3.0645382944091564,2.9755679099090693,3.0052247047424316,25000,0.0,0.0
2007-06-15 00:00:00-04:00,3.024996042251587,3.0645384372052655,2.995339246036328,3.024996042251587,5500,0.0,0.0
2007-06-18 00:00:00-04:00,3.0645382542198503,3.0645382542198503,2.906368683849536,2.9162542819976807,18500,0.0,0.0
2007-06-19 00:00:00-04:00,2.8964832735933075,2.926140069961548,2.8964832735933075,2.926140069961548,13000,0.0,0.0
2007-06-20 00:00:00-04:00,2.9063688083641996,3.017087606643335,2.898460188092112,2.9874308109283447,48000,0.0,0.0
2007-06-21 00:00:00-04:00,2.965682503492081,2.965682503492081,2.876712113236176,2.91823148727417,26000,0.0,0.0
2007-06-22 00:00:00-04:00,2.9538196603065727,2.955796874346324,2.8569408861840793,2.8767120838165283,125000,0.0,0.0
2007-06-25 00:00:00-04:00,2.866826468654637,2.8688034469918495,2.7679702453647694,2.783787250518799,76500,0.0,0.0
2007-06-26 00:00:00-04:00,2.8846203273610938,2.8846203273610938,2.809489732897952,2.856940746307373,15000,0.0,0.0
2007-06-27 00:00:00-04:00,2.827283760201266,3.0249959656545817,2.827283760201266,2.9439339637756348,58500,0.0,0.0
2007-06-28 00:00:00-04:00,3.0645383088296416,3.0645383088296416,2.868803320593648,2.953819513320923,19500,0.0,0.0
2007-06-29 00:00:00-04:00,2.955796766656195,3.163394569924654,2.95381955268848,3.042790174484253,109000,0.0,0.0
2007-07-02 00:00:00-04:00,3.094195354446074,3.337381121537391,3.094195354446074,3.2899303436279297,125000,0.0,0.0
2007-07-03 00:00:00-04:00,3.3393584164562222,3.4599628137962903,3.311678598928516,3.321564197540283,119000,0.0,0.0
2007-07-05 00:00:00-04:00,3.355175471084239,3.4401916675433086,3.2820218517202915,3.311678647994995,45500,0.0,0.0
2007-07-06 00:00:00-04:00,3.274113435454656,3.274113435454656,3.0803554188299773,3.1258292198181152,104500,0.0,0.0
2007-07-09 00:00:00-04:00,3.125829283611715,3.481711314125939,3.0862868881526384,3.400649309158325,177000,0.0,0.0
2007-07-10 00:00:00-04:00,3.4401916885841435,3.4401916885841435,3.3017930694311244,3.3077244758605957,20500,0.0,0.0
2007-07-11 00:00:00-04:00,3.28202184691719,3.400649267533663,3.28202184691719,3.3611068725585938,40500,0.0,0.0
2007-07-12 00:00:00-04:00,3.390763698833367,3.503459478372589,3.3749466935649415,3.4026262760162354,72500,0.0,0.0
2007-07-13 00:00:00-04:00,3.386809505677442,3.3966951045065765,3.291907474088231,3.355175495147705,44500,0.0,0.0
2007-07-16 00:00:00-04:00,3.3808780371187703,3.79211922368381,3.3808780371187703,3.6082470417022705,190500,0.0,0.0
2007-07-17 00:00:00-04:00,3.6576750744812467,3.9542432728032364,3.6576750744812467,3.9364492893218994,182500,0.0,0.0
2007-07-18 00:00:00-04:00,3.86131830370156,4.088687537468796,3.6339495413168375,3.774325132369995,198000,0.0,0.0
2007-07-19 00:00:00-04:00,3.6576748955337224,3.84550149836858,3.5588186771353083,3.6359264850616455,104000,0.0,0.0
2007-07-20 00:00:00-04:00,3.5983614921569824,3.697217479980828,3.380878083253255,3.5983614921569824,77000,0.0,0.0
2007-07-23 00:00:00-04:00,3.606269638079071,4.207314617040791,3.606269638079071,4.181612014770508,140000,0.0,0.0
2007-07-24 00:00:00-04:00,4.329896428241646,4.329896428241646,3.877135399669043,3.9008610248565674,132000,0.0,0.0
2007-07-25 00:00:00-04:00,3.942380426790113,3.9443576408008245,3.790142254394518,3.8949296474456787,72000,0.0,0.0
2007-07-26 00:00:00-04:00,3.77630215441263,3.8949295718539543,3.558818752179585,3.7169885635375977,103000,0.0,0.0
2007-07-27 00:00:00-04:00,3.657675101890468,3.6715148931120254,3.363083879697036,3.5469563007354736,73000,0.0,0.0
2007-07-30 00:00:00-04:00,3.556841713761848,3.9542430958733377,3.5014823160762116,3.7782793045043945,110000,0.0,0.0
2007-07-31 00:00:00-04:00,3.8257301902778,3.8435244091572494,3.669537591117409,3.756531000137329,30500,0.0,0.0
2007-08-01 00:00:00-04:00,3.7861876934789214,3.7861876934789214,3.3828549047517855,3.535093307495117,64000,0.0,0.0
2007-08-02 00:00:00-04:00,3.5291618920203893,3.7367596919671042,3.3927404940949053,3.4401915073394775,65000,0.0,0.0
2007-08-03 00:00:00-04:00,3.361106767372933,3.430305956413719,3.143623366124919,3.1890971660614014,55000,0.0,0.0
2007-08-06 00:00:00-04:00,3.1890971610888386,3.1890971610888386,2.995339149247243,3.044767141342163,95500,0.0,0.0
2007-08-07 00:00:00-04:00,3.044767183715654,3.9443575951276704,2.8905517990950638,3.0843095779418945,93500,0.0,0.0
2007-08-08 00:00:00-04:00,3.1732801077821544,3.4144888940567117,3.153508911247601,3.248410701751709,61000,0.0,0.0
2007-08-09 00:00:00-04:00,3.0744240283966064,3.113966658944481,2.9854536399692337,3.0744240283966064,37500,0.0,0.0
2007-08-10 00:00:00-04:00,3.1218749230256897,3.1238521369686363,2.7699473395690615,2.856940746307373,89500,0.0,0.0
2007-08-13 00:00:00-04:00,2.866826339198551,3.0645383054677575,2.866826339198551,2.9063687324523926,90000,0.0,0.0
2007-08-14 00:00:00-04:00,2.924162877695122,2.924162877695122,2.6888854833408793,2.77785587310791,47500,0.0,0.0
2007-08-15 00:00:00-04:00,2.7580845684971838,3.1594403853020734,2.6888853791378526,2.8964831829071045,66500,0.0,0.0
2007-08-16 00:00:00-04:00,2.965682293590398,2.965682293590398,2.572235107421875,2.572235107421875,65000,0.0,0.0
2007-08-17 00:00:00-04:00,3.2444565406676293,3.2444565406676293,2.5702579310297073,2.758084535598755,120500,0.0,0.0
2007-08-20 00:00:00-04:00,2.767970105175066,2.767970105175066,2.609800533028136,2.7640159130096436,67500,0.0,0.0
2007-08-21 00:00:00-04:00,2.760061864566903,2.8094898584366463,2.6098006689263764,2.68690824508667,72000,0.0,0.0
2007-08-22 00:00:00-04:00,2.645388752726449,2.6869081242957558,2.629571748260937,2.6631827354431152,87000,0.0,0.0
2007-08-23 00:00:00-04:00,2.61968613536391,2.61968613536391,2.5109443186524247,2.617708921432495,91000,0.0,0.0
2007-08-24 00:00:00-04:00,2.6098005602328014,2.8964831484287563,2.6098005602328014,2.854963541030884,63000,0.0,0.0
2007-08-27 00:00:00-04:00,2.9261399921370836,3.0645383715079872,2.8470552039251387,2.9419569969177246,98500,0.0,0.0
2007-08-28 00:00:00-04:00,2.9083457455245925,2.955796759412129,2.8510093688964844,2.8510093688964844,19000,0.0,0.0
2007-08-29 00:00:00-04:00,2.817398260418493,2.9656824786263156,2.817398260418493,2.8272838592529297,10500,0.0,0.0
2007-08-30 00:00:00-04:00,2.8173981200858167,2.8173981200858167,2.6691141449551847,2.8075125217437744,22500,0.0,0.0
2007-08-31 00:00:00-04:00,2.7877414719709135,2.8075126696969206,2.6592286867518693,2.77785587310791,10500,0.0,0.0
2007-09-04 00:00:00-04:00,2.6789997682274347,2.7679701541337534,2.6789997682274347,2.7541303634643555,19500,0.0,0.0
2007-09-05 00:00:00-04:00,2.7304048824088327,2.767970060916578,2.678999678006523,2.724473476409912,34000,0.0,0.0
2007-09-06 00:00:00-04:00,2.7778556850561507,2.866826304491429,2.680976681342348,2.864849090576172,33500,0.0,0.0
2007-09-07 00:00:00-04:00,2.8075125670643395,2.8569407952637063,2.671091166327208,2.847055196762085,31500,0.0,0.0
2007-09-10 00:00:00-04:00,2.94195688903725,3.0052246701485474,2.839146479578733,2.866826295852661,30000,0.0,0.0
2007-09-11 00:00:00-04:00,2.9221857925126598,2.9221857925126598,2.7778557715594756,2.847055196762085,14000,0.0,0.0
2007-09-12 00:00:00-04:00,2.876712046537525,2.888574623548508,2.7877414226531982,2.7877414226531982,7500,0.0,0.0
2007-09-13 00:00:00-04:00,2.771924375405427,2.8549635916741787,2.730405002962312,2.748198986053467,13500,0.0,0.0
2007-09-14 00:00:00-04:00,2.7383134776558964,2.77785587310791,2.6691142856148726,2.77785587310791,5500,0.0,0.0
2007-09-17 00:00:00-04:00,2.6453888214671135,2.702725198991823,2.617709004010391,2.6493430137634277,22500,0.0,0.0
2007-09-18 00:00:00-04:00,2.6473658413712533,2.7086566478466834,2.619686259170826,2.688885450363159,44000,0.0,0.0
2007-09-19 00:00:00-04:00,2.6671368940561395,2.7185420989990234,2.649342911563508,2.7185420989990234,13500,0.0,0.0
2007-09-20 00:00:00-04:00,2.7086566732396857,2.8272838592529297,2.680976855088501,2.8272838592529297,32500,0.0,0.0
2007-09-21 00:00:00-04:00,2.866826411146147,2.866826411146147,2.6987709999084473,2.6987709999084473,48000,0.0,0.0
2007-09-24 00:00:00-04:00,2.669114204223782,2.7561076129802244,2.629571809977561,2.6987709999084473,33500,0.0,0.0
2007-09-25 00:00:00-04:00,2.71854215373336,2.7561075690837225,2.629571768096394,2.659228563308716,21000,0.0,0.0
2007-09-26 00:00:00-04:00,2.6493430514725063,2.6691142489267494,2.599915057836898,2.64143443107605,44000,0.0,0.0
2007-09-27 00:00:00-04:00,2.6671369564686285,2.6671369564686285,2.5999149813775975,2.6572513580322266,53000,0.0,0.0
2007-09-28 00:00:00-04:00,2.6671370512037957,2.756107675982858,2.6394574688752104,2.7343592643737793,33500,0.0,0.0
2007-10-01 00:00:00-04:00,2.807512669077281,2.807512669077281,2.716565065281215,2.73040509223938,41000,0.0,0.0
2007-10-02 00:00:00-04:00,2.7086565919031127,2.767970183128644,2.6196862050648164,2.748198986053467,38500,0.0,0.0
2007-10-03 00:00:00-04:00,2.7580845269325565,2.7679701252634836,2.694816744752872,2.760061740875244,9500,0.0,0.0
2007-10-04 00:00:00-04:00,2.7224964314267965,2.767970232651546,2.718542239079267,2.7383134365081787,6500,0.0,0.0
2007-10-05 00:00:00-04:00,2.738313398917799,2.767970194654051,2.738313398917799,2.7462220191955566,10000,0.0,0.0
2007-10-08 00:00:00-04:00,2.777855864341531,2.8391466713752376,2.7679702655097245,2.7798330783843994,47000,0.0,0.0
2007-10-09 00:00:00-04:00,2.8173981200858167,2.8589177273988957,2.7877413250596903,2.8075125217437744,13500,0.0,0.0
2007-10-10 00:00:00-04:00,2.827283879542428,2.8668265108552142,2.783787291497013,2.8233296871185303,36500,0.0,0.0
2007-10-11 00:00:00-04:00,2.837169410144084,3.1218750288708628,2.837169410144084,2.981499433517456,43000,0.0,0.0
2007-10-12 00:00:00-04:00,2.985453536717848,3.119897721718847,2.9834763227668932,3.096172332763672,50500,0.0,0.0
2007-10-15 00:00:00-04:00,3.0961724683878016,3.3591296794379737,3.0961724683878016,3.212822675704956,65500,0.0,0.0
2007-10-16 00:00:00-04:00,3.2424794891900435,3.2424794891900435,3.0882640998774744,3.1614174842834473,93000,0.0,0.0
2007-10-17 00:00:00-04:00,3.17723438239798,3.2306165672882567,3.0249959765784262,3.1831657886505127,23500,0.0,0.0
2007-10-18 00:00:00-04:00,3.2128225842219176,3.232593781269521,3.1653715698929137,3.1831657886505127,11000,0.0,0.0
2007-10-19 00:00:00-04:00,3.1831657515839558,3.206891140626556,3.0941953659057617,3.0941953659057617,13000,0.0,0.0
2007-10-22 00:00:00-04:00,3.1633947208036184,3.1633947208036184,2.9063689129959585,2.9656825065612793,56500,0.0,0.0
2007-10-23 00:00:00-04:00,2.9478884185853818,3.034881591796875,2.926140007436878,3.034881591796875,15000,0.0,0.0
2007-10-24 00:00:00-04:00,3.062561400441123,3.062561400441123,3.034881583086898,3.0368587970733643,5500,0.0,0.0
2007-10-25 00:00:00-04:00,3.084309555400485,3.084309555400485,3.0368587769522906,3.0408129692077637,12000,0.0,0.0
2007-10-26 00:00:00-04:00,3.084309621560676,3.084309621560676,2.9459112398115828,2.979522228240967,24500,0.0,0.0
2007-10-29 00:00:00-04:00,2.9795222195074733,3.11989781486088,2.955796829843996,2.981499433517456,18500,0.0,0.0
2007-10-30 00:00:00-04:00,2.9854536990815173,3.074424089270513,2.9854536990815173,3.062561511993408,12500,0.0,0.0
2007-10-31 00:00:00-04:00,3.050698514967164,3.163394524293616,2.9063687324523926,2.9063687324523926,44000,0.0,0.0
2007-11-01 00:00:00-04:00,2.9656824498210694,3.1040810678502093,2.9656824498210694,3.024996042251587,5500,0.0,0.0
2007-11-02 00:00:00-04:00,2.995339106464644,3.0645382944091564,2.995339106464644,3.0052247047424316,4000,0.0,0.0
2007-11-05 00:00:00-05:00,2.8964832449442968,2.945911238402473,2.866826448869391,2.9320714473724365,22000,0.0,0.0
2007-11-06 00:00:00-05:00,2.8470551165619384,2.8470551165619384,2.629571719961408,2.669114112854004,254000,0.0,0.0
2007-11-07 00:00:00-05:00,2.6315487948931215,2.708656605281925,2.6098006194177628,2.6493430137634277,46500,0.0,0.0
2007-11-08 00:00:00-05:00,3.1633946363095053,3.75653102750261,3.1633946363095053,3.70314884185791,416500,0.0,0.0
2007-11-09 00:00:00-05:00,3.67744623388152,3.67744623388152,3.5825444396848787,3.655697822570801,96500,0.0,0.0
2007-11-12 00:00:00-05:00,3.4896196222411446,3.756531021414599,3.4223974100234646,3.6082470417022705,100500,0.0,0.0
2007-11-13 00:00:00-05:00,3.5528876869007866,3.73082846479745,3.5192764625228485,3.550910472869873,50500,0.0,0.0
2007-11-14 00:00:00-05:00,3.521253625361718,3.7565310141304886,3.467871204215781,3.65767502784729,48500,0.0,0.0
2007-11-15 00:00:00-05:00,3.6576750394260737,3.6576750394260737,3.461940044550962,3.558818817138672,61000,0.0,0.0
2007-11-16 00:00:00-05:00,3.6161555328473636,4.112412929534912,3.5785901154657664,4.112412929534912,239500,0.0,0.0
2007-11-19 00:00:00-05:00,3.974014499406532,4.171726475941171,3.8553873134857484,4.122298717498779,82000,0.0,0.0
2007-11-20 00:00:00-05:00,4.088687680473301,4.165795491828465,4.027396638501618,4.035305023193359,55500,0.0,0.0
2007-11-21 00:00:00-05:00,4.013556806583104,4.045190816410528,3.608247027895686,3.7071030139923096,59500,0.0,0.0
2007-11-23 00:00:00-05:00,3.6082470956502917,3.6438352984515934,3.2662048588124293,3.3571524620056152,44500,0.0,0.0
2007-11-26 00:00:00-05:00,3.3413356564184897,3.535093437852954,3.262250631218568,3.4125118255615234,88500,0.0,0.0
2007-11-27 00:00:00-05:00,3.3808779574841408,3.432282927825509,3.2622505408172153,3.33540415763855,46000,0.0,0.0
2007-11-28 00:00:00-05:00,3.382855042587753,3.734782875784056,3.343312647680391,3.602315664291382,34500,0.0,0.0
2007-11-29 00:00:00-05:00,3.574635779510966,3.574635779510966,3.299815998635693,3.5192763805389404,69500,0.0,0.0
2007-11-30 00:00:00-05:00,3.5588186882814803,3.6339495182037354,3.4579854913278676,3.6339495182037354,24500,0.0,0.0
2007-12-03 00:00:00-05:00,3.6339495767102785,3.6339495767102785,3.525207757949829,3.525207757949829,53000,0.0,0.0
2007-12-04 00:00:00-05:00,3.6082470461280045,3.728851444051799,3.5252078288342377,3.558818817138672,72000,0.0,0.0
2007-12-05 00:00:00-05:00,3.6774462582685663,3.7071030544209824,3.618132665963734,3.6991946697235107,51000,0.0,0.0
2007-12-06 00:00:00-05:00,3.768393726167151,3.772347918374673,3.507413740793119,3.677446126937866,42000,0.0,0.0
2007-12-07 00:00:00-05:00,3.6379037364059257,3.7387369340807384,3.4401915332670017,3.7248969078063965,126500,0.0,0.0
2007-12-10 00:00:00-05:00,3.770370811286731,3.904815235683006,3.7367598230332932,3.7525768280029297,41000,0.0,0.0
2007-12-11 00:00:00-05:00,3.7209427959653216,3.904815212492669,3.7209427959653216,3.853410005569458,15000,0.0,0.0
2007-12-12 00:00:00-05:00,3.910746603257215,3.910746603257215,3.8909754061638946,3.904815196990967,17000,0.0,0.0
2007-12-13 00:00:00-05:00,3.825730269432939,3.9127236802527703,3.825730269432939,3.8850440979003906,17500,0.0,0.0
2007-12-14 00:00:00-05:00,3.9542432688871876,3.9878542574804636,3.6833776747330296,3.88899827003479,23000,0.0,0.0
2007-12-17 00:00:00-05:00,3.9641289450509896,4.151955078007347,3.805958900070487,3.8237531185150146,35500,0.0,0.0
2007-12-18 00:00:00-05:00,3.730828294358603,3.9147007059479964,3.730828294358603,3.825730085372925,11000,0.0,0.0
2007-12-19 00:00:00-05:00,3.875158304582532,3.9542430909809494,3.8257300773922664,3.924586296081543,12000,0.0,0.0
2007-12-20 00:00:00-05:00,3.9384261241377234,3.9384261241377234,3.7960733187094453,3.916677713394165,112000,0.0,0.0
2007-12-21 00:00:00-05:00,3.8929524064133405,3.9483118057250977,3.8929524064133405,3.9483118057250977,52000,0.0,0.0
2007-12-24 00:00:00-05:00,4.027396709389005,4.428752542612688,3.9542433247833815,4.2132463455200195,128000,0.0,0.0
2007-12-26 00:00:00-05:00,4.272559663662058,4.636350056281577,4.213246074176159,4.559242248535156,140500,0.0,0.0
2007-12-27 00:00:00-05:00,4.507837111531639,4.559242317473193,4.3971183152073365,4.545402526855469,24000,0.0,0.0
2007-12-28 00:00:00-05:00,4.468294929120863,4.547379720035519,4.468294929120863,4.501905918121338,19500,0.0,0.0
2007-12-31 00:00:00-05:00,4.448523783024699,4.818245609086232,4.414912793634113,4.5869221687316895,59500,0.0,0.0
2008-01-02 00:00:00-05:00,4.907216235245875,4.925009983439178,4.567150970454072,4.873604774475098,102000,0.0,0.0
2008-01-03 00:00:00-05:00,4.9329181211787665,5.272983368931412,4.881513386172891,5.116790771484375,133500,0.0,0.0
2008-01-04 00:00:00-05:00,4.962575067182178,5.272983278469091,4.796497109792547,4.843947887420654,254500,0.0,0.0
2008-01-07 00:00:00-05:00,4.671938104903633,4.715434926523546,4.2409257307747765,4.349667549133301,148500,0.0,0.0
2008-01-08 00:00:00-05:00,4.29035394824464,4.399095294958503,4.017511149562285,4.061007499694824,109500,0.0,0.0
2008-01-09 00:00:00-05:00,3.9542433070650076,3.9542433070650076,3.62801830965335,3.6418581008911133,80500,0.0,0.0
2008-01-10 00:00:00-05:00,3.554864476508658,3.8949294804565695,3.3986718827881575,3.6379036903381348,102500,0.0,0.0
2008-01-11 00:00:00-05:00,3.6774462950045126,3.9067922818174274,3.6379038997396145,3.835616111755371,52000,0.0,0.0
2008-01-14 00:00:00-05:00,3.8850441253936374,4.112412899311365,3.8850441253936374,4.02344274520874,49000,0.0,0.0
2008-01-15 00:00:00-05:00,3.9245864341131673,4.053099216530518,3.5588188127735645,3.6082470417022705,77000,0.0,0.0
2008-01-16 00:00:00-05:00,3.5944068780481366,3.6556976816030775,3.4520543100880774,3.6359264850616455,19000,0.0,0.0
2008-01-17 00:00:00-05:00,3.6359265066833677,3.6418579128193205,3.3413355350494385,3.3413355350494385,31000,0.0,0.0
2008-01-18 00:00:00-05:00,3.2523650420347394,3.6991946697235107,3.0625614523827704,3.6991946697235107,131500,0.0,0.0
2008-01-22 00:00:00-05:00,3.3690152036518097,3.438214393756723,3.163394611639595,3.1792116165161133,99500,0.0,0.0
2008-01-23 00:00:00-05:00,3.282021841336964,3.282021841336964,3.0329046591410815,3.121875047683716,53000,0.0,0.0
2008-01-24 00:00:00-05:00,3.2029368724706577,3.2246852827306944,3.123852087075982,3.1574630737304688,41000,0.0,0.0
2008-01-25 00:00:00-05:00,3.1633946419005667,3.222708233986457,3.1040810498146767,3.220731019973755,19500,0.0,0.0
2008-01-28 00:00:00-05:00,3.2602735690655704,3.2602735690655704,3.123852169256123,3.1890971660614014,67500,0.0,0.0
2008-01-29 00:00:00-05:00,3.222708196383499,3.2879531940549445,3.169326011267321,3.228639602661133,51000,0.0,0.0
2008-01-30 00:00:00-05:00,3.2029369645798385,3.4797339571125083,3.191074152152989,3.283998966217041,63000,0.0,0.0
2008-01-31 00:00:00-05:00,3.4006492221256854,3.410534820737453,3.2128226128108412,3.321564197540283,34500,0.0,0.0
2008-02-01 00:00:00-05:00,3.4085575271150166,3.44019153621021,3.2859759186395845,3.33738112449646,67500,0.0,0.0
2008-02-04 00:00:00-05:00,3.36901507927646,3.36901507927646,3.1693259009263572,3.202936887741089,40000,0.0,0.0
2008-02-05 00:00:00-05:00,3.202936936567966,3.210845320989196,3.1693259492408545,3.193051338195801,29000,0.0,0.0
2008-02-06 00:00:00-05:00,3.2029370059852598,3.210845390577888,3.163394611639595,3.1792116165161133,32000,0.0,0.0
2008-02-07 00:00:00-05:00,3.2523650745243255,3.3116786674216727,3.2207310640359004,3.2602736949920654,9000,0.0,0.0
2008-02-08 00:00:00-05:00,3.345289904414925,3.345289904414925,3.1732802958186705,3.3057475090026855,40500,0.0,0.0
2008-02-11 00:00:00-05:00,3.309701676391831,3.3215642535110876,3.1040810803874512,3.2147998809814453,35500,0.0,0.0
2008-02-12 00:00:00-05:00,3.1297832635842457,3.1297832635842457,2.864849090576172,2.864849090576172,66500,0.0,0.0
2008-02-13 00:00:00-05:00,3.024996031307802,3.024996031307802,2.6691142423209344,2.8351924419403076,33500,0.0,0.0
2008-02-14 00:00:00-05:00,2.8431006835212016,2.8431006835212016,2.698770902588876,2.7185420989990234,46500,0.0,0.0
2008-02-15 00:00:00-05:00,2.7323820878654295,2.7561077138343615,2.633526098632444,2.678999900817871,53500,0.0,0.0
2008-02-19 00:00:00-05:00,2.7323818773317687,3.1001264589110424,2.696793676811758,2.963705062866211,117000,0.0,0.0
2008-02-20 00:00:00-05:00,2.8747347732565647,3.09221817560269,2.8747347732565647,3.0408129692077637,33000,0.0,0.0
2008-02-21 00:00:00-05:00,2.9775451636536983,3.048721566481965,2.975567949695202,2.997316360473633,139500,0.0,0.0
2008-02-22 00:00:00-05:00,2.97556797074634,2.991384975452439,2.657251369725655,2.8964831829071045,28000,0.0,0.0
2008-02-25 00:00:00-05:00,2.868803302775596,2.868803302775596,2.7798329184094426,2.8608949184417725,79500,0.0,0.0
2008-02-26 00:00:00-05:00,2.7679700804349348,2.8193752851997282,2.7679700804349348,2.8173980712890625,46500,0.0,0.0
2008-02-27 00:00:00-05:00,3.3097015261185283,3.59836132730776,3.163394529427137,3.3413355350494385,329500,0.0,0.0
2008-02-28 00:00:00-05:00,3.3611067262540772,3.4164661239477057,3.327495503435308,3.390763521194458,47500,0.0,0.0
2008-02-29 00:00:00-05:00,3.3413356693899856,3.3413356693899856,3.0941954655247357,3.121875047683716,39500,0.0,0.0
2008-03-03 00:00:00-05:00,3.1436233612232605,3.1436233612232605,2.995339149247243,3.044767141342163,90500,0.0,0.0
2008-03-04 00:00:00-05:00,2.90636879572032,3.1554859729189837,2.90636879572032,3.086286783218384,51000,0.0,0.0
2008-03-05 00:00:00-05:00,3.123852149620756,3.133737747993017,3.044767126951413,3.096172332763672,36500,0.0,0.0
2008-03-06 00:00:00-05:00,3.08430948860561,3.361106711554451,3.08430948860561,3.345289707183838,93500,0.0,0.0
2008-03-07 00:00:00-05:00,3.2227081033551777,3.645812086856852,3.2227081033551777,3.392740488052368,65000,0.0,0.0
2008-03-10 00:00:00-04:00,3.4204204417060518,3.4204204417060518,3.1633946404288418,3.1732802391052246,143500,0.0,0.0
2008-03-11 00:00:00-04:00,3.2543422500672605,3.2543422500672605,3.094195456862353,3.123852252960205,8000,0.0,0.0
2008-03-12 00:00:00-04:00,3.1633946605889425,3.2029370555464736,3.117920859249528,3.169326066970825,112000,0.0,0.0
2008-03-13 00:00:00-04:00,3.1831658433568184,3.2681820392608643,3.1396692562428052,3.2681820392608643,16000,0.0,0.0
2008-03-14 00:00:00-04:00,3.268181996923674,3.31563301145348,3.222708196383499,3.228639602661133,121000,0.0,0.0
2008-03-17 00:00:00-04:00,3.222708094487919,3.222708094487919,3.10408091545105,3.10408091545105,114500,0.0,0.0
2008-03-18 00:00:00-04:00,3.119897862716431,3.133737889616074,2.8925290898789524,2.9241628646850586,72500,0.0,0.0
2008-03-19 00:00:00-04:00,2.8865975907685706,3.0684927917514124,2.847055196762085,2.847055196762085,155000,0.0,0.0
2008-03-20 00:00:00-04:00,2.8371694160937886,2.8490322287960357,2.7185422318363717,2.7877414226531982,152500,0.0,0.0
2008-03-24 00:00:00-04:00,2.750176206705039,2.8470552140230367,2.678999802785337,2.6987709999084473,42500,0.0,0.0
2008-03-25 00:00:00-04:00,2.6691140799054054,2.767970060916578,2.649342883703171,2.724473476409912,27500,0.0,0.0
2008-03-26 00:00:00-04:00,2.817398105296239,2.817398105296239,2.700748139748984,2.7620387077331543,34500,0.0,0.0
2008-03-27 00:00:00-04:00,2.710633769286577,2.710633769286577,2.629571768096394,2.659228563308716,26000,0.0,0.0
2008-03-28 00:00:00-04:00,2.698771070250205,2.752153256735724,2.698771070250205,2.73238205909729,18000,0.0,0.0
2008-03-31 00:00:00-04:00,2.68690813013477,2.7521531263897585,2.68690813013477,2.7106337547302246,39000,0.0,0.0
2008-04-01 00:00:00-04:00,2.7106337995476664,2.817398169227424,2.6948167947862647,2.7976269721984863,29000,0.0,0.0
2008-04-02 00:00:00-04:00,2.8371692724575497,2.8371692724575497,2.767970085144043,2.767970085144043,43000,0.0,0.0
2008-04-03 00:00:00-04:00,2.767970096517033,2.821352515502648,2.765993118286133,2.765993118286133,5500,0.0,0.0
2008-04-04 00:00:00-04:00,2.851009433880557,2.882643208168697,2.76797021660744,2.7897186279296875,11000,0.0,0.0
2008-04-07 00:00:00-04:00,2.8272838352864422,3.05663005626902,2.8272838352864422,2.928117036819458,69500,0.0,0.0
2008-04-08 00:00:00-04:00,2.9281169019557476,3.036858718895584,2.9281169019557476,2.955796718597412,13000,0.0,0.0
2008-04-09 00:00:00-04:00,2.9775452210479454,3.044767197254969,2.963705194454209,2.9854536056518555,9000,0.0,0.0
2008-04-10 00:00:00-04:00,2.9795221906562572,3.0447671883674885,2.9775452123566812,2.9874308109283447,6000,0.0,0.0
2008-04-11 00:00:00-04:00,2.9755679501058747,2.999293339154819,2.866826367581228,2.900437355041504,26000,0.0,0.0
2008-04-14 00:00:00-04:00,2.906368885619693,2.906368885619693,2.8272838592529297,2.8272838592529297,9500,0.0,0.0
2008-04-15 00:00:00-04:00,2.868803320593648,2.985453522235201,2.868803320593648,2.953819513320923,27000,0.0,0.0
2008-04-16 00:00:00-04:00,3.0289502502331933,3.0289502502331933,2.886597674803894,2.926140069961548,16500,0.0,0.0
2008-04-17 00:00:00-04:00,2.9261400025154787,2.9261400025154787,2.688885401346892,2.6987709999084473,176000,0.0,0.0
2008-04-18 00:00:00-04:00,2.760061836349629,2.760061836349629,2.4219740317692255,2.5485098361968994,181500,0.0,0.0
2008-04-21 00:00:00-04:00,2.376500177788576,2.5208299623353465,2.376500177788576,2.463493585586548,124500,0.0,0.0
2008-04-22 00:00:00-04:00,2.437791019689263,2.4872190127070732,2.437791019689263,2.45558500289917,43000,0.0,0.0
2008-04-23 00:00:00-04:00,2.4536081207008653,2.4536081207008653,2.3330034830455673,2.340912103652954,102500,0.0,0.0
2008-04-24 00:00:00-04:00,2.340912079692504,2.360683277471696,2.2301932778525217,2.249964475631714,94500,0.0,0.0
2008-04-25 00:00:00-04:00,2.253918617452419,2.404179811477661,2.253918617452419,2.404179811477661,40000,0.0,0.0
2008-04-28 00:00:00-04:00,2.4199968206966247,2.4516308307647705,2.378477211943591,2.4516308307647705,53500,0.0,0.0
2008-04-29 00:00:00-04:00,2.483264820403901,2.6256173931569413,2.45558500289917,2.45558500289917,20500,0.0,0.0
2008-04-30 00:00:00-04:00,2.4911731229536542,2.767970110427254,2.483264738607803,2.714587926864624,173500,0.0,0.0
2008-05-01 00:00:00-04:00,2.7343592298444115,2.9498654221059857,2.7343592298444115,2.8371694087982178,34500,0.0,0.0
2008-05-02 00:00:00-04:00,2.8668265139774354,2.9656825031388907,2.7956501075046796,2.8707807064056396,35500,0.0,0.0
2008-05-05 00:00:00-04:00,2.906368706036572,2.906368706036572,2.8628718852996826,2.8628718852996826,22500,0.0,0.0
2008-05-06 00:00:00-04:00,2.833215066909626,2.833215066909626,2.5722350874381847,2.5761892795562744,50000,0.0,0.0
2008-05-07 00:00:00-04:00,2.639457329895026,2.6829539151316117,2.3982485436270187,2.4239509105682373,98500,0.0,0.0
2008-05-08 00:00:00-04:00,2.49710448795429,2.49710448795429,2.4318594932556152,2.4318594932556152,24000,0.0,0.0
2008-05-09 00:00:00-04:00,2.4219738992354496,2.619686097565308,2.3962712969541804,2.4793102741241455,51000,0.0,0.0
2008-05-12 00:00:00-04:00,2.4951273617764014,2.5386241835655774,2.4714019726040153,2.510944366455078,33500,0.0,0.0
2008-05-13 00:00:00-04:00,2.445699462121359,2.718542272860239,2.323117847985879,2.4437222480773926,67000,0.0,0.0
2008-05-14 00:00:00-04:00,2.4437221241701366,2.540601129278211,2.3725459575653076,2.3725459575653076,62000,0.0,0.0
2008-05-15 00:00:00-04:00,2.400225527878092,2.4714019298553467,2.3844085234730072,2.4714019298553467,18500,0.0,0.0
2008-05-16 00:00:00-04:00,2.439767975725858,2.471401985245017,2.406156987918789,2.412088394165039,3500,0.0,0.0
2008-05-19 00:00:00-04:00,2.5109444855275798,2.5109444855275798,2.412088496212033,2.4872190952301025,50500,0.0,0.0
2008-05-20 00:00:00-04:00,2.5129215813794463,2.6177089722628506,2.414065361022949,2.414065361022949,41000,0.0,0.0
2008-05-21 00:00:00-04:00,2.4694246691854027,2.4694246691854027,2.1847193023558296,2.3349804878234863,301500,0.0,0.0
2008-05-22 00:00:00-04:00,2.3725459662397603,2.4120883597285467,2.32904914484909,2.3705687522888184,51000,0.0,0.0
2008-05-23 00:00:00-04:00,2.340911996955079,2.36859157859113,2.334980590692708,2.3626604080200195,10000,0.0,0.0
2008-05-27 00:00:00-04:00,2.372546103028583,2.372546103028583,2.323117872626565,2.3428890705108643,6500,0.0,0.0
2008-05-28 00:00:00-04:00,2.293460870027678,2.3290490701646482,2.184719291420476,2.2400786876678467,80500,0.0,0.0
2008-05-29 00:00:00-04:00,2.1926278334452483,2.303346633911133,2.176810828279941,2.303346633911133,18000,0.0,0.0
2008-05-30 00:00:00-04:00,2.273689831382797,2.273689831382797,2.125405850285314,2.160994052886963,59000,0.0,0.0
2008-06-02 00:00:00-04:00,2.1609939959066056,2.1609939959066056,1.8584942817687988,1.8584942817687988,100500,0.0,0.0
2008-06-03 00:00:00-04:00,1.8288374681399828,1.9533960548768288,1.6350795748916223,1.66869056224823,193000,0.0,0.0
2008-06-04 00:00:00-04:00,1.6370566976444516,1.8130204931022726,1.5816972986724263,1.7596381902694702,85000,0.0,0.0
2008-06-05 00:00:00-04:00,1.8387231119487804,1.8407002081046695,1.5816973120055173,1.6845076084136963,97500,0.0,0.0
2008-06-06 00:00:00-04:00,1.5935600435373503,1.729981449124336,1.5935600435373503,1.6528737545013428,43000,0.0,0.0
2008-06-09 00:00:00-04:00,1.7102101635802418,1.7102101635802418,1.597514271736145,1.597514271736145,34000,0.0,0.0
2008-06-10 00:00:00-04:00,1.6311253389295535,1.6311253389295535,1.5342464468272397,1.5816973447799683,169000,0.0,0.0
2008-06-11 00:00:00-04:00,1.5816972933005187,1.6311252858413727,1.5678573846817017,1.5678573846817017,8000,0.0,0.0
2008-06-12 00:00:00-04:00,1.5678574393811413,1.6706678560059771,1.552040551923626,1.6528737545013428,78500,0.0,0.0
2008-06-13 00:00:00-04:00,1.724050032116186,1.724050032116186,1.6054227287603067,1.6548508405685425,144500,0.0,0.0
2008-06-16 00:00:00-04:00,1.7892949804985983,1.9711901816711639,1.696370283779055,1.9296706914901733,99000,0.0,0.0
2008-06-17 00:00:00-04:00,1.830814603950461,2.198559201660488,1.830814603950461,2.1669251918792725,126500,0.0,0.0
2008-06-18 00:00:00-04:00,2.194605047379066,2.4911732460646125,2.194605047379066,2.447676658630371,94000,0.0,0.0
2008-06-19 00:00:00-04:00,2.5425782886005965,2.669114085998505,2.4634935036111223,2.625617265701294,94500,0.0,0.0
2008-06-20 00:00:00-04:00,2.6196861770386666,2.9162543656848112,2.55444118025034,2.8510093688964844,162500,0.0,0.0
2008-06-23 00:00:00-04:00,2.908345719856423,3.3413355401463924,2.8767119465685136,3.098149538040161,286500,0.0,0.0
2008-06-24 00:00:00-04:00,3.0862868503758385,3.4204204650211976,3.0862868503758385,3.3611068725585938,160500,0.0,0.0
2008-06-25 00:00:00-04:00,3.4223974100234646,3.6379038376447363,3.3769236091067647,3.6082470417022705,159000,0.0,0.0
2008-06-26 00:00:00-04:00,3.6042926161312434,3.606269830138585,3.2009598139345354,3.222708225250244,270000,0.0,0.0
2008-06-27 00:00:00-04:00,3.1693260456513026,3.2820218233839276,2.4417452291149937,2.5485098361968994,242000,0.0,0.0
2008-06-30 00:00:00-04:00,2.568281071767409,2.568281071767409,2.0997032634544026,2.1570396423339844,138500,0.0,0.0
2008-07-01 00:00:00-04:00,2.109588868899889,2.3132322523700295,2.109588868899889,2.251941680908203,111000,0.0,0.0
2008-07-02 00:00:00-04:00,2.048297987430136,2.431859586040949,2.0166639779779794,2.3646373748779297,99000,0.0,0.0
2008-07-03 00:00:00-04:00,2.174833805344271,2.463493613386533,2.048298002307817,2.072023391723633,85000,0.0,0.0
2008-07-07 00:00:00-04:00,2.0482979846910365,2.0522521769444535,1.8584942817687988,1.8584942817687988,85000,0.0,0.0
2008-07-08 00:00:00-04:00,1.838723126159654,1.8980367183685303,1.749752620000707,1.8980367183685303,110500,0.0,0.0
2008-07-09 00:00:00-04:00,1.9118766940582248,2.1906509171479795,1.9118766940582248,2.1471540927886963,98000,0.0,0.0
2008-07-10 00:00:00-04:00,2.1807652853421913,2.54060127379622,2.0819090606671273,2.536647081375122,52000,0.0,0.0
2008-07-11 00:00:00-04:00,2.6809767296960367,2.6809767296960367,2.372545966210768,2.4674477577209473,106000,0.0,0.0
2008-07-14 00:00:00-04:00,2.4397680777940813,2.471402088636656,2.131337061307154,2.2005364894866943,51000,0.0,0.0
2008-07-15 00:00:00-04:00,2.2934610201571206,2.2934610201571206,1.9573504285873427,2.066092014312744,55500,0.0,0.0
2008-07-16 00:00:00-04:00,2.0403894074682785,2.1649482337588557,1.959327521800842,2.162971019744873,21000,0.0,0.0
2008-07-17 00:00:00-04:00,2.198559137920208,2.2697355400187766,2.198559137920208,2.2282159328460693,57500,0.0,0.0
2008-07-18 00:00:00-04:00,2.2519415283985422,2.2519415283985422,2.174833721167515,2.234147310256958,19500,0.0,0.0
2008-07-21 00:00:00-04:00,2.188673476309905,2.2736896664434187,2.1768106644061596,2.1926276683807373,54000,0.0,0.0
2008-07-22 00:00:00-04:00,2.2242617465165204,2.2835753365243927,2.2242617465165204,2.2756669521331787,17000,0.0,0.0
2008-07-23 00:00:00-04:00,2.234147392959344,2.287529577977663,2.234147392959344,2.2657814025878906,32000,0.0,0.0
2008-07-24 00:00:00-04:00,2.3092780925955974,2.3942942910541802,2.2301933006697103,2.3883628845214844,11000,0.0,0.0
2008-07-25 00:00:00-04:00,2.4377909922746355,2.4377909922746355,2.3132321684409893,2.3646373748779297,12000,0.0,0.0
2008-07-28 00:00:00-04:00,2.350797589105891,2.4219739926783688,2.350797589105891,2.412088394165039,3000,0.0,0.0
2008-07-29 00:00:00-04:00,2.4120882970251833,2.4318594932556152,2.4120882970251833,2.4318594932556152,3000,0.0,0.0
2008-07-30 00:00:00-04:00,2.3903399201150988,2.4654705139731212,2.313232112330054,2.376500129699707,18500,0.0,0.0
2008-07-31 00:00:00-04:00,2.3725460690649967,2.3903400526296323,2.2539186477661133,2.2539186477661133,20500,0.0,0.0
2008-08-01 00:00:00-04:00,2.2242617465165204,2.370568743284026,2.2242617465165204,2.2756669521331787,2500,0.0,0.0
2008-08-04 00:00:00-04:00,2.3152093200344037,2.364637311164562,2.3152093200344037,2.3290491104125977,29000,0.0,0.0
2008-08-05 00:00:00-04:00,2.3626604610896265,2.3626604610896265,2.2539186390136465,2.2558958530426025,22500,0.0,0.0
2008-08-06 00:00:00-04:00,2.255895804040377,2.2657814025878906,2.2539185900543703,2.2657814025878906,3000,0.0,0.0
2008-08-07 00:00:00-04:00,2.2657814025878906,2.2657814025878906,2.2657814025878906,2.2657814025878906,0,0.0,0.0
2008-08-08 00:00:00-04:00,2.2697356404548223,2.3527748584747314,2.2657814480946517,2.3527748584747314,12500,0.0,0.0
2008-08-11 00:00:00-04:00,2.3547517964592797,2.3705688013201947,2.342888983890778,2.3606832027435303,16500,0.0,0.0
2008-08-12 00:00:00-04:00,2.279621124267578,2.30730094077575,2.2736897181807376,2.279621124267578,23000,0.0,0.0
2008-08-13 00:00:00-04:00,2.4694246783104563,2.698770885154297,2.2657813094632644,2.333003282546997,435000,0.0,0.0
2008-08-14 00:00:00-04:00,2.3606832957349346,2.4812876973975593,2.3606832957349346,2.437791109085083,36000,0.0,0.0
2008-08-15 00:00:00-04:00,2.4417452033278346,2.4911731961702483,2.4417452033278346,2.457562208175659,40500,0.0,0.0
2008-08-18 00:00:00-04:00,2.506990166140717,2.5109443583748465,2.4022027756343545,2.4160425662994385,20000,0.0,0.0
2008-08-19 00:00:00-04:00,2.412088287105343,2.412088287105343,2.2400786920549844,2.287529468536377,48500,0.0,0.0
2008-08-20 00:00:00-04:00,2.319163691586333,2.465470698063987,2.319163691586333,2.3883628845214844,15500,0.0,0.0
2008-08-21 00:00:00-04:00,2.4417452817125396,2.4951274685577642,2.4417452817125396,2.4891960620880127,18000,0.0,0.0
2008-08-22 00:00:00-04:00,2.5208300639175,2.5999150904167623,2.491173267364502,2.491173267364502,10000,0.0,0.0
2008-08-25 00:00:00-04:00,2.570257942324428,2.599914973231976,2.546532553289647,2.562349557876587,27500,0.0,0.0
2008-08-26 00:00:00-04:00,2.5623495727379635,2.588052175879406,2.510944366455078,2.510944366455078,3000,0.0,0.0
2008-08-27 00:00:00-04:00,2.5307155836834028,2.5682809995580382,2.5069901943206787,2.5069901943206787,7500,0.0,0.0
2008-08-28 00:00:00-04:00,2.5208300071694354,2.5781666206292497,2.506990216227847,2.5504868030548096,16000,0.0,0.0
2008-08-29 00:00:00-04:00,2.5030359248028127,2.5682809203054036,2.5030359248028127,2.5228071212768555,17000,0.0,0.0
2008-09-02 00:00:00-04:00,2.4714018813030725,2.538624089781246,2.3725459003274496,2.4812874794006348,16500,0.0,0.0
2008-09-03 00:00:00-04:00,2.4358138799907696,2.5406012755230702,2.2835754682992335,2.3448662757873535,28000,0.0,0.0
2008-09-04 00:00:00-04:00,2.323117738718328,2.3725459662712236,2.204490558250395,2.2736897468566895,16000,0.0,0.0
2008-09-05 00:00:00-04:00,2.2539184934063856,2.285552501678467,2.1946049046646716,2.285552501678467,6000,0.0,0.0
2008-09-08 00:00:00-04:00,2.392317098992003,2.6691140817007155,2.392317098992003,2.5781664848327637,57000,0.0,0.0
2008-09-09 00:00:00-04:00,2.6137547340884715,2.955796717849721,2.6137547340884715,2.858917713165283,86000,0.0,0.0
2008-09-10 00:00:00-04:00,2.9281170570234347,3.1238522907426667,2.8549636729022074,3.115943670272827,125000,0.0,0.0
2008-09-11 00:00:00-04:00,3.0941953437291123,3.4006491278932955,3.0941953437291123,3.29190731048584,209500,0.0,0.0
2008-09-12 00:00:00-04:00,3.2582962814997107,3.370992289659136,3.256319067580992,3.3492438793182373,16500,0.0,0.0
2008-09-15 00:00:00-04:00,3.26422790949258,3.3017930909721973,2.9676597073055895,3.1119894981384277,63000,0.0,0.0
2008-09-16 00:00:00-04:00,3.024996080374264,3.024996080374264,2.7758788947500705,2.77785587310791,22500,0.0,0.0
2008-09-17 00:00:00-04:00,2.777855698579487,2.777855698579487,2.520829908598667,2.6196861267089844,25000,0.0,0.0
2008-09-18 00:00:00-04:00,2.532692859355723,2.532692859355723,2.1847194522315774,2.350797653198242,64000,0.0,0.0
2008-09-19 00:00:00-04:00,2.3824315465846166,2.678999731197706,2.3824315465846166,2.6651599407196045,21500,0.0,0.0
2008-09-22 00:00:00-04:00,2.572235171200729,2.6256173557614124,2.497104575745458,2.510944366455078,23500,0.0,0.0
2008-09-23 00:00:00-04:00,2.570258057526202,2.6829540729522705,2.570258057526202,2.6829540729522705,10500,0.0,0.0
2008-09-24 00:00:00-04:00,2.627594470977783,2.627594470977783,2.627594470977783,2.627594470977783,500,0.0,0.0
2008-09-25 00:00:00-04:00,2.6295719146728516,2.6295719146728516,2.6295719146728516,2.6295719146728516,1500,0.0,0.0
2008-09-26 00:00:00-04:00,2.4259282108690514,2.6473658084869385,2.4259282108690514,2.6473658084869385,24500,0.0,0.0
2008-09-29 00:00:00-04:00,2.41011119779224,2.5801435877401366,2.2638041973114014,2.2638041973114014,24000,0.0,0.0
2008-09-30 00:00:00-04:00,2.4456993170458508,2.649342923843804,2.1847193346692046,2.5702579021453857,35000,0.0,0.0
2008-10-01 00:00:00-04:00,2.570258029770751,2.6987710491049213,2.5208300360619416,2.688885450363159,12500,0.0,0.0
2008-10-02 00:00:00-04:00,2.6493429466660507,2.8767119440865287,2.3725459575653076,2.3725459575653076,41500,0.0,0.0
2008-10-03 00:00:00-04:00,2.451630859470074,2.451630859470074,2.2539186477661133,2.2539186477661133,14500,0.0,0.0
2008-10-06 00:00:00-04:00,2.186696380006539,2.186696380006539,1.876288396850102,2.0245726108551025,16500,0.0,0.0
2008-10-07 00:00:00-04:00,2.0265496274044503,2.066092022367852,1.8486087322235107,1.8486087322235107,17500,0.0,0.0
2008-10-08 00:00:00-04:00,1.8782655070652443,1.927693618052475,1.828837513923645,1.828837513923645,10500,0.0,0.0
2008-10-09 00:00:00-04:00,1.8683798792174402,1.977121580273985,1.8683798792174402,1.9553732872009277,20000,0.0,0.0
2008-10-10 00:00:00-04:00,1.828837452792036,1.9276935536164537,1.7003245570739807,1.7200957536697388,26000,0.0,0.0
2008-10-13 00:00:00-04:00,1.67264493281033,2.0166640281677246,1.67264493281033,2.0166640281677246,41000,0.0,0.0
2008-10-14 00:00:00-04:00,2.1768106925020096,2.429882287979126,1.9830529216179293,2.429882287979126,27500,0.0,0.0
2008-10-15 00:00:00-04:00,2.4318596558934336,2.4318596558934336,1.967236042022705,1.967236042022705,15500,0.0,0.0
2008-10-16 00:00:00-04:00,2.095748885805508,2.1946051120758057,2.0265496924001907,2.1946051120758057,17500,0.0,0.0
2008-10-17 00:00:00-04:00,2.1847193241119385,2.41208831847507,2.075977508186309,2.1847193241119385,30000,0.0,0.0
2008-10-20 00:00:00-04:00,2.1550625719275254,2.303346547893549,2.115520178336586,2.22426176071167,7000,0.0,0.0
2008-10-21 00:00:00-04:00,2.089817667986713,2.2044906616210938,2.089817667986713,2.2044906616210938,2500,0.0,0.0
2008-10-22 00:00:00-04:00,2.22426176071167,2.22426176071167,2.22426176071167,2.22426176071167,1500,0.0,0.0
2008-10-23 00:00:00-04:00,2.2638041484843616,2.2736897468566895,2.18471936150574,2.2736897468566895,7000,0.0,0.0
2008-10-24 00:00:00-04:00,2.224261906769112,2.224261906769112,2.0166640910933915,2.1471540927886963,16000,0.0,0.0
2008-10-27 00:00:00-04:00,2.1669252120815745,2.1669252120815745,2.162971019744873,2.162971019744873,1000,0.0,0.0
2008-10-28 00:00:00-04:00,2.174833816703078,2.2539186056296856,2.105634626392296,2.214376211166382,8000,0.0,0.0
2008-10-29 00:00:00-04:00,2.1748337745666504,2.1748337745666504,2.1748337745666504,2.1748337745666504,4000,0.0,0.0
2008-10-30 00:00:00-04:00,2.1550625777180565,2.1748337745666504,1.9968927672380474,2.1748337745666504,8500,0.0,0.0
2008-10-31 00:00:00-04:00,2.22426176071167,2.234147359109405,2.1748337687229955,2.22426176071167,9500,0.0,0.0
2008-11-03 00:00:00-05:00,2.1748336826933894,2.1748336826933894,1.9968926828816922,2.0957486629486084,20500,0.0,0.0
2008-11-04 00:00:00-05:00,2.1352915007007134,2.2934610843658447,2.1352915007007134,2.2934610843658447,18500,0.0,0.0
2008-11-05 00:00:00-05:00,2.2183303060281894,2.2875294932992065,2.155062524804367,2.234147310256958,9500,0.0,0.0
2008-11-06 00:00:00-05:00,2.2203075113657667,2.269735502082736,2.1985591011738,2.2361245155334473,25500,0.0,0.0
2008-11-07 00:00:00-05:00,2.2361245155334473,2.2361245155334473,2.2361245155334473,2.2361245155334473,0,0.0,0.0
2008-11-10 00:00:00-05:00,2.2361245155334473,2.2361245155334473,2.2361245155334473,2.2361245155334473,0,0.0,0.0
2008-11-11 00:00:00-05:00,2.31916366337834,2.461516475666516,2.240078872414361,2.394294261932373,57500,0.0,0.0
2008-11-12 00:00:00-05:00,2.5702580183611605,2.5702580183611605,2.3547518253326416,2.3547518253326416,16500,0.0,0.0
2008-11-13 00:00:00-05:00,2.313232095709549,2.313232095709549,1.9870071200263597,2.234147310256958,17500,0.0,0.0
2008-11-14 00:00:00-05:00,2.1748337192972564,2.1748337192972564,2.137268304824829,2.137268304824829,7000,0.0,0.0
2008-11-17 00:00:00-05:00,2.204490525546639,2.2242617219979874,1.9217621334628512,2.135291337966919,39500,0.0,0.0
2008-11-18 00:00:00-05:00,2.0127097934149276,2.0858631754000783,1.9771215915679932,1.9771215915679932,5000,0.0,0.0
2008-11-19 00:00:00-05:00,1.9870072324410486,1.996892831181899,1.846631636044467,1.8486087322235107,22000,0.0,0.0
2008-11-20 00:00:00-05:00,1.8308146100801828,1.9118766131089107,1.828837513923645,1.828837513923645,26500,0.0,0.0
2008-11-21 00:00:00-05:00,1.8288375447562162,1.846631646156311,1.8288375447562162,1.846631646156311,7000,0.0,0.0
2008-11-24 00:00:00-05:00,1.846631596692987,1.9771215915679932,1.846631596692987,1.9771215915679932,20500,0.0,0.0
2008-11-25 00:00:00-05:00,1.9474648369987873,2.0562064231214032,1.9474648369987873,2.0166640281677246,9500,0.0,0.0
2008-11-26 00:00:00-05:00,1.957350341171766,2.036435127258301,1.901990943772941,2.036435127258301,14000,0.0,0.0
2008-11-28 00:00:00-05:00,1.9000138994633886,1.9771215915679932,1.9000138994633886,1.9771215915679932,7000,0.0,0.0
2008-12-01 00:00:00-05:00,1.9019909409852982,2.03248093211333,1.8683798362404065,1.9158307313919067,12500,0.0,0.0
2008-12-02 00:00:00-05:00,1.848608746712266,1.9771216491961932,1.848608746712266,1.9415334463119507,7000,0.0,0.0
2008-12-03 00:00:00-05:00,1.8347687903725642,1.9672359996771867,1.8347687903725642,1.9276936054229736,7000,0.0,0.0
2008-12-04 00:00:00-05:00,1.8881511138510332,1.9771216197359267,1.8466316230018374,1.9474648237228394,35000,0.0,0.0
2008-12-05 00:00:00-05:00,1.9672359716910468,1.9968927669598053,1.9573503732681274,1.9573503732681274,6000,0.0,0.0
2008-12-08 00:00:00-05:00,2.11354293139556,2.11354293139556,1.8861739361048309,1.9889843463897705,54000,0.0,0.0
2008-12-09 00:00:00-05:00,2.01666400713853,2.0364352044092007,1.959327511484458,1.9968928098678589,7000,0.0,0.0
2008-12-10 00:00:00-05:00,2.0067783334742675,2.206467748409873,2.002824141306224,2.1333141326904297,55000,0.0,0.0
2008-12-11 00:00:00-05:00,2.17285667365818,2.17285667365818,2.056206464767456,2.056206464767456,8500,0.0,0.0
2008-12-12 00:00:00-05:00,2.0245725842408335,2.1748337745666504,2.0166639640866415,2.1748337745666504,24000,0.0,0.0
2008-12-15 00:00:00-05:00,2.002824191468923,2.0720233810622304,1.8090662956237793,1.8090662956237793,56500,0.0,0.0
2008-12-16 00:00:00-05:00,1.7655695676803589,1.8782654599219897,1.7398669647535936,1.7655695676803589,62000,0.0,0.0
2008-12-17 00:00:00-05:00,1.7892950355755004,1.7892950355755004,1.5026124342137233,1.5342464447021484,101000,0.0,0.0
2008-12-18 00:00:00-05:00,1.6548508183199488,1.9790988314613045,1.5816973175314273,1.779409408569336,52500,0.0,0.0
2008-12-19 00:00:00-05:00,1.7991806743485168,1.9771215631829013,1.789294958114624,1.789294958114624,30000,0.0,0.0
2008-12-22 00:00:00-05:00,1.8031349235153096,1.8782655207772743,1.7299814224243164,1.7299814224243164,39000,0.0,0.0
2008-12-23 00:00:00-05:00,1.7319585084915161,1.7319585084915161,1.7319585084915161,1.7319585084915161,2500,0.0,0.0
2008-12-24 00:00:00-05:00,1.7161414751157131,1.8584942817687988,1.7102101867355877,1.8584942817687988,30500,0.0,0.0
2008-12-26 00:00:00-05:00,1.8584943451347051,1.9178080558776855,1.8584943451347051,1.9178080558776855,6000,0.0,0.0
2008-12-29 00:00:00-05:00,1.8782655427671542,1.9178080558776855,1.8189519498698072,1.9178080558776855,24000,0.0,0.0
2008-12-30 00:00:00-05:00,1.8584943156918785,1.8584943156918785,1.779409408569336,1.779409408569336,3500,0.0,0.0
2008-12-31 00:00:00-05:00,1.8090662469218681,1.8466315438303507,1.7991806486746689,1.8189518451690674,6000,0.0,0.0
2009-01-02 00:00:00-05:00,1.8288375486860318,1.921762248265922,1.8288375486860318,1.9178080558776855,12500,0.0,0.0
2009-01-05 00:00:00-05:00,1.9672360392536374,2.1254058551437787,1.858494335021278,2.1115658283233643,49500,0.0,0.0
2009-01-06 00:00:00-05:00,2.0957486786495174,2.145176904744529,2.075977482488012,2.1412224769592285,7000,0.0,0.0
2009-01-07 00:00:00-05:00,2.0957488220632157,2.0957488220632157,2.0067784332481313,2.064115047454834,19000,0.0,0.0
2009-01-08 00:00:00-05:00,2.0245725507600727,2.036435127258301,1.8881510355004212,2.036435127258301,26000,0.0,0.0
2009-01-09 00:00:00-05:00,2.056206464767456,2.056206464767456,2.056206464767456,2.056206464767456,2000,0.0,0.0
2009-01-12 00:00:00-05:00,2.125405850285314,2.1748338439844748,2.125405850285314,2.160994052886963,35000,0.0,0.0
2009-01-13 00:00:00-05:00,2.0779547685937856,2.1748337745666504,2.056206357783829,2.1748337745666504,18000,0.0,0.0
2009-01-14 00:00:00-05:00,2.056206493942164,2.056206493942164,2.0502750873565674,2.0502750873565674,2000,0.0,0.0
2009-01-15 00:00:00-05:00,1.9889844536071697,2.036435233457117,1.9197851443271243,1.967236042022705,6000,0.0,0.0
2009-01-16 00:00:00-05:00,2.036435127258301,2.036435127258301,2.036435127258301,2.036435127258301,1000,0.0,0.0
2009-01-20 00:00:00-05:00,2.174833830509324,2.174833830509324,1.97909883525865,1.9949156045913696,13500,0.0,0.0
2009-01-21 00:00:00-05:00,2.002824306488037,2.002824306488037,1.9356020913221712,2.002824306488037,11000,0.0,0.0
2009-01-22 00:00:00-05:00,2.006778387158562,2.006778387158562,1.9276935989170454,1.9771215915679932,6500,0.0,0.0
2009-01-23 00:00:00-05:00,1.8802425686936963,1.947464779546585,1.8802425686936963,1.9079222679138184,7500,0.0,0.0
2009-01-26 00:00:00-05:00,1.874311257062022,1.9178079603952065,1.739866954871101,1.7675466537475586,37000,0.0,0.0
2009-01-27 00:00:00-05:00,1.739866974658244,1.7655695777313283,1.7319584723399388,1.7635924816131592,23000,0.0,0.0
2009-01-28 00:00:00-05:00,1.7715009780323732,1.8604713636643688,1.7715009780323732,1.8130204677581787,11000,0.0,0.0
2009-01-29 00:00:00-05:00,1.830814626274635,1.830814626274635,1.7319585212713742,1.7774323225021362,10500,0.0,0.0
2009-01-30 00:00:00-05:00,1.789294958114624,1.789294958114624,1.789294958114624,1.789294958114624,1000,0.0,0.0
2009-02-02 00:00:00-05:00,1.7892949858947058,1.8683798920742978,1.7200957961024894,1.7596381902694702,14000,0.0,0.0
2009-02-03 00:00:00-05:00,1.7596381902694702,1.7596381902694702,1.7596381902694702,1.7596381902694702,0,0.0,0.0
2009-02-04 00:00:00-05:00,1.8090663995156755,2.002824306488037,1.8090663995156755,2.002824306488037,13500,0.0,0.0
2009-02-05 00:00:00-05:00,1.9375792456936713,1.9692131382088474,1.8881511339663153,1.967236042022705,12500,0.0,0.0
2009-02-06 00:00:00-05:00,1.8980367183685303,1.8980367183685303,1.8980367183685303,1.8980367183685303,2000,0.0,0.0
2009-02-09 00:00:00-05:00,1.9454877205332408,1.9968928098678589,1.9276936194205108,1.9968928098678589,16000,0.0,0.0
2009-02-10 00:00:00-05:00,1.927693566594457,1.927693566594457,1.7398669619789764,1.838723063468933,32500,0.0,0.0
2009-02-11 00:00:00-05:00,1.8387231334826604,1.8486087322235107,1.8387231334826604,1.8486087322235107,1500,0.0,0.0
2009-02-12 00:00:00-05:00,1.868379889890278,2.022595391945117,1.8584942913600884,1.9771215915679932,17000,0.0,0.0
2009-02-13 00:00:00-05:00,1.957350422470898,1.957350422470898,1.7003246213227632,1.8031349182128906,11000,0.0,0.0
2009-02-17 00:00:00-05:00,1.6943931694030778,1.7537068776817004,1.6943931694030778,1.7161414623260498,4500,0.0,0.0
2009-02-18 00:00:00-05:00,1.7200957536697388,1.749752548563376,1.7003245570739807,1.7200957536697388,16000,0.0,0.0
2009-02-19 00:00:00-05:00,1.7200957536697388,1.7200957536697388,1.7200957536697388,1.7200957536697388,0,0.0,0.0
2009-02-20 00:00:00-05:00,1.648919398653895,1.7220728988509475,1.648919398653895,1.7102102041244507,4500,0.0,0.0
2009-02-23 00:00:00-05:00,1.7121873058278374,1.7121873058278374,1.5975143147930821,1.6607820987701416,17500,0.0,0.0
2009-02-24 00:00:00-05:00,1.680553446842501,1.7299814408720195,1.6429880299653066,1.7023017406463623,10500,0.0,0.0
2009-02-25 00:00:00-05:00,1.72207286130846,1.7418440580368042,1.72207286130846,1.7418440580368042,1000,0.0,0.0
2009-02-26 00:00:00-05:00,1.7418440580368042,1.7418440580368042,1.7418440580368042,1.7418440580368042,0,0.0,0.0
2009-02-27 00:00:00-05:00,1.7418441310144965,1.7418441310144965,1.6054227264585468,1.6073999404907227,25000,0.0,0.0
2009-03-02 00:00:00-05:00,1.6153083336634328,1.6172855477059231,1.415619143022601,1.5816973447799683,31000,0.0,0.0
2009-03-03 00:00:00-05:00,1.5520405339251047,1.5520405339251047,1.5124980211257935,1.5124980211257935,3000,0.0,0.0
2009-03-04 00:00:00-05:00,1.5026124324457923,1.5105209350585938,1.42155042797162,1.5105209350585938,9500,0.0,0.0
2009-03-05 00:00:00-05:00,1.4610928700489498,1.4769097566604614,1.4195732628103663,1.4769097566604614,11500,0.0,0.0
2009-03-06 00:00:00-05:00,1.4729556293667592,1.4729556293667592,1.3918936252593994,1.3918936252593994,4000,0.0,0.0
2009-03-09 00:00:00-04:00,1.3721224308660713,1.3740995270534215,0.8501623202045061,0.8995903730392456,138500,0.0,0.0
2009-03-10 00:00:00-04:00,0.899590347489773,0.899590347489773,0.6227932948302987,0.7117637991905212,192000,0.0,0.0
2009-03-11 00:00:00-04:00,0.7414205687174653,0.8679563665194094,0.7414205687174653,0.7532833218574524,113500,0.0,0.0
2009-03-12 00:00:00-04:00,0.8007342335156442,0.9490183268277651,0.8007342335156442,0.9193615317344666,107500,0.0,0.0
2009-03-13 00:00:00-04:00,0.9589040061401393,0.9687896047316351,0.8897046981540379,0.9391327500343323,52000,0.0,0.0
2009-03-16 00:00:00-04:00,0.9589040279388428,0.9589040279388428,0.8897047183796379,0.9589040279388428,13500,0.0,0.0
2009-03-17 00:00:00-04:00,0.9747209484294626,1.0538057957862723,0.9371556503541891,1.0122863054275513,15500,0.0,0.0
2009-03-18 00:00:00-04:00,0.9925150052553378,1.0241490153765778,0.9015674618480375,0.9490183591842651,14000,0.0,0.0
2009-03-19 00:00:00-04:00,0.9490183672087626,0.9905379174597375,0.9114530682563782,0.9114530682563782,7500,0.0,0.0
2009-03-20 00:00:00-04:00,0.9509954840523269,0.9727438358580335,0.8995903370847775,0.9430869817733765,17500,0.0,0.0
2009-03-23 00:00:00-04:00,0.9964693038449287,1.0617143016535282,0.9786752028202533,1.059737205505371,7500,0.0,0.0
2009-03-24 00:00:00-04:00,1.0478743730630582,1.0636913776397705,1.0419430847310127,1.0636913776397705,3000,0.0,0.0
2009-03-25 00:00:00-04:00,1.0261261153821442,1.0261261153821442,0.9826294691485346,1.0083320140838623,10500,0.0,0.0
2009-03-26 00:00:00-04:00,1.0063548903998112,1.0379887819290161,1.0063548903998112,1.0379887819290161,1500,0.0,0.0
2009-03-27 00:00:00-04:00,1.0439201593399048,1.0439201593399048,1.0063548626281729,1.0439201593399048,4000,0.0,0.0
2009-03-30 00:00:00-04:00,1.0281032008399358,1.0281032008399358,0.9905379024565348,0.9984464049339294,5500,0.0,0.0
2009-03-31 00:00:00-04:00,1.030080412810622,1.1724331035858948,1.0083320015792998,1.107188105583191,16500,0.0,0.0
2009-04-01 00:00:00-04:00,1.1368448734283447,1.1368448734283447,1.1368448734283447,1.1368448734283447,500,0.0,0.0
2009-04-02 00:00:00-04:00,1.13684487940481,1.13684487940481,1.0874168872833252,1.0874168872833252,6000,0.0,0.0
2009-04-03 00:00:00-04:00,0.9885608163092497,1.0577601253029756,0.9885608163092497,0.9964693188667297,9500,0.0,0.0
2009-04-06 00:00:00-04:00,0.9905379327296352,1.057760146919138,0.9905379327296352,1.004377841949463,6000,0.0,0.0
2009-04-07 00:00:00-04:00,1.0024007391670522,1.077531337738037,1.0024007391670522,1.077531337738037,5000,0.0,0.0
2009-04-08 00:00:00-04:00,1.0913711078140629,1.1071881128413248,1.0577601194381714,1.0577601194381714,6000,0.0,0.0
2009-04-09 00:00:00-04:00,1.0577600967111023,1.0577600967111023,1.0379887819290161,1.0379887819290161,5500,0.0,0.0
2009-04-13 00:00:00-04:00,1.0577601102994374,1.1170737018707697,1.0577601102994374,1.0834625959396362,24000,0.0,0.0
2009-04-14 00:00:00-04:00,1.0676457269531041,1.071599919319823,1.008332016532893,1.0557829141616821,15000,0.0,0.0
2009-04-15 00:00:00-04:00,1.0676457181188022,1.0676457181188022,1.0577601194381714,1.0577601194381714,10500,0.0,0.0
2009-04-16 00:00:00-04:00,1.0973024393533863,1.1210278274311967,1.0478743314743042,1.0478743314743042,7500,0.0,0.0
2009-04-17 00:00:00-04:00,1.0241490111340878,1.0597372134502443,1.0201947009624974,1.0340346097946167,12000,0.0,0.0
2009-04-20 00:00:00-04:00,1.0340345643087911,1.0735769572114882,1.0340345643087911,1.0676456689834595,3500,0.0,0.0
2009-04-21 00:00:00-04:00,1.0340346204534634,1.0577601281906746,1.0340346204534634,1.0557829141616821,32000,0.0,0.0
2009-04-22 00:00:00-04:00,1.028103129216219,1.0577600409017818,0.9944921433358704,1.0004234313964844,26000,0.0,0.0
2009-04-23 00:00:00-04:00,1.0004234313964844,1.0043777412825168,0.9905378334498379,1.0004234313964844,16500,0.0,0.0
2009-04-24 00:00:00-04:00,1.0083319333229261,1.0201946272897773,1.0004234313964844,1.0004234313964844,18000,0.0,0.0
2009-04-27 00:00:00-04:00,0.9984463740544058,1.0281031690431994,0.9885607757248079,0.992514967918396,91000,0.0,0.0
2009-04-28 00:00:00-04:00,1.0221719227171318,1.0320575214525736,0.9964693188667297,0.9964693188667297,12000,0.0,0.0
2009-04-29 00:00:00-04:00,1.0281032008399358,1.0281032008399358,0.9984464049339294,0.9984464049339294,4000,0.0,0.0
2009-04-30 00:00:00-04:00,1.037988777882851,1.037988777882851,0.9905378818511963,0.9905378818511963,54000,0.0,0.0
2009-05-01 00:00:00-04:00,1.0201947090008394,1.0201947090008394,1.0083320140838623,1.0083320140838623,3000,0.0,0.0
2009-05-04 00:00:00-04:00,1.0182175849925594,1.059737192835622,1.0024006981507716,1.0379887819290161,34000,0.0,0.0
2009-05-05 00:00:00-04:00,1.0478743514798234,1.0874168621071407,1.0439201593399048,1.0439201593399048,25000,0.0,0.0
2009-05-06 00:00:00-04:00,1.0478744110316078,1.0676457263917036,1.0281032135171446,1.032057523727417,19000,0.0,0.0
2009-05-07 00:00:00-04:00,1.0281031966681404,1.0854398099351854,1.0281031966681404,1.0834625959396362,70000,0.0,0.0
2009-05-08 00:00:00-04:00,1.6034456283805396,1.8149976305406286,1.4294589251029832,1.583674430847168,250000,0.0,0.0
2009-05-11 00:00:00-04:00,1.5639031990040617,1.6508964898115186,1.4828411966191128,1.5184293985366821,59500,0.0,0.0
2009-05-12 00:00:00-04:00,1.573788798628444,1.573788798628444,1.4848182937737724,1.5421547889709473,10500,0.0,0.0
2009-05-13 00:00:00-04:00,1.554017553807014,1.5718116542316698,1.5223835451206806,1.552040457725525,25000,0.0,0.0
2009-05-14 00:00:00-04:00,1.5619261243904676,1.5816973217625847,1.5223836118006013,1.5382006168365479,34500,0.0,0.0
2009-05-15 00:00:00-04:00,1.5382005752797074,1.5579717721176753,1.4828411769951455,1.5223835706710815,35500,0.0,0.0
2009-05-18 00:00:00-04:00,1.502612445930216,1.581697354922303,1.502612445930216,1.5797202587127686,26500,0.0,0.0
2009-05-19 00:00:00-04:00,1.5816973370179648,1.674622036270548,1.5480862304538094,1.6311253309249878,45500,0.0,0.0
2009-05-20 00:00:00-04:00,1.6667134699708093,1.8466315730376432,1.6667134699708093,1.8130204677581787,97000,0.0,0.0
2009-05-21 00:00:00-04:00,1.793249346233231,1.793249346233231,1.7497526407241821,1.7497526407241821,5000,0.0,0.0
2009-05-22 00:00:00-04:00,1.7398669577446648,1.8011577617314876,1.7398669577446648,1.7912721633911133,10000,0.0,0.0
2009-05-26 00:00:00-04:00,1.8683799194961384,1.8743113258464916,1.8387231234356358,1.8505858182907104,37000,0.0,0.0
2009-05-27 00:00:00-04:00,1.8782655284460619,1.8980367259277626,1.8486087322235107,1.8486087322235107,36000,0.0,0.0
2009-05-28 00:00:00-04:00,1.7991807610724877,1.7991807610724877,1.4848183400668011,1.7003246545791626,103000,0.0,0.0
2009-05-29 00:00:00-04:00,1.8486087467554266,1.8486087467554266,1.6805534489942546,1.7497526407241821,22500,0.0,0.0
2009-06-01 00:00:00-04:00,1.7240500160657706,1.7596382185257815,1.6607821136752656,1.7299814224243164,75500,0.0,0.0
2009-06-02 00:00:00-04:00,1.7299813978231477,1.7299813978231477,1.6528737054867204,1.6627593040466309,29000,0.0,0.0
2009-06-03 00:00:00-04:00,1.6726448898981452,1.7200957861943194,1.6410108804702759,1.6410108804702759,16000,0.0,0.0
2009-06-04 00:00:00-04:00,1.6410108929383236,1.6805534050235957,1.6311252943784131,1.6627593040466309,27000,0.0,0.0
2009-06-05 00:00:00-04:00,1.6805534362792969,1.6805534362792969,1.6805534362792969,1.6805534362792969,500,0.0,0.0
2009-06-08 00:00:00-04:00,1.6904389641837243,1.6904389641837243,1.6706677675247192,1.6706677675247192,2500,0.0,0.0
2009-06-09 00:00:00-04:00,1.6706677675247192,1.6726448636214943,1.6034455574693487,1.6706677675247192,18000,0.0,0.0
2009-06-10 00:00:00-04:00,1.690438955765397,1.6983474579587403,1.6805533574851241,1.696370244026184,8000,0.0,0.0
2009-06-11 00:00:00-04:00,1.7062558523963356,1.7062558523963356,1.6785761534787642,1.6943931579589844,5500,0.0,0.0
2009-06-12 00:00:00-04:00,1.680553416101918,1.7102102119771487,1.680553416101918,1.6845076084136963,15500,0.0,0.0
2009-06-15 00:00:00-04:00,1.5520405090038494,1.7102102041244507,1.5520405090038494,1.7102102041244507,15500,0.0,0.0
2009-06-16 00:00:00-04:00,1.7102102041244507,1.7102102041244507,1.7102102041244507,1.7102102041244507,1000,0.0,0.0
2009-06-17 00:00:00-04:00,1.6706677889124706,1.690438985824585,1.6706677889124706,1.690438985824585,6000,0.0,0.0
2009-06-18 00:00:00-04:00,1.554017585716241,1.7102101827366993,1.554017585716241,1.690438985824585,19000,0.0,0.0
2009-06-19 00:00:00-04:00,1.7003246263228513,1.7299814224243164,1.6904390276223629,1.7299814224243164,19500,0.0,0.0
2009-06-22 00:00:00-04:00,1.5876285909758605,1.686484694480896,1.5876285909758605,1.686484694480896,7000,0.0,0.0
2009-06-23 00:00:00-04:00,1.7280043241721483,1.7280043241721483,1.6884618115721872,1.7062559127807617,26000,0.0,0.0
2009-06-24 00:00:00-04:00,1.680553426897827,1.7260272280035582,1.680553426897827,1.7062559127807617,6500,0.0,0.0
2009-06-25 00:00:00-04:00,1.7299814294876734,1.8486087322235107,1.7260272371295864,1.8486087322235107,26000,0.0,0.0
2009-06-26 00:00:00-04:00,1.8486087088983847,1.866402809976522,1.779409400739933,1.8051120042800903,8000,0.0,0.0
2009-06-29 00:00:00-04:00,1.7556839904818333,1.7853407859802246,1.7200957887455117,1.7853407859802246,9500,0.0,0.0
2009-06-30 00:00:00-04:00,1.789294958114624,1.789294958114624,1.789294958114624,1.789294958114624,500,0.0,0.0
2009-07-01 00:00:00-04:00,1.775455163229186,1.838723063468933,1.775455163229186,1.838723063468933,9500,0.0,0.0
2009-07-02 00:00:00-04:00,1.838723063468933,1.838723063468933,1.838723063468933,1.838723063468933,0,0.0,0.0
2009-07-06 00:00:00-04:00,1.7991807180386854,1.828837513923645,1.7161415010077885,1.828837513923645,32500,0.0,0.0
2009-07-07 00:00:00-04:00,1.7794094231919253,1.8664028335261678,1.7794094231919253,1.8486087322235107,21000,0.0,0.0
2009-07-08 00:00:00-04:00,1.8664028122803868,1.8664028122803868,1.828837513923645,1.828837513923645,2000,0.0,0.0
2009-07-09 00:00:00-04:00,1.8664027403247492,1.8664027403247492,1.8189518451690674,1.8189518451690674,8500,0.0,0.0
2009-07-10 00:00:00-04:00,1.8288375059612882,1.866402804154479,1.7339355945587158,1.7339355945587158,27500,0.0,0.0
2009-07-13 00:00:00-04:00,1.8584942756798966,2.0344581872930423,1.8110433795662058,1.9079222679138184,26000,0.0,0.0
2009-07-14 00:00:00-04:00,2.0621378712688947,2.0621378712688947,1.9573504753810476,2.056206464767456,26000,0.0,0.0
2009-07-15 00:00:00-04:00,2.0562063201687666,2.058183534093959,1.9336248312425424,1.9889843463897705,40500,0.0,0.0
2009-07-16 00:00:00-04:00,1.9771216928178699,2.066092084145816,1.898036782680726,2.0522522926330566,18500,0.0,0.0
2009-07-17 00:00:00-04:00,2.0364351797876745,2.2638041813426466,2.0364351797876745,2.170879602432251,31500,0.0,0.0
2009-07-20 00:00:00-04:00,2.2855527154410265,2.2855527154410265,2.0641151082084037,2.099703311920166,27500,0.0,0.0
2009-07-21 00:00:00-04:00,2.145176887512207,2.145176887512207,2.145176887512207,2.145176887512207,3000,0.0,0.0
2009-07-22 00:00:00-04:00,2.091794539600358,2.131336932926106,1.9771215518174379,2.081908941268921,10500,0.0,0.0
2009-07-23 00:00:00-04:00,2.0878404756476145,2.0878404756476145,2.0482980798930512,2.056206464767456,22000,0.0,0.0
2009-07-24 00:00:00-04:00,2.0384123814455593,2.066091962846016,2.022595376777616,2.028526782989502,7000,0.0,0.0
2009-07-27 00:00:00-04:00,2.0206180860000185,2.0443437099456787,1.977121501585057,2.0443437099456787,12000,0.0,0.0
2009-07-28 00:00:00-04:00,2.0482980295309563,2.0522522218709356,2.018641233444214,2.018641233444214,5000,0.0,0.0
2009-07-29 00:00:00-04:00,2.0186411996712934,2.0186411996712934,1.9771215915679932,1.9771215915679932,18000,0.0,0.0
2009-07-30 00:00:00-04:00,1.9771215776135447,2.036435168376049,1.9178079868510405,1.931647777557373,45500,0.0,0.0
2009-07-31 00:00:00-04:00,1.947464753281722,1.9968927448490237,1.9375791549682617,1.9375791549682617,9500,0.0,0.0
2009-08-03 00:00:00-04:00,1.9613045804849687,2.0403893684725953,1.959327484354404,2.0265495777130127,31500,0.0,0.0
2009-08-04 00:00:00-04:00,2.0265495636172344,2.0265495636172344,1.9771215714687667,1.9810757637023926,15500,0.0,0.0
2009-08-05 00:00:00-04:00,1.9593274707261925,2.0245725853460503,1.9593274707261925,1.9810757637023926,31500,0.0,0.0
2009-08-06 00:00:00-04:00,1.9790987854312085,1.9968927683281537,1.9771215714687667,1.9810757637023926,23000,0.0,0.0
2009-08-07 00:00:00-04:00,1.9613045582523128,2.014686978091844,1.9593274621441599,1.9830529689788818,40500,0.0,0.0
2009-08-10 00:00:00-04:00,1.9870071688137505,2.1748337745666504,1.979098784350816,2.1748337745666504,41500,0.0,0.0
2009-08-11 00:00:00-04:00,2.1926277574538817,2.3488203539725285,2.1748337745666504,2.1748337745666504,51000,0.0,0.0
2009-08-12 00:00:00-04:00,2.3270721887940433,2.4694247595737346,2.313232162387903,2.414065361022949,95000,0.0,0.0
2009-08-13 00:00:00-04:00,2.4120883509095203,2.4120883509095203,2.3527747608932015,2.3725459575653076,41000,0.0,0.0
2009-08-14 00:00:00-04:00,2.3725459604329737,2.3824315587809752,2.293460937957704,2.323117733001709,21000,0.0,0.0
2009-08-17 00:00:00-04:00,2.226239016962831,2.323117788824678,2.226239016962831,2.2638041973114014,9000,0.0,0.0
2009-08-18 00:00:00-04:00,2.2638041973114014,2.2638041973114014,2.2638041973114014,2.2638041973114014,2500,0.0,0.0
2009-08-19 00:00:00-04:00,2.2638041973114014,2.2638041973114014,2.2638041973114014,2.2638041973114014,500,0.0,0.0
2009-08-20 00:00:00-04:00,2.2934609930680394,2.2934609930680394,2.2638041973114014,2.2638041973114014,2000,0.0,0.0
2009-08-21 00:00:00-04:00,2.2638041685081776,2.2756669809364025,2.257872762294065,2.26973557472229,14000,0.0,0.0
2009-08-24 00:00:00-04:00,2.4061570616434556,2.4061570616434556,2.2677584425250457,2.3013696670532227,14000,0.0,0.0
2009-08-25 00:00:00-04:00,2.2934609690990366,2.3685915647022475,2.2934609690990366,2.3171865940093994,6500,0.0,0.0
2009-08-26 00:00:00-04:00,2.2756670327590127,2.4516308307647705,2.2756670327590127,2.4516308307647705,82000,0.0,0.0
2009-08-27 00:00:00-04:00,2.427905456083034,2.427905456083034,2.3527748584747314,2.3527748584747314,8500,0.0,0.0
2009-08-28 00:00:00-04:00,2.309277939661563,2.3725459575653076,2.309277939661563,2.3725459575653076,6500,0.0,0.0
2009-08-31 00:00:00-04:00,2.3725460086787566,2.459539181633678,2.3725460086787566,2.41011118888855,10500,0.0,0.0
2009-09-01 00:00:00-04:00,2.501058866215501,2.6216632664742,2.451630871960505,2.491173267364502,39000,0.0,0.0
2009-09-02 00:00:00-04:00,2.5603723587689067,2.5603723587689067,2.510944366455078,2.510944366455078,4500,0.0,0.0
2009-09-03 00:00:00-04:00,2.5702580333920064,2.6394574603731007,2.5702580333920064,2.5920064449310303,10000,0.0,0.0
2009-09-04 00:00:00-04:00,2.6434116565879227,2.76599326989006,2.6394574642181396,2.6394574642181396,57000,0.0,0.0
2009-09-08 00:00:00-04:00,2.6691142128466856,2.698771008627161,2.6394574170662097,2.696793794631958,17500,0.0,0.0
2009-09-09 00:00:00-04:00,2.7679701398903878,2.7679701398903878,2.6117775440216064,2.6117775440216064,14000,0.0,0.0
2009-09-10 00:00:00-04:00,2.5702578622786953,2.5702578622786953,2.4812874794006348,2.4812874794006348,12500,0.0,0.0
2009-09-11 00:00:00-04:00,2.5208298930832744,2.7284276905768237,2.5010586967211506,2.671091079711914,30500,0.0,0.0
2009-09-14 00:00:00-04:00,2.698770979855929,3.015110367166479,2.698770979855929,2.9439339637756348,70500,0.0,0.0
2009-09-15 00:00:00-04:00,3.0605842397071132,3.4560086599622117,3.0032478613970968,3.4105348587036133,146000,0.0,0.0
2009-09-16 00:00:00-04:00,3.4698483954848482,3.8553872108459473,3.4698483954848482,3.8553872108459473,87500,0.0,0.0
2009-09-17 00:00:00-04:00,3.6398808652674037,3.716988677177119,3.202937069161548,3.2622506618499756,188500,0.0,0.0
2009-09-18 00:00:00-04:00,3.5172993100909196,3.5172993100909196,3.33738109137731,3.489619493484497,52500,0.0,0.0
2009-09-21 00:00:00-04:00,3.3808778990789135,3.657674885598349,3.3808778990789135,3.541024684906006,58500,0.0,0.0
2009-09-22 00:00:00-04:00,3.5766130186090175,3.6062698144424887,3.5627732276916504,3.5627732276916504,53000,0.0,0.0
2009-09-23 00:00:00-04:00,3.6537208976649813,3.6537208976649813,3.4006492856470474,3.548933267593384,66500,0.0,0.0
2009-09-24 00:00:00-04:00,3.465894124670947,3.539047505245553,3.4382143079053824,3.4856653213500977,22500,0.0,0.0
2009-09-25 00:00:00-04:00,3.4817111665940796,3.4817111665940796,3.4777567386627197,3.4777567386627197,3000,0.0,0.0
2009-09-28 00:00:00-04:00,3.5390474721748886,3.6379036903381348,3.4599626861972945,3.6379036903381348,60000,0.0,0.0
2009-09-29 00:00:00-04:00,3.657674918876162,3.7169885088789836,3.637903722208555,3.6794230937957764,22000,0.0,0.0
2009-09-30 00:00:00-04:00,3.6873318871549854,3.9443576916034524,3.66360649717719,3.932494878768921,70500,0.0,0.0
2009-10-01 00:00:00-04:00,3.952266032871446,3.952266032871446,3.716988642645062,3.845501661300659,115500,0.0,0.0
2009-10-02 00:00:00-04:00,3.845501612282394,3.948311790205096,3.831661585740411,3.8553872108459473,49500,0.0,0.0
2009-10-05 00:00:00-04:00,3.865272820600544,4.112412785404914,3.8573642003120474,3.9977400302886963,80000,0.0,0.0
2009-10-06 00:00:00-04:00,4.025419639531478,4.061007606153077,3.4698484292021474,3.558818817138672,148500,0.0,0.0
2009-10-07 00:00:00-04:00,3.5983612923811994,3.7071028729502555,3.5983612923811994,3.6873316764831543,25500,0.0,0.0
2009-10-08 00:00:00-04:00,3.707102888754287,3.904815089959433,3.707102888754287,3.8296844959259033,49500,0.0,0.0
2009-10-09 00:00:00-04:00,3.940403392331973,4.04123635592515,3.8455015993039012,3.9542431831359863,31500,0.0,0.0
2009-10-12 00:00:00-04:00,3.9423804775672746,4.053099278385345,3.9087694887911253,3.932494878768921,30500,0.0,0.0
2009-10-13 00:00:00-04:00,3.952265982492265,3.952265982492265,3.8553872108459473,3.8553872108459473,22000,0.0,0.0
2009-10-14 00:00:00-04:00,3.8435243073312337,3.9937854962176234,3.776302097275215,3.970059871673584,41500,0.0,0.0
2009-10-15 00:00:00-04:00,3.974014515187531,4.043213942940716,3.9680831087296844,4.02344274520874,23000,0.0,0.0
2009-10-16 00:00:00-04:00,4.047167709072424,4.061007499694824,3.9048151392439725,4.061007499694824,41500,0.0,0.0
2009-10-19 00:00:00-04:00,4.286399549713481,4.286399549713481,3.9305177691660003,4.1519551277160645,43000,0.0,0.0
2009-10-20 00:00:00-04:00,4.153932747348288,4.310125350952148,4.151955297605967,4.310125350952148,36000,0.0,0.0
2009-10-21 00:00:00-04:00,4.329896565597863,4.329896565597863,4.116367346283983,4.211269378662109,42000,0.0,0.0
2009-10-22 00:00:00-04:00,4.290354098232448,4.713458101669804,4.203360452161102,4.705549716949463,66000,0.0,0.0
2009-10-23 00:00:00-04:00,4.754977484809011,4.932918262605579,4.701595298608294,4.895353317260742,115500,0.0,0.0
2009-10-26 00:00:00-04:00,4.782656717659123,4.8993069159958695,4.557265176527016,4.675892353057861,109000,0.0,0.0
2009-10-27 00:00:00-04:00,4.6857780480748135,4.760908881374381,4.6442586747561245,4.705549716949463,27500,0.0,0.0
2009-10-28 00:00:00-04:00,4.754977307750798,4.903261519417635,4.320010506839918,4.351644515991211,107000,0.0,0.0
2009-10-29 00:00:00-04:00,4.371415912967887,4.717412108446341,4.3200107046658545,4.503883361816406,59500,0.0,0.0
2009-10-30 00:00:00-04:00,4.7292745263833496,4.7292745263833496,4.003671207069139,4.092641353607178,64000,0.0,0.0
2009-11-02 00:00:00-05:00,4.055076739753509,4.29035413324449,4.055076739753509,4.122298717498779,40000,0.0,0.0
2009-11-03 00:00:00-05:00,3.997739968015947,4.104504336871863,3.855387161953048,3.8652727603912354,104000,0.0,0.0
2009-11-04 00:00:00-05:00,3.855387406111113,4.11043600338308,3.855387406111113,4.102527618408203,33500,0.0,0.0
2009-11-05 00:00:00-05:00,4.102527625385074,4.29035424361619,3.776302384328061,4.005648612976074,97000,0.0,0.0
2009-11-06 00:00:00-05:00,4.053099044891082,4.399095218592302,4.03332784843337,4.367461681365967,68500,0.0,0.0
2009-11-09 00:00:00-05:00,4.408981326821289,4.725320961208557,4.408981326821289,4.695663928985596,38000,0.0,0.0
2009-11-10 00:00:00-05:00,4.705549502465012,4.705549502465012,4.35164447069021,4.458409309387207,32500,0.0,0.0
2009-11-11 00:00:00-05:00,4.539471070775497,4.539471070775497,3.9542430864402243,4.070893287658691,50000,0.0,0.0
2009-11-12 00:00:00-05:00,4.132184024821338,4.132184024821338,3.7960734335609887,3.8929524421691895,33500,0.0,0.0
2009-11-13 00:00:00-05:00,3.857364207135682,3.857364207135682,3.606269813897249,3.7071030139923096,46000,0.0,0.0
2009-11-16 00:00:00-05:00,3.6497663195936965,3.6576749397205623,3.0467443464126576,3.1436233520507812,224500,0.0,0.0
2009-11-17 00:00:00-05:00,3.0091790727189145,3.1910742802099707,3.0091790727189145,3.113966703414917,73500,0.0,0.0
2009-11-18 00:00:00-05:00,3.104080910410963,3.2246853031791236,3.104080910410963,3.1535089015960693,85000,0.0,0.0
2009-11-19 00:00:00-05:00,3.1732802478459634,3.193051445253188,3.143623451735127,3.1713030338287354,49500,0.0,0.0
2009-11-20 00:00:00-05:00,3.1732801414514697,3.193051338195801,3.1535089447071387,3.193051338195801,45500,0.0,0.0
2009-11-23 00:00:00-05:00,3.2029370848796046,3.2029370848796046,3.1633946895599365,3.1633946895599365,43000,0.0,0.0
2009-11-24 00:00:00-05:00,3.2128224706449924,3.2128224706449924,3.135714663470432,3.1574630737304688,6000,0.0,0.0
2009-11-25 00:00:00-05:00,3.125829272591491,3.1633946895599365,3.113966695410351,3.1633946895599365,18500,0.0,0.0
2009-11-27 00:00:00-05:00,3.0131333451385025,3.113966542529744,3.0111561311930837,3.098149538040161,63500,0.0,0.0
2009-11-30 00:00:00-05:00,3.113966551218476,3.240502351796949,3.044767126922061,3.193051338195801,75500,0.0,0.0
2009-12-01 00:00:00-05:00,3.2424794891900435,3.2424794891900435,3.1614174842834473,3.1614174842834473,9500,0.0,0.0
2009-12-02 00:00:00-05:00,3.1633945916029096,3.200959771716852,3.1633945916029096,3.1831657886505127,7500,0.0,0.0
2009-12-03 00:00:00-05:00,3.1811886731772803,3.1811886731772803,3.086286877271823,3.1633946895599365,32500,0.0,0.0
2009-12-04 00:00:00-05:00,3.1436233520507812,3.163394548831061,3.084309526018686,3.1436233520507812,37500,0.0,0.0
2009-12-07 00:00:00-05:00,3.1317606870780006,3.143623499980902,3.1040811045595884,3.113966703414917,29500,0.0,0.0
2009-12-08 00:00:00-05:00,3.1376918821535544,3.1376918821535544,3.1021036815335776,3.108035087585449,16500,0.0,0.0
2009-12-09 00:00:00-05:00,3.1080352479030977,3.123852252960205,3.104081055561637,3.123852252960205,45000,0.0,0.0
2009-12-10 00:00:00-05:00,3.1337378852626547,3.212822675704956,3.127806478841229,3.212822675704956,13500,0.0,0.0
2009-12-11 00:00:00-05:00,3.1890972936559745,3.2029370848796046,3.1238522942402684,3.1633946895599365,41000,0.0,0.0
2009-12-14 00:00:00-05:00,3.1633944998330903,3.1633944998330903,3.1238521068850056,3.1535089015960693,26000,0.0,0.0
2009-12-15 00:00:00-05:00,3.1456003189086914,3.1633945373611785,3.135714720554395,3.1456003189086914,56000,0.0,0.0
2009-12-16 00:00:00-05:00,3.1456004783372067,3.1456004783372067,3.113966703414917,3.113966703414917,3500,0.0,0.0
2009-12-17 00:00:00-05:00,3.147577495515606,3.2029368927811754,3.147577495515606,3.1535089015960693,15500,0.0,0.0
2009-12-18 00:00:00-05:00,3.143623488380364,3.143623488380364,3.113966691923818,3.115943670272827,8500,0.0,0.0
2009-12-21 00:00:00-05:00,3.1357147630668214,3.202936974202155,3.1357147630668214,3.185142755508423,15500,0.0,0.0
2009-12-22 00:00:00-05:00,3.1970055103302,3.21282251476459,3.1633945232141554,3.1970055103302,9000,0.0,0.0
2009-12-23 00:00:00-05:00,3.167348870453158,3.171303062832514,3.1653716564178467,3.1653716564178467,5000,0.0,0.0
2009-12-24 00:00:00-05:00,3.16734888270477,3.212822684471426,3.1653716686618107,3.210845470428467,7000,0.0,0.0
2009-12-28 00:00:00-05:00,3.202936974202155,3.2128225726904756,3.133737784783913,3.185142755508423,11500,0.0,0.0
2009-12-29 00:00:00-05:00,3.195028616640985,3.195028616640985,3.1139666140764226,3.131760597229004,6500,0.0,0.0
2009-12-30 00:00:00-05:00,3.1297833200911076,3.1297833200911076,3.096172332763672,3.096172332763672,15000,0.0,0.0
2009-12-31 00:00:00-05:00,3.064538473447007,3.113966703414917,3.064538473447007,3.113966703414917,29000,0.0,0.0
2010-01-04 00:00:00-05:00,3.10408096431445,3.1159435409901213,3.06453833498844,3.0941953659057617,13500,0.0,0.0
2010-01-05 00:00:00-05:00,3.054652690887451,3.0823325074324908,3.05267571265004,3.054652690887451,28500,0.0,0.0
2010-01-06 00:00:00-05:00,3.0744240723023353,3.1198978741750993,3.06651568749458,3.113966703414917,22000,0.0,0.0
2010-01-07 00:00:00-05:00,3.1297834818516637,3.1297834818516637,3.1040811133083825,3.1119894981384277,8000,0.0,0.0
2010-01-08 00:00:00-05:00,3.1040808847346053,3.1119892689823043,3.0131332874298096,3.0131332874298096,53000,0.0,0.0
2010-01-11 00:00:00-05:00,3.0170876415567442,3.133737847466994,3.0170876415567442,3.0764012336730957,35000,0.0,0.0
2010-01-12 00:00:00-05:00,3.064538380828774,3.1535090035290763,3.038835777443466,3.0843095779418945,32500,0.0,0.0
2010-01-13 00:00:00-05:00,3.1258291861559515,3.1258291861559515,3.0249959866025335,3.0843095779418945,34000,0.0,0.0
2010-01-14 00:00:00-05:00,3.084309526018686,3.153508950440921,3.0645383292384065,3.1436233520507812,44000,0.0,0.0
2010-01-15 00:00:00-05:00,3.14757768076965,3.14757768076965,3.110012263843265,3.115943670272827,26500,0.0,0.0
2010-01-19 00:00:00-05:00,3.1218749578584206,3.242479353133697,3.117920765619663,3.2365479469299316,53000,0.0,0.0
2010-01-20 00:00:00-05:00,3.238525237507602,3.238525237507602,3.1139666470469294,3.1732802391052246,44500,0.0,0.0
2010-01-21 00:00:00-05:00,3.1554860647105656,3.1554860647105656,3.048721691771848,3.068492889404297,34500,0.0,0.0
2010-01-22 00:00:00-05:00,3.0744238523679948,3.0744238523679948,2.76797007408426,2.9162542819976807,98000,0.0,0.0
2010-01-25 00:00:00-05:00,2.914277194946248,2.914277194946248,2.868803394347117,2.890551805496216,15000,0.0,0.0
2010-01-26 00:00:00-05:00,2.892528941951799,2.9063687324523926,2.866826339198551,2.9063687324523926,23000,0.0,0.0
2010-01-27 00:00:00-05:00,2.8964830788748905,2.8964830788748905,2.8668262845003523,2.8688032627105713,13500,0.0,0.0
2010-01-28 00:00:00-05:00,2.9004372977275947,2.9123001098632812,2.884620293443764,2.9123001098632812,4000,0.0,0.0
2010-01-29 00:00:00-05:00,2.924162818444718,2.924162818444718,2.825306831817738,2.8371694087982178,40500,0.0,0.0
2010-02-01 00:00:00-05:00,2.852986413796787,2.926140032453763,2.8371694087982178,2.8371694087982178,21000,0.0,0.0
2010-02-02 00:00:00-05:00,2.8470552431521794,2.8470552431521794,2.8371694087982178,2.8371694087982178,1500,0.0,0.0
2010-02-03 00:00:00-05:00,2.866826431659883,2.866826431659883,2.839146614074707,2.839146614074707,3000,0.0,0.0
2010-02-04 00:00:00-05:00,2.839146663333224,2.839146663333224,2.829261064529419,2.829261064529419,13500,0.0,0.0
2010-02-05 00:00:00-05:00,2.835192305883964,2.8470551180343793,2.765993118286133,2.765993118286133,44500,0.0,0.0
2010-02-08 00:00:00-05:00,2.730404911121613,2.730404911121613,2.7185420989990234,2.7185420989990234,4000,0.0,0.0
2010-02-09 00:00:00-05:00,2.6987710491049213,2.7086566478466834,2.635503028604633,2.688885450363159,10500,0.0,0.0
2010-02-10 00:00:00-05:00,2.702725066310954,2.724473476409912,2.6987708742087575,2.724473476409912,5500,0.0,0.0
2010-02-11 00:00:00-05:00,2.7481988936142443,2.762038683963097,2.6710910861999184,2.7185420989990234,13500,0.0,0.0
2010-02-12 00:00:00-05:00,2.6789998876353693,2.8253068923950195,2.6789998876353693,2.8253068923950195,8500,0.0,0.0
2010-02-16 00:00:00-05:00,2.8431006802733534,2.864849090576172,2.7561075104445845,2.864849090576172,2000,0.0,0.0
2010-02-17 00:00:00-05:00,2.9162543451532184,2.9162543451532184,2.854963541030884,2.854963541030884,3000,0.0,0.0
2010-02-18 00:00:00-05:00,2.847055292613071,2.849032270965198,2.817398260418493,2.8272838592529297,13000,0.0,0.0
2010-02-19 00:00:00-05:00,2.8173981150307594,2.955796727262286,2.8173981150307594,2.953819513320923,34500,0.0,0.0
2010-02-22 00:00:00-05:00,2.975568002402789,2.975568002402789,2.916254410892338,2.938002586364746,6500,0.0,0.0
2010-02-23 00:00:00-05:00,2.926140069961548,2.926140069961548,2.926140069961548,2.926140069961548,12500,0.0,0.0
2010-02-24 00:00:00-05:00,2.9261399002274135,2.9755678913073527,2.8964831055794504,2.9123001098632812,29500,0.0,0.0
2010-02-25 00:00:00-05:00,2.9656824573430742,3.1139666744867345,2.8173982401994144,2.9755680561065674,92000,0.0,0.0
2010-02-26 00:00:00-05:00,2.965682395024475,3.030927392630773,2.8767120080225945,2.9399797916412354,83000,0.0,0.0
2010-03-01 00:00:00-05:00,2.9814994291795256,2.9814994291795256,2.886597634972431,2.9340484142303467,52500,0.0,0.0
2010-03-02 00:00:00-05:00,2.9340483940689683,2.938002586364746,2.8767120165520366,2.938002586364746,20500,0.0,0.0
2010-03-03 00:00:00-05:00,2.9459112026508536,3.0052247940808345,2.9459112026508536,2.9874308109283447,54000,0.0,0.0
2010-03-04 00:00:00-05:00,3.1633945882518737,3.7565309704341736,3.1633945882518737,3.6181325912475586,126500,0.0,0.0
2010-03-05 00:00:00-05:00,3.68930900111215,4.2508116104241935,3.68930900111215,3.9542431831359863,175500,0.0,0.0
2010-03-08 00:00:00-05:00,3.766416492253453,3.9937854891214704,3.5607959059484107,3.7782793045043945,47000,0.0,0.0
2010-03-09 00:00:00-05:00,3.770370847991061,3.770370847991061,3.65767506948362,3.6972174644470215,24000,0.0,0.0
2010-03-10 00:00:00-05:00,3.7565308740255237,3.782233476638794,3.67744608794854,3.782233476638794,16000,0.0,0.0
2010-03-11 00:00:00-05:00,3.667560641056669,3.756531029065266,3.667560641056669,3.7505996227264404,4000,0.0,0.0
2010-03-12 00:00:00-05:00,3.766416555933458,3.766416555933458,3.7150113495652595,3.7169885635375977,35000,0.0,0.0
2010-03-15 00:00:00-04:00,3.805959083858207,3.9305179119110107,3.7683939025911846,3.9305179119110107,7000,0.0,0.0
2010-03-16 00:00:00-04:00,3.9147008022272667,3.9147008022272667,3.847478590580348,3.8553872108459473,38000,0.0,0.0
2010-03-17 00:00:00-04:00,3.835616062611095,3.9245864508171717,3.835616062611095,3.845501661300659,12000,0.0,0.0
2010-03-18 00:00:00-04:00,3.833638882250189,3.93447208404541,3.833638882250189,3.93447208404541,5500,0.0,0.0
2010-03-19 00:00:00-04:00,3.9542431831359863,3.964129017357436,3.8356160007737117,3.9542431831359863,17000,0.0,0.0
2010-03-22 00:00:00-04:00,3.9245864651022973,3.956220239609288,3.8751584714745637,3.9384262561798096,19000,0.0,0.0
2010-03-23 00:00:00-04:00,3.96412911108118,3.9937856716816573,3.9384262714654836,3.983900308609009,15500,0.0,0.0
2010-03-24 00:00:00-04:00,3.9878543352941955,4.017511367797852,3.938426340606886,4.017511367797852,19000,0.0,0.0
2010-03-25 00:00:00-04:00,4.037282442284204,4.05309921154773,3.9937856197357178,3.9937856197357178,8500,0.0,0.0
2010-03-26 00:00:00-04:00,4.005648484474861,4.009602912533439,3.977968902212407,3.983900308609009,16500,0.0,0.0
2010-03-29 00:00:00-04:00,4.043213890765134,4.053099253812289,4.033328056335449,4.033328056335449,25000,0.0,0.0
2010-03-30 00:00:00-04:00,3.802004857303418,4.053099253812289,3.802004857303418,4.033328056335449,19000,0.0,0.0
2010-03-31 00:00:00-04:00,3.9542432005806267,3.9839002319932915,3.6853545894054704,3.8059589862823486,63500,0.0,0.0
2010-04-01 00:00:00-04:00,3.855387179301662,3.8850439747496734,3.833638768363283,3.861318349838257,4500,0.0,0.0
2010-04-05 00:00:00-04:00,3.934472091880545,4.023442716736089,3.87515849910436,3.8850440979003906,13500,0.0,0.0
2010-04-06 00:00:00-04:00,4.043213846866611,4.043213846866611,3.8988838240232058,3.9463348388671875,9000,0.0,0.0
2010-04-07 00:00:00-04:00,3.9483117194475006,4.033327912708738,3.920632138242101,3.9661059379577637,20500,0.0,0.0
2010-04-08 00:00:00-04:00,4.043213792618832,4.053099155426025,4.043213792618832,4.053099155426025,5000,0.0,0.0
2010-04-09 00:00:00-04:00,4.053099012340821,4.151954993835475,4.053099012340821,4.082756042480469,18500,0.0,0.0
2010-04-12 00:00:00-04:00,4.149978119843985,4.44852352142334,4.148001141579193,4.44852352142334,39500,0.0,0.0
2010-04-13 00:00:00-04:00,4.45050045364483,4.497951702569055,4.44852347540049,4.458409309387207,16500,0.0,0.0
2010-04-14 00:00:00-04:00,4.551333846959426,4.636350038705168,4.4485234370206195,4.563196659088135,18500,0.0,0.0
2010-04-15 00:00:00-04:00,4.545402427744944,4.551333833792138,4.454454830197963,4.468294620513916,20500,0.0,0.0
2010-04-16 00:00:00-04:00,4.450500368776584,4.450500368776584,4.191497368406748,4.280467987060547,43500,0.0,0.0
2010-04-19 00:00:00-04:00,4.347689951195265,4.389209793128967,4.31803339262512,4.379323959350586,37500,0.0,0.0
2010-04-20 00:00:00-04:00,4.339781761169434,4.339781761169434,4.339781761169434,4.339781761169434,500,0.0,0.0
2010-04-21 00:00:00-04:00,4.39909524750386,4.39909524750386,4.250811508787726,4.361530303955078,4500,0.0,0.0
2010-04-22 00:00:00-04:00,4.34175901378547,4.353621354376374,4.282444953918457,4.282444953918457,7000,0.0,0.0
2010-04-23 00:00:00-04:00,4.399095481658354,4.399095481658354,4.310125327969483,4.314079284667969,6500,0.0,0.0
2010-04-26 00:00:00-04:00,4.34966744233503,4.531562637428991,4.34966744233503,4.468294620513916,28000,0.0,0.0
2010-04-27 00:00:00-04:00,4.3911871846542265,4.523654635734603,4.389210206265466,4.48806619644165,13500,0.0,0.0
2010-04-28 00:00:00-04:00,4.4564321505480375,4.527608557196214,4.39909553527832,4.39909553527832,20000,0.0,0.0
2010-04-29 00:00:00-04:00,4.547379790547361,4.636350417397199,4.450500778759937,4.48806619644165,7500,0.0,0.0
2010-04-30 00:00:00-04:00,4.620533140416969,4.626464546919937,4.590876579284668,4.590876579284668,7500,0.0,0.0
2010-05-03 00:00:00-04:00,4.636350381552397,4.636350381552397,4.579013766278732,4.590876579284668,20500,0.0,0.0
2010-05-04 00:00:00-04:00,4.573081979107837,4.632395567817657,4.474225997924805,4.474225997924805,23000,0.0,0.0
2010-05-05 00:00:00-04:00,4.448523789711666,4.454455196246278,4.191497744486927,4.203360557556152,26000,0.0,0.0
2010-05-06 00:00:00-04:00,4.1776578294436835,4.181612257477287,3.7011716420646055,3.7960734367370605,42500,0.0,0.0
2010-05-07 00:00:00-04:00,3.641857967957638,3.758508171426624,3.6161553647735385,3.7169885635375977,15000,0.0,0.0
2010-05-10 00:00:00-04:00,4.051122146187299,4.238948751914028,3.815844526615802,3.914700746536255,22500,0.0,0.0
2010-05-11 00:00:00-04:00,3.954243189724268,4.043213812335471,3.904815196990967,3.904815196990967,10000,0.0,0.0
2010-05-12 00:00:00-04:00,3.9898311027341586,3.9937855306530983,3.9107465511067434,3.9641289710998535,10000,0.0,0.0
2010-05-13 00:00:00-04:00,4.223131544734615,4.942803964056884,4.003671399439083,4.438637733459473,118000,0.0,0.0
2010-05-14 00:00:00-04:00,4.349667633406156,4.4386377852573276,4.2903540417112,4.428752422332764,25500,0.0,0.0
2010-05-17 00:00:00-04:00,4.780679898129821,4.780679898129821,4.438637675926517,4.547379493713379,33500,0.0,0.0
2010-05-18 00:00:00-04:00,4.903261506499691,4.903261506499691,4.547379493713379,4.547379493713379,56000,0.0,0.0
2010-05-19 00:00:00-04:00,4.580990732461005,4.636350369213868,4.493997556286549,4.497951984405518,6000,0.0,0.0
2010-05-20 00:00:00-04:00,4.4386378471221715,4.569128316328854,4.320010662078857,4.320010662078857,21000,0.0,0.0
2010-05-21 00:00:00-04:00,4.320010778950852,4.320010778950852,4.072870567733308,4.201383590698242,12000,0.0,0.0
2010-05-24 00:00:00-04:00,4.21522334654709,4.21522334654709,3.974014543920003,4.017511367797852,20500,0.0,0.0
2010-05-25 00:00:00-04:00,3.97401433382343,4.02937396777601,3.9641289710998535,3.9641289710998535,14000,0.0,0.0
2010-05-26 00:00:00-04:00,3.993785594875831,3.993785594875831,3.7960733877085477,3.8059589862823486,56500,0.0,0.0
2010-05-27 00:00:00-04:00,3.80793628587659,3.9680830806487966,3.6774462874924763,3.8850440979003906,41000,0.0,0.0
2010-05-28 00:00:00-04:00,3.8534099968567324,3.8553872108459473,3.8534099968567324,3.8553872108459473,3000,0.0,0.0
2010-06-01 00:00:00-04:00,4.043213655730849,4.238948640788132,4.043213655730849,4.0807785987854,31500,0.0,0.0
2010-06-02 00:00:00-04:00,4.082756322191852,4.122298717498779,4.082756322191852,4.122298717498779,8000,0.0,0.0
2010-06-03 00:00:00-04:00,4.146023819670468,4.146023819670468,4.122298665614443,4.132184028625488,5000,0.0,0.0
2010-06-04 00:00:00-04:00,3.835616074771453,3.8652728709341684,3.6774462595457047,3.746645450592041,61000,0.0,0.0
2010-06-07 00:00:00-04:00,3.707102978722551,3.8000277933222906,3.707102978722551,3.7624623775482178,10000,0.0,0.0
2010-06-08 00:00:00-04:00,3.6774462322346904,3.693263237208925,3.4896196222411446,3.6082470417022705,32500,0.0,0.0
2010-06-09 00:00:00-04:00,3.631972333006556,3.7071029278320617,3.548933118062375,3.6280181407928467,17000,0.0,0.0
2010-06-10 00:00:00-04:00,3.691285863676714,3.736759662628174,3.5785898554127145,3.736759662628174,15000,0.0,0.0
2010-06-11 00:00:00-04:00,3.7565310498579456,3.9048152663843014,3.7565310498579456,3.8909754753112793,5000,0.0,0.0
2010-06-14 00:00:00-04:00,3.9186550500318575,3.972037471584348,3.9147008576886675,3.940403461456299,7500,0.0,0.0
2010-06-15 00:00:00-04:00,3.974014429549574,4.098573019715105,3.918655029954753,3.9443576335906982,16500,0.0,0.0
2010-06-16 00:00:00-04:00,3.9404034484706654,3.9404034484706654,3.8652728514325916,3.8949296474456787,9500,0.0,0.0
2010-06-17 00:00:00-04:00,3.9384263804907538,4.061007761418391,3.9147009899388356,4.009603023529053,19500,0.0,0.0
2010-06-18 00:00:00-04:00,4.082756033493458,4.244880031340821,4.023442444727227,4.181612014770508,26500,0.0,0.0
2010-06-21 00:00:00-04:00,4.349667752548593,4.349667752548593,4.191497698980392,4.30814790725708,57500,0.0,0.0
2010-06-22 00:00:00-04:00,4.337804963261924,4.39909553527832,4.308147930749125,4.39909553527832,29000,0.0,0.0
2010-06-23 00:00:00-04:00,4.464340519432425,4.735206353676415,4.464340519432425,4.689732551574707,43500,0.0,0.0
2010-06-24 00:00:00-04:00,4.5928532820624595,4.675892496738679,4.547379482523401,4.646235466003418,54500,0.0,0.0
2010-06-25 00:00:00-04:00,4.571105435370035,4.571105435370035,4.389210224151611,4.389210224151611,12000,0.0,0.0
2010-06-28 00:00:00-04:00,4.4465466023932505,4.468294777743232,4.30023936705173,4.339781761169434,14500,0.0,0.0
2010-06-29 00:00:00-04:00,4.3457133781016415,4.3457133781016415,4.106481552124023,4.106481552124023,35000,0.0,0.0
2010-06-30 00:00:00-04:00,3.9957625803291577,4.148001222882507,3.9542432076596206,4.1420698165893555,6500,0.0,0.0
2010-07-01 00:00:00-04:00,4.033327928754289,4.033327928754289,3.602315554563345,3.720942735671997,29000,0.0,0.0
2010-07-02 00:00:00-04:00,3.6972174223605694,3.794096430332862,3.65767502784729,3.65767502784729,8000,0.0,0.0
2010-07-06 00:00:00-04:00,3.7268740745629283,3.786187664046124,3.6379036903381348,3.6379036903381348,10000,0.0,0.0
2010-07-07 00:00:00-04:00,3.7071030139923096,3.709080227990747,3.624063797118136,3.7071030139923096,20000,0.0,0.0
2010-07-08 00:00:00-04:00,3.7446682876524995,3.7565308641180084,3.6873316764831543,3.6873316764831543,7500,0.0,0.0
2010-07-09 00:00:00-04:00,3.608246885764756,3.736759662628174,3.608246885764756,3.736759662628174,5500,0.0,0.0
2010-07-12 00:00:00-04:00,3.6319724259703667,3.707103022718912,3.6220868273374336,3.7051258087158203,6000,0.0,0.0
2010-07-13 00:00:00-04:00,3.715011391776542,3.756531000137329,3.715011391776542,3.756531000137329,5000,0.0,0.0
2010-07-14 00:00:00-04:00,3.807936207089612,3.807936207089612,3.754554021833787,3.756531000137329,3500,0.0,0.0
2010-07-15 00:00:00-04:00,3.9048150680638964,3.9048150680638964,3.6715146672361882,3.736759662628174,11500,0.0,0.0
2010-07-16 00:00:00-04:00,3.65767502784729,3.66756062647561,3.65767502784729,3.65767502784729,8500,0.0,0.0
2010-07-19 00:00:00-04:00,3.5983614679066407,3.645812247465796,3.4599628501946964,3.5548646450042725,66500,0.0,0.0
2010-07-20 00:00:00-04:00,3.560795916156901,3.6477893229669482,3.558818702212324,3.5825443267822266,29000,0.0,0.0
2010-07-21 00:00:00-04:00,3.5884757274343992,3.6438351251940477,3.5884757274343992,3.631972312927246,5500,0.0,0.0
2010-07-22 00:00:00-04:00,3.679423237875127,3.746645450592041,3.6636064684746907,3.746645450592041,14000,0.0,0.0
2010-07-23 00:00:00-04:00,3.8553872042576653,3.904815196990967,3.8553872042576653,3.904815196990967,5500,0.0,0.0
2010-07-26 00:00:00-04:00,4.00367150226629,4.00367150226629,3.800027885097007,3.9364492893218994,7000,0.0,0.0
2010-07-27 00:00:00-04:00,4.023442622252941,4.029374028529525,3.835616013847851,3.9997169971466064,11000,0.0,0.0
2010-07-28 00:00:00-04:00,3.9542431831359863,3.9542431831359863,3.6833775948557843,3.9542431831359863,22500,0.0,0.0
2010-07-29 00:00:00-04:00,3.904815077224968,3.977968692779541,3.904815077224968,3.977968692779541,4500,0.0,0.0
2010-07-30 00:00:00-04:00,4.424798010954002,4.424798010954002,3.8969066186417387,3.9443576335906982,8000,0.0,0.0
2010-08-02 00:00:00-04:00,3.944357521576683,4.003671347501271,3.7763021135576524,3.9186549186706543,18000,0.0,0.0
2010-08-03 00:00:00-04:00,3.7664165816464625,3.9483117834580197,3.689309007259017,3.904815196990967,21500,0.0,0.0
2010-08-04 00:00:00-04:00,3.821775991138683,3.9087694000028894,3.6082470148063264,3.8059589862823486,65000,0.0,0.0
2010-08-05 00:00:00-04:00,3.8039819905799295,3.8652727957336084,3.8039819905799295,3.809913396835327,15000,0.0,0.0
2010-08-06 00:00:00-04:00,3.8474786281585693,3.8474786281585693,3.8474786281585693,3.8474786281585693,1000,0.0,0.0
2010-08-09 00:00:00-04:00,3.89097545511552,3.932494828119084,3.85143282474014,3.8949296474456787,22500,0.0,0.0
2010-08-10 00:00:00-04:00,3.9344718998172854,3.9344718998172854,3.8751583099365234,3.8751583099365234,15500,0.0,0.0
2010-08-11 00:00:00-04:00,3.794096405475413,3.8573641891439014,3.794096405475413,3.8553872108459473,6000,0.0,0.0
2010-08-12 00:00:00-04:00,3.813867540875161,3.8534099344893815,3.461939954879092,3.6260409355163574,61500,0.0,0.0
2010-08-13 00:00:00-04:00,3.011156202347492,3.3215641862554017,2.9656824017496044,3.034881591796875,250000,0.0,0.0
2010-08-16 00:00:00-04:00,3.044767197254969,3.044767197254969,2.9656824084508178,2.9854536056518555,92000,0.0,0.0
2010-08-17 00:00:00-04:00,2.9814993160139927,3.0605841022362923,2.9814993160139927,3.0052247047424316,49500,0.0,0.0
2010-08-18 00:00:00-04:00,3.0645384008752807,3.0882640261192336,3.0526758239445666,3.080355405807495,75000,0.0,0.0
2010-08-19 00:00:00-04:00,3.1060580622053773,3.1060580622053773,2.926140069961548,2.926140069961548,47500,0.0,0.0
2010-08-20 00:00:00-04:00,2.8964831055794504,2.9261399002274135,2.8865975073634624,2.9123001098632812,26000,0.0,0.0
2010-08-23 00:00:00-04:00,3.264227794132671,3.264227794132671,2.916254395774185,2.989407777786255,227500,0.0,0.0
2010-08-24 00:00:00-04:00,2.9795222315557415,2.985453637918411,2.8668264534300705,2.882643222808838,14500,0.0,0.0
2010-08-25 00:00:00-04:00,2.748198882193507,2.953819465419289,2.690862271427603,2.866826295852661,49000,0.0,0.0
2010-08-26 00:00:00-04:00,2.8707807064056396,2.8865977118097264,2.8114671129087663,2.8707807064056396,44500,0.0,0.0
2010-08-27 00:00:00-04:00,2.932071505492273,2.932071505492273,2.847055307920757,2.920208692550659,7000,0.0,0.0
2010-08-30 00:00:00-04:00,2.767970189839334,2.8075125840855546,2.60980061285445,2.6987709999084473,60500,0.0,0.0
2010-08-31 00:00:00-04:00,2.5742124701450084,2.6691142656585365,2.5702580420763588,2.590029239654541,41500,0.0,0.0
2010-09-01 00:00:00-04:00,2.5900292432729612,2.7501762738477455,2.572235259704245,2.6374802589416504,64500,0.0,0.0
2010-09-02 00:00:00-04:00,2.6987709569251455,2.7481989489456824,2.5722351559378165,2.659228563308716,25000,0.0,0.0
2010-09-03 00:00:00-04:00,2.7086565108861422,2.7086565108861422,2.5900290962920116,2.6196861267089844,54500,0.0,0.0
2010-09-07 00:00:00-04:00,2.6177089557349618,2.669114161712823,2.590029138788707,2.659228563308716,46000,0.0,0.0
2010-09-08 00:00:00-04:00,2.6394573724427857,2.6770225521864623,2.605846149240145,2.6098005771636963,22500,0.0,0.0
2010-09-09 00:00:00-04:00,2.708656672835262,2.708656672835262,2.57223526752564,2.588052272796631,23500,0.0,0.0
2010-09-10 00:00:00-04:00,2.6473658985156066,2.726450690156776,2.6098007167625594,2.6295719146728516,13500,0.0,0.0
2010-09-13 00:00:00-04:00,2.7304048997748223,2.9617280853652335,2.7304048997748223,2.866826295852661,53000,0.0,0.0
2010-09-14 00:00:00-04:00,2.886597712153499,2.91823148727417,2.866826514318853,2.91823148727417,17500,0.0,0.0
2010-09-15 00:00:00-04:00,2.8865975697875443,2.9656823572256936,2.8865975697875443,2.9478883743286133,18000,0.0,0.0
2010-09-16 00:00:00-04:00,2.975568088996464,3.0645384788513184,2.965682490123702,3.0645384788513184,10500,0.0,0.0
2010-09-17 00:00:00-04:00,3.104081093104969,3.212822680112305,3.090241066205567,3.115943670272827,38500,0.0,0.0
2010-09-20 00:00:00-04:00,3.1436234840679425,3.2325938733155315,3.1238522864573675,3.212822675704956,33500,0.0,0.0
2010-09-21 00:00:00-04:00,3.2128224859625543,3.2622504770698817,3.1713028791558986,3.202936887741089,22000,0.0,0.0
2010-09-22 00:00:00-04:00,3.1653716679111596,3.2207310684969483,3.1633946895599365,3.1633946895599365,12000,0.0,0.0
2010-09-23 00:00:00-04:00,3.14757766147005,3.311678647994995,3.14757766147005,3.311678647994995,22500,0.0,0.0
2010-09-24 00:00:00-04:00,3.4698485063132547,3.4698485063132547,3.280044913554122,3.3037703037261963,37500,0.0,0.0
2010-09-27 00:00:00-04:00,3.4006491685612845,3.4006491685612845,3.363083753013512,3.38087797164917,26500,0.0,0.0
2010-09-28 00:00:00-04:00,3.380877922321127,3.402626097192385,3.293884515762329,3.293884515762329,23000,0.0,0.0
2010-09-29 00:00:00-04:00,3.479733863173899,3.479733863173899,3.285975855786076,3.301792860031128,17000,0.0,0.0
2010-09-30 00:00:00-04:00,3.4006492355162723,3.420420432817659,3.3670380115509033,3.3670380115509033,10500,0.0,0.0
2010-10-01 00:00:00-04:00,3.3136558690607782,3.3136558690607782,3.064538449856416,3.070469856262207,31500,0.0,0.0
2010-10-04 00:00:00-04:00,3.104080943671157,3.104080943671157,2.9043915271759033,2.9043915271759033,40000,0.0,0.0
2010-10-05 00:00:00-04:00,2.904391658348332,2.965682465119201,2.904391658348332,2.926140069961548,16500,0.0,0.0
2010-10-06 00:00:00-04:00,2.8668263813807946,2.945911169052124,2.8332151580674725,2.945911169052124,28500,0.0,0.0
2010-10-07 00:00:00-04:00,2.965682440503688,2.965682440503688,2.8510094483600392,2.882643222808838,3000,0.0,0.0
2010-10-08 00:00:00-04:00,2.886597667235131,2.9755680561065674,2.886597667235131,2.9755680561065674,32000,0.0,0.0
2010-10-11 00:00:00-04:00,3.0408128918531547,3.0803552847844924,3.0408128918531547,3.0566298961639404,2500,0.0,0.0
2010-10-12 00:00:00-04:00,3.1337379011255737,3.1673488900954365,3.068492901542153,3.113966703414917,8000,0.0,0.0
2010-10-13 00:00:00-04:00,3.17921155625522,3.25236493726985,3.1554859315445234,3.1910741329193115,12500,0.0,0.0
2010-10-14 00:00:00-04:00,3.0843096589572423,3.2464336680963375,3.068492889404297,3.068492889404297,14500,0.0,0.0
2010-10-15 00:00:00-04:00,3.1633945916029096,3.2128225842219176,3.084309567721236,3.1831657886505127,8500,0.0,0.0
2010-10-18 00:00:00-04:00,3.119897817699748,3.1732802391052246,3.074424016650135,3.1732802391052246,12000,0.0,0.0
2010-10-19 00:00:00-04:00,3.252364913590308,3.252364913590308,3.1475775241851807,3.1475775241851807,11500,0.0,0.0
2010-10-20 00:00:00-04:00,3.1337377960315047,3.2227081827457194,3.07244699090743,3.1831657886505127,13500,0.0,0.0
2010-10-21 00:00:00-04:00,3.189097273257551,3.189097273257551,3.161417455296071,3.167348861694336,8000,0.0,0.0
2010-10-22 00:00:00-04:00,3.222708148073855,3.222708148073855,3.133737762316838,3.141646146774292,9500,0.0,0.0
2010-10-25 00:00:00-04:00,3.2227082965067724,3.2227082965067724,3.0645384788513184,3.0645384788513184,41500,0.0,0.0
2010-10-26 00:00:00-04:00,3.157463093752627,3.161417285909185,3.0684927096194357,3.1535089015960693,34500,0.0,0.0
2010-10-27 00:00:00-04:00,3.1713029761454465,3.1831657886505127,3.153508993079108,3.1831657886505127,14500,0.0,0.0
2010-10-28 00:00:00-04:00,3.1831657886505127,3.1831657886505127,3.1831657886505127,3.1831657886505127,4000,0.0,0.0
2010-10-29 00:00:00-04:00,3.1871199659656892,3.2345709800720215,3.183165773712976,3.2345709800720215,2500,0.0,0.0
2010-11-01 00:00:00-04:00,3.210845315329152,3.2523649226955595,3.208868337072958,3.2424793243408203,18000,0.0,0.0
2010-11-02 00:00:00-04:00,3.2681820840365616,3.355175495147705,3.250388100420627,3.355175495147705,20000,0.0,0.0
2010-11-03 00:00:00-04:00,3.357152411260152,3.357152411260152,3.283999028419009,3.319587230682373,61000,0.0,0.0
2010-11-04 00:00:00-04:00,3.319587256186417,3.4105348587036133,3.2701592625773457,3.4105348587036133,39000,0.0,0.0
2010-11-05 00:00:00-04:00,3.479734087533052,3.485665493968786,3.34133570392517,3.355175495147705,11500,0.0,0.0
2010-11-08 00:00:00-05:00,3.459962709929816,3.487642526626587,3.4006491200397773,3.487642526626587,10000,0.0,0.0
2010-11-09 00:00:00-05:00,3.454031429769939,3.5291620268422266,3.454031429769939,3.461940050125122,23000,0.0,0.0
2010-11-10 00:00:00-05:00,3.5706814848268285,3.5706814848268285,3.479733886574609,3.4915966987609863,21000,0.0,0.0
2010-11-11 00:00:00-05:00,3.4500771486756157,3.548933132887593,3.4500771486756157,3.479733943939209,12500,0.0,0.0
2010-11-12 00:00:00-05:00,3.1633946641906716,3.28202184919833,2.868803444315629,2.928117036819458,305500,0.0,0.0
2010-11-15 00:00:00-05:00,3.0091789398955693,3.456008554092664,2.941956964922981,3.044767141342163,171500,0.0,0.0
2010-11-16 00:00:00-05:00,3.024996049924032,3.054652846214511,2.9360256610525957,2.9755680561065674,38000,0.0,0.0
2010-11-17 00:00:00-05:00,3.0269733056624566,3.0546528883051325,2.975568097107465,3.015110492706299,53000,0.0,0.0
2010-11-18 00:00:00-05:00,3.076401200101742,3.094195418957226,3.015110394640512,3.034881591796875,26500,0.0,0.0
2010-11-19 00:00:00-05:00,3.001270696370184,3.163394706607527,3.001270696370184,3.1119894981384277,30500,0.0,0.0
2010-11-22 00:00:00-05:00,3.074423984098304,3.143623409791566,3.0645383855265895,3.131760597229004,21000,0.0,0.0
2010-11-23 00:00:00-05:00,3.135714835346845,3.2187540531158447,3.135714835346845,3.2187540531158447,14500,0.0,0.0
2010-11-24 00:00:00-05:00,3.2820217810860925,3.34726677862452,3.2780675888061523,3.2780675888061523,21000,0.0,0.0
2010-11-26 00:00:00-05:00,3.361106865094542,3.4105348587036133,3.264227856206004,3.4105348587036133,6500,0.0,0.0
2010-11-29 00:00:00-05:00,3.4500772461481444,3.459962844848633,3.361106857843749,3.459962844848633,26500,0.0,0.0
2010-11-30 00:00:00-05:00,3.450077190746724,3.5192763805389404,3.450077190746724,3.5192763805389404,14000,0.0,0.0
2010-12-01 00:00:00-05:00,3.5588188243924685,3.57068163708469,3.5093908309936523,3.5093908309936523,16000,0.0,0.0
2010-12-02 00:00:00-05:00,3.5588187659046553,3.586498583167844,3.5133449655868363,3.5212535858154297,22500,0.0,0.0
2010-12-03 00:00:00-05:00,3.582544305895249,3.582544305895249,3.489619493484497,3.489619493484497,18000,0.0,0.0
2010-12-06 00:00:00-05:00,3.5588188243924685,3.5588188243924685,3.4639170299284885,3.5093908309936523,14500,0.0,0.0
2010-12-07 00:00:00-05:00,3.4105347670173414,3.4599627592976274,3.3215641452215685,3.38087797164917,15000,0.0,0.0
2010-12-08 00:00:00-05:00,3.3828549298276016,3.4184431311962244,3.3808779515628906,3.3848321437835693,9500,0.0,0.0
2010-12-09 00:00:00-05:00,3.380877879151516,3.380877879151516,3.3512210845947266,3.3512210845947266,9500,0.0,0.0
2010-12-10 00:00:00-05:00,3.380878108079912,3.4006493057898664,3.291907482693851,3.353198289871216,23000,0.0,0.0
2010-12-13 00:00:00-05:00,3.4500772039879584,3.4500772039879584,3.3611068167707874,3.4204204082489014,17000,0.0,0.0
2010-12-14 00:00:00-05:00,3.3611068235043913,3.370992422103882,3.3314497920146584,3.370992422103882,2500,0.0,0.0
2010-12-15 00:00:00-05:00,3.4204204650211976,3.4204204650211976,3.3611068725585938,3.3611068725585938,4500,0.0,0.0
2010-12-16 00:00:00-05:00,3.410534746754867,3.4500771403441686,3.357152326856304,3.3848321437835693,7500,0.0,0.0
2010-12-17 00:00:00-05:00,3.4599626977729745,3.4599626977729745,3.392740488052368,3.392740488052368,28500,0.0,0.0
2010-12-20 00:00:00-05:00,3.3927406195022805,3.4500772331640905,3.3927406195022805,3.4144890308380127,49500,0.0,0.0
2010-12-21 00:00:00-05:00,3.420420416969895,3.43426020787849,3.4105348183650044,3.418443202972412,52500,0.0,0.0
2010-12-22 00:00:00-05:00,3.4303059090415986,3.4401915073394775,3.4243745029246204,3.4401915073394775,12500,0.0,0.0
2010-12-23 00:00:00-05:00,3.489619584913705,3.5192763805389404,3.4599627892884692,3.5192763805389404,28500,0.0,0.0
2010-12-27 00:00:00-05:00,3.5568416892344383,3.5568416892344383,3.537070492746711,3.541024684906006,18500,0.0,0.0
2010-12-28 00:00:00-05:00,3.558818658781064,3.5805670691409754,3.543001890182495,3.543001890182495,17500,0.0,0.0
2010-12-29 00:00:00-05:00,3.5845214827734537,3.594407081604004,3.55881887867577,3.594407081604004,12000,0.0,0.0
2010-12-30 00:00:00-05:00,3.5607960804255976,3.5607960804255976,3.548933267593384,3.548933267593384,6000,0.0,0.0
2010-12-31 00:00:00-05:00,3.5489331210644552,3.578589916229248,3.5390475226761913,3.578589916229248,6500,0.0,0.0
2011-01-03 00:00:00-05:00,3.6477892835489523,3.722919877262187,3.6477892835489523,3.6873316764831543,35000,0.0,0.0
2011-01-04 00:00:00-05:00,3.7169884913872666,3.7169884913872666,3.6596518799062716,3.683377504348755,85500,0.0,0.0
2011-01-05 00:00:00-05:00,3.7071029018178967,3.7169885001284277,3.5785898880897404,3.6814002990722656,82500,0.0,0.0
2011-01-06 00:00:00-05:00,3.6636063077741885,3.6853544825914586,3.6596518799062716,3.683377504348755,30500,0.0,0.0
2011-01-07 00:00:00-05:00,3.6853545604089115,3.6853545604089115,3.637903781904516,3.667560577392578,34500,0.0,0.0
2011-01-10 00:00:00-05:00,3.6715147265261634,3.7150113122594806,3.6280181407928467,3.6280181407928467,44500,0.0,0.0
2011-01-11 00:00:00-05:00,3.65767502784729,3.6596520061581965,3.65767502784729,3.65767502784729,10500,0.0,0.0
2011-01-12 00:00:00-05:00,3.7090801417845447,3.7090801417845447,3.5864985333207557,3.6280181407928467,7000,0.0,0.0
2011-01-13 00:00:00-05:00,3.6023156152444256,3.6201095984339604,3.586498610358583,3.61220121383667,19000,0.0,0.0
2011-01-14 00:00:00-05:00,3.6477894362922245,3.6477894362922245,3.6082470417022705,3.6082470417022705,6000,0.0,0.0
2011-01-18 00:00:00-05:00,3.606269869227884,3.6576750770633377,3.606269869227884,3.647789478302002,34000,0.0,0.0
2011-01-19 00:00:00-05:00,3.622086734626654,3.6576749359325524,3.618132542412945,3.6280181407928467,16000,0.0,0.0
2011-01-20 00:00:00-05:00,3.647789507333374,3.647789507333374,3.6240638815643313,3.6418581008911133,13000,0.0,0.0
2011-01-21 00:00:00-05:00,3.6458122353517997,3.657675048047804,3.6458122353517997,3.6537208557128906,22500,0.0,0.0
2011-01-24 00:00:00-05:00,3.6576749302090006,3.677446126937866,3.6477893318445678,3.677446126937866,38500,0.0,0.0
2011-01-25 00:00:00-05:00,3.629995116293265,3.7248969078063965,3.629995116293265,3.7248969078063965,24500,0.0,0.0
2011-01-26 00:00:00-05:00,3.754554070983524,3.7565310493129465,3.6774462595457047,3.746645450592041,17000,0.0,0.0
2011-01-27 00:00:00-05:00,3.7664165785330734,3.776302177071562,3.7347828046246665,3.7604851722717285,33000,0.0,0.0
2011-01-28 00:00:00-05:00,3.748622586764616,3.7763021683318194,3.716988577238161,3.7624623775482178,10000,0.0,0.0
2011-01-31 00:00:00-05:00,3.7763020992279053,3.7763020992279053,3.7565309025584863,3.7763020992279053,43000,0.0,0.0
2011-02-01 00:00:00-05:00,3.8158445916863037,3.8158445916863037,3.756531000137329,3.756531000137329,19000,0.0,0.0
2011-02-02 00:00:00-05:00,3.7565309934133433,3.8059589862823486,3.7565309934133433,3.8059589862823486,13500,0.0,0.0
2011-02-03 00:00:00-05:00,3.817821892471407,3.835616111755371,3.8138677000831707,3.835616111755371,10500,0.0,0.0
2011-02-04 00:00:00-05:00,3.8494558464206925,3.8949296474456787,3.8356160554195045,3.8949296474456787,12500,0.0,0.0
2011-02-07 00:00:00-05:00,3.8949295097810013,3.9226090908050537,3.8949295097810013,3.9226090908050537,16000,0.0,0.0
2011-02-08 00:00:00-05:00,3.922609222277684,3.9522660182365597,3.922609222277684,3.9443576335906982,20000,0.0,0.0
2011-02-09 00:00:00-05:00,3.9522660111908037,4.043213848603657,3.9522660111908037,3.9937856197357178,20000,0.0,0.0
2011-02-10 00:00:00-05:00,3.995762760174018,4.112412970218755,3.9937857817814937,4.104504585266113,23000,0.0,0.0
2011-02-11 00:00:00-05:00,4.120321838138586,4.151955378038093,4.033328189267301,4.102527618408203,25000,0.0,0.0
2011-02-14 00:00:00-05:00,4.181611967045149,4.339781535283217,4.132183741279505,4.288376331329346,49500,0.0,0.0
2011-02-15 00:00:00-05:00,4.2409255971219455,4.507836981857505,4.219177422688641,4.377346992492676,29500,0.0,0.0
2011-02-16 00:00:00-05:00,4.407004149567608,4.44852352142334,4.377347118683145,4.44852352142334,26000,0.0,0.0
2011-02-17 00:00:00-05:00,4.454455206920002,4.527608592512124,4.446546821982416,4.48806619644165,17000,0.0,0.0
2011-02-18 00:00:00-05:00,4.4979518860984475,4.517723083496094,4.492020479740901,4.517723083496094,43500,0.0,0.0
2011-02-22 00:00:00-05:00,4.527608194308916,4.662052611953665,4.527608194308916,4.569128036499023,37000,0.0,0.0
2011-02-23 00:00:00-05:00,4.608670544877611,4.662052729080679,4.511791539176759,4.642281532287598,20500,0.0,0.0
2011-02-24 00:00:00-05:00,4.705549469416152,4.745091862320279,4.634373067912223,4.658098220825195,23000,0.0,0.0
2011-02-25 00:00:00-05:00,4.701595335430188,4.713458148319373,4.6838011160964115,4.695663928985596,29500,0.0,0.0
2011-02-28 00:00:00-05:00,4.669961235524934,4.695663839165675,4.351644628872492,4.424798011779785,77000,0.0,0.0
2011-03-01 00:00:00-05:00,4.395141302841365,4.397118281090697,3.825730085372925,3.825730085372925,159500,0.0,0.0
2011-03-02 00:00:00-05:00,3.847478488658221,3.847478488658221,3.560795902218318,3.6339495182037354,65000,0.0,0.0
2011-03-03 00:00:00-05:00,3.6181327227997735,3.6675607171635813,3.0645384788513184,3.0645384788513184,173000,0.0,0.0
2011-03-04 00:00:00-05:00,3.0665155644361017,3.3097015693477094,3.0665155644361017,3.283998966217041,61000,0.0,0.0
2011-03-07 00:00:00-05:00,3.416466204531841,3.4995051851852956,3.321564175654663,3.4223973751068115,127500,0.0,0.0
2011-03-08 00:00:00-05:00,3.4223974227857314,3.519276431307143,3.361106852357505,3.365061044692993,34500,0.0,0.0
2011-03-09 00:00:00-05:00,3.365061027095232,3.365061027095232,3.266204805077418,3.2721362113952637,32500,0.0,0.0
2011-03-10 00:00:00-05:00,3.224685298104814,3.264227690990676,3.1633944948552273,3.202936887741089,32000,0.0,0.0
2011-03-11 00:00:00-05:00,3.1376921023729776,3.1376921023729776,3.034881685434779,3.1119894981384277,44000,0.0,0.0
2011-03-14 00:00:00-04:00,3.159440400883455,3.206891179544505,3.064538372178834,3.086286783218384,16000,0.0,0.0
2011-03-15 00:00:00-04:00,3.163394669325915,3.212822663159344,3.0843096435011623,3.167348861694336,38000,0.0,0.0
2011-03-16 00:00:00-04:00,3.1633945802488737,3.2128225726904756,3.1633945802488737,3.185142755508423,13000,0.0,0.0
2011-03-17 00:00:00-04:00,3.1831658756618477,3.2009598592145827,3.106058063653709,3.1653716564178467,14000,0.0,0.0
2011-03-18 00:00:00-04:00,2.8055356514185945,2.8055356514185945,2.27566704138042,2.5939836502075195,129000,0.0,0.0
2011-03-21 00:00:00-04:00,2.7877414872890007,2.9775453164693766,2.67899989919845,2.91823148727417,43500,0.0,0.0
2011-03-22 00:00:00-04:00,2.8688033730470655,3.0309273770829606,2.8688033730470655,2.991384983062744,30000,0.0,0.0
2011-03-23 00:00:00-04:00,3.0546526847512148,3.2503879070281982,3.0546526847512148,3.2503879070281982,33500,0.0,0.0
2011-03-24 00:00:00-04:00,3.2503879070281982,3.2503879070281982,3.2227080905387626,3.2503879070281982,16000,0.0,0.0
2011-03-25 00:00:00-04:00,3.25038789910462,3.25038789910462,3.0941953058634795,3.10605788230896,65000,0.0,0.0
2011-03-28 00:00:00-04:00,3.0981496858529702,3.3769236667470075,3.0467444777320964,3.068492889404297,85000,0.0,0.0
2011-03-29 00:00:00-04:00,3.1100122980418137,3.1100122980418137,2.9656825065612793,2.9656825065612793,24500,0.0,0.0
2011-03-30 00:00:00-04:00,2.995339106464644,3.072446914446139,2.9775451238411286,3.0052247047424316,18000,0.0,0.0
2011-03-31 00:00:00-04:00,3.0210417644781384,3.0348815551823694,2.945911169052124,2.945911169052124,26500,0.0,0.0
2011-04-01 00:00:00-04:00,2.965682365112252,2.965682365112252,2.6789997741953355,2.704702377319336,81500,0.0,0.0
2011-04-04 00:00:00-04:00,2.7086565950368886,2.7086565950368886,2.3725460086787566,2.41011118888855,105500,0.0,0.0
2011-04-05 00:00:00-04:00,2.3824316879164833,2.5287386928119755,2.3745230673946556,2.4417452812194824,40500,0.0,0.0
2011-04-06 00:00:00-04:00,2.453607961372923,2.4575621535742105,2.3765001528371617,2.419996738433838,45000,0.0,0.0
2011-04-07 00:00:00-04:00,2.3883628106284784,2.4516308307647705,2.3824316399705574,2.4516308307647705,16000,0.0,0.0
2011-04-08 00:00:00-04:00,2.4714020193341897,2.4714020193341897,2.3824316314870138,2.4536080360412598,24500,0.0,0.0
2011-04-11 00:00:00-04:00,2.4199968280299644,2.4199968280299644,2.382431647190063,2.402202844619751,14500,0.0,0.0
2011-04-12 00:00:00-04:00,2.3903398843479517,2.4022026963500696,2.3013695014058198,2.3349804878234863,51500,0.0,0.0
2011-04-13 00:00:00-04:00,2.348820375126721,2.412088394165039,2.3428889688804713,2.412088394165039,30500,0.0,0.0
2011-04-14 00:00:00-04:00,2.4120883597285467,2.4120883597285467,2.3626603678675635,2.3705687522888184,17500,0.0,0.0
2011-04-15 00:00:00-04:00,2.364637435555243,2.3685916279154138,2.3527748584747314,2.3527748584747314,22000,0.0,0.0
2011-04-18 00:00:00-04:00,2.354751692734161,2.360683098757138,2.333003282546997,2.333003282546997,13500,0.0,0.0
2011-04-19 00:00:00-04:00,2.3567289675095964,2.3567289675095964,2.2776439446460146,2.321140766143799,18000,0.0,0.0
2011-04-20 00:00:00-04:00,2.3191635465076486,2.323117738718328,2.2736897468566895,2.2736897468566895,41500,0.0,0.0
2011-04-21 00:00:00-04:00,2.2736897029832535,2.283575301164827,2.155062524804367,2.234147310256958,70000,0.0,0.0
2011-04-25 00:00:00-04:00,2.2104218862363556,2.234147274352598,2.1748336862163673,2.1926276683807373,51500,0.0,0.0
2011-04-26 00:00:00-04:00,2.1847192842390726,2.194604882261778,2.1748336862163673,2.1926276683807373,7000,0.0,0.0
2011-04-27 00:00:00-04:00,2.1926278324112105,2.2558958530426025,2.182742233648964,2.2558958530426025,43500,0.0,0.0
2011-04-28 00:00:00-04:00,2.244032875702745,2.291483887696838,2.2044904835532906,2.289506673812866,33000,0.0,0.0
2011-04-29 00:00:00-04:00,2.273689706425675,2.427905321121216,2.257872702172959,2.427905321121216,45500,0.0,0.0
2011-05-02 00:00:00-04:00,2.43976790623092,2.4733791287718585,2.3863857229177428,2.4259281158447266,70000,0.0,0.0
2011-05-03 00:00:00-04:00,2.425928080208427,2.425928080208427,2.342888867728585,2.384408473968506,21500,0.0,0.0
2011-05-04 00:00:00-04:00,2.3587059253978273,2.364637331522763,2.2934609294060446,2.3250949382781982,28000,0.0,0.0
2011-05-05 00:00:00-04:00,2.315209496396309,2.315209496396309,2.2934610843658447,2.2934610843658447,8500,0.0,0.0
2011-05-06 00:00:00-04:00,2.2954381519038067,2.344866143643815,2.293460937957704,2.323117733001709,23500,0.0,0.0
2011-05-09 00:00:00-04:00,2.303346633911133,2.3250950454748383,2.303346633911133,2.303346633911133,16500,0.0,0.0
2011-05-10 00:00:00-04:00,2.303346596299366,2.3132321949048507,2.277643992786852,2.3112552165985107,10000,0.0,0.0
2011-05-11 00:00:00-04:00,2.3171866388994626,2.3171866388994626,2.253918618834504,2.259850025177002,24500,0.0,0.0
2011-05-12 00:00:00-04:00,2.263804246566748,2.273689845367383,2.2539186477661133,2.2539186477661133,10500,0.0,0.0
2011-05-13 00:00:00-04:00,2.269735470355086,2.269735470355086,2.2222844585153423,2.242055654525757,27000,0.0,0.0
2011-05-16 00:00:00-04:00,2.1748338430186025,2.1748338430186025,1.886174029975928,1.9929386377334595,75000,0.0,0.0
2011-05-17 00:00:00-04:00,1.998870057001815,2.162971044206537,1.998870057001815,2.0621378421783447,36000,0.0,0.0
2011-05-18 00:00:00-04:00,2.07400069009533,2.2558958996300786,2.07400069009533,2.198559284210205,62000,0.0,0.0
2011-05-19 00:00:00-04:00,2.198559189423214,2.3626604080200195,2.198559189423214,2.3626604080200195,31500,0.0,0.0
2011-05-20 00:00:00-04:00,2.3231178152229233,2.4516308339866137,2.3013696395023486,2.3547518253326416,90000,0.0,0.0
2011-05-23 00:00:00-04:00,2.313232285064007,2.35870608755985,2.313232285064007,2.340912103652954,12500,0.0,0.0
2011-05-24 00:00:00-04:00,2.333003261217505,2.4476764814366505,2.333003261217505,2.386385679244995,29500,0.0,0.0
2011-05-25 00:00:00-04:00,2.41604260408182,2.451630806128038,2.240078807844343,2.2638041973114014,45500,0.0,0.0
2011-05-26 00:00:00-04:00,2.271712862254199,2.277644032969118,2.135291457676998,2.1590168476104736,17000,0.0,0.0
2011-05-27 00:00:00-04:00,2.188673579141833,2.244032977808219,2.1155201974750493,2.2203075885772705,43000,0.0,0.0
2011-05-31 00:00:00-04:00,2.2203075546370847,2.4516307442537326,2.2203075546370847,2.3725459575653076,33000,0.0,0.0
2011-06-01 00:00:00-04:00,2.342889016639422,2.402202844619751,2.342889016639422,2.402202844619751,8500,0.0,0.0
2011-06-02 00:00:00-04:00,2.402202833158883,2.412088431826563,2.3488204118004004,2.404179811477661,8500,0.0,0.0
2011-06-03 00:00:00-04:00,2.3448661892329064,2.3626604080200195,2.3428889752483624,2.3626604080200195,10500,0.0,0.0
2011-06-06 00:00:00-04:00,2.3448662670137135,2.3705688712090542,2.342889052963584,2.3468434810638428,15000,0.0,0.0
2011-06-07 00:00:00-04:00,2.3428890705108643,2.404179878228699,2.3428890705108643,2.3428890705108643,6000,0.0,0.0
2011-06-08 00:00:00-04:00,2.344866255532124,2.348820447921753,2.342889041491676,2.348820447921753,13000,0.0,0.0
2011-06-09 00:00:00-04:00,2.3448661295573716,2.404179719289064,2.3428889156231465,2.3745229244232178,8500,0.0,0.0
2011-06-10 00:00:00-04:00,2.370568888963645,2.3765002954671886,2.3428890705108643,2.3428890705108643,23000,0.0,0.0
2011-06-13 00:00:00-04:00,2.344866284575802,2.344866284575802,2.3428890705108643,2.3428890705108643,14500,0.0,0.0
2011-06-14 00:00:00-04:00,2.400225485010424,2.4318594932556152,2.3725459045643196,2.4318594932556152,19000,0.0,0.0
2011-06-15 00:00:00-04:00,2.4318594932556152,2.4318594932556152,2.4318594932556152,2.4318594932556152,0,0.0,0.0
2011-06-16 00:00:00-04:00,2.45360799579653,2.4615163803100586,2.4318595848474382,2.4615163803100586,6500,0.0,0.0
2011-06-17 00:00:00-04:00,2.4140654057512516,2.4595392066780613,2.4140654057512516,2.4536080360412598,44000,0.0,0.0
2011-06-20 00:00:00-04:00,2.46547049999157,2.46547049999157,2.427905321121216,2.427905321121216,5500,0.0,0.0
2011-06-21 00:00:00-04:00,2.4318596534657564,2.447676658630371,2.4318596534657564,2.447676658630371,4000,0.0,0.0
2011-06-22 00:00:00-04:00,2.4318596333949953,2.4516308307647705,2.4318596333949953,2.4516308307647705,18000,0.0,0.0
2011-06-23 00:00:00-04:00,2.4516308307647705,2.4654706217853604,2.441745232079883,2.4516308307647705,17000,0.0,0.0
2011-06-24 00:00:00-04:00,2.4536079075341273,2.4793102741241455,2.4516306936312406,2.4793102741241455,7500,0.0,0.0
2011-06-27 00:00:00-04:00,2.4793104465524682,2.6137548733264135,2.4793104465524682,2.5406012535095215,56500,0.0,0.0
2011-06-28 00:00:00-04:00,2.491173198175426,2.5406011910576245,2.491173198175426,2.5050129890441895,12500,0.0,0.0
2011-06-29 00:00:00-04:00,2.5307154768979827,2.5307154768979827,2.4911730843982096,2.528738498687744,5000,0.0,0.0
2011-06-30 00:00:00-04:00,2.528738530906377,2.5702579021453857,2.528738530906377,2.5702579021453857,3500,0.0,0.0
2011-07-01 00:00:00-04:00,2.566303724619626,2.617708930093963,2.566303724619626,2.615731716156006,14500,0.0,0.0
2011-07-05 00:00:00-04:00,2.6196861918831877,2.70470238601692,2.6196861918831877,2.7027251720428467,13500,0.0,0.0
2011-07-06 00:00:00-04:00,2.7205193475515346,2.7679701252634836,2.698770936946992,2.760061740875244,6000,0.0,0.0
2011-07-07 00:00:00-04:00,2.7481989513594987,2.862871940086116,2.7185421561211283,2.803558349609375,130500,0.0,0.0
2011-07-08 00:00:00-04:00,2.7996041429956113,2.7996041429956113,2.7165649282018984,2.758084535598755,50500,0.0,0.0
2011-07-11 00:00:00-04:00,2.752153247914832,2.7778558519006706,2.58607504686952,2.7343592643737793,68000,0.0,0.0
2011-07-12 00:00:00-04:00,2.6453888431699775,2.712610819832595,2.6453888431699775,2.6928396224975586,8500,0.0,0.0
2011-07-13 00:00:00-04:00,2.6355028977395474,2.6612055003301265,2.5702579021453857,2.5702579021453857,24000,0.0,0.0
2011-07-14 00:00:00-04:00,2.5702578649318,2.6137546851589732,2.5702578649318,2.5781664848327637,24500,0.0,0.0
2011-07-15 00:00:00-04:00,2.572235098784972,2.5742123126983643,2.5663036927360467,2.5742123126983643,25500,0.0,0.0
2011-07-18 00:00:00-04:00,2.5761894976564013,2.688885514555934,2.5524641072480208,2.580143690109253,64000,0.0,0.0
2011-07-19 00:00:00-04:00,2.6137547230023292,2.6335259195041205,2.5445552995548066,2.5702579021453857,151500,0.0,0.0
2011-07-20 00:00:00-04:00,2.595960592843771,2.6750456172263624,2.5801435879672523,2.6493430137634277,253500,0.0,0.0
2011-07-21 00:00:00-04:00,2.641434303828335,2.641434303828335,2.5504867056435945,2.5702579021453857,14000,0.0,0.0
2011-07-22 00:00:00-04:00,2.586074987587981,2.6750456103275373,2.5386242087720614,2.554441213607788,119000,0.0,0.0
2011-07-25 00:00:00-04:00,2.5801435712845473,2.6770225782197827,2.4595391750335693,2.4595391750335693,61000,0.0,0.0
2011-07-26 00:00:00-04:00,2.4872189239761138,2.6196861290911175,2.4872189239761138,2.5702579021453857,19000,0.0,0.0
2011-07-27 00:00:00-04:00,2.566303764984818,2.5742123851697856,2.510944366455078,2.510944366455078,25500,0.0,0.0
2011-07-28 00:00:00-04:00,2.530715557283254,2.5603723526000977,2.520829958844306,2.5603723526000977,9000,0.0,0.0
2011-07-29 00:00:00-04:00,2.558395308464981,2.5742123126983643,2.5346696842692804,2.5742123126983643,9000,0.0,0.0
2011-08-01 00:00:00-04:00,2.724473510041889,2.7442447064881867,2.669114112854004,2.669114112854004,45500,0.0,0.0
2011-08-02 00:00:00-04:00,2.6730683878871173,2.758084582380491,2.6730683878871173,2.7007482051849365,100000,0.0,0.0
2011-08-03 00:00:00-04:00,2.675045575992072,2.8312381726645865,2.673068362028762,2.7541303634643555,62500,0.0,0.0
2011-08-04 00:00:00-04:00,2.7640159908518607,2.767970183128644,2.7284277889782897,2.748198986053467,90500,0.0,0.0
2011-08-05 00:00:00-04:00,2.744244892329312,2.7659933041695504,2.67306848602605,2.7284278869628906,30500,0.0,0.0
2011-08-08 00:00:00-04:00,2.6730684800481734,2.6730684800481734,2.336957882759996,2.394294261932373,92000,0.0,0.0
2011-08-09 00:00:00-04:00,2.3745229654185276,2.708656570448436,2.3053237762035197,2.607823371887207,38000,0.0,0.0
2011-08-10 00:00:00-04:00,2.5247841282691663,2.5821207401117596,2.445699341472147,2.516875743865967,22500,0.0,0.0
2011-08-11 00:00:00-04:00,2.378477268036214,2.475356278847609,2.378477268036214,2.392317295074463,9500,0.0,0.0
2011-08-12 00:00:00-04:00,2.4120885046350335,2.499081916951257,2.4120885046350335,2.437791109085083,18500,0.0,0.0
2011-08-15 00:00:00-04:00,2.412088335020107,2.7066793049086524,2.412088335020107,2.520829916000366,55500,0.0,0.0
2011-08-16 00:00:00-04:00,2.4575622168963873,2.554441224626052,2.418019822482139,2.45558500289917,10000,0.0,0.0
2011-08-17 00:00:00-04:00,2.5307156202438716,2.5307156202438716,2.41208843602522,2.4516308307647705,6000,0.0,0.0
2011-08-18 00:00:00-04:00,2.506990122067948,2.506990122067948,2.473379135131836,2.473379135131836,5000,0.0,0.0
2011-08-19 00:00:00-04:00,2.473379135131836,2.473379135131836,2.473379135131836,2.473379135131836,0,0.0,0.0
2011-08-22 00:00:00-04:00,2.499081760915871,2.499081760915871,2.4120883540312623,2.419996738433838,11000,0.0,0.0
2011-08-23 00:00:00-04:00,2.4120883740653083,2.4160425662994385,2.4120883740653083,2.4160425662994385,12500,0.0,0.0
2011-08-24 00:00:00-04:00,2.4318594932556152,2.4318594932556152,2.4318594932556152,2.4318594932556152,500,0.0,0.0
2011-08-25 00:00:00-04:00,2.4318594932556152,2.4318594932556152,2.4318594932556152,2.4318594932556152,0,0.0,0.0
2011-08-26 00:00:00-04:00,2.4318594932556152,2.4318594932556152,2.4318594932556152,2.4318594932556152,0,0.0,0.0
2011-08-29 00:00:00-04:00,2.412088301511402,2.45163069404581,2.372545908976994,2.3824315071105957,32000,0.0,0.0
2011-08-30 00:00:00-04:00,2.4516308395088164,2.4516308395088164,2.3725460497476494,2.4496536254882812,18000,0.0,0.0
2011-08-31 00:00:00-04:00,2.3725460852591835,2.3745230636180445,2.2776440532958016,2.3468434810638428,5500,0.0,0.0
2011-09-01 00:00:00-04:00,2.3923171542374138,2.3923171542374138,2.3725459575653076,2.3725459575653076,7000,0.0,0.0
2011-09-02 00:00:00-04:00,2.293461064081842,2.333003459648401,2.293461064081842,2.297415256500244,6000,0.0,0.0
2011-09-06 00:00:00-04:00,2.29741526801581,2.3923173006807614,2.295438289642334,2.295438289642334,10000,0.0,0.0
2011-09-07 00:00:00-04:00,2.214376168263838,2.236124579073795,2.1748337745666504,2.1748337745666504,7500,0.0,0.0
2011-09-08 00:00:00-04:00,2.212398904804188,2.2183303108643133,2.1847193241119385,2.1847193241119385,4000,0.0,0.0
2011-09-09 00:00:00-04:00,2.1847193241119385,2.1847193241119385,2.1847193241119385,2.1847193241119385,0,0.0,0.0
2011-09-12 00:00:00-04:00,2.1847193241119385,2.1847193241119385,2.1847193241119385,2.1847193241119385,0,0.0,0.0
2011-09-13 00:00:00-04:00,2.1748337908810726,2.1748337908810726,1.8861739847584713,2.0265495777130127,37500,0.0,0.0
2011-09-14 00:00:00-04:00,1.973167500341549,2.0522522926330566,1.9672360937814315,2.0522522926330566,20500,0.0,0.0
2011-09-15 00:00:00-04:00,1.9889844197924844,1.9889844197924844,1.9000139144723356,1.9257164001464844,14500,0.0,0.0
2011-09-16 00:00:00-04:00,1.799180652464452,1.9178079495263458,1.7695237398147583,1.7695237398147583,117500,0.0,0.0
2011-09-19 00:00:00-04:00,1.6805534261787525,1.7023017197152013,1.6785762121653764,1.6825305223464966,34500,0.0,0.0
2011-09-20 00:00:00-04:00,1.6607820615366484,1.6607820615366484,1.561926077635251,1.5718116760253906,71000,0.0,0.0
2011-09-21 00:00:00-04:00,1.4749326806487193,1.5204064806979856,1.4255046883541385,1.472955584526062,67500,0.0,0.0
2011-09-22 00:00:00-04:00,1.3879393559681845,1.5678573377023233,1.3879393559681845,1.5045894384384155,29000,0.0,0.0
2011-09-23 00:00:00-04:00,1.395847758629128,1.4907496676966114,1.395847758629128,1.4037562608718872,35500,0.0,0.0
2011-09-26 00:00:00-04:00,1.2633806454833152,1.3464197406433247,1.2396551392180444,1.3365341424942017,36000,0.0,0.0
2011-09-27 00:00:00-04:00,1.2989689279642496,1.4788870377589143,1.2989689279642496,1.415619134902954,26000,0.0,0.0
2011-09-28 00:00:00-04:00,1.4156191147226893,1.4729556103591102,1.3444427102936805,1.4195733070373535,46500,0.0,0.0
2011-09-29 00:00:00-04:00,1.4136419296264648,1.437367437536494,1.3622368392565192,1.4136419296264648,23000,0.0,0.0
2011-09-30 00:00:00-04:00,1.399802117677723,1.4373674162616978,1.3918936151581018,1.3938707113265991,19000,0.0,0.0
2011-10-03 00:00:00-04:00,1.3800308634793101,1.4156190644294593,1.3681680512655092,1.4057334661483765,4000,0.0,0.0
2011-10-04 00:00:00-04:00,1.4057334661483765,1.4057334661483765,1.4057334661483765,1.4057334661483765,0,0.0,0.0
2011-10-05 00:00:00-04:00,1.3602596572350023,1.4452758489854316,1.3602596572350023,1.4077105522155762,19500,0.0,0.0
2011-10-06 00:00:00-04:00,1.405733553106893,1.405733553106893,1.3642139434814453,1.3642139434814453,22000,0.0,0.0
2011-10-07 00:00:00-04:00,1.362236836746829,1.4255047398780456,1.2752434257492933,1.3424656391143799,20000,0.0,0.0
2011-10-10 00:00:00-04:00,1.3266486342717765,1.376076628367862,1.3266486342717765,1.366191029548645,13000,0.0,0.0
2011-10-11 00:00:00-04:00,1.3424656136156774,1.3424656136156774,1.2752434015274048,1.2752434015274048,2000,0.0,0.0
2011-10-12 00:00:00-04:00,1.3128086672431765,1.3800308776600452,1.3128086672431765,1.3543282747268677,17000,0.0,0.0
2011-10-13 00:00:00-04:00,1.2890832478092855,1.3365341424942017,1.285128937842261,1.3365341424942017,13500,0.0,0.0
2011-10-14 00:00:00-04:00,1.3839851501053408,1.393870749061079,1.3345571553266495,1.338511347770691,13500,0.0,0.0
2011-10-17 00:00:00-04:00,1.2851290096437509,1.2851290096437509,1.235701016136542,1.24954092502594,18500,0.0,0.0
2011-10-18 00:00:00-04:00,1.261403631082614,1.2950146198272705,1.261403631082614,1.2950146198272705,6500,0.0,0.0
2011-10-19 00:00:00-04:00,1.2791976855350524,1.3068773846979949,1.2653577770307667,1.3049002885818481,35000,0.0,0.0
2011-10-20 00:00:00-04:00,1.3088544808141418,1.3088544808141418,1.3049002885818481,1.3049002885818481,8000,0.0,0.0
2011-10-21 00:00:00-04:00,1.2653577918417014,1.3029230898707065,1.2258153976734076,1.2534950971603394,21000,0.0,0.0
2011-10-24 00:00:00-04:00,1.2653577327728271,1.3246714391020415,1.2653577327728271,1.2653577327728271,24500,0.0,0.0
2011-10-25 00:00:00-04:00,1.2653577598029868,1.2653577598029868,1.2258153666359022,1.2357009649276733,5000,0.0,0.0
2011-10-26 00:00:00-04:00,1.204067079356675,1.2060441754547602,1.130913580962505,1.1862729787826538,17500,0.0,0.0
2011-10-27 00:00:00-04:00,1.180341549378569,1.2614035484129975,1.1665016412734985,1.1665016412734985,45000,0.0,0.0
2011-10-28 00:00:00-04:00,1.170456022851477,1.1902272203435953,1.1091652163494041,1.1763874292373657,39500,0.0,0.0
2011-10-31 00:00:00-04:00,1.156616090669725,1.156616090669725,1.1328907012939453,1.1328907012939453,4500,0.0,0.0
2011-11-01 00:00:00-04:00,1.1328906593572476,1.1328906593572476,1.117073655128479,1.117073655128479,25000,0.0,0.0
2011-11-02 00:00:00-04:00,1.1170736766836893,1.1368448734283447,1.0478743702317668,1.1368448734283447,13500,0.0,0.0
2011-11-03 00:00:00-04:00,1.0518287326223423,1.4393445380663927,1.0518287326223423,1.2693121433258057,126500,0.0,0.0
2011-11-04 00:00:00-04:00,1.2811748151560087,1.3385113110974833,1.2159298166974977,1.2258154153823853,68000,0.0,0.0
2011-11-07 00:00:00-05:00,1.2455866235644375,1.2515180299651103,1.1902272233102684,1.2475637197494507,77500,0.0,0.0
2011-11-08 00:00:00-05:00,1.2791976800153977,1.3345570781024105,1.2515179809718913,1.2574492692947388,109000,0.0,0.0
2011-11-09 00:00:00-05:00,1.25744931852015,1.3543283278877625,1.2455866235644375,1.2475637197494507,78000,0.0,0.0
2011-11-10 00:00:00-05:00,1.2455865947575544,1.3207171908155646,1.2455865947575544,1.2534950971603394,16500,0.0,0.0
2011-11-11 00:00:00-05:00,1.289083238873638,1.3246714391020415,1.2455865366116305,1.2653577327728271,24500,0.0,0.0
2011-11-14 00:00:00-05:00,1.24558653505118,1.2693120411222678,1.1071880442505628,1.1684788465499878,103000,0.0,0.0
2011-11-15 00:00:00-05:00,1.1427762575388214,1.1427762575388214,1.103233864812526,1.117073655128479,6500,0.0,0.0
2011-11-16 00:00:00-05:00,1.1170737008757115,1.1170737008757115,1.059737205505371,1.059737205505371,82000,0.0,0.0
2011-11-17 00:00:00-05:00,1.0577600958058295,1.134867787361145,1.0577600958058295,1.134867787361145,34000,0.0,0.0
2011-11-18 00:00:00-05:00,1.1032339139230327,1.2515180110931396,1.1032339139230327,1.2515180110931396,36000,0.0,0.0
2011-11-21 00:00:00-05:00,1.2218611340167127,1.235701043209327,1.1961586475372314,1.1961586475372314,9500,0.0,0.0
2011-11-22 00:00:00-05:00,1.2179068810150981,1.3068773846979949,1.2179068810150981,1.3049002885818481,40000,0.0,0.0
2011-11-23 00:00:00-05:00,1.332580038502268,1.3345571346937215,1.304900338285016,1.3187401294708252,20500,0.0,0.0
2011-11-25 00:00:00-05:00,1.3325799603514974,1.3385112485780108,1.3325799603514974,1.334557056427002,12000,0.0,0.0
2011-11-28 00:00:00-05:00,1.338511347770691,1.338511347770691,1.338511347770691,1.338511347770691,3000,0.0,0.0
2011-11-29 00:00:00-05:00,1.3622368154615527,1.3642139116247782,1.3029231056453632,1.3226944208145142,7500,0.0,0.0
2011-11-30 00:00:00-05:00,1.2811748325651244,1.6212397383448398,1.2653578273161237,1.366191029548645,87500,0.0,0.0
2011-12-01 00:00:00-05:00,1.3998021192588321,1.5619261264801025,1.3839851142017248,1.5619261264801025,57000,0.0,0.0
2011-12-02 00:00:00-05:00,1.607399906892207,1.607399906892207,1.54808619761629,1.565880298614502,6500,0.0,0.0
2011-12-05 00:00:00-05:00,1.5777429689556435,1.5816972790306143,1.4650470762718486,1.5223835706710815,25000,0.0,0.0
2011-12-06 00:00:00-05:00,1.5204064632278464,1.6133311583812904,1.5204064632278464,1.597514271736145,18000,0.0,0.0
2011-12-07 00:00:00-05:00,1.5816972613119127,1.5816972613119127,1.522383553616832,1.5500632524490356,20000,0.0,0.0
2011-12-08 00:00:00-05:00,1.5421548382984207,1.550063340965757,1.5322692394256592,1.5322692394256592,9000,0.0,0.0
2011-12-09 00:00:00-05:00,1.532269190414387,1.5421547889709473,1.532269190414387,1.5421547889709473,4000,0.0,0.0
2011-12-12 00:00:00-05:00,1.4769097566604614,1.4769097566604614,1.4769097566604614,1.4769097566604614,500,0.0,0.0
2011-12-13 00:00:00-05:00,1.4531843706846974,1.5006352663040161,1.4531843706846974,1.5006352663040161,3500,0.0,0.0
2011-12-14 00:00:00-05:00,1.5105209038759881,1.5856515003781841,1.4848183003763864,1.4927268028259277,70000,0.0,0.0
2011-12-15 00:00:00-05:00,1.4867953896642683,1.5006352983484879,1.3938706925409552,1.397825002670288,41500,0.0,0.0
2011-12-16 00:00:00-05:00,1.376076535090694,1.3859621332398173,1.3009459420191083,1.3365341424942017,8000,0.0,0.0
2011-12-19 00:00:00-05:00,1.2060441912153352,1.4610928908788614,1.2060441912153352,1.376076579093933,48000,0.0,0.0
2011-12-20 00:00:00-05:00,1.419573291844594,1.4709784984588623,1.419573291844594,1.4709784984588623,3000,0.0,0.0
2011-12-21 00:00:00-05:00,1.4432988474002368,1.5085438470005956,1.4432988474002368,1.4610929489135742,8000,0.0,0.0
2011-12-22 00:00:00-05:00,1.526337929451502,1.5302921218070225,1.4867954166681354,1.4887726306915283,8000,0.0,0.0
2011-12-23 00:00:00-05:00,1.4867953987774132,1.5164523124694824,1.4867953987774132,1.5164523124694824,3500,0.0,0.0
2011-12-27 00:00:00-05:00,1.4769098131860878,1.4867954118887434,1.3839851146737454,1.4175962209701538,16000,0.0,0.0
2011-12-28 00:00:00-05:00,1.3899164902537497,1.5124979821594795,1.3899164902537497,1.3998020887374878,31000,0.0,0.0
2011-12-29 00:00:00-05:00,1.318740055833114,1.3899164575160636,1.2851289510726929,1.2851289510726929,17500,0.0,0.0
2011-12-30 00:00:00-05:00,1.2396551349660756,1.2396551349660756,1.2159297466278076,1.2159297466278076,12500,0.0,0.0
2012-01-03 00:00:00-05:00,1.196158578666784,1.2653577671087142,1.196158578666784,1.209998369216919,15500,0.0,0.0
2012-01-04 00:00:00-05:00,1.202089839588883,1.312808632850647,1.1862729532983634,1.312808632850647,31500,0.0,0.0
2012-01-05 00:00:00-05:00,1.324671461921902,1.324671461921902,1.2851289510726929,1.2851289510726929,3500,0.0,0.0
2012-01-06 00:00:00-05:00,1.3108315981533527,1.3246715068817139,1.3108315981533527,1.3246715068817139,14500,0.0,0.0
2012-01-09 00:00:00-05:00,1.3246714427425914,1.3246714427425914,1.2890832424163818,1.2890832424163818,1500,0.0,0.0
2012-01-10 00:00:00-05:00,1.32467148979669,1.472955584526062,1.2238382912392416,1.472955584526062,62500,0.0,0.0
2012-01-11 00:00:00-05:00,1.4729555730297423,1.4729555730297423,1.3879393798083572,1.4512072801589966,22500,0.0,0.0
2012-01-12 00:00:00-05:00,1.4512072801589966,1.4512072801589966,1.4512072801589966,1.4512072801589966,0,0.0,0.0
2012-01-13 00:00:00-05:00,1.4512073586069065,1.4512073586069065,1.4353903532028198,1.4353903532028198,4000,0.0,0.0
2012-01-17 00:00:00-05:00,1.41364185438054,1.552040466387186,1.41364185438054,1.5500632524490356,21000,0.0,0.0
2012-01-18 00:00:00-05:00,1.573788766498536,1.7972034542995234,1.573788766498536,1.6212396621704102,39000,0.0,0.0
2012-01-19 00:00:00-05:00,1.5698345531309803,1.648919338902704,1.5698345531309803,1.6014684438705444,21500,0.0,0.0
2012-01-20 00:00:00-05:00,1.6093769636053012,1.6805533658542218,1.6093769636053012,1.6706677675247192,22000,0.0,0.0
2012-01-23 00:00:00-05:00,1.7003246110628427,1.7003246110628427,1.6607820987701416,1.6607820987701416,3000,0.0,0.0
2012-01-24 00:00:00-05:00,1.641010854690584,1.7003245625132268,1.641010854690584,1.6706677675247192,13000,0.0,0.0
2012-01-25 00:00:00-05:00,1.625194030965298,1.753706932067871,1.625194030965298,1.753706932067871,19500,0.0,0.0
2012-01-26 00:00:00-05:00,1.7991806555676075,1.7991806555676075,1.7853407472611296,1.793249249458313,7500,0.0,0.0
2012-01-27 00:00:00-05:00,1.7932492584624893,1.9138536524224488,1.7932492584624893,1.8881510496139526,8000,0.0,0.0
2012-01-30 00:00:00-05:00,1.8624484918580124,1.8624484918580124,1.8268604076995603,1.8308145999908447,13500,0.0,0.0
2012-01-31 00:00:00-05:00,1.8762883384065945,1.9276935435640017,1.870356932320547,1.9158307313919067,10500,0.0,0.0
2012-02-01 00:00:00-05:00,1.8387231204958876,1.9474648237228394,1.8387231204958876,1.9474648237228394,42500,0.0,0.0
2012-02-02 00:00:00-05:00,1.9751444753519538,1.9810757637023926,1.9751444753519538,1.9810757637023926,6500,0.0,0.0
2012-02-03 00:00:00-05:00,1.9929385963545485,1.9968927886283723,1.9771215915679932,1.9771215915679932,2500,0.0,0.0
2012-02-06 00:00:00-05:00,1.977121612597188,1.9968928098678589,1.939556314213787,1.9968928098678589,19500,0.0,0.0
2012-02-07 00:00:00-05:00,1.9949155202863684,2.091794524657126,1.9771215376933997,2.036435127258301,31000,0.0,0.0
2012-02-08 00:00:00-05:00,2.0206181764247186,2.0997032002973053,1.9672359915405753,2.074000597000122,5500,0.0,0.0
2012-02-09 00:00:00-05:00,2.0759776488029833,2.1748338732215298,2.072023456392146,2.155062675476074,12000,0.0,0.0
2012-02-10 00:00:00-05:00,2.157039483750332,2.352774703102381,2.157039483750332,2.2381014823913574,24000,0.0,0.0
2012-02-13 00:00:00-05:00,2.2460101176668474,2.3231176890457994,2.2242617074362445,2.2835752964019775,34500,0.0,0.0
2012-02-14 00:00:00-05:00,2.2855526504072032,2.303346633911133,2.1807652563397175,2.303346633911133,5500,0.0,0.0
2012-02-15 00:00:00-05:00,2.3211409166581,2.3211409166581,1.9553733987310307,2.0048015117645264,44500,0.0,0.0
2012-02-16 00:00:00-05:00,1.9336248878943827,2.162970985984119,1.9158307869657012,2.1214513778686523,75000,0.0,0.0
2012-02-17 00:00:00-05:00,2.111565762035692,2.125405788421631,2.0206181619999195,2.125405788421631,5000,0.0,0.0
2012-02-21 00:00:00-05:00,2.1550625976686972,2.170879602432251,2.1550625976686972,2.170879602432251,5500,0.0,0.0
2012-02-22 00:00:00-05:00,2.0601608148613555,2.072023391723633,2.0601608148613555,2.072023391723633,1500,0.0,0.0
2012-02-23 00:00:00-05:00,2.0423665874510872,2.091794580064416,1.9830529963150925,2.074000597000122,6500,0.0,0.0
2012-02-24 00:00:00-05:00,2.1352913814251187,2.1708795829001004,2.0601607862426596,2.0779547691345215,10000,0.0,0.0
2012-02-27 00:00:00-05:00,2.0403893724495124,2.0403893724495124,1.7794093830286608,1.9533960819244385,93500,0.0,0.0
2012-02-28 00:00:00-05:00,1.937579197447235,2.020618177962575,1.888151086950657,1.9771215915679932,68500,0.0,0.0
2012-02-29 00:00:00-05:00,2.020618236858593,2.020618236858593,1.9415334463119507,1.9415334463119507,4000,0.0,0.0
2012-03-01 00:00:00-05:00,1.9533960843881601,2.054229401518228,1.9217621926606796,1.9771215915679932,12000,0.0,0.0
2012-03-02 00:00:00-05:00,1.9573504305136753,1.9573504305136753,1.921762228012085,1.921762228012085,5000,0.0,0.0
2012-03-05 00:00:00-05:00,1.903968095779419,1.903968095779419,1.903968095779419,1.903968095779419,500,0.0,0.0
2012-03-06 00:00:00-05:00,1.9178080146161296,1.9178080146161296,1.88815110095989,1.9019910097122192,44500,0.0,0.0
2012-03-07 00:00:00-05:00,1.9474648425932575,2.1748338499213355,1.8584943358462631,1.9435105323791504,522500,0.0,0.0
2012-03-08 00:00:00-05:00,1.990961353411494,2.016663956354369,1.947464767649613,1.9830529689788818,57000,0.0,0.0
2012-03-09 00:00:00-05:00,1.9375792073254312,1.9949155848163398,1.903968101444052,1.9751445055007935,30000,0.0,0.0
2012-03-12 00:00:00-04:00,1.9672360062981444,2.056206393669564,1.9672360062981444,2.0225954055786133,178500,0.0,0.0
2012-03-13 00:00:00-04:00,1.9949155815081545,2.0937718028413665,1.9949155815081545,2.072023391723633,13500,0.0,0.0
2012-03-14 00:00:00-04:00,2.052252089961446,2.1847192925208465,2.0364350859269096,2.0937716960906982,32500,0.0,0.0
2012-03-15 00:00:00-04:00,2.1609940399454968,2.1609940399454968,2.099703233849081,2.1155202388763428,5500,0.0,0.0
2012-03-16 00:00:00-04:00,2.168902392242223,2.1748337985003263,2.103657394785601,2.1214513778686523,19000,0.0,0.0
2012-03-19 00:00:00-04:00,2.1155201500886083,2.1333141326904297,2.1155201500886083,2.1333141326904297,4500,0.0,0.0
2012-03-20 00:00:00-04:00,2.1669251693741214,2.176810767866674,2.1234285831451416,2.1234285831451416,7000,0.0,0.0
2012-03-21 00:00:00-04:00,2.166925104243192,2.1728565102986956,2.0878403186798096,2.0878403186798096,19000,0.0,0.0
2012-03-22 00:00:00-04:00,2.097726001712718,2.2341474037415394,2.097726001712718,2.1669251918792725,17000,0.0,0.0
2012-03-23 00:00:00-04:00,2.1768106597017494,2.1768106597017494,2.036435073806209,2.145176887512207,32500,0.0,0.0
2012-03-26 00:00:00-04:00,2.11354301342166,2.21437621369472,2.11354301342166,2.117497205734253,37500,0.0,0.0
2012-03-27 00:00:00-04:00,2.18274226693863,2.18274226693863,2.119474481033588,2.153085470199585,16500,0.0,0.0
2012-03-28 00:00:00-04:00,2.0799319908686034,2.1748337832594267,2.0799319908686034,2.172856569290161,53000,0.0,0.0
2012-03-29 00:00:00-04:00,2.1550625863318076,2.172856569290161,2.1076115722907667,2.172856569290161,3500,0.0,0.0
2012-03-30 00:00:00-04:00,2.172856651069793,2.2044906616210938,2.170879672717379,2.2044906616210938,19500,0.0,0.0
2012-04-02 00:00:00-04:00,2.151108512059261,2.196582078933716,2.151108512059261,2.196582078933716,22000,0.0,0.0
2012-04-03 00:00:00-04:00,2.196582078933716,2.196582078933716,2.196582078933716,2.196582078933716,0,0.0,0.0
2012-04-04 00:00:00-04:00,2.147153931841584,2.1629709362692275,2.1273827352298436,2.1313369274139404,3500,0.0,0.0
2012-04-05 00:00:00-04:00,2.145176896120419,2.145176896120419,2.1431996822357178,2.1431996822357178,4000,0.0,0.0
2012-04-09 00:00:00-04:00,2.1076116853126887,2.153085487823024,2.101680278778076,2.101680278778076,19000,0.0,0.0
2012-04-10 00:00:00-04:00,2.1056345192374697,2.3013695032847132,2.1056345192374697,2.188673496246338,45500,0.0,0.0
2012-04-11 00:00:00-04:00,2.2025133918045112,2.2638041973114014,2.184719408627033,2.2638041973114014,19000,0.0,0.0
2012-04-12 00:00:00-04:00,2.2638041973114014,2.2638041973114014,2.2638041973114014,2.2638041973114014,0,0.0,0.0
2012-04-13 00:00:00-04:00,2.2499643864265204,2.273689775682647,2.1847193892037264,2.267758369445801,30000,0.0,0.0
2012-04-16 00:00:00-04:00,2.2736897958969475,2.2736897958969475,2.2638041973114014,2.2638041973114014,2500,0.0,0.0
2012-04-17 00:00:00-04:00,2.2657814606033817,2.2677584389487486,2.2539186477661133,2.2539186477661133,3000,0.0,0.0
2012-04-18 00:00:00-04:00,2.190650788918992,2.190650788918992,2.0403893622341585,2.0759775638580322,34500,0.0,0.0
2012-04-19 00:00:00-04:00,2.095748661814255,2.1985590695811985,2.095748661814255,2.145176887512207,37000,0.0,0.0
2012-04-20 00:00:00-04:00,2.145176887512207,2.145176887512207,2.145176887512207,2.145176887512207,0,0.0,0.0
2012-04-23 00:00:00-04:00,2.1313369274139404,2.196581923370936,2.1313369274139404,2.1313369274139404,28000,0.0,0.0
2012-04-24 00:00:00-04:00,2.0759775604699002,2.157039562053578,2.0759775604699002,2.125405788421631,14000,0.0,0.0
2012-04-25 00:00:00-04:00,2.125405788421631,2.125405788421631,2.125405788421631,2.125405788421631,4000,0.0,0.0
2012-04-26 00:00:00-04:00,2.1748337745666504,2.1748337745666504,2.1748337745666504,2.1748337745666504,5500,0.0,0.0
2012-04-27 00:00:00-04:00,2.0898177149237847,2.1946051120758057,2.0779549017777925,2.1946051120758057,11500,0.0,0.0
2012-04-30 00:00:00-04:00,2.147154054963131,2.155062675476074,2.147154054963131,2.155062675476074,3000,0.0,0.0
2012-05-01 00:00:00-04:00,2.1748337745666504,2.1748337745666504,2.1748337745666504,2.1748337745666504,500,0.0,0.0
2012-05-02 00:00:00-04:00,2.1807651807594803,2.1807651807594803,2.1748337745666504,2.1748337745666504,3000,0.0,0.0
2012-05-03 00:00:00-04:00,2.2539186477661133,2.2539186477661133,2.2539186477661133,2.2539186477661133,1000,0.0,0.0
2012-05-04 00:00:00-04:00,2.247987163834297,2.26973557472229,2.157039563727929,2.26973557472229,22500,0.0,0.0
2012-05-07 00:00:00-04:00,2.24996440446614,2.24996440446614,2.174833808143311,2.216353416442871,18000,0.0,0.0
2012-05-08 00:00:00-04:00,2.2005364894866943,2.2005364894866943,2.2005364894866943,2.2005364894866943,1000,0.0,0.0
2012-05-09 00:00:00-04:00,2.3231177036612842,2.669114112854004,2.3231177036612842,2.669114112854004,82500,0.0,0.0
2012-05-10 00:00:00-04:00,2.6592286056622263,3.084309579500362,2.475356189587786,2.6987709999084473,67500,0.0,0.0
2012-05-11 00:00:00-04:00,2.71854211903755,2.918231298528458,2.714587926864624,2.714587926864624,34000,0.0,0.0
2012-05-14 00:00:00-04:00,2.6750457000810783,2.7284278869628906,2.625617469926785,2.7284278869628906,7000,0.0,0.0
2012-05-15 00:00:00-04:00,2.6335259195041205,2.767970102854551,2.5702579021453857,2.5702579021453857,47500,0.0,0.0
2012-05-16 00:00:00-04:00,2.520829916000366,2.520829916000366,2.520829916000366,2.520829916000366,500,0.0,0.0
2012-05-17 00:00:00-04:00,2.5702579073550296,2.625617304810503,2.520829916000366,2.520829916000366,48500,0.0,0.0
2012-05-18 00:00:00-04:00,2.5010588421021778,2.5920064449310303,2.5010588421021778,2.5920064449310303,6000,0.0,0.0
2012-05-21 00:00:00-04:00,2.61770892676092,2.61770892676092,2.5603723152369717,2.5682809352874756,4000,0.0,0.0
2012-05-22 00:00:00-04:00,2.491173247128875,2.5583954601843897,2.491173247128875,2.4951274394989014,7500,0.0,0.0
2012-05-23 00:00:00-04:00,2.4891959216374913,2.5663037300109863,2.4812875372515584,2.5663037300109863,7500,0.0,0.0
2012-05-24 00:00:00-04:00,2.5583953308446628,2.5583953308446628,2.520829916000366,2.520829916000366,5000,0.0,0.0
2012-05-25 00:00:00-04:00,2.3824316051004164,2.4061569944586405,2.350797595495277,2.3626604080200195,20500,0.0,0.0
2012-05-29 00:00:00-04:00,2.333003400926533,2.3685916031789325,2.3092780113220215,2.3092780113220215,6500,0.0,0.0
2012-05-30 00:00:00-04:00,2.3013696670532227,2.3013696670532227,2.3013696670532227,2.3013696670532227,500,0.0,0.0
2012-05-31 00:00:00-04:00,2.253918598725855,2.2736897958969475,2.251941620423503,2.2638041973114014,2500,0.0,0.0
2012-06-01 00:00:00-04:00,2.2321701049804688,2.2321701049804688,2.2321701049804688,2.2321701049804688,500,0.0,0.0
2012-06-04 00:00:00-04:00,2.2400786876678467,2.2400786876678467,2.2400786876678467,2.2400786876678467,500,0.0,0.0
2012-06-05 00:00:00-04:00,2.1946050339640526,2.2321702147705293,2.1946050339640526,2.2104220390319824,8500,0.0,0.0
2012-06-06 00:00:00-04:00,2.246010283214129,2.249964475631714,2.246010283214129,2.249964475631714,1000,0.0,0.0
2012-06-07 00:00:00-04:00,2.2736898376104064,2.303346633911133,2.2736898376104064,2.303346633911133,4500,0.0,0.0
2012-06-08 00:00:00-04:00,2.2736897468566895,2.333003337090656,2.2736897468566895,2.2736897468566895,9500,0.0,0.0
2012-06-11 00:00:00-04:00,2.2736897468566895,2.2736897468566895,2.2736897468566895,2.2736897468566895,500,0.0,0.0
2012-06-12 00:00:00-04:00,2.336957730408175,2.336957730408175,2.283575311434601,2.3290491104125977,8500,0.0,0.0
2012-06-13 00:00:00-04:00,2.3428888720307315,2.4259280846630547,2.3349804878234863,2.3349804878234863,3000,0.0,0.0
2012-06-14 00:00:00-04:00,2.3290491104125977,2.3290491104125977,2.3290491104125977,2.3290491104125977,500,0.0,0.0
2012-06-15 00:00:00-04:00,2.3765002571719096,2.3765002571719096,2.350797653198242,2.350797653198242,4000,0.0,0.0
2012-06-18 00:00:00-04:00,2.382431647190063,2.402202844619751,2.382431647190063,2.402202844619751,1500,0.0,0.0
2012-06-19 00:00:00-04:00,2.3567289677943237,2.368591544456851,2.18471936712073,2.22426176071167,19000,0.0,0.0
2012-06-20 00:00:00-04:00,2.2242617964473794,2.471401996052644,2.2242617964473794,2.313232183456421,26500,0.0,0.0
2012-06-21 00:00:00-04:00,2.313232112330054,2.441745125305128,2.265781334994068,2.376500129699707,4500,0.0,0.0
2012-06-22 00:00:00-04:00,2.285552494653634,2.285552494653634,2.1965818761232714,2.2381014823913574,4000,0.0,0.0
2012-06-25 00:00:00-04:00,2.2835753856969103,2.558395402423796,2.224261794411831,2.2657814025878906,38500,0.0,0.0
2012-06-26 00:00:00-04:00,2.226239016962831,2.2815984161801413,2.218330396679637,2.2638041973114014,14500,0.0,0.0
2012-06-27 00:00:00-04:00,2.2736897468566895,2.2736897468566895,2.2736897468566895,2.2736897468566895,2500,0.0,0.0
2012-06-28 00:00:00-04:00,2.2815983295440674,2.2815983295440674,2.2815983295440674,2.2815983295440674,1000,0.0,0.0
2012-06-29 00:00:00-04:00,2.24205583925417,2.3507976619622006,2.14517706509756,2.348820447921753,52500,0.0,0.0
2012-07-02 00:00:00-04:00,2.3468433442407783,2.4990817464870587,2.3468433442407783,2.4714019298553467,14500,0.0,0.0
2012-07-03 00:00:00-04:00,2.4674478200101526,2.5030360221862793,2.4674478200101526,2.5030360221862793,2500,0.0,0.0
2012-07-05 00:00:00-04:00,2.508967421653031,2.552464008331299,2.508967421653031,2.552464008331299,2000,0.0,0.0
2012-07-06 00:00:00-04:00,2.552464008331299,2.552464008331299,2.552464008331299,2.552464008331299,0,0.0,0.0
2012-07-09 00:00:00-04:00,2.554441213607788,2.554441213607788,2.554441213607788,2.554441213607788,1500,0.0,0.0
2012-07-10 00:00:00-04:00,2.558395336237686,2.558395336237686,2.4714019298553467,2.4714019298553467,2500,0.0,0.0
2012-07-11 00:00:00-04:00,2.4714019298553467,2.4714019298553467,2.4714019298553467,2.4714019298553467,0,0.0,0.0
2012-07-12 00:00:00-04:00,2.5287385851028117,2.5287385851028117,2.510944366455078,2.510944366455078,1500,0.0,0.0
2012-07-13 00:00:00-04:00,2.4911732255043213,2.4911732255043213,2.4516308307647705,2.4516308307647705,10000,0.0,0.0
2012-07-16 00:00:00-04:00,2.4536080360412598,2.4555850143564393,2.4536080360412598,2.4536080360412598,7000,0.0,0.0
2012-07-17 00:00:00-04:00,2.4041798305394795,2.408134258590916,2.3527748584747314,2.3527748584747314,9000,0.0,0.0
2012-07-18 00:00:00-04:00,2.3527749051442837,2.3527749051442837,2.206467899385709,2.3428890705108643,21000,0.0,0.0
2012-07-19 00:00:00-04:00,2.3428890705108643,2.3428890705108643,2.3428890705108643,2.3428890705108643,0,0.0,0.0
2012-07-20 00:00:00-04:00,2.3428890200827324,2.461516440526471,2.305323839187622,2.305323839187622,28500,0.0,0.0
2012-07-23 00:00:00-04:00,2.2756669121497137,2.2835752964019775,2.16099392634438,2.2835752964019775,20000,0.0,0.0
2012-07-24 00:00:00-04:00,2.1866962909698486,2.1866962909698486,2.1866962909698486,2.1866962909698486,1000,0.0,0.0
2012-07-25 00:00:00-04:00,2.1866962909698486,2.1866962909698486,2.1866962909698486,2.1866962909698486,0,0.0,0.0
2012-07-26 00:00:00-04:00,2.1866962909698486,2.1866962909698486,2.1866962909698486,2.1866962909698486,0,0.0,0.0
2012-07-27 00:00:00-04:00,2.220307658982209,2.2539186477661133,2.220307658982209,2.2539186477661133,1500,0.0,0.0
2012-07-30 00:00:00-04:00,2.0621377896796047,2.269735594868644,1.967235996485225,2.2657814025878906,22500,0.0,0.0
2012-07-31 00:00:00-04:00,2.1748337745666504,2.1985591636467117,2.1748337745666504,2.1748337745666504,4000,0.0,0.0
2012-08-01 00:00:00-04:00,2.170879721475094,2.1946051120758057,2.0482981046040853,2.1946051120758057,21500,0.0,0.0
2012-08-02 00:00:00-04:00,2.1906507169355853,2.2361245155334473,2.1273827002648638,2.2361245155334473,33000,0.0,0.0
2012-08-03 00:00:00-04:00,2.2934610843658447,2.2934610843658447,2.2934610843658447,2.2934610843658447,2000,0.0,0.0
2012-08-06 00:00:00-04:00,2.2934610843658447,2.2934610843658447,2.2934610843658447,2.2934610843658447,0,0.0,0.0
2012-08-07 00:00:00-04:00,2.0957488583079713,2.2479872703552246,2.0957488583079713,2.2479872703552246,17000,0.0,0.0
2012-08-08 00:00:00-04:00,2.2321701309077344,2.2756669521331787,2.2321701309077344,2.2756669521331787,10000,0.0,0.0
2012-08-09 00:00:00-04:00,2.2756669521331787,2.2756669521331787,2.2756669521331787,2.2756669521331787,2000,0.0,0.0
2012-08-10 00:00:00-04:00,2.244032893375263,2.4318594932556152,2.204490500914399,2.4318594932556152,190500,0.0,0.0
2012-08-13 00:00:00-04:00,2.467447877260357,2.5504868604704978,2.467447877260357,2.491173267364502,44500,0.0,0.0
2012-08-14 00:00:00-04:00,2.5069902646616686,2.5406012535095215,2.5010588582317497,2.5406012535095215,9500,0.0,0.0
2012-08-15 00:00:00-04:00,2.5208300142220206,2.5208300142220206,2.50105881690979,2.50105881690979,1500,0.0,0.0
2012-08-16 00:00:00-04:00,2.493150282740373,2.5010586669144725,2.408134092258182,2.483264684677124,33500,0.0,0.0
2012-08-17 00:00:00-04:00,2.483264813647176,2.501058796808667,2.283575392430792,2.3606832027435303,33500,0.0,0.0
2012-08-20 00:00:00-04:00,2.309278002600909,2.3112552165985107,2.2835753990883956,2.3112552165985107,3000,0.0,0.0
2012-08-21 00:00:00-04:00,2.283575271972478,2.283575271972478,2.234147281696477,2.2400786876678467,5500,0.0,0.0
2012-08-22 00:00:00-04:00,2.234147310256958,2.234147310256958,2.234147310256958,2.234147310256958,1500,0.0,0.0
2012-08-23 00:00:00-04:00,2.26973557472229,2.26973557472229,2.26973557472229,2.26973557472229,500,0.0,0.0
2012-08-24 00:00:00-04:00,2.26973557472229,2.26973557472229,2.26973557472229,2.26973557472229,0,0.0,0.0
2012-08-27 00:00:00-04:00,2.234147335625948,2.234147335625948,2.176810724107005,2.180765151977539,26500,0.0,0.0
2012-08-28 00:00:00-04:00,2.2222845668599485,2.2222845668599485,2.176810766680729,2.2203075885772705,3000,0.0,0.0
2012-08-29 00:00:00-04:00,2.1768107950114857,2.214376211166382,2.1768107950114857,2.214376211166382,4000,0.0,0.0
2012-08-30 00:00:00-04:00,2.178787955375557,2.1847193615372906,2.1768107414245605,2.1768107414245605,2500,0.0,0.0
2012-08-31 00:00:00-04:00,2.214376211166382,2.214376211166382,2.214376211166382,2.214376211166382,1000,0.0,0.0
2012-09-04 00:00:00-04:00,2.2143761709626077,2.2222845554351807,2.2143761709626077,2.2222845554351807,2000,0.0,0.0
2012-09-05 00:00:00-04:00,2.2499643634122037,2.360683159729961,2.2499643634122037,2.321140766143799,11000,0.0,0.0
2012-09-06 00:00:00-04:00,2.317186527043457,2.427905321121216,2.2598499160887684,2.427905321121216,6500,0.0,0.0
2012-09-07 00:00:00-04:00,2.427905321121216,2.427905321121216,2.427905321121216,2.427905321121216,0,0.0,0.0
2012-09-10 00:00:00-04:00,2.427905321121216,2.427905321121216,2.427905321121216,2.427905321121216,1000,0.0,0.0
2012-09-11 00:00:00-04:00,2.4674478432759748,2.4674478432759748,2.402202844619751,2.402202844619751,3000,0.0,0.0
2012-09-12 00:00:00-04:00,2.4022026919390074,2.4022026919390074,2.3765000897757824,2.384408473968506,10500,0.0,0.0
2012-09-13 00:00:00-04:00,2.465470523742033,2.5603723144812873,2.4318595366882616,2.4714019298553467,25500,0.0,0.0
2012-09-14 00:00:00-04:00,2.5406012535095215,2.5406012535095215,2.5406012535095215,2.5406012535095215,500,0.0,0.0
2012-09-17 00:00:00-04:00,2.5307155546264903,2.5307155546264903,2.5129215717315674,2.5129215717315674,5500,0.0,0.0
2012-09-18 00:00:00-04:00,2.5425784587860107,2.5425784587860107,2.5425784587860107,2.5425784587860107,500,0.0,0.0
2012-09-19 00:00:00-04:00,2.5485098483810043,2.5603724254304203,2.4417452407886704,2.4496536254882812,5500,0.0,0.0
2012-09-20 00:00:00-04:00,2.443722219117941,2.4496536254882812,2.4417452407886704,2.4496536254882812,2500,0.0,0.0
2012-09-21 00:00:00-04:00,2.441745196804742,2.5069901943206787,2.3725460070102278,2.5069901943206787,13500,0.0,0.0
2012-09-24 00:00:00-04:00,2.5069901209105496,2.522807125252963,2.372545937536917,2.376500129699707,38000,0.0,0.0
2012-09-25 00:00:00-04:00,2.3942941122778887,2.5603723043363473,2.376500129699707,2.376500129699707,18000,0.0,0.0
2012-09-26 00:00:00-04:00,2.39034001180502,2.5247842003357337,2.3863858194905534,2.4061570167541504,29000,0.0,0.0
2012-09-27 00:00:00-04:00,2.3725459575653076,2.3725459575653076,2.3725459575653076,2.3725459575653076,1000,0.0,0.0
2012-09-28 00:00:00-04:00,2.273689728328668,2.540601117897745,2.273689728328668,2.4714019298553467,19500,0.0,0.0
2012-10-01 00:00:00-04:00,2.4694247213384344,2.4694247213384344,2.421973943710327,2.421973943710327,1000,0.0,0.0
2012-10-02 00:00:00-04:00,2.5504868085316796,2.560372407181366,2.4140654057512516,2.4536080360412598,20500,0.0,0.0
2012-10-03 00:00:00-04:00,2.4536080360412598,2.4536080360412598,2.4536080360412598,2.4536080360412598,0,0.0,0.0
2012-10-04 00:00:00-04:00,2.4536078947934876,2.5307154655456543,2.4536078947934876,2.5307154655456543,4000,0.0,0.0
2012-10-05 00:00:00-04:00,2.4891960620880127,2.4891960620880127,2.4891960620880127,2.4891960620880127,1000,0.0,0.0
2012-10-08 00:00:00-04:00,2.4891960620880127,2.4891960620880127,2.4891960620880127,2.4891960620880127,0,0.0,0.0
2012-10-09 00:00:00-04:00,2.4891960620880127,2.4891960620880127,2.4891960620880127,2.4891960620880127,0,0.0,0.0
2012-10-10 00:00:00-04:00,2.516875723830244,2.520829916000366,2.516875723830244,2.520829916000366,2000,0.0,0.0
2012-10-11 00:00:00-04:00,2.414065361022949,2.414065361022949,2.414065361022949,2.414065361022949,6000,0.0,0.0
2012-10-12 00:00:00-04:00,2.45558500289917,2.45558500289917,2.45558500289917,2.45558500289917,500,0.0,0.0
2012-10-15 00:00:00-04:00,2.414065366155111,2.4615163803100586,2.414065366155111,2.4615163803100586,5000,0.0,0.0
2012-10-16 00:00:00-04:00,2.4714019212039013,2.473379135131836,2.4714019212039013,2.473379135131836,1000,0.0,0.0
2012-10-17 00:00:00-04:00,2.449653636968907,2.449653636968907,2.443722230570768,2.447676658630371,2000,0.0,0.0
2012-10-18 00:00:00-04:00,2.5208298805547535,2.5208298805547535,2.4793102741241455,2.4793102741241455,1500,0.0,0.0
2012-10-19 00:00:00-04:00,2.4753562620646496,2.493150481411209,2.4753562620646496,2.491173267364502,4500,0.0,0.0
2012-10-22 00:00:00-04:00,2.518852902343118,2.518852902343118,2.4793102741241455,2.4793102741241455,3500,0.0,0.0
2012-10-23 00:00:00-04:00,2.479310269932151,2.4812874838316947,2.4318594932556152,2.4318594932556152,18000,0.0,0.0
2012-10-24 00:00:00-04:00,2.501058794738731,2.5069902010180725,2.421974006190869,2.457562208175659,10500,0.0,0.0
2012-10-25 00:00:00-04:00,2.5168756724470795,2.5168756724470795,2.4338364601135254,2.4338364601135254,7000,0.0,0.0
2012-10-26 00:00:00-04:00,2.4358137427219333,2.4358137427219333,2.244032946217695,2.323117733001709,23000,0.0,0.0
2012-10-31 00:00:00-04:00,2.372546089511734,2.4891960620880127,2.3705688754580603,2.4891960620880127,6500,0.0,0.0
2012-11-01 00:00:00-04:00,2.4911732182536745,2.5307156128781356,2.4259282199850616,2.50105881690979,21500,0.0,0.0
2012-11-02 00:00:00-04:00,2.473379242148029,2.473379242148029,2.4318596333949953,2.4516308307647705,5000,0.0,0.0
2012-11-05 00:00:00-05:00,2.445699298822578,2.4773333072662354,2.445699298822578,2.4773333072662354,11000,0.0,0.0
2012-11-06 00:00:00-05:00,2.4773334484833147,2.544555425643921,2.473379256125267,2.544555425643921,6500,0.0,0.0
2012-11-07 00:00:00-05:00,2.477333291723858,2.479310269932151,2.4318594932556152,2.4318594932556152,13000,0.0,0.0
2012-11-08 00:00:00-05:00,2.3824315071105957,2.427905305663415,2.3765001010921845,2.3824315071105957,7500,0.0,0.0
2012-11-09 00:00:00-05:00,2.4417450870103856,2.4812874794006348,2.4417450870103856,2.4812874794006348,4000,0.0,0.0
2012-11-12 00:00:00-05:00,2.4812874794006348,2.4812874794006348,2.4812874794006348,2.4812874794006348,0,0.0,0.0
2012-11-13 00:00:00-05:00,2.570257899808199,2.675045524001911,2.5623495154911753,2.6196861267089844,63500,0.0,0.0
2012-11-14 00:00:00-05:00,2.6216632940939726,2.6295719146728516,2.4714020956992426,2.6295719146728516,32000,0.0,0.0
2012-11-15 00:00:00-05:00,2.572235222978996,2.6453888416290283,2.572235222978996,2.6453888416290283,12500,0.0,0.0
2012-11-16 00:00:00-05:00,2.54060109884889,2.6671368974495775,2.54060109884889,2.572235107421875,17500,0.0,0.0
2012-11-19 00:00:00-05:00,2.560372371338624,2.742267572499504,2.560372371338624,2.653297185897827,28500,0.0,0.0
2012-11-20 00:00:00-05:00,2.653297185897827,2.653297185897827,2.653297185897827,2.653297185897827,0,0.0,0.0
2012-11-21 00:00:00-05:00,2.6513199579698172,2.6513199579698172,2.607823371887207,2.607823371887207,13500,0.0,0.0
2012-11-23 00:00:00-05:00,2.6098006729239898,2.6098006729239898,2.590029239654541,2.590029239654541,19500,0.0,0.0
2012-11-26 00:00:00-05:00,2.570258020678457,2.5900292180920403,2.54653263092041,2.54653263092041,26500,0.0,0.0
2012-11-27 00:00:00-05:00,2.5406012855440525,2.5880523018904507,2.5406012855440525,2.582120895385742,7500,0.0,0.0
2012-11-28 00:00:00-05:00,2.5603724511484076,2.6394574773952186,2.5406012535095215,2.5406012535095215,24000,0.0,0.0
2012-11-29 00:00:00-05:00,2.597937718662646,2.597937718662646,2.538624129157272,2.5702579021453857,8000,0.0,0.0
2012-11-30 00:00:00-05:00,2.566303721352036,2.5702579135316603,2.566303721352036,2.5682809352874756,7000,0.0,0.0
2012-12-03 00:00:00-05:00,2.5702579021453857,2.5702579021453857,2.5702579021453857,2.5702579021453857,1000,0.0,0.0
2012-12-04 00:00:00-05:00,2.540601155722202,2.60584615255751,2.540601155722202,2.5603723526000977,15500,0.0,0.0
2012-12-05 00:00:00-05:00,2.605846149240145,2.6098005771636963,2.605846149240145,2.6098005771636963,4500,0.0,0.0
2012-12-06 00:00:00-05:00,2.6098005771636963,2.6098005771636963,2.6098005771636963,2.6098005771636963,0,0.0,0.0
2012-12-07 00:00:00-05:00,2.5860750257475766,2.595960624454368,2.5386242462314828,2.54653263092041,20000,0.0,0.0
2012-12-10 00:00:00-05:00,2.623640410300493,2.673068403232574,2.617709004010391,2.6493430137634277,19500,0.0,0.0
2012-12-11 00:00:00-05:00,2.738313318975048,2.7679701138454944,2.7343591267972394,2.7620387077331543,17000,0.0,0.0
2012-12-12 00:00:00-05:00,2.767970085144043,2.767970085144043,2.750176102682785,2.767970085144043,13000,0.0,0.0
2012-12-13 00:00:00-05:00,2.7145879499442542,2.767970133960744,2.71063375773771,2.758084535598755,11000,0.0,0.0
2012-12-14 00:00:00-05:00,2.7205193042755127,2.7205193042755127,2.671091077715888,2.7205193042755127,33000,0.0,0.0
2012-12-17 00:00:00-05:00,2.728427692393468,2.767970085144043,2.728427692393468,2.767970085144043,14000,0.0,0.0
2012-12-18 00:00:00-05:00,2.779832946271633,2.787741330684722,2.758084535598755,2.758084535598755,26500,0.0,0.0
2012-12-19 00:00:00-05:00,2.742267669457605,2.742267669457605,2.73040509223938,2.73040509223938,2000,0.0,0.0
2012-12-20 00:00:00-05:00,2.767970085144043,2.7699472990580727,2.7600617008704287,2.767970085144043,21000,0.0,0.0
2012-12-21 00:00:00-05:00,2.767970287929421,2.7857645073855606,2.416042683837089,2.6315488815307617,57000,0.0,0.0
2012-12-24 00:00:00-05:00,2.728427740512788,2.7659931557030997,2.728427740512788,2.758084535598755,9000,0.0,0.0
2012-12-26 00:00:00-05:00,2.7481988647143436,2.7481988647143436,2.5406010688996314,2.724473476409912,30500,0.0,0.0
2012-12-27 00:00:00-05:00,2.6493430602464474,2.783787250518799,2.6196862639668668,2.783787250518799,15500,0.0,0.0
2012-12-28 00:00:00-05:00,2.783787208359657,2.783787208359657,2.7106338257828186,2.7442448139190674,19000,0.0,0.0
2012-12-31 00:00:00-05:00,2.734359248129008,2.7877414341262896,2.7185422430246704,2.785764455795288,29500,0.0,0.0
2013-01-02 00:00:00-05:00,2.815421120284956,2.9992932951779654,2.8075125002570958,2.9577739238739014,62500,0.0,0.0
2013-01-03 00:00:00-05:00,2.9518427117945407,2.9518427117945407,2.8470553161451444,2.8707807064056396,34000,0.0,0.0
2013-01-04 00:00:00-05:00,2.866826436066839,2.9063688306567936,2.8569408374193506,2.8865976333618164,22500,0.0,0.0
2013-01-07 00:00:00-05:00,2.8865975220794287,2.977545120406671,2.8865975220794287,2.9577739238739014,34500,0.0,0.0
2013-01-08 00:00:00-05:00,2.9894077370259304,3.1950285608319327,2.9894077370259304,3.1910741329193115,34000,0.0,0.0
2013-01-09 00:00:00-05:00,3.202937061654416,3.3492440646910455,3.1851428424748347,3.311678647994995,40500,0.0,0.0
2013-01-10 00:00:00-05:00,3.3512211649692296,3.390763558659986,3.3512211649692296,3.38285493850708,37500,0.0,0.0
2013-01-11 00:00:00-05:00,3.4204204828484923,3.4421688944746394,3.353198269625752,3.3571524620056152,31000,0.0,0.0
2013-01-14 00:00:00-05:00,3.361106814076319,3.446123008931714,3.2721361912392113,3.276090383529663,35500,0.0,0.0
2013-01-15 00:00:00-05:00,3.3927406151809594,3.3947178291876035,3.361106840913498,3.3670380115509033,18000,0.0,0.0
2013-01-16 00:00:00-05:00,3.4480999205230516,3.4500771344756562,3.4006491425731054,3.434260129928589,16000,0.0,0.0
2013-01-17 00:00:00-05:00,3.4342602698710682,3.4560086814709186,3.3354042820376892,3.454031467437744,13500,0.0,0.0
2013-01-18 00:00:00-05:00,3.4401916762793245,3.454031467437744,3.4065806875542286,3.454031467437744,15000,0.0,0.0
2013-01-22 00:00:00-05:00,3.4560086727142334,3.457985651051132,3.361106877496394,3.4560086727142334,27500,0.0,0.0
2013-01-23 00:00:00-05:00,3.450077286540082,3.4560086929680707,3.3709924960102864,3.452054500579834,30500,0.0,0.0
2013-01-24 00:00:00-05:00,3.4540313847325375,3.4540313847325375,3.3709924040790824,3.4223973751068115,4000,0.0,0.0
2013-01-25 00:00:00-05:00,3.4105348912751845,3.452054500579834,3.3828550731749956,3.452054500579834,14500,0.0,0.0
2013-01-28 00:00:00-05:00,3.4599628025676443,3.4599628025676443,3.3709924153504733,3.4204204082489014,36000,0.0,0.0
2013-01-29 00:00:00-05:00,3.4401915419468434,3.4401915419468434,3.3769235236509547,3.3848321437835693,6000,0.0,0.0
2013-01-30 00:00:00-05:00,3.4401915127617597,3.4401915127617597,3.390763521194458,3.390763521194458,7500,0.0,0.0
2013-01-31 00:00:00-05:00,3.45007727023814,3.45007727023814,3.321564250543191,3.3591296672821045,13000,0.0,0.0
2013-02-01 00:00:00-05:00,3.3057474397164155,3.420420431146693,3.283999028419009,3.319587230682373,28500,0.0,0.0
2013-02-04 00:00:00-05:00,3.3116785408424154,3.4303059577941895,3.3116785408424154,3.4303059577941895,65500,0.0,0.0
2013-02-05 00:00:00-05:00,3.3887863500765056,3.4342601500312884,3.3887863500765056,3.4303059577941895,3500,0.0,0.0
2013-02-06 00:00:00-05:00,3.4342602981602863,3.4342602981602863,3.400649309158325,3.400649309158325,14000,0.0,0.0
2013-02-07 00:00:00-05:00,3.370992422103882,3.380878020703372,3.370992422103882,3.370992422103882,13500,0.0,0.0
2013-02-08 00:00:00-05:00,3.378900717579238,3.3887863159179688,3.378900717579238,3.3887863159179688,3500,0.0,0.0
2013-02-11 00:00:00-05:00,3.343312530551392,3.4579855189035618,3.343312530551392,3.434260129928589,8000,0.0,0.0
2013-02-12 00:00:00-05:00,3.3611066978394986,3.3966948986053467,3.3611066978394986,3.3966948986053467,6500,0.0,0.0
2013-02-13 00:00:00-05:00,3.406580578257972,3.4085575565364508,3.3215641486194016,3.3314497470855713,15500,0.0,0.0
2013-02-14 00:00:00-05:00,3.372969259188287,3.372969259188287,3.3334268664459015,3.3512210845947266,5500,0.0,0.0
2013-02-15 00:00:00-05:00,3.2958617383739788,3.2958617383739788,3.29190731048584,3.29190731048584,12500,0.0,0.0
2013-02-19 00:00:00-05:00,3.28399891213246,3.355175314138828,3.28399891213246,3.3433125019073486,23500,0.0,0.0
2013-02-20 00:00:00-05:00,3.3334268685212325,3.3334268685212325,3.291907261839377,3.301792860031128,23000,0.0,0.0
2013-02-21 00:00:00-05:00,3.2820217408434953,3.2958617671904773,3.2820217408434953,3.285975933074951,9500,0.0,0.0
2013-02-22 00:00:00-05:00,3.33738112449646,3.33738112449646,3.33738112449646,3.33738112449646,500,0.0,0.0
2013-02-25 00:00:00-05:00,3.2820217469037862,3.2978387515500738,3.1633945655935176,3.2365479469299316,42000,0.0,0.0
2013-02-26 00:00:00-05:00,3.1890970821648397,3.2523648633423305,3.149554689467502,3.1574630737304688,29500,0.0,0.0
2013-02-27 00:00:00-05:00,3.0961724884777837,3.3413357175457232,3.0961724884777837,3.256319284439087,6500,0.0,0.0
2013-02-28 00:00:00-05:00,3.256319284439087,3.256319284439087,3.256319284439087,3.256319284439087,0,0.0,0.0
2013-03-01 00:00:00-05:00,3.234570891391121,3.2523648738861084,3.234570891391121,3.2523648738861084,2500,0.0,0.0
2013-03-04 00:00:00-05:00,3.2325938579291194,3.311678647994995,3.2325938579291194,3.311678647994995,4500,0.0,0.0
2013-03-05 00:00:00-05:00,3.2978387370436764,3.3413355585524496,3.163394551678508,3.1910741329193115,30500,0.0,0.0
2013-03-06 00:00:00-05:00,3.2009597226170303,3.204914150518902,3.193051338195801,3.193051338195801,9000,0.0,0.0
2013-03-07 00:00:00-05:00,3.2622506403288236,3.2622506403288236,3.2187540531158447,3.2187540531158447,1000,0.0,0.0
2013-03-08 00:00:00-05:00,3.1851428576353906,3.212822675704956,3.1831658792890933,3.212822675704956,17000,0.0,0.0
2013-03-11 00:00:00-04:00,3.214799820488605,3.2701592197439044,3.163394613531984,3.2266623973846436,26500,0.0,0.0
2013-03-12 00:00:00-04:00,3.0941954427458587,3.226662417573665,3.0862868224077538,3.222708225250244,14000,0.0,0.0
2013-03-13 00:00:00-04:00,3.222708225250244,3.222708225250244,3.222708225250244,3.222708225250244,500,0.0,0.0
2013-03-14 00:00:00-04:00,3.4560086811376314,3.6062698769063832,3.4461230823552467,3.5983614921569824,179500,0.0,0.0
2013-03-15 00:00:00-04:00,3.580567298467608,3.6201096938791304,3.3591296956100685,3.5449790954589844,44000,0.0,0.0
2013-03-18 00:00:00-04:00,3.404603390316444,3.5192763805389404,3.404603390316444,3.5192763805389404,25500,0.0,0.0
2013-03-19 00:00:00-04:00,3.519276351735076,3.533116142441994,3.4955509625673225,3.525207757949829,33000,0.0,0.0
2013-03-20 00:00:00-04:00,3.554864656300072,3.558818848660689,3.398672054679949,3.408557653427124,21000,0.0,0.0
2013-03-21 00:00:00-04:00,3.519276378364971,3.519276378364971,3.47182559967041,3.47182559967041,3500,0.0,0.0
2013-03-22 00:00:00-04:00,3.4500772740650705,3.4500772740650705,3.406580686569214,3.406580686569214,6000,0.0,0.0
2013-03-25 00:00:00-04:00,3.4599628159505156,3.4658942222595215,3.4599628159505156,3.4658942222595215,9000,0.0,0.0
2013-03-26 00:00:00-04:00,3.477756701263684,3.5667273220111175,3.4599627185289505,3.4856653213500977,9000,0.0,0.0
2013-03-27 00:00:00-04:00,3.4283288347305643,3.459962844848633,3.420420450046679,3.459962844848633,6000,0.0,0.0
2013-03-28 00:00:00-04:00,3.3808780552447257,3.459962844848633,3.272136233848089,3.459962844848633,10500,0.0,0.0
2013-04-01 00:00:00-04:00,3.5093908152347217,3.6023156309602284,3.5054366229188254,3.560796022415161,75500,0.0,0.0
2013-04-02 00:00:00-04:00,3.586498590359708,3.647789395566359,3.586498590359708,3.6161553859710693,17000,0.0,0.0
2013-04-03 00:00:00-04:00,3.616155484493401,3.616155484493401,3.596384286880493,3.596384286880493,6000,0.0,0.0
2013-04-04 00:00:00-04:00,3.602315610997107,3.950289011001587,3.5568418103881476,3.950289011001587,233500,0.0,0.0
2013-04-05 00:00:00-04:00,3.8751584255058495,3.879112617810909,3.794096422641451,3.8514328002929688,61000,0.0,0.0
2013-04-08 00:00:00-04:00,3.796073307357258,3.8534099192864204,3.7585081278484584,3.774325132369995,41000,0.0,0.0
2013-04-09 00:00:00-04:00,3.794096357359786,3.9265633292932396,3.794096357359786,3.8652727603912354,39000,0.0,0.0
2013-04-10 00:00:00-04:00,3.9344720349377393,3.9443576335906982,3.8850440416729466,3.9443576335906982,14500,0.0,0.0
2013-04-11 00:00:00-04:00,3.954243209789938,4.053099195758182,3.8949296182089914,4.045190811157227,73000,0.0,0.0
2013-04-12 00:00:00-04:00,4.053099178302392,4.053099178302392,4.029374024601706,4.049145221710205,27500,0.0,0.0
2013-04-15 00:00:00-04:00,4.061007533464705,4.061007533464705,3.560795967412065,3.861318349838257,107500,0.0,0.0
2013-04-16 00:00:00-04:00,3.9186549100005714,3.9898310767083376,3.894929521097983,3.9206321239471436,12000,0.0,0.0
2013-04-17 00:00:00-04:00,3.9522659757384315,3.9522659757384315,3.8336387931785088,3.904815196990967,4500,0.0,0.0
2013-04-18 00:00:00-04:00,3.7545540112211997,3.8553872108459473,3.7545540112211997,3.8553872108459473,22500,0.0,0.0
2013-04-19 00:00:00-04:00,3.572658904601275,3.85538731390616,3.4658942958461667,3.738737106323242,32000,0.0,0.0
2013-04-22 00:00:00-04:00,3.9542430997107614,3.9542430997107614,3.8553871164944944,3.9226090908050537,28500,0.0,0.0
2013-04-23 00:00:00-04:00,3.914700789015228,3.9542431831359863,3.87515839489447,3.9542431831359863,8500,0.0,0.0
2013-04-24 00:00:00-04:00,3.938426069979898,4.0491451004392465,3.768393685662736,3.9759912490844727,21500,0.0,0.0
2013-04-25 00:00:00-04:00,3.6616291918787014,3.970059960976531,3.6616291918787014,3.952265977859497,7500,0.0,0.0
2013-04-26 00:00:00-04:00,3.9107467062274393,3.9483118874173377,3.742691290818044,3.7881650924682617,16500,0.0,0.0
2013-04-29 00:00:00-04:00,3.916677794059901,3.9502890178451397,3.6398807976326344,3.9008610248565674,29500,0.0,0.0
2013-04-30 00:00:00-04:00,3.9107465744018555,4.029373991777749,3.7683937678272867,3.9107465744018555,11000,0.0,0.0
2013-05-01 00:00:00-04:00,3.9107465779428687,3.9107465779428687,3.861318349838257,3.861318349838257,1500,0.0,0.0
2013-05-02 00:00:00-04:00,3.892952391110945,3.892952391110945,3.780256378933429,3.8553872108459473,19500,0.0,0.0
2013-05-03 00:00:00-04:00,3.871204038141371,3.9483118495100276,3.7683938586744268,3.84352445602417,54000,0.0,0.0
2013-05-06 00:00:00-04:00,3.8079361085070187,3.9087693058063384,3.8079361085070187,3.873181104660034,27500,0.0,0.0
2013-05-07 00:00:00-04:00,3.8336388893780504,4.029374122619629,3.7723480825742497,4.029374122619629,18000,0.0,0.0
2013-05-08 00:00:00-04:00,4.025419683079351,4.031351089477539,3.960174684081812,4.031351089477539,16000,0.0,0.0
2013-05-09 00:00:00-04:00,4.049145307589097,4.049145307589097,3.96412911108118,3.983900308609009,9500,0.0,0.0
2013-05-10 00:00:00-04:00,3.9661061992107185,4.009603023529053,3.9661061992107185,4.009603023529053,1500,0.0,0.0
2013-05-13 00:00:00-04:00,4.003671494605474,4.003671494605474,3.85538727788258,3.985877275466919,35000,0.0,0.0
2013-05-14 00:00:00-04:00,4.033327861473334,4.120321503274528,3.974014271908433,4.072870254516602,122500,0.0,0.0
2013-05-15 00:00:00-04:00,3.9918085114501083,4.072870276205729,3.861318283744675,3.8751583099365234,37000,0.0,0.0
2013-05-16 00:00:00-04:00,4.031351199996948,4.051122398072091,3.9680831776034693,4.009603023529053,21500,0.0,0.0
2013-05-17 00:00:00-04:00,3.9759911479365906,4.2013831595951565,3.9759911479365906,4.191497325897217,68500,0.0,0.0
2013-05-20 00:00:00-04:00,4.250811387295308,4.250811387295308,4.074847601279674,4.094618797302246,63500,0.0,0.0
2013-05-21 00:00:00-04:00,4.116367201744024,4.151955168022117,4.112412773765337,4.144046783447266,71000,0.0,0.0
2013-05-22 00:00:00-04:00,4.144046981411867,4.144046981411867,4.104504585266113,4.104504585266113,3500,0.0,0.0
2013-05-23 00:00:00-04:00,4.072870157556225,4.1460235358065,4.072870157556225,4.092641353607178,16500,0.0,0.0
2013-05-24 00:00:00-04:00,4.070893372894681,4.151955139142485,4.070893372894681,4.149978160858154,8000,0.0,0.0
2013-05-28 00:00:00-04:00,4.149978247704404,4.149978247704404,4.122298665614443,4.132184028625488,17000,0.0,0.0
2013-05-29 00:00:00-04:00,4.149978241668235,4.149978241668235,4.110435846916512,4.134161472320557,10000,0.0,0.0
2013-05-30 00:00:00-04:00,4.120321456863188,4.120321456863188,4.082756042480469,4.082756042480469,25500,0.0,0.0
2013-05-31 00:00:00-04:00,4.082756253375105,4.116367241681211,3.845501649841306,3.8474786281585693,93500,0.0,0.0
2013-06-03 00:00:00-04:00,3.928540667644499,3.999717072929566,3.6576750733089085,3.744668483734131,106500,0.0,0.0
2013-06-04 00:00:00-04:00,3.70512571106163,3.9067921064112556,3.70512571106163,3.7248969078063965,10500,0.0,0.0
2013-06-05 00:00:00-04:00,3.7268741888420163,3.7604851767748744,3.6576749989897306,3.6636064052581787,7500,0.0,0.0
2013-06-06 00:00:00-04:00,3.671514723733778,3.8455015379172326,3.6280181380335423,3.7248969078063965,12000,0.0,0.0
2013-06-07 00:00:00-04:00,3.734782881077012,3.734782881077012,3.6972174644470215,3.6972174644470215,8500,0.0,0.0
2013-06-10 00:00:00-04:00,3.697217385056546,3.815844567399465,3.697217385056546,3.809913396835327,13000,0.0,0.0
2013-06-11 00:00:00-04:00,3.7842108565438974,3.914700853570754,3.756531038788155,3.8929524421691895,16000,0.0,0.0
2013-06-12 00:00:00-04:00,3.934471908617072,3.934471908617072,3.813867514646612,3.873181104660034,3000,0.0,0.0
2013-06-13 00:00:00-04:00,3.7940964295234854,3.802004814147949,3.7940964295234854,3.802004814147949,3500,0.0,0.0
2013-06-14 00:00:00-04:00,3.8000278633738334,3.8000278633738334,3.705125833044998,3.7486226558685303,12500,0.0,0.0
2013-06-17 00:00:00-04:00,3.7525768975439227,3.7802564799852836,3.7367598922811736,3.738737106323242,16000,0.0,0.0
2013-06-18 00:00:00-04:00,3.722920012064496,3.7664165987288247,3.722920012064496,3.756531000137329,9000,0.0,0.0
2013-06-19 00:00:00-04:00,3.885044017518036,3.885044017518036,3.756531000137329,3.756531000137329,2500,0.0,0.0
2013-06-20 00:00:00-04:00,3.7288514097081236,3.8613183833886415,3.633949616311648,3.7585082054138184,42500,0.0,0.0
2013-06-21 00:00:00-04:00,3.8474784810963456,3.8474784810963456,3.758508096556111,3.7802562713623047,35000,0.0,0.0
2013-06-24 00:00:00-04:00,3.760485192435675,3.9265633901875616,3.756531000137329,3.756531000137329,27500,0.0,0.0
2013-06-25 00:00:00-04:00,3.7802564720079426,3.7881650924682617,3.687331890360878,3.7881650924682617,4000,0.0,0.0
2013-06-26 00:00:00-04:00,3.924586476461405,3.930517882852154,3.7861878582119126,3.792119264602661,11500,0.0,0.0
2013-06-27 00:00:00-04:00,3.8237531559998192,3.84945575909971,3.766416543593715,3.8158445358276367,17000,0.0,0.0
2013-06-28 00:00:00-04:00,3.8553872282892905,3.8553872282892905,3.8415472016846888,3.8514328002929688,4500,0.0,0.0
2013-07-01 00:00:00-04:00,3.85538714192233,3.938426121233418,3.8395701373651563,3.8692269325256348,35000,0.0,0.0
2013-07-02 00:00:00-04:00,3.8692269325256348,3.8692269325256348,3.8692269325256348,3.8692269325256348,0,0.0,0.0
2013-07-03 00:00:00-04:00,3.8118904058598497,3.8514328002929688,3.7763022037317904,3.8514328002929688,4000,0.0,0.0
2013-07-05 00:00:00-04:00,3.8514328813083165,3.85538730938782,3.803982101266946,3.835616111755371,11000,0.0,0.0
2013-07-08 00:00:00-04:00,3.835616042480557,3.85538723975592,3.796073412238569,3.8494558334350586,18000,0.0,0.0
2013-07-09 00:00:00-04:00,3.8534100142911294,3.8553872282892905,3.84945582198607,3.8514328002929688,16000,0.0,0.0
2013-07-10 00:00:00-04:00,3.8494557244113525,3.871203899383545,3.8494557244113525,3.871203899383545,10500,0.0,0.0
2013-07-11 00:00:00-04:00,3.9384262966962997,3.9384262966962997,3.8751585113401874,3.9305179119110107,9500,0.0,0.0
2013-07-12 00:00:00-04:00,3.9305178024599297,3.952265977859497,3.9305178024599297,3.952265977859497,14500,0.0,0.0
2013-07-15 00:00:00-04:00,3.9542434148791554,4.043214042556352,3.9502892223735913,4.003671646118164,15000,0.0,0.0
2013-07-16 00:00:00-04:00,4.051122177141091,4.053099155426025,4.035304936714054,4.053099155426025,26500,0.0,0.0
2013-07-17 00:00:00-04:00,4.05309932993291,4.130207142955491,4.047167923440209,4.1143903732299805,22500,0.0,0.0
2013-07-18 00:00:00-04:00,4.106481424861231,4.132184028625488,4.106481424861231,4.132184028625488,8000,0.0,0.0
2013-07-19 00:00:00-04:00,4.132184133239976,4.207314968109131,4.126252726730172,4.207314968109131,32000,0.0,0.0
2013-07-22 00:00:00-04:00,4.250811729103939,4.349667717165826,4.211269333879184,4.316056728363037,85500,0.0,0.0
2013-07-23 00:00:00-04:00,4.327919000345458,4.329896450042725,4.29035405545277,4.329896450042725,15500,0.0,0.0
2013-07-24 00:00:00-04:00,4.329896352284707,4.349667549133301,4.320010518169152,4.349667549133301,24500,0.0,0.0
2013-07-25 00:00:00-04:00,4.349667394932861,4.381301403045654,4.3417590107502875,4.381301403045654,21000,0.0,0.0
2013-07-26 00:00:00-04:00,4.383278387138438,4.383278387138438,4.37141557515738,4.379323959350586,19500,0.0,0.0
2013-07-29 00:00:00-04:00,4.391187161902317,4.39711856842041,4.3852557553842235,4.39711856842041,44500,0.0,0.0
2013-07-30 00:00:00-04:00,4.397118556904981,4.39909553527832,4.385255743899862,4.39909553527832,34000,0.0,0.0
2013-07-31 00:00:00-04:00,4.383278788495219,4.401073008096141,4.383278788495219,4.3951416015625,6000,0.0,0.0
2013-08-01 00:00:00-04:00,4.401072978973389,4.401072978973389,4.399095529220232,4.401072978973389,32000,0.0,0.0
2013-08-02 00:00:00-04:00,4.401073008096141,4.401073008096141,4.3951416015625,4.3951416015625,22000,0.0,0.0
2013-08-05 00:00:00-04:00,4.379323959350586,4.407004011100554,4.357575784973646,4.379323959350586,30500,0.0,0.0
2013-08-06 00:00:00-04:00,4.399095506225821,4.40700436243203,4.387233164681583,4.405026912689209,20500,0.0,0.0
2013-08-07 00:00:00-04:00,4.3101251389102755,4.3555989386259375,3.7763021189712447,3.9661059379577637,142500,0.0,0.0
2013-08-08 00:00:00-04:00,3.9147007559867384,3.950288957533414,3.790142168419004,3.8158445358276367,23500,0.0,0.0
2013-08-09 00:00:00-04:00,3.823753088057918,3.948311673412448,3.786187673212859,3.926563262939453,10500,0.0,0.0
2013-08-12 00:00:00-04:00,3.9443575598832683,4.40898115927252,3.9443575598832683,4.1519551277160645,59000,0.0,0.0
2013-08-13 00:00:00-04:00,4.151954953262266,4.151954953262266,4.053098972733641,4.090664386749268,13500,0.0,0.0
2013-08-14 00:00:00-04:00,3.950288893477252,4.151955051383271,3.950288893477252,3.9740142822265625,23500,0.0,0.0
2013-08-15 00:00:00-04:00,4.146023732906973,4.149978160858154,3.997739991166721,4.149978160858154,14000,0.0,0.0
2013-08-16 00:00:00-04:00,4.149978201186049,4.149978201186049,4.094619037626667,4.1420698165893555,35500,0.0,0.0
2013-08-19 00:00:00-04:00,4.151955384199943,4.151955384199943,3.9898313707529036,4.100550174713135,21000,0.0,0.0
2013-08-20 00:00:00-04:00,4.1321839434136525,4.1321839434136525,4.021465145954471,4.053099155426025,16000,0.0,0.0
2013-08-21 00:00:00-04:00,4.072870545190168,4.130207160609671,4.02541976442827,4.110435962677002,17500,0.0,0.0
2013-08-22 00:00:00-04:00,4.029374107337352,4.1321840515830415,4.029374107337352,4.128230094909668,3000,0.0,0.0
2013-08-23 00:00:00-04:00,4.114390294718929,4.130207064142624,3.954243265236999,3.985877275466919,57500,0.0,0.0
2013-08-26 00:00:00-04:00,4.029373831409706,4.128229812212458,3.9898309677061055,4.088687419891357,11500,0.0,0.0
2013-08-27 00:00:00-04:00,4.072870375410891,4.076824803385599,4.015533762381488,4.049145221710205,10000,0.0,0.0
2013-08-28 00:00:00-04:00,4.053099195758182,4.053099195758182,4.045190811157227,4.045190811157227,6000,0.0,0.0
2013-08-29 00:00:00-04:00,4.061007539948284,4.149978162125624,4.053099155426025,4.053099155426025,11000,0.0,0.0
2013-08-30 00:00:00-04:00,4.057053651196493,4.146023803478546,3.9898312031772982,3.9918086528778076,2500,0.0,0.0
2013-09-03 00:00:00-04:00,4.023442704740798,4.031351089477539,3.979945881614929,4.031351089477539,22500,0.0,0.0
2013-09-04 00:00:00-04:00,3.997739986499755,4.118344146588503,3.979945767813991,4.055076599121094,24000,0.0,0.0
2013-09-05 00:00:00-04:00,4.084733203343906,4.148001222882507,4.009602842601526,4.1420698165893555,5500,0.0,0.0
2013-09-06 00:00:00-04:00,4.148001240360792,4.148001240360792,4.106481396133781,4.138115406036377,7000,0.0,0.0
2013-09-09 00:00:00-04:00,4.084732969463296,4.132183745709083,4.084732969463296,4.092641353607178,18000,0.0,0.0
2013-09-10 00:00:00-04:00,4.0412363717355655,4.132183972845626,4.0412363717355655,4.047167778015137,12000,0.0,0.0
2013-09-11 00:00:00-04:00,4.037282497960889,4.130207079276278,4.037282497960889,4.1262526512146,3000,0.0,0.0
2013-09-12 00:00:00-04:00,4.132183867194384,4.132183867194384,4.068916320800781,4.068916320800781,15000,0.0,0.0
2013-09-13 00:00:00-04:00,4.06298497219089,4.086710125655917,4.023442578366661,4.057053565979004,62500,0.0,0.0
2013-09-16 00:00:00-04:00,4.031350980144184,4.086710143182515,4.031350980144184,4.053099155426025,19000,0.0,0.0
2013-09-17 00:00:00-04:00,4.086710141934368,4.149978160858154,3.9997169694510517,4.149978160858154,46000,0.0,0.0
2013-09-18 00:00:00-04:00,4.149978364593987,4.149978364593987,3.9977401874286898,4.013556957244873,33000,0.0,0.0
2013-09-19 00:00:00-04:00,4.072870419198072,4.138115417495815,4.072870419198072,4.136138439178467,3500,0.0,0.0
2013-09-20 00:00:00-04:00,4.128230094909668,4.128230094909668,3.9937856689818,4.128230094909668,42000,0.0,0.0
2013-09-23 00:00:00-04:00,4.102527625385074,4.102527625385074,4.003671634574629,4.005648612976074,8000,0.0,0.0
2013-09-24 00:00:00-04:00,4.033328085348532,4.142069907944629,4.00960293103518,4.0273966789245605,15000,0.0,0.0
2013-09-25 00:00:00-04:00,4.02541979343615,4.074848024315282,3.993785782239411,4.009603023529053,130000,0.0,0.0
2013-09-26 00:00:00-04:00,3.985877263998188,4.001694033376373,3.9700600232374748,3.987854242324829,13500,0.0,0.0
2013-09-27 00:00:00-04:00,4.072870422077647,4.072870422077647,4.039259433746338,4.039259433746338,2500,0.0,0.0
2013-09-30 00:00:00-04:00,4.090664553591346,4.090664553591346,3.987854141095345,4.057053565979004,13000,0.0,0.0
2013-10-01 00:00:00-04:00,3.985877263998188,4.007625439738824,3.9839002856715475,3.987854242324829,14000,0.0,0.0
2013-10-02 00:00:00-04:00,3.98390029713459,4.033328055120534,3.98390029713459,3.985877275466919,9000,0.0,0.0
2013-10-03 00:00:00-04:00,4.066939197589735,4.066939197589735,4.003671646118164,4.003671646118164,1500,0.0,0.0
2013-10-04 00:00:00-04:00,3.987854306461661,4.0313511300250235,3.987854306461661,4.02344274520874,4000,0.0,0.0
2013-10-07 00:00:00-04:00,4.062985088241973,4.062985088241973,4.02146524357284,4.033328056335449,5500,0.0,0.0
2013-10-08 00:00:00-04:00,4.057053681860669,4.057053681860669,3.9839002983346163,4.033328056335449,19500,0.0,0.0
2013-10-09 00:00:00-04:00,3.9898311696326796,4.021465179367067,3.9443576047149818,3.950289011001587,31500,0.0,0.0
2013-10-10 00:00:00-04:00,3.9502891309863113,4.0649621251424275,3.9265635051192556,4.021465301513672,6500,0.0,0.0
2013-10-11 00:00:00-04:00,3.9265634473630024,4.01355685764965,3.9265634473630024,3.985877275466919,8500,0.0,0.0
2013-10-14 00:00:00-04:00,3.985877275466919,3.985877275466919,3.985877275466919,3.985877275466919,2500,0.0,0.0
2013-10-15 00:00:00-04:00,4.007625488487013,4.007625488487013,3.926563483827099,3.9305179119110107,7500,0.0,0.0
2013-10-16 00:00:00-04:00,4.013556824161409,4.013556824161409,3.9443576335906982,3.9443576335906982,37000,0.0,0.0
2013-10-17 00:00:00-04:00,4.003671506136837,4.003671506136837,3.9483118702293982,3.983900308609009,23000,0.0,0.0
2013-10-18 00:00:00-04:00,3.999716747411356,4.003671175143012,3.9759911237864074,4.0016937255859375,18000,0.0,0.0
2013-10-21 00:00:00-04:00,4.001693863152215,4.001693863152215,3.9740142822265625,3.9740142822265625,27500,0.0,0.0
2013-10-22 00:00:00-04:00,3.9918085409006383,4.035304890971262,3.9661059379577637,3.9661059379577637,60500,0.0,0.0
2013-10-23 00:00:00-04:00,3.999717008592374,3.999717008592374,3.9977400302886963,3.9977400302886963,1000,0.0,0.0
2013-10-24 00:00:00-04:00,4.007625410686935,4.007625410686935,3.9937856197357178,3.9937856197357178,26500,0.0,0.0
2013-10-25 00:00:00-04:00,3.9997170742115338,4.001694052547646,3.9344720752945213,3.9364492893218994,30500,0.0,0.0
2013-10-28 00:00:00-04:00,3.98983122065147,3.9918086703606397,3.9364492704632,3.987854242324829,15000,0.0,0.0
2013-10-29 00:00:00-04:00,4.072870253429369,4.072870253429369,3.9700598429913154,3.9759912490844727,29000,0.0,0.0
2013-10-30 00:00:00-04:00,3.993785759283373,4.013556957244873,3.993785759283373,4.013556957244873,6000,0.0,0.0
2013-10-31 00:00:00-04:00,3.9542433520127824,4.031351165256117,3.952266137945798,4.015533924102783,21500,0.0,0.0
2013-11-01 00:00:00-04:00,4.015533924102783,4.015533924102783,4.015533924102783,4.015533924102783,0,0.0,0.0
2013-11-04 00:00:00-05:00,4.0155339356262605,4.0155339356262605,4.013556957244873,4.013556957244873,2500,0.0,0.0
2013-11-05 00:00:00-05:00,4.015533987943582,4.015533987943582,4.003671646118164,4.003671646118164,31000,0.0,0.0
2013-11-06 00:00:00-05:00,3.954243392088361,4.007625579833984,3.954243392088361,4.007625579833984,6500,0.0,0.0
2013-11-07 00:00:00-05:00,3.9898312091827393,3.9898312091827393,3.9898312091827393,3.9898312091827393,2000,0.0,0.0
2013-11-08 00:00:00-05:00,3.944357609067011,4.001693986621182,3.7367598029543374,3.756531000137329,131500,0.0,0.0
2013-11-11 00:00:00-05:00,3.713034420857741,3.713034420857741,3.487642631108605,3.5627732276916504,90500,0.0,0.0
2013-11-12 00:00:00-05:00,3.564750234957426,3.564750234957426,3.519276433838445,3.5568418502807617,15500,0.0,0.0
2013-11-13 00:00:00-05:00,3.5528874970751434,3.5528874970751434,3.541024684906006,3.541024684906006,3000,0.0,0.0
2013-11-14 00:00:00-05:00,3.5153222866963154,3.5252078855148765,3.4995052814483643,3.4995052814483643,12000,0.0,0.0
2013-11-15 00:00:00-05:00,3.499505181293694,3.5232305706409743,3.47182559967041,3.47182559967041,52500,0.0,0.0
2013-11-18 00:00:00-05:00,3.4757798442342454,3.4757798442342454,3.307724430908991,3.365061044692993,35000,0.0,0.0
2013-11-19 00:00:00-05:00,3.331449882985023,3.331449882985023,3.1950287128633708,3.256319284439087,28000,0.0,0.0
2013-11-20 00:00:00-05:00,3.2128224859625543,3.2286394902551496,3.195028503440418,3.202936887741089,11000,0.0,0.0
2013-11-21 00:00:00-05:00,3.1950285172348263,3.317609888571987,3.15153169631958,3.15153169631958,49000,0.0,0.0
2013-11-22 00:00:00-05:00,3.0843096765968414,3.2128226976340106,2.896483298014371,3.0645384788513184,169500,0.0,0.0
2013-11-25 00:00:00-05:00,3.0625613567214565,3.1337377595405145,3.0625613567214565,3.0941953659057617,39500,0.0,0.0
2013-11-26 00:00:00-05:00,3.2147998088562537,3.220730979437181,3.064538380828774,3.0843095779418945,46500,0.0,0.0
2013-11-27 00:00:00-05:00,3.1198978583822385,3.216776868088818,3.1198978583822385,3.212822675704956,21000,0.0,0.0
2013-11-29 00:00:00-05:00,3.216776859322355,3.216776859322355,3.2029370681709226,3.2147998809814453,16500,0.0,0.0
2013-12-02 00:00:00-05:00,3.21677671654589,3.5113679241712443,3.2147997382927285,3.4856653213500977,46500,0.0,0.0
2013-12-03 00:00:00-05:00,3.5983613485133548,3.8553871422863617,3.562773147179169,3.675468921661377,59000,0.0,0.0
2013-12-04 00:00:00-05:00,3.7861878738472017,3.8099134995081725,3.5034594654811895,3.693263292312622,13500,0.0,0.0
2013-12-05 00:00:00-05:00,3.4738026062430056,3.620109607176298,3.4738026062430056,3.6102240085601807,38500,0.0,0.0
2013-12-06 00:00:00-05:00,3.6912858887020796,3.6912858887020796,3.5627731109673992,3.683377504348755,6500,0.0,0.0
2013-12-09 00:00:00-05:00,3.689309108732511,3.7505996799928294,3.390763694444192,3.4995052814483643,49500,0.0,0.0
2013-12-10 00:00:00-05:00,3.533116253665447,3.5548646652404345,3.3531982617378695,3.550910472869873,7000,0.0,0.0
2013-12-11 00:00:00-05:00,3.499505076758034,3.6774460807754137,3.4006490943546304,3.444145679473877,7500,0.0,0.0
2013-12-12 00:00:00-05:00,3.5311391296363883,3.558818710779568,3.3037701315691725,3.4836881160736084,18000,0.0,0.0
2013-12-13 00:00:00-05:00,3.4520544936649507,3.5568418880452817,3.3650610828416734,3.548933267593384,16500,0.0,0.0
2013-12-16 00:00:00-05:00,3.4520543306163693,3.4520543306163693,3.2780675171876177,3.3413355350494385,29500,0.0,0.0
2013-12-17 00:00:00-05:00,3.3690151305757206,3.4006491396425953,3.351221147782639,3.3868093490600586,9000,0.0,0.0
2013-12-18 00:00:00-05:00,3.317610058173639,3.4065806827905316,3.282021855465135,3.3591296672821045,25000,0.0,0.0
2013-12-19 00:00:00-05:00,3.3966949914429527,3.3966949914429527,3.329472780227661,3.329472780227661,6000,0.0,0.0
2013-12-20 00:00:00-05:00,3.386809456075074,3.386809456075074,3.335404248639936,3.365061044692993,12500,0.0,0.0
2013-12-23 00:00:00-05:00,3.3433126046105515,3.402626196207494,3.3294728137095175,3.370992422103882,42000,0.0,0.0
2013-12-24 00:00:00-05:00,3.3611069136992486,3.400649309158325,3.3611069136992486,3.400649309158325,4000,0.0,0.0
2013-12-26 00:00:00-05:00,3.372969291491823,3.400649108091339,3.372969291491823,3.392740488052368,18500,0.0,0.0
2013-12-27 00:00:00-05:00,3.392740488052368,3.392740488052368,3.392740488052368,3.392740488052368,0,0.0,0.0
2013-12-30 00:00:00-05:00,3.3868093090013063,3.4006490994201477,3.35319808638108,3.3947176933288574,26500,0.0,0.0
2013-12-31 00:00:00-05:00,3.3452896935334273,3.3986718768365725,3.2741132920017315,3.3966948986053467,39500,0.0,0.0
2014-01-02 00:00:00-05:00,3.1831658169755386,3.398672008126827,3.1831658169755386,3.321564197540283,32000,0.0,0.0
2014-01-03 00:00:00-05:00,3.3887863127545486,3.390763526696951,3.228639525540105,3.3413355350494385,40000,0.0,0.0
2014-01-06 00:00:00-05:00,3.3413356014404756,3.3591295845106375,3.262250577541811,3.327495574951172,16000,0.0,0.0
2014-01-07 00:00:00-05:00,3.329472780227661,3.329472780227661,3.236547965773913,3.329472780227661,10500,0.0,0.0
2014-01-08 00:00:00-05:00,3.3037701140741524,3.3037701140741524,3.2741133191386824,3.293884515762329,2500,0.0,0.0
2014-01-09 00:00:00-05:00,3.230616503404658,3.3294727223791094,3.230616503404658,3.2444565296173096,5000,0.0,0.0
2014-01-10 00:00:00-05:00,3.258296371715279,3.2820217609405518,3.258296371715279,3.2820217609405518,5500,0.0,0.0
2014-01-13 00:00:00-05:00,3.262250570307543,3.262250570307543,3.2325937747955322,3.2325937747955322,3000,0.0,0.0
2014-01-14 00:00:00-05:00,3.2622506908989997,3.2820218886378636,3.242479493160136,3.256319284439087,21000,0.0,0.0
2014-01-15 00:00:00-05:00,3.2820217376464935,3.33540415763855,3.2820217376464935,3.33540415763855,5000,0.0,0.0
2014-01-16 00:00:00-05:00,3.234570951310952,3.3334269352060653,3.230616523402142,3.24050235748291,19500,0.0,0.0
2014-01-17 00:00:00-05:00,3.2424793732995356,3.2998159860375122,3.2325937747955322,3.2325937747955322,5000,0.0,0.0
2014-01-21 00:00:00-05:00,3.2424793385816693,3.335404152077346,3.2325937401835128,3.2879531383514404,28000,0.0,0.0
2014-01-22 00:00:00-05:00,3.2681819470042504,3.33540415763855,3.2681819470042504,3.33540415763855,6500,0.0,0.0
2014-01-23 00:00:00-05:00,3.2701592445373535,3.2760904151847106,3.2701592445373535,3.2701592445373535,3000,0.0,0.0
2014-01-24 00:00:00-05:00,3.2701592445373535,3.2701592445373535,3.2701592445373535,3.2701592445373535,0,0.0,0.0
2014-01-27 00:00:00-05:00,3.2681820682570715,3.274113474664168,3.2622506618499756,3.2622506618499756,8500,0.0,0.0
2014-01-28 00:00:00-05:00,3.248410874346951,3.3195872799296056,3.242479467933186,3.309701681137085,8500,0.0,0.0
2014-01-29 00:00:00-05:00,3.3156331044186467,3.3156331044186467,3.254342297316705,3.258296489715576,5000,0.0,0.0
2014-01-30 00:00:00-05:00,3.2543421945455577,3.2543421945455577,3.230616569519043,3.230616569519043,33000,0.0,0.0
2014-01-31 00:00:00-05:00,3.2246853892205287,3.2543421847228986,3.0684927914932936,3.088263988494873,18500,0.0,0.0
2014-02-03 00:00:00-05:00,3.0368587970733643,3.0368587970733643,3.0368587970733643,3.0368587970733643,3000,0.0,0.0
2014-02-04 00:00:00-05:00,3.036858817246904,3.036858817246904,3.032904624938965,3.032904624938965,1500,0.0,0.0
2014-02-05 00:00:00-05:00,3.05267585264023,3.0744240283966064,3.050698638620893,3.0744240283966064,11000,0.0,0.0
2014-02-06 00:00:00-05:00,3.1574633033703683,3.159440517425537,3.1574633033703683,3.159440517425537,4500,0.0,0.0
2014-02-07 00:00:00-05:00,3.0704696928376003,3.10408091545105,3.0704696928376003,3.10408091545105,8500,0.0,0.0
2014-02-10 00:00:00-05:00,2.9814994634658833,3.167348861694336,2.9716138646991976,3.167348861694336,29500,0.0,0.0
2014-02-11 00:00:00-05:00,3.167348677485063,3.3097014799992803,3.167348677485063,3.301792860031128,19000,0.0,0.0
2014-02-12 00:00:00-05:00,3.3017929037939098,3.4382143020629883,3.29783871160305,3.4382143020629883,16500,0.0,0.0
2014-02-13 00:00:00-05:00,3.4382142881377518,3.501482305700286,3.3650609079837324,3.489619493484497,7000,0.0,0.0
2014-02-14 00:00:00-05:00,3.3907634984668995,3.6379036903381348,3.3907634984668995,3.6379036903381348,38500,0.0,0.0
2014-02-18 00:00:00-05:00,3.6379038365871468,3.7525768280029297,3.6379038365871468,3.7525768280029297,10000,0.0,0.0
2014-02-19 00:00:00-05:00,3.6675606720600973,3.7505996544318316,3.580567261634875,3.744668483734131,11000,0.0,0.0
2014-02-20 00:00:00-05:00,3.756531078395306,3.756531078395306,3.5924300912195877,3.7407140731811523,13500,0.0,0.0
2014-02-21 00:00:00-05:00,3.744668282619136,3.744668282619136,3.608246885764756,3.736759662628174,8000,0.0,0.0
2014-02-24 00:00:00-05:00,3.6477892885853342,3.6576748868325333,3.6220866860043652,3.6379036903381348,8500,0.0,0.0
2014-02-25 00:00:00-05:00,3.6379036903381348,3.6379036903381348,3.6379036903381348,3.6379036903381348,500,0.0,0.0
2014-02-26 00:00:00-05:00,3.637903762688191,3.637903762688191,3.5746357440948486,3.5746357440948486,3000,0.0,0.0
2014-02-27 00:00:00-05:00,3.463916958316379,3.5726587772369385,3.305747382710123,3.5726587772369385,9000,0.0,0.0
2014-02-28 00:00:00-05:00,3.5726587772369385,3.5726587772369385,3.5726587772369385,3.5726587772369385,0,0.0,0.0
2014-03-03 00:00:00-05:00,3.5192763805389404,3.5192763805389404,3.5192763805389404,3.5192763805389404,1000,0.0,0.0
2014-03-04 00:00:00-05:00,3.5548646450042725,3.5548646450042725,3.5548646450042725,3.5548646450042725,4500,0.0,0.0
2014-03-05 00:00:00-05:00,3.5291618813614942,3.5390474796295166,3.5291618813614942,3.5390474796295166,17500,0.0,0.0
2014-03-06 00:00:00-05:00,3.5350934717376217,3.5350934717376217,3.386809489987553,3.454031467437744,24000,0.0,0.0
2014-03-07 00:00:00-05:00,3.3808780552447257,3.459962844848633,3.3808780552447257,3.459962844848633,7000,0.0,0.0
2014-03-10 00:00:00-04:00,3.5172994136810303,3.5172994136810303,3.5172994136810303,3.5172994136810303,2000,0.0,0.0
2014-03-11 00:00:00-04:00,3.4026261064539405,3.4026261064539405,3.3887863159179688,3.3887863159179688,1500,0.0,0.0
2014-03-12 00:00:00-04:00,3.301792954766959,3.637903774312771,3.301792954766959,3.5726587772369385,88000,0.0,0.0
2014-03-13 00:00:00-04:00,3.3808779315234867,3.400649128200948,3.3729693114377484,3.3887863159179688,22500,0.0,0.0
2014-03-14 00:00:00-04:00,3.3887863159179688,3.3887863159179688,3.3887863159179688,3.3887863159179688,0,0.0,0.0
2014-03-17 00:00:00-04:00,3.25038808472705,3.264227875882763,3.1376920700660245,3.2622506618499756,20500,0.0,0.0
2014-03-18 00:00:00-04:00,3.264227721367413,3.4401915127617597,3.1970055114211298,3.390763521194458,75000,0.0,0.0
2014-03-19 00:00:00-04:00,3.55486469015974,3.6576751066626283,3.3769236753244583,3.4500772953033447,29000,0.0,0.0
2014-03-20 00:00:00-04:00,3.380878007349914,3.6576750027336407,3.380878007349914,3.469848394393921,70500,0.0,0.0
2014-03-21 00:00:00-04:00,3.3373812283900457,3.527185053178594,3.3373812283900457,3.4125118255615234,10500,0.0,0.0
2014-03-24 00:00:00-04:00,3.361106905731338,3.5271851076805114,3.333427087560842,3.4500772953033447,15000,0.0,0.0
2014-03-25 00:00:00-04:00,3.5528876781463623,3.5528876781463623,3.5232306462120615,3.5528876781463623,2500,0.0,0.0
2014-03-26 00:00:00-04:00,3.5528876781463623,3.5528876781463623,3.5528876781463623,3.5528876781463623,0,0.0,0.0
2014-03-27 00:00:00-04:00,3.4204204082489014,3.4204204082489014,3.4204204082489014,3.4204204082489014,1000,0.0,0.0
2014-03-28 00:00:00-04:00,3.347266769081486,3.5212535858154297,3.347266769081486,3.5212535858154297,23000,0.0,0.0
2014-03-31 00:00:00-04:00,3.3433125850811196,3.521253594523794,3.3433125850811196,3.5192763805389404,10000,0.0,0.0
2014-04-01 00:00:00-04:00,3.5093907102268274,3.5093907102268274,3.4797339152081013,3.4856653213500977,2000,0.0,0.0
2014-04-02 00:00:00-04:00,3.4184431876031014,3.469848394393921,3.4105348030312497,3.469848394393921,6500,0.0,0.0
2014-04-03 00:00:00-04:00,3.4995052471999415,3.4995052471999415,3.4105348587036133,3.4105348587036133,1500,0.0,0.0
2014-04-04 00:00:00-04:00,3.5093907304495087,3.5093907304495087,3.4006491480875622,3.4817111492156982,31000,0.0,0.0
2014-04-07 00:00:00-04:00,3.3927404707603888,3.5192762695177082,3.3927404707603888,3.3966948986053467,5000,0.0,0.0
2014-04-08 00:00:00-04:00,3.426351908586459,3.519276490647981,3.426351908586459,3.497528314590454,2000,0.0,0.0
2014-04-09 00:00:00-04:00,3.497528093462311,3.497528093462311,3.4935736656188965,3.4935736656188965,1500,0.0,0.0
2014-04-10 00:00:00-04:00,3.499505114972689,3.736759711022935,3.499505114972689,3.533116102218628,89000,0.0,0.0
2014-04-11 00:00:00-04:00,3.5588187795670945,3.5785899766775913,3.463916986298457,3.56672739982605,6000,0.0,0.0
2014-04-14 00:00:00-04:00,3.7367597912172026,3.7367597912172026,3.4401915987125853,3.469848394393921,5500,0.0,0.0
2014-04-15 00:00:00-04:00,3.6556976816030775,3.6576748955337224,3.390763506533137,3.6359264850616455,37500,0.0,0.0
2014-04-16 00:00:00-04:00,3.477756715450578,3.6280181407928467,3.4599627326432576,3.6280181407928467,38500,0.0,0.0
2014-04-17 00:00:00-04:00,3.422397473399419,3.6359266909688213,3.422397473399419,3.594407081604004,13000,0.0,0.0
2014-04-21 00:00:00-04:00,3.5963842158313315,3.5963842158313315,3.479734010804922,3.5627732276916504,35000,0.0,0.0
2014-04-22 00:00:00-04:00,3.440191692709169,3.594407081604004,3.4243746874420355,3.594407081604004,34500,0.0,0.0
2014-04-23 00:00:00-04:00,3.633949505832035,3.6576748945370374,3.5390474796295166,3.5390474796295166,23500,0.0,0.0
2014-04-24 00:00:00-04:00,3.65767502784729,3.65767502784729,3.65767502784729,3.65767502784729,500,0.0,0.0
2014-04-25 00:00:00-04:00,3.65767502784729,3.65767502784729,3.65767502784729,3.65767502784729,0,0.0,0.0
2014-04-28 00:00:00-04:00,3.558818668669287,3.6379036903381348,3.51927627568049,3.6379036903381348,13500,0.0,0.0
2014-04-29 00:00:00-04:00,3.47973390186806,3.6339495182037354,3.43623731647893,3.6339495182037354,37000,0.0,0.0
2014-04-30 00:00:00-04:00,3.5785900100685417,3.618132640349759,3.479734023593656,3.6082470417022705,24000,0.0,0.0
2014-05-01 00:00:00-04:00,3.6062698276962677,3.6082470417022705,3.5192764181836105,3.6082470417022705,34500,0.0,0.0
2014-05-02 00:00:00-04:00,3.493573792577412,3.6082470189961757,3.4678711891174316,3.4678711891174316,39500,0.0,0.0
2014-05-05 00:00:00-04:00,3.471825502244526,3.572658698754976,3.414488890932038,3.4915966987609863,61500,0.0,0.0
2014-05-06 00:00:00-04:00,3.5963841905793097,3.5963841905793097,3.5192763805389404,3.5192763805389404,2000,0.0,0.0
2014-05-07 00:00:00-04:00,3.5192763805389404,3.5192763805389404,3.5192763805389404,3.5192763805389404,0,0.0,0.0
2014-05-08 00:00:00-04:00,3.5192763805389404,3.5192763805389404,3.5192763805389404,3.5192763805389404,0,0.0,0.0
2014-05-09 00:00:00-04:00,3.432282930620526,3.4401915507734318,3.38285493850708,3.38285493850708,7500,0.0,0.0
2014-05-12 00:00:00-04:00,3.4995052862982736,3.4995052862982736,3.2029370856391646,3.210845470428467,42000,0.0,0.0
2014-05-13 00:00:00-04:00,3.1890971721832546,3.200959748912549,3.0467443659016538,3.139669179916382,11500,0.0,0.0
2014-05-14 00:00:00-04:00,3.15153169631958,3.15153169631958,3.15153169631958,3.15153169631958,1000,0.0,0.0
2014-05-15 00:00:00-04:00,3.064538380828774,3.106057989042831,3.0151103880459735,3.0843095779418945,10500,0.0,0.0
2014-05-16 00:00:00-04:00,3.1001265675957366,3.1357147693634033,3.1001265675957366,3.1357147693634033,2500,0.0,0.0
2014-05-19 00:00:00-04:00,3.07640129073892,3.256319284439087,3.07640129073892,3.256319284439087,42500,0.0,0.0
2014-05-20 00:00:00-04:00,3.355175435769314,3.355175435769314,3.222708225250244,3.222708225250244,3500,0.0,0.0
2014-05-21 00:00:00-04:00,3.258296489715576,3.258296489715576,3.258296489715576,3.258296489715576,500,0.0,0.0
2014-05-22 00:00:00-04:00,3.3215640564146303,3.3215640564146303,3.102103682281256,3.301792860031128,36000,0.0,0.0
2014-05-23 00:00:00-04:00,3.2306166592779673,3.2306166592779673,3.177234472867667,3.212822675704956,11000,0.0,0.0
2014-05-27 00:00:00-04:00,3.173280296546887,3.173280296546887,3.113966703414917,3.113966703414917,31500,0.0,0.0
2014-05-28 00:00:00-04:00,3.185142709435708,3.2029369278720488,3.1297833115636293,3.19502854347229,5500,0.0,0.0
2014-05-29 00:00:00-04:00,3.216776838433414,3.2306166294949747,3.0744240283966064,3.0744240283966064,55500,0.0,0.0
2014-05-30 00:00:00-04:00,3.131760675521239,3.1851428620047684,3.113966691923818,3.115943670272827,22000,0.0,0.0
2014-06-02 00:00:00-04:00,3.210845315329152,3.2424793243408203,3.0981495412233753,3.2424793243408203,3000,0.0,0.0
2014-06-03 00:00:00-04:00,3.2266623973846436,3.2266623973846436,3.2266623973846436,3.2266623973846436,2000,0.0,0.0
2014-06-04 00:00:00-04:00,3.234571029154152,3.234571029154152,3.1416462135034107,3.2246854305267334,3500,0.0,0.0
2014-06-05 00:00:00-04:00,3.189097236964273,3.222708225250244,3.18316583063351,3.222708225250244,5000,0.0,0.0
2014-06-06 00:00:00-04:00,3.2345710795385494,3.3413356877924785,3.2345710795385494,3.2622506618499756,12000,0.0,0.0
2014-06-09 00:00:00-04:00,3.3986720535084034,3.3986720535084034,3.1456004428384423,3.3611068725585938,16500,0.0,0.0
2014-06-10 00:00:00-04:00,3.2721361912392113,3.3966950160729104,3.264227806658307,3.276090383529663,7500,0.0,0.0
2014-06-11 00:00:00-04:00,3.2622506618499756,3.2622506618499756,3.2602736835084545,3.2622506618499756,10500,0.0,0.0
2014-06-12 00:00:00-04:00,3.335404245950909,3.370992448324139,3.1732802391052246,3.1732802391052246,32500,0.0,0.0
2014-06-13 00:00:00-04:00,3.2147998809814453,3.2147998809814453,3.2147998809814453,3.2147998809814453,2000,0.0,0.0
2014-06-16 00:00:00-04:00,3.313655776804865,3.361106791038838,3.2325937747955322,3.2325937747955322,5000,0.0,0.0
2014-06-17 00:00:00-04:00,3.2622506618499756,3.2622506618499756,3.2622506618499756,3.2622506618499756,500,0.0,0.0
2014-06-18 00:00:00-04:00,3.2622506941566147,3.3037703037261963,3.2622506941566147,3.3037703037261963,14500,0.0,0.0
2014-06-19 00:00:00-04:00,3.2622506618499756,3.2622506618499756,3.2622506618499756,3.2622506618499756,1000,0.0,0.0
2014-06-20 00:00:00-04:00,3.167348696697587,3.2978386878967285,3.167348696697587,3.2978386878967285,3500,0.0,0.0
2014-06-23 00:00:00-04:00,3.1179208606324,3.363083850892588,3.1179208606324,3.3611068725585938,14500,0.0,0.0
2014-06-24 00:00:00-04:00,3.372969302256915,3.372969302256915,3.293884515762329,3.293884515762329,6000,0.0,0.0
2014-06-25 00:00:00-04:00,3.1693260681491817,3.2266624465824134,3.1693260681491817,3.2167768478393555,15000,0.0,0.0
2014-06-26 00:00:00-04:00,3.1732801675196036,3.1732801675196036,3.131760559738927,3.139669179916382,6500,0.0,0.0
2014-06-27 00:00:00-04:00,3.187120018608475,3.187120018608475,3.1752572059631348,3.1752572059631348,1000,0.0,0.0
2014-06-30 00:00:00-04:00,3.197005610952722,3.197005610952722,3.080355405807495,3.080355405807495,2000,0.0,0.0
2014-07-01 00:00:00-04:00,3.191074146956077,3.242479353133697,3.191074146956077,3.2365479469299316,5500,0.0,0.0
2014-07-02 00:00:00-04:00,3.242479459459401,3.242479459459401,3.113966675492486,3.167348861694336,7500,0.0,0.0
2014-07-03 00:00:00-04:00,3.1436233520507812,3.1436233520507812,3.1436233520507812,3.1436233520507812,1500,0.0,0.0
2014-07-07 00:00:00-04:00,3.1139665714659506,3.1633945636481666,3.0922181606292725,3.0922181606292725,9500,0.0,0.0
2014-07-08 00:00:00-04:00,3.064538462138307,3.153509087199213,3.064538462138307,3.115943670272827,11000,0.0,0.0
2014-07-09 00:00:00-04:00,3.1574632094451416,3.236547998239055,3.1179208150481847,3.1297833919525146,27000,0.0,0.0
2014-07-10 00:00:00-04:00,3.1159436141189603,3.222708220853232,3.1159436141189603,3.1752572059631348,35000,0.0,0.0
2014-07-11 00:00:00-04:00,3.1792116165161133,3.1792116165161133,3.1792116165161133,3.1792116165161133,1500,0.0,0.0
2014-07-14 00:00:00-04:00,3.1198977893063544,3.1792116165161133,3.1198977893063544,3.1792116165161133,12000,0.0,0.0
2014-07-15 00:00:00-04:00,3.1792115476130203,3.193051338195801,3.1792115476130203,3.193051338195801,4000,0.0,0.0
2014-07-16 00:00:00-04:00,3.238525081898625,3.238525081898625,3.1554858684539795,3.1554858684539795,2000,0.0,0.0
2014-07-17 00:00:00-04:00,3.1495548494201593,3.183165837781607,3.1495548494201593,3.1732802391052246,17000,0.0,0.0
2014-07-18 00:00:00-04:00,3.2424793243408203,3.2424793243408203,3.2424793243408203,3.2424793243408203,2000,0.0,0.0
2014-07-21 00:00:00-04:00,3.169325943654001,3.2424793243408203,3.169325943654001,3.2424793243408203,4000,0.0,0.0
2014-07-22 00:00:00-04:00,3.1831657886505127,3.19107417319305,3.155485971369112,3.1831657886505127,52500,0.0,0.0
2014-07-23 00:00:00-04:00,3.121875024701067,3.222708225250244,3.121875024701067,3.222708225250244,1500,0.0,0.0
2014-07-24 00:00:00-04:00,3.1930514379435118,3.220731019973755,3.13176063184492,3.220731019973755,152500,0.0,0.0
2014-07-25 00:00:00-04:00,3.1930514379435118,3.220731019973755,3.121875033163938,3.220731019973755,58000,0.0,0.0
2014-07-28 00:00:00-04:00,3.220731019973755,3.220731019973755,3.220731019973755,3.220731019973755,0,0.0,0.0
2014-07-29 00:00:00-04:00,3.1357147693634033,3.2029369806337207,3.1357147693634033,3.1357147693634033,89000,0.0,0.0
2014-07-30 00:00:00-04:00,3.1297833919525146,3.1297833919525146,3.1297833919525146,3.1297833919525146,2500,0.0,0.0
2014-07-31 00:00:00-04:00,3.125829240036247,3.1376920527851038,3.121875047683716,3.121875047683716,6500,0.0,0.0
2014-08-01 00:00:00-04:00,3.121875047683716,3.121875047683716,3.121875047683716,3.121875047683716,1500,0.0,0.0
2014-08-04 00:00:00-04:00,3.121875047683716,3.121875047683716,3.121875047683716,3.121875047683716,0,0.0,0.0
2014-08-05 00:00:00-04:00,3.1218748929610998,3.1535089015960693,3.074423880008646,3.1535089015960693,4000,0.0,0.0
2014-08-06 00:00:00-04:00,3.0645384411230907,3.0724470615386963,3.0645384411230907,3.0724470615386963,11000,0.0,0.0
2014-08-07 00:00:00-04:00,3.0645384872048407,3.0665157012612902,3.015110492706299,3.015110492706299,7000,0.0,0.0
2014-08-08 00:00:00-04:00,3.072446929346156,3.072446929346156,3.015110317642179,3.0506985187530518,5000,0.0,0.0
2014-08-11 00:00:00-04:00,3.015110385987277,3.0368587970733643,2.9795221840697077,3.0368587970733643,5000,0.0,0.0
2014-08-12 00:00:00-04:00,2.89648312368677,3.0052247047424316,2.89648312368677,3.0052247047424316,13000,0.0,0.0
2014-08-13 00:00:00-04:00,2.8964832264333675,2.8964832264333675,2.449653602768032,2.5504868030548096,44000,0.0,0.0
2014-08-14 00:00:00-04:00,2.5583953233326633,2.647365707509821,2.5583953233326633,2.6196861267089844,15500,0.0,0.0
2014-08-15 00:00:00-04:00,2.5702578919605386,2.5702578919605386,2.4714019098433075,2.475356101989746,32000,0.0,0.0
2014-08-18 00:00:00-04:00,2.4753561735878757,2.4753561735878757,2.2420557662136384,2.267758369445801,74500,0.0,0.0
2014-08-19 00:00:00-04:00,2.273689707940065,2.273689707940065,2.174833725908813,2.1847193241119385,27000,0.0,0.0
2014-08-20 00:00:00-04:00,2.214376098477744,2.214376098477744,2.1649481079139825,2.188673496246338,28000,0.0,0.0
2014-08-21 00:00:00-04:00,2.186696262428865,2.283575264466124,2.155062490170957,2.1926276683807373,52000,0.0,0.0
2014-08-22 00:00:00-04:00,2.2044904916879555,2.2044904916879555,2.1748336974664304,2.190650701522827,13500,0.0,0.0
2014-08-25 00:00:00-04:00,2.1946049708928625,2.2776439504989394,2.1847193724709184,2.2717127799987793,17500,0.0,0.0
2014-08-26 00:00:00-04:00,2.3606832027435303,2.3606832027435303,2.3606832027435303,2.3606832027435303,1000,0.0,0.0
2014-08-27 00:00:00-04:00,2.2361247156238724,2.338934898376465,2.2361247156238724,2.338934898376465,3500,0.0,0.0
2014-08-28 00:00:00-04:00,2.249964479160152,2.3448662757873535,2.249964479160152,2.3448662757873535,1500,0.0,0.0
2014-08-29 00:00:00-04:00,2.2736897029832535,2.283575301164827,2.234147310256958,2.234147310256958,29500,0.0,0.0
2014-09-02 00:00:00-04:00,2.2440329037581557,2.333003287206755,2.2440329037581557,2.2835752964019775,28000,0.0,0.0
2014-09-03 00:00:00-04:00,2.3527747752892316,2.3527747752892316,2.2558957695883795,2.321140766143799,16500,0.0,0.0
2014-09-04 00:00:00-04:00,2.253918489088599,2.3349804878234863,2.253918489088599,2.3349804878234863,23500,0.0,0.0
2014-09-05 00:00:00-04:00,2.244033098220825,2.3112553129553937,2.244033098220825,2.244033098220825,31500,0.0,0.0
2014-09-08 00:00:00-04:00,2.2440330046664556,2.3112552165985107,2.2341474060609707,2.3112552165985107,19000,0.0,0.0
2014-09-09 00:00:00-04:00,2.178787881517896,2.3250948738856243,2.178787881517896,2.289506673812866,30500,0.0,0.0
2014-09-10 00:00:00-04:00,2.2954382070616535,2.2954382070616535,2.2341474015547633,2.2638041973114014,64000,0.0,0.0
2014-09-11 00:00:00-04:00,2.1946049175306626,2.2736897029832535,2.1946049175306626,2.234147310256958,8500,0.0,0.0
2014-09-12 00:00:00-04:00,2.2143762924884207,2.4496536896003,2.2143762924884207,2.2460103034973145,59500,0.0,0.0
2014-09-15 00:00:00-04:00,2.319163676914753,2.319163676914753,2.2341474789940023,2.2479872703552246,29000,0.0,0.0
2014-09-16 00:00:00-04:00,2.251941680908203,2.251941680908203,2.251941680908203,2.251941680908203,1000,0.0,0.0
2014-09-17 00:00:00-04:00,2.348820320920967,2.348820320920967,2.2341473336744984,2.277643918991089,10500,0.0,0.0
2014-09-18 00:00:00-04:00,2.297415256500244,2.297415256500244,2.297415256500244,2.297415256500244,1500,0.0,0.0
2014-09-19 00:00:00-04:00,2.2341475083074154,2.238101700792322,2.1946051120758057,2.1946051120758057,20000,0.0,0.0
2014-09-22 00:00:00-04:00,2.255895908660821,2.255895908660821,2.196582078933716,2.196582078933716,12000,0.0,0.0
2014-09-23 00:00:00-04:00,2.2044905354817197,2.236124544222945,2.1748337406710414,2.2301931381225586,30500,0.0,0.0
2014-09-24 00:00:00-04:00,2.2301931381225586,2.2301931381225586,2.2301931381225586,2.2301931381225586,0,0.0,0.0
2014-09-25 00:00:00-04:00,2.2143762198973587,2.2143762198973587,2.1748338252781445,2.2123990058898926,12000,0.0,0.0
2014-09-26 00:00:00-04:00,2.2123990058898926,2.2123990058898926,2.2123990058898926,2.2123990058898926,0,0.0,0.0
2014-09-29 00:00:00-04:00,2.2123990058898926,2.2123990058898926,2.2123990058898926,2.2123990058898926,0,0.0,0.0
2014-09-30 00:00:00-04:00,2.174833760243851,2.226238965988159,2.174833760243851,2.226238965988159,12500,0.0,0.0
2014-10-01 00:00:00-04:00,2.1451769651662707,2.226238965988159,2.1451769651662707,2.226238965988159,1000,0.0,0.0
2014-10-02 00:00:00-04:00,2.2262390654008426,2.323117839370556,2.194605054962305,2.2539186477661133,19000,0.0,0.0
2014-10-03 00:00:00-04:00,2.3310265082444643,2.3310265082444643,2.1946051005472844,2.196582078933716,3500,0.0,0.0
2014-10-06 00:00:00-04:00,2.3349806522078245,2.3349806522078245,2.2044906537629396,2.2539186477661133,28500,0.0,0.0
2014-10-07 00:00:00-04:00,2.2558957306782137,2.3290491104125977,2.2242617220784107,2.3290491104125977,20500,0.0,0.0
2014-10-08 00:00:00-04:00,2.2104219900901034,2.263804174782553,2.2044905838595517,2.2203075885772705,5000,0.0,0.0
2014-10-09 00:00:00-04:00,2.2044904985651925,2.3349804878234863,2.2044904985651925,2.3349804878234863,1500,0.0,0.0
2014-10-10 00:00:00-04:00,2.2222846452491583,2.2282160516889356,2.2044906616210938,2.2044906616210938,10000,0.0,0.0
2014-10-13 00:00:00-04:00,2.214376260456967,2.214376260456967,2.2044906616210938,2.2044906616210938,7500,0.0,0.0
2014-10-14 00:00:00-04:00,2.2044906616210938,2.2044906616210938,2.2044906616210938,2.2044906616210938,1000,0.0,0.0
2014-10-15 00:00:00-04:00,2.216353425166052,2.216353425166052,2.214376211166382,2.214376211166382,2000,0.0,0.0
2014-10-16 00:00:00-04:00,2.214376211166382,2.214376211166382,2.214376211166382,2.214376211166382,0,0.0,0.0
2014-10-17 00:00:00-04:00,2.253918655800459,2.253918655800459,2.2044906616210938,2.2044906616210938,5000,0.0,0.0
2014-10-20 00:00:00-04:00,2.255895711820235,2.255895711820235,2.2361245155334473,2.2361245155334473,1500,0.0,0.0
2014-10-21 00:00:00-04:00,2.2361245155334473,2.2361245155334473,2.2361245155334473,2.2361245155334473,0,0.0,0.0
2014-10-22 00:00:00-04:00,2.204490603874065,2.2341473996048187,2.204490603874065,2.216353416442871,11500,0.0,0.0
2014-10-23 00:00:00-04:00,2.2123989884590944,2.236124613596707,2.204490603874065,2.216353416442871,14500,0.0,0.0
2014-10-24 00:00:00-04:00,2.2044906616210938,2.2044906616210938,2.2044906616210938,2.2044906616210938,1500,0.0,0.0
2014-10-27 00:00:00-04:00,2.075977641063477,2.2044906616210938,2.075977641063477,2.2044906616210938,7000,0.0,0.0
2014-10-28 00:00:00-04:00,2.2282160437462095,2.3369578662444583,2.224261851364209,2.2539186477661133,40500,0.0,0.0
2014-10-29 00:00:00-04:00,2.244033098220825,2.2460103123008577,2.244033098220825,2.244033098220825,3000,0.0,0.0
2014-10-30 00:00:00-04:00,2.214376211166382,2.214376211166382,2.214376211166382,2.214376211166382,500,0.0,0.0
2014-10-31 00:00:00-04:00,2.214376260456967,2.2163534745006483,2.1985592551813165,2.2044906616210938,19500,0.0,0.0
2014-11-03 00:00:00-05:00,2.2044906616210938,2.2044906616210938,2.2044906616210938,2.2044906616210938,0,0.0,0.0
2014-11-04 00:00:00-05:00,2.1847193389412674,2.2301931381225586,2.1847193389412674,2.2301931381225586,11500,0.0,0.0
2014-11-05 00:00:00-05:00,2.224261897565201,2.3231178876249237,2.1847195015413123,2.196582078933716,26500,0.0,0.0
2014-11-06 00:00:00-05:00,2.194604993976812,2.3330033733397695,2.194604993976812,2.2183303833007812,30500,0.0,0.0
2014-11-07 00:00:00-05:00,2.2203075885772705,2.2203075885772705,2.2203075885772705,2.2203075885772705,8000,0.0,0.0
2014-11-10 00:00:00-05:00,2.184719415318904,2.214376211166382,2.184719415318904,2.214376211166382,7000,0.0,0.0
2014-11-11 00:00:00-05:00,2.214376260456967,2.214376260456967,2.1649482662776016,2.2044906616210938,10000,0.0,0.0
2014-11-12 00:00:00-05:00,2.2123990870879373,2.244033098220825,2.2123990870879373,2.244033098220825,21000,0.0,0.0
2014-11-13 00:00:00-05:00,2.244033098220825,2.244033098220825,2.244033098220825,2.244033098220825,18000,0.0,0.0
2014-11-14 00:00:00-05:00,2.0265496280024173,2.0265496280024173,1.6093770310476663,1.6805534362792969,206000,0.0,0.0
2014-11-17 00:00:00-05:00,1.6805534568496243,1.7220729485125277,1.5915829492210682,1.7003246545791626,109000,0.0,0.0
2014-11-18 00:00:00-05:00,1.6785761519118192,1.6785761519118192,1.6627592652919916,1.6706677675247192,17500,0.0,0.0
2014-11-19 00:00:00-05:00,1.6607821209461295,1.7102102325105988,1.6607821209461295,1.6805534362792969,29000,0.0,0.0
2014-11-20 00:00:00-05:00,1.6706678074827694,1.7280043027343504,1.6706678074827694,1.686484694480896,34000,0.0,0.0
2014-11-21 00:00:00-05:00,1.6825305011664515,1.6845075973093075,1.6627593040466309,1.6627593040466309,14500,0.0,0.0
2014-11-24 00:00:00-05:00,1.6607820987701416,1.6607820987701416,1.6607820987701416,1.6607820987701416,8000,0.0,0.0
2014-11-25 00:00:00-05:00,1.648919333946339,1.6588049321380902,1.633102329701287,1.650896430015564,19500,0.0,0.0
2014-11-26 00:00:00-05:00,1.6508964349778716,1.6508964349778716,1.6014684438705444,1.6014684438705444,1000,0.0,0.0
2014-11-28 00:00:00-05:00,1.5915829252996556,1.633102416338523,1.5915829252996556,1.6093770265579224,14000,0.0,0.0
2014-12-01 00:00:00-05:00,1.6845075667958267,1.6845075667958267,1.6212396664510682,1.66869056224823,23000,0.0,0.0
2014-12-02 00:00:00-05:00,1.6311252746573779,1.6726448823835154,1.6311252746573779,1.6667134761810303,17000,0.0,0.0
2014-12-03 00:00:00-05:00,1.6212396735732106,1.6429879665374756,1.6212396735732106,1.6429879665374756,4000,0.0,0.0
2014-12-04 00:00:00-05:00,1.650896457234628,1.650896457234628,1.5915828671061922,1.6212396621704102,27000,0.0,0.0
2014-12-05 00:00:00-05:00,1.6093770174275357,2.220307627419349,1.6054227072561145,1.9237393140792847,145500,0.0,0.0
2014-12-08 00:00:00-05:00,2.0028241628508696,2.074000565406318,1.642987957863047,1.6449651718139648,125000,0.0,0.0
2014-12-09 00:00:00-05:00,1.6548507432369393,1.9533960213339765,1.6054226343358642,1.6746219396591187,82000,0.0,0.0
2014-12-10 00:00:00-05:00,1.6746219669301923,1.700324569835841,1.61135406664153,1.6449651718139648,42500,0.0,0.0
2014-12-11 00:00:00-05:00,1.6489193612680597,1.718118667602539,1.641010859014494,1.718118667602539,5500,0.0,0.0
2014-12-12 00:00:00-05:00,1.6251940446464883,1.6785762310028076,1.6054227292102727,1.6785762310028076,7500,0.0,0.0
2014-12-15 00:00:00-05:00,1.6390337937836745,1.826860401768094,1.6390337937836745,1.7596381902694702,28500,0.0,0.0
2014-12-16 00:00:00-05:00,1.710210152325942,1.7596381437273052,1.6390337504314776,1.696370244026184,9500,0.0,0.0
2014-12-17 00:00:00-05:00,1.6311253430644597,1.676599144935608,1.6212397442094826,1.676599144935608,17500,0.0,0.0
2014-12-18 00:00:00-05:00,1.7220729098486975,1.7556840159416593,1.6904390177608046,1.7319585084915161,15500,0.0,0.0
2014-12-19 00:00:00-05:00,1.7161414609071144,1.729981369370747,1.6825304734944593,1.6924160718917847,18000,0.0,0.0
2014-12-22 00:00:00-05:00,1.6884618209978046,1.7240500236136198,1.6805534362792969,1.6805534362792969,10500,0.0,0.0
2014-12-23 00:00:00-05:00,1.690438985824585,1.6924160819466707,1.690438985824585,1.690438985824585,3500,0.0,0.0
2014-12-24 00:00:00-05:00,1.6805534362792969,1.690439035023064,1.6805534362792969,1.6805534362792969,17000,0.0,0.0
2014-12-26 00:00:00-05:00,1.6805534083853937,1.7102102041244507,1.6805534083853937,1.7102102041244507,10000,0.0,0.0
2014-12-29 00:00:00-05:00,1.696370323561945,1.696370323561945,1.6805534362792969,1.6805534362792969,4000,0.0,0.0
2014-12-30 00:00:00-05:00,1.6805534261787525,1.7556840233180833,1.6805534261787525,1.6825305223464966,40500,0.0,0.0
2014-12-31 00:00:00-05:00,1.6805533506966344,1.7339355340562217,1.6805533506966344,1.7220728397369385,24500,0.0,0.0
2015-01-02 00:00:00-05:00,1.688461810849729,1.688461810849729,1.6805534261787525,1.6825305223464966,3500,0.0,0.0
2015-01-05 00:00:00-05:00,1.680553416101918,1.6884618007254746,1.680553416101918,1.6845076084136963,1500,0.0,0.0
2015-01-06 00:00:00-05:00,1.6805534619405789,1.682530558150395,1.5955371464621342,1.6034456491470337,52000,0.0,0.0
2015-01-07 00:00:00-05:00,1.613331181143705,1.6726448898981452,1.6034455826589034,1.6410108804702759,99000,0.0,0.0
2015-01-08 00:00:00-05:00,1.664736343195299,1.6805533474878944,1.5955370377994147,1.6014684438705444,132000,0.0,0.0
2015-01-09 00:00:00-05:00,1.591582865590698,1.63903376121739,1.591582865590698,1.597514271736145,8000,0.0,0.0
2015-01-12 00:00:00-05:00,1.5876285701785717,1.6054226709332953,1.5085437826870265,1.5461090803146362,100000,0.0,0.0
2015-01-13 00:00:00-05:00,1.5144750366503736,1.5144750366503736,1.5045894384384155,1.5045894384384155,2500,0.0,0.0
2015-01-14 00:00:00-05:00,1.5816973145045288,1.5896058169862117,1.5362235136190758,1.5876286029815674,9500,0.0,0.0
2015-01-15 00:00:00-05:00,1.5856514494993212,1.6014684538908832,1.5065666632327668,1.5994913578033447,3500,0.0,0.0
2015-01-16 00:00:00-05:00,1.5540175725434437,1.5540175725434437,1.548086166381836,1.548086166381836,6000,0.0,0.0
2015-01-20 00:00:00-05:00,1.5559947201222792,1.5816973238786707,1.5559947201222792,1.5619261264801025,6500,0.0,0.0
2015-01-21 00:00:00-05:00,1.561926077635251,1.5816972744155304,1.5500632652905804,1.5718116760253906,13500,0.0,0.0
2015-01-22 00:00:00-05:00,1.5461091418540134,1.5816973447799683,1.5461091418540134,1.5816973447799683,4500,0.0,0.0
2015-01-23 00:00:00-05:00,1.5559947201222792,1.5619261264801025,1.5559947201222792,1.5619261264801025,3000,0.0,0.0
2015-01-26 00:00:00-05:00,1.5461091418540134,1.5896058474130286,1.5461091418540134,1.5816973447799683,27000,0.0,0.0
2015-01-27 00:00:00-05:00,1.5816972573242445,1.6271710565657642,1.5619260607576058,1.5994913578033447,52500,0.0,0.0
2015-01-28 00:00:00-05:00,1.5935599829828446,1.6172854900360107,1.5619260914242528,1.6172854900360107,18500,0.0,0.0
2015-01-29 00:00:00-05:00,1.5579717961880044,1.565880298614502,1.5579717961880044,1.565880298614502,10000,0.0,0.0
2015-01-30 00:00:00-05:00,1.565880298614502,1.565880298614502,1.565880298614502,1.565880298614502,0,0.0,0.0
2015-02-02 00:00:00-05:00,1.565880304093962,1.6370567083358765,1.565880304093962,1.6370567083358765,8500,0.0,0.0
2015-02-03 00:00:00-05:00,1.6370567083358765,1.6370567083358765,1.6370567083358765,1.6370567083358765,0,0.0,0.0
2015-02-04 00:00:00-05:00,1.5797202096716405,1.6291482026037216,1.5658803009432791,1.5896058082580566,34000,0.0,0.0
2015-02-05 00:00:00-05:00,1.5718117382365602,1.6311253309249878,1.5718117382365602,1.6311253309249878,3500,0.0,0.0
2015-02-06 00:00:00-05:00,1.5797202587127686,1.5797202587127686,1.5797202587127686,1.5797202587127686,10500,0.0,0.0
2015-02-09 00:00:00-05:00,1.5421547574868677,1.6212396621704102,1.5322691591321285,1.6212396621704102,10500,0.0,0.0
2015-02-10 00:00:00-05:00,1.5777429966216816,1.621239701135312,1.5777429966216816,1.6133311986923218,5500,0.0,0.0
2015-02-11 00:00:00-05:00,1.5856514348117567,1.6588049321380902,1.5816972426733067,1.650896430015564,22000,0.0,0.0
2015-02-12 00:00:00-05:00,1.6113540949066032,1.6508964890885274,1.6113540949066032,1.6390337944030762,9500,0.0,0.0
2015-02-13 00:00:00-05:00,1.6311253332162832,1.6785762310028076,1.6311253332162832,1.6785762310028076,31500,0.0,0.0
2015-02-17 00:00:00-05:00,1.6706677719267726,1.718118667602539,1.6706677719267726,1.718118667602539,7500,0.0,0.0
2015-02-18 00:00:00-05:00,1.7200958289011279,1.8288375327794328,1.7200958289011279,1.824883222579956,26000,0.0,0.0
2015-02-19 00:00:00-05:00,1.8703569450219786,1.9573503515951822,1.8604713467085183,1.9375791549682617,8500,0.0,0.0
2015-02-20 00:00:00-05:00,1.9672359930378036,1.9771215915679932,1.9672359930378036,1.9771215915679932,2000,0.0,0.0
2015-02-23 00:00:00-05:00,1.9771215915679932,2.0641150000484174,1.9731673992941694,1.9771215915679932,23000,0.0,0.0
2015-02-24 00:00:00-05:00,1.9870072806609362,2.0067784786224365,1.9870072806609362,2.0067784786224365,3500,0.0,0.0
2015-02-25 00:00:00-05:00,1.9257163427156072,2.006778343162484,1.9257163427156072,1.9375791549682617,2500,0.0,0.0
2015-02-26 00:00:00-05:00,1.9711901420957758,1.977121548222103,1.9375791549682617,1.9375791549682617,10000,0.0,0.0
2015-02-27 00:00:00-05:00,1.9909614324569702,1.9909614324569702,1.9909614324569702,1.9909614324569702,500,0.0,0.0
2015-03-02 00:00:00-05:00,1.9217622912959045,2.0048015117645264,1.9217622912959045,2.0048015117645264,5500,0.0,0.0
2015-03-03 00:00:00-05:00,2.1056345000574312,2.1926276683807373,2.095748666343478,2.1926276683807373,21500,0.0,0.0
2015-03-04 00:00:00-05:00,2.333003286671481,2.526761293411255,2.1392455156229584,2.526761293411255,95000,0.0,0.0
2015-03-05 00:00:00-05:00,2.471401994169013,2.4911731912670643,2.3824316072277822,2.41011118888855,133500,0.0,0.0
2015-03-06 00:00:00-05:00,2.275667051540676,2.447676658630371,2.275667051540676,2.447676658630371,29000,0.0,0.0
2015-03-09 00:00:00-04:00,2.4417451180303247,2.669114112854004,2.4417451180303247,2.669114112854004,87000,0.0,0.0
2015-03-10 00:00:00-04:00,2.669114112854004,2.669114112854004,2.584097920996672,2.669114112854004,54000,0.0,0.0
2015-03-11 00:00:00-04:00,2.7284278003390483,2.767970194654051,2.718542201760298,2.7462220191955566,49000,0.0,0.0
2015-03-12 00:00:00-04:00,2.7422676782742834,2.7422676782742834,2.704702496758893,2.7284278869628906,61000,0.0,0.0
2015-03-13 00:00:00-04:00,2.718542088379628,2.767970079211916,2.623640298843384,2.623640298843384,120500,0.0,0.0
2015-03-16 00:00:00-04:00,2.619686266677958,2.67109123886767,2.619686266677958,2.6394574642181396,8000,0.0,0.0
2015-03-17 00:00:00-04:00,2.6394573030479664,2.6394573030479664,2.6196861067150508,2.623640298843384,35500,0.0,0.0
2015-03-18 00:00:00-04:00,2.5228071788869006,2.5228071788869006,2.510944366455078,2.510944366455078,4500,0.0,0.0
2015-03-19 00:00:00-04:00,2.4219740975043322,2.4219740975043322,2.293461075577588,2.295438289642334,21000,0.0,0.0
2015-03-20 00:00:00-04:00,2.269735499834532,2.3824315071105957,2.269735499834532,2.3824315071105957,6000,0.0,0.0
2015-03-23 00:00:00-04:00,2.3824315071105957,2.3824315071105957,2.3824315071105957,2.3824315071105957,0,0.0,0.0
2015-03-24 00:00:00-04:00,2.2835752964019775,2.2835752964019775,2.2835752964019775,2.2835752964019775,0,0.0,0.0
2015-03-25 00:00:00-04:00,2.38440865471049,2.38440865471049,2.2044906616210938,2.2044906616210938,19000,0.0,0.0
2015-03-26 00:00:00-04:00,2.2143762282072292,2.38638583399932,2.125405839980119,2.3073010444641113,105000,0.0,0.0
2015-03-27 00:00:00-04:00,2.2143761978908194,2.412088404713283,2.2143761978908194,2.313232183456421,53000,0.0,0.0
2015-03-30 00:00:00-04:00,2.421974027660868,2.540601211534251,2.421974027660868,2.50105881690979,16500,0.0,0.0
2015-03-31 00:00:00-04:00,2.5010587012624526,2.6216630935668945,2.2855525191092485,2.6216630935668945,124000,0.0,0.0
2015-04-01 00:00:00-04:00,2.633526015761712,2.6592286192917434,2.522807217028315,2.599915027618408,18500,0.0,0.0
2015-04-02 00:00:00-04:00,2.6098006147460513,2.621663191613759,2.5900291819173495,2.6018919944763184,20000,0.0,0.0
2015-04-06 00:00:00-04:00,2.3765002608528856,2.412088463664527,2.3725460684718738,2.3982486724853516,11500,0.0,0.0
2015-04-07 00:00:00-04:00,2.510944366455078,2.510944366455078,2.510944366455078,2.510944366455078,500,0.0,0.0
2015-04-08 00:00:00-04:00,2.5307155068405733,2.6196861267089844,2.4120883279376963,2.6196861267089844,91000,0.0,0.0
2015-04-09 00:00:00-04:00,2.5307155633806095,2.590029154157204,2.3923171849018896,2.510944366455078,117000,0.0,0.0
2015-04-10 00:00:00-04:00,2.552464008331299,2.552464008331299,2.552464008331299,2.552464008331299,2000,0.0,0.0
2015-04-13 00:00:00-04:00,2.514898558701933,2.514898558701933,2.510944366455078,2.510944366455078,6500,0.0,0.0
2015-04-14 00:00:00-04:00,2.512921657627366,2.514898635965902,2.390340044370051,2.447676658630371,33500,0.0,0.0
2015-04-15 00:00:00-04:00,2.510944497213577,2.5663038986261806,2.510944497213577,2.5326929092407227,6500,0.0,0.0
2015-04-16 00:00:00-04:00,2.621663162591957,2.621663162591957,2.599914987396281,2.607823371887207,19000,0.0,0.0
2015-04-17 00:00:00-04:00,2.4417452291149937,2.550486814516718,2.4417452291149937,2.5485098361968994,5500,0.0,0.0
2015-04-20 00:00:00-04:00,2.3962714875034186,2.5228072950688856,2.2143762788587646,2.392317295074463,44000,0.0,0.0
2015-04-21 00:00:00-04:00,2.293461070202955,2.429882476686446,2.293461070202955,2.392317295074463,12000,0.0,0.0
2015-04-22 00:00:00-04:00,2.392317295074463,2.392317295074463,2.392317295074463,2.392317295074463,0,0.0,0.0
2015-04-23 00:00:00-04:00,2.392317295074463,2.392317295074463,2.392317295074463,2.392317295074463,0,0.0,0.0
2015-04-24 00:00:00-04:00,2.3152094582576837,2.4002256552154675,2.2756670629927855,2.3013696670532227,15500,0.0,0.0
2015-04-27 00:00:00-04:00,2.253918466408505,2.253918466408505,2.198559070441094,2.242055654525757,7500,0.0,0.0
2015-04-28 00:00:00-04:00,2.164948124692947,2.342888892101578,2.164948124692947,2.331026315689087,22500,0.0,0.0
2015-04-29 00:00:00-04:00,2.2539186477661133,2.2539186477661133,2.2539186477661133,2.2539186477661133,2500,0.0,0.0
2015-04-30 00:00:00-04:00,2.1886735945055107,2.313232183456421,2.1886735945055107,2.313232183456421,2500,0.0,0.0
2015-05-01 00:00:00-04:00,2.184719406720229,2.216353416442871,2.184719406720229,2.216353416442871,11000,0.0,0.0
2015-05-04 00:00:00-04:00,2.188673534424368,2.277643918991089,2.105634555967013,2.277643918991089,4500,0.0,0.0
2015-05-05 00:00:00-04:00,2.22426176071167,2.22426176071167,2.22426176071167,2.22426176071167,1500,0.0,0.0
2015-05-06 00:00:00-04:00,2.2064678838907663,2.2064678838907663,2.155062675476074,2.155062675476074,2500,0.0,0.0
2015-05-07 00:00:00-04:00,2.105634633136431,2.166925203336102,2.105634633136431,2.1649482250213623,3500,0.0,0.0
2015-05-08 00:00:00-04:00,2.0799319744110107,2.135291372508561,2.0799319744110107,2.0799319744110107,40000,0.0,0.0
2015-05-11 00:00:00-04:00,2.077954812061383,2.077954812061383,1.9731674194335938,1.9731674194335938,25000,0.0,0.0
2015-05-12 00:00:00-04:00,2.05225217405174,2.05225217405174,1.8347687721252441,1.8347687721252441,38000,0.0,0.0
2015-05-13 00:00:00-04:00,1.8347687548913993,1.8624484539031982,1.7280042689005333,1.8624484539031982,69000,0.0,0.0
2015-05-14 00:00:00-04:00,1.8486087221224698,1.8505858182907104,1.8486087221224698,1.8505858182907104,3000,0.0,0.0
2015-05-15 00:00:00-04:00,1.8565172057825565,1.8565172057825565,1.8505857994924544,1.8545401096343994,10000,0.0,0.0
2015-05-18 00:00:00-04:00,1.838723053443152,1.8407001495361328,1.8367459573501714,1.8407001495361328,12000,0.0,0.0
2015-05-19 00:00:00-04:00,1.7813866225777641,1.7813866225777641,1.779409408569336,1.779409408569336,1000,0.0,0.0
2015-05-20 00:00:00-04:00,1.7794093998470888,1.7892949984582458,1.7616152987778801,1.7813866138458252,5000,0.0,0.0
2015-05-21 00:00:00-04:00,1.7517296393631927,1.8387230455365409,1.7517296393631927,1.7695237398147583,2000,0.0,0.0
2015-05-22 00:00:00-04:00,1.761615237631215,1.7794093380827805,1.761615237631215,1.7695237398147583,8500,0.0,0.0
2015-05-26 00:00:00-04:00,1.759638141546736,1.7794093380827805,1.7517296393631927,1.7695237398147583,8000,0.0,0.0
2015-05-27 00:00:00-04:00,1.7497525432787138,1.7774322419983015,1.7497525432787138,1.7695237398147583,4000,0.0,0.0
2015-05-28 00:00:00-04:00,1.7596381959826788,1.8308145999908447,1.7596381959826788,1.8308145999908447,12500,0.0,0.0
2015-05-29 00:00:00-04:00,1.7794093597263598,1.793249268177307,1.7794093597263598,1.789294958114624,3000,0.0,0.0
2015-06-01 00:00:00-04:00,1.7912721633911133,1.7912721633911133,1.7912721633911133,1.7912721633911133,1000,0.0,0.0
2015-06-02 00:00:00-04:00,1.7616152547651485,1.781386569339121,1.7418440580368042,1.7418440580368042,13000,0.0,0.0
2015-06-03 00:00:00-04:00,1.7418440580368042,1.7418440580368042,1.7418440580368042,1.7418440580368042,0,0.0,0.0
2015-06-04 00:00:00-04:00,1.7794093582743844,1.7794093582743844,1.7655695676803589,1.7655695676803589,3500,0.0,0.0
2015-06-05 00:00:00-04:00,1.773478142106038,1.7991807460784912,1.773478142106038,1.7991807460784912,2500,0.0,0.0
2015-06-08 00:00:00-04:00,1.7655695864381376,1.771500992667524,1.76161527633667,1.76161527633667,11500,0.0,0.0
2015-06-09 00:00:00-04:00,1.8387231205682486,1.8387231205682486,1.8031349182128906,1.8031349182128906,3500,0.0,0.0
2015-06-10 00:00:00-04:00,1.8031349182128906,1.8031349182128906,1.8031349182128906,1.8031349182128906,0,0.0,0.0
2015-06-11 00:00:00-04:00,1.7457983894676887,1.799180691995278,1.7418440793662213,1.76161527633667,9500,0.0,0.0
2015-06-12 00:00:00-04:00,1.76161527633667,1.76161527633667,1.76161527633667,1.76161527633667,2000,0.0,0.0
2015-06-15 00:00:00-04:00,1.76161527633667,1.76161527633667,1.76161527633667,1.76161527633667,0,0.0,0.0
2015-06-16 00:00:00-04:00,1.751729734675881,1.751729734675881,1.7023017406463623,1.7023017406463623,11000,0.0,0.0
2015-06-17 00:00:00-04:00,1.7023017406463623,1.7023017406463623,1.6983475482622543,1.7023017406463623,4500,0.0,0.0
2015-06-18 00:00:00-04:00,1.6429880069259952,1.6686906105991755,1.5915829174252663,1.6350796222686768,59500,0.0,0.0
2015-06-19 00:00:00-04:00,1.6232167482376099,1.6232167482376099,1.6232167482376099,1.6232167482376099,1500,0.0,0.0
2015-06-22 00:00:00-04:00,1.585651459445251,1.6469422634627766,1.585651459445251,1.597514271736145,11500,0.0,0.0
2015-06-23 00:00:00-04:00,1.6073998716120264,1.7794093536918671,1.5836743648532752,1.6212396621704102,124500,0.0,0.0
2015-06-24 00:00:00-04:00,1.6192626040173053,1.6192626040173053,1.5896058082580566,1.5896058082580566,1500,0.0,0.0
2015-06-25 00:00:00-04:00,1.627171138047417,1.6904390409362182,1.6014685340854613,1.6073999404907227,16000,0.0,0.0
2015-06-26 00:00:00-04:00,1.7102101421522908,1.7102101421522908,1.6014684438705444,1.6014684438705444,2000,0.0,0.0
2015-06-29 00:00:00-04:00,1.6073999385945936,1.6093770347788043,1.583674430847168,1.583674430847168,4500,0.0,0.0
2015-06-30 00:00:00-04:00,1.676599144935608,1.676599144935608,1.676599144935608,1.676599144935608,500,0.0,0.0
2015-07-01 00:00:00-04:00,1.6568278917205992,1.6568278917205992,1.5816972958014548,1.5915828943252563,7000,0.0,0.0
2015-07-02 00:00:00-04:00,1.5816972785532821,1.670667782142917,1.5777429684795046,1.6192625761032104,18000,0.0,0.0
2015-07-06 00:00:00-04:00,1.6192625761032104,1.6192625761032104,1.6192625761032104,1.6192625761032104,0,0.0,0.0
2015-07-07 00:00:00-04:00,1.6192625761032104,1.6192625761032104,1.6192625761032104,1.6192625761032104,0,0.0,0.0
2015-07-08 00:00:00-04:00,1.5362235307693481,1.5362235307693481,1.5362235307693481,1.5362235307693481,1000,0.0,0.0
2015-07-09 00:00:00-04:00,1.5619260676692392,1.5737887620925903,1.5619260676692392,1.5737887620925903,14000,0.0,0.0
2015-07-10 00:00:00-04:00,1.5540176386083269,1.6548508405685425,1.5540176386083269,1.6548508405685425,3500,0.0,0.0
2015-07-13 00:00:00-04:00,1.5994913904032344,1.6607820774398794,1.5994913904032344,1.6410108804702759,5500,0.0,0.0
2015-07-14 00:00:00-04:00,1.6548507502648546,1.6548507502648546,1.552040457725525,1.552040457725525,30000,0.0,0.0
2015-07-15 00:00:00-04:00,1.5639032125473022,1.5639032125473022,1.5639032125473022,1.5639032125473022,7000,0.0,0.0
2015-07-16 00:00:00-04:00,1.5639032125473022,1.5639032125473022,1.5639032125473022,1.5639032125473022,0,0.0,0.0
2015-07-17 00:00:00-04:00,1.5639032125473022,1.5639032125473022,1.5639032125473022,1.5639032125473022,0,0.0,0.0
2015-07-20 00:00:00-04:00,1.5718116760253906,1.5718116760253906,1.5718116760253906,1.5718116760253906,13000,0.0,0.0
2015-07-21 00:00:00-04:00,1.5718116760253906,1.5718116760253906,1.5718116760253906,1.5718116760253906,0,0.0,0.0
2015-07-22 00:00:00-04:00,1.57576584815979,1.57576584815979,1.57576584815979,1.57576584815979,1500,0.0,0.0
2015-07-23 00:00:00-04:00,1.57576584815979,1.57576584815979,1.57576584815979,1.57576584815979,0,0.0,0.0
2015-07-24 00:00:00-04:00,1.573788787204498,1.6489193828272433,1.573788787204498,1.6410108804702759,21000,0.0,0.0
2015-07-27 00:00:00-04:00,1.5658802598618138,1.5816972643233669,1.5658802598618138,1.5737887620925903,7000,0.0,0.0
2015-07-28 00:00:00-04:00,1.5737887620925903,1.5737887620925903,1.5737887620925903,1.5737887620925903,0,0.0,0.0
2015-07-29 00:00:00-04:00,1.5816973447799683,1.5816973447799683,1.5816973447799683,1.5816973447799683,1500,0.0,0.0
2015-07-30 00:00:00-04:00,1.611354112625122,1.611354112625122,1.611354112625122,1.611354112625122,1500,0.0,0.0
2015-07-31 00:00:00-04:00,1.5955370664596558,1.5955370664596558,1.5955370664596558,1.5955370664596558,1000,0.0,0.0
2015-08-03 00:00:00-04:00,1.593559980392456,1.593559980392456,1.593559980392456,1.593559980392456,1000,0.0,0.0
2015-08-04 00:00:00-04:00,1.593559980392456,1.593559980392456,1.593559980392456,1.593559980392456,0,0.0,0.0
2015-08-05 00:00:00-04:00,1.5896058082580566,1.5896058082580566,1.5896058082580566,1.5896058082580566,6500,0.0,0.0
2015-08-06 00:00:00-04:00,1.5896058082580566,1.5896058082580566,1.5896058082580566,1.5896058082580566,500,0.0,0.0
2015-08-07 00:00:00-04:00,1.5896058082580566,1.5896058082580566,1.5896058082580566,1.5896058082580566,0,0.0,0.0
2015-08-10 00:00:00-04:00,1.6588050498592213,1.6588050498592213,1.5797202587127686,1.5797202587127686,5500,0.0,0.0
2015-08-11 00:00:00-04:00,1.565880298614502,1.565880298614502,1.565880298614502,1.565880298614502,2000,0.0,0.0
2015-08-12 00:00:00-04:00,1.5797202073222805,1.5797202073222805,1.565880298614502,1.565880298614502,1000,0.0,0.0
2015-08-13 00:00:00-04:00,1.5658802449358664,1.5658802449358664,1.522383542004019,1.5283149480819702,16000,0.0,0.0
2015-08-14 00:00:00-04:00,1.5955370894926175,1.9375791997121445,1.5955370894926175,1.7596381902694702,149500,0.0,0.0
2015-08-17 00:00:00-04:00,1.7754551589082632,1.8288374606536613,1.7754551589082632,1.7912721633911133,21500,0.0,0.0
2015-08-18 00:00:00-04:00,1.7892950072289497,1.8031349160597883,1.779409408569336,1.779409408569336,18000,0.0,0.0
2015-08-19 00:00:00-04:00,1.7853408332875516,1.7853408332875516,1.7398670318468177,1.7517297267913818,10500,0.0,0.0
2015-08-20 00:00:00-04:00,1.7378899047002063,1.7378899047002063,1.7339355945587158,1.7339355945587158,6000,0.0,0.0
2015-08-21 00:00:00-04:00,1.670667832802771,1.8070891186494247,1.6686906187831128,1.7774323225021362,25000,0.0,0.0
2015-08-24 00:00:00-04:00,1.8051119583224846,1.838723063468933,1.7517296564471703,1.838723063468933,157000,0.0,0.0
2015-08-25 00:00:00-04:00,1.996892825361828,1.996892825361828,1.8743113306251753,1.921762228012085,26000,0.0,0.0
2015-08-26 00:00:00-04:00,1.9276935779993687,2.0720233621122452,1.9276935779993687,1.9573503732681274,54500,0.0,0.0
2015-08-27 00:00:00-04:00,1.998870096379452,2.1056347069286656,1.998870096379452,2.101680278778076,28500,0.0,0.0
2015-08-28 00:00:00-04:00,2.2084448946191446,2.244033098220825,1.9454877957666046,2.244033098220825,40000,0.0,0.0
2015-08-31 00:00:00-04:00,2.2756671093537126,2.329049296910598,2.244033098220825,2.244033098220825,88500,0.0,0.0
2015-09-01 00:00:00-04:00,2.273689698241022,2.3152093047935356,2.2341473055972,2.2835752964019775,48500,0.0,0.0
2015-09-02 00:00:00-04:00,2.313232282323986,2.570258091471096,2.2934610843658447,2.2934610843658447,199000,0.0,0.0
2015-09-03 00:00:00-04:00,2.372546013348456,2.5406011890126616,2.372546013348456,2.457562208175659,112500,0.0,0.0
2015-09-04 00:00:00-04:00,2.4714020745370133,2.4714020745370133,2.3349806687093895,2.394294261932373,38000,0.0,0.0
2015-09-08 00:00:00-04:00,2.412088493245194,2.4714020867615667,2.412088493245194,2.439768075942993,48500,0.0,0.0
2015-09-09 00:00:00-04:00,2.4634936074065474,2.4634936074065474,2.3626604080200195,2.3626604080200195,16000,0.0,0.0
2015-09-10 00:00:00-04:00,2.3626604080200195,2.449653580897261,2.3626604080200195,2.3626604080200195,27500,0.0,0.0
2015-09-11 00:00:00-04:00,2.3685916149391395,2.4279054427818108,2.3053238304492254,2.3073010444641113,38500,0.0,0.0
2015-09-14 00:00:00-04:00,2.2736897527003443,2.2736897527003443,2.1352913751320557,2.22426176071167,51000,0.0,0.0
2015-09-15 00:00:00-04:00,2.3231177006120443,2.4338364948424887,2.2400787227848378,2.2815983295440674,14500,0.0,0.0
2015-09-16 00:00:00-04:00,2.204490658015795,2.348820447921753,2.1333142522374064,2.348820447921753,4000,0.0,0.0
2015-09-17 00:00:00-04:00,2.352774901513906,2.352774901513906,2.157039665655337,2.2005364894866943,21000,0.0,0.0
2015-09-18 00:00:00-04:00,2.0858632174277756,2.305323839187622,2.0858632174277756,2.305323839187622,29500,0.0,0.0
2015-09-21 00:00:00-04:00,2.1590167555242177,2.1590167555242177,1.818951865601885,2.0324809551239014,154500,0.0,0.0
2015-09-22 00:00:00-04:00,1.7991806646015662,1.8881510496139526,1.7715009656952536,1.8881510496139526,121000,0.0,0.0
2015-09-23 00:00:00-04:00,1.9771216487750325,1.9850300335515052,1.8841969491951422,1.9178080558776855,17000,0.0,0.0
2015-09-24 00:00:00-04:00,1.9613045867814378,1.9968927886283723,1.9178080003868558,1.9771215915679932,37500,0.0,0.0
2015-09-25 00:00:00-04:00,2.0245725507600727,2.036435127258301,1.8822197472513071,2.036435127258301,24500,0.0,0.0
2015-09-28 00:00:00-04:00,1.8861739480136026,2.1629709362692275,1.8782654457997807,2.1313369274139404,161500,0.0,0.0
2015-09-29 00:00:00-04:00,2.1748336988818124,2.1748336988818124,2.0443437099456787,2.0443437099456787,10500,0.0,0.0
2015-09-30 00:00:00-04:00,2.06411495816483,2.06411495816483,1.985029935836792,1.985029935836792,18000,0.0,0.0
2015-10-01 00:00:00-04:00,1.9790988477248743,1.9790988477248743,1.8486087322235107,1.8486087322235107,5000,0.0,0.0
2015-10-02 00:00:00-04:00,1.8486087322235107,1.8486087322235107,1.8486087322235107,1.8486087322235107,0,0.0,0.0
2015-10-05 00:00:00-04:00,1.8327916449729365,1.848608649387794,1.6845075526591233,1.7200957536697388,68000,0.0,0.0
2015-10-06 00:00:00-04:00,1.7576610507708048,1.7576610507708048,1.7200957536697388,1.7200957536697388,6500,0.0,0.0
2015-10-07 00:00:00-04:00,1.7003246289500598,1.7774323225021362,1.6232168175523507,1.7774323225021362,15500,0.0,0.0
2015-10-08 00:00:00-04:00,1.7299813418983363,1.7299813418983363,1.660782036370327,1.7220728397369385,5000,0.0,0.0
2015-10-09 00:00:00-04:00,1.779409408569336,1.779409408569336,1.779409408569336,1.779409408569336,2000,0.0,0.0
2015-10-12 00:00:00-04:00,1.6746220323549696,1.7280043363571167,1.6746220323549696,1.7280043363571167,3000,0.0,0.0
2015-10-13 00:00:00-04:00,1.7952263782642919,1.8367459860947952,1.7952263782642919,1.8347687721252441,10500,0.0,0.0
2015-10-14 00:00:00-04:00,1.8347687721252441,1.8347687721252441,1.8347687721252441,1.8347687721252441,0,0.0,0.0
2015-10-15 00:00:00-04:00,1.8051120373892344,1.8703570365905762,1.8051120373892344,1.8703570365905762,2000,0.0,0.0
2015-10-16 00:00:00-04:00,1.7833636803460837,1.9079222679138184,1.7833636803460837,1.9079222679138184,13000,0.0,0.0
2015-10-19 00:00:00-04:00,1.8782654889044945,1.8782654889044945,1.8486086933062833,1.8565171957015991,5500,0.0,0.0
2015-10-20 00:00:00-04:00,1.7892950294504735,1.8011578422658414,1.7892950294504735,1.7991807460784912,7000,0.0,0.0
2015-10-21 00:00:00-04:00,1.7695237398147583,1.844654451635605,1.7695237398147583,1.7695237398147583,5000,0.0,0.0
2015-10-22 00:00:00-04:00,1.7635924816131592,1.7635924816131592,1.7635924816131592,1.7635924816131592,2000,0.0,0.0
2015-10-23 00:00:00-04:00,1.7794093628286205,1.923739264532786,1.7102101739901276,1.7161414623260498,98500,0.0,0.0
2015-10-26 00:00:00-04:00,1.6825305270644442,1.7556840282411592,1.6825305270644442,1.753706932067871,8500,0.0,0.0
2015-10-27 00:00:00-04:00,1.759638168812,1.759638168812,1.7398669719696045,1.7398669719696045,2000,0.0,0.0
2015-10-28 00:00:00-04:00,1.8149976289991971,1.8149976289991971,1.7280043363571167,1.7280043363571167,4000,0.0,0.0
2015-10-29 00:00:00-04:00,1.7517296878669482,1.7616152864086934,1.7517296878669482,1.7596381902694702,5500,0.0,0.0
2015-10-30 00:00:00-04:00,1.7102101739901276,1.7200957723956265,1.7102101739901276,1.7161414623260498,5500,0.0,0.0
2015-11-02 00:00:00-05:00,1.718118667602539,1.718118667602539,1.718118667602539,1.718118667602539,2500,0.0,0.0
2015-11-03 00:00:00-05:00,1.7339355272581016,1.7477754354476929,1.7161414269261277,1.7477754354476929,8000,0.0,0.0
2015-11-04 00:00:00-05:00,1.7477754354476929,1.7477754354476929,1.7477754354476929,1.7477754354476929,0,0.0,0.0
2015-11-05 00:00:00-05:00,1.7754552364349365,1.7754552364349365,1.7754552364349365,1.7754552364349365,1500,0.0,0.0
2015-11-06 00:00:00-05:00,1.7240499646195748,1.7991806774852472,1.7161414623260498,1.7161414623260498,7500,0.0,0.0
2015-11-09 00:00:00-05:00,1.7161414623260498,1.7161414623260498,1.7161414623260498,1.7161414623260498,0,0.0,0.0
2015-11-10 00:00:00-05:00,1.826860405314795,1.9356019894851053,1.7299813980028529,1.80708909034729,77000,0.0,0.0
2015-11-11 00:00:00-05:00,1.8584942675527836,1.8584942675527836,1.8130204677581787,1.8130204677581787,36500,0.0,0.0
2015-11-12 00:00:00-05:00,1.8130204677581787,1.8130204677581787,1.8130204677581787,1.8130204677581787,0,0.0,0.0
2015-11-13 00:00:00-05:00,1.8901282318203443,1.8901282318203443,1.7378899398229195,1.8229061365127563,13500,0.0,0.0
2015-11-16 00:00:00-05:00,1.7102102041244507,1.7102102041244507,1.704278797838387,1.7102102041244507,1500,0.0,0.0
2015-11-17 00:00:00-05:00,1.7616152864086934,1.7635925003935464,1.7082331014215213,1.7596381902694702,5000,0.0,0.0
2015-11-18 00:00:00-05:00,1.7833636898494578,1.7853407859802246,1.781386593718691,1.7853407859802246,7000,0.0,0.0
2015-11-19 00:00:00-05:00,1.7596381902694702,1.7596381902694702,1.656827894727942,1.7596381902694702,9000,0.0,0.0
2015-11-20 00:00:00-05:00,1.7635925307799434,1.7635925307799434,1.7181187295661575,1.753706932067871,37500,0.0,0.0
2015-11-23 00:00:00-05:00,1.7537069268954892,1.8644257264206519,1.7537069268954892,1.8268604278564453,65000,0.0,0.0
2015-11-24 00:00:00-05:00,1.8505858385360505,1.8505858385360505,1.8308146409460861,1.846631646156311,4500,0.0,0.0
2015-11-25 00:00:00-05:00,1.8130205012949465,1.8545401096343994,1.793249304122114,1.8545401096343994,19500,0.0,0.0
2015-11-27 00:00:00-05:00,1.8545401174955292,1.8545401174955292,1.8070891026648364,1.828837513923645,12000,0.0,0.0
2015-11-30 00:00:00-05:00,1.8782655472867518,1.8782655472867518,1.8110434516055447,1.8209290504455566,24500,0.0,0.0
2015-12-01 00:00:00-05:00,1.8664028122803868,1.9672360125657544,1.8090663166670053,1.828837513923645,64500,0.0,0.0
2015-12-02 00:00:00-05:00,1.907922229393861,1.907922229393861,1.8189518451690674,1.8189518451690674,32000,0.0,0.0
2015-12-03 00:00:00-05:00,1.8110434228255272,1.828837524023902,1.8110434228255272,1.8268604278564453,2500,0.0,0.0
2015-12-04 00:00:00-05:00,1.8525629012065792,1.8980367019789708,1.7833637108937586,1.8051120042800903,20000,0.0,0.0
2015-12-07 00:00:00-05:00,1.8782655070652443,1.8940825120088087,1.828837513923645,1.828837513923645,31500,0.0,0.0
2015-12-08 00:00:00-05:00,1.8288375452104646,1.8703570365905762,1.8248832349841095,1.8703570365905762,26500,0.0,0.0
2015-12-09 00:00:00-05:00,1.8584942506149518,1.977121548222103,1.8584942506149518,1.9375791549682617,19500,0.0,0.0
2015-12-10 00:00:00-05:00,1.981075771424788,2.0759775638580322,1.981075771424788,2.0759775638580322,33500,0.0,0.0
2015-12-11 00:00:00-05:00,1.9474647837710632,2.125405791890433,1.9474647837710632,2.0759775638580322,45000,0.0,0.0
2015-12-14 00:00:00-05:00,2.1254058516241057,2.3527748584747314,2.1254058516241057,2.3527748584747314,85500,0.0,0.0
2015-12-15 00:00:00-05:00,2.3725459822600867,2.568280972766011,2.3725459822600867,2.5603723526000977,170000,0.0,0.0
2015-12-16 00:00:00-05:00,2.540601117897745,2.5702579127730587,2.4022027418129484,2.4714019298553467,239000,0.0,0.0
2015-12-17 00:00:00-05:00,2.4318595452149165,2.471401938520646,2.4318595452149165,2.4694247245788574,58000,0.0,0.0
2015-12-18 00:00:00-05:00,2.4318595452149165,2.4694247245788574,2.421973946888484,2.4694247245788574,33000,0.0,0.0
2015-12-21 00:00:00-05:00,2.550486743220043,2.564326769528206,2.1787879606806086,2.321140766143799,43500,0.0,0.0
2015-12-22 00:00:00-05:00,2.344866104167086,2.3606831083958544,2.174833721167515,2.234147310256958,43000,0.0,0.0
2015-12-23 00:00:00-05:00,2.234147364580638,2.2736897582684135,2.234147364580638,2.2717127799987793,14500,0.0,0.0
2015-12-24 00:00:00-05:00,2.2934610303071112,2.356729050834902,2.2934610303071112,2.3527748584747314,8000,0.0,0.0
2015-12-28 00:00:00-05:00,2.311255295310748,2.3567290975828894,2.311255295310748,2.3428890705108643,68500,0.0,0.0
2015-12-29 00:00:00-05:00,2.348820377305089,2.4595391750335693,2.3330033725308406,2.4595391750335693,20000,0.0,0.0
2015-12-30 00:00:00-05:00,2.374522878532212,2.4812874794006348,2.358705874437862,2.4812874794006348,15000,0.0,0.0
2015-12-31 00:00:00-05:00,2.459539160172193,2.510944366455078,2.400225569395599,2.510944366455078,26000,0.0,0.0
2016-01-04 00:00:00-05:00,2.4002255816725393,2.463493600710857,2.38836276918004,2.412088394165039,49000,0.0,0.0
2016-01-05 00:00:00-05:00,2.412088493245194,2.4516308889227756,2.3863858889165117,2.439768075942993,27000,0.0,0.0
2016-01-06 00:00:00-05:00,2.3804544541233708,2.449653645736371,2.3804544541233708,2.445699453353882,6000,0.0,0.0
2016-01-07 00:00:00-05:00,2.449653645736371,2.4516308597732492,2.418019870985188,2.445699453353882,5500,0.0,0.0
2016-01-08 00:00:00-05:00,2.4516308277878776,2.5485098361968994,2.3824316370776892,2.5485098361968994,79000,0.0,0.0
2016-01-11 00:00:00-05:00,2.461516311245726,2.5148984944424124,2.0740005314391716,2.2815983295440674,127500,0.0,0.0
2016-01-12 00:00:00-05:00,2.2736898776952073,2.352774904916,2.2736898776952073,2.295438289642334,167500,0.0,0.0
2016-01-13 00:00:00-05:00,2.2914839653416332,2.3626603678988958,2.2736897468566895,2.2736897468566895,32000,0.0,0.0
2016-01-14 00:00:00-05:00,2.323117733001709,2.323117733001709,2.323117733001709,2.323117733001709,500,0.0,0.0
2016-01-15 00:00:00-05:00,2.2736897468566895,2.331026358830944,2.2736897468566895,2.2736897468566895,39500,0.0,0.0
2016-01-19 00:00:00-05:00,2.2736897029832535,2.3606831083958544,2.1946049175306626,2.234147310256958,10000,0.0,0.0
2016-01-20 00:00:00-05:00,2.194604965518465,2.22426176071167,2.115520178336586,2.22426176071167,8500,0.0,0.0
2016-01-21 00:00:00-05:00,2.1748338651134747,2.2282160516889356,2.1748338651134747,2.2044906616210938,19500,0.0,0.0
2016-01-22 00:00:00-05:00,2.2974152526849996,2.2993924667365517,2.1748338737704875,2.2025134563446045,26500,0.0,0.0
2016-01-25 00:00:00-05:00,2.1807651807594803,2.210421976032371,2.1748337745666504,2.1748337745666504,31000,0.0,0.0
2016-01-26 00:00:00-05:00,2.1787880950842564,2.1787880950842564,2.1491312980651855,2.1491312980651855,8500,0.0,0.0
2016-01-27 00:00:00-05:00,2.1491312980651855,2.1491312980651855,2.1491312980651855,2.1491312980651855,0,0.0,0.0
2016-01-28 00:00:00-05:00,2.1412225513710346,2.1748337745666504,2.1412225513710346,2.1748337745666504,1000,0.0,0.0
2016-01-29 00:00:00-05:00,2.194604906785329,2.194604906785329,2.1392455101013184,2.1392455101013184,17500,0.0,0.0
2016-02-01 00:00:00-05:00,2.1629709422298187,2.210421955643512,2.125405762840493,2.17878794670105,44500,0.0,0.0
2016-02-02 00:00:00-05:00,2.1431997920457175,2.2657814025878906,2.1372683857789574,2.2657814025878906,178500,0.0,0.0
2016-02-03 00:00:00-05:00,2.2005363189882017,2.2835752964019775,2.1511083281834242,2.2835752964019775,157000,0.0,0.0
2016-02-04 00:00:00-05:00,2.2914839229316133,2.331026315689087,2.261827128363508,2.331026315689087,14000,0.0,0.0
2016-02-05 00:00:00-05:00,2.2855526618090103,2.3013696670532227,2.2855526618090103,2.3013696670532227,1500,0.0,0.0
2016-02-08 00:00:00-05:00,2.2895068464680564,2.350797653198242,2.253918643711538,2.350797653198242,9000,0.0,0.0
2016-02-09 00:00:00-05:00,2.3527748931229495,2.3527748931229495,2.297415256500244,2.297415256500244,14000,0.0,0.0
2016-02-10 00:00:00-05:00,2.313232061964289,2.313232061964289,2.289506673812866,2.289506673812866,10500,0.0,0.0
2016-02-11 00:00:00-05:00,2.342889012618681,2.3587060176735406,2.342889012618681,2.3547518253326416,12000,0.0,0.0
2016-02-12 00:00:00-05:00,2.37056877239859,2.37056877239859,2.366614580154419,2.366614580154419,2500,0.0,0.0
2016-02-16 00:00:00-05:00,2.406156944769637,2.406156944769637,2.3666145514254247,2.3725459575653076,15500,0.0,0.0
2016-02-17 00:00:00-05:00,2.3982487015635314,2.4199968777684218,2.386385888585395,2.392317295074463,11500,0.0,0.0
2016-02-18 00:00:00-05:00,2.4002256393432617,2.4002256393432617,2.4002256393432617,2.4002256393432617,1500,0.0,0.0
2016-02-19 00:00:00-05:00,2.368591547012329,2.416042560787406,2.368591547012329,2.368591547012329,7000,0.0,0.0
2016-02-22 00:00:00-05:00,2.4002255271118687,2.4002255271118687,2.3745229244232178,2.3745229244232178,6500,0.0,0.0
2016-02-23 00:00:00-05:00,2.3448662266347626,2.3804544290853795,2.3448662266347626,2.3547518253326416,4500,0.0,0.0
2016-02-24 00:00:00-05:00,2.3527746971473675,2.4417450797612914,2.3369576930999756,2.3369576930999756,100500,0.0,0.0
2016-02-25 00:00:00-05:00,2.3626603954346583,2.467447786540834,2.358705967486635,2.4615163803100586,65000,0.0,0.0
2016-02-26 00:00:00-05:00,2.4437222800177874,2.5603724892372997,2.43976808756944,2.4852418899536133,64500,0.0,0.0
2016-02-29 00:00:00-05:00,2.5089673394899994,2.560372309084097,2.376500134106499,2.520829916000366,20000,0.0,0.0
2016-03-01 00:00:00-05:00,2.540601155722202,2.5603723526000977,2.5148985526426855,2.5603723526000977,8000,0.0,0.0
2016-03-02 00:00:00-05:00,2.7481989796261432,2.9419569933392404,2.6295717974525195,2.7976269721984863,93000,0.0,0.0
2016-03-03 00:00:00-05:00,2.7976268797069745,2.7976268797069745,2.7244735002566607,2.767970085144043,32000,0.0,0.0
2016-03-04 00:00:00-05:00,2.7284278869628906,2.8055356997399694,2.6434116893482353,2.7284278869628906,60500,0.0,0.0
2016-03-07 00:00:00-05:00,2.7383134776558964,2.833215273878983,2.7383134776558964,2.77785587310791,42000,0.0,0.0
2016-03-08 00:00:00-05:00,2.734359146668232,2.7956499507890666,2.718542142150799,2.758084535598755,13000,0.0,0.0
2016-03-09 00:00:00-05:00,2.7481989659400226,2.752153158187866,2.7462219876617304,2.752153158187866,10000,0.0,0.0
2016-03-10 00:00:00-05:00,2.661205526698713,2.663182740644985,2.388362729441025,2.419996738433838,63000,0.0,0.0
2016-03-11 00:00:00-05:00,2.3962713356996344,2.475356122033804,2.3863857374078634,2.4714019298553467,13500,0.0,0.0
2016-03-14 00:00:00-04:00,2.425928080208427,2.425928080208427,2.384408473968506,2.384408473968506,4000,0.0,0.0
2016-03-15 00:00:00-04:00,2.386385748097531,2.386385748097531,2.283575336849574,2.3725459575653076,21500,0.0,0.0
2016-03-16 00:00:00-04:00,2.3349805039775346,2.3349805039775346,1.9929385243597175,2.137268304824829,38000,0.0,0.0
2016-03-17 00:00:00-04:00,2.168902417342105,2.255895826854762,2.077954815508705,2.1649482250213623,10500,0.0,0.0
2016-03-18 00:00:00-04:00,2.212399004252802,2.212399004252802,2.1550626263738737,2.1649482250213623,8000,0.0,0.0
2016-03-21 00:00:00-04:00,2.1214512649042563,2.151108294615579,2.0285266907796045,2.0957486629486084,23000,0.0,0.0
2016-03-22 00:00:00-04:00,1.98305299027439,2.1234285831451416,1.98305299027439,2.1234285831451416,27500,0.0,0.0
2016-03-23 00:00:00-04:00,2.079932096510616,2.151108503341675,2.079932096510616,2.151108503341675,3500,0.0,0.0
2016-03-24 00:00:00-04:00,2.151108503341675,2.151108503341675,2.151108503341675,2.151108503341675,0,0.0,0.0
2016-03-28 00:00:00-04:00,2.1748337745666504,2.1748337745666504,2.1748337745666504,2.1748337745666504,3000,0.0,0.0
2016-03-29 00:00:00-04:00,2.1471539517945835,2.22426176071167,2.1174971566013787,2.22426176071167,4500,0.0,0.0
2016-03-30 00:00:00-04:00,2.160993940491923,2.2242617219979874,2.0957487093729688,2.135291337966919,52000,0.0,0.0
2016-03-31 00:00:00-04:00,2.127382755279541,2.127382755279541,2.127382755279541,2.127382755279541,1000,0.0,0.0
2016-04-01 00:00:00-04:00,2.127382755279541,2.127382755279541,2.127382755279541,2.127382755279541,0,0.0,0.0
2016-04-04 00:00:00-04:00,2.1352914138356387,2.216353416442871,2.1352914138356387,2.216353416442871,3500,0.0,0.0
2016-04-05 00:00:00-04:00,2.216353416442871,2.216353416442871,2.216353416442871,2.216353416442871,0,0.0,0.0
2016-04-06 00:00:00-04:00,2.109588777828039,2.1748337745666504,2.075977554632423,2.1748337745666504,27500,0.0,0.0
2016-04-07 00:00:00-04:00,2.2638041973114014,2.2638041973114014,2.2638041973114014,2.2638041973114014,2500,0.0,0.0
2016-04-08 00:00:00-04:00,2.2044906616210938,2.2044906616210938,2.2044906616210938,2.2044906616210938,3000,0.0,0.0
2016-04-11 00:00:00-04:00,2.2044906616210938,2.2044906616210938,2.2044906616210938,2.2044906616210938,0,0.0,0.0
2016-04-12 00:00:00-04:00,2.11552018457138,2.1352913814251187,2.0759775551726443,2.0779547691345215,36500,0.0,0.0
2016-04-13 00:00:00-04:00,2.1827422665627867,2.1946050795328698,2.1056346893310547,2.1056346893310547,15500,0.0,0.0
2016-04-14 00:00:00-04:00,2.2440330142012708,2.2440330142012708,2.1649482250213623,2.1649482250213623,2000,0.0,0.0
2016-04-15 00:00:00-04:00,2.1748338820847257,2.176810860452567,2.147154063713522,2.153085470199585,6000,0.0,0.0
2016-04-18 00:00:00-04:00,2.1748339026199677,2.2242618976517523,2.1451771056008972,2.1491312980651855,7500,0.0,0.0
2016-04-19 00:00:00-04:00,2.182742094749023,2.2499643034693397,2.115520121719957,2.1392455101013184,101000,0.0,0.0
2016-04-20 00:00:00-04:00,2.1392455101013184,2.1392455101013184,2.1392455101013184,2.1392455101013184,0,0.0,0.0
2016-04-21 00:00:00-04:00,2.1056347182065704,2.149131306874581,2.1056347182065704,2.1471540927886963,3500,0.0,0.0
2016-04-22 00:00:00-04:00,2.1689023971557617,2.1689023971557617,2.1689023971557617,2.1689023971557617,2500,0.0,0.0
2016-04-25 00:00:00-04:00,2.145176887512207,2.145176887512207,2.145176887512207,2.145176887512207,2500,0.0,0.0
2016-04-26 00:00:00-04:00,2.2104220390319824,2.2104220390319824,2.2104220390319824,2.2104220390319824,500,0.0,0.0
2016-04-27 00:00:00-04:00,2.162970982204844,2.184719393216138,2.1352914006370702,2.170879602432251,73000,0.0,0.0
2016-04-28 00:00:00-04:00,2.2242616804484996,2.2242616804484996,2.127382678231852,2.1431996822357178,60000,0.0,0.0
2016-04-29 00:00:00-04:00,2.1174972171977107,2.1965820066427564,2.1155202388763428,2.1155202388763428,3000,0.0,0.0
2016-05-02 00:00:00-04:00,2.1214513604877863,2.135291386873725,2.093771779098425,2.125405788421631,32500,0.0,0.0
2016-05-03 00:00:00-04:00,2.1155202073018087,2.155062601434154,2.1155202073018087,2.1214513778686523,36500,0.0,0.0
2016-05-04 00:00:00-04:00,2.1214513778686523,2.1214513778686523,2.1214513778686523,2.1214513778686523,0,0.0,0.0
2016-05-05 00:00:00-04:00,2.075977466935225,2.0957486629486084,1.981075678932736,2.0957486629486084,6000,0.0,0.0
2016-05-06 00:00:00-04:00,2.0957486629486084,2.0957486629486084,2.0957486629486084,2.0957486629486084,0,0.0,0.0
2016-05-09 00:00:00-04:00,2.034458247311639,2.097726032099272,2.0166640281677246,2.0166640281677246,7500,0.0,0.0
2016-05-10 00:00:00-04:00,1.927693548817662,2.022595339379304,1.8229060421371235,1.8664027452468872,32000,0.0,0.0
2016-05-11 00:00:00-04:00,1.8584942506149518,1.9395562510618283,1.8584942506149518,1.9375791549682617,16000,0.0,0.0
2016-05-12 00:00:00-04:00,1.8881511356324574,1.8960596382296384,1.8011578427547337,1.8229061365127563,45000,0.0,0.0
2016-05-13 00:00:00-04:00,1.6845076356761732,1.8525629328679598,1.6845076356761732,1.8229061365127563,10000,0.0,0.0
2016-05-16 00:00:00-04:00,1.8644256591796875,1.8644256591796875,1.7596381519360822,1.8644256591796875,14500,0.0,0.0
2016-05-17 00:00:00-04:00,1.8743112790395908,1.927693581322766,1.803134875995357,1.8841968774795532,13000,0.0,0.0
2016-05-18 00:00:00-04:00,1.8841968774795532,1.8841968774795532,1.8841968774795532,1.8841968774795532,0,0.0,0.0
2016-05-19 00:00:00-04:00,1.8584943309643611,1.870357025884255,1.7675467282720314,1.8486087322235107,7000,0.0,0.0
2016-05-20 00:00:00-04:00,1.8486087322235107,1.8486087322235107,1.8486087322235107,1.8486087322235107,0,0.0,0.0
2016-05-23 00:00:00-04:00,1.8505858257798933,1.8525629219561348,1.801157832145691,1.801157832145691,3500,0.0,0.0
2016-05-24 00:00:00-04:00,1.9178079864562647,1.9178079864562647,1.811043381690979,1.811043381690979,29000,0.0,0.0
2016-05-25 00:00:00-04:00,1.8486087322235107,1.8486087322235107,1.8486087322235107,1.8486087322235107,4000,0.0,0.0
2016-05-26 00:00:00-04:00,1.789295041549535,1.8446545600891113,1.789295041549535,1.8446545600891113,2000,0.0,0.0
2016-05-27 00:00:00-04:00,1.8031348806056082,1.8347687721252441,1.7892949720468974,1.8347687721252441,11500,0.0,0.0
2016-05-31 00:00:00-04:00,1.8426772356033325,1.8426772356033325,1.8426772356033325,1.8426772356033325,2000,0.0,0.0
2016-06-01 00:00:00-04:00,1.9237393448698294,1.9771216491961932,1.9237393448698294,1.9415334463119507,15500,0.0,0.0
2016-06-02 00:00:00-04:00,2.0324809638040082,2.0324809638040082,2.030503749847412,2.030503749847412,6500,0.0,0.0
2016-06-03 00:00:00-04:00,1.9178080562862114,1.9711902427669417,1.9178080562862114,1.9415334463119507,6000,0.0,0.0
2016-06-06 00:00:00-04:00,1.9178079801199348,1.9178079801199348,1.8584942717199802,1.8604713678359985,17000,0.0,0.0
2016-06-07 00:00:00-04:00,1.8782654512792432,1.8881510496139526,1.8545400624141912,1.8881510496139526,5500,0.0,0.0
2016-06-08 00:00:00-04:00,1.935602014135737,1.935602014135737,1.8505858182907104,1.8505858182907104,30000,0.0,0.0
2016-06-09 00:00:00-04:00,1.8584943098086046,1.8683799084369246,1.828837513923645,1.828837513923645,9000,0.0,0.0
2016-06-10 00:00:00-04:00,1.828837513923645,1.828837513923645,1.828837513923645,1.828837513923645,0,0.0,0.0
2016-06-13 00:00:00-04:00,1.8288375071111855,1.8861740025109874,1.8209290046688626,1.8782655000686646,10000,0.0,0.0
2016-06-14 00:00:00-04:00,1.8486087213897338,1.8584943200726496,1.805112016477525,1.8268604278564453,10000,0.0,0.0
2016-06-15 00:00:00-04:00,1.813020446028458,1.813020446028458,1.7715009568002789,1.793249249458313,6000,0.0,0.0
2016-06-16 00:00:00-04:00,1.769523824451075,1.8486087322235107,1.720095830746823,1.8486087322235107,3500,0.0,0.0
2016-06-17 00:00:00-04:00,1.8011578484314765,1.9178080558776855,1.8011578484314765,1.9178080558776855,11500,0.0,0.0
2016-06-20 00:00:00-04:00,1.9178080558776855,1.9178080558776855,1.9178080558776855,1.9178080558776855,0,0.0,0.0
2016-06-21 00:00:00-04:00,1.8960596323013306,1.8960596323013306,1.8960596323013306,1.8960596323013306,500,0.0,0.0
2016-06-22 00:00:00-04:00,1.8822197813606867,1.8841968774795532,1.8822197813606867,1.8841968774795532,5000,0.0,0.0
2016-06-23 00:00:00-04:00,1.8841968774795532,1.8841968774795532,1.8841968774795532,1.8841968774795532,0,0.0,0.0
2016-06-24 00:00:00-04:00,1.8525629012065792,1.8525629012065792,1.8051120042800903,1.8051120042800903,4500,0.0,0.0
2016-06-27 00:00:00-04:00,1.8051120042800903,1.8367460141281702,1.8051120042800903,1.8051120042800903,16500,0.0,0.0
2016-06-28 00:00:00-04:00,1.811043381690979,1.811043381690979,1.811043381690979,1.811043381690979,500,0.0,0.0
2016-06-29 00:00:00-04:00,1.8209289741331145,1.8762883724554036,1.8149975679394303,1.8604713678359985,25500,0.0,0.0
2016-06-30 00:00:00-04:00,1.8189518451690674,1.8189518451690674,1.8189518451690674,1.8189518451690674,5000,0.0,0.0
2016-07-01 00:00:00-04:00,1.8189518451690674,1.8189518451690674,1.8189518451690674,1.8189518451690674,0,0.0,0.0
2016-07-05 00:00:00-04:00,1.8189518451690674,1.8189518451690674,1.8189518451690674,1.8189518451690674,0,0.0,0.0
2016-07-06 00:00:00-04:00,1.8189518451690674,1.8189518451690674,1.8189518451690674,1.8189518451690674,0,0.0,0.0
2016-07-07 00:00:00-04:00,1.8189518451690674,1.8189518451690674,1.8189518451690674,1.8189518451690674,0,0.0,0.0
2016-07-08 00:00:00-04:00,1.8130204677581787,1.8130204677581787,1.8130204677581787,1.8130204677581787,500,0.0,0.0
2016-07-11 00:00:00-04:00,1.8288374622211412,1.8288374622211412,1.8149975538253784,1.8149975538253784,1500,0.0,0.0
2016-07-12 00:00:00-04:00,1.8624484539031982,1.8624484539031982,1.8624484539031982,1.8624484539031982,1000,0.0,0.0
2016-07-13 00:00:00-04:00,1.8624484539031982,1.8624484539031982,1.8624484539031982,1.8624484539031982,0,0.0,0.0
2016-07-14 00:00:00-04:00,1.84860875249055,1.8545401589383415,1.8367460574406005,1.8446545600891113,5000,0.0,0.0
2016-07-15 00:00:00-04:00,1.8446545600891113,1.8446545600891113,1.8446545600891113,1.8446545600891113,0,0.0,0.0
2016-07-18 00:00:00-04:00,1.7932493501243967,1.8209290504455566,1.783363751284385,1.8209290504455566,2000,0.0,0.0
2016-07-19 00:00:00-04:00,1.8486087033442973,1.8545401096343994,1.8486087033442973,1.8545401096343994,1500,0.0,0.0
2016-07-20 00:00:00-04:00,1.7794093343346435,1.8189518451690674,1.7794093343346435,1.8189518451690674,6000,0.0,0.0
2016-07-21 00:00:00-04:00,1.8209290504455566,1.8209290504455566,1.8209290504455566,1.8209290504455566,1500,0.0,0.0
2016-07-22 00:00:00-04:00,1.7655695620811427,1.8367459644693445,1.7655695620811427,1.8149975538253784,4000,0.0,0.0
2016-07-25 00:00:00-04:00,1.8149975538253784,1.8149975538253784,1.8149975538253784,1.8149975538253784,0,0.0,0.0
2016-07-26 00:00:00-04:00,1.7359128186560224,1.7359128186560224,1.7319585084915161,1.7319585084915161,2500,0.0,0.0
2016-07-27 00:00:00-04:00,1.7794093597263598,1.8189518711250452,1.7794093597263598,1.789294958114624,4500,0.0,0.0
2016-07-28 00:00:00-04:00,1.789294958114624,1.789294958114624,1.789294958114624,1.789294958114624,0,0.0,0.0
2016-07-29 00:00:00-04:00,1.7972034603943612,1.7972034603943612,1.789294958114624,1.789294958114624,7000,0.0,0.0
2016-08-01 00:00:00-04:00,1.7892949703851566,1.7892949703851566,1.690438985824585,1.690438985824585,3500,0.0,0.0
2016-08-02 00:00:00-04:00,1.6924160718917847,1.6924160718917847,1.6924160718917847,1.6924160718917847,3000,0.0,0.0
2016-08-03 00:00:00-04:00,1.7754552364349365,1.7754552364349365,1.7754552364349365,1.7754552364349365,500,0.0,0.0
2016-08-04 00:00:00-04:00,1.7200957582230063,1.7675466537475586,1.7200957582230063,1.7675466537475586,1500,0.0,0.0
2016-08-05 00:00:00-04:00,1.7675466537475586,1.7675466537475586,1.7675466537475586,1.7675466537475586,0,0.0,0.0
2016-08-08 00:00:00-04:00,1.7675466537475586,1.7675466537475586,1.7675466537475586,1.7675466537475586,0,0.0,0.0
2016-08-09 00:00:00-04:00,1.7675466537475586,1.7675466537475586,1.7675466537475586,1.7675466537475586,0,0.0,0.0
2016-08-10 00:00:00-04:00,1.7853408014786771,1.7853408014786771,1.7339355945587158,1.7339355945587158,2000,0.0,0.0
2016-08-11 00:00:00-04:00,1.7359128186560224,1.765569614584478,1.7299814123320787,1.7319585084915161,4000,0.0,0.0
2016-08-12 00:00:00-04:00,1.7556840181350708,1.7556840181350708,1.7556840181350708,1.7556840181350708,1000,0.0,0.0
2016-08-15 00:00:00-04:00,1.7655696248843273,1.7655696248843273,1.7299814224243164,1.7299814224243164,10000,0.0,0.0
2016-08-16 00:00:00-04:00,1.6904389945259881,1.7161414799366608,1.6805533960190455,1.6884617805480957,7500,0.0,0.0
2016-08-17 00:00:00-04:00,1.6805533873685279,1.7121872788587849,1.6805533873685279,1.690438985824585,4500,0.0,0.0
2016-08-18 00:00:00-04:00,1.7102101827366993,1.7102101827366993,1.690438985824585,1.690438985824585,5500,0.0,0.0
2016-08-19 00:00:00-04:00,1.7200957536697388,1.7280042558771675,1.7102101553718598,1.7200957536697388,32500,0.0,0.0
2016-08-22 00:00:00-04:00,1.720095823723828,1.7299814224243164,1.6864847174347881,1.7299814224243164,7000,0.0,0.0
2016-08-23 00:00:00-04:00,1.7240500447163547,1.7299814511734697,1.7003246545791626,1.7003246545791626,4000,0.0,0.0
2016-08-24 00:00:00-04:00,1.7299814224243164,1.7299814224243164,1.7299814224243164,1.7299814224243164,3000,0.0,0.0
2016-08-25 00:00:00-04:00,1.7556839969064821,1.7576610930444838,1.7200957950399314,1.735912799835205,7000,0.0,0.0
2016-08-26 00:00:00-04:00,1.7497525817235267,1.76161527633667,1.7497525817235267,1.76161527633667,3500,0.0,0.0
2016-08-29 00:00:00-04:00,1.777432319755787,1.777432319755787,1.7299814224243164,1.7299814224243164,15500,0.0,0.0
2016-08-30 00:00:00-04:00,1.7715009738467289,1.7774322621674705,1.7339355585872236,1.7655695676803589,10000,0.0,0.0
2016-08-31 00:00:00-04:00,1.7240499917280383,1.80708909034729,1.7240499917280383,1.80708909034729,4500,0.0,0.0
2016-09-01 00:00:00-04:00,1.8169748191387876,1.856517213652067,1.8169748191387876,1.828837513923645,9000,0.0,0.0
2016-09-02 00:00:00-04:00,1.8545401096343994,1.8545401096343994,1.8486087033442973,1.8545401096343994,4000,0.0,0.0
2016-09-06 00:00:00-04:00,1.8604713879764418,1.8644256980969147,1.836745998636125,1.8565171957015991,34500,0.0,0.0
2016-09-07 00:00:00-04:00,1.8565171756039616,1.8644256779136643,1.8505857694102774,1.8604713678359985,10500,0.0,0.0
2016-09-08 00:00:00-04:00,1.8387231134100563,1.8525629043579102,1.8130205098261771,1.8525629043579102,6000,0.0,0.0
2016-09-09 00:00:00-04:00,1.8189518667400675,1.850585757937127,1.8189518667400675,1.838723063468933,2500,0.0,0.0
2016-09-12 00:00:00-04:00,1.7932492594900626,1.8387230589940355,1.7912721633911133,1.7912721633911133,24000,0.0,0.0
2016-09-13 00:00:00-04:00,1.7398669719696045,1.7398669719696045,1.7398669719696045,1.7398669719696045,1000,0.0,0.0
2016-09-14 00:00:00-04:00,1.7299814330854089,1.7853408332875516,1.7299814330854089,1.7517297267913818,5500,0.0,0.0
2016-09-15 00:00:00-04:00,1.7695237482249335,1.7695237482249335,1.7003245600198886,1.7438212633132935,11000,0.0,0.0
2016-09-16 00:00:00-04:00,1.7754551702555437,1.814997563869764,1.7754551702555437,1.8130204677581787,3500,0.0,0.0
2016-09-19 00:00:00-04:00,1.7576610368762469,1.7734780411660687,1.7576610368762469,1.7715009450912476,9000,0.0,0.0
2016-09-20 00:00:00-04:00,1.7715009450912476,1.7715009450912476,1.7715009450912476,1.7715009450912476,0,0.0,0.0
2016-09-21 00:00:00-04:00,1.771500992667524,1.771500992667524,1.759638180208751,1.76161527633667,2000,0.0,0.0
2016-09-22 00:00:00-04:00,1.7438213333557988,1.753706932067871,1.7181187295661575,1.753706932067871,6500,0.0,0.0
2016-09-23 00:00:00-04:00,1.7477755156418096,1.7556840181350708,1.7200958158382105,1.7556840181350708,22000,0.0,0.0
2016-09-26 00:00:00-04:00,1.7794093294860944,1.868379831314087,1.7596381330455686,1.868379831314087,49000,0.0,0.0
2016-09-27 00:00:00-04:00,1.868379831314087,1.868379831314087,1.868379831314087,1.868379831314087,0,0.0,0.0
2016-09-28 00:00:00-04:00,1.8762883608229037,1.8782654569266646,1.838723063468933,1.838723063468933,9500,0.0,0.0
2016-09-29 00:00:00-04:00,1.8486086618333661,1.8486086618333661,1.838723063468933,1.838723063468933,5500,0.0,0.0
2016-09-30 00:00:00-04:00,1.8486087322235107,1.8486087322235107,1.8486087322235107,1.8486087322235107,5500,0.0,0.0
2016-10-03 00:00:00-04:00,1.868379831314087,1.868379831314087,1.868379831314087,1.868379831314087,500,0.0,0.0
2016-10-04 00:00:00-04:00,1.868379831314087,1.868379831314087,1.868379831314087,1.868379831314087,0,0.0,0.0
2016-10-05 00:00:00-04:00,1.801157749505055,1.8664027452468872,1.801157749505055,1.8664027452468872,5500,0.0,0.0
2016-10-06 00:00:00-04:00,1.8664027452468872,1.8664027452468872,1.8664027452468872,1.8664027452468872,0,0.0,0.0
2016-10-07 00:00:00-04:00,1.7892950321750807,1.8703570365905762,1.7892950321750807,1.8703570365905762,8000,0.0,0.0
2016-10-10 00:00:00-04:00,1.8703570365905762,1.8703570365905762,1.8703570365905762,1.8703570365905762,0,0.0,0.0
2016-10-11 00:00:00-04:00,1.8703570365905762,1.8703570365905762,1.8703570365905762,1.8703570365905762,0,0.0,0.0
2016-10-12 00:00:00-04:00,1.7299814126464097,1.8762884140014648,1.7299814126464097,1.8762884140014648,6500,0.0,0.0
2016-10-13 00:00:00-04:00,1.8762884140014648,1.8762884140014648,1.8762884140014648,1.8762884140014648,0,0.0,0.0
2016-10-14 00:00:00-04:00,1.868379831314087,1.868379831314087,1.868379831314087,1.868379831314087,500,0.0,0.0
2016-10-17 00:00:00-04:00,1.868379831314087,1.868379831314087,1.868379831314087,1.868379831314087,0,0.0,0.0
2016-10-18 00:00:00-04:00,1.7991807237341955,1.7991807237341955,1.720095816611653,1.779409408569336,19000,0.0,0.0
2016-10-19 00:00:00-04:00,1.7695237776106203,1.8584942817687988,1.7596381791314482,1.8584942817687988,15500,0.0,0.0
2016-10-20 00:00:00-04:00,1.818951921053423,1.8486087170322647,1.7596382112501083,1.779409408569336,53500,0.0,0.0
2016-10-21 00:00:00-04:00,1.7794093380827805,1.799180652464452,1.680553355402558,1.7695237398147583,45000,0.0,0.0
2016-10-24 00:00:00-04:00,1.7794094159267582,1.7794094159267582,1.7299814224243164,1.7299814224243164,15500,0.0,0.0
2016-10-25 00:00:00-04:00,1.7497526125904945,1.8149976108821986,1.7398670139308805,1.779409408569336,48500,0.0,0.0
2016-10-26 00:00:00-04:00,1.779409408569336,1.779409408569336,1.779409408569336,1.779409408569336,0,0.0,0.0
2016-10-27 00:00:00-04:00,1.7200957536697388,1.7200957536697388,1.7200957536697388,1.7200957536697388,1500,0.0,0.0
2016-10-28 00:00:00-04:00,1.7299814173370174,1.8031349182128906,1.7200958186655992,1.8031349182128906,2000,0.0,0.0
2016-10-31 00:00:00-04:00,1.779409408569336,1.779409408569336,1.7596382112501083,1.779409408569336,5000,0.0,0.0
2016-11-01 00:00:00-04:00,1.779409408569336,1.779409408569336,1.779409408569336,1.779409408569336,0,0.0,0.0
2016-11-02 00:00:00-04:00,1.779409408569336,1.779409408569336,1.779409408569336,1.779409408569336,15500,0.0,0.0
2016-11-03 00:00:00-04:00,1.779409408569336,1.779409408569336,1.779409408569336,1.779409408569336,0,0.0,0.0
2016-11-04 00:00:00-04:00,1.741844110093677,1.779409408569336,1.741844110093677,1.779409408569336,1500,0.0,0.0
2016-11-07 00:00:00-05:00,1.759638168812,1.759638168812,1.7398669719696045,1.7398669719696045,3000,0.0,0.0
2016-11-08 00:00:00-05:00,1.7299813735484066,1.7695237672331976,1.7299813735484066,1.7398669719696045,22000,0.0,0.0
2016-11-09 00:00:00-05:00,1.7200958111664952,1.828837513923645,1.7200958111664952,1.828837513923645,25000,0.0,0.0
2016-11-10 00:00:00-05:00,1.828837513923645,1.828837513923645,1.828837513923645,1.828837513923645,0,0.0,0.0
2016-11-11 00:00:00-05:00,1.8584943028856729,1.8782655000686646,1.7023017037252823,1.8782655000686646,24000,0.0,0.0
2016-11-14 00:00:00-05:00,1.7991807460784912,1.7991807460784912,1.7991807460784912,1.7991807460784912,5000,0.0,0.0
2016-11-15 00:00:00-05:00,1.7991806971104496,1.8090662956237793,1.7991806971104496,1.8090662956237793,6500,0.0,0.0
2016-11-16 00:00:00-05:00,1.8090662956237793,1.8090662956237793,1.8090662956237793,1.8090662956237793,0,0.0,0.0
2016-11-17 00:00:00-05:00,1.8090662956237793,1.8090662956237793,1.8090662956237793,1.8090662956237793,500,0.0,0.0
2016-11-18 00:00:00-05:00,1.8288374863312824,1.868379880247971,1.8288374863312824,1.8584942817687988,26500,0.0,0.0
2016-11-21 00:00:00-05:00,1.8486087322235107,1.8486087322235107,1.8486087322235107,1.8486087322235107,1000,0.0,0.0
2016-11-22 00:00:00-05:00,1.8486087322235107,1.8486087322235107,1.8486087322235107,1.8486087322235107,0,0.0,0.0
2016-11-23 00:00:00-05:00,1.8683799443925486,1.8683799443925486,1.739867041905621,1.7497526407241821,29000,0.0,0.0
2016-11-25 00:00:00-05:00,1.7497526096177156,1.7497526096177156,1.7319585084915161,1.7319585084915161,4500,0.0,0.0
2016-11-28 00:00:00-05:00,1.7398670062754642,1.8288375116661502,1.7398670062754642,1.8051120042800903,10000,0.0,0.0
2016-11-29 00:00:00-05:00,1.8268604177671073,1.828837513923645,1.8189519152953253,1.828837513923645,6500,0.0,0.0
2016-11-30 00:00:00-05:00,1.8268604278564453,1.8268604278564453,1.8268604278564453,1.8268604278564453,1500,0.0,0.0
2016-12-01 00:00:00-05:00,1.8268604278564453,1.8268604278564453,1.8268604278564453,1.8268604278564453,0,0.0,0.0
2016-12-02 00:00:00-05:00,1.7398669647535936,1.7655695676803589,1.7398669647535936,1.7655695676803589,3500,0.0,0.0
2016-12-05 00:00:00-05:00,1.8189518941371088,1.8288374926504385,1.8090662956237793,1.8090662956237793,4000,0.0,0.0
2016-12-06 00:00:00-05:00,1.8090662956237793,1.8090662956237793,1.8090662956237793,1.8090662956237793,0,0.0,0.0
2016-12-07 00:00:00-05:00,1.8426772456291134,1.848608651753683,1.838723053443152,1.8407001495361328,6000,0.0,0.0
2016-12-08 00:00:00-05:00,1.838723112551965,1.838723112551965,1.7102102125381753,1.828837513923645,40000,0.0,0.0
2016-12-09 00:00:00-05:00,1.7398670355385506,1.7991807460784912,1.729981436756166,1.7991807460784912,6500,0.0,0.0
2016-12-12 00:00:00-05:00,1.7695237837248305,1.8189518941371088,1.7695237837248305,1.8090662956237793,8000,0.0,0.0
2016-12-13 00:00:00-05:00,1.8090662956237793,1.8090662956237793,1.8090662956237793,1.8090662956237793,0,0.0,0.0
2016-12-14 00:00:00-05:00,1.779409408569336,1.8090663223938093,1.779409408569336,1.779409408569336,7000,0.0,0.0
2016-12-15 00:00:00-05:00,1.7794093998470888,1.7892949984582458,1.7794093998470888,1.7813866138458252,3500,0.0,0.0
2016-12-16 00:00:00-05:00,1.779409439337885,1.8288375513362691,1.779409439337885,1.797203540802002,10500,0.0,0.0
2016-12-19 00:00:00-05:00,1.7794094029364145,1.828837513923645,1.7794094029364145,1.828837513923645,3000,0.0,0.0
2016-12-20 00:00:00-05:00,1.8090662956237793,1.8090662956237793,1.8090662956237793,1.8090662956237793,1000,0.0,0.0
2016-12-21 00:00:00-05:00,1.838723082218717,1.838723082218717,1.8327916760013225,1.8347687721252441,26500,0.0,0.0
2016-12-22 00:00:00-05:00,1.838723063468933,1.838723063468933,1.8189518667400675,1.838723063468933,13500,0.0,0.0
2016-12-23 00:00:00-05:00,1.7794093760897924,1.8584942817687988,1.7794093760897924,1.8584942817687988,44000,0.0,0.0
2016-12-27 00:00:00-05:00,1.8387230848104545,1.8584942817687988,1.824883176232236,1.8584942817687988,44500,0.0,0.0
2016-12-28 00:00:00-05:00,1.858494233093824,1.868379831314087,1.858494233093824,1.868379831314087,8500,0.0,0.0
2016-12-29 00:00:00-05:00,1.868379831314087,1.868379831314087,1.868379831314087,1.868379831314087,4000,0.0,0.0
2016-12-30 00:00:00-05:00,1.87826542953435,1.9158307263404741,1.848608634873561,1.868379831314087,58000,0.0,0.0
2017-01-03 00:00:00-05:00,1.9178080003868558,2.0166639856887514,1.9178080003868558,1.9771215915679932,62000,0.0,0.0
2017-01-04 00:00:00-05:00,1.9771215099258757,2.046320696779731,1.9474647155599376,2.0423665046691895,55000,0.0,0.0
2017-01-05 00:00:00-05:00,2.0660918728545417,2.0660918728545417,2.026549480752636,2.046320676803589,56500,0.0,0.0
2017-01-06 00:00:00-05:00,2.0463208169081257,2.066092014312744,2.0443438385824226,2.066092014312744,5500,0.0,0.0
2017-01-09 00:00:00-05:00,2.0660920257915207,2.0660920257915207,2.0364352295198263,2.064115047454834,18500,0.0,0.0
2017-01-10 00:00:00-05:00,2.026549650662781,2.0601608753204346,1.9968928540998645,2.0601608753204346,10500,0.0,0.0
2017-01-11 00:00:00-05:00,2.0265495777130127,2.0265495777130127,2.0265495777130127,2.0265495777130127,1500,0.0,0.0
2017-01-12 00:00:00-05:00,2.056206415610435,2.066092014312744,2.016664020801198,2.066092014312744,18500,0.0,0.0
2017-01-13 00:00:00-05:00,2.0562063732083726,2.0562063732083726,2.0265495777130127,2.0265495777130127,2500,0.0,0.0
2017-01-17 00:00:00-05:00,2.0660919620178055,2.194604977586292,2.0660919620178055,2.125405788421631,45500,0.0,0.0
2017-01-18 00:00:00-05:00,2.105634633136431,2.1649482250213623,2.105634633136431,2.1649482250213623,50000,0.0,0.0
2017-01-19 00:00:00-05:00,2.194604929694603,2.194604929694603,2.0858631134033203,2.0858631134033203,44000,0.0,0.0
2017-01-20 00:00:00-05:00,2.135291337966919,2.135291337966919,2.0957487093729688,2.135291337966919,9500,0.0,0.0
2017-01-23 00:00:00-05:00,2.1649481761423535,2.1748337745666504,2.089817580979445,2.1748337745666504,2000,0.0,0.0
2017-01-24 00:00:00-05:00,2.0997031887347877,2.125405791890433,2.0660919653898038,2.0759775638580322,44500,0.0,0.0
2017-01-25 00:00:00-05:00,2.093771779098425,2.125405788421631,2.093771779098425,2.125405788421631,5500,0.0,0.0
2017-01-26 00:00:00-05:00,2.115520189969536,2.125405788421631,2.0779547744368223,2.125405788421631,3000,0.0,0.0
2017-01-27 00:00:00-05:00,2.085863084815432,2.091794490814209,2.085863084815432,2.091794490814209,7500,0.0,0.0
2017-01-30 00:00:00-05:00,2.0957488812551315,2.0957488812551315,2.01864130304742,2.0522522926330566,9000,0.0,0.0
2017-01-31 00:00:00-05:00,2.0502750293428162,2.0621378421783447,2.0502750293428162,2.0621378421783447,2000,0.0,0.0
2017-02-01 00:00:00-05:00,2.066092000315207,2.068069214318779,1.977121612597188,1.9968928098678589,19500,0.0,0.0
2017-02-02 00:00:00-05:00,1.9178080199612464,1.9771216117477766,1.9178080199612464,1.9731674194335938,6500,0.0,0.0
2017-02-03 00:00:00-05:00,1.987007240083674,2.0265496351991676,1.9771216413048007,1.9909614324569702,9000,0.0,0.0
2017-02-06 00:00:00-05:00,1.9276936263807813,1.9771216197359267,1.9276936263807813,1.9474648237228394,23500,0.0,0.0
2017-02-07 00:00:00-05:00,1.9573504432463604,1.967236042022705,1.9573504432463604,1.967236042022705,13500,0.0,0.0
2017-02-08 00:00:00-05:00,1.967236042022705,1.967236042022705,1.967236042022705,1.967236042022705,0,0.0,0.0
2017-02-09 00:00:00-05:00,1.9533961413248204,1.9533961413248204,1.9415334463119507,1.9415334463119507,4500,0.0,0.0
2017-02-10 00:00:00-05:00,1.9375791549682617,1.9375791549682617,1.9197850544349075,1.9375791549682617,17000,0.0,0.0
2017-02-13 00:00:00-05:00,1.9178080558776855,1.9356020394703828,1.9178080558776855,1.9178080558776855,14000,0.0,0.0
2017-02-14 00:00:00-05:00,1.9079222679138184,1.9079222679138184,1.9079222679138184,1.9079222679138184,4000,0.0,0.0
2017-02-15 00:00:00-05:00,1.884196914717656,2.01666400713853,1.884196914717656,1.9968928098678589,51500,0.0,0.0
2017-02-16 00:00:00-05:00,2.0166640690128927,2.1649482887837754,2.0166640690128927,2.056206464767456,106000,0.0,0.0
2017-02-17 00:00:00-05:00,2.0660918728545417,2.0660918728545417,1.987007088650731,2.046320676803589,4000,0.0,0.0
2017-02-21 00:00:00-05:00,2.046320705429209,2.085863098084266,2.036435107265445,2.0403892993927,10500,0.0,0.0
2017-02-22 00:00:00-05:00,2.0660920218598227,2.0660920218598227,2.0166640281677246,2.0166640281677246,12000,0.0,0.0
2017-02-23 00:00:00-05:00,2.0166640281677246,2.0166640281677246,2.0166640281677246,2.0166640281677246,0,0.0,0.0
2017-02-24 00:00:00-05:00,1.9296706950539573,1.9771215915679932,1.9296706950539573,1.9771215915679932,14500,0.0,0.0
2017-02-27 00:00:00-05:00,1.9474648244757153,2.00677841652482,1.9474648244757153,1.9711902141571045,21000,0.0,0.0
2017-02-28 00:00:00-05:00,1.9771216117477766,1.9771216117477766,1.9672360131166882,1.9731674194335938,4500,0.0,0.0
2017-03-01 00:00:00-05:00,1.9672360131166882,2.01666400627213,1.9672360131166882,1.9731674194335938,20000,0.0,0.0
2017-03-02 00:00:00-05:00,1.9790988257504993,1.9790988257504993,1.9672360131166882,1.9731674194335938,14500,0.0,0.0
2017-03-03 00:00:00-05:00,1.9672359764401537,1.9672359764401537,1.8980366694670339,1.9079222679138184,83000,0.0,0.0
2017-03-06 00:00:00-05:00,1.9276935536493505,1.9276935536493505,1.9079222392076274,1.913853645324707,6000,0.0,0.0
2017-03-07 00:00:00-05:00,1.9672360349593478,1.9672360349593478,1.7794094231919253,1.8486087322235107,212000,0.0,0.0
2017-03-08 00:00:00-05:00,1.80906633681528,2.0463208243829833,1.80906633681528,2.0166640281677246,320000,0.0,0.0
2017-03-09 00:00:00-05:00,2.0265495715168904,2.0858631623262607,1.9929385838631655,2.0759775638580322,10000,0.0,0.0
2017-03-10 00:00:00-05:00,2.066092057994534,2.1056346893310547,2.066092057994534,2.1056346893310547,60000,0.0,0.0
2017-03-13 00:00:00-04:00,2.0779548855603456,2.0858632704684372,1.9968928796416865,2.0067784786224365,49500,0.0,0.0
2017-03-14 00:00:00-04:00,1.9870071411132812,2.0166639359727325,1.98107573500314,1.9870071411132812,27500,0.0,0.0
2017-03-15 00:00:00-04:00,1.923739295290174,2.0759775838762726,1.923739295290174,1.9276936054229736,6000,0.0,0.0
2017-03-16 00:00:00-04:00,1.9672360131166882,1.9731674194335938,1.9197851161183377,1.9731674194335938,24500,0.0,0.0
2017-03-17 00:00:00-04:00,1.9573503822392917,2.0759775638580322,1.9573503822392917,2.0759775638580322,4500,0.0,0.0
2017-03-20 00:00:00-04:00,2.0759775638580322,2.0759775638580322,2.0759775638580322,2.0759775638580322,0,0.0,0.0
2017-03-21 00:00:00-04:00,1.996892838351739,1.996892838351739,1.9276936469173267,1.967236042022705,12500,0.0,0.0
2017-03-22 00:00:00-04:00,1.917807958341341,1.9375791549682617,1.917807958341341,1.9375791549682617,17500,0.0,0.0
2017-03-23 00:00:00-04:00,1.9553732872009277,1.9553732872009277,1.9553732872009277,1.9553732872009277,1500,0.0,0.0
2017-03-24 00:00:00-04:00,1.957350394507614,1.9771215915679932,1.9474647959774245,1.9771215915679932,3000,0.0,0.0
2017-03-27 00:00:00-04:00,1.9771215915679932,1.9771215915679932,1.9771215915679932,1.9771215915679932,2000,0.0,0.0
2017-03-28 00:00:00-04:00,1.9771216383456625,1.9771216383456625,1.9197851419448853,1.9197851419448853,12500,0.0,0.0
2017-03-29 00:00:00-04:00,1.9197851419448853,1.9197851419448853,1.9197851419448853,1.9197851419448853,0,0.0,0.0
2017-03-30 00:00:00-04:00,1.9276935566548015,1.9375791549682617,1.917807958341341,1.9375791549682617,26000,0.0,0.0
2017-03-31 00:00:00-04:00,1.917807958341341,1.9375791549682617,1.917807958341341,1.9375791549682617,9500,0.0,0.0
2017-04-03 00:00:00-04:00,1.9079222421822533,1.9415333471553948,1.9079222421822533,1.9375791549682617,12500,0.0,0.0
2017-04-04 00:00:00-04:00,1.9178080003868558,1.9771215915679932,1.9079222840110361,1.9771215915679932,58500,0.0,0.0
2017-04-05 00:00:00-04:00,1.9079222392076274,1.9276935536493505,1.9079222392076274,1.913853645324707,7000,0.0,0.0
2017-04-06 00:00:00-04:00,1.913853645324707,1.913853645324707,1.913853645324707,1.913853645324707,0,0.0,0.0
2017-04-07 00:00:00-04:00,1.913853645324707,1.913853645324707,1.913853645324707,1.913853645324707,0,0.0,0.0
2017-04-10 00:00:00-04:00,1.9336249354757535,1.967236042022705,1.9336249354757535,1.967236042022705,9500,0.0,0.0
2017-04-11 00:00:00-04:00,1.957350483718686,2.0067784786224365,1.957350483718686,2.0067784786224365,71000,0.0,0.0
2017-04-12 00:00:00-04:00,1.996892739399765,2.006778337686249,1.9771215428267974,1.9870071411132812,4000,0.0,0.0
2017-04-13 00:00:00-04:00,1.9870071900981827,1.9870071900981827,1.9771215915679932,1.9771215915679932,32500,0.0,0.0
2017-04-17 00:00:00-04:00,1.9296706914901733,1.9296706914901733,1.9296706914901733,1.9296706914901733,5500,0.0,0.0
2017-04-18 00:00:00-04:00,1.9079223392158275,1.9178080558776855,1.9079223392158275,1.9178080558776855,13000,0.0,0.0
2017-04-19 00:00:00-04:00,1.9672359930378036,1.9771215915679932,1.935601983464693,1.9771215915679932,7500,0.0,0.0
2017-04-20 00:00:00-04:00,1.9079222937380351,1.977121601647785,1.9079222937380351,1.9751445055007935,19500,0.0,0.0
2017-04-21 00:00:00-04:00,1.9751445055007935,1.9751445055007935,1.9751445055007935,1.9751445055007935,0,0.0,0.0
2017-04-24 00:00:00-04:00,1.977121548222103,1.977121548222103,1.9375791549682617,1.9375791549682617,15000,0.0,0.0
2017-04-25 00:00:00-04:00,1.9474648237228394,1.9474648237228394,1.9336249148760196,1.9474648237228394,4000,0.0,0.0
2017-04-26 00:00:00-04:00,1.9276936263807813,1.9474648237228394,1.9276936263807813,1.9474648237228394,4000,0.0,0.0
2017-04-27 00:00:00-04:00,1.9474648237228394,1.9474648237228394,1.9474648237228394,1.9474648237228394,0,0.0,0.0
2017-04-28 00:00:00-04:00,1.9178079968449804,1.9296706914901733,1.9178079968449804,1.9296706914901733,3500,0.0,0.0
2017-05-01 00:00:00-04:00,1.9435104432489614,1.9435104432489614,1.9375791549682617,1.9375791549682617,14000,0.0,0.0
2017-05-02 00:00:00-04:00,1.919785152071804,1.9395563497042527,1.9178080558776855,1.9178080558776855,6000,0.0,0.0
2017-05-03 00:00:00-04:00,1.9178080558776855,1.9178080558776855,1.9178080558776855,1.9178080558776855,0,0.0,0.0
2017-05-04 00:00:00-04:00,1.9178080558776855,1.9178080558776855,1.9178080558776855,1.9178080558776855,0,0.0,0.0
2017-05-05 00:00:00-04:00,1.9178080558776855,1.9178080558776855,1.9178080558776855,1.9178080558776855,0,0.0,0.0
2017-05-08 00:00:00-04:00,1.919785152071804,1.919785152071804,1.9178080558776855,1.9178080558776855,4500,0.0,0.0
2017-05-09 00:00:00-04:00,1.9178080558776855,1.9178080558776855,1.9178080558776855,1.9178080558776855,0,0.0,0.0
2017-05-10 00:00:00-04:00,1.9237393140792847,1.9237393140792847,1.9237393140792847,1.9237393140792847,500,0.0,0.0
2017-05-11 00:00:00-04:00,1.9672359867222926,2.064114993421891,1.9672359867222926,2.0265495777130127,33500,0.0,0.0
2017-05-12 00:00:00-04:00,2.0443437901744566,2.0759775638580322,2.0443437901744566,2.0759775638580322,83500,0.0,0.0
2017-05-15 00:00:00-04:00,2.0759775129216202,2.1550625344182675,2.0759775129216202,2.135291337966919,27500,0.0,0.0
2017-05-16 00:00:00-04:00,2.135291486064993,2.135291486064993,2.1056346893310547,2.1056346893310547,1500,0.0,0.0
2017-05-17 00:00:00-04:00,2.089817523956299,2.089817523956299,2.089817523956299,2.089817523956299,1000,0.0,0.0
2017-05-18 00:00:00-04:00,2.0878403273270947,2.0957487116396867,2.0858631134033203,2.0858631134033203,4500,0.0,0.0
2017-05-19 00:00:00-04:00,2.0858631134033203,2.0858631134033203,2.0858631134033203,2.0858631134033203,0,0.0,0.0
2017-05-22 00:00:00-04:00,2.0562064231214032,2.0562064231214032,1.9731674408569315,2.0166640281677246,37500,0.0,0.0
2017-05-23 00:00:00-04:00,2.0641149438033404,2.0660919220407514,1.9751444416103616,2.036435127258301,85000,0.0,0.0
2017-05-24 00:00:00-04:00,2.0759775819224426,2.0759775819224426,2.0245726108551025,2.0245726108551025,13000,0.0,0.0
2017-05-25 00:00:00-04:00,2.056206464767456,2.056206464767456,2.0166640690128927,2.056206464767456,18500,0.0,0.0
2017-05-26 00:00:00-04:00,2.0305037411757496,2.038412361277101,2.0305037411757496,2.0324809551239014,16000,0.0,0.0
2017-05-30 00:00:00-04:00,1.9968928711356109,2.056206464767456,1.9968928711356109,2.056206464767456,22000,0.0,0.0
2017-05-31 00:00:00-04:00,2.0562062748290653,2.0562062748290653,2.028526694634231,2.046320676803589,15000,0.0,0.0
2017-06-01 00:00:00-04:00,2.0522520827571245,2.075977470880018,2.026549480752636,2.046320676803589,39500,0.0,0.0
2017-06-02 00:00:00-04:00,2.026549480752636,2.046320676803589,2.026549480752636,2.046320676803589,7500,0.0,0.0
2017-06-05 00:00:00-04:00,2.0660919653898038,2.0759775638580322,2.0265495715168904,2.0759775638580322,11000,0.0,0.0
2017-06-06 00:00:00-04:00,2.0759776488029833,2.155062675476074,2.0562064510575278,2.155062675476074,41500,0.0,0.0
2017-06-07 00:00:00-04:00,2.117497227638274,2.313232223894614,2.117497227638274,2.305323839187622,38500,0.0,0.0
2017-06-08 00:00:00-04:00,2.3132322736844158,2.3428890705108643,2.2934610758001166,2.3428890705108643,37500,0.0,0.0
2017-06-09 00:00:00-04:00,2.4022028021808133,2.4022028021808133,2.2044905956855847,2.3626604080200195,64000,0.0,0.0
2017-06-12 00:00:00-04:00,2.3527747127097896,2.45163069404581,2.3073009141569703,2.3824315071105957,29000,0.0,0.0
2017-06-13 00:00:00-04:00,2.212398923170576,2.348820320920967,2.212398923170576,2.277643918991089,16000,0.0,0.0
2017-06-14 00:00:00-04:00,2.2855525507932866,2.3725459575653076,2.2855525507932866,2.3725459575653076,4500,0.0,0.0
2017-06-15 00:00:00-04:00,2.3923171487699464,2.471401935277629,2.3844085287044248,2.421973943710327,63000,0.0,0.0
2017-06-16 00:00:00-04:00,2.590029212353197,2.590029212353197,2.4219740347101077,2.4516308307647705,32500,0.0,0.0
2017-06-19 00:00:00-04:00,2.451630816770229,2.5504868030548096,2.441745218141771,2.5504868030548096,37000,0.0,0.0
2017-06-20 00:00:00-04:00,2.5366470776425345,2.5366470776425345,2.4417452812194824,2.4417452812194824,17500,0.0,0.0
2017-06-21 00:00:00-04:00,2.4714018770620645,2.5307154655456543,2.4615162789814664,2.5307154655456543,7500,0.0,0.0
2017-06-22 00:00:00-04:00,2.5406010636262524,2.5564180676934596,2.451630680900868,2.5307154655456543,26500,0.0,0.0
2017-06-23 00:00:00-04:00,2.5287385474580573,2.560372320653227,2.4417451408660145,2.518852949142456,41000,0.0,0.0
2017-06-26 00:00:00-04:00,2.5010588892765266,2.5010588892765266,2.2934610758001166,2.3428890705108643,45500,0.0,0.0
2017-06-27 00:00:00-04:00,2.3626604490770715,2.372546047789057,2.2578728199005127,2.2578728199005127,16500,0.0,0.0
2017-06-28 00:00:00-04:00,2.208444833952749,2.3527748584747314,2.208444833952749,2.3527748584747314,15000,0.0,0.0
2017-06-29 00:00:00-04:00,2.3527747503540923,2.4714019298553467,2.3527747503540923,2.4714019298553467,26000,0.0,0.0
2017-06-30 00:00:00-04:00,2.4714018727247256,2.483264684677124,2.414065262543132,2.483264684677124,20500,0.0,0.0
2017-07-03 00:00:00-04:00,2.5109444824391485,2.5109444824391485,2.4022028943257983,2.439768075942993,26000,0.0,0.0
2017-07-05 00:00:00-04:00,2.530715671173981,2.530715671173981,2.4417452812194824,2.4417452812194824,9500,0.0,0.0
2017-07-06 00:00:00-04:00,2.418019722924675,2.4318595132615815,2.4140652950930566,2.427905321121216,12000,0.0,0.0
2017-07-07 00:00:00-04:00,2.451630816770229,2.5504868030548096,2.362660429114106,2.5504868030548096,68000,0.0,0.0
2017-07-10 00:00:00-04:00,2.5702579554874485,2.7481989633877357,2.5702579554874485,2.704702377319336,73500,0.0,0.0
2017-07-11 00:00:00-04:00,2.7679702923189398,3.1040811272382975,2.7679702923189398,2.9656825065612793,256500,0.0,0.0
2017-07-12 00:00:00-04:00,3.0546528310620302,3.1831658500412208,2.669114245506988,2.7383134365081787,225500,0.0,0.0
2017-07-13 00:00:00-04:00,2.8075125189550048,2.9083457162201767,2.797626920622782,2.856940746307373,60500,0.0,0.0
2017-07-14 00:00:00-04:00,2.9063687324523926,2.9953391172735353,2.8826431079470836,2.9063687324523926,88000,0.0,0.0
2017-07-17 00:00:00-04:00,2.906368775216459,2.9755679644288726,2.906368775216459,2.945911169052124,106500,0.0,0.0
2017-07-18 00:00:00-04:00,2.9063687408554513,2.955796732565662,2.8035583295452087,2.8075125217437744,42500,0.0,0.0
2017-07-19 00:00:00-04:00,2.80751267068214,2.8173982695486126,2.5069902765883616,2.5860750675201416,173000,0.0,0.0
2017-07-20 00:00:00-04:00,2.412088492910511,2.5307156799267965,2.3844086745252824,2.392317295074463,176000,0.0,0.0
2017-07-21 00:00:00-04:00,2.3923171849018896,2.510944366455078,2.3923171849018896,2.510944366455078,34000,0.0,0.0
2017-07-24 00:00:00-04:00,2.5109443953283055,2.5860749916474997,2.4615164024461067,2.5050129890441895,45000,0.0,0.0
2017-07-25 00:00:00-04:00,2.481287652974539,2.590029239654541,2.445699450195557,2.590029239654541,30500,0.0,0.0
2017-07-26 00:00:00-04:00,2.62957188696976,2.62957188696976,2.421974075407507,2.491173267364502,38000,0.0,0.0
2017-07-27 00:00:00-04:00,2.4318596018264036,2.4318596018264036,2.2736897892301804,2.313232183456421,60500,0.0,0.0
2017-07-28 00:00:00-04:00,2.2736896919497225,2.3824315071105957,2.1847193087473045,2.3824315071105957,39000,0.0,0.0
2017-07-31 00:00:00-04:00,2.4022026904978766,2.5307154655456543,2.2203074972618686,2.5307154655456543,27500,0.0,0.0
2017-08-01 00:00:00-04:00,2.4714020486398476,2.4714020486398476,2.2895068427757135,2.303346633911133,33500,0.0,0.0
2017-08-02 00:00:00-04:00,2.323117782012981,2.402202806156723,2.303346584899861,2.313232183456421,20500,0.0,0.0
2017-08-03 00:00:00-04:00,2.3330034252913476,2.3725460559668496,2.3132322277992294,2.3527748584747314,14500,0.0,0.0
2017-08-04 00:00:00-04:00,2.3231178265452885,2.3824316547129087,2.3231178265452885,2.3527748584747314,18000,0.0,0.0
2017-08-07 00:00:00-04:00,2.3725460001117202,2.471401985245017,2.323117771853812,2.412088394165039,23500,0.0,0.0
2017-08-08 00:00:00-04:00,2.431859640764283,2.431859640764283,2.382431647190063,2.402202844619751,11000,0.0,0.0
2017-08-09 00:00:00-04:00,2.3033465363057055,2.3428889296977125,2.3033465363057055,2.323117733001709,6000,0.0,0.0
2017-08-10 00:00:00-04:00,2.275666969111616,2.368591547012329,2.2736897551534327,2.368591547012329,20000,0.0,0.0
2017-08-11 00:00:00-04:00,2.4714020570713435,2.4714020570713435,2.2539186477661133,2.2539186477661133,28500,0.0,0.0
2017-08-14 00:00:00-04:00,2.2440329084385318,2.352774724127096,2.234147310256958,2.234147310256958,25500,0.0,0.0
2017-08-15 00:00:00-04:00,2.174833730869616,2.1847193290952904,2.0463207182445977,2.135291337966919,21500,0.0,0.0
2017-08-16 00:00:00-04:00,2.1649482250213623,2.214376218258805,2.1550626263738737,2.1649482250213623,17000,0.0,0.0
2017-08-17 00:00:00-04:00,2.135291386873725,2.135291386873725,2.095748757374089,2.125405788421631,12000,0.0,0.0
2017-08-18 00:00:00-04:00,2.046320865828815,2.0858632615833783,2.046320865828815,2.056206464767456,18500,0.0,0.0
2017-08-21 00:00:00-04:00,2.0265496269061445,2.0265496269061445,1.9968928306908855,2.0166640281677246,42000,0.0,0.0
2017-08-22 00:00:00-04:00,2.0265496195035073,2.0759776130150533,2.0265496195035073,2.066092014312744,16500,0.0,0.0
2017-08-23 00:00:00-04:00,2.1056346199426645,2.3527748202725776,2.1056346199426645,2.2638041973114014,20000,0.0,0.0
2017-08-24 00:00:00-04:00,2.253918506620106,2.253918506620106,2.2262389259882,2.234147310256958,14500,0.0,0.0
2017-08-25 00:00:00-04:00,2.2242619001855886,2.244033098220825,2.2242619001855886,2.244033098220825,5000,0.0,0.0
2017-08-28 00:00:00-04:00,2.283575384007172,2.3626604080200195,2.2736897854669738,2.3626604080200195,18500,0.0,0.0
2017-08-29 00:00:00-04:00,2.2736897385135206,2.3725459575653076,2.204490550161149,2.3725459575653076,4500,0.0,0.0
2017-08-30 00:00:00-04:00,2.2736897029832535,2.283575301164827,2.234147310256958,2.234147310256958,10000,0.0,0.0
2017-08-31 00:00:00-04:00,2.3527748834505116,2.5999150904167623,2.234147461547252,2.491173267364502,112000,0.0,0.0
2017-09-01 00:00:00-04:00,2.6196862248428534,2.708656612352856,2.5702579960904783,2.599915027618408,98000,0.0,0.0
2017-09-05 00:00:00-04:00,2.7481988887687554,2.767970085144043,2.6295717105170295,2.767970085144043,100000,0.0,0.0
2017-09-06 00:00:00-04:00,2.767970189839334,2.8470552140230367,2.669114204223782,2.6987709999084473,52000,0.0,0.0
2017-09-07 00:00:00-04:00,2.827283689789019,2.827283689789019,2.5801434980501052,2.6196861267089844,45500,0.0,0.0
2017-09-08 00:00:00-04:00,2.520829871790884,2.659228480848006,2.3033464779532635,2.4812874794006348,28000,0.0,0.0
2017-09-11 00:00:00-04:00,2.4417453047431765,2.4536081177945697,2.2835754853867742,2.2934610843658447,49500,0.0,0.0
2017-09-12 00:00:00-04:00,2.3903398937086413,2.3903398937086413,2.1946049090546924,2.2361245155334473,32000,0.0,0.0
2017-09-13 00:00:00-04:00,2.174833896616996,2.313232282323986,2.155062698658855,2.2934610843658447,46500,0.0,0.0
2017-09-14 00:00:00-04:00,2.352774729720047,2.7185420989990234,2.2914839265720897,2.7185420989990234,142500,0.0,0.0
2017-09-15 00:00:00-04:00,2.7679702620479776,2.7679702620479776,2.5010588582317497,2.5406012535095215,90500,0.0,0.0
2017-09-18 00:00:00-04:00,2.520829910890908,2.7086565133491773,2.473379133563111,2.5702579021453857,56000,0.0,0.0
2017-09-19 00:00:00-04:00,2.718542239079267,2.7383134365081787,2.609800653220253,2.7383134365081787,109500,0.0,0.0
2017-09-20 00:00:00-04:00,2.817398260418493,2.8510094850085927,2.706679459196291,2.8272838592529297,70500,0.0,0.0
2017-09-21 00:00:00-04:00,2.8470551827737505,2.8470551827737505,2.6513199562973297,2.801581382751465,28500,0.0,0.0
2017-09-22 00:00:00-04:00,2.7047022992799015,2.8173980712890625,2.7047022992799015,2.8173980712890625,35000,0.0,0.0
2017-09-25 00:00:00-04:00,2.847055196762085,2.874734778290121,2.767970173057854,2.847055196762085,81000,0.0,0.0
2017-09-26 00:00:00-04:00,2.856940840213103,2.8668264388702585,2.7778558152645956,2.7897186279296875,24000,0.0,0.0
2017-09-27 00:00:00-04:00,2.81739806934145,2.8865974921806448,2.8075124711774584,2.866826295852661,91000,0.0,0.0
2017-09-28 00:00:00-04:00,2.8668263446395956,2.8668263446395956,2.767970125626115,2.856940746307373,53000,0.0,0.0
2017-09-29 00:00:00-04:00,2.777855746597869,2.8371693370746103,2.777855746597869,2.803558349609375,17500,0.0,0.0
2017-10-02 00:00:00-04:00,2.8470551479751505,2.856940746307373,2.7778557239583375,2.856940746307373,53500,0.0,0.0
2017-10-03 00:00:00-04:00,2.839146667703226,2.9241628646850586,2.831238282924516,2.9241628646850586,57000,0.0,0.0
2017-10-04 00:00:00-04:00,2.9300942247805897,2.997316437101694,2.767970218159332,2.8371694087982178,88000,0.0,0.0
2017-10-05 00:00:00-04:00,2.8154212403946874,2.8450780364590416,2.7798330379792096,2.7877414226531982,16500,0.0,0.0
2017-10-06 00:00:00-04:00,2.787741373684018,2.8767119960054957,2.787741373684018,2.7976269721984863,79000,0.0,0.0
2017-10-09 00:00:00-04:00,2.8213526710326926,2.8767120713009535,2.807512644197178,2.831238269805908,25000,0.0,0.0
2017-10-10 00:00:00-04:00,2.856940735644156,2.955796718597412,2.8272837050669244,2.955796718597412,51500,0.0,0.0
2017-10-11 00:00:00-04:00,2.9360255273927733,2.9459111257062336,2.9063687324523926,2.9063687324523926,19500,0.0,0.0
2017-10-12 00:00:00-04:00,2.8391465852282325,2.930094185997774,2.8391465852282325,2.8450779914855957,10500,0.0,0.0
2017-10-13 00:00:00-04:00,2.866826411311214,2.866826411311214,2.827283781371455,2.8431007862091064,13000,0.0,0.0
2017-10-16 00:00:00-04:00,2.777855831366002,2.841123851691531,2.6295718506491643,2.7383134365081787,61000,0.0,0.0
2017-10-17 00:00:00-04:00,2.777855831366002,2.797627028794914,2.7047024480172817,2.7383134365081787,28500,0.0,0.0
2017-10-18 00:00:00-04:00,2.764015877566079,2.764015877566079,2.669114088356616,2.722496271133423,44000,0.0,0.0
2017-10-19 00:00:00-04:00,2.738313457700331,2.8371694456099483,2.669114266163599,2.7818100452423096,64000,0.0,0.0
2017-10-20 00:00:00-04:00,2.787741488974155,2.787741488974155,2.678999900817871,2.678999900817871,22500,0.0,0.0
2017-10-23 00:00:00-04:00,2.6098007167625594,2.738313503179459,2.6098007167625594,2.6295719146728516,46500,0.0,0.0
2017-10-24 00:00:00-04:00,2.6493430762146617,2.6493430762146617,2.4812876605928635,2.5406012535095215,79000,0.0,0.0
2017-10-25 00:00:00-04:00,2.5109443177294337,2.580143505625962,2.4911731211875683,2.520829916000366,37000,0.0,0.0
2017-10-26 00:00:00-04:00,2.560372459321497,2.570258058172496,2.491173267364502,2.491173267364502,11500,0.0,0.0
2017-10-27 00:00:00-04:00,2.4714019787975987,2.4812875772851384,2.4022027893848183,2.4615163803100586,27000,0.0,0.0
2017-10-30 00:00:00-04:00,2.45163083156592,2.7877414226531982,2.45163083156592,2.7877414226531982,67500,0.0,0.0
2017-10-31 00:00:00-04:00,2.6888854833408793,2.8371694662859306,2.6888854833408793,2.77785587310791,37000,0.0,0.0
2017-11-01 00:00:00-04:00,2.728427904224313,2.738313503179459,2.6295719146728516,2.6295719146728516,21500,0.0,0.0
2017-11-02 00:00:00-04:00,2.659228514630855,2.7185421039697486,2.659228514630855,2.669114112854004,11500,0.0,0.0
2017-11-03 00:00:00-04:00,2.6295717740164224,2.6295717740164224,2.6098005771636963,2.6098005771636963,8000,0.0,0.0
2017-11-06 00:00:00-05:00,2.5801434931544103,2.678999711077153,2.5682809167013834,2.669114112854004,40000,0.0,0.0
2017-11-07 00:00:00-05:00,2.6987710986644684,2.6987710986644684,2.6592287029712742,2.678999900817871,4500,0.0,0.0
2017-11-08 00:00:00-05:00,2.7284278869628906,2.7284278869628906,2.688885491392471,2.7284278869628906,23000,0.0,0.0
2017-11-09 00:00:00-05:00,2.748199059520232,2.7778558559258033,2.3824316681602493,2.445699453353882,202500,0.0,0.0
2017-11-10 00:00:00-05:00,2.392317278854509,2.5208300639175,2.392317278854509,2.491173267364502,60000,0.0,0.0
2017-11-13 00:00:00-05:00,2.5208300904749734,2.6710912888697034,2.5109444915198273,2.6295719146728516,132000,0.0,0.0
2017-11-14 00:00:00-05:00,2.61968630727808,2.678999900817871,2.5801436758936163,2.678999900817871,51000,0.0,0.0
2017-11-15 00:00:00-05:00,2.6394573133584345,2.7185420989990234,2.6196861169482872,2.7185420989990234,53000,0.0,0.0
2017-11-16 00:00:00-05:00,2.767970225276962,2.797627021341316,2.7541304342518496,2.7877414226531982,31500,0.0,0.0
2017-11-17 00:00:00-05:00,2.7976270627496187,2.847055292613071,2.787741463915182,2.8272838592529297,79500,0.0,0.0
2017-11-20 00:00:00-05:00,2.7877413169996137,2.9063687324523926,2.7877413169996137,2.9063687324523926,48500,0.0,0.0
2017-11-21 00:00:00-05:00,2.886597674803894,2.9459112675403745,2.886597674803894,2.926140069961548,62000,0.0,0.0
2017-11-22 00:00:00-05:00,2.945911169052124,2.945911169052124,2.827283751853871,2.945911169052124,40500,0.0,0.0
2017-11-24 00:00:00-05:00,2.975568048559489,3.0447672397284262,2.975568048559489,3.024996042251587,32000,0.0,0.0
2017-11-27 00:00:00-05:00,3.044767183470591,3.044767183470591,2.8668264094668303,2.9399797916412354,42000,0.0,0.0
2017-11-28 00:00:00-05:00,2.936025612649261,3.0249960000539313,2.936025612649261,2.9854536056518555,29500,0.0,0.0
2017-11-29 00:00:00-05:00,2.936025619506836,2.936025619506836,2.7976270030850565,2.936025619506836,59000,0.0,0.0
2017-11-30 00:00:00-05:00,2.9202085321464244,3.104080944185162,2.9202085321464244,3.098149538040161,21000,0.0,0.0
2017-12-01 00:00:00-05:00,3.0744240947643675,3.0744240947643675,2.878689094584047,2.9656825065612793,34000,0.0,0.0
2017-12-04 00:00:00-05:00,2.975568000327786,3.113966616113589,2.975568000327786,3.034881591796875,27500,0.0,0.0
2017-12-05 00:00:00-05:00,2.8569407305756203,3.0052247047424316,2.7936727130447774,3.0052247047424316,17000,0.0,0.0
2017-12-06 00:00:00-05:00,3.0744239427061086,3.0744239427061086,2.906368769249558,2.9953391551971436,15000,0.0,0.0
2017-12-07 00:00:00-05:00,2.8964830903446366,2.8964830903446366,2.79367268088612,2.866826295852661,38500,0.0,0.0
2017-12-08 00:00:00-05:00,2.82728371561945,2.8865975413040403,2.82728371561945,2.856940746307373,11500,0.0,0.0
2017-12-11 00:00:00-05:00,2.886597674803894,2.936025668750961,2.8668264772250676,2.926140069961548,16500,0.0,0.0
2017-12-12 00:00:00-05:00,2.9063687324523926,2.9063687324523926,2.8826431079470836,2.9063687324523926,5000,0.0,0.0
2017-12-13 00:00:00-05:00,2.945911169052124,2.945911169052124,2.896483176757543,2.945911169052124,24000,0.0,0.0
2017-12-14 00:00:00-05:00,2.906368781387009,2.9162543798669134,2.8964831829071045,2.8964831829071045,8000,0.0,0.0
2017-12-15 00:00:00-05:00,2.8964831829071045,2.8964831829071045,2.8964831829071045,2.8964831829071045,0,0.0,0.0
2017-12-18 00:00:00-05:00,2.886597578298627,2.945911169052124,2.8371693503127875,2.945911169052124,20000,0.0,0.0
2017-12-19 00:00:00-05:00,2.8173981119399945,2.926139929079313,2.8173981119399945,2.9063687324523926,16000,0.0,0.0
2017-12-20 00:00:00-05:00,2.896483232009305,2.896483232009305,2.876712034714328,2.8865976333618164,5000,0.0,0.0
2017-12-21 00:00:00-05:00,2.8668263813807946,2.945911169052124,2.8332151580674725,2.945911169052124,14000,0.0,0.0
2017-12-22 00:00:00-05:00,2.939979690591546,2.939979690591546,2.9123001098632812,2.9123001098632812,10000,0.0,0.0
2017-12-26 00:00:00-05:00,2.936025709778619,2.9755681054888328,2.882643287016814,2.9656825065612793,31500,0.0,0.0
2017-12-27 00:00:00-05:00,2.975567886349373,2.975567886349373,2.961728096008301,2.961728096008301,4500,0.0,0.0
2017-12-28 00:00:00-05:00,2.9854537044163862,2.9854537044163862,2.9617283141285116,2.9656825065612793,11000,0.0,0.0
2017-12-29 00:00:00-05:00,2.98545347118036,3.0131332874298096,2.9696364669937108,3.0131332874298096,23000,0.0,0.0
2018-01-02 00:00:00-05:00,3.054652879415855,3.054652879415855,2.9716138960382077,3.017087697982788,6000,0.0,0.0
2018-01-03 00:00:00-05:00,3.054652690887451,3.054652690887451,3.0249958961050005,3.054652690887451,7000,0.0,0.0
2018-01-04 00:00:00-05:00,3.084309627110759,3.084309627110759,3.040813039906741,3.0744240283966064,4500,0.0,0.0
2018-01-05 00:00:00-05:00,3.0744240283966064,3.0744240283966064,3.0744240283966064,3.0744240283966064,0,0.0,0.0
2018-01-08 00:00:00-05:00,3.0249960302761,3.1456004286838715,3.0249960302761,3.123852252960205,61000,0.0,0.0
2018-01-09 00:00:00-05:00,3.163394548831061,3.163394548831061,3.0941953601000827,3.1436233520507812,12500,0.0,0.0
2018-01-10 00:00:00-05:00,3.0941952859511725,3.129783250749844,3.0941952859511725,3.1100120544433594,13500,0.0,0.0
2018-01-11 00:00:00-05:00,3.0882639135272316,3.0882639135272316,3.054652690887451,3.054652690887451,20000,0.0,0.0
2018-01-12 00:00:00-05:00,3.0645383737815948,3.1080351958834433,2.9854535855109763,2.989407777786255,37000,0.0,0.0
2018-01-16 00:00:00-05:00,3.074423913460159,3.098149538040161,3.074423913460159,3.098149538040161,3000,0.0,0.0
2018-01-17 00:00:00-05:00,3.163394652515244,3.163394652515244,3.0744240283966064,3.0744240283966064,14000,0.0,0.0
2018-01-18 00:00:00-05:00,3.133737826915127,3.133737826915127,3.080355405807495,3.080355405807495,2000,0.0,0.0
2018-01-19 00:00:00-05:00,3.005224836089898,3.026973247528076,3.005224836089898,3.026973247528076,6500,0.0,0.0
2018-01-22 00:00:00-05:00,3.0506985245714127,3.098149538040161,3.0506985245714127,3.098149538040161,5000,0.0,0.0
2018-01-23 00:00:00-05:00,3.044767281105795,3.1238523077791562,3.044767281105795,3.0645384788513184,23500,0.0,0.0
2018-01-24 00:00:00-05:00,3.0348815851590936,3.0941954121897157,3.0348815851590936,3.0843095779418945,14000,0.0,0.0
2018-01-25 00:00:00-05:00,3.0526758039756587,3.0843095779418945,3.044767183715654,3.0843095779418945,12500,0.0,0.0
2018-01-26 00:00:00-05:00,3.143623303359048,3.1633944998330903,3.143623303359048,3.1535089015960693,8000,0.0,0.0
2018-01-29 00:00:00-05:00,3.1436233520507812,3.1436233520507812,3.1436233520507812,3.1436233520507812,6000,0.0,0.0
2018-01-30 00:00:00-05:00,3.1436233520507812,3.1436233520507812,3.1436233520507812,3.1436233520507812,0,0.0,0.0
2018-01-31 00:00:00-05:00,3.1535090667261163,3.1535090667261163,3.1198978424072266,3.1198978424072266,3000,0.0,0.0
2018-02-01 00:00:00-05:00,3.0348815851590936,3.1633946020856363,3.0348815851590936,3.0843095779418945,10500,0.0,0.0
2018-02-02 00:00:00-05:00,3.0764012424159426,3.0764012424159426,3.0744240283966064,3.0744240283966064,4000,0.0,0.0
2018-02-05 00:00:00-05:00,3.074424035943685,3.074424035943685,3.024996042251587,3.024996042251587,10000,0.0,0.0
2018-02-06 00:00:00-05:00,2.797627028794914,2.945911245203016,2.7284278377937228,2.7383134365081787,34000,0.0,0.0
2018-02-07 00:00:00-05:00,2.807512473118237,2.8668262978344425,2.7679700804349348,2.8173980712890625,16000,0.0,0.0
2018-02-08 00:00:00-05:00,2.8470551479751505,2.856940746307373,2.8470551479751505,2.856940746307373,2000,0.0,0.0
2018-02-09 00:00:00-05:00,2.7976269721984863,2.7976269721984863,2.7976269721984863,2.7976269721984863,2000,0.0,0.0
2018-02-12 00:00:00-05:00,2.7383132840295152,2.866826295852661,2.7383132840295152,2.866826295852661,23000,0.0,0.0
2018-02-13 00:00:00-05:00,2.8411236954520454,2.8608948917936967,2.8173980712890625,2.8173980712890625,5000,0.0,0.0
2018-02-14 00:00:00-05:00,2.777855726717648,2.8075125217437744,2.767970128375606,2.8075125217437744,16500,0.0,0.0
2018-02-15 00:00:00-05:00,2.771924320574172,2.8075125217437744,2.771924320574172,2.8075125217437744,18000,0.0,0.0
2018-02-16 00:00:00-05:00,2.8075125217437744,2.8075125217437744,2.8075125217437744,2.8075125217437744,31000,0.0,0.0
2018-02-20 00:00:00-05:00,2.8332152366638184,2.8332152366638184,2.8332152366638184,2.8332152366638184,2000,0.0,0.0
2018-02-21 00:00:00-05:00,2.8371694087982178,2.8371694087982178,2.8173982114728218,2.8371694087982178,6000,0.0,0.0
2018-02-22 00:00:00-05:00,2.87275767326355,2.87275767326355,2.87275767326355,2.87275767326355,1000,0.0,0.0
2018-02-23 00:00:00-05:00,2.876712095942579,2.9221858978271484,2.876712095942579,2.9221858978271484,2500,0.0,0.0
2018-02-26 00:00:00-05:00,3.094195416917067,3.094195416917067,2.9874308109283447,2.9874308109283447,5000,0.0,0.0
2018-02-27 00:00:00-05:00,2.9063687324523926,2.9063687324523926,2.9063687324523926,2.9063687324523926,500,0.0,0.0
2018-02-28 00:00:00-05:00,2.9656825065612793,2.9656825065612793,2.9656825065612793,2.9656825065612793,2000,0.0,0.0
2018-03-01 00:00:00-05:00,2.8510093688964844,2.8510093688964844,2.8510093688964844,2.8510093688964844,1500,0.0,0.0
2018-03-02 00:00:00-05:00,2.8688032627105713,2.8688032627105713,2.8688032627105713,2.8688032627105713,2000,0.0,0.0
2018-03-05 00:00:00-05:00,2.8510093890244814,2.8510093890244814,2.847055196762085,2.847055196762085,4000,0.0,0.0
2018-03-06 00:00:00-05:00,2.9063688306567936,2.9063688306567936,2.8865976333618164,2.8865976333618164,3500,0.0,0.0
2018-03-07 00:00:00-05:00,3.074423936599115,3.2128225501561487,3.036858756883479,3.044767141342163,183000,0.0,0.0
2018-03-08 00:00:00-05:00,3.143623394555306,3.2128225842219176,3.143623394555306,3.1831657886505127,13500,0.0,0.0
2018-03-09 00:00:00-05:00,3.2128224763053685,3.3611066848728868,3.2128224763053685,3.301792860031128,16500,0.0,0.0
2018-03-12 00:00:00-04:00,3.27213616245575,3.2820217609405518,3.224685384005205,3.2820217609405518,54500,0.0,0.0
2018-03-13 00:00:00-04:00,3.242479422558611,3.242479422558611,3.212822626596061,3.222708225250244,12500,0.0,0.0
2018-03-14 00:00:00-04:00,3.222708225250244,3.222708225250244,3.222708225250244,3.222708225250244,0,0.0,0.0
2018-03-15 00:00:00-04:00,3.2622506494296553,3.3670380432518416,3.2365480455576074,3.3611068725585938,64500,0.0,0.0
2018-03-16 00:00:00-04:00,3.3887862655332888,3.4006490776398905,3.301792860031128,3.301792860031128,16500,0.0,0.0
2018-03-19 00:00:00-04:00,3.370992296069387,3.3966948986053467,3.370992296069387,3.3966948986053467,25000,0.0,0.0
2018-03-20 00:00:00-04:00,3.400649171096607,3.430305966486889,3.3729693539842556,3.4283287525177,8500,0.0,0.0
2018-03-21 00:00:00-04:00,3.3868094288515187,3.420420416969895,3.3531982050418803,3.418443202972412,23500,0.0,0.0
2018-03-22 00:00:00-04:00,3.4105348587036133,3.4105348587036133,3.4105348587036133,3.4105348587036133,1500,0.0,0.0
2018-03-23 00:00:00-04:00,3.4204205068878633,3.4204205068878633,3.400649309158325,3.400649309158325,14500,0.0,0.0
2018-03-26 00:00:00-04:00,3.331449689675869,3.351221121958753,3.29190729649261,3.3433125019073486,21500,0.0,0.0
2018-03-27 00:00:00-04:00,3.3551753685251695,3.4204203654733987,3.3551753685251695,3.38087797164917,7000,0.0,0.0
2018-03-28 00:00:00-04:00,3.4105348587036133,3.4105348587036133,3.4105348587036133,3.4105348587036133,3500,0.0,0.0
2018-03-29 00:00:00-04:00,3.4204204082489014,3.4204204082489014,3.3887863985174027,3.4204204082489014,4500,0.0,0.0
2018-04-02 00:00:00-04:00,3.370992422103882,3.370992422103882,3.370992422103882,3.370992422103882,3000,0.0,0.0
2018-04-03 00:00:00-04:00,3.2424793243408203,3.3215641111787346,3.232593725986081,3.2424793243408203,14000,0.0,0.0
2018-04-04 00:00:00-04:00,3.1831659076312193,3.2029371054178326,3.046744501488827,3.159440517425537,45500,0.0,0.0
2018-04-05 00:00:00-04:00,3.262250562635663,3.262250562635663,3.0941953884628206,3.1376919746398926,14500,0.0,0.0
2018-04-06 00:00:00-04:00,3.1436233520507812,3.1436233520507812,3.1436233520507812,3.1436233520507812,1500,0.0,0.0
2018-04-09 00:00:00-04:00,3.1633946895599365,3.222708282539439,3.1633946895599365,3.1633946895599365,18500,0.0,0.0
2018-04-10 00:00:00-04:00,3.1633945286467338,3.1633945286467338,3.113966537011415,3.1475775241851807,21500,0.0,0.0
2018-04-11 00:00:00-04:00,3.1633945049694847,3.1633945049694847,3.084309483253651,3.10408091545105,34000,0.0,0.0
2018-04-12 00:00:00-04:00,3.094195528310744,3.1179209185986183,2.9656825065612793,2.9656825065612793,122500,0.0,0.0
2018-04-13 00:00:00-04:00,2.9557968360424693,2.9656824347305877,2.7877414226531982,2.7877414226531982,149000,0.0,0.0
2018-04-16 00:00:00-04:00,2.7778557441580043,2.7976269409662193,2.510944351555848,2.659228563308716,154500,0.0,0.0
2018-04-17 00:00:00-04:00,2.649343030130828,2.9755680211892135,2.649343030130828,2.8865976333618164,43500,0.0,0.0
2018-04-18 00:00:00-04:00,2.886597637802971,3.015110420418045,2.8173982114728218,2.8371694087982178,41000,0.0,0.0
2018-04-19 00:00:00-04:00,2.8767120838165283,2.8767120838165283,2.8569408861840793,2.8767120838165283,6000,0.0,0.0
2018-04-20 00:00:00-04:00,2.9162544293042822,3.024996014426656,2.8272838057856218,2.8865976333618164,60500,0.0,0.0
2018-04-23 00:00:00-04:00,2.995339161346705,3.064538350559118,2.8668263813807946,2.945911169052124,36500,0.0,0.0
2018-04-24 00:00:00-04:00,3.094195493464734,3.094195493464734,2.8767120838165283,2.8767120838165283,43000,0.0,0.0
2018-04-25 00:00:00-04:00,2.866826485000304,2.9360256767138755,2.8569408861840793,2.8767120838165283,19500,0.0,0.0
2018-04-26 00:00:00-04:00,2.856940811141011,3.0941954121897157,2.856940811141011,3.0843095779418945,126000,0.0,0.0
2018-04-27 00:00:00-04:00,3.1436234010497177,3.2029369923150632,3.015110384283541,3.133737802505493,49000,0.0,0.0
2018-04-30 00:00:00-04:00,3.1456002815917,3.1633944998330903,3.0665154956955303,3.1535089015960693,15500,0.0,0.0
2018-05-01 00:00:00-04:00,3.0744240237725204,3.123852252960205,3.0546528263739523,3.123852252960205,12000,0.0,0.0
2018-05-02 00:00:00-04:00,3.094195461516176,3.1930514486577013,3.0744240283966064,3.0744240283966064,9500,0.0,0.0
2018-05-03 00:00:00-04:00,3.074423933397128,3.0941953659057617,3.074423933397128,3.0941953659057617,1500,0.0,0.0
2018-05-04 00:00:00-04:00,3.193051393770839,3.212822590859288,3.133737802505493,3.133737802505493,6500,0.0,0.0
2018-05-07 00:00:00-04:00,3.202937093112872,3.2128226919682006,3.0447672757363504,3.113966703414917,23000,0.0,0.0
2018-05-08 00:00:00-04:00,3.1040810004600994,3.1831657886505127,3.048721601588558,3.1831657886505127,16500,0.0,0.0
2018-05-09 00:00:00-04:00,3.123852114404423,3.222708097012591,3.054652690887451,3.054652690887451,10000,0.0,0.0
2018-05-10 00:00:00-04:00,2.9953392814597084,3.202937093112872,2.9953392814597084,3.113966703414917,19000,0.0,0.0
2018-05-11 00:00:00-04:00,3.173280190126711,3.1831657886505127,3.034881575102228,3.1831657886505127,25500,0.0,0.0
2018-05-14 00:00:00-04:00,3.1653714716101202,3.22270808268266,3.10605788230896,3.10605788230896,4500,0.0,0.0
2018-05-15 00:00:00-04:00,3.10605788230896,3.10605788230896,3.10605788230896,3.10605788230896,0,0.0,0.0
2018-05-16 00:00:00-04:00,3.084309627110759,3.1456004334150105,3.046744446273485,3.0744240283966064,52500,0.0,0.0
2018-05-17 00:00:00-04:00,3.1278064250946045,3.1278064250946045,3.1278064250946045,3.1278064250946045,1500,0.0,0.0
2018-05-18 00:00:00-04:00,3.113966703414917,3.113966703414917,3.113966703414917,3.113966703414917,13000,0.0,0.0
2018-05-21 00:00:00-04:00,3.113966703414917,3.113966703414917,3.113966703414917,3.113966703414917,500,0.0,0.0
2018-05-22 00:00:00-04:00,3.1732801472212007,3.1732801472212007,3.123852155270502,3.1436233520507812,4000,0.0,0.0
2018-05-23 00:00:00-04:00,3.054652739761147,3.1337377628042766,3.044767141342163,3.044767141342163,12500,0.0,0.0
2018-05-24 00:00:00-04:00,2.926140047684319,3.084309627110759,2.926140047684319,3.0744240283966064,10000,0.0,0.0
2018-05-25 00:00:00-04:00,3.0744240283966064,3.0744240283966064,3.0744240283966064,3.0744240283966064,0,0.0,0.0
2018-05-29 00:00:00-04:00,3.0111560821533203,3.0111560821533203,3.0111560821533203,3.0111560821533203,1000,0.0,0.0
2018-05-30 00:00:00-04:00,2.926140069961548,2.926140069961548,2.926140069961548,2.926140069961548,1000,0.0,0.0
2018-05-31 00:00:00-04:00,2.926140069961548,2.926140069961548,2.926140069961548,2.926140069961548,0,0.0,0.0
2018-06-01 00:00:00-04:00,3.0249958961050005,3.113966516143606,3.0249958961050005,3.054652690887451,6500,0.0,0.0
2018-06-04 00:00:00-04:00,2.9261399721342918,2.9854535628877885,2.9261399721342918,2.945911169052124,14500,0.0,0.0
2018-06-05 00:00:00-04:00,2.985453575784785,2.985453575784785,2.718542180549747,2.847055196762085,49000,0.0,0.0
2018-06-06 00:00:00-04:00,2.847055300840202,2.8964832951552193,2.77785587310791,2.77785587310791,18500,0.0,0.0
2018-06-07 00:00:00-04:00,2.767970085144043,2.767970085144043,2.718542094205824,2.767970085144043,4000,0.0,0.0
2018-06-08 00:00:00-04:00,2.7679700900243915,2.787741286434539,2.706679286876434,2.7185420989990234,29500,0.0,0.0
2018-06-11 00:00:00-04:00,2.7481990765188997,2.77785587310791,2.7422676700628443,2.77785587310791,24500,0.0,0.0
2018-06-12 00:00:00-04:00,2.955796718597412,2.955796718597412,2.8767119322348074,2.955796718597412,47500,0.0,0.0
2018-06-13 00:00:00-04:00,2.9162542819976807,2.955796674590259,2.8767118894051023,2.9162542819976807,16500,0.0,0.0
2018-06-14 00:00:00-04:00,2.8767120838165283,2.8767120838165283,2.8767120838165283,2.8767120838165283,3000,0.0,0.0
2018-06-15 00:00:00-04:00,2.8865976333618164,2.9261400279517704,2.8865976333618164,2.8865976333618164,3000,0.0,0.0
2018-06-18 00:00:00-04:00,2.9459112252467476,2.9459112252467476,2.872757606702322,2.8865976333618164,7000,0.0,0.0
2018-06-19 00:00:00-04:00,2.9142772082583925,2.9459112181304445,2.890551818699985,2.936025619506836,9500,0.0,0.0
2018-06-20 00:00:00-04:00,2.936025619506836,2.936025619506836,2.936025619506836,2.936025619506836,0,0.0,0.0
2018-06-21 00:00:00-04:00,2.9261399237114354,2.9656823168927375,2.9083457053650963,2.955796718597412,20000,0.0,0.0
2018-06-22 00:00:00-04:00,2.955796718597412,2.955796718597412,2.955796718597412,2.955796718597412,0,0.0,0.0
2018-06-25 00:00:00-04:00,2.9656825065612793,2.9656825065612793,2.9656825065612793,2.9656825065612793,3000,0.0,0.0
2018-06-26 00:00:00-04:00,2.975568007051337,3.054652795855488,2.975568007051337,2.9854536056518555,11000,0.0,0.0
2018-06-27 00:00:00-04:00,3.0645383770046624,3.133737802505493,3.040812987636776,3.133737802505493,14500,0.0,0.0
2018-06-28 00:00:00-04:00,3.13176070113762,3.13176070113762,3.00522489380659,3.015110492706299,5500,0.0,0.0
2018-06-29 00:00:00-04:00,3.1139666054170445,3.133737802505493,3.0645383770046624,3.133737802505493,9500,0.0,0.0
2018-07-02 00:00:00-04:00,3.0843094909647313,3.0843094909647313,3.0052247047424316,3.0052247047424316,3000,0.0,0.0
2018-07-03 00:00:00-04:00,2.975568097107465,3.015110492706299,2.975568097107465,3.015110492706299,2000,0.0,0.0
2018-07-05 00:00:00-04:00,2.995339237380047,3.0744240270588556,2.9656824412504936,3.026973247528076,15500,0.0,0.0
2018-07-06 00:00:00-04:00,2.9063688573905515,3.133737864065468,2.866826462436873,3.024996042251587,15500,0.0,0.0
2018-07-09 00:00:00-04:00,3.113966516143606,3.123852114404423,3.044767092626634,3.054652690887451,7000,0.0,0.0
2018-07-10 00:00:00-04:00,3.0249958961050005,3.121874900475758,2.9755679048009163,3.054652690887451,10000,0.0,0.0
2018-07-11 00:00:00-04:00,2.9953392042523745,3.044767197254969,2.9162544154482233,2.9854536056518555,13500,0.0,0.0
2018-07-12 00:00:00-04:00,2.995339106464644,3.0052247047424316,2.995339106464644,3.0052247047424316,2500,0.0,0.0
2018-07-13 00:00:00-04:00,2.9459111706367205,3.090240955352783,2.9459111706367205,3.090240955352783,11500,0.0,0.0
2018-07-16 00:00:00-04:00,3.044767232254149,3.0744240283966064,2.975568041255081,3.0744240283966064,12500,0.0,0.0
2018-07-17 00:00:00-04:00,3.0744240283966064,3.0744240283966064,3.0744240283966064,3.0744240283966064,0,0.0,0.0
2018-07-18 00:00:00-04:00,3.0744240283966064,3.0744240283966064,3.0744240283966064,3.0744240283966064,0,0.0,0.0
2018-07-19 00:00:00-04:00,3.1198978424072266,3.1198978424072266,3.1198978424072266,3.1198978424072266,2000,0.0,0.0
2018-07-20 00:00:00-04:00,3.1535090988362304,3.202937093112872,3.113966703414917,3.113966703414917,38500,0.0,0.0
2018-07-23 00:00:00-04:00,3.10408094737447,3.2424793243408203,3.0546527199095177,3.2424793243408203,13500,0.0,0.0
2018-07-24 00:00:00-04:00,3.2721361110516654,3.3611067317084435,3.234570931676058,3.3413355350494385,28000,0.0,0.0
2018-07-25 00:00:00-04:00,3.311678643148492,3.3611068725585938,3.311678643148492,3.3611068725585938,10000,0.0,0.0
2018-07-26 00:00:00-04:00,3.3512212738148266,3.3611068725585938,3.3512212738148266,3.3611068725585938,5000,0.0,0.0
2018-07-27 00:00:00-04:00,3.3611068725585938,3.3611068725585938,3.3611068725585938,3.3611068725585938,3000,0.0,0.0
2018-07-30 00:00:00-04:00,3.3314497961520506,3.3314497961520506,3.311678598928516,3.321564197540283,11000,0.0,0.0
2018-07-31 00:00:00-04:00,3.311678647994995,3.311678647994995,3.311678647994995,3.311678647994995,500,0.0,0.0
2018-08-01 00:00:00-04:00,3.3314498206131837,3.365061044692993,3.3314498206131837,3.365061044692993,11500,0.0,0.0
2018-08-02 00:00:00-04:00,3.365061044692993,3.365061044692993,3.365061044692993,3.365061044692993,0,0.0,0.0
2018-08-03 00:00:00-04:00,3.365061044692993,3.365061044692993,3.365061044692993,3.365061044692993,0,0.0,0.0
2018-08-06 00:00:00-04:00,3.372969388961792,3.372969388961792,3.372969388961792,3.372969388961792,1000,0.0,0.0
2018-08-07 00:00:00-04:00,3.361106893475538,3.3709924922808256,3.212822675704956,3.212822675704956,4000,0.0,0.0
2018-08-08 00:00:00-04:00,3.27213623160009,3.3156330544053674,3.2622506329063934,3.2681820392608643,14500,0.0,0.0
2018-08-09 00:00:00-04:00,3.27213626063138,3.27213626063138,3.2068912615358567,3.2622506618499756,13000,0.0,0.0
2018-08-10 00:00:00-04:00,3.2622505388534617,3.2622505388534617,3.0368587537206158,3.0941953659057617,62000,0.0,0.0
2018-08-13 00:00:00-04:00,3.084309485669902,3.084309485669902,3.054652690887451,3.054652690887451,12000,0.0,0.0
2018-08-14 00:00:00-04:00,3.084309574093111,3.133737802505493,3.015110384283541,3.133737802505493,8500,0.0,0.0
2018-08-15 00:00:00-04:00,3.133737753872518,3.133737753872518,3.0467443466186523,3.0467443466186523,10500,0.0,0.0
2018-08-16 00:00:00-04:00,3.0941954121897157,3.1040810107462757,3.0843095779418945,3.0843095779418945,4500,0.0,0.0
2018-08-17 00:00:00-04:00,3.0941954121897157,3.0941954121897157,3.058607210247847,3.0843095779418945,12500,0.0,0.0
2018-08-20 00:00:00-04:00,3.0843095779418945,3.0843095779418945,3.0843095779418945,3.0843095779418945,0,0.0,0.0
2018-08-21 00:00:00-04:00,3.0368588600062534,3.1198978424072266,3.0368588600062534,3.1198978424072266,9000,0.0,0.0
2018-08-22 00:00:00-04:00,3.0843096474148757,3.0843096474148757,3.064538449856416,3.070469856262207,8000,0.0,0.0
2018-08-23 00:00:00-04:00,3.070469856262207,3.070469856262207,3.070469856262207,3.070469856262207,0,0.0,0.0
2018-08-24 00:00:00-04:00,2.9755679048009163,3.054652690887451,2.9755679048009163,3.054652690887451,9000,0.0,0.0
2018-08-27 00:00:00-04:00,3.0645383381801308,3.076401150559415,3.005224747666227,3.044767141342163,33500,0.0,0.0
2018-08-28 00:00:00-04:00,3.0151104146939343,3.0368588259870863,3.0151104146939343,3.0309274196624756,4500,0.0,0.0
2018-08-29 00:00:00-04:00,3.052675901056428,3.052675901056428,3.0151104839320926,3.017087697982788,10000,0.0,0.0
2018-08-30 00:00:00-04:00,2.9261399185201324,3.019064495193083,2.9261399185201324,3.0052247047424316,24000,0.0,0.0
2018-08-31 00:00:00-04:00,3.015110313900456,3.390763521194458,2.981499326772942,3.390763521194458,128500,0.0,0.0
2018-09-04 00:00:00-04:00,3.301792914469256,3.3215641111787346,3.200959716974413,3.2424793243408203,12500,0.0,0.0
2018-09-05 00:00:00-04:00,3.173280265379713,3.311678647994995,3.173280265379713,3.311678647994995,14500,0.0,0.0
2018-09-06 00:00:00-04:00,3.3017930444047248,3.3611068725585938,3.252365050685888,3.3611068725585938,44500,0.0,0.0
2018-09-07 00:00:00-04:00,3.321564096758932,3.321564096758932,3.282021703511639,3.293884515762329,13000,0.0,0.0
2018-09-10 00:00:00-04:00,3.293884515762329,3.293884515762329,3.293884515762329,3.293884515762329,0,0.0,0.0
2018-09-11 00:00:00-04:00,3.301793007293229,3.301793007293229,3.2622506127626085,3.2721362113952637,6000,0.0,0.0
2018-09-12 00:00:00-04:00,3.2820217609405518,3.2820217609405518,3.2820217609405518,3.2820217609405518,2500,0.0,0.0
2018-09-13 00:00:00-04:00,3.2662048745133188,3.2662048745133188,3.242479484428823,3.258296489715576,4000,0.0,0.0
2018-09-14 00:00:00-04:00,3.232593737562039,3.242479335952179,3.1040809584902225,3.1436233520507812,18000,0.0,0.0
2018-09-17 00:00:00-04:00,3.0843096632293325,3.1633946895599365,3.0843096632293325,3.1633946895599365,14000,0.0,0.0
2018-09-18 00:00:00-04:00,3.1633946895599365,3.1633946895599365,3.1633946895599365,3.1633946895599365,0,0.0,0.0
2018-09-19 00:00:00-04:00,3.1633946895599365,3.1633946895599365,3.1633946895599365,3.1633946895599365,0,0.0,0.0
2018-09-20 00:00:00-04:00,3.0941953171979772,3.10408091545105,3.0941953171979772,3.10408091545105,3000,0.0,0.0
2018-09-21 00:00:00-04:00,3.10408091545105,3.10408091545105,3.10408091545105,3.10408091545105,0,0.0,0.0
2018-09-24 00:00:00-04:00,3.123852252960205,3.123852252960205,3.123852252960205,3.123852252960205,1000,0.0,0.0
2018-09-25 00:00:00-04:00,3.123852252960205,3.123852252960205,3.123852252960205,3.123852252960205,0,0.0,0.0
2018-09-26 00:00:00-04:00,3.123852252960205,3.123852252960205,3.123852252960205,3.123852252960205,0,0.0,0.0
2018-09-27 00:00:00-04:00,3.123852252960205,3.123852252960205,3.123852252960205,3.123852252960205,0,0.0,0.0
2018-09-28 00:00:00-04:00,3.0744240777240797,3.0843096765968414,3.0645384788513184,3.0645384788513184,7000,0.0,0.0
2018-10-01 00:00:00-04:00,3.023019021748585,3.03488159865445,2.9854536056518555,2.9854536056518555,10000,0.0,0.0
2018-10-02 00:00:00-04:00,2.8865977151408515,3.0032479239007444,2.833215292379047,2.9656825065612793,8500,0.0,0.0
2018-10-03 00:00:00-04:00,2.8668263947608104,3.0348815693467306,2.8668263947608104,2.991384983062744,8500,0.0,0.0
2018-10-04 00:00:00-04:00,2.9281170892218142,2.9656825065612793,2.9281170892218142,2.9656825065612793,2500,0.0,0.0
2018-10-05 00:00:00-04:00,2.9103231054287257,3.0546528969092606,2.9103231054287257,2.9656825065612793,3000,0.0,0.0
2018-10-08 00:00:00-04:00,2.945911163696299,2.945911163696299,2.8984601497650146,2.8984601497650146,1500,0.0,0.0
2018-10-09 00:00:00-04:00,2.9162543254161095,3.0151103083693656,2.9162543254161095,2.955796718597412,17500,0.0,0.0
2018-10-10 00:00:00-04:00,2.882643222808838,2.882643222808838,2.882643222808838,2.882643222808838,2000,0.0,0.0
2018-10-11 00:00:00-04:00,2.8549635835922,2.8945059776306152,2.8549635835922,2.8945059776306152,1500,0.0,0.0
2018-10-12 00:00:00-04:00,2.96568240887375,2.96568240887375,2.8411238193511963,2.8411238193511963,1500,0.0,0.0
2018-10-15 00:00:00-04:00,2.821352539818383,2.9063687324523926,2.821352539818383,2.9063687324523926,5000,0.0,0.0
2018-10-16 00:00:00-04:00,2.8411237724164105,2.9953391551971436,2.8411237724164105,2.9953391551971436,3000,0.0,0.0
2018-10-17 00:00:00-04:00,2.908345747522527,2.9953391551971436,2.908345747522527,2.9953391551971436,8000,0.0,0.0
2018-10-18 00:00:00-04:00,2.91823148727417,2.91823148727417,2.91823148727417,2.91823148727417,1000,0.0,0.0
2018-10-19 00:00:00-04:00,2.9182314663257674,2.973590867003634,2.8668264937394587,2.874734878540039,11000,0.0,0.0
2018-10-22 00:00:00-04:00,2.882643156482231,2.8964831829071045,2.882643156482231,2.8964831829071045,6000,0.0,0.0
2018-10-23 00:00:00-04:00,2.862871945599925,2.862871945599925,2.8510093688964844,2.8510093688964844,3000,0.0,0.0
2018-10-24 00:00:00-04:00,2.8213525141752696,2.866826313142129,2.8213525141752696,2.8628718852996826,4500,0.0,0.0
2018-10-25 00:00:00-04:00,2.8549635209864044,2.8945059141577043,2.8193753199939833,2.858917713165283,5500,0.0,0.0
2018-10-26 00:00:00-04:00,2.79762688772832,2.9123001098632812,2.7679700930803564,2.9123001098632812,6500,0.0,0.0
2018-10-29 00:00:00-04:00,2.813443863643439,2.9083456526982516,2.7145878824803527,2.7719242572784424,7500,0.0,0.0
2018-10-30 00:00:00-04:00,2.682954026513262,2.884620428085327,2.682954026513262,2.884620428085327,19500,0.0,0.0
2018-10-31 00:00:00-04:00,2.837169371245358,2.8984601764193436,2.7877413785860985,2.8450779914855957,13500,0.0,0.0
2018-11-01 00:00:00-04:00,2.837169351189128,2.8668263822662956,2.738313366569432,2.849032163619995,14500,0.0,0.0
2018-11-02 00:00:00-04:00,2.947888420830694,2.947888420830694,2.7877413937744078,2.793672800064087,24000,0.0,0.0
2018-11-05 00:00:00-05:00,2.722496286342631,2.8391464863715794,2.722496286342631,2.767970085144043,12000,0.0,0.0
2018-11-06 00:00:00-05:00,2.7264505042499354,2.817398102712399,2.7264505042499354,2.811466932296753,19500,0.0,0.0
2018-11-07 00:00:00-05:00,2.7264505967799226,2.7916955947875977,2.7264505967799226,2.7916955947875977,8000,0.0,0.0
2018-11-08 00:00:00-05:00,2.512921548213764,2.512921548213764,2.0285267583646496,2.3725459575653076,195000,0.0,0.0
2018-11-09 00:00:00-05:00,2.45953923184838,2.45953923184838,2.3409120468381435,2.4002256393432617,14500,0.0,0.0
2018-11-12 00:00:00-05:00,2.3982486724853516,2.3982486724853516,2.3982486724853516,2.3982486724853516,1500,0.0,0.0
2018-11-13 00:00:00-05:00,2.35870597507986,2.35870597507986,2.31520938873291,2.31520938873291,9000,0.0,0.0
2018-11-14 00:00:00-05:00,2.2835753061431903,2.333003297158816,2.174833725908813,2.1847193241119385,16000,0.0,0.0
2018-11-15 00:00:00-05:00,2.1847193808300345,2.439767962506801,2.1847193808300345,2.26973557472229,100500,0.0,0.0
2018-11-16 00:00:00-05:00,2.2539184956825187,2.3883626774377564,2.2539184956825187,2.3824315071105957,8500,0.0,0.0
2018-11-19 00:00:00-05:00,2.392317270438995,2.4061570616434556,2.2855526618090103,2.3013696670532227,8000,0.0,0.0
2018-11-20 00:00:00-05:00,2.3349804964517396,2.3626603126618804,2.333003282546997,2.333003282546997,14500,0.0,0.0
2018-11-21 00:00:00-05:00,2.2914839229316133,2.331026315689087,2.2914839229316133,2.331026315689087,1500,0.0,0.0
2018-11-23 00:00:00-05:00,2.37254606097076,2.37254606097076,2.303346633911133,2.303346633911133,7000,0.0,0.0
2018-11-26 00:00:00-05:00,2.3428889209617503,2.3428889209617503,2.3250949382781982,2.3250949382781982,9500,0.0,0.0
2018-11-27 00:00:00-05:00,2.3250949382781982,2.3250949382781982,2.3250949382781982,2.3250949382781982,500,0.0,0.0
2018-11-28 00:00:00-05:00,2.3428890240374067,2.3527748584747314,2.3428890240374067,2.3527748584747314,4500,0.0,0.0
2018-11-29 00:00:00-05:00,2.3606832027435303,2.3606832027435303,2.3606832027435303,2.3606832027435303,1000,0.0,0.0
2018-11-30 00:00:00-05:00,2.346843407101734,2.3488203853982896,2.313232183456421,2.313232183456421,9000,0.0,0.0
2018-12-03 00:00:00-05:00,2.313232183456421,2.313232183456421,2.313232183456421,2.313232183456421,500,0.0,0.0
2018-12-04 00:00:00-05:00,2.3132321315283293,2.3369577560844825,2.271712759937572,2.2756669521331787,26000,0.0,0.0
2018-12-06 00:00:00-05:00,2.277643890367154,2.2875294885281092,2.277643890367154,2.2835752964019775,3000,0.0,0.0
2018-12-07 00:00:00-05:00,2.3171866811285136,2.336957878836313,2.2993924617767334,2.2993924617767334,4500,0.0,0.0
2018-12-10 00:00:00-05:00,2.293461035144224,2.303346633911133,2.293461035144224,2.303346633911133,14000,0.0,0.0
2018-12-11 00:00:00-05:00,2.3053237114407907,2.3053237114407907,2.210421921759431,2.234147310256958,20000,0.0,0.0
2018-12-12 00:00:00-05:00,2.2558957926633667,2.267758369445801,2.228215975455169,2.267758369445801,6500,0.0,0.0
2018-12-13 00:00:00-05:00,2.2301931181225787,2.234147310256958,2.216353327806626,2.234147310256958,6000,0.0,0.0
2018-12-14 00:00:00-05:00,2.2499643380690553,2.3112551417137426,2.2183303292799414,2.277643918991089,13000,0.0,0.0
2018-12-17 00:00:00-05:00,2.218330390175191,2.352774813373922,2.218330390175191,2.313232183456421,9500,0.0,0.0
2018-12-18 00:00:00-05:00,2.358705967397607,2.358705967397607,2.2203075885772705,2.2203075885772705,7500,0.0,0.0
2018-12-19 00:00:00-05:00,2.2203076087353857,2.2203076087353857,2.216353416442871,2.216353416442871,4500,0.0,0.0
2018-12-20 00:00:00-05:00,2.236124622397704,2.315209411324312,2.214376211166382,2.214376211166382,15500,0.0,0.0
2018-12-21 00:00:00-05:00,2.273689737837181,2.2974151266984,2.17878794670105,2.17878794670105,8000,0.0,0.0
2018-12-24 00:00:00-05:00,2.1906508713062802,2.2262390742685763,1.8209290504455566,1.8209290504455566,77500,0.0,0.0
2018-12-26 00:00:00-05:00,1.8584943098086046,1.9197851155806929,1.8090663166670053,1.828837513923645,79500,0.0,0.0
2018-12-27 00:00:00-05:00,1.8169748302150204,1.8426773160979548,1.6528737270006706,1.7062559127807617,69500,0.0,0.0
2018-12-28 00:00:00-05:00,1.722072942551568,1.8051120434355687,1.7181187501576014,1.797203540802002,39000,0.0,0.0
2018-12-31 00:00:00-05:00,1.8327916336898873,1.913853633509963,1.7596381360285542,1.8921053409576416,42500,0.0,0.0
2019-01-02 00:00:00-05:00,1.8031349182128906,1.8031349182128906,1.8031349182128906,1.8031349182128906,2000,0.0,0.0
2019-01-03 00:00:00-05:00,1.8031349182128906,1.8031349182128906,1.8031349182128906,1.8031349182128906,500,0.0,0.0
2019-01-04 00:00:00-05:00,1.9000139135606382,1.9019910097122192,1.9000139135606382,1.9019910097122192,1500,0.0,0.0
2019-01-07 00:00:00-05:00,1.96723587691262,2.0008468627929688,1.96723587691262,2.0008468627929688,5000,0.0,0.0
2019-01-08 00:00:00-05:00,2.0245726380085087,2.0245726380085087,1.8486087221224698,1.8505858182907104,47000,0.0,0.0
2019-01-09 00:00:00-05:00,1.909899522301024,1.963281707905195,1.9000139236450195,1.9000139236450195,5500,0.0,0.0
2019-01-10 00:00:00-05:00,1.9375792351086416,1.947464833830981,1.9375792351086416,1.9454877376556396,9000,0.0,0.0
2019-01-11 00:00:00-05:00,1.9454877376556396,1.9454877376556396,1.9454877376556396,1.9454877376556396,500,0.0,0.0
2019-01-14 00:00:00-05:00,1.9454877376556396,1.9454877376556396,1.9454877376556396,1.9454877376556396,500,0.0,0.0
2019-01-15 00:00:00-05:00,1.9276936505516722,1.9276936505516722,1.846631646156311,1.846631646156311,8500,0.0,0.0
2019-01-16 00:00:00-05:00,1.9613045454025269,1.9613045454025269,1.9079222437583663,1.9613045454025269,6000,0.0,0.0
2019-01-17 00:00:00-05:00,1.9593274493073272,1.9613045454025269,1.9593274493073272,1.9613045454025269,3500,0.0,0.0
2019-01-18 00:00:00-05:00,2.0067784786224365,2.0067784786224365,2.0067784786224365,2.0067784786224365,2000,0.0,0.0
2019-01-22 00:00:00-05:00,2.0067784786224365,2.0067784786224365,2.0067784786224365,2.0067784786224365,0,0.0,0.0
2019-01-23 00:00:00-05:00,2.0067783522542078,2.0324809551239014,2.0067783522542078,2.0324809551239014,10500,0.0,0.0
2019-01-24 00:00:00-05:00,2.006778380716106,2.0265495777130127,2.006778380716106,2.0265495777130127,3500,0.0,0.0
2019-01-25 00:00:00-05:00,2.0265495576254775,2.030503749847412,2.0265495576254775,2.030503749847412,2500,0.0,0.0
2019-01-28 00:00:00-05:00,2.0482980886180955,2.0641150941255497,2.0067784786224365,2.0067784786224365,14500,0.0,0.0
2019-01-29 00:00:00-05:00,2.0166640281677246,2.0166640281677246,2.0166640281677246,2.0166640281677246,1500,0.0,0.0
2019-01-30 00:00:00-05:00,2.0166640281677246,2.0166640281677246,2.0166640281677246,2.0166640281677246,500,0.0,0.0
2019-01-31 00:00:00-05:00,2.006778337686249,2.006778337686249,1.9870071411132812,1.9870071411132812,7500,0.0,0.0
2019-02-01 00:00:00-05:00,1.9870071411132812,1.9870071411132812,1.9870071411132812,1.9870071411132812,500,0.0,0.0
2019-02-04 00:00:00-05:00,1.9870071411132812,1.9870071411132812,1.9870071411132812,1.9870071411132812,500,0.0,0.0
2019-02-05 00:00:00-05:00,1.9870071411132812,1.9870071411132812,1.9870071411132812,1.9870071411132812,2000,0.0,0.0
2019-02-06 00:00:00-05:00,1.9870071411132812,1.9870071411132812,1.9870071411132812,1.9870071411132812,500,0.0,0.0
2019-02-07 00:00:00-05:00,1.9771216216562493,2.174833830960127,1.9771216216562493,2.1155202388763428,32500,0.0,0.0
2019-02-08 00:00:00-05:00,2.03643511378711,2.0878403186798096,2.03643511378711,2.0878403186798096,4000,0.0,0.0
2019-02-11 00:00:00-05:00,2.159016769949524,2.1748337745666504,2.159016769949524,2.1748337745666504,4500,0.0,0.0
2019-02-12 00:00:00-05:00,2.196582078933716,2.196582078933716,2.196582078933716,2.196582078933716,2000,0.0,0.0
2019-02-13 00:00:00-05:00,2.1491311602271086,2.2954381575523133,2.1491311602271086,2.2736897468566895,35000,0.0,0.0
2019-02-14 00:00:00-05:00,2.3132321403460003,2.3250949526692963,2.2440329517397064,2.2736897468566895,10500,0.0,0.0
2019-02-15 00:00:00-05:00,2.2974151358120247,2.299392349762993,2.253918550112034,2.2736897468566895,38000,0.0,0.0
2019-02-19 00:00:00-05:00,2.2736897468566895,2.2736897468566895,2.2736897468566895,2.2736897468566895,500,0.0,0.0
2019-02-20 00:00:00-05:00,2.265781391161025,2.2815983958955295,2.2519416004025556,2.267758369445801,52000,0.0,0.0
2019-02-21 00:00:00-05:00,2.267758369445801,2.267758369445801,2.267758369445801,2.267758369445801,500,0.0,0.0
2019-02-22 00:00:00-05:00,2.267758369445801,2.267758369445801,2.267758369445801,2.267758369445801,500,0.0,0.0
2019-02-25 00:00:00-05:00,2.2934609863433004,2.313232183456421,2.2934609863433004,2.313232183456421,3000,0.0,0.0
2019-02-26 00:00:00-05:00,2.360683180192966,2.360683180192966,2.3171865940093994,2.3171865940093994,3000,0.0,0.0
2019-02-27 00:00:00-05:00,2.3171865940093994,2.3171865940093994,2.3171865940093994,2.3171865940093994,500,0.0,0.0
2019-02-28 00:00:00-05:00,2.3171865940093994,2.3171865940093994,2.3171865940093994,2.3171865940093994,500,0.0,0.0
2019-03-01 00:00:00-05:00,2.333003405269193,2.360683222935366,2.333003405269193,2.356729030609131,2000,0.0,0.0
2019-03-04 00:00:00-05:00,2.3073010742937488,2.348820447921753,2.3073010742937488,2.348820447921753,15000,0.0,0.0
2019-03-05 00:00:00-05:00,2.358705997467041,2.358705997467041,2.358705997467041,2.358705997467041,2500,0.0,0.0
2019-03-06 00:00:00-05:00,2.358706078867546,2.3903400897979736,2.358706078867546,2.3903400897979736,6500,0.0,0.0
2019-03-07 00:00:00-05:00,2.3903400897979736,2.3903400897979736,2.3903400897979736,2.3903400897979736,500,0.0,0.0
2019-03-08 00:00:00-05:00,2.3903400897979736,2.3903400897979736,2.3903400897979736,2.3903400897979736,500,0.0,0.0
2019-03-11 00:00:00-04:00,2.410111111535682,2.4259281158447266,2.410111111535682,2.4259281158447266,8000,0.0,0.0
2019-03-12 00:00:00-04:00,2.447676635456977,2.5544412425388825,2.447676635456977,2.5485098361968994,41500,0.0,0.0
2019-03-13 00:00:00-04:00,2.4536079581974457,2.5247841248022747,2.3725459575653076,2.3725459575653076,48000,0.0,0.0
2019-03-14 00:00:00-04:00,2.3725459575653076,2.3725459575653076,2.3725459575653076,2.3725459575653076,500,0.0,0.0
2019-03-15 00:00:00-04:00,2.459539215436175,2.4832648408329168,2.4199968206966247,2.4516308307647705,21500,0.0,0.0
2019-03-18 00:00:00-04:00,2.4872190952301025,2.4872190952301025,2.4872190952301025,2.4872190952301025,9500,0.0,0.0
2019-03-19 00:00:00-04:00,2.4219741096538603,2.4219741096538603,2.297415279540504,2.340912103652954,22000,0.0,0.0
2019-03-20 00:00:00-04:00,2.340912103652954,2.340912103652954,2.340912103652954,2.340912103652954,500,0.0,0.0
2019-03-21 00:00:00-04:00,2.31520938873291,2.31520938873291,2.31520938873291,2.31520938873291,1000,0.0,0.0
2019-03-22 00:00:00-04:00,2.31520938873291,2.31520938873291,2.31520938873291,2.31520938873291,0,0.0,0.0
2019-03-25 00:00:00-04:00,2.285552501678467,2.285552501678467,2.2736896896536236,2.285552501678467,7500,0.0,0.0
2019-03-26 00:00:00-04:00,2.285552501678467,2.285552501678467,2.285552501678467,2.285552501678467,0,0.0,0.0
2019-03-27 00:00:00-04:00,2.329049090428763,2.3349804964517396,2.329049090428763,2.333003282546997,51500,0.0,0.0
2019-03-28 00:00:00-04:00,2.333003282546997,2.333003282546997,2.333003282546997,2.333003282546997,500,0.0,0.0
2019-03-29 00:00:00-04:00,2.333003282546997,2.333003282546997,2.333003282546997,2.333003282546997,500,0.0,0.0
2019-04-01 00:00:00-04:00,2.2736896896536236,2.3468433043214048,2.2400787031715694,2.285552501678467,20000,0.0,0.0
2019-04-02 00:00:00-04:00,2.269735645241896,2.3270722595047264,2.2578728324450994,2.303346633911133,24500,0.0,0.0
2019-04-03 00:00:00-04:00,2.303346633911133,2.303346633911133,2.303346633911133,2.303346633911133,0,0.0,0.0
2019-04-04 00:00:00-04:00,2.279621247685205,2.3547518455731296,2.279621247685205,2.350797653198242,17500,0.0,0.0
2019-04-05 00:00:00-04:00,2.297415256500244,2.297415256500244,2.297415256500244,2.297415256500244,1000,0.0,0.0
2019-04-08 00:00:00-04:00,2.297415256500244,2.297415256500244,2.297415256500244,2.297415256500244,0,0.0,0.0
2019-04-09 00:00:00-04:00,2.321140766143799,2.321140766143799,2.321140766143799,2.321140766143799,2000,0.0,0.0
2019-04-10 00:00:00-04:00,2.295438079773534,2.3092778698875933,2.289506673812866,2.289506673812866,5000,0.0,0.0
2019-04-11 00:00:00-04:00,2.3132322530339393,2.3132322530339393,2.2993924617767334,2.2993924617767334,3000,0.0,0.0
2019-04-12 00:00:00-04:00,2.285552501678467,2.285552501678467,2.285552501678467,2.285552501678467,500,0.0,0.0
2019-04-15 00:00:00-04:00,2.285552501678467,2.285552501678467,2.285552501678467,2.285552501678467,1000,0.0,0.0
2019-04-16 00:00:00-04:00,2.285552501678467,2.285552501678467,2.285552501678467,2.285552501678467,0,0.0,0.0
2019-04-17 00:00:00-04:00,2.285552501678467,2.285552501678467,2.285552501678467,2.285552501678467,500,0.0,0.0
2019-04-18 00:00:00-04:00,2.2914841175079346,2.2914841175079346,2.2914841175079346,2.2914841175079346,5000,0.0,0.0
2019-04-22 00:00:00-04:00,2.323117733001709,2.323117733001709,2.323117733001709,2.323117733001709,2000,0.0,0.0
2019-04-23 00:00:00-04:00,2.3468434810638428,2.3468434810638428,2.3468434810638428,2.3468434810638428,1000,0.0,0.0
2019-04-24 00:00:00-04:00,2.3468434810638428,2.3468434810638428,2.3468434810638428,2.3468434810638428,500,0.0,0.0
2019-04-25 00:00:00-04:00,2.3468434810638428,2.3468434810638428,2.3468434810638428,2.3468434810638428,0,0.0,0.0
2019-04-26 00:00:00-04:00,2.3468434810638428,2.3468434810638428,2.3468434810638428,2.3468434810638428,0,0.0,0.0
2019-04-29 00:00:00-04:00,2.2835752964019775,2.2835752964019775,2.2835752964019775,2.2835752964019775,3000,0.0,0.0
2019-04-30 00:00:00-04:00,2.198559284210205,2.198559284210205,2.198559284210205,2.198559284210205,26500,0.0,0.0
2019-05-01 00:00:00-04:00,2.198559284210205,2.198559284210205,2.198559284210205,2.198559284210205,0,0.0,0.0
2019-05-02 00:00:00-04:00,2.2736897468566895,2.2736897468566895,2.2736897468566895,2.2736897468566895,5000,0.0,0.0
2019-05-03 00:00:00-04:00,2.2815983381936094,2.2815983381936094,2.279621124267578,2.279621124267578,7000,0.0,0.0
2019-05-06 00:00:00-04:00,2.279621124267578,2.279621124267578,2.279621124267578,2.279621124267578,500,0.0,0.0
2019-05-07 00:00:00-04:00,2.279621124267578,2.279621124267578,2.279621124267578,2.279621124267578,0,0.0,0.0
2019-05-08 00:00:00-04:00,2.279621124267578,2.279621124267578,2.279621124267578,2.279621124267578,0,0.0,0.0
2019-05-09 00:00:00-04:00,2.279621124267578,2.279621124267578,2.279621124267578,2.279621124267578,0,0.0,0.0
2019-05-10 00:00:00-04:00,2.22426176071167,2.22426176071167,2.22426176071167,2.22426176071167,2000,0.0,0.0
2019-05-13 00:00:00-04:00,2.2638041543026097,2.2638041543026097,2.22426176071167,2.22426176071167,2000,0.0,0.0
2019-05-14 00:00:00-04:00,2.214376118721314,2.21635333263844,2.1847193241119385,2.1847193241119385,7000,0.0,0.0
2019-05-15 00:00:00-04:00,2.0364351381028647,2.0364351381028647,1.8229060495482434,1.9375791549682617,77000,0.0,0.0
2019-05-16 00:00:00-04:00,1.9197850382060362,1.9375791385889682,1.7200957418400786,1.7952263355255127,70500,0.0,0.0
2019-05-17 00:00:00-04:00,1.7695238069033525,1.7695238069033525,1.6706678204751677,1.7319585084915161,85500,0.0,0.0
2019-05-20 00:00:00-04:00,1.7102101800261198,1.7576610761091132,1.6667134761810303,1.6667134761810303,78000,0.0,0.0
2019-05-21 00:00:00-04:00,1.6271711503451338,1.668690641958858,1.6271711503451338,1.6528737545013428,35500,0.0,0.0
2019-05-22 00:00:00-04:00,1.6528737545013428,1.6528737545013428,1.6528737545013428,1.6528737545013428,500,0.0,0.0
2019-05-23 00:00:00-04:00,1.6410108588798888,1.650896457234628,1.605422657664576,1.6212396621704102,25000,0.0,0.0
2019-05-24 00:00:00-04:00,1.621239718675807,1.621239718675807,1.5540176239515489,1.5619261264801025,42000,0.0,0.0
2019-05-28 00:00:00-04:00,1.5540176139118835,1.5639032125473022,1.5382006089569613,1.5639032125473022,52000,0.0,0.0
2019-05-29 00:00:00-04:00,1.6192625835301981,1.6192625835301981,1.5263378872862017,1.593559980392456,4000,0.0,0.0
2019-05-30 00:00:00-04:00,1.544132018207548,1.611354112625122,1.542154804200206,1.611354112625122,6500,0.0,0.0
2019-05-31 00:00:00-04:00,1.6153082938753602,1.6153082938753602,1.5520405100605488,1.5896058082580566,26000,0.0,0.0
2019-06-03 00:00:00-04:00,1.5045894559575161,1.5856514565159414,1.5045894559575161,1.5737887620925903,10000,0.0,0.0
2019-06-04 00:00:00-04:00,1.583674399612714,1.583674399612714,1.5322691927632948,1.565880298614502,6500,0.0,0.0
2019-06-05 00:00:00-04:00,1.565880298614502,1.565880298614502,1.565880298614502,1.565880298614502,500,0.0,0.0
2019-06-06 00:00:00-04:00,1.5816973447799683,1.5816973447799683,1.5816973447799683,1.5816973447799683,1500,0.0,0.0
2019-06-07 00:00:00-04:00,1.5836744263189209,1.591582928878783,1.5124980211257935,1.5124980211257935,20500,0.0,0.0
2019-06-10 00:00:00-04:00,1.5322691950420855,1.5896058082580566,1.5322691950420855,1.5896058082580566,3500,0.0,0.0
2019-06-11 00:00:00-04:00,1.5283149597400283,1.5500632524490356,1.5283149597400283,1.5500632524490356,2500,0.0,0.0
2019-06-12 00:00:00-04:00,1.637056662497034,1.6805533658542218,1.635079566400259,1.6706677675247192,107000,0.0,0.0
2019-06-13 00:00:00-04:00,1.6667134761810303,1.6667134761810303,1.6667134761810303,1.6667134761810303,11500,0.0,0.0
2019-06-14 00:00:00-04:00,1.5579718351364136,1.5579718351364136,1.5579718351364136,1.5579718351364136,500,0.0,0.0
2019-06-17 00:00:00-04:00,1.5816972613119127,1.5816972613119127,1.5500632524490356,1.5500632524490356,21000,0.0,0.0
2019-06-18 00:00:00-04:00,1.5085437899918333,1.5204064846038818,1.4413215788837554,1.5204064846038818,141500,0.0,0.0
2019-06-19 00:00:00-04:00,1.4432988559048632,1.4432988559048632,1.4156191553705288,1.4353903532028198,275500,0.0,0.0
2019-06-20 00:00:00-04:00,1.4353902868130546,1.486795375230293,1.4235275922314812,1.472955584526062,150500,0.0,0.0
2019-06-21 00:00:00-04:00,1.4432988559048632,1.4432988559048632,1.4353903532028198,1.4353903532028198,4000,0.0,0.0
2019-06-24 00:00:00-04:00,1.4353903532028198,1.4353903532028198,1.4353903532028198,1.4353903532028198,500,0.0,0.0
2019-06-25 00:00:00-04:00,1.4432987627044913,1.5026123523712158,1.4432987627044913,1.5026123523712158,17500,0.0,0.0
2019-06-26 00:00:00-04:00,1.4472529787634445,1.482841180289093,1.4393444764415637,1.4492300748825073,12000,0.0,0.0
2019-06-27 00:00:00-04:00,1.4492300748825073,1.4492300748825073,1.4492300748825073,1.4492300748825073,500,0.0,0.0
2019-06-28 00:00:00-04:00,1.443298845716089,1.5026124387942457,1.4353903430698745,1.4373674392700195,59000,0.0,0.0
2019-07-01 00:00:00-04:00,1.455161452293396,1.455161452293396,1.455161452293396,1.455161452293396,2500,0.0,0.0
2019-07-02 00:00:00-04:00,1.4828412112708624,1.4828412112708624,1.4294589078670452,1.4432988166809082,3000,0.0,0.0
2019-07-03 00:00:00-04:00,1.4432988166809082,1.4432988166809082,1.4432988166809082,1.4432988166809082,0,0.0,0.0
2019-07-05 00:00:00-04:00,1.4274818117066739,1.480864115110491,1.4274818117066739,1.4432988166809082,5500,0.0,0.0
2019-07-08 00:00:00-04:00,1.4927267501565125,1.741844038221863,1.478886959742362,1.6489193439483643,151000,0.0,0.0
2019-07-09 00:00:00-04:00,1.5777429684795046,1.6192625761032104,1.567857370063504,1.6192625761032104,4500,0.0,0.0
2019-07-10 00:00:00-04:00,1.5836744051544407,1.7042788024278894,1.5836744051544407,1.6370567083358765,43500,0.0,0.0
2019-07-11 00:00:00-04:00,1.6904389540474516,1.6904389540474516,1.6311252465804675,1.672644853591919,19000,0.0,0.0
2019-07-12 00:00:00-04:00,1.641010867306006,1.7754551706046724,1.641010867306006,1.7161414623260498,23000,0.0,0.0
2019-07-15 00:00:00-04:00,1.6805533604782226,1.7398669502654969,1.6805533604782226,1.7200957536697388,15500,0.0,0.0
2019-07-16 00:00:00-04:00,1.7181186575792886,1.7556839546803544,1.6706677621803436,1.7200957536697388,29500,0.0,0.0
2019-07-17 00:00:00-04:00,1.6924161217549993,1.7794094137836494,1.6924161217549993,1.7062559127807617,44000,0.0,0.0
2019-07-18 00:00:00-04:00,1.5896058477899955,1.7398670443168753,1.5896058477899955,1.6054227352142334,64500,0.0,0.0
2019-07-19 00:00:00-04:00,1.6805534210500384,1.7161415054977198,1.611354112625122,1.611354112625122,64000,0.0,0.0
2019-07-22 00:00:00-04:00,1.6627593199033817,1.6627593199033817,1.5797202205008611,1.611354112625122,48000,0.0,0.0
2019-07-23 00:00:00-04:00,1.7003245439308252,1.8426772290273035,1.5836743435027814,1.6014684438705444,82000,0.0,0.0
2019-07-24 00:00:00-04:00,1.6153082394069378,1.6153082394069378,1.552040457725525,1.552040457725525,23500,0.0,0.0
2019-07-25 00:00:00-04:00,1.552040457725525,1.552040457725525,1.552040457725525,1.552040457725525,500,0.0,0.0
2019-07-26 00:00:00-04:00,1.5975143005777894,1.6588049878562336,1.5816972958014548,1.5915828943252563,8500,0.0,0.0
2019-07-29 00:00:00-04:00,1.5816972524847424,1.5816972524847424,1.552040457725525,1.552040457725525,17500,0.0,0.0
2019-07-30 00:00:00-04:00,1.565880298614502,1.565880298614502,1.565880298614502,1.565880298614502,1500,0.0,0.0
2019-07-31 00:00:00-04:00,1.6212397400996366,1.6212397400996366,1.5421548316146663,1.5816973447799683,26000,0.0,0.0
2019-08-01 00:00:00-04:00,1.4887726306915283,1.4887726306915283,1.4887726306915283,1.4887726306915283,2000,0.0,0.0
2019-08-02 00:00:00-04:00,1.4887726306915283,1.4887726306915283,1.4887726306915283,1.4887726306915283,500,0.0,0.0
2019-08-05 00:00:00-04:00,1.5026123825480304,1.5045894786741683,1.4966810941696167,1.4966810941696167,5500,0.0,0.0
2019-08-06 00:00:00-04:00,1.5124979933012668,1.5579717937996955,1.4966811063181489,1.5421547889709473,21000,0.0,0.0
2019-08-07 00:00:00-04:00,1.5461091300853287,1.5816973327403931,1.5243608363941816,1.5599489212036133,19500,0.0,0.0
2019-08-08 00:00:00-04:00,1.5223835489267907,1.5223835489267907,1.482841155815641,1.5026123523712158,25000,0.0,0.0
2019-08-09 00:00:00-04:00,1.47295560562489,1.5026124014264468,1.453184408423852,1.4927268028259277,51000,0.0,0.0
2019-08-12 00:00:00-04:00,1.4610929392616823,1.512498029414029,1.4591157252266576,1.486795425415039,37000,0.0,0.0
2019-08-13 00:00:00-04:00,1.4927267563640978,1.4927267563640978,1.4096876599969916,1.4294588565826416,61000,0.0,0.0
2019-08-14 00:00:00-04:00,1.4314360120156189,1.4314360120156189,1.3049003250525002,1.4175962209701538,50000,0.0,0.0
2019-08-15 00:00:00-04:00,1.3207171793237817,1.4057334910297543,1.308854484745639,1.352351188659668,73500,0.0,0.0
2019-08-16 00:00:00-04:00,1.2614036349266904,1.3958478260062963,1.2614036349266904,1.366191029548645,45500,0.0,0.0
2019-08-19 00:00:00-04:00,1.3642138675037188,1.4432987720856836,1.2554721678956275,1.4037562608718872,225000,0.0,0.0
2019-08-20 00:00:00-04:00,1.3721224069595337,1.3780538132638747,1.3582824981979487,1.3721224069595337,5000,0.0,0.0
2019-08-21 00:00:00-04:00,1.3918936252593994,1.3938707214422448,1.38596221886523,1.3918936252593994,10000,0.0,0.0
2019-08-22 00:00:00-04:00,1.3503741025924683,1.3503741025924683,1.3503741025924683,1.3503741025924683,2000,0.0,0.0
2019-08-23 00:00:00-04:00,1.344442673497111,1.358282464065281,1.3207171667215836,1.330602765083313,7000,0.0,0.0
2019-08-26 00:00:00-04:00,1.324671461921902,1.3681680470875919,1.2811747589105855,1.2851289510726929,81500,0.0,0.0
2019-08-27 00:00:00-04:00,1.2653577770307667,1.3088544808141418,1.261403584798473,1.3049002885818481,32500,0.0,0.0
2019-08-28 00:00:00-04:00,1.3167629597520603,1.3167629597520603,1.2851289510726929,1.2851289510726929,7000,0.0,0.0
2019-08-29 00:00:00-04:00,1.2851289510726929,1.2851289510726929,1.2851289510726929,1.2851289510726929,0,0.0,0.0
2019-08-30 00:00:00-04:00,1.2574492692947388,1.2574492692947388,1.2574492692947388,1.2574492692947388,1500,0.0,0.0
2019-09-03 00:00:00-04:00,1.3246715068817139,1.3246715068817139,1.3246715068817139,1.3246715068817139,1500,0.0,0.0
2019-09-04 00:00:00-04:00,1.2574493097105877,1.2890833198317069,1.243609518666822,1.24954092502594,23000,0.0,0.0
2019-09-05 00:00:00-04:00,1.2554721346922288,1.295014527014622,1.2554721346922288,1.2653577327728271,9000,0.0,0.0
2019-09-06 00:00:00-04:00,1.23965515017742,1.358282446861267,1.23965515017742,1.358282446861267,6500,0.0,0.0
2019-09-09 00:00:00-04:00,1.2574492692947388,1.2574492692947388,1.2574492692947388,1.2574492692947388,3000,0.0,0.0
2019-09-10 00:00:00-04:00,1.3345571064233428,1.348396897315979,1.3345571064233428,1.348396897315979,5000,0.0,0.0
2019-09-11 00:00:00-04:00,1.356305342160911,1.3602596521377563,1.3503740539640818,1.3602596521377563,29000,0.0,0.0
2019-09-12 00:00:00-04:00,1.3602596521377563,1.3602596521377563,1.3602596521377563,1.3602596521377563,0,0.0,0.0
2019-09-13 00:00:00-04:00,1.3602596521377563,1.3602596521377563,1.3602596521377563,1.3602596521377563,0,0.0,0.0
2019-09-16 00:00:00-04:00,1.3424655429056962,1.3424655429056962,1.2890832424163818,1.2890832424163818,9000,0.0,0.0
2019-09-17 00:00:00-04:00,1.2950146198272705,1.2950146198272705,1.2950146198272705,1.2950146198272705,2000,0.0,0.0
2019-09-18 00:00:00-04:00,1.3029230347269627,1.312808632850647,1.2732662403559099,1.312808632850647,6500,0.0,0.0
2019-09-19 00:00:00-04:00,1.2614036406653262,1.2950146296653209,1.2614036406653262,1.2693121433258057,7000,0.0,0.0
2019-09-20 00:00:00-04:00,1.3049002739612439,1.3543282655392492,1.2396551600943984,1.259426474571228,14000,0.0,0.0
2019-09-23 00:00:00-04:00,1.2633806893363169,1.3029230833053589,1.2633806893363169,1.3029230833053589,13000,0.0,0.0
2019-09-24 00:00:00-04:00,1.2455866210638078,1.2614036262034258,1.2001128196716309,1.2001128196716309,14000,0.0,0.0
2019-09-25 00:00:00-04:00,1.2001128196716309,1.2001128196716309,1.2001128196716309,1.2001128196716309,0,0.0,0.0
2019-09-26 00:00:00-04:00,1.2080212831497192,1.2080212831497192,1.2080212831497192,1.2080212831497192,1000,0.0,0.0
2019-09-27 00:00:00-04:00,1.2258154153823853,1.2258154153823853,1.2258154153823853,1.2258154153823853,1000,0.0,0.0
2019-09-30 00:00:00-04:00,1.2258154153823853,1.2258154153823853,1.2258154153823853,1.2258154153823853,500,0.0,0.0
2019-10-01 00:00:00-04:00,1.140799213862311,1.19615861335973,1.1269593050651405,1.1309136152267456,66000,0.0,0.0
2019-10-02 00:00:00-04:00,1.1289364099502563,1.1348678163157002,1.1289364099502563,1.1289364099502563,8000,0.0,0.0
2019-10-03 00:00:00-04:00,1.156616076253404,1.156616076253404,1.0874168872833252,1.0874168872833252,8000,0.0,0.0
2019-10-04 00:00:00-04:00,1.1269593238830566,1.1269593238830566,1.1269593238830566,1.1269593238830566,1500,0.0,0.0
2019-10-07 00:00:00-04:00,1.1368449431808216,1.146730542159692,1.1071881462442104,1.1230051517486572,23500,0.0,0.0
2019-10-08 00:00:00-04:00,1.130913563290058,1.130913563290058,1.117073655128479,1.117073655128479,3500,0.0,0.0
2019-10-09 00:00:00-04:00,1.097302503702879,1.097302503702879,1.0399660083325386,1.059737205505371,14000,0.0,0.0
2019-10-10 00:00:00-04:00,1.0439202105779093,1.0636914079391706,1.0379888042312782,1.0577601194381714,5500,0.0,0.0
2019-10-11 00:00:00-04:00,1.0281031748662957,1.0439201794214896,1.0281031748662957,1.0399659872055054,15000,0.0,0.0
2019-10-14 00:00:00-04:00,1.0439201593399048,1.0439201593399048,1.0439201593399048,1.0439201593399048,2000,0.0,0.0
2019-10-15 00:00:00-04:00,1.0399659872055054,1.0399659872055054,1.0399659872055054,1.0399659872055054,1000,0.0,0.0
2019-10-16 00:00:00-04:00,1.010309038987097,1.0715998411178589,1.010309038987097,1.0715998411178589,6000,0.0,0.0
2019-10-17 00:00:00-04:00,1.0715998411178589,1.0715998411178589,1.0715998411178589,1.0715998411178589,0,0.0,0.0
2019-10-18 00:00:00-04:00,1.0478743314743042,1.0478743314743042,1.0478743314743042,1.0478743314743042,2000,0.0,0.0
2019-10-21 00:00:00-04:00,1.0953253507614136,1.0953253507614136,1.0953253507614136,1.0953253507614136,1000,0.0,0.0
2019-10-22 00:00:00-04:00,1.089393984726757,1.1210278761539354,1.089393984726757,1.1111422777175903,6500,0.0,0.0
2019-10-23 00:00:00-04:00,1.1091652262500928,1.2099984286364651,1.1071881300523596,1.1981357336044312,24000,0.0,0.0
2019-10-24 00:00:00-04:00,1.1981357336044312,1.1981357336044312,1.1981357336044312,1.1981357336044312,0,0.0,0.0
2019-10-25 00:00:00-04:00,1.2258153721268663,1.2653577654710788,1.1862729787826538,1.1862729787826538,35500,0.0,0.0
2019-10-28 00:00:00-04:00,1.2673349141319834,1.2673349141319834,1.1763874292373657,1.1763874292373657,3000,0.0,0.0
2019-10-29 00:00:00-04:00,1.255472183227539,1.255472183227539,1.2455865847647734,1.255472183227539,2500,0.0,0.0
2019-10-30 00:00:00-04:00,1.2297695875167847,1.2297695875167847,1.2297695875167847,1.2297695875167847,1000,0.0,0.0
2019-10-31 00:00:00-04:00,1.1605703943248291,1.1823186874389648,1.1605703943248291,1.1823186874389648,5000,0.0,0.0
2019-11-01 00:00:00-04:00,1.2653577327728271,1.2653577327728271,1.2653577327728271,1.2653577327728271,500,0.0,0.0
2019-11-04 00:00:00-05:00,1.285128973883493,1.3049002885818481,1.285128973883493,1.3049002885818481,9000,0.0,0.0
2019-11-05 00:00:00-05:00,1.314785935251086,1.314785935251086,1.2950146198272705,1.2950146198272705,3000,0.0,0.0
2019-11-06 00:00:00-05:00,1.285128977299269,1.285128977299269,1.231746792793274,1.231746792793274,12500,0.0,0.0
2019-11-07 00:00:00-05:00,1.1763873978418422,1.180341590096483,1.1585932970046997,1.1585932970046997,12500,0.0,0.0
2019-11-08 00:00:00-05:00,1.1309135531840604,1.1309135531840604,1.1071880470529218,1.1190507411956787,24000,0.0,0.0
2019-11-11 00:00:00-05:00,1.119050780035792,1.119050780035792,1.1071880854813039,1.1111422777175903,95000,0.0,0.0
2019-11-12 00:00:00-05:00,1.0755541927432948,1.0874168872833252,1.0735769787819323,1.0874168872833252,3500,0.0,0.0
2019-11-13 00:00:00-05:00,1.0122863183690174,1.0577601194381714,1.0122863183690174,1.0577601194381714,3000,0.0,0.0
2019-11-14 00:00:00-05:00,1.0656684637069702,1.0656684637069702,1.0656684637069702,1.0656684637069702,6500,0.0,0.0
2019-11-15 00:00:00-05:00,0.9786751896491184,1.0300803958831697,0.713740891838295,0.7849172949790955,551500,0.0,0.0
2019-11-18 00:00:00-05:00,0.7730545416911347,0.8244596890163207,0.6544272423728195,0.676175594329834,427000,0.0,0.0
2019-11-19 00:00:00-05:00,0.6524501442909241,0.6544272404070709,0.6049991893524409,0.6524501442909241,131500,0.0,0.0
2019-11-20 00:00:00-05:00,0.6623357592030248,0.7770088098641498,0.6623357592030248,0.7572375535964966,101500,0.0,0.0
2019-11-21 00:00:00-05:00,0.7414206202847048,0.814574122428894,0.7414206202847048,0.814574122428894,165500,0.0,0.0
2019-11-22 00:00:00-05:00,0.7651460239303505,0.9213386178016663,0.7651460239303505,0.9213386178016663,84000,0.0,0.0
2019-11-25 00:00:00-05:00,0.9371556380346939,1.0874168872833252,0.9252928845718489,1.0874168872833252,76000,0.0,0.0
2019-11-26 00:00:00-05:00,1.097302503702879,1.1783645063879966,1.059737205505371,1.059737205505371,109000,0.0,0.0
2019-11-27 00:00:00-05:00,1.1052110381508018,1.1289364283070948,0.9984464289105806,1.077531337738037,52500,0.0,0.0
2019-11-29 00:00:00-05:00,1.2455866512946607,1.2455866512946607,1.1032339551200445,1.170456051826477,71000,0.0,0.0
2019-12-02 00:00:00-05:00,1.1111423059345937,1.2258154156921535,1.045897307459595,1.0814855098724365,61000,0.0,0.0
2019-12-03 00:00:00-05:00,1.0775312500459215,1.2752433292558214,1.0775312500459215,1.1684788465499878,40500,0.0,0.0
2019-12-04 00:00:00-05:00,1.2495408915176787,1.2752433767447984,1.1111422777175903,1.1111422777175903,68000,0.0,0.0
2019-12-05 00:00:00-05:00,1.107188120169319,1.2080213216556284,1.1052110239892337,1.1763874292373657,83500,0.0,0.0
2019-12-06 00:00:00-05:00,1.235701028030525,1.235701028030525,1.0775313294393951,1.1032339334487915,55500,0.0,0.0
2019-12-09 00:00:00-05:00,1.0933481375816967,1.1763873500090087,1.0221718549728394,1.0221718549728394,66500,0.0,0.0
2019-12-10 00:00:00-05:00,1.0281031899047548,1.1309136031717344,0.9707666948605294,0.9885607957839966,84000,0.0,0.0
2019-12-11 00:00:00-05:00,1.0024006490444826,1.146730426748343,0.9984463391435301,1.024148941040039,86500,0.0,0.0
2019-12-12 00:00:00-05:00,0.9964692822703948,1.079508379305792,0.9312242269515991,0.9312242269515991,89000,0.0,0.0
2019-12-13 00:00:00-05:00,0.9292471253074759,1.0221718790841932,0.9292471253074759,0.9687895774841309,83000,0.0,0.0
2019-12-16 00:00:00-05:00,1.0063549280166626,1.0083320242150848,0.9114530731132379,1.0063549280166626,110500,0.0,0.0
2019-12-17 00:00:00-05:00,0.9865836831045497,1.0083319759371763,0.8719106360160632,0.9193615317344666,122000,0.0,0.0
2019-12-18 00:00:00-05:00,0.8758648260919941,0.9391327261777663,0.8699334788723324,0.8956360816955566,86000,0.0,0.0
2019-12-19 00:00:00-05:00,0.893658965696127,0.8995903720976024,0.8422538167278455,0.8877276182174683,103000,0.0,0.0
2019-12-20 00:00:00-05:00,0.8877276191466942,0.9252929180888821,0.8640021702844078,0.8995903730392456,52000,0.0,0.0
2019-12-23 00:00:00-05:00,0.8719106360160632,0.9272700339951385,0.8699334809894882,0.9193615317344666,50500,0.0,0.0
2019-12-24 00:00:00-05:00,0.9213386178016663,0.9213386178016663,0.9213386178016663,0.9213386178016663,4500,0.0,0.0
2019-12-26 00:00:00-05:00,0.9233157935814591,0.9490183378427436,0.8837733407419559,0.9292471408843994,44000,0.0,0.0
2019-12-27 00:00:00-05:00,0.9074988007286232,0.9786752049847421,0.9074988007286232,0.9628582000732422,80000,0.0,0.0
2019-12-30 00:00:00-05:00,1.0300804217357182,1.0300804217357182,0.9154073118146719,0.9490183591842651,97000,0.0,0.0
2019-12-31 00:00:00-05:00,0.9074988054410993,0.9687896114072104,0.889704704284668,0.889704704284668,102500,0.0,0.0
2020-01-02 00:00:00-05:00,0.9094759732065135,0.9885608225088314,0.9094759732065135,0.9351785182952881,84000,0.0,0.0
2020-01-03 00:00:00-05:00,0.8936589666315615,0.9885608210035234,0.8936589666315615,0.8995903730392456,148500,0.0,0.0
2020-01-06 00:00:00-05:00,0.9094759605267115,0.9490183551651669,0.889704704284668,0.889704704284668,60500,0.0,0.0
2020-01-07 00:00:00-05:00,0.899590331330506,0.899590331330506,0.8817962307780954,0.8837733268737793,7500,0.0,0.0
2020-01-08 00:00:00-05:00,0.889704705347054,0.9035445552716026,0.889704705347054,0.9015674591064453,7500,0.0,0.0
2020-01-09 00:00:00-05:00,0.9015674591064453,0.9015674591064453,0.9015674591064453,0.9015674591064453,0,0.0,0.0
2020-01-10 00:00:00-05:00,0.8798190963365251,0.8956361011631748,0.8501623006707798,0.8916818499565125,57500,0.0,0.0
2020-01-13 00:00:00-05:00,0.889704704284668,0.8995903618670977,0.889704704284668,0.889704704284668,31000,0.0,0.0
2020-01-14 00:00:00-05:00,0.889704704284668,0.889704704284668,0.889704704284668,0.889704704284668,6000,0.0,0.0
2020-01-15 00:00:00-05:00,0.8897046948917736,0.893658946098436,0.8897046948917736,0.8916818499565125,41500,0.0,0.0
2020-01-16 00:00:00-05:00,0.8798190779667916,0.9272700325331975,0.8798190779667916,0.9074987769126892,43000,0.0,0.0
2020-01-17 00:00:00-05:00,0.8699334766399572,0.8738877277505225,0.8699334766399572,0.8719106316566467,7000,0.0,0.0
2020-01-21 00:00:00-05:00,0.8738877217563656,0.9094759225845337,0.8738877217563656,0.9094759225845337,31500,0.0,0.0
2020-01-22 00:00:00-05:00,0.8817962239232504,0.9134301736679761,0.8817962239232504,0.9094759225845337,18500,0.0,0.0
2020-01-23 00:00:00-05:00,0.8897046671673218,0.9312242151592468,0.8897046671673218,0.9094759225845337,67500,0.0,0.0
2020-01-24 00:00:00-05:00,0.9411098957061768,0.9411098957061768,0.9411098957061768,0.9411098957061768,1500,0.0,0.0
2020-01-27 00:00:00-05:00,0.992515001052031,0.992515001052031,0.873887758213849,0.889704704284668,53500,0.0,0.0
2020-01-28 00:00:00-05:00,0.895636110618689,0.9114530566895079,0.889704704284668,0.889704704284668,22500,0.0,0.0
2020-01-29 00:00:00-05:00,0.889704704284668,0.8976132067814854,0.8877276081218716,0.889704704284668,34000,0.0,0.0
2020-01-30 00:00:00-05:00,0.8877276081218716,0.8995903618670977,0.8877276081218716,0.889704704284668,7500,0.0,0.0
2020-01-31 00:00:00-05:00,0.9509954661881289,0.9509954661881289,0.8738877177238464,0.8738877177238464,5500,0.0,0.0
2020-02-03 00:00:00-05:00,0.8699334859848022,0.8699334859848022,0.8699334859848022,0.8699334859848022,4000,0.0,0.0
2020-02-04 00:00:00-05:00,0.8699334859848022,0.9193615370136052,0.8699334859848022,0.8699334859848022,31000,0.0,0.0
2020-02-05 00:00:00-05:00,0.8699334859848022,0.929247135434803,0.8699334859848022,0.8699334859848022,84500,0.0,0.0
2020-02-06 00:00:00-05:00,0.8738877177238464,0.8738877177238464,0.8738877177238464,0.8738877177238464,3500,0.0,0.0
2020-02-07 00:00:00-05:00,0.8738877177238464,0.8738877177238464,0.8738877177238464,0.8738877177238464,0,0.0,0.0
2020-02-10 00:00:00-05:00,0.8738877177238464,0.8738877177238464,0.8738877177238464,0.8738877177238464,3000,0.0,0.0
2020-02-11 00:00:00-05:00,0.8738877177238464,0.8738877177238464,0.8738877177238464,0.8738877177238464,0,0.0,0.0
2020-02-12 00:00:00-05:00,0.8738877177238464,0.8738877177238464,0.8738877177238464,0.8738877177238464,0,0.0,0.0
2020-02-13 00:00:00-05:00,0.8798190951347351,0.8798190951347351,0.8798190951347351,0.8798190951347351,1000,0.0,0.0
2020-02-14 00:00:00-05:00,0.8798190951347351,0.8798190951347351,0.8798190951347351,0.8798190951347351,0,0.0,0.0
2020-02-18 00:00:00-05:00,0.8521393902549163,0.9332013920606311,0.8521393902549163,0.9292471408843994,19000,0.0,0.0
2020-02-19 00:00:00-05:00,0.9865837292932139,1.0261261246021927,0.9292471736032514,0.9826294779777527,144000,0.0,0.0
2020-02-20 00:00:00-05:00,1.07357703463973,1.07357703463973,0.9569268846718234,1.028103232383728,64000,0.0,0.0
2020-02-21 00:00:00-05:00,1.0360117087144034,1.037988804882644,0.9233158129771147,0.9252929091453552,46000,0.0,0.0
2020-02-24 00:00:00-05:00,0.8916818206093835,0.8976131677627563,0.8501622726901467,0.8976131677627563,47500,0.0,0.0
2020-02-25 00:00:00-05:00,0.9094759319361471,0.9193615302849941,0.9074987769126892,0.9074987769126892,7500,0.0,0.0
2020-02-26 00:00:00-05:00,0.8560936364105625,0.8778419882908861,0.8560936364105625,0.8699334859848022,6000,0.0,0.0
2020-02-27 00:00:00-05:00,0.8778420169350907,0.8778420169350907,0.8402767181396484,0.8402767181396484,42500,0.0,0.0
2020-02-28 00:00:00-05:00,0.7908486723899841,0.7908486723899841,0.7137409190246874,0.7908486723899841,25000,0.0,0.0
2020-03-02 00:00:00-05:00,0.7552604485795404,0.7710773944854736,0.7552604485795404,0.7710773944854736,1500,0.0,0.0
2020-03-03 00:00:00-05:00,0.7611917832208427,0.7611917832208427,0.7374663352966309,0.7374663352966309,7000,0.0,0.0
2020-03-04 00:00:00-05:00,0.7414205687174653,0.7532833218574524,0.7414205687174653,0.7532833218574524,20500,0.0,0.0
2020-03-05 00:00:00-05:00,0.7374663345684843,0.7374663345684843,0.7216493889422315,0.7256036400794983,26500,0.0,0.0
2020-03-06 00:00:00-05:00,0.7176951570968956,0.7236265045008256,0.7176951570968956,0.7216494083404541,41000,0.0,0.0
2020-03-09 00:00:00-04:00,0.7216494083404541,0.7216494083404541,0.7216494083404541,0.7216494083404541,0,0.0,0.0
2020-03-10 00:00:00-04:00,0.6722213615952481,0.6722213615952481,0.6603586077690125,0.6603586077690125,3500,0.0,0.0
2020-03-11 00:00:00-04:00,0.6603586077690125,0.6603586077690125,0.6603586077690125,0.6603586077690125,0,0.0,0.0
2020-03-12 00:00:00-04:00,0.62477046251297,0.6287246548552938,0.62477046251297,0.62477046251297,7000,0.0,0.0
2020-03-13 00:00:00-04:00,0.6247704240742514,0.6287246161732954,0.5021888780879525,0.5595253705978394,123000,0.0,0.0
2020-03-16 00:00:00-04:00,0.5219600923974732,0.5219600923974732,0.43892099482371355,0.4408981204032898,82500,0.0,0.0
2020-03-17 00:00:00-04:00,0.4705549537112785,0.4705549537112785,0.257025799702738,0.27679702639579773,129500,0.0,0.0
2020-03-18 00:00:00-04:00,0.2906368857332831,0.3104081130719736,0.251094460517311,0.257025808095932,86500,0.0,0.0
2020-03-19 00:00:00-04:00,0.26888856291770935,0.28075128756908296,0.26691143723224564,0.26888856291770935,47000,0.0,0.0
2020-03-20 00:00:00-04:00,0.27679702639579773,0.2965682530888575,0.27679702639579773,0.27679702639579773,11000,0.0,0.0
2020-03-23 00:00:00-04:00,0.2767970354346224,0.292614011413293,0.257025808095932,0.257025808095932,72000,0.0,0.0
2020-03-24 00:00:00-04:00,0.264934311189619,0.26691143687241736,0.2629571855068207,0.2629571855068207,11000,0.0,0.0
2020-03-25 00:00:00-04:00,0.27284278519046806,0.28865976123382653,0.27284278519046806,0.2866826355457306,10000,0.0,0.0
2020-03-26 00:00:00-04:00,0.30645384703645284,0.5931364971424296,0.30645384703645284,0.3440191447734833,291500,0.0,0.0
2020-03-27 00:00:00-04:00,0.3539047910953563,0.3539047910953563,0.2590029348352055,0.2866826355457306,124000,0.0,0.0
2020-03-30 00:00:00-04:00,0.3084309873551805,0.3084309873551805,0.23527748451058142,0.2510944604873657,103000,0.0,0.0
2020-03-31 00:00:00-04:00,0.2115520182439433,0.22341474273212544,0.1779409557069577,0.19771216809749603,497500,0.0,0.0
2020-04-01 00:00:00-04:00,0.21748337326552344,0.2510944494170067,0.1779409497976303,0.1779409497976303,253500,0.0,0.0
2020-04-02 00:00:00-04:00,0.23725458979606628,0.23725458979606628,0.1542154899962599,0.23725458979606628,388500,0.0,0.0
2020-04-03 00:00:00-04:00,0.23527746953513845,0.23527746953513845,0.18782654462504342,0.19375790655612946,82000,0.0,0.0
2020-04-06 00:00:00-04:00,0.21155200220850587,0.21155200220850587,0.14037563121310465,0.1581697165966034,262500,0.0,0.0
2020-04-07 00:00:00-04:00,0.1779409496380325,0.249117323600964,0.17596382404720004,0.2352774739265442,617000,0.0,0.0
2020-04-08 00:00:00-04:00,0.23725458478667294,0.27481989735897117,0.22143762425212438,0.2352774739265442,456500,0.0,0.0
2020-04-09 00:00:00-04:00,0.2570258042986337,0.39542433470194993,0.23330035541185187,0.37169885635375977,1236000,0.0,0.0
2020-04-13 00:00:00-04:00,0.425081156851751,0.45078373116625403,0.31040810579189965,0.31831657886505127,805500,0.0,0.0
2020-04-14 00:00:00-04:00,0.3341335435525066,0.35588189535035136,0.3123852212160689,0.3143623173236847,155500,0.0,0.0
2020-04-15 00:00:00-04:00,0.3163394619443516,0.3361106893639019,0.2570258091471096,0.2866826355457306,190500,0.0,0.0
2020-04-16 00:00:00-04:00,0.2886597514152527,0.3123852294039881,0.26888855412961565,0.2886597514152527,156500,0.0,0.0
2020-04-17 00:00:00-04:00,0.29656824507948426,0.35390476853333025,0.2787741444824338,0.30249959230422974,152500,0.0,0.0
2020-04-20 00:00:00-04:00,0.304476710931257,0.34797338392143656,0.29656823832459084,0.32820215821266174,85000,0.0,0.0
2020-04-21 00:00:00-04:00,0.3459962756293952,0.3459962756293952,0.27679702639579773,0.27679702639579773,70000,0.0,0.0
2020-04-22 00:00:00-04:00,0.2985453500580712,0.2985453500580712,0.27877415277243417,0.2886597514152527,37000,0.0,0.0
2020-04-23 00:00:00-04:00,0.27284276485443115,0.2926139908003548,0.26295716661217267,0.27284276485443115,130000,0.0,0.0
2020-04-24 00:00:00-04:00,0.2748199105126917,0.29656826359138405,0.26888856291770935,0.26888856291770935,95500,0.0,0.0
2020-04-27 00:00:00-04:00,0.2866826182801783,0.3143623173236847,0.2807512710345167,0.3143623173236847,107500,0.0,0.0
2020-04-28 00:00:00-04:00,0.34599626583733606,0.34599626583733606,0.29656824469566345,0.29656824469566345,65500,0.0,0.0
2020-04-29 00:00:00-04:00,0.31633944177717854,0.3361106679362798,0.3005224667421789,0.30249959230422974,85500,0.0,0.0
2020-04-30 00:00:00-04:00,0.28470550260149385,0.3301793038845062,0.28470550260149385,0.3301793038845062,102500,0.0,0.0
2020-05-01 00:00:00-04:00,0.3459962780465548,0.3459962780465548,0.29261400390219044,0.3064538538455963,59500,0.0,0.0
2020-05-04 00:00:00-04:00,0.3064538621441577,0.3064538621441577,0.26098005982402234,0.2629571855068207,205500,0.0,0.0
2020-05-05 00:00:00-04:00,0.2649343013763428,0.2926140009874344,0.26295717576677796,0.2649343013763428,91500,0.0,0.0
2020-05-06 00:00:00-04:00,0.2728427643967068,0.2767970154715391,0.2649342917084487,0.26691141724586487,41000,0.0,0.0
2020-05-07 00:00:00-04:00,0.2767970154715391,0.28668261369721343,0.2649342917084487,0.26691141724586487,49000,0.0,0.0
2020-05-08 00:00:00-04:00,0.26295716661217267,0.27284276485443115,0.26295716661217267,0.27284276485443115,33500,0.0,0.0
2020-05-11 00:00:00-04:00,0.29063687372480373,0.29063687372480373,0.24714019894599915,0.24714019894599915,92000,0.0,0.0
2020-05-12 00:00:00-04:00,0.25900291634320666,0.266911418530948,0.22143761933565567,0.2333003431558609,149000,0.0,0.0
2020-05-13 00:00:00-04:00,0.23330034189236568,0.23725457823411783,0.19771215589378316,0.22143761813640594,99000,0.0,0.0
2020-05-14 00:00:00-04:00,0.22736899002944125,0.22736899002944125,0.20759776325769577,0.21946050226688385,39000,0.0,0.0
2020-05-15 00:00:00-04:00,0.219460493209952,0.22736898064613342,0.21352913131549178,0.22736898064613342,32000,0.0,0.0
2020-05-18 00:00:00-04:00,0.2174833776615751,0.3321564286593685,0.2174833776615751,0.312385231256485,362500,0.0,0.0
2020-05-19 00:00:00-04:00,0.328202182873254,0.43496676258450934,0.32424796100351005,0.43101251125335693,1298000,0.0,0.0
2020-05-20 00:00:00-04:00,0.593136506177715,0.8778420055738919,0.43496675155605247,0.5535940527915955,16796500,0.0,0.0
2020-05-21 00:00:00-04:00,0.4942804160127792,0.709786672209143,0.47450918876616094,0.6821069717407227,1722000,0.0,0.0
2020-05-22 00:00:00-04:00,0.6544272467711989,0.6741984438161946,0.5535940475652165,0.6148847937583923,887500,0.0,0.0
2020-05-26 00:00:00-04:00,0.5970906972413139,0.6129077021319216,0.5002117485161962,0.5417312979698181,495500,0.0,0.0
2020-05-27 00:00:00-04:00,0.5338228601852332,0.541731303792727,0.44682947965886377,0.47450917959213257,429000,0.0,0.0
2020-05-28 00:00:00-04:00,0.4745091788891602,0.49428040572423654,0.45869220331338073,0.4626464545726776,204500,0.0,0.0
2020-05-29 00:00:00-04:00,0.46462356076478645,0.478463410131927,0.44485233475683994,0.4666006863117218,120500,0.0,0.0
2020-06-01 00:00:00-04:00,0.4666006850811873,0.4666006850811873,0.42705826263098356,0.45473796129226685,292000,0.0,0.0
2020-06-02 00:00:00-04:00,0.45473796173134906,0.4942803842197339,0.45473796173134906,0.46066930890083313,172000,0.0,0.0
2020-06-03 00:00:00-04:00,0.4923032687176819,0.4923032687176819,0.44682946867087087,0.45276084542274475,225500,0.0,0.0
2020-06-04 00:00:00-04:00,0.4606693100893088,0.47450915946901906,0.4448523351608675,0.4725320339202881,206000,0.0,0.0
2020-06-05 00:00:00-04:00,0.48044055700302124,0.4962575031577191,0.44682948013612017,0.48044055700302124,301000,0.0,0.0
2020-06-08 00:00:00-04:00,0.49428040562690917,0.6227933063760803,0.49428040562690917,0.6129077076911926,1120500,0.0,0.0
2020-06-09 00:00:00-04:00,0.5931364777007728,0.6148847700423113,0.5041659765842504,0.5832508206367493,627000,0.0,0.0
2020-06-10 00:00:00-04:00,0.5832508551126041,0.5931365127609671,0.4804405576595385,0.4923032820224762,294500,0.0,0.0
2020-06-11 00:00:00-04:00,0.4784634172916412,0.4784634172916412,0.39542431984620297,0.4349667429924011,231000,0.0,0.0
2020-06-12 00:00:00-04:00,0.47450919347645587,0.7315350323882689,0.4369438937425324,0.5970907211303711,3616500,0.0,0.0
2020-06-15 00:00:00-04:00,0.5180058310614133,0.6129076802481586,0.5140515799799472,0.5456855297088623,477000,0.0,0.0
2020-06-16 00:00:00-04:00,0.5535940610014115,0.5931365149739467,0.5278914570808411,0.5278914570808411,195000,0.0,0.0
2020-06-17 00:00:00-04:00,0.5417313183103054,0.581273773098717,0.4942804197024656,0.5496398210525513,514500,0.0,0.0
2020-06-18 00:00:00-04:00,0.5417312657183219,0.5476626716605864,0.49625746774929075,0.5239371657371521,264500,0.0,0.0
2020-06-19 00:00:00-04:00,0.5239372055158039,0.5318457080907157,0.4863719361306056,0.5160287618637085,228500,0.0,0.0
2020-06-22 00:00:00-04:00,0.5081202356867269,0.5180058339847746,0.47846341133117676,0.47846341133117676,133000,0.0,0.0
2020-06-23 00:00:00-04:00,0.47846341133117676,0.504165984582945,0.4745091602273949,0.47846341133117676,91000,0.0,0.0
2020-06-24 00:00:00-04:00,0.45869220331338073,0.47253205325951175,0.4567151071451403,0.4626464545726776,117500,0.0,0.0
2020-06-25 00:00:00-04:00,0.4567150932276053,0.5239371858187369,0.454737967658206,0.5199829936027527,164500,0.0,0.0
2020-06-26 00:00:00-04:00,0.5041659824764785,0.5041659824764785,0.45671508727497934,0.46066930890083313,59000,0.0,0.0
2020-06-29 00:00:00-04:00,0.4567150965906607,0.45869219271321127,0.44682946867087087,0.45276084542274475,57500,0.0,0.0
2020-06-30 00:00:00-04:00,0.45671509933211984,0.6524501503205733,0.44880659694881675,0.4883490204811096,761500,0.0,0.0
2020-07-01 00:00:00-04:00,0.5298685716794167,0.5694109637061832,0.49625746774929075,0.5239371657371521,108500,0.0,0.0
2020-07-02 00:00:00-04:00,0.518005859233177,0.5931365160213883,0.47450918335570236,0.5397542119026184,173500,0.0,0.0
2020-07-06 00:00:00-04:00,0.5694109637061832,0.5694109637061832,0.5199829736727251,0.5239371657371521,53000,0.0,0.0
2020-07-07 00:00:00-04:00,0.5516169497499157,0.6524501486488147,0.529868597712965,0.5911593437194824,421000,0.0,0.0
2020-07-08 00:00:00-04:00,0.5911593431119017,0.6366331432684184,0.5792966485023499,0.5792966485023499,116000,0.0,0.0
2020-07-09 00:00:00-04:00,0.5832508700587165,0.5872051214348283,0.5615025758743286,0.5615025758743286,47500,0.0,0.0
2020-07-10 00:00:00-04:00,0.5615025578317415,0.6148848023868905,0.5278914516762159,0.5891822576522827,113500,0.0,0.0
2020-07-13 00:00:00-04:00,0.5852279816007095,0.5931364837636416,0.5456855297088623,0.5456855297088623,70500,0.0,0.0
2020-07-14 00:00:00-04:00,0.5417313068479472,0.5456855581354032,0.5160287618637085,0.5160287618637085,55000,0.0,0.0
2020-07-15 00:00:00-04:00,0.5516169678198036,0.6583815175269714,0.5417313100807624,0.5753424167633057,392000,0.0,0.0
2020-07-16 00:00:00-04:00,0.5713881376983216,0.6227932843994863,0.5298685893332101,0.5931364893913269,69500,0.0,0.0
2020-07-17 00:00:00-04:00,0.5792966399362898,0.5931364893913269,0.5674338865793377,0.5931364893913269,21500,0.0,0.0
2020-07-20 00:00:00-04:00,0.5832508206367493,0.6010449208600538,0.5812737245776323,0.5832508206367493,42500,0.0,0.0
2020-07-21 00:00:00-04:00,0.5852279856785688,0.6049991823008511,0.5753423873674276,0.5812737345695496,76000,0.0,0.0
2020-07-22 00:00:00-04:00,0.6089534645230322,0.6089534645230322,0.5753424167633057,0.5753424167633057,37000,0.0,0.0
2020-07-23 00:00:00-04:00,0.5951136146053295,0.5990678659177753,0.5516169680140607,0.5872051119804382,30000,0.0,0.0
2020-07-24 00:00:00-04:00,0.5931364777007728,0.5931364777007728,0.5713881264364215,0.5832508206367493,21000,0.0,0.0
2020-07-27 00:00:00-04:00,0.5733652515888148,0.581273754072196,0.5516169581437403,0.5773195028305054,36500,0.0,0.0
2020-07-28 00:00:00-04:00,0.5555711693600068,0.5733652710914612,0.5476627255304409,0.5733652710914612,36000,0.0,0.0
2020-07-29 00:00:00-04:00,0.597090687645133,0.6109305372405789,0.5555711388587952,0.5555711388587952,126000,0.0,0.0
2020-07-30 00:00:00-04:00,0.5911593643447569,0.6129077171404974,0.5872051130252753,0.6109305620193481,79000,0.0,0.0
2020-07-31 00:00:00-04:00,0.5713881645511628,0.5852280146566147,0.5476627156450762,0.5634796619415283,36500,0.0,0.0
2020-08-03 00:00:00-04:00,0.5615025272959977,0.5911593216668547,0.5615025272959977,0.5713881254196167,18000,0.0,0.0
2020-08-04 00:00:00-04:00,0.5535940357292288,0.5852279856785688,0.5239371818729915,0.5812737345695496,138000,0.0,0.0
2020-08-05 00:00:00-04:00,0.5535940470517964,0.6030220985412598,0.5535940470517964,0.6030220985412598,96000,0.0,0.0
2020-08-06 00:00:00-04:00,0.6089534272857134,0.6188390254974365,0.5713881305120403,0.6188390254974365,51000,0.0,0.0
2020-08-07 00:00:00-04:00,0.618839056153852,0.6326789061204338,0.618839056153852,0.62477046251297,122000,0.0,0.0
2020-08-10 00:00:00-04:00,0.6247704599709258,0.632678903546212,0.5773195039051296,0.5891822576522827,69500,0.0,0.0
2020-08-11 00:00:00-04:00,0.5872051221396352,0.6208162294155186,0.5713881755390213,0.5970907211303711,139000,0.0,0.0
2020-08-12 00:00:00-04:00,0.6089534357325611,0.6129076868566627,0.5852279879107651,0.6049991846084595,64000,0.0,0.0
2020-08-13 00:00:00-04:00,0.6227932955679191,0.6247704506242739,0.6030220985412598,0.6030220985412598,22500,0.0,0.0
2020-08-14 00:00:00-04:00,0.464623574438284,0.5852280006593762,0.40530992413029815,0.5180058479309082,1450500,0.0,0.0
2020-08-17 00:00:00-04:00,0.49230328064295903,0.49230328064295903,0.44682947949461627,0.4685778319835663,166000,0.0,0.0
2020-08-18 00:00:00-04:00,0.49032615638508525,0.506143161484213,0.4745091807473656,0.4923032820224762,64500,0.0,0.0
2020-08-19 00:00:00-04:00,0.5041659957863083,0.5120744981696114,0.47846342196338826,0.4883490204811096,60500,0.0,0.0
2020-08-20 00:00:00-04:00,0.47648630573364276,0.4883490300803702,0.47648630573364276,0.48044055700302124,87500,0.0,0.0
2020-08-21 00:00:00-04:00,0.4745091788891602,0.48834902883529124,0.4626464545726776,0.4626464545726776,35000,0.0,0.0
2020-08-24 00:00:00-04:00,0.480440550897789,0.5634796497310638,0.480440550897789,0.5298686027526855,211000,0.0,0.0
2020-08-25 00:00:00-04:00,0.5535940610014115,0.5535940610014115,0.498234660793552,0.5278914570808411,52500,0.0,0.0
2020-08-26 00:00:00-04:00,0.5081202364789329,0.5397541864356942,0.48439478874206543,0.48439478874206543,37500,0.0,0.0
2020-08-27 00:00:00-04:00,0.48241769363839887,0.5120745199121933,0.4804405679586247,0.5021889209747314,62000,0.0,0.0
2020-08-28 00:00:00-04:00,0.4804405481651699,0.5219600973456551,0.4804405481651699,0.4942803978919983,38500,0.0,0.0
2020-08-31 00:00:00-04:00,0.49230325949906756,0.49230325949906756,0.4567150880384519,0.4666006863117218,33000,0.0,0.0
2020-09-01 00:00:00-04:00,0.4863719115066196,0.4863719115066196,0.45473796173134906,0.46066930890083313,86000,0.0,0.0
2020-09-02 00:00:00-04:00,0.458692193677852,0.4705549472065474,0.4448523440224481,0.4646235704421997,30000,0.0,0.0
2020-09-03 00:00:00-04:00,0.46857780980256997,0.46857780980256997,0.4369438601132258,0.4488065838813782,38000,0.0,0.0
2020-09-04 00:00:00-04:00,0.444852331530908,0.45078370812870144,0.4349667333293254,0.4369438588619232,17000,0.0,0.0
2020-09-08 00:00:00-04:00,0.4705549547675572,0.4705549547675572,0.42508115389442785,0.42705827951431274,38000,0.0,0.0
2020-09-09 00:00:00-04:00,0.434966753287137,0.4389210045337677,0.434966753287137,0.4389210045337677,42500,0.0,0.0
2020-09-10 00:00:00-04:00,0.4389210138400308,0.4389210138400308,0.42508116364479065,0.42508116364479065,7500,0.0,0.0
2020-09-11 00:00:00-04:00,0.42903536558151245,0.4408981190217999,0.42508114389615714,0.42903536558151245,6500,0.0,0.0
2020-09-14 00:00:00-04:00,0.4270582802552836,0.4389210045337677,0.4270582802552836,0.4389210045337677,5500,0.0,0.0
2020-09-15 00:00:00-04:00,0.45869220205035655,0.45869220205035655,0.4389210047311289,0.444852352142334,24000,0.0,0.0
2020-09-16 00:00:00-04:00,0.4369438588619232,0.4369438588619232,0.4369438588619232,0.4369438588619232,8000,0.0,0.0
2020-09-17 00:00:00-04:00,0.43892099482371355,0.4586921916966617,0.43694386924413725,0.4408981204032898,12000,0.0,0.0
2020-09-18 00:00:00-04:00,0.4408981207301375,0.45473797033602387,0.42508114554320914,0.4468294680118561,35000,0.0,0.0
2020-09-21 00:00:00-04:00,0.44485234998924567,0.44485234998924567,0.4151955246925354,0.4151955246925354,25500,0.0,0.0
2020-09-22 00:00:00-04:00,0.4191497852707556,0.4191497852707556,0.39740146194749887,0.40135568380355835,10000,0.0,0.0
2020-09-23 00:00:00-04:00,0.39937856520546333,0.39937856520546333,0.37565308809280396,0.37565308809280396,25500,0.0,0.0
2020-09-24 00:00:00-04:00,0.3974014425142275,0.3974014425142275,0.29656824507948426,0.30249959230422974,214500,0.0,0.0
2020-09-25 00:00:00-04:00,0.31633945372894196,0.3479734049941177,0.31633945372894196,0.32424795627593994,39500,0.0,0.0
2020-09-28 00:00:00-04:00,0.3499505314699209,0.3499505314699209,0.3242479570533682,0.3420420289039612,134500,0.0,0.0
2020-09-29 00:00:00-04:00,0.41519552301030305,0.41519552301030305,0.3716988480487891,0.3914700746536255,87000,0.0,0.0
2020-09-30 00:00:00-04:00,0.39147006496545345,0.39937856719623,0.3756530899653072,0.3934471905231476,50500,0.0,0.0
2020-10-01 00:00:00-04:00,0.3894929386661887,0.3894929386661887,0.37565308925008684,0.3875158131122589,15000,0.0,0.0
2020-10-02 00:00:00-04:00,0.37565310516751865,0.37565310516751865,0.30447672951714516,0.3301793038845062,289500,0.0,0.0
2020-10-05 00:00:00-04:00,0.33017928586593137,0.3479733861728155,0.33017928586593137,0.34599626064300537,35500,0.0,0.0
2020-10-06 00:00:00-04:00,0.36972174275363173,0.46066931217771384,0.33611066719564514,0.3934471905231476,577500,0.0,0.0
2020-10-07 00:00:00-04:00,0.40926416474408,0.4231040141601819,0.37565308925008684,0.3875158131122589,59000,0.0,0.0
2020-10-08 00:00:00-04:00,0.369721761146406,0.39147008444015485,0.369721761146406,0.3894929587841034,40000,0.0,0.0
2020-10-09 00:00:00-04:00,0.387515833128052,0.3894929587841034,0.3796073599652547,0.3894929587841034,12500,0.0,0.0
2020-10-12 00:00:00-04:00,0.39542432526070453,0.39542432526070453,0.3736759730825831,0.3855386972427368,31000,0.0,0.0
2020-10-13 00:00:00-04:00,0.3875158330251819,0.3875158330251819,0.38158448552001056,0.3835616111755371,17000,0.0,0.0
2020-10-14 00:00:00-04:00,0.3835615939425532,0.41321841852018776,0.3815844683758566,0.4112412929534912,86500,0.0,0.0
2020-10-15 00:00:00-04:00,0.40926416666906107,0.40926416666906107,0.3993785683143218,0.40530991554260254,25500,0.0,0.0
2020-10-16 00:00:00-04:00,0.4053099271569866,0.43496675253244454,0.4053099271569866,0.42705827951431274,65500,0.0,0.0
2020-10-19 00:00:00-04:00,0.40135568512337283,0.42508116364479065,0.3954243375890748,0.42508116364479065,97500,0.0,0.0
2020-10-20 00:00:00-04:00,0.4250811445712034,0.4507837181431618,0.41914976784164043,0.4349667429924011,105500,0.0,0.0
2020-10-21 00:00:00-04:00,0.45473797132206023,0.4626464442019692,0.4270582720502678,0.45869219303131104,93000,0.0,0.0
2020-10-22 00:00:00-04:00,0.4646235807198648,0.8205054579177956,0.4191497795715221,0.4685778319835663,9445000,0.0,0.0
2020-10-23 00:00:00-04:00,0.4646235766741884,0.4764863009005909,0.40530992608076793,0.4151955246925354,1097000,0.0,0.0
2020-10-26 00:00:00-04:00,0.4250811525309048,0.44880660097060443,0.3974014528641193,0.4092641770839691,202000,0.0,0.0
2020-10-27 00:00:00-04:00,0.4033327895953226,0.42508114130872887,0.3974014423726896,0.39937856793403625,145500,0.0,0.0
2020-10-28 00:00:00-04:00,0.39740144897665264,0.39740144897665264,0.340064924590417,0.3618132472038269,298000,0.0,0.0
2020-10-29 00:00:00-04:00,0.349950512519469,0.3598361107301875,0.345996261450619,0.35192763805389404,131000,0.0,0.0
2020-10-30 00:00:00-04:00,0.34995051120811366,0.3519276367351299,0.3024995869439441,0.3400649130344391,163500,0.0,0.0
2020-11-02 00:00:00-05:00,0.3282021603361213,0.34599626064300537,0.32622506426771775,0.34599626064300537,57000,0.0,0.0
2020-11-03 00:00:00-05:00,0.33611066441725357,0.3697217396974009,0.33611066441725357,0.363790363073349,72500,0.0,0.0
2020-11-04 00:00:00-05:00,0.3736759613186955,0.3736759613186955,0.35785898644929715,0.363790363073349,12000,0.0,0.0
2020-11-05 00:00:00-05:00,0.42508114941428055,0.42508114941428055,0.3598361224913606,0.37367597222328186,117500,0.0,0.0
2020-11-06 00:00:00-05:00,0.3716988562342781,0.3815844844850998,0.35192765865545145,0.3657675087451935,323500,0.0,0.0
2020-11-09 00:00:00-05:00,0.37763022543027397,0.4369438758715868,0.37763022543027397,0.39740145206451416,374500,0.0,0.0
2020-11-10 00:00:00-05:00,0.395424326691498,0.42508115192989554,0.395424326691498,0.40333279967308044,56000,0.0,0.0
2020-11-11 00:00:00-05:00,0.4151955338548262,0.4151955338548262,0.3835616117068099,0.39542433619499207,117000,0.0,0.0
2020-11-12 00:00:00-05:00,0.39542431142702456,0.39542431142702456,0.35192763805389404,0.35192763805389404,220500,0.0,0.0
2020-11-13 00:00:00-05:00,0.3618132383020044,0.3796073387506225,0.3499505144900612,0.36972174048423767,126500,0.0,0.0
2020-11-16 00:00:00-05:00,0.3736759650979367,0.4072870407180159,0.37169883953659005,0.39937856793403625,104500,0.0,0.0
2020-11-17 00:00:00-05:00,0.39740146185325714,0.40530993502490914,0.38553870790366657,0.39542433619499207,46000,0.0,0.0
2020-11-18 00:00:00-05:00,0.38356160225896835,0.41519552362778184,0.38356160225896835,0.39740145206451416,60500,0.0,0.0
2020-11-19 00:00:00-05:00,0.43694388720429156,0.43694388720429156,0.4033328098927588,0.407287061214447,48000,0.0,0.0
2020-11-20 00:00:00-05:00,0.4151955339532876,0.42705828790569145,0.3954243362887649,0.40135568380355835,48500,0.0,0.0
2020-11-23 00:00:00-05:00,0.405309917623752,0.4468294662805364,0.405309917623752,0.42903536558151245,297500,0.0,0.0
2020-11-24 00:00:00-05:00,0.4883490164674912,0.4883490164674912,0.434966743664561,0.4408981204032898,142500,0.0,0.0
2020-11-25 00:00:00-05:00,0.45869220184410525,0.46264645309073593,0.4369438789104524,0.4389210045337677,36000,0.0,0.0
2020-11-27 00:00:00-05:00,0.46857781959454303,0.46857781959454303,0.43694386924413725,0.4408981204032898,24500,0.0,0.0
2020-11-30 00:00:00-05:00,0.43892099308551114,0.43892099308551114,0.42310401797294617,0.42310401797294617,29500,0.0,0.0
2020-12-01 00:00:00-05:00,0.42310403099074995,0.4764863052247101,0.4053099297589606,0.47450917959213257,241500,0.0,0.0
2020-12-02 00:00:00-05:00,0.48044054755921406,0.50218889965189,0.4764862963675625,0.4883490204811096,174500,0.0,0.0
2020-12-03 00:00:00-05:00,0.4804405582851608,0.5199830121616557,0.47846343264519525,0.5041660070419312,129500,0.0,0.0
2020-12-04 00:00:00-05:00,0.5041659697237688,0.5259143206921776,0.5041659697237688,0.5239371657371521,34500,0.0,0.0
2020-12-07 00:00:00-05:00,0.5180058175258248,0.5180058175258248,0.5081202195418788,0.5120744705200195,41500,0.0,0.0
2020-12-08 00:00:00-05:00,0.5180058454956811,0.5180058454956811,0.4824176731550398,0.4883490204811096,56500,0.0,0.0
2020-12-09 00:00:00-05:00,0.484394786772733,0.5180058326864133,0.44682946030377524,0.4666006863117218,122000,0.0,0.0
2020-12-10 00:00:00-05:00,0.48241767059385265,0.5100973404042377,0.44880659456607297,0.45869219303131104,25500,0.0,0.0
2020-12-11 00:00:00-05:00,0.4843948082723998,0.5219601069472712,0.4705549582909831,0.48044055700302124,227500,0.0,0.0
2020-12-14 00:00:00-05:00,0.4527608558858434,0.4626464545726776,0.4329896290507671,0.4626464545726776,30500,0.0,0.0
2020-12-15 00:00:00-05:00,0.5634796574786919,0.6129077100132051,0.4547379831487341,0.4863719344139099,2225000,0.0,0.0
2020-12-16 00:00:00-05:00,0.45473796929620375,0.4804405428681622,0.41519551668859844,0.4349667429924011,290000,0.0,0.0
2020-12-17 00:00:00-05:00,0.4468294710913345,0.5140515940030088,0.4250811484728015,0.48241767287254333,162000,0.0,0.0
2020-12-18 00:00:00-05:00,0.4448523358718448,0.5061431395962428,0.4448523358718448,0.47846341133117676,167000,0.0,0.0
2020-12-21 00:00:00-05:00,0.4962575026276689,0.4962575026276689,0.44287525785511683,0.47450917959213257,119500,0.0,0.0
2020-12-22 00:00:00-05:00,0.46264644665818966,0.5061431508435416,0.45078372254464255,0.4883490204811096,134000,0.0,0.0
2020-12-23 00:00:00-05:00,0.4784634306814119,0.48044055631326266,0.45078373075831774,0.4685778319835663,116000,0.0,0.0
2020-12-24 00:00:00-05:00,0.47846341621911,0.624770443401034,0.470554943392161,0.5318456888198853,3346500,0.0,0.0
2020-12-28 00:00:00-05:00,1.186273024191024,7.520970478419437,1.1111423089772743,2.7383134365081787,233840000,0.0,0.0
2020-12-29 00:00:00-05:00,1.8881510849053922,2.1629709830073605,1.5006352929739584,1.8327916860580444,16284000,0.0,0.0
2020-12-30 00:00:00-05:00,1.7794093587183009,1.7794093587183009,1.2950145665852557,1.3543282747268677,4617500,0.0,0.0
2020-12-31 00:00:00-05:00,1.3049002919783876,2.993362181004053,1.2989688857688793,2.125405788421631,130197500,0.0,0.0
2021-01-04 00:00:00-05:00,2.060160756986265,2.429882321453763,1.6093769566018434,1.9870071411132812,10040000,0.0,0.0
2021-01-05 00:00:00-05:00,1.901991040600419,2.164948250554404,1.8782655328592528,1.9197851419448853,1873500,0.0,0.0
2021-01-06 00:00:00-05:00,1.862448477845168,1.939556287555741,1.710210190246048,1.7853407859802246,1933500,0.0,0.0
2021-01-07 00:00:00-05:00,1.8367460095535084,1.8782655000686646,1.724049997057447,1.8782655000686646,1182500,0.0,0.0
2021-01-08 00:00:00-05:00,1.9810758440341205,1.9810758440341205,1.7457984504522683,1.797203540802002,916000,0.0,0.0
2021-01-11 00:00:00-05:00,1.7952263374228332,1.797203433501776,1.6588049402913843,1.7220728397369385,1335000,0.0,0.0
2021-01-12 00:00:00-05:00,1.7299814305944698,1.7378899331613364,1.6489194265911293,1.704278826713562,651500,0.0,0.0
2021-01-13 00:00:00-05:00,1.7042787590575972,1.7042787590575972,1.5619260720419743,1.6212396621704102,516500,0.0,0.0
2021-01-14 00:00:00-05:00,1.6311253446801448,1.9613046531620812,1.6311253446801448,1.7003246545791626,1603000,0.0,0.0
2021-01-15 00:00:00-05:00,1.6904389789749183,1.700324577390919,1.5915828769692828,1.6192625761032104,531500,0.0,0.0
2021-01-19 00:00:00-05:00,1.6054226886410625,1.6469422968085872,1.6054226886410625,1.6390337944030762,298000,0.0,0.0
2021-01-20 00:00:00-05:00,1.654850783795464,1.654850783795464,1.5204064798456887,1.569834589958191,459000,0.0,0.0
2021-01-21 00:00:00-05:00,1.589605752708398,1.777432237132236,1.5421547397370452,1.6251939535140991,1814500,0.0,0.0
2021-01-22 00:00:00-05:00,1.6093769577647827,1.6489193509392914,1.5816972589735012,1.6232167482376099,430500,0.0,0.0
2021-01-25 00:00:00-05:00,1.6805533528610936,1.706255837611706,1.5085437547046299,1.552040457725525,738000,0.0,0.0
2021-01-26 00:00:00-05:00,1.5816972992701601,1.7734780996055008,1.5619261021791981,1.6390337944030762,1578000,0.0,0.0
2021-01-27 00:00:00-05:00,1.6093770017087934,2.1135429998325317,1.5797202060181335,1.9276936054229736,7657000,0.0,0.0
2021-01-28 00:00:00-05:00,3.5667272972448094,4.270582695485478,1.9929385440883056,2.520829916000366,16453000,0.0,0.0
2021-01-29 00:00:00-05:00,2.572235170420698,3.0309273631981943,2.2381015653745293,2.26973557472229,3908000,0.0,0.0
2021-02-01 00:00:00-05:00,2.2697355366219725,2.2855525410303446,2.026549535764349,2.180765151977539,1157500,0.0,0.0
2021-02-02 00:00:00-05:00,2.105634605495985,2.1748337951200343,1.8940824908181104,1.9533960819244385,1303500,0.0,0.0
2021-02-03 00:00:00-05:00,1.9810757774818755,2.1155201998903523,1.9810757774818755,2.0265495777130127,397500,0.0,0.0
2021-02-04 00:00:00-05:00,2.0265495765448267,2.0305037688036767,1.8822197914123535,1.8822197914123535,544000,0.0,0.0
2021-02-05 00:00:00-05:00,1.9454876795070937,2.1293599752307455,1.931647771002099,2.0779547691345215,625000,0.0,0.0
2021-02-08 00:00:00-05:00,2.153085358255291,2.2301931671825423,1.9968927621357364,2.127382755279541,579000,0.0,0.0
2021-02-09 00:00:00-05:00,2.075977535483675,2.251941562919087,2.0107325393468813,2.17878794670105,1589000,0.0,0.0
2021-02-10 00:00:00-05:00,2.121451349408197,2.16692514918859,1.949441866532721,2.030503749847412,367500,0.0,0.0
2021-02-11 00:00:00-05:00,2.125405791890433,2.2993923720695046,1.9573503822392917,2.0759775638580322,1463500,0.0,0.0
2021-02-12 00:00:00-05:00,1.994915562142056,2.0759775638580322,1.994915562142056,2.0759775638580322,313000,0.0,0.0
2021-02-16 00:00:00-05:00,2.0463206882457547,2.2242616893905485,2.044343710044354,2.1412224769592285,495000,0.0,0.0
2021-02-17 00:00:00-05:00,2.1392455878714776,2.204490585060577,2.0562063719810277,2.1234285831451416,339000,0.0,0.0
2021-02-18 00:00:00-05:00,2.046320788185613,2.0759775838762726,1.9098995044394518,1.9276936054229736,440000,0.0,0.0
2021-02-19 00:00:00-05:00,1.8980366434235156,2.501058729631264,1.8980366434235156,2.3250949382781982,3697000,0.0,0.0
2021-02-22 00:00:00-05:00,2.1847194603183064,2.9063688812114465,2.1847194603183064,2.5406012535095215,4705000,0.0,0.0
2021-02-23 00:00:00-05:00,2.263804160385323,2.360683166358188,1.9771215703894536,2.1748337745666504,1104000,0.0,0.0
2021-02-24 00:00:00-05:00,2.1056345320857477,2.362660320276889,2.0858631000483503,2.137268304824829,464500,0.0,0.0
2021-02-25 00:00:00-05:00,2.3409119986872438,3.3334269884843657,2.155062604579238,2.2657814025878906,10493500,0.0,0.0
2021-02-26 00:00:00-05:00,2.3330033983258307,2.9953392137301242,2.323117799694032,2.4061570167541504,4147000,0.0,0.0
2021-03-01 00:00:00-05:00,2.392317205776808,2.6967937825015538,2.1728565880206743,2.41011118888855,3191000,0.0,0.0
2021-03-02 00:00:00-05:00,2.3725458913555006,2.570257852559085,2.0502748760729106,2.0937716960906982,1219500,0.0,0.0
2021-03-03 00:00:00-05:00,2.1550626008026654,2.234147389044182,1.8841968946768333,1.9771215915679932,1314000,0.0,0.0
2021-03-04 00:00:00-05:00,1.8604714082942855,1.9395563152654829,1.5816973145045288,1.5876286029815674,1083000,0.0,0.0
2021-03-05 00:00:00-05:00,1.6172855392690697,1.7121873346794552,1.3642139277138645,1.6073999404907227,1833000,0.0,0.0
2021-03-08 00:00:00-05:00,1.6133311413484477,1.7932492414560204,1.6073998531112486,1.6251939535140991,1904000,0.0,0.0
2021-03-09 00:00:00-05:00,1.6805533557772254,1.7517296397537283,1.5994913556848693,1.672644853591919,889000,0.0,0.0
2021-03-10 00:00:00-05:00,1.7240500362501654,1.852562938706717,1.6706678497808065,1.726027250289917,1101500,0.0,0.0
2021-03-11 00:00:00-05:00,1.6706678107511752,1.7794093951892567,1.641010897149704,1.7339355945587158,494500,0.0,0.0
2021-03-12 00:00:00-05:00,1.7280043191084704,1.8782655130111061,1.6904390206328113,1.779409408569336,755000,0.0,0.0
2021-03-15 00:00:00-04:00,1.8308146347282854,1.8762884361690193,1.7457984382419163,1.7517297267913818,291000,0.0,0.0
2021-03-16 00:00:00-04:00,1.7754551463096473,1.789294936749713,1.6153082422098548,1.672644853591919,390500,0.0,0.0
2021-03-17 00:00:00-04:00,1.6508964392754262,1.8189518451690674,1.6271710506203987,1.8189518451690674,502500,0.0,0.0
2021-03-18 00:00:00-04:00,1.809066271378301,1.8288374681399828,1.6390337671057074,1.66869056224823,298500,0.0,0.0
2021-03-19 00:00:00-04:00,1.6805534571392025,1.7517297454086775,1.6627593556104252,1.7240500450134277,123500,0.0,0.0
2021-03-22 00:00:00-04:00,1.7220728466931436,1.7398669471667598,1.6805533574851241,1.696370244026184,89000,0.0,0.0
2021-03-23 00:00:00-04:00,1.7319585412712146,1.7319585412712146,1.5500633342477268,1.5816973447799683,332000,0.0,0.0
2021-03-24 00:00:00-04:00,1.5994913971489029,1.6212396903380617,1.4452758951517282,1.4709784984588623,179000,0.0,0.0
2021-03-25 00:00:00-04:00,1.4630700100890568,1.5698346166130575,1.3998021082058303,1.5401777029037476,196000,0.0,0.0
2021-03-26 00:00:00-04:00,1.4749327505694698,1.5421548468459605,1.4255047559317024,1.4828412532806396,120500,0.0,0.0
2021-03-29 00:00:00-04:00,1.4947039320441007,1.528315038736819,1.366191029548645,1.366191029548645,326500,0.0,0.0
2021-03-30 00:00:00-04:00,0.5437084637230836,0.9687896241275736,0.5437084637230836,0.731535017490387,6620500,0.0,0.0
2021-03-31 00:00:00-04:00,0.7770087838965288,0.9292471279941681,0.7018781304359436,0.7018781304359436,3297500,0.0,0.0
2021-04-01 00:00:00-04:00,0.8303910665594743,3.1258292682618922,0.8145741202380784,1.9178080558776855,743680500,0.0,0.0
2021-04-05 00:00:00-04:00,1.8584942852441273,3.4105347813696008,1.8347687781423705,2.267758369445801,235768000,0.0,0.0
2021-04-06 00:00:00-04:00,2.6691141203455953,3.163394504272881,2.2420557102478975,2.5702579021453857,151672500,0.0,0.0
2021-04-07 00:00:00-04:00,2.7383134743307522,2.965682483595004,2.0759776442399955,2.491173267364502,41087500,0.0,0.0
2021-04-08 00:00:00-04:00,2.2638042501368094,2.350797661134345,2.0443438621401193,2.3013696670532227,10410500,0.0,0.0
2021-04-09 00:00:00-04:00,2.145177034473579,2.2064678405572904,1.9771216212464282,1.9949156045913696,3709000,0.0,0.0
2021-04-12 00:00:00-04:00,1.832791597349379,2.7679700440865496,1.7912721091462616,2.1431996822357178,39600500,0.0,0.0
2021-04-13 00:00:00-04:00,2.075977644934309,2.3725460819460116,2.0166640518084757,2.0601608753204346,5387000,0.0,0.0
2021-04-14 00:00:00-04:00,2.0858632016936496,2.329049211431332,2.0858632016936496,2.2123990058898926,7796000,0.0,0.0
2021-04-15 00:00:00-04:00,2.2341474083980337,2.29543821409266,2.0759775948535557,2.214376211166382,4149500,0.0,0.0
2021-04-16 00:00:00-04:00,2.1748338820847257,2.2717128928470345,2.113543074547525,2.153085470199585,2774000,0.0,0.0
2021-04-19 00:00:00-04:00,2.1748337745666504,2.212398954302476,2.0463207593595323,2.1748337745666504,1557000,0.0,0.0
2021-04-20 00:00:00-04:00,2.1115658444107774,2.139245662571225,2.0107326419892693,2.012709856033325,1889000,0.0,0.0
2021-04-21 00:00:00-04:00,1.979098816807127,1.9929386076898574,1.8387231047578811,1.8545401096343994,1061500,0.0,0.0
2021-04-22 00:00:00-04:00,1.9079223126507252,2.0680692233658844,1.8802426127815703,1.9949156045913696,2310500,0.0,0.0
2021-04-23 00:00:00-04:00,1.9968927772214242,2.0562063680637417,1.9296706840310052,1.9553732872009277,987500,0.0,0.0
2021-04-26 00:00:00-04:00,1.9632817224761736,2.471402039255844,1.9553733377691813,2.305323839187622,2352000,0.0,0.0
2021-04-27 00:00:00-04:00,2.174833810232925,2.3053238058501244,2.079932016665077,2.119474411010742,1240000,0.0,0.0
2021-04-28 00:00:00-04:00,2.105634727330211,2.172856706863746,2.0937719141460462,2.0977261066436768,717500,0.0,0.0
2021-04-29 00:00:00-04:00,2.127382892448243,2.166925288593997,2.0206182814399445,2.0522522926330566,493000,0.0,0.0
2021-04-30 00:00:00-04:00,2.0127097807996224,2.4120883831603153,1.996892776112205,2.0759775638580322,3834500,0.0,0.0
2021-05-03 00:00:00-04:00,2.06213784803163,2.1530854515187876,1.9197851542119266,1.9652589559555054,979500,0.0,0.0
2021-05-04 00:00:00-04:00,1.9711902452035703,1.977121651640154,1.779409439337885,1.797203540802002,701500,0.0,0.0
2021-05-05 00:00:00-04:00,1.7991807125920267,1.9435104992668197,1.7497526017544298,1.7576611042022705,912000,0.0,0.0
2021-05-06 00:00:00-04:00,1.7576611065802203,1.7576611065802203,1.6410109015466068,1.6607820987701416,525500,0.0,0.0
2021-05-07 00:00:00-04:00,1.6350795840882537,1.728004280098197,1.5322691717962384,1.5461090803146362,856000,0.0,0.0
2021-05-10 00:00:00-04:00,1.656827893400904,1.6588049895385433,1.4650470932916455,1.4947038888931274,490500,0.0,0.0
2021-05-11 00:00:00-04:00,1.472955555838869,1.708233053839208,1.4057334640583266,1.4788869619369507,2838000,0.0,0.0
2021-05-12 00:00:00-04:00,1.4887726434599506,1.5105209372931014,1.344442735715494,1.366191029548645,526500,0.0,0.0
2021-05-13 00:00:00-04:00,1.4037562638008807,1.7141643587873145,1.2871061795522631,1.5243607759475708,3742000,0.0,0.0
2021-05-14 00:00:00-04:00,1.502612389413942,2.1550625989060195,1.4353902958986884,1.7121872901916504,8453500,0.0,0.0
2021-05-17 00:00:00-04:00,1.6410108367564062,1.6765990374919324,1.5816972474276136,1.6014684438705444,937500,0.0,0.0
2021-05-18 00:00:00-04:00,1.6034456054115602,1.7161415004448162,1.6034456054115602,1.6845076084136963,904000,0.0,0.0
2021-05-19 00:00:00-04:00,1.6133311847570806,1.7359127947961757,1.5816972931039905,1.6884617805480957,2321000,0.0,0.0
2021-05-20 00:00:00-04:00,1.7398669532799145,1.9039680502928995,1.6904389617048823,1.7438212633132935,3114000,0.0,0.0
2021-05-21 00:00:00-04:00,1.7299813620600737,1.822906057309622,1.6805533702823228,1.718118667602539,1183000,0.0,0.0
2021-05-24 00:00:00-04:00,1.5816972504476041,1.7576610405404145,1.5816972504476041,1.7220728397369385,999000,0.0,0.0
2021-05-25 00:00:00-04:00,1.720095792228579,1.8782654863859107,1.6805533981506533,1.8327916860580444,1602500,0.0,0.0
2021-05-26 00:00:00-04:00,1.6983475352637198,1.8960596277142112,1.694393225064243,1.824883222579956,1264500,0.0,0.0
2021-05-27 00:00:00-04:00,1.8703569923396082,1.937579203986527,1.7813866052676288,1.9276936054229736,1114000,0.0,0.0
2021-05-28 00:00:00-04:00,1.9375792095963595,2.333003388974614,1.8881510987898544,1.9988700151443481,4613000,0.0,0.0
2021-06-01 00:00:00-04:00,1.8723342271985541,2.370568824599416,1.8723342271985541,2.259850025177002,5537000,0.0,0.0
2021-06-02 00:00:00-04:00,2.3092780440337592,2.4081342675535407,2.1313370302511663,2.350797653198242,2192000,0.0,0.0
2021-06-03 00:00:00-04:00,2.19658206239811,2.530715683390689,2.1155202925741237,2.4872190952301025,2573000,0.0,0.0
2021-06-04 00:00:00-04:00,2.354751690523573,2.506990090308301,2.354751690523573,2.4793102741241455,1038500,0.0,0.0
2021-06-07 00:00:00-04:00,2.4219739202370754,2.9419569050062857,2.3685915013087566,2.572235107421875,5065500,0.0,0.0
2021-06-08 00:00:00-04:00,2.5406012243669998,2.661205622857292,2.1135430302979525,2.2104220390319824,2258500,0.0,0.0
2021-06-09 00:00:00-04:00,2.200536405036051,2.471401993790923,2.115520210389185,2.2657814025878906,2368500,0.0,0.0
2021-06-10 00:00:00-04:00,2.2657813534471933,2.431859546858237,2.1392455533685997,2.17878794670105,1503500,0.0,0.0
2021-06-11 00:00:00-04:00,2.1748339118247153,2.257872896691312,2.012709898881272,2.099703311920166,1014000,0.0,0.0
2021-06-14 00:00:00-04:00,2.08388628296189,2.1985592777747023,1.9909614643967322,2.008755683898926,238000,0.0,0.0
2021-06-15 00:00:00-04:00,2.0166640980632446,2.0838863132291103,1.9929387074069926,2.002824306488037,126500,0.0,0.0
2021-06-16 00:00:00-04:00,1.9474648420534295,1.9790988523749844,1.9000139444167299,1.9197851419448853,172000,0.0,0.0
2021-06-17 00:00:00-04:00,1.921762223112422,1.9573504255232779,1.8505858182907104,1.8505858182907104,157000,0.0,0.0
2021-06-18 00:00:00-04:00,1.8565171856420903,1.9138536803904145,1.8565171856420903,1.8584942817687988,163500,0.0,0.0
2021-06-21 00:00:00-04:00,1.8525629219561348,1.9217622308896505,1.7991807359694494,1.801157832145691,267000,0.0,0.0
2021-06-22 00:00:00-04:00,1.7813865914191667,2.0166639768174495,1.7813865914191667,1.9790987968444824,2084500,0.0,0.0
2021-06-23 00:00:00-04:00,1.9098995553846818,2.0146870679373623,1.848608748379258,1.9652589559555054,966000,0.0,0.0
2021-06-24 00:00:00-04:00,1.9553732501656584,2.0463207308321842,1.9138536430859248,1.9870071411132812,1060000,0.0,0.0
2021-06-25 00:00:00-04:00,1.973167357664981,2.089817559274929,1.9197850560208203,1.9613045454025269,1723000,0.0,0.0
2021-06-28 00:00:00-04:00,1.9790989154032244,2.0502750873565674,1.915830892745222,2.0502750873565674,389000,0.0,0.0
2021-06-29 00:00:00-04:00,2.0067784474608064,2.075977639251519,1.957350453324583,1.9652589559555054,1181000,0.0,0.0
2021-06-30 00:00:00-04:00,1.9435104736763942,2.1352913903586614,1.9435104736763942,2.0759775638580322,1095500,0.0,0.0
2021-07-01 00:00:00-04:00,2.0581836165469163,2.155062624628605,2.0166640079845837,2.020618200302124,1433500,0.0,0.0
2021-07-02 00:00:00-04:00,2.05027493233182,2.2282159379889412,1.9870071501488749,2.081908941268921,1621000,0.0,0.0
2021-07-06 00:00:00-04:00,2.1155201698861816,2.1273827465013246,2.004801373997312,2.0324809551239014,1018000,0.0,0.0
2021-07-07 00:00:00-04:00,2.0364350859269096,2.232170068933207,2.0364350859269096,2.0937716960906982,1994000,0.0,0.0
2021-07-08 00:00:00-04:00,2.091794603953998,2.4318596212617214,2.0265496058210135,2.261827230453491,2434000,0.0,0.0
2021-07-09 00:00:00-04:00,2.3903400526296323,2.9024146832998037,2.1926278409256716,2.2539186477661133,5214000,0.0,0.0
2021-07-12 00:00:00-04:00,2.1965819625584126,2.4496535665330494,2.145176991865564,2.3171865940093994,2415500,0.0,0.0
2021-07-13 00:00:00-04:00,2.3171865539057874,2.748198923101048,2.273689732783762,2.3250949382781982,3925500,0.0,0.0
2021-07-14 00:00:00-04:00,2.295438133844302,2.5129215314805315,2.216353347682493,2.2301931381225586,875500,0.0,0.0
2021-07-15 00:00:00-04:00,2.170879498165295,2.31323206281759,2.0562062780600803,2.1431996822357178,2321000,0.0,0.0
2021-07-16 00:00:00-04:00,2.188673594266725,2.2539185918711557,2.115520212094413,2.1689023971557617,983000,0.0,0.0
2021-07-19 00:00:00-04:00,2.1056347205546833,2.2539187064232205,1.9949156811383935,2.1946051120758057,532500,0.0,0.0
2021-07-20 00:00:00-04:00,2.2123990678268517,2.550486881253798,2.1590168807347103,2.4872190952301025,1272500,0.0,0.0
2021-07-21 00:00:00-04:00,2.439767968254259,2.6967937645049687,2.3784771633828092,2.5583953857421875,495000,0.0,0.0
2021-07-22 00:00:00-04:00,2.5425783213193798,2.6691141203455953,2.4714019196364303,2.5702579021453857,234000,0.0,0.0
2021-07-23 00:00:00-04:00,2.5406012266275675,2.669114245611805,2.392317245904907,2.402202844619751,476000,0.0,0.0
2021-07-26 00:00:00-04:00,2.4160424873123922,2.645388693380326,2.3330032746541534,2.5781664848327637,262500,0.0,0.0
2021-07-27 00:00:00-04:00,2.5524640702055708,2.5623496690398713,2.378477247892361,2.3962714672088623,201000,0.0,0.0
2021-07-28 00:00:00-04:00,2.4753561657919003,2.5682809799302313,2.3824315873448283,2.414065361022949,187500,0.0,0.0
2021-07-29 00:00:00-04:00,2.4476765325249548,2.5663037116109404,2.4437221046690856,2.473379135131836,104500,0.0,0.0
2021-07-30 00:00:00-04:00,2.443722056732879,2.5485096790328168,2.443722056732879,2.483264684677124,53500,0.0,0.0
2021-08-02 00:00:00-04:00,2.5485099065296937,2.9459113141147317,2.5485099065296937,2.82135272026062,932000,0.0,0.0
2021-08-03 00:00:00-04:00,2.7600618514142745,3.930517871990256,2.7086566437581983,3.602315664291382,6109500,0.0,0.0
2021-08-04 00:00:00-04:00,3.568704505151783,5.931365000868601,3.499505312801871,4.881513595581055,10859000,0.0,0.0
2021-08-05 00:00:00-04:00,4.857787904205447,6.19827632354747,4.857787904205447,5.37381649017334,3782000,0.0,0.0
2021-08-06 00:00:00-04:00,5.1998299290520364,5.577460116842715,4.420843928824087,4.547379493713379,2166000,0.0,0.0
2021-08-09 00:00:00-04:00,4.418866453474922,4.452477911989562,3.6873317067958897,3.9720373153686523,3148000,0.0,0.0
2021-08-10 00:00:00-04:00,3.6102239809149985,3.8929523820004808,3.1119893902336355,3.3749465942382812,2050000,0.0,0.0
2021-08-11 00:00:00-04:00,3.424374508700021,6.492867006693672,3.382854901502402,4.940826892852783,30870500,0.0,0.0
2021-08-12 00:00:00-04:00,4.9526899031519385,7.117637670448174,4.9526899031519385,6.053946495056152,51680000,0.0,0.0
2021-08-13 00:00:00-04:00,6.326789048070968,7.904531764365017,5.961021674811528,6.684648036956787,23520500,0.0,0.0
2021-08-16 00:00:00-04:00,6.279338191040411,6.326788968064601,5.346136590808824,5.535940170288086,4519000,0.0,0.0
2021-08-17 00:00:00-04:00,5.389633496292018,6.324811618096027,5.146447258524237,5.9056620597839355,3943500,0.0,0.0
2021-08-18 00:00:00-04:00,5.810759974005567,5.970906995513996,5.573505616167531,5.723766803741455,918500,0.0,0.0
2021-08-19 00:00:00-04:00,5.636773626286178,6.0954655727408715,5.520123425749876,6.016380786895752,904000,0.0,0.0
2021-08-20 00:00:00-04:00,5.980792806238651,6.465187353969424,5.931364579522958,6.117214202880859,850500,0.0,0.0
2021-08-23 00:00:00-04:00,6.103374115038483,6.787458567348224,6.051969380014517,6.467164516448975,1208500,0.0,0.0
2021-08-24 00:00:00-04:00,6.50472989010216,6.951559504466728,6.417736718258999,6.76570987701416,998000,0.0,0.0
2021-08-25 00:00:00-04:00,6.76175604836438,7.499222223165967,6.684648237794256,7.414206027984619,1316000,0.0,0.0
2021-08-26 00:00:00-04:00,7.3410525182142345,7.609940890014573,6.569974897255851,6.860611915588379,803500,0.0,0.0
2021-08-27 00:00:00-04:00,6.862588767720832,7.202653536303292,6.854680383391998,6.886314392089844,230500,0.0,0.0
2021-08-30 00:00:00-04:00,6.985170507609238,7.119614929288415,6.856657492135211,7.052392482757568,287500,0.0,0.0
2021-08-31 00:00:00-04:00,7.02075892911681,7.08600392584481,6.76570987701416,6.76570987701416,280000,0.0,0.0
2021-09-01 00:00:00-04:00,6.775595755787033,6.775595755787033,5.365907950134307,5.405450344085693,827000,0.0,0.0
2021-09-02 00:00:00-04:00,5.411381757401825,6.326789168478256,5.411381757401825,6.176527976989746,469500,0.0,0.0
2021-09-03 00:00:00-04:00,5.792966484634867,5.9728842392447,5.613048258642507,5.672361850738525,565500,0.0,0.0
2021-09-07 00:00:00-04:00,5.624910850239548,6.225955603626599,5.579437050948455,5.814714431762695,537500,0.0,0.0
2021-09-08 00:00:00-04:00,5.634796374771239,6.06976318359375,5.634796374771239,6.06976318359375,353000,0.0,0.0
2021-09-09 00:00:00-04:00,6.040106538976664,6.192344707810763,5.893799304962158,5.893799304962158,230500,0.0,0.0
2021-09-10 00:00:00-04:00,6.113259833110904,6.227933056206299,5.947181404585332,6.202230453491211,146500,0.0,0.0
2021-09-13 00:00:00-04:00,6.188390995011086,6.850726352254358,5.8562341201401145,6.71035099029541,423000,0.0,0.0
2021-09-14 00:00:00-04:00,6.8962000106226276,6.910039801557408,6.303063621824367,6.546249866485596,135500,0.0,0.0
2021-09-15 00:00:00-04:00,6.5205470364699325,6.791412382211151,6.5205470364699325,6.785480976104736,123500,0.0,0.0
2021-09-16 00:00:00-04:00,6.8428176455721035,6.870497226715088,6.704419268474671,6.870497226715088,76000,0.0,0.0
2021-09-17 00:00:00-04:00,6.9436512131148245,7.169042765897985,6.91003975378271,7.1334547996521,83000,0.0,0.0
2021-09-20 00:00:00-04:00,6.987147681657199,7.25999048920879,6.67871690726009,6.821069717407227,424000,0.0,0.0
2021-09-21 00:00:00-04:00,6.87247478721293,7.1710201925923025,6.623357138760112,7.13740873336792,148500,0.0,0.0
2021-09-22 00:00:00-04:00,7.1057749010117846,8.798190335219525,7.1057749010117846,8.365200996398926,545000,0.0,0.0
2021-09-23 00:00:00-04:00,8.333567640994534,10.66459375404441,8.303910138932155,10.652730941772461,1764000,0.0,0.0
2021-09-24 00:00:00-04:00,10.261261585833836,12.770229091974366,10.077389398643087,11.862730026245117,3099000,0.0,0.0
2021-09-27 00:00:00-04:00,12.807794429977555,12.807794429977555,11.33681599879828,12.643692970275879,985500,0.0,0.0
2021-09-28 00:00:00-04:00,12.81174798307869,12.81174798307869,9.899447773375694,11.182600021362305,1220000,0.0,0.0
2021-09-29 00:00:00-04:00,12.210000038146973,13.342000007629395,11.392000198364258,13.187999725341797,651500,0.1294,0.0
2021-09-30 00:00:00-04:00,12.824000358581543,12.996000289916992,11.600000381469727,11.996000289916992,338000,0.0,0.0
2021-10-01 00:00:00-04:00,10.263999938964844,11.199999809265137,9.84000015258789,10.960000038146973,584000,0.0,0.0
2021-10-04 00:00:00-04:00,10.12600040435791,11.399999618530273,10.0,10.513999938964844,398000,0.0,0.0
2021-10-05 00:00:00-04:00,10.001999855041504,10.484000205993652,9.460000038146973,9.86400032043457,682500,0.0,0.0
2021-10-06 00:00:00-04:00,9.645999908447266,11.600000381469727,9.156000137329102,11.600000381469727,694000,0.0,0.0
2021-10-07 00:00:00-04:00,11.399999618530273,12.88599967956543,11.0,11.569999694824219,1049000,0.0,0.0
2021-10-08 00:00:00-04:00,12.20199966430664,13.109999656677246,11.98799991607666,12.192000389099121,769000,0.0,0.0
2021-10-11 00:00:00-04:00,12.34000015258789,13.206000328063965,9.734000205993652,9.869999885559082,1555000,0.0,0.0
2021-10-12 00:00:00-04:00,10.65999984741211,10.722000122070312,9.199999809265137,9.354000091552734,697500,0.0,0.0
2021-10-13 00:00:00-04:00,9.105999946594238,9.640000343322754,8.60200023651123,8.869999885559082,500500,0.0,0.0
2021-10-14 00:00:00-04:00,8.760000228881836,9.100000381469727,8.293999671936035,8.600000381469727,391500,0.0,0.0
2021-10-15 00:00:00-04:00,8.489999771118164,8.850000381469727,8.13599967956543,8.300000190734863,552000,0.0,0.0
2021-10-18 00:00:00-04:00,8.432000160217285,8.432000160217285,7.820000171661377,7.820000171661377,337000,0.0,0.0
2021-10-19 00:00:00-04:00,8.081999778747559,8.093999862670898,7.809999942779541,7.834000110626221,130000,0.0,0.0
2021-10-20 00:00:00-04:00,7.820000171661377,8.175999641418457,7.326000213623047,7.949999809265137,593000,0.0,0.0
2021-10-21 00:00:00-04:00,7.895999908447266,8.843999862670898,7.895999908447266,8.520000457763672,337500,0.0,0.0
2021-10-22 00:00:00-04:00,8.520000457763672,9.565999984741211,8.477999687194824,8.868000030517578,507000,0.0,0.0
2021-10-25 00:00:00-04:00,8.649999618530273,8.67199993133545,7.889999866485596,7.915999889373779,263500,0.0,0.0
2021-10-26 00:00:00-04:00,7.814000129699707,8.557999610900879,7.723999977111816,8.314000129699707,186500,0.0,0.0
2021-10-27 00:00:00-04:00,8.232000350952148,8.800000190734863,8.041999816894531,8.753999710083008,235000,0.0,0.0
2021-10-28 00:00:00-04:00,8.708000183105469,9.399999618530273,8.5,9.220000267028809,214000,0.0,0.0
2021-10-29 00:00:00-04:00,9.67199993133545,9.881999969482422,9.008000373840332,9.395999908447266,418500,0.0,0.0
2021-11-01 00:00:00-04:00,9.289999961853027,9.772000312805176,9.239999771118164,9.772000312805176,306500,0.0,0.0
2021-11-02 00:00:00-04:00,9.744000434875488,10.300000190734863,9.461999893188477,9.670000076293945,228000,0.0,0.0
2021-11-03 00:00:00-04:00,9.380000114440918,9.552000045776367,8.84000015258789,9.076000213623047,175000,0.0,0.0
2021-11-04 00:00:00-04:00,8.913999557495117,9.699999809265137,8.913999557495117,9.472000122070312,208000,0.0,0.0
2021-11-05 00:00:00-04:00,9.239999771118164,9.748000144958496,9.034000396728516,9.684000015258789,761500,0.0,0.0
2021-11-08 00:00:00-05:00,9.62600040435791,9.758000373840332,9.223999977111816,9.402000427246094,458500,0.0,0.0
2021-11-09 00:00:00-05:00,9.444000244140625,9.800000190734863,9.223999977111816,9.621999740600586,98000,0.0,0.0
2021-11-10 00:00:00-05:00,9.399999618530273,9.529999732971191,9.02400016784668,9.079999923706055,83500,0.0,0.0
2021-11-11 00:00:00-05:00,8.956000328063965,9.182000160217285,8.597999572753906,8.960000038146973,426500,0.0,0.0
2021-11-12 00:00:00-05:00,9.052000045776367,9.052000045776367,8.79800033569336,9.039999961853027,74000,0.0,0.0
2021-11-15 00:00:00-05:00,8.895999908447266,9.0,8.833999633789062,8.833999633789062,17500,0.0,0.0
2021-11-16 00:00:00-05:00,8.619999885559082,8.932000160217285,8.619999885559082,8.680000305175781,66500,0.0,0.0
2021-11-17 00:00:00-05:00,8.656000137329102,8.715999603271484,8.5600004196167,8.704000473022461,27500,0.0,0.0
2021-11-18 00:00:00-05:00,8.600000381469727,8.605999946594238,8.220000267028809,8.220000267028809,38000,0.0,0.0
2021-11-19 00:00:00-05:00,7.800000190734863,8.0,6.900000095367432,6.900000095367432,184000,0.0,0.0
2021-11-22 00:00:00-05:00,6.757999897003174,7.510000228881836,6.699999809265137,7.460000038146973,172000,0.0,0.0
2021-11-23 00:00:00-05:00,7.300000190734863,7.73799991607666,7.0,7.223999977111816,397000,0.0,0.0
2021-11-24 00:00:00-05:00,7.179999828338623,7.199999809265137,6.800000190734863,7.073999881744385,136000,0.0,0.0
2021-11-26 00:00:00-05:00,6.736000061035156,7.044000148773193,6.696000099182129,6.894000053405762,26500,0.0,0.0
2021-11-29 00:00:00-05:00,6.886000156402588,7.288000106811523,6.886000156402588,7.185999870300293,83500,0.0,0.0
2021-11-30 00:00:00-05:00,7.021999835968018,7.489999771118164,6.811999797821045,7.079999923706055,216000,0.0,0.0
2021-12-01 00:00:00-05:00,7.28000020980835,7.440000057220459,7.010000228881836,7.242000102996826,102500,0.0,0.0
2021-12-02 00:00:00-05:00,7.368000030517578,7.368000030517578,6.840000152587891,6.895999908447266,162000,0.0,0.0
2021-12-03 00:00:00-05:00,6.880000114440918,7.1620001792907715,6.24399995803833,6.328000068664551,196500,0.0,0.0
2021-12-06 00:00:00-05:00,6.429999828338623,6.619999885559082,5.760000228881836,6.53000020980835,293500,0.0,0.0
2021-12-07 00:00:00-05:00,6.309999942779541,7.0960001945495605,6.22599983215332,6.998000144958496,170500,0.0,0.0
2021-12-08 00:00:00-05:00,7.191999912261963,7.659999847412109,6.814000129699707,7.223999977111816,252000,0.0,0.0
2021-12-09 00:00:00-05:00,7.242000102996826,7.329999923706055,6.776000022888184,7.041999816894531,42500,0.0,0.0
2021-12-10 00:00:00-05:00,7.3379998207092285,8.0,7.159999847412109,7.400000095367432,215500,0.0,0.0
2021-12-13 00:00:00-05:00,7.25,7.5,7.203999996185303,7.363999843597412,95500,0.0,0.0
2021-12-14 00:00:00-05:00,7.395999908447266,7.960000038146973,7.251999855041504,7.815999984741211,644500,0.0,0.0
2021-12-15 00:00:00-05:00,7.685999870300293,8.619999885559082,7.6020002365112305,7.8979997634887695,668500,0.0,0.0
2021-12-16 00:00:00-05:00,8.10200023651123,8.739999771118164,8.0,8.220000267028809,1040000,0.0,0.0
2021-12-17 00:00:00-05:00,8.220000267028809,10.043999671936035,8.220000267028809,9.097999572753906,2009500,0.0,0.0
2021-12-20 00:00:00-05:00,9.600000381469727,10.805999755859375,9.263999938964844,10.109999656677246,746000,0.0,0.0
2021-12-21 00:00:00-05:00,10.232000350952148,10.454000473022461,9.039999961853027,9.369999885559082,738500,0.0,0.0
2021-12-22 00:00:00-05:00,9.057999610900879,10.378000259399414,8.399999618530273,10.161999702453613,2070500,0.0,0.0
2021-12-23 00:00:00-05:00,10.197999954223633,11.458000183105469,9.819999694824219,10.998000144958496,1587000,0.0,0.0
2021-12-27 00:00:00-05:00,10.913999557495117,12.187999725341797,10.232000350952148,11.986000061035156,2122500,0.0,0.0
2021-12-28 00:00:00-05:00,12.199999809265137,12.97599983215332,11.263999938964844,11.918000221252441,2037000,0.0,0.0
2021-12-29 00:00:00-05:00,11.866000175476074,11.979999542236328,10.5,11.744000434875488,3131000,0.0,0.0
2021-12-30 00:00:00-05:00,11.819999694824219,12.369999885559082,11.819999694824219,12.350000381469727,3225000,0.0,0.0
2021-12-31 00:00:00-05:00,11.949999809265137,12.086000442504883,11.65999984741211,11.9399995803833,2495000,0.0,0.0
2022-01-03 00:00:00-05:00,12.04800033569336,12.684000015258789,11.800000190734863,12.489999771118164,1626500,0.0,0.0
2022-01-04 00:00:00-05:00,12.699999809265137,12.760000228881836,11.258000373840332,11.319999694824219,2336000,0.0,0.0
2022-01-05 00:00:00-05:00,11.260000228881836,11.845999717712402,9.46399974822998,11.640000343322754,3495500,0.0,0.0
2022-01-06 00:00:00-05:00,11.720000267028809,12.039999961853027,10.755999565124512,11.449999809265137,1805000,0.0,0.0
2022-01-07 00:00:00-05:00,11.423999786376953,12.039999961853027,8.807999610900879,9.597999572753906,1736500,0.0,0.0
2022-01-10 00:00:00-05:00,10.6899995803833,11.510000228881836,9.5,9.5,804200,0.0,5.0
2022-01-11 00:00:00-05:00,9.470000267028809,10.619999885559082,9.0,9.529999732971191,1396400,0.0,0.0
2022-01-12 00:00:00-05:00,9.369999885559082,9.979999542236328,9.100000381469727,9.119999885559082,652300,0.0,0.0
2022-01-13 00:00:00-05:00,9.0600004196167,9.449999809265137,9.0600004196167,9.329999923706055,139400,0.0,0.0
2022-01-14 00:00:00-05:00,9.069999694824219,10.25,7.590000152587891,9.90999984741211,2537200,0.0,0.0
2022-01-18 00:00:00-05:00,9.739999771118164,10.729999542236328,9.739999771118164,10.279999732971191,410600,0.0,0.0
2022-01-19 00:00:00-05:00,9.720000267028809,9.960000038146973,9.319999694824219,9.390000343322754,212300,0.0,0.0
2022-01-20 00:00:00-05:00,9.34000015258789,10.0,9.3100004196167,9.550000190734863,473900,0.0,0.0
2022-01-21 00:00:00-05:00,9.4399995803833,9.6899995803833,7.96999979019165,8.180000305175781,546900,0.0,0.0
2022-01-24 00:00:00-05:00,7.949999809265137,8.199999809265137,7.429999828338623,7.679999828338623,230200,0.0,0.0
2022-01-25 00:00:00-05:00,7.519999980926514,8.449999809265137,7.460000038146973,7.909999847412109,339500,0.0,0.0
2022-01-26 00:00:00-05:00,7.949999809265137,8.449999809265137,7.809999942779541,8.0,164200,0.0,0.0
2022-01-27 00:00:00-05:00,7.980000019073486,8.279999732971191,5.559999942779541,6.139999866485596,613700,0.0,0.0
2022-01-28 00:00:00-05:00,6.050000190734863,6.980000019073486,5.5,6.090000152587891,590200,0.0,0.0
2022-01-31 00:00:00-05:00,6.010000228881836,6.46999979019165,5.900000095367432,6.03000020980835,170500,0.0,0.0
2022-02-01 00:00:00-05:00,6.0,6.389999866485596,5.800000190734863,6.230000019073486,220200,0.0,0.0
2022-02-02 00:00:00-05:00,6.199999809265137,6.760000228881836,5.909999847412109,6.420000076293945,240200,0.0,0.0
2022-02-03 00:00:00-05:00,6.190000057220459,6.300000190734863,5.989999771118164,6.150000095367432,27800,0.0,0.0
2022-02-04 00:00:00-05:00,6.019999980926514,6.489999771118164,5.829999923706055,6.019999980926514,415400,0.0,0.0
2022-02-07 00:00:00-05:00,5.989999771118164,6.409999847412109,5.699999809265137,5.849999904632568,237300,0.0,0.0
2022-02-08 00:00:00-05:00,5.860000133514404,6.230000019073486,5.849999904632568,6.010000228881836,110900,0.0,0.0
2022-02-09 00:00:00-05:00,6.170000076293945,6.449999809265137,6.050000190734863,6.269999980926514,136400,0.0,0.0
2022-02-10 00:00:00-05:00,6.159999847412109,6.519999980926514,4.800000190734863,4.949999809265137,1119900,0.0,0.0
2022-02-11 00:00:00-05:00,4.940000057220459,5.340000152587891,4.900000095367432,4.900000095367432,191200,0.0,0.0
2022-02-14 00:00:00-05:00,4.789999961853027,5.190000057220459,4.699999809265137,4.71999979019165,96200,0.0,0.0
2022-02-15 00:00:00-05:00,4.75,5.0,4.75,4.929999828338623,44100,0.0,0.0
2022-02-16 00:00:00-05:00,4.880000114440918,5.050000190734863,4.860000133514404,4.889999866485596,51800,0.0,0.0
2022-02-17 00:00:00-05:00,5.130000114440918,5.130000114440918,4.699999809265137,4.710000038146973,60000,0.0,0.0
2022-02-18 00:00:00-05:00,4.650000095367432,4.699999809265137,4.0,4.150000095367432,261300,0.0,0.0
2022-02-22 00:00:00-05:00,4.050000190734863,4.449999809265137,4.050000190734863,4.190000057220459,749200,0.0,0.0
2022-02-23 00:00:00-05:00,4.119999885559082,4.659999847412109,4.050000190734863,4.190000057220459,1288200,0.0,0.0
2022-02-24 00:00:00-05:00,4.010000228881836,4.630000114440918,3.9200000762939453,4.53000020980835,738100,0.0,0.0
2022-02-25 00:00:00-05:00,4.599999904632568,4.639999866485596,3.9800000190734863,4.400000095367432,425100,0.0,0.0
2022-02-28 00:00:00-05:00,4.230000019073486,4.590000152587891,3.9000000953674316,4.03000020980835,274900,0.0,0.0
2022-03-01 00:00:00-05:00,4.039999961853027,4.510000228881836,4.03000020980835,4.429999828338623,601100,0.0,0.0
2022-03-02 00:00:00-05:00,4.429999828338623,4.659999847412109,4.019999980926514,4.179999828338623,613300,0.0,0.0
2022-03-03 00:00:00-05:00,4.139999866485596,4.369999885559082,3.950000047683716,4.050000190734863,234800,0.0,0.0
2022-03-04 00:00:00-05:00,4.079999923706055,4.150000095367432,3.619999885559082,3.8499999046325684,139900,0.0,0.0
2022-03-07 00:00:00-05:00,3.809999942779541,3.9700000286102295,3.440000057220459,3.440000057220459,99700,0.0,0.0
2022-03-08 00:00:00-05:00,3.4200000762939453,3.640000104904175,2.9600000381469727,3.180000066757202,580400,0.0,0.0
2022-03-09 00:00:00-05:00,3.2100000381469727,4.050000190734863,3.2100000381469727,3.450000047683716,820800,0.0,0.0
2022-03-10 00:00:00-05:00,3.450000047683716,3.5899999141693115,2.859999895095825,2.9700000286102295,609600,0.0,0.0
2022-03-11 00:00:00-05:00,2.9800000190734863,3.369999885559082,2.9100000858306885,3.0,431000,0.0,0.0
2022-03-14 00:00:00-04:00,3.009999990463257,3.299999952316284,2.75,2.8399999141693115,411500,0.0,0.0
2022-03-15 00:00:00-04:00,2.7899999618530273,3.0999999046325684,2.680000066757202,2.930000066757202,356600,0.0,0.0
2022-03-16 00:00:00-04:00,2.930000066757202,3.2799999713897705,2.930000066757202,3.0399999618530273,440100,0.0,0.0
2022-03-17 00:00:00-04:00,3.0299999713897705,3.2699999809265137,2.880000114440918,3.049999952316284,319800,0.0,0.0
2022-03-18 00:00:00-04:00,3.009999990463257,3.140000104904175,2.7799999713897705,2.890000104904175,787500,0.0,0.0
2022-03-21 00:00:00-04:00,2.9200000762939453,3.0,2.7100000381469727,2.8499999046325684,670700,0.0,0.0
2022-03-22 00:00:00-04:00,2.8399999141693115,2.9100000858306885,2.6700000762939453,2.7899999618530273,433400,0.0,0.0
2022-03-23 00:00:00-04:00,2.8299999237060547,2.950000047683716,2.700000047683716,2.759999990463257,783500,0.0,0.0
2022-03-24 00:00:00-04:00,2.75,2.930000066757202,2.549999952316284,2.569999933242798,395200,0.0,0.0
2022-03-25 00:00:00-04:00,2.640000104904175,2.700000047683716,2.359999895095825,2.450000047683716,313600,0.0,0.0
2022-03-28 00:00:00-04:00,2.4100000858306885,2.5199999809265137,2.2699999809265137,2.380000114440918,225800,0.0,0.0
2022-03-29 00:00:00-04:00,2.430000066757202,2.5199999809265137,2.1500000953674316,2.390000104904175,271400,0.0,0.0
2022-03-30 00:00:00-04:00,2.319999933242798,2.430000066757202,2.190000057220459,2.190000057220459,94500,0.0,0.0
2022-03-31 00:00:00-04:00,2.200000047683716,2.2100000381469727,2.0,2.0,132400,0.0,0.0
2022-04-01 00:00:00-04:00,2.1500000953674316,2.190000057220459,1.8899999856948853,2.140000104904175,162600,0.0,0.0
2022-04-04 00:00:00-04:00,2.0999999046325684,2.25,2.059999942779541,2.25,173400,0.0,0.0
2022-04-05 00:00:00-04:00,2.2899999618530273,2.2899999618530273,2.059999942779541,2.069999933242798,93000,0.0,0.0
2022-04-06 00:00:00-04:00,1.9199999570846558,2.109999895095825,1.9199999570846558,2.009999990463257,132500,0.0,0.0
2022-04-07 00:00:00-04:00,1.9900000095367432,2.059999942779541,1.8700000047683716,1.9700000286102295,100300,0.0,0.0
2022-04-08 00:00:00-04:00,1.9600000381469727,2.0,1.8300000429153442,1.8300000429153442,69500,0.0,0.0
2022-04-11 00:00:00-04:00,1.909999966621399,1.909999966621399,1.75,1.7799999713897705,92100,0.0,0.0
2022-04-12 00:00:00-04:00,1.7599999904632568,1.809999942779541,1.5700000524520874,1.600000023841858,118400,0.0,0.0
2022-04-13 00:00:00-04:00,1.590000033378601,1.7799999713897705,1.5700000524520874,1.75,80200,0.0,0.0
2022-04-14 00:00:00-04:00,1.75,1.7999999523162842,1.649999976158142,1.649999976158142,39100,0.0,0.0
2022-04-18 00:00:00-04:00,1.7100000381469727,1.7100000381469727,1.6200000047683716,1.6799999475479126,43200,0.0,0.0
2022-04-19 00:00:00-04:00,1.7200000286102295,1.7599999904632568,1.6200000047683716,1.6799999475479126,24900,0.0,0.0
2022-04-20 00:00:00-04:00,1.659999966621399,1.7200000286102295,1.600000023841858,1.600000023841858,77600,0.0,0.0
2022-04-21 00:00:00-04:00,1.6799999475479126,1.6799999475479126,1.559999942779541,1.5800000429153442,31600,0.0,0.0
2022-04-22 00:00:00-04:00,1.590000033378601,1.600000023841858,1.4600000381469727,1.4700000286102295,64200,0.0,0.0
2022-04-25 00:00:00-04:00,1.6200000047683716,1.6200000047683716,1.4800000190734863,1.5700000524520874,27200,0.0,0.0
2022-04-26 00:00:00-04:00,1.7000000476837158,1.7000000476837158,1.5299999713897705,1.5499999523162842,36800,0.0,0.0
2022-04-27 00:00:00-04:00,1.5299999713897705,1.5499999523162842,1.5,1.5199999809265137,23600,0.0,0.0
2022-04-28 00:00:00-04:00,1.5099999904632568,1.5399999618530273,1.4500000476837158,1.4600000381469727,26000,0.0,0.0
2022-04-29 00:00:00-04:00,1.4600000381469727,1.4900000095367432,1.4299999475479126,1.4600000381469727,22400,0.0,0.0
2022-05-02 00:00:00-04:00,1.590000033378601,1.590000033378601,1.399999976158142,1.4199999570846558,41800,0.0,0.0
2022-05-03 00:00:00-04:00,1.4900000095367432,1.4900000095367432,1.4299999475479126,1.440000057220459,6900,0.0,0.0
2022-05-04 00:00:00-04:00,1.399999976158142,1.4900000095367432,1.399999976158142,1.4199999570846558,13700,0.0,0.0
2022-05-05 00:00:00-04:00,1.4900000095367432,1.4900000095367432,1.409999966621399,1.4199999570846558,28400,0.0,0.0
2022-05-06 00:00:00-04:00,1.409999966621399,1.4700000286102295,1.399999976158142,1.4700000286102295,17900,0.0,0.0
2022-05-09 00:00:00-04:00,1.409999966621399,1.4700000286102295,1.3799999952316284,1.4299999475479126,34000,0.0,0.0
2022-05-10 00:00:00-04:00,1.409999966621399,1.4800000190734863,1.2799999713897705,1.3700000047683716,67000,0.0,0.0
2022-05-11 00:00:00-04:00,1.3600000143051147,1.3799999952316284,1.2000000476837158,1.2200000286102295,34400,0.0,0.0
2022-05-12 00:00:00-04:00,1.2000000476837158,1.25,1.2000000476837158,1.2000000476837158,18900,0.0,0.0
2022-05-13 00:00:00-04:00,1.2799999713897705,1.2799999713897705,1.149999976158142,1.190000057220459,106600,0.0,0.0
2022-05-16 00:00:00-04:00,1.2999999523162842,1.2999999523162842,1.149999976158142,1.2000000476837158,20700,0.0,0.0
2022-05-17 00:00:00-04:00,1.3200000524520874,1.3799999952316284,1.2100000381469727,1.2300000190734863,5700,0.0,0.0
2022-05-18 00:00:00-04:00,1.2799999713897705,1.309999942779541,1.2100000381469727,1.2100000381469727,10700,0.0,0.0
2022-05-19 00:00:00-04:00,1.3200000524520874,1.3200000524520874,1.1200000047683716,1.1299999952316284,64000,0.0,0.0
2022-05-20 00:00:00-04:00,1.2999999523162842,1.2999999523162842,1.059999942779541,1.059999942779541,71800,0.0,0.0
2022-05-23 00:00:00-04:00,1.2599999904632568,1.2599999904632568,1.059999942779541,1.0700000524520874,28300,0.0,0.0
2022-05-24 00:00:00-04:00,1.2999999523162842,1.2999999523162842,0.9300000071525574,0.9399999976158142,99200,0.0,0.0
2022-05-25 00:00:00-04:00,0.9599999785423279,1.100000023841858,0.9100000262260437,1.0299999713897705,35600,0.0,0.0
2022-05-26 00:00:00-04:00,1.090000033378601,1.090000033378601,1.0199999809265137,1.0499999523162842,26500,0.0,0.0
2022-05-27 00:00:00-04:00,1.0800000429153442,1.149999976158142,1.0499999523162842,1.090000033378601,25600,0.0,0.0
2022-05-31 00:00:00-04:00,1.190000057220459,1.190000057220459,1.0700000524520874,1.100000023841858,11300,0.0,0.0
2022-06-01 00:00:00-04:00,1.190000057220459,1.2599999904632568,1.1299999952316284,1.149999976158142,38800,0.0,0.0
2022-06-02 00:00:00-04:00,1.2000000476837158,1.2400000095367432,1.149999976158142,1.2000000476837158,10500,0.0,0.0
2022-06-03 00:00:00-04:00,1.2699999809265137,1.2699999809265137,1.159999966621399,1.190000057220459,7000,0.0,0.0
2022-06-06 00:00:00-04:00,1.159999966621399,1.2599999904632568,1.100000023841858,1.100000023841858,22600,0.0,0.0
2022-06-07 00:00:00-04:00,1.159999966621399,1.25,1.1299999952316284,1.2100000381469727,20700,0.0,0.0
2022-06-08 00:00:00-04:00,1.1299999952316284,1.2200000286102295,1.1299999952316284,1.2100000381469727,25200,0.0,0.0
2022-06-09 00:00:00-04:00,1.1399999856948853,1.2100000381469727,1.1200000047683716,1.159999966621399,16300,0.0,0.0
2022-06-10 00:00:00-04:00,1.159999966621399,1.159999966621399,1.100000023841858,1.100000023841858,8300,0.0,0.0
2022-06-13 00:00:00-04:00,0.9700000286102295,1.149999976158142,0.9700000286102295,1.0099999904632568,26200,0.0,0.0
2022-06-14 00:00:00-04:00,1.100000023841858,1.100000023841858,1.0,1.0099999904632568,19400,0.0,0.0
2022-06-15 00:00:00-04:00,0.9700000286102295,1.0499999523162842,0.949999988079071,0.9900000095367432,55800,0.0,0.0
2022-06-16 00:00:00-04:00,0.949999988079071,1.059999942779541,0.949999988079071,1.0099999904632568,12600,0.0,0.0
2022-06-17 00:00:00-04:00,1.190000057220459,1.190000057220459,0.9800000190734863,1.0499999523162842,41700,0.0,0.0
2022-06-21 00:00:00-04:00,1.1100000143051147,1.1100000143051147,1.0700000524520874,1.0800000429153442,18500,0.0,0.0
2022-06-22 00:00:00-04:00,1.0700000524520874,1.090000033378601,0.9900000095367432,1.0399999618530273,55500,0.0,0.0
2022-06-23 00:00:00-04:00,1.0099999904632568,1.1399999856948853,1.0099999904632568,1.059999942779541,31900,0.0,0.0
2022-06-24 00:00:00-04:00,1.1799999475479126,1.3200000524520874,1.0700000524520874,1.309999942779541,62600,0.0,0.0
2022-06-27 00:00:00-04:00,1.440000057220459,1.440000057220459,1.2200000286102295,1.2300000190734863,31700,0.0,0.0
2022-06-28 00:00:00-04:00,1.2100000381469727,1.3899999856948853,1.2000000476837158,1.3300000429153442,54500,0.0,0.0
2022-06-29 00:00:00-04:00,1.2599999904632568,1.4800000190734863,1.2599999904632568,1.350000023841858,38100,0.0,0.0
2022-06-30 00:00:00-04:00,1.3200000524520874,1.4600000381469727,1.2599999904632568,1.3600000143051147,22200,0.0,0.0
2022-07-01 00:00:00-04:00,1.4800000190734863,2.359999895095825,1.3799999952316284,1.7100000381469727,5920200,0.0,0.0
2022-07-05 00:00:00-04:00,1.7699999809265137,1.7699999809265137,1.399999976158142,1.5,463500,0.0,0.0
2022-07-06 00:00:00-04:00,1.399999976158142,1.4600000381469727,1.2999999523162842,1.3600000143051147,127400,0.0,0.0
2022-07-07 00:00:00-04:00,1.3200000524520874,1.399999976158142,1.2999999523162842,1.350000023841858,94400,0.0,0.0
2022-07-08 00:00:00-04:00,1.3600000143051147,1.3899999856948853,1.2300000190734863,1.309999942779541,116800,0.0,0.0
2022-07-11 00:00:00-04:00,1.2999999523162842,1.340000033378601,1.2200000286102295,1.2400000095367432,57300,0.0,0.0
2022-07-12 00:00:00-04:00,1.2699999809265137,1.2699999809265137,1.2100000381469727,1.2200000286102295,23300,0.0,0.0
2022-07-13 00:00:00-04:00,1.2100000381469727,1.2200000286102295,1.1799999475479126,1.1799999475479126,17800,0.0,0.0
2022-07-14 00:00:00-04:00,1.1699999570846558,1.2400000095367432,1.0700000524520874,1.1399999856948853,64300,0.0,0.0
2022-07-15 00:00:00-04:00,1.1399999856948853,1.2200000286102295,1.1200000047683716,1.149999976158142,33000,0.0,0.0
2022-07-18 00:00:00-04:00,1.190000057220459,1.190000057220459,1.0700000524520874,1.1799999475479126,18300,0.0,0.0
2022-07-19 00:00:00-04:00,1.1200000047683716,1.2000000476837158,1.1100000143051147,1.159999966621399,53600,0.0,0.0
2022-07-20 00:00:00-04:00,1.1399999856948853,1.2300000190734863,1.1100000143051147,1.149999976158142,17200,0.0,0.0
2022-07-21 00:00:00-04:00,1.1299999952316284,1.1299999952316284,1.0,1.0299999713897705,180700,0.0,0.0
2022-07-22 00:00:00-04:00,0.9599999785423279,1.0499999523162842,0.9599999785423279,1.0299999713897705,41300,0.0,0.0
2022-07-25 00:00:00-04:00,1.059999942779541,1.059999942779541,1.0099999904632568,1.0299999713897705,23700,0.0,0.0
2022-07-26 00:00:00-04:00,1.0099999904632568,1.0299999713897705,1.0,1.0,9500,0.0,0.0
2022-07-27 00:00:00-04:00,1.0399999618530273,1.0399999618530273,1.0,1.0,9600,0.0,0.0
2022-07-28 00:00:00-04:00,1.0299999713897705,1.0499999523162842,0.9700000286102295,0.9800000190734863,59100,0.0,0.0
2022-07-29 00:00:00-04:00,0.9599999785423279,1.0800000429153442,0.9599999785423279,1.0700000524520874,20800,0.0,0.0
2022-08-01 00:00:00-04:00,1.059999942779541,1.059999942779541,0.9900000095367432,1.0299999713897705,22300,0.0,0.0
2022-08-02 00:00:00-04:00,1.0,1.0299999713897705,0.9900000095367432,0.9900000095367432,26100,0.0,0.0
2022-08-03 00:00:00-04:00,1.0299999713897705,1.0399999618530273,1.0099999904632568,1.0099999904632568,6100,0.0,0.0
2022-08-04 00:00:00-04:00,1.0199999809265137,1.0499999523162842,1.0,1.0099999904632568,19700,0.0,0.0
2022-08-05 00:00:00-04:00,1.0099999904632568,1.0399999618530273,1.0099999904632568,1.0399999618530273,12300,0.0,0.0
2022-08-08 00:00:00-04:00,0.9900000095367432,1.0499999523162842,0.9900000095367432,1.0399999618530273,28000,0.0,0.0
2022-08-09 00:00:00-04:00,1.0199999809265137,1.0199999809265137,1.0,1.0,21300,0.0,0.0
2022-08-10 00:00:00-04:00,0.9900000095367432,1.0399999618530273,0.9900000095367432,1.0199999809265137,39500,0.0,0.0
2022-08-11 00:00:00-04:00,1.090000033378601,1.090000033378601,1.0,1.0099999904632568,25300,0.0,0.0
2022-08-12 00:00:00-04:00,1.0099999904632568,1.0700000524520874,1.0099999904632568,1.0299999713897705,34300,0.0,0.0
2022-08-15 00:00:00-04:00,1.0800000429153442,1.090000033378601,1.0,1.0499999523162842,49300,0.0,0.0
2022-08-16 00:00:00-04:00,1.059999942779541,1.1100000143051147,1.0,1.0,33400,0.0,0.0
2022-08-17 00:00:00-04:00,1.059999942779541,1.0700000524520874,1.0099999904632568,1.0499999523162842,7000,0.0,0.0
2022-08-18 00:00:00-04:00,1.0800000429153442,1.090000033378601,1.0399999618530273,1.090000033378601,31800,0.0,0.0
2022-08-19 00:00:00-04:00,1.1399999856948853,1.1399999856948853,1.0099999904632568,1.059999942779541,28200,0.0,0.0
2022-08-22 00:00:00-04:00,1.1100000143051147,1.1200000047683716,0.9900000095367432,1.0099999904632568,33200,0.0,0.0
2022-08-23 00:00:00-04:00,1.0800000429153442,1.0800000429153442,1.0,1.0499999523162842,41500,0.0,0.0
2022-08-24 00:00:00-04:00,1.0499999523162842,1.159999966621399,1.0399999618530273,1.059999942779541,44900,0.0,0.0
2022-08-25 00:00:00-04:00,1.100000023841858,1.3700000047683716,1.100000023841858,1.2300000190734863,188900,0.0,0.0
2022-08-26 00:00:00-04:00,1.2699999809265137,1.3200000524520874,1.1200000047683716,1.149999976158142,89400,0.0,0.0
2022-08-29 00:00:00-04:00,1.2599999904632568,1.9500000476837158,1.2000000476837158,1.3300000429153442,4253300,0.0,0.0
2022-08-30 00:00:00-04:00,1.2899999618530273,1.600000023841858,1.2400000095367432,1.5199999809265137,614900,0.0,0.0
2022-08-31 00:00:00-04:00,1.559999942779541,1.809999942779541,1.5,1.559999942779541,731000,0.0,0.0
2022-09-01 00:00:00-04:00,1.5,1.6799999475479126,1.4700000286102295,1.5499999523162842,210500,0.0,0.0
2022-09-02 00:00:00-04:00,1.6399999856948853,1.6399999856948853,1.5299999713897705,1.559999942779541,106400,0.0,0.0
2022-09-06 00:00:00-04:00,1.5399999618530273,1.659999966621399,1.440000057220459,1.5700000524520874,186900,0.0,0.0
2022-09-07 00:00:00-04:00,1.5299999713897705,1.5700000524520874,1.440000057220459,1.5199999809265137,101100,0.0,0.0
2022-09-08 00:00:00-04:00,1.5099999904632568,1.5399999618530273,1.4600000381469727,1.4700000286102295,57700,0.0,0.0
2022-09-09 00:00:00-04:00,1.4500000476837158,1.5099999904632568,1.309999942779541,1.5,45100,0.0,0.0
2022-09-12 00:00:00-04:00,1.5700000524520874,1.600000023841858,1.4199999570846558,1.5299999713897705,36900,0.0,0.0
2022-09-13 00:00:00-04:00,1.4900000095367432,1.5,1.4500000476837158,1.4700000286102295,21800,0.0,0.0
2022-09-14 00:00:00-04:00,1.4700000286102295,1.4700000286102295,1.3899999856948853,1.3899999856948853,34400,0.0,0.0
2022-09-15 00:00:00-04:00,1.3799999952316284,1.4199999570846558,1.350000023841858,1.409999966621399,30000,0.0,0.0
2022-09-16 00:00:00-04:00,1.350000023841858,1.399999976158142,1.2000000476837158,1.2000000476837158,55700,0.0,0.0
2022-09-19 00:00:00-04:00,1.2100000381469727,1.440000057220459,1.2100000381469727,1.399999976158142,52000,0.0,0.0
2022-09-20 00:00:00-04:00,1.4900000095367432,1.4900000095367432,1.350000023841858,1.3799999952316284,48500,0.0,0.0
2022-09-21 00:00:00-04:00,1.3700000047683716,1.600000023841858,1.3700000047683716,1.4800000190734863,76300,0.0,0.0
2022-09-22 00:00:00-04:00,1.5199999809265137,1.5199999809265137,1.399999976158142,1.4299999475479126,30200,0.0,0.0
2022-09-23 00:00:00-04:00,1.409999966621399,1.4800000190734863,1.409999966621399,1.4700000286102295,40100,0.0,0.0
2022-09-26 00:00:00-04:00,1.5399999618530273,1.5700000524520874,1.4199999570846558,1.4199999570846558,46300,0.0,0.0
2022-09-27 00:00:00-04:00,1.4299999475479126,1.4800000190734863,1.399999976158142,1.4500000476837158,31600,0.0,0.0
2022-09-28 00:00:00-04:00,1.4600000381469727,1.600000023841858,1.4600000381469727,1.5800000429153442,12400,0.0,0.0
2022-09-29 00:00:00-04:00,1.649999976158142,1.75,1.5399999618530273,1.7200000286102295,72400,0.0,0.0
2022-09-30 00:00:00-04:00,1.659999966621399,1.909999966621399,1.659999966621399,1.690000057220459,189700,0.0,0.0
2022-10-03 00:00:00-04:00,1.7400000095367432,1.7899999618530273,1.6799999475479126,1.7799999713897705,14800,0.0,0.0
2022-10-04 00:00:00-04:00,1.809999942779541,2.180000066757202,1.7999999523162842,1.850000023841858,280000,0.0,0.0
2022-10-05 00:00:00-04:00,2.0,2.049999952316284,1.899999976158142,2.049999952316284,123900,0.0,0.0
2022-10-06 00:00:00-04:00,2.0999999046325684,2.0999999046325684,2.009999990463257,2.059999942779541,73000,0.0,0.0
2022-10-07 00:00:00-04:00,2.0399999618530273,2.0399999618530273,1.7400000095367432,1.8300000429153442,96600,0.0,0.0
2022-10-10 00:00:00-04:00,1.809999942779541,1.9199999570846558,1.809999942779541,1.8899999856948853,42600,0.0,0.0
2022-10-11 00:00:00-04:00,1.8799999952316284,1.9700000286102295,1.7599999904632568,1.899999976158142,50900,0.0,0.0
2022-10-12 00:00:00-04:00,1.9700000286102295,2.0,1.8300000429153442,1.909999966621399,47000,0.0,0.0
2022-10-13 00:00:00-04:00,1.8200000524520874,1.9500000476837158,1.8200000524520874,1.9299999475479126,44600,0.0,0.0
2022-10-14 00:00:00-04:00,1.9500000476837158,1.9500000476837158,1.850000023841858,1.8899999856948853,50700,0.0,0.0
2022-10-17 00:00:00-04:00,1.8899999856948853,1.9199999570846558,1.850000023841858,1.850000023841858,35600,0.0,0.0
2022-10-18 00:00:00-04:00,1.850000023841858,1.8899999856948853,1.8300000429153442,1.8600000143051147,25000,0.0,0.0
2022-10-19 00:00:00-04:00,1.8899999856948853,1.899999976158142,1.8300000429153442,1.8300000429153442,29200,0.0,0.0
2022-10-20 00:00:00-04:00,1.8799999952316284,1.899999976158142,1.8200000524520874,1.8899999856948853,62100,0.0,0.0
2022-10-21 00:00:00-04:00,1.840000033378601,2.0,1.840000033378601,1.9800000190734863,32600,0.0,0.0
2022-10-24 00:00:00-04:00,1.9199999570846558,1.9800000190734863,1.7000000476837158,1.8799999952316284,54300,0.0,0.0
2022-10-25 00:00:00-04:00,1.9700000286102295,2.1700000762939453,1.9700000286102295,2.049999952316284,58300,0.0,0.0
2022-10-26 00:00:00-04:00,2.0399999618530273,2.569999933242798,2.0399999618530273,2.25,387800,0.0,0.0
2022-10-27 00:00:00-04:00,2.2300000190734863,2.4100000858306885,2.190000057220459,2.319999933242798,132300,0.0,0.0
2022-10-28 00:00:00-04:00,2.25,2.390000104904175,2.2200000286102295,2.3299999237060547,22000,0.0,0.0
2022-10-31 00:00:00-04:00,2.259999990463257,2.299999952316284,2.180000066757202,2.200000047683716,40200,0.0,0.0
2022-11-01 00:00:00-04:00,2.2100000381469727,2.259999990463257,2.140000104904175,2.140000104904175,100300,0.0,0.0
2022-11-02 00:00:00-04:00,2.190000057220459,2.190000057220459,2.0399999618530273,2.0999999046325684,70800,0.0,0.0
2022-11-03 00:00:00-04:00,2.140000104904175,2.140000104904175,2.0,2.0299999713897705,88700,0.0,0.0
2022-11-04 00:00:00-04:00,2.0399999618530273,2.0899999141693115,1.9800000190734863,1.9800000190734863,25400,0.0,0.0
2022-11-07 00:00:00-05:00,1.9500000476837158,2.0399999618530273,1.850000023841858,1.8600000143051147,44200,0.0,0.0
2022-11-08 00:00:00-05:00,1.8600000143051147,1.9500000476837158,1.840000033378601,1.899999976158142,30300,0.0,0.0
2022-11-09 00:00:00-05:00,1.850000023841858,1.8899999856948853,1.809999942779541,1.840000033378601,55400,0.0,0.0
2022-11-10 00:00:00-05:00,1.9700000286102295,1.9700000286102295,1.8899999856948853,1.909999966621399,18000,0.0,0.0
2022-11-11 00:00:00-05:00,1.9600000381469727,2.0,1.8899999856948853,1.9800000190734863,33800,0.0,0.0
2022-11-14 00:00:00-05:00,1.9700000286102295,2.0799999237060547,1.8600000143051147,1.899999976158142,69600,0.0,0.0
2022-11-15 00:00:00-05:00,2.140000104904175,2.140000104904175,1.8600000143051147,1.9700000286102295,27000,0.0,0.0
2022-11-16 00:00:00-05:00,1.909999966621399,1.940000057220459,1.909999966621399,1.9299999475479126,17800,0.0,0.0
2022-11-17 00:00:00-05:00,1.909999966621399,1.9299999475479126,1.8700000047683716,1.8899999856948853,40400,0.0,0.0
2022-11-18 00:00:00-05:00,1.8899999856948853,1.899999976158142,1.8200000524520874,1.899999976158142,38500,0.0,0.0
2022-11-21 00:00:00-05:00,1.940000057220459,1.9500000476837158,1.850000023841858,1.8600000143051147,52800,0.0,0.0
2022-11-22 00:00:00-05:00,1.850000023841858,1.9199999570846558,1.850000023841858,1.8600000143051147,23000,0.0,0.0
2022-11-23 00:00:00-05:00,1.899999976158142,1.909999966621399,1.7400000095367432,1.7599999904632568,62100,0.0,0.0
2022-11-25 00:00:00-05:00,1.75,1.7999999523162842,1.75,1.7699999809265137,7700,0.0,0.0
2022-11-28 00:00:00-05:00,1.7999999523162842,1.8600000143051147,1.75,1.8200000524520874,67500,0.0,0.0
2022-11-29 00:00:00-05:00,1.9199999570846558,1.9199999570846558,1.7599999904632568,1.8600000143051147,15800,0.0,0.0
2022-11-30 00:00:00-05:00,1.8700000047683716,1.8799999952316284,1.7899999618530273,1.8799999952316284,9200,0.0,0.0
2022-12-01 00:00:00-05:00,1.850000023841858,1.909999966621399,1.850000023841858,1.8799999952316284,18400,0.0,0.0
2022-12-02 00:00:00-05:00,1.840000033378601,1.909999966621399,1.7699999809265137,1.8799999952316284,99700,0.0,0.0
2022-12-05 00:00:00-05:00,1.8799999952316284,1.9199999570846558,1.809999942779541,1.8899999856948853,19200,0.0,0.0
2022-12-06 00:00:00-05:00,1.8899999856948853,1.8899999856948853,1.7899999618530273,1.850000023841858,76900,0.0,0.0
2022-12-07 00:00:00-05:00,1.809999942779541,1.899999976158142,1.7799999713897705,1.8899999856948853,32500,0.0,0.0
2022-12-08 00:00:00-05:00,1.909999966621399,1.909999966621399,1.7799999713897705,1.7799999713897705,30500,0.0,0.0
2022-12-09 00:00:00-05:00,1.7699999809265137,1.8600000143051147,1.75,1.809999942779541,43100,0.0,0.0
2022-12-12 00:00:00-05:00,1.7699999809265137,1.8200000524520874,1.75,1.7799999713897705,13700,0.0,0.0
2022-12-13 00:00:00-05:00,1.8200000524520874,1.850000023841858,1.7300000190734863,1.7599999904632568,41100,0.0,0.0
2022-12-14 00:00:00-05:00,1.7200000286102295,1.7999999523162842,1.7200000286102295,1.75,37100,0.0,0.0
2022-12-15 00:00:00-05:00,1.7000000476837158,1.850000023841858,1.6699999570846558,1.8300000429153442,47500,0.0,0.0
2022-12-16 00:00:00-05:00,1.8700000047683716,1.8700000047683716,1.690000057220459,1.7899999618530273,130900,0.0,0.0
2022-12-19 00:00:00-05:00,1.850000023841858,1.850000023841858,1.75,1.7799999713897705,109400,0.0,0.0
2022-12-20 00:00:00-05:00,1.809999942779541,1.8300000429153442,1.7400000095367432,1.7400000095367432,55200,0.0,0.0
2022-12-21 00:00:00-05:00,1.7999999523162842,1.8200000524520874,1.7400000095367432,1.7400000095367432,13700,0.0,0.0
2022-12-22 00:00:00-05:00,1.7100000381469727,1.7999999523162842,1.7100000381469727,1.7999999523162842,30700,0.0,0.0
2022-12-23 00:00:00-05:00,1.75,1.7599999904632568,1.690000057220459,1.7100000381469727,22200,0.0,0.0
2022-12-27 00:00:00-05:00,1.75,1.75,1.690000057220459,1.7300000190734863,30200,0.0,0.0
2022-12-28 00:00:00-05:00,1.7200000286102295,1.7599999904632568,1.5399999618530273,1.649999976158142,84400,0.0,0.0
2022-12-29 00:00:00-05:00,1.6299999952316284,1.690000057220459,1.559999942779541,1.6799999475479126,50400,0.0,0.0
2022-12-30 00:00:00-05:00,1.690000057220459,1.7699999809265137,1.6299999952316284,1.7599999904632568,47300,0.0,0.0
2023-01-03 00:00:00-05:00,1.7599999904632568,1.7699999809265137,1.7200000286102295,1.7699999809265137,27500,0.0,0.0
2023-01-04 00:00:00-05:00,1.7200000286102295,1.850000023841858,1.7100000381469727,1.75,55300,0.0,0.0
2023-01-05 00:00:00-05:00,1.6699999570846558,1.7200000286102295,1.649999976158142,1.690000057220459,7400,0.0,0.0
2023-01-06 00:00:00-05:00,1.7300000190734863,1.8300000429153442,1.690000057220459,1.690000057220459,18400,0.0,0.0
2023-01-09 00:00:00-05:00,1.75,1.75,1.7200000286102295,1.7300000190734863,15400,0.0,0.0
2023-01-10 00:00:00-05:00,1.7000000476837158,1.7400000095367432,1.7000000476837158,1.7100000381469727,50000,0.0,0.0
2023-01-11 00:00:00-05:00,1.7100000381469727,1.7599999904632568,1.7100000381469727,1.7300000190734863,9700,0.0,0.0
2023-01-12 00:00:00-05:00,1.7200000286102295,1.7200000286102295,1.7000000476837158,1.7100000381469727,5500,0.0,0.0
2023-01-13 00:00:00-05:00,1.6699999570846558,1.7400000095367432,1.600000023841858,1.7400000095367432,17500,0.0,0.0
2023-01-17 00:00:00-05:00,1.75,1.75,1.6699999570846558,1.7000000476837158,22600,0.0,0.0
2023-01-18 00:00:00-05:00,1.7000000476837158,1.7100000381469727,1.6699999570846558,1.6699999570846558,7100,0.0,0.0
2023-01-19 00:00:00-05:00,1.649999976158142,1.6799999475479126,1.5800000429153442,1.649999976158142,27300,0.0,0.0
2023-01-20 00:00:00-05:00,1.649999976158142,1.6699999570846558,1.6100000143051147,1.649999976158142,8500,0.0,0.0
2023-01-23 00:00:00-05:00,1.6699999570846558,1.7000000476837158,1.659999966621399,1.6799999475479126,24000,0.0,0.0
2023-01-24 00:00:00-05:00,1.7000000476837158,1.7000000476837158,1.6399999856948853,1.690000057220459,8300,0.0,0.0
2023-01-25 00:00:00-05:00,1.6799999475479126,1.690000057220459,1.6399999856948853,1.6799999475479126,6000,0.0,0.0
2023-01-26 00:00:00-05:00,1.6399999856948853,1.6799999475479126,1.6399999856948853,1.6799999475479126,8600,0.0,0.0
2023-01-27 00:00:00-05:00,1.659999966621399,1.659999966621399,1.6299999952316284,1.649999976158142,7000,0.0,0.0
2023-01-30 00:00:00-05:00,1.6399999856948853,1.690000057220459,1.590000033378601,1.6100000143051147,56400,0.0,0.0
2023-01-31 00:00:00-05:00,1.7000000476837158,1.7100000381469727,1.559999942779541,1.600000023841858,61200,0.0,0.0
2023-02-01 00:00:00-05:00,1.600000023841858,1.6399999856948853,1.590000033378601,1.6200000047683716,36800,0.0,0.0
2023-02-02 00:00:00-05:00,1.6200000047683716,1.7999999523162842,1.6200000047683716,1.7599999904632568,126100,0.0,0.0
2023-02-03 00:00:00-05:00,1.7599999904632568,1.7599999904632568,1.659999966621399,1.7000000476837158,38400,0.0,0.0
2023-02-06 00:00:00-05:00,1.7999999523162842,1.7999999523162842,1.600000023841858,1.600000023841858,58500,0.0,0.0
2023-02-07 00:00:00-05:00,1.5499999523162842,1.7899999618530273,1.5499999523162842,1.7799999713897705,62800,0.0,0.0
2023-02-08 00:00:00-05:00,1.7300000190734863,1.899999976158142,1.649999976158142,1.649999976158142,28900,0.0,0.0
2023-02-09 00:00:00-05:00,1.659999966621399,1.7699999809265137,1.600000023841858,1.649999976158142,42600,0.0,0.0
2023-02-10 00:00:00-05:00,1.6299999952316284,1.649999976158142,1.5800000429153442,1.6200000047683716,46300,0.0,0.0
2023-02-13 00:00:00-05:00,1.5800000429153442,1.6799999475479126,1.5800000429153442,1.6399999856948853,60600,0.0,0.0
2023-02-14 00:00:00-05:00,1.6200000047683716,1.7000000476837158,1.6100000143051147,1.6699999570846558,4100,0.0,0.0
2023-02-15 00:00:00-05:00,1.6699999570846558,1.6699999570846558,1.5700000524520874,1.5800000429153442,32100,0.0,0.0
2023-02-16 00:00:00-05:00,1.5399999618530273,1.659999966621399,1.5399999618530273,1.600000023841858,33800,0.0,0.0
2023-02-17 00:00:00-05:00,1.600000023841858,1.600000023841858,1.5499999523162842,1.5700000524520874,14100,0.0,0.0
2023-02-21 00:00:00-05:00,1.5399999618530273,1.559999942779541,1.4199999570846558,1.4600000381469727,42700,0.0,0.0
2023-02-22 00:00:00-05:00,1.4600000381469727,1.5,1.4600000381469727,1.4800000190734863,13400,0.0,0.0
2023-02-23 00:00:00-05:00,1.5399999618530273,1.559999942779541,1.5199999809265137,1.559999942779541,3500,0.0,0.0
2023-02-24 00:00:00-05:00,1.559999942779541,1.559999942779541,1.4700000286102295,1.4900000095367432,53800,0.0,0.0
2023-02-27 00:00:00-05:00,1.4700000286102295,1.5700000524520874,1.399999976158142,1.5700000524520874,70700,0.0,0.0
2023-02-28 00:00:00-05:00,1.5,1.659999966621399,1.4700000286102295,1.5800000429153442,92400,0.0,0.0
2023-03-01 00:00:00-05:00,1.6699999570846558,1.6699999570846558,1.4800000190734863,1.5399999618530273,27900,0.0,0.0
2023-03-02 00:00:00-05:00,1.4900000095367432,1.5,1.4700000286102295,1.5,27100,0.0,0.0
2023-03-03 00:00:00-05:00,1.4700000286102295,1.600000023841858,1.4700000286102295,1.590000033378601,19900,0.0,0.0
2023-03-06 00:00:00-05:00,1.5199999809265137,1.5499999523162842,1.4600000381469727,1.5199999809265137,18800,0.0,0.0
2023-03-07 00:00:00-05:00,1.559999942779541,1.559999942779541,1.4500000476837158,1.4800000190734863,9900,0.0,0.0
2023-03-08 00:00:00-05:00,1.5800000429153442,1.5800000429153442,1.4500000476837158,1.5099999904632568,12600,0.0,0.0
2023-03-09 00:00:00-05:00,1.5099999904632568,1.559999942779541,1.4600000381469727,1.4900000095367432,22900,0.0,0.0
2023-03-10 00:00:00-05:00,1.5299999713897705,1.600000023841858,1.4600000381469727,1.4900000095367432,7100,0.0,0.0
2023-03-13 00:00:00-04:00,1.4500000476837158,1.6200000047683716,1.4500000476837158,1.590000033378601,12800,0.0,0.0
2023-03-14 00:00:00-04:00,1.399999976158142,1.6799999475479126,1.399999976158142,1.6399999856948853,21900,0.0,0.0
2023-03-15 00:00:00-04:00,1.6799999475479126,1.6799999475479126,1.559999942779541,1.5700000524520874,15100,0.0,0.0
2023-03-16 00:00:00-04:00,1.5800000429153442,1.6200000047683716,1.559999942779541,1.5800000429153442,19700,0.0,0.0
2023-03-17 00:00:00-04:00,1.6399999856948853,1.6399999856948853,1.4900000095367432,1.4900000095367432,43400,0.0,0.0
2023-03-20 00:00:00-04:00,1.4800000190734863,1.5199999809265137,1.3700000047683716,1.3700000047683716,41100,0.0,0.0
2023-03-21 00:00:00-04:00,1.3799999952316284,1.4299999475479126,1.350000023841858,1.350000023841858,20800,0.0,0.0
2023-03-22 00:00:00-04:00,1.350000023841858,1.5499999523162842,1.350000023841858,1.4199999570846558,29000,0.0,0.0
2023-03-23 00:00:00-04:00,1.3799999952316284,1.4700000286102295,1.3700000047683716,1.399999976158142,10000,0.0,0.0
2023-03-24 00:00:00-04:00,1.399999976158142,1.4900000095367432,1.399999976158142,1.440000057220459,7800,0.0,0.0
2023-03-27 00:00:00-04:00,1.4700000286102295,1.5399999618530273,1.4600000381469727,1.5399999618530273,3400,0.0,0.0
2023-03-28 00:00:00-04:00,1.4800000190734863,1.600000023841858,1.4600000381469727,1.5199999809265137,11500,0.0,0.0
2023-03-29 00:00:00-04:00,1.5800000429153442,1.5800000429153442,1.4900000095367432,1.5,6100,0.0,0.0
2023-03-30 00:00:00-04:00,1.5499999523162842,1.5700000524520874,1.5199999809265137,1.5399999618530273,6900,0.0,0.0
2023-03-31 00:00:00-04:00,1.5700000524520874,1.5700000524520874,1.5299999713897705,1.5499999523162842,7000,0.0,0.0
2023-04-03 00:00:00-04:00,1.4500000476837158,1.6799999475479126,1.4500000476837158,1.6299999952316284,32200,0.0,0.0
2023-04-04 00:00:00-04:00,1.659999966621399,1.659999966621399,1.5499999523162842,1.559999942779541,3500,0.0,0.0
2023-04-05 00:00:00-04:00,1.649999976158142,1.649999976158142,1.5499999523162842,1.5800000429153442,2900,0.0,0.0
2023-04-06 00:00:00-04:00,1.5800000429153442,1.649999976158142,1.5800000429153442,1.6299999952316284,21100,0.0,0.0
2023-04-10 00:00:00-04:00,1.590000033378601,1.6299999952316284,1.590000033378601,1.590000033378601,21600,0.0,0.0
2023-04-11 00:00:00-04:00,1.6100000143051147,1.7200000286102295,1.6100000143051147,1.6699999570846558,46700,0.0,0.0
2023-04-12 00:00:00-04:00,1.6799999475479126,1.6799999475479126,1.6299999952316284,1.6299999952316284,1100,0.0,0.0
2023-04-13 00:00:00-04:00,1.659999966621399,1.7100000381469727,1.6299999952316284,1.7000000476837158,5300,0.0,0.0
2023-04-14 00:00:00-04:00,1.649999976158142,1.7100000381469727,1.649999976158142,1.6699999570846558,26100,0.0,0.0
2023-04-17 00:00:00-04:00,1.659999966621399,1.7000000476837158,1.5700000524520874,1.7000000476837158,29500,0.0,0.0
2023-04-18 00:00:00-04:00,1.7000000476837158,1.7799999713897705,1.6699999570846558,1.7100000381469727,18700,0.0,0.0
2023-04-19 00:00:00-04:00,1.6299999952316284,1.8200000524520874,1.6100000143051147,1.75,42000,0.0,0.0
2023-04-20 00:00:00-04:00,1.6299999952316284,1.8200000524520874,1.5199999809265137,1.5299999713897705,102700,0.0,0.0
2023-04-21 00:00:00-04:00,1.5299999713897705,1.7999999523162842,1.5299999713897705,1.649999976158142,64000,0.0,0.0
2023-04-24 00:00:00-04:00,1.3300000429153442,1.7000000476837158,1.3300000429153442,1.6100000143051147,11700,0.0,0.0
2023-04-25 00:00:00-04:00,1.559999942779541,1.690000057220459,1.559999942779541,1.690000057220459,18000,0.0,0.0
2023-04-26 00:00:00-04:00,1.5,1.75,1.5,1.690000057220459,53300,0.0,0.0
2023-04-27 00:00:00-04:00,1.75,1.75,1.690000057220459,1.690000057220459,8300,0.0,0.0
2023-04-28 00:00:00-04:00,1.690000057220459,1.7100000381469727,1.690000057220459,1.690000057220459,26000,0.0,0.0
2023-05-01 00:00:00-04:00,1.659999966621399,1.7899999618530273,1.6399999856948853,1.75,35900,0.0,0.0
2023-05-02 00:00:00-04:00,1.7100000381469727,1.7699999809265137,1.690000057220459,1.690000057220459,9900,0.0,0.0
2023-05-03 00:00:00-04:00,1.7100000381469727,1.7200000286102295,1.6100000143051147,1.6100000143051147,52000,0.0,0.0
2023-05-04 00:00:00-04:00,1.590000033378601,1.7100000381469727,1.590000033378601,1.6699999570846558,19700,0.0,0.0
2023-05-05 00:00:00-04:00,1.7100000381469727,1.850000023841858,1.6799999475479126,1.809999942779541,179000,0.0,0.0
2023-05-08 00:00:00-04:00,1.9500000476837158,1.9500000476837158,1.7300000190734863,1.809999942779541,20800,0.0,0.0
2023-05-09 00:00:00-04:00,1.8200000524520874,1.909999966621399,1.7899999618530273,1.8300000429153442,32300,0.0,0.0
2023-05-10 00:00:00-04:00,1.8300000429153442,1.8300000429153442,1.6200000047683716,1.7699999809265137,673500,0.0,0.0
2023-05-11 00:00:00-04:00,1.7100000381469727,1.7100000381469727,1.690000057220459,1.690000057220459,2400,0.0,0.0
2023-05-12 00:00:00-04:00,1.690000057220459,1.7599999904632568,1.6799999475479126,1.7300000190734863,12300,0.0,0.0
2023-05-15 00:00:00-04:00,1.7100000381469727,1.7100000381469727,1.659999966621399,1.7000000476837158,20600,0.0,0.0
2023-05-16 00:00:00-04:00,1.649999976158142,1.690000057220459,1.6200000047683716,1.6699999570846558,9100,0.0,0.0
2023-05-17 00:00:00-04:00,1.6399999856948853,1.7999999523162842,1.6399999856948853,1.6799999475479126,14000,0.0,0.0
2023-05-18 00:00:00-04:00,1.6699999570846558,1.7799999713897705,1.6100000143051147,1.6399999856948853,15000,0.0,0.0
2023-05-19 00:00:00-04:00,1.6200000047683716,1.649999976158142,1.6200000047683716,1.6399999856948853,6500,0.0,0.0
2023-05-22 00:00:00-04:00,1.6399999856948853,1.7100000381469727,1.6299999952316284,1.649999976158142,32900,0.0,0.0
2023-05-23 00:00:00-04:00,1.6100000143051147,1.7000000476837158,1.600000023841858,1.649999976158142,16000,0.0,0.0
2023-05-24 00:00:00-04:00,1.6200000047683716,1.649999976158142,1.6100000143051147,1.6399999856948853,7000,0.0,0.0
2023-05-25 00:00:00-04:00,1.6299999952316284,1.6399999856948853,1.5499999523162842,1.5800000429153442,8400,0.0,0.0
2023-05-26 00:00:00-04:00,1.5199999809265137,1.590000033378601,1.5,1.5800000429153442,37500,0.0,0.0
2023-05-30 00:00:00-04:00,1.559999942779541,1.600000023841858,1.5199999809265137,1.5399999618530273,38800,0.0,0.0
2023-05-31 00:00:00-04:00,1.5199999809265137,1.559999942779541,1.4900000095367432,1.4900000095367432,37000,0.0,0.0
2023-06-01 00:00:00-04:00,1.4900000095367432,1.5499999523162842,1.4299999475479126,1.5299999713897705,44300,0.0,0.0
2023-06-02 00:00:00-04:00,1.5099999904632568,1.5700000524520874,1.4600000381469727,1.5099999904632568,25700,0.0,0.0
2023-06-05 00:00:00-04:00,1.4800000190734863,1.5099999904632568,1.4600000381469727,1.4800000190734863,10700,0.0,0.0
2023-06-06 00:00:00-04:00,1.4800000190734863,1.5499999523162842,1.440000057220459,1.440000057220459,33200,0.0,0.0
2023-06-07 00:00:00-04:00,1.4299999475479126,1.5099999904632568,1.4299999475479126,1.5099999904632568,12700,0.0,0.0
2023-06-08 00:00:00-04:00,1.5299999713897705,1.5299999713897705,1.4800000190734863,1.4800000190734863,16000,0.0,0.0
2023-06-09 00:00:00-04:00,1.4900000095367432,1.5,1.100000023841858,1.2300000190734863,421900,0.0,0.0
2023-06-12 00:00:00-04:00,1.1299999952316284,1.5,1.1299999952316284,1.399999976158142,95200,0.0,0.0
2023-06-13 00:00:00-04:00,1.399999976158142,1.399999976158142,1.350000023841858,1.3700000047683716,24900,0.0,0.0
2023-06-14 00:00:00-04:00,1.309999942779541,1.399999976158142,1.309999942779541,1.3600000143051147,30600,0.0,0.0
2023-06-15 00:00:00-04:00,1.309999942779541,1.399999976158142,1.2999999523162842,1.3200000524520874,33800,0.0,0.0
2023-06-16 00:00:00-04:00,1.3600000143051147,1.3600000143051147,1.1200000047683716,1.2400000095367432,358400,0.0,0.0
2023-06-20 00:00:00-04:00,1.1299999952316284,1.399999976158142,1.1299999952316284,1.3300000429153442,66900,0.0,0.0
2023-06-21 00:00:00-04:00,1.3700000047683716,1.409999966621399,1.350000023841858,1.3600000143051147,36700,0.0,0.0
2023-06-22 00:00:00-04:00,1.3899999856948853,1.4299999475479126,1.3700000047683716,1.3899999856948853,25900,0.0,0.0
2023-06-23 00:00:00-04:00,1.3799999952316284,1.4299999475479126,1.3600000143051147,1.4299999475479126,25200,0.0,0.0
2023-06-26 00:00:00-04:00,1.3899999856948853,1.4900000095367432,1.340000033378601,1.3600000143051147,56300,0.0,0.0
2023-06-27 00:00:00-04:00,1.3899999856948853,1.4199999570846558,1.340000033378601,1.409999966621399,6400,0.0,0.0
2023-06-28 00:00:00-04:00,1.3600000143051147,1.3600000143051147,1.350000023841858,1.3600000143051147,2700,0.0,0.0
2023-06-29 00:00:00-04:00,1.2599999904632568,1.3799999952316284,1.2400000095367432,1.2799999713897705,45300,0.0,0.0
2023-06-30 00:00:00-04:00,1.2200000286102295,1.340000033378601,1.2100000381469727,1.2999999523162842,14200,0.0,0.0
2023-07-03 00:00:00-04:00,1.2599999904632568,1.3899999856948853,1.2599999904632568,1.2899999618530273,77400,0.0,0.0
2023-07-05 00:00:00-04:00,1.2999999523162842,1.3899999856948853,1.2599999904632568,1.3200000524520874,51400,0.0,0.0
2023-07-06 00:00:00-04:00,1.2899999618530273,1.440000057220459,1.2899999618530273,1.3300000429153442,21100,0.0,0.0
2023-07-07 00:00:00-04:00,1.350000023841858,1.399999976158142,1.3300000429153442,1.350000023841858,63800,0.0,0.0
2023-07-10 00:00:00-04:00,1.350000023841858,1.4700000286102295,1.340000033378601,1.4299999475479126,48300,0.0,0.0
2023-07-11 00:00:00-04:00,1.440000057220459,1.440000057220459,1.3799999952316284,1.3799999952316284,8000,0.0,0.0
2023-07-12 00:00:00-04:00,1.4700000286102295,1.4700000286102295,1.340000033378601,1.350000023841858,67800,0.0,0.0
2023-07-13 00:00:00-04:00,1.3700000047683716,1.399999976158142,1.3200000524520874,1.3600000143051147,46000,0.0,0.0
2023-07-14 00:00:00-04:00,1.3799999952316284,1.4700000286102295,1.3799999952316284,1.3899999856948853,80500,0.0,0.0
2023-07-17 00:00:00-04:00,1.3799999952316284,1.4299999475479126,1.3799999952316284,1.4199999570846558,8700,0.0,0.0
2023-07-18 00:00:00-04:00,1.399999976158142,1.399999976158142,1.350000023841858,1.3700000047683716,17900,0.0,0.0
2023-07-19 00:00:00-04:00,1.3899999856948853,1.440000057220459,1.350000023841858,1.3799999952316284,50800,0.0,0.0
2023-07-20 00:00:00-04:00,1.3700000047683716,1.4800000190734863,1.340000033378601,1.399999976158142,201500,0.0,0.0
2023-07-21 00:00:00-04:00,1.4600000381469727,1.4600000381469727,1.3300000429153442,1.3300000429153442,94100,0.0,0.0
2023-07-24 00:00:00-04:00,1.3300000429153442,1.340000033378601,1.2999999523162842,1.3300000429153442,25800,0.0,0.0
2023-07-25 00:00:00-04:00,1.3300000429153442,1.3899999856948853,1.2599999904632568,1.340000033378601,110300,0.0,0.0
2023-07-26 00:00:00-04:00,1.2799999713897705,1.3700000047683716,1.2799999713897705,1.340000033378601,24900,0.0,0.0
2023-07-27 00:00:00-04:00,1.350000023841858,1.3799999952316284,1.350000023841858,1.3600000143051147,14600,0.0,0.0
2023-07-28 00:00:00-04:00,1.350000023841858,1.440000057220459,1.350000023841858,1.409999966621399,15300,0.0,0.0
2023-07-31 00:00:00-04:00,1.3600000143051147,1.3899999856948853,1.350000023841858,1.350000023841858,10400,0.0,0.0
2023-08-01 00:00:00-04:00,1.340000033378601,1.3799999952316284,1.340000033378601,1.3799999952316284,9000,0.0,0.0
2023-08-02 00:00:00-04:00,1.3899999856948853,1.3899999856948853,1.309999942779541,1.3600000143051147,41000,0.0,0.0
2023-08-03 00:00:00-04:00,1.3600000143051147,1.4199999570846558,1.3300000429153442,1.3700000047683716,12000,0.0,0.0
2023-08-04 00:00:00-04:00,1.3600000143051147,1.3600000143051147,1.350000023841858,1.3600000143051147,5700,0.0,0.0
2023-08-07 00:00:00-04:00,1.3799999952316284,1.3899999856948853,1.340000033378601,1.340000033378601,26600,0.0,0.0
2023-08-08 00:00:00-04:00,1.3700000047683716,1.3700000047683716,1.309999942779541,1.3200000524520874,24100,0.0,0.0
2023-08-09 00:00:00-04:00,1.2300000190734863,1.350000023841858,1.2300000190734863,1.340000033378601,65300,0.0,0.0
2023-08-10 00:00:00-04:00,1.350000023841858,1.350000023841858,1.2699999809265137,1.350000023841858,18000,0.0,0.0
2023-08-11 00:00:00-04:00,1.3200000524520874,1.3799999952316284,1.2699999809265137,1.3300000429153442,69500,0.0,0.0
2023-08-14 00:00:00-04:00,1.3700000047683716,1.3700000047683716,1.3200000524520874,1.350000023841858,10100,0.0,0.0
2023-08-15 00:00:00-04:00,1.3700000047683716,1.3700000047683716,1.2999999523162842,1.309999942779541,13800,0.0,0.0
2023-08-16 00:00:00-04:00,1.3300000429153442,1.350000023841858,1.2999999523162842,1.2999999523162842,14300,0.0,0.0
2023-08-17 00:00:00-04:00,1.3700000047683716,1.3700000047683716,1.2799999713897705,1.2999999523162842,14800,0.0,0.0
2023-08-18 00:00:00-04:00,1.2799999713897705,1.3700000047683716,1.2799999713897705,1.3300000429153442,15000,0.0,0.0
2023-08-21 00:00:00-04:00,1.340000033378601,1.350000023841858,1.3300000429153442,1.3300000429153442,3600,0.0,0.0
2023-08-22 00:00:00-04:00,1.2999999523162842,1.399999976158142,1.2999999523162842,1.3899999856948853,17200,0.0,0.0
2023-08-23 00:00:00-04:00,1.2999999523162842,1.3300000429153442,1.0800000429153442,1.0800000429153442,203300,0.0,0.0
2023-08-24 00:00:00-04:00,1.149999976158142,1.149999976158142,0.949999988079071,0.9800000190734863,205100,0.0,0.0
2023-08-25 00:00:00-04:00,1.0,1.0499999523162842,0.949999988079071,0.949999988079071,52200,0.0,0.0
2023-08-28 00:00:00-04:00,0.949999988079071,1.0399999618530273,0.9200000166893005,1.0,22000,0.0,0.0
2023-08-29 00:00:00-04:00,1.0,1.0199999809265137,0.949999988079071,1.0199999809265137,104300,0.0,0.0
2023-08-30 00:00:00-04:00,1.3300000429153442,1.3300000429153442,0.8999999761581421,0.9200000166893005,29100,0.0,0.0
2023-08-31 00:00:00-04:00,1.0099999904632568,1.0499999523162842,0.8999999761581421,0.9399999976158142,128800,0.0,0.0
2023-09-01 00:00:00-04:00,0.9900000095367432,1.0199999809265137,0.9399999976158142,0.9399999976158142,5400,0.0,0.0
2023-09-05 00:00:00-04:00,0.9700000286102295,0.9700000286102295,0.9100000262260437,0.9100000262260437,51600,0.0,0.0
2023-09-06 00:00:00-04:00,0.9100000262260437,1.0199999809265137,0.550000011920929,0.75,102400,0.0,0.0
2023-09-07 00:00:00-04:00,0.7400000095367432,0.8999999761581421,0.7400000095367432,0.8199999928474426,76900,0.0,0.0
2023-09-08 00:00:00-04:00,0.800000011920929,0.8600000143051147,0.7799999713897705,0.8199999928474426,18500,0.0,0.0
2023-09-11 00:00:00-04:00,0.8600000143051147,0.8899999856948853,0.8299999833106995,0.8299999833106995,13800,0.0,0.0
2023-09-12 00:00:00-04:00,0.8500000238418579,0.949999988079071,0.8500000238418579,0.8500000238418579,37700,0.0,0.0
2023-09-13 00:00:00-04:00,0.8299999833106995,0.8999999761581421,0.8299999833106995,0.8500000238418579,8700,0.0,0.0
2023-09-14 00:00:00-04:00,0.9100000262260437,0.9200000166893005,0.8500000238418579,0.9100000262260437,6300,0.0,0.0
2023-09-15 00:00:00-04:00,0.8899999856948853,0.9300000071525574,0.8299999833106995,0.8799999952316284,42400,0.0,0.0
2023-09-18 00:00:00-04:00,0.8899999856948853,0.9300000071525574,0.8500000238418579,0.9200000166893005,5200,0.0,0.0
2023-09-19 00:00:00-04:00,0.8899999856948853,0.9100000262260437,0.8600000143051147,0.8999999761581421,8400,0.0,0.0
2023-09-20 00:00:00-04:00,0.8799999952316284,0.8999999761581421,0.8600000143051147,0.8600000143051147,4100,0.0,0.0
2023-09-21 00:00:00-04:00,0.9200000166893005,0.9200000166893005,0.9200000166893005,0.9200000166893005,1100,0.0,0.0
2023-09-22 00:00:00-04:00,0.8799999952316284,0.8799999952316284,0.8299999833106995,0.8299999833106995,3400,0.0,0.0
2023-09-25 00:00:00-04:00,0.8500000238418579,0.9100000262260437,0.8500000238418579,0.8500000238418579,6000,0.0,0.0
2023-09-26 00:00:00-04:00,0.8500000238418579,0.9200000166893005,0.8500000238418579,0.8500000238418579,11800,0.0,0.0
2023-09-27 00:00:00-04:00,0.8500000238418579,0.8899999856948853,0.8500000238418579,0.8500000238418579,5600,0.0,0.0
2023-09-28 00:00:00-04:00,0.8500000238418579,0.8700000047683716,0.8500000238418579,0.8500000238418579,4000,0.0,0.0
2023-09-29 00:00:00-04:00,0.8799999952316284,0.8799999952316284,0.8799999952316284,0.8799999952316284,1800,0.0,0.0
2023-10-02 00:00:00-04:00,0.8299999833106995,0.8600000143051147,0.8299999833106995,0.8600000143051147,3200,0.0,0.0
2023-10-03 00:00:00-04:00,0.8299999833106995,0.8799999952316284,0.8299999833106995,0.8600000143051147,1600,0.0,0.0
2023-10-04 00:00:00-04:00,0.8799999952316284,0.9100000262260437,0.8700000047683716,0.9100000262260437,3000,0.0,0.0
2023-10-05 00:00:00-04:00,0.8799999952316284,0.949999988079071,0.8299999833106995,0.8299999833106995,10000,0.0,0.0
2023-10-06 00:00:00-04:00,0.8799999952316284,0.8799999952316284,0.8100000023841858,0.8100000023841858,8300,0.0,0.0
2023-10-09 00:00:00-04:00,0.7799999713897705,0.8999999761581421,0.7799999713897705,0.8700000047683716,62600,0.0,0.0
2023-10-10 00:00:00-04:00,0.8500000238418579,1.0299999713897705,0.8500000238418579,0.9599999785423279,725300,0.0,0.0
2023-10-11 00:00:00-04:00,1.2400000095367432,1.2400000095367432,1.0,1.0199999809265137,377800,0.0,0.0
2023-10-12 00:00:00-04:00,1.0199999809265137,1.0399999618530273,0.8899999856948853,0.8899999856948853,4800,0.0,0.0
2023-10-13 00:00:00-04:00,0.9100000262260437,0.9100000262260437,0.9100000262260437,0.9100000262260437,1100,0.0,0.0
2023-10-16 00:00:00-04:00,0.9700000286102295,1.0199999809265137,0.8600000143051147,0.8600000143051147,10900,0.0,0.0
2023-10-17 00:00:00-04:00,0.9100000262260437,1.0199999809265137,0.8799999952316284,0.9100000262260437,11900,0.0,0.0
2023-10-18 00:00:00-04:00,0.9399999976158142,0.9900000095367432,0.8899999856948853,0.9300000071525574,10400,0.0,0.0
2023-10-19 00:00:00-04:00,0.9100000262260437,0.9100000262260437,0.7799999713897705,0.8199999928474426,14000,0.0,0.0
2023-10-20 00:00:00-04:00,0.9100000262260437,0.9100000262260437,0.75,0.75,5800,0.0,0.0
2023-10-23 00:00:00-04:00,0.7300000190734863,0.8999999761581421,0.7300000190734863,0.8199999928474426,6300,0.0,0.0
2023-10-24 00:00:00-04:00,0.8999999761581421,0.8999999761581421,0.7799999713897705,0.8500000238418579,1500,0.0,0.0
2023-10-25 00:00:00-04:00,0.8500000238418579,0.8899999856948853,0.7400000095367432,0.75,7200,0.0,0.0
2023-10-26 00:00:00-04:00,0.8100000023841858,0.8799999952316284,0.7900000214576721,0.8100000023841858,4400,0.0,0.0
2023-10-27 00:00:00-04:00,0.7300000190734863,0.7900000214576721,0.7300000190734863,0.75,4800,0.0,0.0
2023-10-30 00:00:00-04:00,0.8100000023841858,0.8799999952316284,0.7099999785423279,0.7200000286102295,26800,0.0,0.0
2023-10-31 00:00:00-04:00,0.7599999904632568,0.7799999713897705,0.699999988079071,0.7200000286102295,6800,0.0,0.0
2023-11-01 00:00:00-04:00,0.7200000286102295,0.800000011920929,0.7099999785423279,0.800000011920929,5400,0.0,0.0
2023-11-02 00:00:00-04:00,0.7599999904632568,0.800000011920929,0.7099999785423279,0.7099999785423279,7600,0.0,0.0
2023-11-03 00:00:00-04:00,0.75,0.7599999904632568,0.6800000071525574,0.6899999976158142,5500,0.0,0.0
2023-11-06 00:00:00-05:00,0.6899999976158142,0.7200000286102295,0.6899999976158142,0.699999988079071,5900,0.0,0.0
2023-11-07 00:00:00-05:00,0.7200000286102295,0.75,0.6800000071525574,0.6800000071525574,11600,0.0,0.0
2023-11-08 00:00:00-05:00,0.6600000262260437,0.7300000190734863,0.6600000262260437,0.699999988079071,20600,0.0,0.0
2023-11-09 00:00:00-05:00,0.6800000071525574,0.7099999785423279,0.6700000166893005,0.6700000166893005,19600,0.0,0.0
2023-11-10 00:00:00-05:00,0.699999988079071,0.699999988079071,0.6700000166893005,0.6700000166893005,2500,0.0,0.0
2023-11-13 00:00:00-05:00,0.699999988079071,0.800000011920929,0.699999988079071,0.75,61800,0.0,0.0
2023-11-14 00:00:00-05:00,0.5899999737739563,1.1100000143051147,0.5899999737739563,1.0499999523162842,206900,0.0,0.0
2023-11-15 00:00:00-05:00,1.1299999952316284,1.309999942779541,1.1299999952316284,1.2400000095367432,213500,0.0,0.0
2023-11-16 00:00:00-05:00,1.2400000095367432,1.25,1.159999966621399,1.159999966621399,37900,0.0,0.0
2023-11-17 00:00:00-05:00,1.159999966621399,1.2300000190734863,1.0,1.0499999523162842,60500,0.0,0.0
2023-11-20 00:00:00-05:00,1.100000023841858,1.159999966621399,1.0700000524520874,1.1299999952316284,37400,0.0,0.0
2023-11-21 00:00:00-05:00,1.1200000047683716,1.149999976158142,1.0700000524520874,1.0700000524520874,14000,0.0,0.0
2023-11-22 00:00:00-05:00,1.0800000429153442,1.159999966621399,1.0800000429153442,1.100000023841858,35700,0.0,0.0
2023-11-24 00:00:00-05:00,1.149999976158142,1.1799999475479126,1.1299999952316284,1.1799999475479126,23100,0.0,0.0
2023-11-27 00:00:00-05:00,1.2200000286102295,1.2999999523162842,1.1799999475479126,1.190000057220459,44100,0.0,0.0
2023-11-28 00:00:00-05:00,1.1799999475479126,1.2999999523162842,1.1799999475479126,1.2200000286102295,33900,0.0,0.0
2023-11-29 00:00:00-05:00,1.2899999618530273,1.3300000429153442,1.25,1.25,44900,0.0,0.0
2023-11-30 00:00:00-05:00,1.25,1.2999999523162842,1.25,1.2999999523162842,8700,0.0,0.0
2023-12-01 00:00:00-05:00,1.2699999809265137,1.350000023841858,1.2699999809265137,1.340000033378601,26700,0.0,0.0
2023-12-04 00:00:00-05:00,1.350000023841858,1.4900000095367432,1.350000023841858,1.4700000286102295,70400,0.0,0.0
2023-12-05 00:00:00-05:00,1.5,1.5399999618530273,1.409999966621399,1.440000057220459,241800,0.0,0.0
2023-12-06 00:00:00-05:00,1.4700000286102295,1.5299999713897705,1.4199999570846558,1.4800000190734863,81400,0.0,0.0
2023-12-07 00:00:00-05:00,1.5,1.5499999523162842,1.4700000286102295,1.4700000286102295,95700,0.0,0.0
2023-12-08 00:00:00-05:00,1.4900000095367432,1.5499999523162842,1.440000057220459,1.4500000476837158,80200,0.0,0.0
2023-12-11 00:00:00-05:00,1.440000057220459,1.5,1.3600000143051147,1.440000057220459,58200,0.0,0.0
2023-12-12 00:00:00-05:00,1.4800000190734863,1.4900000095367432,1.3700000047683716,1.4500000476837158,22500,0.0,0.0
2023-12-13 00:00:00-05:00,1.4700000286102295,1.5099999904632568,1.4600000381469727,1.4600000381469727,68900,0.0,0.0
2023-12-14 00:00:00-05:00,1.4900000095367432,1.5,1.399999976158142,1.440000057220459,23300,0.0,0.0
2023-12-15 00:00:00-05:00,1.4800000190734863,1.4900000095367432,1.4199999570846558,1.440000057220459,14600,0.0,0.0
2023-12-18 00:00:00-05:00,1.409999966621399,1.4700000286102295,1.399999976158142,1.4199999570846558,15100,0.0,0.0
2023-12-19 00:00:00-05:00,1.4600000381469727,1.4800000190734863,1.4199999570846558,1.4500000476837158,58400,0.0,0.0
2023-12-20 00:00:00-05:00,1.4700000286102295,1.4900000095367432,1.4199999570846558,1.4700000286102295,52200,0.0,0.0
2023-12-21 00:00:00-05:00,1.4700000286102295,1.5,1.440000057220459,1.4600000381469727,112000,0.0,0.0
2023-12-22 00:00:00-05:00,1.4500000476837158,1.4900000095367432,1.440000057220459,1.4700000286102295,5700,0.0,0.0
2023-12-26 00:00:00-05:00,1.4600000381469727,1.4600000381469727,1.3899999856948853,1.399999976158142,40300,0.0,0.0
2023-12-27 00:00:00-05:00,1.409999966621399,1.4600000381469727,1.3799999952316284,1.4500000476837158,31800,0.0,0.0
2023-12-28 00:00:00-05:00,1.4500000476837158,1.4500000476837158,1.409999966621399,1.4299999475479126,23300,0.0,0.0
2023-12-29 00:00:00-05:00,1.399999976158142,1.4500000476837158,1.3899999856948853,1.409999966621399,103100,0.0,0.0
2024-01-02 00:00:00-05:00,1.3899999856948853,1.4700000286102295,1.3899999856948853,1.440000057220459,42900,0.0,0.0
2024-01-03 00:00:00-05:00,1.4299999475479126,1.75,1.4199999570846558,1.75,163300,0.0,0.0
2024-01-04 00:00:00-05:00,1.5800000429153442,1.6200000047683716,1.4500000476837158,1.4900000095367432,534100,0.0,0.0
2024-01-05 00:00:00-05:00,1.4700000286102295,1.559999942779541,1.4500000476837158,1.5099999904632568,24300,0.0,0.0
2024-01-08 00:00:00-05:00,1.5399999618530273,1.590000033378601,1.4900000095367432,1.559999942779541,54200,0.0,0.0
2024-01-09 00:00:00-05:00,1.8700000047683716,1.8700000047683716,1.659999966621399,1.7000000476837158,166100,0.0,0.0
2024-01-10 00:00:00-05:00,1.75,2.2899999618530273,1.7100000381469727,2.190000057220459,549500,0.0,0.0
2024-01-11 00:00:00-05:00,2.440000057220459,2.9700000286102295,2.299999952316284,2.8299999237060547,1767200,0.0,0.0
2024-01-12 00:00:00-05:00,2.990000009536743,3.799999952316284,1.7300000190734863,2.2799999713897705,7987500,0.0,0.0
2024-01-16 00:00:00-05:00,2.2699999809265137,2.880000114440918,2.2699999809265137,2.7699999809265137,1696100,0.0,0.0
2024-01-17 00:00:00-05:00,2.690000057220459,2.9600000381469727,2.4100000858306885,2.799999952316284,930100,0.0,0.0
2024-01-18 00:00:00-05:00,2.700000047683716,2.9000000953674316,2.619999885559082,2.9000000953674316,746000,0.0,0.0
2024-01-19 00:00:00-05:00,2.8299999237060547,3.299999952316284,2.8299999237060547,3.259999990463257,1088400,0.0,0.0
2024-01-22 00:00:00-05:00,3.3399999141693115,4.119999885559082,3.3399999141693115,4.119999885559082,1792700,0.0,0.0
2024-01-23 00:00:00-05:00,4.210000038146973,4.480000019073486,3.6600000858306885,4.090000152587891,2213500,0.0,0.0
2024-01-24 00:00:00-05:00,4.389999866485596,4.420000076293945,3.8499999046325684,3.9100000858306885,839300,0.0,0.0
2024-01-25 00:00:00-05:00,3.809999942779541,4.190000057220459,3.680000066757202,3.700000047683716,688300,0.0,0.0
2024-01-26 00:00:00-05:00,3.7300000190734863,3.8499999046325684,3.0,3.0899999141693115,668600,0.0,0.0
2024-01-29 00:00:00-05:00,3.0999999046325684,3.5799999237060547,3.0999999046325684,3.319999933242798,839200,0.0,0.0
2024-01-30 00:00:00-05:00,3.4000000953674316,3.6700000762939453,3.1600000858306885,3.299999952316284,703100,0.0,0.0
2024-01-31 00:00:00-05:00,3.299999952316284,3.5,3.109999895095825,3.1600000858306885,344100,0.0,0.0
2024-02-01 00:00:00-05:00,3.2300000190734863,3.2799999713897705,2.940000057220459,3.049999952316284,618900,0.0,0.0
2024-02-02 00:00:00-05:00,3.0,3.1500000953674316,2.9100000858306885,3.140000104904175,516100,0.0,0.0
2024-02-05 00:00:00-05:00,3.140000104904175,3.4000000953674316,3.109999895095825,3.319999933242798,448600,0.0,0.0
2024-02-06 00:00:00-05:00,3.299999952316284,3.319999933242798,3.009999990463257,3.200000047683716,336900,0.0,0.0
2024-02-07 00:00:00-05:00,3.190000057220459,3.2100000381469727,2.869999885559082,2.880000114440918,370600,0.0,0.0
2024-02-08 00:00:00-05:00,2.880000114440918,2.9100000858306885,2.450000047683716,2.4700000286102295,708300,0.0,0.0
2024-02-09 00:00:00-05:00,2.609999895095825,2.7200000286102295,2.5199999809265137,2.5799999237060547,164200,0.0,0.0
2024-02-12 00:00:00-05:00,2.549999952316284,2.680000066757202,2.4700000286102295,2.4800000190734863,249200,0.0,0.0
2024-02-13 00:00:00-05:00,2.450000047683716,2.5799999237060547,2.259999990463257,2.2799999713897705,313000,0.0,0.0
2024-02-14 00:00:00-05:00,2.3399999141693115,2.819999933242798,2.319999933242798,2.5999999046325684,316400,0.0,0.0
2024-02-15 00:00:00-05:00,2.609999895095825,3.25,2.609999895095825,3.1600000858306885,640900,0.0,0.0
2024-02-16 00:00:00-05:00,3.319999933242798,3.690000057220459,2.930000066757202,3.0799999237060547,1418400,0.0,0.0
2024-02-20 00:00:00-05:00,3.190000057220459,3.259999990463257,2.809999942779541,2.859999895095825,584400,0.0,0.0
2024-02-21 00:00:00-05:00,3.0399999618530273,3.0399999618530273,2.7200000286102295,2.7200000286102295,367800,0.0,0.0
2024-02-22 00:00:00-05:00,2.759999990463257,3.0899999141693115,2.759999990463257,2.950000047683716,397600,0.0,0.0
2024-02-23 00:00:00-05:00,2.9600000381469727,3.190000057220459,2.9600000381469727,2.990000009536743,336800,0.0,0.0
2024-02-26 00:00:00-05:00,2.9700000286102295,3.200000047683716,2.9100000858306885,2.940000057220459,457000,0.0,0.0
2024-02-27 00:00:00-05:00,3.0,3.0999999046325684,2.940000057220459,2.9600000381469727,242900,0.0,0.0
2024-02-28 00:00:00-05:00,2.9600000381469727,3.0799999237060547,2.9000000953674316,2.940000057220459,221200,0.0,0.0
2024-02-29 00:00:00-05:00,2.930000066757202,3.049999952316284,2.880000114440918,2.880000114440918,312800,0.0,0.0
2024-03-01 00:00:00-05:00,2.869999885559082,3.009999990463257,2.869999885559082,2.9600000381469727,400500,0.0,0.0
2024-03-04 00:00:00-05:00,3.059999942779541,3.059999942779541,2.619999885559082,2.6700000762939453,492000,0.0,0.0
2024-03-05 00:00:00-05:00,2.619999885559082,2.700000047683716,2.5299999713897705,2.630000114440918,172300,0.0,0.0
2024-03-06 00:00:00-05:00,2.680000066757202,2.7300000190734863,2.5999999046325684,2.680000066757202,79200,0.0,0.0
2024-03-07 00:00:00-05:00,2.7799999713897705,2.7799999713897705,2.619999885559082,2.700000047683716,85100,0.0,0.0
2024-03-08 00:00:00-05:00,2.8399999141693115,2.9100000858306885,2.700000047683716,2.7300000190734863,93000,0.0,0.0
2024-03-11 00:00:00-04:00,2.7300000190734863,2.8399999141693115,2.619999885559082,2.680000066757202,181900,0.0,0.0
2024-03-12 00:00:00-04:00,2.6600000858306885,2.680000066757202,2.4800000190734863,2.4800000190734863,260800,0.0,0.0
2024-03-13 00:00:00-04:00,2.4800000190734863,2.490000009536743,2.299999952316284,2.4000000953674316,424200,0.0,0.0
2024-03-14 00:00:00-04:00,2.430000066757202,2.549999952316284,2.4000000953674316,2.4700000286102295,234300,0.0,0.0
2024-03-15 00:00:00-04:00,2.4000000953674316,2.9000000953674316,2.3499999046325684,2.9000000953674316,1003300,0.0,0.0
2024-03-18 00:00:00-04:00,2.869999885559082,3.240000009536743,2.7699999809265137,2.9000000953674316,411400,0.0,0.0
2024-03-19 00:00:00-04:00,2.880000114440918,3.200000047683716,2.8499999046325684,3.0399999618530273,1167200,0.0,0.0
2024-03-20 00:00:00-04:00,3.0399999618530273,3.119999885559082,2.9200000762939453,3.0199999809265137,493800,0.0,0.0
2024-03-21 00:00:00-04:00,3.0399999618530273,3.2300000190734863,2.9800000190734863,3.190000057220459,566400,0.0,0.0
2024-03-22 00:00:00-04:00,3.180000066757202,3.3299999237060547,3.0,3.0799999237060547,462900,0.0,0.0
2024-03-25 00:00:00-04:00,3.0899999141693115,3.0899999141693115,2.880000114440918,2.9200000762939453,225800,0.0,0.0
2024-03-26 00:00:00-04:00,2.9100000858306885,2.950000047683716,2.809999942779541,2.890000104904175,331800,0.0,0.0
2024-03-27 00:00:00-04:00,2.930000066757202,2.930000066757202,2.690000057220459,2.8499999046325684,183600,0.0,0.0
2024-03-28 00:00:00-04:00,2.8499999046325684,2.9000000953674316,2.7799999713897705,2.859999895095825,103700,0.0,0.0
2024-04-01 00:00:00-04:00,2.819999933242798,2.890000104904175,2.759999990463257,2.869999885559082,491100,0.0,0.0
2024-04-02 00:00:00-04:00,2.8399999141693115,2.930000066757202,2.690000057220459,2.740000009536743,463300,0.0,0.0
2024-04-03 00:00:00-04:00,2.7200000286102295,2.880000114440918,2.609999895095825,2.799999952316284,911300,0.0,0.0
2024-04-04 00:00:00-04:00,2.630000114440918,2.7300000190734863,2.549999952316284,2.680000066757202,737800,0.0,0.0
2024-04-05 00:00:00-04:00,2.690000057220459,2.8499999046325684,2.630000114440918,2.680000066757202,505000,0.0,0.0
2024-04-08 00:00:00-04:00,2.630000114440918,2.950000047683716,2.609999895095825,2.7300000190734863,371700,0.0,0.0
2024-04-09 00:00:00-04:00,2.7300000190734863,2.819999933242798,2.7100000381469727,2.7899999618530273,333500,0.0,0.0
2024-04-10 00:00:00-04:00,2.740000009536743,2.7799999713897705,2.6500000953674316,2.7300000190734863,353300,0.0,0.0
2024-04-11 00:00:00-04:00,2.7300000190734863,2.930000066757202,2.7100000381469727,2.9100000858306885,541900,0.0,0.0
2024-04-12 00:00:00-04:00,2.880000114440918,2.990000009536743,2.6600000858306885,2.7100000381469727,547400,0.0,0.0
2024-04-15 00:00:00-04:00,2.7100000381469727,2.799999952316284,2.5799999237060547,2.6700000762939453,486700,0.0,0.0
2024-04-16 00:00:00-04:00,2.6500000953674316,2.6500000953674316,2.5,2.5299999713897705,329000,0.0,0.0
2024-04-17 00:00:00-04:00,2.5299999713897705,2.690000057220459,2.450000047683716,2.5299999713897705,406400,0.0,0.0
2024-04-18 00:00:00-04:00,2.509999990463257,2.5799999237060547,2.390000104904175,2.450000047683716,380700,0.0,0.0
2024-04-19 00:00:00-04:00,2.440000057220459,2.4700000286102295,2.3499999046325684,2.430000066757202,211000,0.0,0.0
2024-04-22 00:00:00-04:00,2.440000057220459,2.440000057220459,2.259999990463257,2.3299999237060547,517700,0.0,0.0
2024-04-23 00:00:00-04:00,2.299999952316284,2.4200000762939453,2.2699999809265137,2.3499999046325684,227500,0.0,0.0
2024-04-24 00:00:00-04:00,2.3299999237060547,2.450000047683716,2.319999933242798,2.359999895095825,172100,0.0,0.0
2024-04-25 00:00:00-04:00,2.3399999141693115,2.430000066757202,2.3299999237060547,2.4000000953674316,123200,0.0,0.0
2024-04-26 00:00:00-04:00,2.4000000953674316,2.5399999618530273,2.4000000953674316,2.5,169400,0.0,0.0
2024-04-29 00:00:00-04:00,2.5,2.609999895095825,2.4000000953674316,2.4700000286102295,240400,0.0,0.0
2024-04-30 00:00:00-04:00,2.450000047683716,2.490000009536743,2.309999942779541,2.309999942779541,225800,0.0,0.0
2024-05-01 00:00:00-04:00,2.3299999237060547,2.4000000953674316,2.25,2.309999942779541,277500,0.0,0.0
2024-05-02 00:00:00-04:00,2.309999942779541,2.4200000762939453,2.259999990463257,2.3399999141693115,153000,0.0,0.0
2024-05-03 00:00:00-04:00,2.4000000953674316,2.4000000953674316,2.2300000190734863,2.309999942779541,230800,0.0,0.0
2024-05-06 00:00:00-04:00,2.2799999713897705,2.369999885559082,2.240000009536743,2.2899999618530273,105700,0.0,0.0
2024-05-07 00:00:00-04:00,2.2699999809265137,2.3399999141693115,2.240000009536743,2.2799999713897705,70100,0.0,0.0
2024-05-08 00:00:00-04:00,2.2699999809265137,2.319999933242798,2.0799999237060547,2.1700000762939453,368200,0.0,0.0
2024-05-09 00:00:00-04:00,2.1700000762939453,2.25,2.069999933242798,2.109999895095825,236500,0.0,0.0
2024-05-10 00:00:00-04:00,2.119999885559082,2.1600000858306885,1.75,1.7799999713897705,482300,0.0,0.0
2024-05-13 00:00:00-04:00,1.7999999523162842,1.899999976158142,1.7899999618530273,1.8600000143051147,265700,0.0,0.0
2024-05-14 00:00:00-04:00,1.850000023841858,1.8600000143051147,1.7000000476837158,1.7000000476837158,281400,0.0,0.0
2024-05-15 00:00:00-04:00,1.75,1.8200000524520874,1.75,1.7799999713897705,280600,0.0,0.0
2024-05-16 00:00:00-04:00,1.75,1.7799999713897705,1.649999976158142,1.6799999475479126,211200,0.0,0.0
2024-05-17 00:00:00-04:00,1.659999966621399,1.7000000476837158,1.6299999952316284,1.6799999475479126,94400,0.0,0.0
2024-05-20 00:00:00-04:00,1.659999966621399,1.7799999713897705,1.4500000476837158,1.7300000190734863,931500,0.0,0.0
2024-05-21 00:00:00-04:00,1.7200000286102295,1.9500000476837158,1.6100000143051147,1.909999966621399,297300,0.0,0.0
2024-05-22 00:00:00-04:00,1.9199999570846558,1.9600000381469727,1.8700000047683716,1.9199999570846558,201400,0.0,0.0
2024-05-23 00:00:00-04:00,1.940000057220459,2.059999942779541,1.9299999475479126,1.9600000381469727,171600,0.0,0.0
2024-05-24 00:00:00-04:00,1.9800000190734863,2.0399999618530273,1.9700000286102295,2.0,66200,0.0,0.0
2024-05-28 00:00:00-04:00,2.0199999809265137,2.2699999809265137,2.0,2.0999999046325684,228000,0.0,0.0
2024-05-29 00:00:00-04:00,2.0399999618530273,2.0799999237060547,1.9900000095367432,2.0,112300,0.0,0.0
2024-05-30 00:00:00-04:00,2.009999990463257,2.180000066757202,2.009999990463257,2.0199999809265137,123300,0.0,0.0
2024-05-31 00:00:00-04:00,2.0,2.0399999618530273,1.9500000476837158,2.009999990463257,108000,0.0,0.0
2024-06-03 00:00:00-04:00,2.049999952316284,2.0799999237060547,1.9900000095367432,2.0,69000,0.0,0.0
2024-06-04 00:00:00-04:00,2.0,2.119999885559082,1.9900000095367432,2.069999933242798,69600,0.0,0.0
2024-06-05 00:00:00-04:00,2.0799999237060547,2.1700000762939453,2.0399999618530273,2.130000114440918,76100,0.0,0.0
2024-06-06 00:00:00-04:00,2.0999999046325684,2.1600000858306885,2.049999952316284,2.0999999046325684,59100,0.0,0.0
2024-06-07 00:00:00-04:00,2.0799999237060547,2.0799999237060547,2.0,2.0199999809265137,57300,0.0,0.0
2024-06-10 00:00:00-04:00,1.9900000095367432,2.1700000762939453,1.9900000095367432,2.0799999237060547,44300,0.0,0.0
2024-06-11 00:00:00-04:00,2.049999952316284,2.130000114440918,2.0,2.130000114440918,48200,0.0,0.0
2024-06-12 00:00:00-04:00,2.119999885559082,2.190000057220459,2.119999885559082,2.119999885559082,38400,0.0,0.0
2024-06-13 00:00:00-04:00,2.1600000858306885,2.1600000858306885,2.0,2.049999952316284,65200,0.0,0.0
2024-06-14 00:00:00-04:00,2.0399999618530273,2.119999885559082,2.0299999713897705,2.0899999141693115,42300,0.0,0.0
2024-06-17 00:00:00-04:00,2.0899999141693115,2.1600000858306885,2.0799999237060547,2.119999885559082,34600,0.0,0.0
2024-06-18 00:00:00-04:00,2.109999895095825,2.3399999141693115,2.0999999046325684,2.119999885559082,174900,0.0,0.0
2024-06-20 00:00:00-04:00,2.0799999237060547,2.200000047683716,2.0299999713897705,2.0999999046325684,85000,0.0,0.0
2024-06-21 00:00:00-04:00,2.119999885559082,2.180000066757202,2.049999952316284,2.0999999046325684,131500,0.0,0.0
2024-06-24 00:00:00-04:00,2.109999895095825,2.190000057220459,2.0999999046325684,2.119999885559082,46100,0.0,0.0
2024-06-25 00:00:00-04:00,2.180000066757202,2.4600000381469727,2.109999895095825,2.359999895095825,464800,0.0,0.0
2024-06-26 00:00:00-04:00,2.369999885559082,2.569999933242798,2.309999942779541,2.390000104904175,201400,0.0,0.0
2024-06-27 00:00:00-04:00,2.390000104904175,2.5,2.259999990463257,2.4000000953674316,92500,0.0,0.0
2024-06-28 00:00:00-04:00,2.440000057220459,2.490000009536743,2.4000000953674316,2.4800000190734863,125100,0.0,0.0
2024-07-01 00:00:00-04:00,2.5,2.559999942779541,2.4200000762939453,2.4800000190734863,190200,0.0,0.0
2024-07-02 00:00:00-04:00,2.509999990463257,2.509999990463257,2.4200000762939453,2.440000057220459,53600,0.0,0.0
2024-07-03 00:00:00-04:00,2.4200000762939453,2.440000057220459,2.1700000762939453,2.259999990463257,88800,0.0,0.0
2024-07-05 00:00:00-04:00,2.240000009536743,2.25,2.049999952316284,2.1600000858306885,143200,0.0,0.0
2024-07-08 00:00:00-04:00,2.1700000762939453,2.180000066757202,1.9500000476837158,2.0299999713897705,153300,0.0,0.0
2024-07-09 00:00:00-04:00,2.009999990463257,2.0399999618530273,1.8899999856948853,1.9500000476837158,104900,0.0,0.0
2024-07-10 00:00:00-04:00,1.9700000286102295,2.1500000953674316,1.9299999475479126,2.0899999141693115,196900,0.0,0.0
2024-07-11 00:00:00-04:00,2.0999999046325684,2.109999895095825,2.049999952316284,2.049999952316284,67500,0.0,0.0
2024-07-12 00:00:00-04:00,2.049999952316284,2.2799999713897705,2.0,2.2699999809265137,206300,0.0,0.0
2024-07-15 00:00:00-04:00,2.240000009536743,2.259999990463257,2.130000114440918,2.180000066757202,101100,0.0,0.0
2024-07-16 00:00:00-04:00,2.1600000858306885,2.2100000381469727,2.0799999237060547,2.180000066757202,146600,0.0,0.0
2024-07-17 00:00:00-04:00,2.1700000762939453,2.25,2.0999999046325684,2.1600000858306885,281300,0.0,0.0
2024-07-18 00:00:00-04:00,2.130000114440918,2.25,2.009999990463257,2.0799999237060547,124500,0.0,0.0
2024-07-19 00:00:00-04:00,2.049999952316284,2.1600000858306885,2.009999990463257,2.069999933242798,160300,0.0,0.0
2024-07-22 00:00:00-04:00,2.0799999237060547,2.180000066757202,2.0299999713897705,2.1600000858306885,181800,0.0,0.0
2024-07-23 00:00:00-04:00,2.140000104904175,2.2100000381469727,2.119999885559082,2.2100000381469727,42700,0.0,0.0
2024-07-24 00:00:00-04:00,2.190000057220459,2.190000057220459,2.0799999237060547,2.1500000953674316,34100,0.0,0.0
2024-07-25 00:00:00-04:00,2.1500000953674316,2.2899999618530273,2.130000114440918,2.2699999809265137,77700,0.0,0.0
2024-07-26 00:00:00-04:00,2.25,2.390000104904175,2.190000057220459,2.309999942779541,172400,0.0,0.0
2024-07-29 00:00:00-04:00,2.299999952316284,2.299999952316284,2.2200000286102295,2.2899999618530273,47700,0.0,0.0
2024-07-30 00:00:00-04:00,2.259999990463257,2.259999990463257,2.1500000953674316,2.2200000286102295,32300,0.0,0.0
2024-07-31 00:00:00-04:00,2.240000009536743,2.3399999141693115,2.0999999046325684,2.3299999237060547,156300,0.0,0.0
2024-08-01 00:00:00-04:00,2.309999942779541,2.4700000286102295,2.2799999713897705,2.4000000953674316,291800,0.0,0.0
2024-08-02 00:00:00-04:00,2.4000000953674316,2.4000000953674316,2.1500000953674316,2.190000057220459,167800,0.0,0.0
2024-08-05 00:00:00-04:00,1.9800000190734863,2.069999933242798,1.7999999523162842,2.069999933242798,878400,0.0,0.0
2024-08-06 00:00:00-04:00,2.049999952316284,2.190000057220459,2.049999952316284,2.130000114440918,67600,0.0,0.0
2024-08-07 00:00:00-04:00,2.140000104904175,2.2200000286102295,1.9900000095367432,2.0,261200,0.0,0.0
2024-08-08 00:00:00-04:00,2.0199999809265137,2.0799999237060547,1.9500000476837158,1.9900000095367432,97600,0.0,0.0
2024-08-09 00:00:00-04:00,1.940000057220459,2.0799999237060547,1.909999966621399,2.0,45400,0.0,0.0
2024-08-12 00:00:00-04:00,1.9700000286102295,2.049999952316284,1.940000057220459,2.0199999809265137,46200,0.0,0.0
2024-08-13 00:00:00-04:00,2.0,2.0,1.9299999475479126,1.9500000476837158,65500,0.0,0.0
2024-08-14 00:00:00-04:00,1.9299999475479126,2.0,1.9299999475479126,1.9900000095367432,35500,0.0,0.0
2024-08-15 00:00:00-04:00,2.0,2.0899999141693115,1.9600000381469727,2.0199999809265137,50000,0.0,0.0
2024-08-16 00:00:00-04:00,1.9900000095367432,2.049999952316284,1.9700000286102295,2.049999952316284,18600,0.0,0.0
2024-08-19 00:00:00-04:00,2.049999952316284,2.0899999141693115,2.0,2.0799999237060547,123000,0.0,0.0
2024-08-20 00:00:00-04:00,2.0399999618530273,2.069999933242798,1.9800000190734863,2.0199999809265137,70800,0.0,0.0
2024-08-21 00:00:00-04:00,1.9900000095367432,2.0399999618530273,1.9600000381469727,2.0,60200,0.0,0.0
2024-08-22 00:00:00-04:00,2.009999990463257,2.009999990463257,1.899999976158142,1.940000057220459,84500,0.0,0.0
2024-08-23 00:00:00-04:00,1.9700000286102295,2.0799999237060547,1.9299999475479126,2.0399999618530273,119300,0.0,0.0
2024-08-26 00:00:00-04:00,2.0199999809265137,2.059999942779541,1.940000057220459,1.940000057220459,56600,0.0,0.0
2024-08-27 00:00:00-04:00,1.9500000476837158,1.9500000476837158,1.850000023841858,1.8700000047683716,101600,0.0,0.0
2024-08-28 00:00:00-04:00,1.8799999952316284,1.940000057220459,1.8600000143051147,1.8700000047683716,60800,0.0,0.0
2024-08-29 00:00:00-04:00,1.850000023841858,1.8899999856948853,1.8300000429153442,1.850000023841858,71500,0.0,0.0
2024-08-30 00:00:00-04:00,1.8700000047683716,2.0,1.8600000143051147,1.9900000095367432,60800,0.0,0.0
2024-09-03 00:00:00-04:00,1.9600000381469727,1.9800000190734863,1.8200000524520874,1.8799999952316284,62300,0.0,0.0
2024-09-04 00:00:00-04:00,1.8600000143051147,1.899999976158142,1.840000033378601,1.8899999856948853,20200,0.0,0.0
2024-09-05 00:00:00-04:00,1.8899999856948853,1.9900000095367432,1.8600000143051147,1.9199999570846558,35500,0.0,0.0
2024-09-06 00:00:00-04:00,1.9199999570846558,1.940000057220459,1.7899999618530273,1.8700000047683716,212200,0.0,0.0
2024-09-09 00:00:00-04:00,1.8799999952316284,1.8799999952316284,1.3899999856948853,1.6799999475479126,794100,0.0,0.0
2024-09-10 00:00:00-04:00,1.5700000524520874,1.6799999475479126,1.5399999618530273,1.559999942779541,157700,0.0,0.0
2024-09-11 00:00:00-04:00,1.600000023841858,1.6399999856948853,1.5399999618530273,1.600000023841858,94600,0.0,0.0
2024-09-12 00:00:00-04:00,1.5399999618530273,1.590000033378601,0.7699999809265137,1.1399999856948853,2218800,0.0,0.0
2024-09-13 00:00:00-04:00,1.0499999523162842,1.2999999523162842,1.0499999523162842,1.25,807200,0.0,0.0
2024-09-16 00:00:00-04:00,1.2799999713897705,1.2799999713897705,0.9900000095367432,1.2599999904632568,347300,0.0,0.0
2024-09-17 00:00:00-04:00,1.2599999904632568,1.350000023841858,1.2599999904632568,1.309999942779541,108900,0.0,0.0
2024-09-18 00:00:00-04:00,1.309999942779541,1.3300000429153442,1.25,1.25,84700,0.0,0.0
2024-09-19 00:00:00-04:00,1.2400000095367432,1.3300000429153442,1.2400000095367432,1.25,121500,0.0,0.0
2024-09-20 00:00:00-04:00,1.2799999713897705,1.3200000524520874,1.2200000286102295,1.2400000095367432,264000,0.0,0.0
2024-09-23 00:00:00-04:00,1.2200000286102295,1.3799999952316284,1.1799999475479126,1.2999999523162842,210600,0.0,0.0
2024-09-24 00:00:00-04:00,1.2899999618530273,1.3200000524520874,1.1799999475479126,1.1799999475479126,58600,0.0,0.0
2024-09-25 00:00:00-04:00,1.2000000476837158,1.2000000476837158,1.0499999523162842,1.1100000143051147,38300,0.0,0.0
2024-09-26 00:00:00-04:00,1.1299999952316284,1.1399999856948853,0.9599999785423279,1.0199999809265137,177100,0.0,0.0
2024-09-27 00:00:00-04:00,1.0099999904632568,1.1100000143051147,1.0,1.0299999713897705,50300,0.0,0.0
2024-09-30 00:00:00-04:00,1.059999942779541,1.059999942779541,0.9700000286102295,1.0099999904632568,67200,0.0,0.0
2024-10-01 00:00:00-04:00,1.0199999809265137,1.0199999809265137,0.9100000262260437,0.9700000286102295,57700,0.0,0.0
2024-10-02 00:00:00-04:00,0.9399999976158142,0.949999988079071,0.8299999833106995,0.9300000071525574,223500,0.0,0.0
2024-10-03 00:00:00-04:00,0.8999999761581421,1.100000023841858,0.7799999713897705,0.8999999761581421,480700,0.0,0.0
2024-10-04 00:00:00-04:00,0.8700000047683716,0.949999988079071,0.8500000238418579,0.9300000071525574,133400,0.0,0.0
2024-10-07 00:00:00-04:00,0.949999988079071,1.2000000476837158,0.9300000071525574,1.1399999856948853,186400,0.0,0.0
2024-10-08 00:00:00-04:00,1.1399999856948853,1.1399999856948853,1.0199999809265137,1.1299999952316284,270800,0.0,0.0
2024-10-09 00:00:00-04:00,1.1100000143051147,1.2799999713897705,1.100000023841858,1.2799999713897705,124800,0.0,0.0
2024-10-10 00:00:00-04:00,1.2999999523162842,1.399999976158142,1.2000000476837158,1.3899999856948853,125700,0.0,0.0
2024-10-11 00:00:00-04:00,1.350000023841858,1.3799999952316284,1.2899999618530273,1.3799999952316284,69000,0.0,0.0
2024-10-14 00:00:00-04:00,1.340000033378601,1.399999976158142,1.3200000524520874,1.399999976158142,57900,0.0,0.0
2024-10-15 00:00:00-04:00,1.3799999952316284,1.3799999952316284,1.2999999523162842,1.3799999952316284,41200,0.0,0.0
2024-10-16 00:00:00-04:00,1.3799999952316284,1.3899999856948853,1.3300000429153442,1.3899999856948853,28200,0.0,0.0
2024-10-17 00:00:00-04:00,1.3600000143051147,1.3600000143051147,1.2899999618530273,1.3600000143051147,32500,0.0,0.0
2024-10-18 00:00:00-04:00,1.340000033378601,1.3600000143051147,1.3200000524520874,1.3600000143051147,9900,0.0,0.0
2024-10-21 00:00:00-04:00,1.350000023841858,1.3899999856948853,1.3300000429153442,1.3899999856948853,25000,0.0,0.0
2024-10-22 00:00:00-04:00,1.399999976158142,1.399999976158142,1.2300000190734863,1.2799999713897705,53500,0.0,0.0
2024-10-23 00:00:00-04:00,1.25,1.309999942779541,1.2100000381469727,1.309999942779541,40100,0.0,0.0
2024-10-24 00:00:00-04:00,1.2899999618530273,1.2899999618530273,1.2300000190734863,1.2799999713897705,21200,0.0,0.0
2024-10-25 00:00:00-04:00,1.309999942779541,1.3200000524520874,1.2300000190734863,1.2699999809265137,50300,0.0,0.0
2024-10-28 00:00:00-04:00,1.3200000524520874,1.649999976158142,1.2999999523162842,1.5,526900,0.0,0.0
2024-10-29 00:00:00-04:00,1.4800000190734863,1.5099999904632568,1.350000023841858,1.4900000095367432,156800,0.0,0.0
2024-10-30 00:00:00-04:00,1.4900000095367432,1.5199999809265137,1.3600000143051147,1.4800000190734863,94300,0.0,0.0
2024-10-31 00:00:00-04:00,1.4500000476837158,1.6200000047683716,1.399999976158142,1.6100000143051147,77700,0.0,0.0
2024-11-01 00:00:00-04:00,1.590000033378601,1.7300000190734863,1.5299999713897705,1.6699999570846558,86800,0.0,0.0
2024-11-04 00:00:00-05:00,1.6699999570846558,1.7100000381469727,1.6200000047683716,1.6399999856948853,94500,0.0,0.0
2024-11-05 00:00:00-05:00,1.649999976158142,1.7100000381469727,1.590000033378601,1.6200000047683716,125500,0.0,0.0
2024-11-06 00:00:00-05:00,1.7000000476837158,1.7000000476837158,1.559999942779541,1.6299999952316284,27900,0.0,0.0
2024-11-07 00:00:00-05:00,1.649999976158142,1.7000000476837158,1.590000033378601,1.659999966621399,52200,0.0,0.0
2024-11-08 00:00:00-05:00,1.690000057220459,1.7000000476837158,1.5299999713897705,1.590000033378601,58300,0.0,0.0
2024-11-11 00:00:00-05:00,1.4900000095367432,1.7200000286102295,1.4700000286102295,1.5800000429153442,151200,0.0,0.0
2024-11-12 00:00:00-05:00,1.6399999856948853,1.7300000190734863,1.5199999809265137,1.590000033378601,152000,0.0,0.0
2024-11-13 00:00:00-05:00,1.559999942779541,1.7799999713897705,1.559999942779541,1.75,275400,0.0,0.0
2024-11-14 00:00:00-05:00,1.7400000095367432,1.840000033378601,1.7000000476837158,1.7000000476837158,150500,0.0,0.0
2024-11-15 00:00:00-05:00,1.7000000476837158,1.7899999618530273,1.600000023841858,1.6200000047683716,72000,0.0,0.0
2024-11-18 00:00:00-05:00,1.6200000047683716,1.7000000476837158,1.600000023841858,1.600000023841858,31100,0.0,0.0
2024-11-19 00:00:00-05:00,1.6200000047683716,1.659999966621399,1.559999942779541,1.559999942779541,74800,0.0,0.0
2024-11-20 00:00:00-05:00,1.5700000524520874,1.649999976158142,1.5499999523162842,1.5700000524520874,67400,0.0,0.0
2024-11-21 00:00:00-05:00,1.5800000429153442,1.659999966621399,1.5800000429153442,1.6299999952316284,65400,0.0,0.0
2024-11-22 00:00:00-05:00,1.649999976158142,1.7300000190734863,1.649999976158142,1.6699999570846558,83300,0.0,0.0
2024-11-25 00:00:00-05:00,1.6799999475479126,1.7000000476837158,1.5499999523162842,1.5499999523162842,101700,0.0,0.0
2024-11-26 00:00:00-05:00,1.559999942779541,1.7000000476837158,1.5199999809265137,1.690000057220459,52700,0.0,0.0
2024-11-27 00:00:00-05:00,1.7000000476837158,1.8700000047683716,1.6399999856948853,1.8200000524520874,162700,0.0,0.0
2024-11-29 00:00:00-05:00,1.8200000524520874,1.9700000286102295,1.7100000381469727,1.7999999523162842,99800,0.0,0.0
2024-12-02 00:00:00-05:00,1.850000023841858,1.909999966621399,1.7999999523162842,1.8600000143051147,154200,0.0,0.0
2024-12-03 00:00:00-05:00,1.7999999523162842,1.8899999856948853,1.7699999809265137,1.7999999523162842,100700,0.0,0.0
2024-12-04 00:00:00-05:00,1.7799999713897705,1.8799999952316284,1.7699999809265137,1.809999942779541,90000,0.0,0.0
2024-12-05 00:00:00-05:00,1.8799999952316284,1.899999976158142,1.7300000190734863,1.7899999618530273,212100,0.0,0.0
2024-12-06 00:00:00-05:00,1.7699999809265137,1.9800000190734863,1.75,1.9800000190734863,218900,0.0,0.0
2024-12-09 00:00:00-05:00,1.9700000286102295,1.9800000190734863,1.7799999713897705,1.8799999952316284,364900,0.0,0.0
2024-12-10 00:00:00-05:00,1.8700000047683716,1.9199999570846558,1.809999942779541,1.840000033378601,97300,0.0,0.0
2024-12-11 00:00:00-05:00,1.8200000524520874,1.899999976158142,1.75,1.75,128000,0.0,0.0
2024-12-12 00:00:00-05:00,1.7200000286102295,1.7699999809265137,1.659999966621399,1.7200000286102295,102300,0.0,0.0
2024-12-13 00:00:00-05:00,1.7400000095367432,1.7699999809265137,1.6799999475479126,1.7200000286102295,61800,0.0,0.0
2024-12-16 00:00:00-05:00,1.75,1.7899999618530273,1.7100000381469727,1.7699999809265137,48700,0.0,0.0
2024-12-17 00:00:00-05:00,1.7300000190734863,1.75,1.659999966621399,1.7100000381469727,78800,0.0,0.0
2024-12-18 00:00:00-05:00,1.7200000286102295,1.7200000286102295,1.6299999952316284,1.690000057220459,95700,0.0,0.0
2024-12-19 00:00:00-05:00,1.659999966621399,1.7300000190734863,1.6200000047683716,1.7300000190734863,130600,0.0,0.0
2024-12-20 00:00:00-05:00,1.690000057220459,1.75,1.649999976158142,1.75,135200,0.0,0.0
2024-12-23 00:00:00-05:00,1.7899999618530273,1.7899999618530273,1.5299999713897705,1.5399999618530273,121500,0.0,0.0
2024-12-24 00:00:00-05:00,1.5399999618530273,1.5700000524520874,1.4500000476837158,1.4500000476837158,69000,0.0,0.0
2024-12-26 00:00:00-05:00,1.4600000381469727,1.5499999523162842,1.4299999475479126,1.440000057220459,114800,0.0,0.0
2024-12-27 00:00:00-05:00,1.4900000095367432,1.4900000095367432,1.340000033378601,1.3799999952316284,139400,0.0,0.0
2024-12-30 00:00:00-05:00,1.340000033378601,1.4500000476837158,1.2999999523162842,1.399999976158142,150500,0.0,0.0
2024-12-31 00:00:00-05:00,1.3799999952316284,1.4700000286102295,1.3300000429153442,1.3899999856948853,169900,0.0,0.0
2025-01-02 00:00:00-05:00,1.440000057220459,1.5199999809265137,1.399999976158142,1.399999976158142,62800,0.0,0.0
2025-01-03 00:00:00-05:00,1.399999976158142,1.4800000190734863,1.2000000476837158,1.3200000524520874,380500,0.0,0.0
2025-01-06 00:00:00-05:00,1.2899999618530273,1.399999976158142,1.2599999904632568,1.2999999523162842,450600,0.0,0.0
2025-01-07 00:00:00-05:00,1.3200000524520874,1.3799999952316284,1.2400000095367432,1.3799999952316284,365100,0.0,0.0
2025-01-08 00:00:00-05:00,1.3600000143051147,1.4199999570846558,1.2300000190734863,1.25,316800,0.0,0.0
2025-01-10 00:00:00-05:00,1.309999942779541,1.3300000429153442,1.2300000190734863,1.2699999809265137,258400,0.0,0.0
2025-01-13 00:00:00-05:00,1.2400000095367432,1.2799999713897705,1.1799999475479126,1.2100000381469727,52000,0.0,0.0
2025-01-14 00:00:00-05:00,1.2200000286102295,1.2400000095367432,1.149999976158142,1.149999976158142,27700,0.0,0.0
2025-01-15 00:00:00-05:00,1.3200000524520874,1.649999976158142,1.2899999618530273,1.340000033378601,548100,0.0,0.0
2025-01-16 00:00:00-05:00,1.350000023841858,1.4600000381469727,1.340000033378601,1.399999976158142,132500,0.0,0.0
2025-01-17 00:00:00-05:00,1.399999976158142,1.4800000190734863,1.3799999952316284,1.4199999570846558,135000,0.0,0.0
2025-01-21 00:00:00-05:00,1.4199999570846558,1.4600000381469727,1.3200000524520874,1.350000023841858,153600,0.0,0.0
2025-01-22 00:00:00-05:00,1.3300000429153442,1.4199999570846558,1.2899999618530273,1.350000023841858,27000,0.0,0.0
2025-01-23 00:00:00-05:00,1.409999966621399,1.409999966621399,1.2100000381469727,1.2100000381469727,85600,0.0,0.0
2025-01-24 00:00:00-05:00,1.2200000286102295,1.2400000095367432,1.2100000381469727,1.2100000381469727,49000,0.0,0.0
2025-01-27 00:00:00-05:00,1.1799999475479126,1.2400000095367432,1.0700000524520874,1.1200000047683716,118400,0.0,0.0
2025-01-28 00:00:00-05:00,1.149999976158142,1.159999966621399,1.090000033378601,1.1299999952316284,18200,0.0,0.0
2025-01-29 00:00:00-05:00,1.1200000047683716,1.149999976158142,1.0800000429153442,1.0800000429153442,13100,0.0,0.0
2025-01-30 00:00:00-05:00,1.0800000429153442,1.190000057220459,1.059999942779541,1.0700000524520874,28100,0.0,0.0
2025-01-31 00:00:00-05:00,1.0800000429153442,1.090000033378601,1.0099999904632568,1.0199999809265137,25300,0.0,0.0
2025-02-03 00:00:00-05:00,1.0099999904632568,1.0700000524520874,0.9900000095367432,1.0,57500,0.0,0.0
2025-02-04 00:00:00-05:00,1.0,1.1200000047683716,0.9599999785423279,0.9599999785423279,50400,0.0,0.0
2025-02-05 00:00:00-05:00,0.9900000095367432,1.0800000429153442,0.949999988079071,1.0199999809265137,27100,0.0,0.0
2025-02-06 00:00:00-05:00,1.0099999904632568,1.0199999809265137,0.9599999785423279,0.9599999785423279,27000,0.0,0.0
2025-02-07 00:00:00-05:00,0.9800000190734863,1.0,0.8500000238418579,0.8500000238418579,206700,0.0,0.0
2025-02-10 00:00:00-05:00,0.8399999737739563,1.0299999713897705,0.8399999737739563,0.949999988079071,293100,0.0,0.0
2025-02-11 00:00:00-05:00,0.9300000071525574,1.1699999570846558,0.9200000166893005,1.0499999523162842,389400,0.0,0.0
2025-02-12 00:00:00-05:00,1.0499999523162842,1.2300000190734863,0.8799999952316284,1.0800000429153442,337000,0.0,0.0
2025-02-13 00:00:00-05:00,1.1100000143051147,1.1100000143051147,0.9100000262260437,0.9599999785423279,132900,0.0,0.0
2025-02-14 00:00:00-05:00,1.0,1.059999942779541,1.0,1.0399999618530273,30700,0.0,0.0
2025-02-18 00:00:00-05:00,1.0800000429153442,1.100000023841858,1.0199999809265137,1.0199999809265137,69600,0.0,0.0
2025-02-19 00:00:00-05:00,1.0199999809265137,1.0700000524520874,0.9700000286102295,0.9900000095367432,58300,0.0,0.0
2025-02-20 00:00:00-05:00,0.9900000095367432,1.0499999523162842,0.9599999785423279,0.9800000190734863,88000,0.0,0.0
2025-02-21 00:00:00-05:00,0.9900000095367432,1.0199999809265137,0.8999999761581421,0.8999999761581421,248000,0.0,0.0
2025-02-24 00:00:00-05:00,0.9100000262260437,1.0299999713897705,0.9100000262260437,0.9599999785423279,38300,0.0,0.0
2025-02-25 00:00:00-05:00,0.9300000071525574,0.9900000095367432,0.8799999952316284,0.9100000262260437,34600,0.0,0.0
2025-02-26 00:00:00-05:00,0.8999999761581421,0.9300000071525574,0.8399999737739563,0.8399999737739563,100200,0.0,0.0
2025-02-27 00:00:00-05:00,0.8399999737739563,0.9300000071525574,0.7699999809265137,0.800000011920929,135400,0.0,0.0
2025-02-28 00:00:00-05:00,0.7599999904632568,0.8299999833106995,0.7599999904632568,0.8299999833106995,31400,0.0,0.0
2025-03-03 00:00:00-05:00,0.8299999833106995,0.8899999856948853,0.75,0.75,95700,0.0,0.0
2025-03-04 00:00:00-05:00,0.7400000095367432,0.7599999904632568,0.6600000262260437,0.6800000071525574,99700,0.0,0.0
2025-03-05 00:00:00-05:00,0.6800000071525574,0.7300000190734863,0.6800000071525574,0.6899999976158142,80200,0.0,0.0
2025-03-06 00:00:00-05:00,0.7300000190734863,0.7300000190734863,0.6499999761581421,0.6499999761581421,126400,0.0,0.0
2025-03-07 00:00:00-05:00,0.7099999785423279,0.7099999785423279,0.6299999952316284,0.6499999761581421,71200,0.0,0.0
2025-03-10 00:00:00-04:00,0.6200000047683716,0.7300000190734863,0.6000000238418579,0.6000000238418579,209300,0.0,0.0
2025-03-11 00:00:00-04:00,0.6000000238418579,0.6399999856948853,0.5699999928474426,0.5799999833106995,71200,0.0,0.0
2025-03-12 00:00:00-04:00,0.550000011920929,0.6499999761581421,0.550000011920929,0.6100000143051147,51500,0.0,0.0
2025-03-13 00:00:00-04:00,0.6100000143051147,0.6100000143051147,0.5199999809265137,0.5199999809265137,254900,0.0,0.0
2025-03-14 00:00:00-04:00,0.5299999713897705,0.5600000023841858,0.5,0.5099999904632568,63100,0.0,0.0
2025-03-17 00:00:00-04:00,0.5099999904632568,0.5199999809265137,0.49000000953674316,0.5,76600,0.0,0.0
2025-03-18 00:00:00-04:00,0.5,0.6899999976158142,0.5,0.6499999761581421,719700,0.0,0.0
2025-03-19 00:00:00-04:00,0.6499999761581421,0.6499999761581421,0.5799999833106995,0.6100000143051147,157300,0.0,0.0
2025-03-20 00:00:00-04:00,0.6200000047683716,0.6399999856948853,0.5600000023841858,0.6100000143051147,127500,0.0,0.0
2025-03-21 00:00:00-04:00,0.5799999833106995,0.6499999761581421,0.5799999833106995,0.6299999952316284,60900,0.0,0.0
2025-03-24 00:00:00-04:00,0.6200000047683716,0.6700000166893005,0.6000000238418579,0.6700000166893005,26900,0.0,0.0
2025-03-25 00:00:00-04:00,0.6499999761581421,0.699999988079071,0.6499999761581421,0.6700000166893005,32700,0.0,0.0
2025-03-26 00:00:00-04:00,0.6800000071525574,0.7099999785423279,0.6000000238418579,0.6100000143051147,53400,0.0,0.0
2025-03-27 00:00:00-04:00,0.6299999952316284,0.699999988079071,0.6100000143051147,0.6700000166893005,30700,0.0,0.0
2025-03-28 00:00:00-04:00,0.6600000262260437,0.699999988079071,0.6000000238418579,0.6299999952316284,93200,0.0,0.0
2025-03-31 00:00:00-04:00,0.6299999952316284,0.6800000071525574,0.6299999952316284,0.6499999761581421,20200,0.0,0.0
2025-04-01 00:00:00-04:00,0.6700000166893005,0.6899999976158142,0.6499999761581421,0.6899999976158142,8300,0.0,0.0
2025-04-02 00:00:00-04:00,0.699999988079071,0.7699999809265137,0.6700000166893005,0.75,53400,0.0,0.0
2025-04-03 00:00:00-04:00,0.7300000190734863,0.8399999737739563,0.7300000190734863,0.7599999904632568,91500,0.0,0.0
2025-04-04 00:00:00-04:00,0.7599999904632568,0.8199999928474426,0.699999988079071,0.699999988079071,135400,0.0,0.0
2025-04-07 00:00:00-04:00,0.699999988079071,0.7900000214576721,0.699999988079071,0.7300000190734863,148500,0.0,0.0
2025-04-08 00:00:00-04:00,0.6800000071525574,0.800000011920929,0.6800000071525574,0.7300000190734863,50900,0.0,0.0
2025-04-09 00:00:00-04:00,0.7699999809265137,0.800000011920929,0.75,0.7599999904632568,59400,0.0,0.0
2025-04-10 00:00:00-04:00,0.75,0.7900000214576721,0.7099999785423279,0.7200000286102295,72100,0.0,0.0
2025-04-11 00:00:00-04:00,0.75,0.8199999928474426,0.75,0.7799999713897705,26500,0.0,0.0
2025-04-14 00:00:00-04:00,0.8199999928474426,0.8700000047683716,0.75,0.8600000143051147,144500,0.0,0.0
2025-04-15 00:00:00-04:00,0.8500000238418579,0.9200000166893005,0.7900000214576721,0.8700000047683716,55400,0.0,0.0
2025-04-16 00:00:00-04:00,0.8700000047683716,0.949999988079071,0.8700000047683716,0.8999999761581421,93900,0.0,0.0
2025-04-17 00:00:00-04:00,0.9300000071525574,0.9300000071525574,0.8999999761581421,0.9200000166893005,19700,0.0,0.0
2025-04-21 00:00:00-04:00,0.9300000071525574,0.9300000071525574,0.8899999856948853,0.9300000071525574,47900,0.0,0.0
2025-04-22 00:00:00-04:00,0.8799999952316284,0.9300000071525574,0.8799999952316284,0.9200000166893005,20800,0.0,0.0
2025-04-23 00:00:00-04:00,0.8799999952316284,0.9399999976158142,0.8799999952316284,0.9399999976158142,28600,0.0,0.0
2025-04-24 00:00:00-04:00,0.9300000071525574,0.9800000190734863,0.8700000047683716,0.9800000190734863,47800,0.0,0.0
2025-04-25 00:00:00-04:00,0.9800000190734863,0.9900000095367432,0.8999999761581421,0.9900000095367432,16800,0.0,0.0
2025-04-28 00:00:00-04:00,0.9800000190734863,0.9900000095367432,0.9300000071525574,0.9800000190734863,11100,0.0,0.0
2025-04-29 00:00:00-04:00,1.0,1.0,0.9399999976158142,0.949999988079071,24700,0.0,0.0
2025-04-30 00:00:00-04:00,0.9599999785423279,0.9599999785423279,0.9100000262260437,0.9300000071525574,23900,0.0,0.0
2025-05-01 00:00:00-04:00,0.9399999976158142,0.9800000190734863,0.9100000262260437,0.9800000190734863,28800,0.0,0.0
2025-05-02 00:00:00-04:00,0.9900000095367432,0.9900000095367432,0.8999999761581421,0.8999999761581421,95000,0.0,0.0
2025-05-05 00:00:00-04:00,0.9100000262260437,0.9100000262260437,0.8100000023841858,0.8899999856948853,76600,0.0,0.0
2025-05-06 00:00:00-04:00,0.8899999856948853,0.9200000166893005,0.7300000190734863,0.7799999713897705,142000,0.0,0.0
2025-05-07 00:00:00-04:00,0.7200000286102295,0.8299999833106995,0.7200000286102295,0.8199999928474426,69600,0.0,0.0
2025-05-08 00:00:00-04:00,0.7900000214576721,0.8399999737739563,0.7900000214576721,0.8399999737739563,19400,0.0,0.0
2025-05-09 00:00:00-04:00,0.8399999737739563,0.8600000143051147,0.8399999737739563,0.8600000143051147,24700,0.0,0.0
2025-05-12 00:00:00-04:00,0.9100000262260437,0.9800000190734863,0.8700000047683716,0.9800000190734863,55500,0.0,0.0
2025-05-13 00:00:00-04:00,0.9599999785423279,0.9700000286102295,0.8799999952316284,0.9300000071525574,55100,0.0,0.0
2025-05-14 00:00:00-04:00,0.9200000166893005,0.9399999976158142,0.8899999856948853,0.9100000262260437,35000,0.0,0.0
2025-05-15 00:00:00-04:00,0.8899999856948853,0.9300000071525574,0.8799999952316284,0.9100000262260437,25600,0.0,0.0
2025-05-16 00:00:00-04:00,0.9100000262260437,0.9700000286102295,0.8799999952316284,0.9200000166893005,23100,0.0,0.0
2025-05-19 00:00:00-04:00,0.949999988079071,0.949999988079071,0.8999999761581421,0.9399999976158142,29100,0.0,0.0
2025-05-20 00:00:00-04:00,0.9200000166893005,0.9200000166893005,0.8999999761581421,0.9100000262260437,4000,0.0,0.0
2025-05-21 00:00:00-04:00,0.8999999761581421,0.9100000262260437,0.8799999952316284,0.8799999952316284,4400,0.0,0.0
2025-05-22 00:00:00-04:00,0.8999999761581421,0.949999988079071,0.8700000047683716,0.9100000262260437,20300,0.0,0.0
2025-05-23 00:00:00-04:00,0.9100000262260437,0.949999988079071,0.8299999833106995,0.949999988079071,39900,0.0,0.0
2025-05-27 00:00:00-04:00,0.9300000071525574,0.949999988079071,0.800000011920929,0.9200000166893005,61300,0.0,0.0
2025-05-28 00:00:00-04:00,0.8999999761581421,0.9200000166893005,0.8399999737739563,0.9200000166893005,23800,0.0,0.0
2025-05-29 00:00:00-04:00,0.9200000166893005,0.9200000166893005,0.8600000143051147,0.8700000047683716,7700,0.0,0.0
2025-05-30 00:00:00-04:00,0.9800000190734863,1.0499999523162842,0.7799999713897705,0.949999988079071,3707900,0.0,0.0
2025-06-02 00:00:00-04:00,0.8700000047683716,0.9599999785423279,0.8700000047683716,0.9200000166893005,432000,0.0,0.0
2025-06-03 00:00:00-04:00,0.8899999856948853,0.8999999761581421,0.800000011920929,0.8500000238418579,182900,0.0,0.0
2025-06-04 00:00:00-04:00,0.8500000238418579,0.8999999761581421,0.8399999737739563,0.8899999856948853,192000,0.0,0.0
2025-06-05 00:00:00-04:00,0.9200000166893005,0.9200000166893005,0.8299999833106995,0.8899999856948853,320700,0.0,0.0
2025-06-06 00:00:00-04:00,0.8600000143051147,0.9100000262260437,0.8299999833106995,0.8700000047683716,110200,0.0,0.0
2025-06-09 00:00:00-04:00,0.8799999952316284,0.8899999856948853,0.8500000238418579,0.8799999952316284,56900,0.0,0.0
2025-06-10 00:00:00-04:00,0.8899999856948853,0.8899999856948853,0.8399999737739563,0.8500000238418579,38100,0.0,0.0
2025-06-11 00:00:00-04:00,0.8399999737739563,0.8700000047683716,0.8199999928474426,0.8500000238418579,64400,0.0,0.0
2025-06-12 00:00:00-04:00,0.8600000143051147,0.8700000047683716,0.8399999737739563,0.8399999737739563,21400,0.0,0.0
2025-06-13 00:00:00-04:00,0.8500000238418579,0.8500000238418579,0.7699999809265137,0.800000011920929,78900,0.0,0.0
2025-06-16 00:00:00-04:00,0.7900000214576721,0.8299999833106995,0.7900000214576721,0.8100000023841858,37900,0.0,0.0
2025-06-17 00:00:00-04:00,0.8299999833106995,0.8700000047683716,0.800000011920929,0.8500000238418579,41100,0.0,0.0
2025-06-18 00:00:00-04:00,0.8500000238418579,0.8999999761581421,0.8299999833106995,0.8899999856948853,62200,0.0,0.0
2025-06-20 00:00:00-04:00,0.8799999952316284,1.149999976158142,0.8799999952316284,1.0199999809265137,711900,0.0,0.0
2025-06-23 00:00:00-04:00,0.9700000286102295,1.0499999523162842,0.9300000071525574,0.9300000071525574,236900,0.0,0.0
2025-06-24 00:00:00-04:00,0.9300000071525574,1.0299999713897705,0.9300000071525574,0.9599999785423279,215200,0.0,0.0
2025-06-25 00:00:00-04:00,0.9599999785423279,1.0099999904632568,0.9300000071525574,0.9800000190734863,75500,0.0,0.0
2025-06-26 00:00:00-04:00,1.0,1.0,0.9399999976158142,0.9599999785423279,25400,0.0,0.0
2025-06-27 00:00:00-04:00,0.949999988079071,0.9700000286102295,0.800000011920929,0.800000011920929,138200,0.0,0.0
2025-06-30 00:00:00-04:00,0.8299999833106995,1.309999942779541,0.8299999833106995,1.159999966621399,7504800,0.0,0.0
2025-07-01 00:00:00-04:00,1.149999976158142,1.7000000476837158,1.0800000429153442,1.4900000095367432,2198800,0.0,0.0
2025-07-02 00:00:00-04:00,1.5,1.649999976158142,1.3899999856948853,1.5800000429153442,777200,0.0,0.0
2025-07-03 00:00:00-04:00,1.6200000047683716,1.7899999618530273,1.5700000524520874,1.6799999475479126,734400,0.0,0.0
2025-07-07 00:00:00-04:00,1.7100000381469727,1.7100000381469727,1.3300000429153442,1.5099999904632568,750900,0.0,0.0
2025-07-08 00:00:00-04:00,1.5199999809265137,2.450000047683716,1.5199999809265137,2.450000047683716,6607100,0.0,0.0
2025-07-09 00:00:00-04:00,2.5399999618530273,2.6700000762939453,2.1600000858306885,2.1600000858306885,1813300,0.0,0.0
2025-07-10 00:00:00-04:00,2.1500000953674316,2.3299999237060547,1.9600000381469727,2.130000114440918,606200,0.0,0.0
2025-07-11 00:00:00-04:00,2.0799999237060547,2.1600000858306885,1.899999976158142,1.9299999475479126,786100,0.0,0.0
2025-07-14 00:00:00-04:00,1.8200000524520874,2.25,1.8200000524520874,2.180000066757202,685200,0.0,0.0
2025-07-15 00:00:00-04:00,2.140000104904175,2.2100000381469727,1.9900000095367432,2.0199999809265137,399100,0.0,0.0
2025-07-16 00:00:00-04:00,2.0799999237060547,2.1600000858306885,2.0,2.0999999046325684,370100,0.0,0.0
2025-07-17 00:00:00-04:00,2.0999999046325684,2.390000104904175,2.0399999618530273,2.059999942779541,529300,0.0,0.0
2025-07-18 00:00:00-04:00,2.180000066757202,2.299999952316284,2.0999999046325684,2.130000114440918,530900,0.0,0.0
2025-07-21 00:00:00-04:00,2.299999952316284,2.549999952316284,2.200000047683716,2.4100000858306885,1772800,0.0,0.0
2025-07-22 00:00:00-04:00,2.5299999713897705,2.7200000286102295,2.3299999237060547,2.440000057220459,1770400,0.0,0.0
2025-07-23 00:00:00-04:00,2.4600000381469727,2.7799999713897705,2.4600000381469727,2.630000114440918,1128800,0.0,0.0
2025-07-24 00:00:00-04:00,2.630000114440918,2.6700000762939453,2.490000009536743,2.490000009536743,635300,0.0,0.0
2025-07-25 00:00:00-04:00,2.5199999809265137,2.7799999713897705,2.4700000286102295,2.680000066757202,1503000,0.0,0.0
2025-07-28 00:00:00-04:00,2.700000047683716,3.9000000953674316,2.700000047683716,3.7799999713897705,4783900,0.0,0.0
2025-07-29 00:00:00-04:00,3.930000066757202,4.440000057220459,3.700000047683716,3.950000047683716,4251900,0.0,0.0
2025-07-30 00:00:00-04:00,3.9000000953674316,3.930000066757202,3.359999895095825,3.490000009536743,1501500,0.0,0.0
2025-07-31 00:00:00-04:00,3.5299999713897705,4.260000228881836,3.5299999713897705,3.930000066757202,1254200,0.0,0.0
2025-08-01 00:00:00-04:00,4.300000190734863,4.329999923706055,3.5,3.6600000858306885,1326300,0.0,0.0
2025-08-04 00:00:00-04:00,3.619999885559082,3.9000000953674316,3.5299999713897705,3.7799999713897705,712400,0.0,0.0
2025-08-05 00:00:00-04:00,3.7799999713897705,4.0,3.759999990463257,3.9800000190734863,747200,0.0,0.0
2025-08-06 00:00:00-04:00,4.0,4.070000171661377,3.799999952316284,3.8499999046325684,619100,0.0,0.0
2025-08-07 00:00:00-04:00,3.8399999141693115,4.0,3.619999885559082,3.7699999809265137,529800,0.0,0.0
2025-08-08 00:00:00-04:00,3.819999933242798,3.9800000190734863,3.799999952316284,3.950000047683716,392800,0.0,0.0
2025-08-11 00:00:00-04:00,3.990000009536743,4.179999828338623,3.7100000381469727,3.819999933242798,891900,0.0,0.0
2025-08-12 00:00:00-04:00,3.7899999618530273,3.890000104904175,3.25,3.2799999713897705,1434900,0.0,0.0
2025-08-13 00:00:00-04:00,3.2799999713897705,3.490000009536743,3.200000047683716,3.4700000286102295,727200,0.0,0.0
2025-08-14 00:00:00-04:00,3.5,3.5999999046325684,2.119999885559082,2.259999990463257,3334200,0.0,0.0
2025-08-15 00:00:00-04:00,2.369999885559082,2.5899999141693115,1.7400000095367432,2.259999990463257,3513000,0.0,0.0
2025-08-18 00:00:00-04:00,2.299999952316284,2.809999942779541,2.299999952316284,2.5299999713897705,2049800,0.0,0.0
2025-08-19 00:00:00-04:00,2.5899999141693115,2.640000104904175,2.3299999237060547,2.5,2172900,0.0,0.0
2025-08-20 00:00:00-04:00,2.4600000381469727,3.0,2.3499999046325684,2.9600000381469727,1192500,0.0,0.0
2025-08-21 00:00:00-04:00,2.9700000286102295,2.9700000286102295,2.690000057220459,2.700000047683716,470800,0.0,0.0
2025-08-22 00:00:00-04:00,2.0999999046325684,2.799999952316284,2.0999999046325684,2.7200000286102295,948700,0.0,0.0
2025-08-25 00:00:00-04:00,2.5999999046325684,2.6600000858306885,2.509999990463257,2.559999942779541,369200,0.0,0.0
2025-08-26 00:00:00-04:00,2.5299999713897705,2.930000066757202,2.5299999713897705,2.799999952316284,859600,0.0,0.0
2025-08-27 00:00:00-04:00,2.799999952316284,2.890000104904175,2.5899999141693115,2.5899999141693115,750600,0.0,0.0
2025-08-28 00:00:00-04:00,2.640000104904175,2.809999942779541,2.4700000286102295,2.5399999618530273,368700,0.0,0.0
2025-08-29 00:00:00-04:00,2.509999990463257,2.630000114440918,2.4000000953674316,2.4100000858306885,100000,0.0,0.0
2025-09-02 00:00:00-04:00,2.390000104904175,2.430000066757202,2.0,2.0299999713897705,1718500,0.0,0.0
2025-09-03 00:00:00-04:00,2.0999999046325684,2.119999885559082,1.7599999904632568,1.8300000429153442,818100,0.0,0.0
2025-09-04 00:00:00-04:00,1.7999999523162842,1.8799999952316284,1.6799999475479126,1.8799999952316284,540400,0.0,0.0
2025-09-05 00:00:00-04:00,1.8799999952316284,1.909999966621399,1.7100000381469727,1.7699999809265137,197200,0.0,0.0
2025-09-08 00:00:00-04:00,1.7200000286102295,1.75,1.2400000095367432,1.3899999856948853,1153400,0.0,0.0
2025-09-09 00:00:00-04:00,1.399999976158142,1.4500000476837158,1.3700000047683716,1.4199999570846558,545800,0.0,0.0
2025-09-10 00:00:00-04:00,1.4900000095367432,1.6100000143051147,1.4900000095367432,1.5299999713897705,261900,0.0,0.0
2025-09-11 00:00:00-04:00,1.5299999713897705,1.7100000381469727,1.5199999809265137,1.659999966621399,301300,0.0,0.0
2025-09-12 00:00:00-04:00,1.8799999952316284,1.9299999475479126,1.4900000095367432,1.5700000524520874,9025600,0.0,0.0
2025-09-15 00:00:00-04:00,1.4500000476837158,1.590000033378601,1.4500000476837158,1.590000033378601,482500,0.0,0.0
2025-09-16 00:00:00-04:00,1.5399999618530273,1.600000023841858,1.4900000095367432,1.5299999713897705,429200,0.0,0.0
2025-09-17 00:00:00-04:00,1.5099999904632568,1.5800000429153442,1.4700000286102295,1.4800000190734863,259500,0.0,0.0
2025-09-18 00:00:00-04:00,1.5199999809265137,1.600000023841858,1.4900000095367432,1.600000023841858,145100,0.0,0.0
2025-09-19 00:00:00-04:00,1.6100000143051147,1.6100000143051147,1.4299999475479126,1.4500000476837158,3825500,0.0,0.0
2025-09-22 00:00:00-04:00,1.4500000476837158,1.6399999856948853,1.4199999570846558,1.6299999952316284,347300,0.0,0.0
2025-09-23 00:00:00-04:00,1.6399999856948853,1.6399999856948853,1.440000057220459,1.4900000095367432,421300,0.0,0.0
2025-09-24 00:00:00-04:00,1.4900000095367432,1.5299999713897705,1.4500000476837158,1.5099999904632568,156700,0.0,0.0
2025-09-25 00:00:00-04:00,1.4800000190734863,1.4800000190734863,1.3799999952316284,1.4299999475479126,164300,0.0,0.0
2025-09-26 00:00:00-04:00,1.4299999475479126,1.4299999475479126,1.3600000143051147,1.3600000143051147,112900,0.0,0.0
2025-09-29 00:00:00-04:00,1.3700000047683716,1.3700000047683716,1.2699999809265137,1.3200000524520874,308100,0.0,0.0
2025-09-30 00:00:00-04:00,1.2999999523162842,1.3300000429153442,1.1799999475479126,1.2000000476837158,453800,0.0,0.0
2025-10-01 00:00:00-04:00,1.2100000381469727,1.2699999809265137,1.190000057220459,1.2699999809265137,176800,0.0,0.0
2025-10-02 00:00:00-04:00,1.2899999618530273,1.3200000524520874,1.2200000286102295,1.2899999618530273,197200,0.0,0.0
2025-10-03 00:00:00-04:00,1.2599999904632568,1.3600000143051147,1.2400000095367432,1.2699999809265137,195400,0.0,0.0
2025-10-06 00:00:00-04:00,1.2799999713897705,1.2899999618530273,1.2100000381469727,1.2400000095367432,123600,0.0,0.0
2025-10-07 00:00:00-04:00,1.2300000190734863,1.2599999904632568,1.1399999856948853,1.149999976158142,379000,0.0,0.0
2025-10-08 00:00:00-04:00,1.1299999952316284,1.1799999475479126,1.1100000143051147,1.1399999856948853,244500,0.0,0.0
2025-10-09 00:00:00-04:00,1.1200000047683716,1.159999966621399,1.0499999523162842,1.1299999952316284,219400,0.0,0.0
2025-10-10 00:00:00-04:00,1.1200000047683716,1.149999976158142,0.9599999785423279,0.9900000095367432,196600,0.0,0.0
2025-10-13 00:00:00-04:00,0.9900000095367432,1.1299999952316284,0.9900000095367432,1.1100000143051147,254000,0.0,0.0
2025-10-14 00:00:00-04:00,1.0800000429153442,1.1200000047683716,1.059999942779541,1.1100000143051147,74500,0.0,0.0
2025-10-15 00:00:00-04:00,1.1100000143051147,1.190000057220459,1.100000023841858,1.190000057220459,284400,0.0,0.0
2025-10-16 00:00:00-04:00,1.1799999475479126,1.1799999475479126,1.059999942779541,1.059999942779541,95700,0.0,0.0
2025-10-17 00:00:00-04:00,1.0199999809265137,1.190000057220459,1.0199999809265137,1.090000033378601,96800,0.0,0.0
2025-10-20 00:00:00-04:00,1.1399999856948853,1.149999976158142,1.090000033378601,1.149999976158142,124900,0.0,0.0
2025-10-21 00:00:00-04:00,1.1399999856948853,1.149999976158142,1.100000023841858,1.1100000143051147,63700,0.0,0.0
2025-10-22 00:00:00-04:00,1.1100000143051147,1.1200000047683716,1.059999942779541,1.090000033378601,91600,0.0,0.0
2025-10-23 00:00:00-04:00,1.090000033378601,1.190000057220459,1.0800000429153442,1.1799999475479126,89700,0.0,0.0
2025-10-24 00:00:00-04:00,1.1799999475479126,1.2000000476837158,1.149999976158142,1.190000057220459,44800,0.0,0.0
2025-10-27 00:00:00-04:00,1.2100000381469727,1.2699999809265137,1.2100000381469727,1.25,91500,0.0,0.0
2025-10-28 00:00:00-04:00,1.25,1.2699999809265137,1.2300000190734863,1.2400000095367432,72600,0.0,0.0
2025-10-29 00:00:00-04:00,1.2599999904632568,1.2599999904632568,1.149999976158142,1.149999976158142,109400,0.0,0.0
2025-10-30 00:00:00-04:00,1.1200000047683716,1.1399999856948853,1.0199999809265137,1.0800000429153442,202200,0.0,0.0
2025-10-31 00:00:00-04:00,1.1100000143051147,1.1699999570846558,1.0700000524520874,1.1200000047683716,126800,0.0,0.0
2025-11-03 00:00:00-05:00,1.1100000143051147,1.1200000047683716,1.0399999618530273,1.090000033378601,148000,0.0,0.0
2025-11-04 00:00:00-05:00,1.090000033378601,1.159999966621399,1.0499999523162842,1.1100000143051147,78000,0.0,0.0
2025-11-05 00:00:00-05:00,1.100000023841858,1.1299999952316284,1.0199999809265137,1.0499999523162842,120100,0.0,0.0
2025-11-06 00:00:00-05:00,1.090000033378601,1.1200000047683716,1.0299999713897705,1.0499999523162842,88100,0.0,0.0
2025-11-07 00:00:00-05:00,1.0499999523162842,1.0800000429153442,0.9599999785423279,0.9800000190734863,198100,0.0,0.0
2025-11-10 00:00:00-05:00,0.9900000095367432,1.0499999523162842,0.9900000095367432,1.0299999713897705,21900,0.0,0.0
2025-11-11 00:00:00-05:00,1.0299999713897705,1.0499999523162842,1.0,1.0,31300,0.0,0.0
2025-11-12 00:00:00-05:00,1.0,1.0099999904632568,0.949999988079071,1.0,134600,0.0,0.0
2025-11-13 00:00:00-05:00,1.0,1.0299999713897705,0.949999988079071,1.0099999904632568,147600,0.0,0.0
2025-11-14 00:00:00-05:00,0.9900000095367432,0.9900000095367432,0.8999999761581421,0.9300000071525574,70500,0.0,0.0
2025-11-17 00:00:00-05:00,0.9300000071525574,0.9399999976158142,0.8999999761581421,0.8999999761581421,72300,0.0,0.0
2025-11-18 00:00:00-05:00,0.8999999761581421,0.9200000166893005,0.8799999952316284,0.8799999952316284,105900,0.0,0.0
2025-11-19 00:00:00-05:00,0.8899999856948853,0.8899999856948853,0.8500000238418579,0.8500000238418579,50700,0.0,0.0
2025-11-20 00:00:00-05:00,0.8299999833106995,0.8799999952316284,0.8100000023841858,0.8100000023841858,19800,0.0,0.0
2025-11-21 00:00:00-05:00,0.7900000214576721,0.8299999833106995,0.75,0.800000011920929,71600,0.0,0.0
2025-11-24 00:00:00-05:00,0.8100000023841858,0.8700000047683716,0.7799999713897705,0.8100000023841858,118600,0.0,0.0
2025-11-25 00:00:00-05:00,0.8500000238418579,1.059999942779541,0.8500000238418579,1.0299999713897705,518300,0.0,0.0
2025-11-26 00:00:00-05:00,1.0700000524520874,1.309999942779541,1.0499999523162842,1.25,614000,0.0,0.0
2025-11-28 00:00:00-05:00,1.399999976158142,1.399999976158142,1.2300000190734863,1.340000033378601,406600,0.0,0.0
2025-12-01 00:00:00-05:00,1.3300000429153442,1.3300000429153442,1.2100000381469727,1.2599999904632568,284900,0.0,0.0
2025-12-02 00:00:00-05:00,1.0099999904632568,1.159999966621399,0.9800000190734863,1.149999976158142,208900,0.0,0.0
2025-12-03 00:00:00-05:00,1.159999966621399,1.2699999809265137,1.1399999856948853,1.190000057220459,119300,0.0,0.0
2025-12-04 00:00:00-05:00,1.2000000476837158,1.2400000095367432,1.159999966621399,1.2000000476837158,57200,0.0,0.0
2025-12-05 00:00:00-05:00,1.2000000476837158,1.309999942779541,1.2000000476837158,1.2599999904632568,164200,0.0,0.0
2025-12-08 00:00:00-05:00,1.25,1.3200000524520874,1.2200000286102295,1.2599999904632568,208000,0.0,0.0
2025-12-09 00:00:00-05:00,1.2300000190734863,1.340000033378601,1.2300000190734863,1.2999999523162842,122400,0.0,0.0
2025-12-10 00:00:00-05:00,1.309999942779541,1.3300000429153442,1.309999942779541,1.3200000524520874,143000,0.0,0.0
2025-12-11 00:00:00-05:00,1.3300000429153442,1.3600000143051147,1.2799999713897705,1.309999942779541,195900,0.0,0.0
2025-12-12 00:00:00-05:00,1.3700000047683716,1.3700000047683716,1.2999999523162842,1.3200000524520874,85500,0.0,0.0
2025-12-15 00:00:00-05:00,1.3300000429153442,1.340000033378601,1.2799999713897705,1.309999942779541,203100,0.0,0.0
2025-12-16 00:00:00-05:00,1.2899999618530273,1.309999942779541,1.1299999952316284,1.1299999952316284,477100,0.0,0.0
2025-12-17 00:00:00-05:00,1.149999976158142,1.2300000190734863,1.149999976158142,1.2300000190734863,324400,0.0,0.0
2025-12-18 00:00:00-05:00,1.2699999809265137,1.2699999809265137,1.159999966621399,1.159999966621399,224700,0.0,0.0
2025-12-19 00:00:00-05:00,1.1699999570846558,1.1699999570846558,1.100000023841858,1.1100000143051147,150800,0.0,0.0
2025-12-22 00:00:00-05:00,1.1299999952316284,1.149999976158142,0.9599999785423279,0.9700000286102295,254000,0.0,0.0
2025-12-23 00:00:00-05:00,0.9700000286102295,1.0499999523162842,0.9599999785423279,1.0099999904632568,244900,0.0,0.0
2025-12-24 00:00:00-05:00,1.0099999904632568,1.0700000524520874,1.0099999904632568,1.0499999523162842,24100,0.0,0.0
2025-12-26 00:00:00-05:00,1.0299999713897705,1.090000033378601,0.9900000095367432,1.0499999523162842,23200,0.0,0.0
2025-12-29 00:00:00-05:00,1.0199999809265137,1.1299999952316284,1.0,1.059999942779541,112400,0.0,0.0
2025-12-30 00:00:00-05:00,1.0399999618530273,1.0700000524520874,0.8299999833106995,0.8799999952316284,384400,0.0,0.0
2025-12-31 00:00:00-05:00,0.8799999952316284,0.9200000166893005,0.8199999928474426,0.9100000262260437,105800,0.0,0.0
2026-01-02 00:00:00-05:00,0.9100000262260437,1.0399999618530273,0.8999999761581421,0.9599999785423279,57300,0.0,0.0
2026-01-05 00:00:00-05:00,0.9800000190734863,1.0399999618530273,0.949999988079071,0.9900000095367432,61200,0.0,0.0
2026-01-06 00:00:00-05:00,0.9900000095367432,1.0199999809265137,0.9399999976158142,0.9700000286102295,27600,0.0,0.0
2026-01-07 00:00:00-05:00,0.949999988079071,1.0,0.9300000071525574,0.949999988079071,20200,0.0,0.0
2026-01-08 00:00:00-05:00,0.9300000071525574,0.9800000190734863,0.8799999952316284,0.949999988079071,83700,0.0,0.0
2026-01-09 00:00:00-05:00,0.8999999761581421,0.9300000071525574,0.8600000143051147,0.8600000143051147,81200,0.0,0.0
2026-01-12 00:00:00-05:00,0.8999999761581421,0.9100000262260437,0.8500000238418579,0.8500000238418579,45400,0.0,0.0
2026-01-13 00:00:00-05:00,0.8600000143051147,0.8999999761581421,0.8600000143051147,0.8799999952316284,17500,0.0,0.0
2026-01-14 00:00:00-05:00,0.8899999856948853,0.949999988079071,0.8600000143051147,0.9200000166893005,24700,0.0,0.0
2026-01-15 00:00:00-05:00,0.8999999761581421,0.9300000071525574,0.8999999761581421,0.8999999761581421,20100,0.0,0.0
2026-01-16 00:00:00-05:00,0.9300000071525574,0.9700000286102295,0.8899999856948853,0.9100000262260437,25100,0.0,0.0
2026-01-20 00:00:00-05:00,0.8999999761581421,0.9399999976158142,0.8899999856948853,0.8899999856948853,26900,0.0,0.0
2026-01-21 00:00:00-05:00,0.8899999856948853,0.9100000262260437,0.8899999856948853,0.9100000262260437,18000,0.0,0.0
2026-01-22 00:00:00-05:00,0.9100000262260437,0.9200000166893005,0.8600000143051147,0.8600000143051147,73300,0.0,0.0
2026-01-23 00:00:00-05:00,0.8899999856948853,0.9300000071525574,0.8700000047683716,0.8899999856948853,18900,0.0,0.0
2026-01-26 00:00:00-05:00,0.9200000166893005,0.9200000166893005,0.8600000143051147,0.8600000143051147,11500,0.0,0.0
2026-01-27 00:00:00-05:00,0.8899999856948853,0.8899999856948853,0.8199999928474426,0.8299999833106995,36200,0.0,0.0
2026-01-28 00:00:00-05:00,0.8299999833106995,0.8399999737739563,0.6700000166893005,0.699999988079071,167400,0.0,0.0
2026-01-29 00:00:00-05:00,0.9300000071525574,0.9300000071525574,0.5899999737739563,0.699999988079071,233900,0.0,0.0
2026-01-30 00:00:00-05:00,0.6100000143051147,0.6700000166893005,0.6100000143051147,0.6600000262260437,120000,0.0,0.0
2026-02-02 00:00:00-05:00,0.6899999976158142,0.7400000095367432,0.6100000143051147,0.6100000143051147,162800,0.0,0.0
2026-02-03 00:00:00-05:00,0.6200000047683716,0.6800000071525574,0.5899999737739563,0.5899999737739563,66000,0.0,0.0
2026-02-04 00:00:00-05:00,0.6000000238418579,0.6000000238418579,0.5699999928474426,0.5699999928474426,32800,0.0,0.0
2026-02-05 00:00:00-05:00,0.5799999833106995,0.6299999952316284,0.5799999833106995,0.6000000238418579,43900,0.0,0.0
2026-02-06 00:00:00-05:00,0.6399999856948853,0.6399999856948853,0.5899999737739563,0.6000000238418579,40100,0.0,0.0
2026-02-09 00:00:00-05:00,0.6100000143051147,1.0399999618530273,0.6100000143051147,0.8199999928474426,5993600,0.0,0.0
2026-02-10 00:00:00-05:00,0.8199999928474426,0.8999999761581421,0.8199999928474426,0.8799999952316284,263400,0.0,0.0
2026-02-11 00:00:00-05:00,0.8100000023841858,0.8700000047683716,0.8100000023841858,0.8600000143051147,94400,0.0,0.0
2026-02-12 00:00:00-05:00,0.8299999833106995,0.8600000143051147,0.800000011920929,0.8399999737739563,52500,0.0,0.0
2026-02-13 00:00:00-05:00,0.8399999737739563,0.8500000238418579,0.7900000214576721,0.8299999833106995,52700,0.0,0.0
2026-02-17 00:00:00-05:00,0.8100000023841858,0.8600000143051147,0.8100000023841858,0.8600000143051147,61200,0.0,0.0
2026-02-18 00:00:00-05:00,0.8600000143051147,0.8600000143051147,0.800000011920929,0.8100000023841858,121800,0.0,0.0
2026-02-19 00:00:00-05:00,0.8100000023841858,0.8500000238418579,0.8100000023841858,0.8500000238418579,27500,0.0,0.0
2026-02-20 00:00:00-05:00,0.8500000238418579,0.8700000047683716,0.8199999928474426,0.8500000238418579,35000,0.0,0.0
2026-02-23 00:00:00-05:00,0.8299999833106995,0.8700000047683716,0.7799999713897705,0.7799999713897705,293500,0.0,0.0
2026-02-24 00:00:00-05:00,0.7799999713897705,0.8500000238418579,0.7799999713897705,0.8399999737739563,25300,0.0,0.0
2026-02-25 00:00:00-05:00,0.8500000238418579,0.8600000143051147,0.8299999833106995,0.8500000238418579,20100,0.0,0.0
2026-02-26 00:00:00-05:00,0.8500000238418579,0.8500000238418579,0.8299999833106995,0.8399999737739563,4400,0.0,0.0
2026-02-27 00:00:00-05:00,0.8399999737739563,0.8999999761581421,0.8399999737739563,0.8399999737739563,64000,0.0,0.0
2026-03-02 00:00:00-05:00,0.8399999737739563,1.0,0.8399999737739563,0.8999999761581421,166800,0.0,0.0
2026-03-03 00:00:00-05:00,0.8399999737739563,0.9100000262260437,0.8399999737739563,0.8799999952316284,39900,0.0,0.0
2026-03-04 00:00:00-05:00,0.8799999952316284,0.9100000262260437,0.8600000143051147,0.8799999952316284,182800,0.0,0.0
2026-03-05 00:00:00-05:00,0.8799999952316284,0.9399999976158142,0.8399999737739563,0.8999999761581421,41600,0.0,0.0
2026-03-06 00:00:00-05:00,0.8899999856948853,0.8999999761581421,0.8600000143051147,0.8899999856948853,17900,0.0,0.0
2026-03-09 00:00:00-04:00,1.100000023841858,1.100000023841858,0.8600000143051147,0.8600000143051147,20000,0.0,0.0
2026-03-10 00:00:00-04:00,0.8600000143051147,0.8799999952316284,0.8399999737739563,0.8600000143051147,67900,0.0,0.0
2026-03-11 00:00:00-04:00,0.8600000143051147,0.9399999976158142,0.8500000238418579,0.8700000047683716,43700,0.0,0.0
2026-03-12 00:00:00-04:00,0.699999988079071,0.8700000047683716,0.699999988079071,0.8500000238418579,76400,0.0,0.0
2026-03-13 00:00:00-04:00,0.8399999737739563,0.8700000047683716,0.8399999737739563,0.8399999737739563,21500,0.0,0.0
2026-03-16 00:00:00-04:00,0.8399999737739563,0.9200000166893005,0.8399999737739563,0.8999999761581421,73400,0.0,0.0
2026-03-17 00:00:00-04:00,0.8799999952316284,0.8899999856948853,0.8600000143051147,0.8600000143051147,29100,0.0,0.0
2026-03-18 00:00:00-04:00,0.8799999952316284,0.8799999952316284,0.8299999833106995,0.8700000047683716,52100,0.0,0.0
2026-03-19 00:00:00-04:00,0.8500000238418579,0.8500000238418579,0.8100000023841858,0.8199999928474426,16200,0.0,0.0
2026-03-20 00:00:00-04:00,0.8100000023841858,0.8299999833106995,0.8100000023841858,0.8299999833106995,6800,0.0,0.0
2026-03-23 00:00:00-04:00,0.8100000023841858,0.8399999737739563,0.699999988079071,0.75,46800,0.0,0.0
2026-03-24 00:00:00-04:00,0.800000011920929,0.800000011920929,0.7400000095367432,0.7599999904632568,24100,0.0,0.0
2026-03-25 00:00:00-04:00,0.7300000190734863,0.800000011920929,0.7099999785423279,0.7599999904632568,97200,0.0,0.0
2026-03-26 00:00:00-04:00,0.7599999904632568,0.7599999904632568,0.7400000095367432,0.75,2800,0.0,0.0
2026-03-27 00:00:00-04:00,0.7400000095367432,0.7699999809265137,0.7400000095367432,0.75,36100,0.0,0.0
2026-03-30 00:00:00-04:00,0.7400000095367432,0.7599999904632568,0.7400000095367432,0.7599999904632568,64500,0.0,0.0
2026-03-31 00:00:00-04:00,0.7400000095367432,0.7599999904632568,0.7400000095367432,0.7599999904632568,23400,0.0,0.0
2026-04-01 00:00:00-04:00,0.7599999904632568,0.7599999904632568,0.7400000095367432,0.7599999904632568,5400,0.0,0.0
2026-04-02 00:00:00-04:00,0.7699999809265137,0.8100000023841858,0.7699999809265137,0.8100000023841858,18500,0.0,0.0
2026-04-06 00:00:00-04:00,0.7400000095367432,0.800000011920929,0.699999988079071,0.7599999904632568,258400,0.0,0.0
2026-04-07 00:00:00-04:00,0.7300000190734863,0.75,0.7099999785423279,0.7200000286102295,118400,0.0,0.0
2026-04-08 00:00:00-04:00,0.7099999785423279,0.7599999904632568,0.7099999785423279,0.7400000095367432,27500,0.0,0.0
2026-04-09 00:00:00-04:00,0.6200000047683716,0.699999988079071,0.6100000143051147,0.6600000262260437,268500,0.0,0.0
2026-04-10 00:00:00-04:00,0.6499999761581421,0.7200000286102295,0.6499999761581421,0.6600000262260437,20400,0.0,0.0
2026-04-13 00:00:00-04:00,0.6800000071525574,0.6899999976158142,0.6299999952316284,0.6700000166893005,23400,0.0,0.0
2026-04-14 00:00:00-04:00,0.7099999785423279,0.7099999785423279,0.6899999976158142,0.7099999785423279,38500,0.0,0.0
2026-04-15 00:00:00-04:00,0.7099999785423279,0.7400000095367432,0.7099999785423279,0.7300000190734863,66800,0.0,0.0
2026-04-16 00:00:00-04:00,0.7300000190734863,0.7400000095367432,0.6899999976158142,0.7200000286102295,62900,0.0,0.0
2026-04-17 00:00:00-04:00,0.75,0.75,0.699999988079071,0.699999988079071,22900,0.0,0.0
2026-04-20 00:00:00-04:00,0.7200000286102295,0.7200000286102295,0.6899999976158142,0.6899999976158142,15000,0.0,0.0
2026-04-21 00:00:00-04:00,0.6899999976158142,0.699999988079071,0.6499999761581421,0.6499999761581421,28500,0.0,0.0
2026-04-22 00:00:00-04:00,0.6800000071525574,0.7200000286102295,0.6100000143051147,0.6100000143051147,36100,0.0,0.0
2026-04-23 00:00:00-04:00,0.6299999952316284,0.6800000071525574,0.5600000023841858,0.6000000238418579,73200,0.0,0.0
2026-04-24 00:00:00-04:00,0.6299999952316284,0.6899999976158142,0.6100000143051147,0.6200000047683716,61500,0.0,0.0
2026-04-27 00:00:00-04:00,0.6100000143051147,0.6600000262260437,0.5899999737739563,0.6000000238418579,40400,0.0,0.0
2026-04-28 00:00:00-04:00,0.6000000238418579,0.6499999761581421,0.6000000238418579,0.6299999952316284,31800,0.0,0.0
2026-04-29 00:00:00-04:00,0.6000000238418579,0.6200000047683716,0.5600000023841858,0.5799999833106995,92000,0.0,0.0
2026-04-30 00:00:00-04:00,0.6100000143051147,0.6100000143051147,0.5299999713897705,0.5400000214576721,56600,0.0,0.0
2026-05-01 00:00:00-04:00,0.550000011920929,0.550000011920929,0.5,0.5199999809265137,34000,0.0,0.0
2026-05-04 00:00:00-04:00,0.5299999713897705,0.5799999833106995,0.5299999713897705,0.5799999833106995,37400,0.0,0.0
2026-05-05 00:00:00-04:00,0.6299999952316284,0.6299999952316284,0.5600000023841858,0.5799999833106995,49200,0.0,0.0
2026-05-06 00:00:00-04:00,0.5699999928474426,0.6100000143051147,0.5600000023841858,0.5899999737739563,51100,0.0,0.0
2026-05-07 00:00:00-04:00,0.6000000238418579,0.6000000238418579,0.5600000023841858,0.6000000238418579,39700,0.0,0.0
2026-05-08 00:00:00-04:00,0.6200000047683716,0.6200000047683716,0.5600000023841858,0.5699999928474426,37400,0.0,0.0
2026-05-11 00:00:00-04:00,0.5600000023841858,0.6000000238418579,0.5400000214576721,0.550000011920929,94800,0.0,0.0
2026-05-12 00:00:00-04:00,0.550000011920929,0.5799999833106995,0.5400000214576721,0.5400000214576721,31200,0.0,0.0
2026-05-13 00:00:00-04:00,0.550000011920929,0.5799999833106995,0.5,0.5,95700,0.0,0.0
2026-05-14 00:00:00-04:00,0.5199999809265137,0.5699999928474426,0.5199999809265137,0.5199999809265137,20700,0.0,0.0
2026-05-15 00:00:00-04:00,0.5299999713897705,0.5299999713897705,0.5,0.5,19800,0.0,0.0
2026-05-18 00:00:00-04:00,0.5299999713897705,0.6600000262260437,0.5299999713897705,0.6200000047683716,263400,0.0,0.0
2026-05-19 00:00:00-04:00,0.5,0.5600000023841858,0.5,0.5600000023841858,51700,0.0,0.0
2026-05-20 00:00:00-04:00,0.5600000023841858,0.5799999833106995,0.5400000214576721,0.550000011920929,33000,0.0,0.0
2026-05-21 00:00:00-04:00,0.5699999928474426,0.5699999928474426,0.5299999713897705,0.550000011920929,25700,0.0,0.0
2026-05-22 00:00:00-04:00,0.5600000023841858,0.5699999928474426,0.5299999713897705,0.5400000214576721,157700,0.0,0.0
2026-05-26 00:00:00-04:00,0.5099999904632568,0.550000011920929,0.41999998688697815,0.41999998688697815,191100,0.0,0.0
2026-05-27 00:00:00-04:00,0.44999998807907104,0.44999998807907104,0.4099999964237213,0.4099999964237213,64500,0.0,0.0
2026-05-28 00:00:00-04:00,0.4099999964237213,0.41999998688697815,0.3799999952316284,0.41999998688697815,145800,0.0,0.0
2026-05-29 00:00:00-04:00,0.41999998688697815,0.41999998688697815,0.38999998569488525,0.4000000059604645,56600,0.0,0.0
2026-06-01 00:00:00-04:00,0.4099999964237213,0.41999998688697815,0.38999998569488525,0.4000000059604645,136900,0.0,0.0
2026-06-02 00:00:00-04:00,0.4000000059604645,0.41999998688697815,0.33000001311302185,0.33000001311302185,168800,0.0,0.0
2026-06-03 00:00:00-04:00,0.3499999940395355,0.3499999940395355,0.25999999046325684,0.30000001192092896,521400,0.0,0.0
2026-06-04 00:00:00-04:00,0.28999999165534973,0.3100000023841858,0.28999999165534973,0.30000001192092896,213800,0.0,0.0
2026-06-05 00:00:00-04:00,0.30000001192092896,0.30000001192092896,0.27000001072883606,0.27000001072883606,6626500,0.0,0.0
2026-06-08 00:00:00-04:00,0.23000000417232513,0.23999999463558197,0.20999999344348907,0.23000000417232513,1012900,0.0,0.0
2026-06-09 00:00:00-04:00,0.25,0.7799999713897705,0.20999999344348907,0.3499999940395355,169484300,0.0,0.0
2026-06-10 00:00:00-04:00,0.3199999928474426,0.5,0.3100000023841858,0.47999998927116394,7133400,0.0,0.0
2026-06-11 00:00:00-04:00,0.46000000834465027,0.5199999809265137,0.41999998688697815,0.44999998807907104,1687700,0.0,0.0
2026-06-12 00:00:00-04:00,0.46000000834465027,0.47999998927116394,0.3799999952316284,0.41999998688697815,503100,0.0,0.0
2026-06-15 00:00:00-04:00,0.4300000071525574,0.4300000071525574,0.30000001192092896,0.3400000035762787,1251100,0.0,0.0
2026-06-16 00:00:00-04:00,0.3199999928474426,0.3199999928474426,0.28999999165534973,0.3100000023841858,455300,0.0,0.0
2026-06-17 00:00:00-04:00,0.3100000023841858,0.3499999940395355,0.3100000023841858,0.3400000035762787,675000,0.0,0.0
2026-06-18 00:00:00-04:00,0.33000001311302185,0.33000001311302185,0.30000001192092896,0.3199999928474426,272400,0.0,0.0
2026-06-22 00:00:00-04:00,0.3100000023841858,0.3199999928474426,0.30000001192092896,0.3199999928474426,202200,0.0,0.0
2026-06-23 00:00:00-04:00,0.33000001311302185,0.33000001311302185,0.27000001072883606,0.33000001311302185,356500,0.0,0.0
2026-06-24 00:00:00-04:00,0.3199999928474426,0.3400000035762787,0.30000001192092896,0.33000001311302185,145200,0.0,0.0
2026-06-25 00:00:00-04:00,0.3100000023841858,0.3100000023841858,0.28999999165534973,0.3100000023841858,89100,0.0,0.0
2026-06-26 00:00:00-04:00,0.28999999165534973,0.3100000023841858,0.28999999165534973,0.30000001192092896,88300,0.0,0.0
2026-06-29 00:00:00-04:00,0.30000001192092896,0.3199999928474426,0.28999999165534973,0.3100000023841858,73300,0.0,0.0
2026-06-30 00:00:00-04:00,0.3100000023841858,0.3100000023841858,0.2800000011920929,0.30000001192092896,175800,0.0,0.0
2026-07-01 00:00:00-04:00,0.30000001192092896,0.3199999928474426,0.28999999165534973,0.30000001192092896,175700,0.0,0.0
2026-07-02 00:00:00-04:00,0.30000001192092896,0.3199999928474426,0.30000001192092896,0.3100000023841858,165300,0.0,0.0
2026-07-06 00:00:00-04:00,0.3199999928474426,0.3199999928474426,0.28999999165534973,0.3199999928474426,77200,0.0,0.0
2026-07-07 00:00:00-04:00,0.3100000023841858,0.3199999928474426,0.2800000011920929,0.30000001192092896,129800,0.0,0.0
2026-07-08 00:00:00-04:00,0.30000001192092896,0.3100000023841858,0.25999999046325684,0.27000001072883606,174100,0.0,0.0
2026-07-09 00:00:00-04:00,0.27000001072883606,0.2800000011920929,0.25,0.25,309700,0.0,0.0
2026-07-10 00:00:00-04:00,0.25,0.25999999046325684,0.23999999463558197,0.25,1386400,0.0,0.0
2026-07-13 00:00:00-04:00,0.25999999046325684,0.27000001072883606,0.23000000417232513,0.25,409500,0.0,0.0
2026-07-14 00:00:00-04:00,0.25,0.25,0.23999999463558197,0.25,171900,0.0,0.0
2026-07-15 00:00:00-04:00,0.25,0.25999999046325684,0.23999999463558197,0.25,441400,0.0,0.0
2026-07-16 00:00:00-04:00,0.23999999463558197,0.25,0.23999999463558197,0.25,326600,0.0,0.0
2026-07-17 00:00:00-04:00,0.23999999463558197,0.25,0.23000000417232513,0.23999999463558197,218900,0.0,0.0
2026-07-20 00:00:00-04:00,0.23000000417232513,0.25,0.20999999344348907,0.2199999988079071,333800,0.0,0.0
2026-07-21 00:00:00-04:00,0.2199999988079071,0.23999999463558197,0.20999999344348907,0.20999999344348907,356500,0.0,0.0
2026-07-22 00:00:00-04:00,0.20999999344348907,0.23999999463558197,0.20999999344348907,0.23999999463558197,124700,0.0,0.0
2026-07-23 00:00:00-04:00,0.23000000417232513,0.3499999940395355,0.2199999988079071,0.23999999463558197,276200,0.0,0.0
2026-07-24 00:00:00-04:00,0.23000000417232513,0.23999999463558197,0.23000000417232513,0.23000000417232513,48200,0.0,0.0
2026-07-27 00:00:00-04:00,0.23000000417232513,0.23999999463558197,0.20999999344348907,0.2199999988079071,14800,0.0,0.0
2026-07-28 00:00:00-04:00,0.23000000417232513,0.2800000011920929,0.23000000417232513,0.23999999463558197,110100,0.0,0.0
2026-07-29 00:00:00-04:00,0.25,0.25,0.23000000417232513,0.23999999463558197,45800,0.0,0.0
2026-07-30 00:00:00-04:00,0.23999999463558197,0.25,0.23999999463558197,0.23999999463558197,57700,0.0,0.0
2026-07-31 00:00:00-04:00,0.23999999463558197,0.25,0.23000000417232513,0.23999999463558197,109300,0.0,0.0
2026-08-03 00:00:00-04:00,0.25,0.25999999046325684,0.23999999463558197,0.23999999463558197,144800,0.0,0.0
2026-08-04 00:00:00-04:00,0.25,0.25999999046325684,0.20999999344348907,0.23000000417232513,162000,0.0,0.0
2026-08-05 00:00:00-04:00,0.23000000417232513,0.23999999463558197,0.20999999344348907,0.2199999988079071,982900,0.0,0.0
2026-08-06 00:00:00-04:00,0.2199999988079071,0.23000000417232513,0.20000000298023224,0.20999999344348907,509500,0.0,0.0
2026-08-07 00:00:00-04:00,0.20999999344348907,0.20999999344348907,0.1899999976158142,0.20000000298023224,131600,0.0,0.0
2026-08-10 00:00:00-04:00,0.20999999344348907,0.2199999988079071,0.20999999344348907,0.2199999988079071,75300,0.0,0.0
2026-08-11 00:00:00-04:00,0.20999999344348907,0.2199999988079071,0.20999999344348907,0.2199999988079071,115900,0.0,0.0
2026-08-12 00:00:00-04:00,0.20999999344348907,0.20999999344348907,0.20000000298023224,0.20999999344348907,71400,0.0,0.0
2026-08-13 00:00:00-04:00,0.20999999344348907,0.20999999344348907,0.20000000298023224,0.20000000298023224,88900,0.0,0.0
2026-08-14 00:00:00-04:00,0.20999999344348907,0.20999999344348907,0.20000000298023224,0.20999999344348907,67700,0.0,0.0
2026-08-17 00:00:00-04:00,0.20000000298023224,0.2199999988079071,0.20000000298023224,0.20000000298023224,96100,0.0,0.0
2026-08-18 00:00:00-04:00,0.20000000298023224,0.20000000298023224,0.20000000298023224,0.20000000298023224,39600,0.0,0.0
2026-08-19 00:00:00-04:00,0.20000000298023224,0.2199999988079071,0.20000000298023224,0.20000000298023224,52200,0.0,0.0
2026-08-20 00:00:00-04:00,0.20999999344348907,0.20999999344348907,0.20000000298023224,0.20000000298023224,97800,0.0,0.0
2026-08-21 00:00:00-04:00,0.20999999344348907,0.23000000417232513,0.20999999344348907,0.20999999344348907,123700,0.0,0.0
2026-08-24 00:00:00-04:00,0.2199999988079071,0.23000000417232513,0.20999999344348907,0.2199999988079071,257100,0.0,0.0
2026-08-25 00:00:00-04:00,0.20999999344348907,0.23000000417232513,0.20999999344348907,0.2199999988079071,168600,0.0,0.0
2026-08-26 00:00:00-04:00,0.2199999988079071,0.23000000417232513,0.2199999988079071,0.23000000417232513,468900,0.0,0.0
2026-08-27 00:00:00-04:00,0.23000000417232513,0.23999999463558197,0.2199999988079071,0.23000000417232513,774900,0.0,0.0
2026-08-28 00:00:00-04:00,,,,,88139,0.0,0.0
