Date,Open,High,Low,Close,Volume,Dividends,Stock Splits,Capital Gains
2017-11-29 00:00:00-05:00,18.146487238956915,18.327517642245816,18.146487238956915,18.320276260375977,1100,0.0,0.0,0.0
2017-11-30 00:00:00-05:00,18.320275056437392,18.508546829223633,18.320275056437392,18.508546829223633,2700,0.0,0.0,0.0
2017-12-01 00:00:00-05:00,18.479576427208567,18.479576427208567,18.2840633392334,18.2840633392334,500,0.0,0.0,0.0
2017-12-04 00:00:00-05:00,18.62439727783203,18.62439727783203,18.62439727783203,18.62439727783203,200,0.0,0.0,0.0
2017-12-05 00:00:00-05:00,18.508546829223633,18.508546829223633,18.508546829223633,18.508546829223633,200,0.0,0.0,0.0
2017-12-06 00:00:00-05:00,18.392684113829688,18.392684113829688,18.38544273376465,18.38544273376465,1200,0.0,0.0,0.0
2017-12-07 00:00:00-05:00,18.47957420349121,18.47957420349121,18.47957420349121,18.47957420349121,200,0.0,0.0,0.0
2017-12-08 00:00:00-05:00,18.595435012938136,18.624399146440084,18.595435012938136,18.602676391601562,1600,0.0,0.0,0.0
2017-12-11 00:00:00-05:00,18.7040611600713,18.725785305619855,18.700441159722725,18.72071647644043,10400,0.0,0.0,0.0
2017-12-12 00:00:00-05:00,18.79819567645229,18.79819567645229,18.783714294433594,18.783714294433594,5300,0.0,0.0,0.0
2017-12-13 00:00:00-05:00,18.790950775146484,18.790950775146484,18.790950775146484,18.790950775146484,200,0.0,0.0,0.0
2017-12-14 00:00:00-05:00,18.725062700067188,18.725787805155583,18.667858123779297,18.667858123779297,11800,0.0,0.0,0.0
2017-12-15 00:00:00-05:00,18.718545371071865,18.78516387939453,18.718545371071865,18.78516387939453,5900,0.0,0.0,0.0
2017-12-18 00:00:00-05:00,18.943018550317728,18.986465454101562,18.943018550317728,18.986465454101562,900,0.0,0.0,0.0
2017-12-19 00:00:00-05:00,19.000955238824897,19.000955238824897,18.855406607141997,18.87061309814453,2200,0.0,0.0,0.0
2017-12-20 00:00:00-05:00,18.85612420375988,18.85612420375988,18.852502822875977,18.852502822875977,300,0.0,0.0,0.0
2017-12-21 00:00:00-05:00,18.943024744260494,18.943024744260494,18.86337091031831,18.914060592651367,3100,0.0,0.0,0.0
2017-12-22 00:00:00-05:00,18.950250745249512,18.950250745249512,18.89956248521349,18.924182891845703,900,0.0,0.0,0.0
2017-12-26 00:00:00-05:00,18.971980823573123,19.022669099496365,18.971980823573123,19.00818634033203,600,0.0,0.0,0.0
2017-12-27 00:00:00-05:00,18.993707890084806,19.000949271309754,18.941572155108762,18.957502365112305,2900,0.0,0.0,0.0
2017-12-28 00:00:00-05:00,18.974208121348962,18.988731384277344,18.95895911077854,18.988731384277344,1700,0.073,0.0,0.0
2017-12-29 00:00:00-05:00,19.03956141951209,19.03956141951209,18.988731384277344,18.988731384277344,1800,0.0,0.0,0.0
2018-01-02 00:00:00-05:00,19.075138858990297,19.090389251708984,19.064247106348418,19.090389251708984,6200,0.0,0.0,0.0
2018-01-03 00:00:00-05:00,19.12306341870493,19.141218185424805,19.1121716666844,19.141218185424805,1800,0.0,0.0,0.0
2018-01-04 00:00:00-05:00,19.242872961854832,19.242872961854832,19.141212944128714,19.199304580688477,3300,0.0,0.0,0.0
2018-01-05 00:00:00-05:00,19.221096173618093,19.257404327392578,19.19931266636785,19.257404327392578,800,0.0,0.0,0.0
2018-01-08 00:00:00-05:00,19.431677436634857,19.431677436634857,19.35470526606707,19.37939453125,1400,0.0,0.0,0.0
2018-01-09 00:00:00-05:00,19.37939453125,19.37939453125,19.37939453125,19.37939453125,0,0.0,0.0,0.0
2018-01-10 00:00:00-05:00,19.39536476135254,19.39536476135254,19.39536476135254,19.39536476135254,5200,0.0,0.0,0.0
2018-01-11 00:00:00-05:00,19.4904929117539,19.58416557566932,19.4904929117539,19.582714080810547,600,0.0,0.0,0.0
2018-01-12 00:00:00-05:00,19.736653929662573,19.762068935851232,19.722130673265067,19.743915557861328,1500,0.0,0.0,0.0
2018-01-16 00:00:00-05:00,19.910929660819722,19.910929660819722,19.82379150390625,19.82379150390625,1100,0.0,0.0,0.0
2018-01-17 00:00:00-05:00,19.78312873840332,19.78312873840332,19.78312873840332,19.78312873840332,400,0.0,0.0,0.0
2018-01-18 00:00:00-05:00,19.702526092529297,19.702526092529297,19.702526092529297,19.702526092529297,400,0.0,0.0,0.0
2018-01-19 00:00:00-05:00,19.702526092529297,19.702526092529297,19.702526092529297,19.702526092529297,0,0.0,0.0,0.0
2018-01-22 00:00:00-05:00,19.88188163811147,19.99080467224121,19.88188163811147,19.99080467224121,3700,0.0,0.0,0.0
2018-01-23 00:00:00-05:00,20.0706844329834,20.0706844329834,20.0706844329834,20.0706844329834,300,0.0,0.0,0.0
2018-01-24 00:00:00-05:00,20.252221872305633,20.252221872305633,20.070685279301777,20.092470169067383,1300,0.0,0.0,0.0
2018-01-25 00:00:00-05:00,20.172351914469672,20.17888641357422,20.172351914469672,20.17888641357422,5700,0.0,0.0,0.0
2018-01-26 00:00:00-05:00,20.223176199835816,20.47006607055664,20.223176199835816,20.47006607055664,1500,0.0,0.0,0.0
2018-01-29 00:00:00-05:00,20.47006607055664,20.47006607055664,20.47006607055664,20.47006607055664,0,0.0,0.0,0.0
2018-01-30 00:00:00-05:00,20.259485652276805,20.259485652276805,20.013322881368445,20.04599952697754,1600,0.0,0.0,0.0
2018-01-31 00:00:00-05:00,20.17235669077249,20.17235669077249,20.05617332458496,20.05617332458496,94100,0.0,0.0,0.0
2018-02-01 00:00:00-05:00,20.089630126953125,20.089630126953125,20.089630126953125,20.089630126953125,0,0.046,0.0,0.0
2018-02-02 00:00:00-05:00,19.595015150548832,19.595015150548832,19.493184137877325,19.5128231048584,500,0.0,0.0,0.0
2018-02-05 00:00:00-05:00,19.347706799512647,19.442262649536133,19.31133809771583,19.442262649536133,9000,0.0,0.0,0.0
2018-02-06 00:00:00-05:00,18.322141058475673,19.027677536010742,18.322141058475673,19.027677536010742,9000,0.0,0.0,0.0
2018-02-07 00:00:00-05:00,19.005857841380834,19.245885848999023,19.005857841380834,19.245885848999023,500,0.0,0.0,0.0
2018-02-08 00:00:00-05:00,19.093140623348166,19.093140623348166,18.76582908630371,18.76582908630371,2100,0.0,0.0,0.0
2018-02-09 00:00:00-05:00,18.26031513400001,18.453065872192383,18.1839429067496,18.453065872192383,1600,0.0,0.0,0.0
2018-02-12 00:00:00-05:00,18.693095191291093,18.76219367980957,18.693095191291093,18.76219367980957,800,0.0,0.0,0.0
2018-02-13 00:00:00-05:00,18.76219367980957,18.76219367980957,18.76219367980957,18.76219367980957,0,0.0,0.0,0.0
2018-02-14 00:00:00-05:00,19.14406394958496,19.14406394958496,19.14406394958496,19.14406394958496,200,0.0,0.0,0.0
2018-02-15 00:00:00-05:00,19.289532589687877,19.29680633544922,19.238617756683613,19.29680633544922,9500,0.0,0.0,0.0
2018-02-16 00:00:00-05:00,19.40591239368923,19.493194580078125,19.40591239368923,19.493194580078125,700,0.0,0.0,0.0
2018-02-20 00:00:00-05:00,19.362263945644898,19.362263945644898,19.289527893066406,19.289527893066406,2600,0.0,0.0,0.0
2018-02-21 00:00:00-05:00,19.36952877613369,19.376802517297758,19.274972915649414,19.274972915649414,6200,0.0,0.0,0.0
2018-02-22 00:00:00-05:00,19.274971371605282,19.31133868718808,19.09313201904297,19.09313201904297,13100,0.0,0.0,0.0
2018-02-23 00:00:00-05:00,19.234980333288743,19.282258987426758,19.180429320660412,19.282258987426758,14800,0.0,0.0,0.0
2018-02-26 00:00:00-05:00,19.63138208301745,19.63138208301745,19.41317535099474,19.529552459716797,15700,0.0,0.0,0.0
2018-02-27 00:00:00-05:00,19.427723922412913,19.449545153323047,19.333168029785156,19.333168029785156,8000,0.0,0.0,0.0
2018-02-28 00:00:00-05:00,19.333168029785156,19.333168029785156,19.333168029785156,19.333168029785156,0,0.0,0.0,0.0
2018-03-01 00:00:00-05:00,19.01121205355783,19.033113479614258,19.01121205355783,19.033113479614258,12700,0.099,0.0,0.0
2018-03-02 00:00:00-05:00,18.79947887971039,18.86737632751465,18.79947887971039,18.86737632751465,1200,0.0,0.0,0.0
2018-03-05 00:00:00-05:00,18.94549560546875,18.94549560546875,18.94549560546875,18.94549560546875,200,0.0,0.0,0.0
2018-03-06 00:00:00-05:00,19.326596204520925,19.353609529429857,19.326596204520925,19.34703826904297,1100,0.0,0.0,0.0
2018-03-07 00:00:00-05:00,19.25213190301523,19.268922805786133,19.25213190301523,19.268922805786133,1000,0.0,0.0,0.0
2018-03-08 00:00:00-05:00,19.514959803143572,19.514959803143572,19.31856972801296,19.398147583007812,15900,0.0,0.0,0.0
2018-03-09 00:00:00-05:00,19.587961747869652,19.587961747869652,19.460198856658472,19.54050636291504,13900,0.0,0.0,0.0
2018-03-12 00:00:00-04:00,19.690163803768733,19.690163803768733,19.603285074177727,19.631757736206055,2400,0.0,0.0,0.0
2018-03-13 00:00:00-04:00,19.806989528703465,19.806989528703465,19.5587646156349,19.59088706970215,2300,0.0,0.0,0.0
2018-03-14 00:00:00-04:00,19.631770761528845,19.631770761528845,19.49670690177345,19.500356674194336,2900,0.0,0.0,0.0
2018-03-15 00:00:00-04:00,19.52225656173673,19.52225656173673,19.34703826904297,19.34703826904297,1300,0.0,0.0,0.0
2018-03-16 00:00:00-04:00,19.48576680174924,19.56607437133789,19.48576680174924,19.56607437133789,1300,0.0,0.0,0.0
2018-03-19 00:00:00-04:00,19.529554024314216,19.529554024314216,19.27402687072754,19.27402687072754,900,0.0,0.0,0.0
2018-03-20 00:00:00-04:00,19.336085638824684,19.336085638824684,19.266727447509766,19.266727447509766,4200,0.0,0.0,0.0
2018-03-21 00:00:00-04:00,19.234605069748273,19.347036413838378,19.234605069748273,19.303232192993164,10900,0.0,0.0,0.0
2018-03-22 00:00:00-04:00,19.1280170844027,19.1280170844027,18.83598518371582,18.83598518371582,4400,0.0,0.0,0.0
2018-03-23 00:00:00-04:00,19.12800984710872,19.12800984710872,18.507444381713867,18.507444381713867,30000,0.0,0.0,0.0
2018-03-26 00:00:00-04:00,18.653462469813373,18.653462469813373,18.56512435413652,18.649812698364258,3100,0.0,0.0,0.0
2018-03-27 00:00:00-04:00,18.799482235022246,18.95279773241699,18.61769266595877,18.633024215698242,13500,0.0,0.0,0.0
2018-03-28 00:00:00-04:00,18.762976257850404,18.865186574819546,18.752024157810048,18.79582977294922,7700,0.0,0.0,0.0
2018-03-29 00:00:00-04:00,18.93820256431016,19.018510107733135,18.93820256431016,18.96010398864746,12400,0.0,0.0,0.0
2018-04-02 00:00:00-04:00,18.977651886318522,18.977651886318522,18.458216597794355,18.472848892211914,8100,0.054,0.0,0.0
2018-04-03 00:00:00-04:00,18.619176919529714,18.772811889648438,18.619176919529714,18.772811889648438,2000,0.0,0.0,0.0
2018-04-04 00:00:00-04:00,18.582593771173226,18.867918014526367,18.582593771173226,18.867918014526367,6300,0.0,0.0,0.0
2018-04-05 00:00:00-04:00,19.091052648032743,19.16787151198728,19.091052648032743,19.156896591186523,4400,0.0,0.0,0.0
2018-04-06 00:00:00-04:00,19.094721388211827,19.153249213189554,18.685026613367725,18.845977783203125,7800,0.0,0.0,0.0
2018-04-09 00:00:00-04:00,19.087395248429083,19.087395248429083,18.86060021973464,18.900836944580078,24100,0.0,0.0,0.0
2018-04-10 00:00:00-04:00,19.0873952347611,19.167871475219727,19.080079086045526,19.167871475219727,4800,0.0,0.0,0.0
2018-04-11 00:00:00-04:00,19.036185338326437,19.043501487714263,19.02155303955078,19.02155303955078,1600,0.0,0.0,0.0
2018-04-12 00:00:00-04:00,19.17518320495727,19.17518320495727,19.032521816030314,19.10934066772461,4200,0.0,0.0,0.0
2018-04-13 00:00:00-04:00,19.21177243559758,19.21177243559758,18.984977342568925,19.05082130432129,7500,0.0,0.0,0.0
2018-04-16 00:00:00-04:00,19.204450248397038,19.270294189453125,19.204450248397038,19.270294189453125,1700,0.0,0.0,0.0
2018-04-17 00:00:00-04:00,19.423925196657382,19.423925196657382,19.32808688016799,19.40856170654297,4000,0.0,0.0,0.0
2018-04-18 00:00:00-04:00,19.45319581360785,19.49709131390838,19.42393121646563,19.445148468017578,8400,0.0,0.0,0.0
2018-04-19 00:00:00-04:00,19.240309420025888,19.3076171875,19.18251279058647,19.3076171875,2700,0.0,0.0,0.0
2018-04-20 00:00:00-04:00,19.233715672578295,19.233715672578295,19.116658686993937,19.120317459106445,15200,0.0,0.0,0.0
2018-04-23 00:00:00-04:00,19.248351185069037,19.248351185069037,19.153244018554688,19.153244018554688,1400,0.0,0.0,0.0
2018-04-24 00:00:00-04:00,19.358090704901198,19.358090704901198,19.04350460225145,19.06179428100586,3700,0.0,0.0,0.0
2018-04-25 00:00:00-04:00,19.175191500296037,19.24103546142578,19.02155652126868,19.24103546142578,3900,0.0,0.0,0.0
2018-04-26 00:00:00-04:00,19.325164329724636,19.423928844486873,19.314189409430124,19.409297943115234,2700,0.0,0.0,0.0
2018-04-27 00:00:00-04:00,19.423925158076187,19.5117175267073,19.423925158076187,19.471479415893555,10300,0.0,0.0,0.0
2018-04-30 00:00:00-04:00,19.460515796995953,19.460515796995953,19.24103546142578,19.24103546142578,21400,0.0,0.0,0.0
2018-05-01 00:00:00-04:00,19.124538118072486,19.131865694917117,18.999972106898518,19.129667282104492,2100,0.041,0.0,0.0
2018-05-02 00:00:00-04:00,19.11719701991037,19.11719701991037,18.94133949279785,18.94133949279785,5600,0.0,0.0,0.0
2018-05-03 00:00:00-04:00,18.890047654929365,18.890047654929365,18.68487984370869,18.838754653930664,2600,0.0,0.0,0.0
2018-05-04 00:00:00-04:00,18.743505396251773,19.10254813986038,18.743505396251773,19.0952205657959,2700,0.0,0.0,0.0
2018-05-07 00:00:00-04:00,19.06004861955357,19.06004861955357,18.985309600830078,18.985309600830078,3300,0.0,0.0,0.0
2018-05-08 00:00:00-04:00,18.926684787667014,18.926684787667014,18.900306647146415,18.918624877929688,2000,0.0,0.0,0.0
2018-05-09 00:00:00-04:00,18.985310327136457,19.102548720548363,18.934018704717733,19.0659122467041,2600,0.0,0.0,0.0
2018-05-10 00:00:00-04:00,19.16775832582227,19.27840145523166,19.157500003922173,19.256420135498047,11600,0.0,0.0,0.0
2018-05-11 00:00:00-04:00,19.304047448537784,19.304047448537784,19.249092751075434,19.287927627563477,2900,0.0,0.0,0.0
2018-05-14 00:00:00-04:00,19.380982949078778,19.380982949078778,19.344345092773438,19.344345092773438,800,0.0,0.0,0.0
2018-05-15 00:00:00-04:00,19.31504302427833,19.31504302427833,19.278405155038403,19.293060302734375,6900,0.0,0.0,0.0
2018-05-16 00:00:00-04:00,19.271071882022277,19.512876157128105,19.271071882022277,19.46891212463379,31500,0.0,0.0,0.0
2018-05-17 00:00:00-04:00,19.520203039495474,19.556840896606445,19.520203039495474,19.556840896606445,500,0.0,0.0,0.0
2018-05-18 00:00:00-04:00,19.45426282764744,19.45426282764744,19.421289443969727,19.421289443969727,1200,0.0,0.0,0.0
2018-05-21 00:00:00-04:00,19.571500936454203,19.60081123156977,19.571500936454203,19.58395767211914,4200,0.0,0.0,0.0
2018-05-22 00:00:00-04:00,19.674074940206037,19.674074940206037,19.549509048461914,19.549509048461914,10300,0.0,0.0,0.0
2018-05-23 00:00:00-04:00,19.45792238822506,19.48356819152832,19.45792238822506,19.48356819152832,2400,0.0,0.0,0.0
2018-05-24 00:00:00-04:00,19.56417136192741,19.571497536841935,19.476241889446044,19.54218864440918,4100,0.0,0.0,0.0
2018-05-25 00:00:00-04:00,19.5641667772919,19.5641667772919,19.45278993744589,19.46158218383789,2400,0.0,0.0,0.0
2018-05-29 00:00:00-04:00,19.307715450430347,19.4249538368145,19.21978596184633,19.293060302734375,15400,0.0,0.0,0.0
2018-05-30 00:00:00-04:00,19.483565088733197,19.652095025770606,19.483565088733197,19.58248519897461,10900,0.0,0.0,0.0
2018-05-31 00:00:00-04:00,19.630120334141278,19.630120334141278,19.3883146069031,19.439607620239258,5800,0.0,0.0,0.0
2018-06-01 00:00:00-04:00,19.595476150512695,19.63224148810344,19.558712215376183,19.595476150512695,8100,0.092,0.0,0.0
2018-06-04 00:00:00-04:00,19.70578052168542,19.70578052168542,19.657251370537296,19.681516647338867,2300,0.0,0.0,0.0
2018-06-05 00:00:00-04:00,19.764599788777062,19.816071280395967,19.75283599837082,19.79401206970215,5400,0.0,0.0,0.0
2018-06-06 00:00:00-04:00,19.77195399248736,19.867542508519016,19.74989618298377,19.86018943786621,4800,0.0,0.0,0.0
2018-06-07 00:00:00-04:00,19.911667424370535,19.911667424370535,19.80137412576005,19.85284423828125,8000,0.0,0.0,0.0
2018-06-08 00:00:00-04:00,19.859451922186693,19.882246017456055,19.844010896596608,19.882246017456055,1600,0.0,0.0,0.0
2018-06-11 00:00:00-04:00,19.962391044596092,20.021949082679896,19.950625853236097,20.009449005126953,1000,0.0,0.0,0.0
2018-06-12 00:00:00-04:00,20.066076136069487,20.066076136069487,19.977840669024136,20.004310607910156,2700,0.0,0.0,0.0
2018-06-13 00:00:00-04:00,19.992540688334874,19.992540688334874,19.753570815249798,19.770483016967773,11800,0.0,0.0,0.0
2018-06-14 00:00:00-04:00,19.76460251299841,19.84401512145996,19.76460251299841,19.84401512145996,1800,0.0,0.0,0.0
2018-06-15 00:00:00-04:00,19.830786372250582,19.830786372250582,19.727846140176162,19.761669158935547,3900,0.0,0.0,0.0
2018-06-18 00:00:00-04:00,19.771953824374467,19.771953824374467,19.76460075378418,19.76460075378418,500,0.0,0.0,0.0
2018-06-19 00:00:00-04:00,19.68371500480245,19.68371500480245,19.65797996520996,19.65797996520996,500,0.0,0.0,0.0
2018-06-20 00:00:00-04:00,19.794018220057183,19.823429107666016,19.794018220057183,19.823429107666016,2700,0.0,0.0,0.0
2018-06-21 00:00:00-04:00,19.882253806197582,19.882253806197582,19.720489014792523,19.73519515991211,32900,0.0,0.0,0.0
2018-06-22 00:00:00-04:00,19.852840480309172,19.852840480309172,19.80872344970703,19.80872344970703,5900,0.0,0.0,0.0
2018-06-25 00:00:00-04:00,19.62416329592382,19.65431046916211,19.54401719855462,19.646957397460938,7000,0.0,0.0,0.0
2018-06-26 00:00:00-04:00,19.669014475979793,19.698426759589506,19.669014475979793,19.678573608398438,3200,0.0,0.0,0.0
2018-06-27 00:00:00-04:00,19.764606902532545,19.773431150968026,19.566079544652425,19.624902725219727,3500,0.0,0.0,0.0
2018-06-28 00:00:00-04:00,19.485191224196324,19.63224983215332,19.485191224196324,19.63224983215332,2500,0.0,0.0,0.0
2018-06-29 00:00:00-04:00,19.713125877570523,19.713125877570523,19.65797996520996,19.65797996520996,1900,0.0,0.0,0.0
2018-07-02 00:00:00-04:00,19.52013919883109,19.52013919883109,19.394821026231547,19.503185272216797,8700,0.068,0.0,0.0
2018-07-03 00:00:00-04:00,19.623341466414423,19.624814987182617,19.623341466414423,19.624814987182617,400,0.0,0.0,0.0
2018-07-05 00:00:00-04:00,19.58649032417071,19.68895630049233,19.52014530580099,19.679372787475586,4500,0.0,0.0,0.0
2018-07-06 00:00:00-04:00,19.679372787475586,19.679372787475586,19.679372787475586,19.679372787475586,0,0.0,0.0,0.0
2018-07-09 00:00:00-04:00,19.859230041503906,19.859230041503906,19.859230041503906,19.859230041503906,400,0.0,0.0,0.0
2018-07-10 00:00:00-04:00,19.939585255891252,19.939585255891252,19.9388484954834,19.9388484954834,2100,0.0,0.0,0.0
2018-07-11 00:00:00-04:00,19.800997142682082,19.800997142682082,19.781830125018885,19.7855167388916,1700,0.0,0.0,0.0
2018-07-12 00:00:00-04:00,19.925575092293805,19.925575092293805,19.90345963097712,19.910831451416016,2600,0.0,0.0,0.0
2018-07-13 00:00:00-04:00,19.987498365284285,19.987498365284285,19.94031899174306,19.95948600769043,1600,0.0,0.0,0.0
2018-07-16 00:00:00-04:00,19.88871566186997,19.925574763456147,19.85922978663199,19.881343841552734,6200,0.0,0.0,0.0
2018-07-17 00:00:00-04:00,19.932946635161407,19.933683395385742,19.916728068009295,19.933683395385742,600,0.0,0.0,0.0
2018-07-18 00:00:00-04:00,19.932943093116904,19.991178073172325,19.932943093116904,19.95505714416504,6800,0.0,0.0,0.0
2018-07-19 00:00:00-04:00,19.985288522334518,20.025096078494354,19.98455176197044,20.022146224975586,1600,0.0,0.0,0.0
2018-07-20 00:00:00-04:00,19.955074874457612,19.955074874457612,19.91010856628418,19.91010856628418,1300,0.0,0.0,0.0
2018-07-23 00:00:00-04:00,19.91452407836914,19.91452407836914,19.91452407836914,19.91452407836914,600,0.0,0.0,0.0
2018-07-24 00:00:00-04:00,20.050893698442323,20.050893698442323,19.947689615905787,19.972753524780273,1900,0.0,0.0,0.0
2018-07-25 00:00:00-04:00,19.949900638672904,19.96243259269303,19.941055297851562,19.941055297851562,900,0.0,0.0,0.0
2018-07-26 00:00:00-04:00,20.157781647035566,20.17621190164024,20.10249510131461,20.139352798461914,13900,0.0,0.0,0.0
2018-07-27 00:00:00-04:00,19.966864024182275,19.977184295654297,19.966864024182275,19.977184295654297,1100,0.0,0.0,0.0
2018-07-30 00:00:00-04:00,20.05089811448579,20.05089811448579,20.023622512817383,20.023622512817383,800,0.0,0.0,0.0
2018-07-31 00:00:00-04:00,20.198316514609637,20.217483520507812,20.190944697420367,20.217483520507812,14600,0.0,0.0,0.0
2018-08-01 00:00:00-04:00,20.25737762451172,20.25737762451172,20.25737762451172,20.25737762451172,0,0.054,0.0,0.0
2018-08-02 00:00:00-04:00,20.004770684611152,20.105222702026367,19.99516827025689,20.105222702026367,2400,0.0,0.0,0.0
2018-08-03 00:00:00-04:00,20.245560176853928,20.267719268798828,20.208629765750636,20.267719268798828,2100,0.0,0.0,0.0
2018-08-06 00:00:00-04:00,20.289882828697756,20.297269194818778,20.238179674655903,20.27141761779785,4800,0.0,0.0,0.0
2018-08-07 00:00:00-04:00,20.312034076075868,20.341579529140073,20.312034076075868,20.3238525390625,8300,0.0,0.0,0.0
2018-08-08 00:00:00-04:00,20.304650432803427,20.304650432803427,20.22414145738662,20.25885581970215,2200,0.0,0.0,0.0
2018-08-09 00:00:00-04:00,20.201243401769002,20.267719268798828,20.201243401769002,20.267719268798828,1700,0.0,0.0,0.0
2018-08-10 00:00:00-04:00,20.23817789181519,20.23817789181519,20.120737075805664,20.120737075805664,600,0.0,0.0,0.0
2018-08-13 00:00:00-04:00,20.112614979407734,20.15693317770098,20.071252454711637,20.125171661376953,3100,0.0,0.0,0.0
2018-08-14 00:00:00-04:00,20.282489776611328,20.282489776611328,20.282489776611328,20.282489776611328,300,0.0,0.0,0.0
2018-08-15 00:00:00-04:00,20.031354171461704,20.14953313575787,20.031354171461704,20.139930725097656,7700,0.0,0.0,0.0
2018-08-16 00:00:00-04:00,20.326817041883654,20.363747468012217,20.326817041883654,20.354145050048828,1600,0.0,0.0,0.0
2018-08-17 00:00:00-04:00,20.37851687973962,20.51885501199909,20.35635778239174,20.47010612487793,14000,0.0,0.0,0.0
2018-08-20 00:00:00-04:00,20.555781362588117,20.629643596986334,20.496691856830534,20.622257232666016,7600,0.0,0.0,0.0
2018-08-21 00:00:00-04:00,20.681349133504163,20.688735498679886,20.629645986079222,20.644418716430664,8700,0.0,0.0,0.0
2018-08-22 00:00:00-04:00,20.59935465913307,20.60674102156486,20.53361701965332,20.53361701965332,22300,0.0,0.0,0.0
2018-08-23 00:00:00-04:00,20.489298357992308,20.511457443237305,20.489298357992308,20.511457443237305,4400,0.0,0.0,0.0
2018-08-24 00:00:00-04:00,20.60749053955078,20.614876906034418,20.51368664369985,20.60749053955078,7600,0.0,0.0,0.0
2018-08-27 00:00:00-04:00,20.725662871887245,20.725662871887245,20.65918700387381,20.673959732055664,13000,0.0,0.0,0.0
2018-08-28 00:00:00-04:00,20.708679640008345,20.718280647320423,20.65697508104126,20.659191131591797,12000,0.0,0.0,0.0
2018-08-29 00:00:00-04:00,20.607495741192388,20.724936602956937,20.607495741192388,20.696130752563477,2100,0.0,0.0,0.0
2018-08-30 00:00:00-04:00,20.73305636488145,20.73305636488145,20.548401425530802,20.569822311401367,3200,0.0,0.0,0.0
2018-08-31 00:00:00-04:00,20.59270460486006,20.59270460486006,20.444981596306764,20.511457443237305,4300,0.0,0.0,0.0
2018-09-04 00:00:00-04:00,20.477359643477858,20.477359643477858,20.388391494750977,20.388391494750977,1400,0.104,0.0,0.0
2018-09-05 00:00:00-04:00,20.492182626494248,20.54408011425881,20.418044166316584,20.521839141845703,2600,0.0,0.0,0.0
2018-09-06 00:00:00-04:00,20.521842112295477,20.536670372117534,20.492185592651367,20.492185592651367,1400,0.0,0.0,0.0
2018-09-07 00:00:00-04:00,20.514438205117184,20.514438205117184,20.38469440227213,20.395814895629883,5100,0.0,0.0,0.0
2018-09-10 00:00:00-04:00,20.577460471364322,20.577460471364322,20.514442443847656,20.514442443847656,7300,0.0,0.0,0.0
2018-09-11 00:00:00-04:00,20.482554719715733,20.5055381051928,20.475881576538086,20.475881576538086,3300,0.0,0.0,0.0
2018-09-12 00:00:00-04:00,20.527769614592806,20.532218374658257,20.513683759852825,20.529253005981445,2100,0.0,0.0,0.0
2018-09-13 00:00:00-04:00,20.640467408042568,20.640467408042568,20.551499254394606,20.58115577697754,9500,0.0,0.0,0.0
2018-09-14 00:00:00-04:00,20.573744956411158,20.597469329833984,20.48477678844924,20.597469329833984,3500,0.0,0.0,0.0
2018-09-17 00:00:00-04:00,20.64787853784282,20.64787853784282,20.576704025268555,20.576704025268555,2200,0.0,0.0,0.0
2018-09-18 00:00:00-04:00,20.52183639138091,20.633045480842956,20.52183639138091,20.575958251953125,6200,0.0,0.0,0.0
2018-09-19 00:00:00-04:00,20.57374180705359,20.633053438581964,20.518878936767578,20.518878936767578,54400,0.0,0.0,0.0
2018-09-20 00:00:00-04:00,20.56632030990039,20.662702560424805,20.56632030990039,20.662702560424805,3100,0.0,0.0,0.0
2018-09-21 00:00:00-04:00,20.75093687335493,20.766506124473104,20.713125228881836,20.713125228881836,1800,0.0,0.0,0.0
2018-09-24 00:00:00-04:00,20.66938667428584,20.66938667428584,20.5426082611084,20.5426082611084,16400,0.0,0.0,0.0
2018-09-25 00:00:00-04:00,20.544085267343856,20.55817253989946,20.468463396790142,20.484773635864258,4300,0.0,0.0,0.0
2018-09-26 00:00:00-04:00,20.452893406562225,20.54408452405122,20.373563766479492,20.373563766479492,13900,0.0,0.0,0.0
2018-09-27 00:00:00-04:00,20.358735385228975,20.386167526245117,20.358735385228975,20.386167526245117,900,0.0,0.0,0.0
2018-09-28 00:00:00-04:00,20.299430112698445,20.380984158375163,20.299430112698445,20.358741760253906,20900,0.0,0.0,0.0
2018-10-01 00:00:00-04:00,20.478335392215765,20.478335392215765,20.43376922607422,20.43376922607422,900,0.051,0.0,0.0
2018-10-02 00:00:00-04:00,20.381759421743187,20.456037252556957,20.37433149698863,20.41889762878418,9300,0.0,0.0,0.0
2018-10-03 00:00:00-04:00,20.478321115630834,20.522887250702833,20.404787063598633,20.404787063598633,4200,0.0,0.0,0.0
2018-10-04 00:00:00-04:00,20.360218413323167,20.374331895652517,20.270343780517578,20.270343780517578,5500,0.0,0.0,0.0
2018-10-05 00:00:00-04:00,20.251028496908894,20.25548553466797,20.251028496908894,20.25548553466797,600,0.0,0.0,0.0
2018-10-08 00:00:00-04:00,20.30748746287999,20.371366500854492,20.255493391295698,20.371366500854492,3700,0.0,0.0,0.0
2018-10-09 00:00:00-04:00,20.40404719500833,20.40404719500833,20.20349884033203,20.20349884033203,5800,0.0,0.0,0.0
2018-10-10 00:00:00-04:00,20.092084835113354,20.181218554527987,19.780118942260742,19.780118942260742,11100,0.0,0.0,0.0
2018-10-11 00:00:00-04:00,19.790508910732584,19.839532080311592,19.312162177795358,19.349300384521484,154500,0.0,0.0,0.0
2018-10-12 00:00:00-04:00,19.569168883578012,19.57213977100324,19.355249404907227,19.355249404907227,16300,0.0,0.0,0.0
2018-10-15 00:00:00-04:00,19.505284995895487,19.56619171480035,19.4681453704834,19.4681453704834,15100,0.0,0.0,0.0
2018-10-16 00:00:00-04:00,19.468144842224284,19.787538528442383,19.468144842224284,19.787538528442383,5800,0.0,0.0,0.0
2018-10-17 00:00:00-04:00,19.750406241795954,19.77269002311906,19.676128387451172,19.676128387451172,6800,0.0,0.0,0.0
2018-10-18 00:00:00-04:00,19.557279586791992,19.557279586791992,19.557279586791992,19.557279586791992,200,0.0,0.0,0.0
2018-10-19 00:00:00-04:00,19.59442016172439,19.59442016172439,19.460721740660457,19.497859954833984,3900,0.0,0.0,0.0
2018-10-22 00:00:00-04:00,19.49785604488954,19.49785604488954,19.312162177795358,19.349300384521484,6100,0.0,0.0,0.0
2018-10-23 00:00:00-04:00,19.111612185760865,19.111612185760865,18.92591832134407,19.085615158081055,1900,0.0,0.0,0.0
2018-10-24 00:00:00-04:00,19.119045147813456,19.119045147813456,18.723146438598633,18.723146438598633,1300,0.0,0.0,0.0
2018-10-25 00:00:00-04:00,18.836785010985082,19.116068159499058,18.836785010985082,19.08932876586914,3600,0.0,0.0,0.0
2018-10-26 00:00:00-04:00,18.726116584796053,18.796679759050434,18.532994752553872,18.7402286529541,3700,0.0,0.0,0.0
2018-10-29 00:00:00-04:00,18.94077631104856,18.94077631104856,18.92072105407715,18.92072105407715,1900,0.0,0.0,0.0
2018-10-30 00:00:00-04:00,19.024715338877034,19.093050003051758,19.011344219739474,19.093050003051758,1200,0.0,0.0,0.0
2018-10-31 00:00:00-04:00,19.401305552987157,19.401305552987157,19.21709632873535,19.21709632873535,2700,0.0,0.0,0.0
2018-11-01 00:00:00-04:00,19.27436357386046,19.3963623046875,19.27436357386046,19.3963623046875,1400,0.039,0.0,0.0
2018-11-02 00:00:00-04:00,19.56448903321843,19.571928172912877,19.207418841109856,19.333881378173828,8300,0.0,0.0,0.0
2018-11-05 00:00:00-05:00,19.400831613966435,19.609123262329007,19.341319917130093,19.557050704956055,10700,0.0,0.0,0.0
2018-11-06 00:00:00-05:00,19.61656516018004,19.698392868041992,19.575650596813578,19.698392868041992,1600,0.0,0.0,0.0
2018-11-07 00:00:00-05:00,19.849396493169415,19.921554565429688,19.849396493169415,19.921554565429688,800,0.0,0.0,0.0
2018-11-08 00:00:00-05:00,19.98107386010796,20.02570728279298,19.95131729907066,19.973634719848633,1900,0.0,0.0,0.0
2018-11-09 00:00:00-05:00,19.847162153659063,19.847162153659063,19.814430236816406,19.814430236816406,1100,0.0,0.0,0.0
2018-11-12 00:00:00-05:00,19.804017711689333,19.891797544801797,19.804017711689333,19.86948013305664,1400,0.0,0.0,0.0
2018-11-13 00:00:00-05:00,19.862050544659475,19.869488266081937,19.81816061013811,19.839733123779297,8300,0.0,0.0,0.0
2018-11-14 00:00:00-05:00,19.60838592280354,19.631446838378906,19.60838592280354,19.631446838378906,3600,0.0,0.0,0.0
2018-11-15 00:00:00-05:00,19.40902218603211,19.653764724731445,19.405303324213634,19.653764724731445,1800,0.0,0.0,0.0
2018-11-16 00:00:00-05:00,19.616559479022794,19.676071166992188,19.601681202312804,19.676071166992188,3000,0.0,0.0,0.0
2018-11-19 00:00:00-05:00,19.69095625478474,19.69095625478474,19.523580537888648,19.534738540649414,2200,0.0,0.0,0.0
2018-11-20 00:00:00-05:00,19.244616516390828,19.244616516390828,19.229738235473633,19.229738235473633,3400,0.0,0.0,0.0
2018-11-21 00:00:00-05:00,19.348759189393526,19.36363746842242,19.228992306613723,19.31156349182129,3500,0.0,0.0,0.0
2018-11-23 00:00:00-05:00,19.155344988148464,19.155344988148464,19.11815071105957,19.11815071105957,300,0.0,0.0,0.0
2018-11-26 00:00:00-05:00,19.32643481171291,19.32643481171291,19.249814398158367,19.287752151489258,4900,0.0,0.0,0.0
2018-11-27 00:00:00-05:00,19.35396923565484,19.419431686401367,19.341322838543977,19.419431686401367,5700,0.0,0.0,0.0
2018-11-28 00:00:00-05:00,19.386710181383624,19.607646942138672,19.310088274707276,19.607646942138672,900,0.0,0.0,0.0
2018-11-29 00:00:00-05:00,19.51985166114911,19.62399675804034,19.512412522961093,19.571924209594727,3500,0.0,0.0,0.0
2018-11-30 00:00:00-05:00,19.60763570173626,19.73930549621582,19.60763570173626,19.73930549621582,1700,0.0,0.0,0.0
2018-12-03 00:00:00-05:00,19.972073753023455,19.972073753023455,19.800479888916016,19.800479888916016,1100,0.077,0.0,0.0
2018-12-04 00:00:00-05:00,19.74825858921996,19.775863369882593,19.278240203857422,19.278240203857422,7800,0.0,0.0,0.0
2018-12-06 00:00:00-05:00,19.046962902552245,19.293163299560547,19.046962902552245,19.293163299560547,6900,0.0,0.0,0.0
2018-12-07 00:00:00-05:00,19.31554283614879,19.32971876410698,18.882826975375668,18.912670135498047,9100,0.0,0.0,0.0
2018-12-10 00:00:00-05:00,18.84701138825118,18.85745620727539,18.7336111058454,18.85745620727539,1400,0.0,0.0,0.0
2018-12-11 00:00:00-05:00,19.091723833138158,19.091723833138158,18.82314109802246,18.82314109802246,1100,0.0,0.0,0.0
2018-12-12 00:00:00-05:00,18.98353496420747,19.04695093275079,18.872371673583984,18.872371673583984,1100,0.0,0.0,0.0
2018-12-13 00:00:00-05:00,18.852987500614848,18.905211614095716,18.738840103149414,18.738840103149414,2100,0.0,0.0,0.0
2018-12-14 00:00:00-05:00,18.629170319206203,18.733619981937004,18.50383243152989,18.56501007080078,1900,0.0,0.0,0.0
2018-12-17 00:00:00-05:00,18.59932508423991,18.59932508423991,18.047239398848546,18.108415603637695,4600,0.0,0.0,0.0
2018-12-18 00:00:00-05:00,18.33073898144435,18.33073898144435,18.114381790161133,18.114381790161133,4400,0.0,0.0,0.0
2018-12-19 00:00:00-05:00,18.196456836613766,18.32328746916461,17.82790249213101,17.88385772705078,8300,0.0,0.0,0.0
2018-12-20 00:00:00-05:00,17.853258680306944,17.853258680306944,17.57721519470215,17.57721519470215,3900,0.0,0.0,0.0
2018-12-21 00:00:00-05:00,17.80850120129961,17.80850120129961,17.363847732543945,17.363847732543945,3000,0.0,0.0,0.0
2018-12-24 00:00:00-05:00,17.226575586536192,17.226575586536192,16.881149291992188,16.881149291992188,1300,0.0,0.0,0.0
2018-12-26 00:00:00-05:00,17.025130523869457,17.56826400756836,16.80504222980191,17.56826400756836,24700,0.0,0.0,0.0
2018-12-27 00:00:00-05:00,17.420536196021583,17.639877319335938,17.159414388124166,17.639877319335938,2400,0.0,0.0,0.0
2018-12-28 00:00:00-05:00,17.78319922502767,17.835723211469762,17.61211987104089,17.63237953186035,15700,0.135,0.0,0.0
2018-12-31 00:00:00-05:00,17.685659969421955,17.738183975219727,17.666151666342135,17.738183975219727,1000,0.0,0.0,0.0
2019-01-02 00:00:00-05:00,17.573104614542924,17.82071875473021,17.545341318265184,17.76594352722168,23300,0.0,0.0,0.0
2019-01-03 00:00:00-05:00,17.588113062276555,17.70816832431217,17.556598663330078,17.556598663330078,2800,0.0,0.0,0.0
2019-01-04 00:00:00-05:00,17.86274066739803,18.04432487487793,17.86274066739803,18.04432487487793,2100,0.0,0.0,0.0
2019-01-07 00:00:00-05:00,18.09834847831125,18.293437203981192,18.09834847831125,18.22890853881836,292700,0.0,0.0,0.0
2019-01-08 00:00:00-05:00,18.353469716220637,18.421752362656093,18.24391922568285,18.415748596191406,5400,0.0,0.0,0.0
2019-01-09 00:00:00-05:00,18.41649890043505,18.515544582918203,18.396989165099814,18.448013305664062,5500,0.0,0.0,0.0
2019-01-10 00:00:00-05:00,18.308445030588544,18.514039993286133,18.308445030588544,18.514039993286133,600,0.0,0.0,0.0
2019-01-11 00:00:00-05:00,18.52229347374467,18.56281280517578,18.52229347374467,18.56281280517578,1400,0.0,0.0,0.0
2019-01-14 00:00:00-05:00,18.473530576837366,18.473530576837366,18.413502916953075,18.428508758544922,1300,0.0,0.0,0.0
2019-01-15 00:00:00-05:00,18.46602295031927,18.54856007034287,18.439760944242853,18.504289627075195,6300,0.0,0.0,0.0
2019-01-16 00:00:00-05:00,18.563557407731988,18.563557407731988,18.526040685173253,18.526790618896484,12300,0.0,0.0,0.0
2019-01-17 00:00:00-05:00,18.53355480193148,18.65285873413086,18.518547531948602,18.65285873413086,1600,0.0,0.0,0.0
2019-01-18 00:00:00-05:00,18.841196233665872,18.946244258709417,18.841196233665872,18.907976150512695,1800,0.0,0.0,0.0
2019-01-22 00:00:00-05:00,18.79617209880984,18.79617209880984,18.63559891342406,18.68362045288086,9100,0.0,0.0,0.0
2019-01-23 00:00:00-05:00,18.826183178531462,18.826183178531462,18.698624288248073,18.724136352539062,2300,0.0,0.0,0.0
2019-01-24 00:00:00-05:00,18.728646523798194,18.751157432302374,18.66861886562598,18.697132110595703,4300,0.0,0.0,0.0
2019-01-25 00:00:00-05:00,18.79616935622411,18.908722416902076,18.79616935622411,18.878707885742188,4700,0.0,0.0,0.0
2019-01-28 00:00:00-05:00,18.81868043318417,18.81868043318417,18.70838003558522,18.789417266845703,6100,0.0,0.0,0.0
2019-01-29 00:00:00-05:00,18.81117958393476,18.886214492478352,18.792421214591823,18.854700088500977,4800,0.0,0.0,0.0
2019-01-30 00:00:00-05:00,18.80292065274566,18.977001190185547,18.80292065274566,18.977001190185547,1800,0.0,0.0,0.0
2019-01-31 00:00:00-05:00,19.01377358545713,19.148836135864258,18.98000794785535,19.148836135864258,2100,0.0,0.0,0.0
2019-02-01 00:00:00-05:00,19.118005289127268,19.12402012974215,19.04433603744849,19.11199188232422,2800,0.047,0.0,0.0
2019-02-04 00:00:00-05:00,19.16161450156106,19.16161450156106,18.996234271237036,19.131546020507812,1500,0.0,0.0,0.0
2019-02-05 00:00:00-05:00,19.135307148908932,19.18943214416504,19.135307148908932,19.18943214416504,500,0.0,0.0,0.0
2019-02-06 00:00:00-05:00,19.19168144433401,19.19919892188625,19.131543057728294,19.147329330444336,5400,0.0,0.0,0.0
2019-02-07 00:00:00-05:00,19.057869772333344,19.08267758827998,18.913537950773037,19.018779754638672,46400,0.0,0.0,0.0
2019-02-08 00:00:00-05:00,18.87971022138438,18.987207412719727,18.808296344270758,18.987207412719727,4500,0.0,0.0,0.0
2019-02-11 00:00:00-05:00,19.11651936727947,19.11651936727947,18.96617259526529,18.99624252319336,1800,0.0,0.0,0.0
2019-02-12 00:00:00-05:00,19.131540415623267,19.154091411353424,19.109739303588867,19.109739303588867,4300,0.0,0.0,0.0
2019-02-13 00:00:00-05:00,19.206722975591664,19.251827859715654,19.191689448029837,19.24431037902832,4300,0.0,0.0,0.0
2019-02-14 00:00:00-05:00,19.14733613133715,19.236791708501542,19.145832061767578,19.145832061767578,3500,0.0,0.0,0.0
2019-02-15 00:00:00-05:00,19.29766334163283,19.357050376041645,19.296912024458823,19.34878158569336,900,0.0,0.0,0.0
2019-02-19 00:00:00-05:00,19.342032742310742,19.4976415652963,19.342032742310742,19.477344512939453,2200,0.0,0.0,0.0
2019-02-20 00:00:00-05:00,19.5216931803035,19.59235575829095,19.5216931803035,19.56003189086914,5600,0.0,0.0,0.0
2019-02-21 00:00:00-05:00,19.492374859635362,19.537478294566423,19.44276065106749,19.484106063842773,3600,0.0,0.0,0.0
2019-02-22 00:00:00-05:00,19.50064823096277,19.550262451171875,19.48110393030473,19.550262451171875,12600,0.0,0.0,0.0
2019-02-25 00:00:00-05:00,19.597617231351432,19.628438462373797,19.567548751831055,19.567548751831055,15000,0.0,0.0,0.0
2019-02-26 00:00:00-05:00,19.60513335981416,19.62016831544534,19.537477493286133,19.537477493286133,7400,0.0,0.0,0.0
2019-02-27 00:00:00-05:00,19.514935811635443,19.522453293592807,19.50817108154297,19.50817108154297,2300,0.0,0.0,0.0
2019-02-28 00:00:00-05:00,19.42471337505756,19.448017120361328,19.42471337505756,19.448017120361328,1300,0.0,0.0,0.0
2019-03-01 00:00:00-05:00,19.582945558244827,19.582945558244827,19.515106138713772,19.530181884765625,1300,0.07,0.0,0.0
2019-03-04 00:00:00-05:00,19.590484881584214,19.590484881584214,19.275409529367302,19.433700561523438,2200,0.0,0.0,0.0
2019-03-05 00:00:00-05:00,19.42239434312114,19.463851928710938,19.39601250460079,19.463851928710938,2000,0.0,0.0,0.0
2019-03-06 00:00:00-05:00,19.52264947152004,19.52264947152004,19.291242599487305,19.291242599487305,2300,0.0,0.0,0.0
2019-03-07 00:00:00-05:00,19.251292159384988,19.251292159384988,19.115613289396745,19.145009994506836,3700,0.0,0.0,0.0
2019-03-08 00:00:00-05:00,19.02590796093833,19.129928588867188,19.02590796093833,19.129928588867188,2500,0.0,0.0,0.0
2019-03-11 00:00:00-04:00,19.25881992749521,19.417112350463867,19.25881992749521,19.417112350463867,3800,0.0,0.0,0.0
2019-03-12 00:00:00-04:00,19.472900364044584,19.508328232891497,19.456317901611328,19.456317901611328,2300,0.0,0.0,0.0
2019-03-13 00:00:00-04:00,19.469880338260495,19.575407685218902,19.469880338260495,19.530181884765625,5600,0.0,0.0,0.0
2019-03-14 00:00:00-04:00,19.484955413472594,19.518875122070312,19.46987966793978,19.518875122070312,3400,0.0,0.0,0.0
2019-03-15 00:00:00-04:00,19.57617707154974,19.57617707154974,19.52642822265625,19.52642822265625,2200,0.0,0.0,0.0
2019-03-18 00:00:00-04:00,19.605551470709045,19.620627210834876,19.524897842507734,19.60931968688965,3400,0.0,0.0,0.0
2019-03-19 00:00:00-04:00,19.756308513274508,19.756308513274508,19.53093147277832,19.53093147277832,2000,0.0,0.0,0.0
2019-03-20 00:00:00-04:00,19.484962738121702,19.506821570969745,19.368127822875977,19.368127822875977,3100,0.0,0.0,0.0
2019-03-21 00:00:00-04:00,19.62062905724969,19.669623060716695,19.62062905724969,19.66434669494629,300,0.0,0.0,0.0
2019-03-22 00:00:00-04:00,19.545253349798116,19.545253349798116,19.31912152165709,19.337966918945312,3100,0.0,0.0,0.0
2019-03-25 00:00:00-04:00,19.29954149314557,19.409591925929433,19.273912995055465,19.316123962402344,33800,0.0,0.0,0.0
2019-03-26 00:00:00-04:00,19.48495167474519,19.55203628540039,19.48495167474519,19.55203628540039,3900,0.0,0.0,0.0
2019-03-27 00:00:00-04:00,19.575411551596886,19.575411551596886,19.395261670193925,19.474407196044922,4400,0.0,0.0,0.0
2019-03-28 00:00:00-04:00,19.53019022494209,19.53019022494209,19.40280256049816,19.477426528930664,5800,0.0,0.0,0.0
2019-03-29 00:00:00-04:00,19.6281656851275,19.6281656851275,19.501531476954632,19.54751205444336,5000,0.0,0.0,0.0
2019-04-01 00:00:00-04:00,19.651134053295294,19.82964324951172,19.651134053295294,19.82964324951172,10800,0.09,0.0,0.0
2019-04-02 00:00:00-04:00,19.8417615101988,19.8417615101988,19.818313152336717,19.840248107910156,500,0.0,0.0,0.0
2019-04-03 00:00:00-04:00,20.006655957922387,20.006655957922387,19.915887888510138,19.92118263244629,8200,0.0,0.0,0.0
2019-04-04 00:00:00-04:00,19.991533333796937,19.996828079223633,19.93404711410426,19.996828079223633,2500,0.0,0.0,0.0
2019-04-05 00:00:00-04:00,20.097417756930177,20.173057556152344,19.999087027837785,20.173057556152344,5400,0.0,0.0,0.0
2019-04-08 00:00:00-04:00,20.20331739025456,20.20331739025456,20.09742251191465,20.1473445892334,3500,0.0,0.0,0.0
2019-04-09 00:00:00-04:00,20.1503732985292,20.1503732985292,19.97640270015322,19.983966827392578,13200,0.0,0.0,0.0
2019-04-10 00:00:00-04:00,20.0338778576946,20.077749194389423,19.974879717578247,20.07245445251465,28800,0.0,0.0,0.0
2019-04-11 00:00:00-04:00,20.13524609627877,20.163989202147015,20.089105353826415,20.09742546081543,5200,0.0,0.0,0.0
2019-04-12 00:00:00-04:00,20.225999770140167,20.225999770140167,20.127669066389615,20.1397705078125,2700,0.0,0.0,0.0
2019-04-15 00:00:00-04:00,20.097424680374225,20.112552933972086,20.08759117126465,20.08759117126465,1500,0.0,0.0,0.0
2019-04-16 00:00:00-04:00,20.082291568956588,20.104983943864195,20.0293441368815,20.07321548461914,1700,0.0,0.0,0.0
2019-04-17 00:00:00-04:00,20.014220961981803,20.014220961981803,19.96127351648074,19.98018455505371,1800,0.0,0.0,0.0
2019-04-18 00:00:00-04:00,19.961277279339043,19.987751007080078,19.953713151025894,19.987751007080078,200,0.0,0.0,0.0
2019-04-22 00:00:00-04:00,19.931007561651967,19.931007561651967,19.80998448300046,19.865957260131836,4800,0.0,0.0,0.0
2019-04-23 00:00:00-04:00,20.0058909256824,20.029339274581837,19.983199998992543,20.007404327392578,2400,0.0,0.0,0.0
2019-04-24 00:00:00-04:00,20.036904474729468,20.036904474729468,19.885626332066074,19.91134262084961,5700,0.0,0.0,0.0
2019-04-25 00:00:00-04:00,19.90075880304095,19.90075880304095,19.790325164794922,19.790325164794922,4600,0.0,0.0,0.0
2019-04-26 00:00:00-04:00,19.741906552289343,19.92344114940565,19.741906552289343,19.893184661865234,2100,0.0,0.0,0.0
2019-04-29 00:00:00-04:00,19.946147446133633,19.957492915530988,19.93328857421875,19.93328857421875,3100,0.0,0.0,0.0
2019-04-30 00:00:00-04:00,20.038419723510742,20.038419723510742,20.038419723510742,20.038419723510742,800,0.0,0.0,0.0
2019-05-01 00:00:00-04:00,20.00358790005542,20.00358790005542,19.86351776123047,19.86351776123047,3600,0.026,0.0,0.0
2019-05-02 00:00:00-04:00,19.85973218562749,19.90516151178553,19.76130486720441,19.837018966674805,9300,0.0,0.0,0.0
2019-05-03 00:00:00-04:00,20.00359056136558,20.052804946899414,19.950591120387507,20.052804946899414,3500,0.0,0.0,0.0
2019-05-06 00:00:00-04:00,19.852163142374497,19.943777084350586,19.852163142374497,19.943777084350586,2000,0.0,0.0,0.0
2019-05-07 00:00:00-04:00,19.708309668630427,19.70906639099121,19.59473777294065,19.70906639099121,4700,0.0,0.0,0.0
2019-05-08 00:00:00-04:00,19.71587862729317,19.71587862729317,19.59776496887207,19.59776496887207,2900,0.0,0.0,0.0
2019-05-09 00:00:00-04:00,19.39787430183415,19.58034395281837,19.39787430183415,19.567472457885742,800,0.0,0.0,0.0
2019-05-10 00:00:00-04:00,19.564456265160683,19.63259883632035,19.519028365763198,19.630327224731445,700,0.0,0.0,0.0
2019-05-13 00:00:00-04:00,19.2093461391913,19.28733182916822,19.186631481999957,19.25023078918457,3200,0.0,0.0,0.0
2019-05-14 00:00:00-04:00,19.254018947002166,19.473588208939937,19.254018947002166,19.435731887817383,8600,0.0,0.0,0.0
2019-05-15 00:00:00-04:00,19.38273228907583,19.47661781311035,19.38273228907583,19.47661781311035,3000,0.0,0.0,0.0
2019-05-16 00:00:00-04:00,19.626545750950214,19.662887210626124,19.534173602064463,19.56597328186035,4600,0.0,0.0,0.0
2019-05-17 00:00:00-04:00,19.49630683642904,19.49630683642904,19.49327850341797,19.49327850341797,400,0.0,0.0,0.0
2019-05-20 00:00:00-04:00,19.428174447003567,19.428174447003567,19.374418258666992,19.374418258666992,300,0.0,0.0,0.0
2019-05-21 00:00:00-04:00,19.48872413594353,19.5644381944238,19.437996337735733,19.532638549804688,6600,0.0,0.0,0.0
2019-05-22 00:00:00-04:00,19.44331520819446,19.44331520819446,19.37517263363229,19.40167236328125,1600,0.0,0.0,0.0
2019-05-23 00:00:00-04:00,19.14046730815069,19.193466787342604,19.14046730815069,19.17378044128418,3700,0.0,0.0,0.0
2019-05-24 00:00:00-04:00,19.26159917291276,19.26159917291276,19.186641774857875,19.191184997558594,1600,0.0,0.0,0.0
2019-05-28 00:00:00-04:00,19.1783150913949,19.1783150913949,18.94511604309082,18.94511604309082,3800,0.0,0.0,0.0
2019-05-29 00:00:00-04:00,18.79217199505171,18.79217199505171,18.69374465345719,18.769458770751953,2800,0.0,0.0,0.0
2019-05-30 00:00:00-04:00,18.84516708866254,18.84516708866254,18.716453552246094,18.716453552246094,700,0.0,0.0,0.0
2019-05-31 00:00:00-04:00,18.46659956950275,18.46659956950275,18.42192840576172,18.42192840576172,1300,0.0,0.0,0.0
2019-06-03 00:00:00-04:00,18.509164761752896,18.72156553730823,18.509164761752896,18.67453384399414,9700,0.046,0.0,0.0
2019-06-04 00:00:00-04:00,18.85127824660539,19.04698944091797,18.85127824660539,19.04698944091797,1000,0.0,0.0,0.0
2019-06-05 00:00:00-04:00,19.05533809692094,19.14636596881346,19.05457849440412,19.135746002197266,1700,0.0,0.0,0.0
2019-06-06 00:00:00-04:00,19.156995156602992,19.253334505038254,19.09327532623446,19.216922760009766,30800,0.0,0.0,0.0
2019-06-07 00:00:00-04:00,19.25257110595703,19.312498697547355,19.25257110595703,19.25257110595703,3900,0.0,0.0,0.0
2019-06-10 00:00:00-04:00,19.38152850016872,19.38152850016872,19.227538940474904,19.25257110595703,1000,0.0,0.0,0.0
2019-06-11 00:00:00-04:00,19.290496484759526,19.396696158431254,19.275324689417268,19.299598693847656,2100,0.0,0.0,0.0
2019-06-12 00:00:00-04:00,19.336009377668187,19.358767069450174,19.290495440966176,19.293529510498047,5400,0.0,0.0,0.0
2019-06-13 00:00:00-04:00,19.32083886326573,19.486207962036133,19.32083886326573,19.486207962036133,3000,0.0,0.0,0.0
2019-06-14 00:00:00-04:00,19.533240451035606,19.533240451035606,19.433108911484943,19.474830627441406,7400,0.0,0.0,0.0
2019-06-17 00:00:00-04:00,19.442210402855125,19.44979630064536,19.389110565185547,19.389110565185547,8200,0.0,0.0,0.0
2019-06-18 00:00:00-04:00,19.616682493613354,19.616682493613354,19.540824965143436,19.54613494873047,3200,0.0,0.0,0.0
2019-06-19 00:00:00-04:00,19.578755436553234,19.617443084716797,19.555999187990594,19.617443084716797,2900,0.0,0.0,0.0
2019-06-20 00:00:00-04:00,19.7532209214751,19.810871124267578,19.699361496228523,19.810871124267578,4200,0.0,0.0,0.0
2019-06-21 00:00:00-04:00,19.844251973176327,19.851837870075336,19.731224569046294,19.83514976501465,6300,0.0,0.0,0.0
2019-06-24 00:00:00-04:00,19.83666526027592,19.83666526027592,19.709983825683594,19.709983825683594,6500,0.0,0.0,0.0
2019-06-25 00:00:00-04:00,19.760814015166527,19.760814015166527,19.576480865478516,19.576480865478516,3800,0.0,0.0,0.0
2019-06-26 00:00:00-04:00,19.677369922095032,19.677369922095032,19.564342498779297,19.564342498779297,4300,0.0,0.0,0.0
2019-06-27 00:00:00-04:00,19.618195459991103,19.684950768156245,19.618195459991103,19.68039894104004,3200,0.0,0.0,0.0
2019-06-28 00:00:00-04:00,19.79873807527808,19.87080192565918,19.79873807527808,19.87080192565918,2000,0.0,0.0,0.0
2019-07-01 00:00:00-04:00,20.134950280284894,20.134950280284894,19.90657568850904,19.983461380004883,7900,0.092,0.0,0.0
2019-07-02 00:00:00-04:00,19.952258046981846,19.96672248840332,19.917241089165977,19.96672248840332,10800,0.0,0.0,0.0
2019-07-03 00:00:00-04:00,20.01316141954196,20.218696770790544,20.01316141954196,20.188247680664062,1800,0.0,0.0,0.0
2019-07-05 00:00:00-04:00,20.188241261335612,20.191286024183928,20.011631948481494,20.156269073486328,1200,0.0,0.0,0.0
2019-07-08 00:00:00-04:00,20.13342807590556,20.13342807590556,20.089275391496237,20.102216720581055,2600,0.0,0.0,0.0
2019-07-09 00:00:00-04:00,20.08928296096781,20.08928296096781,20.026099398907103,20.06720733642578,5800,0.0,0.0,0.0
2019-07-10 00:00:00-04:00,20.165404574569077,20.165404574569077,20.112117591616148,20.124298095703125,2300,0.0,0.0,0.0
2019-07-11 00:00:00-04:00,20.1730140712932,20.1730140712932,19.982702617790434,20.05730438232422,14700,0.0,0.0,0.0
2019-07-12 00:00:00-04:00,20.14332422944787,20.195850372314453,20.14332422944787,20.195850372314453,6100,0.0,0.0,0.0
2019-07-15 00:00:00-04:00,20.241538000137957,20.241538000137957,20.09690080539919,20.134963989257812,8200,0.0,0.0,0.0
2019-07-16 00:00:00-04:00,20.19585728509364,20.211081101891136,20.12734502763951,20.160078048706055,5000,0.0,0.0,0.0
2019-07-17 00:00:00-04:00,20.020764574155173,20.04360247156265,19.97585105895996,19.97585105895996,600,0.0,0.0,0.0
2019-07-18 00:00:00-04:00,20.005547491058994,20.064924011547088,19.952259045848606,20.06035614013672,2000,0.0,0.0,0.0
2019-07-19 00:00:00-04:00,20.142563439315335,20.142563439315335,20.000211715698242,20.000211715698242,1900,0.0,0.0,0.0
2019-07-22 00:00:00-04:00,19.908116843741418,19.914206373748513,19.889846801757812,19.889846801757812,1500,0.0,0.0,0.0
2019-07-23 00:00:00-04:00,19.950733425016217,20.081666946411133,19.950733425016217,20.081666946411133,1900,0.0,0.0,0.0
2019-07-24 00:00:00-04:00,20.112120931972395,20.223262786865234,20.096895662325302,20.223262786865234,8100,0.0,0.0,0.0
2019-07-25 00:00:00-04:00,20.2643718153877,20.2643718153877,20.117450714111328,20.117450714111328,900,0.0,0.0,0.0
2019-07-26 00:00:00-04:00,20.151708270104745,20.21869743214362,20.150185162165805,20.198144912719727,14500,0.0,0.0,0.0
2019-07-29 00:00:00-04:00,20.233928372053757,20.233928372053757,20.13572781143196,20.159326553344727,9900,0.0,0.0,0.0
2019-07-30 00:00:00-04:00,20.10451339554056,20.118215560913086,20.0085967859709,20.118215560913086,3300,0.0,0.0,0.0
2019-07-31 00:00:00-04:00,20.08014804387147,20.099939732160326,19.868521739750214,19.953020095825195,19500,0.0,0.0,0.0
2019-08-01 00:00:00-04:00,19.985111511352585,20.061507489430085,19.642858870126904,19.69175148010254,4000,0.093,0.0,0.0
2019-08-02 00:00:00-04:00,19.564934522056394,19.587852293969597,19.496178292052814,19.563405990600586,11800,0.0,0.0,0.0
2019-08-05 00:00:00-04:00,19.381572227775383,19.381572227775383,18.90027893643389,19.054597854614258,11800,0.0,0.0,0.0
2019-08-06 00:00:00-04:00,19.16767135468684,19.16767135468684,18.914802196124743,19.124126434326172,3600,0.0,0.0,0.0
2019-08-07 00:00:00-04:00,18.984320470877954,19.143987109318182,18.808610814904444,19.11037254333496,13800,0.0,0.0,0.0
2019-08-08 00:00:00-04:00,19.176075799544005,19.355606079101562,19.176075799544005,19.355606079101562,2900,0.0,0.0,0.0
2019-08-09 00:00:00-04:00,19.274623847520743,19.285319192837093,19.091274446184066,19.175310134887695,10600,0.0,0.0,0.0
2019-08-12 00:00:00-04:00,19.053086526859406,19.053086526859406,18.91939318783264,18.966758728027344,8000,0.0,0.0,0.0
2019-08-13 00:00:00-04:00,18.89264067893184,19.28607920030068,18.89264067893184,19.202043533325195,2800,0.0,0.0,0.0
2019-08-14 00:00:00-04:00,18.71923611157088,18.71923611157088,18.579431567614275,18.604642868041992,6200,0.0,0.0,0.0
2019-08-15 00:00:00-04:00,18.60234757233504,18.60234757233504,18.495392634079717,18.54734230041504,12400,0.0,0.0,0.0
2019-08-16 00:00:00-04:00,18.755127425631887,18.857498168945312,18.755127425631887,18.857498168945312,106700,0.0,0.0,0.0
2019-08-19 00:00:00-04:00,19.060714721679688,19.101204030358048,19.060714721679688,19.060714721679688,11100,0.0,0.0,0.0
2019-08-20 00:00:00-04:00,18.93237267782153,18.969042852105886,18.823890686035156,18.823890686035156,8100,0.0,0.0,0.0
2019-08-21 00:00:00-04:00,18.96904298686679,19.030159458731028,18.94612376349334,18.970571517944336,12400,0.0,0.0,0.0
2019-08-22 00:00:00-04:00,19.007240115617694,19.030159338846758,18.984322349520248,19.01106071472168,5900,0.0,0.0,0.0
2019-08-23 00:00:00-04:00,18.915572009690386,18.923211753138656,18.40372085571289,18.40372085571289,1600,0.0,0.0,0.0
2019-08-26 00:00:00-04:00,18.610751075932814,18.61762728143002,18.53359156974641,18.597000122070312,2900,0.0,0.0,0.0
2019-08-27 00:00:00-04:00,18.77805065154705,18.77805065154705,18.424339294433594,18.424339294433594,3000,0.0,0.0,0.0
2019-08-28 00:00:00-04:00,18.495384901252898,18.64817677366077,18.495384901252898,18.6191463470459,900,0.0,0.0,0.0
2019-08-29 00:00:00-04:00,18.854444427169927,18.90639261207215,18.79332797267064,18.891878128051758,5700,0.0,0.0,0.0
2019-08-30 00:00:00-04:00,18.976687509835273,19.045443740149544,18.976687509835273,19.018705368041992,1200,0.0,0.0,0.0
2019-09-03 00:00:00-04:00,18.832369678811542,18.916717081257875,18.771026512269607,18.90214729309082,6400,0.092,0.0,0.0
2019-09-04 00:00:00-04:00,19.100748203336238,19.132186889648438,19.100748203336238,19.132186889648438,8700,0.0,0.0,0.0
2019-09-05 00:00:00-04:00,19.422795869488237,19.43659782409668,19.422795869488237,19.43659782409668,800,0.0,0.0,0.0
2019-09-06 00:00:00-04:00,19.430464781604496,19.537814947098962,19.430464781604496,19.506376266479492,1600,0.0,0.0,0.0
2019-09-09 00:00:00-04:00,19.652843859756587,19.890550016022267,19.599168747869854,19.884414672851562,3700,0.0,0.0,0.0
2019-09-10 00:00:00-04:00,19.981025866742318,20.14971923828125,19.981025866742318,20.14971923828125,1300,0.0,0.0,0.0
2019-09-11 00:00:00-04:00,20.15124913229599,20.35981559753418,20.15124913229599,20.35981559753418,8100,0.0,0.0,0.0
2019-09-12 00:00:00-04:00,20.35522293602865,20.392029142291467,20.22103516583818,20.33528709411621,68600,0.0,0.0,0.0
2019-09-13 00:00:00-04:00,20.411955575876064,20.411955575876064,20.33067512512207,20.33067512512207,2700,0.0,0.0,0.0
2019-09-16 00:00:00-04:00,20.31228676662199,20.31228676662199,20.231774088981517,20.298484802246094,8200,0.0,0.0,0.0
2019-09-17 00:00:00-04:00,20.25093667941084,20.25093667941084,20.1819254184595,20.21719741821289,1600,0.0,0.0,0.0
2019-09-18 00:00:00-04:00,20.181920697868353,20.184221267700195,20.074570522625365,20.184221267700195,1500,0.0,0.0,0.0
2019-09-19 00:00:00-04:00,20.20799128148394,20.21795992961819,20.083770751953125,20.083770751953125,9600,0.0,0.0,0.0
2019-09-20 00:00:00-04:00,20.171952900807494,20.235596639540926,20.11981201171875,20.11981201171875,4400,0.0,0.0,0.0
2019-09-23 00:00:00-04:00,20.10524588113185,20.136684571653383,20.082243102730164,20.128250122070312,5600,0.0,0.0,0.0
2019-09-24 00:00:00-04:00,20.158920043178412,20.188056697346603,19.92121396939284,19.976423263549805,3100,0.0,0.0,0.0
2019-09-25 00:00:00-04:00,20.05923945794365,20.166589660439996,20.013232437236194,20.148954391479492,2400,0.0,0.0,0.0
2019-09-26 00:00:00-04:00,20.120580596013614,20.14358483529913,20.02089848418305,20.11751365661621,4500,0.0,0.0,0.0
2019-09-27 00:00:00-04:00,20.278538775675823,20.278538775675823,20.112912349297623,20.165821075439453,2500,0.0,0.0,0.0
2019-09-30 00:00:00-04:00,20.27394449167704,20.283145312240705,20.247873306274414,20.247873306274414,1200,0.0,0.0,0.0
2019-10-01 00:00:00-04:00,20.453325828214393,20.453325828214393,19.94545555114746,19.94545555114746,2500,0.093,0.0,0.0
2019-10-02 00:00:00-04:00,19.814632833700628,19.814632833700628,19.439116015966952,19.469127655029297,2900,0.0,0.0,0.0
2019-10-03 00:00:00-04:00,19.522223897735387,19.576088685670996,19.437578392290632,19.542999267578125,2500,0.0,0.0,0.0
2019-10-04 00:00:00-04:00,19.660732698811994,19.80693817138672,19.583783840546193,19.80693817138672,3200,0.0,0.0,0.0
2019-10-07 00:00:00-04:00,19.80695227690701,19.853121918287275,19.75924301147461,19.75924301147461,4100,0.0,0.0,0.0
2019-10-08 00:00:00-04:00,19.560693651457296,19.560693651457296,19.39832878112793,19.39832878112793,5400,0.0,0.0,0.0
2019-10-09 00:00:00-04:00,19.529922485351562,19.529922485351562,19.504529708001677,19.529922485351562,2400,0.0,0.0,0.0
2019-10-10 00:00:00-04:00,19.699209818356966,19.73768424987793,19.699209818356966,19.73768424987793,1000,0.0,0.0,0.0
2019-10-11 00:00:00-04:00,19.883891390899393,20.164758874017032,19.883891390899393,19.97623062133789,4900,0.0,0.0,0.0
2019-10-14 00:00:00-04:00,20.037795231392295,20.037795231392295,19.92236897354736,19.973926544189453,10900,0.0,0.0,0.0
2019-10-15 00:00:00-04:00,19.98392363270567,20.18553352355957,19.98392363270567,20.18553352355957,500,0.0,0.0,0.0
2019-10-16 00:00:00-04:00,20.25325920797211,20.2901955017464,20.09935994085414,20.127830505371094,5000,0.0,0.0,0.0
2019-10-17 00:00:00-04:00,20.15322075503084,20.18400001525879,20.15322075503084,20.18400001525879,3400,0.0,0.0,0.0
2019-10-18 00:00:00-04:00,20.107049100114846,20.256332397460938,20.107049100114846,20.256332397460938,1000,0.0,0.0,0.0
2019-10-21 00:00:00-04:00,20.3763742186855,20.3763742186855,20.33789977825473,20.35405921936035,4800,0.0,0.0,0.0
2019-10-22 00:00:00-04:00,20.391765725366344,20.615690679848203,20.35098258138997,20.563364028930664,4900,0.0,0.0,0.0
2019-10-23 00:00:00-04:00,20.545664441545522,20.598758697509766,20.54181611703583,20.598758697509766,1000,0.0,0.0,0.0
2019-10-24 00:00:00-04:00,20.661094994647094,20.661094994647094,20.426397036021285,20.517967224121094,2900,0.0,0.0,0.0
2019-10-25 00:00:00-04:00,20.558746626154196,20.576445691660048,20.558746626154196,20.563364028930664,2300,0.0,0.0,0.0
2019-10-28 00:00:00-04:00,20.684939492570674,20.699559306594463,20.630304157058614,20.671857833862305,4600,0.0,0.0,0.0
2019-10-29 00:00:00-04:00,20.699568822613966,20.776519187218966,20.699568822613966,20.73804473876953,2900,0.0,0.0,0.0
2019-10-30 00:00:00-04:00,20.590289550615953,20.59721565246582,20.507183666944655,20.59721565246582,1300,0.0,0.0,0.0
2019-10-31 00:00:00-04:00,20.645701872968512,20.645701872968512,20.348674875949108,20.409465789794922,2700,0.0,0.0,0.0
2019-11-01 00:00:00-04:00,20.68594379463242,20.744638442993164,20.68130961896252,20.744638442993164,8800,0.096,0.0,0.0
2019-11-04 00:00:00-05:00,20.921489918870968,20.98018455505371,20.851983190393355,20.98018455505371,2400,0.0,0.0,0.0
2019-11-05 00:00:00-05:00,21.06050645143536,21.06050645143536,20.976325315099967,21.03579330444336,3500,0.0,0.0,0.0
2019-11-06 00:00:00-05:00,21.04506353172276,21.04506353172276,20.91531838458645,20.984825134277344,14700,0.0,0.0,0.0
2019-11-07 00:00:00-05:00,21.137736503462754,21.14777525283242,21.099120829988685,21.100666046142578,6800,0.0,0.0,0.0
2019-11-08 00:00:00-05:00,21.119205943414965,21.19875144958496,21.109937590517397,21.19875144958496,1400,0.0,0.0,0.0
2019-11-11 00:00:00-05:00,21.191799658194142,21.191799658194142,21.137739181518555,21.137739181518555,6200,0.0,0.0,0.0
2019-11-12 00:00:00-05:00,21.12228824721174,21.17943767093283,21.0968017578125,21.0968017578125,1200,0.0,0.0,0.0
2019-11-13 00:00:00-05:00,21.029616347404907,21.087539127312887,20.979418176057973,21.032705307006836,3100,0.0,0.0,0.0
2019-11-14 00:00:00-05:00,21.11456298828125,21.11456298828125,21.08058149684788,21.11456298828125,4600,0.0,0.0,0.0
2019-11-15 00:00:00-05:00,21.16553293426401,21.238128613283486,21.16553293426401,21.22191047668457,3300,0.0,0.0,0.0
2019-11-18 00:00:00-05:00,21.284477435942534,21.284477435942534,21.20802088582033,21.24431800842285,5400,0.0,0.0,0.0
2019-11-19 00:00:00-05:00,21.083677787671192,21.083677787671192,21.029617309570312,21.029617309570312,1700,0.0,0.0,0.0
2019-11-20 00:00:00-05:00,20.90990786264845,20.90990786264845,20.875154495239258,20.875154495239258,1400,0.0,0.0,0.0
2019-11-21 00:00:00-05:00,20.815694380310813,20.90296450410707,20.815694380310813,20.87361717224121,1900,0.0,0.0,0.0
2019-11-22 00:00:00-05:00,20.95239267280071,20.987919401342147,20.94467100802692,20.97865104675293,6400,0.0,0.0,0.0
2019-11-25 00:00:00-05:00,21.0836781743738,21.144689917794206,21.00722163195383,21.14082908630371,3700,0.0,0.0,0.0
2019-11-26 00:00:00-05:00,21.08367477989151,21.12924024393871,21.045060579053136,21.082902908325195,3300,0.0,0.0,0.0
2019-11-27 00:00:00-05:00,21.169395446777344,21.169395446777344,21.169395446777344,21.169395446777344,100,0.0,0.0,0.0
2019-11-29 00:00:00-05:00,21.10993567577254,21.10993567577254,21.077499389648438,21.077499389648438,200,0.0,0.0,0.0
2019-12-02 00:00:00-05:00,21.075946149848285,21.075946149848285,20.952653884887695,20.952653884887695,9900,0.11,0.0,0.0
2019-12-03 00:00:00-05:00,20.827815376651838,20.835569766679473,20.649467364013606,20.789043426513672,7300,0.0,0.0,0.0
2019-12-04 00:00:00-05:00,20.961182007765142,20.967386405697017,20.882089614868164,20.882089614868164,14300,0.0,0.0,0.0
2019-12-05 00:00:00-05:00,20.85107583158589,20.85495376586914,20.83556853144864,20.85495376586914,2600,0.0,0.0,0.0
2019-12-06 00:00:00-05:00,21.091452078920913,21.11471376267896,21.014684677124023,21.014684677124023,6100,0.0,0.0,0.0
2019-12-09 00:00:00-05:00,20.944127352862132,21.044931460814322,20.937147958442978,20.975143432617188,6500,0.0,0.0,0.0
2019-12-10 00:00:00-05:00,20.936370849609375,20.959634016326163,20.846422600501683,20.936370849609375,15200,0.0,0.0,0.0
2019-12-11 00:00:00-05:00,20.95187836857253,20.95187836857253,20.85882718629461,20.865806579589844,2400,0.0,0.0,0.0
2019-12-12 00:00:00-05:00,20.93637653755213,21.122477484850506,20.93637653755213,21.11782455444336,1000,0.0,0.0,0.0
2019-12-13 00:00:00-05:00,21.14573255766378,21.192257406916546,21.000728607177734,21.000728607177734,7800,0.0,0.0,0.0
2019-12-16 00:00:00-05:00,21.176749277654014,21.231028516606525,21.176749277654014,21.1814022064209,7100,0.0,0.0,0.0
2019-12-17 00:00:00-05:00,21.27755831079373,21.27755831079373,21.168998336214116,21.215524673461914,2900,0.0,0.0,0.0
2019-12-18 00:00:00-05:00,21.262044920134507,21.262044920134507,21.217846536233832,21.249637603759766,1500,0.0,0.0,0.0
2019-12-19 00:00:00-05:00,21.27057311635611,21.27057311635611,21.245759963989258,21.245759963989258,1300,0.0,0.0,0.0
2019-12-20 00:00:00-05:00,21.285315647009238,21.45280634309219,21.285315647009238,21.41636085510254,5600,0.0,0.0,0.0
2019-12-23 00:00:00-05:00,21.486917473938814,21.486917473938814,21.400847165500647,21.40239715576172,4200,0.0,0.0,0.0
2019-12-24 00:00:00-05:00,21.401626586914062,21.401626586914062,21.357426712360247,21.401626586914062,2000,0.0,0.0,0.0
2019-12-26 00:00:00-05:00,21.46366022714865,21.46366022714865,21.36285463739329,21.401626586914062,10100,0.0,0.0,0.0
2019-12-27 00:00:00-05:00,21.414804988549502,21.424109367335035,21.392316818237305,21.392316818237305,5600,0.0,0.0,0.0
2019-12-30 00:00:00-05:00,21.46084237916489,21.46084237916489,21.292644500732422,21.292644500732422,6800,0.116,0.0,0.0
2019-12-31 00:00:00-05:00,21.28174985716112,21.367406845092773,21.28174985716112,21.367406845092773,5300,0.0,0.0,0.0
2020-01-02 00:00:00-05:00,21.35572237416856,21.35572237416856,21.188302731623367,21.294984817504883,12600,0.0,0.0,0.0
2020-01-03 00:00:00-05:00,21.180519256664496,21.180519256664496,21.09641880766697,21.101091384887695,7600,0.0,0.0,0.0
2020-01-06 00:00:00-05:00,20.962482406075758,21.09018812037191,20.907973960049578,21.076171875,3900,0.0,0.0,0.0
2020-01-07 00:00:00-05:00,21.009195686209008,21.087065501577392,21.009195686209008,21.071491241455078,3400,0.0,0.0,0.0
2020-01-08 00:00:00-05:00,21.12600326538086,21.203873094014096,20.995183022652302,21.12600326538086,28700,0.0,0.0,0.0
2020-01-09 00:00:00-05:00,21.203874173984,21.203874173984,21.05047228208845,21.142356872558594,5100,0.0,0.0,0.0
2020-01-10 00:00:00-05:00,21.16649910790488,21.17584426127916,21.0925235748291,21.0925235748291,2700,0.0,0.0,0.0
2020-01-13 00:00:00-05:00,21.164947263043107,21.21945571899414,21.153267303980467,21.21945571899414,3600,0.0,0.0,0.0
2020-01-14 00:00:00-05:00,21.21322043485068,21.32067929450533,21.21166241431499,21.266950607299805,10200,0.0,0.0,0.0
2020-01-15 00:00:00-05:00,21.328466577247333,21.36039337388375,21.22022796393902,21.274736404418945,7400,0.0,0.0,0.0
2020-01-16 00:00:00-05:00,21.437478842108334,21.46706934212474,21.38296893189892,21.465511322021484,6400,0.0,0.0,0.0
2020-01-17 00:00:00-05:00,21.577649558977196,21.577649558977196,21.468632674527083,21.481870651245117,18700,0.0,0.0,0.0
2020-01-21 00:00:00-05:00,21.476423749555657,21.476423749555657,21.28174985716112,21.367406845092773,11700,0.0,0.0,0.0
2020-01-22 00:00:00-05:00,21.453056647866454,21.453056647866454,21.340925216674805,21.340925216674805,7500,0.0,0.0,0.0
2020-01-23 00:00:00-05:00,21.258375068259543,21.39854042015572,21.11042407258513,21.3946475982666,7000,0.0,0.0,0.0
2020-01-24 00:00:00-05:00,21.468630458773045,21.468630458773045,21.001412953967826,21.10498046875,11800,0.0,0.0,0.0
2020-01-27 00:00:00-05:00,20.869042722516518,20.869042722516518,20.76781294202541,20.77014923095703,5600,0.0,0.0,0.0
2020-01-28 00:00:00-05:00,20.90017862471288,20.992842946591168,20.815301432817087,20.95546531677246,3700,0.0,0.0,0.0
2020-01-29 00:00:00-05:00,21.09486132372147,21.09486132372147,20.887727737426758,20.887727737426758,9700,0.0,0.0,0.0
2020-01-30 00:00:00-05:00,20.658796699063984,20.8378963470459,20.580926834867117,20.8378963470459,9000,0.0,0.0,0.0
2020-01-31 00:00:00-05:00,20.440743279136942,20.51082594634198,20.30836507277663,20.398693084716797,20700,0.0,0.0,0.0
2020-02-03 00:00:00-05:00,20.57695630843727,20.635591849470657,20.462032318115234,20.462032318115234,19100,0.104,0.0,0.0
2020-02-04 00:00:00-05:00,20.819309986868614,20.819309986868614,20.74347686767578,20.74347686767578,800,0.0,0.0,0.0
2020-02-05 00:00:00-05:00,20.866217727499205,21.146883010864258,20.866217727499205,21.146883010864258,7100,0.0,0.0,0.0
2020-02-06 00:00:00-05:00,21.248520134527777,21.248520134527777,21.151576608790823,21.15704917907715,2500,0.0,0.0,0.0
2020-02-07 00:00:00-05:00,21.14766821264929,21.14766821264929,21.01007257644774,21.021799087524414,3300,0.0,0.0,0.0
2020-02-10 00:00:00-05:00,21.09294841686331,21.11562156677246,20.99835045848866,21.11562156677246,3900,0.0,0.0,0.0
2020-02-11 00:00:00-05:00,21.296209466450456,21.30402763718355,21.280573124984272,21.284482955932617,1800,0.0,0.0,0.0
2020-02-12 00:00:00-05:00,21.507295870951,21.507295870951,21.41113371178204,21.451005935668945,44000,0.0,0.0,0.0
2020-02-13 00:00:00-05:00,21.397845436877997,21.397845436877997,21.26806647926996,21.278228759765625,4800,0.0,0.0,0.0
2020-02-14 00:00:00-05:00,21.291519877783692,21.291519877783692,21.1523600069913,21.207868576049805,4100,0.0,0.0,0.0
2020-02-18 00:00:00-05:00,21.21802548382371,21.21802548382371,20.99599573730396,21.104665756225586,8600,0.0,0.0,0.0
2020-02-19 00:00:00-05:00,21.147657190416766,21.163293524478398,21.106222247200044,21.149221420288086,5200,0.0,0.0,0.0
2020-02-20 00:00:00-05:00,21.124205668239135,21.299327850341797,21.124205668239135,21.299327850341797,8500,0.0,0.0,0.0
2020-02-21 00:00:00-05:00,21.121081524554935,21.225841703600157,21.121081524554935,21.221933364868164,5800,0.0,0.0,0.0
2020-02-24 00:00:00-05:00,20.702041687386696,20.702824548266058,20.451866191286875,20.58477210998535,8500,0.0,0.0,0.0
2020-02-25 00:00:00-05:00,20.7020397828164,20.7020397828164,19.812352026451986,19.83658790588379,38400,0.0,0.0,0.0
2020-02-26 00:00:00-05:00,19.92024233170135,20.05627521916462,19.60752296447754,19.60752296447754,6200,0.0,0.0,0.0
2020-02-27 00:00:00-05:00,19.349531103525546,19.458982519464012,18.778818018755395,18.825725555419922,179400,0.0,0.0,0.0
2020-02-28 00:00:00-05:00,18.215916210972555,18.422311100472655,17.942287752289293,18.32380485534668,18900,0.0,0.0,0.0
2020-03-02 00:00:00-05:00,18.599256592312358,19.17999267578125,18.442300246792488,19.17999267578125,8400,0.089,0.0,0.0
2020-03-03 00:00:00-05:00,19.21924326230608,19.47822034966926,18.48155036318009,18.636152267456055,8800,0.0,0.0,0.0
2020-03-04 00:00:00-05:00,18.88179202224527,19.2592716217041,18.78761933209426,19.2592716217041,13100,0.0,0.0,0.0
2020-03-05 00:00:00-05:00,18.701293567903274,18.873944501892016,18.442316418496183,18.55218505859375,10200,0.0,0.0,0.0
2020-03-06 00:00:00-05:00,18.073464548800825,18.35990876186808,17.940052032058098,18.239837646484375,188500,0.0,0.0,0.0
2020-03-09 00:00:00-04:00,17.65752332575999,17.681067229059185,16.390105719999276,16.575313568115234,36200,0.0,0.0,0.0
2020-03-10 00:00:00-04:00,17.155272845646294,17.155272845646294,16.28809073982842,17.06502342224121,13000,0.0,0.0,0.0
2020-03-11 00:00:00-04:00,16.70795263194,16.70795263194,15.973398533399829,16.17116355895996,12900,0.0,0.0,0.0
2020-03-12 00:00:00-04:00,15.146237166637416,15.146237166637416,14.267285346984865,14.267285346984863,27300,0.0,0.0,0.0
2020-03-13 00:00:00-04:00,15.099147093400823,15.303974151611328,14.301026731041416,15.303974151611328,13700,0.0,0.0,0.0
2020-03-16 00:00:00-04:00,13.984765521016364,14.377155132703008,13.608071853040604,13.608856201171875,124800,0.0,0.0,0.0
2020-03-17 00:00:00-04:00,14.000460715427302,14.439936637878418,13.272186030281668,14.439936637878418,15800,0.0,0.0,0.0
2020-03-18 00:00:00-04:00,13.584531427800936,13.615923323288348,12.87430700614983,13.411880493164062,19000,0.0,0.0,0.0
2020-03-19 00:00:00-04:00,13.341244535480792,13.714014902753398,12.952778227158381,13.336535453796387,13200,0.0,0.0,0.0
2020-03-20 00:00:00-04:00,13.553140105877231,13.670856712239857,12.783270835876465,12.783270835876465,17500,0.0,0.0,0.0
2020-03-23 00:00:00-04:00,13.066572501479568,13.066572501479568,11.935705762341826,12.069903373718262,27500,0.0,0.0,0.0
2020-03-24 00:00:00-04:00,12.862530627554673,13.411876667085762,12.72127013185539,13.34909439086914,51700,0.0,0.0,0.0
2020-03-25 00:00:00-04:00,13.600225834558893,14.509001048187159,13.279250774753905,13.886670112609863,18500,0.0,0.0,0.0
2020-03-26 00:00:00-04:00,14.126025773260363,14.73815409563343,14.126025773260363,14.716964721679688,23000,0.0,0.0,0.0
2020-03-27 00:00:00-04:00,14.220196980014967,14.514489122428092,14.07108854207509,14.238245964050293,206600,0.0,0.0,0.0
2020-03-30 00:00:00-04:00,14.384998541622048,14.659671482045674,14.173107859279785,14.625925064086914,7400,0.0,0.0,0.0
2020-03-31 00:00:00-04:00,14.56549558551798,14.659669709677834,14.250799985275684,14.33320140838623,15600,0.0,0.0,0.0
2020-04-01 00:00:00-04:00,13.834717675367823,13.834717675367823,13.306253512643865,13.475833892822266,13900,0.092,0.0,0.0
2020-04-02 00:00:00-04:00,13.361462043074717,13.77949972602601,13.361462043074717,13.710878372192383,4500,0.0,0.0,0.0
2020-04-03 00:00:00-04:00,13.716399259051562,13.716399259051562,13.369349399983289,13.490028381347656,5300,0.0,0.0,0.0
2020-04-06 00:00:00-04:00,14.110776586519538,14.481491088867188,14.072127896640184,14.481491088867188,6500,0.0,0.0,0.0
2020-04-07 00:00:00-04:00,14.986297894130763,15.25368555229167,14.647134069502794,14.666064262390137,12300,0.0,0.0,0.0
2020-04-08 00:00:00-04:00,14.725999967258176,15.270239270976356,14.725999967258176,15.26787281036377,9400,0.0,0.0,0.0
2020-04-09 00:00:00-04:00,15.546312491039618,16.035339748226175,15.546312491039618,15.7789945602417,51200,0.0,0.0,0.0
2020-04-13 00:00:00-04:00,15.790820077050693,15.790820077050693,15.17164969405553,15.419317245483398,10000,0.0,0.0,0.0
2020-04-14 00:00:00-04:00,15.806603183590758,15.816855848329533,15.577864202293256,15.662261009216309,9500,0.0,0.0,0.0
2020-04-15 00:00:00-04:00,15.2702483934975,15.2702483934975,14.800151388960206,14.963423728942871,21000,0.0,0.0,0.0
2020-04-16 00:00:00-04:00,15.07306115712729,15.07306115712729,14.696036946617124,14.820660591125488,5700,0.0,0.0,0.0
2020-04-17 00:00:00-04:00,15.333343943966028,15.466642061353243,15.277341704566687,15.45954418182373,10900,0.0,0.0,0.0
2020-04-20 00:00:00-04:00,15.096714069684078,15.412216099788484,15.086461412113069,15.090404510498047,11800,0.0,0.0,0.0
2020-04-21 00:00:00-04:00,14.80488533820022,14.820660749850795,14.536709357844702,14.670797348022461,8500,0.0,0.0,0.0
2020-04-22 00:00:00-04:00,14.978396947881333,14.978396947881333,14.670784218129215,14.781208992004395,11100,0.0,0.0,0.0
2020-04-23 00:00:00-04:00,15.0572828442547,15.119594654502006,14.844319343566895,14.844319343566895,12600,0.0,0.0,0.0
2020-04-24 00:00:00-04:00,15.057282012367141,15.096719026867206,14.82460001619515,15.036773681640625,6000,0.0,0.0,0.0
2020-04-27 00:00:00-04:00,15.19925731415673,15.541575827367177,15.151931092558979,15.539209365844727,9500,0.0,0.0,0.0
2020-04-28 00:00:00-04:00,15.972240182300977,16.02745262370444,15.80581303433753,15.9328031539917,25000,0.0,0.0,0.0
2020-04-29 00:00:00-04:00,16.36660285003786,16.634778631549104,16.248290359235828,16.51646614074707,7400,0.0,0.0,0.0
2020-04-30 00:00:00-04:00,16.429708112458552,16.429708112458552,15.944625694517644,15.992738723754883,9600,0.0,0.0,0.0
2020-05-01 00:00:00-04:00,15.59861592899768,15.59861592899768,15.295507804507457,15.323206901550293,8500,0.068,0.0,0.0
2020-05-04 00:00:00-04:00,15.26623340820482,15.392858338217358,15.107951490945034,15.337458610534668,4000,0.0,0.0,0.0
2020-05-05 00:00:00-04:00,15.566967998012018,15.566967998012018,15.263067245483398,15.263067245483398,5500,0.0,0.0,0.0
2020-05-06 00:00:00-04:00,15.305805601599447,15.440344800124945,14.89427375793457,14.89427375793457,4200,0.0,0.0,0.0
2020-05-07 00:00:00-04:00,15.060465723111852,15.306592278801222,15.039888381958008,15.039888381958008,5700,0.0,0.0,0.0
2020-05-08 00:00:00-04:00,15.359614929821872,15.645311156157412,15.359614929821872,15.629484176635742,8400,0.0,0.0,0.0
2020-05-11 00:00:00-04:00,15.559048484939781,15.559048484939781,15.282055964731205,15.43242359161377,7000,0.0,0.0,0.0
2020-05-12 00:00:00-04:00,15.566963795206155,15.566963795206155,15.125358581542969,15.125358581542969,4100,0.0,0.0,0.0
2020-05-13 00:00:00-04:00,14.823044645056715,14.834916770019658,14.520727360463114,14.60936450958252,15600,0.0,0.0,0.0
2020-05-14 00:00:00-04:00,14.443170435057027,14.799304008483887,14.152723754273081,14.799304008483887,12100,0.0,0.0,0.0
2020-05-15 00:00:00-04:00,14.686917396913122,14.750229835510254,14.664758118878508,14.750229835510254,2500,0.0,0.0,0.0
2020-05-18 00:00:00-04:00,15.400770058928819,15.717333872551869,15.400770058928819,15.70862865447998,8400,0.0,0.0,0.0
2020-05-19 00:00:00-04:00,15.661935051973474,15.67776203445169,15.446671485900879,15.446671485900879,3800,0.0,0.0,0.0
2020-05-20 00:00:00-04:00,15.717325764209688,15.741066981341971,15.654013336044676,15.688834190368652,7900,0.0,0.0,0.0
2020-05-21 00:00:00-04:00,15.752941693698338,15.752941693698338,15.654015914055769,15.68171501159668,2600,0.0,0.0,0.0
2020-05-22 00:00:00-04:00,15.646102824159193,15.68567253513872,15.598617359598501,15.683298110961914,6900,0.0,0.0,0.0
2020-05-26 00:00:00-04:00,16.097214999509873,16.36629344174268,16.097214999509873,16.240459442138672,5000,0.0,0.0,0.0
2020-05-27 00:00:00-04:00,16.619535459877916,16.70659065246582,16.544352390498915,16.70659065246582,3300,0.0,0.0,0.0
2020-05-28 00:00:00-04:00,16.912357010522822,16.912357010522822,16.441469192504883,16.441469192504883,3900,0.0,0.0,0.0
2020-05-29 00:00:00-04:00,16.43751185930242,16.43751185930242,16.10512109941637,16.340167999267578,4800,0.0,0.0,0.0
2020-06-01 00:00:00-04:00,16.41405387322826,16.553088090367687,16.39816381545252,16.52051544189453,13000,0.08,0.0,0.0
2020-06-02 00:00:00-04:00,16.668285312623205,16.762830076218325,16.6285616917022,16.74773406982422,6600,0.0,0.0,0.0
2020-06-03 00:00:00-04:00,16.914581761286698,17.327712696867398,16.914581761286698,17.25859260559082,10300,0.0,0.0,0.0
2020-06-04 00:00:00-04:00,17.28799233585194,17.490585327148438,17.0925488118644,17.490585327148438,5800,0.0,0.0,0.0
2020-06-05 00:00:00-04:00,18.18575867648687,18.416160022330747,18.09200943507006,18.125377655029297,8900,0.0,0.0,0.0
2020-06-08 00:00:00-04:00,18.463830316710727,18.741900356206692,18.42013340138653,18.71806526184082,11400,0.0,0.0,0.0
2020-06-09 00:00:00-04:00,18.352599271417297,18.352599271417297,18.12219795093564,18.223892211914062,8300,0.0,0.0,0.0
2020-06-10 00:00:00-04:00,18.320813280276862,18.320813280276862,17.693171274394683,17.71382713317871,4100,0.0,0.0,0.0
2020-06-11 00:00:00-04:00,17.089367015118313,17.089367015118313,16.294882271590875,16.357646942138672,22400,0.0,0.0,0.0
2020-06-12 00:00:00-04:00,16.874851475202245,16.970190286915262,16.45377412278816,16.74773406982422,7000,0.0,0.0,0.0
2020-06-15 00:00:00-04:00,16.302833674818217,16.824810028076172,16.167771154998533,16.824810028076172,2600,0.0,0.0,0.0
2020-06-16 00:00:00-04:00,17.470719278341136,17.508854812624598,17.13703562639991,17.190265655517578,12100,0.0,0.0,0.0
2020-06-17 00:00:00-04:00,17.43100866489434,17.43100866489434,16.922537020320664,16.951139450073242,5800,0.0,0.0,0.0
2020-06-18 00:00:00-04:00,16.81923346433878,17.05757815914561,16.81923346433878,16.986074447631836,6300,0.0,0.0,0.0
2020-06-19 00:00:00-04:00,17.3594899159031,17.3594899159031,16.775543212890625,16.775543212890625,1300,0.0,0.0,0.0
2020-06-22 00:00:00-04:00,18.590944762240028,18.590944762240028,16.618239082351547,16.71834373474121,10300,0.0,0.0,0.0
2020-06-23 00:00:00-04:00,16.88280154768231,16.88280154768231,16.70801544189453,16.70801544189453,2200,0.0,0.0,0.0
2020-06-24 00:00:00-04:00,16.54117450015726,16.54117450015726,16.088318373580677,16.166973114013672,27200,0.0,0.0,0.0
2020-06-25 00:00:00-04:00,16.04859451281665,16.2718448638916,16.04859451281665,16.2718448638916,6800,0.0,0.0,0.0
2020-06-26 00:00:00-04:00,16.15187070457354,16.15187070457354,15.881745838624509,15.952455520629883,9500,0.0,0.0,0.0
2020-06-29 00:00:00-04:00,16.231325719773032,16.32666305312359,16.064483113370173,16.315540313720703,2700,0.0,0.0,0.0
2020-06-30 00:00:00-04:00,16.398168431191536,16.588844632093792,16.271050963923365,16.572956085205078,8800,0.0,0.0,0.0
2020-07-01 00:00:00-04:00,16.568171268264493,16.651929109406503,16.38071193871999,16.41341781616211,4700,0.084,0.0,0.0
2020-07-02 00:00:00-04:00,16.65671669541067,16.65671669541067,16.469257354736328,16.469257354736328,8700,0.0,0.0,0.0
2020-07-06 00:00:00-04:00,16.807472600211693,16.807472600211693,16.544232697217108,16.63676643371582,5800,0.0,0.0,0.0
2020-07-07 00:00:00-04:00,16.416601418047883,16.456485652696685,16.320877124810313,16.34480857849121,3100,0.0,0.0,0.0
2020-07-08 00:00:00-04:00,16.328862508005084,16.396667566874257,16.20920822225061,16.336042404174805,2600,0.0,0.0,0.0
2020-07-09 00:00:00-04:00,16.117466740154722,16.117466740154722,15.83667798711811,15.925222396850586,5700,0.0,0.0,0.0
2020-07-10 00:00:00-04:00,16.20920005060484,16.36874003217211,16.20920005060484,16.34480857849121,5500,0.0,0.0,0.0
2020-07-13 00:00:00-04:00,16.45648962058864,16.61602964062326,16.32088106000513,16.39506721496582,9000,0.0,0.0,0.0
2020-07-14 00:00:00-04:00,16.408625778095914,16.659900739687302,16.280994389681343,16.600072860717773,8900,0.0,0.0,0.0
2020-07-15 00:00:00-04:00,16.95903722092204,16.999720239791085,16.8353936468021,16.991743087768555,12100,0.0,0.0,0.0
2020-07-16 00:00:00-04:00,16.99094970997541,17.065135878035637,16.903204052800298,17.0388126373291,10500,0.0,0.0,0.0
2020-07-17 00:00:00-04:00,17.15845895652023,17.15845895652023,16.9989189822918,17.08746337890625,5200,0.0,0.0,0.0
2020-07-20 00:00:00-04:00,17.086671098608807,17.086671098608807,16.759615425487514,16.7867374420166,7500,0.0,0.0,0.0
2020-07-21 00:00:00-04:00,17.006904640795,17.163254137189888,17.006904640795,17.03083610534668,6400,0.0,0.0,0.0
2020-07-22 00:00:00-04:00,16.911176714783625,17.170427322387695,16.911176714783625,17.170427322387695,8900,0.0,0.0,0.0
2020-07-23 00:00:00-04:00,17.154468216402364,17.27811176238454,17.154468216402364,17.19993782043457,4300,0.0,0.0,0.0
2020-07-24 00:00:00-04:00,17.190375317847373,17.190375317847373,17.038813934152007,17.047588348388672,6700,0.0,0.0,0.0
2020-07-27 00:00:00-04:00,17.110605278056006,17.11299705505371,16.939100261048768,17.11299705505371,1500,0.0,0.0,0.0
2020-07-28 00:00:00-04:00,17.158459256100798,17.158459256100798,17.03880503408333,17.0403995513916,2200,0.0,0.0,0.0
2020-07-29 00:00:00-04:00,17.214297420220053,17.380218505859375,17.204725752118993,17.380218505859375,7500,0.0,0.0,0.0
2020-07-30 00:00:00-04:00,17.102627116478743,17.102627116478743,16.95904138776649,17.05556297302246,2700,0.0,0.0,0.0
2020-07-31 00:00:00-04:00,17.094645382768334,17.094645382768334,16.782745288003337,16.927927017211914,33300,0.0,0.0,0.0
2020-08-03 00:00:00-04:00,16.99440381699781,16.99440381699781,16.897500167558192,16.962369918823242,7900,0.084,0.0,0.0
2020-08-04 00:00:00-04:00,17.034447151417904,17.097716044397497,16.978386687081464,17.080896377563477,4700,0.0,0.0,0.0
2020-08-05 00:00:00-04:00,17.17058247728188,17.210625201272745,17.127334991143577,17.171382904052734,1600,0.0,0.0,0.0
2020-08-06 00:00:00-04:00,17.242669207728103,17.242669207728103,17.138555629341052,17.146564483642578,3400,0.0,0.0,0.0
2020-08-07 00:00:00-04:00,17.19461546414739,17.368404388427734,17.048858292681633,17.368404388427734,3400,0.0,0.0,0.0
2020-08-10 00:00:00-04:00,17.458904089177242,17.74321310187143,17.458904089177242,17.73280143737793,4900,0.0,0.0,0.0
2020-08-11 00:00:00-04:00,17.971461001669454,18.131633530550364,17.74962043762207,17.74962043762207,9500,0.0,0.0,0.0
2020-08-12 00:00:00-04:00,18.019506765024325,18.019506765024325,17.755220726905268,17.823293685913086,3300,0.0,0.0,0.0
2020-08-13 00:00:00-04:00,17.723184406119902,17.763228668952593,17.619072377819787,17.651107788085938,10000,0.0,0.0,0.0
2020-08-14 00:00:00-04:00,17.595051593359884,17.87535541503147,17.595051593359884,17.782455444335938,1200,0.0,0.0,0.0
2020-08-17 00:00:00-04:00,17.891369220124048,17.891369220124048,17.723186352818576,17.744810104370117,7200,0.0,0.0,0.0
2020-08-18 00:00:00-04:00,17.746416543758205,17.746416543758205,17.611869913643464,17.6198787689209,1100,0.0,0.0,0.0
2020-08-19 00:00:00-04:00,17.71518249463355,17.73920753214249,17.57743263244629,17.57743263244629,4000,0.0,0.0,0.0
2020-08-20 00:00:00-04:00,17.530982365791168,17.530982365791168,17.388428408707234,17.45650291442871,3400,0.0,0.0,0.0
2020-08-21 00:00:00-04:00,17.42125746993294,17.43567279272482,17.358789034458333,17.423660278320312,7300,0.0,0.0,0.0
2020-08-24 00:00:00-04:00,17.64310405687353,17.843320846557617,17.46290864065128,17.843320846557617,17100,0.0,0.0,0.0
2020-08-25 00:00:00-04:00,17.843314447038217,17.843314447038217,17.663119095443175,17.701560974121094,3000,0.0,0.0,0.0
2020-08-26 00:00:00-04:00,17.63509873878147,17.63509873878147,17.5381935609546,17.584644317626953,5600,0.0,0.0,0.0
2020-08-27 00:00:00-04:00,17.65111169975011,17.747214896781127,17.65111169975011,17.703166961669922,6400,0.0,0.0,0.0
2020-08-28 00:00:00-04:00,17.795262943492958,17.83530720720732,17.647102986580993,17.81848907470703,4000,0.0,0.0,0.0
2020-08-31 00:00:00-04:00,17.843317176027004,17.843317176027004,17.61907386779785,17.61907386779785,5500,0.0,0.0,0.0
2020-09-01 00:00:00-04:00,17.664903646136814,17.664903646136814,17.55153400542097,17.60138511657715,2500,0.087,0.0,0.0
2020-09-02 00:00:00-04:00,17.809634735387565,18.07497009453556,17.809634735387565,17.996173858642578,7400,0.0,0.0,0.0
2020-09-03 00:00:00-04:00,18.091050277038867,18.195575670523375,17.602993660716397,17.690635681152344,6600,0.0,0.0,0.0
2020-09-04 00:00:00-04:00,17.84180078915915,17.84180078915915,17.596566244111397,17.78069305419922,1700,0.0,0.0,0.0
2020-09-08 00:00:00-04:00,17.7372718301291,17.7372718301291,17.458267494714164,17.463895797729492,4600,0.0,0.0,0.0
2020-09-09 00:00:00-04:00,17.56038258437355,17.745312983992715,17.56038258437355,17.624706268310547,4200,0.0,0.0,0.0
2020-09-10 00:00:00-04:00,17.72923393902481,17.73647098699902,17.359373092651367,17.359373092651367,4800,0.0,0.0,0.0
2020-09-11 00:00:00-04:00,17.463893367278217,17.463893367278217,17.303084951162464,17.440576553344727,4400,0.0,0.0,0.0
2020-09-14 00:00:00-04:00,17.616667278195145,17.75335531115704,17.616667278195145,17.740489959716797,3500,0.0,0.0,0.0
2020-09-15 00:00:00-04:00,17.73808800798872,17.825728561827248,17.71316243146611,17.72039794921875,11000,0.0,0.0,0.0
2020-09-16 00:00:00-04:00,17.809632846490643,17.970442788626706,17.809632846490643,17.877172470092773,2100,0.0,0.0,0.0
2020-09-17 00:00:00-04:00,17.82972542768203,17.83455012244134,17.78309182366388,17.826509475708008,1200,0.0,0.0,0.0
2020-09-18 00:00:00-04:00,17.88199247817827,17.88199247817827,17.62871742248535,17.62871742248535,1200,0.0,0.0,0.0
2020-09-21 00:00:00-04:00,17.41565665274358,17.41565665274358,16.965390794328183,17.053834915161133,7100,0.0,0.0,0.0
2020-09-22 00:00:00-04:00,17.230717169501794,17.230717169501794,17.029705539495655,17.083576202392578,5200,0.0,0.0,0.0
2020-09-23 00:00:00-04:00,17.110112357504867,17.110112357504867,16.712108612060547,16.712108612060547,2200,0.0,0.0,0.0
2020-09-24 00:00:00-04:00,16.72417287415849,16.898651803188237,16.51270970615325,16.748294830322266,3300,0.0,0.0,0.0
2020-09-25 00:00:00-04:00,16.7241707881276,16.9525203704834,16.68396906646663,16.9525203704834,600,0.0,0.0,0.0
2020-09-28 00:00:00-04:00,17.11815583802697,17.359369246690857,17.11815583802697,17.270923614501953,18000,0.0,0.0,0.0
2020-09-29 00:00:00-04:00,17.204195346913966,17.22268900691513,17.036953402271234,17.146305084228516,4100,0.0,0.0,0.0
2020-09-30 00:00:00-04:00,17.36741259864453,17.383493904015314,17.2484130859375,17.2484130859375,5200,0.0,0.0,0.0
2020-10-01 00:00:00-04:00,17.313762324701404,17.313762324701404,17.087861461571343,17.15240478515625,6500,0.073,0.0,0.0
2020-10-02 00:00:00-04:00,17.055582519016532,17.394435223181336,17.055582519016532,17.350061416625977,2800,0.0,0.0,0.0
2020-10-05 00:00:00-04:00,17.410564801100538,17.636467030777517,17.410564801100538,17.612262725830078,5200,0.0,0.0,0.0
2020-10-06 00:00:00-04:00,17.660681727813696,17.894652217201877,17.52594757080078,17.52594757080078,3600,0.0,0.0,0.0
2020-10-07 00:00:00-04:00,17.761530755708762,17.849472045898438,17.70102226072122,17.849472045898438,2800,0.0,0.0,0.0
2020-10-08 00:00:00-04:00,18.01163761247415,18.116519927978516,17.983400006806278,18.116519927978516,2300,0.0,0.0,0.0
2020-10-09 00:00:00-04:00,18.168956435839966,18.17702454060059,17.975326538085938,17.975326538085938,2200,0.0,0.0,0.0
2020-10-12 00:00:00-04:00,18.10442364658688,18.10442364658688,17.95920075425801,18.064083099365234,5900,0.0,0.0,0.0
2020-10-13 00:00:00-04:00,17.92690991102618,17.92690991102618,17.74941630198618,17.77362060546875,1700,0.0,0.0,0.0
2020-10-14 00:00:00-04:00,17.781696191375353,17.88254519008642,17.781696191375353,17.809125900268555,4900,0.0,0.0,0.0
2020-10-15 00:00:00-04:00,17.668748547845457,17.943058013916016,17.6203414476077,17.943058013916016,4900,0.0,0.0,0.0
2020-10-16 00:00:00-04:00,17.967260486512565,17.967260486512565,17.918851852416992,17.918851852416992,600,0.0,0.0,0.0
2020-10-19 00:00:00-04:00,17.999532717390885,17.999532717390885,17.680850982666016,17.680850982666016,2300,0.0,0.0,0.0
2020-10-20 00:00:00-04:00,17.88497079028168,17.88497079028168,17.763952255249023,17.763952255249023,1900,0.0,0.0,0.0
2020-10-21 00:00:00-04:00,17.757500323792062,17.757500323792062,17.668752670288086,17.668752670288086,3900,0.0,0.0,0.0
2020-10-22 00:00:00-04:00,17.676824205271096,17.980985641479492,17.676824205271096,17.980985641479492,3800,0.0,0.0,0.0
2020-10-23 00:00:00-04:00,18.080212758614792,18.080212758614792,17.991465125760012,18.03019142150879,1700,0.0,0.0,0.0
2020-10-26 00:00:00-04:00,17.85429961997231,17.85429961997231,17.458971872162376,17.612262725830078,2800,0.0,0.0,0.0
2020-10-27 00:00:00-04:00,17.41864319337478,17.41864319337478,17.265352249145508,17.265352249145508,1600,0.0,0.0,0.0
2020-10-28 00:00:00-04:00,16.942634934027414,16.94424917077241,16.739322662353516,16.739322662353516,4400,0.0,0.0,0.0
2020-10-29 00:00:00-04:00,16.765146861517124,17.016864776611328,16.73287442642322,17.016864776611328,1600,0.0,0.0,0.0
2020-10-30 00:00:00-04:00,16.94263436585453,17.002336502075195,16.934566260067875,17.002336502075195,6700,0.0,0.0,0.0
2020-11-02 00:00:00-05:00,17.247344306392474,17.519840940702316,17.247344306392474,17.474559783935547,1900,0.047,0.0,0.0
2020-11-03 00:00:00-05:00,17.586945621865368,17.96536850906681,17.586945621865368,17.899063110351562,12300,0.0,0.0,0.0
2020-11-04 00:00:00-05:00,17.797187469825428,17.817402049245267,17.534393310546875,17.534393310546875,8700,0.0,0.0,0.0
2020-11-05 00:00:00-05:00,17.578864164763203,17.983161872901107,17.578864164763203,17.886131286621094,8000,0.0,0.0,0.0
2020-11-06 00:00:00-05:00,17.950825483087954,17.983168509693222,17.631429805638586,17.696117401123047,2500,0.0,0.0,0.0
2020-11-09 00:00:00-05:00,18.678557705045073,19.357778097393883,18.678557705045073,18.8435115814209,20600,0.0,0.0,0.0
2020-11-10 00:00:00-05:00,18.880702978936192,19.163711678597224,18.880702978936192,19.143495559692383,7200,0.0,0.0,0.0
2020-11-11 00:00:00-05:00,19.02706083593863,19.02706083593863,18.904962125702216,18.968841552734375,4900,0.0,0.0,0.0
2020-11-12 00:00:00-05:00,18.88070494853386,18.88070494853386,18.44002034599311,18.554031372070312,5800,0.0,0.0,0.0
2020-11-13 00:00:00-05:00,18.799031919953574,19.08446502685547,18.799031919953574,19.08446502685547,3300,0.0,0.0,0.0
2020-11-16 00:00:00-05:00,19.44672688720246,19.58176222742635,19.382039289836083,19.574485778808594,5400,0.0,0.0,0.0
2020-11-17 00:00:00-05:00,19.390119013147064,19.557498867779643,19.26478770227004,19.50008773803711,7100,0.0,0.0,0.0
2020-11-18 00:00:00-05:00,19.567199763676395,19.567199763676395,19.263168334960938,19.263168334960938,1700,0.0,0.0,0.0
2020-11-19 00:00:00-05:00,19.244577355990295,19.272069931030273,19.0747729965209,19.272069931030273,11200,0.0,0.0,0.0
2020-11-20 00:00:00-05:00,19.2850076530592,19.2850076530592,19.21223391705614,19.2736873626709,1900,0.0,0.0,0.0
2020-11-23 00:00:00-05:00,19.333518709684917,19.705473449902662,19.333518709684917,19.64887046813965,8500,0.0,0.0,0.0
2020-11-24 00:00:00-05:00,19.891437013879052,20.172827724242836,19.891437013879052,20.14614486694336,6300,0.0,0.0,0.0
2020-11-25 00:00:00-05:00,20.069333632448778,20.069333632448778,19.859098684741237,19.905189514160156,9200,0.0,0.0,0.0
2020-11-27 00:00:00-05:00,19.996570539403386,19.996570539403386,19.802507763768936,19.82838249206543,7200,0.0,0.0,0.0
2020-11-30 00:00:00-05:00,19.66584769282442,19.669083382216325,19.51949212536303,19.520301818847656,12700,0.0,0.0,0.0
2020-12-01 00:00:00-05:00,19.83164063011773,19.876233693389153,19.74326638310801,19.745698928833008,6700,0.065,0.0,0.0
2020-12-02 00:00:00-05:00,19.876239281391584,19.918399810791016,19.85597012323443,19.918399810791016,1800,0.0,0.0,0.0
2020-12-03 00:00:00-05:00,19.96947382612477,20.111360991853452,19.911909245280043,19.97109603881836,3900,0.0,0.0,0.0
2020-12-04 00:00:00-05:00,20.050548088905934,20.34404945373535,20.050548088905934,20.34404945373535,3500,0.0,0.0,0.0
2020-12-07 00:00:00-05:00,20.374865312601024,20.374865312601024,20.09109404288421,20.155956268310547,7500,0.0,0.0,0.0
2020-12-08 00:00:00-05:00,20.001910758633972,20.276765309328514,20.001910758633972,20.220821380615234,6100,0.0,0.0,0.0
2020-12-09 00:00:00-05:00,20.34243570352435,20.366759618846643,20.22081921978788,20.283248901367188,12800,0.0,0.0,0.0
2020-12-10 00:00:00-05:00,20.21271049640109,20.21271049640109,20.139740299585117,20.172170639038086,2000,0.0,0.0,0.0
2020-12-11 00:00:00-05:00,20.001904860906723,20.143790474185657,19.920826704845673,20.082983016967773,10200,0.0,0.0,0.0
2020-12-14 00:00:00-05:00,20.342429926972883,20.342429926972883,19.847854614257812,19.847854614257812,8400,0.0,0.0,0.0
2020-12-15 00:00:00-05:00,20.010016938460662,20.11541748046875,19.945154709585484,20.11541748046875,8300,0.0,0.0,0.0
2020-12-16 00:00:00-05:00,20.092709022876928,20.147032261795065,20.092709022876928,20.10487174987793,2400,0.0,0.0,0.0
2020-12-17 00:00:00-05:00,20.018121209807344,20.12757649075724,20.018121209807344,20.111360549926758,4300,0.0,0.0,0.0
2020-12-18 00:00:00-05:00,20.196498374267286,20.196498374267286,19.99137114187269,20.026235580444336,3600,0.0,0.0,0.0
2020-12-21 00:00:00-05:00,19.80732503116358,19.855971322967562,19.60057558473061,19.791109085083008,6500,0.0,0.0,0.0
2020-12-22 00:00:00-05:00,19.83164483247458,19.83164483247458,19.710840225219727,19.710840225219727,4600,0.0,0.0,0.0
2020-12-23 00:00:00-05:00,19.815426162742227,19.91271871275903,19.815426162742227,19.898935317993164,1300,0.0,0.0,0.0
2020-12-24 00:00:00-05:00,19.877043615929846,19.882719039916992,19.877043615929846,19.882719039916992,1300,0.0,0.0,0.0
2020-12-28 00:00:00-05:00,20.010022175299245,20.10731477085577,19.910295486450195,19.910295486450195,4300,0.0,0.0,0.0
2020-12-29 00:00:00-05:00,19.864078104308213,19.872186076862082,19.753002127839277,19.804080963134766,6900,0.0,0.0,0.0
2020-12-30 00:00:00-05:00,19.971707190181583,19.982284269942706,19.89521852959943,19.9041690826416,3000,0.088,0.0,0.0
2020-12-31 00:00:00-05:00,19.911486179318235,20.066091537475586,19.813841833555934,20.066091537475586,3200,0.0,0.0,0.0
2021-01-04 00:00:00-05:00,20.1962916053731,20.1962916053731,19.659242872829548,19.765026092529297,7700,0.0,0.0,0.0
2021-01-05 00:00:00-05:00,19.773155717212983,19.96031022834943,19.773155717212983,19.92776107788086,5200,0.0,0.0,0.0
2021-01-06 00:00:00-05:00,20.11492228854108,20.662549708794316,20.11492228854108,20.584434509277344,8100,0.0,0.0,0.0
2021-01-07 00:00:00-05:00,20.684509284398153,20.74146873888875,20.603137969970703,20.603137969970703,2500,0.0,0.0,0.0
2021-01-08 00:00:00-05:00,20.76589028295255,20.76589028295255,20.563275941465488,20.578737258911133,2300,0.0,0.0,0.0
2021-01-11 00:00:00-05:00,20.481077693050413,20.66823059251921,20.481077693050413,20.660093307495117,3400,0.0,0.0,0.0
2021-01-12 00:00:00-05:00,20.69265131619528,20.936763763427734,20.66010216214877,20.936763763427734,7300,0.0,0.0,0.0
2021-01-13 00:00:00-05:00,20.936758743986292,20.957101184373855,20.823653099240413,20.948150634765625,6100,0.0,0.0,0.0
2021-01-14 00:00:00-05:00,21.034408837160935,21.288286641324202,20.985586660061546,21.19389533996582,16200,0.0,0.0,0.0
2021-01-15 00:00:00-05:00,21.036036559657624,21.059635162353516,21.036036559657624,21.059635162353516,1000,0.0,0.0,0.0
2021-01-19 00:00:00-05:00,21.099493819485573,21.099493819485573,20.93675125057434,20.953025817871094,9100,0.0,0.0,0.0
2021-01-20 00:00:00-05:00,20.96930771904431,21.009992599487305,20.93675857306695,21.009992599487305,2400,0.0,0.0,0.0
2021-01-21 00:00:00-05:00,20.96523829978279,21.027080435516808,20.96523829978279,21.009992599487305,1400,0.0,0.0,0.0
2021-01-22 00:00:00-05:00,20.83911931698297,20.988842010498047,20.675563388259693,20.988842010498047,4200,0.0,0.0,0.0
2021-01-25 00:00:00-05:00,20.83912189986041,21.114968718887653,20.830171347034934,21.027088165283203,3500,0.0,0.0,0.0
2021-01-26 00:00:00-05:00,21.140189793456756,21.286657872030425,21.04254544242696,21.278520584106445,4700,0.0,0.0,0.0
2021-01-27 00:00:00-05:00,21.06307299310302,21.23281817442743,21.06307299310302,21.103878021240234,5300,0.076,0.0,0.0
2021-01-28 00:00:00-05:00,21.218135946352366,21.218135946352366,20.953725814819336,20.953725814819336,3000,0.0,0.0,0.0
2021-01-29 00:00:00-05:00,20.810086987552936,20.965142973490995,20.4918155670166,20.4918155670166,4500,0.0,0.0,0.0
2021-02-01 00:00:00-05:00,20.60607107118569,20.69175930998821,20.41021157254295,20.663196563720703,6100,0.0,0.0,0.0
2021-02-02 00:00:00-05:00,20.76928537475536,20.87292688146276,20.761940002441406,20.761940002441406,25900,0.0,0.0,0.0
2021-02-03 00:00:00-05:00,20.81008642849698,21.016555340831648,20.780708055762204,21.012474060058594,4100,0.0,0.0,0.0
2021-02-04 00:00:00-05:00,21.087555287282015,21.246691000181652,21.087555287282015,21.227920532226562,1900,0.0,0.0,0.0
2021-02-05 00:00:00-05:00,21.405832035699948,21.434394783242983,21.357683181762695,21.357683181762695,1800,0.0,0.0,0.0
2021-02-08 00:00:00-05:00,21.520083715161714,21.699621200561523,21.520083715161714,21.699621200561523,2900,0.0,0.0,0.0
2021-02-09 00:00:00-05:00,21.830188327032015,21.836716508292994,21.699615362497337,21.804889678955078,13800,0.0,0.0,0.0
2021-02-10 00:00:00-05:00,21.88731880779244,21.96076631170204,21.79754929044673,21.82529640197754,4800,0.0,0.0,0.0
2021-02-11 00:00:00-05:00,21.797548532227587,21.895479052884873,21.63596434055768,21.763273239135742,7200,0.0,0.0,0.0
2021-02-12 00:00:00-05:00,21.7077789249527,21.89955711364746,21.7077789249527,21.89955711364746,6700,0.0,0.0,0.0
2021-02-16 00:00:00-05:00,22.02605327523607,22.02605327523607,21.911802291870117,21.911802291870117,6300,0.0,0.0,0.0
2021-02-17 00:00:00-05:00,21.960770078585746,22.00157356262207,21.86284109427731,22.00157356262207,9800,0.0,0.0,0.0
2021-02-18 00:00:00-05:00,21.968921908670158,21.986059551592138,21.829372308226535,21.862014770507812,8000,0.0,0.0,0.0
2021-02-19 00:00:00-05:00,22.001565026931715,22.164782012861906,22.001565026931715,22.117448806762695,3000,0.0,0.0,0.0
2021-02-22 00:00:00-05:00,22.21375071281692,22.629952705235876,22.001569213355133,22.55650520324707,8400,0.0,0.0,0.0
2021-02-23 00:00:00-05:00,22.58914962880138,22.669940948486328,22.390026047535645,22.669940948486328,7600,0.0,0.0,0.0
2021-02-24 00:00:00-05:00,22.740341607374987,23.10870472638608,22.740341607374987,23.07596206665039,4700,0.085,0.0,0.0
2021-02-25 00:00:00-05:00,22.94498366052482,23.15781637038161,22.601177215576172,22.601177215576172,13200,0.0,0.0,0.0
2021-02-26 00:00:00-05:00,22.666670512059298,22.666670512059298,22.208260747889167,22.401447296142578,13500,0.0,0.0,0.0
2021-03-01 00:00:00-05:00,22.707601472110902,22.969549042450502,22.707601472110902,22.823022842407227,8900,0.0,0.0,0.0
2021-03-02 00:00:00-05:00,22.879499397011568,22.944986272010894,22.82137887816814,22.828746795654297,5800,0.0,0.0,0.0
2021-03-03 00:00:00-05:00,23.01046883678816,23.29451847470671,22.879495111322942,23.124252319335938,29700,0.0,0.0,0.0
2021-03-04 00:00:00-05:00,23.21511713732296,23.21511713732296,22.605269415955338,22.775535583496094,18100,0.0,0.0,0.0
2021-03-05 00:00:00-05:00,23.190556121781697,23.396020889282227,22.71168375552017,23.396020889282227,6900,0.0,0.0,0.0
2021-03-08 00:00:00-05:00,23.673526191309932,24.14830639008553,23.575295105449747,24.03370475769043,14100,0.0,0.0,0.0
2021-03-09 00:00:00-05:00,24.025529537242683,24.025529537242683,23.689908981323242,23.689908981323242,12100,0.0,0.0,0.0
2021-03-10 00:00:00-05:00,23.67352265956876,24.10655438708555,23.67352265956876,24.050071716308594,13200,0.0,0.0,0.0
2021-03-11 00:00:00-05:00,24.14830173983142,24.286643370389353,24.057438588407127,24.074628829956055,16400,0.0,0.0,0.0
2021-03-12 00:00:00-05:00,24.25390458484274,24.39224624633789,24.25390458484274,24.39224624633789,6000,0.0,0.0,0.0
2021-03-15 00:00:00-04:00,24.631273711794044,24.631273711794044,24.271095129781752,24.524856567382812,7300,0.0,0.0,0.0
2021-03-16 00:00:00-04:00,24.61490435985917,24.61490435985917,24.18269063757258,24.208066940307617,9300,0.0,0.0,0.0
2021-03-17 00:00:00-04:00,24.140131328595867,24.25064076501132,23.95594893457012,24.235088348388672,6700,0.0,0.0,0.0
2021-03-18 00:00:00-04:00,24.303842491528396,24.54123185126889,24.172868728637695,24.172868728637695,7100,0.0,0.0,0.0
2021-03-19 00:00:00-04:00,24.221985629212366,24.238357741345894,23.894551193194516,24.09428596496582,2800,0.0,0.0,0.0
2021-03-22 00:00:00-04:00,24.074634512020136,24.074634512020136,23.86180178451767,24.023881912231445,6700,0.0,0.0,0.0
2021-03-23 00:00:00-04:00,23.820864116961964,23.820864116961964,23.395198822021484,23.395198822021484,10100,0.0,0.0,0.0
2021-03-24 00:00:00-04:00,23.61623273593519,23.706276234597905,23.322359085083008,23.322359085083008,13500,0.0,0.0,0.0
2021-03-25 00:00:00-04:00,23.329724641169364,23.784040581362905,23.329724641169364,23.755390167236328,3600,0.0,0.0,0.0
2021-03-26 00:00:00-04:00,23.747200788219697,23.990320205688477,23.684169885962245,23.990320205688477,7900,0.0,0.0,0.0
2021-03-29 00:00:00-04:00,23.7127981582203,24.066685129913598,23.7127981582203,23.833498001098633,13800,0.089,0.0,0.0
2021-03-30 00:00:00-04:00,23.852377298929348,23.950907604222145,23.852377298929348,23.890148162841797,2800,0.0,0.0,0.0
2021-03-31 00:00:00-04:00,23.959113699382602,23.959113699382602,23.745632719927624,23.794897079467773,9800,0.0,0.0,0.0
2021-04-01 00:00:00-04:00,23.96733636614555,23.96733636614555,23.722654140996095,23.95091438293457,15900,0.0,0.0,0.0
2021-04-05 00:00:00-04:00,24.632410125984364,24.632410125984364,23.991966898917646,24.08392906188965,15300,0.0,0.0,0.0
2021-04-06 00:00:00-04:00,24.14797143350578,24.16028713682539,24.0412316838676,24.090496063232422,21600,0.0,0.0,0.0
2021-04-07 00:00:00-04:00,24.230070333518505,24.230070333518505,24.03301132677102,24.098697662353516,2600,0.0,0.0,0.0
2021-04-08 00:00:00-04:00,24.238293224827228,24.238293224827228,23.93531342410414,24.001001358032227,2600,0.0,0.0,0.0
2021-04-09 00:00:00-04:00,24.230083057572337,24.230083057572337,23.99196898724026,24.10445785522461,6800,0.0,0.0,0.0
2021-04-12 00:00:00-04:00,24.139757981452597,24.22186631608028,24.131546991381203,24.2054443359375,10800,0.0,0.0,0.0
2021-04-13 00:00:00-04:00,24.164391113508042,24.164391113508042,23.953373522127293,24.049440383911133,10000,0.0,0.0,0.0
2021-04-14 00:00:00-04:00,24.221870504583777,24.37787621074464,24.205448521601266,24.20873260498047,16000,0.0,0.0,0.0
2021-04-15 00:00:00-04:00,24.476398320430555,24.476398320430555,24.16520918814232,24.303972244262695,11600,0.0,0.0,0.0
2021-04-16 00:00:00-04:00,24.435343629875863,24.4969236968824,24.369657285417297,24.437807083129883,3600,0.0,0.0,0.0
2021-04-19 00:00:00-04:00,24.386069349159182,24.426302081751345,24.328592450799317,24.336803436279297,5200,0.0,0.0,0.0
2021-04-20 00:00:00-04:00,24.5502963634993,24.5502963634993,24.08146029579467,24.16274642944336,24400,0.0,0.0,0.0
2021-04-21 00:00:00-04:00,24.55028937804619,24.58231113170292,24.320388001961295,24.54536247253418,7500,0.0,0.0,0.0
2021-04-22 00:00:00-04:00,24.624193500583026,24.624193500583026,24.277698516845703,24.277698516845703,6700,0.0,0.0,0.0
2021-04-23 00:00:00-04:00,24.451777125508286,24.534706115722656,24.381984470721903,24.534706115722656,3700,0.0,0.0,0.0
2021-04-26 00:00:00-04:00,24.52566991433023,24.713697383294903,24.52566991433023,24.59135627746582,10900,0.0,0.0,0.0
2021-04-27 00:00:00-04:00,24.79662862511331,24.79662862511331,24.558514558172657,24.657865524291992,6800,0.0,0.0,0.0
2021-04-28 00:00:00-04:00,24.65456943165845,24.843966211289928,24.596927070086835,24.745149612426758,7800,0.087,0.0,0.0
2021-04-29 00:00:00-04:00,25.667428328332303,25.667428328332303,24.88513521203698,24.978187561035156,10400,0.0,0.0,0.0
2021-04-30 00:00:00-04:00,24.646332945046463,24.909841763640998,24.646332945046463,24.76161766052246,10400,0.0,0.0,0.0
2021-05-03 00:00:00-04:00,25.04159630661091,25.28040215638474,24.95101456074684,25.116531372070312,9300,0.0,0.0,0.0
2021-05-04 00:00:00-04:00,25.00041087494698,25.24744987487793,25.00041087494698,25.24744987487793,15300,0.0,0.0,0.0
2021-05-05 00:00:00-04:00,25.412159270281904,25.412159270281904,25.123945878750582,25.37098503112793,8800,0.0,0.0,0.0
2021-05-06 00:00:00-04:00,25.486267917719925,25.620492935180664,25.354513511341292,25.620492935180664,4800,0.0,0.0,0.0
2021-05-07 00:00:00-04:00,25.519205622502174,25.93917337998787,25.519205622502174,25.898000717163086,6400,0.0,0.0,0.0
2021-05-10 00:00:00-04:00,26.070924934801145,26.31796402600766,26.04128074645996,26.04128074645996,21500,0.0,0.0,0.0
2021-05-11 00:00:00-04:00,25.74978033438435,25.74978033438435,25.52744415351386,25.62626075744629,14600,0.0,0.0,0.0
2021-05-12 00:00:00-04:00,25.720950383968834,25.720950383968834,25.090998086250213,25.114879608154297,4700,0.0,0.0,0.0
2021-05-13 00:00:00-04:00,25.230167123821005,25.580964024191406,25.230167123821005,25.53731918334961,26300,0.0,0.0,0.0
2021-05-14 00:00:00-04:00,25.758007233935988,25.93916911950031,25.699540303215166,25.911170959472656,22400,0.0,0.0,0.0
2021-05-17 00:00:00-04:00,26.31796548989705,26.31796548989705,25.873294786864065,26.113746643066406,9600,0.0,0.0,0.0
2021-05-18 00:00:00-04:00,26.12033816994942,26.12033816994942,25.815656661987305,25.815656661987305,7200,0.0,0.0,0.0
2021-05-19 00:00:00-04:00,25.626255594573294,25.626255594573294,25.148645508169114,25.601551055908203,9600,0.0,0.0,0.0
2021-05-20 00:00:00-04:00,25.551313715861408,25.65095329284668,25.545549481754062,25.65095329284668,5600,0.0,0.0,0.0
2021-05-21 00:00:00-04:00,25.840353413316095,25.840353413316095,25.667426367287653,25.744009017944336,1900,0.0,0.0,0.0
2021-05-24 00:00:00-04:00,25.9474019606285,26.655581328141885,25.782708207828534,25.865055084228516,12700,0.0,0.0,0.0
2021-05-25 00:00:00-04:00,26.046219056269667,26.046219056269667,25.445089480153573,25.454147338867188,15100,0.0,0.0,0.0
2021-05-26 00:00:00-04:00,26.29799773130409,26.29799773130409,25.393874049265467,25.563138961791992,5400,0.083,0.0,0.0
2021-05-27 00:00:00-04:00,25.72001489358232,25.852123994988613,25.678731389967123,25.707630157470703,44700,0.0,0.0,0.0
2021-05-28 00:00:00-04:00,25.942955792815397,25.942955792815397,25.596168925030064,25.67460823059082,4500,0.0,0.0,0.0
2021-06-01 00:00:00-04:00,25.860395327623444,26.032962799072266,25.852965111788812,26.032962799072266,13700,0.0,0.0,0.0
2021-06-02 00:00:00-04:00,26.2484516280576,26.2484516280576,25.93469134596333,26.10395622253418,23900,0.0,0.0,0.0
2021-06-03 00:00:00-04:00,26.050294323607428,26.19066047668457,25.999928562277667,26.19066047668457,11500,0.0,0.0,0.0
2021-06-04 00:00:00-04:00,26.32276556833341,26.32276556833341,26.056070075942227,26.207170486450195,15600,0.0,0.0,0.0
2021-06-07 00:00:00-04:00,26.297995647594213,26.297995647594213,26.13368369842969,26.189830780029297,3200,0.0,0.0,0.0
2021-06-08 00:00:00-04:00,26.050293431378595,26.297174003371797,26.025523953655476,26.26744842529297,17200,0.0,0.0,0.0
2021-06-09 00:00:00-04:00,26.438357514212722,26.438357514212722,26.132854255987766,26.149368286132812,14600,0.0,0.0,0.0
2021-06-10 00:00:00-04:00,26.198924957926078,26.214613768698147,26.019752502441406,26.019752502441406,6900,0.0,0.0,0.0
2021-06-11 00:00:00-04:00,26.23194028499539,26.23194028499539,26.042033638140268,26.10891342163086,6400,0.0,0.0,0.0
2021-06-14 00:00:00-04:00,26.620008674069094,26.620008674069094,25.752214186634404,25.791847229003906,8900,0.0,0.0,0.0
2021-06-15 00:00:00-04:00,25.885155789188445,25.885155789188445,25.753046668738264,25.82735824584961,3900,0.0,0.0,0.0
2021-06-16 00:00:00-04:00,25.629196740289334,25.72002078401636,25.5218570865232,25.56479263305664,12800,0.0,0.0,0.0
2021-06-17 00:00:00-04:00,25.37240864867987,25.37240864867987,24.7457147161817,24.9901180267334,26000,0.0,0.0,0.0
2021-06-18 00:00:00-04:00,24.820028703376927,24.820028703376927,24.473241806030273,24.473241806030273,9200,0.0,0.0,0.0
2021-06-21 00:00:00-04:00,24.687916536433775,25.05534514729403,24.687916536433775,25.027273178100586,4800,0.0,0.0,0.0
2021-06-22 00:00:00-04:00,25.100764992421915,25.100764992421915,24.906730542039718,24.940582275390625,8800,0.0,0.0,0.0
2021-06-23 00:00:00-04:00,24.976907855514142,24.976907855514142,24.8571834564209,24.8571834564209,14400,0.0,0.0,0.0
2021-06-24 00:00:00-04:00,24.90259968245752,25.042965858430783,24.88691244846107,25.016544342041016,7700,0.0,0.0,0.0
2021-06-25 00:00:00-04:00,25.075991477875213,25.24938413862862,25.075991477875213,25.23287010192871,13800,0.0,0.0,0.0
2021-06-28 00:00:00-04:00,25.380266187877165,25.380266187877165,24.967060089111328,24.967060089111328,2700,0.088,0.0,0.0
2021-06-29 00:00:00-04:00,25.107005889045247,25.13184848218065,24.89253734547243,24.90826988220215,59900,0.0,0.0,0.0
2021-06-30 00:00:00-04:00,24.850301737752226,25.06559944152832,24.850301737752226,25.06559944152832,5500,0.0,0.0,0.0
2021-07-01 00:00:00-04:00,25.247779846191406,25.330586918504814,25.18981536939608,25.247779846191406,6000,0.0,0.0,0.0
2021-07-02 00:00:00-04:00,25.25605406114196,25.25605406114196,25.1235634120923,25.198089599609375,2900,0.0,0.0,0.0
2021-07-06 00:00:00-04:00,25.231205564086917,25.231205564086917,24.560471612903807,24.72028923034668,8200,0.0,0.0,0.0
2021-07-07 00:00:00-04:00,24.750925577545715,24.84035666176319,24.65901007718155,24.83373260498047,6400,0.0,0.0,0.0
2021-07-08 00:00:00-04:00,24.57703718238551,24.67226473028564,24.353458637187124,24.552194595336914,15900,0.0,0.0,0.0
2021-07-09 00:00:00-04:00,24.970370267229512,25.022538280252142,24.89170286206356,25.02005386352539,5100,0.0,0.0,0.0
2021-07-12 00:00:00-04:00,25.04075388590054,25.082158196768276,24.85940726871486,25.073877334594727,12900,0.0,0.0,0.0
2021-07-13 00:00:00-04:00,25.024192206072577,25.024192206072577,24.68468475341797,24.68468475341797,8600,0.0,0.0,0.0
2021-07-14 00:00:00-04:00,24.800614896908712,24.858579352000973,24.709526993527763,24.75921058654785,23100,0.0,0.0,0.0
2021-07-15 00:00:00-04:00,24.70952709018579,24.70952709018579,24.62092360302119,24.63665771484375,8700,0.0,0.0,0.0
2021-07-16 00:00:00-04:00,24.668125956286573,24.668125956286573,24.333585739135742,24.333585739135742,16200,0.0,0.0,0.0
2021-07-19 00:00:00-04:00,24.02223691426433,24.02223691426433,23.587501818892743,23.745662689208984,12200,0.0,0.0,0.0
2021-07-20 00:00:00-04:00,23.798648325720592,24.26236546067851,23.798648325720592,24.20440101623535,7300,0.0,0.0,0.0
2021-07-21 00:00:00-04:00,24.477666765133176,24.618438256768847,24.47683915277786,24.51824188232422,5300,0.0,0.0,0.0
2021-07-22 00:00:00-04:00,24.676401498172577,24.676401498172577,24.25408862341598,24.275617599487305,4600,0.0,0.0,0.0
2021-07-23 00:00:00-04:00,24.552196639594325,24.552196639594325,24.37085000345543,24.494232177734375,3600,0.0,0.0,0.0
2021-07-26 00:00:00-04:00,24.62671967752846,24.7592103103795,24.62671967752846,24.722776412963867,6200,0.0,0.0,0.0
2021-07-27 00:00:00-04:00,24.676400673211134,24.746787202926004,24.460275410344465,24.726913452148438,5500,0.0,0.0,0.0
2021-07-28 00:00:00-04:00,24.809888294821256,24.851377352454424,24.635639000699108,24.743507385253906,4700,0.061,0.0,0.0
2021-07-29 00:00:00-04:00,24.926065142911924,25.01733793762311,24.875448948976437,24.922744750976562,8700,0.0,0.0,0.0
2021-07-30 00:00:00-04:00,24.990783737422458,24.990783737422458,24.69953727722168,24.69953727722168,9100,0.0,0.0,0.0
2021-08-02 00:00:00-04:00,24.785009305407712,25.02563963397562,24.677139282226562,24.677139282226562,11300,0.0,0.0,0.0
2021-08-03 00:00:00-04:00,24.693727486630856,24.85719108581543,24.486286901140993,24.85719108581543,4500,0.0,0.0,0.0
2021-08-04 00:00:00-04:00,24.693722043441642,24.693722043441642,24.477983692169442,24.494579315185547,23900,0.0,0.0,0.0
2021-08-05 00:00:00-04:00,24.63563804883248,24.71861457824707,24.63563804883248,24.71861457824707,7800,0.0,0.0,0.0
2021-08-06 00:00:00-04:00,24.909467909574868,24.926063537597656,24.901170095563472,24.926063537597656,900,0.0,0.0,0.0
2021-08-09 00:00:00-04:00,24.984144312268473,24.984144312268473,24.793297773179198,24.89286994934082,3900,0.0,0.0,0.0
2021-08-10 00:00:00-04:00,24.89286738050983,25.15009323363425,24.89286738050983,25.087862014770508,5600,0.0,0.0,0.0
2021-08-11 00:00:00-04:00,25.10861498717645,25.365840934886407,25.10861498717645,25.36252212524414,2000,0.0,0.0,0.0
2021-08-12 00:00:00-04:00,25.393217727336683,25.393217727336683,25.267093495631325,25.32932472229004,11000,0.0,0.0,0.0
2021-08-13 00:00:00-04:00,25.316046175305434,25.369981164137865,25.266260883961742,25.27455711364746,4600,0.0,0.0,0.0
2021-08-16 00:00:00-04:00,25.27455257697925,25.27455257697925,25.099473990939806,25.22393798828125,13400,0.0,0.0,0.0
2021-08-17 00:00:00-04:00,25.07541518259403,25.07541518259403,24.859676802881346,25.017332077026367,2000,0.0,0.0,0.0
2021-08-18 00:00:00-04:00,24.975843067023252,25.01733054484614,24.726913452148438,24.726913452148438,4000,0.0,0.0,0.0
2021-08-19 00:00:00-04:00,24.502880731681284,24.61489882955208,24.41907488055945,24.438987731933594,5300,0.0,0.0,0.0
2021-08-20 00:00:00-04:00,24.46969302709969,24.710324883173218,24.46969302709969,24.667177200317383,4900,0.0,0.0,0.0
2021-08-23 00:00:00-04:00,24.884571922049314,24.893699041734358,24.776703516227652,24.87627410888672,5200,0.0,0.0,0.0
2021-08-24 00:00:00-04:00,24.892878500299002,24.99742813419804,24.884580684214644,24.956769943237305,9300,0.0,0.0,0.0
2021-08-25 00:00:00-04:00,25.025622757894745,25.18161779200597,25.025622757894745,25.132661819458008,900,0.0,0.0,0.0
2021-08-26 00:00:00-04:00,25.1500927208072,25.1500927208072,24.85137939453125,24.85137939453125,2900,0.0,0.0,0.0
2021-08-27 00:00:00-04:00,24.994486250301186,25.252418246071954,24.994486250301186,25.180862426757812,1100,0.082,0.0,0.0
2021-08-30 00:00:00-04:00,25.269063213845307,25.269063213845307,25.061053150332224,25.068540573120117,9800,0.0,0.0,0.0
2021-08-31 00:00:00-04:00,25.056896346115717,25.235785158293645,25.056896346115717,25.19834327697754,2000,0.0,0.0,0.0
2021-09-01 00:00:00-04:00,25.335629551571362,25.335629551571362,25.052735702717055,25.10432243347168,11400,0.0,0.0,0.0
2021-09-02 00:00:00-04:00,25.21082288705215,25.37723159790039,25.204167046455368,25.37723159790039,4900,0.0,0.0,0.0
2021-09-03 00:00:00-04:00,25.418834555899785,25.418834555899785,25.21498553883021,25.277387619018555,4700,0.0,0.0,0.0
2021-09-07 00:00:00-04:00,25.318986353273747,25.318986353273747,24.97784996032715,24.97784996032715,7300,0.0,0.0,0.0
2021-09-08 00:00:00-04:00,25.077699202668494,25.077699202668494,24.936252259600725,24.96038246154785,8600,0.0,0.0,0.0
2021-09-09 00:00:00-04:00,24.969528634973553,24.99449041433212,24.844722912162457,24.887989044189453,20300,0.0,0.0,0.0
2021-09-10 00:00:00-04:00,24.99449679257328,24.99449679257328,24.63921546936035,24.63921546936035,8900,0.0,0.0,0.0
2021-09-13 00:00:00-04:00,24.75319920459614,24.942904928367884,24.75319920459614,24.911287307739258,12800,0.0,0.0,0.0
2021-09-14 00:00:00-04:00,25.011137730897534,25.011137730897534,24.595950638964048,24.678321838378906,2800,0.0,0.0,0.0
2021-09-15 00:00:00-04:00,24.753204275956357,25.061059951782227,24.753204275956357,25.061059951782227,11400,0.0,0.0,0.0
2021-09-16 00:00:00-04:00,25.12761338711874,25.12761338711874,24.836399014644023,24.91960334777832,2900,0.0,0.0,0.0
2021-09-17 00:00:00-04:00,24.786489676290966,24.786489676290966,24.70411688429838,24.719093322753906,2000,0.0,0.0,0.0
2021-09-20 00:00:00-04:00,24.403737347057145,24.403737347057145,24.04928775076064,24.328853607177734,5600,0.0,0.0,0.0
2021-09-21 00:00:00-04:00,24.460322071146418,24.460322071146418,24.21403694152832,24.21403694152832,1100,0.0,0.0,0.0
2021-09-22 00:00:00-04:00,24.461990674152343,24.578477424694785,24.44951057434082,24.44951057434082,6000,0.0,0.0,0.0
2021-09-23 00:00:00-04:00,24.603433439352866,24.918776497749768,24.603433439352866,24.76984214782715,900,0.0,0.0,0.0
2021-09-24 00:00:00-04:00,24.744878110222984,24.961208776726863,24.744878110222984,24.8671875,3500,0.0,0.0,0.0
2021-09-27 00:00:00-04:00,24.961212623920176,25.2890358006545,24.961212623920176,25.19002342224121,15900,0.0,0.0,0.0
2021-09-28 00:00:00-04:00,25.222495400479513,25.414016107670854,25.034303665161133,25.034303665161133,11200,0.024,0.0,0.0
2021-09-29 00:00:00-04:00,25.130899469784065,25.271626364734296,25.11424507984616,25.11924171447754,3700,0.0,0.0,0.0
2021-09-30 00:00:00-04:00,25.155882695808383,25.155882695808383,24.66459083557129,24.66459083557129,5300,0.0,0.0,0.0
2021-10-01 00:00:00-04:00,24.8144700201638,25.072608274549147,24.60463044488913,24.989337921142578,5100,0.0,0.0,0.0
2021-10-04 00:00:00-04:00,24.98933743545752,25.06428059324187,24.89773988966557,25.03929901123047,28400,0.0,0.0,0.0
2021-10-05 00:00:00-04:00,25.022647857666016,25.214170168010014,25.022647857666016,25.022647857666016,12400,0.0,0.0,0.0
2021-10-06 00:00:00-04:00,24.906072983520428,24.981016159057617,24.600471403013216,24.981016159057617,9200,0.0,0.0,0.0
2021-10-07 00:00:00-04:00,25.13922145408314,25.339069327164907,25.13922145408314,25.155874252319336,4700,0.0,0.0,0.0
2021-10-08 00:00:00-04:00,25.28078555906565,25.330747140147786,25.165040250137846,25.18918800354004,4500,0.0,0.0,0.0
2021-10-11 00:00:00-04:00,25.230827139097094,25.322424711864713,25.1092529296875,25.1092529296875,9000,0.0,0.0,0.0
2021-10-12 00:00:00-04:00,25.105912770956046,25.160038733104088,25.030969619750977,25.030969619750977,3700,0.0,0.0,0.0
2021-10-13 00:00:00-04:00,25.0559512807886,25.147548818836093,24.8311218264446,25.10341453552246,7100,0.0,0.0,0.0
2021-10-14 00:00:00-04:00,25.295777336274075,25.4681453704834,25.295777336274075,25.4681453704834,6800,0.0,0.0,0.0
2021-10-15 00:00:00-04:00,25.646339918365353,25.71378813107292,25.50061798095703,25.50061798095703,14100,0.0,0.0,0.0
2021-10-18 00:00:00-04:00,25.505615833581984,25.505615833581984,25.422347053472322,25.426509857177734,5100,0.0,0.0,0.0
2021-10-19 00:00:00-04:00,25.40569123191257,25.497288790776835,25.397364036720358,25.472307205200195,14900,0.0,0.0,0.0
2021-10-20 00:00:00-04:00,25.53059412186446,25.75542361091169,25.53059412186446,25.736270904541016,4200,0.0,0.0,0.0
2021-10-21 00:00:00-04:00,25.50562481665564,25.50562481665564,25.405701610031052,25.493967056274414,5200,0.0,0.0,0.0
2021-10-22 00:00:00-04:00,25.61387299005043,25.722123379124305,25.497295403624648,25.57556915283203,14200,0.0,0.0,0.0
2021-10-25 00:00:00-04:00,25.705465349830735,25.705465349830735,25.606372833251953,25.606372833251953,3300,0.0,0.0,0.0
2021-10-26 00:00:00-04:00,25.588883889753127,25.588883889753127,25.447324752807617,25.447324752807617,3600,0.0,0.0,0.0
2021-10-27 00:00:00-04:00,25.438147303039536,25.438147303039536,25.029335021972656,25.029335021972656,14400,0.059,0.0,0.0
2021-10-28 00:00:00-04:00,25.053530935230015,25.13279151916504,25.029336470121034,25.13279151916504,13200,0.0,0.0,0.0
2021-10-29 00:00:00-04:00,25.13780082675689,25.17117404532384,24.920881271362305,24.920881271362305,5100,0.0,0.0,0.0
2021-11-01 00:00:00-04:00,25.012650066823266,25.29548215683694,25.012650066823266,25.246257781982422,6900,0.0,0.0,0.0
2021-11-02 00:00:00-04:00,25.3964307817579,25.3964307817579,25.162823096722505,25.237911224365234,10800,0.0,0.0,0.0
2021-11-03 00:00:00-04:00,25.46568228430156,25.58832550048828,25.42563506516889,25.58832550048828,7900,0.0,0.0,0.0
2021-11-04 00:00:00-04:00,25.563296468233926,25.563296468233926,25.262945497073247,25.27379035949707,3500,0.0,0.0,0.0
2021-11-05 00:00:00-04:00,25.7051335992561,25.7051335992561,25.57998720844164,25.59083366394043,3600,0.0,0.0,0.0
2021-11-08 00:00:00-05:00,25.696787963927687,25.696787963927687,25.554954976181357,25.60501480102539,1800,0.0,0.0,0.0
2021-11-09 00:00:00-05:00,25.538267272233632,25.58832550048828,25.49655075591944,25.58832550048828,10800,0.0,0.0,0.0
2021-11-10 00:00:00-05:00,25.596675971074628,25.73016567801372,25.539108276367188,25.539108276367188,2200,0.0,0.0,0.0
2021-11-11 00:00:00-05:00,25.58832901318062,25.716812400156915,25.58248885922715,25.696788787841797,5300,0.0,0.0,0.0
2021-11-12 00:00:00-05:00,25.66341051673096,25.696782134400472,25.630037307739258,25.630037307739258,3800,0.0,0.0,0.0
2021-11-15 00:00:00-05:00,25.71346915146142,25.813587188720703,25.71346915146142,25.813587188720703,3500,0.0,0.0,0.0
2021-11-16 00:00:00-05:00,25.780219979257,25.780219979257,25.59667205810547,25.59667205810547,7800,0.0,0.0,0.0
2021-11-17 00:00:00-05:00,25.5382714091934,25.571643036328258,25.438153345143537,25.479034423828125,4800,0.0,0.0,0.0
2021-11-18 00:00:00-05:00,25.25209759102622,25.354717195267455,25.25209759102622,25.323848724365234,2100,0.0,0.0,0.0
2021-11-19 00:00:00-05:00,25.146145049431173,25.146145049431173,24.979283724472612,24.987627029418945,7100,0.0,0.0,0.0
2021-11-22 00:00:00-05:00,25.129455637278966,25.42980660622072,25.129455637278966,25.313003540039062,8600,0.0,0.0,0.0
2021-11-23 00:00:00-05:00,25.496564548704384,25.496564548704384,25.467363767149003,25.485719680786133,1400,0.0,0.0,0.0
2021-11-24 00:00:00-05:00,25.479866910334746,25.50906767743391,25.44649369575144,25.48236846923828,4500,0.0,0.0,0.0
2021-11-26 00:00:00-05:00,24.871056682621887,24.886966705322266,24.68682561562538,24.886966705322266,2000,0.113,0.0,0.0
2021-11-29 00:00:00-05:00,24.887808532780202,25.021793918367923,24.727026389521292,24.888647079467773,12300,0.0,0.0,0.0
2021-11-30 00:00:00-05:00,24.63658570733815,24.63658570733815,24.176011155751688,24.205320358276367,12200,0.0,0.0,0.0
2021-12-01 00:00:00-05:00,24.778942798393132,24.778942798393132,23.9331591630849,23.97502899169922,24400,0.0,0.0,0.0
2021-12-02 00:00:00-05:00,24.008531449080376,24.71195558674943,24.008531449080376,24.526050567626953,5400,0.0,0.0,0.0
2021-12-03 00:00:00-05:00,24.737075016855314,24.737075016855314,24.419695492436006,24.612300872802734,8200,0.0,0.0,0.0
2021-12-06 00:00:00-05:00,24.895351798344628,25.18928244773434,24.895351798344628,24.981605529785156,3900,0.0,0.0,0.0
2021-12-07 00:00:00-05:00,25.381877280754725,25.381877280754725,25.08878368500379,25.21272087097168,10100,0.0,0.0,0.0
2021-12-08 00:00:00-05:00,25.440501110511697,25.440501110511697,25.281394447993158,25.311540603637695,4600,0.0,0.0,0.0
2021-12-09 00:00:00-05:00,25.18927262591535,25.20602119587978,25.139028513253603,25.166662216186523,6300,0.0,0.0,0.0
2021-12-10 00:00:00-05:00,25.33163405374975,25.33163405374975,25.197648679095227,25.296463012695312,2500,0.0,0.0,0.0
2021-12-13 00:00:00-05:00,25.11223370086737,25.214397429977353,25.11223370086737,25.13903045654297,1600,0.0,0.0,0.0
2021-12-14 00:00:00-05:00,25.231145055849975,25.231145055849975,25.09213638305664,25.09213638305664,5500,0.0,0.0,0.0
2021-12-15 00:00:00-05:00,25.172527217667863,25.28892707824707,24.97154914454611,25.28892707824707,3500,0.0,0.0,0.0
2021-12-16 00:00:00-05:00,25.620536366126977,25.767083948577554,25.508324468082453,25.55773162841797,3800,0.0,0.0,0.0
2021-12-17 00:00:00-05:00,25.247900146344875,25.474001130866775,25.247900146344875,25.268835067749023,2700,0.0,0.0,0.0
2021-12-20 00:00:00-05:00,24.971553219231097,24.971553219231097,24.59471986960066,24.84008026123047,14700,0.0,0.0,0.0
2021-12-21 00:00:00-05:00,24.988292296483817,25.36345160438284,24.988292296483817,25.306507110595703,6700,0.0,0.0,0.0
2021-12-22 00:00:00-05:00,25.247893260858252,25.46980783947267,25.23951897513396,25.444684982299805,8300,0.0,0.0,0.0
2021-12-23 00:00:00-05:00,25.490748883355145,25.649855558672126,25.490748883355145,25.582862854003906,5500,0.0,0.0,0.0
2021-12-27 00:00:00-05:00,25.61635984112468,25.887680053710938,25.574489999936848,25.887680053710938,16000,0.0,0.0,0.0
2021-12-28 00:00:00-05:00,26.022495604270542,26.026681948144397,25.959689265541936,25.97559928894043,1700,0.0,0.0,0.0
2021-12-29 00:00:00-05:00,26.048713740388536,26.061317443847656,25.989894320634,26.061317443847656,12800,0.106,0.0,0.0
2021-12-30 00:00:00-05:00,26.031902904937024,26.057111909887865,25.97308349609375,25.97308349609375,1100,0.0,0.0,0.0
2021-12-31 00:00:00-05:00,25.92266746883471,26.08232129711262,25.92266746883471,25.99156951904297,3900,0.0,0.0,0.0
2022-01-03 00:00:00-05:00,26.17475291427627,26.241975330385745,26.112572620119927,26.23945426940918,8900,0.0,0.0,0.0
2022-01-04 00:00:00-05:00,26.3428069483701,26.863780217017645,26.3428069483701,26.768829345703125,4700,0.0,0.0,0.0
2022-01-05 00:00:00-05:00,26.813362653739784,27.04864027353897,26.625980377197266,26.625980377197266,16100,0.0,0.0,0.0
2022-01-06 00:00:00-05:00,26.678917927830238,26.83016874259462,26.636904524932838,26.731855392456055,6700,0.0,0.0,0.0
2022-01-07 00:00:00-05:00,26.729335952939874,27.00662859592239,26.729335952939874,26.970497131347656,28700,0.0,0.0,0.0
2022-01-10 00:00:00-05:00,26.98981945007765,26.98981945007765,26.725132141714813,26.90159034729004,10000,0.0,0.0,0.0
2022-01-11 00:00:00-05:00,27.01503037990906,27.057043780968332,26.7671458644504,27.0234317779541,21700,0.0,0.0,0.0
2022-01-12 00:00:00-05:00,27.049484166726604,27.094017028808594,26.997386519895926,27.094017028808594,12600,0.0,0.0,0.0
2022-01-13 00:00:00-05:00,27.124262146152326,27.367944338000264,27.094852447509766,27.094852447509766,4500,0.0,0.0,0.0
2022-01-14 00:00:00-05:00,27.048636383941115,27.2587065729586,26.9478035907294,27.25030517578125,9200,0.0,0.0,0.0
2022-01-18 00:00:00-05:00,27.267116989474445,27.267116989474445,26.81420433450225,26.9730167388916,17500,0.0,0.0,0.0
2022-01-19 00:00:00-05:00,27.02175848232205,27.02175848232205,26.604137420654297,26.604137420654297,1800,0.0,0.0,0.0
2022-01-20 00:00:00-05:00,26.56127502206994,26.77974820940895,26.15962028503418,26.15962028503418,9300,0.0,0.0,0.0
2022-01-21 00:00:00-05:00,26.09071580913823,26.09071580913823,25.855438232421875,25.855438232421875,33500,0.0,0.0,0.0
2022-01-24 00:00:00-05:00,25.53613796876556,26.048709869384766,25.191622901935556,26.048709869384766,18300,0.0,0.0,0.0
2022-01-25 00:00:00-05:00,25.652090757204945,26.17474516825856,25.620159998799203,26.09827995300293,4300,0.0,0.0,0.0
2022-01-26 00:00:00-05:00,26.36801497248994,26.510862795209057,25.786541041252587,26.12433433532715,12200,0.0,0.0,0.0
2022-01-27 00:00:00-05:00,26.26426270958156,26.475832895684405,25.860508286067525,25.886638641357422,8700,0.097,0.0,0.0
2022-01-28 00:00:00-05:00,26.062802079438747,26.265100479125977,25.675062274244645,26.265100479125977,34800,0.0,0.0,0.0
2022-01-31 00:00:00-05:00,26.30723842882925,26.383100509643555,25.978503817116824,26.383100509643555,9600,0.0,0.0,0.0
2022-02-01 00:00:00-05:00,26.383104013592853,26.644407485645637,26.296285279855557,26.64019203186035,34100,0.0,0.0,0.0
2022-02-02 00:00:00-05:00,26.669698360960318,26.75567626953125,26.501959606053052,26.75567626953125,5800,0.0,0.0,0.0
2022-02-03 00:00:00-05:00,26.796131442624386,26.804559134675145,26.533143077443416,26.539043426513672,16100,0.0,0.0,0.0
2022-02-04 00:00:00-05:00,26.45137696847562,26.555896734195127,26.189231087322757,26.450532913208008,6100,0.0,0.0,0.0
2022-02-07 00:00:00-05:00,26.475825150011648,26.661264926572997,26.367089913298766,26.479196548461914,10000,0.0,0.0,0.0
2022-02-08 00:00:00-05:00,26.576971013186444,26.63597449621089,26.56011241582965,26.630916595458984,3700,0.0,0.0,0.0
2022-02-09 00:00:00-05:00,26.922568534864585,27.116436004638672,26.909923780958433,27.116436004638672,9100,0.0,0.0,0.0
2022-02-10 00:00:00-05:00,26.821416551641626,27.554747914789317,26.51796820400839,26.563486099243164,16100,0.0,0.0,0.0
2022-02-11 00:00:00-05:00,26.787701421065094,26.838275610629644,26.512912365147695,26.580345153808594,3900,0.0,0.0,0.0
2022-02-14 00:00:00-05:00,26.711839697423986,26.711839697423986,26.130230882458022,26.30218505859375,4800,0.0,0.0,0.0
2022-02-15 00:00:00-05:00,26.509542877604982,26.69414021015911,26.509542877604982,26.61322021484375,2300,0.0,0.0,0.0
2022-02-16 00:00:00-05:00,26.78770704109645,26.834909842289726,26.6275535315301,26.800350189208984,6900,0.0,0.0,0.0
2022-02-17 00:00:00-05:00,26.711838465818282,26.72026776509285,26.534826396501234,26.56517219543457,4300,0.0,0.0,0.0
2022-02-18 00:00:00-05:00,26.42862377960908,26.543259371714935,26.382263431040794,26.43621063232422,7100,0.0,0.0,0.0
2022-02-22 00:00:00-05:00,26.433678047348113,26.49268153460523,26.10409935859479,26.221263885498047,31000,0.0,0.0,0.0
2022-02-23 00:00:00-05:00,26.43368457263216,26.43368457263216,26.03498649597168,26.03498649597168,4100,0.0,0.0,0.0
2022-02-24 00:00:00-05:00,25.780478482923392,25.848966598510742,25.281610449046862,25.848966598510742,30400,0.096,0.0,0.0
2022-02-25 00:00:00-05:00,26.000308453378757,26.667437944905664,26.000308453378757,26.585420608520508,11800,0.0,0.0,0.0
2022-02-28 00:00:00-05:00,26.439993477144412,26.482269763757476,26.107697090664335,26.37826919555664,15900,0.0,0.0,0.0
2022-03-01 00:00:00-05:00,26.397722008933226,26.397722008933226,25.73904782013903,25.887863159179688,13400,0.0,0.0,0.0
2022-03-02 00:00:00-05:00,26.17787615741109,26.685199676305874,26.17787615741109,26.591344833374023,6400,0.0,0.0,0.0
2022-03-03 00:00:00-05:00,26.66829743156033,26.761305613032,26.48227784314209,26.647157669067383,14100,0.0,0.0,0.0
2022-03-04 00:00:00-05:00,26.66829103853869,26.66829103853869,26.27088682235781,26.570207595825195,8300,0.0,0.0,0.0
2022-03-07 00:00:00-05:00,26.423087288047245,26.516097071377093,26.18549077103604,26.20578384399414,10000,0.0,0.0,0.0
2022-03-08 00:00:00-05:00,26.346981437053813,26.558366077346438,26.048505783081055,26.048505783081055,23300,0.0,0.0,0.0
2022-03-09 00:00:00-05:00,26.253979540053628,26.48227540698144,26.253979540053628,26.28272819519043,5800,0.0,0.0,0.0
2022-03-10 00:00:00-05:00,26.262429277605047,26.262429277605047,25.981711447159025,26.191404342651367,11100,0.0,0.0,0.0
2022-03-11 00:00:00-05:00,26.363893444535332,26.363893444535332,26.034133911132812,26.034133911132812,5500,0.0,0.0,0.0
2022-03-14 00:00:00-04:00,26.02568127622478,26.127145015180297,25.772018703361894,25.907304763793945,18300,0.0,0.0,0.0
2022-03-15 00:00:00-04:00,25.79738640332203,25.980022430419922,25.79738640332203,25.980022430419922,1900,0.0,0.0,0.0
2022-03-16 00:00:00-04:00,26.144057529403476,26.228611724735167,26.025682623581393,26.206626892089844,15000,0.0,0.0,0.0
2022-03-17 00:00:00-04:00,26.1017887139959,26.465369116403163,26.1017887139959,26.45099639892578,5400,0.0,0.0,0.0
2022-03-18 00:00:00-04:00,26.507634311895348,26.571048736572266,26.359664095508887,26.571048736572266,4700,0.0,0.0,0.0
2022-03-21 00:00:00-04:00,26.5160985170404,26.837402566376227,26.5160985170404,26.641237258911133,9900,0.0,0.0,0.0
2022-03-22 00:00:00-04:00,26.70211741440426,26.86277025105603,26.70211741440426,26.80611801147461,8600,0.0,0.0,0.0
2022-03-23 00:00:00-04:00,26.85431222962944,26.85431222962944,26.63616371154785,26.63616371154785,20300,0.0,0.0,0.0
2022-03-24 00:00:00-04:00,26.854313813103975,26.866151305283346,26.72748330936252,26.828947067260742,18700,0.0,0.0,0.0
2022-03-25 00:00:00-04:00,27.09528248055959,27.226343154907227,27.08090976958838,27.226343154907227,1600,0.0,0.0,0.0
2022-03-28 00:00:00-04:00,27.209439966468207,27.209439966468207,26.913501051691075,27.02511215209961,2600,0.0,0.0,0.0
2022-03-29 00:00:00-04:00,27.147207616699504,27.38887402856662,27.10056995522663,27.382938385009766,6200,0.091,0.0,0.0
2022-03-30 00:00:00-04:00,27.516074166020335,27.516074166020335,27.213353044729637,27.265926361083984,6100,0.0,0.0,0.0
2022-03-31 00:00:00-04:00,27.29559978932071,27.29559978932071,26.881799697875977,26.881799697875977,8500,0.0,0.0,0.0
2022-04-01 00:00:00-04:00,27.024267096401996,27.024267096401996,26.676604823453204,26.910640716552734,3300,0.0,0.0,0.0
2022-04-04 00:00:00-04:00,26.990338929664848,26.990338929664848,26.646917445985608,26.98185920715332,13400,0.0,0.0,0.0
2022-04-05 00:00:00-04:00,26.96490066820023,26.96490066820023,26.660486221313477,26.660486221313477,6600,0.0,0.0,0.0
2022-04-06 00:00:00-04:00,26.625725954230056,26.78259681861548,26.58332894785847,26.761398315429688,11800,0.0,0.0,0.0
2022-04-07 00:00:00-04:00,26.88009968869796,26.88009968869796,26.540069847504174,26.824134826660156,1900,0.0,0.0,0.0
2022-04-08 00:00:00-04:00,26.981865971351635,27.117538330864967,26.83347483355334,27.007305145263672,9900,0.0,0.0,0.0
2022-04-11 00:00:00-04:00,27.083616369204666,27.142971196724485,26.870779037475586,26.870779037475586,14100,0.0,0.0,0.0
2022-04-12 00:00:00-04:00,26.905549138733175,27.167568254163992,26.892830360886997,26.930988311767578,14100,0.0,0.0,0.0
2022-04-13 00:00:00-04:00,26.829229711775596,27.092096279899224,26.829229711775596,27.080224990844727,3800,0.0,0.0,0.0
2022-04-14 00:00:00-04:00,27.203183316304138,27.354964404551804,27.15145748074016,27.156545639038086,22000,0.0,0.0,0.0
2022-04-18 00:00:00-04:00,27.15992419433694,27.28711839437354,27.151446090519844,27.168405532836914,9400,0.0,0.0,0.0
2022-04-19 00:00:00-04:00,27.321047759712258,27.549144744873047,27.321047759712258,27.549144744873047,4600,0.0,0.0,0.0
2022-04-20 00:00:00-04:00,27.829819466765375,27.989234410845608,27.820490637377404,27.85865020751953,4900,0.0,0.0,0.0
2022-04-21 00:00:00-04:00,28.313156097145914,28.313156097145914,27.632251739501953,27.632251739501953,8300,0.0,0.0,0.0
2022-04-22 00:00:00-04:00,27.351569359547213,27.38294255607428,26.925048828125,26.925048828125,7600,0.0,0.0,0.0
2022-04-25 00:00:00-04:00,26.718998198165586,26.862302780151367,26.167829092796936,26.862302780151367,12200,0.0,0.0,0.0
2022-04-26 00:00:00-04:00,26.837709768325748,26.905545937671366,26.532447814941406,26.532447814941406,4800,0.0,0.0,0.0
2022-04-27 00:00:00-04:00,26.48653000394304,26.72291049184189,26.48653000394304,26.55370330810547,6600,0.086,0.0,0.0
2022-04-28 00:00:00-04:00,26.792639657039665,26.89467355478211,26.495037815325,26.788387298583984,6100,0.0,0.0,0.0
2022-04-29 00:00:00-04:00,26.724616564159255,26.724616564159255,26.080097198486328,26.080097198486328,9300,0.0,0.0,0.0
2022-05-02 00:00:00-04:00,26.316469422029467,26.316469422029467,25.755278295218158,26.19742774963379,20100,0.0,0.0,0.0
2022-05-03 00:00:00-04:00,26.14641441419644,26.60557173847037,26.14641441419644,26.543498992919922,14100,0.0,0.0,0.0
2022-05-04 00:00:00-04:00,26.569862319040332,27.260299682617188,26.569862319040332,27.260299682617188,6000,0.0,0.0,0.0
2022-05-05 00:00:00-04:00,27.064732462046127,27.166767982525474,26.655743800748777,26.7764835357666,10000,0.0,0.0,0.0
2022-05-06 00:00:00-04:00,26.75012243594262,26.90317489436865,26.529048464659976,26.83685302734375,62700,0.0,0.0,0.0
2022-05-09 00:00:00-04:00,26.52054285775651,26.665092207932137,26.382795333862305,26.382795333862305,10900,0.0,0.0,0.0
2022-05-10 00:00:00-04:00,26.639583675514316,26.639583675514316,25.814803020033175,26.154918670654297,19000,0.0,0.0,0.0
2022-05-11 00:00:00-04:00,26.0783915888298,26.537547296616996,25.899829864501953,25.899829864501953,9300,0.0,0.0,0.0
2022-05-12 00:00:00-04:00,25.993362312815844,26.188078780229027,25.725520536818824,26.103900909423828,55200,0.0,0.0,0.0
2022-05-13 00:00:00-04:00,26.324979244940454,26.49078716747702,26.23144844199625,26.461027145385742,13800,0.0,0.0,0.0
2022-05-16 00:00:00-04:00,26.47802980823245,26.800289468398827,26.375995917491363,26.648088455200195,17200,0.0,0.0,0.0
2022-05-17 00:00:00-04:00,26.801135566844096,27.209274291992188,26.792632474011953,27.209274291992188,19200,0.0,0.0,0.0
2022-05-18 00:00:00-04:00,26.8861666935525,26.954189819015664,26.329226238835883,26.34368133544922,18500,0.0,0.0,0.0
2022-05-19 00:00:00-04:00,26.23995192628676,26.23995192628676,25.90833769809521,26.04948616027832,14700,0.0,0.0,0.0
2022-05-20 00:00:00-04:00,26.14812408704667,26.154925915403354,25.44493277763126,25.976364135742188,15600,0.0,0.0,0.0
2022-05-23 00:00:00-04:00,26.095404766688215,26.444023593221836,26.026530175720538,26.226348876953125,7200,0.0,0.0,0.0
2022-05-24 00:00:00-04:00,26.12091321078117,26.367498136394882,25.806306758832378,26.282468795776367,5000,0.0,0.0,0.0
2022-05-25 00:00:00-04:00,26.427009739978143,26.79263465249323,26.427009739978143,26.71270751953125,8700,0.0,0.0,0.0
2022-05-26 00:00:00-04:00,26.951446553974804,27.13049682263234,26.951446553974804,27.053760528564453,17000,0.086,0.0,0.0
2022-05-27 00:00:00-04:00,27.185918917962887,27.42891502380371,27.185918917962887,27.42891502380371,10500,0.0,0.0,0.0
2022-05-31 00:00:00-04:00,27.403327368968874,27.42890504119517,27.20296188944287,27.226835250854492,16600,0.0,0.0,0.0
2022-06-01 00:00:00-04:00,27.411863209800153,27.411863209800153,26.86618273780214,27.109180450439453,10900,0.0,0.0,0.0
2022-06-02 00:00:00-04:00,27.15607395189499,27.215757369995117,26.823549495513845,27.215757369995117,11400,0.0,0.0,0.0
2022-06-03 00:00:00-04:00,27.18166273964362,27.18166273964362,26.959981846455698,26.97277069091797,10200,0.0,0.0,0.0
2022-06-06 00:00:00-04:00,27.190177000725846,27.190177000725846,26.99663197728577,27.045230865478516,17100,0.0,0.0,0.0
2022-06-07 00:00:00-04:00,26.934393763864918,27.351325569637094,26.934393763864918,27.34024429321289,20800,0.0,0.0,0.0
2022-06-08 00:00:00-04:00,27.164602794492506,27.24986389862043,26.945478439331055,26.945478439331055,8600,0.0,0.0,0.0
2022-06-09 00:00:00-04:00,27.062285129333034,27.062285129333034,26.41940689086914,26.41940689086914,19600,0.0,0.0,0.0
2022-06-10 00:00:00-04:00,26.12439007534357,26.12439007534357,25.85581477634656,25.87030792236328,20400,0.0,0.0,0.0
2022-06-13 00:00:00-04:00,25.4081899857489,25.4081899857489,24.802827835083008,24.802827835083008,14200,0.0,0.0,0.0
2022-06-14 00:00:00-04:00,24.907704990418928,24.907704990418928,24.54789852487547,24.66811752319336,6400,0.0,0.0,0.0
2022-06-15 00:00:00-04:00,24.81135839969694,24.9648309778834,24.48736037324748,24.784074783325195,6200,0.0,0.0,0.0
2022-06-16 00:00:00-04:00,24.0610501466838,24.140344534739643,23.924630428550685,23.964704513549805,26300,0.0,0.0,0.0
2022-06-17 00:00:00-04:00,23.958741552532466,24.12926542537421,23.746437647674,23.967267990112305,3600,0.0,0.0,0.0
2022-06-21 00:00:00-04:00,24.197470975118158,24.529995476295422,24.197470975118158,24.48310089111328,3600,0.0,0.0,0.0
2022-06-22 00:00:00-04:00,24.257154408211402,24.48736166134942,24.257154408211402,24.32110023498535,4300,0.0,0.0,0.0
2022-06-23 00:00:00-04:00,24.52146196675985,24.52146196675985,24.14119083436357,24.388452529907227,8700,0.0,0.0,0.0
2022-06-24 00:00:00-04:00,24.538516653478084,24.994670314079695,24.538516653478084,24.984437942504883,5100,0.0,0.0,0.0
2022-06-27 00:00:00-04:00,25.045838719962344,25.10893241053867,25.024523437791455,25.054365158081055,1800,0.0,0.0,0.0
2022-06-28 00:00:00-04:00,25.16723843590236,25.389579165967103,24.910690686867454,24.923519134521484,11300,0.087,0.0,0.0
2022-06-29 00:00:00-04:00,24.816623146981943,24.816623146981943,24.590005737702118,24.690914154052734,4200,0.0,0.0,0.0
2022-06-30 00:00:00-04:00,24.431796818750335,24.688344494070247,24.383053624911938,24.391605377197266,3500,0.0,0.0,0.0
2022-07-01 00:00:00-04:00,24.60283813863943,24.748214721679688,24.243672558838835,24.748214721679688,3900,0.0,0.0,0.0
2022-07-05 00:00:00-04:00,24.59428201784867,24.59428201784867,23.952915141402592,24.423250198364258,7400,0.0,0.0,0.0
2022-07-06 00:00:00-04:00,24.303522727240644,24.389038615251124,24.055526815118238,24.269315719604492,5900,0.0,0.0,0.0
2022-07-07 00:00:00-04:00,24.530152918507106,24.65415094773557,24.530152918507106,24.590869903564453,4500,0.0,0.0,0.0
2022-07-08 00:00:00-04:00,24.58573364592012,24.628490791132982,24.5267276763916,24.5267276763916,1300,0.0,0.0,0.0
2022-07-11 00:00:00-04:00,24.354842017932732,24.47884002699607,24.30438780185901,24.377931594848633,5900,0.0,0.0,0.0
2022-07-12 00:00:00-04:00,24.243671252249587,24.55152628185812,24.243671252249587,24.414701461791992,2000,0.0,0.0,0.0
2022-07-13 00:00:00-04:00,24.268464461407337,24.268464461407337,24.20090675354004,24.20090675354004,1000,0.0,0.0,0.0
2022-07-14 00:00:00-04:00,23.816093010919364,23.890491485595703,23.65361292728348,23.890491485595703,6400,0.0,0.0,0.0
2022-07-15 00:00:00-04:00,24.149604074585106,24.200912975397383,24.106846929088295,24.197492599487305,8500,0.0,0.0,0.0
2022-07-18 00:00:00-04:00,24.37194096254386,24.49166225585277,24.191502705428086,24.226564407348633,16000,0.0,0.0,0.0
2022-07-19 00:00:00-04:00,24.414697851948745,24.67979732882595,24.414697851948745,24.671245574951172,12700,0.0,0.0,0.0
2022-07-20 00:00:00-04:00,24.7396629660796,24.790971868599513,24.63276846769943,24.748214721679688,6100,0.0,0.0,0.0
2022-07-21 00:00:00-04:00,24.56862167578057,24.671241072469638,24.49251385302115,24.660978317260742,5900,0.0,0.0,0.0
2022-07-22 00:00:00-04:00,24.63618169428406,24.637036380271855,24.41469569243487,24.53099822998047,4500,0.0,0.0,0.0
2022-07-25 00:00:00-04:00,24.657556633569143,24.734520769230198,24.607102439350445,24.699459075927734,11400,0.0,0.0,0.0
2022-07-26 00:00:00-04:00,24.65414208882425,24.75163012578586,24.62763214111328,24.62763214111328,7000,0.0,0.0,0.0
2022-07-27 00:00:00-04:00,24.625055284662732,24.959566040702327,24.599324820635744,24.897809982299805,5000,0.086,0.0,0.0
2022-07-28 00:00:00-04:00,24.95098942011557,25.139686584472656,24.895237353114318,25.139686584472656,7700,0.0,0.0,0.0
2022-07-29 00:00:00-04:00,25.191151252090986,25.311231119270396,25.17399651793236,25.277780532836914,8600,0.0,0.0,0.0
2022-08-01 00:00:00-04:00,25.216880493826526,25.319807257818734,25.126820597811726,25.28978729248047,5100,0.0,0.0,0.0
2022-08-02 00:00:00-04:00,25.08822448420254,25.23403645262627,25.022180557250977,25.022180557250977,4900,0.0,0.0,0.0
2022-08-03 00:00:00-04:00,25.191155223250867,25.23318318338899,25.071073701176193,25.177431106567383,4000,0.0,0.0,0.0
2022-08-04 00:00:00-04:00,24.977579558833348,25.041050112900017,24.940696716308594,24.940696716308594,2400,0.0,0.0,0.0
2022-08-05 00:00:00-04:00,24.83863433538331,24.967291599868833,24.83863433538331,24.930410385131836,14300,0.0,0.0,0.0
2022-08-08 00:00:00-04:00,25.02818640123974,25.315520857810636,25.02818640123974,25.079648971557617,5800,0.0,0.0,0.0
2022-08-09 00:00:00-04:00,25.06250065320294,25.100240753614123,25.019615439618526,25.083086013793945,13800,0.0,0.0,0.0
2022-08-10 00:00:00-04:00,25.577125969719525,25.577125969719525,25.491353924781674,25.517086029052734,7700,0.0,0.0,0.0
2022-08-11 00:00:00-04:00,25.98025143472734,26.056587221787634,25.740090060641098,25.928787231445312,17700,0.0,0.0,0.0
2022-08-12 00:00:00-04:00,26.134644651879324,26.210124844902037,26.01027689094952,26.205835342407227,10600,0.0,0.0,0.0
2022-08-15 00:00:00-04:00,26.040297896695126,26.211840376071997,26.017139163009638,26.183536529541016,8400,0.0,0.0,0.0
2022-08-16 00:00:00-04:00,26.29760764076865,26.519757049692604,26.263299805532558,26.386810302734375,5600,0.0,0.0,0.0
2022-08-17 00:00:00-04:00,26.177529060017633,26.33191841614074,26.02313970389453,26.189537048339844,16500,0.0,0.0,0.0
2022-08-18 00:00:00-04:00,26.168951460218917,26.26330087389606,26.11748888728852,26.228134155273438,7600,0.0,0.0,0.0
2022-08-19 00:00:00-04:00,25.997402112708826,26.073739528627268,25.95880478182366,26.03171157836914,4900,0.0,0.0,0.0
2022-08-22 00:00:00-04:00,25.61914598636089,25.61914598636089,25.418440870354534,25.445030212402344,9200,0.0,0.0,0.0
2022-08-23 00:00:00-04:00,25.632879023113706,25.662898994593412,25.518803131490824,25.55225372314453,6400,0.0,0.0,0.0
2022-08-24 00:00:00-04:00,25.508509995237922,25.549680709838867,25.47849002333427,25.549680709838867,2600,0.0,0.0,0.0
2022-08-25 00:00:00-04:00,25.65431379414617,25.878177642822266,25.64144856342986,25.878177642822266,8500,0.0,0.0,0.0
2022-08-26 00:00:00-04:00,25.83444221957557,25.83444221957557,25.19544219970703,25.19544219970703,1800,0.0,0.0,0.0
2022-08-29 00:00:00-04:00,25.18683769327268,25.255677633906302,24.963107475894986,25.092182159423828,11200,0.095,0.0,0.0
2022-08-30 00:00:00-04:00,25.039687387301882,25.039687387301882,24.751419067382812,24.751419067382812,10900,0.0,0.0,0.0
2022-08-31 00:00:00-04:00,24.851238916663284,24.851238916663284,24.541460037231445,24.541460037231445,5100,0.0,0.0,0.0
2022-09-01 00:00:00-04:00,24.558680559383532,24.558680559383532,24.264388615086837,24.45025634765625,13200,0.0,0.0,0.0
2022-09-02 00:00:00-04:00,24.67914516993966,24.8598494180606,24.274709039104334,24.31601333618164,2000,0.0,0.0,0.0
2022-09-06 00:00:00-04:00,24.61030188336631,24.61030188336631,24.12067714234418,24.19295883178711,6800,0.0,0.0,0.0
2022-09-07 00:00:00-04:00,24.21446321140145,24.62664268356691,24.19725446322058,24.5844783782959,12600,0.0,0.0,0.0
2022-09-08 00:00:00-04:00,24.593088103933894,24.722162766072422,24.593088103933894,24.71700096130371,4600,0.0,0.0,0.0
2022-09-09 00:00:00-04:00,24.859843240599716,25.14380816085104,24.859843240599716,25.04915428161621,5400,0.0,0.0,0.0
2022-09-12 00:00:00-04:00,25.186837397632065,25.419172810021035,25.186837397632065,25.389915466308594,2800,0.0,0.0,0.0
2022-09-13 00:00:00-04:00,24.9717121050359,25.006131253932175,24.350430957422507,24.41152572631836,7800,0.0,0.0,0.0
2022-09-14 00:00:00-04:00,24.558672839012697,24.558672839012697,24.223076694916895,24.343547821044922,23000,0.0,0.0,0.0
2022-09-15 00:00:00-04:00,24.291919920599092,24.429599819418357,24.11551744765729,24.180055618286133,19700,0.0,0.0,0.0
2022-09-16 00:00:00-04:00,23.861665041944743,23.96492576599121,23.750660789390743,23.96492576599121,9900,0.0,0.0,0.0
2022-09-19 00:00:00-04:00,23.69816887318164,24.162837982177734,23.69816887318164,24.162837982177734,7300,0.0,0.0,0.0
2022-09-20 00:00:00-04:00,24.111209405280533,24.111209405280533,23.5690935083956,23.723983764648438,26500,0.0,0.0,0.0
2022-09-21 00:00:00-04:00,23.891779448556502,23.94771240219892,23.414201736450195,23.414201736450195,5100,0.0,0.0,0.0
2022-09-22 00:00:00-04:00,23.594911037287876,23.594911037287876,23.156055822263024,23.18187141418457,8000,0.0,0.0,0.0
2022-09-23 00:00:00-04:00,22.829069677569176,22.829069677569176,22.347188409589023,22.5881290435791,5000,0.0,0.0,0.0
2022-09-26 00:00:00-04:00,22.510681868423156,22.59587217693246,22.144969992444725,22.15787696838379,15600,0.0,0.0,0.0
2022-09-27 00:00:00-04:00,22.36439641529334,22.51068149148995,22.10624705319279,22.132061004638672,5100,0.0,0.0,0.0
2022-09-28 00:00:00-04:00,22.21917794882955,22.71082874609461,22.21917794882955,22.684951782226562,56000,0.061,0.0,0.0
2022-09-29 00:00:00-04:00,22.193299749663936,22.33993257973702,22.04666691959085,22.163972854614258,7100,0.0,0.0,0.0
2022-09-30 00:00:00-04:00,22.193303041237073,22.35718720390158,21.92246437072754,21.92246437072754,3400,0.0,0.0,0.0
2022-10-03 00:00:00-04:00,22.279552325813047,22.527965545654297,22.2683388120779,22.527965545654297,5400,0.0,0.0,0.0
2022-10-04 00:00:00-04:00,23.08172271988713,23.321510314941406,23.08172271988713,23.321510314941406,8300,0.0,0.0,0.0
2022-10-05 00:00:00-04:00,23.012717196875357,23.331858152093346,23.012717196875357,23.230077743530273,3700,0.0,0.0,0.0
2022-10-06 00:00:00-04:00,23.098983508842345,23.098983508842345,22.90059666960592,22.952350616455078,3500,0.0,0.0,0.0
2022-10-07 00:00:00-04:00,22.85745956366149,22.85745956366149,22.477939019691245,22.512441635131836,7000,0.0,0.0,0.0
2022-10-10 00:00:00-04:00,22.52106938362052,22.64182525854329,22.30111930266787,22.395137786865234,3200,0.0,0.0,0.0
2022-10-11 00:00:00-04:00,22.339925731426987,22.65044260466927,22.330438008331218,22.444293975830078,2200,0.0,0.0,0.0
2022-10-12 00:00:00-04:00,22.48656861474433,22.508131930586448,22.408939361572266,22.408939361572266,6500,0.0,0.0,0.0
2022-10-13 00:00:00-04:00,21.99491812529247,23.07310038633622,21.977666814273636,23.055849075317383,4100,0.0,0.0,0.0
2022-10-14 00:00:00-04:00,23.167975475409655,23.202476444116556,22.664247512817383,22.664247512817383,2400,0.0,0.0,0.0
2022-10-17 00:00:00-04:00,22.92646351797428,23.049807244324512,22.92646351797428,23.00150489807129,3800,0.0,0.0,0.0
2022-10-18 00:00:00-04:00,23.29736022493338,23.538873620147417,23.24560794209302,23.316335678100586,6500,0.0,0.0,0.0
2022-10-19 00:00:00-04:00,23.26285973874312,23.26285973874312,23.01272231110531,23.15935516357422,4200,0.0,0.0,0.0
2022-10-20 00:00:00-04:00,23.11622430295941,23.349112038826796,22.916977113179254,22.9454402923584,5400,0.0,0.0,0.0
2022-10-21 00:00:00-04:00,23.090351661608917,23.488847732543945,23.090351661608917,23.488847732543945,15800,0.0,0.0,0.0
2022-10-24 00:00:00-04:00,23.633756925847937,23.71483612060547,23.569066971562265,23.71483612060547,3400,0.0,0.0,0.0
2022-10-25 00:00:00-04:00,23.90976827570509,24.151281684816436,23.90976827570509,24.12713050842285,11800,0.0,0.0,0.0
2022-10-26 00:00:00-04:00,24.310852739565455,24.310852739565455,24.108155596725467,24.157320022583008,2700,0.0,0.0,0.0
2022-10-27 00:00:00-04:00,24.337208520603028,24.49201950907608,24.20747959120138,24.224777221679688,22300,0.075,0.0,0.0
2022-10-28 00:00:00-04:00,24.319911392527285,24.6995849609375,24.319911392527285,24.6995849609375,3700,0.0,0.0,0.0
2022-10-31 00:00:00-04:00,24.553425112705042,24.68315569782799,24.553425112705042,24.616559982299805,3300,0.0,0.0,0.0
2022-11-01 00:00:00-04:00,24.847480696431628,24.847480696431628,24.65634729542691,24.795589447021484,4200,0.0,0.0,0.0
2022-11-02 00:00:00-04:00,24.631264354444887,24.92445311986477,24.25072633954818,24.30953598022461,8900,0.0,0.0,0.0
2022-11-03 00:00:00-04:00,24.10370084443327,24.300888253841297,24.012889095139567,24.178077697753906,6100,0.0,0.0,0.0
2022-11-04 00:00:00-04:00,24.570719945910124,24.722070078527402,24.37180215744378,24.625205993652344,1100,0.0,0.0,0.0
2022-11-07 00:00:00-05:00,24.68315488784381,24.863910675048828,24.68315488784381,24.863910675048828,2600,0.0,0.0,0.0
2022-11-08 00:00:00-05:00,24.92531455935258,25.1847740656588,24.92531455935258,25.022178649902344,10000,0.0,0.0,0.0
2022-11-09 00:00:00-05:00,24.85612661192162,24.85612661192162,24.449642181396484,24.449642181396484,8900,0.0,0.0,0.0
2022-11-10 00:00:00-05:00,25.037744967821105,25.460660934448242,25.037744967821105,25.460660934448242,4800,0.0,0.0,0.0
2022-11-11 00:00:00-05:00,25.663904784798063,25.91990342776443,25.663904784798063,25.866283416748047,3700,0.0,0.0,0.0
2022-11-14 00:00:00-05:00,25.989097456386563,26.040990354142583,25.64055824279785,25.64055824279785,16700,0.0,0.0,0.0
2022-11-15 00:00:00-05:00,25.997741085079976,25.997741085079976,25.60855432712653,25.79017448425293,6400,0.0,0.0,0.0
2022-11-16 00:00:00-05:00,25.720990253173778,25.720990253173778,25.349099407733053,25.426937103271484,11400,0.0,0.0,0.0
2022-11-17 00:00:00-05:00,25.53071681155839,25.55666160583496,25.132879586859545,25.55666160583496,7800,0.0,0.0,0.0
2022-11-18 00:00:00-05:00,25.703690420424532,25.703690420424532,25.52639382900828,25.666501998901367,8300,0.0,0.0,0.0
2022-11-21 00:00:00-05:00,25.55666042644169,25.729633411735797,25.522066819138455,25.72357940673828,56500,0.0,0.0,0.0
2022-11-22 00:00:00-05:00,26.112770461966992,26.175039291381836,26.059148798065358,26.175039291381836,5200,0.0,0.0,0.0
2022-11-23 00:00:00-05:00,26.16638876582084,26.186281204223633,26.150821559484736,26.186281204223633,2000,0.0,0.0,0.0
2022-11-25 00:00:00-05:00,26.25893211364746,26.25893211364746,26.25893211364746,26.25893211364746,100,0.0,0.0,0.0
2022-11-28 00:00:00-05:00,25.98825052621657,25.98825052621657,25.81907339603681,25.862451553344727,2700,0.095,0.0,0.0
2022-11-29 00:00:00-05:00,25.98390838056657,26.027286529541016,25.905826388596324,26.027286529541016,15500,0.0,0.0,0.0
2022-11-30 00:00:00-05:00,26.131394222201468,26.413355476536683,25.8190662803949,26.39773941040039,16300,0.0,0.0,0.0
2022-12-01 00:00:00-05:00,26.53047390527377,26.59727696576098,26.400337836760134,26.504446029663086,12200,0.0,0.0,0.0
2022-12-02 00:00:00-05:00,26.32226712405402,26.469755172729492,26.278888967584418,26.469755172729492,9400,0.0,0.0,0.0
2022-12-05 00:00:00-05:00,26.25286386370278,26.25286386370278,25.87112975817736,25.909303665161133,4100,0.0,0.0,0.0
2022-12-06 00:00:00-05:00,25.888470255167775,25.888470255167775,25.472034135592164,25.589157104492188,3300,0.0,0.0,0.0
2022-12-07 00:00:00-05:00,25.50674304472225,25.655098182544634,25.49806708309684,25.515419006347656,51500,0.0,0.0,0.0
2022-12-08 00:00:00-05:00,25.67158079115567,25.78436497301416,25.589161644981015,25.602174758911133,7900,0.0,0.0,0.0
2022-12-09 00:00:00-05:00,25.654234453703122,25.654234453703122,25.446016311645508,25.446016311645508,4600,0.0,0.0,0.0
2022-12-12 00:00:00-05:00,25.593503877606448,25.897155949481334,25.593503877606448,25.88327407836914,9200,0.0,0.0,0.0
2022-12-13 00:00:00-05:00,26.34829677095221,26.400350893147237,25.93185882907986,26.066333770751953,10400,0.0,0.0,0.0
2022-12-14 00:00:00-05:00,26.018614580887952,26.252860592919664,25.85377461078002,25.90583038330078,10300,0.0,0.0,0.0
2022-12-15 00:00:00-05:00,25.641214812353432,25.641214812353432,25.355781832653634,25.451215744018555,10000,0.0,0.0,0.0
2022-12-16 00:00:00-05:00,25.125012932441805,25.185744673308037,24.955835791241288,25.17706871032715,21400,0.0,0.0,0.0
2022-12-19 00:00:00-05:00,25.18574134658077,25.263823348324372,24.85606141593656,24.97492027282715,5000,0.0,0.0,0.0
2022-12-20 00:00:00-05:00,24.890768385663733,25.115469702724123,24.890768385663733,25.033050537109375,4200,0.0,0.0,0.0
2022-12-21 00:00:00-05:00,25.3158794429848,25.37660952580462,25.24647339765206,25.29332160949707,3000,0.0,0.0,0.0
2022-12-22 00:00:00-05:00,25.237793357719372,25.237793357719372,24.72592323554918,25.09030532836914,62900,0.0,0.0,0.0
2022-12-23 00:00:00-05:00,25.22912120446649,25.367933293656545,25.22912120446649,25.35578727722168,28500,0.0,0.0,0.0
2022-12-27 00:00:00-05:00,25.385279279556624,25.544046210647497,25.385279279556624,25.50153350830078,8300,0.0,0.0,0.0
2022-12-28 00:00:00-05:00,25.454692387032278,25.454692387032278,25.13802719116211,25.13802719116211,5000,0.0,0.0,0.0
2022-12-29 00:00:00-05:00,25.206007575529494,25.537206112863842,25.206007575529494,25.441333770751953,4800,0.133,0.0,0.0
2022-12-30 00:00:00-05:00,25.44133208340261,25.44133208340261,25.22343784207056,25.402111053466797,16600,0.0,0.0,0.0
2023-01-03 00:00:00-05:00,25.511053822037173,25.563347965563352,25.341096608776454,25.46747398376465,7100,0.0,0.0,0.0
2023-01-04 00:00:00-05:00,25.606933868315487,25.933775273179837,25.606933868315487,25.810012817382812,36700,0.0,0.0,0.0
2023-01-05 00:00:00-05:00,25.613899712526614,25.733304977416992,25.580779700659054,25.733304977416992,7900,0.0,0.0,0.0
2023-01-06 00:00:00-05:00,25.911988224703762,26.295482635498047,25.911988224703762,26.295482635498047,6100,0.0,0.0,0.0
2023-01-09 00:00:00-05:00,26.27804985200916,26.42534693064926,26.125524520874023,26.125524520874023,4300,0.0,0.0,0.0
2023-01-10 00:00:00-05:00,26.16473910925244,26.330337524414062,26.095013023289383,26.330337524414062,73700,0.0,0.0,0.0
2023-01-11 00:00:00-05:00,26.556952516812053,26.556952516812053,26.309425947489082,26.51337432861328,10400,0.0,0.0,0.0
2023-01-12 00:00:00-05:00,26.617962474030936,26.722550783463777,26.530804441236096,26.58745574951172,4100,0.0,0.0,0.0
2023-01-13 00:00:00-05:00,26.417497469370282,26.562179565429688,26.384377451448238,26.562179565429688,13700,0.0,0.0,0.0
2023-01-17 00:00:00-05:00,26.61796283901058,26.61796283901058,26.41139784960611,26.4349308013916,8000,0.0,0.0,0.0
2023-01-18 00:00:00-05:00,26.46107382775504,26.46107382775504,25.953815460205078,25.953815460205078,2400,0.0,0.0,0.0
2023-01-19 00:00:00-05:00,25.92070334366104,25.92070334366104,25.6330829606198,25.785608291625977,8000,0.0,0.0,0.0
2023-01-20 00:00:00-05:00,25.93813148405999,26.120290756225586,25.824825544143742,26.120290756225586,6000,0.0,0.0,0.0
2023-01-23 00:00:00-05:00,26.14730761997556,26.500296871309608,26.14730761997556,26.386119842529297,6300,0.0,0.0,0.0
2023-01-24 00:00:00-05:00,26.225749533927885,26.398321723388364,26.225749533927885,26.30419158935547,9900,0.0,0.0,0.0
2023-01-25 00:00:00-05:00,26.14818240402285,26.33905765686194,26.129879365904088,26.309425354003906,11000,0.0,0.0,0.0
2023-01-26 00:00:00-05:00,26.47850354113375,26.50116539001465,26.32162110710065,26.50116539001465,1300,0.0,0.0,0.0
2023-01-27 00:00:00-05:00,26.530800967916004,26.644105232035052,26.43231202139939,26.52992820739746,3500,0.0,0.0,0.0
2023-01-30 00:00:00-05:00,26.56926933912502,26.578886419305512,26.26413757857264,26.27113151550293,13600,0.095,0.0,0.0
2023-01-31 00:00:00-05:00,26.39528745996743,26.696922302246094,26.39528745996743,26.696922302246094,1100,0.0,0.0,0.0
2023-02-01 00:00:00-05:00,26.727529451363075,26.779987335205078,26.42152207167363,26.779987335205078,10700,0.0,0.0,0.0
2023-02-02 00:00:00-05:00,26.989813195456097,27.172542736127713,26.821071529749375,27.07549476623535,10400,0.0,0.0,0.0
2023-02-03 00:00:00-05:00,27.077243954430287,27.077243954430287,26.795718777311567,26.841182708740234,9800,0.0,0.0,0.0
2023-02-06 00:00:00-05:00,26.64009536488588,26.64009536488588,26.39529082433405,26.58501434326172,9300,0.0,0.0,0.0
2023-02-07 00:00:00-05:00,26.666322825553927,26.771240239269833,26.39528853589593,26.701295852661133,15100,0.0,0.0,0.0
2023-02-08 00:00:00-05:00,26.736268549044297,26.736268549044297,26.456490988619905,26.476600646972656,36700,0.0,0.0,0.0
2023-02-09 00:00:00-05:00,26.657583431243182,26.666326689286812,26.25452807374348,26.26327133178711,16800,0.0,0.0,0.0
2023-02-10 00:00:00-05:00,26.447744489649857,26.552661895751953,26.307855726584123,26.552661895751953,12100,0.0,0.0,0.0
2023-02-13 00:00:00-05:00,26.508948338230482,26.847305548513344,26.508948338230482,26.83681297302246,5100,0.0,0.0,0.0
2023-02-14 00:00:00-05:00,26.710037887752772,26.841185073988573,26.67506652766744,26.742387771606445,6900,0.0,0.0,0.0
2023-02-15 00:00:00-05:00,26.578888973256174,26.71003447513035,26.517687850221925,26.705663681030273,6300,0.0,0.0,0.0
2023-02-16 00:00:00-05:00,26.439003191760264,26.622608249136576,26.389168462424163,26.420642852783203,8300,0.0,0.0,0.0
2023-02-17 00:00:00-05:00,26.22917125407733,26.34283026243178,26.185456635696184,26.309606552124023,2700,0.0,0.0,0.0
2023-02-21 00:00:00-05:00,26.14173900776809,26.14173900776809,25.73955920296823,25.748302459716797,5700,0.0,0.0,0.0
2023-02-22 00:00:00-05:00,25.80076030314838,25.879447946189952,25.656499068370263,25.739559173583984,11300,0.0,0.0,0.0
2023-02-23 00:00:00-05:00,25.85322013951417,25.888193169124705,25.573442573053256,25.82699203491211,6000,0.0,0.0,0.0
2023-02-24 00:00:00-05:00,25.568234307236494,25.702434539794922,25.489292797144966,25.702434539794922,4200,0.095,0.0,0.0
2023-02-27 00:00:00-05:00,25.87523676397442,25.99803396241392,25.629640694109067,25.656831741333008,4600,0.0,0.0,0.0
2023-02-28 00:00:00-05:00,25.74366711587933,25.761210050126042,25.56297790451349,25.568241119384766,7400,0.0,0.0,0.0
2023-03-01 00:00:00-05:00,25.62086527348925,25.62525184303461,25.480525161787448,25.55245018005371,43700,0.0,0.0,0.0
2023-03-02 00:00:00-05:00,25.480526130769054,25.607709884643555,25.401584605811514,25.607709884643555,2700,0.0,0.0,0.0
2023-03-03 00:00:00-05:00,25.699808291883073,25.884005744833377,25.594554038471067,25.860322952270508,6400,0.0,0.0,0.0
2023-03-06 00:00:00-05:00,25.875230947692394,25.91733331283248,25.699804983937376,25.75243377685547,5100,0.0,0.0,0.0
2023-03-07 00:00:00-05:00,25.647172379160573,25.647172379160573,25.27439437713507,25.311233520507812,5400,0.0,0.0,0.0
2023-03-08 00:00:00-05:00,25.357731485689676,25.357731485689676,25.129678354420165,25.331417083740234,3800,0.0,0.0,0.0
2023-03-09 00:00:00-05:00,25.366493264751366,25.366493264751366,24.78759002685547,24.78759002685547,3000,0.0,0.0,0.0
2023-03-10 00:00:00-05:00,24.822676370557087,24.822676370557087,24.23500161753753,24.313066482543945,10800,0.0,0.0,0.0
2023-03-13 00:00:00-04:00,23.910465836623978,24.12097597161798,23.752582817132016,23.840295791625977,7300,0.0,0.0,0.0
2023-03-14 00:00:00-04:00,24.23939636226713,24.306058178310852,23.919245320074502,24.032394409179688,16700,0.0,0.0,0.0
2023-03-15 00:00:00-04:00,23.5947049701367,23.667506637817464,23.46576792334572,23.664875030517578,3300,0.0,0.0,0.0
2023-03-16 00:00:00-04:00,23.419273146227237,23.873624266978513,23.314017252913395,23.87099266052246,7700,0.0,0.0,0.0
2023-03-17 00:00:00-04:00,23.717498365039187,23.72626815670294,23.319282569474844,23.396469116210938,4300,0.0,0.0,0.0
2023-03-20 00:00:00-04:00,23.805214995883805,23.93678532210201,23.72627346934736,23.81047821044922,9400,0.0,0.0,0.0
2023-03-21 00:00:00-04:00,24.164831268180958,24.16921783698357,24.04203410948079,24.14816665649414,6200,0.0,0.0,0.0
2023-03-22 00:00:00-04:00,24.112209432945157,24.173608025738783,23.583301544189453,23.583301544189453,12200,0.0,0.0,0.0
2023-03-23 00:00:00-04:00,23.638558139351378,23.796439492656507,23.27893643412664,23.399978637695312,12900,0.0,0.0,0.0
2023-03-24 00:00:00-04:00,23.252619218782872,23.594697952270508,23.191220643334905,23.594697952270508,21800,0.0,0.0,0.0
2023-03-27 00:00:00-04:00,23.822759310492824,23.910472308729005,23.79732322692871,23.79732322692871,2100,0.0,0.0,0.0
2023-03-28 00:00:00-04:00,23.743812566096924,24.020107864331248,23.743812566096924,23.96046257019043,9000,0.0,0.0,0.0
2023-03-29 00:00:00-04:00,24.196310824565437,24.325674057006836,24.196310824565437,24.325674057006836,4700,0.09,0.0,0.0
2023-03-30 00:00:00-04:00,24.464714134989883,24.55183749963918,24.36791244801002,24.43831443786621,3500,0.0,0.0,0.0
2023-03-31 00:00:00-04:00,24.61432198231703,24.82200813293457,24.601122131927024,24.82200813293457,4000,0.0,0.0,0.0
2023-04-03 00:00:00-04:00,24.887131117026883,25.02705389483908,24.887131117026883,24.946971893310547,1900,0.0,0.0,0.0
2023-04-04 00:00:00-04:00,24.983934626775333,24.983934626775333,24.570323060310862,24.65480613708496,2900,0.0,0.0,0.0
2023-04-05 00:00:00-04:00,24.56152759424912,24.719932556152344,24.56152759424912,24.719932556152344,1900,0.0,0.0,0.0
2023-04-06 00:00:00-04:00,24.719932518331643,24.719932518331643,24.665370660113652,24.667131423950195,3600,0.0,0.0,0.0
2023-04-10 00:00:00-04:00,24.631918538110437,24.904726028442383,24.631918538110437,24.904726028442383,1700,0.0,0.0,0.0
2023-04-11 00:00:00-04:00,24.878330570117118,25.151138106919134,24.878330570117118,25.027935028076172,2900,0.0,0.0,0.0
2023-04-12 00:00:00-04:00,25.168744471803908,25.168744471803908,24.87833595275879,24.87833595275879,2000,0.0,0.0,0.0
2023-04-13 00:00:00-04:00,24.77976829212037,25.049935525177023,24.77976829212037,25.008573532104492,4000,0.0,0.0,0.0
2023-04-14 00:00:00-04:00,25.001529390195817,25.063130919124085,24.826404803883204,24.904726028442383,8500,0.0,0.0,0.0
2023-04-17 00:00:00-04:00,24.834333855990916,25.054340362548828,24.834333855990916,25.054340362548828,5400,0.0,0.0,0.0
2023-04-18 00:00:00-04:00,25.063130531176196,25.11153221130371,25.010329461271517,25.11153221130371,13300,0.0,0.0,0.0
2023-04-19 00:00:00-04:00,25.054336197342586,25.054336197342586,24.851930647802554,24.993614196777344,2200,0.0,0.0,0.0
2023-04-20 00:00:00-04:00,24.72872535793485,24.81672827378834,24.631921982644407,24.666242599487305,7000,0.0,0.0,0.0
2023-04-21 00:00:00-04:00,24.631922979148307,24.711125438769045,24.552720519527565,24.653043746948242,66900,0.0,0.0,0.0
2023-04-24 00:00:00-04:00,24.614319182448632,24.687361479528143,24.59231887479579,24.675922393798828,11400,0.0,0.0,0.0
2023-04-25 00:00:00-04:00,24.569446737523208,24.569446737523208,24.262316840744948,24.2667179107666,2300,0.0,0.0,0.0
2023-04-26 00:00:00-04:00,24.24463497595753,24.262293527086417,23.98417892486104,24.050395965576172,5400,0.09,0.0,0.0
2023-04-27 00:00:00-04:00,24.05923100211405,24.335580825805664,24.04157244675683,24.335580825805664,3800,0.0,0.0,0.0
2023-04-28 00:00:00-04:00,24.34176393714365,24.65961123389391,24.34176393714365,24.63312339782715,2200,0.0,0.0,0.0
2023-05-01 00:00:00-04:00,24.641947816570283,24.703751071191018,24.597803115844727,24.597803115844727,3000,0.0,0.0,0.0
2023-05-02 00:00:00-04:00,24.44771381900902,24.44771381900902,23.97094286956185,24.142227172851562,2700,0.0,0.0,0.0
2023-05-03 00:00:00-04:00,24.085714824209607,24.2163840704629,23.86233901977539,23.86233901977539,10400,0.0,0.0,0.0
2023-05-04 00:00:00-04:00,23.812016607767877,23.812016607767877,23.511827898602522,23.602767944335938,13200,0.0,0.0,0.0
2023-05-05 00:00:00-04:00,23.838507054184355,24.09455108642578,23.838507054184355,24.09455108642578,28100,0.0,0.0,0.0
2023-05-08 00:00:00-04:00,24.182833969748508,24.182833969748508,23.926791690725018,24.032739639282227,11400,0.0,0.0,0.0
2023-05-09 00:00:00-04:00,23.89147845213327,23.948867915897644,23.795242186816132,23.856163024902344,9700,0.0,0.0,0.0
2023-05-10 00:00:00-04:00,24.068061090491945,24.068061090491945,23.5736333119234,23.777584075927734,14300,0.0,0.0,0.0
2023-05-11 00:00:00-04:00,23.66192261381714,23.69017697681425,23.510063411767412,23.6372013092041,25600,0.0,0.0,0.0
2023-05-12 00:00:00-04:00,23.661915577234154,23.68928582548959,23.52065054030832,23.68752098083496,26000,0.0,0.0,0.0
2023-05-15 00:00:00-04:00,23.732559290646307,23.863230269247296,23.6804677205572,23.8570499420166,6400,0.0,0.0,0.0
2023-05-16 00:00:00-04:00,23.61336051971642,23.61336051971642,23.483572006225586,23.483572006225586,6900,0.0,0.0,0.0
2023-05-17 00:00:00-04:00,23.64426659853477,23.920616440263498,23.5736340565083,23.88265037536621,4900,0.0,0.0,0.0
2023-05-18 00:00:00-04:00,23.83850395265867,24.095430374145508,23.8120161198001,24.095430374145508,25600,0.0,0.0,0.0
2023-05-19 00:00:00-04:00,24.191668518357123,24.191668518357123,23.962112334438324,24.059232711791992,164500,0.0,0.0,0.0
2023-05-22 00:00:00-04:00,24.076884237734625,24.173120480346977,24.006251715924385,24.125444412231445,6500,0.0,0.0,0.0
2023-05-23 00:00:00-04:00,24.07688801329446,24.372661218502017,24.07688801329446,24.12103271484375,4100,0.0,0.0,0.0
2023-05-24 00:00:00-04:00,23.891476856394615,23.891476856394615,23.806718826293945,23.806718826293945,1500,0.0,0.0,0.0
2023-05-25 00:00:00-04:00,23.750218802129385,23.750218802129385,23.56039349585183,23.68841552734375,4200,0.0,0.0,0.0
2023-05-26 00:00:00-04:00,23.70612744152532,23.87444496154785,23.70612744152532,23.87444496154785,3000,0.09,0.0,0.0
2023-05-30 00:00:00-04:00,23.892159159164812,23.892159159164812,23.79471360535101,23.822175979614258,9600,0.0,0.0,0.0
2023-05-31 00:00:00-04:00,23.65297419266382,23.65297419266382,23.484656679546177,23.559955596923828,56400,0.0,0.0,0.0
2023-06-01 00:00:00-04:00,23.599819646397922,23.68840789794922,23.520090388969795,23.68840789794922,1800,0.0,0.0,0.0
2023-06-02 00:00:00-04:00,23.949744203389574,24.316497802734375,23.949744203389574,24.316497802734375,8800,0.0,0.0,0.0
2023-06-05 00:00:00-04:00,24.32624176119709,24.32624176119709,24.12248995289607,24.175643920898438,19000,0.0,0.0,0.0
2023-06-06 00:00:00-04:00,24.131344288552874,24.45912026922896,24.131344288552874,24.394451141357422,2600,0.0,0.0,0.0
2023-06-07 00:00:00-04:00,24.47684176688256,24.928640365600586,24.47684176688256,24.928640365600586,1400,0.0,0.0,0.0
2023-06-08 00:00:00-04:00,24.848908111329425,24.85776710510254,24.71602658409328,24.85776710510254,1300,0.0,0.0,0.0
2023-06-09 00:00:00-04:00,24.786903591719664,24.912698634051484,24.724892308108362,24.76032829284668,5600,0.0,0.0,0.0
2023-06-12 00:00:00-04:00,24.921550681003957,24.921550681003957,24.733744407429544,24.858654022216797,6500,0.0,0.0,0.0
2023-06-13 00:00:00-04:00,24.95522233999516,25.141256199775682,24.95522233999516,25.09430503845215,5800,0.0,0.0,0.0
2023-06-14 00:00:00-04:00,25.088099254643993,25.194405504565257,24.963191311877097,24.97559356689453,4200,0.0,0.0,0.0
2023-06-15 00:00:00-04:00,25.03494181634121,25.265270568980068,25.03494181634121,25.259069442749023,5900,0.0,0.0,0.0
2023-06-16 00:00:00-04:00,25.238694425948232,25.287418045001143,25.20326014188808,25.24578094482422,1600,0.0,0.0,0.0
2023-06-20 00:00:00-04:00,25.1058168830243,25.1058168830243,24.928640365600586,24.928640365600586,3000,0.0,0.0,0.0
2023-06-21 00:00:00-04:00,24.857765533629756,24.93749478286713,24.760319987646444,24.851564407348633,6000,0.0,0.0,0.0
2023-06-22 00:00:00-04:00,24.769182644296887,24.769182644296887,24.57783308064478,24.668193817138672,2600,0.0,0.0,0.0
2023-06-23 00:00:00-04:00,24.467977504915364,24.556564048759533,24.4414005279541,24.4414005279541,6200,0.0,0.0,0.0
2023-06-26 00:00:00-04:00,24.405970215223807,24.721343994140625,24.405970215223807,24.721343994140625,2900,0.0,0.0,0.0
2023-06-27 00:00:00-04:00,24.733743235776327,24.956985473632812,24.71602524918704,24.956985473632812,3400,0.0,0.0,0.0
2023-06-28 00:00:00-04:00,24.813014691468556,24.888554932371783,24.768579455066142,24.887666702270508,4000,0.09,0.0,0.0
2023-06-29 00:00:00-04:00,24.848559319784897,25.11517578891757,24.848559319784897,25.10806655883789,9500,0.0,0.0,0.0
2023-06-30 00:00:00-04:00,25.204051816435094,25.28936767578125,25.167614040263253,25.28936767578125,3500,0.0,0.0,0.0
2023-07-03 00:00:00-04:00,25.186279718083917,25.520437349974337,25.186279718083917,25.463560104370117,1500,0.0,0.0,0.0
2023-07-05 00:00:00-04:00,25.25737939756381,25.417348995990878,25.25737939756381,25.337364196777344,6100,0.0,0.0,0.0
2023-07-06 00:00:00-04:00,25.008533845707323,25.111626177882886,25.008533845707323,25.109848022460938,2100,0.0,0.0,0.0
2023-07-07 00:00:00-04:00,25.320470884393764,25.417342203937586,25.209381103515625,25.209381103515625,1300,0.0,0.0,0.0
2023-07-10 00:00:00-04:00,25.212940703632945,25.43067575330984,25.212940703632945,25.270706176757812,1700,0.0,0.0,0.0
2023-07-11 00:00:00-04:00,25.355135104817744,25.707067489624023,25.355135104817744,25.707067489624023,2000,0.0,0.0,0.0
2023-07-12 00:00:00-04:00,25.879484307280737,25.950581721788538,25.72840208956465,25.74528694152832,7100,0.0,0.0,0.0
2023-07-13 00:00:00-04:00,25.719510259592152,25.843930289721804,25.719510259592152,25.827045440673828,52400,0.0,0.0,0.0
2023-07-14 00:00:00-04:00,25.843928615281836,25.843928615281836,25.50710463047113,25.55331802368164,8700,0.0,0.0,0.0
2023-07-17 00:00:00-04:00,25.381793443446043,25.55065039021685,25.381793443446043,25.50265884399414,9100,0.0,0.0,0.0
2023-07-18 00:00:00-04:00,25.461778358443212,25.710620086837817,25.461778358443212,25.65018653869629,9900,0.0,0.0,0.0
2023-07-19 00:00:00-04:00,25.683964748030082,25.843934351967555,25.683964748030082,25.817272186279297,16700,0.0,0.0,0.0
2023-07-20 00:00:00-04:00,25.759504413777957,25.878591680723158,25.759504413777957,25.852819442749023,9300,0.0,0.0,0.0
2023-07-21 00:00:00-04:00,25.932795910751036,25.932795910751036,25.782601987279243,25.826148986816406,2400,0.0,0.0,0.0
2023-07-24 00:00:00-04:00,25.880367489298514,25.97634889540674,25.880367489298514,25.916805267333984,5800,0.0,0.0,0.0
2023-07-25 00:00:00-04:00,25.85725673127232,25.9683465119112,25.85725673127232,25.91769027709961,5000,0.0,0.0,0.0
2023-07-26 00:00:00-04:00,25.89724521788391,25.974563598632812,25.89724521788391,25.974563598632812,4600,0.0,0.0,0.0
2023-07-27 00:00:00-04:00,26.17336568492006,26.226853012248526,25.92375532350141,25.962980270385742,4100,0.09,0.0,0.0
2023-07-28 00:00:00-04:00,26.146625436491156,26.16445511528643,26.031626898825625,26.118989944458008,10600,0.0,0.0,0.0
2023-07-31 00:00:00-04:00,26.137710360556092,26.298174067597905,26.111858516769125,26.203678131103516,11200,0.0,0.0,0.0
2023-08-01 00:00:00-04:00,26.137709911538366,26.15553958986599,25.95050339009342,26.06639289855957,6700,0.0,0.0,0.0
2023-08-02 00:00:00-04:00,25.86135438226465,26.021818072176387,25.790037375674054,25.928213119506836,10900,0.0,0.0,0.0
2023-08-03 00:00:00-04:00,25.816779530338273,26.012902568696486,25.691975197078694,25.92286491394043,8200,0.0,0.0,0.0
2023-08-04 00:00:00-04:00,25.88809436741153,26.128788159830506,25.745458678857442,25.755266189575195,7500,0.0,0.0,0.0
2023-08-07 00:00:00-04:00,25.95049430053609,26.102043112575206,25.928206360267392,26.054794311523438,3800,0.0,0.0,0.0
2023-08-08 00:00:00-04:00,25.72763658494963,25.996858596801758,25.629575058012843,25.996858596801758,8400,0.0,0.0,0.0
2023-08-09 00:00:00-04:00,26.00398768416546,26.155536531566646,25.932670679525575,25.96030616760254,11600,0.0,0.0,0.0
2023-08-10 00:00:00-04:00,26.128792937686498,26.128792937686498,25.834610070641858,25.862245559692383,6300,0.0,0.0,0.0
2023-08-11 00:00:00-04:00,25.853330070156858,25.932670940002403,25.834609420013283,25.874725341796875,4600,0.0,0.0,0.0
2023-08-14 00:00:00-04:00,25.80786583283299,25.870267998109455,25.675928611725986,25.691974639892578,7500,0.0,0.0,0.0
2023-08-15 00:00:00-04:00,25.647400803960036,25.647400803960036,25.317558618675687,25.344303131103516,9000,0.0,0.0,0.0
2023-08-16 00:00:00-04:00,25.272987194641065,25.28903322264012,25.067951025064453,25.115198135375977,7000,0.0,0.0,0.0
2023-08-17 00:00:00-04:00,25.246241417375977,25.268527660721983,25.10271644592285,25.10271644592285,2100,0.0,0.0,0.0
2023-08-18 00:00:00-04:00,25.059035581614207,25.272986583871198,25.059035581614207,25.1927547454834,4900,0.0,0.0,0.0
2023-08-21 00:00:00-04:00,25.18384611938403,25.18384611938403,25.00555272336185,25.125009536743164,9200,0.0,0.0,0.0
2023-08-22 00:00:00-04:00,25.174922898026765,25.174922898026765,24.862910409032633,24.886089324951172,2400,0.0,0.0,0.0
2023-08-23 00:00:00-04:00,24.88074201189045,24.974345255746822,24.86737060571994,24.96988868713379,1600,0.0,0.0,0.0
2023-08-24 00:00:00-04:00,24.95295280708695,24.98772118759176,24.845087171207457,24.871829986572266,4900,0.0,0.0,0.0
2023-08-25 00:00:00-04:00,24.969890508486134,25.040316540095212,24.84597714796215,24.9422550201416,2900,0.0,0.0,0.0
2023-08-28 00:00:00-04:00,25.023380836196626,25.192759381778913,25.023380836196626,25.169580459594727,2600,0.0,0.0,0.0
2023-08-29 00:00:00-04:00,25.1838849774921,25.47006521722766,25.1838849774921,25.429821014404297,2200,0.09,0.0,0.0
2023-08-30 00:00:00-04:00,25.3895826937401,25.458444595336914,25.348444658545386,25.458444595336914,3200,0.0,0.0,0.0
2023-08-31 00:00:00-04:00,25.505834559897302,25.532662887017356,25.371687806991506,25.420873641967773,3900,0.0,0.0,0.0
2023-09-01 00:00:00-04:00,25.57739151559531,25.67576493711234,25.505846433687783,25.622106552124023,8900,0.0,0.0,0.0
2023-09-05 00:00:00-04:00,25.559498359463575,25.639986769490253,25.343969345092773,25.343969345092773,2000,0.0,0.0,0.0
2023-09-06 00:00:00-04:00,25.291205723033855,25.291205723033855,25.049740484108348,25.174943923950195,3200,0.0,0.0,0.0
2023-09-07 00:00:00-04:00,25.157954884679558,25.157954884679558,24.948684310959457,25.00502586364746,4500,0.0,0.0,0.0
2023-09-08 00:00:00-04:00,25.040794017252217,25.201770823143264,25.040794017252217,25.186567306518555,5300,0.0,0.0,0.0
2023-09-11 00:00:00-04:00,25.362751851534405,25.362751851534405,25.148116643202524,25.219661712646484,5300,0.0,0.0,0.0
2023-09-12 00:00:00-04:00,25.237547001352947,25.29210090637207,25.237547001352947,25.29210090637207,2300,0.0,0.0,0.0
2023-09-13 00:00:00-04:00,25.291207213387512,25.291207213387512,25.01396857201647,25.063156127929688,5300,0.0,0.0,0.0
2023-09-14 00:00:00-04:00,25.282265506092138,25.46112734146834,25.282265506092138,25.431615829467773,9900,0.0,0.0,0.0
2023-09-15 00:00:00-04:00,25.31803231931042,25.43429411041522,25.28852081298828,25.28852081298828,2200,0.0,0.0,0.0
2023-09-18 00:00:00-04:00,25.264372108995726,25.264372108995726,25.16868019104004,25.16868019104004,5800,0.0,0.0,0.0
2023-09-19 00:00:00-04:00,25.219659591744023,25.291204655171246,25.030958911257734,25.125755310058594,10800,0.0,0.0,0.0
2023-09-20 00:00:00-04:00,25.237551579285395,25.309096662559547,24.9898278158766,25.020233154296875,3800,0.0,0.0,0.0
2023-09-21 00:00:00-04:00,24.93348409352386,24.942427441990947,24.66161346435547,24.66161346435547,4500,0.0,0.0,0.0
2023-09-22 00:00:00-04:00,24.75014678583482,24.75014678583482,24.50331687927246,24.50331687927246,700,0.0,0.0,0.0
2023-09-25 00:00:00-04:00,24.48632341199715,24.602585219716126,24.477381770574826,24.54624366760254,8500,0.0,0.0,0.0
2023-09-26 00:00:00-04:00,24.352179649961528,24.4684414721668,24.182261149460402,24.218032836914062,6300,0.0,0.0,0.0
2023-09-27 00:00:00-04:00,24.285311435025996,24.339138761689195,24.200084691880942,24.23955726623535,4400,0.085,0.0,0.0
2023-09-28 00:00:00-04:00,24.2045685905428,24.522152713686797,24.2045685905428,24.503313064575195,4700,0.0,0.0,0.0
2023-09-29 00:00:00-04:00,24.680053483460703,24.6890249913341,24.47999382019043,24.47999382019043,1400,0.0,0.0,0.0
2023-10-02 00:00:00-04:00,24.473709919280143,24.473709919280143,24.07000068693301,24.17047882080078,3200,0.0,0.0,0.0
2023-10-03 00:00:00-04:00,23.99375269366396,23.99375269366396,23.756011980105242,23.877124786376953,12700,0.0,0.0,0.0
2023-10-04 00:00:00-04:00,23.621436467122162,23.908517837524414,23.621436467122162,23.908517837524414,2600,0.0,0.0,0.0
2023-10-05 00:00:00-04:00,23.884297174515503,23.884297174515503,23.693209025863833,23.785614013671875,3600,0.0,0.0,0.0
2023-10-06 00:00:00-04:00,23.63937685332214,23.88160237435604,23.63937685332214,23.83315658569336,4900,0.0,0.0,0.0
2023-10-09 00:00:00-04:00,23.738068228351207,24.101406635938748,23.738068228351207,24.09781837463379,3300,0.0,0.0,0.0
2023-10-10 00:00:00-04:00,24.168691545858824,24.472817645992937,24.168691545858824,24.317615509033203,3200,0.0,0.0,0.0
2023-10-11 00:00:00-04:00,24.303256159531312,24.335552215576172,24.18931990374309,24.335552215576172,7400,0.0,0.0,0.0
2023-10-12 00:00:00-04:00,24.222519559638442,24.222519559638442,23.971322444490923,24.11037826538086,11100,0.0,0.0,0.0
2023-10-13 00:00:00-04:00,24.096918128415943,24.10588963590497,24.001821517944336,24.001821517944336,2100,0.0,0.0,0.0
2023-10-16 00:00:00-04:00,24.352595541667338,24.352595541667338,24.22251127415113,24.316709518432617,2700,0.0,0.0,0.0
2023-10-17 00:00:00-04:00,24.357082910705238,24.581365445262634,24.357082910705238,24.52843475341797,4300,0.0,0.0,0.0
2023-10-18 00:00:00-04:00,24.343630355058156,24.357086761694347,24.259300231933594,24.259300231933594,2900,0.0,0.0,0.0
2023-10-19 00:00:00-04:00,24.186633496724223,24.209959762007234,23.948894500732422,23.948894500732422,3300,0.0,0.0,0.0
2023-10-20 00:00:00-04:00,23.827776784233635,23.827776784233635,23.620540618896484,23.620540618896484,4200,0.0,0.0,0.0
2023-10-23 00:00:00-04:00,23.459955006592004,23.54966837118645,23.338842221060517,23.34063720703125,8900,0.0,0.0,0.0
2023-10-24 00:00:00-04:00,23.459950255735098,23.594519419805216,23.459950255735098,23.53620719909668,5100,0.0,0.0,0.0
2023-10-25 00:00:00-04:00,23.468924580267185,23.468924580267185,23.25361354966675,23.300264358520508,12700,0.0,0.0,0.0
2023-10-26 00:00:00-04:00,23.1908162929705,23.343328497262377,23.163901770634258,23.208759307861328,9100,0.0,0.0,0.0
2023-10-27 00:00:00-04:00,23.080951924069158,23.110654516326683,22.780334635004337,22.79383659362793,14000,0.084,0.0,0.0
2023-10-30 00:00:00-04:00,22.951345067676346,23.094453811645508,22.912643458741332,23.094453811645508,16600,0.0,0.0,0.0
2023-10-31 00:00:00-04:00,23.132257871080157,23.294267654418945,23.114256402550396,23.294267654418945,4500,0.0,0.0,0.0
2023-11-01 00:00:00-04:00,23.356365157472492,23.42836929526493,23.03684518659912,23.34736442565918,27000,0.0,0.0,0.0
2023-11-02 00:00:00-04:00,23.45536887065043,23.875694274902344,23.45536887065043,23.875694274902344,24500,0.0,0.0,0.0
2023-11-03 00:00:00-04:00,24.247417223847744,24.287919659013802,24.166412353515625,24.166412353515625,4700,0.0,0.0,0.0
2023-11-06 00:00:00-05:00,24.076407030468996,24.114209074833777,24.027803421020508,24.027803421020508,2300,0.0,0.0,0.0
2023-11-07 00:00:00-05:00,23.873904004196334,23.896404984460865,23.838802337646484,23.838802337646484,8000,0.0,0.0,0.0
2023-11-08 00:00:00-05:00,23.869395808562196,23.869395808562196,23.671383134177326,23.716386795043945,13700,0.0,0.0,0.0
2023-11-09 00:00:00-05:00,23.815388942770884,23.815388942770884,23.44636754555073,23.5003719329834,16700,0.0,0.0,0.0
2023-11-10 00:00:00-05:00,23.572384128790002,23.716392444438622,23.455376299378916,23.662389755249023,14000,0.0,0.0,0.0
2023-11-13 00:00:00-05:00,23.57237617936149,23.64257947996151,23.50037204581949,23.576875686645508,8000,0.0,0.0,0.0
2023-11-14 00:00:00-05:00,23.833393666373567,24.392326620768696,23.833393666373567,24.30952262878418,169500,0.0,0.0,0.0
2023-11-15 00:00:00-05:00,24.40043215702329,24.575942179785216,24.40043215702329,24.5345401763916,6000,0.0,0.0,0.0
2023-11-16 00:00:00-05:00,24.490442444347515,24.517444653619986,24.08541960555006,24.1898250579834,30000,0.0,0.0,0.0
2023-11-17 00:00:00-05:00,24.265417736884658,24.382425538486334,24.24741798924251,24.349123001098633,10300,0.0,0.0,0.0
2023-11-20 00:00:00-05:00,24.337419214125212,24.39142188076066,24.25641435581513,24.375221252441406,6000,0.0,0.0,0.0
2023-11-21 00:00:00-05:00,24.202413697723852,24.274417836558662,24.157411754719874,24.229415893554688,1900,0.0,0.0,0.0
2023-11-22 00:00:00-05:00,24.319425582885742,24.400430467276138,24.256422165407518,24.319425582885742,8500,0.0,0.0,0.0
2023-11-24 00:00:00-05:00,24.301420527939456,24.43642807641852,24.301420527939456,24.400426864624023,5000,0.0,0.0,0.0
2023-11-27 00:00:00-05:00,24.31042082132078,24.411226272583008,24.31042082132078,24.411226272583008,2300,0.0,0.0,0.0
2023-11-28 00:00:00-05:00,24.422965518892813,24.504253387451172,24.38683604597969,24.504253387451172,2000,0.095,0.0,0.0
2023-11-29 00:00:00-05:00,24.775216719782318,24.864634227380673,24.698442459106445,24.698442459106445,6400,0.0,0.0,0.0
2023-11-30 00:00:00-05:00,24.82941795464876,24.97393243690238,24.82941795464876,24.966707229614258,11300,0.0,0.0,0.0
2023-12-01 00:00:00-05:00,24.973930038850458,25.416505813598633,24.973930038850458,25.416505813598633,2400,0.0,0.0,0.0
2023-12-04 00:00:00-05:00,25.244899346878622,25.58812082464585,25.244899346878622,25.561023712158203,11500,0.0,0.0,0.0
2023-12-05 00:00:00-05:00,25.38127948904711,25.38127948904711,25.217797569600968,25.253925323486328,4500,0.0,0.0,0.0
2023-12-06 00:00:00-05:00,25.21780238063396,25.391219422414235,25.21780238063396,25.2557373046875,2300,0.0,0.0,0.0
2023-12-07 00:00:00-05:00,25.335217088139963,25.45353889465332,25.335217088139963,25.45353889465332,4600,0.0,0.0,0.0
2023-12-08 00:00:00-05:00,25.497792655636665,25.59714698791504,25.45263253519095,25.59714698791504,6100,0.0,0.0,0.0
2023-12-11 00:00:00-05:00,25.54295143968558,25.701013565063477,25.54295143968558,25.701013565063477,3300,0.0,0.0,0.0
2023-12-12 00:00:00-05:00,25.561019248188092,25.597148725195307,25.55198860168457,25.55198860168457,23800,0.0,0.0,0.0
2023-12-13 00:00:00-05:00,25.425541142544883,25.895214080810547,25.38941338261982,25.895214080810547,12300,0.0,0.0,0.0
2023-12-14 00:00:00-05:00,26.193281506046286,26.856241817812762,26.193281506046286,26.823726654052734,6100,0.0,0.0,0.0
2023-12-15 00:00:00-05:00,26.646689246985435,26.753268802884836,26.500367606984213,26.627721786499023,3500,0.0,0.0,0.0
2023-12-18 00:00:00-05:00,26.640366542190016,26.64307470273867,26.59972173823047,26.60694694519043,4100,0.0,0.0,0.0
2023-12-19 00:00:00-05:00,26.545530306219337,26.825528639685267,26.545530306219337,26.822818756103516,10900,0.0,0.0,0.0
2023-12-20 00:00:00-05:00,26.79842681199442,26.95197364687417,26.51572036743164,26.51572036743164,7900,0.0,0.0,0.0
2023-12-21 00:00:00-05:00,26.509394948321606,26.696359634399414,26.49133021145233,26.696359634399414,11100,0.0,0.0,0.0
2023-12-22 00:00:00-05:00,26.970039233726876,26.970039233726876,26.73520278930664,26.73520278930664,12400,0.0,0.0,0.0
2023-12-26 00:00:00-05:00,26.78939664945225,27.006168365478516,26.78939664945225,27.006168365478516,4200,0.0,0.0,0.0
2023-12-27 00:00:00-05:00,27.006162737695036,27.013389665980487,26.911325454711914,26.911325454711914,6700,0.0,0.0,0.0
2023-12-28 00:00:00-05:00,26.86227113467353,26.990360426302868,26.86227113467353,26.898609161376953,2200,0.171,0.0,0.0
2023-12-29 00:00:00-05:00,26.916783916731575,26.916783916731575,26.735098930838635,26.78778839111328,13400,0.0,0.0,0.0
2024-01-02 00:00:00-05:00,26.762347583279077,27.221105714128793,26.762347583279077,27.125720977783203,7000,0.0,0.0,0.0
2024-01-03 00:00:00-05:00,27.04395852636498,27.04395852636498,26.807766544550887,26.835020065307617,6900,0.0,0.0,0.0
2024-01-04 00:00:00-05:00,26.80776918468285,26.912238425500064,26.77597427368164,26.77597427368164,2600,0.0,0.0,0.0
2024-01-05 00:00:00-05:00,26.70784507389471,27.09847030115233,26.70784507389471,26.97946548461914,2600,0.0,0.0,0.0
2024-01-08 00:00:00-05:00,26.844103245687265,27.16205406188965,26.844103245687265,27.16205406188965,1500,0.0,0.0,0.0
2024-01-09 00:00:00-05:00,26.875902989500105,26.953120447025707,26.82594079073985,26.915874481201172,5700,0.0,0.0,0.0
2024-01-10 00:00:00-05:00,26.93494755972785,26.93494755972785,26.744178102708133,26.907695770263672,3400,0.0,0.0,0.0
2024-01-11 00:00:00-05:00,26.825943506543876,26.825943506543876,26.623362234345947,26.75417709350586,4800,0.0,0.0,0.0
2024-01-12 00:00:00-05:00,26.93494533134062,26.93494533134062,26.62607903655393,26.698753356933594,2300,0.0,0.0,0.0
2024-01-16 00:00:00-05:00,26.53523516768764,26.53523516768764,26.317212210946195,26.47164535522461,17900,0.0,0.0,0.0
2024-01-17 00:00:00-05:00,26.371724102809303,26.379898947234707,26.180952897620354,26.225465774536133,71100,0.0,0.0,0.0
2024-01-18 00:00:00-05:00,26.162778247539446,26.162778247539446,25.908419005651023,26.126441955566406,19900,0.0,0.0,0.0
2024-01-19 00:00:00-05:00,26.14461243484166,26.367176783981847,26.03560008742123,26.308128356933594,2500,0.0,0.0,0.0
2024-01-22 00:00:00-05:00,26.3989716806502,26.598827362060547,26.3989716806502,26.598827362060547,6500,0.0,0.0,0.0
2024-01-23 00:00:00-05:00,26.68967186924276,26.698756376904353,26.589745750350595,26.653335571289062,2000,0.0,0.0,0.0
2024-01-24 00:00:00-05:00,26.716926277016487,26.789600608023317,26.498903283996,26.50344467163086,33200,0.0,0.0,0.0
2024-01-25 00:00:00-05:00,26.74417732050326,26.973100662231445,26.74417732050326,26.973100662231445,5000,0.0,0.0,0.0
2024-01-26 00:00:00-05:00,27.034876342636437,27.093924776337307,26.993088993372556,27.060312271118164,4500,0.0,0.0,0.0
2024-01-29 00:00:00-05:00,27.021120146171118,27.083091735839844,26.961882801721426,27.083091735839844,5500,0.095,0.0,0.0
2024-01-30 00:00:00-05:00,27.021128453922,27.04391152010401,26.902655466833625,27.027507781982422,5500,0.0,0.0,0.0
2024-01-31 00:00:00-05:00,26.966449308609256,26.989232375265384,26.54723358154297,26.54723358154297,11100,0.0,0.0,0.0
2024-02-01 00:00:00-05:00,26.638360374734724,26.720380783081055,26.301166907742996,26.720380783081055,8800,0.0,0.0,0.0
2024-02-02 00:00:00-05:00,26.446996567991345,26.61194832011096,26.25561492008077,26.51078987121582,7900,0.0,0.0,0.0
2024-02-05 00:00:00-05:00,26.419639376819564,26.419639376819564,26.19180529967738,26.27109146118164,3900,0.0,0.0,0.0
2024-02-06 00:00:00-05:00,26.255596421540968,26.483430480099166,26.255596421540968,26.37224769592285,6800,0.0,0.0,0.0
2024-02-07 00:00:00-05:00,26.474325372652412,26.474325372652412,26.219152257962822,26.346738815307617,4300,0.0,0.0,0.0
2024-02-08 00:00:00-05:00,26.410531568921037,26.410531568921037,26.246490719460983,26.364965438842773,2400,0.0,0.0,0.0
2024-02-09 00:00:00-05:00,26.374077365914484,26.392302773866074,26.21003652669586,26.355850219726562,12000,0.0,0.0,0.0
2024-02-12 00:00:00-05:00,26.36496572879139,26.72220982441983,26.36496572879139,26.692134857177734,3700,0.0,0.0,0.0
2024-02-13 00:00:00-05:00,26.355846914356203,26.355846914356203,26.064219564868708,26.155353546142578,3400,0.0,0.0,0.0
2024-02-14 00:00:00-05:00,26.282941818237305,26.319394370220177,26.210034976035328,26.282941818237305,6700,0.0,0.0,0.0
2024-02-15 00:00:00-05:00,26.437866317407646,26.761390287291693,26.437866317407646,26.683927536010742,14800,0.0,0.0,0.0
2024-02-16 00:00:00-05:00,26.756834370607656,26.779617430499933,26.683927536010742,26.683927536010742,2000,0.0,0.0,0.0
2024-02-20 00:00:00-05:00,26.592796411568692,26.784176221081804,26.592796411568692,26.71126937866211,4600,0.0,0.0,0.0
2024-02-21 00:00:00-05:00,26.804229044044796,26.82245445251465,26.683932656961836,26.82245445251465,3000,0.0,0.0,0.0
2024-02-22 00:00:00-05:00,26.825185361008067,26.963708877563477,26.825185361008067,26.963708877563477,2500,0.0,0.0,0.0
2024-02-23 00:00:00-05:00,26.911764578926288,27.073071163810553,26.911764578926288,26.95733070373535,10400,0.0,0.0,0.0
2024-02-26 00:00:00-05:00,27.02112509437727,27.02112509437727,26.78417741142377,26.800582885742188,2500,0.0,0.0,0.0
2024-02-27 00:00:00-05:00,26.88012050924876,26.944120517986846,26.817034288101375,26.8709774017334,11100,0.095,0.0,0.0
2024-02-28 00:00:00-05:00,26.83441348788047,26.94961353268265,26.83441348788047,26.877384185791016,2200,0.0,0.0,0.0
2024-02-29 00:00:00-05:00,26.989843747665475,27.108700691500495,26.90938507614736,27.00172996520996,9900,0.0,0.0,0.0
2024-03-01 00:00:00-05:00,27.072126646531466,27.09864044189453,26.97155419150787,27.09864044189453,4400,0.0,0.0,0.0
2024-03-04 00:00:00-05:00,27.09040881342502,27.36743993501497,27.09040881342502,27.245838165283203,4600,0.0,0.0,0.0
2024-03-05 00:00:00-05:00,27.264125790666274,27.52927071089638,27.264125790666274,27.365612030029297,7400,0.0,0.0,0.0
2024-03-06 00:00:00-05:00,27.542991419775618,27.620705247304883,27.483562070337282,27.587791442871094,5100,0.0,0.0,0.0
2024-03-07 00:00:00-05:00,27.67555821375001,27.67555821375001,27.597842658355187,27.602415084838867,4300,0.0,0.0,0.0
2024-03-08 00:00:00-05:00,27.766982941869816,27.803553628307043,27.721267403986456,27.73863983154297,6700,0.0,0.0,0.0
2024-03-11 00:00:00-04:00,27.71212580396086,27.885841369628906,27.653612004930334,27.885841369628906,2400,0.0,0.0,0.0
2024-03-12 00:00:00-04:00,27.89498469181993,28.004698501811692,27.840127786824045,27.89864158630371,35300,0.0,0.0,0.0
2024-03-13 00:00:00-04:00,27.894984493426964,28.082413849376977,27.894984493426964,28.001956939697266,10100,0.0,0.0,0.0
2024-03-14 00:00:00-04:00,27.70298270665297,27.70298270665297,27.529268884786966,27.66823959350586,1100,0.0,0.0,0.0
2024-03-15 00:00:00-04:00,27.830986059525255,27.830986059525255,27.72858428955078,27.72858428955078,5300,0.0,0.0,0.0
2024-03-18 00:00:00-04:00,27.684703362333842,27.810874091888266,27.65818782083649,27.759674072265625,3700,0.0,0.0,0.0
2024-03-19 00:00:00-04:00,27.757845814630663,27.938875198364258,27.757845814630663,27.938875198364258,2900,0.0,0.0,0.0
2024-03-20 00:00:00-04:00,27.86755713027799,28.188472747802734,27.86755713027799,28.188472747802734,2600,0.0,0.0,0.0
2024-03-21 00:00:00-04:00,28.19670662486268,28.443565368652344,28.19670662486268,28.443565368652344,5400,0.0,0.0,0.0
2024-03-22 00:00:00-04:00,28.388699311511576,28.388699311511576,28.228699284370638,28.23875617980957,6600,0.0,0.0,0.0
2024-03-25 00:00:00-04:00,28.251561778407094,28.251561778407094,28.196704864501953,28.196704864501953,1600,0.0,0.0,0.0
2024-03-26 00:00:00-04:00,28.17835885796852,28.17835885796852,28.01419448852539,28.01419448852539,2400,0.095,0.0,0.0
2024-03-27 00:00:00-04:00,28.045380738832606,28.5176944732666,28.045380738832606,28.5176944732666,5300,0.0,0.0,0.0
2024-03-28 00:00:00-04:00,28.59565069425365,28.802001953125,28.59565069425365,28.802001953125,2000,0.0,0.0,0.0
2024-04-01 00:00:00-04:00,28.889128210545913,28.889128210545913,28.632335330052484,28.678192138671875,2200,0.0,0.0,0.0
2024-04-02 00:00:00-04:00,28.513105622590228,28.513105622590228,28.375538721801842,28.44890785217285,4200,0.0,0.0,0.0
2024-04-03 00:00:00-04:00,28.540619702451124,28.540619702451124,28.439736492219218,28.44890785217285,3300,0.0,0.0,0.0
2024-04-04 00:00:00-04:00,28.806577336888907,28.806577336888907,28.210453033447266,28.210453033447266,7600,0.0,0.0,0.0
2024-04-05 00:00:00-04:00,28.237981670001943,28.27008056640625,28.237981670001943,28.27008056640625,4000,0.0,0.0,0.0
2024-04-08 00:00:00-04:00,28.421396980077056,28.421396980077056,28.311344146728516,28.311344146728516,1200,0.0,0.0,0.0
2024-04-09 00:00:00-04:00,28.467252337109894,28.467252337109894,28.32968367853391,28.418643951416016,1700,0.0,0.0,0.0
2024-04-10 00:00:00-04:00,27.99493824181678,28.036208491529127,27.834443798078897,27.9188175201416,5300,0.0,0.0,0.0
2024-04-11 00:00:00-04:00,28.1554383022636,28.1554383022636,27.654692070502072,27.88855743408203,5500,0.0,0.0,0.0
2024-04-12 00:00:00-04:00,27.35754026788408,27.449252117359737,27.348368908010713,27.407981872558594,1100,0.0,0.0,0.0
2024-04-15 00:00:00-04:00,27.513452351891083,27.513452351891083,27.132848754712658,27.215389251708984,2700,0.0,0.0,0.0
2024-04-16 00:00:00-04:00,27.11909171472903,27.11909171472903,26.96685028076172,26.96685028076172,1300,0.0,0.0,0.0
2024-04-17 00:00:00-04:00,27.00903987147356,27.06406628661526,26.885229125461084,26.967769622802734,3800,0.0,0.0,0.0
2024-04-18 00:00:00-04:00,27.082410085608412,27.100751058546578,26.987030029296875,26.987030029296875,900,0.0,0.0,0.0
2024-04-19 00:00:00-04:00,27.311687546437984,27.311687546437984,27.210804328487402,27.247488021850586,1000,0.0,0.0,0.0
2024-04-22 00:00:00-04:00,27.330026681611663,27.59599087496632,27.330026681611663,27.46484375,3200,0.0,0.0,0.0
2024-04-23 00:00:00-04:00,27.41256553226631,27.669358350214903,27.41256553226631,27.606077194213867,7600,0.0,0.0,0.0
2024-04-24 00:00:00-04:00,27.5776487778083,27.7152156829834,27.5776487778083,27.7152156829834,1400,0.0,0.0,0.0
2024-04-25 00:00:00-04:00,27.43091083151913,27.43366241455078,27.34653711508649,27.43366241455078,1400,0.0,0.0,0.0
2024-04-26 00:00:00-04:00,27.527505668152436,27.545906828348,27.419860811322742,27.456663131713867,5600,0.095,0.0,0.0
2024-04-29 00:00:00-04:00,27.463110258523038,27.70783908221889,27.463110258523038,27.665517807006836,1200,0.0,0.0,0.0
2024-04-30 00:00:00-04:00,27.545909121832114,27.545909121832114,27.29749870300293,27.29749870300293,2300,0.0,0.0,0.0
2024-05-01 00:00:00-04:00,27.07669364067066,27.269900600104073,26.91384702279181,27.033451080322266,13200,0.0,0.0,0.0
2024-05-02 00:00:00-04:00,26.982843460216294,27.10428831226135,26.938683131607302,27.030685424804688,3300,0.0,0.0,0.0
2024-05-03 00:00:00-04:00,27.315903820586456,27.334303230147317,27.150296850717336,27.248741149902344,7800,0.0,0.0,0.0
2024-05-06 00:00:00-04:00,27.417097091674805,27.46309998650899,27.315894232701606,27.417097091674805,2700,0.0,0.0,0.0
2024-05-07 00:00:00-04:00,27.544067255986906,27.544067255986906,27.407902875977086,27.41250228881836,7000,0.0,0.0,0.0
2024-05-08 00:00:00-04:00,27.389507443632674,27.536713252980626,27.389507443632674,27.53303337097168,4500,0.0,0.0,0.0
2024-05-09 00:00:00-04:00,27.545910502423443,27.685754776000977,27.545910502423443,27.685754776000977,7700,0.0,0.0,0.0
2024-05-10 00:00:00-04:00,27.72071299527057,27.757515316205428,27.72071299527057,27.742794036865234,1300,0.0,0.0,0.0
2024-05-13 00:00:00-04:00,27.78511222000277,27.93691738035431,27.78511222000277,27.8577938079834,1200,0.0,0.0,0.0
2024-05-14 00:00:00-04:00,27.98752194709449,28.024322509765625,27.904718487545573,28.024322509765625,4500,0.0,0.0,0.0
2024-05-15 00:00:00-04:00,28.107125447279465,28.107125447279465,28.033522568473135,28.088726043701172,2400,0.0,0.0,0.0
2024-05-16 00:00:00-04:00,28.05192837396322,28.119091033935547,28.05192837396322,28.119091033935547,7000,0.0,0.0,0.0
2024-05-17 00:00:00-04:00,28.116332450096937,28.116332450096937,28.036289323043345,28.096092224121094,900,0.0,0.0,0.0
2024-05-20 00:00:00-04:00,28.079531577497896,28.097932739913233,28.001327514648438,28.001327514648438,2100,0.0,0.0,0.0
2024-05-21 00:00:00-04:00,27.969123976642496,27.969123976642496,27.88632050765452,27.95624351501465,2800,0.0,0.0,0.0
2024-05-22 00:00:00-04:00,27.88632251342423,27.9028828574467,27.72991614462285,27.786958694458008,7900,0.0,0.0,0.0
2024-05-23 00:00:00-04:00,27.637913828148704,27.68575404203988,27.486106872558594,27.486106872558594,2900,0.0,0.0,0.0
2024-05-24 00:00:00-04:00,27.625955720211024,27.68851722119098,27.576272928262846,27.613075256347656,1600,0.0,0.0,0.0
2024-05-28 00:00:00-04:00,27.69311074671752,27.69311074671752,27.32509634159402,27.395938873291016,2300,0.0,0.0,0.0
2024-05-29 00:00:00-04:00,27.233097790526553,27.233097790526553,27.060131072998047,27.060131072998047,400,0.0,0.0,0.0
2024-05-30 00:00:00-04:00,27.293648064797633,27.457944840659273,27.25672825203342,27.455177307128906,1800,0.095,0.0,0.0
2024-05-31 00:00:00-04:00,27.45979025893244,27.996063232421875,27.45979025893244,27.996063232421875,2800,0.0,0.0,0.0
2024-06-03 00:00:00-04:00,28.00437724056885,28.105909823742394,27.681320461803963,27.842849731445312,4700,0.0,0.0,0.0
2024-06-04 00:00:00-04:00,27.690550291208474,27.73670050415338,27.561328286548523,27.685935974121094,5800,0.0,0.0,0.0
2024-06-05 00:00:00-04:00,27.699780029298065,27.81054124194743,27.60747784507844,27.80038833618164,14400,0.0,0.0,0.0
2024-06-06 00:00:00-04:00,27.745928603000642,27.808694577509186,27.745928603000642,27.74685287475586,1400,0.0,0.0,0.0
2024-06-07 00:00:00-04:00,27.66286036053489,27.80039025480493,27.66286036053489,27.731164932250977,22400,0.0,0.0,0.0
2024-06-10 00:00:00-04:00,27.69977959752709,27.736699414328815,27.69977959752709,27.71270179748535,600,0.0,0.0,0.0
2024-06-11 00:00:00-04:00,27.42287687720642,27.60009765625,27.42287687720642,27.60009765625,2500,0.0,0.0,0.0
2024-06-12 00:00:00-04:00,27.819769938339,27.840077509148763,27.579784978223426,27.644397735595703,9200,0.0,0.0,0.0
2024-06-13 00:00:00-04:00,27.43210365414743,27.625938415527344,27.43210365414743,27.625938415527344,2700,0.0,0.0,0.0
2024-06-14 00:00:00-04:00,27.36749537104833,27.430261354997953,27.312114759663185,27.391494750976562,4300,0.0,0.0,0.0
2024-06-17 00:00:00-04:00,27.404416426698855,27.552099227905273,27.344419738546915,27.552099227905273,2700,0.0,0.0,0.0
2024-06-18 00:00:00-04:00,27.607479089048077,27.699781277426766,27.54286808533834,27.653629302978516,4900,0.0,0.0,0.0
2024-06-20 00:00:00-04:00,27.653625254674207,27.783771514892578,27.653625254674207,27.783771514892578,3100,0.0,0.0,0.0
2024-06-21 00:00:00-04:00,27.69054998745649,27.792082567442844,27.682242104169006,27.782852172851562,4000,0.0,0.0,0.0
2024-06-24 00:00:00-04:00,27.838234197797,28.209287980884184,27.838234197797,28.11513900756836,5100,0.0,0.0,0.0
2024-06-25 00:00:00-04:00,27.930534219649154,27.930534219649154,27.81977124802842,27.884382247924805,1800,0.0,0.0,0.0
2024-06-26 00:00:00-04:00,27.71823748161589,27.75238800048828,27.695160617950602,27.75238800048828,2900,0.0,0.0,0.0
2024-06-27 00:00:00-04:00,27.58386789417924,27.639424030178326,27.556088943130835,27.616275787353516,2900,0.095,0.0,0.0
2024-06-28 00:00:00-04:00,27.76905620958757,27.85239129845581,27.713500072374664,27.844057083129883,3100,0.0,0.0,0.0
2024-07-01 00:00:00-04:00,27.954244689264772,28.019060474712756,27.648683296368766,27.66534996032715,2600,0.0,0.0,0.0
2024-07-02 00:00:00-04:00,27.68572004831329,27.68572004831329,27.51904987703278,27.644052505493164,3400,0.0,0.0,0.0
2024-07-03 00:00:00-04:00,27.616276150213483,27.616276150213483,27.519050703315447,27.58294105529785,1000,0.0,0.0,0.0
2024-07-05 00:00:00-04:00,27.34312398593223,27.44034767150879,27.296825731302082,27.44034767150879,2400,0.0,0.0,0.0
2024-07-08 00:00:00-04:00,27.435713286160762,27.54682731628418,27.41719575288819,27.54682731628418,7800,0.0,0.0,0.0
2024-07-09 00:00:00-04:00,27.47276249056456,27.722767830281825,27.47276249056456,27.602394104003906,5300,0.0,0.0,0.0
2024-07-10 00:00:00-04:00,27.602385759122836,27.818130493164062,27.602385759122836,27.818130493164062,2900,0.0,0.0,0.0
2024-07-11 00:00:00-04:00,27.991285886663736,28.241291183297424,27.991285886663736,28.20888328552246,5400,0.0,0.0,0.0
2024-07-12 00:00:00-04:00,28.29684712840489,28.63018752157484,28.29684712840489,28.47648048400879,2700,0.0,0.0,0.0
2024-07-15 00:00:00-04:00,28.509813501435133,28.63944508215973,28.482034548666505,28.514442443847656,5200,0.0,0.0,0.0
2024-07-16 00:00:00-04:00,28.657970802273233,28.99871826171875,28.657970802273233,28.99871826171875,8000,0.0,0.0,0.0
2024-07-17 00:00:00-04:00,28.88944751329952,29.329269409179688,28.88944751329952,29.329269409179688,2100,0.0,0.0,0.0
2024-07-18 00:00:00-04:00,29.37093480245421,29.527419873823234,28.991298010271578,29.06259536743164,3200,0.0,0.0,0.0
2024-07-19 00:00:00-04:00,29.03760017106695,29.03760017106695,28.8246317398862,28.8968563079834,900,0.0,0.0,0.0
2024-07-22 00:00:00-04:00,28.73203743080232,29.03944969177246,28.73203743080232,29.03944969177246,1600,0.0,0.0,0.0
2024-07-23 00:00:00-04:00,28.94500817926407,28.94500817926407,28.903340630740118,28.926488876342773,4500,0.0,0.0,0.0
2024-07-24 00:00:00-04:00,28.963527010074213,28.984822618598443,28.772781372070312,28.772781372070312,3800,0.0,0.0,0.0
2024-07-25 00:00:00-04:00,28.71352352975541,29.06538147117512,28.71352352975541,28.83204460144043,2000,0.0,0.0,0.0
2024-07-26 00:00:00-04:00,29.445016277674405,29.445016277674405,29.343163646285984,29.398719787597656,1900,0.0,0.0,0.0
2024-07-29 00:00:00-04:00,29.4172360893596,29.43019924654661,29.28760275139177,29.385753631591797,4200,0.0,0.0,0.0
2024-07-30 00:00:00-04:00,29.50556680043419,29.69131056841085,29.50556680043419,29.678308486938477,8500,0.095,0.0,0.0
2024-07-31 00:00:00-04:00,29.71916806764891,29.7498168383333,29.62908172607422,29.62908172607422,2400,0.0,0.0,0.0
2024-08-01 00:00:00-04:00,29.691310210596388,29.691310210596388,29.12478968798393,29.222305297851562,3400,0.0,0.0,0.0
2024-08-02 00:00:00-04:00,28.994761753872577,28.994761753872577,28.42638313676668,28.621416091918945,4400,0.0,0.0,0.0
2024-08-05 00:00:00-04:00,27.908154329181777,28.028889436137916,27.694548243213685,27.901653289794922,7800,0.0,0.0,0.0
2024-08-06 00:00:00-04:00,28.326078797887092,28.511824285449734,28.29636001586914,28.29636001586914,21400,0.0,0.0,0.0
2024-08-07 00:00:00-04:00,28.563839683375207,28.576841764446325,28.053970336914062,28.053970336914062,2800,0.0,0.0,0.0
2024-08-08 00:00:00-04:00,28.242497553309764,28.658565875392327,28.242497553309764,28.65392303466797,4800,0.0,0.0,0.0
2024-08-09 00:00:00-04:00,28.688286016601246,28.76258387150359,28.548977760084426,28.716148376464844,9200,0.0,0.0,0.0
2024-08-12 00:00:00-04:00,28.474675243492324,28.511825050561864,28.47096061706543,28.47096061706543,800,0.0,0.0,0.0
2024-08-13 00:00:00-04:00,28.561978176307072,28.849882125854492,28.53968864399496,28.849882125854492,1400,0.0,0.0,0.0
2024-08-14 00:00:00-04:00,28.8350198764667,28.892601013183594,28.8350198764667,28.892601013183594,500,0.0,0.0,0.0
2024-08-15 00:00:00-04:00,29.199084493562776,29.280811600224723,29.199084493562776,29.23344612121582,2600,0.0,0.0,0.0
2024-08-16 00:00:00-04:00,29.10621115316326,29.333747547835188,29.10621115316326,29.32074546813965,1600,0.0,0.0,0.0
2024-08-19 00:00:00-04:00,29.319817132599233,29.579860496831333,29.319817132599233,29.551998138427734,2700,0.0,0.0,0.0
2024-08-20 00:00:00-04:00,29.440550229801183,29.477698267059413,29.39411296897793,29.403400421142578,2000,0.0,0.0,0.0
2024-08-21 00:00:00-04:00,29.412686601068398,29.592859268188477,29.412686601068398,29.592859268188477,2100,0.0,0.0,0.0
2024-08-22 00:00:00-04:00,29.545489022721867,29.546417236328125,29.486979680327543,29.546417236328125,600,0.0,0.0,0.0
2024-08-23 00:00:00-04:00,29.858478513867617,30.09251594543457,29.858478513867617,30.09251594543457,800,0.0,0.0,0.0
2024-08-26 00:00:00-04:00,30.220678522219263,30.285688916024345,30.137093224069762,30.163097381591797,1000,0.0,0.0,0.0
2024-08-27 00:00:00-04:00,30.034933213875426,30.12780419339137,29.99778340494874,30.10551643371582,3200,0.0,0.0,0.0
2024-08-28 00:00:00-04:00,30.127803433154998,30.127803433154998,29.943917906369336,30.008928298950195,3300,0.0,0.0,0.0
2024-08-29 00:00:00-04:00,30.123495931584607,30.272529782228766,30.123495931584607,30.173795700073242,1100,0.095,0.0,0.0
2024-08-30 00:00:00-04:00,30.349845008212974,30.440196990966797,30.188701671345402,30.440196990966797,2800,0.0,0.0,0.0
2024-09-03 00:00:00-04:00,30.32841797338821,30.337731034251284,30.00054208970245,30.12349510192871,3100,0.0,0.0,0.0
2024-09-04 00:00:00-04:00,30.114183135245757,30.207327960249607,29.927889931990745,29.975393295288086,2000,0.0,0.0,0.0
2024-09-05 00:00:00-04:00,30.039665555137237,30.039665555137237,29.729488372802734,29.729488372802734,800,0.0,0.0,0.0
2024-09-06 00:00:00-04:00,29.462161038414465,29.468681248140264,29.387644102030468,29.39975357055664,2000,0.0,0.0,0.0
2024-09-09 00:00:00-04:00,29.592564241283718,29.760227776619402,29.592564241283718,29.6158504486084,5100,0.0,0.0,0.0
2024-09-10 00:00:00-04:00,29.45749986894126,29.51804542541504,29.45749986894126,29.51804542541504,400,0.0,0.0,0.0
2024-09-11 00:00:00-04:00,29.053252499944065,29.527367729942974,29.053252499944065,29.518983840942383,11500,0.0,0.0,0.0
2024-09-12 00:00:00-04:00,29.52736531432796,29.713656769512454,29.415589019918116,29.690370559692383,8300,0.0,0.0,0.0
2024-09-13 00:00:00-04:00,29.797484762220762,30.03966522216797,29.797484762220762,30.03966522216797,3100,0.0,0.0,0.0
2024-09-16 00:00:00-04:00,30.216640054418107,30.319101490591624,30.13374279731143,30.263216018676758,3800,0.0,0.0,0.0
2024-09-17 00:00:00-04:00,30.468140033835084,30.477456649421665,30.300476485754093,30.325626373291016,2300,0.0,0.0,0.0
2024-09-18 00:00:00-04:00,30.46813651498374,30.607857306663732,30.40293442639903,30.42156410217285,2800,0.0,0.0,0.0
2024-09-19 00:00:00-04:00,30.645114848466957,30.76620240397498,30.589225824446014,30.75688934326172,4300,0.0,0.0,0.0
2024-09-20 00:00:00-04:00,30.440200088684946,30.613452911376953,30.440200088684946,30.613452911376953,1300,0.0,0.0,0.0
2024-09-23 00:00:00-04:00,30.741989654433876,30.87798309326172,30.673060207569996,30.87798309326172,1400,0.0,0.0,0.0
2024-09-24 00:00:00-04:00,30.952505640883302,31.045654044476183,30.905933215711,30.99069595336914,2000,0.0,0.0,0.0
2024-09-25 00:00:00-04:00,30.989751487453955,30.989751487453955,30.79600715637207,30.79600715637207,1100,0.0,0.0,0.0
2024-09-26 00:00:00-04:00,31.002803600388795,31.101537704467773,30.952503820731327,31.101537704467773,11300,0.0,0.0,0.0
2024-09-27 00:00:00-04:00,31.246324185772608,31.302369122197607,31.19961888428974,31.26500701904297,2700,0.095,0.0,0.0
2024-09-30 00:00:00-04:00,31.265007340645,31.341602325439453,31.129559470581167,31.341602325439453,2000,0.0,0.0,0.0
2024-10-01 00:00:00-04:00,31.29302627123966,31.321048736572266,31.13422754984061,31.321048736572266,3100,0.0,0.0,0.0
2024-10-02 00:00:00-04:00,31.283684334905576,31.301429994504495,31.222030639648438,31.222030639648438,3600,0.0,0.0,0.0
2024-10-03 00:00:00-04:00,31.2566018988407,31.2566018988407,31.13423520300343,31.205224990844727,3300,0.0,0.0,0.0
2024-10-04 00:00:00-04:00,31.33040272903666,31.554589655714018,31.33040272903666,31.547117233276367,8400,0.0,0.0,0.0
2024-10-07 00:00:00-04:00,31.489188643023752,31.489188643023752,31.15197121997982,31.25005340576172,1900,0.0,0.0,0.0
2024-10-08 00:00:00-04:00,31.236978403916446,31.236978403916446,30.966086252366168,31.127689361572266,6000,0.0,0.0,0.0
2024-10-09 00:00:00-04:00,31.106205717858217,31.255664825439457,31.096866082615854,31.255664825439453,1600,0.0,0.0,0.0
2024-10-10 00:00:00-04:00,31.255670626454297,31.26501382681695,31.148248765991834,31.198688507080078,2200,0.0,0.0,0.0
2024-10-11 00:00:00-04:00,31.395785027407324,31.47425079345703,31.395785027407324,31.47425079345703,600,0.0,0.0,0.0
2024-10-14 00:00:00-04:00,31.68535669076832,31.713382720947266,31.68535669076832,31.713382720947266,1500,0.0,0.0,0.0
2024-10-15 00:00:00-04:00,31.65733773802432,31.882461794624025,31.61623764038086,31.61623764038086,2000,0.0,0.0,0.0
2024-10-16 00:00:00-04:00,31.68535483473496,31.900205612182617,31.68535483473496,31.900205612182617,1500,0.0,0.0,0.0
2024-10-17 00:00:00-04:00,31.853499277249753,31.888997728415468,31.750749042421063,31.79184913635254,4600,0.0,0.0,0.0
2024-10-18 00:00:00-04:00,31.75074313944452,31.814260482788086,31.676011822496342,31.814260482788086,6600,0.0,0.0,0.0
2024-10-21 00:00:00-04:00,31.788112784720475,31.79558520551305,31.433149635063142,31.461172103881836,2800,0.0,0.0,0.0
2024-10-22 00:00:00-04:00,31.302358773249413,31.343462418209274,31.162242915124857,31.32664680480957,3100,0.0,0.0,0.0
2024-10-23 00:00:00-04:00,31.17159207985846,31.367760042640672,31.17159207985846,31.29022789001465,2800,0.0,0.0,0.0
2024-10-24 00:00:00-04:00,31.358417827295813,31.358417827295813,31.19027589014789,31.23231315612793,2000,0.0,0.0,0.0
2024-10-25 00:00:00-04:00,31.405120896035747,31.44248656016422,31.066036224365234,31.066036224365234,3000,0.0,0.0,0.0
2024-10-28 00:00:00-04:00,31.115543044195473,31.367755908774768,31.115543044195473,31.34720230102539,1900,0.0,0.0,0.0
2024-10-29 00:00:00-04:00,31.11554255617618,31.11554255617618,30.956740282427056,31.012788772583008,2500,0.0,0.0,0.0
2024-10-30 00:00:00-04:00,30.885618505101604,31.119387954439738,30.885618505101604,30.986608505249023,4000,0.034,0.0,0.0
2024-10-31 00:00:00-04:00,31.081984423811868,31.138086803099224,30.979125305733906,31.044580459594727,5300,0.0,0.0,0.0
2024-11-01 00:00:00-04:00,31.0997483753394,31.100682939392094,30.80145835876465,30.80145835876465,2900,0.0,0.0,0.0
2024-11-04 00:00:00-05:00,30.8201680084312,31.016533519500435,30.76406561500528,30.82577896118164,2300,0.0,0.0,0.0
2024-11-05 00:00:00-05:00,31.073567170505008,31.17923355102539,31.073567170505008,31.17923355102539,2300,0.0,0.0,0.0
2024-11-06 00:00:00-05:00,31.895512638388755,31.895512638388755,31.708496316258092,31.885225296020508,3200,0.0,0.0,0.0
2024-11-07 00:00:00-05:00,32.02641742689204,32.035766636205636,31.936649322509766,31.936649322509766,4300,0.0,0.0,0.0
2024-11-08 00:00:00-05:00,31.960961002236136,31.97031021118164,31.904855047446418,31.97031021118164,600,0.0,0.0,0.0
2024-11-11 00:00:00-05:00,32.138621050246634,32.21342898191658,32.07316589355469,32.07316589355469,2200,0.0,0.0,0.0
2024-11-12 00:00:00-05:00,31.9142081358794,31.9142081358794,31.605630732073234,31.725322723388672,3900,0.0,0.0,0.0
2024-11-13 00:00:00-05:00,31.764601261695617,31.849692989956417,31.689793308432755,31.74776840209961,4400,0.0,0.0,0.0
2024-11-14 00:00:00-05:00,31.86745842604029,31.86745842604029,31.708493318792627,31.74589729309082,1900,0.0,0.0,0.0
2024-11-15 00:00:00-05:00,31.68978697625656,31.82069730126884,31.456017519580676,31.61498260498047,3400,0.0,0.0,0.0
2024-11-18 00:00:00-05:00,31.68043659556593,31.820696124159692,31.68043659556593,31.797321319580078,1500,0.0,0.0,0.0
2024-11-19 00:00:00-05:00,31.540175605093147,31.72719188940599,31.51212441090985,31.702878952026367,2600,0.0,0.0,0.0
2024-11-20 00:00:00-05:00,31.77394521769631,31.853425979614258,31.65238409726718,31.853425979614258,4500,0.0,0.0,0.0
2024-11-21 00:00:00-05:00,32.01707722785954,32.349029541015625,32.01707722785954,32.349029541015625,2000,0.0,0.0,0.0
2024-11-22 00:00:00-05:00,32.38175123939375,32.62486994314395,32.38175123939375,32.56876754760742,6100,0.0,0.0,0.0
2024-11-25 00:00:00-05:00,32.839937900769854,32.99890301340149,32.77448272705078,32.77448272705078,2900,0.0,0.0,0.0
2024-11-26 00:00:00-05:00,32.737069416337896,32.8679832934847,32.662265053578146,32.849281311035156,2800,0.0,0.0,0.0
2024-11-27 00:00:00-05:00,32.96653767190397,32.96653767190397,32.67106423446642,32.680442810058594,1400,0.11,0.0,0.0
2024-11-29 00:00:00-05:00,32.96184932970171,32.96184932970171,32.935585021972656,32.935585021972656,1100,0.0,0.0,0.0
2024-12-02 00:00:00-05:00,32.933703266979705,32.933703266979705,32.642917363737304,32.71420669555664,7300,0.0,0.0,0.0
2024-12-03 00:00:00-05:00,32.83053097941965,32.83053097941965,32.62979507446289,32.62979507446289,2600,0.0,0.0,0.0
2024-12-04 00:00:00-05:00,32.63355049979238,32.63355049979238,32.380285959938185,32.45063781738281,2000,0.0,0.0,0.0
2024-12-05 00:00:00-05:00,32.445933094373174,32.60539389782602,32.445933094373174,32.505027770996094,2600,0.0,0.0,0.0
2024-12-06 00:00:00-05:00,32.6241667631314,32.6241667631314,32.354957580566406,32.354957580566406,2900,0.0,0.0,0.0
2024-12-09 00:00:00-05:00,32.38308518711091,32.38308518711091,32.12794575191589,32.155147552490234,4500,0.0,0.0,0.0
2024-12-10 00:00:00-05:00,32.098874218263546,32.098874218263546,31.791202552346384,31.843734741210938,6000,0.0,0.0,0.0
2024-12-11 00:00:00-05:00,31.967557398373483,31.967557398373483,31.8165340423584,31.8165340423584,7000,0.0,0.0,0.0
2024-12-12 00:00:00-05:00,31.770567312813647,31.84561023099569,31.70866012573242,31.708660125732422,5000,0.0,0.0,0.0
2024-12-13 00:00:00-05:00,31.75181272605108,31.75181272605108,31.58296970571999,31.611112594604492,2500,0.0,0.0,0.0
2024-12-16 00:00:00-05:00,31.61110577738495,31.639245081956975,31.3859806060791,31.3859806060791,1700,0.0,0.0,0.0
2024-12-17 00:00:00-05:00,31.189001200259778,31.226522661985907,31.09520112418799,31.162736892700195,4800,0.0,0.0,0.0
2024-12-18 00:00:00-05:00,31.165546297999644,31.18899810381106,30.30069923400879,30.30069923400879,5200,0.0,0.0,0.0
2024-12-19 00:00:00-05:00,30.494863081404,30.494863081404,30.164684295654297,30.164684295654297,6500,0.0,0.0,0.0
2024-12-20 00:00:00-05:00,30.082141659144913,30.748131470189925,30.082141659144913,30.626192092895508,3100,0.0,0.0,0.0
2024-12-23 00:00:00-05:00,30.56052696261509,30.757509231567383,30.37292326817549,30.757509231567383,16000,0.0,0.0,0.0
2024-12-24 00:00:00-05:00,30.766890916193347,30.926355324971684,30.673090848613068,30.903841018676758,2600,0.0,0.0,0.0
2024-12-26 00:00:00-05:00,30.860696973763655,30.996706008911133,30.860696973763655,30.996706008911133,6500,0.0,0.0,0.0
2024-12-27 00:00:00-05:00,30.87945143513107,30.935733622118825,30.70404595441776,30.76407814025879,1300,0.0,0.0,0.0
2024-12-30 00:00:00-05:00,30.598055279870305,30.63557674721023,30.33541216497898,30.541776657104492,7600,0.0,0.0,0.0
2024-12-31 00:00:00-05:00,30.636944430552845,30.674640705220774,30.636944430552845,30.64731216430664,5900,0.151,0.0,0.0
2025-01-02 00:00:00-05:00,30.872544532922127,30.90081853984045,30.627525907425348,30.724592208862305,3000,0.0,0.0,0.0
2025-01-03 00:00:00-05:00,30.881972017739205,31.09872024258558,30.7735961078584,31.070449829101562,7500,0.0,0.0,0.0
2025-01-06 00:00:00-05:00,31.230645139999968,31.275879946223544,31.023319244384766,31.023319244384766,8900,0.0,0.0,0.0
2025-01-07 00:00:00-05:00,31.10814195311348,31.218401596589377,30.92343521118164,30.92343521118164,2400,0.0,0.0,0.0
2025-01-08 00:00:00-05:00,30.646376186782593,30.9394588470459,30.646376186782593,30.9394588470459,1100,0.0,0.0,0.0
2025-01-10 00:00:00-05:00,30.844268111163768,30.844268111163768,30.533282854975614,30.569091796875,4000,0.0,0.0,0.0
2025-01-13 00:00:00-05:00,30.486168138814193,30.863123760109872,30.486168138814193,30.86029815673828,2600,0.0,0.0,0.0
2025-01-14 00:00:00-05:00,31.02332740460071,31.248559627424516,30.92909029721394,31.160919189453125,5900,0.0,0.0,0.0
2025-01-15 00:00:00-05:00,31.626456935519695,31.720694042372898,31.46624953997102,31.607608795166016,118600,0.0,0.0,0.0
2025-01-16 00:00:00-05:00,31.485091473716313,31.68864631652832,31.421950395724153,31.68864631652832,8200,0.0,0.0,0.0
2025-01-17 00:00:00-05:00,31.86204828839445,31.876183492708652,31.810216809299288,31.814926147460938,3500,0.0,0.0,0.0
2025-01-21 00:00:00-05:00,32.03168241936368,32.418060302734375,32.03168241936368,32.418060302734375,59100,0.0,0.0,0.0
2025-01-22 00:00:00-05:00,32.33324207793561,32.33324207793561,32.0363883972168,32.0363883972168,7500,0.0,0.0,0.0
2025-01-23 00:00:00-05:00,32.12591979235529,32.23900503857538,32.05995309915064,32.2182731628418,9700,0.0,0.0,0.0
2025-01-24 00:00:00-05:00,32.26728230513916,32.45575653623581,32.229586020953626,32.28989791870117,10200,0.0,0.0,0.0
2025-01-27 00:00:00-05:00,31.975139895959224,31.993988037109375,31.753678731089124,31.993988037109375,8500,0.0,0.0,0.0
2025-01-28 00:00:00-05:00,31.984554439744137,31.984554439744137,31.673569173207166,31.85262107849121,4300,0.0,0.0,0.0
2025-01-29 00:00:00-05:00,31.84319772135178,31.975131078103928,31.799846649169922,31.799846649169922,2400,0.0,0.0,0.0
2025-01-30 00:00:00-05:00,31.928433464683298,32.16385535878312,31.928433464683298,32.079708099365234,1800,0.11,0.0,0.0
2025-01-31 00:00:00-05:00,32.09862656906237,32.13644613963906,31.782840728759766,31.782840728759766,17300,0.0,0.0,0.0
2025-02-03 00:00:00-05:00,31.351701081234623,31.659923677644738,31.10588112659527,31.49352264404297,7800,0.0,0.0,0.0
2025-02-04 00:00:00-05:00,31.446245467985904,31.696797369194588,31.446245467985904,31.64479637145996,11600,0.0,0.0,0.0
2025-02-05 00:00:00-05:00,31.512425136848957,31.56442251740052,31.342240743514278,31.48594856262207,5000,0.0,0.0,0.0
2025-02-06 00:00:00-05:00,31.346977458461915,31.346977458461915,31.086976029690266,31.155048370361328,7800,0.0,0.0,0.0
2025-02-07 00:00:00-05:00,31.257151103539826,31.276060882865004,31.06711196899414,31.06711196899414,7600,0.0,0.0,0.0
2025-02-10 00:00:00-05:00,31.209875708690337,31.26093175360279,31.06521931921953,31.165441513061523,21700,0.0,0.0,0.0
2025-02-11 00:00:00-05:00,31.12478557878487,31.398027046753782,31.105879404351224,31.3337345123291,16100,0.0,0.0,0.0
2025-02-12 00:00:00-05:00,31.143700214148783,31.219339350360826,31.080356224577347,31.120065689086914,3700,0.0,0.0,0.0
2025-02-13 00:00:00-05:00,31.247700284831765,31.44814109802246,31.173009708127022,31.44814109802246,5300,0.0,0.0,0.0
2025-02-14 00:00:00-05:00,31.531333282974494,31.720427465931852,31.531333282974494,31.553081512451172,6900,0.0,0.0,0.0
2025-02-18 00:00:00-05:00,31.597523500460934,31.814984208841445,31.53134106110076,31.809310913085938,8400,0.0,0.0,0.0
2025-02-19 00:00:00-05:00,31.824435901527156,31.824435901527156,31.822546005249023,31.822546005249023,1000,0.0,0.0,0.0
2025-02-20 00:00:00-05:00,31.796069925975715,31.971927642822266,31.772431798118042,31.971927642822266,1100,0.0,0.0,0.0
2025-02-21 00:00:00-05:00,31.90952580515715,31.90952580515715,31.674103895411662,31.76297950744629,8500,0.0,0.0,0.0
2025-02-24 00:00:00-05:00,31.76770904171078,31.86225796310831,31.758255952907312,31.810256958007812,5000,0.0,0.0,0.0
2025-02-25 00:00:00-05:00,31.909519166776573,31.9662484992525,31.87642795783343,31.914247512817383,5300,0.0,0.0,0.0
2025-02-26 00:00:00-05:00,31.928434245150076,32.00879810782983,31.674102564664093,31.76675796508789,12300,0.0,0.0,0.0
2025-02-27 00:00:00-05:00,31.66336831981467,31.758224174104623,31.483137130737305,31.483137130737305,6000,0.11,0.0,0.0
2025-02-28 00:00:00-05:00,31.46416853418364,31.69277572631836,31.397768705517002,31.69277572631836,2300,0.0,0.0,0.0
2025-03-03 00:00:00-05:00,31.843593030218756,31.94793663167702,31.25737492943341,31.369306564331055,4600,0.0,0.0,0.0
2025-03-04 00:00:00-05:00,31.189081981527206,31.189081981527206,30.82293128967285,30.82293128967285,7900,0.0,0.0,0.0
2025-03-05 00:00:00-05:00,30.80016520909946,31.179592222480686,30.724277635312006,31.103708267211914,21600,0.0,0.0,0.0
2025-03-06 00:00:00-05:00,30.838108465335583,31.095171676724846,30.781196397814995,31.035411834716797,13900,0.0,0.0,0.0
2025-03-07 00:00:00-05:00,30.961423583909422,31.539105667860436,30.961423583909422,31.522029876708984,3400,0.0,0.0,0.0
2025-03-10 00:00:00-04:00,31.312394892603795,31.78478531521006,31.312394892603795,31.367414474487305,1500,0.0,0.0,0.0
2025-03-11 00:00:00-04:00,31.27445440975426,31.27445440975426,30.593376764295478,30.737560272216797,7500,0.0,0.0,0.0
2025-03-12 00:00:00-04:00,30.733764004935214,30.733764004935214,30.35433339015092,30.463420867919922,16500,0.0,0.0,0.0
2025-03-13 00:00:00-04:00,30.4586783626856,30.591477998288827,30.098219624249214,30.139957427978516,8400,0.0,0.0,0.0
2025-03-14 00:00:00-04:00,30.306905792702402,30.64839262596395,30.306905792702402,30.63606071472168,4700,0.0,0.0,0.0
2025-03-17 00:00:00-04:00,30.83336441251871,31.113191692790323,30.83336441251871,31.037307739257812,11400,0.0,0.0,0.0
2025-03-18 00:00:00-04:00,30.97090871492625,30.97090871492625,30.866565109947114,30.95098876953125,1900,0.0,0.0,0.0
2025-03-19 00:00:00-04:00,30.94244827419393,31.037307739257812,30.887432317419893,31.037307739257812,2800,0.0,0.0,0.0
2025-03-20 00:00:00-04:00,30.85707254126527,30.913988212882042,30.752728952560254,30.913040161132812,4000,0.0,0.0,0.0
2025-03-21 00:00:00-04:00,30.7432530052449,30.756532970307553,30.563973476899104,30.67685317993164,2600,0.0,0.0,0.0
2025-03-24 00:00:00-04:00,31.062916197194046,31.062916197194046,30.85043318993376,31.031612396240234,6500,0.0,0.0,0.0
2025-03-25 00:00:00-04:00,30.930119357061255,30.930119357061255,30.820087432861328,30.820087432861328,3100,0.0,0.0,0.0
2025-03-26 00:00:00-04:00,30.913994242972205,31.10276151491507,30.913994242972205,31.036361694335938,8300,0.0,0.0,0.0
2025-03-27 00:00:00-04:00,30.904511004107857,30.994622981218654,30.904511004107857,30.972806930541992,1100,0.0,0.0,0.0
2025-03-28 00:00:00-04:00,30.89476373166593,30.89476373166593,30.6425427284885,30.664432525634766,1600,0.11,0.0,0.0
2025-03-31 00:00:00-04:00,30.46645807831553,31.03276800326494,30.46645807831553,30.961383819580078,3400,0.0,0.0,0.0
2025-04-01 00:00:00-04:00,30.875722143055626,30.98993828413831,30.690125452234064,30.90142059326172,4100,0.0,0.0,0.0
2025-04-02 00:00:00-04:00,30.832896461570762,31.132705688476562,30.832896461570762,31.132705688476562,3500,0.0,0.0,0.0
2025-04-03 00:00:00-04:00,30.342724017299314,30.342724017299314,29.416643142700195,29.416643142700195,9900,0.0,0.0,0.0
2025-04-04 00:00:00-04:00,28.696147788314125,28.82083138020003,27.79195847144234,27.840497970581055,14400,0.0,0.0,0.0
2025-04-07 00:00:00-04:00,27.04956904915427,28.07749066882155,26.65933966305489,27.531169891357422,14500,0.0,0.0,0.0
2025-04-08 00:00:00-04:00,28.20121986779106,28.20121986779106,26.530847994608486,26.802104949951172,4800,0.0,0.0,0.0
2025-04-09 00:00:00-04:00,26.526093697663853,28.716136932373047,26.44043340313707,28.716136932373047,9000,0.0,0.0,0.0
2025-04-10 00:00:00-04:00,28.248817482937078,28.248817482937078,27.278001901144325,27.73485565185547,5400,0.0,0.0,0.0
2025-04-11 00:00:00-04:00,27.706301963823726,28.14983083543325,27.477875100531808,28.127939224243164,4100,0.0,0.0,0.0
2025-04-14 00:00:00-04:00,28.37920703417896,28.62000747946678,28.248814078668474,28.574321746826172,3100,0.0,0.0,0.0
2025-04-15 00:00:00-04:00,28.48676056698919,28.50103667848967,28.415376378736166,28.418231964111328,4300,0.0,0.0,0.0
2025-04-16 00:00:00-04:00,28.33447240062057,28.50579297840633,28.073684692382812,28.073684692382812,4000,0.0,0.0,0.0
2025-04-17 00:00:00-04:00,28.144115713994395,28.54862303595171,28.144115713994395,28.343990325927734,3100,0.0,0.0,0.0
2025-04-21 00:00:00-04:00,28.182191687378044,28.182191687378044,27.68726590973058,27.91474151611328,5700,0.0,0.0,0.0
2025-04-22 00:00:00-04:00,28.087012082739214,28.47724151611328,28.087012082739214,28.47724151611328,1800,0.0,0.0,0.0
2025-04-23 00:00:00-04:00,28.8389169663664,29.133969906594345,28.629526138305664,28.629526138305664,4900,0.0,0.0,0.0
2025-04-24 00:00:00-04:00,28.81988447040083,28.967409133911133,28.81988447040083,28.967409133911133,2700,0.0,0.0,0.0
2025-04-25 00:00:00-04:00,28.724703128037515,28.850337982177734,28.724703128037515,28.850337982177734,2300,0.0,0.0,0.0
2025-04-28 00:00:00-04:00,29.057826406328907,29.057826406328907,28.789423186078768,28.995960235595703,4000,0.0,0.0,0.0
2025-04-29 00:00:00-04:00,28.909990485092514,29.17172325909252,28.885155432763014,29.067604064941406,4900,0.11,0.0,0.0
2025-04-30 00:00:00-04:00,28.52312618086962,29.134471893310547,28.50593057959522,29.134471893310547,3000,0.0,0.0,0.0
2025-05-01 00:00:00-04:00,29.096256066842926,29.334108462163186,29.096256066842926,29.118227005004883,3400,0.0,0.0,0.0
2025-05-02 00:00:00-04:00,29.32551539840751,29.564322521124335,29.32551539840751,29.545217514038086,4600,0.0,0.0,0.0
2025-05-05 00:00:00-04:00,29.296856330615487,29.50700593153324,29.296856330615487,29.32551383972168,2600,0.0,0.0,0.0
2025-05-06 00:00:00-04:00,29.220441818237305,29.268202517491844,29.136382331645923,29.220441818237305,3300,0.0,0.0,0.0
2025-05-07 00:00:00-04:00,29.239544416296,29.37232111698808,29.225214750137823,29.229991912841797,6000,0.0,0.0,0.0
2025-05-08 00:00:00-04:00,29.44682955323425,29.698055122870286,29.382829781066945,29.487905502319336,4600,0.0,0.0,0.0
2025-05-09 00:00:00-04:00,29.506050640955586,29.549990696481537,29.401931457261856,29.4601993560791,3300,0.0,0.0,0.0
2025-05-12 00:00:00-04:00,30.395366122809136,30.548202514648438,30.339007634995134,30.548202514648438,5200,0.0,0.0,0.0
2025-05-13 00:00:00-04:00,30.538650853078483,30.595964046107554,30.5147705078125,30.5147705078125,1200,0.0,0.0,0.0
2025-05-14 00:00:00-04:00,30.32850397181285,30.32850397181285,30.089696853924558,30.19668197631836,2500,0.0,0.0,0.0
2025-05-15 00:00:00-04:00,30.166113940287918,30.55680274963379,30.166113940287918,30.55680274963379,10400,0.0,0.0,0.0
2025-05-16 00:00:00-04:00,30.567314578428117,30.88254175909393,30.567314578428117,30.844331741333008,3600,0.0,0.0,0.0
2025-05-19 00:00:00-04:00,30.75835927891082,30.865344407447612,30.75835927891082,30.858657836914062,3400,0.0,0.0,0.0
2025-05-20 00:00:00-04:00,30.844329346477146,30.992388598920083,30.758358635144056,30.815670013427734,6400,0.0,0.0,0.0
2025-05-21 00:00:00-04:00,30.5673105792069,30.5673105792069,30.135547637939453,30.135547637939453,2200,0.0,0.0,0.0
2025-05-22 00:00:00-04:00,30.070595362833572,30.146058872753375,29.707609302865638,29.988445281982422,10100,0.0,0.0,0.0
2025-05-23 00:00:00-04:00,29.688497600620497,29.9187068939209,29.688497600620497,29.9187068939209,2200,0.0,0.0,0.0
2025-05-27 00:00:00-04:00,30.22342940311241,30.442176818847656,30.175668706504958,30.442176818847656,2500,0.0,0.0,0.0
2025-05-28 00:00:00-04:00,30.462235533476797,30.462235533476797,30.140323638916016,30.140323638916016,4000,0.0,0.0,0.0
2025-05-29 00:00:00-04:00,30.19496547022532,30.2428932555136,30.070352131479105,30.160457611083984,4700,0.11,0.0,0.0
2025-05-30 00:00:00-04:00,30.070348481667068,30.256309509277344,30.070348481667068,30.256309509277344,1500,0.0,0.0,0.0
2025-06-02 00:00:00-04:00,30.20454489451818,30.223716735839844,29.9265586803363,30.223716735839844,3100,0.0,0.0,0.0
2025-06-03 00:00:00-04:00,30.185375273355422,30.467195510864258,30.099103809390016,30.467195510864258,4900,0.0,0.0,0.0
2025-06-04 00:00:00-04:00,30.47102992365439,30.47102992365439,30.252475301558256,30.27739906311035,5600,0.0,0.0,0.0
2025-06-05 00:00:00-04:00,30.194965767612775,30.286029291888507,30.09910836776431,30.14607810974121,3100,0.0,0.0,0.0
2025-06-06 00:00:00-04:00,30.367505919270886,30.520877013543757,30.367505919270886,30.501705169677734,4300,0.0,0.0,0.0
2025-06-09 00:00:00-04:00,30.58797767534161,30.818036152875017,30.58797767534161,30.6579532623291,2600,0.0,0.0,0.0
2025-06-10 00:00:00-04:00,30.693421770297935,31.057679512024375,30.693421770297935,30.91101837158203,8800,0.0,0.0,0.0
2025-06-11 00:00:00-04:00,30.952235187845044,30.971407032224523,30.87842559814453,30.87842559814453,3700,0.0,0.0,0.0
2025-06-12 00:00:00-04:00,30.74134933373767,30.952235970589587,30.74134933373767,30.921560287475586,5600,0.0,0.0,0.0
2025-06-13 00:00:00-04:00,30.856370093112538,30.942641548072597,30.6962890625,30.6962890625,6000,0.0,0.0,0.0
2025-06-16 00:00:00-04:00,30.905262044468415,30.942644028733348,30.846788474050673,30.93593406677246,3100,0.0,0.0,0.0
2025-06-17 00:00:00-04:00,30.865961690921846,30.875545784154927,30.61673321532708,30.655075073242188,6800,0.0,0.0,0.0
2025-06-18 00:00:00-04:00,30.664661227111328,30.8074883512905,30.651241302490234,30.651241302490234,19100,0.0,0.0,0.0
2025-06-20 00:00:00-04:00,30.808448072990156,30.854459768005036,30.683832913297547,30.75476837158203,3900,0.0,0.0,0.0
2025-06-23 00:00:00-04:00,30.798858472941504,30.885129928588867,30.549630026441058,30.885129928588867,18500,0.0,0.0,0.0
2025-06-24 00:00:00-04:00,30.91484654243361,31.067259582301247,30.91484654243361,31.038503646850586,27300,0.0,0.0,0.0
2025-06-25 00:00:00-04:00,30.865960539193544,30.865960539193544,30.684791564941406,30.684791564941406,2700,0.0,0.0,0.0
2025-06-26 00:00:00-04:00,30.750939227533433,30.98291015625,30.750939227533433,30.98291015625,2200,0.0,0.0,0.0
2025-06-27 00:00:00-04:00,31.1156404053264,31.16373552282415,30.904037298734014,31.0867862701416,2000,0.11,0.0,0.0
2025-06-30 00:00:00-04:00,31.13007222483659,31.202207565307617,31.067550037571767,31.202207565307617,14600,0.0,0.0,0.0
2025-07-01 00:00:00-04:00,31.18297498887164,31.88512420869663,31.18297498887164,31.69563865661621,4200,0.0,0.0,0.0
2025-07-02 00:00:00-04:00,31.74083545659562,31.962059020996094,31.721598146324915,31.962059020996094,4500,0.0,0.0,0.0
2025-07-03 00:00:00-04:00,32.178481570262804,32.178481570262804,32.05921242745927,32.13423538208008,2800,0.0,0.0,0.0
2025-07-07 00:00:00-04:00,32.00054211635364,32.164053793245365,31.760081178000345,31.846647262573242,7700,0.0,0.0,0.0
2025-07-08 00:00:00-04:00,31.876459044309385,32.115958639675696,31.876459044309385,32.06305694580078,2200,0.0,0.0,0.0
2025-07-09 00:00:00-04:00,32.154429867481774,32.154429867481774,31.962060425463438,32.10056686401367,4800,0.0,0.0,0.0
2025-07-10 00:00:00-04:00,32.00054078871112,32.46222533089789,32.00054078871112,32.300636291503906,1000,0.0,0.0,0.0
2025-07-11 00:00:00-04:00,32.14480567823152,32.14480567823152,32.019768674079096,32.114990234375,4200,0.0,0.0,0.0
2025-07-14 00:00:00-04:00,31.942830250659323,32.054405212402344,31.913976112109978,32.054405212402344,1800,0.0,0.0,0.0
2025-07-15 00:00:00-04:00,31.971687444585424,31.971687444585424,31.591758728027344,31.591758728027344,2200,0.0,0.0,0.0
2025-07-16 00:00:00-04:00,31.606178283691406,31.687934101338804,31.375334227175557,31.606178283691406,5000,0.0,0.0,0.0
2025-07-17 00:00:00-04:00,31.74564905540342,31.74564905540342,31.568667983699783,31.720640182495117,4000,0.0,0.0,0.0
2025-07-18 00:00:00-04:00,31.942827282726554,32.07748480896895,31.894735833231756,31.938020706176758,2500,0.0,0.0,0.0
2025-07-21 00:00:00-04:00,32.067869445794784,32.12558138929984,31.903392791748047,31.903392791748047,1200,0.0,0.0,0.0
2025-07-22 00:00:00-04:00,31.894734092122683,32.358341217041016,31.894734092122683,32.358341217041016,5100,0.0,0.0,0.0
2025-07-23 00:00:00-04:00,32.51993027040486,32.75558090209961,32.51993027040486,32.75558090209961,2100,0.0,0.0,0.0
2025-07-24 00:00:00-04:00,32.510317519049345,32.592073355954945,32.28909390022925,32.384315490722656,18600,0.0,0.0,0.0
2025-07-25 00:00:00-04:00,32.2025236906273,32.35641852178718,32.2025236906273,32.35160827636719,1900,0.0,0.0,0.0
2025-07-28 00:00:00-04:00,32.3660446622365,32.3660446622365,32.10634640135878,32.143856048583984,2800,0.0,0.0,0.0
2025-07-29 00:00:00-04:00,32.115958792079724,32.15443341856084,32.019775895019244,32.07460021972656,3900,0.0,0.0,0.0
2025-07-30 00:00:00-04:00,32.14020969205627,32.14020969205627,31.744608355332744,31.78030776977539,4000,0.105,0.0,0.0
2025-07-31 00:00:00-04:00,31.725318358118848,31.850750356792517,31.416556440144213,31.448394775390625,7800,0.0,0.0,0.0
2025-08-01 00:00:00-04:00,31.2911161546091,31.2911161546091,30.87621669826758,31.124191284179688,7300,0.0,0.0,0.0
2025-08-04 00:00:00-04:00,31.165676048200147,31.45513980231097,31.165676048200147,31.430055618286133,7900,0.0,0.0,0.0
2025-08-05 00:00:00-04:00,31.49277727194337,31.654876708984375,31.39725491522021,31.654876708984375,3000,0.0,0.0,0.0
2025-08-06 00:00:00-04:00,31.773555366132218,31.773555366132218,31.435848236083984,31.435848236083984,6300,0.0,0.0,0.0
2025-08-07 00:00:00-04:00,31.541986486464964,31.590233523757227,31.46769090760134,31.492778778076172,2500,0.0,0.0,0.0
2025-08-08 00:00:00-04:00,31.52268821840557,31.73496340287391,31.52268821840557,31.691545486450195,1900,0.0,0.0,0.0
2025-08-11 00:00:00-04:00,31.783201026583086,32.03407232311233,31.551631485959227,31.565139770507812,1000,0.0,0.0,0.0
2025-08-12 00:00:00-04:00,31.76294085392004,32.07363510131836,31.76294085392004,32.07363510131836,2900,0.0,0.0,0.0
2025-08-13 00:00:00-04:00,32.40073514196224,32.678619384765625,32.323542825180475,32.678619384765625,5200,0.0,0.0,0.0
2025-08-14 00:00:00-04:00,32.31389393525868,32.507835388183594,32.31389393525868,32.507835388183594,2100,0.0,0.0,0.0
2025-08-15 00:00:00-04:00,32.54545875467325,32.58405490540293,32.42002310516754,32.474056243896484,5500,0.0,0.0,0.0
2025-08-18 00:00:00-04:00,32.53581953395345,32.58406289382731,32.458627213569336,32.51652145385742,4800,0.0,0.0,0.0
2025-08-19 00:00:00-04:00,32.516514902832164,32.83492395843645,32.516514902832164,32.65835189819336,3000,0.0,0.0,0.0
2025-08-20 00:00:00-04:00,32.6159027623394,32.65449523925781,32.584060748241065,32.65449523925781,1500,0.0,0.0,0.0
2025-08-21 00:00:00-04:00,32.57440677572328,32.621685776100136,32.49721814848287,32.617828369140625,1100,0.0,0.0,0.0
2025-08-22 00:00:00-04:00,32.805978593203065,33.38876724243164,32.805978593203065,33.38876724243164,3700,0.0,0.0,0.0
2025-08-25 00:00:00-04:00,33.37526413478507,33.37526413478507,33.13404366653156,33.22184753417969,2800,0.0,0.0,0.0
2025-08-26 00:00:00-04:00,33.17263301513404,33.201578287548244,33.09447636273791,33.12921142578125,3700,0.0,0.0,0.0
2025-08-27 00:00:00-04:00,33.2430688907649,33.46209818857545,33.22087775969629,33.411922454833984,4800,0.0,0.0,0.0
2025-08-28 00:00:00-04:00,33.44773647740721,33.515483330790985,33.12061331969226,33.37998962402344,10500,0.105,0.0,0.0
2025-08-29 00:00:00-04:00,33.370312815253754,33.58323362882882,33.370312815253754,33.472900390625,2800,0.0,0.0,0.0
2025-09-02 00:00:00-04:00,33.283197443028584,33.33158751306702,33.06060016731121,33.275455474853516,11100,0.0,0.0,0.0
2025-09-03 00:00:00-04:00,33.29771154146997,33.29771154146997,33.060597632116306,33.178672790527344,8100,0.0,0.0,0.0
2025-09-04 00:00:00-04:00,33.19610533356841,33.46612548828125,33.09932515998365,33.46612548828125,4000,0.0,0.0,0.0
2025-09-05 00:00:00-04:00,33.77582284162562,33.77582284162562,33.457412634364,33.588069915771484,12900,0.0,0.0,0.0
2025-09-08 00:00:00-04:00,33.583230366899464,33.583230366899464,33.21545909515322,33.43999099731445,10300,0.0,0.0,0.0
2025-09-09 00:00:00-04:00,33.37998975691839,33.525160003921606,33.37998975691839,33.40224838256836,3600,0.0,0.0,0.0
2025-09-10 00:00:00-04:00,33.39934664184891,33.53968048095703,33.2638529191037,33.53968048095703,6500,0.0,0.0,0.0
2025-09-11 00:00:00-04:00,33.554192125667555,33.873573303222656,33.554192125667555,33.873573303222656,900,0.0,0.0,0.0
2025-09-12 00:00:00-04:00,33.70905339296291,33.70905339296291,33.66937255859375,33.66937255859375,2600,0.0,0.0,0.0
2025-09-15 00:00:00-04:00,33.67033176707709,33.71872184628453,33.45741098825267,33.471927642822266,4500,0.0,0.0,0.0
2025-09-16 00:00:00-04:00,33.51548897396748,33.51548897396748,33.379995244386144,33.487422943115234,1800,0.0,0.0,0.0
2025-09-17 00:00:00-04:00,33.71098795268391,33.87358042989738,33.4477424621582,33.4477424621582,4200,0.0,0.0,0.0
2025-09-18 00:00:00-04:00,33.50580042968442,33.65097435646978,33.467090582211135,33.63549041748047,2700,0.0,0.0,0.0
2025-09-19 00:00:00-04:00,33.69936277111894,33.69936277111894,33.4477321612964,33.51934814453125,5700,0.0,0.0,0.0
2025-09-22 00:00:00-04:00,33.43805911005146,33.511613370301,33.37031225086465,33.50580596923828,11700,0.0,0.0,0.0
2025-09-23 00:00:00-04:00,33.467087951879414,33.66064824981201,33.467087951879414,33.607418060302734,4800,0.0,0.0,0.0
2025-09-24 00:00:00-04:00,33.64129742285479,33.80582813546568,33.59194005503486,33.637428283691406,5600,0.0,0.0,0.0
2025-09-25 00:00:00-04:00,33.38967311277777,33.50000267069994,33.27450343805611,33.34418487548828,7600,0.0,0.0,0.0
2025-09-26 00:00:00-04:00,33.418698886041454,33.71872329711914,33.418698886041454,33.71872329711914,9300,0.0,0.0,0.0
2025-09-29 00:00:00-04:00,33.81094720314638,33.81094720314638,33.43235469502215,33.59349822998047,4900,0.105,0.0,0.0
2025-09-30 00:00:00-04:00,33.55854998153901,33.71872329711914,33.3644008447528,33.71872329711914,51500,0.0,0.0,0.0
2025-10-01 00:00:00-04:00,33.73328875392483,33.917728424072266,33.73328875392483,33.917728424072266,48400,0.0,0.0,0.0
2025-10-02 00:00:00-04:00,33.86918853014103,33.908019099733295,33.666303803188804,33.83521270751953,15600,0.0,0.0,0.0
2025-10-03 00:00:00-04:00,34.102171679927906,34.15944362822196,34.01189041137695,34.01189041137695,6300,0.0,0.0,0.0
2025-10-06 00:00:00-04:00,34.1215809688149,34.1215809688149,33.801234348348906,33.8342399597168,4100,0.0,0.0,0.0
2025-10-07 00:00:00-04:00,33.830362085730535,33.830362085730535,33.548849679577096,33.6556282043457,4900,0.0,0.0,0.0
2025-10-08 00:00:00-04:00,33.70416636507493,33.70416636507493,33.54107870275426,33.59544372558594,10700,0.0,0.0,0.0
2025-10-09 00:00:00-04:00,33.655632222729004,33.655632222729004,33.1508495085559,33.24986267089844,7800,0.0,0.0,0.0
2025-10-10 00:00:00-04:00,33.22849811098439,33.22849811098439,32.324737548828125,32.324737548828125,2600,0.0,0.0,0.0
2025-10-13 00:00:00-04:00,32.714008627309205,32.916893365234756,32.714008627309205,32.843116760253906,6300,0.0,0.0,0.0
2025-10-14 00:00:00-04:00,32.52956298928643,33.20908313405336,32.52956298928643,33.17704772949219,3500,0.0,0.0,0.0
2025-10-15 00:00:00-04:00,33.335278407751495,33.52457279003187,33.08385734110324,33.30227279663086,4200,0.0,0.0,0.0
2025-10-16 00:00:00-04:00,33.44205627314935,33.44205627314935,32.93241533895177,33.0615234375,2800,0.0,0.0,0.0
2025-10-17 00:00:00-04:00,33.092592510243975,33.206169878814755,33.03434666138839,33.170249938964844,3700,0.0,0.0,0.0
2025-10-20 00:00:00-04:00,33.22850321688601,33.35470073274445,33.22850321688601,33.352760314941406,3900,0.0,0.0,0.0
2025-10-21 00:00:00-04:00,33.422649025604336,33.51972174921807,33.422649025604336,33.49642562866211,2800,0.0,0.0,0.0
2025-10-22 00:00:00-04:00,33.46148195994158,33.509048116304484,33.44206667322997,33.485748291015625,1600,0.0,0.0,0.0
2025-10-23 00:00:00-04:00,33.64591674597474,33.77114403100963,33.64591674597474,33.70416259765625,13000,0.0,0.0,0.0
2025-10-24 00:00:00-04:00,33.90123146334271,33.90123146334271,33.720672607421875,33.720672607421875,6400,0.0,0.0,0.0
2025-10-27 00:00:00-04:00,33.762401912577126,33.88859939575195,33.762401912577126,33.88859939575195,4700,0.0,0.0,0.0
2025-10-28 00:00:00-04:00,33.95655567667195,33.95655567667195,33.636212733210726,33.646888732910156,3400,0.0,0.0,0.0
2025-10-29 00:00:00-04:00,33.59738722054181,33.64592358860395,33.32558059692383,33.32558059692383,8400,0.0,0.0,0.0
2025-10-30 00:00:00-04:00,33.02858490718458,33.42781372490999,33.02858490718458,33.0782470703125,2400,0.105,0.0,0.0
2025-10-31 00:00:00-04:00,32.970164190520855,33.19217300415039,32.970164190520855,33.19217300415039,2600,0.0,0.0,0.0
2025-11-03 00:00:00-05:00,33.135695513514335,33.135695513514335,32.77833965389378,32.98866653442383,5000,0.0,0.0,0.0
2025-11-04 00:00:00-05:00,32.8143715567846,32.86305682400468,32.64202117919922,32.64202117919922,2000,0.0,0.0,0.0
2025-11-05 00:00:00-05:00,32.68778761526848,33.031511478291435,32.68778761526848,32.9915885925293,2300,0.0,0.0,0.0
2025-11-06 00:00:00-05:00,33.067535197796296,33.067535197796296,32.79489474610757,32.8309211730957,2800,0.0,0.0,0.0
2025-11-07 00:00:00-05:00,32.80560494495938,33.099666595458984,32.7754176316393,33.099666595458984,2800,0.0,0.0,0.0
2025-11-10 00:00:00-05:00,33.26227263835809,33.26227263835809,32.833837206640546,33.137638092041016,9300,0.0,0.0,0.0
2025-11-11 00:00:00-05:00,33.16490832089695,33.50083923339844,33.16490832089695,33.50083923339844,3800,0.0,0.0,0.0
2025-11-12 00:00:00-05:00,33.593344811496394,33.67221739084733,33.57776641845703,33.57776641845703,3200,0.0,0.0,0.0
2025-11-13 00:00:00-05:00,33.60308529376815,33.68098469925468,33.35576248168945,33.35576248168945,8200,0.0,0.0,0.0
2025-11-14 00:00:00-05:00,33.386922204172805,33.386922204172805,33.25060194704863,33.2525520324707,3400,0.0,0.0,0.0
2025-11-17 00:00:00-05:00,33.20385667473907,33.2135959566364,32.69752544950967,32.7403678894043,4800,0.0,0.0,0.0
2025-11-18 00:00:00-05:00,32.600147964389876,32.94095222243532,32.600147964389876,32.932186126708984,2500,0.0,0.0,0.0
2025-11-19 00:00:00-05:00,32.855270669028144,32.855270669028144,32.68292027548497,32.68778991699219,8900,0.0,0.0,0.0
2025-11-20 00:00:00-05:00,32.86305692806854,33.018852012334804,32.229164123535156,32.229164123535156,6400,0.0,0.0,0.0
2025-11-21 00:00:00-05:00,32.41221753554718,33.10550795259195,32.35671626624479,32.91855239868164,4500,0.0,0.0,0.0
2025-11-24 00:00:00-05:00,32.970170780203205,33.08701617909175,32.804636393533535,33.05390930175781,5800,0.0,0.0,0.0
2025-11-25 00:00:00-05:00,33.0285893196342,33.398604057173046,33.0285893196342,33.39276123046875,3100,0.0,0.0,0.0
2025-11-26 00:00:00-05:00,33.78441663253827,33.80395128980767,33.65549087524414,33.65549087524414,17000,0.105,0.0,0.0
2025-11-28 00:00:00-05:00,33.64768193144385,33.823490142822266,33.64768193144385,33.823490142822266,700,0.0,0.0,0.0
2025-12-01 00:00:00-05:00,33.65745701940641,33.852799946316594,33.65745701940641,33.69847869873047,21700,0.0,0.0,0.0
2025-12-02 00:00:00-05:00,33.7062874795421,33.7062874795421,33.442578846904205,33.59494400024414,4000,0.0,0.0,0.0
2025-12-03 00:00:00-05:00,33.89185861736877,33.89185861736877,33.75413982936141,33.774654388427734,4400,0.0,0.0,0.0
2025-12-04 00:00:00-05:00,33.80396032217875,33.80396032217875,33.65745221643893,33.72386932373047,5200,0.0,0.0,0.0
2025-12-05 00:00:00-05:00,33.95436645612619,33.95436645612619,33.809814453125,33.809814453125,4600,0.0,0.0,0.0
2025-12-08 00:00:00-05:00,33.784422310257746,33.784422310257746,33.61349868774414,33.61349868774414,9000,0.0,0.0,0.0
2025-12-09 00:00:00-05:00,33.64768374330584,33.745353321173,33.63889445002024,33.651588439941406,6900,0.0,0.0,0.0
2025-12-10 00:00:00-05:00,33.63791373463246,34.34700737163454,33.63791373463246,34.25324249267578,4400,0.0,0.0,0.0
2025-12-11 00:00:00-05:00,34.20440465300645,34.58532117966524,34.20440465300645,34.51499938964844,15100,0.0,0.0,0.0
2025-12-12 00:00:00-05:00,34.65369879166268,34.65369879166268,34.311851501464844,34.311851501464844,1100,0.0,0.0,0.0
2025-12-15 00:00:00-05:00,34.44858857991729,34.44858857991729,34.20441089255682,34.372406005859375,6100,0.0,0.0,0.0
2025-12-16 00:00:00-05:00,34.321612814160765,34.321612814160765,33.8918614548276,34.051063537597656,38600,0.0,0.0,0.0
2025-12-17 00:00:00-05:00,34.03836645609403,34.12627056826109,33.96023153742089,34.06180953979492,50100,0.0,0.0,0.0
2025-12-18 00:00:00-05:00,34.13604000660099,34.21417492583456,33.95046258744187,33.96023178100586,6500,0.0,0.0,0.0
2025-12-19 00:00:00-05:00,33.98953552211638,34.12432209112037,33.98953552211638,34.006141662597656,4500,0.0,0.0,0.0
2025-12-22 00:00:00-05:00,34.1067364243368,34.20929432829997,34.077436295122006,34.14678192138672,7900,0.0,0.0,0.0
2025-12-23 00:00:00-05:00,34.126273352598055,34.126273352598055,33.969999776645885,34.031532287597656,23500,0.0,0.0,0.0
2025-12-24 00:00:00-05:00,34.02860651518029,34.22394943237305,34.02860651518029,34.22394943237305,1900,0.0,0.0,0.0
2025-12-26 00:00:00-05:00,34.214173560044465,34.25421905517578,34.16338642344835,34.25421905517578,2900,0.0,0.0,0.0
2025-12-29 00:00:00-05:00,34.18487406142113,34.29231283317963,34.137015446383046,34.15361785888672,7300,0.0,0.0,0.0
2025-12-30 00:00:00-05:00,34.25324675695548,34.26301595123493,34.17217958337339,34.21710968017578,2100,0.0,0.0,0.0
2025-12-31 00:00:00-05:00,34.203370946372715,34.203370946372715,33.987579345703125,33.987579345703125,15900,0.149,0.0,0.0
2026-01-02 00:00:00-05:00,34.085668455209685,34.556491628024645,33.958152676602516,34.381893157958984,6600,0.0,0.0,0.0
2026-01-05 00:00:00-05:00,34.644767914976114,34.758551387003706,34.58591362080262,34.73304748535156,9600,0.0,0.0,0.0
2026-01-06 00:00:00-05:00,34.74285688586796,35.03712463378906,34.73304970709651,35.03712463378906,19400,0.0,0.0,0.0
2026-01-07 00:00:00-05:00,35.1057861106329,35.1057861106329,34.52314016052911,34.52706527709961,5500,0.0,0.0,0.0
2026-01-08 00:00:00-05:00,34.52706729893631,35.2234930273579,34.52706729893631,35.16856384277344,10500,0.0,0.0,0.0
2026-01-09 00:00:00-05:00,35.321580207186436,35.360816408575396,35.23428471048564,35.34904479980469,9900,0.0,0.0,0.0
2026-01-12 00:00:00-05:00,35.34120031912145,35.34120031912145,35.116578104776195,35.22251510620117,5700,0.0,0.0,0.0
2026-01-13 00:00:00-05:00,35.34119681734213,35.47263771227454,35.29313378228728,35.40005111694336,10900,0.0,0.0,0.0
2026-01-14 00:00:00-05:00,35.689407762662434,35.718836781774435,35.59622647048874,35.69725799560547,4000,0.0,0.0,0.0
2026-01-15 00:00:00-05:00,35.6550812150352,35.939538068669556,35.52756917038824,35.87676239013672,11400,0.0,0.0,0.0
2026-01-16 00:00:00-05:00,35.7531685890395,35.7531685890395,35.46871176032066,35.552085876464844,5000,0.0,0.0,0.0
2026-01-20 00:00:00-05:00,35.27253753787386,35.40986050373528,35.12540739235241,35.19308853149414,13100,0.0,0.0,0.0
2026-01-21 00:00:00-05:00,35.370617974801306,35.84144104163279,35.370617974801306,35.818878173828125,9300,0.0,0.0,0.0
2026-01-22 00:00:00-05:00,36.027808571397834,36.106280956111185,35.8414422703575,35.92972183227539,8700,0.0,0.0,0.0
2026-01-23 00:00:00-05:00,35.949345375068106,35.959152553758514,35.807116962553344,35.88068389892578,3700,0.0,0.0,0.0
2026-01-26 00:00:00-05:00,36.03762194015197,36.10628341055903,35.863023491534314,35.90029525756836,5200,0.0,0.0,0.0
2026-01-27 00:00:00-05:00,35.86106872742955,36.00819887041613,35.80221442517284,35.947383880615234,16600,0.0,0.0,0.0
2026-01-28 00:00:00-05:00,35.91010779248706,35.99838736437698,35.71393055031284,35.76493835449219,9300,0.0,0.0,0.0
2026-01-29 00:00:00-05:00,35.939536256241674,36.02781583596005,35.836544036865234,35.836544036865234,12100,0.0,0.0,0.0
2026-01-30 00:00:00-05:00,35.74310326624916,35.871952056884766,35.566059527425836,35.871952056884766,4500,0.1,0.0,0.0
2026-02-02 00:00:00-05:00,35.74310386614281,36.04801336635366,35.56606012434808,35.98506164550781,14200,0.0,0.0,0.0
2026-02-03 00:00:00-05:00,35.792282252921716,36.25456355637811,35.792282252921716,36.13653564453125,9800,0.0,0.0,0.0
2026-02-04 00:00:00-05:00,36.313577254783944,37.05814329587306,36.313577254783944,36.99028015136719,6600,0.0,0.0,0.0
2026-02-05 00:00:00-05:00,36.83487643103213,36.8929054823075,36.529966897093615,36.67356872558594,11600,0.0,0.0,0.0
2026-02-06 00:00:00-05:00,36.93322168009178,37.3463249206543,36.93322168009178,37.3463249206543,5500,0.0,0.0,0.0
2026-02-09 00:00:00-05:00,37.25780599500789,37.41025885365807,37.03158429273886,37.34239196777344,10200,0.0,0.0,0.0
2026-02-10 00:00:00-05:00,37.582387795628044,37.82828146676202,37.5489458661417,37.780086517333984,19300,0.0,0.0,0.0
2026-02-11 00:00:00-05:00,38.02499118283932,38.07416915893555,37.91089542674639,38.07416915893555,6000,0.0,0.0,0.0
2026-02-12 00:00:00-05:00,38.015163557439834,38.162697510834214,37.35616655908454,37.5135383605957,7300,0.0,0.0,0.0
2026-02-13 00:00:00-05:00,37.42501126257696,38.054498380734536,37.42501126257696,37.95614242553711,12200,0.0,0.0,0.0
2026-02-17 00:00:00-05:00,38.064344621995275,38.064344621995275,37.5528852876878,37.818450927734375,10000,0.0,0.0,0.0
2026-02-18 00:00:00-05:00,37.85779040098946,37.956146366398855,37.720086796560885,37.85975646972656,11600,0.0,0.0,0.0
2026-02-19 00:00:00-05:00,38.01515961397206,38.01515961397206,37.63156237004348,37.84794998168945,9800,0.0,0.0,0.0
2026-02-20 00:00:00-05:00,37.71025121925643,38.06433868408203,37.59910830734332,38.06433868408203,6200,0.0,0.0,0.0
2026-02-23 00:00:00-05:00,37.877456748212964,38.02991336482598,37.52337303875546,37.54304122924805,5100,0.0,0.0,0.0
2026-02-24 00:00:00-05:00,37.572552417814784,37.810578053661764,37.572552417814784,37.721073150634766,6800,0.0,0.0,0.0
2026-02-25 00:00:00-05:00,37.74959610892656,37.74959610892656,37.27748072727942,37.60205841064453,7800,0.0,0.0,0.0
2026-02-26 00:00:00-05:00,37.56271538210654,37.838118841720636,37.56271538210654,37.725006103515625,8400,0.0,0.0,0.0
2026-02-27 00:00:00-05:00,37.62145750660569,37.81868362426758,37.47353415651221,37.81868362426758,17700,0.1,0.0,0.0
2026-03-02 00:00:00-05:00,37.69049244052878,37.82855224609375,37.50312233710699,37.82855224609375,3700,0.0,0.0,0.0
2026-03-03 00:00:00-05:00,37.256580576403636,37.552427273918795,36.89170774780783,37.44395065307617,11800,0.0,0.0,0.0
2026-03-04 00:00:00-05:00,37.42422970105395,37.48734221267718,37.177693278467096,37.4824104309082,8000,0.0,0.0,0.0
2026-03-05 00:00:00-05:00,37.286177009484355,37.46861158937098,37.21714709895731,37.33548355102539,12900,0.0,0.0,0.0
2026-03-06 00:00:00-05:00,36.862133682852,37.024844892436995,36.56629067414988,36.96074676513672,9800,0.0,0.0,0.0
2026-03-09 00:00:00-04:00,36.80296046235534,36.82366943359375,36.191551127857885,36.82366943359375,8900,0.0,0.0,0.0
2026-03-10 00:00:00-04:00,36.43808537220749,36.88677972192035,36.43808537220749,36.57614517211914,5000,0.0,0.0,0.0
2026-03-11 00:00:00-04:00,36.62545065106005,36.62545065106005,36.28030116122346,36.53669738769531,7500,0.0,0.0,0.0
2026-03-12 00:00:00-04:00,36.359189491895116,36.536696011940755,36.35820388793945,36.35820388793945,4400,0.0,0.0,0.0
2026-03-13 00:00:00-04:00,36.507112522692765,36.507112522692765,36.21915817260742,36.21915817260742,7400,0.0,0.0,0.0
2026-03-16 00:00:00-04:00,36.37892119203194,36.47753803790174,36.22113800048828,36.22113800048828,4000,0.0,0.0,0.0
2026-03-17 00:00:00-04:00,36.516975264797736,36.68856441156162,36.516975264797736,36.54656219482422,5600,0.0,0.0,0.0
2026-03-18 00:00:00-04:00,36.42822412125,36.443019468049144,36.210289001464844,36.210289001464844,3100,0.0,0.0,0.0
2026-03-19 00:00:00-04:00,36.02389997172,36.388776576634825,36.02389997172,36.30988311767578,6700,0.0,0.0,0.0
2026-03-20 00:00:00-04:00,36.319753145524686,36.319753145524686,35.789204696580114,35.86612319946289,6200,0.0,0.0,0.0
2026-03-23 00:00:00-04:00,36.102796888424116,36.438086597418085,35.945013717241515,36.152103424072266,6000,0.0,0.0,0.0
2026-03-24 00:00:00-04:00,35.99431800573183,36.67475718362995,35.99431800573183,36.53669738769531,39800,0.0,0.0,0.0
2026-03-25 00:00:00-04:00,36.694480505988174,36.78323376924882,36.54656090845198,36.7161750793457,12800,0.0,0.0,0.0
2026-03-26 00:00:00-04:00,36.78323386403501,37.07907682171707,36.751679488832686,36.77238845825195,12600,0.0,0.0,0.0
2026-03-27 00:00:00-04:00,36.69448385315768,36.762528153259225,36.56628760930206,36.62545394897461,3200,0.0,0.0,0.0
2026-03-30 00:00:00-04:00,36.90157289389032,37.00018972796192,36.45484973299629,36.52684020996094,2100,0.0,0.0,0.0
2026-03-31 00:00:00-04:00,36.80370477610599,36.81260299682617,36.56638745664419,36.81260299682617,3500,0.1,0.0,0.0
2026-04-01 00:00:00-04:00,36.80370687298077,36.823483631731925,36.53672628788671,36.60099792480469,8500,0.0,0.0,0.0
2026-04-02 00:00:00-04:00,36.59605541636675,36.77997589111328,36.497175387551444,36.77997589111328,4800,0.0,0.0,0.0
2026-04-06 00:00:00-04:00,36.655380431939214,36.84325396851592,36.655380431939214,36.77107238769531,3800,0.0,0.0,0.0
2026-04-07 00:00:00-04:00,36.833373116788216,36.833373116788216,36.68504930012284,36.764156341552734,1400,0.0,0.0,0.0
2026-04-08 00:00:00-04:00,36.59605414062157,36.94214177347308,36.59605414062157,36.930274963378906,8400,0.0,0.0,0.0
2026-04-09 00:00:00-04:00,36.81359273658793,36.996524922883516,36.81359273658793,36.821502685546875,3200,0.0,0.0,0.0
2026-04-10 00:00:00-04:00,36.863033912116435,36.87292417765105,36.599021911621094,36.599021911621094,6100,0.0,0.0,0.0
2026-04-13 00:00:00-04:00,36.61583079911314,36.75624465942383,36.479373799499996,36.75624465942383,5400,0.0,0.0,0.0
2026-04-14 00:00:00-04:00,36.714710317459684,36.7740368167906,36.46256137921111,36.69987869262695,6500,0.0,0.0,0.0
2026-04-15 00:00:00-04:00,36.71471326130484,36.71471326130484,36.37851590736014,36.61582946777344,6100,0.0,0.0,0.0
2026-04-16 00:00:00-04:00,36.78393198575308,37.04102231853649,36.78393198575308,37.030147552490234,2500,0.0,0.0,0.0
2026-04-17 00:00:00-04:00,37.03113302396309,37.168578287655144,36.996524640012964,37.12803649902344,2300,0.0,0.0,0.0
2026-04-20 00:00:00-04:00,37.070687996260396,37.367331837772284,37.070687996260396,37.23878479003906,8300,0.0,0.0,0.0
2026-04-21 00:00:00-04:00,37.30800185220456,37.40688564816866,37.1794548034668,37.1794548034668,5100,0.0,0.0,0.0
2026-04-22 00:00:00-04:00,37.278341492584104,37.30800474765992,36.98169762573168,37.02322769165039,8400,0.0,0.0,0.0
2026-04-23 00:00:00-04:00,37.199230634527865,37.33766417339252,37.15968088916013,37.313934326171875,8900,0.0,0.0,0.0
2026-04-24 00:00:00-04:00,37.32778268684195,37.32778268684195,37.06080206663665,37.09145736694336,9500,0.0,0.0,0.0
2026-04-27 00:00:00-04:00,37.13001656428608,37.37722040795247,37.13001656428608,37.18737030029297,24200,0.0,0.0,0.0
2026-04-28 00:00:00-04:00,37.30800084573952,37.30800084573952,37.13990405518202,37.2269172668457,3600,0.0,0.0,0.0
2026-04-29 00:00:00-04:00,37.28822400395865,37.28822400395865,37.120127213775866,37.24174880981445,6200,0.0,0.0,0.0
2026-04-30 00:00:00-04:00,37.27843543287241,37.992279052734375,37.27843543287241,37.992279052734375,3600,0.1,0.0,0.0
2026-05-01 00:00:00-04:00,38.0121069900286,38.071595216737244,37.70475682514346,37.79398727416992,4000,0.0,0.0,0.0
2026-05-04 00:00:00-04:00,37.61552666925025,37.62544326481549,37.357751915650034,37.417240142822266,5100,0.0,0.0,0.0
2026-05-05 00:00:00-04:00,37.45689317679757,37.84950637817383,37.451938661352834,37.84950637817383,3600,0.0,0.0,0.0
2026-05-06 00:00:00-04:00,37.704758438304225,37.89313593990464,37.704758438304225,37.80390548706055,7500,0.0,0.0,0.0
2026-05-07 00:00:00-04:00,37.71467337006079,37.74342468920586,37.53621247224717,37.58082580566406,5700,0.0,0.0,0.0
2026-05-08 00:00:00-04:00,37.79399358479946,37.86339463651123,37.56100271887837,37.71467971801758,6300,0.0,0.0,0.0
2026-05-11 00:00:00-04:00,38.09142067861079,38.09142067861079,37.73251707779083,37.769203186035156,6300,0.0,0.0,0.0
2026-05-12 00:00:00-04:00,37.77415861994016,37.8336468478373,37.40732400309059,37.77019500732422,6300,0.0,0.0,0.0
2026-05-13 00:00:00-04:00,37.70475716779838,37.724586576881464,37.466811822947435,37.630401611328125,12600,0.0,0.0,0.0
2026-05-14 00:00:00-04:00,37.704759985659486,37.803907038484674,37.60065841674805,37.60065841674805,2900,0.0,0.0,0.0
2026-05-15 00:00:00-04:00,37.62544326481549,37.62544326481549,37.3478353200848,37.417240142822266,10700,0.0,0.0,0.0
2026-05-18 00:00:00-04:00,37.437070877465025,37.68096923828125,37.437070877465025,37.68096923828125,10000,0.0,0.0,0.0
2026-05-19 00:00:00-04:00,37.62544454006301,37.675016173350144,37.466813044300245,37.59074401855469,10200,0.0,0.0,0.0
2026-05-20 00:00:00-04:00,37.615526983838436,37.85347611244433,37.615526983838436,37.835628509521484,7800,0.0,0.0,0.0
2026-05-21 00:00:00-04:00,37.81382218590962,38.071600757087154,37.53720888829551,38.04582214355469,7000,0.0,0.0,0.0
2026-05-22 00:00:00-04:00,38.21039798929027,38.8102234366964,38.21039798929027,38.75371170043945,7200,0.0,0.0,0.0
2026-05-26 00:00:00-04:00,38.92423929339608,38.96389811342937,38.686293937342775,38.76759338378906,6000,0.0,0.0,0.0
2026-05-27 00:00:00-04:00,38.735863092825426,38.93415339823102,38.72396469116211,38.72396469116211,16400,0.0,0.0,0.0
2026-05-28 00:00:00-04:00,38.765606371468955,39.023384910143896,38.61689147491628,38.84393310546875,4200,0.0,0.0,0.0
2026-05-29 00:00:00-04:00,39.24262262845748,39.302274553405695,39.053714752197266,39.053714752197266,5200,0.11,0.0,0.0
2026-06-01 00:00:00-04:00,39.29233246234918,39.29233246234918,38.75544240017548,38.82305145263672,10700,0.0,0.0,0.0
2026-06-02 00:00:00-04:00,38.86481271948339,39.083546569759896,38.80515699866568,38.959266662597656,6600,0.0,0.0,0.0
2026-06-03 00:00:00-04:00,38.904583144161805,39.07360199715328,38.81112289428711,38.81112289428711,11700,0.0,0.0,0.0
2026-06-04 00:00:00-04:00,38.9145228414668,39.11237775286239,38.75544471643248,38.931427001953125,5900,0.0,0.0,0.0
2026-06-05 00:00:00-04:00,38.944350499232236,39.252566039213036,38.616253511388514,38.63216018676758,5100,0.0,0.0,0.0
2026-06-08 00:00:00-04:00,38.725616850516374,38.725616850516374,38.60630921078297,38.63812255859375,7400,0.0,0.0,0.0
2026-06-09 00:00:00-04:00,38.7156723973581,38.7156723973581,38.34780496183134,38.68882751464844,11300,0.0,0.0,0.0
2026-06-10 00:00:00-04:00,38.65602112775429,38.874751172532704,38.56653944811535,38.607303619384766,3300,0.0,0.0,0.0
2026-06-11 00:00:00-04:00,38.86481394045322,38.99108123779297,38.74550628779142,38.99108123779297,3000,0.0,0.0,0.0
2026-06-12 00:00:00-04:00,39.19290764817152,39.50112316716088,39.19290764817152,39.4454460144043,5400,0.0,0.0,0.0
2026-06-15 00:00:00-04:00,39.54089676039068,39.54089676039068,39.181976318359375,39.181976318359375,6400,0.0,0.0,0.0
2026-06-16 00:00:00-04:00,39.26250897957114,39.2724497031035,38.94932119383742,38.9841194152832,10600,0.0,0.0,0.0
2026-06-17 00:00:00-04:00,38.90458004610364,38.90458004610364,38.13901542492061,38.19369888305664,10900,0.0,0.0,0.0
2026-06-18 00:00:00-04:00,38.41740469679976,38.41740469679976,38.21855608471691,38.234466552734375,2700,0.0,0.0,0.0
2026-06-22 00:00:00-04:00,38.308035608174364,38.68087531251363,38.308035608174364,38.473079681396484,5700,0.0,0.0,0.0
2026-06-23 00:00:00-04:00,38.20861653344557,38.5367135296379,38.178790568170434,38.50987243652344,3100,0.0,0.0,0.0
2026-06-24 00:00:00-04:00,38.308036240363656,38.52677008418999,38.25832503750903,38.488990783691406,15700,0.0,0.0,0.0
2026-06-25 00:00:00-04:00,38.735560027295236,39.0934867618904,38.735560027295236,38.896629333496094,28000,0.0,0.0,0.0
2026-06-26 00:00:00-04:00,38.914522054185,39.088513157308505,38.8300126316281,38.96025848388672,10300,0.0,0.0,0.0
2026-06-29 00:00:00-04:00,39.07360433911501,39.07360433911501,38.7057368543562,38.87078094482422,8400,0.0,0.0,0.0
2026-06-30 00:00:00-04:00,38.89969304456943,38.89969304456943,38.41108070636771,38.42902755737305,5600,0.115,0.0,0.0
2026-07-01 00:00:00-04:00,38.421051615825114,38.70026247638175,38.421051615825114,38.43202209472656,2600,0.0,0.0,0.0
2026-07-02 00:00:00-04:00,38.65039974696181,38.90966669576322,38.44099446025273,38.6912841796875,4800,0.0,0.0,0.0
2026-07-06 00:00:00-04:00,38.7401464724599,38.87975380466042,38.680318562570534,38.801971435546875,8300,0.0,0.0,0.0
2026-07-07 00:00:00-04:00,38.96949870649306,39.23673865427095,38.96949870649306,39.13801956176758,10000,0.0,0.0,0.0
2026-07-08 00:00:00-04:00,38.799979378424666,38.799979378424666,38.62048803541982,38.68131637573242,13600,0.0,0.0,0.0
2026-07-09 00:00:00-04:00,38.929612204348395,39.01935787433852,38.78601837158203,38.78601837158203,4500,0.0,0.0,0.0
2026-07-10 00:00:00-04:00,39.11907420713314,39.14898816296112,38.93958286434337,39.10910415649414,18400,0.0,0.0,0.0
2026-07-13 00:00:00-04:00,39.24870744867695,39.388310980234316,39.23375047085452,39.286598205566406,19200,0.0,0.0,0.0
2026-07-14 00:00:00-04:00,39.29357786362513,39.29357786362513,39.08915949623106,39.15995788574219,6700,0.0,0.0,0.0
2026-07-15 00:00:00-04:00,39.178906437933364,39.428199550207445,39.12904857626075,39.23574447631836,5400,0.0,0.0,0.0
2026-07-16 00:00:00-04:00,39.657547989729764,39.89686724269233,39.657547989729764,39.883907318115234,9300,0.0,0.0,0.0
2026-07-17 00:00:00-04:00,39.95669985917006,40.41041515084183,39.83704022998968,39.913822174072266,10400,0.0,0.0,0.0
2026-07-20 00:00:00-04:00,39.9168086661624,39.9168086661624,39.668512198814696,39.701419830322266,4500,0.0,0.0,0.0
2026-07-21 00:00:00-04:00,39.88689747580213,39.966673096631,39.86196664331536,39.960689544677734,3700,0.0,0.0,0.0
2026-07-22 00:00:00-04:00,40.15613301951354,40.44531392856047,40.116245210559995,40.23191833496094,8900,0.0,0.0,0.0
2026-07-23 00:00:00-04:00,40.20599223288436,40.20599223288436,39.75726387682095,39.82208251953125,11000,0.0,0.0,0.0
2026-07-24 00:00:00-04:00,40.12123337027907,40.43534131663901,40.12123337027907,40.36553955078125,5600,0.0,0.0,0.0
2026-07-27 00:00:00-04:00,40.425372023755145,40.62480727447724,40.425372023755145,40.54204177856445,7500,0.0,0.0,0.0
2026-07-28 00:00:00-04:00,40.75443546762402,41.223107719139705,40.75443546762402,41.18321990966797,4600,0.0,0.0,0.0
2026-07-29 00:00:00-04:00,41.22310808671376,41.38265552211245,41.00173568725586,41.00173568725586,68100,0.0,0.0,0.0
2026-07-30 00:00:00-04:00,40.78435232475545,40.78435232475545,40.205990511938154,40.555999755859375,78700,0.0,0.0,0.0
2026-07-31 00:00:00-04:00,40.470001220703125,40.58000183105469,40.349998474121094,40.54199981689453,5500,0.115,0.0,0.0
2026-08-03 00:00:00-04:00,40.77000045776367,40.91999816894531,40.560001373291016,40.72700119018555,11400,0.0,0.0,0.0
2026-08-04 00:00:00-04:00,40.54999923706055,40.94499969482422,40.29999923706055,40.94499969482422,17000,0.0,0.0,0.0
2026-08-05 00:00:00-04:00,40.75,40.75,39.22800064086914,40.54899978637695,8600,0.0,0.0,0.0
2026-08-06 00:00:00-04:00,40.66999816894531,40.66999816894531,40.37799835205078,40.37799835205078,6300,0.0,0.0,0.0
2026-08-07 00:00:00-04:00,40.69499969482422,40.849998474121094,40.63999938964844,40.79899978637695,1800,0.0,0.0,0.0
2026-08-10 00:00:00-04:00,40.810001373291016,40.95000076293945,40.709999084472656,40.928001403808594,3800,0.0,0.0,0.0
2026-08-11 00:00:00-04:00,40.935001373291016,41.03499984741211,40.935001373291016,40.98899841308594,2800,0.0,0.0,0.0
2026-08-12 00:00:00-04:00,41.0,41.0,40.63999938964844,40.91999816894531,8300,0.0,0.0,0.0
2026-08-13 00:00:00-04:00,41.040000915527344,41.40399932861328,41.040000915527344,41.40399932861328,7200,0.0,0.0,0.0
2026-08-14 00:00:00-04:00,41.45000076293945,41.5,41.37699890136719,41.452999114990234,4800,0.0,0.0,0.0
2026-08-17 00:00:00-04:00,41.290000915527344,41.290000915527344,40.900001525878906,40.9379997253418,9200,0.0,0.0,0.0
2026-08-18 00:00:00-04:00,41.099998474121094,41.34000015258789,41.099998474121094,41.11000061035156,4800,0.0,0.0,0.0
2026-08-19 00:00:00-04:00,41.279998779296875,41.880001068115234,41.279998779296875,41.683998107910156,6200,0.0,0.0,0.0
2026-08-20 00:00:00-04:00,41.56999969482422,41.84000015258789,41.529998779296875,41.529998779296875,12400,0.0,0.0,0.0
2026-08-21 00:00:00-04:00,41.7599983215332,41.939998626708984,41.7400016784668,41.81999969482422,7800,0.0,0.0,0.0
2026-08-24 00:00:00-04:00,42.03300094604492,42.04999923706055,41.810001373291016,41.900001525878906,6900,0.0,0.0,0.0
2026-08-25 00:00:00-04:00,41.77000045776367,41.86000061035156,41.70000076293945,41.81800079345703,18600,0.0,0.0,0.0
2026-08-26 00:00:00-04:00,41.790000915527344,41.91999816894531,41.790000915527344,41.8849983215332,6000,0.0,0.0,0.0
2026-08-27 00:00:00-04:00,41.56999969482422,41.849998474121094,41.56999969482422,41.70100021362305,4000,0.0,0.0,0.0
2026-08-28 00:00:00-04:00,,,,,7324,0.0,0.0,0.0
