Date,Open,High,Low,Close,Volume,Dividends,Stock Splits,Capital Gains
2011-01-04 00:00:00-05:00,633120.0,650800.0,633120.0,633840.0,14,0.0,0.0,0.0
2011-01-05 00:00:00-05:00,640400.0,640800.0,617440.0,620400.0,9,0.0,0.0,0.0
2011-01-06 00:00:00-05:00,619520.0,629440.0,614960.0,623040.0,10,0.0,0.0,0.0
2011-01-07 00:00:00-05:00,617920.0,640080.0,609440.0,624320.0,5,0.0,0.0,0.0
2011-01-10 00:00:00-05:00,637120.0,646960.0,622080.0,623040.0,9,0.0,0.0,0.0
2011-01-11 00:00:00-05:00,613760.0,618080.0,604080.0,605840.0,8,0.0,0.0,0.0
2011-01-12 00:00:00-05:00,592880.0,594160.0,577280.0,578800.0,6,0.0,0.0,0.0
2011-01-13 00:00:00-05:00,578240.0,584320.0,571920.0,572000.0,2,0.0,0.0,0.0
2011-01-14 00:00:00-05:00,576000.0,576000.0,542400.0,548400.0,6,0.0,0.0,0.0
2011-01-18 00:00:00-05:00,544160.0,547040.0,531360.0,531680.0,3,0.0,0.0,0.0
2011-01-19 00:00:00-05:00,534480.0,570000.0,533120.0,559360.0,7,0.0,0.0,0.0
2011-01-20 00:00:00-05:00,563120.0,576320.0,551440.0,554480.0,12,0.0,0.0,0.0
2011-01-21 00:00:00-05:00,539120.0,564960.0,538960.0,559760.0,4,0.0,0.0,0.0
2011-01-24 00:00:00-05:00,560800.0,563600.0,546480.0,547680.0,4,0.0,0.0,0.0
2011-01-25 00:00:00-05:00,553520.0,561360.0,540720.0,540720.0,3,0.0,0.0,0.0
2011-01-26 00:00:00-05:00,535520.0,538960.0,521280.0,523840.0,4,0.0,0.0,0.0
2011-01-27 00:00:00-05:00,524560.0,526800.0,512800.0,514000.0,2,0.0,0.0,0.0
2011-01-28 00:00:00-05:00,512080.0,564880.0,509040.0,557040.0,8,0.0,0.0,0.0
2011-01-31 00:00:00-05:00,549680.0,558480.0,547040.0,554800.0,3,0.0,0.0,0.0
2011-02-01 00:00:00-05:00,542240.0,542240.0,523040.0,528400.0,5,0.0,0.0,0.0
2011-02-02 00:00:00-05:00,532480.0,533600.0,519280.0,526240.0,2,0.0,0.0,0.0
2011-02-03 00:00:00-05:00,528240.0,541440.0,518400.0,520000.0,2,0.0,0.0,0.0
2011-02-04 00:00:00-05:00,518320.0,519600.0,506800.0,507760.0,4,0.0,0.0,0.0
2011-02-07 00:00:00-05:00,501920.0,501920.0,492880.0,498400.0,3,0.0,0.0,0.0
2011-02-08 00:00:00-05:00,497520.0,504000.0,490080.0,491600.0,3,0.0,0.0,0.0
2011-02-09 00:00:00-05:00,496880.0,504000.0,492880.0,494000.0,7,0.0,0.0,0.0
2011-02-10 00:00:00-05:00,506960.0,506960.0,492080.0,493600.0,4,0.0,0.0,0.0
2011-02-11 00:00:00-05:00,499200.0,499200.0,485200.0,485600.0,5,0.0,0.0,0.0
2011-02-14 00:00:00-05:00,485840.0,488160.0,481200.0,481280.0,5,0.0,0.0,0.0
2011-02-15 00:00:00-05:00,483920.0,488240.0,482240.0,487760.0,4,0.0,0.0,0.0
2011-02-16 00:00:00-05:00,480960.0,493520.0,476400.0,493520.0,6,0.0,0.0,0.0
2011-02-17 00:00:00-05:00,496320.0,502000.0,495840.0,498320.0,6,0.0,0.0,0.0
2011-02-18 00:00:00-05:00,496880.0,508000.0,496800.0,503520.0,5,0.0,0.0,0.0
2011-02-22 00:00:00-05:00,534160.0,569200.0,516480.0,566400.0,14,0.0,0.0,0.0
2011-02-23 00:00:00-05:00,566960.0,606640.0,560880.0,591440.0,14,0.0,0.0,0.0
2011-02-24 00:00:00-05:00,590640.0,602400.0,579760.0,583600.0,3,0.0,0.0,0.0
2011-02-25 00:00:00-05:00,567680.0,567680.0,547200.0,547920.0,6,0.0,0.0,0.0
2011-02-28 00:00:00-05:00,534480.0,534480.0,520640.0,524320.0,8,0.0,0.0,0.0
2011-03-01 00:00:00-05:00,519280.0,563680.0,518000.0,562640.0,12,0.0,0.0,0.0
2011-03-02 00:00:00-05:00,564560.0,570160.0,548720.0,564800.0,10,0.0,0.0,0.0
2011-03-03 00:00:00-05:00,538640.0,543440.0,534800.0,535600.0,4,0.0,0.0,0.0
2011-03-04 00:00:00-05:00,532480.0,560960.0,531520.0,550880.0,5,0.0,0.0,0.0
2011-03-07 00:00:00-05:00,564000.0,580080.0,537280.0,564880.0,6,0.0,0.0,0.0
2011-03-08 00:00:00-05:00,561120.0,576160.0,548320.0,552560.0,2,0.0,0.0,0.0
2011-03-09 00:00:00-05:00,559840.0,575200.0,557440.0,559920.0,3,0.0,0.0,0.0
2011-03-10 00:00:00-05:00,580960.0,592480.0,574560.0,588320.0,5,0.0,0.0,0.0
2011-03-11 00:00:00-05:00,600080.0,600080.0,569200.0,572160.0,5,0.0,0.0,0.0
2011-03-14 00:00:00-04:00,591600.0,595840.0,577440.0,579680.0,3,0.0,0.0,0.0
2011-03-15 00:00:00-04:00,642240.0,643440.0,592880.0,603040.0,25,0.0,0.0,0.0
2011-03-16 00:00:00-04:00,608160.0,679920.0,604640.0,657280.0,33,0.0,0.0,0.0
2011-03-17 00:00:00-04:00,620000.0,637200.0,614560.0,632720.0,13,0.0,0.0,0.0
2011-03-18 00:00:00-04:00,603840.0,621600.0,603840.0,613680.0,6,0.0,0.0,0.0
2011-03-21 00:00:00-04:00,586560.0,586960.0,565520.0,565680.0,11,0.0,0.0,0.0
2011-03-22 00:00:00-04:00,559600.0,568720.0,558480.0,560880.0,5,0.0,0.0,0.0
2011-03-23 00:00:00-04:00,567840.0,577520.0,540320.0,541840.0,13,0.0,0.0,0.0
2011-03-24 00:00:00-04:00,525680.0,535280.0,522880.0,527440.0,13,0.0,0.0,0.0
2011-03-25 00:00:00-04:00,520560.0,528240.0,513760.0,526960.0,19,0.0,0.0,0.0
2011-03-28 00:00:00-04:00,521760.0,533920.0,516880.0,533680.0,13,0.0,0.0,0.0
2011-03-29 00:00:00-04:00,533280.0,541200.0,520480.0,520880.0,10,0.0,0.0,0.0
2011-03-30 00:00:00-04:00,514160.0,516720.0,507520.0,511040.0,14,0.0,0.0,0.0
2011-03-31 00:00:00-04:00,516000.0,517760.0,508320.0,510000.0,11,0.0,0.0,0.0
2011-04-01 00:00:00-04:00,499120.0,510800.0,494400.0,505280.0,19,0.0,0.0,0.0
2011-04-04 00:00:00-04:00,500560.0,507760.0,499200.0,500800.0,13,0.0,0.0,0.0
2011-04-05 00:00:00-04:00,504160.0,504560.0,489200.0,491440.0,19,0.0,0.0,0.0
2011-04-06 00:00:00-04:00,487360.0,497760.0,484080.0,489280.0,20,0.0,0.0,0.0
2011-04-07 00:00:00-04:00,491200.0,503760.0,487920.0,493520.0,23,0.0,0.0,0.0
2011-04-08 00:00:00-04:00,488640.0,508320.0,485120.0,502640.0,29,0.0,0.0,0.0
2011-04-11 00:00:00-04:00,498080.0,503840.0,491840.0,497520.0,19,0.0,0.0,0.0
2011-04-12 00:00:00-04:00,506800.0,512640.0,498400.0,502240.0,32,0.0,0.0,0.0
2011-04-13 00:00:00-04:00,495280.0,504000.0,492640.0,493520.0,24,0.0,0.0,0.0
2011-04-14 00:00:00-04:00,504000.0,505920.0,486720.0,488960.0,23,0.0,0.0,0.0
2011-04-15 00:00:00-04:00,485760.0,490640.0,475760.0,478080.0,30,0.0,0.0,0.0
2011-04-18 00:00:00-04:00,500000.0,509120.0,486800.0,489200.0,55,0.0,0.0,0.0
2011-04-19 00:00:00-04:00,484240.0,484240.0,463360.0,464560.0,32,0.0,0.0,0.0
2011-04-20 00:00:00-04:00,446480.0,448880.0,441760.0,445360.0,26,0.0,0.0,0.0
2011-04-21 00:00:00-04:00,436800.0,443840.0,432080.0,432400.0,34,0.0,0.0,0.0
2011-04-25 00:00:00-04:00,430480.0,433840.0,422240.0,422560.0,14,0.0,0.0,0.0
2011-04-26 00:00:00-04:00,416800.0,420080.0,408080.0,413280.0,23,0.0,0.0,0.0
2011-04-27 00:00:00-04:00,413680.0,430320.0,407760.0,407760.0,25,0.0,0.0,0.0
2011-04-28 00:00:00-04:00,412400.0,412480.0,400000.0,402000.0,22,0.0,0.0,0.0
2011-04-29 00:00:00-04:00,401760.0,406080.0,401520.0,403120.0,14,0.0,0.0,0.0
2011-05-02 00:00:00-04:00,398160.0,418000.0,398160.0,414160.0,23,0.0,0.0,0.0
2011-05-03 00:00:00-04:00,416720.0,433040.0,416000.0,423520.0,17,0.0,0.0,0.0
2011-05-04 00:00:00-04:00,424560.0,441920.0,423360.0,428000.0,39,0.0,0.0,0.0
2011-05-05 00:00:00-04:00,442400.0,444640.0,423040.0,440560.0,52,0.0,0.0,0.0
2011-05-06 00:00:00-04:00,420480.0,444000.0,412320.0,430560.0,54,0.0,0.0,0.0
2011-05-09 00:00:00-04:00,431280.0,432000.0,415440.0,416160.0,22,0.0,0.0,0.0
2011-05-10 00:00:00-04:00,411680.0,414640.0,400080.0,401520.0,39,0.0,0.0,0.0
2011-05-11 00:00:00-04:00,402480.0,421280.0,402480.0,409440.0,40,0.0,0.0,0.0
2011-05-12 00:00:00-04:00,416160.0,422000.0,400800.0,404960.0,40,0.0,0.0,0.0
2011-05-13 00:00:00-04:00,403200.0,416560.0,401840.0,410400.0,31,0.0,0.0,0.0
2011-05-16 00:00:00-04:00,413680.0,418400.0,401840.0,418400.0,46,0.0,0.0,0.0
2011-05-17 00:00:00-04:00,423440.0,429920.0,409680.0,410960.0,50,0.0,0.0,0.0
2011-05-18 00:00:00-04:00,410800.0,414160.0,397440.0,399600.0,44,0.0,0.0,0.0
2011-05-19 00:00:00-04:00,394160.0,399840.0,389840.0,390080.0,44,0.0,0.0,0.0
2011-05-20 00:00:00-04:00,390960.0,403280.0,385600.0,394720.0,58,0.0,0.0,0.0
2011-05-23 00:00:00-04:00,414240.0,416800.0,402320.0,407920.0,53,0.0,0.0,0.0
2011-05-24 00:00:00-04:00,403760.0,407280.0,398400.0,407200.0,41,0.0,0.0,0.0
2011-05-25 00:00:00-04:00,406880.0,407520.0,391520.0,395520.0,19,0.0,0.0,0.0
2011-05-26 00:00:00-04:00,398080.0,399920.0,386000.0,387200.0,28,0.0,0.0,0.0
2011-05-27 00:00:00-04:00,381520.0,382560.0,374960.0,380400.0,30,0.0,0.0,0.0
2011-05-31 00:00:00-04:00,366400.0,373920.0,366400.0,369520.0,24,0.0,0.0,0.0
2011-06-01 00:00:00-04:00,372480.0,392880.0,370560.0,392880.0,43,0.0,0.0,0.0
2011-06-02 00:00:00-04:00,386960.0,400400.0,383840.0,388080.0,51,0.0,0.0,0.0
2011-06-03 00:00:00-04:00,404800.0,404800.0,383680.0,388320.0,53,0.0,0.0,0.0
2011-06-06 00:00:00-04:00,388240.0,399280.0,383360.0,394640.0,32,0.0,0.0,0.0
2011-06-07 00:00:00-04:00,387520.0,390000.0,380640.0,389520.0,40,0.0,0.0,0.0
2011-06-08 00:00:00-04:00,390720.0,398160.0,385920.0,396000.0,50,0.0,0.0,0.0
2011-06-09 00:00:00-04:00,390400.0,391120.0,380480.0,383280.0,27,0.0,0.0,0.0
2011-06-10 00:00:00-04:00,385040.0,400240.0,383840.0,396640.0,71,0.0,0.0,0.0
2011-06-13 00:00:00-04:00,394720.0,411040.0,390400.0,402720.0,43,0.0,0.0,0.0
2011-06-14 00:00:00-04:00,391440.0,392080.0,385840.0,390560.0,30,0.0,0.0,0.0
2011-06-15 00:00:00-04:00,404320.0,425200.0,401520.0,423360.0,154,0.0,0.0,0.0
2011-06-16 00:00:00-04:00,431280.0,466000.0,424800.0,445840.0,138,0.0,0.0,0.0
2011-06-17 00:00:00-04:00,431920.0,447840.0,426960.0,437200.0,77,0.0,0.0,0.0
2011-06-20 00:00:00-04:00,440640.0,443040.0,417200.0,417680.0,57,0.0,0.0,0.0
2011-06-21 00:00:00-04:00,405360.0,407760.0,393920.0,404320.0,47,0.0,0.0,0.0
2011-06-22 00:00:00-04:00,399440.0,409360.0,391600.0,408560.0,52,0.0,0.0,0.0
2011-06-23 00:00:00-04:00,431360.0,436880.0,407360.0,408240.0,84,0.0,0.0,0.0
2011-06-24 00:00:00-04:00,404800.0,426640.0,402640.0,425040.0,67,0.0,0.0,0.0
2011-06-27 00:00:00-04:00,425440.0,430880.0,415920.0,417600.0,47,0.0,0.0,0.0
2011-06-28 00:00:00-04:00,412000.0,414960.0,400800.0,401120.0,27,0.0,0.0,0.0
2011-06-29 00:00:00-04:00,390880.0,394080.0,380400.0,381040.0,61,0.0,0.0,0.0
2011-06-30 00:00:00-04:00,373920.0,374160.0,361680.0,365440.0,89,0.0,0.0,0.0
2011-07-01 00:00:00-04:00,362480.0,364400.0,348320.0,350800.0,48,0.0,0.0,0.0
2011-07-05 00:00:00-04:00,350160.0,354240.0,347200.0,352320.0,29,0.0,0.0,0.0
2011-07-06 00:00:00-04:00,356960.0,363440.0,353840.0,357760.0,21,0.0,0.0,0.0
2011-07-07 00:00:00-04:00,345680.0,348880.0,344240.0,348000.0,24,0.0,0.0,0.0
2011-07-08 00:00:00-04:00,361040.0,361120.0,351840.0,351840.0,47,0.0,0.0,0.0
2011-07-11 00:00:00-04:00,369200.0,382720.0,365680.0,381120.0,63,0.0,0.0,0.0
2011-07-12 00:00:00-04:00,389360.0,391040.0,373280.0,390560.0,56,0.0,0.0,0.0
2011-07-13 00:00:00-04:00,382640.0,394640.0,370000.0,390240.0,63,0.0,0.0,0.0
2011-07-14 00:00:00-04:00,385280.0,414320.0,385280.0,404400.0,90,0.0,0.0,0.0
2011-07-15 00:00:00-04:00,399600.0,414560.0,394960.0,400320.0,76,0.0,0.0,0.0
2011-07-18 00:00:00-04:00,408000.0,416880.0,407600.0,408880.0,69,0.0,0.0,0.0
2011-07-19 00:00:00-04:00,400960.0,401360.0,387440.0,389120.0,58,0.0,0.0,0.0
2011-07-20 00:00:00-04:00,381360.0,389440.0,379360.0,381040.0,49,0.0,0.0,0.0
2011-07-21 00:00:00-04:00,371200.0,373520.0,360000.0,361520.0,70,0.0,0.0,0.0
2011-07-22 00:00:00-04:00,357440.0,364240.0,355200.0,358640.0,41,0.0,0.0,0.0
2011-07-25 00:00:00-04:00,370320.0,373040.0,364080.0,372320.0,63,0.0,0.0,0.0
2011-07-26 00:00:00-04:00,374240.0,382960.0,372160.0,380000.0,56,0.0,0.0,0.0
2011-07-27 00:00:00-04:00,387280.0,404400.0,386880.0,402480.0,79,0.0,0.0,0.0
2011-07-28 00:00:00-04:00,405040.0,414640.0,390880.0,411760.0,63,0.0,0.0,0.0
2011-07-29 00:00:00-04:00,424720.0,430880.0,401680.0,404080.0,140,0.0,0.0,0.0
2011-08-01 00:00:00-04:00,382400.0,413200.0,381280.0,387120.0,131,0.0,0.0,0.0
2011-08-02 00:00:00-04:00,399520.0,414000.0,390560.0,414000.0,85,0.0,0.0,0.0
2011-08-03 00:00:00-04:00,416000.0,435280.0,409040.0,416480.0,80,0.0,0.0,0.0
2011-08-04 00:00:00-04:00,432240.0,499040.0,429600.0,498400.0,132,0.0,0.0,0.0
2011-08-05 00:00:00-04:00,476960.0,574400.0,469520.0,523840.0,275,0.0,0.0,0.0
2011-08-08 00:00:00-04:00,570320.0,615600.0,551360.0,600560.0,263,0.0,0.0,0.0
2011-08-09 00:00:00-04:00,576320.0,622400.0,540000.0,541120.0,168,0.0,0.0,0.0
2011-08-10 00:00:00-04:00,561920.0,611360.0,556240.0,606320.0,62,0.0,0.0,0.0
2011-08-11 00:00:00-04:00,596240.0,612240.0,565440.0,581600.0,121,0.0,0.0,0.0
2011-08-12 00:00:00-04:00,561280.0,587920.0,555440.0,585760.0,79,0.0,0.0,0.0
2011-08-15 00:00:00-04:00,568000.0,576720.0,552640.0,552640.0,60,0.0,0.0,0.0
2011-08-16 00:00:00-04:00,565280.0,584640.0,555760.0,565200.0,92,0.0,0.0,0.0
2011-08-17 00:00:00-04:00,557200.0,582800.0,552000.0,576480.0,77,0.0,0.0,0.0
2011-08-18 00:00:00-04:00,630480.0,710880.0,629440.0,695680.0,106,0.0,0.0,0.0
2011-08-19 00:00:00-04:00,740480.0,740800.0,687600.0,730800.0,97,0.0,0.0,0.0
2011-08-22 00:00:00-04:00,689920.0,761920.0,688480.0,753040.0,62,0.0,0.0,0.0
2011-08-23 00:00:00-04:00,752320.0,767600.0,713600.0,717040.0,34,0.0,0.0,0.0
2011-08-24 00:00:00-04:00,716000.0,723200.0,681920.0,702480.0,26,0.0,0.0,0.0
2011-08-25 00:00:00-04:00,683200.0,734080.0,674400.0,716960.0,80,0.0,0.0,0.0
2011-08-26 00:00:00-04:00,741920.0,755680.0,692640.0,704880.0,30,0.0,0.0,0.0
2011-08-29 00:00:00-04:00,678880.0,680400.0,660560.0,660560.0,34,0.0,0.0,0.0
2011-08-30 00:00:00-04:00,671920.0,685440.0,658880.0,668480.0,34,0.0,0.0,0.0
2011-08-31 00:00:00-04:00,661600.0,676720.0,648560.0,669680.0,52,0.0,0.0,0.0
2011-09-01 00:00:00-04:00,669920.0,678560.0,647680.0,678160.0,14,0.0,0.0,0.0
2011-09-02 00:00:00-04:00,710560.0,719280.0,700800.0,712320.0,26,0.0,0.0,0.0
2011-09-06 00:00:00-04:00,777120.0,777120.0,733040.0,733440.0,34,0.0,0.0,0.0
2011-09-07 00:00:00-04:00,712240.0,719200.0,704320.0,706800.0,25,0.0,0.0,0.0
2011-09-08 00:00:00-04:00,717760.0,723520.0,694560.0,718320.0,28,0.0,0.0,0.0
2011-09-09 00:00:00-04:00,739840.0,796000.0,736240.0,786720.0,27,0.0,0.0,0.0
2011-09-12 00:00:00-04:00,824640.0,842080.0,791840.0,794400.0,30,0.0,0.0,0.0
2011-09-13 00:00:00-04:00,786960.0,810320.0,783520.0,785760.0,37,0.0,0.0,0.0
2011-09-14 00:00:00-04:00,775440.0,804640.0,747360.0,765040.0,24,0.0,0.0,0.0
2011-09-15 00:00:00-04:00,748000.0,754720.0,726720.0,726720.0,20,0.0,0.0,0.0
2011-09-16 00:00:00-04:00,722720.0,737840.0,709120.0,712160.0,27,0.0,0.0,0.0
2011-09-19 00:00:00-04:00,746240.0,759520.0,727840.0,736240.0,46,0.0,0.0,0.0
2011-09-20 00:00:00-04:00,724080.0,738080.0,709440.0,735440.0,27,0.0,0.0,0.0
2011-09-21 00:00:00-04:00,730400.0,775360.0,723280.0,775360.0,72,0.0,0.0,0.0
2011-09-22 00:00:00-04:00,841120.0,879360.0,820000.0,853600.0,61,0.0,0.0,0.0
2011-09-23 00:00:00-04:00,861360.0,875680.0,843360.0,862400.0,29,0.0,0.0,0.0
2011-09-26 00:00:00-04:00,847680.0,878720.0,830720.0,832400.0,25,0.0,0.0,0.0
2011-09-27 00:00:00-04:00,794880.0,824720.0,779120.0,816640.0,70,0.0,0.0,0.0
2011-09-28 00:00:00-04:00,808160.0,870160.0,800560.0,868800.0,27,0.0,0.0,0.0
2011-09-29 00:00:00-04:00,839840.0,894800.0,831840.0,853600.0,27,0.0,0.0,0.0
2011-09-30 00:00:00-04:00,887840.0,917920.0,872000.0,916160.0,40,0.0,0.0,0.0
2011-10-03 00:00:00-04:00,934320.0,976480.0,911680.0,975600.0,66,0.0,0.0,0.0
2011-10-04 00:00:00-04:00,999360.0,1013920.0,901600.0,907600.0,84,0.0,0.0,0.0
2011-10-05 00:00:00-04:00,893920.0,908960.0,857760.0,861280.0,45,0.0,0.0,0.0
2011-10-06 00:00:00-04:00,865920.0,880480.0,845600.0,846880.0,24,0.0,0.0,0.0
2011-10-07 00:00:00-04:00,830400.0,876800.0,829760.0,862240.0,56,0.0,0.0,0.0
2011-10-10 00:00:00-04:00,826400.0,828000.0,799360.0,799680.0,24,0.0,0.0,0.0
2011-10-11 00:00:00-04:00,809440.0,809440.0,784400.0,790160.0,16,0.0,0.0,0.0
2011-10-12 00:00:00-04:00,761280.0,764880.0,722080.0,736800.0,34,0.0,0.0,0.0
2011-10-13 00:00:00-04:00,745600.0,766480.0,732960.0,735360.0,25,0.0,0.0,0.0
2011-10-14 00:00:00-04:00,703440.0,720000.0,691200.0,692560.0,19,0.0,0.0,0.0
2011-10-17 00:00:00-04:00,696000.0,768560.0,695280.0,765760.0,27,0.0,0.0,0.0
2011-10-18 00:00:00-04:00,766480.0,791840.0,711040.0,735520.0,32,0.0,0.0,0.0
2011-10-19 00:00:00-04:00,731840.0,800400.0,724320.0,785680.0,42,0.0,0.0,0.0
2011-10-20 00:00:00-04:00,790880.0,825520.0,782320.0,793200.0,29,0.0,0.0,0.0
2011-10-21 00:00:00-04:00,763680.0,775760.0,748080.0,749840.0,24,0.0,0.0,0.0
2011-10-24 00:00:00-04:00,739920.0,739920.0,702240.0,703920.0,25,0.0,0.0,0.0
2011-10-25 00:00:00-04:00,712560.0,755680.0,712560.0,749600.0,34,0.0,0.0,0.0
2011-10-26 00:00:00-04:00,720560.0,775040.0,717120.0,718480.0,25,0.0,0.0,0.0
2011-10-27 00:00:00-04:00,646320.0,660080.0,619200.0,624160.0,30,0.0,0.0,0.0
2011-10-28 00:00:00-04:00,635120.0,642080.0,615280.0,619040.0,9,0.0,0.0,0.0
2011-10-31 00:00:00-04:00,647120.0,685760.0,642400.0,684720.0,29,0.0,0.0,0.0
2011-11-01 00:00:00-04:00,790000.0,806960.0,757920.0,785920.0,60,0.0,0.0,0.0
2011-11-02 00:00:00-04:00,756960.0,787200.0,753440.0,761360.0,18,0.0,0.0,0.0
2011-11-03 00:00:00-04:00,739040.0,785520.0,721440.0,725520.0,21,0.0,0.0,0.0
2011-11-04 00:00:00-04:00,743040.0,766000.0,726080.0,739120.0,20,0.0,0.0,0.0
2011-11-07 00:00:00-05:00,741840.0,762000.0,731600.0,732240.0,16,0.0,0.0,0.0
2011-11-08 00:00:00-05:00,722400.0,742880.0,697200.0,698080.0,27,0.0,0.0,0.0
2011-11-09 00:00:00-05:00,750720.0,834000.0,742400.0,828480.0,54,0.0,0.0,0.0
2011-11-10 00:00:00-05:00,780240.0,823200.0,773920.0,777600.0,38,0.0,0.0,0.0
2011-11-11 00:00:00-05:00,746800.0,749760.0,735200.0,743600.0,26,0.0,0.0,0.0
2011-11-14 00:00:00-05:00,755360.0,775840.0,752960.0,762480.0,19,0.0,0.0,0.0
2011-11-15 00:00:00-05:00,776720.0,782080.0,745920.0,754560.0,24,0.0,0.0,0.0
2011-11-16 00:00:00-05:00,779200.0,796000.0,749440.0,790640.0,29,0.0,0.0,0.0
2011-11-17 00:00:00-05:00,798000.0,844160.0,790880.0,829840.0,44,0.0,0.0,0.0
2011-11-18 00:00:00-05:00,804880.0,828000.0,800640.0,801040.0,25,0.0,0.0,0.0
2011-11-21 00:00:00-05:00,843120.0,845360.0,807040.0,811040.0,26,0.0,0.0,0.0
2011-11-22 00:00:00-05:00,816160.0,822320.0,791520.0,792880.0,35,0.0,0.0,0.0
2011-11-23 00:00:00-05:00,811920.0,830240.0,806880.0,829680.0,24,0.0,0.0,0.0
2011-11-25 00:00:00-05:00,833040.0,843040.0,815520.0,840480.0,14,0.0,0.0,0.0
2011-11-28 00:00:00-05:00,782400.0,808080.0,776640.0,799680.0,20,0.0,0.0,0.0
2011-11-29 00:00:00-05:00,790800.0,801200.0,776000.0,783200.0,13,0.0,0.0,0.0
2011-11-30 00:00:00-05:00,731760.0,736320.0,711120.0,713680.0,20,0.0,0.0,0.0
2011-12-01 00:00:00-05:00,717200.0,718480.0,692400.0,696640.0,15,0.0,0.0,0.0
2011-12-02 00:00:00-05:00,678080.0,696960.0,666080.0,696640.0,15,0.0,0.0,0.0
2011-12-05 00:00:00-05:00,666240.0,701840.0,665920.0,694480.0,15,0.0,0.0,0.0
2011-12-06 00:00:00-05:00,694800.0,698880.0,683200.0,692080.0,6,0.0,0.0,0.0
2011-12-07 00:00:00-05:00,701280.0,728960.0,700800.0,711760.0,14,0.0,0.0,0.0
2011-12-08 00:00:00-05:00,734480.0,751280.0,727040.0,744960.0,15,0.0,0.0,0.0
2011-12-09 00:00:00-05:00,735680.0,736800.0,692960.0,693120.0,49,0.0,0.0,0.0
2011-12-12 00:00:00-05:00,708640.0,722720.0,696560.0,696560.0,20,0.0,0.0,0.0
2011-12-13 00:00:00-05:00,682400.0,706960.0,667680.0,692960.0,27,0.0,0.0,0.0
2011-12-14 00:00:00-05:00,693760.0,710400.0,683760.0,695600.0,21,0.0,0.0,0.0
2011-12-15 00:00:00-05:00,670320.0,677760.0,660000.0,667840.0,11,0.0,0.0,0.0
2011-12-16 00:00:00-05:00,646240.0,673280.0,645600.0,664960.0,24,0.0,0.0,0.0
2011-12-19 00:00:00-05:00,656800.0,663200.0,644240.0,658560.0,16,0.0,0.0,0.0
2011-12-20 00:00:00-05:00,628480.0,628640.0,616000.0,617840.0,22,0.0,0.0,0.0
2011-12-21 00:00:00-05:00,610400.0,620000.0,575520.0,575920.0,22,0.0,0.0,0.0
2011-12-22 00:00:00-05:00,562560.0,583600.0,552000.0,577760.0,16,0.0,0.0,0.0
2011-12-23 00:00:00-05:00,574000.0,596240.0,568640.0,591760.0,10,0.0,0.0,0.0
2011-12-27 00:00:00-05:00,588720.0,590320.0,580320.0,586560.0,8,0.0,0.0,0.0
2011-12-28 00:00:00-05:00,583680.0,613360.0,583680.0,611760.0,12,0.0,0.0,0.0
2011-12-29 00:00:00-05:00,606640.0,606640.0,594960.0,596800.0,7,0.0,0.0,0.0
2011-12-30 00:00:00-05:00,595600.0,606400.0,593440.0,605920.0,6,0.0,0.0,0.0
2012-01-03 00:00:00-05:00,577360.0,581120.0,569360.0,573920.0,8,0.0,0.0,0.0
2012-01-04 00:00:00-05:00,580560.0,587760.0,562640.0,562640.0,7,0.0,0.0,0.0
2012-01-05 00:00:00-05:00,571040.0,576400.0,549440.0,550080.0,9,0.0,0.0,0.0
2012-01-06 00:00:00-05:00,546720.0,556640.0,536000.0,541760.0,12,0.0,0.0,0.0
2012-01-09 00:00:00-05:00,536640.0,540640.0,530080.0,533440.0,5,0.0,0.0,0.0
2012-01-10 00:00:00-05:00,517120.0,525200.0,511840.0,522720.0,14,0.0,0.0,0.0
2012-01-11 00:00:00-05:00,527520.0,532480.0,525440.0,531360.0,10,0.0,0.0,0.0
2012-01-12 00:00:00-05:00,528000.0,547360.0,522800.0,523520.0,12,0.0,0.0,0.0
2012-01-13 00:00:00-05:00,535040.0,553440.0,535040.0,537360.0,20,0.0,0.0,0.0
2012-01-17 00:00:00-05:00,519840.0,536240.0,511440.0,532960.0,19,0.0,0.0,0.0
2012-01-18 00:00:00-05:00,530400.0,535840.0,512160.0,513600.0,17,0.0,0.0,0.0
2012-01-19 00:00:00-05:00,506880.0,511440.0,498560.0,499760.0,16,0.0,0.0,0.0
2012-01-20 00:00:00-05:00,500960.0,504160.0,483120.0,484400.0,11,0.0,0.0,0.0
2012-01-23 00:00:00-05:00,483840.0,486640.0,468800.0,472160.0,23,0.0,0.0,0.0
2012-01-24 00:00:00-05:00,484160.0,485600.0,468960.0,474400.0,12,0.0,0.0,0.0
2012-01-25 00:00:00-05:00,474400.0,480160.0,451920.0,453760.0,26,0.0,0.0,0.0
2012-01-26 00:00:00-05:00,444320.0,460240.0,442800.0,454080.0,12,0.0,0.0,0.0
2012-01-27 00:00:00-05:00,461120.0,461280.0,442240.0,444400.0,12,0.0,0.0,0.0
2012-01-30 00:00:00-05:00,460480.0,463520.0,451360.0,457440.0,15,0.0,0.0,0.0
2012-01-31 00:00:00-05:00,448880.0,462160.0,445440.0,457600.0,13,0.0,0.0,0.0
2012-02-01 00:00:00-05:00,447200.0,450960.0,438960.0,445440.0,12,0.0,0.0,0.0
2012-02-02 00:00:00-05:00,437920.0,439840.0,431360.0,431360.0,16,0.0,0.0,0.0
2012-02-03 00:00:00-05:00,414160.0,418240.0,408400.0,408400.0,35,0.0,0.0,0.0
2012-02-06 00:00:00-05:00,412320.0,412720.0,403840.0,403840.0,14,0.0,0.0,0.0
2012-02-07 00:00:00-05:00,405600.0,412800.0,403920.0,407440.0,16,0.0,0.0,0.0
2012-02-08 00:00:00-05:00,406720.0,418400.0,405280.0,416800.0,11,0.0,0.0,0.0
2012-02-09 00:00:00-05:00,418800.0,437600.0,416000.0,437200.0,19,0.0,0.0,0.0
2012-02-10 00:00:00-05:00,460720.0,501760.0,455920.0,474640.0,48,0.0,0.0,0.0
2012-02-13 00:00:00-05:00,448480.0,454720.0,437920.0,437920.0,24,0.0,0.0,0.0
2012-02-14 00:00:00-05:00,444960.0,478960.0,444320.0,451520.0,29,0.0,0.0,0.0
2012-02-15 00:00:00-05:00,455120.0,480160.0,454960.0,477360.0,80,0.0,0.0,0.0
2012-02-16 00:00:00-05:00,487920.0,496080.0,456800.0,459440.0,82,0.0,0.0,0.0
2012-02-17 00:00:00-05:00,451040.0,464000.0,446640.0,452160.0,37,0.0,0.0,0.0
2012-02-21 00:00:00-05:00,445760.0,458720.0,445600.0,451840.0,37,0.0,0.0,0.0
2012-02-22 00:00:00-05:00,454880.0,456160.0,438080.0,439440.0,55,0.0,0.0,0.0
2012-02-23 00:00:00-05:00,440000.0,443760.0,408000.0,411360.0,51,0.0,0.0,0.0
2012-02-24 00:00:00-05:00,405440.0,428640.0,402400.0,425840.0,57,0.0,0.0,0.0
2012-02-27 00:00:00-05:00,441600.0,443200.0,416560.0,430560.0,34,0.0,0.0,0.0
2012-02-28 00:00:00-05:00,434800.0,436080.0,423520.0,425360.0,30,0.0,0.0,0.0
2012-02-29 00:00:00-05:00,418160.0,428000.0,409760.0,419680.0,33,0.0,0.0,0.0
2012-03-01 00:00:00-05:00,415520.0,417200.0,407360.0,410480.0,25,0.0,0.0,0.0
2012-03-02 00:00:00-05:00,410160.0,416400.0,407120.0,413360.0,18,0.0,0.0,0.0
2012-03-05 00:00:00-05:00,415840.0,419840.0,409440.0,412000.0,29,0.0,0.0,0.0
2012-03-06 00:00:00-05:00,437760.0,447280.0,429600.0,443600.0,73,0.0,0.0,0.0
2012-03-07 00:00:00-05:00,437120.0,440160.0,420560.0,421920.0,38,0.0,0.0,0.0
2012-03-08 00:00:00-05:00,410720.0,412960.0,402400.0,405440.0,43,0.0,0.0,0.0
2012-03-09 00:00:00-05:00,399120.0,399920.0,388880.0,396640.0,53,0.0,0.0,0.0
2012-03-12 00:00:00-04:00,392000.0,392480.0,377440.0,378480.0,47,0.0,0.0,0.0
2012-03-13 00:00:00-04:00,367520.0,370800.0,358720.0,361760.0,70,0.0,0.0,0.0
2012-03-14 00:00:00-04:00,359040.0,382640.0,358000.0,372960.0,53,0.0,0.0,0.0
2012-03-15 00:00:00-04:00,377120.0,380240.0,367040.0,367040.0,49,0.0,0.0,0.0
2012-03-16 00:00:00-04:00,365360.0,371200.0,363840.0,366320.0,38,0.0,0.0,0.0
2012-03-19 00:00:00-04:00,364640.0,365760.0,342000.0,345040.0,97,0.0,0.0,0.0
2012-03-20 00:00:00-04:00,352720.0,355600.0,328320.0,328720.0,59,0.0,0.0,0.0
2012-03-21 00:00:00-04:00,322000.0,326160.0,308560.0,312560.0,72,0.0,0.0,0.0
2012-03-22 00:00:00-04:00,326400.0,332000.0,312800.0,315840.0,47,0.0,0.0,0.0
2012-03-23 00:00:00-04:00,314400.0,319360.0,292800.0,293920.0,55,0.0,0.0,0.0
2012-03-26 00:00:00-04:00,283120.0,283200.0,265200.0,267360.0,81,0.0,0.0,0.0
2012-03-27 00:00:00-04:00,271440.0,293600.0,269680.0,292800.0,44,0.0,0.0,0.0
2012-03-28 00:00:00-04:00,293120.0,320720.0,288400.0,295280.0,71,0.0,0.0,0.0
2012-03-29 00:00:00-04:00,313440.0,313440.0,290880.0,294160.0,60,0.0,0.0,0.0
2012-03-30 00:00:00-04:00,281760.0,293680.0,281200.0,286160.0,39,0.0,0.0,0.0
2012-04-02 00:00:00-04:00,287280.0,288800.0,275840.0,286080.0,31,0.0,0.0,0.0
2012-04-03 00:00:00-04:00,285040.0,299360.0,282640.0,291040.0,33,0.0,0.0,0.0
2012-04-04 00:00:00-04:00,305520.0,312640.0,295440.0,298160.0,51,0.0,0.0,0.0
2012-04-05 00:00:00-04:00,304960.0,306480.0,296560.0,304640.0,25,0.0,0.0,0.0
2012-04-09 00:00:00-04:00,322880.0,323200.0,311200.0,323120.0,36,0.0,0.0,0.0
2012-04-10 00:00:00-04:00,325440.0,350000.0,320720.0,349440.0,75,0.0,0.0,0.0
2012-04-11 00:00:00-04:00,331680.0,342800.0,327840.0,340720.0,67,0.0,0.0,0.0
2012-04-12 00:00:00-04:00,336240.0,338000.0,310080.0,311360.0,57,0.0,0.0,0.0
2012-04-13 00:00:00-04:00,310240.0,329040.0,310240.0,328800.0,53,0.0,0.0,0.0
2012-04-16 00:00:00-04:00,316960.0,333440.0,313840.0,323200.0,52,0.0,0.0,0.0
2012-04-17 00:00:00-04:00,311680.0,312880.0,301440.0,305520.0,52,0.0,0.0,0.0
2012-04-18 00:00:00-04:00,308240.0,313600.0,301760.0,310400.0,51,0.0,0.0,0.0
2012-04-19 00:00:00-04:00,308960.0,321520.0,302400.0,312880.0,83,0.0,0.0,0.0
2012-04-20 00:00:00-04:00,305760.0,305920.0,298960.0,302640.0,65,0.0,0.0,0.0
2012-04-23 00:00:00-04:00,317120.0,323840.0,310640.0,312400.0,71,0.0,0.0,0.0
2012-04-24 00:00:00-04:00,311280.0,312400.0,304800.0,304880.0,43,0.0,0.0,0.0
2012-04-25 00:00:00-04:00,292560.0,294960.0,285200.0,285920.0,58,0.0,0.0,0.0
2012-04-26 00:00:00-04:00,286720.0,287520.0,273360.0,275840.0,65,0.0,0.0,0.0
2012-04-27 00:00:00-04:00,274400.0,280640.0,272960.0,275440.0,45,0.0,0.0,0.0
2012-04-30 00:00:00-04:00,279040.0,283120.0,277040.0,281680.0,64,0.0,0.0,0.0
2012-05-01 00:00:00-04:00,281040.0,281440.0,269360.0,272880.0,52,0.0,0.0,0.0
2012-05-02 00:00:00-04:00,278880.0,281440.0,272560.0,275360.0,40,0.0,0.0,0.0
2012-05-03 00:00:00-04:00,273200.0,284800.0,271200.0,281200.0,33,0.0,0.0,0.0
2012-05-04 00:00:00-04:00,284080.0,297600.0,283440.0,293520.0,90,0.0,0.0,0.0
2012-05-07 00:00:00-04:00,300560.0,301280.0,285520.0,288880.0,55,0.0,0.0,0.0
2012-05-08 00:00:00-04:00,294720.0,310080.0,290160.0,291680.0,105,0.0,0.0,0.0
2012-05-09 00:00:00-04:00,305680.0,311840.0,293520.0,302960.0,145,0.0,0.0,0.0
2012-05-10 00:00:00-04:00,294000.0,297760.0,289680.0,293440.0,77,0.0,0.0,0.0
2012-05-11 00:00:00-04:00,300880.0,301200.0,288160.0,297200.0,57,0.0,0.0,0.0
2012-05-14 00:00:00-04:00,310080.0,315360.0,306080.0,314720.0,125,0.0,0.0,0.0
2012-05-15 00:00:00-04:00,315840.0,331600.0,309920.0,330880.0,99,0.0,0.0,0.0
2012-05-16 00:00:00-04:00,325600.0,343200.0,320000.0,341680.0,118,0.0,0.0,0.0
2012-05-17 00:00:00-04:00,339360.0,358480.0,335120.0,358480.0,157,0.0,0.0,0.0
2012-05-18 00:00:00-04:00,356000.0,388480.0,353840.0,380960.0,233,0.0,0.0,0.0
2012-05-21 00:00:00-04:00,379760.0,384720.0,338560.0,339440.0,185,0.0,0.0,0.0
2012-05-22 00:00:00-04:00,335120.0,362640.0,320240.0,351120.0,102,0.0,0.0,0.0
2012-05-23 00:00:00-04:00,360960.0,372000.0,342160.0,345520.0,192,0.0,0.0,0.0
2012-05-24 00:00:00-04:00,343040.0,361680.0,341120.0,348320.0,134,0.0,0.0,0.0
2012-05-25 00:00:00-04:00,348240.0,349920.0,343040.0,344640.0,72,0.0,0.0,0.0
2012-05-29 00:00:00-04:00,334000.0,340800.0,326800.0,328320.0,89,0.0,0.0,0.0
2012-05-30 00:00:00-04:00,337200.0,350480.0,337200.0,350480.0,144,0.0,0.0,0.0
2012-05-31 00:00:00-04:00,353200.0,371600.0,343520.0,355520.0,145,0.0,0.0,0.0
2012-06-01 00:00:00-04:00,382400.0,386640.0,371760.0,385680.0,140,0.0,0.0,0.0
2012-06-04 00:00:00-04:00,377680.0,390640.0,368960.0,369280.0,125,0.0,0.0,0.0
2012-06-05 00:00:00-04:00,373360.0,374000.0,358960.0,361120.0,79,0.0,0.0,0.0
2012-06-06 00:00:00-04:00,350160.0,353360.0,334800.0,335120.0,105,0.0,0.0,0.0
2012-06-07 00:00:00-04:00,319920.0,333520.0,318000.0,331440.0,144,0.0,0.0,0.0
2012-06-08 00:00:00-04:00,333520.0,335200.0,313280.0,313440.0,66,0.0,0.0,0.0
2012-06-11 00:00:00-04:00,301920.0,340640.0,300240.0,339360.0,118,0.0,0.0,0.0
2012-06-12 00:00:00-04:00,337360.0,348960.0,331840.0,333920.0,132,0.0,0.0,0.0
2012-06-13 00:00:00-04:00,342240.0,356400.0,333120.0,350880.0,117,0.0,0.0,0.0
2012-06-14 00:00:00-04:00,348240.0,353760.0,328880.0,328880.0,126,0.0,0.0,0.0
2012-06-15 00:00:00-04:00,326240.0,330560.0,310720.0,315120.0,93,0.0,0.0,0.0
2012-06-18 00:00:00-04:00,312960.0,316320.0,287680.0,288320.0,192,0.0,0.0,0.0
2012-06-19 00:00:00-04:00,277760.0,286400.0,276320.0,282000.0,125,0.0,0.0,0.0
2012-06-20 00:00:00-04:00,282160.0,293040.0,270240.0,270240.0,188,0.0,0.0,0.0
2012-06-21 00:00:00-04:00,270960.0,301360.0,267760.0,300960.0,176,0.0,0.0,0.0
2012-06-22 00:00:00-04:00,290240.0,295040.0,268320.0,269920.0,147,0.0,0.0,0.0
2012-06-25 00:00:00-04:00,288960.0,295760.0,287200.0,292560.0,64,0.0,0.0,0.0
2012-06-26 00:00:00-04:00,284000.0,295520.0,280080.0,283920.0,118,0.0,0.0,0.0
2012-06-27 00:00:00-04:00,279600.0,286400.0,275920.0,285760.0,73,0.0,0.0,0.0
2012-06-28 00:00:00-04:00,289200.0,294480.0,276560.0,276640.0,98,0.0,0.0,0.0
2012-06-29 00:00:00-04:00,261200.0,264880.0,256960.0,258560.0,117,0.0,0.0,0.0
2012-07-02 00:00:00-04:00,253200.0,256400.0,240800.0,241760.0,73,0.0,0.0,0.0
2012-07-03 00:00:00-04:00,240000.0,240400.0,232800.0,236400.0,59,0.0,0.0,0.0
2012-07-05 00:00:00-04:00,238000.0,247120.0,238000.0,244880.0,67,0.0,0.0,0.0
2012-07-06 00:00:00-04:00,252000.0,252160.0,241840.0,242320.0,49,0.0,0.0,0.0
2012-07-09 00:00:00-04:00,241040.0,246400.0,237680.0,239920.0,41,0.0,0.0,0.0
2012-07-10 00:00:00-04:00,236400.0,251120.0,232960.0,247040.0,67,0.0,0.0,0.0
2012-07-11 00:00:00-04:00,246400.0,250320.0,236720.0,238640.0,60,0.0,0.0,0.0
2012-07-12 00:00:00-04:00,244560.0,250000.0,235440.0,241040.0,63,0.0,0.0,0.0
2012-07-13 00:00:00-04:00,237840.0,237840.0,226800.0,227120.0,84,0.0,0.0,0.0
2012-07-16 00:00:00-04:00,226480.0,229440.0,222000.0,224720.0,52,0.0,0.0,0.0
2012-07-17 00:00:00-04:00,220880.0,227040.0,214640.0,216240.0,74,0.0,0.0,0.0
2012-07-18 00:00:00-04:00,217200.0,219840.0,212720.0,218640.0,51,0.0,0.0,0.0
2012-07-19 00:00:00-04:00,216720.0,222000.0,213200.0,213200.0,57,0.0,0.0,0.0
2012-07-20 00:00:00-04:00,219840.0,226880.0,216880.0,224800.0,107,0.0,0.0,0.0
2012-07-23 00:00:00-04:00,242640.0,250240.0,235200.0,239040.0,164,0.0,0.0,0.0
2012-07-24 00:00:00-04:00,239360.0,256720.0,239040.0,249280.0,154,0.0,0.0,0.0
2012-07-25 00:00:00-04:00,247840.0,256960.0,242080.0,246400.0,132,0.0,0.0,0.0
2012-07-26 00:00:00-04:00,231120.0,236000.0,226720.0,227680.0,151,0.0,0.0,0.0
2012-07-27 00:00:00-04:00,217840.0,223760.0,216800.0,221280.0,115,0.0,0.0,0.0
2012-07-30 00:00:00-04:00,219440.0,226160.0,216720.0,225440.0,137,0.0,0.0,0.0
2012-07-31 00:00:00-04:00,230000.0,232640.0,225520.0,232160.0,115,0.0,0.0,0.0
2012-08-01 00:00:00-04:00,227920.0,232400.0,224240.0,227040.0,129,0.0,0.0,0.0
2012-08-02 00:00:00-04:00,232320.0,235040.0,222000.0,222160.0,159,0.0,0.0,0.0
2012-08-03 00:00:00-04:00,213360.0,214880.0,206640.0,206960.0,152,0.0,0.0,0.0
2012-08-06 00:00:00-04:00,203680.0,204960.0,199440.0,202320.0,146,0.0,0.0,0.0
2012-08-07 00:00:00-04:00,198880.0,207920.0,197760.0,207600.0,77,0.0,0.0,0.0
2012-08-08 00:00:00-04:00,207120.0,208320.0,198560.0,199200.0,78,0.0,0.0,0.0
2012-08-09 00:00:00-04:00,200320.0,202400.0,195840.0,198240.0,67,0.0,0.0,0.0
2012-08-10 00:00:00-04:00,200240.0,201200.0,194240.0,194480.0,75,0.0,0.0,0.0
2012-08-13 00:00:00-04:00,194880.0,195600.0,189280.0,189280.0,117,0.0,0.0,0.0
2012-08-14 00:00:00-04:00,190400.0,200160.0,189600.0,200000.0,132,0.0,0.0,0.0
2012-08-15 00:00:00-04:00,200160.0,201200.0,195200.0,199760.0,111,0.0,0.0,0.0
2012-08-16 00:00:00-04:00,199040.0,202720.0,195680.0,195680.0,141,0.0,0.0,0.0
2012-08-17 00:00:00-04:00,194000.0,196720.0,188800.0,190240.0,163,0.0,0.0,0.0
2012-08-20 00:00:00-04:00,191920.0,195200.0,189920.0,190560.0,75,0.0,0.0,0.0
2012-08-21 00:00:00-04:00,187920.0,197280.0,187280.0,195600.0,203,0.0,0.0,0.0
2012-08-22 00:00:00-04:00,198880.0,201120.0,194800.0,196880.0,85,0.0,0.0,0.0
2012-08-23 00:00:00-04:00,198240.0,203680.0,197520.0,200960.0,107,0.0,0.0,0.0
2012-08-24 00:00:00-04:00,203760.0,203920.0,191280.0,192960.0,116,0.0,0.0,0.0
2012-08-27 00:00:00-04:00,191280.0,194800.0,189680.0,194560.0,111,0.0,0.0,0.0
2012-08-28 00:00:00-04:00,197120.0,198400.0,194320.0,198080.0,106,0.0,0.0,0.0
2012-08-29 00:00:00-04:00,197200.0,199040.0,193440.0,198800.0,86,0.0,0.0,0.0
2012-08-30 00:00:00-04:00,202880.0,204880.0,200400.0,203120.0,77,0.0,0.0,0.0
2012-08-31 00:00:00-04:00,199200.0,204000.0,194800.0,196320.0,146,0.0,0.0,0.0
2012-09-04 00:00:00-04:00,196800.0,200080.0,194080.0,194720.0,104,0.0,0.0,0.0
2012-09-05 00:00:00-04:00,193920.0,194640.0,188240.0,189440.0,100,0.0,0.0,0.0
2012-09-06 00:00:00-04:00,184960.0,185120.0,169680.0,169920.0,224,0.0,0.0,0.0
2012-09-07 00:00:00-04:00,166480.0,166880.0,159600.0,160160.0,106,0.0,0.0,0.0
2012-09-10 00:00:00-04:00,162560.0,169520.0,157360.0,169040.0,198,0.0,0.0,0.0
2012-09-11 00:00:00-04:00,168400.0,170480.0,163840.0,168000.0,123,0.0,0.0,0.0
2012-09-12 00:00:00-04:00,164320.0,168480.0,162080.0,163280.0,103,0.0,0.0,0.0
2012-09-13 00:00:00-04:00,163200.0,165920.0,150000.0,151360.0,201,0.0,0.0,0.0
2012-09-14 00:00:00-04:00,148160.0,157280.0,145600.0,155920.0,194,0.0,0.0,0.0
2012-09-17 00:00:00-04:00,159040.0,159120.0,154960.0,155040.0,174,0.0,0.0,0.0
2012-09-18 00:00:00-04:00,156000.0,157680.0,150560.0,151280.0,235,0.0,0.0,0.0
2012-09-19 00:00:00-04:00,148240.0,151600.0,147840.0,150880.0,120,0.0,0.0,0.0
2012-09-20 00:00:00-04:00,152000.0,154640.0,149120.0,149280.0,144,0.0,0.0,0.0
2012-09-21 00:00:00-04:00,149280.0,150720.0,146240.0,148400.0,118,0.0,0.0,0.0
2012-09-24 00:00:00-04:00,149920.0,150640.0,144960.0,146320.0,114,0.0,0.0,0.0
2012-09-25 00:00:00-04:00,144800.0,157760.0,144640.0,157520.0,161,0.0,0.0,0.0
2012-09-26 00:00:00-04:00,160400.0,166960.0,158160.0,163760.0,184,0.0,0.0,0.0
2012-09-27 00:00:00-04:00,158240.0,160800.0,148480.0,149040.0,158,0.0,0.0,0.0
2012-09-28 00:00:00-04:00,152400.0,154800.0,148720.0,153760.0,88,0.0,0.0,0.0
2012-10-01 00:00:00-04:00,149840.0,156000.0,145760.0,154960.0,89,0.0,0.0,0.0
2012-10-02 00:00:00-04:00,152800.0,157200.0,151680.0,151760.0,75,0.0,0.0,0.0
2012-10-03 00:00:00-04:00,152320.0,155600.0,149440.0,151120.0,49,0.0,0.0,0.0
2012-10-04 00:00:00-04:00,150080.0,150960.0,147520.0,147520.0,83,0.0,0.0,0.0
2012-10-05 00:00:00-04:00,143040.0,147440.0,141280.0,145520.0,144,0.0,0.0,0.0
2012-10-08 00:00:00-04:00,147600.0,148800.0,145920.0,147120.0,65,0.0,0.0,0.0
2012-10-09 00:00:00-04:00,147600.0,154480.0,146880.0,153680.0,98,0.0,0.0,0.0
2012-10-10 00:00:00-04:00,152160.0,155360.0,151040.0,151760.0,81,0.0,0.0,0.0
2012-10-11 00:00:00-04:00,149680.0,150960.0,147840.0,149760.0,68,0.0,0.0,0.0
2012-10-12 00:00:00-04:00,147520.0,152240.0,146000.0,151360.0,102,0.0,0.0,0.0
2012-10-15 00:00:00-04:00,150160.0,152960.0,145600.0,145840.0,105,0.0,0.0,0.0
2012-10-16 00:00:00-04:00,143520.0,144640.0,142000.0,142560.0,160,0.0,0.0,0.0
2012-10-17 00:00:00-04:00,142240.0,144080.0,139920.0,140960.0,115,0.0,0.0,0.0
2012-10-18 00:00:00-04:00,141680.0,142560.0,138640.0,140480.0,111,0.0,0.0,0.0
2012-10-19 00:00:00-04:00,141760.0,151120.0,141600.0,149440.0,193,0.0,0.0,0.0
2012-10-22 00:00:00-04:00,148960.0,153600.0,147520.0,147680.0,118,0.0,0.0,0.0
2012-10-23 00:00:00-04:00,155760.0,161120.0,155040.0,159200.0,173,0.0,0.0,0.0
2012-10-24 00:00:00-04:00,156720.0,161120.0,156400.0,160080.0,109,0.0,0.0,0.0
2012-10-25 00:00:00-04:00,154480.0,159600.0,153760.0,155840.0,153,0.0,0.0,0.0
2012-10-26 00:00:00-04:00,155680.0,159520.0,152960.0,155360.0,130,0.0,0.0,0.0
2012-10-31 00:00:00-04:00,152000.0,159760.0,151840.0,158000.0,106,0.0,0.0,0.0
2012-11-01 00:00:00-04:00,156720.0,157040.0,145360.0,145440.0,144,0.0,0.0,0.0
2012-11-02 00:00:00-04:00,143520.0,149840.0,143040.0,149440.0,148,0.0,0.0,0.0
2012-11-05 00:00:00-05:00,151120.0,155600.0,150320.0,151920.0,95,0.0,0.0,0.0
2012-11-06 00:00:00-05:00,150880.0,152160.0,144720.0,146640.0,103,0.0,0.0,0.0
2012-11-07 00:00:00-05:00,150080.0,160000.0,148880.0,158160.0,340,0.0,0.0,0.0
2012-11-08 00:00:00-05:00,157440.0,160000.0,153920.0,159200.0,135,0.0,0.0,0.0
2012-11-09 00:00:00-05:00,160800.0,160960.0,154000.0,159040.0,121,0.0,0.0,0.0
2012-11-12 00:00:00-05:00,157200.0,157280.0,148240.0,149040.0,85,0.0,0.0,0.0
2012-11-13 00:00:00-05:00,152240.0,153120.0,145280.0,149120.0,117,0.0,0.0,0.0
2012-11-14 00:00:00-05:00,144880.0,156480.0,144400.0,154080.0,133,0.0,0.0,0.0
2012-11-15 00:00:00-05:00,154160.0,160400.0,151280.0,155440.0,144,0.0,0.0,0.0
2012-11-16 00:00:00-05:00,153840.0,159280.0,148080.0,148640.0,119,0.0,0.0,0.0
2012-11-19 00:00:00-05:00,143120.0,143120.0,135440.0,135680.0,180,0.0,0.0,0.0
2012-11-20 00:00:00-05:00,133680.0,136160.0,132720.0,132960.0,129,0.0,0.0,0.0
2012-11-21 00:00:00-05:00,132400.0,135120.0,130480.0,134000.0,62,0.0,0.0,0.0
2012-11-23 00:00:00-05:00,130560.0,131840.0,128160.0,128160.0,43,0.0,0.0,0.0
2012-11-26 00:00:00-05:00,130480.0,131200.0,126960.0,126960.0,104,0.0,0.0,0.0
2012-11-27 00:00:00-05:00,126240.0,130160.0,125120.0,129600.0,94,0.0,0.0,0.0
2012-11-28 00:00:00-05:00,131920.0,134480.0,125760.0,125920.0,117,0.0,0.0,0.0
2012-11-29 00:00:00-05:00,124080.0,127120.0,123680.0,124160.0,84,0.0,0.0,0.0
2012-11-30 00:00:00-05:00,123200.0,127760.0,123200.0,126400.0,100,0.0,0.0,0.0
2012-12-03 00:00:00-05:00,123200.0,129440.0,123200.0,129280.0,59,0.0,0.0,0.0
2012-12-04 00:00:00-05:00,130080.0,133280.0,128240.0,131520.0,87,0.0,0.0,0.0
2012-12-05 00:00:00-05:00,131200.0,134400.0,128560.0,129120.0,79,0.0,0.0,0.0
2012-12-06 00:00:00-05:00,129200.0,131760.0,128720.0,130640.0,72,0.0,0.0,0.0
2012-12-07 00:00:00-05:00,128560.0,131360.0,125840.0,126000.0,64,0.0,0.0,0.0
2012-12-10 00:00:00-05:00,127200.0,128800.0,126480.0,127840.0,105,0.0,0.0,0.0
2012-12-11 00:00:00-05:00,126320.0,126800.0,123440.0,123440.0,123,0.0,0.0,0.0
2012-12-12 00:00:00-05:00,123120.0,126880.0,122320.0,126720.0,82,0.0,0.0,0.0
2012-12-13 00:00:00-05:00,126240.0,130960.0,125680.0,129040.0,114,0.0,0.0,0.0
2012-12-14 00:00:00-05:00,129600.0,131440.0,128880.0,129840.0,84,0.0,0.0,0.0
2012-12-17 00:00:00-05:00,130160.0,130480.0,125200.0,125200.0,99,0.0,0.0,0.0
2012-12-18 00:00:00-05:00,123040.0,123840.0,119600.0,120640.0,151,0.0,0.0,0.0
2012-12-19 00:00:00-05:00,120320.0,127600.0,120320.0,127360.0,138,0.0,0.0,0.0
2012-12-20 00:00:00-05:00,127120.0,131360.0,126160.0,130560.0,161,0.0,0.0,0.0
2012-12-21 00:00:00-05:00,141040.0,141600.0,137040.0,139120.0,175,0.0,0.0,0.0
2012-12-24 00:00:00-05:00,136880.0,138480.0,136240.0,136800.0,50,0.0,0.0,0.0
2012-12-26 00:00:00-05:00,138960.0,144480.0,138720.0,144400.0,90,0.0,0.0,0.0
2012-12-27 00:00:00-05:00,144000.0,153440.0,142560.0,144480.0,146,0.0,0.0,0.0
2012-12-28 00:00:00-05:00,148880.0,152560.0,145520.0,151840.0,105,0.0,0.0,0.0
2012-12-31 00:00:00-05:00,156000.0,157520.0,134560.0,136080.0,294,0.0,0.0,0.0
2013-01-02 00:00:00-05:00,122960.0,126560.0,119440.0,119680.0,261,0.0,0.0,0.0
2013-01-03 00:00:00-05:00,121040.0,122320.0,118400.0,120720.0,93,0.0,0.0,0.0
2013-01-04 00:00:00-05:00,120240.0,120880.0,117600.0,118240.0,132,0.0,0.0,0.0
2013-01-07 00:00:00-05:00,119440.0,120400.0,117440.0,117920.0,106,0.0,0.0,0.0
2013-01-08 00:00:00-05:00,117360.0,119360.0,116160.0,116560.0,117,0.0,0.0,0.0
2013-01-09 00:00:00-05:00,114720.0,117920.0,114400.0,116800.0,133,0.0,0.0,0.0
2013-01-10 00:00:00-05:00,114640.0,116320.0,113840.0,114000.0,118,0.0,0.0,0.0
2013-01-11 00:00:00-05:00,114320.0,115600.0,113440.0,113440.0,62,0.0,0.0,0.0
2013-01-14 00:00:00-05:00,113360.0,114160.0,111120.0,111680.0,113,0.0,0.0,0.0
2013-01-15 00:00:00-05:00,113040.0,113440.0,110640.0,111520.0,107,0.0,0.0,0.0
2013-01-16 00:00:00-05:00,110800.0,111280.0,108160.0,109120.0,147,0.0,0.0,0.0
2013-01-17 00:00:00-05:00,107920.0,109840.0,107440.0,109840.0,106,0.0,0.0,0.0
2013-01-18 00:00:00-05:00,108800.0,109440.0,102400.0,103040.0,254,0.0,0.0,0.0
2013-01-22 00:00:00-05:00,102720.0,104800.0,99440.0,99680.0,133,0.0,0.0,0.0
2013-01-23 00:00:00-05:00,99840.0,100160.0,96640.0,97120.0,153,0.0,0.0,0.0
2013-01-24 00:00:00-05:00,97760.0,103360.0,96320.0,97680.0,242,0.0,0.0,0.0
2013-01-25 00:00:00-05:00,98000.0,100240.0,96800.0,98480.0,154,0.0,0.0,0.0
2013-01-28 00:00:00-05:00,98240.0,102320.0,98000.0,101120.0,121,0.0,0.0,0.0
2013-01-29 00:00:00-05:00,102400.0,103200.0,97360.0,98000.0,156,0.0,0.0,0.0
2013-01-30 00:00:00-05:00,100480.0,104400.0,99200.0,104320.0,184,0.0,0.0,0.0
2013-01-31 00:00:00-05:00,104880.0,105600.0,102240.0,104560.0,125,0.0,0.0,0.0
2013-02-01 00:00:00-05:00,100480.0,100480.0,97920.0,99200.0,227,0.0,0.0,0.0
2013-02-04 00:00:00-05:00,102160.0,106000.0,101040.0,106000.0,166,0.0,0.0,0.0
2013-02-05 00:00:00-05:00,103680.0,104080.0,99680.0,101760.0,164,0.0,0.0,0.0
2013-02-06 00:00:00-05:00,103760.0,104000.0,100880.0,100960.0,149,0.0,0.0,0.0
2013-02-07 00:00:00-05:00,99840.0,104720.0,99520.0,100640.0,265,0.0,0.0,0.0
2013-02-08 00:00:00-05:00,100000.0,100080.0,98320.0,98800.0,192,0.0,0.0,0.0
2013-02-11 00:00:00-05:00,98320.0,99200.0,96640.0,96880.0,171,0.0,0.0,0.0
2013-02-12 00:00:00-05:00,96800.0,97520.0,95280.0,95920.0,105,0.0,0.0,0.0
2013-02-13 00:00:00-05:00,95680.0,98080.0,94800.0,96560.0,146,0.0,0.0,0.0
2013-02-14 00:00:00-05:00,97200.0,97680.0,94480.0,95040.0,175,0.0,0.0,0.0
2013-02-15 00:00:00-05:00,94160.0,96560.0,93760.0,94160.0,157,0.0,0.0,0.0
2013-02-19 00:00:00-05:00,93600.0,93600.0,90000.0,90240.0,196,0.0,0.0,0.0
2013-02-20 00:00:00-05:00,90560.0,98560.0,90480.0,98240.0,361,0.0,0.0,0.0
2013-02-21 00:00:00-05:00,98160.0,103440.0,98160.0,99840.0,373,0.0,0.0,0.0
2013-02-22 00:00:00-05:00,97440.0,99520.0,96400.0,96560.0,144,0.0,0.0,0.0
2013-02-25 00:00:00-05:00,93200.0,110880.0,92000.0,109840.0,519,0.0,0.0,0.0
2013-02-26 00:00:00-05:00,108640.0,115200.0,105520.0,107360.0,610,0.0,0.0,0.0
2013-02-27 00:00:00-05:00,107840.0,108960.0,98160.0,100000.0,405,0.0,0.0,0.0
2013-02-28 00:00:00-05:00,99760.0,103040.0,98080.0,103040.0,358,0.0,0.0,0.0
2013-03-01 00:00:00-05:00,107600.0,110240.0,102880.0,104640.0,365,0.0,0.0,0.0
2013-03-04 00:00:00-05:00,106240.0,106640.0,99040.0,99040.0,214,0.0,0.0,0.0
2013-03-05 00:00:00-05:00,95920.0,96960.0,95200.0,96000.0,297,0.0,0.0,0.0
2013-03-06 00:00:00-05:00,94720.0,98240.0,94640.0,96400.0,235,0.0,0.0,0.0
2013-03-07 00:00:00-05:00,96080.0,96720.0,94320.0,94400.0,179,0.0,0.0,0.0
2013-03-08 00:00:00-05:00,92640.0,95840.0,92480.0,93120.0,221,0.0,0.0,0.0
2013-03-11 00:00:00-04:00,93120.0,93440.0,89120.0,89200.0,246,0.0,0.0,0.0
2013-03-12 00:00:00-04:00,89440.0,93360.0,88800.0,90560.0,345,0.0,0.0,0.0
2013-03-13 00:00:00-04:00,90400.0,92080.0,89520.0,90080.0,254,0.0,0.0,0.0
2013-03-14 00:00:00-04:00,88960.0,89920.0,88080.0,88320.0,253,0.0,0.0,0.0
2013-03-15 00:00:00-04:00,88800.0,90400.0,87920.0,88400.0,341,0.0,0.0,0.0
2013-03-18 00:00:00-04:00,94000.0,94160.0,89040.0,92960.0,446,0.0,0.0,0.0
2013-03-19 00:00:00-04:00,90880.0,97840.0,90560.0,93040.0,554,0.0,0.0,0.0
2013-03-20 00:00:00-04:00,89680.0,90720.0,87360.0,88000.0,460,0.0,0.0,0.0
2013-03-21 00:00:00-04:00,90240.0,91760.0,88160.0,90560.0,567,0.0,0.0,0.0
2013-03-22 00:00:00-04:00,89040.0,91600.0,88640.0,90320.0,173,0.0,0.0,0.0
2013-03-25 00:00:00-04:00,87920.0,91680.0,86720.0,89040.0,389,0.0,0.0,0.0
2013-03-26 00:00:00-04:00,87680.0,88640.0,86320.0,86640.0,215,0.0,0.0,0.0
2013-03-27 00:00:00-04:00,88800.0,89520.0,86880.0,87520.0,221,0.0,0.0,0.0
2013-03-28 00:00:00-04:00,87280.0,88000.0,86880.0,87200.0,159,0.0,0.0,0.0
2013-04-01 00:00:00-04:00,86800.0,88480.0,86480.0,87520.0,195,0.0,0.0,0.0
2013-04-02 00:00:00-04:00,86240.0,86480.0,84720.0,84880.0,201,0.0,0.0,0.0
2013-04-03 00:00:00-04:00,84720.0,88720.0,84240.0,87840.0,316,0.0,0.0,0.0
2013-04-04 00:00:00-04:00,87760.0,90000.0,86320.0,86320.0,252,0.0,0.0,0.0
2013-04-05 00:00:00-04:00,91200.0,91680.0,86640.0,86640.0,393,0.0,0.0,0.0
2013-04-08 00:00:00-04:00,85920.0,87200.0,84240.0,84240.0,236,0.0,0.0,0.0
2013-04-09 00:00:00-04:00,83520.0,84960.0,82320.0,83040.0,223,0.0,0.0,0.0
2013-04-10 00:00:00-04:00,82320.0,82560.0,80720.0,80960.0,276,0.0,0.0,0.0
2013-04-11 00:00:00-04:00,80560.0,81280.0,79200.0,80720.0,299,0.0,0.0,0.0
2013-04-12 00:00:00-04:00,81760.0,82480.0,79040.0,79280.0,249,0.0,0.0,0.0
2013-04-15 00:00:00-04:00,79680.0,91520.0,78640.0,88480.0,863,0.0,0.0,0.0
2013-04-16 00:00:00-04:00,84720.0,86240.0,81440.0,81680.0,424,0.0,0.0,0.0
2013-04-17 00:00:00-04:00,84800.0,93920.0,84720.0,91200.0,1087,0.0,0.0,0.0
2013-04-18 00:00:00-04:00,90800.0,97200.0,90720.0,95040.0,500,0.0,0.0,0.0
2013-04-19 00:00:00-04:00,93760.0,94240.0,87520.0,88240.0,325,0.0,0.0,0.0
2013-04-22 00:00:00-04:00,88720.0,90800.0,85280.0,86400.0,249,0.0,0.0,0.0
2013-04-23 00:00:00-04:00,83520.0,89520.0,81520.0,81920.0,416,0.0,0.0,0.0
2013-04-24 00:00:00-04:00,82000.0,82960.0,81040.0,82160.0,234,0.0,0.0,0.0
2013-04-25 00:00:00-04:00,81360.0,83600.0,81040.0,83040.0,147,0.0,0.0,0.0
2013-04-26 00:00:00-04:00,84000.0,85040.0,82800.0,83040.0,180,0.0,0.0,0.0
2013-04-29 00:00:00-04:00,81840.0,83280.0,81200.0,82640.0,145,0.0,0.0,0.0
2013-04-30 00:00:00-04:00,82640.0,83920.0,81600.0,81760.0,166,0.0,0.0,0.0
2013-05-01 00:00:00-04:00,82480.0,85360.0,82400.0,85360.0,241,0.0,0.0,0.0
2013-05-02 00:00:00-04:00,83760.0,84080.0,82080.0,82480.0,216,0.0,0.0,0.0
2013-05-03 00:00:00-04:00,80400.0,81280.0,80240.0,80560.0,199,0.0,0.0,0.0
2013-05-06 00:00:00-04:00,80560.0,80640.0,78800.0,79200.0,152,0.0,0.0,0.0
2013-05-07 00:00:00-04:00,78080.0,79680.0,77840.0,78480.0,309,0.0,0.0,0.0
2013-05-08 00:00:00-04:00,79360.0,80640.0,78640.0,79120.0,112,0.0,0.0,0.0
2013-05-09 00:00:00-04:00,79840.0,82160.0,79440.0,80560.0,227,0.0,0.0,0.0
2013-05-10 00:00:00-04:00,81040.0,82000.0,79600.0,79680.0,239,0.0,0.0,0.0
2013-05-13 00:00:00-04:00,79840.0,80560.0,78960.0,79200.0,213,0.0,0.0,0.0
2013-05-14 00:00:00-04:00,78800.0,79600.0,78240.0,78480.0,218,0.0,0.0,0.0
2013-05-15 00:00:00-04:00,79440.0,80000.0,78560.0,79120.0,214,0.0,0.0,0.0
2013-05-16 00:00:00-04:00,79840.0,80720.0,78880.0,79920.0,270,0.0,0.0,0.0
2013-05-17 00:00:00-04:00,79520.0,79680.0,77600.0,77760.0,311,0.0,0.0,0.0
2013-05-20 00:00:00-04:00,78960.0,78960.0,77680.0,78960.0,183,0.0,0.0,0.0
2013-05-21 00:00:00-04:00,78480.0,80080.0,78240.0,79680.0,222,0.0,0.0,0.0
2013-05-22 00:00:00-04:00,78880.0,81760.0,78400.0,80400.0,403,0.0,0.0,0.0
2013-05-23 00:00:00-04:00,84320.0,84400.0,80480.0,81040.0,474,0.0,0.0,0.0
2013-05-24 00:00:00-04:00,82080.0,82640.0,80720.0,80960.0,227,0.0,0.0,0.0
2013-05-28 00:00:00-04:00,78640.0,80000.0,78080.0,78800.0,247,0.0,0.0,0.0
2013-05-29 00:00:00-04:00,80160.0,81840.0,79440.0,80080.0,391,0.0,0.0,0.0
2013-05-30 00:00:00-04:00,80160.0,81120.0,79200.0,79920.0,354,0.0,0.0,0.0
2013-05-31 00:00:00-04:00,80800.0,82800.0,79840.0,82640.0,325,0.0,0.0,0.0
2013-06-03 00:00:00-04:00,82560.0,87040.0,82400.0,82400.0,538,0.0,0.0,0.0
2013-06-04 00:00:00-04:00,82960.0,86080.0,82400.0,83520.0,293,0.0,0.0,0.0
2013-06-05 00:00:00-04:00,84960.0,87440.0,84320.0,86960.0,383,0.0,0.0,0.0
2013-06-06 00:00:00-04:00,87840.0,91840.0,86000.0,86080.0,363,0.0,0.0,0.0
2013-06-07 00:00:00-04:00,83600.0,84800.0,81920.0,82080.0,72,0.0,0.0,0.0
2013-06-10 00:00:00-04:00,81008.0,82496.0,80752.0,81216.0,428,0.0,0.2,0.0
2013-06-11 00:00:00-04:00,84560.0,87040.0,83008.0,86352.0,760,0.0,0.0,0.0
2013-06-12 00:00:00-04:00,84576.0,92560.0,84416.0,91536.0,665,0.0,0.0,0.0
2013-06-13 00:00:00-04:00,91664.0,92784.0,86640.0,87120.0,562,0.0,0.0,0.0
2013-06-14 00:00:00-04:00,87440.0,89920.0,85568.0,89520.0,723,0.0,0.0,0.0
2013-06-17 00:00:00-04:00,87456.0,89552.0,86896.0,87888.0,321,0.0,0.0,0.0
2013-06-18 00:00:00-04:00,87440.0,87904.0,86560.0,86576.0,274,0.0,0.0,0.0
2013-06-19 00:00:00-04:00,87328.0,87920.0,82640.0,86576.0,684,0.0,0.0,0.0
2013-06-20 00:00:00-04:00,90208.0,99376.0,89776.0,96784.0,927,0.0,0.0,0.0
2013-06-21 00:00:00-04:00,93456.0,98544.0,92336.0,92928.0,1080,0.0,0.0,0.0
2013-06-24 00:00:00-04:00,97728.0,99840.0,95536.0,98640.0,887,0.0,0.0,0.0
2013-06-25 00:00:00-04:00,95392.0,97664.0,94928.0,95632.0,597,0.0,0.0,0.0
2013-06-26 00:00:00-04:00,93248.0,95392.0,93120.0,93360.0,411,0.0,0.0,0.0
2013-06-27 00:00:00-04:00,91136.0,91936.0,89616.0,89856.0,364,0.0,0.0,0.0
2013-06-28 00:00:00-04:00,91664.0,92224.0,87888.0,89456.0,542,0.0,0.0,0.0
2013-07-01 00:00:00-04:00,87904.0,88032.0,84864.0,86480.0,340,0.0,0.0,0.0
2013-07-02 00:00:00-04:00,87488.0,88960.0,85392.0,87680.0,269,0.0,0.0,0.0
2013-07-03 00:00:00-04:00,88592.0,88976.0,86176.0,86592.0,156,0.0,0.0,0.0
2013-07-05 00:00:00-04:00,84384.0,85776.0,82176.0,82320.0,260,0.0,0.0,0.0
2013-07-08 00:00:00-04:00,79840.0,80336.0,77952.0,78432.0,424,0.0,0.0,0.0
2013-07-09 00:00:00-04:00,76320.0,77424.0,76000.0,76768.0,515,0.0,0.0,0.0
2013-07-10 00:00:00-04:00,76800.0,77120.0,75632.0,76128.0,340,0.0,0.0,0.0
2013-07-11 00:00:00-04:00,73584.0,74848.0,73280.0,73920.0,348,0.0,0.0,0.0
2013-07-12 00:00:00-04:00,73920.0,75200.0,73552.0,74720.0,354,0.0,0.0,0.0
2013-07-15 00:00:00-04:00,73904.0,74544.0,72576.0,73024.0,317,0.0,0.0,0.0
2013-07-16 00:00:00-04:00,72880.0,75808.0,72752.0,75072.0,318,0.0,0.0,0.0
2013-07-17 00:00:00-04:00,73952.0,74736.0,72336.0,72384.0,325,0.0,0.0,0.0
2013-07-18 00:00:00-04:00,71904.0,72064.0,70368.0,71168.0,308,0.0,0.0,0.0
2013-07-19 00:00:00-04:00,71728.0,72528.0,69296.0,69680.0,261,0.0,0.0,0.0
2013-07-22 00:00:00-04:00,69232.0,69920.0,67920.0,68160.0,450,0.0,0.0,0.0
2013-07-23 00:00:00-04:00,67488.0,68960.0,66960.0,67872.0,262,0.0,0.0,0.0
2013-07-24 00:00:00-04:00,67360.0,69408.0,67280.0,68672.0,277,0.0,0.0,0.0
2013-07-25 00:00:00-04:00,69520.0,69536.0,66848.0,67072.0,229,0.0,0.0,0.0
2013-07-26 00:00:00-04:00,67680.0,68912.0,66576.0,66736.0,212,0.0,0.0,0.0
2013-07-29 00:00:00-04:00,67456.0,68304.0,66832.0,67568.0,200,0.0,0.0,0.0
2013-07-30 00:00:00-04:00,67344.0,68016.0,66192.0,66320.0,189,0.0,0.0,0.0
2013-07-31 00:00:00-04:00,66160.0,66224.0,63424.0,64896.0,309,0.0,0.0,0.0
2013-08-01 00:00:00-04:00,63152.0,63504.0,62640.0,62848.0,228,0.0,0.0,0.0
2013-08-02 00:00:00-04:00,62912.0,62960.0,61168.0,61216.0,250,0.0,0.0,0.0
2013-08-05 00:00:00-04:00,61040.0,61424.0,60320.0,60464.0,193,0.0,0.0,0.0
2013-08-06 00:00:00-04:00,60832.0,62768.0,60688.0,62272.0,249,0.0,0.0,0.0
2013-08-07 00:00:00-04:00,63360.0,64656.0,62624.0,63040.0,279,0.0,0.0,0.0
2013-08-08 00:00:00-04:00,61776.0,63280.0,61584.0,62048.0,216,0.0,0.0,0.0
2013-08-09 00:00:00-04:00,62064.0,63472.0,61504.0,62864.0,277,0.0,0.0,0.0
2013-08-12 00:00:00-04:00,64272.0,64304.0,62240.0,62480.0,165,0.0,0.0,0.0
2013-08-13 00:00:00-04:00,61968.0,63376.0,61536.0,61840.0,278,0.0,0.0,0.0
2013-08-14 00:00:00-04:00,61504.0,62592.0,61280.0,62528.0,192,0.0,0.0,0.0
2013-08-15 00:00:00-04:00,64672.0,65936.0,64352.0,65616.0,526,0.0,0.0,0.0
2013-08-16 00:00:00-04:00,65632.0,65776.0,63488.0,64544.0,426,0.0,0.0,0.0
2013-08-19 00:00:00-04:00,64896.0,66496.0,64416.0,66336.0,173,0.0,0.0,0.0
2013-08-20 00:00:00-04:00,66512.0,66896.0,63840.0,65504.0,367,0.0,0.0,0.0
2013-08-21 00:00:00-04:00,66640.0,67984.0,64144.0,66720.0,586,0.0,0.0,0.0
2013-08-22 00:00:00-04:00,65792.0,66000.0,64656.0,65072.0,302,0.0,0.0,0.0
2013-08-23 00:00:00-04:00,64368.0,65056.0,63680.0,63792.0,186,0.0,0.0,0.0
2013-08-26 00:00:00-04:00,63152.0,66048.0,62656.0,65904.0,287,0.0,0.0,0.0
2013-08-27 00:00:00-04:00,68880.0,71584.0,67872.0,71184.0,645,0.0,0.0,0.0
2013-08-28 00:00:00-04:00,71600.0,72544.0,69856.0,70912.0,557,0.0,0.0,0.0
2013-08-29 00:00:00-04:00,72016.0,72544.0,70384.0,72544.0,296,0.0,0.0,0.0
2013-08-30 00:00:00-04:00,71888.0,74720.0,71888.0,73360.0,444,0.0,0.0,0.0
2013-09-03 00:00:00-04:00,70048.0,72080.0,69760.0,70528.0,447,0.0,0.0,0.0
2013-09-04 00:00:00-04:00,70608.0,71088.0,69888.0,70352.0,305,0.0,0.0,0.0
2013-09-05 00:00:00-04:00,70224.0,70416.0,68592.0,68784.0,261,0.0,0.0,0.0
2013-09-06 00:00:00-04:00,67776.0,71296.0,67632.0,69376.0,523,0.0,0.0,0.0
2013-09-09 00:00:00-04:00,68592.0,68880.0,66416.0,66672.0,285,0.0,0.0,0.0
2013-09-10 00:00:00-04:00,64800.0,65216.0,64224.0,64224.0,352,0.0,0.0,0.0
2013-09-11 00:00:00-04:00,64624.0,64800.0,62000.0,62192.0,307,0.0,0.0,0.0
2013-09-12 00:00:00-04:00,62048.0,63392.0,61200.0,63296.0,251,0.0,0.0,0.0
2013-09-13 00:00:00-04:00,61968.0,63440.0,61776.0,62320.0,218,0.0,0.0,0.0
2013-09-16 00:00:00-04:00,60912.0,62128.0,60688.0,61664.0,328,0.0,0.0,0.0
2013-09-17 00:00:00-04:00,61488.0,61552.0,60752.0,61024.0,277,0.0,0.0,0.0
2013-09-18 00:00:00-04:00,61280.0,62112.0,58032.0,58752.0,491,0.0,0.0,0.0
2013-09-19 00:00:00-04:00,57968.0,59152.0,57728.0,58448.0,298,0.0,0.0,0.0
2013-09-20 00:00:00-04:00,58544.0,59520.0,57856.0,59440.0,284,0.0,0.0,0.0
2013-09-23 00:00:00-04:00,59392.0,61344.0,59120.0,60224.0,530,0.0,0.0,0.0
2013-09-24 00:00:00-04:00,59888.0,60560.0,58896.0,59952.0,395,0.0,0.0,0.0
2013-09-25 00:00:00-04:00,59712.0,60560.0,59088.0,59792.0,461,0.0,0.0,0.0
2013-09-26 00:00:00-04:00,58864.0,59552.0,58480.0,58608.0,323,0.0,0.0,0.0
2013-09-27 00:00:00-04:00,59568.0,61568.0,59440.0,61040.0,452,0.0,0.0,0.0
2013-09-30 00:00:00-04:00,63664.0,64000.0,61664.0,63120.0,968,0.0,0.0,0.0
2013-10-01 00:00:00-04:00,63200.0,63456.0,60976.0,60976.0,443,0.0,0.0,0.0
2013-10-02 00:00:00-04:00,62256.0,63424.0,61536.0,62912.0,471,0.0,0.0,0.0
2013-10-03 00:00:00-04:00,63392.0,68192.0,63120.0,65232.0,932,0.0,0.0,0.0
2013-10-04 00:00:00-04:00,66048.0,66864.0,64384.0,64656.0,581,0.0,0.0,0.0
2013-10-07 00:00:00-04:00,67392.0,69808.0,66576.0,69696.0,678,0.0,0.0,0.0
2013-10-08 00:00:00-04:00,69664.0,73808.0,69312.0,72896.0,1541,0.0,0.0,0.0
2013-10-09 00:00:00-04:00,72800.0,74800.0,69360.0,70432.0,1813,0.0,0.0,0.0
2013-10-10 00:00:00-04:00,67696.0,67760.0,63440.0,63536.0,1275,0.0,0.0,0.0
2013-10-11 00:00:00-04:00,63552.0,63776.0,61168.0,62336.0,863,0.0,0.0,0.0
2013-10-14 00:00:00-04:00,64672.0,65792.0,62096.0,62992.0,952,0.0,0.0,0.0
2013-10-15 00:00:00-04:00,63456.0,67216.0,62320.0,66832.0,1024,0.0,0.0,0.0
2013-10-16 00:00:00-04:00,63504.0,64480.0,59056.0,59056.0,819,0.0,0.0,0.0
2013-10-17 00:00:00-04:00,59728.0,59792.0,55792.0,55808.0,514,0.0,0.0,0.0
2013-10-18 00:00:00-04:00,54768.0,56176.0,54064.0,55184.0,593,0.0,0.0,0.0
2013-10-21 00:00:00-04:00,53872.0,56000.0,53872.0,55424.0,381,0.0,0.0,0.0
2013-10-22 00:00:00-04:00,54304.0,56016.0,54208.0,55760.0,2684,0.0,0.0,0.0
2013-10-23 00:00:00-04:00,56480.0,57808.0,56032.0,56080.0,423,0.0,0.0,0.0
2013-10-24 00:00:00-04:00,55824.0,56160.0,54944.0,55232.0,285,0.0,0.0,0.0
2013-10-25 00:00:00-04:00,55120.0,55920.0,55024.0,55120.0,252,0.0,0.0,0.0
2013-10-28 00:00:00-04:00,55344.0,55904.0,55104.0,55344.0,212,0.0,0.0,0.0
2013-10-29 00:00:00-04:00,55248.0,55776.0,54896.0,54912.0,152,0.0,0.0,0.0
2013-10-30 00:00:00-04:00,55104.0,56528.0,54928.0,55648.0,311,0.0,0.0,0.0
2013-10-31 00:00:00-04:00,55632.0,56000.0,54512.0,55376.0,260,0.0,0.0,0.0
2013-11-01 00:00:00-04:00,55008.0,55744.0,54592.0,55056.0,208,0.0,0.0,0.0
2013-11-04 00:00:00-05:00,54704.0,54976.0,53568.0,53600.0,211,0.0,0.0,0.0
2013-11-05 00:00:00-05:00,53952.0,54320.0,53232.0,53440.0,256,0.0,0.0,0.0
2013-11-06 00:00:00-05:00,52912.0,53632.0,52576.0,52624.0,148,0.0,0.0,0.0
2013-11-07 00:00:00-05:00,52352.0,54800.0,52336.0,54496.0,371,0.0,0.0,0.0
2013-11-08 00:00:00-05:00,53840.0,53952.0,52144.0,52144.0,360,0.0,0.0,0.0
2013-11-11 00:00:00-05:00,52192.0,52528.0,51936.0,51968.0,743,0.0,0.0,0.0
2013-11-12 00:00:00-05:00,52080.0,52384.0,51616.0,51936.0,325,0.0,0.0,0.0
2013-11-13 00:00:00-05:00,52640.0,52704.0,51520.0,51664.0,271,0.0,0.0,0.0
2013-11-14 00:00:00-05:00,51552.0,51760.0,51008.0,51104.0,438,0.0,0.0,0.0
2013-11-15 00:00:00-05:00,50704.0,50848.0,50416.0,50416.0,309,0.0,0.0,0.0
2013-11-18 00:00:00-05:00,49616.0,50672.0,49184.0,50448.0,414,0.0,0.0,0.0
2013-11-19 00:00:00-05:00,50240.0,51664.0,49936.0,51040.0,434,0.0,0.0,0.0
2013-11-20 00:00:00-05:00,51568.0,51664.0,49200.0,50016.0,713,0.0,0.0,0.0
2013-11-21 00:00:00-05:00,49408.0,49504.0,47952.0,48336.0,537,0.0,0.0,0.0
2013-11-22 00:00:00-05:00,48048.0,48320.0,47616.0,47632.0,257,0.0,0.0,0.0
2013-11-25 00:00:00-05:00,47168.0,48032.0,47104.0,47840.0,322,0.0,0.0,0.0
2013-11-26 00:00:00-05:00,47728.0,48192.0,47440.0,48032.0,2422,0.0,0.0,0.0
2013-11-27 00:00:00-05:00,47792.0,48240.0,47792.0,48112.0,205,0.0,0.0,0.0
2013-11-29 00:00:00-05:00,47904.0,48736.0,47840.0,48688.0,183,0.0,0.0,0.0
2013-12-02 00:00:00-05:00,48464.0,49424.0,48464.0,49088.0,301,0.0,0.0,0.0
2013-12-03 00:00:00-05:00,49984.0,51520.0,49600.0,50304.0,865,0.0,0.0,0.0
2013-12-04 00:00:00-05:00,51312.0,52000.0,49680.0,49744.0,1279,0.0,0.0,0.0
2013-12-05 00:00:00-05:00,49456.0,50608.0,49392.0,50144.0,364,0.0,0.0,0.0
2013-12-06 00:00:00-05:00,49008.0,49104.0,48064.0,48352.0,365,0.0,0.0,0.0
2013-12-09 00:00:00-05:00,48000.0,48384.0,47712.0,47952.0,319,0.0,0.0,0.0
2013-12-10 00:00:00-05:00,48272.0,48464.0,47920.0,48208.0,257,0.0,0.0,0.0
2013-12-11 00:00:00-05:00,48048.0,50672.0,48000.0,50432.0,585,0.0,0.0,0.0
2013-12-12 00:00:00-05:00,50224.0,51712.0,49888.0,50672.0,643,0.0,0.0,0.0
2013-12-13 00:00:00-05:00,50576.0,51216.0,50352.0,50768.0,416,0.0,0.0,0.0
2013-12-16 00:00:00-05:00,50208.0,51136.0,50000.0,50848.0,367,0.0,0.0,0.0
2013-12-17 00:00:00-05:00,51488.0,52160.0,50272.0,50624.0,443,0.0,0.0,0.0
2013-12-18 00:00:00-05:00,50160.0,51152.0,46992.0,47088.0,792,0.0,0.0,0.0
2013-12-19 00:00:00-05:00,47424.0,47744.0,46960.0,47600.0,443,0.0,0.0,0.0
2013-12-20 00:00:00-05:00,47200.0,47936.0,46976.0,47824.0,338,0.0,0.0,0.0
2013-12-23 00:00:00-05:00,47216.0,47408.0,46000.0,46144.0,377,0.0,0.0,0.0
2013-12-24 00:00:00-05:00,45408.0,45696.0,45072.0,45200.0,224,0.0,0.0,0.0
2013-12-26 00:00:00-05:00,44272.0,44480.0,44128.0,44384.0,389,0.0,0.0,0.0
2013-12-27 00:00:00-05:00,44192.0,45312.0,44192.0,44960.0,427,0.0,0.0,0.0
2013-12-30 00:00:00-05:00,45184.0,45936.0,44944.0,45712.0,342,0.0,0.0,0.0
2013-12-31 00:00:00-05:00,45168.0,46368.0,45104.0,45648.0,329,0.0,0.0,0.0
2014-01-02 00:00:00-05:00,46352.0,46896.0,46144.0,46576.0,440,0.0,0.0,0.0
2014-01-03 00:00:00-05:00,46192.0,46784.0,45680.0,46272.0,214,0.0,0.0,0.0
2014-01-06 00:00:00-05:00,45520.0,46176.0,45152.0,45696.0,272,0.0,0.0,0.0
2014-01-07 00:00:00-05:00,45216.0,45264.0,44576.0,44688.0,267,0.0,0.0,0.0
2014-01-08 00:00:00-05:00,44944.0,45104.0,44496.0,44768.0,217,0.0,0.0,0.0
2014-01-09 00:00:00-05:00,44624.0,45104.0,44464.0,44848.0,386,0.0,0.0,0.0
2014-01-10 00:00:00-05:00,44448.0,45008.0,43696.0,43792.0,403,0.0,0.0,0.0
2014-01-13 00:00:00-05:00,43968.0,46048.0,43216.0,45328.0,696,0.0,0.0,0.0
2014-01-14 00:00:00-05:00,44800.0,44800.0,43440.0,43488.0,670,0.0,0.0,0.0
2014-01-15 00:00:00-05:00,43424.0,44224.0,43328.0,43728.0,271,0.0,0.0,0.0
2014-01-16 00:00:00-05:00,43808.0,44416.0,43648.0,43936.0,272,0.0,0.0,0.0
2014-01-17 00:00:00-05:00,44096.0,44256.0,43440.0,43952.0,537,0.0,0.0,0.0
2014-01-21 00:00:00-05:00,43536.0,44224.0,43392.0,43424.0,366,0.0,0.0,0.0
2014-01-22 00:00:00-05:00,42960.0,43248.0,42656.0,42784.0,331,0.0,0.0,0.0
2014-01-23 00:00:00-05:00,43296.0,44992.0,43232.0,43888.0,678,0.0,0.0,0.0
2014-01-24 00:00:00-05:00,45216.0,48672.0,45088.0,47904.0,1046,0.0,0.0,0.0
2014-01-27 00:00:00-05:00,47760.0,51792.0,46928.0,48640.0,1394,0.0,0.0,0.0
2014-01-28 00:00:00-05:00,48656.0,48848.0,46144.0,46576.0,787,0.0,0.0,0.0
2014-01-29 00:00:00-05:00,48880.0,50496.0,47504.0,49728.0,1224,0.0,0.0,0.0
2014-01-30 00:00:00-05:00,48192.0,49488.0,47584.0,48944.0,454,0.0,0.0,0.0
2014-01-31 00:00:00-05:00,53712.0,53712.0,50848.0,52832.0,967,0.0,0.0,0.0
2014-02-03 00:00:00-05:00,53584.0,57232.0,52784.0,56624.0,3322,0.0,0.0,0.0
2014-02-04 00:00:00-05:00,55728.0,56688.0,54736.0,55504.0,4969,0.0,0.0,0.0
2014-02-05 00:00:00-05:00,56640.0,59056.0,56096.0,57536.0,862,0.0,0.0,0.0
2014-02-06 00:00:00-05:00,56880.0,56880.0,51792.0,51792.0,744,0.0,0.0,0.0
2014-02-07 00:00:00-05:00,50448.0,50688.0,47568.0,48720.0,714,0.0,0.0,0.0
2014-02-10 00:00:00-05:00,48416.0,49120.0,47696.0,48640.0,416,0.0,0.0,0.0
2014-02-11 00:00:00-05:00,47808.0,48256.0,46304.0,46848.0,514,0.0,0.0,0.0
2014-02-12 00:00:00-05:00,46224.0,47120.0,45760.0,45840.0,382,0.0,0.0,0.0
2014-02-13 00:00:00-05:00,47168.0,47216.0,45408.0,45456.0,553,0.0,0.0,0.0
2014-02-14 00:00:00-05:00,45360.0,45600.0,44400.0,44768.0,437,0.0,0.0,0.0
2014-02-18 00:00:00-05:00,44416.0,45408.0,44128.0,44160.0,260,0.0,0.0,0.0
2014-02-19 00:00:00-05:00,44816.0,47504.0,44368.0,47184.0,586,0.0,0.0,0.0
2014-02-20 00:00:00-05:00,46688.0,47568.0,45280.0,45424.0,486,0.0,0.0,0.0
2014-02-21 00:00:00-05:00,44896.0,46144.0,44592.0,45888.0,277,0.0,0.0,0.0
2014-02-24 00:00:00-05:00,45712.0,45792.0,44832.0,45584.0,403,0.0,0.0,0.0
2014-02-25 00:00:00-05:00,45472.0,46528.0,45056.0,45536.0,489,0.0,0.0,0.0
2014-02-26 00:00:00-05:00,45520.0,46848.0,45232.0,46128.0,530,0.0,0.0,0.0
2014-02-27 00:00:00-05:00,46912.0,47104.0,45856.0,45984.0,443,0.0,0.0,0.0
2014-02-28 00:00:00-05:00,46048.0,47696.0,45232.0,46736.0,529,0.0,0.0,0.0
2014-03-03 00:00:00-05:00,49648.0,50544.0,48288.0,49360.0,789,0.0,0.0,0.0
2014-03-04 00:00:00-05:00,46656.0,46880.0,46000.0,46224.0,557,0.0,0.0,0.0
2014-03-05 00:00:00-05:00,46144.0,46848.0,45824.0,46144.0,387,0.0,0.0,0.0
2014-03-06 00:00:00-05:00,45920.0,46480.0,45680.0,45888.0,424,0.0,0.0,0.0
2014-03-07 00:00:00-05:00,45520.0,47312.0,45504.0,46864.0,491,0.0,0.0,0.0
2014-03-10 00:00:00-04:00,47216.0,48128.0,46512.0,46640.0,308,0.0,0.0,0.0
2014-03-11 00:00:00-04:00,46512.0,47568.0,45952.0,47248.0,496,0.0,0.0,0.0
2014-03-12 00:00:00-04:00,48240.0,48608.0,47040.0,47248.0,527,0.0,0.0,0.0
2014-03-13 00:00:00-04:00,46576.0,49904.0,46528.0,49168.0,733,0.0,0.0,0.0
2014-03-14 00:00:00-04:00,50112.0,51392.0,49248.0,50560.0,911,0.0,0.0,0.0
2014-03-17 00:00:00-04:00,49168.0,49168.0,47920.0,48176.0,729,0.0,0.0,0.0
2014-03-18 00:00:00-04:00,47088.0,47376.0,46240.0,46304.0,636,0.0,0.0,0.0
2014-03-19 00:00:00-04:00,46416.0,48832.0,45904.0,47184.0,606,0.0,0.0,0.0
2014-03-20 00:00:00-04:00,47536.0,47856.0,46704.0,46912.0,360,0.0,0.0,0.0
2014-03-21 00:00:00-04:00,46336.0,47488.0,46176.0,47248.0,646,0.0,0.0,0.0
2014-03-24 00:00:00-04:00,47040.0,48528.0,46832.0,47344.0,601,0.0,0.0,0.0
2014-03-25 00:00:00-04:00,46784.0,47584.0,46608.0,46736.0,522,0.0,0.0,0.0
2014-03-26 00:00:00-04:00,46288.0,47568.0,46224.0,47568.0,857,0.0,0.0,0.0
2014-03-27 00:00:00-04:00,47472.0,48016.0,46928.0,46960.0,412,0.0,0.0,0.0
2014-03-28 00:00:00-04:00,46640.0,47072.0,46240.0,46432.0,456,0.0,0.0,0.0
2014-03-31 00:00:00-04:00,46000.0,46032.0,44944.0,44960.0,323,0.0,0.0,0.0
2014-04-01 00:00:00-04:00,44848.0,44848.0,43456.0,43488.0,395,0.0,0.0,0.0
2014-04-02 00:00:00-04:00,43536.0,44192.0,43440.0,43824.0,246,0.0,0.0,0.0
2014-04-03 00:00:00-04:00,43808.0,44336.0,43664.0,43760.0,302,0.0,0.0,0.0
2014-04-04 00:00:00-04:00,43040.0,45184.0,42944.0,44624.0,580,0.0,0.0,0.0
2014-04-07 00:00:00-04:00,45024.0,46272.0,44784.0,45664.0,548,0.0,0.0,0.0
2014-04-08 00:00:00-04:00,45456.0,46192.0,44768.0,44800.0,358,0.0,0.0,0.0
2014-04-09 00:00:00-04:00,44272.0,44832.0,43616.0,43680.0,399,0.0,0.0,0.0
2014-04-10 00:00:00-04:00,43776.0,46480.0,43680.0,46336.0,749,0.0,0.0,0.0
2014-04-11 00:00:00-04:00,46864.0,48368.0,46224.0,47744.0,666,0.0,0.0,0.0
2014-04-14 00:00:00-04:00,46800.0,48912.0,46688.0,47344.0,633,0.0,0.0,0.0
2014-04-15 00:00:00-04:00,47072.0,49408.0,46496.0,46784.0,645,0.0,0.0,0.0
2014-04-16 00:00:00-04:00,45840.0,46592.0,45072.0,45120.0,620,0.0,0.0,0.0
2014-04-17 00:00:00-04:00,45248.0,45520.0,44368.0,44464.0,581,0.0,0.0,0.0
2014-04-21 00:00:00-04:00,44448.0,44464.0,43568.0,43648.0,332,0.0,0.0,0.0
2014-04-22 00:00:00-04:00,43792.0,43968.0,43264.0,43552.0,328,0.0,0.0,0.0
2014-04-23 00:00:00-04:00,43712.0,44032.0,43552.0,43744.0,291,0.0,0.0,0.0
2014-04-24 00:00:00-04:00,43472.0,44528.0,43456.0,44272.0,334,0.0,0.0,0.0
2014-04-25 00:00:00-04:00,44704.0,45440.0,44464.0,44592.0,421,0.0,0.0,0.0
2014-04-28 00:00:00-04:00,44256.0,45072.0,43568.0,43600.0,392,0.0,0.0,0.0
2014-04-29 00:00:00-04:00,43440.0,43616.0,42816.0,42816.0,331,0.0,0.0,0.0
2014-04-30 00:00:00-04:00,43104.0,43280.0,42608.0,42896.0,364,0.0,0.0,0.0
2014-05-01 00:00:00-04:00,43040.0,43152.0,42512.0,42864.0,321,0.0,0.0,0.0
2014-05-02 00:00:00-04:00,42528.0,43136.0,42352.0,42688.0,278,0.0,0.0,0.0
2014-05-05 00:00:00-04:00,43312.0,43536.0,42160.0,42160.0,189,0.0,0.0,0.0
2014-05-06 00:00:00-04:00,42336.0,42624.0,41904.0,42432.0,319,0.0,0.0,0.0
2014-05-07 00:00:00-04:00,42352.0,42976.0,41600.0,41616.0,249,0.0,0.0,0.0
2014-05-08 00:00:00-04:00,41600.0,41968.0,40800.0,41760.0,346,0.0,0.0,0.0
2014-05-09 00:00:00-04:00,41616.0,42128.0,40784.0,40784.0,358,0.0,0.0,0.0
2014-05-12 00:00:00-04:00,40384.0,40432.0,39488.0,39584.0,371,0.0,0.0,0.0
2014-05-13 00:00:00-04:00,39536.0,39776.0,39296.0,39712.0,307,0.0,0.0,0.0
2014-05-14 00:00:00-04:00,39792.0,39968.0,39104.0,39504.0,409,0.0,0.0,0.0
2014-05-15 00:00:00-04:00,39712.0,40848.0,39584.0,39888.0,583,0.0,0.0,0.0
2014-05-16 00:00:00-04:00,39584.0,40048.0,38960.0,38960.0,250,0.0,0.0,0.0
2014-05-19 00:00:00-04:00,39200.0,39232.0,38448.0,38512.0,334,0.0,0.0,0.0
2014-05-20 00:00:00-04:00,38400.0,38944.0,37920.0,38144.0,586,0.0,0.0,0.0
2014-05-21 00:00:00-04:00,37856.0,37936.0,37408.0,37552.0,434,0.0,0.0,0.0
2014-05-22 00:00:00-04:00,37600.0,37792.0,37248.0,37568.0,204,0.0,0.0,0.0
2014-05-23 00:00:00-04:00,37568.0,37568.0,37152.0,37216.0,152,0.0,0.0,0.0
2014-05-27 00:00:00-04:00,36608.0,36736.0,36064.0,36144.0,458,0.0,0.0,0.0
2014-05-28 00:00:00-04:00,36144.0,36560.0,35888.0,36032.0,433,0.0,0.0,0.0
2014-05-29 00:00:00-04:00,35808.0,36128.0,35664.0,35840.0,320,0.0,0.0,0.0
2014-05-30 00:00:00-04:00,35888.0,36048.0,35776.0,35808.0,313,0.0,0.0,0.0
2014-06-02 00:00:00-04:00,35808.0,36160.0,35552.0,35584.0,229,0.0,0.0,0.0
2014-06-03 00:00:00-04:00,35776.0,36000.0,35584.0,35744.0,241,0.0,0.0,0.0
2014-06-04 00:00:00-04:00,35968.0,35984.0,35152.0,35376.0,246,0.0,0.0,0.0
2014-06-05 00:00:00-04:00,34912.0,35216.0,33968.0,34048.0,494,0.0,0.0,0.0
2014-06-06 00:00:00-04:00,33264.0,33296.0,32336.0,32336.0,491,0.0,0.0,0.0
2014-06-09 00:00:00-04:00,32208.0,32880.0,31904.0,32800.0,414,0.0,0.0,0.0
2014-06-10 00:00:00-04:00,32944.0,33152.0,32192.0,32224.0,253,0.0,0.0,0.0
2014-06-11 00:00:00-04:00,32816.0,33424.0,32576.0,32960.0,420,0.0,0.0,0.0
2014-06-12 00:00:00-04:00,33168.0,35136.0,33024.0,34528.0,813,0.0,0.0,0.0
2014-06-13 00:00:00-04:00,34272.0,34832.0,33568.0,33904.0,432,0.0,0.0,0.0
2014-06-16 00:00:00-04:00,34064.0,34464.0,33504.0,33856.0,300,0.0,0.0,0.0
2014-06-17 00:00:00-04:00,33760.0,33920.0,32656.0,32704.0,473,0.0,0.0,0.0
2014-06-18 00:00:00-04:00,32576.0,32624.0,30928.0,30992.0,652,0.0,0.0,0.0
2014-06-19 00:00:00-04:00,30736.0,31360.0,30496.0,31072.0,563,0.0,0.0,0.0
2014-06-20 00:00:00-04:00,31024.0,31552.0,30768.0,31552.0,550,0.0,0.0,0.0
2014-06-23 00:00:00-04:00,31344.0,31680.0,30656.0,30752.0,479,0.0,0.0,0.0
2014-06-24 00:00:00-04:00,31056.0,32128.0,30624.0,31856.0,701,0.0,0.0,0.0
2014-06-25 00:00:00-04:00,32400.0,32416.0,30656.0,30656.0,608,0.0,0.0,0.0
2014-06-26 00:00:00-04:00,30640.0,31840.0,30624.0,31056.0,527,0.0,0.0,0.0
2014-06-27 00:00:00-04:00,31376.0,31456.0,30736.0,30816.0,358,0.0,0.0,0.0
2014-06-30 00:00:00-04:00,30720.0,30880.0,30144.0,30448.0,567,0.0,0.0,0.0
2014-07-01 00:00:00-04:00,30176.0,30320.0,29376.0,29696.0,572,0.0,0.0,0.0
2014-07-02 00:00:00-04:00,29568.0,29616.0,29088.0,29408.0,354,0.0,0.0,0.0
2014-07-03 00:00:00-04:00,28832.0,29056.0,28752.0,28960.0,227,0.0,0.0,0.0
2014-07-07 00:00:00-04:00,29184.0,29648.0,29120.0,29552.0,665,0.0,0.0,0.0
2014-07-08 00:00:00-04:00,29728.0,30704.0,29728.0,30080.0,647,0.0,0.0,0.0
2014-07-09 00:00:00-04:00,29600.0,29840.0,29280.0,29440.0,371,0.0,0.0,0.0
2014-07-10 00:00:00-04:00,31056.0,31152.0,30048.0,30512.0,663,0.0,0.0,0.0
2014-07-11 00:00:00-04:00,30464.0,30672.0,30048.0,30128.0,427,0.0,0.0,0.0
2014-07-14 00:00:00-04:00,29456.0,29504.0,29024.0,29296.0,388,0.0,0.0,0.0
2014-07-15 00:00:00-04:00,29056.0,30320.0,28960.0,29808.0,369,0.0,0.0,0.0
2014-07-16 00:00:00-04:00,28896.0,29616.0,28800.0,29072.0,357,0.0,0.0,0.0
2014-07-17 00:00:00-04:00,29488.0,32592.0,29072.0,31920.0,1397,0.0,0.0,0.0
2014-07-18 00:00:00-04:00,30624.0,30864.0,29472.0,29664.0,740,0.0,0.0,0.0
2014-07-21 00:00:00-04:00,30016.0,31024.0,29904.0,30432.0,1021,0.0,0.0,0.0
2014-07-22 00:00:00-04:00,29696.0,30016.0,29424.0,29792.0,513,0.0,0.0,0.0
2014-07-23 00:00:00-04:00,29632.0,30208.0,29584.0,30064.0,450,0.0,0.0,0.0
2014-07-24 00:00:00-04:00,29808.0,30320.0,29728.0,29872.0,485,0.0,0.0,0.0
2014-07-25 00:00:00-04:00,30384.0,30912.0,30320.0,30720.0,782,0.0,0.0,0.0
2014-07-28 00:00:00-04:00,30608.0,31408.0,30432.0,30592.0,783,0.0,0.0,0.0
2014-07-29 00:00:00-04:00,30448.0,30800.0,30032.0,30480.0,525,0.0,0.0,0.0
2014-07-30 00:00:00-04:00,30208.0,31136.0,30144.0,31024.0,515,0.0,0.0,0.0
2014-07-31 00:00:00-04:00,31984.0,34032.0,31872.0,33696.0,1359,0.0,0.0,0.0
2014-08-01 00:00:00-04:00,33904.0,35984.0,32688.0,35296.0,1181,0.0,0.0,0.0
2014-08-04 00:00:00-04:00,34912.0,35392.0,32912.0,33664.0,1032,0.0,0.0,0.0
2014-08-05 00:00:00-04:00,34336.0,36576.0,33968.0,36048.0,1525,0.0,0.0,0.0
2014-08-06 00:00:00-04:00,36704.0,36768.0,34752.0,36208.0,1168,0.0,0.0,0.0
2014-08-07 00:00:00-04:00,35296.0,37616.0,35024.0,36960.0,1321,0.0,0.0,0.0
2014-08-08 00:00:00-04:00,37008.0,37456.0,35344.0,35472.0,999,0.0,0.0,0.0
2014-08-11 00:00:00-04:00,34752.0,34896.0,33104.0,34000.0,876,0.0,0.0,0.0
2014-08-12 00:00:00-04:00,33872.0,34208.0,33248.0,33744.0,725,0.0,0.0,0.0
2014-08-13 00:00:00-04:00,32896.0,33152.0,31712.0,31920.0,857,0.0,0.0,0.0
2014-08-14 00:00:00-04:00,31440.0,31568.0,30768.0,30816.0,693,0.0,0.0,0.0
2014-08-15 00:00:00-04:00,30192.0,32512.0,30016.0,30848.0,1377,0.0,0.0,0.0
2014-08-18 00:00:00-04:00,29840.0,30032.0,29632.0,29648.0,872,0.0,0.0,0.0
2014-08-19 00:00:00-04:00,29296.0,29536.0,29200.0,29344.0,580,0.0,0.0,0.0
2014-08-20 00:00:00-04:00,29776.0,30144.0,29440.0,29568.0,680,0.0,0.0,0.0
2014-08-21 00:00:00-04:00,29568.0,29984.0,29520.0,29648.0,450,0.0,0.0,0.0
2014-08-22 00:00:00-04:00,29616.0,30144.0,29360.0,29536.0,824,0.0,0.0,0.0
2014-08-25 00:00:00-04:00,29232.0,29456.0,29056.0,29216.0,400,0.0,0.0,0.0
2014-08-26 00:00:00-04:00,29296.0,29600.0,29184.0,29488.0,342,0.0,0.0,0.0
2014-08-27 00:00:00-04:00,29584.0,29936.0,29424.0,29696.0,434,0.0,0.0,0.0
2014-08-28 00:00:00-04:00,30608.0,30640.0,29920.0,30192.0,630,0.0,0.0,0.0
2014-08-29 00:00:00-04:00,29904.0,30320.0,29792.0,29984.0,636,0.0,0.0,0.0
2014-09-02 00:00:00-04:00,29968.0,30416.0,29840.0,30192.0,439,0.0,0.0,0.0
2014-09-03 00:00:00-04:00,29696.0,30160.0,29680.0,29792.0,637,0.0,0.0,0.0
2014-09-04 00:00:00-04:00,29600.0,30208.0,29216.0,29856.0,630,0.0,0.0,0.0
2014-09-05 00:00:00-04:00,29712.0,30208.0,29216.0,29280.0,593,0.0,0.0,0.0
2014-09-08 00:00:00-04:00,29392.0,29696.0,29216.0,29344.0,435,0.0,0.0,0.0
2014-09-09 00:00:00-04:00,29488.0,30288.0,29488.0,30128.0,614,0.0,0.0,0.0
2014-09-10 00:00:00-04:00,30192.0,30720.0,29776.0,29872.0,650,0.0,0.0,0.0
2014-09-11 00:00:00-04:00,30496.0,30544.0,29792.0,29840.0,401,0.0,0.0,0.0
2014-09-12 00:00:00-04:00,29920.0,30992.0,29872.0,30512.0,874,0.0,0.0,0.0
2014-09-15 00:00:00-04:00,30624.0,31440.0,30624.0,31280.0,562,0.0,0.0,0.0
2014-09-16 00:00:00-04:00,31584.0,31616.0,29648.0,29728.0,907,0.0,0.0,0.0
2014-09-17 00:00:00-04:00,29552.0,29840.0,28832.0,29440.0,1024,0.0,0.0,0.0
2014-09-18 00:00:00-04:00,29216.0,29360.0,28992.0,29008.0,435,0.0,0.0,0.0
2014-09-19 00:00:00-04:00,28736.0,29392.0,28576.0,29056.0,709,0.0,0.0,0.0
2014-09-22 00:00:00-04:00,29392.0,30272.0,29328.0,30016.0,750,0.0,0.0,0.0
2014-09-23 00:00:00-04:00,30832.0,31168.0,30224.0,31168.0,902,0.0,0.0,0.0
2014-09-24 00:00:00-04:00,30960.0,31264.0,30096.0,30128.0,647,0.0,0.0,0.0
2014-09-25 00:00:00-04:00,30464.0,32848.0,30448.0,32400.0,1856,0.0,0.0,0.0
2014-09-26 00:00:00-04:00,32176.0,32304.0,30976.0,31280.0,891,0.0,0.0,0.0
2014-09-29 00:00:00-04:00,32992.0,33376.0,32032.0,32848.0,1444,0.0,0.0,0.0
2014-09-30 00:00:00-04:00,33040.0,33520.0,32368.0,33248.0,1022,0.0,0.0,0.0
2014-10-01 00:00:00-04:00,33280.0,34832.0,33200.0,33968.0,1729,0.0,0.0,0.0
2014-10-02 00:00:00-04:00,34208.0,35120.0,33024.0,33600.0,2690,0.0,0.0,0.0
2014-10-03 00:00:00-04:00,32480.0,32688.0,31232.0,31568.0,1244,0.0,0.0,0.0
2014-10-06 00:00:00-04:00,30848.0,32240.0,30528.0,32080.0,879,0.0,0.0,0.0
2014-10-07 00:00:00-04:00,32864.0,34400.0,32784.0,34368.0,1231,0.0,0.0,0.0
2014-10-08 00:00:00-04:00,34544.0,34864.0,31376.0,31456.0,1256,0.0,0.0,0.0
2014-10-09 00:00:00-04:00,31872.0,34448.0,31696.0,34352.0,2134,0.0,0.0,0.0
2014-10-10 00:00:00-04:00,34528.0,38240.0,33824.0,38240.0,1528,0.0,0.0,0.0
2014-10-13 00:00:00-04:00,37552.0,42224.0,36912.0,42144.0,1596,0.0,0.0,0.0
2014-10-14 00:00:00-04:00,41040.0,43088.0,38880.0,41536.0,3324,0.0,0.0,0.0
2014-10-15 00:00:00-04:00,44320.0,47136.0,41712.0,42000.0,3560,0.0,0.0,0.0
2014-10-16 00:00:00-04:00,47232.0,47488.0,41952.0,42976.0,2466,0.0,0.0,0.0
2014-10-17 00:00:00-04:00,40000.0,42016.0,39312.0,40976.0,2175,0.0,0.0,0.0
2014-10-20 00:00:00-04:00,41360.0,41584.0,37888.0,37984.0,1722,0.0,0.0,0.0
2014-10-21 00:00:00-04:00,36496.0,36816.0,34912.0,35120.0,2005,0.0,0.0,0.0
2014-10-22 00:00:00-04:00,34736.0,38032.0,34400.0,37872.0,1251,0.0,0.0,0.0
2014-10-23 00:00:00-04:00,35536.0,36288.0,34672.0,35680.0,1384,0.0,0.0,0.0
2014-10-24 00:00:00-04:00,35616.0,37600.0,35056.0,35296.0,1045,0.0,0.0,0.0
2014-10-27 00:00:00-04:00,35824.0,36496.0,34640.0,34736.0,702,0.0,0.0,0.0
2014-10-28 00:00:00-04:00,34224.0,34256.0,32448.0,32496.0,831,0.0,0.0,0.0
2014-10-29 00:00:00-04:00,32592.0,33984.0,32384.0,32992.0,1116,0.0,0.0,0.0
2014-10-30 00:00:00-04:00,33680.0,34240.0,32496.0,33152.0,912,0.0,0.0,0.0
2014-10-31 00:00:00-04:00,32112.0,32848.0,32064.0,32288.0,1296,0.0,0.0,0.0
2014-11-03 00:00:00-05:00,32288.0,33168.0,32080.0,32816.0,575,0.0,0.0,0.0
2014-11-04 00:00:00-05:00,33120.0,33952.0,32512.0,32576.0,775,0.0,0.0,0.0
2014-11-05 00:00:00-05:00,32000.0,32768.0,31968.0,32208.0,782,0.0,0.0,0.0
2014-11-06 00:00:00-05:00,32032.0,32560.0,31200.0,31360.0,750,0.0,0.0,0.0
2014-11-07 00:00:00-05:00,31296.0,31664.0,30832.0,30912.0,568,0.0,0.0,0.0
2014-11-10 00:00:00-05:00,30752.0,30800.0,29488.0,29712.0,1092,0.0,0.0,0.0
2014-11-11 00:00:00-05:00,29600.0,30272.0,29424.0,29696.0,535,0.0,0.0,0.0
2014-11-12 00:00:00-05:00,30432.0,30448.0,29760.0,30064.0,748,0.0,0.0,0.0
2014-11-13 00:00:00-05:00,30224.0,31264.0,29792.0,30416.0,1090,0.0,0.0,0.0
2014-11-14 00:00:00-05:00,30544.0,31152.0,30416.0,30496.0,459,0.0,0.0,0.0
2014-11-17 00:00:00-05:00,30768.0,31200.0,30128.0,30416.0,596,0.0,0.0,0.0
2014-11-18 00:00:00-05:00,30256.0,30256.0,29536.0,29856.0,790,0.0,0.0,0.0
2014-11-19 00:00:00-05:00,30272.0,30880.0,30160.0,30608.0,506,0.0,0.0,0.0
2014-11-20 00:00:00-05:00,31200.0,31232.0,30176.0,30336.0,354,0.0,0.0,0.0
2014-11-21 00:00:00-05:00,29360.0,29952.0,29360.0,29712.0,505,0.0,0.0,0.0
2014-11-24 00:00:00-05:00,29408.0,29552.0,29024.0,29072.0,413,0.0,0.0,0.0
2014-11-25 00:00:00-05:00,28960.0,29280.0,28784.0,28880.0,373,0.0,0.0,0.0
2014-11-26 00:00:00-05:00,28912.0,28944.0,28320.0,28400.0,515,0.0,0.0,0.0
2014-11-28 00:00:00-05:00,28560.0,29232.0,28320.0,29152.0,391,0.0,0.0,0.0
2014-12-01 00:00:00-05:00,29712.0,30656.0,29648.0,30368.0,711,0.0,0.0,0.0
2014-12-02 00:00:00-05:00,30320.0,30352.0,28640.0,28640.0,437,0.0,0.0,0.0
2014-12-03 00:00:00-05:00,28320.0,28560.0,28096.0,28240.0,570,0.0,0.0,0.0
2014-12-04 00:00:00-05:00,28544.0,29072.0,27952.0,28336.0,585,0.0,0.0,0.0
2014-12-05 00:00:00-05:00,27792.0,28000.0,27296.0,27776.0,482,0.0,0.0,0.0
2014-12-08 00:00:00-05:00,27936.0,29152.0,27488.0,28784.0,822,0.0,0.0,0.0
2014-12-09 00:00:00-05:00,30336.0,30832.0,28944.0,29136.0,1049,0.0,0.0,0.0
2014-12-10 00:00:00-05:00,29792.0,32288.0,29648.0,32240.0,1273,0.0,0.0,0.0
2014-12-11 00:00:00-05:00,31824.0,34256.0,30496.0,34240.0,1050,0.0,0.0,0.0
2014-12-12 00:00:00-05:00,35680.0,36272.0,33936.0,36016.0,2703,0.0,0.0,0.0
2014-12-15 00:00:00-05:00,34336.0,36560.0,33488.0,35168.0,1367,0.0,0.0,0.0
2014-12-16 00:00:00-05:00,36064.0,36896.0,33168.0,36896.0,1893,0.0,0.0,0.0
2014-12-17 00:00:00-05:00,37360.0,37376.0,33008.0,33168.0,1796,0.0,0.0,0.0
2014-12-18 00:00:00-05:00,31504.0,33056.0,31392.0,32112.0,487,0.0,0.0,0.0
2014-12-19 00:00:00-05:00,31968.0,32432.0,31392.0,31824.0,612,0.0,0.0,0.0
2014-12-22 00:00:00-05:00,31024.0,31216.0,30304.0,30336.0,701,0.0,0.0,0.0
2014-12-23 00:00:00-05:00,30144.0,30928.0,30112.0,30352.0,288,0.0,0.0,0.0
2014-12-24 00:00:00-05:00,30048.0,30352.0,29968.0,30096.0,185,0.0,0.0,0.0
2014-12-26 00:00:00-05:00,30128.0,30544.0,29888.0,30368.0,319,0.0,0.0,0.0
2014-12-29 00:00:00-05:00,30624.0,30720.0,30112.0,30304.0,316,0.0,0.0,0.0
2014-12-30 00:00:00-05:00,30752.0,31248.0,30384.0,31056.0,491,0.0,0.0,0.0
2014-12-31 00:00:00-05:00,30960.0,34128.0,30848.0,33584.0,669,0.0,0.0,0.0
2015-01-02 00:00:00-05:00,32480.0,34880.0,32048.0,32976.0,580,0.0,0.0,0.0
2015-01-05 00:00:00-05:00,33856.0,35904.0,33744.0,35440.0,776,0.0,0.0,0.0
2015-01-06 00:00:00-05:00,35200.0,37472.0,34736.0,36208.0,1008,0.0,0.0,0.0
2015-01-07 00:00:00-05:00,35120.0,35888.0,34528.0,35008.0,630,0.0,0.0,0.0
2015-01-08 00:00:00-05:00,33632.0,33760.0,32608.0,32768.0,587,0.0,0.0,0.0
2015-01-09 00:00:00-05:00,32400.0,34304.0,32384.0,34048.0,705,0.0,0.0,0.0
2015-01-12 00:00:00-05:00,34288.0,36496.0,34224.0,35664.0,508,0.0,0.0,0.0
2015-01-13 00:00:00-05:00,34816.0,37616.0,34400.0,36688.0,762,0.0,0.0,0.0
2015-01-14 00:00:00-05:00,38400.0,38752.0,37184.0,37344.0,1126,0.0,0.0,0.0
2015-01-15 00:00:00-05:00,36928.0,38592.0,36416.0,38496.0,709,0.0,0.0,0.0
2015-01-16 00:00:00-05:00,38576.0,39328.0,37296.0,37680.0,778,0.0,0.0,0.0
2015-01-20 00:00:00-05:00,36560.0,38624.0,36512.0,37344.0,729,0.0,0.0,0.0
2015-01-21 00:00:00-05:00,37776.0,38272.0,35536.0,35536.0,1607,0.0,0.0,0.0
2015-01-22 00:00:00-05:00,34560.0,35872.0,33248.0,33296.0,714,0.0,0.0,0.0
2015-01-23 00:00:00-05:00,33776.0,34272.0,32800.0,34144.0,503,0.0,0.0,0.0
2015-01-26 00:00:00-05:00,33808.0,34496.0,32560.0,32608.0,448,0.0,0.0,0.0
2015-01-27 00:00:00-05:00,34240.0,34592.0,33056.0,34016.0,814,0.0,0.0,0.0
2015-01-28 00:00:00-05:00,33120.0,37216.0,33120.0,36896.0,1033,0.0,0.0,0.0
2015-01-29 00:00:00-05:00,36864.0,38176.0,35424.0,35648.0,1111,0.0,0.0,0.0
2015-01-30 00:00:00-05:00,36800.0,39440.0,36112.0,39280.0,954,0.0,0.0,0.0
2015-02-02 00:00:00-05:00,37984.0,39728.0,37104.0,37136.0,896,0.0,0.0,0.0
2015-02-03 00:00:00-05:00,36464.0,36816.0,35232.0,35376.0,663,0.0,0.0,0.0
2015-02-04 00:00:00-05:00,35808.0,36544.0,34784.0,36368.0,791,0.0,0.0,0.0
2015-02-05 00:00:00-05:00,35888.0,35920.0,34768.0,35008.0,766,0.0,0.0,0.0
2015-02-06 00:00:00-05:00,34560.0,37264.0,34336.0,36512.0,1171,0.0,0.0,0.0
2015-02-09 00:00:00-05:00,37184.0,37472.0,36544.0,36688.0,627,0.0,0.0,0.0
2015-02-10 00:00:00-05:00,35824.0,36512.0,35088.0,35296.0,741,0.0,0.0,0.0
2015-02-11 00:00:00-05:00,35632.0,36112.0,35376.0,35440.0,659,0.0,0.0,0.0
2015-02-12 00:00:00-05:00,34624.0,34816.0,33184.0,33344.0,855,0.0,0.0,0.0
2015-02-13 00:00:00-05:00,33136.0,33808.0,32752.0,32944.0,630,0.0,0.0,0.0
2015-02-17 00:00:00-05:00,33248.0,33488.0,32768.0,33024.0,601,0.0,0.0,0.0
2015-02-18 00:00:00-05:00,33424.0,33472.0,32608.0,32736.0,532,0.0,0.0,0.0
2015-02-19 00:00:00-05:00,33104.0,33120.0,32000.0,32016.0,550,0.0,0.0,0.0
2015-02-20 00:00:00-05:00,32640.0,32832.0,30624.0,30864.0,721,0.0,0.0,0.0
2015-02-23 00:00:00-05:00,31200.0,31392.0,30848.0,30976.0,469,0.0,0.0,0.0
2015-02-24 00:00:00-05:00,30896.0,30896.0,29520.0,29680.0,1029,0.0,0.0,0.0
2015-02-25 00:00:00-05:00,29776.0,30208.0,28544.0,29888.0,1005,0.0,0.0,0.0
2015-02-26 00:00:00-05:00,29808.0,30368.0,29152.0,29520.0,832,0.0,0.0,0.0
2015-02-27 00:00:00-05:00,29504.0,29760.0,28928.0,29408.0,718,0.0,0.0,0.0
2015-03-02 00:00:00-05:00,29232.0,29328.0,28384.0,28384.0,1075,0.0,0.0,0.0
2015-03-03 00:00:00-05:00,28688.0,29744.0,28544.0,29008.0,655,0.0,0.0,0.0
2015-03-04 00:00:00-05:00,29440.0,30064.0,28896.0,28928.0,983,0.0,0.0,0.0
2015-03-05 00:00:00-05:00,28768.0,29168.0,28528.0,28544.0,588,0.0,0.0,0.0
2015-03-06 00:00:00-05:00,28976.0,30000.0,28592.0,29856.0,795,0.0,0.0,0.0
2015-03-09 00:00:00-04:00,29632.0,29840.0,29136.0,29440.0,627,0.0,0.0,0.0
2015-03-10 00:00:00-04:00,30272.0,30752.0,30064.0,30384.0,980,0.0,0.0,0.0
2015-03-11 00:00:00-04:00,30416.0,31296.0,30336.0,31040.0,906,0.0,0.0,0.0
2015-03-12 00:00:00-04:00,30496.0,30528.0,29152.0,29200.0,753,0.0,0.0,0.0
2015-03-13 00:00:00-04:00,29328.0,30640.0,29184.0,29872.0,818,0.0,0.0,0.0
2015-03-16 00:00:00-04:00,29504.0,29584.0,28880.0,29200.0,655,0.0,0.0,0.0
2015-03-17 00:00:00-04:00,29584.0,29792.0,28944.0,29008.0,546,0.0,0.0,0.0
2015-03-18 00:00:00-04:00,29232.0,29424.0,27536.0,27760.0,1433,0.0,0.0,0.0
2015-03-19 00:00:00-04:00,28208.0,28496.0,27696.0,27808.0,778,0.0,0.0,0.0
2015-03-20 00:00:00-04:00,27456.0,27680.0,26528.0,27360.0,1196,0.0,0.0,0.0
2015-03-23 00:00:00-04:00,27136.0,27184.0,26544.0,26864.0,701,0.0,0.0,0.0
2015-03-24 00:00:00-04:00,26896.0,27040.0,26208.0,26720.0,818,0.0,0.0,0.0
2015-03-25 00:00:00-04:00,26608.0,27984.0,26464.0,27952.0,1320,0.0,0.0,0.0
2015-03-26 00:00:00-04:00,28496.0,28752.0,27536.0,27712.0,1589,0.0,0.0,0.0
2015-03-27 00:00:00-04:00,27728.0,27792.0,27264.0,27376.0,562,0.0,0.0,0.0
2015-03-30 00:00:00-04:00,26720.0,26784.0,26400.0,26528.0,827,0.0,0.0,0.0
2015-03-31 00:00:00-04:00,26640.0,27376.0,26592.0,27216.0,781,0.0,0.0,0.0
2015-04-01 00:00:00-04:00,27280.0,28096.0,27184.0,27200.0,888,0.0,0.0,0.0
2015-04-02 00:00:00-04:00,27024.0,27136.0,26560.0,26656.0,587,0.0,0.0,0.0
2015-04-06 00:00:00-04:00,26912.0,27008.0,25840.0,26016.0,802,0.0,0.0,0.0
2015-04-07 00:00:00-04:00,25872.0,26032.0,25600.0,26032.0,604,0.0,0.0,0.0
2015-04-08 00:00:00-04:00,25824.0,26016.0,25456.0,25520.0,671,0.0,0.0,0.0
2015-04-09 00:00:00-04:00,25392.0,25680.0,24608.0,24640.0,902,0.0,0.0,0.0
2015-04-10 00:00:00-04:00,24416.0,24448.0,23520.0,23552.0,907,0.0,0.0,0.0
2015-04-13 00:00:00-04:00,23232.0,24384.0,23008.0,24160.0,868,0.0,0.0,0.0
2015-04-14 00:00:00-04:00,24448.0,24608.0,23712.0,23920.0,730,0.0,0.0,0.0
2015-04-15 00:00:00-04:00,23600.0,23632.0,23136.0,23392.0,682,0.0,0.0,0.0
2015-04-16 00:00:00-04:00,23456.0,23568.0,22704.0,22912.0,580,0.0,0.0,0.0
2015-04-17 00:00:00-04:00,23664.0,24336.0,23536.0,23664.0,1336,0.0,0.0,0.0
2015-04-20 00:00:00-04:00,23232.0,23328.0,22752.0,22896.0,680,0.0,0.0,0.0
2015-04-21 00:00:00-04:00,22640.0,23152.0,22544.0,22896.0,602,0.0,0.0,0.0
2015-04-22 00:00:00-04:00,22800.0,23216.0,22544.0,22656.0,703,0.0,0.0,0.0
2015-04-23 00:00:00-04:00,22800.0,22864.0,22240.0,22448.0,787,0.0,0.0,0.0
2015-04-24 00:00:00-04:00,22320.0,22480.0,22144.0,22208.0,463,0.0,0.0,0.0
2015-04-27 00:00:00-04:00,22032.0,23024.0,21952.0,22896.0,603,0.0,0.0,0.0
2015-04-28 00:00:00-04:00,23024.0,23632.0,22048.0,22048.0,862,0.0,0.0,0.0
2015-04-29 00:00:00-04:00,22624.0,23024.0,22176.0,22656.0,885,0.0,0.0,0.0
2015-04-30 00:00:00-04:00,22960.0,23728.0,22704.0,23264.0,823,0.0,0.0,0.0
2015-05-01 00:00:00-04:00,22944.0,22960.0,22112.0,22112.0,792,0.0,0.0,0.0
2015-05-04 00:00:00-04:00,21968.0,22416.0,21808.0,22176.0,518,0.0,0.0,0.0
2015-05-05 00:00:00-04:00,22304.0,22928.0,22128.0,22896.0,878,0.0,0.0,0.0
2015-05-06 00:00:00-04:00,22624.0,24032.0,22560.0,23312.0,814,0.0,0.0,0.0
2015-05-07 00:00:00-04:00,23424.0,23728.0,22912.0,23104.0,693,0.0,0.0,0.0
2015-05-08 00:00:00-04:00,22240.0,22368.0,21824.0,21920.0,1003,0.0,0.0,0.0
2015-05-11 00:00:00-04:00,21984.0,22528.0,21904.0,22512.0,532,0.0,0.0,0.0
2015-05-12 00:00:00-04:00,22880.0,23168.0,22288.0,22416.0,748,0.0,0.0,0.0
2015-05-13 00:00:00-04:00,22208.0,22448.0,21952.0,22016.0,725,0.0,0.0,0.0
2015-05-14 00:00:00-04:00,21776.0,21856.0,21552.0,21552.0,841,0.0,0.0,0.0
2015-05-15 00:00:00-04:00,21504.0,21808.0,21360.0,21360.0,673,0.0,0.0,0.0
2015-05-18 00:00:00-04:00,21376.0,21408.0,20496.0,20672.0,839,0.0,0.0,0.0
2015-05-19 00:00:00-04:00,20560.0,20816.0,20208.0,20368.0,750,0.0,0.0,0.0
2015-05-20 00:00:00-04:00,20304.0,20688.0,20240.0,20416.0,589,0.0,0.0,0.0
2015-05-21 00:00:00-04:00,20560.0,20624.0,19760.0,19824.0,652,0.0,0.0,0.0
2015-05-22 00:00:00-04:00,19824.0,19968.0,19648.0,19872.0,358,0.0,0.0,0.0
2015-05-26 00:00:00-04:00,20112.0,20848.0,20032.0,20672.0,894,0.0,0.0,0.0
2015-05-27 00:00:00-04:00,20480.0,20576.0,19760.0,19888.0,619,0.0,0.0,0.0
2015-05-28 00:00:00-04:00,20112.0,20400.0,20000.0,20128.0,575,0.0,0.0,0.0
2015-05-29 00:00:00-04:00,20192.0,20512.0,19968.0,20240.0,895,0.0,0.0,0.0
2015-06-01 00:00:00-04:00,20016.0,20352.0,19824.0,20064.0,637,0.0,0.0,0.0
2015-06-02 00:00:00-04:00,20240.0,20496.0,20016.0,20368.0,594,0.0,0.0,0.0
2015-06-03 00:00:00-04:00,20208.0,20336.0,19968.0,20016.0,696,0.0,0.0,0.0
2015-06-04 00:00:00-04:00,20288.0,20800.0,20192.0,20688.0,1148,0.0,0.0,0.0
2015-06-05 00:00:00-04:00,20736.0,20896.0,20272.0,20320.0,932,0.0,0.0,0.0
2015-06-08 00:00:00-04:00,20416.0,20896.0,20384.0,20752.0,646,0.0,0.0,0.0
2015-06-09 00:00:00-04:00,20832.0,21024.0,20400.0,20496.0,926,0.0,0.0,0.0
2015-06-10 00:00:00-04:00,20224.0,20240.0,19568.0,19648.0,951,0.0,0.0,0.0
2015-06-11 00:00:00-04:00,19408.0,19488.0,19104.0,19216.0,870,0.0,0.0,0.0
2015-06-12 00:00:00-04:00,19472.0,19824.0,19408.0,19456.0,683,0.0,0.0,0.0
2015-06-15 00:00:00-04:00,19968.0,20320.0,19840.0,20304.0,1200,0.0,0.0,0.0
2015-06-16 00:00:00-04:00,20496.0,20576.0,19808.0,19888.0,1097,0.0,0.0,0.0
2015-06-17 00:00:00-04:00,19824.0,20288.0,19632.0,19824.0,686,0.0,0.0,0.0
2015-06-18 00:00:00-04:00,19584.0,19616.0,19040.0,19280.0,997,0.0,0.0,0.0
2015-06-19 00:00:00-04:00,19280.0,19536.0,19216.0,19488.0,656,0.0,0.0,0.0
2015-06-22 00:00:00-04:00,18960.0,19104.0,18560.0,18576.0,809,0.0,0.0,0.0
2015-06-23 00:00:00-04:00,18448.0,18496.0,18080.0,18080.0,884,0.0,0.0,0.0
2015-06-24 00:00:00-04:00,18192.0,18464.0,17952.0,18464.0,653,0.0,0.0,0.0
2015-06-25 00:00:00-04:00,18288.0,18688.0,18128.0,18592.0,690,0.0,0.0,0.0
2015-06-26 00:00:00-04:00,18512.0,18864.0,18368.0,18480.0,534,0.0,0.0,0.0
2015-06-29 00:00:00-04:00,19680.0,21840.0,19328.0,21632.0,2469,0.0,0.0,0.0
2015-06-30 00:00:00-04:00,20480.0,22464.0,20432.0,21472.0,2321,0.0,0.0,0.0
2015-07-01 00:00:00-04:00,20288.0,21024.0,19952.0,19984.0,1515,0.0,0.0,0.0
2015-07-02 00:00:00-04:00,19968.0,21632.0,19904.0,21264.0,1709,0.0,0.0,0.0
2015-07-06 00:00:00-04:00,22256.0,22464.0,21328.0,21808.0,1582,0.0,0.0,0.0
2015-07-07 00:00:00-04:00,21760.0,22976.0,20656.0,20656.0,1605,0.0,0.0,0.0
2015-07-08 00:00:00-04:00,21584.0,22768.0,21312.0,22736.0,2507,0.0,0.0,0.0
2015-07-09 00:00:00-04:00,21456.0,23056.0,21424.0,22880.0,1706,0.0,0.0,0.0
2015-07-10 00:00:00-04:00,21712.0,22400.0,21088.0,21136.0,1068,0.0,0.0,0.0
2015-07-13 00:00:00-04:00,19984.0,20080.0,18976.0,19104.0,1256,0.0,0.0,0.0
2015-07-14 00:00:00-04:00,19136.0,19216.0,18544.0,18912.0,676,0.0,0.0,0.0
2015-07-15 00:00:00-04:00,18880.0,19312.0,18592.0,18864.0,902,0.0,0.0,0.0
2015-07-16 00:00:00-04:00,18272.0,18288.0,17584.0,17632.0,1464,0.0,0.0,0.0
2015-07-17 00:00:00-04:00,17536.0,17728.0,17440.0,17488.0,893,0.0,0.0,0.0
2015-07-20 00:00:00-04:00,17472.0,17552.0,17056.0,17424.0,649,0.0,0.0,0.0
2015-07-21 00:00:00-04:00,17328.0,17584.0,17248.0,17264.0,642,0.0,0.0,0.0
2015-07-22 00:00:00-04:00,17712.0,17744.0,17024.0,17168.0,905,0.0,0.0,0.0
2015-07-23 00:00:00-04:00,17008.0,17664.0,16928.0,17392.0,632,0.0,0.0,0.0
2015-07-24 00:00:00-04:00,17456.0,18192.0,17248.0,17984.0,1031,0.0,0.0,0.0
2015-07-27 00:00:00-04:00,18688.0,19296.0,18432.0,18928.0,1143,0.0,0.0,0.0
2015-07-28 00:00:00-04:00,18352.0,18800.0,17344.0,17488.0,1255,0.0,0.0,0.0
2015-07-29 00:00:00-04:00,17408.0,17504.0,17072.0,17216.0,1014,0.0,0.0,0.0
2015-07-30 00:00:00-04:00,17312.0,17648.0,17040.0,17104.0,714,0.0,0.0,0.0
2015-07-31 00:00:00-04:00,16992.0,17312.0,16848.0,17072.0,744,0.0,0.0,0.0
2015-08-03 00:00:00-04:00,17040.0,17504.0,16784.0,16832.0,1077,0.0,0.0,0.0
2015-08-04 00:00:00-04:00,16912.0,17200.0,16736.0,16896.0,567,0.0,0.0,0.0
2015-08-05 00:00:00-04:00,16816.0,16992.0,16512.0,16720.0,637,0.0,0.0,0.0
2015-08-06 00:00:00-04:00,16784.0,17680.0,16768.0,17360.0,1157,0.0,0.0,0.0
2015-08-07 00:00:00-04:00,17328.0,17680.0,17104.0,17200.0,1200,0.0,0.0,0.0
2015-08-10 00:00:00-04:00,16768.0,16768.0,16528.0,16560.0,908,0.0,0.0,0.0
2015-08-11 00:00:00-04:00,17200.0,17632.0,16960.0,17328.0,1256,0.0,0.0,0.0
2015-08-12 00:00:00-04:00,18256.0,18560.0,17152.0,17280.0,1906,0.0,0.0,0.0
2015-08-13 00:00:00-04:00,17136.0,17456.0,16864.0,17088.0,826,0.0,0.0,0.0
2015-08-14 00:00:00-04:00,17024.0,17312.0,16912.0,17056.0,638,0.0,0.0,0.0
2015-08-17 00:00:00-04:00,17216.0,17392.0,16832.0,16848.0,943,0.0,0.0,0.0
2015-08-18 00:00:00-04:00,16928.0,17136.0,16768.0,17040.0,651,0.0,0.0,0.0
2015-08-19 00:00:00-04:00,17296.0,17776.0,16848.0,17360.0,2025,0.0,0.0,0.0
2015-08-20 00:00:00-04:00,18112.0,18976.0,17872.0,18880.0,2525,0.0,0.0,0.0
2015-08-21 00:00:00-04:00,19824.0,22048.0,19264.0,22016.0,5333,0.0,0.0,0.0
2015-08-24 00:00:00-04:00,28752.0,30080.0,22992.0,25952.0,5696,0.0,0.0,0.0
2015-08-25 00:00:00-04:00,23216.0,28336.0,23104.0,28288.0,2286,0.0,0.0,0.0
2015-08-26 00:00:00-04:00,25856.0,28928.0,25408.0,25616.0,1440,0.0,0.0,0.0
2015-08-27 00:00:00-04:00,24576.0,27904.0,24544.0,26288.0,1283,0.0,0.0,0.0
2015-08-28 00:00:00-04:00,27168.0,28880.0,26752.0,27584.0,3094,0.0,0.0,0.0
2015-08-31 00:00:00-04:00,27952.0,28848.0,27584.0,28624.0,2029,0.0,0.0,0.0
2015-09-01 00:00:00-04:00,31264.0,33552.0,30416.0,32688.0,3442,0.0,0.0,0.0
2015-09-02 00:00:00-04:00,30912.0,32160.0,29264.0,29296.0,3669,0.0,0.0,0.0
2015-09-03 00:00:00-04:00,28336.0,29968.0,27136.0,29104.0,815,0.0,0.0,0.0
2015-09-04 00:00:00-04:00,30528.0,31936.0,29808.0,31232.0,1978,0.0,0.0,0.0
2015-09-08 00:00:00-04:00,29392.0,29808.0,28416.0,28544.0,3219,0.0,0.0,0.0
2015-09-09 00:00:00-04:00,26976.0,29360.0,26928.0,29120.0,3394,0.0,0.0,0.0
2015-09-10 00:00:00-04:00,30016.0,30176.0,28416.0,28416.0,5280,0.0,0.0,0.0
2015-09-11 00:00:00-04:00,28576.0,29024.0,27728.0,27760.0,2164,0.0,0.0,0.0
2015-09-14 00:00:00-04:00,27728.0,28400.0,27680.0,27824.0,2096,0.0,0.0,0.0
2015-09-15 00:00:00-04:00,27392.0,27568.0,24976.0,25024.0,3304,0.0,0.0,0.0
2015-09-16 00:00:00-04:00,24112.0,24896.0,23616.0,23632.0,696,0.0,0.0,0.0
2015-09-17 00:00:00-04:00,23440.0,23968.0,21344.0,23408.0,3176,0.0,0.0,0.0
2015-09-18 00:00:00-04:00,25696.0,26624.0,24800.0,26272.0,3305,0.0,0.0,0.0
2015-09-21 00:00:00-04:00,25504.0,25792.0,24480.0,24528.0,2457,0.0,0.0,0.0
2015-09-22 00:00:00-04:00,25824.0,27248.0,25408.0,25952.0,4086,0.0,0.0,0.0
2015-09-23 00:00:00-04:00,25968.0,26336.0,25152.0,25392.0,2329,0.0,0.0,0.0
2015-09-24 00:00:00-04:00,26656.0,27920.0,25888.0,26080.0,3567,0.0,0.0,0.0
2015-09-25 00:00:00-04:00,25040.0,27392.0,24992.0,26752.0,2431,0.0,0.0,0.0
2015-09-28 00:00:00-04:00,27712.0,29360.0,27440.0,28624.0,2057,0.0,0.0,0.0
2015-09-29 00:00:00-04:00,28304.0,29360.0,27600.0,28656.0,1991,0.0,0.0,0.0
2015-09-30 00:00:00-04:00,27408.0,28144.0,27136.0,27328.0,1586,0.0,0.0,0.0
2015-10-01 00:00:00-04:00,27328.0,28256.0,26992.0,27008.0,1810,0.0,0.0,0.0
2015-10-02 00:00:00-04:00,28016.0,28288.0,25600.0,25632.0,2684,0.0,0.0,0.0
2015-10-05 00:00:00-04:00,25056.0,25136.0,24000.0,24192.0,2427,0.0,0.0,0.0
2015-10-06 00:00:00-04:00,24112.0,24800.0,23744.0,24432.0,1587,0.0,0.0,0.0
2015-10-07 00:00:00-04:00,24112.0,24672.0,23760.0,23840.0,1398,0.0,0.0,0.0
2015-10-08 00:00:00-04:00,23728.0,24016.0,22400.0,22688.0,2035,0.0,0.0,0.0
2015-10-09 00:00:00-04:00,22592.0,23360.0,22368.0,22672.0,1243,0.0,0.0,0.0
2015-10-12 00:00:00-04:00,22624.0,22816.0,21072.0,21264.0,942,0.0,0.0,0.0
2015-10-13 00:00:00-04:00,21760.0,22496.0,20992.0,22448.0,1071,0.0,0.0,0.0
2015-10-14 00:00:00-04:00,22608.0,23424.0,22176.0,22848.0,1403,0.0,0.0,0.0
2015-10-15 00:00:00-04:00,22320.0,22560.0,21104.0,21232.0,1586,0.0,0.0,0.0
2015-10-16 00:00:00-04:00,20848.0,21760.0,20816.0,20992.0,1822,0.0,0.0,0.0
2015-10-19 00:00:00-04:00,21040.0,21104.0,19472.0,19488.0,1277,0.0,0.0,0.0
2015-10-20 00:00:00-04:00,19728.0,20528.0,19424.0,20224.0,730,0.0,0.0,0.0
2015-10-21 00:00:00-04:00,20000.0,21712.0,19744.0,21632.0,1367,0.0,0.0,0.0
2015-10-22 00:00:00-04:00,21040.0,21056.0,19616.0,19664.0,1527,0.0,0.0,0.0
2015-10-23 00:00:00-04:00,19200.0,20240.0,19136.0,19824.0,1702,0.0,0.0,0.0
2015-10-26 00:00:00-04:00,20128.0,20560.0,19888.0,20496.0,915,0.0,0.0,0.0
2015-10-27 00:00:00-04:00,20800.0,20800.0,20032.0,20064.0,837,0.0,0.0,0.0
2015-10-28 00:00:00-04:00,20000.0,20672.0,19456.0,19488.0,1035,0.0,0.0,0.0
2015-10-29 00:00:00-04:00,19808.0,20144.0,19552.0,19728.0,1189,0.0,0.0,0.0
2015-10-30 00:00:00-04:00,19824.0,20080.0,19520.0,20048.0,631,0.0,0.0,0.0
2015-11-02 00:00:00-05:00,20032.0,20080.0,18864.0,19008.0,937,0.0,0.0,0.0
2015-11-03 00:00:00-05:00,19216.0,19520.0,18944.0,19408.0,632,0.0,0.0,0.0
2015-11-04 00:00:00-05:00,19264.0,20240.0,19232.0,20048.0,710,0.0,0.0,0.0
2015-11-05 00:00:00-05:00,20032.0,20384.0,19568.0,19616.0,806,0.0,0.0,0.0
2015-11-06 00:00:00-05:00,19680.0,20112.0,19200.0,19200.0,1057,0.0,0.0,0.0
2015-11-09 00:00:00-05:00,19312.0,20544.0,19216.0,20256.0,1222,0.0,0.0,0.0
2015-11-10 00:00:00-05:00,20464.0,20560.0,19536.0,19648.0,658,0.0,0.0,0.0
2015-11-11 00:00:00-05:00,19504.0,20096.0,19456.0,20080.0,372,0.0,0.0,0.0
2015-11-12 00:00:00-05:00,20608.0,21920.0,20384.0,21856.0,1800,0.0,0.0,0.0
2015-11-13 00:00:00-05:00,21984.0,23456.0,21808.0,23360.0,3027,0.0,0.0,0.0
2015-11-16 00:00:00-05:00,23264.0,23456.0,20960.0,21008.0,1447,0.0,0.0,0.0
2015-11-17 00:00:00-05:00,20768.0,22544.0,20656.0,22160.0,897,0.0,0.0,0.0
2015-11-18 00:00:00-05:00,21712.0,21760.0,20640.0,20688.0,2108,0.0,0.0,0.0
2015-11-19 00:00:00-05:00,20880.0,21648.0,20800.0,21424.0,945,0.0,0.0,0.0
2015-11-20 00:00:00-05:00,20768.0,20864.0,20432.0,20672.0,1267,0.0,0.0,0.0
2015-11-23 00:00:00-05:00,20560.0,20768.0,20016.0,20144.0,797,0.0,0.0,0.0
2015-11-24 00:00:00-05:00,20688.0,20912.0,20016.0,20240.0,939,0.0,0.0,0.0
2015-11-25 00:00:00-05:00,20160.0,20336.0,19840.0,19936.0,560,0.0,0.0,0.0
2015-11-27 00:00:00-05:00,19920.0,20160.0,19840.0,20112.0,259,0.0,0.0,0.0
2015-11-30 00:00:00-05:00,19984.0,20240.0,19840.0,19984.0,750,0.0,0.0,0.0
2015-12-01 00:00:00-05:00,19744.0,19920.0,19120.0,19152.0,913,0.0,0.0,0.0
2015-12-02 00:00:00-05:00,19200.0,20016.0,18864.0,19872.0,762,0.0,0.0,0.0
2015-12-03 00:00:00-05:00,19536.0,21792.0,19440.0,21328.0,1530,0.0,0.0,0.0
2015-12-04 00:00:00-05:00,20672.0,20848.0,19344.0,19344.0,1642,0.0,0.0,0.0
2015-12-07 00:00:00-05:00,19424.0,20496.0,19408.0,19840.0,1253,0.0,0.0,0.0
2015-12-08 00:00:00-05:00,20656.0,20912.0,19984.0,20432.0,1252,0.0,0.0,0.0
2015-12-09 00:00:00-05:00,20720.0,21888.0,19952.0,21296.0,2572,0.0,0.0,0.0
2015-12-10 00:00:00-05:00,21360.0,21776.0,20800.0,21552.0,1085,0.0,0.0,0.0
2015-12-11 00:00:00-05:00,22704.0,25216.0,22464.0,24784.0,2371,0.0,0.0,0.0
2015-12-14 00:00:00-05:00,24576.0,25824.0,22784.0,22992.0,2807,0.0,0.0,0.0
2015-12-15 00:00:00-05:00,22176.0,22928.0,21744.0,22048.0,2548,0.0,0.0,0.0
2015-12-16 00:00:00-05:00,21280.0,21808.0,20192.0,20544.0,2958,0.0,0.0,0.0
2015-12-17 00:00:00-05:00,20400.0,21680.0,20400.0,21440.0,1768,0.0,0.0,0.0
2015-12-18 00:00:00-05:00,22144.0,23328.0,21904.0,23184.0,2719,0.0,0.0,0.0
2015-12-21 00:00:00-05:00,22272.0,23136.0,22048.0,22064.0,1283,0.0,0.0,0.0
2015-12-22 00:00:00-05:00,21376.0,21632.0,20736.0,20944.0,1335,0.0,0.0,0.0
2015-12-23 00:00:00-05:00,20480.0,20928.0,20304.0,20464.0,1698,0.0,0.0,0.0
2015-12-24 00:00:00-05:00,20624.0,20896.0,20544.0,20816.0,425,0.0,0.0,0.0
2015-12-28 00:00:00-05:00,21216.0,21600.0,20576.0,20592.0,1121,0.0,0.0,0.0
2015-12-29 00:00:00-05:00,20272.0,20448.0,20128.0,20256.0,935,0.0,0.0,0.0
2015-12-30 00:00:00-05:00,20496.0,20912.0,20448.0,20848.0,867,0.0,0.0,0.0
2015-12-31 00:00:00-05:00,21104.0,21344.0,20752.0,21328.0,1725,0.0,0.0,0.0
2016-01-04 00:00:00-05:00,23008.0,23728.0,22576.0,22720.0,3730,0.0,0.0,0.0
2016-01-05 00:00:00-05:00,22160.0,22864.0,21776.0,21936.0,2761,0.0,0.0,0.0
2016-01-06 00:00:00-05:00,23408.0,23424.0,22576.0,22656.0,2709,0.0,0.0,0.0
2016-01-07 00:00:00-05:00,24160.0,25424.0,23568.0,25088.0,3329,0.0,0.0,0.0
2016-01-08 00:00:00-05:00,24160.0,26736.0,23904.0,26384.0,3976,0.0,0.0,0.0
2016-01-11 00:00:00-05:00,26128.0,28384.0,25312.0,25552.0,6489,0.0,0.0,0.0
2016-01-12 00:00:00-05:00,24464.0,25984.0,24256.0,24304.0,3059,0.0,0.0,0.0
2016-01-13 00:00:00-05:00,23856.0,27248.0,23792.0,26816.0,4037,0.0,0.0,0.0
2016-01-14 00:00:00-05:00,26512.0,27776.0,25104.0,25808.0,4284,0.0,0.0,0.0
2016-01-15 00:00:00-05:00,28672.0,29344.0,27584.0,28384.0,9677,0.0,0.0,0.0
2016-01-19 00:00:00-05:00,27264.0,29680.0,27264.0,28368.0,5565,0.0,0.0,0.0
2016-01-20 00:00:00-05:00,29280.0,31552.0,28464.0,29120.0,4926,0.0,0.0,0.0
2016-01-21 00:00:00-05:00,28800.0,30224.0,27984.0,28992.0,4559,0.0,0.0,0.0
2016-01-22 00:00:00-05:00,27568.0,27920.0,26528.0,26560.0,2647,0.0,0.0,0.0
2016-01-25 00:00:00-05:00,26880.0,27984.0,26480.0,27824.0,2336,0.0,0.0,0.0
2016-01-26 00:00:00-05:00,27456.0,27808.0,26496.0,26528.0,1584,0.0,0.0,0.0
2016-01-27 00:00:00-05:00,26832.0,28000.0,25968.0,27632.0,2586,0.0,0.0,0.0
2016-01-28 00:00:00-05:00,26720.0,27904.0,26512.0,26736.0,2028,0.0,0.0,0.0
2016-01-29 00:00:00-05:00,26496.0,26624.0,25520.0,25584.0,1453,0.0,0.0,0.0
2016-02-01 00:00:00-05:00,25744.0,26160.0,25008.0,25264.0,1134,0.0,0.0,0.0
2016-02-02 00:00:00-05:00,26112.0,27168.0,26064.0,26944.0,1856,0.0,0.0,0.0
2016-02-03 00:00:00-05:00,26528.0,28480.0,26496.0,26640.0,2314,0.0,0.0,0.0
2016-02-04 00:00:00-05:00,26976.0,27280.0,26272.0,26896.0,1647,0.0,0.0,0.0
2016-02-05 00:00:00-05:00,26816.0,28416.0,26816.0,27968.0,2060,0.0,0.0,0.0
2016-02-08 00:00:00-05:00,29072.0,30480.0,28736.0,29312.0,2469,0.0,0.0,0.0
2016-02-09 00:00:00-05:00,30448.0,30592.0,28960.0,29568.0,2011,0.0,0.0,0.0
2016-02-10 00:00:00-05:00,29024.0,29824.0,28464.0,29776.0,2056,0.0,0.0,0.0
2016-02-11 00:00:00-05:00,31824.0,32704.0,30896.0,31616.0,4402,0.0,0.0,0.0
2016-02-12 00:00:00-05:00,30640.0,31392.0,30208.0,30304.0,1355,0.0,0.0,0.0
2016-02-16 00:00:00-05:00,29216.0,29728.0,28784.0,28896.0,1317,0.0,0.0,0.0
2016-02-17 00:00:00-05:00,28224.0,28464.0,27600.0,27728.0,1247,0.0,0.0,0.0
2016-02-18 00:00:00-05:00,27552.0,28128.0,27248.0,27664.0,1154,0.0,0.0,0.0
2016-02-19 00:00:00-05:00,28160.0,28400.0,26912.0,26944.0,1204,0.0,0.0,0.0
2016-02-22 00:00:00-05:00,26160.0,26272.0,25392.0,25424.0,1263,0.0,0.0,0.0
2016-02-23 00:00:00-05:00,25744.0,26800.0,25584.0,26720.0,1257,0.0,0.0,0.0
2016-02-24 00:00:00-05:00,27808.0,28272.0,26400.0,26528.0,1528,0.0,0.0,0.0
2016-02-25 00:00:00-05:00,26336.0,26816.0,25584.0,25584.0,874,0.0,0.0,0.0
2016-02-26 00:00:00-05:00,25200.0,26208.0,25072.0,25984.0,1400,0.0,0.0,0.0
2016-02-29 00:00:00-05:00,25888.0,26416.0,25168.0,26336.0,1561,0.0,0.0,0.0
2016-03-01 00:00:00-05:00,25712.0,26000.0,24080.0,24080.0,2125,0.0,0.0,0.0
2016-03-02 00:00:00-05:00,24144.0,24528.0,23632.0,23632.0,1767,0.0,0.0,0.0
2016-03-03 00:00:00-05:00,23776.0,23952.0,22656.0,22880.0,1644,0.0,0.0,0.0
2016-03-04 00:00:00-05:00,22496.0,23392.0,22384.0,23136.0,2133,0.0,0.0,0.0
2016-03-07 00:00:00-05:00,23616.0,23712.0,22672.0,23200.0,2163,0.0,0.0,0.0
2016-03-08 00:00:00-05:00,23680.0,24144.0,23344.0,24080.0,2320,0.0,0.0,0.0
2016-03-09 00:00:00-05:00,23824.0,24256.0,23632.0,23760.0,2030,0.0,0.0,0.0
2016-03-10 00:00:00-05:00,23376.0,24432.0,22640.0,23296.0,3577,0.0,0.0,0.0
2016-03-11 00:00:00-05:00,22784.0,22880.0,22144.0,22160.0,1539,0.0,0.0,0.0
2016-03-14 00:00:00-04:00,22304.0,22464.0,21664.0,21776.0,989,0.0,0.0,0.0
2016-03-15 00:00:00-04:00,22432.0,22528.0,22064.0,22096.0,1259,0.0,0.0,0.0
2016-03-16 00:00:00-04:00,22416.0,22416.0,21104.0,21312.0,3135,0.0,0.0,0.0
2016-03-17 00:00:00-04:00,21312.0,21424.0,20400.0,20640.0,1607,0.0,0.0,0.0
2016-03-18 00:00:00-04:00,20400.0,20896.0,20128.0,20480.0,1624,0.0,0.0,0.0
2016-03-21 00:00:00-04:00,20496.0,20544.0,19840.0,19904.0,1240,0.0,0.0,0.0
2016-03-22 00:00:00-04:00,20160.0,20224.0,19488.0,19616.0,1403,0.0,0.0,0.0
2016-03-23 00:00:00-04:00,19840.0,20672.0,19824.0,20576.0,1440,0.0,0.0,0.0
2016-03-24 00:00:00-04:00,21312.0,21440.0,20432.0,20464.0,1594,0.0,0.0,0.0
2016-03-28 00:00:00-04:00,20256.0,20576.0,19856.0,20176.0,1036,0.0,0.0,0.0
2016-03-29 00:00:00-04:00,20240.0,20400.0,18976.0,18992.0,2484,0.0,0.0,0.0
2016-03-30 00:00:00-04:00,18704.0,18992.0,18224.0,18544.0,1547,0.0,0.0,0.0
2016-03-31 00:00:00-04:00,18720.0,18944.0,18304.0,18688.0,1365,0.0,0.0,0.0
2016-04-01 00:00:00-04:00,19264.0,19392.0,18080.0,18112.0,1509,0.0,0.0,0.0
2016-04-04 00:00:00-04:00,18080.0,18688.0,18000.0,18624.0,1991,0.0,0.0,0.0
2016-04-05 00:00:00-04:00,19312.0,19760.0,19056.0,19664.0,2072,0.0,0.0,0.0
2016-04-06 00:00:00-04:00,19584.0,19728.0,18352.0,18368.0,1710,0.0,0.0,0.0
2016-04-07 00:00:00-04:00,18928.0,20496.0,18688.0,20064.0,2694,0.0,0.0,0.0
2016-04-08 00:00:00-04:00,19344.0,19968.0,19024.0,19568.0,2364,0.0,0.0,0.0
2016-04-11 00:00:00-04:00,19232.0,19856.0,18992.0,19840.0,1504,0.0,0.0,0.0
2016-04-12 00:00:00-04:00,19824.0,20288.0,18992.0,19168.0,2382,0.0,0.0,0.0
2016-04-13 00:00:00-04:00,18736.0,18784.0,18192.0,18240.0,1757,0.0,0.0,0.0
2016-04-14 00:00:00-04:00,18176.0,18480.0,17920.0,18160.0,1137,0.0,0.0,0.0
2016-04-15 00:00:00-04:00,18112.0,18304.0,17888.0,17920.0,1507,0.0,0.0,0.0
2016-04-18 00:00:00-04:00,18144.0,18144.0,16752.0,16800.0,2437,0.0,0.0,0.0
2016-04-19 00:00:00-04:00,16736.0,17328.0,16480.0,16960.0,2833,0.0,0.0,0.0
2016-04-20 00:00:00-04:00,16720.0,17136.0,16576.0,17056.0,2529,0.0,0.0,0.0
2016-04-21 00:00:00-04:00,17232.0,17632.0,17088.0,17376.0,2476,0.0,0.0,0.0
2016-04-22 00:00:00-04:00,17472.0,17600.0,16864.0,16928.0,1865,0.0,0.0,0.0
2016-04-25 00:00:00-04:00,17200.0,17504.0,17072.0,17120.0,2830,0.0,0.0,0.0
2016-04-26 00:00:00-04:00,16912.0,17024.0,16640.0,16768.0,1496,0.0,0.0,0.0
2016-04-27 00:00:00-04:00,17008.0,17088.0,16096.0,16272.0,2808,0.0,0.0,0.0
2016-04-28 00:00:00-04:00,16592.0,17344.0,15968.0,17216.0,2979,0.0,0.0,0.0
2016-04-29 00:00:00-04:00,17440.0,18560.0,17232.0,17760.0,4368,0.0,0.0,0.0
2016-05-02 00:00:00-04:00,17440.0,17616.0,16544.0,16720.0,2722,0.0,0.0,0.0
2016-05-03 00:00:00-04:00,17216.0,17808.0,17136.0,17472.0,3402,0.0,0.0,0.0
2016-05-04 00:00:00-04:00,17920.0,18080.0,17568.0,17696.0,1894,0.0,0.0,0.0
2016-05-05 00:00:00-04:00,17344.0,17952.0,17280.0,17696.0,2551,0.0,0.0,0.0
2016-05-06 00:00:00-04:00,17760.0,17776.0,16832.0,16896.0,2205,0.0,0.0,0.0
2016-05-09 00:00:00-04:00,16720.0,16768.0,16160.0,16528.0,1813,0.0,0.0,0.0
2016-05-10 00:00:00-04:00,16096.0,16112.0,15680.0,15712.0,2345,0.0,0.0,0.0
2016-05-11 00:00:00-04:00,15744.0,16352.0,15504.0,16256.0,2257,0.0,0.0,0.0
2016-05-12 00:00:00-04:00,16032.0,16704.0,15776.0,16032.0,2859,0.0,0.0,0.0
2016-05-13 00:00:00-04:00,16064.0,16752.0,15728.0,16608.0,2825,0.0,0.0,0.0
2016-05-16 00:00:00-04:00,16480.0,16496.0,15648.0,15840.0,2642,0.0,0.0,0.0
2016-05-17 00:00:00-04:00,15984.0,16784.0,15888.0,16544.0,3231,0.0,0.0,0.0
2016-05-18 00:00:00-04:00,16592.0,16848.0,15968.0,16496.0,6168,0.0,0.0,0.0
2016-05-19 00:00:00-04:00,16784.0,17424.0,16528.0,16576.0,5833,0.0,0.0,0.0
2016-05-20 00:00:00-04:00,16224.0,16256.0,15920.0,15984.0,2751,0.0,0.0,0.0
2016-05-23 00:00:00-04:00,15968.0,16080.0,15696.0,15888.0,1766,0.0,0.0,0.0
2016-05-24 00:00:00-04:00,15680.0,15696.0,15056.0,15216.0,2385,0.0,0.0,0.0
2016-05-25 00:00:00-04:00,14992.0,15104.0,14656.0,14944.0,2097,0.0,0.0,0.0
2016-05-26 00:00:00-04:00,14912.0,14976.0,14720.0,14784.0,1513,0.0,0.0,0.0
2016-05-27 00:00:00-04:00,14672.0,14720.0,14368.0,14384.0,2185,0.0,0.0,0.0
2016-05-31 00:00:00-04:00,14176.0,14784.0,14112.0,14368.0,3033,0.0,0.0,0.0
2016-06-01 00:00:00-04:00,14608.0,14752.0,14160.0,14208.0,2931,0.0,0.0,0.0
2016-06-02 00:00:00-04:00,14400.0,14560.0,13856.0,13856.0,2751,0.0,0.0,0.0
2016-06-03 00:00:00-04:00,14096.0,14496.0,13712.0,13776.0,3369,0.0,0.0,0.0
2016-06-06 00:00:00-04:00,13712.0,13952.0,13552.0,13616.0,2830,0.0,0.0,0.0
2016-06-07 00:00:00-04:00,13504.0,13664.0,13344.0,13632.0,2659,0.0,0.0,0.0
2016-06-08 00:00:00-04:00,13616.0,13856.0,13520.0,13728.0,2031,0.0,0.0,0.0
2016-06-09 00:00:00-04:00,14000.0,14160.0,13824.0,13968.0,2672,0.0,0.0,0.0
2016-06-10 00:00:00-04:00,14624.0,15312.0,14528.0,15232.0,5059,0.0,0.0,0.0
2016-06-13 00:00:00-04:00,15920.0,17536.0,15536.0,17504.0,7048,0.0,0.0,0.0
2016-06-14 00:00:00-04:00,17824.0,18080.0,16864.0,17120.0,9172,0.0,0.0,0.0
2016-06-15 00:00:00-04:00,16944.0,17120.0,16224.0,16928.0,6022,0.0,0.0,0.0
2016-06-16 00:00:00-04:00,17712.0,18336.0,16336.0,16496.0,10275,0.0,0.0,0.0
2016-06-17 00:00:00-04:00,16496.0,16816.0,16208.0,16496.0,4299,0.0,0.0,0.0
2016-06-20 00:00:00-04:00,15408.0,15424.0,14896.0,15328.0,5217,0.0,0.0,0.0
2016-06-21 00:00:00-04:00,15056.0,15696.0,15024.0,15424.0,3578,0.0,0.0,0.0
2016-06-22 00:00:00-04:00,15424.0,16144.0,14992.0,15968.0,3926,0.0,0.0,0.0
2016-06-23 00:00:00-04:00,15072.0,15280.0,14304.0,14368.0,5347,0.0,0.0,0.0
2016-06-24 00:00:00-04:00,17216.0,18240.0,15856.0,17824.0,10012,0.0,0.0,0.0
2016-06-27 00:00:00-04:00,17920.0,18944.0,17728.0,17808.0,7115,0.0,0.0,0.0
2016-06-28 00:00:00-04:00,17152.0,17168.0,15968.0,16000.0,8182,0.0,0.0,0.0
2016-06-29 00:00:00-04:00,15520.0,15536.0,14976.0,15152.0,2252,0.0,0.0,0.0
2016-06-30 00:00:00-04:00,14944.0,15152.0,14576.0,14656.0,3619,0.0,0.0,0.0
2016-07-01 00:00:00-04:00,14560.0,14624.0,14144.0,14224.0,2272,0.0,0.0,0.0
2016-07-05 00:00:00-04:00,14480.0,15008.0,14432.0,14480.0,2055,0.0,0.0,0.0
2016-07-06 00:00:00-04:00,14704.0,14944.0,14096.0,14128.0,2436,0.0,0.0,0.0
2016-07-07 00:00:00-04:00,13888.0,14416.0,13664.0,13872.0,2509,0.0,0.0,0.0
2016-07-08 00:00:00-04:00,13376.0,13456.0,12880.0,12960.0,2773,0.0,0.0,0.0
2016-07-11 00:00:00-04:00,12768.0,13024.0,12656.0,12976.0,1846,0.0,0.0,0.0
2016-07-12 00:00:00-04:00,12672.0,12960.0,12640.0,12672.0,2536,0.0,0.0,0.0
2016-07-13 00:00:00-04:00,12544.0,12784.0,12448.0,12496.0,2258,0.0,0.0,0.0
2016-07-14 00:00:00-04:00,12336.0,12512.0,12256.0,12448.0,2003,0.0,0.0,0.0
2016-07-15 00:00:00-04:00,12368.0,12800.0,12288.0,12416.0,2895,0.0,0.0,0.0
2016-07-18 00:00:00-04:00,12480.0,12528.0,12064.0,12192.0,1749,0.0,0.0,0.0
2016-07-19 00:00:00-04:00,12192.0,12384.0,12016.0,12160.0,2057,0.0,0.0,0.0
2016-07-20 00:00:00-04:00,11920.0,12048.0,11728.0,11824.0,1879,0.0,0.0,0.0
2016-07-21 00:00:00-04:00,11856.0,12320.0,11792.0,12176.0,2681,0.0,0.0,0.0
2016-07-22 00:00:00-04:00,12096.0,12176.0,11744.0,11872.0,1780,0.0,0.0,0.0
2016-07-25 00:00:00-04:00,11766.400390625,12240.0,11692.7998046875,11792.0,20374,0.0,0.2,0.0
2016-07-26 00:00:00-04:00,11811.2001953125,12025.599609375,11680.0,11686.400390625,9530,0.0,0.0,0.0
2016-07-27 00:00:00-04:00,11532.7998046875,11862.400390625,11315.2001953125,11420.7998046875,15417,0.0,0.0,0.0
2016-07-28 00:00:00-04:00,11475.2001953125,11606.400390625,11142.400390625,11206.400390625,12800,0.0,0.0,0.0
2016-07-29 00:00:00-04:00,11200.0,11232.0,10736.0,10816.0,10681,0.0,0.0,0.0
2016-08-01 00:00:00-04:00,10732.7998046875,10921.599609375,10492.7998046875,10630.400390625,18683,0.0,0.0,0.0
2016-08-02 00:00:00-04:00,10758.400390625,11369.599609375,10697.599609375,11059.2001953125,16947,0.0,0.0,0.0
2016-08-03 00:00:00-04:00,11072.0,11180.7998046875,10764.7998046875,10780.7998046875,9487,0.0,0.0,0.0
2016-08-04 00:00:00-04:00,10630.400390625,10748.7998046875,10403.2001953125,10467.2001953125,8781,0.0,0.0,0.0
2016-08-05 00:00:00-04:00,10220.7998046875,10227.2001953125,9990.400390625,10121.599609375,9099,0.0,0.0,0.0
2016-08-08 00:00:00-04:00,9980.7998046875,10032.0,9888.0,9891.2001953125,6505,0.0,0.0,0.0
2016-08-09 00:00:00-04:00,9747.2001953125,9884.7998046875,9539.2001953125,9731.2001953125,14791,0.0,0.0,0.0
2016-08-10 00:00:00-04:00,9670.400390625,10156.7998046875,9651.2001953125,9964.7998046875,9823,0.0,0.0,0.0
2016-08-11 00:00:00-04:00,9843.2001953125,9964.7998046875,9715.2001953125,9916.7998046875,10959,0.0,0.0,0.0
2016-08-12 00:00:00-04:00,9920.0,10041.599609375,9747.2001953125,9811.2001953125,9352,0.0,0.0,0.0
2016-08-15 00:00:00-04:00,9715.2001953125,9740.7998046875,9616.0,9657.599609375,8254,0.0,0.0,0.0
2016-08-16 00:00:00-04:00,9856.0,10054.400390625,9852.7998046875,9987.2001953125,7561,0.0,0.0,0.0
2016-08-17 00:00:00-04:00,9958.400390625,10217.599609375,9699.2001953125,9737.599609375,11217,0.0,0.0,0.0
2016-08-18 00:00:00-04:00,9782.400390625,9843.2001953125,9561.599609375,9561.599609375,8435,0.0,0.0,0.0
2016-08-19 00:00:00-04:00,9670.400390625,9763.2001953125,9564.7998046875,9603.2001953125,8322,0.0,0.0,0.0
2016-08-22 00:00:00-04:00,9670.400390625,9795.2001953125,9603.2001953125,9638.400390625,11682,0.0,0.0,0.0
2016-08-23 00:00:00-04:00,9571.2001953125,9635.2001953125,9513.599609375,9612.7998046875,8303,0.0,0.0,0.0
2016-08-24 00:00:00-04:00,9660.7998046875,9932.7998046875,9641.599609375,9820.7998046875,8288,0.0,0.0,0.0
2016-08-25 00:00:00-04:00,10000.0,10016.0,9721.599609375,9840.0,7893,0.0,0.0,0.0
2016-08-26 00:00:00-04:00,9753.599609375,10201.599609375,9491.2001953125,9868.7998046875,13388,0.0,0.0,0.0
2016-08-29 00:00:00-04:00,9833.599609375,9836.7998046875,9612.7998046875,9657.599609375,8470,0.0,0.0,0.0
2016-08-30 00:00:00-04:00,9622.400390625,9756.7998046875,9552.0,9590.400390625,8474,0.0,0.0,0.0
2016-08-31 00:00:00-04:00,9619.2001953125,9884.7998046875,9571.2001953125,9632.0,11004,0.0,0.0,0.0
2016-09-01 00:00:00-04:00,9587.2001953125,9843.2001953125,9552.0,9584.0,11633,0.0,0.0,0.0
2016-09-02 00:00:00-04:00,9392.0,9430.400390625,9241.599609375,9241.599609375,12902,0.0,0.0,0.0
2016-09-06 00:00:00-04:00,9164.7998046875,9251.2001953125,8995.2001953125,9011.2001953125,6236,0.0,0.0,0.0
2016-09-07 00:00:00-04:00,9008.0,9036.7998046875,8864.0,8880.0,6562,0.0,0.0,0.0
2016-09-08 00:00:00-04:00,8889.599609375,9024.0,8867.2001953125,8908.7998046875,9395,0.0,0.0,0.0
2016-09-09 00:00:00-04:00,9267.2001953125,10361.599609375,9232.0,10355.2001953125,25620,0.0,0.0,0.0
2016-09-12 00:00:00-04:00,10457.599609375,10563.2001953125,9539.2001953125,9644.7998046875,22564,0.0,0.0,0.0
2016-09-13 00:00:00-04:00,10041.599609375,11283.2001953125,10016.0,10950.400390625,18186,0.0,0.0,0.0
2016-09-14 00:00:00-04:00,10784.0,11033.599609375,10339.2001953125,10883.2001953125,14058,0.0,0.0,0.0
2016-09-15 00:00:00-04:00,10870.400390625,11065.599609375,10345.599609375,10470.400390625,8190,0.0,0.0,0.0
2016-09-16 00:00:00-04:00,10691.2001953125,10880.0,10275.2001953125,10339.2001953125,8657,0.0,0.0,0.0
2016-09-19 00:00:00-04:00,9984.0,10281.599609375,9779.2001953125,10083.2001953125,9977,0.0,0.0,0.0
2016-09-20 00:00:00-04:00,9846.400390625,10163.2001953125,9833.599609375,10003.2001953125,6175,0.0,0.0,0.0
2016-09-21 00:00:00-04:00,9868.7998046875,10006.400390625,9180.7998046875,9219.2001953125,12282,0.0,0.0,0.0
2016-09-22 00:00:00-04:00,8979.2001953125,9088.0,8892.7998046875,8924.7998046875,10796,0.0,0.0,0.0
2016-09-23 00:00:00-04:00,8972.7998046875,9043.2001953125,8883.2001953125,8988.7998046875,6145,0.0,0.0,0.0
2016-09-26 00:00:00-04:00,9337.599609375,9580.7998046875,9267.2001953125,9484.7998046875,7629,0.0,0.0,0.0
2016-09-27 00:00:00-04:00,9481.599609375,9548.7998046875,8908.7998046875,8976.0,7128,0.0,0.0,0.0
2016-09-28 00:00:00-04:00,8918.400390625,9232.0,8864.0,8880.0,5986,0.0,0.0,0.0
2016-09-29 00:00:00-04:00,8928.0,9750.400390625,8787.2001953125,9433.599609375,14300,0.0,0.0,0.0
2016-09-30 00:00:00-04:00,9123.2001953125,9283.2001953125,8947.2001953125,9065.599609375,9931,0.0,0.0,0.0
2016-10-03 00:00:00-04:00,9158.400390625,9235.2001953125,8985.599609375,9008.0,6640,0.0,0.0,0.0
2016-10-04 00:00:00-04:00,8940.7998046875,9216.0,8812.7998046875,8988.7998046875,8236,0.0,0.0,0.0
2016-10-05 00:00:00-04:00,8883.2001953125,8953.599609375,8841.599609375,8918.400390625,4682,0.0,0.0,0.0
2016-10-06 00:00:00-04:00,8950.400390625,9008.0,8806.400390625,8835.2001953125,4124,0.0,0.0,0.0
2016-10-07 00:00:00-04:00,8796.7998046875,9043.2001953125,8758.400390625,8854.400390625,6722,0.0,0.0,0.0
2016-10-10 00:00:00-04:00,8752.0,8774.400390625,8595.2001953125,8652.7998046875,3501,0.0,0.0,0.0
2016-10-11 00:00:00-04:00,8726.400390625,9270.400390625,8716.7998046875,9129.599609375,11377,0.0,0.0,0.0
2016-10-12 00:00:00-04:00,9097.599609375,9254.400390625,8931.2001953125,9145.599609375,6215,0.0,0.0,0.0
2016-10-13 00:00:00-04:00,9510.400390625,9753.599609375,9299.2001953125,9433.599609375,5457,0.0,0.0,0.0
2016-10-14 00:00:00-04:00,9148.7998046875,9395.2001953125,9094.400390625,9328.0,7001,0.0,0.0,0.0
2016-10-17 00:00:00-04:00,9276.7998046875,9411.2001953125,9222.400390625,9289.599609375,5780,0.0,0.0,0.0
2016-10-18 00:00:00-04:00,9040.0,9100.7998046875,8899.2001953125,8915.2001953125,5080,0.0,0.0,0.0
2016-10-19 00:00:00-04:00,8729.599609375,8841.599609375,8636.7998046875,8700.7998046875,7988,0.0,0.0,0.0
2016-10-20 00:00:00-04:00,8729.599609375,8809.599609375,8560.0,8592.0,6357,0.0,0.0,0.0
2016-10-21 00:00:00-04:00,8640.0,8681.599609375,8396.7998046875,8406.400390625,5548,0.0,0.0,0.0
2016-10-24 00:00:00-04:00,8220.7998046875,8233.599609375,8080.0,8118.39990234375,5158,0.0,0.0,0.0
2016-10-25 00:00:00-04:00,8099.2001953125,8291.2001953125,8099.2001953125,8188.7998046875,5148,0.0,0.0,0.0
2016-10-26 00:00:00-04:00,8384.0,8438.400390625,8211.2001953125,8393.599609375,6905,0.0,0.0,0.0
2016-10-27 00:00:00-04:00,8265.599609375,8576.0,8256.0,8550.400390625,7079,0.0,0.0,0.0
2016-10-28 00:00:00-04:00,8572.7998046875,9059.2001953125,8470.400390625,8908.7998046875,12293,0.0,0.0,0.0
2016-10-31 00:00:00-04:00,8854.400390625,9158.400390625,8838.400390625,9094.400390625,5914,0.0,0.0,0.0
2016-11-01 00:00:00-04:00,9116.7998046875,9795.2001953125,9113.599609375,9360.0,13691,0.0,0.0,0.0
2016-11-02 00:00:00-04:00,9411.2001953125,9664.0,9360.0,9571.2001953125,9769,0.0,0.0,0.0
2016-11-03 00:00:00-04:00,9577.599609375,10224.0,9516.7998046875,10099.2001953125,9965,0.0,0.0,0.0
2016-11-04 00:00:00-04:00,9987.2001953125,10176.0,9724.7998046875,10108.7998046875,12420,0.0,0.0,0.0
2016-11-07 00:00:00-05:00,9248.0,9337.599609375,8832.0,8838.400390625,8717,0.0,0.0,0.0
2016-11-08 00:00:00-05:00,8889.599609375,8998.400390625,8528.0,8572.7998046875,5084,0.0,0.0,0.0
2016-11-09 00:00:00-05:00,9056.0,9072.0,8243.2001953125,8371.2001953125,17170,0.0,0.0,0.0
2016-11-10 00:00:00-05:00,8121.60009765625,8867.2001953125,8048.0,8572.7998046875,14082,0.0,0.0,0.0
2016-11-11 00:00:00-05:00,8710.400390625,8819.2001953125,8345.599609375,8377.599609375,9277,0.0,0.0,0.0
2016-11-14 00:00:00-05:00,8422.400390625,8649.599609375,8297.599609375,8342.400390625,7934,0.0,0.0,0.0
2016-11-15 00:00:00-05:00,8249.599609375,8348.7998046875,7980.7998046875,7987.2001953125,10135,0.0,0.0,0.0
2016-11-16 00:00:00-05:00,8131.2001953125,8140.7998046875,7936.0,8025.60009765625,7893,0.0,0.0,0.0
2016-11-17 00:00:00-05:00,8003.2001953125,8038.39990234375,7785.60009765625,7785.60009765625,5697,0.0,0.0,0.0
2016-11-18 00:00:00-05:00,7779.2001953125,7878.39990234375,7702.39990234375,7744.0,5788,0.0,0.0,0.0
2016-11-21 00:00:00-05:00,7654.39990234375,7657.60009765625,7388.7998046875,7398.39990234375,6518,0.0,0.0,0.0
2016-11-22 00:00:00-05:00,7398.39990234375,7609.60009765625,7369.60009765625,7449.60009765625,5491,0.0,0.0,0.0
2016-11-23 00:00:00-05:00,7520.0,7584.0,7433.60009765625,7456.0,3934,0.0,0.0,0.0
2016-11-25 00:00:00-05:00,7446.39990234375,7513.60009765625,7404.7998046875,7420.7998046875,2185,0.0,0.0,0.0
2016-11-28 00:00:00-05:00,7510.39990234375,7606.39990234375,7420.7998046875,7478.39990234375,5465,0.0,0.0,0.0
2016-11-29 00:00:00-05:00,7494.39990234375,7555.2001953125,7328.0,7427.2001953125,3519,0.0,0.0,0.0
2016-11-30 00:00:00-05:00,7321.60009765625,7472.0,7305.60009765625,7436.7998046875,6403,0.0,0.0,0.0
2016-12-01 00:00:00-05:00,7424.0,7859.2001953125,7395.2001953125,7724.7998046875,8958,0.0,0.0,0.0
2016-12-02 00:00:00-05:00,7766.39990234375,7808.0,7510.39990234375,7728.0,8155,0.0,0.0,0.0
2016-12-05 00:00:00-05:00,7456.0,7488.0,7187.2001953125,7216.0,8619,0.0,0.0,0.0
2016-12-06 00:00:00-05:00,7088.0,7132.7998046875,6937.60009765625,6966.39990234375,5723,0.0,0.0,0.0
2016-12-07 00:00:00-05:00,6944.0,7030.39990234375,6803.2001953125,6992.0,10828,0.0,0.0,0.0
2016-12-08 00:00:00-05:00,6992.0,7244.7998046875,6960.0,7001.60009765625,11346,0.0,0.0,0.0
2016-12-09 00:00:00-05:00,7065.60009765625,7075.2001953125,6902.39990234375,6934.39990234375,5572,0.0,0.0,0.0
2016-12-12 00:00:00-05:00,6934.39990234375,7056.0,6918.39990234375,6979.2001953125,5923,0.0,0.0,0.0
2016-12-13 00:00:00-05:00,6969.60009765625,7168.0,6944.0,7046.39990234375,6984,0.0,0.0,0.0
2016-12-14 00:00:00-05:00,7084.7998046875,7110.39990234375,6816.0,7020.7998046875,11888,0.0,0.0,0.0
2016-12-15 00:00:00-05:00,6918.39990234375,7017.60009765625,6864.0,6924.7998046875,8466,0.0,0.0,0.0
2016-12-16 00:00:00-05:00,6835.2001953125,6931.2001953125,6787.2001953125,6828.7998046875,8177,0.0,0.0,0.0
2016-12-19 00:00:00-05:00,6755.2001953125,6755.2001953125,6582.39990234375,6592.0,7369,0.0,0.0,0.0
2016-12-20 00:00:00-05:00,6524.7998046875,6544.0,6428.7998046875,6473.60009765625,6384,0.0,0.0,0.0
2016-12-21 00:00:00-05:00,6416.0,6444.7998046875,6345.60009765625,6368.0,5271,0.0,0.0,0.0
2016-12-22 00:00:00-05:00,6361.60009765625,6499.2001953125,6332.7998046875,6464.0,5392,0.0,0.0,0.0
2016-12-23 00:00:00-05:00,6492.7998046875,6524.7998046875,6428.7998046875,6444.7998046875,4041,0.0,0.0,0.0
2016-12-27 00:00:00-05:00,6432.0,6438.39990234375,6323.2001953125,6342.39990234375,4047,0.0,0.0,0.0
2016-12-28 00:00:00-05:00,6320.0,6585.60009765625,6300.7998046875,6563.2001953125,8199,0.0,0.0,0.0
2016-12-29 00:00:00-05:00,6592.0,6755.2001953125,6528.0,6675.2001953125,6983,0.0,0.0,0.0
2016-12-30 00:00:00-05:00,6595.2001953125,6876.7998046875,6592.0,6803.2001953125,9143,0.0,0.0,0.0
2017-01-03 00:00:00-05:00,6528.0,6572.7998046875,6310.39990234375,6316.7998046875,7877,0.0,0.0,0.0
2017-01-04 00:00:00-05:00,6249.60009765625,6249.60009765625,5929.60009765625,5996.7998046875,5770,0.0,0.0,0.0
2017-01-05 00:00:00-05:00,6048.0,6153.60009765625,5968.0,5971.2001953125,8115,0.0,0.0,0.0
2017-01-06 00:00:00-05:00,5910.39990234375,5961.60009765625,5772.7998046875,5897.60009765625,9419,0.0,0.0,0.0
2017-01-09 00:00:00-05:00,5923.2001953125,5977.60009765625,5792.0,5878.39990234375,6447,0.0,0.0,0.0
2017-01-10 00:00:00-05:00,5820.7998046875,5923.2001953125,5772.7998046875,5840.0,6560,0.0,0.0,0.0
2017-01-11 00:00:00-05:00,5846.39990234375,5955.2001953125,5699.2001953125,5715.2001953125,11705,0.0,0.0,0.0
2017-01-12 00:00:00-05:00,5760.0,6006.39990234375,5708.7998046875,5718.39990234375,10534,0.0,0.0,0.0
2017-01-13 00:00:00-05:00,5689.60009765625,5788.7998046875,5648.0,5728.0,9288,0.0,0.0,0.0
2017-01-17 00:00:00-05:00,5804.7998046875,5820.7998046875,5683.2001953125,5702.39990234375,9490,0.0,0.0,0.0
2017-01-18 00:00:00-05:00,5670.39990234375,5708.7998046875,5600.0,5680.0,7971,0.0,0.0,0.0
2017-01-19 00:00:00-05:00,5648.0,5792.0,5625.60009765625,5744.0,8947,0.0,0.0,0.0
2017-01-20 00:00:00-05:00,5680.0,5699.2001953125,5516.7998046875,5520.0,11685,0.0,0.0,0.0
2017-01-23 00:00:00-05:00,5523.2001953125,5625.60009765625,5468.7998046875,5472.0,9488,0.0,0.0,0.0
2017-01-24 00:00:00-05:00,5408.0,5408.0,5190.39990234375,5216.0,8332,0.0,0.0,0.0
2017-01-25 00:00:00-05:00,5139.2001953125,5161.60009765625,5068.7998046875,5088.0,6485,0.0,0.0,0.0
2017-01-26 00:00:00-05:00,5110.39990234375,5174.39990234375,5062.39990234375,5123.2001953125,5802,0.0,0.0,0.0
2017-01-27 00:00:00-05:00,5104.0,5145.60009765625,5046.39990234375,5065.60009765625,6606,0.0,0.0,0.0
2017-01-30 00:00:00-05:00,5168.0,5417.60009765625,5164.7998046875,5206.39990234375,16565,0.0,0.0,0.0
2017-01-31 00:00:00-05:00,5251.2001953125,5340.7998046875,5174.39990234375,5177.60009765625,10870,0.0,0.0,0.0
2017-02-01 00:00:00-05:00,5078.39990234375,5155.2001953125,5033.60009765625,5091.2001953125,9821,0.0,0.0,0.0
2017-02-02 00:00:00-05:00,5132.7998046875,5177.60009765625,5081.60009765625,5132.7998046875,8111,0.0,0.0,0.0
2017-02-03 00:00:00-05:00,5030.39990234375,5062.39990234375,4976.0,5020.7998046875,6942,0.0,0.0,0.0
2017-02-06 00:00:00-05:00,5084.7998046875,5091.2001953125,4998.39990234375,5030.39990234375,5551,0.0,0.0,0.0
2017-02-07 00:00:00-05:00,5017.60009765625,5068.7998046875,5004.7998046875,5062.39990234375,5431,0.0,0.0,0.0
2017-02-08 00:00:00-05:00,5078.39990234375,5139.2001953125,5011.2001953125,5040.0,6842,0.0,0.0,0.0
2017-02-09 00:00:00-05:00,5017.60009765625,5024.0,4889.60009765625,4937.60009765625,5778,0.0,0.0,0.0
2017-02-10 00:00:00-05:00,4883.2001953125,4892.7998046875,4822.39990234375,4851.2001953125,6403,0.0,0.0,0.0
2017-02-13 00:00:00-05:00,4774.39990234375,4784.0,4688.0,4700.7998046875,7378,0.0,0.0,0.0
2017-02-14 00:00:00-05:00,4697.60009765625,4704.0,4499.2001953125,4499.2001953125,8778,0.0,0.0,0.0
2017-02-15 00:00:00-05:00,4499.2001953125,4656.0,4473.60009765625,4652.7998046875,12884,0.0,0.0,0.0
2017-02-16 00:00:00-05:00,4646.39990234375,4908.7998046875,4633.60009765625,4675.2001953125,17850,0.0,0.0,0.0
2017-02-17 00:00:00-05:00,4784.0,4819.2001953125,4665.60009765625,4688.0,11268,0.0,0.0,0.0
2017-02-21 00:00:00-05:00,4624.0,4755.2001953125,4608.0,4732.7998046875,9291,0.0,0.0,0.0
2017-02-22 00:00:00-05:00,4777.60009765625,4841.60009765625,4704.0,4761.60009765625,7444,0.0,0.0,0.0
2017-02-23 00:00:00-05:00,4771.2001953125,4960.0,4758.39990234375,4883.2001953125,10609,0.0,0.0,0.0
2017-02-24 00:00:00-05:00,5062.39990234375,5084.7998046875,4809.60009765625,4825.60009765625,10047,0.0,0.0,0.0
2017-02-27 00:00:00-05:00,4825.60009765625,4864.0,4694.39990234375,4800.0,6561,0.0,0.0,0.0
2017-02-28 00:00:00-05:00,4828.7998046875,4947.2001953125,4793.60009765625,4915.2001953125,9356,0.0,0.0,0.0
2017-03-01 00:00:00-05:00,4707.2001953125,4822.39990234375,4678.39990234375,4816.0,9517,0.0,0.0,0.0
2017-03-02 00:00:00-05:00,4816.0,4873.60009765625,4726.39990234375,4822.39990234375,8203,0.0,0.0,0.0
2017-03-03 00:00:00-05:00,4758.39990234375,4771.2001953125,4662.39990234375,4675.2001953125,6988,0.0,0.0,0.0
2017-03-06 00:00:00-05:00,4672.0,4691.2001953125,4576.0,4592.0,6375,0.0,0.0,0.0
2017-03-07 00:00:00-05:00,4595.2001953125,4643.2001953125,4518.39990234375,4592.0,5885,0.0,0.0,0.0
2017-03-08 00:00:00-05:00,4547.2001953125,4643.2001953125,4505.60009765625,4627.2001953125,7054,0.0,0.0,0.0
2017-03-09 00:00:00-05:00,4601.60009765625,4678.39990234375,4547.2001953125,4601.60009765625,6598,0.0,0.0,0.0
2017-03-10 00:00:00-05:00,4556.7998046875,4624.0,4534.39990234375,4537.60009765625,6201,0.0,0.0,0.0
2017-03-13 00:00:00-04:00,4524.7998046875,4544.0,4438.39990234375,4448.0,4853,0.0,0.0,0.0
2017-03-14 00:00:00-04:00,4464.0,4553.60009765625,4428.7998046875,4528.0,9566,0.0,0.0,0.0
2017-03-15 00:00:00-04:00,4470.39990234375,4483.2001953125,4320.0,4352.0,8540,0.0,0.0,0.0
2017-03-16 00:00:00-04:00,4326.39990234375,4339.2001953125,4262.39990234375,4268.7998046875,6774,0.0,0.0,0.0
2017-03-17 00:00:00-04:00,4236.7998046875,4246.39990234375,4156.7998046875,4220.7998046875,6728,0.0,0.0,0.0
2017-03-20 00:00:00-04:00,4214.39990234375,4227.2001953125,4163.2001953125,4211.2001953125,4460,0.0,0.0,0.0
2017-03-21 00:00:00-04:00,4140.7998046875,4419.2001953125,4108.7998046875,4380.7998046875,16946,0.0,0.0,0.0
2017-03-22 00:00:00-04:00,4422.39990234375,4483.2001953125,4339.2001953125,4403.2001953125,8840,0.0,0.0,0.0
2017-03-23 00:00:00-04:00,4444.7998046875,4572.7998046875,4345.60009765625,4553.60009765625,7792,0.0,0.0,0.0
2017-03-24 00:00:00-04:00,4480.0,4668.7998046875,4387.2001953125,4470.39990234375,12333,0.0,0.0,0.0
2017-03-27 00:00:00-04:00,4643.2001953125,4668.7998046875,4339.2001953125,4380.7998046875,10439,0.0,0.0,0.0
2017-03-28 00:00:00-04:00,4332.7998046875,4339.2001953125,4137.60009765625,4140.7998046875,8662,0.0,0.0,0.0
2017-03-29 00:00:00-04:00,4121.60009765625,4156.7998046875,4080.0,4124.7998046875,4376,0.0,0.0,0.0
2017-03-30 00:00:00-04:00,4131.2001953125,4179.2001953125,4105.60009765625,4140.7998046875,4788,0.0,0.0,0.0
2017-03-31 00:00:00-04:00,4147.2001953125,4217.60009765625,4115.2001953125,4214.39990234375,3734,0.0,0.0,0.0
2017-04-03 00:00:00-04:00,4217.60009765625,4384.0,4188.7998046875,4233.60009765625,6795,0.0,0.0,0.0
2017-04-04 00:00:00-04:00,4284.7998046875,4307.2001953125,4163.2001953125,4182.39990234375,3776,0.0,0.0,0.0
2017-04-05 00:00:00-04:00,4131.2001953125,4329.60009765625,4086.39990234375,4316.7998046875,5207,0.0,0.0,0.0
2017-04-06 00:00:00-04:00,4268.7998046875,4297.60009765625,4150.39990234375,4240.0,4267,0.0,0.0,0.0
2017-04-07 00:00:00-04:00,4297.60009765625,4403.2001953125,4252.7998046875,4390.39990234375,6596,0.0,0.0,0.0
2017-04-10 00:00:00-04:00,4406.39990234375,4550.39990234375,4352.0,4547.2001953125,5651,0.0,0.0,0.0
2017-04-11 00:00:00-04:00,4659.2001953125,4803.2001953125,4630.39990234375,4755.2001953125,11186,0.0,0.0,0.0
2017-04-12 00:00:00-04:00,4758.39990234375,4822.39990234375,4694.39990234375,4774.39990234375,7557,0.0,0.0,0.0
2017-04-13 00:00:00-04:00,4787.2001953125,4902.39990234375,4697.60009765625,4870.39990234375,7604,0.0,0.0,0.0
2017-04-17 00:00:00-04:00,4784.0,4787.2001953125,4627.2001953125,4627.2001953125,6673,0.0,0.0,0.0
2017-04-18 00:00:00-04:00,4678.39990234375,4768.0,4582.39990234375,4588.7998046875,10865,0.0,0.0,0.0
2017-04-19 00:00:00-04:00,4512.0,4729.60009765625,4486.39990234375,4691.2001953125,8105,0.0,0.0,0.0
2017-04-20 00:00:00-04:00,4633.60009765625,4704.0,4537.60009765625,4579.2001953125,10127,0.0,0.0,0.0
2017-04-21 00:00:00-04:00,4604.7998046875,4688.0,4585.60009765625,4592.0,7811,0.0,0.0,0.0
2017-04-24 00:00:00-04:00,4220.7998046875,4278.39990234375,4092.800048828125,4105.60009765625,11353,0.0,0.0,0.0
2017-04-25 00:00:00-04:00,4041.60009765625,4060.800048828125,3996.800048828125,4006.39990234375,5120,0.0,0.0,0.0
2017-04-26 00:00:00-04:00,4016.0,4105.60009765625,3993.60009765625,4038.39990234375,7276,0.0,0.0,0.0
2017-04-27 00:00:00-04:00,4003.199951171875,4054.39990234375,3993.60009765625,4000.0,5598,0.0,0.0,0.0
2017-04-28 00:00:00-04:00,4006.39990234375,4051.199951171875,4000.0,4003.199951171875,5271,0.0,0.0,0.0
2017-05-01 00:00:00-04:00,3964.800048828125,3968.0,3817.60009765625,3849.60009765625,5631,0.0,0.0,0.0
2017-05-02 00:00:00-04:00,3843.199951171875,3894.39990234375,3836.800048828125,3856.0,4184,0.0,0.0,0.0
2017-05-03 00:00:00-04:00,3904.0,3955.199951171875,3872.0,3932.800048828125,5139,0.0,0.0,0.0
2017-05-04 00:00:00-04:00,3875.199951171875,3974.39990234375,3830.39990234375,3840.0,6350,0.0,0.0,0.0
2017-05-05 00:00:00-04:00,3827.199951171875,3872.0,3808.0,3856.0,4780,0.0,0.0,0.0
2017-05-08 00:00:00-04:00,3798.39990234375,3801.60009765625,3734.39990234375,3760.0,4492,0.0,0.0,0.0
2017-05-09 00:00:00-04:00,3705.60009765625,3776.0,3696.0,3747.199951171875,7521,0.0,0.0,0.0
2017-05-10 00:00:00-04:00,3772.800048828125,3772.800048828125,3731.199951171875,3763.199951171875,4626,0.0,0.0,0.0
2017-05-11 00:00:00-04:00,3808.0,3891.199951171875,3747.199951171875,3756.800048828125,9450,0.0,0.0,0.0
2017-05-12 00:00:00-04:00,3772.800048828125,3785.60009765625,3750.39990234375,3750.39990234375,5404,0.0,0.0,0.0
2017-05-15 00:00:00-04:00,3712.0,3721.60009765625,3657.60009765625,3667.199951171875,5674,0.0,0.0,0.0
2017-05-16 00:00:00-04:00,3628.800048828125,3673.60009765625,3612.800048828125,3635.199951171875,8382,0.0,0.0,0.0
2017-05-17 00:00:00-04:00,3856.0,4291.2001953125,3801.60009765625,4291.2001953125,27737,0.0,0.0,0.0
2017-05-18 00:00:00-04:00,4249.60009765625,4284.7998046875,4060.800048828125,4188.7998046875,21776,0.0,0.0,0.0
2017-05-19 00:00:00-04:00,4048.0,4051.199951171875,3827.199951171875,3891.199951171875,13417,0.0,0.0,0.0
2017-05-22 00:00:00-04:00,3788.800048828125,3792.0,3702.39990234375,3718.39990234375,6262,0.0,0.0,0.0
2017-05-23 00:00:00-04:00,3699.199951171875,3747.199951171875,3686.39990234375,3712.0,5774,0.0,0.0,0.0
2017-05-24 00:00:00-04:00,3705.60009765625,3744.0,3603.199951171875,3619.199951171875,5505,0.0,0.0,0.0
2017-05-25 00:00:00-04:00,3616.0,3680.0,3600.0,3648.0,7293,0.0,0.0,0.0
2017-05-26 00:00:00-04:00,3676.800048828125,3676.800048828125,3584.0,3590.39990234375,4380,0.0,0.0,0.0
2017-05-30 00:00:00-04:00,3641.60009765625,3644.800048828125,3558.39990234375,3568.0,3968,0.0,0.0,0.0
2017-05-31 00:00:00-04:00,3555.199951171875,3680.0,3542.39990234375,3596.800048828125,7178,0.0,0.0,0.0
2017-06-01 00:00:00-04:00,3555.199951171875,3561.60009765625,3510.39990234375,3513.60009765625,5212,0.0,0.0,0.0
2017-06-02 00:00:00-04:00,3529.60009765625,3539.199951171875,3488.0,3516.800048828125,4129,0.0,0.0,0.0
2017-06-05 00:00:00-04:00,3539.199951171875,3539.199951171875,3465.60009765625,3536.0,5006,0.0,0.0,0.0
2017-06-06 00:00:00-04:00,3574.39990234375,3635.199951171875,3548.800048828125,3616.0,4418,0.0,0.0,0.0
2017-06-07 00:00:00-04:00,3580.800048828125,3670.39990234375,3558.39990234375,3574.39990234375,5168,0.0,0.0,0.0
2017-06-08 00:00:00-04:00,3577.60009765625,3577.60009765625,3472.0,3497.60009765625,6097,0.0,0.0,0.0
2017-06-09 00:00:00-04:00,3465.60009765625,3699.199951171875,3424.0,3545.60009765625,10307,0.0,0.0,0.0
2017-06-12 00:00:00-04:00,3596.800048828125,3680.0,3571.199951171875,3584.0,8146,0.0,0.0,0.0
2017-06-13 00:00:00-04:00,3510.39990234375,3523.199951171875,3456.0,3462.39990234375,5591,0.0,0.0,0.0
2017-06-14 00:00:00-04:00,3459.199951171875,3516.800048828125,3436.800048828125,3446.39990234375,8519,0.0,0.0,0.0
2017-06-15 00:00:00-04:00,3580.800048828125,3590.39990234375,3459.199951171875,3491.199951171875,8674,0.0,0.0,0.0
2017-06-16 00:00:00-04:00,3459.199951171875,3523.199951171875,3449.60009765625,3452.800048828125,5471,0.0,0.0,0.0
2017-06-19 00:00:00-04:00,3395.199951171875,3398.39990234375,3331.199951171875,3347.199951171875,6695,0.0,0.0,0.0
2017-06-20 00:00:00-04:00,3379.199951171875,3452.800048828125,3376.0,3440.0,9973,0.0,0.0,0.0
2017-06-21 00:00:00-04:00,3382.39990234375,3436.800048828125,3360.0,3408.0,7821,0.0,0.0,0.0
2017-06-22 00:00:00-04:00,3398.39990234375,3420.800048828125,3356.800048828125,3376.0,4568,0.0,0.0,0.0
2017-06-23 00:00:00-04:00,3369.60009765625,3395.199951171875,3334.39990234375,3340.800048828125,5539,0.0,0.0,0.0
2017-06-26 00:00:00-04:00,3299.199951171875,3324.800048828125,3264.0,3270.39990234375,6958,0.0,0.0,0.0
2017-06-27 00:00:00-04:00,3286.39990234375,3382.39990234375,3248.0,3376.0,11131,0.0,0.0,0.0
2017-06-28 00:00:00-04:00,3321.60009765625,3356.800048828125,3267.199951171875,3280.0,5252,0.0,0.0,0.0
2017-06-29 00:00:00-04:00,3286.39990234375,3769.60009765625,3283.199951171875,3449.60009765625,21958,0.0,0.0,0.0
2017-06-30 00:00:00-04:00,3360.0,3507.199951171875,3334.39990234375,3401.60009765625,10974,0.0,0.0,0.0
2017-07-03 00:00:00-04:00,3340.800048828125,3446.39990234375,3324.800048828125,3446.39990234375,3898,0.0,0.0,0.0
2017-07-05 00:00:00-04:00,3420.800048828125,3536.0,3395.199951171875,3440.0,8748,0.0,0.0,0.0
2017-07-06 00:00:00-04:00,3504.0,3638.39990234375,3484.800048828125,3609.60009765625,13471,0.0,0.0,0.0
2017-07-07 00:00:00-04:00,3539.199951171875,3571.199951171875,3481.60009765625,3491.199951171875,5510,0.0,0.0,0.0
2017-07-10 00:00:00-04:00,3481.60009765625,3488.0,3376.0,3401.60009765625,4308,0.0,0.0,0.0
2017-07-11 00:00:00-04:00,3411.199951171875,3548.800048828125,3372.800048828125,3392.0,6230,0.0,0.0,0.0
2017-07-12 00:00:00-04:00,3331.199951171875,3334.39990234375,3283.199951171875,3299.199951171875,7456,0.0,0.0,0.0
2017-07-13 00:00:00-04:00,3289.60009765625,3296.0,3248.0,3264.0,6956,0.0,0.0,0.0
2017-07-14 00:00:00-04:00,3251.199951171875,3257.60009765625,3177.60009765625,3200.0,7496,0.0,0.0,0.0
2017-07-17 00:00:00-04:00,3136.0,3146.39990234375,3105.60009765625,3114.39990234375,22866,0.0,0.25,0.0
2017-07-18 00:00:00-04:00,3147.199951171875,3177.60009765625,3073.60009765625,3076.800048828125,24035,0.0,0.0,0.0
2017-07-19 00:00:00-04:00,3046.39990234375,3052.0,3009.60009765625,3040.800048828125,18804,0.0,0.0,0.0
2017-07-20 00:00:00-04:00,3014.39990234375,3070.39990234375,3009.60009765625,3012.800048828125,17634,0.0,0.0,0.0
2017-07-21 00:00:00-04:00,3029.60009765625,3043.199951171875,2984.0,2984.800048828125,11135,0.0,0.0,0.0
2017-07-24 00:00:00-04:00,2976.0,2979.199951171875,2920.800048828125,2932.0,8463,0.0,0.0,0.0
2017-07-25 00:00:00-04:00,2923.199951171875,2958.39990234375,2916.800048828125,2944.0,9230,0.0,0.0,0.0
2017-07-26 00:00:00-04:00,2926.39990234375,2956.0,2904.0,2948.800048828125,8770,0.0,0.0,0.0
2017-07-27 00:00:00-04:00,2924.0,3138.39990234375,2923.199951171875,2972.800048828125,26436,0.0,0.0,0.0
2017-07-28 00:00:00-04:00,3040.0,3080.800048828125,2995.199951171875,3003.199951171875,19206,0.0,0.0,0.0
2017-07-31 00:00:00-04:00,2963.199951171875,3018.39990234375,2956.800048828125,2982.39990234375,11714,0.0,0.0,0.0
2017-08-01 00:00:00-04:00,2945.60009765625,2968.0,2929.60009765625,2944.0,12003,0.0,0.0,0.0
2017-08-02 00:00:00-04:00,2926.39990234375,3016.0,2926.39990234375,2960.0,17263,0.0,0.0,0.0
2017-08-03 00:00:00-04:00,2965.60009765625,3008.0,2960.800048828125,2997.60009765625,13874,0.0,0.0,0.0
2017-08-04 00:00:00-04:00,2981.60009765625,2994.39990234375,2945.60009765625,2984.800048828125,9360,0.0,0.0,0.0
2017-08-07 00:00:00-04:00,2974.39990234375,2985.60009765625,2946.39990234375,2948.0,5521,0.0,0.0,0.0
2017-08-08 00:00:00-04:00,2952.0,3070.39990234375,2907.199951171875,3032.0,20234,0.0,0.0,0.0
2017-08-09 00:00:00-04:00,3113.60009765625,3199.199951171875,3048.0,3111.199951171875,30113,0.0,0.0,0.0
2017-08-10 00:00:00-04:00,3192.800048828125,3548.800048828125,3192.0,3535.199951171875,79526,0.0,0.0,0.0
2017-08-11 00:00:00-04:00,3564.0,3744.800048828125,3449.60009765625,3640.0,57175,0.0,0.0,0.0
2017-08-14 00:00:00-04:00,3356.800048828125,3360.0,3157.60009765625,3165.60009765625,27390,0.0,0.0,0.0
2017-08-15 00:00:00-04:00,3078.39990234375,3200.800048828125,3078.39990234375,3143.199951171875,18886,0.0,0.0,0.0
2017-08-16 00:00:00-04:00,3142.39990234375,3166.39990234375,3095.199951171875,3124.800048828125,28751,0.0,0.0,0.0
2017-08-17 00:00:00-04:00,3203.199951171875,3644.800048828125,3157.60009765625,3642.39990234375,65529,0.0,0.0,0.0
2017-08-18 00:00:00-04:00,3528.800048828125,3651.199951171875,3361.60009765625,3535.199951171875,39709,0.0,0.0,0.0
2017-08-21 00:00:00-04:00,3508.0,3585.60009765625,3386.39990234375,3395.199951171875,21941,0.0,0.0,0.0
2017-08-22 00:00:00-04:00,3294.39990234375,3298.39990234375,3133.60009765625,3145.60009765625,25106,0.0,0.0,0.0
2017-08-23 00:00:00-04:00,3276.800048828125,3299.199951171875,3149.60009765625,3172.800048828125,21134,0.0,0.0,0.0
2017-08-24 00:00:00-04:00,3156.800048828125,3329.60009765625,3140.0,3260.800048828125,14815,0.0,0.0,0.0
2017-08-25 00:00:00-04:00,3202.39990234375,3236.0,3155.199951171875,3170.39990234375,18378,0.0,0.0,0.0
2017-08-28 00:00:00-04:00,3133.60009765625,3207.199951171875,3125.60009765625,3142.39990234375,16719,0.0,0.0,0.0
2017-08-29 00:00:00-04:00,3371.199951171875,3390.39990234375,3170.39990234375,3180.0,29108,0.0,0.0,0.0
2017-08-30 00:00:00-04:00,3176.0,3203.199951171875,3143.199951171875,3163.199951171875,17354,0.0,0.0,0.0
2017-08-31 00:00:00-04:00,3143.199951171875,3148.800048828125,3069.60009765625,3076.800048828125,20958,0.0,0.0,0.0
2017-09-01 00:00:00-04:00,3049.60009765625,3077.60009765625,3038.39990234375,3068.0,14856,0.0,0.0,0.0
2017-09-05 00:00:00-04:00,3180.800048828125,3372.0,3119.199951171875,3235.199951171875,33259,0.0,0.0,0.0
2017-09-06 00:00:00-04:00,3168.800048828125,3244.800048828125,3152.0,3160.0,12975,0.0,0.0,0.0
2017-09-07 00:00:00-04:00,3160.0,3209.60009765625,3121.60009765625,3144.0,12800,0.0,0.0,0.0
2017-09-08 00:00:00-04:00,3191.199951171875,3244.800048828125,3175.199951171875,3220.800048828125,13204,0.0,0.0,0.0
2017-09-11 00:00:00-04:00,3106.39990234375,3106.39990234375,3020.800048828125,3041.60009765625,21353,0.0,0.0,0.0
2017-09-12 00:00:00-04:00,3000.0,3019.199951171875,2960.0,2960.0,12854,0.0,0.0,0.0
2017-09-13 00:00:00-04:00,2960.0,2961.60009765625,2855.199951171875,2856.800048828125,12575,0.0,0.0,0.0
2017-09-14 00:00:00-04:00,2895.199951171875,2904.800048828125,2856.0,2895.199951171875,10869,0.0,0.0,0.0
2017-09-15 00:00:00-04:00,2883.199951171875,2883.199951171875,2839.199951171875,2845.60009765625,12896,0.0,0.0,0.0
2017-09-18 00:00:00-04:00,2806.39990234375,2807.199951171875,2697.60009765625,2720.0,18778,0.0,0.0,0.0
2017-09-19 00:00:00-04:00,2720.800048828125,2756.800048828125,2716.800048828125,2720.0,13626,0.0,0.0,0.0
2017-09-20 00:00:00-04:00,2735.199951171875,2827.199951171875,2708.800048828125,2722.39990234375,15729,0.0,0.0,0.0
2017-09-21 00:00:00-04:00,2716.0,2755.199951171875,2708.0,2722.39990234375,11776,0.0,0.0,0.0
2017-09-22 00:00:00-04:00,2772.0,2790.39990234375,2721.60009765625,2737.60009765625,11231,0.0,0.0,0.0
2017-09-25 00:00:00-04:00,2748.800048828125,2826.39990234375,2711.199951171875,2743.199951171875,25119,0.0,0.0,0.0
2017-09-26 00:00:00-04:00,2724.0,2756.800048828125,2697.60009765625,2709.60009765625,16663,0.0,0.0,0.0
2017-09-27 00:00:00-04:00,2681.60009765625,2718.39990234375,2668.800048828125,2694.39990234375,14883,0.0,0.0,0.0
2017-09-28 00:00:00-04:00,2701.60009765625,2705.60009765625,2651.199951171875,2653.60009765625,9841,0.0,0.0,0.0
2017-09-29 00:00:00-04:00,2648.800048828125,2668.800048828125,2597.60009765625,2602.39990234375,14215,0.0,0.0,0.0
2017-10-02 00:00:00-04:00,2587.199951171875,2588.800048828125,2528.0,2547.199951171875,14175,0.0,0.0,0.0
2017-10-03 00:00:00-04:00,2526.39990234375,2553.60009765625,2521.60009765625,2541.60009765625,7678,0.0,0.0,0.0
2017-10-04 00:00:00-04:00,2547.199951171875,2565.60009765625,2535.199951171875,2546.39990234375,8255,0.0,0.0,0.0
2017-10-05 00:00:00-04:00,2528.0,2531.199951171875,2458.39990234375,2460.0,15774,0.0,0.0,0.0
2017-10-06 00:00:00-04:00,2472.800048828125,2525.60009765625,2464.800048828125,2465.60009765625,17480,0.0,0.0,0.0
2017-10-09 00:00:00-04:00,2453.60009765625,2539.199951171875,2450.39990234375,2512.0,6893,0.0,0.0,0.0
2017-10-10 00:00:00-04:00,2472.800048828125,2516.0,2450.39990234375,2458.39990234375,8571,0.0,0.0,0.0
2017-10-11 00:00:00-04:00,2453.60009765625,2468.0,2400.800048828125,2407.199951171875,7838,0.0,0.0,0.0
2017-10-12 00:00:00-04:00,2412.800048828125,2432.0,2368.0,2392.800048828125,10236,0.0,0.0,0.0
2017-10-13 00:00:00-04:00,2367.199951171875,2373.60009765625,2328.0,2350.39990234375,9408,0.0,0.0,0.0
2017-10-16 00:00:00-04:00,2324.0,2342.39990234375,2302.39990234375,2308.0,12090,0.0,0.0,0.0
2017-10-17 00:00:00-04:00,2314.39990234375,2336.0,2303.199951171875,2315.199951171875,11624,0.0,0.0,0.0
2017-10-18 00:00:00-04:00,2302.39990234375,2307.199951171875,2286.39990234375,2302.39990234375,10766,0.0,0.0,0.0
2017-10-19 00:00:00-04:00,2378.39990234375,2403.199951171875,2283.199951171875,2286.39990234375,19344,0.0,0.0,0.0
2017-10-20 00:00:00-04:00,2252.0,2261.60009765625,2240.0,2244.0,11436,0.0,0.0,0.0
2017-10-23 00:00:00-04:00,2230.39990234375,2339.199951171875,2228.800048828125,2316.0,26998,0.0,0.0,0.0
2017-10-24 00:00:00-04:00,2277.60009765625,2352.0,2261.60009765625,2340.0,22533,0.0,0.0,0.0
2017-10-25 00:00:00-04:00,2368.0,2580.0,2356.800048828125,2417.60009765625,29643,0.0,0.0,0.0
2017-10-26 00:00:00-04:00,2382.39990234375,2411.199951171875,2350.39990234375,2406.39990234375,18224,0.0,0.0,0.0
2017-10-27 00:00:00-04:00,2346.39990234375,2387.199951171875,2264.800048828125,2274.39990234375,11694,0.0,0.0,0.0
2017-10-30 00:00:00-04:00,2346.39990234375,2351.199951171875,2252.800048828125,2294.39990234375,17746,0.0,0.0,0.0
2017-10-31 00:00:00-04:00,2276.0,2288.800048828125,2246.39990234375,2252.800048828125,9553,0.0,0.0,0.0
2017-11-01 00:00:00-04:00,2232.0,2287.199951171875,2224.800048828125,2264.800048828125,11964,0.0,0.0,0.0
2017-11-02 00:00:00-04:00,2264.0,2331.199951171875,2236.800048828125,2240.0,14805,0.0,0.0,0.0
2017-11-03 00:00:00-04:00,2228.0,2257.60009765625,2220.800048828125,2235.199951171875,12359,0.0,0.0,0.0
2017-11-06 00:00:00-05:00,2230.39990234375,2233.60009765625,2210.39990234375,2213.60009765625,9158,0.0,0.0,0.0
2017-11-07 00:00:00-05:00,2212.800048828125,2268.0,2199.199951171875,2227.199951171875,13419,0.0,0.0,0.0
2017-11-08 00:00:00-05:00,2244.800048828125,2262.39990234375,2204.0,2228.0,8095,0.0,0.0,0.0
2017-11-09 00:00:00-05:00,2314.39990234375,2384.0,2256.0,2261.60009765625,26104,0.0,0.0,0.0
2017-11-10 00:00:00-05:00,2287.199951171875,2328.800048828125,2272.0,2312.0,10589,0.0,0.0,0.0
2017-11-13 00:00:00-05:00,2355.199951171875,2355.199951171875,2282.39990234375,2319.199951171875,8360,0.0,0.0,0.0
2017-11-14 00:00:00-05:00,2355.199951171875,2398.39990234375,2326.39990234375,2337.60009765625,14594,0.0,0.0,0.0
2017-11-15 00:00:00-05:00,2406.39990234375,2464.0,2372.0,2423.199951171875,15578,0.0,0.0,0.0
2017-11-16 00:00:00-05:00,2345.60009765625,2345.60009765625,2297.60009765625,2324.800048828125,15609,0.0,0.0,0.0
2017-11-17 00:00:00-05:00,2324.0,2328.0,2273.60009765625,2288.0,15094,0.0,0.0,0.0
2017-11-20 00:00:00-05:00,2256.800048828125,2262.39990234375,2212.0,2216.0,12951,0.0,0.0,0.0
2017-11-21 00:00:00-05:00,2169.60009765625,2176.800048828125,2117.60009765625,2129.60009765625,19724,0.0,0.0,0.0
2017-11-22 00:00:00-05:00,2110.39990234375,2130.39990234375,2097.60009765625,2111.199951171875,12703,0.0,0.0,0.0
2017-11-24 00:00:00-05:00,2096.800048828125,2106.39990234375,2090.39990234375,2101.60009765625,3899,0.0,0.0,0.0
2017-11-27 00:00:00-05:00,2108.0,2120.800048828125,2084.800048828125,2096.800048828125,10026,0.0,0.0,0.0
2017-11-28 00:00:00-05:00,2077.60009765625,2100.0,2059.199951171875,2068.800048828125,19770,0.0,0.0,0.0
2017-11-29 00:00:00-05:00,2072.800048828125,2139.199951171875,2071.199951171875,2116.0,20904,0.0,0.0,0.0
2017-11-30 00:00:00-05:00,2078.39990234375,2146.39990234375,2076.800048828125,2122.39990234375,17324,0.0,0.0,0.0
2017-12-01 00:00:00-05:00,2144.800048828125,2400.0,2123.199951171875,2180.800048828125,53209,0.0,0.0,0.0
2017-12-04 00:00:00-05:00,2083.199951171875,2164.800048828125,2066.39990234375,2163.199951171875,23868,0.0,0.0,0.0
2017-12-05 00:00:00-05:00,2143.199951171875,2176.0,2097.60009765625,2153.60009765625,18776,0.0,0.0,0.0
2017-12-06 00:00:00-05:00,2182.39990234375,2190.39990234375,2141.60009765625,2152.800048828125,16301,0.0,0.0,0.0
2017-12-07 00:00:00-05:00,2152.0,2154.39990234375,2076.0,2080.800048828125,15039,0.0,0.0,0.0
2017-12-08 00:00:00-05:00,2048.800048828125,2053.60009765625,2011.199951171875,2015.199951171875,16180,0.0,0.0,0.0
2017-12-11 00:00:00-05:00,2005.5999755859375,2008.0,1943.199951171875,1945.5999755859375,12713,0.0,0.0,0.0
2017-12-12 00:00:00-05:00,1936.800048828125,1955.199951171875,1929.5999755859375,1950.4000244140625,11433,0.0,0.0,0.0
2017-12-13 00:00:00-05:00,1933.5999755859375,1952.0,1927.199951171875,1943.199951171875,7335,0.0,0.0,0.0
2017-12-14 00:00:00-05:00,1933.5999755859375,1967.199951171875,1924.0,1934.4000244140625,11434,0.0,0.0,0.0
2017-12-15 00:00:00-05:00,1919.199951171875,1920.800048828125,1854.4000244140625,1868.800048828125,15924,0.0,0.0,0.0
2017-12-18 00:00:00-05:00,1844.0,1857.5999755859375,1826.4000244140625,1843.199951171875,15150,0.0,0.0,0.0
2017-12-19 00:00:00-05:00,1839.199951171875,1872.800048828125,1838.4000244140625,1851.199951171875,13038,0.0,0.0,0.0
2017-12-20 00:00:00-05:00,1819.199951171875,1853.5999755859375,1818.4000244140625,1845.5999755859375,19839,0.0,0.0,0.0
2017-12-21 00:00:00-05:00,1837.5999755859375,1856.800048828125,1827.199951171875,1831.199951171875,18305,0.0,0.0,0.0
2017-12-22 00:00:00-05:00,1828.800048828125,1856.800048828125,1820.0,1842.4000244140625,6283,0.0,0.0,0.0
2017-12-26 00:00:00-05:00,1858.4000244140625,1860.800048828125,1823.199951171875,1842.4000244140625,6091,0.0,0.0,0.0
2017-12-27 00:00:00-05:00,1836.0,1860.0,1815.199951171875,1852.800048828125,11819,0.0,0.0,0.0
2017-12-28 00:00:00-05:00,1843.199951171875,1845.5999755859375,1822.4000244140625,1822.4000244140625,6848,0.0,0.0,0.0
2017-12-29 00:00:00-05:00,1814.4000244140625,1859.199951171875,1814.4000244140625,1852.0,10918,0.0,0.0,0.0
2018-01-02 00:00:00-05:00,1842.4000244140625,1851.199951171875,1784.800048828125,1786.4000244140625,11815,0.0,0.0,0.0
2018-01-03 00:00:00-05:00,1765.5999755859375,1765.5999755859375,1743.199951171875,1751.199951171875,10443,0.0,0.0,0.0
2018-01-04 00:00:00-05:00,1732.800048828125,1751.199951171875,1725.5999755859375,1745.5999755859375,10653,0.0,0.0,0.0
2018-01-05 00:00:00-05:00,1741.5999755859375,1754.4000244140625,1740.0,1746.4000244140625,9666,0.0,0.0,0.0
2018-01-08 00:00:00-05:00,1741.5999755859375,1748.800048828125,1708.800048828125,1724.0,8678,0.0,0.0,0.0
2018-01-09 00:00:00-05:00,1712.800048828125,1743.199951171875,1708.0,1741.5999755859375,9781,0.0,0.0,0.0
2018-01-10 00:00:00-05:00,1762.4000244140625,1784.0,1715.199951171875,1724.800048828125,16350,0.0,0.0,0.0
2018-01-11 00:00:00-05:00,1708.800048828125,1720.0,1699.199951171875,1714.4000244140625,8331,0.0,0.0,0.0
2018-01-12 00:00:00-05:00,1707.199951171875,1721.5999755859375,1702.4000244140625,1715.199951171875,11370,0.0,0.0,0.0
2018-01-16 00:00:00-05:00,1726.4000244140625,1839.199951171875,1722.4000244140625,1820.800048828125,33680,0.0,0.0,0.0
2018-01-17 00:00:00-05:00,1800.0,1851.199951171875,1742.4000244140625,1778.4000244140625,33088,0.0,0.0,0.0
2018-01-18 00:00:00-05:00,1809.5999755859375,1846.4000244140625,1760.0,1787.199951171875,33364,0.0,0.0,0.0
2018-01-19 00:00:00-05:00,1782.4000244140625,1816.800048828125,1774.4000244140625,1780.800048828125,18045,0.0,0.0,0.0
2018-01-22 00:00:00-05:00,1793.5999755859375,1793.5999755859375,1728.0,1743.199951171875,15001,0.0,0.0,0.0
2018-01-23 00:00:00-05:00,1761.5999755859375,1790.4000244140625,1747.199951171875,1771.199951171875,20399,0.0,0.0,0.0
2018-01-24 00:00:00-05:00,1781.5999755859375,1864.800048828125,1780.0,1817.5999755859375,29870,0.0,0.0,0.0
2018-01-25 00:00:00-05:00,1808.0,1878.4000244140625,1806.4000244140625,1848.0,22236,0.0,0.0,0.0
2018-01-26 00:00:00-05:00,1830.4000244140625,1859.199951171875,1825.5999755859375,1834.4000244140625,13913,0.0,0.0,0.0
2018-01-29 00:00:00-05:00,1879.199951171875,1972.0,1804.0,1968.0,19924,0.0,0.0,0.0
2018-01-30 00:00:00-05:00,2036.0,2122.39990234375,2000.0,2030.4000244140625,53683,0.0,0.0,0.0
2018-01-31 00:00:00-05:00,1986.4000244140625,2048.0,1958.4000244140625,1984.0,29066,0.0,0.0,0.0
2018-02-01 00:00:00-05:00,2000.0,2019.199951171875,1860.0,1923.199951171875,41044,0.0,0.0,0.0
2018-02-02 00:00:00-05:00,1981.5999755859375,2224.0,1981.5999755859375,2184.800048828125,95999,0.0,0.0,0.0
2018-02-05 00:00:00-05:00,2295.199951171875,2956.800048828125,2140.0,2932.800048828125,126070,0.0,0.0,0.0
2018-02-06 00:00:00-05:00,3606.39990234375,3668.800048828125,2800.0,2837.60009765625,127153,0.0,0.0,0.0
2018-02-07 00:00:00-05:00,2979.199951171875,3008.0,2695.199951171875,2949.60009765625,94943,0.0,0.0,0.0
2018-02-08 00:00:00-05:00,2978.39990234375,3668.800048828125,2966.39990234375,3661.60009765625,113715,0.0,0.0,0.0
2018-02-09 00:00:00-05:00,3352.800048828125,3747.199951171875,3224.0,3312.800048828125,44741,0.0,0.0,0.0
2018-02-12 00:00:00-05:00,3199.199951171875,3360.0,3120.800048828125,3174.39990234375,40290,0.0,0.0,0.0
2018-02-13 00:00:00-05:00,3257.60009765625,3298.39990234375,3145.60009765625,3177.60009765625,46545,0.0,0.0,0.0
2018-02-14 00:00:00-05:00,3159.199951171875,3176.0,2798.39990234375,2806.39990234375,56664,0.0,0.0,0.0
2018-02-15 00:00:00-05:00,2716.0,2864.0,2705.60009765625,2752.0,25289,0.0,0.0,0.0
2018-02-16 00:00:00-05:00,2833.60009765625,2844.800048828125,2676.800048828125,2790.39990234375,50479,0.0,0.0,0.0
2018-02-20 00:00:00-05:00,2888.800048828125,2984.800048828125,2832.800048828125,2911.199951171875,38248,0.0,0.0,0.0
2018-02-21 00:00:00-05:00,2872.800048828125,2964.0,2716.0,2949.60009765625,40405,0.0,0.0,0.0
2018-02-22 00:00:00-05:00,2869.60009765625,2963.199951171875,2824.800048828125,2899.199951171875,30541,0.0,0.0,0.0
2018-02-23 00:00:00-05:00,2832.800048828125,2853.60009765625,2676.800048828125,2679.199951171875,27099,0.0,0.0,0.0
2018-02-26 00:00:00-05:00,2610.39990234375,2646.39990234375,2560.0,2568.0,22285,0.0,0.0,0.0
2018-02-27 00:00:00-05:00,2611.199951171875,2840.0,2578.39990234375,2809.60009765625,34391,0.0,0.0,0.0
2018-02-28 00:00:00-05:00,2728.800048828125,2940.800048828125,2720.0,2935.199951171875,30486,0.0,0.0,0.0
2018-03-01 00:00:00-05:00,2928.800048828125,3269.60009765625,2902.39990234375,3134.39990234375,55483,0.0,0.0,0.0
2018-03-02 00:00:00-05:00,3284.800048828125,3356.800048828125,2980.0,3009.60009765625,37653,0.0,0.0,0.0
2018-03-05 00:00:00-05:00,3063.199951171875,3064.800048828125,2848.0,2869.60009765625,34020,0.0,0.0,0.0
2018-03-06 00:00:00-05:00,2849.60009765625,2993.60009765625,2848.0,2891.199951171875,23576,0.0,0.0,0.0
2018-03-07 00:00:00-05:00,3010.39990234375,3028.800048828125,2844.800048828125,2858.39990234375,27314,0.0,0.0,0.0
2018-03-08 00:00:00-05:00,2816.0,2848.800048828125,2750.39990234375,2752.0,15605,0.0,0.0,0.0
2018-03-09 00:00:00-05:00,2712.0,2712.0,2532.800048828125,2533.60009765625,20533,0.0,0.0,0.0
2018-03-12 00:00:00-04:00,2580.0,2667.199951171875,2559.199951171875,2639.199951171875,16460,0.0,0.0,0.0
2018-03-13 00:00:00-04:00,2592.800048828125,2732.800048828125,2569.60009765625,2696.0,19743,0.0,0.0,0.0
2018-03-14 00:00:00-04:00,2652.800048828125,2793.60009765625,2646.39990234375,2749.60009765625,24909,0.0,0.0,0.0
2018-03-15 00:00:00-04:00,2713.60009765625,2777.60009765625,2640.800048828125,2664.800048828125,17826,0.0,0.0,0.0
2018-03-16 00:00:00-04:00,2648.800048828125,2653.60009765625,2559.199951171875,2621.60009765625,17051,0.0,0.0,0.0
2018-03-19 00:00:00-04:00,2676.800048828125,2995.199951171875,2672.0,2865.60009765625,48341,0.0,0.0,0.0
2018-03-20 00:00:00-04:00,2841.60009765625,2881.60009765625,2784.800048828125,2805.60009765625,24255,0.0,0.0,0.0
2018-03-21 00:00:00-04:00,2779.199951171875,2796.800048828125,2617.60009765625,2773.60009765625,41205,0.0,0.0,0.0
2018-03-22 00:00:00-04:00,2944.0,3168.0,2866.39990234375,3135.199951171875,57418,0.0,0.0,0.0
2018-03-23 00:00:00-04:00,3079.199951171875,3320.0,3005.60009765625,3312.0,63133,0.0,0.0,0.0
2018-03-26 00:00:00-04:00,3081.60009765625,3274.39990234375,3055.199951171875,3055.199951171875,43521,0.0,0.0,0.0
2018-03-27 00:00:00-04:00,3064.0,3350.39990234375,3062.39990234375,3300.0,44389,0.0,0.0,0.0
2018-03-28 00:00:00-04:00,3260.800048828125,3460.800048828125,3230.39990234375,3372.0,54286,0.0,0.0,0.0
2018-03-29 00:00:00-04:00,3292.0,3323.199951171875,3114.39990234375,3132.0,33441,0.0,0.0,0.0
2018-04-02 00:00:00-04:00,3222.39990234375,3560.800048828125,3188.800048828125,3429.60009765625,51538,0.0,0.0,0.0
2018-04-03 00:00:00-04:00,3344.800048828125,3436.0,3271.199951171875,3278.39990234375,34775,0.0,0.0,0.0
2018-04-04 00:00:00-04:00,3531.199951171875,3535.199951171875,3204.800048828125,3224.800048828125,38726,0.0,0.0,0.0
2018-04-05 00:00:00-04:00,3180.0,3220.800048828125,3090.39990234375,3104.800048828125,14929,0.0,0.0,0.0
2018-04-06 00:00:00-04:00,3204.0,3432.800048828125,3124.0,3299.199951171875,40203,0.0,0.0,0.0
2018-04-09 00:00:00-04:00,3241.60009765625,3320.800048828125,3196.0,3300.0,26368,0.0,0.0,0.0
2018-04-10 00:00:00-04:00,3198.39990234375,3302.39990234375,3184.800048828125,3216.800048828125,32233,0.0,0.0,0.0
2018-04-11 00:00:00-04:00,3300.800048828125,3302.39990234375,3204.0,3242.39990234375,20113,0.0,0.0,0.0
2018-04-12 00:00:00-04:00,3183.199951171875,3194.39990234375,3086.39990234375,3109.60009765625,20438,0.0,0.0,0.0
2018-04-13 00:00:00-04:00,3032.800048828125,3085.60009765625,2974.39990234375,2995.199951171875,19351,0.0,0.0,0.0
2018-04-16 00:00:00-04:00,2931.199951171875,2932.800048828125,2829.60009765625,2844.800048828125,18270,0.0,0.0,0.0
2018-04-17 00:00:00-04:00,2801.60009765625,2810.39990234375,2630.39990234375,2674.39990234375,21865,0.0,0.0,0.0
2018-04-18 00:00:00-04:00,2729.60009765625,2828.800048828125,2656.0,2684.0,23748,0.0,0.0,0.0
2018-04-19 00:00:00-04:00,2752.800048828125,2816.0,2694.39990234375,2724.800048828125,15031,0.0,0.0,0.0
2018-04-20 00:00:00-04:00,2713.60009765625,2836.0,2689.60009765625,2804.800048828125,19373,0.0,0.0,0.0
2018-04-23 00:00:00-04:00,2767.199951171875,2835.199951171875,2708.800048828125,2773.60009765625,12170,0.0,0.0,0.0
2018-04-24 00:00:00-04:00,2709.60009765625,3027.199951171875,2684.0,2919.199951171875,30280,0.0,0.0,0.0
2018-04-25 00:00:00-04:00,2932.800048828125,3033.60009765625,2922.39990234375,2941.60009765625,22605,0.0,0.0,0.0
2018-04-26 00:00:00-04:00,2872.0,2905.60009765625,2768.800048828125,2797.60009765625,11885,0.0,0.0,0.0
2018-04-27 00:00:00-04:00,2760.0,2847.199951171875,2730.39990234375,2743.199951171875,17474,0.0,0.0,0.0
2018-04-30 00:00:00-04:00,2713.60009765625,2760.800048828125,2664.800048828125,2746.39990234375,15709,0.0,0.0,0.0
2018-05-01 00:00:00-04:00,2770.39990234375,2804.0,2698.39990234375,2706.39990234375,15061,0.0,0.0,0.0
2018-05-02 00:00:00-04:00,2694.39990234375,2700.800048828125,2609.60009765625,2688.800048828125,12133,0.0,0.0,0.0
2018-05-03 00:00:00-04:00,2744.0,2905.60009765625,2715.199951171875,2741.60009765625,20631,0.0,0.0,0.0
2018-05-04 00:00:00-04:00,2777.60009765625,2803.199951171875,2642.39990234375,2656.0,11423,0.0,0.0,0.0
2018-05-07 00:00:00-04:00,2641.60009765625,2668.0,2611.199951171875,2639.199951171875,8466,0.0,0.0,0.0
2018-05-08 00:00:00-04:00,2661.60009765625,2684.800048828125,2623.199951171875,2631.199951171875,10811,0.0,0.0,0.0
2018-05-09 00:00:00-04:00,2608.800048828125,2619.199951171875,2521.60009765625,2521.60009765625,13415,0.0,0.0,0.0
2018-05-10 00:00:00-04:00,2506.39990234375,2506.39990234375,2389.60009765625,2408.800048828125,11000,0.0,0.0,0.0
2018-05-11 00:00:00-04:00,2409.60009765625,2433.60009765625,2367.199951171875,2369.60009765625,12736,0.0,0.0,0.0
2018-05-14 00:00:00-04:00,2341.60009765625,2347.199951171875,2281.60009765625,2291.199951171875,15159,0.0,0.0,0.0
2018-05-15 00:00:00-04:00,2384.0,2488.800048828125,2376.0,2453.60009765625,24635,0.0,0.0,0.0
2018-05-16 00:00:00-04:00,2416.0,2418.39990234375,2351.199951171875,2365.60009765625,13948,0.0,0.0,0.0
2018-05-17 00:00:00-04:00,2356.800048828125,2386.39990234375,2297.60009765625,2304.800048828125,13718,0.0,0.0,0.0
2018-05-18 00:00:00-04:00,2332.0,2374.39990234375,2313.60009765625,2335.199951171875,12416,0.0,0.0,0.0
2018-05-21 00:00:00-04:00,2248.800048828125,2286.39990234375,2212.0,2261.60009765625,14609,0.0,0.0,0.0
2018-05-22 00:00:00-04:00,2240.800048828125,2292.800048828125,2233.60009765625,2288.800048828125,11108,0.0,0.0,0.0
2018-05-23 00:00:00-04:00,2356.0,2388.0,2236.0,2247.199951171875,13078,0.0,0.0,0.0
2018-05-24 00:00:00-04:00,2256.0,2355.199951171875,2224.0,2234.39990234375,21386,0.0,0.0,0.0
2018-05-25 00:00:00-04:00,2268.800048828125,2284.0,2220.0,2263.199951171875,12723,0.0,0.0,0.0
2018-05-29 00:00:00-04:00,2368.0,2612.800048828125,2318.39990234375,2536.800048828125,38120,0.0,0.0,0.0
2018-05-30 00:00:00-04:00,2468.0,2476.0,2384.0,2412.800048828125,15908,0.0,0.0,0.0
2018-05-31 00:00:00-04:00,2431.199951171875,2507.199951171875,2405.60009765625,2444.800048828125,23743,0.0,0.0,0.0
2018-06-01 00:00:00-04:00,2344.0,2351.199951171875,2303.199951171875,2342.39990234375,18026,0.0,0.0,0.0
2018-06-04 00:00:00-04:00,2289.60009765625,2297.60009765625,2239.199951171875,2244.0,10284,0.0,0.0,0.0
2018-06-05 00:00:00-04:00,2243.199951171875,2268.0,2212.0,2219.199951171875,10321,0.0,0.0,0.0
2018-06-06 00:00:00-04:00,2200.0,2208.0,2131.199951171875,2134.39990234375,12661,0.0,0.0,0.0
2018-06-07 00:00:00-04:00,2123.199951171875,2240.0,2120.0,2165.60009765625,19574,0.0,0.0,0.0
2018-06-08 00:00:00-04:00,2208.800048828125,2216.0,2140.800048828125,2151.199951171875,15026,0.0,0.0,0.0
2018-06-11 00:00:00-04:00,2156.800048828125,2164.0,2108.0,2121.60009765625,14404,0.0,0.0,0.0
2018-06-12 00:00:00-04:00,2104.0,2140.800048828125,2092.0,2112.0,8523,0.0,0.0,0.0
2018-06-13 00:00:00-04:00,2085.60009765625,2142.39990234375,2077.60009765625,2140.0,11741,0.0,0.0,0.0
2018-06-14 00:00:00-04:00,2079.199951171875,2101.60009765625,2043.199951171875,2072.0,18535,0.0,0.0,0.0
2018-06-15 00:00:00-04:00,2110.39990234375,2148.0,2081.60009765625,2089.60009765625,16439,0.0,0.0,0.0
2018-06-18 00:00:00-04:00,2150.39990234375,2180.800048828125,2059.199951171875,2063.199951171875,15344,0.0,0.0,0.0
2018-06-19 00:00:00-04:00,2201.60009765625,2239.199951171875,2142.39990234375,2163.199951171875,25504,0.0,0.0,0.0
2018-06-20 00:00:00-04:00,2120.0,2125.60009765625,2090.39990234375,2115.199951171875,13965,0.0,0.0,0.0
2018-06-21 00:00:00-04:00,2128.0,2299.199951171875,2126.39990234375,2254.39990234375,26553,0.0,0.0,0.0
2018-06-22 00:00:00-04:00,2180.0,2215.199951171875,2160.0,2193.60009765625,13134,0.0,0.0,0.0
2018-06-25 00:00:00-04:00,2258.39990234375,2623.199951171875,2258.39990234375,2513.60009765625,46610,0.0,0.0,0.0
2018-06-26 00:00:00-04:00,2411.199951171875,2499.199951171875,2359.199951171875,2410.39990234375,22745,0.0,0.0,0.0
2018-06-27 00:00:00-04:00,2386.39990234375,2602.39990234375,2324.800048828125,2548.0,31698,0.0,0.0,0.0
2018-06-28 00:00:00-04:00,2565.60009765625,2673.60009765625,2473.60009765625,2509.60009765625,30421,0.0,0.0,0.0
2018-06-29 00:00:00-04:00,2422.39990234375,2445.60009765625,2360.800048828125,2441.60009765625,23200,0.0,0.0,0.0
2018-07-02 00:00:00-04:00,2560.0,2588.800048828125,2444.0,2453.60009765625,18601,0.0,0.0,0.0
2018-07-03 00:00:00-04:00,2394.39990234375,2492.800048828125,2375.199951171875,2472.800048828125,12715,0.0,0.0,0.0
2018-07-05 00:00:00-04:00,2406.39990234375,2471.199951171875,2379.199951171875,2381.60009765625,21400,0.0,0.0,0.0
2018-07-06 00:00:00-04:00,2383.199951171875,2387.199951171875,2252.800048828125,2262.39990234375,23216,0.0,0.0,0.0
2018-07-09 00:00:00-04:00,2200.800048828125,2202.39990234375,2127.199951171875,2140.800048828125,26785,0.0,0.0,0.0
2018-07-10 00:00:00-04:00,2122.39990234375,2163.199951171875,2095.199951171875,2100.800048828125,30955,0.0,0.0,0.0
2018-07-11 00:00:00-04:00,2203.199951171875,2209.60009765625,2140.0,2171.199951171875,24840,0.0,0.0,0.0
2018-07-12 00:00:00-04:00,2126.39990234375,2155.199951171875,2092.800048828125,2095.199951171875,21006,0.0,0.0,0.0
2018-07-13 00:00:00-04:00,2117.60009765625,2134.39990234375,2068.800048828125,2073.60009765625,19750,0.0,0.0,0.0
2018-07-16 00:00:00-04:00,2064.0,2096.800048828125,2045.5999755859375,2060.0,18085,0.0,0.0,0.0
2018-07-17 00:00:00-04:00,2092.0,2098.39990234375,2012.0,2036.0,18391,0.0,0.0,0.0
2018-07-18 00:00:00-04:00,2013.5999755859375,2065.60009765625,1996.800048828125,2018.4000244140625,17466,0.0,0.0,0.0
2018-07-19 00:00:00-04:00,2056.800048828125,2082.39990234375,2026.4000244140625,2057.60009765625,15179,0.0,0.0,0.0
2018-07-20 00:00:00-04:00,2088.800048828125,2092.0,2040.800048828125,2064.800048828125,18836,0.0,0.0,0.0
2018-07-23 00:00:00-04:00,2067.199951171875,2098.39990234375,2039.199951171875,2056.800048828125,9953,0.0,0.0,0.0
2018-07-24 00:00:00-04:00,1999.199951171875,2096.0,1992.0,2016.0,24006,0.0,0.0,0.0
2018-07-25 00:00:00-04:00,2041.5999755859375,2050.39990234375,1990.4000244140625,2009.5999755859375,17908,0.0,0.0,0.0
2018-07-26 00:00:00-04:00,2012.800048828125,2041.5999755859375,1992.800048828125,2015.199951171875,12625,0.0,0.0,0.0
2018-07-27 00:00:00-04:00,1998.4000244140625,2132.0,1996.800048828125,2071.199951171875,26783,0.0,0.0,0.0
2018-07-30 00:00:00-04:00,2057.60009765625,2156.0,2052.0,2129.60009765625,24459,0.0,0.0,0.0
2018-07-31 00:00:00-04:00,2080.0,2100.0,2057.60009765625,2070.39990234375,14756,0.0,0.0,0.0
2018-08-01 00:00:00-04:00,2044.800048828125,2070.39990234375,2016.800048828125,2052.0,19590,0.0,0.0,0.0
2018-08-02 00:00:00-04:00,2124.800048828125,2142.39990234375,2018.4000244140625,2030.4000244140625,22631,0.0,0.0,0.0
2018-08-03 00:00:00-04:00,2017.5999755859375,2030.4000244140625,1977.5999755859375,1999.199951171875,19794,0.0,0.0,0.0
2018-08-06 00:00:00-04:00,1984.0,1992.0,1919.199951171875,1920.800048828125,17638,0.0,0.0,0.0
2018-08-07 00:00:00-04:00,1897.5999755859375,1906.4000244140625,1876.0,1884.0,15485,0.0,0.0,0.0
2018-08-08 00:00:00-04:00,1882.4000244140625,1893.5999755859375,1841.5999755859375,1856.0,14781,0.0,0.0,0.0
2018-08-09 00:00:00-04:00,1852.800048828125,1883.199951171875,1834.4000244140625,1881.5999755859375,13579,0.0,0.0,0.0
2018-08-10 00:00:00-04:00,1965.5999755859375,2016.800048828125,1936.800048828125,1973.5999755859375,37455,0.0,0.0,0.0
2018-08-13 00:00:00-04:00,1996.0,2095.199951171875,1930.4000244140625,2092.800048828125,38009,0.0,0.0,0.0
2018-08-14 00:00:00-04:00,2047.199951171875,2082.39990234375,1983.199951171875,1984.800048828125,24888,0.0,0.0,0.0
2018-08-15 00:00:00-04:00,2088.0,2246.39990234375,2080.800048828125,2109.60009765625,61436,0.0,0.0,0.0
2018-08-16 00:00:00-04:00,2032.800048828125,2034.4000244140625,1965.5999755859375,1996.0,25174,0.0,0.0,0.0
2018-08-17 00:00:00-04:00,2016.800048828125,2039.199951171875,1936.0,1944.0,28450,0.0,0.0,0.0
2018-08-20 00:00:00-04:00,1903.199951171875,1922.4000244140625,1891.199951171875,1906.4000244140625,26580,0.0,0.0,0.0
2018-08-21 00:00:00-04:00,1894.4000244140625,1947.199951171875,1881.5999755859375,1947.199951171875,22640,0.0,0.0,0.0
2018-08-22 00:00:00-04:00,1944.800048828125,1947.199951171875,1904.0,1923.199951171875,19826,0.0,0.0,0.0
2018-08-23 00:00:00-04:00,1904.800048828125,1942.4000244140625,1881.5999755859375,1908.800048828125,27313,0.0,0.0,0.0
2018-08-24 00:00:00-04:00,1884.800048828125,1905.5999755859375,1870.4000244140625,1899.199951171875,19493,0.0,0.0,0.0
2018-08-27 00:00:00-04:00,1872.800048828125,1906.4000244140625,1868.0,1905.5999755859375,15764,0.0,0.0,0.0
2018-08-28 00:00:00-04:00,1888.800048828125,1924.800048828125,1882.4000244140625,1903.199951171875,17103,0.0,0.0,0.0
2018-08-29 00:00:00-04:00,1902.4000244140625,1921.5999755859375,1881.5999755859375,1903.199951171875,14029,0.0,0.0,0.0
2018-08-30 00:00:00-04:00,1906.4000244140625,1974.4000244140625,1888.0,1942.4000244140625,23248,0.0,0.0,0.0
2018-08-31 00:00:00-04:00,1963.199951171875,1970.4000244140625,1902.4000244140625,1915.199951171875,22378,0.0,0.0,0.0
2018-09-04 00:00:00-04:00,1927.199951171875,1982.4000244140625,1920.800048828125,1924.0,20060,0.0,0.0,0.0
2018-09-05 00:00:00-04:00,1944.800048828125,1995.199951171875,1928.0,1940.800048828125,19274,0.0,0.0,0.0
2018-09-06 00:00:00-04:00,1943.199951171875,2040.800048828125,1936.0,2000.800048828125,28403,0.0,0.0,0.0
2018-09-07 00:00:00-04:00,2040.800048828125,2065.60009765625,1996.800048828125,2034.4000244140625,27070,0.0,0.0,0.0
2018-09-10 00:00:00-04:00,1993.5999755859375,2001.5999755859375,1964.0,1978.4000244140625,14125,0.0,0.0,0.0
2018-09-11 00:00:00-04:00,2002.4000244140625,2013.5999755859375,1914.4000244140625,1916.800048828125,22468,0.0,0.0,0.0
2018-09-12 00:00:00-04:00,1913.5999755859375,1924.0,1881.5999755859375,1894.4000244140625,20979,0.0,0.0,0.0
2018-09-13 00:00:00-04:00,1853.5999755859375,1856.800048828125,1836.800048828125,1839.199951171875,19675,0.0,0.0,0.0
2018-09-14 00:00:00-04:00,1828.800048828125,1848.800048828125,1799.199951171875,1804.0,19798,0.0,0.0,0.0
2018-09-17 00:00:00-04:00,1800.800048828125,1860.0,1792.800048828125,1853.5999755859375,28663,0.0,0.0,0.0
2018-09-18 00:00:00-04:00,1840.800048828125,1852.800048828125,1811.199951171875,1850.4000244140625,16619,0.0,0.0,0.0
2018-09-19 00:00:00-04:00,1798.4000244140625,1798.4000244140625,1768.800048828125,1784.0,22623,0.0,0.0,0.0
2018-09-20 00:00:00-04:00,1758.4000244140625,1765.5999755859375,1740.0,1756.0,25219,0.0,0.0,0.0
2018-09-21 00:00:00-04:00,1751.199951171875,1764.0,1731.199951171875,1757.5999755859375,19596,0.0,0.0,0.0
2018-09-24 00:00:00-04:00,1768.0,1801.5999755859375,1752.0,1757.5999755859375,18828,0.0,0.0,0.0
2018-09-25 00:00:00-04:00,1736.0,1780.0,1728.0,1772.800048828125,11783,0.0,0.0,0.0
2018-09-26 00:00:00-04:00,1753.5999755859375,1806.4000244140625,1733.5999755859375,1790.4000244140625,23570,0.0,0.0,0.0
2018-09-27 00:00:00-04:00,1768.800048828125,1774.4000244140625,1746.4000244140625,1758.4000244140625,14458,0.0,0.0,0.0
2018-09-28 00:00:00-04:00,1780.800048828125,1788.0,1755.199951171875,1755.199951171875,15330,0.0,0.0,0.0
2018-10-01 00:00:00-04:00,1712.0,1760.800048828125,1701.5999755859375,1736.800048828125,16671,0.0,0.0,0.0
2018-10-02 00:00:00-04:00,1740.800048828125,1756.800048828125,1719.199951171875,1740.0,12228,0.0,0.0,0.0
2018-10-03 00:00:00-04:00,1716.800048828125,1748.0,1713.5999755859375,1723.199951171875,16854,0.0,0.0,0.0
2018-10-04 00:00:00-04:00,1754.4000244140625,1900.0,1754.4000244140625,1829.5999755859375,45769,0.0,0.0,0.0
2018-10-05 00:00:00-04:00,1809.5999755859375,1972.0,1778.4000244140625,1867.199951171875,65403,0.0,0.0,0.0
2018-10-08 00:00:00-04:00,1920.0,2011.199951171875,1876.0,1887.199951171875,49378,0.0,0.0,0.0
2018-10-09 00:00:00-04:00,1936.0,1963.199951171875,1868.0,1921.5999755859375,42191,0.0,0.0,0.0
2018-10-10 00:00:00-04:00,1955.199951171875,2263.199951171875,1954.4000244140625,2235.199951171875,89503,0.0,0.0,0.0
2018-10-11 00:00:00-04:00,2208.0,2539.199951171875,2150.39990234375,2434.39990234375,140315,0.0,0.0,0.0
2018-10-12 00:00:00-04:00,2200.0,2460.800048828125,2194.39990234375,2240.800048828125,83433,0.0,0.0,0.0
2018-10-15 00:00:00-04:00,2297.60009765625,2348.800048828125,2216.0,2272.800048828125,53541,0.0,0.0,0.0
2018-10-16 00:00:00-04:00,2201.60009765625,2224.800048828125,2104.0,2115.199951171875,42384,0.0,0.0,0.0
2018-10-17 00:00:00-04:00,2106.39990234375,2259.199951171875,2105.60009765625,2139.199951171875,40606,0.0,0.0,0.0
2018-10-18 00:00:00-04:00,2160.0,2357.60009765625,2160.0,2282.39990234375,58191,0.0,0.0,0.0
2018-10-19 00:00:00-04:00,2256.800048828125,2336.0,2202.39990234375,2260.800048828125,33494,0.0,0.0,0.0
2018-10-22 00:00:00-04:00,2241.60009765625,2372.800048828125,2237.60009765625,2275.199951171875,30573,0.0,0.0,0.0
2018-10-23 00:00:00-04:00,2472.0,2540.0,2319.199951171875,2365.60009765625,51184,0.0,0.0,0.0
2018-10-24 00:00:00-04:00,2348.800048828125,2599.199951171875,2335.199951171875,2576.0,41796,0.0,0.0,0.0
2018-10-25 00:00:00-04:00,2526.39990234375,2600.0,2442.39990234375,2492.800048828125,37081,0.0,0.0,0.0
2018-10-26 00:00:00-04:00,2661.60009765625,2743.199951171875,2548.0,2646.39990234375,61023,0.0,0.0,0.0
2018-10-29 00:00:00-04:00,2545.60009765625,2777.60009765625,2500.800048828125,2649.60009765625,39141,0.0,0.0,0.0
2018-10-30 00:00:00-04:00,2670.39990234375,2695.199951171875,2547.199951171875,2559.199951171875,30619,0.0,0.0,0.0
2018-10-31 00:00:00-04:00,2503.199951171875,2540.800048828125,2432.0,2476.0,24816,0.0,0.0,0.0
2018-11-01 00:00:00-04:00,2478.39990234375,2521.60009765625,2391.199951171875,2396.800048828125,19159,0.0,0.0,0.0
2018-11-02 00:00:00-04:00,2356.800048828125,2506.39990234375,2319.199951171875,2412.800048828125,24799,0.0,0.0,0.0
2018-11-05 00:00:00-05:00,2418.39990234375,2435.199951171875,2364.0,2387.199951171875,14174,0.0,0.0,0.0
2018-11-06 00:00:00-05:00,2397.60009765625,2397.60009765625,2309.60009765625,2309.60009765625,11655,0.0,0.0,0.0
2018-11-07 00:00:00-05:00,2225.60009765625,2227.199951171875,2141.60009765625,2146.39990234375,18034,0.0,0.0,0.0
2018-11-08 00:00:00-05:00,2144.800048828125,2162.39990234375,2079.199951171875,2128.0,17019,0.0,0.0,0.0
2018-11-09 00:00:00-05:00,2170.39990234375,2252.800048828125,2152.0,2193.60009765625,16665,0.0,0.0,0.0
2018-11-12 00:00:00-05:00,2196.800048828125,2387.199951171875,2188.800048828125,2372.0,19958,0.0,0.0,0.0
2018-11-13 00:00:00-05:00,2376.0,2456.0,2326.39990234375,2393.60009765625,24991,0.0,0.0,0.0
2018-11-14 00:00:00-05:00,2345.60009765625,2522.39990234375,2337.60009765625,2452.800048828125,28999,0.0,0.0,0.0
2018-11-15 00:00:00-05:00,2499.199951171875,2560.0,2411.199951171875,2428.800048828125,23953,0.0,0.0,0.0
2018-11-16 00:00:00-05:00,2466.39990234375,2490.39990234375,2307.199951171875,2316.0,20705,0.0,0.0,0.0
2018-11-19 00:00:00-05:00,2316.800048828125,2466.39990234375,2299.199951171875,2453.60009765625,22143,0.0,0.0,0.0
2018-11-20 00:00:00-05:00,2598.39990234375,2656.800048828125,2550.39990234375,2596.0,36133,0.0,0.0,0.0
2018-11-21 00:00:00-05:00,2532.800048828125,2566.39990234375,2494.39990234375,2533.60009765625,17654,0.0,0.0,0.0
2018-11-23 00:00:00-05:00,2579.199951171875,2596.800048828125,2523.199951171875,2550.39990234375,7424,0.0,0.0,0.0
2018-11-26 00:00:00-05:00,2490.39990234375,2495.199951171875,2404.0,2405.60009765625,15588,0.0,0.0,0.0
2018-11-27 00:00:00-05:00,2431.199951171875,2456.0,2352.0,2359.199951171875,13010,0.0,0.0,0.0
2018-11-28 00:00:00-05:00,2325.60009765625,2383.199951171875,2270.39990234375,2291.199951171875,17004,0.0,0.0,0.0
2018-11-29 00:00:00-05:00,2328.800048828125,2417.60009765625,2300.800048828125,2336.0,13745,0.0,0.0,0.0
2018-11-30 00:00:00-05:00,2352.0,2361.60009765625,2255.199951171875,2269.60009765625,11914,0.0,0.0,0.0
2018-12-03 00:00:00-05:00,2108.0,2172.0,2095.199951171875,2145.60009765625,18260,0.0,0.0,0.0
2018-12-04 00:00:00-05:00,2165.60009765625,2462.39990234375,2122.39990234375,2421.60009765625,32459,0.0,0.0,0.0
2018-12-06 00:00:00-05:00,2620.0,2741.60009765625,2465.60009765625,2472.0,36774,0.0,0.0,0.0
2018-12-07 00:00:00-05:00,2484.0,2700.0,2431.199951171875,2658.39990234375,27759,0.0,0.0,0.0
2018-12-10 00:00:00-05:00,2658.39990234375,2792.0,2608.800048828125,2645.60009765625,25150,0.0,0.0,0.0
2018-12-11 00:00:00-05:00,2545.60009765625,2720.0,2541.60009765625,2632.800048828125,18250,0.0,0.0,0.0
2018-12-12 00:00:00-05:00,2553.60009765625,2611.199951171875,2523.199951171875,2611.199951171875,14141,0.0,0.0,0.0
2018-12-13 00:00:00-05:00,2568.0,2628.0,2540.0,2568.0,8718,0.0,0.0,0.0
2018-12-14 00:00:00-05:00,2627.199951171875,2691.199951171875,2597.60009765625,2669.60009765625,10208,0.0,0.0,0.0
2018-12-17 00:00:00-05:00,2699.199951171875,2858.39990234375,2560.0,2806.39990234375,23105,0.0,0.0,0.0
2018-12-18 00:00:00-05:00,2749.60009765625,2893.60009765625,2747.199951171875,2820.800048828125,14898,0.0,0.0,0.0
2018-12-19 00:00:00-05:00,2812.800048828125,2892.0,2679.199951171875,2809.60009765625,22970,0.0,0.0,0.0
2018-12-20 00:00:00-05:00,2876.800048828125,3037.60009765625,2828.800048828125,2952.800048828125,22515,0.0,0.0,0.0
2018-12-21 00:00:00-05:00,2952.800048828125,3138.39990234375,2908.800048828125,3106.39990234375,25315,0.0,0.0,0.0
2018-12-24 00:00:00-05:00,3136.0,3254.39990234375,3124.0,3254.39990234375,18720,0.0,0.0,0.0
2018-12-26 00:00:00-05:00,3230.39990234375,3315.199951171875,3076.0,3083.199951171875,28001,0.0,0.0,0.0
2018-12-27 00:00:00-05:00,3268.0,3421.60009765625,3188.0,3209.60009765625,30389,0.0,0.0,0.0
2018-12-28 00:00:00-05:00,3217.60009765625,3313.60009765625,3133.60009765625,3212.0,19628,0.0,0.0,0.0
2018-12-31 00:00:00-05:00,3124.800048828125,3165.60009765625,3087.199951171875,3088.800048828125,15449,0.0,0.0,0.0
2019-01-02 00:00:00-05:00,3201.60009765625,3212.0,2984.0,2996.800048828125,24051,0.0,0.0,0.0
2019-01-03 00:00:00-05:00,3060.800048828125,3203.199951171875,3048.0,3137.60009765625,14864,0.0,0.0,0.0
2019-01-04 00:00:00-05:00,3005.60009765625,3031.199951171875,2880.0,2885.60009765625,20986,0.0,0.0,0.0
2019-01-07 00:00:00-05:00,2862.39990234375,2904.800048828125,2787.199951171875,2824.800048828125,14820,0.0,0.0,0.0
2019-01-08 00:00:00-05:00,2775.199951171875,2870.39990234375,2756.800048828125,2765.60009765625,12603,0.0,0.0,0.0
2019-01-09 00:00:00-05:00,2741.60009765625,2762.39990234375,2668.0,2701.60009765625,14840,0.0,0.0,0.0
2019-01-10 00:00:00-05:00,2746.39990234375,2782.39990234375,2672.800048828125,2673.60009765625,15591,0.0,0.0,0.0
2019-01-11 00:00:00-05:00,2707.199951171875,2718.39990234375,2582.39990234375,2586.39990234375,14375,0.0,0.0,0.0
2019-01-14 00:00:00-05:00,2655.199951171875,2660.800048828125,2555.199951171875,2596.800048828125,14930,0.0,0.0,0.0
2019-01-15 00:00:00-05:00,2581.60009765625,2581.60009765625,2475.199951171875,2480.0,12386,0.0,0.0,0.0
2019-01-16 00:00:00-05:00,2457.60009765625,2525.60009765625,2441.60009765625,2524.800048828125,13170,0.0,0.0,0.0
2019-01-17 00:00:00-05:00,2544.0,2546.39990234375,2460.800048828125,2499.199951171875,11859,0.0,0.0,0.0
2019-01-18 00:00:00-05:00,2430.39990234375,2464.800048828125,2391.199951171875,2436.0,12613,0.0,0.0,0.0
2019-01-22 00:00:00-05:00,2464.0,2689.60009765625,2460.0,2659.199951171875,26998,0.0,0.0,0.0
2019-01-23 00:00:00-05:00,2610.39990234375,2796.800048828125,2604.800048828125,2633.60009765625,21564,0.0,0.0,0.0
2019-01-24 00:00:00-05:00,2642.39990234375,2673.60009765625,2543.199951171875,2548.800048828125,16798,0.0,0.0,0.0
2019-01-25 00:00:00-05:00,2488.0,2504.800048828125,2440.800048828125,2451.199951171875,17711,0.0,0.0,0.0
2019-01-28 00:00:00-05:00,2542.39990234375,2631.199951171875,2536.800048828125,2556.0,24831,0.0,0.0,0.0
2019-01-29 00:00:00-05:00,2518.39990234375,2584.0,2500.800048828125,2546.39990234375,23796,0.0,0.0,0.0
2019-01-30 00:00:00-05:00,2507.199951171875,2548.0,2426.39990234375,2432.800048828125,26389,0.0,0.0,0.0
2019-01-31 00:00:00-05:00,2428.800048828125,2428.800048828125,2328.800048828125,2332.0,21964,0.0,0.0,0.0
2019-02-01 00:00:00-05:00,2324.800048828125,2342.39990234375,2294.39990234375,2308.800048828125,17591,0.0,0.0,0.0
2019-02-04 00:00:00-05:00,2300.0,2312.800048828125,2225.60009765625,2236.0,11825,0.0,0.0,0.0
2019-02-05 00:00:00-05:00,2216.0,2234.39990234375,2168.0,2220.0,11730,0.0,0.0,0.0
2019-02-06 00:00:00-05:00,2198.39990234375,2229.60009765625,2177.60009765625,2204.0,13920,0.0,0.0,0.0
2019-02-07 00:00:00-05:00,2272.800048828125,2368.800048828125,2238.39990234375,2280.800048828125,26594,0.0,0.0,0.0
2019-02-08 00:00:00-05:00,2332.800048828125,2354.39990234375,2250.39990234375,2253.60009765625,20466,0.0,0.0,0.0
2019-02-11 00:00:00-05:00,2225.60009765625,2262.39990234375,2205.60009765625,2228.0,17196,0.0,0.0,0.0
2019-02-12 00:00:00-05:00,2175.199951171875,2202.39990234375,2161.60009765625,2188.0,17760,0.0,0.0,0.0
2019-02-13 00:00:00-05:00,2172.0,2206.39990234375,2160.0,2180.800048828125,17753,0.0,0.0,0.0
2019-02-14 00:00:00-05:00,2233.60009765625,2271.199951171875,2180.0,2220.0,23981,0.0,0.0,0.0
2019-02-15 00:00:00-05:00,2176.800048828125,2193.60009765625,2140.800048828125,2144.800048828125,19896,0.0,0.0,0.0
2019-02-19 00:00:00-05:00,2184.800048828125,2190.39990234375,2121.60009765625,2149.60009765625,23638,0.0,0.0,0.0
2019-02-20 00:00:00-05:00,2132.0,2135.199951171875,2062.39990234375,2066.39990234375,29021,0.0,0.0,0.0
2019-02-21 00:00:00-05:00,2071.199951171875,2122.39990234375,2036.800048828125,2087.199951171875,23185,0.0,0.0,0.0
2019-02-22 00:00:00-05:00,2054.39990234375,2060.0,2007.199951171875,2010.4000244140625,18201,0.0,0.0,0.0
2019-02-25 00:00:00-05:00,1960.800048828125,2048.800048828125,1944.800048828125,2048.0,17684,0.0,0.0,0.0
2019-02-26 00:00:00-05:00,2080.0,2091.199951171875,2032.800048828125,2066.39990234375,16764,0.0,0.0,0.0
2019-02-27 00:00:00-05:00,2088.0,2142.39990234375,2052.0,2069.60009765625,23080,0.0,0.0,0.0
2019-02-28 00:00:00-05:00,2072.800048828125,2076.0,2027.199951171875,2065.60009765625,21780,0.0,0.0,0.0
2019-03-01 00:00:00-05:00,2012.0,2051.199951171875,1971.199951171875,1973.5999755859375,20665,0.0,0.0,0.0
2019-03-04 00:00:00-05:00,1948.800048828125,2124.800048828125,1924.800048828125,2021.5999755859375,38604,0.0,0.0,0.0
2019-03-05 00:00:00-05:00,2012.0,2064.0,2006.4000244140625,2034.4000244140625,23301,0.0,0.0,0.0
2019-03-06 00:00:00-05:00,2032.800048828125,2104.800048828125,2032.0,2086.39990234375,30130,0.0,0.0,0.0
2019-03-07 00:00:00-05:00,2116.800048828125,2214.39990234375,2114.39990234375,2172.800048828125,47485,0.0,0.0,0.0
2019-03-08 00:00:00-05:00,2243.199951171875,2276.800048828125,2184.800048828125,2185.60009765625,40705,0.0,0.0,0.0
2019-03-11 00:00:00-04:00,2144.0,2144.0,2020.0,2027.199951171875,36583,0.0,0.0,0.0
2019-03-12 00:00:00-04:00,2007.199951171875,2016.0,1968.0,1968.0,37589,0.0,0.0,0.0
2019-03-13 00:00:00-04:00,1960.0,1967.199951171875,1932.800048828125,1948.0,25505,0.0,0.0,0.0
2019-03-14 00:00:00-04:00,1949.5999755859375,1953.5999755859375,1910.4000244140625,1917.5999755859375,19758,0.0,0.0,0.0
2019-03-15 00:00:00-04:00,1905.5999755859375,1913.5999755859375,1856.0,1880.0,21254,0.0,0.0,0.0
2019-03-18 00:00:00-04:00,1894.4000244140625,1924.0,1869.5999755859375,1884.800048828125,19055,0.0,0.0,0.0
2019-03-19 00:00:00-04:00,1854.4000244140625,1928.0,1850.4000244140625,1900.0,30065,0.0,0.0,0.0
2019-03-20 00:00:00-04:00,1900.0,1941.5999755859375,1857.5999755859375,1917.5999755859375,36020,0.0,0.0,0.0
2019-03-21 00:00:00-04:00,1946.4000244140625,1946.4000244140625,1870.4000244140625,1888.800048828125,25234,0.0,0.0,0.0
2019-03-22 00:00:00-04:00,1932.800048828125,2123.199951171875,1912.0,2108.0,76685,0.0,0.0,0.0
2019-03-25 00:00:00-04:00,2108.800048828125,2170.39990234375,2068.800048828125,2112.0,62834,0.0,0.0,0.0
2019-03-26 00:00:00-04:00,2029.5999755859375,2053.60009765625,1988.0,1999.199951171875,31690,0.0,0.0,0.0
2019-03-27 00:00:00-04:00,1995.199951171875,2111.199951171875,1980.800048828125,2029.5999755859375,39406,0.0,0.0,0.0
2019-03-28 00:00:00-04:00,2016.800048828125,2042.4000244140625,1980.800048828125,1985.5999755859375,18311,0.0,0.0,0.0
2019-03-29 00:00:00-04:00,1948.800048828125,1959.199951171875,1918.4000244140625,1921.5999755859375,22521,0.0,0.0,0.0
2019-04-01 00:00:00-04:00,1904.800048828125,1918.4000244140625,1884.0,1889.5999755859375,17460,0.0,0.0,0.0
2019-04-02 00:00:00-04:00,1897.5999755859375,1905.5999755859375,1876.0,1884.0,14031,0.0,0.0,0.0
2019-04-03 00:00:00-04:00,1853.5999755859375,1925.5999755859375,1849.5999755859375,1897.5999755859375,20798,0.0,0.0,0.0
2019-04-04 00:00:00-04:00,1888.0,1912.0,1867.199951171875,1881.5999755859375,19245,0.0,0.0,0.0
2019-04-05 00:00:00-04:00,1856.800048828125,1868.0,1840.0,1840.800048828125,18003,0.0,0.0,0.0
2019-04-08 00:00:00-04:00,1848.0,1859.199951171875,1828.800048828125,1832.800048828125,14163,0.0,0.0,0.0
2019-04-09 00:00:00-04:00,1859.199951171875,1908.0,1847.199951171875,1897.5999755859375,17243,0.0,0.0,0.0
2019-04-10 00:00:00-04:00,1877.5999755859375,1892.800048828125,1842.4000244140625,1846.4000244140625,15873,0.0,0.0,0.0
2019-04-11 00:00:00-04:00,1821.5999755859375,1832.800048828125,1802.4000244140625,1807.199951171875,19124,0.0,0.0,0.0
2019-04-12 00:00:00-04:00,1770.4000244140625,1773.5999755859375,1720.800048828125,1724.0,26974,0.0,0.0,0.0
2019-04-15 00:00:00-04:00,1700.0,1772.800048828125,1697.5999755859375,1704.0,27079,0.0,0.0,0.0
2019-04-16 00:00:00-04:00,1696.0,1704.0,1672.800048828125,1692.800048828125,22759,0.0,0.0,0.0
2019-04-17 00:00:00-04:00,1661.5999755859375,1732.0,1661.5999755859375,1702.4000244140625,21176,0.0,0.0,0.0
2019-04-18 00:00:00-04:00,1701.5999755859375,1731.199951171875,1673.5999755859375,1674.4000244140625,23431,0.0,0.0,0.0
2019-04-22 00:00:00-04:00,1692.800048828125,1706.4000244140625,1659.199951171875,1660.800048828125,27025,0.0,0.0,0.0
2019-04-23 00:00:00-04:00,1651.199951171875,1658.4000244140625,1635.199951171875,1646.4000244140625,16454,0.0,0.0,0.0
2019-04-24 00:00:00-04:00,1648.0,1688.0,1645.5999755859375,1685.5999755859375,21144,0.0,0.0,0.0
2019-04-25 00:00:00-04:00,1707.199951171875,1770.4000244140625,1686.4000244140625,1720.0,25766,0.0,0.0,0.0
2019-04-26 00:00:00-04:00,1707.199951171875,1730.4000244140625,1661.5999755859375,1664.0,22356,0.0,0.0,0.0
2019-04-29 00:00:00-04:00,1673.5999755859375,1688.800048828125,1660.0,1687.199951171875,13020,0.0,0.0,0.0
2019-04-30 00:00:00-04:00,1686.4000244140625,1736.0,1677.5999755859375,1689.5999755859375,28310,0.0,0.0,0.0
2019-05-01 00:00:00-04:00,1672.800048828125,1752.0,1660.0,1752.0,30284,0.0,0.0,0.0
2019-05-02 00:00:00-04:00,1734.4000244140625,1823.199951171875,1727.199951171875,1754.4000244140625,41693,0.0,0.0,0.0
2019-05-03 00:00:00-04:00,1708.800048828125,1712.0,1664.0,1671.199951171875,28474,0.0,0.0,0.0
2019-05-06 00:00:00-04:00,1838.4000244140625,1855.199951171875,1753.5999755859375,1760.800048828125,60375,0.0,0.0,0.0
2019-05-07 00:00:00-04:00,1866.4000244140625,2108.0,1850.4000244140625,2056.0,80168,0.0,0.0,0.0
2019-05-08 00:00:00-04:00,2036.0,2076.0,1948.800048828125,2016.0,45664,0.0,0.0,0.0
2019-05-09 00:00:00-04:00,2122.39990234375,2188.800048828125,2004.800048828125,2013.5999755859375,58081,0.0,0.0,0.0
2019-05-10 00:00:00-04:00,2028.0,2080.0,1856.0,1857.5999755859375,45196,0.0,0.0,0.0
2019-05-13 00:00:00-04:00,2089.60009765625,2144.0,2027.199951171875,2128.800048828125,53034,0.0,0.0,0.0
2019-05-14 00:00:00-04:00,2054.39990234375,2067.199951171875,1988.800048828125,2014.4000244140625,31394,0.0,0.0,0.0
2019-05-15 00:00:00-04:00,2073.60009765625,2086.39990234375,1925.5999755859375,1931.199951171875,29936,0.0,0.0,0.0
2019-05-16 00:00:00-04:00,1916.0,1916.800048828125,1834.4000244140625,1849.5999755859375,28508,0.0,0.0,0.0
2019-05-17 00:00:00-04:00,1923.199951171875,1925.5999755859375,1824.0,1875.199951171875,30654,0.0,0.0,0.0
2019-05-20 00:00:00-04:00,1925.5999755859375,1960.0,1868.0,1903.199951171875,20824,0.0,0.0,0.0
2019-05-21 00:00:00-04:00,1844.0,1844.800048828125,1802.4000244140625,1808.800048828125,16224,0.0,0.0,0.0
2019-05-22 00:00:00-04:00,1816.800048828125,1820.800048828125,1772.0,1788.800048828125,18014,0.0,0.0,0.0
2019-05-23 00:00:00-04:00,1859.199951171875,1940.800048828125,1857.5999755859375,1907.199951171875,37105,0.0,0.0,0.0
2019-05-24 00:00:00-04:00,1854.4000244140625,1893.5999755859375,1835.199951171875,1868.800048828125,22109,0.0,0.0,0.0
2019-05-28 00:00:00-04:00,1856.800048828125,1924.0,1828.0,1924.0,19559,0.0,0.0,0.0
2019-05-29 00:00:00-04:00,1964.0,1998.4000244140625,1930.4000244140625,1962.4000244140625,38638,0.0,0.0,0.0
2019-05-30 00:00:00-04:00,1920.0,1964.800048828125,1898.4000244140625,1921.5999755859375,23271,0.0,0.0,0.0
2019-05-31 00:00:00-04:00,2022.4000244140625,2032.0,1967.199951171875,2005.5999755859375,29139,0.0,0.0,0.0
2019-06-03 00:00:00-04:00,1999.199951171875,2065.60009765625,1961.5999755859375,2018.4000244140625,30991,0.0,0.0,0.0
2019-06-04 00:00:00-04:00,1959.199951171875,1988.0,1907.199951171875,1909.5999755859375,24166,0.0,0.0,0.0
2019-06-05 00:00:00-04:00,1890.4000244140625,1928.0,1862.4000244140625,1868.800048828125,21024,0.0,0.0,0.0
2019-06-06 00:00:00-04:00,1857.5999755859375,1876.800048828125,1827.199951171875,1832.0,11603,0.0,0.0,0.0
2019-06-07 00:00:00-04:00,1826.4000244140625,1850.4000244140625,1815.199951171875,1847.199951171875,14534,0.0,0.0,0.0
2019-06-10 00:00:00-04:00,1820.800048828125,1856.0,1816.0,1828.800048828125,10094,0.0,0.0,0.0
2019-06-11 00:00:00-04:00,1797.5999755859375,1861.5999755859375,1796.0,1835.199951171875,13091,0.0,0.0,0.0
2019-06-12 00:00:00-04:00,1850.4000244140625,1861.5999755859375,1819.199951171875,1824.0,15228,0.0,0.0,0.0
2019-06-13 00:00:00-04:00,1808.0,1835.199951171875,1797.5999755859375,1816.0,10448,0.0,0.0,0.0
2019-06-14 00:00:00-04:00,1828.800048828125,1844.800048828125,1794.4000244140625,1798.4000244140625,12945,0.0,0.0,0.0
2019-06-17 00:00:00-04:00,1795.199951171875,1800.0,1769.5999755859375,1777.5999755859375,13704,0.0,0.0,0.0
2019-06-18 00:00:00-04:00,1755.199951171875,1773.5999755859375,1733.5999755859375,1764.0,25336,0.0,0.0,0.0
2019-06-19 00:00:00-04:00,1750.4000244140625,1770.4000244140625,1701.5999755859375,1703.199951171875,29158,0.0,0.0,0.0
2019-06-20 00:00:00-04:00,1675.199951171875,1762.4000244140625,1661.5999755859375,1711.199951171875,25589,0.0,0.0,0.0
2019-06-21 00:00:00-04:00,1724.800048828125,1758.4000244140625,1703.199951171875,1752.0,19216,0.0,0.0,0.0
2019-06-24 00:00:00-04:00,1737.5999755859375,1743.199951171875,1720.800048828125,1734.4000244140625,12096,0.0,0.0,0.0
2019-06-25 00:00:00-04:00,1736.800048828125,1787.199951171875,1736.0,1781.5999755859375,23910,0.0,0.0,0.0
2019-06-26 00:00:00-04:00,1748.0,1779.199951171875,1736.0,1764.800048828125,14271,0.0,0.0,0.0
2019-06-27 00:00:00-04:00,1752.800048828125,1761.5999755859375,1723.199951171875,1735.199951171875,14626,0.0,0.0,0.0
2019-06-28 00:00:00-04:00,1724.0,1729.5999755859375,1700.800048828125,1712.0,17246,0.0,0.0,0.0
2019-07-01 00:00:00-04:00,1620.800048828125,1648.800048828125,1608.0,1613.5999755859375,27178,0.0,0.0,0.0
2019-07-02 00:00:00-04:00,1616.800048828125,1621.5999755859375,1552.800048828125,1553.5999755859375,31201,0.0,0.0,0.0
2019-07-03 00:00:00-04:00,1557.5999755859375,1570.4000244140625,1541.5999755859375,1545.5999755859375,10195,0.0,0.0,0.0
2019-07-05 00:00:00-04:00,1581.5999755859375,1624.0,1546.4000244140625,1551.199951171875,21684,0.0,0.0,0.0
2019-07-08 00:00:00-04:00,1589.5999755859375,1608.800048828125,1572.800048828125,1592.800048828125,21831,0.0,0.0,0.0
2019-07-09 00:00:00-04:00,1636.800048828125,1639.199951171875,1593.5999755859375,1599.199951171875,15094,0.0,0.0,0.0
2019-07-10 00:00:00-04:00,1574.4000244140625,1577.5999755859375,1545.5999755859375,1549.5999755859375,20339,0.0,0.0,0.0
2019-07-11 00:00:00-04:00,1534.4000244140625,1551.199951171875,1515.199951171875,1523.199951171875,21304,0.0,0.0,0.0
2019-07-12 00:00:00-04:00,1512.800048828125,1524.800048828125,1496.0,1496.0,19813,0.0,0.0,0.0
2019-07-15 00:00:00-04:00,1494.4000244140625,1507.199951171875,1486.4000244140625,1495.199951171875,15018,0.0,0.0,0.0
2019-07-16 00:00:00-04:00,1489.5999755859375,1506.4000244140625,1466.4000244140625,1500.0,22880,0.0,0.0,0.0
2019-07-17 00:00:00-04:00,1487.199951171875,1534.4000244140625,1476.800048828125,1534.4000244140625,30641,0.0,0.0,0.0
2019-07-18 00:00:00-04:00,1535.199951171875,1559.199951171875,1495.199951171875,1520.800048828125,27101,0.0,0.0,0.0
2019-07-19 00:00:00-04:00,1492.800048828125,1540.800048828125,1486.4000244140625,1537.5999755859375,22659,0.0,0.0,0.0
2019-07-22 00:00:00-04:00,1535.199951171875,1544.0,1496.0,1505.5999755859375,21703,0.0,0.0,0.0
2019-07-23 00:00:00-04:00,1482.4000244140625,1504.800048828125,1452.0,1454.4000244140625,19375,0.0,0.0,0.0
2019-07-24 00:00:00-04:00,1469.5999755859375,1471.199951171875,1408.0,1416.0,28926,0.0,0.0,0.0
2019-07-25 00:00:00-04:00,1427.199951171875,1485.5999755859375,1425.5999755859375,1460.800048828125,26766,0.0,0.0,0.0
2019-07-26 00:00:00-04:00,1432.0,1435.199951171875,1411.199951171875,1424.0,17329,0.0,0.0,0.0
2019-07-29 00:00:00-04:00,1424.800048828125,1447.199951171875,1420.0,1433.5999755859375,22668,0.0,0.0,0.0
2019-07-30 00:00:00-04:00,1462.4000244140625,1476.800048828125,1443.199951171875,1469.5999755859375,20070,0.0,0.0,0.0
2019-07-31 00:00:00-04:00,1464.800048828125,1600.800048828125,1443.199951171875,1552.0,52784,0.0,0.0,0.0
2019-08-01 00:00:00-04:00,1551.199951171875,1718.4000244140625,1483.199951171875,1672.0,98065,0.0,0.0,0.0
2019-08-02 00:00:00-04:00,1675.199951171875,1755.199951171875,1662.4000244140625,1684.0,73293,0.0,0.0,0.0
2019-08-05 00:00:00-04:00,1808.800048828125,1947.199951171875,1796.0,1932.0,96454,0.0,0.0,0.0
2019-08-06 00:00:00-04:00,1856.0,1951.199951171875,1808.0,1809.5999755859375,66879,0.0,0.0,0.0
2019-08-07 00:00:00-04:00,1937.5999755859375,1979.199951171875,1808.800048828125,1817.5999755859375,73194,0.0,0.0,0.0
2019-08-08 00:00:00-04:00,1779.199951171875,1803.199951171875,1702.4000244140625,1708.0,47773,0.0,0.0,0.0
2019-08-09 00:00:00-04:00,1740.0,1807.199951171875,1722.4000244140625,1772.0,48941,0.0,0.0,0.0
2019-08-12 00:00:00-04:00,1804.0,1907.199951171875,1793.5999755859375,1900.800048828125,39799,0.0,0.0,0.0
2019-08-13 00:00:00-04:00,1928.800048828125,1933.5999755859375,1758.4000244140625,1758.4000244140625,61914,0.0,0.0,0.0
2019-08-14 00:00:00-04:00,1882.4000244140625,2008.800048828125,1846.4000244140625,2004.800048828125,86096,0.0,0.0,0.0
2019-08-15 00:00:00-04:00,1952.0,2040.0,1934.4000244140625,1955.199951171875,55216,0.0,0.0,0.0
2019-08-16 00:00:00-04:00,1920.0,1920.0,1840.0,1846.4000244140625,38314,0.0,0.0,0.0
2019-08-19 00:00:00-04:00,1764.0,1776.0,1704.0,1708.0,32820,0.0,0.0,0.0
2019-08-20 00:00:00-04:00,1720.800048828125,1763.199951171875,1711.199951171875,1748.800048828125,30691,0.0,0.0,0.0
2019-08-21 00:00:00-04:00,1678.4000244140625,1692.800048828125,1660.800048828125,1665.5999755859375,33856,0.0,0.0,0.0
2019-08-22 00:00:00-04:00,1655.199951171875,1739.199951171875,1648.800048828125,1692.0,40443,0.0,0.0,0.0
2019-08-23 00:00:00-04:00,1746.4000244140625,1938.4000244140625,1675.199951171875,1902.4000244140625,109695,0.0,0.0,0.0
2019-08-26 00:00:00-04:00,1809.5999755859375,1904.800048828125,1809.5999755859375,1852.0,41615,0.0,0.0,0.0
2019-08-27 00:00:00-04:00,1817.5999755859375,1932.800048828125,1812.0,1885.5999755859375,40348,0.0,0.0,0.0
2019-08-28 00:00:00-04:00,1928.800048828125,1957.5999755859375,1841.5999755859375,1842.4000244140625,42643,0.0,0.0,0.0
2019-08-29 00:00:00-04:00,1788.800048828125,1804.800048828125,1748.0,1768.0,42230,0.0,0.0,0.0
2019-08-30 00:00:00-04:00,1735.199951171875,1817.5999755859375,1732.0,1769.5999755859375,44283,0.0,0.0,0.0
2019-09-03 00:00:00-04:00,1839.199951171875,1872.0,1811.199951171875,1858.4000244140625,44900,0.0,0.0,0.0
2019-09-04 00:00:00-04:00,1781.5999755859375,1813.5999755859375,1738.4000244140625,1740.800048828125,33138,0.0,0.0,0.0
2019-09-05 00:00:00-04:00,1696.0,1700.0,1654.4000244140625,1672.800048828125,40225,0.0,0.0,0.0
2019-09-06 00:00:00-04:00,1652.0,1664.800048828125,1619.199951171875,1627.199951171875,35780,0.0,0.0,0.0
2019-09-09 00:00:00-04:00,1596.0,1653.5999755859375,1593.5999755859375,1609.5999755859375,34410,0.0,0.0,0.0
2019-09-10 00:00:00-04:00,1634.4000244140625,1656.800048828125,1601.5999755859375,1608.0,47425,0.0,0.0,0.0
2019-09-11 00:00:00-04:00,1606.4000244140625,1609.5999755859375,1569.5999755859375,1576.800048828125,33840,0.0,0.0,0.0
2019-09-12 00:00:00-04:00,1550.4000244140625,1572.0,1524.800048828125,1539.199951171875,38724,0.0,0.0,0.0
2019-09-13 00:00:00-04:00,1524.0,1534.4000244140625,1502.4000244140625,1516.0,40011,0.0,0.0,0.0
2019-09-16 00:00:00-04:00,1547.199951171875,1556.800048828125,1514.4000244140625,1540.0,49058,0.0,0.0,0.0
2019-09-17 00:00:00-04:00,1549.5999755859375,1560.800048828125,1532.0,1533.5999755859375,31486,0.0,0.0,0.0
2019-09-18 00:00:00-04:00,1521.5999755859375,1558.4000244140625,1480.800048828125,1482.4000244140625,61241,0.0,0.0,0.0
2019-09-19 00:00:00-04:00,1468.0,1468.0,1434.4000244140625,1456.800048828125,49166,0.0,0.0,0.0
2019-09-20 00:00:00-04:00,1442.4000244140625,1544.0,1436.800048828125,1527.199951171875,67329,0.0,0.0,0.0
2019-09-23 00:00:00-04:00,1533.5999755859375,1540.0,1493.5999755859375,1517.5999755859375,26713,0.0,0.0,0.0
2019-09-24 00:00:00-04:00,1479.199951171875,1600.0,1476.0,1588.0,90375,0.0,0.0,0.0
2019-09-25 00:00:00-04:00,1591.199951171875,1643.199951171875,1539.199951171875,1553.5999755859375,47304,0.0,0.0,0.0
2019-09-26 00:00:00-04:00,1551.199951171875,1596.0,1548.800048828125,1564.0,40926,0.0,0.0,0.0
2019-09-27 00:00:00-04:00,1546.4000244140625,1651.199951171875,1538.4000244140625,1607.199951171875,64389,0.0,0.0,0.0
2019-09-30 00:00:00-04:00,1592.0,1593.5999755859375,1544.800048828125,1561.5999755859375,26534,0.0,0.0,0.0
2019-10-01 00:00:00-04:00,1527.199951171875,1632.0,1516.800048828125,1629.5999755859375,65490,0.0,0.0,0.0
2019-10-02 00:00:00-04:00,1679.199951171875,1760.0,1676.0,1740.0,68955,0.0,0.0,0.0
2019-10-03 00:00:00-04:00,1734.4000244140625,1784.0,1674.4000244140625,1675.199951171875,62131,0.0,0.0,0.0
2019-10-04 00:00:00-04:00,1661.5999755859375,1661.5999755859375,1580.800048828125,1583.199951171875,31168,0.0,0.0,0.0
2019-10-07 00:00:00-04:00,1612.0,1623.199951171875,1564.0,1600.0,25788,0.0,0.0,0.0
2019-10-08 00:00:00-04:00,1657.5999755859375,1728.0,1640.0,1727.199951171875,61763,0.0,0.0,0.0
2019-10-09 00:00:00-04:00,1673.5999755859375,1698.4000244140625,1630.4000244140625,1663.199951171875,33116,0.0,0.0,0.0
2019-10-10 00:00:00-04:00,1663.199951171875,1670.4000244140625,1601.5999755859375,1609.5999755859375,35534,0.0,0.0,0.0
2019-10-11 00:00:00-04:00,1557.5999755859375,1566.4000244140625,1489.5999755859375,1517.5999755859375,72393,0.0,0.0,0.0
2019-10-14 00:00:00-04:00,1521.5999755859375,1521.5999755859375,1462.4000244140625,1465.5999755859375,36495,0.0,0.0,0.0
2019-10-15 00:00:00-04:00,1440.0,1440.0,1404.800048828125,1424.800048828125,55036,0.0,0.0,0.0
2019-10-16 00:00:00-04:00,1422.4000244140625,1438.4000244140625,1406.4000244140625,1406.4000244140625,33560,0.0,0.0,0.0
2019-10-17 00:00:00-04:00,1390.4000244140625,1408.800048828125,1379.199951171875,1400.0,33550,0.0,0.0,0.0
2019-10-18 00:00:00-04:00,1407.199951171875,1431.199951171875,1384.800048828125,1397.5999755859375,37070,0.0,0.0,0.0
2019-10-21 00:00:00-04:00,1381.5999755859375,1386.4000244140625,1360.0,1360.0,25143,0.0,0.0,0.0
2019-10-22 00:00:00-04:00,1352.800048828125,1383.199951171875,1344.0,1380.800048828125,24161,0.0,0.0,0.0
2019-10-23 00:00:00-04:00,1393.5999755859375,1393.5999755859375,1364.0,1364.0,17153,0.0,0.0,0.0
2019-10-24 00:00:00-04:00,1352.800048828125,1377.5999755859375,1344.0,1345.5999755859375,27205,0.0,0.0,0.0
2019-10-25 00:00:00-04:00,1354.4000244140625,1354.4000244140625,1300.0,1300.0,34491,0.0,0.0,0.0
2019-10-28 00:00:00-04:00,1296.0,1318.4000244140625,1292.800048828125,1314.4000244140625,25391,0.0,0.0,0.0
2019-10-29 00:00:00-04:00,1328.0,1333.5999755859375,1304.800048828125,1313.5999755859375,22496,0.0,0.0,0.0
2019-10-30 00:00:00-04:00,1312.800048828125,1344.800048828125,1279.199951171875,1280.0,40628,0.0,0.0,0.0
2019-10-31 00:00:00-04:00,1294.4000244140625,1328.0,1286.4000244140625,1300.800048828125,32300,0.0,0.0,0.0
2019-11-01 00:00:00-04:00,1260.0,1267.199951171875,1239.199951171875,1241.5999755859375,46310,0.0,0.0,0.0
2019-11-04 00:00:00-05:00,1223.199951171875,1253.5999755859375,1220.0,1244.800048828125,24886,0.0,0.0,0.0
2019-11-05 00:00:00-05:00,1250.4000244140625,1271.199951171875,1247.199951171875,1269.5999755859375,24876,0.0,0.0,0.0
2019-11-06 00:00:00-05:00,1267.199951171875,1289.5999755859375,1260.800048828125,1264.0,25073,0.0,0.0,0.0
2019-11-07 00:00:00-05:00,1240.0,1262.4000244140625,1237.5999755859375,1252.0,27544,0.0,0.0,0.0
2019-11-08 00:00:00-05:00,1256.800048828125,1267.199951171875,1224.800048828125,1225.5999755859375,23495,0.0,0.0,0.0
2019-11-11 00:00:00-05:00,1252.0,1254.4000244140625,1209.5999755859375,1222.4000244140625,16529,0.0,0.0,0.0
2019-11-12 00:00:00-05:00,1210.4000244140625,1218.4000244140625,1197.5999755859375,1208.0,25348,0.0,0.0,0.0
2019-11-13 00:00:00-05:00,1220.0,1225.5999755859375,1203.199951171875,1216.0,24574,0.0,0.0,0.0
2019-11-14 00:00:00-05:00,1218.4000244140625,1229.5999755859375,1196.0,1197.5999755859375,21468,0.0,0.0,0.0
2019-11-15 00:00:00-05:00,1179.199951171875,1182.4000244140625,1144.800048828125,1145.5999755859375,33841,0.0,0.0,0.0
2019-11-18 00:00:00-05:00,1147.199951171875,1156.800048828125,1136.0,1144.0,22804,0.0,0.0,0.0
2019-11-19 00:00:00-05:00,1137.5999755859375,1161.5999755859375,1133.5999755859375,1156.0,29081,0.0,0.0,0.0
2019-11-20 00:00:00-05:00,1156.800048828125,1209.5999755859375,1144.0,1167.199951171875,50858,0.0,0.0,0.0
2019-11-21 00:00:00-05:00,1158.4000244140625,1192.0,1156.800048828125,1169.5999755859375,29549,0.0,0.0,0.0
2019-11-22 00:00:00-05:00,1155.199951171875,1164.0,1134.4000244140625,1136.0,21370,0.0,0.0,0.0
2019-11-25 00:00:00-05:00,1110.4000244140625,1111.199951171875,1082.4000244140625,1085.5999755859375,28011,0.0,0.0,0.0
2019-11-26 00:00:00-05:00,1079.199951171875,1084.800048828125,1064.0,1071.199951171875,22488,0.0,0.0,0.0
2019-11-27 00:00:00-05:00,1063.199951171875,1068.0,1060.0,1066.4000244140625,19155,0.0,0.0,0.0
2019-11-29 00:00:00-05:00,1075.199951171875,1088.0,1070.4000244140625,1084.0,15028,0.0,0.0,0.0
2019-12-02 00:00:00-05:00,1082.4000244140625,1158.4000244140625,1082.4000244140625,1144.800048828125,52438,0.0,0.0,0.0
2019-12-03 00:00:00-05:00,1229.5999755859375,1252.0,1205.5999755859375,1210.4000244140625,74695,0.0,0.0,0.0
2019-12-04 00:00:00-05:00,1173.5999755859375,1181.5999755859375,1140.800048828125,1154.4000244140625,32559,0.0,0.0,0.0
2019-12-05 00:00:00-05:00,1136.800048828125,1176.0,1136.0,1140.0,26508,0.0,0.0,0.0
2019-12-06 00:00:00-05:00,1095.199951171875,1116.800048828125,1092.0,1101.5999755859375,30668,0.0,0.0,0.0
2019-12-09 00:00:00-05:00,1105.5999755859375,1158.4000244140625,1100.0,1157.5999755859375,26186,0.0,0.0,0.0
2019-12-10 00:00:00-05:00,1153.5999755859375,1181.5999755859375,1136.0,1158.4000244140625,25346,0.0,0.0,0.0
2019-12-11 00:00:00-05:00,1148.0,1155.199951171875,1126.4000244140625,1135.199951171875,19159,0.0,0.0,0.0
2019-12-12 00:00:00-05:00,1131.199951171875,1137.5999755859375,1065.5999755859375,1070.4000244140625,41834,0.0,0.0,0.0
2019-12-13 00:00:00-05:00,1072.800048828125,1088.0,1020.7999877929688,1022.4000244140625,60440,0.0,0.0,0.0
2019-12-16 00:00:00-05:00,988.7999877929688,1000.7999877929688,980.0,999.2000122070312,38218,0.0,0.0,0.0
2019-12-17 00:00:00-05:00,988.7999877929688,1004.7999877929688,984.7999877929688,991.2000122070312,43406,0.0,0.0,0.0
2019-12-18 00:00:00-05:00,980.0,1003.2000122070312,977.5999755859375,1002.4000244140625,24168,0.0,0.0,0.0
2019-12-19 00:00:00-05:00,997.5999755859375,1002.4000244140625,976.7999877929688,977.5999755859375,26961,0.0,0.0,0.0
2019-12-20 00:00:00-05:00,975.2000122070312,989.5999755859375,971.2000122070312,988.0,25330,0.0,0.0,0.0
2019-12-23 00:00:00-05:00,988.0,995.2000122070312,984.7999877929688,992.7999877929688,12641,0.0,0.0,0.0
2019-12-24 00:00:00-05:00,988.0,993.5999755859375,980.7999877929688,982.4000244140625,13134,0.0,0.0,0.0
2019-12-26 00:00:00-05:00,975.2000122070312,983.2000122070312,973.5999755859375,980.0,16550,0.0,0.0,0.0
2019-12-27 00:00:00-05:00,976.7999877929688,1011.2000122070312,976.0,1001.5999755859375,27724,0.0,0.0,0.0
2019-12-30 00:00:00-05:00,1011.2000122070312,1049.5999755859375,1008.7999877929688,1037.5999755859375,42954,0.0,0.0,0.0
2019-12-31 00:00:00-05:00,1049.5999755859375,1056.0,991.2000122070312,994.4000244140625,34416,0.0,0.0,0.0
2020-01-02 00:00:00-05:00,968.0,988.7999877929688,953.5999755859375,956.0,38483,0.0,0.0,0.0
2020-01-03 00:00:00-05:00,1032.0,1034.4000244140625,983.2000122070312,1004.0,51354,0.0,0.0,0.0
2020-01-06 00:00:00-05:00,1035.199951171875,1037.5999755859375,992.0,992.0,39246,0.0,0.0,0.0
2020-01-07 00:00:00-05:00,996.7999877929688,1009.5999755859375,977.5999755859375,988.0,24844,0.0,0.0,0.0
2020-01-08 00:00:00-05:00,980.0,986.4000244140625,942.4000244140625,968.7999877929688,61183,0.0,0.0,0.0
2020-01-09 00:00:00-05:00,942.4000244140625,953.5999755859375,932.7999877929688,934.4000244140625,31811,0.0,0.0,0.0
2020-01-10 00:00:00-05:00,930.4000244140625,939.2000122070312,918.4000244140625,928.7999877929688,36209,0.0,0.0,0.0
2020-01-13 00:00:00-05:00,917.5999755859375,926.4000244140625,903.2000122070312,904.0,23215,0.0,0.0,0.0
2020-01-14 00:00:00-05:00,904.0,913.5999755859375,889.5999755859375,899.2000122070312,31550,0.0,0.0,0.0
2020-01-15 00:00:00-05:00,897.5999755859375,900.7999877929688,887.2000122070312,895.2000122070312,23988,0.0,0.0,0.0
2020-01-16 00:00:00-05:00,882.4000244140625,884.0,872.0,874.4000244140625,24550,0.0,0.0,0.0
2020-01-17 00:00:00-05:00,873.5999755859375,891.2000122070312,872.0,876.7999877929688,23425,0.0,0.0,0.0
2020-01-21 00:00:00-05:00,886.4000244140625,888.7999877929688,864.0,882.4000244140625,37005,0.0,0.0,0.0
2020-01-22 00:00:00-05:00,867.2000122070312,889.5999755859375,866.4000244140625,888.0,24713,0.0,0.0,0.0
2020-01-23 00:00:00-05:00,904.7999877929688,918.4000244140625,883.2000122070312,885.5999755859375,40875,0.0,0.0,0.0
2020-01-24 00:00:00-05:00,872.0,955.2000122070312,869.5999755859375,936.7999877929688,81885,0.0,0.0,0.0
2020-01-27 00:00:00-05:00,1016.7999877929688,1033.5999755859375,992.7999877929688,1033.5999755859375,139990,0.0,0.0,0.0
2020-01-28 00:00:00-05:00,1007.2000122070312,1015.2000122070312,969.5999755859375,975.2000122070312,54573,0.0,0.0,0.0
2020-01-29 00:00:00-05:00,957.5999755859375,990.4000244140625,948.0,976.0,30703,0.0,0.0,0.0
2020-01-30 00:00:00-05:00,1013.5999755859375,1034.4000244140625,959.2000122070312,960.7999877929688,73198,0.0,0.0,0.0
2020-01-31 00:00:00-05:00,984.0,1098.4000244140625,980.0,1069.5999755859375,136115,0.0,0.0,0.0
2020-02-03 00:00:00-05:00,1037.5999755859375,1052.800048828125,1002.4000244140625,1029.5999755859375,53696,0.0,0.0,0.0
2020-02-04 00:00:00-05:00,980.0,986.4000244140625,960.0,973.5999755859375,40053,0.0,0.0,0.0
2020-02-05 00:00:00-05:00,940.7999877929688,968.0,934.4000244140625,935.2000122070312,50246,0.0,0.0,0.0
2020-02-06 00:00:00-05:00,925.5999755859375,945.5999755859375,920.7999877929688,926.4000244140625,30141,0.0,0.0,0.0
2020-02-07 00:00:00-05:00,949.5999755859375,963.2000122070312,930.4000244140625,938.4000244140625,49009,0.0,0.0,0.0
2020-02-10 00:00:00-05:00,953.5999755859375,953.5999755859375,923.2000122070312,928.0,28481,0.0,0.0,0.0
2020-02-11 00:00:00-05:00,913.5999755859375,931.2000122070312,907.2000122070312,929.5999755859375,29530,0.0,0.0,0.0
2020-02-12 00:00:00-05:00,908.7999877929688,916.0,880.7999877929688,884.7999877929688,53571,0.0,0.0,0.0
2020-02-13 00:00:00-05:00,915.2000122070312,917.5999755859375,890.4000244140625,900.0,36915,0.0,0.0,0.0
2020-02-14 00:00:00-05:00,892.7999877929688,908.0,885.5999755859375,888.0,35889,0.0,0.0,0.0
2020-02-18 00:00:00-05:00,903.2000122070312,922.4000244140625,892.7999877929688,903.2000122070312,44575,0.0,0.0,0.0
2020-02-19 00:00:00-05:00,888.0,897.5999755859375,882.4000244140625,892.0,28865,0.0,0.0,0.0
2020-02-20 00:00:00-05:00,896.7999877929688,952.7999877929688,888.0,920.7999877929688,83568,0.0,0.0,0.0
2020-02-21 00:00:00-05:00,951.2000122070312,1005.5999755859375,942.4000244140625,980.7999877929688,93715,0.0,0.0,0.0
2020-02-24 00:00:00-05:00,1128.0,1165.5999755859375,1075.199951171875,1160.800048828125,161820,0.0,0.0,0.0
2020-02-25 00:00:00-05:00,1120.800048828125,1305.5999755859375,1113.5999755859375,1272.800048828125,191593,0.0,0.0,0.0
2020-02-26 00:00:00-05:00,1231.199951171875,1290.4000244140625,1187.199951171875,1243.199951171875,154626,0.0,0.0,0.0
2020-02-27 00:00:00-05:00,1355.199951171875,1445.5999755859375,1321.5999755859375,1444.800048828125,275769,0.0,0.0,0.0
2020-02-28 00:00:00-05:00,1608.0,1644.0,1492.0,1507.199951171875,272883,0.0,0.0,0.0
2020-03-02 00:00:00-05:00,1468.800048828125,1551.199951171875,1440.800048828125,1444.800048828125,136246,0.0,0.0,0.0
2020-03-03 00:00:00-05:00,1447.199951171875,1648.0,1386.4000244140625,1608.800048828125,203109,0.0,0.0,0.0
2020-03-04 00:00:00-05:00,1538.4000244140625,1596.0,1496.0,1521.5999755859375,111309,0.0,0.0,0.0
2020-03-05 00:00:00-05:00,1654.4000244140625,1819.199951171875,1620.0,1763.199951171875,172296,0.0,0.0,0.0
2020-03-06 00:00:00-05:00,2080.0,2147.199951171875,1920.800048828125,1946.4000244140625,189290,0.0,0.0,0.0
2020-03-09 00:00:00-04:00,2680.0,2703.199951171875,2313.60009765625,2480.0,95310,0.0,0.0,0.0
2020-03-10 00:00:00-04:00,2164.800048828125,2441.60009765625,2152.800048828125,2237.60009765625,104875,0.0,0.0,0.0
2020-03-11 00:00:00-04:00,2421.60009765625,2590.39990234375,2390.39990234375,2513.60009765625,78515,0.0,0.0,0.0
2020-03-12 00:00:00-04:00,2961.60009765625,3188.0,2732.0,3116.800048828125,114263,0.0,0.0,0.0
2020-03-13 00:00:00-04:00,2766.39990234375,3247.199951171875,2760.0,2840.0,115054,0.0,0.0,0.0
2020-03-16 00:00:00-04:00,3600.0,4072.0,3382.39990234375,3950.39990234375,67544,0.0,0.0,0.0
2020-03-17 00:00:00-04:00,3784.0,4110.39990234375,3560.0,3854.39990234375,114949,0.0,0.0,0.0
2020-03-18 00:00:00-04:00,4320.7998046875,5164.7998046875,4071.199951171875,4504.0,95219,0.0,0.0,0.0
2020-03-19 00:00:00-04:00,4796.0,5040.0,3680.0,4080.0,113190,0.0,0.0,0.0
2020-03-20 00:00:00-04:00,3889.60009765625,4142.39990234375,3453.60009765625,4001.60009765625,147639,0.0,0.0,0.0
2020-03-23 00:00:00-04:00,3734.39990234375,3898.39990234375,3236.0,3374.39990234375,76483,0.0,0.0,0.0
2020-03-24 00:00:00-04:00,2727.199951171875,3132.0,2593.60009765625,3078.39990234375,123698,0.0,0.0,0.0
2020-03-25 00:00:00-04:00,3160.0,3456.800048828125,3131.199951171875,3328.0,116384,0.0,0.0,0.0
2020-03-26 00:00:00-04:00,3222.39990234375,3263.199951171875,2993.60009765625,3036.0,106140,0.0,0.0,0.0
2020-03-27 00:00:00-04:00,3301.60009765625,3335.199951171875,3180.0,3304.800048828125,79035,0.0,0.0,0.0
2020-03-30 00:00:00-04:00,3312.800048828125,3408.0,3192.0,3199.199951171875,106604,0.0,0.0,0.0
2020-03-31 00:00:00-04:00,3211.199951171875,3232.800048828125,2984.800048828125,3034.39990234375,82566,0.0,0.0,0.0
2020-04-01 00:00:00-04:00,3246.39990234375,3343.199951171875,3092.0,3295.199951171875,74470,0.0,0.0,0.0
2020-04-02 00:00:00-04:00,3249.60009765625,3308.0,3100.0,3116.0,84709,0.0,0.0,0.0
2020-04-03 00:00:00-04:00,3083.199951171875,3140.800048828125,2954.39990234375,2980.0,67580,0.0,0.0,0.0
2020-04-06 00:00:00-04:00,2771.199951171875,2828.0,2725.60009765625,2768.0,58674,0.0,0.0,0.0
2020-04-07 00:00:00-04:00,2686.39990234375,2865.60009765625,2677.60009765625,2848.800048828125,67490,0.0,0.0,0.0
2020-04-08 00:00:00-04:00,2820.0,2871.199951171875,2753.60009765625,2789.60009765625,56668,0.0,0.0,0.0
2020-04-09 00:00:00-04:00,2768.800048828125,2815.199951171875,2716.0,2729.60009765625,65414,0.0,0.0,0.0
2020-04-13 00:00:00-04:00,2720.0,2784.0,2668.800048828125,2672.0,38263,0.0,0.0,0.0
2020-04-14 00:00:00-04:00,2520.800048828125,2536.0,2430.39990234375,2457.60009765625,50208,0.0,0.0,0.0
2020-04-15 00:00:00-04:00,2624.800048828125,2721.60009765625,2582.39990234375,2661.60009765625,44346,0.0,0.0,0.0
2020-04-16 00:00:00-04:00,2679.199951171875,2756.0,2652.800048828125,2676.800048828125,53520,0.0,0.0,0.0
2020-04-17 00:00:00-04:00,2564.0,2655.199951171875,2550.39990234375,2566.39990234375,30309,0.0,0.0,0.0
2020-04-20 00:00:00-04:00,2703.199951171875,2824.0,2636.0,2819.199951171875,34925,0.0,0.0,0.0
2020-04-21 00:00:00-04:00,3028.0,3163.199951171875,3004.800048828125,3048.0,44321,0.0,0.0,0.0
2020-04-22 00:00:00-04:00,2935.199951171875,2992.800048828125,2873.60009765625,2900.800048828125,34359,0.0,0.0,0.0
2020-04-23 00:00:00-04:00,2866.39990234375,2948.800048828125,2807.199951171875,2899.199951171875,29644,0.0,0.0,0.0
2020-04-24 00:00:00-04:00,2844.800048828125,2877.60009765625,2724.800048828125,2740.0,18953,0.0,0.0,0.0
2020-04-27 00:00:00-04:00,2658.39990234375,2658.39990234375,2492.0,2524.0,28420,0.0,0.0,0.0
2020-04-28 00:00:00-04:00,2440.0,2598.39990234375,2427.199951171875,2567.199951171875,24731,0.0,0.0,0.0
2020-04-29 00:00:00-04:00,2424.0,2429.60009765625,2354.39990234375,2406.39990234375,27969,0.0,0.0,0.0
2020-04-30 00:00:00-04:00,2460.800048828125,2575.199951171875,2460.0,2485.60009765625,31136,0.0,0.0,0.0
2020-05-01 00:00:00-04:00,2696.800048828125,2762.39990234375,2648.0,2701.60009765625,33990,0.0,0.0,0.0
2020-05-04 00:00:00-04:00,2796.0,2824.0,2640.800048828125,2646.39990234375,26633,0.0,0.0,0.0
2020-05-05 00:00:00-04:00,2548.800048828125,2556.0,2466.39990234375,2544.800048828125,26915,0.0,0.0,0.0
2020-05-06 00:00:00-04:00,2496.800048828125,2577.60009765625,2476.800048828125,2573.60009765625,22376,0.0,0.0,0.0
2020-05-07 00:00:00-04:00,2483.199951171875,2500.800048828125,2441.60009765625,2469.60009765625,31128,0.0,0.0,0.0
2020-05-08 00:00:00-04:00,2393.60009765625,2412.0,2295.199951171875,2299.199951171875,29468,0.0,0.0,0.0
2020-05-11 00:00:00-04:00,2357.60009765625,2362.39990234375,2133.60009765625,2141.60009765625,29654,0.0,0.0,0.0
2020-05-12 00:00:00-04:00,2080.800048828125,2360.0,2062.39990234375,2357.60009765625,38065,0.0,0.0,0.0
2020-05-13 00:00:00-04:00,2389.60009765625,2703.199951171875,2338.39990234375,2599.199951171875,80521,0.0,0.0,0.0
2020-05-14 00:00:00-04:00,2731.199951171875,2815.199951171875,2468.800048828125,2472.0,69334,0.0,0.0,0.0
2020-05-15 00:00:00-04:00,2581.60009765625,2622.39990234375,2404.0,2404.800048828125,49088,0.0,0.0,0.0
2020-05-18 00:00:00-04:00,2242.39990234375,2291.199951171875,2218.39990234375,2251.199951171875,37019,0.0,0.0,0.0
2020-05-19 00:00:00-04:00,2259.199951171875,2366.39990234375,2210.39990234375,2364.800048828125,40531,0.0,0.0,0.0
2020-05-20 00:00:00-04:00,2255.199951171875,2301.60009765625,2212.0,2221.60009765625,47478,0.0,0.0,0.0
2020-05-21 00:00:00-04:00,2219.199951171875,2320.800048828125,2188.800048828125,2270.39990234375,43781,0.0,0.0,0.0
2020-05-22 00:00:00-04:00,2288.0,2325.60009765625,2245.60009765625,2252.800048828125,29534,0.0,0.0,0.0
2020-05-26 00:00:00-04:00,2147.199951171875,2238.39990234375,2143.199951171875,2224.0,24608,0.0,0.0,0.0
2020-05-27 00:00:00-04:00,2163.199951171875,2319.199951171875,2158.39990234375,2172.800048828125,49451,0.0,0.0,0.0
2020-05-28 00:00:00-04:00,2197.60009765625,2282.39990234375,2174.39990234375,2256.800048828125,34684,0.0,0.0,0.0
2020-05-29 00:00:00-04:00,2274.39990234375,2314.39990234375,2180.0,2184.0,47371,0.0,0.0,0.0
2020-06-01 00:00:00-04:00,2232.800048828125,2243.199951171875,2179.199951171875,2194.39990234375,23599,0.0,0.0,0.0
2020-06-02 00:00:00-04:00,2180.800048828125,2208.0,2130.39990234375,2135.199951171875,30015,0.0,0.0,0.0
2020-06-03 00:00:00-04:00,2088.800048828125,2100.800048828125,2031.199951171875,2041.5999755859375,33470,0.0,0.0,0.0
2020-06-04 00:00:00-04:00,2052.0,2072.0,1964.800048828125,2022.4000244140625,33841,0.0,0.0,0.0
2020-06-05 00:00:00-04:00,1900.800048828125,1940.800048828125,1891.199951171875,1913.5999755859375,40654,0.0,0.0,0.0
2020-06-08 00:00:00-04:00,1909.5999755859375,1975.199951171875,1900.0,1956.0,27911,0.0,0.0,0.0
2020-06-09 00:00:00-04:00,2016.0,2068.0,1999.199951171875,2054.39990234375,39505,0.0,0.0,0.0
2020-06-10 00:00:00-04:00,2068.0,2106.39990234375,1962.4000244140625,2041.5999755859375,47715,0.0,0.0,0.0
2020-06-11 00:00:00-04:00,2267.199951171875,2776.0,2175.199951171875,2727.199951171875,146358,0.0,0.0,0.0
2020-06-12 00:00:00-04:00,2520.0,2954.39990234375,2457.60009765625,2538.39990234375,178669,0.0,0.0,0.0
2020-06-15 00:00:00-04:00,2769.60009765625,2861.60009765625,2452.800048828125,2476.800048828125,126876,0.0,0.0,0.0
2020-06-16 00:00:00-04:00,2313.60009765625,2559.199951171875,2296.0,2426.39990234375,79400,0.0,0.0,0.0
2020-06-17 00:00:00-04:00,2400.0,2495.199951171875,2389.60009765625,2421.60009765625,47393,0.0,0.0,0.0
2020-06-18 00:00:00-04:00,2460.0,2488.0,2380.800048828125,2380.800048828125,45350,0.0,0.0,0.0
2020-06-19 00:00:00-04:00,2324.0,2500.800048828125,2306.39990234375,2419.199951171875,70799,0.0,0.0,0.0
2020-06-22 00:00:00-04:00,2438.39990234375,2468.800048828125,2293.60009765625,2300.0,49185,0.0,0.0,0.0
2020-06-23 00:00:00-04:00,2199.199951171875,2275.199951171875,2193.60009765625,2255.199951171875,33673,0.0,0.0,0.0
2020-06-24 00:00:00-04:00,2342.39990234375,2516.800048828125,2277.60009765625,2411.199951171875,103123,0.0,0.0,0.0
2020-06-25 00:00:00-04:00,2456.0,2501.60009765625,2314.39990234375,2316.800048828125,57193,0.0,0.0,0.0
2020-06-26 00:00:00-04:00,2324.0,2488.800048828125,2318.39990234375,2461.60009765625,66788,0.0,0.0,0.0
2020-06-29 00:00:00-04:00,2420.0,2499.199951171875,2339.199951171875,2342.39990234375,46394,0.0,0.0,0.0
2020-06-30 00:00:00-04:00,2363.199951171875,2367.199951171875,2204.0,2220.800048828125,46973,0.0,0.0,0.0
2020-07-01 00:00:00-04:00,2188.800048828125,2224.0,2143.199951171875,2158.39990234375,38596,0.0,0.0,0.0
2020-07-02 00:00:00-04:00,2069.60009765625,2136.800048828125,2036.0,2121.60009765625,41544,0.0,0.0,0.0
2020-07-06 00:00:00-04:00,2052.800048828125,2142.39990234375,2047.199951171875,2120.0,29315,0.0,0.0,0.0
2020-07-07 00:00:00-04:00,2136.800048828125,2198.39990234375,2078.39990234375,2182.39990234375,36033,0.0,0.0,0.0
2020-07-08 00:00:00-04:00,2156.0,2228.0,2130.39990234375,2132.800048828125,48485,0.0,0.0,0.0
2020-07-09 00:00:00-04:00,2139.199951171875,2264.0,2120.800048828125,2168.0,76315,0.0,0.0,0.0
2020-07-10 00:00:00-04:00,2184.0,2228.800048828125,2108.800048828125,2112.800048828125,53388,0.0,0.0,0.0
2020-07-13 00:00:00-04:00,2086.39990234375,2321.60009765625,2082.39990234375,2314.39990234375,73039,0.0,0.0,0.0
2020-07-14 00:00:00-04:00,2314.39990234375,2361.60009765625,2173.60009765625,2176.800048828125,104333,0.0,0.0,0.0
2020-07-15 00:00:00-04:00,2112.800048828125,2209.60009765625,2108.800048828125,2119.199951171875,69955,0.0,0.0,0.0
2020-07-16 00:00:00-04:00,2163.199951171875,2168.800048828125,2074.39990234375,2080.800048828125,53244,0.0,0.0,0.0
2020-07-17 00:00:00-04:00,2063.199951171875,2082.39990234375,2006.4000244140625,2006.4000244140625,40643,0.0,0.0,0.0
2020-07-20 00:00:00-04:00,1983.199951171875,1993.5999755859375,1885.5999755859375,1913.5999755859375,63006,0.0,0.0,0.0
2020-07-21 00:00:00-04:00,1868.0,1957.5999755859375,1847.199951171875,1930.4000244140625,52956,0.0,0.0,0.0
2020-07-22 00:00:00-04:00,1944.800048828125,1973.5999755859375,1909.5999755859375,1909.5999755859375,43078,0.0,0.0,0.0
2020-07-23 00:00:00-04:00,1896.0,2012.0,1881.5999755859375,1968.0,64655,0.0,0.0,0.0
2020-07-24 00:00:00-04:00,2034.4000244140625,2064.0,1976.0,1976.0,59559,0.0,0.0,0.0
2020-07-27 00:00:00-04:00,1955.199951171875,1980.800048828125,1920.0,1920.800048828125,29501,0.0,0.0,0.0
2020-07-28 00:00:00-04:00,1924.0,1940.0,1853.5999755859375,1909.5999755859375,36600,0.0,0.0,0.0
2020-07-29 00:00:00-04:00,1885.5999755859375,1908.800048828125,1864.800048828125,1870.4000244140625,29559,0.0,0.0,0.0
2020-07-30 00:00:00-04:00,1960.800048828125,2049.60009765625,1903.199951171875,1914.4000244140625,54314,0.0,0.0,0.0
2020-07-31 00:00:00-04:00,1866.4000244140625,1963.199951171875,1862.4000244140625,1875.199951171875,52228,0.0,0.0,0.0
2020-08-03 00:00:00-04:00,1856.800048828125,1886.4000244140625,1844.0,1864.0,33898,0.0,0.0,0.0
2020-08-04 00:00:00-04:00,1860.0,1860.0,1806.4000244140625,1808.0,30014,0.0,0.0,0.0
2020-08-05 00:00:00-04:00,1784.0,1805.5999755859375,1768.0,1772.0,35886,0.0,0.0,0.0
2020-08-06 00:00:00-04:00,1779.199951171875,1792.0,1747.199951171875,1752.0,27548,0.0,0.0,0.0
2020-08-07 00:00:00-04:00,1776.800048828125,1780.0,1724.0,1740.0,40645,0.0,0.0,0.0
2020-08-10 00:00:00-04:00,1716.800048828125,1740.800048828125,1682.4000244140625,1688.0,30793,0.0,0.0,0.0
2020-08-11 00:00:00-04:00,1649.5999755859375,1780.0,1641.5999755859375,1767.199951171875,51590,0.0,0.0,0.0
2020-08-12 00:00:00-04:00,1700.0,1707.199951171875,1659.199951171875,1671.199951171875,41004,0.0,0.0,0.0
2020-08-13 00:00:00-04:00,1684.800048828125,1694.4000244140625,1633.5999755859375,1671.199951171875,38315,0.0,0.0,0.0
2020-08-14 00:00:00-04:00,1684.800048828125,1701.5999755859375,1660.0,1672.800048828125,32905,0.0,0.0,0.0
2020-08-17 00:00:00-04:00,1633.5999755859375,1645.5999755859375,1601.5999755859375,1608.800048828125,25964,0.0,0.0,0.0
2020-08-18 00:00:00-04:00,1599.199951171875,1634.4000244140625,1581.5999755859375,1593.5999755859375,38655,0.0,0.0,0.0
2020-08-19 00:00:00-04:00,1582.4000244140625,1635.199951171875,1571.199951171875,1624.800048828125,43405,0.0,0.0,0.0
2020-08-20 00:00:00-04:00,1688.800048828125,1693.5999755859375,1600.800048828125,1607.199951171875,40559,0.0,0.0,0.0
2020-08-21 00:00:00-04:00,1635.199951171875,1641.5999755859375,1607.199951171875,1614.4000244140625,31108,0.0,0.0,0.0
2020-08-24 00:00:00-04:00,1570.4000244140625,1624.800048828125,1566.4000244140625,1608.800048828125,37063,0.0,0.0,0.0
2020-08-25 00:00:00-04:00,1616.0,1660.0,1589.5999755859375,1597.5999755859375,37594,0.0,0.0,0.0
2020-08-26 00:00:00-04:00,1588.0,1644.800048828125,1550.4000244140625,1634.4000244140625,36941,0.0,0.0,0.0
2020-08-27 00:00:00-04:00,1617.5999755859375,1816.800048828125,1603.199951171875,1686.4000244140625,85703,0.0,0.0,0.0
2020-08-28 00:00:00-04:00,1706.4000244140625,1777.5999755859375,1650.4000244140625,1677.5999755859375,64296,0.0,0.0,0.0
2020-08-31 00:00:00-04:00,1721.5999755859375,1775.199951171875,1684.800048828125,1757.5999755859375,50965,0.0,0.0,0.0
2020-09-01 00:00:00-04:00,1760.800048828125,1800.800048828125,1748.0,1789.5999755859375,43210,0.0,0.0,0.0
2020-09-02 00:00:00-04:00,1784.0,1849.5999755859375,1779.199951171875,1837.5999755859375,72979,0.0,0.0,0.0
2020-09-03 00:00:00-04:00,1855.199951171875,2146.39990234375,1791.199951171875,2080.800048828125,251238,0.0,0.0,0.0
2020-09-04 00:00:00-04:00,2029.5999755859375,2233.60009765625,1871.199951171875,1907.199951171875,223984,0.0,0.0,0.0
2020-09-08 00:00:00-04:00,2051.199951171875,2064.0,1848.800048828125,1852.800048828125,95816,0.0,0.0,0.0
2020-09-09 00:00:00-04:00,1806.4000244140625,1825.5999755859375,1728.0,1759.199951171875,76541,0.0,0.0,0.0
2020-09-10 00:00:00-04:00,1742.4000244140625,1821.5999755859375,1728.800048828125,1779.199951171875,114091,0.0,0.0,0.0
2020-09-11 00:00:00-04:00,1732.0,1781.5999755859375,1670.4000244140625,1670.4000244140625,82824,0.0,0.0,0.0
2020-09-14 00:00:00-04:00,1652.800048828125,1668.800048828125,1621.5999755859375,1644.0,53044,0.0,0.0,0.0
2020-09-15 00:00:00-04:00,1628.0,1671.199951171875,1620.0,1643.199951171875,50125,0.0,0.0,0.0
2020-09-16 00:00:00-04:00,1630.4000244140625,1638.4000244140625,1592.0,1633.5999755859375,65054,0.0,0.0,0.0
2020-09-17 00:00:00-04:00,1687.199951171875,1692.800048828125,1592.800048828125,1597.5999755859375,75353,0.0,0.0,0.0
2020-09-18 00:00:00-04:00,1587.199951171875,1636.800048828125,1552.800048828125,1598.4000244140625,70875,0.0,0.0,0.0
2020-09-21 00:00:00-04:00,1666.4000244140625,1747.199951171875,1642.4000244140625,1651.199951171875,83061,0.0,0.0,0.0
2020-09-22 00:00:00-04:00,1649.5999755859375,1706.4000244140625,1646.4000244140625,1662.4000244140625,40236,0.0,0.0,0.0
2020-09-23 00:00:00-04:00,1654.4000244140625,1752.800048828125,1649.5999755859375,1751.199951171875,67134,0.0,0.0,0.0
2020-09-24 00:00:00-04:00,1752.800048828125,1771.199951171875,1688.0,1720.0,55884,0.0,0.0,0.0
2020-09-25 00:00:00-04:00,1720.0,1732.0,1664.800048828125,1673.5999755859375,33841,0.0,0.0,0.0
2020-09-28 00:00:00-04:00,1658.4000244140625,1681.5999755859375,1656.800048828125,1668.0,27486,0.0,0.0,0.0
2020-09-29 00:00:00-04:00,1672.800048828125,1672.800048828125,1610.4000244140625,1635.199951171875,34198,0.0,0.0,0.0
2020-09-30 00:00:00-04:00,1613.5999755859375,1649.5999755859375,1592.800048828125,1632.800048828125,48334,0.0,0.0,0.0
2020-10-01 00:00:00-04:00,1615.199951171875,1664.800048828125,1613.5999755859375,1640.800048828125,38830,0.0,0.0,0.0
2020-10-02 00:00:00-04:00,1722.4000244140625,1729.5999755859375,1659.199951171875,1687.199951171875,62169,0.0,0.0,0.0
2020-10-05 00:00:00-04:00,1673.5999755859375,1691.199951171875,1625.5999755859375,1637.5999755859375,32178,0.0,0.0,0.0
2020-10-06 00:00:00-04:00,1623.199951171875,1674.4000244140625,1593.5999755859375,1658.4000244140625,68499,0.0,0.0,0.0
2020-10-07 00:00:00-04:00,1626.4000244140625,1635.199951171875,1595.199951171875,1606.4000244140625,30736,0.0,0.0,0.0
2020-10-08 00:00:00-04:00,1585.5999755859375,1596.800048828125,1539.199951171875,1543.199951171875,41410,0.0,0.0,0.0
2020-10-09 00:00:00-04:00,1494.4000244140625,1496.0,1460.800048828125,1461.5999755859375,48489,0.0,0.0,0.0
2020-10-12 00:00:00-04:00,1436.0,1460.800048828125,1428.800048828125,1434.4000244140625,34195,0.0,0.0,0.0
2020-10-13 00:00:00-04:00,1450.4000244140625,1480.800048828125,1440.800048828125,1449.5999755859375,46876,0.0,0.0,0.0
2020-10-14 00:00:00-04:00,1439.199951171875,1460.0,1414.4000244140625,1437.5999755859375,59971,0.0,0.0,0.0
2020-10-15 00:00:00-04:00,1499.199951171875,1514.4000244140625,1445.5999755859375,1448.800048828125,44448,0.0,0.0,0.0
2020-10-16 00:00:00-04:00,1447.199951171875,1460.0,1426.4000244140625,1458.4000244140625,30039,0.0,0.0,0.0
2020-10-19 00:00:00-04:00,1452.0,1532.800048828125,1450.4000244140625,1523.199951171875,46894,0.0,0.0,0.0
2020-10-20 00:00:00-04:00,1512.800048828125,1529.5999755859375,1500.0,1522.4000244140625,50585,0.0,0.0,0.0
2020-10-21 00:00:00-04:00,1514.4000244140625,1533.5999755859375,1477.5999755859375,1485.5999755859375,48498,0.0,0.0,0.0
2020-10-22 00:00:00-04:00,1484.0,1497.5999755859375,1438.4000244140625,1452.0,44395,0.0,0.0,0.0
2020-10-23 00:00:00-04:00,1449.5999755859375,1485.5999755859375,1444.0,1453.5999755859375,34158,0.0,0.0,0.0
2020-10-26 00:00:00-04:00,1489.5999755859375,1609.5999755859375,1473.5999755859375,1580.800048828125,109893,0.0,0.0,0.0
2020-10-27 00:00:00-04:00,1584.0,1617.5999755859375,1556.0,1588.0,68883,0.0,0.0,0.0
2020-10-28 00:00:00-04:00,1711.199951171875,1819.199951171875,1690.4000244140625,1816.800048828125,155496,0.0,0.0,0.0
2020-10-29 00:00:00-04:00,1781.5999755859375,1816.0,1634.4000244140625,1664.0,91194,0.0,0.0,0.0
2020-10-30 00:00:00-04:00,1714.4000244140625,1771.199951171875,1690.4000244140625,1738.4000244140625,97819,0.0,0.0,0.0
2020-11-02 00:00:00-05:00,1659.199951171875,1724.0,1655.199951171875,1700.800048828125,73920,0.0,0.0,0.0
2020-11-03 00:00:00-05:00,1648.800048828125,1659.199951171875,1586.4000244140625,1611.199951171875,66429,0.0,0.0,0.0
2020-11-04 00:00:00-05:00,1540.0,1544.0,1455.199951171875,1469.5999755859375,107369,0.0,0.0,0.0
2020-11-05 00:00:00-05:00,1420.800048828125,1458.4000244140625,1406.4000244140625,1441.5999755859375,74620,0.0,0.0,0.0
2020-11-06 00:00:00-05:00,1428.800048828125,1431.199951171875,1345.5999755859375,1348.0,75240,0.0,0.0,0.0
2020-11-09 00:00:00-05:00,1254.4000244140625,1318.4000244140625,1195.199951171875,1317.5999755859375,110408,0.0,0.0,0.0
2020-11-10 00:00:00-05:00,1284.800048828125,1331.199951171875,1273.5999755859375,1275.199951171875,40705,0.0,0.0,0.0
2020-11-11 00:00:00-05:00,1256.0,1272.0,1222.4000244140625,1249.5999755859375,41640,0.0,0.0,0.0
2020-11-12 00:00:00-05:00,1266.4000244140625,1361.5999755859375,1251.199951171875,1333.5999755859375,115528,0.0,0.0,0.0
2020-11-13 00:00:00-05:00,1289.5999755859375,1289.5999755859375,1230.4000244140625,1251.199951171875,49484,0.0,0.0,0.0
2020-11-16 00:00:00-05:00,1220.0,1264.800048828125,1217.5999755859375,1219.199951171875,54571,0.0,0.0,0.0
2020-11-17 00:00:00-05:00,1246.4000244140625,1252.800048828125,1198.4000244140625,1200.0,46439,0.0,0.0,0.0
2020-11-18 00:00:00-05:00,1187.199951171875,1245.5999755859375,1176.0,1244.800048828125,58315,0.0,0.0,0.0
2020-11-19 00:00:00-05:00,1232.0,1251.199951171875,1202.4000244140625,1221.5999755859375,45736,0.0,0.0,0.0
2020-11-20 00:00:00-05:00,1220.800048828125,1224.800048828125,1196.0,1217.5999755859375,46001,0.0,0.0,0.0
2020-11-23 00:00:00-05:00,1204.0,1227.199951171875,1184.0,1202.4000244140625,45033,0.0,0.0,0.0
2020-11-24 00:00:00-05:00,1179.199951171875,1203.199951171875,1176.800048828125,1184.0,42844,0.0,0.0,0.0
2020-11-25 00:00:00-05:00,1186.4000244140625,1200.0,1138.4000244140625,1140.800048828125,50800,0.0,0.0,0.0
2020-11-27 00:00:00-05:00,1129.5999755859375,1156.0,1120.800048828125,1148.0,25050,0.0,0.0,0.0
2020-11-30 00:00:00-05:00,1154.4000244140625,1191.199951171875,1124.0,1125.5999755859375,48453,0.0,0.0,0.0
2020-12-01 00:00:00-05:00,1116.0,1141.5999755859375,1108.0,1134.4000244140625,50995,0.0,0.0,0.0
2020-12-02 00:00:00-05:00,1138.4000244140625,1139.199951171875,1107.199951171875,1129.5999755859375,37015,0.0,0.0,0.0
2020-12-03 00:00:00-05:00,1118.4000244140625,1151.199951171875,1114.4000244140625,1138.4000244140625,35969,0.0,0.0,0.0
2020-12-04 00:00:00-05:00,1126.4000244140625,1128.0,1111.199951171875,1121.5999755859375,38168,0.0,0.0,0.0
2020-12-07 00:00:00-05:00,1133.5999755859375,1139.199951171875,1122.4000244140625,1128.0,35701,0.0,0.0,0.0
2020-12-08 00:00:00-05:00,1136.800048828125,1137.5999755859375,1086.4000244140625,1088.800048828125,58093,0.0,0.0,0.0
2020-12-09 00:00:00-05:00,1076.800048828125,1137.5999755859375,1067.199951171875,1128.0,86101,0.0,0.0,0.0
2020-12-10 00:00:00-05:00,1135.199951171875,1145.5999755859375,1107.199951171875,1137.5999755859375,49406,0.0,0.0,0.0
2020-12-11 00:00:00-05:00,1164.800048828125,1212.0,1148.800048828125,1180.800048828125,89180,0.0,0.0,0.0
2020-12-14 00:00:00-05:00,1141.5999755859375,1209.5999755859375,1132.0,1208.800048828125,60433,0.0,0.0,0.0
2020-12-15 00:00:00-05:00,1180.0,1193.5999755859375,1150.4000244140625,1152.0,49644,0.0,0.0,0.0
2020-12-16 00:00:00-05:00,1150.4000244140625,1160.0,1112.0,1112.0,41979,0.0,0.0,0.0
2020-12-17 00:00:00-05:00,1116.800048828125,1120.0,1089.5999755859375,1100.0,41930,0.0,0.0,0.0
2020-12-18 00:00:00-05:00,1107.199951171875,1152.0,1106.4000244140625,1126.4000244140625,57895,0.0,0.0,0.0
2020-12-21 00:00:00-05:00,1231.199951171875,1276.0,1184.0,1208.0,123055,0.0,0.0,0.0
2020-12-22 00:00:00-05:00,1194.4000244140625,1211.199951171875,1180.800048828125,1184.800048828125,42636,0.0,0.0,0.0
2020-12-23 00:00:00-05:00,1162.4000244140625,1164.0,1117.5999755859375,1139.199951171875,40345,0.0,0.0,0.0
2020-12-24 00:00:00-05:00,1123.199951171875,1124.0,1105.5999755859375,1108.0,19801,0.0,0.0,0.0
2020-12-28 00:00:00-05:00,1089.5999755859375,1104.0,1084.800048828125,1100.0,30981,0.0,0.0,0.0
2020-12-29 00:00:00-05:00,1084.800048828125,1163.199951171875,1084.800048828125,1143.199951171875,58711,0.0,0.0,0.0
2020-12-30 00:00:00-05:00,1136.0,1141.5999755859375,1096.800048828125,1100.0,42340,0.0,0.0,0.0
2020-12-31 00:00:00-05:00,1100.0,1118.4000244140625,1079.199951171875,1099.199951171875,54598,0.0,0.0,0.0
2021-01-04 00:00:00-05:00,1099.199951171875,1232.0,1098.4000244140625,1204.0,162705,0.0,0.0,0.0
2021-01-05 00:00:00-05:00,1224.800048828125,1225.5999755859375,1146.4000244140625,1158.4000244140625,100691,0.0,0.0,0.0
2021-01-06 00:00:00-05:00,1144.800048828125,1178.4000244140625,1083.199951171875,1151.199951171875,181579,0.0,0.0,0.0
2021-01-07 00:00:00-05:00,1099.199951171875,1105.5999755859375,1080.800048828125,1080.800048828125,77144,0.0,0.0,0.0
2021-01-08 00:00:00-05:00,1075.199951171875,1109.5999755859375,1064.0,1070.4000244140625,87314,0.0,0.0,0.0
2021-01-11 00:00:00-05:00,1111.199951171875,1140.0,1093.5999755859375,1136.0,76573,0.0,0.0,0.0
2021-01-12 00:00:00-05:00,1110.4000244140625,1143.199951171875,1094.4000244140625,1097.5999755859375,65009,0.0,0.0,0.0
2021-01-13 00:00:00-05:00,1096.800048828125,1104.800048828125,1071.199951171875,1080.0,46638,0.0,0.0,0.0
2021-01-14 00:00:00-05:00,1072.0,1100.0,1058.4000244140625,1093.5999755859375,66910,0.0,0.0,0.0
2021-01-15 00:00:00-05:00,1109.5999755859375,1148.0,1093.5999755859375,1120.800048828125,85818,0.0,0.0,0.0
2021-01-19 00:00:00-05:00,1092.800048828125,1110.4000244140625,1083.199951171875,1089.5999755859375,100564,0.0,0.0,0.0
2021-01-20 00:00:00-05:00,1075.199951171875,1090.4000244140625,1062.4000244140625,1067.199951171875,88909,0.0,0.0,0.0
2021-01-21 00:00:00-05:00,1068.0,1085.5999755859375,1058.4000244140625,1058.4000244140625,52501,0.0,0.0,0.0
2021-01-22 00:00:00-05:00,1086.4000244140625,1092.0,1061.5999755859375,1073.5999755859375,61139,0.0,0.0,0.0
2021-01-25 00:00:00-05:00,1084.800048828125,1164.800048828125,1076.800048828125,1116.800048828125,154603,0.0,0.0,0.0
2021-01-26 00:00:00-05:00,1098.4000244140625,1107.199951171875,1077.5999755859375,1098.4000244140625,62978,0.0,0.0,0.0
2021-01-27 00:00:00-05:00,1157.5999755859375,1348.0,1155.199951171875,1326.4000244140625,288008,0.0,0.0,0.0
2021-01-28 00:00:00-05:00,1268.800048828125,1328.0,1234.4000244140625,1299.199951171875,243778,0.0,0.0,0.0
2021-01-29 00:00:00-05:00,1329.5999755859375,1425.5999755859375,1257.5999755859375,1384.0,256476,0.0,0.0,0.0
2021-02-01 00:00:00-05:00,1316.0,1393.5999755859375,1284.800048828125,1303.199951171875,152601,0.0,0.0,0.0
2021-02-02 00:00:00-05:00,1240.0,1242.4000244140625,1178.4000244140625,1194.4000244140625,102281,0.0,0.0,0.0
2021-02-03 00:00:00-05:00,1164.800048828125,1183.199951171875,1128.800048828125,1130.4000244140625,67879,0.0,0.0,0.0
2021-02-04 00:00:00-05:00,1106.4000244140625,1108.800048828125,1080.800048828125,1080.800048828125,58993,0.0,0.0,0.0
2021-02-05 00:00:00-05:00,1076.800048828125,1101.5999755859375,1076.0,1078.4000244140625,90758,0.0,0.0,0.0
2021-02-08 00:00:00-05:00,1073.5999755859375,1089.5999755859375,1069.5999755859375,1069.5999755859375,84099,0.0,0.0,0.0
2021-02-09 00:00:00-05:00,1084.0,1092.800048828125,1061.5999755859375,1075.199951171875,67160,0.0,0.0,0.0
2021-02-10 00:00:00-05:00,1068.0,1124.0,1065.5999755859375,1090.4000244140625,148718,0.0,0.0,0.0
2021-02-11 00:00:00-05:00,1079.199951171875,1116.800048828125,1065.5999755859375,1065.5999755859375,86836,0.0,0.0,0.0
2021-02-12 00:00:00-05:00,1076.800048828125,1077.5999755859375,1028.800048828125,1031.199951171875,94916,0.0,0.0,0.0
2021-02-16 00:00:00-05:00,1036.800048828125,1053.5999755859375,1021.5999755859375,1032.800048828125,92168,0.0,0.0,0.0
2021-02-17 00:00:00-05:00,1057.5999755859375,1076.0,1016.7999877929688,1018.4000244140625,94979,0.0,0.0,0.0
2021-02-18 00:00:00-05:00,1050.4000244140625,1062.4000244140625,1016.0,1027.199951171875,87571,0.0,0.0,0.0
2021-02-19 00:00:00-05:00,1016.0,1019.2000122070312,978.4000244140625,987.2000122070312,101388,0.0,0.0,0.0
2021-02-22 00:00:00-05:00,1023.2000122070312,1031.199951171875,992.7999877929688,1028.800048828125,79294,0.0,0.0,0.0
2021-02-23 00:00:00-05:00,1036.800048828125,1087.199951171875,985.5999755859375,986.4000244140625,131829,0.0,0.0,0.0
2021-02-24 00:00:00-05:00,1014.4000244140625,1024.0,945.5999755859375,948.7999877929688,102414,0.0,0.0,0.0
2021-02-25 00:00:00-05:00,968.0,1126.4000244140625,952.7999877929688,1096.0,298910,0.0,0.0,0.0
2021-02-26 00:00:00-05:00,1053.5999755859375,1132.0,1024.800048828125,1044.0,240236,0.0,0.0,0.0
2021-03-01 00:00:00-05:00,987.2000122070312,987.2000122070312,959.2000122070312,964.0,116893,0.0,0.0,0.0
2021-03-02 00:00:00-05:00,973.5999755859375,984.7999877929688,960.0,980.0,96914,0.0,0.0,0.0
2021-03-03 00:00:00-05:00,973.5999755859375,1023.2000122070312,964.7999877929688,1023.2000122070312,129340,0.0,0.0,0.0
2021-03-04 00:00:00-05:00,1011.2000122070312,1112.0,988.0,1065.5999755859375,294001,0.0,0.0,0.0
2021-03-05 00:00:00-05:00,1026.4000244140625,1096.800048828125,987.2000122070312,992.0,261284,0.0,0.0,0.0
2021-03-08 00:00:00-05:00,992.7999877929688,1016.7999877929688,971.2000122070312,1016.0,112304,0.0,0.0,0.0
2021-03-09 00:00:00-05:00,980.0,984.7999877929688,956.0,967.2000122070312,77343,0.0,0.0,0.0
2021-03-10 00:00:00-05:00,941.5999755859375,962.4000244140625,940.7999877929688,956.0,64953,0.0,0.0,0.0
2021-03-11 00:00:00-05:00,940.0,942.4000244140625,924.7999877929688,931.2000122070312,54325,0.0,0.0,0.0
2021-03-12 00:00:00-05:00,949.5999755859375,952.0,914.4000244140625,915.2000122070312,54069,0.0,0.0,0.0
2021-03-15 00:00:00-04:00,912.0,918.4000244140625,858.4000244140625,863.2000122070312,66439,0.0,0.0,0.0
2021-03-16 00:00:00-04:00,861.5999755859375,864.0,836.7999877929688,863.2000122070312,85244,0.0,0.0,0.0
2021-03-17 00:00:00-04:00,872.0,876.0,823.2000122070312,824.0,98691,0.0,0.0,0.0
2021-03-18 00:00:00-04:00,841.5999755859375,877.5999755859375,825.5999755859375,871.2000122070312,87145,0.0,0.0,0.0
2021-03-19 00:00:00-04:00,864.7999877929688,888.0,832.0,843.2000122070312,78165,0.0,0.0,0.0
2021-03-22 00:00:00-04:00,826.4000244140625,831.2000122070312,776.0,780.0,71413,0.0,0.0,0.0
2021-03-23 00:00:00-04:00,787.2000122070312,833.5999755859375,784.7999877929688,820.0,91620,0.0,0.0,0.0
2021-03-24 00:00:00-04:00,801.5999755859375,825.5999755859375,785.5999755859375,824.7999877929688,64063,0.0,0.0,0.0
2021-03-25 00:00:00-04:00,831.2000122070312,871.2000122070312,796.0,799.2000122070312,98883,0.0,0.0,0.0
2021-03-26 00:00:00-04:00,786.4000244140625,816.7999877929688,759.2000122070312,768.0,103945,0.0,0.0,0.0
2021-03-29 00:00:00-04:00,787.2000122070312,809.5999755859375,778.4000244140625,789.5999755859375,69466,0.0,0.0,0.0
2021-03-30 00:00:00-04:00,786.4000244140625,795.2000122070312,752.0,752.7999877929688,56208,0.0,0.0,0.0
2021-03-31 00:00:00-04:00,745.5999755859375,762.4000244140625,732.7999877929688,748.0,55265,0.0,0.0,0.0
2021-04-01 00:00:00-04:00,737.5999755859375,740.7999877929688,718.4000244140625,724.7999877929688,54111,0.0,0.0,0.0
2021-04-05 00:00:00-04:00,701.5999755859375,712.7999877929688,698.4000244140625,703.2000122070312,51340,0.0,0.0,0.0
2021-04-06 00:00:00-04:00,704.0,710.4000244140625,692.7999877929688,709.5999755859375,33724,0.0,0.0,0.0
2021-04-07 00:00:00-04:00,705.5999755859375,708.0,684.0,688.0,48030,0.0,0.0,0.0
2021-04-08 00:00:00-04:00,677.5999755859375,683.2000122070312,669.5999755859375,677.5999755859375,56055,0.0,0.0,0.0
2021-04-09 00:00:00-04:00,682.4000244140625,686.4000244140625,664.7999877929688,676.0,51478,0.0,0.0,0.0
2021-04-12 00:00:00-04:00,681.5999755859375,693.5999755859375,665.5999755859375,665.5999755859375,48239,0.0,0.0,0.0
2021-04-13 00:00:00-04:00,666.4000244140625,668.7999877929688,655.2000122070312,660.0,46275,0.0,0.0,0.0
2021-04-14 00:00:00-04:00,663.2000122070312,677.5999755859375,657.5999755859375,675.2000122070312,68448,0.0,0.0,0.0
2021-04-15 00:00:00-04:00,659.2000122070312,661.5999755859375,649.5999755859375,652.7999877929688,42046,0.0,0.0,0.0
2021-04-16 00:00:00-04:00,652.0,657.5999755859375,636.7999877929688,642.4000244140625,50315,0.0,0.0,0.0
2021-04-19 00:00:00-04:00,648.0,684.0,644.7999877929688,664.7999877929688,122284,0.0,0.0,0.0
2021-04-20 00:00:00-04:00,674.4000244140625,703.2000122070312,668.7999877929688,680.0,105916,0.0,0.0,0.0
2021-04-21 00:00:00-04:00,684.7999877929688,692.7999877929688,640.7999877929688,644.7999877929688,86436,0.0,0.0,0.0
2021-04-22 00:00:00-04:00,644.0,696.0,640.0,689.5999755859375,147110,0.0,0.0,0.0
2021-04-23 00:00:00-04:00,677.5999755859375,680.7999877929688,643.2000122070312,658.4000244140625,104759,0.0,0.0,0.0
2021-04-26 00:00:00-04:00,652.0,661.5999755859375,648.0,653.5999755859375,72501,0.0,0.0,0.0
2021-04-27 00:00:00-04:00,649.5999755859375,658.4000244140625,636.0,639.2000122070312,72570,0.0,0.0,0.0
2021-04-28 00:00:00-04:00,636.0,644.7999877929688,630.4000244140625,636.7999877929688,68194,0.0,0.0,0.0
2021-04-29 00:00:00-04:00,624.7999877929688,657.5999755859375,622.4000244140625,632.7999877929688,90618,0.0,0.0,0.0
2021-04-30 00:00:00-04:00,646.4000244140625,664.0,637.5999755859375,658.4000244140625,100679,0.0,0.0,0.0
2021-05-03 00:00:00-04:00,642.4000244140625,648.0,633.5999755859375,633.5999755859375,79709,0.0,0.0,0.0
2021-05-04 00:00:00-04:00,651.2000122070312,694.4000244140625,646.4000244140625,657.5999755859375,217190,0.0,0.0,0.0
2021-05-05 00:00:00-04:00,647.2000122070312,656.7999877929688,630.4000244140625,642.4000244140625,86548,0.0,0.0,0.0
2021-05-06 00:00:00-04:00,644.0,669.5999755859375,636.0,638.4000244140625,124134,0.0,0.0,0.0
2021-05-07 00:00:00-04:00,637.5999755859375,639.2000122070312,598.4000244140625,600.0,126091,0.0,0.0,0.0
2021-05-10 00:00:00-04:00,600.0,628.7999877929688,589.5999755859375,626.4000244140625,145726,0.0,0.0,0.0
2021-05-11 00:00:00-04:00,664.0,690.4000244140625,643.2000122070312,675.2000122070312,317419,0.0,0.0,0.0
2021-05-12 00:00:00-04:00,700.7999877929688,817.5999755859375,699.2000122070312,791.2000122070312,544654,0.0,0.0,0.0
2021-05-13 00:00:00-04:00,746.4000244140625,748.0,700.0,716.7999877929688,299894,0.0,0.0,0.0
2021-05-14 00:00:00-04:00,677.5999755859375,678.4000244140625,624.7999877929688,632.7999877929688,161470,0.0,0.0,0.0
2021-05-17 00:00:00-04:00,646.4000244140625,677.5999755859375,632.7999877929688,645.5999755859375,152074,0.0,0.0,0.0
2021-05-18 00:00:00-04:00,644.0,664.7999877929688,628.7999877929688,663.2000122070312,184945,0.0,0.0,0.0
2021-05-19 00:00:00-04:00,706.4000244140625,759.2000122070312,688.7999877929688,692.0,474534,0.0,0.0,0.0
2021-05-20 00:00:00-04:00,674.4000244140625,684.0,648.0,655.2000122070312,205415,0.0,0.0,0.0
2021-05-21 00:00:00-04:00,643.2000122070312,655.2000122070312,636.0,646.4000244140625,169455,0.0,0.0,0.0
2021-05-24 00:00:00-04:00,633.5999755859375,633.5999755859375,610.4000244140625,616.7999877929688,126086,0.0,0.0,0.0
2021-05-25 00:00:00-04:00,612.7999877929688,628.0,612.0,616.7999877929688,123723,0.0,0.0,0.0
2021-05-26 00:00:00-04:00,607.7999877929688,609.7999877929688,585.0,587.7999877929688,284820,0.0,0.25,0.0
2021-05-27 00:00:00-04:00,581.0,581.4000244140625,555.4000244140625,559.2000122070312,254635,0.0,0.0,0.0
2021-05-28 00:00:00-04:00,553.2000122070312,569.0,550.5999755859375,567.2000122070312,198095,0.0,0.0,0.0
2021-06-01 00:00:00-04:00,554.4000244140625,582.0,551.2000122070312,581.4000244140625,183625,0.0,0.0,0.0
2021-06-02 00:00:00-04:00,574.7999877929688,580.0,558.2000122070312,567.2000122070312,165760,0.0,0.0,0.0
2021-06-03 00:00:00-04:00,584.0,592.4000244140625,568.5999755859375,577.5999755859375,206235,0.0,0.0,0.0
2021-06-04 00:00:00-04:00,559.0,559.0,544.0,547.0,185435,0.0,0.0,0.0
2021-06-07 00:00:00-04:00,546.2000122070312,551.4000244140625,535.4000244140625,537.2000122070312,135505,0.0,0.0,0.0
2021-06-08 00:00:00-04:00,533.0,554.2000122070312,532.0,543.7999877929688,157245,0.0,0.0,0.0
2021-06-09 00:00:00-04:00,536.5999755859375,555.0,536.2000122070312,552.0,187795,0.0,0.0,0.0
2021-06-10 00:00:00-04:00,536.7999877929688,539.4000244140625,518.0,518.5999755859375,176470,0.0,0.0,0.0
2021-06-11 00:00:00-04:00,508.79998779296875,510.0,500.3999938964844,504.6000061035156,141575,0.0,0.0,0.0
2021-06-14 00:00:00-04:00,503.0,518.4000244140625,501.20001220703125,508.3999938964844,106470,0.0,0.0,0.0
2021-06-15 00:00:00-04:00,511.0,524.2000122070312,509.3999938964844,520.0,124685,0.0,0.0,0.0
2021-06-16 00:00:00-04:00,513.7999877929688,538.7999877929688,504.20001220703125,525.0,332205,0.0,0.0,0.0
2021-06-17 00:00:00-04:00,526.4000244140625,533.2000122070312,503.6000061035156,521.7999877929688,241540,0.0,0.0,0.0
2021-06-18 00:00:00-04:00,546.2000122070312,570.7999877929688,532.0,567.2000122070312,434985,0.0,0.0,0.0
2021-06-21 00:00:00-04:00,547.4000244140625,564.0,524.0,530.0,252200,0.0,0.0,0.0
2021-06-22 00:00:00-04:00,536.0,538.2000122070312,504.79998779296875,505.3999938964844,169540,0.0,0.0,0.0
2021-06-23 00:00:00-04:00,499.0,500.3999938964844,490.3999938964844,495.3999938964844,132000,0.0,0.0,0.0
2021-06-24 00:00:00-04:00,483.0,488.3999938964844,481.0,484.6000061035156,127535,0.0,0.0,0.0
2021-06-25 00:00:00-04:00,484.0,489.0,477.0,477.3999938964844,96640,0.0,0.0,0.0
2021-06-28 00:00:00-04:00,474.0,484.6000061035156,471.79998779296875,478.20001220703125,91385,0.0,0.0,0.0
2021-06-29 00:00:00-04:00,474.0,488.20001220703125,472.6000061035156,486.6000061035156,105285,0.0,0.0,0.0
2021-06-30 00:00:00-04:00,490.6000061035156,493.6000061035156,477.6000061035156,481.6000061035156,99165,0.0,0.0,0.0
2021-07-01 00:00:00-04:00,477.0,481.0,473.0,475.0,117005,0.0,0.0,0.0
2021-07-02 00:00:00-04:00,462.6000061035156,476.0,459.0,472.6000061035156,125270,0.0,0.0,0.0
2021-07-06 00:00:00-04:00,468.79998779296875,498.0,468.20001220703125,484.0,187515,0.0,0.0,0.0
2021-07-07 00:00:00-04:00,479.20001220703125,500.6000061035156,477.6000061035156,485.20001220703125,142590,0.0,0.0,0.0
2021-07-08 00:00:00-04:00,527.0,531.4000244140625,507.79998779296875,517.5999755859375,286915,0.0,0.0,0.0
2021-07-09 00:00:00-04:00,500.3999938964844,503.6000061035156,478.79998779296875,481.3999938964844,185035,0.0,0.0,0.0
2021-07-12 00:00:00-04:00,482.79998779296875,485.0,475.0,478.79998779296875,106805,0.0,0.0,0.0
2021-07-13 00:00:00-04:00,478.20001220703125,486.20001220703125,468.0,485.0,166465,0.0,0.0,0.0
2021-07-14 00:00:00-04:00,472.6000061035156,490.20001220703125,469.20001220703125,473.6000061035156,169350,0.0,0.0,0.0
2021-07-15 00:00:00-04:00,485.6000061035156,491.20001220703125,477.0,480.6000061035156,191540,0.0,0.0,0.0
2021-07-16 00:00:00-04:00,469.6000061035156,500.6000061035156,466.3999938964844,499.0,149315,0.0,0.0,0.0
2021-07-19 00:00:00-04:00,529.0,606.0,524.2000122070312,571.2000122070312,587355,0.0,0.0,0.0
2021-07-20 00:00:00-04:00,567.0,576.2000122070312,515.5999755859375,525.5999755859375,260910,0.0,0.0,0.0
2021-07-21 00:00:00-04:00,511.0,513.0,488.3999938964844,489.79998779296875,160060,0.0,0.0,0.0
2021-07-22 00:00:00-04:00,492.79998779296875,506.3999938964844,486.0,498.6000061035156,153410,0.0,0.0,0.0
2021-07-23 00:00:00-04:00,487.3999938964844,497.79998779296875,486.6000061035156,495.3999938964844,116725,0.0,0.0,0.0
2021-07-26 00:00:00-04:00,501.3999938964844,507.79998779296875,488.3999938964844,488.79998779296875,115010,0.0,0.0,0.0
2021-07-27 00:00:00-04:00,499.3999938964844,530.4000244140625,499.20001220703125,505.0,251095,0.0,0.0,0.0
2021-07-28 00:00:00-04:00,499.3999938964844,513.7999877929688,483.6000061035156,492.20001220703125,169930,0.0,0.0,0.0
2021-07-29 00:00:00-04:00,488.0,488.0,479.20001220703125,482.20001220703125,115380,0.0,0.0,0.0
2021-07-30 00:00:00-04:00,499.79998779296875,500.6000061035156,483.20001220703125,495.3999938964844,141305,0.0,0.0,0.0
2021-08-02 00:00:00-04:00,488.3999938964844,516.2000122070312,486.79998779296875,513.5999755859375,171200,0.0,0.0,0.0
2021-08-03 00:00:00-04:00,505.79998779296875,519.2000122070312,487.20001220703125,488.0,184910,0.0,0.0,0.0
2021-08-04 00:00:00-04:00,497.3999938964844,498.6000061035156,482.3999938964844,487.6000061035156,123480,0.0,0.0,0.0
2021-08-05 00:00:00-04:00,482.79998779296875,483.20001220703125,474.79998779296875,474.79998779296875,93525,0.0,0.0,0.0
2021-08-06 00:00:00-04:00,470.6000061035156,473.3999938964844,462.20001220703125,462.79998779296875,101560,0.0,0.0,0.0
2021-08-09 00:00:00-04:00,462.20001220703125,466.6000061035156,454.3999938964844,457.3999938964844,83850,0.0,0.0,0.0
2021-08-10 00:00:00-04:00,453.3999938964844,456.79998779296875,445.20001220703125,451.0,115680,0.0,0.0,0.0
2021-08-11 00:00:00-04:00,446.6000061035156,450.20001220703125,436.0,438.6000061035156,119350,0.0,0.0,0.0
2021-08-12 00:00:00-04:00,440.79998779296875,442.3999938964844,424.20001220703125,429.0,110410,0.0,0.0,0.0
2021-08-13 00:00:00-04:00,423.79998779296875,431.6000061035156,421.0,429.0,105515,0.0,0.0,0.0
2021-08-16 00:00:00-04:00,442.3999938964844,449.6000061035156,430.79998779296875,431.0,238100,0.0,0.0,0.0
2021-08-17 00:00:00-04:00,444.0,467.20001220703125,437.79998779296875,445.0,387445,0.0,0.0,0.0
2021-08-18 00:00:00-04:00,451.3999938964844,479.3999938964844,444.6000061035156,475.3999938964844,399415,0.0,0.0,0.0
2021-08-19 00:00:00-04:00,498.0,505.20001220703125,473.20001220703125,490.79998779296875,467625,0.0,0.0,0.0
2021-08-20 00:00:00-04:00,483.20001220703125,486.0,450.20001220703125,454.0,222135,0.0,0.0,0.0
2021-08-23 00:00:00-04:00,441.3999938964844,441.3999938964844,431.0,438.20001220703125,171790,0.0,0.0,0.0
2021-08-24 00:00:00-04:00,436.6000061035156,440.20001220703125,434.0,437.20001220703125,96550,0.0,0.0,0.0
2021-08-25 00:00:00-04:00,435.20001220703125,437.3999938964844,426.0,427.20001220703125,132780,0.0,0.0,0.0
2021-08-26 00:00:00-04:00,433.3999938964844,451.0,429.6000061035156,445.79998779296875,255080,0.0,0.0,0.0
2021-08-27 00:00:00-04:00,438.6000061035156,438.79998779296875,419.20001220703125,422.79998779296875,228490,0.0,0.0,0.0
2021-08-30 00:00:00-04:00,418.20001220703125,423.20001220703125,415.6000061035156,418.3999938964844,144060,0.0,0.0,0.0
2021-08-31 00:00:00-04:00,420.6000061035156,424.6000061035156,416.20001220703125,417.0,157795,0.0,0.0,0.0
2021-09-01 00:00:00-04:00,414.0,417.6000061035156,403.0,406.20001220703125,137870,0.0,0.0,0.0
2021-09-02 00:00:00-04:00,401.3999938964844,413.0,400.6000061035156,405.3999938964844,140610,0.0,0.0,0.0
2021-09-03 00:00:00-04:00,412.6000061035156,415.79998779296875,404.3999938964844,409.20001220703125,153485,0.0,0.0,0.0
2021-09-07 00:00:00-04:00,411.3999938964844,421.6000061035156,410.20001220703125,418.20001220703125,117110,0.0,0.0,0.0
2021-09-08 00:00:00-04:00,425.20001220703125,432.3999938964844,416.3999938964844,417.6000061035156,173055,0.0,0.0,0.0
2021-09-09 00:00:00-04:00,420.20001220703125,428.0,408.0,426.79998779296875,190040,0.0,0.0,0.0
2021-09-10 00:00:00-04:00,411.3999938964844,445.3999938964844,407.79998779296875,441.0,198245,0.0,0.0,0.0
2021-09-13 00:00:00-04:00,423.79998779296875,446.6000061035156,421.20001220703125,426.79998779296875,277115,0.0,0.0,0.0
2021-09-14 00:00:00-04:00,420.3999938964844,440.0,417.3999938964844,433.6000061035156,253900,0.0,0.0,0.0
2021-09-15 00:00:00-04:00,425.20001220703125,433.79998779296875,412.3999938964844,416.0,263705,0.0,0.0,0.0
2021-09-16 00:00:00-04:00,417.79998779296875,427.79998779296875,407.20001220703125,411.79998779296875,198825,0.0,0.0,0.0
2021-09-17 00:00:00-04:00,414.3999938964844,439.79998779296875,411.0,438.79998779296875,251250,0.0,0.0,0.0
2021-09-20 00:00:00-04:00,473.6000061035156,530.0,462.20001220703125,486.6000061035156,722235,0.0,0.0,0.0
2021-09-21 00:00:00-04:00,472.3999938964844,496.6000061035156,461.20001220703125,468.3999938964844,360980,0.0,0.0,0.0
2021-09-22 00:00:00-04:00,456.6000061035156,462.79998779296875,433.20001220703125,442.0,361255,0.0,0.0,0.0
2021-09-23 00:00:00-04:00,427.6000061035156,429.0,412.79998779296875,414.6000061035156,331250,0.0,0.0,0.0
2021-09-24 00:00:00-04:00,425.0,425.6000061035156,400.79998779296875,402.0,194785,0.0,0.0,0.0
2021-09-27 00:00:00-04:00,404.0,409.3999938964844,398.20001220703125,405.6000061035156,158510,0.0,0.0,0.0
2021-09-28 00:00:00-04:00,422.79998779296875,457.3999938964844,419.0,448.79998779296875,464900,0.0,0.0,0.0
2021-09-29 00:00:00-04:00,445.20001220703125,458.3999938964844,440.0,454.79998779296875,278175,0.0,0.0,0.0
2021-09-30 00:00:00-04:00,443.6000061035156,463.3999938964844,432.6000061035156,456.0,345960,0.0,0.0,0.0
2021-10-01 00:00:00-04:00,445.0,461.0,427.79998779296875,438.6000061035156,289660,0.0,0.0,0.0
2021-10-04 00:00:00-04:00,439.20001220703125,466.20001220703125,435.20001220703125,451.20001220703125,347720,0.0,0.0,0.0
2021-10-05 00:00:00-04:00,447.20001220703125,450.6000061035156,425.79998779296875,434.6000061035156,190980,0.0,0.0,0.0
2021-10-06 00:00:00-04:00,445.0,462.0,427.3999938964844,429.6000061035156,303465,0.0,0.0,0.0
2021-10-07 00:00:00-04:00,420.3999938964844,420.79998779296875,411.3999938964844,413.3999938964844,138900,0.0,0.0,0.0
2021-10-08 00:00:00-04:00,408.0,411.79998779296875,402.0,405.6000061035156,146880,0.0,0.0,0.0
2021-10-11 00:00:00-04:00,408.79998779296875,411.0,395.0,410.20001220703125,176300,0.0,0.0,0.0
2021-10-12 00:00:00-04:00,404.0,411.6000061035156,397.6000061035156,402.3999938964844,161995,0.0,0.0,0.0
2021-10-13 00:00:00-04:00,400.20001220703125,408.20001220703125,394.0,394.79998779296875,155455,0.0,0.0,0.0
2021-10-14 00:00:00-04:00,382.20001220703125,384.0,372.6000061035156,373.3999938964844,164050,0.0,0.0,0.0
2021-10-15 00:00:00-04:00,369.3999938964844,374.3999938964844,362.3999938964844,373.20001220703125,151770,0.0,0.0,0.0
2021-10-18 00:00:00-04:00,379.0,379.3999938964844,363.3999938964844,365.6000061035156,110615,0.0,0.0,0.0
2021-10-19 00:00:00-04:00,363.0,366.3999938964844,360.0,362.20001220703125,101195,0.0,0.0,0.0
2021-10-20 00:00:00-04:00,363.0,363.79998779296875,357.3999938964844,359.20001220703125,100275,0.0,0.0,0.0
2021-10-21 00:00:00-04:00,361.20001220703125,363.0,346.3999938964844,347.3999938964844,100975,0.0,0.0,0.0
2021-10-22 00:00:00-04:00,348.3999938964844,363.20001220703125,344.0,354.3999938964844,151410,0.0,0.0,0.0
2021-10-25 00:00:00-04:00,351.6000061035156,358.0,343.6000061035156,344.0,92495,0.0,0.0,0.0
2021-10-26 00:00:00-04:00,340.0,358.20001220703125,339.79998779296875,350.6000061035156,166415,0.0,0.0,0.0
2021-10-27 00:00:00-04:00,349.79998779296875,360.20001220703125,341.3999938964844,358.79998779296875,153930,0.0,0.0,0.0
2021-10-28 00:00:00-04:00,353.20001220703125,354.0,346.3999938964844,347.6000061035156,83575,0.0,0.0,0.0
2021-10-29 00:00:00-04:00,356.3999938964844,357.0,347.6000061035156,349.79998779296875,91840,0.0,0.0,0.0
2021-11-01 00:00:00-04:00,346.79998779296875,357.6000061035156,344.0,345.0,79235,0.0,0.0,0.0
2021-11-02 00:00:00-04:00,344.6000061035156,344.6000061035156,335.20001220703125,336.0,74895,0.0,0.0,0.0
2021-11-03 00:00:00-04:00,337.0,338.6000061035156,321.3999938964844,323.79998779296875,124630,0.0,0.0,0.0
2021-11-04 00:00:00-04:00,320.6000061035156,333.20001220703125,318.3999938964844,328.6000061035156,113910,0.0,0.0,0.0
2021-11-05 00:00:00-04:00,325.0,342.0,324.0,339.79998779296875,140830,0.0,0.0,0.0
2021-11-08 00:00:00-05:00,335.3999938964844,347.20001220703125,334.0,340.6000061035156,109815,0.0,0.0,0.0
2021-11-09 00:00:00-05:00,343.0,355.0,342.79998779296875,346.20001220703125,190705,0.0,0.0,0.0
2021-11-10 00:00:00-05:00,354.3999938964844,361.6000061035156,340.6000061035156,352.20001220703125,205180,0.0,0.0,0.0
2021-11-11 00:00:00-05:00,344.79998779296875,349.79998779296875,338.20001220703125,345.3999938964844,100950,0.0,0.0,0.0
2021-11-12 00:00:00-05:00,339.6000061035156,342.6000061035156,331.79998779296875,333.6000061035156,105800,0.0,0.0,0.0
2021-11-15 00:00:00-05:00,329.0,340.0,328.6000061035156,329.0,112225,0.0,0.0,0.0
2021-11-16 00:00:00-05:00,332.0,332.0,325.0,329.79998779296875,99060,0.0,0.0,0.0
2021-11-17 00:00:00-05:00,329.0,336.20001220703125,327.3999938964844,335.79998779296875,134935,0.0,0.0,0.0
2021-11-18 00:00:00-05:00,332.6000061035156,342.79998779296875,330.6000061035156,338.20001220703125,131980,0.0,0.0,0.0
2021-11-19 00:00:00-05:00,340.79998779296875,346.6000061035156,335.3999938964844,342.79998779296875,132075,0.0,0.0,0.0
2021-11-22 00:00:00-05:00,335.79998779296875,350.0,333.6000061035156,348.3999938964844,156385,0.0,0.0,0.0
2021-11-23 00:00:00-05:00,349.0,355.6000061035156,339.0,340.79998779296875,246675,0.0,0.0,0.0
2021-11-24 00:00:00-05:00,349.20001220703125,355.20001220703125,334.0,335.79998779296875,195455,0.0,0.0,0.0
2021-11-26 00:00:00-05:00,375.6000061035156,432.3999938964844,369.79998779296875,419.79998779296875,504005,0.0,0.0,0.0
2021-11-29 00:00:00-05:00,378.3999938964844,382.0,354.0,363.0,244920,0.0,0.0,0.0
2021-11-30 00:00:00-05:00,384.6000061035156,417.20001220703125,376.3999938964844,414.0,459720,0.0,0.0,0.0
2021-12-01 00:00:00-05:00,386.6000061035156,447.6000061035156,372.20001220703125,445.79998779296875,397600,0.0,0.0,0.0
2021-12-02 00:00:00-05:00,432.79998779296875,440.6000061035156,411.3999938964844,421.0,477035,0.0,0.0,0.0
2021-12-03 00:00:00-05:00,416.20001220703125,492.79998779296875,413.79998779296875,457.79998779296875,883505,0.0,0.0,0.0
2021-12-06 00:00:00-05:00,441.20001220703125,456.79998779296875,419.3999938964844,420.79998779296875,445575,0.0,0.0,0.0
2021-12-07 00:00:00-05:00,397.3999938964844,397.6000061035156,369.6000061035156,375.3999938964844,230905,0.0,0.0,0.0
2021-12-08 00:00:00-05:00,371.3999938964844,376.20001220703125,352.0,353.3999938964844,167130,0.0,0.0,0.0
2021-12-09 00:00:00-05:00,353.3999938964844,370.0,347.20001220703125,363.20001220703125,247515,0.0,0.0,0.0
2021-12-10 00:00:00-05:00,345.6000061035156,357.0,339.0,339.6000061035156,242115,0.0,0.0,0.0
2021-12-13 00:00:00-05:00,343.3999938964844,357.20001220703125,342.3999938964844,353.20001220703125,277115,0.0,0.0,0.0
2021-12-14 00:00:00-05:00,365.20001220703125,376.20001220703125,355.6000061035156,359.3999938964844,301415,0.0,0.0,0.0
2021-12-15 00:00:00-05:00,362.3999938964844,376.20001220703125,332.6000061035156,333.6000061035156,383040,0.0,0.0,0.0
2021-12-16 00:00:00-05:00,327.79998779296875,359.20001220703125,326.20001220703125,348.0,345990,0.0,0.0,0.0
2021-12-17 00:00:00-05:00,362.20001220703125,370.0,345.3999938964844,359.20001220703125,373460,0.0,0.0,0.0
2021-12-20 00:00:00-05:00,392.79998779296875,406.6000061035156,369.3999938964844,371.6000061035156,339775,0.0,0.0,0.0
2021-12-21 00:00:00-05:00,360.3999938964844,369.0,350.3999938964844,353.79998779296875,194585,0.0,0.0,0.0
2021-12-22 00:00:00-05:00,353.20001220703125,353.20001220703125,333.3999938964844,333.79998779296875,182155,0.0,0.0,0.0
2021-12-23 00:00:00-05:00,330.20001220703125,331.6000061035156,326.0,329.6000061035156,188585,0.0,0.0,0.0
2021-12-27 00:00:00-05:00,327.0,331.6000061035156,320.3999938964844,322.0,176305,0.0,0.0,0.0
2021-12-28 00:00:00-05:00,320.0,323.20001220703125,313.79998779296875,313.79998779296875,201560,0.0,0.0,0.0
2021-12-29 00:00:00-05:00,313.3999938964844,317.0,303.0,306.0,186840,0.0,0.0,0.0
2021-12-30 00:00:00-05:00,303.79998779296875,308.3999938964844,298.79998779296875,305.79998779296875,149400,0.0,0.0,0.0
2021-12-31 00:00:00-05:00,305.0,308.3999938964844,300.20001220703125,303.3999938964844,141050,0.0,0.0,0.0
2022-01-03 00:00:00-05:00,298.6000061035156,304.6000061035156,292.20001220703125,292.3999938964844,191865,0.0,0.0,0.0
2022-01-04 00:00:00-05:00,290.6000061035156,301.0,289.6000061035156,292.20001220703125,214730,0.0,0.0,0.0
2022-01-05 00:00:00-05:00,294.6000061035156,315.6000061035156,287.6000061035156,314.6000061035156,348225,0.0,0.0,0.0
2022-01-06 00:00:00-05:00,316.79998779296875,322.0,307.3999938964844,316.79998779296875,353860,0.0,0.0,0.0
2022-01-07 00:00:00-05:00,316.6000061035156,324.6000061035156,306.0,307.6000061035156,271425,0.0,0.0,0.0
2022-01-10 00:00:00-05:00,319.6000061035156,336.79998779296875,300.79998779296875,301.79998779296875,474260,0.0,0.0,0.0
2022-01-11 00:00:00-05:00,305.79998779296875,312.6000061035156,290.6000061035156,291.3999938964844,250795,0.0,0.0,0.0
2022-01-12 00:00:00-05:00,287.20001220703125,293.79998779296875,282.3999938964844,288.3999938964844,267915,0.0,0.0,0.0
2022-01-13 00:00:00-05:00,287.79998779296875,308.6000061035156,284.20001220703125,306.6000061035156,293820,0.0,0.0,0.0
2022-01-14 00:00:00-05:00,316.6000061035156,318.20001220703125,299.20001220703125,301.6000061035156,328805,0.0,0.0,0.0
2022-01-18 00:00:00-05:00,314.6000061035156,327.79998779296875,314.0,324.79998779296875,442315,0.0,0.0,0.0
2022-01-19 00:00:00-05:00,317.79998779296875,335.6000061035156,316.6000061035156,332.79998779296875,427125,0.0,0.0,0.0
2022-01-20 00:00:00-05:00,324.6000061035156,349.6000061035156,312.0,347.0,490430,0.0,0.0,0.0
2022-01-21 00:00:00-05:00,353.6000061035156,379.6000061035156,345.79998779296875,379.20001220703125,952390,0.0,0.0,0.0
2022-01-24 00:00:00-05:00,405.0,455.0,380.6000061035156,387.3999938964844,1750030,0.0,0.0,0.0
2022-01-25 00:00:00-05:00,414.0,429.0,378.6000061035156,390.6000061035156,1099240,0.0,0.0,0.0
2022-01-26 00:00:00-05:00,372.6000061035156,406.3999938964844,355.6000061035156,396.79998779296875,1280210,0.0,0.0,0.0
2022-01-27 00:00:00-05:00,376.79998779296875,410.6000061035156,370.0,400.20001220703125,831655,0.0,0.0,0.0
2022-01-28 00:00:00-05:00,392.0,409.0,373.20001220703125,374.6000061035156,709495,0.0,0.0,0.0
2022-01-31 00:00:00-05:00,379.3999938964844,382.3999938964844,349.6000061035156,349.6000061035156,487330,0.0,0.0,0.0
2022-02-01 00:00:00-05:00,343.3999938964844,353.0,323.3999938964844,323.79998779296875,372670,0.0,0.0,0.0
2022-02-02 00:00:00-05:00,321.79998779296875,330.3999938964844,315.3999938964844,317.3999938964844,413940,0.0,0.0,0.0
2022-02-03 00:00:00-05:00,337.20001220703125,359.0,328.20001220703125,355.6000061035156,497255,0.0,0.0,0.0
2022-02-04 00:00:00-05:00,351.3999938964844,362.0,332.0,343.20001220703125,445240,0.0,0.0,0.0
2022-02-07 00:00:00-05:00,335.3999938964844,339.0,326.3999938964844,334.0,313895,0.0,0.0,0.0
2022-02-08 00:00:00-05:00,330.79998779296875,336.20001220703125,317.0,318.6000061035156,327270,0.0,0.0,0.0
2022-02-09 00:00:00-05:00,309.3999938964844,312.79998779296875,305.79998779296875,306.3999938964844,310005,0.0,0.0,0.0
2022-02-10 00:00:00-05:00,322.0,342.6000061035156,307.0,334.79998779296875,710720,0.0,0.0,0.0
2022-02-11 00:00:00-05:00,334.20001220703125,390.0,331.79998779296875,379.20001220703125,925375,0.0,0.0,0.0
2022-02-14 00:00:00-05:00,381.0,405.0,376.20001220703125,379.20001220703125,763305,0.0,0.0,0.0
2022-02-15 00:00:00-05:00,354.0,363.0,348.6000061035156,349.0,462260,0.0,0.0,0.0
2022-02-16 00:00:00-05:00,355.0,361.6000061035156,334.20001220703125,335.3999938964844,482050,0.0,0.0,0.0
2022-02-17 00:00:00-05:00,355.0,377.20001220703125,353.3999938964844,374.0,587070,0.0,0.0,0.0
2022-02-18 00:00:00-05:00,378.3999938964844,393.20001220703125,372.3999938964844,383.79998779296875,570940,0.0,0.0,0.0
2022-02-22 00:00:00-05:00,388.79998779296875,402.20001220703125,373.79998779296875,381.79998779296875,645850,0.0,0.0,0.0
2022-02-23 00:00:00-05:00,371.20001220703125,404.79998779296875,370.20001220703125,403.0,517465,0.0,0.0,0.0
2022-02-24 00:00:00-05:00,448.0,448.3999938964844,388.20001220703125,390.3999938964844,792060,0.0,0.0,0.0
2022-02-25 00:00:00-05:00,387.6000061035156,395.20001220703125,369.6000061035156,374.3999938964844,503010,0.0,0.0,0.0
2022-02-28 00:00:00-05:00,403.20001220703125,407.79998779296875,384.79998779296875,393.0,398165,0.0,0.0,0.0
2022-03-01 00:00:00-05:00,402.6000061035156,440.6000061035156,397.20001220703125,435.20001220703125,523375,0.0,0.0,0.0
2022-03-02 00:00:00-05:00,429.6000061035156,432.6000061035156,403.3999938964844,408.0,346675,0.0,0.0,0.0
2022-03-03 00:00:00-05:00,403.0,421.0,397.6000061035156,410.0,343615,0.0,0.0,0.0
2022-03-04 00:00:00-05:00,432.79998779296875,446.20001220703125,425.3999938964844,427.0,377730,0.0,0.0,0.0
2022-03-07 00:00:00-05:00,429.0,466.20001220703125,429.0,464.79998779296875,326810,0.0,0.0,0.0
2022-03-08 00:00:00-05:00,461.20001220703125,479.3999938964844,436.0,460.20001220703125,449250,0.0,0.0,0.0
2022-03-09 00:00:00-05:00,436.20001220703125,444.6000061035156,429.0,441.3999938964844,305000,0.0,0.0,0.0
2022-03-10 00:00:00-05:00,447.79998779296875,449.6000061035156,421.79998779296875,422.20001220703125,228485,0.0,0.0,0.0
2022-03-11 00:00:00-05:00,409.3999938964844,431.79998779296875,408.3999938964844,430.20001220703125,240240,0.0,0.0,0.0
2022-03-14 00:00:00-04:00,428.20001220703125,457.3999938964844,415.79998779296875,444.0,472140,0.0,0.0,0.0
2022-03-15 00:00:00-04:00,438.0,444.3999938964844,420.3999938964844,429.3999938964844,655175,0.0,0.0,0.0
2022-03-16 00:00:00-04:00,412.3999938964844,419.6000061035156,385.20001220703125,385.20001220703125,566410,0.0,0.0,0.0
2022-03-17 00:00:00-04:00,386.20001220703125,390.6000061035156,374.6000061035156,379.20001220703125,358620,0.0,0.0,0.0
2022-03-18 00:00:00-04:00,386.0,389.79998779296875,359.0,361.3999938964844,410495,0.0,0.0,0.0
2022-03-21 00:00:00-04:00,361.3999938964844,370.79998779296875,348.0,357.6000061035156,433740,0.0,0.0,0.0
2022-03-22 00:00:00-04:00,351.6000061035156,354.79998779296875,347.79998779296875,351.0,302490,0.0,0.0,0.0
2022-03-23 00:00:00-04:00,360.79998779296875,361.3999938964844,349.20001220703125,350.3999938964844,370165,0.0,0.0,0.0
2022-03-24 00:00:00-04:00,349.3999938964844,354.3999938964844,339.79998779296875,342.3999938964844,310115,0.0,0.0,0.0
2022-03-25 00:00:00-04:00,340.6000061035156,349.0,332.20001220703125,332.6000061035156,329205,0.0,0.0,0.0
2022-03-28 00:00:00-04:00,336.6000061035156,350.0,327.3999938964844,327.6000061035156,347110,0.0,0.0,0.0
2022-03-29 00:00:00-04:00,319.79998779296875,320.3999938964844,310.6000061035156,312.3999938964844,426640,0.0,0.0,0.0
2022-03-30 00:00:00-04:00,315.20001220703125,326.20001220703125,309.79998779296875,315.79998779296875,416165,0.0,0.0,0.0
2022-03-31 00:00:00-04:00,318.0,333.6000061035156,316.79998779296875,331.3999938964844,440645,0.0,0.0,0.0
2022-04-01 00:00:00-04:00,327.0,333.6000061035156,319.0,320.0,421370,0.0,0.0,0.0
2022-04-04 00:00:00-04:00,317.3999938964844,320.0,302.79998779296875,302.79998779296875,290420,0.0,0.0,0.0
2022-04-05 00:00:00-04:00,307.6000061035156,329.79998779296875,304.79998779296875,328.3999938964844,482000,0.0,0.0,0.0
2022-04-06 00:00:00-04:00,340.0,354.79998779296875,333.6000061035156,336.0,922040,0.0,0.0,0.0
2022-04-07 00:00:00-04:00,338.3999938964844,345.0,324.0,326.20001220703125,510530,0.0,0.0,0.0
2022-04-08 00:00:00-04:00,330.79998779296875,334.3999938964844,317.79998779296875,326.20001220703125,430725,0.0,0.0,0.0
2022-04-11 00:00:00-04:00,333.3999938964844,345.20001220703125,329.79998779296875,344.79998779296875,420755,0.0,0.0,0.0
2022-04-12 00:00:00-04:00,336.79998779296875,349.20001220703125,328.6000061035156,348.0,658555,0.0,0.0,0.0
2022-04-13 00:00:00-04:00,349.20001220703125,350.20001220703125,323.0,324.6000061035156,379335,0.0,0.0,0.0
2022-04-14 00:00:00-04:00,319.3999938964844,333.20001220703125,314.0,332.3999938964844,452365,0.0,0.0,0.0
2022-04-18 00:00:00-04:00,335.0,335.6000061035156,324.0,327.79998779296875,427860,0.0,0.0,0.0
2022-04-19 00:00:00-04:00,327.20001220703125,328.6000061035156,307.79998779296875,311.6000061035156,445120,0.0,0.0,0.0
2022-04-20 00:00:00-04:00,306.0,312.0,301.6000061035156,304.3999938964844,558540,0.0,0.0,0.0
2022-04-21 00:00:00-04:00,298.79998779296875,332.20001220703125,297.6000061035156,326.3999938964844,802590,0.0,0.0,0.0
2022-04-22 00:00:00-04:00,327.3999938964844,369.79998779296875,325.3999938964844,367.20001220703125,1148850,0.0,0.0,0.0
2022-04-25 00:00:00-04:00,372.0,388.79998779296875,356.3999938964844,358.6000061035156,1348225,0.0,0.0,0.0
2022-04-26 00:00:00-04:00,364.0,398.0,364.0,396.20001220703125,976965,0.0,0.0,0.0
2022-04-27 00:00:00-04:00,397.79998779296875,405.0,380.6000061035156,404.3999938964844,818015,0.0,0.0,0.0
2022-04-28 00:00:00-04:00,383.6000061035156,394.3999938964844,366.0,383.3999938964844,630495,0.0,0.0,0.0
2022-04-29 00:00:00-04:00,389.0,415.20001220703125,377.0,412.6000061035156,912655,0.0,0.0,0.0
2022-05-02 00:00:00-04:00,415.0,435.3999938964844,404.0,407.0,777310,0.0,0.0,0.0
2022-05-03 00:00:00-04:00,400.3999938964844,404.79998779296875,381.0,382.3999938964844,909445,0.0,0.0,0.0
2022-05-04 00:00:00-04:00,377.3999938964844,383.0,344.6000061035156,347.3999938964844,1051070,0.0,0.0,0.0
2022-05-05 00:00:00-04:00,356.6000061035156,418.0,353.6000061035156,409.0,1581680,0.0,0.0,0.0
2022-05-06 00:00:00-04:00,415.0,438.0,402.0,403.6000061035156,1301255,0.0,0.0,0.0
2022-05-09 00:00:00-04:00,421.3999938964844,440.0,416.79998779296875,435.79998779296875,1184820,0.0,0.0,0.0
2022-05-10 00:00:00-04:00,414.79998779296875,438.0,412.6000061035156,421.3999938964844,702055,0.0,0.0,0.0
2022-05-11 00:00:00-04:00,422.79998779296875,427.3999938964844,400.0,417.6000061035156,932790,0.0,0.0,0.0
2022-05-12 00:00:00-04:00,425.0,434.3999938964844,408.0,410.20001220703125,812035,0.0,0.0,0.0
2022-05-13 00:00:00-04:00,395.6000061035156,399.79998779296875,383.6000061035156,383.6000061035156,504980,0.0,0.0,0.0
2022-05-16 00:00:00-04:00,381.3999938964844,384.6000061035156,367.3999938964844,367.79998779296875,451355,0.0,0.0,0.0
2022-05-17 00:00:00-04:00,357.3999938964844,366.20001220703125,354.0,358.79998779296875,392730,0.0,0.0,0.0
2022-05-18 00:00:00-04:00,367.0,413.6000061035156,364.6000061035156,411.3999938964844,628100,0.0,0.0,0.0
2022-05-19 00:00:00-04:00,418.3999938964844,420.79998779296875,383.20001220703125,384.79998779296875,652020,0.0,0.0,0.0
2022-05-20 00:00:00-04:00,372.3999938964844,414.79998779296875,371.0,386.6000061035156,833840,0.0,0.0,0.0
2022-05-23 00:00:00-04:00,379.0,392.0,374.0,380.6000061035156,442385,0.0,0.0,0.0
2022-05-24 00:00:00-04:00,389.0,400.0,379.79998779296875,382.3999938964844,609640,0.0,0.0,0.0
2022-05-25 00:00:00-04:00,388.6000061035156,389.0,369.79998779296875,373.79998779296875,390235,0.0,0.0,0.0
2022-05-26 00:00:00-04:00,369.79998779296875,371.79998779296875,365.0,369.79998779296875,307440,0.0,0.0,0.0
2022-05-27 00:00:00-04:00,360.79998779296875,364.20001220703125,355.20001220703125,355.79998779296875,346830,0.0,0.0,0.0
2022-05-31 00:00:00-04:00,363.3999938964844,371.20001220703125,347.6000061035156,349.79998779296875,380875,0.0,0.0,0.0
2022-06-01 00:00:00-04:00,345.3999938964844,365.79998779296875,341.79998779296875,347.3999938964844,489940,0.0,0.0,0.0
2022-06-02 00:00:00-04:00,348.6000061035156,350.79998779296875,334.3999938964844,340.20001220703125,368345,0.0,0.0,0.0
2022-06-03 00:00:00-04:00,346.79998779296875,351.3999938964844,341.3999938964844,343.3999938964844,392485,0.0,0.0,0.0
2022-06-06 00:00:00-04:00,337.0,344.6000061035156,334.79998779296875,339.3999938964844,336700,0.0,0.0,0.0
2022-06-07 00:00:00-04:00,347.3999938964844,348.3999938964844,329.6000061035156,330.0,260225,0.0,0.0,0.0
2022-06-08 00:00:00-04:00,334.3999938964844,337.6000061035156,328.0,330.0,270195,0.0,0.0,0.0
2022-06-09 00:00:00-04:00,336.0,347.3999938964844,330.0,346.0,377115,0.0,0.0,0.0
2022-06-10 00:00:00-04:00,359.6000061035156,374.6000061035156,356.0,366.79998779296875,739485,0.0,0.0,0.0
2022-06-13 00:00:00-04:00,393.0,421.3999938964844,391.6000061035156,416.20001220703125,744030,0.0,0.0,0.0
2022-06-14 00:00:00-04:00,412.6000061035156,418.79998779296875,399.20001220703125,403.6000061035156,596565,0.0,0.0,0.0
2022-06-15 00:00:00-04:00,393.20001220703125,395.0,366.6000061035156,379.6000061035156,746020,0.0,0.0,0.0
2022-06-16 00:00:00-04:00,399.20001220703125,414.79998779296875,396.0,403.79998779296875,776595,0.0,0.0,0.0
2022-06-17 00:00:00-04:00,402.3999938964844,409.0,387.6000061035156,392.0,488560,0.0,0.0,0.0
2022-06-21 00:00:00-04:00,376.79998779296875,385.0,370.20001220703125,384.20001220703125,395455,0.0,0.0,0.0
2022-06-22 00:00:00-04:00,390.79998779296875,392.20001220703125,368.0,369.20001220703125,460400,0.0,0.0,0.0
2022-06-23 00:00:00-04:00,366.3999938964844,378.3999938964844,365.6000061035156,369.20001220703125,495120,0.0,0.0,0.0
2022-06-24 00:00:00-04:00,361.79998779296875,363.0,356.3999938964844,361.6000061035156,304880,0.0,0.0,0.0
2022-06-27 00:00:00-04:00,359.0,363.20001220703125,349.3999938964844,350.3999938964844,379775,0.0,0.0,0.0
2022-06-28 00:00:00-04:00,346.3999938964844,364.0,343.20001220703125,360.6000061035156,459810,0.0,0.0,0.0
2022-06-29 00:00:00-04:00,363.0,370.0,357.3999938964844,361.6000061035156,351540,0.0,0.0,0.0
2022-06-30 00:00:00-04:00,369.20001220703125,379.6000061035156,362.20001220703125,365.0,466435,0.0,0.0,0.0
2022-07-01 00:00:00-04:00,368.6000061035156,375.20001220703125,354.20001220703125,355.6000061035156,354560,0.0,0.0,0.0
2022-07-05 00:00:00-04:00,368.6000061035156,376.0,354.3999938964844,355.3999938964844,427400,0.0,0.0,0.0
2022-07-06 00:00:00-04:00,356.20001220703125,361.6000061035156,347.79998779296875,349.6000061035156,270260,0.0,0.0,0.0
2022-07-07 00:00:00-04:00,347.3999938964844,348.0,340.6000061035156,345.79998779296875,230965,0.0,0.0,0.0
2022-07-08 00:00:00-04:00,347.0,347.0,336.0,338.6000061035156,278115,0.0,0.0,0.0
2022-07-11 00:00:00-04:00,344.0,350.79998779296875,341.79998779296875,348.20001220703125,261015,0.0,0.0,0.0
2022-07-12 00:00:00-04:00,348.79998779296875,355.20001220703125,341.0,351.6000061035156,267950,0.0,0.0,0.0
2022-07-13 00:00:00-04:00,360.3999938964844,361.6000061035156,342.79998779296875,346.20001220703125,370905,0.0,0.0,0.0
2022-07-14 00:00:00-04:00,357.0,362.6000061035156,345.79998779296875,346.79998779296875,383615,0.0,0.0,0.0
2022-07-15 00:00:00-04:00,339.20001220703125,341.79998779296875,328.6000061035156,329.20001220703125,377485,0.0,0.0,0.0
2022-07-18 00:00:00-04:00,327.20001220703125,341.6000061035156,324.3999938964844,338.79998779296875,371170,0.0,0.0,0.0
2022-07-19 00:00:00-04:00,332.0,334.3999938964844,327.20001220703125,334.0,407320,0.0,0.0,0.0
2022-07-20 00:00:00-04:00,331.20001220703125,333.6000061035156,324.3999938964844,326.6000061035156,476750,0.0,0.0,0.0
2022-07-21 00:00:00-04:00,325.3999938964844,330.3999938964844,318.0,318.20001220703125,434990,0.0,0.0,0.0
2022-07-22 00:00:00-04:00,318.0,326.0,314.79998779296875,316.6000061035156,428045,0.0,0.0,0.0
2022-07-25 00:00:00-04:00,315.6000061035156,318.0,310.0,312.6000061035156,446650,0.0,0.0,0.0
2022-07-26 00:00:00-04:00,316.20001220703125,325.20001220703125,315.20001220703125,319.79998779296875,354035,0.0,0.0,0.0
2022-07-27 00:00:00-04:00,313.0,313.6000061035156,303.6000061035156,310.0,430915,0.0,0.0,0.0
2022-07-28 00:00:00-04:00,306.0,310.0,293.79998779296875,294.0,447015,0.0,0.0,0.0
2022-07-29 00:00:00-04:00,293.20001220703125,296.0,289.3999938964844,291.20001220703125,286985,0.0,0.0,0.0
2022-08-01 00:00:00-04:00,296.20001220703125,302.3999938964844,292.0,301.3999938964844,378720,0.0,0.0,0.0
2022-08-02 00:00:00-04:00,305.20001220703125,310.79998779296875,294.20001220703125,304.3999938964844,482240,0.0,0.0,0.0
2022-08-03 00:00:00-04:00,298.6000061035156,299.3999938964844,287.6000061035156,289.20001220703125,314000,0.0,0.0,0.0
2022-08-04 00:00:00-04:00,291.6000061035156,296.79998779296875,289.6000061035156,290.20001220703125,297955,0.0,0.0,0.0
2022-08-05 00:00:00-04:00,296.3999938964844,296.3999938964844,282.3999938964844,282.79998779296875,326515,0.0,0.0,0.0
2022-08-08 00:00:00-04:00,283.20001220703125,289.3999938964844,276.0,284.3999938964844,458770,0.0,0.0,0.0
2022-08-09 00:00:00-04:00,288.20001220703125,290.79998779296875,283.79998779296875,286.3999938964844,264790,0.0,0.0,0.0
2022-08-10 00:00:00-04:00,276.0,277.79998779296875,268.79998779296875,270.0,358565,0.0,0.0,0.0
2022-08-11 00:00:00-04:00,268.79998779296875,277.6000061035156,267.20001220703125,272.20001220703125,543285,0.0,0.0,0.0
2022-08-12 00:00:00-04:00,270.0,271.3999938964844,262.79998779296875,268.79998779296875,335570,0.0,0.0,0.0
2022-08-15 00:00:00-04:00,272.6000061035156,272.79998779296875,262.79998779296875,264.6000061035156,257890,0.0,0.0,0.0
2022-08-16 00:00:00-04:00,265.3999938964844,269.3999938964844,263.3999938964844,266.6000061035156,439780,0.0,0.0,0.0
2022-08-17 00:00:00-04:00,269.6000061035156,272.3999938964844,262.0,265.3999938964844,580605,0.0,0.0,0.0
2022-08-18 00:00:00-04:00,265.3999938964844,268.0,260.6000061035156,261.20001220703125,299660,0.0,0.0,0.0
2022-08-19 00:00:00-04:00,267.0,279.20001220703125,265.79998779296875,274.20001220703125,605700,0.0,0.0,0.0
2022-08-22 00:00:00-04:00,286.0,293.3999938964844,282.79998779296875,292.0,555690,0.0,0.0,0.0
2022-08-23 00:00:00-04:00,290.6000061035156,292.3999938964844,282.0,287.0,415265,0.0,0.0,0.0
2022-08-24 00:00:00-04:00,285.20001220703125,286.20001220703125,275.79998779296875,277.6000061035156,292105,0.0,0.0,0.0
2022-08-25 00:00:00-04:00,274.6000061035156,277.3999938964844,267.79998779296875,268.20001220703125,288595,0.0,0.0,0.0
2022-08-26 00:00:00-04:00,270.6000061035156,296.6000061035156,267.6000061035156,295.3999938964844,737540,0.0,0.0,0.0
2022-08-29 00:00:00-04:00,299.3999938964844,300.79998779296875,289.6000061035156,292.6000061035156,625190,0.0,0.0,0.0
2022-08-30 00:00:00-04:00,290.6000061035156,303.20001220703125,289.79998779296875,297.6000061035156,634905,0.0,0.0,0.0
2022-08-31 00:00:00-04:00,291.3999938964844,296.3999938964844,287.3999938964844,291.79998779296875,402345,0.0,0.0,0.0
2022-09-01 00:00:00-04:00,297.0,304.79998779296875,288.6000061035156,289.6000061035156,650535,0.0,0.0,0.0
2022-09-02 00:00:00-04:00,279.3999938964844,297.0,275.6000061035156,292.20001220703125,614485,0.0,0.0,0.0
2022-09-06 00:00:00-04:00,286.20001220703125,300.0,285.0,298.3999938964844,519315,0.0,0.0,0.0
2022-09-07 00:00:00-04:00,300.0,300.0,281.3999938964844,282.3999938964844,678900,0.0,0.0,0.0
2022-09-08 00:00:00-04:00,287.20001220703125,289.6000061035156,277.0,278.0,622610,0.0,0.0,0.0
2022-09-09 00:00:00-04:00,273.20001220703125,275.3999938964844,270.3999938964844,275.20001220703125,359295,0.0,0.0,0.0
2022-09-12 00:00:00-04:00,270.0,277.3999938964844,267.79998779296875,273.79998779296875,584045,0.0,0.0,0.0
2022-09-13 00:00:00-04:00,286.20001220703125,302.3999938964844,282.0,297.6000061035156,1210735,0.0,0.0,0.0
2022-09-14 00:00:00-04:00,297.20001220703125,302.6000061035156,293.6000061035156,297.0,797815,0.0,0.0,0.0
2022-09-15 00:00:00-04:00,298.0,299.20001220703125,289.20001220703125,296.3999938964844,732880,0.0,0.0,0.0
2022-09-16 00:00:00-04:00,304.0,311.20001220703125,294.3999938964844,296.3999938964844,639450,0.0,0.0,0.0
2022-09-19 00:00:00-04:00,301.0,301.6000061035156,284.79998779296875,287.0,784820,0.0,0.0,0.0
2022-09-20 00:00:00-04:00,293.3999938964844,300.3999938964844,290.6000061035156,296.6000061035156,696060,0.0,0.0,0.0
2022-09-21 00:00:00-04:00,292.6000061035156,306.20001220703125,286.3999938964844,306.20001220703125,800925,0.0,0.0,0.0
2022-09-22 00:00:00-04:00,303.20001220703125,310.79998779296875,299.0,304.3999938964844,524665,0.0,0.0,0.0
2022-09-23 00:00:00-04:00,311.79998779296875,337.6000061035156,311.0,323.0,1289710,0.0,0.0,0.0
2022-09-26 00:00:00-04:00,330.20001220703125,337.20001220703125,317.20001220703125,334.20001220703125,915235,0.0,0.0,0.0
2022-09-27 00:00:00-04:00,325.79998779296875,347.79998779296875,323.79998779296875,339.20001220703125,899915,0.0,0.0,0.0
2022-09-28 00:00:00-04:00,336.6000061035156,342.6000061035156,321.20001220703125,325.20001220703125,521100,0.0,0.0,0.0
2022-09-29 00:00:00-04:00,333.79998779296875,348.79998779296875,333.79998779296875,334.3999938964844,734555,0.0,0.0,0.0
2022-09-30 00:00:00-04:00,337.3999938964844,343.0,324.6000061035156,342.0,531510,0.0,0.0,0.0
2022-10-03 00:00:00-04:00,331.6000061035156,335.0,320.3999938964844,326.20001220703125,477525,0.0,0.0,0.0
2022-10-04 00:00:00-04:00,313.20001220703125,318.79998779296875,311.6000061035156,314.3999938964844,479415,0.0,0.0,0.0
2022-10-05 00:00:00-04:00,319.79998779296875,327.0,314.20001220703125,316.79998779296875,470705,0.0,0.0,0.0
2022-10-06 00:00:00-04:00,314.3999938964844,327.79998779296875,312.6000061035156,326.0,523760,0.0,0.0,0.0
2022-10-07 00:00:00-04:00,330.6000061035156,342.20001220703125,329.3999938964844,339.3999938964844,596600,0.0,0.0,0.0
2022-10-10 00:00:00-04:00,341.3999938964844,356.20001220703125,340.79998779296875,347.6000061035156,559250,0.0,0.0,0.0
2022-10-11 00:00:00-04:00,349.6000061035156,358.0,341.6000061035156,353.0,641465,0.0,0.0,0.0
2022-10-12 00:00:00-04:00,351.6000061035156,354.0,345.6000061035156,349.79998779296875,425515,0.0,0.0,0.0
2022-10-13 00:00:00-04:00,355.3999938964844,355.6000061035156,336.6000061035156,339.79998779296875,732685,0.0,0.0,0.0
2022-10-14 00:00:00-04:00,332.6000061035156,353.6000061035156,330.79998779296875,346.79998779296875,683865,0.0,0.0,0.0
2022-10-17 00:00:00-04:00,336.3999938964844,339.0,331.0,338.0,385895,0.0,0.0,0.0
2022-10-18 00:00:00-04:00,331.0,340.3999938964844,329.6000061035156,331.3999938964844,371590,0.0,0.0,0.0
2022-10-19 00:00:00-04:00,334.0,339.6000061035156,329.3999938964844,333.79998779296875,382025,0.0,0.0,0.0
2022-10-20 00:00:00-04:00,332.0,334.6000061035156,323.0,329.6000061035156,401500,0.0,0.0,0.0
2022-10-21 00:00:00-04:00,327.79998779296875,330.0,321.3999938964844,328.3999938964844,552290,0.0,0.0,0.0
2022-10-24 00:00:00-04:00,324.79998779296875,333.20001220703125,322.3999938964844,323.20001220703125,412155,0.0,0.0,0.0
2022-10-25 00:00:00-04:00,323.6000061035156,324.6000061035156,309.6000061035156,310.3999938964844,381150,0.0,0.0,0.0
2022-10-26 00:00:00-04:00,313.20001220703125,313.20001220703125,301.79998779296875,303.20001220703125,396540,0.0,0.0,0.0
2022-10-27 00:00:00-04:00,301.6000061035156,303.3999938964844,295.79998779296875,297.20001220703125,287755,0.0,0.0,0.0
2022-10-28 00:00:00-04:00,297.3999938964844,297.79998779296875,288.20001220703125,290.20001220703125,369725,0.0,0.0,0.0
2022-10-31 00:00:00-04:00,292.79998779296875,292.79998779296875,285.3999938964844,285.79998779296875,292990,0.0,0.0,0.0
2022-11-01 00:00:00-04:00,282.79998779296875,287.79998779296875,282.3999938964844,283.0,330555,0.0,0.0,0.0
2022-11-02 00:00:00-04:00,285.3999938964844,292.0,280.3999938964844,290.6000061035156,488840,0.0,0.0,0.0
2022-11-03 00:00:00-04:00,294.79998779296875,298.0,281.79998779296875,284.20001220703125,446275,0.0,0.0,0.0
2022-11-04 00:00:00-04:00,278.20001220703125,287.0,272.79998779296875,280.79998779296875,327545,0.0,0.0,0.0
2022-11-07 00:00:00-05:00,280.0,281.79998779296875,275.0,278.20001220703125,168520,0.0,0.0,0.0
2022-11-08 00:00:00-05:00,275.20001220703125,288.6000061035156,275.0,285.6000061035156,209695,0.0,0.0,0.0
2022-11-09 00:00:00-05:00,286.0,296.79998779296875,286.0,294.20001220703125,290270,0.0,0.0,0.0
2022-11-10 00:00:00-05:00,277.79998779296875,280.6000061035156,272.20001220703125,278.20001220703125,362760,0.0,0.0,0.0
2022-11-11 00:00:00-05:00,280.6000061035156,282.6000061035156,274.3999938964844,275.0,259305,0.0,0.0,0.0
2022-11-14 00:00:00-05:00,275.3999938964844,276.0,267.6000061035156,274.79998779296875,248890,0.0,0.0,0.0
2022-11-15 00:00:00-05:00,268.20001220703125,286.3999938964844,268.0,278.0,508370,0.0,0.0,0.0
2022-11-16 00:00:00-05:00,275.0,276.3999938964844,270.3999938964844,270.79998779296875,265300,0.0,0.0,0.0
2022-11-17 00:00:00-05:00,277.6000061035156,277.79998779296875,267.79998779296875,268.3999938964844,213865,0.0,0.0,0.0
2022-11-18 00:00:00-05:00,265.6000061035156,271.20001220703125,265.0,265.6000061035156,209905,0.0,0.0,0.0
2022-11-21 00:00:00-05:00,266.20001220703125,266.6000061035156,257.79998779296875,258.6000061035156,221225,0.0,0.0,0.0
2022-11-22 00:00:00-05:00,256.20001220703125,256.3999938964844,248.8000030517578,249.60000610351562,203310,0.0,0.0,0.0
2022-11-23 00:00:00-05:00,249.60000610351562,251.0,243.60000610351562,244.1999969482422,252125,0.0,0.0,0.0
2022-11-25 00:00:00-05:00,246.8000030517578,247.0,244.0,245.1999969482422,145620,0.0,0.0,0.0
2022-11-28 00:00:00-05:00,250.39999389648438,256.3999938964844,247.1999969482422,254.1999969482422,239640,0.0,0.0,0.0
2022-11-29 00:00:00-05:00,253.0,256.0,249.39999389648438,250.8000030517578,195620,0.0,0.0,0.0
2022-11-30 00:00:00-05:00,250.8000030517578,255.0,239.1999969482422,241.1999969482422,395880,0.0,0.0,0.0
2022-12-01 00:00:00-05:00,240.1999969482422,245.39999389648438,236.39999389648438,237.1999969482422,368710,0.0,0.0,0.0
2022-12-02 00:00:00-05:00,242.1999969482422,242.1999969482422,232.0,232.39999389648438,307035,0.0,0.0,0.0
2022-12-05 00:00:00-05:00,235.60000610351562,241.1999969482422,231.8000030517578,237.0,340005,0.0,0.0,0.0
2022-12-06 00:00:00-05:00,235.39999389648438,245.60000610351562,232.8000030517578,243.60000610351562,264390,0.0,0.0,0.0
2022-12-07 00:00:00-05:00,245.1999969482422,249.1999969482422,243.0,247.0,301275,0.0,0.0,0.0
2022-12-08 00:00:00-05:00,246.39999389648438,249.1999969482422,240.39999389648438,242.1999969482422,154930,0.0,0.0,0.0
2022-12-09 00:00:00-05:00,243.1999969482422,248.1999969482422,241.1999969482422,247.8000030517578,218035,0.0,0.0,0.0
2022-12-12 00:00:00-05:00,247.0,248.60000610351562,243.39999389648438,246.1999969482422,201230,0.0,0.0,0.0
2022-12-13 00:00:00-05:00,232.1999969482422,244.60000610351562,231.1999969482422,236.0,390045,0.0,0.0,0.0
2022-12-14 00:00:00-05:00,234.60000610351562,238.0,226.39999389648438,227.1999969482422,480730,0.0,0.0,0.0
2022-12-15 00:00:00-05:00,231.8000030517578,247.0,230.1999969482422,241.8000030517578,503835,0.0,0.0,0.0
2022-12-16 00:00:00-05:00,247.0,250.1999969482422,239.60000610351562,243.1999969482422,419545,0.0,0.0,0.0
2022-12-19 00:00:00-05:00,241.39999389648438,241.60000610351562,232.8000030517578,236.8000030517578,361085,0.0,0.0,0.0
2022-12-20 00:00:00-05:00,237.39999389648438,241.39999389648438,232.1999969482422,234.8000030517578,406655,0.0,0.0,0.0
2022-12-21 00:00:00-05:00,229.1999969482422,230.39999389648438,224.8000030517578,226.39999389648438,273390,0.0,0.0,0.0
2022-12-22 00:00:00-05:00,227.60000610351562,249.0,226.8000030517578,238.1999969482422,560840,0.0,0.0,0.0
2022-12-23 00:00:00-05:00,238.1999969482422,240.1999969482422,230.0,231.60000610351562,256065,0.0,0.0,0.0
2022-12-27 00:00:00-05:00,232.1999969482422,236.39999389648438,230.1999969482422,231.8000030517578,260890,0.0,0.0,0.0
2022-12-28 00:00:00-05:00,229.1999969482422,232.39999389648438,225.39999389648438,231.60000610351562,249840,0.0,0.0,0.0
2022-12-29 00:00:00-05:00,227.39999389648438,228.60000610351562,225.1999969482422,228.60000610351562,153910,0.0,0.0,0.0
2022-12-30 00:00:00-05:00,231.0,233.1999969482422,227.60000610351562,227.60000610351562,185595,0.0,0.0,0.0
2023-01-03 00:00:00-05:00,226.0,234.1999969482422,224.1999969482422,226.60000610351562,236260,0.0,0.0,0.0
2023-01-04 00:00:00-05:00,224.1999969482422,226.0,219.39999389648438,219.8000030517578,190225,0.0,0.0,0.0
2023-01-05 00:00:00-05:00,222.1999969482422,225.1999969482422,220.1999969482422,221.60000610351562,184385,0.0,0.0,0.0
2023-01-06 00:00:00-05:00,217.39999389648438,220.0,213.1999969482422,216.39999389648438,205255,0.0,0.0,0.0
2023-01-09 00:00:00-05:00,215.1999969482422,219.8000030517578,213.1999969482422,217.60000610351562,159230,0.0,0.0,0.0
2023-01-10 00:00:00-05:00,218.1999969482422,218.8000030517578,207.8000030517578,208.39999389648438,188145,0.0,0.0,0.0
2023-01-11 00:00:00-05:00,207.1999969482422,210.39999389648438,206.8000030517578,209.60000610351562,141580,0.0,0.0,0.0
2023-01-12 00:00:00-05:00,205.0,208.1999969482422,198.8000030517578,199.1999969482422,254375,0.0,0.0,0.0
2023-01-13 00:00:00-05:00,200.0,200.39999389648438,192.1999969482422,194.39999389648438,414605,0.0,0.0,0.0
2023-01-17 00:00:00-05:00,197.39999389648438,199.0,193.8000030517578,196.0,259420,0.0,0.0,0.0
2023-01-18 00:00:00-05:00,193.1999969482422,204.1999969482422,192.39999389648438,202.60000610351562,423085,0.0,0.0,0.0
2023-01-19 00:00:00-05:00,208.0,210.39999389648438,200.8000030517578,203.60000610351562,328340,0.0,0.0,0.0
2023-01-20 00:00:00-05:00,202.60000610351562,204.39999389648438,195.39999389648438,196.60000610351562,319555,0.0,0.0,0.0
2023-01-23 00:00:00-05:00,196.60000610351562,197.8000030517578,193.8000030517578,194.60000610351562,262770,0.0,0.0,0.0
2023-01-24 00:00:00-05:00,195.8000030517578,196.39999389648438,186.60000610351562,187.8000030517578,233095,0.0,0.0,0.0
2023-01-25 00:00:00-05:00,193.0,199.1999969482422,187.0,187.60000610351562,303380,0.0,0.0,0.0
2023-01-26 00:00:00-05:00,185.1999969482422,189.1999969482422,184.0,185.1999969482422,410430,0.0,0.0,0.0
2023-01-27 00:00:00-05:00,185.39999389648438,185.60000610351562,178.39999389648438,182.0,490985,0.0,0.0,0.0
2023-01-30 00:00:00-05:00,186.1999969482422,190.1999969482422,185.0,187.1999969482422,291760,0.0,0.0,0.0
2023-01-31 00:00:00-05:00,187.0,188.0,181.1999969482422,183.0,239560,0.0,0.0,0.0
2023-02-01 00:00:00-05:00,182.60000610351562,186.8000030517578,174.8000030517578,176.60000610351562,441300,0.0,0.0,0.0
2023-02-02 00:00:00-05:00,173.0,186.0,171.8000030517578,181.0,513475,0.0,0.0,0.0
2023-02-03 00:00:00-05:00,186.1999969482422,188.8000030517578,180.60000610351562,182.1999969482422,352155,0.0,0.0,0.0
2023-02-06 00:00:00-05:00,184.60000610351562,188.0,183.1999969482422,187.0,246385,0.0,0.0,0.0
2023-02-07 00:00:00-05:00,188.1999969482422,188.8000030517578,179.60000610351562,181.1999969482422,309720,0.0,0.0,0.0
2023-02-08 00:00:00-05:00,183.60000610351562,191.39999389648438,180.8000030517578,188.60000610351562,279075,0.0,0.0,0.0
2023-02-09 00:00:00-05:00,184.8000030517578,194.8000030517578,183.0,193.8000030517578,263475,0.0,0.0,0.0
2023-02-10 00:00:00-05:00,197.39999389648438,201.39999389648438,194.8000030517578,196.39999389648438,292485,0.0,0.0,0.0
2023-02-13 00:00:00-05:00,192.8000030517578,194.1999969482422,188.39999389648438,189.39999389648438,220595,0.0,0.0,0.0
2023-02-14 00:00:00-05:00,186.39999389648438,189.1999969482422,180.0,182.1999969482422,333580,0.0,0.0,0.0
2023-02-15 00:00:00-05:00,182.8000030517578,183.39999389648438,178.1999969482422,178.60000610351562,235720,0.0,0.0,0.0
2023-02-16 00:00:00-05:00,183.8000030517578,188.1999969482422,179.8000030517578,188.0,419040,0.0,0.0,0.0
2023-02-17 00:00:00-05:00,191.60000610351562,195.8000030517578,188.0,189.0,382940,0.0,0.0,0.0
2023-02-21 00:00:00-05:00,197.39999389648438,204.1999969482422,194.60000610351562,203.39999389648438,494035,0.0,0.0,0.0
2023-02-22 00:00:00-05:00,203.39999389648438,205.8000030517578,195.8000030517578,197.0,382525,0.0,0.0,0.0
2023-02-23 00:00:00-05:00,192.39999389648438,198.8000030517578,189.0,190.39999389648438,339670,0.0,0.0,0.0
2023-02-24 00:00:00-05:00,197.0,202.60000610351562,196.0,197.60000610351562,512385,0.0,0.0,0.0
2023-02-27 00:00:00-05:00,192.60000610351562,192.60000610351562,188.39999389648438,190.60000610351562,213025,0.0,0.0,0.0
2023-02-28 00:00:00-05:00,189.60000610351562,190.0,184.0,186.39999389648438,179875,0.0,0.0,0.0
2023-03-01 00:00:00-05:00,187.39999389648438,192.1999969482422,184.1999969482422,187.60000610351562,262625,0.0,0.0,0.0
2023-03-02 00:00:00-05:00,191.39999389648438,191.60000610351562,180.8000030517578,181.0,271550,0.0,0.0,0.0
2023-03-03 00:00:00-05:00,179.1999969482422,179.8000030517578,175.0,175.1999969482422,272675,0.0,0.0,0.0
2023-03-06 00:00:00-05:00,174.39999389648438,175.0,172.0,173.39999389648438,195970,0.0,0.0,0.0
2023-03-07 00:00:00-05:00,173.0,178.0,170.1999969482422,177.0,277770,0.0,0.0,0.0
2023-03-08 00:00:00-05:00,177.8000030517578,178.1999969482422,172.8000030517578,173.39999389648438,222905,0.0,0.0,0.0
2023-03-09 00:00:00-05:00,172.0,192.8000030517578,171.0,192.1999969482422,553650,0.0,0.0,0.0
2023-03-10 00:00:00-05:00,193.39999389648438,232.39999389648438,193.0,212.39999389648438,1572140,0.0,0.0,0.0
2023-03-13 00:00:00-04:00,234.8000030517578,240.1999969482422,214.8000030517578,219.0,1391295,0.0,0.0,0.0
2023-03-14 00:00:00-04:00,203.8000030517578,214.39999389648438,195.39999389648438,206.8000030517578,521595,0.0,0.0,0.0
2023-03-15 00:00:00-04:00,225.39999389648438,243.1999969482422,218.1999969482422,222.39999389648438,1560005,0.0,0.0,0.0
2023-03-16 00:00:00-04:00,229.8000030517578,231.39999389648438,202.60000610351562,203.1999969482422,812700,0.0,0.0,0.0
2023-03-17 00:00:00-04:00,209.60000610351562,228.39999389648438,206.0,224.60000610351562,1209095,0.0,0.0,0.0
2023-03-20 00:00:00-04:00,225.8000030517578,228.8000030517578,213.8000030517578,215.1999969482422,581855,0.0,0.0,0.0
2023-03-21 00:00:00-04:00,204.39999389648438,204.39999389648438,194.8000030517578,195.39999389648438,423345,0.0,0.0,0.0
2023-03-22 00:00:00-04:00,195.0,203.60000610351562,188.60000610351562,202.8000030517578,566980,0.0,0.0,0.0
2023-03-23 00:00:00-04:00,196.8000030517578,212.0,189.8000030517578,209.0,562275,0.0,0.0,0.0
2023-03-24 00:00:00-04:00,214.39999389648438,223.60000610351562,200.0,200.1999969482422,578955,0.0,0.0,0.0
2023-03-27 00:00:00-04:00,195.8000030517578,199.0,191.39999389648438,192.39999389648438,288085,0.0,0.0,0.0
2023-03-28 00:00:00-04:00,192.8000030517578,194.39999389648438,187.60000610351562,188.0,259015,0.0,0.0,0.0
2023-03-29 00:00:00-04:00,182.60000610351562,185.0,180.39999389648438,181.8000030517578,236690,0.0,0.0,0.0
2023-03-30 00:00:00-04:00,180.8000030517578,187.8000030517578,180.0,181.60000610351562,236510,0.0,0.0,0.0
2023-03-31 00:00:00-04:00,180.8000030517578,181.60000610351562,178.0,181.0,245960,0.0,0.0,0.0
2023-04-03 00:00:00-04:00,180.60000610351562,184.0,176.0,176.1999969482422,251640,0.0,0.0,0.0
2023-04-04 00:00:00-04:00,177.8000030517578,184.60000610351562,177.0,179.39999389648438,406040,0.0,0.0,0.0
2023-04-05 00:00:00-04:00,180.8000030517578,184.1999969482422,177.60000610351562,178.1999969482422,306090,0.0,0.0,0.0
2023-04-06 00:00:00-04:00,179.39999389648438,181.1999969482422,173.39999389648438,175.0,231645,0.0,0.0,0.0
2023-04-10 00:00:00-04:00,176.8000030517578,177.8000030517578,172.1999969482422,173.1999969482422,204680,0.0,0.0,0.0
2023-04-11 00:00:00-04:00,171.39999389648438,172.60000610351562,169.0,171.8000030517578,176615,0.0,0.0,0.0
2023-04-12 00:00:00-04:00,168.0,174.0,167.60000610351562,172.0,426500,0.0,0.0,0.0
2023-04-13 00:00:00-04:00,169.0,169.60000610351562,165.39999389648438,166.1999969482422,315670,0.0,0.0,0.0
2023-04-14 00:00:00-04:00,167.0,168.39999389648438,163.1999969482422,163.60000610351562,251820,0.0,0.0,0.0
2023-04-17 00:00:00-04:00,162.39999389648438,162.8000030517578,158.0,159.0,374450,0.0,0.0,0.0
2023-04-18 00:00:00-04:00,158.39999389648438,160.1999969482422,156.1999969482422,157.60000610351562,247850,0.0,0.0,0.0
2023-04-19 00:00:00-04:00,158.60000610351562,159.39999389648438,155.60000610351562,157.39999389648438,279320,0.0,0.0,0.0
2023-04-20 00:00:00-04:00,160.60000610351562,162.0,156.60000610351562,160.8000030517578,286160,0.0,0.0,0.0
2023-04-21 00:00:00-04:00,159.60000610351562,162.1999969482422,157.1999969482422,157.8000030517578,312425,0.0,0.0,0.0
2023-04-24 00:00:00-04:00,158.1999969482422,159.8000030517578,156.60000610351562,157.39999389648438,329125,0.0,0.0,0.0
2023-04-25 00:00:00-04:00,159.1999969482422,171.0,157.8000030517578,170.0,838870,0.0,0.0,0.0
2023-04-26 00:00:00-04:00,167.39999389648438,168.8000030517578,161.0,165.60000610351562,507105,0.0,0.0,0.0
2023-04-27 00:00:00-04:00,159.8000030517578,160.39999389648438,156.39999389648438,158.39999389648438,329890,0.0,0.0,0.0
2023-04-28 00:00:00-04:00,157.39999389648438,157.60000610351562,151.60000610351562,151.60000610351562,387860,0.0,0.0,0.0
2023-05-01 00:00:00-04:00,150.8000030517578,151.1999969482422,146.0,149.8000030517578,339565,0.0,0.0,0.0
2023-05-02 00:00:00-04:00,152.60000610351562,166.60000610351562,152.1999969482422,156.60000610351562,897610,0.0,0.0,0.0
2023-05-03 00:00:00-04:00,157.60000610351562,161.39999389648438,153.0,161.0,715360,0.0,0.0,0.0
2023-05-04 00:00:00-04:00,164.8000030517578,173.60000610351562,163.0,169.0,687785,0.0,0.0,0.0
2023-05-05 00:00:00-04:00,162.1999969482422,162.60000610351562,155.0,156.0,311810,0.0,0.0,0.0
2023-05-08 00:00:00-04:00,154.8000030517578,157.1999969482422,153.0,153.39999389648438,207640,0.0,0.0,0.0
2023-05-09 00:00:00-04:00,156.0,157.39999389648438,154.60000610351562,156.60000610351562,246560,0.0,0.0,0.0
2023-05-10 00:00:00-04:00,152.0,158.8000030517578,150.0,152.0,447655,0.0,0.0,0.0
2023-05-11 00:00:00-04:00,154.0,157.39999389648438,150.1999969482422,150.60000610351562,363540,0.0,0.0,0.0
2023-05-12 00:00:00-04:00,149.1999969482422,154.39999389648438,148.0,150.39999389648438,584885,0.0,0.0,0.0
2023-05-15 00:00:00-04:00,149.39999389648438,151.1999969482422,146.60000610351562,147.0,292025,0.0,0.0,0.0
2023-05-16 00:00:00-04:00,148.1999969482422,151.1999969482422,146.8000030517578,150.8000030517578,309610,0.0,0.0,0.0
2023-05-17 00:00:00-04:00,147.39999389648438,149.1999969482422,145.39999389648438,145.8000030517578,350560,0.0,0.0,0.0
2023-05-18 00:00:00-04:00,145.39999389648438,146.1999969482422,139.8000030517578,140.0,332475,0.0,0.0,0.0
2023-05-19 00:00:00-04:00,139.1999969482422,147.0,138.1999969482422,143.8000030517578,532125,0.0,0.0,0.0
2023-05-22 00:00:00-04:00,144.0,147.1999969482422,141.60000610351562,144.1999969482422,355445,0.0,0.0,0.0
2023-05-23 00:00:00-04:00,145.60000610351562,148.8000030517578,142.39999389648438,146.39999389648438,622340,0.0,0.0,0.0
2023-05-24 00:00:00-04:00,150.39999389648438,154.0,150.0,152.60000610351562,477845,0.0,0.0,0.0
2023-05-25 00:00:00-04:00,148.1999969482422,151.60000610351562,147.39999389648438,148.8000030517578,377065,0.0,0.0,0.0
2023-05-26 00:00:00-04:00,145.39999389648438,145.8000030517578,139.39999389648438,143.0,293470,0.0,0.0,0.0
2023-05-30 00:00:00-04:00,137.60000610351562,144.0,137.0,139.1999969482422,428415,0.0,0.0,0.0
2023-05-31 00:00:00-04:00,140.39999389648438,142.39999389648438,137.0,138.0,265120,0.0,0.0,0.0
2023-06-01 00:00:00-04:00,136.0,136.8000030517578,130.1999969482422,130.39999389648438,458190,0.0,0.0,0.0
2023-06-02 00:00:00-04:00,127.0,128.1999969482422,124.0,125.19999694824219,490395,0.0,0.0,0.0
2023-06-05 00:00:00-04:00,125.19999694824219,125.80000305175781,122.4000015258789,122.5999984741211,336700,0.0,0.0,0.0
2023-06-06 00:00:00-04:00,121.80000305175781,122.5999984741211,115.19999694824219,115.19999694824219,639675,0.0,0.0,0.0
2023-06-07 00:00:00-04:00,116.19999694824219,118.0,115.4000015258789,116.0,696430,0.0,0.0,0.0
2023-06-08 00:00:00-04:00,116.4000015258789,117.0,112.0,112.80000305175781,428080,0.0,0.0,0.0
2023-06-09 00:00:00-04:00,112.5999984741211,115.4000015258789,112.19999694824219,114.0,455405,0.0,0.0,0.0
2023-06-12 00:00:00-04:00,114.4000015258789,116.0,113.5999984741211,114.4000015258789,305190,0.0,0.0,0.0
2023-06-13 00:00:00-04:00,112.5999984741211,114.80000305175781,112.19999694824219,113.80000305175781,388570,0.0,0.0,0.0
2023-06-14 00:00:00-04:00,113.5999984741211,114.0,110.4000015258789,110.5999984741211,478155,0.0,0.0,0.0
2023-06-15 00:00:00-04:00,109.80000305175781,113.80000305175781,109.4000015258789,113.80000305175781,344895,0.0,0.0,0.0
2023-06-16 00:00:00-04:00,113.5999984741211,114.19999694824219,109.19999694824219,109.19999694824219,409260,0.0,0.0,0.0
2023-06-20 00:00:00-04:00,110.5999984741211,112.19999694824219,109.5999984741211,109.5999984741211,419920,0.0,0.0,0.0
2023-06-21 00:00:00-04:00,108.19999694824219,109.4000015258789,107.0,107.19999694824219,448100,0.0,0.0,0.0
2023-06-22 00:00:00-04:00,108.5999984741211,109.0,104.19999694824219,105.0,328310,0.0,0.0,0.0
2023-06-23 00:00:00-04:00,107.36000061035156,108.68000030517578,104.68000030517578,106.23999786376953,787200,0.0,0.2,0.0
2023-06-26 00:00:00-04:00,106.5999984741211,106.5999984741211,103.72000122070312,105.83999633789062,498100,0.0,0.0,0.0
2023-06-27 00:00:00-04:00,105.08000183105469,105.12000274658203,101.19999694824219,103.23999786376953,405750,0.0,0.0,0.0
2023-06-28 00:00:00-04:00,102.44000244140625,102.63999938964844,99.4000015258789,99.4000015258789,379950,0.0,0.0,0.0
2023-06-29 00:00:00-04:00,100.04000091552734,102.19999694824219,99.83999633789062,101.68000030517578,444050,0.0,0.0,0.0
2023-06-30 00:00:00-04:00,100.36000061035156,101.0,98.91999816894531,99.83999633789062,333325,0.0,0.0,0.0
2023-07-03 00:00:00-04:00,99.4000015258789,100.5999984741211,99.04000091552734,99.04000091552734,144025,0.0,0.0,0.0
2023-07-05 00:00:00-04:00,100.87999725341797,101.23999786376953,99.5199966430664,100.95999908447266,376325,0.0,0.0,0.0
2023-07-06 00:00:00-04:00,105.72000122070312,115.83999633789062,105.36000061035156,106.27999877929688,1633900,0.0,0.0,0.0
2023-07-07 00:00:00-04:00,107.5199966430664,107.68000030517578,102.23999786376953,103.87999725341797,760675,0.0,0.0,0.0
2023-07-10 00:00:00-04:00,104.16000366210938,105.31999969482422,102.72000122070312,103.04000091552734,656400,0.0,0.0,0.0
2023-07-11 00:00:00-04:00,100.95999908447266,103.80000305175781,100.44000244140625,102.19999694824219,750175,0.0,0.0,0.0
2023-07-12 00:00:00-04:00,98.55999755859375,98.87999725341797,96.19999694824219,96.4800033569336,826800,0.0,0.0,0.0
2023-07-13 00:00:00-04:00,94.68000030517578,97.16000366210938,93.91999816894531,97.12000274658203,508500,0.0,0.0,0.0
2023-07-14 00:00:00-04:00,97.08000183105469,98.31999969482422,95.23999786376953,95.95999908447266,573750,0.0,0.0,0.0
2023-07-17 00:00:00-04:00,96.19999694824219,96.19999694824219,93.87999725341797,95.76000213623047,483900,0.0,0.0,0.0
2023-07-18 00:00:00-04:00,95.36000061035156,95.72000122070312,93.68000030517578,94.23999786376953,640175,0.0,0.0,0.0
2023-07-19 00:00:00-04:00,93.23999786376953,96.76000213623047,93.08000183105469,96.31999969482422,751375,0.0,0.0,0.0
2023-07-20 00:00:00-04:00,96.95999908447266,97.83999633789062,94.91999816894531,96.16000366210938,779725,0.0,0.0,0.0
2023-07-21 00:00:00-04:00,94.91999816894531,95.55999755859375,93.16000366210938,94.91999816894531,896125,0.0,0.0,0.0
2023-07-24 00:00:00-04:00,94.72000122070312,94.87999725341797,92.5199966430664,93.36000061035156,695225,0.0,0.0,0.0
2023-07-25 00:00:00-04:00,93.44000244140625,93.72000122070312,91.4800033569336,93.23999786376953,645125,0.0,0.0,0.0
2023-07-26 00:00:00-04:00,94.31999969482422,94.31999969482422,90.55999755859375,90.83999633789062,975175,0.0,0.0,0.0
2023-07-27 00:00:00-04:00,89.0,97.4000015258789,88.95999908447266,95.5199966430664,2035125,0.0,0.0,0.0
2023-07-28 00:00:00-04:00,91.83999633789062,94.12000274658203,90.63999938964844,91.5999984741211,1128925,0.0,0.0,0.0
2023-07-31 00:00:00-04:00,91.44000244140625,92.5199966430664,90.4800033569336,90.68000030517578,541975,0.0,0.0,0.0
2023-08-01 00:00:00-04:00,93.08000183105469,93.76000213623047,91.80000305175781,91.87999725341797,705675,0.0,0.0,0.0
2023-08-02 00:00:00-04:00,97.68000030517578,102.76000213623047,97.36000061035156,100.5199966430664,1777600,0.0,0.0,0.0
2023-08-03 00:00:00-04:00,103.76000213623047,105.36000061035156,98.5199966430664,99.95999908447266,1435150,0.0,0.0,0.0
2023-08-04 00:00:00-04:00,96.4800033569336,104.19999694824219,94.63999938964844,103.44000244140625,1510300,0.0,0.0,0.0
2023-08-07 00:00:00-04:00,101.08000183105469,102.08000183105469,97.87999725341797,98.0,1435525,0.0,0.0,0.0
2023-08-08 00:00:00-04:00,102.19999694824219,109.0,99.68000030517578,100.16000366210938,2311050,0.0,0.0,0.0
2023-08-09 00:00:00-04:00,98.91999816894531,103.12000274658203,96.80000305175781,99.12000274658203,2112400,0.0,0.0,0.0
2023-08-10 00:00:00-04:00,95.68000030517578,102.31999969482422,93.55999755859375,99.4800033569336,2710650,0.0,0.0,0.0
2023-08-11 00:00:00-04:00,101.19999694824219,101.80000305175781,95.19999694824219,95.55999755859375,1845575,0.0,0.0,0.0
2023-08-14 00:00:00-04:00,97.0,98.4800033569336,93.55999755859375,93.91999816894531,1067925,0.0,0.0,0.0
2023-08-15 00:00:00-04:00,95.44000244140625,100.16000366210938,95.27999877929688,99.31999969482422,1620750,0.0,0.0,0.0
2023-08-16 00:00:00-04:00,99.23999786376953,101.08000183105469,96.31999969482422,100.91999816894531,1459925,0.0,0.0,0.0
2023-08-17 00:00:00-04:00,99.4800033569336,105.80000305175781,98.83999633789062,105.80000305175781,1642450,0.0,0.0,0.0
2023-08-18 00:00:00-04:00,109.0,109.44000244140625,102.12000274658203,103.12000274658203,1846625,0.0,0.0,0.0
2023-08-21 00:00:00-04:00,101.76000213623047,103.76000213623047,99.83999633789062,100.44000244140625,1017125,0.0,0.0,0.0
2023-08-22 00:00:00-04:00,98.16000366210938,102.4800033569336,98.16000366210938,100.83999633789062,823025,0.0,0.0,0.0
2023-08-23 00:00:00-04:00,99.5999984741211,99.76000213623047,97.08000183105469,97.4800033569336,678750,0.0,0.0,0.0
2023-08-24 00:00:00-04:00,96.0,101.63999938964844,95.44000244140625,101.19999694824219,1070925,0.0,0.0,0.0
2023-08-25 00:00:00-04:00,100.04000091552734,102.4800033569336,96.0,96.80000305175781,1454775,0.0,0.0,0.0
2023-08-28 00:00:00-04:00,95.0,95.4000015258789,92.95999908447266,93.12000274658203,716750,0.0,0.0,0.0
2023-08-29 00:00:00-04:00,92.83999633789062,92.95999908447266,89.87999725341797,90.68000030517578,847725,0.0,0.0,0.0
2023-08-30 00:00:00-04:00,89.76000213623047,90.4800033569336,87.4800033569336,87.5999984741211,733750,0.0,0.0,0.0
2023-08-31 00:00:00-04:00,87.80000305175781,87.83999633789062,85.55999755859375,86.08000183105469,580275,0.0,0.0,0.0
2023-09-01 00:00:00-04:00,84.4800033569336,85.5999984741211,83.95999908447266,84.87999725341797,716575,0.0,0.0,0.0
2023-09-05 00:00:00-04:00,85.19999694824219,86.5999984741211,84.12000274658203,85.76000213623047,547650,0.0,0.0,0.0
2023-09-06 00:00:00-04:00,85.80000305175781,88.91999816894531,85.44000244140625,87.12000274658203,748875,0.0,0.0,0.0
2023-09-07 00:00:00-04:00,89.83999633789062,90.76000213623047,86.36000061035156,86.95999908447266,703550,0.0,0.0,0.0
2023-09-08 00:00:00-04:00,86.68000030517578,86.68000030517578,83.80000305175781,85.23999786376953,771350,0.0,0.0,0.0
2023-09-11 00:00:00-04:00,83.5999984741211,84.83999633789062,82.72000122070312,83.04000091552734,665600,0.0,0.0,0.0
2023-09-12 00:00:00-04:00,84.04000091552734,84.4000015258789,82.19999694824219,83.68000030517578,654050,0.0,0.0,0.0
2023-09-13 00:00:00-04:00,82.91999816894531,83.23999786376953,81.55999755859375,82.19999694824219,656300,0.0,0.0,0.0
2023-09-14 00:00:00-04:00,80.87999725341797,81.19999694824219,79.4800033569336,79.68000030517578,637375,0.0,0.0,0.0
2023-09-15 00:00:00-04:00,80.12000274658203,82.95999908447266,79.31999969482422,82.72000122070312,1096375,0.0,0.0,0.0
2023-09-18 00:00:00-04:00,83.68000030517578,84.31999969482422,80.80000305175781,82.16000366210938,909825,0.0,0.0,0.0
2023-09-19 00:00:00-04:00,82.16000366210938,84.08000183105469,81.12000274658203,81.5999984741211,1030575,0.0,0.0,0.0
2023-09-20 00:00:00-04:00,80.27999877929688,84.95999908447266,79.72000122070312,84.63999938964844,1152800,0.0,0.0,0.0
2023-09-21 00:00:00-04:00,88.68000030517578,91.4800033569336,86.80000305175781,91.4000015258789,1535700,0.0,0.0,0.0
2023-09-22 00:00:00-04:00,90.91999816894531,91.91999816894531,88.23999786376953,91.5999984741211,1032650,0.0,0.0,0.0
2023-09-25 00:00:00-04:00,94.12000274658203,95.12000274658203,91.08000183105469,91.4000015258789,1151200,0.0,0.0,0.0
2023-09-26 00:00:00-04:00,93.68000030517578,100.68000030517578,92.5999984741211,100.68000030517578,1349000,0.0,0.0,0.0
2023-09-27 00:00:00-04:00,97.23999786376953,101.72000122070312,95.80000305175781,95.83999633789062,1444975,0.0,0.0,0.0
2023-09-28 00:00:00-04:00,95.95999908447266,97.08000183105469,90.72000122070312,91.5999984741211,1313975,0.0,0.0,0.0
2023-09-29 00:00:00-04:00,87.95999908447266,93.4000015258789,87.4000015258789,93.19999694824219,1221425,0.0,0.0,0.0
2023-10-02 00:00:00-04:00,93.5199966430664,95.5199966430664,90.95999908447266,93.5199966430664,1197075,0.0,0.0,0.0
2023-10-03 00:00:00-04:00,96.19999694824219,103.80000305175781,94.5199966430664,102.23999786376953,1747850,0.0,0.0,0.0
2023-10-04 00:00:00-04:00,100.5199966430664,101.91999816894531,96.72000122070312,97.04000091552734,1367100,0.0,0.0,0.0
2023-10-05 00:00:00-04:00,97.16000366210938,101.4800033569336,95.76000213623047,95.87999725341797,1208925,0.0,0.0,0.0
2023-10-06 00:00:00-04:00,98.87999725341797,101.12000274658203,92.55999755859375,94.4800033569336,1573975,0.0,0.0,0.0
2023-10-09 00:00:00-04:00,98.0,99.04000091552734,93.19999694824219,93.23999786376953,795850,0.0,0.0,0.0
2023-10-10 00:00:00-04:00,92.04000091552734,92.27999877929688,88.87999725341797,90.12000274658203,959450,0.0,0.0,0.0
2023-10-11 00:00:00-04:00,88.95999908447266,93.12000274658203,87.87999725341797,88.5199966430664,1025650,0.0,0.0,0.0
2023-10-12 00:00:00-04:00,87.4000015258789,94.0,85.63999938964844,90.4800033569336,1600250,0.0,0.0,0.0
2023-10-13 00:00:00-04:00,90.0,103.5199966430664,89.5199966430664,101.4800033569336,2281975,0.0,0.0,0.0
2023-10-16 00:00:00-04:00,97.23999786376953,97.5999984741211,91.31999969482422,91.63999938964844,1630225,0.0,0.0,0.0
2023-10-17 00:00:00-04:00,95.08000183105469,96.0,90.12000274658203,94.16000366210938,919450,0.0,0.0,0.0
2023-10-18 00:00:00-04:00,96.16000366210938,101.31999969482422,95.55999755859375,99.91999816894531,1895475,0.0,0.0,0.0
2023-10-19 00:00:00-04:00,98.5199966430664,105.44000244140625,97.12000274658203,104.91999816894531,2073100,0.0,0.0,0.0
2023-10-20 00:00:00-04:00,105.12000274658203,107.68000030517578,102.72000122070312,105.76000213623047,1498775,0.0,0.0,0.0
2023-10-23 00:00:00-04:00,107.68000030517578,109.31999969482422,98.68000030517578,102.04000091552734,1244975,0.0,0.0,0.0
2023-10-24 00:00:00-04:00,99.36000061035156,102.08000183105469,97.12000274658203,97.63999938964844,833950,0.0,0.0,0.0
2023-10-25 00:00:00-04:00,98.0,106.12000274658203,97.91999816894531,103.80000305175781,1213925,0.0,0.0,0.0
2023-10-26 00:00:00-04:00,104.0,107.80000305175781,102.23999786376953,104.76000213623047,1339975,0.0,0.0,0.0
2023-10-27 00:00:00-04:00,102.55999755859375,108.80000305175781,101.36000061035156,108.16000366210938,1415500,0.0,0.0,0.0
2023-10-30 00:00:00-04:00,104.04000091552734,104.23999786376953,99.95999908447266,100.27999877929688,854950,0.0,0.0,0.0
2023-10-31 00:00:00-04:00,99.4800033569336,100.55999755859375,93.55999755859375,93.68000030517578,687125,0.0,0.0,0.0
2023-11-01 00:00:00-04:00,93.0,93.0,89.23999786376953,89.5999984741211,941925,0.0,0.0,0.0
2023-11-02 00:00:00-04:00,87.63999938964844,89.08000183105469,86.5199966430664,86.63999938964844,589175,0.0,0.0,0.0
2023-11-03 00:00:00-04:00,85.23999786376953,85.68000030517578,84.0,84.5999984741211,510550,0.0,0.0,0.0
2023-11-06 00:00:00-05:00,83.5999984741211,84.23999786376953,81.72000122070312,81.80000305175781,710650,0.0,0.0,0.0
2023-11-07 00:00:00-05:00,81.68000030517578,82.44000244140625,80.87999725341797,81.36000061035156,737300,0.0,0.0,0.0
2023-11-08 00:00:00-05:00,80.4000015258789,82.36000061035156,79.55999755859375,79.91999816894531,758550,0.0,0.0,0.0
2023-11-09 00:00:00-05:00,79.08000183105469,83.76000213623047,78.87999725341797,83.08000183105469,1227800,0.0,0.0,0.0
2023-11-10 00:00:00-05:00,81.63999938964844,81.68000030517578,78.87999725341797,79.5199966430664,1105375,0.0,0.0,0.0
2023-11-13 00:00:00-05:00,80.08000183105469,80.55999755859375,77.95999908447266,78.91999816894531,861375,0.0,0.0,0.0
2023-11-14 00:00:00-05:00,75.95999908447266,78.27999877929688,75.72000122070312,78.12000274658203,836350,0.0,0.0,0.0
2023-11-15 00:00:00-05:00,76.95999908447266,77.44000244140625,76.16000366210938,76.4000015258789,702775,0.0,0.0,0.0
2023-11-16 00:00:00-05:00,76.44000244140625,76.80000305175781,75.16000366210938,75.23999786376953,806375,0.0,0.0,0.0
2023-11-17 00:00:00-05:00,74.95999908447266,75.55999755859375,73.83999633789062,74.12000274658203,553600,0.0,0.0,0.0
2023-11-20 00:00:00-05:00,73.76000213623047,73.80000305175781,72.76000213623047,73.55999755859375,582100,0.0,0.0,0.0
2023-11-21 00:00:00-05:00,73.87999725341797,73.87999725341797,71.80000305175781,72.0,660400,0.0,0.0,0.0
2023-11-22 00:00:00-05:00,71.19999694824219,73.36000061035156,71.0,72.68000030517578,744525,0.0,0.0,0.0
2023-11-24 00:00:00-05:00,72.19999694824219,72.4000015258789,69.27999877929688,69.55999755859375,329050,0.0,0.0,0.0
2023-11-27 00:00:00-05:00,70.12000274658203,70.19999694824219,69.55999755859375,69.95999908447266,478125,0.0,0.0,0.0
2023-11-28 00:00:00-05:00,69.80000305175781,70.27999877929688,68.68000030517578,69.12000274658203,582000,0.0,0.0,0.0
2023-11-29 00:00:00-05:00,68.4000015258789,70.4000015258789,68.36000061035156,70.16000366210938,705425,0.0,0.0,0.0
2023-11-30 00:00:00-05:00,69.68000030517578,70.55999755859375,68.83999633789062,69.04000091552734,662225,0.0,0.0,0.0
2023-12-01 00:00:00-05:00,68.80000305175781,69.0,67.87999725341797,68.5999984741211,650300,0.0,0.0,0.0
2023-12-04 00:00:00-05:00,69.80000305175781,71.12000274658203,68.83999633789062,69.0,772775,0.0,0.0,0.0
2023-12-05 00:00:00-05:00,69.27999877929688,69.36000061035156,68.36000061035156,68.36000061035156,528450,0.0,0.0,0.0
2023-12-06 00:00:00-05:00,67.63999938964844,69.27999877929688,67.36000061035156,68.80000305175781,504725,0.0,0.0,0.0
2023-12-07 00:00:00-05:00,68.5999984741211,69.23999786376953,68.36000061035156,68.80000305175781,347275,0.0,0.0,0.0
2023-12-08 00:00:00-05:00,68.36000061035156,68.36000061035156,66.72000122070312,66.80000305175781,564375,0.0,0.0,0.0
2023-12-11 00:00:00-05:00,66.68000030517578,66.80000305175781,65.23999786376953,65.36000061035156,375650,0.0,0.0,0.0
2023-12-12 00:00:00-05:00,64.5199966430664,64.80000305175781,63.040000915527344,63.52000045776367,705750,0.0,0.0,0.0
2023-12-13 00:00:00-05:00,63.20000076293945,64.08000183105469,62.36000061035156,62.68000030517578,843950,0.0,0.0,0.0
2023-12-14 00:00:00-05:00,62.040000915527344,64.27999877929688,61.959999084472656,62.439998626708984,889775,0.0,0.0,0.0
2023-12-15 00:00:00-05:00,62.63999938964844,64.68000030517578,62.36000061035156,64.4000015258789,876850,0.0,0.0,0.0
2023-12-18 00:00:00-05:00,64.36000061035156,64.80000305175781,64.16000366210938,64.55999755859375,514650,0.0,0.0,0.0
2023-12-19 00:00:00-05:00,65.0,65.68000030517578,64.63999938964844,65.55999755859375,484850,0.0,0.0,0.0
2023-12-20 00:00:00-05:00,65.36000061035156,70.4000015258789,64.83999633789062,69.5999984741211,1478725,0.0,0.0,0.0
2023-12-21 00:00:00-05:00,68.4800033569336,70.12000274658203,67.36000061035156,67.87999725341797,1329900,0.0,0.0,0.0
2023-12-22 00:00:00-05:00,67.5999984741211,69.12000274658203,66.23999786376953,66.31999969482422,819450,0.0,0.0,0.0
2023-12-26 00:00:00-05:00,66.16000366210938,66.4800033569336,64.44000244140625,64.5199966430664,383775,0.0,0.0,0.0
2023-12-27 00:00:00-05:00,64.04000091552734,64.08000183105469,61.84000015258789,61.91999816894531,733000,0.0,0.0,0.0
2023-12-28 00:00:00-05:00,61.68000030517578,62.599998474121094,61.47999954223633,61.79999923706055,638000,0.0,0.0,0.0
2023-12-29 00:00:00-05:00,61.63999938964844,63.439998626708984,61.400001525878906,62.040000915527344,940975,0.0,0.0,0.0
2024-01-02 00:00:00-05:00,63.599998474121094,64.68000030517578,61.52000045776367,62.040000915527344,1430875,0.0,0.0,0.0
2024-01-03 00:00:00-05:00,63.08000183105469,65.16000366210938,62.119998931884766,64.19999694824219,1473800,0.0,0.0,0.0
2024-01-04 00:00:00-05:00,64.27999877929688,64.4000015258789,62.84000015258789,64.12000274658203,779150,0.0,0.0,0.0
2024-01-05 00:00:00-05:00,63.52000045776367,63.599998474121094,61.439998626708984,62.0,1032775,0.0,0.0,0.0
2024-01-08 00:00:00-05:00,62.0,62.2400016784668,59.79999923706055,60.47999954223633,644975,0.0,0.0,0.0
2024-01-09 00:00:00-05:00,61.2400016784668,61.2400016784668,59.0,59.15999984741211,682925,0.0,0.0,0.0
2024-01-10 00:00:00-05:00,58.7599983215332,59.0,58.2400016784668,58.560001373291016,549100,0.0,0.0,0.0
2024-01-11 00:00:00-05:00,57.63999938964844,60.31999969482422,57.560001373291016,58.31999969482422,1164925,0.0,0.0,0.0
2024-01-12 00:00:00-05:00,58.0,59.400001525878906,57.91999816894531,59.2400016784668,1004350,0.0,0.0,0.0
2024-01-16 00:00:00-05:00,60.720001220703125,62.52000045776367,59.880001068115234,61.20000076293945,1278900,0.0,0.0,0.0
2024-01-17 00:00:00-05:00,63.20000076293945,64.95999908447266,62.0,63.52000045776367,1395525,0.0,0.0,0.0
2024-01-18 00:00:00-05:00,61.91999816894531,63.36000061035156,61.040000915527344,61.20000076293945,707950,0.0,0.0,0.0
2024-01-19 00:00:00-05:00,60.119998931884766,60.47999954223633,59.279998779296875,59.7599983215332,842600,0.0,0.0,0.0
2024-01-22 00:00:00-05:00,59.0,59.439998626708984,57.560001373291016,57.68000030517578,638450,0.0,0.0,0.0
2024-01-23 00:00:00-05:00,57.119998931884766,57.15999984741211,56.08000183105469,56.20000076293945,524625,0.0,0.0,0.0
2024-01-24 00:00:00-05:00,55.599998474121094,57.68000030517578,55.52000045776367,57.68000030517578,995675,0.0,0.0,0.0
2024-01-25 00:00:00-05:00,57.36000061035156,58.439998626708984,57.119998931884766,58.36000061035156,643925,0.0,0.0,0.0
2024-01-26 00:00:00-05:00,58.08000183105469,58.560001373291016,57.119998931884766,57.720001220703125,565325,0.0,0.0,0.0
2024-01-29 00:00:00-05:00,57.959999084472656,58.91999816894531,57.720001220703125,58.439998626708984,610650,0.0,0.0,0.0
2024-01-30 00:00:00-05:00,57.959999084472656,58.040000915527344,57.20000076293945,57.36000061035156,566575,0.0,0.0,0.0
2024-01-31 00:00:00-05:00,57.599998474121094,60.79999923706055,57.31999969482422,60.31999969482422,2035300,0.0,0.0,0.0
2024-02-01 00:00:00-05:00,59.47999954223633,60.880001068115234,58.599998474121094,59.7599983215332,1014625,0.0,0.0,0.0
2024-02-02 00:00:00-05:00,59.47999954223633,60.15999984741211,58.599998474121094,59.599998474121094,793700,0.0,0.0,0.0
2024-02-05 00:00:00-05:00,59.15999984741211,60.400001525878906,57.2400016784668,57.47999954223633,712075,0.0,0.0,0.0
2024-02-06 00:00:00-05:00,56.79999923706055,57.47999954223633,55.880001068115234,56.040000915527344,580300,0.0,0.0,0.0
2024-02-07 00:00:00-05:00,55.47999954223633,56.2400016784668,55.36000061035156,55.7599983215332,593550,0.0,0.0,0.0
2024-02-08 00:00:00-05:00,55.599998474121094,56.439998626708984,55.279998779296875,55.47999954223633,432025,0.0,0.0,0.0
2024-02-09 00:00:00-05:00,55.20000076293945,56.040000915527344,54.7599983215332,56.0,611825,0.0,0.0,0.0
2024-02-12 00:00:00-05:00,55.52000045776367,57.68000030517578,55.36000061035156,57.0,1014350,0.0,0.0,0.0
2024-02-13 00:00:00-05:00,58.959999084472656,64.95999908447266,58.400001525878906,61.20000076293945,2642375,0.0,0.0,0.0
2024-02-14 00:00:00-05:00,58.68000030517578,60.0,57.63999938964844,57.880001068115234,1738825,0.0,0.0,0.0
2024-02-15 00:00:00-05:00,57.2400016784668,58.599998474121094,57.0,57.400001525878906,916900,0.0,0.0,0.0
2024-02-16 00:00:00-05:00,57.79999923706055,58.279998779296875,56.2400016784668,57.31999969482422,1229350,0.0,0.0,0.0
2024-02-20 00:00:00-05:00,58.20000076293945,60.720001220703125,57.91999816894531,59.040000915527344,1269800,0.0,0.0,0.0
2024-02-21 00:00:00-05:00,59.52000045776367,60.08000183105469,58.560001373291016,58.79999923706055,984025,0.0,0.0,0.0
2024-02-22 00:00:00-05:00,56.439998626708984,57.68000030517578,55.720001220703125,57.599998474121094,1237225,0.0,0.0,0.0
2024-02-23 00:00:00-05:00,56.599998474121094,57.0,55.31999969482422,55.36000061035156,698025,0.0,0.0,0.0
2024-02-26 00:00:00-05:00,55.08000183105469,55.119998931884766,54.599998474121094,54.79999923706055,514175,0.0,0.0,0.0
2024-02-27 00:00:00-05:00,54.36000061035156,54.47999954223633,53.7599983215332,53.880001068115234,446325,0.0,0.0,0.0
2024-02-28 00:00:00-05:00,54.36000061035156,55.119998931884766,54.08000183105469,54.720001220703125,786475,0.0,0.0,0.0
2024-02-29 00:00:00-05:00,53.84000015258789,55.20000076293945,53.720001220703125,53.959999084472656,834775,0.0,0.0,0.0
2024-03-01 00:00:00-05:00,53.47999954223633,54.400001525878906,53.119998931884766,54.08000183105469,976475,0.0,0.0,0.0
2024-03-04 00:00:00-05:00,53.79999923706055,54.31999969482422,53.720001220703125,54.040000915527344,441375,0.0,0.0,0.0
2024-03-05 00:00:00-05:00,54.560001373291016,57.880001068115234,54.439998626708984,56.20000076293945,1810525,0.0,0.0,0.0
2024-03-06 00:00:00-05:00,54.84000015258789,56.880001068115234,54.599998474121094,56.47999954223633,1418075,0.0,0.0,0.0
2024-03-07 00:00:00-05:00,55.2400016784668,56.84000015258789,55.15999984741211,56.08000183105469,868375,0.0,0.0,0.0
2024-03-08 00:00:00-05:00,55.36000061035156,59.52000045776367,54.959999084472656,57.599998474121094,1682050,0.0,0.0,0.0
2024-03-11 00:00:00-04:00,58.119998931884766,59.119998931884766,56.52000045776367,57.040000915527344,1445050,0.0,0.0,0.0
2024-03-12 00:00:00-04:00,55.720001220703125,56.400001525878906,54.119998931884766,54.20000076293945,1331200,0.0,0.0,0.0
2024-03-13 00:00:00-04:00,54.040000915527344,54.439998626708984,53.63999938964844,53.84000015258789,640625,0.0,0.0,0.0
2024-03-14 00:00:00-04:00,53.599998474121094,57.52000045776367,53.279998779296875,55.31999969482422,1674000,0.0,0.0,0.0
2024-03-15 00:00:00-04:00,56.15999984741211,58.560001373291016,55.63999938964844,56.31999969482422,1688175,0.0,0.0,0.0
2024-03-18 00:00:00-04:00,55.68000030517578,55.68000030517578,54.68000030517578,55.119998931884766,1022225,0.0,0.0,0.0
2024-03-19 00:00:00-04:00,55.20000076293945,55.52000045776367,53.599998474121094,53.68000030517578,1130225,0.0,0.0,0.0
2024-03-20 00:00:00-04:00,53.720001220703125,53.959999084472656,52.2400016784668,52.279998779296875,1867950,0.0,0.0,0.0
2024-03-21 00:00:00-04:00,51.7599983215332,52.68000030517578,51.560001373291016,52.0,949450,0.0,0.0,0.0
2024-03-22 00:00:00-04:00,52.2400016784668,52.52000045776367,51.400001525878906,52.279998779296875,720325,0.0,0.0,0.0
2024-03-25 00:00:00-04:00,52.31999969482422,52.31999969482422,51.439998626708984,51.91999816894531,642450,0.0,0.0,0.0
2024-03-26 00:00:00-04:00,51.47999954223633,51.7599983215332,50.880001068115234,51.720001220703125,730475,0.0,0.0,0.0
2024-03-27 00:00:00-04:00,51.040000915527344,52.0,50.720001220703125,50.720001220703125,741475,0.0,0.0,0.0
2024-03-28 00:00:00-04:00,50.91999816894531,51.84000015258789,50.63999938964844,51.84000015258789,927100,0.0,0.0,0.0
2024-04-01 00:00:00-04:00,51.68000030517578,53.0,51.400001525878906,52.119998931884766,1097625,0.0,0.0,0.0
2024-04-02 00:00:00-04:00,53.959999084472656,55.439998626708984,53.47999954223633,53.52000045776367,2163875,0.0,0.0,0.0
2024-04-03 00:00:00-04:00,54.279998779296875,54.599998474121094,52.599998474121094,53.279998779296875,1069525,0.0,0.0,0.0
2024-04-04 00:00:00-04:00,52.36000061035156,57.279998779296875,51.84000015258789,55.68000030517578,2448350,0.0,0.0,0.0
2024-04-05 00:00:00-04:00,56.36000061035156,57.400001525878906,54.84000015258789,56.7599983215332,2039975,0.0,0.0,0.0
2024-04-08 00:00:00-04:00,55.720001220703125,56.119998931884766,54.08000183105469,54.47999954223633,1105325,0.0,0.0,0.0
2024-04-09 00:00:00-04:00,54.2400016784668,56.52000045776367,53.880001068115234,54.2400016784668,1713825,0.0,0.0,0.0
2024-04-10 00:00:00-04:00,55.63999938964844,57.20000076293945,54.91999816894531,55.08000183105469,2517025,0.0,0.0,0.0
2024-04-11 00:00:00-04:00,55.279998779296875,57.439998626708984,53.880001068115234,54.040000915527344,1567050,0.0,0.0,0.0
2024-04-12 00:00:00-04:00,56.68000030517578,61.599998474121094,56.599998474121094,58.79999923706055,3235600,0.0,0.0,0.0
2024-04-15 00:00:00-04:00,57.040000915527344,62.36000061035156,56.400001525878906,62.119998931884766,3531450,0.0,0.0,0.0
2024-04-16 00:00:00-04:00,61.79999923706055,62.279998779296875,58.91999816894531,60.040000915527344,2889600,0.0,0.0,0.0
2024-04-17 00:00:00-04:00,59.79999923706055,62.08000183105469,58.47999954223633,59.47999954223633,1910400,0.0,0.0,0.0
2024-04-18 00:00:00-04:00,58.720001220703125,60.720001220703125,57.91999816894531,60.0,1639800,0.0,0.0,0.0
2024-04-19 00:00:00-04:00,60.20000076293945,62.439998626708984,59.0,61.439998626708984,2188150,0.0,0.0,0.0
2024-04-22 00:00:00-04:00,59.08000183105469,59.20000076293945,56.08000183105469,56.79999923706055,1245875,0.0,0.0,0.0
2024-04-23 00:00:00-04:00,55.560001373291016,55.880001068115234,54.2400016784668,54.47999954223633,889075,0.0,0.0,0.0
2024-04-24 00:00:00-04:00,54.279998779296875,55.560001373291016,53.91999816894531,54.0,1057750,0.0,0.0,0.0
2024-04-25 00:00:00-04:00,57.040000915527344,57.84000015258789,54.91999816894531,55.20000076293945,1562900,0.0,0.0,0.0
2024-04-26 00:00:00-04:00,53.68000030517578,54.119998931884766,53.15999984741211,53.400001525878906,711825,0.0,0.0,0.0
2024-04-29 00:00:00-04:00,52.959999084472656,53.599998474121094,52.119998931884766,52.68000030517578,627275,0.0,0.0,0.0
2024-04-30 00:00:00-04:00,52.91999816894531,54.20000076293945,52.08000183105469,54.15999984741211,929650,0.0,0.0,0.0
2024-05-01 00:00:00-04:00,54.68000030517578,55.119998931884766,52.040000915527344,54.279998779296875,1645400,0.0,0.0,0.0
2024-05-02 00:00:00-04:00,53.20000076293945,54.720001220703125,52.36000061035156,52.560001373291016,798675,0.0,0.0,0.0
2024-05-03 00:00:00-04:00,50.79999923706055,51.79999923706055,50.560001373291016,50.7599983215332,967400,0.0,0.0,0.0
2024-05-06 00:00:00-04:00,50.040000915527344,50.119998931884766,49.47999954223633,49.47999954223633,425625,0.0,0.0,0.0
2024-05-07 00:00:00-04:00,49.20000076293945,49.720001220703125,49.20000076293945,49.279998779296875,642325,0.0,0.0,0.0
2024-05-08 00:00:00-04:00,49.31999969482422,49.400001525878906,48.7599983215332,48.84000015258789,422650,0.0,0.0,0.0
2024-05-09 00:00:00-04:00,48.880001068115234,49.31999969482422,48.52000045776367,48.560001373291016,506775,0.0,0.0,0.0
2024-05-10 00:00:00-04:00,48.47999954223633,48.720001220703125,47.880001068115234,47.959999084472656,610350,0.0,0.0,0.0
2024-05-13 00:00:00-04:00,47.880001068115234,48.79999923706055,47.7599983215332,48.599998474121094,712975,0.0,0.0,0.0
2024-05-14 00:00:00-04:00,48.400001525878906,48.79999923706055,47.439998626708984,47.68000030517578,587275,0.0,0.0,0.0
2024-05-15 00:00:00-04:00,46.599998474121094,47.119998931884766,45.720001220703125,45.720001220703125,844575,0.0,0.0,0.0
2024-05-16 00:00:00-04:00,45.7599983215332,46.2400016784668,45.63999938964844,45.720001220703125,709300,0.0,0.0,0.0
2024-05-17 00:00:00-04:00,45.7599983215332,45.959999084472656,45.08000183105469,45.31999969482422,666275,0.0,0.0,0.0
2024-05-20 00:00:00-04:00,45.20000076293945,45.560001373291016,44.7599983215332,45.439998626708984,750525,0.0,0.0,0.0
2024-05-21 00:00:00-04:00,45.439998626708984,45.439998626708984,44.279998779296875,44.400001525878906,825550,0.0,0.0,0.0
2024-05-22 00:00:00-04:00,44.68000030517578,45.880001068115234,44.15999984741211,45.52000045776367,1358225,0.0,0.0,0.0
2024-05-23 00:00:00-04:00,44.400001525878906,46.599998474121094,44.2400016784668,46.119998931884766,2060350,0.0,0.0,0.0
2024-05-24 00:00:00-04:00,45.720001220703125,45.79999923706055,44.439998626708984,44.560001373291016,965375,0.0,0.0,0.0
2024-05-28 00:00:00-04:00,44.560001373291016,46.400001525878906,44.439998626708984,45.68000030517578,1420975,0.0,0.0,0.0
2024-05-29 00:00:00-04:00,47.720001220703125,47.84000015258789,46.63999938964844,47.36000061035156,1019950,0.0,0.0,0.0
2024-05-30 00:00:00-04:00,47.47999954223633,48.15999984741211,46.400001525878906,47.279998779296875,1003850,0.0,0.0,0.0
2024-05-31 00:00:00-04:00,46.439998626708984,48.47999954223633,45.68000030517578,45.7599983215332,1474700,0.0,0.0,0.0
2024-06-03 00:00:00-04:00,45.20000076293945,47.2400016784668,45.15999984741211,45.52000045776367,981350,0.0,0.0,0.0
2024-06-04 00:00:00-04:00,46.20000076293945,47.08000183105469,45.560001373291016,45.7599983215332,815825,0.0,0.0,0.0
2024-06-05 00:00:00-04:00,45.20000076293945,46.15999984741211,44.720001220703125,44.84000015258789,661575,0.0,0.0,0.0
2024-06-06 00:00:00-04:00,44.63999938964844,45.15999984741211,44.400001525878906,44.52000045776367,858200,0.0,0.0,0.0
2024-06-07 00:00:00-04:00,44.560001373291016,44.79999923706055,43.79999923706055,44.08000183105469,626925,0.0,0.0,0.0
2024-06-10 00:00:00-04:00,44.79999923706055,45.040000915527344,43.91999816894531,44.20000076293945,884225,0.0,0.0,0.0
2024-06-11 00:00:00-04:00,44.63999938964844,45.279998779296875,43.959999084472656,44.15999984741211,768600,0.0,0.0,0.0
2024-06-12 00:00:00-04:00,43.15999984741211,43.599998474121094,42.880001068115234,43.20000076293945,1289750,0.0,0.0,0.0
2024-06-13 00:00:00-04:00,43.20000076293945,44.400001525878906,42.91999816894531,43.20000076293945,747975,0.0,0.0,0.0
2024-06-14 00:00:00-04:00,44.15999984741211,45.400001525878906,43.91999816894531,44.63999938964844,1565800,0.0,0.0,0.0
2024-06-17 00:00:00-04:00,44.63999938964844,45.08000183105469,43.79999923706055,44.31999969482422,681950,0.0,0.0,0.0
2024-06-18 00:00:00-04:00,43.880001068115234,44.560001373291016,43.68000030517578,44.0,836425,0.0,0.0,0.0
2024-06-20 00:00:00-04:00,44.040000915527344,45.880001068115234,44.0,45.560001373291016,1337600,0.0,0.0,0.0
2024-06-21 00:00:00-04:00,45.91999816894531,46.439998626708984,44.36000061035156,44.7599983215332,872400,0.0,0.0,0.0
2024-06-24 00:00:00-04:00,44.959999084472656,45.119998931884766,43.959999084472656,44.52000045776367,753100,0.0,0.0,0.0
2024-06-25 00:00:00-04:00,44.400001525878906,44.68000030517578,43.439998626708984,43.52000045776367,425350,0.0,0.0,0.0
2024-06-26 00:00:00-04:00,43.68000030517578,43.880001068115234,43.040000915527344,43.08000183105469,740300,0.0,0.0,0.0
2024-06-27 00:00:00-04:00,43.040000915527344,43.20000076293945,42.720001220703125,42.720001220703125,457500,0.0,0.0,0.0
2024-06-28 00:00:00-04:00,42.880001068115234,43.439998626708984,42.52000045776367,43.400001525878906,667325,0.0,0.0,0.0
2024-07-01 00:00:00-04:00,42.880001068115234,43.040000915527344,41.63999938964844,41.68000030517578,540175,0.0,0.0,0.0
2024-07-02 00:00:00-04:00,41.91999816894531,41.91999816894531,41.0,41.15999984741211,487475,0.0,0.0,0.0
2024-07-03 00:00:00-04:00,41.15999984741211,41.47999954223633,40.91999816894531,41.36000061035156,462125,0.0,0.0,0.0
2024-07-05 00:00:00-04:00,41.20000076293945,41.79999923706055,41.119998931884766,41.47999954223633,644500,0.0,0.0,0.0
2024-07-08 00:00:00-04:00,41.0,41.040000915527344,40.47999954223633,40.79999923706055,604400,0.0,0.0,0.0
2024-07-09 00:00:00-04:00,40.63999938964844,41.08000183105469,40.52000045776367,40.79999923706055,610750,0.0,0.0,0.0
2024-07-10 00:00:00-04:00,40.720001220703125,40.91999816894531,40.20000076293945,40.720001220703125,552600,0.0,0.0,0.0
2024-07-11 00:00:00-04:00,40.279998779296875,41.47999954223633,40.20000076293945,40.84000015258789,2536100,0.0,0.0,0.0
2024-07-12 00:00:00-04:00,40.2400016784668,40.279998779296875,39.560001373291016,40.15999984741211,922925,0.0,0.0,0.0
2024-07-15 00:00:00-04:00,39.91999816894531,41.040000915527344,39.720001220703125,40.959999084472656,1290950,0.0,0.0,0.0
2024-07-16 00:00:00-04:00,40.63999938964844,41.20000076293945,40.52000045776367,41.119998931884766,788075,0.0,0.0,0.0
2024-07-17 00:00:00-04:00,42.279998779296875,43.15999984741211,41.68000030517578,42.52000045776367,2966000,0.0,0.0,0.0
2024-07-18 00:00:00-04:00,41.68000030517578,44.439998626708984,41.400001525878906,43.79999923706055,2190725,0.0,0.0,0.0
2024-07-19 00:00:00-04:00,44.47999954223633,46.2400016784668,43.959999084472656,45.720001220703125,1826900,0.0,0.0,0.0
2024-07-22 00:00:00-04:00,44.880001068115234,45.0,43.0,43.2400016784668,1431575,0.0,0.0,0.0
2024-07-23 00:00:00-04:00,43.20000076293945,43.47999954223633,42.2400016784668,42.84000015258789,1199575,0.0,0.0,0.0
2024-07-24 00:00:00-04:00,44.20000076293945,49.15999984741211,44.20000076293945,48.79999923706055,3020575,0.0,0.0,0.0
2024-07-25 00:00:00-04:00,48.119998931884766,50.560001373291016,46.15999984741211,49.20000076293945,3663275,0.0,0.0,0.0
2024-07-26 00:00:00-04:00,47.720001220703125,48.040000915527344,46.279998779296875,46.400001525878906,1265475,0.0,0.0,0.0
2024-07-29 00:00:00-04:00,45.959999084472656,46.79999923706055,45.279998779296875,45.68000030517578,758300,0.0,0.0,0.0
2024-07-30 00:00:00-04:00,45.400001525878906,48.68000030517578,45.2400016784668,47.08000183105469,1416825,0.0,0.0,0.0
2024-07-31 00:00:00-04:00,45.7599983215332,46.08000183105469,44.20000076293945,45.79999923706055,845650,0.0,0.0,0.0
2024-08-01 00:00:00-04:00,45.599998474121094,51.599998474121094,45.36000061035156,49.91999816894531,2181425,0.0,0.0,0.0
2024-08-02 00:00:00-04:00,53.79999923706055,63.7599983215332,53.279998779296875,61.880001068115234,11657525,0.0,0.0,0.0
2024-08-05 00:00:00-04:00,89.4000015258789,90.08000183105469,71.68000030517578,88.5199966430664,10858125,0.0,0.0,0.0
2024-08-06 00:00:00-04:00,76.68000030517578,79.5199966430664,61.279998779296875,70.36000061035156,2495400,0.0,0.0,0.0
2024-08-07 00:00:00-04:00,61.040000915527344,71.0,59.7599983215332,68.23999786376953,2677550,0.0,0.0,0.0
2024-08-08 00:00:00-04:00,64.72000122070312,66.55999755859375,62.0,62.7599983215332,1642475,0.0,0.0,0.0
2024-08-09 00:00:00-04:00,62.040000915527344,63.36000061035156,54.0,54.400001525878906,1875800,0.0,0.0,0.0
2024-08-12 00:00:00-04:00,54.119998931884766,55.599998474121094,50.63999938964844,54.20000076293945,1351525,0.0,0.0,0.0
2024-08-13 00:00:00-04:00,52.84000015258789,52.91999816894531,49.84000015258789,49.959999084472656,1398275,0.0,0.0,0.0
2024-08-14 00:00:00-04:00,48.880001068115234,49.31999969482422,46.560001373291016,46.599998474121094,1108175,0.0,0.0,0.0
2024-08-15 00:00:00-04:00,46.0,46.08000183105469,44.20000076293945,44.880001068115234,978775,0.0,0.0,0.0
2024-08-16 00:00:00-04:00,45.63999938964844,45.91999816894531,44.47999954223633,44.84000015258789,1022725,0.0,0.0,0.0
2024-08-19 00:00:00-04:00,44.7599983215332,45.0,43.560001373291016,43.84000015258789,1017600,0.0,0.0,0.0
2024-08-20 00:00:00-04:00,44.400001525878906,45.91999816894531,44.08000183105469,45.7599983215332,1210025,0.0,0.0,0.0
2024-08-21 00:00:00-04:00,45.560001373291016,47.47999954223633,45.47999954223633,46.2400016784668,1191575,0.0,0.0,0.0
2024-08-22 00:00:00-04:00,45.959999084472656,48.599998474121094,45.7599983215332,48.31999969482422,1170050,0.0,0.0,0.0
2024-08-23 00:00:00-04:00,47.08000183105469,47.599998474121094,45.20000076293945,45.400001525878906,1119050,0.0,0.0,0.0
2024-08-26 00:00:00-04:00,45.15999984741211,46.47999954223633,45.040000915527344,45.47999954223633,965675,0.0,0.0,0.0
2024-08-27 00:00:00-04:00,46.08000183105469,46.439998626708984,44.439998626708984,44.439998626708984,537775,0.0,0.0,0.0
2024-08-28 00:00:00-04:00,44.63999938964844,47.68000030517578,44.439998626708984,47.0,1254575,0.0,0.0,0.0
2024-08-29 00:00:00-04:00,45.47999954223633,46.040000915527344,44.63999938964844,45.31999969482422,1120400,0.0,0.0,0.0
2024-08-30 00:00:00-04:00,44.63999938964844,45.439998626708984,43.880001068115234,44.0,904600,0.0,0.0,0.0
2024-09-03 00:00:00-04:00,45.36000061035156,54.560001373291016,45.0,52.91999816894531,2156050,0.0,0.0,0.0
2024-09-04 00:00:00-04:00,54.279998779296875,55.560001373291016,50.68000030517578,54.040000915527344,2357825,0.0,0.0,0.0
2024-09-05 00:00:00-04:00,53.36000061035156,54.040000915527344,50.79999923706055,51.720001220703125,1685300,0.0,0.0,0.0
2024-09-06 00:00:00-04:00,50.68000030517578,57.84000015258789,50.119998931884766,55.400001525878906,2597775,0.0,0.0,0.0
2024-09-09 00:00:00-04:00,54.31999969482422,54.880001068115234,51.31999969482422,51.959999084472656,1567625,0.0,0.0,0.0
2024-09-10 00:00:00-04:00,51.31999969482422,54.2400016784668,50.79999923706055,50.959999084472656,1396525,0.0,0.0,0.0
2024-09-11 00:00:00-04:00,50.279998779296875,54.959999084472656,48.720001220703125,48.7599983215332,2286025,0.0,0.0,0.0
2024-09-12 00:00:00-04:00,49.36000061035156,50.439998626708984,48.36000061035156,48.439998626708984,1248825,0.0,0.0,0.0
2024-09-13 00:00:00-04:00,48.63999938964844,48.79999923706055,47.15999984741211,48.2400016784668,916175,0.0,0.0,0.0
2024-09-16 00:00:00-04:00,48.52000045776367,49.79999923706055,48.400001525878906,48.560001373291016,900550,0.0,0.0,0.0
2024-09-17 00:00:00-04:00,48.599998474121094,50.439998626708984,48.15999984741211,49.79999923706055,948350,0.0,0.0,0.0
2024-09-18 00:00:00-04:00,49.52000045776367,50.400001525878906,47.0,49.20000076293945,1873050,0.0,0.0,0.0
2024-09-19 00:00:00-04:00,47.400001525878906,48.119998931884766,46.79999923706055,47.36000061035156,1595700,0.0,0.0,0.0
2024-09-20 00:00:00-04:00,47.560001373291016,47.720001220703125,46.439998626708984,47.040000915527344,1119600,0.0,0.0,0.0
2024-09-23 00:00:00-04:00,46.560001373291016,47.599998474121094,46.119998931884766,47.20000076293945,685600,0.0,0.0,0.0
2024-09-24 00:00:00-04:00,46.91999816894531,48.7599983215332,46.599998474121094,47.2400016784668,740600,0.0,0.0,0.0
2024-09-25 00:00:00-04:00,47.439998626708984,48.0,46.880001068115234,47.7599983215332,564800,0.0,0.0,0.0
2024-09-26 00:00:00-04:00,47.599998474121094,48.36000061035156,47.439998626708984,47.79999923706055,888050,0.0,0.0,0.0
2024-09-27 00:00:00-04:00,47.84000015258789,50.08000183105469,47.720001220703125,50.040000915527344,932700,0.0,0.0,0.0
2024-09-30 00:00:00-04:00,50.2400016784668,51.47999954223633,48.91999816894531,49.0,1233025,0.0,0.0,0.0
2024-10-01 00:00:00-04:00,49.08000183105469,53.439998626708984,48.959999084472656,52.84000015258789,2869000,0.0,0.0,0.0
2024-10-02 00:00:00-04:00,52.91999816894531,54.400001525878906,51.7599983215332,52.0,1490325,0.0,0.0,0.0
2024-10-03 00:00:00-04:00,53.279998779296875,54.63999938964844,52.31999969482422,54.279998779296875,1558475,0.0,0.0,0.0
2024-10-04 00:00:00-04:00,53.08000183105469,54.08000183105469,52.040000915527344,52.36000061035156,1519425,0.0,0.0,0.0
2024-10-07 00:00:00-04:00,53.20000076293945,57.36000061035156,53.119998931884766,56.91999816894531,2074850,0.0,0.0,0.0
2024-10-08 00:00:00-04:00,55.040000915527344,55.599998474121094,53.959999084472656,54.63999938964844,1238300,0.0,0.0,0.0
2024-10-09 00:00:00-04:00,54.279998779296875,54.560001373291016,53.040000915527344,53.279998779296875,628850,0.0,0.0,0.0
2024-10-10 00:00:00-04:00,53.7599983215332,54.720001220703125,53.439998626708984,54.0,774800,0.0,0.0,0.0
2024-10-11 00:00:00-04:00,54.20000076293945,54.20000076293945,52.959999084472656,53.439998626708984,759400,0.0,0.0,0.0
2024-10-14 00:00:00-04:00,52.63999938964844,52.84000015258789,50.959999084472656,51.560001373291016,728275,0.0,0.0,0.0
2024-10-15 00:00:00-04:00,50.599998474121094,53.400001525878906,50.2400016784668,53.15999984741211,1271300,0.0,0.0,0.0
2024-10-16 00:00:00-04:00,53.08000183105469,53.91999816894531,52.31999969482422,52.68000030517578,639350,0.0,0.0,0.0
2024-10-17 00:00:00-04:00,52.119998931884766,52.79999923706055,51.68000030517578,51.79999923706055,535825,0.0,0.0,0.0
2024-10-18 00:00:00-04:00,51.400001525878906,51.720001220703125,50.47999954223633,50.599998474121094,734750,0.0,0.0,0.0
2024-10-21 00:00:00-04:00,50.91999816894531,52.0,50.439998626708984,50.63999938964844,593250,0.0,0.0,0.0
2024-10-22 00:00:00-04:00,51.400001525878906,51.880001068115234,50.15999984741211,50.52000045776367,523075,0.0,0.0,0.0
2024-10-23 00:00:00-04:00,51.119998931884766,54.36000061035156,51.0,53.0,1335825,0.0,0.0,0.0
2024-10-24 00:00:00-04:00,52.0,54.47999954223633,51.79999923706055,52.119998931884766,1004650,0.0,0.0,0.0
2024-10-25 00:00:00-04:00,51.599998474121094,54.63999938964844,51.08000183105469,54.52000045776367,1301600,0.0,0.0,0.0
2024-10-28 00:00:00-04:00,52.279998779296875,52.68000030517578,51.31999969482422,52.040000915527344,1101225,0.0,0.0,0.0
2024-10-29 00:00:00-04:00,52.2400016784668,52.560001373291016,51.040000915527344,51.7599983215332,665750,0.0,0.0,0.0
2024-10-30 00:00:00-04:00,52.2400016784668,53.15999984741211,51.400001525878906,52.959999084472656,799800,0.0,0.0,0.0
2024-10-31 00:00:00-04:00,54.400001525878906,57.2400016784668,54.36000061035156,57.20000076293945,1505775,0.0,0.0,0.0
2024-11-01 00:00:00-04:00,55.63999938964844,56.31999969482422,54.2400016784668,56.20000076293945,894625,0.0,0.0,0.0
2024-11-04 00:00:00-05:00,55.560001373291016,55.959999084472656,53.47999954223633,53.720001220703125,1065225,0.0,0.0,0.0
2024-11-05 00:00:00-05:00,53.0,53.040000915527344,50.79999923706055,50.880001068115234,1092775,0.0,0.0,0.0
2024-11-06 00:00:00-05:00,45.720001220703125,47.880001068115234,45.400001525878906,45.7599983215332,1259925,0.0,0.0,0.0
2024-11-07 00:00:00-05:00,45.029998779296875,45.099998474121094,44.22999954223633,44.36000061035156,1048900,0.0,0.25,0.0
2024-11-08 00:00:00-05:00,44.400001525878906,45.0,43.970001220703125,44.16999816894531,1146900,0.0,0.0,0.0
2024-11-11 00:00:00-05:00,43.75,44.13999938964844,43.33000183105469,44.06999969482422,1242900,0.0,0.0,0.0
2024-11-12 00:00:00-05:00,44.27000045776367,45.11000061035156,43.75,43.97999954223633,1593100,0.0,0.0,0.0
2024-11-13 00:00:00-05:00,43.689998626708984,44.18000030517578,42.77000045776367,42.91999816894531,1639900,0.0,0.0,0.0
2024-11-14 00:00:00-05:00,42.72999954223633,43.220001220703125,42.189998626708984,42.880001068115234,1059600,0.0,0.0,0.0
2024-11-15 00:00:00-05:00,43.58000183105469,47.959999084472656,43.34000015258789,45.869998931884766,1925100,0.0,0.0,0.0
2024-11-18 00:00:00-05:00,45.540000915527344,45.959999084472656,43.52000045776367,44.20000076293945,851200,0.0,0.0,0.0
2024-11-19 00:00:00-05:00,46.810001373291016,46.91999816894531,44.59000015258789,45.79999923706055,1343500,0.0,0.0,0.0
2024-11-20 00:00:00-05:00,45.84000015258789,49.099998474121094,45.61000061035156,47.31999969482422,1314400,0.0,0.0,0.0
2024-11-21 00:00:00-05:00,45.91999816894531,48.54999923706055,45.7400016784668,46.970001220703125,898500,0.0,0.0,0.0
2024-11-22 00:00:00-05:00,46.689998626708984,46.86000061035156,45.029998779296875,45.040000915527344,796500,0.0,0.0,0.0
2024-11-25 00:00:00-05:00,43.7400016784668,45.5,43.34000015258789,43.459999084472656,596100,0.0,0.0,0.0
2024-11-26 00:00:00-05:00,43.459999084472656,43.459999084472656,42.59000015258789,43.0099983215332,615200,0.0,0.0,0.0
2024-11-27 00:00:00-05:00,43.029998779296875,44.15999984741211,42.65999984741211,42.81999969482422,582900,0.0,0.0,0.0
2024-11-29 00:00:00-05:00,42.400001525878906,42.400001525878906,41.790000915527344,41.9900016784668,476900,0.0,0.0,0.0
2024-12-02 00:00:00-05:00,41.9900016784668,42.09000015258789,41.52000045776367,41.95000076293945,666400,0.0,0.0,0.0
2024-12-03 00:00:00-05:00,42.0,42.599998474121094,41.11000061035156,41.459999084472656,897700,0.0,0.0,0.0
2024-12-04 00:00:00-05:00,41.0099983215332,41.7400016784668,40.66999816894531,41.709999084472656,947300,0.0,0.0,0.0
2024-12-05 00:00:00-05:00,41.9900016784668,42.04999923706055,41.5,41.790000915527344,1064000,0.0,0.0,0.0
2024-12-06 00:00:00-05:00,41.029998779296875,41.540000915527344,40.81999969482422,41.09000015258789,1023200,0.0,0.0,0.0
2024-12-09 00:00:00-05:00,41.11000061035156,42.400001525878906,40.939998626708984,41.97999954223633,1505700,0.0,0.0,0.0
2024-12-10 00:00:00-05:00,41.70000076293945,42.16999816894531,41.34000015258789,41.91999816894531,951100,0.0,0.0,0.0
2024-12-11 00:00:00-05:00,40.91999816894531,41.630001068115234,40.70000076293945,41.439998626708984,575000,0.0,0.0,0.0
2024-12-12 00:00:00-05:00,41.58000183105469,42.2400016784668,41.18000030517578,41.91999816894531,1180300,0.0,0.0,0.0
2024-12-13 00:00:00-05:00,41.33000183105469,42.31999969482422,41.08000183105469,41.7599983215332,801900,0.0,0.0,0.0
2024-12-16 00:00:00-05:00,41.68000030517578,42.7599983215332,41.650001525878906,42.61000061035156,792100,0.0,0.0,0.0
2024-12-17 00:00:00-05:00,43.130001068115234,43.79999923706055,42.560001373291016,43.58000183105469,1268200,0.0,0.0,0.0
2024-12-18 00:00:00-05:00,43.25,51.0,42.70000076293945,50.959999084472656,2630300,0.0,0.0,0.0
2024-12-19 00:00:00-05:00,48.59000015258789,55.900001525878906,48.130001068115234,55.310001373291016,2689900,0.0,0.0,0.0
2024-12-20 00:00:00-05:00,54.81999969482422,55.09000015258789,46.84000015258789,47.029998779296875,2233100,0.0,0.0,0.0
2024-12-23 00:00:00-05:00,46.369998931884766,48.0,43.97999954223633,44.060001373291016,1248500,0.0,0.0,0.0
2024-12-24 00:00:00-05:00,43.2599983215332,43.349998474121094,41.5,41.560001373291016,807600,0.0,0.0,0.0
2024-12-26 00:00:00-05:00,42.220001220703125,43.2599983215332,41.599998474121094,41.810001373291016,1329100,0.0,0.0,0.0
2024-12-27 00:00:00-05:00,42.619998931884766,46.09000015258789,42.380001068115234,43.810001373291016,1971500,0.0,0.0,0.0
2024-12-30 00:00:00-05:00,46.130001068115234,47.689998626708984,43.459999084472656,44.72999954223633,1547600,0.0,0.0,0.0
2024-12-31 00:00:00-05:00,44.060001373291016,45.529998779296875,43.650001525878906,45.02000045776367,1029900,0.0,0.0,0.0
2025-01-02 00:00:00-05:00,44.209999084472656,48.220001220703125,44.130001068115234,45.959999084472656,1307100,0.0,0.0,0.0
2025-01-03 00:00:00-05:00,45.25,45.5,43.36000061035156,43.4900016784668,1298600,0.0,0.0,0.0
2025-01-06 00:00:00-05:00,43.060001373291016,44.09000015258789,42.529998779296875,43.15999984741211,1380700,0.0,0.0,0.0
2025-01-07 00:00:00-05:00,42.66999816894531,46.560001373291016,42.66999816894531,45.81999969482422,1622900,0.0,0.0,0.0
2025-01-08 00:00:00-05:00,46.290000915527344,47.81999969482422,45.209999084472656,45.52000045776367,2413300,0.0,0.0,0.0
2025-01-10 00:00:00-05:00,47.34000015258789,49.63999938964844,46.79999923706055,48.650001525878906,2436900,0.0,0.0,0.0
2025-01-13 00:00:00-05:00,50.2400016784668,50.58000183105469,47.290000915527344,47.66999816894531,1368400,0.0,0.0,0.0
2025-01-14 00:00:00-05:00,46.83000183105469,48.2400016784668,45.61000061035156,46.72999954223633,1167900,0.0,0.0,0.0
2025-01-15 00:00:00-05:00,44.5,44.5,42.70000076293945,42.81999969482422,2008800,0.0,0.0,0.0
2025-01-16 00:00:00-05:00,42.77000045776367,43.13999938964844,42.369998931884766,42.900001525878906,1304800,0.0,0.0,0.0
2025-01-17 00:00:00-05:00,42.16999816894531,43.15999984741211,42.099998474121094,43.13999938964844,1276600,0.0,0.0,0.0
2025-01-21 00:00:00-05:00,42.279998779296875,42.59000015258789,41.22999954223633,41.380001068115234,2032600,0.0,0.0,0.0
2025-01-22 00:00:00-05:00,41.310001373291016,42.11000061035156,41.25,41.959999084472656,1646400,0.0,0.0,0.0
2025-01-23 00:00:00-05:00,41.779998779296875,41.880001068115234,40.97999954223633,41.18000030517578,1991400,0.0,0.0,0.0
2025-01-24 00:00:00-05:00,40.91999816894531,41.41999816894531,40.75,41.060001373291016,2277500,0.0,0.0,0.0
2025-01-27 00:00:00-05:00,46.0,46.09000015258789,43.20000076293945,43.689998626708984,6696900,0.0,0.0,0.0
2025-01-28 00:00:00-05:00,43.290000915527344,44.40999984741211,42.0,42.310001373291016,3142200,0.0,0.0,0.0
2025-01-29 00:00:00-05:00,42.220001220703125,43.720001220703125,41.91999816894531,42.029998779296875,2117300,0.0,0.0,0.0
2025-01-30 00:00:00-05:00,41.58000183105469,42.470001220703125,41.40999984741211,41.869998931884766,2444300,0.0,0.0,0.0
2025-01-31 00:00:00-05:00,41.4900016784668,43.900001525878906,41.209999084472656,43.369998931884766,2668400,0.0,0.0,0.0
2025-02-03 00:00:00-05:00,46.45000076293945,47.33000183105469,42.70000076293945,44.209999084472656,2960300,0.0,0.0,0.0
2025-02-04 00:00:00-05:00,43.650001525878906,44.27000045776367,42.70000076293945,42.9900016784668,1643300,0.0,0.0,0.0
2025-02-05 00:00:00-05:00,43.08000183105469,43.54999923706055,41.959999084472656,42.029998779296875,2081800,0.0,0.0,0.0
2025-02-06 00:00:00-05:00,41.7400016784668,42.54999923706055,41.56999969482422,41.790000915527344,1440600,0.0,0.0,0.0
2025-02-07 00:00:00-05:00,41.5,43.290000915527344,41.380001068115234,43.209999084472656,1678300,0.0,0.0,0.0
2025-02-10 00:00:00-05:00,42.349998474121094,42.790000915527344,42.029998779296875,42.11000061035156,842600,0.0,0.0,0.0
2025-02-11 00:00:00-05:00,42.439998626708984,42.5,41.77000045776367,42.27000045776367,1067900,0.0,0.0,0.0
2025-02-12 00:00:00-05:00,43.13999938964844,43.400001525878906,41.849998474121094,42.029998779296875,2054000,0.0,0.0,0.0
2025-02-13 00:00:00-05:00,41.88999938964844,42.45000076293945,41.25,41.33000183105469,1867000,0.0,0.0,0.0
2025-02-14 00:00:00-05:00,41.290000915527344,41.650001525878906,41.02000045776367,41.18000030517578,2076400,0.0,0.0,0.0
2025-02-18 00:00:00-05:00,40.95000076293945,41.369998931884766,40.63999938964844,41.0,1560000,0.0,0.0,0.0
2025-02-19 00:00:00-05:00,41.27000045776367,41.369998931884766,40.4900016784668,40.5,2835300,0.0,0.0,0.0
2025-02-20 00:00:00-05:00,40.47999954223633,41.459999084472656,40.220001220703125,40.72999954223633,3656100,0.0,0.0,0.0
2025-02-21 00:00:00-05:00,40.77000045776367,43.90999984741211,40.77000045776367,43.560001373291016,4104600,0.0,0.0,0.0
2025-02-24 00:00:00-05:00,42.86000061035156,44.84000015258789,42.220001220703125,43.84000015258789,1579100,0.0,0.0,0.0
2025-02-25 00:00:00-05:00,44.11000061035156,46.130001068115234,43.20000076293945,44.15999984741211,2854200,0.0,0.0,0.0
2025-02-26 00:00:00-05:00,43.68000030517578,44.540000915527344,42.220001220703125,43.20000076293945,1419100,0.0,0.0,0.0
2025-02-27 00:00:00-05:00,42.70000076293945,45.869998931884766,42.41999816894531,45.66999816894531,1893900,0.0,0.0,0.0
2025-02-28 00:00:00-05:00,46.06999969482422,47.209999084472656,44.459999084472656,44.77000045776367,2018600,0.0,0.0,0.0
2025-03-03 00:00:00-05:00,43.9900016784668,49.75,43.900001525878906,48.45000076293945,1462800,0.0,0.0,0.0
2025-03-04 00:00:00-05:00,50.630001068115234,53.43000030517578,47.400001525878906,49.70000076293945,2806400,0.0,0.0,0.0
2025-03-05 00:00:00-05:00,49.36000061035156,50.66999816894531,47.29999923706055,47.41999816894531,1950000,0.0,0.0,0.0
2025-03-06 00:00:00-05:00,50.47999954223633,52.81999969482422,49.20000076293945,52.68000030517578,2315800,0.0,0.0,0.0
2025-03-07 00:00:00-05:00,52.52000045776367,54.15999984741211,50.0099983215332,50.290000915527344,1960900,0.0,0.0,0.0
2025-03-10 00:00:00-04:00,53.11000061035156,56.75,52.4900016784668,55.77000045776367,2197700,0.0,0.0,0.0
2025-03-11 00:00:00-04:00,56.060001373291016,59.06999969482422,54.900001525878906,55.7599983215332,1840100,0.0,0.0,0.0
2025-03-12 00:00:00-04:00,53.630001068115234,56.25,52.470001220703125,52.900001525878906,1275400,0.0,0.0,0.0
2025-03-13 00:00:00-04:00,53.2599983215332,56.40999984741211,52.209999084472656,55.209999084472656,1165700,0.0,0.0,0.0
2025-03-14 00:00:00-04:00,53.400001525878906,53.650001525878906,50.2599983215332,50.380001068115234,1086200,0.0,0.0,0.0
2025-03-17 00:00:00-04:00,49.93000030517578,49.93000030517578,48.22999954223633,48.4900016784668,1453900,0.0,0.0,0.0
2025-03-18 00:00:00-04:00,48.220001220703125,50.56999969482422,48.220001220703125,49.83000183105469,899100,0.0,0.0,0.0
2025-03-19 00:00:00-04:00,49.36000061035156,49.779998779296875,47.0099983215332,48.130001068115234,792000,0.0,0.0,0.0
2025-03-20 00:00:00-04:00,49.09000015258789,49.27000045776367,46.900001525878906,47.33000183105469,767400,0.0,0.0,0.0
2025-03-21 00:00:00-04:00,48.279998779296875,48.959999084472656,47.13999938964844,47.36000061035156,1474900,0.0,0.0,0.0
2025-03-24 00:00:00-04:00,45.68000030517578,45.7599983215332,44.209999084472656,44.310001373291016,1002200,0.0,0.0,0.0
2025-03-25 00:00:00-04:00,44.0099983215332,44.84000015258789,43.959999084472656,44.66999816894531,655400,0.0,0.0,0.0
2025-03-26 00:00:00-04:00,44.130001068115234,46.9900016784668,44.060001373291016,46.029998779296875,970000,0.0,0.0,0.0
2025-03-27 00:00:00-04:00,46.43000030517578,47.45000076293945,45.630001068115234,46.33000183105469,657500,0.0,0.0,0.0
2025-03-28 00:00:00-04:00,47.0,50.630001068115234,46.470001220703125,50.47999954223633,1393400,0.0,0.0,0.0
2025-03-31 00:00:00-04:00,53.33000183105469,54.150001525878906,49.7400016784668,50.2599983215332,1935400,0.0,0.0,0.0
2025-04-01 00:00:00-04:00,51.06999969482422,52.84000015258789,49.619998931884766,50.33000183105469,819100,0.0,0.0,0.0
2025-04-02 00:00:00-04:00,52.41999816894531,52.5,48.18000030517578,48.95000076293945,1547200,0.0,0.0,0.0
2025-04-03 00:00:00-04:00,56.38999938964844,61.2599983215332,54.790000915527344,60.95000076293945,3158400,0.0,0.0,0.0
2025-04-04 00:00:00-04:00,68.44999694824219,74.80999755859375,65.36000061035156,73.12000274658203,4946700,0.0,0.0,0.0
2025-04-07 00:00:00-04:00,80.05000305175781,83.0199966430664,66.0,73.5199966430664,3177900,0.0,0.0,0.0
2025-04-08 00:00:00-04:00,66.20999908447266,89.13999938964844,65.94000244140625,82.83000183105469,3406900,0.0,0.0,0.0
2025-04-09 00:00:00-04:00,85.3499984741211,87.26000213623047,61.91999816894531,65.5,2596300,0.0,0.0,0.0
2025-04-10 00:00:00-04:00,70.33999633789062,85.11000061035156,68.18000030517578,77.91000366210938,3292300,0.0,0.0,0.0
2025-04-11 00:00:00-04:00,80.0,83.91000366210938,75.27999877929688,75.69000244140625,2267500,0.0,0.0,0.0
2025-04-14 00:00:00-04:00,68.83999633789062,74.25,66.69000244140625,67.0,1529800,0.0,0.0,0.0
2025-04-15 00:00:00-04:00,67.16000366210938,67.87000274658203,64.30000305175781,66.5,910900,0.0,0.0,0.0
2025-04-16 00:00:00-04:00,69.22000122070312,73.66000366210938,67.0,72.05000305175781,1118000,0.0,0.0,0.0
2025-04-17 00:00:00-04:00,70.3499984741211,71.43000030517578,69.5,69.95999908447266,793200,0.0,0.0,0.0
2025-04-21 00:00:00-04:00,70.86000061035156,76.0,70.6500015258789,74.0999984741211,1304400,0.0,0.0,0.0
2025-04-22 00:00:00-04:00,71.55999755859375,71.86000061035156,69.08000183105469,69.58000183105469,594900,0.0,0.0,0.0
2025-04-23 00:00:00-04:00,65.9800033569336,69.16999816894531,64.80000305175781,67.11000061035156,826900,0.0,0.0,0.0
2025-04-24 00:00:00-04:00,66.43000030517578,66.48999786376953,64.25,64.83999633789062,623100,0.0,0.0,0.0
2025-04-25 00:00:00-04:00,64.41999816894531,65.80000305175781,61.86000061035156,61.90999984741211,432600,0.0,0.0,0.0
2025-04-28 00:00:00-04:00,61.2400016784668,64.6500015258789,61.130001068115234,62.34000015258789,524300,0.0,0.0,0.0
2025-04-29 00:00:00-04:00,62.93000030517578,63.279998779296875,61.45000076293945,61.720001220703125,765400,0.0,0.0,0.0
2025-04-30 00:00:00-04:00,63.869998931884766,66.93000030517578,62.61000061035156,63.13999938964844,1174200,0.0,0.0,0.0
2025-05-01 00:00:00-04:00,61.369998931884766,63.08000183105469,61.2599983215332,62.20000076293945,419700,0.0,0.0,0.0
2025-05-02 00:00:00-04:00,60.79999923706055,61.290000915527344,59.459999084472656,59.56999969482422,436200,0.0,0.0,0.0
2025-05-05 00:00:00-04:00,60.77000045776367,61.220001220703125,59.650001525878906,60.790000915527344,601800,0.0,0.0,0.0
2025-05-06 00:00:00-04:00,62.5099983215332,63.349998474121094,61.349998474121094,63.150001525878906,939600,0.0,0.0,0.0
2025-05-07 00:00:00-04:00,62.47999954223633,63.560001373291016,61.099998474121094,61.54999923706055,821500,0.0,0.0,0.0
2025-05-08 00:00:00-04:00,60.38999938964844,60.880001068115234,58.54999923706055,59.150001525878906,1015100,0.0,0.0,0.0
2025-05-09 00:00:00-04:00,58.83000183105469,59.2400016784668,57.95000076293945,58.720001220703125,544000,0.0,0.0,0.0
2025-05-12 00:00:00-04:00,54.029998779296875,54.22999954223633,50.93000030517578,51.099998474121094,1190200,0.0,0.0,0.0
2025-05-13 00:00:00-04:00,50.18000030517578,50.83000183105469,49.130001068115234,50.5,1346300,0.0,0.0,0.0
2025-05-14 00:00:00-04:00,50.65999984741211,51.959999084472656,50.630001068115234,51.72999954223633,881000,0.0,0.0,0.0
2025-05-15 00:00:00-04:00,52.27000045776367,52.7400016784668,50.83000183105469,50.86000061035156,663100,0.0,0.0,0.0
2025-05-16 00:00:00-04:00,50.439998626708984,51.290000915527344,50.06999969482422,51.290000915527344,881800,0.0,0.0,0.0
2025-05-19 00:00:00-04:00,53.0,53.0,50.88999938964844,51.290000915527344,1335000,0.0,0.0,0.0
2025-05-20 00:00:00-04:00,51.20000076293945,52.13999938964844,50.68000030517578,50.83000183105469,1492200,0.0,0.0,0.0
2025-05-21 00:00:00-04:00,52.060001373291016,55.08000183105469,50.970001220703125,54.349998474121094,1766600,0.0,0.0,0.0
2025-05-22 00:00:00-04:00,54.63999938964844,55.060001373291016,52.959999084472656,53.93000030517578,1062900,0.0,0.0,0.0
2025-05-23 00:00:00-04:00,57.689998626708984,57.9900016784668,55.630001068115234,57.470001220703125,1191200,0.0,0.0,0.0
2025-05-27 00:00:00-04:00,53.86000061035156,54.470001220703125,51.619998931884766,51.720001220703125,916700,0.0,0.0,0.0
2025-05-28 00:00:00-04:00,51.619998931884766,52.630001068115234,51.59000015258789,52.2400016784668,537800,0.0,0.0,0.0
2025-05-29 00:00:00-04:00,50.9900016784668,53.09000015258789,50.88999938964844,52.310001373291016,655300,0.0,0.0,0.0
2025-05-30 00:00:00-04:00,53.040000915527344,54.68000030517578,52.04999923706055,52.77000045776367,953700,0.0,0.0,0.0
2025-06-02 00:00:00-04:00,53.150001525878906,53.54999923706055,51.970001220703125,52.0,680000,0.0,0.0,0.0
2025-06-03 00:00:00-04:00,51.810001373291016,51.93000030517578,50.7400016784668,50.90999984741211,647800,0.0,0.0,0.0
2025-06-04 00:00:00-04:00,50.810001373291016,51.220001220703125,50.56999969482422,51.060001373291016,721000,0.0,0.0,0.0
2025-06-05 00:00:00-04:00,50.310001373291016,52.27000045776367,49.369998931884766,52.0,1130000,0.0,0.0,0.0
2025-06-06 00:00:00-04:00,50.5099983215332,50.529998779296875,49.5,49.779998779296875,1014300,0.0,0.0,0.0
2025-06-09 00:00:00-04:00,49.29999923706055,49.52000045776367,48.689998626708984,49.11000061035156,743400,0.0,0.0,0.0
2025-06-10 00:00:00-04:00,49.06999969482422,49.36000061035156,48.41999816894531,48.939998626708984,1112300,0.0,0.0,0.0
2025-06-11 00:00:00-04:00,48.08000183105469,50.060001373291016,47.540000915527344,49.15999984741211,2710500,0.0,0.0,0.0
2025-06-12 00:00:00-04:00,49.939998626708984,50.290000915527344,49.06999969482422,49.959999084472656,1705800,0.0,0.0,0.0
2025-06-13 00:00:00-04:00,52.369998931884766,54.68000030517578,50.939998626708984,53.810001373291016,3352400,0.0,0.0,0.0
2025-06-16 00:00:00-04:00,51.75,51.75,49.619998931884766,49.810001373291016,1683200,0.0,0.0,0.0
2025-06-17 00:00:00-04:00,51.040000915527344,53.86000061035156,50.66999816894531,52.83000183105469,1826200,0.0,0.0,0.0
2025-06-18 00:00:00-04:00,53.0099983215332,53.52000045776367,50.61000061035156,51.58000183105469,1395000,0.0,0.0,0.0
2025-06-20 00:00:00-04:00,51.099998474121094,52.900001525878906,50.79999923706055,52.15999984741211,1116800,0.0,0.0,0.0
2025-06-23 00:00:00-04:00,52.15999984741211,54.16999816894531,51.33000183105469,51.40999984741211,1745900,0.0,0.0,0.0
2025-06-24 00:00:00-04:00,48.869998931884766,48.869998931884766,47.75,47.75,1646300,0.0,0.0,0.0
2025-06-25 00:00:00-04:00,47.45000076293945,48.16999816894531,47.310001373291016,47.38999938964844,663900,0.0,0.0,0.0
2025-06-26 00:00:00-04:00,47.29999923706055,47.34000015258789,46.5,47.189998626708984,647900,0.0,0.0,0.0
2025-06-27 00:00:00-04:00,46.7599983215332,48.06999969482422,46.68000030517578,47.130001068115234,1036200,0.0,0.0,0.0
2025-06-30 00:00:00-04:00,46.5,47.25,46.400001525878906,46.880001068115234,880800,0.0,0.0,0.0
2025-07-01 00:00:00-04:00,47.25,47.5,46.349998474121094,46.810001373291016,1076400,0.0,0.0,0.0
2025-07-02 00:00:00-04:00,46.88999938964844,47.08000183105469,46.279998779296875,46.66999816894531,1334000,0.0,0.0,0.0
2025-07-03 00:00:00-04:00,45.88999938964844,46.52000045776367,45.65999984741211,46.290000915527344,1457200,0.0,0.0,0.0
2025-07-07 00:00:00-04:00,46.939998626708984,47.779998779296875,46.66999816894531,46.86000061035156,1915100,0.0,0.0,0.0
2025-07-08 00:00:00-04:00,45.93000030517578,46.09000015258789,45.41999816894531,45.79999923706055,858100,0.0,0.0,0.0
2025-07-09 00:00:00-04:00,44.619998931884766,45.060001373291016,44.0,44.20000076293945,1092500,0.0,0.0,0.0
2025-07-10 00:00:00-04:00,43.9900016784668,44.290000915527344,43.70000076293945,43.86000061035156,918400,0.0,0.0,0.0
2025-07-11 00:00:00-04:00,44.810001373291016,44.869998931884766,43.619998931884766,44.06999969482422,1036200,0.0,0.0,0.0
2025-07-14 00:00:00-04:00,44.540000915527344,45.04999923706055,44.220001220703125,44.7400016784668,889200,0.0,0.0,0.0
2025-07-15 00:00:00-04:00,43.790000915527344,44.7400016784668,43.75,44.40999984741211,1305300,0.0,0.0,0.0
2025-07-16 00:00:00-04:00,44.349998474121094,46.88999938964844,44.099998474121094,44.81999969482422,1691100,0.0,0.0,0.0
2025-07-17 00:00:00-04:00,44.61000061035156,44.84000015258789,44.29999923706055,44.619998931884766,762800,0.0,0.0,0.0
2025-07-18 00:00:00-04:00,44.150001525878906,44.5,43.939998626708984,43.959999084472656,830700,0.0,0.0,0.0
2025-07-21 00:00:00-04:00,43.5,43.7599983215332,42.810001373291016,43.70000076293945,1135800,0.0,0.0,0.0
2025-07-22 00:00:00-04:00,43.529998779296875,44.63999938964844,43.380001068115234,43.54999923706055,1348300,0.0,0.0,0.0
2025-07-23 00:00:00-04:00,42.880001068115234,43.25,41.5,41.77000045776367,1812800,0.0,0.0,0.0
2025-07-24 00:00:00-04:00,41.459999084472656,41.7599983215332,41.11000061035156,41.61000061035156,1777800,0.0,0.0,0.0
2025-07-25 00:00:00-04:00,41.66999816894531,41.779998779296875,41.099998474121094,41.22999954223633,1278600,0.0,0.0,0.0
2025-07-28 00:00:00-04:00,40.400001525878906,40.790000915527344,40.099998474121094,40.099998474121094,2014100,0.0,0.0,0.0
2025-07-29 00:00:00-04:00,39.689998626708984,41.29999923706055,39.439998626708984,41.040000915527344,1746300,0.0,0.0,0.0
2025-07-30 00:00:00-04:00,40.91999816894531,41.93000030517578,40.529998779296875,41.2400016784668,1406200,0.0,0.0,0.0
2025-07-31 00:00:00-04:00,40.38999938964844,41.689998626708984,40.06999969482422,41.4900016784668,1566200,0.0,0.0,0.0
2025-08-01 00:00:00-04:00,43.400001525878906,45.77000045776367,43.31999969482422,44.7599983215332,3662300,0.0,0.0,0.0
2025-08-04 00:00:00-04:00,43.59000015258789,43.599998474121094,41.65999984741211,41.72999954223633,1934300,0.0,0.0,0.0
2025-08-05 00:00:00-04:00,41.630001068115234,43.380001068115234,41.5,42.15999984741211,1453800,0.0,0.0,0.0
2025-08-06 00:00:00-04:00,42.060001373291016,42.349998474121094,40.81999969482422,40.86000061035156,1303600,0.0,0.0,0.0
2025-08-07 00:00:00-04:00,40.279998779296875,41.79999923706055,40.13999938964844,41.18000030517578,1347900,0.0,0.0,0.0
2025-08-08 00:00:00-04:00,40.5,40.599998474121094,39.61000061035156,39.7599983215332,2053300,0.0,0.0,0.0
2025-08-11 00:00:00-04:00,39.63999938964844,40.18000030517578,39.34000015258789,39.95000076293945,1489200,0.0,0.0,0.0
2025-08-12 00:00:00-04:00,39.20000076293945,39.22999954223633,38.040000915527344,38.25,1824500,0.0,0.0,0.0
2025-08-13 00:00:00-04:00,37.75,38.279998779296875,37.66999816894531,38.029998779296875,1639200,0.0,0.0,0.0
2025-08-14 00:00:00-04:00,38.7400016784668,38.790000915527344,37.939998626708984,38.13999938964844,1748800,0.0,0.0,0.0
2025-08-15 00:00:00-04:00,37.93000030517578,38.36000061035156,37.790000915527344,37.970001220703125,2245600,0.0,0.0,0.0
2025-08-18 00:00:00-04:00,37.959999084472656,37.970001220703125,36.900001525878906,37.11000061035156,1594200,0.0,0.0,0.0
2025-08-19 00:00:00-04:00,36.70000076293945,38.13999938964844,36.650001525878906,37.849998474121094,2411100,0.0,0.0,0.0
2025-08-20 00:00:00-04:00,37.95000076293945,39.029998779296875,37.5099983215332,37.61000061035156,1982300,0.0,0.0,0.0
2025-08-21 00:00:00-04:00,38.189998626708984,38.77000045776367,37.81999969482422,38.189998626708984,1212100,0.0,0.0,0.0
2025-08-22 00:00:00-04:00,37.970001220703125,38.06999969482422,35.0099983215332,35.189998626708984,3142600,0.0,0.0,0.0
2025-08-25 00:00:00-04:00,35.43000030517578,35.63999938964844,34.900001525878906,35.130001068115234,1364800,0.0,0.0,0.0
2025-08-26 00:00:00-04:00,35.459999084472656,35.459999084472656,34.88999938964844,34.939998626708984,1185400,0.0,0.0,0.0
2025-08-27 00:00:00-04:00,35.02000045776367,35.5,34.880001068115234,35.09000015258789,1501600,0.0,0.0,0.0
2025-08-28 00:00:00-04:00,34.599998474121094,35.09000015258789,34.459999084472656,34.54999923706055,1262600,0.0,0.0,0.0
2025-08-29 00:00:00-04:00,34.5099983215332,35.61000061035156,34.34000015258789,35.2599983215332,2273300,0.0,0.0,0.0
2025-09-02 00:00:00-04:00,37.13999938964844,37.91999816894531,36.349998474121094,36.349998474121094,2960100,0.0,0.0,0.0
2025-09-03 00:00:00-04:00,36.189998626708984,36.22999954223633,35.459999084472656,35.5,1517900,0.0,0.0,0.0
2025-09-04 00:00:00-04:00,35.2599983215332,35.31999969482422,34.34000015258789,34.459999084472656,1333800,0.0,0.0,0.0
2025-09-05 00:00:00-04:00,33.65999984741211,35.4900016784668,33.54999923706055,34.4900016784668,2699900,0.0,0.0,0.0
2025-09-08 00:00:00-04:00,34.15999984741211,34.2599983215332,33.790000915527344,33.880001068115234,1931800,0.0,0.0,0.0
2025-09-09 00:00:00-04:00,34.09000015258789,34.470001220703125,33.66999816894531,33.709999084472656,1622300,0.0,0.0,0.0
2025-09-10 00:00:00-04:00,33.34000015258789,33.83000183105469,33.15999984741211,33.58000183105469,2365200,0.0,0.0,0.0
2025-09-11 00:00:00-04:00,33.0099983215332,33.18000030517578,32.709999084472656,32.72999954223633,1799300,0.0,0.0,0.0
2025-09-12 00:00:00-04:00,32.7599983215332,32.83000183105469,32.33000183105469,32.68000030517578,1621700,0.0,0.0,0.0
2025-09-15 00:00:00-04:00,32.380001068115234,33.11000061035156,32.31999969482422,33.08000183105469,2364700,0.0,0.0,0.0
2025-09-16 00:00:00-04:00,33.13999938964844,33.66999816894531,33.04999923706055,33.58000183105469,1939400,0.0,0.0,0.0
2025-09-17 00:00:00-04:00,33.310001373291016,33.349998474121094,31.8799991607666,32.369998931884766,3695000,0.0,0.0,0.0
2025-09-18 00:00:00-04:00,31.81999969482422,32.400001525878906,31.760000228881836,32.25,1836600,0.0,0.0,0.0
2025-09-19 00:00:00-04:00,32.029998779296875,32.77000045776367,32.02000045776367,32.34000015258789,1391300,0.0,0.0,0.0
2025-09-22 00:00:00-04:00,32.529998779296875,32.91999816894531,32.29999923706055,32.880001068115234,2452800,0.0,0.0,0.0
2025-09-23 00:00:00-04:00,32.77000045776367,33.810001373291016,32.7599983215332,33.25,3131400,0.0,0.0,0.0
2025-09-24 00:00:00-04:00,33.04999923706055,33.849998474121094,32.83000183105469,32.83000183105469,1682400,0.0,0.0,0.0
2025-09-25 00:00:00-04:00,33.59000015258789,33.900001525878906,32.58000183105469,33.27000045776367,2606900,0.0,0.0,0.0
2025-09-26 00:00:00-04:00,32.970001220703125,33.4900016784668,31.920000076293945,31.989999771118164,1845200,0.0,0.0,0.0
2025-09-29 00:00:00-04:00,31.81999969482422,32.599998474121094,31.760000228881836,32.400001525878906,2107800,0.0,0.0,0.0
2025-09-30 00:00:00-04:00,32.56999969482422,32.70000076293945,32.11000061035156,32.29999923706055,1848700,0.0,0.0,0.0
2025-10-01 00:00:00-04:00,32.47999954223633,32.56999969482422,31.959999084472656,32.099998474121094,1767500,0.0,0.0,0.0
2025-10-02 00:00:00-04:00,31.93000030517578,32.68000030517578,31.8700008392334,32.470001220703125,2142800,0.0,0.0,0.0
2025-10-03 00:00:00-04:00,32.33000183105469,32.75,32.150001525878906,32.2400016784668,2093800,0.0,0.0,0.0
2025-10-06 00:00:00-04:00,32.099998474121094,32.54999923706055,32.029998779296875,32.15999984741211,1738200,0.0,0.0,0.0
2025-10-07 00:00:00-04:00,32.0099983215332,33.06999969482422,31.93000030517578,32.790000915527344,2304900,0.0,0.0,0.0
2025-10-08 00:00:00-04:00,32.630001068115234,32.86000061035156,32.16999816894531,32.290000915527344,1381800,0.0,0.0,0.0
2025-10-09 00:00:00-04:00,32.13999938964844,32.869998931884766,32.040000915527344,32.369998931884766,1808200,0.0,0.0,0.0
2025-10-10 00:00:00-04:00,32.369998931884766,36.81999969482422,32.09000015258789,36.380001068115234,9224500,0.0,0.0,0.0
2025-10-13 00:00:00-04:00,34.5,34.70000076293945,33.439998626708984,33.720001220703125,4343800,0.0,0.0,0.0
2025-10-14 00:00:00-04:00,35.59000015258789,36.779998779296875,34.02000045776367,35.13999938964844,4876900,0.0,0.0,0.0
2025-10-15 00:00:00-04:00,34.220001220703125,36.41999816894531,34.029998779296875,35.52000045776367,2895800,0.0,0.0,0.0
2025-10-16 00:00:00-04:00,35.20000076293945,39.130001068115234,35.09000015258789,38.95000076293945,6175700,0.0,0.0,0.0
2025-10-17 00:00:00-04:00,38.220001220703125,39.70000076293945,35.72999954223633,35.72999954223633,5938500,0.0,0.0,0.0
2025-10-20 00:00:00-04:00,34.779998779296875,34.81999969482422,32.93000030517578,33.0099983215332,3404200,0.0,0.0,0.0
2025-10-21 00:00:00-04:00,33.369998931884766,33.90999984741211,32.529998779296875,32.84000015258789,2996900,0.0,0.0,0.0
2025-10-22 00:00:00-04:00,33.0099983215332,35.029998779296875,32.79999923706055,33.22999954223633,4831600,0.0,0.0,0.0
2025-10-23 00:00:00-04:00,33.459999084472656,33.599998474121094,32.5099983215332,32.599998474121094,2045900,0.0,0.0,0.0
2025-10-24 00:00:00-04:00,31.760000228881836,32.33000183105469,31.670000076293945,32.220001220703125,2165800,0.0,0.0,0.0
2025-10-27 00:00:00-04:00,31.100000381469727,31.489999771118164,30.959999084472656,31.15999984741211,2137900,0.0,0.0,0.0
2025-10-28 00:00:00-04:00,31.1299991607666,32.650001525878906,31.100000381469727,32.040000915527344,2727400,0.0,0.0,0.0
2025-10-29 00:00:00-04:00,31.75,32.650001525878906,31.40999984741211,32.650001525878906,4018100,0.0,0.0,0.0
2025-10-30 00:00:00-04:00,32.380001068115234,32.959999084472656,31.84000015258789,32.90999984741211,4141600,0.0,0.0,0.0
2025-10-31 00:00:00-04:00,32.13999938964844,33.709999084472656,32.099998474121094,33.029998779296875,3662800,0.0,0.0,0.0
2025-11-03 00:00:00-05:00,32.630001068115234,33.72999954223633,32.5,32.66999816894531,2956800,0.0,0.0,0.0
2025-11-04 00:00:00-05:00,34.0,34.31999969482422,33.099998474121094,33.900001525878906,2870600,0.0,0.0,0.0
2025-11-05 00:00:00-05:00,33.939998626708984,34.060001373291016,32.2599983215332,32.599998474121094,2823900,0.0,0.0,0.0
2025-11-06 00:00:00-05:00,32.90999984741211,34.4900016784668,32.7400016784668,34.0099983215332,4468800,0.0,0.0,0.0
2025-11-07 00:00:00-05:00,34.90999984741211,36.02000045776367,33.689998626708984,33.689998626708984,4125000,0.0,0.0,0.0
2025-11-10 00:00:00-05:00,32.40999984741211,32.61000061035156,31.81999969482422,31.93000030517578,3594300,0.0,0.0,0.0
2025-11-11 00:00:00-05:00,31.979999542236328,32.040000915527344,31.65999984741211,31.84000015258789,1229600,0.0,0.0,0.0
2025-11-12 00:00:00-05:00,31.6200008392334,32.369998931884766,31.579999923706055,32.029998779296875,2259000,0.0,0.0,0.0
2025-11-13 00:00:00-05:00,32.349998474121094,34.75,32.09000015258789,34.15999984741211,4577200,0.0,0.0,0.0
2025-11-14 00:00:00-05:00,35.16999816894531,35.72999954223633,32.9900016784668,33.59000015258789,4531200,0.0,0.0,0.0
2025-11-17 00:00:00-05:00,34.15999984741211,35.83000183105469,33.290000915527344,35.29999923706055,5070800,0.0,0.0,0.0
2025-11-18 00:00:00-05:00,36.380001068115234,37.5,35.310001373291016,36.75,5849600,0.0,0.0,0.0
2025-11-19 00:00:00-05:00,36.5,36.91999816894531,34.83000183105469,35.81999969482422,5084000,0.0,0.0,0.0
2025-11-20 00:00:00-05:00,33.349998474121094,38.54999923706055,33.119998931884766,38.20000076293945,8787000,0.0,0.0,0.0
2025-11-21 00:00:00-05:00,37.2400016784668,39.33000183105469,35.86000061035156,36.25,9486200,0.0,0.0,0.0
2025-11-24 00:00:00-05:00,35.709999084472656,35.75,33.58000183105469,33.65999984741211,2949500,0.0,0.0,0.0
2025-11-25 00:00:00-05:00,33.66999816894531,34.95000076293945,32.630001068115234,32.7599983215332,2705000,0.0,0.0,0.0
2025-11-26 00:00:00-05:00,32.31999969482422,32.45000076293945,31.639999389648438,31.84000015258789,3223700,0.0,0.0,0.0
2025-11-28 00:00:00-05:00,31.68000030517578,31.719999313354492,31.049999237060547,31.1299991607666,1221600,0.0,0.0,0.0
2025-12-01 00:00:00-05:00,31.81999969482422,31.81999969482422,30.670000076293945,31.149999618530273,2831400,0.0,0.0,0.0
2025-12-02 00:00:00-05:00,30.81999969482422,31.100000381469727,30.559999465942383,30.600000381469727,2610600,0.0,0.0,0.0
2025-12-03 00:00:00-05:00,30.979999542236328,31.059999465942383,30.360000610351562,30.43000030517578,2964300,0.0,0.0,0.0
2025-12-04 00:00:00-05:00,30.219999313354492,30.68000030517578,29.899999618530273,30.15999984741211,1461600,0.0,0.0,0.0
2025-12-05 00:00:00-05:00,30.020000457763672,30.25,29.75,29.790000915527344,2212700,0.0,0.0,0.0
2025-12-08 00:00:00-05:00,29.770000457763672,30.56999969482422,29.739999771118164,30.100000381469727,2271400,0.0,0.0,0.0
2025-12-09 00:00:00-05:00,30.360000610351562,30.360000610351562,29.809999465942383,30.280000686645508,2367500,0.0,0.0,0.0
2025-12-10 00:00:00-05:00,30.420000076293945,30.610000610351562,28.969999313354492,29.059999465942383,3403200,0.0,0.0,0.0
2025-12-11 00:00:00-05:00,29.399999618530273,29.93000030517578,28.600000381469727,28.649999618530273,2473100,0.0,0.0,0.0
2025-12-12 00:00:00-05:00,28.469999313354492,29.979999542236328,28.239999771118164,28.719999313354492,4741900,0.0,0.0,0.0
2025-12-15 00:00:00-05:00,28.3799991607666,29.34000015258789,28.270000457763672,28.690000534057617,2748200,0.0,0.0,0.0
2025-12-16 00:00:00-05:00,28.770000457763672,29.290000915527344,28.399999618530273,28.56999969482422,2994600,0.0,0.0,0.0
2025-12-17 00:00:00-05:00,28.479999542236328,29.18000030517578,28.149999618530273,29.059999465942383,2698100,0.0,0.0,0.0
2025-12-18 00:00:00-05:00,28.350000381469727,28.790000915527344,27.90999984741211,28.110000610351562,2495800,0.0,0.0,0.0
2025-12-19 00:00:00-05:00,27.860000610351562,27.860000610351562,26.850000381469727,27.049999237060547,2572800,0.0,0.0,0.0
2025-12-22 00:00:00-05:00,26.469999313354492,26.610000610351562,25.969999313354492,26.1200008392334,2567500,0.0,0.0,0.0
2025-12-23 00:00:00-05:00,26.350000381469727,26.350000381469727,26.079999923706055,26.219999313354492,1528600,0.0,0.0,0.0
2025-12-24 00:00:00-05:00,26.15999984741211,26.309999465942383,26.040000915527344,26.190000534057617,882800,0.0,0.0,0.0
2025-12-26 00:00:00-05:00,26.049999237060547,26.479999542236328,26.040000915527344,26.139999389648438,1456400,0.0,0.0,0.0
2025-12-29 00:00:00-05:00,26.40999984741211,26.40999984741211,25.6299991607666,25.860000610351562,1921600,0.0,0.0,0.0
2025-12-30 00:00:00-05:00,25.75,25.75,25.3700008392334,25.469999313354492,1363200,0.0,0.0,0.0
2025-12-31 00:00:00-05:00,25.489999771118164,26.200000762939453,25.270000457763672,25.639999389648438,2132700,0.0,0.0,0.0
2026-01-02 00:00:00-05:00,25.229999542236328,25.719999313354492,25.139999389648438,25.209999084472656,2317600,0.0,0.0,0.0
2026-01-05 00:00:00-05:00,25.100000381469727,25.56999969482422,24.950000762939453,25.56999969482422,1918000,0.0,0.0,0.0
2026-01-06 00:00:00-05:00,25.530000686645508,25.559999465942383,25.149999618530273,25.260000228881836,1514800,0.0,0.0,0.0
2026-01-07 00:00:00-05:00,25.309999465942383,25.799999237060547,25.309999465942383,25.68000030517578,3168600,0.0,0.0,0.0
2026-01-08 00:00:00-05:00,25.780000686645508,25.81999969482422,25.209999084472656,25.34000015258789,3371800,0.0,0.0,0.0
2026-01-09 00:00:00-05:00,25.31999969482422,25.610000610351562,24.809999465942383,24.979999542236328,2694900,0.0,0.0,0.0
2026-01-12 00:00:00-05:00,25.479999542236328,25.489999771118164,24.969999313354492,25.030000686645508,1563900,0.0,0.0,0.0
2026-01-13 00:00:00-05:00,24.920000076293945,25.920000076293945,24.8799991607666,25.6299991607666,3057100,0.0,0.0,0.0
2026-01-14 00:00:00-05:00,26.290000915527344,26.979999542236328,26.040000915527344,26.260000228881836,5313800,0.0,0.0,0.0
2026-01-15 00:00:00-05:00,25.459999084472656,25.670000076293945,25.219999313354492,25.479999542236328,2505900,0.0,0.0,0.0
2026-01-16 00:00:00-05:00,25.350000381469727,25.84000015258789,25.25,25.600000381469727,2168500,0.0,0.0,0.0
2026-01-20 00:00:00-05:00,27.860000610351562,28.950000762939453,26.84000015258789,28.459999084472656,8552300,0.0,0.0,0.0
2026-01-21 00:00:00-05:00,27.290000915527344,27.68000030517578,25.579999923706055,25.84000015258789,6293400,0.0,0.0,0.0
2026-01-22 00:00:00-05:00,25.479999542236328,25.860000610351562,25.200000762939453,25.219999313354492,1963900,0.0,0.0,0.0
2026-01-23 00:00:00-05:00,25.530000686645508,25.770000457763672,25.049999237060547,25.68000030517578,2458500,0.0,0.0,0.0
2026-01-26 00:00:00-05:00,25.65999984741211,25.770000457763672,25.31999969482422,25.6299991607666,2248800,0.0,0.0,0.0
2026-01-27 00:00:00-05:00,25.610000610351562,26.100000381469727,25.420000076293945,26.09000015258789,1737600,0.0,0.0,0.0
2026-01-28 00:00:00-05:00,25.950000762939453,26.459999084472656,25.739999771118164,26.09000015258789,2679300,0.0,0.0,0.0
2026-01-29 00:00:00-05:00,26.440000534057617,27.8700008392334,26.260000228881836,26.270000457763672,3858600,0.0,0.0,0.0
2026-01-30 00:00:00-05:00,26.600000381469727,26.989999771118164,25.940000534057617,26.709999084472656,4067100,0.0,0.0,0.0
2026-02-02 00:00:00-05:00,26.450000762939453,26.450000762939453,25.209999084472656,25.280000686645508,3333500,0.0,0.0,0.0
2026-02-03 00:00:00-05:00,25.510000228881836,27.540000915527344,25.3799991607666,26.3700008392334,5684500,0.0,0.0,0.0
2026-02-04 00:00:00-05:00,26.219999313354492,27.920000076293945,26.049999237060547,26.75,6133400,0.0,0.0,0.0
2026-02-05 00:00:00-05:00,27.81999969482422,28.81999969482422,27.190000534057617,28.420000076293945,5986200,0.0,0.0,0.0
2026-02-06 00:00:00-05:00,27.59000015258789,27.670000076293945,26.459999084472656,26.709999084472656,4245400,0.0,0.0,0.0
2026-02-09 00:00:00-05:00,26.56999969482422,26.719999313354492,25.700000762939453,25.809999465942383,3118500,0.0,0.0,0.0
2026-02-10 00:00:00-05:00,25.860000610351562,26.350000381469727,25.709999084472656,26.34000015258789,1979000,0.0,0.0,0.0
2026-02-11 00:00:00-05:00,25.729999542236328,26.8700008392334,25.649999618530273,26.239999771118164,3051700,0.0,0.0,0.0
2026-02-12 00:00:00-05:00,26.010000228881836,27.979999542236328,25.829999923706055,27.899999618530273,6230000,0.0,0.0,0.0
2026-02-13 00:00:00-05:00,27.860000610351562,28.790000915527344,26.889999389648438,28.309999465942383,7736500,0.0,0.0,0.0
2026-02-17 00:00:00-05:00,28.520000457763672,29.25,27.1200008392334,27.299999237060547,6811700,0.0,0.0,0.0
2026-02-18 00:00:00-05:00,27.40999984741211,27.75,26.719999313354492,27.3700008392334,3680800,0.0,0.0,0.0
2026-02-19 00:00:00-05:00,28.049999237060547,28.639999389648438,27.850000381469727,28.049999237060547,3777600,0.0,0.0,0.0
2026-02-20 00:00:00-05:00,28.5,28.739999771118164,27.110000610351562,27.399999618530273,4706100,0.0,0.0,0.0
2026-02-23 00:00:00-05:00,27.510000228881836,28.690000534057617,27.139999389648438,28.469999313354492,3630300,0.0,0.0,0.0
2026-02-24 00:00:00-05:00,28.440000534057617,28.770000457763672,27.420000076293945,27.579999923706055,2232500,0.0,0.0,0.0
2026-02-25 00:00:00-05:00,27.040000915527344,27.139999389648438,26.489999771118164,26.540000915527344,1926400,0.0,0.0,0.0
2026-02-26 00:00:00-05:00,26.329999923706055,27.920000076293945,26.329999923706055,26.809999465942383,3963800,0.0,0.0,0.0
2026-02-27 00:00:00-05:00,28.219999313354492,28.549999237060547,27.399999618530273,27.860000610351562,4433500,0.0,0.0,0.0
2026-03-02 00:00:00-05:00,29.610000610351562,29.670000076293945,27.760000228881836,28.219999313354492,5620500,0.0,0.0,0.0
2026-03-03 00:00:00-05:00,30.510000228881836,32.59000015258789,28.780000686645508,29.530000686645508,10414800,0.0,0.0,0.0
2026-03-04 00:00:00-05:00,29.229999542236328,29.520000457763672,28.030000686645508,28.530000686645508,4356900,0.0,0.0,0.0
2026-03-05 00:00:00-05:00,29.3700008392334,31.68000030517578,28.90999984741211,30.350000381469727,7284000,0.0,0.0,0.0
2026-03-06 00:00:00-05:00,32.720001220703125,34.59000015258789,31.81999969482422,34.45000076293945,10391300,0.0,0.0,0.0
2026-03-09 00:00:00-04:00,34.90999984741211,36.20000076293945,30.6299991607666,31.170000076293945,12874500,0.0,0.0,0.0
2026-03-10 00:00:00-04:00,31.309999465942383,32.77000045776367,29.739999771118164,32.68000030517578,6100300,0.0,0.0,0.0
2026-03-11 00:00:00-04:00,32.130001068115234,32.709999084472656,31.139999389648438,31.190000534057617,5803200,0.0,0.0,0.0
2026-03-12 00:00:00-04:00,32.70000076293945,33.470001220703125,32.209999084472656,33.31999969482422,6178500,0.0,0.0,0.0
2026-03-13 00:00:00-04:00,32.4900016784668,34.0,31.920000076293945,33.880001068115234,5918200,0.0,0.0,0.0
2026-03-16 00:00:00-04:00,32.709999084472656,32.720001220703125,31.299999237060547,31.329999923706055,5278500,0.0,0.0,0.0
2026-03-17 00:00:00-04:00,30.850000381469727,31.209999084472656,30.3799991607666,30.8799991607666,3602800,0.0,0.0,0.0
2026-03-18 00:00:00-04:00,31.850000381469727,33.66999816894531,31.709999084472656,33.59000015258789,7002200,0.0,0.0,0.0
2026-03-19 00:00:00-04:00,35.130001068115234,35.5,31.899999618530273,32.650001525878906,8040400,0.0,0.0,0.0
2026-03-20 00:00:00-04:00,32.810001373291016,35.380001068115234,32.65999984741211,34.970001220703125,7614900,0.0,0.0,0.0
2026-03-23 00:00:00-04:00,32.439998626708984,33.970001220703125,31.639999389648438,33.13999938964844,9568500,0.0,0.0,0.0
2026-03-24 00:00:00-04:00,34.150001525878906,34.369998931884766,32.59000015258789,33.84000015258789,8398800,0.0,0.0,0.0
2026-03-25 00:00:00-04:00,32.95000076293945,34.02000045776367,32.650001525878906,33.209999084472656,4540100,0.0,0.0,0.0
2026-03-26 00:00:00-04:00,33.869998931884766,35.560001373291016,33.38999938964844,35.4900016784668,4702700,0.0,0.0,0.0
2026-03-27 00:00:00-04:00,36.06999969482422,38.470001220703125,35.93000030517578,38.22999954223633,5698500,0.0,0.0,0.0
2026-03-30 00:00:00-04:00,36.61000061035156,38.59000015258789,36.61000061035156,37.880001068115234,5061700,0.0,0.0,0.0
2026-03-31 00:00:00-04:00,36.16999816894531,36.810001373291016,34.150001525878906,34.349998474121094,6980300,0.0,0.0,0.0
2026-04-01 00:00:00-04:00,33.86000061035156,34.54999923706055,33.09000015258789,33.56999969482422,3002400,0.0,0.0,0.0
2026-04-02 00:00:00-04:00,35.66999816894531,35.97999954223633,33.31999969482422,33.529998779296875,4282200,0.0,0.0,0.0
2026-04-06 00:00:00-04:00,33.630001068115234,33.630001068115234,32.529998779296875,32.709999084472656,2277000,0.0,0.0,0.0
2026-04-07 00:00:00-04:00,33.5099983215332,35.099998474121094,33.369998931884766,33.86000061035156,5558800,0.0,0.0,0.0
2026-04-08 00:00:00-04:00,30.489999771118164,31.739999771118164,30.020000457763672,30.510000228881836,3546500,0.0,0.0,0.0
2026-04-09 00:00:00-04:00,30.809999465942383,30.899999618530273,28.979999542236328,29.399999618530273,2268900,0.0,0.0,0.0
2026-04-10 00:00:00-04:00,29.25,30.270000457763672,29.079999923706055,29.75,2739700,0.0,0.0,0.0
2026-04-13 00:00:00-04:00,30.15999984741211,30.239999771118164,28.579999923706055,28.6200008392334,2842900,0.0,0.0,0.0
2026-04-14 00:00:00-04:00,27.889999389648438,28.40999984741211,27.809999465942383,28.110000610351562,2773100,0.0,0.0,0.0
2026-04-15 00:00:00-04:00,28.020000457763672,28.610000610351562,27.920000076293945,28.329999923706055,2139500,0.0,0.0,0.0
2026-04-16 00:00:00-04:00,28.34000015258789,28.959999084472656,28.059999465942383,28.290000915527344,3247000,0.0,0.0,0.0
2026-04-17 00:00:00-04:00,27.6200008392334,27.989999771118164,27.399999618530273,27.93000030517578,4015700,0.0,0.0,0.0
2026-04-20 00:00:00-04:00,28.329999923706055,28.850000381469727,28.190000534057617,28.389999389648438,3561700,0.0,0.0,0.0
2026-04-21 00:00:00-04:00,28.299999237060547,29.3700008392334,28.239999771118164,28.90999984741211,3821200,0.0,0.0,0.0
2026-04-22 00:00:00-04:00,28.15999984741211,28.829999923706055,28.079999923706055,28.540000915527344,2557800,0.0,0.0,0.0
2026-04-23 00:00:00-04:00,28.65999984741211,29.8700008392334,28.399999618530273,28.510000228881836,5596600,0.0,0.0,0.0
2026-04-24 00:00:00-04:00,28.3700008392334,28.84000015258789,28.09000015258789,28.770000457763672,3355300,0.0,0.0,0.0
2026-04-27 00:00:00-04:00,28.59000015258789,28.600000381469727,27.770000457763672,27.809999465942383,2541900,0.0,0.0,0.0
2026-04-28 00:00:00-04:00,28.290000915527344,28.40999984741211,27.34000015258789,27.389999389648438,2833100,0.0,0.0,0.0
2026-04-29 00:00:00-04:00,27.459999084472656,28.290000915527344,27.299999237060547,28.010000228881836,3138600,0.0,0.0,0.0
2026-04-30 00:00:00-04:00,27.690000534057617,28.059999465942383,27.049999237060547,27.219999313354492,2418200,0.0,0.0,0.0
2026-05-01 00:00:00-04:00,26.959999084472656,27.43000030517578,26.799999237060547,27.43000030517578,2387700,0.0,0.0,0.0
2026-05-04 00:00:00-04:00,27.350000381469727,28.229999542236328,26.709999084472656,27.719999313354492,2413600,0.0,0.0,0.0
2026-05-05 00:00:00-04:00,27.219999313354492,27.780000686645508,27.049999237060547,27.700000762939453,2354700,0.0,0.0,0.0
2026-05-06 00:00:00-04:00,26.989999771118164,27.270000457763672,26.799999237060547,27.09000015258789,2974200,0.0,0.0,0.0
2026-05-07 00:00:00-04:00,26.8700008392334,27.299999237060547,26.780000686645508,26.850000381469727,2564000,0.0,0.0,0.0
2026-05-08 00:00:00-04:00,26.81999969482422,27.149999618530273,26.59000015258789,27.049999237060547,2303000,0.0,0.0,0.0
2026-05-11 00:00:00-04:00,27.079999923706055,27.540000915527344,26.8700008392334,27.40999984741211,2431100,0.0,0.0,0.0
2026-05-12 00:00:00-04:00,27.690000534057617,27.8700008392334,26.65999984741211,26.770000457763672,3643300,0.0,0.0,0.0
2026-05-13 00:00:00-04:00,26.93000030517578,27.459999084472656,26.770000457763672,27.329999923706055,3531800,0.0,0.0,0.0
2026-05-14 00:00:00-04:00,27.170000076293945,27.469999313354492,26.510000228881836,26.68000030517578,3659300,0.0,0.0,0.0
2026-05-15 00:00:00-04:00,27.520000457763672,27.59000015258789,26.65999984741211,26.93000030517578,4486600,0.0,0.0,0.0
2026-05-18 00:00:00-04:00,26.549999237060547,26.889999389648438,26.020000457763672,26.299999237060547,4564500,0.0,0.0,0.0
2026-05-19 00:00:00-04:00,26.59000015258789,26.770000457763672,26.270000457763672,26.6200008392334,3215000,0.0,0.0,0.0
2026-05-20 00:00:00-04:00,26.440000534057617,26.59000015258789,26.0,26.020000457763672,3687800,0.0,0.0,0.0
2026-05-21 00:00:00-04:00,26.280000686645508,26.360000610351562,25.149999618530273,25.290000915527344,3378300,0.0,0.0,0.0
2026-05-22 00:00:00-04:00,25.440000534057617,25.639999389648438,25.15999984741211,25.43000030517578,2848400,0.0,0.0,0.0
2026-05-26 00:00:00-04:00,24.850000381469727,25.350000381469727,24.479999542236328,24.639999389648438,4052200,0.0,0.0,0.0
2026-05-27 00:00:00-04:00,24.59000015258789,24.790000915527344,24.110000610351562,24.1299991607666,2539500,0.0,0.0,0.0
2026-05-28 00:00:00-04:00,24.299999237060547,24.299999237060547,23.579999923706055,23.700000762939453,2363400,0.0,0.0,0.0
2026-05-29 00:00:00-04:00,23.440000534057617,23.56999969482422,23.010000228881836,23.290000915527344,4708600,0.0,0.0,0.0
2026-06-01 00:00:00-04:00,23.59000015258789,23.899999618530273,23.229999542236328,23.850000381469727,4344600,0.0,0.0,0.0
2026-06-02 00:00:00-04:00,23.56999969482422,23.809999465942383,23.420000076293945,23.459999084472656,2388800,0.0,0.0,0.0
2026-06-03 00:00:00-04:00,23.639999389648438,23.799999237060547,23.389999389648438,23.520000457763672,2898000,0.0,0.0,0.0
2026-06-04 00:00:00-04:00,23.68000030517578,23.68000030517578,22.450000762939453,22.670000076293945,3840700,0.0,0.0,0.0
2026-06-05 00:00:00-04:00,22.93000030517578,24.760000228881836,22.8700008392334,24.309999465942383,7402100,0.0,0.0,0.0
2026-06-08 00:00:00-04:00,23.65999984741211,24.110000610351562,23.459999084472656,23.90999984741211,2561900,0.0,0.0,0.0
2026-06-09 00:00:00-04:00,23.579999923706055,25.81999969482422,23.31999969482422,24.270000457763672,5560800,0.0,0.0,0.0
2026-06-10 00:00:00-04:00,24.809999465942383,25.940000534057617,24.59000015258789,25.68000030517578,4332200,0.0,0.0,0.0
2026-06-11 00:00:00-04:00,25.459999084472656,26.15999984741211,24.25,24.40999984741211,4580900,0.0,0.0,0.0
2026-06-12 00:00:00-04:00,24.049999237060547,24.40999984741211,23.290000915527344,23.290000915527344,3132200,0.0,0.0,0.0
2026-06-15 00:00:00-04:00,22.200000762939453,22.309999465942383,21.68000030517578,21.700000762939453,2977200,0.0,0.0,0.0
2026-06-16 00:00:00-04:00,21.739999771118164,21.90999984741211,21.549999237060547,21.81999969482422,2135800,0.0,0.0,0.0
2026-06-17 00:00:00-04:00,21.579999923706055,22.979999542236328,21.540000915527344,22.700000762939453,4317200,0.0,0.0,0.0
2026-06-18 00:00:00-04:00,21.93000030517578,22.290000915527344,21.809999465942383,21.899999618530273,2256000,0.0,0.0,0.0
2026-06-22 00:00:00-04:00,21.469999313354492,21.940000534057617,21.170000076293945,21.850000381469727,1853200,0.0,0.0,0.0
2026-06-23 00:00:00-04:00,23.0,23.260000228881836,22.540000915527344,22.979999542236328,3341000,0.0,0.0,0.0
2026-06-24 00:00:00-04:00,22.809999465942383,23.270000457763672,22.329999923706055,22.90999984741211,2867600,0.0,0.0,0.0
2026-06-25 00:00:00-04:00,22.020000457763672,22.8799991607666,22.0,22.479999542236328,2560100,0.0,0.0,0.0
2026-06-26 00:00:00-04:00,23.18000030517578,23.459999084472656,22.3799991607666,22.6200008392334,2274100,0.0,0.0,0.0
2026-06-29 00:00:00-04:00,22.030000686645508,22.6299991607666,21.700000762939453,21.700000762939453,3005100,0.0,0.0,0.0
2026-06-30 00:00:00-04:00,21.780000686645508,21.8700008392334,20.280000686645508,21.290000915527344,1649500,0.0,0.0,0.0
2026-07-01 00:00:00-04:00,21.510000228881836,21.719999313354492,21.219999313354492,21.520000457763672,1982300,0.0,0.0,0.0
2026-07-02 00:00:00-04:00,21.260000228881836,21.760000228881836,20.959999084472656,21.229999542236328,2536900,0.0,0.0,0.0
2026-07-06 00:00:00-04:00,20.940000534057617,20.940000534057617,20.610000610351562,20.649999618530273,2114700,0.0,0.0,0.0
2026-07-07 00:00:00-04:00,20.690000534057617,21.149999618530273,20.549999237060547,20.8700008392334,2515800,0.0,0.0,0.0
2026-07-08 00:00:00-04:00,21.329999923706055,21.950000762939453,20.940000534057617,21.229999542236328,3686000,0.0,0.0,0.0
2026-07-09 00:00:00-04:00,21.079999923706055,21.299999237060547,20.780000686645508,20.809999465942383,1582300,0.0,0.0,0.0
2026-07-10 00:00:00-04:00,20.75,21.219999313354492,20.299999237060547,20.34000015258789,2608900,0.0,0.0,0.0
2026-07-13 00:00:00-04:00,20.59000015258789,21.149999618530273,20.350000381469727,21.020000457763672,2771000,0.0,0.0,0.0
2026-07-14 00:00:00-04:00,20.65999984741211,20.809999465942383,20.440000534057617,20.65999984741211,1373300,0.0,0.0,0.0
2026-07-15 00:00:00-04:00,20.43000030517578,20.670000076293945,20.049999237060547,20.059999465942383,1917400,0.0,0.0,0.0
2026-07-16 00:00:00-04:00,20.290000915527344,20.8700008392334,20.170000076293945,20.559999465942383,1960800,0.0,0.0,0.0
2026-07-17 00:00:00-04:00,21.889999389648438,21.989999771118164,21.239999771118164,21.649999618530273,4660600,0.0,0.0,0.0
2026-07-20 00:00:00-04:00,20.889999389648438,21.420000076293945,20.200000762939453,21.229999542236328,2427900,0.0,0.0,0.0
2026-07-21 00:00:00-04:00,20.770000457763672,21.100000381469727,20.489999771118164,20.65999984741211,2404400,0.0,0.0,0.0
2026-07-22 00:00:00-04:00,20.770000457763672,20.979999542236328,20.309999465942383,20.719999313354492,1831900,0.0,0.0,0.0
2026-07-23 00:00:00-04:00,21.950000762939453,22.309999465942383,21.610000610351562,21.780000686645508,4269200,0.0,0.0,0.0
2026-07-24 00:00:00-04:00,21.610000610351562,21.760000228881836,20.989999771118164,21.440000534057617,2725600,0.0,0.0,0.0
2026-07-27 00:00:00-04:00,20.969999313354492,21.780000686645508,20.920000076293945,21.3799991607666,2301400,0.0,0.0,0.0
2026-07-28 00:00:00-04:00,21.31999969482422,21.709999084472656,20.989999771118164,21.239999771118164,1873600,0.0,0.0,0.0
2026-07-29 00:00:00-04:00,21.530000686645508,23.270000457763672,20.959999084472656,22.530000686645508,5098500,0.0,0.0,0.0
2026-07-30 00:00:00-04:00,21.6200008392334,21.920000076293945,21.059999465942383,21.06999969482422,2413800,0.0,0.0,0.0
2026-07-31 00:00:00-04:00,20.809999465942383,21.670000076293945,20.3799991607666,20.510000228881836,3218200,0.0,0.0,0.0
2026-08-03 00:00:00-04:00,20.209999084472656,20.950000762939453,20.100000381469727,20.350000381469727,1698400,0.0,0.0,0.0
2026-08-04 00:00:00-04:00,19.979999542236328,20.450000762939453,19.969999313354492,20.450000762939453,2373400,0.0,0.0,0.0
2026-08-05 00:00:00-04:00,20.530000686645508,20.6200008392334,19.6299991607666,19.770000457763672,2835900,0.0,0.0,0.0
2026-08-06 00:00:00-04:00,19.90999984741211,20.0,19.440000534057617,19.530000686645508,2052200,0.0,0.0,0.0
2026-08-07 00:00:00-04:00,19.579999923706055,19.649999618530273,19.43000030517578,19.559999465942383,1990300,0.0,0.0,0.0
2026-08-10 00:00:00-04:00,19.489999771118164,19.549999237060547,19.280000686645508,19.549999237060547,1691100,0.0,0.0,0.0
2026-08-11 00:00:00-04:00,19.489999771118164,19.549999237060547,19.290000915527344,19.299999237060547,1441400,0.0,0.0,0.0
2026-08-12 00:00:00-04:00,19.149999618530273,19.149999618530273,18.5,18.770000457763672,2327800,0.0,0.0,0.0
2026-08-13 00:00:00-04:00,18.690000534057617,18.950000762939453,18.6200008392334,18.860000610351562,1747100,0.0,0.0,0.0
2026-08-14 00:00:00-04:00,18.709999084472656,18.889999389648438,18.579999923706055,18.6299991607666,2080800,0.0,0.0,0.0
2026-08-17 00:00:00-04:00,18.6200008392334,19.639999389648438,18.540000915527344,18.81999969482422,2764500,0.0,0.0,0.0
2026-08-18 00:00:00-04:00,18.90999984741211,19.389999389648438,18.770000457763672,18.860000610351562,2596500,0.0,0.0,0.0
2026-08-19 00:00:00-04:00,18.6200008392334,18.68000030517578,18.25,18.309999465942383,3800200,0.0,0.0,0.0
2026-08-20 00:00:00-04:00,18.540000915527344,18.6299991607666,18.15999984741211,18.440000534057617,2922200,0.0,0.0,0.0
2026-08-21 00:00:00-04:00,18.25,18.309999465942383,18.149999618530273,18.209999084472656,1656500,0.0,0.0,0.0
2026-08-24 00:00:00-04:00,18.110000610351562,18.260000228881836,18.059999465942383,18.239999771118164,1715200,0.0,0.0,0.0
2026-08-25 00:00:00-04:00,18.100000381469727,18.31999969482422,17.90999984741211,18.010000228881836,1782700,0.0,0.0,0.0
2026-08-26 00:00:00-04:00,17.950000762939453,18.030000686645508,17.799999237060547,17.829999923706055,1509800,0.0,0.0,0.0
2026-08-27 00:00:00-04:00,17.799999237060547,17.809999465942383,17.350000381469727,17.350000381469727,1997700,0.0,0.0,0.0
2026-08-28 00:00:00-04:00,,,,,2728416,0.0,0.0,0.0
