Date,Open,High,Low,Close,Volume,Dividends,Stock Splits
2007-12-31 00:00:00+08:00,20.916699053999213,21.381514036369207,20.68429010120542,21.311792373657227,2075611,0.0,0.0
2008-01-02 00:00:00+08:00,21.49771229606609,22.65975091706494,21.2885458996975,21.799842834472656,3976470,0.0,0.0
2008-01-03 00:00:00+08:00,20.730771588917328,21.381513422518168,20.730771588917328,20.893457412719727,1595863,0.0,0.0
2008-01-04 00:00:00+08:00,20.754006999523803,20.916692779192648,20.17298698425293,20.17298698425293,1172168,0.0,0.0
2008-01-07 00:00:00+08:00,19.52224790377723,19.52224790377723,18.77854347229004,18.77854347229004,1384840,0.0,0.0
2008-01-08 00:00:00+08:00,18.778541604277237,19.40604224727388,18.73206099543833,18.894746780395508,873768,0.0,0.0
2008-01-09 00:00:00+08:00,18.267248140083957,19.591972782975702,18.267248140083957,19.49901008605957,1050170,0.0,0.0
2008-01-10 00:00:00+08:00,19.731417559154234,20.05678772916503,19.31308323061863,19.49901008605957,804526,0.0,0.0
2008-01-11 00:00:00+08:00,19.73141712417872,20.17299102100243,19.406045499732002,19.59197235107422,679231,0.0,0.0
2008-01-14 00:00:00+08:00,19.661693779862983,19.940583322852703,18.964471383997317,19.03419303894043,680879,0.0,0.0
2008-01-15 00:00:00+08:00,19.034189250839866,19.82437564484844,19.034189250839866,19.103912353515625,692420,0.0,0.0
2008-01-16 00:00:00+08:00,18.499654763534227,18.825024892894927,18.290486894594455,18.47641372680664,796283,0.0,0.0
2008-01-17 00:00:00+08:00,19.289839767692378,19.289839767692378,18.2440062701497,18.429931640625,773202,0.0,0.0
2008-01-18 00:00:00+08:00,18.24400587658489,18.825024473796923,17.94187532906955,18.59261703491211,657799,0.0,0.0
2008-01-21 00:00:00+08:00,18.8250240599051,19.010950883890196,18.569375590430862,18.708820343017578,535801,0.0,0.0
2008-01-22 00:00:00+08:00,17.430580134620527,18.05808086745957,17.407339096069336,17.407339096069336,641312,0.0,0.0
2008-01-23 00:00:00+08:00,17.523545330443245,17.686231161932515,16.198822021484375,16.198822021484375,1483757,0.0,0.0
2008-01-24 00:00:00+08:00,16.500947853950237,16.733355302584595,15.083260663350424,15.338909149169922,1979992,0.0,0.0
2008-01-25 00:00:00+08:00,15.710761857629324,16.40798568725586,15.571317091704017,16.40798568725586,1330435,0.0,0.0
2008-01-28 00:00:00+08:00,16.175574722638075,16.198815755519224,15.338906308566319,15.385388374328613,710555,0.0,0.0
2008-01-29 00:00:00+08:00,15.757245486498581,15.803727566924454,15.33891114749188,15.571318626403809,1116115,0.0,0.0
2008-01-30 00:00:00+08:00,15.919932442248143,16.384747433235983,15.780487652630027,16.198822021484375,1365056,0.0,0.0
2008-01-31 00:00:00+08:00,16.03613266809492,16.198818463854682,15.594557354349417,15.734002113342285,1013901,0.0,0.0
2008-02-01 00:00:00+08:00,15.91992866676526,16.22205775461255,15.91992866676526,16.105854034423828,670988,0.0,0.0
2008-02-12 00:00:00+08:00,15.98965088231124,15.98965088231124,15.106501700535565,15.338909149169922,738581,0.0,0.0
2008-02-13 00:00:00+08:00,15.478353506878193,15.919928817050627,15.10650130644227,15.501594543457031,816066,0.0,0.0
2008-02-14 00:00:00+08:00,15.803725618713884,16.57067108154297,15.803725618713884,16.57067108154297,1276031,0.0,0.0
2008-02-15 00:00:00+08:00,16.22205468950006,17.314371499135675,16.105850991267705,17.19816780090332,1796995,0.0,0.0
2008-02-18 00:00:00+08:00,17.430577437953765,18.127799716971218,17.31437372478419,17.7094669342041,1485406,0.0,0.0
2008-02-19 00:00:00+08:00,17.709464636865743,18.01159366726997,17.662982572984387,17.825668334960938,1241410,0.0,0.0
2008-02-20 00:00:00+08:00,17.779189651393306,18.522894045244527,17.5700232473753,17.89539337158203,1252950,0.0,0.0
2008-02-21 00:00:00+08:00,18.127802563945018,18.639101028442383,18.05808090973683,18.639101028442383,1304058,0.0,0.0
2008-02-22 00:00:00+08:00,18.36020848649715,18.499653233722913,18.081318992045624,18.290485382080078,520963,0.0,0.0
2008-02-25 00:00:00+08:00,19.289841761831006,19.5687313079834,19.289841761831006,19.5687313079834,2237176,0.0,0.0
2008-02-26 00:00:00+08:00,19.731417346945822,19.98706585692223,18.941230777635354,18.9644718170166,1829967,0.0,0.0
2008-02-27 00:00:00+08:00,18.639097909486512,19.289838111900636,18.639097909486512,18.987709045410156,971036,0.0,0.0
2008-02-29 00:00:00+08:00,19.05743367415112,19.52224859488337,18.778544137068334,19.24336051940918,1435947,0.0,0.0
2008-03-03 00:00:00+08:00,18.56937831705661,19.010953675354447,17.965118608193624,18.406692504882812,1229870,0.0,0.0
2008-03-04 00:00:00+08:00,18.3137285788214,19.173636736885445,18.3137285788214,18.82502555847168,1101277,0.0,0.0
2008-03-05 00:00:00+08:00,18.941226851063448,19.75465429112927,18.546133648312193,19.522245407104492,1788752,0.0,0.0
2008-03-06 00:00:00+08:00,19.963823313020374,20.358916567900454,19.87086062410993,19.940582275390625,2276743,0.0,0.0
2008-03-07 00:00:00+08:00,19.754659646027296,20.219474616857582,19.522250699003397,19.6849365234375,1287571,0.0,0.0
2008-03-10 00:00:00+08:00,19.98706312082735,20.89345330135666,19.963822084627644,20.31243324279785,4804077,0.0,0.0
2008-03-11 00:00:00+08:00,19.870859531204285,20.28919380070555,19.4757662980545,19.661691665649414,2291581,0.0,0.0
2008-03-12 00:00:00+08:00,20.056788968640387,20.428641240893423,19.894104604385713,20.24271583557129,2420173,0.0,0.0
2008-03-13 00:00:00+08:00,20.45188272307964,20.777254381824342,20.103271484375,20.103271484375,1561242,0.0,0.0
2008-03-14 00:00:00+08:00,20.242711210067505,20.614563397351503,20.10326645713495,20.49835968017578,2591629,0.0,0.0
2008-03-17 00:00:00+08:00,20.080028731873764,20.916697387406536,20.080028731873764,20.568084716796875,1562891,0.0,0.0
2008-03-18 00:00:00+08:00,20.684285163904185,20.754008271582183,19.638451703210247,19.847618103027344,1027089,0.0,0.0
2008-03-19 00:00:00+08:00,19.987062856774894,20.172988220699327,19.754655421065127,19.847618103027344,707257,0.0,0.0
2008-03-20 00:00:00+08:00,19.84761809582075,20.219470285143046,19.522246516658466,19.824377059936523,1249653,0.0,0.0
2008-03-21 00:00:00+08:00,19.89410273402052,20.63780720860643,19.824379617373236,20.265954971313477,1602458,0.0,0.0
2008-03-24 00:00:00+08:00,21.381512537068996,21.381512537068996,20.707529690606048,21.079381942749023,1983289,0.0,0.0
2008-03-25 00:00:00+08:00,21.07937897365528,21.311787877416755,20.7075267738888,20.91669464111328,1210086,0.0,0.0
2008-03-26 00:00:00+08:00,20.916693938973445,21.125860337568056,20.451877608662116,20.49835968017578,580314,0.0,0.0
2008-03-27 00:00:00+08:00,20.451881188581734,21.567439407310694,20.451881188581734,21.172346115112305,3130728,0.0,0.0
2008-03-28 00:00:00+08:00,21.335028502153538,21.4047501488103,20.754008446377195,21.05613899230957,1244707,0.0,0.0
2008-03-31 00:00:00+08:00,20.916694891024243,21.38150978088379,20.800491168559354,21.38150978088379,708906,0.0,0.0
2008-04-01 00:00:00+08:00,21.149102916238462,21.49771409319824,20.61456490126834,20.637805938720703,919929,0.0,0.0
2008-04-02 00:00:00+08:00,21.125859043409253,21.846322338085226,20.823728520295667,21.567434310913086,2040990,0.0,0.0
2008-04-03 00:00:00+08:00,21.38150978088379,21.56743661379271,21.032898613489127,21.38150978088379,558882,0.0,0.0
2008-04-07 00:00:00+08:00,21.613918722180625,21.753363491114182,21.33503064592212,21.47447395324707,835850,0.0,0.0
2008-04-08 00:00:00+08:00,21.49771627451313,21.61392001195727,21.032901324736585,21.079381942749023,685825,0.0,0.0
2008-04-09 00:00:00+08:00,20.916695721225995,21.404751667271583,20.916695721225995,21.195585250854492,725392,0.0,0.0
2008-04-10 00:00:00+08:00,22.07873368422773,22.659753799438477,21.730122492066442,22.659753799438477,2886732,0.0,0.0
2008-04-11 00:00:00+08:00,23.24077272853649,24.17040252685547,22.775956367768472,24.17040252685547,5689385,0.0,0.0
2008-04-14 00:00:00+08:00,24.054198659856905,24.867626190185547,23.705587487548282,24.867626190185547,3473641,0.0,0.0
2008-04-15 00:00:00+08:00,25.564851137085224,26.494483947753906,24.86762872149672,26.494483947753906,4738132,0.0,0.0
2008-04-16 00:00:00+08:00,27.191701611769883,27.30790532739546,26.145865247922867,26.726886749267578,5043127,0.0,0.0
2008-04-17 00:00:00+08:00,28.121330785330326,28.35373821202409,27.19170107855526,27.424108505249023,4634269,0.0,0.0
2008-04-18 00:00:00+08:00,27.30790532739546,27.424109043021033,26.262068963548444,26.726886749267578,2781221,0.0,0.0
2008-04-21 00:00:00+08:00,26.959294180518732,26.959294180518732,26.02966153229729,26.726886749267578,2031099,0.0,0.0
2008-04-22 00:00:00+08:00,27.191703217443635,27.888925552368164,26.843092049981372,27.888925552368164,3476938,0.0,0.0
2008-04-23 00:00:00+08:00,27.888925552368164,28.46994416480527,27.30790693993106,27.888925552368164,3196673,0.0,0.0
2008-04-24 00:00:00+08:00,28.353742593577252,28.934764173314722,27.30790901184082,27.30790901184082,3033459,0.0,0.0
2008-04-25 00:00:00+08:00,27.30790532739546,27.424109043021033,26.378272679174017,26.726886749267578,2121773,0.0,0.0
2008-04-28 00:00:00+08:00,27.075503480174273,27.191707219765615,25.564851942269403,26.029666900634766,1658511,0.0,0.0
2008-04-29 00:00:00+08:00,26.029661859001678,27.075498235975232,26.029661859001678,26.378273010253906,1618944,0.0,0.0
2008-04-30 00:00:00+08:00,26.378270060083953,26.61068039147599,25.564844131469727,25.564844131469727,1721158,0.0,0.0
2008-05-02 00:00:00+08:00,26.14586419062983,26.37827161248283,25.564845635997326,25.681049346923828,1426055,0.0,0.0
2008-05-05 00:00:00+08:00,26.02966153229729,26.72688674926758,25.332439238543838,26.726886749267578,2339391,0.0,0.0
2008-05-06 00:00:00+08:00,26.84308993851461,27.656515931942792,26.49447879847396,27.424108505249023,2423470,0.0,0.0
2008-05-07 00:00:00+08:00,27.65651682139561,27.65651682139561,26.145865576085754,26.378273010253906,2261905,0.0,0.0
2008-05-08 00:00:00+08:00,26.378277062792666,27.191706130566534,26.378277062792666,27.075502395629883,1848102,0.0,0.0
2008-05-09 00:00:00+08:00,27.075502627410994,27.307910099273826,26.494483947753906,26.494483947753906,1602458,0.0,0.0
2008-05-12 00:00:00+08:00,26.494485779473898,26.494485779473898,24.751426696777344,24.751426696777344,2669114,0.0,0.0
2008-05-13 00:00:00+08:00,24.751425407358752,25.216240359005415,24.519016469926722,25.10003662109375,1134250,0.0,0.0
2008-05-14 00:00:00+08:00,25.216240359005415,25.33244409691708,24.751425407358752,25.10003662109375,863876,0.0,0.0
2008-05-15 00:00:00+08:00,25.100032907568036,26.61068420013768,25.100032907568036,26.14586639404297,1993180,0.0,0.0
2008-05-16 00:00:00+08:00,26.37827811940879,27.075503480174273,26.029666900634766,26.029666900634766,1759077,0.0,0.0
2008-05-19 00:00:00+08:00,26.726887084723003,26.84309080180708,26.26206929316983,26.378273010253906,1063359,0.0,0.0
2008-05-20 00:00:00+08:00,26.37827287083655,26.61068322699321,25.332439422607422,25.332439422607422,1226572,0.0,0.0
2008-05-21 00:00:00+08:00,25.33244409691708,25.91346278647541,24.867629145270417,25.10003662109375,3041703,0.0,0.0
2008-05-22 00:00:00+08:00,24.98383075805673,25.33244194213885,24.63521957397461,24.63521957397461,822661,0.0,0.0
2008-05-23 00:00:00+08:00,24.867629184356343,25.100036660544962,23.82179407989885,23.937997817993164,1224924,0.0,0.0
2008-05-26 00:00:00+08:00,23.35697496386338,23.70558611600223,22.264657974243164,22.264657974243164,1589269,0.0,0.0
2008-05-27 00:00:00+08:00,21.753364141084536,22.07873430391219,21.172345471174925,21.89280891418457,1111169,0.0,0.0
2008-05-28 00:00:00+08:00,22.12521934336848,23.00836871679622,22.078737258911133,22.078737258911133,2199258,0.0,0.0
2008-05-29 00:00:00+08:00,22.543550701448524,22.543550701448524,21.6139193679845,21.89280891418457,914983,0.0,0.0
2008-05-30 00:00:00+08:00,22.12521418930247,22.194937299746503,20.916694891024243,21.38150978088379,882011,0.0,0.0
2008-06-02 00:00:00+08:00,21.242066101703973,21.70688247680664,21.242066101703973,21.70688247680664,731987,0.0,0.0
2008-06-03 00:00:00+08:00,21.590677902389647,22.54355025614987,21.381511477675545,21.9625301361084,1590917,0.0,0.0
2008-06-04 00:00:00+08:00,22.311146219589038,22.311146219589038,21.869570802070744,22.078737258911133,459964,0.0,0.0
2008-06-05 00:00:00+08:00,22.264657574764183,22.404102325439453,21.96252703803303,22.404102325439453,598448,0.0,0.0
2008-06-06 00:00:00+08:00,22.775954506704036,22.79919554208465,22.31113964552541,22.404102325439453,684177,0.0,0.0
2008-06-09 00:00:00+08:00,21.07938027246882,21.61391829932154,21.07938027246882,21.59067726135254,333021,0.0,0.0
2008-06-10 00:00:00+08:00,21.70688480911716,22.311144553906278,21.381513165424664,21.520957946777344,956199,0.0,0.0
2008-06-11 00:00:00+08:00,21.520956667253504,21.520956667253504,20.451880560980904,20.707529067993164,900146,0.0,0.0
2008-06-12 00:00:00+08:00,19.847618248689898,20.33567415958396,19.266599655151367,19.266599655151367,1788752,0.0,0.0
2008-06-13 00:00:00+08:00,19.266602405755506,19.289841983528092,18.42993375768254,18.9644718170166,1259545,0.0,0.0
2008-06-16 00:00:00+08:00,19.057433010747523,19.475767301809174,18.708821832333758,18.82502555847168,814418,0.0,0.0
2008-06-17 00:00:00+08:00,18.848268869933065,19.80113983154297,18.639102429972045,19.80113983154297,670988,0.0,0.0
2008-06-18 00:00:00+08:00,19.522249847041287,20.219473734468227,19.40604610940491,19.917343139648438,905092,0.0,0.0
2008-06-19 00:00:00+08:00,19.63845335319603,19.75465708081413,19.336322784423828,19.336322784423828,689122,0.0,0.0
2008-06-20 00:00:00+08:00,19.754653985401188,19.754653985401188,19.057430267333984,19.057430267333984,456667,0.0,0.0
2008-06-23 00:00:00+08:00,18.592618106195836,18.871507633570268,18.47641438005791,18.82502555847168,357750,0.0,0.0
2008-06-24 00:00:00+08:00,18.825024892894927,19.266600205893557,18.47641372680664,18.47641372680664,405560,0.0,0.0
2008-06-25 00:00:00+08:00,18.383449170629003,18.708820754354516,17.9883574014899,18.59261703491211,433586,0.0,0.0
2008-06-26 00:00:00+08:00,18.94123077392578,19.731417343081496,18.70882330337614,18.94123077392578,910037,0.0,0.0
2008-06-27 00:00:00+08:00,17.709468003923465,18.31372764122652,17.686226967564025,17.89539337158203,623178,0.0,0.0
2008-06-30 00:00:00+08:00,17.965114732615707,18.127799048085297,16.663631439208984,16.663631439208984,722095,0.0,0.0
2008-07-01 00:00:00+08:00,16.965764961484094,16.965764961484094,15.54807904779959,15.571318626403809,1213383,0.0,0.0
2008-07-02 00:00:00+08:00,15.803724959748736,16.454466670313057,15.757242886991115,16.15233612060547,1640376,0.0,0.0
2008-07-03 00:00:00+08:00,15.850203935074248,17.26789093017578,15.33890703394282,17.26789093017578,1538162,0.0,0.0
2008-07-04 00:00:00+08:00,17.38409615978336,18.197523650625495,17.31437451334957,17.430578231811523,2047585,0.0,0.0
2008-07-07 00:00:00+08:00,17.43057930414936,17.895394206592822,16.73335548887563,17.662986755371094,829255,0.0,0.0
2008-07-08 00:00:00+08:00,17.477056551322875,17.98835489178586,16.84955596923828,16.84955596923828,807823,0.0,0.0
2008-07-09 00:00:00+08:00,17.31437379526928,17.779188649839796,16.965761192732998,16.989002227783203,1309003,0.0,0.0
2008-07-10 00:00:00+08:00,17.221412249268436,17.66298759691519,16.849560017275248,17.407339096069336,943010,0.0,0.0
2008-07-11 00:00:00+08:00,17.61650468048333,17.825672555869723,17.244652466206855,17.662986755371094,817715,0.0,0.0
2008-07-14 00:00:00+08:00,18.1975230317279,18.894746780395508,18.1975230317279,18.894746780395508,2586684,0.0,0.0
2008-07-15 00:00:00+08:00,18.801782639500892,19.24335792392511,18.476412531194942,18.894746780395508,3467046,0.0,0.0
2008-07-16 00:00:00+08:00,19.173638256614556,19.33632407074577,17.662988235476803,17.779191970825195,1879426,0.0,0.0
2008-07-17 00:00:00+08:00,18.894749937314494,18.894749937314494,18.127802954835065,18.383451461791992,1198546,0.0,0.0
2008-07-18 00:00:00+08:00,18.592618021866556,18.801784435644404,17.43057930414936,17.662986755371094,1295814,0.0,0.0
2008-07-21 00:00:00+08:00,18.127801092858817,18.45317268371582,17.965116759038818,18.45317268371582,695717,0.0,0.0
2008-07-22 00:00:00+08:00,18.36020919235501,18.941227776792623,18.36020919235501,18.708820343017578,1211735,0.0,0.0
2008-07-23 00:00:00+08:00,18.917987023585557,19.54548768879168,18.848265377055302,19.220117568969727,2134962,0.0,0.0
2008-07-24 00:00:00+08:00,19.49900615367619,20.1962284323507,19.034189839618136,20.08002471923828,3277455,0.0,0.0
2008-07-25 00:00:00+08:00,19.475766324631277,19.894100594703406,19.45252528824808,19.754655838012695,1244707,0.0,0.0
2008-07-28 00:00:00+08:00,19.754655838012695,19.754655838012695,19.754655838012695,19.754655838012695,0,0.0,0.0
2008-07-29 00:00:00+08:00,19.754655838012695,19.754655838012695,19.754655838012695,19.754655838012695,0,0.0,0.0
2008-07-30 00:00:00+08:00,19.754655838012695,19.754655838012695,19.754655838012695,19.754655838012695,0,0.0,0.0
2008-07-31 00:00:00+08:00,19.754655838012695,19.754655838012695,19.754655838012695,19.754655838012695,0,0.0,0.0
2008-08-01 00:00:00+08:00,19.754655838012695,19.754655838012695,19.754655838012695,19.754655838012695,0,0.0,0.0
2008-08-04 00:00:00+08:00,19.754655838012695,19.754655838012695,19.754655838012695,19.754655838012695,0,0.0,0.0
2008-08-05 00:00:00+08:00,19.754655838012695,19.754655838012695,19.754655838012695,19.754655838012695,0,0.0,0.0
2008-08-06 00:00:00+08:00,19.754655838012695,19.754655838012695,19.754655838012695,19.754655838012695,0,0.0,0.0
2008-08-07 00:00:00+08:00,19.754655838012695,19.754655838012695,19.754655838012695,19.754655838012695,0,0.0,0.0
2008-08-08 00:00:00+08:00,19.754655838012695,19.754655838012695,19.754655838012695,19.754655838012695,0,0.0,0.0
2008-08-11 00:00:00+08:00,19.754655838012695,19.754655838012695,19.754655838012695,19.754655838012695,0,0.0,0.0
2008-08-12 00:00:00+08:00,19.754655838012695,19.754655838012695,19.754655838012695,19.754655838012695,0,0.0,0.0
2008-08-13 00:00:00+08:00,19.754655838012695,19.754655838012695,19.754655838012695,19.754655838012695,0,0.0,0.0
2008-08-14 00:00:00+08:00,19.754655838012695,19.754655838012695,19.754655838012695,19.754655838012695,0,0.0,0.0
2008-08-15 00:00:00+08:00,19.754655838012695,19.754655838012695,19.754655838012695,19.754655838012695,0,0.0,0.0
2008-08-18 00:00:00+08:00,19.05743473208374,19.382806363945498,18.2440085756467,18.267248153686523,924875,0.0,0.0
2008-08-19 00:00:00+08:00,17.616502704605544,18.476412223929923,17.616502704605544,18.36020851135254,634718,0.0,0.0
2008-08-20 00:00:00+08:00,18.36020999844603,18.546135368985606,18.127801092858817,18.45317268371582,451721,0.0,0.0
2008-08-21 00:00:00+08:00,18.546137277944833,19.08067533108113,18.406692504882812,18.406692504882812,819363,0.0,0.0
2008-08-22 00:00:00+08:00,18.54613663602127,18.68558140425679,17.895394871458365,18.081321716308594,616583,0.0,0.0
2008-08-25 00:00:00+08:00,18.244007083882355,18.360210811014543,17.918635478625372,18.1278018951416,372588,0.0,0.0
2008-08-26 00:00:00+08:00,17.66298334588156,17.895390752241635,17.57002067565918,17.57002067565918,415452,0.0,0.0
2008-08-27 00:00:00+08:00,17.570021410683,18.011595208918283,17.430576668711772,17.98835563659668,558882,0.0,0.0
2008-08-28 00:00:00+08:00,18.058077276778132,18.47641150269181,17.98835563659668,17.98835563659668,486342,0.0,0.0
2008-08-29 00:00:00+08:00,18.267247099550225,18.453173944400454,17.94187694807307,18.081321716308594,646258,0.0,0.0
2008-09-01 00:00:00+08:00,17.918634141673422,17.918634141673422,17.430578231811523,17.430578231811523,586908,0.0,0.0
2008-09-02 00:00:00+08:00,17.38409472659812,17.430576794794195,16.524186696229098,16.663631439208984,567125,0.0,0.0
2008-09-03 00:00:00+08:00,16.500945585311314,16.8263171379524,15.803723335266113,15.803723335266113,844093,0.0,0.0
2008-09-04 00:00:00+08:00,15.803723335266113,16.129093426298876,15.455110748635187,15.803723335266113,722095,0.0,0.0
2008-09-05 00:00:00+08:00,14.757888867091994,15.80372372988244,14.757888867091994,15.664278984069824,565476,0.0,0.0
2008-09-08 00:00:00+08:00,15.919930352639767,16.7565975189209,15.919930352639767,16.7565975189209,555584,0.0,0.0
2008-09-09 00:00:00+08:00,16.849558442318934,16.849558442318934,16.03613240031989,16.15233612060547,570422,0.0,0.0
2008-09-10 00:00:00+08:00,16.152333827584616,16.593907609661333,16.036130123795573,16.291778564453125,410506,0.0,0.0
2008-09-11 00:00:00+08:00,16.40798730441721,16.40798730441721,15.571318626403809,15.571318626403809,392371,0.0,0.0
2008-09-12 00:00:00+08:00,15.129740865043875,15.850204158957071,15.013537155109757,15.36214828491211,679231,0.0,0.0
2008-09-15 00:00:00+08:00,15.106503172618257,15.106503172618257,14.293075561523438,14.293075561523438,689122,0.0,0.0
2008-09-16 00:00:00+08:00,13.293721199035645,13.479648034019036,13.293721199035645,13.293721199035645,568773,0.0,0.0
2008-09-17 00:00:00+08:00,13.665572373763135,14.060665589311496,12.364089012145996,12.364089012145996,2209150,0.0,0.0
2008-09-18 00:00:00+08:00,11.504181250395254,11.852793135621273,11.504181250395254,11.690107345581055,1379894,0.0,0.0
2008-09-19 00:00:00+08:00,12.503533363342285,12.503533363342285,12.201403567897572,12.503533363342285,1149087,0.0,0.0
2008-09-22 00:00:00+08:00,13.223998623561416,13.36344337463379,13.177516552667818,13.363443374633789,697366,0.0,0.0
2008-09-23 00:00:00+08:00,13.363445676396408,14.293075561523438,13.014833007865104,14.293075561523438,2151448,0.0,0.0
2008-09-24 00:00:00+08:00,14.24659370724826,14.967057097988018,13.94446314384976,14.688167572021484,1642025,0.0,0.0
2008-09-25 00:00:00+08:00,14.409275854475279,14.757888439715465,14.060664730843415,14.176868438720703,900146,0.0,0.0
2008-09-26 00:00:00+08:00,14.409277830620795,14.455759904789774,13.247240592481516,13.316962242126465,1508486,0.0,0.0
2008-09-29 00:00:00+08:00,13.316962242126465,13.316962242126465,13.316962242126465,13.316962242126465,0,0.0,0.0
2008-09-30 00:00:00+08:00,12.398272468401846,14.248015403747559,12.398272468401846,14.248015403747559,2581738,2.441269,0.0
2008-10-01 00:00:00+08:00,15.197879416833695,15.222874641418457,14.697948200684493,15.222874641418457,1427704,0.0,0.0
2008-10-02 00:00:00+08:00,15.74780521690427,16.272731743062355,15.272870720077886,15.77280044555664,3546180,0.0,0.0
2008-10-03 00:00:00+08:00,15.022903374052943,15.597823406535419,14.672952938470006,15.247871398925781,2568549,0.0,0.0
2008-10-06 00:00:00+08:00,14.89792129433834,15.572826955978314,14.497977256774902,14.497977256774902,1795346,0.0,0.0
2008-10-07 00:00:00+08:00,13.623097848752577,14.04803865404812,13.498115443904078,13.748080253601074,1406272,0.0,0.0
2008-10-08 00:00:00+08:00,13.373134005821207,13.373134005821207,12.798213958740234,12.798213958740234,910037,0.0,0.0
2008-10-09 00:00:00+08:00,12.748221031359675,13.223154671291242,12.123308181762695,12.123308181762695,1674997,0.0,0.0
2008-10-13 00:00:00+08:00,11.71086597442627,11.748360384560279,11.71086597442627,11.71086597442627,418749,0.0,0.0
2008-10-14 00:00:00+08:00,12.52325439453125,12.52325439453125,12.373275158785935,12.52325439453125,2215744,0.0,0.0
2008-10-15 00:00:00+08:00,12.44826501269015,12.973192347751898,12.123310519756172,12.898201942443848,1368354,0.0,0.0
2008-10-16 00:00:00+08:00,12.448264122009277,12.723225777744396,12.448264122009277,12.448264122009277,1473865,0.0,0.0
2008-10-17 00:00:00+08:00,12.498255716577846,12.698228524887297,12.048318862915039,12.048318862915039,974334,0.0,0.0
2008-10-20 00:00:00+08:00,11.998325791736114,12.57324504852295,11.635876165361495,12.57324504852295,957847,0.0,0.0
2008-10-21 00:00:00+08:00,12.748222418412722,13.023184070711688,12.27328872680664,12.27328872680664,964442,0.0,0.0
2008-10-22 00:00:00+08:00,12.273290290649037,12.423269535742843,11.873345375061035,11.873345375061035,458316,0.0,0.0
2008-10-23 00:00:00+08:00,11.46090316772461,11.623380021677068,11.46090316772461,11.46090316772461,834201,0.0,0.0
2008-10-24 00:00:00+08:00,10.883929252624512,10.883929252624512,10.883929252624512,10.883929252624512,383354,0.0,1.10093
2008-10-27 00:00:00+08:00,10.127142906188965,10.457376220049655,10.127142906188965,10.127142906188965,720287,0.0,0.0
2008-10-28 00:00:00+08:00,9.425399609721941,10.45737800768273,9.425399609721941,10.402338981628418,1028768,0.0,0.0
2008-10-29 00:00:00+08:00,11.007765015598949,11.062804037180314,9.686833213727075,10.42985725402832,868537,0.0,0.0
2008-10-30 00:00:00+08:00,9.962028291010803,11.159122974606772,9.962028291010803,11.145363807678223,911964,0.0,0.0
2008-10-31 00:00:00+08:00,10.98024695384986,11.64071291830669,10.76009163236425,11.365518569946289,880517,0.0,0.0
2008-11-03 00:00:00+08:00,11.365516939849059,11.723269384204286,11.20040066892001,11.393036842346191,753231,0.0,0.0
2008-11-04 00:00:00+08:00,11.337997220898153,11.53063259807483,11.035283811609037,11.172880172729492,585514,0.0,0.0
2008-11-05 00:00:00+08:00,11.420554617313721,11.9434232711792,11.420554617313721,11.9434232711792,964376,0.0,0.0
2008-11-06 00:00:00+08:00,11.15911982808004,11.640709399110772,11.117840766906738,11.117840766906738,1037752,0.0,0.0
2008-11-07 00:00:00+08:00,10.34729958910774,11.420557022094727,10.34729958910774,11.420557022094727,808638,0.0,0.0
2008-11-10 00:00:00+08:00,10.622492899902722,10.952726226693876,10.622492899902722,10.650012016296387,672368,0.0,0.0
2008-11-11 00:00:00+08:00,10.20970245469905,10.870167551182886,10.20970245469905,10.512415885925293,613966,0.0,0.0
2008-11-12 00:00:00+08:00,10.306018156664823,10.732569513248867,10.182180970306874,10.333538055419922,471705,0.0,0.0
2008-11-13 00:00:00+08:00,9.90698783063907,9.962026848423752,9.618034362792969,9.618034362792969,506147,0.0,0.0
2008-11-14 00:00:00+08:00,9.906990356718502,9.906990356718502,8.971329959858348,8.998849868774414,393836,0.0,0.0
2008-11-17 00:00:00+08:00,8.69613600163473,9.494198391879836,8.393421732559844,8.778694152832031,841583,0.0,0.0
2008-11-18 00:00:00+08:00,8.173264382207012,8.751172083880244,8.173264382207012,8.352141380310059,923944,0.0,0.0
2008-11-19 00:00:00+08:00,8.255823896806517,8.930048942565918,8.255823896806517,8.930048942565918,702317,0.0,0.0
2008-11-20 00:00:00+08:00,8.393419477905937,9.480436677372452,8.393419477905937,8.861249923706055,721784,0.0,0.0
2008-11-21 00:00:00+08:00,8.69613421728945,9.480437278747559,8.586056180937385,9.480437278747559,741252,0.0,0.0
2008-11-24 00:00:00+08:00,9.46667888636844,9.63179516835963,9.219003677368164,9.219003677368164,652900,0.0,0.0
2008-11-25 00:00:00+08:00,9.356600761413574,9.6317950863995,9.356600761413574,9.356600761413574,444751,0.0,0.0
2008-11-26 00:00:00+08:00,9.356599961718024,9.824429645398558,9.356599961718024,9.549235343933105,286018,0.0,0.0
2008-11-27 00:00:00+08:00,9.769390380490256,10.044584674986336,9.659313134299863,9.893227577209473,501655,0.0,0.0
2008-11-28 00:00:00+08:00,9.90698871446732,10.264741182963657,9.824430573431778,9.851949691772461,350410,0.0,0.0
2008-12-01 00:00:00+08:00,9.796911541370424,10.34729941512568,9.686833495011275,9.989547729492188,690337,0.0,0.0
2008-12-02 00:00:00+08:00,9.384119879506773,9.71435322669258,9.329080857306892,9.356600761413574,374369,0.0,0.0
2008-12-03 00:00:00+08:00,9.384118070704814,9.494195307873552,9.081404685974121,9.081404685974121,456731,0.0,0.0
2008-12-04 00:00:00+08:00,9.150202860952914,9.384118070704814,8.81997036343337,9.081404685974121,348912,0.0,0.0
2008-12-05 00:00:00+08:00,8.83373130605772,9.23276280943462,8.83373130605772,8.943808555603027,110813,0.0,0.0
2008-12-08 00:00:00+08:00,9.562994003295898,9.562994003295898,9.562994003295898,9.562994003295898,224621,0.0,0.0
2008-12-09 00:00:00+08:00,10.22346019744873,10.22346019744873,10.22346019744873,10.22346019744873,522620,0.0,0.0
2008-12-10 00:00:00+08:00,10.539936277137219,10.65001354452086,10.209703688972752,10.594974517822266,1527428,0.0,0.0
2008-12-11 00:00:00+08:00,10.319781031324148,11.11784417320385,10.23722288368329,10.732572555541992,1810452,0.0,0.0
2008-12-12 00:00:00+08:00,10.677531317758156,10.815128464009204,9.989546372516305,10.237220764160156,1208465,0.0,0.0
2008-12-15 00:00:00+08:00,10.347298156231963,10.897686749038236,10.347298156231963,10.636252403259277,986838,0.0,0.0
2008-12-16 00:00:00+08:00,10.787609414122407,10.787609414122407,10.319779708775204,10.512415885925293,324952,0.0,0.0
2008-12-17 00:00:00+08:00,10.567454905970097,10.815129317151536,10.374818728820008,10.512415885925293,590006,0.0,0.0
2008-12-18 00:00:00+08:00,10.457378206063428,10.787610796626861,10.319781031324148,10.732572555541992,655895,0.0,0.0
2008-12-19 00:00:00+08:00,10.65001362188758,10.87016894426772,10.567456260260276,10.732572555541992,810136,0.0,0.0
2008-12-22 00:00:00+08:00,10.925205287606236,11.461833901463374,10.760089032885075,10.78760814666748,1681668,0.0,0.0
2008-12-23 00:00:00+08:00,10.677534121045905,10.677534121045905,10.044587239319416,10.07210636138916,631936,0.0,0.0
2008-12-24 00:00:00+08:00,9.93450647991893,10.23721986054612,9.79690934581324,10.09962272644043,260561,0.0,0.0
2008-12-25 00:00:00+08:00,10.182181134663105,10.374817285004916,10.099623009091857,10.22346019744873,188682,0.0,0.0
2008-12-26 00:00:00+08:00,10.347297500438161,10.732569805390023,10.347297500438161,10.457375526428223,766709,0.0,0.0
2008-12-29 00:00:00+08:00,10.7325705715272,10.7325705715272,10.195941925048828,10.195941925048828,372872,0.0,0.0
2008-12-30 00:00:00+08:00,10.34729882579088,10.553694954455532,10.34729882579088,10.512415885925293,341425,0.0,0.0
2008-12-31 00:00:00+08:00,10.594974264413725,10.650013289795908,10.37481973491206,10.471137046813965,280028,0.0,0.0
2009-01-02 00:00:00+08:00,10.471137046813965,10.471137046813965,10.471137046813965,10.471137046813965,0,0.0,0.0
2009-01-05 00:00:00+08:00,10.73257229353748,11.145363807678223,10.62249424202787,11.145363807678223,943411,0.0,0.0
2009-01-06 00:00:00+08:00,11.021526193715887,11.145364202555129,10.870169064031018,10.92520809173584,637926,0.0,0.0
2009-01-07 00:00:00+08:00,11.117841607281887,11.255438750264688,11.02152352859259,11.186639785766602,846075,0.0,0.0
2009-01-08 00:00:00+08:00,10.89768633571208,11.805826536182517,10.89768633571208,11.186639785766602,3002445,0.0,0.0
2009-01-09 00:00:00+08:00,11.227919423563108,11.39303647518439,11.021524091553273,11.035284042358398,1112626,0.0,0.0
2009-01-12 00:00:00+08:00,11.475593791685055,11.585671032255611,11.172879611585973,11.22791862487793,1202475,0.0,0.0
2009-01-13 00:00:00+08:00,11.337998231391712,11.448075487301338,10.594973413444505,10.87016773223877,1166536,0.0,0.0
2009-01-14 00:00:00+08:00,10.773848082619605,11.090322210837693,10.347297500438161,10.457375526428223,1314786,0.0,0.0
2009-01-15 00:00:00+08:00,10.18218407743424,10.30602130158153,10.044586899710506,10.08586597442627,483685,0.0,0.0
2009-01-16 00:00:00+08:00,10.182183265686035,10.182183265686035,10.085865170356774,10.182183265686035,387847,0.0,0.0
2009-01-19 00:00:00+08:00,10.044586181640625,10.140904277762985,10.044586181640625,10.044586181640625,239596,0.0,0.0
2009-01-20 00:00:00+08:00,9.906987663838128,9.906987663838128,9.521716117858887,9.521716117858887,338430,0.0,0.0
2009-01-21 00:00:00+08:00,9.24652271701381,9.521717041999736,9.13644545862753,9.356600761413574,259063,0.0,0.0
2009-02-02 00:00:00+08:00,9.329080352861883,9.411639274704294,9.19148398382256,9.370359420776367,152742,0.0,0.0
2009-02-03 00:00:00+08:00,9.521717211486047,10.003306895776957,9.521717211486047,9.989547729492188,441756,0.0,0.0
2009-02-04 00:00:00+08:00,10.099625291470192,10.2097033411169,9.906989097595215,9.906989097595215,305485,0.0,0.0
2009-02-05 00:00:00+08:00,9.783151474586568,9.906988685781306,9.645554311254585,9.686833381652832,233606,0.0,0.0
2009-02-06 00:00:00+08:00,9.755631941449794,10.085864490592026,9.755631941449794,9.838190078735352,443253,0.0,0.0
2009-02-09 00:00:00+08:00,10.044584161856202,10.319778442293913,9.851948008347133,10.017065048217773,631936,0.0,0.0
2009-02-10 00:00:00+08:00,9.92074821602091,9.94826733311161,9.769391106988417,9.838190078735352,263556,0.0,0.0
2009-02-11 00:00:00+08:00,9.631794132424025,9.824429512023926,9.631794132424025,9.824429512023926,283023,0.0,0.0
2009-02-12 00:00:00+08:00,9.85194935310549,10.15466357451447,9.824430235710793,9.86570930480957,561554,0.0,0.0
2009-02-13 00:00:00+08:00,9.87947146185921,10.347301278081169,9.865711507083562,10.29226303100586,575031,0.0,0.0
2009-02-16 00:00:00+08:00,10.347298512238899,10.347298512238899,10.127143224744454,10.319779396057129,633433,0.0,0.0
2009-02-17 00:00:00+08:00,10.319779354388274,10.402337488613663,10.044585049628031,10.1546630859375,435766,0.0,0.0
2009-02-18 00:00:00+08:00,9.906988801716075,10.044585966658264,9.906988801716075,9.989547729492188,271043,0.0,0.0
2009-02-19 00:00:00+08:00,9.989548175630036,10.09962544089179,9.906989244166805,10.003307342529297,265053,0.0,0.0
2009-02-20 00:00:00+08:00,9.906987873959574,9.989546794004317,9.769390721902903,9.783150672912598,281526,0.0,0.0
2009-02-23 00:00:00+08:00,9.700593756468104,9.893229164715672,9.631795564811156,9.81067180633545,146752,0.0,0.0
2009-02-24 00:00:00+08:00,9.755632201037775,10.264740989850099,9.755632201037775,9.962027549743652,495665,0.0,0.0
2009-02-25 00:00:00+08:00,10.127143828708354,10.182182850367747,9.920748480002477,9.962027549743652,360892,0.0,0.0
2009-02-26 00:00:00+08:00,10.072105386051755,10.072105386051755,9.879469978190299,9.906989097595215,233606,0.0,0.0
2009-02-27 00:00:00+08:00,9.934507464464152,10.278499940812601,9.9069875633077,10.264739990234375,940416,0.0,0.0
2009-03-02 00:00:00+08:00,10.182182249867976,10.347298519094856,9.549235503147031,9.645553588867188,642418,0.0,0.0
2009-03-03 00:00:00+08:00,9.576755245687702,9.576755245687702,9.246521926726476,9.549235343933105,372872,0.0,0.0
2009-03-04 00:00:00+08:00,9.507957175453209,9.90698871446732,9.37036001172281,9.851949691772461,473203,0.0,0.0
2009-03-05 00:00:00+08:00,9.989545934579345,10.154662188436628,9.879467907998919,10.017065048217773,428278,0.0,0.0
2009-03-06 00:00:00+08:00,9.90698852808426,10.099624710885395,9.8794694102613,9.962027549743652,327947,0.0,0.0
2009-03-09 00:00:00+08:00,10.072103889543282,10.127142906188965,9.920747576284413,10.127142906188965,286018,0.0,0.0
2009-03-10 00:00:00+08:00,10.127144829486442,10.787610796626861,10.072105802388018,10.732572555541992,2602618,0.0,0.0
2009-03-11 00:00:00+08:00,11.035284247945551,11.117842382287542,10.471135686586232,10.622492790222168,1711618,0.0,0.0
2009-03-12 00:00:00+08:00,10.815129317151536,10.842648434167211,10.512415885925293,10.512415885925293,726277,0.0,0.0
2009-03-13 00:00:00+08:00,10.760089874267578,11.035284177663838,10.650011838503707,10.760089874267578,1534915,0.0,0.0
2009-03-16 00:00:00+08:00,10.980245470605647,11.365517034658447,10.815129198299225,11.049043655395508,1732583,0.0,0.0
2009-03-17 00:00:00+08:00,11.695749801706699,11.778307933881717,11.2829583548182,11.475594520568848,2536729,0.0,0.0
2009-03-18 00:00:00+08:00,11.475594021834494,11.530632250216916,11.14536150748647,11.186639785766602,1308796,0.0,0.0
2009-03-19 00:00:00+08:00,11.255440991041016,11.434317233928688,11.007765769958496,11.007765769958496,1139581,0.0,0.0
2009-03-20 00:00:00+08:00,11.007763699906008,11.282957988907002,10.815128326416016,10.815128326416016,717292,0.0,0.0
2009-03-23 00:00:00+08:00,11.007764140748145,11.090323059565494,10.815128759543436,11.035284042358398,513635,0.0,0.0
2009-03-24 00:00:00+08:00,11.145364497836491,11.558155251525083,11.035286439510477,11.282960891723633,1392655,0.0,0.0
2009-03-25 00:00:00+08:00,11.337997810410378,12.067262649536133,11.337997810410378,12.067262649536133,3502603,0.0,0.0
2009-03-26 00:00:00+08:00,12.232378758487666,12.342456008854198,11.72326921575386,11.97094440460205,2672999,0.0,0.0
2009-03-27 00:00:00+08:00,11.970944080171368,12.21861847629378,11.737028848713484,11.778307914733887,1395650,0.0,0.0
2009-03-30 00:00:00+08:00,11.778308501437948,11.778308501437948,11.035284490045603,11.049043655395508,846075,0.0,0.0
2009-03-31 00:00:00+08:00,11.145363425724074,11.255440687447779,11.049044544443884,11.090324401855469,540589,0.0,0.0
2009-04-02 00:00:00+08:00,11.613190419739823,11.805825778745973,11.420554274720352,11.448073387145996,1156053,0.0,0.0
2009-04-03 00:00:00+08:00,11.668231190800721,11.695750307377727,11.420555997553912,11.55815315246582,873030,0.0,0.0
2009-04-06 00:00:00+08:00,11.558154189350507,11.58567330839626,11.33799887894396,11.420557022094727,796658,0.0,0.0
2009-04-07 00:00:00+08:00,11.461836162015926,12.19110107421875,11.351758113149511,12.19110107421875,1569357,0.0,0.0
2009-04-08 00:00:00+08:00,11.97094501576803,12.108541389247698,11.59943260653522,11.613192558288574,1486996,0.0,0.0
2009-04-09 00:00:00+08:00,11.833346679793644,12.425013542175293,11.750787763495067,12.425013542175293,2993460,0.0,0.0
2009-04-10 00:00:00+08:00,12.686449691288061,13.057962116526866,12.42501531279168,12.865325927734375,4145021,0.0,0.0
2009-04-13 00:00:00+08:00,13.209317165279433,13.401953335361458,13.016681781210831,13.044200897216797,2667010,0.0,0.0
2009-04-14 00:00:00+08:00,12.934123213635372,13.291874853774987,12.769006951107334,12.824045181274414,1907788,0.0,0.0
2009-04-15 00:00:00+08:00,12.9341243776091,13.291876049943669,12.9341243776091,12.989163398742676,1665196,0.0,0.0
2009-04-16 00:00:00+08:00,13.209317592377916,13.250597446741706,12.686448869264638,12.796526908874512,1536413,0.0,0.0
2009-04-17 00:00:00+08:00,12.824046623566671,13.168039923872781,11.902146339416504,11.902146339416504,2439393,0.0,0.0
2009-04-20 00:00:00+08:00,12.02598375808968,12.108541900065713,11.310479598959558,11.695751190185547,762216,0.0,0.0
2009-04-21 00:00:00+08:00,11.420554672570946,12.108539581298828,11.420554672570946,12.108539581298828,732267,0.0,0.0
2009-04-22 00:00:00+08:00,12.108541533931948,12.2461394810827,11.970945158808151,12.177340507507324,1030265,0.0,0.0
2009-04-23 00:00:00+08:00,12.17734081981527,12.17734081981527,11.833348301156569,11.998464584350586,651403,0.0,0.0
2009-04-24 00:00:00+08:00,12.025983208049146,12.191100270462641,11.860866931649115,11.915905952453613,775694,0.0,0.0
2009-04-27 00:00:00+08:00,11.805827275926344,12.328695980415503,11.420555723041716,11.530632972717285,929934,0.0,0.0
2009-04-28 00:00:00+08:00,11.695750376222987,11.695750376222987,10.773849354285232,10.952726364135742,1001813,0.0,0.0
2009-04-29 00:00:00+08:00,11.090324333362785,11.145363356891476,10.718811907061001,10.856409072875977,681352,0.0,0.0
2009-04-30 00:00:00+08:00,11.227920197302412,11.613192558288574,11.227920197302412,11.613192558288574,1087169,0.0,0.0
2009-05-04 00:00:00+08:00,11.83334732055664,12.191099761839961,11.750788399787588,11.83334732055664,992828,0.0,0.0
2009-05-05 00:00:00+08:00,12.149817880092677,12.149817880092677,11.626949256588615,11.668229103088379,682850,0.0,0.0
2009-05-06 00:00:00+08:00,11.668232043791644,12.246139822263476,11.668232043791644,12.163580894470215,1416615,0.0,0.0
2009-05-07 00:00:00+08:00,12.218617885084868,12.63140852531564,11.984702664945184,12.438773155212402,2145887,0.0,0.0
2009-05-08 00:00:00+08:00,12.356217082631993,12.383736201220746,12.025983729499446,12.163580894470215,895492,0.0,0.0
2009-05-11 00:00:00+08:00,12.108539581298828,12.328694846413352,12.067261304229039,12.108539581298828,1632252,0.0,0.0
2009-05-12 00:00:00+08:00,12.053502231807382,12.10854046258179,11.475594520568848,11.475594520568848,950899,0.0,0.0
2009-05-13 00:00:00+08:00,11.475593629829389,11.9434232711792,11.475593629829389,11.9434232711792,997320,0.0,0.0
2009-05-14 00:00:00+08:00,11.833346879404154,12.108540389659082,11.61319159959217,11.709508895874023,784678,0.0,0.0
2009-05-15 00:00:00+08:00,12.053501351585464,12.191098490500094,11.79206702345167,11.805826187133789,1415117,0.0,0.0
2009-05-18 00:00:00+08:00,11.805828450815758,11.915906497459469,11.613193048209514,11.695751190185547,618458,0.0,0.0
2009-05-19 00:00:00+08:00,11.888386877274844,11.915905994768083,11.558153537288627,11.613192558288574,953894,0.0,0.0
2009-05-20 00:00:00+08:00,11.833346679793644,12.425013542175293,11.833346679793644,12.425013542175293,5829685,0.0,0.0
2009-05-21 00:00:00+08:00,12.548852252960204,13.291876301265374,12.548852252960204,13.209318161010742,7729986,0.0,0.0
2009-05-22 00:00:00+08:00,13.07171915526064,14.117456436157227,13.07171915526064,14.117456436157227,6115704,0.0,0.0
2009-05-25 00:00:00+08:00,14.36513411520238,14.722886590739677,13.346916498382086,13.539552688598633,4365151,0.0,0.0
2009-05-26 00:00:00+08:00,13.374433264098679,13.594587735510466,12.672687644168654,12.700206756591797,2607110,0.0,0.0
2009-05-27 00:00:00+08:00,13.044201427078784,13.45699211400314,12.8102869664928,13.291875839233398,1975174,0.0,0.0
2009-06-01 00:00:00+08:00,13.732186906632398,13.745946858679332,13.071721784595345,13.209318161010742,2410941,0.0,0.0
2009-06-02 00:00:00+08:00,13.346915460124213,13.567069966083702,12.934123992919922,12.934123992919922,1991647,0.0,0.0
2009-06-03 00:00:00+08:00,13.057959953358012,13.181797145918365,12.672688425610232,12.810285568237305,853563,0.0,0.0
2009-06-04 00:00:00+08:00,12.879084973423327,13.044201245899666,12.686448798191968,12.934123992919922,1021280,0.0,0.0
2009-06-05 00:00:00+08:00,13.044200333717523,13.319394625942689,12.87908407278778,13.099239349365234,1197983,0.0,0.0
2009-06-08 00:00:00+08:00,13.07172232513961,13.209318707244918,12.438775508995723,12.452534675598145,1641236,0.0,0.0
2009-06-09 00:00:00+08:00,12.452532445281868,12.56261047446676,11.833346478667009,11.860865592956543,1245902,0.0,0.0
2009-06-10 00:00:00+08:00,11.929664913698678,12.10854113873769,11.695750454811858,11.750788688659668,554067,0.0,0.0
2009-06-11 00:00:00+08:00,11.750787120381036,11.970943170443705,11.613190768111885,11.9434232711792,587011,0.0,0.0
2009-06-12 00:00:00+08:00,11.998462283694867,12.19109843449303,11.847105195780117,11.9434232711792,681352,0.0,0.0
2009-06-15 00:00:00+08:00,11.943424506835457,11.943424506835457,11.29671859741211,11.29671859741211,748739,0.0,0.0
2009-06-16 00:00:00+08:00,11.145362279851513,11.42055579887444,11.145362279851513,11.29671859741211,375867,0.0,0.0
2009-06-17 00:00:00+08:00,11.365515765101142,11.503112905324356,11.172879611585973,11.22791862487793,338430,0.0,0.0
2009-06-18 00:00:00+08:00,11.998462340341847,12.012222290039062,11.833346088028645,12.012222290039062,2204289,0.0,0.0
2009-06-19 00:00:00+08:00,12.218619846039632,12.32869710576291,11.8883872808563,11.929665565490723,1605297,0.0,0.0
2009-06-22 00:00:00+08:00,11.929664851359268,11.929664851359268,11.585672354547484,11.792068481445312,628941,0.0,0.0
2009-06-23 00:00:00+08:00,11.695750307377727,11.695750307377727,11.448075114130917,11.55815315246582,488178,0.0,0.0
2009-06-24 00:00:00+08:00,11.420556711288354,11.970945365332847,11.420556711288354,11.599432945251465,786176,0.0,0.0
2009-06-25 00:00:00+08:00,11.83334732055664,11.874626387934452,11.695750167292793,11.83334732055664,693332,0.0,0.0
2009-06-26 00:00:00+08:00,11.860867419684405,12.1223017967461,11.860867419684405,11.998464584350586,765211,0.0,0.0
2009-06-29 00:00:00+08:00,12.108540456719847,12.108540456719847,11.571911811828613,11.571911811828613,628941,0.0,0.0
2009-06-30 00:00:00+08:00,11.695749796044595,11.778307928179647,11.558152647148376,11.571911811828613,425284,0.0,0.0
2009-07-01 00:00:00+08:00,11.571913297241156,11.76454948762602,11.571913297241156,11.723270416259766,275536,0.0,0.0
2009-07-02 00:00:00+08:00,11.805826132896703,12.136059421977363,11.750787120381036,11.9434232711792,997320,0.0,0.0
2009-07-03 00:00:00+08:00,11.833347706078039,11.970944863824698,11.778308685776684,11.888386726379395,549574,0.0,0.0
2009-07-06 00:00:00+08:00,12.081022725947596,12.149820915273937,11.943425561281416,11.998464584350586,539092,0.0,0.0
2009-07-07 00:00:00+08:00,12.053502677320875,12.83780574798584,12.039742726111983,12.83780574798584,3755677,0.0,0.0
2009-07-08 00:00:00+08:00,12.796527459737584,13.51203238996237,12.78276750769065,13.209318161010742,5937504,0.0,0.0
2009-07-09 00:00:00+08:00,13.567069690742544,13.979860363555881,13.085480048451364,13.95234203338623,4733531,0.0,0.0
2009-07-10 00:00:00+08:00,14.117458050696158,14.117458050696158,13.512031217360075,13.52579116821289,2854194,0.0,0.0
2009-07-13 00:00:00+08:00,13.525790395492729,13.594588573799578,12.796525618170586,12.810285568237305,1793979,0.0,0.0
2009-07-14 00:00:00+08:00,13.071720277089483,13.525790782137422,12.824045098875427,13.374434471130371,1645729,0.0,0.0
2009-07-15 00:00:00+08:00,13.374435301298636,14.089938621392712,13.291875593413709,14.007380485534668,4431040,0.0,0.0
2009-07-16 00:00:00+08:00,14.172497975666083,14.255056118621681,13.553311117485578,13.86978530883789,3761667,0.0,0.0
2009-07-17 00:00:00+08:00,13.952340854777484,14.392651392592578,13.787224599600163,14.089937210083008,3785626,0.0,0.0
2009-07-20 00:00:00+08:00,14.310097257497894,15.053120613098145,14.172499291776033,15.053120613098145,5308562,0.0,0.0
2009-07-21 00:00:00+08:00,15.273273124292302,15.273273124292302,14.03489958524085,14.310093879699707,5048001,0.0,0.0
2009-07-22 00:00:00+08:00,14.585291599330082,15.300796618545062,14.475213541290739,14.722887992858887,4440025,0.0,0.0
2009-07-23 00:00:00+08:00,15.273274309019246,15.741104803090948,14.777923911758938,15.713584899902344,5325035,0.0,0.0
2009-07-24 00:00:00+08:00,15.768622817678514,15.961258992077513,15.410870371516626,15.52094841003418,5715877,0.0,0.0
2009-07-27 00:00:00+08:00,15.685290326979523,15.770847984438202,15.086398128546568,15.2575101852417,4094107,1.319721,0.0
2009-07-28 00:00:00+08:00,15.400098293612942,16.312698364257812,15.400098293612942,16.312698364257812,4812897,0.0,0.0
2009-07-29 00:00:00+08:00,16.19862936998539,17.025672126923617,16.170110148642653,16.369741439819336,4890766,0.0,0.0
2009-07-30 00:00:00+08:00,16.369737158917257,16.768998007747406,15.970474680976295,16.740480422973633,2798788,0.0,0.0
2009-07-31 00:00:00+08:00,16.94011171495709,17.73863504422713,16.768998060224895,16.997148513793945,3068334,0.0,0.0
2009-08-03 00:00:00+08:00,16.968629210402426,17.367891687488907,16.398256337707068,16.569368362426758,2091978,0.0,0.0
2009-08-04 00:00:00+08:00,16.79751622199404,16.826035434181417,15.428618473660624,16.084548950195312,2915591,0.0,0.0
2009-08-05 00:00:00+08:00,16.084549297467145,16.3126997416706,15.200469991677956,15.286026000976562,2345052,0.0,0.0
2009-08-06 00:00:00+08:00,15.400103572413627,15.485661232925858,14.829730572776954,15.14343547821045,1484001,0.0,0.0
2009-08-10 00:00:00+08:00,15.114914942975272,16.141588748917354,15.114914942975272,16.113069534301758,1831416,0.0,0.0
2009-08-11 00:00:00+08:00,16.17010579561407,16.39825624671488,15.856400961738961,16.14158821105957,1469026,0.0,0.0
2009-08-12 00:00:00+08:00,16.084545665102876,16.31269605778325,15.913433685147789,16.056026458740234,1183008,0.0,0.0
2009-08-13 00:00:00+08:00,16.11306833781727,16.940110838259404,16.11306833781727,16.768997192382812,3230062,0.0,0.0
2009-08-14 00:00:00+08:00,17.45344820436824,17.767154678163056,16.82603688588946,17.681598663330078,5530189,0.0,0.0
2009-08-17 00:00:00+08:00,17.62455839434686,17.824189617822842,16.85455434122467,16.9686279296875,2487312,0.0,0.0
2009-08-18 00:00:00+08:00,16.54084912472227,17.025667613468634,15.799362599266939,15.827881813049316,2550206,0.0,0.0
2009-08-19 00:00:00+08:00,16.113068207626345,16.4838114506604,16.113068207626345,16.255661010742188,1361208,0.0,0.0
2009-08-20 00:00:00+08:00,16.113068020685542,16.113068020685542,15.143431105948759,15.571212768554688,1410625,0.0,0.0
2009-08-21 00:00:00+08:00,15.599731782565966,15.998994269865342,14.858245237073325,15.200470924377441,1452554,0.0,0.0
2009-08-24 00:00:00+08:00,15.257506393731088,15.742324853296667,15.257506393731088,15.343062400817871,1141078,0.0,0.0
2009-08-25 00:00:00+08:00,15.3430642568176,15.514176291690024,14.915284169636541,15.000840187072754,1001813,0.0,0.0
2009-08-26 00:00:00+08:00,14.829729608451254,14.943804852605142,14.259355016792885,14.54454231262207,1747557,0.0,0.0
2009-08-27 00:00:00+08:00,14.316391277154231,14.829729041671868,14.287873689038976,14.401948928833008,1090164,0.0,0.0
2009-08-28 00:00:00+08:00,14.430465698242188,14.772689769097344,14.401948111744865,14.430465698242188,1093159,0.0,0.0
2009-08-31 00:00:00+08:00,14.487500190734863,14.658613827994232,14.287870600635127,14.487500190734863,1211460,0.0,0.0
2009-09-01 00:00:00+08:00,14.487500613127414,15.48565673828125,14.401946235669312,15.48565673828125,2825742,0.0,0.0
2009-09-02 00:00:00+08:00,15.400100144990871,16.569368362426758,15.343063346454578,16.569368362426758,5233688,0.0,0.0
2009-09-03 00:00:00+08:00,16.6549230448853,17.367890300656928,16.62640383333902,16.711959838867188,5131860,0.0,0.0
2009-09-04 00:00:00+08:00,16.968628421646557,17.396410092671932,16.740479608995656,16.768997192382812,3003942,0.0,0.0
2009-09-07 00:00:00+08:00,16.826036945831788,17.025668190856866,16.426774455781633,16.540849685668945,1371690,0.0,0.0
2009-09-08 00:00:00+08:00,16.54084790017517,17.196778364834532,16.54084790017517,16.9686279296875,2508277,0.0,0.0
2009-09-09 00:00:00+08:00,17.054185837651836,17.253817083392793,16.683444190132608,16.883073806762695,1638241,0.0,0.0
2009-09-10 00:00:00+08:00,17.168258693653076,17.339370700878174,16.3697354502324,17.253814697265625,3346865,0.0,0.0
2009-09-11 00:00:00+08:00,17.230043268549824,18.277005918602594,16.930909220979668,17.82830810546875,6023323,0.0,1.0489
2009-09-14 00:00:00+08:00,17.9479611576273,18.54622598651132,17.9479611576273,18.09752655029297,4213042,0.0,0.0
2009-09-15 00:00:00+08:00,18.51631489427687,18.51631489427687,17.708657097308706,17.94796371459961,2509836,0.0,0.0
2009-09-16 00:00:00+08:00,17.97787857055664,18.396662733274464,17.947964834251437,17.97787857055664,3339310,0.0,0.0
2009-09-17 00:00:00+08:00,18.187266642200655,18.187266642200655,17.349695205688477,17.349695205688477,2397051,0.0,0.0
2009-09-18 00:00:00+08:00,17.34969502853236,18.217180187236654,17.289869196154104,18.1573543548584,3476366,0.0,0.0
2009-09-21 00:00:00+08:00,18.665883348799905,19.413715362548828,18.486404186815694,19.413715362548828,6069008,0.0,0.0
2009-09-22 00:00:00+08:00,19.89232773953875,19.952155215152388,18.84536320741098,18.994930267333984,4027446,0.0,0.0
2009-09-23 00:00:00+08:00,18.935101130642412,19.234235224246945,17.977877895907312,18.127443313598633,3286487,0.0,0.0
2009-09-24 00:00:00+08:00,18.24709556458967,18.84536045880217,18.24709556458967,18.42657470703125,2806791,0.0,0.0
2009-09-25 00:00:00+08:00,18.695793844713645,18.695793844713645,18.127441091468977,18.336833953857422,1948764,0.0,0.0
2009-09-28 00:00:00+08:00,17.08047866821289,17.08047866821289,17.08047866821289,17.08047866821289,342639,0.0,0.0
2009-09-29 00:00:00+08:00,15.91385993577653,16.392471517485898,15.91385993577653,16.063426971435547,5358030,0.0,0.0
2009-09-30 00:00:00+08:00,16.27282016946222,17.170217514038086,16.153166864363268,17.170217514038086,5283792,0.0,0.0
2009-10-01 00:00:00+08:00,17.34969652596633,17.379610259292633,16.512125025716603,16.78134536743164,2015864,0.0,0.0
2009-10-02 00:00:00+08:00,16.482213305149827,17.20013151791583,16.482213305149827,16.631778717041016,1587564,0.0,0.0
2009-10-05 00:00:00+08:00,16.990738302699082,16.990738302699082,16.69160585570864,16.841171264648438,551079,0.0,0.0
2009-10-06 00:00:00+08:00,17.02065159527325,17.140304908244882,16.90099991141258,16.930912017822266,1236358,0.0,0.0
2009-10-07 00:00:00+08:00,16.751432024020495,17.110391944958938,16.482213305149827,16.631778717041016,1557583,0.0,0.0
2009-10-08 00:00:00+08:00,16.631780187169053,16.78134724139176,16.452301025390625,16.452301025390625,783788,0.0,0.0
2009-10-09 00:00:00+08:00,16.51212299735707,16.631776286853153,16.003597738831708,16.183076858520508,1005076,0.0,0.0
2009-10-12 00:00:00+08:00,16.183081430186736,16.6317809852755,16.183081430186736,16.422388076782227,680996,0.0,0.0
2009-10-13 00:00:00+08:00,16.15316777373046,16.661693127196077,16.15316777373046,16.482213973999023,952253,0.0,0.0
2009-10-14 00:00:00+08:00,16.69160578599209,16.69160578599209,16.33264587363633,16.51212501525879,932265,0.0,0.0
2009-10-15 00:00:00+08:00,16.6317817862948,16.69160926538063,16.362563017742094,16.392475128173828,970812,0.0,0.0
2009-10-16 00:00:00+08:00,16.48221634680258,16.661695525837715,16.392475128173828,16.392475128173828,572494,0.0,0.0
2009-10-19 00:00:00+08:00,16.30273357461212,16.691607254487593,16.30273357461212,16.60186767578125,799493,0.0,0.0
2009-10-20 00:00:00+08:00,16.69160926538063,16.75143511535528,16.392475128173828,16.392475128173828,583915,0.0,0.0
2009-10-21 00:00:00+08:00,16.392468918171495,16.54203593011403,16.15316397981823,16.212989807128906,623890,0.0,0.0
2009-10-22 00:00:00+08:00,16.212991307500097,16.242905038478973,16.003598448869404,16.093338012695312,783788,0.0,0.0
2009-10-23 00:00:00+08:00,16.15316547465306,16.392470435151917,16.063425910827153,16.093338012695312,736675,0.0,0.0
2009-10-26 00:00:00+08:00,16.33264699780867,16.39247283943034,15.854035377502441,15.854035377502441,618179,0.0,0.0
2009-10-27 00:00:00+08:00,15.854035377502441,16.003600796112096,15.794207906769817,15.854035377502441,355488,0.0,0.0
2009-10-28 00:00:00+08:00,15.85403475737259,16.003600170131996,15.614728142024466,15.644641876220703,495400,0.0,0.0
2009-10-29 00:00:00+08:00,15.345508392718946,15.943774954490424,15.345508392718946,15.854035377502441,826618,0.0,0.0
2009-10-30 00:00:00+08:00,15.854032650129987,15.943772211680056,15.55489860614886,15.614726066589355,579632,0.0,0.0
2009-11-02 00:00:00+08:00,14.986550045678186,15.495075400024358,14.986550045678186,15.255768775939941,399746,0.0,0.0
2009-11-03 00:00:00+08:00,15.405336380004883,15.584815539998928,15.25576932726917,15.405336380004883,358344,0.0,0.0
2009-11-04 00:00:00+08:00,15.255768111793987,15.764293444001973,15.255768111793987,15.674553871154785,354061,0.0,0.0
2009-11-05 00:00:00+08:00,15.674556356198554,15.7942096820016,15.554903030395508,15.554903030395508,276967,0.0,0.0
2009-11-06 00:00:00+08:00,15.554902782667131,15.943776492611589,15.554902782667131,15.734383583068848,459708,0.0,0.0
2009-11-09 00:00:00+08:00,16.00360234000475,16.00360234000475,15.734383583068848,15.734383583068848,236992,0.0,0.0
2009-11-10 00:00:00+08:00,15.973688689856738,16.003600796112096,15.794207906769817,15.854035377502441,458280,0.0,0.0
2009-11-11 00:00:00+08:00,15.883946709383459,16.392472040264366,15.883946709383459,16.302732467651367,829474,0.0,0.0
2009-11-12 00:00:00+08:00,16.332648491586692,16.6317809852755,16.21299516828895,16.422388076782227,975095,0.0,0.0
2009-11-13 00:00:00+08:00,16.212994356704357,16.51212683541929,16.123254776000977,16.123254776000977,459708,0.0,0.0
2009-11-16 00:00:00+08:00,16.123254038493968,16.482213973999023,16.00360072665895,16.482213973999023,482551,0.0,0.0
2009-11-17 00:00:00+08:00,16.482212367562216,16.512124470772378,16.003599166870117,16.003599166870117,516815,0.0,0.0
2009-11-18 00:00:00+08:00,16.003598762235605,16.212991624966417,15.824119631069408,15.88394546508789,1049334,0.0,0.0
2009-11-19 00:00:00+08:00,16.00359950552761,16.272819843891675,15.943773668730499,16.063426971435547,609613,0.0,0.0
2009-11-20 00:00:00+08:00,16.212992957168275,17.020650742891164,16.093339650188796,16.631778717041016,3379285,0.0,0.0
2009-11-23 00:00:00+08:00,17.11039148136176,17.768482208251953,16.990738177624223,17.768482208251953,4248734,0.0,0.0
2009-11-24 00:00:00+08:00,18.426572014895868,18.426572014895868,17.439435246577723,17.5291748046875,5747783,0.0,0.0
2009-11-25 00:00:00+08:00,17.648829966671794,18.007789899487644,17.409524973905494,17.469350814819336,2506981,0.0,0.0
2009-11-26 00:00:00+08:00,17.648824746174892,17.828305474048143,16.84116717263184,17.050559997558594,1127856,0.0,0.0
2009-11-27 00:00:00+08:00,16.751430828864105,17.110390724192005,16.542037963867188,16.542037963867188,1152126,0.0,0.0
2009-11-30 00:00:00+08:00,16.781345762204715,17.23004525621132,16.781345762204715,16.900999069213867,823763,0.0,0.0
2009-12-01 00:00:00+08:00,16.90099991141258,17.110392801835197,16.7514328629203,16.930912017822266,708122,0.0,0.0
2009-12-02 00:00:00+08:00,17.140304453838443,17.230045658021265,16.661692843751343,16.751432418823242,1075032,0.0,0.0
2009-12-03 00:00:00+08:00,16.811258259167534,16.960825303694648,16.631779109023736,16.751432418823242,889435,0.0,0.0
2009-12-04 00:00:00+08:00,16.96082463739263,17.529177429334943,16.841171332293676,17.170217514038086,2221448,0.0,0.0
2009-12-07 00:00:00+08:00,17.46935110220264,17.46935110220264,16.9009999022831,17.200132369995117,1351999,0.0,0.0
2009-12-08 00:00:00+08:00,17.200133240221923,17.8881377878575,16.99074033931835,17.559091567993164,3918943,0.0,0.0
2009-12-09 00:00:00+08:00,17.499262053144058,18.39665931348213,17.499262053144058,18.1573543548584,4394356,0.0,0.0
2009-12-10 00:00:00+08:00,18.426572942387672,18.845358654053058,17.648827351104515,17.82830810546875,3863264,0.0,0.0
2009-12-11 00:00:00+08:00,17.947961295452394,18.755618983559014,17.947961295452394,18.69579315185547,3355015,0.0,0.0
2009-12-14 00:00:00+08:00,18.755622378804432,18.935101535516047,18.24709701538086,18.24709701538086,2442736,0.0,0.0
2009-12-15 00:00:00+08:00,18.426575778092218,18.635968666148823,18.127443313598633,18.127443313598633,1566149,0.0,0.0
2009-12-16 00:00:00+08:00,18.157355673521728,18.845360126835615,18.157355673521728,18.635967254638672,3110884,0.0,0.0
2009-12-17 00:00:00+08:00,18.84536195716024,19.144494428049928,18.24709701538086,18.24709701538086,2605490,0.0,0.0
2009-12-18 00:00:00+08:00,18.12744370120279,18.45648990791474,18.12744370120279,18.24709701538086,1023636,0.0,0.0
2009-12-21 00:00:00+08:00,18.396662436270216,18.606056957915076,18.24709701538086,18.24709701538086,696701,0.0,0.0
2009-12-22 00:00:00+08:00,18.606054279277274,18.606054279277274,18.24709438842105,18.336833953857422,748097,0.0,0.0
2009-12-23 00:00:00+08:00,18.306920285329088,18.426573582692846,18.157354885457455,18.39665985107422,756663,0.0,0.0
2009-12-24 00:00:00+08:00,18.396662436270216,18.54622948627055,18.24709701538086,18.24709701538086,1134994,0.0,0.0
2009-12-25 00:00:00+08:00,18.24709705730259,18.84536200045645,18.24709705730259,18.576143264770508,1917355,0.0,0.0
2009-12-28 00:00:00+08:00,18.606053898753014,18.815446756859032,18.486400604248047,18.486400604248047,1170686,0.0,0.0
2009-12-29 00:00:00+08:00,18.546226436945176,19.024837985854337,18.486400604248047,18.486400604248047,1825984,0.0,0.0
2009-12-30 00:00:00+08:00,18.546226816245866,18.635966381682234,18.336833953857422,18.336833953857422,1136422,0.0,0.0
2009-12-31 00:00:00+08:00,18.39666247853556,18.785536157785458,18.39666247853556,18.576143264770508,1653237,0.0,0.0
2010-01-04 00:00:00+08:00,18.60605507497724,18.725706747935554,18.27700727245404,18.306921005249023,1169258,0.0,0.0
2010-01-05 00:00:00+08:00,18.366750626080268,18.516316049384276,17.97787857055664,17.97787857055664,1089309,0.0,0.0
2010-01-06 00:00:00+08:00,18.097529470601653,18.18726904650402,17.708657431987753,17.738571166992188,1256346,0.0,0.0
2010-01-07 00:00:00+08:00,17.768478532331034,18.00778509029866,17.439434051513672,17.439434051513672,1164975,0.0,0.0
2010-01-08 00:00:00+08:00,17.439435246577723,17.70865392090705,17.439435246577723,17.5291748046875,1012215,0.0,0.0
2010-01-11 00:00:00+08:00,17.79839779827126,17.79839779827126,17.58900490216349,17.70865821838379,700984,0.0,0.0
2010-01-12 00:00:00+08:00,17.708654910134012,18.30691975035939,17.708654910134012,18.1573543548584,1193528,0.0,0.0
2010-01-13 00:00:00+08:00,18.12744062411392,18.39665931348213,18.06761479173566,18.1573543548584,1039340,0.0,0.0
2010-01-14 00:00:00+08:00,18.306921005249023,18.695794644251382,18.27700727245404,18.306921005249023,1279188,0.0,0.0
2010-01-15 00:00:00+08:00,18.426575097922004,18.546228405124932,18.24709595167306,18.277008056640625,1105013,0.0,0.0
2010-01-18 00:00:00+08:00,18.247096448002345,19.234235037443938,18.127443137544795,19.05475425720215,3986043,0.0,0.0
2010-01-19 00:00:00+08:00,19.20432113121824,19.35388817523353,18.546228744128424,18.606056213378906,1766022,0.0,0.0
2010-01-20 00:00:00+08:00,18.755621628283283,18.84536120304809,18.516315009503185,18.606056213378906,940831,0.0,0.0
2010-01-21 00:00:00+08:00,18.785533410150013,18.96501254102275,18.306920222341716,18.336833953857422,1396257,0.0,0.0
2010-01-22 00:00:00+08:00,18.127441866700742,18.42657430731815,18.127441866700742,18.306921005249023,956536,0.0,0.0
2010-01-25 00:00:00+08:00,18.30691819176462,18.695791771003247,17.947959969834272,18.00778579711914,1327729,0.0,0.0
2010-01-26 00:00:00+08:00,18.247096347650675,18.247096347650675,16.751432418823242,16.751432418823242,1546162,0.0,0.0
2010-01-27 00:00:00+08:00,16.751429576349235,16.900996595497,16.06342519813507,16.183076858520508,872303,0.0,0.0
2010-01-28 00:00:00+08:00,16.452301025390625,16.691607660502545,16.302733971167918,16.452301025390625,1353427,0.0,0.0
2010-01-29 00:00:00+08:00,16.392473518111114,16.392473518111114,15.913861877989419,16.123254776000977,696701,0.0,0.0
2010-02-01 00:00:00+08:00,15.973684868775644,16.212989807128906,15.973684868775644,16.212989807128906,365482,0.0,0.0
2010-02-02 00:00:00+08:00,16.452299729010345,16.51212556851876,15.943774391300696,15.973688125610352,396891,0.0,0.0
2010-02-03 00:00:00+08:00,16.212992054329348,16.302731622288988,15.943773350450428,16.27281951904297,278394,0.0,0.0
2010-02-04 00:00:00+08:00,16.452301025390625,16.841173085614226,16.183080653611956,16.452301025390625,431155,0.0,0.0
2010-02-05 00:00:00+08:00,16.003597974864235,16.691603992336248,15.854032582621217,15.913858413696289,896574,0.0,0.0
2010-02-08 00:00:00+08:00,15.854033362634024,16.093338327818703,15.794205899504792,15.88394546508789,275539,0.0,0.0
2010-02-09 00:00:00+08:00,16.003600015904414,16.45229950808028,15.854034604586376,16.302732467651367,278394,0.0,0.0
2010-02-10 00:00:00+08:00,16.452301025390625,16.691607660502545,16.302733971167918,16.452301025390625,545368,0.0,0.0
2010-02-22 00:00:00+08:00,16.990740955168736,16.990740955168736,16.332648491586692,16.422388076782227,278394,0.0,0.0
2010-02-23 00:00:00+08:00,16.601869675863064,16.69160926538063,16.332649278199177,16.392475128173828,254124,0.0,0.0
2010-02-24 00:00:00+08:00,16.332648441554852,16.631780934327328,16.272822594644797,16.36256217956543,284105,0.0,0.0
2010-02-25 00:00:00+08:00,16.512127661977757,16.571955138182183,16.21299516828895,16.422388076782227,244130,0.0,0.0
2010-02-26 00:00:00+08:00,16.422383786589776,16.601864539204296,16.2129909327984,16.242904663085938,334073,0.0,0.0
2010-03-01 00:00:00+08:00,16.42238544444756,16.631778319377375,16.33264587363633,16.51212501525879,311231,0.0,0.0
2010-03-02 00:00:00+08:00,16.60186767578125,16.81125894002206,16.542040203903028,16.60186767578125,578204,0.0,0.0
2010-03-03 00:00:00+08:00,16.751430663807245,17.31978341853191,16.66169109813719,17.140302658081055,1059328,0.0,0.0
2010-03-04 00:00:00+08:00,17.23004376144769,17.349695428965777,16.781344306367256,16.811256408691406,591053,0.0,0.0
2010-03-05 00:00:00+08:00,17.020648107971528,17.050561837363258,16.72151570138613,16.99073600769043,359771,0.0,0.0
2010-03-08 00:00:00+08:00,17.08047787388513,17.230044911935778,16.75143169346239,16.841171264648438,411167,0.0,0.0
2010-03-09 00:00:00+08:00,16.900999517494117,17.11039240303633,16.811258313023803,17.08047866821289,529664,0.0,0.0
2010-03-10 00:00:00+08:00,17.08047906631455,17.140304908244882,16.90099991141258,16.930912017822266,499683,0.0,0.0
2010-03-11 00:00:00+08:00,17.049937535746253,17.140309213773147,16.71857797453643,16.778825759887695,487688,0.0,0.0
2010-03-12 00:00:00+08:00,16.808951681945132,17.29092913561225,16.68845772580617,16.869197845458984,1066110,0.0,0.0
2010-03-15 00:00:00+08:00,16.74870119132911,16.86919512805812,16.507713317871094,16.507713317871094,554320,0.0,0.0
2010-03-16 00:00:00+08:00,16.417340654643578,16.748700182523187,16.236600574991883,16.628206253051758,603940,0.0,0.0
2010-03-17 00:00:00+08:00,16.62820639070048,16.748700321169363,16.567958610910583,16.718576431274414,450828,0.0,0.0
2010-03-18 00:00:00+08:00,16.778827785632576,16.959569534396653,16.74870388932002,16.869197845458984,749963,0.0,0.0
2010-03-19 00:00:00+08:00,16.8691923456515,17.26079961181777,16.8691923456515,17.11018180847168,891733,0.0,0.0
2010-03-22 00:00:00+08:00,17.11018180847168,17.11018180847168,17.11018180847168,17.11018180847168,0,0.0,0.0
2010-03-23 00:00:00+08:00,17.622282309094548,17.7729001205322,17.230676651000977,17.230676651000977,988136,0.0,0.0
2010-03-24 00:00:00+08:00,17.35117171538563,17.44154338565778,17.17043000395225,17.20055389404297,667736,0.0,0.0
2010-03-25 00:00:00+08:00,17.20055140821291,17.290923065424515,16.959563580536674,17.01980972290039,545814,0.0,0.0
2010-03-26 00:00:00+08:00,17.01980972290039,17.140305265849197,16.959563580536674,17.01980972290039,531637,0.0,0.0
2010-03-29 00:00:00+08:00,17.04993495145363,17.38129446243863,17.04993495145363,17.230676651000977,533055,0.0,0.0
2010-03-30 00:00:00+08:00,17.411416979262633,17.411416979262633,16.989687466273878,17.01980972290039,457916,0.0,0.0
2010-03-31 00:00:00+08:00,17.01980972290039,17.290923065424515,16.929439694799473,17.01980972290039,911580,0.0,0.0
2010-04-01 00:00:00+08:00,16.9595645680829,17.290924072265625,16.9595645680829,17.290924072265625,935681,0.0,0.0
2010-04-02 00:00:00+08:00,17.441539883211963,17.95363939547545,17.41141599917044,17.772897720336914,2217282,0.0,0.0
2010-04-06 00:00:00+08:00,18.044011886678962,18.044011886678962,17.50178683604892,17.562034606933594,1002313,0.0,0.0
2010-04-07 00:00:00+08:00,17.562034020649183,17.742775698158717,17.321044574266264,17.38129234313965,768393,0.0,0.0
2010-04-08 00:00:00+08:00,17.381293887226096,17.411417774338876,17.04993438720703,17.04993438720703,789658,0.0,0.0
2010-04-09 00:00:00+08:00,17.04993438720703,17.230676080772955,16.83907043563909,17.04993438720703,670571,0.0,0.0
2010-04-12 00:00:00+08:00,17.17042873152588,17.351170429565272,17.080058697061588,17.14030647277832,486270,0.0,0.0
2010-04-13 00:00:00+08:00,17.140306048545376,17.321046113000534,17.04993438720703,17.04993438720703,411132,0.0,0.0
2010-04-14 00:00:00+08:00,17.080058839563325,17.290924427220364,17.080058839563325,17.230676651000977,243844,0.0,0.0
2010-04-15 00:00:00+08:00,17.411418350548324,17.562036161985976,17.140306615782713,17.230676651000977,840695,0.0,0.0
2010-04-16 00:00:00+08:00,17.230676793259263,17.5319124186216,17.110182868936494,17.321046829223633,1413446,0.0,0.0
2010-04-19 00:00:00+08:00,17.11018221424043,17.230676133952677,16.296845405238926,16.417339324951172,708849,0.0,0.0
2010-04-20 00:00:00+08:00,16.477585426882715,16.77882101014321,16.417337658586376,16.658327102661133,430980,0.0,0.0
2010-04-21 00:00:00+08:00,16.718579993007463,16.929445638084097,16.658333829493614,16.869197845458984,395538,0.0,0.0
2010-04-22 00:00:00+08:00,16.748700544455456,16.80894832504855,16.447464899711857,16.56795883178711,340247,0.0,0.0
2010-04-23 00:00:00+08:00,16.628206253051758,16.808947961814354,16.53783621322591,16.628206253051758,442322,0.0,0.0
2010-04-26 00:00:00+08:00,16.869195808803525,16.92944359415479,16.598084032944968,16.778825759887695,496194,0.0,0.0
2010-04-27 00:00:00+08:00,16.77882101014321,16.89931491762529,16.567955450216623,16.658327102661133,482017,0.0,0.0
2010-04-28 00:00:00+08:00,16.296844909127017,16.477586597748594,16.17635099308287,16.387216567993164,667736,0.0,0.0
2010-04-29 00:00:00+08:00,16.326970832439855,16.53783643365866,16.326970832439855,16.477588653564453,490524,0.0,0.0
2010-04-30 00:00:00+08:00,16.47759142379012,16.537839214013236,15.96549009422724,16.116107940673828,910163,0.0,0.0
2010-05-03 00:00:00+08:00,15.96548659868662,16.08598215275112,15.513633158277258,15.724498748779297,586927,0.0,0.0
2010-05-04 00:00:00+08:00,15.754622067865938,15.844992101037173,15.543756484985352,15.543756484985352,377108,0.0,0.0
2010-05-05 00:00:00+08:00,15.212397290696405,15.212397290696405,14.51955601133961,14.640049934387207,1453142,0.0,0.0
2010-05-06 00:00:00+08:00,14.640050973552311,14.760544905152686,14.368939220173736,14.399063110351562,637964,0.0,0.0
2010-05-07 00:00:00+08:00,13.706219278290474,14.278568267822266,13.706219278290474,14.278568267822266,1088793,0.0,0.0
2010-05-10 00:00:00+08:00,14.248446304403501,14.91116379000887,14.188198519752538,14.881041526794434,476347,0.0,0.0
2010-05-11 00:00:00+08:00,15.061779231333938,15.27264481502448,14.881039164297231,14.911161422729492,843531,0.0,0.0
2010-05-12 00:00:00+08:00,15.061779231333938,15.061779231333938,14.805730259995007,14.911161422729492,327488,0.0,0.0
2010-05-13 00:00:00+08:00,15.212397288928086,15.212397288928086,14.79066774375511,15.031657218933105,392702,0.0,0.0
2010-05-14 00:00:00+08:00,14.911161422729492,15.03165697290168,14.850915276754185,14.911161422729492,211237,0.0,0.0
2010-05-17 00:00:00+08:00,14.76054557983975,14.76054557983975,14.489433814068978,14.504496574401855,235338,0.0,0.0
2010-05-18 00:00:00+08:00,14.53461678216201,14.790667380514359,14.308690071105957,14.308690071105957,467840,0.0,0.0
2010-05-19 00:00:00+08:00,14.308689173572654,14.579802513122559,14.127949119353612,14.579802513122559,381361,0.0,0.0
2010-05-20 00:00:00+08:00,14.579804822307588,14.579804822307588,14.248445288573363,14.399063110351562,314729,0.0,0.0
2010-05-21 00:00:00+08:00,13.736343978654086,13.977333469838934,13.600788102598637,13.796591758728027,920087,0.0,0.0
2010-05-24 00:00:00+08:00,13.856838637035136,14.037580357633155,13.64597465392995,13.947210311889648,323235,0.0,0.0
2010-05-25 00:00:00+08:00,13.736344201708166,13.826715873286554,13.28449154570453,13.645974159240723,904492,0.0,0.0
2010-05-26 00:00:00+08:00,13.6459710024377,13.751403780333295,13.450167388425207,13.5556001663208,296299,0.0,0.0
2010-05-27 00:00:00+08:00,13.67609605825475,14.007453918457031,13.570663271321884,14.007453918457031,232502,0.0,0.0
2010-05-28 00:00:00+08:00,14.308689521630532,14.414122308563398,14.007453918457031,14.007453918457031,297716,0.0,0.0
2010-05-31 00:00:00+08:00,14.218320491310237,14.278568267822266,13.947208755227761,14.278568267822266,158782,0.0,0.0
2010-06-01 00:00:00+08:00,14.26350470398152,14.459307522926546,14.067701885036495,14.368937492370605,211237,0.0,0.0
2010-06-02 00:00:00+08:00,14.308690742370255,14.308690742370255,14.097826779625464,14.127950668334961,130428,0.0,0.0
2010-06-03 00:00:00+08:00,14.278568873894057,14.308691134317824,14.188197205290077,14.233382225036621,133263,0.0,0.0
2010-06-04 00:00:00+08:00,14.30869084648391,14.519556439873861,14.293629716574998,14.338814735412598,182883,0.0,0.0
2010-06-07 00:00:00+08:00,13.721283050909745,13.932147026062012,13.721283050909745,13.932147026062012,121922,0.0,0.0
2010-06-08 00:00:00+08:00,13.902023946679996,14.127950668334961,13.902023946679996,14.127950668334961,92150,0.0,0.0
2010-06-09 00:00:00+08:00,14.127951164636155,14.429186804091556,13.947209455140731,14.158073425292969,252350,0.0,0.0
2010-06-10 00:00:00+08:00,14.173135021938789,14.308690071105957,14.037578343660847,14.308690071105957,164453,0.0,0.0
2010-06-11 00:00:00+08:00,14.368936691400517,14.579802256424372,14.35387556351766,14.459306716918945,248097,0.0,0.0
2010-06-14 00:00:00+08:00,14.48943113117971,14.60992504597685,14.429184988336493,14.474370002746582,100656,0.0,0.0
2010-06-15 00:00:00+08:00,14.489432157421684,14.57980382175331,14.414123251700735,14.519556045532227,110580,0.0,0.0
2010-06-17 00:00:00+08:00,14.57980495996093,14.670175002236695,14.42918713676069,14.489433288574219,197060,0.0,0.0
2010-06-18 00:00:00+08:00,14.519556115648728,14.519556115648728,14.188196603054223,14.278568267822266,233920,0.0,0.0
2010-06-21 00:00:00+08:00,14.399063110351562,14.399063110351562,14.308691439818086,14.399063110351562,143187,0.0,0.0
2010-06-22 00:00:00+08:00,14.399062122200872,14.594864951253173,14.383999363590194,14.519556045532227,252350,0.0,0.0
2010-06-23 00:00:00+08:00,14.56474047334386,15.212396710495026,14.519555457563222,14.85091495513916,1059021,0.0,0.0
2010-06-24 00:00:00+08:00,14.91116216610527,15.01659496320675,14.775607109069824,14.775607109069824,361513,0.0,0.0
2010-06-25 00:00:00+08:00,14.640049934387207,14.74548272797041,14.564741028843608,14.640049934387207,143187,0.0,0.0
2010-06-28 00:00:00+08:00,14.640049934387207,14.640049934387207,14.640049934387207,14.640049934387207,0,0.0,0.0
2010-06-29 00:00:00+08:00,14.655111154059943,14.790666192337586,14.459306716918945,14.459306716918945,140352,0.0,0.0
2010-06-30 00:00:00+08:00,13.871899644675434,14.42918586730957,13.871899644675434,14.42918586730957,233920,0.0,0.0
2010-07-01 00:00:00+08:00,14.323752787276257,14.414122819789178,14.127949964091084,14.143011093139648,280704,0.0,0.0
2010-07-02 00:00:00+08:00,14.127951822740487,14.368939693886075,14.127951822740487,14.263506889343262,126175,0.0,0.0
2010-07-05 00:00:00+08:00,14.158073618039886,14.640050973552311,14.158073618039886,14.399063110351562,301970,0.0,0.0
2010-07-06 00:00:00+08:00,14.609929084777832,14.881042504406961,14.519559030975557,14.609929084777832,282122,0.0,0.0
2010-07-07 00:00:00+08:00,14.775606616010013,14.775606616010013,14.609926046347605,14.640049934387207,126175,0.0,0.0
2010-07-08 00:00:00+08:00,14.911160518860063,14.911160518860063,14.670172691345215,14.670172691345215,272198,0.0,0.0
2010-07-09 00:00:00+08:00,14.700300108969945,15.061781937092176,14.700300108969945,14.941287994384766,445157,0.0,0.0
2010-07-12 00:00:00+08:00,15.12202972300142,15.12202972300142,14.941287994384766,14.941287994384766,242426,0.0,0.0
2010-07-13 00:00:00+08:00,15.061778905152394,15.061778905152394,14.70029714979653,14.85091495513916,126175,0.0,0.0
2010-07-14 00:00:00+08:00,15.001535545533493,15.30277121214349,15.001535545533493,15.09190559387207,511789,0.0,0.0
2010-07-15 00:00:00+08:00,15.061780310674894,15.604005437973726,15.061780310674894,15.393139839172363,1114311,0.0,0.0
2010-07-16 00:00:00+08:00,15.604002397385601,15.604002397385601,15.15214902723995,15.182272911071777,365766,0.0,0.0
2010-07-19 00:00:00+08:00,15.061781622525233,15.061781622525233,14.881041526794434,14.881041526794434,253768,0.0,0.0
2010-07-20 00:00:00+08:00,14.911162159841094,15.061779975891113,14.911162159841094,15.061779975891113,116251,0.0,0.0
2010-07-21 00:00:00+08:00,15.122026649039016,15.272644454083892,14.97140884399414,14.97140884399414,229667,0.0,0.0
2010-07-22 00:00:00+08:00,14.971409197815586,15.03165697290168,14.881039164297231,14.911161422729492,127592,0.0,0.0
2010-07-23 00:00:00+08:00,14.956348807944792,15.212397791941134,14.956348807944792,15.061779975891113,164453,0.0,0.0
2010-07-26 00:00:00+08:00,15.091903365894494,15.212397288928086,15.001533330897004,15.031657218933105,324653,0.0,0.0
2010-07-27 00:00:00+08:00,15.122026574655875,15.122026574655875,14.911160996985968,14.926223754882812,124757,0.0,0.0
2010-07-28 00:00:00+08:00,14.775609668295095,15.06178259101072,14.775609668295095,15.046721458435059,171541,0.0,0.0
2010-07-29 00:00:00+08:00,15.016592364552022,15.36301295584157,15.016592364552022,15.182272911071777,425309,0.0,0.0
2010-07-30 00:00:00+08:00,15.182275532019823,15.212397791941134,14.971409937905449,15.061779975891113,191389,0.0,0.0
2010-08-02 00:00:00+08:00,15.182275532019823,15.182275532019823,15.061779975891113,15.061779975891113,241008,0.0,0.0
2010-08-03 00:00:00+08:00,15.122027253930595,15.242521176964187,15.001533330897004,15.031657218933105,282122,0.0,0.0
2010-08-04 00:00:00+08:00,15.061779975891113,15.182275532019823,15.046718845930458,15.061779975891113,365766,0.0,0.0
2010-08-05 00:00:00+08:00,15.091903942645216,15.182275610207153,14.820792198181152,14.820792198181152,337412,0.0,0.0
2010-08-06 00:00:00+08:00,14.820794051677355,15.00153578029401,14.790670158722733,14.941287994384766,205566,0.0,0.0
2010-08-09 00:00:00+08:00,14.971408873591116,15.061778905152394,14.850914955139162,14.85091495513916,216908,0.0,0.0
2010-08-10 00:00:00+08:00,14.97140944460121,14.97140944460121,14.640049934387207,14.640049934387207,311893,0.0,0.0
2010-08-11 00:00:00+08:00,14.670172691345215,14.911160518860063,14.670172691345215,14.670172691345215,184300,0.0,0.0
2010-08-12 00:00:00+08:00,14.624987677325016,14.790666605102638,14.489431006153735,14.670172691345215,154529,0.0,0.0
2010-08-13 00:00:00+08:00,14.670172395914252,14.896099090576172,14.670172395914252,14.896099090576172,219743,0.0,0.0
2010-08-16 00:00:00+08:00,14.850916597061289,15.272646172825064,14.820792706840106,15.122028350830078,330324,0.0,0.0
2010-08-17 00:00:00+08:00,15.212399960337393,15.935366883718874,15.212399960337393,15.513635635375977,1505597,0.0,0.0
2010-08-18 00:00:00+08:00,15.754625152873503,15.814871310414562,15.27264774698955,15.513635635375977,555738,0.0,0.0
2010-08-19 00:00:00+08:00,15.543759528702056,15.875119097066717,15.513635635375977,15.513635635375977,717356,0.0,0.0
2010-08-20 00:00:00+08:00,15.423263908645783,15.664251770846919,15.363016128540037,15.363016128540039,269362,0.0,0.0
2010-08-23 00:00:00+08:00,15.453388394693672,15.6341301128707,15.423264503479002,15.423264503479004,231085,0.0,0.0
2010-08-24 00:00:00+08:00,15.573883422028134,15.935366883718874,15.423265584508842,15.513635635375977,720191,0.0,0.0
2010-08-25 00:00:00+08:00,15.513635201303858,15.664253034608857,15.09190559387207,15.09190559387207,504701,0.0,0.0
2010-08-26 00:00:00+08:00,15.091903942645216,15.122027831832527,14.79066830899384,14.820792198181152,344501,0.0,0.0
2010-08-27 00:00:00+08:00,14.820792198181152,14.956348884968621,14.760544419806527,14.820792198181152,198477,0.0,0.0
2010-08-30 00:00:00+08:00,14.941286125819527,15.152151721019841,14.820792198181152,14.820792198181152,175794,0.0,0.0
2010-08-31 00:00:00+08:00,14.82079007721394,14.850913962090297,14.33881280652416,14.459306716918945,379943,0.0,0.0
2010-09-01 00:00:00+08:00,14.519554486671659,14.579802256424372,14.459306716918945,14.459306716918945,192807,0.0,0.0
2010-09-02 00:00:00+08:00,14.790670508298033,14.790670508298033,14.519558723520904,14.5496826171875,163035,0.0,0.0
2010-09-03 00:00:00+08:00,14.579806166262534,14.941287994384766,14.579806166262534,14.941287994384766,273616,0.0,0.0
2010-09-06 00:00:00+08:00,15.061780310674894,15.423263728874115,14.94128638097879,15.393139839172363,704596,0.0,0.0
2010-09-07 00:00:00+08:00,15.393139839172363,15.664251588266326,15.242522019774505,15.393139839172363,558573,0.0,0.0
2010-09-08 00:00:00+08:00,15.393138135059992,15.483509794160566,15.182274188713432,15.242520332336426,345918,0.0,0.0
2010-09-09 00:00:00+08:00,15.3328951046267,15.3328951046267,15.06178170138886,15.09190559387207,242426,0.0,0.0
2010-09-10 00:00:00+08:00,15.30276888454434,15.30276888454434,15.122027186247509,15.272644996643066,328906,0.0,0.0
2010-09-13 00:00:00+08:00,15.42326414371964,15.754623681129814,15.302770210782562,15.483511924743652,901656,0.0,0.0
2010-09-14 00:00:00+08:00,15.604007002283014,15.604007002283014,15.363017489620583,15.453389167785645,1016490,0.0,0.0
2010-09-15 00:00:00+08:00,15.667234572083164,15.924602256772216,15.635064250947387,15.731576919555664,851750,1.614679,1.02031
2010-09-16 00:00:00+08:00,15.924601157219698,15.924601157219698,15.602891147271388,15.635063171386719,418233,0.0,0.0
2010-09-17 00:00:00+08:00,15.86026133723843,15.90851852848776,15.69940801187658,15.747663497924805,575244,0.0,0.0
2010-09-20 00:00:00+08:00,15.795916289997612,15.795916289997612,15.602890968322754,15.602890968322754,279285,0.0,0.0
2010-09-21 00:00:00+08:00,15.812003830291152,15.812003830291152,15.618978500366211,15.618978500366211,279285,0.0,0.0
2010-09-23 00:00:00+08:00,15.635068075326783,15.844178624260222,15.635068075326783,15.699410438537598,275116,0.0,0.0
2010-09-24 00:00:00+08:00,15.763747171063546,16.793216200071683,15.715491689573026,16.40716552734375,1300552,0.0,0.0
2010-09-27 00:00:00+08:00,16.66453336426347,17.01841371925456,16.278482687982624,16.471508026123047,1349184,0.0,0.0
2010-09-28 00:00:00+08:00,16.503681680738435,16.53585200852578,16.14980125427246,16.14980125427246,434907,0.0,0.0
2010-09-29 00:00:00+08:00,16.246310511973462,16.40716552734375,16.14979784379148,16.40716552734375,411285,0.0,0.0
2010-09-30 00:00:00+08:00,16.503678093093733,16.53584841388774,16.14979774355588,16.27848243713379,359875,0.0,0.0
2010-10-01 00:00:00+08:00,16.278485267484584,16.40716827823576,16.24631323589587,16.31065559387207,305685,0.0,0.0
2010-10-04 00:00:00+08:00,16.278481350102968,16.40716432988686,16.181968688964844,16.181968688964844,330696,0.0,0.0
2010-10-05 00:00:00+08:00,16.11762986263255,16.18197221916159,16.021117180439592,16.053287506103516,272337,0.0,0.0
2010-10-06 00:00:00+08:00,16.149801318673052,16.246314007621248,16.05328862972486,16.085460662841797,269558,0.0,0.0
2010-10-07 00:00:00+08:00,16.21414530189094,16.21414530189094,15.988947868347168,15.988947868347168,218148,0.0,0.0
2010-10-08 00:00:00+08:00,16.149796619529823,16.568019286748328,16.149796619529823,16.246309280395508,804508,0.0,0.0
2010-10-11 00:00:00+08:00,16.407165425510765,16.407165425510765,16.14979774355588,16.27848243713379,286232,0.0,0.0
2010-10-12 00:00:00+08:00,16.310655227018472,16.374997583547508,15.860262141717596,16.053287506103516,375159,0.0,0.0
2010-10-13 00:00:00+08:00,16.14980057278468,16.14980057278468,15.940690040588379,15.940690040588379,188969,0.0,0.0
2010-10-14 00:00:00+08:00,16.085460417091117,16.085460417091117,15.924605369567871,15.924605369567871,259832,0.0,0.0
2010-10-15 00:00:00+08:00,15.924603690503833,15.924603690503833,15.73157833590873,15.747663497924805,247327,0.0,0.0
2010-10-18 00:00:00+08:00,15.763747328868877,15.763747328868877,15.442039000108739,15.458124160766602,318190,0.0,0.0
2010-10-19 00:00:00+08:00,15.458126529687185,15.602894702994284,15.44204136656431,15.474211692810059,145895,0.0,0.0
2010-10-20 00:00:00+08:00,15.474208166412563,15.667233490301216,15.442037847498066,15.635063171386719,100042,0.0,0.0
2010-10-21 00:00:00+08:00,15.667235279797593,15.763747952765504,15.506380256450734,15.538552284240723,169516,0.0,0.0
2010-10-22 00:00:00+08:00,15.602893629377924,15.795918983973028,15.570723305345775,15.747663497924805,132000,0.0,0.0
2010-10-25 00:00:00+08:00,15.988941616353413,16.439334602126877,15.988941616353413,16.246309280395508,628044,0.0,0.0
2010-10-26 00:00:00+08:00,16.40716696322727,16.40716696322727,15.988944227703687,16.021116256713867,333475,0.0,0.0
2010-10-27 00:00:00+08:00,16.21414343198894,16.31065611946263,15.924605369567871,15.924605369567871,282064,0.0,0.0
2010-10-28 00:00:00+08:00,15.924602331969602,16.02111500103362,15.892430305480957,15.892430305480957,184800,0.0,0.0
2010-10-29 00:00:00+08:00,16.149799989685338,16.149799989685338,15.812006458764781,15.828091621398926,120884,0.0,0.0
2010-11-01 00:00:00+08:00,16.053289774377472,16.18197450561825,15.924606748338125,15.972862243652344,250106,0.0,0.0
2010-11-02 00:00:00+08:00,16.021112466025453,16.05328278222286,15.779829978942871,15.779829978942871,140337,0.0,0.0
2010-11-03 00:00:00+08:00,15.828090178579568,15.828090178579568,15.37769713987351,15.442039489746094,534949,0.0,0.0
2010-11-04 00:00:00+08:00,15.474209321424464,15.602892311888327,15.39378181293419,15.458124160766602,259832,0.0,0.0
2010-11-05 00:00:00+08:00,15.763745971452073,15.763745971452073,15.506378307485326,15.602890968322754,182021,0.0,0.0
2010-11-08 00:00:00+08:00,15.876342632735767,16.021112466025453,15.699404188449366,15.779829978942871,593,0.0,0.0
2010-11-09 00:00:00+08:00,15.924602256772216,15.95677257790799,15.731576919555664,15.731576919555664,101431,0.0,0.0
2010-11-10 00:00:00+08:00,15.731576868921865,16.037200034330898,15.731576868921865,15.795917510986328,211200,0.0,0.0
2010-11-11 00:00:00+08:00,15.795921358837113,15.860263721776175,15.73158070109941,15.763751029968262,163958,0.0,0.0
2010-11-12 00:00:00+08:00,15.763747315129255,15.892430305480957,15.63506432477755,15.892430305480957,166737,0.0,0.0
2010-11-15 00:00:00+08:00,15.860263009518317,16.021118057041562,15.844177845806248,15.924605369567871,250106,0.0,0.0
2010-11-16 00:00:00+08:00,16.005029397459577,16.005029397459577,15.779832039075108,15.8441743850708,109768,0.0,0.0
2010-11-17 00:00:00+08:00,15.844177845806248,15.988946024416142,15.763750322044627,15.924605369567871,134779,0.0,0.0
2010-11-18 00:00:00+08:00,15.828093392907324,15.988946742452939,15.763751029968262,15.763751029968262,179242,0.0,0.0
2010-11-19 00:00:00+08:00,15.795919590929465,15.956774627673257,15.763749265661176,15.828091621398926,147284,0.0,0.0
2010-11-22 00:00:00+08:00,15.892430305480957,15.956772653257289,15.763747315129255,15.892430305480957,301517,0.0,0.0
2010-11-23 00:00:00+08:00,15.892434050645026,15.956776413584087,15.763751029968262,15.763751029968262,159790,0.0,0.0
2010-11-24 00:00:00+08:00,15.69940801187658,15.924603690503833,15.602893629377924,15.747663497924805,282064,0.0,0.0
2010-11-25 00:00:00+08:00,15.763746878876413,15.908516731066495,15.699406238081632,15.8441743850708,157011,0.0,0.0
2010-11-26 00:00:00+08:00,15.940689435336292,16.149799959592876,15.844176754510086,15.860261917114258,490486,0.0,0.0
2010-11-29 00:00:00+08:00,15.924602331969602,16.053285322321308,15.828089662905585,15.892430305480957,314022,0.0,0.0
2010-11-30 00:00:00+08:00,15.924605612861038,16.181973351789992,15.924605612861038,16.085460662841797,697518,0.0,0.0
2010-12-01 00:00:00+08:00,16.246308347713956,16.471505680272777,16.21413803100586,16.21413803100586,879540,0.0,0.0
2010-12-02 00:00:00+08:00,16.214140769157694,16.34282376292205,16.11762809753418,16.11762809753418,415454,0.0,0.0
2010-12-03 00:00:00+08:00,16.149799257151304,16.246311933779655,16.005031094809322,16.021116256713867,298738,0.0,0.0
2010-12-06 00:00:00+08:00,16.08546180978838,16.149802470207337,15.972862243652344,15.972862243652344,368212,0.0,0.0
2010-12-07 00:00:00+08:00,15.972862243652344,16.06937493948221,15.956777078547605,15.972862243652344,245937,0.0,0.0
2010-12-08 00:00:00+08:00,16.021115766322186,16.214141113670557,16.005030604909994,16.037200927734375,471033,0.0,0.0
2010-12-09 00:00:00+08:00,16.08545602782672,16.24630932625638,16.08545602782672,16.181968688964844,496044,0.0,0.0
2010-12-10 00:00:00+08:00,16.21414193291263,16.47150964411467,16.181971608462796,16.342824935913086,1452005,0.0,0.0
2010-12-13 00:00:00+08:00,16.342821987394505,16.342821987394505,16.069369163303016,16.181968688964844,821182,0.0,0.0
2010-12-14 00:00:00+08:00,16.14980125427246,16.374998664387764,16.11763092648512,16.14980125427246,725308,0.0,0.0
2010-12-15 00:00:00+08:00,16.342821987394505,16.342821987394505,16.05328400398013,16.181968688964844,543286,0.0,0.0
2010-12-16 00:00:00+08:00,16.214140769157694,16.246311091298534,16.021115425910665,16.11762809753418,358485,0.0,0.0
2010-12-17 00:00:00+08:00,16.181973351789992,16.37499872968638,16.085460662841797,16.085460662841797,469644,0.0,0.0
2010-12-20 00:00:00+08:00,16.181973287261105,16.278485975824434,15.972861041039472,16.14980125427246,421012,0.0,0.0
2010-12-21 00:00:00+08:00,16.149798762820755,16.149798762820755,16.021115766322186,16.037200927734375,194527,0.0,0.0
2010-12-22 00:00:00+08:00,16.08545713540677,16.21414012405126,16.037199948914502,16.06937026977539,358,0.0,0.0
2010-12-23 00:00:00+08:00,16.085459536968628,16.21414254482551,16.053287506103516,16.053287506103516,322359,0.0,0.0
2010-12-24 00:00:00+08:00,16.08545860953313,16.18197128616148,16.021116256713867,16.021116256713867,314022,0.0,0.0
2010-12-27 00:00:00+08:00,15.924601786469603,15.972857266748132,15.699406134767997,15.71549129486084,511328,0.0,0.0
2010-12-28 00:00:00+08:00,15.699406660291437,15.699406660291437,15.458124135219375,15.490294456481934,541896,0.0,0.0
2010-12-29 00:00:00+08:00,15.522466659545898,15.635064490446846,15.50637979353064,15.522466659545898,283453,0.0,0.0
2010-12-30 00:00:00+08:00,15.522467122946242,15.699407307587583,15.522467122946242,15.538552284240723,387664,0.0,0.0
2010-12-31 00:00:00+08:00,15.570723070709233,15.683320908326113,15.53855274716186,15.554637908935547,209811,0.0,0.0
2011-01-03 00:00:00+08:00,15.635064250947387,15.924602256772216,15.635064250947387,15.731576919555664,398780,0.0,0.0
2011-01-04 00:00:00+08:00,15.860263721776175,15.8763488862106,15.683323502594774,15.763751029968262,401559,0.0,0.0
2011-01-05 00:00:00+08:00,16.085459309176183,16.214142315210736,15.86026191711426,15.860261917114258,818403,0.0,0.0
2011-01-06 00:00:00+08:00,15.876348953264946,15.924606151973398,15.699410438537598,15.699410438537598,391833,0.0,0.0
2011-01-07 00:00:00+08:00,15.763747952765504,15.763747952765504,15.506380256450734,15.538552284240723,462696,0.0,0.0
2011-01-10 00:00:00+08:00,15.602892286101847,15.602892286101847,15.442038974588096,15.490294456481934,212590,0.0,0.0
2011-01-11 00:00:00+08:00,15.50638071841341,15.635065423005056,15.50638071841341,15.554637908935547,280674,0.0,0.0
2011-01-12 00:00:00+08:00,15.602896041120692,15.699410438537598,15.602896041120692,15.699410438537598,473812,0.0,0.0
2011-01-13 00:00:00+08:00,15.763748513680758,15.828090866349175,15.651150675411843,15.683320999145508,286232,0.0,0.0
2011-01-14 00:00:00+08:00,15.683320414024113,15.683320414024113,15.570722579956055,15.570722579956055,193137,0.0,0.0
2011-01-17 00:00:00+08:00,15.570724725939616,16.63236427307129,15.570724725939616,16.63236427307129,3668225,0.0,0.0
2011-01-18 00:00:00+08:00,16.632362971564955,16.632362971564955,16.27848428701342,16.342824935913086,1193562,0.0,0.0
2011-01-19 00:00:00+08:00,16.407165425510765,16.53584841388774,16.181969769550822,16.27848243713379,643328,0.0,0.0
2011-01-20 00:00:00+08:00,16.24631563302513,16.342828331629182,15.988947868347168,15.988947868347168,701687,0.0,0.0
2011-01-21 00:00:00+08:00,15.988945149574478,16.342825552682395,15.988945149574478,16.053287506103516,604423,0.0,0.0
2011-01-24 00:00:00+08:00,16.05329023581703,16.0854622721527,15.988947868347168,15.988947868347168,275116,0.0,0.0
2011-01-25 00:00:00+08:00,16.02111830180923,16.37499872968638,16.02111830180923,16.085460662841797,444633,0.0,0.0
2011-01-26 00:00:00+08:00,16.08545602782672,16.214139007610612,16.021113685334363,16.181968688964844,544675,0.0,0.0
2011-01-27 00:00:00+08:00,16.246308347713956,16.471505680272777,16.117625375680856,16.21413803100586,898993,0.0,0.0
2011-01-28 00:00:00+08:00,16.21414254482551,16.21414254482551,15.988945149574478,16.053287506103516,586360,0.0,0.0
2011-02-08 00:00:00+08:00,16.117631536404474,16.117631536404474,15.699410438537598,15.699410438537598,619707,0.0,0.0
2011-02-09 00:00:00+08:00,15.699407307587583,15.828090303144453,15.538552284240723,15.538552284240723,400170,0.0,0.0
2011-02-10 00:00:00+08:00,15.570722484290247,15.715492345203307,15.442039489746094,15.442039489746094,366822,0.0,0.0
2011-02-11 00:00:00+08:00,15.522465756579216,15.602891555972127,15.18467057832548,15.281183242797852,375159,0.0,0.0
2011-02-14 00:00:00+08:00,15.281185031420783,15.425954897674714,15.152502032129238,15.184672355651855,329306,0.0,0.0
2011-02-15 00:00:00+08:00,15.232927813099103,15.28118500349592,15.120329975774627,15.216842651367188,308464,0.0,0.0
2011-02-16 00:00:00+08:00,15.265098672785268,15.635064185092183,15.265098672785268,15.393781661987305,319580,0.0,0.0
2011-02-17 00:00:00+08:00,15.602894702994284,15.602894702994284,15.44204136656431,15.474211692810059,118105,0.0,0.0
2011-02-18 00:00:00+08:00,15.538551047840127,15.570721367869298,15.37769603729248,15.37769603729248,195916,0.0,0.0
2011-02-21 00:00:00+08:00,15.393781197307067,15.635063713128536,15.37769603729248,15.37769603729248,162569,0.0,0.0
2011-02-22 00:00:00+08:00,15.313354292494475,15.313354292494475,14.959473937493794,15.055988311767578,350148,0.0,0.0
2011-02-23 00:00:00+08:00,15.055989344196082,15.216842666880286,14.814706802368164,14.814706802368164,421012,0.0,0.0
2011-02-24 00:00:00+08:00,14.814702501612667,15.055984973395512,14.814702501612667,14.830787658691406,209811,0.0,0.0
2011-02-25 00:00:00+08:00,14.846876755944567,14.95947459057838,14.830791594597027,14.9273042678833,157011,0.0,0.0
2011-03-01 00:00:00+08:00,14.991646976718238,15.28118500349592,14.991646976718238,15.216842651367188,145895,0.0,0.0
2011-03-02 00:00:00+08:00,15.120329975774627,15.329442193892737,15.120329975774627,15.216842651367188,101431,0.0,0.0
2011-03-03 00:00:00+08:00,15.313354910514914,15.586807768124164,15.281184587925953,15.538552284240723,375159,0.0,0.0
2011-03-04 00:00:00+08:00,15.538553908238022,15.538553908238022,15.37769886807955,15.409869194030762,226485,0.0,0.0
2011-03-07 00:00:00+08:00,15.5385509164578,15.5385509164578,15.216840898082644,15.281183242797852,150063,0.0,0.0
2011-03-08 00:00:00+08:00,15.200757517413162,15.281185031420783,15.184672355651855,15.184672355651855,111158,0.0,0.0
2011-03-09 00:00:00+08:00,15.249015859073495,15.44204122518318,15.249015859073495,15.409869194030762,258443,0.0,0.0
2011-03-10 00:00:00+08:00,15.442040031217212,15.474210354681041,15.216842651367188,15.216842651367188,115326,0.0,0.0
2011-03-11 00:00:00+08:00,15.088159044640795,15.184671716346344,15.023816695103427,15.136414527893066,182021,0.0,0.0
2011-03-14 00:00:00+08:00,15.0559894641532,15.08815978790614,14.798621758526417,14.911219596862793,326527,0.0,0.0
2011-03-15 00:00:00+08:00,14.911221285779787,15.023819136869541,13.881751199270441,13.946093559265137,630823,0.0,0.0
2011-03-16 00:00:00+08:00,13.994347888344548,14.316056231602554,13.994347888344548,14.219544410705566,277895,0.0,0.0
2011-03-17 00:00:00+08:00,14.219545741232134,14.637767649721297,14.219545741232134,14.57342529296875,425180,0.0,0.0
2011-03-18 00:00:00+08:00,14.702108452031327,14.927304119053684,14.573423752131967,14.862961769104004,236211,0.0,0.0
2011-03-21 00:00:00+08:00,14.798620625839723,15.184671302131028,14.653850769630004,15.055988311767578,227874,0.0,0.0
2011-03-22 00:00:00+08:00,14.943388114926355,15.28118329431898,14.943388114926355,15.039900779724121,137558,0.0,0.0
2011-03-23 00:00:00+08:00,15.023816234451909,15.249013598327322,15.023816234451909,15.120328903198242,202863,0.0,0.0
2011-03-24 00:00:00+08:00,15.184671250762781,15.249013598327322,15.055988260834654,15.120328903198242,105600,0.0,0.0
2011-03-25 00:00:00+08:00,15.184670629521214,15.184670629521214,14.95947327485917,15.039900779724121,97263,0.0,0.0
2011-03-28 00:00:00+08:00,14.959473937493794,15.104243793703512,14.830790947130344,15.055988311767578,158400,0.0,0.0
2011-03-29 00:00:00+08:00,15.0559894641532,15.0559894641532,14.895134434986325,14.911219596862793,97263,0.0,0.0
2011-03-30 00:00:00+08:00,14.911218129045038,15.072073142377805,14.830790622378654,14.959473609924316,200085,0.0,0.0
2011-03-31 00:00:00+08:00,14.879049273109855,15.12033011165908,14.862962406032295,14.911219596862793,191748,0.0,0.0
2011-04-01 00:00:00+08:00,14.95947459057838,15.023816941169573,14.862961917292107,14.9273042678833,159790,0.0,0.0
2011-04-06 00:00:00+08:00,15.281185031420783,15.442040059436021,15.184672355651855,15.184672355651855,366822,0.0,0.0
2011-04-07 00:00:00+08:00,15.377699008871586,15.522468887379906,15.281186324933113,15.474211692810059,311243,0.0,0.0
2011-04-08 00:00:00+08:00,15.570721392539946,15.570721392539946,15.345525741577148,15.345525741577148,240379,0.0,0.0
2011-04-11 00:00:00+08:00,15.538553549427295,16.24631264041908,15.538553549427295,15.860261917114258,928172,0.0,0.0
2011-04-12 00:00:00+08:00,16.632363847818866,16.632363847818866,15.8441772156644,15.876347541809082,1406153,0.0,0.0
2011-04-13 00:00:00+08:00,16.149800188296474,16.246312870489433,15.89243246738152,16.053287506103516,949014,0.0,0.0
2011-04-14 00:00:00+08:00,16.117629634384528,16.117629634384528,15.779834398892227,15.860261917114258,452970,0.0,0.0
2011-04-15 00:00:00+08:00,15.924604736227323,16.05328774600727,15.86026237873674,15.876347541809082,455749,0.0,0.0
2011-04-18 00:00:00+08:00,16.085461139462215,16.085461139462215,15.715495536664985,15.763751029968262,394612,0.0,0.0
2011-04-19 00:00:00+08:00,15.763745971452073,15.763745971452073,15.538550331231678,15.602890968322754,209811,0.0,0.0
2011-04-20 00:00:00+08:00,15.602895975221285,15.828093392907324,15.602895975221285,15.763751029968262,270948,0.0,0.0
2011-04-21 00:00:00+08:00,15.892430061600992,16.503678093093733,15.892430061600992,16.27848243713379,2421862,0.0,0.0
2011-04-22 00:00:00+08:00,16.47150777229972,16.47150777229972,16.0211147551789,16.27848243713379,769771,0.0,0.0
2011-04-25 00:00:00+08:00,16.34282100303896,16.439333658363967,16.181967714297762,16.21413803100586,426570,0.0,0.0
2011-04-26 00:00:00+08:00,16.214140090344834,16.600190760676696,16.117627422761867,16.27848243713379,960130,0.0,0.0
2011-04-27 00:00:00+08:00,16.439335746304778,16.47150777229972,16.27848243713379,16.27848243713379,639160,0.0,0.0
2011-04-28 00:00:00+08:00,16.31065428659892,16.342824610408005,16.021116256713867,16.021116256713867,469644,0.0,0.0
2011-04-29 00:00:00+08:00,16.00503179095415,16.085459309176183,15.69940858587136,15.860261917114258,350148,0.0,0.0
2011-05-03 00:00:00+08:00,15.956774823910557,16.085459536968628,15.763749459524638,16.053287506103516,294569,0.0,0.0
2011-05-04 00:00:00+08:00,16.21414193291263,16.47150964411467,15.972859383935507,16.342824935913086,737813,0.0,0.0
2011-05-05 00:00:00+08:00,16.34282731762256,16.889733144179374,16.214144295868586,16.66453742980957,1375584,0.0,0.0
2011-05-06 00:00:00+08:00,16.664535664578178,17.307954115595155,16.664535664578178,16.728878021240234,1578448,0.0,0.0
2011-05-09 00:00:00+08:00,16.92190403658119,16.92190403658119,16.600193946104085,16.63236427307129,636381,0.0,0.0
2011-05-10 00:00:00+08:00,16.793219881805037,17.5331510684892,16.793219881805037,17.0827579498291,1978618,0.0,0.0
2011-05-11 00:00:00+08:00,17.211439081451662,17.597489758272093,17.082754385710878,17.275779724121094,2224556,0.0,0.0
2011-05-12 00:00:00+08:00,17.211442102064893,17.404467474351122,17.147099742902398,17.307954788208008,680844,0.0,0.0
2011-05-13 00:00:00+08:00,17.340120714749773,17.53314603805156,16.85755740649531,16.98624038696289,1142152,0.0,0.0
2011-05-16 00:00:00+08:00,16.825388329069696,16.986241640221856,16.53584861755371,16.53584861755371,917056,0.0,0.0
2011-05-17 00:00:00+08:00,16.535850668121277,16.664535379242004,16.407167662201715,16.60019302368164,462696,0.0,0.0
2011-05-18 00:00:00+08:00,16.600195066331892,16.954075507657052,16.471512044577914,16.66453742980957,504381,0.0,0.0
2011-05-19 00:00:00+08:00,16.728875558084322,16.857558547259984,16.40716552734375,16.40716552734375,544675,0.0,0.0
2011-05-20 00:00:00+08:00,16.471508804744907,16.76104682564224,16.40716645392293,16.4393367767334,678065,0.0,0.0
2011-05-23 00:00:00+08:00,16.471508804744907,16.76104682564224,16.4393367767334,16.4393367767334,637771,0.0,0.0
2011-05-24 00:00:00+08:00,16.56802410758276,16.60019443549839,16.069373793682672,16.085460662841797,833687,0.0,0.0
2011-05-25 00:00:00+08:00,16.117629254362004,16.407167290013877,16.053286900261213,16.342824935913086,522444,0.0,0.0
2011-05-26 00:00:00+08:00,16.40716552734375,16.535848516519412,16.374995206350068,16.40716552734375,468254,0.0,0.0
2011-05-27 00:00:00+08:00,16.503680625523636,16.98624403748607,16.503680625523636,16.728878021240234,1200510,0.0,0.0
2011-05-30 00:00:00+08:00,16.889731355093584,17.018416068417697,16.728878021240234,16.728878021240234,691960,0.0,0.0
2011-05-31 00:00:00+08:00,16.825388732484836,16.921901403570555,16.76104638336069,16.793216705322266,501602,0.0,0.0
2011-06-01 00:00:00+08:00,16.889731355093584,16.95407371175564,16.728878021240234,16.728878021240234,803119,0.0,0.0
2011-06-02 00:00:00+08:00,16.664533210896018,16.664533210896018,16.310652859161767,16.40716552734375,760045,0.0,0.0
2011-06-03 00:00:00+08:00,16.503678347412798,16.63236133777276,16.471508026123047,16.471508026123047,265390,0.0,0.0
2011-06-07 00:00:00+08:00,16.471511207496707,16.761049270629883,16.37499851978565,16.761049270629883,419622,0.0,0.0
2011-06-08 00:00:00+08:00,16.728879793287245,17.050588200272877,16.66453742980957,16.66453742980957,1121309,0.0,0.0
2011-06-09 00:00:00+08:00,16.72887680161938,16.825389476975598,16.535849745705875,16.568021774291992,384885,0.0,0.0
2011-06-10 00:00:00+08:00,16.793216200071683,16.857558547259984,16.40716552734375,16.40716552734375,544675,0.0,0.0
2011-06-13 00:00:00+08:00,16.24631021084183,16.278482236440134,15.763746878876413,15.8441743850708,1008762,0.0,0.0
2011-06-14 00:00:00+08:00,15.844179217612997,16.06937493948221,15.844179217612997,15.972862243652344,240379,0.0,0.0
2011-06-15 00:00:00+08:00,16.005029397459577,16.053284878055663,15.8441743850708,15.8441743850708,402949,0.0,0.0
2011-06-16 00:00:00+08:00,15.763747925558732,15.79591824809217,15.554637418689337,15.570722579956055,383496,0.0,0.0
2011-06-17 00:00:00+08:00,15.570723796832313,15.667236477176266,15.232928563027894,15.361613273620605,619707,0.0,0.0
2011-06-20 00:00:00+08:00,15.361609985728176,15.570720464183328,15.05598684758597,15.104242324829102,505770,0.0,0.0
2011-06-21 00:00:00+08:00,15.120330607092038,15.265100479125977,15.07207511988149,15.265100479125977,286232,0.0,0.0
2011-06-22 00:00:00+08:00,15.37769603729248,15.47420870258089,15.28118337200407,15.37769603729248,370990,0.0,0.0
2011-06-23 00:00:00+08:00,15.377697679088481,15.377697679088481,15.216842651367188,15.216842651367188,186190,0.0,0.0
2011-06-24 00:00:00+08:00,15.216840193811512,15.58680567469954,15.184669875543266,15.506378173828125,383496,0.0,0.0
2011-06-27 00:00:00+08:00,15.345525587513057,15.393781067148804,15.232926057961228,15.281183242797852,187579,0.0,0.0
2011-06-28 00:00:00+08:00,15.442039588156938,15.442039588156938,15.136414703215202,15.168586730957031,377938,0.0,0.0
2011-06-29 00:00:00+08:00,15.265099841764005,15.329442193892737,15.200757489635274,15.216842651367188,212590,0.0,0.0
2011-06-30 00:00:00+08:00,15.281188928831542,15.442043997872272,15.281188928831542,15.313359260559082,222316,0.0,0.0
2011-07-01 00:00:00+08:00,15.425953222537132,15.506379022610062,15.37769603729248,15.37769603729248,280674,0.0,0.0
2011-07-04 00:00:00+08:00,15.474209321424464,15.522466508599013,15.442039000108739,15.458124160766602,213979,0.0,0.0
2011-07-05 00:00:00+08:00,15.47420870258089,15.506379022610062,15.216841026744834,15.37769603729248,233432,0.0,0.0
2011-07-06 00:00:00+08:00,15.393781067148804,15.409866227027386,15.216840898082644,15.281183242797852,262611,0.0,0.0
2011-07-07 00:00:00+08:00,15.40986805899192,15.40986805899192,15.152502059936523,15.152502059936523,159790,0.0,0.0
2011-07-08 00:00:00+08:00,15.249014707898166,15.345527383667093,15.168587193890547,15.184672355651855,295959,0.0,0.0
2011-07-11 00:00:00+08:00,15.184671868360292,15.184671868360292,14.7021085050016,14.79862117767334,640549,0.0,0.0
2011-07-12 00:00:00+08:00,14.60559677356496,14.702109452456307,14.31605703168978,14.428656578063965,432128,0.0,0.0
2011-07-13 00:00:00+08:00,14.476912264824152,14.830792660712957,14.476912264824152,14.653852462768555,329306,0.0,0.0
2011-07-14 00:00:00+08:00,14.798621055050736,14.927304049146436,14.541253361658331,14.702108383178711,302906,0.0,0.0
2011-07-15 00:00:00+08:00,14.862961822653816,14.862961822653816,14.73427882749184,14.79862117767334,272337,0.0,0.0
2011-07-18 00:00:00+08:00,14.830790622378654,15.120328623257082,14.637765288459702,14.959473609924316,322359,0.0,0.0
2011-07-19 00:00:00+08:00,14.895135597414601,15.055990639134732,14.669938197966173,14.766450881958008,187579,0.0,0.0
2011-07-20 00:00:00+08:00,14.92730030636443,14.959470620521909,14.782532187455185,14.830787658691406,248716,0.0,0.0
2011-07-21 00:00:00+08:00,14.94338754277016,14.94338754277016,14.79861940371687,14.895132064819336,188969,0.0,0.0
2011-07-22 00:00:00+08:00,14.911220173362594,15.023818016052246,14.798622330672941,15.023818016052246,216758,0.0,0.0
2011-07-25 00:00:00+08:00,15.055988818953045,15.120329463701708,14.862961769104004,14.862961769104004,229264,0.0,0.0
2011-07-26 00:00:00+08:00,14.862961118719996,15.088158481089025,14.862961118719996,14.991645812988281,173684,0.0,0.0
2011-07-27 00:00:00+08:00,14.99164593857368,15.08815860748291,14.959473912136632,15.08815860748291,212590,0.0,0.0
2011-07-28 00:00:00+08:00,15.023816791377696,15.039901952564863,14.862961769104004,14.862961769104004,266780,0.0,0.0
2011-07-29 00:00:00+08:00,14.911220791461421,15.007733475653353,14.734280586242676,14.734280586242676,201474,0.0,0.0
2011-08-01 00:00:00+08:00,14.798622913422767,14.991648281406436,14.766450881958008,14.766450881958008,230653,0.0,0.0
2011-08-02 00:00:00+08:00,14.73427882749184,14.862961822653816,14.73427882749184,14.79862117767334,215369,0.0,0.0
2011-08-03 00:00:00+08:00,14.734278277035493,14.734278277035493,14.396483082703552,14.476910591125488,496044,0.0,0.0
2011-08-04 00:00:00+08:00,14.47691089046776,14.605595588684084,14.428655407537384,14.605595588684082,170905,0.0,0.0
2011-08-05 00:00:00+08:00,13.672638139676806,14.09085999212338,13.672638139676806,13.801321983337402,525223,0.0,0.0
2011-08-08 00:00:00+08:00,13.624382085946246,13.80132226805473,12.868365874319634,12.980963706970215,837856,0.0,0.0
2011-08-09 00:00:00+08:00,12.082502022446048,12.795282517089701,12.082502022446048,12.725743293762207,723918,2.17058,0.0
2011-08-10 00:00:00+08:00,13.00390398574037,13.612375276165253,12.864824596692122,13.594989776611328,444633,0.0,0.0
2011-08-11 00:00:00+08:00,13.038674285316448,13.803610531424289,12.969135045432422,13.490681648254395,269558,0.0,0.0
2011-08-12 00:00:00+08:00,13.490681888646238,13.734070614792364,13.282063243800051,13.386372566223145,398780,0.0,0.0
2011-08-15 00:00:00+08:00,13.421141508680314,13.66453021417384,13.421141508680314,13.473296165466309,108379,0.0,0.0
2011-08-16 00:00:00+08:00,13.490681344078576,13.664530822083904,13.438526684972315,13.6297607421875,134779,0.0,0.0
2011-08-17 00:00:00+08:00,13.594989143775855,13.699299371813959,13.43852518393358,13.455910682678223,102821,0.0,0.0
2011-08-18 00:00:00+08:00,13.282061690941575,13.403756500525178,13.142982303478865,13.229907035827637,190358,0.0,0.0
2011-08-19 00:00:00+08:00,12.551896430225916,12.986519199314372,12.395432454508477,12.41281795501709,266780,0.0,0.0
2011-08-22 00:00:00+08:00,12.412816904449159,12.864824214313575,12.273737519534738,12.447586059570312,262611,0.0,0.0
2011-08-23 00:00:00+08:00,12.795284206150221,12.83005428314209,12.517126354645114,12.83005428314209,275116,0.0,0.0
2011-08-24 00:00:00+08:00,12.934363527199233,13.038672836170468,12.77789956374238,12.864824295043945,129221,0.0,0.0
2011-08-25 00:00:00+08:00,13.003902474042619,13.003902474042619,12.517125129699707,12.517125129699707,87537,0.0,0.0
2011-08-26 00:00:00+08:00,12.517125129699707,12.72574372828195,12.343275683230159,12.517125129699707,147284,0.0,0.0
2011-08-29 00:00:00+08:00,12.673592272572701,12.864826343292465,12.604052107869103,12.795286178588867,201474,0.0,0.0
2011-08-30 00:00:00+08:00,12.864824561418919,13.212522572347897,12.864824561418919,13.177752494812012,248716,0.0,0.0
2011-08-31 00:00:00+08:00,13.212525190491435,13.351604606717798,13.03867568983928,13.282064437866211,162569,0.0,0.0
2011-09-01 00:00:00+08:00,13.316831719155083,13.386370951892145,13.073443022360445,13.247291564941406,241769,0.0,0.0
2011-09-02 00:00:00+08:00,13.38637376966678,13.38637376966678,13.195139687540134,13.282064437866211,213979,0.0,0.0
2011-09-05 00:00:00+08:00,13.177751828842798,13.177751828842798,12.690974453847362,13.03867244720459,130611,0.0,0.0
2011-09-06 00:00:00+08:00,12.864823356459418,13.003902732099727,12.760514055098323,12.847437858581543,140337,0.0,0.0
2011-09-07 00:00:00+08:00,13.108214142246315,13.212523460388184,12.899594584485886,13.212523460388184,116716,0.0,0.0
2011-09-08 00:00:00+08:00,13.212521333718417,13.334215211470685,13.038671883813418,13.3168306350708,180632,0.0,0.0
2011-09-09 00:00:00+08:00,13.142983840077019,13.490681888646238,13.142983840077019,13.386372566223145,141726,0.0,0.0
2011-09-13 00:00:00+08:00,13.212522298773598,13.212522298773598,12.864824295043945,12.864824295043945,58358,0.0,0.0
2011-09-14 00:00:00+08:00,13.003903348307087,13.038672502757342,12.569280624389648,12.569280624389648,159790,0.0,0.0
2011-09-15 00:00:00+08:00,12.725746086654105,12.795285325243226,12.586666687999173,12.760516166687012,182021,0.0,0.0
2011-09-16 00:00:00+08:00,12.934362074259667,13.142980668767645,12.899592001349502,13.108211517333984,109768,0.0,0.0
2011-09-19 00:00:00+08:00,13.038671981145747,13.038671981145747,12.760514149288483,12.812668800354004,94484,0.0,0.0
2011-09-20 00:00:00+08:00,12.690975609192622,12.934364318847656,12.690975609192622,12.934364318847656,63916,0.0,0.0
2011-09-21 00:00:00+08:00,13.003903292902473,13.108212598761984,12.899593065566384,13.03867244720459,93095,0.0,0.0
2011-09-22 00:00:00+08:00,12.864823451419525,13.038671981145747,12.812668800354004,12.812668800354004,65305,0.0,0.0
2011-09-23 00:00:00+08:00,12.725745855346942,12.725745855346942,12.43020248413086,12.43020248413086,147284,0.0,0.0
2011-09-26 00:00:00+08:00,12.447586415829923,12.447586415829923,11.856500625610352,11.856500625610352,113937,0.0,0.0
2011-09-27 00:00:00+08:00,11.995579494791873,12.204197186880954,11.995579494791873,12.099888801574707,115326,0.0,0.0
2011-09-28 00:00:00+08:00,12.169428808276356,12.23896804340701,12.099889573145703,12.186814308166504,179242,0.0,0.0
2011-09-29 00:00:00+08:00,12.146228790283203,12.182057647970518,11.841677049604007,12.146228790283203,114612,0.0,1.03048
2011-09-30 00:00:00+08:00,12.146227342757898,12.325374374274796,12.110397567863876,12.217885971069336,134838,0.0,0.0
2011-10-03 00:00:00+08:00,12.074567448964437,12.217885622980774,11.96707904882133,12.056653022766113,79554,0.0,0.0
2011-10-04 00:00:00+08:00,11.89542033121833,12.056653864161547,11.859590554844656,12.002909660339355,32361,0.0,0.0
2011-10-05 00:00:00+08:00,12.00290905215793,12.110397454355928,12.00290905215793,12.02082347869873,55283,0.0,0.0
2011-10-06 00:00:00+08:00,12.074568967019362,12.253716937432007,12.074568967019362,12.18205738067627,95735,0.0,0.0
2011-10-07 00:00:00+08:00,12.253715396854002,12.343289370798786,12.056653022766113,12.056653022766113,71464,0.0,0.0
2011-10-11 00:00:00+08:00,12.289545900038295,12.361204530560684,12.21788634803927,12.235801696777344,64722,0.0,0.0
2011-10-12 00:00:00+08:00,12.199972032795506,12.289546012878418,12.182056683892936,12.289546012878418,75509,0.0,0.0
2011-10-13 00:00:00+08:00,12.468691548070657,12.468691548070657,12.253713853386277,12.361202239990234,87644,0.0,0.0
2011-10-14 00:00:00+08:00,12.289547202281511,12.3612058403971,12.18205786289303,12.253717422485352,62025,0.0,0.0
2011-10-17 00:00:00+08:00,12.432863012705395,12.612010955810547,12.361203466872713,12.612010955810547,99780,0.0,0.0
2011-10-18 00:00:00+08:00,12.199969660084298,12.450776202652355,12.199969660084298,12.361202239990234,26967,0.0,0.0
2011-10-19 00:00:00+08:00,12.50452317802159,12.50452317802159,12.30746078491211,12.30746078491211,59328,0.0,0.0
2011-10-20 00:00:00+08:00,12.343289373078449,12.361203799280082,12.199971199035645,12.199971199035645,41799,0.0,0.0
2011-10-21 00:00:00+08:00,12.199971661376244,12.217886088256778,12.128312110900879,12.128312110900879,88993,0.0,0.0
2011-10-24 00:00:00+08:00,12.199972032795506,12.361204644058763,12.199972032795506,12.289546012878418,57980,0.0,0.0
2011-10-25 00:00:00+08:00,12.36120284645161,12.39703261756962,12.2895442256921,12.34328842163086,68767,0.0,0.0
2011-10-26 00:00:00+08:00,12.343290311637684,12.683671807163286,12.343290311637684,12.629926681518555,218437,0.0,0.0
2011-10-27 00:00:00+08:00,12.719500897143247,12.719500897143247,12.57618270955659,12.594097137451172,200908,0.0,0.0
2011-10-28 00:00:00+08:00,12.719501292594751,12.755331070974535,12.450779336961407,12.468694686889648,151018,0.0,0.0
2011-10-31 00:00:00+08:00,12.934478980803252,13.328604698181152,12.719501233008334,13.328604698181152,1179833,0.0,0.0
2011-11-01 00:00:00+08:00,13.328603250879539,13.328603250879539,12.970307350619542,13.113625526428223,560926,0.0,0.0
2011-11-02 00:00:00+08:00,12.970306908145625,13.47192096710205,12.826988737226154,13.47192096710205,569016,0.0,0.0
2011-11-03 00:00:00+08:00,13.471920923271608,13.543579547759924,13.149454809382792,13.185283660888672,482720,0.0,0.0
2011-11-04 00:00:00+08:00,13.418176163966782,13.597324099918168,13.400260817485732,13.489834785461426,395075,0.0,0.0
2011-11-07 00:00:00+08:00,13.489838467899666,13.579412460327148,13.400264475472182,13.579412460327148,235966,0.0,0.0
2011-11-08 00:00:00+08:00,13.615240343938588,13.722729672756062,13.292774200439453,13.292774200439453,339791,0.0,0.0
2011-11-09 00:00:00+08:00,13.2927748102999,13.597326540373668,13.203200826247421,13.274860382080078,408559,0.0,0.0
2011-11-10 00:00:00+08:00,12.95239342233241,13.185285598731602,12.826990580678247,12.898649215698242,240011,0.0,0.0
2011-11-11 00:00:00+08:00,13.041966324364267,13.07779609963773,12.862819290950188,12.988222122192383,142928,0.0,0.0
2011-11-14 00:00:00+08:00,13.149456977844238,13.256945393040779,13.131542549137052,13.149456977844238,191470,0.0,0.0
2011-11-15 00:00:00+08:00,13.041965862586439,13.2927733591437,13.041965862586439,13.059881210327148,149670,0.0,0.0
2011-11-16 00:00:00+08:00,13.059881557705541,13.149455534361906,12.934477806091309,12.934477806091309,155063,0.0,0.0
2011-11-17 00:00:00+08:00,12.826989744644308,13.006137702732877,12.826989744644308,12.952392578125,129444,0.0,0.0
2011-11-18 00:00:00+08:00,12.826989172925323,12.826989172925323,12.21788577398223,12.540352821350098,265630,0.0,0.0
2011-11-21 00:00:00+08:00,12.5045213415304,12.522436688303438,12.002908218462936,12.074566841125488,241360,0.0,0.0
2011-11-22 00:00:00+08:00,11.931249388383778,12.110397337976583,11.931249388383778,11.967079162597656,225179,0.0,0.0
2011-11-23 00:00:00+08:00,11.967079126428624,11.967079126428624,11.519209253800245,11.537123680114746,302037,0.0,0.0
2011-11-24 00:00:00+08:00,11.178829618267967,11.823762893676758,11.14299983827691,11.823762893676758,215740,0.0,0.0
2011-11-25 00:00:00+08:00,11.752102851867676,11.895421044479228,11.716273073345613,11.752102851867676,94386,0.0,0.0
2011-11-28 00:00:00+08:00,11.823760387388932,12.002908327893405,11.752100842596526,11.984992980957031,184728,0.0,0.0
2011-11-29 00:00:00+08:00,12.00290811064411,12.28954444167261,12.00290811064411,12.164140701293945,146973,0.0,0.0
2011-11-30 00:00:00+08:00,12.164142632642392,12.164142632642392,11.859590906646917,11.877506256103516,84947,0.0,0.0
2011-12-01 00:00:00+08:00,12.146228523775099,12.325375572711046,12.11039874539723,12.18205738067627,190121,0.0,0.0
2011-12-02 00:00:00+08:00,12.361203174728763,12.361203174728763,12.074566841125488,12.074566841125488,53935,0.0,0.0
2011-12-05 00:00:00+08:00,12.074565662945115,12.110395431518555,12.00290704727468,12.110395431518555,70115,0.0,0.0
2011-12-06 00:00:00+08:00,12.18205569453548,12.18205569453548,11.859589576721191,11.859589576721191,95735,0.0,0.0
2011-12-07 00:00:00+08:00,12.00290831962102,12.00290831962102,11.8416748046875,11.8416748046875,82251,0.0,0.0
2011-12-08 00:00:00+08:00,11.895420583582455,11.895420583582455,11.662528414427673,11.68044376373291,114612,0.0,0.0
2011-12-09 00:00:00+08:00,11.572954186808545,12.038738515236385,11.465465779164164,12.002909660339355,200908,0.0,0.0
2011-12-12 00:00:00+08:00,12.46869323984945,12.46869323984945,12.182055967553234,12.39703369140625,288553,0.0,0.0
2011-12-13 00:00:00+08:00,12.28954552085738,12.39703392406284,12.182056196175314,12.217885971069336,136186,0.0,0.0
2011-12-14 00:00:00+08:00,12.325377464294434,12.432866815924495,12.271634170694659,12.325377464294434,140231,0.0,0.0
2011-12-15 00:00:00+08:00,12.32537606060094,12.32537606060094,12.110399224777442,12.253717422485352,128096,0.0,0.0
2011-12-16 00:00:00+08:00,12.21788646022143,12.361204644058763,12.182056683892936,12.289546012878418,146973,0.0,0.0
2011-12-19 00:00:00+08:00,12.46869323716219,12.46869323716219,11.967079162597656,11.967079162597656,364062,0.0,0.0
2011-12-20 00:00:00+08:00,11.967078896977,12.18205569453548,11.859589576721191,11.859589576721191,107870,0.0,0.0
2011-12-21 00:00:00+08:00,12.18205666923167,12.612012141702852,12.18205666923167,12.57618236541748,225179,0.0,0.0
2011-12-22 00:00:00+08:00,12.468691548070657,12.468691548070657,12.199969660084298,12.361202239990234,56631,0.0,0.0
2011-12-23 00:00:00+08:00,12.504521410805767,12.70158469754172,12.432862787746226,12.64784049987793,219786,0.0,0.0
2011-12-26 00:00:00+08:00,12.70158600765845,12.70158600765845,12.468693846109119,12.522438049316406,132141,0.0,0.0
2011-12-27 00:00:00+08:00,12.52243958186978,12.612013572003276,12.432865591736283,12.504524230957031,203605,0.0,0.0
2011-12-28 00:00:00+08:00,12.486605972012494,12.540351086790938,12.343287816048395,12.361202239990234,169895,0.0,0.0
2011-12-29 00:00:00+08:00,12.361202239990234,12.468691548070657,12.217884084026135,12.361202239990234,90341,0.0,0.0
2011-12-30 00:00:00+08:00,12.540355786236683,12.540355786236683,12.28954822820308,12.450780868530273,164502,0.0,0.0
2012-01-02 00:00:00+08:00,12.217887642689192,12.43286539998942,12.217887642689192,12.253717422485352,67419,0.0,0.0
2012-01-03 00:00:00+08:00,12.253713853386277,12.468691548070657,12.235799429444437,12.361202239990234,88993,0.0,0.0
2012-01-04 00:00:00+08:00,12.540353169968329,12.540353169968329,12.397034068719895,12.414949417114258,129444,0.0,0.0
2012-01-05 00:00:00+08:00,12.43286324234089,12.719499588012695,12.217885522348748,12.719499588012695,485417,0.0,0.0
2012-01-06 00:00:00+08:00,12.826989402694315,13.059881557705541,12.75532985277858,12.934477806091309,680932,0.0,0.0
2012-01-09 00:00:00+08:00,12.934477575368797,12.934477575368797,12.612011449453291,12.82698917388916,184728,0.0,0.0
2012-01-10 00:00:00+08:00,12.826989983396334,12.934478391659532,12.683671798553188,12.773244857788086,277766,0.0,0.0
2012-01-11 00:00:00+08:00,12.826990238464235,13.041967059265497,12.826990238464235,12.88073444366455,324959,0.0,0.0
2012-01-12 00:00:00+08:00,12.880732637405385,12.898647062801137,12.64784049987793,12.64784049987793,142928,0.0,0.0
2012-01-13 00:00:00+08:00,12.701586864143206,12.719501292594751,12.468694686889648,12.468694686889648,377546,0.0,0.0
2012-01-16 00:00:00+08:00,12.576182252523692,12.719500434902,12.48660827335267,12.522438049316406,173941,0.0,0.0
2012-01-17 00:00:00+08:00,12.880733604392812,12.970307581049177,12.73741542603795,12.934477806091309,334398,0.0,0.0
2012-01-18 00:00:00+08:00,13.077797437978335,13.077797437978335,12.8986494647542,13.006138801574707,368107,0.0,0.0
2012-01-30 00:00:00+08:00,13.543578355212452,13.615237894867516,13.274857385197153,13.36443042755127,469236,0.0,0.0
2012-01-31 00:00:00+08:00,13.364433284177405,13.937706959524812,13.328604428167989,13.794388771057129,624300,0.0,0.0
2012-02-01 00:00:00+08:00,13.937705989211059,14.331831671166492,13.722729182214103,14.224342346191406,827905,0.0,0.0
2012-02-02 00:00:00+08:00,14.510983027915838,14.8692790189109,14.224345682233695,14.296005249023438,788802,0.0,0.0
2012-02-03 00:00:00+08:00,14.618469596239281,15.012595320471751,14.618469596239281,14.779703140258789,1104323,0.0,0.0
2012-02-06 00:00:00+08:00,14.958849586436813,14.976764935868081,14.582639227576902,14.654298782348633,624300,0.0,0.0
2012-02-07 00:00:00+08:00,14.690127154762962,14.905105812002581,14.278087953555266,14.43932056427002,440920,0.0,0.0
2012-02-08 00:00:00+08:00,14.582641156199989,14.743874715021946,14.475152731303211,14.510982513427734,494855,0.0,0.0
2012-02-09 00:00:00+08:00,14.690125281219498,15.048422076112573,14.600552234341883,14.869274139404297,658009,0.0,0.0
2012-02-10 00:00:00+08:00,15.048425136628692,15.693356549876109,14.86927716348569,15.406720161437988,1127246,0.0,0.0
2012-02-13 00:00:00+08:00,15.335061561476286,15.335061561476286,14.869277198789268,15.120083808898926,640480,0.0,0.0
2012-02-14 00:00:00+08:00,15.120082483920312,15.137996911116613,14.887190322985232,14.95884895324707,466539,0.0,0.0
2012-02-15 00:00:00+08:00,14.95885022858048,15.550039277133758,14.887191592209305,15.406720161437988,945214,0.0,0.0
2012-02-16 00:00:00+08:00,15.908335675555218,16.30246049048999,15.603783928261016,15.765016555786133,3428932,0.0,0.0
2012-02-17 00:00:00+08:00,15.836673466693625,16.105394467620254,15.191741221516557,15.299229621887207,1390180,0.0,0.0
2012-02-20 00:00:00+08:00,15.87250497413621,15.87250497413621,15.370891740851357,15.765016555786133,958698,0.0,0.0
2012-02-21 00:00:00+08:00,15.908334445497113,16.015822855536012,15.693355782465982,15.800844192504883,811725,0.0,0.0
2012-02-22 00:00:00+08:00,15.800845276423853,16.230800789027214,15.800845276423853,16.14122772216797,1460296,0.0,0.0
2012-02-23 00:00:00+08:00,16.12331199645996,16.159142696732722,15.962079374092783,16.12331199645996,1080052,0.0,0.0
2012-02-24 00:00:00+08:00,16.12331199645996,16.177056203915686,15.836675609044951,16.12331199645996,610816,0.0,0.0
2012-02-29 00:00:00+08:00,16.194971176391586,16.26663073231262,15.872504096223626,16.105396270751953,678235,0.0,0.0
2012-03-01 00:00:00+08:00,16.087482763986724,16.194971176391586,15.944163652144658,16.105396270751953,515081,0.0,0.0
2012-03-02 00:00:00+08:00,16.12331233083958,16.589096700417997,16.12331233083958,16.42786407470703,844086,0.0,0.0
2012-03-05 00:00:00+08:00,16.374118354968406,16.427862558578674,16.159141540527344,16.159141540527344,496204,0.0,0.0
2012-03-06 00:00:00+08:00,16.123309016859693,16.266628105558425,15.693353593716575,16.069564819335938,809028,0.0,0.0
2012-03-07 00:00:00+08:00,15.693355088065246,16.051651000976562,15.585866682782502,16.051651000976562,547442,0.0,0.0
2012-03-08 00:00:00+08:00,16.12331091488706,16.40994728307413,16.12331091488706,16.356203079223633,919595,0.0,0.0
2012-03-09 00:00:00+08:00,16.58909514092202,16.91156220498314,16.58909514092202,16.73241424560547,1328154,0.0,0.0
2012-03-12 00:00:00+08:00,16.73241486752325,16.839903278554374,16.571182250976562,16.571182250976562,679583,0.0,0.0
2012-03-13 00:00:00+08:00,16.62492654793247,16.696584260378454,16.445778580910797,16.48160743713379,465191,0.0,0.0
2012-03-14 00:00:00+08:00,16.58909538048017,16.660754933856712,16.481606971892017,16.553266525268555,532610,0.0,0.0
2012-03-15 00:00:00+08:00,16.51743507385254,16.51743507385254,16.40994667016622,16.51743507385254,422043,0.0,0.0
2012-03-16 00:00:00+08:00,16.481605907567612,16.624925005065645,16.463690559642064,16.499521255493164,353275,0.0,0.0
2012-03-19 00:00:00+08:00,16.481607346481727,16.696584168543975,16.46369199699209,16.571182250976562,330353,0.0,0.0
2012-03-20 00:00:00+08:00,16.624926768988715,16.76824403873968,16.57118256246293,16.589096069335938,853524,0.0,0.0
2012-03-21 00:00:00+08:00,16.553264380378113,16.60700857770828,16.23079735344403,16.445775985717773,399120,0.0,0.0
2012-03-22 00:00:00+08:00,16.23079663528667,16.69658088684082,16.23079663528667,16.69658088684082,462494,0.0,0.0
2012-03-23 00:00:00+08:00,16.660755404155463,16.660755404155463,16.374119025511458,16.48160743713379,364062,0.0,0.0
2012-03-26 00:00:00+08:00,16.481606455780756,16.49952180430221,16.338287353515625,16.338287353515625,388333,0.0,0.0
2012-03-27 00:00:00+08:00,16.481605283818027,16.481605283818027,16.051649850548863,16.087480545043945,643177,0.0,0.0
2012-03-28 00:00:00+08:00,15.979992981024239,16.12331023762103,15.979992981024239,16.033737182617188,227876,0.0,0.0
2012-03-29 00:00:00+08:00,15.83667623155264,15.979995352370437,14.94093633382513,15.048425674438477,849479,0.0,0.0
2012-03-30 00:00:00+08:00,14.95884793130445,15.478377342224121,14.869274879965666,15.478377342224121,496204,0.0,0.0
2012-04-02 00:00:00+08:00,15.406719216927062,15.406719216927062,15.084253069333828,15.26340103149414,203605,0.0,0.0
2012-04-03 00:00:00+08:00,15.263402027014823,15.263402027014823,14.546810131635493,14.690128326416016,519126,0.0,0.0
2012-04-05 00:00:00+08:00,14.510979274498633,14.510979274498633,14.152683376180569,14.493063926696777,439572,0.0,0.0
2012-04-06 00:00:00+08:00,14.475148952603469,15.084251403808594,14.475148952603469,15.084251403808594,292598,0.0,0.0
2012-04-09 00:00:00+08:00,14.869274863763582,15.084251661104927,14.761785543616343,14.905104637145996,389682,0.0,0.0
2012-04-10 00:00:00+08:00,15.335059858845081,15.550037587553751,15.155911905167292,15.227570533752441,554184,0.0,0.0
2012-04-11 00:00:00+08:00,15.048423386927668,15.47837791959344,15.048423386927668,15.317144393920898,316869,0.0,0.0
2012-04-12 00:00:00+08:00,15.532123926933432,15.550039277133758,15.317146174866487,15.406720161437988,315521,0.0,0.0
2012-04-13 00:00:00+08:00,15.47838009610194,15.639612722969773,15.406720536509527,15.424635887145996,587893,0.0,0.0
2012-04-16 00:00:00+08:00,15.406719216927062,15.406719216927062,15.26340103149414,15.26340103149414,157760,0.0,0.0
2012-04-17 00:00:00+08:00,15.227568594657997,15.227568594657997,14.887188078900571,14.940932273864746,227876,0.0,0.0
2012-04-18 00:00:00+08:00,15.084254770430388,15.335062314329805,14.994680779248704,15.012596130371094,191470,0.0,0.0
2012-04-19 00:00:00+08:00,14.940934526050768,15.155912259789547,14.86927589578893,14.95884895324707,281811,0.0,0.0
2012-04-20 00:00:00+08:00,14.976764688384073,14.976764688384073,14.725957172304161,14.833446502685547,194166,0.0,0.0
2012-04-23 00:00:00+08:00,14.869274863763582,15.155911207869755,14.779700891045833,14.905104637145996,250798,0.0,0.0
2012-04-24 00:00:00+08:00,14.76178752410602,14.940935493576598,14.582639554635444,14.815531730651855,238663,0.0,0.0
2012-04-25 00:00:00+08:00,15.012592779742636,15.155910949351103,14.905104382905423,15.084251403808594,393727,0.0,0.0
2012-04-26 00:00:00+08:00,15.335062314329805,15.335062314329805,15.012596130371094,15.012596130371094,384288,0.0,0.0
2012-04-27 00:00:00+08:00,15.084251661104927,15.155911207869755,14.869274863763582,14.905104637145996,264282,0.0,0.0
2012-04-30 00:00:00+08:00,15.012593981820435,15.335060119628906,15.012593981820435,15.335060119628906,432830,0.0,0.0
2012-05-02 00:00:00+08:00,15.335058911483266,15.62169432959285,15.173825394543217,15.514205932617188,912853,0.0,0.0
2012-05-03 00:00:00+08:00,15.514208233290871,15.747100408925835,15.49629472644052,15.675442695617676,763183,0.0,0.0
2012-05-04 00:00:00+08:00,15.585867881774902,15.800844708878168,15.585867881774902,15.585867881774902,271024,0.0,0.0
2012-05-07 00:00:00+08:00,15.40671837007751,15.514206772874802,15.281314619162934,15.317144393920898,322262,0.0,0.0
2012-05-08 00:00:00+08:00,15.550039277133758,15.550039277133758,15.370891303990755,15.406720161437988,102476,0.0,0.0
2012-05-09 00:00:00+08:00,15.388804789301691,15.478378770381848,15.191742399516007,15.26340103149414,113263,0.0,0.0
2012-05-10 00:00:00+08:00,15.120084290407938,15.352976479168053,15.120084290407938,15.191743850708008,141579,0.0,0.0
2012-05-11 00:00:00+08:00,15.084254770430388,15.137998980844046,14.97676634960307,15.012596130371094,234618,0.0,0.0
2012-05-14 00:00:00+08:00,15.012593968661335,15.048423744270119,14.761786460876465,14.761786460876465,260237,0.0,0.0
2012-05-15 00:00:00+08:00,14.546807073280105,14.72595500946045,14.439318680162506,14.72595500946045,155063,0.0,0.0
2012-05-16 00:00:00+08:00,14.869273961350235,14.869273961350235,14.528892517089844,14.528892517089844,172592,0.0,0.0
2012-05-17 00:00:00+08:00,14.690127982757035,14.761787539209259,14.510980934579859,14.672213554382324,186076,0.0,0.0
2012-05-18 00:00:00+08:00,14.582638982646317,14.582638982646317,14.403491020202637,14.403491020202637,225179,0.0,0.0
2012-05-21 00:00:00+08:00,14.582637663183872,14.582637663183872,14.224341770715748,14.242257118225098,320914,0.0,0.0
2012-05-22 00:00:00+08:00,14.403491020202637,14.457236146117065,14.278088183673384,14.403491020202637,217089,0.0,0.0
2012-05-23 00:00:00+08:00,14.510980742818148,14.510980742818148,14.260173220026463,14.278088569641113,120005,0.0,0.0
2012-05-24 00:00:00+08:00,14.152685420099795,14.313918966218774,13.937707665766728,13.97353744506836,376198,0.0,0.0
2012-05-25 00:00:00+08:00,13.973537227621723,14.045196785109868,13.866048812866211,13.866048812866211,273721,0.0,0.0
2012-05-28 00:00:00+08:00,14.027278900146484,14.08102309781219,13.901875157942145,14.027278900146484,120005,0.0,0.0
2012-05-29 00:00:00+08:00,14.1526826993289,14.493063233566417,14.1526826993289,14.457234382629395,225179,0.0,0.0
2012-05-30 00:00:00+08:00,14.457238813561945,14.457238813561945,14.296005249023438,14.296005249023438,97083,0.0,0.0
2012-05-31 00:00:00+08:00,14.152682691328236,14.403489255128328,13.973534750838224,14.313916206359863,153715,0.0,0.0
2012-06-01 00:00:00+08:00,14.260172618981674,14.33183217146658,14.152684211730957,14.152684211730957,214392,0.0,0.0
2012-06-04 00:00:00+08:00,13.937706939105382,13.937706939105382,13.543581230289162,13.651069641113281,412604,0.0,0.0
2012-06-05 00:00:00+08:00,14.116856364750541,14.116856364750541,13.973538161670975,14.009367942810059,179334,0.0,0.0
2012-06-06 00:00:00+08:00,14.116853598326387,14.15268337244405,13.937705649214653,14.063109397888184,106522,0.0,0.0
2012-06-07 00:00:00+08:00,14.313916624946067,14.313916624946067,13.955619812011719,13.955619812011719,302037,0.0,0.0
2012-06-08 00:00:00+08:00,14.152685658962339,14.170600088177146,13.937707901000977,13.937707901000977,287205,0.0,0.0
2012-06-11 00:00:00+08:00,14.22434284273922,14.22434284273922,14.063110231863146,14.152684211730957,258889,0.0,0.0
2012-06-12 00:00:00+08:00,14.152683488400484,14.152683488400484,14.0451950866434,14.116853713989258,98431,0.0,0.0
2012-06-13 00:00:00+08:00,14.296000859424938,14.331830631818248,14.20642688917993,14.313916206359863,159108,0.0,0.0
2012-06-14 00:00:00+08:00,14.331835032418308,14.331835032418308,14.152687036920778,14.296005249023438,146973,0.0,0.0
2012-06-15 00:00:00+08:00,14.296002380920248,14.457235913111642,14.296002380920248,14.43932056427002,128096,0.0,0.0
2012-06-18 00:00:00+08:00,14.618468284606934,14.76178646561142,14.618468284606934,14.618468284606934,312824,0.0,0.0
2012-06-19 00:00:00+08:00,14.618468523826396,14.636382951191377,14.43932056427002,14.43932056427002,179334,0.0,0.0
2012-06-20 00:00:00+08:00,14.5468111038208,14.582640885279668,14.51098224383871,14.5468111038208,137534,0.0,0.0
2012-06-21 00:00:00+08:00,14.54680812714917,14.582637901276293,14.47514950037151,14.493063926696777,164502,0.0,0.0
2012-06-22 00:00:00+08:00,14.40348972053186,14.40348972053186,14.29600132135532,14.385575294494629,208999,0.0,0.0
2012-06-25 00:00:00+08:00,14.385578736730299,14.600556508000647,14.385578736730299,14.510982513427734,164502,0.0,0.0
2012-06-26 00:00:00+08:00,14.510978308857318,14.510978308857318,14.34974479675293,14.34974479675293,78206,0.0,0.0
2012-06-27 00:00:00+08:00,14.385577919495903,14.49306633828634,14.385577919495903,14.421407699584961,74160,0.0,0.0
2012-06-28 00:00:00+08:00,14.546811374075466,14.582641156199989,14.439322949178688,14.510982513427734,52586,0.0,0.0
2012-06-29 00:00:00+08:00,14.582638508986657,14.672212487299038,14.510979879222726,14.618468284606934,114612,0.0,0.0
2012-07-02 00:00:00+08:00,14.69012656463074,14.940934066524877,14.69012656463074,14.887189865112305,217089,0.0,0.0
2012-07-03 00:00:00+08:00,14.940935745186385,14.958850173844452,14.869277109077418,14.92302131652832,192818,0.0,0.0
2012-07-04 00:00:00+08:00,15.048423757460627,15.38880432235088,14.958848857621836,15.335060119628906,566319,0.0,0.0
2012-07-05 00:00:00+08:00,15.335059393863434,15.370889167807903,15.155911445617676,15.155911445617676,300688,0.0,0.0
2012-07-06 00:00:00+08:00,15.15591178972496,15.514206772874802,15.15591178972496,15.317144393920898,600029,0.0,0.0
2012-07-09 00:00:00+08:00,15.603782054715401,15.836674214161706,15.335060119628906,15.335060119628906,1071962,0.0,0.0
2012-07-10 00:00:00+08:00,15.406718606171742,15.514207010616198,15.066338044446553,15.137996673583984,529913,0.0,0.0
2012-07-11 00:00:00+08:00,14.940936311134505,15.2275727093813,14.940936311134505,15.191743850708008,164502,0.0,0.0
2012-07-12 00:00:00+08:00,15.048423274260179,15.227570303755524,14.976763725280762,14.976763725280762,242708,0.0,0.0
2012-07-13 00:00:00+08:00,14.797615168574339,15.012592885235962,14.725955622528279,14.851359367370605,156412,0.0,0.0
2012-07-16 00:00:00+08:00,15.191741568419012,15.191741568419012,14.887189865112305,14.887189865112305,113263,0.0,0.0
2012-07-17 00:00:00+08:00,14.905107475097424,15.084254533166183,14.887192124256828,15.048425674438477,105173,0.0,0.0
2012-07-18 00:00:00+08:00,15.048421585269585,15.048421585269585,14.940932273864746,14.940932273864746,141579,0.0,0.0
2012-07-19 00:00:00+08:00,15.08425212727329,15.120081901762997,14.976763725280762,14.976763725280762,297992,0.0,0.0
2012-07-20 00:00:00+08:00,15.155913496466704,15.155913496466704,14.887191537735482,14.92302131652832,307430,0.0,0.0
2012-07-23 00:00:00+08:00,14.923020483931708,15.030508892836437,14.833446502685547,14.833446502685547,327656,0.0,0.0
2012-07-24 00:00:00+08:00,14.833446012094035,14.869275787702819,14.690126909658893,14.761786460876465,215740,0.0,0.0
2012-07-25 00:00:00+08:00,14.869276279479342,14.887190707137913,14.672212967851797,14.833446502685547,289901,0.0,0.0
2012-07-26 00:00:00+08:00,15.012595320471751,15.012595320471751,14.779703140258789,14.779703140258789,362714,0.0,0.0
2012-07-27 00:00:00+08:00,15.0125922080634,15.102166175842285,14.923018240284513,15.102166175842285,1421193,0.0,0.0
2012-07-30 00:00:00+08:00,15.10000253725663,15.177141189575195,15.042148300031299,15.177141189575195,1001846,2.220731,0.0
2012-07-31 00:00:00+08:00,15.177142649036329,15.177142649036329,15.042149746511273,15.11928939819336,208999,0.0,0.0
2012-08-01 00:00:00+08:00,15.080719572352315,15.157858232088671,15.042149746511273,15.11928939819336,264282,0.0,0.0
2012-08-02 00:00:00+08:00,15.11928939819336,15.11928939819336,15.11928939819336,15.11928939819336,0,0.0,0.0
2012-08-03 00:00:00+08:00,15.119290294999615,15.157859131182652,14.92644214630127,14.92644214630127,276418,0.0,0.0
2012-08-06 00:00:00+08:00,15.042150089138229,15.080719915857808,14.926441600925246,14.984295845031738,249450,0.0,0.0
2012-08-07 00:00:00+08:00,14.965009956069585,14.965009956069585,14.617883510610307,14.733592987060547,396423,0.0,0.0
2012-08-08 00:00:00+08:00,14.849301680149493,14.849301680149493,14.695022376048716,14.71430778503418,229224,0.0,0.0
2012-08-09 00:00:00+08:00,14.714306335912417,14.887870039959697,14.675736513685727,14.868584632873535,202257,0.0,0.0
2012-08-10 00:00:00+08:00,14.752877981643376,14.810732226161567,14.637169492606997,14.772163391113281,333050,0.0,0.0
2012-08-13 00:00:00+08:00,14.849302499893852,14.868586917998163,14.733594007376407,14.83001708984375,182031,0.0,0.0
2012-08-14 00:00:00+08:00,14.849301471565067,14.849301471565067,14.695022169631411,14.733592987060547,350578,0.0,0.0
2012-08-15 00:00:00+08:00,14.733592987060547,14.810731646081653,14.695022169631411,14.733592987060547,165850,0.0,0.0
2012-08-16 00:00:00+08:00,14.772161565225268,14.868584632873535,14.714306335912417,14.868584632873535,230573,0.0,0.0
2012-08-17 00:00:00+08:00,14.887871199107344,14.984295266208683,14.887871199107344,14.945725440979004,256192,0.0,0.0
2012-08-20 00:00:00+08:00,15.00358082056571,15.00358082056571,14.81073267173944,14.83001708984375,175289,0.0,0.0
2012-08-21 00:00:00+08:00,14.887870788574219,14.907155204684432,14.830015556352201,14.887870788574219,284508,0.0,0.0
2012-08-22 00:00:00+08:00,15.042149447687692,15.350706064394869,14.965009797538043,15.254281997680664,675538,0.0,0.0
2012-08-23 00:00:00+08:00,15.254281211224619,15.254281211224619,15.138572733911369,15.234996795654297,265630,0.0,0.0
2012-08-24 00:00:00+08:00,15.620696045304845,15.697834714359725,15.447132304026125,15.524271965026855,884537,0.0,0.0
2012-08-27 00:00:00+08:00,15.524269063476634,15.620693125732565,15.369990762256277,15.427845001220703,404514,0.0,0.0
2012-08-28 00:00:00+08:00,15.504984163136026,15.504984163136026,15.234997375153634,15.273567199707031,314172,0.0,0.0
2012-08-29 00:00:00+08:00,15.350706612815545,15.350706612815545,15.13857405524391,15.196428298950195,226527,0.0,0.0
2012-08-30 00:00:00+08:00,15.234997883770758,15.234997883770758,14.965010094829186,15.11928939819336,515081,0.0,0.0
2012-08-31 00:00:00+08:00,15.157858472497423,15.254282542656485,15.157858472497423,15.196428298950195,235966,0.0,0.0
2012-09-03 00:00:00+08:00,15.504983823001899,15.504983823001899,15.23499704094223,15.312135696411133,308779,0.0,0.0
2012-09-04 00:00:00+08:00,15.3507080078125,15.408563248722134,15.292853758848702,15.3507080078125,176637,0.0,0.0
2012-09-05 00:00:00+08:00,15.389275681421529,15.408561089671077,15.234997375153634,15.273567199707031,295295,0.0,0.0
2012-09-06 00:00:00+08:00,15.273569055745385,15.273569055745385,15.061435490896153,15.080720901489258,271024,0.0,0.0
2012-09-07 00:00:00+08:00,15.196429082728425,15.273568739612564,15.196429082728425,15.215713500976562,140231,0.0,0.0
2012-09-10 00:00:00+08:00,15.273566864649519,15.369990927944903,15.23499704094223,15.312135696411133,245405,0.0,0.0
2012-09-11 00:00:00+08:00,15.312134819136269,15.312134819136269,15.003578231047378,15.10000228881836,272372,0.0,0.0
2012-09-12 00:00:00+08:00,15.157858472497423,15.23499812540297,15.100004228791136,15.196428298950195,242708,0.0,0.0
2012-09-13 00:00:00+08:00,15.273567709611802,15.273567709611802,15.11928939819336,15.11928939819336,194166,0.0,0.0
2012-09-14 00:00:00+08:00,15.15785789489746,15.254281961382219,15.15785789489746,15.157857894897461,221134,0.0,0.0
2012-09-17 00:00:00+08:00,15.157858232088671,15.254282300718415,15.100003989299973,15.11928939819336,211695,0.0,0.0
2012-09-18 00:00:00+08:00,15.042151072248869,15.177143986671503,15.042151072248869,15.080720901489258,200908,0.0,0.0
2012-09-19 00:00:00+08:00,15.119287695539926,15.119287695539926,15.022862645823325,15.10000228881836,253495,0.0,0.0
2012-09-20 00:00:00+08:00,15.119290730729647,15.138575149376932,15.042151072248869,15.080720901489258,225179,0.0,0.0
2012-09-21 00:00:00+08:00,15.042151072248869,15.119290730729647,15.042151072248869,15.080720901489258,156412,0.0,0.0
2012-09-24 00:00:00+08:00,15.080720901489258,15.080720901489258,15.022865661655764,15.080720901489258,238663,0.0,0.0
2012-09-25 00:00:00+08:00,15.100002910825067,15.350705272967547,15.100002910825067,15.234996795654297,601377,0.0,0.0
2012-09-26 00:00:00+08:00,15.101294783592028,15.238579083235532,14.983622243341665,15.179742813110352,403067,0.0,0.0
2012-09-27 00:00:00+08:00,15.101294783592028,15.258190842628677,15.101294783592028,15.179742813110352,140543,0.0,0.0
2012-09-28 00:00:00+08:00,15.17974365505851,15.17974365505851,15.062071108281414,15.140519142150879,152476,0.0,0.0
2012-10-01 00:00:00+08:00,15.101291648769672,15.140515159413695,14.905170127767395,14.964007377624512,225399,0.0,0.0
2012-10-02 00:00:00+08:00,14.964009042064939,15.042457064024266,14.944396292615869,15.022844314575195,84856,0.0,0.0
2012-10-03 00:00:00+08:00,15.022842643590545,15.062067146180109,14.905170127767395,14.964007377624512,156453,0.0,0.0
2012-10-04 00:00:00+08:00,15.02284659537378,15.199355415539426,14.98362307441195,15.140519142150879,354010,0.0,0.0
2012-10-05 00:00:00+08:00,15.17974298718191,15.258191017599827,15.081682205200195,15.081682205200195,375224,0.0,0.0
2012-10-08 00:00:00+08:00,15.101292772548424,15.101292772548424,14.846335966607231,14.865947723388672,453451,0.0,0.0
2012-10-09 00:00:00+08:00,14.86594801924477,14.885559776416518,14.395258903503418,14.395258903503418,527700,0.0,0.0
2012-10-11 00:00:00+08:00,14.395261542217092,14.395261542217092,14.14030369252134,14.316812515258789,457428,0.0,0.0
2012-10-12 00:00:00+08:00,14.277588326708395,14.316812841080216,14.120692253112793,14.120692253112793,411022,0.0,0.0
2012-10-15 00:00:00+08:00,14.12068995757725,14.12068995757725,13.983405667512313,14.00301742553711,253243,0.0,0.0
2012-10-16 00:00:00+08:00,14.003017695572705,14.120690229882053,13.94418142841803,14.081465721130371,369920,0.0,0.0
2012-10-17 00:00:00+08:00,14.120689791241043,14.179526056568045,14.06185352591404,14.101078033447266,304952,0.0,0.0
2012-10-18 00:00:00+08:00,14.120690229882053,14.140301988285044,14.081465721130371,14.081465721130371,210815,0.0,0.0
2012-10-19 00:00:00+08:00,14.042244040503405,14.042244040503405,13.689227358423077,13.767675399780273,1005017,0.0,0.0
2012-10-22 00:00:00+08:00,13.532328987765341,13.708836802989957,13.453879967725813,13.650001525878906,335447,0.0,0.0
2012-10-23 00:00:00+08:00,13.649999657313614,13.846120196673796,13.649999657313614,13.787282943725586,279760,0.0,0.0
2012-10-24 00:00:00+08:00,13.728450775146484,13.767674296709531,13.650002740074573,13.728450775146484,193578,0.0,0.0
2012-10-25 00:00:00+08:00,13.728449553972705,13.767673072046739,13.650001525878906,13.650001525878906,204185,0.0,0.0
2012-10-26 00:00:00+08:00,13.649999942837265,13.728447961833153,13.179309844970703,13.179309844970703,428259,0.0,0.0
2012-10-29 00:00:00+08:00,13.19892301303171,13.336207308940079,13.022414207458496,13.022414207458496,273131,0.0,0.0
2012-10-30 00:00:00+08:00,13.100863530346677,13.571552697502469,13.100863530346677,13.414656639099121,234680,0.0,0.0
2012-10-31 00:00:00+08:00,13.571554478291478,13.669614279674034,13.453881923075711,13.512718200683594,247939,0.0,0.0
2012-11-01 00:00:00+08:00,13.532327135308389,13.787282943725588,13.336205604002613,13.787282943725586,409697,0.0,0.0
2012-11-02 00:00:00+08:00,13.846120196673796,13.885343709378475,13.649999657313614,13.787282943725586,351358,0.0,0.0
2012-11-05 00:00:00+08:00,13.78728334549533,13.78728334549533,13.571551043496243,13.630387306213379,141869,0.0,0.0
2012-11-06 00:00:00+08:00,13.689226591395594,13.689226591395594,13.453881488564841,13.6696138381958,137891,0.0,0.0
2012-11-07 00:00:00+08:00,13.669613368899693,13.826510429382324,13.650002600264852,13.826510429382324,291693,0.0,0.0
2012-11-08 00:00:00+08:00,13.669610541020644,13.689223289489746,13.610775271450144,13.689223289489746,107396,0.0,0.0
2012-11-09 00:00:00+08:00,13.68922626163762,13.767674296709531,13.551941952275318,13.728450775146484,206837,0.0,0.0
2012-11-12 00:00:00+08:00,13.728451875074624,13.787287162133097,13.65000383371743,13.767675399780273,102092,0.0,0.0
2012-11-13 00:00:00+08:00,13.767673920779167,13.767673920779167,13.551941582235587,13.610777854919434,205511,0.0,0.0
2012-11-14 00:00:00+08:00,13.610775823267929,13.728448351070897,13.551939559366446,13.70883560180664,112699,0.0,0.0
2012-11-15 00:00:00+08:00,13.571551043496243,13.728448074723817,13.551939286572404,13.630387306213379,84856,0.0,0.0
2012-11-16 00:00:00+08:00,13.728448351070897,13.728448351070897,13.610775823267929,13.70883560180664,43754,0.0,0.0
2012-11-19 00:00:00+08:00,13.728449553972705,13.767673072046739,13.571552505839376,13.650001525878906,135239,0.0,0.0
2012-11-20 00:00:00+08:00,13.728450400287128,13.728450400287128,13.610777854919435,13.610777854919434,149824,0.0,0.0
2012-11-21 00:00:00+08:00,13.669613838195803,13.669613838195803,13.610778554433956,13.6696138381958,128610,0.0,0.0
2012-11-22 00:00:00+08:00,13.728449553972705,13.728449553972705,13.650001525878906,13.650001525878906,336773,0.0,0.0
2012-11-23 00:00:00+08:00,13.923933982849121,13.964886461448662,13.760123076505248,13.923933982849121,478758,0.0,1.04407
2012-11-26 00:00:00+08:00,14.08774662017822,14.149174845327186,13.964887194043007,14.087746620178223,285730,0.0,0.0
2012-11-27 00:00:00+08:00,14.33346328098104,14.722514349240496,14.33346328098104,14.66108512878418,972755,0.0,0.0
2012-11-28 00:00:00+08:00,14.661083602069105,14.742989551463618,14.497272695225796,14.538225173950195,429231,0.0,0.0
2012-11-29 00:00:00+08:00,14.66108397237351,14.763465667743285,14.579178020910248,14.620131492614746,524475,0.0,0.0
2012-11-30 00:00:00+08:00,14.62013375449301,14.70203971862793,14.62013375449301,14.70203971862793,392403,0.0,0.0
2012-12-03 00:00:00+08:00,14.702035392315445,15.111562116642485,14.702035392315445,14.886322021484375,471138,0.0,0.0
2012-12-04 00:00:00+08:00,14.886322021484373,14.96822796151714,14.804416081451606,14.886322021484375,209536,0.0,0.0
2012-12-05 00:00:00+08:00,14.906800097186084,15.56204370868589,14.783941672043449,15.070611000061035,761949,0.0,0.0
2012-12-06 00:00:00+08:00,15.234422857352763,15.275375337650699,14.968230247497557,14.968230247497559,378434,0.0,0.0
2012-12-07 00:00:00+08:00,14.968229091886956,15.07061078070037,14.681559768041991,14.722512245178223,370815,0.0,0.0
2012-12-10 00:00:00+08:00,14.66108303350104,15.029658303564139,14.620130556364808,14.722512245178223,223505,0.0,0.0
2012-12-11 00:00:00+08:00,14.620131123344706,14.661083602069105,14.353938523717542,14.538225173950195,501616,0.0,0.0
2012-12-12 00:00:00+08:00,14.599655908327865,14.927277756131007,14.53822668787155,14.66108512878418,402563,0.0,0.0
2012-12-13 00:00:00+08:00,14.783943931439719,14.783943931439719,14.599656265561505,14.74299144744873,274301,0.0,0.0
2012-12-14 00:00:00+08:00,14.82489641543071,14.82489641543071,14.702038963457738,14.74299144744873,158739,0.0,0.0
2012-12-17 00:00:00+08:00,14.70203971862793,14.845373915931674,14.538227790358091,14.70203971862793,257792,0.0,0.0
2012-12-18 00:00:00+08:00,14.702038606499853,14.824896055489909,14.702038606499853,14.763466835021973,212075,0.0,0.0
2012-12-19 00:00:00+08:00,14.824894510999952,14.947752939136162,14.804417775662012,14.84537124633789,265412,0.0,0.0
2012-12-20 00:00:00+08:00,14.84537066853259,14.865846411127867,14.702036502582944,14.722512245178223,184137,0.0,0.0
2012-12-21 00:00:00+08:00,14.742992204722444,14.783944690816957,14.558704529378293,14.70203971862793,167628,0.0,0.0
2012-12-24 00:00:00+08:00,14.702038963457738,14.742991447448729,14.661085487520909,14.74299144744873,104133,0.0,0.0
2012-12-25 00:00:00+08:00,14.742987866359028,14.927274495527957,14.702035392315445,14.886322021484375,181597,0.0,0.0
2012-12-26 00:00:00+08:00,14.886321640757798,14.968227578695771,14.804415702819822,14.804415702819824,148580,0.0,0.0
2012-12-27 00:00:00+08:00,14.824896052685752,14.824896052685752,14.64060938326262,14.66108512878418,237474,0.0,0.0
2012-12-28 00:00:00+08:00,14.661085487520909,14.82489641543071,14.661085487520909,14.74299144744873,252713,0.0,0.0
2013-01-02 00:00:00+08:00,14.86584490828691,14.906798373228684,14.804415702819822,14.804415702819824,261602,0.0,0.0
2013-01-03 00:00:00+08:00,14.94775449921423,14.9682312366893,14.80441932078037,14.865848541259766,262872,0.0,0.0
2013-01-04 00:00:00+08:00,14.906802013429093,14.947754496425778,14.763466835021973,14.763466835021973,283191,0.0,0.0
2013-01-07 00:00:00+08:00,14.804417216850995,14.824893951416014,14.681559785297901,14.824893951416016,260332,0.0,0.0
2013-01-08 00:00:00+08:00,14.824893951416014,14.947752374914783,14.742988997047286,14.824893951416016,261602,0.0,0.0
2013-01-09 00:00:00+08:00,14.824893951416014,14.927275640349762,14.722512262482267,14.824893951416016,191757,0.0,0.0
2013-01-10 00:00:00+08:00,14.824896058255442,14.94775449921423,14.824896058255442,14.865848541259766,196836,0.0,0.0
2013-01-11 00:00:00+08:00,14.865845288489782,14.906798754478965,14.824892814446198,14.886322021484375,191757,0.0,0.0
2013-01-14 00:00:00+08:00,14.886321640757798,14.886321640757798,14.78393996229451,14.804415702819824,185407,0.0,0.0
2013-01-15 00:00:00+08:00,14.804419678310413,15.152518272118371,14.804419678310413,15.05013656616211,640037,0.0,0.0
2013-01-16 00:00:00+08:00,15.070609457796861,15.132038664081767,14.94775104522705,14.94775104522705,189217,0.0,0.0
2013-01-17 00:00:00+08:00,14.98870811323542,15.050137338350137,14.497275304263576,14.70203971862793,476218,0.0,0.0
2013-01-18 00:00:00+08:00,14.742989365305675,14.906800270080565,14.722512630229177,14.906800270080566,261602,0.0,0.0
2013-01-21 00:00:00+08:00,14.824893053491095,15.35727919242458,14.824893053491095,15.234420776367188,1060379,0.0,0.0
2013-01-22 00:00:00+08:00,15.316327693595536,15.357280170908734,15.172992535080823,15.336803436279297,518125,0.0,0.0
2013-01-23 00:00:00+08:00,15.37775668984703,15.7258552444451,15.37775668984703,15.500615119934082,951166,0.0,0.0
2013-01-24 00:00:00+08:00,15.562044334977609,15.7258552444451,15.4187101611732,15.500615119934082,830524,0.0,0.0
2013-01-25 00:00:00+08:00,15.480138778686525,15.68490316469734,15.275375384621464,15.480138778686523,490187,0.0,0.0
2013-01-28 00:00:00+08:00,15.480136997882823,15.521090465541233,15.316327095031737,15.316327095031738,224775,0.0,0.0
2013-01-29 00:00:00+08:00,15.52109013044563,15.643948546877109,15.439184188842773,15.439184188842773,411452,0.0,0.0
2013-01-30 00:00:00+08:00,15.480138760029208,15.521092232349464,15.275375366210936,15.275375366210938,247633,0.0,0.0
2013-01-31 00:00:00+08:00,15.275376322802453,15.398234763565494,15.275376322802453,15.377758026123047,214615,0.0,0.0
2013-02-01 00:00:00+08:00,15.377754590565047,15.5210897367479,15.377754590565047,15.459660530090332,205726,0.0,0.0
2013-02-04 00:00:00+08:00,15.562045850051474,15.60299932536475,15.418711662292482,15.41871166229248,370815,0.0,0.0
2013-02-05 00:00:00+08:00,15.41870919440114,15.41870919440114,15.31632750639663,15.398232460021973,191757,0.0,0.0
2013-02-06 00:00:00+08:00,15.52109013044563,15.52109013044563,15.398231714014154,15.439184188842773,267952,0.0,0.0
2013-02-18 00:00:00+08:00,15.643951416015623,15.766808863033837,15.582522196533617,15.643951416015625,487647,0.0,0.0
2013-02-19 00:00:00+08:00,15.684902788661505,15.80776121893339,15.602997829777403,15.705378532409668,347956,0.0,0.0
2013-02-20 00:00:00+08:00,15.807760443708867,15.848712921142578,15.70537776220607,15.848712921142578,585430,0.0,0.0
2013-02-21 00:00:00+08:00,15.930619649205273,15.930619649205273,15.684902788661505,15.705378532409668,340337,0.0,0.0
2013-02-22 00:00:00+08:00,15.643952171511955,15.705380402014727,15.562046210931847,15.602999687194824,267952,0.0,0.0
2013-02-25 00:00:00+08:00,15.60299893367622,15.725856380694433,15.60299893367622,15.643951416015625,181597,0.0,0.0
2013-02-26 00:00:00+08:00,15.58252146766481,15.58252146766481,15.439186298262664,15.480138778686523,335257,0.0,0.0
2013-02-27 00:00:00+08:00,15.541567599314524,15.602997806303778,15.4187101611732,15.500615119934082,265412,0.0,0.0
2013-03-01 00:00:00+08:00,15.602996264890196,15.643948740224959,15.541566063969606,15.58251953125,193027,0.0,0.0
2013-03-04 00:00:00+08:00,15.725856581372742,15.725856581372742,15.64395161564874,15.684904098510742,359386,0.0,0.0
2013-03-05 00:00:00+08:00,15.68489935255275,16.585859654577856,15.68489935255275,16.463001251220703,1657239,0.0,0.0
2013-03-06 00:00:00+08:00,16.70871806229923,16.74967152715727,16.46300223287886,16.565383911132812,1060379,0.0,0.0
2013-03-07 00:00:00+08:00,16.565383911132812,16.565383911132812,16.381096295108353,16.565383911132812,509236,0.0,0.0
2013-03-08 00:00:00+08:00,16.667768478393555,17.159200193167162,16.667768478393555,16.667768478393555,1050219,0.0,0.0
2013-03-11 00:00:00+08:00,16.954436909483213,17.52777556654598,16.954436909483213,17.282058715820312,1438814,0.0,0.0
2013-03-12 00:00:00+08:00,17.404918688987934,17.445872162381296,17.036343380122336,17.0977725982666,839976,0.0,0.0
2013-03-13 00:00:00+08:00,17.097773350554025,17.343490233942422,16.954439163208008,16.954439163208008,499076,0.0,0.0
2013-03-14 00:00:00+08:00,16.954439158873186,17.036344125351164,16.70872227554761,16.749675750732422,558466,0.0,0.0
2013-03-15 00:00:00+08:00,16.749676545365016,16.93396421660211,16.62681809787362,16.708723068237305,493753,0.0,0.0
2013-03-18 00:00:00+08:00,16.626815592414122,16.87253245037036,16.565386377925062,16.58586311340332,422188,0.0,0.0
2013-03-19 00:00:00+08:00,16.626818412853794,16.954440284406775,16.626818412853794,16.790630340576172,389731,0.0,0.0
2013-03-20 00:00:00+08:00,16.790630340576172,16.91348879039501,16.770152609678515,16.790630340576172,289439,0.0,0.0
2013-03-21 00:00:00+08:00,16.831579936454172,17.118250281666953,16.831579936454172,16.995391845703125,367005,0.0,0.0
2013-03-22 00:00:00+08:00,16.95443840388695,17.036343366717674,16.831579967695085,16.893009185791016,257808,0.0,0.0
2013-03-25 00:00:00+08:00,16.99538923040912,17.077294180484078,16.913484280334163,17.036340713500977,471077,0.0,0.0
2013-03-26 00:00:00+08:00,17.036342995479956,17.24110837393207,17.036342995479956,17.220630645751953,514850,0.0,0.0
2013-03-27 00:00:00+08:00,17.32301333497801,17.32301333497801,17.17967915717474,17.220630645751953,396520,0.0,0.0
2013-03-28 00:00:00+08:00,17.241109521791685,17.241109521791685,16.91348767190437,16.954439163208008,408260,0.0,0.0
2013-03-29 00:00:00+08:00,16.954439167439375,17.179680305232168,16.790629234400658,17.159202575683594,769470,0.0,0.0
2013-04-01 00:00:00+08:00,17.20015447297267,17.28205943197819,16.933961868286133,16.933961868286133,468413,0.0,0.0
2013-04-02 00:00:00+08:00,16.872532653059125,16.995391083513137,16.790627694053605,16.933961868286133,297640,0.0,0.0
2013-04-03 00:00:00+08:00,16.95443801658371,17.077296449969023,16.95443801658371,17.015867233276367,231124,0.0,0.0
2013-04-08 00:00:00+08:00,16.831579972461622,16.831579972461622,16.340147219500775,16.381099700927734,874496,0.0,0.0
2013-04-09 00:00:00+08:00,16.4015771590392,16.544912338256836,16.38110042145216,16.544912338256836,441416,0.0,0.0
2013-04-10 00:00:00+08:00,16.012525384193545,16.503959129100167,16.012525384193545,16.381099700927734,350066,0.0,0.0
2013-04-11 00:00:00+08:00,16.217289385854652,16.217289385854652,15.766808133190715,15.992048263549805,1331847,0.0,0.0
2013-04-12 00:00:00+08:00,16.094430522217042,16.155860732944745,15.971573076599,16.01252555847168,324740,0.0,0.0
2013-04-15 00:00:00+08:00,15.992050580162738,15.992050580162738,15.766810417175293,15.766810417175293,339208,0.0,0.0
2013-04-16 00:00:00+08:00,15.643950865534812,15.766808308229907,15.480138958049825,15.725855827331543,421488,0.0,0.0
2013-04-17 00:00:00+08:00,15.84871463903517,16.196813214817425,15.84871463903517,16.01252555847168,336439,0.0,0.0
2013-04-18 00:00:00+08:00,15.971571378580533,16.299193182622425,15.869189688810653,16.053476333618164,375474,0.0,0.0
2013-04-19 00:00:00+08:00,16.176336881195034,16.34014780471546,16.073955177987994,16.094430923461914,232132,0.0,0.0
2013-04-22 00:00:00+08:00,16.094431082367628,16.114907819989536,15.971573632473657,16.033002853393555,303367,0.0,0.0
2013-04-23 00:00:00+08:00,16.03300113664455,16.176335308812785,15.971571922302246,15.971571922302246,166577,0.0,0.0
2013-04-24 00:00:00+08:00,16.094431082367628,16.094431082367628,15.971573632473657,16.033002853393555,247181,0.0,0.0
2013-04-25 00:00:00+08:00,16.01252288222101,16.053475357249106,15.93061793216482,15.951093673706055,171576,0.0,0.0
2013-04-26 00:00:00+08:00,15.889667510986328,15.971573468688202,15.869191765520219,15.889667510986328,356343,0.0,0.0
2013-04-29 00:00:00+08:00,15.848713493617634,15.971571922302246,15.848713493617634,15.971571922302246,115699,0.0,0.0
2013-04-30 00:00:00+08:00,15.971573076599,16.033002295380914,15.910143857817085,16.01252555847168,147971,0.0,0.0
2013-05-02 00:00:00+08:00,16.012522706810028,16.27871527949504,15.971570232230551,16.217287063598633,234634,0.0,0.0
2013-05-03 00:00:00+08:00,16.381098353498924,16.688244418801236,16.340145875440516,16.401575088500977,636832,0.0,0.0
2013-05-06 00:00:00+08:00,16.585863476594366,16.585863476594366,16.21728917353482,16.258241653442383,292677,0.0,0.0
2013-05-07 00:00:00+08:00,16.50395757615379,16.70871996402139,16.46300410663459,16.667768478393555,936149,0.0,0.0
2013-05-08 00:00:00+08:00,16.790630022492728,16.8315815157287,16.667771575001332,16.708723068237305,601735,0.0,0.0
2013-05-09 00:00:00+08:00,16.995391110536996,16.995391110536996,16.708720777724658,16.831579208374023,409319,0.0,0.0
2013-05-10 00:00:00+08:00,16.72919769072668,16.770149176354515,16.626815008874352,16.667768478393555,306905,0.0,0.0
2013-05-13 00:00:00+08:00,16.503958926016278,16.503958926016278,16.299194537509585,16.340147018432617,627578,0.0,0.0
2013-05-14 00:00:00+08:00,16.381099857614494,16.381099857614494,16.299194893977145,16.319671630859375,144075,0.0,0.0
2013-05-15 00:00:00+08:00,16.17633724137533,16.258243200932156,15.971573830402015,16.073955535888672,681284,0.0,0.0
2013-05-16 00:00:00+08:00,16.07395458899664,16.23776550651461,15.992048634264766,16.17633628845215,468154,0.0,0.0
2013-05-17 00:00:00+08:00,16.176334941061565,16.299193366953126,16.176334941061565,16.19681167602539,283862,0.0,0.0
2013-05-20 00:00:00+08:00,16.19681188002276,16.237764358520508,16.135382666303286,16.237764358520508,189167,0.0,0.0
2013-05-21 00:00:00+08:00,16.258242256646856,16.422053174300473,16.23776551996049,16.381099700927734,322952,0.0,0.0
2013-05-22 00:00:00+08:00,16.503959129100167,16.503959129100167,16.340147219500775,16.381099700927734,277386,0.0,0.0
2013-05-23 00:00:00+08:00,16.38109909316507,16.38109909316507,16.176335701681516,16.258241653442383,294471,0.0,0.0
2013-05-24 00:00:00+08:00,16.319669328714454,16.319669328714454,16.11490496461473,16.1353816986084,217273,0.0,0.0
2013-05-27 00:00:00+08:00,16.278714504067825,16.278714504067825,16.0944268893202,16.15585708618164,154958,0.0,0.0
2013-05-28 00:00:00+08:00,16.176335144801033,16.38109852923548,16.176335144801033,16.237764358520508,163123,0.0,0.0
2013-05-29 00:00:00+08:00,16.23776321917964,16.38109737983741,16.23776321917964,16.299192428588867,259922,0.0,0.0
2013-05-30 00:00:00+08:00,16.29919472457707,16.340147205970116,16.17633628845215,16.17633628845215,189284,0.0,0.0
2013-05-31 00:00:00+08:00,16.176335144801033,16.340146050737733,16.176335144801033,16.237764358520508,172671,0.0,0.0
2013-06-03 00:00:00+08:00,16.23776491751573,16.34014661325751,16.114906485847303,16.258241653442383,289634,0.0,0.0
2013-06-04 00:00:00+08:00,16.258239538178106,16.299192012757583,16.176333597073544,16.217287063598633,102725,0.0,0.0
2013-06-05 00:00:00+08:00,16.01252631420751,16.1558614954455,16.01252631420751,16.073955535888672,245435,0.0,0.0
2013-06-06 00:00:00+08:00,16.053475357249106,16.053475357249106,15.889664465191103,15.951093673706055,372911,0.0,0.0
2013-06-07 00:00:00+08:00,15.95109673127628,16.053478434444266,15.889667510986328,15.889667510986328,307982,0.0,0.0
2013-06-10 00:00:00+08:00,15.971572519300823,16.03300173593928,15.889666566467628,15.992048263549805,211534,0.0,0.0
2013-06-11 00:00:00+08:00,15.951094610699696,15.971571345389393,15.848712921142578,15.848712921142578,331727,0.0,0.0
2013-06-13 00:00:00+08:00,15.807761781074037,15.807761781074037,15.725855827331541,15.725855827331543,293721,0.0,0.0
2013-06-14 00:00:00+08:00,15.807761587245203,15.910143284208631,15.72585563450701,15.787284851074219,142565,0.0,0.0
2013-06-17 00:00:00+08:00,15.828237696452454,15.95109613241985,15.828237696452454,15.86919116973877,131751,0.0,0.0
2013-06-18 00:00:00+08:00,15.889664836169857,15.93061830409972,15.787283150236485,15.828235626220703,113676,0.0,0.0
2013-06-19 00:00:00+08:00,15.889667510986328,15.93062098581017,15.828238290696374,15.889667510986328,77972,0.0,0.0
2013-06-20 00:00:00+08:00,15.848713698375441,15.848713698375441,15.562044358389622,15.705378532409668,304267,0.0,0.0
2013-06-21 00:00:00+08:00,15.562045657978928,15.766809064234742,15.480139700309113,15.684904098510742,289746,0.0,0.0
2013-06-24 00:00:00+08:00,15.684905444423075,15.848716381873409,15.684905444423075,15.766810417175293,161436,0.0,0.0
2013-06-25 00:00:00+08:00,15.684903533456872,15.74633275150977,15.521092615964399,15.562045097351074,284886,0.0,0.0
2013-06-26 00:00:00+08:00,15.82823828450065,15.82823828450065,15.64395161564874,15.684904098510742,176574,0.0,0.0
2013-06-27 00:00:00+08:00,15.766809623410168,15.869192322114927,15.766809623410168,15.80776309967041,113811,0.0,0.0
2013-06-28 00:00:00+08:00,15.869193121034412,15.869193121034412,15.766810417175293,15.766810417175293,176669,0.0,0.0
2013-07-01 00:00:00+08:00,15.766806048161197,16.053475357249106,15.766806048161197,15.951093673706055,130321,0.0,0.0
2013-07-02 00:00:00+08:00,15.951094068502341,16.176334174650083,15.951094068502341,16.1353816986084,192039,0.0,0.0
2013-07-03 00:00:00+08:00,16.176335913465177,16.176335913465177,15.992048263549806,15.992048263549805,112251,0.0,0.0
2013-07-04 00:00:00+08:00,16.114907819989536,16.114907819989536,16.033002853393555,16.033002853393555,142431,0.0,0.0
2013-07-05 00:00:00+08:00,16.073954777253597,16.094430522217042,15.992048821562447,16.01252555847168,172411,0.0,0.0
2013-07-08 00:00:00+08:00,16.01252385609935,16.053476333618164,15.971571378580533,16.053476333618164,112955,0.0,0.0
2013-07-09 00:00:00+08:00,16.05347859906964,16.094431082367628,16.012526115771646,16.033002853393555,114970,0.0,0.0
2013-07-10 00:00:00+08:00,16.053476333618164,16.073953068350413,15.971571378580533,16.053476333618164,151660,0.0,0.0
2013-07-11 00:00:00+08:00,16.094430522217042,16.17633647790819,16.01252555847168,16.01252555847168,145368,0.0,0.0
2013-07-12 00:00:00+08:00,16.053477865620504,16.381099700927734,15.992048647507177,16.381099700927734,523205,0.0,0.0
2013-07-15 00:00:00+08:00,16.381097428925187,16.913484573364258,16.381097428925187,16.913484573364258,1474353,0.0,0.0
2013-07-16 00:00:00+08:00,16.913483503371193,17.200151807410347,16.913483503371193,17.077293395996094,1176676,0.0,0.0
2013-07-17 00:00:00+08:00,17.077294180484078,17.077294180484078,16.852053087913887,17.036340713500977,340813,0.0,0.0
2013-07-18 00:00:00+08:00,16.99538952485824,16.99538952485824,16.87253110567163,16.913484573364258,348347,0.0,0.0
2013-07-19 00:00:00+08:00,16.87253110567163,16.99538952485824,16.626814267298407,16.913484573364258,425748,0.0,0.0
2013-07-22 00:00:00+08:00,16.91348879039501,16.91348879039501,16.790630340576172,16.790630340576172,260840,0.0,0.0
2013-07-23 00:00:00+08:00,16.70871921879239,16.933960315264933,16.70871921879239,16.913484573364258,381707,0.0,0.0
2013-07-24 00:00:00+08:00,16.91348536046762,16.91348536046762,16.77014920881862,16.87253189086914,248566,0.0,0.0
2013-07-25 00:00:00+08:00,16.831580757600182,16.91348770816635,16.811105011904463,16.8520565032959,296112,0.0,0.0
2013-07-26 00:00:00+08:00,16.872532679887634,16.893008423698706,16.77014999304934,16.831579208374023,369457,0.0,0.0
2013-07-29 00:00:00+08:00,16.831578979413845,16.91348592132688,16.58586311340332,16.58586311340332,488888,0.0,0.0
2013-07-30 00:00:00+08:00,16.585865612691777,16.72920079874703,16.585865612691777,16.708723068237305,560531,0.0,0.0
2013-07-31 00:00:00+08:00,16.790629554378704,16.790629554378704,16.503960182206264,15.344996452331543,930814,0.0,0.0
2013-08-01 00:00:00+08:00,16.659947539833404,16.859866131224727,16.659947539833404,16.79322624206543,671806,2.307114,0.0
2013-08-02 00:00:00+08:00,16.837655609017627,16.85986819072637,16.437816225219827,16.54888343811035,350355,0.0,0.0
2013-08-05 00:00:00+08:00,16.571093169346184,16.615520477294922,16.41560081978516,16.615520477294922,313453,0.0,0.0
2013-08-06 00:00:00+08:00,16.615520179453565,16.65994641051942,16.41560052552746,16.52666664123535,166248,0.0,0.0
2013-08-07 00:00:00+08:00,16.50445460369149,16.526668259442715,16.393388477108566,16.437814712524414,181242,0.0,0.0
2013-08-08 00:00:00+08:00,16.43781498431937,16.43781498431937,16.37117509205042,16.393388748168945,146563,0.0,0.0
2013-08-09 00:00:00+08:00,16.54888101875457,16.859865725906328,16.526667364206638,16.771013259887695,318548,0.0,0.0
2013-08-12 00:00:00+08:00,16.79322583834908,16.837653147444943,16.593307251763886,16.771013259887695,212668,0.0,0.0
2013-08-13 00:00:00+08:00,16.771014222387777,16.83765411376953,16.682160675183233,16.83765411376953,254237,0.0,0.0
2013-08-14 00:00:00+08:00,16.704376897761477,16.704376897761477,16.593310753754587,16.68216323852539,374035,0.0,0.0
2013-08-15 00:00:00+08:00,16.637734404179238,16.637734404179238,16.460028386235344,16.571094512939453,258803,0.0,0.0
2013-08-16 00:00:00+08:00,16.57109287230121,16.593306525877388,16.504452987659175,16.52666664123535,186814,0.0,0.0
2013-08-19 00:00:00+08:00,16.65994617556654,16.74879863644518,16.548880061424995,16.70437240600586,219365,0.0,0.0
2013-08-20 00:00:00+08:00,16.704375529283006,16.704375529283006,16.46002960205078,16.46002960205078,159564,0.0,0.0
2013-08-22 00:00:00+08:00,16.43781498431937,16.526668532706843,16.37117509205042,16.393388748168945,256986,0.0,0.0
2013-08-23 00:00:00+08:00,16.615521149990897,16.615521149990897,16.393387829513475,16.593307495117188,218473,0.0,0.0
2013-08-26 00:00:00+08:00,16.615521806361016,16.704374277192713,16.437814712524414,16.437814712524414,251723,0.0,0.0
2013-08-27 00:00:00+08:00,16.57109311108143,16.57109311108143,16.348960876464844,16.348960876464844,183318,0.0,0.0
2013-08-28 00:00:00+08:00,16.348960847014276,16.348960847014276,16.171254844423817,16.215681076049805,238288,0.0,0.0
2013-08-29 00:00:00+08:00,16.215684214768864,16.415603909912168,16.215684214768864,16.237897872924805,169870,0.0,0.0
2013-08-30 00:00:00+08:00,16.526669083702597,16.526669083702597,16.2378969249673,16.304536819458008,216365,0.0,0.0
2013-09-02 00:00:00+08:00,16.437814712524414,16.482242024026867,16.348962241692718,16.437814712524414,206098,0.0,0.0
2013-09-03 00:00:00+08:00,16.482242985445954,16.57109546146047,16.460029328398992,16.50445556640625,190155,0.0,0.0
2013-09-04 00:00:00+08:00,16.504452987659175,16.637732756943244,16.504452987659175,16.52666664123535,232963,0.0,0.0
2013-09-05 00:00:00+08:00,16.571093695669862,16.61552100502968,16.437813919763514,15.735875129699707,367216,0.0,0.0
2013-09-06 00:00:00+08:00,16.959927207597268,16.959927207597268,16.77355439296528,16.890037536621094,573272,0.0,1.04877
2013-09-09 00:00:00+08:00,16.95992775080361,17.006521224975586,16.866741878546275,17.006521224975586,199433,0.0,0.0
2013-09-10 00:00:00+08:00,17.00652275690905,17.0997097136472,16.9133358001709,16.9133358001709,225426,0.0,0.0
2013-09-11 00:00:00+08:00,16.913335489194253,16.983226243506177,16.79685340954332,16.866743087768555,113996,0.0,0.0
2013-09-12 00:00:00+08:00,16.866743616732357,16.983226776123047,16.843447415288907,16.983226776123047,102964,0.0,0.0
2013-09-13 00:00:00+08:00,16.983224481980375,16.983224481980375,16.890037536621094,16.890037536621094,69820,0.0,0.0
2013-09-16 00:00:00+08:00,16.866743854998028,16.936633536402383,16.82015037536621,16.82015037536621,90786,0.0,0.0
2013-09-17 00:00:00+08:00,16.843448177642486,16.936634063720703,16.843448177642486,16.936634063720703,53945,0.0,0.0
2013-09-18 00:00:00+08:00,16.983225025932907,17.006521224975586,16.913334276631637,17.006521224975586,83697,0.0,0.0
2013-09-23 00:00:00+08:00,17.00652374730106,17.00652374730106,16.91333678513607,16.936634063720703,185436,0.0,0.0
2013-09-24 00:00:00+08:00,16.936630407755498,16.983223878780258,16.936630407755498,16.95992660522461,205967,0.0,0.0
2013-09-25 00:00:00+08:00,16.95992753269821,17.192893824475515,16.89003786038234,17.169597625732422,356915,0.0,0.0
2013-09-26 00:00:00+08:00,17.169600766071568,17.169600766071568,17.029821395874023,17.029821395874023,124988,0.0,0.0
2013-09-27 00:00:00+08:00,17.146301723243855,17.239488677847834,16.98322616681692,17.053115844726562,143062,0.0,0.0
2013-09-30 00:00:00+08:00,17.053115844726562,17.16959899993819,17.006522367424573,17.053115844726562,132126,0.0,0.0
2013-10-01 00:00:00+08:00,17.053115237907395,17.19289458875276,17.053115237907395,17.123004913330078,153864,0.0,0.0
2013-10-02 00:00:00+08:00,17.239489195825627,18.008276752017366,17.169599515816078,17.96168327331543,1042911,0.0,0.0
2013-10-03 00:00:00+08:00,17.984980605756125,18.82365784452434,17.984980605756125,18.404319763183594,1525807,0.0,0.0
2013-10-04 00:00:00+08:00,18.590688494880858,19.24299494016211,18.49750370456047,18.753765106201172,2237540,0.0,0.0
2013-10-07 00:00:00+08:00,18.986732704797767,19.173106602726627,18.753766408473304,18.82365608215332,1259859,0.0,0.0
2013-10-08 00:00:00+08:00,18.823657888671285,19.242998123168945,18.567396444642075,19.242998123168945,1830205,0.0,0.0
2013-10-09 00:00:00+08:00,19.569146086564395,19.662333029419468,19.3594770792703,19.382774353027344,2085917,0.0,0.0
2013-10-11 00:00:00+08:00,19.802111869469783,19.802111869469783,19.336179319088604,19.66233253479004,1750654,0.0,0.0
2013-10-14 00:00:00+08:00,19.61574042212704,19.662332816964593,19.289587201744975,19.54585075378418,1243121,0.0,0.0
2013-10-15 00:00:00+08:00,19.755519475300883,19.89529880998063,19.569145594279195,19.66233253479004,1226337,0.0,0.0
2013-10-16 00:00:00+08:00,19.66233435035941,19.825410973268202,19.382775655186187,19.452665328979492,1007532,0.0,0.0
2013-10-17 00:00:00+08:00,19.522556844718427,19.569149247585525,19.242998123168945,19.242998123168945,583101,0.0,0.0
2013-10-18 00:00:00+08:00,19.336182928903142,19.429369886810782,19.126513887741034,19.242998123168945,579932,0.0,0.0
2013-10-21 00:00:00+08:00,19.28959012785878,20.570903778076172,19.28959012785878,20.570903778076172,4258551,0.0,0.0
2013-10-22 00:00:00+08:00,20.570903861973296,20.733980497567163,19.965191873866594,19.988489151000977,2662587,0.0,0.0
2013-10-23 00:00:00+08:00,20.035081553096337,20.33793754714969,19.988489151000977,19.988489151000977,1185573,0.0,0.0
2013-10-24 00:00:00+08:00,20.221452927378337,20.221452927378337,19.872002422923558,20.05837631225586,892467,0.0,0.0
2013-10-25 00:00:00+08:00,20.058378993193966,20.12826867299152,19.61574363708496,19.61574363708496,770805,0.0,0.0
2013-10-28 00:00:00+08:00,19.75552435697646,20.08167550109821,19.662337393438712,19.89530372619629,577826,0.0,0.0
2013-10-29 00:00:00+08:00,19.895302052519792,20.1049710887113,19.70893029329625,19.73222541809082,598425,0.0,0.0
2013-10-30 00:00:00+08:00,19.77881537682564,20.011781661209728,19.77881537682564,19.84870719909668,648476,0.0,0.0
2013-10-31 00:00:00+08:00,19.84870843193373,20.035080179712992,19.802113880858972,19.87200355529785,451508,0.0,0.0
2013-11-01 00:00:00+08:00,19.87200153680966,20.011780871489403,19.61574014062114,19.66233253479004,674718,0.0,0.0
2013-11-04 00:00:00+08:00,19.708929686040396,19.895301439521603,19.545853056636012,19.802114486694336,805275,0.0,0.0
2013-11-05 00:00:00+08:00,19.802115257108678,19.848709811421767,19.196403268425815,19.359479904174805,569954,0.0,0.0
2013-11-06 00:00:00+08:00,19.336180024075446,19.359477298095822,18.497503985419286,18.637283325195312,1128054,0.0,0.0
2013-11-07 00:00:00+08:00,18.730469201858565,19.10321699908286,18.637284404725737,18.870250701904297,586285,0.0,0.0
2013-11-08 00:00:00+08:00,18.87025031715705,19.10321660958564,18.730468819961338,18.777063369750977,352690,0.0,0.0
2013-11-11 00:00:00+08:00,18.777063975914906,18.823656375035448,18.637284626380016,18.70717430114746,211960,0.0,0.0
2013-11-12 00:00:00+08:00,18.707174527546012,18.777064203159277,18.40431854916409,18.544097900390625,443910,0.0,0.0
2013-11-13 00:00:00+08:00,18.427618274810925,18.54410036559342,18.19465194107235,18.264541625976562,669051,0.0,0.0
2013-11-14 00:00:00+08:00,18.40431555270309,18.474205216937413,18.26453622423444,18.311128616333008,319476,0.0,0.0
2013-11-15 00:00:00+08:00,18.590688599950656,18.590688599950656,18.357724470659942,18.381019592285156,197619,0.0,0.0
2013-11-18 00:00:00+08:00,18.404317540563657,18.450909937694693,18.264538196997364,18.357725143432617,180144,0.0,0.0
2013-11-19 00:00:00+08:00,18.49750461061477,18.73046875,18.40431766355676,18.73046875,210964,0.0,0.0
2013-11-20 00:00:00+08:00,18.777064820120014,18.777064820120014,18.47420883178711,18.47420883178711,223916,0.0,0.0
2013-11-21 00:00:00+08:00,18.63728639409186,18.63728639409186,18.404320072046193,18.450912475585938,121833,0.0,0.0
2013-11-22 00:00:00+08:00,18.45091209243165,18.544099049749477,18.194650650024414,18.194650650024414,219032,0.0,0.0
2013-11-25 00:00:00+08:00,18.241238952098684,18.40431555270309,18.241238952098684,18.311128616333008,164214,0.0,0.0
2013-11-26 00:00:00+08:00,18.357724574831657,18.61398597937485,18.287832753040117,18.590688705444336,359421,0.0,0.0
2013-11-27 00:00:00+08:00,18.63728392874311,18.63728392874311,18.450910034890814,18.567394256591797,325268,0.0,0.0
2013-11-28 00:00:00+08:00,18.56739532862119,18.963436109620517,18.49750565243464,18.80036163330078,747001,0.0,0.0
2013-11-29 00:00:00+08:00,18.823659644104414,19.033328704819574,18.777067236892258,18.986736297607422,660305,0.0,0.0
2013-12-02 00:00:00+08:00,19.010030365158713,19.289589065541648,18.87025101496724,18.91684341430664,622526,0.0,0.0
2013-12-03 00:00:00+08:00,18.91684341430664,19.03332548874177,18.77706406411517,18.91684341430664,410856,0.0,0.0
2013-12-04 00:00:00+08:00,18.870250246673606,18.963435041558423,18.73046875,18.73046875,318351,0.0,0.0
2013-12-05 00:00:00+08:00,18.637283955115183,19.05662198861643,18.637283955115183,18.73046875,441966,0.0,0.0
2013-12-06 00:00:00+08:00,18.870250246673606,18.870250246673606,18.637283955115183,18.73046875,325893,0.0,0.0
2013-12-09 00:00:00+08:00,18.916844400885072,19.196403115847957,18.893547123913702,18.940141677856445,572117,0.0,0.0
2013-12-10 00:00:00+08:00,18.940139918923816,19.05662198861643,18.73046875,18.73046875,276213,0.0,0.0
2013-12-11 00:00:00+08:00,19.336182328744414,19.8021149516475,19.336182328744414,19.475961685180664,1999934,0.0,0.0
2013-12-12 00:00:00+08:00,19.475962060522786,19.89530229008647,19.336182701392694,19.569149017333984,1216299,0.0,0.0
2013-12-13 00:00:00+08:00,19.895302364989064,20.011784447311534,19.662336048170694,19.778818130493164,1540278,0.0,0.0
2013-12-16 00:00:00+08:00,19.80211236814507,20.314637325602035,19.615740634603036,19.96518898010254,2466468,0.0,0.0
2013-12-17 00:00:00+08:00,20.291346707101532,20.31464183385579,19.848711320514205,19.89530372619629,1088897,0.0,0.0
2013-12-18 00:00:00+08:00,19.89530372619629,20.058380374343955,19.47596346636322,19.89530372619629,1211453,0.0,0.0
2013-12-19 00:00:00+08:00,20.035080476184312,20.268046778485676,19.708929374701036,19.755521774291992,1331235,0.0,0.0
2013-12-20 00:00:00+08:00,19.70893195129437,20.31464183385579,19.70893195129437,19.89530372619629,1196807,0.0,0.0
2013-12-23 00:00:00+08:00,19.988488109812522,20.73397941754651,19.988488109812522,20.547605514526367,2593747,0.0,0.0
2013-12-24 00:00:00+08:00,20.68738633751004,20.68738633751004,20.22145585115762,20.2447509765625,1252985,0.0,0.0
2013-12-25 00:00:00+08:00,20.477715663154463,20.477715663154463,20.10497001248715,20.128267288208008,769728,0.0,0.0
2013-12-26 00:00:00+08:00,20.15156364440918,20.291342988009603,20.08167182043579,20.15156364440918,487128,0.0,0.0
2013-12-27 00:00:00+08:00,20.174857675896366,20.850459234879306,20.12826528127353,20.50101089477539,2634934,0.0,0.0
2013-12-30 00:00:00+08:00,20.733978807131464,20.92035055249147,20.524307634363264,20.617494583129883,1423425,0.0,0.0
2013-12-31 00:00:00+08:00,20.640790763897545,20.733977707722975,20.337934810594742,20.3845272064209,1110190,0.0,0.0
2014-01-02 00:00:00+08:00,20.547606559077522,21.409582138061523,20.43112447789846,21.409582138061523,2996164,0.0,0.0
2014-01-03 00:00:00+08:00,21.432875696072763,22.08518218994141,21.293096348007555,22.085182189941406,3809880,0.0,0.0
2014-01-06 00:00:00+08:00,22.364743304335782,22.597709627025825,21.735734017855318,21.759031295776367,2547892,0.0,0.0
2014-01-07 00:00:00+08:00,21.805626711632453,22.73748988697183,21.805626711632453,22.364744186401367,3043191,0.0,0.0
2014-01-08 00:00:00+08:00,22.714192178229627,23.43638843903551,22.597710090581902,22.90056610107422,5369037,0.0,0.0
2014-01-09 00:00:00+08:00,23.29660894228694,23.669352481537857,22.621005089895814,22.644302368164062,3666378,0.0,0.0
2014-01-10 00:00:00+08:00,22.83067443446873,23.203420095599377,22.36474182001209,22.690895080566406,1428065,0.0,0.0
2014-01-13 00:00:00+08:00,22.877265879702016,22.900563155103967,21.9454028418762,22.085182189941406,2307236,0.0,0.0
2014-01-14 00:00:00+08:00,22.038586751434778,22.294850314014333,21.922104683463356,22.27155303955078,1248900,0.0,0.0
2014-01-15 00:00:00+08:00,22.45792653956904,22.597705879568267,22.085180915513394,22.17836570739746,1205449,0.0,0.0
2014-01-16 00:00:00+08:00,22.17836791125668,22.457928771208152,22.015293433168324,22.061885833740234,775010,0.0,0.0
2014-01-17 00:00:00+08:00,22.131770834392068,22.131770834392068,21.526058994073342,21.712432861328125,1635579,0.0,0.0
2014-01-20 00:00:00+08:00,21.526064973086324,22.038590022135025,21.526064973086324,21.759031295776367,775372,0.0,0.0
2014-01-21 00:00:00+08:00,21.945405959033955,22.10848045349121,21.759032033692016,22.10848045349121,714746,0.0,0.0
2014-01-22 00:00:00+08:00,21.898808036755906,22.294850953123486,21.61924934387207,21.61924934387207,1434632,0.0,0.0
2014-01-23 00:00:00+08:00,21.78232530320701,21.805622577630107,21.01353676897638,21.060129165649414,1259154,0.0,0.0
2014-01-24 00:00:00+08:00,21.01353645324707,21.339689681577333,20.7805701690359,21.01353645324707,1246394,0.0,0.0
2014-01-27 00:00:00+08:00,20.943648080449215,21.153317103574217,20.78057145618313,21.08342742919922,804479,0.0,0.0
2014-02-05 00:00:00+08:00,20.78057191510295,21.4095811505423,20.733979515215086,21.38628387451172,789853,0.0,0.0
2014-02-06 00:00:00+08:00,21.432875065027883,21.68913863038447,21.432875065027883,21.52606201171875,529150,0.0,0.0
2014-02-07 00:00:00+08:00,21.66584273144394,21.898809036877815,21.456173702205447,21.642547607421875,715936,0.0,0.0
2014-02-10 00:00:00+08:00,21.898807525634766,22.085181417989478,21.759028182455317,21.898807525634766,803396,0.0,0.0
2014-02-11 00:00:00+08:00,22.55111842158364,22.57441354856897,22.34144721350054,22.41133689880371,2310234,0.0,0.0
2014-02-12 00:00:00+08:00,22.69089779218998,22.69089779218998,22.318152086515216,22.41133689880371,1110473,0.0,0.0
2014-02-13 00:00:00+08:00,22.457926603234913,23.06363851306411,22.457926603234913,22.807374954223633,2139155,0.0,0.0
2014-02-14 00:00:00+08:00,23.203421997431178,23.902318824226775,23.063642632072057,23.482980728149414,3821142,0.0,0.0
2014-02-17 00:00:00+08:00,24.60121777197823,25.11374282836914,24.275064485105144,25.11374282836914,4871424,0.0,0.0
2014-02-18 00:00:00+08:00,25.626261309514,26.4183470452067,25.20692332156348,25.39329719543457,10971561,0.0,0.0
2014-02-19 00:00:00+08:00,25.766041401546403,26.791093433834654,25.7194490077859,26.697906494140625,6592259,0.0,0.0
2014-02-20 00:00:00+08:00,26.69790961407144,27.07065526423376,26.231977013325213,26.558130264282227,3561886,0.0,0.0
2014-02-21 00:00:00+08:00,26.79109507567563,26.9774668143121,26.185383158804093,26.231975555419922,2692754,0.0,0.0
2014-02-24 00:00:00+08:00,26.41835182878252,27.489996417151787,26.23197792116467,27.163843154907227,4252137,0.0,0.0
2014-02-25 00:00:00+08:00,27.489992981665207,28.188889667456074,26.791094143701258,26.83768653869629,5372241,0.0,0.0
2014-02-26 00:00:00+08:00,26.977468353799534,27.3502140045166,26.651317254530394,27.3502140045166,3037155,0.0,0.0
2014-02-27 00:00:00+08:00,27.489999709939482,28.282083531758797,27.3968127449685,27.443405151367188,4308175,0.0,0.0
2014-03-03 00:00:00+08:00,26.930878867310824,27.58318328857422,26.69791254139386,27.58318328857422,2586282,0.0,0.0
2014-03-04 00:00:00+08:00,27.39681090505679,28.23548922912454,27.303623946344047,27.48999786376953,2792079,0.0,0.0
2014-03-05 00:00:00+08:00,27.95592240364829,29.40031242370606,27.62977134582254,29.400312423706055,4253423,0.0,0.0
2014-03-06 00:00:00+08:00,30.052617249749947,31.45041275024414,30.052617249749947,31.45041275024414,6036937,0.0,0.0
2014-03-07 00:00:00+08:00,32.75502605249546,33.31414558821093,30.844705455828482,31.217451095581055,13203644,0.0,0.0
2014-03-10 00:00:00+08:00,31.636794362257938,32.38228576498004,30.751523590547137,32.335693359375,8300105,0.0,0.0
2014-03-11 00:00:00+08:00,32.335686821420566,33.64029543631857,32.0095335916095,32.56865310668945,9098404,0.0,0.0
2014-03-12 00:00:00+08:00,32.195905555305444,32.98799136123366,31.72997513365884,31.823162078857422,4106565,0.0,0.0
2014-03-13 00:00:00+08:00,32.14931641018938,32.941402296224595,31.823165297269025,32.056129455566406,3519521,0.0,0.0
2014-03-14 00:00:00+08:00,31.77657212503999,32.61525044875317,31.217454677346844,31.54360580444336,3647077,0.0,0.0
2014-03-17 00:00:00+08:00,31.68337919599595,32.941397520593284,31.264041189245546,32.708431243896484,4529120,0.0,0.0
2014-03-18 00:00:00+08:00,33.407333220971985,33.54711257872762,32.801621235915306,32.98799514770508,4717229,0.0,0.0
2014-03-19 00:00:00+08:00,32.98799227262713,32.98799227262713,30.98448473245698,31.170856475830078,7966219,0.0,0.0
2014-03-20 00:00:00+08:00,31.124264906979832,31.170857306020725,29.773061660887997,30.937891006469727,3629562,0.0,0.0
2014-03-21 00:00:00+08:00,30.984485557683886,31.823163805632827,30.704924706918728,30.937891006469727,3180470,0.0,0.0
2014-03-24 00:00:00+08:00,30.658331559865587,31.357230441466616,29.400315294722308,31.217451095581055,3325149,0.0,0.0
2014-03-25 00:00:00+08:00,31.217453320479752,32.38228272066013,31.217453320479752,32.056129455566406,3540985,0.0,0.0
2014-03-26 00:00:00+08:00,32.5220630025449,32.5686575572698,31.543605331576384,31.86975860595703,3021898,0.0,0.0
2014-03-27 00:00:00+08:00,31.543604806763906,32.24250374644862,31.310638493535667,31.35723304748535,2853797,0.0,0.0
2014-03-28 00:00:00+08:00,30.75151798322761,31.357229906513776,30.285585403442383,30.285585403442383,3940562,0.0,0.0
2014-03-31 00:00:00+08:00,30.378775328953182,31.450417784942882,30.378775328953182,31.310638427734375,1773038,0.0,0.0
2014-04-01 00:00:00+08:00,31.45042177881417,32.10272839818778,30.984491246342014,31.776575088500977,1872012,0.0,0.0
2014-04-02 00:00:00+08:00,32.14931157657776,32.14931157657776,31.45041275024414,31.45041275024414,2003891,0.0,0.0
2014-04-03 00:00:00+08:00,31.916345375468122,31.916345375468122,31.45041282349386,31.497007369995117,1792902,0.0,0.0
2014-04-07 00:00:00+08:00,31.450416776412975,31.450416776412975,30.984486318050205,31.124265670776367,1032718,0.0,0.0
2014-04-08 00:00:00+08:00,31.031076938934348,31.357230178042876,30.658331302313112,30.75151824951172,1203831,0.0,0.0
2014-04-09 00:00:00+08:00,31.031074745747794,31.45041275024414,30.751516076083565,31.45041275024414,1329817,0.0,0.0
2014-04-10 00:00:00+08:00,31.683386892419794,31.962947783669797,31.31064118959337,31.916353225708008,2408972,0.0,0.0
2014-04-11 00:00:00+08:00,31.497012019001524,31.636791374790835,30.14580871014035,30.471961975097656,3386457,0.0,0.0
2014-04-14 00:00:00+08:00,29.72646432861677,30.00602298081474,28.375261306762695,28.375261306762695,4215542,0.0,0.0
2014-04-15 00:00:00+08:00,28.328674146190462,28.841199192850006,28.18889478366272,28.701419830322266,1962269,0.0,0.0
2014-04-16 00:00:00+08:00,28.794608024713764,28.88779498778789,28.375269919140546,28.561641693115234,989150,0.0,0.0
2014-04-17 00:00:00+08:00,28.748015619263484,28.841200430164047,28.515049287664954,28.561641693115234,769078,0.0,0.0
2014-04-18 00:00:00+08:00,28.841199192850006,28.887793748474902,28.561640467794522,28.701419830322266,430527,0.0,0.0
2014-04-21 00:00:00+08:00,28.60822622898448,28.60822622898448,27.4899915883944,27.72295570373535,1527067,0.0,0.0
2014-04-22 00:00:00+08:00,27.722959761280002,28.328671715033877,27.62977496237424,28.188892364501953,1088068,0.0,0.0
2014-04-23 00:00:00+08:00,28.375266266660045,28.74801191880295,28.18889236450195,28.188892364501953,1070964,0.0,0.0
2014-04-24 00:00:00+08:00,28.42185263082989,28.51503956212101,27.769548416137695,27.769548416137695,729676,0.0,0.0
2014-04-25 00:00:00+08:00,27.769553495768925,28.095704586688452,25.85923073964074,25.99901008605957,2720292,0.0,0.0
2014-04-28 00:00:00+08:00,25.62626519612691,26.278571701434974,25.020553242439863,26.18538475036621,1390792,0.0,0.0
2014-04-29 00:00:00+08:00,26.558134364576894,27.583184522736854,26.325168028236245,27.443405151367188,1335531,0.0,0.0
2014-04-30 00:00:00+08:00,27.72295707832035,27.72295707832035,26.60472023011185,27.25702667236328,1048758,0.0,0.0
2014-05-02 00:00:00+08:00,27.257032154029275,28.188895305523626,27.16384519322779,27.58318328857422,908008,0.0,0.0
2014-05-05 00:00:00+08:00,28.049111618970745,28.049111618970745,27.62977358823039,27.909332275390625,457243,0.0,0.0
2014-05-06 00:00:00+08:00,27.909336575292674,27.909336575292674,27.48999847994624,27.58318328857422,856998,0.0,0.0
2014-05-07 00:00:00+08:00,27.489999709939482,27.816150859077503,27.443405151367188,27.443405151367188,656704,0.0,0.0
2014-05-08 00:00:00+08:00,27.443399695341448,28.188890962550865,27.25702795462568,27.909332275390625,1360512,0.0,0.0
2014-05-09 00:00:00+08:00,28.188893804018633,29.213943861714323,28.188893804018633,28.515047073364258,2245977,0.0,0.0
2014-05-12 00:00:00+08:00,30.37877370257739,30.471960653118614,29.726469353135364,29.773061752319336,4095730,0.0,0.0
2014-05-13 00:00:00+08:00,30.19239980149494,30.471960653118614,29.260536752602512,29.773061752319336,2434940,0.0,0.0
2014-05-14 00:00:00+08:00,29.7730582563114,30.192396256247555,29.40031265008826,29.819650650024414,1198331,0.0,0.0
2014-05-15 00:00:00+08:00,29.819650818034084,30.006024698282232,29.44690520971082,29.493499755859375,1162355,0.0,0.0
2014-05-16 00:00:00+08:00,29.213943481445312,29.63328370117032,29.12075867899386,29.213943481445312,1056023,0.0,0.0
2014-05-19 00:00:00+08:00,28.980976618167855,29.586688538434263,28.980976618167855,29.44690704345703,671683,0.0,0.0
2014-05-20 00:00:00+08:00,29.446911091307964,29.540098050044794,28.794606684497086,29.120759963989258,827414,0.0,0.0
2014-05-21 00:00:00+08:00,28.934387393238172,29.1673537248367,28.515049287664954,28.561641693115234,1200966,0.0,0.0
2014-05-22 00:00:00+08:00,28.748014385947158,29.07416551445407,28.654827426870842,28.701419830322266,803118,0.0,0.0
2014-05-23 00:00:00+08:00,28.887786789884434,28.980973726513557,28.60822597999706,28.8411922454834,719805,0.0,0.0
2014-05-26 00:00:00+08:00,29.120754055485364,30.006024603433143,28.98097472182761,29.86624526977539,2118056,0.0,0.0
2014-05-27 00:00:00+08:00,29.959432798750573,30.0992142973715,29.493502361315965,29.633281707763672,966090,0.0,0.0
2014-05-28 00:00:00+08:00,29.633279089958968,29.912837758158158,29.44690520971082,29.493499755859375,1572107,0.0,0.0
2014-05-29 00:00:00+08:00,29.77306175231934,29.866248702860563,29.353721550970466,29.773061752319336,1629209,0.0,0.0
2014-05-30 00:00:00+08:00,29.819652441867103,31.823162078857422,29.819652441867103,31.823162078857422,4205072,0.0,0.0
2014-06-03 00:00:00+08:00,32.1493165648331,32.1493165648331,31.403825228610113,31.68338394165039,6564986,0.0,0.0
2014-06-04 00:00:00+08:00,31.40382228842152,33.36073740083368,31.21745054790155,32.66183853149414,9052854,0.0,0.0
2014-06-05 00:00:00+08:00,32.66183669725329,33.5471072573973,32.428872572729546,32.708431243896484,3509999,0.0,0.0
2014-06-06 00:00:00+08:00,33.08117949105307,33.73348382645553,32.61524690054849,32.84821319580078,4106078,0.0,0.0
2014-06-09 00:00:00+08:00,33.31414325340296,34.47897248892822,32.94139763977412,33.50051498413086,5505011,0.0,0.0
2014-06-10 00:00:00+08:00,33.826670964288155,34.199416608343085,33.174366625235336,33.26755142211914,3201267,0.0,0.0
2014-06-11 00:00:00+08:00,33.45392933212057,34.10623374939953,32.75503035863872,32.89480972290039,4192546,0.0,0.0
2014-06-12 00:00:00+08:00,32.8948007294166,32.8948007294166,31.683377034122366,32.242496490478516,4139905,0.0,0.0
2014-06-13 00:00:00+08:00,32.00953477956637,32.42887496948242,31.96294238165268,32.42887496948242,1344385,0.0,0.0
2014-06-16 00:00:00+08:00,32.42887573093717,32.848213778526386,31.916348580985996,32.149314880371094,1174392,0.0,0.0
2014-06-17 00:00:00+08:00,32.195911964784436,32.801624000899075,31.916353225708008,31.916353225708008,2957427,0.0,0.0
2014-06-18 00:00:00+08:00,32.24249819051006,32.42887206984658,31.26404070442592,31.403820037841797,1975954,0.0,0.0
2014-06-19 00:00:00+08:00,31.403820829645948,33.547107583017755,31.403820829645948,32.75502395629883,5925667,0.0,0.0
2014-06-20 00:00:00+08:00,33.31414345623278,33.919855351089105,32.70843156137644,32.75502395629883,4650637,0.0,0.0
2014-06-23 00:00:00+08:00,32.89480790105609,32.94140245467839,31.217453470641054,31.68338394165039,3880698,0.0,0.0
2014-06-24 00:00:00+08:00,31.68338153114186,31.823163029200636,30.937890251636716,31.217451095581055,2028026,0.0,0.0
2014-06-25 00:00:00+08:00,31.217454677346844,31.72997972179005,31.077675315423555,31.54360580444336,1255150,0.0,0.0
2014-06-26 00:00:00+08:00,31.683383941650387,32.28909592135324,31.683383941650387,31.68338394165039,1900826,0.0,0.0
2014-06-27 00:00:00+08:00,31.91634530113322,32.009532241745646,31.40382035602445,31.45041275024414,1353123,0.0,0.0
2014-06-30 00:00:00+08:00,31.63678663146899,31.68337902568868,31.264041021192334,31.45041275024414,1531739,0.0,0.0
2014-07-01 00:00:00+08:00,31.590202080843373,32.52206526182265,31.543607522881583,31.916353225708008,2183412,0.0,0.0
2014-07-02 00:00:00+08:00,31.776568408095763,32.33568794256147,30.98448473245698,31.170856475830078,2942130,0.0,0.0
2014-07-03 00:00:00+08:00,31.21745285607234,31.91634962491406,31.21745285607234,31.590198516845703,1765143,0.0,0.0
2014-07-04 00:00:00+08:00,32.00953674316406,32.5220617603479,31.68338348124101,32.00953674316406,2565510,0.0,0.0
2014-07-07 00:00:00+08:00,32.149310746287874,32.848209554571696,32.00953141506571,32.102718353271484,2231490,0.0,0.0
2014-07-08 00:00:00+08:00,32.289092500504026,32.6618381291252,31.63678818846026,31.823162078857422,1119420,0.0,0.0
2014-07-09 00:00:00+08:00,31.823165450343904,32.335690474975536,31.403825228610113,31.68338394165039,1578412,0.0,0.0
2014-07-10 00:00:00+08:00,31.729973250594185,32.149311250841805,31.403820037841797,31.403820037841797,1590941,0.0,0.0
2014-07-11 00:00:00+08:00,31.21745484684115,31.21745484684115,29.44691123112832,29.540098190307617,5331295,0.0,0.0
2014-07-14 00:00:00+08:00,29.67987131671236,30.052616922935503,29.35371810420223,29.819650650024414,2355275,0.0,0.0
2014-07-15 00:00:00+08:00,29.959432286821716,30.332180073877268,29.866247492231015,29.912839889526367,1298089,0.0,0.0
2014-07-16 00:00:00+08:00,30.238995907331066,30.238995907331066,29.5866915243564,29.67987632751465,1095752,0.0,0.0
2014-07-17 00:00:00+08:00,29.58668660245989,30.238990876920404,29.58668660245989,29.86624526977539,685489,0.0,0.0
2014-07-18 00:00:00+08:00,29.67987139011637,30.145803937090896,29.67987139011637,29.86624526977539,595452,0.0,0.0
2014-07-21 00:00:00+08:00,30.05262381196327,30.42536950363171,30.05262381196327,30.099218368530273,919932,0.0,0.0
2014-07-22 00:00:00+08:00,30.099217290662036,30.658334732055664,30.05262273576361,30.658334732055664,1649844,0.0,0.0
2014-07-23 00:00:00+08:00,30.658334732055664,30.658334732055664,30.658334732055664,30.658334732055664,0,0.0,0.0
2014-07-24 00:00:00+08:00,30.751517433146738,31.07767066359683,30.658330488421978,30.98448371887207,1966077,0.0,0.0
2014-07-25 00:00:00+08:00,31.217451095581055,31.776568479123306,31.03107719961816,31.217451095581055,4326730,0.0,0.0
2014-07-28 00:00:00+08:00,31.479041148581313,31.5789751840495,30.479707717895508,30.479707717895508,3024768,3.735791,0.0
2014-07-29 00:00:00+08:00,30.729539695927784,30.879439585586162,28.381102705949957,28.580970764160156,2858190,0.0,0.0
2014-07-30 00:00:00+08:00,28.73086509302012,29.08063066519376,28.38109721284838,28.830799102783203,1723276,0.0,0.0
2014-07-31 00:00:00+08:00,29.23053638751279,30.179903825685287,29.13060236560032,29.98003578186035,2577605,0.0,0.0
2014-08-01 00:00:00+08:00,29.530336145251816,30.379769561511843,29.480370288294772,29.98003578186035,1073216,0.0,0.0
2014-08-04 00:00:00+08:00,29.980037832011337,30.67957141723867,29.980037832011337,30.22987174987793,991074,0.0,0.0
2014-08-05 00:00:00+08:00,30.22986968264233,30.57963760533678,29.83013590299084,29.98003578186035,876787,0.0,0.0
2014-08-06 00:00:00+08:00,29.98003626731685,30.229870172144306,28.5809691698812,29.18056869506836,1782310,0.0,0.0
2014-08-07 00:00:00+08:00,29.430403710603994,29.68023762486022,29.180569796347765,29.38043785095215,549302,0.0,0.0
2014-08-08 00:00:00+08:00,29.430403003961047,29.480371170411626,28.730869445638962,29.08063507080078,918380,0.0,0.0
2014-08-11 00:00:00+08:00,28.980704049741885,29.630271765208377,28.930735882091536,29.38043785095215,838177,0.0,0.0
2014-08-12 00:00:00+08:00,29.880104064941406,30.37977190505045,29.680238313696922,29.880104064941406,1280225,0.0,0.0
2014-08-13 00:00:00+08:00,29.980037432197083,30.379771233853063,29.980037432197083,30.329805374145508,637442,0.0,0.0
2014-08-14 00:00:00+08:00,30.42973772646727,30.57963760533678,29.98003578186035,29.98003578186035,723901,0.0,0.0
2014-08-15 00:00:00+08:00,30.0300080202867,30.579641753363695,30.0300080202867,30.479707717895508,1131527,0.0,0.0
2014-08-18 00:00:00+08:00,30.429739517992047,30.629605265585525,29.380437996130354,29.630271911621094,780303,0.0,0.0
2014-08-19 00:00:00+08:00,29.630271765208377,29.8801033714661,29.13060393669592,29.38043785095215,1332320,0.0,0.0
2014-08-20 00:00:00+08:00,29.38043658386579,29.630270487347463,28.880768776902446,28.930734634399414,813909,0.0,0.0
2014-08-21 00:00:00+08:00,28.830806596031625,29.180572259110836,28.580972660690072,28.680904388427734,892431,0.0,0.0
2014-08-22 00:00:00+08:00,28.7808354536464,29.58030304102551,28.7808354536464,29.330469131469727,587615,0.0,0.0
2014-08-25 00:00:00+08:00,29.83013590299084,30.030003946815775,29.680236024121328,29.98003578186035,982385,0.0,0.0
2014-08-26 00:00:00+08:00,30.229866210940045,30.229866210940045,29.680232615540863,29.780166625976562,728200,0.0,0.0
2014-08-27 00:00:00+08:00,30.030006000383782,30.479705667744522,29.78017208251719,30.22987174987793,999948,0.0,0.0
2014-08-28 00:00:00+08:00,30.22987230007846,30.379772191926968,30.12993826951326,30.27984046936035,489401,0.0,0.0
2014-08-29 00:00:00+08:00,30.229876610928766,30.92941030864312,29.98004265288816,30.52967643737793,942110,0.0,0.0
2014-09-01 00:00:00+08:00,30.979375714259948,30.979375714259948,30.579641878746894,30.729541778564453,952391,0.0,0.0
2014-09-02 00:00:00+08:00,30.87943597968146,30.87943597968146,30.129934310913086,30.129934310913086,861096,0.0,0.0
2014-09-03 00:00:00+08:00,30.379769642331503,31.229205368849676,30.22986976306321,30.829471588134766,1345446,0.0,0.0
2014-09-04 00:00:00+08:00,30.879437447959315,30.92940330505371,30.579637689396183,30.92940330505371,1367364,0.0,0.0
2014-09-05 00:00:00+08:00,30.933559615254254,31.038596620535643,30.19829596228781,30.67096710205078,1507452,0.0,1.051075
2014-09-09 00:00:00+08:00,31.196156160789716,31.248674666333315,30.67096879735525,30.933561325073242,842411,0.0,0.0
2014-09-10 00:00:00+08:00,30.986079830616838,31.038598336160437,30.723487302898846,30.933561325073242,368759,0.0,0.0
2014-09-11 00:00:00+08:00,31.09111779568624,31.45874965377012,31.038599288531195,31.143638610839844,1075789,0.0,0.0
2014-09-12 00:00:00+08:00,31.301190546765564,31.406227549043706,30.828521728515625,30.828521728515625,417666,0.0,0.0
2014-09-15 00:00:00+08:00,30.565932894347686,30.828527759412015,30.408377360108332,30.51341438293457,361351,0.0,0.0
2014-09-16 00:00:00+08:00,30.513414626421735,30.618451650086133,30.250822067260742,30.250822067260742,472633,0.0,0.0
2014-09-17 00:00:00+08:00,30.35585411608017,30.986078462781496,30.35585411608017,30.723485946655273,481124,0.0,0.0
2014-09-18 00:00:00+08:00,30.776005470534816,31.143637313302044,30.723486965567847,30.88104248046875,254930,0.0,0.0
2014-09-19 00:00:00+08:00,31.038596620535643,31.038596620535643,30.618446291411725,30.67096710205078,353963,0.0,0.0
2014-09-22 00:00:00+08:00,30.670972225172665,30.881046270825134,30.513414382934567,30.51341438293457,293522,0.0,0.0
2014-09-23 00:00:00+08:00,30.513413040929844,30.72348938534173,30.25082049541329,30.3033390045166,415906,0.0,0.0
2014-09-24 00:00:00+08:00,30.303339339437336,30.513413378172373,30.09326299270363,30.355857849121094,448610,0.0,0.0
2014-09-25 00:00:00+08:00,30.618451605671705,30.618451605671705,29.41052121928582,29.51555824279785,913715,0.0,0.0
2014-09-26 00:00:00+08:00,29.30547734473218,29.410516659959388,28.885329315816943,29.042884826660156,688123,0.0,0.0
2014-09-29 00:00:00+08:00,29.410514647116493,29.72562564723686,29.25295683905807,29.673107147216797,315364,0.0,0.0
2014-09-30 00:00:00+08:00,29.51554800392064,29.673103484533044,29.35799252330823,29.410511016845703,395688,0.0,0.0
2014-10-01 00:00:00+08:00,29.41051903227234,30.198298958030758,29.095405677169822,29.830669403076172,498885,0.0,0.0
2014-10-02 00:00:00+08:00,29.778152230466315,30.14578180190527,29.72563141226206,30.04074478149414,337293,0.0,0.0
2014-10-03 00:00:00+08:00,30.093261770131907,30.56593064608172,30.093261770131907,30.460893630981445,582900,0.0,0.0
2014-10-06 00:00:00+08:00,30.46089587152145,30.72349073658578,30.19830100645712,30.51341438293457,439604,0.0,0.0
2014-10-07 00:00:00+08:00,30.460889717672636,30.565926719278814,30.093257904052734,30.093257904052734,376078,0.0,0.0
2014-10-08 00:00:00+08:00,30.56592778877103,31.353709944378167,30.460890783489642,30.67096710205078,1280572,0.0,0.0
2014-10-09 00:00:00+08:00,30.72348938534173,31.143639766166856,30.093262660104713,30.3033390045166,748958,0.0,0.0
2014-10-13 00:00:00+08:00,29.883190110594693,29.883190110594693,29.095407818849925,29.147926330566406,612818,0.0,0.0
2014-10-14 00:00:00+08:00,29.252959865927902,29.252959865927902,28.727772503386728,29.200441360473633,440936,0.0,0.0
2014-10-15 00:00:00+08:00,29.358000993754775,29.568075028515754,28.885332107543945,28.885332107543945,387699,0.0,0.0
2014-10-16 00:00:00+08:00,28.675250661819792,28.885326967194825,27.047167950156584,28.622732162475586,732782,0.0,0.0
2014-10-17 00:00:00+08:00,28.622735790496925,28.832809814501285,27.309766216474156,27.519840240478516,533166,0.0,0.0
2014-10-20 00:00:00+08:00,27.834952083627222,28.097546907472104,27.72991507728862,27.93998908996582,533559,0.0,0.0
2014-10-21 00:00:00+08:00,27.834954654443948,28.097549502541906,27.782436146424075,28.045028686523438,226424,0.0,0.0
2014-10-22 00:00:00+08:00,28.360141805320513,29.147924035023546,28.360141805320513,28.727773666381836,404078,0.0,0.0
2014-10-23 00:00:00+08:00,28.780295657679584,28.832814171617095,28.307626724243164,28.307626724243164,235384,0.0,0.0
2014-10-24 00:00:00+08:00,28.307620573570077,28.51769689167363,27.834951742835027,27.887470245361328,361377,0.0,0.0
2014-10-27 00:00:00+08:00,28.15006557561542,28.15006557561542,26.31190872192383,26.311908721923828,888022,0.0,0.0
2014-10-28 00:00:00+08:00,26.416945082219254,27.362282737662735,26.416945082219254,27.152206420898438,405544,0.0,0.0
2014-10-29 00:00:00+08:00,27.624878070950018,28.150065410641403,27.414801750274435,27.93998908996582,452791,0.0,0.0
2014-10-30 00:00:00+08:00,27.93998908996582,28.255102416980005,27.72991507728862,27.93998908996582,225141,0.0,0.0
2014-10-31 00:00:00+08:00,28.202581859723733,28.622732162475586,28.150063360379527,28.622732162475586,302322,0.0,0.0
2014-11-03 00:00:00+08:00,28.885332107543945,29.14792465099517,28.675255764784342,28.885332107543945,384851,0.0,0.0
2014-11-04 00:00:00+08:00,29.042887698822092,29.042887698822092,28.67525582916634,28.83281135559082,275908,0.0,0.0
2014-11-05 00:00:00+08:00,28.832815435815377,28.832815435815377,28.570222854614254,28.570222854614258,201532,0.0,0.0
2014-11-06 00:00:00+08:00,28.150064720040394,28.517696541204828,27.57235658335415,27.834951400756836,764500,0.0,0.0
2014-11-07 00:00:00+08:00,27.834951742835027,28.25510207104378,27.834951742835027,27.887470245361328,235525,0.0,0.0
2014-11-10 00:00:00+08:00,28.097548762540978,28.097548762540978,27.78243541472224,27.992511749267578,358430,0.0,0.0
2014-11-11 00:00:00+08:00,28.255107516281477,28.255107516281477,27.41480669792378,27.46732521057129,598836,0.0,0.0
2014-11-12 00:00:00+08:00,27.467320372249933,27.572357379042856,27.257246358664084,27.309764862060547,380615,0.0,0.0
2014-11-13 00:00:00+08:00,27.309765469863066,27.467320983558984,26.837096620776858,27.047170639038086,422113,0.0,0.0
2014-11-14 00:00:00+08:00,27.15221114310678,27.15221114310678,26.784581563829633,26.99465560913086,354088,0.0,0.0
2014-11-17 00:00:00+08:00,27.309768273027483,27.309768273027483,26.521986007690433,26.52198600769043,371922,0.0,0.0
2014-11-18 00:00:00+08:00,26.679542121438676,26.679542121438676,25.734204305545017,25.918020248413086,551206,0.0,0.0
2014-11-19 00:00:00+08:00,25.91801708317335,26.364427835048925,25.91801708317335,26.049314498901367,309668,0.0,0.0
2014-11-20 00:00:00+08:00,26.049317739766025,26.36443111511767,26.049317739766025,26.25939178466797,304932,0.0,0.0
2014-11-21 00:00:00+08:00,26.364428244722113,26.784578596781362,26.364428244722113,26.469465255737305,212205,0.0,0.0
2014-11-24 00:00:00+08:00,26.784580796369195,26.784580796369195,26.180614471435543,26.180614471435547,248586,0.0,0.0
2014-11-25 00:00:00+08:00,26.259392049715668,26.41694989298116,26.180615436081684,26.364431381225586,224838,0.0,0.0
2014-11-26 00:00:00+08:00,26.416949349771226,27.152210807228943,26.364430839095583,26.942136764526367,725137,0.0,0.0
2014-11-27 00:00:00+08:00,26.942137340651787,27.152211387846542,26.67954247365958,26.73206329345703,354545,0.0,0.0
2014-11-28 00:00:00+08:00,26.521986007690433,26.73206235551303,26.364430477822495,26.52198600769043,487688,0.0,0.0
2014-12-01 00:00:00+08:00,25.52413002395077,26.574504852294922,25.52413002395077,26.574504852294922,382083,0.0,0.0
2014-12-02 00:00:00+08:00,27.099689483642578,27.099689483642578,27.099689483642578,27.099689483642578,974375,0.0,0.0
2014-12-03 00:00:00+08:00,27.257247924804688,27.257247924804688,27.257247924804688,27.257247924804688,1467807,0.0,0.0
2014-12-04 00:00:00+08:00,27.257247924804688,27.257247924804688,27.257247924804688,27.257247924804688,1061106,0.0,0.0
2014-12-05 00:00:00+08:00,27.25724875822675,28.097549502541906,27.09969092616854,28.045028686523438,1186833,0.0,0.0
2014-12-08 00:00:00+08:00,28.622735701771553,29.200441573991263,28.360140864581595,28.937849044799805,1977504,0.0,0.0
2014-12-09 00:00:00+08:00,28.937849952489493,28.990368459975127,28.202586231693488,28.36014175415039,726437,0.0,0.0
2014-12-10 00:00:00+08:00,28.36014197797719,28.832810857076904,27.9399916067776,28.097549438476562,604914,0.0,0.0
2014-12-11 00:00:00+08:00,28.097549438476566,28.570218317576277,27.887473098877475,28.097549438476562,391881,0.0,0.0
2014-12-12 00:00:00+08:00,28.88533144500386,28.88533144500386,28.307623246664754,28.36014175415039,296206,0.0,0.0
2014-12-15 00:00:00+08:00,28.09755167834292,28.307625726689995,27.88747532199707,28.150070190429688,222463,0.0,0.0
2014-12-16 00:00:00+08:00,27.939991436678802,28.885331497121584,27.782435913937626,28.727773666381836,1355652,0.0,0.0
2014-12-17 00:00:00+08:00,28.88533144500386,29.147923982432026,28.360141754150387,28.36014175415039,1155534,0.0,0.0
2014-12-18 00:00:00+08:00,28.67525407875608,29.095404431572945,28.202585220336914,28.202585220336914,645990,0.0,0.0
2014-12-19 00:00:00+08:00,28.5702150430857,28.5702150430857,27.782432898875964,27.834951400756836,903351,0.0,0.0
2014-12-22 00:00:00+08:00,27.887469902637708,28.097546218159522,27.782432898875964,27.834951400756836,733285,0.0,0.0
2014-12-23 00:00:00+08:00,27.992511197927726,28.25510372593921,27.93999038432694,28.202585220336914,566156,0.0,0.0
2014-12-24 00:00:00+08:00,28.36014236148293,28.57021870392282,28.150068327041662,28.5177001953125,638207,0.0,0.0
2014-12-25 00:00:00+08:00,28.622734956773368,28.885329787128455,28.30762162194695,28.465179443359375,731017,0.0,0.0
2014-12-26 00:00:00+08:00,28.307623852872613,28.72777422975377,28.307623852872613,28.5177001953125,431045,0.0,0.0
2014-12-29 00:00:00+08:00,28.675253461244697,28.832808974658686,28.36014012641828,28.465179443359375,506809,0.0,0.0
2014-12-30 00:00:00+08:00,28.307620573570077,28.57021539419993,27.834951742835027,27.887470245361328,826265,0.0,0.0
2014-12-31 00:00:00+08:00,27.88747316246382,28.255105026601523,27.834954654443948,28.045028686523438,288514,0.0,0.0
2015-01-05 00:00:00+08:00,27.83495459097735,28.097549438476566,27.83495459097735,28.097549438476562,269923,0.0,0.0
2015-01-06 00:00:00+08:00,27.83495220402356,27.939989210816485,27.047170037079844,27.309764862060547,770171,0.0,0.0
2015-01-07 00:00:00+08:00,27.309766216474156,27.624879560479204,27.257247710473067,27.519840240478516,392713,0.0,0.0
2015-01-08 00:00:00+08:00,27.624877393233348,27.887469902637708,27.624877393233348,27.834951400756836,328470,0.0,0.0
2015-01-09 00:00:00+08:00,27.83495459097735,28.25510496217694,27.677399067276976,28.097549438476562,461307,0.0,0.0
2015-01-12 00:00:00+08:00,28.097547456260383,28.097547456260383,27.729915618896484,27.729915618896484,416870,0.0,0.0
2015-01-13 00:00:00+08:00,27.572361703956414,28.67525737227402,27.572361703956414,28.412662506103516,1204561,0.0,0.0
2015-01-14 00:00:00+08:00,28.622732162475586,29.147919463915848,28.57021366313138,28.622732162475586,1199214,0.0,0.0
2015-01-15 00:00:00+08:00,28.465181077120224,28.675255107062757,28.25510473917912,28.36014175415039,429701,0.0,0.0
2015-01-16 00:00:00+08:00,28.360138727563886,28.360138727563886,27.834951400756836,27.834951400756836,523989,0.0,0.0
2015-01-19 00:00:00+08:00,27.939994132397644,28.20258900363397,27.467325210571286,27.46732521057129,509957,0.0,0.0
2015-01-20 00:00:00+08:00,27.83495262728662,27.939989635676753,27.62487861050635,27.729915618896484,310025,0.0,0.0
2015-01-21 00:00:00+08:00,27.93998908996582,28.150065410641403,27.67739657411932,27.93998908996582,356061,0.0,0.0
2015-01-22 00:00:00+08:00,28.097544752818347,28.46517655481007,27.93998694739435,28.25510025024414,543486,0.0,0.0
2015-01-23 00:00:00+08:00,28.36014073714381,28.570217067551486,28.09754820913232,28.202585220336914,539915,0.0,0.0
2015-01-26 00:00:00+08:00,28.36014073714381,28.465180056346888,28.09754820913232,28.202585220336914,391927,0.0,0.0
2015-01-27 00:00:00+08:00,28.46517655481007,28.46517655481007,28.20258175110221,28.25510025024414,279731,0.0,0.0
2015-01-28 00:00:00+08:00,28.255105026601523,28.255105026601523,27.992512486502157,28.045028686523438,416373,0.0,0.0
2015-01-29 00:00:00+08:00,28.045025752940226,28.09754656346488,27.834951742835027,27.887470245361328,292969,0.0,0.0
2015-01-30 00:00:00+08:00,28.097549502541906,28.097549502541906,27.88747316246382,28.045028686523438,190918,0.0,0.0
2015-02-02 00:00:00+08:00,28.0450330762141,28.72777840333493,27.887477527493427,28.570222854614258,874630,0.0,0.0
2015-02-03 00:00:00+08:00,28.7802876605082,28.832806159852407,28.57021366313138,28.622732162475586,613772,0.0,0.0
2015-02-04 00:00:00+08:00,28.871589763009084,28.9250545501709,28.76465788068687,28.9250545501709,662650,0.0,0.0
2015-02-05 00:00:00+08:00,28.925052917207378,28.925052917207378,28.60425728835125,28.657724380493164,434079,0.0,0.0
2015-02-06 00:00:00+08:00,28.657722581882982,28.764654451457123,28.550790712308842,28.7111873626709,343416,0.0,0.0
2015-02-09 00:00:00+08:00,28.711185697424327,28.711185697424327,28.443857192993164,28.443857192993164,393162,0.0,0.0
2015-02-10 00:00:00+08:00,28.87158650591594,29.138915027564025,28.550790895139244,28.60425567626953,857214,0.0,0.0
2015-02-11 00:00:00+08:00,28.87158650591594,28.978518376174836,28.497323806010634,28.60425567626953,305000,0.0,0.0
2015-02-12 00:00:00+08:00,28.4973276020169,28.604259486519734,28.123067160256294,28.390398025512695,410729,0.0,0.0
2015-02-13 00:00:00+08:00,28.390396414505815,28.657724956594087,28.336929321289062,28.336929321289062,456131,0.0,0.0
2015-02-24 00:00:00+08:00,28.44386491970351,28.657728704543317,28.44386491970351,28.497329711914062,376986,0.0,0.0
2015-02-25 00:00:00+08:00,28.604258903204258,29.031986432493113,28.604258903204258,28.9250545501709,772105,0.0,0.0
2015-02-26 00:00:00+08:00,29.08545514265425,29.138919932784756,28.76465947787509,28.97852325439453,523402,0.0,0.0
2015-03-02 00:00:00+08:00,29.138916286493753,29.138916286493753,28.8715877532959,28.8715877532959,452854,0.0,0.0
2015-03-03 00:00:00+08:00,28.76465788068687,29.08545352765351,28.76465788068687,28.9250545501709,380539,0.0,0.0
2015-03-04 00:00:00+08:00,28.925053130409015,30.903291702270508,28.925053130409015,30.903291702270508,3119071,0.0,0.0
2015-03-05 00:00:00+08:00,31.277552950391907,31.38448482242055,30.475562756177908,30.529029846191406,3332152,0.0,0.0
2015-03-06 00:00:00+08:00,30.58249855041504,31.170625075999038,30.529033761543033,30.58249855041504,2820240,0.0,0.0
2015-03-09 00:00:00+08:00,30.582498053683334,31.224089357718388,30.582498053683334,30.742897033691406,1722573,0.0,0.0
2015-03-10 00:00:00+08:00,31.117155456417613,31.758746718858927,30.903291702270508,30.903291702270508,2494858,0.0,0.0
2015-03-11 00:00:00+08:00,30.635965149685564,31.170624569714775,30.208237613662195,30.742897033691406,1121652,0.0,0.0
2015-03-12 00:00:00+08:00,31.01022529602051,31.331020944999903,30.79636153003425,31.010225296020508,1295021,0.0,0.0
2015-03-13 00:00:00+08:00,31.437956063921575,32.29341121591916,31.33102416992188,31.331024169921875,3534873,0.0,0.0
2015-03-16 00:00:00+08:00,31.33102416992188,31.33102416992188,31.33102416992188,31.331024169921875,0,0.0,0.0
2015-03-17 00:00:00+08:00,31.91914628560225,31.972613383004585,31.277557272764955,31.43795394897461,1404163,0.0,0.0
2015-03-18 00:00:00+08:00,31.65180940590424,31.81220834796689,31.010218253649775,31.705276489257812,1824591,0.0,0.0
2015-03-19 00:00:00+08:00,31.972612184584914,32.293407832978616,31.812215514387358,32.07954406738281,2165106,0.0,0.0
2015-03-20 00:00:00+08:00,32.13300208343597,32.23993394370025,31.544878005981445,31.544878005981445,1437155,0.0,0.0
2015-03-23 00:00:00+08:00,31.59834993073867,32.56073689084199,31.331021373598173,31.919145584106445,2893504,0.0,0.0
2015-03-24 00:00:00+08:00,31.919137898677896,32.18646869944963,31.65180940590424,31.705276489257812,962250,0.0,0.0
2015-03-25 00:00:00+08:00,31.705276489257812,32.02606975738697,31.54487754719516,31.705276489257812,1049388,0.0,0.0
2015-03-26 00:00:00+08:00,31.22408395855509,31.812210372889698,31.22408395855509,31.758743286132812,909015,0.0,0.0
2015-03-27 00:00:00+08:00,31.865678219009418,32.93499697709651,31.865678219009418,32.18647384643555,3194511,0.0,0.0
2015-03-30 00:00:00+08:00,32.4538023819581,33.148860728713935,32.13300675453197,32.18647384643555,1915650,0.0,0.0
2015-03-31 00:00:00+08:00,32.34687042236328,32.614201265191824,31.81221335270307,32.34687042236328,1097641,0.0,0.0
2015-04-01 00:00:00+08:00,32.346872134920204,32.61420299190218,32.07954358593678,32.45380401611328,842928,0.0,0.0
2015-04-02 00:00:00+08:00,33.416191156394184,34.6993737387576,33.36272636946166,34.53897476196289,6150761,0.0,0.0
2015-04-07 00:00:00+08:00,34.48550891353177,36.677611270261536,34.27164515638747,36.303348541259766,5504135,0.0,0.0
2015-04-08 00:00:00+08:00,36.624144266078126,37.37266741790422,35.982552993084326,36.14295196533203,4049252,0.0,0.0
2015-04-09 00:00:00+08:00,36.62414140075787,37.96078862758865,36.142949137658256,36.677608489990234,4476497,0.0,0.0
2015-04-10 00:00:00+08:00,37.69346010542182,37.907323846354615,36.35681287859105,36.677608489990234,3597944,0.0,0.0
2015-04-13 00:00:00+08:00,36.94493912497403,36.998406217264076,35.92908745144764,36.5706787109375,2140343,0.0,0.0
2015-04-14 00:00:00+08:00,36.998411383701054,37.372671849999094,36.517216717890676,36.8914794921875,1860384,0.0,0.0
2015-04-15 00:00:00+08:00,37.21226835512377,37.69346296269769,36.08948478411547,36.303348541259766,2887664,0.0,0.0
2015-04-16 00:00:00+08:00,36.46374474905744,36.89147223092302,36.410277659825084,36.677608489990234,1441541,0.0,0.0
2015-04-17 00:00:00+08:00,36.78454448549849,36.9984082504141,36.51721362535469,36.6241455078125,1055099,0.0,0.0
2015-04-20 00:00:00+08:00,36.62413822802108,36.731070089224005,36.03601414540407,36.410274505615234,1177175,0.0,0.0
2015-04-21 00:00:00+08:00,36.46374947127767,36.624146143750195,33.9508513438849,34.11124801635742,4046277,0.0,0.0
2015-04-22 00:00:00+08:00,34.111248139026465,35.18056698601746,34.111248139026465,35.07363510131836,1687118,0.0,0.0
2015-04-23 00:00:00+08:00,35.287496671281005,35.71522418341756,35.07363291521273,35.34096145629883,1575221,0.0,0.0
2015-04-24 00:00:00+08:00,35.60829708864937,35.60829708864937,34.27164958766989,34.75284194946289,1663953,0.0,0.0
2015-04-27 00:00:00+08:00,35.020169206180704,37.158804524574016,35.020169206180704,36.838008880615234,6689409,0.0,0.0
2015-04-28 00:00:00+08:00,36.73107575608675,37.639995562540506,36.356815338134766,36.356815338134766,4078361,0.0,0.0
2015-04-29 00:00:00+08:00,36.6776157091604,37.47960374151264,36.41028482637713,36.8914794921875,3556059,0.0,0.0
2015-04-30 00:00:00+08:00,36.89147434068243,36.94493912497403,36.4102797420658,36.5706787109375,1764684,0.0,0.0
2015-05-04 00:00:00+08:00,36.6776157091604,37.69346752453975,36.62414860940423,36.8914794921875,3841723,0.0,0.0
2015-05-05 00:00:00+08:00,36.99841477836278,37.3726752789998,36.73108387105149,37.1053466796875,1882223,0.0,0.0
2015-05-06 00:00:00+08:00,36.891481075606734,37.158809661865234,36.036025906781326,37.158809661865234,1908363,0.0,0.0
2015-05-07 00:00:00+08:00,37.1587975340357,37.1587975340357,36.410274505615234,36.410274505615234,1281108,0.0,0.0
2015-05-08 00:00:00+08:00,36.62414859326859,36.6776156930012,34.752841646605276,34.80630874633789,3010590,0.0,0.0
2015-05-11 00:00:00+08:00,34.75283798947816,35.020168844011764,32.40033893277455,32.50727081298828,5053824,0.0,0.0
2015-05-12 00:00:00+08:00,33.041927862599024,33.95084762573242,32.77459702709026,33.95084762573242,2880566,0.0,0.0
2015-05-13 00:00:00+08:00,34.21817712201059,34.85976837579799,34.16471233819419,34.48550796508789,1819986,0.0,0.0
2015-05-14 00:00:00+08:00,34.75284334106818,35.020174236768064,34.485514753367184,34.91324234008789,1360665,0.0,0.0
2015-05-15 00:00:00+08:00,35.18056391788291,35.23403100956885,34.271644131207744,34.645904541015625,1218299,0.0,0.0
2015-05-18 00:00:00+08:00,34.75284278371843,34.913241780165734,34.057786620443714,34.32511520385742,754837,0.0,0.0
2015-05-19 00:00:00+08:00,34.85976915914445,35.50136042734928,34.75283728111031,35.34096145629883,1600903,0.0,0.0
2015-05-20 00:00:00+08:00,35.7152226707358,36.62414244153037,35.661755579984025,36.196414947509766,2051945,0.0,0.0
2015-05-21 00:00:00+08:00,36.57067948066123,36.57067948066123,35.66175735658743,36.14295196533203,1337542,0.0,0.0
2015-05-22 00:00:00+08:00,36.14295016475639,36.891473279292434,36.08948307400462,36.196414947509766,2103982,0.0,0.0
2015-05-25 00:00:00+08:00,36.08948209051876,36.30334583170099,35.501357956266794,35.6617546081543,1413876,0.0,0.0
2015-05-26 00:00:00+08:00,35.875619782211075,36.03601874850326,35.501359374193356,35.8221549987793,1110600,0.0,0.0
2015-05-27 00:00:00+08:00,35.822157162078376,37.05187264325443,35.7686900674193,36.838008880615234,3235515,0.0,0.0
2015-05-28 00:00:00+08:00,37.105338008034686,37.319201760703386,36.51721153419654,36.731075286865234,2508225,0.0,0.0
2015-05-29 00:00:00+08:00,36.891481075606734,38.22812862289699,36.62415018134936,37.158809661865234,6594744,0.0,0.0
2015-06-01 00:00:00+08:00,36.998406326001955,37.69346237182617,36.46374694152238,37.69346237182617,3144587,0.0,0.0
2015-06-02 00:00:00+08:00,37.69346302093509,41.00834664579624,37.639995927567156,40.84794998168945,12194147,0.0,0.0
2015-06-03 00:00:00+08:00,41.91726624069573,42.34499372984549,39.618232140514976,39.72516632080078,9413996,0.0,0.0
2015-06-04 00:00:00+08:00,39.88556788820221,40.420225007498296,37.69346539029311,38.121192932128906,6295293,0.0,0.0
2015-06-05 00:00:00+08:00,38.28158539938132,38.976641424482295,36.35681398064076,38.335052490234375,5212325,0.0,0.0
2015-06-08 00:00:00+08:00,38.49544596534072,38.869708646386,37.31919775976523,38.067718505859375,2916275,0.0,0.0
2015-06-09 00:00:00+08:00,37.69345469204589,38.38851059625728,34.592433201874464,35.18055725097656,4739961,0.0,0.0
2015-06-10 00:00:00+08:00,35.71522575275546,36.83800936745013,35.71522575275546,36.463748931884766,3317038,0.0,0.0
2015-06-11 00:00:00+08:00,36.08948004770265,36.30334377677929,35.020163710317625,35.6082878112793,3742725,0.0,0.0
2015-06-12 00:00:00+08:00,35.60829116754601,37.051870320879104,35.07363179445997,35.98255157470703,2911043,0.0,0.0
2015-06-15 00:00:00+08:00,35.98254985045014,36.517209197915705,35.554822372477695,35.87561798095703,1376856,0.0,0.0
2015-06-16 00:00:00+08:00,35.82215789160757,35.982554562854205,35.07363470712651,35.287498474121094,1253091,0.0,0.0
2015-06-17 00:00:00+08:00,35.39442660993436,35.608290354284314,34.69937059479618,35.127098083496094,1190602,0.0,0.0
2015-06-18 00:00:00+08:00,35.180565344913326,36.142952262311766,35.180565344913326,36.08948516845703,1152108,0.0,0.0
2015-06-22 00:00:00+08:00,36.356809791072955,36.570673513843865,35.875615260839346,36.2498779296875,1594148,0.0,0.0
2015-06-23 00:00:00+08:00,36.463748387684596,36.517213174253754,35.50136145745284,35.71522521972656,2133073,0.0,0.0
2015-06-24 00:00:00+08:00,35.608298514509585,35.661763308850226,34.80631044340771,34.91324234008789,2118845,0.0,0.0
2015-06-25 00:00:00+08:00,34.913240530695816,35.60829666909596,34.80630863955742,34.966705322265625,1425639,0.0,0.0
2015-06-26 00:00:00+08:00,35.12710472685637,35.501365196251065,34.75284194946289,34.75284194946289,1522540,0.0,0.0
2015-06-29 00:00:00+08:00,34.48550823317881,34.48550823317881,32.88153008624095,33.148860931396484,2476933,0.0,0.0
2015-06-30 00:00:00+08:00,33.148860553710854,33.790449497177526,33.09539346208955,33.36272430419922,1165154,0.0,0.0
2015-07-01 00:00:00+08:00,33.576588836994986,34.37857676601281,33.52312174412794,34.218177795410156,835922,0.0,0.0
2015-07-02 00:00:00+08:00,34.32511238703116,34.432044273221244,33.469657297510466,33.57659149169922,1342836,0.0,0.0
2015-07-03 00:00:00+08:00,33.36272842023915,33.469658000677065,32.77460187983835,33.309261322021484,1771791,0.0,0.0
2015-07-06 00:00:00+08:00,32.988461761001645,33.20232551261906,32.18647384643555,32.18647384643555,1536334,0.0,0.0
2015-07-07 00:00:00+08:00,32.40033893277455,33.041930214056954,32.18647517234708,32.50727081298828,1287810,0.0,0.0
2015-07-08 00:00:00+08:00,32.50727468891421,32.50727468891421,30.635967716052388,31.384490966796875,3284297,0.0,0.0
2015-07-09 00:00:00+08:00,30.68942765501561,31.06369037519778,29.40624745038681,30.956758499145508,1624085,0.0,0.0
2015-07-10 00:00:00+08:00,30.956758499145508,30.956758499145508,30.956758499145508,30.956758499145508,0,0.0,0.0
2015-07-13 00:00:00+08:00,31.437953258054097,31.91914558410644,31.331021373598173,31.919145584106445,920477,0.0,0.0
2015-07-14 00:00:00+08:00,32.293408749242616,33.30926051064623,32.13300976649545,32.61420440673828,2191424,0.0,0.0
2015-07-15 00:00:00+08:00,33.25579137440402,33.30925615633151,32.88152866891814,32.988460540771484,1190896,0.0,0.0
2015-07-16 00:00:00+08:00,33.416189005147324,33.95084838004544,33.14886047169748,33.52312088012695,1373140,0.0,0.0
2015-07-17 00:00:00+08:00,33.52312347297063,33.68352245184533,33.04193115234375,33.04193115234375,808562,0.0,0.0
2015-07-20 00:00:00+08:00,33.20232599543433,33.309257872798,31.544883050296665,31.812213897705078,1285553,0.0,0.0
2015-07-21 00:00:00+08:00,31.81221755639265,32.13301091737927,31.437954788577024,29.88744354248047,1991486,0.0,0.0
2015-07-22 00:00:00+08:00,31.95027805073608,32.23453461710427,31.60917164357016,31.836578369140625,1133581,2.941372,0.0
2015-07-23 00:00:00+08:00,32.68933736713209,32.97359142900125,32.23452890484056,32.46193313598633,2043556,0.0,0.0
2015-07-24 00:00:00+08:00,32.34823675282625,32.40508659362398,31.836578369140625,31.836578369140625,999653,0.0,0.0
2015-07-27 00:00:00+08:00,31.552318449282634,31.836574985439057,30.2447452545166,30.2447452545166,1924414,0.0,0.0
2015-07-28 00:00:00+08:00,30.244751575799057,31.26807090241304,30.244751575799057,30.699560165405273,912631,0.0,0.0
2015-07-29 00:00:00+08:00,30.926964460208378,31.154368755011486,30.472155870602165,30.699560165405273,797431,0.0,0.0
2015-07-30 00:00:00+08:00,30.926961899635604,31.836579003537018,30.87010960357848,31.268068313598633,812721,0.0,0.0
2015-07-31 00:00:00+08:00,31.49547057407283,31.49547057407283,30.35844926695788,30.529001235961914,752502,0.0,0.0
2015-08-03 00:00:00+08:00,30.24474777182774,30.35844990492864,29.61938726683602,29.676237106323242,1004250,0.0,0.0
2015-08-04 00:00:00+08:00,29.733089401239916,30.131045640047276,26.86211238091122,27.743303298950195,2459606,0.0,0.0
2015-08-05 00:00:00+08:00,27.970708759979665,28.994028091430664,27.913858913073557,28.994028091430664,1142980,0.0,0.0
2015-08-06 00:00:00+08:00,29.221431129863536,29.221431129863536,28.397092433373494,28.42551612854004,935478,0.0,0.0
2015-08-07 00:00:00+08:00,27.686451620367666,28.823472976684567,27.572749484735976,28.82347297668457,704591,0.0,0.0
2015-08-10 00:00:00+08:00,28.82347858186314,29.505691528320312,28.539221960442486,29.505691528320312,696984,0.0,0.0
2015-08-11 00:00:00+08:00,30.35844926695788,31.893426804499857,30.35844926695788,30.529001235961914,2185744,0.0,0.0
2015-08-12 00:00:00+08:00,30.415299743812476,31.438618941700277,29.90364137193181,30.642704010009766,1139570,0.0,0.0
2015-08-13 00:00:00+08:00,30.87010259060162,31.154359098057558,30.472146425114513,30.98380470275879,788344,0.0,0.0
2015-08-14 00:00:00+08:00,29.505688984219553,29.733093280097552,28.482369652768554,28.994028091430664,3045521,0.0,0.0
2015-08-17 00:00:00+08:00,28.709768898112788,28.88032086295492,27.743302037712542,27.857004165649414,1750156,0.0,0.0
2015-08-18 00:00:00+08:00,27.857004759844074,28.65291721825278,27.857004759844074,28.539215087890625,905218,0.0,0.0
2015-08-19 00:00:00+08:00,28.42551235120743,28.652916607081178,27.857004165649418,27.857004165649414,789388,0.0,0.0
2015-08-20 00:00:00+08:00,27.743304237910884,28.397090911865234,27.686451942370567,28.397090911865234,504926,0.0,0.0
2015-08-21 00:00:00+08:00,27.857007319135967,27.970707005817594,26.71998591105342,27.004240036010742,1707058,0.0,0.0
2015-08-24 00:00:00+08:00,26.151479838483258,26.151479838483258,24.3038215637207,24.303821563720703,2294093,0.0,0.0
2015-08-25 00:00:00+08:00,22.513007546260063,25.58296267454526,22.513007546260063,24.73019790649414,1201295,0.0,0.0
2015-08-26 00:00:00+08:00,23.365773515228675,24.98602714862636,23.365773515228675,24.957603454589844,716739,0.0,0.0
2015-08-27 00:00:00+08:00,25.867221190453,26.606283881740428,25.52611476659881,26.09462547302246,1063535,0.0,0.0
2015-08-28 00:00:00+08:00,27.14636926350457,27.260071408241423,26.80526282929402,26.975814819335938,871301,0.0,0.0
2015-08-31 00:00:00+08:00,26.975812957178317,27.37377166334931,26.805260978909708,27.032665252685547,400477,0.0,0.0
2015-09-01 00:00:00+08:00,27.004240969051832,27.288497557957314,26.89053882431498,26.975814819335938,486266,0.0,0.0
2015-09-02 00:00:00+08:00,26.719983458253417,27.288494110107422,26.492579197511816,27.288494110107422,559560,0.0,0.0
2015-09-03 00:00:00+08:00,27.572752727512086,28.42551761797847,27.459050578508116,27.061094284057617,1431376,0.0,0.0
2015-09-04 00:00:00+08:00,28.479099592953904,28.628362019007266,27.643233933657427,28.061166763305664,1278919,0.0,1.0501939999999998
2015-09-07 00:00:00+08:00,28.35968585958497,29.34481383024391,28.240277895945212,28.68806266784668,1105613,0.0,0.0
2015-09-08 00:00:00+08:00,28.688064258742383,29.13584660134942,28.688064258742383,28.807472229003906,537708,0.0,0.0
2015-09-09 00:00:00+08:00,29.55378506633138,29.55378506633138,29.13585218211138,29.165706634521484,700940,0.0,0.0
2015-09-10 00:00:00+08:00,29.19555370772651,29.553780080822897,29.01643929411513,29.37466812133789,841968,0.0,0.0
2015-09-11 00:00:00+08:00,29.643342552493877,30.21053540970806,29.40452411985737,29.7926025390625,1018659,0.0,0.0
2015-09-14 00:00:00+08:00,29.9717139473546,30.03141793594682,29.165702738980258,29.195554733276367,939863,0.0,0.0
2015-09-15 00:00:00+08:00,29.553782705077907,29.79260112639039,29.374670729688493,29.613489151000977,636456,0.0,0.0
2015-09-16 00:00:00+08:00,29.971717230931922,29.971717230931922,29.58363635431304,29.703046798706055,495524,0.0,0.0
2015-09-17 00:00:00+08:00,29.792606794386685,29.97172125797894,29.5836403292169,29.643346786499023,732998,0.0,0.0
2015-09-18 00:00:00+08:00,29.852305669621575,30.986693805342043,29.613489698024253,30.68817138671875,1739843,0.0,0.0
2015-09-21 00:00:00+08:00,30.091127395629883,30.44935381722577,29.852306509063677,30.091127395629883,1098327,0.0,0.0
2015-09-22 00:00:00+08:00,29.852304454586047,30.449351721658505,29.792600464116763,30.150829315185547,962714,0.0,0.0
2015-09-23 00:00:00+08:00,30.150832570627795,30.150832570627795,29.55378523909101,29.583637237548828,738110,0.0,0.0
2015-09-24 00:00:00+08:00,29.792601305175307,29.85230529733006,29.255260467529297,29.255260467529297,973847,0.0,0.0
2015-09-25 00:00:00+08:00,29.31496445968405,29.61348932871104,29.07614603693842,29.255260467529297,632110,0.0,0.0
2015-09-29 00:00:00+08:00,29.255260467529297,29.255260467529297,29.255260467529297,29.255260467529297,0,0.0,0.0
2015-09-30 00:00:00+08:00,28.717915162060162,29.255255916108755,28.717915162060162,29.016437530517578,409937,0.0,0.0
2015-10-01 00:00:00+08:00,29.613486521444276,29.613486521444276,29.314961680716515,29.37466812133789,402176,0.0,0.0
2015-10-02 00:00:00+08:00,29.374668121337894,29.73289449443428,29.285109687469014,29.37466812133789,434652,0.0,0.0
2015-10-05 00:00:00+08:00,29.7328988136949,32.30019760131836,29.7328988136949,32.30019760131836,2346651,0.0,0.0
2015-10-06 00:00:00+08:00,33.31517571609979,33.67340459945252,31.882265090942383,31.882265090942383,3653496,0.0,0.0
2015-10-07 00:00:00+08:00,32.24048508943294,33.136052142760064,32.12107467651367,32.12107467651367,1734580,0.0,0.0
2015-10-08 00:00:00+08:00,32.47930615897104,32.658420566164665,31.52403259277344,31.524032592773438,1048297,0.0,0.0
2015-10-12 00:00:00+08:00,30.509054826656666,30.867283667328493,29.613487633230033,29.97171401977539,2514256,0.0,0.0
2015-10-13 00:00:00+08:00,30.150824447770443,30.329938844389403,29.792595654532526,30.031414031982422,1012537,0.0,0.0
2015-10-14 00:00:00+08:00,30.091127760624072,30.150831755926458,29.5537844405224,29.673194885253906,1202040,0.0,0.0
2015-10-15 00:00:00+08:00,29.70304209978952,30.03141647520086,29.494075695754542,29.523927688598633,852997,0.0,0.0
2015-10-16 00:00:00+08:00,29.822454788972337,30.15083167045808,29.61349080600634,29.703046798706055,497874,0.0,0.0
2015-10-19 00:00:00+08:00,30.031414613941358,30.09112105005545,29.344813912828094,29.49407386779785,908701,0.0,0.0
2015-10-20 00:00:00+08:00,29.40452831975171,29.73290279123162,29.40452831975171,29.643346786499023,583630,0.0,0.0
2015-10-21 00:00:00+08:00,29.79260368088036,29.912014128838443,29.434377245259736,29.583637237548828,565159,0.0,0.0
2015-10-22 00:00:00+08:00,29.61348371203971,30.150824447770443,29.583629267498097,30.031414031982422,480868,0.0,0.0
2015-10-23 00:00:00+08:00,30.44934906104719,30.568759485678424,29.912008285522457,29.91200828552246,617489,0.0,0.0
2015-10-26 00:00:00+08:00,30.031416821485003,30.50905362075064,30.031416821485003,30.21053123474121,644501,0.0,0.0
2015-10-27 00:00:00+08:00,30.329941090542285,30.389645075794736,29.85230184614368,29.91200828552246,609382,0.0,0.0
2015-10-28 00:00:00+08:00,30.091125328780638,30.150829319257987,29.792600468140815,29.852304458618164,417774,0.0,0.0
2015-10-29 00:00:00+08:00,30.03141954770287,30.150829985422412,29.613489151000973,29.613489151000977,459476,0.0,0.0
2015-10-30 00:00:00+08:00,29.7030477709419,30.031422209049214,29.523933325553,29.55378532409668,472896,0.0,0.0
2015-11-02 00:00:00+08:00,29.79260368088036,30.091128573712158,29.583637237548828,29.583637237548828,623670,0.0,0.0
2015-11-03 00:00:00+08:00,29.732898544435052,30.091127420453166,29.732898544435052,29.7926025390625,513588,0.0,0.0
2015-11-04 00:00:00+08:00,29.852302408228795,30.44934963437403,29.852302408228795,30.21053123474121,799236,0.0,0.0
2015-11-05 00:00:00+08:00,30.44935468544208,30.867287567659584,30.27024024247361,30.74787712097168,980454,0.0,0.0
2015-11-06 00:00:00+08:00,31.643439664809275,31.941964486381487,31.1658028952452,31.34491729736328,2709298,0.0,0.0
2015-11-09 00:00:00+08:00,31.40462718026693,31.88226403956848,30.92699032096538,31.285219192504883,1461219,0.0,0.0
2015-11-10 00:00:00+08:00,31.225516453596526,31.225516453596526,30.329946692880952,30.74787712097168,848854,0.0,0.0
2015-11-11 00:00:00+08:00,30.38965418831851,30.688176658220893,29.643346786499027,29.643346786499023,1597914,0.0,0.0
2015-11-12 00:00:00+08:00,29.643342887602714,29.85230687116106,29.374672454615247,29.673194885253906,625688,0.0,0.0
2015-11-13 00:00:00+08:00,29.67319471719396,29.85230670208668,29.40452428572816,29.732898712158203,254794,0.0,0.0
2015-11-16 00:00:00+08:00,29.494072967007185,29.494072967007185,28.956732237274824,29.314958572387695,479979,0.0,0.0
2015-11-17 00:00:00+08:00,29.613487633230033,29.97171401977539,29.583633184735323,29.97171401977539,377781,0.0,0.0
2015-11-18 00:00:00+08:00,30.03141954770287,30.150829985422412,29.613489151000973,29.613489151000977,442884,0.0,0.0
2015-11-19 00:00:00+08:00,29.85230184614368,30.150826680658597,29.673189890386322,29.91200828552246,575565,0.0,0.0
2015-11-20 00:00:00+08:00,30.091122243477038,31.882258953034395,30.03141580499497,31.524032592773438,2902890,0.0,0.0
2015-11-23 00:00:00+08:00,31.643440561484997,33.195761333619245,31.643440561484997,31.524032592773438,4303044,0.0,0.0
2015-11-24 00:00:00+08:00,32.83753327472215,32.89723971457788,31.703145275232163,31.76285171508789,2368859,0.0,0.0
2015-11-25 00:00:00+08:00,32.3001918468556,33.67339821583836,32.00166947007169,33.13605499267578,5230571,0.0,0.0
2015-11-26 00:00:00+08:00,33.73310799939163,34.74808572741639,33.37488157649389,33.43458557128906,5019840,0.0,0.0
2015-11-27 00:00:00+08:00,33.43457972166683,33.73310209754074,32.59871412426833,32.65842056274414,1760833,0.0,0.0
2015-11-30 00:00:00+08:00,32.837532772381,33.19576158952988,32.00166962257746,33.076351165771484,1268836,0.0,0.0
2015-12-01 00:00:00+08:00,33.37487815783147,34.62867419073453,33.37487815783147,33.792808532714844,2564775,0.0,0.0
2015-12-02 00:00:00+08:00,33.91221438768983,34.03162234893464,33.553985595703125,33.553985595703125,1279239,0.0,0.0
2015-12-03 00:00:00+08:00,33.553992326597694,33.97192518304368,32.89724349975586,32.89724349975586,1241984,0.0,0.0
2015-12-04 00:00:00+08:00,32.77783186772781,33.73310553105769,32.12108061065689,32.8375358581543,1024378,0.0,0.0
2015-12-07 00:00:00+08:00,33.733102200369885,33.733102200369885,32.83753261589188,33.13605499267578,894145,0.0,0.0
2015-12-08 00:00:00+08:00,33.315172035133926,34.449560101577624,33.255468045880704,33.67340087890625,2333787,0.0,0.0
2015-12-09 00:00:00+08:00,33.434586339430076,33.434586339430076,31.524038829077135,31.822561264038086,2016959,0.0,0.0
2015-12-10 00:00:00+08:00,31.643443409319293,32.83753547453173,30.74787374687834,32.47930908203125,1180829,0.0,0.0
2015-12-11 00:00:00+08:00,31.762855701682888,32.24049255571943,30.44935312601909,30.628467559814453,2351308,0.0,0.0
2015-12-14 00:00:00+08:00,29.85230184614368,30.150826680658597,29.55377946575509,29.91200828552246,1438022,0.0,0.0
2015-12-15 00:00:00+08:00,30.27023240943232,30.8075755992892,29.971710051151483,30.031414031982422,652810,0.0,0.0
2015-12-16 00:00:00+08:00,30.449351721658505,30.50905571212779,30.031418880120437,30.150829315185547,619246,0.0,0.0
2015-12-17 00:00:00+08:00,30.509056953894124,30.926989812442713,30.329944975196135,30.68817138671875,615196,0.0,0.0
2015-12-18 00:00:00+08:00,30.44935068010114,30.628465099508706,29.97171386443194,30.32994270324707,632532,0.0,0.0
2015-12-21 00:00:00+08:00,29.971714564957086,30.628465815384015,29.912010575134598,30.568761825561523,430102,0.0,0.0
2015-12-22 00:00:00+08:00,30.628465816191554,30.80758023979026,30.27023696899414,30.27023696899414,398152,0.0,0.0
2015-12-23 00:00:00+08:00,30.44934963437403,30.50905362075064,30.1508272483646,30.21053123474121,447142,0.0,0.0
2015-12-24 00:00:00+08:00,30.329938844389403,30.44934680605128,30.031414031982422,30.031414031982422,373940,0.0,0.0
2015-12-25 00:00:00+08:00,30.270237296124115,30.449351721658505,30.150829315185547,30.150829315185547,278197,0.0,0.0
2015-12-28 00:00:00+08:00,30.27023696819605,30.926988218622977,30.27023696819605,30.568761825561523,653322,0.0,0.0
2015-12-29 00:00:00+08:00,30.568760061253627,30.68816803400685,29.91200884873178,30.21053123474121,789969,0.0,0.0
2015-12-30 00:00:00+08:00,30.210528428601382,30.389642825220342,29.912006070320547,30.031414031982422,402758,0.0,0.0
2015-12-31 00:00:00+08:00,30.031420946924975,30.210535384786276,29.971716952346778,30.091127395629883,239879,0.0,0.0
2016-01-04 00:00:00+08:00,30.27023240943232,30.50905078688222,29.732891673701587,30.031414031982422,508072,0.0,0.0
2016-01-05 00:00:00+08:00,29.85229963536346,30.389642825220342,29.762743664117057,30.031414031982422,484193,0.0,0.0
2016-01-06 00:00:00+08:00,30.03141855557137,30.56876182636749,29.97171456574731,30.27023696899414,921785,0.0,0.0
2016-01-07 00:00:00+08:00,30.15082909845174,30.270237078531963,29.0761450070971,29.43437385559082,1015578,0.0,0.0
2016-01-08 00:00:00+08:00,29.07614052218283,30.031414031982422,29.07614052218283,30.031414031982422,630049,0.0,0.0
2016-01-11 00:00:00+08:00,30.449358191473575,30.449358191473575,29.613494784921492,29.643346786499023,651352,0.0,0.0
2016-01-12 00:00:00+08:00,29.85230841398279,30.091129315788503,28.95674107578226,29.046297073364258,862377,0.0,0.0
2016-01-13 00:00:00+08:00,29.255261348403632,29.46422778136385,29.016442918467195,29.13585090637207,328128,0.0,0.0
2016-01-14 00:00:00+08:00,28.7179180021634,28.7179180021634,27.58352994488667,28.061166763305664,864615,0.0,0.0
2016-01-15 00:00:00+08:00,28.359691256972752,28.47910169746477,27.941758396440665,28.00146484375,516621,0.0,0.0
2016-01-18 00:00:00+08:00,27.52382579767199,29.404521066136162,27.493973803458456,29.225406646728516,741434,0.0,0.0
2016-01-19 00:00:00+08:00,29.52393005686621,30.27023730021268,29.01644122955567,29.852304458618164,478460,0.0,0.0
2016-01-20 00:00:00+08:00,29.852306196181384,30.150831074196944,29.13585090637207,29.13585090637207,442398,0.0,0.0
2016-01-21 00:00:00+08:00,29.165703689493895,29.762748503126765,29.10599724482937,29.344818115234375,275928,0.0,0.0
2016-01-22 00:00:00+08:00,29.852307763660313,29.852307763660313,29.344821334290906,29.55378532409668,197972,0.0,0.0
2016-01-25 00:00:00+08:00,30.031420946924975,30.15083139020808,29.82245451177458,30.091127395629883,387317,0.0,0.0
2016-01-26 00:00:00+08:00,29.852304454586047,30.389647731189225,29.792600464116763,30.150829315185547,380271,0.0,0.0
2016-01-27 00:00:00+08:00,30.449351721658505,30.6284661471929,29.971714889651157,30.150829315185547,441280,0.0,0.0
2016-01-28 00:00:00+08:00,30.21053227226654,30.389646691674105,30.09112429541247,30.32994270324707,379678,0.0,0.0
2016-01-29 00:00:00+08:00,30.329945139573283,30.80758199360982,30.329945139573283,30.628467559814453,589902,0.0,0.0
2016-02-01 00:00:00+08:00,30.926988219438385,30.926988219438385,30.27023696899414,30.27023696899414,290132,0.0,0.0
2016-02-02 00:00:00+08:00,30.449348013152587,30.926984786987305,30.21052962623523,30.926984786987305,509166,0.0,0.0
2016-02-03 00:00:00+08:00,30.807580238977998,30.926988218622977,30.568761825561527,30.568761825561523,380236,0.0,0.0
2016-02-15 00:00:00+08:00,30.15083154902494,30.867286850117292,30.15083154902494,30.80758285522461,286190,0.0,0.0
2016-02-16 00:00:00+08:00,30.747872527019595,31.762852582777796,30.628464552298873,31.643442153930664,1170387,0.0,0.0
2016-02-17 00:00:00+08:00,32.180781328939574,32.419599720488975,31.28521420122404,31.524032592773438,879187,0.0,0.0
2016-02-18 00:00:00+08:00,31.882258794094714,32.00166921633728,31.524032435619592,31.583736419677734,736506,0.0,0.0
2016-02-19 00:00:00+08:00,31.34492616413034,31.583744616468685,31.10610771179199,31.106107711791992,532554,0.0,0.0
2016-02-22 00:00:00+08:00,31.524033874996025,32.12107865109085,31.046397072469613,32.06137466430664,794655,0.0,0.0
2016-02-23 00:00:00+08:00,32.240493271481824,33.315174989859415,32.121082828258366,32.41960525512695,2447384,0.0,0.0
2016-02-24 00:00:00+08:00,32.837539015381395,32.837539015381395,31.703150817577644,31.822561264038086,820633,0.0,0.0
2016-02-25 00:00:00+08:00,32.180787324807596,32.71813064650533,31.94197134288871,32.24049377441406,887806,0.0,0.0
2016-02-26 00:00:00+08:00,32.41960525512695,32.65842614157387,31.941970844613238,32.41960525512695,527218,0.0,0.0
2016-03-01 00:00:00+08:00,32.41960247594857,32.718127331352754,32.3001944970881,32.53901290893555,725538,0.0,0.0
2016-03-02 00:00:00+08:00,32.77783464198505,33.13606106899013,32.24049377441406,32.24049377441406,912979,0.0,0.0
2016-03-03 00:00:00+08:00,32.24049360615024,32.59872003128572,32.001675171351,32.30019760131836,743769,0.0,0.0
2016-03-04 00:00:00+08:00,32.3001944970881,32.77783132078299,32.3001944970881,32.53901290893555,505149,0.0,0.0
2016-03-07 00:00:00+08:00,32.83753442433478,32.956944854100335,32.30019362570582,32.35989761352539,573103,0.0,0.0
2016-03-08 00:00:00+08:00,32.35989864844675,32.77783148480273,31.941968266217284,32.47930908203125,638296,0.0,0.0
2016-03-09 00:00:00+08:00,32.479308043290956,32.83753442433478,32.180783195940265,32.35989761352539,464437,0.0,0.0
2016-03-10 00:00:00+08:00,31.76284880091962,31.941963195800778,31.643438386290143,31.94196319580078,1132205,0.0,0.0
2016-03-11 00:00:00+08:00,31.822556422028487,32.06137482448483,31.64344200665463,32.001670837402344,487236,0.0,0.0
2016-03-14 00:00:00+08:00,32.001670837402344,32.180782798649794,31.822556422028487,32.001670837402344,503966,0.0,0.0
2016-03-15 00:00:00+08:00,32.65842614157387,33.55399342217963,32.41960525512695,32.41960525512695,3052966,0.0,0.0
2016-03-16 00:00:00+08:00,32.658424213322434,33.01665061358863,32.5987177681726,32.7181282043457,740288,0.0,0.0
2016-03-17 00:00:00+08:00,32.89724508707125,33.016653078030686,32.24049377441406,32.24049377441406,663442,0.0,0.0
2016-03-18 00:00:00+08:00,32.35989573274394,32.718124547093666,32.35989573274394,32.65842056274414,436575,0.0,0.0
2016-03-21 00:00:00+08:00,32.65842392997713,34.15103841736836,32.53901349484003,33.9122200012207,2593245,0.0,0.0
2016-03-22 00:00:00+08:00,34.091334426863085,34.15103841736836,33.49428715943066,33.9122200012207,1249250,0.0,0.0
2016-03-23 00:00:00+08:00,34.09133338436557,34.92719658825879,33.792808532714844,33.792808532714844,2189946,0.0,0.0
2016-03-24 00:00:00+08:00,33.792808532714844,34.44955977056939,33.434582146511026,33.792808532714844,872630,0.0,0.0
2016-03-25 00:00:00+08:00,33.7928119941868,34.03163042749419,33.37488157649389,33.43458557128906,791977,0.0,0.0
2016-03-28 00:00:00+08:00,33.61369323730469,33.792805185602674,32.89723808173409,33.61369323730469,811685,0.0,0.0
2016-03-29 00:00:00+08:00,33.43457972166683,33.852512520366076,32.5390101399188,32.65842056274414,1189496,0.0,0.0
2016-03-30 00:00:00+08:00,32.71812787730133,33.195764708966266,32.71812787730133,32.8375358581543,615044,0.0,0.0
2016-03-31 00:00:00+08:00,33.13606228611035,33.374883185054856,32.598721398802304,32.777835845947266,570645,0.0,0.0
2016-04-01 00:00:00+08:00,32.77783186772781,33.076354273986766,32.65842388687484,32.8375358581543,505422,0.0,0.0
2016-04-06 00:00:00+08:00,32.95694564548809,33.85251530079241,32.95694564548809,33.67340087890625,1965396,0.0,0.0
2016-04-07 00:00:00+08:00,33.79281182479958,34.0913367055325,33.374881409201556,33.49428939819336,1307002,0.0,0.0
2016-04-08 00:00:00+08:00,33.49428704449513,35.046607971191406,33.07635420413923,35.046607971191406,3654188,0.0,0.0
2016-04-11 00:00:00+08:00,35.28542073543833,35.82276147033808,34.68837356567383,34.68837356567383,3151595,0.0,0.0
2016-04-12 00:00:00+08:00,34.8674914406239,35.16601382822562,33.195762634277344,33.195762634277344,2584967,0.0,0.0
2016-04-13 00:00:00+08:00,33.61369984131187,33.673403835807775,33.19576697158715,33.49428939819336,993474,0.0,0.0
2016-04-14 00:00:00+08:00,34.03162852195641,34.38985737892251,33.61369812766473,34.21074295043945,1758792,0.0,0.0
2016-04-15 00:00:00+08:00,34.21073840160845,34.38985280627555,33.91221602991412,33.971920013427734,808165,0.0,0.0
2016-04-18 00:00:00+08:00,34.330153222635815,34.74808361492081,33.97192436738973,34.27044677734375,1656917,0.0,0.0
2016-04-19 00:00:00+08:00,34.50926167338926,34.68837608272811,34.09133132376705,34.15103530883789,874886,0.0,0.0
2016-04-20 00:00:00+08:00,34.33014839287529,34.33014839287529,33.49428281764648,33.61369323730469,984889,0.0,0.0
2016-04-21 00:00:00+08:00,33.91221896420043,34.031626941559544,33.67340055535573,33.792808532714844,730336,0.0,0.0
2016-04-22 00:00:00+08:00,33.792806345942935,34.21073914790786,32.837532772381,33.076351165771484,1342813,0.0,0.0
2016-04-25 00:00:00+08:00,33.19576697158715,33.79281182479958,33.19576697158715,33.49428939819336,540834,0.0,0.0
2016-04-26 00:00:00+08:00,33.85251740098133,34.449562238806834,33.553992527941936,34.38985824584961,919993,0.0,0.0
2016-04-27 00:00:00+08:00,34.74808679159048,34.74808679159048,34.03163146972656,34.03163146972656,892071,0.0,0.0
2016-04-28 00:00:00+08:00,34.15103737304513,34.15103737304513,33.494286135190585,33.792808532714844,587038,0.0,0.0
2016-04-29 00:00:00+08:00,33.792814824093945,33.792814824093945,33.19576991789056,33.31517791748047,692373,0.0,0.0
2016-05-03 00:00:00+08:00,33.43457998292036,33.43457998292036,33.01664718095544,33.076351165771484,523137,0.0,0.0
2016-05-04 00:00:00+08:00,32.89724714214802,33.374884044077056,32.89724714214802,32.95695114135742,513069,0.0,0.0
2016-05-05 00:00:00+08:00,32.897244875367235,33.61370017889353,32.897244875367235,33.374881744384766,651640,0.0,0.0
2016-05-06 00:00:00+08:00,33.553988847348975,33.553988847348975,33.195762474773446,33.25546646118164,311216,0.0,0.0
2016-05-09 00:00:00+08:00,33.136059137563876,33.43458400581564,33.01665115356445,33.01665115356445,448435,0.0,0.0
2016-05-10 00:00:00+08:00,33.434583168925386,33.9122200012207,33.31517273378829,33.9122200012207,978626,0.0,0.0
2016-05-11 00:00:00+08:00,34.80779022734075,35.40483505011547,34.21074295043945,34.21074295043945,3045594,0.0,0.0
2016-05-12 00:00:00+08:00,33.9122212304757,35.106313354497615,33.9122212304757,34.449562072753906,1642968,0.0,0.0
2016-05-13 00:00:00+08:00,35.106307671198905,35.345126057341396,34.62867089891392,35.22571563720703,3151505,0.0,0.0
2016-05-16 00:00:00+08:00,35.225723605813045,35.70336048614691,34.927201169136076,35.10631561279297,2979450,0.0,0.0
2016-05-17 00:00:00+08:00,35.822769854379345,36.957158024538344,35.822769854379345,36.061588287353516,5257726,0.0,0.0
2016-05-18 00:00:00+08:00,35.82276622563343,36.419813474653004,35.583947816850895,36.00188064575195,1836336,0.0,0.0
2016-05-19 00:00:00+08:00,36.121282829000705,36.24069324130103,35.58394210896442,35.70335006713867,1471515,0.0,0.0
2016-05-20 00:00:00+08:00,35.822760479439,36.001874870826455,35.40482771757697,35.70335006713867,1323594,0.0,0.0
2016-05-23 00:00:00+08:00,36.00188135458185,36.41981419171145,35.58394851745224,36.240699768066406,2216172,0.0,0.0
2016-05-24 00:00:00+08:00,36.41981506347656,36.77804146521485,36.24070063554413,36.41981506347656,1938387,0.0,0.0
2016-05-25 00:00:00+08:00,36.7780409697087,37.13626982074718,36.36010812820597,36.59892654418945,2146455,0.0,0.0
2016-05-26 00:00:00+08:00,36.83775246339336,37.85273277865218,36.4795259935168,37.67361831665039,4237631,0.0,0.0
2016-05-27 00:00:00+08:00,37.912423618064885,38.569174781295786,37.13626449104265,37.255672454833984,2750214,0.0,0.0
2016-05-30 00:00:00+08:00,37.43479521131941,38.031840071808425,37.31538476674557,37.49449920654297,1650663,0.0,0.0
2016-05-31 00:00:00+08:00,37.49449764624483,37.67361207858855,37.07656478881836,37.07656478881836,1204522,0.0,0.0
2016-06-01 00:00:00+08:00,37.13626845435946,37.67360925701979,37.076562011965514,37.19597244262695,1027153,0.0,0.0
2016-06-02 00:00:00+08:00,37.19597431234833,37.25567830361695,36.41981506347656,36.41981506347656,2211351,0.0,0.0
2016-06-03 00:00:00+08:00,36.77804047898151,37.43479172770472,36.59892605585218,37.37508773803711,1806639,0.0,0.0
2016-06-06 00:00:00+08:00,38.21095095576314,38.33035893509836,37.315381294243,37.37508773803711,1353301,0.0,0.0
2016-06-07 00:00:00+08:00,37.37508773803711,37.37508773803711,37.37508773803711,37.37508773803711,0,0.0,0.0
2016-06-08 00:00:00+08:00,38.03183484913203,38.748290055808525,37.97213086210726,38.0915412902832,2770464,0.0,0.0
2016-06-13 00:00:00+08:00,37.37508152281066,37.554193462028366,36.65862640356155,36.71833038330078,2282117,0.0,0.0
2016-06-14 00:00:00+08:00,36.65863849839287,36.95716094970703,36.18099914051253,36.95716094970703,1197227,0.0,0.0
2016-06-15 00:00:00+08:00,36.95715696890756,37.19597539506021,36.658634549748406,37.01686096191406,600155,0.0,0.0
2016-06-16 00:00:00+08:00,37.136265362942304,37.136265362942304,36.12128537625493,36.30039978027344,1409877,0.0,0.0
2016-06-17 00:00:00+08:00,36.718338378257556,37.07656478881836,36.598927938652864,37.07656478881836,834530,0.0,0.0
2016-06-20 00:00:00+08:00,37.25567665972263,37.852723908444034,37.13626868245423,37.6139030456543,1026734,0.0,0.0
2016-06-21 00:00:00+08:00,37.91242789707823,37.972131885712436,37.6139030456543,37.6139030456543,905266,0.0,0.0
2016-06-22 00:00:00+08:00,37.79302146739782,37.852727916480504,37.494499038491305,37.554203033447266,718142,0.0,0.0
2016-06-23 00:00:00+08:00,37.85271820054449,38.390058925478364,37.85271820054449,37.91242218017578,1494124,0.0,0.0
2016-06-24 00:00:00+08:00,38.2706554560738,38.33035944653803,36.36010812820597,36.59892654418945,2197617,0.0,0.0
2016-06-27 00:00:00+08:00,36.41981291778922,37.31538009643555,36.41981291778922,37.31538009643555,1259631,0.0,0.0
2016-06-28 00:00:00+08:00,37.31538305501047,38.21095275878906,37.076564630944624,38.21095275878906,2065326,0.0,0.0
2016-06-29 00:00:00+08:00,38.807997851741376,40.240908315117075,38.807997851741376,39.70356750488281,6091685,0.0,0.0
2016-06-30 00:00:00+08:00,40.06179826442159,40.18120625566712,39.46475094581371,40.00209426879883,2815895,0.0,0.0
2016-07-01 00:00:00+08:00,40.18120170797198,40.24090815096394,39.70356734292162,39.76327133178711,1784703,0.0,0.0
2016-07-04 00:00:00+08:00,39.8826776577264,40.53942887042597,39.643859258028954,40.4797248840332,2160606,0.0,0.0
2016-07-05 00:00:00+08:00,40.71854274041986,40.778246726016,38.80799556833287,39.04681396484375,3298064,0.0,0.0
2016-07-06 00:00:00+08:00,39.04681847774277,39.52445532596817,39.04681847774277,39.28563690185547,1185233,0.0,0.0
2016-07-07 00:00:00+08:00,39.58415985107422,39.88268227170009,39.46474941034788,39.58415985107422,1015313,0.0,0.0
2016-07-08 00:00:00+08:00,39.58415985107422,39.58415985107422,39.58415985107422,39.58415985107422,0,0.0,0.0
2016-07-11 00:00:00+08:00,39.88267367800307,40.061788073434684,39.16621855040276,39.40503692626953,1412620,0.0,0.0
2016-07-12 00:00:00+08:00,40.00208974137553,40.420022571686864,39.70356734292162,39.76327133178711,1772615,0.0,0.0
2016-07-13 00:00:00+08:00,39.7632742851004,39.94238626499993,39.52445585777438,39.58415985107422,897525,0.0,0.0
2016-07-14 00:00:00+08:00,39.584160375710574,40.30061566718434,39.584160375710574,39.88268280029297,1227639,0.0,0.0
2016-07-15 00:00:00+08:00,40.18120539356613,40.24091184203463,39.82297897338867,39.82297897338867,1206796,0.0,0.0
2016-07-18 00:00:00+08:00,40.002091158367946,40.30061356739639,39.76327274031988,40.240909576416016,2210378,0.0,0.0
2016-07-19 00:00:00+08:00,40.2409116730932,40.2409116730932,39.76327481211069,39.88268280029297,1538831,0.0,0.0
2016-07-20 00:00:00+08:00,39.88267915501857,39.94238314365277,39.584156757721104,37.6139030456543,2609951,0.0,0.0
2016-07-21 00:00:00+08:00,40.454496914792436,40.51770640854739,40.075237354042834,40.201656341552734,2010649,3.242498,0.0
2016-07-22 00:00:00+08:00,40.20165749455394,40.20165749455394,39.82239532470703,39.82239532470703,848127,0.0,0.0
2016-07-25 00:00:00+08:00,39.94881657569053,39.94881657569053,38.87424476725935,39.00066375732422,1924366,0.0,0.0
2016-07-26 00:00:00+08:00,38.937454442039225,39.69597618058987,38.68461386252235,39.569557189941406,1244001,0.0,0.0
2016-07-27 00:00:00+08:00,39.569557304493976,40.01202637126447,39.31671672424513,39.759185791015625,1143044,0.0,0.0
2016-07-28 00:00:00+08:00,39.822395500048955,40.39128875732422,39.569557516664375,40.39128875732422,1369974,0.0,0.0
2016-07-29 00:00:00+08:00,40.45449447631836,40.770544524262476,40.32807549642861,40.45449447631836,1185020,0.0,0.0
2016-08-01 00:00:00+08:00,40.58091247884133,41.149805669302985,40.264862438509084,41.02338409423828,1415307,0.0,0.0
2016-08-02 00:00:00+08:00,41.149810753556565,41.52907032917064,41.02338916287187,41.08660125732422,953667,0.0,0.0
2016-08-03 00:00:00+08:00,40.770548151104336,40.96017923602779,39.69597633357138,39.82239532470703,1992451,0.0,0.0
2016-08-04 00:00:00+08:00,40.075237076060866,40.075237076060866,39.00066269858099,39.506343841552734,1894881,0.0,0.0
2016-08-05 00:00:00+08:00,39.50634371984381,39.63276530430722,39.19029365601511,39.316715240478516,726269,0.0,0.0
2016-08-08 00:00:00+08:00,39.316713179132755,40.32807540893555,39.19029160129754,40.32807540893555,1495811,0.0,0.0
2016-08-09 00:00:00+08:00,40.075236952599326,40.32807752330626,39.19029365601511,39.316715240478516,1235021,0.0,0.0
2016-08-10 00:00:00+08:00,40.138447155471255,41.402650031360274,39.94881607453292,40.96017837524414,3840887,0.0,0.0
2016-08-11 00:00:00+08:00,41.21301925484469,41.71870040893555,40.833759688386515,41.71870040893555,4311139,0.0,0.0
2016-08-12 00:00:00+08:00,42.1611734097973,42.28759240323242,41.465861151244056,41.90833282470703,2461612,0.0,0.0
2016-08-15 00:00:00+08:00,42.224378731459076,44.37352479133343,42.16116924099153,43.931053161621094,5376029,0.0,0.0
2016-08-16 00:00:00+08:00,44.247105810398345,44.56315326273606,43.36216255097368,43.931053161621094,2847967,0.0,0.0
2016-08-17 00:00:00+08:00,43.741428450823186,44.816000274035204,43.36216627897189,43.86784744262695,2886433,0.0,0.0
2016-08-18 00:00:00+08:00,44.120684469768584,44.815999302495975,43.804636997110556,44.56315612792969,2466484,0.0,0.0
2016-08-19 00:00:00+08:00,44.56315339370808,45.384887165080286,44.12068176269531,44.12068176269531,2323228,0.0,0.0
2016-08-22 00:00:00+08:00,44.247108459472656,44.43673694222834,43.74142730901765,44.247108459472656,1479875,0.0,0.0
2016-08-23 00:00:00+08:00,44.49994882866397,47.21798840624817,44.31032033571442,47.1547737121582,5786339,0.0,0.0
2016-08-24 00:00:00+08:00,47.4076139304106,47.53403291779361,45.06883668162587,46.33304214477539,3913646,0.0,0.0
2016-08-25 00:00:00+08:00,46.26983334713154,46.96514298463761,46.14341435784677,44.6895751953125,2214667,0.0,0.0
2016-08-26 00:00:00+08:00,46.4441319880324,47.29691972961554,46.378532131535266,46.640926361083984,2355597,0.0,1.037793
2016-08-29 00:00:00+08:00,46.64092597295325,46.64092597295325,45.98493780632045,46.181732177734375,1400102,0.0,0.0
2016-08-30 00:00:00+08:00,46.444129413534576,48.084104949296346,46.05053549280933,48.01850509643555,3080160,0.0,0.0
2016-08-31 00:00:00+08:00,48.01850442031332,48.280898631622335,47.49371080125581,47.82170486450195,1936388,0.0,0.0
2016-09-01 00:00:00+08:00,47.55931186589607,47.82170608389581,46.312930236627984,46.444129943847656,2238481,0.0,0.0
2016-09-02 00:00:00+08:00,46.64092747858471,46.772127194722486,45.46014562266458,46.24733352661133,1511632,0.0,0.0
2016-09-05 00:00:00+08:00,46.247331982196755,47.29691928336844,46.247331982196755,47.231319427490234,1200001,0.0,0.0
2016-09-06 00:00:00+08:00,47.16571929785872,48.01850702644615,46.903325072308654,47.49371337890625,1596938,0.0,0.0
2016-09-07 00:00:00+08:00,47.7561112971888,48.084105367908705,47.4281120300293,47.4281120300293,1226191,0.0,0.0
2016-09-08 00:00:00+08:00,47.362516350808804,48.01850974650303,47.362516350808804,47.88731002807617,1133047,0.0,0.0
2016-09-09 00:00:00+08:00,48.01850741828863,48.01850741828863,47.559313622499054,47.95290756225586,1143433,0.0,0.0
2016-09-12 00:00:00+08:00,47.756113078076076,47.756113078076076,47.231319427490234,47.231319427490234,799444,0.0,0.0
2016-09-13 00:00:00+08:00,47.69051198442525,47.75611183860086,46.11613107352964,46.903324127197266,1625534,0.0,0.0
2016-09-14 00:00:00+08:00,46.903326910860265,47.16572114669586,46.24733352661133,46.24733352661133,685537,0.0,0.0
2016-09-19 00:00:00+08:00,46.7065291981545,46.96892344444789,46.44413495186111,46.77212905883789,860125,0.0,0.0
2016-09-20 00:00:00+08:00,46.57532947678772,47.23132288718144,46.57532947678772,46.77212905883789,1239809,0.0,0.0
2016-09-21 00:00:00+08:00,47.165724069751505,48.14971160888672,46.575330506982326,48.14971160888672,1855964,0.0,0.0
2016-09-22 00:00:00+08:00,48.87129969948439,49.527287927947675,48.14971160888672,48.14971160888672,3174815,0.0,0.0
2016-09-23 00:00:00+08:00,48.21530708710151,48.21530708710151,47.231324727824585,47.29692459106445,1521043,0.0,0.0
2016-09-26 00:00:00+08:00,46.6409244630383,46.968918535736485,46.11613082885742,46.11613082885742,1548006,0.0,0.0
2016-09-27 00:00:00+08:00,46.11613082885742,46.11613082885742,46.11613082885742,46.11613082885742,0,0.0,0.0
2016-09-28 00:00:00+08:00,46.11613082885742,46.11613082885742,46.11613082885742,46.11613082885742,0,0.0,0.0
2016-09-29 00:00:00+08:00,46.31293419271412,48.34650384613011,46.31293419271412,47.88731002807617,3650537,0.0,0.0
2016-09-30 00:00:00+08:00,48.3464972631214,49.4616791285829,48.2152975625591,48.543296813964844,4077568,0.0,0.0
2016-10-03 00:00:00+08:00,48.74009544176947,49.06808952549351,47.690513334564585,47.95290756225586,1517758,0.0,0.0
2016-10-04 00:00:00+08:00,48.14970946492988,48.34650384613011,47.821710168862744,47.88731002807617,938274,0.0,0.0
2016-10-05 00:00:00+08:00,48.01850769646398,48.01850769646398,47.493714041601464,47.690513610839844,754270,0.0,0.0
2016-10-06 00:00:00+08:00,47.887302204494276,47.887302204494276,46.90332006637097,47.165714263916016,1333337,0.0,0.0
2016-10-07 00:00:00+08:00,47.03451863910883,47.49371242189843,46.837724273021664,46.903324127197266,895870,0.0,0.0
2016-10-11 00:00:00+08:00,47.23131429723446,47.62490819331181,45.06654527058945,45.85373306274414,2545353,0.0,0.0
2016-10-12 00:00:00+08:00,45.06654632300277,45.78813428325553,45.06654632300277,45.460140228271484,833591,0.0,0.0
2016-10-13 00:00:00+08:00,45.59134075108595,46.05053451492096,45.328941345214844,45.328941345214844,800490,0.0,0.0
2016-10-14 00:00:00+08:00,45.19775215537183,45.32894667730048,43.03298018626851,43.62337112426758,3011757,0.0,0.0
2016-10-17 00:00:00+08:00,43.62337066072822,44.54175828667029,43.492173541973635,44.21376419067383,841574,0.0,0.0
2016-10-18 00:00:00+08:00,44.3449594031618,44.47615391036987,43.754565933187365,44.01696014404297,649217,0.0,0.0
2016-10-19 00:00:00+08:00,44.279364416276444,45.13215219080159,44.1481646982141,44.67295837402344,789826,0.0,0.0
2016-10-20 00:00:00+08:00,44.73855116076638,45.06654520763276,44.476151766121895,44.80414581298828,395060,0.0,0.0
2016-10-21 00:00:00+08:00,44.804152235976474,44.804152235976474,44.27936376433385,44.476158142089844,489219,0.0,0.0
2016-10-24 00:00:00+08:00,44.541751861572266,44.738551408646025,44.476152012547686,44.541751861572266,246636,0.0,0.0
2016-10-25 00:00:00+08:00,44.738552912909775,44.738552912909775,44.47615350798867,44.60735321044922,331739,0.0,0.0
2016-10-26 00:00:00+08:00,44.60735444197492,45.19774792290765,44.60735444197492,44.93534851074219,533542,0.0,0.0
2016-10-27 00:00:00+08:00,44.804152235976474,44.93535195210711,44.476158142089844,44.476158142089844,423557,0.0,0.0
2016-10-28 00:00:00+08:00,43.95136164992703,43.95136164992703,42.967379431492596,43.3609733581543,1320239,0.0,0.0
2016-10-31 00:00:00+08:00,43.36097240344471,43.36097240344471,42.770578928231465,43.098575592041016,640058,0.0,0.0
2016-11-01 00:00:00+08:00,43.09857681741867,43.95136193184246,42.83617999855451,43.426570892333984,580840,0.0,0.0
2016-11-02 00:00:00+08:00,42.967380686092675,43.295374768481224,42.3113899230957,42.3113899230957,779253,0.0,0.0
2016-11-03 00:00:00+08:00,41.98339385739437,42.31139054280679,41.065006256103516,41.065006256103516,1319943,0.0,0.0
2016-11-04 00:00:00+08:00,41.065007553438384,42.11459490134097,41.065007553438384,41.786598205566406,612396,0.0,0.0
2016-11-07 00:00:00+08:00,42.44258295910662,42.901776708913474,42.11458890822725,42.57378005981445,616387,0.0,0.0
2016-11-08 00:00:00+08:00,42.77057863876927,42.77057863876927,41.39299993510762,41.98339080810547,655158,0.0,0.0
2016-11-09 00:00:00+08:00,41.85219523822874,42.18018931363496,39.621826171875,39.621826171875,2117712,0.0,0.0
2016-11-10 00:00:00+08:00,40.67141528524905,41.852197127888495,40.67141528524905,41.524200439453125,1124996,0.0,0.0
2016-11-11 00:00:00+08:00,41.52420062037616,41.52420062037616,40.73701272185338,40.86820983886719,930671,0.0,0.0
2016-11-14 00:00:00+08:00,41.32739860731396,42.311385958724536,40.86820485641831,41.917789459228516,982702,0.0,0.0
2016-11-15 00:00:00+08:00,41.72099618773385,42.11459272193897,41.13060528375599,41.196205139160156,1009590,0.0,0.0
2016-11-16 00:00:00+08:00,41.393002107152775,41.72099618773385,40.933808315763365,41.196205139160156,766732,0.0,0.0
2016-11-17 00:00:00+08:00,41.196202945291,41.32740005089266,40.5402122208432,40.605812072753906,633924,0.0,0.0
2016-11-18 00:00:00+08:00,40.605812072753906,40.868206283957235,40.40901511524154,40.605812072753906,759218,0.0,0.0
2016-11-21 00:00:00+08:00,40.86821246600045,41.06500945328185,40.540218353271484,40.540218353271484,585977,0.0,0.0
2016-11-22 00:00:00+08:00,40.671417236328125,40.93381148179999,40.671417236328125,40.671417236328125,691993,0.0,0.0
2016-11-23 00:00:00+08:00,40.737009040656204,40.8682061458144,40.146618170114756,40.212215423583984,1384595,0.0,0.0
2016-11-24 00:00:00+08:00,40.34341526333084,40.80260903026627,40.01542120021681,40.605812072753906,831759,0.0,0.0
2016-11-25 00:00:00+08:00,40.73701216891103,41.720997028708425,40.73701216891103,41.065006256103516,1207392,0.0,0.0
2016-11-28 00:00:00+08:00,41.26180349632761,41.58979756499905,40.93380682943638,41.1306037902832,669795,0.0,0.0
2016-11-29 00:00:00+08:00,41.32740308478947,41.32740308478947,40.93380914087051,41.065006256103516,547075,0.0,0.0
2016-11-30 00:00:00+08:00,41.06500945328185,41.196209176949544,40.540218353271484,40.540218353271484,838979,0.0,0.0
2016-12-01 00:00:00+08:00,40.54021751537212,40.86821162132199,40.40902039263619,40.671417236328125,591482,0.0,0.0
2016-12-02 00:00:00+08:00,40.40901687838534,41.19620474278172,40.40901687838534,40.73701095581055,745008,0.0,0.0
2016-12-05 00:00:00+08:00,40.93381148179999,41.13060846501393,40.60581737585012,40.671417236328125,887441,0.0,0.0
2016-12-06 00:00:00+08:00,41.065005428351824,41.196205139160156,40.80261120317491,41.196205139160156,711761,0.0,0.0
2016-12-07 00:00:00+08:00,41.720998346767495,42.24579202071879,41.458604108011855,41.786598205566406,2452653,0.0,0.0
2016-12-08 00:00:00+08:00,42.048990786612784,42.048990786612784,41.32740020751953,41.32740020751953,1393703,0.0,0.0
2016-12-09 00:00:00+08:00,41.52419716577774,41.52419716577774,40.99940614316244,41.32740020751953,664825,0.0,0.0
2016-12-12 00:00:00+08:00,41.58980029678419,41.852197127888495,41.45860318034201,41.524200439453125,810268,0.0,0.0
2016-12-13 00:00:00+08:00,41.393002107152775,41.655398930549566,41.13060528375599,41.196205139160156,534156,0.0,0.0
2016-12-14 00:00:00+08:00,41.32740129996755,41.39300115386093,40.86820751915349,40.933807373046875,671703,0.0,0.0
2016-12-15 00:00:00+08:00,40.80261435906406,40.86821162132199,40.47461765489411,40.671417236328125,814736,0.0,0.0
2016-12-16 00:00:00+08:00,40.67141138612578,40.99940544489677,40.40901458017717,40.802608489990234,677640,0.0,0.0
2016-12-19 00:00:00+08:00,40.93381148179999,40.93381148179999,40.60581737585012,40.671417236328125,351081,0.0,0.0
2016-12-20 00:00:00+08:00,40.73700917835557,40.80260903026627,40.5402122208432,40.605812072753906,177490,0.0,0.0
2016-12-21 00:00:00+08:00,40.67141207880534,41.78659397619526,40.67141207880534,41.32740020751953,769334,0.0,0.0
2016-12-22 00:00:00+08:00,41.32740129996755,41.32740129996755,40.933807373046875,40.933807373046875,328399,0.0,0.0
2016-12-23 00:00:00+08:00,40.802608489990234,40.93380559385469,40.73700863894816,40.802608489990234,245179,0.0,0.0
2016-12-26 00:00:00+08:00,40.802612579470264,40.999409554100964,40.73701272185338,40.86820983886719,304753,0.0,0.0
2016-12-27 00:00:00+08:00,41.13060488800874,41.13060488800874,40.671413699257414,40.73701095581055,258886,0.0,0.0
2016-12-28 00:00:00+08:00,40.73700863894816,40.86820574281261,40.67141138612578,40.802608489990234,243835,0.0,0.0
2016-12-29 00:00:00+08:00,40.933809696484076,40.999409554100964,40.802612579470264,40.86820983886719,135174,0.0,0.0
2016-12-30 00:00:00+08:00,40.86820928414404,41.13060611282999,40.86820928414404,41.065006256103516,324632,0.0,0.0
2017-01-03 00:00:00+08:00,40.999407625648224,41.65539837630194,40.933807771116896,41.393001556396484,594430,0.0,0.0
2017-01-04 00:00:00+08:00,41.458601262967065,42.37698623202879,41.458601262967065,42.04899215698242,1605206,0.0,0.0
2017-01-05 00:00:00+08:00,42.31138746969521,42.31138746969521,41.786593850439516,41.98339080810547,944469,0.0,0.0
2017-01-06 00:00:00+08:00,42.1145954693595,42.1145954693595,41.52420192864639,41.58980178833008,838942,0.0,0.0
2017-01-09 00:00:00+08:00,41.655400154115256,41.78659727055743,41.327403465679886,41.524200439453125,446196,0.0,0.0
2017-01-10 00:00:00+08:00,41.458603463152805,41.458603463152805,41.13060677248,41.26180648803711,458805,0.0,0.0
2017-01-11 00:00:00+08:00,41.06500269771915,41.196202399803305,40.73700863894816,40.802608489990234,927648,0.0,0.0
2017-01-12 00:00:00+08:00,40.73701649740906,40.80261636110582,40.08102565510207,40.14662551879883,1904818,0.0,0.0
2017-01-13 00:00:00+08:00,40.015421868738464,40.015421868738464,39.68742520192499,39.75302505493164,1442972,0.0,0.0
2017-01-16 00:00:00+08:00,39.753026824355125,40.01542364984134,39.753026824355125,39.88422393798828,493181,0.0,0.0
2017-01-17 00:00:00+08:00,39.88422691409917,40.08102389834361,39.81862705327767,40.01542663574219,491278,0.0,0.0
2017-01-18 00:00:00+08:00,40.081019404759296,40.081019404759296,39.81862258911133,39.81862258911133,551140,0.0,0.0
2017-01-19 00:00:00+08:00,39.88422866223199,40.21222278427538,39.81862879853523,40.14662551879883,672494,0.0,0.0
2017-01-20 00:00:00+08:00,40.21221651347338,40.21221651347338,39.75302533386419,39.81862258911133,591685,0.0,0.0
2017-01-23 00:00:00+08:00,39.88422393798828,40.01542364984134,39.753026824355125,39.88422393798828,603353,0.0,0.0
2017-01-24 00:00:00+08:00,40.015422149512155,40.015422149512155,39.75302533386419,39.81862258911133,495767,0.0,0.0
2017-02-02 00:00:00+08:00,40.01542132428206,40.14661843029049,39.81862176793979,39.94982147216797,383731,0.0,0.0
2017-02-03 00:00:00+08:00,39.94982309141417,40.73701095581055,39.94982309141417,40.73701095581055,1115229,0.0,0.0
2017-02-06 00:00:00+08:00,40.93380559385469,41.130602548761225,40.67141138612578,40.802608489990234,856954,0.0,0.0
2017-02-07 00:00:00+08:00,40.80261520238673,40.933812327834296,40.47461849143764,40.540218353271484,582443,0.0,0.0
2017-02-08 00:00:00+08:00,40.671413699257414,41.19620474278172,40.47461413493847,40.73701095581055,819525,0.0,0.0
2017-02-09 00:00:00+08:00,40.80261520238673,40.86821246600045,40.540218353271484,40.540218353271484,473602,0.0,0.0
2017-02-10 00:00:00+08:00,40.80261026347993,41.19620419040059,40.60581330001959,40.933807373046875,713935,0.0,0.0
2017-02-13 00:00:00+08:00,40.93380613586793,40.93380613586793,40.40901511524154,40.605812072753906,591754,0.0,0.0
2017-02-14 00:00:00+08:00,40.737010004441345,40.868207112703494,40.34341608143512,40.474613189697266,731827,0.0,0.0
2017-02-15 00:00:00+08:00,40.6058115350837,40.86820574281261,40.40901458017717,40.802608489990234,861846,0.0,0.0
2017-02-16 00:00:00+08:00,40.868207916585575,41.52419866723929,40.60581369489996,41.393001556396484,1531167,0.0,0.0
2017-02-17 00:00:00+08:00,41.458600457174434,41.52419771197685,40.99940668245858,41.1306037902832,661445,0.0,0.0
2017-02-20 00:00:00+08:00,41.32740364574547,41.39300350336235,40.86820983886719,40.86820983886719,645690,0.0,0.0
2017-02-21 00:00:00+08:00,40.868206283957235,41.0650032414696,40.5402122208432,40.605812072753906,608988,0.0,0.0
2017-02-22 00:00:00+08:00,40.80261435906406,40.80261435906406,40.60581737585012,40.671417236328125,637487,0.0,0.0
2017-02-23 00:00:00+08:00,40.73700986858955,41.39300060415223,40.73700986858955,41.1306037902832,949237,0.0,0.0
2017-02-24 00:00:00+08:00,40.99940480233186,41.6553955078125,40.80260785050964,41.6553955078125,1053327,0.0,0.0
2017-03-01 00:00:00+08:00,41.6553955078125,41.6553955078125,41.6553955078125,41.6553955078125,0,0.0,0.0
2017-03-02 00:00:00+08:00,42.77058167923208,43.09857836413836,41.983393792608894,42.114593505859375,2578474,0.0,0.0
2017-03-03 00:00:00+08:00,42.114592011279626,42.573783196700575,42.04899215698242,42.04899215698242,791501,0.0,0.0
2017-03-06 00:00:00+08:00,42.11458954652033,42.11458954652033,41.589795939295925,41.72099304199219,826928,0.0,0.0
2017-03-07 00:00:00+08:00,41.720998346767495,42.04899504254205,41.65540108618859,41.786598205566406,443681,0.0,0.0
2017-03-08 00:00:00+08:00,41.78659289245016,42.18018679875862,41.72099304199219,41.72099304199219,530506,0.0,0.0
2017-03-09 00:00:00+08:00,41.720992508590335,41.917789459228516,41.45859830655251,41.917789459228516,497540,0.0,0.0
2017-03-10 00:00:00+08:00,41.91779259798756,41.91779259798756,40.999407625648224,41.393001556396484,738479,0.0,0.0
2017-03-13 00:00:00+08:00,41.39300294151594,41.58979991347542,41.065006256103516,41.065006256103516,699447,0.0,0.0
2017-03-14 00:00:00+08:00,41.06500339710201,41.39300005967885,41.06500339710201,41.32740020751953,669380,0.0,0.0
2017-03-15 00:00:00+08:00,41.39300233525595,42.37698718064148,41.196205366178845,42.3113899230957,1422595,0.0,0.0
2017-03-16 00:00:00+08:00,42.44258499145508,42.573782098445236,41.9833912196599,42.44258499145508,1337576,0.0,0.0
2017-03-17 00:00:00+08:00,42.508182525634766,42.90177642335811,42.508182525634766,42.508182525634766,1217594,0.0,0.0
2017-03-20 00:00:00+08:00,42.63938195105019,42.77057905804034,42.376985138850124,42.44258499145508,816164,0.0,0.0
2017-03-21 00:00:00+08:00,42.44258621570187,42.967379855239564,42.44258621570187,42.77058029174805,1292267,0.0,0.0
2017-03-22 00:00:00+08:00,42.63938522338867,42.77058234044748,42.1801914163529,42.63938522338867,835819,0.0,0.0
2017-03-23 00:00:00+08:00,42.770577009986006,42.967376558377204,42.50818280857036,42.57378005981445,612037,0.0,0.0
2017-03-24 00:00:00+08:00,42.63938098675222,42.70498083787363,42.1145899724401,42.1801872253418,595667,0.0,0.0
2017-03-27 00:00:00+08:00,42.37698346508744,42.37698346508744,41.52419580778457,41.6553955078125,1071667,0.0,0.0
2017-03-28 00:00:00+08:00,41.65540108618859,42.11459490134097,41.32740439041403,41.786598205566406,647531,0.0,0.0
2017-03-29 00:00:00+08:00,41.91779095614357,42.04899066006737,41.786593850439516,41.98339080810547,282007,0.0,0.0
2017-03-30 00:00:00+08:00,41.45859909057617,41.58979619407615,40.99940533099671,41.45859909057617,1312291,0.0,0.0
2017-03-31 00:00:00+08:00,41.85219316617419,42.2457870764632,41.655396211029675,42.1801872253418,897491,0.0,0.0
2017-04-05 00:00:00+08:00,42.37698310964289,42.770577009986006,42.18018615947134,42.57378005981445,1245965,0.0,0.0
2017-04-06 00:00:00+08:00,42.442586641483885,42.442586641483885,41.72099602943556,41.852195739746094,791743,0.0,0.0
2017-04-07 00:00:00+08:00,41.72099329757613,41.98339010279578,41.3273993888565,41.45859909057617,1075024,0.0,0.0
2017-04-10 00:00:00+08:00,41.98339010279578,41.98339010279578,41.45859909057617,41.45859909057617,425412,0.0,0.0
2017-04-11 00:00:00+08:00,40.99940383152108,40.99940383152108,39.293828557301076,39.35942840576172,4165152,0.0,0.0
2017-04-12 00:00:00+08:00,39.293829477424566,39.293829477424566,38.178645018577875,38.57223892211914,1606153,0.0,0.0
2017-04-13 00:00:00+08:00,38.506646965876925,38.96583818434447,38.309849987042256,38.63784408569336,660077,0.0,0.0
2017-04-14 00:00:00+08:00,38.63784662174829,38.63784662174829,37.06346808951415,37.19466781616211,1590304,0.0,0.0
2017-04-17 00:00:00+08:00,36.99786418841511,37.785052014230835,36.99786418841511,37.45705795288086,719861,0.0,0.0
2017-04-18 00:00:00+08:00,37.71945434077729,38.113048276413174,37.58825722830528,38.04745101928711,454005,0.0,0.0
2017-04-19 00:00:00+08:00,37.71945544385887,37.785055301123236,37.39146135397694,37.65385818481445,596457,0.0,0.0
2017-04-20 00:00:00+08:00,37.653856690598666,37.85065365636233,37.52265698127633,37.5882568359375,456785,0.0,0.0
2017-04-21 00:00:00+08:00,37.719455164116845,38.37544593723557,37.65385790555892,37.91625213623047,641006,0.0,0.0
2017-04-24 00:00:00+08:00,38.1786484092896,38.1786484092896,37.98185144004108,38.1130485534668,322657,0.0,0.0
2017-04-25 00:00:00+08:00,38.76903400370654,39.29382758192576,38.57223706142921,39.09703063964844,1379608,0.0,0.0
2017-04-26 00:00:00+08:00,39.55622946519952,39.68742657754049,39.22823278701727,39.42502975463867,1002808,0.0,0.0
2017-04-27 00:00:00+08:00,39.3594318197243,39.3594318197243,38.83463818295872,38.900238037109375,496272,0.0,0.0
2017-04-28 00:00:00+08:00,38.76903400370654,39.16263048648072,38.76903400370654,39.09703063964844,486288,0.0,0.0
2017-05-02 00:00:00+08:00,39.097035833567965,39.29383280198916,38.572242185631545,38.769039154052734,614889,0.0,0.0
2017-05-03 00:00:00+08:00,38.769038328808065,39.162634855492165,38.637841218726585,38.900238037109375,299236,0.0,0.0
2017-05-04 00:00:00+08:00,39.293827056884766,39.490623996532506,39.16262996319277,39.293827056884766,678052,0.0,0.0
2017-05-05 00:00:00+08:00,39.29383291647909,39.359432772217254,39.162635803222656,39.162635803222656,454683,0.0,0.0
2017-05-08 00:00:00+08:00,39.35942976084479,39.35942976084479,39.03143310546875,39.03143310546875,588164,0.0,0.0
2017-05-09 00:00:00+08:00,39.0314370992346,39.0314370992346,38.244249202937155,38.37544631958008,1097782,0.0,0.0
2017-05-10 00:00:00+08:00,38.4410447977818,38.76903887673096,38.4410447977818,38.70344161987305,792649,0.0,0.0
2017-05-11 00:00:00+08:00,37.71945216267295,37.91624911912688,37.194661144869045,37.45705795288086,1720974,0.0,0.0
2017-05-12 00:00:00+08:00,37.457059724835005,37.719453947039995,37.260260160851495,37.5882568359375,562516,0.0,0.0
2017-05-15 00:00:00+08:00,37.26026450876635,37.65386108444246,37.26026450876635,37.39146423339844,750672,0.0,0.0
2017-05-16 00:00:00+08:00,37.71945108797587,37.98184788851151,37.65385383650669,37.850650787353516,479700,0.0,0.0
2017-05-17 00:00:00+08:00,37.850656364617635,37.98185348510742,37.653859384772936,37.98185348510742,217687,0.0,0.0
2017-05-18 00:00:00+08:00,37.45705918106918,37.98185021608058,37.39145932736032,37.78505325317383,287322,0.0,0.0
2017-05-19 00:00:00+08:00,37.78505650526272,38.17865046495212,37.78505650526272,37.98185348510742,311749,0.0,0.0
2017-05-22 00:00:00+08:00,37.65385790555892,38.11304910834409,37.65385790555892,37.91625213623047,272662,0.0,0.0
2017-05-23 00:00:00+08:00,37.91625158421829,38.1130485534668,37.588257501544064,38.1130485534668,651671,0.0,0.0
2017-05-24 00:00:00+08:00,38.11304623581281,38.30984579131383,37.9818491303652,38.178646087646484,335697,0.0,0.0
2017-05-25 00:00:00+08:00,38.17864813175911,38.17864813175911,37.91625130859523,38.04745101928711,337384,0.0,0.0
2017-05-26 00:00:00+08:00,38.17865082677069,38.70344451014338,38.17865082677069,38.44104766845703,385103,0.0,0.0
2017-05-31 00:00:00+08:00,38.57224422667513,38.83464106452803,38.44104710685869,38.63784408569336,197617,0.0,0.0
2017-06-01 00:00:00+08:00,38.70344394471159,38.70344394471159,38.506646965876925,38.63784408569336,207993,0.0,0.0
2017-06-02 00:00:00+08:00,38.637838772115906,38.70343862211267,38.441041820345276,38.57223892211914,401644,0.0,0.0
2017-06-05 00:00:00+08:00,38.4410447977818,38.76903887673096,38.4410447977818,38.70344161987305,298779,0.0,0.0
2017-06-06 00:00:00+08:00,38.70344161987305,38.76903887673096,38.37544494270403,38.70344161987305,233636,0.0,0.0
2017-06-07 00:00:00+08:00,38.63784176479527,38.70344161987305,38.4410447977818,38.70344161987305,216684,0.0,0.0
2017-06-08 00:00:00+08:00,38.70344394471159,38.7690412055098,38.57224422667513,38.63784408569336,199422,0.0,0.0
2017-06-09 00:00:00+08:00,38.637838772115906,38.70343862211267,38.506641670342034,38.57223892211914,195974,0.0,0.0
2017-06-12 00:00:00+08:00,38.047452228862795,38.50664603444296,37.98185237143135,38.37544631958008,336082,0.0,0.0
2017-06-13 00:00:00+08:00,38.178645269846115,38.637839026406276,38.178645269846115,38.309844970703125,236096,0.0,0.0
2017-06-14 00:00:00+08:00,38.30984688640504,38.50664384931179,37.719453399464975,37.78505325317383,394129,0.0,0.0
2017-06-15 00:00:00+08:00,37.785055301123236,37.98185227469638,37.52265847028573,37.65385818481445,261665,0.0,0.0
2017-06-16 00:00:00+08:00,37.65385383650669,38.30984453873598,37.65385383650669,37.850650787353516,338869,0.0,0.0
2017-06-19 00:00:00+08:00,37.91625158421829,38.1786484092896,37.85065432661538,38.1130485534668,320026,0.0,0.0
2017-06-20 00:00:00+08:00,38.37544186790237,39.22822952270508,38.1786449166571,39.22822952270508,902751,0.0,0.0
2017-06-21 00:00:00+08:00,39.35942964982351,39.884220659437325,39.09703284590676,39.68742370605469,1086437,0.0,0.0
2017-06-22 00:00:00+08:00,39.68742520192499,39.75302505493164,39.35943113333129,39.75302505493164,526816,0.0,0.0
2017-06-23 00:00:00+08:00,39.621825348918335,39.818622309718506,39.55622809413146,39.75302505493164,301798,0.0,0.0
2017-06-26 00:00:00+08:00,39.7530231248389,39.7530231248389,39.097032421281455,39.22822952270508,593702,0.0,0.0
2017-06-27 00:00:00+08:00,39.22823196637465,39.75302560119978,39.22823196637465,39.55622863769531,563034,0.0,0.0
2017-06-28 00:00:00+08:00,39.55622535292406,39.55622535292406,39.228228708840426,39.35942840576172,289740,0.0,0.0
2017-06-29 00:00:00+08:00,39.425026473950346,39.425026473950346,39.22822952270508,39.22822952270508,241528,0.0,0.0
2017-06-30 00:00:00+08:00,39.03143924702755,39.03143924702755,38.57224541617921,38.96583938598633,309266,0.0,0.0
2017-07-03 00:00:00+08:00,39.031430792816145,39.359427428758046,39.031430792816145,39.09703063964844,194820,0.0,0.0
2017-07-04 00:00:00+08:00,39.22823306074093,39.49062988547369,38.96583623600817,39.162635803222656,201199,0.0,0.0
2017-07-05 00:00:00+08:00,39.293832642297694,39.42502975463867,39.22823278701727,39.42502975463867,283268,0.0,0.0
2017-07-06 00:00:00+08:00,39.68742370605469,39.75302355658879,39.35942964982351,39.68742370605469,282628,0.0,0.0
2017-07-07 00:00:00+08:00,39.68742602624418,39.8186231367627,39.49062906135648,39.621826171875,243623,0.0,0.0
2017-07-10 00:00:00+08:00,39.62182260316511,39.68742245162575,39.35942840576172,39.35942840576172,217584,0.0,0.0
2017-07-11 00:00:00+08:00,39.0970359474845,39.49062988547369,39.031436091746336,39.162635803222656,413223,0.0,0.0
2017-07-12 00:00:00+08:00,39.16263048648072,39.359427428758046,39.09703063964844,39.09703063964844,246203,0.0,0.0
2017-07-13 00:00:00+08:00,39.22823211142299,39.293831965573645,38.900238037109375,38.900238037109375,375972,0.0,0.0
2017-07-14 00:00:00+08:00,39.2282300594065,39.2282300594065,38.83463615153101,39.03143310546875,236436,0.0,0.0
2017-07-17 00:00:00+08:00,39.293831965573645,39.293831965573645,38.70344107287724,38.900238037109375,478335,0.0,0.0
2017-07-18 00:00:00+08:00,39.16263280690704,39.16263280690704,38.90023600225015,39.03143310546875,206003,0.0,0.0
2017-07-19 00:00:00+08:00,39.03143310546875,39.097032956187896,38.90023600225015,39.03143310546875,254405,0.0,0.0
2017-07-20 00:00:00+08:00,39.031432995372654,39.75302355658879,38.96583314483855,39.68742370605469,667574,0.0,0.0
2017-07-21 00:00:00+08:00,39.75302505493164,39.88422216272516,39.49062824112482,39.75302505493164,326062,0.0,0.0
2017-07-24 00:00:00+08:00,39.75302643282092,39.75302643282092,39.35943249757812,39.42502975463867,272356,0.0,0.0
2017-07-25 00:00:00+08:00,39.62182589338359,39.75302560119978,39.42502892987912,39.55622863769531,305753,0.0,0.0
2017-07-26 00:00:00+08:00,39.556234782311186,39.75303177638585,39.49063491821289,39.49063491821289,256848,0.0,0.0
2017-07-27 00:00:00+08:00,39.490628783787216,39.687425747291684,39.490628783787216,39.55622863769531,423775,0.0,0.0
2017-07-28 00:00:00+08:00,39.55622671478254,39.55622671478254,38.965833254749604,39.03143310546875,873011,0.0,0.0
2017-07-31 00:00:00+08:00,39.03143310546875,39.293829910125645,38.965833254749604,39.03143310546875,687953,0.0,0.0
2017-08-01 00:00:00+08:00,39.03143738087964,39.22823435637406,38.96583752297484,36.34187698364258,1797284,0.0,0.0
2017-08-02 00:00:00+08:00,37.78202164307871,38.19047824848505,37.78202164307871,37.918174743652344,1206762,1.941186,0.0
2017-08-03 00:00:00+08:00,38.12240446335344,38.1904810185781,37.78202438354492,37.78202438354492,362156,0.0,0.0
2017-08-04 00:00:00+08:00,37.78202064999363,37.91817374698854,37.44164330013536,37.50971984863281,491648,0.0,0.0
2017-08-07 00:00:00+08:00,37.5097188038111,37.57779265409788,37.2374153137207,37.2374153137207,586419,0.0,0.0
2017-08-08 00:00:00+08:00,37.237417152678375,37.237417152678375,36.420509338378906,36.420509338378906,984104,0.0,0.0
2017-08-09 00:00:00+08:00,36.55665974199063,36.760886695565496,36.420509338378906,36.420509338378906,417323,0.0,0.0
2017-08-10 00:00:00+08:00,36.42050957155668,36.42050957155668,35.39937210083008,35.39937210083008,807717,0.0,0.0
2017-08-11 00:00:00+08:00,34.718614241884474,35.12706814642694,34.718614241884474,35.05899429321289,595657,0.0,0.0
2017-08-14 00:00:00+08:00,35.12706874331284,35.33129569905434,33.76555660380771,33.79959487915039,1207935,0.0,0.0
2017-08-15 00:00:00+08:00,34.037865146608645,34.37824255776984,33.935750305471295,34.24209213256836,677687,0.0,0.0
2017-08-16 00:00:00+08:00,34.03785957341151,34.92284393310547,34.03785957341151,34.92284393310547,390907,0.0,0.0
2017-08-17 00:00:00+08:00,35.53552242719146,35.67167282104492,35.12706585300232,35.67167282104492,386944,0.0,0.0
2017-08-18 00:00:00+08:00,35.39936930366252,35.807823181152344,35.12706581989784,35.807823181152344,275007,0.0,0.0
2017-08-21 00:00:00+08:00,35.9439778557189,36.3524317512147,35.9439778557189,36.1482048034668,236385,0.0,0.0
2017-08-22 00:00:00+08:00,36.14820956389766,36.62474007016952,36.14820956389766,36.556663513183594,273086,0.0,0.0
2017-08-23 00:00:00+08:00,36.6247357504888,36.6247357504888,36.28435570201987,36.35243225097656,283527,0.0,0.0
2017-08-24 00:00:00+08:00,36.14820856437909,36.42051208847864,36.14820856437909,36.284358978271484,276791,0.0,0.0
2017-08-25 00:00:00+08:00,36.284360448291736,36.76089096069336,36.284360448291736,36.76089096069336,517332,0.0,0.0
2017-08-28 00:00:00+08:00,36.760891988202296,36.89704241141624,36.48858844545948,35.53553009033203,383657,0.0,0.0
2017-08-29 00:00:00+08:00,37.1081899667077,37.46160129972397,37.1081899667077,37.178871154785156,370758,0.0,1.038289
2017-08-30 00:00:00+08:00,37.320234865919126,37.46159993323194,37.10818861310711,37.24955368041992,339174,0.0,0.0
2017-08-31 00:00:00+08:00,37.390921262103035,37.53228364260743,36.96682603164612,37.03750991821289,324311,0.0,0.0
2017-09-01 00:00:00+08:00,37.320237375536266,37.320237375536266,36.96682603164612,37.03750991821289,209829,0.0,0.0
2017-09-04 00:00:00+08:00,37.03751258117683,37.03751258117683,36.260005950927734,36.260005950927734,527693,0.0,0.0
2017-09-05 00:00:00+08:00,36.260002074429416,36.754778477816764,36.260002074429416,36.68409729003906,214265,0.0,0.0
2017-09-06 00:00:00+08:00,37.03750613686592,37.108187319901916,36.47204588732074,36.61341094970703,362437,0.0,0.0
2017-09-07 00:00:00+08:00,36.61341724810899,37.60297015872602,36.61341724810899,37.461605072021484,690918,0.0,0.0
2017-09-08 00:00:00+08:00,38.52183783947374,38.87524919579919,37.95638020861596,38.309791564941406,1898654,0.0,0.0
2017-09-11 00:00:00+08:00,38.945931669687276,39.299343037638394,38.521839106671834,38.663204193115234,1961968,0.0,0.0
2017-09-12 00:00:00+08:00,38.663204299807134,39.157980755566996,38.23910903930664,38.23910903930664,614491,0.0,0.0
2017-09-13 00:00:00+08:00,38.168426483148295,38.38047275768063,38.09774529040907,38.309791564941406,473810,0.0,0.0
2017-09-14 00:00:00+08:00,38.168425178360096,38.38047144564362,38.09774398803711,38.09774398803711,382460,0.0,0.0
2017-09-15 00:00:00+08:00,38.02706018794323,39.157978109886805,37.885695110660954,38.875247955322266,615483,0.0,0.0
2017-09-18 00:00:00+08:00,38.87524916493895,39.15797932830073,38.45115661621094,38.45115661621094,625559,0.0,0.0
2017-09-19 00:00:00+08:00,38.38046646118164,38.87524281812978,38.23910140258014,38.38046646118164,400418,0.0,0.0
2017-09-20 00:00:00+08:00,38.309791564941406,38.66320292126686,38.23910767588752,38.309791564941406,367077,0.0,0.0
2017-09-21 00:00:00+08:00,38.239105140014246,38.875246617739414,38.16842395196233,38.8045654296875,354293,0.0,0.0
2017-09-22 00:00:00+08:00,38.66320168755615,38.875247955322266,38.45115541979004,38.875247955322266,437296,0.0,0.0
2017-09-25 00:00:00+08:00,38.875249258208,39.08729553308075,38.027061462402344,38.027061462402344,616580,0.0,0.0
2017-09-26 00:00:00+08:00,38.16842784404727,38.38047412614014,38.02706275721378,38.23910903930664,294725,0.0,0.0
2017-09-27 00:00:00+08:00,38.38046898593113,38.38046898593113,37.88569259643555,37.88569259643555,234547,0.0,0.0
2017-09-28 00:00:00+08:00,38.16842255710472,38.16842255710472,37.39091873168945,37.39091873168945,295109,0.0,0.0
2017-09-29 00:00:00+08:00,37.39092011164651,37.67364756027082,37.03750877863025,37.178871154785156,261535,0.0,0.0
2017-10-02 00:00:00+08:00,37.95637891107656,38.09774398803711,37.815013834116016,38.09774398803711,290179,0.0,0.0
2017-10-03 00:00:00+08:00,38.16842784404727,38.309792930880775,38.16842784404727,38.23910903930664,194319,0.0,0.0
2017-10-05 00:00:00+08:00,38.521839106671834,39.51139201546087,38.38047402022844,38.663204193115234,1664415,0.0,0.0
2017-10-06 00:00:00+08:00,39.08729422308838,39.37002437765292,38.73388287803999,38.875247955322266,789830,0.0,0.0
2017-10-11 00:00:00+08:00,39.37002696527098,39.794119528676944,39.01661559699443,39.44070816040039,1213731,0.0,0.0
2017-10-12 00:00:00+08:00,39.7234357227013,39.7234357227013,38.875247955322266,38.875247955322266,986183,0.0,0.0
2017-10-13 00:00:00+08:00,38.87524919579919,38.87524919579919,38.168426483148295,38.309791564941406,629155,0.0,0.0
2017-10-16 00:00:00+08:00,38.38047272721315,38.663202890574944,38.16842645284915,38.45115661621094,408896,0.0,0.0
2017-10-17 00:00:00+08:00,38.52183787027995,38.66320295218611,38.168426513671875,38.168426513671875,416667,0.0,0.0
2017-10-18 00:00:00+08:00,38.23910773727509,38.45115670846251,38.027061462402344,38.027061462402344,200285,0.0,0.0
2017-10-19 00:00:00+08:00,38.38047412614014,38.59252040823301,38.09774664878791,38.23910903930664,322373,0.0,0.0
2017-10-20 00:00:00+08:00,38.1684265444224,38.1684265444224,37.88569638038229,38.027061462402344,291260,0.0,0.0
2017-10-23 00:00:00+08:00,38.23910639456546,38.23910639456546,37.95637893676758,37.95637893676758,147687,0.0,0.0
2017-10-24 00:00:00+08:00,38.027061431765716,38.38047278837379,37.88569634985955,38.168426513671875,253558,0.0,0.0
2017-10-25 00:00:00+08:00,38.16842139164882,38.45115151752009,37.67364501953125,37.67364501953125,537535,0.0,0.0
2017-10-26 00:00:00+08:00,37.67364880834542,37.956378962650675,37.67364880834542,37.81501388549805,132441,0.0,0.0
2017-10-27 00:00:00+08:00,38.027056328713186,38.027056328713186,37.532279956595616,37.67364501953125,259169,0.0,0.0
2017-10-30 00:00:00+08:00,37.81501123713153,37.885692422600414,37.39091873168945,37.39091873168945,287932,0.0,0.0
2017-10-31 00:00:00+08:00,37.390925202255474,37.673652689371885,37.32024130824023,37.53228759765625,160505,0.0,0.0
2017-11-01 00:00:00+08:00,37.53228626721637,37.67365135392092,37.39092387682659,37.461605072021484,220002,0.0,0.0
2017-11-02 00:00:00+08:00,37.53228759765625,37.53228759765625,37.390925202255474,37.53228759765625,161564,0.0,0.0
2017-11-03 00:00:00+08:00,37.60296498441049,37.60296498441049,37.320234849906186,37.39091873168945,393268,0.0,0.0
2017-11-06 00:00:00+08:00,37.532286302852725,37.532286302852725,37.249558825489956,37.32024002075195,331101,0.0,0.0
2017-11-07 00:00:00+08:00,37.461603800455734,38.168426513671875,37.461603800455734,38.168426513671875,474030,0.0,0.0
2017-11-08 00:00:00+08:00,38.1684265444224,38.1684265444224,37.956380269549655,38.027061462402344,180427,0.0,0.0
2017-11-09 00:00:00+08:00,38.02705766433635,38.09774154644394,37.81501141064235,37.88569259643555,266848,0.0,0.0
2017-11-10 00:00:00+08:00,37.81500649546547,38.663194096308814,37.74432531885938,38.59251022338867,459984,0.0,0.0
2017-11-13 00:00:00+08:00,38.52184054335084,38.52184054335084,37.53228759765625,37.53228759765625,629977,0.0,0.0
2017-11-14 00:00:00+08:00,37.53228248780142,37.74433144466277,37.1081899667077,37.178871154785156,325506,0.0,0.0
2017-11-15 00:00:00+08:00,37.17886850293792,37.17886850293792,36.54272976667104,36.61341094970703,510247,0.0,0.0
2017-11-16 00:00:00+08:00,36.40136470428474,36.825457195129324,36.330683521248744,36.61341094970703,276999,0.0,0.0
2017-11-17 00:00:00+08:00,36.754782334813534,38.09774661403455,36.68410113961864,37.461605072021484,741586,0.0,0.0
2017-11-20 00:00:00+08:00,37.67365404040202,37.67365404040202,36.754784955770745,36.82546615600586,214256,0.0,0.0
2017-11-21 00:00:00+08:00,36.82546228003533,37.108192443847656,36.82546228003533,37.108192443847656,139146,0.0,0.0
2017-11-22 00:00:00+08:00,37.10819634957623,37.17887754981135,36.754784955770745,36.82546615600586,317232,0.0,0.0
2017-11-23 00:00:00+08:00,37.03750994386022,37.108191134161366,36.7547797900265,36.89614486694336,177175,0.0,0.0
2017-11-24 00:00:00+08:00,36.89614370616084,37.32023622725456,36.825459821768895,37.178871154785156,264577,0.0,0.0
2017-11-27 00:00:00+08:00,37.17887229871729,37.249556185284064,36.89614484139392,37.03750991821289,237718,0.0,0.0
2017-11-28 00:00:00+08:00,37.17887232446251,37.17887232446251,36.825460980327634,36.89614486694336,244144,0.0,0.0
2017-11-29 00:00:00+08:00,36.82546615600586,37.03751514934112,36.754784955770745,36.82546615600586,276221,0.0,0.0
2017-11-30 00:00:00+08:00,36.825459665594465,36.89614354968665,36.68409729003906,36.68409729003906,305902,0.0,0.0
2017-12-01 00:00:00+08:00,36.7547824435533,36.7547824435533,36.047959704254204,36.1186408996582,504928,0.0,0.0
2017-12-04 00:00:00+08:00,36.04795455932617,36.260000811588746,36.04795455932617,36.04795455932617,223986,0.0,0.0
2017-12-05 00:00:00+08:00,36.04795708986792,36.04795708986792,35.69454574584961,35.69454574584961,307621,0.0,0.0
2017-12-06 00:00:00+08:00,35.694545720349886,36.04795706411573,35.694545720349886,35.83591079711914,202825,0.0,0.0
2017-12-07 00:00:00+08:00,35.694549601417215,35.694549601417215,35.341138219224966,35.553184509277344,319514,0.0,0.0
2017-12-08 00:00:00+08:00,35.341136896792456,35.69454826576038,35.341136896792456,35.48250198364258,204421,0.0,0.0
2017-12-11 00:00:00+08:00,35.09374493315567,35.6945430948401,34.95237986678452,35.270450592041016,615311,0.0,0.0
2017-12-12 00:00:00+08:00,35.27045316711264,35.34113435730142,35.199769280609296,35.30579376220703,192251,0.0,0.0
2017-12-13 00:00:00+08:00,35.34113569096146,35.906593322753906,35.2351112053627,35.906593322753906,300176,0.0,0.0
2017-12-14 00:00:00+08:00,36.047959598724134,36.047959598724134,35.62386703491211,35.62386703491211,210839,0.0,0.0
2017-12-15 00:00:00+08:00,35.694549601417215,35.90659589146959,35.553184509277344,35.553184509277344,197720,0.0,0.0
2017-12-18 00:00:00+08:00,35.83591331681812,35.83591331681812,35.55318314340026,35.62386703491211,110430,0.0,0.0
2017-12-19 00:00:00+08:00,35.62386840350471,35.694549601417215,35.48250331136484,35.553184509277344,75327,0.0,0.0
2017-12-20 00:00:00+08:00,35.41181564331055,35.553180720385186,35.34113445293052,35.41181564331055,152693,0.0,0.0
2017-12-21 00:00:00+08:00,35.34113693237305,35.623867106357935,35.34113693237305,35.34113693237305,93318,0.0,0.0
2017-12-22 00:00:00+08:00,35.270455737034204,35.34113693237305,35.1997718453806,35.34113693237305,177237,0.0,0.0
2017-12-25 00:00:00+08:00,35.30579254434671,35.341133138222034,35.164427472530924,35.19976806640625,246357,0.0,0.0
2017-12-26 00:00:00+08:00,35.16442998250326,35.19977057890113,34.98772430419922,34.98772430419922,286065,0.0,0.0
2017-12-27 00:00:00+08:00,34.98772430419922,35.129089386105385,34.952383707801346,34.98772430419922,187154,0.0,0.0
2017-12-28 00:00:00+08:00,34.98772808435145,35.023068684567605,34.70499788999232,34.74034118652344,452132,0.0,0.0
2017-12-29 00:00:00+08:00,34.74033620218785,35.05840425481366,34.74033620218785,35.02306365966797,202394,0.0,0.0
2018-01-02 00:00:00+08:00,35.023068684567605,35.12909318153102,34.70499788999232,34.74034118652344,308727,0.0,0.0
2018-01-03 00:00:00+08:00,34.91704177856445,34.98772296866219,34.77567670205442,34.91704177856445,240807,0.0,0.0
2018-01-04 00:00:00+08:00,34.917044332556856,35.55318317891026,34.917044332556856,35.48250198364258,333655,0.0,0.0
2018-01-05 00:00:00+08:00,35.48250201936549,35.48250201936549,35.1997718453806,35.34113693237305,208199,0.0,0.0
2018-01-08 00:00:00+08:00,35.341135660807296,35.341135660807296,34.88169981869093,34.98772430419922,274916,0.0,0.0
2018-01-09 00:00:00+08:00,34.91704311140347,34.98772430419922,34.84635922229306,34.98772430419922,156901,0.0,0.0
2018-01-10 00:00:00+08:00,35.023063563711055,35.023063563711055,34.77567670205442,34.91704177856445,210449,0.0,0.0
2018-01-11 00:00:00+08:00,34.917037884511544,34.917037884511544,34.316237050425656,34.38692092895508,459275,0.0,0.0
2018-01-12 00:00:00+08:00,34.38692728059627,34.669654757994,34.38692728059627,34.56363296508789,146862,0.0,0.0
2018-01-15 00:00:00+08:00,34.56362658080723,34.634307763022385,34.38692092895508,34.38692092895508,190874,0.0,0.0
2018-01-16 00:00:00+08:00,34.351582783778824,34.49294786568498,34.351582783778824,34.45760726928711,133928,0.0,0.0
2018-01-17 00:00:00+08:00,34.35158530614999,34.634315490722656,34.316244707157125,34.634315490722656,131189,0.0,0.0
2018-01-18 00:00:00+08:00,34.740338737956726,34.91704442289788,34.669654846191406,34.669654846191406,234840,0.0,0.0
2018-01-19 00:00:00+08:00,34.63431294759115,34.98772430419922,34.63431294759115,34.98772430419922,153064,0.0,0.0
2018-01-22 00:00:00+08:00,34.987723090227995,35.02306368539965,34.88169860839844,34.88169860839844,131018,0.0,0.0
2018-01-23 00:00:00+08:00,35.05840674168822,35.093750035655574,34.88170105711053,34.95238494873047,215552,0.0,0.0
2018-01-24 00:00:00+08:00,34.95238503660966,35.058406829833984,34.846360547070574,35.058406829833984,89633,0.0,0.0
2018-01-25 00:00:00+08:00,35.05840546641998,35.199770548202856,35.05840546641998,35.12908935546875,144908,0.0,0.0
2018-01-26 00:00:00+08:00,35.129088090420524,35.30579376220703,35.129088090420524,35.30579376220703,163008,0.0,0.0
2018-01-29 00:00:00+08:00,35.34113693237305,35.41181812771188,35.30579633470363,35.34113693237305,179044,0.0,0.0
2018-01-30 00:00:00+08:00,35.34113562998573,35.34113562998573,35.05840546641998,35.12908935546875,82037,0.0,0.0
2018-01-31 00:00:00+08:00,35.129089386105385,35.129089386105385,34.63431294759115,34.98772430419922,114382,0.0,0.0
2018-02-01 00:00:00+08:00,35.05840425481366,35.12908814141962,34.98772306452228,35.02306365966797,65471,0.0,0.0
2018-02-02 00:00:00+08:00,35.09374754627393,35.09374754627393,34.88169858277062,35.02306365966797,41152,0.0,0.0
2018-02-05 00:00:00+08:00,34.634316769525505,34.84636306762695,34.56363556893001,34.84636306762695,118391,0.0,0.0
2018-02-06 00:00:00+08:00,34.59896968199941,34.59896968199941,32.86725362895297,33.362030029296875,524427,0.0,0.0
2018-02-07 00:00:00+08:00,33.29134622523731,34.068852769440845,33.29134622523731,33.60941696166992,154735,0.0,0.0
2018-02-08 00:00:00+08:00,33.57408016285998,33.609420760610554,33.22066879272461,33.22066879272461,162232,0.0,0.0
2018-02-09 00:00:00+08:00,33.22066879272461,33.22066879272461,33.22066879272461,33.22066879272461,0,0.0,0.0
2018-02-12 00:00:00+08:00,32.79658010481999,32.79658010481999,32.30180358886719,32.30180358886719,189835,0.0,0.0
2018-02-21 00:00:00+08:00,32.65520982850922,32.69055042484071,32.37247966522798,32.619869232177734,265795,0.0,0.0
2018-02-22 00:00:00+08:00,32.61986804303873,32.655208638081895,32.337137890064255,32.37247848510742,220623,0.0,0.0
2018-02-23 00:00:00+08:00,32.40781905501511,32.58452472640847,32.37247845999936,32.51384353637695,181171,0.0,0.0
2018-02-26 00:00:00+08:00,32.51384353637695,32.51384353637695,32.40781905501511,32.51384353637695,256409,0.0,0.0
2018-02-27 00:00:00+08:00,32.58452223302372,32.83191177183277,32.513841048400764,32.725887298583984,157999,0.0,0.0
2018-03-01 00:00:00+08:00,32.54918667040766,32.6905517578125,32.54918667040766,32.6905517578125,129545,0.0,0.0
2018-03-02 00:00:00+08:00,32.69055054771938,32.69055054771938,32.51384486908306,32.58452606201172,132705,0.0,0.0
2018-03-05 00:00:00+08:00,32.54918405982286,32.58452465476091,32.2311133127513,32.266456604003906,210096,0.0,0.0
2018-03-06 00:00:00+08:00,32.26646298693808,32.407825394654516,32.26646298693808,32.30180358886719,99808,0.0,0.0
2018-03-07 00:00:00+08:00,32.30179986171945,32.47850554729087,32.30179986171945,32.40782165527344,99107,0.0,0.0
2018-03-08 00:00:00+08:00,32.47850554729087,32.47850554729087,32.37248105742211,32.40782165527344,138965,0.0,0.0
2018-03-09 00:00:00+08:00,32.47850294136119,32.51384353637695,32.26645667495208,32.51384353637695,180216,0.0,0.0
2018-03-12 00:00:00+08:00,32.47850415053711,32.69055042484071,32.47850415053711,32.619869232177734,170567,0.0,0.0
2018-03-13 00:00:00+08:00,32.72589108264462,32.902596760948654,32.51384480794271,32.86725616455078,224058,0.0,0.0
2018-03-14 00:00:00+08:00,33.07930119165907,33.07930119165907,32.90259552001953,32.90259552001953,184960,0.0,0.0
2018-03-15 00:00:00+08:00,33.07930365042018,33.96283207428992,33.043963052728344,33.89215087890625,291166,0.0,0.0
2018-03-16 00:00:00+08:00,33.96282951901558,33.998170114048484,33.538736985991626,33.7154426574707,232003,0.0,0.0
2018-03-19 00:00:00+08:00,33.927491476598085,33.927491476598085,33.7154451941323,33.89215087890625,123563,0.0,0.0
2018-03-20 00:00:00+08:00,33.8568078107297,33.8568078107297,33.22066631343594,33.29134750366211,226886,0.0,0.0
2018-03-21 00:00:00+08:00,33.29135119318081,33.39737568658481,33.2560105941511,33.32669448852539,106653,0.0,0.0
2018-03-22 00:00:00+08:00,33.326694529864916,33.362035128938466,33.114645542793895,33.18532943725586,132788,0.0,0.0
2018-03-23 00:00:00+08:00,32.47850294136119,32.65520861275455,32.44316234634544,32.51384353637695,191758,0.0,0.0
2018-03-26 00:00:00+08:00,32.51384984387999,32.51384984387999,32.1957790344051,32.44316864013672,138992,0.0,0.0
2018-03-27 00:00:00+08:00,32.47850294136119,32.725889802786064,32.44316234634544,32.51384353637695,144451,0.0,0.0
2018-03-28 00:00:00+08:00,32.37248479272541,32.51384989675693,32.23111968869388,32.30180358886719,107335,0.0,0.0
2018-03-29 00:00:00+08:00,32.33713912963867,32.47850421154484,32.3017985332408,32.33713912963867,111674,0.0,0.0
2018-03-30 00:00:00+08:00,32.37248474007836,32.54919044575162,32.30180353633509,32.44316864013672,120454,0.0,0.0
2018-04-02 00:00:00+08:00,32.16043848483566,32.30180358886719,32.16043848483566,32.30180358886719,195322,0.0,0.0
2018-04-03 00:00:00+08:00,32.089751007968744,32.089751007968744,31.8070208551747,31.842361450195312,301695,0.0,0.0
2018-04-09 00:00:00+08:00,31.807022771676415,31.807022771676415,31.312246322631836,31.312246322631836,327312,0.0,0.0
2018-04-10 00:00:00+08:00,31.312246334108636,31.312246334108636,30.711448093393766,30.782129287719727,385770,0.0,0.0
2018-04-11 00:00:00+08:00,30.88815181201341,31.10019807782659,30.88815181201341,31.064857482910156,208346,0.0,0.0
2018-04-12 00:00:00+08:00,30.958834269415625,31.665656981942533,30.958834269415625,31.418270111083984,175598,0.0,0.0
2018-04-13 00:00:00+08:00,31.524289396307275,31.736338350274757,31.41826761563799,31.630313873291016,230200,0.0,0.0
2018-04-16 00:00:00+08:00,31.488950012067026,31.7363395690918,31.38292822732603,31.736339569091797,161904,0.0,0.0
2018-04-17 00:00:00+08:00,31.7363441823014,31.7363441823014,31.34758949279785,31.34758949279785,143607,0.0,0.0
2018-04-18 00:00:00+08:00,31.453610738118492,31.453610738118492,31.24156446341658,31.276905059814453,62135,0.0,0.0
2018-04-19 00:00:00+08:00,31.312244390361492,31.453609466552734,31.206222605453984,31.453609466552734,191350,0.0,0.0
2018-04-20 00:00:00+08:00,31.453610768549968,31.665657043457035,31.241564493642905,31.66565704345703,174360,0.0,0.0
2018-04-23 00:00:00+08:00,32.30180358886719,32.58453110061515,32.19577908676477,32.30180358886719,547080,0.0,0.0
2018-04-24 00:00:00+08:00,32.30179856397832,32.51384483888201,31.983727803465452,32.19577407836914,347995,0.0,0.0
2018-04-25 00:00:00+08:00,32.1604360085166,32.47850679401765,31.94838971695419,31.98373031616211,206463,0.0,0.0
2018-04-26 00:00:00+08:00,31.983726526592335,32.33713786942761,31.8070208551747,31.842361450195312,289181,0.0,0.0
2018-04-27 00:00:00+08:00,31.877703318364098,32.19577407888203,31.665657043457035,31.66565704345703,143760,0.0,0.0
2018-04-30 00:00:00+08:00,31.700996277863577,32.01906702471568,31.700996277863577,31.736339569091797,95942,0.0,0.0
2018-05-02 00:00:00+08:00,31.948387238730298,31.983727835196863,31.5242919921875,31.5242919921875,144295,0.0,0.0
2018-05-03 00:00:00+08:00,31.80702333703601,32.01906962001996,31.736342141479618,31.771682739257812,135663,0.0,0.0
2018-05-04 00:00:00+08:00,31.771682739257812,31.94838842446357,31.736342141479618,31.771682739257812,72519,0.0,0.0
2018-05-07 00:00:00+08:00,31.87770328752231,31.87770328752231,31.736340901930816,31.807022094726562,69747,0.0,0.0
2018-05-08 00:00:00+08:00,31.877702045215926,31.877702045215926,31.594974588736445,31.842361450195312,113934,0.0,0.0
2018-05-09 00:00:00+08:00,31.807022094726562,31.913046580234855,31.700997609218273,31.807022094726562,69631,0.0,0.0
2018-05-10 00:00:00+08:00,31.91304651827544,31.91304651827544,31.276904999090114,31.559635162353516,140141,0.0,0.0
2018-05-11 00:00:00+08:00,31.80702206371085,31.80702206371085,31.31224562567908,31.418270111083984,147085,0.0,0.0
2018-05-14 00:00:00+08:00,31.418273389214384,31.453613989265175,31.31224889274706,31.34758949279785,96630,0.0,0.0
2018-05-15 00:00:00+08:00,31.10019995406811,31.34758682972231,31.10019995406811,31.20622444152832,208045,0.0,0.0
2018-05-16 00:00:00+08:00,31.100198773600937,31.100198773600937,30.852811907336775,30.958833694458008,255408,0.0,0.0
2018-05-17 00:00:00+08:00,30.888151836695947,30.99417362152998,30.888151836695947,30.923492431640625,84619,0.0,0.0
2018-05-18 00:00:00+08:00,30.958833694458008,31.06485817789386,30.958833694458008,30.958833694458008,124655,0.0,0.0
2018-05-21 00:00:00+08:00,30.9588349585021,31.347586919781865,30.9588349585021,31.312246322631836,146906,0.0,0.0
2018-05-22 00:00:00+08:00,31.312244390361492,31.559633947774802,31.312244390361492,31.453609466552734,106747,0.0,0.0
2018-05-23 00:00:00+08:00,31.206222556443148,31.913045239974682,31.206222556443148,31.736339569091797,217869,0.0,0.0
2018-05-24 00:00:00+08:00,31.913049697875977,32.0897553934427,31.80702520200997,31.913049697875977,134457,0.0,0.0
2018-05-25 00:00:00+08:00,31.91304911774627,32.01907091537003,31.91304911774627,31.98373031616211,72458,0.0,0.0
2018-05-28 00:00:00+08:00,31.98372771195978,32.12509279359602,31.98372771195978,32.089752197265625,152664,0.0,0.0
2018-05-29 00:00:00+08:00,32.08974845923177,32.69054661580736,32.08974845923177,32.47850036621094,253661,0.0,0.0
2018-05-30 00:00:00+08:00,32.44316227500872,32.478502869946766,32.19577271781325,32.266456604003906,102681,0.0,0.0
2018-05-31 00:00:00+08:00,32.0897553934427,32.26646108900942,31.913049697875977,31.913049697875977,153625,0.0,0.0
2018-06-01 00:00:00+08:00,31.913046519298994,32.37247966422343,31.80702203399315,32.089752197265625,107040,0.0,0.0
2018-06-04 00:00:00+08:00,32.160434702280405,32.79657624744483,32.160434702280405,32.6905517578125,251486,0.0,0.0
2018-06-05 00:00:00+08:00,32.86725482883931,33.07930109492374,32.76123034763981,32.796573638916016,167092,0.0,0.0
2018-06-06 00:00:00+08:00,32.83191675418846,33.644761285961806,32.83191675418846,33.50339889526367,393437,0.0,0.0
2018-06-07 00:00:00+08:00,33.64475513925505,34.6343078712449,33.64475513925505,34.492942810058594,785031,0.0,0.0
2018-06-08 00:00:00+08:00,34.634311720436195,35.34113440860836,34.35158156664149,35.02306365966797,1095602,0.0,0.0
2018-06-11 00:00:00+08:00,35.02306365966797,35.02306365966797,35.02306365966797,35.02306365966797,0,0.0,0.0
2018-06-12 00:00:00+08:00,38.5218391418457,38.5218391418457,38.5218391418457,38.5218391418457,487208,0.0,0.0
2018-06-13 00:00:00+08:00,41.41981278185379,41.41981278185379,36.61341853868362,36.754783630371094,3469567,0.0,0.0
2018-06-14 00:00:00+08:00,36.75478374799396,37.10819513018621,35.553184509277344,35.553184509277344,719867,0.0,0.0
2018-06-15 00:00:00+08:00,35.55318064358064,36.75477975164741,35.55318064358064,35.83591079711914,500648,0.0,0.0
2018-06-19 00:00:00+08:00,36.047962351955114,36.047962351955114,34.84636306762695,34.84636306762695,363293,0.0,0.0
2018-06-20 00:00:00+08:00,34.63431041929473,34.63431041929473,33.715441498453885,33.9981689453125,411963,0.0,0.0
2018-06-21 00:00:00+08:00,34.033511191944136,37.39091873168945,34.033511191944136,37.39091873168945,1257790,0.0,0.0
2018-06-22 00:00:00+08:00,36.54273487514297,36.896146232356514,35.765228271484375,35.765228271484375,1603684,0.0,0.0
2018-06-25 00:00:00+08:00,35.69454568080521,35.69454568080521,34.77567672729492,34.77567672729492,417861,0.0,0.0
2018-06-26 00:00:00+08:00,34.704995354124286,36.04795963472831,34.42226787673881,35.48250198364258,334525,0.0,0.0
2018-06-27 00:00:00+08:00,35.48249945964608,35.48249945964608,34.98772303902324,35.1644287109375,177138,0.0,0.0
2018-06-28 00:00:00+08:00,35.27045705785371,35.27045705785371,34.634315490722656,34.634315490722656,188672,0.0,0.0
2018-06-29 00:00:00+08:00,34.49294907350238,34.77567924721489,34.49294907350238,34.56363296508789,205933,0.0,0.0
2018-07-02 00:00:00+08:00,34.563629190689525,34.70499156579404,34.28089904785156,34.28089904785156,243802,0.0,0.0
2018-07-03 00:00:00+08:00,34.28090665249907,34.3869311536617,33.998176446942125,34.03351974487305,422978,0.0,0.0
2018-07-04 00:00:00+08:00,34.03351974487305,34.21022544926737,33.927495243710425,34.03351974487305,281964,0.0,0.0
2018-07-05 00:00:00+08:00,34.10419198790313,34.10419198790313,33.68009948730469,33.68009948730469,295869,0.0,0.0
2018-07-06 00:00:00+08:00,33.680106757289636,33.750787957208075,32.93794067657132,31.241567611694336,602558,0.0,0.0
2018-07-09 00:00:00+08:00,33.797695019083214,33.797695019083214,33.34805940652557,33.385528564453125,359111,2.51093,0.0
2018-07-10 00:00:00+08:00,33.61034528739627,34.134922057614254,33.422996645083664,33.985042572021484,150433,0.0,0.0
2018-07-11 00:00:00+08:00,33.72275435406229,34.47214889526367,33.46046740812712,34.47214889526367,117894,0.0,0.0
2018-07-12 00:00:00+08:00,33.985042572021484,34.17239121433409,33.94757341530165,33.985042572021484,101760,0.0,0.0
2018-07-13 00:00:00+08:00,34.0974577827717,35.071670290536694,34.0974577827717,34.397216796875,185885,0.0,0.0
2018-07-16 00:00:00+08:00,34.58456575635515,36.12082428442565,34.32227590213433,34.921791076660156,272617,0.0,0.0
2018-07-17 00:00:00+08:00,34.996725931207614,35.85852794538828,34.84684645000257,35.59624099731445,370379,0.0,0.0
2018-07-18 00:00:00+08:00,35.9334715413341,36.68286613924007,35.44636390920981,35.521305084228516,775705,0.0,0.0
2018-07-19 00:00:00+08:00,35.5213026860686,36.30816638900341,35.44636151610941,35.59624099731445,163167,0.0,0.0
2018-07-20 00:00:00+08:00,35.59623839363219,35.858525322521075,35.37142061762556,35.40888977050781,160045,0.0,0.0
2018-07-23 00:00:00+08:00,35.22154868988667,35.93347418195691,35.146610368074526,35.55877685546875,278748,0.0,0.0
2018-07-24 00:00:00+08:00,36.04588303383725,36.04588303383725,35.558778206128764,35.78359603881836,125443,0.0,0.0
2018-07-25 00:00:00+08:00,35.783589608476916,35.970938245170515,35.25901285399218,35.74612045288086,238886,0.0,0.0
2018-07-26 00:00:00+08:00,35.821058764072966,35.821058764072966,35.59624097178332,35.74612045288086,146977,0.0,0.0
2018-07-27 00:00:00+08:00,35.783590930478724,36.34563686132394,35.783590930478724,36.27069854736328,365759,0.0,0.0
2018-07-30 00:00:00+08:00,36.27070372524069,36.27070372524069,35.70865771415978,35.78359603881836,411483,0.0,0.0
2018-07-31 00:00:00+08:00,35.59625002424256,35.821067873705495,35.48383967015407,35.67118835449219,119065,0.0,0.0
2018-08-01 00:00:00+08:00,35.89599730461101,35.89599730461101,35.52130005867024,35.708648681640625,99943,0.0,0.0
2018-08-02 00:00:00+08:00,35.70865498419373,35.7835933031232,35.33395767211914,35.33395767211914,98467,0.0,0.0
2018-08-03 00:00:00+08:00,35.33395410057234,35.93346916755013,35.07166429340414,35.29648208618164,99698,0.0,0.0
2018-08-06 00:00:00+08:00,35.371420811489166,36.27069477915756,35.371420811489166,35.8210563659668,345119,0.0,0.0
2018-08-07 00:00:00+08:00,35.67118304840958,36.34563935518717,35.67118304840958,35.89600372314453,245218,0.0,0.0
2018-08-08 00:00:00+08:00,35.9709358215332,36.38310222274565,35.9709358215332,35.9709358215332,314743,0.0,0.0
2018-08-09 00:00:00+08:00,36.27069477915756,36.27069477915756,35.70864890670396,35.8210563659668,152138,0.0,0.0
2018-08-10 00:00:00+08:00,35.82105758438108,35.82105758438108,35.596239799495336,35.63370895385742,73899,0.0,0.0
2018-08-13 00:00:00+08:00,35.85852799748207,35.896000011872765,35.29648208618164,35.29648208618164,270751,0.0,0.0
2018-08-14 00:00:00+08:00,35.296484525846026,35.44636401762836,34.92178722574697,35.0716667175293,326340,0.0,0.0
2018-08-15 00:00:00+08:00,35.071667921684366,35.071667921684366,34.05998632016711,34.172393798828125,385782,0.0,0.0
2018-08-16 00:00:00+08:00,34.097453929363006,34.097453929363006,33.497938827622406,33.68528747558594,234722,0.0,0.0
2018-08-17 00:00:00+08:00,33.872634858744696,34.17239096906535,33.76022453067858,34.02251434326172,114091,0.0,0.0
2018-08-20 00:00:00+08:00,34.02251452786143,34.47215012513875,33.872635042531186,34.2848014831543,192068,0.0,0.0
2018-08-21 00:00:00+08:00,34.172389741552834,34.39721038960924,34.022513121132945,34.209861755371094,100817,0.0,0.0
2018-08-22 00:00:00+08:00,34.172391184274765,34.172391184274765,34.059983714214134,34.13492202758789,69882,0.0,0.0
2018-08-23 00:00:00+08:00,34.17239606288883,34.17239606288883,33.72276040102732,33.83517074584961,116826,0.0,0.0
2018-08-24 00:00:00+08:00,33.722756843744754,34.09745414200858,33.572877352696516,33.79769515991211,97750,0.0,0.0
2018-08-27 00:00:00+08:00,33.797698725099636,33.947578231958076,33.797698725099636,33.83517074584961,69149,0.0,0.0
2018-08-28 00:00:00+08:00,33.835167176709305,33.872636334792986,33.76022600182843,33.79769515991211,52495,0.0,0.0
2018-08-29 00:00:00+08:00,33.79769515991211,33.835167176709305,33.722756843744754,33.79769515991211,86797,0.0,0.0
2018-08-30 00:00:00+08:00,33.72275283216764,33.72275283216764,33.34805557847689,33.535404205322266,127769,0.0,0.0
2018-08-31 00:00:00+08:00,33.53541173213273,34.3972167525334,33.497942570096576,33.83517074584961,122652,0.0,0.0
2018-09-03 00:00:00+08:00,33.83517074584961,34.434685914569556,33.76022956306348,33.83517074584961,82630,0.0,0.0
2018-09-04 00:00:00+08:00,33.722757963127954,34.17239359248421,33.68528880380053,34.05998611450195,620131,0.0,0.0
2018-09-05 00:00:00+08:00,33.87263491690327,33.94757322993375,33.722755432128906,33.722755432128906,43445,0.0,0.0
2018-09-06 00:00:00+08:00,33.64781964035864,33.64781964035864,33.19818115234375,33.19818115234375,134100,0.0,0.0
2018-09-07 00:00:00+08:00,33.19817980892055,33.19817980892055,32.59866470787475,32.823482513427734,181446,0.0,0.0
2018-09-10 00:00:00+08:00,32.82348213813053,32.82348213813053,31.287223815917965,31.28722381591797,352194,0.0,0.0
2018-09-11 00:00:00+08:00,30.725176399136764,30.875055880143513,29.900843541669648,30.350479125976562,384268,0.0,0.0
2018-09-12 00:00:00+08:00,30.650239515094412,31.249754608322068,30.350480539123854,30.425418853759766,137092,0.0,0.0
2018-09-13 00:00:00+08:00,30.387947043848037,30.687705993652344,30.387947043848037,30.687705993652344,83034,0.0,0.0
2018-09-14 00:00:00+08:00,30.612766701093037,30.912525669249906,30.612766701093037,30.837587356567383,126476,0.0,0.0
2018-09-17 00:00:00+08:00,30.83758803150522,31.024936676025387,30.83758803150522,31.02493667602539,85419,0.0,0.0
2018-09-18 00:00:00+08:00,30.949997530258354,30.949997530258354,30.575300216674805,30.575300216674805,69186,0.0,0.0
2018-09-19 00:00:00+08:00,30.5752995115347,30.87505849897383,30.5003611940317,30.537830352783203,63099,0.0,0.0
2018-09-20 00:00:00+08:00,30.612767499062997,30.687708672412366,30.425418853759762,30.425418853759766,63048,0.0,0.0
2018-09-21 00:00:00+08:00,30.42541670426727,30.61276533633471,30.42541670426727,30.462888717651367,39223,0.0,0.0
2018-09-25 00:00:00+08:00,30.425418146314897,30.612766787261943,30.313010676974706,30.387948989868164,74913,0.0,0.0
2018-09-26 00:00:00+08:00,30.425419314407605,30.5003604888916,30.313011840751866,30.5003604888916,84313,0.0,0.0
2018-09-27 00:00:00+08:00,30.50036002710913,30.650239515094412,30.350480539123854,30.425418853759766,83818,0.0,0.0
2018-09-28 00:00:00+08:00,30.425420596175726,30.462892614353102,30.08819530228831,30.16313362121582,116420,0.0,0.0
2018-10-01 00:00:00+08:00,30.125661849975586,30.125661849975586,30.01325152261623,30.125661849975586,86234,0.0,0.0
2018-10-02 00:00:00+08:00,30.05072141543455,30.125662588415533,29.97578310116701,30.01325225830078,64399,0.0,0.0
2018-10-03 00:00:00+08:00,30.013253460392296,30.050722619026782,29.975784301757812,29.975784301757812,43840,0.0,0.0
2018-10-04 00:00:00+08:00,29.938315721846717,29.9757848812055,29.601087570190433,29.60108757019043,134139,0.0,0.0
2018-10-05 00:00:00+08:00,29.601086764844027,29.601086764844027,29.001571655273438,29.001571655273438,198314,0.0,0.0
2018-10-08 00:00:00+08:00,29.001571015288764,29.039040172801297,28.58940456522396,28.664342880249023,194931,0.0,0.0
2018-10-09 00:00:00+08:00,28.85169144498383,28.85169144498383,27.877479058843953,27.952417373657227,252284,0.0,0.0
2018-10-11 00:00:00+08:00,26.978207178488557,27.35290450041201,25.179658889770508,25.179658889770508,679836,0.0,0.0
2018-10-12 00:00:00+08:00,24.767491755740078,25.854114532470703,24.767491755740078,25.854114532470703,269851,0.0,0.0
2018-10-15 00:00:00+08:00,25.854110231746176,26.003989703382985,25.479412982010725,25.929048538208008,157831,0.0,0.0
2018-10-16 00:00:00+08:00,25.92905285139821,26.078932347966852,25.70423503590206,25.854114532470703,110364,0.0,0.0
2018-10-17 00:00:00+08:00,26.07893045441424,26.153871626614006,25.66676401281249,25.704233169555664,50025,0.0,0.0
2018-10-18 00:00:00+08:00,25.704232267915604,25.816642592915468,25.404476165771484,25.404476165771484,39877,0.0,0.0
2018-10-19 00:00:00+08:00,25.292069025035246,25.292069025035246,24.992310026438247,25.067251205444336,136217,0.0,0.0
2018-10-22 00:00:00+08:00,24.954841068359176,25.179658889770508,24.954841068359176,25.179658889770508,122743,0.0,0.0
2018-10-23 00:00:00+08:00,25.104716524360892,25.40447547709229,24.954837047995195,25.217126846313477,215787,0.0,0.0
2018-10-24 00:00:00+08:00,25.10471852092699,25.10471852092699,24.692552072176852,24.76749038696289,178030,0.0,0.0
2018-10-25 00:00:00+08:00,23.980627059936523,24.35532435774803,23.830747569069217,23.980627059936523,279393,0.0,0.0
2018-10-26 00:00:00+08:00,23.98062572492961,24.13050520745309,23.418579809501573,23.4560489654541,194465,0.0,0.0
2018-10-29 00:00:00+08:00,23.456049625575996,23.98062639981463,23.456049625575996,23.718338012695312,221387,0.0,0.0
2018-10-30 00:00:00+08:00,23.53098932298907,23.943157196044922,23.53098932298907,23.943157196044922,66268,0.0,0.0
2018-10-31 00:00:00+08:00,23.98062534624128,24.24291229248047,23.79327671072377,24.24291229248047,83421,0.0,0.0
2018-11-01 00:00:00+08:00,24.28038672484413,25.104719659738155,24.28038672484413,25.029781341552734,139126,0.0,0.0
2018-11-02 00:00:00+08:00,25.55435362467174,26.003992080688477,25.47941531135899,26.003992080688477,214620,0.0,0.0
2018-11-05 00:00:00+08:00,26.003993947504814,26.3037500809886,25.966524788158544,26.153873443603516,242301,0.0,0.0
2018-11-06 00:00:00+08:00,26.07893159930985,26.116400757697967,25.779175473491396,25.966524124145508,139129,0.0,0.0
2018-11-07 00:00:00+08:00,26.00399260789715,26.00399260789715,25.66676447372594,25.7791748046875,113169,0.0,0.0
2018-11-08 00:00:00+08:00,25.85411333129073,26.003992820895984,25.591826368516656,25.891582489013672,179370,0.0,0.0
2018-11-09 00:00:00+08:00,25.89158231008256,25.89158231008256,25.217128899590158,25.629295349121094,129881,0.0,0.0
2018-11-12 00:00:00+08:00,25.067246579044358,26.003989703382985,25.067246579044358,25.929048538208008,218308,0.0,0.0
2018-11-13 00:00:00+08:00,25.92905210704385,26.041462440921737,25.629295981225397,25.966524124145508,168551,0.0,0.0
2018-11-14 00:00:00+08:00,26.078930546836933,26.41615867614746,26.078930546836933,26.41615867614746,162867,0.0,0.0
2018-11-15 00:00:00+08:00,26.453626082140545,26.97820281982422,26.453626082140545,26.97820281982422,177194,0.0,0.0
2018-11-16 00:00:00+08:00,26.9782035038389,27.577718565514882,26.9782035038389,27.165552139282227,117566,0.0,0.0
2018-11-19 00:00:00+08:00,27.20302143658616,27.802536501390687,27.20302143658616,27.727598190307617,190888,0.0,0.0
2018-11-20 00:00:00+08:00,27.50278179977091,27.80253791809082,27.50278179977091,27.80253791809082,97324,0.0,0.0
2018-11-21 00:00:00+08:00,27.50278344205843,27.840011596679688,27.465314282370212,27.840011596679688,124195,0.0,0.0
2018-11-22 00:00:00+08:00,27.727598190307617,27.840008515645547,27.690129034766084,27.727598190307617,85067,0.0,0.0
2018-11-23 00:00:00+08:00,27.652661817138156,27.80253844980773,27.577720642089844,27.577720642089844,74228,0.0,0.0
2018-11-26 00:00:00+08:00,27.72760195931872,27.914950621206007,27.690132798684,27.87748146057129,99908,0.0,0.0
2018-11-27 00:00:00+08:00,27.914946826728617,27.914946826728617,27.652659879224547,27.727598190307617,56332,0.0,0.0
2018-11-28 00:00:00+08:00,27.8774790917059,27.8774790917059,27.727599603189212,27.80253791809082,115135,0.0,0.0
2018-11-29 00:00:00+08:00,28.027358580222593,28.064827737673397,27.727599603189212,27.80253791809082,98114,0.0,0.0
2018-11-30 00:00:00+08:00,27.95241598227015,27.95241598227015,27.652659879224547,27.727598190307617,92225,0.0,0.0
2018-12-03 00:00:00+08:00,28.027354697816687,28.402051937847858,27.877475230061606,28.252172470092773,164618,0.0,0.0
2018-12-04 00:00:00+08:00,28.402056027980272,29.30132724658716,28.17723536461507,29.226388931274414,348005,0.0,0.0
2018-12-05 00:00:00+08:00,28.88916079494009,29.56361706760874,28.814222479627343,29.226388931274414,232413,0.0,0.0
2018-12-06 00:00:00+08:00,29.076508642959723,29.076508642959723,27.91494763524909,28.476993560791016,176244,0.0,0.0
2018-12-07 00:00:00+08:00,28.476994233972885,28.85169152652516,28.476994233972885,28.664342880249023,69300,0.0,0.0
2018-12-10 00:00:00+08:00,28.402056446040152,28.47699476245594,28.25217695449505,28.439525604248047,152439,0.0,0.0
2018-12-11 00:00:00+08:00,28.439524404164235,28.664342202638327,28.439524404164235,28.476993560791016,51439,0.0,0.0
2018-12-12 00:00:00+08:00,28.47699161462022,28.77675056457519,28.47699161462022,28.776750564575195,65081,0.0,0.0
2018-12-13 00:00:00+08:00,28.92662995259646,29.226388931274414,28.814222479627343,29.226388931274414,141963,0.0,0.0
2018-12-14 00:00:00+08:00,29.301327780701964,29.301327780701964,28.851692163202408,29.001571655273438,84386,0.0,0.0
2018-12-17 00:00:00+08:00,29.076508708543333,29.526147165219104,28.96410123840945,29.33879852294922,116392,0.0,0.0
2018-12-18 00:00:00+08:00,29.301327991356914,29.301327991356914,29.001571863773364,29.11397933959961,84888,0.0,0.0
2018-12-19 00:00:00+08:00,29.15144802616391,29.15144802616391,28.889158228444,29.039037704467773,90515,0.0,0.0
2018-12-20 00:00:00+08:00,28.62687372273649,28.814222369012626,28.58940456522396,28.664342880249023,146650,0.0,0.0
2018-12-21 00:00:00+08:00,28.664342880249023,28.776753211500093,28.40205591894782,28.664342880249023,122563,0.0,0.0
2018-12-24 00:00:00+08:00,28.92662995259646,29.226388931274414,28.92662995259646,29.226388931274414,70739,0.0,0.0
2018-12-25 00:00:00+08:00,29.45120677013392,29.45120677013392,29.00157116030822,29.076509475708008,651962,0.0,0.0
2018-12-26 00:00:00+08:00,29.413737544454115,29.67602450646067,29.226388897674152,29.37626838684082,168623,0.0,0.0
2018-12-27 00:00:00+08:00,29.90084656248793,29.9757848812055,29.45120807404168,29.60108757019043,203601,0.0,0.0
2018-12-28 00:00:00+08:00,29.601086225265114,29.75096571460409,29.07650944193544,29.226388931274414,151120,0.0,0.0
2019-01-02 00:00:00+08:00,29.226383913854125,29.67601944596668,29.226383913854125,29.413732528686523,201647,0.0,0.0
2019-01-03 00:00:00+08:00,29.226388897674152,29.750965680400743,29.226388897674152,29.37626838684082,124543,0.0,0.0
2019-01-04 00:00:00+08:00,29.03903770446777,29.226386334819175,28.964099395812504,29.039037704467773,79399,0.0,0.0
2019-01-07 00:00:00+08:00,29.26385546863693,29.601083574775753,29.151448005732806,29.18891716003418,233230,0.0,0.0
2019-01-08 00:00:00+08:00,29.30132724658716,29.601086225265114,29.11397859959181,29.226388931274414,91162,0.0,0.0
2019-01-09 00:00:00+08:00,29.22638896522107,29.45120677013392,29.00157116030822,29.076509475708008,183842,0.0,0.0
2019-01-10 00:00:00+08:00,29.076509971952188,29.451207272772997,28.926630479881155,29.001571655273438,239170,0.0,0.0
2019-01-11 00:00:00+08:00,29.001571863773364,29.451207484505467,28.701812877476254,29.11397933959961,283465,0.0,0.0
2019-01-14 00:00:00+08:00,29.1139786334079,29.263858122920965,28.96410200260833,29.076509475708008,82647,0.0,0.0
2019-01-15 00:00:00+08:00,28.926630479881155,29.226389464023217,28.926630479881155,29.001571655273438,104607,0.0,0.0
2019-01-16 00:00:00+08:00,28.926627382771635,29.226386334819175,28.926627382771635,29.039037704467773,87571,0.0,0.0
2019-01-17 00:00:00+08:00,29.001571863773364,29.226389674139416,28.926630687842305,29.11397933959961,66595,0.0,0.0
2019-01-18 00:00:00+08:00,28.964101479783636,29.451206238516605,28.964101479783636,29.301326751708984,258977,0.0,0.0
2019-01-21 00:00:00+08:00,29.301324622938303,29.37626579025428,29.18891716003418,29.18891716003418,51661,0.0,0.0
2019-01-22 00:00:00+08:00,29.226391339676518,29.226391339676518,29.039042677242694,29.151453018188477,108071,0.0,0.0
2019-01-23 00:00:00+08:00,29.039040284279064,29.37626842061339,29.039040284279064,29.226388931274414,150205,0.0,0.0
2019-01-24 00:00:00+08:00,29.001573624257638,29.638557935413946,29.001573624257638,29.56361961364746,181193,0.0,0.0
2019-01-25 00:00:00+08:00,29.56361833058235,29.938315640580317,29.56361833058235,29.900846481323242,333598,0.0,0.0
2019-01-28 00:00:00+08:00,30.575296203682964,30.575296203682964,30.238068093976057,30.31300926208496,197483,0.0,0.0
2019-01-29 00:00:00+08:00,30.31301237143183,30.31301237143183,30.01325338567507,30.275543212890625,91837,0.0,0.0
2019-01-30 00:00:00+08:00,30.16313048939646,30.425417437123272,30.125661333823103,30.350479125976562,108360,0.0,0.0
2019-02-11 00:00:00+08:00,30.57529933993383,30.57529933993383,30.050722544216278,30.275543212890625,84448,0.0,0.0
2019-02-12 00:00:00+08:00,30.27554408103615,30.575300216674805,30.088195424244372,30.575300216674805,78653,0.0,0.0
2019-02-13 00:00:00+08:00,30.575300175268037,30.949997488344152,30.575300175268037,30.72517967224121,154612,0.0,0.0
2019-02-14 00:00:00+08:00,30.725179097738614,31.099876403808597,30.725179097738614,31.099876403808594,161527,0.0,0.0
2019-02-15 00:00:00+08:00,30.87505916921438,31.099876985317323,30.575300175268037,30.72517967224121,112147,0.0,0.0
2019-02-18 00:00:00+08:00,30.949994359031027,30.949994359031027,30.72517656565912,30.762645721435547,125466,0.0,0.0
2019-02-19 00:00:00+08:00,31.02493430084377,31.02493430084377,30.725175349074824,30.949993133544922,51497,0.0,0.0
2019-02-20 00:00:00+08:00,30.949996909637886,31.099876403808597,30.800117415467177,31.099876403808594,98748,0.0,0.0
2019-02-21 00:00:00+08:00,31.099871878632072,31.32468965781931,30.949992406269526,31.062402725219727,110860,0.0,0.0
2019-02-22 00:00:00+08:00,30.949992406269526,31.062402725219727,30.72517462708229,31.062402725219727,74509,0.0,0.0
2019-02-25 00:00:00+08:00,31.02493555590334,31.02493555590334,30.35047931649587,30.61276626586914,86349,0.0,0.0
2019-02-26 00:00:00+08:00,30.61276533633471,30.72517565906048,30.387947549596433,30.462888717651367,83610,0.0,0.0
2019-02-27 00:00:00+08:00,30.462889451409954,30.462889451409954,30.27554081482985,30.350479125976562,91051,0.0,0.0
2019-03-04 00:00:00+08:00,30.35047915154316,30.35047915154316,29.825902396934314,30.200599670410156,127011,0.0,0.0
2019-03-05 00:00:00+08:00,30.350480964288277,30.650239944458008,30.12566315851773,30.650239944458008,92741,0.0,0.0
2019-03-06 00:00:00+08:00,30.65023997914609,30.65023997914609,30.35048099863711,30.5003604888916,58433,0.0,0.0
2019-03-07 00:00:00+08:00,30.50035863267616,30.50035863267616,30.16313051480524,30.200599670410156,37480,0.0,0.0
2019-03-08 00:00:00+08:00,30.05072021484375,30.238068851741065,29.900843592296564,30.05072021484375,65198,0.0,0.0
2019-03-11 00:00:00+08:00,30.05072311835154,30.088195136322227,29.900846481323242,29.900846481323242,127988,0.0,0.0
2019-03-12 00:00:00+08:00,29.900846022268624,29.975784339632277,29.788435687509576,29.825904846191406,159545,0.0,0.0
2019-03-13 00:00:00+08:00,29.825901520066257,29.825901520066257,29.75096321105957,29.75096321105957,73572,0.0,0.0
2019-03-14 00:00:00+08:00,29.713497408068218,29.86337404298681,29.676025390625,29.676025390625,95691,0.0,0.0
2019-03-15 00:00:00+08:00,29.713496666710235,29.975783629987227,29.601086334612386,29.788434982299805,76226,0.0,0.0
2019-03-18 00:00:00+08:00,29.825901520066257,29.825901520066257,29.75096321105957,29.75096321105957,53373,0.0,0.0
2019-03-19 00:00:00+08:00,29.75096649123734,29.975784301757812,29.676025315254808,29.975784301757812,178906,0.0,0.0
2019-03-20 00:00:00+08:00,30.20060261409345,30.20060261409345,29.900846481323242,29.900846481323242,120068,0.0,0.0
2019-03-21 00:00:00+08:00,29.975783699773718,29.975783699773718,29.41373775540296,29.488676071166992,214825,0.0,0.0
2019-03-22 00:00:00+08:00,29.601087610979302,29.601087610979302,29.41373895521361,29.451208114624023,82324,0.0,0.0
2019-03-25 00:00:00+08:00,29.451206702067413,29.488675859680708,29.26385805528745,29.37626838684082,130804,0.0,0.0
2019-03-26 00:00:00+08:00,29.3388016806223,29.45120916285436,29.151453018188477,29.151453018188477,195742,0.0,0.0
2019-03-27 00:00:00+08:00,29.15144802616391,29.18891718049154,29.03903770446777,29.039037704467773,123724,0.0,0.0
2019-03-28 00:00:00+08:00,29.03903770446777,29.11397601312304,29.001568550140135,29.039037704467773,83432,0.0,0.0
2019-03-29 00:00:00+08:00,29.001571093280894,29.37626838684082,29.001571093280894,29.37626838684082,71711,0.0,0.0
2019-04-01 00:00:00+08:00,29.451207504734338,30.500361098781283,29.451207504734338,29.975784301757812,164432,0.0,0.0
2019-04-02 00:00:00+08:00,30.12566454447678,30.163133704043425,29.82590555051636,29.863374710083008,73423,0.0,0.0
2019-04-03 00:00:00+08:00,29.86337404298681,29.86337404298681,29.563617914436055,29.676025390625,84868,0.0,0.0
2019-04-08 00:00:00+08:00,29.676025390625,29.750966566797864,29.638556231895354,29.676025390625,117854,0.0,0.0
2019-04-09 00:00:00+08:00,29.713494788951888,29.788433099805697,29.60108446395786,29.638553619384766,140374,0.0,0.0
2019-04-10 00:00:00+08:00,29.6385528888363,29.75096321105957,29.60108373433296,29.75096321105957,100250,0.0,0.0
2019-04-11 00:00:00+08:00,29.900845280114385,29.938314437866207,29.71349663264177,29.93831443786621,151046,0.0,0.0
2019-04-12 00:00:00+08:00,29.975784339632277,29.975784339632277,29.788435687509576,29.825904846191406,96120,0.0,0.0
2019-04-15 00:00:00+08:00,29.938315887929924,29.938315887929924,29.82590555051636,29.863374710083008,82731,0.0,0.0
2019-04-16 00:00:00+08:00,29.900846481323242,29.900846481323242,29.825905304095485,29.900846481323242,105842,0.0,0.0
2019-04-17 00:00:00+08:00,29.93831394403324,30.125662588415533,29.900844786899473,30.01325225830078,254593,0.0,0.0
2019-04-18 00:00:00+08:00,30.05072319992307,30.05072319992307,29.526149251472866,29.60108757019043,174071,0.0,0.0
2019-04-19 00:00:00+08:00,29.638555986313325,29.93831497109387,29.638555986313325,29.713497161865234,72092,0.0,0.0
2019-04-22 00:00:00+08:00,29.750967231383072,29.90084672836328,29.713498071816428,29.863374710083008,66144,0.0,0.0
2019-04-23 00:00:00+08:00,29.86337404298681,29.900846060430023,29.676025390625,29.676025390625,112037,0.0,0.0
2019-04-24 00:00:00+08:00,29.676025888908,29.676025888908,29.563618410831648,29.60108757019043,135986,0.0,0.0
2019-04-25 00:00:00+08:00,29.75096180280154,29.75096180280154,29.526144027709964,29.52614402770996,59735,0.0,0.0
2019-04-26 00:00:00+08:00,29.526149292158475,29.526149292158475,29.376269795803196,29.451208114624023,99394,0.0,0.0
2019-04-29 00:00:00+08:00,29.37626838684082,29.37626838684082,29.301327212900745,29.37626838684082,146594,0.0,0.0
2019-04-30 00:00:00+08:00,30.72517552171269,30.72517552171269,29.6385528888363,29.75096321105957,221700,0.0,0.0
2019-05-02 00:00:00+08:00,29.788432365562915,29.788432365562915,29.6385528888363,29.75096321105957,171539,0.0,0.0
2019-05-03 00:00:00+08:00,29.750965790393597,30.05072191112168,29.750965790393597,29.93831443786621,196027,0.0,0.0
2019-05-06 00:00:00+08:00,30.16313054046747,30.16313054046747,29.900843592296564,30.05072021484375,626746,0.0,0.0
2019-05-07 00:00:00+08:00,30.125661141418036,30.163130296752083,30.050719972036628,30.088191986083984,343334,0.0,0.0
2019-05-08 00:00:00+08:00,29.975784799837392,30.05072311835154,29.825905304095485,29.900846481323242,175568,0.0,0.0
2019-05-09 00:00:00+08:00,29.975784129513055,29.975784129513055,29.713497161865234,29.713497161865234,163784,0.0,0.0
2019-05-10 00:00:00+08:00,29.75096582450502,29.900845314397657,29.676024650201953,29.788434982299805,216017,0.0,0.0
2019-05-13 00:00:00+08:00,29.676022043339643,29.900842687786184,29.676022043339643,29.75096321105957,186377,0.0,0.0
2019-05-14 00:00:00+08:00,29.638555561408563,29.638555561408563,29.338799439638926,29.488676071166992,277164,0.0,0.0
2019-05-15 00:00:00+08:00,29.601086827894143,29.788435478703597,29.563617669474958,29.713497161865234,232298,0.0,0.0
2019-05-16 00:00:00+08:00,29.713497161865234,29.975784129513055,29.638555986313325,29.713497161865234,257850,0.0,0.0
2019-05-17 00:00:00+08:00,29.75096652882775,29.825904846191406,29.638556194068702,29.825904846191406,430529,0.0,0.0
2019-05-20 00:00:00+08:00,29.975783629987227,30.013252787782008,29.75096582450502,29.788434982299805,216191,0.0,0.0
2019-05-21 00:00:00+08:00,29.713497161865234,29.788435478703597,29.601086827894143,29.713497161865234,337638,0.0,0.0
2019-05-22 00:00:00+08:00,29.900845314397657,29.900845314397657,29.75096582450502,29.788434982299805,183747,0.0,0.0
2019-05-23 00:00:00+08:00,29.90084581267469,29.90084581267469,29.638555986313325,29.713497161865234,210970,0.0,0.0
2019-05-24 00:00:00+08:00,29.900845314397657,29.900845314397657,29.713496666710235,29.788434982299805,548678,0.0,0.0
2019-05-27 00:00:00+08:00,29.788435687509576,29.863374004873233,29.788435687509576,29.825904846191406,101377,0.0,0.0
2019-05-28 00:00:00+08:00,30.238069318621562,30.238069318621562,29.975782366400907,30.125661849975586,152606,0.0,0.0
2019-05-29 00:00:00+08:00,30.050722619026782,30.050722619026782,29.938315143123326,29.975784301757812,177044,0.0,0.0
2019-05-30 00:00:00+08:00,29.975781878067316,30.238068826015077,29.975781878067316,30.200599670410156,149164,0.0,0.0
2019-05-31 00:00:00+08:00,30.31301237143183,30.350481529973038,30.16313287855345,30.275543212890625,166487,0.0,0.0
2019-06-03 00:00:00+08:00,30.200598917528993,30.462888717651364,30.125660608187317,30.462888717651367,142515,0.0,0.0
2019-06-04 00:00:00+08:00,30.50036002710913,30.575298341745043,30.387949696441808,30.425418853759766,116996,0.0,0.0
2019-06-05 00:00:00+08:00,30.537829646776846,30.687709137031337,30.5003604888916,30.5003604888916,147301,0.0,0.0
2019-06-06 00:00:00+08:00,30.50036002710913,30.50036002710913,30.275542224487946,30.425418853759766,129176,0.0,0.0
2019-06-10 00:00:00+08:00,30.3130113818059,30.462890869791178,30.275542224487946,30.425418853759766,156075,0.0,0.0
2019-06-11 00:00:00+08:00,30.462891864310212,30.462891864310212,30.275543212890625,30.275543212890625,130582,0.0,0.0
2019-06-12 00:00:00+08:00,30.275541520527973,30.387948989868164,30.275541520527973,30.387948989868164,127226,0.0,0.0
2019-06-13 00:00:00+08:00,30.387948281549917,30.462889451409954,30.350479125976562,30.350479125976562,58289,0.0,0.0
2019-06-14 00:00:00+08:00,30.350479125976562,30.350479125976562,30.313009970403208,30.350479125976562,46269,0.0,0.0
2019-06-17 00:00:00+08:00,30.350478416782778,30.42541672617842,30.275540107387137,30.31300926208496,51864,0.0,0.0
2019-06-18 00:00:00+08:00,30.313009970403208,30.350479125976562,30.238068800543168,30.350479125976562,48233,0.0,0.0
2019-06-19 00:00:00+08:00,30.5003578723222,30.5003578723222,30.350478394925595,30.462888717651367,104881,0.0,0.0
2019-06-20 00:00:00+08:00,30.500358798443457,30.687707436199606,30.500358798443457,30.61276626586914,190426,0.0,0.0
2019-06-21 00:00:00+08:00,30.650236320257598,31.174810185456764,30.650236320257598,31.062402725219727,266269,0.0,0.0
2019-06-24 00:00:00+08:00,31.362166029469886,34.134926900852676,31.287227705397573,33.83517074584961,2387198,0.0,0.0
2019-06-25 00:00:00+08:00,33.83516294248956,34.32226765404688,32.935888967451135,33.27311706542969,1470850,0.0,0.0
2019-06-26 00:00:00+08:00,32.973360895656874,33.91010410291985,32.973360895656874,33.5728759765625,584437,0.0,0.0
2019-06-27 00:00:00+08:00,33.872633737002495,34.022513216556035,33.535405622685346,33.61034393310547,459600,0.0,0.0
2019-06-28 00:00:00+08:00,33.68528624656726,34.65949860869047,33.68528624656726,33.87263488769531,733241,0.0,0.0
2019-07-01 00:00:00+08:00,34.20986160458279,34.20986160458279,33.572874535752796,33.6478157043457,504058,0.0,0.0
2019-07-02 00:00:00+08:00,33.72275663343594,33.87263612354947,33.572877143322415,33.68528747558594,205075,0.0,0.0
2019-07-03 00:00:00+08:00,33.68528624656726,33.91010404417825,33.4979376054392,33.87263488769531,569000,0.0,0.0
2019-07-04 00:00:00+08:00,34.134919410161444,34.134919410161444,33.947570782379316,34.097450256347656,255000,0.0,0.0
2019-07-05 00:00:00+08:00,34.0974526853063,34.0974526853063,33.797693716016056,33.87263488769531,185000,0.0,0.0
2019-07-08 00:00:00+08:00,34.02251301790925,34.02251301790925,33.3105876382216,33.34805679321289,307000,0.0,0.0
2019-07-09 00:00:00+08:00,33.348055194865914,33.348055194865914,32.7110710144043,32.7110710144043,299000,0.0,0.0
2019-07-10 00:00:00+08:00,32.59866343136862,33.38552714934863,32.59866343136862,33.31058883666992,169000,0.0,0.0
2019-07-11 00:00:00+08:00,33.160709566217584,33.685286334488005,33.160709566217584,33.422996520996094,177756,0.0,0.0
2019-07-12 00:00:00+08:00,33.42300159363511,33.64782228466753,33.19818376131653,33.235652923583984,237824,0.0,0.0
2019-07-15 00:00:00+08:00,33.31059410683274,33.31059410683274,33.08577627451415,33.235652923583984,154617,0.0,0.0
2019-07-16 00:00:00+08:00,33.27311989467318,33.422996520996094,33.27311989467318,33.422996520996094,178731,0.0,0.0
2019-07-17 00:00:00+08:00,33.42299510319547,33.497936271891334,33.34805679321289,33.34805679321289,121008,0.0,0.0
2019-07-18 00:00:00+08:00,33.348055745219135,34.097450256347656,33.348055745219135,34.097450256347656,629765,0.0,0.0
2019-07-19 00:00:00+08:00,34.35974009952461,35.97093957828744,34.35974009952461,35.109134674072266,1856656,0.0,0.0
2019-07-22 00:00:00+08:00,35.10913566537366,35.596243296068415,34.959259033203125,34.959259033203125,634997,0.0,0.0
2019-07-23 00:00:00+08:00,34.99672562116652,35.07166393174849,34.62202835083008,34.62202835083008,329382,0.0,0.0
2019-07-24 00:00:00+08:00,34.809378347251425,35.55877291723009,34.69696801826926,34.996726989746094,446602,0.0,0.0
2019-07-25 00:00:00+08:00,35.221543607644904,35.33395393285676,34.69696685451178,34.884315490722656,301810,0.0,0.0
2019-07-26 00:00:00+08:00,34.99672822675348,34.99672822675348,34.696969244681256,34.80937957763672,165122,0.0,0.0
2019-07-29 00:00:00+08:00,34.84684750400768,35.10913446001484,34.20986326301119,34.996726989746094,293987,0.0,0.0
2019-07-30 00:00:00+08:00,35.03419738483413,35.07166654291478,34.47215143748385,34.80937957763672,331746,0.0,0.0
2019-07-31 00:00:00+08:00,34.69696928018931,34.8843179294978,34.65950012207031,34.65950012207031,106773,0.0,0.0
2019-08-01 00:00:00+08:00,34.50961940565462,34.99672702004787,34.50961940565462,34.84684753417969,255396,0.0,0.0
2019-08-02 00:00:00+08:00,34.472149967562416,34.472149967562416,33.42299643375994,33.87263488769531,441910,0.0,0.0
2019-08-05 00:00:00+08:00,33.535403171154876,34.88431267110117,33.535403171154876,34.43467712402344,700183,0.0,0.0
2019-08-06 00:00:00+08:00,33.760227326310485,34.32227329575643,33.572878669828505,34.172393798828125,280776,0.0,0.0
2019-08-07 00:00:00+08:00,34.35973969892072,34.35973969892072,33.5728759765625,33.5728759765625,243082,0.0,0.0
2019-08-08 00:00:00+08:00,33.57287462883171,33.57287462883171,33.04829788208008,33.04829788208008,463122,0.0,0.0
2019-08-12 00:00:00+08:00,32.93589273552143,32.93589273552143,31.999149499919078,32.261436462402344,917082,0.0,0.0
2019-08-13 00:00:00+08:00,31.19960675835833,32.8106689453125,31.19960675835833,32.8106689453125,528786,1.99887,0.0
2019-08-14 00:00:00+08:00,33.085724050253326,33.20360788094746,32.81066577584749,33.16431427001953,343521,0.0,0.0
2019-08-15 00:00:00+08:00,32.77137598244859,32.967847057885436,32.53561129150651,32.73208236694336,167797,0.0,0.0
2019-08-16 00:00:00+08:00,32.77137216491956,33.16431427001953,32.77137216491956,33.16431427001953,101567,0.0,0.0
2019-08-19 00:00:00+08:00,33.16431427174261,33.59654998779297,33.16431427174261,33.59654998779297,208323,0.0,0.0
2019-08-20 00:00:00+08:00,33.79302547961649,34.107380404172574,33.67514163343028,33.95020294189453,276156,0.0,0.0
2019-08-21 00:00:00+08:00,33.9502018051317,34.3824375634906,33.9502018051317,34.18596649169922,297502,0.0,0.0
2019-08-22 00:00:00+08:00,34.26455213403393,34.42172958376831,34.146671295166016,34.146671295166016,155572,0.0,0.0
2019-08-23 00:00:00+08:00,34.18596490812199,34.26455213403393,34.028787458387605,34.146671295166016,122996,0.0,0.0
2019-08-26 00:00:00+08:00,33.95020294189453,34.02879017407818,33.714438247432845,33.95020294189453,131028,0.0,0.0
2019-08-27 00:00:00+08:00,34.10737926214693,34.3038503339383,33.9502018051317,34.18596649169922,93259,0.0,0.0
2019-08-28 00:00:00+08:00,34.18596062987859,34.343138059942824,33.98948959177584,34.3038444519043,129433,0.0,0.0
2019-08-29 00:00:00+08:00,34.38243419977473,34.46102142163865,34.028785705566406,34.028785705566406,149374,0.0,0.0
2019-08-30 00:00:00+08:00,34.028784760185,34.264549417137125,33.91090393066406,33.91090393066406,98592,0.0,0.0
2019-09-02 00:00:00+08:00,33.910909325802706,34.06808379017001,33.79302547961649,33.95020294189453,94355,0.0,0.0
2019-09-03 00:00:00+08:00,33.79302603259001,33.79302603259001,33.36079025268555,33.36079025268555,180910,0.0,0.0
2019-09-04 00:00:00+08:00,33.360786266912726,33.43937349099315,33.16431520880124,33.282196044921875,130248,0.0,0.0
2019-09-05 00:00:00+08:00,33.47866934905465,33.47866934905465,33.00713997711723,33.24290466308594,146115,0.0,0.0
2019-09-06 00:00:00+08:00,33.40008098620494,33.478668212890625,33.321493759519264,33.478668212890625,93559,0.0,0.0
2019-09-10 00:00:00+08:00,33.20361328125,33.321497131117,33.00714219674556,33.20361328125,97185,0.0,0.0
2019-09-11 00:00:00+08:00,33.16431380975855,33.95019800905183,33.16431380975855,33.753726959228516,244170,0.0,0.0
2019-09-12 00:00:00+08:00,34.028785705566406,34.06807931649836,33.87160826392822,34.028785705566406,173371,0.0,0.0
2019-09-16 00:00:00+08:00,34.028791099636294,34.185968566189445,33.91091024815454,34.068084716796875,175163,0.0,0.0
2019-09-17 00:00:00+08:00,34.18596377627995,35.36479011339305,34.18596377627995,35.24690628051758,518839,0.0,0.0
2019-09-18 00:00:00+08:00,35.286202890083004,35.9542032819496,35.12902544555251,35.24690628051758,414180,0.0,0.0
2019-09-19 00:00:00+08:00,35.28620241904432,35.44337686356628,34.97184753417969,34.97184753417969,192616,0.0,0.0
2019-09-20 00:00:00+08:00,35.01114050214018,35.20761155209373,35.01114050214018,35.05043411254883,117061,0.0,0.0
2019-09-23 00:00:00+08:00,35.1290293010032,35.1290293010032,34.814674377441406,34.814674377441406,132930,0.0,0.0
2019-09-24 00:00:00+08:00,35.28620194594018,35.325495556543835,35.050434286497605,35.129024505615234,162990,0.0,0.0
2019-09-25 00:00:00+08:00,35.44337574121192,35.44337574121192,35.12902386421195,35.207611083984375,107944,0.0,0.0
2019-09-26 00:00:00+08:00,35.364794104370624,35.364794104370624,35.12902940992363,35.32550048828125,119078,0.0,0.0
2019-09-27 00:00:00+08:00,35.28620147705078,35.404082307295326,35.08973042873293,35.28620147705078,183268,0.0,0.0
2019-10-01 00:00:00+08:00,35.36479139134244,35.83632074406281,35.36479139134244,35.521968841552734,235336,0.0,0.0
2019-10-02 00:00:00+08:00,35.52196819520194,35.83632009199213,35.404084360211584,35.600555419921875,157710,0.0,0.0
2019-10-03 00:00:00+08:00,35.36479345128666,35.40408706665039,35.28620622055918,35.40408706665039,90131,0.0,0.0
2019-10-04 00:00:00+08:00,35.44338133654937,35.48267795054949,35.286206872191876,35.32550048828125,91457,0.0,0.0
2019-10-07 00:00:00+08:00,35.36479296605231,35.56126403808594,35.20761550884328,35.56126403808594,174195,0.0,0.0
2019-10-08 00:00:00+08:00,35.60055830635427,35.71844215090245,35.4826774597168,35.4826774597168,89088,0.0,0.0
2019-10-09 00:00:00+08:00,35.364794104370624,35.40408772046,35.286206872191876,35.32550048828125,94300,0.0,0.0
2019-10-14 00:00:00+08:00,35.75773014492459,35.75773014492459,35.36478805541992,35.36478805541992,133659,0.0,0.0
2019-10-15 00:00:00+08:00,35.364794104370624,35.44338133654937,35.20761664210238,35.32550048828125,125510,0.0,0.0
2019-10-16 00:00:00+08:00,35.32549650173803,35.32549650173803,35.20761266886255,35.24690628051758,84476,0.0,0.0
2019-10-17 00:00:00+08:00,35.3254944460515,35.482671881435415,35.28620083668308,35.36478805541992,112171,0.0,0.0
2019-10-18 00:00:00+08:00,35.36478805541992,35.56125910017226,35.36478805541992,35.36478805541992,198638,0.0,0.0
2019-10-21 00:00:00+08:00,35.364793566867924,35.95420679298239,35.364793566867924,35.914913177490234,232092,0.0,0.0
2019-10-22 00:00:00+08:00,35.99349548488313,36.700792458632804,35.99349548488313,36.582908630371094,461080,0.0,0.0
2019-10-23 00:00:00+08:00,36.7007942199707,37.09373633582069,36.54361677404862,36.7007942199707,342554,0.0,0.0
2019-10-24 00:00:00+08:00,36.70079532410368,37.05444383859017,36.70079532410368,36.89726638793945,264003,0.0,0.0
2019-10-25 00:00:00+08:00,36.89726686920475,37.01514771029746,36.70079580280633,36.740089416503906,219778,0.0,0.0
2019-10-28 00:00:00+08:00,36.818673278122844,37.01514432656088,36.150672912597656,36.150672912597656,320421,0.0,0.0
2019-10-29 00:00:00+08:00,36.15067450554816,36.15067450554816,35.52196772242506,35.75773239135742,294078,0.0,0.0
2019-10-30 00:00:00+08:00,35.7577317474677,36.072086632323874,35.71843813633827,35.83631896972656,132121,0.0,0.0
2019-10-31 00:00:00+08:00,35.836320263178955,36.032791323827766,35.67914581298828,35.67914581298828,138258,0.0,0.0
2019-11-01 00:00:00+08:00,35.67914739523128,35.83632185239208,35.521969940159885,35.718441009521484,130568,0.0,0.0
2019-11-04 00:00:00+08:00,35.757732867272196,35.757732867272196,35.600555419921875,35.600555419921875,106000,0.0,0.0
2019-11-05 00:00:00+08:00,35.60055589794714,35.75773334740796,35.404084835598745,35.44337844848633,144000,0.0,0.0
2019-11-06 00:00:00+08:00,35.40408277775114,35.40408277775114,35.129024505615234,35.129024505615234,204000,0.0,0.0
2019-11-07 00:00:00+08:00,35.12902607578137,35.600555419921875,35.01114224079101,35.600555419921875,172000,0.0,0.0
2019-11-08 00:00:00+08:00,35.6005566888125,36.150676275190996,35.6005566888125,35.87561798095703,200201,0.0,0.0
2019-11-11 00:00:00+08:00,35.7970293819941,36.54362006900758,35.24690977062045,35.4826774597168,332000,0.0,0.0
2019-11-12 00:00:00+08:00,35.286206872191876,35.48267795054949,35.246910258191754,35.32550048828125,94000,0.0,0.0
2019-11-13 00:00:00+08:00,35.08973295444302,35.08973295444302,34.932555504893266,35.01114273071289,493000,0.0,0.0
2019-11-14 00:00:00+08:00,34.97184706529029,35.16831811621889,34.89325984408298,35.129024505615234,105000,0.0,0.0
2019-11-15 00:00:00+08:00,35.12902544555251,35.24690628051758,35.05043522433206,35.24690628051758,119342,0.0,0.0
2019-11-18 00:00:00+08:00,35.36479074785162,35.600555419921875,35.36479074785162,35.600555419921875,176000,0.0,0.0
2019-11-19 00:00:00+08:00,35.67914848662659,36.2292650993382,35.67914848662659,35.914913177490234,304000,0.0,0.0
2019-11-20 00:00:00+08:00,35.757732867272196,35.99349753934245,35.05043585315098,35.600555419921875,188000,0.0,0.0
2019-11-21 00:00:00+08:00,35.60055830635427,35.60055830635427,35.36479361516862,35.4826774597168,98000,0.0,0.0
2019-11-22 00:00:00+08:00,35.4826774597168,35.52197107526263,35.443380846260276,35.4826774597168,51999,0.0,0.0
2019-11-25 00:00:00+08:00,35.48267616002889,35.63985061645508,35.44337954801175,35.63985061645508,80000,0.0,0.0
2019-11-26 00:00:00+08:00,35.63984951083472,35.63984951083472,35.36479122271117,35.44337844848633,235000,0.0,0.0
2019-11-27 00:00:00+08:00,35.52196819520194,35.63984903228184,35.52196819520194,35.600555419921875,145000,0.0,0.0
2019-11-28 00:00:00+08:00,35.67914848662659,35.914913177490234,35.67914848662659,35.914913177490234,86000,0.0,0.0
2019-11-29 00:00:00+08:00,35.91491306011103,35.954206675474765,35.40408706665039,35.40408706665039,184263,0.0,0.0
2019-12-02 00:00:00+08:00,35.44338068201413,35.67914837001792,35.40408706665039,35.40408706665039,144000,0.0,0.0
2019-12-03 00:00:00+08:00,35.4826774597168,35.6398519219001,35.443380846260276,35.4826774597168,134000,0.0,0.0
2019-12-04 00:00:00+08:00,35.561265182728235,35.561265182728235,35.286206872191876,35.32550048828125,313000,0.0,0.0
2019-12-05 00:00:00+08:00,35.32550048828125,35.561265182728235,35.286206872191876,35.32550048828125,190000,0.0,0.0
2019-12-06 00:00:00+08:00,35.44337844848633,35.482675059284404,35.404084835598745,35.44337844848633,130908,0.0,0.0
2019-12-09 00:00:00+08:00,35.443378617492336,35.63984968077757,35.443378617492336,35.521968841552734,117000,0.0,0.0
2019-12-10 00:00:00+08:00,35.75773255228615,36.307852114211094,35.600555106320385,36.268558502197266,488000,0.0,0.0
2019-12-11 00:00:00+08:00,36.42573007131057,36.8186721562132,36.30784924458589,36.386436462402344,520000,0.0,0.0
2019-12-12 00:00:00+08:00,36.26856011438302,36.26856011438302,35.83632136928598,35.87561798095703,260000,0.0,0.0
2019-12-13 00:00:00+08:00,35.75773079384952,35.79702440393103,35.24690486905899,35.28620147705078,407889,0.0,0.0
2019-12-16 00:00:00+08:00,35.20761266886255,35.404083725048075,35.20761266886255,35.24690628051758,362000,0.0,0.0
2019-12-17 00:00:00+08:00,35.2469053374262,35.28620194594018,35.08973089501158,35.129024505615234,341000,0.0,0.0
2019-12-18 00:00:00+08:00,35.12902386421195,35.24690469387059,35.01114003664305,35.207611083984375,202000,0.0,0.0
2019-12-19 00:00:00+08:00,35.20761155209373,35.24690516250238,35.05043411254883,35.05043411254883,139000,0.0,0.0
2019-12-20 00:00:00+08:00,35.01114050214018,35.20761155209373,34.97184689173153,35.05043411254883,164237,0.0,0.0
2019-12-23 00:00:00+08:00,35.12902386421195,35.24690469387059,34.971846426756834,35.207611083984375,294000,0.0,0.0
2019-12-24 00:00:00+08:00,35.16831923671003,35.16831923671003,34.89326095581055,34.89326095581055,238000,0.0,0.0
2019-12-25 00:00:00+08:00,34.9718518392223,35.050439071157385,34.814674377441406,34.814674377441406,184000,0.0,0.0
2019-12-26 00:00:00+08:00,34.814669444686615,34.853963055086794,34.57890478437521,34.61819839477539,219000,0.0,0.0
2019-12-27 00:00:00+08:00,34.65749247591968,34.65749247591968,34.461021423339844,34.461021423339844,250048,0.0,0.0
2019-12-30 00:00:00+08:00,34.461021423339844,34.539611643117986,34.382434201472044,34.461021423339844,126000,0.0,0.0
2019-12-31 00:00:00+08:00,34.46102159623381,34.7360828699718,34.46102159623381,34.53961181640625,100367,0.0,0.0
2020-01-02 00:00:00+08:00,34.57890636691161,34.69679020141753,34.3824353080087,34.657493591308594,260000,0.0,0.0
2020-01-03 00:00:00+08:00,34.736083333181476,35.286202890083004,34.657493111961024,35.24690628051758,377089,0.0,0.0
2020-01-06 00:00:00+08:00,35.12902544555251,35.24690628051758,34.775376944836495,35.24690628051758,252000,0.0,0.0
2020-01-07 00:00:00+08:00,35.05043632378953,35.44337844848633,35.05043632378953,35.44337844848633,418000,0.0,0.0
2020-01-08 00:00:00+08:00,35.32549650173803,35.521967557923546,35.20761266886255,35.24690628051758,214000,0.0,0.0
2020-01-09 00:00:00+08:00,35.28620194594018,35.28620194594018,35.050434286497605,35.129024505615234,95000,0.0,0.0
2020-01-10 00:00:00+08:00,35.24690757617705,35.325497800286435,35.05043651276935,35.0897331237793,118000,0.0,0.0
2020-01-13 00:00:00+08:00,35.16831747409817,35.24690469387059,35.05043364652926,35.207611083984375,197000,0.0,0.0
2020-01-14 00:00:00+08:00,35.28620083668308,35.40408166478834,35.20761062003601,35.36478805541992,179000,0.0,0.0
2020-01-15 00:00:00+08:00,35.44338133654937,35.44338133654937,35.12902940992363,35.32550048828125,117000,0.0,0.0
2020-01-16 00:00:00+08:00,35.3254976298124,35.3254976298124,35.01114273071289,35.01114273071289,62000,0.0,0.0
2020-01-17 00:00:00+08:00,35.089732477397206,35.325497149561365,34.9718486423599,35.16831970214844,146387,0.0,0.0
2020-01-20 00:00:00+08:00,35.01114114531018,35.129024976612,34.81467009174737,34.97184753417969,301712,0.0,0.0
2020-01-30 00:00:00+08:00,34.34314107453732,34.34314107453732,33.007137298583984,33.007137298583984,660000,0.0,0.0
2020-01-31 00:00:00+08:00,33.00713904955667,33.40008118109901,33.00713904955667,33.125022888183594,341476,0.0,0.0
2020-02-03 00:00:00+08:00,32.92855182241242,33.125022888183594,32.22125478647199,33.125022888183594,374000,0.0,0.0
2020-02-04 00:00:00+08:00,33.95019865570959,34.69678925884077,33.793021213275075,34.53961181640625,545000,0.0,0.0
2020-02-05 00:00:00+08:00,34.53961275471312,34.77537742581452,34.461022532405686,34.657493591308594,268000,0.0,0.0
2020-02-06 00:00:00+08:00,34.57890450394239,35.28620147705078,34.57890450394239,35.28620147705078,355000,0.0,0.0
2020-02-07 00:00:00+08:00,35.28620147705078,35.28620147705078,35.28620147705078,35.28620147705078,0,0.0,0.0
2020-02-10 00:00:00+08:00,34.97184753417969,35.32549603017481,34.618199038184564,34.97184753417969,313881,0.0,0.0
2020-02-11 00:00:00+08:00,34.97184596591526,35.79702375429301,34.97184596591526,35.36478805541992,525000,0.0,0.0
2020-02-12 00:00:00+08:00,35.52196549080384,35.52196549080384,35.08972979193075,35.36478805541992,309000,0.0,0.0
2020-02-13 00:00:00+08:00,35.36478805541992,35.718436535556165,35.36478805541992,35.36478805541992,361000,0.0,0.0
2020-02-14 00:00:00+08:00,35.36478805541992,35.56125910017226,35.24690422940443,35.36478805541992,180301,0.0,0.0
2020-02-17 00:00:00+08:00,35.28620353718575,35.36479076193698,35.12902608977282,35.16831970214844,168000,0.0,0.0
2020-02-18 00:00:00+08:00,35.20761172682254,35.600553828679736,35.050434286497605,35.129024505615234,251000,0.0,0.0
2020-02-19 00:00:00+08:00,35.286202890083004,35.521967557923546,35.20761266886255,35.24690628051758,201000,0.0,0.0
2020-02-20 00:00:00+08:00,35.36479076193698,35.561261821725516,35.16831970214844,35.16831970214844,192000,0.0,0.0
2020-02-21 00:00:00+08:00,35.12902433127643,35.443376212455924,35.01114050214018,35.05043411254883,132094,0.0,0.0
2020-02-24 00:00:00+08:00,34.893261260320436,35.20761315581882,34.50031914251462,34.657493591308594,292000,0.0,0.0
2020-02-25 00:00:00+08:00,34.185965529388724,34.814672341841344,33.91090723578775,34.50032043457031,148000,0.0,0.0
2020-02-26 00:00:00+08:00,34.343139661806184,34.93255280360637,34.02878478701531,34.77537536621094,215000,0.0,0.0
2020-02-27 00:00:00+08:00,34.81467266021155,34.971850114239686,34.02878838798144,34.26455307006836,188000,0.0,0.0
2020-03-02 00:00:00+08:00,34.18596763635622,34.303851482542434,33.832319095708314,33.95020294189453,175000,0.0,0.0
2020-03-03 00:00:00+08:00,34.50032140572968,34.57890863528197,34.10737926214693,34.18596649169922,182000,0.0,0.0
2020-03-04 00:00:00+08:00,33.79301855367309,34.539609098045574,33.79301855367309,34.3038444519043,145000,0.0,0.0
2020-03-05 00:00:00+08:00,34.382434373491265,35.16831858774249,34.382434373491265,34.97184753417969,341000,0.0,0.0
2020-03-06 00:00:00+08:00,34.97184848471742,35.129025931421836,34.657493591308594,34.657493591308594,123000,0.0,0.0
2020-03-09 00:00:00+08:00,34.77537904618216,34.77537904618216,33.832317319923916,34.26455307006836,344000,0.0,0.0
2020-03-10 00:00:00+08:00,34.18596314720459,34.18596314720459,33.242901495285835,34.028785705566406,426000,0.0,0.0
2020-03-11 00:00:00+08:00,34.34314509863426,35.0111455659275,33.95020294189453,33.95020294189453,221000,0.0,0.0
2020-03-12 00:00:00+08:00,33.47866988698151,33.47866988698151,32.37843366881233,32.65349197387695,440000,0.0,0.0
2020-03-13 00:00:00+08:00,32.65349197387695,32.65349197387695,32.65349197387695,32.65349197387695,0,0.0,0.0
2020-03-16 00:00:00+08:00,30.845955365391884,31.19960386088291,29.392070770263672,29.392070770263672,295000,0.0,0.0
2020-03-17 00:00:00+08:00,26.562887488875273,27.505949204023917,26.562887488875273,26.955829620361328,542000,0.0,0.0
2020-03-18 00:00:00+08:00,27.034420497962675,27.702420938448967,26.7200655860217,26.877243041992188,217000,0.0,0.0
2020-03-19 00:00:00+08:00,25.384060913651364,25.5412383647086,24.20523452758789,24.20523452758789,643000,0.0,0.0
2020-03-20 00:00:00+08:00,24.36241331070342,25.46265253035108,24.36241331070342,25.226884841918945,274000,0.0,0.0
2020-03-23 00:00:00+08:00,24.91253155839019,24.91253155839019,23.57652772126948,24.20523452758789,202000,0.0,0.0
2020-03-24 00:00:00+08:00,24.362411333862415,25.148295570438624,24.362411333862415,24.91253089904785,139000,0.0,0.0
2020-03-25 00:00:00+08:00,25.541238305532513,25.934180433309937,25.14829617775509,25.698415756225586,444000,0.0,0.0
2020-03-26 00:00:00+08:00,26.012767482857953,26.24853515625,25.226883232645804,26.24853515625,202000,0.0,0.0
2020-03-27 00:00:00+08:00,26.327122382107014,27.113006632319163,26.24853515625,26.24853515625,244000,0.0,0.0
2020-03-30 00:00:00+08:00,25.58053156254333,26.64147709151602,25.54123794989482,26.60218048095703,131000,0.0,0.0
2020-03-31 00:00:00+08:00,27.034419213822094,27.034419213822094,26.405709419803994,26.60218048095703,90000,0.0,0.0
2020-04-01 00:00:00+08:00,26.60218157965826,26.877242875379153,26.2485360533052,26.79865264892578,107000,0.0,0.0
2020-04-06 00:00:00+08:00,27.073713597701616,28.056068931450508,26.798652305505588,27.466655731201172,406000,0.0,0.0
2020-04-07 00:00:00+08:00,27.50595007541486,28.13465690612793,27.50595007541486,28.13465690612793,282000,0.0,0.0
2020-04-08 00:00:00+08:00,28.213242730302447,28.92053668024783,27.89888786505327,28.841949462890625,213000,0.0,0.0
2020-04-09 00:00:00+08:00,28.920537627826914,29.077715065601407,28.449008312413703,28.95983123779297,165000,0.0,0.0
2020-04-10 00:00:00+08:00,28.684775009155274,29.470659255981445,28.684775009155274,29.470659255981445,156000,0.0,0.0
2020-04-13 00:00:00+08:00,29.470659762012716,29.470659762012716,28.841952953338552,28.88124656677246,225000,0.0,0.0
2020-04-14 00:00:00+08:00,28.959832350472464,29.39207107043714,28.881245127520916,29.15630340576172,187000,0.0,0.0
2020-04-15 00:00:00+08:00,29.15630325627937,29.431364531020343,28.999128811182096,29.274187088012695,181000,0.0,0.0
2020-04-16 00:00:00+08:00,29.038423692847616,29.077717305840977,28.527597730202427,28.92053985595703,207000,0.0,0.0
2020-04-17 00:00:00+08:00,29.156301330229628,29.627833628103396,28.841949462890625,28.841949462890625,269000,0.0,0.0
2020-04-20 00:00:00+08:00,28.84195408978935,28.84195408978935,28.527599174110566,28.645483016967773,152000,0.0,0.0
2020-04-21 00:00:00+08:00,28.645484229835997,28.645484229835997,27.781009674072262,27.781009674072266,287000,0.0,0.0
2020-04-22 00:00:00+08:00,27.898890648688468,28.095361709594727,27.505948526875954,28.095361709594727,141000,0.0,0.0
2020-04-23 00:00:00+08:00,28.291832120965385,28.291832120965385,28.056067452872753,28.173948287963867,25000,0.0,0.0
2020-04-24 00:00:00+08:00,27.93818583416068,28.213247133661213,27.859598604538036,28.13465690612793,159000,0.0,0.0
2020-04-27 00:00:00+08:00,28.29183352493676,28.92054033701991,28.29183352493676,28.763362884521484,191000,0.0,0.0
2020-04-28 00:00:00+08:00,28.84195183529177,29.313481174041108,28.802658223381062,29.11701011657715,168000,0.0,0.0
2020-04-29 00:00:00+08:00,29.313480550204357,29.43136438133815,29.2348933280554,29.392070770263672,217000,0.0,0.0
2020-04-30 00:00:00+08:00,29.54924802633202,30.374428926968278,29.54924802633202,29.942190170288086,555000,0.0,0.0
2020-05-04 00:00:00+08:00,29.863601207960816,30.256543329118195,29.2348944136911,30.02077865600586,275000,0.0,0.0
2020-05-05 00:00:00+08:00,30.68877971264861,30.68877971264861,29.745718002319336,29.745718002319336,272000,0.0,0.0
2020-05-06 00:00:00+08:00,29.78501461359556,29.863601840326947,29.62783716222226,29.745718002319336,134000,0.0,0.0
2020-05-07 00:00:00+08:00,29.863601207960816,30.21724971658455,29.62783653484848,30.02077865600586,180000,0.0,0.0
2020-05-08 00:00:00+08:00,30.060072268539503,30.335130554185483,29.981485043472215,30.02077865600586,238000,0.0,0.0
2020-05-11 00:00:00+08:00,30.02078039782569,30.13866124226612,29.90289655547461,29.942190170288086,259000,0.0,0.0
2020-05-12 00:00:00+08:00,29.942186085524654,31.121012356575392,29.942186085524654,30.61018943786621,422000,0.0,0.0
2020-05-13 00:00:00+08:00,29.90289704534485,30.217251964823735,29.863603429887664,29.981487274169922,217000,0.0,0.0
2020-05-14 00:00:00+08:00,29.98148505960119,29.98148505960119,29.509952715212385,29.588542938232422,190000,0.0,0.0
2020-05-15 00:00:00+08:00,29.627836550787205,29.627836550787205,29.470659102657603,29.588542938232422,71000,0.0,0.0
2020-05-18 00:00:00+08:00,29.824308226961254,29.824308226961254,29.588543548856567,29.745718002319336,49000,0.0,0.0
2020-05-19 00:00:00+08:00,29.863601207960816,30.177956104050907,29.82430759542717,30.02077865600586,78000,0.0,0.0
2020-05-20 00:00:00+08:00,29.94218968709553,30.13866075590301,29.94218968709553,30.099367141723633,99000,0.0,0.0
2020-05-21 00:00:00+08:00,30.29583947321392,30.57090077975487,30.256545857396848,30.37442970275879,227000,0.0,0.0
2020-05-22 00:00:00+08:00,30.374429866505253,30.806665638644645,30.060074942452566,30.256546020507812,274000,0.0,0.0
2020-05-25 00:00:00+08:00,30.25654427008575,30.335131497597075,29.981485975885562,30.138660430908203,122000,0.0,0.0
2020-05-26 00:00:00+08:00,30.256545532452375,30.41372299194336,30.217251917057304,30.41372299194336,172000,0.0,0.0
2020-05-27 00:00:00+08:00,30.531602378953504,30.806663669394585,30.531602378953504,30.688779830932617,177000,0.0,0.0
2020-05-28 00:00:00+08:00,30.885253739188666,31.43537337279474,30.885253739188666,31.003137588500977,259000,0.0,0.0
2020-05-29 00:00:00+08:00,31.003136608379837,31.278194917531877,30.92454637868588,31.121017456054688,103000,0.0,0.0
2020-06-01 00:00:00+08:00,31.39607444872047,31.749722938968674,31.39607444872047,31.710426330566406,202000,0.0,0.0
2020-06-02 00:00:00+08:00,32.61419389503624,32.92854877029708,32.221251799915315,32.29983901977539,453000,0.0,0.0
2020-06-03 00:00:00+08:00,32.692785636296854,32.7713758649362,31.985491566006846,32.221256256103516,252000,0.0,0.0
2020-06-04 00:00:00+08:00,32.22125197436042,32.496310243270116,31.5925452183452,32.3784294128418,225000,0.0,0.0
2020-06-05 00:00:00+08:00,32.5748998172181,32.5748998172181,32.221251337106835,32.45701599121094,121000,0.0,0.0
2020-06-08 00:00:00+08:00,32.37843195491935,32.45701918137489,31.27819279707863,32.103370666503906,225000,0.0,0.0
2020-06-09 00:00:00+08:00,32.064079339033924,32.064079339033924,31.474666104868184,31.63184356689453,234000,0.0,0.0
2020-06-10 00:00:00+08:00,31.63184263143092,31.63184263143092,31.3174877166748,31.317487716674805,148000,0.0,0.0
2020-06-11 00:00:00+08:00,31.317489692881768,31.435373542831723,30.88525390625,30.88525390625,233000,0.0,0.0
2020-06-12 00:00:00+08:00,30.610190051686754,30.610190051686754,30.217247953456912,30.335128784179688,245000,0.0,0.0
2020-06-15 00:00:00+08:00,30.17795717873154,30.649486541748047,30.17795717873154,30.649486541748047,97000,0.0,0.0
2020-06-16 00:00:00+08:00,30.688779675319374,30.885250739819384,30.53160222413726,30.806663513183594,109000,0.0,0.0
2020-06-17 00:00:00+08:00,30.8852521200487,31.39607810974121,30.688781046768607,31.39607810974121,219000,0.0,0.0
2020-06-18 00:00:00+08:00,31.396078710887828,31.828314480798003,31.396078710887828,31.749727249145508,305000,0.0,0.0
2020-06-19 00:00:00+08:00,31.8283114563858,31.867605068478266,31.47466295173276,31.553253173828125,221000,0.0,0.0
2020-06-22 00:00:00+08:00,31.435368059212422,32.14266503970883,31.435368059212422,31.710426330566406,268000,0.0,0.0
2020-06-23 00:00:00+08:00,31.78901959801309,32.10337151000523,31.435371073850156,31.47466468811035,223000,0.0,0.0
2020-06-24 00:00:00+08:00,31.513958788919716,31.592549016564067,31.27819410180795,31.317487716674805,172000,0.0,0.0
2020-06-29 00:00:00+08:00,31.317482138645587,31.317482138645587,30.924540064143585,30.963836669921875,177000,0.0,0.0
2020-06-30 00:00:00+08:00,31.199606713015964,31.43537139892578,31.12101648577227,31.43537139892578,111000,0.0,0.0
2020-07-01 00:00:00+08:00,31.356783521875453,31.59254820291523,31.356783521875453,31.513957977294922,104000,0.0,0.0
2020-07-02 00:00:00+08:00,31.671135887752847,31.98549079895019,31.631842273330832,31.985490798950195,167000,0.0,0.0
2020-07-03 00:00:00+08:00,32.221250853649124,32.260544462425194,32.06407342063465,32.18195724487305,163000,0.0,0.0
2020-07-06 00:00:00+08:00,32.22125419454455,32.49631248240695,32.22125419454455,32.33913803100586,161000,0.0,0.0
2020-07-07 00:00:00+08:00,32.457016167209666,33.085722914199856,32.457016167209666,32.535606384277344,298000,0.0,0.0
2020-07-08 00:00:00+08:00,32.37843366881233,32.771375817710755,32.37843366881233,32.65349197387695,99000,0.0,0.0
2020-07-09 00:00:00+08:00,32.77136975500252,32.92854718506618,32.61419232493886,32.692779541015625,189000,0.0,0.0
2020-07-10 00:00:00+08:00,32.84995873037564,32.88925234051841,31.9854873155935,32.3784294128418,221000,0.0,0.0
2020-07-13 00:00:00+08:00,32.37843415474913,32.53561161624956,32.29984392504355,32.496315002441406,126000,0.0,0.0
2020-07-14 00:00:00+08:00,32.49631006733585,32.73207772273662,32.29983901977539,32.29983901977539,191000,0.0,0.0
2020-07-15 00:00:00+08:00,32.29984030903091,32.37843052993821,32.064075642129815,32.14266586303711,101000,0.0,0.0
2020-07-16 00:00:00+08:00,32.14266586303711,32.37843052993821,31.985488419132917,32.14266586303711,78000,0.0,0.0
2020-07-17 00:00:00+08:00,32.14266474362866,32.14266474362866,31.86760347689807,31.94619369506836,92000,0.0,0.0
2020-07-20 00:00:00+08:00,32.02478121032266,32.02478121032266,31.6318391095825,31.710426330566406,80000,0.0,0.0
2020-07-21 00:00:00+08:00,31.906897233437995,31.98548745196891,31.671132573665854,31.828310012817383,138000,0.0,0.0
2020-07-22 00:00:00+08:00,31.906899277032597,33.16431587287039,31.906899277032597,32.7713737487793,397000,0.0,0.0
2020-07-23 00:00:00+08:00,32.8499635413397,33.08572823463498,32.37843415474913,32.496315002441406,201000,0.0,0.0
2020-07-24 00:00:00+08:00,32.45702094620019,32.53561117483953,32.18196264073919,32.221256256103516,137000,0.0,0.0
2020-07-27 00:00:00+08:00,32.22125197436042,32.41772302298457,32.103368146021815,32.3784294128418,176000,0.0,0.0
2020-07-28 00:00:00+08:00,32.22125211174105,32.299839332361664,31.828310012817383,31.828310012817383,179000,0.0,0.0
2020-07-29 00:00:00+08:00,31.82831097522872,32.41772414143666,31.710427142822976,32.14266586303711,98000,0.0,0.0
2020-07-30 00:00:00+08:00,32.22125151182713,32.692780822592205,32.22125151182713,32.535606384277344,107000,0.0,0.0
2020-07-31 00:00:00+08:00,32.496310895937235,34.34314058884277,32.496310895937235,34.028785705566406,735000,0.0,0.0
2020-08-03 00:00:00+08:00,34.539612767056326,34.73608382602944,33.517963859978195,34.225257873535156,1095000,0.0,0.0
2020-08-04 00:00:00+08:00,34.26455149830584,34.34314172067016,33.557257484489654,33.79302215576172,379000,0.0,0.0
2020-08-05 00:00:00+08:00,33.79302215576172,33.98949321480684,33.59655109671659,33.79302215576172,817000,0.0,0.0
2020-08-06 00:00:00+08:00,33.96461715904534,34.78900105540676,33.96461715904534,34.047054290771484,566000,2.008145,0.0
2020-08-07 00:00:00+08:00,34.08827679146581,34.08827679146581,33.79974365234375,33.79974365234375,239000,0.0,0.0
2020-08-10 00:00:00+08:00,34.04705469147639,35.03631600770785,33.964617558780034,34.78900146484375,722000,0.0,0.0
2020-08-11 00:00:00+08:00,34.78899840891888,34.95387580460351,34.582902450506765,34.747779846191406,304000,0.0,0.0
2020-08-12 00:00:00+08:00,34.58290274873219,34.58290274873219,33.63486007395115,33.96461486816406,570000,0.0,0.0
2020-08-13 00:00:00+08:00,33.96461486816406,34.21192939143636,33.799737471057604,33.96461486816406,253000,0.0,0.0
2020-08-14 00:00:00+08:00,33.96461792002982,34.211932465524384,33.92339935324324,34.005836486816406,124000,0.0,0.0
2020-08-17 00:00:00+08:00,34.04705507583475,36.10801486426028,34.04705507583475,35.73704147338867,1091000,0.0,0.0
2020-08-18 00:00:00+08:00,35.73703517166576,37.880434860535,35.73703517166576,36.19044876098633,966000,0.0,0.0
2020-08-19 00:00:00+08:00,36.19044884675137,36.726296411657664,36.02557146340539,36.149227142333984,560000,0.0,0.0
2020-08-20 00:00:00+08:00,36.14923152472641,37.01483710603705,34.04705328034677,34.624122619628906,876000,0.0,0.0
2020-08-21 00:00:00+08:00,34.953875444486684,38.08653335112117,34.953875444486684,38.04531478881836,2573000,0.0,0.0
2020-08-24 00:00:00+08:00,38.127753809878705,40.84821993925021,38.127753809878705,39.158233642578125,2958000,0.0,0.0
2020-08-25 00:00:00+08:00,39.15822977454261,39.90017643870693,38.91091526807936,39.40554428100586,970000,0.0,0.0
2020-08-26 00:00:00+08:00,39.446769620867165,39.73530588197616,39.405551053501625,39.48799133300781,931000,0.0,0.0
2020-08-27 00:00:00+08:00,40.31237129208628,40.80700034134417,38.95213668946489,39.73530197143555,2020000,0.0,0.0
2020-08-28 00:00:00+08:00,39.57042677044737,40.43602922709591,39.57042677044737,40.06505584716797,1175000,0.0,0.0
2020-08-31 00:00:00+08:00,40.31237634577136,40.31237634577136,38.41629074810906,38.91092300415039,874000,0.0,0.0
2020-09-01 00:00:00+08:00,38.74604246204439,38.74604246204439,37.097274697702076,37.34458923339844,1062000,0.0,0.0
2020-09-02 00:00:00+08:00,37.3445858480171,38.74603894961778,37.3445858480171,38.33384704589844,740000,0.0,0.0
2020-09-03 00:00:00+08:00,38.539947509765625,39.11701687148717,38.33385153377757,38.539947509765625,605000,0.0,0.0
2020-09-04 00:00:00+08:00,37.50946481153584,38.292630090401985,37.50946481153584,38.21018981933594,505000,0.0,0.0
2020-09-07 00:00:00+08:00,38.663602102720866,38.74603922614321,37.50946350615992,37.550682067871094,597000,0.0,0.0
2020-09-08 00:00:00+08:00,37.92165718626392,37.92165718626392,36.06679351954449,36.932395935058594,685000,0.0,0.0
2020-09-09 00:00:00+08:00,36.849962713435914,36.849962713435914,36.108015910200734,36.68508529663086,338000,0.0,0.0
2020-09-10 00:00:00+08:00,36.93239984945087,36.93239984945087,36.43777074381085,36.68508529663086,258000,0.0,0.0
2020-09-11 00:00:00+08:00,36.726299734807476,36.84995856969976,35.242409439974054,35.44850540161133,938000,0.0,0.0
2020-09-14 00:00:00+08:00,35.53094381070973,36.190453427571335,35.28362927677409,36.10801315307617,315000,0.0,0.0
2020-09-15 00:00:00+08:00,36.19045495634625,36.6438654785106,36.025577545166016,36.025577545166016,245000,0.0,0.0
2020-09-16 00:00:00+08:00,36.10801307281526,36.47898644528158,35.77826140989235,36.35532760620117,197000,0.0,0.0
2020-09-17 00:00:00+08:00,37.09727435113381,37.09727435113381,36.27289047666417,36.35532760620117,144000,0.0,0.0
2020-09-18 00:00:00+08:00,36.47898182257713,36.685077765077565,36.19044876098633,36.19044876098633,227000,0.0,0.0
2020-09-21 00:00:00+08:00,36.437764998958805,36.437764998958805,35.48972236038142,35.57216262817383,190000,0.0,0.0
2020-09-22 00:00:00+08:00,35.61337914656078,35.654597705704965,34.66533656237213,34.91265106201172,233000,0.0,0.0
2020-09-23 00:00:00+08:00,35.366067014184054,35.366067014184054,34.45924292844041,34.541683197021484,190000,0.0,0.0
2020-09-24 00:00:00+08:00,34.459245635543674,34.50046420068497,33.55242462333526,33.59364318847656,356000,0.0,0.0
2020-09-25 00:00:00+08:00,33.59363799698128,33.92339275670192,32.56315830382234,32.93413162231445,564000,0.0,0.0
2020-09-28 00:00:00+08:00,33.34633102181994,33.46998672602851,33.14023503669717,33.428768157958984,140000,0.0,0.0
2020-09-29 00:00:00+08:00,33.428762740879215,33.63485869260445,33.428762740879215,33.55242156982422,63000,0.0,0.0
2020-09-30 00:00:00+08:00,33.71730651110184,34.04705822084485,33.71730651110184,33.79974365234375,69000,0.0,0.0
2020-10-05 00:00:00+08:00,34.62412654183063,35.737043637050796,34.211934559189785,34.37681198120117,182000,0.0,0.0
2020-10-06 00:00:00+08:00,34.830220985964196,34.830220985964196,34.25315160694586,34.45924758911133,71000,0.0,0.0
2020-10-07 00:00:00+08:00,34.54168786884259,34.830220985964196,34.33559188667712,34.45924758911133,55000,0.0,0.0
2020-10-08 00:00:00+08:00,34.871439456465204,34.871439456465204,34.582906340146,34.70656204223633,147000,0.0,0.0
2020-10-12 00:00:00+08:00,34.706564785106245,34.706564785106245,33.71730651110184,33.79974365234375,185000,0.0,0.0
2020-10-13 00:00:00+08:00,33.88217466771375,33.88217466771375,33.6760787070956,33.71730041503906,67000,0.0,0.0
2020-10-14 00:00:00+08:00,33.88217603483818,34.37680824714471,33.717301775510926,34.129493713378906,129000,0.0,0.0
2020-10-15 00:00:00+08:00,34.25314924832076,35.283629088190665,33.882175877012614,34.624122619628906,130000,0.0,0.0
2020-10-16 00:00:00+08:00,34.62412287329466,34.62412287329466,34.08827209472656,34.08827209472656,61000,0.0,0.0
2020-10-19 00:00:00+08:00,33.79973890517455,34.17071227821072,33.79973890517455,34.129493713378906,65000,0.0,0.0
2020-10-20 00:00:00+08:00,34.211932465524384,34.211932465524384,33.92339935324324,34.005836486816406,26000,0.0,0.0
2020-10-21 00:00:00+08:00,34.2119278068516,34.37680519632147,33.964613295034106,34.29436492919922,68000,0.0,0.0
2020-10-22 00:00:00+08:00,34.21193093432687,34.21193093432687,33.92339783495938,34.08827209472656,38000,0.0,0.0
2020-10-23 00:00:00+08:00,34.29437017442393,34.582906436320656,33.840959642614926,34.45924758911133,62000,0.0,0.0
2020-10-26 00:00:00+08:00,34.582905081316405,34.582905081316405,33.84095831668113,34.047054290771484,964000,0.0,0.0
2020-10-27 00:00:00+08:00,33.7997375413764,34.00583350199455,33.63486014392693,33.71730041503906,913000,0.0,0.0
2020-10-28 00:00:00+08:00,33.67607740332515,33.67607740332515,33.14022981332819,33.263885498046875,1195000,0.0,0.0
2020-10-29 00:00:00+08:00,33.01657485961914,33.18145227004019,32.72804174996359,33.01657485961914,526000,0.0,0.0
2020-10-30 00:00:00+08:00,33.016571871383036,33.14023070420057,32.7280387878418,32.7280387878418,278000,0.0,0.0
2020-11-02 00:00:00+08:00,32.72803738823342,32.72803738823342,31.986090712606934,32.31584548950195,1192000,0.0,0.0
2020-11-03 00:00:00+08:00,32.64559867523837,32.64559867523837,32.27462846454513,32.43950271606445,681000,0.0,0.0
2020-11-04 00:00:00+08:00,32.48072193163695,32.892913818359375,31.903652661270648,32.892913818359375,195000,0.0,0.0
2020-11-05 00:00:00+08:00,32.975354074125384,33.18145003708867,32.645599275474204,32.68682098388672,460000,0.0,0.0
2020-11-06 00:00:00+08:00,32.72803963751125,32.8104767650133,32.645599365234375,32.645599365234375,571000,0.0,0.0
2020-11-09 00:00:00+08:00,32.851696175464525,32.93413644986617,32.150971139312546,32.3570671081543,247000,0.0,0.0
2020-11-10 00:00:00+08:00,32.56316154947871,32.56316154947871,32.27462846454513,32.43950271606445,173000,0.0,0.0
2020-11-11 00:00:00+08:00,32.56316275026003,33.67607971292858,32.56316275026003,33.14023208618164,256000,0.0,0.0
2020-11-12 00:00:00+08:00,33.346330451495305,33.42876758622442,32.81047964143072,32.97535705566406,153000,0.0,0.0
2020-11-13 00:00:00+08:00,32.97535330870211,32.97535330870211,32.64559851770519,32.7280387878418,85000,0.0,0.0
2020-11-16 00:00:00+08:00,32.81047728143361,33.55242401972924,32.728040152634044,33.14023208618164,87000,0.0,0.0
2020-11-17 00:00:00+08:00,32.892913818359375,33.05778805722873,32.851692113867514,32.892913818359375,75000,0.0,0.0
2020-11-18 00:00:00+08:00,32.93413772679614,33.22267083645169,32.93413772679614,33.01657485961914,125000,0.0,0.0
2020-11-19 00:00:00+08:00,33.01657562302862,33.01657562302862,32.89291992093494,32.97535705566406,56000,0.0,0.0
2020-11-20 00:00:00+08:00,33.01657485961914,33.34632968046123,32.97535629320764,33.01657485961914,82000,0.0,0.0
2020-11-23 00:00:00+08:00,32.97535629320764,33.14023370362868,32.892919160384636,33.01657485961914,134000,0.0,0.0
2020-11-24 00:00:00+08:00,33.22267015566786,33.22267015566786,32.81047821044922,32.81047821044922,117000,0.0,0.0
2020-11-25 00:00:00+08:00,32.851697539543856,32.934137817368615,32.686823273444425,32.76926040649414,146000,0.0,0.0
2020-11-26 00:00:00+08:00,32.76925735052272,32.892916183340255,32.604379955024264,32.7280387878418,171000,0.0,0.0
2020-11-27 00:00:00+08:00,32.72804306645162,33.46998672602851,32.686824498382094,33.428768157958984,295000,0.0,0.0
2020-11-30 00:00:00+08:00,33.51120245094932,33.552421011653735,33.05778884887695,33.05778884887695,206000,0.0,0.0
2020-12-01 00:00:00+08:00,33.05778805722873,33.140228321437924,32.56315905107162,32.892913818359375,230000,0.0,0.0
2020-12-02 00:00:00+08:00,32.97535330870211,32.97535330870211,32.64559851770519,32.7280387878418,204000,0.0,0.0
2020-12-03 00:00:00+08:00,32.72803954752441,32.851695238437486,32.52194358456113,32.68682098388672,154000,0.0,0.0
2020-12-04 00:00:00+08:00,32.60438365983282,32.97535705566406,32.56316509246826,32.97535705566406,210000,0.0,0.0
2020-12-07 00:00:00+08:00,32.97535093779405,33.01656949751139,32.769254994432835,32.892913818359375,135000,0.0,0.0
2020-12-08 00:00:00+08:00,32.81047821044922,32.89291848635793,32.728041079315474,32.81047821044922,59000,0.0,0.0
2020-12-09 00:00:00+08:00,32.810479064623756,32.810479064623756,32.15097256405959,32.52194595336914,342000,0.0,0.0
2020-12-10 00:00:00+08:00,32.48072287794946,32.48072287794946,32.10974954013622,32.31584548950195,325000,0.0,0.0
2020-12-11 00:00:00+08:00,32.31584478520608,32.35706334522598,31.98609001549778,32.10974884033203,229000,0.0,0.0
2020-12-14 00:00:00+08:00,32.15097198286387,32.31584939121817,31.86243887682509,32.06853485107422,161000,0.0,0.0
2020-12-15 00:00:00+08:00,32.06853248000238,32.06853248000238,31.120489810642443,31.32658576965332,368000,0.0,0.0
2020-12-16 00:00:00+08:00,31.32658576965332,31.573900291511418,31.244148643958873,31.32658576965332,200000,0.0,0.0
2020-12-17 00:00:00+08:00,31.409024045313373,31.532682883157275,31.32658691660069,31.36780548095703,91000,0.0,0.0
2020-12-18 00:00:00+08:00,31.409024045313373,31.491464318800933,31.16170951440045,31.36780548095703,144000,0.0,0.0
2020-12-21 00:00:00+08:00,31.45024891552949,31.45024891552949,31.079275509485882,31.161712646484375,219000,0.0,0.0
2020-12-22 00:00:00+08:00,30.955617139479426,31.161713129948364,30.955617139479426,30.996835708618164,176000,0.0,0.0
2020-12-23 00:00:00+08:00,30.996835227712197,31.161712646484375,30.749520671941525,31.161712646484375,109000,0.0,0.0
2020-12-24 00:00:00+08:00,31.079272385687766,31.491464318800933,31.079272385687766,31.36780548095703,114000,0.0,0.0
2020-12-25 00:00:00+08:00,31.57390158619454,32.563162858966216,31.57390158619454,31.986093521118164,219000,0.0,0.0
2020-12-28 00:00:00+08:00,31.986094754707068,31.986094754707068,31.656343080915768,31.779998779296875,197000,0.0,0.0
2020-12-29 00:00:00+08:00,31.862435598429204,32.15096867478018,31.656339645385742,31.656339645385742,146000,0.0,0.0
2020-12-30 00:00:00+08:00,31.656340793540725,31.73877791983818,31.656340793540725,31.697559356689453,86000,0.0,0.0
2020-12-31 00:00:00+08:00,31.738780502422237,32.109753890496464,31.738780502422237,31.903657913208008,124000,0.0,0.0
2021-01-04 00:00:00+08:00,31.862439821467454,31.862439821467454,31.491466427865582,31.738780975341797,162000,0.0,0.0
2021-01-05 00:00:00+08:00,31.738776768693256,31.738776768693256,31.615117938957308,31.656339645385742,103000,0.0,0.0
2021-01-06 00:00:00+08:00,31.738778081329347,31.738778081329347,31.285367594836746,31.40902328491211,292000,0.0,0.0
2021-01-07 00:00:00+08:00,31.36780433250054,31.532681728664198,31.202926936336887,31.32658576965332,223000,0.0,0.0
2021-01-08 00:00:00+08:00,31.32658652954531,31.49146392970841,31.20292769322927,31.285367965698242,207000,0.0,0.0
2021-01-11 00:00:00+08:00,31.326590317946213,32.15097427368164,31.24415318028276,32.15097427368164,207000,0.0,0.0
2021-01-12 00:00:00+08:00,32.15097264339731,32.274631488397326,31.615121841430664,31.615121841430664,235000,0.0,0.0
2021-01-13 00:00:00+08:00,31.615119085617206,31.77999648298691,31.450244833022293,31.697559356689453,97000,0.0,0.0
2021-01-14 00:00:00+08:00,31.94487695570116,31.986095522818015,31.697562408224943,31.738780975341797,139000,0.0,0.0
2021-01-15 00:00:00+08:00,31.986096394941267,31.986096394941267,31.45024871826172,31.45024871826172,120000,0.0,0.0
2021-01-18 00:00:00+08:00,31.367805093392374,31.367805093392374,30.996831729219103,31.285367965698242,115000,0.0,0.0
2021-01-19 00:00:00+08:00,31.285365355998156,31.409021037224488,31.079269409179688,31.079269409179688,148000,0.0,0.0
2021-01-20 00:00:00+08:00,31.120491140457055,31.120491140457055,29.883915333551478,29.966352462768555,382000,0.0,0.0
2021-01-21 00:00:00+08:00,29.224407196044922,29.883913626431923,29.224407196044922,29.224407196044922,453000,0.0,0.0
2021-01-22 00:00:00+08:00,29.224407196044922,29.26562575829885,28.853433846210134,29.224407196044922,285000,0.0,0.0
2021-01-25 00:00:00+08:00,29.018312762500248,29.471723260631915,29.018312762500248,29.348064422607422,87000,0.0,0.0
2021-01-26 00:00:00+08:00,29.3480662368687,29.677821062135795,29.3480662368687,29.3892879486084,91000,0.0,0.0
2021-01-27 00:00:00+08:00,29.595384597778324,29.67782173357263,29.3892886135174,29.59538459777832,71000,0.0,0.0
2021-01-28 00:00:00+08:00,29.595381242888347,29.636599806113022,29.38928528199017,29.430503845214844,82000,0.0,0.0
2021-01-29 00:00:00+08:00,29.512942285595145,29.512942285595145,28.93587294043387,28.977094650268555,91000,0.0,0.0
2021-02-01 00:00:00+08:00,28.977094435571406,28.977094435571406,28.358806529931403,28.606121063232422,152000,0.0,0.0
2021-02-02 00:00:00+08:00,28.688555913617858,28.729774475097656,28.4412413999644,28.729774475097656,119000,0.0,0.0
2021-02-03 00:00:00+08:00,28.770997242054303,29.01831176482552,28.729775534280122,28.81221580505371,118000,0.0,0.0
2021-02-04 00:00:00+08:00,28.85343330431171,29.05952925648537,28.688555913617858,28.729774475097656,80000,0.0,0.0
2021-02-05 00:00:00+08:00,28.688558956833848,28.729777522686017,28.564903259277344,28.564903259277344,123000,0.0,0.0
2021-02-17 00:00:00+08:00,28.97709520734902,28.97709520734902,28.276367008762172,28.564903259277344,256000,0.0,0.0
2021-02-18 00:00:00+08:00,28.56490241910381,28.935872645637055,28.358806451129826,28.853435516357422,173000,0.0,0.0
2021-02-19 00:00:00+08:00,28.853434608096165,30.87317565961786,28.853434608096165,30.296106338500977,498000,0.0,0.0
2021-02-22 00:00:00+08:00,30.460981316960396,30.87317320719051,30.37854105204964,30.708295822143555,371000,0.0,0.0
2021-02-23 00:00:00+08:00,30.708297274513452,30.8731746673584,30.502201319650947,30.8731746673584,146000,0.0,0.0
2021-02-24 00:00:00+08:00,30.914395901913736,31.07927330901227,30.79073706039609,30.831958770751953,172000,0.0,0.0
2021-02-25 00:00:00+08:00,31.07927330901227,31.12049187459316,30.7495184948152,30.831958770751953,174000,0.0,0.0
2021-02-26 00:00:00+08:00,30.831956630392114,30.831956630392114,30.378543006153453,30.460983276367188,122000,0.0,0.0
2021-03-02 00:00:00+08:00,30.502205853997143,30.667083271352162,30.090013882997184,30.17245101928711,215000,0.0,0.0
2021-03-03 00:00:00+08:00,30.172451406093376,30.172451406093376,29.925136849277898,30.048795700073242,135000,0.0,0.0
2021-03-04 00:00:00+08:00,29.92513589858683,29.92513589858683,29.67782134962828,29.719039916992188,121000,0.0,0.0
2021-03-05 00:00:00+08:00,29.677819275999834,30.419766015809785,29.554160437773213,30.0075740814209,164000,0.0,0.0
2021-03-08 00:00:00+08:00,30.007576178089753,30.090013312817565,29.719039916992188,29.719039916992188,183000,0.0,0.0
2021-03-09 00:00:00+08:00,30.007575699754042,30.090012833167766,29.636602309842168,29.8839168548584,169000,0.0,0.0
2021-03-10 00:00:00+08:00,29.925133273116277,30.41976547241211,29.925133273116277,30.41976547241211,234000,0.0,0.0
2021-03-11 00:00:00+08:00,30.749515595261833,30.790734156955985,30.460982518628118,30.502201080322266,249000,0.0,0.0
2021-03-12 00:00:00+08:00,30.58463972740255,30.58463972740255,30.254888072646832,30.41976547241211,162000,0.0,0.0
2021-03-15 00:00:00+08:00,30.337326426833677,30.337326426833677,30.131230454987286,30.21367073059082,264000,0.0,0.0
2021-03-16 00:00:00+08:00,30.21367273220724,30.254891300352202,30.131232451142147,30.17245101928711,219000,0.0,0.0
2021-03-17 00:00:00+08:00,30.378544992247964,30.41976670243721,30.172449020401572,30.21367073059082,191000,0.0,0.0
2021-03-18 00:00:00+08:00,30.254884719848633,30.37854039738814,30.254884719848633,30.254884719848633,255000,0.0,0.0
2021-03-19 00:00:00+08:00,30.3373288255621,30.3373288255621,30.007577131399866,30.048795700073242,217000,0.0,0.0
2021-03-22 00:00:00+08:00,30.131227233085276,30.914392471313477,30.09000867207845,30.914392471313477,432000,0.0,0.0
2021-03-23 00:00:00+08:00,31.24414801506585,31.409022263136094,30.790734398548576,30.8731746673584,574000,0.0,0.0
2021-03-24 00:00:00+08:00,30.79073791486928,30.79073791486928,30.625863647970295,30.74951934814453,231000,0.0,0.0
2021-03-25 00:00:00+08:00,30.58463896452566,30.58463896452566,30.33732444343396,30.460983276367188,526000,0.0,0.0
2021-03-26 00:00:00+08:00,30.337323688770994,30.543419642016413,30.337323688770994,30.502201080322266,391000,0.0,0.0
2021-03-29 00:00:00+08:00,30.543423369745742,30.74951934814453,30.419767669571502,30.74951934814453,248000,0.0,0.0
2021-03-30 00:00:00+08:00,30.831956105340836,30.91439322937596,30.749515836531014,30.8731746673584,197000,0.0,0.0
2021-03-31 00:00:00+08:00,30.873176419131184,31.409024045313373,30.70829901693094,31.36780548095703,445000,0.0,0.0
2021-04-01 00:00:00+08:00,31.450245754444595,31.532682883157275,31.16170951440045,31.36780548095703,329000,0.0,0.0
2021-04-07 00:00:00+08:00,32.06853028031213,32.23340452039173,31.862434335438078,32.10974884033203,471000,0.0,0.0
2021-04-08 00:00:00+08:00,32.10975316148751,33.140233024534126,31.986094320011926,32.81047821044922,666000,0.0,0.0
2021-04-09 00:00:00+08:00,32.97535093779405,33.18144688115526,32.68681787499816,32.892913818359375,454000,0.0,0.0
2021-04-12 00:00:00+08:00,32.9341370519248,33.05779274862541,32.76925964488235,32.81047821044922,379000,0.0,0.0
2021-04-13 00:00:00+08:00,32.810478973018995,33.05779351694319,32.728041839969286,32.76926040649414,387000,0.0,0.0
2021-04-14 00:00:00+08:00,32.81048080931494,32.97535822941707,31.780000864645654,32.15097427368164,448000,0.0,0.0
2021-04-15 00:00:00+08:00,31.90365485710996,32.15096937721048,31.532681504571816,31.862436294555664,352000,0.0,0.0
2021-04-16 00:00:00+08:00,31.90365289545798,32.19218596037183,31.90365289545798,32.10974884033203,136000,0.0,0.0
2021-04-19 00:00:00+08:00,32.15097022227225,32.89291694685,32.15097022227225,32.68682098388672,371000,0.0,0.0
2021-04-20 00:00:00+08:00,32.892913818359375,32.97535093779405,32.769254994432835,32.892913818359375,258000,0.0,0.0
2021-04-21 00:00:00+08:00,32.9341370519248,33.01657418305854,32.76925964488235,32.81047821044922,325000,0.0,0.0
2021-04-22 00:00:00+08:00,32.8929185722704,33.05779283496852,32.398286349851126,32.56316375732422,444000,0.0,0.0
2021-04-23 00:00:00+08:00,32.56316509246826,32.97535705566406,32.56316509246826,32.97535705566406,464000,0.0,0.0
2021-04-26 00:00:00+08:00,33.55242294778531,33.96461486816406,33.09901246432364,33.96461486816406,1005000,0.0,0.0
2021-04-27 00:00:00+08:00,34.12949396963831,34.25314966506222,33.38754721799511,33.59364318847656,717000,0.0,0.0
2021-04-28 00:00:00+08:00,33.5524254732842,33.67608117184055,33.222670654250564,33.305110931396484,461000,0.0,0.0
2021-04-29 00:00:00+08:00,33.305106360126274,33.79973537601173,33.305106360126274,33.3463249206543,572000,0.0,0.0
2021-05-03 00:00:00+08:00,33.469983590822814,34.17071176146662,33.469983590822814,33.63486099243164,858000,0.0,0.0
2021-05-04 00:00:00+08:00,33.51120786572864,33.5524264330932,31.73878116607666,32.97535705566406,935000,0.0,0.0
2021-05-05 00:00:00+08:00,33.30510720439444,33.67607740332515,32.81047503119571,33.263885498046875,542000,0.0,0.0
2021-05-06 00:00:00+08:00,33.30510849380276,34.04705206516322,33.30510849380276,33.71730041503906,736000,0.0,0.0
2021-05-07 00:00:00+08:00,34.21193102179755,35.77826165178982,34.08827218188108,35.61338424682617,2070000,0.0,0.0
2021-05-10 00:00:00+08:00,35.61338364189847,35.61338364189847,34.747781211511075,35.15997314453125,2205000,0.0,0.0
2021-05-11 00:00:00+08:00,35.819479608408564,35.819479608408564,33.96461590981776,35.15997314453125,1818000,0.0,0.0
2021-05-12 00:00:00+08:00,34.78899507000053,35.07752812617525,32.35706236519056,32.93413162231445,1936000,0.0,0.0
2021-05-13 00:00:00+08:00,32.31584454799307,33.7997347112389,31.326583390904347,32.892913818359375,1006000,0.0,0.0
2021-05-14 00:00:00+08:00,33.34633163845305,33.923401036422895,32.15097427368164,32.15097427368164,795000,0.0,0.0
2021-05-17 00:00:00+08:00,29.67781994588022,32.10975304262262,29.67781994588022,30.21367073059082,561000,0.0,0.0
2021-05-18 00:00:00+08:00,30.337326099627024,31.285368817805182,30.337326099627024,31.20292854309082,284000,0.0,0.0
2021-05-19 00:00:00+08:00,31.3265873827749,31.3265873827749,30.79073660384378,31.20292854309082,185000,0.0,0.0
2021-05-20 00:00:00+08:00,31.326587940572022,31.326587940572022,30.74951858639596,30.79073715209961,160000,0.0,0.0
2021-05-21 00:00:00+08:00,31.120489810642443,31.32658576965332,31.038052684947996,31.32658576965332,192000,0.0,0.0
2021-05-24 00:00:00+08:00,31.32658691660069,31.409024045313373,31.038053821331427,31.36780548095703,170000,0.0,0.0
2021-05-25 00:00:00+08:00,31.326589014623075,31.986095522818015,31.326589014623075,31.738780975341797,300000,0.0,0.0
2021-05-26 00:00:00+08:00,31.779998310313054,32.027312848200616,31.49146520690673,31.944875717163086,94000,0.0,0.0
2021-05-27 00:00:00+08:00,31.944875717163086,32.06853455849435,31.65634261375676,31.944875717163086,110000,0.0,0.0
2021-05-28 00:00:00+08:00,31.98609675027023,32.39828872680664,31.98609675027023,32.39828872680664,173000,0.0,0.0
2021-05-31 00:00:00+08:00,32.233411307237034,32.52194757767764,32.19219273853844,32.39828872680664,172000,0.0,0.0
2021-06-01 00:00:00+08:00,32.48072193163695,32.97535093779405,32.31584454799307,32.892913818359375,164000,0.0,0.0
2021-06-02 00:00:00+08:00,33.14023284757334,33.469984515122476,32.97535544141129,33.09901428222656,198000,0.0,0.0
2021-06-03 00:00:00+08:00,33.38754570866619,33.7997376309954,33.14023118422362,33.67607879638672,317000,0.0,0.0
2021-06-04 00:00:00+08:00,33.79973537601173,33.79973537601173,33.305106360126274,33.3463249206543,156000,0.0,0.0
2021-06-07 00:00:00+08:00,33.38754362406147,33.38754362406147,32.686818657762615,33.05778884887695,174000,0.0,0.0
2021-06-08 00:00:00+08:00,33.305112554190636,33.305112554190636,33.057794855477326,33.181453704833984,97000,0.0,0.0
2021-06-09 00:00:00+08:00,33.30510948855566,33.346328052955435,33.01657324820741,33.14023208618164,106000,0.0,0.0
2021-06-10 00:00:00+08:00,33.34632797500321,33.38754653930664,33.140232008711195,33.38754653930664,160000,0.0,0.0
2021-06-11 00:00:00+08:00,33.79974041696157,34.45924691809361,33.75852185028614,34.253150939941406,881000,0.0,0.0
2021-06-15 00:00:00+08:00,34.37680510892058,34.78899700915997,34.047050330819204,34.33558654785156,588000,0.0,0.0
2021-06-16 00:00:00+08:00,34.33558994011977,34.33558994011977,33.51120605819396,33.59364318847656,476000,0.0,0.0
2021-06-17 00:00:00+08:00,33.634866225084565,33.92340250898198,33.46998879782537,33.79974365234375,150000,0.0,0.0
2021-06-18 00:00:00+08:00,33.882176125242665,34.706560003178254,33.634861590816975,34.08827209472656,285000,0.0,0.0
2021-06-21 00:00:00+08:00,34.25314958155962,34.25314958155962,33.387547136602684,33.84095764160156,264000,0.0,0.0
2021-06-22 00:00:00+08:00,34.00583350199455,34.37680686006218,33.59364158075825,33.71730041503906,168000,0.0,0.0
2021-06-23 00:00:00+08:00,33.71730118909689,33.92339715444644,33.51120522374733,33.88217544555664,264000,0.0,0.0
2021-06-24 00:00:00+08:00,33.88217362747167,34.62412032082786,33.799736503665294,34.541683197021484,444000,0.0,0.0
2021-06-25 00:00:00+08:00,34.9126534880021,34.95387519478516,34.45924301636079,34.50046157836914,324000,0.0,0.0
2021-06-28 00:00:00+08:00,34.500461490343596,34.91265339892488,34.29436553605296,34.541683197021484,275000,0.0,0.0
2021-06-29 00:00:00+08:00,34.62412032082786,34.62412032082786,34.253146974149765,34.541683197021484,264000,0.0,0.0
2021-06-30 00:00:00+08:00,34.62412040916891,34.706557533185624,34.41802445435243,34.50046157836914,172000,0.0,0.0
2021-07-01 00:00:00+08:00,34.62412364717947,34.62412364717947,34.047054290771484,34.047054290771484,223000,0.0,0.0
2021-07-02 00:00:00+08:00,34.08827217662141,34.12949388643717,33.552424541540894,33.84095764160156,297000,0.0,0.0
2021-07-05 00:00:00+08:00,34.2119278068516,34.37680519632147,34.047050417381726,34.29436492919922,319000,0.0,0.0
2021-07-06 00:00:00+08:00,34.45924301636079,34.95387519478516,34.41802445435243,34.50046157836914,325000,0.0,0.0
2021-07-07 00:00:00+08:00,34.747784621846264,34.747784621846264,34.211933798418784,34.41802978515625,286000,0.0,0.0
2021-07-08 00:00:00+08:00,34.4180305505102,34.54168940321256,34.29437169780785,34.37681198120117,229000,0.0,0.0
2021-07-09 00:00:00+08:00,34.29437017442393,34.5004661565894,33.923399922346185,34.45924758911133,127000,0.0,0.0
2021-07-12 00:00:00+08:00,34.582902677824265,34.62412124082267,34.047051924520666,34.21192932128906,448000,0.0,0.0
2021-07-13 00:00:00+08:00,34.21193353038056,34.37681094743381,33.18145360476669,33.428768157958984,470000,0.0,0.0
2021-07-14 00:00:00+08:00,33.46998205877266,33.79973684689617,33.222667540067384,33.51120376586914,189000,0.0,0.0
2021-07-15 00:00:00+08:00,33.34632561809898,33.63485869260445,33.18144822776386,33.55242156982422,176000,0.0,0.0
2021-07-16 00:00:00+08:00,33.55242301758958,33.7997375413764,33.55242301758958,33.71730041503906,127000,0.0,0.0
2021-07-19 00:00:00+08:00,33.71729965675246,33.8821739057192,33.30510774478616,33.75851821899414,146000,0.0,0.0
2021-07-20 00:00:00+08:00,33.38754882765704,33.55242624094617,33.38754882765704,33.46998596191406,157000,0.0,0.0
2021-07-21 00:00:00+08:00,33.593640280179365,33.71729910967271,33.22266693647398,33.263885498046875,159000,0.0,0.0
2021-07-22 00:00:00+08:00,33.38754646240583,33.67607955664013,33.38754646240583,33.63486099243164,94000,0.0,0.0
2021-07-23 00:00:00+08:00,33.67607879638672,33.882174757551326,33.593641669830795,33.67607879638672,135000,0.0,0.0
2021-07-26 00:00:00+08:00,33.67608090845385,34.047054290771484,33.67608090845385,34.047054290771484,224000,0.0,0.0
2021-07-27 00:00:00+08:00,34.41802612182224,34.41802612182224,33.63486082662221,33.923397064208984,169000,0.0,0.0
2021-07-28 00:00:00+08:00,33.96461820178144,34.00583676890995,32.97535686682177,33.46998596191406,280000,0.0,0.0
2021-07-29 00:00:00+08:00,33.92339723144081,33.92339723144081,33.42876502661432,33.63486099243164,210000,0.0,0.0
2021-07-30 00:00:00+08:00,33.79193675081963,34.00772177913235,33.66246441678471,33.92140579223633,221000,1.831977,0.0
2021-08-02 00:00:00+08:00,33.92139849993177,33.92139849993177,33.57614450442386,33.619300842285156,162000,0.0,0.0
2021-08-03 00:00:00+08:00,33.57614884084352,33.66246152771355,33.101419185204485,33.2740478515625,108000,0.0,0.0
2021-08-04 00:00:00+08:00,33.61930232901686,34.22350096364682,33.40351733755028,33.489830017089844,59000,0.0,0.0
2021-08-05 00:00:00+08:00,33.576146856623254,33.576146856623254,32.84247589111328,32.84247589111328,90000,0.0,0.0
2021-08-06 00:00:00+08:00,33.36036353078032,33.36036353078032,32.79932119332108,33.015106201171875,117000,0.0,0.0
2021-08-09 00:00:00+08:00,33.058263833318144,33.058263833318144,31.504612374731696,31.634084701538086,709000,0.0,0.0
2021-08-10 00:00:00+08:00,31.67724022697899,31.67724022697899,31.288826549223657,31.375139236450195,280000,0.0,0.0
2021-08-11 00:00:00+08:00,31.504610690256456,31.59092337510042,30.900412018495086,31.029884338378906,338000,0.0,0.0
2021-08-12 00:00:00+08:00,31.073043147560217,31.33198451526626,30.986730455864247,31.116199493408203,171000,0.0,0.0
2021-08-13 00:00:00+08:00,31.202512583990167,31.202512583990167,30.90041160583496,30.90041160583496,219000,0.0,0.0
2021-08-16 00:00:00+08:00,30.857258106558373,30.857258106558373,30.080430711304057,30.25305938720703,298000,0.0,0.0
2021-08-17 00:00:00+08:00,30.25305938720703,30.25305938720703,30.25305938720703,30.25305938720703,0,0.0,0.0
2021-08-18 00:00:00+08:00,29.778333273981605,30.81410204638286,29.433075918975135,30.512001037597656,220000,0.0,0.0
2021-08-19 00:00:00+08:00,30.512000452860914,30.512000452860914,29.56254768371582,29.56254768371582,385000,0.0,0.0
2021-08-20 00:00:00+08:00,29.778331756591797,29.778331756591797,29.43307441917832,29.778331756591797,163000,0.0,0.0
2021-08-23 00:00:00+08:00,30.037274365482848,30.339375371467582,29.77833299793745,30.25305938720703,172000,0.0,0.0
2021-08-24 00:00:00+08:00,30.382529324195552,31.073040680800887,30.382529324195552,31.029884338378906,132000,0.0,0.0
2021-08-25 00:00:00+08:00,31.288827243863548,31.763553619384766,31.288827243863548,31.763553619384766,175000,0.0,0.0
2021-08-26 00:00:00+08:00,31.849866762736053,32.19512078115662,31.806707129392958,31.97933578491211,245000,0.0,0.0
2021-08-27 00:00:00+08:00,31.9793352507151,32.8856315612793,31.9793352507151,32.8856315612793,281000,0.0,0.0
2021-08-30 00:00:00+08:00,33.14457896535408,33.61930533043905,32.92879395462291,33.576148986816406,296000,0.0,0.0
2021-08-31 00:00:00+08:00,33.57615077425148,33.835092142390096,33.40352209795302,33.70561981201172,378000,0.0,0.0
2021-09-01 00:00:00+08:00,33.662457180146454,33.791929486347875,33.489828536083735,33.619300842285156,225000,0.0,0.0
2021-09-02 00:00:00+08:00,33.57614450442386,33.70561351800775,33.489828536083735,33.619300842285156,169000,0.0,0.0
2021-09-03 00:00:00+08:00,33.748775482177734,33.83509146490772,33.61930644700986,33.748775482177734,181000,0.0,0.0
2021-09-06 00:00:00+08:00,33.7487761579318,34.007720818688554,33.57615077425148,33.70561981201172,195000,0.0,0.0
2021-09-07 00:00:00+08:00,33.70562048863212,33.83509282160958,33.532991808868246,33.6624641418457,233000,0.0,0.0
2021-09-08 00:00:00+08:00,33.66246346609164,34.050877164608636,33.57615077425148,33.70561981201172,290000,0.0,0.0
2021-09-09 00:00:00+08:00,33.878247809963675,33.96456050007559,33.61930644700986,33.748775482177734,230000,0.0,0.0
2021-09-10 00:00:00+08:00,33.74877398532955,34.00771862941655,33.74877398532955,33.87824630737305,157000,0.0,0.0
2021-09-13 00:00:00+08:00,33.87824944509743,34.094034473410154,33.66246441678471,33.92140579223633,156000,0.0,0.0
2021-09-14 00:00:00+08:00,33.57615010195391,34.05087648280558,33.57615010195391,33.748775482177734,65000,0.0,0.0
2021-09-15 00:00:00+08:00,33.57614861276211,33.87824630737305,33.403519947576754,33.87824630737305,159000,0.0,0.0
2021-09-16 00:00:00+08:00,33.70561764218769,34.439288646070985,33.70561764218769,33.87824630737305,219000,0.0,0.0
2021-09-17 00:00:00+08:00,33.921402650514906,34.09403131570026,33.83508996423119,33.87824630737305,126000,0.0,0.0
2021-09-22 00:00:00+08:00,33.5329903126401,33.83509131190181,33.4035212780577,33.791934967041016,210000,0.0,0.0
2021-09-23 00:00:00+08:00,33.7919342932068,34.00771930582596,33.70561831258834,33.83509063720703,161000,0.0,0.0
2021-09-24 00:00:00+08:00,34.00771713256836,34.09402981505303,33.83508847498124,34.00771713256836,255000,0.0,0.0
2021-09-27 00:00:00+08:00,34.094032048580644,35.1298007693396,34.094032048580644,34.6982307434082,894000,0.0,0.0
2021-09-28 00:00:00+08:00,34.95717278022157,34.95717278022157,34.439290056080324,34.65507507324219,314000,0.0,0.0
2021-09-29 00:00:00+08:00,34.52560519579775,34.82770292421366,34.09403513085028,34.741390228271484,230000,0.0,0.0
2021-09-30 00:00:00+08:00,34.91401891277413,34.95717526074522,34.39613285926619,34.741390228271484,156000,0.0,0.0
2021-10-01 00:00:00+08:00,34.91401545897478,34.91401545897478,33.66246173591091,34.43928909301758,341000,0.0,0.0
2021-10-04 00:00:00+08:00,34.525601634677386,34.525601634677386,33.791933916987674,34.13718795776367,250000,0.0,0.0
2021-10-05 00:00:00+08:00,33.83509026050743,34.22350393742114,33.83509026050743,34.13718795776367,149000,0.0,0.0
2021-10-06 00:00:00+08:00,34.05087594322557,34.13718863196975,33.14457954093961,34.094032287597656,229000,0.0,0.0
2021-10-07 00:00:00+08:00,34.094032287597656,34.52560231655459,33.66246225864072,34.094032287597656,335000,0.0,0.0
2021-10-08 00:00:00+08:00,34.180345653111395,34.52560300016023,33.66246292515622,34.05087661743164,181000,0.0,0.0
2021-10-12 00:00:00+08:00,33.83508862341012,34.09402996461783,33.66245996506571,33.96455764770508,142000,0.0,0.0
2021-10-13 00:00:00+08:00,33.96455966920773,34.00771930582596,33.61930562458788,33.83509063720703,173000,0.0,0.0
2021-10-14 00:00:00+08:00,33.83509309795853,34.22350680744508,33.61930806964581,33.92140579223633,225000,0.0,0.0
2021-10-15 00:00:00+08:00,34.00771998396307,34.18034536340627,33.5329903126401,33.791934967041016,111000,0.0,0.0
2021-10-18 00:00:00+08:00,33.61930495590397,33.964558993656766,33.61930495590397,33.87824630737305,93000,0.0,0.0
2021-10-19 00:00:00+08:00,33.96455764770508,34.00771728175453,33.83508862341012,33.96455764770508,131000,0.0,0.0
2021-10-20 00:00:00+08:00,33.964558993656766,34.09403131570026,33.74877398532955,33.87824630737305,203000,0.0,0.0
2021-10-21 00:00:00+08:00,33.964558993656766,33.964558993656766,33.74877398532955,33.87824630737305,115000,0.0,0.0
2021-10-22 00:00:00+08:00,33.87824698120727,33.96455966920773,33.74877465658858,33.83509063720703,143000,0.0,0.0
2021-10-25 00:00:00+08:00,33.87824698120727,33.87824698120727,33.70561831258834,33.83509063720703,62000,0.0,0.0
2021-10-26 00:00:00+08:00,33.921404001623415,34.00771998396307,33.74877532956216,33.791934967041016,198000,0.0,0.0
2021-10-27 00:00:00+08:00,33.87824765676262,33.87824765676262,33.70561898470136,33.791934967041016,41000,0.0,0.0
2021-10-28 00:00:00+08:00,33.74877532956216,33.83509131190181,33.489833967779305,33.791934967041016,180000,0.0,0.0
2021-10-29 00:00:00+08:00,33.79193647482316,33.878249168395996,33.532991808868246,33.6624641418457,91000,0.0,0.0
2021-11-01 00:00:00+08:00,33.662457180146454,33.662457180146454,33.40351586036114,33.619300842285156,122000,0.0,0.0
2021-11-02 00:00:00+08:00,33.70561825562385,33.70561825562385,32.97195053100586,32.97195053100586,201000,0.0,0.0
2021-11-03 00:00:00+08:00,33.05826351154095,33.40352085125202,33.05826351154095,33.230892181396484,86000,0.0,0.0
2021-11-04 00:00:00+08:00,33.48983203369718,33.48983203369718,33.230890686868534,33.3603630065918,77000,0.0,0.0
2021-11-05 00:00:00+08:00,33.48983203369718,33.48983203369718,33.317203371605466,33.3603630065918,35000,0.0,0.0
2021-11-08 00:00:00+08:00,33.53298702819138,33.576146661442884,33.36036166565628,33.44667434692383,76000,0.0,0.0
2021-11-09 00:00:00+08:00,33.446678443873104,33.70561981201172,33.274049767574645,33.70561981201172,125000,0.0,0.0
2021-11-10 00:00:00+08:00,33.87824433849704,33.87824433849704,33.40351800629006,33.44667434692383,58000,0.0,0.0
2021-11-11 00:00:00+08:00,33.66246263984056,33.791934967041016,33.489833967779305,33.791934967041016,123000,0.0,0.0
2021-11-12 00:00:00+08:00,33.66246159381045,34.39612931150016,33.66246159381045,34.13718795776367,249000,0.0,0.0
2021-11-15 00:00:00+08:00,34.35297502240453,35.21611511489016,34.35297502240453,34.8708610534668,749000,0.0,0.0
2021-11-16 00:00:00+08:00,34.655076030345384,35.0866460765882,34.655076030345384,34.8708610534668,219000,0.0,0.0
2021-11-17 00:00:00+08:00,34.87085738808842,35.216111413221114,34.78454141234189,34.82769775390625,281000,0.0,0.0
2021-11-18 00:00:00+08:00,34.827697127823185,34.87085676122949,34.309814453125,34.309814453125,148000,0.0,0.0
2021-11-19 00:00:00+08:00,34.30981730207612,34.30981730207612,34.00771959885348,34.094032287597656,142000,0.0,0.0
2021-11-22 00:00:00+08:00,34.48244498921284,34.48244498921284,33.87824630737305,33.87824630737305,92000,0.0,0.0
2021-11-23 00:00:00+08:00,33.87824630737305,34.00771862941655,33.74877398532955,33.87824630737305,44000,0.0,0.0
2021-11-24 00:00:00+08:00,34.05087784815987,34.05087784815987,33.6624641418457,33.6624641418457,74000,0.0,0.0
2021-11-25 00:00:00+08:00,33.83509146490772,33.96456050007559,33.66246279206582,33.748775482177734,58000,0.0,0.0
2021-11-26 00:00:00+08:00,34.00771930582596,34.784543375684116,33.7919342932068,33.83509063720703,196000,0.0,0.0
2021-11-29 00:00:00+08:00,33.66246441678471,34.4392918357578,33.446679388471985,33.92140579223633,73000,0.0,0.0
2021-11-30 00:00:00+08:00,34.352973405615884,34.87085941230436,34.094032048580644,34.6982307434082,321000,0.0,0.0
2021-12-01 00:00:00+08:00,34.74138927459717,34.784545621383586,34.43929155447404,34.525604248046875,176000,0.0,0.0
2021-12-02 00:00:00+08:00,34.525601106042565,34.525601106042565,34.266659756270826,34.482444763183594,115000,0.0,0.0
2021-12-03 00:00:00+08:00,34.48244243574693,34.48244243574693,34.09402879099685,34.352970123291016,112000,0.0,0.0
2021-12-06 00:00:00+08:00,34.3529714662253,34.3529714662253,34.1371864654417,34.266658782958984,35000,0.0,0.0
2021-12-07 00:00:00+08:00,34.266659756270826,34.482444763183594,34.266659756270826,34.482444763183594,135000,0.0,0.0
2021-12-08 00:00:00+08:00,34.65507108814894,34.65507108814894,34.309813783344936,34.352970123291016,46000,0.0,0.0
2021-12-09 00:00:00+08:00,34.48244310889698,34.48244310889698,34.266658112336444,34.309814453125,85000,0.0,0.0
2021-12-10 00:00:00+08:00,34.52560118277039,35.388741212339646,34.26665983242319,35.345584869384766,435000,0.0,0.0
2021-12-13 00:00:00+08:00,35.08664139530451,35.12979773564721,34.61191177368164,34.61191177368164,231000,0.0,0.0
2021-12-14 00:00:00+08:00,34.611914321716895,34.611914321716895,34.09403161424392,34.13718795776367,92000,0.0,0.0
2021-12-15 00:00:00+08:00,34.13718905648288,34.69823141815095,34.09403271157412,34.65507507324219,113000,0.0,0.0
2021-12-16 00:00:00+08:00,35.38873924021983,36.16556654058882,34.91401290893555,34.91401290893555,794000,0.0,0.0
2021-12-17 00:00:00+08:00,34.95717104858891,35.129799712290705,34.74138604211614,35.04348373413086,241000,0.0,0.0
2021-12-20 00:00:00+08:00,35.21611239783265,35.345584718763476,35.00032739135988,35.04348373413086,174000,0.0,0.0
2021-12-21 00:00:00+08:00,35.12979723060831,35.30242588211506,34.91401223937929,34.95716857910156,289000,0.0,0.0
2021-12-22 00:00:00+08:00,35.21611254790221,35.388741212339646,35.086643519037565,35.345584869384766,341000,0.0,0.0
2021-12-23 00:00:00+08:00,35.56136868631225,36.03609502815965,35.47505271067412,35.7339973449707,505000,0.0,0.0
2021-12-24 00:00:00+08:00,35.906621043578305,36.036093354714154,35.56136703491211,35.56136703491211,199000,0.0,0.0
2021-12-27 00:00:00+08:00,35.69083853244503,35.733998167566526,35.51821316243054,35.647682189941406,240000,0.0,0.0
2021-12-28 00:00:00+08:00,35.64768070041792,35.863465696537425,35.64768070041792,35.77715301513672,254000,0.0,0.0
2021-12-29 00:00:00+08:00,35.77715451007015,35.86346719507739,35.56136950493416,35.647682189941406,169000,0.0,0.0
2021-12-30 00:00:00+08:00,35.690841106655064,35.690841106655064,35.129802028407155,35.17295837402344,252000,0.0,0.0
2022-01-03 00:00:00+08:00,35.21611239783265,35.21611239783265,34.870858363046956,35.04348373413086,223000,0.0,0.0
2022-01-04 00:00:00+08:00,35.043486437869404,35.21611511489016,34.8708610534668,34.8708610534668,186000,0.0,0.0
2022-01-05 00:00:00+08:00,34.95716857910156,35.00032491882383,34.82769626731708,34.95716857910156,121000,0.0,0.0
2022-01-06 00:00:00+08:00,34.95717526074522,34.95717526074522,34.43929249985557,34.741390228271484,222000,0.0,0.0
2022-01-07 00:00:00+08:00,34.784540427670166,34.82769676801287,34.35297043900771,34.61191177368164,183000,0.0,0.0
2022-01-10 00:00:00+08:00,34.61191342153297,34.82769842613759,34.61191342153297,34.784542083740234,129000,0.0,0.0
2022-01-11 00:00:00+08:00,34.43928641231083,34.61191177368164,34.39612677935042,34.61191177368164,177000,0.0,0.0
2022-01-12 00:00:00+08:00,34.61191372118532,35.04348373413086,34.05087467992685,35.04348373413086,309000,0.0,0.0
2022-01-13 00:00:00+08:00,34.87085941230436,34.87085941230436,34.56875841858158,34.6982307434082,57000,0.0,0.0
2022-01-14 00:00:00+08:00,34.69822810545751,34.69822810545751,34.22350177154789,34.309814453125,132000,0.0,0.0
2022-01-17 00:00:00+08:00,34.309813783344936,34.396126463237096,34.13718513094293,34.352970123291016,54000,0.0,0.0
2022-01-18 00:00:00+08:00,34.482444611852486,34.482444611852486,34.094030942590535,34.18034362792969,74000,0.0,0.0
2022-01-19 00:00:00+08:00,34.180344976341836,34.30981730207612,34.00771959885348,34.094032287597656,100000,0.0,0.0
2022-01-20 00:00:00+08:00,34.094032287597656,34.094032287597656,33.96455996186337,34.094032287597656,83000,0.0,0.0
2022-01-21 00:00:00+08:00,33.92139849993177,34.05087080613319,33.44667219822244,33.619300842285156,198000,0.0,0.0
2022-01-24 00:00:00+08:00,33.61930562458788,33.83509063720703,32.62669324949257,33.83509063720703,227000,0.0,0.0
2022-01-25 00:00:00+08:00,33.835089510337205,33.835089510337205,33.23089083660267,33.317203521728516,139000,0.0,0.0
2022-01-26 00:00:00+08:00,33.23089381312301,33.48983518431202,33.14458112026607,33.40352249145508,76000,0.0,0.0
2022-02-07 00:00:00+08:00,33.66246196858811,34.18034468182689,33.66246196858811,33.83509063720703,117000,0.0,0.0
2022-02-08 00:00:00+08:00,34.09403419494629,34.525604248046875,33.878249168395996,34.525604248046875,113000,0.0,0.0
2022-02-09 00:00:00+08:00,34.61191177368164,34.61191177368164,34.43928641231083,34.61191177368164,91000,0.0,0.0
2022-02-10 00:00:00+08:00,34.52560073673827,34.82769842613759,34.396128416928356,34.784542083740234,71000,0.0,0.0
2022-02-11 00:00:00+08:00,34.69823141815095,35.00032912513033,34.61191543571537,34.65507507324219,152000,0.0,0.0
2022-02-14 00:00:00+08:00,34.74138708747774,35.08664442527006,34.56875841858158,34.6982307434082,244000,0.0,0.0
2022-02-15 00:00:00+08:00,34.91401795436104,34.95717430114746,34.525604248046875,34.525604248046875,156000,0.0,0.0
2022-02-16 00:00:00+08:00,34.61191543571537,34.91401643531281,34.52560274589785,34.65507507324219,102000,0.0,0.0
2022-02-17 00:00:00+08:00,34.655076030345384,34.8708610534668,34.48244735332463,34.8708610534668,133000,0.0,0.0
2022-02-18 00:00:00+08:00,34.56875641190228,34.957170071217135,34.56875641190228,34.82769775390625,198000,0.0,0.0
2022-02-21 00:00:00+08:00,34.698231454837696,35.82031288674215,34.698231454837696,35.51821517944336,530000,0.0,0.0
2022-02-22 00:00:00+08:00,35.56136987677708,35.73399854121451,35.129799861992446,35.345584869384766,413000,0.0,0.0
2022-02-23 00:00:00+08:00,35.43189641366072,35.64768141410033,34.35297141146266,34.82769775390625,651000,0.0,0.0
2022-02-24 00:00:00+08:00,34.87085744367662,35.12979878609338,33.878245123024946,34.266658782958984,403000,0.0,0.0
2022-02-25 00:00:00+08:00,34.6550723876488,34.957170071217135,34.396127753027024,34.82769775390625,183000,0.0,0.0
2022-03-01 00:00:00+08:00,35.345586659159586,35.82031304093755,35.08664529570052,35.47505569458008,285000,0.0,0.0
2022-03-02 00:00:00+08:00,35.475053527309036,35.69083853244503,35.30242815729455,35.647682189941406,154000,0.0,0.0
2022-03-03 00:00:00+08:00,35.69083786010742,35.86346651948784,35.60452517672612,35.69083786010742,142000,0.0,0.0
2022-03-04 00:00:00+08:00,35.56137152439775,35.60452786935214,35.38874285196213,35.51821517944336,90000,0.0,0.0
2022-03-07 00:00:00+08:00,35.561372753554394,35.561372753554394,34.870861332562875,35.12980270385742,218000,0.0,0.0
2022-03-08 00:00:00+08:00,34.95717430114746,34.95717430114746,34.525604248046875,34.525604248046875,240000,0.0,0.0
2022-03-09 00:00:00+08:00,34.61191275346664,34.91401372965278,34.61191275346664,34.82769775390625,52000,0.0,0.0
2022-03-10 00:00:00+08:00,35.043486044556474,35.56137206980621,34.95717335332391,35.17295837402344,213000,0.0,0.0
2022-03-11 00:00:00+08:00,35.388741741603596,35.561370408622814,35.000328063964844,35.000328063964844,130000,0.0,0.0
2022-03-14 00:00:00+08:00,35.431900701034465,35.47505704782088,35.00033064793388,35.38874435424805,86000,0.0,0.0
2022-03-15 00:00:00+08:00,35.21611041633262,35.21611041633262,34.52559909299624,34.61191177368164,158000,0.0,0.0
2022-03-16 00:00:00+08:00,35.12979773564721,35.12979773564721,34.61191177368164,34.61191177368164,136000,0.0,0.0
2022-03-17 00:00:00+08:00,34.655076030345384,34.91401739956745,34.655076030345384,34.8708610534668,60000,0.0,0.0
2022-03-18 00:00:00+08:00,34.870859033163896,35.04348440756516,34.78454305334531,35.000328063964844,94000,0.0,0.0
2022-03-21 00:00:00+08:00,35.129801354612376,35.30243002638458,35.129801354612376,35.21611404418945,92000,0.0,0.0
2022-03-22 00:00:00+08:00,35.21611196877833,36.33819333024231,35.21611196877833,36.25188064575195,756000,0.0,0.0
2022-03-23 00:00:00+08:00,36.29503848929579,36.51082350206523,36.03609713249607,36.12240982055664,323000,0.0,0.0
2022-03-24 00:00:00+08:00,36.07925207244482,37.28764941397415,35.906623410423784,37.115020751953125,880000,0.0,0.0
2022-03-25 00:00:00+08:00,37.33080575632494,38.06447345414199,36.9423920899321,37.115020751953125,679000,0.0,0.0
2022-03-28 00:00:00+08:00,37.115019410702715,37.37396074806779,36.07925076862467,37.201332092285156,206000,0.0,0.0
2022-03-29 00:00:00+08:00,37.20133670994568,37.46028137207031,36.9423953404392,37.46028137207031,214000,0.0,0.0
2022-03-30 00:00:00+08:00,37.58974838256836,37.719220706645714,37.28765068321183,37.58974838256836,296000,0.0,0.0
2022-03-31 00:00:00+08:00,38.4960453554498,40.955996501796776,38.4960453554498,40.740211486816406,3841000,0.0,0.0
2022-04-01 00:00:00+08:00,40.52442557203657,41.99176429984604,39.9202268849835,41.38756561279297,2640000,0.0,0.0
2022-04-06 00:00:00+08:00,41.301253039151455,42.38017817907305,40.740213941963155,41.689666748046875,1465000,0.0,0.0
2022-04-07 00:00:00+08:00,41.43072243319834,42.337018827900955,39.4023446311202,40.179168701171875,1327000,0.0,0.0
2022-04-08 00:00:00+08:00,40.74020962235824,42.72543101080119,40.74020962235824,41.17177963256836,1494000,0.0,0.0
2022-04-11 00:00:00+08:00,41.86229286037021,43.15700294883526,41.25809416056291,42.164390563964844,2596000,0.0,0.0
2022-04-12 00:00:00+08:00,41.25809416056291,42.164390563964844,40.912840112543044,42.164390563964844,1191000,0.0,0.0
2022-04-13 00:00:00+08:00,42.5959600571485,42.94121739343943,41.81913598942089,42.509647369384766,1384000,0.0,0.0
2022-04-14 00:00:00+08:00,42.85490141036472,42.85490141036472,41.473875464012444,41.60334777832031,651000,0.0,0.0
2022-04-15 00:00:00+08:00,41.603353213960276,42.29386463104555,40.740213119449145,40.912841796875,806000,0.0,0.0
2022-04-18 00:00:00+08:00,40.912841121551445,41.2580951780861,39.87707236671126,40.955997467041016,769000,0.0,0.0
2022-04-19 00:00:00+08:00,41.4307210647188,42.29386108690045,41.17177971658789,42.03491973876953,1061000,0.0,0.0
2022-04-20 00:00:00+08:00,42.03492248830421,42.55280521844113,41.60335244898408,42.38017654418945,830000,0.0,0.0
2022-04-21 00:00:00+08:00,42.682273043332316,46.60955932820371,42.682273043332316,45.66010665893555,6132000,0.0,0.0
2022-04-22 00:00:00+08:00,45.746421740605285,46.00536309193418,44.10645436115906,44.88328170776367,2639000,0.0,0.0
2022-04-25 00:00:00+08:00,44.02014113126373,44.02014113126373,41.732818755435225,42.03491973876953,2183000,0.0,0.0
2022-04-26 00:00:00+08:00,42.38017722012014,43.113848274236695,41.34441174332666,42.33702087402344,1295000,0.0,0.0
2022-04-27 00:00:00+08:00,41.25809097290039,42.034918283007784,40.6538923197744,41.25809097290039,1252000,0.0,0.0
2022-04-28 00:00:00+08:00,41.86229189687633,43.0275296326288,41.603350543666664,41.948604583740234,1026000,0.0,0.0
2022-04-29 00:00:00+08:00,42.68227543230938,43.933829142844885,42.12123309194652,43.41594314575195,1274000,0.0,0.0
2022-05-03 00:00:00+08:00,43.67488375592415,44.79696841758491,43.329629723012886,44.36539840698242,1428000,0.0,0.0
2022-05-04 00:00:00+08:00,44.79697145446145,44.79697145446145,43.84751539119973,44.1064567565918,713000,0.0,0.0
2022-05-05 00:00:00+08:00,44.96959431905884,45.40116433476043,43.588571585860905,44.0201416015625,1856000,0.0,0.0
2022-05-06 00:00:00+08:00,42.89806050941428,44.538024604601915,42.89806050941428,44.279083251953125,1297000,0.0,0.0
2022-05-09 00:00:00+08:00,44.36539823010773,44.36539823010773,42.46648953250374,42.63911819458008,1245000,0.0,0.0
2022-05-10 00:00:00+08:00,42.2938611697366,43.41594254224685,41.948603843140575,42.8980598449707,707000,0.0,0.0
2022-05-11 00:00:00+08:00,41.25809090511874,41.94860223929213,39.79075226211418,39.83391189575195,2089000,0.0,0.0
2022-05-12 00:00:00+08:00,39.790758272757756,40.610742046472616,38.75499276134767,38.79814910888672,1151000,0.0,0.0
2022-05-13 00:00:00+08:00,38.9276103108425,40.30863620225837,38.9276103108425,39.96337890625,855000,0.0,0.0
2022-05-16 00:00:00+08:00,40.17916913082025,40.82652417576134,40.136012786347784,40.740211486816406,436000,0.0,0.0
2022-05-17 00:00:00+08:00,40.74020916558238,40.999150510281645,40.56758050491026,40.61073684692383,603000,0.0,0.0
2022-05-18 00:00:00+08:00,40.65389621012585,41.689664958513745,40.65389621012585,41.56019592285156,462000,0.0,0.0
2022-05-19 00:00:00+08:00,40.91283991522007,41.34440994262695,40.61073892046444,41.34440994262695,319000,0.0,0.0
2022-05-20 00:00:00+08:00,41.171781273140596,41.862292658468014,41.171781273140596,41.34440994262695,273000,0.0,0.0
2022-05-23 00:00:00+08:00,41.56019420023471,42.46649058277752,41.51703456418481,41.948604583740234,634000,0.0,0.0
2022-05-24 00:00:00+08:00,41.775979970033845,42.25070634165782,41.214937617357684,41.34440994262695,563000,0.0,0.0
2022-05-25 00:00:00+08:00,41.30124903951026,42.46649005335378,41.30124903951026,42.293861389160156,403000,0.0,0.0
2022-05-26 00:00:00+08:00,42.293863700676894,42.639121047933735,42.25070735542431,42.423336029052734,371000,0.0,0.0
2022-05-27 00:00:00+08:00,42.55280236720009,42.89805969256954,42.164388699313925,42.5959587097168,451000,0.0,0.0
2022-05-30 00:00:00+08:00,42.85490335005283,43.15700104028769,42.46648968216666,42.5959587097168,569000,0.0,0.0
2022-05-31 00:00:00+08:00,42.59596073291834,42.682276714669435,42.29386302833459,42.46649169921875,165000,0.0,0.0
2022-06-01 00:00:00+08:00,42.29386264857014,42.81174536395441,42.29386264857014,42.76858901977539,263000,0.0,0.0
2022-06-02 00:00:00+08:00,42.50964713630795,43.67488487781946,42.50964713630795,43.11384582519531,879000,0.0,0.0
2022-06-06 00:00:00+08:00,43.329632606264596,43.50226128051627,42.20755116255588,42.38017654418945,458000,0.0,0.0
2022-06-07 00:00:00+08:00,42.42333333964995,42.5959587097168,41.689662346394336,42.5959587097168,427000,0.0,0.0
2022-06-08 00:00:00+08:00,42.595960640204,43.32963166671024,42.595960640204,43.027530670166016,291000,0.0,0.0
2022-06-09 00:00:00+08:00,42.9412202835083,43.58857536315918,42.9412202835083,43.157005310058594,422000,0.0,0.0
2022-06-10 00:00:00+08:00,43.15700186206307,44.45171191792496,42.63911915676549,44.279083251953125,1125000,0.0,0.0
2022-06-13 00:00:00+08:00,43.15700398594818,45.832736916029724,42.81174663701335,44.1064567565918,3366000,0.0,0.0
2022-06-14 00:00:00+08:00,43.8475134630187,44.62434081765226,42.12123337949341,43.67488479614258,1540000,0.0,0.0
2022-06-15 00:00:00+08:00,44.02014319704605,44.02014319704605,42.94121811868708,43.32963180541992,598000,0.0,0.0
2022-06-16 00:00:00+08:00,43.5885718114496,44.53802453385974,43.41594314575195,43.41594314575195,935000,0.0,0.0
2022-06-17 00:00:00+08:00,43.243314775261254,43.67488479614258,42.595959743939275,43.67488479614258,559000,0.0,0.0
2022-06-20 00:00:00+08:00,44.020142392173334,44.279083747721344,41.12862455208757,41.646507263183594,1106000,0.0,0.0
2022-06-21 00:00:00+08:00,42.25070913215801,42.55280685424805,41.430725367404484,42.55280685424805,218000,0.0,0.0
2022-06-22 00:00:00+08:00,42.81174262143046,42.854902255462676,41.30124762360111,41.517032623291016,655000,0.0,0.0
2022-06-23 00:00:00+08:00,42.94121603508625,43.84751239840872,42.12123235679721,42.5959587097168,1346000,0.0,0.0
2022-06-24 00:00:00+08:00,43.15700352748978,46.609563809688964,43.070690837482026,46.17799377441406,5915000,0.0,0.0
2022-06-27 00:00:00+08:00,47.4727018719937,49.45792329175349,46.782190503288284,48.940040588378906,10829000,0.0,0.0
2022-06-28 00:00:00+08:00,48.42215501364336,50.925262451171875,48.163213659703366,50.925262451171875,9701000,0.0,0.0
2022-06-29 00:00:00+08:00,50.75263429995315,56.01779058244075,48.76741284275402,54.63676452636719,20022000,0.0,0.0
2022-06-30 00:00:00+08:00,55.24096051089958,56.535670522873794,53.342051834813844,55.15464782714844,18940000,0.0,0.0
2022-07-01 00:00:00+08:00,54.80939504108172,55.58622242957736,51.011577374731175,52.47891616821289,11849000,0.0,0.0
2022-07-04 00:00:00+08:00,52.82417168285432,56.44936054893003,52.13366030184419,53.773624420166016,17174000,0.0,0.0
2022-07-05 00:00:00+08:00,54.55044865635159,57.48512268066406,52.91048133936977,57.48512268066406,20179000,0.0,0.0
2022-07-06 00:00:00+08:00,56.44936080087406,56.70829886571331,52.21997322280619,53.16942596435547,14362000,0.0,0.0
2022-07-07 00:00:00+08:00,53.51468288898468,55.672533005476,53.16942555329888,55.240962982177734,9248000,0.0,0.0
2022-07-08 00:00:00+08:00,55.24096193473901,56.70829735203618,53.77362322482392,55.93147659301758,7919000,0.0,0.0
2022-07-11 00:00:00+08:00,57.398815363089525,58.261955443737484,54.809395121145634,55.068336486816406,9660000,0.0,0.0
2022-07-12 00:00:00+08:00,55.068334314334834,57.31250041105659,54.98202162672237,55.240962982177734,11229000,0.0,0.0
2022-07-13 00:00:00+08:00,57.57143847389398,57.830383121967316,55.240962982177734,55.240962982177734,6272000,0.0,0.0
2022-07-14 00:00:00+08:00,54.673282165065324,55.56663643767138,54.04793349266588,55.209293365478516,5821000,2.164549,0.0
2022-07-15 00:00:00+08:00,55.74530767473299,56.54932447103979,53.422584533691406,53.422584533691406,6326000,0.0,0.0
2022-07-18 00:00:00+08:00,53.77992811229256,58.51470509488348,53.77992811229256,57.53201675415039,13503000,0.0,0.0
2022-07-19 00:00:00+08:00,57.17467305035943,58.42537038648648,57.17467305035943,57.800018310546875,7497000,0.0,0.0
2022-07-20 00:00:00+08:00,58.69337322383414,60.21207958292368,56.1026478674123,57.53201675415039,13313000,0.0,0.0
2022-07-21 00:00:00+08:00,58.0680286874497,59.14005110614784,56.54932571712578,58.78271484375,5777000,0.0,0.0
2022-07-22 00:00:00+08:00,58.69337020548076,60.30141054635087,57.62134785540194,57.7106819152832,6274000,0.0,0.0
2022-07-25 00:00:00+08:00,58.24669388458345,58.96138000488281,56.906665928712094,58.96138000488281,3388000,0.0,0.0
2022-07-26 00:00:00+08:00,58.693371524515186,59.318723589241465,57.08533796325912,57.35334014892578,3657000,0.0,0.0
2022-07-27 00:00:00+08:00,57.353341635872624,61.10543367425119,57.353341635872624,59.854736328125,12963000,0.0,0.0
2022-07-28 00:00:00+08:00,60.74808909814073,62.0881204753056,59.140048719242074,59.944068908691406,9248000,0.0,0.0
2022-07-29 00:00:00+08:00,59.944069843493715,61.46277618408204,58.69337250881867,61.46277618408203,7131000,0.0,0.0
2022-08-01 00:00:00+08:00,62.17745544871457,64.32150704675689,61.194767120872875,62.71346664428711,16356000,0.0,0.0
2022-08-02 00:00:00+08:00,62.177454420839425,64.14283785978458,60.83742304618447,62.266788482666016,12643000,0.0,0.0
2022-08-03 00:00:00+08:00,62.53480070954436,64.23217523481104,62.08812356161904,63.87483215332031,10163000,0.0,0.0
2022-08-04 00:00:00+08:00,63.87482923397192,64.58951536428921,59.67606696167599,62.80280685424805,16730000,0.0,0.0
2022-08-05 00:00:00+08:00,63.2494836100146,63.42815173366778,61.373434232896045,62.266788482666016,9640000,0.0,0.0
2022-08-08 00:00:00+08:00,61.6414441296654,62.266789387288696,60.122744609293335,61.194766998291016,6182000,0.0,0.0
2022-08-09 00:00:00+08:00,61.0161003524327,61.9094546368563,60.30141419859291,61.10543441772461,4150000,0.0,0.0
2022-08-10 00:00:00+08:00,60.74808883666992,62.17745426967646,60.48007983608969,60.74808883666992,3982000,0.0,0.0
2022-08-11 00:00:00+08:00,61.19476774169818,63.160144417320446,60.30141346809675,62.445465087890625,10728000,0.0,0.0
2022-08-12 00:00:00+08:00,62.44546342207123,62.892140546956206,61.01609798558968,62.266788482666016,5991000,0.0,0.0
2022-08-15 00:00:00+08:00,61.73077800974017,61.73077800974017,60.83742374964045,60.9267578125,3335000,0.0,0.0
2022-08-16 00:00:00+08:00,61.730784034166355,63.4281586571563,61.462781819432855,62.08812713623047,7445000,0.0,0.0
2022-08-17 00:00:00+08:00,61.90945426777319,63.87483095548728,61.820113387261614,63.1601448059082,5774000,0.0,0.0
2022-08-18 00:00:00+08:00,62.713462606950664,66.10821131995156,62.62412854939837,65.84020233154297,10359000,0.0,0.0
2022-08-19 00:00:00+08:00,66.73355630995421,67.71625138691807,64.23216862830061,64.32150268554688,10336000,0.0,0.0
2022-08-22 00:00:00+08:00,64.23216862830061,64.94684790202236,63.60681659607346,64.32150268554688,2259000,0.0,0.0
2022-08-23 00:00:00+08:00,63.33881759643555,63.696160659068525,62.44546334772913,63.33881759643555,3019000,0.0,0.0
2022-08-24 00:00:00+08:00,63.60682212171295,64.6788513490522,63.338819926692345,63.42815399169922,5654000,0.0,0.0
2022-08-25 00:00:00+08:00,63.78549317767025,66.91223297249965,63.51748418324127,65.75086975097656,10713000,0.0,0.0
2022-08-26 00:00:00+08:00,66.82290866455766,67.5375880610766,65.21486809482253,66.64423370361328,10320000,0.0,0.0
2022-08-29 00:00:00+08:00,65.57220761185877,71.02166753095787,65.57220761185877,66.91223907470703,16246000,0.0,0.0
2022-08-30 00:00:00+08:00,67.89492251867793,71.4683394933452,67.80558845746165,71.3790054321289,16938000,0.0,0.0
2022-08-31 00:00:00+08:00,71.02166138365222,71.91501561489312,69.50296191684343,69.86029815673828,7917000,0.0,0.0
2022-09-01 00:00:00+08:00,69.59229237994158,71.46833480543391,69.23494934276411,70.12830352783203,5395000,0.0,0.0
2022-09-02 00:00:00+08:00,70.12830958437394,71.91501810881658,69.94964145823052,71.2896728515625,5045000,0.0,0.0
2022-09-05 00:00:00+08:00,71.3790054321289,72.27235967579573,70.39631712724581,71.3790054321289,4646000,0.0,0.0
2022-09-06 00:00:00+08:00,72.62970273641285,73.96973410191306,69.32428794539445,71.3790054321289,8053000,0.0,0.0
2022-09-07 00:00:00+08:00,70.75365800877249,71.20033515987775,67.1802407999304,67.44824981689453,7707000,0.0,0.0
2022-09-08 00:00:00+08:00,68.78827289194601,71.2003264878305,68.60960477956627,71.11099243164062,7207000,0.0,0.0
2022-09-12 00:00:00+08:00,71.91502282935313,73.61239740214054,70.84300037062032,72.98704528808594,6231000,0.0,0.0
2022-09-13 00:00:00+08:00,73.52306011328315,76.82846822941036,72.18302869067716,75.30976867675781,9992000,0.0,0.0
2022-09-14 00:00:00+08:00,73.96973484490802,77.90048810392318,73.16571465438145,77.54315185546875,9038000,0.0,0.0
2022-09-15 00:00:00+08:00,77.54315502925255,78.88318646305932,76.91780293735799,77.8111572265625,5322000,0.0,0.0
2022-09-16 00:00:00+08:00,76.73913311805495,80.2232161324758,74.59508150796889,74.86309051513672,10388000,0.0,0.0
2022-09-19 00:00:00+08:00,75.3991060155553,75.3991060155553,70.39632318375952,71.46834564208984,10008000,0.0,0.0
2022-09-20 00:00:00+08:00,72.00435376510069,73.07638299293794,71.55767662410658,72.71903991699219,4324000,0.0,0.0
2022-09-21 00:00:00+08:00,72.45103354151945,72.71904256216573,71.46834515873732,72.00435638427734,2001000,0.0,0.0
2022-09-22 00:00:00+08:00,71.4683394933452,72.27235967579573,69.59229694479528,71.3790054321289,6477000,0.0,0.0
2022-09-23 00:00:00+08:00,70.57498211330838,71.02165921529134,64.32150268554688,64.32150268554688,16015000,0.0,0.0
2022-09-26 00:00:00+08:00,63.78549585118434,65.21486131129518,62.08812138541116,62.71346664428711,8328000,0.0,0.0
2022-09-27 00:00:00+08:00,62.71346884241354,63.87483215332031,59.85473782199246,63.87483215332031,7566000,0.0,0.0
2022-09-28 00:00:00+08:00,63.606821361357326,63.606821361357326,59.497393078395014,59.586727142333984,4811000,0.0,0.0
2022-09-29 00:00:00+08:00,61.37343373332723,61.99878579252717,58.96138000488281,58.96138000488281,4112000,0.0,0.0
2022-09-30 00:00:00+08:00,58.06802760811493,60.212079221411145,56.81733026571278,59.586727142333984,4094000,0.0,0.0
2022-10-03 00:00:00+08:00,58.6040367582766,60.65875423578595,58.6040367582766,58.6933708190918,3199000,0.0,0.0
2022-10-04 00:00:00+08:00,60.122750298507015,62.26679527938614,60.122750298507015,62.08812713623047,3773000,0.0,0.0
2022-10-05 00:00:00+08:00,62.981474000168376,63.7854941803422,60.74808839732553,61.28409957885742,4833000,0.0,0.0
2022-10-06 00:00:00+08:00,61.10543266743496,61.99878692626953,60.4800805967995,61.99878692626953,1962000,0.0,0.0
2022-10-07 00:00:00+08:00,61.998786480163524,63.5174859829538,61.552109353960255,62.53479766845703,3183000,0.0,0.0
2022-10-11 00:00:00+08:00,61.28409921884871,61.37343327928724,58.42536839030404,59.49739074707031,4151000,0.0,0.0
2022-10-12 00:00:00+08:00,60.74809016234486,63.69616197005364,60.03340402236935,62.981475830078125,7138000,0.0,0.0
2022-10-13 00:00:00+08:00,63.070812244694935,63.24948719422527,56.7279980750451,56.90666961669922,11321000,0.0,0.0
2022-10-14 00:00:00+08:00,58.33603563525272,58.96138088806776,54.40527554623112,54.76261520385742,10925000,0.0,0.0
2022-10-17 00:00:00+08:00,53.60125557321017,55.56663562580308,51.36786992432641,54.49460983276367,11455000,0.0,0.0
2022-10-18 00:00:00+08:00,55.56663341634912,57.442679331541314,55.209290363586064,56.45998764038086,7021000,0.0,0.0
2022-10-19 00:00:00+08:00,57.08533627877826,58.42536761482586,56.28131611399933,56.45998764038086,4788000,0.0,0.0
2022-10-20 00:00:00+08:00,55.65597230021106,56.72799814355426,53.69059215539457,56.37065505981445,5491000,0.0,0.0
2022-10-21 00:00:00+08:00,55.745305869167474,56.45998857869507,53.95859739141052,54.31593704223633,3914000,0.0,0.0
2022-10-24 00:00:00+08:00,55.8346425058372,56.7279967859306,54.583945150556,54.673282623291016,3666000,0.0,0.0
2022-10-25 00:00:00+08:00,55.74530971431784,55.74530971431784,54.22660672189348,54.85195541381836,2510000,0.0,0.0
2022-10-26 00:00:00+08:00,54.85195245080361,55.20929210697476,51.457203565983534,55.03062057495117,6021000,0.0,0.0
2022-10-27 00:00:00+08:00,55.65596847099252,57.44268035888672,55.29862881971446,57.44268035888672,3714000,0.0,0.0
2022-10-28 00:00:00+08:00,57.17467373426041,57.442682743690646,55.83464231861368,56.996002197265625,2137000,0.0,0.0
2022-10-31 00:00:00+08:00,57.8893572119209,60.748088040465575,57.8893572119209,59.49739074707031,6926000,0.0,0.0
2022-11-01 00:00:00+08:00,60.30141171287088,61.552109022658605,59.22938934205398,60.74808883666992,7268000,0.0,0.0
2022-11-02 00:00:00+08:00,60.21207985013039,62.088122475446674,59.40805963477991,61.909454345703125,7080000,0.0,0.0
2022-11-03 00:00:00+08:00,61.909454345703125,62.26679060519022,60.390747979873936,61.909454345703125,7890000,0.0,0.0
2022-11-04 00:00:00+08:00,62.35613158011225,63.517488056706085,60.74809114697953,63.42815399169922,9129000,0.0,0.0
2022-11-07 00:00:00+08:00,64.76818571252724,64.76818571252724,62.445465932883614,62.6241340637207,5554000,0.0,0.0
2022-11-08 00:00:00+08:00,63.24948036708843,65.84020210598828,62.80280326510547,64.32150268554688,8820000,0.0,0.0
2022-11-09 00:00:00+08:00,65.21486414160324,66.19755251209335,63.606823669344934,64.8575210571289,7672000,0.0,0.0
2022-11-10 00:00:00+08:00,64.67884942664087,65.03619249179951,62.80280685424805,62.80280685424805,4952000,0.0,0.0
2022-11-11 00:00:00+08:00,64.5001768787457,64.85751995715958,62.08812302701857,62.89214324951172,6486000,0.0,0.0
2022-11-14 00:00:00+08:00,63.60682313826417,65.66154074502158,63.24948687252582,63.87483215332031,6547000,0.0,0.0
2022-11-15 00:00:00+08:00,64.3215076993032,64.3215076993032,62.17745607950931,62.445465087890625,6257000,0.0,0.0
2022-11-16 00:00:00+08:00,62.62413332123929,64.50017593579524,61.99878805497138,63.96416473388672,7115000,0.0,0.0
2022-11-17 00:00:00+08:00,63.96416610609951,69.41362593795498,63.606823025243735,69.05628967285156,17007000,0.0,0.0
2022-11-18 00:00:00+08:00,68.69894672214758,69.59230101810333,67.00157219668118,67.98426055908203,11375000,0.0,0.0
2022-11-21 00:00:00+08:00,68.16293142891531,69.50296279266266,66.01887988376919,68.78827667236328,9251000,0.0,0.0
2022-11-22 00:00:00+08:00,67.98426048832921,68.43093763584221,66.2868859646293,66.46556091308594,6445000,0.0,0.0
2022-11-23 00:00:00+08:00,67.35891266092281,67.35891266092281,65.84020632735731,66.10821533203125,4047000,0.0,0.0
2022-11-24 00:00:00+08:00,66.55489598813033,67.44825029669583,65.75087574727088,66.91223907470703,3418000,0.0,0.0
2022-11-25 00:00:00+08:00,67.35890964815906,67.62691182509394,66.10821237520747,66.28688049316406,2871000,0.0,0.0
2022-11-28 00:00:00+08:00,66.01887726239927,67.26957451538652,65.66153421643838,65.84020233154297,2754000,0.0,0.0
2022-11-29 00:00:00+08:00,65.92954868648496,67.18023922770779,65.66153967579307,66.01888275146484,2584000,0.0,0.0
2022-11-30 00:00:00+08:00,66.1082134163368,66.9122335913075,65.75087035904406,66.73355865478516,2394000,0.0,0.0
2022-12-01 00:00:00+08:00,67.62692213367237,67.8949311672125,66.64423370361328,66.64423370361328,3376000,0.0,0.0
2022-12-02 00:00:00+08:00,66.3762269158131,69.23495793657055,66.3762269158131,67.98426055908203,6469000,0.0,0.0
2022-12-05 00:00:00+08:00,68.52026680987692,71.46833849927268,68.3415986899295,69.86029815673828,10294000,0.0,0.0
2022-12-06 00:00:00+08:00,70.39632166028773,71.37901002844924,69.324292409405,70.03897857666016,10319000,0.0,0.0
2022-12-07 00:00:00+08:00,69.68163649252469,71.37901105228798,68.69894811026779,70.48565673828125,10341000,0.0,0.0
2022-12-08 00:00:00+08:00,71.64700585663107,74.59507751464844,70.66431757587588,74.59507751464844,23628000,0.0,0.0
2022-12-09 00:00:00+08:00,75.04175567626953,76.38178702763149,73.07637908723942,75.04175567626953,22051000,0.0,0.0
2022-12-12 00:00:00+08:00,75.1310988570591,78.52584808558132,73.88040141414288,76.47113037109375,19151000,0.0,0.0
2022-12-13 00:00:00+08:00,78.3471726190351,78.43651350532636,75.48844146728516,75.48844146728516,16823000,0.0,0.0
2022-12-14 00:00:00+08:00,76.56045931160618,77.09647733390163,75.57777096365164,76.8284683227539,8415000,0.0,0.0
2022-12-15 00:00:00+08:00,76.56045774128926,79.24052053478715,76.1137806090396,77.98983001708984,11294000,0.0,0.0
2022-12-16 00:00:00+08:00,77.18581199359762,78.97252057300612,74.23774011127266,75.22042846679688,15676000,0.0,0.0
2022-12-19 00:00:00+08:00,74.68441557177411,76.11378103991409,74.23773843699585,74.86309051513672,5163000,0.0,0.0
2022-12-20 00:00:00+08:00,74.86308479482976,75.39909595245649,71.73634509029692,73.16571044921875,9775000,0.0,0.0
2022-12-21 00:00:00+08:00,74.50574176897362,74.77374393997523,71.91501322144815,72.09368133544922,6806000,0.0,0.0
2022-12-22 00:00:00+08:00,72.71903779523207,72.89770592011571,68.96694583090684,69.23495483398438,11924000,0.0,0.0
2022-12-23 00:00:00+08:00,67.98426193276141,70.84299982703445,67.98426193276141,70.48565673828125,7899000,0.0,0.0
2022-12-26 00:00:00+08:00,70.6643233852147,70.75365745158176,69.23495787608472,70.57498931884766,4817000,0.0,0.0
2022-12-27 00:00:00+08:00,70.30698030399412,71.82568669524353,69.9496440385259,70.57498931884766,4395000,0.0,0.0
2022-12-28 00:00:00+08:00,70.1283065286937,70.66431769952061,68.78827519375051,68.87760925292969,4236000,0.0,0.0
2022-12-29 00:00:00+08:00,68.07359449656008,69.59230088625905,66.73356305516516,69.05628967285156,5027000,0.0,0.0
2022-12-30 00:00:00+08:00,69.41362593795498,69.86030308508661,68.5202716436917,69.05628967285156,2666000,0.0,0.0
2023-01-03 00:00:00+08:00,68.60961404201763,70.48565673828125,68.60961404201763,70.48565673828125,2676000,0.0,0.0
2023-01-04 00:00:00+08:00,70.39632214177563,70.84299929542712,69.41362695114039,69.50296783447266,2698000,0.0,0.0
2023-01-05 00:00:00+08:00,69.77096901881076,70.21764616594238,68.96694879082334,69.05628967285156,2641000,0.0,0.0
2023-01-06 00:00:00+08:00,68.96694435666998,69.413621475083,68.52026723825695,69.32428741455078,2077000,0.0,0.0
2023-01-09 00:00:00+08:00,70.03897617925522,71.20033264160156,69.86030123568119,71.20033264160156,3446000,0.0,0.0
2023-01-10 00:00:00+08:00,71.20033625645027,71.55767934598849,69.23495948761888,69.41362762451172,4128000,0.0,0.0
2023-01-11 00:00:00+08:00,69.68163403872603,69.86030216893468,67.44824833235661,67.53758239746094,5436000,0.0,0.0
2023-01-12 00:00:00+08:00,67.80558675880235,67.80558675880235,66.10821237520747,66.28688049316406,3819000,0.0,0.0
2023-01-13 00:00:00+08:00,67.2695796412017,67.35891370556108,63.60682166069696,63.96416473388672,8171000,0.0,0.0
2023-01-16 00:00:00+08:00,63.96416171944273,65.21485900878906,63.16014154659495,65.21485900878906,3972000,0.0,0.0
2023-01-17 00:00:00+08:00,65.21485753123017,65.57220057948314,64.58951230860126,65.30419158935547,2471000,0.0,0.0
2023-01-30 00:00:00+08:00,65.92955383141113,66.46556507887122,65.48287665590226,65.66154479980469,3543000,0.0,0.0
2023-01-31 00:00:00+08:00,65.66153967579307,66.01888275146484,65.03619440518166,66.01888275146484,3894000,0.0,0.0
2023-02-01 00:00:00+08:00,66.46555599320553,68.34159851074219,66.46555599320553,68.34159851074219,6175000,0.0,0.0
2023-02-02 00:00:00+08:00,68.60960794283635,68.69894200314499,67.44824471156818,67.80558776855469,4677000,0.0,0.0
2023-02-03 00:00:00+08:00,67.89492490517225,69.94964246412967,66.55489349257016,69.14562225341797,7339000,0.0,0.0
2023-02-06 00:00:00+08:00,69.14562380971766,70.93233240006825,68.60961259576297,70.57498931884766,8286000,0.0,0.0
2023-02-07 00:00:00+08:00,70.57499032650354,71.37901056679141,70.12831317253833,71.02166748046875,5641000,0.0,0.0
2023-02-08 00:00:00+08:00,71.55767362385443,72.09368480742316,70.21764225705658,70.30697631835938,5039000,0.0,0.0
2023-02-09 00:00:00+08:00,70.48565625886098,71.64701276971905,69.86030415385821,71.02166748046875,4607000,0.0,0.0
2023-02-10 00:00:00+08:00,71.73635206990367,72.09368833258752,69.32429140227386,69.59230041503906,5545000,0.0,0.0
2023-02-13 00:00:00+08:00,69.50296288357899,71.55767355456148,69.41362200661072,71.3790054321289,4987000,0.0,0.0
2023-02-14 00:00:00+08:00,71.9150232960771,72.09369143510791,70.7536599451189,70.93233489990234,4733000,0.0,0.0
2023-02-15 00:00:00+08:00,70.84299424907921,71.55767355456148,69.77096506722785,71.3790054321289,4050000,0.0,0.0
2023-02-16 00:00:00+08:00,71.46834564208984,72.00435687125501,70.93233441292469,71.46834564208984,2785000,0.0,0.0
2023-02-17 00:00:00+08:00,71.46834309895834,74.4164149780913,71.28967496751187,73.70172882080078,10279000,0.0,0.0
2023-02-20 00:00:00+08:00,74.59508114943435,75.84577848395254,73.7910609475475,74.32707214355469,8571000,0.0,0.0
2023-02-21 00:00:00+08:00,74.50574345562556,77.81115134973442,74.05906634475942,74.59507751464844,12981000,0.0,0.0
2023-02-22 00:00:00+08:00,73.88040093458036,76.38179580417611,73.25505562505778,75.48844146728516,7315000,0.0,0.0
2023-02-23 00:00:00+08:00,75.75644298875908,77.45381060807574,75.48843398794484,77.00713348388672,8654000,0.0,0.0
2023-02-24 00:00:00+08:00,77.096476189028,77.45381244424887,73.96973624558021,74.86309051513672,10013000,0.0,0.0
2023-03-01 00:00:00+08:00,74.14840493551115,74.59508207367688,73.25505065917969,73.25505065917969,4738000,0.0,0.0
2023-03-02 00:00:00+08:00,73.61239529654057,75.3097698207765,72.80837506761277,74.68441772460938,5070000,0.0,0.0
2023-03-03 00:00:00+08:00,75.39910388715683,75.75644696843055,74.2377405769553,74.68441772460938,5063000,0.0,0.0
2023-03-06 00:00:00+08:00,74.95242457894193,75.75644478469323,74.86309051513672,74.86309051513672,3824000,0.0,0.0
2023-03-07 00:00:00+08:00,75.22042846679688,76.56045990135324,75.04176033515695,75.22042846679688,4286000,0.0,0.0
2023-03-08 00:00:00+08:00,74.95241971916799,75.8457739308011,74.86308566115504,75.66709899902344,3335000,0.0,0.0
2023-03-09 00:00:00+08:00,75.93510777117258,76.38178487570889,74.14839935302734,74.14839935302734,4961000,0.0,0.0
2023-03-10 00:00:00+08:00,74.86309097587461,75.3097681134019,71.64701013307635,71.7363510131836,7918000,0.0,0.0
2023-03-13 00:00:00+08:00,72.18302220820141,72.71903336595628,70.1283048184308,72.09368133544922,4286000,0.0,0.0
2023-03-14 00:00:00+08:00,71.9150187843933,72.00435284830422,71.11099857769064,71.20033264160156,2782000,0.0,0.0
2023-03-15 00:00:00+08:00,72.27235519507569,72.71903228921614,71.64700317382812,71.64700317382812,3177000,0.0,0.0
2023-03-16 00:00:00+08:00,71.11100149816653,71.46834458423822,69.23495881598078,69.50296783447266,4928000,0.0,0.0
2023-03-17 00:00:00+08:00,70.12831464275841,70.93233489990234,69.68163747942873,70.93233489990234,2669000,0.0,0.0
2023-03-20 00:00:00+08:00,70.93232535171131,72.62969970703125,70.39631419101862,72.62969970703125,3023000,0.0,0.0
2023-03-21 00:00:00+08:00,72.80837763979642,73.52306382759241,72.36170047636209,72.45103454589844,2594000,0.0,0.0
2023-03-22 00:00:00+08:00,72.89771252756226,74.14840996236718,72.89771252756226,73.96974182128906,4069000,0.0,0.0
2023-03-23 00:00:00+08:00,74.14841045341609,75.22043293848968,73.96974231115473,74.95243072509766,4806000,0.0,0.0
2023-03-24 00:00:00+08:00,75.57776984133062,75.66710390513583,74.50574744416367,74.86309051513672,3396000,0.0,0.0
2023-03-27 00:00:00+08:00,75.57777154582904,76.56045990135324,75.13109440097692,75.22042846679688,7462000,0.0,0.0
2023-03-28 00:00:00+08:00,76.29245818246496,76.82846939649937,74.5057495918487,74.68441772460938,6452000,0.0,0.0
2023-03-29 00:00:00+08:00,75.13109234544153,75.30976728794535,73.52305875741999,74.32707214355469,3082000,0.0,0.0
2023-03-30 00:00:00+08:00,74.95242707235336,80.22321880122848,74.68441805626979,79.32986450195312,18406000,0.0,0.0
2023-03-31 00:00:00+08:00,79.32985998227126,79.95520522983507,76.2031201129481,77.00713348388672,14530000,0.0,0.0
2023-04-06 00:00:00+08:00,76.47112571191751,76.73913472469648,75.04176021385175,76.2924575805664,3956000,0.0,0.0
2023-04-07 00:00:00+08:00,76.47112524647437,77.36447952929709,76.29245711621074,76.8284683227539,3117000,0.0,0.0
2023-04-10 00:00:00+08:00,77.09647375921055,77.4538100031694,75.93511051908841,76.02444458007812,2865000,0.0,0.0
2023-04-11 00:00:00+08:00,75.04176295236849,75.04176295236849,72.71904308127903,72.98704528808594,9783000,0.0,0.0
2023-04-12 00:00:00+08:00,72.89770355120116,74.23773489153851,72.71903543212359,74.05906677246094,2691000,0.0,0.0
2023-04-13 00:00:00+08:00,73.52306333320492,73.88039960894747,72.98704528808594,72.98704528808594,2429000,0.0,0.0
2023-04-14 00:00:00+08:00,73.07638253021429,73.70172779734541,72.80837352101396,73.25505065917969,2836000,0.0,0.0
2023-04-17 00:00:00+08:00,73.61239740214054,73.61239740214054,72.8977112191503,72.98704528808594,2027000,0.0,0.0
2023-04-18 00:00:00+08:00,73.34438472366239,73.79106186182811,72.80837352101396,73.25505065917969,1789000,0.0,0.0
2023-04-19 00:00:00+08:00,73.52305497832442,74.05906614678055,72.9870369941165,73.07637786865234,2070000,0.0,0.0
2023-04-20 00:00:00+08:00,73.25505019031368,73.43371831813552,71.02166451377973,71.20033264160156,3844000,0.0,0.0
2023-04-21 00:00:00+08:00,71.28967540850972,71.37900947478558,68.78828065827163,69.05628967285156,3611000,0.0,0.0
2023-04-24 00:00:00+08:00,68.78827667236328,69.32428785471183,68.34159955111417,68.78827667236328,2035000,0.0,0.0
2023-04-25 00:00:00+08:00,69.23495524638408,69.32428930935802,65.48287007546153,66.10821533203125,4621000,0.0,0.0
2023-04-26 00:00:00+08:00,65.66153865343267,66.1082157871295,64.6788503224501,65.57220458984375,3174000,0.0,0.0
2023-04-27 00:00:00+08:00,65.8402088171163,66.82290399424681,64.76818638938603,66.46556091308594,2680000,0.0,0.0
2023-04-28 00:00:00+08:00,66.9122385987187,67.71625883385866,66.73356364882514,67.44824981689453,1949000,0.0,0.0
2023-05-02 00:00:00+08:00,67.53758394129103,68.96694946289062,67.44824987414464,68.96694946289062,1801000,0.0,0.0
2023-05-03 00:00:00+08:00,68.78828065827163,69.41362593795498,68.25226944486414,69.05628967285156,1549000,0.0,0.0
2023-05-04 00:00:00+08:00,69.2349573366029,69.86030261205194,69.05628920526098,69.59230041503906,1255000,0.0,0.0
2023-05-05 00:00:00+08:00,69.68163502367237,70.84299833370119,69.32429194245178,70.57498931884766,2002000,0.0,0.0
2023-05-08 00:00:00+08:00,71.20033056289127,71.20033056289127,69.68163107348784,70.30697631835938,1666000,0.0,0.0
2023-05-09 00:00:00+08:00,70.39632214177563,70.75365841209485,69.05629068082116,69.50296783447266,1754000,0.0,0.0
2023-05-10 00:00:00+08:00,68.78827783944016,70.75365447998047,68.78827783944016,70.75365447998047,1990000,0.0,0.0
2023-05-11 00:00:00+08:00,71.55767294575527,71.8256819428759,69.23495329513344,70.39631652832031,4268000,0.0,0.0
2023-05-12 00:00:00+08:00,70.57498931884766,70.93233240006825,69.68163502367237,70.57498931884766,3606000,0.0,0.0
2023-05-15 00:00:00+08:00,70.12830954744794,70.30697767349727,68.52026914999541,68.69894409179688,2816000,0.0,0.0
2023-05-16 00:00:00+08:00,68.69894276765315,70.48565125671695,68.60960870635036,70.30697631835938,3088000,0.0,0.0
2023-05-17 00:00:00+08:00,70.8429943176801,71.20033056289127,70.038974134451,70.30697631835938,2688000,0.0,0.0
2023-05-18 00:00:00+08:00,70.75365846178863,72.09368992368427,70.48565625886098,71.02166748046875,4025000,0.0,0.0
2023-05-19 00:00:00+08:00,71.55767617580553,71.91501924951255,70.57498783492537,70.66432189941406,2293000,0.0,0.0
2023-05-22 00:00:00+08:00,71.02166700463964,71.82568723954077,70.75365798775513,71.55767822265625,1426000,0.0,0.0
2023-05-23 00:00:00+08:00,71.7363510131836,72.18302815071088,71.20033299554906,71.7363510131836,1737000,0.0,0.0
2023-05-24 00:00:00+08:00,71.28967602152416,71.82568723954077,70.84299887055158,71.55767822265625,1223000,0.0,0.0
2023-05-25 00:00:00+08:00,72.00434727844868,72.89770147995735,71.28966800669274,72.09368133544922,1978000,0.0,0.0
2023-05-26 00:00:00+08:00,72.45102824909742,72.7190372501661,70.75365381241717,70.8429946899414,2349000,0.0,0.0
2023-05-29 00:00:00+08:00,71.28967654712258,72.80837614532531,71.20033566366745,72.54036712646484,2842000,0.0,0.0
2023-05-30 00:00:00+08:00,73.07638299293794,73.34438518808304,72.1830287109497,72.71903991699219,1956000,0.0,0.0
2023-05-31 00:00:00+08:00,72.80836740555038,73.79105566382465,72.7190333485712,73.16571044921875,2677000,0.0,0.0
2023-06-01 00:00:00+08:00,73.96974049363567,73.96974049363567,72.80837715021465,72.98704528808594,1945000,0.0,0.0
2023-06-02 00:00:00+08:00,73.4337182161038,73.4337182161038,72.2723617553711,72.2723617553711,2750000,0.0,0.0
2023-06-05 00:00:00+08:00,72.36169030490284,73.16571044921875,72.00434726123446,73.16571044921875,1538000,0.0,0.0
2023-06-06 00:00:00+08:00,73.61238756746495,73.61238756746495,72.09368133544922,72.09368133544922,1620000,0.0,0.0
2023-06-07 00:00:00+08:00,72.36169536567174,72.89770656078554,72.09368636023876,72.8083724975586,1154000,0.0,0.0
2023-06-08 00:00:00+08:00,72.62970950072373,73.16572073369441,72.45103454589844,72.45103454589844,1252000,0.0,0.0
2023-06-09 00:00:00+08:00,72.80836740555038,73.25504450619793,72.62969929159202,73.16571044921875,1615000,0.0,0.0
2023-06-12 00:00:00+08:00,74.32707778274849,74.6844208791156,73.34438937955342,73.43372344970703,3894000,0.0,0.0
2023-06-13 00:00:00+08:00,74.77375265832514,77.09647930567057,74.68441859090858,76.203125,13449000,0.0,0.0
2023-06-14 00:00:00+08:00,77.09647486840723,80.04453981799365,76.91779992810521,79.06185150146484,19369000,0.0,0.0
2023-06-15 00:00:00+08:00,79.776537031122,79.776537031122,77.36447647332793,78.07916259765625,9377000,0.0,0.0
2023-06-16 00:00:00+08:00,78.7938502989366,78.9725252569262,76.38179629997532,76.47113037109375,6594000,0.0,0.0
2023-06-19 00:00:00+08:00,76.47112319165197,76.47112319165197,75.57776893283419,75.93511199951172,2294000,0.0,0.0
2023-06-20 00:00:00+08:00,76.38179016113281,76.56045828901003,75.30976776236515,76.38179016113281,2063000,0.0,0.0
2023-06-21 00:00:00+08:00,75.93511348342241,76.64979963074376,75.7564453544682,75.84577941894531,2133000,0.0,0.0
2023-06-26 00:00:00+08:00,76.38179629997532,77.54315967177313,75.3097738150487,76.47113037109375,2429000,0.0,0.0
2023-06-27 00:00:00+08:00,76.47112064755405,77.45380893641038,75.57776641845703,75.57776641845703,2688000,0.0,0.0
2023-06-28 00:00:00+08:00,76.02444903705984,76.47112618394709,75.57777189017258,75.7564468383789,1320000,0.0,0.0
2023-06-29 00:00:00+08:00,76.38179678319372,77.45381927490234,75.84578553733941,77.45381927490234,2399000,0.0,0.0
2023-06-30 00:00:00+08:00,78.61517247136455,85.13666109585803,78.52583841125201,79.68719482421875,45702000,0.0,0.0
2023-07-03 00:00:00+08:00,80.31255149181192,87.63805389404297,79.59786533833714,87.63805389404297,31759000,0.0,0.0
2023-07-04 00:00:00+08:00,89.78210652168161,91.56881510917776,86.29802341291364,90.67546081542969,23723000,0.0,0.0
2023-07-05 00:00:00+08:00,91.5688130392957,93.35552158640391,89.33542735541045,89.7821044921875,10521000,0.0,0.0
2023-07-06 00:00:00+08:00,90.67546182520249,94.69555619183708,89.78210752150592,91.12213897705078,12568000,0.0,0.0
2023-07-07 00:00:00+08:00,90.67545769099945,91.12213482248221,85.4046661763525,86.74469757080078,13753000,0.0,0.0
2023-07-10 00:00:00+08:00,83.7072888710499,83.88596380702685,79.50852670399368,79.68719482421875,15099000,0.0,0.0
2023-07-11 00:00:00+08:00,80.93789466608175,81.56324673809883,79.77653821648222,80.04454040527344,5853000,0.0,0.0
2023-07-12 00:00:00+08:00,80.84856313069662,81.20590620934188,80.04454290768287,80.40188598632812,3895000,0.0,0.0
2023-07-13 00:00:00+08:00,81.3845684568702,86.20868263042793,81.02722540406003,84.4219741821289,18046000,0.0,0.0
2023-07-14 00:00:00+08:00,85.76200888813406,92.46216583251953,84.95798869165738,92.46216583251953,22751000,0.0,0.0
2023-07-17 00:00:00+08:00,94.69555723608994,96.48226586318597,89.78210851157584,91.56881713867188,21346000,0.0,0.0
2023-07-18 00:00:00+08:00,94.24886979602633,96.48225533621653,88.44206739153181,93.80219268798828,19891000,0.0,0.0
2023-07-19 00:00:00+08:00,96.48225891705856,96.48225891705856,91.12213342166642,92.01548767089844,10879000,0.0,0.0
2023-07-20 00:00:00+08:00,92.56753626108792,93.3231925009101,88.88372470328085,88.97817993164062,9653000,5.58445,0.0
2023-07-21 00:00:00+08:00,87.84470894477315,87.93916417976335,85.48329203765559,87.46688079833984,5471000,0.0,0.0
2023-07-24 00:00:00+08:00,88.22253281796534,92.56753827530781,88.03361515066305,91.81188201904297,11037000,0.0,0.0
2023-07-25 00:00:00+08:00,92.6619944464619,94.92895603179932,89.9227494977822,90.67840576171875,11196000,0.0,0.0
2023-07-26 00:00:00+08:00,91.15068813014675,91.24514336048978,87.27796603430541,87.37242126464844,5976000,0.0,0.0
2023-07-27 00:00:00+08:00,88.31698702740412,89.92274754531357,87.46687555055182,87.8447036743164,4081000,0.0,0.0
2023-07-28 00:00:00+08:00,88.41144102313203,95.40123599259688,87.84470244862881,93.88993072509766,20542000,0.0,0.0
2023-07-31 00:00:00+08:00,97.29037435761326,97.76265772828128,90.67840716826089,91.52851867675781,15164000,0.0,0.0
2023-08-01 00:00:00+08:00,93.22872962408654,93.22872962408654,90.11166386415991,90.77285766601562,5457000,0.0,0.0
2023-08-02 00:00:00+08:00,90.67840676229508,90.96177966601618,85.10546157206791,86.4278564453125,8016000,0.0,0.0
2023-08-04 00:00:00+08:00,87.18351130085165,89.63938333612799,85.95557167997738,89.35601043701172,4005000,0.0,0.0
2023-08-07 00:00:00+08:00,88.97818629408265,97.290376700607,87.65579858954366,96.34580993652344,19591000,0.0,0.0
2023-08-08 00:00:00+08:00,95.40124232877935,96.81809246237508,92.00080344944408,93.03982543945312,13094000,0.0,0.0
2023-08-09 00:00:00+08:00,92.09525492653918,94.928955078125,90.9617777484937,94.928955078125,7327000,0.0,0.0
2023-08-10 00:00:00+08:00,92.8509131122115,93.60656217778589,89.82829523049708,90.86731719970703,9471000,0.0,0.0
2023-08-11 00:00:00+08:00,93.13428067373168,96.34580908450982,92.37863159303076,93.03982543945312,14267000,0.0,0.0
2023-08-14 00:00:00+08:00,93.03982352251982,95.40124036319291,91.90634632158566,93.98439025878906,11719000,0.0,0.0
2023-08-15 00:00:00+08:00,95.87352275848389,97.29037284851074,93.98438930511475,94.45667266845703,9954000,0.0,0.0
2023-08-16 00:00:00+08:00,93.98438756400292,103.90233801045548,93.98438756400292,102.95777130126953,29775000,0.0,0.0
2023-08-17 00:00:00+08:00,102.48549080782158,104.3746242789335,99.17950723337572,101.54092407226562,22237000,0.0,0.0
2023-08-18 00:00:00+08:00,100.5963533899467,101.54092008844385,94.9289531989638,95.87351989746094,13694000,0.0,0.0
2023-08-21 00:00:00+08:00,97.7626591007884,99.17950923268388,95.87352559159442,96.8180923461914,8696000,0.0,0.0
2023-08-22 00:00:00+08:00,98.70722390142616,99.65179063732498,96.81809042962853,97.76265716552734,5515000,0.0,0.0
2023-08-23 00:00:00+08:00,98.70722487366315,100.12407499146693,96.8180913832581,97.29037475585938,5390000,0.0,0.0
2023-08-24 00:00:00+08:00,98.70722194690609,99.17950530550372,94.45667171952736,94.928955078125,7154000,0.0,0.0
2023-08-25 00:00:00+08:00,94.17329593630053,94.92895216949222,92.85090833792296,93.22872924804688,4121000,0.0,0.0
2023-08-28 00:00:00+08:00,94.17329979009777,94.2677622279663,90.8673162459212,91.339599609375,4399000,0.0,0.0
2023-08-29 00:00:00+08:00,92.4730812241656,96.34580324670952,92.09525310347233,95.87351989746094,5314000,0.0,0.0
2023-08-30 00:00:00+08:00,97.29037187111318,97.76265522971082,94.928955078125,94.928955078125,4147000,0.0,0.0
2023-08-31 00:00:00+08:00,95.40124221429592,97.7626591007884,94.92895883699742,96.8180923461914,6242000,0.0,0.0
2023-09-01 00:00:00+08:00,96.34580951884182,96.81809289883614,93.60656447358025,94.36222076416016,4552000,0.0,0.0
2023-09-04 00:00:00+08:00,94.26776032102188,95.40123748779297,93.60655930167869,95.40123748779297,2177000,0.0,0.0
2023-09-05 00:00:00+08:00,94.92895789285308,97.76265812846063,94.45667452025181,97.29037475585938,3676000,0.0,0.0
2023-09-06 00:00:00+08:00,97.76265340506748,102.0132035531139,97.29037005528454,99.65178680419922,13055000,0.0,0.0
2023-09-07 00:00:00+08:00,99.65178586851876,104.37461932200306,99.65178586851876,100.12406921386719,18797000,0.0,0.0
2023-09-08 00:00:00+08:00,101.06864166259766,106.26375875740408,100.1240749180874,101.06864166259766,27532000,0.0,0.0
2023-09-11 00:00:00+08:00,101.5409241091226,101.5409241091226,96.34580706167912,97.76265716552734,10106000,0.0,0.0
2023-09-12 00:00:00+08:00,96.34580896889291,99.65179260998238,95.87352559159442,96.8180923461914,5939000,0.0,0.0
2023-09-13 00:00:00+08:00,97.29037190852553,99.17950534364253,96.81808854974628,98.70722198486328,4031000,0.0,0.0
2023-09-14 00:00:00+08:00,99.17950534364253,100.12407206120103,98.23493862608403,98.70722198486328,3922000,0.0,0.0
2023-09-15 00:00:00+08:00,98.70722096509272,99.17950431899268,95.40123748779297,95.40123748779297,6350000,0.0,0.0
2023-09-18 00:00:00+08:00,94.4566745950718,95.40124134102253,93.5121078491211,93.5121078491211,3931000,0.0,0.0
2023-09-19 00:00:00+08:00,93.88993598879586,95.40124134102253,93.5121078491211,93.5121078491211,3103000,0.0,0.0
2023-09-20 00:00:00+08:00,93.70101542416309,94.26776121942197,89.92274855695536,91.15068817138672,6593000,0.0,0.0
2023-09-21 00:00:00+08:00,91.52851774054805,91.52851774054805,88.03361650946927,88.2225341796875,4929000,0.0,0.0
2023-09-22 00:00:00+08:00,87.37242080603744,90.2061209402873,86.42785409462081,89.16709899902344,3720000,0.0,0.0
2023-09-25 00:00:00+08:00,89.16710233562013,91.24514629590742,89.0726471022384,89.73384094238281,2052000,0.0,0.0
2023-09-26 00:00:00+08:00,90.48949434085925,91.15068815994879,88.03361511230469,88.03361511230469,3023000,0.0,0.0
2023-09-27 00:00:00+08:00,87.93916459803916,88.9781866008184,87.65579889172074,88.12808227539062,1464000,0.0,0.0
2023-09-28 00:00:00+08:00,88.41144605562164,91.1506910625257,88.41144605562164,89.73384094238281,3518000,0.0,0.0
2023-10-02 00:00:00+08:00,90.67840478444253,91.62297150094714,90.48949432373047,90.48949432373047,2664000,0.0,0.0
2023-10-03 00:00:00+08:00,90.77286489301193,90.86732012844408,88.50590321027794,88.78927612304688,2464000,0.0,0.0
2023-10-04 00:00:00+08:00,87.65579419080903,88.22253277952466,86.52230980690565,88.03361511230469,2220000,0.0,0.0
2023-10-05 00:00:00+08:00,88.78927612304688,90.01721580308228,88.6003656521826,88.78927612304688,2156000,0.0,0.0
2023-10-06 00:00:00+08:00,89.54492562757251,89.82829131237598,87.65579223632812,87.65579223632812,1455000,0.0,0.0
2023-10-11 00:00:00+08:00,88.4114431982945,88.4114431982945,84.16089297523735,84.2553482055664,3816000,0.0,0.0
2023-10-12 00:00:00+08:00,81.42164802873154,83.97198248556802,81.42164802873154,83.59415435791016,3234000,0.0,0.0
2023-10-13 00:00:00+08:00,84.53872302788362,84.91655116427476,83.21632815375075,83.31078338623047,2872000,0.0,0.0
2023-10-16 00:00:00+08:00,83.31078047019636,83.31078047019636,80.6659980209753,80.9493637084961,2997000,0.0,0.0
2023-10-17 00:00:00+08:00,81.61056905648591,82.55513581129136,79.43806263784438,79.721435546875,2873000,0.0,0.0
2023-10-18 00:00:00+08:00,79.62697599630266,79.72143122536853,76.98218634362608,77.17109680175781,3247000,0.0,0.0
2023-10-19 00:00:00+08:00,77.07663966007757,78.11566156696347,76.41544586655161,77.4544677734375,1689000,0.0,0.0
2023-10-20 00:00:00+08:00,77.36001877535445,77.45447400968152,75.56534049725028,76.60436248779297,1620000,0.0,0.0
2023-10-23 00:00:00+08:00,75.94316339841531,77.54892389054177,75.94316339841531,76.32099151611328,975000,0.0,0.0
2023-10-24 00:00:00+08:00,76.79328155517578,76.98219202725485,75.4708866312045,76.79328155517578,1338000,0.0,0.0
2023-10-25 00:00:00+08:00,77.4544734725033,79.91034558033697,77.4544734725033,78.39904022216797,3567000,0.0,0.0
2023-10-26 00:00:00+08:00,76.98219202725485,77.73784832851632,76.79328155517578,76.79328155517578,1364000,0.0,0.0
2023-10-27 00:00:00+08:00,77.17109968102092,77.73784548950557,75.7542495727539,75.7542495727539,1305000,0.0,0.0
2023-10-30 00:00:00+08:00,76.22653196085594,76.5099048614502,75.56533813476562,75.56533813476562,817000,0.0,0.0
2023-10-31 00:00:00+08:00,76.22653244678062,76.41545011720517,73.01501132075823,73.10946655273438,2307000,0.0,0.0
2023-11-01 00:00:00+08:00,73.9595780708596,74.24294376685468,73.5817499363939,73.77066040039062,1043000,0.0,0.0
2023-11-02 00:00:00+08:00,74.80968516875767,76.0376248501693,74.80968516875767,75.47088623046875,1143000,0.0,0.0
2023-11-03 00:00:00+08:00,76.13207338163652,76.50990149699011,75.56533481184208,75.6597900390625,715000,0.0,0.0
2023-11-06 00:00:00+08:00,76.22653009815504,77.73784258909711,76.22653009815504,77.17109680175781,1176000,0.0,0.0
2023-11-07 00:00:00+08:00,77.26556018639079,78.11566446489795,76.69881439208984,76.69881439208984,1096000,0.0,0.0
2023-11-08 00:00:00+08:00,77.17110152352609,78.02121305007766,76.79328058414538,77.26556396484375,798000,0.0,0.0
2023-11-09 00:00:00+08:00,78.02120639430628,78.58794496150296,77.83229594073134,78.11566162109375,1349000,0.0,0.0
2023-11-10 00:00:00+08:00,78.11566350536059,78.11566350536059,76.98218634362608,77.17109680175781,728000,0.0,0.0
2023-11-13 00:00:00+08:00,77.07664149602428,77.07664149602428,74.71522473936623,75.84870910644531,1905000,0.0,0.0
2023-11-14 00:00:00+08:00,76.41545105900664,77.07664489746094,75.84871245369261,77.07664489746094,755000,0.0,0.0
2023-11-15 00:00:00+08:00,77.73784637451172,78.3045849829761,77.45447346704333,77.73784637451172,1197000,0.0,0.0
2023-11-16 00:00:00+08:00,78.21012457642324,79.62697460710865,78.21012457642324,79.43805694580078,2454000,0.0,0.0
2023-11-17 00:00:00+08:00,79.53251502628206,81.23273800668527,78.87132120416534,81.1382827758789,3082000,0.0,0.0
2023-11-20 00:00:00+08:00,81.1382832853705,81.32719374816946,79.72143319496173,80.00479888916016,1795000,0.0,0.0
2023-11-21 00:00:00+08:00,81.13828567908318,81.42165138164135,79.721435546875,79.721435546875,2661000,0.0,0.0
2023-11-22 00:00:00+08:00,79.24915216947227,80.5715470674944,79.15469693528621,79.721435546875,965000,0.0,0.0
2023-11-23 00:00:00+08:00,79.91034558587583,80.28817372706236,79.06023406982422,79.06023406982422,905000,0.0,0.0
2023-11-24 00:00:00+08:00,79.62697890490952,79.91034460245788,78.6824121668037,78.87132263183594,938000,0.0,0.0
2023-11-27 00:00:00+08:00,78.87132217409683,78.87132217409683,77.5489273071289,77.5489273071289,1030000,0.0,0.0
2023-11-28 00:00:00+08:00,77.83230257497489,78.58795166015625,77.73784734013627,78.58795166015625,563000,0.0,0.0
2023-11-29 00:00:00+08:00,78.4934972414946,80.57154846191406,78.4934972414946,80.57154846191406,1724000,0.0,0.0
2023-11-30 00:00:00+08:00,80.57154185897183,81.42164611816406,79.72143039330763,81.42164611816406,1827000,0.0,0.0
2023-12-01 00:00:00+08:00,80.9493637084961,81.42164706083615,80.28816989780884,80.9493637084961,1675000,0.0,0.0
2023-12-04 00:00:00+08:00,80.94936940519709,81.8939361763498,80.57154846191406,80.57154846191406,1280000,0.0,0.0
2023-12-05 00:00:00+08:00,80.2881698232569,80.38262505234277,79.6269760131836,79.6269760131836,735000,0.0,0.0
2023-12-06 00:00:00+08:00,79.81589078106106,80.4770846268359,79.721435546875,79.721435546875,685000,0.0,0.0
2023-12-07 00:00:00+08:00,79.7214321912493,80.0047978818801,79.15469360351562,79.15469360351562,750000,0.0,0.0
2023-12-08 00:00:00+08:00,79.9103469910559,80.38263037422583,79.15469790186755,79.24915313720703,797000,0.0,0.0
2023-12-11 00:00:00+08:00,79.81588647135538,80.94936363333018,79.06023022572414,79.6269760131836,1722000,0.0,0.0
2023-12-12 00:00:00+08:00,80.09925790058507,80.47707881002074,78.77686309814453,78.77686309814453,1392000,0.0,0.0
2023-12-13 00:00:00+08:00,79.06022972282913,79.62697550668356,77.92675256806427,78.30458068847656,1132000,0.0,0.0
2023-12-14 00:00:00+08:00,78.77686502193367,80.00479742053041,78.30458166713368,78.49349212646484,1214000,0.0,0.0
2023-12-15 00:00:00+08:00,78.87131930759774,79.62697554882222,78.3045807299154,78.96577453613281,1327000,0.0,0.0
2023-12-18 00:00:00+08:00,78.77686314740302,80.57154129423226,78.77686314740302,79.43805694580078,1400000,0.0,0.0
2023-12-19 00:00:00+08:00,79.5325130717265,79.62697550668356,77.92675256806427,78.30458068847656,1472000,0.0,0.0
2023-12-20 00:00:00+08:00,78.30458595833996,78.6824141041799,77.64338490150192,77.9267578125,1176000,0.0,0.0
2023-12-21 00:00:00+08:00,77.07664394081695,78.21012834384901,75.65979384188108,77.5489273071289,1711000,0.0,0.0
2023-12-22 00:00:00+08:00,77.64338207284958,78.58794879980138,76.13207675102113,76.22653198242188,3096000,0.0,0.0
2023-12-25 00:00:00+08:00,75.7542490982452,75.7542490982452,73.67620516839227,73.77066040039062,5413000,0.0,0.0
2023-12-26 00:00:00+08:00,73.298377467342,74.62077234255516,73.01501176967137,74.4318618774414,4756000,0.0,0.0
2023-12-27 00:00:00+08:00,74.62076954782745,76.50990295410156,74.62076954782745,76.50990295410156,4965000,0.0,0.0
2023-12-28 00:00:00+08:00,76.50990390185244,76.79327679889259,75.94316531424425,76.0376205444336,1211000,0.0,0.0
2023-12-29 00:00:00+08:00,76.41544965169557,76.69881534589777,76.0376215196204,76.22653198242188,875000,0.0,0.0
2024-01-02 00:00:00+08:00,76.88772961234369,76.98218483956411,75.56533481184208,75.6597900390625,1222000,0.0,0.0
2024-01-03 00:00:00+08:00,75.56533715708119,76.32099341124085,75.09305379984944,75.37642669677734,1213000,0.0,0.0
2024-01-04 00:00:00+08:00,75.47088386186431,75.56533909443789,74.33739945156435,75.09305572509766,1598000,0.0,0.0
2024-01-05 00:00:00+08:00,75.47088146930423,75.47088146930423,74.431859530989,74.71522521972656,845000,0.0,0.0
2024-01-08 00:00:00+08:00,74.90414622326712,75.28196715842049,74.43186284785301,74.62077331542969,620000,0.0,0.0
2024-01-09 00:00:00+08:00,75.18750616628834,75.18750616628834,73.86511137511187,74.33739471435547,715000,0.0,0.0
2024-01-10 00:00:00+08:00,74.62077332005417,75.47088483714673,74.24294517840498,75.28196716308594,1144000,0.0,0.0
2024-01-11 00:00:00+08:00,75.84870966346813,78.87132025159926,74.90414295386813,78.49349212646484,6009000,0.0,0.0
2024-01-12 00:00:00+08:00,78.39903689679926,79.34360360639926,78.02120877166485,78.49349212646484,4342000,0.0,0.0
2024-01-15 00:00:00+08:00,78.96577785064984,79.24915075462134,78.11566634520766,78.21012878417969,1895001,0.0,0.0
2024-01-16 00:00:00+08:00,78.1156663720917,79.62697891849673,78.1156663720917,79.53251647949219,4359000,0.0,0.0
2024-01-17 00:00:00+08:00,79.53251164232137,79.81588452915564,77.73784071394388,78.11566162109375,2241000,0.0,0.0
2024-01-18 00:00:00+08:00,78.39903924917915,78.68241215315065,76.60436100579504,78.21012878417969,1445000,0.0,0.0
2024-01-19 00:00:00+08:00,78.58794543695478,79.43805689612884,78.1156620936883,78.77686309814453,2441000,0.0,0.0
2024-01-22 00:00:00+08:00,79.62697605045705,80.28816986083984,79.34360315659467,80.28816986083984,2922000,0.0,0.0
2024-01-23 00:00:00+08:00,80.38263077433844,81.89393616671035,79.0602358535858,81.23274230957031,5042000,0.0,0.0
2024-01-24 00:00:00+08:00,82.64958617339515,83.59415287251967,81.9883923665968,82.08284759521484,8910000,0.0,0.0
2024-01-25 00:00:00+08:00,82.55513192890734,82.83849761813946,81.7050204482668,82.27175903320312,2637000,0.0,0.0
2024-01-26 00:00:00+08:00,82.36621760222299,83.68861249166811,82.36621760222299,82.8385009765625,3223000,0.0,0.0
2024-01-29 00:00:00+08:00,82.6495905032103,83.31078434464703,81.98839666177358,82.17730712890625,2902000,0.0,0.0
2024-01-30 00:00:00+08:00,82.17730520006579,82.55513333193525,81.13828324227894,82.46067810058594,2525000,0.0,0.0
2024-01-31 00:00:00+08:00,82.46067666584392,82.46067666584392,81.61056518554688,81.61056518554688,1179000,0.0,0.0
2024-02-01 00:00:00+08:00,81.32718995936571,81.98839096130298,81.23273473236664,81.89392852783203,960000,0.0,0.0
2024-02-02 00:00:00+08:00,82.08284703620991,83.02741372890168,79.81588553245524,80.09925842285156,3906000,0.0,0.0
2024-02-05 00:00:00+08:00,80.00479603334118,80.85490749853565,79.2491470026465,80.76045227050781,1476000,0.0,0.0
2024-02-15 00:00:00+08:00,81.23274091326924,81.23274091326924,79.43806263784438,79.721435546875,1649000,0.0,0.0
2024-02-16 00:00:00+08:00,78.68241215315065,78.77686738565038,77.45447251123723,78.21012878417969,3143000,0.0,0.0
2024-02-19 00:00:00+08:00,78.11566306637329,79.24914742820998,78.11566306637329,78.96577453613281,1030000,0.0,0.0
2024-02-20 00:00:00+08:00,79.1546941059309,79.2491493367407,77.92675448598709,78.02120971679688,1379000,0.0,0.0
2024-02-21 00:00:00+08:00,78.11566828492285,78.11566828492285,77.26556396484375,77.26556396484375,1452000,0.0,0.0
2024-02-22 00:00:00+08:00,77.64338253909685,78.02121067344086,77.07664394081695,77.5489273071289,1199000,0.0,0.0
2024-02-23 00:00:00+08:00,78.02120779654935,78.96577449434406,77.73784211109412,78.30458068847656,1516000,0.0,0.0
2024-02-26 00:00:00+08:00,78.58794603693137,81.89392946503618,78.58794603693137,81.42164611816406,4239000,0.0,0.0
2024-02-27 00:00:00+08:00,81.70501896373013,82.27175753836912,80.47707937995233,80.76045227050781,4134000,0.0,0.0
2024-02-29 00:00:00+08:00,81.23273847362825,82.9329614638047,80.28817174719072,82.46067810058594,4614000,0.0,0.0
2024-03-01 00:00:00+08:00,81.32719657563209,81.98839763136051,80.5715474916928,81.04383087158203,3723000,0.0,0.0
2024-03-04 00:00:00+08:00,80.94936220390416,81.51610798135586,79.24914649096483,79.43805694580078,3137000,0.0,0.0
2024-03-05 00:00:00+08:00,79.34360182312847,82.83849568751083,79.34360182312847,82.55513000488281,5875000,0.0,0.0
2024-03-06 00:00:00+08:00,82.55513570008027,84.82209734985399,81.61056894654725,83.49970245361328,9906000,0.0,0.0
2024-03-07 00:00:00+08:00,83.87753114927523,84.16089685331974,81.70502471923828,81.70502471923828,4143000,0.0,0.0
2024-03-08 00:00:00+08:00,82.08284804020009,82.64958662145278,80.28816986083984,80.28816986083984,3185000,0.0,0.0
2024-03-11 00:00:00+08:00,80.66600230356849,81.42165138354709,80.28817416034298,80.38262939453125,1282000,0.0,0.0
2024-03-12 00:00:00+08:00,80.3826288591233,82.6495904969043,80.3826288591233,81.51611328125,2671000,0.0,0.0
2024-03-13 00:00:00+08:00,81.9883986186431,82.83850294750249,80.28817554797924,80.57154846191406,2182000,0.0,0.0
2024-03-14 00:00:00+08:00,80.66599992190092,81.1382832853705,79.43806029429109,80.00479888916016,1236000,0.0,0.0
2024-03-15 00:00:00+08:00,80.00479886759422,80.4770822309365,79.3436050415039,79.3436050415039,1002000,0.0,0.0
2024-03-18 00:00:00+08:00,79.3436050415039,79.3436050415039,79.3436050415039,79.3436050415039,0,0.0,0.0
2024-03-19 00:00:00+08:00,78.8713230744788,81.23273993299613,78.58795016886778,80.19371795654297,1864000,0.0,0.0
2024-03-20 00:00:00+08:00,80.76045604967895,82.93296242834111,80.76045604967895,81.98839569091797,4024000,0.0,0.0
2024-03-21 00:00:00+08:00,82.64958715865137,82.93296005435559,81.42164755256258,82.27175903320312,2955000,0.0,0.0
2024-03-22 00:00:00+08:00,83.12187388375517,83.87753016528735,82.36621760222299,82.8385009765625,4284000,0.0,0.0
2024-03-25 00:00:00+08:00,82.8385009765625,82.8385009765625,82.8385009765625,82.8385009765625,0,0.0,0.0
2024-03-26 00:00:00+08:00,80.57154129423226,80.85490697648619,79.15469126354685,79.43805694580078,2357000,0.0,0.0
2024-03-27 00:00:00+08:00,79.8158907829292,80.85491277194504,79.62698031455265,80.38262939453125,1434000,0.0,0.0
2024-03-28 00:00:00+08:00,80.57154804513344,81.4216523695954,79.81589174953112,79.91034698486328,1012000,0.0,0.0
2024-03-29 00:00:00+08:00,80.288170778983,80.288170778983,78.87132070641272,79.15469360351562,1591000,0.0,0.0
2024-04-01 00:00:00+08:00,79.34360697733221,79.81589035219729,79.06023406982422,79.06023406982422,773000,0.0,0.0
2024-04-02 00:00:00+08:00,79.15469650997514,79.91034558587583,78.39904022760207,79.06023406982422,1183000,0.0,0.0
2024-04-03 00:00:00+08:00,78.96577786435206,79.24915076837273,78.30458403026691,78.87132263183594,852000,0.0,0.0
2024-04-08 00:00:00+08:00,78.77686502193367,78.77686502193367,77.64338064653043,78.49349212646484,1159000,0.0,0.0
2024-04-09 00:00:00+08:00,78.77686262154975,78.87131784833723,77.92675116751882,78.11566162109375,801000,0.0,0.0
2024-04-10 00:00:00+08:00,78.11566494760666,78.5879483081278,77.92675448598709,78.02120971679688,705000,0.0,0.0
2024-04-11 00:00:00+08:00,77.4544677734375,77.4544677734375,75.75424486655378,77.4544677734375,2406000,0.0,0.0
2024-04-12 00:00:00+08:00,77.45446870955954,77.92675205534952,76.98218536376953,76.98218536376953,864000,0.0,0.0
2024-04-15 00:00:00+08:00,76.50990109327363,77.7378406600754,76.41544586655161,77.4544677734375,968000,0.0,0.0
2024-04-16 00:00:00+08:00,77.26556112538674,77.26556112538674,75.56533813476562,75.56533813476562,1511000,0.0,0.0
2024-04-17 00:00:00+08:00,76.03761960253304,76.50990295410156,75.84870914449444,76.50990295410156,589000,0.0,0.0
2024-04-18 00:00:00+08:00,76.50990295410156,76.9821863056701,75.37642579292591,76.50990295410156,1416000,0.0,0.0
2024-04-19 00:00:00+08:00,76.03762246377813,76.41545060054479,74.715227588331,75.09305572509766,1404000,0.0,0.0
2024-04-22 00:00:00+08:00,75.18751097074156,75.94316724440623,75.09305573815156,75.7542495727539,763000,0.0,0.0
2024-04-23 00:00:00+08:00,76.22653097461681,76.41544864139279,74.90414333954558,75.37642669677734,914000,0.0,0.0
2024-04-24 00:00:00+08:00,75.84870821646233,76.98218536376953,75.65979055426315,76.98218536376953,828000,0.0,0.0
2024-04-25 00:00:00+08:00,76.79327919804011,77.17110013060122,76.50990629214691,77.07664489746094,445000,0.0,0.0
2024-04-26 00:00:00+08:00,77.07664392336576,77.45447205762423,76.60436055716073,76.88773345947266,570000,0.0,0.0
2024-04-29 00:00:00+08:00,77.1711015208201,78.02121304734187,76.8877358162945,77.9267578125,787000,0.0,0.0
2024-04-30 00:00:00+08:00,78.39903450792802,79.81588452915564,78.02120639430628,78.11566162109375,1649000,0.0,0.0
2024-05-02 00:00:00+08:00,78.02120779654935,78.30458068847656,77.26555876219678,78.30458068847656,538000,0.0,0.0
2024-05-03 00:00:00+08:00,78.30458258987134,78.49349305142862,77.26556063836199,77.36001586914062,749000,0.0,0.0
2024-05-06 00:00:00+08:00,78.11566255749644,78.11566255749644,77.26555829974683,77.64337921142578,703000,0.0,0.0
2024-05-07 00:00:00+08:00,77.64338156147653,77.83229922950598,76.50990437918854,77.36001586914062,560000,0.0,0.0
2024-05-08 00:00:00+08:00,77.26555923729573,77.45446969542746,76.98218634362608,77.17109680175781,385000,0.0,0.0
2024-05-09 00:00:00+08:00,77.17110012130827,77.17110012130827,76.41545104980469,76.41545104980469,526000,0.0,0.0
2024-05-10 00:00:00+08:00,76.41545105900664,77.92675640866815,75.56533954779943,77.07664489746094,1217000,0.0,0.0
2024-05-13 00:00:00+08:00,77.54892538346182,78.30458163340516,77.45447015383692,77.8322982788086,850000,0.0,0.0
2024-05-14 00:00:00+08:00,78.39904022216797,78.39904022216797,77.83230161366365,78.39904022216797,676000,0.0,0.0
2024-05-15 00:00:00+08:00,78.68241119384766,79.24914978840862,77.8322996987701,78.68241119384766,1200000,0.0,0.0
2024-05-16 00:00:00+08:00,79.24914742820998,80.47707981210974,78.68240885052764,78.96577453613281,1492000,0.0,0.0
2024-05-17 00:00:00+08:00,79.34360409347263,80.00479791166272,78.77686550552797,79.81588745117188,1369000,0.0,0.0
2024-05-20 00:00:00+08:00,80.38262702123028,80.47708225262974,79.24914983149213,80.00479888916016,1584000,0.0,0.0
2024-05-21 00:00:00+08:00,81.13828280121201,82.08284952251489,80.47708177241668,81.79947662353516,4821000,0.0,0.0
2024-05-22 00:00:00+08:00,82.17730810072722,82.17730810072722,81.04383087158203,81.04383087158203,2000000,0.0,0.0
2024-05-23 00:00:00+08:00,81.13828043392398,83.02741382141244,80.3826241963398,81.42164611816406,3539000,0.0,0.0
2024-05-24 00:00:00+08:00,80.94936746695046,82.93296340405406,80.7604569998322,81.51611328125,1474000,0.0,0.0
2024-05-27 00:00:00+08:00,81.79947470288869,82.64958617339515,80.57154231791003,82.08284759521484,3722000,0.0,0.0
2024-05-28 00:00:00+08:00,82.27175899996008,82.55513189554979,81.23273706025128,81.61056518554688,1951000,0.0,0.0
2024-05-29 00:00:00+08:00,81.70502570470828,81.70502570470828,80.57154846191406,80.57154846191406,1794000,0.0,0.0
2024-05-30 00:00:00+08:00,80.19371317808843,80.57154129423226,79.24914649096483,79.43805694580078,1348000,0.0,0.0
2024-05-31 00:00:00+08:00,79.62697794209816,80.09926130544045,79.06023214090965,79.3436050415039,931000,0.0,0.0
2024-06-03 00:00:00+08:00,79.43805745870218,81.3271908451468,79.43805745870218,80.76045227050781,1944000,0.0,0.0
2024-06-04 00:00:00+08:00,81.1382847098448,82.46067959207024,80.76045657114148,80.85491180419922,2572000,0.0,0.0
2024-06-05 00:00:00+08:00,81.23273656508502,81.98839281106997,80.28816986083984,80.28816986083984,966000,0.0,0.0
2024-06-06 00:00:00+08:00,80.76045753586651,80.76045753586651,79.34360740365832,79.721435546875,1198000,0.0,0.0
2024-06-07 00:00:00+08:00,80.19371655843132,80.19371655843132,79.24914983149213,80.00479888916016,623000,0.0,0.0
2024-06-11 00:00:00+08:00,80.28816931255108,80.28816931255108,78.21012545999149,78.30458068847656,1454000,0.0,0.0
2024-06-12 00:00:00+08:00,78.87132360246714,79.24915174365368,78.210129760245,79.06023406982422,834000,0.0,0.0
2024-06-13 00:00:00+08:00,79.4380592941464,79.53251452435666,78.68241024599219,79.15469360351562,815000,0.0,0.0
2024-06-14 00:00:00+08:00,79.15469748213287,79.53251842148732,78.58795166015625,78.58795166015625,1010000,0.0,0.0
2024-06-17 00:00:00+08:00,78.68241210993696,81.98839569091797,78.68241210993696,81.98839569091797,4248000,0.0,0.0
2024-06-18 00:00:00+08:00,82.36621617815551,82.46067861656813,81.23273898192684,81.32719421386719,2072000,0.0,0.0
2024-06-19 00:00:00+08:00,81.79947801954995,82.64958952452524,80.57154558478325,81.98839569091797,2427000,0.0,0.0
2024-06-20 00:00:00+08:00,82.46067959207024,83.87752970735342,80.66600133808373,80.85491180419922,12040000,0.0,0.0
2024-06-21 00:00:00+08:00,80.57154324583807,81.89393087466449,80.19371512054249,81.61056518554688,2455000,0.0,0.0
2024-06-24 00:00:00+08:00,82.36621376551625,82.36621376551625,80.9493637084961,80.9493637084961,1322000,0.0,0.0
2024-06-25 00:00:00+08:00,80.94936277129194,81.42164611816406,80.28816896825977,81.42164611816406,882000,0.0,0.0
2024-06-26 00:00:00+08:00,81.42165040901803,81.61056808160586,80.85491180419922,80.85491180419922,908000,0.0,0.0
2024-06-27 00:00:00+08:00,80.85491416937634,81.51611523306676,80.47708601962074,80.57154846191406,744000,0.0,0.0
2024-06-28 00:00:00+08:00,81.13828567908318,81.13828567908318,79.34360740365832,79.721435546875,5562000,0.0,0.0
2024-07-01 00:00:00+08:00,80.09926176822026,80.76045559813068,79.24915026799812,80.66600036621094,4989000,0.0,0.0
2024-07-02 00:00:00+08:00,80.85490896762624,82.27175903320312,80.47708084217798,82.27175903320312,3446000,0.0,0.0
2024-07-03 00:00:00+08:00,82.46068004226879,82.8385009765625,81.79947899431004,82.8385009765625,1968000,0.0,0.0
2024-07-04 00:00:00+08:00,83.12187527420828,83.68861389160156,82.555136656815,83.68861389160156,4094000,0.0,0.0
2024-07-05 00:00:00+08:00,83.87752867510505,84.72763296863518,82.93296194320735,84.44426727294922,3971000,0.0,0.0
2024-07-08 00:00:00+08:00,84.72763490932276,84.72763490932276,82.55513570008027,83.49970245361328,2306000,0.0,0.0
2024-07-09 00:00:00+08:00,83.40524482702348,83.40524482702348,81.42164893632687,82.46067810058594,1912000,0.0,0.0
2024-07-10 00:00:00+08:00,82.83850194676542,83.31078532663632,82.36621856689453,82.36621856689453,1194000,0.0,0.0
2024-07-11 00:00:00+08:00,81.89392946503618,81.89392946503618,81.13828043392398,81.42164611816406,1792000,0.0,0.0
2024-07-12 00:00:00+08:00,81.23273803204786,82.17730475335074,80.76045467139642,81.79947662353516,740000,0.0,0.0
2024-07-15 00:00:00+08:00,82.27176333379978,82.64959147899826,81.51611424987527,81.70502471923828,730000,0.0,0.0
2024-07-16 00:00:00+08:00,82.17730809753516,83.40524776778847,81.89393518702364,82.36621856689453,1452000,0.0,0.0
2024-07-17 00:00:00+08:00,82.36621426294717,82.74404238839541,82.17730380345908,82.27175903320312,767000,0.0,0.0
2024-07-18 00:00:00+08:00,81.89393281198153,81.89393281198153,81.04382851804614,81.32719421386719,817000,0.0,0.0
2024-07-19 00:00:00+08:00,81.2327394909617,81.2327394909617,79.53251647949219,79.53251647949219,1533000,0.0,0.0
2024-07-22 00:00:00+08:00,79.91034315888142,79.91034315888142,77.92675448598709,78.02120971679688,993000,0.0,0.0
2024-07-23 00:00:00+08:00,78.49349025867717,79.62697460710865,78.49349025867717,79.43805694580078,476000,0.0,0.0
2024-07-26 00:00:00+08:00,78.58794877756736,79.53251550425193,78.30458308344532,79.3436050415039,555000,0.0,0.0
2024-07-29 00:00:00+08:00,79.81588548593955,80.2881688320102,77.64337921142578,77.64337921142578,1180000,0.0,0.0
2024-07-30 00:00:00+08:00,77.92675210165696,78.30458021980786,76.1320739452941,77.64337921142578,1242000,0.0,0.0
2024-07-31 00:00:00+08:00,77.73784399872734,78.39903782064998,77.36001586914062,77.36001586914062,646000,0.0,0.0
2024-08-01 00:00:00+08:00,78.0212130446521,78.68241410146734,78.0212130446521,78.58795166015625,719000,0.0,0.0
2024-08-02 00:00:00+08:00,77.92675497352401,77.92675497352401,76.0376215196204,76.22653198242188,1224000,0.0,0.0
2024-08-05 00:00:00+08:00,75.09305479500645,75.09305479500645,68.66999816894531,68.66999816894531,2351000,0.0,0.0
2024-08-06 00:00:00+08:00,68.66999865308526,69.33119969051707,64.04162742342396,66.21412658691406,1969000,0.0,0.0
2024-08-07 00:00:00+08:00,67.06423444137302,71.88152307967022,67.06423444137302,71.22032928466797,1732000,0.0,0.0
2024-08-08 00:00:00+08:00,70.5999984741211,71.30000305175781,70.4000015258789,70.69999694824219,820000,4.17967,0.0
2024-08-09 00:00:00+08:00,71.80000305175781,71.9000015258789,70.19999694824219,70.30000305175781,1010000,0.0,0.0
2024-08-12 00:00:00+08:00,70.80000305175781,71.30000305175781,70.30000305175781,70.9000015258789,513000,0.0,0.0
2024-08-13 00:00:00+08:00,71.4000015258789,71.4000015258789,70.0999984741211,70.30000305175781,626000,0.0,0.0
2024-08-14 00:00:00+08:00,71.0,71.0,69.5,69.5,1002000,0.0,0.0
2024-08-15 00:00:00+08:00,70.19999694824219,70.5,69.5,70.0,437000,0.0,0.0
2024-08-16 00:00:00+08:00,70.5999984741211,71.0999984741211,70.19999694824219,70.5,626000,0.0,0.0
2024-08-19 00:00:00+08:00,71.0,71.4000015258789,70.5999984741211,71.30000305175781,486000,0.0,0.0
2024-08-20 00:00:00+08:00,71.80000305175781,72.4000015258789,71.5,71.5999984741211,561000,0.0,0.0
2024-08-21 00:00:00+08:00,71.5999984741211,74.19999694824219,71.4000015258789,73.5999984741211,1479000,0.0,0.0
2024-08-22 00:00:00+08:00,74.0,74.0999984741211,72.80000305175781,73.0,706000,0.0,0.0
2024-08-23 00:00:00+08:00,73.0,73.0,72.19999694824219,72.5999984741211,496000,0.0,0.0
2024-08-26 00:00:00+08:00,73.19999694824219,73.80000305175781,73.0,73.0,313000,0.0,0.0
2024-08-27 00:00:00+08:00,73.0,73.0,72.30000305175781,72.69999694824219,270000,0.0,0.0
2024-08-28 00:00:00+08:00,72.80000305175781,72.9000015258789,72.19999694824219,72.19999694824219,225000,0.0,0.0
2024-08-29 00:00:00+08:00,72.0,72.30000305175781,71.5,72.0999984741211,272000,0.0,0.0
2024-08-30 00:00:00+08:00,72.19999694824219,73.0,72.19999694824219,72.9000015258789,282000,0.0,0.0
2024-09-02 00:00:00+08:00,73.0999984741211,73.19999694824219,72.5,72.5,256000,0.0,0.0
2024-09-03 00:00:00+08:00,72.5,72.9000015258789,71.5,71.5999984741211,304000,0.0,0.0
2024-09-04 00:00:00+08:00,69.80000305175781,70.19999694824219,68.30000305175781,69.5,864000,0.0,0.0
2024-09-05 00:00:00+08:00,69.5,70.5999984741211,69.0999984741211,69.5,376000,0.0,0.0
2024-09-06 00:00:00+08:00,69.5,70.0,69.19999694824219,69.5999984741211,318000,0.0,0.0
2024-09-09 00:00:00+08:00,68.5,70.19999694824219,68.5,70.19999694824219,261000,0.0,0.0
2024-09-10 00:00:00+08:00,70.80000305175781,70.80000305175781,68.30000305175781,68.5999984741211,547000,0.0,0.0
2024-09-11 00:00:00+08:00,70.0,70.4000015258789,69.5,69.5999984741211,616000,0.0,0.0
2024-09-12 00:00:00+08:00,70.69999694824219,72.0999984741211,70.5,72.0,624000,0.0,0.0
2024-09-13 00:00:00+08:00,71.9000015258789,72.19999694824219,71.5,71.9000015258789,320000,0.0,0.0
2024-09-16 00:00:00+08:00,71.9000015258789,72.69999694824219,71.69999694824219,72.5999984741211,323000,0.0,0.0
2024-09-18 00:00:00+08:00,72.19999694824219,72.19999694824219,71.5,72.0,239000,0.0,0.0
2024-09-19 00:00:00+08:00,72.0,72.5999984741211,71.5,72.5999984741211,385000,0.0,0.0
2024-09-20 00:00:00+08:00,73.0,73.30000305175781,72.69999694824219,73.0,382000,0.0,0.0
2024-09-23 00:00:00+08:00,72.5,75.80000305175781,72.4000015258789,75.0999984741211,1423000,0.0,0.0
2024-09-24 00:00:00+08:00,75.4000015258789,75.80000305175781,74.5999984741211,75.30000305175781,1524000,0.0,0.0
2024-09-25 00:00:00+08:00,75.5999984741211,75.69999694824219,74.9000015258789,75.0,685000,0.0,0.0
2024-09-26 00:00:00+08:00,75.19999694824219,75.19999694824219,74.19999694824219,74.30000305175781,513000,0.0,0.0
2024-09-27 00:00:00+08:00,74.80000305175781,75.69999694824219,74.4000015258789,75.19999694824219,694000,0.0,0.0
2024-09-30 00:00:00+08:00,74.69999694824219,75.19999694824219,74.5999984741211,74.5999984741211,235000,0.0,0.0
2024-10-01 00:00:00+08:00,75.0,75.0,74.0,74.19999694824219,232000,0.0,0.0
2024-10-04 00:00:00+08:00,74.19999694824219,74.9000015258789,73.69999694824219,74.0,318000,0.0,0.0
2024-10-07 00:00:00+08:00,74.5,74.5,73.69999694824219,74.0999984741211,235000,0.0,0.0
2024-10-08 00:00:00+08:00,74.30000305175781,74.30000305175781,73.19999694824219,73.80000305175781,219000,0.0,0.0
2024-10-09 00:00:00+08:00,74.0,74.4000015258789,73.30000305175781,73.30000305175781,282000,0.0,0.0
2024-10-11 00:00:00+08:00,73.4000015258789,73.4000015258789,72.80000305175781,73.19999694824219,206000,0.0,0.0
2024-10-14 00:00:00+08:00,72.80000305175781,72.80000305175781,71.80000305175781,72.19999694824219,450000,0.0,0.0
2024-10-15 00:00:00+08:00,72.5999984741211,72.9000015258789,72.19999694824219,72.30000305175781,188000,0.0,0.0
2024-10-16 00:00:00+08:00,72.30000305175781,72.30000305175781,71.5999984741211,72.0999984741211,328000,0.0,0.0
2024-10-17 00:00:00+08:00,72.19999694824219,73.9000015258789,72.19999694824219,73.4000015258789,411000,0.0,0.0
2024-10-18 00:00:00+08:00,73.5,73.69999694824219,72.69999694824219,72.80000305175781,434000,0.0,0.0
2024-10-21 00:00:00+08:00,72.9000015258789,74.19999694824219,72.9000015258789,74.0,427000,0.0,0.0
2024-10-22 00:00:00+08:00,74.0999984741211,74.4000015258789,73.9000015258789,74.0999984741211,258000,0.0,0.0
2024-10-23 00:00:00+08:00,74.0999984741211,74.4000015258789,73.69999694824219,74.0,181000,0.0,0.0
2024-10-24 00:00:00+08:00,74.0,74.5999984741211,73.80000305175781,73.80000305175781,338000,0.0,0.0
2024-10-25 00:00:00+08:00,74.5,76.5,74.4000015258789,75.0,986000,0.0,0.0
2024-10-28 00:00:00+08:00,75.5,75.69999694824219,74.5,74.80000305175781,546000,0.0,0.0
2024-10-29 00:00:00+08:00,74.5999984741211,74.5999984741211,73.5,74.5,300000,0.0,0.0
2024-10-30 00:00:00+08:00,74.5999984741211,74.80000305175781,73.5999984741211,73.69999694824219,201000,0.0,0.0
2024-11-01 00:00:00+08:00,73.19999694824219,75.0,72.69999694824219,75.0,402000,0.0,0.0
2024-11-04 00:00:00+08:00,75.19999694824219,75.19999694824219,74.0999984741211,74.19999694824219,212000,0.0,0.0
2024-11-05 00:00:00+08:00,74.5,74.5,73.80000305175781,73.80000305175781,282000,0.0,0.0
2024-11-06 00:00:00+08:00,74.30000305175781,74.30000305175781,73.5,73.5999984741211,364000,0.0,0.0
2024-11-07 00:00:00+08:00,73.80000305175781,75.30000305175781,73.80000305175781,75.30000305175781,855000,0.0,0.0
2024-11-08 00:00:00+08:00,75.5999984741211,76.0,74.5999984741211,74.5999984741211,1715000,0.0,0.0
2024-11-11 00:00:00+08:00,74.5999984741211,76.30000305175781,73.9000015258789,75.69999694824219,961000,0.0,0.0
2024-11-12 00:00:00+08:00,75.0999984741211,75.19999694824219,73.9000015258789,74.69999694824219,512000,0.0,0.0
2024-11-13 00:00:00+08:00,74.5,74.5,73.9000015258789,74.0999984741211,272000,0.0,0.0
2024-11-14 00:00:00+08:00,74.19999694824219,74.19999694824219,72.0999984741211,72.0999984741211,541000,0.0,0.0
2024-11-15 00:00:00+08:00,72.4000015258789,72.4000015258789,70.5,71.0999984741211,581000,0.0,0.0
2024-11-18 00:00:00+08:00,70.9000015258789,71.69999694824219,70.0999984741211,71.0,228000,0.0,0.0
2024-11-19 00:00:00+08:00,71.0,71.5,71.0,71.30000305175781,166000,0.0,0.0
2024-11-20 00:00:00+08:00,71.30000305175781,71.4000015258789,70.4000015258789,70.4000015258789,253894,0.0,0.0
2024-11-21 00:00:00+08:00,70.5,71.4000015258789,70.4000015258789,71.19999694824219,179000,0.0,0.0
2024-11-22 00:00:00+08:00,71.4000015258789,72.0,71.0,71.5,240000,0.0,0.0
2024-11-25 00:00:00+08:00,72.0,72.5,72.0,72.19999694824219,171000,0.0,0.0
2024-11-26 00:00:00+08:00,72.0,72.4000015258789,71.80000305175781,71.9000015258789,144000,0.0,0.0
2024-11-27 00:00:00+08:00,71.9000015258789,71.9000015258789,70.30000305175781,70.4000015258789,307000,0.0,0.0
2024-11-28 00:00:00+08:00,70.0,70.30000305175781,69.19999694824219,69.69999694824219,271000,0.0,0.0
2024-11-29 00:00:00+08:00,70.19999694824219,70.80000305175781,69.4000015258789,70.19999694824219,173000,0.0,0.0
2024-12-02 00:00:00+08:00,70.30000305175781,71.19999694824219,70.0,70.0,222000,0.0,0.0
2024-12-03 00:00:00+08:00,70.9000015258789,70.9000015258789,70.0999984741211,70.19999694824219,160000,0.0,0.0
2024-12-04 00:00:00+08:00,70.30000305175781,71.5,70.0,70.69999694824219,366000,0.0,0.0
2024-12-05 00:00:00+08:00,70.80000305175781,71.4000015258789,70.0,70.69999694824219,377000,0.0,0.0
2024-12-06 00:00:00+08:00,70.4000015258789,71.30000305175781,70.30000305175781,70.4000015258789,442000,0.0,0.0
2024-12-09 00:00:00+08:00,71.0,72.5999984741211,71.0,71.5,775000,0.0,0.0
2024-12-10 00:00:00+08:00,72.0999984741211,72.5999984741211,70.80000305175781,70.9000015258789,266000,0.0,0.0
2024-12-11 00:00:00+08:00,71.5,72.5999984741211,71.4000015258789,72.0999984741211,522000,0.0,0.0
2024-12-12 00:00:00+08:00,73.0,73.19999694824219,72.19999694824219,72.19999694824219,306000,0.0,0.0
2024-12-13 00:00:00+08:00,72.0999984741211,72.30000305175781,71.4000015258789,71.4000015258789,232000,0.0,0.0
2024-12-16 00:00:00+08:00,71.4000015258789,71.80000305175781,70.0999984741211,70.0999984741211,252000,0.0,0.0
2024-12-17 00:00:00+08:00,70.9000015258789,71.0999984741211,70.30000305175781,70.5,193000,0.0,0.0
2024-12-18 00:00:00+08:00,70.5,71.19999694824219,70.5,71.0999984741211,171000,0.0,0.0
2024-12-19 00:00:00+08:00,70.80000305175781,71.4000015258789,70.69999694824219,70.80000305175781,263000,0.0,0.0
2024-12-20 00:00:00+08:00,70.80000305175781,71.80000305175781,70.80000305175781,71.69999694824219,361000,0.0,0.0
2024-12-23 00:00:00+08:00,71.69999694824219,72.5,71.69999694824219,72.5,300000,0.0,0.0
2024-12-24 00:00:00+08:00,72.80000305175781,73.19999694824219,72.5,72.5999984741211,349000,0.0,0.0
2024-12-25 00:00:00+08:00,72.80000305175781,73.30000305175781,72.5,73.0,247000,0.0,0.0
2024-12-26 00:00:00+08:00,73.19999694824219,74.0999984741211,73.19999694824219,73.80000305175781,553000,0.0,0.0
2024-12-27 00:00:00+08:00,73.9000015258789,74.30000305175781,73.19999694824219,73.5,312000,0.0,0.0
2024-12-30 00:00:00+08:00,73.5,73.5,72.5999984741211,72.80000305175781,198000,0.0,0.0
2024-12-31 00:00:00+08:00,72.80000305175781,73.69999694824219,72.30000305175781,73.69999694824219,219000,0.0,0.0
2025-01-02 00:00:00+08:00,73.5999984741211,73.9000015258789,72.69999694824219,72.69999694824219,201000,0.0,0.0
2025-01-03 00:00:00+08:00,73.30000305175781,73.4000015258789,71.30000305175781,71.4000015258789,344000,0.0,0.0
2025-01-06 00:00:00+08:00,71.80000305175781,72.4000015258789,71.69999694824219,72.0999984741211,177000,0.0,0.0
2025-01-07 00:00:00+08:00,72.19999694824219,74.69999694824219,72.0,74.5999984741211,1055000,0.0,0.0
2025-01-08 00:00:00+08:00,74.69999694824219,75.4000015258789,74.30000305175781,74.5999984741211,1253000,0.0,0.0
2025-01-09 00:00:00+08:00,74.5999984741211,74.80000305175781,72.5999984741211,72.5999984741211,662000,0.0,0.0
2025-01-10 00:00:00+08:00,73.0,73.0,71.80000305175781,71.9000015258789,373000,0.0,0.0
2025-01-13 00:00:00+08:00,70.9000015258789,70.9000015258789,69.0,69.30000305175781,598000,0.0,0.0
2025-01-14 00:00:00+08:00,69.69999694824219,69.69999694824219,68.30000305175781,68.9000015258789,445000,0.0,0.0
2025-01-15 00:00:00+08:00,69.0999984741211,69.0999984741211,67.4000015258789,67.5,580000,0.0,0.0
2025-01-16 00:00:00+08:00,68.4000015258789,68.4000015258789,67.5,67.5,281000,0.0,0.0
2025-01-17 00:00:00+08:00,67.5,67.5,66.5999984741211,67.0,327000,0.0,0.0
2025-01-20 00:00:00+08:00,67.0,67.0999984741211,66.5,66.9000015258789,413000,0.0,0.0
2025-01-21 00:00:00+08:00,66.9000015258789,66.9000015258789,65.5999984741211,65.9000015258789,459000,0.0,0.0
2025-01-22 00:00:00+08:00,66.0,66.80000305175781,65.69999694824219,66.80000305175781,291000,0.0,0.0
2025-02-03 00:00:00+08:00,66.4000015258789,66.4000015258789,64.30000305175781,65.0,529057,0.0,0.0
2025-02-04 00:00:00+08:00,65.0999984741211,65.0999984741211,64.4000015258789,64.4000015258789,369053,0.0,0.0
2025-02-05 00:00:00+08:00,65.0,70.0,65.0,69.30000305175781,1431894,0.0,0.0
2025-02-06 00:00:00+08:00,70.0,73.5999984741211,69.19999694824219,72.69999694824219,2161553,0.0,0.0
2025-02-07 00:00:00+08:00,72.5999984741211,75.5999984741211,72.5,73.0999984741211,2042137,0.0,0.0
2025-02-10 00:00:00+08:00,74.0,75.4000015258789,73.0999984741211,74.5999984741211,1582226,0.0,0.0
2025-02-11 00:00:00+08:00,75.0,75.5999984741211,74.0999984741211,74.80000305175781,1181034,0.0,0.0
2025-02-12 00:00:00+08:00,75.19999694824219,76.5999984741211,75.0,75.80000305175781,1871078,0.0,0.0
2025-02-13 00:00:00+08:00,76.9000015258789,77.0,75.5,75.5,1683438,0.0,0.0
2025-02-14 00:00:00+08:00,75.19999694824219,75.9000015258789,74.30000305175781,74.9000015258789,1456415,0.0,0.0
2025-02-17 00:00:00+08:00,75.5,75.5,73.80000305175781,74.5,1233098,0.0,0.0
2025-02-18 00:00:00+08:00,74.9000015258789,77.4000015258789,74.5999984741211,76.5999984741211,2829708,0.0,0.0
2025-02-19 00:00:00+08:00,76.80000305175781,78.4000015258789,76.0999984741211,76.19999694824219,2898041,0.0,0.0
2025-02-20 00:00:00+08:00,76.5,78.19999694824219,76.0,77.5,3459853,0.0,0.0
2025-02-21 00:00:00+08:00,77.5,77.69999694824219,74.5999984741211,74.80000305175781,3585221,0.0,0.0
2025-02-24 00:00:00+08:00,74.5,76.0,74.5,75.19999694824219,1235937,0.0,0.0
2025-02-25 00:00:00+08:00,74.80000305175781,75.30000305175781,74.30000305175781,74.4000015258789,735423,0.0,0.0
2025-02-26 00:00:00+08:00,74.30000305175781,75.0,74.0,74.4000015258789,442030,0.0,0.0
2025-02-27 00:00:00+08:00,74.9000015258789,75.19999694824219,72.5,72.5,4347840,0.0,0.0
2025-03-03 00:00:00+08:00,72.0,72.5,70.69999694824219,70.9000015258789,977236,0.0,0.0
2025-03-04 00:00:00+08:00,69.69999694824219,71.4000015258789,69.4000015258789,71.0999984741211,681371,0.0,0.0
2025-03-05 00:00:00+08:00,71.19999694824219,72.5,70.69999694824219,72.5,480923,0.0,0.0
2025-03-06 00:00:00+08:00,72.80000305175781,72.9000015258789,71.30000305175781,71.30000305175781,595106,0.0,0.0
2025-03-07 00:00:00+08:00,70.4000015258789,71.30000305175781,70.30000305175781,70.5,507186,0.0,0.0
2025-03-10 00:00:00+08:00,70.5,71.19999694824219,69.30000305175781,69.30000305175781,810549,0.0,0.0
2025-03-11 00:00:00+08:00,68.5999984741211,70.30000305175781,67.0999984741211,69.80000305175781,1008266,0.0,0.0
2025-03-12 00:00:00+08:00,70.0,70.80000305175781,69.80000305175781,69.80000305175781,660061,0.0,0.0
2025-03-13 00:00:00+08:00,70.0999984741211,71.30000305175781,69.5,69.5999984741211,605003,0.0,0.0
2025-03-14 00:00:00+08:00,69.5999984741211,70.19999694824219,68.80000305175781,70.0,557124,0.0,0.0
2025-03-17 00:00:00+08:00,70.0,70.4000015258789,69.5,70.0,416006,0.0,0.0
2025-03-18 00:00:00+08:00,70.0999984741211,70.5,70.0,70.0,274357,0.0,0.0
2025-03-19 00:00:00+08:00,70.0999984741211,70.19999694824219,69.30000305175781,69.4000015258789,459002,0.0,0.0
2025-03-20 00:00:00+08:00,69.5999984741211,71.19999694824219,69.5999984741211,71.0,420339,0.0,0.0
2025-03-21 00:00:00+08:00,71.0,71.4000015258789,70.5,71.19999694824219,338650,0.0,0.0
2025-03-24 00:00:00+08:00,71.4000015258789,72.0,70.80000305175781,70.80000305175781,403194,0.0,0.0
2025-03-25 00:00:00+08:00,71.0,71.5,70.30000305175781,70.9000015258789,331053,0.0,0.0
2025-03-26 00:00:00+08:00,71.0999984741211,71.5999984741211,70.5999984741211,71.4000015258789,341347,0.0,0.0
2025-03-27 00:00:00+08:00,70.80000305175781,71.0,70.4000015258789,70.80000305175781,256001,0.0,0.0
2025-03-28 00:00:00+08:00,71.0,71.0,69.0,69.4000015258789,686304,0.0,0.0
2025-03-31 00:00:00+08:00,68.19999694824219,68.19999694824219,65.5999984741211,65.80000305175781,1036523,0.0,0.0
2025-04-01 00:00:00+08:00,66.0999984741211,67.5,66.0999984741211,67.19999694824219,287023,0.0,0.0
2025-04-02 00:00:00+08:00,67.19999694824219,68.69999694824219,66.9000015258789,68.5999984741211,348241,0.0,0.0
2025-04-07 00:00:00+08:00,61.79999923706055,61.79999923706055,61.79999923706055,61.79999923706055,88128,0.0,0.0
2025-04-08 00:00:00+08:00,55.70000076293945,55.70000076293945,55.70000076293945,55.70000076293945,637056,0.0,0.0
2025-04-09 00:00:00+08:00,50.20000076293945,51.20000076293945,50.20000076293945,50.20000076293945,1944964,0.0,0.0
2025-04-10 00:00:00+08:00,54.20000076293945,55.20000076293945,53.900001525878906,55.20000076293945,1146010,0.0,0.0
2025-04-11 00:00:00+08:00,54.0,56.400001525878906,52.099998474121094,56.29999923706055,880303,0.0,0.0
2025-04-14 00:00:00+08:00,57.5,59.400001525878906,57.5,58.400001525878906,1053056,0.0,0.0
2025-04-15 00:00:00+08:00,58.599998474121094,60.70000076293945,58.20000076293945,60.29999923706055,492015,0.0,0.0
2025-04-16 00:00:00+08:00,60.5,60.5,58.5,58.5,489576,0.0,0.0
2025-04-17 00:00:00+08:00,57.5,59.0,57.0,58.70000076293945,463665,0.0,0.0
2025-04-18 00:00:00+08:00,58.70000076293945,59.099998474121094,58.5,58.5,232338,0.0,0.0
2025-04-21 00:00:00+08:00,58.599998474121094,58.599998474121094,56.29999923706055,56.29999923706055,491150,0.0,0.0
2025-04-22 00:00:00+08:00,56.099998474121094,56.900001525878906,55.5,56.20000076293945,188067,0.0,0.0
2025-04-23 00:00:00+08:00,57.5,58.400001525878906,57.5,58.400001525878906,203225,0.0,0.0
2025-04-24 00:00:00+08:00,58.400001525878906,58.599998474121094,58.0,58.0,168261,0.0,0.0
2025-04-25 00:00:00+08:00,59.099998474121094,60.099998474121094,58.79999923706055,59.70000076293945,394238,0.0,0.0
2025-04-28 00:00:00+08:00,60.20000076293945,60.900001525878906,60.0,60.20000076293945,350020,0.0,0.0
2025-04-29 00:00:00+08:00,60.5,62.099998474121094,60.0,62.099998474121094,345090,0.0,0.0
2025-04-30 00:00:00+08:00,62.0,62.5,60.79999923706055,61.0,292103,0.0,0.0
2025-05-02 00:00:00+08:00,61.70000076293945,62.0,61.099998474121094,61.900001525878906,247106,0.0,0.0
