Date,Open,High,Low,Close,Volume,Dividends,Stock Splits,Capital Gains
2020-07-22 00:00:00+09:00,4770.0,4770.0,4055.0,4055.0,23688,0.0,0.0,0.0
2020-07-23 00:00:00+09:00,3450.0,3450.0,3450.0,3450.0,6868,0.0,0.0,0.0
2020-07-24 00:00:00+09:00,2935.0,2935.0,2935.0,2935.0,2470,0.0,0.0,0.0
2020-07-27 00:00:00+09:00,2495.0,2495.0,2495.0,2495.0,1547,0.0,0.0,0.0
2020-07-28 00:00:00+09:00,2125.0,2125.0,2125.0,2125.0,2722,0.0,0.0,0.0
2020-07-29 00:00:00+09:00,1810.0,2430.0,1810.0,2300.0,135658,0.0,0.0,0.0
2020-07-30 00:00:00+09:00,2480.0,2480.0,2245.0,2305.0,34531,0.0,0.0,0.0
2020-07-31 00:00:00+09:00,2440.0,2650.0,2205.0,2650.0,28471,0.0,0.0,0.0
2020-08-03 00:00:00+09:00,2995.0,3045.0,2850.0,3045.0,27616,0.0,0.0,0.0
2020-08-04 00:00:00+09:00,3400.0,3500.0,3230.0,3500.0,18589,0.0,0.0,0.0
2020-08-05 00:00:00+09:00,4025.0,4025.0,4025.0,4025.0,21685,0.0,0.0,0.0
2020-08-06 00:00:00+09:00,4625.0,4625.0,3425.0,3425.0,116029,0.0,0.0,0.0
2020-08-07 00:00:00+09:00,2960.0,3780.0,2930.0,3390.0,30676,0.0,0.0,0.0
2020-08-10 00:00:00+09:00,3080.0,3790.0,3080.0,3390.0,9359,0.0,0.0,0.0
2020-08-11 00:00:00+09:00,3400.0,3400.0,3125.0,3240.0,9924,0.0,0.0,0.0
2020-08-12 00:00:00+09:00,3240.0,3690.0,3055.0,3210.0,9660,0.0,0.0,0.0
2020-08-13 00:00:00+09:00,3480.0,3480.0,3100.0,3240.0,19799,0.0,0.0,0.0
2020-08-14 00:00:00+09:00,3240.0,3240.0,3060.0,3090.0,30756,0.0,0.0,0.0
2020-08-18 00:00:00+09:00,3195.0,3195.0,2905.0,3090.0,24317,0.0,0.0,0.0
2020-08-19 00:00:00+09:00,3090.0,3090.0,2930.0,2970.0,15877,0.0,0.0,0.0
2020-08-20 00:00:00+09:00,3185.0,3185.0,2800.0,2800.0,12350,0.0,0.0,0.0
2020-08-21 00:00:00+09:00,2950.0,2950.0,2460.0,2740.0,9752,0.0,0.0,0.0
2020-08-24 00:00:00+09:00,2640.0,2985.0,2600.0,2635.0,22065,0.0,0.0,0.0
2020-08-25 00:00:00+09:00,2700.0,2985.0,2465.0,2735.0,19330,0.0,0.0,0.0
2020-08-26 00:00:00+09:00,2735.0,2885.0,2555.0,2730.0,6904,0.0,0.0,0.0
2020-08-27 00:00:00+09:00,2800.0,3125.0,2415.0,2770.0,10018,0.0,0.0,0.0
2020-08-28 00:00:00+09:00,2800.0,3085.0,2560.0,2875.0,18100,0.0,0.0,0.0
2020-08-31 00:00:00+09:00,3190.0,3190.0,2900.0,3000.0,11573,0.0,0.0,0.0
2020-09-01 00:00:00+09:00,3190.0,3190.0,2945.0,3020.0,6567,0.0,0.0,0.0
2020-09-02 00:00:00+09:00,3080.0,3080.0,2950.0,3035.0,6861,0.0,0.0,0.0
2020-09-03 00:00:00+09:00,3420.0,3420.0,2910.0,3065.0,12234,0.0,0.0,0.0
2020-09-04 00:00:00+09:00,3100.0,3100.0,2875.0,2910.0,13569,0.0,0.0,0.0
2020-09-07 00:00:00+09:00,3180.0,3180.0,2815.0,2890.0,6985,0.0,0.0,0.0
2020-09-08 00:00:00+09:00,2990.0,2990.0,2800.0,2950.0,10626,0.0,0.0,0.0
2020-09-09 00:00:00+09:00,2985.0,2985.0,2700.0,2905.0,12501,0.0,0.0,0.0
2020-09-10 00:00:00+09:00,2950.0,3065.0,2750.0,2860.0,19633,0.0,0.0,0.0
2020-09-11 00:00:00+09:00,2800.0,2955.0,2700.0,2790.0,25169,0.0,0.0,0.0
2020-09-14 00:00:00+09:00,3030.0,3030.0,2730.0,2785.0,7121,0.0,0.0,0.0
2020-09-15 00:00:00+09:00,2785.0,2970.0,2750.0,2845.0,10338,0.0,0.0,0.0
2020-09-16 00:00:00+09:00,2845.0,2945.0,2740.0,2870.0,7772,0.0,0.0,0.0
2020-09-17 00:00:00+09:00,3000.0,3000.0,2760.0,2855.0,13203,0.0,0.0,0.0
2020-09-18 00:00:00+09:00,2930.0,2930.0,2840.0,2920.0,17046,0.0,0.0,0.0
2020-09-21 00:00:00+09:00,3150.0,3175.0,2825.0,2960.0,29491,0.0,0.0,0.0
2020-09-22 00:00:00+09:00,2950.0,2975.0,2850.0,2905.0,4209,0.0,0.0,0.0
2020-09-23 00:00:00+09:00,3025.0,3025.0,2840.0,2900.0,7513,0.0,0.0,0.0
2020-09-24 00:00:00+09:00,2990.0,2990.0,2800.0,2885.0,7735,0.0,0.0,0.0
2020-09-25 00:00:00+09:00,2600.0,3000.0,2600.0,2870.0,9648,0.0,0.0,0.0
2020-09-28 00:00:00+09:00,2870.0,2870.0,2770.0,2795.0,5844,0.0,0.0,0.0
2020-09-29 00:00:00+09:00,2965.0,2965.0,2700.0,2800.0,8820,0.0,0.0,0.0
2020-10-05 00:00:00+09:00,2955.0,2955.0,2735.0,2745.0,11026,0.0,0.0,0.0
2020-10-06 00:00:00+09:00,2895.0,2895.0,2655.0,2780.0,17513,0.0,0.0,0.0
2020-10-07 00:00:00+09:00,2710.0,2790.0,2605.0,2685.0,11304,0.0,0.0,0.0
2020-10-08 00:00:00+09:00,2685.0,2900.0,2610.0,2750.0,7710,0.0,0.0,0.0
2020-10-12 00:00:00+09:00,2750.0,2750.0,2500.0,2700.0,23328,0.0,0.0,0.0
2020-10-13 00:00:00+09:00,2700.0,2780.0,2520.0,2750.0,18649,0.0,0.0,0.0
2020-10-14 00:00:00+09:00,3130.0,3130.0,2600.0,2650.0,22100,0.0,0.0,0.0
2020-10-15 00:00:00+09:00,2650.0,2690.0,2550.0,2570.0,12864,0.0,0.0,0.0
2020-10-16 00:00:00+09:00,2645.0,2645.0,2450.0,2500.0,22882,0.0,0.0,0.0
2020-10-19 00:00:00+09:00,2510.0,2515.0,2465.0,2495.0,8622,0.0,0.0,0.0
2020-10-20 00:00:00+09:00,2755.0,2755.0,2125.0,2615.0,14171,0.0,0.0,0.0
2020-10-21 00:00:00+09:00,2550.0,2750.0,2490.0,2610.0,9848,0.0,0.0,0.0
2020-10-22 00:00:00+09:00,2735.0,2735.0,2470.0,2570.0,4440,0.0,0.0,0.0
2020-10-23 00:00:00+09:00,2770.0,2770.0,2440.0,2525.0,1768,0.0,0.0,0.0
2020-10-26 00:00:00+09:00,2400.0,2595.0,2400.0,2545.0,1261,0.0,0.0,0.0
2020-10-27 00:00:00+09:00,2550.0,2635.0,2410.0,2515.0,9923,0.0,0.0,0.0
2020-10-28 00:00:00+09:00,2515.0,2680.0,2450.0,2510.0,7982,0.0,0.0,0.0
2020-10-29 00:00:00+09:00,2585.0,2585.0,2360.0,2490.0,7735,0.0,0.0,0.0
2020-10-30 00:00:00+09:00,2490.0,2610.0,2350.0,2450.0,8402,0.0,0.0,0.0
2020-11-02 00:00:00+09:00,2305.0,2675.0,2305.0,2535.0,5143,0.0,0.0,0.0
2020-11-03 00:00:00+09:00,2590.0,2590.0,2350.0,2430.0,24561,0.0,0.0,0.0
2020-11-04 00:00:00+09:00,2450.0,2450.0,2110.0,2150.0,65640,0.0,0.0,0.0
2020-11-05 00:00:00+09:00,2150.0,2275.0,2010.0,2185.0,20570,0.0,0.0,0.0
2020-11-06 00:00:00+09:00,2200.0,2250.0,2035.0,2225.0,14872,0.0,0.0,0.0
2020-11-09 00:00:00+09:00,2275.0,2280.0,2115.0,2230.0,4964,0.0,0.0,0.0
2020-11-10 00:00:00+09:00,2115.0,2230.0,2100.0,2190.0,14874,0.0,0.0,0.0
2020-11-11 00:00:00+09:00,2160.0,2190.0,2100.0,2145.0,12880,0.0,0.0,0.0
2020-11-12 00:00:00+09:00,2100.0,2150.0,1960.0,2030.0,46371,0.0,0.0,0.0
2020-11-13 00:00:00+09:00,1910.0,2030.0,1885.0,1885.0,10998,0.0,0.0,0.0
2020-11-16 00:00:00+09:00,1995.0,1995.0,1900.0,1905.0,15229,0.0,0.0,0.0
2020-11-17 00:00:00+09:00,2090.0,2090.0,1960.0,2070.0,14300,0.0,0.0,0.0
2020-11-18 00:00:00+09:00,2065.0,2095.0,1965.0,2000.0,17158,0.0,0.0,0.0
2020-11-19 00:00:00+09:00,1900.0,2000.0,1900.0,1980.0,5827,0.0,0.0,0.0
2020-11-20 00:00:00+09:00,1980.0,2045.0,1960.0,2040.0,6711,0.0,0.0,0.0
2020-11-23 00:00:00+09:00,2040.0,2040.0,1950.0,2015.0,8577,0.0,0.0,0.0
2020-11-24 00:00:00+09:00,2015.0,2275.0,1975.0,2050.0,13523,0.0,0.0,0.0
2020-11-25 00:00:00+09:00,2280.0,2280.0,2020.0,2060.0,13042,0.0,0.0,0.0
2020-11-26 00:00:00+09:00,2010.0,2050.0,1955.0,2045.0,9919,0.0,0.0,0.0
2020-11-27 00:00:00+09:00,2075.0,2075.0,1950.0,1975.0,9506,0.0,0.0,0.0
2020-11-30 00:00:00+09:00,1990.0,2090.0,1955.0,2025.0,18606,0.0,0.0,0.0
2020-12-01 00:00:00+09:00,2025.0,2025.0,1905.0,2000.0,9642,0.0,0.0,0.0
2020-12-02 00:00:00+09:00,2000.0,2140.0,1985.0,2060.0,4960,0.0,0.0,0.0
2020-12-03 00:00:00+09:00,2085.0,2275.0,2005.0,2085.0,16570,0.0,0.0,0.0
2020-12-04 00:00:00+09:00,2050.0,2100.0,1965.0,2020.0,18047,0.0,0.0,0.0
2020-12-07 00:00:00+09:00,2045.0,2075.0,1935.0,2070.0,16678,0.0,0.0,0.0
2020-12-08 00:00:00+09:00,2065.0,2065.0,2000.0,2045.0,9623,0.0,0.0,0.0
2020-12-09 00:00:00+09:00,2065.0,2140.0,1955.0,2075.0,10630,0.0,0.0,0.0
2020-12-10 00:00:00+09:00,1940.0,2170.0,1940.0,2015.0,4056,0.0,0.0,0.0
2020-12-11 00:00:00+09:00,2050.0,2050.0,1950.0,2020.0,16952,0.0,0.0,0.0
2020-12-14 00:00:00+09:00,2020.0,2020.0,2020.0,2020.0,0,0.0,0.0,0.0
2020-12-15 00:00:00+09:00,2000.0,2020.0,1950.0,2010.0,11315,0.0,0.0,0.0
2020-12-16 00:00:00+09:00,2010.0,2065.0,1900.0,2050.0,38817,0.0,0.0,0.0
2020-12-17 00:00:00+09:00,2030.0,2125.0,1980.0,2000.0,23651,0.0,0.0,0.0
2020-12-18 00:00:00+09:00,2020.0,2100.0,1980.0,2095.0,16672,0.0,0.0,0.0
2020-12-21 00:00:00+09:00,2095.0,2195.0,2020.0,2175.0,22467,0.0,0.0,0.0
2020-12-22 00:00:00+09:00,2230.0,2500.0,2220.0,2500.0,36794,0.0,0.0,0.0
2020-12-23 00:00:00+09:00,2750.0,2875.0,2750.0,2875.0,38690,0.0,0.0,0.0
2020-12-24 00:00:00+09:00,3195.0,3305.0,2705.0,3015.0,63129,0.0,0.0,0.0
2020-12-28 00:00:00+09:00,3310.0,3465.0,2565.0,2980.0,46263,0.0,0.0,0.0
2020-12-29 00:00:00+09:00,3185.0,3185.0,2715.0,2990.0,8584,0.0,0.0,0.0
2020-12-30 00:00:00+09:00,3185.0,3185.0,2900.0,3000.0,7369,0.0,0.0,0.0
2021-01-04 00:00:00+09:00,3100.0,3100.0,2700.0,3000.0,15216,0.0,0.0,0.0
2021-01-05 00:00:00+09:00,3000.0,3000.0,2730.0,2795.0,14168,0.0,0.0,0.0
2021-01-06 00:00:00+09:00,2900.0,2900.0,2450.0,2585.0,40093,0.0,0.0,0.0
2021-01-07 00:00:00+09:00,2575.0,2580.0,2350.0,2360.0,23094,0.0,0.0,0.0
2021-01-08 00:00:00+09:00,2485.0,2680.0,2300.0,2550.0,20116,0.0,0.0,0.0
2021-01-11 00:00:00+09:00,2700.0,2895.0,2590.0,2725.0,19827,0.0,0.0,0.0
2021-01-12 00:00:00+09:00,2875.0,2875.0,2550.0,2570.0,7856,0.0,0.0,0.0
2021-01-13 00:00:00+09:00,2695.0,2695.0,2330.0,2365.0,29047,0.0,0.0,0.0
2021-01-14 00:00:00+09:00,2345.0,2540.0,2345.0,2430.0,13139,0.0,0.0,0.0
2021-01-15 00:00:00+09:00,2405.0,2690.0,2400.0,2685.0,20790,0.0,0.0,0.0
2021-01-18 00:00:00+09:00,2790.0,3075.0,2580.0,2855.0,20281,0.0,0.0,0.0
2021-01-19 00:00:00+09:00,2850.0,2985.0,2690.0,2890.0,8678,0.0,0.0,0.0
2021-01-20 00:00:00+09:00,2700.0,2975.0,2700.0,2835.0,12595,0.0,0.0,0.0
2021-01-21 00:00:00+09:00,2830.0,3100.0,2825.0,3010.0,22353,0.0,0.0,0.0
2021-01-22 00:00:00+09:00,3100.0,3265.0,2900.0,3200.0,57338,0.0,0.0,0.0
2021-01-25 00:00:00+09:00,3260.0,3500.0,3125.0,3300.0,54407,0.0,0.0,0.0
2021-01-26 00:00:00+09:00,3450.0,3450.0,3200.0,3285.0,35452,0.0,0.0,0.0
2021-01-27 00:00:00+09:00,3390.0,3580.0,3250.0,3340.0,41317,0.0,0.0,0.0
2021-01-28 00:00:00+09:00,3295.0,3295.0,3150.0,3230.0,14755,0.0,0.0,0.0
2021-01-29 00:00:00+09:00,3300.0,3300.0,3015.0,3140.0,36887,0.0,0.0,0.0
2021-02-01 00:00:00+09:00,2950.0,3280.0,2950.0,3135.0,27685,0.0,0.0,0.0
2021-02-02 00:00:00+09:00,3135.0,3280.0,2900.0,3070.0,52542,0.0,0.0,0.0
2021-02-03 00:00:00+09:00,3000.0,3090.0,2930.0,3025.0,5149,0.0,0.0,0.0
2021-02-04 00:00:00+09:00,2905.0,3020.0,2905.0,3000.0,9255,0.0,0.0,0.0
2021-02-05 00:00:00+09:00,3055.0,3060.0,2890.0,3010.0,11272,0.0,0.0,0.0
2021-02-08 00:00:00+09:00,3060.0,3190.0,2910.0,3025.0,35150,0.0,0.0,0.0
2021-02-09 00:00:00+09:00,3020.0,3035.0,2985.0,3030.0,8571,0.0,0.0,0.0
2021-02-10 00:00:00+09:00,3100.0,3100.0,2965.0,3025.0,5070,0.0,0.0,0.0
2021-02-15 00:00:00+09:00,3190.0,3190.0,2900.0,2985.0,15519,0.0,0.0,0.0
2021-02-16 00:00:00+09:00,3000.0,3000.0,2750.0,2785.0,23018,0.0,0.0,0.0
2021-02-17 00:00:00+09:00,2600.0,2850.0,2600.0,2800.0,23183,0.0,0.0,0.0
2021-02-18 00:00:00+09:00,2800.0,2905.0,2705.0,2780.0,10245,0.0,0.0,0.0
2021-02-19 00:00:00+09:00,2775.0,2775.0,2520.0,2680.0,18734,0.0,0.0,0.0
2021-02-22 00:00:00+09:00,2680.0,2680.0,2570.0,2640.0,6090,0.0,0.0,0.0
2021-02-23 00:00:00+09:00,2640.0,2705.0,2570.0,2600.0,19183,0.0,0.0,0.0
2021-02-24 00:00:00+09:00,2640.0,2990.0,2600.0,2845.0,21176,0.0,0.0,0.0
2021-02-25 00:00:00+09:00,3050.0,3050.0,2700.0,2875.0,10430,0.0,0.0,0.0
2021-02-26 00:00:00+09:00,2750.0,2800.0,2740.0,2800.0,2720,0.0,0.0,0.0
2021-03-02 00:00:00+09:00,3000.0,3000.0,2415.0,2615.0,16921,0.0,0.0,0.0
2021-03-03 00:00:00+09:00,2860.0,2860.0,2580.0,2600.0,14534,0.0,0.0,0.0
2021-03-04 00:00:00+09:00,2690.0,2770.0,2455.0,2695.0,4179,0.0,0.0,0.0
2021-03-05 00:00:00+09:00,2760.0,2760.0,2630.0,2685.0,1490,0.0,0.0,0.0
2021-03-08 00:00:00+09:00,2600.0,2790.0,2515.0,2715.0,449,0.0,0.0,0.0
2021-03-09 00:00:00+09:00,2800.0,2800.0,2475.0,2510.0,5043,0.0,0.0,0.0
2021-03-10 00:00:00+09:00,2725.0,2725.0,2410.0,2495.0,11347,0.0,0.0,0.0
2021-03-11 00:00:00+09:00,2220.0,2590.0,2220.0,2475.0,2354,0.0,0.0,0.0
2021-03-12 00:00:00+09:00,2695.0,2695.0,2250.0,2485.0,8772,0.0,0.0,0.0
2021-03-15 00:00:00+09:00,2795.0,2795.0,2400.0,2450.0,9981,0.0,0.0,0.0
2021-03-16 00:00:00+09:00,2500.0,2595.0,2420.0,2440.0,2759,0.0,0.0,0.0
2021-03-17 00:00:00+09:00,2700.0,2700.0,2250.0,2400.0,16336,0.0,0.0,0.0
2021-03-18 00:00:00+09:00,2400.0,2760.0,2400.0,2400.0,2152,0.0,0.0,0.0
2021-03-19 00:00:00+09:00,2400.0,2490.0,2250.0,2470.0,14374,0.0,0.0,0.0
2021-03-22 00:00:00+09:00,2500.0,2690.0,2335.0,2380.0,17440,0.0,0.0,0.0
2021-03-23 00:00:00+09:00,2380.0,2490.0,2255.0,2400.0,8337,0.0,0.0,0.0
2021-03-24 00:00:00+09:00,2585.0,2585.0,2300.0,2445.0,7255,0.0,0.0,0.0
2021-03-25 00:00:00+09:00,2730.0,2730.0,2300.0,2360.0,17131,0.0,0.0,0.0
2021-03-26 00:00:00+09:00,2480.0,2480.0,2315.0,2360.0,14449,0.0,0.0,0.0
2021-03-29 00:00:00+09:00,2360.0,2690.0,2360.0,2400.0,3111,0.0,0.0,0.0
2021-03-30 00:00:00+09:00,2750.0,2750.0,2410.0,2550.0,8759,0.0,0.0,0.0
2021-03-31 00:00:00+09:00,2600.0,2750.0,2440.0,2560.0,11570,0.0,0.0,0.0
2021-04-01 00:00:00+09:00,2560.0,2850.0,2500.0,2600.0,12315,0.0,0.0,0.0
2021-04-02 00:00:00+09:00,2745.0,2745.0,2505.0,2600.0,5273,0.0,0.0,0.0
2021-04-05 00:00:00+09:00,2650.0,2880.0,2570.0,2605.0,6229,0.0,0.0,0.0
2021-04-06 00:00:00+09:00,2605.0,2730.0,2530.0,2615.0,1803,0.0,0.0,0.0
2021-04-07 00:00:00+09:00,2615.0,2650.0,2505.0,2570.0,14724,0.0,0.0,0.0
2021-04-08 00:00:00+09:00,2600.0,2885.0,2410.0,2790.0,29457,0.0,0.0,0.0
2021-04-09 00:00:00+09:00,2850.0,2850.0,2700.0,2805.0,8522,0.0,0.0,0.0
2021-04-12 00:00:00+09:00,2810.0,2900.0,2600.0,2835.0,5825,0.0,0.0,0.0
2021-04-13 00:00:00+09:00,2995.0,2995.0,2725.0,2830.0,6697,0.0,0.0,0.0
2021-04-14 00:00:00+09:00,2940.0,2940.0,2600.0,2645.0,16591,0.0,0.0,0.0
2021-04-15 00:00:00+09:00,2645.0,2800.0,2540.0,2800.0,29876,0.0,0.0,0.0
2021-04-16 00:00:00+09:00,2750.0,2800.0,2615.0,2800.0,25731,0.0,0.0,0.0
2021-04-19 00:00:00+09:00,2750.0,2750.0,2635.0,2700.0,18327,0.0,0.0,0.0
2021-04-20 00:00:00+09:00,2600.0,2880.0,2560.0,2800.0,19729,0.0,0.0,0.0
2021-04-21 00:00:00+09:00,2655.0,2770.0,2585.0,2640.0,12930,0.0,0.0,0.0
2021-04-22 00:00:00+09:00,2540.0,2800.0,2540.0,2800.0,17677,0.0,0.0,0.0
2021-04-23 00:00:00+09:00,2885.0,2885.0,2655.0,2800.0,49748,0.0,0.0,0.0
2021-04-26 00:00:00+09:00,2700.0,2795.0,2675.0,2750.0,21504,0.0,0.0,0.0
2021-04-27 00:00:00+09:00,2750.0,2800.0,2670.0,2800.0,11894,0.0,0.0,0.0
2021-04-28 00:00:00+09:00,2700.0,2760.0,2680.0,2740.0,11875,0.0,0.0,0.0
2021-04-29 00:00:00+09:00,2700.0,2740.0,2655.0,2660.0,23776,0.0,0.0,0.0
2021-04-30 00:00:00+09:00,2510.0,2895.0,2510.0,2840.0,39103,0.0,0.0,0.0
2021-05-03 00:00:00+09:00,2840.0,3100.0,2840.0,2995.0,109045,0.0,0.0,0.0
2021-05-04 00:00:00+09:00,3000.0,3050.0,2850.0,3040.0,48430,0.0,0.0,0.0
2021-05-06 00:00:00+09:00,3045.0,3245.0,3040.0,3120.0,87776,0.0,0.0,0.0
2021-05-07 00:00:00+09:00,3145.0,3200.0,2935.0,3150.0,11860,0.0,0.0,0.0
2021-05-10 00:00:00+09:00,3200.0,3200.0,3000.0,3185.0,35217,0.0,0.0,0.0
2021-05-11 00:00:00+09:00,3200.0,3200.0,3055.0,3100.0,31635,0.0,0.0,0.0
2021-05-12 00:00:00+09:00,3090.0,3095.0,2635.0,3035.0,36655,0.0,0.0,0.0
2021-05-13 00:00:00+09:00,2995.0,2995.0,2580.0,2900.0,32065,0.0,0.0,0.0
2021-05-14 00:00:00+09:00,2700.0,3095.0,2700.0,3095.0,35488,0.0,0.0,0.0
2021-05-17 00:00:00+09:00,3100.0,3145.0,2920.0,3100.0,12363,0.0,0.0,0.0
2021-05-18 00:00:00+09:00,3100.0,3190.0,3000.0,3085.0,15555,0.0,0.0,0.0
2021-05-20 00:00:00+09:00,3085.0,3085.0,3000.0,3050.0,17150,0.0,0.0,0.0
2021-05-21 00:00:00+09:00,3100.0,3100.0,2760.0,2990.0,57339,0.0,0.0,0.0
2021-05-24 00:00:00+09:00,2850.0,3015.0,2680.0,2945.0,52211,0.0,0.0,0.0
2021-05-25 00:00:00+09:00,2940.0,2945.0,2760.0,2850.0,21515,0.0,0.0,0.0
2021-05-26 00:00:00+09:00,2800.0,2925.0,2800.0,2915.0,21284,0.0,0.0,0.0
2021-05-27 00:00:00+09:00,2900.0,3000.0,2805.0,2915.0,7345,0.0,0.0,0.0
2021-05-28 00:00:00+09:00,2820.0,3095.0,2820.0,2945.0,6882,0.0,0.0,0.0
2021-05-31 00:00:00+09:00,2940.0,2940.0,2855.0,2855.0,8547,0.0,0.0,0.0
2021-06-01 00:00:00+09:00,2800.0,2925.0,2800.0,2830.0,10163,0.0,0.0,0.0
2021-06-02 00:00:00+09:00,2800.0,2925.0,2770.0,2795.0,10167,0.0,0.0,0.0
2021-06-03 00:00:00+09:00,2785.0,2845.0,2755.0,2795.0,46150,0.0,0.0,0.0
2021-06-04 00:00:00+09:00,2800.0,2925.0,2795.0,2900.0,15349,0.0,0.0,0.0
2021-06-07 00:00:00+09:00,2900.0,2940.0,2830.0,2925.0,9817,0.0,0.0,0.0
2021-06-08 00:00:00+09:00,2925.0,2950.0,2815.0,2915.0,2975,0.0,0.0,0.0
2021-06-09 00:00:00+09:00,2810.0,2970.0,2810.0,2930.0,5487,0.0,0.0,0.0
2021-06-10 00:00:00+09:00,2855.0,2925.0,2700.0,2815.0,11189,0.0,0.0,0.0
2021-06-11 00:00:00+09:00,2875.0,2890.0,2790.0,2885.0,14512,0.0,0.0,0.0
2021-06-14 00:00:00+09:00,2920.0,2920.0,2800.0,2885.0,3812,0.0,0.0,0.0
2021-06-15 00:00:00+09:00,2700.0,2840.0,2650.0,2840.0,41720,0.0,0.0,0.0
2021-06-16 00:00:00+09:00,2845.0,2930.0,2715.0,2895.0,13495,0.0,0.0,0.0
2021-06-17 00:00:00+09:00,2990.0,2990.0,2850.0,2940.0,17139,0.0,0.0,0.0
2021-06-18 00:00:00+09:00,2995.0,2995.0,2910.0,2965.0,18646,0.0,0.0,0.0
2021-06-21 00:00:00+09:00,2965.0,2990.0,2900.0,2955.0,17054,0.0,0.0,0.0
2021-06-22 00:00:00+09:00,2955.0,2965.0,2875.0,2945.0,20836,0.0,0.0,0.0
2021-06-23 00:00:00+09:00,2940.0,2965.0,2875.0,2930.0,14839,0.0,0.0,0.0
2021-06-24 00:00:00+09:00,2960.0,2960.0,2840.0,2840.0,8125,0.0,0.0,0.0
2021-06-25 00:00:00+09:00,2895.0,2895.0,2755.0,2880.0,9390,0.0,0.0,0.0
2021-06-28 00:00:00+09:00,2725.0,2875.0,2725.0,2820.0,7438,0.0,0.0,0.0
2021-06-29 00:00:00+09:00,2880.0,2880.0,2700.0,2865.0,34840,0.0,0.0,0.0
2021-06-30 00:00:00+09:00,2875.0,2875.0,2795.0,2845.0,16398,0.0,0.0,0.0
2021-07-01 00:00:00+09:00,2845.0,2880.0,2800.0,2810.0,10826,0.0,0.0,0.0
2021-07-02 00:00:00+09:00,2870.0,2950.0,2850.0,2925.0,56962,0.0,0.0,0.0
2021-07-05 00:00:00+09:00,2925.0,3000.0,2900.0,2945.0,89586,0.0,0.0,0.0
2021-07-06 00:00:00+09:00,2945.0,2985.0,2915.0,2985.0,14974,0.0,0.0,0.0
2021-07-07 00:00:00+09:00,2995.0,3190.0,2955.0,2955.0,28433,0.0,0.0,0.0
2021-07-08 00:00:00+09:00,3180.0,3180.0,2940.0,2990.0,14534,0.0,0.0,0.0
2021-07-09 00:00:00+09:00,2995.0,3000.0,2850.0,2900.0,15851,0.0,0.0,0.0
2021-07-12 00:00:00+09:00,2990.0,2995.0,2860.0,2960.0,24388,0.0,0.0,0.0
2021-07-13 00:00:00+09:00,2955.0,3140.0,2880.0,3140.0,44587,0.0,0.0,0.0
2021-07-14 00:00:00+09:00,3395.0,3395.0,3010.0,3115.0,49483,0.0,0.0,0.0
2021-07-15 00:00:00+09:00,3055.0,3175.0,3035.0,3115.0,24099,0.0,0.0,0.0
2021-07-16 00:00:00+09:00,3115.0,3120.0,3015.0,3075.0,27900,0.0,0.0,0.0
2021-07-19 00:00:00+09:00,3090.0,3095.0,3005.0,3005.0,39712,0.0,0.0,0.0
2021-07-20 00:00:00+09:00,3025.0,3055.0,2960.0,3050.0,60392,0.0,0.0,0.0
2021-07-21 00:00:00+09:00,3185.0,3185.0,3010.0,3075.0,7625,0.0,0.0,0.0
2021-07-22 00:00:00+09:00,3080.0,3085.0,3045.0,3075.0,22266,0.0,0.0,0.0
2021-07-23 00:00:00+09:00,3200.0,3280.0,3070.0,3230.0,66470,0.0,0.0,0.0
2021-07-26 00:00:00+09:00,3285.0,3330.0,3200.0,3270.0,43132,0.0,0.0,0.0
2021-07-27 00:00:00+09:00,3170.0,3295.0,3170.0,3190.0,15216,0.0,0.0,0.0
2021-07-28 00:00:00+09:00,3245.0,3600.0,3190.0,3450.0,50202,0.0,0.0,0.0
2021-07-29 00:00:00+09:00,3440.0,3965.0,3410.0,3965.0,135561,0.0,0.0,0.0
2021-07-30 00:00:00+09:00,4290.0,4555.0,3900.0,4000.0,77301,0.0,0.0,0.0
2021-08-02 00:00:00+09:00,4000.0,4220.0,3810.0,3950.0,34693,0.0,0.0,0.0
2021-08-03 00:00:00+09:00,4100.0,4100.0,3810.0,3890.0,34059,0.0,0.0,0.0
2021-08-04 00:00:00+09:00,3995.0,3995.0,3505.0,3645.0,86568,0.0,0.0,0.0
2021-08-05 00:00:00+09:00,3800.0,3870.0,3610.0,3765.0,30188,0.0,0.0,0.0
2021-08-06 00:00:00+09:00,3875.0,4000.0,3715.0,3875.0,37006,0.0,0.0,0.0
2021-08-09 00:00:00+09:00,3805.0,3990.0,3610.0,3740.0,37536,0.0,0.0,0.0
2021-08-10 00:00:00+09:00,3750.0,3990.0,3640.0,3895.0,33524,0.0,0.0,0.0
2021-08-11 00:00:00+09:00,3895.0,4200.0,3820.0,3975.0,47267,0.0,0.0,0.0
2021-08-12 00:00:00+09:00,4095.0,4095.0,3950.0,4030.0,29467,0.0,0.0,0.0
2021-08-13 00:00:00+09:00,4180.0,4180.0,3905.0,3995.0,32816,0.0,0.0,0.0
2021-08-17 00:00:00+09:00,4010.0,4010.0,3900.0,3980.0,15064,0.0,0.0,0.0
2021-08-18 00:00:00+09:00,3980.0,3980.0,3910.0,3950.0,5940,0.0,0.0,0.0
2021-08-19 00:00:00+09:00,3900.0,3960.0,3850.0,3875.0,10031,0.0,0.0,0.0
2021-08-20 00:00:00+09:00,3875.0,3875.0,3630.0,3750.0,23276,0.0,0.0,0.0
2021-08-23 00:00:00+09:00,3980.0,3980.0,3540.0,3650.0,16992,0.0,0.0,0.0
2021-08-24 00:00:00+09:00,3770.0,3770.0,3650.0,3705.0,24628,0.0,0.0,0.0
2021-08-25 00:00:00+09:00,3750.0,3750.0,3695.0,3710.0,5020,0.0,0.0,0.0
2021-08-26 00:00:00+09:00,3810.0,3810.0,3650.0,3690.0,3578,0.0,0.0,0.0
2021-08-27 00:00:00+09:00,3750.0,3750.0,3315.0,3690.0,38744,0.0,0.0,0.0
2021-08-30 00:00:00+09:00,3950.0,3950.0,3350.0,3695.0,12089,0.0,0.0,0.0
2021-08-31 00:00:00+09:00,3850.0,3850.0,3515.0,3700.0,5019,0.0,0.0,0.0
2021-09-01 00:00:00+09:00,3835.0,3835.0,3605.0,3670.0,4486,0.0,0.0,0.0
2021-09-02 00:00:00+09:00,3630.0,3670.0,3600.0,3630.0,11914,0.0,0.0,0.0
2021-09-03 00:00:00+09:00,3520.0,3700.0,3500.0,3600.0,25026,0.0,0.0,0.0
2021-09-06 00:00:00+09:00,3500.0,3670.0,3455.0,3600.0,11232,0.0,0.0,0.0
2021-09-07 00:00:00+09:00,3595.0,3795.0,3520.0,3635.0,25187,0.0,0.0,0.0
2021-09-08 00:00:00+09:00,3600.0,3735.0,3600.0,3660.0,5252,0.0,0.0,0.0
2021-09-09 00:00:00+09:00,3760.0,3760.0,3535.0,3625.0,450,0.0,0.0,0.0
2021-09-10 00:00:00+09:00,3700.0,3700.0,3560.0,3640.0,14171,0.0,0.0,0.0
2021-09-13 00:00:00+09:00,3760.0,3760.0,3590.0,3600.0,6886,0.0,0.0,0.0
2021-09-14 00:00:00+09:00,3620.0,3630.0,3500.0,3530.0,7429,0.0,0.0,0.0
2021-09-15 00:00:00+09:00,3600.0,3600.0,3500.0,3580.0,7514,0.0,0.0,0.0
2021-09-16 00:00:00+09:00,3600.0,3600.0,3315.0,3515.0,21645,0.0,0.0,0.0
2021-09-17 00:00:00+09:00,3510.0,3540.0,3425.0,3500.0,5325,0.0,0.0,0.0
2021-09-23 00:00:00+09:00,3580.0,3580.0,3475.0,3570.0,20410,0.0,0.0,0.0
2021-09-24 00:00:00+09:00,3600.0,3600.0,3480.0,3540.0,13196,0.0,0.0,0.0
2021-09-27 00:00:00+09:00,3540.0,3540.0,3110.0,3385.0,29907,0.0,0.0,0.0
2021-09-28 00:00:00+09:00,3380.0,3495.0,3380.0,3400.0,9897,0.0,0.0,0.0
2021-09-29 00:00:00+09:00,3450.0,3500.0,3350.0,3495.0,39577,0.0,0.0,0.0
2021-09-30 00:00:00+09:00,3495.0,3650.0,3475.0,3575.0,45964,0.0,0.0,0.0
2021-10-01 00:00:00+09:00,3650.0,3650.0,3310.0,3570.0,18974,0.0,0.0,0.0
2021-10-05 00:00:00+09:00,3600.0,3640.0,3165.0,3390.0,50272,0.0,0.0,0.0
2021-10-06 00:00:00+09:00,3305.0,3595.0,3160.0,3160.0,10221,0.0,0.0,0.0
2021-10-07 00:00:00+09:00,3345.0,3495.0,3175.0,3290.0,9352,0.0,0.0,0.0
2021-10-08 00:00:00+09:00,3310.0,3480.0,3150.0,3220.0,11338,0.0,0.0,0.0
2021-10-12 00:00:00+09:00,3060.0,3305.0,3060.0,3225.0,6207,0.0,0.0,0.0
2021-10-13 00:00:00+09:00,3300.0,3330.0,3230.0,3285.0,6357,0.0,0.0,0.0
2021-10-14 00:00:00+09:00,3320.0,3490.0,3235.0,3385.0,2114,0.0,0.0,0.0
2021-10-15 00:00:00+09:00,3240.0,3480.0,3200.0,3415.0,14934,0.0,0.0,0.0
2021-10-18 00:00:00+09:00,3400.0,3485.0,3240.0,3315.0,7362,0.0,0.0,0.0
2021-10-19 00:00:00+09:00,3300.0,3300.0,3220.0,3280.0,5265,0.0,0.0,0.0
2021-10-20 00:00:00+09:00,3280.0,3280.0,3240.0,3275.0,5412,0.0,0.0,0.0
2021-10-21 00:00:00+09:00,3250.0,3480.0,3200.0,3275.0,4250,0.0,0.0,0.0
2021-10-22 00:00:00+09:00,3280.0,3280.0,3100.0,3175.0,16474,0.0,0.0,0.0
2021-10-25 00:00:00+09:00,3060.0,3195.0,2900.0,3100.0,19989,0.0,0.0,0.0
2021-10-26 00:00:00+09:00,3100.0,3100.0,3005.0,3065.0,4094,0.0,0.0,0.0
2021-10-27 00:00:00+09:00,3240.0,3240.0,2920.0,3000.0,6846,0.0,0.0,0.0
2021-10-28 00:00:00+09:00,3195.0,3195.0,2855.0,3000.0,2133,0.0,0.0,0.0
2021-10-29 00:00:00+09:00,3000.0,3000.0,2950.0,2995.0,6008,0.0,0.0,0.0
2021-11-01 00:00:00+09:00,2855.0,3250.0,2850.0,2930.0,11798,0.0,0.0,0.0
2021-11-02 00:00:00+09:00,3000.0,3000.0,2800.0,2840.0,11957,0.0,0.0,0.0
2021-11-03 00:00:00+09:00,3000.0,3000.0,2800.0,2875.0,21622,0.0,0.0,0.0
2021-11-04 00:00:00+09:00,2850.0,3000.0,2565.0,2930.0,23776,0.0,0.0,0.0
2021-11-05 00:00:00+09:00,3130.0,3130.0,2825.0,2935.0,8489,0.0,0.0,0.0
2021-11-08 00:00:00+09:00,3050.0,3050.0,2865.0,2935.0,6140,0.0,0.0,0.0
2021-11-09 00:00:00+09:00,2950.0,2950.0,2810.0,2935.0,22247,0.0,0.0,0.0
2021-11-10 00:00:00+09:00,2950.0,2995.0,2900.0,2975.0,14401,0.0,0.0,0.0
2021-11-11 00:00:00+09:00,2920.0,3000.0,2910.0,2970.0,1035,0.0,0.0,0.0
2021-11-12 00:00:00+09:00,2950.0,3300.0,2900.0,2990.0,3581,0.0,0.0,0.0
2021-11-15 00:00:00+09:00,2990.0,3280.0,2800.0,2910.0,10906,0.0,0.0,0.0
2021-11-16 00:00:00+09:00,2850.0,3060.0,2815.0,2935.0,7618,0.0,0.0,0.0
2021-11-17 00:00:00+09:00,3000.0,3095.0,2815.0,2945.0,8948,0.0,0.0,0.0
2021-11-18 00:00:00+09:00,2930.0,2980.0,2770.0,2900.0,7517,0.0,0.0,0.0
2021-11-19 00:00:00+09:00,2805.0,2945.0,2515.0,2625.0,18763,0.0,0.0,0.0
2021-11-22 00:00:00+09:00,2560.0,2780.0,2560.0,2760.0,7656,0.0,0.0,0.0
2021-11-23 00:00:00+09:00,2870.0,2870.0,2520.0,2645.0,8338,0.0,0.0,0.0
2021-11-24 00:00:00+09:00,2550.0,2900.0,2550.0,2605.0,6718,0.0,0.0,0.0
2021-11-25 00:00:00+09:00,2605.0,2700.0,2495.0,2500.0,18979,0.0,0.0,0.0
2021-11-26 00:00:00+09:00,2500.0,2580.0,2350.0,2390.0,5859,0.0,0.0,0.0
2021-11-29 00:00:00+09:00,2380.0,2595.0,2215.0,2335.0,20798,0.0,0.0,0.0
2021-11-30 00:00:00+09:00,2300.0,2350.0,2215.0,2250.0,17317,0.0,0.0,0.0
2021-12-01 00:00:00+09:00,2220.0,2295.0,2000.0,2180.0,28581,0.0,0.0,0.0
2021-12-02 00:00:00+09:00,2500.0,2500.0,2055.0,2090.0,24868,0.0,0.0,0.0
2021-12-03 00:00:00+09:00,2130.0,2230.0,2000.0,2040.0,56750,0.0,0.0,0.0
2021-12-06 00:00:00+09:00,2340.0,2340.0,2000.0,2050.0,2276,0.0,0.0,0.0
2021-12-07 00:00:00+09:00,2185.0,2185.0,2060.0,2150.0,6548,0.0,0.0,0.0
2021-12-08 00:00:00+09:00,2060.0,2380.0,2060.0,2300.0,6087,0.0,0.0,0.0
2021-12-09 00:00:00+09:00,2370.0,2480.0,2055.0,2425.0,12347,0.0,0.0,0.0
2021-12-10 00:00:00+09:00,2590.0,2590.0,2270.0,2410.0,8403,0.0,0.0,0.0
2021-12-13 00:00:00+09:00,2400.0,2600.0,2305.0,2500.0,2095,0.0,0.0,0.0
2021-12-14 00:00:00+09:00,2865.0,2865.0,2365.0,2655.0,3661,0.0,0.0,0.0
2021-12-15 00:00:00+09:00,2520.0,2990.0,2520.0,2940.0,11002,0.0,0.0,0.0
2021-12-16 00:00:00+09:00,2850.0,2990.0,2630.0,2700.0,7902,0.0,0.0,0.0
2021-12-17 00:00:00+09:00,2795.0,2795.0,2450.0,2585.0,5280,0.0,0.0,0.0
2021-12-20 00:00:00+09:00,2400.0,2830.0,2360.0,2780.0,2384,0.0,0.0,0.0
2021-12-21 00:00:00+09:00,2700.0,2700.0,2575.0,2685.0,2133,0.0,0.0,0.0
2021-12-22 00:00:00+09:00,2780.0,2780.0,2600.0,2620.0,1326,0.0,0.0,0.0
2021-12-23 00:00:00+09:00,2700.0,2900.0,2510.0,2895.0,5553,0.0,0.0,0.0
2021-12-24 00:00:00+09:00,3090.0,3090.0,2540.0,2695.0,3222,0.0,0.0,0.0
2021-12-27 00:00:00+09:00,2795.0,2795.0,2515.0,2640.0,3434,0.0,0.0,0.0
2021-12-28 00:00:00+09:00,2620.0,2630.0,2420.0,2600.0,4012,0.0,0.0,0.0
2021-12-29 00:00:00+09:00,2550.0,2695.0,2455.0,2605.0,1696,0.0,0.0,0.0
2021-12-30 00:00:00+09:00,2750.0,2750.0,2660.0,2680.0,760,0.0,0.0,0.0
2022-01-04 00:00:00+09:00,2695.0,2695.0,2575.0,2585.0,5261,0.0,0.0,0.0
2022-01-05 00:00:00+09:00,2580.0,2665.0,2550.0,2635.0,6111,0.0,0.0,0.0
2022-01-06 00:00:00+09:00,2635.0,2725.0,2580.0,2650.0,4398,0.0,0.0,0.0
2022-01-07 00:00:00+09:00,2645.0,2750.0,2565.0,2645.0,13994,0.0,0.0,0.0
2022-01-10 00:00:00+09:00,2650.0,2785.0,2450.0,2450.0,10741,0.0,0.0,0.0
2022-01-11 00:00:00+09:00,2520.0,2545.0,2360.0,2400.0,7798,0.0,0.0,0.0
2022-01-12 00:00:00+09:00,2480.0,2480.0,2310.0,2340.0,5596,0.0,0.0,0.0
2022-01-13 00:00:00+09:00,2595.0,2595.0,2050.0,2345.0,20549,0.0,0.0,0.0
2022-01-14 00:00:00+09:00,2490.0,2490.0,2310.0,2410.0,4152,0.0,0.0,0.0
2022-01-17 00:00:00+09:00,2700.0,2700.0,2355.0,2390.0,11951,0.0,0.0,0.0
2022-01-18 00:00:00+09:00,2595.0,2595.0,2310.0,2330.0,10952,0.0,0.0,0.0
2022-01-19 00:00:00+09:00,2215.0,2575.0,2215.0,2350.0,19507,0.0,0.0,0.0
2022-01-20 00:00:00+09:00,2695.0,2695.0,2285.0,2345.0,2807,0.0,0.0,0.0
2022-01-21 00:00:00+09:00,2350.0,2380.0,2270.0,2285.0,6293,0.0,0.0,0.0
2022-01-24 00:00:00+09:00,2620.0,2620.0,2105.0,2170.0,35826,0.0,0.0,0.0
2022-01-25 00:00:00+09:00,2300.0,2300.0,1850.0,1850.0,111127,0.0,0.0,0.0
2022-01-26 00:00:00+09:00,1850.0,1850.0,1850.0,1850.0,0,0.0,0.0,0.0
2022-01-27 00:00:00+09:00,2410.0,2410.0,1920.0,2225.0,4451,0.0,0.0,0.0
2022-01-28 00:00:00+09:00,2200.0,2420.0,1985.0,2250.0,2523,0.0,0.0,0.0
2022-02-03 00:00:00+09:00,2535.0,2535.0,2000.0,2215.0,2294,0.0,0.0,0.0
2022-02-04 00:00:00+09:00,2435.0,2435.0,2035.0,2200.0,1003,0.0,0.0,0.0
2022-02-07 00:00:00+09:00,2500.0,2500.0,2045.0,2130.0,2208,0.0,0.0,0.0
2022-02-08 00:00:00+09:00,2130.0,2130.0,2130.0,2130.0,0,0.0,0.0,0.0
2022-02-09 00:00:00+09:00,2490.0,2490.0,2050.0,2170.0,5424,0.0,0.0,0.0
2022-02-10 00:00:00+09:00,2160.0,2160.0,1955.0,2010.0,17888,0.0,0.0,0.0
2022-02-11 00:00:00+09:00,2150.0,2250.0,1980.0,2230.0,14328,0.0,0.0,0.0
2022-02-14 00:00:00+09:00,2200.0,2200.0,2005.0,2050.0,370,0.0,0.0,0.0
2022-02-15 00:00:00+09:00,1985.0,2250.0,1915.0,1995.0,3116,0.0,0.0,0.0
2022-02-16 00:00:00+09:00,2090.0,2100.0,1910.0,2075.0,968,0.0,0.0,0.0
2022-02-17 00:00:00+09:00,2050.0,2250.0,1965.0,2015.0,939,0.0,0.0,0.0
2022-02-18 00:00:00+09:00,2290.0,2290.0,1860.0,1950.0,5662,0.0,0.0,0.0
2022-02-21 00:00:00+09:00,2225.0,2225.0,1855.0,1900.0,7472,0.0,0.0,0.0
2022-02-22 00:00:00+09:00,1900.0,1900.0,1900.0,1900.0,0,0.0,0.0,0.0
2022-02-23 00:00:00+09:00,2115.0,2115.0,1700.0,1990.0,20106,0.0,0.0,0.0
2022-02-24 00:00:00+09:00,1900.0,2000.0,1715.0,1780.0,28617,0.0,0.0,0.0
2022-02-25 00:00:00+09:00,1940.0,1940.0,1700.0,1845.0,1491,0.0,0.0,0.0
2022-02-28 00:00:00+09:00,1845.0,1845.0,1845.0,1845.0,0,0.0,0.0,0.0
2022-03-02 00:00:00+09:00,2080.0,2080.0,1740.0,1885.0,9594,0.0,0.0,0.0
2022-03-03 00:00:00+09:00,1880.0,2145.0,1735.0,1760.0,10764,0.0,0.0,0.0
2022-03-04 00:00:00+09:00,1760.0,1760.0,1760.0,1760.0,0,0.0,0.0,0.0
2022-03-07 00:00:00+09:00,2055.0,2055.0,1635.0,1675.0,23902,0.0,0.0,0.0
2022-03-08 00:00:00+09:00,1670.0,1830.0,1545.0,1630.0,8271,0.0,0.0,0.0
2022-03-10 00:00:00+09:00,1630.0,1630.0,1630.0,1630.0,0,0.0,0.0,0.0
2022-03-11 00:00:00+09:00,2130.0,2130.0,1625.0,1800.0,871,0.0,0.0,0.0
2022-03-14 00:00:00+09:00,2040.0,2040.0,1800.0,1830.0,921,0.0,0.0,0.0
2022-03-15 00:00:00+09:00,1830.0,1830.0,1830.0,1830.0,0,0.0,0.0,0.0
2022-03-16 00:00:00+09:00,1830.0,1830.0,1830.0,1830.0,0,0.0,0.0,0.0
2022-03-17 00:00:00+09:00,1830.0,1830.0,1830.0,1830.0,0,0.0,0.0,0.0
2022-03-18 00:00:00+09:00,1890.0,1890.0,1625.0,1845.0,3290,0.0,0.0,0.0
2022-03-21 00:00:00+09:00,1845.0,1845.0,1845.0,1845.0,0,0.0,0.0,0.0
2022-03-22 00:00:00+09:00,1940.0,1940.0,1715.0,1740.0,3233,0.0,0.0,0.0
2022-03-23 00:00:00+09:00,1910.0,1910.0,1650.0,1655.0,8438,0.0,0.0,0.0
2022-03-24 00:00:00+09:00,1790.0,1790.0,1605.0,1730.0,3684,0.0,0.0,0.0
2022-03-25 00:00:00+09:00,1615.0,1870.0,1590.0,1650.0,16436,0.0,0.0,0.0
2022-03-28 00:00:00+09:00,1655.0,1720.0,1640.0,1650.0,12206,0.0,0.0,0.0
2022-03-29 00:00:00+09:00,1865.0,1895.0,1610.0,1895.0,17503,0.0,0.0,0.0
2022-03-30 00:00:00+09:00,1990.0,2175.0,1895.0,2175.0,33780,0.0,0.0,0.0
2022-03-31 00:00:00+09:00,2500.0,2500.0,2500.0,2500.0,12286,0.0,0.0,0.0
2022-04-01 00:00:00+09:00,2875.0,2875.0,2860.0,2875.0,74508,0.0,0.0,0.0
2022-04-04 00:00:00+09:00,2875.0,3100.0,2700.0,2985.0,75894,0.0,0.0,0.0
2022-04-05 00:00:00+09:00,3065.0,3065.0,2610.0,2840.0,38611,0.0,0.0,0.0
2022-04-06 00:00:00+09:00,2950.0,2950.0,2515.0,2820.0,20513,0.0,0.0,0.0
2022-04-07 00:00:00+09:00,2900.0,2900.0,2600.0,2790.0,23985,0.0,0.0,0.0
2022-04-08 00:00:00+09:00,2790.0,2895.0,2655.0,2800.0,6405,0.0,0.0,0.0
2022-04-11 00:00:00+09:00,2950.0,2950.0,2515.0,2730.0,7934,0.0,0.0,0.0
2022-04-12 00:00:00+09:00,2905.0,2905.0,2530.0,2640.0,6319,0.0,0.0,0.0
2022-04-13 00:00:00+09:00,2950.0,2950.0,2420.0,2480.0,11065,0.0,0.0,0.0
2022-04-14 00:00:00+09:00,2425.0,2595.0,2400.0,2485.0,4666,0.0,0.0,0.0
2022-04-15 00:00:00+09:00,2600.0,2700.0,2300.0,2575.0,8402,0.0,0.0,0.0
2022-04-18 00:00:00+09:00,2690.0,2690.0,2440.0,2500.0,3270,0.0,0.0,0.0
2022-04-19 00:00:00+09:00,2700.0,2700.0,2370.0,2370.0,15489,0.0,0.0,0.0
2022-04-20 00:00:00+09:00,2550.0,2550.0,2295.0,2345.0,5099,0.0,0.0,0.0
2022-04-21 00:00:00+09:00,2685.0,2685.0,2230.0,2340.0,20668,0.0,0.0,0.0
2022-04-22 00:00:00+09:00,2490.0,2580.0,2210.0,2445.0,12110,0.0,0.0,0.0
2022-04-25 00:00:00+09:00,2500.0,2600.0,2300.0,2585.0,3767,0.0,0.0,0.0
2022-04-26 00:00:00+09:00,2550.0,2600.0,2450.0,2600.0,6190,0.0,0.0,0.0
2022-04-27 00:00:00+09:00,2315.0,2670.0,2315.0,2645.0,4469,0.0,0.0,0.0
2022-04-28 00:00:00+09:00,2695.0,2695.0,2550.0,2655.0,42,0.0,0.0,0.0
2022-04-29 00:00:00+09:00,2695.0,2795.0,2520.0,2775.0,3314,0.0,0.0,0.0
2022-05-02 00:00:00+09:00,2800.0,2810.0,2720.0,2800.0,2503,0.0,0.0,0.0
2022-05-03 00:00:00+09:00,2955.0,2955.0,2740.0,2920.0,21381,0.0,0.0,0.0
2022-05-04 00:00:00+09:00,2995.0,3090.0,2900.0,2920.0,656,0.0,0.0,0.0
2022-05-06 00:00:00+09:00,2985.0,2985.0,2740.0,2790.0,4791,0.0,0.0,0.0
2022-05-10 00:00:00+09:00,2900.0,2900.0,2515.0,2650.0,7976,0.0,0.0,0.0
2022-05-11 00:00:00+09:00,2950.0,2950.0,2460.0,2690.0,1416,0.0,0.0,0.0
2022-05-12 00:00:00+09:00,2925.0,2925.0,2680.0,2680.0,111,0.0,0.0,0.0
2022-05-13 00:00:00+09:00,2925.0,2925.0,2310.0,2550.0,1151,0.0,0.0,0.0
2022-05-16 00:00:00+09:00,2860.0,2860.0,2300.0,2600.0,4283,0.0,0.0,0.0
2022-05-17 00:00:00+09:00,2930.0,2930.0,2470.0,2600.0,614,0.0,0.0,0.0
2022-05-18 00:00:00+09:00,2915.0,2915.0,2500.0,2500.0,1791,0.0,0.0,0.0
2022-05-19 00:00:00+09:00,2780.0,2780.0,2260.0,2355.0,2127,0.0,0.0,0.0
2022-05-20 00:00:00+09:00,2700.0,2700.0,2050.0,2290.0,10453,0.0,0.0,0.0
2022-05-23 00:00:00+09:00,2490.0,2500.0,2045.0,2400.0,2949,0.0,0.0,0.0
2022-05-24 00:00:00+09:00,2755.0,2755.0,2195.0,2590.0,9833,0.0,0.0,0.0
2022-05-25 00:00:00+09:00,2580.0,2580.0,2270.0,2350.0,3793,0.0,0.0,0.0
2022-05-26 00:00:00+09:00,2495.0,2495.0,2260.0,2350.0,1174,0.0,0.0,0.0
2022-05-27 00:00:00+09:00,2685.0,2700.0,2100.0,2695.0,25919,0.0,0.0,0.0
2022-05-30 00:00:00+09:00,3000.0,3090.0,2465.0,2790.0,1575,0.0,0.0,0.0
2022-05-31 00:00:00+09:00,2800.0,2995.0,2700.0,2835.0,2461,0.0,0.0,0.0
2022-06-02 00:00:00+09:00,2990.0,2995.0,2750.0,2880.0,1591,0.0,0.0,0.0
2022-06-03 00:00:00+09:00,2905.0,2905.0,2580.0,2840.0,2203,0.0,0.0,0.0
2022-06-07 00:00:00+09:00,3040.0,3260.0,2720.0,2875.0,14173,0.0,0.0,0.0
2022-06-08 00:00:00+09:00,2805.0,3030.0,2725.0,2860.0,4862,0.0,0.0,0.0
2022-06-09 00:00:00+09:00,2725.0,2950.0,2725.0,2800.0,665,0.0,0.0,0.0
2022-06-10 00:00:00+09:00,2950.0,2950.0,2770.0,2840.0,3585,0.0,0.0,0.0
2022-06-13 00:00:00+09:00,2975.0,2975.0,2600.0,2780.0,9256,0.0,0.0,0.0
2022-06-14 00:00:00+09:00,2795.0,2795.0,2400.0,2775.0,5860,0.0,0.0,0.0
2022-06-15 00:00:00+09:00,2865.0,2865.0,2570.0,2770.0,1381,0.0,0.0,0.0
2022-06-16 00:00:00+09:00,2980.0,2980.0,2450.0,2750.0,2072,0.0,0.0,0.0
2022-06-17 00:00:00+09:00,2870.0,2870.0,2405.0,2700.0,7689,0.0,0.0,0.0
2022-06-20 00:00:00+09:00,2975.0,2975.0,2295.0,2295.0,12120,0.0,0.0,0.0
2022-06-21 00:00:00+09:00,2425.0,2425.0,2100.0,2380.0,1901,0.0,0.0,0.0
2022-06-22 00:00:00+09:00,2380.0,2380.0,2065.0,2200.0,5933,0.0,0.0,0.0
2022-06-23 00:00:00+09:00,2195.0,2195.0,1915.0,1935.0,13909,0.0,0.0,0.0
2022-06-24 00:00:00+09:00,2200.0,2200.0,1745.0,1975.0,13659,0.0,0.0,0.0
2022-06-27 00:00:00+09:00,2140.0,2140.0,1750.0,1925.0,13444,0.0,0.0,0.0
2022-06-28 00:00:00+09:00,2095.0,2210.0,1800.0,2095.0,11981,0.0,0.0,0.0
2022-06-29 00:00:00+09:00,2390.0,2390.0,1900.0,2300.0,2787,0.0,0.0,0.0
2022-06-30 00:00:00+09:00,2450.0,2450.0,2000.0,2070.0,6377,0.0,0.0,0.0
2022-07-01 00:00:00+09:00,2185.0,2185.0,1950.0,2060.0,105,0.0,0.0,0.0
2022-07-04 00:00:00+09:00,1910.0,2215.0,1910.0,1920.0,1613,0.0,0.0,0.0
2022-07-05 00:00:00+09:00,1900.0,2095.0,1865.0,2000.0,3029,0.0,0.0,0.0
2022-07-06 00:00:00+09:00,2000.0,2130.0,1860.0,1900.0,7037,0.0,0.0,0.0
2022-07-07 00:00:00+09:00,2175.0,2175.0,1810.0,1900.0,3992,0.0,0.0,0.0
2022-07-08 00:00:00+09:00,1900.0,2130.0,1900.0,2110.0,3645,0.0,0.0,0.0
2022-07-11 00:00:00+09:00,2040.0,2400.0,1950.0,1965.0,5599,0.0,0.0,0.0
2022-07-12 00:00:00+09:00,2245.0,2245.0,1900.0,1995.0,10893,0.0,0.0,0.0
2022-07-13 00:00:00+09:00,2045.0,2050.0,1900.0,1950.0,10270,0.0,0.0,0.0
2022-07-14 00:00:00+09:00,1810.0,2220.0,1790.0,1800.0,27876,0.0,0.0,0.0
2022-07-15 00:00:00+09:00,1785.0,1985.0,1725.0,1885.0,5503,0.0,0.0,0.0
2022-07-18 00:00:00+09:00,1870.0,2100.0,1840.0,1850.0,12182,0.0,0.0,0.0
2022-07-19 00:00:00+09:00,1750.0,2100.0,1750.0,1895.0,4531,0.0,0.0,0.0
2022-07-20 00:00:00+09:00,1900.0,2150.0,1780.0,1925.0,8306,0.0,0.0,0.0
2022-07-21 00:00:00+09:00,1995.0,2000.0,1860.0,1940.0,12719,0.0,0.0,0.0
2022-07-22 00:00:00+09:00,1935.0,1935.0,1760.0,1790.0,31612,0.0,0.0,0.0
2022-07-25 00:00:00+09:00,1725.0,1975.0,1705.0,1775.0,19438,0.0,0.0,0.0
2022-07-26 00:00:00+09:00,1740.0,2025.0,1730.0,1775.0,10867,0.0,0.0,0.0
2022-07-27 00:00:00+09:00,1830.0,1830.0,1690.0,1775.0,16806,0.0,0.0,0.0
2022-07-28 00:00:00+09:00,1895.0,1895.0,1725.0,1745.0,9404,0.0,0.0,0.0
2022-07-29 00:00:00+09:00,1855.0,1855.0,1700.0,1780.0,3095,0.0,0.0,0.0
2022-08-01 00:00:00+09:00,1780.0,1880.0,1740.0,1835.0,4675,0.0,0.0,0.0
2022-08-02 00:00:00+09:00,1715.0,1840.0,1715.0,1760.0,1212,0.0,0.0,0.0
2022-08-03 00:00:00+09:00,1825.0,1825.0,1665.0,1710.0,9414,0.0,0.0,0.0
2022-08-04 00:00:00+09:00,1690.0,1840.0,1680.0,1775.0,1847,0.0,0.0,0.0
2022-08-05 00:00:00+09:00,1720.0,1830.0,1710.0,1780.0,1822,0.0,0.0,0.0
2022-08-08 00:00:00+09:00,1715.0,1815.0,1700.0,1725.0,6064,0.0,0.0,0.0
2022-08-09 00:00:00+09:00,1785.0,1785.0,1700.0,1755.0,3235,0.0,0.0,0.0
2022-08-10 00:00:00+09:00,1865.0,1865.0,1585.0,1600.0,15503,0.0,0.0,0.0
2022-08-11 00:00:00+09:00,1750.0,1750.0,1530.0,1540.0,18725,0.0,0.0,0.0
2022-08-12 00:00:00+09:00,1500.0,1695.0,1390.0,1515.0,5803,0.0,0.0,0.0
2022-08-16 00:00:00+09:00,1500.0,1715.0,1500.0,1635.0,10830,0.0,0.0,0.0
2022-08-17 00:00:00+09:00,1600.0,1700.0,1555.0,1700.0,6683,0.0,0.0,0.0
2022-08-18 00:00:00+09:00,1700.0,1705.0,1615.0,1650.0,3387,0.0,0.0,0.0
2022-08-19 00:00:00+09:00,1695.0,1890.0,1610.0,1695.0,3381,0.0,0.0,0.0
2022-08-22 00:00:00+09:00,1795.0,1795.0,1580.0,1680.0,2310,0.0,0.0,0.0
2022-08-23 00:00:00+09:00,1650.0,1685.0,1490.0,1580.0,32365,0.0,0.0,0.0
2022-08-24 00:00:00+09:00,1550.0,1670.0,1490.0,1620.0,12122,0.0,0.0,0.0
2022-08-25 00:00:00+09:00,1700.0,1825.0,1505.0,1650.0,4944,0.0,0.0,0.0
2022-08-26 00:00:00+09:00,1700.0,1875.0,1505.0,1640.0,7824,0.0,0.0,0.0
2022-08-29 00:00:00+09:00,1520.0,1625.0,1500.0,1505.0,12044,0.0,0.0,0.0
2022-08-30 00:00:00+09:00,1505.0,1530.0,1455.0,1500.0,8235,0.0,0.0,0.0
2022-08-31 00:00:00+09:00,1420.0,1695.0,1350.0,1385.0,24359,0.0,0.0,0.0
2022-09-01 00:00:00+09:00,1290.0,1425.0,1290.0,1395.0,5888,0.0,0.0,0.0
2022-09-02 00:00:00+09:00,1325.0,1585.0,1325.0,1450.0,2290,0.0,0.0,0.0
2022-09-05 00:00:00+09:00,1450.0,1665.0,1445.0,1450.0,6071,0.0,0.0,0.0
2022-09-06 00:00:00+09:00,1500.0,1655.0,1450.0,1600.0,21838,0.0,0.0,0.0
2022-09-07 00:00:00+09:00,1835.0,1835.0,1465.0,1500.0,9015,0.0,0.0,0.0
2022-09-08 00:00:00+09:00,1690.0,1690.0,1460.0,1515.0,8844,0.0,0.0,0.0
2022-09-13 00:00:00+09:00,1405.0,1695.0,1405.0,1590.0,6433,0.0,0.0,0.0
2022-09-14 00:00:00+09:00,1555.0,1780.0,1555.0,1635.0,12540,0.0,0.0,0.0
2022-09-15 00:00:00+09:00,1600.0,1735.0,1520.0,1595.0,6162,0.0,0.0,0.0
2022-09-16 00:00:00+09:00,1455.0,1815.0,1455.0,1560.0,3118,0.0,0.0,0.0
2022-09-19 00:00:00+09:00,1780.0,1780.0,1540.0,1550.0,4162,0.0,0.0,0.0
2022-09-20 00:00:00+09:00,1650.0,1650.0,1415.0,1520.0,6831,0.0,0.0,0.0
2022-09-21 00:00:00+09:00,1575.0,1575.0,1390.0,1405.0,8342,0.0,0.0,0.0
2022-09-22 00:00:00+09:00,1305.0,1490.0,1265.0,1475.0,10381,0.0,0.0,0.0
2022-09-23 00:00:00+09:00,1380.0,1445.0,1300.0,1440.0,17167,0.0,0.0,0.0
2022-09-26 00:00:00+09:00,1300.0,1595.0,1300.0,1475.0,7789,0.0,0.0,0.0
2022-09-27 00:00:00+09:00,1400.0,1660.0,1315.0,1615.0,13472,0.0,0.0,0.0
2022-09-28 00:00:00+09:00,1795.0,1795.0,1405.0,1515.0,1462,0.0,0.0,0.0
2022-09-29 00:00:00+09:00,1695.0,1695.0,1405.0,1520.0,7551,0.0,0.0,0.0
2022-09-30 00:00:00+09:00,1745.0,1745.0,1405.0,1500.0,1782,0.0,0.0,0.0
2022-10-04 00:00:00+09:00,1555.0,1685.0,1425.0,1570.0,9077,0.0,0.0,0.0
2022-10-05 00:00:00+09:00,1450.0,1655.0,1450.0,1540.0,1706,0.0,0.0,0.0
2022-10-06 00:00:00+09:00,1500.0,1645.0,1445.0,1605.0,3912,0.0,0.0,0.0
2022-10-07 00:00:00+09:00,1790.0,1790.0,1520.0,1620.0,4400,0.0,0.0,0.0
2022-10-11 00:00:00+09:00,1665.0,1665.0,1505.0,1505.0,6199,0.0,0.0,0.0
2022-10-12 00:00:00+09:00,1500.0,1545.0,1400.0,1505.0,2297,0.0,0.0,0.0
2022-10-13 00:00:00+09:00,1610.0,1610.0,1500.0,1540.0,2958,0.0,0.0,0.0
2022-10-14 00:00:00+09:00,1470.0,1540.0,1420.0,1475.0,2800,0.0,0.0,0.0
2022-10-17 00:00:00+09:00,1325.0,1500.0,1325.0,1450.0,1929,0.0,0.0,0.0
2022-10-18 00:00:00+09:00,1645.0,1645.0,1405.0,1470.0,5605,0.0,0.0,0.0
2022-10-19 00:00:00+09:00,1470.0,1675.0,1400.0,1520.0,7519,0.0,0.0,0.0
2022-10-20 00:00:00+09:00,1525.0,1725.0,1410.0,1495.0,3393,0.0,0.0,0.0
2022-10-21 00:00:00+09:00,1680.0,1680.0,1380.0,1500.0,5931,0.0,0.0,0.0
2022-10-24 00:00:00+09:00,1690.0,1690.0,1430.0,1450.0,5964,0.0,0.0,0.0
2022-10-25 00:00:00+09:00,1495.0,1595.0,1410.0,1470.0,3573,0.0,0.0,0.0
2022-10-26 00:00:00+09:00,1505.0,1590.0,1350.0,1590.0,1093,0.0,0.0,0.0
2022-10-27 00:00:00+09:00,1800.0,1800.0,1420.0,1505.0,4912,0.0,0.0,0.0
2022-10-28 00:00:00+09:00,1730.0,1730.0,1405.0,1500.0,15727,0.0,0.0,0.0
2022-10-31 00:00:00+09:00,1715.0,1715.0,1455.0,1500.0,101,0.0,0.0,0.0
2022-11-01 00:00:00+09:00,1715.0,1715.0,1450.0,1495.0,2214,0.0,0.0,0.0
2022-11-02 00:00:00+09:00,1680.0,1680.0,1415.0,1470.0,4046,0.0,0.0,0.0
2022-11-03 00:00:00+09:00,1470.0,1675.0,1425.0,1595.0,1937,0.0,0.0,0.0
2022-11-04 00:00:00+09:00,1500.0,1650.0,1450.0,1560.0,3583,0.0,0.0,0.0
2022-11-07 00:00:00+09:00,1500.0,1530.0,1470.0,1515.0,1280,0.0,0.0,0.0
2022-11-08 00:00:00+09:00,1510.0,1510.0,1400.0,1485.0,1256,0.0,0.0,0.0
2022-11-09 00:00:00+09:00,1450.0,1580.0,1405.0,1440.0,7553,0.0,0.0,0.0
2022-11-10 00:00:00+09:00,1550.0,1550.0,1375.0,1400.0,10226,0.0,0.0,0.0
2022-11-11 00:00:00+09:00,1400.0,1605.0,1400.0,1490.0,3774,0.0,0.0,0.0
2022-11-14 00:00:00+09:00,1500.0,1705.0,1450.0,1495.0,1363,0.0,0.0,0.0
2022-11-15 00:00:00+09:00,1710.0,1710.0,1405.0,1495.0,13317,0.0,0.0,0.0
2022-11-16 00:00:00+09:00,1500.0,1685.0,1415.0,1435.0,10702,0.0,0.0,0.0
2022-11-17 00:00:00+09:00,1435.0,1435.0,1355.0,1420.0,1603,0.0,0.0,0.0
2022-11-18 00:00:00+09:00,1495.0,1495.0,1270.0,1365.0,5155,0.0,0.0,0.0
2022-11-21 00:00:00+09:00,1350.0,1495.0,1300.0,1380.0,3015,0.0,0.0,0.0
2022-11-22 00:00:00+09:00,1495.0,1495.0,1250.0,1290.0,10960,0.0,0.0,0.0
2022-11-23 00:00:00+09:00,1290.0,1470.0,1270.0,1360.0,4454,0.0,0.0,0.0
2022-11-24 00:00:00+09:00,1360.0,1490.0,1310.0,1350.0,10937,0.0,0.0,0.0
2022-11-25 00:00:00+09:00,1295.0,1380.0,1290.0,1300.0,4122,0.0,0.0,0.0
2022-11-28 00:00:00+09:00,1235.0,1280.0,1235.0,1235.0,6096,0.0,0.0,0.0
2022-11-29 00:00:00+09:00,1300.0,1300.0,1155.0,1225.0,1925,0.0,0.0,0.0
2022-11-30 00:00:00+09:00,1280.0,1280.0,1185.0,1205.0,13042,0.0,0.0,0.0
2022-12-01 00:00:00+09:00,1205.0,1345.0,1155.0,1235.0,2748,0.0,0.0,0.0
2022-12-02 00:00:00+09:00,1235.0,1350.0,1200.0,1235.0,754,0.0,0.0,0.0
2022-12-05 00:00:00+09:00,1235.0,1395.0,1170.0,1210.0,520,0.0,0.0,0.0
2022-12-06 00:00:00+09:00,1170.0,1220.0,1155.0,1210.0,10540,0.0,0.0,0.0
2022-12-07 00:00:00+09:00,1250.0,1390.0,1150.0,1185.0,1238,0.0,0.0,0.0
2022-12-08 00:00:00+09:00,1165.0,1295.0,1165.0,1170.0,1428,0.0,0.0,0.0
2022-12-09 00:00:00+09:00,1200.0,1340.0,1135.0,1140.0,8427,0.0,0.0,0.0
2022-12-12 00:00:00+09:00,1250.0,1250.0,1035.0,1140.0,1917,0.0,0.0,0.0
2022-12-13 00:00:00+09:00,1200.0,1245.0,1055.0,1130.0,2717,0.0,0.0,0.0
2022-12-14 00:00:00+09:00,1125.0,1195.0,1045.0,1105.0,4345,0.0,0.0,0.0
2022-12-15 00:00:00+09:00,1160.0,1160.0,1050.0,1110.0,2286,0.0,0.0,0.0
2022-12-16 00:00:00+09:00,1110.0,1150.0,1015.0,1040.0,3139,0.0,0.0,0.0
2022-12-19 00:00:00+09:00,1190.0,1190.0,1025.0,1040.0,2715,0.0,0.0,0.0
2022-12-20 00:00:00+09:00,1015.0,1190.0,1015.0,1075.0,3628,0.0,0.0,0.0
2022-12-21 00:00:00+09:00,1200.0,1200.0,1015.0,1075.0,6764,0.0,0.0,0.0
2022-12-22 00:00:00+09:00,1220.0,1220.0,981.0,989.0,25409,0.0,0.0,0.0
2022-12-23 00:00:00+09:00,989.0,1135.0,950.0,961.0,16938,0.0,0.0,0.0
2022-12-26 00:00:00+09:00,960.0,1100.0,921.0,955.0,6008,0.0,0.0,0.0
2022-12-27 00:00:00+09:00,955.0,1025.0,955.0,1005.0,4232,0.0,0.0,0.0
2022-12-28 00:00:00+09:00,1010.0,1100.0,981.0,986.0,2461,0.0,0.0,0.0
2022-12-29 00:00:00+09:00,1000.0,1100.0,986.0,1070.0,5428,0.0,0.0,0.0
2023-01-02 00:00:00+09:00,1070.0,1125.0,1000.0,1125.0,2446,0.0,0.0,0.0
2023-01-03 00:00:00+09:00,1285.0,1285.0,1115.0,1120.0,488,0.0,0.0,0.0
2023-01-04 00:00:00+09:00,1120.0,1285.0,963.0,1200.0,2293,0.0,0.0,0.0
2023-01-05 00:00:00+09:00,1200.0,1375.0,1020.0,1040.0,3654,0.0,0.0,0.0
2023-01-06 00:00:00+09:00,965.0,1190.0,950.0,987.0,7705,0.0,0.0,0.0
2023-01-09 00:00:00+09:00,1005.0,1135.0,1000.0,1060.0,675,0.0,0.0,0.0
2023-01-10 00:00:00+09:00,1205.0,1205.0,963.0,1035.0,3658,0.0,0.0,0.0
2023-01-11 00:00:00+09:00,1190.0,1190.0,960.0,1065.0,783,0.0,0.0,0.0
2023-01-12 00:00:00+09:00,1000.0,1205.0,991.0,1065.0,8695,0.0,0.0,0.0
2023-01-13 00:00:00+09:00,1000.0,1070.0,991.0,1005.0,14223,0.0,0.0,0.0
2023-01-16 00:00:00+09:00,1055.0,1055.0,960.0,988.0,8843,0.0,0.0,0.0
2023-01-17 00:00:00+09:00,988.0,1085.0,936.0,1005.0,4650,0.0,0.0,0.0
2023-01-18 00:00:00+09:00,956.0,1150.0,956.0,1020.0,19381,0.0,0.0,0.0
2023-01-19 00:00:00+09:00,1000.0,1050.0,951.0,995.0,4247,0.0,0.0,0.0
2023-01-20 00:00:00+09:00,995.0,995.0,920.0,965.0,9643,0.0,0.0,0.0
2023-01-25 00:00:00+09:00,965.0,1100.0,951.0,953.0,10234,0.0,0.0,0.0
2023-01-26 00:00:00+09:00,930.0,1019.0,930.0,950.0,3268,0.0,0.0,0.0
2023-01-27 00:00:00+09:00,904.0,1000.0,904.0,952.0,3538,0.0,0.0,0.0
2023-01-30 00:00:00+09:00,952.0,1090.0,947.0,947.0,7864,0.0,0.0,0.0
2023-01-31 00:00:00+09:00,1089.0,1089.0,940.0,1075.0,4269,0.0,0.0,0.0
2023-02-01 00:00:00+09:00,1235.0,1235.0,951.0,1150.0,861,0.0,0.0,0.0
2023-02-02 00:00:00+09:00,1200.0,1200.0,978.0,1000.0,6249,0.0,0.0,0.0
2023-02-03 00:00:00+09:00,925.0,1150.0,923.0,1000.0,4200,0.0,0.0,0.0
2023-02-06 00:00:00+09:00,1000.0,1150.0,939.0,1030.0,293,0.0,0.0,0.0
2023-02-07 00:00:00+09:00,950.0,1130.0,950.0,1100.0,3923,0.0,0.0,0.0
2023-02-08 00:00:00+09:00,1001.0,1200.0,952.0,1133.0,3386,0.0,0.0,0.0
2023-02-09 00:00:00+09:00,1150.0,1302.0,981.0,999.0,2080,0.0,0.0,0.0
2023-02-10 00:00:00+09:00,1147.0,1148.0,952.0,995.0,6067,0.0,0.0,0.0
2023-02-13 00:00:00+09:00,1000.0,1144.0,952.0,975.0,4649,0.0,0.0,0.0
2023-02-14 00:00:00+09:00,971.0,979.0,935.0,955.0,12554,0.0,0.0,0.0
2023-02-15 00:00:00+09:00,967.0,970.0,931.0,945.0,3912,0.0,0.0,0.0
2023-02-16 00:00:00+09:00,970.0,971.0,950.0,971.0,4498,0.0,0.0,0.0
2023-02-17 00:00:00+09:00,931.0,1116.0,920.0,965.0,8860,0.0,0.0,0.0
2023-02-20 00:00:00+09:00,1100.0,1100.0,931.0,950.0,18846,0.0,0.0,0.0
2023-02-21 00:00:00+09:00,965.0,965.0,930.0,933.0,15901,0.0,0.0,0.0
2023-02-22 00:00:00+09:00,1071.0,1071.0,911.0,940.0,1373,0.0,0.0,0.0
2023-02-23 00:00:00+09:00,1059.0,1059.0,806.0,850.0,56253,0.0,0.0,0.0
2023-02-24 00:00:00+09:00,725.0,934.0,725.0,889.0,11911,0.0,0.0,0.0
2023-02-27 00:00:00+09:00,1000.0,1000.0,807.0,885.0,6488,0.0,0.0,0.0
2023-02-28 00:00:00+09:00,888.0,890.0,820.0,889.0,5800,0.0,0.0,0.0
2023-03-02 00:00:00+09:00,889.0,889.0,759.0,865.0,8343,0.0,0.0,0.0
2023-03-03 00:00:00+09:00,780.0,970.0,780.0,835.0,7890,0.0,0.0,0.0
2023-03-06 00:00:00+09:00,835.0,835.0,756.0,771.0,6554,0.0,0.0,0.0
2023-03-07 00:00:00+09:00,850.0,850.0,720.0,730.0,27232,0.0,0.0,0.0
2023-03-08 00:00:00+09:00,730.0,799.0,680.0,700.0,1399,0.0,0.0,0.0
2023-03-09 00:00:00+09:00,660.0,764.0,660.0,711.0,8032,0.0,0.0,0.0
2023-03-10 00:00:00+09:00,700.0,780.0,700.0,720.0,4007,0.0,0.0,0.0
2023-03-13 00:00:00+09:00,720.0,828.0,690.0,700.0,11034,0.0,0.0,0.0
2023-03-14 00:00:00+09:00,700.0,740.0,680.0,719.0,2664,0.0,0.0,0.0
2023-03-15 00:00:00+09:00,681.0,750.0,680.0,730.0,1624,0.0,0.0,0.0
2023-03-16 00:00:00+09:00,700.0,740.0,700.0,710.0,254,0.0,0.0,0.0
2023-03-17 00:00:00+09:00,720.0,740.0,665.0,701.0,3664,0.0,0.0,0.0
2023-03-20 00:00:00+09:00,700.0,734.0,695.0,710.0,22143,0.0,0.0,0.0
2023-03-21 00:00:00+09:00,738.0,739.0,680.0,699.0,9709,0.0,0.0,0.0
2023-03-22 00:00:00+09:00,750.0,803.0,681.0,798.0,19895,0.0,0.0,0.0
2023-03-23 00:00:00+09:00,917.0,917.0,720.0,750.0,15515,0.0,0.0,0.0
2023-03-24 00:00:00+09:00,750.0,790.0,700.0,710.0,25062,0.0,0.0,0.0
2023-03-27 00:00:00+09:00,681.0,750.0,681.0,709.0,1614,0.0,0.0,0.0
2023-03-28 00:00:00+09:00,760.0,760.0,703.0,721.0,2397,0.0,0.0,0.0
2023-03-29 00:00:00+09:00,722.0,722.0,681.0,698.0,17158,0.0,0.0,0.0
2023-03-30 00:00:00+09:00,685.0,801.0,681.0,695.0,4396,0.0,0.0,0.0
2023-03-31 00:00:00+09:00,695.0,790.0,683.0,749.0,1721,0.0,0.0,0.0
2023-04-03 00:00:00+09:00,748.0,748.0,691.0,734.0,5849,0.0,0.0,0.0
2023-04-04 00:00:00+09:00,760.0,767.0,650.0,695.0,47528,0.0,0.0,0.0
2023-04-05 00:00:00+09:00,696.0,760.0,660.0,675.0,24788,0.0,0.0,0.0
2023-04-06 00:00:00+09:00,675.0,719.0,650.0,660.0,36583,0.0,0.0,0.0
2023-04-07 00:00:00+09:00,660.0,730.0,645.0,670.0,43765,0.0,0.0,0.0
2023-04-10 00:00:00+09:00,680.0,680.0,630.0,650.0,14535,0.0,0.0,0.0
2023-04-11 00:00:00+09:00,666.0,670.0,555.0,639.0,56756,0.0,0.0,0.0
2023-04-12 00:00:00+09:00,552.0,600.0,550.0,560.0,19463,0.0,0.0,0.0
2023-04-13 00:00:00+09:00,570.0,638.0,510.0,520.0,56249,0.0,0.0,0.0
2023-04-14 00:00:00+09:00,480.0,590.0,480.0,576.0,36259,0.0,0.0,0.0
2023-04-17 00:00:00+09:00,575.0,575.0,520.0,530.0,24745,0.0,0.0,0.0
2023-04-18 00:00:00+09:00,495.0,560.0,495.0,529.0,6486,0.0,0.0,0.0
2023-04-19 00:00:00+09:00,500.0,604.0,500.0,526.0,17737,0.0,0.0,0.0
2023-04-20 00:00:00+09:00,490.0,598.0,490.0,523.0,5941,0.0,0.0,0.0
2023-04-21 00:00:00+09:00,570.0,570.0,523.0,524.0,13214,0.0,0.0,0.0
2023-04-24 00:00:00+09:00,580.0,580.0,465.0,515.0,7208,0.0,0.0,0.0
2023-04-25 00:00:00+09:00,466.0,591.0,466.0,505.0,10599,0.0,0.0,0.0
2023-04-26 00:00:00+09:00,506.0,569.0,500.0,524.0,19891,0.0,0.0,0.0
2023-04-27 00:00:00+09:00,599.0,599.0,486.0,575.0,14611,0.0,0.0,0.0
2023-04-28 00:00:00+09:00,555.0,660.0,500.0,572.0,574,0.0,0.0,0.0
2023-05-02 00:00:00+09:00,550.0,645.0,501.0,510.0,2736,0.0,0.0,0.0
2023-05-03 00:00:00+09:00,549.0,549.0,460.0,483.0,66643,0.0,0.0,0.0
2023-05-04 00:00:00+09:00,450.0,489.0,411.0,420.0,90717,0.0,0.0,0.0
2023-05-08 00:00:00+09:00,358.0,449.0,357.0,357.0,77415,0.0,0.0,0.0
2023-05-09 00:00:00+09:00,304.0,394.0,304.0,367.0,72485,0.0,0.0,0.0
2023-05-10 00:00:00+09:00,316.0,365.0,312.0,325.0,25825,0.0,0.0,0.0
2023-05-11 00:00:00+09:00,373.0,373.0,290.0,371.0,24749,0.0,0.0,0.0
2023-05-12 00:00:00+09:00,330.0,425.0,330.0,355.0,8995,0.0,0.0,0.0
2023-05-15 00:00:00+09:00,311.0,408.0,311.0,408.0,14188,0.0,0.0,0.0
2023-05-16 00:00:00+09:00,460.0,469.0,380.0,469.0,24377,0.0,0.0,0.0
2023-05-17 00:00:00+09:00,477.0,538.0,415.0,538.0,40639,0.0,0.0,0.0
2023-05-18 00:00:00+09:00,605.0,605.0,501.0,571.0,21566,0.0,0.0,0.0
2023-05-19 00:00:00+09:00,571.0,648.0,505.0,578.0,1876,0.0,0.0,0.0
2023-05-22 00:00:00+09:00,629.0,629.0,505.0,549.0,14924,0.0,0.0,0.0
2023-05-23 00:00:00+09:00,477.0,625.0,477.0,518.0,10452,0.0,0.0,0.0
2023-05-24 00:00:00+09:00,590.0,590.0,441.0,441.0,24639,0.0,0.0,0.0
2023-05-25 00:00:00+09:00,380.0,490.0,380.0,406.0,8516,0.0,0.0,0.0
2023-05-26 00:00:00+09:00,380.0,465.0,380.0,459.0,3482,0.0,0.0,0.0
2023-05-30 00:00:00+09:00,460.0,520.0,440.0,508.0,3828,0.0,0.0,0.0
2023-05-31 00:00:00+09:00,580.0,580.0,456.0,495.0,12798,0.0,0.0,0.0
2023-06-01 00:00:00+09:00,431.0,567.0,431.0,527.0,24,0.0,0.0,0.0
2023-06-02 00:00:00+09:00,527.0,600.0,452.0,549.0,2571,0.0,0.0,0.0
2023-06-05 00:00:00+09:00,540.0,567.0,471.0,500.0,13310,0.0,0.0,0.0
2023-06-07 00:00:00+09:00,570.0,570.0,444.0,540.0,10263,0.0,0.0,0.0
2023-06-08 00:00:00+09:00,620.0,620.0,467.0,559.0,412,0.0,0.0,0.0
2023-06-09 00:00:00+09:00,639.0,639.0,483.0,550.0,473,0.0,0.0,0.0
2023-06-12 00:00:00+09:00,481.0,629.0,481.0,517.0,15625,0.0,0.0,0.0
2023-06-13 00:00:00+09:00,450.0,592.0,450.0,541.0,1022,0.0,0.0,0.0
2023-06-14 00:00:00+09:00,541.0,618.0,460.0,519.0,29435,0.0,0.0,0.0
2023-06-15 00:00:00+09:00,595.0,595.0,454.0,550.0,2315,0.0,0.0,0.0
2023-06-16 00:00:00+09:00,550.0,590.0,470.0,550.0,2009,0.0,0.0,0.0
2023-06-19 00:00:00+09:00,550.0,560.0,475.0,487.0,9484,0.0,0.0,0.0
2023-06-20 00:00:00+09:00,487.0,555.0,415.0,450.0,4564,0.0,0.0,0.0
2023-06-21 00:00:00+09:00,460.0,510.0,390.0,478.0,6551,0.0,0.0,0.0
2023-06-22 00:00:00+09:00,478.0,500.0,427.0,493.0,14599,0.0,0.0,0.0
2023-06-23 00:00:00+09:00,493.0,558.0,442.0,491.0,21284,0.0,0.0,0.0
2023-06-26 00:00:00+09:00,491.0,563.0,440.0,499.0,4209,0.0,0.0,0.0
2023-06-27 00:00:00+09:00,499.0,550.0,437.0,495.0,1426,0.0,0.0,0.0
2023-06-28 00:00:00+09:00,495.0,500.0,431.0,442.0,8462,0.0,0.0,0.0
2023-06-29 00:00:00+09:00,406.0,507.0,406.0,498.0,305,0.0,0.0,0.0
2023-06-30 00:00:00+09:00,480.0,571.0,471.0,558.0,13862,0.0,0.0,0.0
2023-07-03 00:00:00+09:00,558.0,641.0,480.0,500.0,13335,0.0,0.0,0.0
2023-07-04 00:00:00+09:00,500.0,550.0,434.0,495.0,2171,0.0,0.0,0.0
2023-07-05 00:00:00+09:00,568.0,568.0,456.0,491.0,1761,0.0,0.0,0.0
2023-07-06 00:00:00+09:00,564.0,564.0,422.0,489.0,3742,0.0,0.0,0.0
2023-07-07 00:00:00+09:00,500.0,550.0,440.0,495.0,5265,0.0,0.0,0.0
2023-07-10 00:00:00+09:00,494.0,494.0,432.0,474.0,4269,0.0,0.0,0.0
2023-07-11 00:00:00+09:00,469.0,544.0,469.0,519.0,4423,0.0,0.0,0.0
2023-07-12 00:00:00+09:00,530.0,530.0,455.0,469.0,5828,0.0,0.0,0.0
2023-07-13 00:00:00+09:00,480.0,500.0,417.0,433.0,3325,0.0,0.0,0.0
2023-07-14 00:00:00+09:00,435.0,496.0,433.0,482.0,5833,0.0,0.0,0.0
2023-07-17 00:00:00+09:00,550.0,550.0,423.0,425.0,392,0.0,0.0,0.0
2023-07-18 00:00:00+09:00,487.0,487.0,372.0,383.0,19733,0.0,0.0,0.0
2023-07-19 00:00:00+09:00,383.0,437.0,383.0,386.0,9995,0.0,0.0,0.0
2023-07-20 00:00:00+09:00,440.0,443.0,386.0,440.0,7779,0.0,0.0,0.0
2023-07-21 00:00:00+09:00,440.0,506.0,410.0,487.0,1028,0.0,0.0,0.0
2023-07-24 00:00:00+09:00,559.0,559.0,414.0,421.0,6067,0.0,0.0,0.0
2023-07-25 00:00:00+09:00,421.0,470.0,413.0,449.0,4982,0.0,0.0,0.0
2023-07-26 00:00:00+09:00,480.0,480.0,420.0,448.0,1738,0.0,0.0,0.0
2023-07-27 00:00:00+09:00,514.0,514.0,391.0,465.0,1471,0.0,0.0,0.0
2023-07-28 00:00:00+09:00,465.0,530.0,454.0,495.0,1935,0.0,0.0,0.0
2023-07-31 00:00:00+09:00,530.0,530.0,421.0,422.0,56379,0.0,0.0,0.0
2023-08-01 00:00:00+09:00,482.0,482.0,381.0,404.0,13569,0.0,0.0,0.0
2023-08-02 00:00:00+09:00,403.0,439.0,365.0,390.0,11158,0.0,0.0,0.0
2023-08-03 00:00:00+09:00,395.0,427.0,381.0,390.0,15799,0.0,0.0,0.0
2023-08-04 00:00:00+09:00,448.0,448.0,380.0,403.0,435,0.0,0.0,0.0
2023-08-07 00:00:00+09:00,461.0,461.0,381.0,387.0,6744,0.0,0.0,0.0
2023-08-08 00:00:00+09:00,399.0,399.0,366.0,366.0,6615,0.0,0.0,0.0
2023-08-09 00:00:00+09:00,370.0,375.0,341.0,373.0,3694,0.0,0.0,0.0
2023-08-10 00:00:00+09:00,383.0,428.0,360.0,365.0,5166,0.0,0.0,0.0
2023-08-11 00:00:00+09:00,380.0,380.0,350.0,360.0,14418,0.0,0.0,0.0
2023-08-14 00:00:00+09:00,400.0,400.0,340.0,399.0,3918,0.0,0.0,0.0
2023-08-16 00:00:00+09:00,428.0,428.0,352.0,375.0,6387,0.0,0.0,0.0
2023-08-17 00:00:00+09:00,430.0,430.0,320.0,398.0,1642,0.0,0.0,0.0
2023-08-18 00:00:00+09:00,449.0,449.0,342.0,358.0,1927,0.0,0.0,0.0
2023-08-21 00:00:00+09:00,340.0,390.0,340.0,370.0,3409,0.0,0.0,0.0
2023-08-22 00:00:00+09:00,400.0,400.0,351.0,375.0,1324,0.0,0.0,0.0
2023-08-23 00:00:00+09:00,431.0,431.0,371.0,431.0,7978,0.0,0.0,0.0
2023-08-24 00:00:00+09:00,493.0,493.0,405.0,446.0,764,0.0,0.0,0.0
2023-08-25 00:00:00+09:00,499.0,499.0,424.0,482.0,4576,0.0,0.0,0.0
2023-08-28 00:00:00+09:00,485.0,485.0,411.0,480.0,3275,0.0,0.0,0.0
2023-08-29 00:00:00+09:00,500.0,500.0,431.0,470.0,8730,0.0,0.0,0.0
2023-08-30 00:00:00+09:00,464.0,465.0,400.0,400.0,32469,0.0,0.0,0.0
2023-08-31 00:00:00+09:00,430.0,430.0,361.0,370.0,2464,0.0,0.0,0.0
2023-09-01 00:00:00+09:00,399.0,399.0,341.0,378.0,5673,0.0,0.0,0.0
2023-09-04 00:00:00+09:00,424.0,424.0,351.0,380.0,1761,0.0,0.0,0.0
2023-09-05 00:00:00+09:00,436.0,436.0,366.0,408.0,2169,0.0,0.0,0.0
2023-09-06 00:00:00+09:00,468.0,468.0,381.0,447.0,1464,0.0,0.0,0.0
2023-09-07 00:00:00+09:00,410.0,511.0,410.0,479.0,3128,0.0,0.0,0.0
2023-09-08 00:00:00+09:00,410.0,530.0,408.0,484.0,12612,0.0,0.0,0.0
2023-09-11 00:00:00+09:00,505.0,505.0,413.0,451.0,841,0.0,0.0,0.0
2023-09-12 00:00:00+09:00,500.0,500.0,392.0,475.0,1049,0.0,0.0,0.0
2023-09-13 00:00:00+09:00,405.0,520.0,405.0,458.0,2711,0.0,0.0,0.0
2023-09-14 00:00:00+09:00,504.0,504.0,390.0,472.0,1077,0.0,0.0,0.0
2023-09-15 00:00:00+09:00,500.0,509.0,410.0,464.0,568,0.0,0.0,0.0
2023-09-18 00:00:00+09:00,504.0,504.0,400.0,459.0,555,0.0,0.0,0.0
2023-09-19 00:00:00+09:00,504.0,504.0,403.0,454.0,374,0.0,0.0,0.0
2023-09-20 00:00:00+09:00,500.0,500.0,401.0,483.0,841,0.0,0.0,0.0
2023-09-21 00:00:00+09:00,483.0,520.0,415.0,462.0,7305,0.0,0.0,0.0
2023-09-22 00:00:00+09:00,470.0,470.0,401.0,438.0,531,0.0,0.0,0.0
2023-09-25 00:00:00+09:00,445.0,449.0,386.0,406.0,9167,0.0,0.0,0.0
2023-09-26 00:00:00+09:00,360.0,415.0,360.0,410.0,110,0.0,0.0,0.0
2023-09-27 00:00:00+09:00,470.0,470.0,390.0,410.0,985,0.0,0.0,0.0
2023-10-04 00:00:00+09:00,410.0,430.0,350.0,407.0,699,0.0,0.0,0.0
2023-10-05 00:00:00+09:00,410.0,410.0,350.0,409.0,457,0.0,0.0,0.0
2023-10-06 00:00:00+09:00,350.0,428.0,350.0,358.0,2093,0.0,0.0,0.0
2023-10-10 00:00:00+09:00,410.0,410.0,321.0,333.0,2142,0.0,0.0,0.0
2023-10-11 00:00:00+09:00,306.0,382.0,290.0,350.0,7576,0.0,0.0,0.0
2023-10-12 00:00:00+09:00,402.0,402.0,333.0,397.0,333,0.0,0.0,0.0
2023-10-13 00:00:00+09:00,435.0,435.0,345.0,401.0,4614,0.0,0.0,0.0
2023-10-16 00:00:00+09:00,341.0,461.0,341.0,355.0,388,0.0,0.0,0.0
2023-10-17 00:00:00+09:00,312.0,408.0,302.0,356.0,10501,0.0,0.0,0.0
2023-10-18 00:00:00+09:00,320.0,406.0,320.0,387.0,643,0.0,0.0,0.0
2023-10-19 00:00:00+09:00,387.0,419.0,351.0,382.0,556,0.0,0.0,0.0
2023-10-20 00:00:00+09:00,425.0,425.0,341.0,352.0,660,0.0,0.0,0.0
2023-10-23 00:00:00+09:00,403.0,403.0,301.0,305.0,11221,0.0,0.0,0.0
2023-10-24 00:00:00+09:00,335.0,350.0,271.0,350.0,2385,0.0,0.0,0.0
2023-10-25 00:00:00+09:00,380.0,380.0,300.0,344.0,107,0.0,0.0,0.0
2023-10-26 00:00:00+09:00,384.0,384.0,332.0,378.0,1283,0.0,0.0,0.0
2023-10-27 00:00:00+09:00,434.0,434.0,322.0,410.0,699,0.0,0.0,0.0
2023-10-30 00:00:00+09:00,470.0,470.0,349.0,349.0,9598,0.0,0.0,0.0
2023-10-31 00:00:00+09:00,305.0,401.0,305.0,401.0,17529,0.0,0.0,0.0
2023-11-01 00:00:00+09:00,461.0,461.0,343.0,360.0,6605,0.0,0.0,0.0
2023-11-02 00:00:00+09:00,413.0,413.0,315.0,344.0,15419,0.0,0.0,0.0
2023-11-03 00:00:00+09:00,349.0,360.0,322.0,359.0,2768,0.0,0.0,0.0
2023-11-06 00:00:00+09:00,412.0,412.0,323.0,354.0,95,0.0,0.0,0.0
2023-11-07 00:00:00+09:00,354.0,407.0,330.0,404.0,429,0.0,0.0,0.0
2023-11-08 00:00:00+09:00,464.0,464.0,350.0,443.0,12196,0.0,0.0,0.0
2023-11-09 00:00:00+09:00,509.0,509.0,377.0,458.0,987,0.0,0.0,0.0
2023-11-10 00:00:00+09:00,390.0,500.0,390.0,469.0,3103,0.0,0.0,0.0
2023-11-13 00:00:00+09:00,399.0,539.0,399.0,499.0,7812,0.0,0.0,0.0
2023-11-14 00:00:00+09:00,560.0,560.0,427.0,428.0,2904,0.0,0.0,0.0
2023-11-15 00:00:00+09:00,429.0,492.0,367.0,470.0,963,0.0,0.0,0.0
2023-11-16 00:00:00+09:00,539.0,539.0,400.0,430.0,15243,0.0,0.0,0.0
2023-11-17 00:00:00+09:00,494.0,494.0,370.0,428.0,4948,0.0,0.0,0.0
2023-11-20 00:00:00+09:00,365.0,428.0,365.0,427.0,868,0.0,0.0,0.0
2023-11-21 00:00:00+09:00,427.0,427.0,371.0,425.0,724,0.0,0.0,0.0
2023-11-22 00:00:00+09:00,365.0,474.0,365.0,474.0,976,0.0,0.0,0.0
2023-11-23 00:00:00+09:00,440.0,480.0,403.0,480.0,1469,0.0,0.0,0.0
2023-11-24 00:00:00+09:00,465.0,465.0,410.0,415.0,2075,0.0,0.0,0.0
2023-11-27 00:00:00+09:00,366.0,429.0,366.0,429.0,2033,0.0,0.0,0.0
2023-11-28 00:00:00+09:00,370.0,408.0,370.0,395.0,6520,0.0,0.0,0.0
2023-11-29 00:00:00+09:00,346.0,387.0,346.0,361.0,5142,0.0,0.0,0.0
2023-11-30 00:00:00+09:00,312.0,389.0,312.0,375.0,2147,0.0,0.0,0.0
2023-12-01 00:00:00+09:00,330.0,377.0,322.0,373.0,1062,0.0,0.0,0.0
2023-12-04 00:00:00+09:00,385.0,385.0,356.0,385.0,2674,0.0,0.0,0.0
2023-12-05 00:00:00+09:00,330.0,442.0,330.0,400.0,5251,0.0,0.0,0.0
2023-12-06 00:00:00+09:00,343.0,415.0,343.0,410.0,4505,0.0,0.0,0.0
2023-12-07 00:00:00+09:00,420.0,471.0,400.0,471.0,2595,0.0,0.0,0.0
2023-12-08 00:00:00+09:00,460.0,540.0,401.0,540.0,8230,0.0,0.0,0.0
2023-12-11 00:00:00+09:00,459.0,510.0,459.0,459.0,6837,0.0,0.0,0.0
2023-12-12 00:00:00+09:00,391.0,517.0,391.0,516.0,6900,0.0,0.0,0.0
2023-12-13 00:00:00+09:00,475.0,480.0,439.0,478.0,13610,0.0,0.0,0.0
2023-12-14 00:00:00+09:00,415.0,467.0,407.0,407.0,11909,0.0,0.0,0.0
2023-12-15 00:00:00+09:00,467.0,467.0,347.0,348.0,20979,0.0,0.0,0.0
2023-12-18 00:00:00+09:00,302.0,380.0,302.0,326.0,19023,0.0,0.0,0.0
2023-12-19 00:00:00+09:00,355.0,374.0,310.0,371.0,8296,0.0,0.0,0.0
2023-12-20 00:00:00+09:00,426.0,426.0,325.0,355.0,4073,0.0,0.0,0.0
2023-12-21 00:00:00+09:00,312.0,400.0,312.0,354.0,11476,0.0,0.0,0.0
2023-12-22 00:00:00+09:00,354.0,354.0,310.0,350.0,16036,0.0,0.0,0.0
2023-12-26 00:00:00+09:00,330.0,401.0,330.0,350.0,13526,0.0,0.0,0.0
2023-12-27 00:00:00+09:00,350.0,370.0,330.0,345.0,2688,0.0,0.0,0.0
2023-12-28 00:00:00+09:00,330.0,390.0,330.0,365.0,15640,0.0,0.0,0.0
2024-01-02 00:00:00+09:00,365.0,365.0,321.0,346.0,3433,0.0,0.0,0.0
2024-01-03 00:00:00+09:00,350.0,355.0,336.0,350.0,1081,0.0,0.0,0.0
2024-01-04 00:00:00+09:00,402.0,402.0,311.0,351.0,8053,0.0,0.0,0.0
2024-01-05 00:00:00+09:00,355.0,401.0,314.0,351.0,9606,0.0,0.0,0.0
2024-01-08 00:00:00+09:00,322.0,390.0,321.0,351.0,1313,0.0,0.0,0.0
2024-01-09 00:00:00+09:00,323.0,370.0,311.0,339.0,12566,0.0,0.0,0.0
2024-01-10 00:00:00+09:00,350.0,389.0,326.0,389.0,15111,0.0,0.0,0.0
2024-01-11 00:00:00+09:00,341.0,379.0,340.0,370.0,2722,0.0,0.0,0.0
2024-01-12 00:00:00+09:00,390.0,399.0,328.0,353.0,3267,0.0,0.0,0.0
2024-01-15 00:00:00+09:00,400.0,404.0,325.0,341.0,110,0.0,0.0,0.0
2024-01-16 00:00:00+09:00,322.0,396.0,321.0,377.0,1220,0.0,0.0,0.0
2024-01-17 00:00:00+09:00,429.0,429.0,338.0,352.0,2544,0.0,0.0,0.0
2024-01-18 00:00:00+09:00,380.0,380.0,330.0,370.0,610,0.0,0.0,0.0
2024-01-19 00:00:00+09:00,350.0,410.0,336.0,380.0,2231,0.0,0.0,0.0
2024-01-22 00:00:00+09:00,380.0,380.0,332.0,340.0,2260,0.0,0.0,0.0
2024-01-23 00:00:00+09:00,340.0,365.0,320.0,340.0,773,0.0,0.0,0.0
2024-01-24 00:00:00+09:00,370.0,370.0,340.0,344.0,900,0.0,0.0,0.0
2024-01-25 00:00:00+09:00,365.0,365.0,320.0,341.0,305,0.0,0.0,0.0
2024-01-26 00:00:00+09:00,313.0,370.0,313.0,350.0,3488,0.0,0.0,0.0
2024-01-29 00:00:00+09:00,312.0,350.0,312.0,340.0,960,0.0,0.0,0.0
2024-01-30 00:00:00+09:00,340.0,370.0,331.0,335.0,2521,0.0,0.0,0.0
2024-01-31 00:00:00+09:00,335.0,350.0,310.0,331.0,1942,0.0,0.0,0.0
2024-02-01 00:00:00+09:00,360.0,370.0,310.0,317.0,6280,0.0,0.0,0.0
2024-02-02 00:00:00+09:00,280.0,355.0,280.0,330.0,3848,0.0,0.0,0.0
2024-02-05 00:00:00+09:00,305.0,379.0,305.0,325.0,2275,0.0,0.0,0.0
2024-02-06 00:00:00+09:00,372.0,372.0,318.0,333.0,2112,0.0,0.0,0.0
2024-02-07 00:00:00+09:00,354.0,354.0,316.0,330.0,1786,0.0,0.0,0.0
2024-02-08 00:00:00+09:00,305.0,379.0,305.0,338.0,1892,0.0,0.0,0.0
2024-02-13 00:00:00+09:00,388.0,388.0,337.0,337.0,829,0.0,0.0,0.0
2024-02-14 00:00:00+09:00,370.0,387.0,315.0,350.0,583,0.0,0.0,0.0
2024-02-15 00:00:00+09:00,302.0,400.0,300.0,395.0,218,0.0,0.0,0.0
2024-02-16 00:00:00+09:00,358.0,454.0,351.0,425.0,3563,0.0,0.0,0.0
2024-02-19 00:00:00+09:00,487.0,487.0,370.0,459.0,2206,0.0,0.0,0.0
2024-02-20 00:00:00+09:00,485.0,485.0,391.0,439.0,2317,0.0,0.0,0.0
2024-02-21 00:00:00+09:00,448.0,448.0,374.0,440.0,1272,0.0,0.0,0.0
2024-02-22 00:00:00+09:00,430.0,504.0,374.0,374.0,11943,0.0,0.0,0.0
2024-02-23 00:00:00+09:00,375.0,380.0,321.0,333.0,13324,0.0,0.0,0.0
2024-02-26 00:00:00+09:00,340.0,380.0,320.0,330.0,8700,0.0,0.0,0.0
2024-02-27 00:00:00+09:00,325.0,379.0,325.0,376.0,1282,0.0,0.0,0.0
2024-02-28 00:00:00+09:00,399.0,399.0,325.0,372.0,1471,0.0,0.0,0.0
2024-02-29 00:00:00+09:00,379.0,379.0,331.0,365.0,1452,0.0,0.0,0.0
2024-03-04 00:00:00+09:00,417.0,417.0,325.0,359.0,97,0.0,0.0,0.0
2024-03-05 00:00:00+09:00,340.0,374.0,330.0,350.0,10254,0.0,0.0,0.0
2024-03-06 00:00:00+09:00,335.0,370.0,298.0,316.0,20118,0.0,0.0,0.0
2024-03-07 00:00:00+09:00,363.0,363.0,280.0,311.0,15678,0.0,0.0,0.0
2024-03-08 00:00:00+09:00,311.0,330.0,301.0,308.0,3010,0.0,0.0,0.0
2024-03-11 00:00:00+09:00,270.0,354.0,270.0,310.0,3030,0.0,0.0,0.0
2024-03-12 00:00:00+09:00,310.0,356.0,300.0,320.0,72,0.0,0.0,0.0
2024-03-13 00:00:00+09:00,280.0,368.0,280.0,312.0,4167,0.0,0.0,0.0
2024-03-14 00:00:00+09:00,358.0,358.0,290.0,325.0,19348,0.0,0.0,0.0
2024-03-15 00:00:00+09:00,300.0,373.0,300.0,350.0,441,0.0,0.0,0.0
2024-03-18 00:00:00+09:00,400.0,401.0,298.0,369.0,2736,0.0,0.0,0.0
2024-03-19 00:00:00+09:00,349.0,349.0,320.0,349.0,776,0.0,0.0,0.0
2024-03-20 00:00:00+09:00,350.0,350.0,331.0,338.0,231,0.0,0.0,0.0
2024-03-21 00:00:00+09:00,350.0,360.0,325.0,359.0,5333,0.0,0.0,0.0
2024-03-22 00:00:00+09:00,412.0,412.0,340.0,350.0,2121,0.0,0.0,0.0
2024-03-25 00:00:00+09:00,330.0,358.0,330.0,358.0,3996,0.0,0.0,0.0
2024-03-26 00:00:00+09:00,326.0,411.0,326.0,365.0,182,0.0,0.0,0.0
2024-03-27 00:00:00+09:00,333.0,376.0,331.0,350.0,15925,0.0,0.0,0.0
2024-03-28 00:00:00+09:00,350.0,350.0,334.0,349.0,223,0.0,0.0,0.0
2024-03-29 00:00:00+09:00,380.0,380.0,325.0,345.0,3017,0.0,0.0,0.0
2024-04-01 00:00:00+09:00,325.0,345.0,325.0,330.0,3197,0.0,0.0,0.0
2024-04-02 00:00:00+09:00,379.0,379.0,285.0,305.0,16838,0.0,0.0,0.0
2024-04-03 00:00:00+09:00,305.0,350.0,274.0,349.0,45845,0.0,0.0,0.0
2024-04-04 00:00:00+09:00,349.0,399.0,320.0,375.0,9544,0.0,0.0,0.0
2024-04-05 00:00:00+09:00,374.0,375.0,319.0,319.0,13835,0.0,0.0,0.0
2024-04-08 00:00:00+09:00,349.0,349.0,272.0,280.0,30601,0.0,0.0,0.0
2024-04-09 00:00:00+09:00,294.0,294.0,250.0,270.0,22327,0.0,0.0,0.0
2024-04-11 00:00:00+09:00,275.0,295.0,270.0,294.0,3622,0.0,0.0,0.0
2024-04-12 00:00:00+09:00,310.0,338.0,255.0,295.0,5489,0.0,0.0,0.0
2024-04-15 00:00:00+09:00,295.0,295.0,263.0,266.0,3943,0.0,0.0,0.0
2024-04-16 00:00:00+09:00,280.0,305.0,232.0,255.0,18266,0.0,0.0,0.0
2024-04-17 00:00:00+09:00,255.0,293.0,232.0,278.0,1187,0.0,0.0,0.0
2024-04-18 00:00:00+09:00,255.0,290.0,237.0,240.0,38693,0.0,0.0,0.0
2024-04-19 00:00:00+09:00,240.0,267.0,220.0,230.0,3295,0.0,0.0,0.0
2024-04-22 00:00:00+09:00,229.0,263.0,201.0,225.0,2458,0.0,0.0,0.0
2024-04-23 00:00:00+09:00,225.0,250.0,207.0,232.0,4014,0.0,0.0,0.0
2024-04-24 00:00:00+09:00,232.0,250.0,206.0,210.0,14209,0.0,0.0,0.0
2024-04-25 00:00:00+09:00,230.0,241.0,201.0,241.0,6306,0.0,0.0,0.0
2024-04-26 00:00:00+09:00,265.0,265.0,221.0,227.0,6030,0.0,0.0,0.0
2024-04-29 00:00:00+09:00,227.0,250.0,202.0,215.0,35339,0.0,0.0,0.0
2024-04-30 00:00:00+09:00,220.0,247.0,203.0,247.0,8112,0.0,0.0,0.0
2024-05-02 00:00:00+09:00,284.0,284.0,235.0,284.0,36090,0.0,0.0,0.0
2024-05-03 00:00:00+09:00,325.0,326.0,260.0,275.0,19023,0.0,0.0,0.0
2024-05-07 00:00:00+09:00,316.0,316.0,237.0,255.0,12553,0.0,0.0,0.0
2024-05-08 00:00:00+09:00,292.0,293.0,227.0,274.0,4449,0.0,0.0,0.0
2024-05-09 00:00:00+09:00,315.0,315.0,241.0,312.0,1957,0.0,0.0,0.0
2024-05-10 00:00:00+09:00,354.0,354.0,270.0,325.0,732,0.0,0.0,0.0
2024-05-13 00:00:00+09:00,370.0,370.0,277.0,280.0,14129,0.0,0.0,0.0
2024-05-14 00:00:00+09:00,322.0,322.0,242.0,249.0,23718,0.0,0.0,0.0
2024-05-16 00:00:00+09:00,286.0,286.0,220.0,277.0,265,0.0,0.0,0.0
2024-05-17 00:00:00+09:00,310.0,310.0,242.0,293.0,31698,0.0,0.0,0.0
2024-05-20 00:00:00+09:00,329.0,329.0,251.0,262.0,379,0.0,0.0,0.0
2024-05-21 00:00:00+09:00,300.0,300.0,253.0,280.0,3102,0.0,0.0,0.0
2024-05-22 00:00:00+09:00,319.0,319.0,243.0,289.0,242,0.0,0.0,0.0
2024-05-23 00:00:00+09:00,328.0,328.0,251.0,290.0,320,0.0,0.0,0.0
2024-05-24 00:00:00+09:00,319.0,319.0,248.0,284.0,377,0.0,0.0,0.0
2024-05-27 00:00:00+09:00,320.0,320.0,242.0,280.0,3121,0.0,0.0,0.0
2024-05-28 00:00:00+09:00,311.0,311.0,243.0,279.0,1463,0.0,0.0,0.0
2024-05-29 00:00:00+09:00,279.0,317.0,259.0,317.0,2688,0.0,0.0,0.0
2024-05-30 00:00:00+09:00,364.0,364.0,270.0,315.0,1345,0.0,0.0,0.0
2024-05-31 00:00:00+09:00,362.0,362.0,268.0,269.0,7903,0.0,0.0,0.0
2024-06-03 00:00:00+09:00,305.0,305.0,233.0,300.0,451,0.0,0.0,0.0
2024-06-04 00:00:00+09:00,344.0,344.0,255.0,299.0,4094,0.0,0.0,0.0
2024-06-05 00:00:00+09:00,336.0,336.0,255.0,289.0,4008,0.0,0.0,0.0
2024-06-07 00:00:00+09:00,329.0,329.0,256.0,306.0,2228,0.0,0.0,0.0
2024-06-10 00:00:00+09:00,263.0,320.0,263.0,316.0,3183,0.0,0.0,0.0
2024-06-11 00:00:00+09:00,330.0,330.0,270.0,275.0,596,0.0,0.0,0.0
2024-06-12 00:00:00+09:00,309.0,309.0,255.0,297.0,2459,0.0,0.0,0.0
2024-06-13 00:00:00+09:00,297.0,314.0,270.0,283.0,276,0.0,0.0,0.0
2024-06-14 00:00:00+09:00,283.0,309.0,242.0,304.0,543,0.0,0.0,0.0
2024-06-17 00:00:00+09:00,260.0,329.0,259.0,277.0,141,0.0,0.0,0.0
2024-06-18 00:00:00+09:00,316.0,316.0,264.0,280.0,4683,0.0,0.0,0.0
2024-06-19 00:00:00+09:00,280.0,311.0,253.0,300.0,15277,0.0,0.0,0.0
2024-06-20 00:00:00+09:00,300.0,344.0,264.0,300.0,825,0.0,0.0,0.0
2024-06-21 00:00:00+09:00,330.0,330.0,285.0,300.0,8650,0.0,0.0,0.0
2024-06-24 00:00:00+09:00,330.0,330.0,286.0,289.0,1670,0.0,0.0,0.0
2024-06-25 00:00:00+09:00,298.0,320.0,281.0,316.0,4171,0.0,0.0,0.0
2024-06-26 00:00:00+09:00,340.0,340.0,300.0,306.0,959,0.0,0.0,0.0
2024-06-27 00:00:00+09:00,339.0,339.0,270.0,312.0,1460,0.0,0.0,0.0
2024-06-28 00:00:00+09:00,313.0,356.0,299.0,301.0,16327,0.0,0.0,0.0
2024-07-01 00:00:00+09:00,315.0,325.0,261.0,325.0,4498,0.0,0.0,0.0
2024-07-02 00:00:00+09:00,349.0,354.0,310.0,348.0,8530,0.0,0.0,0.0
2024-07-03 00:00:00+09:00,349.0,400.0,297.0,314.0,34567,0.0,0.0,0.0
2024-07-04 00:00:00+09:00,359.0,359.0,286.0,312.0,3251,0.0,0.0,0.0
2024-07-05 00:00:00+09:00,354.0,354.0,283.0,315.0,2687,0.0,0.0,0.0
2024-07-08 00:00:00+09:00,361.0,362.0,269.0,362.0,19979,0.0,0.0,0.0
2024-07-09 00:00:00+09:00,410.0,416.0,340.0,416.0,36742,0.0,0.0,0.0
2024-07-10 00:00:00+09:00,354.0,476.0,354.0,448.0,16083,0.0,0.0,0.0
2024-07-11 00:00:00+09:00,435.0,514.0,382.0,510.0,13243,0.0,0.0,0.0
2024-07-12 00:00:00+09:00,580.0,580.0,434.0,489.0,9028,0.0,0.0,0.0
2024-07-15 00:00:00+09:00,562.0,562.0,416.0,416.0,10809,0.0,0.0,0.0
2024-07-16 00:00:00+09:00,356.0,419.0,355.0,364.0,10386,0.0,0.0,0.0
2024-07-17 00:00:00+09:00,398.0,398.0,310.0,310.0,32754,0.0,0.0,0.0
2024-07-18 00:00:00+09:00,310.0,330.0,264.0,315.0,45389,0.0,0.0,0.0
2024-07-19 00:00:00+09:00,301.0,337.0,300.0,323.0,9965,0.0,0.0,0.0
2024-07-22 00:00:00+09:00,370.0,370.0,295.0,296.0,5936,0.0,0.0,0.0
2024-07-23 00:00:00+09:00,329.0,329.0,290.0,312.0,8379,0.0,0.0,0.0
2024-07-24 00:00:00+09:00,290.0,349.0,290.0,332.0,4571,0.0,0.0,0.0
2024-07-25 00:00:00+09:00,350.0,350.0,300.0,325.0,2515,0.0,0.0,0.0
2024-07-26 00:00:00+09:00,290.0,325.0,282.0,295.0,14790,0.0,0.0,0.0
2024-07-29 00:00:00+09:00,265.0,300.0,264.0,291.0,5946,0.0,0.0,0.0
2024-07-30 00:00:00+09:00,290.0,290.0,266.0,290.0,1139,0.0,0.0,0.0
2024-07-31 00:00:00+09:00,333.0,333.0,268.0,320.0,437,0.0,0.0,0.0
2024-08-01 00:00:00+09:00,364.0,364.0,283.0,340.0,34,0.0,0.0,0.0
2024-08-02 00:00:00+09:00,386.0,386.0,289.0,292.0,24912,0.0,0.0,0.0
2024-08-05 00:00:00+09:00,291.0,299.0,265.0,294.0,8815,0.0,0.0,0.0
2024-08-06 00:00:00+09:00,338.0,338.0,255.0,285.0,12113,0.0,0.0,0.0
2024-08-07 00:00:00+09:00,285.0,285.0,263.0,274.0,14439,0.0,0.0,0.0
2024-08-08 00:00:00+09:00,309.0,309.0,261.0,280.0,6650,0.0,0.0,0.0
2024-08-09 00:00:00+09:00,285.0,285.0,270.0,280.0,8727,0.0,0.0,0.0
2024-08-12 00:00:00+09:00,260.0,290.0,260.0,280.0,5887,0.0,0.0,0.0
2024-08-13 00:00:00+09:00,280.0,285.0,265.0,280.0,11579,0.0,0.0,0.0
2024-08-14 00:00:00+09:00,280.0,285.0,275.0,280.0,7146,0.0,0.0,0.0
2024-08-16 00:00:00+09:00,271.0,315.0,271.0,286.0,18251,0.0,0.0,0.0
2024-08-19 00:00:00+09:00,310.0,310.0,290.0,309.0,13372,0.0,0.0,0.0
2024-08-20 00:00:00+09:00,311.0,330.0,310.0,315.0,17826,0.0,0.0,0.0
2024-08-21 00:00:00+09:00,315.0,360.0,314.0,340.0,48726,0.0,0.0,0.0
2024-08-22 00:00:00+09:00,325.0,391.0,325.0,391.0,181128,0.0,0.0,0.0
2024-08-23 00:00:00+09:00,439.0,439.0,333.0,350.0,76179,0.0,0.0,0.0
2024-08-26 00:00:00+09:00,300.0,401.0,300.0,347.0,33,0.0,0.0,0.0
2024-08-27 00:00:00+09:00,365.0,365.0,295.0,295.0,41591,0.0,0.0,0.0
2024-08-28 00:00:00+09:00,255.0,320.0,255.0,280.0,19755,0.0,0.0,0.0
2024-08-29 00:00:00+09:00,320.0,322.0,252.0,322.0,4397,0.0,0.0,0.0
2024-08-30 00:00:00+09:00,370.0,370.0,282.0,300.0,20369,0.0,0.0,0.0
2024-09-02 00:00:00+09:00,300.0,345.0,261.0,318.0,3240,0.0,0.0,0.0
2024-09-03 00:00:00+09:00,364.0,364.0,275.0,276.0,9863,0.0,0.0,0.0
2024-09-04 00:00:00+09:00,256.0,290.0,252.0,280.0,13805,0.0,0.0,0.0
2024-09-05 00:00:00+09:00,318.0,318.0,285.0,300.0,3802,0.0,0.0,0.0
2024-09-06 00:00:00+09:00,300.0,345.0,282.0,286.0,1342,0.0,0.0,0.0
2024-09-09 00:00:00+09:00,289.0,289.0,270.0,286.0,22377,0.0,0.0,0.0
2024-09-10 00:00:00+09:00,290.0,290.0,280.0,284.0,491,0.0,0.0,0.0
2024-09-11 00:00:00+09:00,283.0,288.0,275.0,275.0,1359,0.0,0.0,0.0
2024-09-12 00:00:00+09:00,275.0,290.0,275.0,286.0,6455,0.0,0.0,0.0
2024-09-13 00:00:00+09:00,286.0,325.0,280.0,280.0,301,0.0,0.0,0.0
2024-09-19 00:00:00+09:00,320.0,320.0,280.0,283.0,1518,0.0,0.0,0.0
2024-09-20 00:00:00+09:00,309.0,309.0,246.0,280.0,3838,0.0,0.0,0.0
2024-09-23 00:00:00+09:00,285.0,299.0,238.0,293.0,10192,0.0,0.0,0.0
2024-09-24 00:00:00+09:00,333.0,333.0,263.0,308.0,160,0.0,0.0,0.0
2024-09-25 00:00:00+09:00,353.0,353.0,263.0,299.0,8189,0.0,0.0,0.0
2024-09-26 00:00:00+09:00,317.0,320.0,272.0,316.0,8911,0.0,0.0,0.0
2024-09-27 00:00:00+09:00,314.0,314.0,282.0,298.0,1624,0.0,0.0,0.0
2024-09-30 00:00:00+09:00,340.0,340.0,257.0,295.0,39,0.0,0.0,0.0
2024-10-02 00:00:00+09:00,339.0,339.0,256.0,308.0,321,0.0,0.0,0.0
2024-10-04 00:00:00+09:00,345.0,345.0,262.0,290.0,25983,0.0,0.0,0.0
2024-10-07 00:00:00+09:00,305.0,315.0,270.0,313.0,5447,0.0,0.0,0.0
2024-10-08 00:00:00+09:00,313.0,313.0,268.0,297.0,2017,0.0,0.0,0.0
2024-10-10 00:00:00+09:00,313.0,313.0,261.0,303.0,2420,0.0,0.0,0.0
2024-10-11 00:00:00+09:00,314.0,314.0,271.0,280.0,645,0.0,0.0,0.0
2024-10-14 00:00:00+09:00,279.0,285.0,262.0,271.0,2524,0.0,0.0,0.0
2024-10-15 00:00:00+09:00,275.0,299.0,269.0,289.0,187,0.0,0.0,0.0
2024-10-16 00:00:00+09:00,305.0,305.0,273.0,273.0,167,0.0,0.0,0.0
2024-10-17 00:00:00+09:00,273.0,290.0,257.0,268.0,2105,0.0,0.0,0.0
2024-10-18 00:00:00+09:00,268.0,308.0,256.0,307.0,14106,0.0,0.0,0.0
2024-10-21 00:00:00+09:00,300.0,315.0,270.0,314.0,6320,0.0,0.0,0.0
2024-10-22 00:00:00+09:00,314.0,314.0,272.0,279.0,997,0.0,0.0,0.0
2024-10-23 00:00:00+09:00,314.0,314.0,280.0,280.0,6807,0.0,0.0,0.0
2024-10-24 00:00:00+09:00,280.0,309.0,273.0,281.0,11612,0.0,0.0,0.0
2024-10-25 00:00:00+09:00,323.0,323.0,255.0,313.0,184,0.0,0.0,0.0
2024-10-28 00:00:00+09:00,357.0,357.0,280.0,280.0,4581,0.0,0.0,0.0
2024-10-29 00:00:00+09:00,295.0,295.0,255.0,295.0,609,0.0,0.0,0.0
2024-10-30 00:00:00+09:00,295.0,295.0,251.0,260.0,57392,0.0,0.0,0.0
2024-10-31 00:00:00+09:00,222.0,290.0,221.0,272.0,11658,0.0,0.0,0.0
2024-11-01 00:00:00+09:00,280.0,280.0,235.0,270.0,2226,0.0,0.0,0.0
2024-11-04 00:00:00+09:00,270.0,278.0,242.0,269.0,1310,0.0,0.0,0.0
2024-11-05 00:00:00+09:00,300.0,300.0,240.0,240.0,9073,0.0,0.0,0.0
2024-11-06 00:00:00+09:00,240.0,258.0,206.0,233.0,18568,0.0,0.0,0.0
2024-11-07 00:00:00+09:00,200.0,249.0,200.0,230.0,2699,0.0,0.0,0.0
2024-11-08 00:00:00+09:00,250.0,260.0,196.0,230.0,288,0.0,0.0,0.0
2024-11-11 00:00:00+09:00,264.0,264.0,231.0,235.0,1398,0.0,0.0,0.0
2024-11-12 00:00:00+09:00,265.0,265.0,200.0,213.0,4023,0.0,0.0,0.0
2024-11-13 00:00:00+09:00,213.0,244.0,213.0,234.0,2214,0.0,0.0,0.0
2024-11-14 00:00:00+09:00,234.0,240.0,199.0,220.0,25424,0.0,0.0,0.0
2024-11-15 00:00:00+09:00,201.0,253.0,201.0,225.0,2746,0.0,0.0,0.0
2024-11-18 00:00:00+09:00,201.0,254.0,201.0,249.0,266,0.0,0.0,0.0
2024-11-19 00:00:00+09:00,284.0,284.0,214.0,240.0,793,0.0,0.0,0.0
2024-11-20 00:00:00+09:00,206.0,259.0,206.0,239.0,6784,0.0,0.0,0.0
2024-11-21 00:00:00+09:00,272.0,272.0,219.0,240.0,2210,0.0,0.0,0.0
2024-11-22 00:00:00+09:00,274.0,274.0,207.0,207.0,9065,0.0,0.0,0.0
2024-11-25 00:00:00+09:00,235.0,236.0,202.0,206.0,4348,0.0,0.0,0.0
2024-11-26 00:00:00+09:00,220.0,236.0,206.0,225.0,4038,0.0,0.0,0.0
2024-11-27 00:00:00+09:00,224.0,250.0,208.0,225.0,7751,0.0,0.0,0.0
2024-11-28 00:00:00+09:00,256.0,256.0,195.0,213.0,6624,0.0,0.0,0.0
2024-11-29 00:00:00+09:00,213.0,244.0,185.0,213.0,15450,0.0,0.0,0.0
