Date,Open,High,Low,Close,Volume,Dividends,Stock Splits
2013-03-20 00:00:00+08:00,10.103094100952148,10.103094100952148,10.103094100952148,10.103094100952148,7874,0.0,0.0
2013-03-21 00:00:00+08:00,10.103094100952148,10.103094100952148,10.103094100952148,10.103094100952148,0,0.0,0.0
2013-03-22 00:00:00+08:00,10.103094100952148,10.103094100952148,10.103094100952148,10.103094100952148,0,0.0,0.0
2013-03-25 00:00:00+08:00,10.067888259887695,10.067888259887695,10.067888259887695,10.067888259887695,1312,0.0,0.0
2013-03-26 00:00:00+08:00,10.067888259887695,10.067888259887695,10.067888259887695,10.067888259887695,3937,0.0,0.0
2013-03-27 00:00:00+08:00,10.067888259887695,10.067888259887695,10.067888259887695,10.067888259887695,3937,0.0,0.0
2013-03-28 00:00:00+08:00,10.03269100189209,10.067892696774699,10.03269100189209,10.03269100189209,15748,0.0,0.0
2013-03-29 00:00:00+08:00,10.03269100189209,10.03269100189209,10.03269100189209,10.03269100189209,0,0.0,0.0
2013-04-01 00:00:00+08:00,10.03269100189209,10.03269100189209,10.03269100189209,10.03269100189209,0,0.0,0.0
2013-04-02 00:00:00+08:00,10.03269100189209,10.03269100189209,10.03269100189209,10.03269100189209,0,0.0,0.0
2013-04-03 00:00:00+08:00,10.03269100189209,10.03269100189209,10.03269100189209,10.03269100189209,0,0.0,0.0
2013-04-08 00:00:00+08:00,10.03269100189209,10.03269100189209,10.03269100189209,10.03269100189209,0,0.0,0.0
2013-04-09 00:00:00+08:00,10.03269100189209,10.03269100189209,10.03269100189209,10.03269100189209,0,0.0,0.0
2013-04-10 00:00:00+08:00,10.03269100189209,10.03269100189209,10.03269100189209,10.03269100189209,0,0.0,0.0
2013-04-11 00:00:00+08:00,10.067888259887695,10.067888259887695,10.067888259887695,10.067888259887695,3937,0.0,0.0
2013-04-12 00:00:00+08:00,10.067888259887695,10.067888259887695,10.067888259887695,10.067888259887695,0,0.0,0.0
2013-04-15 00:00:00+08:00,10.208701133728027,10.208701133728027,10.208701133728027,10.208701133728027,3937,0.0,0.0
2013-04-16 00:00:00+08:00,10.208701133728027,10.208701133728027,10.208701133728027,10.208701133728027,0,0.0,0.0
2013-04-17 00:00:00+08:00,10.138296127319336,10.550164170672472,10.138296127319336,10.138296127319336,10499,0.0,0.0
2013-04-18 00:00:00+08:00,10.138296127319336,10.138296127319336,10.138296127319336,10.138296127319336,0,0.0,0.0
2013-04-19 00:00:00+08:00,10.025649070739746,10.06789145185065,10.025649070739746,10.025649070739746,13123,0.0,0.0
2013-04-22 00:00:00+08:00,10.560724258422852,10.560724258422852,10.138295217590922,10.560724258422852,5249,0.0,0.0
2013-04-23 00:00:00+08:00,10.51848030090332,10.560723554646458,10.51848030090332,10.51848030090332,7874,0.0,0.0
2013-04-24 00:00:00+08:00,10.560724258422852,10.560724258422852,10.560724258422852,10.560724258422852,1312,0.0,0.0
2013-04-25 00:00:00+08:00,10.560724258422852,10.560724258422852,10.560724258422852,10.560724258422852,2624,0.0,0.0
2013-04-26 00:00:00+08:00,10.525522232055664,10.595927369539394,10.525522232055664,10.525522232055664,5249,0.0,0.0
2013-04-29 00:00:00+08:00,10.595928192138672,10.595928192138672,10.595928192138672,10.595928192138672,3937,0.0,0.0
2013-04-30 00:00:00+08:00,10.595928192138672,10.595928192138672,10.595928192138672,10.595928192138672,0,0.0,0.0
2013-05-02 00:00:00+08:00,10.595928192138672,10.595928192138672,10.595928192138672,10.595928192138672,0,0.0,0.0
2013-05-03 00:00:00+08:00,11.078201293945312,11.078201293945312,11.078201293945312,11.078201293945312,1312,0.0,0.0
2013-05-06 00:00:00+08:00,11.078201293945312,11.078201293945312,11.078201293945312,11.078201293945312,0,0.0,0.0
2013-05-07 00:00:00+08:00,11.078201293945312,11.078201293945312,11.078201293945312,11.078201293945312,0,0.0,0.0
2013-05-08 00:00:00+08:00,11.078201293945312,11.078201293945312,11.078201293945312,11.078201293945312,0,0.0,0.0
2013-05-09 00:00:00+08:00,11.078201293945312,11.078201293945312,11.078201293945312,11.078201293945312,0,0.0,0.0
2013-05-10 00:00:00+08:00,11.560474395751953,11.560474395751953,11.078201201678638,11.560474395751953,11811,0.0,0.0
2013-05-13 00:00:00+08:00,11.609757423400879,11.609757423400879,11.609757423400879,11.609757423400879,3937,0.0,0.0
2013-05-14 00:00:00+08:00,11.669602394104004,11.669602394104004,11.616798974687045,11.669602394104004,20998,0.0,0.0
2013-05-15 00:00:00+08:00,11.669602394104004,11.669602394104004,11.616798974687045,11.669602394104004,18373,0.0,0.0
2013-05-16 00:00:00+08:00,11.669602394104004,11.669602394104004,11.669602394104004,11.669602394104004,0,0.0,0.0
2013-05-17 00:00:00+08:00,11.669602394104004,11.669602394104004,11.669602394104004,11.669602394104004,0,0.0,0.0
2013-05-20 00:00:00+08:00,12.165956497192383,12.165956497192383,12.165956497192383,12.165956497192383,7874,0.0,0.0
2013-05-21 00:00:00+08:00,12.59542465209961,12.59542465209961,12.59542465209961,12.59542465209961,1312,0.0,0.0
2013-05-22 00:00:00+08:00,12.59542465209961,12.59542465209961,12.59542465209961,12.59542465209961,0,0.0,0.0
2013-05-23 00:00:00+08:00,12.59542465209961,12.59542465209961,12.59542465209961,12.59542465209961,0,0.0,0.0
2013-05-24 00:00:00+08:00,12.59542465209961,12.59542465209961,12.59542465209961,12.59542465209961,0,0.0,0.0
2013-05-27 00:00:00+08:00,12.59542465209961,12.59542465209961,12.59542465209961,12.59542465209961,0,0.0,0.0
2013-05-28 00:00:00+08:00,12.59542465209961,12.59542465209961,12.59542465209961,12.59542465209961,0,0.0,0.0
2013-05-29 00:00:00+08:00,12.59542465209961,12.59542465209961,12.59542465209961,12.59542465209961,1312,0.0,0.0
2013-05-30 00:00:00+08:00,12.59542465209961,12.59542465209961,12.59542465209961,12.59542465209961,0,0.0,0.0
2013-05-31 00:00:00+08:00,12.59542465209961,12.59542465209961,12.59542465209961,12.59542465209961,0,0.0,0.0
2013-06-03 00:00:00+08:00,12.59542465209961,12.59542465209961,12.59542465209961,12.59542465209961,0,0.0,0.0
2013-06-04 00:00:00+08:00,12.59542465209961,12.59542465209961,12.59542465209961,12.59542465209961,0,0.0,0.0
2013-06-05 00:00:00+08:00,12.59542465209961,12.59542465209961,12.59542465209961,12.59542465209961,0,0.0,0.0
2013-06-06 00:00:00+08:00,12.59542465209961,12.59542465209961,12.59542465209961,12.59542465209961,0,0.0,0.0
2013-06-07 00:00:00+08:00,12.59542465209961,12.59542465209961,12.59542465209961,12.59542465209961,0,0.0,0.0
2013-06-10 00:00:00+08:00,12.59542465209961,12.59542465209961,12.59542465209961,12.59542465209961,0,0.0,0.0
2013-06-11 00:00:00+08:00,12.59542465209961,12.59542465209961,12.59542465209961,12.59542465209961,0,0.0,0.0
2013-06-13 00:00:00+08:00,12.59542465209961,12.59542465209961,12.59542465209961,12.59542465209961,0,0.0,0.0
2013-06-14 00:00:00+08:00,12.59542465209961,12.59542465209961,12.59542465209961,12.59542465209961,0,0.0,0.0
2013-06-17 00:00:00+08:00,12.59542465209961,12.59542465209961,12.59542465209961,12.59542465209961,0,0.0,0.0
2013-06-18 00:00:00+08:00,12.59542465209961,12.59542465209961,12.59542465209961,12.59542465209961,0,0.0,0.0
2013-06-19 00:00:00+08:00,12.59542465209961,12.59542465209961,12.59542465209961,12.59542465209961,0,0.0,0.0
2013-06-20 00:00:00+08:00,12.59542465209961,12.59542465209961,12.59542465209961,12.59542465209961,0,0.0,0.0
2013-06-21 00:00:00+08:00,12.59542465209961,12.59542465209961,12.59542465209961,12.59542465209961,0,0.0,0.0
2013-06-24 00:00:00+08:00,12.59542465209961,12.59542465209961,12.59542465209961,12.59542465209961,0,0.0,0.0
2013-06-25 00:00:00+08:00,12.59542465209961,12.59542465209961,12.59542465209961,12.59542465209961,0,0.0,0.0
2013-06-26 00:00:00+08:00,12.59542465209961,12.59542465209961,12.59542465209961,12.59542465209961,0,0.0,0.0
2013-06-27 00:00:00+08:00,12.59542465209961,12.59542465209961,12.59542465209961,12.59542465209961,0,0.0,0.0
2013-06-28 00:00:00+08:00,12.59542465209961,12.59542465209961,12.59542465209961,12.59542465209961,0,0.0,0.0
2013-07-01 00:00:00+08:00,12.59542465209961,12.59542465209961,12.59542465209961,12.59542465209961,0,0.0,0.0
2013-07-02 00:00:00+08:00,12.59542465209961,12.59542465209961,12.59542465209961,12.59542465209961,0,0.0,0.0
2013-07-03 00:00:00+08:00,12.59542465209961,12.59542465209961,12.59542465209961,12.59542465209961,0,0.0,0.0
2013-07-04 00:00:00+08:00,12.59542465209961,12.59542465209961,12.59542465209961,12.59542465209961,0,0.0,0.0
2013-07-05 00:00:00+08:00,12.59542465209961,12.59542465209961,12.59542465209961,12.59542465209961,0,0.0,0.0
2013-07-08 00:00:00+08:00,12.59542465209961,12.59542465209961,12.59542465209961,12.59542465209961,0,0.0,0.0
2013-07-09 00:00:00+08:00,12.59542465209961,12.59542465209961,12.59542465209961,12.59542465209961,0,0.0,0.0
2013-07-10 00:00:00+08:00,12.59542465209961,12.59542465209961,12.59542465209961,12.59542465209961,0,0.0,0.0
2013-07-11 00:00:00+08:00,12.59542465209961,12.59542465209961,12.59542465209961,12.59542465209961,0,0.0,0.0
2013-07-12 00:00:00+08:00,12.59542465209961,12.59542465209961,12.59542465209961,12.59542465209961,0,0.0,0.0
2013-07-15 00:00:00+08:00,12.59542465209961,12.59542465209961,12.59542465209961,12.59542465209961,0,0.0,0.0
2013-07-16 00:00:00+08:00,12.59542465209961,12.59542465209961,12.59542465209961,12.59542465209961,0,0.0,0.0
2013-07-17 00:00:00+08:00,12.59542465209961,12.59542465209961,12.59542465209961,12.59542465209961,0,0.0,0.0
2013-07-18 00:00:00+08:00,12.59542465209961,12.59542465209961,12.59542465209961,12.59542465209961,0,0.0,0.0
2013-07-19 00:00:00+08:00,12.59542465209961,12.59542465209961,12.59542465209961,12.59542465209961,0,0.0,0.0
2013-07-22 00:00:00+08:00,13.146565437316895,13.146565437316895,13.146565437316895,13.146565437316895,0,1.142945,0.0
2013-07-23 00:00:00+08:00,12.569704055786133,12.569704055786133,12.569704055786133,12.569704055786133,1312,0.0,0.0
2013-07-24 00:00:00+08:00,12.602773666381836,12.602773666381836,12.602773666381836,12.602773666381836,1312,0.0,0.0
2013-07-25 00:00:00+08:00,12.602773666381836,12.602773666381836,12.602773666381836,12.602773666381836,131,0.0,0.0
2013-07-26 00:00:00+08:00,12.602773666381836,12.602773666381836,12.602773666381836,12.602773666381836,0,0.0,0.0
2013-07-29 00:00:00+08:00,12.602773666381836,12.602773666381836,12.602773666381836,12.602773666381836,0,0.0,0.0
2013-07-30 00:00:00+08:00,12.602773666381836,12.602773666381836,12.602773666381836,12.602773666381836,2624,0.0,0.0
2013-07-31 00:00:00+08:00,12.67625904083252,12.731373910382139,12.67625904083252,12.67625904083252,6561,0.0,0.0
2013-08-01 00:00:00+08:00,12.67625904083252,12.67625904083252,12.67625904083252,12.67625904083252,0,0.0,0.0
2013-08-02 00:00:00+08:00,12.760769844055176,12.760769844055176,12.760769844055176,12.760769844055176,1312,0.0,0.0
2013-08-05 00:00:00+08:00,12.760769844055176,12.760769844055176,12.760769844055176,12.760769844055176,0,0.0,0.0
2013-08-06 00:00:00+08:00,12.760769844055176,12.760769844055176,12.760769844055176,12.760769844055176,0,0.0,0.0
2013-08-07 00:00:00+08:00,12.760769844055176,12.760769844055176,12.760769844055176,12.760769844055176,0,0.0,0.0
2013-08-08 00:00:00+08:00,12.760769844055176,12.760769844055176,12.760769844055176,12.760769844055176,0,0.0,0.0
2013-08-09 00:00:00+08:00,12.760769844055176,12.760769844055176,12.760769844055176,12.760769844055176,1312,0.0,0.0
2013-08-12 00:00:00+08:00,12.67625904083252,12.67625904083252,12.67625904083252,12.67625904083252,3937,0.0,0.0
2013-08-13 00:00:00+08:00,12.67625904083252,12.67625904083252,12.67625904083252,12.67625904083252,0,0.0,0.0
2013-08-14 00:00:00+08:00,12.67625904083252,12.67625904083252,12.67625904083252,12.67625904083252,0,0.0,0.0
2013-08-15 00:00:00+08:00,12.67625904083252,12.67625904083252,12.67625904083252,12.67625904083252,0,0.0,0.0
2013-08-16 00:00:00+08:00,12.67625904083252,12.67625904083252,12.67625904083252,12.67625904083252,0,0.0,0.0
2013-08-19 00:00:00+08:00,12.67625904083252,12.67625904083252,12.67625904083252,12.67625904083252,0,0.0,0.0
2013-08-20 00:00:00+08:00,12.67625904083252,12.67625904083252,12.67625904083252,12.67625904083252,0,0.0,0.0
2013-08-22 00:00:00+08:00,12.67625904083252,12.67625904083252,12.67625904083252,12.67625904083252,0,0.0,0.0
2013-08-23 00:00:00+08:00,12.749744415283203,12.749744415283203,12.749744415283203,12.749744415283203,1312,0.0,0.0
2013-08-26 00:00:00+08:00,12.80118465423584,12.80118465423584,12.76076824770792,12.80118465423584,5249,0.0,0.0
2013-08-27 00:00:00+08:00,12.694628715515137,12.694628715515137,12.694628715515137,12.694628715515137,1312,0.0,0.0
2013-08-28 00:00:00+08:00,12.694628715515137,12.694628715515137,12.694628715515137,12.694628715515137,0,0.0,0.0
2013-08-29 00:00:00+08:00,12.694628715515137,12.694628715515137,12.694628715515137,12.694628715515137,0,0.0,0.0
2013-08-30 00:00:00+08:00,12.694628715515137,12.694628715515137,12.694628715515137,12.694628715515137,0,0.0,0.0
2013-09-02 00:00:00+08:00,12.694628715515137,12.694628715515137,12.694628715515137,12.694628715515137,0,0.0,0.0
2013-09-03 00:00:00+08:00,12.694628715515137,12.694628715515137,12.694628715515137,12.694628715515137,0,0.0,0.0
2013-09-04 00:00:00+08:00,12.694628715515137,12.694628715515137,12.694628715515137,12.694628715515137,0,0.0,0.0
2013-09-05 00:00:00+08:00,12.694628715515137,12.694628715515137,12.694628715515137,12.694628715515137,0,0.0,0.0
2013-09-06 00:00:00+08:00,12.694628715515137,12.694628715515137,12.694628715515137,12.694628715515137,0,0.0,0.0
2013-09-09 00:00:00+08:00,12.694628715515137,12.694628715515137,12.694628715515137,12.694628715515137,1312,0.0,0.0
2013-09-10 00:00:00+08:00,12.694628715515137,12.694628715515137,12.694628715515137,12.694628715515137,0,0.0,0.0
2013-09-11 00:00:00+08:00,12.694628715515137,12.694628715515137,12.694628715515137,12.694628715515137,0,0.0,0.0
2013-09-12 00:00:00+08:00,13.341303825378418,13.341303825378418,13.227400618008641,13.341303825378418,5249,0.0,0.0
2013-09-13 00:00:00+08:00,13.341303825378418,13.341303825378418,12.713002210946486,13.341303825378418,1442,0.0,0.0
2013-09-16 00:00:00+08:00,13.341303825378418,13.341303825378418,13.341303825378418,13.341303825378418,1312,0.0,0.0
2013-09-17 00:00:00+08:00,13.341303825378418,13.341303825378418,13.341303825378418,13.341303825378418,0,0.0,0.0
2013-09-18 00:00:00+08:00,13.341303825378418,13.341303825378418,13.341303825378418,13.341303825378418,0,0.0,0.0
2013-09-23 00:00:00+08:00,13.81528377532959,13.921837275099854,13.34130184533668,13.81528377532959,15748,0.0,0.0
2013-09-24 00:00:00+08:00,13.81528377532959,13.81528377532959,13.81528377532959,13.81528377532959,0,0.0,0.0
2013-09-25 00:00:00+08:00,13.81528377532959,13.81528377532959,13.81528377532959,13.81528377532959,0,0.0,0.0
2013-09-26 00:00:00+08:00,13.264142990112305,13.264142990112305,13.264142990112305,13.264142990112305,1312,0.0,0.0
2013-09-27 00:00:00+08:00,13.264142990112305,13.264142990112305,13.264142990112305,13.264142990112305,7874,0.0,0.0
2013-09-30 00:00:00+08:00,12.78648853302002,12.78648853302002,12.74239681900942,12.78648853302002,3937,0.0,0.0
2013-10-01 00:00:00+08:00,12.78648853302002,12.78648853302002,12.78648853302002,12.78648853302002,3937,0.0,0.0
2013-10-02 00:00:00+08:00,12.78648853302002,12.78648853302002,12.78648853302002,12.78648853302002,0,0.0,0.0
2013-10-03 00:00:00+08:00,13.319258689880371,13.319258689880371,13.319258689880371,13.319258689880371,3937,0.0,0.0
2013-10-04 00:00:00+08:00,13.341303825378418,13.341303825378418,13.341303825378418,13.341303825378418,164,0.0,0.0
2013-10-07 00:00:00+08:00,13.341303825378418,13.341303825378418,13.341303825378418,13.341303825378418,1312,0.0,0.0
2013-10-08 00:00:00+08:00,13.341303825378418,13.341303825378418,13.341303825378418,13.341303825378418,0,0.0,0.0
2013-10-09 00:00:00+08:00,13.341303825378418,13.341303825378418,13.341303825378418,13.341303825378418,0,0.0,0.0
2013-10-11 00:00:00+08:00,13.341303825378418,13.341303825378418,13.341303825378418,13.341303825378418,0,0.0,0.0
2013-10-14 00:00:00+08:00,13.341303825378418,13.341303825378418,13.341303825378418,13.341303825378418,1312,0.0,0.0
2013-10-15 00:00:00+08:00,13.264142990112305,13.264142990112305,13.264142990112305,13.264142990112305,3937,0.0,0.0
2013-10-16 00:00:00+08:00,13.264142990112305,13.264142990112305,13.264142990112305,13.264142990112305,0,0.0,0.0
2013-10-17 00:00:00+08:00,13.264142990112305,13.264142990112305,13.264142990112305,13.264142990112305,0,0.0,0.0
2013-10-18 00:00:00+08:00,13.264142990112305,13.264142990112305,13.264142990112305,13.264142990112305,0,0.0,0.0
2013-10-21 00:00:00+08:00,13.264142990112305,13.264142990112305,13.264142990112305,13.264142990112305,0,0.0,0.0
2013-10-22 00:00:00+08:00,13.264142990112305,13.264142990112305,13.264142990112305,13.264142990112305,0,0.0,0.0
2013-10-23 00:00:00+08:00,13.264142990112305,13.264142990112305,13.264142990112305,13.264142990112305,0,0.0,0.0
2013-10-24 00:00:00+08:00,13.264142990112305,13.264142990112305,13.264142990112305,13.264142990112305,0,0.0,0.0
2013-10-25 00:00:00+08:00,13.319258689880371,13.319258689880371,13.319258689880371,13.319258689880371,2624,0.0,0.0
2013-10-28 00:00:00+08:00,13.319258689880371,13.319258689880371,13.319258689880371,13.319258689880371,0,0.0,0.0
2013-10-29 00:00:00+08:00,13.319258689880371,13.319258689880371,13.319258689880371,13.319258689880371,0,0.0,0.0
2013-10-30 00:00:00+08:00,12.67625904083252,12.67625904083252,12.67625904083252,12.67625904083252,262,0.0,0.0
2013-10-31 00:00:00+08:00,12.67625904083252,12.67625904083252,12.67625904083252,12.67625904083252,0,0.0,0.0
2013-11-01 00:00:00+08:00,13.319258689880371,13.319258689880371,13.319258689880371,13.319258689880371,3937,0.0,0.0
2013-11-04 00:00:00+08:00,13.319258689880371,13.319258689880371,13.319258689880371,13.319258689880371,0,0.0,0.0
2013-11-05 00:00:00+08:00,13.319258689880371,13.319258689880371,13.319258689880371,13.319258689880371,0,0.0,0.0
2013-11-06 00:00:00+08:00,13.727100372314453,13.727100372314453,13.341301853963,13.727100372314453,5249,0.0,0.0
2013-11-07 00:00:00+08:00,13.727100372314453,13.727100372314453,13.727100372314453,13.727100372314453,3937,0.0,0.0
2013-11-08 00:00:00+08:00,13.727100372314453,13.727100372314453,13.727100372314453,13.727100372314453,0,0.0,0.0
2013-11-11 00:00:00+08:00,13.727100372314453,13.727100372314453,13.727100372314453,13.727100372314453,0,0.0,0.0
2013-11-12 00:00:00+08:00,13.727100372314453,13.727100372314453,13.727100372314453,13.727100372314453,0,0.0,0.0
2013-11-13 00:00:00+08:00,13.727100372314453,13.727100372314453,13.727100372314453,13.727100372314453,0,0.0,0.0
2013-11-14 00:00:00+08:00,13.727100372314453,13.727100372314453,13.727100372314453,13.727100372314453,0,0.0,0.0
2013-11-15 00:00:00+08:00,13.411112785339355,13.411112785339355,13.411112785339355,13.411112785339355,1312,0.0,0.0
2013-11-18 00:00:00+08:00,13.921836853027344,13.921836853027344,13.921836853027344,13.921836853027344,1312,0.0,0.0
2013-11-19 00:00:00+08:00,13.921836853027344,13.921836853027344,13.921836853027344,13.921836853027344,0,0.0,0.0
2013-11-20 00:00:00+08:00,13.411112785339355,13.411112785339355,13.411112785339355,13.411112785339355,1312,0.0,0.0
2013-11-21 00:00:00+08:00,13.411112785339355,13.411112785339355,13.411112785339355,13.411112785339355,0,0.0,0.0
2013-11-22 00:00:00+08:00,13.411112785339355,13.411112785339355,13.411112785339355,13.411112785339355,0,0.0,0.0
2013-11-25 00:00:00+08:00,13.411112785339355,13.411112785339355,13.411112785339355,13.411112785339355,0,0.0,0.0
2013-11-26 00:00:00+08:00,13.411112785339355,13.411112785339355,13.411112785339355,13.411112785339355,0,0.0,0.0
2013-11-27 00:00:00+08:00,13.411112785339355,13.411112785339355,13.411112785339355,13.411112785339355,0,0.0,0.0
2013-11-28 00:00:00+08:00,13.411112785339355,13.411112785339355,13.411112785339355,13.411112785339355,0,0.0,0.0
2013-11-29 00:00:00+08:00,13.411112785339355,13.411112785339355,13.411112785339355,13.411112785339355,0,0.0,0.0
2013-12-02 00:00:00+08:00,13.411112785339355,13.411112785339355,13.411112785339355,13.411112785339355,0,0.0,0.0
2013-12-03 00:00:00+08:00,13.411112785339355,13.411112785339355,13.411112785339355,13.411112785339355,0,0.0,0.0
2013-12-04 00:00:00+08:00,13.411112785339355,13.411112785339355,13.411112785339355,13.411112785339355,0,0.0,0.0
2013-12-05 00:00:00+08:00,13.411112785339355,13.411112785339355,13.411112785339355,13.411112785339355,0,0.0,0.0
2013-12-06 00:00:00+08:00,13.411112785339355,13.411112785339355,13.411112785339355,13.411112785339355,0,0.0,0.0
2013-12-09 00:00:00+08:00,13.411112785339355,13.411112785339355,13.411112785339355,13.411112785339355,0,0.0,0.0
2013-12-10 00:00:00+08:00,13.411112785339355,13.411112785339355,13.411112785339355,13.411112785339355,0,0.0,0.0
2013-12-11 00:00:00+08:00,13.411112785339355,13.411112785339355,13.411112785339355,13.411112785339355,0,0.0,0.0
2013-12-12 00:00:00+08:00,13.411112785339355,13.411112785339355,13.411112785339355,13.411112785339355,0,0.0,0.0
2013-12-13 00:00:00+08:00,13.411112785339355,13.411112785339355,13.411112785339355,13.411112785339355,0,0.0,0.0
2013-12-16 00:00:00+08:00,13.778546333312988,13.778546333312988,13.41111867635702,13.778546333312988,5249,0.0,0.0
2013-12-17 00:00:00+08:00,13.778546333312988,13.778546333312988,13.778546333312988,13.778546333312988,0,0.0,0.0
2013-12-18 00:00:00+08:00,13.778546333312988,13.778546333312988,13.778546333312988,13.778546333312988,0,0.0,0.0
2013-12-19 00:00:00+08:00,13.778546333312988,13.778546333312988,13.778546333312988,13.778546333312988,0,0.0,0.0
2013-12-20 00:00:00+08:00,13.778546333312988,13.778546333312988,13.778546333312988,13.778546333312988,0,0.0,0.0
2013-12-23 00:00:00+08:00,13.778546333312988,13.778546333312988,13.778546333312988,13.778546333312988,0,0.0,0.0
2013-12-24 00:00:00+08:00,13.778546333312988,13.778546333312988,13.778546333312988,13.778546333312988,0,0.0,0.0
2013-12-25 00:00:00+08:00,13.778546333312988,13.778546333312988,13.778546333312988,13.778546333312988,0,0.0,0.0
2013-12-26 00:00:00+08:00,13.778546333312988,13.778546333312988,13.778546333312988,13.778546333312988,0,0.0,0.0
2013-12-27 00:00:00+08:00,13.778546333312988,13.778546333312988,13.778546333312988,13.778546333312988,0,0.0,0.0
2013-12-30 00:00:00+08:00,13.778546333312988,13.778546333312988,13.778546333312988,13.778546333312988,0,0.0,0.0
2013-12-31 00:00:00+08:00,13.778546333312988,13.778546333312988,13.778546333312988,13.778546333312988,0,0.0,0.0
2014-01-02 00:00:00+08:00,13.778546333312988,13.778546333312988,13.778546333312988,13.778546333312988,0,0.0,0.0
2014-01-03 00:00:00+08:00,13.778546333312988,13.778546333312988,13.778546333312988,13.778546333312988,0,0.0,0.0
2014-01-06 00:00:00+08:00,13.778546333312988,13.778546333312988,13.778546333312988,13.778546333312988,0,0.0,0.0
2014-01-07 00:00:00+08:00,13.778546333312988,13.778546333312988,13.778546333312988,13.778546333312988,3937,0.0,0.0
2014-01-08 00:00:00+08:00,13.921836853027344,13.921836853027344,13.921836853027344,13.921836853027344,2624,0.0,0.0
2014-01-09 00:00:00+08:00,13.921836853027344,13.921836853027344,13.921836853027344,13.921836853027344,2624,0.0,0.0
2014-01-10 00:00:00+08:00,13.921836853027344,13.921836853027344,13.921836853027344,13.921836853027344,0,0.0,0.0
2014-01-13 00:00:00+08:00,13.921836853027344,13.921836853027344,13.921836853027344,13.921836853027344,0,0.0,0.0
2014-01-14 00:00:00+08:00,13.72342586517334,13.72342586517334,13.72342586517334,13.72342586517334,1312,0.0,0.0
2014-01-15 00:00:00+08:00,13.921836853027344,13.921836853027344,13.921836853027344,13.921836853027344,0,0.0,0.0
2014-01-16 00:00:00+08:00,13.921836853027344,13.921836853027344,13.921836853027344,13.921836853027344,0,0.0,0.0
2014-01-17 00:00:00+08:00,13.921836853027344,13.921836853027344,13.921836853027344,13.921836853027344,0,0.0,0.0
2014-01-20 00:00:00+08:00,13.484600067138672,13.723427780359925,13.411114192418543,13.484600067138672,6561,0.0,0.0
2014-01-21 00:00:00+08:00,13.484600067138672,13.484600067138672,13.484600067138672,13.484600067138672,0,0.0,0.0
2014-01-22 00:00:00+08:00,13.484600067138672,13.484600067138672,13.484600067138672,13.484600067138672,0,0.0,0.0
2014-01-23 00:00:00+08:00,13.484600067138672,13.484600067138672,13.484600067138672,13.484600067138672,0,0.0,0.0
2014-01-24 00:00:00+08:00,13.484600067138672,13.484600067138672,13.484600067138672,13.484600067138672,0,0.0,0.0
2014-01-27 00:00:00+08:00,13.319258689880371,13.319258689880371,13.264144737998915,13.319258689880371,7874,0.0,0.0
2014-02-05 00:00:00+08:00,13.319258689880371,13.319258689880371,13.319258689880371,13.319258689880371,0,0.0,0.0
2014-02-06 00:00:00+08:00,13.319258689880371,13.319258689880371,13.319258689880371,13.319258689880371,0,0.0,0.0
2014-02-07 00:00:00+08:00,13.319258689880371,13.319258689880371,13.319258689880371,13.319258689880371,0,0.0,0.0
2014-02-10 00:00:00+08:00,13.319258689880371,13.319258689880371,13.319258689880371,13.319258689880371,0,0.0,0.0
2014-02-11 00:00:00+08:00,13.319258689880371,13.319258689880371,13.319258689880371,13.319258689880371,0,0.0,0.0
2014-02-12 00:00:00+08:00,13.319258689880371,13.319258689880371,13.319258689880371,13.319258689880371,0,0.0,0.0
2014-02-13 00:00:00+08:00,13.319258689880371,13.319258689880371,13.319258689880371,13.319258689880371,0,0.0,0.0
2014-02-14 00:00:00+08:00,13.264142990112305,13.264142990112305,13.264142990112305,13.264142990112305,3937,0.0,0.0
2014-02-17 00:00:00+08:00,13.264142990112305,13.264142990112305,13.264142990112305,13.264142990112305,0,0.0,0.0
2014-02-18 00:00:00+08:00,11.757691383361816,13.043687973041783,11.757691383361816,11.757691383361816,28216,0.0,0.0
2014-02-19 00:00:00+08:00,11.757691383361816,11.757691383361816,11.757691383361816,11.757691383361816,17717,0.0,0.0
2014-02-20 00:00:00+08:00,11.757691383361816,11.757691383361816,11.757691383361816,11.757691383361816,0,0.0,0.0
2014-02-21 00:00:00+08:00,11.757691383361816,11.757691383361816,11.757691383361816,11.757691383361816,0,0.0,0.0
2014-02-24 00:00:00+08:00,11.757691383361816,11.757691383361816,11.757691383361816,11.757691383361816,0,0.0,0.0
2014-02-25 00:00:00+08:00,11.757691383361816,11.757691383361816,11.757691383361816,11.757691383361816,3937,0.0,0.0
2014-02-26 00:00:00+08:00,11.757691383361816,11.757691383361816,11.757691383361816,11.757691383361816,5249,0.0,0.0
2014-02-27 00:00:00+08:00,11.757691383361816,11.757691383361816,11.757691383361816,11.757691383361816,0,0.0,0.0
2014-03-03 00:00:00+08:00,11.757691383361816,11.757691383361816,11.757691383361816,11.757691383361816,0,0.0,0.0
2014-03-04 00:00:00+08:00,11.757691383361816,11.757691383361816,11.757691383361816,11.757691383361816,1312,0.0,0.0
2014-03-05 00:00:00+08:00,11.757691383361816,11.757691383361816,11.757691383361816,11.757691383361816,0,0.0,0.0
2014-03-06 00:00:00+08:00,11.757691383361816,11.757691383361816,11.757691383361816,11.757691383361816,0,0.0,0.0
2014-03-07 00:00:00+08:00,11.757691383361816,11.757691383361816,11.757691383361816,11.757691383361816,0,0.0,0.0
2014-03-10 00:00:00+08:00,11.757691383361816,11.757691383361816,11.757691383361816,11.757691383361816,0,0.0,0.0
2014-03-11 00:00:00+08:00,11.757691383361816,11.757691383361816,11.757691383361816,11.757691383361816,0,0.0,0.0
2014-03-12 00:00:00+08:00,11.757691383361816,11.757691383361816,11.757691383361816,11.757691383361816,0,0.0,0.0
2014-03-13 00:00:00+08:00,11.757691383361816,11.757691383361816,11.757691383361816,11.757691383361816,0,0.0,0.0
2014-03-14 00:00:00+08:00,11.757691383361816,11.757691383361816,11.757691383361816,11.757691383361816,0,0.0,0.0
2014-03-17 00:00:00+08:00,11.757691383361816,11.757691383361816,11.757691383361816,11.757691383361816,0,0.0,0.0
2014-03-18 00:00:00+08:00,11.757691383361816,11.757691383361816,11.757691383361816,11.757691383361816,0,0.0,0.0
2014-03-19 00:00:00+08:00,11.757691383361816,11.757691383361816,11.757691383361816,11.757691383361816,0,0.0,0.0
2014-03-20 00:00:00+08:00,11.757691383361816,11.757691383361816,11.757691383361816,11.757691383361816,0,0.0,0.0
2014-03-21 00:00:00+08:00,11.757691383361816,11.757691383361816,11.757691383361816,11.757691383361816,0,0.0,0.0
2014-03-24 00:00:00+08:00,11.757691383361816,11.757691383361816,11.757691383361816,11.757691383361816,0,0.0,0.0
2014-03-25 00:00:00+08:00,11.757691383361816,11.757691383361816,11.757691383361816,11.757691383361816,0,0.0,0.0
2014-03-26 00:00:00+08:00,11.757691383361816,11.757691383361816,11.757691383361816,11.757691383361816,0,0.0,0.0
2014-03-27 00:00:00+08:00,11.757691383361816,11.757691383361816,11.757691383361816,11.757691383361816,0,0.0,0.0
2014-03-28 00:00:00+08:00,11.757691383361816,11.757691383361816,11.757691383361816,11.757691383361816,0,0.0,0.0
2014-03-31 00:00:00+08:00,11.757691383361816,11.757691383361816,11.757691383361816,11.757691383361816,0,0.0,0.0
2014-04-01 00:00:00+08:00,11.757691383361816,11.757691383361816,11.757691383361816,11.757691383361816,0,0.0,0.0
2014-04-02 00:00:00+08:00,11.757691383361816,11.757691383361816,11.757691383361816,11.757691383361816,0,0.0,0.0
2014-04-03 00:00:00+08:00,11.757691383361816,11.757691383361816,11.757691383361816,11.757691383361816,0,0.0,0.0
2014-04-07 00:00:00+08:00,11.757691383361816,11.757691383361816,11.757691383361816,11.757691383361816,0,0.0,0.0
2014-04-08 00:00:00+08:00,11.757691383361816,11.757691383361816,11.757691383361816,11.757691383361816,0,0.0,0.0
2014-04-09 00:00:00+08:00,11.757691383361816,11.757691383361816,11.757691383361816,11.757691383361816,0,0.0,0.0
2014-04-10 00:00:00+08:00,11.757691383361816,11.757691383361816,11.757691383361816,11.757691383361816,0,0.0,0.0
2014-04-11 00:00:00+08:00,11.757691383361816,11.757691383361816,11.757691383361816,11.757691383361816,0,0.0,0.0
2014-04-14 00:00:00+08:00,11.757691383361816,11.757691383361816,11.757691383361816,11.757691383361816,0,0.0,0.0
2014-04-15 00:00:00+08:00,11.757691383361816,11.757691383361816,11.757691383361816,11.757691383361816,0,0.0,0.0
2014-04-16 00:00:00+08:00,11.757691383361816,11.757691383361816,11.757691383361816,11.757691383361816,0,0.0,0.0
2014-04-17 00:00:00+08:00,11.757691383361816,11.757691383361816,11.757691383361816,11.757691383361816,0,0.0,0.0
2014-04-18 00:00:00+08:00,11.757691383361816,11.757691383361816,11.757691383361816,11.757691383361816,0,0.0,0.0
2014-04-21 00:00:00+08:00,11.757691383361816,11.757691383361816,11.757691383361816,11.757691383361816,0,0.0,0.0
2014-04-22 00:00:00+08:00,11.757691383361816,11.757691383361816,11.757691383361816,11.757691383361816,0,0.0,0.0
2014-04-23 00:00:00+08:00,11.757691383361816,11.757691383361816,11.757691383361816,11.757691383361816,0,0.0,0.0
2014-04-24 00:00:00+08:00,11.757691383361816,11.757691383361816,11.757691383361816,11.757691383361816,0,0.0,0.0
2014-04-25 00:00:00+08:00,11.757691383361816,11.757691383361816,11.757691383361816,11.757691383361816,0,0.0,0.0
2014-04-28 00:00:00+08:00,11.757691383361816,11.757691383361816,11.757691383361816,11.757691383361816,0,0.0,0.0
2014-04-29 00:00:00+08:00,11.757691383361816,11.757691383361816,11.757691383361816,11.757691383361816,0,0.0,0.0
2014-04-30 00:00:00+08:00,11.757691383361816,11.757691383361816,11.757691383361816,11.757691383361816,0,0.0,0.0
2014-05-02 00:00:00+08:00,11.757691383361816,11.757691383361816,11.757691383361816,11.757691383361816,0,0.0,0.0
2014-05-05 00:00:00+08:00,11.757691383361816,11.757691383361816,11.757691383361816,11.757691383361816,0,0.0,0.0
2014-05-06 00:00:00+08:00,11.757691383361816,11.757691383361816,11.757691383361816,11.757691383361816,0,0.0,0.0
2014-05-07 00:00:00+08:00,11.757691383361816,11.757691383361816,11.757691383361816,11.757691383361816,0,0.0,0.0
2014-05-08 00:00:00+08:00,11.757691383361816,11.757691383361816,11.757691383361816,11.757691383361816,0,0.0,0.0
2014-05-09 00:00:00+08:00,11.757691383361816,11.757691383361816,11.757691383361816,11.757691383361816,0,0.0,0.0
2014-05-12 00:00:00+08:00,11.757691383361816,11.757691383361816,11.757691383361816,11.757691383361816,0,0.0,0.0
2014-05-13 00:00:00+08:00,11.757691383361816,11.757691383361816,11.757691383361816,11.757691383361816,0,0.0,0.0
2014-05-14 00:00:00+08:00,11.757691383361816,11.757691383361816,11.757691383361816,11.757691383361816,0,0.0,0.0
2014-05-15 00:00:00+08:00,11.757691383361816,11.757691383361816,11.757691383361816,11.757691383361816,0,0.0,0.0
2014-05-16 00:00:00+08:00,11.757691383361816,11.757691383361816,11.757691383361816,11.757691383361816,0,0.0,0.0
2014-05-19 00:00:00+08:00,11.757691383361816,11.757691383361816,11.757691383361816,11.757691383361816,0,0.0,0.0
2014-05-20 00:00:00+08:00,11.757691383361816,11.757691383361816,11.757691383361816,11.757691383361816,0,0.0,0.0
2014-05-21 00:00:00+08:00,11.757691383361816,11.757691383361816,11.757691383361816,11.757691383361816,0,0.0,0.0
2014-05-22 00:00:00+08:00,11.757691383361816,11.757691383361816,11.757691383361816,11.757691383361816,0,0.0,0.0
2014-05-23 00:00:00+08:00,11.757691383361816,11.757691383361816,11.757691383361816,11.757691383361816,0,0.0,0.0
2014-05-26 00:00:00+08:00,11.757691383361816,11.757691383361816,11.757691383361816,11.757691383361816,0,0.0,0.0
2014-05-27 00:00:00+08:00,11.757691383361816,11.757691383361816,11.757691383361816,11.757691383361816,0,0.0,0.0
2014-05-28 00:00:00+08:00,11.757691383361816,11.757691383361816,11.757691383361816,11.757691383361816,0,0.0,0.0
2014-05-29 00:00:00+08:00,11.757691383361816,11.757691383361816,11.757691383361816,11.757691383361816,0,0.0,0.0
2014-05-30 00:00:00+08:00,11.757691383361816,11.757691383361816,11.757691383361816,11.757691383361816,0,0.0,0.0
2014-06-03 00:00:00+08:00,11.757691383361816,11.757691383361816,11.757691383361816,11.757691383361816,0,0.0,0.0
2014-06-04 00:00:00+08:00,11.757691383361816,11.757691383361816,11.757691383361816,11.757691383361816,0,0.0,0.0
2014-06-05 00:00:00+08:00,11.757691383361816,11.757691383361816,11.757691383361816,11.757691383361816,0,0.0,0.0
2014-06-06 00:00:00+08:00,11.757691383361816,11.757691383361816,11.757691383361816,11.757691383361816,0,0.0,0.0
2014-06-09 00:00:00+08:00,11.757691383361816,11.757691383361816,11.757691383361816,11.757691383361816,0,0.0,0.0
2014-06-10 00:00:00+08:00,11.757691383361816,11.757691383361816,11.757691383361816,11.757691383361816,0,0.0,0.0
2014-06-11 00:00:00+08:00,11.757691383361816,11.757691383361816,11.757691383361816,11.757691383361816,0,0.0,0.0
2014-06-12 00:00:00+08:00,11.757691383361816,11.757691383361816,11.757691383361816,11.757691383361816,0,0.0,0.0
2014-06-13 00:00:00+08:00,11.757691383361816,11.757691383361816,11.757691383361816,11.757691383361816,0,0.0,0.0
2014-06-16 00:00:00+08:00,12.56468677520752,12.56468677520752,12.56468677520752,12.56468677520752,0,1.566042,0.0
2014-06-17 00:00:00+08:00,12.56468677520752,12.56468677520752,12.56468677520752,12.56468677520752,0,0.0,0.0
2014-06-18 00:00:00+08:00,12.56468677520752,12.56468677520752,12.56468677520752,12.56468677520752,0,0.0,0.0
2014-06-19 00:00:00+08:00,12.56468677520752,12.56468677520752,12.56468677520752,12.56468677520752,0,0.0,0.0
2014-06-20 00:00:00+08:00,12.56468677520752,12.56468677520752,12.56468677520752,12.56468677520752,0,0.0,0.0
2014-06-23 00:00:00+08:00,12.56468677520752,12.56468677520752,12.56468677520752,12.56468677520752,0,0.0,0.0
2014-06-24 00:00:00+08:00,12.56468677520752,12.56468677520752,12.56468677520752,12.56468677520752,0,0.0,0.0
2014-06-25 00:00:00+08:00,12.56468677520752,12.56468677520752,12.56468677520752,12.56468677520752,0,0.0,0.0
2014-06-26 00:00:00+08:00,12.56468677520752,12.56468677520752,12.56468677520752,12.56468677520752,0,0.0,0.0
2014-06-27 00:00:00+08:00,12.56468677520752,12.56468677520752,12.56468677520752,12.56468677520752,0,0.0,0.0
2014-06-30 00:00:00+08:00,12.56468677520752,12.56468677520752,12.56468677520752,12.56468677520752,0,0.0,0.0
2014-07-01 00:00:00+08:00,12.56468677520752,12.56468677520752,12.56468677520752,12.56468677520752,0,0.0,0.0
2014-07-02 00:00:00+08:00,12.56468677520752,12.56468677520752,12.56468677520752,12.56468677520752,0,0.0,0.0
2014-07-03 00:00:00+08:00,12.56468677520752,12.56468677520752,12.56468677520752,12.56468677520752,0,0.0,0.0
2014-07-04 00:00:00+08:00,12.56468677520752,12.56468677520752,12.56468677520752,12.56468677520752,0,0.0,0.0
2014-07-07 00:00:00+08:00,12.56468677520752,12.56468677520752,12.56468677520752,12.56468677520752,0,0.0,0.0
2014-07-08 00:00:00+08:00,12.56468677520752,12.56468677520752,12.56468677520752,12.56468677520752,0,0.0,0.0
2014-07-09 00:00:00+08:00,12.56468677520752,12.56468677520752,12.56468677520752,12.56468677520752,0,0.0,0.0
2014-07-10 00:00:00+08:00,12.56468677520752,12.56468677520752,12.56468677520752,12.56468677520752,0,0.0,0.0
2014-07-11 00:00:00+08:00,12.56468677520752,12.56468677520752,12.56468677520752,12.56468677520752,0,0.0,0.0
2014-07-14 00:00:00+08:00,12.56468677520752,12.56468677520752,12.56468677520752,12.56468677520752,0,0.0,0.0
2014-07-15 00:00:00+08:00,12.56468677520752,12.56468677520752,12.56468677520752,12.56468677520752,0,0.0,0.0
2014-07-16 00:00:00+08:00,12.56468677520752,12.56468677520752,12.56468677520752,12.56468677520752,0,0.0,0.0
2014-07-17 00:00:00+08:00,12.56468677520752,12.56468677520752,12.56468677520752,12.56468677520752,0,0.0,0.0
2014-07-18 00:00:00+08:00,12.56468677520752,12.56468677520752,12.56468677520752,12.56468677520752,0,0.0,0.0
2014-07-21 00:00:00+08:00,12.56468677520752,12.56468677520752,12.56468677520752,12.56468677520752,0,0.0,0.0
2014-07-22 00:00:00+08:00,12.56468677520752,12.56468677520752,12.56468677520752,12.56468677520752,0,0.0,0.0
2014-07-23 00:00:00+08:00,12.56468677520752,12.56468677520752,12.56468677520752,12.56468677520752,0,0.0,0.0
2014-07-24 00:00:00+08:00,12.56468677520752,12.56468677520752,12.56468677520752,12.56468677520752,0,0.0,0.0
2014-07-25 00:00:00+08:00,12.56468677520752,12.56468677520752,12.56468677520752,12.56468677520752,0,0.0,0.0
2014-07-28 00:00:00+08:00,12.56468677520752,12.56468677520752,12.56468677520752,12.56468677520752,0,0.0,0.0
2014-07-29 00:00:00+08:00,12.56468677520752,12.56468677520752,12.56468677520752,12.56468677520752,0,0.0,0.0
2014-07-30 00:00:00+08:00,12.56468677520752,12.56468677520752,12.56468677520752,12.56468677520752,0,0.0,0.0
2014-07-31 00:00:00+08:00,12.56468677520752,12.56468677520752,12.56468677520752,12.56468677520752,0,0.0,0.0
2014-08-01 00:00:00+08:00,12.56468677520752,12.56468677520752,12.56468677520752,12.56468677520752,0,0.0,0.0
2014-08-04 00:00:00+08:00,12.56468677520752,12.56468677520752,12.56468677520752,12.56468677520752,0,0.0,0.0
2014-08-05 00:00:00+08:00,12.56468677520752,12.56468677520752,12.56468677520752,12.56468677520752,0,0.0,0.0
2014-08-06 00:00:00+08:00,12.56468677520752,12.56468677520752,12.56468677520752,12.56468677520752,0,0.0,0.0
2014-08-07 00:00:00+08:00,12.56468677520752,12.56468677520752,12.56468677520752,12.56468677520752,0,0.0,0.0
2014-08-08 00:00:00+08:00,12.56468677520752,12.56468677520752,12.56468677520752,12.56468677520752,0,0.0,0.0
2014-08-11 00:00:00+08:00,12.56468677520752,12.56468677520752,12.56468677520752,12.56468677520752,0,0.0,0.0
2014-08-12 00:00:00+08:00,12.56468677520752,12.56468677520752,12.56468677520752,12.56468677520752,0,0.0,0.0
2014-08-13 00:00:00+08:00,12.56468677520752,12.56468677520752,12.56468677520752,12.56468677520752,0,0.0,0.0
2014-08-14 00:00:00+08:00,12.56468677520752,12.56468677520752,12.56468677520752,12.56468677520752,0,0.0,0.0
2014-08-15 00:00:00+08:00,12.56468677520752,12.56468677520752,12.56468677520752,12.56468677520752,0,0.0,0.0
2014-08-18 00:00:00+08:00,12.56468677520752,12.56468677520752,12.56468677520752,12.56468677520752,0,0.0,0.0
2014-08-19 00:00:00+08:00,12.56468677520752,12.56468677520752,12.56468677520752,12.56468677520752,0,0.0,0.0
2014-08-20 00:00:00+08:00,12.56468677520752,12.56468677520752,12.56468677520752,12.56468677520752,0,0.0,0.0
2014-08-21 00:00:00+08:00,12.56468677520752,12.56468677520752,12.56468677520752,12.56468677520752,0,0.0,0.0
2014-08-22 00:00:00+08:00,12.56468677520752,12.56468677520752,12.56468677520752,12.56468677520752,0,0.0,0.0
2014-08-25 00:00:00+08:00,12.56468677520752,12.56468677520752,12.56468677520752,12.56468677520752,0,0.0,0.0
2014-08-26 00:00:00+08:00,12.56468677520752,12.56468677520752,12.56468677520752,12.56468677520752,0,0.0,0.0
2014-08-27 00:00:00+08:00,12.56468677520752,12.56468677520752,12.56468677520752,12.56468677520752,0,0.0,0.0
2014-08-28 00:00:00+08:00,12.56468677520752,12.56468677520752,12.56468677520752,12.56468677520752,0,0.0,0.0
2014-08-29 00:00:00+08:00,12.56468677520752,12.56468677520752,12.56468677520752,12.56468677520752,0,0.0,0.0
2014-09-01 00:00:00+08:00,12.56468677520752,12.56468677520752,12.56468677520752,12.56468677520752,0,0.0,0.0
2014-09-02 00:00:00+08:00,12.56468677520752,12.56468677520752,12.56468677520752,12.56468677520752,0,0.0,0.0
2014-09-03 00:00:00+08:00,12.56468677520752,12.56468677520752,12.56468677520752,12.56468677520752,0,0.0,0.0
2014-09-04 00:00:00+08:00,12.56468677520752,12.56468677520752,12.56468677520752,12.56468677520752,0,0.0,0.0
2014-09-05 00:00:00+08:00,12.56468677520752,12.56468677520752,12.56468677520752,12.56468677520752,0,0.0,0.0
2014-09-09 00:00:00+08:00,12.56468677520752,12.56468677520752,12.56468677520752,12.56468677520752,0,0.0,0.0
2014-09-10 00:00:00+08:00,12.56468677520752,12.56468677520752,12.56468677520752,12.56468677520752,0,0.0,0.0
2014-09-11 00:00:00+08:00,12.56468677520752,12.56468677520752,12.56468677520752,12.56468677520752,0,0.0,0.0
2014-09-12 00:00:00+08:00,12.56468677520752,12.56468677520752,12.56468677520752,12.56468677520752,0,0.0,0.0
2014-09-15 00:00:00+08:00,12.56468677520752,12.56468677520752,12.56468677520752,12.56468677520752,0,0.0,0.0
2014-09-16 00:00:00+08:00,12.56468677520752,12.56468677520752,12.56468677520752,12.56468677520752,0,0.0,0.0
2014-09-17 00:00:00+08:00,12.56468677520752,12.56468677520752,12.56468677520752,12.56468677520752,0,0.0,0.0
2014-09-18 00:00:00+08:00,12.56468677520752,12.56468677520752,12.56468677520752,12.56468677520752,0,0.0,0.0
2014-09-19 00:00:00+08:00,12.56468677520752,12.56468677520752,12.56468677520752,12.56468677520752,0,0.0,0.0
2014-09-22 00:00:00+08:00,12.56468677520752,12.56468677520752,12.56468677520752,12.56468677520752,0,0.0,0.0
2014-09-23 00:00:00+08:00,12.56468677520752,12.56468677520752,12.56468677520752,12.56468677520752,0,0.0,0.0
2014-09-24 00:00:00+08:00,12.56468677520752,12.56468677520752,12.56468677520752,12.56468677520752,0,0.0,0.0
2014-09-25 00:00:00+08:00,12.56468677520752,12.56468677520752,12.56468677520752,12.56468677520752,0,0.0,0.0
2014-09-26 00:00:00+08:00,12.56468677520752,12.56468677520752,12.56468677520752,12.56468677520752,0,0.0,0.0
2014-09-29 00:00:00+08:00,12.56468677520752,12.56468677520752,12.56468677520752,12.56468677520752,0,0.0,0.0
2014-09-30 00:00:00+08:00,12.56468677520752,12.56468677520752,12.56468677520752,12.56468677520752,0,0.0,0.0
2014-10-01 00:00:00+08:00,12.56468677520752,12.56468677520752,12.56468677520752,12.56468677520752,0,0.0,0.0
2014-10-02 00:00:00+08:00,12.56468677520752,12.56468677520752,12.56468677520752,12.56468677520752,0,0.0,0.0
2014-10-03 00:00:00+08:00,12.56468677520752,12.56468677520752,12.56468677520752,12.56468677520752,0,0.0,0.0
2014-10-06 00:00:00+08:00,12.56468677520752,12.56468677520752,12.56468677520752,12.56468677520752,0,0.0,0.0
2014-10-07 00:00:00+08:00,12.56468677520752,12.56468677520752,12.56468677520752,12.56468677520752,0,0.0,0.0
2014-10-08 00:00:00+08:00,12.56468677520752,12.56468677520752,12.56468677520752,12.56468677520752,0,0.0,0.0
2014-10-09 00:00:00+08:00,12.56468677520752,12.56468677520752,12.56468677520752,12.56468677520752,0,0.0,0.0
2014-10-13 00:00:00+08:00,12.56468677520752,12.56468677520752,12.56468677520752,12.56468677520752,0,0.0,0.0
2014-10-14 00:00:00+08:00,12.56468677520752,12.56468677520752,12.56468677520752,12.56468677520752,0,0.0,0.0
2014-10-15 00:00:00+08:00,12.56468677520752,12.56468677520752,12.56468677520752,12.56468677520752,0,0.0,0.0
2014-10-16 00:00:00+08:00,12.56468677520752,12.56468677520752,12.56468677520752,12.56468677520752,0,0.0,0.0
2014-10-17 00:00:00+08:00,12.56468677520752,12.56468677520752,12.56468677520752,12.56468677520752,0,0.0,0.0
2014-10-20 00:00:00+08:00,12.56468677520752,12.56468677520752,12.56468677520752,12.56468677520752,0,0.0,0.0
2014-10-21 00:00:00+08:00,12.56468677520752,12.56468677520752,12.56468677520752,12.56468677520752,0,0.0,0.0
2014-10-22 00:00:00+08:00,12.56468677520752,12.56468677520752,12.56468677520752,12.56468677520752,0,0.0,0.0
2014-10-23 00:00:00+08:00,12.56468677520752,12.56468677520752,12.56468677520752,12.56468677520752,0,0.0,0.0
2014-10-24 00:00:00+08:00,12.56468677520752,12.56468677520752,12.56468677520752,12.56468677520752,0,0.0,0.0
2014-10-27 00:00:00+08:00,12.56468677520752,12.56468677520752,12.56468677520752,12.56468677520752,0,0.0,0.0
2014-10-28 00:00:00+08:00,12.56468677520752,12.56468677520752,12.56468677520752,12.56468677520752,0,0.0,0.0
2014-10-29 00:00:00+08:00,12.56468677520752,12.56468677520752,12.56468677520752,12.56468677520752,0,0.0,0.0
2014-10-30 00:00:00+08:00,12.56468677520752,12.56468677520752,12.56468677520752,12.56468677520752,0,0.0,0.0
2014-10-31 00:00:00+08:00,12.56468677520752,12.56468677520752,12.56468677520752,12.56468677520752,0,0.0,0.0
2014-11-03 00:00:00+08:00,12.56468677520752,12.56468677520752,12.56468677520752,12.56468677520752,0,0.0,0.0
2014-11-04 00:00:00+08:00,12.56468677520752,12.56468677520752,12.56468677520752,12.56468677520752,0,0.0,0.0
2014-11-05 00:00:00+08:00,12.56468677520752,12.56468677520752,12.56468677520752,12.56468677520752,0,0.0,0.0
2014-11-06 00:00:00+08:00,12.56468677520752,12.56468677520752,12.56468677520752,12.56468677520752,0,0.0,0.0
2014-11-07 00:00:00+08:00,12.56468677520752,12.56468677520752,12.56468677520752,12.56468677520752,0,0.0,0.0
2014-11-10 00:00:00+08:00,12.56468677520752,12.56468677520752,12.56468677520752,12.56468677520752,0,0.0,0.0
2014-11-11 00:00:00+08:00,12.56468677520752,12.56468677520752,12.56468677520752,12.56468677520752,0,0.0,0.0
2014-11-12 00:00:00+08:00,12.56468677520752,12.56468677520752,12.56468677520752,12.56468677520752,0,0.0,0.0
2014-11-13 00:00:00+08:00,12.56468677520752,12.56468677520752,12.56468677520752,12.56468677520752,0,0.0,0.0
2014-11-14 00:00:00+08:00,12.56468677520752,12.56468677520752,12.56468677520752,12.56468677520752,0,0.0,0.0
2014-11-17 00:00:00+08:00,12.56468677520752,12.56468677520752,12.56468677520752,12.56468677520752,0,0.0,0.0
2014-11-18 00:00:00+08:00,12.56468677520752,12.56468677520752,12.56468677520752,12.56468677520752,0,0.0,0.0
2014-11-19 00:00:00+08:00,12.56468677520752,12.56468677520752,12.56468677520752,12.56468677520752,0,0.0,0.0
2014-11-20 00:00:00+08:00,12.56468677520752,12.56468677520752,12.56468677520752,12.56468677520752,0,0.0,0.0
2014-11-21 00:00:00+08:00,12.56468677520752,12.56468677520752,12.56468677520752,12.56468677520752,0,0.0,0.0
2014-11-24 00:00:00+08:00,12.56468677520752,12.56468677520752,12.56468677520752,12.56468677520752,0,0.0,0.0
2014-11-25 00:00:00+08:00,12.56468677520752,12.56468677520752,12.56468677520752,12.56468677520752,0,0.0,0.0
2014-11-26 00:00:00+08:00,12.56468677520752,12.56468677520752,12.56468677520752,12.56468677520752,0,0.0,0.0
2014-11-27 00:00:00+08:00,12.56468677520752,12.56468677520752,12.56468677520752,12.56468677520752,0,0.0,0.0
2014-11-28 00:00:00+08:00,12.56468677520752,12.56468677520752,12.56468677520752,12.56468677520752,0,0.0,0.0
2014-12-01 00:00:00+08:00,12.56468677520752,12.56468677520752,12.56468677520752,12.56468677520752,0,0.0,0.0
2014-12-02 00:00:00+08:00,12.56468677520752,12.56468677520752,12.56468677520752,12.56468677520752,0,0.0,0.0
2014-12-03 00:00:00+08:00,12.56468677520752,12.56468677520752,12.56468677520752,12.56468677520752,0,0.0,0.0
2014-12-04 00:00:00+08:00,12.56468677520752,12.56468677520752,12.56468677520752,12.56468677520752,0,0.0,0.0
2014-12-05 00:00:00+08:00,12.56468677520752,12.56468677520752,12.56468677520752,12.56468677520752,0,0.0,0.0
2014-12-08 00:00:00+08:00,12.56468677520752,12.56468677520752,12.56468677520752,12.56468677520752,0,0.0,0.0
2014-12-09 00:00:00+08:00,12.56468677520752,12.56468677520752,12.56468677520752,12.56468677520752,0,0.0,0.0
2014-12-10 00:00:00+08:00,12.56468677520752,12.56468677520752,12.56468677520752,12.56468677520752,0,0.0,0.0
2014-12-11 00:00:00+08:00,12.56468677520752,12.56468677520752,12.56468677520752,12.56468677520752,0,0.0,0.0
2014-12-12 00:00:00+08:00,12.56468677520752,12.56468677520752,12.56468677520752,12.56468677520752,0,0.0,0.0
2014-12-15 00:00:00+08:00,12.56468677520752,12.56468677520752,12.56468677520752,12.56468677520752,0,0.0,0.0
2014-12-16 00:00:00+08:00,12.56468677520752,12.56468677520752,12.56468677520752,12.56468677520752,0,0.0,0.0
2014-12-17 00:00:00+08:00,12.56468677520752,12.56468677520752,12.56468677520752,12.56468677520752,0,0.0,0.0
2014-12-18 00:00:00+08:00,12.56468677520752,12.56468677520752,12.56468677520752,12.56468677520752,0,0.0,0.0
2014-12-19 00:00:00+08:00,12.56468677520752,12.56468677520752,12.56468677520752,12.56468677520752,0,0.0,0.0
2014-12-22 00:00:00+08:00,12.56468677520752,12.56468677520752,12.56468677520752,12.56468677520752,0,0.0,0.0
2014-12-23 00:00:00+08:00,12.56468677520752,12.56468677520752,12.56468677520752,12.56468677520752,0,0.0,0.0
2014-12-24 00:00:00+08:00,12.56468677520752,12.56468677520752,12.56468677520752,12.56468677520752,0,0.0,0.0
2014-12-25 00:00:00+08:00,12.56468677520752,12.56468677520752,12.56468677520752,12.56468677520752,0,0.0,0.0
2014-12-26 00:00:00+08:00,12.56468677520752,12.56468677520752,12.56468677520752,12.56468677520752,0,0.0,0.0
2014-12-29 00:00:00+08:00,12.56468677520752,12.56468677520752,12.56468677520752,12.56468677520752,0,0.0,0.0
2014-12-30 00:00:00+08:00,12.56468677520752,12.56468677520752,12.56468677520752,12.56468677520752,0,0.0,0.0
2014-12-31 00:00:00+08:00,12.56468677520752,12.56468677520752,12.56468677520752,12.56468677520752,0,0.0,0.0
2015-01-05 00:00:00+08:00,12.56468677520752,12.56468677520752,12.56468677520752,12.56468677520752,0,0.0,0.0
2015-01-06 00:00:00+08:00,12.56468677520752,12.56468677520752,12.56468677520752,12.56468677520752,0,0.0,0.0
2015-01-07 00:00:00+08:00,12.56468677520752,12.56468677520752,12.56468677520752,12.56468677520752,0,0.0,0.0
2015-01-08 00:00:00+08:00,12.56468677520752,12.56468677520752,12.56468677520752,12.56468677520752,0,0.0,0.0
2015-01-09 00:00:00+08:00,12.56468677520752,12.56468677520752,12.56468677520752,12.56468677520752,0,0.0,0.0
2015-01-12 00:00:00+08:00,12.56468677520752,12.56468677520752,12.56468677520752,12.56468677520752,0,0.0,0.0
2015-01-13 00:00:00+08:00,12.56468677520752,12.56468677520752,12.56468677520752,12.56468677520752,0,0.0,0.0
2015-01-14 00:00:00+08:00,12.56468677520752,12.56468677520752,12.56468677520752,12.56468677520752,0,0.0,0.0
2015-01-15 00:00:00+08:00,12.56468677520752,12.56468677520752,12.56468677520752,12.56468677520752,0,0.0,0.0
2015-01-16 00:00:00+08:00,12.56468677520752,12.56468677520752,12.56468677520752,12.56468677520752,0,0.0,0.0
2015-01-19 00:00:00+08:00,12.56468677520752,12.56468677520752,12.56468677520752,12.56468677520752,0,0.0,0.0
2015-01-20 00:00:00+08:00,12.56468677520752,12.56468677520752,12.56468677520752,12.56468677520752,0,0.0,0.0
2015-01-21 00:00:00+08:00,12.56468677520752,12.56468677520752,12.56468677520752,12.56468677520752,0,0.0,0.0
2015-01-22 00:00:00+08:00,12.56468677520752,12.56468677520752,12.56468677520752,12.56468677520752,0,0.0,0.0
2015-01-23 00:00:00+08:00,12.56468677520752,12.56468677520752,12.56468677520752,12.56468677520752,0,0.0,0.0
2015-01-26 00:00:00+08:00,12.56468677520752,12.56468677520752,12.56468677520752,12.56468677520752,0,0.0,0.0
2015-01-27 00:00:00+08:00,12.56468677520752,12.56468677520752,12.56468677520752,12.56468677520752,0,0.0,0.0
2015-01-28 00:00:00+08:00,12.56468677520752,12.56468677520752,12.56468677520752,12.56468677520752,0,0.0,0.0
2015-01-29 00:00:00+08:00,12.56468677520752,12.56468677520752,12.56468677520752,12.56468677520752,0,0.0,0.0
2015-01-30 00:00:00+08:00,12.56468677520752,12.56468677520752,12.56468677520752,12.56468677520752,0,0.0,0.0
2015-02-02 00:00:00+08:00,12.56468677520752,12.56468677520752,12.56468677520752,12.56468677520752,0,0.0,0.0
2015-02-03 00:00:00+08:00,12.56468677520752,12.56468677520752,12.56468677520752,12.56468677520752,0,0.0,0.0
2015-02-04 00:00:00+08:00,12.56468677520752,12.56468677520752,12.56468677520752,12.56468677520752,0,0.0,0.0
2015-02-05 00:00:00+08:00,12.56468677520752,12.56468677520752,12.56468677520752,12.56468677520752,0,0.0,0.0
2015-02-06 00:00:00+08:00,12.56468677520752,12.56468677520752,12.56468677520752,12.56468677520752,0,0.0,0.0
2015-02-09 00:00:00+08:00,12.56468677520752,12.56468677520752,12.56468677520752,12.56468677520752,0,0.0,0.0
2015-02-10 00:00:00+08:00,12.56468677520752,12.56468677520752,12.56468677520752,12.56468677520752,0,0.0,0.0
2015-02-11 00:00:00+08:00,12.56468677520752,12.56468677520752,12.56468677520752,12.56468677520752,0,0.0,0.0
2015-02-12 00:00:00+08:00,12.56468677520752,12.56468677520752,12.56468677520752,12.56468677520752,0,0.0,0.0
2015-02-13 00:00:00+08:00,12.56468677520752,12.56468677520752,12.56468677520752,12.56468677520752,0,0.0,0.0
2015-02-24 00:00:00+08:00,12.56468677520752,12.56468677520752,12.56468677520752,12.56468677520752,0,0.0,0.0
2015-02-25 00:00:00+08:00,12.56468677520752,12.56468677520752,12.56468677520752,12.56468677520752,0,0.0,0.0
2015-02-26 00:00:00+08:00,12.56468677520752,12.56468677520752,12.56468677520752,12.56468677520752,0,0.0,0.0
2015-03-02 00:00:00+08:00,12.56468677520752,12.56468677520752,12.56468677520752,12.56468677520752,0,0.0,0.0
2015-03-03 00:00:00+08:00,12.56468677520752,12.56468677520752,12.56468677520752,12.56468677520752,0,0.0,0.0
2015-03-04 00:00:00+08:00,12.56468677520752,12.56468677520752,12.56468677520752,12.56468677520752,0,0.0,0.0
2015-03-05 00:00:00+08:00,12.56468677520752,12.56468677520752,12.56468677520752,12.56468677520752,0,0.0,0.0
2015-03-06 00:00:00+08:00,12.56468677520752,12.56468677520752,12.56468677520752,12.56468677520752,0,0.0,0.0
2015-03-09 00:00:00+08:00,12.56468677520752,12.56468677520752,12.56468677520752,12.56468677520752,0,0.0,0.0
2015-03-10 00:00:00+08:00,12.56468677520752,12.56468677520752,12.56468677520752,12.56468677520752,0,0.0,0.0
2015-03-11 00:00:00+08:00,12.56468677520752,12.56468677520752,12.56468677520752,12.56468677520752,0,0.0,0.0
2015-03-12 00:00:00+08:00,12.56468677520752,12.56468677520752,12.56468677520752,12.56468677520752,0,0.0,0.0
2015-03-13 00:00:00+08:00,12.56468677520752,12.56468677520752,12.56468677520752,12.56468677520752,0,0.0,0.0
2015-03-16 00:00:00+08:00,12.56468677520752,12.56468677520752,12.56468677520752,12.56468677520752,0,0.0,0.0
2015-03-17 00:00:00+08:00,12.56468677520752,12.56468677520752,12.56468677520752,12.56468677520752,0,0.0,0.0
2015-03-18 00:00:00+08:00,12.56468677520752,12.56468677520752,12.56468677520752,12.56468677520752,0,0.0,0.0
2015-03-19 00:00:00+08:00,12.56468677520752,12.56468677520752,12.56468677520752,12.56468677520752,0,0.0,0.0
2015-03-20 00:00:00+08:00,12.56468677520752,12.56468677520752,12.56468677520752,12.56468677520752,0,0.0,0.0
2015-03-23 00:00:00+08:00,12.56468677520752,12.56468677520752,12.56468677520752,12.56468677520752,0,0.0,0.0
2015-03-24 00:00:00+08:00,12.56468677520752,12.56468677520752,12.56468677520752,12.56468677520752,0,0.0,0.0
2015-03-25 00:00:00+08:00,12.56468677520752,12.56468677520752,12.56468677520752,12.56468677520752,0,0.0,0.0
2015-03-26 00:00:00+08:00,12.56468677520752,12.56468677520752,12.56468677520752,12.56468677520752,0,0.0,0.0
2015-03-27 00:00:00+08:00,12.56468677520752,12.56468677520752,12.56468677520752,12.56468677520752,0,0.0,0.0
2015-03-30 00:00:00+08:00,12.56468677520752,12.56468677520752,12.56468677520752,12.56468677520752,0,0.0,0.0
2015-03-31 00:00:00+08:00,12.56468677520752,12.56468677520752,12.56468677520752,12.56468677520752,0,0.0,0.0
2015-04-01 00:00:00+08:00,12.56468677520752,12.56468677520752,12.56468677520752,12.56468677520752,0,0.0,0.0
2015-04-02 00:00:00+08:00,12.56468677520752,12.56468677520752,12.56468677520752,12.56468677520752,0,0.0,0.0
2015-04-07 00:00:00+08:00,12.56468677520752,12.56468677520752,12.56468677520752,12.56468677520752,0,0.0,0.0
2015-04-08 00:00:00+08:00,12.56468677520752,12.56468677520752,12.56468677520752,12.56468677520752,0,0.0,0.0
2015-04-09 00:00:00+08:00,12.56468677520752,12.56468677520752,12.56468677520752,12.56468677520752,0,0.0,0.0
2015-04-10 00:00:00+08:00,12.56468677520752,12.56468677520752,12.56468677520752,12.56468677520752,0,0.0,0.0
2015-04-13 00:00:00+08:00,12.56468677520752,12.56468677520752,12.56468677520752,12.56468677520752,0,0.0,0.0
2015-04-14 00:00:00+08:00,12.56468677520752,12.56468677520752,12.56468677520752,12.56468677520752,0,0.0,0.0
2015-04-15 00:00:00+08:00,12.56468677520752,12.56468677520752,12.56468677520752,12.56468677520752,0,0.0,0.0
2015-04-16 00:00:00+08:00,12.56468677520752,12.56468677520752,12.56468677520752,12.56468677520752,0,0.0,0.0
2015-04-17 00:00:00+08:00,12.56468677520752,12.56468677520752,12.56468677520752,12.56468677520752,0,0.0,0.0
2015-04-20 00:00:00+08:00,12.56468677520752,12.56468677520752,12.56468677520752,12.56468677520752,0,0.0,0.0
2015-04-21 00:00:00+08:00,12.56468677520752,12.56468677520752,12.56468677520752,12.56468677520752,0,0.0,0.0
2015-04-22 00:00:00+08:00,12.56468677520752,12.56468677520752,12.56468677520752,12.56468677520752,0,0.0,0.0
2015-04-23 00:00:00+08:00,12.56468677520752,12.56468677520752,12.56468677520752,12.56468677520752,0,0.0,0.0
2015-04-24 00:00:00+08:00,12.56468677520752,12.56468677520752,12.56468677520752,12.56468677520752,0,0.0,0.0
2015-04-27 00:00:00+08:00,12.56468677520752,12.56468677520752,12.56468677520752,12.56468677520752,0,0.0,0.0
2015-04-28 00:00:00+08:00,12.56468677520752,12.56468677520752,12.56468677520752,12.56468677520752,0,0.0,0.0
2015-04-29 00:00:00+08:00,12.56468677520752,12.56468677520752,12.56468677520752,12.56468677520752,0,0.0,0.0
2015-04-30 00:00:00+08:00,12.56468677520752,12.56468677520752,12.56468677520752,12.56468677520752,0,0.0,0.0
2015-05-04 00:00:00+08:00,12.56468677520752,12.56468677520752,12.56468677520752,12.56468677520752,0,0.0,0.0
2015-05-05 00:00:00+08:00,12.56468677520752,12.56468677520752,12.56468677520752,12.56468677520752,0,0.0,0.0
2015-05-06 00:00:00+08:00,12.56468677520752,12.56468677520752,12.56468677520752,12.56468677520752,0,0.0,0.0
2015-05-07 00:00:00+08:00,12.56468677520752,12.56468677520752,12.56468677520752,12.56468677520752,0,0.0,0.0
2015-05-08 00:00:00+08:00,12.56468677520752,12.56468677520752,12.56468677520752,12.56468677520752,0,0.0,0.0
2015-05-11 00:00:00+08:00,12.56468677520752,12.56468677520752,12.56468677520752,12.56468677520752,0,0.0,0.0
2015-05-12 00:00:00+08:00,12.56468677520752,12.56468677520752,12.56468677520752,12.56468677520752,0,0.0,0.0
2015-05-13 00:00:00+08:00,12.56468677520752,12.56468677520752,12.56468677520752,12.56468677520752,0,0.0,0.0
2015-05-14 00:00:00+08:00,12.56468677520752,12.56468677520752,12.56468677520752,12.56468677520752,0,0.0,0.0
2015-05-15 00:00:00+08:00,12.56468677520752,12.56468677520752,12.56468677520752,12.56468677520752,0,0.0,0.0
2015-05-18 00:00:00+08:00,12.56468677520752,12.56468677520752,12.56468677520752,12.56468677520752,0,0.0,0.0
2015-05-19 00:00:00+08:00,12.56468677520752,12.56468677520752,12.56468677520752,12.56468677520752,0,0.0,0.0
2015-05-20 00:00:00+08:00,12.56468677520752,12.56468677520752,12.56468677520752,12.56468677520752,0,0.0,0.0
2015-05-21 00:00:00+08:00,12.56468677520752,12.56468677520752,12.56468677520752,12.56468677520752,0,0.0,0.0
2015-05-22 00:00:00+08:00,12.56468677520752,12.56468677520752,12.56468677520752,12.56468677520752,0,0.0,0.0
2015-05-25 00:00:00+08:00,12.56468677520752,12.56468677520752,12.56468677520752,12.56468677520752,0,0.0,0.0
2015-05-26 00:00:00+08:00,12.56468677520752,12.56468677520752,12.56468677520752,12.56468677520752,0,0.0,0.0
2015-05-27 00:00:00+08:00,12.56468677520752,12.56468677520752,12.56468677520752,12.56468677520752,0,0.0,0.0
2015-05-28 00:00:00+08:00,12.56468677520752,12.56468677520752,12.56468677520752,12.56468677520752,0,0.0,0.0
2015-05-29 00:00:00+08:00,12.56468677520752,12.56468677520752,12.56468677520752,12.56468677520752,0,0.0,0.0
2015-06-01 00:00:00+08:00,12.56468677520752,12.56468677520752,12.56468677520752,12.56468677520752,0,0.0,0.0
2015-06-02 00:00:00+08:00,12.56468677520752,12.56468677520752,12.56468677520752,12.56468677520752,0,0.0,0.0
2015-06-03 00:00:00+08:00,12.56468677520752,12.56468677520752,12.56468677520752,12.56468677520752,0,0.0,0.0
2015-06-04 00:00:00+08:00,12.56468677520752,12.56468677520752,12.56468677520752,12.56468677520752,0,0.0,0.0
2015-06-05 00:00:00+08:00,12.56468677520752,12.56468677520752,12.56468677520752,12.56468677520752,0,0.0,0.0
2015-06-08 00:00:00+08:00,12.56468677520752,12.56468677520752,12.56468677520752,12.56468677520752,0,0.0,0.0
2015-06-09 00:00:00+08:00,12.56468677520752,12.56468677520752,12.56468677520752,12.56468677520752,0,0.0,0.0
2015-06-10 00:00:00+08:00,12.56468677520752,12.56468677520752,12.56468677520752,12.56468677520752,0,0.0,0.0
2015-06-11 00:00:00+08:00,12.56468677520752,12.56468677520752,12.56468677520752,12.56468677520752,0,0.0,0.0
2015-06-12 00:00:00+08:00,13.182620048522947,13.182620048522947,13.182620048522947,13.18262004852295,0,1.142945,0.0
2015-06-15 00:00:00+08:00,13.182620048522947,13.182620048522947,13.182620048522947,13.18262004852295,0,0.0,0.0
2015-06-16 00:00:00+08:00,13.182620048522947,13.182620048522947,13.182620048522947,13.18262004852295,0,0.0,0.0
2015-06-17 00:00:00+08:00,13.182620048522947,13.182620048522947,13.182620048522947,13.18262004852295,0,0.0,0.0
2015-06-18 00:00:00+08:00,13.182620048522947,13.182620048522947,13.182620048522947,13.18262004852295,0,0.0,0.0
2015-06-22 00:00:00+08:00,13.182620048522947,13.182620048522947,13.182620048522947,13.18262004852295,0,0.0,0.0
2015-06-23 00:00:00+08:00,13.182620048522947,13.182620048522947,13.182620048522947,13.18262004852295,0,0.0,0.0
2015-06-24 00:00:00+08:00,13.182620048522947,13.182620048522947,13.182620048522947,13.18262004852295,0,0.0,0.0
2015-06-25 00:00:00+08:00,13.182620048522947,13.182620048522947,13.182620048522947,13.18262004852295,0,0.0,0.0
2015-06-26 00:00:00+08:00,13.182620048522947,13.182620048522947,13.182620048522947,13.18262004852295,0,0.0,0.0
2015-06-29 00:00:00+08:00,13.182620048522947,13.182620048522947,13.182620048522947,13.18262004852295,0,0.0,0.0
2015-06-30 00:00:00+08:00,13.182620048522947,13.182620048522947,13.182620048522947,13.18262004852295,0,0.0,0.0
2015-07-01 00:00:00+08:00,13.182620048522947,13.182620048522947,13.182620048522947,13.18262004852295,0,0.0,0.0
2015-07-02 00:00:00+08:00,13.182620048522947,13.182620048522947,13.182620048522947,13.18262004852295,0,0.0,0.0
2015-07-03 00:00:00+08:00,13.182620048522947,13.182620048522947,13.182620048522947,13.18262004852295,0,0.0,0.0
2015-07-06 00:00:00+08:00,13.182620048522947,13.182620048522947,13.182620048522947,13.18262004852295,0,0.0,0.0
2015-07-07 00:00:00+08:00,13.182620048522947,13.182620048522947,13.182620048522947,13.18262004852295,0,0.0,0.0
2015-07-08 00:00:00+08:00,13.182620048522947,13.182620048522947,13.182620048522947,13.18262004852295,0,0.0,0.0
2015-07-09 00:00:00+08:00,13.182620048522947,13.182620048522947,13.182620048522947,13.18262004852295,0,0.0,0.0
2015-07-10 00:00:00+08:00,13.182620048522947,13.182620048522947,13.182620048522947,13.18262004852295,0,0.0,0.0
2015-07-13 00:00:00+08:00,13.182620048522947,13.182620048522947,13.182620048522947,13.18262004852295,0,0.0,0.0
2015-07-14 00:00:00+08:00,13.182620048522947,13.182620048522947,13.182620048522947,13.18262004852295,0,0.0,0.0
2015-07-15 00:00:00+08:00,13.182620048522947,13.182620048522947,13.182620048522947,13.18262004852295,0,0.0,0.0
2015-07-16 00:00:00+08:00,13.182620048522947,13.182620048522947,13.182620048522947,13.18262004852295,0,0.0,0.0
2015-07-17 00:00:00+08:00,13.182620048522947,13.182620048522947,13.182620048522947,13.18262004852295,0,0.0,0.0
2015-07-20 00:00:00+08:00,13.182620048522947,13.182620048522947,13.182620048522947,13.18262004852295,0,0.0,0.0
2015-07-21 00:00:00+08:00,13.182620048522947,13.182620048522947,13.182620048522947,13.18262004852295,0,0.0,0.0
2015-07-22 00:00:00+08:00,13.182620048522947,13.182620048522947,13.182620048522947,13.18262004852295,0,0.0,0.0
2015-07-23 00:00:00+08:00,13.182620048522947,13.182620048522947,13.182620048522947,13.18262004852295,0,0.0,0.0
2015-07-24 00:00:00+08:00,13.182620048522947,13.182620048522947,13.182620048522947,13.18262004852295,0,0.0,0.0
2015-07-27 00:00:00+08:00,13.182620048522947,13.182620048522947,13.182620048522947,13.18262004852295,0,0.0,0.0
2015-07-28 00:00:00+08:00,13.182620048522947,13.182620048522947,13.182620048522947,13.18262004852295,0,0.0,0.0
2015-07-29 00:00:00+08:00,13.182620048522947,13.182620048522947,13.182620048522947,13.18262004852295,0,0.0,0.0
2015-07-30 00:00:00+08:00,13.182620048522947,13.182620048522947,13.182620048522947,13.18262004852295,0,0.0,0.0
2015-07-31 00:00:00+08:00,13.182620048522947,13.182620048522947,13.182620048522947,13.18262004852295,0,0.0,0.0
2015-08-03 00:00:00+08:00,13.182620048522947,13.182620048522947,13.182620048522947,13.18262004852295,0,0.0,0.0
2015-08-04 00:00:00+08:00,13.182620048522947,13.182620048522947,13.182620048522947,13.18262004852295,0,0.0,0.0
2015-08-05 00:00:00+08:00,13.182620048522947,13.182620048522947,13.182620048522947,13.18262004852295,0,0.0,0.0
2015-08-06 00:00:00+08:00,13.182620048522947,13.182620048522947,13.182620048522947,13.18262004852295,0,0.0,0.0
2015-08-07 00:00:00+08:00,13.182620048522947,13.182620048522947,13.182620048522947,13.18262004852295,0,0.0,0.0
2015-08-10 00:00:00+08:00,13.182620048522947,13.182620048522947,13.182620048522947,13.18262004852295,0,0.0,0.0
2015-08-11 00:00:00+08:00,13.182620048522947,13.182620048522947,13.182620048522947,13.18262004852295,0,0.0,0.0
2015-08-12 00:00:00+08:00,13.182620048522947,13.182620048522947,13.182620048522947,13.18262004852295,0,0.0,0.0
2015-08-13 00:00:00+08:00,13.182620048522947,13.182620048522947,13.182620048522947,13.18262004852295,0,0.0,0.0
2015-08-14 00:00:00+08:00,13.182620048522947,13.182620048522947,13.182620048522947,13.18262004852295,0,0.0,0.0
2015-08-17 00:00:00+08:00,13.182620048522947,13.182620048522947,13.182620048522947,13.18262004852295,0,0.0,0.0
2015-08-18 00:00:00+08:00,13.182620048522947,13.182620048522947,13.182620048522947,13.18262004852295,0,0.0,0.0
2015-08-19 00:00:00+08:00,13.182620048522947,13.182620048522947,13.182620048522947,13.18262004852295,0,0.0,0.0
2015-08-20 00:00:00+08:00,13.182620048522947,13.182620048522947,13.182620048522947,13.18262004852295,0,0.0,0.0
2015-08-21 00:00:00+08:00,13.182620048522947,13.182620048522947,13.182620048522947,13.18262004852295,0,0.0,0.0
2015-08-24 00:00:00+08:00,13.182620048522947,13.182620048522947,13.182620048522947,13.18262004852295,0,0.0,0.0
2015-08-25 00:00:00+08:00,13.182620048522947,13.182620048522947,13.182620048522947,13.18262004852295,0,0.0,0.0
2015-08-26 00:00:00+08:00,13.182620048522947,13.182620048522947,13.182620048522947,13.18262004852295,0,0.0,0.0
2015-08-27 00:00:00+08:00,13.182620048522947,13.182620048522947,13.182620048522947,13.18262004852295,0,0.0,0.0
2015-08-28 00:00:00+08:00,13.182620048522947,13.182620048522947,13.182620048522947,13.18262004852295,0,0.0,0.0
2015-08-31 00:00:00+08:00,13.182620048522947,13.182620048522947,13.182620048522947,13.18262004852295,0,0.0,0.0
2015-09-01 00:00:00+08:00,13.182620048522947,13.182620048522947,13.182620048522947,13.18262004852295,0,0.0,0.0
2015-09-02 00:00:00+08:00,13.182620048522947,13.182620048522947,13.182620048522947,13.18262004852295,0,0.0,0.0
2015-09-03 00:00:00+08:00,13.182620048522947,13.182620048522947,13.182620048522947,13.18262004852295,0,0.0,0.0
2015-09-04 00:00:00+08:00,13.182620048522947,13.182620048522947,13.182620048522947,13.18262004852295,0,0.0,0.0
2015-09-07 00:00:00+08:00,13.182620048522947,13.182620048522947,13.182620048522947,13.18262004852295,0,0.0,0.0
2015-09-08 00:00:00+08:00,13.182620048522947,13.182620048522947,13.182620048522947,13.18262004852295,0,0.0,0.0
2015-09-09 00:00:00+08:00,13.182620048522947,13.182620048522947,13.182620048522947,13.18262004852295,0,0.0,0.0
2015-09-10 00:00:00+08:00,13.182620048522947,13.182620048522947,13.182620048522947,13.18262004852295,0,0.0,0.0
2015-09-11 00:00:00+08:00,13.182620048522947,13.182620048522947,13.182620048522947,13.18262004852295,0,0.0,0.0
2015-09-14 00:00:00+08:00,13.182620048522947,13.182620048522947,13.182620048522947,13.18262004852295,0,0.0,0.0
2015-09-15 00:00:00+08:00,13.182620048522947,13.182620048522947,13.182620048522947,13.18262004852295,0,0.0,0.0
2015-09-16 00:00:00+08:00,13.182620048522947,13.182620048522947,13.182620048522947,13.18262004852295,0,0.0,0.0
2015-09-17 00:00:00+08:00,13.182620048522947,13.182620048522947,13.182620048522947,13.18262004852295,0,0.0,0.0
2015-09-18 00:00:00+08:00,13.182620048522947,13.182620048522947,13.182620048522947,13.18262004852295,0,0.0,0.0
2015-09-21 00:00:00+08:00,13.182620048522947,13.182620048522947,13.182620048522947,13.18262004852295,0,0.0,0.0
2015-09-22 00:00:00+08:00,13.182620048522947,13.182620048522947,13.182620048522947,13.18262004852295,0,0.0,0.0
2015-09-23 00:00:00+08:00,13.182620048522947,13.182620048522947,13.182620048522947,13.18262004852295,0,0.0,0.0
2015-09-24 00:00:00+08:00,13.182620048522947,13.182620048522947,13.182620048522947,13.18262004852295,0,0.0,0.0
2015-09-25 00:00:00+08:00,13.182620048522947,13.182620048522947,13.182620048522947,13.18262004852295,0,0.0,0.0
2015-09-29 00:00:00+08:00,13.182620048522947,13.182620048522947,13.182620048522947,13.18262004852295,0,0.0,0.0
2015-09-30 00:00:00+08:00,13.182620048522947,13.182620048522947,13.182620048522947,13.18262004852295,0,0.0,0.0
2015-10-01 00:00:00+08:00,13.182620048522947,13.182620048522947,13.182620048522947,13.18262004852295,0,0.0,0.0
2015-10-02 00:00:00+08:00,13.182620048522947,13.182620048522947,13.182620048522947,13.18262004852295,0,0.0,0.0
2015-10-05 00:00:00+08:00,13.182620048522947,13.182620048522947,13.182620048522947,13.18262004852295,0,0.0,0.0
2015-10-06 00:00:00+08:00,13.182620048522947,13.182620048522947,13.182620048522947,13.18262004852295,0,0.0,0.0
2015-10-07 00:00:00+08:00,13.182620048522947,13.182620048522947,13.182620048522947,13.18262004852295,0,0.0,0.0
2015-10-08 00:00:00+08:00,13.182620048522947,13.182620048522947,13.182620048522947,13.18262004852295,0,0.0,0.0
2015-10-12 00:00:00+08:00,13.182620048522947,13.182620048522947,13.182620048522947,13.18262004852295,0,0.0,0.0
2015-10-13 00:00:00+08:00,13.182620048522947,13.182620048522947,13.182620048522947,13.18262004852295,0,0.0,0.0
2015-10-14 00:00:00+08:00,13.182620048522947,13.182620048522947,13.182620048522947,13.18262004852295,0,0.0,0.0
2015-10-15 00:00:00+08:00,13.182620048522947,13.182620048522947,13.182620048522947,13.18262004852295,0,0.0,0.0
2015-10-16 00:00:00+08:00,13.182620048522947,13.182620048522947,13.182620048522947,13.18262004852295,0,0.0,0.0
2015-10-19 00:00:00+08:00,13.182620048522947,13.182620048522947,13.182620048522947,13.18262004852295,0,0.0,0.0
2015-10-20 00:00:00+08:00,13.182620048522947,13.182620048522947,13.182620048522947,13.18262004852295,0,0.0,0.0
2015-10-21 00:00:00+08:00,13.182620048522947,13.182620048522947,13.182620048522947,13.18262004852295,0,0.0,0.0
2015-10-22 00:00:00+08:00,13.182620048522947,13.182620048522947,13.182620048522947,13.18262004852295,0,0.0,0.0
2015-10-23 00:00:00+08:00,13.182620048522947,13.182620048522947,13.182620048522947,13.18262004852295,0,0.0,0.0
2015-10-26 00:00:00+08:00,13.182620048522947,13.182620048522947,13.182620048522947,13.18262004852295,0,0.0,0.0
2015-10-27 00:00:00+08:00,13.182620048522947,13.182620048522947,13.182620048522947,13.18262004852295,0,0.0,0.0
2015-10-28 00:00:00+08:00,13.182620048522947,13.182620048522947,13.182620048522947,13.18262004852295,0,0.0,0.0
2015-10-29 00:00:00+08:00,13.182620048522947,13.182620048522947,13.182620048522947,13.18262004852295,0,0.0,0.0
2015-10-30 00:00:00+08:00,13.182620048522947,13.182620048522947,13.182620048522947,13.18262004852295,0,0.0,0.0
2015-11-02 00:00:00+08:00,13.182620048522947,13.182620048522947,13.182620048522947,13.18262004852295,0,0.0,0.0
2015-11-03 00:00:00+08:00,13.182620048522947,13.182620048522947,13.182620048522947,13.18262004852295,0,0.0,0.0
2015-11-04 00:00:00+08:00,13.182620048522947,13.182620048522947,13.182620048522947,13.18262004852295,0,0.0,0.0
2015-11-05 00:00:00+08:00,13.182620048522947,13.182620048522947,13.182620048522947,13.18262004852295,0,0.0,0.0
2015-11-06 00:00:00+08:00,13.182620048522947,13.182620048522947,13.182620048522947,13.18262004852295,0,0.0,0.0
2015-11-09 00:00:00+08:00,13.182620048522947,13.182620048522947,13.182620048522947,13.18262004852295,0,0.0,0.0
2015-11-10 00:00:00+08:00,13.182620048522947,13.182620048522947,13.182620048522947,13.18262004852295,0,0.0,0.0
2015-11-11 00:00:00+08:00,13.182620048522947,13.182620048522947,13.182620048522947,13.18262004852295,0,0.0,0.0
2015-11-12 00:00:00+08:00,13.182620048522947,13.182620048522947,13.182620048522947,13.18262004852295,0,0.0,0.0
2015-11-13 00:00:00+08:00,13.182620048522947,13.182620048522947,13.182620048522947,13.18262004852295,0,0.0,0.0
2015-11-16 00:00:00+08:00,13.182620048522947,13.182620048522947,13.182620048522947,13.18262004852295,0,0.0,0.0
2015-11-17 00:00:00+08:00,13.182620048522947,13.182620048522947,13.182620048522947,13.18262004852295,0,0.0,0.0
2015-11-18 00:00:00+08:00,13.182620048522947,13.182620048522947,13.182620048522947,13.18262004852295,0,0.0,0.0
2015-11-19 00:00:00+08:00,13.182620048522947,13.182620048522947,13.182620048522947,13.18262004852295,0,0.0,0.0
2015-11-20 00:00:00+08:00,13.182620048522947,13.182620048522947,13.182620048522947,13.18262004852295,0,0.0,0.0
2015-11-23 00:00:00+08:00,13.182620048522947,13.182620048522947,13.182620048522947,13.18262004852295,0,0.0,0.0
2015-11-24 00:00:00+08:00,13.182620048522947,13.182620048522947,13.182620048522947,13.18262004852295,0,0.0,0.0
2015-11-25 00:00:00+08:00,13.182620048522947,13.182620048522947,13.182620048522947,13.18262004852295,0,0.0,0.0
2015-11-26 00:00:00+08:00,13.182620048522947,13.182620048522947,13.182620048522947,13.18262004852295,0,0.0,0.0
2015-11-27 00:00:00+08:00,13.182620048522947,13.182620048522947,13.182620048522947,13.18262004852295,0,0.0,0.0
2015-11-30 00:00:00+08:00,13.182620048522947,13.182620048522947,13.182620048522947,13.18262004852295,0,0.0,0.0
2015-12-01 00:00:00+08:00,13.182620048522947,13.182620048522947,13.182620048522947,13.18262004852295,0,0.0,0.0
2015-12-02 00:00:00+08:00,13.182620048522947,13.182620048522947,13.182620048522947,13.18262004852295,0,0.0,0.0
2015-12-03 00:00:00+08:00,13.182620048522947,13.182620048522947,13.182620048522947,13.18262004852295,0,0.0,0.0
2015-12-04 00:00:00+08:00,13.182620048522947,13.182620048522947,13.182620048522947,13.18262004852295,0,0.0,0.0
2015-12-07 00:00:00+08:00,13.182620048522947,13.182620048522947,13.182620048522947,13.18262004852295,0,0.0,0.0
2015-12-08 00:00:00+08:00,13.182620048522947,13.182620048522947,13.182620048522947,13.18262004852295,0,0.0,0.0
2015-12-09 00:00:00+08:00,13.182620048522947,13.182620048522947,13.182620048522947,13.18262004852295,0,0.0,0.0
2015-12-10 00:00:00+08:00,13.182620048522947,13.182620048522947,13.182620048522947,13.18262004852295,0,0.0,0.0
2015-12-11 00:00:00+08:00,13.182620048522947,13.182620048522947,13.182620048522947,13.18262004852295,0,0.0,0.0
2015-12-14 00:00:00+08:00,13.182620048522947,13.182620048522947,13.182620048522947,13.18262004852295,0,0.0,0.0
2015-12-15 00:00:00+08:00,13.182620048522947,13.182620048522947,13.182620048522947,13.18262004852295,0,0.0,0.0
2015-12-16 00:00:00+08:00,13.182620048522947,13.182620048522947,13.182620048522947,13.18262004852295,0,0.0,0.0
2015-12-17 00:00:00+08:00,13.182620048522947,13.182620048522947,13.182620048522947,13.18262004852295,0,0.0,0.0
2015-12-18 00:00:00+08:00,13.182620048522947,13.182620048522947,13.182620048522947,13.18262004852295,0,0.0,0.0
2015-12-21 00:00:00+08:00,13.182620048522947,13.182620048522947,13.182620048522947,13.18262004852295,0,0.0,0.0
2015-12-22 00:00:00+08:00,13.182620048522947,13.182620048522947,13.182620048522947,13.18262004852295,0,0.0,0.0
2015-12-23 00:00:00+08:00,13.182620048522947,13.182620048522947,13.182620048522947,13.18262004852295,0,0.0,0.0
2015-12-24 00:00:00+08:00,13.182620048522947,13.182620048522947,13.182620048522947,13.18262004852295,0,0.0,0.0
2015-12-25 00:00:00+08:00,13.182620048522947,13.182620048522947,13.182620048522947,13.18262004852295,0,0.0,0.0
2015-12-28 00:00:00+08:00,13.182620048522947,13.182620048522947,13.182620048522947,13.18262004852295,0,0.0,0.0
2015-12-29 00:00:00+08:00,13.182620048522947,13.182620048522947,13.182620048522947,13.18262004852295,0,0.0,0.0
2015-12-30 00:00:00+08:00,13.182620048522947,13.182620048522947,13.182620048522947,13.18262004852295,0,0.0,0.0
2015-12-31 00:00:00+08:00,13.182620048522947,13.182620048522947,13.182620048522947,13.18262004852295,0,0.0,0.0
2016-01-04 00:00:00+08:00,13.182620048522947,13.182620048522947,13.182620048522947,13.18262004852295,0,0.0,0.0
2016-01-05 00:00:00+08:00,13.182620048522947,13.182620048522947,13.182620048522947,13.18262004852295,0,0.0,0.0
2016-01-06 00:00:00+08:00,13.182620048522947,13.182620048522947,13.182620048522947,13.18262004852295,0,0.0,0.0
2016-01-07 00:00:00+08:00,13.182620048522947,13.182620048522947,13.182620048522947,13.18262004852295,0,0.0,0.0
2016-01-08 00:00:00+08:00,13.182620048522947,13.182620048522947,13.182620048522947,13.18262004852295,0,0.0,0.0
2016-01-11 00:00:00+08:00,13.182620048522947,13.182620048522947,13.182620048522947,13.18262004852295,0,0.0,0.0
2016-01-12 00:00:00+08:00,13.182620048522947,13.182620048522947,13.182620048522947,13.18262004852295,0,0.0,0.0
2016-01-13 00:00:00+08:00,13.182620048522947,13.182620048522947,13.182620048522947,13.18262004852295,0,0.0,0.0
2016-01-14 00:00:00+08:00,13.182620048522947,13.182620048522947,13.182620048522947,13.18262004852295,0,0.0,0.0
2016-01-15 00:00:00+08:00,13.182620048522947,13.182620048522947,13.182620048522947,13.18262004852295,0,0.0,0.0
2016-01-18 00:00:00+08:00,13.182620048522947,13.182620048522947,13.182620048522947,13.18262004852295,0,0.0,0.0
2016-01-19 00:00:00+08:00,13.182620048522947,13.182620048522947,13.182620048522947,13.18262004852295,0,0.0,0.0
2016-01-20 00:00:00+08:00,13.182620048522947,13.182620048522947,13.182620048522947,13.18262004852295,0,0.0,0.0
2016-01-21 00:00:00+08:00,13.182620048522947,13.182620048522947,13.182620048522947,13.18262004852295,0,0.0,0.0
2016-01-22 00:00:00+08:00,13.182620048522947,13.182620048522947,13.182620048522947,13.18262004852295,0,0.0,0.0
2016-01-25 00:00:00+08:00,13.182620048522947,13.182620048522947,13.182620048522947,13.18262004852295,0,0.0,0.0
2016-01-26 00:00:00+08:00,13.182620048522947,13.182620048522947,13.182620048522947,13.18262004852295,0,0.0,0.0
2016-01-27 00:00:00+08:00,13.182620048522947,13.182620048522947,13.182620048522947,13.18262004852295,0,0.0,0.0
2016-01-28 00:00:00+08:00,13.182620048522947,13.182620048522947,13.182620048522947,13.18262004852295,0,0.0,0.0
2016-01-29 00:00:00+08:00,13.182620048522947,13.182620048522947,13.182620048522947,13.18262004852295,0,0.0,0.0
2016-02-01 00:00:00+08:00,13.182620048522947,13.182620048522947,13.182620048522947,13.18262004852295,0,0.0,0.0
2016-02-02 00:00:00+08:00,13.182620048522947,13.182620048522947,13.182620048522947,13.18262004852295,0,0.0,0.0
2016-02-03 00:00:00+08:00,13.182620048522947,13.182620048522947,13.182620048522947,13.18262004852295,0,0.0,0.0
2016-02-15 00:00:00+08:00,13.182620048522947,13.182620048522947,13.182620048522947,13.18262004852295,0,0.0,0.0
2016-02-16 00:00:00+08:00,13.182620048522947,13.182620048522947,13.182620048522947,13.18262004852295,0,0.0,0.0
2016-02-17 00:00:00+08:00,13.182620048522947,13.182620048522947,13.182620048522947,13.18262004852295,0,0.0,0.0
2016-02-18 00:00:00+08:00,13.182620048522947,13.182620048522947,13.182620048522947,13.18262004852295,0,0.0,0.0
2016-02-19 00:00:00+08:00,13.182620048522947,13.182620048522947,13.182620048522947,13.18262004852295,0,0.0,0.0
2016-02-22 00:00:00+08:00,13.182620048522947,13.182620048522947,13.182620048522947,13.18262004852295,0,0.0,0.0
2016-02-23 00:00:00+08:00,13.182620048522947,13.182620048522947,13.182620048522947,13.18262004852295,0,0.0,0.0
2016-02-24 00:00:00+08:00,13.182620048522947,13.182620048522947,13.182620048522947,13.18262004852295,0,0.0,0.0
2016-02-25 00:00:00+08:00,13.182620048522947,13.182620048522947,13.182620048522947,13.18262004852295,0,0.0,0.0
2016-02-26 00:00:00+08:00,13.182620048522947,13.182620048522947,13.182620048522947,13.18262004852295,0,0.0,0.0
2016-03-01 00:00:00+08:00,13.182620048522947,13.182620048522947,13.182620048522947,13.18262004852295,0,0.0,0.0
2016-03-02 00:00:00+08:00,13.182620048522947,13.182620048522947,13.182620048522947,13.18262004852295,0,0.0,0.0
2016-03-03 00:00:00+08:00,13.182620048522947,13.182620048522947,13.182620048522947,13.18262004852295,0,0.0,0.0
2016-03-04 00:00:00+08:00,13.182620048522947,13.182620048522947,13.182620048522947,13.18262004852295,0,0.0,0.0
2016-03-07 00:00:00+08:00,13.182620048522947,13.182620048522947,13.182620048522947,13.18262004852295,0,0.0,0.0
2016-03-08 00:00:00+08:00,13.182620048522947,13.182620048522947,13.182620048522947,13.18262004852295,0,0.0,0.0
2016-03-09 00:00:00+08:00,13.182620048522947,13.182620048522947,13.182620048522947,13.18262004852295,0,0.0,0.0
2016-03-10 00:00:00+08:00,13.182620048522947,13.182620048522947,13.182620048522947,13.18262004852295,0,0.0,0.0
2016-03-11 00:00:00+08:00,13.182620048522947,13.182620048522947,13.182620048522947,13.18262004852295,0,0.0,0.0
2016-03-14 00:00:00+08:00,13.182620048522947,13.182620048522947,13.182620048522947,13.18262004852295,0,0.0,0.0
2016-03-15 00:00:00+08:00,13.182620048522947,13.182620048522947,13.182620048522947,13.18262004852295,0,0.0,0.0
2016-03-16 00:00:00+08:00,13.182620048522947,13.182620048522947,13.182620048522947,13.18262004852295,0,0.0,0.0
2016-03-17 00:00:00+08:00,12.976637840270996,12.976637840270996,12.976637840270996,12.976637840270996,11811,0.0,0.0
2016-03-18 00:00:00+08:00,12.770662307739258,12.976640598998095,12.770662307739258,12.770662307739258,3938,0.0,0.0
2016-03-21 00:00:00+08:00,12.486412048339844,12.564684088204203,12.486412048339844,12.486412048339844,6561,0.0,0.0
2016-03-22 00:00:00+08:00,12.55644416809082,12.60587940987851,12.55644416809082,12.55644416809082,9449,0.0,0.0
2016-03-23 00:00:00+08:00,13.001358032226562,13.001358032226562,13.001358032226562,13.001358032226562,1312,0.0,0.0
2016-03-24 00:00:00+08:00,13.001358032226562,13.001358032226562,13.001358032226562,13.001358032226562,0,0.0,0.0
2016-03-25 00:00:00+08:00,13.001358032226562,13.001358032226562,13.001358032226562,13.001358032226562,0,0.0,0.0
2016-03-28 00:00:00+08:00,12.358704566955566,12.36282425614001,12.358704566955566,12.358704566955566,5249,0.0,0.0
2016-03-29 00:00:00+08:00,12.358704566955566,12.358704566955566,12.358704566955566,12.358704566955566,0,0.0,0.0
2016-03-30 00:00:00+08:00,12.358704566955566,12.358704566955566,12.358704566955566,12.358704566955566,0,0.0,0.0
2016-03-31 00:00:00+08:00,12.358704566955566,12.358704566955566,12.358704566955566,12.358704566955566,0,0.0,0.0
2016-04-01 00:00:00+08:00,12.770662307739258,12.770662307739258,12.729466443245208,12.770662307739258,6561,0.0,0.0
2016-04-06 00:00:00+08:00,12.770662307739258,12.770662307739258,12.770662307739258,12.770662307739258,0,0.0,0.0
2016-04-07 00:00:00+08:00,12.770662307739258,12.770662307739258,12.770662307739258,12.770662307739258,3937,0.0,0.0
2016-04-08 00:00:00+08:00,12.811858177185059,12.811858177185059,12.770662312675087,12.811858177185059,3938,0.0,0.0
2016-04-11 00:00:00+08:00,12.770662307739258,12.770662307739258,12.770662307739258,12.770662307739258,7874,0.0,0.0
2016-04-12 00:00:00+08:00,12.770662307739258,12.770662307739258,12.770662307739258,12.770662307739258,10499,0.0,0.0
2016-04-13 00:00:00+08:00,12.770662307739258,12.770662307739258,12.770662307739258,12.770662307739258,0,0.0,0.0
2016-04-14 00:00:00+08:00,12.770662307739258,12.770662307739258,12.770662307739258,12.770662307739258,0,0.0,0.0
2016-04-15 00:00:00+08:00,12.770662307739258,12.770662307739258,12.770662307739258,12.770662307739258,0,0.0,0.0
2016-04-18 00:00:00+08:00,12.853055000305176,12.853055000305176,12.77066326514027,12.853055000305176,13648,0.0,0.0
2016-04-19 00:00:00+08:00,12.853055000305176,12.853055000305176,12.853055000305176,12.853055000305176,0,0.0,0.0
2016-04-20 00:00:00+08:00,12.770662307739258,12.770662307739258,12.770662307739258,12.770662307739258,13123,0.0,0.0
2016-04-21 00:00:00+08:00,12.853055000305176,12.853055000305176,12.853055000305176,12.853055000305176,131,0.0,0.0
2016-04-22 00:00:00+08:00,12.853055000305176,12.853055000305176,12.853055000305176,12.853055000305176,0,0.0,0.0
2016-04-25 00:00:00+08:00,12.853055000305176,12.853055000305176,12.853055000305176,12.853055000305176,0,0.0,0.0
2016-04-26 00:00:00+08:00,12.853055000305176,12.853055000305176,12.853055000305176,12.853055000305176,0,0.0,0.0
2016-04-27 00:00:00+08:00,12.853055000305176,12.853055000305176,12.853055000305176,12.853055000305176,5350,0.0,0.0
2016-04-28 00:00:00+08:00,12.853055000305176,12.853055000305176,12.853055000305176,12.853055000305176,0,0.0,0.0
2016-04-29 00:00:00+08:00,12.853055000305176,12.853055000305176,12.853055000305176,12.853055000305176,0,0.0,0.0
2016-05-03 00:00:00+08:00,12.853055000305176,12.853055000305176,12.853055000305176,12.853055000305176,1312,0.0,0.0
2016-05-04 00:00:00+08:00,12.853055000305176,12.853055000305176,12.853055000305176,12.853055000305176,1312,0.0,0.0
2016-05-05 00:00:00+08:00,12.853055000305176,12.853055000305176,12.853055000305176,12.853055000305176,0,0.0,0.0
2016-05-06 00:00:00+08:00,12.853055000305176,12.853055000305176,12.853055000305176,12.853055000305176,0,0.0,0.0
2016-05-09 00:00:00+08:00,12.853055000305176,12.853055000305176,12.853055000305176,12.853055000305176,0,0.0,0.0
2016-05-10 00:00:00+08:00,12.853055000305176,12.853055000305176,12.853055000305176,12.853055000305176,0,0.0,0.0
2016-05-11 00:00:00+08:00,12.853055000305176,12.853055000305176,12.853055000305176,12.853055000305176,0,0.0,0.0
2016-05-12 00:00:00+08:00,12.853055000305176,12.853055000305176,12.853055000305176,12.853055000305176,5249,0.0,0.0
2016-05-13 00:00:00+08:00,12.853055000305176,12.853055000305176,12.853055000305176,12.853055000305176,0,0.0,0.0
2016-05-16 00:00:00+08:00,12.853055000305176,12.853055000305176,12.853055000305176,12.853055000305176,2624,0.0,0.0
2016-05-17 00:00:00+08:00,12.853055000305176,12.853055000305176,12.853055000305176,12.853055000305176,0,0.0,0.0
2016-05-18 00:00:00+08:00,12.853055000305176,12.853055000305176,12.853055000305176,12.853055000305176,0,0.0,0.0
2016-05-19 00:00:00+08:00,12.853055000305176,12.853055000305176,12.853055000305176,12.853055000305176,0,0.0,0.0
2016-05-20 00:00:00+08:00,12.853055000305176,12.853055000305176,12.853055000305176,12.853055000305176,15748,0.0,0.0
2016-05-23 00:00:00+08:00,12.853055000305176,12.853055000305176,12.853055000305176,12.853055000305176,10499,0.0,0.0
2016-05-24 00:00:00+08:00,14.480283737182615,14.480283737182615,12.770663001844591,14.480283737182617,10630,0.0,0.0
2016-05-25 00:00:00+08:00,14.95815372467041,14.95815372467041,14.830446439994894,14.95815372467041,8136,0.0,0.0
2016-05-26 00:00:00+08:00,14.624467849731445,14.624467849731445,14.212511270327816,14.624467849731445,1837,0.0,0.0
2016-05-27 00:00:00+08:00,14.748056411743164,14.748056411743164,14.212512204587597,14.748056411743164,2887,0.0,0.0
2016-05-30 00:00:00+08:00,14.954034805297852,14.954034805297852,14.954034805297852,14.954034805297852,131,0.0,0.0
2016-05-31 00:00:00+08:00,14.954034805297852,14.954034805297852,14.954034805297852,14.954034805297852,0,0.0,0.0
2016-06-01 00:00:00+08:00,14.954034805297852,14.954034805297852,14.954034805297852,14.954034805297852,3935,0.0,0.0
2016-06-02 00:00:00+08:00,14.954034805297852,14.954034805297852,14.954034805297852,14.954034805297852,0,0.0,0.0
2016-06-03 00:00:00+08:00,14.954034805297852,14.954034805297852,14.954034805297852,14.954034805297852,0,0.0,0.0
2016-06-06 00:00:00+08:00,13.69756603240967,14.216631464633192,13.69756603240967,13.697566032409668,8005,0.0,0.0
2016-06-07 00:00:00+08:00,13.69756603240967,13.69756603240967,13.69756603240967,13.697566032409668,0,0.0,0.0
2016-06-08 00:00:00+08:00,13.69756603240967,13.69756603240967,13.69756603240967,13.697566032409668,0,0.0,0.0
2016-06-13 00:00:00+08:00,13.69756603240967,13.69756603240967,13.69756603240967,13.697566032409668,0,0.0,0.0
2016-06-14 00:00:00+08:00,13.69756603240967,13.69756603240967,13.69756603240967,13.697566032409668,0,0.0,0.0
2016-06-15 00:00:00+08:00,13.69756603240967,13.69756603240967,13.69756603240967,13.697566032409668,0,0.0,0.0
2016-06-16 00:00:00+08:00,13.69756603240967,13.69756603240967,13.69756603240967,13.697566032409668,0,0.0,0.0
2016-06-17 00:00:00+08:00,13.69756603240967,13.69756603240967,13.69756603240967,13.697566032409668,0,0.0,0.0
2016-06-20 00:00:00+08:00,13.69756603240967,13.69756603240967,13.69756603240967,13.697566032409668,0,0.0,0.0
2016-06-21 00:00:00+08:00,13.69756603240967,13.69756603240967,13.69756603240967,13.697566032409668,0,0.0,0.0
2016-06-22 00:00:00+08:00,13.69756603240967,13.69756603240967,13.69756603240967,13.697566032409668,0,0.0,0.0
2016-06-23 00:00:00+08:00,13.69756603240967,13.69756603240967,13.69756603240967,13.697566032409668,0,0.0,0.0
2016-06-24 00:00:00+08:00,13.69756603240967,13.69756603240967,13.69756603240967,13.697566032409668,1312,0.0,0.0
2016-06-27 00:00:00+08:00,13.69756603240967,13.69756603240967,13.69756603240967,13.697566032409668,0,0.0,0.0
2016-06-28 00:00:00+08:00,13.69756603240967,13.69756603240967,13.69756603240967,13.697566032409668,1312,0.0,0.0
2016-06-29 00:00:00+08:00,13.69756603240967,13.69756603240967,13.69756603240967,13.697566032409668,0,0.0,0.0
2016-06-30 00:00:00+08:00,13.69756603240967,13.69756603240967,13.69756603240967,13.697566032409668,0,0.0,0.0
2016-07-01 00:00:00+08:00,13.69756603240967,13.69756603240967,13.69756603240967,13.697566032409668,0,0.0,0.0
2016-07-04 00:00:00+08:00,13.69756603240967,13.69756603240967,13.69756603240967,13.697566032409668,0,0.0,0.0
2016-07-05 00:00:00+08:00,13.69756603240967,13.69756603240967,13.69756603240967,13.697566032409668,0,0.0,0.0
2016-07-06 00:00:00+08:00,13.69756603240967,13.69756603240967,13.69756603240967,13.697566032409668,0,0.0,0.0
2016-07-07 00:00:00+08:00,13.69756603240967,13.69756603240967,13.69756603240967,13.697566032409668,0,0.0,0.0
2016-07-08 00:00:00+08:00,13.69756603240967,13.69756603240967,13.69756603240967,13.697566032409668,0,0.0,0.0
2016-07-11 00:00:00+08:00,13.69756603240967,13.69756603240967,13.69756603240967,13.697566032409668,0,0.0,0.0
2016-07-12 00:00:00+08:00,14.410250663757324,14.410250663757324,14.410250663757324,14.410250663757324,3937,0.0,0.0
2016-07-13 00:00:00+08:00,14.418489456176758,14.418489456176758,14.418489456176758,14.418489456176758,3937,0.0,0.0
2016-07-14 00:00:00+08:00,15.110575675964357,15.110575675964357,15.110575675964357,15.110575675964355,7,0.0,0.0
2016-07-15 00:00:00+08:00,15.223864555358887,15.223864555358887,15.223864555358887,15.223864555358887,262,1.523927,0.0
2016-07-18 00:00:00+08:00,15.223864555358887,15.223864555358887,15.223864555358887,15.223864555358887,0,0.0,0.0
2016-07-19 00:00:00+08:00,15.223864555358887,15.223864555358887,15.223864555358887,15.223864555358887,0,0.0,0.0
2016-07-20 00:00:00+08:00,15.223864555358887,15.223864555358887,15.223864555358887,15.223864555358887,0,0.0,0.0
2016-07-21 00:00:00+08:00,15.223864555358887,15.223864555358887,15.223864555358887,15.223864555358887,0,0.0,0.0
2016-07-22 00:00:00+08:00,15.223864555358887,15.223864555358887,15.223864555358887,15.223864555358887,0,0.0,0.0
2016-07-25 00:00:00+08:00,15.223864555358887,15.223864555358887,15.219507282395288,15.223864555358887,5249,0.0,0.0
2016-07-26 00:00:00+08:00,15.223864555358887,15.223864555358887,15.223864555358887,15.223864555358887,0,0.0,0.0
2016-07-27 00:00:00+08:00,19.084293365478516,20.086437705117277,15.96022053052663,19.084293365478516,46498,0.0,0.0
2016-07-28 00:00:00+08:00,18.80107879638672,19.607151344636733,18.73572297768303,18.80107879638672,7913,0.0,0.0
2016-07-29 00:00:00+08:00,18.809791564941406,18.809791564941406,18.809791564941406,18.809791564941406,3937,0.0,0.0
2016-08-01 00:00:00+08:00,18.805435180664062,18.805435180664062,18.805435180664062,18.805435180664062,1312,0.0,0.0
2016-08-02 00:00:00+08:00,18.805435180664062,18.805435180664062,18.805435180664062,18.805435180664062,0,0.0,0.0
2016-08-03 00:00:00+08:00,18.805435180664062,18.805435180664062,18.805435180664062,18.805435180664062,0,0.0,0.0
2016-08-04 00:00:00+08:00,18.805435180664062,18.805435180664062,18.805435180664062,18.805435180664062,0,0.0,0.0
2016-08-05 00:00:00+08:00,18.805435180664062,18.805435180664062,18.805435180664062,18.805435180664062,0,0.0,0.0
2016-08-08 00:00:00+08:00,18.805435180664062,18.805435180664062,18.805435180664062,18.805435180664062,0,0.0,0.0
2016-08-09 00:00:00+08:00,18.626792907714844,18.626792907714844,18.626792907714844,18.626792907714844,1312,0.0,0.0
2016-08-10 00:00:00+08:00,18.626792907714844,18.626792907714844,18.626792907714844,18.626792907714844,1312,0.0,0.0
2016-08-11 00:00:00+08:00,19.58536720275879,19.58536720275879,19.58536720275879,19.58536720275879,7874,0.0,0.0
2016-08-12 00:00:00+08:00,19.58536720275879,19.58536720275879,19.58536720275879,19.58536720275879,6,0.0,0.0
2016-08-15 00:00:00+08:00,19.58536720275879,19.58536720275879,19.58536720275879,19.58536720275879,5249,0.0,0.0
2016-08-16 00:00:00+08:00,19.58536720275879,19.58536720275879,19.58536720275879,19.58536720275879,0,0.0,0.0
2016-08-17 00:00:00+08:00,18.626792907714844,18.626792907714844,18.626792907714844,18.626792907714844,2624,0.0,0.0
2016-08-18 00:00:00+08:00,19.476438522338867,19.476438522338867,18.517866833373798,19.476438522338867,1509,0.0,0.0
2016-08-19 00:00:00+08:00,19.476438522338867,19.476438522338867,19.476438522338867,19.476438522338867,0,0.0,0.0
2016-08-22 00:00:00+08:00,18.517866134643555,18.517866134643555,18.517866134643555,18.517866134643555,2624,0.0,0.0
2016-08-23 00:00:00+08:00,18.517866134643555,18.517866134643555,18.517866134643555,18.517866134643555,0,0.0,0.0
2016-08-24 00:00:00+08:00,18.517866134643555,18.517866134643555,18.517866134643555,18.517866134643555,0,0.0,0.0
2016-08-25 00:00:00+08:00,18.517866134643555,18.517866134643555,18.517866134643555,18.517866134643555,1312,0.0,0.0
2016-08-26 00:00:00+08:00,18.517866134643555,18.517866134643555,18.517866134643555,18.517866134643555,0,0.0,0.0
2016-08-29 00:00:00+08:00,18.517866134643555,18.517866134643555,18.517866134643555,18.517866134643555,0,0.0,0.0
2016-08-30 00:00:00+08:00,18.517866134643555,18.517866134643555,18.517866134643555,18.517866134643555,3937,0.0,0.0
2016-08-31 00:00:00+08:00,18.504793167114258,18.504793167114258,18.504793167114258,18.504793167114258,3937,0.0,0.0
2016-09-01 00:00:00+08:00,18.504793167114258,18.504793167114258,18.504793167114258,18.504793167114258,0,0.0,0.0
2016-09-02 00:00:00+08:00,18.504793167114258,18.504793167114258,18.504793167114258,18.504793167114258,0,0.0,0.0
2016-09-05 00:00:00+08:00,17.86429214477539,17.86429214477539,17.676934885794893,17.86429214477539,7874,0.0,0.0
2016-09-06 00:00:00+08:00,17.86429214477539,17.86429214477539,17.86429214477539,17.86429214477539,0,0.0,0.0
2016-09-07 00:00:00+08:00,17.86429214477539,17.86429214477539,17.86429214477539,17.86429214477539,0,0.0,0.0
2016-09-08 00:00:00+08:00,17.86429214477539,17.86429214477539,17.86429214477539,17.86429214477539,0,0.0,0.0
2016-09-09 00:00:00+08:00,17.86429214477539,17.86429214477539,17.86429214477539,17.86429214477539,0,0.0,0.0
2016-09-12 00:00:00+08:00,17.86429214477539,17.86429214477539,17.86429214477539,17.86429214477539,0,0.0,0.0
2016-09-13 00:00:00+08:00,17.86429214477539,17.86429214477539,17.86429214477539,17.86429214477539,0,0.0,0.0
2016-09-14 00:00:00+08:00,17.385007858276367,17.385007858276367,17.385007858276367,17.385007858276367,1312,0.0,0.0
2016-09-19 00:00:00+08:00,17.385007858276367,17.385007858276367,17.385007858276367,17.385007858276367,0,0.0,0.0
2016-09-20 00:00:00+08:00,17.385007858276367,17.385007858276367,17.385007858276367,17.385007858276367,0,0.0,0.0
2016-09-21 00:00:00+08:00,17.385007858276367,17.385007858276367,17.385007858276367,17.385007858276367,0,0.0,0.0
2016-09-22 00:00:00+08:00,17.385007858276367,17.385007858276367,17.385007858276367,17.385007858276367,0,0.0,0.0
2016-09-23 00:00:00+08:00,17.385007858276367,17.385007858276367,17.385007858276367,17.385007858276367,0,0.0,0.0
2016-09-26 00:00:00+08:00,17.385007858276367,17.385007858276367,17.385007858276367,17.385007858276367,0,0.0,0.0
2016-09-27 00:00:00+08:00,17.385007858276367,17.385007858276367,17.385007858276367,17.385007858276367,0,0.0,0.0
2016-09-28 00:00:00+08:00,17.385007858276367,17.385007858276367,17.385007858276367,17.385007858276367,0,0.0,0.0
2016-09-29 00:00:00+08:00,17.385007858276367,17.385007858276367,17.385007858276367,17.385007858276367,0,0.0,0.0
2016-09-30 00:00:00+08:00,17.385007858276367,17.385007858276367,17.385007858276367,17.385007858276367,0,0.0,0.0
2016-10-03 00:00:00+08:00,17.428577423095703,17.428577423095703,17.428577423095703,17.428577423095703,656,0.0,0.0
2016-10-04 00:00:00+08:00,17.097436904907227,17.097436904907227,17.097436904907227,17.097436904907227,1312,0.0,0.0
2016-10-05 00:00:00+08:00,17.097436904907227,17.097436904907227,17.097436904907227,17.097436904907227,0,0.0,0.0
2016-10-06 00:00:00+08:00,16.775005340576172,16.775005340576172,16.775005340576172,16.775005340576172,1312,0.0,0.0
2016-10-07 00:00:00+08:00,16.775005340576172,16.775005340576172,16.775005340576172,16.775005340576172,0,0.0,0.0
2016-10-11 00:00:00+08:00,16.775005340576172,16.775005340576172,16.775005340576172,16.775005340576172,0,0.0,0.0
2016-10-12 00:00:00+08:00,16.775005340576172,16.775005340576172,16.775005340576172,16.775005340576172,0,0.0,0.0
2016-10-13 00:00:00+08:00,17.554931640625,17.554931640625,17.554931640625,17.554931640625,6561,0.0,0.0
2016-10-14 00:00:00+08:00,17.554931640625,17.554931640625,17.554931640625,17.554931640625,0,0.0,0.0
2016-10-17 00:00:00+08:00,17.554931640625,17.554931640625,17.554931640625,17.554931640625,1312,0.0,0.0
2016-10-18 00:00:00+08:00,16.683502197265625,16.683502197265625,16.683502197265625,16.683502197265625,1312,0.0,0.0
2016-10-19 00:00:00+08:00,16.683502197265625,16.683502197265625,16.683502197265625,16.683502197265625,0,0.0,0.0
2016-10-20 00:00:00+08:00,16.683502197265625,16.683502197265625,16.683502197265625,16.683502197265625,0,0.0,0.0
2016-10-21 00:00:00+08:00,16.683502197265625,16.683502197265625,16.683502197265625,16.683502197265625,0,0.0,0.0
2016-10-24 00:00:00+08:00,16.683502197265625,16.683502197265625,16.683502197265625,16.683502197265625,0,0.0,0.0
2016-10-25 00:00:00+08:00,16.683502197265625,16.683502197265625,16.683502197265625,16.683502197265625,0,0.0,0.0
2016-10-26 00:00:00+08:00,16.683502197265625,16.683502197265625,16.683502197265625,16.683502197265625,0,0.0,0.0
2016-10-27 00:00:00+08:00,17.55057716369629,17.554933345101635,17.55057716369629,17.55057716369629,5249,0.0,0.0
2016-10-28 00:00:00+08:00,17.428577423095703,17.55057777372021,17.428577423095703,17.428577423095703,918,0.0,0.0
2016-10-31 00:00:00+08:00,17.428577423095703,17.428577423095703,17.428577423095703,17.428577423095703,0,0.0,0.0
2016-11-01 00:00:00+08:00,17.428577423095703,17.428577423095703,17.428577423095703,17.428577423095703,6561,0.0,0.0
2016-11-02 00:00:00+08:00,16.86650848388672,16.86650848388672,16.86650848388672,16.86650848388672,1312,0.0,0.0
2016-11-03 00:00:00+08:00,16.775005340576172,17.210719481712843,16.775005340576172,16.775005340576172,4724,0.0,0.0
2016-11-04 00:00:00+08:00,16.143217086791992,16.840359830866245,16.143217086791992,16.143217086791992,17979,0.0,0.0
2016-11-07 00:00:00+08:00,16.64429473876953,16.775008570002225,16.64429473876953,16.64429473876953,3280,0.0,0.0
2016-11-08 00:00:00+08:00,16.77936363220215,17.515721971528524,16.77936363220215,16.77936363220215,5249,0.0,0.0
2016-11-09 00:00:00+08:00,17.210721969604492,17.65079453733031,16.783722311329264,17.210721969604492,36747,0.0,0.0
2016-11-10 00:00:00+08:00,17.64207649230957,17.64207649230957,16.99286149713611,17.64207649230957,18373,0.0,0.0
2016-11-11 00:00:00+08:00,17.64207649230957,17.64207649230957,17.64207649230957,17.64207649230957,0,0.0,0.0
2016-11-14 00:00:00+08:00,17.428577423095703,17.428577423095703,17.428577423095703,17.428577423095703,5249,0.0,0.0
2016-11-15 00:00:00+08:00,17.428577423095703,17.428577423095703,17.428577423095703,17.428577423095703,0,0.0,0.0
2016-11-16 00:00:00+08:00,17.428577423095703,17.428577423095703,17.428577423095703,17.428577423095703,0,0.0,0.0
2016-11-17 00:00:00+08:00,17.428577423095703,17.428577423095703,17.428577423095703,17.428577423095703,0,0.0,0.0
2016-11-18 00:00:00+08:00,17.64207649230957,17.64207649230957,17.64207649230957,17.64207649230957,1312,0.0,0.0
2016-11-21 00:00:00+08:00,17.64207649230957,17.64207649230957,17.64207649230957,17.64207649230957,0,0.0,0.0
2016-11-22 00:00:00+08:00,17.64207649230957,17.64207649230957,17.64207649230957,17.64207649230957,0,0.0,0.0
2016-11-23 00:00:00+08:00,17.210721969604492,17.210721969604492,16.992864867543876,17.210721969604492,2624,0.0,0.0
2016-11-24 00:00:00+08:00,17.210721969604492,17.210721969604492,17.210721969604492,17.210721969604492,0,0.0,0.0
2016-11-25 00:00:00+08:00,17.210721969604492,17.210721969604492,17.210721969604492,17.210721969604492,0,0.0,0.0
2016-11-28 00:00:00+08:00,17.210721969604492,17.210721969604492,17.210721969604492,17.210721969604492,0,0.0,0.0
2016-11-29 00:00:00+08:00,17.210721969604492,17.210721969604492,17.210721969604492,17.210721969604492,0,0.0,0.0
2016-11-30 00:00:00+08:00,17.210721969604492,17.210721969604492,17.210721969604492,17.210721969604492,0,0.0,0.0
2016-12-01 00:00:00+08:00,17.210721969604492,17.210721969604492,17.210721969604492,17.210721969604492,0,0.0,0.0
2016-12-02 00:00:00+08:00,17.210721969604492,17.210721969604492,17.210721969604492,17.210721969604492,0,0.0,0.0
2016-12-05 00:00:00+08:00,17.210721969604492,17.210721969604492,17.210721969604492,17.210721969604492,0,0.0,0.0
2016-12-06 00:00:00+08:00,17.210721969604492,17.210721969604492,17.210721969604492,17.210721969604492,0,0.0,0.0
2016-12-07 00:00:00+08:00,17.210721969604492,17.210721969604492,17.210721969604492,17.210721969604492,0,0.0,0.0
2016-12-08 00:00:00+08:00,17.210721969604492,17.210721969604492,17.210721969604492,17.210721969604492,0,0.0,0.0
2016-12-09 00:00:00+08:00,17.210721969604492,17.210721969604492,17.210721969604492,17.210721969604492,0,0.0,0.0
2016-12-12 00:00:00+08:00,17.210721969604492,17.210721969604492,17.210721969604492,17.210721969604492,0,0.0,0.0
2016-12-13 00:00:00+08:00,16.99286460876465,16.99286460876465,16.557150411278776,16.99286460876465,4724,0.0,0.0
2016-12-14 00:00:00+08:00,16.557146072387695,16.557146072387695,16.352359755198513,16.557146072387695,6561,0.0,0.0
2016-12-15 00:00:00+08:00,16.775005340576172,16.775005340576172,16.775005340576172,16.775005340576172,2624,0.0,0.0
2016-12-16 00:00:00+08:00,16.775005340576172,16.775005340576172,16.775005340576172,16.775005340576172,1312,0.0,0.0
2016-12-19 00:00:00+08:00,16.775005340576172,16.775005340576172,16.775005340576172,16.775005340576172,0,0.0,0.0
2016-12-20 00:00:00+08:00,16.775005340576172,16.775005340576172,16.775005340576172,16.775005340576172,0,0.0,0.0
2016-12-21 00:00:00+08:00,16.99286460876465,16.99286460876465,16.775007510021712,16.99286460876465,18636,0.0,0.0
2016-12-22 00:00:00+08:00,17.07564926147461,17.07564926147461,17.07564926147461,17.07564926147461,1312,0.0,0.0
2016-12-23 00:00:00+08:00,18.082151412963867,18.33922178917839,17.07565081924596,18.082151412963867,49477,0.0,0.0
2016-12-26 00:00:00+08:00,17.733577728271484,18.29564952051819,17.602863916004637,17.733577728271484,13150,0.0,0.0
2016-12-27 00:00:00+08:00,17.77714729309082,17.88171963954846,17.77714729309082,17.77714729309082,7874,0.0,0.0
2016-12-28 00:00:00+08:00,17.86429214477539,17.92093450436693,17.515721261101053,17.86429214477539,48033,0.0,0.0
2016-12-29 00:00:00+08:00,17.86429214477539,18.705221719337807,17.777148878516083,17.86429214477539,41996,0.0,0.0
2016-12-30 00:00:00+08:00,17.94707679748535,18.208505501933075,17.777148630400973,17.94707679748535,32809,0.0,0.0
2017-01-03 00:00:00+08:00,17.64643669128418,17.864293786269204,17.55929341701755,17.64643669128418,32809,0.0,0.0
2017-01-04 00:00:00+08:00,17.428577423095703,17.646434490915706,17.341434159695137,17.428577423095703,18373,0.0,0.0
2017-01-05 00:00:00+08:00,17.428577423095703,17.428577423095703,17.428577423095703,17.428577423095703,3937,0.0,0.0
2017-01-06 00:00:00+08:00,17.428577423095703,17.428577423095703,17.428577423095703,17.428577423095703,0,0.0,0.0
2017-01-09 00:00:00+08:00,17.64207649230957,17.64207649230957,17.64207649230957,17.64207649230957,2624,0.0,0.0
2017-01-10 00:00:00+08:00,17.64207649230957,17.64207649230957,17.64207649230957,17.64207649230957,0,0.0,0.0
2017-01-11 00:00:00+08:00,17.027719497680664,17.42857764180854,17.027719497680664,17.027719497680664,5249,0.0,0.0
2017-01-12 00:00:00+08:00,17.027719497680664,17.027719497680664,17.027719497680664,17.027719497680664,0,0.0,0.0
2017-01-13 00:00:00+08:00,17.64207649230957,17.64207649230957,17.64207649230957,17.64207649230957,2624,0.0,0.0
2017-01-16 00:00:00+08:00,17.511363983154297,17.642078890643187,17.341435803168405,17.511363983154297,26379,0.0,0.0
2017-01-17 00:00:00+08:00,17.511363983154297,17.511363983154297,17.511363983154297,17.511363983154297,2624,0.0,0.0
2017-01-18 00:00:00+08:00,17.51572036743164,17.51572036743164,17.51572036743164,17.51572036743164,66,0.0,0.0
2017-01-19 00:00:00+08:00,17.51572036743164,17.86429123332155,17.51572036743164,17.51572036743164,2624,0.0,0.0
2017-01-20 00:00:00+08:00,17.51572036743164,17.51572036743164,17.51572036743164,17.51572036743164,0,0.0,0.0
2017-01-23 00:00:00+08:00,17.86429214477539,17.86429214477539,17.86429214477539,17.86429214477539,11811,0.0,0.0
2017-01-24 00:00:00+08:00,18.343578338623047,18.343578338623047,17.864292544826665,18.343578338623047,73494,0.0,0.0
2017-02-02 00:00:00+08:00,19.38929557800293,20.082081264332057,18.08650912057227,19.38929557800293,75600,0.0,0.0
2017-02-03 00:00:00+08:00,19.694295883178707,20.5395828495151,19.175794575449512,19.69429588317871,55251,0.0,0.0
2017-02-06 00:00:00+08:00,20.12565040588379,20.12565040588379,19.825008405050497,20.12565040588379,8136,0.0,0.0
2017-02-07 00:00:00+08:00,20.1735782623291,20.1735782623291,19.389293210507454,20.1735782623291,17192,0.0,0.0
2017-02-08 00:00:00+08:00,19.607149124145508,19.694292387244598,19.607149124145508,19.607149124145508,13123,0.0,0.0
2017-02-09 00:00:00+08:00,19.17143440246582,19.73350614179818,19.088647323445592,19.17143440246582,22323,0.0,0.0
2017-02-10 00:00:00+08:00,19.807580947875977,19.807580947875977,19.807580947875977,19.807580947875977,1312,0.0,0.0
2017-02-13 00:00:00+08:00,19.807580947875977,19.807580947875977,19.807580947875977,19.807580947875977,0,0.0,0.0
2017-02-14 00:00:00+08:00,19.68993377685547,19.68993377685547,19.68993377685547,19.68993377685547,2624,0.0,0.0
2017-02-15 00:00:00+08:00,18.82286834716797,19.68993844729905,18.735725064493845,18.82286834716797,16667,0.0,0.0
2017-02-16 00:00:00+08:00,19.254222869873047,19.254222869873047,19.254222869873047,19.254222869873047,20407,0.0,0.0
2017-02-17 00:00:00+08:00,19.17143440246582,19.25857766289423,19.17143440246582,19.17143440246582,10499,0.0,0.0
2017-02-20 00:00:00+08:00,19.68993377685547,19.942649018530147,18.3000064917331,19.68993377685547,63207,0.0,0.0
2017-02-21 00:00:00+08:00,18.652935028076172,19.716078982891016,18.217221955338573,18.652935028076172,32219,0.0,0.0
2017-02-22 00:00:00+08:00,19.254222869873047,19.68993707143414,18.21722355005753,19.254222869873047,30248,0.0,0.0
2017-02-23 00:00:00+08:00,18.95357894897461,19.25422093251039,18.478650429805867,18.95357894897461,22337,0.0,0.0
2017-02-24 00:00:00+08:00,18.910005569458008,18.957934474165256,18.648577956425754,18.910005569458008,22835,0.0,0.0
2017-03-01 00:00:00+08:00,18.23900604248047,18.73572089817637,18.23900604248047,18.23900604248047,6680,0.0,0.0
2017-03-02 00:00:00+08:00,18.517866134643555,18.517866134643555,18.517866134643555,18.517866134643555,2624,0.0,0.0
2017-03-03 00:00:00+08:00,19.17143440246582,19.419791276801003,18.648577021258106,19.17143440246582,18768,0.0,0.0
2017-03-06 00:00:00+08:00,19.254222869873047,19.254222869873047,19.254222869873047,19.254222869873047,6561,0.0,0.0
2017-03-07 00:00:00+08:00,18.95357894897461,19.171436027834346,18.648578602298393,18.95357894897461,15748,0.0,0.0
2017-03-08 00:00:00+08:00,18.735719680786133,18.735719680786133,18.648576423152623,18.735719680786133,7086,0.0,0.0
2017-03-09 00:00:00+08:00,18.735719680786133,18.77493403765308,18.30000557398125,18.735719680786133,20998,0.0,0.0
2017-03-10 00:00:00+08:00,18.779293060302734,18.866436331121367,18.456863612682692,18.779293060302734,79400,0.0,0.0
2017-03-13 00:00:00+08:00,18.997148513793945,19.171435040450653,18.77929144615447,18.997148513793945,57745,0.0,0.0
2017-03-14 00:00:00+08:00,21.437152862548828,21.524296141659264,18.997151954272717,21.437152862548828,315106,0.0,0.0
2017-03-15 00:00:00+08:00,21.85979461669922,22.478509886144163,21.136509165695973,21.85979461669922,652674,0.0,0.0
2017-03-16 00:00:00+08:00,21.851078033447266,22.875007569002836,21.52865079212279,21.851078033447266,281314,0.0,0.0
2017-03-17 00:00:00+08:00,21.855438232421875,22.13429495581381,21.11472369756016,21.855438232421875,428202,0.0,0.0
2017-03-20 00:00:00+08:00,26.138505935668945,27.097079604378163,21.78572097576533,26.138505935668945,474927,0.0,0.0
2017-03-21 00:00:00+08:00,25.402153015136722,25.707153369082626,24.404367046649785,25.40215301513672,282193,0.0,0.0
2017-03-22 00:00:00+08:00,26.230005264282227,26.879220197368998,24.404361889637304,26.230005264282227,228265,0.0,0.0
2017-03-23 00:00:00+08:00,25.7071533203125,26.3563683893566,24.752937897901127,25.7071533203125,286120,0.0,0.0
2017-03-24 00:00:00+08:00,24.44793510437012,25.920651634921995,24.317221303505907,24.447935104370117,208947,0.0,0.0
2017-03-27 00:00:00+08:00,23.52422332763672,25.267079937993948,22.77043592405786,23.52422332763672,176570,0.0,0.0
2017-03-28 00:00:00+08:00,23.18436050415039,24.077576096340312,22.835789683018046,23.18436050415039,182554,0.0,0.0
2017-03-29 00:00:00+08:00,23.09286499023438,23.3847946021443,22.661507026217972,23.092864990234375,71302,0.0,0.0
2017-03-30 00:00:00+08:00,22.731220245361328,23.75079129272978,22.134290377619546,22.731220245361328,52083,0.0,0.0
2017-03-31 00:00:00+08:00,22.356508255004886,23.56343896624402,22.147365712185767,22.356508255004883,69570,0.0,0.0
2017-04-05 00:00:00+08:00,22.003582000732422,22.221439097080843,20.700795604769088,22.003582000732422,201807,0.0,0.0
2017-04-06 00:00:00+08:00,23.171297073364258,23.75079801825586,21.807510988724925,23.171297073364258,142672,0.0,0.0
2017-04-07 00:00:00+08:00,23.6026554107666,24.304155645351145,23.01008372984144,23.6026554107666,208408,0.0,0.0
2017-04-10 00:00:00+08:00,23.175649642944336,24.077579921625546,22.221436459490047,23.175649642944336,255090,0.0,0.0
2017-04-11 00:00:00+08:00,21.42407989501953,23.1756511147571,21.350009533403224,21.42407989501953,355923,0.0,0.0
2017-04-12 00:00:00+08:00,20.260723114013672,21.515580603814804,19.829365102050964,20.260723114013672,597611,0.0,0.0
2017-04-13 00:00:00+08:00,20.03850555419922,20.55700454913059,19.872933585027482,20.03850555419922,654090,0.0,0.0
2017-04-14 00:00:00+08:00,19.559221267700195,20.347864677999954,19.498221634673364,19.559221267700195,385655,0.0,0.0
2017-04-17 00:00:00+08:00,18.156225204467773,19.607154733257946,18.086511010317594,18.156225204467773,1097060,0.0,0.0
2017-04-18 00:00:00+08:00,17.428577423095703,18.30000678505712,17.37193397468091,17.428577423095703,1100210,0.0,0.0
2017-04-19 00:00:00+08:00,17.807649612426758,18.613721049490557,17.428578893226277,17.807649612426758,1684372,0.0,0.0
2017-04-20 00:00:00+08:00,16.99286460876465,17.92529373304788,16.99286460876465,16.99286460876465,1632617,0.0,0.0
2017-04-21 00:00:00+08:00,16.513575891223667,16.992861642943076,16.07786176978445,16.382862091064453,2638315,0.0,0.0
2017-04-24 00:00:00+08:00,16.339291795779246,16.49179196887921,15.772862737219596,15.83821964263916,990601,0.0,0.0
2017-04-25 00:00:00+08:00,16.034291733736143,16.317505722694303,15.925363192545966,16.165006637573242,626314,0.0,0.0
2017-04-26 00:00:00+08:00,16.12143559985625,16.426435962753963,15.968935418407398,16.29572105407715,298177,0.0,0.0
2017-04-27 00:00:00+08:00,16.295721072995338,17.319650708100426,16.295721072995338,17.014650344848633,675242,0.0,0.0
2017-04-28 00:00:00+08:00,17.036434012242818,18.71393585205078,17.036434012242818,18.71393585205078,1302769,0.0,0.0
2017-05-02 00:00:00+08:00,19.14965098867436,19.389293342056447,18.300007934535174,18.45250701904297,1037713,0.0,0.0
2017-05-03 00:00:00+08:00,18.430720253744386,18.452505523856985,17.42857710561847,17.51572036743164,641591,0.0,0.0
2017-05-04 00:00:00+08:00,17.34143272777577,17.428575983980732,16.775003743806177,17.145360946655273,431779,0.0,0.0
2017-05-05 00:00:00+08:00,17.145364531672953,17.646436723601404,17.145364531672953,17.49393653869629,224682,0.0,0.0
2017-05-08 00:00:00+08:00,17.733575199335448,17.733575199335448,17.145360946655273,17.145360946655273,179798,0.0,0.0
2017-05-09 00:00:00+08:00,17.14536587940369,17.341437716934365,16.557151457493315,16.64429473876953,239184,0.0,0.0
2017-05-10 00:00:00+08:00,17.363219649246965,17.363219649246965,16.47000500550793,16.775005340576172,178486,0.0,0.0
2017-05-11 00:00:00+08:00,16.775008104666174,16.86215138352505,16.557150998200587,16.622509002685547,107616,0.0,0.0
2017-05-12 00:00:00+08:00,16.64428932532113,16.73143148757328,16.557146072387695,16.557146072387695,224420,0.0,0.0
2017-05-15 00:00:00+08:00,16.557149947885723,16.557149947885723,16.121435762594395,16.25214958190918,189182,0.0,0.0
2017-05-16 00:00:00+08:00,16.273936977931648,16.775008104666174,16.273936977931648,16.622509002685547,112866,0.0,0.0
2017-05-17 00:00:00+08:00,16.557151457493315,16.731436929364115,16.557151457493315,16.64429473876953,53808,0.0,0.0
2017-05-18 00:00:00+08:00,16.55714781015376,16.753219604492188,16.404647646855143,16.753219604492188,47246,0.0,0.0
2017-05-19 00:00:00+08:00,16.862146366973427,16.862146366973427,16.557146072387695,16.557146072387695,110438,0.0,0.0
2017-05-22 00:00:00+08:00,16.557148139474805,16.578933410087316,16.42643433443689,16.51357650756836,29069,0.0,0.0
2017-05-23 00:00:00+08:00,16.426436128570938,16.426436128570938,16.25214958190918,16.25214958190918,163183,0.0,0.0
2017-05-24 00:00:00+08:00,16.317507774752027,16.426437420322465,16.273937225341797,16.273937225341797,55120,0.0,0.0
2017-05-25 00:00:00+08:00,16.252151779016852,16.339295064128525,16.23036650307978,16.317508697509766,53808,0.0,0.0
2017-05-26 00:00:00+08:00,16.29571754875001,16.36107444368891,16.186789026958074,16.208574295043945,102367,0.0,0.0
2017-05-31 00:00:00+08:00,16.208577181504126,16.208577181504126,16.165006637573242,16.165006637573242,48690,0.0,0.0
2017-06-01 00:00:00+08:00,16.165004887953028,16.208575427168054,16.034289998263862,16.12143325805664,64635,0.0,0.0
2017-06-02 00:00:00+08:00,16.208577482773325,16.252149118195558,16.12143530261036,16.230363845825195,87930,0.0,0.0
2017-06-05 00:00:00+08:00,16.644290782064257,16.644290782064257,16.339290460784255,16.382862091064453,109060,0.0,0.0
2017-06-06 00:00:00+08:00,16.339292690302752,16.382864326528356,16.25214941785154,16.29572105407715,38059,0.0,0.0
2017-06-07 00:00:00+08:00,16.208574295043945,16.29571754875001,16.186789026958074,16.208574295043945,84091,0.0,0.0
2017-06-08 00:00:00+08:00,16.208574295043945,16.29571754875001,16.165003758872203,16.208574295043945,82681,0.0,0.0
2017-06-09 00:00:00+08:00,16.208577181504126,16.208577181504126,16.121435002960876,16.165006637573242,35434,0.0,0.0
2017-06-12 00:00:00+08:00,16.121431989083092,16.927503261332863,16.121431989083092,16.557146072387695,146988,0.0,0.0
2017-06-13 00:00:00+08:00,16.818578507421357,16.818578507421357,16.186792508853898,16.29572105407715,122053,0.0,0.0
2017-06-14 00:00:00+08:00,16.317505722694303,16.535363895756138,16.165006637573242,16.165006637573242,76119,0.0,0.0
2017-06-15 00:00:00+08:00,16.143221035586347,16.33929285524006,16.143221035586347,16.25214958190918,64307,0.0,0.0
2017-06-16 00:00:00+08:00,16.33929092521113,16.55714799212309,16.33929092521113,16.404647827148438,122053,0.0,0.0
2017-06-19 00:00:00+08:00,16.644291072233372,16.8403617758904,16.55714781015376,16.753219604492188,305802,0.0,0.0
2017-06-20 00:00:00+08:00,16.600723098131425,16.775008570002225,16.57893673247155,16.64429473876953,97248,0.0,0.0
2017-06-21 00:00:00+08:00,16.64428932532113,16.64428932532113,16.557146072387695,16.557146072387695,94492,0.0,0.0
2017-06-22 00:00:00+08:00,16.68786637940764,16.709651654385876,16.64429473876953,16.64429473876953,49871,0.0,0.0
2017-06-23 00:00:00+08:00,16.687865228804487,16.818579051024656,16.687865228804487,16.731435775756836,61688,0.0,0.0
2017-06-26 00:00:00+08:00,16.92750769727808,17.188936433905916,16.775007510021712,16.99286460876465,240903,0.0,0.0
2017-06-27 00:00:00+08:00,17.058221325417545,18.21286473428591,17.058221325417545,17.995006561279297,500668,0.0,0.0
2017-06-28 00:00:00+08:00,17.995005035359917,17.995005035359917,17.450362375731068,17.51572036743164,290324,0.0,0.0
2017-06-29 00:00:00+08:00,17.690008996506613,17.733579544603888,17.472150802612305,17.472150802612305,225883,0.0,0.0
2017-06-30 00:00:00+08:00,17.472147240756513,17.51571996133427,17.16714801284452,16.12143325805664,320588,0.0,0.0
2017-07-03 00:00:00+08:00,17.28965529738943,17.71021396183001,17.28965529738943,17.47657012939453,297502,1.904909,0.0
2017-07-04 00:00:00+08:00,17.686851097263244,17.686851097263244,17.47657116769185,17.523300170898438,80187,0.0,0.0
2017-07-05 00:00:00+08:00,17.523297030886262,17.546660943444724,17.336382221269794,17.38311004638672,73494,0.0,0.0
2017-07-06 00:00:00+08:00,17.38311251866663,17.38311251866663,17.196197682466554,17.289655685424805,83993,0.0,0.0
2017-07-07 00:00:00+08:00,17.289656793236688,17.289656793236688,16.869098092410677,16.962554931640625,133864,0.0,0.0
2017-07-10 00:00:00+08:00,16.962553587807413,17.056011589349787,16.82236658549385,16.869096755981445,79426,0.0,0.0
2017-07-11 00:00:00+08:00,16.82236758127819,16.82236758127819,16.425172805786133,16.425172805786133,157514,0.0,0.0
2017-07-12 00:00:00+08:00,16.425170835365538,16.5887217432676,16.425170835365538,16.448535919189453,47705,0.0,0.0
2017-07-13 00:00:00+08:00,16.728910274962463,16.728910274962463,16.565359352025048,16.635452270507812,77884,0.0,0.0
2017-07-14 00:00:00+08:00,16.541994500162982,16.70554542541504,16.541994500162982,16.70554542541504,24935,0.0,0.0
2017-07-17 00:00:00+08:00,16.63545161727981,16.63545161727981,16.378443869696177,16.40180778503418,56480,0.0,0.0
2017-07-18 00:00:00+08:00,16.40180692125796,16.541992745336106,16.37844300715038,16.448535919189453,72181,0.0,0.0
2017-07-19 00:00:00+08:00,16.448535675281924,16.54199250004275,16.35507768080478,16.378442764282227,83009,0.0,0.0
2017-07-20 00:00:00+08:00,16.37844214834541,16.37844214834541,16.12143325805664,16.12143325805664,128615,0.0,0.0
2017-07-21 00:00:00+08:00,16.425171036760524,16.425171036760524,16.168163299560547,16.168163299560547,59189,0.0,0.0
2017-07-24 00:00:00+08:00,16.121434990753265,16.121434990753265,16.027976989746094,16.027976989746094,35434,0.0,0.0
2017-07-25 00:00:00+08:00,16.027978027720238,16.21489404183929,15.84106318331766,16.07470703125,70869,0.0,0.0
2017-07-26 00:00:00+08:00,15.95788437796802,15.95788437796802,15.677511539319667,15.794333457946777,59057,0.0,0.0
2017-07-27 00:00:00+08:00,15.887791698759326,15.887791698759326,15.817698780476242,15.864426612854004,49871,0.0,0.0
2017-07-28 00:00:00+08:00,15.81769894067239,15.81769894067239,15.60741901397705,15.60741901397705,95805,0.0,0.0
2017-07-31 00:00:00+08:00,15.560688395977937,15.65414639141052,15.32704457711281,15.373773574829102,97676,0.0,0.0
2017-08-01 00:00:00+08:00,15.373771805884608,15.373771805884608,14.57938244526106,14.719568252563477,313794,0.0,0.0
2017-08-02 00:00:00+08:00,14.719569868254746,14.719569868254746,14.088731326717589,14.29901123046875,182554,0.0,0.0
2017-08-03 00:00:00+08:00,14.29901290942938,14.602749674065837,14.29901290942938,14.579385757446289,123365,0.0,0.0
2017-08-04 00:00:00+08:00,14.579384573174773,14.953215396736832,14.39246857653556,14.789663314819336,103679,0.0,0.0
2017-08-07 00:00:00+08:00,14.813026971757816,14.813026971757816,14.32237428243758,14.345739364624023,98613,0.0,0.0
2017-08-08 00:00:00+08:00,14.602747080661107,14.929848873541266,14.345739364624023,14.345739364624023,288727,0.0,0.0
2017-08-09 00:00:00+08:00,14.7429343813755,14.7429343813755,14.252281681513837,14.392467498779297,128746,0.0,0.0
2017-08-10 00:00:00+08:00,14.392469957125503,14.392469957125503,14.04200418438329,14.22891902923584,82757,0.0,0.0
2017-08-11 00:00:00+08:00,13.92518304783572,14.345742934689191,13.92518304783572,14.20555591583252,114178,0.0,0.0
2017-08-14 00:00:00+08:00,14.182190553655417,14.182190553655417,13.644808790657306,13.714902877807617,121396,0.0,0.0
2017-08-15 00:00:00+08:00,13.551350324057447,13.64480832391671,13.037334833980658,13.130791664123535,191872,0.0,0.0
2017-08-16 00:00:00+08:00,12.99060467797449,12.99060467797449,12.616773881522255,12.75696086883545,207529,0.0,0.0
2017-08-17 00:00:00+08:00,12.756962604784663,12.756962604784663,12.47658976172182,12.663504600524902,124820,0.0,0.0
2017-08-18 00:00:00+08:00,12.733595445424188,12.827053434465993,12.616773543980054,12.640138626098633,77431,0.0,0.0
2017-08-21 00:00:00+08:00,12.990606046576978,12.990606046576978,12.803690043800511,12.850419044494629,25066,0.0,0.0
2017-08-22 00:00:00+08:00,12.850419044494629,12.943877045882862,12.780326128311657,12.850419044494629,27560,0.0,0.0
2017-08-23 00:00:00+08:00,12.897148045188745,12.897148045188745,12.780326128311657,12.850419044494629,61813,0.0,0.0
2017-08-24 00:00:00+08:00,12.850419044494629,13.06069896275995,12.850419044494629,12.850419044494629,60501,0.0,0.0
2017-08-25 00:00:00+08:00,12.850419367418686,13.060699290968229,12.850419367418686,12.967241287231445,14436,0.0,0.0
2017-08-28 00:00:00+08:00,13.01397061029395,13.084063529968262,12.967241607272253,13.084063529968262,23820,0.0,0.0
2017-08-29 00:00:00+08:00,13.084062815355129,13.154155731201172,13.060698899978581,13.154155731201172,36747,0.0,0.0
2017-08-30 00:00:00+08:00,13.17752195558753,13.457894812928393,13.17752195558753,13.317708969116211,68244,0.0,0.0
2017-08-31 00:00:00+08:00,13.364435648455702,13.364435648455702,13.084062815355129,13.154155731201172,141739,0.0,0.0
2017-09-01 00:00:00+08:00,13.10742783644932,13.177520751953125,13.084062751470455,13.177520751953125,48558,0.0,0.0
2017-09-04 00:00:00+08:00,13.177522195855516,13.177522195855516,13.037336349487305,13.037336349487305,77431,0.0,0.0
2017-09-05 00:00:00+08:00,12.967243046748655,12.990608135711462,12.943879127502441,12.943879127502441,70869,0.0,0.0
2017-09-06 00:00:00+08:00,12.943879127502441,12.943879127502441,12.873785030330612,12.943879127502441,36747,0.0,0.0
2017-09-07 00:00:00+08:00,13.013970071147792,13.551350659343397,13.013970071147792,13.247613906860352,156175,0.0,0.0
2017-09-08 00:00:00+08:00,13.504621699477763,13.504621699477763,13.084061894565558,13.224248886108398,73494,0.0,0.0
2017-09-11 00:00:00+08:00,13.224249543774087,13.457893371582033,12.943876716461281,13.457893371582031,93180,0.0,0.0
2017-09-12 00:00:00+08:00,13.341072308075178,13.364436224458704,13.060699462890625,13.060699462890625,64307,0.0,0.0
2017-09-13 00:00:00+08:00,13.03733569666303,13.084063529968262,13.03733569666303,13.084063529968262,9186,0.0,0.0
2017-09-14 00:00:00+08:00,12.990605354309082,13.084062181000606,12.873782273941076,12.990605354309082,27560,0.0,0.0
2017-09-15 00:00:00+08:00,12.897146996781771,12.897146996781771,12.803689002990723,12.803689002990723,183998,0.0,0.0
2017-09-18 00:00:00+08:00,12.756961022604074,12.99060483455939,12.756961022604074,12.780324935913086,13386,0.0,0.0
2017-09-19 00:00:00+08:00,12.780325801256108,12.803689716147067,12.686867802259515,12.733596801757812,10499,0.0,0.0
2017-09-20 00:00:00+08:00,12.73359680175781,12.803689716147067,12.73359680175781,12.733596801757812,13255,0.0,0.0
2017-09-21 00:00:00+08:00,12.686868516731622,12.686868516731622,12.640140684318183,12.663504600524902,21129,0.0,0.0
2017-09-22 00:00:00+08:00,12.663502506321407,12.663502506321407,12.47658769842902,12.57004451751709,136489,0.0,0.0
2017-09-25 00:00:00+08:00,12.570047147267731,12.570047147267731,12.14948844909668,12.14948844909668,115491,0.0,0.0
2017-09-26 00:00:00+08:00,12.313036802879587,12.710231500723566,12.172849819673111,12.57004451751709,186360,0.0,0.0
2017-09-27 00:00:00+08:00,12.54668268005842,12.663504600524902,12.47658976172182,12.663504600524902,103679,0.0,0.0
2017-09-28 00:00:00+08:00,12.523315256716552,12.523315256716552,12.126120567321776,12.126120567321777,133864,0.0,0.0
2017-09-29 00:00:00+08:00,12.172852366327547,12.383132300271319,12.14948844909668,12.14948844909668,214183,0.0,0.0
2017-10-02 00:00:00+08:00,12.19621225525628,12.19621225525628,12.056026458740234,12.056026458740234,123562,0.0,0.0
2017-10-03 00:00:00+08:00,12.266310289902211,12.289674206971592,12.056030357411842,12.10275936126709,104079,0.0,0.0
2017-10-05 00:00:00+08:00,12.21957975977079,12.21957975977079,12.149486847601057,12.19621467590332,128766,0.0,0.0
2017-10-06 00:00:00+08:00,12.196214854159345,12.2896728515625,12.172850939666734,12.2896728515625,28872,0.0,0.0
2017-10-11 00:00:00+08:00,12.3831320173019,13.50462341308594,12.3831320173019,13.504623413085938,526416,0.0,0.0
2017-10-12 00:00:00+08:00,13.504621287357047,14.836392402648926,12.99060467348552,14.836392402648926,618323,0.0,0.0
2017-10-13 00:00:00+08:00,14.95321224787239,15.420499801635742,14.11209277955256,15.420499801635742,412250,0.0,0.0
2017-10-16 00:00:00+08:00,15.373773775440176,15.560688599028047,14.999942958548086,15.093400955200195,242865,0.0,0.0
2017-10-17 00:00:00+08:00,14.999942102934266,14.999942102934266,14.392467498779295,14.392467498779297,190297,0.0,0.0
2017-10-18 00:00:00+08:00,14.252282920097349,14.252282920097349,14.04200300620867,14.158824920654297,56800,0.0,0.0
2017-10-19 00:00:00+08:00,14.112094477332006,14.252281462156118,13.878451842057677,14.018637657165527,122053,0.0,0.0
2017-10-20 00:00:00+08:00,14.018638415372644,14.29901123046875,13.948545504027699,14.29901123046875,62995,0.0,0.0
2017-10-23 00:00:00+08:00,14.065366652106897,14.345739452038858,13.971908662224157,14.018637657165527,115491,0.0,0.0
2017-10-24 00:00:00+08:00,14.018639477694396,14.018639477694396,13.714902725705146,13.97191047668457,66932,0.0,0.0
2017-10-25 00:00:00+08:00,14.065366652106897,14.112094477332006,13.831721677400045,14.018637657165527,26247,0.0,0.0
2017-10-26 00:00:00+08:00,13.878455296834654,13.878455296834654,13.738268277113654,13.831725120544434,24935,0.0,0.0
2017-10-27 00:00:00+08:00,13.831721609547493,13.831721609547493,13.668171882629396,13.668171882629395,47325,0.0,0.0
2017-10-30 00:00:00+08:00,13.668175372582919,13.668175372582919,13.4812593460083,13.4812593460083,48716,0.0,0.0
2017-10-31 00:00:00+08:00,13.481258360228736,14.626114845275879,13.481258360228736,14.626114845275879,51182,0.0,0.0
2017-11-01 00:00:00+08:00,14.299013928403633,14.32237784668814,14.205555915832518,14.20555591583252,60370,0.0,0.0
2017-11-02 00:00:00+08:00,14.182193230130029,14.182193230130029,13.971913268427748,13.995278358459473,32862,0.0,0.0
2017-11-03 00:00:00+08:00,13.878451842057677,14.018637657165527,13.855086759728861,14.018637657165527,21260,0.0,0.0
2017-11-06 00:00:00+08:00,14.06537128912135,14.06537128912135,13.831726237387347,13.995278358459473,26247,0.0,0.0
2017-11-07 00:00:00+08:00,13.855090208689543,13.878455296834654,13.831725120544434,13.831725120544434,9186,0.0,0.0
2017-11-08 00:00:00+08:00,13.831724101198878,13.971911110588627,13.831724101198878,13.85508918762207,35592,0.0,0.0
2017-11-09 00:00:00+08:00,13.855087992832726,13.855087992832726,13.784995079040526,13.784995079040527,13331,0.0,0.0
2017-11-10 00:00:00+08:00,13.57471760201788,13.73826854333676,13.57471760201788,13.62144660949707,10499,0.0,0.0
2017-11-13 00:00:00+08:00,13.411165808418831,13.551351652231013,13.317708969116211,13.317708969116211,68248,0.0,0.0
2017-11-14 00:00:00+08:00,13.317709110128273,13.69153881072998,13.177522095115247,13.69153881072998,59076,0.0,0.0
2017-11-15 00:00:00+08:00,13.644809661250132,13.644809661250132,13.317708969116211,13.317708969116211,12205,0.0,0.0
2017-11-16 00:00:00+08:00,13.598081826457074,13.598081826457074,13.17752195558753,13.317708969116211,11850,0.0,0.0
2017-11-17 00:00:00+08:00,13.691537415175022,13.691537415175022,13.13079175171179,13.177520751953125,59732,0.0,0.0
2017-11-20 00:00:00+08:00,13.177522195855516,13.177522195855516,13.037336349487305,13.037336349487305,13139,0.0,0.0
2017-11-21 00:00:00+08:00,13.084062751470455,13.504622583926075,12.99060592070418,13.177520751953125,47246,0.0,0.0
2017-11-22 00:00:00+08:00,12.990607344125726,13.037336349487305,12.990607344125726,13.037336349487305,20998,0.0,0.0
2017-11-23 00:00:00+08:00,13.03733569666303,13.084063529968262,12.943877690619637,13.084063529968262,13130,0.0,0.0
2017-11-24 00:00:00+08:00,13.037334352513016,13.364435000507864,12.920512441861353,12.990605354309082,114178,0.0,0.0
2017-11-27 00:00:00+08:00,12.990608135711462,12.990608135711462,12.89715011929342,12.943879127502441,7874,0.0,0.0
2017-11-28 00:00:00+08:00,12.943875157808389,12.943875157808389,12.897146163930456,12.920511245727539,15748,0.0,0.0
2017-11-29 00:00:00+08:00,12.873782273941076,13.013969268552877,12.873782273941076,12.990605354309082,40776,0.0,0.0
2017-11-30 00:00:00+08:00,12.897148369287077,12.967241287231445,12.850419367418686,12.967241287231445,40684,0.0,0.0
2017-12-01 00:00:00+08:00,12.873784241190231,12.873784241190231,12.336403604018459,12.616776466369629,83993,0.0,0.0
2017-12-04 00:00:00+08:00,12.593410232899693,12.593410232899693,12.056029644626951,12.1728515625,112892,0.0,0.0
2017-12-05 00:00:00+08:00,12.26630875778939,12.313037755807992,12.056028851563855,12.19621467590332,94879,0.0,0.0
2017-12-06 00:00:00+08:00,12.149487255035442,12.196215084904727,12.056029255864114,12.079394340515137,39371,0.0,0.0
2017-12-07 00:00:00+08:00,12.05602923142453,12.05602923142453,11.939207317555379,12.009300231933594,43309,0.0,0.0
2017-12-08 00:00:00+08:00,12.009300883763446,12.009300883763446,11.915842879708947,11.962573051452637,31760,0.0,0.0
2017-12-11 00:00:00+08:00,11.939207165958358,11.985936164855957,11.86911425247014,11.985936164855957,39371,0.0,0.0
2017-12-12 00:00:00+08:00,12.10275936126709,12.149488365122336,12.10275936126709,12.10275936126709,7874,0.0,0.0
2017-12-13 00:00:00+08:00,12.10275936126709,12.196216199261098,12.079395444197708,12.10275936126709,40684,0.0,0.0
2017-12-14 00:00:00+08:00,12.219578554138039,12.219578554138039,12.126120567321776,12.126120567321777,9449,0.0,0.0
2017-12-15 00:00:00+08:00,12.126122583281347,13.24761393265876,12.126122583281347,12.242945671081543,98429,0.0,0.0
2017-12-18 00:00:00+08:00,12.242945254206768,12.242945254206768,12.079394340515135,12.079394340515137,26258,0.0,0.0
2017-12-19 00:00:00+08:00,12.056030357411842,12.10275936126709,12.056030357411842,12.10275936126709,10499,0.0,0.0
2017-12-20 00:00:00+08:00,12.102758230915466,12.102758230915466,11.985936317046313,12.009300231933594,52495,0.0,0.0
2017-12-21 00:00:00+08:00,12.009301120028345,12.079395209306435,11.98593720341329,12.032666206359863,31826,0.0,0.0
2017-12-22 00:00:00+08:00,12.032662549226263,12.102755447484286,12.032662549226263,12.056026458740234,14436,0.0,0.0
2017-12-25 00:00:00+08:00,12.056030357411842,12.10275936126709,12.056030357411842,12.10275936126709,7874,0.0,0.0
2017-12-26 00:00:00+08:00,12.102759444918453,12.14948844909668,12.102759444918453,12.14948844909668,5249,0.0,0.0
2017-12-27 00:00:00+08:00,12.102758077241774,12.102758077241774,11.962572250265339,11.985936164855957,34122,0.0,0.0
2017-12-28 00:00:00+08:00,12.242945254206768,12.242945254206768,12.079394340515135,12.079394340515137,10542,0.0,0.0
2017-12-29 00:00:00+08:00,12.102756655475822,12.126120567321776,12.07939274362987,12.126120567321777,20998,0.0,0.0
2018-01-02 00:00:00+08:00,12.196214791304397,12.336401786686656,12.196214791304397,12.313037872314453,22310,0.0,0.0
2018-01-03 00:00:00+08:00,12.2896728515625,12.359766934473043,12.196214854159345,12.2896728515625,41996,0.0,0.0
2018-01-04 00:00:00+08:00,12.196213999437473,12.336400985717773,12.172850086582228,12.336400985717773,19685,0.0,0.0
2018-01-05 00:00:00+08:00,12.336400470307415,12.523315274488974,12.336400470307415,12.499951362609863,22310,0.0,0.0
2018-01-08 00:00:00+08:00,12.499953903470342,12.499953903470342,12.383131980895996,12.383131980895996,31497,0.0,0.0
2018-01-09 00:00:00+08:00,12.383131830162247,12.383131830162247,12.313038911414138,12.35976791381836,26247,0.0,0.0
2018-01-10 00:00:00+08:00,12.359766068289293,12.359766068289293,12.336400985717773,12.336400985717773,5635,0.0,0.0
2018-01-11 00:00:00+08:00,12.383131980895996,12.429860983869027,12.359768064267712,12.383131980895996,23623,0.0,0.0
2018-01-12 00:00:00+08:00,12.383130165255425,12.429859161376953,12.383130165255425,12.429859161376953,19685,0.0,0.0
2018-01-15 00:00:00+08:00,12.45322307457957,12.45322307457957,12.429859161376953,12.429859161376953,18373,0.0,0.0
2018-01-16 00:00:00+08:00,12.429858856752013,12.616773666941015,12.383129861775696,12.593408584594727,53808,0.0,0.0
2018-01-17 00:00:00+08:00,12.476590156555176,12.476590156555176,12.453225069892605,12.476590156555176,10499,0.0,0.0
2018-01-18 00:00:00+08:00,12.47658815749848,12.47658815749848,12.429859161376953,12.429859161376953,24935,0.0,0.0
2018-01-19 00:00:00+08:00,12.476587971998073,12.476587971998073,12.336400985717773,12.336400985717773,18373,0.0,0.0
2018-01-22 00:00:00+08:00,12.336400985717773,12.336400985717773,12.336400985717773,12.336400985717773,1312,0.0,0.0
2018-01-23 00:00:00+08:00,12.406493893999786,12.406493893999786,12.289671990291007,12.336400985717773,13123,0.0,0.0
2018-01-24 00:00:00+08:00,12.289675565159246,12.289675565159246,12.219582636488331,12.266311645507812,18504,0.0,0.0
2018-01-25 00:00:00+08:00,12.242944780402059,12.242944780402059,12.219579696655273,12.219579696655273,21260,0.0,0.0
2018-01-26 00:00:00+08:00,12.14948844909668,12.172852366327547,12.14948844909668,12.14948844909668,38190,0.0,0.0
2018-01-29 00:00:00+08:00,12.149487646811957,12.1728515625,12.149487646811957,12.1728515625,21130,0.0,0.0
2018-01-30 00:00:00+08:00,12.172852366327547,12.242946457453133,12.14948844909668,12.14948844909668,41996,0.0,0.0
2018-01-31 00:00:00+08:00,12.102757849582456,12.196214675903319,12.102757849582456,12.19621467590332,22442,0.0,0.0
2018-02-01 00:00:00+08:00,12.149487987857585,12.35976791381836,12.102758985453361,12.35976791381836,16666,0.0,0.0
2018-02-02 00:00:00+08:00,12.359766068289293,12.359766068289293,12.26630807743576,12.336400985717773,14437,0.0,0.0
2018-02-05 00:00:00+08:00,12.219582636488331,12.266311645507812,12.219582636488331,12.266311645507812,6791,0.0,0.0
2018-02-06 00:00:00+08:00,12.172852366327547,12.523318143089506,11.869115593743814,12.14948844909668,97117,0.0,0.0
2018-02-07 00:00:00+08:00,12.14948844909668,12.196216283558414,12.14948844909668,12.14948844909668,11811,0.0,0.0
2018-02-08 00:00:00+08:00,12.14948844909668,12.196216283558414,12.14948844909668,12.14948844909668,36748,0.0,0.0
2018-02-09 00:00:00+08:00,12.14948844909668,12.14948844909668,12.14948844909668,12.14948844909668,5249,0.0,0.0
2018-02-12 00:00:00+08:00,12.14948844909668,12.14948844909668,12.14948844909668,12.14948844909668,18373,0.0,0.0
2018-02-21 00:00:00+08:00,12.429858976571307,12.429858976571307,12.336400985717773,12.336400985717773,3937,0.0,0.0
2018-02-22 00:00:00+08:00,12.28967217301237,12.429859161376953,12.28967217301237,12.429859161376953,36747,0.0,0.0
2018-02-23 00:00:00+08:00,12.570047461025013,12.616776466369629,12.523318455680398,12.616776466369629,23623,0.0,0.0
2018-02-26 00:00:00+08:00,12.756960527542764,12.85041734686832,12.640138626098631,12.640138626098633,45933,0.0,0.0
2018-02-27 00:00:00+08:00,12.640140684318183,12.663504600524902,12.593410512471861,12.663504600524902,32809,0.0,0.0
2018-03-01 00:00:00+08:00,12.686868516731622,12.686868516731622,12.640140684318183,12.663504600524902,49871,0.0,0.0
2018-03-02 00:00:00+08:00,12.663502538500957,12.686866450903283,12.640138626098631,12.640138626098633,18373,0.0,0.0
2018-03-05 00:00:00+08:00,12.663505471714243,12.663505471714243,12.616776466369629,12.616776466369629,41996,0.0,0.0
2018-03-06 00:00:00+08:00,12.616774315322216,12.616774315322216,12.54668140411377,12.54668140411377,27560,0.0,0.0
2018-03-07 00:00:00+08:00,12.383132609363074,12.616776466369629,12.383132609363074,12.616776466369629,9199,0.0,0.0
2018-03-08 00:00:00+08:00,12.616773511919249,12.616773511919249,12.57004451751709,12.57004451751709,20998,0.0,0.0
2018-03-09 00:00:00+08:00,12.686868918219444,12.686868918219444,12.476590156555176,12.476590156555176,7874,0.0,0.0
2018-03-12 00:00:00+08:00,12.57004426796342,12.57004426796342,12.499951362609863,12.499951362609863,13123,0.0,0.0
2018-03-13 00:00:00+08:00,12.499953903470342,12.499953903470342,12.383131980895996,12.383131980895996,40684,0.0,0.0
2018-03-14 00:00:00+08:00,12.593408584594727,12.593408584594727,12.593408584594727,12.593408584594727,6561,0.0,0.0
2018-03-15 00:00:00+08:00,12.61677397614677,12.61677397614677,12.429859161376953,12.429859161376953,26497,0.0,0.0
2018-03-16 00:00:00+08:00,12.523316383361816,12.523316383361816,12.453223471801907,12.523316383361816,6561,0.0,0.0
2018-03-19 00:00:00+08:00,12.616774363039411,13.084061999151453,12.616774363039411,12.897147178649902,64602,0.0,0.0
2018-03-20 00:00:00+08:00,12.897148594829408,12.897148594829408,12.686868667602539,12.686868667602539,17061,0.0,0.0
2018-03-21 00:00:00+08:00,12.663502661917331,12.663502661917331,12.593408584594727,12.593408584594727,14436,0.0,0.0
2018-03-22 00:00:00+08:00,12.616773261437865,12.616773261437865,12.406493375660972,12.499951362609863,11811,0.0,0.0
2018-03-23 00:00:00+08:00,12.499952469413957,12.523316383361816,12.499952469413957,12.523316383361816,10499,0.0,0.0
2018-03-26 00:00:00+08:00,12.523315274488974,12.546680356084309,12.499951362609863,12.499951362609863,27560,0.0,0.0
2018-03-27 00:00:00+08:00,12.523318455680398,12.616776466369629,12.42986161470769,12.616776466369629,42023,0.0,0.0
2018-03-28 00:00:00+08:00,12.616776466369629,12.616776466369629,12.570047461025013,12.616776466369629,9186,0.0,0.0
2018-03-29 00:00:00+08:00,12.616773666941015,12.640138749287305,12.593408584594727,12.593408584594727,15748,0.0,0.0
2018-03-30 00:00:00+08:00,12.663502538500957,12.663502538500957,12.640138626098631,12.640138626098633,26247,0.0,0.0
2018-04-02 00:00:00+08:00,12.897148045188745,12.897148045188745,12.803690043800511,12.850419044494629,15763,0.0,0.0
2018-04-03 00:00:00+08:00,12.756961175811508,12.803689002990723,12.733596092505591,12.803689002990723,31497,0.0,0.0
2018-04-09 00:00:00+08:00,12.850419848041128,12.850419848041128,12.827055931091309,12.827055931091309,43309,0.0,0.0
2018-04-10 00:00:00+08:00,12.756961886365147,12.756961886365147,12.73359680175781,12.733596801757812,13123,0.0,0.0
2018-04-11 00:00:00+08:00,12.7569622128228,12.850419044494629,12.7569622128228,12.850419044494629,40684,0.0,0.0
2018-04-12 00:00:00+08:00,12.943878338764147,13.060700267309832,12.873784245863519,13.037336349487305,57745,0.0,0.0
2018-04-13 00:00:00+08:00,13.130792138797803,13.504622982032345,13.130792138797803,13.270977973937988,74806,0.0,0.0
2018-04-16 00:00:00+08:00,13.31770775267713,13.31770775267713,13.13079175171179,13.177520751953125,60370,0.0,0.0
2018-04-17 00:00:00+08:00,13.270976819653004,13.3177069869238,12.8971471786499,12.897147178649902,71263,0.0,0.0
2018-04-18 00:00:00+08:00,12.66350353659789,13.294342088060136,12.66350353659789,12.990605354309082,32809,0.0,0.0
2018-04-19 00:00:00+08:00,12.943879127502441,12.943879127502441,12.943879127502441,12.943879127502441,6732,0.0,0.0
2018-04-20 00:00:00+08:00,12.89715011929342,12.943879127502441,12.68687016721112,12.943879127502441,24935,0.0,0.0
2018-04-23 00:00:00+08:00,12.99060467797449,12.99060467797449,12.75696086883545,12.75696086883545,17061,0.0,0.0
2018-04-24 00:00:00+08:00,12.756961886365147,12.756961886365147,12.73359680175781,12.733596801757812,17061,0.0,0.0
2018-04-25 00:00:00+08:00,12.616776466369629,12.616776466369629,12.616776466369629,12.616776466369629,1312,0.0,0.0
2018-04-26 00:00:00+08:00,12.710233753803555,12.710233753803555,12.686868667602539,12.686868667602539,3937,0.0,0.0
2018-04-27 00:00:00+08:00,13.013967520279138,13.013967520279138,12.710230827331543,12.710230827331543,3937,0.0,0.0
2018-04-30 00:00:00+08:00,12.616773511919249,12.616773511919249,12.57004451751709,12.57004451751709,36747,0.0,0.0
2018-05-02 00:00:00+08:00,12.663505471714243,12.663505471714243,12.616776466369629,12.616776466369629,22310,0.0,0.0
2018-05-03 00:00:00+08:00,12.616773543980054,12.640138626098631,12.570044549459151,12.640138626098633,39371,0.0,0.0
2018-05-04 00:00:00+08:00,12.616773881522255,12.75696086883545,12.616773881522255,12.75696086883545,2624,0.0,0.0
2018-05-07 00:00:00+08:00,12.756959819257986,12.756959819257986,12.616772843478659,12.710230827331543,22310,0.0,0.0
2018-05-08 00:00:00+08:00,12.663504600524902,12.663504600524902,12.663504600524902,12.663504600524902,6561,0.0,0.0
2018-05-09 00:00:00+08:00,12.710230827331543,12.710230827331543,12.710230827331543,12.710230827331543,2632,0.0,0.0
2018-05-10 00:00:00+08:00,12.710233531529948,13.013970289099838,12.710233531529948,12.967241287231445,26310,0.0,0.0
2018-05-11 00:00:00+08:00,12.850417845556422,12.850417845556422,12.780324935913086,12.780324935913086,5249,0.0,0.0
2018-05-14 00:00:00+08:00,13.551351220752299,13.551351220752299,12.89714868759794,13.084063529968262,23691,0.0,0.0
2018-05-15 00:00:00+08:00,13.084063529968262,13.084063529968262,13.084063529968262,13.084063529968262,2624,0.0,0.0
2018-05-16 00:00:00+08:00,12.64013884451797,13.013968467712402,12.64013884451797,13.013968467712402,6561,0.0,0.0
2018-05-17 00:00:00+08:00,12.990605354309082,12.990605354309082,12.990605354309082,12.990605354309082,1312,0.0,0.0
2018-05-18 00:00:00+08:00,13.037335047271096,13.037335047271096,12.850419044494629,12.850419044494629,15748,0.0,0.0
2018-05-21 00:00:00+08:00,12.850417999886247,12.850417999886247,12.803689002990723,12.803689002990723,6561,0.0,0.0
2018-05-22 00:00:00+08:00,12.75696086883545,12.75696086883545,12.616773881522255,12.75696086883545,27560,0.0,0.0
2018-05-23 00:00:00+08:00,12.756963482403474,12.756963482403474,12.616776466369629,12.616776466369629,22310,0.0,0.0
2018-05-24 00:00:00+08:00,12.640141553900198,12.640141553900198,12.616776466369629,12.616776466369629,15748,0.0,0.0
2018-05-25 00:00:00+08:00,12.75696086883545,12.75696086883545,12.75696086883545,12.75696086883545,2624,0.0,0.0
2018-05-28 00:00:00+08:00,12.663502506321407,12.663502506321407,12.57004451751709,12.57004451751709,15748,0.0,0.0
2018-05-29 00:00:00+08:00,12.570045380973866,12.570045380973866,12.523316383361816,12.523316383361816,18373,0.0,0.0
2018-05-30 00:00:00+08:00,12.523316383361816,12.523316383361816,12.523316383361816,12.523316383361816,0,0.0,0.0
2018-05-31 00:00:00+08:00,12.546680759334672,12.593408584594727,12.546680759334672,12.593408584594727,2624,0.0,0.0
2018-06-01 00:00:00+08:00,12.850417472106333,12.850417472106333,12.593408584594727,12.593408584594727,24935,0.0,0.0
2018-06-04 00:00:00+08:00,12.616776466369629,12.616776466369629,12.59341137883906,12.616776466369629,17061,0.0,0.0
2018-06-05 00:00:00+08:00,12.640141553900198,12.640141553900198,12.616776466369629,12.616776466369629,26247,0.0,0.0
2018-06-06 00:00:00+08:00,12.616776466369629,12.616776466369629,12.616776466369629,12.616776466369629,1312,0.0,0.0
2018-06-07 00:00:00+08:00,12.92051345507949,13.200886296573401,12.850419367418686,12.967241287231445,53821,0.0,0.0
2018-06-08 00:00:00+08:00,12.967241287231445,13.037335374892251,12.967241287231445,12.967241287231445,26247,0.0,0.0
2018-06-11 00:00:00+08:00,13.013968983652296,13.29434179702166,13.013968983652296,13.224248886108398,60370,0.0,0.0
2018-06-12 00:00:00+08:00,13.084062664193903,13.130791664123535,13.037334833980658,13.130791664123535,11811,0.0,0.0
2018-06-13 00:00:00+08:00,12.780328183629162,12.943879127502441,12.780328183629162,12.943879127502441,11811,0.0,0.0
2018-06-14 00:00:00+08:00,12.756962533398339,13.013970289099838,12.756962533398339,12.967241287231445,6561,0.0,0.0
2018-06-15 00:00:00+08:00,13.06069826675681,13.06069826675681,12.990605354309082,12.990605354309082,21155,0.0,0.0
2018-06-19 00:00:00+08:00,12.990605354309082,12.990605354309082,12.990605354309082,12.990605354309082,15748,0.0,0.0
2018-06-20 00:00:00+08:00,12.943879127502441,12.943879127502441,12.943879127502441,12.943879127502441,10499,0.0,0.0
2018-06-21 00:00:00+08:00,12.94387555957798,13.013968467712402,12.94387555957798,13.013968467712402,19685,0.0,0.0
2018-06-22 00:00:00+08:00,13.060697980833243,13.527985613210078,13.060697980833243,13.224248886108398,52495,0.0,0.0
2018-06-25 00:00:00+08:00,13.177521076071415,13.387800997471333,13.130792074680718,13.294342994689941,51183,0.0,0.0
2018-06-26 00:00:00+08:00,13.130790659847285,13.224248652558643,13.084061663491607,12.406494140625,78743,0.0,0.0
2018-06-27 00:00:00+08:00,13.315742408623267,13.539327995294855,13.290900118429251,13.464799880981445,70869,1.203902,0.0
2018-06-28 00:00:00+08:00,13.56417152922023,13.56417152922023,13.315742408623267,13.464799880981445,26247,0.0,0.0
2018-06-29 00:00:00+08:00,13.539327621459961,13.564171154699382,13.514485331951867,13.539327621459961,30185,0.0,0.0
2018-07-02 00:00:00+08:00,13.539326911657744,13.663540840148926,13.539326911657744,13.663540840148926,19685,0.0,0.0
2018-07-03 00:00:00+08:00,13.415114402770996,13.439957937336965,13.415114402770996,13.415114402770996,9521,0.0,0.0
2018-07-04 00:00:00+08:00,14.508195452549717,14.508195452549717,13.564169883728027,13.564169883728027,17061,0.0,0.0
2018-07-05 00:00:00+08:00,13.564171878972624,13.564171878972624,13.415114402770996,13.415114402770996,14436,0.0,0.0
2018-07-06 00:00:00+08:00,13.191527608680802,13.315741539001465,13.166685320109183,13.315741539001465,26247,0.0,0.0
2018-07-09 00:00:00+08:00,13.315742751969912,13.415114402770996,13.315742751969912,13.415114402770996,7874,0.0,0.0
2018-07-10 00:00:00+08:00,13.315740188501975,13.51448345184326,13.241212086614569,13.514483451843262,11811,0.0,0.0
2018-07-11 00:00:00+08:00,13.464799880981445,13.464799880981445,13.464799880981445,13.464799880981445,1358,0.0,0.0
2018-07-12 00:00:00+08:00,13.390267700313542,13.439954757690431,13.21636921814992,13.43995475769043,31497,0.0,0.0
2018-07-13 00:00:00+08:00,13.439957562964336,13.489642143249512,13.439957562964336,13.489642143249512,2624,0.0,0.0
2018-07-16 00:00:00+08:00,13.489642143249512,13.489642143249512,13.489642143249512,13.489642143249512,0,0.0,0.0
2018-07-17 00:00:00+08:00,13.415112862622617,13.415112862622617,13.340584754943846,13.340584754943848,3937,0.0,0.0
2018-07-18 00:00:00+08:00,13.266057918703565,13.81259950028132,13.266057918703565,13.787755966186523,41996,0.0,0.0
2018-07-19 00:00:00+08:00,13.688384223921672,13.688384223921672,13.464799880981445,13.464799880981445,10761,0.0,0.0
2018-07-20 00:00:00+08:00,13.514486053572082,13.514486053572082,13.415114402770996,13.415114402770996,10499,0.0,0.0
2018-07-23 00:00:00+08:00,13.241213798522951,13.241213798522951,13.241213798522951,13.24121379852295,5249,0.0,0.0
2018-07-24 00:00:00+08:00,13.21637234490022,13.415114402770996,13.21637234490022,13.415114402770996,3937,0.0,0.0
2018-07-25 00:00:00+08:00,13.415112811098318,13.415112811098318,13.29089888420036,13.39026927947998,13123,0.0,0.0
2018-07-26 00:00:00+08:00,13.415110922373406,13.415110922373406,13.29089701296363,13.365425109863281,26247,0.0,0.0
2018-07-27 00:00:00+08:00,13.365427412877152,13.365427412877152,13.26605701446533,13.266057014465332,9186,0.0,0.0
2018-07-30 00:00:00+08:00,13.415112862622617,13.415112862622617,13.340584754943846,13.340584754943848,6561,0.0,0.0
2018-07-31 00:00:00+08:00,13.415112862622617,13.415112862622617,13.340584754943846,13.340584754943848,13123,0.0,0.0
2018-08-01 00:00:00+08:00,13.415114402770996,13.415114402770996,13.415114402770996,13.415114402770996,32962,0.0,0.0
2018-08-02 00:00:00+08:00,13.365427042926354,13.365427042926354,13.340584754943846,13.340584754943848,5249,0.0,0.0
2018-08-03 00:00:00+08:00,13.464799880981445,13.489642171175461,13.415114056862052,13.464799880981445,31523,0.0,0.0
2018-08-06 00:00:00+08:00,13.41511242945226,13.564169883728027,13.390268898540693,13.564169883728027,7874,0.0,0.0
2018-08-07 00:00:00+08:00,13.564169858861279,13.713226069132578,13.564169858861279,13.589012145996094,13123,0.0,0.0
2018-08-08 00:00:00+08:00,13.46479950920435,13.539327621459961,13.415113686456836,13.539327621459961,22310,0.0,0.0
2018-08-09 00:00:00+08:00,13.514484962888451,13.663541183329135,13.514484962888451,13.613855361938477,6561,0.0,0.0
2018-08-10 00:00:00+08:00,13.663540840148926,13.862284120719828,13.663540840148926,13.663540840148926,34122,0.0,0.0
2018-08-13 00:00:00+08:00,13.439957937336965,13.439957937336965,13.415114402770996,13.415114402770996,15748,0.0,0.0
2018-08-14 00:00:00+08:00,13.365428577370455,13.514486053572082,13.365428577370455,13.415114402770996,14436,0.0,0.0
2018-08-15 00:00:00+08:00,13.713227379210602,13.713227379210602,13.415113686456836,13.539327621459961,9186,0.0,0.0
2018-08-16 00:00:00+08:00,13.439955349955856,13.61385383978275,13.266055616397805,13.514483451843262,40684,0.0,0.0
2018-08-17 00:00:00+08:00,13.415112404858775,13.589012145996094,13.415112404858775,13.589012145996094,3937,0.0,0.0
2018-08-20 00:00:00+08:00,13.514484065636104,13.564169883728027,13.514484065636104,13.564169883728027,3937,0.0,0.0
2018-08-21 00:00:00+08:00,13.564171878972624,13.589014169807198,13.415114402770996,13.415114402770996,17061,0.0,0.0
2018-08-22 00:00:00+08:00,13.51448345184326,13.51448345184326,13.51448345184326,13.514483451843262,1312,0.0,0.0
2018-08-23 00:00:00+08:00,13.514485226328242,13.713227272033693,13.514485226328242,13.713227272033691,26247,0.0,0.0
2018-08-24 00:00:00+08:00,13.613855361938477,13.613855361938477,13.613855361938477,13.613855361938477,7874,0.0,0.0
2018-08-27 00:00:00+08:00,13.663542026906642,13.81259950028132,13.613856202448416,13.787755966186523,37009,0.0,0.0
2018-08-28 00:00:00+08:00,13.713227141068087,13.911969184875488,13.589013208222049,13.911969184875488,94755,0.0,0.0
2018-08-29 00:00:00+08:00,14.011341412872206,14.061027236828618,13.88712747484685,13.98649787902832,41996,0.0,0.0
2018-08-30 00:00:00+08:00,13.961655588915791,13.98649787902832,13.837441650890435,13.98649787902832,19830,0.0,0.0
2018-08-31 00:00:00+08:00,13.837443031365618,13.961656981783024,13.837443031365618,13.862286567687988,13123,0.0,0.0
2018-09-03 00:00:00+08:00,13.961655588915791,14.061027236828618,13.738071246708964,13.98649787902832,34122,0.0,0.0
2018-09-04 00:00:00+08:00,13.986496270279023,14.061025619506838,13.986496270279023,14.061025619506836,6561,0.0,0.0
2018-09-05 00:00:00+08:00,13.83743981243335,13.936811447143556,13.71322589091119,13.936811447143555,48558,0.0,0.0
2018-09-06 00:00:00+08:00,13.911969082004394,14.085868835449219,13.812598682701132,14.085868835449219,17061,0.0,0.0
2018-09-07 00:00:00+08:00,14.061027407545012,14.061027407545012,13.762913703918457,13.762913703918457,73494,0.0,0.0
2018-09-10 00:00:00+08:00,13.911968122909066,13.911968122909066,13.564169883728027,13.564169883728027,39371,0.0,0.0
2018-09-11 00:00:00+08:00,13.489640534724538,13.564169883728027,13.439955960363825,13.564169883728027,35434,0.0,0.0
2018-09-12 00:00:00+08:00,13.564170443594737,13.663540840148926,13.539326911657744,13.663540840148926,10499,0.0,0.0
2018-09-13 00:00:00+08:00,13.564170443594737,13.663540840148926,13.564170443594737,13.663540840148926,82681,0.0,0.0
2018-09-14 00:00:00+08:00,13.887128860278876,13.887128860278876,13.862286567687988,13.862286567687988,3937,0.0,0.0
2018-09-17 00:00:00+08:00,13.688383738988438,13.787755383706822,13.61385562731531,13.713227272033691,7874,0.0,0.0
2018-09-18 00:00:00+08:00,13.663540866133836,13.663540866133836,13.63869857788086,13.63869857788086,6561,0.0,0.0
2018-09-19 00:00:00+08:00,13.564169883728027,13.564169883728027,13.564169883728027,13.564169883728027,1312,0.0,0.0
2018-09-20 00:00:00+08:00,13.61385445808874,13.61385445808874,13.539326352816461,13.564169883728027,10499,0.0,0.0
2018-09-21 00:00:00+08:00,13.564171362912813,13.688384056091309,13.564171362912813,13.688384056091309,6561,0.0,0.0
2018-09-25 00:00:00+08:00,13.762913094392884,13.762913094392884,13.713227272033693,13.713227272033691,20998,0.0,0.0
2018-09-26 00:00:00+08:00,13.713226563111727,13.862284022483594,13.713226563111727,13.837440490722656,26247,0.0,0.0
2018-09-27 00:00:00+08:00,13.81259878483744,14.061026650529518,13.81259878483744,13.911969184875488,26247,0.0,0.0
2018-09-28 00:00:00+08:00,14.011340855693252,14.011340855693252,13.887126922607422,13.887126922607422,6561,0.0,0.0
2018-10-01 00:00:00+08:00,13.887126895798803,14.061026650529518,13.887126895798803,13.911969184875488,14436,0.0,0.0
2018-10-02 00:00:00+08:00,13.911968598542964,14.061026057914832,13.837440490722656,13.837440490722656,27560,0.0,0.0
2018-10-03 00:00:00+08:00,13.911971152869766,13.911971152869766,13.837443031365618,13.862286567687988,11811,0.0,0.0
2018-10-04 00:00:00+08:00,13.862286567687988,13.862286567687988,13.837443031365618,13.862286567687988,22310,0.0,0.0
2018-10-05 00:00:00+08:00,13.887126336413898,13.887126336413898,13.81259822845459,13.81259822845459,26913,0.0,0.0
2018-10-08 00:00:00+08:00,13.81260073877473,13.862286567687988,13.81260073877473,13.862286567687988,17586,0.0,0.0
2018-10-09 00:00:00+08:00,13.837441073914126,13.911969184875488,13.837441073914126,13.911969184875488,15748,0.0,0.0
2018-10-11 00:00:00+08:00,13.911967491063526,13.911967491063526,13.01762778095235,13.514483451843262,90686,0.0,0.0
2018-10-12 00:00:00+08:00,13.514485226328242,13.738070805078946,13.514485226328242,13.713227272033691,13123,0.0,0.0
2018-10-15 00:00:00+08:00,13.713227272033693,13.713227272033693,13.713227272033693,13.713227272033691,5249,0.0,0.0
2018-10-16 00:00:00+08:00,13.738070805078946,13.738070805078946,13.6635414496745,13.713227272033691,9186,0.0,0.0
2018-10-17 00:00:00+08:00,13.688383128354658,13.713226660291651,13.663540840148926,13.663540840148926,11811,0.0,0.0
2018-10-18 00:00:00+08:00,13.63869857788086,13.63869857788086,13.63869857788086,13.63869857788086,2624,0.0,0.0
2018-10-19 00:00:00+08:00,13.63869964353364,13.63869964353364,13.43995759078743,13.464799880981445,65619,0.0,0.0
2018-10-22 00:00:00+08:00,13.464799880981445,13.464799880981445,13.464799880981445,13.464799880981445,2624,0.0,0.0
2018-10-23 00:00:00+08:00,13.464796734883532,13.464796734883532,13.315739297353158,13.365425109863281,13123,0.0,0.0
2018-10-24 00:00:00+08:00,13.166685816450585,13.539327621459961,13.166685816450585,13.539327621459961,9186,0.0,0.0
2018-10-25 00:00:00+08:00,13.166683532941498,13.439954888793487,13.042469619480897,13.116997718811035,38144,0.0,0.0
2018-10-26 00:00:00+08:00,13.21637190955655,13.21637190955655,13.067314438264834,13.141843795776367,18373,0.0,0.0
2018-10-29 00:00:00+08:00,13.166683103553853,13.589010644293309,13.166683103553853,13.365425109863281,7874,0.0,0.0
2018-10-30 00:00:00+08:00,13.365425109863281,13.365425109863281,13.365425109863281,13.365425109863281,0,0.0,0.0
2018-10-31 00:00:00+08:00,13.315741539001465,13.315741539001465,13.315741539001465,13.315741539001465,1312,0.0,0.0
2018-11-01 00:00:00+08:00,13.21637119339378,13.26605701446533,13.21637119339378,13.266057014465332,10499,0.0,0.0
2018-11-02 00:00:00+08:00,13.365426991592885,13.39026927947998,13.365426991592885,13.39026927947998,9423,0.0,0.0
2018-11-05 00:00:00+08:00,13.439957937336965,13.439957937336965,13.415114402770996,13.415114402770996,9186,0.0,0.0
2018-11-06 00:00:00+08:00,13.415110922373406,13.415110922373406,13.315739297353158,13.365425109863281,10499,0.0,0.0
2018-11-07 00:00:00+08:00,13.464799853106925,13.489642143249512,13.464799853106925,13.489642143249512,5249,0.0,0.0
2018-11-08 00:00:00+08:00,13.166683404504129,13.56416866993936,13.166683404504129,13.43995475769043,52495,0.0,0.0
2018-11-09 00:00:00+08:00,13.439954757690431,13.439954757690431,13.439954757690431,13.43995475769043,0,0.0,0.0
2018-11-12 00:00:00+08:00,13.017628742517347,13.39026927947998,13.017628742517347,13.39026927947998,9186,0.0,0.0
2018-11-13 00:00:00+08:00,13.911968723588654,13.911968723588654,13.539326937406427,13.63869857788086,31497,0.0,0.0
2018-11-14 00:00:00+08:00,13.81259822845459,13.911968624489916,13.663540768804717,13.81259822845459,52495,0.0,0.0
2018-11-15 00:00:00+08:00,13.837440516530608,13.86228404833788,13.81259822845459,13.81259822845459,4134,0.0,0.0
2018-11-16 00:00:00+08:00,13.812598202692971,13.837440490722656,13.812598202692971,13.837440490722656,24935,0.0,0.0
2018-11-19 00:00:00+08:00,13.961654663085938,13.961654663085938,13.837440733297496,13.961654663085938,5249,0.0,0.0
2018-11-20 00:00:00+08:00,13.961654663085938,13.961654663085938,13.961654663085938,13.961654663085938,7874,0.0,0.0
2018-11-21 00:00:00+08:00,13.961653733955512,13.961653733955512,13.911967916600409,13.936811447143555,14436,0.0,0.0
2018-11-22 00:00:00+08:00,13.911967555491227,14.03618271752036,13.911967555491227,14.01133918762207,15748,0.0,0.0
2018-11-23 00:00:00+08:00,13.936811447143556,13.961653733955512,13.862283342976497,13.936811447143555,31497,0.0,0.0
2018-11-26 00:00:00+08:00,14.011340483747569,14.011340483747569,13.961654663085938,13.961654663085938,4088,0.0,0.0
2018-11-27 00:00:00+08:00,13.862283342976497,13.936811447143556,13.663540073556087,13.936811447143555,19685,0.0,0.0
2018-11-28 00:00:00+08:00,13.887128860278876,13.936814689192135,13.862286567687988,13.862286567687988,11811,0.0,0.0
2018-11-29 00:00:00+08:00,13.911967555491227,14.061025003687492,13.762911351026121,14.01133918762207,40684,0.0,0.0
2018-11-30 00:00:00+08:00,14.061028791114113,14.483356475830078,14.061028791114113,14.483356475830078,78770,0.0,0.0
2018-12-03 00:00:00+08:00,14.9056832895906,15.154111178586254,14.781469345092773,14.781469345092773,102498,0.0,0.0
2018-12-04 00:00:00+08:00,14.781467884454901,14.806310173407097,14.557882308959961,14.557882308959961,59185,0.0,0.0
2018-12-05 00:00:00+08:00,14.55788162676612,15.104423151684708,14.55788162676612,14.65725326538086,17061,0.0,0.0
2018-12-06 00:00:00+08:00,14.508198768688638,14.508198768688638,14.433670646381465,14.483356475830078,9318,0.0,0.0
2018-12-07 00:00:00+08:00,14.781467780821028,14.781467780821028,14.731781959533693,14.731781959533691,17061,0.0,0.0
2018-12-10 00:00:00+08:00,14.781468530068613,14.781468530068613,14.557882944808071,14.58272647857666,19685,0.0,0.0
2018-12-11 00:00:00+08:00,14.657252055492785,14.657252055492785,14.533038139343262,14.533038139343262,10499,0.0,0.0
2018-12-12 00:00:00+08:00,14.682096241183528,14.682096241183528,14.533040020007768,14.557882308959961,13123,0.0,0.0
2018-12-13 00:00:00+08:00,14.359140396118164,14.383982685295216,14.135554818599472,14.359140396118164,171924,0.0,0.0
2018-12-14 00:00:00+08:00,14.408824732536964,14.408824732536964,14.234926223754883,14.234926223754883,46086,0.0,0.0
2018-12-17 00:00:00+08:00,14.185239766492089,14.210082054138184,14.036183553153043,14.210082054138184,13123,0.0,0.0
2018-12-18 00:00:00+08:00,14.135555078583959,14.458512306213377,14.135555078583959,14.458512306213379,6561,0.0,0.0
2018-12-19 00:00:00+08:00,14.35914108866079,14.383983379035985,14.16039903446511,14.259769439697266,24935,0.0,0.0
2018-12-20 00:00:00+08:00,14.259768144265356,14.309453964233398,14.259768144265356,14.309453964233398,13123,0.0,0.0
2018-12-21 00:00:00+08:00,14.210082929861933,14.359140396118164,14.160398351507832,14.359140396118164,5260,0.0,0.0
2018-12-24 00:00:00+08:00,14.408826251718981,14.408826251718981,14.259770015981214,14.334298133850098,17067,0.0,0.0
2018-12-25 00:00:00+08:00,14.359141060407012,14.359141060407012,14.061027357834393,14.284611701965332,10499,0.0,0.0
2018-12-26 00:00:00+08:00,14.284610801274741,14.284610801274741,14.185240402503736,14.234926223754883,10984,0.0,0.0
2018-12-27 00:00:00+08:00,14.309453692185036,14.309453692185036,14.210082054138184,14.210082054138184,17061,0.0,0.0
2018-12-28 00:00:00+08:00,14.160399606733176,14.408826251718981,14.110712536512027,14.334298133850098,41996,0.0,0.0
2019-01-02 00:00:00+08:00,14.334295979831133,14.334295979831133,14.210082054138184,14.210082054138184,35434,0.0,0.0
2019-01-03 00:00:00+08:00,14.408825641059643,14.408825641059643,14.259769411639017,14.284611701965332,20998,0.0,0.0
2019-01-04 00:00:00+08:00,14.234927149322068,14.259769439697266,14.234927149322068,14.259769439697266,3937,0.0,0.0
2019-01-07 00:00:00+08:00,14.259769439697266,14.259769439697266,14.234927149322068,14.259769439697266,38059,0.0,0.0
2019-01-08 00:00:00+08:00,14.855995645776984,14.855995645776984,14.508196146235273,14.60756778717041,90555,0.0,0.0
2019-01-09 00:00:00+08:00,14.756626766575733,14.756626766575733,14.657255115418312,14.706939697265625,65619,0.0,0.0
2019-01-10 00:00:00+08:00,14.831154052340509,15.00505256652832,14.806310519077016,15.00505256652832,111553,0.0,0.0
2019-01-11 00:00:00+08:00,15.10442135486363,15.40253499151303,14.905679345007728,14.980207443237305,69557,0.0,0.0
2019-01-14 00:00:00+08:00,14.930524454200498,15.328009792834433,14.930524454200498,15.00505256652832,35566,0.0,0.0
2019-01-15 00:00:00+08:00,15.05473960349501,15.154111257100691,15.05473960349501,15.104425430297852,38059,0.0,0.0
2019-01-16 00:00:00+08:00,15.203793721254726,15.626121290074826,15.104422089627239,15.477065086364746,207621,0.0,0.0
2019-01-17 00:00:00+08:00,15.477065086364746,15.800021023557356,15.402535740778552,15.477065086364746,36863,0.0,0.0
2019-01-18 00:00:00+08:00,15.477067919067686,15.65096644064698,15.452224384748229,15.501910209655762,23885,0.0,0.0
2019-01-21 00:00:00+08:00,15.427380006052628,15.45222353901234,15.203795671803087,15.328009605407715,47246,0.0,0.0
2019-01-22 00:00:00+08:00,15.328008967717164,15.328008967717164,15.25348085940124,15.303165435791016,24935,0.0,0.0
2019-01-23 00:00:00+08:00,15.203794820565948,15.203794820565948,15.154109001159668,15.154109001159668,13123,0.0,0.0
2019-01-24 00:00:00+08:00,14.955366722770997,15.054737116227777,14.955366722770997,15.029894828796387,65619,0.0,0.0
2019-01-25 00:00:00+08:00,14.955366631645049,15.203794479370115,14.955366631645049,15.203794479370117,9186,0.0,0.0
2019-01-28 00:00:00+08:00,15.20379414039707,15.253479957580566,15.178951853670915,15.253479957580566,15748,0.0,0.0
2019-01-29 00:00:00+08:00,15.05473668884658,15.278322244306722,15.05473668884658,15.253479957580566,10499,0.0,0.0
2019-01-30 00:00:00+08:00,15.2534814939912,15.352851894636114,15.203795671803087,15.328009605407715,24959,0.0,0.0
2019-02-11 00:00:00+08:00,15.352851114091996,15.626122500367753,15.328008826126586,15.601280212402344,31497,0.0,0.0
2019-02-12 00:00:00+08:00,15.60128151166608,15.626123801700338,15.551595687866211,15.551595687866211,39371,0.0,0.0
2019-02-13 00:00:00+08:00,15.849705862865466,16.54530480852336,15.849705862865466,16.14781951904297,308676,0.0,0.0
2019-02-14 00:00:00+08:00,16.09813811277479,16.197509765625,15.998766459924578,16.197509765625,72181,0.0,0.0
2019-02-15 00:00:00+08:00,16.19750956147141,16.44593620300293,16.19750956147141,16.44593620300293,160637,0.0,0.0
2019-02-18 00:00:00+08:00,17.04216119928982,17.315432580419536,16.644677136940878,16.669519424438477,123634,0.0,0.0
2019-02-19 00:00:00+08:00,16.66952208708711,16.69436562228423,16.520465850830078,16.520465850830078,66039,0.0,0.0
2019-02-20 00:00:00+08:00,16.470777196606864,16.74404733074258,16.470777196606864,16.495620727539062,42128,0.0,0.0
2019-02-21 00:00:00+08:00,16.495623559364383,16.744050205215622,16.495623559364383,16.520465850830078,17061,0.0,0.0
2019-02-22 00:00:00+08:00,16.768892661060907,16.942792421321773,16.52046478746863,16.694364547729492,68244,0.0,0.0
2019-02-25 00:00:00+08:00,16.694362277662147,16.793732667348056,16.520462541047838,16.768890380859375,35434,0.0,0.0
2019-02-26 00:00:00+08:00,16.768890861674777,16.793733148875763,16.470777196606864,16.495620727539062,60632,0.0,0.0
2019-02-27 00:00:00+08:00,16.520461060464275,16.545303344726562,16.296875527179424,16.545303344726562,45933,0.0,0.0
2019-03-04 00:00:00+08:00,16.545303344726562,16.74404535001806,16.44593172021528,16.545303344726562,80056,0.0,0.0
2019-03-05 00:00:00+08:00,16.545302597647368,16.843416213989258,16.396246411341927,16.843416213989258,123365,0.0,0.0
2019-03-06 00:00:00+08:00,16.893107154353363,16.942792979454847,16.79373550415039,16.79373550415039,66932,0.0,0.0
2019-03-07 00:00:00+08:00,16.79373408080763,17.166375871888665,16.79373408080763,17.04216194152832,95805,0.0,0.0
2019-03-08 00:00:00+08:00,16.992473869842623,17.116687774658203,16.942788059170187,17.116687774658203,91869,0.0,0.0
2019-03-11 00:00:00+08:00,17.414802968852705,17.414802968852705,17.14153160732248,17.19121742248535,140662,0.0,0.0
2019-03-12 00:00:00+08:00,17.290592512078494,17.340277093450446,17.21606439628918,17.265748977661133,55175,0.0,0.0
2019-03-13 00:00:00+08:00,17.1415318610699,17.34027388093224,17.1415318610699,17.315431594848633,64307,0.0,0.0
2019-03-14 00:00:00+08:00,17.315434427991356,17.34027671813965,17.290592137843063,17.34027671813965,62995,0.0,0.0
2019-03-15 00:00:00+08:00,17.34027449603737,17.3651180267334,17.240904104446845,17.3651180267334,60370,0.0,0.0
2019-03-18 00:00:00+08:00,17.43964551272899,17.43964551272899,17.315431594848633,17.315431594848633,38125,0.0,0.0
2019-03-19 00:00:00+08:00,17.315431234894458,17.563859065490842,17.315431234894458,17.38995933532715,85305,0.0,0.0
2019-03-20 00:00:00+08:00,17.464488668045416,17.563860304788037,17.389960562354062,17.48933219909668,174942,0.0,0.0
2019-03-21 00:00:00+08:00,17.48933219909668,17.53901801746799,17.43964638072537,17.48933219909668,59057,0.0,0.0
2019-03-22 00:00:00+08:00,17.340275056850462,17.48933251465381,17.141533023510572,17.464488983154297,207555,0.0,0.0
2019-03-25 00:00:00+08:00,17.240903744449486,17.439645767211914,17.141532111202686,17.439645767211914,179798,0.0,0.0
2019-03-26 00:00:00+08:00,17.43964551272899,17.43964551272899,17.29058930876502,17.315431594848633,34122,0.0,0.0
2019-03-27 00:00:00+08:00,17.2160621800596,17.290590286254883,17.19121864884035,17.290590286254883,38059,0.0,0.0
2019-03-28 00:00:00+08:00,17.389959950588516,17.51417387028143,17.240903744449486,17.439645767211914,72181,0.0,0.0
2019-03-29 00:00:00+08:00,17.43964613135909,17.43964613135909,17.240904104446845,17.3651180267334,57745,0.0,0.0
2019-04-01 00:00:00+08:00,17.36511704975996,17.43964515019265,17.16637379029795,17.38995933532715,85358,0.0,0.0
2019-04-02 00:00:00+08:00,17.3899630617923,17.539020538330078,17.3899630617923,17.539020538330078,141739,0.0,0.0
2019-04-03 00:00:00+08:00,17.439646626574497,17.61354637145996,17.439646626574497,17.61354637145996,18373,0.0,0.0
2019-04-08 00:00:00+08:00,17.489334712817488,17.539020538330078,17.46449117819549,17.539020538330078,35434,0.0,0.0
2019-04-09 00:00:00+08:00,17.81228973971129,18.03587532043457,17.613547692252443,18.03587532043457,287526,0.0,0.0
2019-04-10 00:00:00+08:00,18.035874392747516,18.08556021298944,17.93650399599494,18.011032104492188,70869,0.0,0.0
2019-04-11 00:00:00+08:00,18.135246033231358,18.184930609742015,17.886816932021755,18.011032104492188,136803,0.0,0.0
2019-04-12 00:00:00+08:00,18.011029578532515,18.011029578532515,17.886814423482654,17.96134376525879,32809,0.0,0.0
2019-04-15 00:00:00+08:00,18.011032420972935,18.03587470966478,17.986188888549805,17.986188888549805,27560,0.0,0.0
2019-04-16 00:00:00+08:00,18.060716681002845,18.08556021298944,17.96134628425027,18.011032104492188,48558,0.0,0.0
2019-04-17 00:00:00+08:00,18.011032104492188,18.035874392747516,17.93650399599494,18.011032104492188,51446,0.0,0.0
2019-04-18 00:00:00+08:00,17.961346110888215,17.961346110888215,17.71291825580769,17.737760543823242,51183,0.0,0.0
2019-04-19 00:00:00+08:00,17.712918009603435,17.712918009603435,17.61354637145996,17.61354637145996,47246,0.0,0.0
2019-04-22 00:00:00+08:00,17.737761230775543,17.737761230775543,17.638389587402344,17.638389587402344,27560,0.0,0.0
2019-04-23 00:00:00+08:00,17.712918327290378,17.787446435369052,17.56386086740177,17.588703155517578,48558,0.0,0.0
2019-04-24 00:00:00+08:00,17.638391402656598,17.886819292925242,17.638391402656598,17.78744888305664,31502,0.0,0.0
2019-04-25 00:00:00+08:00,17.76260534779092,17.78744888305664,17.712920764722334,17.78744888305664,21129,0.0,0.0
2019-04-26 00:00:00+08:00,17.78744574802428,17.78744574802428,17.688074111938477,17.688074111938477,15748,0.0,0.0
2019-04-29 00:00:00+08:00,17.638387366415387,17.8868151998356,17.638387366415387,17.663230895996094,26247,0.0,0.0
2019-04-30 00:00:00+08:00,17.613547330602007,18.309145104291257,17.613547330602007,18.110403060913086,152238,0.0,0.0
2019-05-02 00:00:00+08:00,18.18493178265549,18.358831542852972,18.135247202940217,18.16008949279785,41668,0.0,0.0
2019-05-03 00:00:00+08:00,18.284297983495623,18.284297983495623,18.184926366200635,18.2346134185791,76381,0.0,0.0
2019-05-06 00:00:00+08:00,19.50159806999722,20.048139572143555,19.45191349649125,20.048139572143555,1504880,0.0,0.0
2019-05-07 00:00:00+08:00,20.222039541894393,20.271725359699822,19.57612764161742,19.65065574645996,890726,0.0,0.0
2019-05-08 00:00:00+08:00,19.427072903782573,20.222042368599336,19.427072903782573,19.82455825805664,438210,0.0,0.0
2019-05-09 00:00:00+08:00,20.12266984662751,20.12266984662751,18.681787299045155,19.029586791992188,383404,0.0,0.0
2019-05-10 00:00:00+08:00,19.327700763978147,19.327700763978147,17.886818101417443,18.632102966308594,315211,0.0,0.0
2019-05-13 00:00:00+08:00,18.880531682147833,19.42707327745509,18.880531682147833,19.278017044067383,256003,0.0,0.0
2019-05-14 00:00:00+08:00,18.880530721247908,19.302858352661133,18.78115907489256,19.302858352661133,60370,0.0,0.0
2019-05-15 00:00:00+08:00,19.427073735040608,19.774873279445863,19.352545616591318,19.526445388793945,170611,0.0,0.0
2019-05-16 00:00:00+08:00,19.750029994902167,19.82455810960441,19.551286697387695,19.551286697387695,116803,0.0,0.0
2019-05-17 00:00:00+08:00,19.750030987873245,19.874244933199204,19.501601853489895,19.526445388793945,85305,0.0,0.0
2019-05-20 00:00:00+08:00,19.8990839109655,19.8990839109655,19.4519140310058,19.625812530517578,93836,0.0,0.0
2019-05-21 00:00:00+08:00,19.650659334119904,19.650659334119904,19.501601853489895,19.526445388793945,60370,0.0,0.0
2019-05-22 00:00:00+08:00,19.52644355980787,19.52644355980787,19.37738609313965,19.37738609313965,94492,0.0,0.0
2019-05-23 00:00:00+08:00,19.32769958815784,19.476757049560547,19.32769958815784,19.476757049560547,42062,0.0,0.0
2019-05-24 00:00:00+08:00,19.60097029348094,19.67549839971065,19.476756368521016,19.576128005981445,44621,0.0,0.0
2019-05-27 00:00:00+08:00,19.774869737854782,20.122669219970703,19.750027450731306,20.122669219970703,255917,0.0,0.0
2019-05-28 00:00:00+08:00,20.246884901261538,20.619526702860625,19.84939956665039,19.84939956665039,361237,0.0,0.0
2019-05-29 00:00:00+08:00,19.874240573247686,19.923925145493275,19.725183125317457,19.799711227416992,62995,0.0,0.0
2019-05-30 00:00:00+08:00,19.874242099429242,19.998456027044153,19.70034235202212,19.973613739013672,78743,0.0,0.0
2019-05-31 00:00:00+08:00,19.973613009767426,20.222039612195818,19.973613009767426,20.122669219970703,138694,0.0,0.0
2019-06-03 00:00:00+08:00,20.34625463415188,21.06669592441735,20.34625463415188,20.942481994628906,502654,0.0,0.0
2019-06-04 00:00:00+08:00,21.26543845473029,21.26543845473029,20.520153658635227,20.569839477539062,328099,0.0,0.0
2019-06-05 00:00:00+08:00,20.644367515869426,20.843109547097363,20.52015359088556,20.718896865844727,77431,0.0,0.0
2019-06-06 00:00:00+08:00,20.743740530307875,20.743740530307875,20.44562684181172,20.52015495300293,91030,0.0,0.0
2019-06-10 00:00:00+08:00,22.035563205235043,22.035563205235043,21.29027968971827,21.364809036254883,340072,0.0,0.0
2019-06-11 00:00:00+08:00,21.36481001515746,21.68776472753461,21.215751315254593,21.339967727661133,209983,0.0,0.0
2019-06-12 00:00:00+08:00,21.36480873390964,21.36480873390964,20.967322207955874,21.290279388427734,144760,0.0,0.0
2019-06-13 00:00:00+08:00,21.290278150368042,21.364807491515965,20.9673209886766,21.190906524658203,81368,0.0,0.0
2019-06-14 00:00:00+08:00,21.190911376976594,21.265440735190328,21.116384506225586,21.116384506225586,91867,0.0,0.0
2019-06-17 00:00:00+08:00,21.116384506225586,21.141226796475923,21.091539728512522,21.116384506225586,55120,0.0,0.0
2019-06-18 00:00:00+08:00,21.166063976768477,21.215748545274188,21.066692352294922,21.066692352294922,31501,0.0,0.0
2019-06-19 00:00:00+08:00,21.116380898919687,21.464180365398082,21.116380898919687,21.290279388427734,74806,0.0,0.0
2019-06-20 00:00:00+08:00,21.19091132094637,21.265440678963042,21.16606903076172,21.16606903076172,56433,0.0,0.0
2019-06-21 00:00:00+08:00,21.16606978367752,21.16606978367752,21.017013549804688,21.017013549804688,92524,0.0,0.0
2019-06-24 00:00:00+08:00,21.017010714230334,21.017010714230334,20.76858286213875,20.992168426513672,89413,0.0,0.0
2019-06-25 00:00:00+08:00,20.992171258736352,21.017013549804688,20.91764189806853,21.017013549804688,56677,0.0,0.0
2019-06-26 00:00:00+08:00,20.967323353413892,21.041852702967383,20.917638778686523,20.917638778686523,36747,0.0,0.0
2019-06-27 00:00:00+08:00,20.967320727821367,21.26543560124203,20.843106819094956,21.066692352294922,127433,0.0,0.0
2019-06-28 00:00:00+08:00,21.04185509237574,21.16606903076172,20.84311179597309,21.16606903076172,123562,0.0,0.0
2019-07-01 00:00:00+08:00,21.215749951698914,21.762292678803558,20.371096062604543,20.818265914916992,381908,0.0,0.0
2019-07-02 00:00:00+08:00,20.81826498376316,20.867952040802443,20.694051072358224,20.79342269897461,160768,0.0,0.0
2019-07-03 00:00:00+08:00,20.718897550185638,20.718897550185638,20.619525909423828,20.619525909423828,77431,0.0,0.0
2019-07-04 00:00:00+08:00,20.619528740978584,20.818270806062973,20.52015708657067,20.644371032714844,43309,0.0,0.0
2019-07-05 00:00:00+08:00,20.644368197748648,20.669211729804733,20.520154268662022,20.619525909423828,102367,0.0,0.0
2019-07-08 00:00:00+08:00,21.066697093091268,21.464183680434864,20.619527169792406,21.09153938293457,404218,0.0,0.0
2019-07-09 00:00:00+08:00,21.11638416024056,21.11638416024056,21.017012513404662,21.09153938293457,85305,0.0,0.0
2019-07-10 00:00:00+08:00,21.091537577380326,21.16606692799279,20.967323651334535,20.992168426513672,86618,0.0,0.0
2019-07-11 00:00:00+08:00,20.992168375736657,21.091537526362952,20.942481312961043,21.041852951049805,101054,0.0,0.0
2019-07-12 00:00:00+08:00,21.041852716275734,21.737451687673474,21.041852716275734,21.4393367767334,348310,0.0,0.0
2019-07-15 00:00:00+08:00,21.687768011472762,22.085254621450787,21.563554067720336,21.662925720214844,322128,0.0,0.0
2019-07-16 00:00:00+08:00,21.613239047707786,21.66292362541915,21.364811184225807,21.489025115966797,207359,0.0,0.0
2019-07-17 00:00:00+08:00,21.439337073926787,21.588395775194307,21.439337073926787,21.513866424560547,69557,0.0,0.0
2019-07-18 00:00:00+08:00,21.538710677343705,21.563552967333926,21.36481215994947,21.464183807373047,215233,0.0,0.0
2019-07-19 00:00:00+08:00,21.464181849113025,21.513866424560547,21.33996792303174,21.513866424560547,424016,0.0,0.0
2019-07-22 00:00:00+08:00,21.51386739044734,21.83180636313916,21.51386739044734,21.725826263427734,358287,2.057301,0.0
2019-07-23 00:00:00+08:00,21.725824270800274,21.805308675072542,21.725824270800274,21.7788143157959,76119,0.0,0.0
2019-07-24 00:00:00+08:00,21.805308846672727,21.83180453260022,21.540359946051883,21.672834396362305,95836,0.0,0.0
2019-07-25 00:00:00+08:00,21.67283621357202,21.725826263427734,21.619846163716307,21.725826263427734,51183,0.0,0.0
2019-07-26 00:00:00+08:00,21.778816568704432,21.99077544417067,21.6198464172729,21.96428108215332,163196,0.0,0.0
2019-07-29 00:00:00+08:00,21.964278698458198,21.964278698458198,21.116440635720764,21.43437957763672,482372,0.0,0.0
2019-07-30 00:00:00+08:00,21.540361050643856,21.672835507747582,21.24891644915021,21.354896545410156,170939,0.0,0.0
2019-07-31 00:00:00+08:00,21.301909110456233,21.32840347290039,21.222423370238758,21.32840347290039,100008,0.0,0.0
2019-08-01 00:00:00+08:00,21.248913473177467,21.27540915675286,21.08994467749401,21.195924758911133,111816,0.0,0.0
2019-08-02 00:00:00+08:00,20.87798899329218,20.930977715558832,20.666028798455862,20.772008895874023,245418,0.0,0.0
2019-08-05 00:00:00+08:00,20.66602922175862,20.66602922175862,19.977162553757804,20.083141326904297,358350,0.0,0.0
2019-08-06 00:00:00+08:00,19.659224421254283,19.92417335510254,18.62592172222656,19.92417335510254,199484,0.0,0.0
2019-08-07 00:00:00+08:00,20.16262538041598,20.321595526977124,20.08314097035663,20.295101165771484,206463,0.0,0.0
2019-08-08 00:00:00+08:00,21.619845187929624,21.619845187929624,20.930977223781532,21.11644172668457,715674,0.0,0.0
2019-08-12 00:00:00+08:00,21.195927727462653,21.354896545410156,21.116441992046486,21.354896545410156,424561,0.0,0.0
2019-08-13 00:00:00+08:00,21.195926752234865,21.354895562868187,21.14293670654297,21.14293670654297,196354,0.0,0.0
2019-08-14 00:00:00+08:00,21.328401290190595,21.328401290190595,21.089946746826172,21.089946746826172,171258,0.0,0.0
2019-08-15 00:00:00+08:00,20.983966206700917,20.983966206700917,20.666027264488374,20.95747184753418,256180,0.0,0.0
2019-08-16 00:00:00+08:00,20.930978931852305,21.38139238238924,20.930978931852305,21.222423553466797,410780,0.0,0.0
2019-08-19 00:00:00+08:00,21.354895173768313,21.566854026231503,21.354895173768313,21.43437957763672,267729,0.0,0.0
2019-08-20 00:00:00+08:00,21.778816313283446,21.778816313283446,21.46087734059163,21.725826263427734,335974,0.0,0.0
2019-08-21 00:00:00+08:00,21.725827698988926,22.494178830117917,21.725827698988926,22.414695739746094,537697,0.0,0.0
2019-08-22 00:00:00+08:00,22.54716779544244,22.573662156062554,22.09675437980369,22.36170196533203,282172,0.0,0.0
2019-08-23 00:00:00+08:00,22.36170165595949,22.36170165595949,22.09675407409668,22.09675407409668,170611,0.0,0.0
2019-08-26 00:00:00+08:00,21.93778212188281,22.09675224960547,21.301905590319013,22.04376220703125,171924,0.0,0.0
2019-08-27 00:00:00+08:00,22.255725860595703,22.38820032454383,22.070260019337336,22.255725860595703,71066,0.0,0.0
2019-08-28 00:00:00+08:00,22.361702635792827,22.600157194292937,22.176239453006573,22.308713912963867,165362,0.0,0.0
2019-08-29 00:00:00+08:00,22.361701172978535,22.520672636835915,22.282218093934564,22.441186904907227,74150,0.0,0.0
2019-08-30 00:00:00+08:00,22.494176245178277,22.57366197930102,22.441187524352976,22.467681884765625,109688,0.0,0.0
2019-09-02 00:00:00+08:00,22.494177176297136,22.679643012632397,22.467682814787782,22.653148651123047,198489,0.0,0.0
2019-09-03 00:00:00+08:00,22.65314771342376,22.75912780795915,22.441187524352976,22.467681884765625,79072,0.0,0.0
2019-09-04 00:00:00+08:00,22.467682993643745,22.679643193175686,22.361702893877773,22.547168731689453,87930,0.0,0.0
2019-09-05 00:00:00+08:00,22.70613629791016,22.70613629791016,21.5668549310439,22.09675407409668,183735,0.0,0.0
2019-09-06 00:00:00+08:00,22.785620524530916,22.785620524530916,22.573660350751744,22.706134796142578,337332,0.0,0.0
2019-09-10 00:00:00+08:00,23.05056970308083,23.130052779576854,22.865103885487507,22.944589614868164,202109,0.0,0.0
2019-09-11 00:00:00+08:00,23.130058122821808,23.130058122821808,22.81212043762207,22.81212043762207,177173,0.0,0.0
2019-09-12 00:00:00+08:00,22.83861025878124,22.83861025878124,22.4146925452259,22.441186904907227,249355,0.0,0.0
2019-09-16 00:00:00+08:00,22.573661530213172,22.573661530213172,22.229226893046643,22.335206985473633,237544,0.0,0.0
2019-09-17 00:00:00+08:00,22.25572690611735,22.414695739746094,22.25572690611735,22.414695739746094,80712,0.0,0.0
2019-09-18 00:00:00+08:00,22.25572690611735,22.414695739746094,22.25572690611735,22.414695739746094,76119,0.0,0.0
2019-09-19 00:00:00+08:00,22.520673258475718,22.520673258475718,22.335207429817586,22.467681884765625,86683,0.0,0.0
2019-09-20 00:00:00+08:00,22.335209996489173,22.414695739746094,22.335209996489173,22.414695739746094,35434,0.0,0.0
2019-09-23 00:00:00+08:00,22.52067273927852,22.891601735158506,22.52067273927852,22.785621643066406,169649,0.0,0.0
2019-09-24 00:00:00+08:00,22.944589614868164,23.23603286778952,22.918095256036157,22.944589614868164,241796,0.0,0.0
2019-09-25 00:00:00+08:00,22.94459219346772,23.050572293590825,22.83861209334461,22.891603469848633,111553,0.0,0.0
2019-09-26 00:00:00+08:00,22.891599154600666,22.891599154600666,22.785619074455642,22.838607788085938,81545,0.0,0.0
2019-09-27 00:00:00+08:00,22.83861003773594,22.83861003773594,22.626649856567383,22.626649856567383,74806,0.0,0.0
2019-10-01 00:00:00+08:00,22.626649067754236,22.75912616602967,22.573660350751744,22.706134796142578,81459,0.0,0.0
2019-10-02 00:00:00+08:00,22.626651458284854,22.75912857055664,22.547168374383638,22.75912857055664,56433,0.0,0.0
2019-10-03 00:00:00+08:00,22.573662735684042,22.75912857055664,22.573662735684042,22.75912857055664,64307,0.0,0.0
2019-10-04 00:00:00+08:00,22.785620808991485,23.05056970308083,22.785620808991485,22.944589614868164,95805,0.0,0.0
2019-10-07 00:00:00+08:00,22.997577667236328,23.1035577523831,22.997577667236328,22.997577667236328,82681,0.0,0.0
2019-10-08 00:00:00+08:00,21.513866424560547,21.831805382978175,21.142937418666246,21.513866424560547,1002655,0.0,0.0
2019-10-09 00:00:00+08:00,21.51386736577935,21.51386736577935,21.195928393452085,21.301908493041992,207307,0.0,0.0
2019-10-14 00:00:00+08:00,21.32840218456638,21.40788659354013,21.3019078237226,21.354896545410156,121003,0.0,0.0
2019-10-15 00:00:00+08:00,21.43438162786569,21.566856089131846,21.24891711680458,21.301908493041992,200797,0.0,0.0
2019-10-16 00:00:00+08:00,21.43438162786569,21.43438162786569,21.301908493041992,21.301908493041992,110241,0.0,0.0
2019-10-17 00:00:00+08:00,21.434382775570477,21.540362880835094,21.32840399674839,21.407888412475586,94492,0.0,0.0
2019-10-18 00:00:00+08:00,21.407886417150387,21.566855233788072,21.3813907300825,21.46087646484375,78940,0.0,0.0
2019-10-21 00:00:00+08:00,21.487371881471446,21.646342032364164,21.460877519543896,21.61984634399414,72575,0.0,0.0
2019-10-22 00:00:00+08:00,21.725826263427734,22.017269547970464,21.67283621357202,21.725826263427734,82156,0.0,0.0
2019-10-23 00:00:00+08:00,21.725826263427734,21.83180636313916,21.725826263427734,21.725826263427734,56433,0.0,0.0
2019-10-24 00:00:00+08:00,21.805308846672727,21.858298892085365,21.672834396362305,21.672834396362305,66999,0.0,0.0
2019-10-25 00:00:00+08:00,21.672836394291714,21.672836394291714,21.51386756984147,21.61984634399414,76119,0.0,0.0
2019-10-28 00:00:00+08:00,21.61984381561622,21.67283385971676,21.566853771515678,21.59334945678711,59222,0.0,0.0
2019-10-29 00:00:00+08:00,21.59335198206659,21.699330756219265,21.566856293696567,21.61984634399414,49871,0.0,0.0
2019-10-30 00:00:00+08:00,21.619844522762463,21.619844522762463,21.56685447692871,21.56685447692871,59057,0.0,0.0
2019-10-31 00:00:00+08:00,22.149745758860202,23.103561368709748,22.149745758860202,22.255725860595703,745442,0.0,0.0
2019-11-01 00:00:00+08:00,22.255724348579637,22.494176245178277,22.255724348579637,22.467681884765625,166674,0.0,0.0
2019-11-04 00:00:00+08:00,22.573664515024113,22.62665324180169,22.441190045195075,22.494178771972656,191610,0.0,0.0
2019-11-05 00:00:00+08:00,22.520672636835915,22.520672636835915,22.441186904907227,22.441186904907227,266416,0.0,0.0
2019-11-06 00:00:00+08:00,22.44119010320337,22.467684466660643,22.25572690611735,22.414695739746094,167987,0.0,0.0
2019-11-07 00:00:00+08:00,22.4146925452259,22.441186904907227,22.149743642643223,22.441186904907227,182423,0.0,0.0
2019-11-08 00:00:00+08:00,22.414693339457067,22.494176421317405,22.36170196533203,22.36170196533203,116803,0.0,0.0
2019-11-11 00:00:00+08:00,22.388197280979302,22.414691639590156,22.149742747712388,22.176237106323242,170611,0.0,0.0
2019-11-12 00:00:00+08:00,22.20273270594829,22.33520715929179,22.20273270594829,22.22922706604004,60370,0.0,0.0
2019-11-13 00:00:00+08:00,22.202731464934097,22.22922582354495,22.149742747712388,22.176237106323242,82681,0.0,0.0
2019-11-14 00:00:00+08:00,22.22922755886239,22.361702015142853,22.22922755886239,22.28221893310547,53808,0.0,0.0
2019-11-15 00:00:00+08:00,22.255725860595703,22.335208947233596,22.2292288454981,22.255725860595703,85305,0.0,0.0
2019-11-18 00:00:00+08:00,22.414692718015058,22.54716717032761,22.308712625588072,22.335206985473633,320225,0.0,0.0
2019-11-19 00:00:00+08:00,22.361702635792827,22.3881996500922,22.255725190134907,22.308713912963867,83993,0.0,0.0
2019-11-20 00:00:00+08:00,22.308712453615886,22.494175624269875,22.282218093934564,22.441186904907227,135177,0.0,0.0
2019-11-21 00:00:00+08:00,22.441187573480363,22.441187573480363,22.361701839183617,22.388198852539062,111553,0.0,0.0
2019-11-22 00:00:00+08:00,22.4146925452259,22.441186904907227,22.361701172978535,22.441186904907227,93180,0.0,0.0
2019-11-25 00:00:00+08:00,22.494176294421663,22.520673307777113,22.388198852539062,22.388198852539062,89243,0.0,0.0
2019-11-26 00:00:00+08:00,22.38819973025973,22.653148651123047,22.361702715865476,22.653148651123047,165362,0.0,0.0
2019-11-27 00:00:00+08:00,22.653148651123047,22.679643012632397,22.60015727521944,22.653148651123047,144363,0.0,0.0
2019-11-28 00:00:00+08:00,22.653148831455425,22.653148831455425,22.547168731689453,22.547168731689453,97117,0.0,0.0
2019-11-29 00:00:00+08:00,22.520674369969193,22.62665181685024,22.467682993643745,22.547168731689453,82824,0.0,0.0
2019-12-02 00:00:00+08:00,22.547167618888366,22.600156339713667,22.414693163940328,22.467681884765625,69557,0.0,0.0
2019-12-03 00:00:00+08:00,22.520675659179688,22.520675659179688,22.414695553346817,22.520675659179688,32809,0.0,0.0
2019-12-04 00:00:00+08:00,22.414693213009713,22.441187573480363,22.308713118242316,22.388198852539062,61682,0.0,0.0
2019-12-05 00:00:00+08:00,22.308713244091805,22.36170196533203,22.255724522851583,22.36170196533203,69557,0.0,0.0
2019-12-06 00:00:00+08:00,22.36170330944623,22.36170330944623,22.202734483285468,22.255725860595703,90555,0.0,0.0
2019-12-09 00:00:00+08:00,22.28221893310547,22.308713293784596,22.22922755886239,22.28221893310547,55120,0.0,0.0
2019-12-10 00:00:00+08:00,22.14974245949565,22.14974245949565,21.884792244623156,21.937782287597656,166674,0.0,0.0
2019-12-11 00:00:00+08:00,21.93778374869243,21.93778374869243,21.77881493562362,21.805309295654297,171924,0.0,0.0
2019-12-12 00:00:00+08:00,21.77881493562362,22.09675388820361,21.77881493562362,21.805309295654297,104991,0.0,0.0
2019-12-13 00:00:00+08:00,21.8053094700759,21.8053094700759,21.672835015978098,21.699329376220703,209983,0.0,0.0
2019-12-16 00:00:00+08:00,21.699330396094744,21.884794905837023,21.699330396094744,21.831806182861328,91867,0.0,0.0
2019-12-17 00:00:00+08:00,21.77881546608312,21.884794235229492,21.77881546608312,21.884794235229492,32809,0.0,0.0
2019-12-18 00:00:00+08:00,21.88479307934481,21.88479307934481,21.69932858508129,21.7788143157959,72181,0.0,0.0
2019-12-19 00:00:00+08:00,21.778816749565124,21.8847955249571,21.64634228549329,21.858301162719727,82681,0.0,0.0
2019-12-20 00:00:00+08:00,21.725824270800274,21.831804360791523,21.725824270800274,21.7788143157959,35697,0.0,0.0
2019-12-23 00:00:00+08:00,21.778816133443183,21.831806182861328,21.72582608402504,21.831806182861328,65619,0.0,0.0
2019-12-24 00:00:00+08:00,21.80530982675911,21.93778428302388,21.80530982675911,21.884794235229492,44621,0.0,0.0
2019-12-25 00:00:00+08:00,21.85829788635705,21.96427797230605,21.805307843382554,21.937782287597656,61682,0.0,0.0
2019-12-26 00:00:00+08:00,21.8582998745535,21.93778428302388,21.83180551387751,21.884794235229492,89243,0.0,0.0
2019-12-27 00:00:00+08:00,21.884794235229492,21.91128992234789,21.80530982675911,21.884794235229492,73494,0.0,0.0
2019-12-30 00:00:00+08:00,21.884795433866945,21.964281173133195,21.831806709612756,21.911291122436523,28872,0.0,0.0
2019-12-31 00:00:00+08:00,21.884795433866945,21.93778548456362,21.831806709612756,21.911291122436523,65619,0.0,0.0
2020-01-02 00:00:00+08:00,21.99077278401012,22.096752872144368,21.937782739942993,22.07025718688965,112866,0.0,0.0
2020-01-03 00:00:00+08:00,22.04376437861266,22.07025873928865,21.8582998745535,21.884794235229492,122053,0.0,0.0
2020-01-06 00:00:00+08:00,21.884794235229492,21.884794235229492,21.752319778964722,21.884794235229492,118115,0.0,0.0
2020-01-07 00:00:00+08:00,21.884795086552412,21.884795086552412,21.619846163716307,21.725826263427734,70869,0.0,0.0
2020-01-08 00:00:00+08:00,21.725824074457677,21.725824074457677,21.46087517831631,21.487369537353516,122053,0.0,0.0
2020-01-09 00:00:00+08:00,22.070258252604788,22.33520715929179,22.070258252604788,22.22922706604004,448840,0.0,0.0
2020-01-10 00:00:00+08:00,22.22922755886239,22.308713293784596,22.176238837504137,22.28221893310547,199484,0.0,0.0
2020-01-13 00:00:00+08:00,22.494175624269875,22.494175624269875,22.282218093934564,22.441186904907227,167987,0.0,0.0
2020-01-14 00:00:00+08:00,22.467681884765625,22.467681884765625,22.361701790230235,22.467681884765625,150925,0.0,0.0
2020-01-15 00:00:00+08:00,22.441186185521484,23.262527226621526,22.441186185521484,22.944589614868164,572205,0.0,0.0
2020-01-16 00:00:00+08:00,23.05057438994963,23.368512066349197,22.944594280188053,23.209543228149414,325474,0.0,0.0
2020-01-17 00:00:00+08:00,23.209540650615402,23.34201510988414,23.156549275176978,23.262529373168945,170611,0.0,0.0
2020-01-20 00:00:00+08:00,23.474491362631436,23.951400513589267,23.421502636029494,23.71294593811035,596426,0.0,0.0
2020-01-30 00:00:00+08:00,22.838612220684336,23.71294473546876,22.838612220684336,22.8651065826416,397656,0.0,0.0
2020-01-31 00:00:00+08:00,22.83860931629142,23.474487186825773,22.83860931629142,23.13005256652832,143051,0.0,0.0
2020-02-03 00:00:00+08:00,22.75912816674718,23.05057144165039,22.6266510568259,23.05057144165039,169299,0.0,0.0
2020-02-04 00:00:00+08:00,22.865107071773956,22.94459281223107,22.83861270924992,22.91809844970703,227045,0.0,0.0
2020-02-05 00:00:00+08:00,22.891603237836765,23.315520981147753,22.891603237836765,23.07706642150879,87930,0.0,0.0
2020-02-06 00:00:00+08:00,23.10356226181291,23.368511199951172,23.024079172102475,23.368511199951172,170611,0.0,0.0
2020-02-07 00:00:00+08:00,23.36851032963796,23.36851032963796,23.103561401367188,23.103561401367188,141739,0.0,0.0
2020-02-10 00:00:00+08:00,22.944589614868164,23.07706406191284,22.732629438442835,22.944589614868164,141739,0.0,0.0
2020-02-11 00:00:00+08:00,23.447996756358332,23.58047122437555,23.236036546376756,23.474491119384766,188985,0.0,0.0
2020-02-12 00:00:00+08:00,23.500983221788637,23.712943411381193,23.500983221788637,23.68644905090332,244106,0.0,0.0
2020-02-13 00:00:00+08:00,23.73943682510652,23.73943682510652,23.368507834554965,23.5009822845459,233607,0.0,0.0
2020-02-14 00:00:00+08:00,23.500985669020302,23.500985669020302,23.28902811024074,23.368511199951172,128615,0.0,0.0
2020-02-17 00:00:00+08:00,23.36850960476231,23.58046980195805,23.262529506164437,23.527481079101562,136489,0.0,0.0
2020-02-18 00:00:00+08:00,23.633456015244633,24.110365081850983,23.633456015244633,24.004384994506836,435716,0.0,0.0
2020-02-19 00:00:00+08:00,24.11036769919301,24.375316619873047,24.11036769919301,24.375316619873047,480338,0.0,0.0
2020-02-20 00:00:00+08:00,26.229956866218174,26.812843322753906,25.779542192636555,26.812843322753906,1601126,0.0,0.0
2020-02-21 00:00:00+08:00,27.819654641852324,28.826461579885326,27.44872563031991,27.713674545288086,6011611,0.0,0.0
2020-02-24 00:00:00+08:00,27.183777729202973,27.76666695560341,27.183777729202973,27.448726654052734,919991,0.0,0.0
2020-02-25 00:00:00+08:00,27.289757650377755,28.24357324299164,27.289757650377755,27.554706573486328,1086666,0.0,0.0
2020-02-26 00:00:00+08:00,27.18377578930685,27.713673601191655,27.02480697631836,27.02480697631836,879307,0.0,0.0
2020-02-27 00:00:00+08:00,27.130790544984837,27.395739484869722,25.912023299206297,26.09748649597168,1053856,0.0,0.0
2020-03-02 00:00:00+08:00,25.859031763630075,26.7598585919698,25.70006294754302,26.706867218017578,498711,0.0,0.0
2020-03-03 00:00:00+08:00,27.289756414183188,27.448725230270245,26.65387849695016,26.706867218017578,333349,0.0,0.0
2020-03-04 00:00:00+08:00,26.706868743105908,26.706868743105908,26.415425454822717,26.494911193847656,257230,0.0,0.0
2020-03-05 00:00:00+08:00,26.812848527628347,27.71367539677449,26.7598598041606,27.554706573486328,679822,0.0,0.0
2020-03-06 00:00:00+08:00,27.607694232922764,27.713674328658588,27.18377650286429,27.395736694335938,284790,0.0,0.0
2020-03-09 00:00:00+08:00,27.395736694335938,27.395736694335938,27.395736694335938,27.395736694335938,0,0.0,0.0
2020-03-10 00:00:00+08:00,27.872645957798685,28.1905862770821,27.342748078544748,28.084606170654297,696883,0.0,0.0
2020-03-11 00:00:00+08:00,28.084605983987274,28.773475344746824,27.66068821397875,27.76666831970215,721819,0.0,0.0
2020-03-12 00:00:00+08:00,27.28975235292635,27.28975235292635,26.335934292581467,26.812843322753906,841247,0.0,0.0
2020-03-13 00:00:00+08:00,25.75305313923139,26.494911193847656,24.640266057306995,26.494911193847656,650949,0.0,0.0
2020-03-16 00:00:00+08:00,26.70686948737873,26.918829695428887,26.07099151611328,26.07099151611328,397656,0.0,0.0
2020-03-17 00:00:00+08:00,25.594085881487768,25.885529187619397,25.22315683146337,25.48810577392578,452777,0.0,0.0
2020-03-18 00:00:00+08:00,25.48810577392578,25.48810577392578,25.48810577392578,25.48810577392578,0,0.0,0.0
2020-03-19 00:00:00+08:00,24.587275437159093,24.587275437159093,22.679641723632812,22.679641723632812,748067,0.0,0.0
2020-03-20 00:00:00+08:00,23.818924593107596,24.401811161758815,23.60696439384265,24.269336700439453,455402,0.0,0.0
2020-03-23 00:00:00+08:00,23.31552074860737,23.47448956915288,22.732631536093987,23.262529373168945,279540,0.0,0.0
2020-03-24 00:00:00+08:00,23.395005674876597,24.32232961567267,23.395005674876597,24.05738067626953,569581,0.0,0.0
2020-03-25 00:00:00+08:00,24.375316876895265,25.06418620023498,24.375316876895265,24.613771438598633,452777,0.0,0.0
2020-03-26 00:00:00+08:00,24.61377153546874,26.759859946360276,24.37531697282691,25.382123947143555,1311086,0.0,0.0
2020-03-27 00:00:00+08:00,25.70006012898976,25.70006012898976,25.01119091335354,25.06418228149414,517085,0.0,0.0
2020-03-30 00:00:00+08:00,24.746246599600628,25.408618927001953,24.37531756567888,25.408618927001953,152238,0.0,0.0
2020-03-31 00:00:00+08:00,25.806039079456657,25.859030450718407,25.355627014597466,25.435110092163086,207359,0.0,0.0
2020-04-01 00:00:00+08:00,25.435113964299585,25.435113964299585,25.249650768860988,25.35563087463379,135177,0.0,0.0
2020-04-06 00:00:00+08:00,25.32913101529995,25.355628028432633,24.90521329267911,25.170162200927734,293977,0.0,0.0
2020-04-07 00:00:00+08:00,25.223152565770096,25.594081553063667,25.223152565770096,25.435110092163086,296602,0.0,0.0
2020-04-08 00:00:00+08:00,25.435112765113036,26.28295091843745,25.435112765113036,26.150476455688477,565643,0.0,0.0
2020-04-09 00:00:00+08:00,26.60089290990441,26.759861744720602,26.17697247988107,26.335941314697266,1024983,0.0,0.0
2020-04-10 00:00:00+08:00,26.335936709623333,26.49490816952706,26.335936709623333,26.415422439575195,213921,0.0,0.0
2020-04-13 00:00:00+08:00,26.600894639517264,26.600894639517264,26.33594302708274,26.441923141479492,185048,0.0,0.0
2020-04-14 00:00:00+08:00,26.441918970292424,26.86583670812153,26.441918970292424,26.653879165649414,608953,0.0,0.0
2020-04-15 00:00:00+08:00,26.70686448266544,27.28975361913078,26.70686448266544,26.865833282470703,332036,0.0,0.0
2020-04-16 00:00:00+08:00,26.865835510445116,27.13078706927227,26.600889257387465,27.02480697631836,170611,0.0,0.0
2020-04-17 00:00:00+08:00,27.34274671593382,27.448726817080164,26.812848863087055,26.9188289642334,502648,0.0,0.0
2020-04-20 00:00:00+08:00,27.02480800107201,27.02480800107201,26.759859085083008,26.759859085083008,223107,0.0,0.0
2020-04-21 00:00:00+08:00,26.706868668657183,26.706868668657183,26.0180019929395,26.150476455688477,334661,0.0,0.0
2020-04-22 00:00:00+08:00,25.965009317309576,26.362432645071582,25.832534874722242,26.256452560424805,181111,0.0,0.0
2020-04-23 00:00:00+08:00,26.44191509194986,26.600886541593052,26.229957580566406,26.229957580566406,43309,0.0,0.0
2020-04-24 00:00:00+08:00,26.494911193847656,26.706868743105908,26.28295099170445,26.494911193847656,114178,0.0,0.0
2020-04-27 00:00:00+08:00,26.759855851190217,26.971813366635725,26.494906967219936,26.865833282470703,312350,0.0,0.0
2020-04-28 00:00:00+08:00,27.077796618787495,28.0316148349808,26.918827800383557,27.713674545288086,1006610,0.0,0.0
2020-04-29 00:00:00+08:00,27.819654288935485,28.24357201692983,27.713674193715697,27.925634384155273,406843,0.0,0.0
2020-04-30 00:00:00+08:00,28.190584182739258,28.349553004128264,27.872643887076354,28.190584182739258,372721,0.0,0.0
2020-05-04 00:00:00+08:00,27.978623105322765,28.084603200542553,27.55470537732842,27.925634384155273,227045,0.0,0.0
2020-05-05 00:00:00+08:00,28.13759192171004,28.13759192171004,27.448725282108633,27.925634384155273,282165,0.0,0.0
2020-05-06 00:00:00+08:00,27.92563715184471,27.978625878263873,27.501716728951116,27.76666831970215,178486,0.0,0.0
2020-05-07 00:00:00+08:00,27.819650587139964,28.508517135077994,27.55470171078807,28.34954833984375,536771,0.0,0.0
2020-05-08 00:00:00+08:00,28.72048080807463,28.72048080807463,28.402540525857,28.561511993408203,335974,0.0,0.0
2020-05-11 00:00:00+08:00,28.61450665105444,29.886262738024445,28.61450665105444,29.56832504272461,1427890,0.0,0.0
2020-05-12 00:00:00+08:00,29.939248194325025,31.74090185197874,29.568319187998107,30.098217010498047,1765176,0.0,0.0
2020-05-13 00:00:00+08:00,30.20419395285407,31.05202931920279,30.20419395285407,30.999040603637695,969862,0.0,0.0
2020-05-14 00:00:00+08:00,31.158015333750196,31.263995437936885,30.25718842749088,30.469148635864258,585329,0.0,0.0
2020-05-15 00:00:00+08:00,30.94605777826185,30.94605777826185,29.88625938927998,30.469148635864258,435716,0.0,0.0
2020-05-18 00:00:00+08:00,30.89306639972599,30.89306639972599,30.31017715314171,30.469148635864258,240169,0.0,0.0
2020-05-19 00:00:00+08:00,30.89306659166154,31.052035422486718,30.628117655991232,30.787086486816406,261167,0.0,0.0
2020-05-20 00:00:00+08:00,30.893065170074898,31.263994193521533,30.628116246596573,30.840076446533203,440966,0.0,0.0
2020-05-21 00:00:00+08:00,30.999045472934878,31.15801429748535,30.840076648384404,31.15801429748535,269041,0.0,0.0
2020-05-22 00:00:00+08:00,31.15801552733185,31.15801552733185,30.734097760836367,30.787086486816406,311038,0.0,0.0
2020-05-25 00:00:00+08:00,31.105025370011525,31.105025370011525,30.469147423086564,30.840076446533203,196859,0.0,0.0
2020-05-26 00:00:00+08:00,30.99904527004321,30.99904527004321,30.78708507010658,30.840076446533203,224420,0.0,0.0
2020-05-27 00:00:00+08:00,31.15801427657807,31.15801427657807,30.416156225327057,30.73409652709961,354347,0.0,0.0
2020-05-28 00:00:00+08:00,30.84008016359492,30.893068893523186,30.57512855529785,30.57512855529785,287415,0.0,0.0
2020-05-29 00:00:00+08:00,30.946062088012695,30.946062088012695,30.628121731174172,30.946062088012695,124677,0.0,0.0
2020-06-01 00:00:00+08:00,31.211002817094915,31.263994193521533,30.840076446533203,30.840076446533203,191610,0.0,0.0
2020-06-02 00:00:00+08:00,30.99905082104308,30.99905082104308,30.681110464204558,30.946062088012695,164049,0.0,0.0
2020-06-03 00:00:00+08:00,30.946055519534042,31.105024337768555,30.893064144865978,31.105024337768555,276916,0.0,0.0
2020-06-04 00:00:00+08:00,31.15801427657807,31.15801427657807,30.469147602064954,30.73409652709961,496086,0.0,0.0
2020-06-05 00:00:00+08:00,30.681104970138268,30.946056546501516,30.57512487016995,30.840076446533203,259854,0.0,0.0
2020-06-08 00:00:00+08:00,30.31017715314171,30.628117465701777,30.25718842749088,30.469148635864258,733631,0.0,0.0
2020-06-09 00:00:00+08:00,30.2041995745055,30.310177025360378,29.674299055805996,29.7802791595459,839935,0.0,0.0
2020-06-10 00:00:00+08:00,29.409346637099368,29.409346637099368,28.508519841409978,29.144397735595703,817624,0.0,0.0
2020-06-11 00:00:00+08:00,28.879447525359975,29.144396414856928,28.561509919117466,28.667490005493164,556457,0.0,0.0
2020-06-12 00:00:00+08:00,27.81965415852158,28.508520794893695,27.024807427426495,28.45553207397461,228357,0.0,0.0
2020-06-15 00:00:00+08:00,28.455534843752847,28.985432716061606,28.455534843752847,28.720483779907227,167987,0.0,0.0
2020-06-16 00:00:00+08:00,28.985434235866574,29.62131224655535,28.985434235866574,29.35636329650879,307101,0.0,0.0
2020-06-17 00:00:00+08:00,29.568320919897552,29.67429836829709,29.35636071732855,29.40934944152832,258542,0.0,0.0
2020-06-18 00:00:00+08:00,29.409352025364026,29.515332135959685,29.197394457057896,29.35636329650879,93180,0.0,0.0
2020-06-19 00:00:00+08:00,29.939248194325025,30.257185826671066,29.72728800417113,30.098217010498047,475088,0.0,0.0
2020-06-22 00:00:00+08:00,30.41615762740257,30.41615762740257,29.833271026611328,29.833271026611328,250668,0.0,0.0
2020-06-23 00:00:00+08:00,29.833267385020186,29.939247477559903,29.72728729248047,29.72728729248047,233607,0.0,0.0
2020-06-24 00:00:00+08:00,29.939252751928866,29.939252751928866,29.674301147460938,29.674301147460938,150925,0.0,0.0
2020-06-29 00:00:00+08:00,29.568320919897552,29.568320919897552,29.35636071732855,29.40934944152832,160112,0.0,0.0
2020-06-30 00:00:00+08:00,29.303370583408483,29.568319497431148,29.303370583408483,29.462339401245117,135177,0.0,0.0
2020-07-01 00:00:00+08:00,29.939247828744698,29.939247828744698,29.250378545598537,29.51532745361328,238856,0.0,0.0
2020-07-02 00:00:00+08:00,29.46234357792589,29.833272640718736,29.35636346671576,29.674301147460938,228357,0.0,0.0
2020-07-03 00:00:00+08:00,29.727293890374526,29.83327400643625,29.56832504272461,29.56832504272461,227045,0.0,0.0
2020-07-06 00:00:00+08:00,29.621308257266648,30.31017490403663,29.621308257266648,29.88625717163086,276916,0.0,0.0
2020-07-07 00:00:00+08:00,29.939252751928866,30.204201703511583,29.674301147460938,29.674301147460938,238856,0.0,0.0
2020-07-08 00:00:00+08:00,29.568318480113266,29.780276012307958,29.40934701486132,29.72728729248047,175861,0.0,0.0
2020-07-09 00:00:00+08:00,29.727292529508606,29.780281258671067,29.621312418298476,29.674301147460938,177173,0.0,0.0
2020-07-10 00:00:00+08:00,29.674295865984327,29.780275958331956,29.144398057130914,29.303369522094727,295289,0.0,0.0
2020-07-13 00:00:00+08:00,29.51532745361328,29.568318826947095,29.46233873316424,29.51532745361328,116803,0.0,0.0
2020-07-14 00:00:00+08:00,29.674302505901,29.727293890374526,29.515333658251084,29.56832504272461,80056,0.0,0.0
2020-07-15 00:00:00+08:00,29.568318826947095,29.621307547396135,29.46233873316424,29.51532745361328,106304,0.0,0.0
2020-07-16 00:00:00+08:00,29.51532745361328,29.568318826947095,29.46233873316424,29.51532745361328,110241,0.0,0.0
2020-07-17 00:00:00+08:00,29.51532705390525,29.568318426521433,29.303369522094727,29.303369522094727,144363,0.0,0.0
2020-07-20 00:00:00+08:00,29.038420213855723,29.25038041496764,28.879451389464254,29.091411590576172,171924,0.0,0.0
2020-07-21 00:00:00+08:00,29.038420578094453,29.25038078186506,28.879451751708984,28.879451751708984,164049,0.0,0.0
2020-07-22 00:00:00+08:00,28.879448834092045,29.197389107627263,28.826460114945196,29.144397735595703,123365,0.0,0.0
2020-07-23 00:00:00+08:00,28.98543064515323,29.51532847960263,28.98543064515323,29.25037956237793,87930,0.0,0.0
2020-07-24 00:00:00+08:00,29.51532847960263,29.51532847960263,29.038419367444224,29.25037956237793,116803,0.0,0.0
2020-07-27 00:00:00+08:00,29.409352931721713,29.409352931721713,28.77347755432129,28.77347755432129,135177,0.0,0.0
2020-07-28 00:00:00+08:00,28.614502314256686,28.87945123781282,28.243573290701118,28.402542114257812,192922,0.0,0.0
2020-07-29 00:00:00+08:00,28.190588254523867,28.826466284809566,28.190588254523867,28.77347755432129,81368,0.0,0.0
2020-07-30 00:00:00+08:00,28.773469758304152,28.773469758304152,28.50851821899414,28.50851821899414,107616,0.0,0.0
2020-07-31 00:00:00+08:00,28.508522214257248,28.614502314256686,28.2965646671433,28.402542114257812,174549,0.0,0.0
2020-08-03 00:00:00+08:00,28.349553004128264,28.40254172696297,28.190584182739258,28.190584182739258,148301,0.0,0.0
2020-08-04 00:00:00+08:00,28.190584182739258,28.349553004128264,28.13759280701966,28.190584182739258,104991,0.0,0.0
2020-08-05 00:00:00+08:00,28.13758957361467,28.72047872223872,28.13758957361467,28.667490005493164,107616,0.0,0.0
2020-08-06 00:00:00+08:00,28.932438894990117,28.932438894990117,28.614498635863022,28.667490005493164,104991,0.0,0.0
2020-08-07 00:00:00+08:00,28.932441043114174,29.462338861450984,28.932441043114174,28.985429763793945,206046,0.0,0.0
2020-08-10 00:00:00+08:00,29.30336919880567,29.30336919880567,28.98542892527045,29.144397735595703,120740,0.0,0.0
2020-08-11 00:00:00+08:00,29.35635841568166,29.515327228702187,29.14439822973112,29.197389602661133,140426,0.0,0.0
2020-08-12 00:00:00+08:00,29.409352195878217,29.674301147460938,29.1444032442955,29.674301147460938,187673,0.0,0.0
2020-08-13 00:00:00+08:00,29.9922369154211,30.416154642844088,29.833268099248077,30.098217010498047,542020,0.0,0.0
2020-08-14 00:00:00+08:00,29.939251132087477,30.151208690154718,29.780279647430717,29.833271026611328,271666,0.0,0.0
2020-08-17 00:00:00+08:00,30.045225989672417,30.15120608599507,29.83326844991195,29.88625717163086,224420,0.0,0.0
2020-08-18 00:00:00+08:00,29.886261369881197,29.939252751928866,29.674301147460938,29.674301147460938,148301,0.0,0.0
2020-08-19 00:00:00+08:00,29.8332689406304,29.93924903869629,29.674297467089133,29.93924903869629,232294,0.0,0.0
2020-08-20 00:00:00+08:00,29.99223867215059,29.99223867215059,28.879451587990776,29.40934944152832,332036,0.0,0.0
2020-08-21 00:00:00+08:00,29.674301147460938,29.727292529508606,29.409352195878217,29.674301147460938,77431,0.0,0.0
2020-08-24 00:00:00+08:00,29.56832160495112,29.7802791595459,29.515330226638657,29.7802791595459,95805,0.0,0.0
2020-08-25 00:00:00+08:00,29.88625975290687,29.88625975290687,29.674299541954564,29.833271026611328,139114,0.0,0.0
2020-08-26 00:00:00+08:00,29.88625938927998,30.46914863586426,29.88625938927998,30.469148635864258,514460,0.0,0.0
2020-08-27 00:00:00+08:00,30.628119938111364,30.681108668039627,30.363170982699543,30.57512855529785,328099,0.0,0.0
2020-08-28 00:00:00+08:00,30.363169948024872,30.522138785277793,30.31017856701713,30.41615867614746,139114,0.0,0.0
2020-08-31 00:00:00+08:00,30.628114876109915,30.628114876109915,30.363165964487006,30.52213478088379,199484,0.0,0.0
2020-09-01 00:00:00+08:00,30.681110464204558,31.105030939989256,30.681110464204558,30.946062088012695,409468,0.0,0.0
2020-09-02 00:00:00+08:00,31.052031749323582,31.052031749323582,30.62811403297357,30.681102752685547,152238,0.0,0.0
2020-09-03 00:00:00+08:00,30.89306482956461,30.89306482956461,29.992237969090443,30.257186889648438,473776,0.0,0.0
2020-09-04 00:00:00+08:00,29.99224089251129,30.469150057155204,29.780280674250626,30.41615867614746,175861,0.0,0.0
2020-09-07 00:00:00+08:00,30.787086295539297,30.787086295539297,30.416157257328397,30.469148635864258,143051,0.0,0.0
2020-09-08 00:00:00+08:00,30.734095826248993,30.89306464706772,30.363166809082035,30.36316680908203,501336,0.0,0.0
2020-09-09 00:00:00+08:00,29.992236132006187,30.787082844994234,29.992236132006187,30.681102752685547,335974,0.0,0.0
2020-09-10 00:00:00+08:00,30.787088780781406,30.84008016359492,30.469151095441322,30.57512855529785,345160,0.0,0.0
2020-09-11 00:00:00+08:00,30.628117465701777,30.628117465701777,30.416157257328397,30.469148635864258,224420,0.0,0.0
2020-09-14 00:00:00+08:00,30.787086295539297,30.840077674075157,30.416157257328397,30.469148635864258,402906,0.0,0.0
2020-09-15 00:00:00+08:00,30.57512350205445,30.73409497133604,30.52213478088379,30.52213478088379,397656,0.0,0.0
2020-09-16 00:00:00+08:00,30.62811403297357,30.734094125282258,30.522133940664887,30.681102752685547,392407,0.0,0.0
2020-09-17 00:00:00+08:00,30.734096727095235,31.052034378051758,30.68110535001251,31.052034378051758,944927,0.0,0.0
2020-09-18 00:00:00+08:00,31.105023322962104,31.475952321997575,31.105023322962104,31.369972229003906,1712680,0.0,0.0
2020-09-21 00:00:00+08:00,31.818005228922488,31.98581961230916,30.978922065130103,31.01248550415039,1739289,2.5481,1.195224
2020-09-22 00:00:00+08:00,31.079612139598847,31.079612139598847,30.40834617614746,30.40834617614746,574272,0.0,0.0
2020-09-23 00:00:00+08:00,30.408344666488954,30.408344666488954,29.53569811381131,29.56926155090332,607213,0.0,0.0
2020-09-24 00:00:00+08:00,29.535696256339087,29.535696256339087,28.93155723839125,29.03224754333496,271214,0.0,0.0
2020-09-25 00:00:00+08:00,29.0658137673343,29.401445337637867,29.0658137673343,29.2000675201416,203136,0.0,0.0
2020-09-28 00:00:00+08:00,29.300754054167246,29.636388425087336,29.300754054167246,29.56926155090332,84548,0.0,0.0
2020-09-29 00:00:00+08:00,29.703514099121094,29.770640970592897,29.63638722764929,29.703514099121094,80156,0.0,0.0
2020-09-30 00:00:00+08:00,29.871331394542047,30.274089813232422,29.669950779339615,30.274089813232422,301959,0.0,0.0
2020-10-05 00:00:00+08:00,30.341216558978175,30.743974975996142,30.341216558978175,30.609724044799805,215215,0.0,0.0
2020-10-06 00:00:00+08:00,30.945358276367184,31.079612030931,30.71041420588051,30.945358276367188,333802,0.0,0.0
2020-10-07 00:00:00+08:00,31.213861575022165,31.348112499762,30.743973497432542,30.87822723388672,462273,0.0,0.0
2020-10-08 00:00:00+08:00,30.777545417382758,30.811108860750252,30.542604125525408,30.676855087280273,305254,0.0,0.0
2020-10-12 00:00:00+08:00,30.844666849539777,30.844666849539777,30.542598724365234,30.542598724365234,175685,0.0,0.0
2020-10-13 00:00:00+08:00,30.30765671927658,30.30765671927658,29.93846169418105,30.206966400146484,130666,0.0,0.0
2020-10-14 00:00:00+08:00,30.173398971557617,30.206962406830613,30.13983553628462,30.173398971557617,61490,0.0,0.0
2020-10-15 00:00:00+08:00,30.139838470960964,30.24052878658403,30.005584716796875,30.005584716796875,125176,0.0,0.0
2020-10-16 00:00:00+08:00,30.13983613254197,30.13983613254197,29.703514277075715,29.737077713012695,110901,0.0,0.0
2020-10-19 00:00:00+08:00,29.737081179626067,29.837771499175027,29.602827420227452,29.669954299926758,79058,0.0,0.0
2020-10-20 00:00:00+08:00,29.66994983155766,29.938457309916988,29.66994983155766,29.90489387512207,47215,0.0,0.0
2020-10-21 00:00:00+08:00,29.93846251802768,30.00558658758005,29.804208755493164,29.804208755493164,75764,0.0,0.0
2020-10-22 00:00:00+08:00,29.804201947902,29.804201947902,29.602821350097656,29.602821350097656,107607,0.0,0.0
2020-10-23 00:00:00+08:00,29.669948216032438,29.669948216032438,29.30075045339114,29.602821350097656,226195,0.0,0.0
2020-10-26 00:00:00+08:00,29.602830374764462,29.77064759076188,29.43501315876705,29.502140045166016,11543652,0.0,0.0
2020-10-27 00:00:00+08:00,29.46857106322952,29.636388247685016,29.30075387877402,29.53569793701172,5290337,0.0,0.0
2020-10-28 00:00:00+08:00,29.737076522855737,29.77063995744942,29.53569591529364,29.87133026123047,2644070,0.0,0.0
2020-10-29 00:00:00+08:00,29.5021322361954,29.5021322361954,28.86442979591489,29.468568801879883,4434967,0.0,0.0
2020-10-30 00:00:00+08:00,29.535695049547066,29.535695049547066,29.166500091552734,29.166500091552734,2985559,0.0,0.0
2020-11-02 00:00:00+08:00,29.166504411110775,29.166504411110775,28.83087002530458,28.89799690246582,4842338,0.0,0.0
2020-11-03 00:00:00+08:00,28.89799690246582,29.233631288272015,28.6966162709821,28.89799690246582,953095,0.0,0.0
2020-11-04 00:00:00+08:00,28.86443048736525,28.897993922484787,28.595925818123398,28.696613311767578,3530185,0.0,0.0
2020-11-05 00:00:00+08:00,28.730179535067144,28.931560165327756,28.730179535067144,28.86443328857422,1264937,0.0,0.0
2020-11-06 00:00:00+08:00,28.86443328857422,28.931560165327756,28.730179535067144,28.86443328857422,2288307,0.0,0.0
2020-11-09 00:00:00+08:00,28.931555877248073,29.535694866772975,28.931555877248073,29.132936477661133,69176,0.0,0.0
2020-11-10 00:00:00+08:00,29.334315064617805,29.468568801879883,29.065810401808008,29.468568801879883,147136,0.0,0.0
2020-11-11 00:00:00+08:00,29.535695810585153,30.1062713849406,29.535695810585153,30.03914451599121,216313,0.0,0.0
2020-11-12 00:00:00+08:00,30.206961795452912,30.206961795452912,29.87133026123047,29.87133026123047,126274,0.0,0.0
2020-11-13 00:00:00+08:00,29.87133026123047,29.87133026123047,29.804203392043103,29.87133026123047,62588,0.0,0.0
2020-11-16 00:00:00+08:00,30.07270944042825,30.07270944042825,29.703514454629083,29.770641326904297,189960,0.0,0.0
2020-11-17 00:00:00+08:00,29.770641148949675,29.770641148949675,29.669950841138732,29.737077713012695,94431,0.0,0.0
2020-11-18 00:00:00+08:00,29.737077953809823,29.97201919555664,29.737077953809823,29.97201919555664,74666,0.0,0.0
2020-11-19 00:00:00+08:00,30.07270823738225,30.07270823738225,29.770640135942408,29.90489387512207,61490,0.0,0.0
2020-11-20 00:00:00+08:00,29.938457024281497,30.072707950465905,29.938457024281497,30.03914451599121,73568,0.0,0.0
2020-11-23 00:00:00+08:00,30.039148155337898,30.07271159387892,29.83777033580648,30.005584716796875,148234,0.0,0.0
2020-11-24 00:00:00+08:00,29.77063995744942,30.005581187890815,29.737076522855737,29.87133026123047,93333,0.0,0.0
2020-11-25 00:00:00+08:00,30.03915072357634,30.03915072357634,29.7706460040067,29.93846321105957,127372,0.0,0.0
2020-11-26 00:00:00+08:00,30.07271159387892,30.07271159387892,29.938460651429548,30.005584716796875,82352,0.0,0.0
2020-11-27 00:00:00+08:00,30.173398613523883,30.173398613523883,29.972018004275473,30.106271743774414,127372,0.0,0.0
2020-11-30 00:00:00+08:00,30.20696139706289,30.576159172724168,30.20696139706289,30.341215133666992,294273,0.0,0.0
2020-12-01 00:00:00+08:00,30.878231882127483,32.623522283615266,30.878231882127483,32.52283477783203,2125797,0.0,0.0
2020-12-02 00:00:00+08:00,32.522835060223265,32.5563984996807,31.079612786983432,31.650188446044922,814742,0.0,0.0
2020-12-03 00:00:00+08:00,31.65019120563117,31.65019120563117,31.18030582397257,31.247432708740234,544625,0.0,0.0
2020-12-04 00:00:00+08:00,31.258503692526855,31.258503692526855,31.052854772969237,31.087129592895508,276705,0.879896,0.0
2020-12-07 00:00:00+08:00,31.361325098174316,31.361325098174316,30.058887691187415,30.367361068725586,472155,0.0,0.0
2020-12-08 00:00:00+08:00,30.984304407218826,31.46414900363547,30.847205130725698,31.258502960205078,462273,0.0,0.0
2020-12-09 00:00:00+08:00,31.39560081058709,31.464150451989124,30.984305833484335,31.18995475769043,197646,0.0,0.0
2020-12-10 00:00:00+08:00,31.327049962025217,31.66979815582788,31.189953555813474,31.429874420166016,401881,0.0,0.0
2020-12-11 00:00:00+08:00,31.84117175547728,32.52666526106818,31.258502706421407,31.635522842407227,622586,0.0,0.0
2020-12-14 00:00:00+08:00,31.63552670927587,31.63552670927587,31.292778478931034,31.361328125,187764,0.0,0.0
2020-12-15 00:00:00+08:00,32.046817797238056,32.28674152915312,31.601248023562217,31.635522842407227,583057,0.0,0.0
2020-12-16 00:00:00+08:00,31.94399739753356,32.08109380669231,31.738348476831366,31.80689811706543,395292,0.0,0.0
2020-12-17 00:00:00+08:00,31.875446097534933,31.943995734199596,31.56697273254394,31.566972732543945,247058,0.0,0.0
2020-12-18 00:00:00+08:00,31.738349017597248,31.738349017597248,31.15567993698941,31.18995475769043,284391,0.0,0.0
2020-12-21 00:00:00+08:00,31.224228352603266,31.806897410336912,31.08712907518139,31.704072952270508,279999,0.0,0.0
2020-12-22 00:00:00+08:00,31.841172013991567,32.18391733391508,31.258502960205078,31.258502960205078,499606,0.0,0.0
2020-12-23 00:00:00+08:00,31.327056884765625,31.70407998126417,31.292782057811213,31.327056884765625,158117,0.0,0.0
2020-12-24 00:00:00+08:00,31.327053020361795,31.669801247625617,31.327053020361795,31.60125160217285,227293,0.0,0.0
2020-12-25 00:00:00+08:00,31.669797918219277,31.70407273734239,31.395599365234375,31.395599365234375,254744,0.0,0.0
2020-12-28 00:00:00+08:00,31.66979815582788,31.66979815582788,31.39559960078575,31.429874420166016,155921,0.0,0.0
2020-12-29 00:00:00+08:00,31.327053317816553,31.361328140868377,31.189956896918876,31.224231719970703,202038,0.0,0.0
2020-12-30 00:00:00+08:00,31.224229578391444,31.327051169185058,31.15567993698941,31.18995475769043,135058,0.0,0.0
2020-12-31 00:00:00+08:00,31.189954288197324,31.189954288197324,31.12140464782715,31.12140464782715,117489,0.0,0.0
2021-01-04 00:00:00+08:00,31.12140464782715,31.12140464782715,31.01858018727189,31.12140464782715,169097,0.0,0.0
2021-01-05 00:00:00+08:00,31.189954288197324,31.292775877443194,31.087129827642062,31.12140464782715,120783,0.0,0.0
2021-01-06 00:00:00+08:00,31.189956530942535,31.189956530942535,30.504462949259075,30.607284545898438,379920,0.0,0.0
2021-01-07 00:00:00+08:00,30.81293273502699,30.81293273502699,30.504462209965677,30.778657913208008,137254,0.0,0.0
2021-01-08 00:00:00+08:00,31.258505323468263,31.601250669304648,31.052856393180726,31.46415138244629,518272,0.0,0.0
2021-01-11 00:00:00+08:00,31.635526424899236,31.841175361257527,31.53270195672009,31.60125160217285,364547,0.0,0.0
2021-01-12 00:00:00+08:00,31.738350009445593,31.875449296534114,30.984306801768238,31.0528564453125,300861,0.0,0.0
2021-01-13 00:00:00+08:00,30.950027465820312,31.22422600000449,30.812928198728223,30.950027465820312,208626,0.0,0.0
2021-01-14 00:00:00+08:00,31.25850250447304,31.25850250447304,30.538734184687254,30.915754318237305,157019,0.0,0.0
2021-01-15 00:00:00+08:00,30.915760108522598,30.915760108522598,30.53873990435955,30.64156150817871,261332,0.0,0.0
2021-01-18 00:00:00+08:00,30.641556021442888,30.641556021442888,30.40163516041247,30.538734436035156,160313,0.0,0.0
2021-01-19 00:00:00+08:00,30.64155792737549,30.81293203256347,30.607283106337896,30.675832748413086,96627,0.0,0.0
2021-01-20 00:00:00+08:00,30.675832079528508,30.675832079528508,30.161712646484375,30.161712646484375,213018,0.0,0.0
2021-01-21 00:00:00+08:00,30.161709308655926,30.36735820763932,30.161709308655926,30.23025894165039,106509,0.0,0.0
2021-01-22 00:00:00+08:00,30.12743637605832,30.504459381103516,30.024611920136905,30.504459381103516,146038,0.0,0.0
2021-01-25 00:00:00+08:00,30.504459617129484,30.847204934876913,30.29881070369546,30.538734436035156,55999,0.0,0.0
2021-01-26 00:00:00+08:00,30.607281935501476,30.607281935501476,30.367361068725586,30.367361068725586,77960,0.0,0.0
2021-01-27 00:00:00+08:00,30.435909979318144,30.538734436035156,30.435909979318144,30.538734436035156,76862,0.0,0.0
2021-01-28 00:00:00+08:00,30.435907840633785,30.47018265713102,30.19598412515316,30.23025894165039,79058,0.0,0.0
2021-01-29 00:00:00+08:00,30.195984843591685,30.26453447821712,30.024610757028103,30.05888557434082,148234,0.0,0.0
2021-02-01 00:00:00+08:00,30.161712646484375,30.40163638851602,30.161712646484375,30.161712646484375,85646,0.0,0.0
2021-02-02 00:00:00+08:00,30.230262990191864,30.435911916716474,30.230262990191864,30.264537811279297,45019,0.0,0.0
2021-02-03 00:00:00+08:00,30.264533758147625,30.264533758147625,30.161709308655926,30.23025894165039,54901,0.0,0.0
2021-02-04 00:00:00+08:00,30.2302596609044,30.2302596609044,29.990335939715386,30.05888557434082,109803,0.0,0.0
2021-02-05 00:00:00+08:00,30.23025894165039,30.607279051810867,30.23025894165039,30.23025894165039,197646,0.0,0.0
2021-02-17 00:00:00+08:00,30.298809534772587,30.33308435235594,30.058885811689105,30.09316062927246,393096,0.0,0.0
2021-02-18 00:00:00+08:00,30.09316953223311,30.573017120361328,30.024619876786222,30.573017120361328,254744,0.0,0.0
2021-02-19 00:00:00+08:00,30.607284545898438,30.607284545898438,30.333088836010813,30.607284545898438,126274,0.0,0.0
2021-02-22 00:00:00+08:00,30.915757158223975,31.15568091062889,30.641558584046926,31.0528564453125,232783,0.0,0.0
2021-02-23 00:00:00+08:00,31.01858018727189,31.155679468012238,30.847206086346453,31.12140464782715,154823,0.0,0.0
2021-02-24 00:00:00+08:00,31.361323587236516,32.32101562203172,31.361323587236516,31.532697677612305,647841,0.0,0.0
2021-02-25 00:00:00+08:00,31.806894779191104,32.08109044004338,31.669795513110422,31.875444412231445,395292,0.0,0.0
2021-02-26 00:00:00+08:00,31.60124942940851,31.90972281273666,31.395600507189744,31.84117317199707,312940,0.0,0.0
2021-03-02 00:00:00+08:00,32.18392282501683,32.25247247495908,31.875452271586493,31.909727096557617,483135,0.0,0.0
2021-03-03 00:00:00+08:00,32.1496481379144,32.56094603933169,31.909727233397447,32.35529708862305,475449,0.0,0.0
2021-03-04 00:00:00+08:00,32.56094451150228,33.00651434582078,32.38957039395298,32.835140228271484,482037,0.0,0.0
2021-03-05 00:00:00+08:00,32.93796562352593,33.21216421930286,32.93796562352593,32.97224044799805,440312,0.0,0.0
2021-03-08 00:00:00+08:00,32.97224106943918,32.97224106943918,32.35529708862305,32.35529708862305,395292,0.0,0.0
2021-03-09 00:00:00+08:00,32.56094603933169,32.80086694384864,32.08109848767818,32.35529708862305,278901,0.0,0.0
2021-03-10 00:00:00+08:00,32.355293507532856,32.59521725680481,32.3210186862083,32.38956832885742,121881,0.0,0.0
2021-03-11 00:00:00+08:00,32.218190663857555,32.56093883924796,32.218190663857555,32.4238395690918,171293,0.0,0.0
2021-03-12 00:00:00+08:00,32.355287781518946,32.355287781518946,32.081089259448184,32.11536407470703,256940,0.0,0.0
2021-03-15 00:00:00+08:00,32.01254510773217,32.08109474998182,31.841173873417517,31.943998336791992,261332,0.0,0.0
2021-03-16 00:00:00+08:00,32.14964341403528,32.32101751444512,31.94399736485286,32.21819305419922,220705,0.0,0.0
2021-03-17 00:00:00+08:00,32.08109447319039,32.458117502310564,32.08109447319039,32.32101821899414,144940,0.0,0.0
2021-03-18 00:00:00+08:00,32.32101821899414,32.38956786065235,32.252468577335925,32.32101821899414,111999,0.0,0.0
2021-03-19 00:00:00+08:00,32.32101751444512,32.32101751444512,32.14964341403528,32.21819305419922,157019,0.0,0.0
2021-03-22 00:00:00+08:00,32.218188520483565,32.218188520483565,32.0125396289305,32.11536407470703,151528,0.0,0.0
2021-03-23 00:00:00+08:00,32.11536407470703,32.218188520483565,32.04681444418934,32.11536407470703,103215,0.0,0.0
2021-03-24 00:00:00+08:00,32.218188760667395,32.25246357618175,32.08108949860995,32.14963912963867,148234,0.0,0.0
2021-03-25 00:00:00+08:00,32.14964988989324,32.14964988989324,31.978275754963754,32.04682540893555,124078,0.0,0.0
2021-03-26 00:00:00+08:00,32.012550581949654,32.11537506290734,32.012550581949654,32.04682540893555,122980,0.0,0.0
2021-03-29 00:00:00+08:00,32.21819163604912,32.21819163604912,32.012542724609375,32.012542724609375,197646,0.0,0.0
2021-03-30 00:00:00+08:00,32.115369061159555,32.2867431640625,32.04681941999838,32.2867431640625,118587,0.0,0.0
2021-03-31 00:00:00+08:00,32.35529017065428,32.5609390773926,32.35529017065428,32.45811462402344,221803,0.0,0.0
2021-04-01 00:00:00+08:00,32.76658582874066,32.76658582874066,32.458115333202585,32.56093978881836,186666,0.0,0.0
2021-04-07 00:00:00+08:00,32.83514472315819,33.04079369236916,32.56094896885362,32.93796920776367,239371,0.0,0.0
2021-04-08 00:00:00+08:00,33.040786665462306,33.794829854227295,33.040786665462306,33.726280212402344,478743,0.0,0.0
2021-04-09 00:00:00+08:00,34.411774065273526,36.33115543950763,34.411774065273526,35.16581726074219,1662426,0.0,0.0
2021-04-12 00:00:00+08:00,35.645659883826895,36.60535195268121,35.16581528505439,36.262603759765625,1071683,0.0,0.0
2021-04-13 00:00:00+08:00,36.87954620411227,36.87954620411227,35.16581391998605,35.2343635559082,690664,0.0,0.0
2021-04-14 00:00:00+08:00,35.302907425383424,36.12549717946741,34.034742239277406,34.96015930175781,621488,0.0,0.0
2021-04-15 00:00:00+08:00,35.09726522540899,35.85130836946769,35.02871558764826,35.50856018066406,320626,0.0,0.0
2021-04-16 00:00:00+08:00,35.85131362055334,36.19405898824906,35.71421432495117,35.71421432495117,387606,0.0,0.0
2021-04-19 00:00:00+08:00,36.05695290643537,39.27877426147461,36.05695290643537,39.27877426147461,2186189,0.0,0.0
2021-04-20 00:00:00+08:00,43.18609025765511,43.18609025765511,39.00457936597363,40.64976501464844,4179125,0.0,0.0
2021-04-21 00:00:00+08:00,40.238465720682605,41.678002393709754,39.073127603016566,41.129608154296875,1458191,0.0,0.0
2021-04-22 00:00:00+08:00,41.47235412837284,42.843341184086455,38.524733968505124,39.14167785644531,1986347,0.0,0.0
2021-04-23 00:00:00+08:00,39.14168074135406,39.484426094889564,38.52473680794247,39.004581451416016,572076,0.0,0.0
2021-04-26 00:00:00+08:00,39.14167637351842,41.4038029198261,38.867477824240275,40.30701446533203,1335211,0.0,0.0
2021-04-27 00:00:00+08:00,40.444116712769784,40.444116712769784,39.278778535299324,39.48442459106445,397489,0.0,0.0
2021-04-28 00:00:00+08:00,38.73038007598208,39.27877719615095,38.04488654708038,38.45618438720703,867448,0.0,0.0
2021-04-29 00:00:00+08:00,38.45618438720703,38.867479356024305,37.83924049832643,38.45618438720703,570978,0.0,0.0
2021-05-03 00:00:00+08:00,38.52473421666793,38.593283857026115,36.39970397949219,36.39970397949219,843291,0.0,0.0
2021-05-04 00:00:00+08:00,36.605355086395896,37.1537493706985,33.65773186021874,34.61742401123047,926742,0.0,0.0
2021-05-05 00:00:00+08:00,34.61742206869562,36.05695590747034,34.61742206869562,35.028717041015625,445802,0.0,0.0
2021-05-06 00:00:00+08:00,35.16580817593318,35.71420230242541,34.548864424715816,34.96015930175781,335999,0.0,0.0
2021-05-07 00:00:00+08:00,35.09726761830781,35.714211528907725,34.68596976370156,35.16581726074219,221803,0.0,0.0
2021-05-10 00:00:00+08:00,35.23437011663407,35.78276443481445,35.23437011663407,35.78276443481445,227293,0.0,0.0
2021-05-11 00:00:00+08:00,35.09726761830781,35.234366903176564,33.79483015467362,35.16581726074219,592939,0.0,0.0
2021-05-12 00:00:00+08:00,34.96017327141806,34.96017327141806,31.704079152422825,32.629493713378906,737880,0.0,0.0
2021-05-13 00:00:00+08:00,31.052854004741285,32.663761887495006,30.6415561758013,32.081092834472656,357959,0.0,0.0
2021-05-14 00:00:00+08:00,32.663761887495006,33.006510078278325,31.806897153155294,32.081092834472656,252548,0.0,0.0
2021-05-17 00:00:00+08:00,30.093163005903904,31.429875254604294,29.78469249460118,30.161712646484375,554508,0.0,0.0
2021-05-18 00:00:00+08:00,29.853244694828444,31.73835135849412,29.818969871599453,31.669801712036133,418351,0.0,0.0
2021-05-19 00:00:00+08:00,31.806901622436275,32.28674628564801,31.224232487541375,32.183921813964844,163607,0.0,0.0
2021-05-20 00:00:00+08:00,31.944004603690644,31.944004603690644,31.498431841653723,31.73835563659668,117489,0.0,0.0
2021-05-21 00:00:00+08:00,32.355293039823245,32.52666714396878,31.66979949455056,32.32101821899414,153725,0.0,0.0
2021-05-24 00:00:00+08:00,32.25246885560595,32.76658830116886,31.875448694542342,31.943998336791992,417253,0.0,0.0
2021-05-25 00:00:00+08:00,32.18391850438561,32.32101778586479,31.60124942940851,31.84117317199707,423841,0.0,0.0
2021-05-26 00:00:00+08:00,31.806898117065433,32.11536862680934,31.53269955612917,31.80689811706543,241567,0.0,0.0
2021-05-27 00:00:00+08:00,31.806893845804062,32.14963912963867,31.66979458374662,32.14963912963867,110901,0.0,0.0
2021-05-28 00:00:00+08:00,32.49238728478228,32.903682199645615,31.978265052066867,32.14963912963867,674194,0.0,0.0
2021-05-31 00:00:00+08:00,32.11536718032925,32.35529091034228,31.772621865905595,32.012542724609375,647841,0.0,0.0
2021-06-01 00:00:00+08:00,32.183917019473974,32.76658606756771,31.90972134047595,32.7323112487793,279999,0.0,0.0
2021-06-02 00:00:00+08:00,33.040787210072494,33.3149829105824,32.595217402175464,33.109336853027344,427136,0.0,0.0
2021-06-03 00:00:00+08:00,33.417810993368896,33.45208581855747,33.040790787604394,33.07506561279297,202038,0.0,0.0
2021-06-04 00:00:00+08:00,33.00651434582078,33.00651434582078,32.59521933501214,32.835140228271484,191058,0.0,0.0
2021-06-07 00:00:00+08:00,32.83513813476726,32.83513813476726,31.738349595000198,32.38956832885742,157019,0.0,0.0
2021-06-08 00:00:00+08:00,32.7323202385527,33.10934334877281,32.62949575394722,32.93796920776367,125176,0.0,0.0
2021-06-09 00:00:00+08:00,32.97224044799805,33.45208511929793,32.93796562352593,32.97224044799805,210822,0.0,0.0
2021-06-10 00:00:00+08:00,33.040791701834785,33.21216583251953,32.83514274501309,33.21216583251953,131764,0.0,0.0
2021-06-11 00:00:00+08:00,33.65773207072586,33.65773207072586,33.1093377829934,33.246437072753906,119685,0.0,0.0
2021-06-15 00:00:00+08:00,33.31498282284538,33.966204429201426,33.31498282284538,33.794830322265625,196548,0.0,0.0
2021-06-16 00:00:00+08:00,33.79482796289198,34.00047400554835,33.383530134960665,33.45207977294922,170195,0.0,0.0
2021-06-17 00:00:00+08:00,33.24643489675183,33.62345504760742,33.24643489675183,33.62345504760742,47215,0.0,0.0
2021-06-18 00:00:00+08:00,33.6234538679206,33.726278324903426,33.45207977294922,33.45207977294922,103215,0.0,0.0
2021-06-21 00:00:00+08:00,33.45208418013928,33.45208418013928,32.76659058125176,32.835140228271484,220705,0.0,0.0
2021-06-22 00:00:00+08:00,32.97223329439498,33.45207786158855,32.97223329439498,33.0407829284668,126274,0.0,0.0
2021-06-23 00:00:00+08:00,33.38353349120484,33.38353349120484,33.17788742787366,33.246437072753906,74666,0.0,0.0
2021-06-24 00:00:00+08:00,33.38353101585744,34.27467346191406,33.34925619595875,34.27467346191406,432626,0.0,0.0
2021-06-25 00:00:00+08:00,34.27467577658215,36.33115649545565,34.27467577658215,34.754520416259766,889409,0.0,0.0
2021-06-28 00:00:00+08:00,35.16581702324302,37.49649336503323,34.617422758781174,37.22229766845703,1461485,0.0,0.0
2021-06-29 00:00:00+08:00,38.25053565523517,38.25053565523517,36.05695577770123,36.39970397949219,1316545,0.0,0.0
2021-06-30 00:00:00+08:00,36.9480987067311,37.49649296534746,36.46825408935547,36.46825408935547,1072781,0.0,0.0
2021-07-01 00:00:00+08:00,37.49649205502839,37.70214097375793,35.645660400390625,35.645660400390625,865252,0.0,0.0
2021-07-02 00:00:00+08:00,36.05695781222358,36.4682556775803,34.960169247224755,35.44001388549805,417253,0.0,0.0
2021-07-05 00:00:00+08:00,35.91985895869667,36.26260428526988,35.44001148166109,35.645660400390625,368940,0.0,0.0
2021-07-06 00:00:00+08:00,35.64565850013192,35.714208136054076,34.96016501221959,35.2343635559082,271214,0.0,0.0
2021-07-07 00:00:00+08:00,36.05695152583262,37.016643506370144,35.988404764866914,36.33115005493164,1208937,0.0,0.0
2021-07-08 00:00:00+08:00,36.468252675514975,36.60535195268121,35.37146132949442,36.262603759765625,363449,0.0,0.0
2021-07-09 00:00:00+08:00,35.71421478612819,36.33115875299484,35.71421478612819,35.78276443481445,208626,0.0,0.0
2021-07-12 00:00:00+08:00,36.33115005493164,36.74244497727113,35.988404764866914,36.33115005493164,398587,0.0,0.0
2021-07-13 00:00:00+08:00,36.879548170149135,36.879548170149135,35.57711076081411,35.645660400390625,274509,0.0,0.0
2021-07-14 00:00:00+08:00,35.44001389765848,35.6456628304074,34.96016925922054,35.30291748046875,250352,0.0,0.0
2021-07-15 00:00:00+08:00,35.30292067183241,35.98841430498751,35.30292067183241,35.919864654541016,151528,0.0,0.0
2021-07-16 00:00:00+08:00,35.645658951063105,36.19405317406852,35.645658951063105,35.988407135009766,91136,0.0,0.0
2021-07-19 00:00:00+08:00,36.468255023090286,37.016649295747754,36.1940564511068,36.60535430908203,343685,0.0,0.0
2021-07-20 00:00:00+08:00,35.988407135009766,36.331152447647185,35.78275822464177,35.988407135009766,273410,0.0,0.0
2021-07-21 00:00:00+08:00,36.33115875299484,36.67390412511643,35.57711548875566,35.78276443481445,279999,0.0,0.0
2021-07-22 00:00:00+08:00,35.851312689306575,35.988411981347554,35.44001481318363,35.57711410522461,199842,0.0,0.0
2021-07-23 00:00:00+08:00,35.98840900865243,36.46825361985038,35.98840900865243,36.39970397949219,193254,0.0,0.0
2021-07-26 00:00:00+08:00,36.605354862968134,36.605354862968134,36.12550735473633,36.12550735473633,80156,0.0,0.0
2021-07-27 00:00:00+08:00,36.26260428526988,36.26260428526988,35.5085611212376,35.645660400390625,165803,0.0,0.0
2021-07-28 00:00:00+08:00,36.05695536654034,36.46825320399942,35.02871651551137,35.645660400390625,240469,0.0,0.0
2021-07-29 00:00:00+08:00,35.71421282150158,36.39970639934573,35.71421282150158,36.19405746459961,181175,0.0,0.0
2021-07-30 00:00:00+08:00,36.19405699876944,36.536805218935015,36.12550735473633,36.12550735473633,203136,0.0,0.0
2021-08-02 00:00:00+08:00,36.125505813281066,37.15374755859375,36.125505813281066,37.15374755859375,493018,0.0,0.0
2021-08-03 00:00:00+08:00,37.01664639438654,37.56504062406092,36.74244784389471,36.879547119140625,214117,0.0,0.0
2021-08-04 00:00:00+08:00,36.87955000006705,37.01664928602277,36.605354299465105,36.74245071411133,117489,0.0,0.0
2021-08-05 00:00:00+08:00,37.016643506370144,37.016643506370144,36.33115005493164,36.33115005493164,93333,0.0,0.0
2021-08-06 00:00:00+08:00,36.673900141768215,37.016648347971824,36.46825408935547,36.46825408935547,148234,0.0,0.0
2021-08-09 00:00:00+08:00,37.222296729213824,37.222296729213824,36.74244924752209,37.08519744873047,427136,0.0,0.0
2021-08-10 00:00:00+08:00,37.290844944878366,37.290844944878366,36.331152889466246,36.879547119140625,233881,0.0,0.0
2021-08-11 00:00:00+08:00,37.290848330905696,37.290848330905696,36.60535476374225,36.81100082397461,279999,0.0,0.0
2021-08-12 00:00:00+08:00,36.81100027849973,37.29084777832031,36.67390099283671,37.29084777832031,176783,0.0,0.0
2021-08-13 00:00:00+08:00,37.290845896355194,37.56504158253386,36.94809769949518,37.01664733886719,194352,0.0,0.0
2021-08-16 00:00:00+08:00,37.63359321140109,37.63359321140109,36.60535430908203,36.60535430908203,295371,0.0,0.0
2021-08-17 00:00:00+08:00,36.74245089949012,37.15374875943243,35.302917003620564,35.371463775634766,503998,0.0,0.0
2021-08-18 00:00:00+08:00,35.02872071825002,35.919863268354426,34.48032640715104,35.71421432495117,484233,0.0,0.0
2021-08-19 00:00:00+08:00,35.64566293538416,35.64566293538416,34.480324722327424,34.61742401123047,466665,0.0,0.0
2021-08-20 00:00:00+08:00,34.61742113755419,35.165815376333256,34.343222582509995,34.89161682128906,216313,0.0,0.0
2021-08-23 00:00:00+08:00,35.30291456222062,36.33115339834874,35.30291456222062,36.262603759765625,399685,0.0,0.0
2021-08-24 00:00:00+08:00,36.2626046987758,36.60535290056676,35.98840900865243,36.39970397949219,519371,0.0,0.0
2021-08-25 00:00:00+08:00,36.454479186402935,37.1843376159668,36.454479186402935,37.1843376159668,629000,0.980358,1.098036
2021-08-26 00:00:00+08:00,37.18433371464127,38.106256970286836,36.91543698947585,37.7989501953125,288000,0.0,0.0
2021-08-27 00:00:00+08:00,37.79895324880333,38.067847064968085,37.68371136717684,37.91419219970703,269000,0.0,0.0
2021-08-30 00:00:00+08:00,37.914183692489196,38.298319304087755,37.914183692489196,37.99101257324219,190000,0.0,0.0
2021-08-31 00:00:00+08:00,38.183085239748415,38.22149821965382,37.79894957924938,38.0294303894043,133000,0.0,0.0
2021-09-01 00:00:00+08:00,38.375158969149744,38.41357195496011,37.99102324960014,38.10626220703125,154000,0.0,0.0
2021-09-02 00:00:00+08:00,37.9910200767718,38.33674278163792,37.64529737190568,37.87577819824219,181000,0.0,0.0
2021-09-03 00:00:00+08:00,37.91418913690692,37.95260504816095,37.722121303527,37.7989501953125,86000,0.0,0.0
2021-09-06 00:00:00+08:00,38.14467157540683,38.14467157540683,37.530052185058594,37.530052185058594,152000,0.0,0.0
2021-09-07 00:00:00+08:00,37.56846996715101,37.56846996715101,36.646543766408655,36.8386116027832,207000,0.0,0.0
2021-09-08 00:00:00+08:00,36.87702329225374,36.87702329225374,36.5697135925293,36.5697135925293,69000,0.0,0.0
2021-09-09 00:00:00+08:00,36.8001958331115,36.87702178955078,36.49288614590963,36.87702178955078,36000,0.0,0.0
2021-09-10 00:00:00+08:00,36.80019685316244,36.95384877030002,36.80019685316244,36.915435791015625,81000,0.0,0.0
2021-09-13 00:00:00+08:00,36.723368979676316,37.107504644590755,36.723368979676316,36.95384979248047,90000,0.0,0.0
2021-09-14 00:00:00+08:00,36.95384774599006,37.107502589591,36.8001958331115,36.87702178955078,74000,0.0,0.0
2021-09-15 00:00:00+08:00,37.222746108049414,37.222746108049414,36.569713726424595,36.68495559692383,178000,0.0,0.0
2021-09-16 00:00:00+08:00,36.68495354955768,36.80019541362533,36.60812759399414,36.60812759399414,130000,0.0,0.0
2021-09-17 00:00:00+08:00,36.684956617394555,36.87702445308772,36.531301762695506,36.72336959838867,64000,0.0,0.0
2021-09-22 00:00:00+08:00,36.49288708771099,36.49288708771099,35.801441739023275,36.185577392578125,129000,0.0,0.0
2021-09-23 00:00:00+08:00,36.262401429350625,36.64653703150323,35.95509177533971,36.147159576416016,132000,0.0,0.0
2021-09-24 00:00:00+08:00,36.18558466566146,36.68496228794363,35.57096808258398,35.916690826416016,216000,0.0,0.0
2021-09-27 00:00:00+08:00,35.91668421862161,36.18557800839716,35.87827123875689,35.95509719848633,92000,0.0,0.0
2021-09-28 00:00:00+08:00,35.87826980214693,35.87826980214693,35.532547135762606,35.647789001464844,143000,0.0,0.0
2021-09-29 00:00:00+08:00,35.37889262273643,35.57096044688888,35.10999884121197,35.186824798583984,173000,0.0,0.0
2021-09-30 00:00:00+08:00,35.455724456319444,35.455724456319444,35.03317286350261,35.26365661621094,72000,0.0,0.0
2021-10-01 00:00:00+08:00,35.26365416352485,35.26365416352485,34.57220881493713,34.841102600097656,140000,0.0,0.0
2021-10-04 00:00:00+08:00,34.84109668898343,34.84109668898343,33.88075771816556,34.149654388427734,263000,0.0,0.0
2021-10-05 00:00:00+08:00,34.14965908686432,34.14965908686432,33.41980078248174,34.07283020019531,240000,0.0,0.0
2021-10-06 00:00:00+08:00,34.0728336228825,34.53379819703431,33.68869794311732,33.80393981933594,223000,0.0,0.0
2021-10-07 00:00:00+08:00,33.803936561841645,34.264898160850535,33.7655235837113,34.188072204589844,195000,0.0,0.0
2021-10-08 00:00:00+08:00,34.18807614528485,34.49538586719448,34.18807614528485,34.30331802368164,72000,0.0,0.0
2021-10-12 00:00:00+08:00,34.3033182834481,34.45697021484375,33.95759557636242,34.45697021484375,106000,0.0,0.0
2021-10-13 00:00:00+08:00,34.264899936842774,34.264899936842774,33.95759316514955,34.11124801635742,92000,0.0,0.0
2021-10-14 00:00:00+08:00,34.072833516524874,34.95634674951599,33.803939713817655,34.418556213378906,148000,0.0,0.0
2021-10-15 00:00:00+08:00,34.57220473948449,34.72585956891551,34.4569628847307,34.68744659423828,61000,0.0,0.0
2021-10-18 00:00:00+08:00,34.64903436203991,34.64903436203991,34.26489871310057,34.572208404541016,57000,0.0,0.0
2021-10-19 00:00:00+08:00,34.61062507696214,34.61062507696214,34.18807640417863,34.45697021484375,90000,0.0,0.0
2021-10-20 00:00:00+08:00,34.49538586719448,34.5337988497525,34.18807614528485,34.30331802368164,77000,0.0,0.0
2021-10-21 00:00:00+08:00,34.2649030043121,34.38014488571535,34.0344221722284,34.22649002075195,179000,0.0,0.0
2021-10-22 00:00:00+08:00,34.380142704985516,34.380142704985516,33.95759405118049,34.034420013427734,134000,0.0,0.0
2021-10-25 00:00:00+08:00,34.034420013427734,34.18807486864482,33.84235217708703,34.034420013427734,111000,0.0,0.0
2021-10-26 00:00:00+08:00,34.03442318328622,34.30331993764096,34.03442318328622,34.2649040222168,83000,0.0,0.0
2021-10-27 00:00:00+08:00,34.26489932086516,34.38014118988001,34.226486341434374,34.34172821044922,74000,0.0,0.0
2021-10-28 00:00:00+08:00,35.11000065319814,35.993510931462886,35.11000065319814,35.83985900878906,586000,0.0,0.0
2021-10-29 00:00:00+08:00,35.95509719848633,36.070339068802994,35.76302936844022,35.95509719848633,192000,0.0,0.0
2021-11-01 00:00:00+08:00,35.95509665279735,35.95509665279735,35.45572206068997,35.570960998535156,193000,0.0,0.0
2021-11-02 00:00:00+08:00,35.801446412284314,35.801446412284314,35.37889772436203,35.455726623535156,133000,0.0,0.0
2021-11-03 00:00:00+08:00,35.87827198945752,36.10875280419082,35.570962282664745,35.83985900878906,121000,0.0,0.0
2021-11-04 00:00:00+08:00,36.03193055756668,36.03193055756668,35.686207834463154,35.7246208190918,90000,0.0,0.0
2021-11-05 00:00:00+08:00,35.955103272623674,36.8386166123826,35.8782772999155,36.262413024902344,282000,0.0,0.0
2021-11-08 00:00:00+08:00,36.30081832408905,37.107502589591,36.30081832408905,36.87702178955078,446000,0.0,0.0
2021-11-09 00:00:00+08:00,36.877018560621174,37.06908636562441,36.416057000902256,36.64653778076172,209000,0.0,0.0
2021-11-10 00:00:00+08:00,36.41606180672229,36.83861044734864,36.14716508579825,36.68495559692383,136000,0.0,0.0
2021-11-11 00:00:00+08:00,36.87702445308772,36.99226632679266,36.64654363640044,36.72336959838867,154000,0.0,0.0
2021-11-12 00:00:00+08:00,37.107504644590755,37.107504644590755,36.8770238317866,36.95384979248047,115000,0.0,0.0
2021-11-15 00:00:00+08:00,37.26115757321565,37.26115757321565,36.83860894976696,36.99226379394531,121000,0.0,0.0
2021-11-16 00:00:00+08:00,36.95384451033362,37.030673390768186,36.262402170755244,36.64653778076172,133000,0.0,0.0
2021-11-17 00:00:00+08:00,36.95384451033362,36.95384451033362,36.64653778076172,36.64653778076172,105000,0.0,0.0
2021-11-18 00:00:00+08:00,36.49288295061471,36.915431535477396,36.49288295061471,36.64653778076172,57000,0.0,0.0
2021-11-19 00:00:00+08:00,36.53129856723367,36.64654043085818,36.3776437259751,36.49288558959961,93000,0.0,0.0
2021-11-22 00:00:00+08:00,36.83860558576495,36.83860558576495,36.45446997575848,36.64653778076172,74000,0.0,0.0
2021-11-23 00:00:00+08:00,36.60812950303672,36.64654248282166,36.49288763295943,36.5697135925293,59000,0.0,0.0
2021-11-24 00:00:00+08:00,36.60813078527826,36.877024583913595,36.531301892294884,36.8386116027832,191000,0.0,0.0
2021-11-25 00:00:00+08:00,36.80019685316244,36.915435791015625,36.761780943155586,36.915435791015625,118000,0.0,0.0
2021-11-26 00:00:00+08:00,36.99226309100938,36.99226309100938,36.33923074834104,36.49288558959961,173000,0.0,0.0
2021-11-29 00:00:00+08:00,36.262410351254175,36.41606521606445,35.7246197897796,36.41606521606445,175000,0.0,0.0
2021-11-30 00:00:00+08:00,36.7233663861263,36.7233663861263,36.10874995181435,36.49288558959961,169000,0.0,0.0
2021-12-01 00:00:00+08:00,36.492887766573446,36.7233685768494,36.492887766573446,36.68495559692383,63000,0.0,0.0
2021-12-02 00:00:00+08:00,36.64653778076172,36.72336373047416,36.49288295061471,36.64653778076172,70000,0.0,0.0
2021-12-03 00:00:00+08:00,36.72336796387119,37.03067765959127,36.56971311601115,36.915435791015625,97000,0.0,0.0
2021-12-06 00:00:00+08:00,36.83861440006284,36.87702738411006,36.56971765028668,36.800201416015625,63000,0.0,0.0
2021-12-07 00:00:00+08:00,36.8770238317866,37.184333536007166,36.8770238317866,36.95384979248047,125000,0.0,0.0
2021-12-08 00:00:00+08:00,36.992265835906245,37.18433366905068,36.877023963730565,37.069091796875,95000,0.0,0.0
2021-12-09 00:00:00+08:00,37.069091796875,37.069091796875,36.877023963730565,37.069091796875,78000,0.0,0.0
2021-12-10 00:00:00+08:00,37.06908961137136,37.06908961137136,36.76177992416949,36.87702178955078,88000,0.0,0.0
2021-12-13 00:00:00+08:00,37.06909166424382,37.06909166424382,36.76178196002325,36.95384979248047,70000,0.0,0.0
2021-12-14 00:00:00+08:00,36.992264680306874,37.10750361816006,36.684954984586795,36.915435791015625,81000,0.0,0.0
2021-12-15 00:00:00+08:00,36.992264680306874,36.992264680306874,36.72336796387119,36.915435791015625,17000,0.0,0.0
2021-12-16 00:00:00+08:00,36.99226365493208,36.99226365493208,36.68495396773021,36.87702178955078,53000,0.0,0.0
2021-12-17 00:00:00+08:00,36.87702178955078,36.99226365493208,36.8001958331115,36.87702178955078,68000,0.0,0.0
2021-12-20 00:00:00+08:00,36.99226570354995,37.03067868389688,36.8770238317866,36.95384979248047,66000,0.0,0.0
2021-12-21 00:00:00+08:00,36.95384788485893,37.030676772309306,36.83860894976696,36.99226379394531,122000,0.0,0.0
2021-12-22 00:00:00+08:00,36.992264815984875,37.107503754260726,36.91543592641184,37.030677795410156,233000,0.0,0.0
2021-12-23 00:00:00+08:00,37.177639163666726,37.29566461558472,37.0202728949467,37.21697998046875,179000,1.136775,0.0
2021-12-24 00:00:00+08:00,37.374344799401186,37.374344799401186,37.05961227416992,37.05961227416992,59000,0.0,0.0
2021-12-27 00:00:00+08:00,37.05961720682854,37.21698349038972,37.0202763863163,37.138301849365234,44000,0.0,0.0
2021-12-28 00:00:00+08:00,37.33500895343866,37.33500895343866,37.0202763863163,37.138301849365234,70000,0.0,0.0
2021-12-29 00:00:00+08:00,37.138301849365234,37.138301849365234,36.98093556580405,37.138301849365234,142000,0.0,0.0
2021-12-30 00:00:00+08:00,37.13829690623364,37.13829690623364,36.98093064361801,37.05961227416992,74000,0.0,0.0
2022-01-03 00:00:00+08:00,37.13829627170288,37.13829627170288,36.90224838256836,36.90224838256836,126000,0.0,0.0
2022-01-04 00:00:00+08:00,36.94158919717215,36.980930011775946,36.823563751849015,36.90224838256836,57000,0.0,0.0
2022-01-05 00:00:00+08:00,36.82356262207031,36.862903435467096,36.78422180867353,36.82356262207031,71000,0.0,0.0
2022-01-06 00:00:00+08:00,36.784225774391714,36.86290740966797,36.74488495675359,36.86290740966797,95000,0.0,0.0
2022-01-07 00:00:00+08:00,36.980930011775946,37.05961164098353,36.74488212264143,36.90224838256836,115000,0.0,0.0
2022-01-10 00:00:00+08:00,36.980926513671875,37.0596081354368,36.862901079513016,36.980926513671875,92000,0.0,0.0
2022-01-11 00:00:00+08:00,37.05961164098353,37.05961164098353,36.90224838256836,36.90224838256836,61000,0.0,0.0
2022-01-12 00:00:00+08:00,36.980930170241116,36.980930170241116,36.90224854069638,36.94158935546875,67000,0.0,0.0
2022-01-13 00:00:00+08:00,36.94158570278941,36.980926513671875,36.902244891906946,36.980926513671875,48000,0.0,0.0
2022-01-14 00:00:00+08:00,36.94158919717215,36.94158919717215,36.823563751849015,36.90224838256836,40000,0.0,0.0
2022-01-17 00:00:00+08:00,36.980930170241116,36.980930170241116,36.90224854069638,36.94158935546875,62000,0.0,0.0
2022-01-18 00:00:00+08:00,37.0202763863163,37.49237523699984,36.98093556580405,37.138301849365234,88000,0.0,0.0
2022-01-19 00:00:00+08:00,37.13829292124766,37.13829292124766,36.98092667551763,37.020267486572266,38000,0.0,0.0
2022-01-20 00:00:00+08:00,36.94158806377233,36.980928877169106,36.744880995276745,36.82356262207031,47000,0.0,0.0
2022-01-21 00:00:00+08:00,36.7448843350389,36.902250604440795,36.66619969958197,36.705543518066406,90000,0.0,0.0
2022-01-24 00:00:00+08:00,36.66619712382549,36.66619712382549,36.19410135029589,36.46949005126953,131000,0.0,0.0
2022-01-25 00:00:00+08:00,36.23344421386719,36.312128848247006,36.15476258099926,36.23344421386719,124000,0.0,0.0
2022-01-26 00:00:00+08:00,36.23344421386719,36.35146966468097,36.194103397433224,36.23344421386719,99000,0.0,0.0
2022-02-07 00:00:00+08:00,36.430149602787566,36.94158919717215,36.430149602787566,36.90224838256836,59000,0.0,0.0
2022-02-08 00:00:00+08:00,36.902244891906946,36.980926513671875,36.74487864686562,36.980926513671875,53000,0.0,0.0
2022-02-09 00:00:00+08:00,37.21698333751678,37.374349620431566,37.059617054602,37.098960876464844,53000,0.0,0.0
2022-02-10 00:00:00+08:00,37.29566461558472,37.29566461558472,37.059613711748725,37.21697998046875,20000,0.0,0.0
2022-02-11 00:00:00+08:00,37.335000703067216,37.531707763671875,37.177634454281176,37.531707763671875,91000,0.0,0.0
2022-02-14 00:00:00+08:00,37.49236915721249,37.49236915721249,36.98092956895208,37.33500289916992,89000,0.0,0.0
2022-02-15 00:00:00+08:00,37.13830169681549,37.177642517166134,37.098960876464844,37.098960876464844,44000,0.0,0.0
2022-02-16 00:00:00+08:00,37.21698349038972,37.295668132926416,37.138301849365234,37.138301849365234,77000,0.0,0.0
2022-02-17 00:00:00+08:00,37.13829598475958,37.57105094508121,37.13829598475958,37.37434387207031,47000,0.0,0.0
2022-02-18 00:00:00+08:00,37.37434151488584,37.76775563609516,37.29565989124859,37.531707763671875,118000,0.0,0.0
2022-02-21 00:00:00+08:00,37.728417887606646,38.12183204075894,37.61039244105625,37.88578414916992,145000,0.0,0.0
2022-02-22 00:00:00+08:00,37.88578317708743,37.88578317708743,37.53170984803292,37.846439361572266,95000,0.0,0.0
2022-02-23 00:00:00+08:00,37.8464425438331,38.554589261485575,37.8464425438331,38.2398567199707,215000,0.0,0.0
2022-02-24 00:00:00+08:00,40.993752728869545,41.70189939082791,39.734828664845466,40.20692443847656,1332000,0.0,0.0
2022-02-25 00:00:00+08:00,40.91507277715774,41.62321946813636,40.91507277715774,41.30848693847656,1122000,0.0,0.0
2022-03-01 00:00:00+08:00,41.70189956202419,42.410046226889676,41.70189956202419,42.016632080078125,603000,0.0,0.0
2022-03-02 00:00:00+08:00,41.93794837517072,42.01663300717625,41.387167957179216,41.701900482177734,310000,0.0,0.0
2022-03-03 00:00:00+08:00,41.7805811907818,42.410046226889676,41.70189956202419,42.016632080078125,286000,0.0,0.0
2022-03-04 00:00:00+08:00,42.01663651226204,42.17399978637695,41.7019039610081,42.17399978637695,259000,0.0,0.0
2022-03-07 00:00:00+08:00,42.173998674984055,42.173998674984055,40.91507450616828,41.54453659057617,472000,0.0,0.0
2022-03-08 00:00:00+08:00,40.75770543194934,40.75770543194934,39.262733459472656,39.262733459472656,763000,0.0,0.0
2022-03-09 00:00:00+08:00,40.44297803568463,40.52165966938936,39.420098788451675,39.57746505737305,324000,0.0,0.0
2022-03-10 00:00:00+08:00,40.12824630737305,40.75770839424513,39.89219839998502,40.12824630737305,204000,0.0,0.0
2022-03-11 00:00:00+08:00,40.52166128218835,40.83639383255774,40.28561337016733,40.67902755737305,137000,0.0,0.0
2022-03-14 00:00:00+08:00,40.75770568847656,40.91507195012556,40.67902405840796,40.75770568847656,86000,0.0,0.0
2022-03-15 00:00:00+08:00,40.915072248651505,40.915072248651505,40.128243936177434,40.28561019897461,185000,0.0,0.0
2022-03-16 00:00:00+08:00,40.2856090684229,40.52165695523845,40.04956118160735,40.20692443847656,106000,0.0,0.0
2022-03-17 00:00:00+08:00,40.91507195012556,40.99375358019416,40.60033942682757,40.75770568847656,241000,0.0,0.0
2022-03-18 00:00:00+08:00,40.83638971505434,41.151119232177734,40.75770508463968,41.151119232177734,225000,0.0,0.0
2022-03-21 00:00:00+08:00,41.93794599981652,42.01663062736537,41.70189812019322,41.8592643737793,303000,0.0,0.0
2022-03-22 00:00:00+08:00,41.8592643737793,41.8592643737793,41.38716561302107,41.8592643737793,189000,0.0,0.0
2022-03-23 00:00:00+08:00,42.09531257436602,42.09531257436602,41.54453218337105,41.93794631958008,182000,0.0,0.0
2022-03-24 00:00:00+08:00,41.85926706057786,41.937948691665376,41.701900796890996,41.780582427978516,112000,0.0,0.0
2022-03-25 00:00:00+08:00,41.78058211267146,41.859266744676994,41.62321885168401,41.701900482177734,143000,0.0,0.0
2022-03-28 00:00:00+08:00,41.780579746230444,42.09531225340259,41.38716561302107,41.8592643737793,163000,0.0,0.0
2022-03-29 00:00:00+08:00,41.85926756893868,42.4887296298188,41.78058293538374,42.252681732177734,315000,0.0,0.0
2022-03-30 00:00:00+08:00,42.64609559019975,42.960825117631366,42.56741095720796,42.72477722167969,269000,0.0,0.0
2022-03-31 00:00:00+08:00,42.724779603322055,42.724779603322055,42.095317511858354,42.567413330078125,317000,0.0,0.0
2022-04-01 00:00:00+08:00,42.64609350820706,42.724775135845746,42.01663148256247,42.4100456237793,299000,0.0,0.0
2022-04-06 00:00:00+08:00,42.41004449032871,42.41004449032871,42.01663035962626,42.33135986328125,654000,0.0,0.0
2022-04-07 00:00:00+08:00,42.331364063493766,42.37386478516711,41.778848196545894,41.86384963989258,475000,4.0,0.0
2022-04-08 00:00:00+08:00,42.33136250011114,42.41636718291564,42.07635493689182,42.373863220214844,218000,0.0,0.0
2022-04-11 00:00:00+08:00,41.60883812496873,41.60883812496873,40.12129030916104,40.50380325317383,524000,0.0,0.0
2022-04-12 00:00:00+08:00,40.333797772342606,40.418799208968366,39.52627115401011,40.16379165649414,188000,0.0,0.0
2022-04-13 00:00:00+08:00,41.22633054243957,41.22633054243957,40.20629697328242,40.588809967041016,152000,0.0,0.0
2022-04-14 00:00:00+08:00,40.673811413388556,40.673811413388556,40.418803831748605,40.588809967041016,85000,0.0,0.0
2022-04-15 00:00:00+08:00,40.71631537915966,40.71631537915966,40.37630310857483,40.588809967041016,69000,0.0,0.0
2022-04-18 00:00:00+08:00,40.376304703282905,40.50381012043752,40.07879638671875,40.07879638671875,73000,0.0,0.0
2022-04-19 00:00:00+08:00,39.99378321706435,40.248790754723004,39.90878178537706,39.9512825012207,156000,0.0,0.0
2022-04-20 00:00:00+08:00,39.9512825012207,40.121288607192064,39.90878178537706,39.9512825012207,104000,0.0,0.0
2022-04-21 00:00:00+08:00,40.07879285012151,40.758814115546215,39.95128744421812,40.206295013427734,195000,0.0,0.0
2022-04-22 00:00:00+08:00,40.20629856127591,40.20629856127591,39.95129096956414,40.07879638671875,66000,0.0,0.0
2022-04-25 00:00:00+08:00,39.69627826192282,39.69627826192282,39.356266021728516,39.356266021728516,156000,0.0,0.0
2022-04-26 00:00:00+08:00,39.52627214182567,39.61127358057573,39.31376530235349,39.356266021728516,115000,0.0,0.0
2022-04-27 00:00:00+08:00,39.39876674110354,39.52627214182567,39.01625702413125,39.356266021728516,395000,0.0,0.0
2022-04-28 00:00:00+08:00,39.35626682990614,39.90878592091856,39.35626682990614,39.781280517578125,183000,0.0,0.0
2022-04-29 00:00:00+08:00,39.90878856323244,40.03629073241754,39.78128315145002,39.82378387451172,115000,0.0,0.0
2022-05-03 00:00:00+08:00,39.823786241214044,39.90879093498654,39.696284064451575,39.73878479003906,99000,0.0,0.0
2022-05-04 00:00:00+08:00,39.73877621314769,40.546302795410156,39.52626938847845,40.546302795410156,112000,0.0,0.0
2022-05-05 00:00:00+08:00,40.58880878733885,40.97132176997981,40.546308065400346,40.631309509277344,87000,0.0,0.0
2022-05-06 00:00:00+08:00,40.5463093093467,40.5463093093467,39.65378115086682,40.29130172729492,64000,0.0,0.0
2022-05-09 00:00:00+08:00,40.63131151407608,40.63131151407608,39.56877720020067,39.65378189086914,112000,0.0,0.0
2022-05-10 00:00:00+08:00,39.52626885759069,39.9512825012207,39.18625664564798,39.9512825012207,110000,0.0,0.0
2022-05-11 00:00:00+08:00,39.95128928629414,39.95128928629414,39.69628170532662,39.82378387451172,23000,0.0,0.0
2022-05-12 00:00:00+08:00,39.82378434869133,39.82378434869133,39.01626087311193,39.05876159667969,129000,0.0,0.0
2022-05-13 00:00:00+08:00,39.05875774350628,39.39876674110354,39.01625702413125,39.356266021728516,125000,0.0,0.0
2022-05-16 00:00:00+08:00,39.73878136360232,39.73878136360232,39.10126080696699,39.27126693725586,32000,0.0,0.0
2022-05-17 00:00:00+08:00,38.97375717618179,39.18626403808594,38.93125645232044,39.18626403808594,99000,0.0,0.0
2022-05-18 00:00:00+08:00,39.31376412775442,39.398765563964844,39.14375801273663,39.398765563964844,62000,0.0,0.0
2022-05-19 00:00:00+08:00,39.35626871521558,39.35626871521558,38.931255007183886,39.101261138916016,57000,0.0,0.0
2022-05-20 00:00:00+08:00,39.18626403808594,39.22876800454467,39.18626403808594,39.18626403808594,13000,0.0,0.0
2022-05-23 00:00:00+08:00,39.228766215332946,39.27126693725586,39.18626225081281,39.27126693725586,36000,0.0,0.0
2022-05-24 00:00:00+08:00,39.52627214182567,39.52627214182567,39.27126458297846,39.356266021728516,25000,0.0,0.0
2022-05-25 00:00:00+08:00,39.52627214182567,39.61127358057573,39.356266021728516,39.356266021728516,20000,0.0,0.0
2022-05-26 00:00:00+08:00,39.35626838110168,39.398769103024584,39.27126693725586,39.27126693725586,25000,0.0,0.0
2022-05-27 00:00:00+08:00,39.356264845859634,39.52627096087742,39.356264845859634,39.398765563964844,29000,0.0,0.0
2022-05-30 00:00:00+08:00,39.52627647616514,39.69628261490468,39.52627647616514,39.65378189086914,45000,0.0,0.0
2022-05-31 00:00:00+08:00,39.65378071033522,39.69628143310547,39.52627529942718,39.69628143310547,25000,0.0,0.0
2022-06-01 00:00:00+08:00,39.69627907708257,39.781280517578125,39.69627907708257,39.781280517578125,69000,0.0,0.0
2022-06-02 00:00:00+08:00,39.78128136761669,39.90878677368164,39.73878064646077,39.90878677368164,22000,0.0,0.0
2022-06-06 00:00:00+08:00,39.90879024471175,40.12129711157114,39.90879024471175,40.07879638671875,88000,0.0,0.0
2022-06-07 00:00:00+08:00,40.121293900587034,40.121293900587034,39.99378849363692,40.03628921508789,41000,0.0,0.0
2022-06-08 00:00:00+08:00,40.12129125670215,40.20629269400273,39.9937858581543,39.9937858581543,64000,0.0,0.0
2022-06-09 00:00:00+08:00,39.441273853886685,39.69628143310547,39.101261586530114,39.69628143310547,98000,0.0,0.0
2022-06-10 00:00:00+08:00,39.69627675819681,39.69627675819681,39.441269209009484,39.56877136230469,23000,0.0,0.0
2022-06-13 00:00:00+08:00,39.56877523331345,39.56877523331345,39.1437615288899,39.27126693725586,63000,0.0,0.0
2022-06-14 00:00:00+08:00,39.101261138916016,39.271267270648146,38.888754284900166,39.101261138916016,144000,0.0,0.0
2022-06-15 00:00:00+08:00,39.101259960149875,39.143760681152344,38.93125383354283,39.143760681152344,45000,0.0,0.0
2022-06-16 00:00:00+08:00,39.48377059395173,39.48377059395173,38.931251525878906,38.931251525878906,55000,0.0,0.0
2022-06-17 00:00:00+08:00,38.9312518454645,38.97375256429662,38.71874500870695,38.76124572753906,75000,0.0,0.0
2022-06-20 00:00:00+08:00,38.761248474142924,38.761248474142924,38.123727918695856,38.20873260498047,148000,0.0,0.0
2022-06-21 00:00:00+08:00,38.208736334878296,38.421243207438685,38.12373164029561,38.50624465942383,76000,0.0,0.0
2022-06-22 00:00:00+08:00,38.63374630861185,38.63374630861185,37.826219623192785,38.20873260498047,86000,0.0,0.0
2022-06-23 00:00:00+08:00,38.25123133284322,38.25123133284322,37.65621153025736,37.82621765136719,84000,0.0,0.0
2022-06-24 00:00:00+08:00,38.123728251069075,38.123728251069075,37.78371923075802,38.038726806640625,64000,0.0,0.0
2022-06-27 00:00:00+08:00,38.08122602248752,38.2512321472168,38.08122602248752,38.2512321472168,48000,0.0,0.0
2022-06-28 00:00:00+08:00,38.25123133284322,38.25123133284322,37.82621765136719,37.82621765136719,111000,0.0,0.0
2022-06-29 00:00:00+08:00,37.69871487535116,37.86872100830078,37.69871487535116,37.86872100830078,64000,0.0,0.0
2022-06-30 00:00:00+08:00,37.86872330500304,37.86872330500304,36.97619510613311,37.01869583129883,144000,0.0,0.0
2022-07-01 00:00:00+08:00,37.01869393352178,37.01869393352178,36.25367119196566,36.33867263793945,115000,0.0,0.0
2022-07-04 00:00:00+08:00,36.42366994267564,36.636176776046206,36.42366994267564,36.50867462158203,32000,0.0,0.0
2022-07-05 00:00:00+08:00,36.551177978515625,36.593678699738646,36.42367257224937,36.551177978515625,66000,0.0,0.0
2022-07-06 00:00:00+08:00,36.12616315879798,36.46617540321373,36.12616315879798,36.29616928100586,42000,0.0,0.0
2022-07-07 00:00:00+08:00,36.296168958647705,36.50867579887094,36.296168958647705,36.4661750793457,40000,0.0,0.0
2022-07-08 00:00:00+08:00,36.551176479097045,36.80618403857134,36.46617504013796,36.7636833190918,28000,0.0,0.0
2022-07-11 00:00:00+08:00,36.84868475805088,36.97619015908654,36.7636833190918,36.7636833190918,26000,0.0,0.0
2022-07-12 00:00:00+08:00,36.551177978515625,36.636179420961675,36.466176536069575,36.551177978515625,31000,0.0,0.0
2022-07-13 00:00:00+08:00,36.551177978515625,36.551177978515625,36.466176536069575,36.551177978515625,37000,0.0,0.0
2022-07-14 00:00:00+08:00,36.55118095375447,36.55118095375447,36.33867408774427,36.423675537109375,46000,0.0,0.0
2022-07-15 00:00:00+08:00,36.466178049497465,36.466178049497465,36.33867263793945,36.33867263793945,55000,0.0,0.0
2022-07-18 00:00:00+08:00,36.33866995903254,36.59367752075195,36.33866995903254,36.59367752075195,18000,0.0,0.0
2022-07-19 00:00:00+08:00,36.466176536069575,36.636179420961675,36.466176536069575,36.551177978515625,14000,0.0,0.0
2022-07-20 00:00:00+08:00,36.976193146183626,36.976193146183626,36.59368015477261,36.63618087768555,25000,0.0,0.0
2022-07-21 00:00:00+08:00,36.67868268480391,37.48620610042209,36.67868268480391,37.188697814941406,51000,0.0,0.0
2022-07-22 00:00:00+08:00,37.27370122476074,37.57121276855469,37.27370122476074,37.57121276855469,76000,0.0,0.0
2022-07-25 00:00:00+08:00,37.57121089089681,38.2512321472168,37.57121089089681,38.2512321472168,89000,0.0,0.0
2022-07-26 00:00:00+08:00,41.141328987605654,41.141328987605654,39.4837748474208,39.82378387451172,293000,0.0,0.0
2022-07-27 00:00:00+08:00,39.82378236523584,40.03628921508789,39.82378236523584,40.03628921508789,79000,0.0,0.0
2022-07-28 00:00:00+08:00,40.333797772342606,40.333797772342606,39.82377942479721,40.16379165649414,81000,0.0,0.0
2022-07-29 00:00:00+08:00,40.12129324463374,40.50380621663307,40.12129324463374,40.37630081176758,139000,0.0,0.0
2022-08-01 00:00:00+08:00,40.418798575283816,40.75881080165005,40.418798575283816,40.50380325317383,183000,0.0,0.0
2022-08-02 00:00:00+08:00,40.503807343461844,40.80131563962858,40.291300491172116,40.631309509277344,138000,0.0,0.0
2022-08-03 00:00:00+08:00,40.20629057890065,40.631304228239124,40.20629057890065,40.546302795410156,94000,0.0,0.0
2022-08-04 00:00:00+08:00,40.54630693738919,40.63130837890142,40.03628856052436,40.37630081176758,81000,0.0,0.0
2022-08-05 00:00:00+08:00,40.16379708264067,40.80131767125402,40.16379708264067,40.71631622314453,74000,0.0,0.0
2022-08-08 00:00:00+08:00,40.71631005768177,40.80131149291992,40.37629783153534,40.80131149291992,108000,0.0,0.0
2022-08-09 00:00:00+08:00,40.758813409122595,40.801314129488055,40.716312688757135,40.843814849853516,31000,0.0,0.0
2022-08-10 00:00:00+08:00,41.09882516973553,41.77884971155733,41.09882516973553,41.651344299316406,228000,0.0,0.0
2022-08-11 00:00:00+08:00,41.651344299316406,41.69384502253094,41.481338163860954,41.651344299316406,210000,0.0,0.0
2022-08-12 00:00:00+08:00,41.651343630544574,41.991355895996094,41.651343630544574,41.991355895996094,170000,0.0,0.0
2022-08-15 00:00:00+08:00,41.991355505383076,42.45886993408203,41.991355505383076,42.45886993408203,169000,0.0,0.0
2022-08-16 00:00:00+08:00,42.501369942789324,43.35139734164511,42.45886922136597,43.09638977050781,373000,0.0,0.0
2022-08-17 00:00:00+08:00,43.09638944185353,43.35139701104613,42.92638331485941,43.266395568847656,118000,0.0,0.0
2022-08-18 00:00:00+08:00,43.01138620260206,43.35139846801758,42.84138331249158,43.35139846801758,156000,0.0,0.0
2022-08-19 00:00:00+08:00,43.35139611205446,43.60640367595889,42.92638242468138,43.436397552490234,172000,0.0,0.0
2022-08-22 00:00:00+08:00,43.35139846801758,43.60640604578058,43.26639702296234,43.35139846801758,47000,0.0,0.0
2022-08-23 00:00:00+08:00,43.266395568847656,43.35139701104613,43.09638944185353,43.266395568847656,313000,0.0,0.0
2022-08-24 00:00:00+08:00,43.26639702296234,43.43639991307282,43.26639702296234,43.35139846801758,117000,0.0,0.0
2022-08-25 00:00:00+08:00,43.43639924824015,43.691410064697266,43.43639924824015,43.691410064697266,169000,0.0,0.0
2022-08-26 00:00:00+08:00,43.776412627754546,43.94641876220703,43.776412627754546,43.94641876220703,138000,0.0,0.0
2022-08-29 00:00:00+08:00,43.35139658793735,44.03141784667969,43.35139658793735,44.03141784667969,172000,0.0,0.0
2022-08-30 00:00:00+08:00,43.94641876220703,44.03142020813462,43.861414073682134,43.94641876220703,42000,0.0,0.0
2022-08-31 00:00:00+08:00,43.77641229423237,44.116424560546875,43.77641229423237,44.116424560546875,93000,0.0,0.0
2022-09-01 00:00:00+08:00,43.94641228751285,44.28642126372646,43.94641228751285,44.201419830322266,151000,0.0,0.0
2022-09-02 00:00:00+08:00,44.37142912010858,44.456430559605366,44.286424438014734,44.54143524169922,95000,0.0,0.0
2022-09-05 00:00:00+08:00,44.456432673865244,44.626438803541035,43.94641752743509,44.28642654418945,217000,0.0,0.0
2022-09-06 00:00:00+08:00,44.20142510065017,44.37143123032596,44.11642365711088,44.28642654418945,211000,0.0,0.0
2022-09-07 00:00:00+08:00,44.201419830322266,44.6264334825369,43.94641228751285,44.201419830322266,341000,0.0,0.0
2022-09-08 00:00:00+08:00,45.306460883158415,45.306460883158415,44.541438149945485,44.71144104003906,225000,0.0,0.0
2022-09-12 00:00:00+08:00,44.11642267819233,44.88144538086213,44.11642267819233,44.796443939208984,206000,0.0,0.0
2022-09-13 00:00:00+08:00,44.88144650655131,45.13645408050386,44.7964450627662,45.05145263671875,155000,0.0,0.0
2022-09-14 00:00:00+08:00,44.626436681196004,45.05145036387406,44.286424438014734,44.54143524169922,135000,0.0,0.0
2022-09-15 00:00:00+08:00,44.20142440341959,44.45643197261219,42.92638331485941,43.266395568847656,189000,0.0,0.0
2022-09-16 00:00:00+08:00,43.26639393747128,43.26639393747128,42.41636657714844,42.41636657714844,121000,0.0,0.0
2022-09-19 00:00:00+08:00,42.50136866714015,42.50136866714015,42.03385426032103,42.07635498046875,63000,0.0,0.0
2022-09-20 00:00:00+08:00,41.82134624739416,42.33136136009773,41.82134624739416,42.11885452270508,54000,0.0,0.0
2022-09-21 00:00:00+08:00,41.821349763270334,42.03385661852822,41.821349763270334,41.991355895996094,57000,0.0,0.0
2022-09-22 00:00:00+08:00,41.651341293797344,42.20386038350901,41.651341293797344,42.07635498046875,23000,0.0,0.0
2022-09-23 00:00:00+08:00,41.566339897163736,41.90634890129975,41.566339897163736,41.778846740722656,32000,0.0,0.0
2022-09-26 00:00:00+08:00,41.65134304878751,41.693843770726005,40.631309509277344,40.631309509277344,119000,0.0,0.0
2022-09-27 00:00:00+08:00,40.71631769153892,40.75881841712641,39.73878479003906,39.73878479003906,241000,0.0,0.0
2022-09-28 00:00:00+08:00,39.73878170096356,39.73878170096356,38.80375284033273,39.101261138916016,139000,0.0,0.0
2022-09-29 00:00:00+08:00,39.73877801911318,39.86628341674805,39.65377658242124,39.86628341674805,20000,0.0,0.0
2022-09-30 00:00:00+08:00,39.86628106953341,39.9512825012207,39.823777111092994,39.9512825012207,26000,0.0,0.0
2022-10-03 00:00:00+08:00,39.65377835683479,39.823781237825905,39.27126538941059,39.781280517578125,42000,0.0,0.0
2022-10-04 00:00:00+08:00,40.20629237480702,40.20629237480702,39.90878410401992,40.16379165649414,143000,0.0,0.0
2022-10-05 00:00:00+08:00,40.121288607192064,40.16378932303571,39.78127639524935,39.9512825012207,60000,0.0,0.0
2022-10-06 00:00:00+08:00,40.37629803066455,42.84137857589126,40.37629803066455,41.56633758544922,227000,0.0,0.0
2022-10-07 00:00:00+08:00,41.86384768941546,41.9913530910921,41.14132572684001,41.1838264465332,75000,0.0,0.0
2022-10-11 00:00:00+08:00,40.80131149291992,40.80131149291992,40.37629783153534,40.80131149291992,100000,0.0,0.0
2022-10-12 00:00:00+08:00,40.63131229299821,41.14133071899414,40.63131229299821,41.14133071899414,30000,0.0,0.0
2022-10-13 00:00:00+08:00,40.971315894452076,40.971315894452076,39.86628106953341,39.9512825012207,90000,0.0,0.0
2022-10-14 00:00:00+08:00,40.63131214151909,40.67381286621094,40.376304550770556,40.67381286621094,16000,0.0,0.0
2022-10-17 00:00:00+08:00,40.291296396297184,40.80131149291992,40.03628560538891,40.80131149291992,20000,0.0,0.0
2022-10-18 00:00:00+08:00,40.758813409122595,41.22632781833689,40.58880728506364,40.843814849853516,26000,0.0,0.0
2022-10-19 00:00:00+08:00,40.84381367294903,40.97131907296849,40.84381367294903,40.886314392089844,35000,0.0,0.0
2022-10-20 00:00:00+08:00,40.631310354316305,41.14132875597723,40.503808185849046,40.75881576538086,31000,0.0,0.0
2022-10-21 00:00:00+08:00,40.80131497836109,41.14132723355297,40.80131497836109,40.97132110595703,26000,0.0,0.0
2022-10-24 00:00:00+08:00,41.31132969050161,41.82134806800484,41.31132969050161,41.73634338378906,49000,0.0,0.0
2022-10-25 00:00:00+08:00,42.501369328745334,42.501369328745334,41.60884122136111,41.73634338378906,80000,0.0,0.0
2022-10-26 00:00:00+08:00,41.52383472948624,42.16135524166421,41.52383472948624,42.11885452270508,40000,0.0,0.0
2022-10-27 00:00:00+08:00,41.90635299682617,41.90635299682617,41.86385227248019,41.90635299682617,60000,0.0,0.0
2022-10-28 00:00:00+08:00,41.90635036156592,42.16135793420318,41.73634423227534,41.86384963989258,20000,0.0,0.0
2022-10-31 00:00:00+08:00,42.92638079481846,42.92638079481846,41.77884517952052,42.586368560791016,161000,0.0,0.0
2022-11-01 00:00:00+08:00,42.58637138563603,43.09638977050781,42.501369942789324,43.09638977050781,32000,0.0,0.0
2022-11-02 00:00:00+08:00,42.756378296348714,43.52140426635742,42.756378296348714,43.52140426635742,59000,0.0,0.0
2022-11-03 00:00:00+08:00,43.351397804485934,43.77641150845148,43.351397804485934,43.691410064697266,44000,0.0,0.0
2022-11-04 00:00:00+08:00,43.691410064697266,44.3714313425227,43.43639924824015,43.691410064697266,81000,0.0,0.0
2022-11-07 00:00:00+08:00,43.69140916433471,43.946416732939575,43.69140916433471,43.861412048339844,52000,0.0,0.0
2022-11-08 00:00:00+08:00,44.116424560546875,44.28642745110684,43.946418427389624,44.116424560546875,91000,0.0,0.0
2022-11-09 00:00:00+08:00,44.11642253064569,44.20142397201456,43.94641640531082,44.03141784667969,54000,0.0,0.0
2022-11-10 00:00:00+08:00,43.776410279975956,44.03141784667969,43.69140883860709,44.03141784667969,41000,0.0,0.0
2022-11-11 00:00:00+08:00,44.20142397201456,44.20142397201456,43.94641640531082,44.03141784667969,62000,0.0,0.0
2022-11-14 00:00:00+08:00,44.20142634258711,44.20142634258711,43.94641876220703,43.94641876220703,40000,0.0,0.0
2022-11-15 00:00:00+08:00,43.52140426635742,43.69141039775906,43.09639055915198,43.52140426635742,59000,0.0,0.0
2022-11-16 00:00:00+08:00,43.35139701104613,43.521403138040256,43.18139088405201,43.266395568847656,53000,0.0,0.0
2022-11-17 00:00:00+08:00,43.18139167438027,43.691410064697266,43.18139167438027,43.691410064697266,28000,0.0,0.0
2022-11-18 00:00:00+08:00,43.94642292913665,44.20143053369615,43.69141532457716,43.77641677856445,83000,0.0,0.0
2022-11-21 00:00:00+08:00,43.351397804485934,44.11642376866281,43.351397804485934,43.691410064697266,39000,0.0,0.0
2022-11-22 00:00:00+08:00,43.69141084895239,44.20142600582686,43.69141084895239,44.116424560546875,70000,0.0,0.0
2022-11-23 00:00:00+08:00,44.371430571440754,44.711439583146216,44.371430571440754,44.62643814086914,158000,0.0,0.0
2022-11-24 00:00:00+08:00,44.62643814086914,44.966450395171776,44.54143669859207,44.62643814086914,74000,0.0,0.0
2022-11-25 00:00:00+08:00,44.79644572768313,45.05145330542077,44.71144104003906,44.71144104003906,103000,0.0,0.0
2022-11-28 00:00:00+08:00,44.796447413158724,45.05145500049108,44.71144272231634,44.966453552246094,88000,0.0,0.0
2022-11-29 00:00:00+08:00,44.881446838378906,45.05145296980327,44.79644539396535,44.881446838378906,45000,0.0,0.0
2022-11-30 00:00:00+08:00,44.71144272231634,45.05145500049108,44.71144272231634,44.966453552246094,55000,0.0,0.0
2022-12-01 00:00:00+08:00,44.966451525389715,45.05145296980327,44.79644539396535,44.881446838378906,55000,0.0,0.0
2022-12-02 00:00:00+08:00,44.966448842507354,45.136451721191406,44.88144416056827,45.136451721191406,72000,0.0,0.0
2022-12-05 00:00:00+08:00,45.136451721191406,45.22145640313049,44.966448842507354,45.136451721191406,83000,0.0,0.0
2022-12-06 00:00:00+08:00,45.05145150676559,45.05145150676559,44.711439254958684,44.796443939208984,73000,0.0,0.0
2022-12-07 00:00:00+08:00,44.796443939208984,45.136452948418736,44.711439254958684,44.796443939208984,60000,0.0,0.0
2022-12-08 00:00:00+08:00,44.881445710297534,44.881445710297534,44.62643814086914,44.62643814086914,48000,0.0,0.0
2022-12-09 00:00:00+08:00,44.62643926254098,44.881446838378906,44.62643926254098,44.881446838378906,25000,0.0,0.0
2022-12-12 00:00:00+08:00,44.88144538086213,44.96645006511243,44.62643781330553,44.796443939208984,73000,0.0,0.0
2022-12-13 00:00:00+08:00,44.88144239120344,45.64646828551022,44.88144239120344,45.22145462036133,162000,0.0,0.0
2022-12-14 00:00:00+08:00,45.22145462036133,45.64646828551022,45.05144850578239,45.22145462036133,158000,0.0,0.0
2022-12-15 00:00:00+08:00,45.051450281849384,45.30645784247251,45.051450281849384,45.136451721191406,43000,0.0,0.0
2022-12-16 00:00:00+08:00,45.22146113957845,45.22146113957845,44.626441274071354,44.966453552246094,111000,0.0,0.0
2022-12-19 00:00:00+08:00,44.966451525389715,44.966451525389715,44.79644539396535,44.881446838378906,119000,0.0,0.0
2022-12-20 00:00:00+08:00,45.143908977597164,45.143908977597164,44.44400405883789,44.44400405883789,97000,1.5,0.0
2022-12-21 00:00:00+08:00,44.793958067282475,44.793958067282475,44.531494140625,44.531494140625,41000,0.0,0.0
2022-12-22 00:00:00+08:00,44.61898422241211,44.79396129860948,44.531497353018494,44.61898422241211,44000,0.0,0.0
2022-12-23 00:00:00+08:00,44.1815400134751,44.531494140625,44.00656294990015,44.531494140625,23000,0.0,0.0
2022-12-26 00:00:00+08:00,44.44400077264026,45.231395833905495,44.44400077264026,45.14390563964844,50000,0.0,0.0
2022-12-27 00:00:00+08:00,45.14390744266207,45.75632547728237,45.14390744266207,45.58134841918945,104000,0.0,0.0
2022-12-28 00:00:00+08:00,45.40637288500996,45.49385974185736,44.618977823744714,45.14390563964844,77000,0.0,0.0
2022-12-29 00:00:00+08:00,45.14390803135029,45.49386215209961,45.05642116986788,45.49386215209961,67000,0.0,0.0
2022-12-30 00:00:00+08:00,45.66883992946619,45.84381699258795,45.318885803222656,45.318885803222656,42000,0.0,0.0
2023-01-03 00:00:00+08:00,45.14390563964844,45.31888269075289,44.881441731696576,45.14390563964844,38000,0.0,0.0
2023-01-04 00:00:00+08:00,45.40637399471456,46.106278878828,45.40637399471456,45.756324768066406,105000,0.0,0.0
2023-01-05 00:00:00+08:00,45.756324064254024,46.281255222322045,45.66883720661419,45.93130111694336,73000,0.0,0.0
2023-01-06 00:00:00+08:00,46.01879119873047,46.45623219239677,45.93130433496118,46.01879119873047,101000,0.0,0.0
2023-01-09 00:00:00+08:00,46.19377123728063,46.54372538970501,46.19377123728063,46.2812614440918,97000,0.0,0.0
2023-01-10 00:00:00+08:00,46.2812614440918,46.2812614440918,46.01879416106844,46.2812614440918,46000,0.0,0.0
2023-01-11 00:00:00+08:00,46.2812570354172,46.45623075755155,46.193766836940206,46.368743896484375,77000,0.0,0.0
2023-01-12 00:00:00+08:00,46.36874508839921,47.15614020788316,46.19376802435723,46.893672943115234,140000,0.0,0.0
2023-01-13 00:00:00+08:00,46.806184662712944,47.5060895602809,46.806184662712944,47.24362564086914,255000,0.0,0.0
2023-01-16 00:00:00+08:00,47.50609279330876,47.68106986396126,47.243628856035016,47.33111572265625,128000,0.0,0.0
2023-01-17 00:00:00+08:00,47.41860269961358,47.5060895602809,46.98116172145738,47.24362564086914,115000,0.0,0.0
2023-01-30 00:00:00+08:00,47.243624344625516,47.59357845251255,47.243624344625516,47.50608825683594,95000,0.0,0.0
2023-01-31 00:00:00+08:00,47.59357845251255,47.59357845251255,46.981160432415095,47.50608825683594,136000,0.0,0.0
2023-02-01 00:00:00+08:00,47.59357896308616,48.555947763985024,47.41860190726552,48.20599365234375,207000,0.0,0.0
2023-02-02 00:00:00+08:00,48.11850667872627,48.73092470393746,48.03101981972885,48.29348373413086,135000,0.0,0.0
2023-02-03 00:00:00+08:00,48.380971303509696,48.380971303509696,47.943530327280115,48.118507385253906,94000,0.0,0.0
2023-02-06 00:00:00+08:00,48.11851192555827,48.38097586857929,47.681070908053194,47.94353485107422,72000,0.0,0.0
2023-02-07 00:00:00+08:00,47.85604798253725,48.031025057021296,47.506093833569146,47.94353485107422,39000,0.0,0.0
2023-02-08 00:00:00+08:00,47.943529737317675,48.380970708164384,47.943529737317675,48.20599365234375,92000,0.0,0.0
2023-02-09 00:00:00+08:00,48.20599484088902,48.293485039661334,47.76855385925696,48.03102111816406,60000,0.0,0.0
2023-02-10 00:00:00+08:00,48.03101993393287,48.29348384895894,48.03101993393287,48.20599365234375,99000,0.0,0.0
2023-02-13 00:00:00+08:00,48.118508465717134,48.81841337591832,48.118508465717134,48.730926513671875,146000,0.0,0.0
2023-02-14 00:00:00+08:00,49.430832506251974,49.518319370414105,48.99339151062143,49.343345642089844,99000,0.0,0.0
2023-02-15 00:00:00+08:00,49.34334539951449,51.18059623716677,49.25585519837253,50.21822738647461,379000,0.0,0.0
2023-02-16 00:00:00+08:00,51.005617846003915,51.180594906328025,50.21822608066015,50.480690002441406,144000,0.0,0.0
2023-02-17 00:00:00+08:00,50.7431526184082,51.18059358925655,50.30571164755986,50.7431526184082,121000,0.0,0.0
2023-02-20 00:00:00+08:00,50.74315321154676,50.74315321154676,50.39319909581356,50.65566635131836,66000,0.0,0.0
2023-02-21 00:00:00+08:00,50.655671921493344,51.18059981540524,49.868276743215354,51.09311294555664,144000,0.0,0.0
2023-02-22 00:00:00+08:00,51.093106730050785,51.093106730050785,50.30571164755986,50.7431526184082,83000,0.0,0.0
2023-02-23 00:00:00+08:00,50.568175562586916,51.18059358925655,50.568175562586916,50.7431526184082,110000,0.0,0.0
2023-02-24 00:00:00+08:00,50.83063888549805,50.91812908109441,50.39319791974536,50.83063888549805,90000,0.0,0.0
2023-03-01 00:00:00+08:00,50.6556660615997,52.49291681516662,50.6556660615997,52.31793975830078,426000,0.0,0.0
2023-03-02 00:00:00+08:00,52.40542984008789,52.49291669962336,51.7055216141651,52.40542984008789,160000,0.0,0.0
2023-03-03 00:00:00+08:00,52.40543163217307,52.93035948215612,52.40543163217307,52.842872619628906,222000,0.0,0.0
2023-03-06 00:00:00+08:00,52.930359371245785,53.71775448198033,52.930359371245785,53.63026428222656,235000,0.0,0.0
2023-03-07 00:00:00+08:00,53.63026580917063,55.0300790083971,53.63026580917063,54.942588806152344,402000,0.0,0.0
2023-03-08 00:00:00+08:00,54.94258737883835,55.81746935409823,54.33016932867446,55.29254150390625,407000,0.0,0.0
2023-03-09 00:00:00+08:00,55.38002836646829,55.467518566440205,55.030077578810264,55.29254150390625,149000,0.0,0.0
2023-03-10 00:00:00+08:00,55.29254162227836,55.29254162227836,54.24268258223695,55.20505142211914,221000,0.0,0.0
2023-03-13 00:00:00+08:00,55.55500849281869,55.55500849281869,53.36780343404631,53.80524444580078,371000,0.0,0.0
2023-03-14 00:00:00+08:00,53.80523933244278,54.41765735818018,53.71775247337019,54.06770324707031,199000,0.0,0.0
2023-03-15 00:00:00+08:00,54.68012319732261,54.76761005947438,53.71775436401367,53.71775436401367,253000,0.0,0.0
2023-03-16 00:00:00+08:00,53.36780550336255,53.54278258233102,51.18060035978212,51.705528259277344,564000,0.0,0.0
2023-03-17 00:00:00+08:00,53.01784503781521,53.192822095966406,52.40543034040071,53.1053352355957,193000,0.0,0.0
2023-03-20 00:00:00+08:00,53.36780046961196,53.542777532076265,52.75538241969181,52.842872619628906,257000,0.0,0.0
2023-03-21 00:00:00+08:00,52.9303600774627,53.45528793334961,52.9303600774627,53.45528793334961,83000,0.0,0.0
2023-03-22 00:00:00+08:00,53.892726694055085,55.29253981413781,53.892726694055085,54.767608642578125,325000,0.0,0.0
2023-03-23 00:00:00+08:00,55.03007589706286,55.29253981413781,54.15519394853982,54.767608642578125,229000,0.0,0.0
2023-03-24 00:00:00+08:00,55.03007793236694,55.03007793236694,53.980218887827995,54.330169677734375,205000,0.0,0.0
2023-03-27 00:00:00+08:00,54.50514590920023,54.855100031173365,53.54277707988888,54.59263610839844,400000,0.0,0.0
2023-03-28 00:00:00+08:00,54.68012500867397,54.94258894123361,53.542779075975545,54.15519714355469,183000,0.0,0.0
2023-03-29 00:00:00+08:00,54.50514502598569,54.50514502598569,52.66789425892261,53.1053352355957,302000,0.0,0.0
2023-03-30 00:00:00+08:00,53.54277719522691,54.50514602661133,53.192823072499934,54.50514602661133,811000,0.0,0.0
2023-03-31 00:00:00+08:00,54.50514510681868,55.729981178283744,54.33016804840799,55.55500411987305,1158000,0.0,0.0
2023-04-06 00:00:00+08:00,55.553012566072695,55.83311107676575,54.80608201700928,55.73974609375,1115000,3.997866,0.0
2023-04-07 00:00:00+08:00,55.833112913656365,57.793809676305614,55.739747927568935,56.860145568847656,312000,0.0,0.0
2023-04-10 00:00:00+08:00,56.20657971433434,57.4203423359355,56.20657971433434,56.95351028442383,173000,0.0,0.0
2023-04-11 00:00:00+08:00,58.354005006805444,58.354005006805444,57.23360739834562,57.79380798339844,291000,0.0,0.0
2023-04-12 00:00:00+08:00,57.79381211534778,57.79381211534778,57.2336114902436,57.513710021972656,174000,0.0,0.0
2023-04-13 00:00:00+08:00,57.14024326111451,57.42034177696566,56.58004266776635,57.23360824584961,132000,0.0,0.0
2023-04-14 00:00:00+08:00,57.23360851544833,57.513707032618875,57.14024353027344,57.14024353027344,96000,0.0,0.0
2023-04-17 00:00:00+08:00,57.14024326111451,57.88717382393286,57.14024326111451,57.23360824584961,81000,0.0,0.0
2023-04-18 00:00:00+08:00,57.4203431941261,57.4203431941261,56.48667907714844,56.48667907714844,185000,0.0,0.0
2023-04-19 00:00:00+08:00,56.766777309559885,56.95351084432949,56.48667878822843,56.67341232299805,110000,0.0,0.0
2023-04-20 00:00:00+08:00,56.766778462475486,56.766778462475486,55.73974934285289,56.01984786987305,129000,0.0,0.0
2023-04-21 00:00:00+08:00,56.01984601058452,56.01984601058452,54.806083392684364,54.99281692504883,175000,0.0,0.0
2023-04-24 00:00:00+08:00,55.17955044668979,55.27291899970343,54.80608691957358,55.086185455322266,177000,0.0,0.0
2023-04-25 00:00:00+08:00,55.3662779755097,55.3662779755097,53.87241690606105,54.15251541137695,223000,0.0,0.0
2023-04-26 00:00:00+08:00,54.059153678519614,54.52598573597956,53.125489563599736,54.4326171875,192000,0.0,0.0
2023-04-27 00:00:00+08:00,56.01984517475206,56.580042201841245,55.17954607247244,55.36627960205078,420000,0.0,0.0
2023-04-28 00:00:00+08:00,55.833112930829095,56.86014558633628,55.833112930829095,56.76677703857422,308000,0.0,0.0
2023-05-02 00:00:00+08:00,56.766777309559885,57.32697791386872,56.11321171868921,56.67341232299805,95000,0.0,0.0
2023-05-03 00:00:00+08:00,56.673412612873165,56.673412612873165,56.20658055438433,56.48667907714844,41000,0.0,0.0
2023-05-04 00:00:00+08:00,56.766777599912544,56.766777599912544,56.113212005699,56.48667907714844,137000,0.0,0.0
2023-05-05 00:00:00+08:00,55.83311247822006,55.83311247822006,54.1525178102317,54.99281692504883,784000,0.0,0.0
2023-05-08 00:00:00+08:00,54.992817229847894,54.992817229847894,54.339251643772826,54.71271514892578,167000,0.0,0.0
2023-05-09 00:00:00+08:00,54.4326171875,54.899449244959946,54.15251866535323,54.4326171875,123000,0.0,0.0
2023-05-10 00:00:00+08:00,54.152517826735796,54.99281694180902,54.152517826735796,54.89944839477539,62000,0.0,0.0
2023-05-11 00:00:00+08:00,54.80608425812633,54.80608425812633,53.779051594726894,54.4326171875,147000,0.0,0.0
2023-05-12 00:00:00+08:00,54.245883096250154,54.71271514892578,54.152518110373386,54.71271514892578,89000,0.0,0.0
2023-05-15 00:00:00+08:00,54.619350145858554,54.89944866504659,54.619350145858554,54.80608367919922,39000,0.0,0.0
2023-05-16 00:00:00+08:00,54.89944754374413,55.55301311626465,54.89944754374413,55.45964813232422,111000,0.0,0.0
2023-05-17 00:00:00+08:00,55.45964841695967,55.45964841695967,54.99281637156994,55.27291488647461,56000,0.0,0.0
2023-05-18 00:00:00+08:00,55.27291490229335,55.27291490229335,54.89944784121633,55.17954635620117,71000,0.0,0.0
2023-05-19 00:00:00+08:00,55.17954635620117,55.17954635620117,54.992816387308515,55.17954635620117,63000,0.0,0.0
2023-05-22 00:00:00+08:00,54.8994519109411,55.4596525440846,54.8994519109411,55.086185455322266,65000,0.0,0.0
2023-05-23 00:00:00+08:00,55.08618191040811,55.27291544277257,54.89944837804365,54.99281692504883,93000,0.0,0.0
2023-05-24 00:00:00+08:00,54.89944837804365,55.27291544277257,54.806083392684364,54.99281692504883,53000,0.0,0.0
2023-05-25 00:00:00+08:00,54.99281610453993,55.646378115595375,54.89944755892785,55.36627960205078,139000,0.0,0.0
2023-05-26 00:00:00+08:00,55.36628042813186,55.36628042813186,54.99281692504883,54.99281692504883,119000,0.0,0.0
2023-05-29 00:00:00+08:00,54.99281610453993,55.646378115595375,54.712714029349506,55.36627960205078,116000,0.0,0.0
2023-05-30 00:00:00+08:00,55.36628312115047,56.29994726674034,55.17954957970328,55.553016662597656,193000,0.0,0.0
2023-05-31 00:00:00+08:00,55.272914055379644,55.926479621427305,55.272914055379644,55.73974609375,42000,0.0,0.0
2023-06-01 00:00:00+08:00,55.45964731740625,56.20657786289188,55.45964731740625,55.83311080932617,48000,0.0,0.0
2023-06-02 00:00:00+08:00,55.83311375170143,56.6734128856847,55.83311375170143,56.393314361572266,122000,0.0,0.0
2023-06-05 00:00:00+08:00,56.393314361572266,56.6734128856847,56.113212275813865,56.393314361572266,151000,0.0,0.0
2023-06-06 00:00:00+08:00,56.39331409010906,56.766777599912544,56.113212005699,56.48667907714844,84000,0.0,0.0
2023-06-07 00:00:00+08:00,55.833112770104,55.833112770104,54.43261661251789,54.80608367919922,739000,0.0,0.0
2023-06-08 00:00:00+08:00,54.89944567725349,54.992814219665384,54.245880126953125,54.245880126953125,357000,0.0,0.0
2023-06-09 00:00:00+08:00,54.52598573597956,54.61935072281317,54.24588365218683,54.4326171875,142000,0.0,0.0
2023-06-12 00:00:00+08:00,54.89944868232522,55.086182215724655,54.43261662964959,54.71271514892578,126000,0.0,0.0
2023-06-13 00:00:00+08:00,54.61935070457587,55.179547748682374,54.52598571777344,54.52598571777344,164000,0.0,0.0
2023-06-14 00:00:00+08:00,54.71271514892578,55.179547201601416,54.52598517717226,54.71271514892578,76000,0.0,0.0
2023-06-15 00:00:00+08:00,55.08618137175484,55.27291490229335,54.61934932623149,55.17954635620117,255000,0.0,0.0
2023-06-16 00:00:00+08:00,55.459651086436786,56.393315222156964,55.366282535877154,55.926483154296875,390000,0.0,0.0
2023-06-19 00:00:00+08:00,56.019844618927735,56.20657814665332,55.64637756347656,55.64637756347656,124000,0.0,0.0
2023-06-20 00:00:00+08:00,55.73975020404484,55.8331151939454,55.36628312115047,55.553016662597656,112000,0.0,0.0
2023-06-21 00:00:00+08:00,55.8331151939454,55.92648374549203,55.45965167269709,55.553016662597656,48000,0.0,0.0
2023-06-26 00:00:00+08:00,55.553012566072695,55.83311107676575,55.08618052770234,55.73974609375,87000,0.0,0.0
2023-06-27 00:00:00+08:00,55.73974934285289,56.1132128583311,55.64638079274883,56.01984786987305,211000,0.0,0.0
2023-06-28 00:00:00+08:00,56.01984814321048,56.20658168268372,55.83311460373724,55.926483154296875,68000,0.0,0.0
2023-06-29 00:00:00+08:00,56.01984786987305,56.1132128583311,55.83311433131094,56.01984786987305,75000,0.0,0.0
2023-06-30 00:00:00+08:00,56.01984378909509,56.48667582067089,55.739745282478765,56.11320877075195,184000,0.0,0.0
2023-07-03 00:00:00+08:00,56.48667582067089,56.673409345630354,56.11320877075195,56.11320877075195,120000,0.0,0.0
2023-07-04 00:00:00+08:00,56.01984814321048,56.11321313212409,55.73974961482364,55.926483154296875,180000,0.0,0.0
2023-07-05 00:00:00+08:00,55.92647935354049,56.299942845460414,55.73974582675764,55.83311080932617,84000,0.0,0.0
2023-07-06 00:00:00+08:00,55.926479635887844,55.926479635887844,55.45964759739678,55.64637756347656,85000,0.0,0.0
2023-07-07 00:00:00+08:00,55.73974664579134,55.73974664579134,55.08618107327083,55.45964813232422,77000,0.0,0.0
2023-07-10 00:00:00+08:00,54.992817229847894,54.992817229847894,54.152518110373386,54.71271514892578,259000,0.0,0.0
2023-07-11 00:00:00+08:00,54.99281721253988,55.27291573172792,54.71271513170593,54.80608367919922,66000,0.0,0.0
2023-07-12 00:00:00+08:00,54.432619830811255,55.17955044668979,54.432619830811255,55.086185455322266,49000,0.0,0.0
2023-07-13 00:00:00+08:00,55.086182215724655,55.926481335199156,54.61935016304902,54.71271514892578,120000,0.0,0.0
2023-07-14 00:00:00+08:00,54.619346618652344,54.899445119752194,54.43261309737055,54.619346618652344,70000,0.0,0.0
2023-07-17 00:00:00+08:00,54.619350995468835,54.712715982768515,54.24588392297819,54.33925247192383,160000,0.0,0.0
2023-07-18 00:00:00+08:00,54.52598219254308,54.52598219254308,54.15251514618695,54.245880126953125,70000,0.0,0.0
2023-07-19 00:00:00+08:00,54.33924893546947,54.43261391669286,54.15251541137695,54.15251541137695,62000,0.0,0.0
2023-07-20 00:00:00+08:00,54.1525145962707,54.7127115984704,54.1525145962707,54.619346618652344,47000,0.0,0.0
2023-07-21 00:00:00+08:00,54.33925247192383,54.619350995468835,54.24588392297819,54.33925247192383,42000,0.0,0.0
2023-07-24 00:00:00+08:00,54.33925247192383,54.43261745922351,54.1525189356785,54.33925247192383,38000,0.0,0.0
2023-07-25 00:00:00+08:00,54.24588363407424,54.89944922662912,54.24588363407424,54.52598571777344,51000,0.0,0.0
2023-07-26 00:00:00+08:00,54.52598571777344,54.80608423982669,54.33925218252262,54.52598571777344,41000,0.0,0.0
2023-07-27 00:00:00+08:00,54.43261309737055,54.80608013993414,54.43261309737055,54.619346618652344,28000,0.0,0.0
2023-07-28 00:00:00+08:00,54.619346618652344,54.7127115984704,54.245879576088754,54.619346618652344,58000,0.0,0.0
2023-07-31 00:00:00+08:00,54.61935070457587,54.89944922662912,54.52598571777344,54.52598571777344,81000,0.0,0.0
2023-08-01 00:00:00+08:00,54.52598573597956,54.52598573597956,54.059153678519614,54.4326171875,158000,0.0,0.0
2023-08-02 00:00:00+08:00,54.43261802522609,54.43261802522609,53.87242097231102,54.05915451049805,94000,0.0,0.0
2023-08-04 00:00:00+08:00,54.152519498768555,54.24588448703906,53.685687434124,54.05915451049805,98000,0.0,0.0
2023-08-07 00:00:00+08:00,53.87242097231102,54.152519498768555,53.49895389593698,54.05915451049805,163000,0.0,0.0
2023-08-08 00:00:00+08:00,54.059151258005805,54.059151258005805,53.498950677149445,53.68568420410156,52000,0.0,0.0
2023-08-09 00:00:00+08:00,53.68568829298682,53.779053282750986,53.498954751812434,53.592323303222656,43000,0.0,0.0
2023-08-10 00:00:00+08:00,53.68568916694389,53.68568916694389,52.84538999880284,53.125492095947266,142000,0.0,0.0
2023-08-11 00:00:00+08:00,54.245882068597815,54.245882068597815,52.752020952994364,53.21885299682617,92000,0.0,0.0
2023-08-14 00:00:00+08:00,52.752019059837515,52.752019059837515,52.09845350959888,52.19182205200195,167000,0.0,0.0
2023-08-15 00:00:00+08:00,52.19182588568712,52.19182588568712,51.724993824318354,52.09845733642578,134000,0.0,0.0
2023-08-16 00:00:00+08:00,52.00509234881042,52.28519087330248,51.724993824318354,52.09845733642578,67000,0.0,0.0
2023-08-17 00:00:00+08:00,52.285190311239866,52.37855529785156,52.00509178975884,52.37855529785156,41000,0.0,0.0
2023-08-18 00:00:00+08:00,52.4719238461092,52.84538735420192,52.285190311239866,52.37855529785156,41000,0.0,0.0
2023-08-21 00:00:00+08:00,52.378555279899366,52.5652888147047,52.098456758514345,52.471923828125,60000,0.0,0.0
2023-08-22 00:00:00+08:00,52.47192355760283,53.405587665169975,52.285190023760215,52.56528854370117,58000,0.0,0.0
2023-08-23 00:00:00+08:00,52.56529060758658,54.245885354863915,52.3785570664122,53.592323303222656,63000,0.0,0.0
2023-08-24 00:00:00+08:00,53.685683937488236,53.872417463513,53.31221688543871,53.779048919677734,72000,0.0,0.0
2023-08-25 00:00:00+08:00,53.77905330399843,54.15252038649475,53.31222123170106,53.49895477294922,40000,0.0,0.0
2023-08-28 00:00:00+08:00,54.15251624065897,54.15251624065897,53.218852167544156,53.68568420410156,53000,0.0,0.0
2023-08-29 00:00:00+08:00,53.68568829298682,54.525987447448514,53.498954751812434,53.592323303222656,85000,0.0,0.0
2023-08-30 00:00:00+08:00,54.05915098953776,54.33924949775203,53.59231895529874,53.779048919677734,64000,0.0,0.0
2023-08-31 00:00:00+08:00,53.779048919677734,54.05915098953776,53.49895041146347,53.779048919677734,70000,0.0,0.0
2023-09-01 00:00:00+08:00,54.1525195184796,54.1525195184796,53.68568745366512,53.96578598022461,52000,0.0,0.0
2023-09-04 00:00:00+08:00,54.05915480384877,54.24588478140308,53.779052714225266,53.87242126464844,64000,0.0,0.0
2023-09-05 00:00:00+08:00,53.779048919677734,53.9657824457025,53.685683937488236,53.779048919677734,7000,0.0,0.0
2023-09-06 00:00:00+08:00,53.685684755156124,53.685684755156124,53.218852713806946,53.40558624267578,64000,0.0,0.0
2023-09-07 00:00:00+08:00,53.49895122628729,53.59231977154462,53.40558624267578,53.40558624267578,38000,0.0,0.0
2023-09-08 00:00:00+08:00,53.77904918675473,53.87241773105368,53.498950677149445,53.68568420410156,40000,0.0,0.0
2023-09-11 00:00:00+08:00,53.59231978660724,53.59231978660724,53.312217712402344,53.312217712402344,14000,0.0,0.0
2023-09-12 00:00:00+08:00,53.40558625768592,53.40558625768592,53.12548774512685,53.312217712402344,31000,0.0,0.0
2023-09-13 00:00:00+08:00,53.592323324396325,53.68568831419738,53.405589783148166,53.49895477294922,13000,0.0,0.0
2023-09-14 00:00:00+08:00,53.5923192214484,53.77904918675473,53.498950677149445,53.68568420410156,55000,0.0,0.0
2023-09-15 00:00:00+08:00,53.9657824457025,53.9657824457025,53.685683937488236,53.779048919677734,28000,0.0,0.0
2023-09-18 00:00:00+08:00,53.872417463513,54.05915098953776,53.779048919677734,53.779048919677734,36000,0.0,0.0
2023-09-19 00:00:00+08:00,53.96578271370685,53.96578271370685,53.68568420410156,53.68568420410156,87000,0.0,0.0
2023-09-20 00:00:00+08:00,53.872417463513,53.9657824457025,53.779048919677734,53.779048919677734,7000,0.0,0.0
2023-09-21 00:00:00+08:00,53.96578625342559,53.96578625342559,53.59232273667096,53.87242126464844,63000,0.0,0.0
2023-09-22 00:00:00+08:00,53.685683937488236,53.779048919677734,53.49895041146347,53.779048919677734,60000,0.0,0.0
2023-09-25 00:00:00+08:00,53.779048919677734,53.9657824457025,53.685683937488236,53.779048919677734,48000,0.0,0.0
2023-09-26 00:00:00+08:00,53.779053282750986,53.779053282750986,53.31222121063806,53.592323303222656,58000,0.0,0.0
2023-09-27 00:00:00+08:00,53.592323303222656,53.592323303222656,53.40558976204827,53.592323303222656,25000,0.0,0.0
2023-09-28 00:00:00+08:00,53.77904918675473,53.77904918675473,53.498950677149445,53.68568420410156,14000,0.0,0.0
2023-10-02 00:00:00+08:00,53.779048919677734,54.43261447994153,53.779048919677734,53.779048919677734,33000,0.0,0.0
2023-10-03 00:00:00+08:00,53.779053282750986,53.96578682392536,53.31222121063806,53.592323303222656,48000,0.0,0.0
2023-10-04 00:00:00+08:00,53.592323324396325,53.592323324396325,53.31222123170106,53.49895477294922,54000,0.0,0.0
2023-10-05 00:00:00+08:00,53.96578625342559,54.152519792625924,53.68568772544811,53.87242126464844,46000,0.0,0.0
2023-10-06 00:00:00+08:00,53.872420991920116,54.1525195184796,53.872420991920116,53.96578598022461,14000,0.0,0.0
2023-10-11 00:00:00+08:00,53.96578625342559,54.152519792625924,53.779052714225266,53.87242126464844,21000,0.0,0.0
2023-10-12 00:00:00+08:00,53.87241690606105,54.15251541137695,53.592318400745135,54.15251541137695,38000,0.0,0.0
2023-10-13 00:00:00+08:00,54.52598245956198,54.52598245956198,53.68568338196853,54.15251541137695,88000,0.0,0.0
2023-10-16 00:00:00+08:00,53.68568772544811,53.87242126464844,53.68568772544811,53.87242126464844,17000,0.0,0.0
2023-10-17 00:00:00+08:00,54.05915098953776,54.15251597172726,53.59231895529874,53.779048919677734,26000,0.0,0.0
2023-10-18 00:00:00+08:00,53.5923192214484,53.68568420410156,53.31221715019733,53.68568420410156,36000,0.0,0.0
2023-10-19 00:00:00+08:00,53.31222121063806,53.68568829298682,53.31222121063806,53.592323303222656,16000,0.0,0.0
2023-10-20 00:00:00+08:00,53.965783267636475,53.965783267636475,53.312217697418454,53.40558624267578,47000,0.0,0.0
2023-10-23 00:00:00+08:00,53.68568745366512,54.05915453017511,53.68568745366512,53.96578598022461,40000,0.0,0.0
2023-10-24 00:00:00+08:00,53.77905244196962,54.1525195184796,53.68568745366512,53.96578598022461,35000,0.0,0.0
2023-10-25 00:00:00+08:00,54.339253036955576,54.339253036955576,54.05915451049805,54.05915451049805,18000,0.0,0.0
2023-10-26 00:00:00+08:00,53.779052714225266,54.05915480384877,53.68568772544811,53.87242126464844,19000,0.0,0.0
2023-10-27 00:00:00+08:00,53.872417463513,53.9657824457025,53.779048919677734,53.779048919677734,17000,0.0,0.0
2023-10-30 00:00:00+08:00,54.71271401421744,55.73974664579134,54.61934903027701,55.45964813232422,298000,0.0,0.0
2023-10-31 00:00:00+08:00,55.926484624214446,56.01984961558197,54.80608691957358,55.086185455322266,182000,0.0,0.0
2023-11-01 00:00:00+08:00,55.92648374549203,55.92648374549203,55.08618458980271,55.553016662597656,83000,0.0,0.0
2023-11-02 00:00:00+08:00,55.1795455249855,55.83311109120215,55.1795455249855,55.64637756347656,62000,0.0,0.0
2023-11-03 00:00:00+08:00,55.73974610816226,55.926479635887844,55.55301258043667,55.64637756347656,86000,0.0,0.0
2023-11-06 00:00:00+08:00,55.64637728254332,55.83311080932617,55.64637728254332,55.83311080932617,82000,0.0,0.0
2023-11-07 00:00:00+08:00,56.01984460444306,56.01984460444306,55.64637754908845,55.73974609375,59000,0.0,0.0
2023-11-08 00:00:00+08:00,55.73974961482364,56.01984814321048,55.73974961482364,55.926483154296875,58000,0.0,0.0
2023-11-09 00:00:00+08:00,56.01984814321048,56.01984814321048,55.83311460373724,55.926483154296875,28000,0.0,0.0
2023-11-10 00:00:00+08:00,55.926482881415,56.39331494699727,55.926482881415,56.01984786987305,55000,0.0,0.0
2023-11-13 00:00:00+08:00,56.1132128583311,56.39331494699727,55.926482881415,56.01984786987305,50000,0.0,0.0
2023-11-14 00:00:00+08:00,56.393311389674736,56.393311389674736,55.73974582675764,55.83311080932617,55000,0.0,0.0
2023-11-15 00:00:00+08:00,56.01984433610903,56.01984433610903,55.83311080932617,55.83311080932617,22000,0.0,0.0
2023-11-16 00:00:00+08:00,56.01984814321048,56.01984814321048,55.83311460373724,55.926483154296875,32000,0.0,0.0
2023-11-17 00:00:00+08:00,55.926482881415,56.20658140843516,55.83311433131094,56.01984786987305,53000,0.0,0.0
2023-11-20 00:00:00+08:00,56.39331083901403,56.39331083901403,56.01984378909509,56.11320877075195,40000,0.0,0.0
2023-11-21 00:00:00+08:00,56.29994229571142,56.29994229571142,56.01984378909509,56.11320877075195,29000,0.0,0.0
2023-11-22 00:00:00+08:00,56.113208757744424,56.39331082594157,56.113208757744424,56.20657730102539,39000,0.0,0.0
2023-11-23 00:00:00+08:00,56.20658082494866,56.393314361572266,56.20658082494866,56.393314361572266,32000,0.0,0.0
2023-11-24 00:00:00+08:00,56.48667580757679,56.48667580757679,56.20657730102539,56.20657730102539,30000,0.0,0.0
2023-11-27 00:00:00+08:00,56.20658084377873,56.67341290467117,56.11321229461266,56.29994583129883,74000,0.0,0.0
2023-11-28 00:00:00+08:00,56.29994554142372,56.860146148597885,56.29994554142372,56.48667907714844,102000,0.0,0.0
2023-11-29 00:00:00+08:00,56.76677516818428,57.42034073440093,55.64637756347656,55.64637756347656,493000,0.0,0.0
2023-11-30 00:00:00+08:00,56.580044064187824,56.673412612873165,56.20658055438433,56.48667907714844,53000,0.0,0.0
2023-12-01 00:00:00+08:00,56.67340851996969,56.860142042208686,56.39331001743405,56.580039978027344,54000,0.0,0.0
2023-12-04 00:00:00+08:00,56.58004348729354,57.140244088755864,56.58004348729354,56.860145568847656,127000,0.0,0.0
2023-12-05 00:00:00+08:00,56.860145298779855,57.14024381735768,56.860145298779855,56.95351028442383,120000,0.0,0.0
2023-12-06 00:00:00+08:00,56.95350972999846,57.32697679223057,56.95350972999846,57.23360824584961,97000,0.0,0.0
2023-12-07 00:00:00+08:00,57.14024324505946,57.60707529189549,57.046874698704734,57.32697677612305,117000,0.0,0.0
2023-12-08 00:00:00+08:00,57.42034149169922,57.51370647597047,57.326976507427965,57.42034149169922,28000,0.0,0.0
2023-12-11 00:00:00+08:00,57.42034204744399,57.42034204744399,56.86014501310289,57.14024353027344,130000,0.0,0.0
2023-12-12 00:00:00+08:00,57.14024381735768,57.14024381735768,56.95351028442383,56.95351028442383,99000,0.0,0.0
2023-12-13 00:00:00+08:00,57.14024297723961,57.42034149169922,56.95350944705126,57.42034149169922,109000,0.0,0.0
2023-12-14 00:00:00+08:00,57.8871729815236,57.98053796489999,57.42034094135002,57.700439453125,340000,0.0,0.0
2023-12-15 00:00:00+08:00,57.70043943840006,58.073906495101944,57.51370591004912,57.79380798339844,249000,0.0,0.0
2023-12-18 00:00:00+08:00,57.98054091768549,58.3540079935023,57.98054091768549,58.260643005371094,196000,0.0,0.0
2023-12-19 00:00:00+08:00,58.260643005371094,58.260643005371094,57.70044239164588,58.260643005371094,162000,0.0,0.0
2023-12-20 00:00:00+08:00,58.16727066040039,58.26063920408565,58.073905678360894,58.16727066040039,387000,0.0,0.0
2023-12-21 00:00:00+08:00,58.43835091280806,59.01221580934004,58.24706626248491,58.342708587646484,309000,1.483423,0.0
2023-12-22 00:00:00+08:00,59.107857051442444,59.107857051442444,58.6296381373555,58.916568756103516,81000,0.0,0.0
2023-12-25 00:00:00+08:00,58.916568389545716,59.394787300657356,58.916568389545716,59.2035026550293,168000,0.0,0.0
2023-12-26 00:00:00+08:00,59.29914392089844,59.96865111422562,59.29914392089844,59.77736282348633,173000,0.0,0.0
2023-12-27 00:00:00+08:00,59.96865141248291,60.0642937340679,59.2991442158259,59.58607482910156,134000,0.0,0.0
2023-12-28 00:00:00+08:00,59.58607559480616,59.58607559480616,59.01221436088049,59.2035026550293,64000,0.0,0.0
2023-12-29 00:00:00+08:00,59.107856983944394,59.29914527906488,59.01221466064453,59.01221466064453,32000,0.0,0.0
2024-01-02 00:00:00+08:00,59.10785585920099,59.68172073364258,59.10785585920099,59.68172073364258,72000,0.0,0.0
2024-01-03 00:00:00+08:00,59.77736312079224,59.77736312079224,59.2991442158259,59.58607482910156,98000,0.0,0.0
2024-01-04 00:00:00+08:00,59.49043280530125,59.49043280530125,59.10785622000488,59.3947868347168,104000,0.0,0.0
2024-01-05 00:00:00+08:00,59.394787602364744,59.58607589748524,58.9165686888239,59.01221466064453,97000,0.0,0.0
2024-01-08 00:00:00+08:00,59.299146433345605,59.586077057351176,58.342708587646484,58.342708587646484,195000,0.0,0.0
2024-01-09 00:00:00+08:00,58.43835030686481,58.725284576416016,58.15141968583441,58.725284576416016,95000,0.0,0.0
2024-01-10 00:00:00+08:00,58.34270889310723,58.72528549279824,58.05577826759939,58.15142059326172,92000,0.0,0.0
2024-01-11 00:00:00+08:00,57.673201902172956,58.34270913009129,57.673201902172956,58.05577850341797,64000,0.0,0.0
2024-01-12 00:00:00+08:00,58.05577772986362,58.53399665078751,58.05577772986362,58.438350677490234,49000,0.0,0.0
2024-01-15 00:00:00+08:00,58.629638671875,58.820926968957885,58.34270805051107,58.629638671875,83005,0.0,0.0
2024-01-16 00:00:00+08:00,58.629639211652055,58.916569835657626,58.24706626248491,58.342708587646484,77000,0.0,0.0
2024-01-17 00:00:00+08:00,58.34270882335071,58.629639448515476,58.15142052373391,58.247066497802734,65000,0.0,0.0
2024-01-18 00:00:00+08:00,58.247066497802734,59.01221604774907,58.15142052373391,58.247066497802734,98000,0.0,0.0
2024-01-19 00:00:00+08:00,58.43835091280806,58.43835091280806,58.15142028880249,58.342708587646484,59000,0.0,0.0
2024-01-22 00:00:00+08:00,58.34270828418223,58.820927204544375,58.34270828418223,58.53399658203125,27000,0.0,0.0
2024-01-23 00:00:00+08:00,58.53399665078751,58.53399665078751,58.24706602793734,58.438350677490234,45000,0.0,0.0
2024-01-24 00:00:00+08:00,58.342708587646484,58.53399688649048,58.055777963640914,58.342708587646484,47000,0.0,0.0
2024-01-25 00:00:00+08:00,58.342708587646484,58.53399688649048,58.24706626248491,58.342708587646484,52000,0.0,0.0
2024-01-26 00:00:00+08:00,58.91656959841412,58.91656959841412,58.34270835271379,58.438350677490234,97000,0.0,0.0
2024-01-29 00:00:00+08:00,58.438350608846335,58.72528487988028,58.34270828418223,58.53399658203125,76000,0.0,0.0
2024-01-30 00:00:00+08:00,58.53399665078751,58.53399665078751,58.34270835271379,58.438350677490234,71000,0.0,0.0
2024-01-31 00:00:00+08:00,58.342708587646484,58.43835091280806,58.342708587646484,58.342708587646484,53000,0.0,0.0
2024-02-01 00:00:00+08:00,58.53399658203125,58.629638906695355,58.247065959518125,58.53399658203125,377000,0.0,0.0
2024-02-02 00:00:00+08:00,58.91656952920848,58.91656952920848,58.438350608846335,58.53399658203125,64000,0.0,0.0
2024-02-05 00:00:00+08:00,58.533996347593956,58.72528464467685,58.438350374792115,58.629638671875,56000,0.0,0.0
2024-02-15 00:00:00+08:00,58.72528351320192,59.49043303827033,58.62963754224292,59.29914474487305,145000,0.0,0.0
2024-02-16 00:00:00+08:00,59.39478601258936,60.0642932033305,59.39478601258936,59.87300491333008,168000,0.0,0.0
2024-02-19 00:00:00+08:00,59.87300461865588,60.44686948583278,59.87300461865588,60.064292907714844,270000,0.0,0.0
2024-02-20 00:00:00+08:00,60.06429313850776,60.159939107665075,59.49043191764648,59.968650817871094,153000,0.0,0.0
2024-02-21 00:00:00+08:00,60.73380303045801,61.02073365365365,60.446872407262376,60.638160705566406,333000,0.0,0.0
2024-02-22 00:00:00+08:00,61.02073257908796,61.21202087402344,60.73380196094513,61.21202087402344,235000,0.0,0.0
2024-02-23 00:00:00+08:00,61.403307268515896,62.551037070803226,61.020734316274314,62.45539474487305,974000,0.0,0.0
2024-02-26 00:00:00+08:00,63.12489822597846,64.08133607788723,61.49895679655025,62.359745025634766,1174000,0.0,0.0
2024-02-27 00:00:00+08:00,62.35974144137904,62.93360995717339,61.97717216023788,62.26409912109375,520000,0.0,0.0
2024-02-29 00:00:00+08:00,62.26409912109375,62.55103337899093,62.168456800808464,62.26409912109375,255000,0.0,0.0
2024-03-01 00:00:00+08:00,62.264099583397105,62.4553915224293,62.07281494140625,62.07281494140625,173000,0.0,0.0
2024-03-04 00:00:00+08:00,62.16845976825946,62.7423210144043,62.07281744340893,62.7423210144043,176000,0.0,0.0
2024-03-05 00:00:00+08:00,62.74231935434799,63.794399493950856,62.74231935434799,63.69875717163086,404000,0.0,0.0
2024-03-06 00:00:00+08:00,62.83796117366163,62.83796117366163,61.40330445922149,61.78588104248047,753000,0.0,0.0
2024-03-07 00:00:00+08:00,61.881526195208515,63.029255997495845,61.403307268515896,62.45539474487305,384000,0.0,0.0
2024-03-08 00:00:00+08:00,62.64667737479788,62.64667737479788,60.73380172976589,61.30766296386719,363000,0.0,0.0
2024-03-11 00:00:00+08:00,61.30766296386719,62.168458463539885,61.212020641023884,61.30766296386719,245000,0.0,0.0
2024-03-12 00:00:00+08:00,61.3076620080148,62.64667639806882,61.3076620080148,61.9771728515625,395000,0.0,0.0
2024-03-13 00:00:00+08:00,62.45539105870564,62.8379603398468,61.97717216023788,62.26409912109375,265000,0.0,0.0
2024-03-14 00:00:00+08:00,62.26410209310999,62.83796333925483,62.26410209310999,62.7423210144043,110000,0.0,0.0
2024-03-15 00:00:00+08:00,62.83796404859376,62.83796404859376,62.45539474487305,62.45539474487305,66000,0.0,0.0
2024-03-18 00:00:00+08:00,62.45539474487305,62.45539474487305,62.45539474487305,62.45539474487305,0,0.0,0.0
2024-03-19 00:00:00+08:00,62.83796357497918,63.02925552243948,62.55103659935123,62.64667892456055,128000,0.0,0.0
2024-03-20 00:00:00+08:00,62.64667868955377,62.83796333925483,62.64667868955377,62.7423210144043,139000,0.0,0.0
2024-03-21 00:00:00+08:00,62.742320779755204,62.9336127257825,62.551036130769525,62.83796310424805,280000,0.0,0.0
2024-03-22 00:00:00+08:00,62.70000076293945,63.900001525878906,62.29999923706055,63.599998474121094,343000,2.862035,0.0
2024-03-25 00:00:00+08:00,63.70000076293945,64.9000015258789,63.599998474121094,64.5,261000,0.0,0.0
2024-03-26 00:00:00+08:00,64.5,64.5,64.5,64.5,0,0.0,0.0
2024-03-27 00:00:00+08:00,63.599998474121094,64.30000305175781,63.0,63.70000076293945,193000,0.0,0.0
2024-03-28 00:00:00+08:00,63.29999923706055,63.900001525878906,63.20000076293945,63.29999923706055,131000,0.0,0.0
2024-03-29 00:00:00+08:00,63.29999923706055,63.599998474121094,63.0,63.599998474121094,54000,0.0,0.0
2024-04-01 00:00:00+08:00,63.5,63.5,63.099998474121094,63.400001525878906,80000,0.0,0.0
2024-04-02 00:00:00+08:00,63.0,63.099998474121094,62.29999923706055,63.0,146000,0.0,0.0
2024-04-03 00:00:00+08:00,62.900001525878906,63.29999923706055,62.20000076293945,62.79999923706055,137000,0.0,0.0
2024-04-08 00:00:00+08:00,62.5,63.20000076293945,62.5,63.099998474121094,63000,0.0,0.0
2024-04-09 00:00:00+08:00,63.099998474121094,64.0,63.099998474121094,63.599998474121094,179000,0.0,0.0
2024-04-10 00:00:00+08:00,63.70000076293945,63.900001525878906,63.29999923706055,63.599998474121094,111000,0.0,0.0
2024-04-11 00:00:00+08:00,63.599998474121094,63.599998474121094,63.099998474121094,63.20000076293945,92000,0.0,0.0
2024-04-12 00:00:00+08:00,63.20000076293945,63.5,63.20000076293945,63.20000076293945,54000,0.0,0.0
2024-04-15 00:00:00+08:00,63.20000076293945,63.20000076293945,62.599998474121094,63.0,90000,0.0,0.0
2024-04-16 00:00:00+08:00,62.79999923706055,62.79999923706055,62.0,62.099998474121094,206000,0.0,0.0
2024-04-17 00:00:00+08:00,62.099998474121094,62.400001525878906,61.900001525878906,62.20000076293945,74000,0.0,0.0
2024-04-18 00:00:00+08:00,63.0,63.0,62.20000076293945,62.79999923706055,59000,0.0,0.0
2024-04-19 00:00:00+08:00,62.400001525878906,62.599998474121094,61.29999923706055,62.099998474121094,145000,0.0,0.0
2024-04-22 00:00:00+08:00,62.0,62.5,61.79999923706055,61.79999923706055,54000,0.0,0.0
2024-04-23 00:00:00+08:00,61.79999923706055,62.5,61.79999923706055,61.900001525878906,53000,0.0,0.0
2024-04-24 00:00:00+08:00,62.099998474121094,62.5,62.099998474121094,62.400001525878906,54000,0.0,0.0
2024-04-25 00:00:00+08:00,62.099998474121094,62.400001525878906,61.70000076293945,62.400001525878906,69000,0.0,0.0
2024-04-26 00:00:00+08:00,62.599998474121094,62.599998474121094,62.0,62.400001525878906,74000,0.0,0.0
2024-04-29 00:00:00+08:00,62.400001525878906,63.20000076293945,62.400001525878906,63.099998474121094,151000,0.0,0.0
2024-04-30 00:00:00+08:00,63.29999923706055,63.70000076293945,63.20000076293945,63.400001525878906,81000,0.0,0.0
2024-05-02 00:00:00+08:00,63.400001525878906,64.0,63.400001525878906,63.5,77000,0.0,0.0
2024-05-03 00:00:00+08:00,63.5,63.79999923706055,63.099998474121094,63.20000076293945,50000,0.0,0.0
2024-05-06 00:00:00+08:00,63.20000076293945,63.900001525878906,63.099998474121094,63.79999923706055,66000,0.0,0.0
2024-05-07 00:00:00+08:00,63.70000076293945,63.900001525878906,63.400001525878906,63.400001525878906,36000,0.0,0.0
2024-05-08 00:00:00+08:00,63.400001525878906,64.5,63.400001525878906,64.0999984741211,161000,0.0,0.0
2024-05-09 00:00:00+08:00,64.0999984741211,64.0999984741211,63.70000076293945,64.0999984741211,134000,0.0,0.0
2024-05-10 00:00:00+08:00,63.70000076293945,64.19999694824219,63.70000076293945,64.0999984741211,79000,0.0,0.0
2024-05-13 00:00:00+08:00,64.0999984741211,65.0999984741211,64.0999984741211,64.5,334000,0.0,0.0
2024-05-14 00:00:00+08:00,64.5999984741211,64.80000305175781,64.19999694824219,64.19999694824219,107000,0.0,0.0
2024-05-15 00:00:00+08:00,64.30000305175781,64.69999694824219,64.30000305175781,64.5,166000,0.0,0.0
2024-05-16 00:00:00+08:00,64.9000015258789,65.0,64.30000305175781,64.30000305175781,121000,0.0,0.0
2024-05-17 00:00:00+08:00,64.9000015258789,64.9000015258789,63.900001525878906,64.0999984741211,65000,0.0,0.0
2024-05-20 00:00:00+08:00,64.0999984741211,64.19999694824219,63.79999923706055,64.0999984741211,72000,0.0,0.0
2024-05-21 00:00:00+08:00,63.79999923706055,64.0999984741211,63.5,63.79999923706055,91000,0.0,0.0
2024-05-22 00:00:00+08:00,63.5,63.599998474121094,63.20000076293945,63.79999923706055,84000,0.0,0.0
2024-05-23 00:00:00+08:00,63.5,63.70000076293945,63.0,63.0,82000,0.0,0.0
2024-05-24 00:00:00+08:00,62.79999923706055,63.29999923706055,62.599998474121094,63.0,97000,0.0,0.0
2024-05-27 00:00:00+08:00,63.5,63.599998474121094,62.900001525878906,62.900001525878906,75000,0.0,0.0
2024-05-28 00:00:00+08:00,63.099998474121094,63.400001525878906,62.79999923706055,63.400001525878906,160000,0.0,0.0
2024-05-29 00:00:00+08:00,63.29999923706055,63.29999923706055,63.0,63.29999923706055,102000,0.0,0.0
2024-05-30 00:00:00+08:00,64.0,64.0,63.29999923706055,63.79999923706055,216000,0.0,0.0
2024-05-31 00:00:00+08:00,64.0999984741211,64.19999694824219,63.599998474121094,63.79999923706055,71000,0.0,0.0
2024-06-03 00:00:00+08:00,63.79999923706055,65.19999694824219,63.79999923706055,65.0,220000,0.0,0.0
2024-06-04 00:00:00+08:00,65.19999694824219,65.19999694824219,64.5999984741211,64.9000015258789,72000,0.0,0.0
2024-06-05 00:00:00+08:00,64.9000015258789,64.9000015258789,64.0,64.5,65000,0.0,0.0
2024-06-06 00:00:00+08:00,65.30000305175781,65.30000305175781,63.900001525878906,64.0999984741211,91000,0.0,0.0
2024-06-07 00:00:00+08:00,64.80000305175781,64.80000305175781,63.79999923706055,64.5,89000,0.0,0.0
2024-06-11 00:00:00+08:00,64.80000305175781,64.80000305175781,63.900001525878906,64.5,42000,0.0,0.0
2024-06-12 00:00:00+08:00,64.5,64.5999984741211,63.900001525878906,63.900001525878906,40000,0.0,0.0
2024-06-13 00:00:00+08:00,64.30000305175781,64.30000305175781,63.599998474121094,64.0,58000,0.0,0.0
2024-06-14 00:00:00+08:00,63.5,64.0,63.5,63.900001525878906,53000,0.0,0.0
2024-06-17 00:00:00+08:00,63.900001525878906,63.900001525878906,63.5,63.79999923706055,52000,0.0,0.0
2024-06-18 00:00:00+08:00,64.0,64.0,63.5,63.70000076293945,134000,0.0,0.0
2024-06-19 00:00:00+08:00,63.599998474121094,64.0,63.5,63.70000076293945,115000,0.0,0.0
2024-06-20 00:00:00+08:00,63.70000076293945,63.70000076293945,62.900001525878906,63.29999923706055,150000,0.0,0.0
2024-06-21 00:00:00+08:00,63.5,63.599998474121094,63.20000076293945,63.400001525878906,32000,0.0,0.0
2024-06-24 00:00:00+08:00,63.0,63.70000076293945,63.0,63.29999923706055,45000,0.0,0.0
2024-06-25 00:00:00+08:00,63.20000076293945,63.400001525878906,62.900001525878906,63.099998474121094,31000,0.0,0.0
2024-06-26 00:00:00+08:00,63.0,63.0,62.599998474121094,62.70000076293945,158000,0.0,0.0
2024-06-27 00:00:00+08:00,62.599998474121094,62.900001525878906,62.29999923706055,62.599998474121094,62000,0.0,0.0
2024-06-28 00:00:00+08:00,62.400001525878906,62.79999923706055,62.400001525878906,62.400001525878906,64000,0.0,0.0
2024-07-01 00:00:00+08:00,62.099998474121094,62.5,62.0,62.099998474121094,132000,0.0,0.0
2024-07-02 00:00:00+08:00,62.099998474121094,62.900001525878906,62.099998474121094,62.29999923706055,54000,0.0,0.0
2024-07-03 00:00:00+08:00,62.099998474121094,62.70000076293945,62.0,62.5,129000,0.0,0.0
2024-07-04 00:00:00+08:00,62.5,62.5,62.29999923706055,62.5,66000,0.0,0.0
2024-07-05 00:00:00+08:00,62.5,62.599998474121094,62.29999923706055,62.599998474121094,73000,0.0,0.0
2024-07-08 00:00:00+08:00,62.599998474121094,62.79999923706055,62.0,62.400001525878906,207000,0.0,0.0
2024-07-09 00:00:00+08:00,62.70000076293945,62.70000076293945,62.099998474121094,62.20000076293945,51000,0.0,0.0
2024-07-10 00:00:00+08:00,62.099998474121094,62.5,62.099998474121094,62.20000076293945,50000,0.0,0.0
2024-07-11 00:00:00+08:00,62.20000076293945,62.5,62.0,62.400001525878906,99000,0.0,0.0
2024-07-12 00:00:00+08:00,62.400001525878906,62.400001525878906,62.0,62.20000076293945,67000,0.0,0.0
