Date,Open,High,Low,Close,Volume,Dividends,Stock Splits
2002-02-05 00:00:00+09:00,6599.99951171875,6599.99951171875,6599.99951171875,6599.99951171875,0,0.0,0.0
2002-02-06 00:00:00+09:00,5809.99951171875,5809.99951171875,5809.99951171875,5809.99951171875,624085,0.0,0.0
2002-02-07 00:00:00+09:00,5119.99951171875,5119.99951171875,5119.99951171875,5119.99951171875,40420,0.0,0.0
2002-02-08 00:00:00+09:00,4509.99951171875,4509.99951171875,4509.99951171875,4509.99951171875,0,0.0,0.0
2002-02-11 00:00:00+09:00,4509.99951171875,4509.99951171875,4509.99951171875,4509.99951171875,0,0.0,0.0
2002-02-12 00:00:00+09:00,4509.99951171875,4509.99951171875,4509.99951171875,4509.99951171875,0,0.0,0.0
2002-02-13 00:00:00+09:00,4509.99951171875,4509.99951171875,4509.99951171875,4509.99951171875,0,0.0,0.0
2002-02-14 00:00:00+09:00,4409.99951171875,4409.99951171875,4409.99951171875,4409.99951171875,1207350,0.0,0.0
2002-02-15 00:00:00+09:00,4599.99951171875,4599.99951171875,4599.99951171875,4599.99951171875,929995,0.0,0.0
2002-02-18 00:00:00+09:00,4049.999755859375,4049.999755859375,4049.999755859375,4049.999755859375,535835,0.0,0.0
2002-02-19 00:00:00+09:00,3899.999755859375,3899.999755859375,3899.999755859375,3899.999755859375,1126465,0.0,0.0
2002-02-20 00:00:00+09:00,4079.999755859375,4079.999755859375,4079.999755859375,4079.999755859375,507375,0.0,0.0
2002-02-21 00:00:00+09:00,4339.99951171875,4339.99951171875,4339.99951171875,4339.99951171875,568345,0.0,0.0
2002-02-22 00:00:00+09:00,4159.99951171875,4159.99951171875,4159.99951171875,4159.99951171875,373070,0.0,0.0
2002-02-25 00:00:00+09:00,4319.99951171875,4319.99951171875,4319.99951171875,4319.99951171875,432965,0.0,0.0
2002-02-26 00:00:00+09:00,4829.99951171875,4829.99951171875,4829.99951171875,4829.99951171875,639280,0.0,0.0
2002-02-27 00:00:00+09:00,4999.99951171875,4999.99951171875,4999.99951171875,4999.99951171875,985805,0.0,0.0
2002-02-28 00:00:00+09:00,4999.99951171875,4999.99951171875,4999.99951171875,4999.99951171875,399530,0.0,0.0
2002-03-01 00:00:00+09:00,4999.99951171875,4999.99951171875,4999.99951171875,4999.99951171875,0,0.0,0.0
2002-03-04 00:00:00+09:00,5119.99951171875,5119.99951171875,5119.99951171875,5119.99951171875,738270,0.0,0.0
2002-03-05 00:00:00+09:00,5299.99951171875,5299.99951171875,5299.99951171875,5299.99951171875,1484015,0.0,0.0
2002-03-06 00:00:00+09:00,5539.99951171875,5539.99951171875,5539.99951171875,5539.99951171875,526130,0.0,0.0
2002-03-07 00:00:00+09:00,5329.99951171875,5329.99951171875,5329.99951171875,5329.99951171875,823475,0.0,0.0
2002-03-08 00:00:00+09:00,5199.99951171875,5199.99951171875,5199.99951171875,5199.99951171875,581400,0.0,0.0
2002-03-11 00:00:00+09:00,5819.99951171875,5819.99951171875,5819.99951171875,5819.99951171875,1060865,0.0,0.0
2002-03-12 00:00:00+09:00,5559.99951171875,5559.99951171875,5559.99951171875,5559.99951171875,723925,0.0,0.0
2002-03-13 00:00:00+09:00,5439.99951171875,5439.99951171875,5439.99951171875,5439.99951171875,408210,0.0,0.0
2002-03-14 00:00:00+09:00,5219.99951171875,5219.99951171875,5219.99951171875,5219.99951171875,452975,0.0,0.0
2002-03-15 00:00:00+09:00,5279.99951171875,5279.99951171875,5279.99951171875,5279.99951171875,697300,0.0,0.0
2002-03-18 00:00:00+09:00,5319.99951171875,5319.99951171875,5319.99951171875,5319.99951171875,446375,0.0,0.0
2002-03-19 00:00:00+09:00,5259.99951171875,5259.99951171875,5259.99951171875,5259.99951171875,505140,0.0,0.0
2002-03-20 00:00:00+09:00,5209.99951171875,5209.99951171875,5209.99951171875,5209.99951171875,432740,0.0,0.0
2002-03-21 00:00:00+09:00,5499.99951171875,5499.99951171875,5499.99951171875,5499.99951171875,1030830,0.0,0.0
2002-03-22 00:00:00+09:00,5479.99951171875,5479.99951171875,5479.99951171875,5479.99951171875,750255,0.0,0.0
2002-03-25 00:00:00+09:00,5619.99951171875,5619.99951171875,5619.99951171875,5619.99951171875,1661190,0.0,0.0
2002-03-26 00:00:00+09:00,5739.99951171875,5739.99951171875,5739.99951171875,5739.99951171875,895730,0.0,0.0
2002-03-27 00:00:00+09:00,5909.99951171875,5909.99951171875,5909.99951171875,5909.99951171875,1093830,0.0,0.0
2002-03-28 00:00:00+09:00,5519.99951171875,5519.99951171875,5519.99951171875,5519.99951171875,783840,0.0,0.0
2002-03-29 00:00:00+09:00,5439.99951171875,5439.99951171875,5439.99951171875,5439.99951171875,579275,0.0,0.0
2002-04-01 00:00:00+09:00,5099.99951171875,5099.99951171875,5099.99951171875,5099.99951171875,504645,0.0,0.0
2002-04-02 00:00:00+09:00,5219.99951171875,5219.99951171875,5219.99951171875,5219.99951171875,354845,0.0,0.0
2002-04-03 00:00:00+09:00,5159.99951171875,5159.99951171875,5159.99951171875,5159.99951171875,372050,0.0,0.0
2002-04-04 00:00:00+09:00,4899.99951171875,4899.99951171875,4899.99951171875,4899.99951171875,316660,0.0,0.0
2002-04-05 00:00:00+09:00,4899.99951171875,4899.99951171875,4899.99951171875,4899.99951171875,0,0.0,0.0
2002-04-08 00:00:00+09:00,5099.99951171875,5099.99951171875,5099.99951171875,5099.99951171875,584590,0.0,0.0
2002-04-09 00:00:00+09:00,4539.99951171875,4539.99951171875,4539.99951171875,4539.99951171875,551080,0.0,0.0
2002-04-10 00:00:00+09:00,4179.99951171875,4179.99951171875,4179.99951171875,4179.99951171875,402900,0.0,0.0
2002-04-11 00:00:00+09:00,4479.99951171875,4479.99951171875,4479.99951171875,4479.99951171875,746430,0.0,0.0
2002-04-12 00:00:00+09:00,4299.99951171875,4299.99951171875,4299.99951171875,4299.99951171875,297855,0.0,0.0
2002-04-15 00:00:00+09:00,4579.99951171875,4579.99951171875,4579.99951171875,4579.99951171875,435345,0.0,0.0
2002-04-16 00:00:00+09:00,4499.99951171875,4499.99951171875,4499.99951171875,4499.99951171875,294235,0.0,0.0
2002-04-17 00:00:00+09:00,4759.99951171875,4759.99951171875,4759.99951171875,4759.99951171875,477395,0.0,0.0
2002-04-18 00:00:00+09:00,5329.99951171875,5329.99951171875,5329.99951171875,5329.99951171875,1170970,0.0,0.0
2002-04-19 00:00:00+09:00,5369.99951171875,5369.99951171875,5369.99951171875,5369.99951171875,876260,0.0,0.0
2002-04-22 00:00:00+09:00,4729.99951171875,4729.99951171875,4729.99951171875,4729.99951171875,621610,0.0,0.0
2002-04-23 00:00:00+09:00,4499.99951171875,4499.99951171875,4499.99951171875,4499.99951171875,424175,0.0,0.0
2002-04-24 00:00:00+09:00,4249.99951171875,4249.99951171875,4249.99951171875,4249.99951171875,0,0.0,0.0
2002-04-25 00:00:00+09:00,4249.99951171875,4249.99951171875,4249.99951171875,4249.99951171875,0,0.0,0.0
2002-04-29 00:00:00+09:00,9400.0,9400.0,9400.0,9400.0,119995,0.0,0.0
2002-04-30 00:00:00+09:00,9000.0,9000.0,9000.0,9000.0,0,0.0,0.0
2002-05-01 00:00:00+09:00,9000.0,9000.0,9000.0,9000.0,0,0.0,0.0
2002-05-02 00:00:00+09:00,9370.0,9370.0,9370.0,9370.0,91659,0.0,0.0
2002-05-03 00:00:00+09:00,9180.0,9180.0,9180.0,9180.0,77271,0.0,0.0
2002-05-06 00:00:00+09:00,8990.0,8990.0,8990.0,8990.0,175633,0.0,0.0
2002-05-07 00:00:00+09:00,9350.0,9350.0,9350.0,9350.0,84662,0.0,0.0
2002-05-08 00:00:00+09:00,10150.0,10150.0,10150.0,10150.0,436220,0.0,0.0
2002-05-09 00:00:00+09:00,10200.0,10200.0,10200.0,10200.0,208410,0.0,0.0
2002-05-10 00:00:00+09:00,10250.0,10250.0,10250.0,10250.0,206654,0.0,0.0
2002-05-13 00:00:00+09:00,9550.0,9550.0,9550.0,9550.0,127600,0.0,0.0
2002-05-14 00:00:00+09:00,9500.0,9500.0,9500.0,9500.0,95215,0.0,0.0
2002-05-15 00:00:00+09:00,9640.0,9640.0,9640.0,9640.0,96209,0.0,0.0
2002-05-16 00:00:00+09:00,9450.0,9450.0,9450.0,9450.0,65603,0.0,0.0
2002-05-17 00:00:00+09:00,9600.0,9600.0,9600.0,9600.0,91007,0.0,0.0
2002-05-20 00:00:00+09:00,9830.0,9830.0,9830.0,9830.0,118880,0.0,0.0
2002-05-21 00:00:00+09:00,9100.0,9100.0,9100.0,9100.0,161558,0.0,0.0
2002-05-22 00:00:00+09:00,9250.0,9250.0,9250.0,9250.0,101283,0.0,0.0
2002-05-23 00:00:00+09:00,8500.0,8500.0,8500.0,8500.0,114173,0.0,0.0
2002-05-24 00:00:00+09:00,8000.0,8000.0,8000.0,8000.0,99413,0.0,0.0
2002-05-27 00:00:00+09:00,7660.0,7660.0,7660.0,7660.0,73422,0.0,0.0
2002-05-28 00:00:00+09:00,7000.0,7000.0,7000.0,7000.0,161543,0.0,0.0
2002-05-29 00:00:00+09:00,6830.0,6830.0,6830.0,6830.0,172528,0.0,0.0
2002-05-30 00:00:00+09:00,6200.0,6200.0,6200.0,6200.0,177753,0.0,0.0
2002-05-31 00:00:00+09:00,6500.0,6500.0,6500.0,6500.0,120149,0.0,0.0
2002-06-03 00:00:00+09:00,6250.0,6250.0,6250.0,6250.0,217623,0.0,0.0
2002-06-04 00:00:00+09:00,7000.0,7000.0,7000.0,7000.0,488024,0.0,0.0
2002-06-05 00:00:00+09:00,7300.0,7300.0,7300.0,7300.0,479795,0.0,0.0
2002-06-06 00:00:00+09:00,7300.0,7300.0,7300.0,7300.0,0,0.0,0.0
2002-06-07 00:00:00+09:00,6910.0,6910.0,6910.0,6910.0,176070,0.0,0.0
2002-06-10 00:00:00+09:00,7320.0,7320.0,7320.0,7320.0,156229,0.0,0.0
2002-06-11 00:00:00+09:00,7330.0,7330.0,7330.0,7330.0,211059,0.0,0.0
2002-06-12 00:00:00+09:00,7400.0,7400.0,7400.0,7400.0,153007,0.0,0.0
2002-06-13 00:00:00+09:00,7400.0,7400.0,7400.0,7400.0,0,0.0,0.0
2002-06-14 00:00:00+09:00,7170.0,7170.0,7170.0,7170.0,89016,0.0,0.0
2002-06-17 00:00:00+09:00,6810.0,6810.0,6810.0,6810.0,87086,0.0,0.0
2002-06-18 00:00:00+09:00,6650.0,6650.0,6650.0,6650.0,69939,0.0,0.0
2002-06-19 00:00:00+09:00,5980.0,5980.0,5980.0,5980.0,93509,0.0,0.0
2002-06-20 00:00:00+09:00,6200.0,6200.0,6200.0,6200.0,106769,0.0,0.0
2002-06-21 00:00:00+09:00,6160.0,6160.0,6160.0,6160.0,150338,0.0,0.0
2002-06-24 00:00:00+09:00,5770.0,5770.0,5770.0,5770.0,54788,0.0,0.0
2002-06-25 00:00:00+09:00,5600.0,5600.0,5600.0,5600.0,62357,0.0,0.0
2002-06-26 00:00:00+09:00,4930.0,4930.0,4930.0,4930.0,73198,0.0,0.0
2002-06-27 00:00:00+09:00,4800.0,4800.0,4800.0,4800.0,185308,0.0,0.0
2002-06-28 00:00:00+09:00,5210.0,5210.0,5210.0,5210.0,129655,0.0,0.0
2002-07-01 00:00:00+09:00,5210.0,5210.0,5210.0,5210.0,0,0.0,0.0
2002-07-02 00:00:00+09:00,5120.0,5120.0,5120.0,5120.0,115692,0.0,0.0
2002-07-03 00:00:00+09:00,5550.0,5550.0,5550.0,5550.0,133331,0.0,0.0
2002-07-04 00:00:00+09:00,5840.0,5840.0,5840.0,5840.0,136418,0.0,0.0
2002-07-05 00:00:00+09:00,6000.0,6000.0,6000.0,6000.0,142384,0.0,0.0
2002-07-08 00:00:00+09:00,6000.0,6000.0,6000.0,6000.0,164557,0.0,0.0
2002-07-09 00:00:00+09:00,6350.0,6350.0,6350.0,6350.0,96645,0.0,0.0
2002-07-10 00:00:00+09:00,6450.0,6450.0,6450.0,6450.0,222403,0.0,0.0
2002-07-11 00:00:00+09:00,6030.0,6030.0,6030.0,6030.0,140389,0.0,0.0
2002-07-12 00:00:00+09:00,6130.0,6130.0,6130.0,6130.0,103359,0.0,0.0
2002-07-15 00:00:00+09:00,6580.0,6580.0,6580.0,6580.0,309630,0.0,0.0
2002-07-16 00:00:00+09:00,6520.0,6520.0,6520.0,6520.0,205864,0.0,0.0
2002-07-17 00:00:00+09:00,6520.0,6520.0,6520.0,6520.0,0,0.0,0.0
2002-07-18 00:00:00+09:00,6750.0,6750.0,6750.0,6750.0,381757,0.0,0.0
2002-07-19 00:00:00+09:00,6350.0,6350.0,6350.0,6350.0,152174,0.0,0.0
2002-07-22 00:00:00+09:00,5590.0,5590.0,5590.0,5590.0,107605,0.0,0.0
2002-07-23 00:00:00+09:00,5680.0,5680.0,5680.0,5680.0,242861,0.0,0.0
2002-07-24 00:00:00+09:00,5210.0,5210.0,5210.0,5210.0,127157,0.0,0.0
2002-07-25 00:00:00+09:00,5250.0,5250.0,5250.0,5250.0,104649,0.0,0.0
2002-07-26 00:00:00+09:00,4980.0,4980.0,4980.0,4980.0,84167,0.0,0.0
2002-07-29 00:00:00+09:00,5050.0,5050.0,5050.0,5050.0,61937,0.0,0.0
2002-07-30 00:00:00+09:00,5120.0,5120.0,5120.0,5120.0,85661,0.0,0.0
2002-07-31 00:00:00+09:00,5160.0,5160.0,5160.0,5160.0,60657,0.0,0.0
2002-08-01 00:00:00+09:00,5160.0,5160.0,5160.0,5160.0,142016,0.0,0.0
2002-08-02 00:00:00+09:00,5040.0,5040.0,5040.0,5040.0,79140,0.0,0.0
2002-08-05 00:00:00+09:00,4830.0,4830.0,4830.0,4830.0,46529,0.0,0.0
2002-08-06 00:00:00+09:00,4600.0,4600.0,4600.0,4600.0,48237,0.0,0.0
2002-08-07 00:00:00+09:00,4800.0,4800.0,4800.0,4800.0,59027,0.0,0.0
2002-08-08 00:00:00+09:00,4820.0,4820.0,4820.0,4820.0,26960,0.0,0.0
2002-08-09 00:00:00+09:00,4900.0,4900.0,4900.0,4900.0,72963,0.0,0.0
2002-08-12 00:00:00+09:00,4820.0,4820.0,4820.0,4820.0,30058,0.0,0.0
2002-08-13 00:00:00+09:00,4920.0,4920.0,4920.0,4920.0,60824,0.0,0.0
2002-08-14 00:00:00+09:00,5150.0,5150.0,5150.0,5150.0,116571,0.0,0.0
2002-08-15 00:00:00+09:00,5150.0,5150.0,5150.0,5150.0,0,0.0,0.0
2002-08-16 00:00:00+09:00,5230.0,5230.0,5230.0,5230.0,162073,0.0,0.0
2002-08-19 00:00:00+09:00,5230.0,5230.0,5230.0,5230.0,101625,0.0,0.0
2002-08-20 00:00:00+09:00,5290.0,5290.0,5290.0,5290.0,123956,0.0,0.0
2002-08-21 00:00:00+09:00,5350.0,5350.0,5350.0,5350.0,84040,0.0,0.0
2002-08-22 00:00:00+09:00,5070.0,5070.0,5070.0,5070.0,199749,0.0,0.0
2002-08-23 00:00:00+09:00,5120.0,5120.0,5120.0,5120.0,91065,0.0,0.0
2002-08-26 00:00:00+09:00,5040.0,5040.0,5040.0,5040.0,42690,0.0,0.0
2002-08-27 00:00:00+09:00,5160.0,5160.0,5160.0,5160.0,195911,0.0,0.0
2002-08-28 00:00:00+09:00,4950.0,4950.0,4950.0,4950.0,112933,0.0,0.0
2002-08-29 00:00:00+09:00,4880.0,4880.0,4880.0,4880.0,97562,0.0,0.0
2002-08-30 00:00:00+09:00,4880.0,4880.0,4880.0,4880.0,62487,0.0,0.0
2002-09-02 00:00:00+09:00,4850.0,4850.0,4850.0,4850.0,41284,0.0,0.0
2002-09-03 00:00:00+09:00,4810.0,4810.0,4810.0,4810.0,85747,0.0,0.0
2002-09-04 00:00:00+09:00,4640.0,4640.0,4640.0,4640.0,49075,0.0,0.0
2002-09-05 00:00:00+09:00,4640.0,4640.0,4640.0,4640.0,82356,0.0,0.0
2002-09-06 00:00:00+09:00,4460.0,4460.0,4460.0,4460.0,50282,0.0,0.0
2002-09-09 00:00:00+09:00,4100.0,4100.0,4100.0,4100.0,58790,0.0,0.0
2002-09-10 00:00:00+09:00,4100.0,4100.0,4100.0,4100.0,46160,0.0,0.0
2002-09-11 00:00:00+09:00,4120.0,4120.0,4120.0,4120.0,53030,0.0,0.0
2002-09-12 00:00:00+09:00,4250.0,4250.0,4250.0,4250.0,28719,0.0,0.0
2002-09-13 00:00:00+09:00,4700.0,4700.0,4700.0,4700.0,107930,0.0,0.0
2002-09-16 00:00:00+09:00,4740.0,4740.0,4740.0,4740.0,88409,0.0,0.0
2002-09-17 00:00:00+09:00,4900.0,4900.0,4900.0,4900.0,73911,0.0,0.0
2002-09-18 00:00:00+09:00,5000.0,5000.0,5000.0,5000.0,106600,0.0,0.0
2002-09-19 00:00:00+09:00,5100.0,5100.0,5100.0,5100.0,399959,0.0,0.0
2002-09-20 00:00:00+09:00,5100.0,5100.0,5100.0,5100.0,0,0.0,0.0
2002-09-23 00:00:00+09:00,4840.0,4840.0,4840.0,4840.0,96457,0.0,0.0
2002-09-24 00:00:00+09:00,4270.0,4270.0,4270.0,4270.0,115170,0.0,0.0
2002-09-25 00:00:00+09:00,4280.0,4280.0,4280.0,4280.0,102974,0.0,0.0
2002-09-26 00:00:00+09:00,4150.0,4150.0,4150.0,4150.0,43589,0.0,0.0
2002-09-27 00:00:00+09:00,3940.0,3940.0,3940.0,3940.0,42334,0.0,0.0
2002-09-30 00:00:00+09:00,3810.0,3810.0,3810.0,3810.0,33572,0.0,0.0
2002-10-01 00:00:00+09:00,3840.0,3840.0,3840.0,3840.0,36573,0.0,0.0
2002-10-02 00:00:00+09:00,3980.0,3980.0,3980.0,3980.0,36035,0.0,0.0
2002-10-03 00:00:00+09:00,3980.0,3980.0,3980.0,3980.0,0,0.0,0.0
2002-10-04 00:00:00+09:00,3940.0,3940.0,3940.0,3940.0,16476,0.0,0.0
2002-10-07 00:00:00+09:00,3760.0,3760.0,3760.0,3760.0,20542,0.0,0.0
2002-10-08 00:00:00+09:00,3800.0,3800.0,3800.0,3800.0,31675,0.0,0.0
2002-10-09 00:00:00+09:00,3660.0,3660.0,3660.0,3660.0,37713,0.0,0.0
2002-10-10 00:00:00+09:00,3530.0,3530.0,3530.0,3530.0,37835,0.0,0.0
2002-10-11 00:00:00+09:00,3570.0,3570.0,3570.0,3570.0,32129,0.0,0.0
2002-10-14 00:00:00+09:00,3900.0,3900.0,3900.0,3900.0,61751,0.0,0.0
2002-10-15 00:00:00+09:00,3900.0,3900.0,3900.0,3900.0,28903,0.0,0.0
2002-10-16 00:00:00+09:00,3910.0,3910.0,3910.0,3910.0,48987,0.0,0.0
2002-10-17 00:00:00+09:00,4040.0,4040.0,4040.0,4040.0,42636,0.0,0.0
2002-10-18 00:00:00+09:00,4190.0,4190.0,4190.0,4190.0,75095,0.0,0.0
2002-10-21 00:00:00+09:00,4000.0,4000.0,4000.0,4000.0,34354,0.0,0.0
2002-10-22 00:00:00+09:00,4270.0,4270.0,4270.0,4270.0,197245,0.0,0.0
2002-10-23 00:00:00+09:00,4370.0,4370.0,4370.0,4370.0,103395,0.0,0.0
2002-10-24 00:00:00+09:00,4200.0,4200.0,4200.0,4200.0,58539,0.0,0.0
2002-10-25 00:00:00+09:00,4070.0,4070.0,4070.0,4070.0,35299,0.0,0.0
2002-10-28 00:00:00+09:00,4180.0,4180.0,4180.0,4180.0,49742,0.0,0.0
2002-10-29 00:00:00+09:00,4090.0,4090.0,4090.0,4090.0,35430,0.0,0.0
2002-10-30 00:00:00+09:00,4020.0,4020.0,4020.0,4020.0,43818,0.0,0.0
2002-10-31 00:00:00+09:00,3940.0,3940.0,3940.0,3940.0,21803,0.0,0.0
2002-11-01 00:00:00+09:00,3860.0,3860.0,3860.0,3860.0,20116,0.0,0.0
2002-11-04 00:00:00+09:00,3910.0,3910.0,3910.0,3910.0,23908,0.0,0.0
2002-11-05 00:00:00+09:00,3870.0,3870.0,3870.0,3870.0,21230,0.0,0.0
2002-11-06 00:00:00+09:00,3850.0,3850.0,3850.0,3850.0,14892,0.0,0.0
2002-11-07 00:00:00+09:00,3840.0,3840.0,3840.0,3840.0,17641,0.0,0.0
2002-11-08 00:00:00+09:00,3790.0,3790.0,3790.0,3790.0,9761,0.0,0.0
2002-11-11 00:00:00+09:00,3750.0,3750.0,3750.0,3750.0,18824,0.0,0.0
2002-11-12 00:00:00+09:00,3590.0,3590.0,3590.0,3590.0,33021,0.0,0.0
2002-11-13 00:00:00+09:00,3520.0,3520.0,3520.0,3520.0,31100,0.0,0.0
2002-11-14 00:00:00+09:00,3500.0,3500.0,3500.0,3500.0,47758,0.0,0.0
2002-11-15 00:00:00+09:00,3580.0,3580.0,3580.0,3580.0,59077,0.0,0.0
2002-11-18 00:00:00+09:00,3530.0,3530.0,3530.0,3530.0,22260,0.0,0.0
2002-11-19 00:00:00+09:00,3550.0,3550.0,3550.0,3550.0,30391,0.0,0.0
2002-11-20 00:00:00+09:00,3680.0,3680.0,3680.0,3680.0,115790,0.0,0.0
2002-11-21 00:00:00+09:00,3770.0,3770.0,3770.0,3770.0,57019,0.0,0.0
2002-11-22 00:00:00+09:00,3680.0,3680.0,3680.0,3680.0,67830,0.0,0.0
2002-11-25 00:00:00+09:00,3660.0,3660.0,3660.0,3660.0,69103,0.0,0.0
2002-11-26 00:00:00+09:00,3850.0,3850.0,3850.0,3850.0,81953,0.0,0.0
2002-11-27 00:00:00+09:00,4070.0,4070.0,4070.0,4070.0,244544,0.0,0.0
2002-11-28 00:00:00+09:00,4010.0,4010.0,4010.0,4010.0,107036,0.0,0.0
2002-11-29 00:00:00+09:00,4070.0,4070.0,4070.0,4070.0,112601,0.0,0.0
2002-12-02 00:00:00+09:00,4280.0,4280.0,4280.0,4280.0,129525,0.0,0.0
2002-12-03 00:00:00+09:00,4430.0,4430.0,4430.0,4430.0,188143,0.0,0.0
2002-12-04 00:00:00+09:00,4110.0,4110.0,4110.0,4110.0,80220,0.0,0.0
2002-12-05 00:00:00+09:00,4100.0,4100.0,4100.0,4100.0,86697,0.0,0.0
2002-12-06 00:00:00+09:00,4370.0,4370.0,4370.0,4370.0,256500,0.0,0.0
2002-12-09 00:00:00+09:00,4340.0,4340.0,4340.0,4340.0,152111,0.0,0.0
2002-12-10 00:00:00+09:00,4620.0,4620.0,4620.0,4620.0,268465,0.0,0.0
2002-12-11 00:00:00+09:00,4770.0,4770.0,4770.0,4770.0,436904,0.0,0.0
2002-12-12 00:00:00+09:00,4800.0,4800.0,4800.0,4800.0,162654,0.0,0.0
2002-12-13 00:00:00+09:00,4760.0,4760.0,4760.0,4760.0,169018,0.0,0.0
2002-12-16 00:00:00+09:00,4340.0,4340.0,4340.0,4340.0,180884,0.0,0.0
2002-12-17 00:00:00+09:00,4320.0,4320.0,4320.0,4320.0,151697,0.0,0.0
2002-12-18 00:00:00+09:00,4360.0,4360.0,4360.0,4360.0,108566,0.0,0.0
2002-12-19 00:00:00+09:00,4360.0,4360.0,4360.0,4360.0,0,0.0,0.0
2002-12-20 00:00:00+09:00,4140.0,4140.0,4140.0,4140.0,67669,0.0,0.0
2002-12-23 00:00:00+09:00,3720.0,3720.0,3720.0,3720.0,121115,0.0,0.0
2002-12-24 00:00:00+09:00,3610.0,3610.0,3610.0,3610.0,38556,0.0,0.0
2002-12-25 00:00:00+09:00,3610.0,3610.0,3610.0,3610.0,0,0.0,0.0
2002-12-26 00:00:00+09:00,3530.0,3530.0,3530.0,3530.0,71969,0.0,0.0
2002-12-27 00:00:00+09:00,3500.0,3500.0,3500.0,3500.0,55764,0.0,0.0
2002-12-30 00:00:00+09:00,3280.0,3280.0,3280.0,3280.0,44375,0.0,0.0
2002-12-31 00:00:00+09:00,3280.0,3280.0,3280.0,3280.0,0,0.0,0.0
2003-01-01 00:00:00+09:00,3280.0,3280.0,3280.0,3280.0,0,0.0,0.0
2003-01-02 00:00:00+09:00,3540.0,3540.0,3540.0,3540.0,62933,0.0,0.0
2003-01-03 00:00:00+09:00,3640.0,3640.0,3640.0,3640.0,68774,0.0,0.0
2003-01-06 00:00:00+09:00,3680.0,3680.0,3680.0,3680.0,109875,0.0,0.0
2003-01-07 00:00:00+09:00,3850.0,3850.0,3850.0,3850.0,237006,0.0,0.0
2003-01-08 00:00:00+09:00,3900.0,3900.0,3900.0,3900.0,166545,0.0,0.0
2003-01-09 00:00:00+09:00,3750.0,3750.0,3750.0,3750.0,94977,0.0,0.0
2003-01-10 00:00:00+09:00,3500.0,3500.0,3500.0,3500.0,100085,0.0,0.0
2003-01-13 00:00:00+09:00,3590.0,3590.0,3590.0,3590.0,97439,0.0,0.0
2003-01-14 00:00:00+09:00,3510.0,3510.0,3510.0,3510.0,158875,0.0,0.0
2003-01-15 00:00:00+09:00,3660.0,3660.0,3660.0,3660.0,342254,0.0,0.0
2003-01-16 00:00:00+09:00,3900.0,3900.0,3900.0,3900.0,208820,0.0,0.0
2003-01-17 00:00:00+09:00,3830.0,3830.0,3830.0,3830.0,315695,0.0,0.0
2003-01-20 00:00:00+09:00,3600.0,3600.0,3600.0,3600.0,124175,0.0,0.0
2003-01-21 00:00:00+09:00,3510.0,3510.0,3510.0,3510.0,72725,0.0,0.0
2003-01-22 00:00:00+09:00,3280.0,3280.0,3280.0,3280.0,92445,0.0,0.0
2003-01-23 00:00:00+09:00,3280.0,3280.0,3280.0,3280.0,71275,0.0,0.0
2003-01-24 00:00:00+09:00,2980.0,2980.0,2980.0,2980.0,123677,0.0,0.0
2003-01-27 00:00:00+09:00,2860.0,2860.0,2860.0,2860.0,96115,0.0,0.0
2003-01-28 00:00:00+09:00,2910.0,2910.0,2910.0,2910.0,73860,0.0,0.0
2003-01-29 00:00:00+09:00,2780.0,2780.0,2780.0,2780.0,87161,0.0,0.0
2003-01-30 00:00:00+09:00,2900.0,2900.0,2900.0,2900.0,37143,0.0,0.0
2003-01-31 00:00:00+09:00,2900.0,2900.0,2900.0,2900.0,0,0.0,0.0
2003-02-03 00:00:00+09:00,3030.0,3030.0,3030.0,3030.0,43555,0.0,0.0
2003-02-04 00:00:00+09:00,3100.0,3100.0,3100.0,3100.0,108957,0.0,0.0
2003-02-05 00:00:00+09:00,3030.0,3030.0,3030.0,3030.0,58621,0.0,0.0
2003-02-06 00:00:00+09:00,2960.0,2960.0,2960.0,2960.0,33651,0.0,0.0
2003-02-07 00:00:00+09:00,2850.0,2850.0,2850.0,2850.0,47401,0.0,0.0
2003-02-10 00:00:00+09:00,2880.0,2880.0,2790.0,2880.0,21013,0.0,0.0
2003-02-11 00:00:00+09:00,2880.0,2980.0,2730.0,2880.0,78287,0.0,0.0
2003-02-12 00:00:00+09:00,2860.0,2920.0,2790.0,2860.0,55553,0.0,0.0
2003-02-13 00:00:00+09:00,2840.0,2920.0,2800.0,2840.0,27338,0.0,0.0
2003-02-14 00:00:00+09:00,2840.0,2840.0,2790.0,2840.0,30455,0.0,0.0
2003-02-17 00:00:00+09:00,3010.0,3020.0,2900.0,3010.0,71703,0.0,0.0
2003-02-18 00:00:00+09:00,2970.0,3090.0,2920.0,2970.0,34726,0.0,0.0
2003-02-19 00:00:00+09:00,2970.0,3090.0,2930.0,2970.0,46024,0.0,0.0
2003-02-20 00:00:00+09:00,2970.0,2970.0,2920.0,2970.0,33622,0.0,0.0
2003-02-21 00:00:00+09:00,2860.0,2950.0,2820.0,2860.0,46456,0.0,0.0
2003-02-24 00:00:00+09:00,2940.0,2940.0,2860.0,2940.0,40617,0.0,0.0
2003-02-25 00:00:00+09:00,2800.0,2890.0,2790.0,2800.0,51652,0.0,0.0
2003-02-26 00:00:00+09:00,2850.0,2880.0,2790.0,2850.0,22474,0.0,0.0
2003-02-27 00:00:00+09:00,2750.0,2850.0,2740.0,2750.0,21761,0.0,0.0
2003-02-28 00:00:00+09:00,2690.0,2800.0,2650.0,2690.0,36875,0.0,0.0
2003-03-03 00:00:00+09:00,2720.0,2730.0,2650.0,2720.0,52567,0.0,0.0
2003-03-04 00:00:00+09:00,2600.0,2720.0,2560.0,2600.0,37014,0.0,0.0
2003-03-05 00:00:00+09:00,2440.0,2600.0,2380.0,2440.0,23319,0.0,0.0
2003-03-06 00:00:00+09:00,2260.0,2490.0,2250.0,2260.0,31129,0.0,0.0
2003-03-07 00:00:00+09:00,2080.0,2220.0,2030.0,2080.0,78018,0.0,0.0
2003-03-10 00:00:00+09:00,2160.0,2250.0,2000.0,2160.0,181941,0.0,0.0
2003-03-11 00:00:00+09:00,2130.0,2220.0,2070.0,2130.0,27588,0.0,0.0
2003-03-12 00:00:00+09:00,2300.0,2300.0,2130.0,2300.0,55344,0.0,0.0
2003-03-13 00:00:00+09:00,2300.0,2300.0,2060.0,2300.0,69071,0.0,0.0
2003-03-14 00:00:00+09:00,2450.0,2570.0,2350.0,2450.0,236152,0.0,0.0
2003-03-17 00:00:00+09:00,2280.0,2410.0,2160.0,2280.0,69626,0.0,0.0
2003-03-18 00:00:00+09:00,2360.0,2460.0,2280.0,2360.0,143409,0.0,0.0
2003-03-19 00:00:00+09:00,2370.0,2410.0,2280.0,2370.0,85009,0.0,0.0
2003-03-20 00:00:00+09:00,2600.0,2600.0,2380.0,2600.0,103972,0.0,0.0
2003-03-21 00:00:00+09:00,2660.0,2660.0,2520.0,2660.0,66713,0.0,0.0
2003-03-24 00:00:00+09:00,2550.0,2700.0,2530.0,2550.0,69394,0.0,0.0
2003-03-25 00:00:00+09:00,2360.0,2440.0,2290.0,2360.0,55100,0.0,0.0
2003-03-26 00:00:00+09:00,2510.0,2620.0,2400.0,2510.0,213971,0.0,0.0
2003-03-27 00:00:00+09:00,2450.0,2550.0,2430.0,2450.0,40395,0.0,0.0
2003-03-28 00:00:00+09:00,2510.0,2540.0,2410.0,2510.0,51828,0.0,0.0
2003-03-31 00:00:00+09:00,2380.0,2450.0,2280.0,2380.0,44301,0.0,0.0
2003-04-01 00:00:00+09:00,2490.0,2490.0,2270.0,2490.0,19878,0.0,0.0
2003-04-02 00:00:00+09:00,2490.0,2500.0,2400.0,2490.0,53392,0.0,0.0
2003-04-03 00:00:00+09:00,2510.0,2590.0,2500.0,2510.0,62281,0.0,0.0
2003-04-04 00:00:00+09:00,2560.0,2560.0,2440.0,2560.0,40519,0.0,0.0
2003-04-07 00:00:00+09:00,2650.0,2680.0,2580.0,2650.0,89718,0.0,0.0
2003-04-08 00:00:00+09:00,2640.0,2660.0,2560.0,2640.0,50393,0.0,0.0
2003-04-09 00:00:00+09:00,2600.0,2670.0,2570.0,2600.0,34412,0.0,0.0
2003-04-10 00:00:00+09:00,2840.0,2850.0,2550.0,2840.0,89002,0.0,0.0
2003-04-11 00:00:00+09:00,2790.0,2860.0,2730.0,2790.0,79750,0.0,0.0
2003-04-14 00:00:00+09:00,2810.0,2940.0,2810.0,2810.0,46455,0.0,0.0
2003-04-15 00:00:00+09:00,2880.0,2900.0,2830.0,2880.0,32797,0.0,0.0
2003-04-16 00:00:00+09:00,2960.0,3050.0,2920.0,2960.0,62716,0.0,0.0
2003-04-17 00:00:00+09:00,2870.0,2950.0,2850.0,2870.0,35786,0.0,0.0
2003-04-18 00:00:00+09:00,2870.0,2980.0,2870.0,2870.0,31022,0.0,0.0
2003-04-21 00:00:00+09:00,2940.0,2940.0,2830.0,2940.0,45755,0.0,0.0
2003-04-22 00:00:00+09:00,2990.0,3020.0,2820.0,2990.0,95572,0.0,0.0
2003-04-23 00:00:00+09:00,3040.0,3230.0,3010.0,3040.0,186139,0.0,0.0
2003-04-24 00:00:00+09:00,2900.0,3100.0,2880.0,2900.0,75462,0.0,0.0
2003-04-25 00:00:00+09:00,2690.0,2840.0,2660.0,2690.0,54055,0.0,0.0
2003-04-28 00:00:00+09:00,2660.0,2720.0,2600.0,2660.0,32501,0.0,0.0
2003-04-29 00:00:00+09:00,2770.0,2780.0,2680.0,2770.0,43991,0.0,0.0
2003-04-30 00:00:00+09:00,2790.0,2830.0,2730.0,2790.0,18422,0.0,0.0
2003-05-01 00:00:00+09:00,2790.0,2790.0,2790.0,2790.0,0,0.0,0.0
2003-05-02 00:00:00+09:00,2860.0,2890.0,2700.0,2860.0,42029,0.0,0.0
2003-05-05 00:00:00+09:00,2860.0,2860.0,2860.0,2860.0,0,0.0,0.0
2003-05-06 00:00:00+09:00,2890.0,2960.0,2800.0,2890.0,27696,0.0,0.0
2003-05-07 00:00:00+09:00,2890.0,2920.0,2840.0,2890.0,47348,0.0,0.0
2003-05-08 00:00:00+09:00,2890.0,2890.0,2890.0,2890.0,0,0.0,0.0
2003-05-09 00:00:00+09:00,2860.0,2890.0,2800.0,2860.0,27700,0.0,0.0
2003-05-12 00:00:00+09:00,2960.0,3000.0,2900.0,2960.0,64142,0.0,0.0
2003-05-13 00:00:00+09:00,2830.0,2990.0,2830.0,2830.0,57695,0.0,0.0
2003-05-14 00:00:00+09:00,2830.0,2850.0,2780.0,2830.0,73541,0.0,0.0
2003-05-15 00:00:00+09:00,2800.0,2870.0,2790.0,2800.0,62998,0.0,0.0
2003-05-16 00:00:00+09:00,2610.0,2800.0,2540.0,2610.0,168626,0.0,0.0
2003-05-19 00:00:00+09:00,2520.0,2600.0,2470.0,2520.0,71804,0.0,0.0
2003-05-20 00:00:00+09:00,2520.0,2520.0,2420.0,2520.0,75142,0.0,0.0
2003-05-21 00:00:00+09:00,2600.0,2820.0,2470.0,2600.0,435197,0.0,0.0
2003-05-22 00:00:00+09:00,2610.0,2770.0,2550.0,2610.0,254146,0.0,0.0
2003-05-23 00:00:00+09:00,2920.0,2920.0,2630.0,2920.0,220026,0.0,0.0
2003-05-26 00:00:00+09:00,3270.0,3270.0,3170.0,3270.0,77055,0.0,0.0
2003-05-27 00:00:00+09:00,3400.0,3600.0,3270.0,3400.0,406288,0.0,0.0
2003-05-28 00:00:00+09:00,3130.0,3500.0,3100.0,3130.0,210778,0.0,0.0
2003-05-29 00:00:00+09:00,3170.0,3220.0,3040.0,3170.0,86304,0.0,0.0
2003-05-30 00:00:00+09:00,3150.0,3200.0,3010.0,3150.0,94666,0.0,0.0
2003-06-02 00:00:00+09:00,3140.0,3380.0,3110.0,3140.0,100823,0.0,0.0
2003-06-03 00:00:00+09:00,3030.0,3200.0,3030.0,3030.0,49617,0.0,0.0
2003-06-04 00:00:00+09:00,3200.0,3350.0,2980.0,3200.0,386148,0.0,0.0
2003-06-05 00:00:00+09:00,3180.0,3270.0,3100.0,3180.0,98137,0.0,0.0
2003-06-06 00:00:00+09:00,3180.0,3180.0,3180.0,3180.0,0,0.0,0.0
2003-06-09 00:00:00+09:00,3120.0,3180.0,3070.0,3120.0,32420,0.0,0.0
2003-06-10 00:00:00+09:00,3040.0,3150.0,3040.0,3040.0,88827,0.0,0.0
2003-06-11 00:00:00+09:00,3180.0,3240.0,3020.0,3180.0,206433,0.0,0.0
2003-06-12 00:00:00+09:00,3200.0,3280.0,3180.0,3200.0,125889,0.0,0.0
2003-06-13 00:00:00+09:00,3180.0,3260.0,3110.0,3180.0,150018,0.0,0.0
2003-06-16 00:00:00+09:00,3300.0,3320.0,3160.0,3300.0,204299,0.0,0.0
2003-06-17 00:00:00+09:00,3690.0,3690.0,3420.0,3690.0,437871,0.0,0.0
2003-06-18 00:00:00+09:00,3630.0,3840.0,3410.0,3630.0,351575,0.0,0.0
2003-06-19 00:00:00+09:00,3770.0,3930.0,3670.0,3770.0,337826,0.0,0.0
2003-06-20 00:00:00+09:00,3800.0,3800.0,3620.0,3800.0,98318,0.0,0.0
2003-06-23 00:00:00+09:00,3470.0,3890.0,3470.0,3470.0,135694,0.0,0.0
2003-06-24 00:00:00+09:00,3270.0,3450.0,3230.0,3270.0,117177,0.0,0.0
2003-06-25 00:00:00+09:00,3270.0,3380.0,3200.0,3270.0,86849,0.0,0.0
2003-06-26 00:00:00+09:00,3170.0,3320.0,3130.0,3170.0,63777,0.0,0.0
2003-06-27 00:00:00+09:00,3200.0,3230.0,3130.0,3200.0,43061,0.0,0.0
2003-06-30 00:00:00+09:00,3130.0,3170.0,3080.0,3130.0,64681,0.0,0.0
2003-07-01 00:00:00+09:00,3130.0,3170.0,3090.0,3130.0,51134,0.0,0.0
2003-07-02 00:00:00+09:00,3270.0,3300.0,3170.0,3270.0,70340,0.0,0.0
2003-07-03 00:00:00+09:00,3130.0,3300.0,3100.0,3130.0,82714,0.0,0.0
2003-07-04 00:00:00+09:00,3070.0,3170.0,3070.0,3070.0,53321,0.0,0.0
2003-07-07 00:00:00+09:00,3190.0,3220.0,3070.0,3190.0,74273,0.0,0.0
2003-07-08 00:00:00+09:00,3480.0,3480.0,3090.0,3480.0,244540,0.0,0.0
2003-07-09 00:00:00+09:00,3430.0,3570.0,3370.0,3430.0,140100,0.0,0.0
2003-07-10 00:00:00+09:00,3520.0,3550.0,3400.0,3520.0,100863,0.0,0.0
2003-07-11 00:00:00+09:00,3380.0,3500.0,3300.0,3380.0,139741,0.0,0.0
2003-07-14 00:00:00+09:00,3310.0,3440.0,3290.0,3310.0,88017,0.0,0.0
2003-07-15 00:00:00+09:00,3220.0,3400.0,3160.0,3220.0,48600,0.0,0.0
2003-07-16 00:00:00+09:00,3160.0,3250.0,3140.0,3160.0,46714,0.0,0.0
2003-07-17 00:00:00+09:00,3160.0,3160.0,3160.0,3160.0,0,0.0,0.0
2003-07-18 00:00:00+09:00,2980.0,3180.0,2950.0,2980.0,69809,0.0,0.0
2003-07-21 00:00:00+09:00,2940.0,3060.0,2920.0,2940.0,31393,0.0,0.0
2003-07-22 00:00:00+09:00,2910.0,3000.0,2860.0,2910.0,23838,0.0,0.0
2003-07-23 00:00:00+09:00,2850.0,2940.0,2835.0,2850.0,41531,0.0,0.0
2003-07-24 00:00:00+09:00,2865.0,2965.0,2720.0,2865.0,28735,0.0,0.0
2003-07-25 00:00:00+09:00,2880.0,3000.0,2860.0,2880.0,39327,0.0,0.0
2003-07-28 00:00:00+09:00,2960.0,2980.0,2920.0,2960.0,21120,0.0,0.0
2003-07-29 00:00:00+09:00,2960.0,3050.0,2760.0,2960.0,22902,0.0,0.0
2003-07-30 00:00:00+09:00,2940.0,2960.0,2850.0,2940.0,15462,0.0,0.0
2003-07-31 00:00:00+09:00,2800.0,2940.0,2800.0,2800.0,20187,0.0,0.0
2003-08-01 00:00:00+09:00,2830.0,3050.0,2750.0,2830.0,108138,0.0,0.0
2003-08-04 00:00:00+09:00,2665.0,2820.0,2660.0,2665.0,27819,0.0,0.0
2003-08-05 00:00:00+09:00,2655.0,2700.0,2570.0,2655.0,46687,0.0,0.0
2003-08-06 00:00:00+09:00,2550.0,2620.0,2500.0,2550.0,22079,0.0,0.0
2003-08-07 00:00:00+09:00,2625.0,2625.0,2510.0,2625.0,51205,0.0,0.0
2003-08-08 00:00:00+09:00,2620.0,2665.0,2550.0,2620.0,53327,0.0,0.0
2003-08-11 00:00:00+09:00,2700.0,2790.0,2585.0,2700.0,63846,0.0,0.0
2003-08-12 00:00:00+09:00,2610.0,2740.0,2575.0,2610.0,32623,0.0,0.0
2003-08-13 00:00:00+09:00,2550.0,2635.0,2505.0,2550.0,33883,0.0,0.0
2003-08-14 00:00:00+09:00,2585.0,2595.0,2500.0,2585.0,45792,0.0,0.0
2003-08-15 00:00:00+09:00,2585.0,2585.0,2585.0,2585.0,0,0.0,0.0
2003-08-18 00:00:00+09:00,2675.0,2725.0,2590.0,2675.0,37118,0.0,0.0
2003-08-19 00:00:00+09:00,2685.0,2770.0,2680.0,2685.0,26539,0.0,0.0
2003-08-20 00:00:00+09:00,2680.0,2800.0,2680.0,2680.0,66564,0.0,0.0
2003-08-21 00:00:00+09:00,2650.0,2740.0,2600.0,2650.0,58857,0.0,0.0
2003-08-22 00:00:00+09:00,2590.0,2715.0,2510.0,2590.0,33072,0.0,0.0
2003-08-25 00:00:00+09:00,2570.0,2740.0,2500.0,2570.0,37793,0.0,0.0
2003-08-26 00:00:00+09:00,2560.0,2670.0,2535.0,2560.0,22211,0.0,0.0
2003-08-27 00:00:00+09:00,2580.0,2670.0,2535.0,2580.0,12597,0.0,0.0
2003-08-28 00:00:00+09:00,2550.0,2640.0,2510.0,2550.0,17475,0.0,0.0
2003-08-29 00:00:00+09:00,2595.0,2605.0,2530.0,2595.0,19244,0.0,0.0
2003-09-01 00:00:00+09:00,2555.0,2630.0,2540.0,2555.0,27390,0.0,0.0
2003-09-02 00:00:00+09:00,2535.0,2620.0,2515.0,2535.0,39812,0.0,0.0
2003-09-03 00:00:00+09:00,2520.0,2565.0,2505.0,2520.0,35201,0.0,0.0
2003-09-04 00:00:00+09:00,2500.0,2540.0,2500.0,2500.0,31201,0.0,0.0
2003-09-05 00:00:00+09:00,2460.0,2525.0,2430.0,2460.0,33136,0.0,0.0
2003-09-08 00:00:00+09:00,2420.0,2515.0,2370.0,2420.0,13971,0.0,0.0
2003-09-09 00:00:00+09:00,2460.0,2480.0,2400.0,2460.0,23564,0.0,0.0
2003-09-10 00:00:00+09:00,2460.0,2460.0,2460.0,2460.0,0,0.0,0.0
2003-09-11 00:00:00+09:00,2460.0,2460.0,2460.0,2460.0,0,0.0,0.0
2003-09-12 00:00:00+09:00,2460.0,2460.0,2460.0,2460.0,0,0.0,0.0
2003-09-15 00:00:00+09:00,2450.0,2480.0,2365.0,2450.0,4384,0.0,0.0
2003-09-16 00:00:00+09:00,2430.0,2510.0,2300.0,2430.0,11144,0.0,0.0
2003-09-17 00:00:00+09:00,2490.0,2505.0,2410.0,2490.0,22275,0.0,0.0
2003-09-18 00:00:00+09:00,2465.0,2500.0,2435.0,2465.0,15590,0.0,0.0
2003-09-19 00:00:00+09:00,2430.0,2475.0,2410.0,2430.0,13247,0.0,0.0
2003-09-22 00:00:00+09:00,2260.0,2370.0,2240.0,2260.0,57361,0.0,0.0
2003-09-23 00:00:00+09:00,2180.0,2290.0,2120.0,2180.0,21090,0.0,0.0
2003-09-24 00:00:00+09:00,2185.0,2220.0,2155.0,2185.0,32887,0.0,0.0
2003-09-25 00:00:00+09:00,2250.0,2250.0,2100.0,2250.0,33252,0.0,0.0
2003-09-26 00:00:00+09:00,2200.0,2290.0,2170.0,2200.0,11993,0.0,0.0
2003-09-29 00:00:00+09:00,2150.0,2250.0,2150.0,2150.0,9111,0.0,0.0
2003-09-30 00:00:00+09:00,2200.0,2280.0,2125.0,2200.0,6317,0.0,0.0
2003-10-01 00:00:00+09:00,2140.0,2200.0,2110.0,2140.0,14606,0.0,0.0
2003-10-02 00:00:00+09:00,2210.0,2240.0,2145.0,2210.0,11230,0.0,0.0
2003-10-03 00:00:00+09:00,2210.0,2210.0,2210.0,2210.0,0,0.0,0.0
2003-10-06 00:00:00+09:00,2205.0,2240.0,2115.0,2205.0,23098,0.0,0.0
2003-10-07 00:00:00+09:00,2230.0,2270.0,2190.0,2230.0,3817,0.0,0.0
2003-10-08 00:00:00+09:00,2205.0,2240.0,2170.0,2205.0,4954,0.0,0.0
2003-10-09 00:00:00+09:00,2180.0,2210.0,2145.0,2180.0,10158,0.0,0.0
2003-10-10 00:00:00+09:00,2200.0,2215.0,2150.0,2200.0,20116,0.0,0.0
2003-10-13 00:00:00+09:00,2185.0,2200.0,2150.0,2185.0,17023,0.0,0.0
2003-10-14 00:00:00+09:00,2160.0,2205.0,2155.0,2160.0,21152,0.0,0.0
2003-10-15 00:00:00+09:00,2190.0,2210.0,2150.0,2190.0,5911,0.0,0.0
2003-10-16 00:00:00+09:00,2195.0,2220.0,2165.0,2195.0,2925,0.0,0.0
2003-10-17 00:00:00+09:00,2340.0,2380.0,2150.0,2340.0,33449,0.0,0.0
2003-10-20 00:00:00+09:00,2290.0,2370.0,2265.0,2290.0,13378,0.0,0.0
2003-10-21 00:00:00+09:00,2290.0,2300.0,2250.0,2290.0,7475,0.0,0.0
2003-10-22 00:00:00+09:00,2325.0,2530.0,2060.0,2325.0,28958,0.0,0.0
2003-10-23 00:00:00+09:00,2310.0,2370.0,2230.0,2310.0,10136,0.0,0.0
2003-10-24 00:00:00+09:00,2285.0,2300.0,2230.0,2285.0,6571,0.0,0.0
2003-10-27 00:00:00+09:00,2180.0,2280.0,2105.0,2180.0,62313,0.0,0.0
2003-10-28 00:00:00+09:00,2180.0,2440.0,2120.0,2180.0,63883,0.0,0.0
2003-10-29 00:00:00+09:00,2235.0,2310.0,2195.0,2235.0,10312,0.0,0.0
2003-10-30 00:00:00+09:00,2260.0,2270.0,2215.0,2260.0,5348,0.0,0.0
2003-10-31 00:00:00+09:00,2200.0,2245.0,2125.0,2200.0,49705,0.0,0.0
2003-11-03 00:00:00+09:00,2245.0,2275.0,2175.0,2245.0,14492,0.0,0.0
2003-11-04 00:00:00+09:00,2230.0,2280.0,2220.0,2230.0,9065,0.0,0.0
2003-11-05 00:00:00+09:00,2300.0,2385.0,2200.0,2300.0,51964,0.0,0.0
2003-11-06 00:00:00+09:00,2255.0,2340.0,2220.0,2255.0,9572,0.0,0.0
2003-11-07 00:00:00+09:00,2265.0,2325.0,2200.0,2265.0,15516,0.0,0.0
2003-11-10 00:00:00+09:00,2200.0,2290.0,2200.0,2200.0,12437,0.0,0.0
2003-11-11 00:00:00+09:00,2200.0,2230.0,2150.0,2200.0,8598,0.0,0.0
2003-11-12 00:00:00+09:00,2170.0,2200.0,2105.0,2170.0,24789,0.0,0.0
2003-11-13 00:00:00+09:00,2215.0,2275.0,2155.0,2215.0,25870,0.0,0.0
2003-11-14 00:00:00+09:00,2235.0,2295.0,2200.0,2235.0,28638,0.0,0.0
2003-11-17 00:00:00+09:00,2295.0,2420.0,2235.0,2295.0,98671,0.0,0.0
2003-11-18 00:00:00+09:00,2570.0,2570.0,2300.0,2570.0,124015,0.0,0.0
2003-11-19 00:00:00+09:00,2660.0,2860.0,2650.0,2660.0,295482,0.0,0.0
2003-11-20 00:00:00+09:00,2550.0,2710.0,2545.0,2550.0,84940,0.0,0.0
2003-11-21 00:00:00+09:00,2520.0,2700.0,2510.0,2520.0,99109,0.0,0.0
2003-11-24 00:00:00+09:00,2430.0,2585.0,2430.0,2430.0,67039,0.0,0.0
2003-11-25 00:00:00+09:00,2510.0,2560.0,2425.0,2510.0,65990,0.0,0.0
2003-11-26 00:00:00+09:00,2570.0,2570.0,2475.0,2570.0,92688,0.0,0.0
2003-11-27 00:00:00+09:00,2720.0,2735.0,2550.0,2720.0,179624,0.0,0.0
2003-11-28 00:00:00+09:00,2850.0,2895.0,2725.0,2850.0,234492,0.0,0.0
2003-12-01 00:00:00+09:00,2850.0,2860.0,2735.0,2850.0,120112,0.0,0.0
2003-12-02 00:00:00+09:00,2755.0,2860.0,2755.0,2755.0,64957,0.0,0.0
2003-12-03 00:00:00+09:00,2610.0,2785.0,2580.0,2610.0,92501,0.0,0.0
2003-12-04 00:00:00+09:00,2630.0,2650.0,2560.0,2630.0,36220,0.0,0.0
2003-12-05 00:00:00+09:00,2590.0,2630.0,2550.0,2590.0,39815,0.0,0.0
2003-12-08 00:00:00+09:00,2620.0,2700.0,2550.0,2620.0,43654,0.0,0.0
2003-12-09 00:00:00+09:00,2625.0,2685.0,2600.0,2625.0,41771,0.0,0.0
2003-12-10 00:00:00+09:00,2620.0,2625.0,2530.0,2620.0,32029,0.0,0.0
2003-12-11 00:00:00+09:00,2695.0,2695.0,2590.0,2695.0,56456,0.0,0.0
2003-12-12 00:00:00+09:00,2660.0,2740.0,2645.0,2660.0,33405,0.0,0.0
2003-12-15 00:00:00+09:00,2510.0,2675.0,2510.0,2510.0,87306,0.0,0.0
2003-12-16 00:00:00+09:00,2490.0,2510.0,2465.0,2490.0,30661,0.0,0.0
2003-12-17 00:00:00+09:00,2455.0,2530.0,2455.0,2455.0,37012,0.0,0.0
2003-12-18 00:00:00+09:00,2465.0,2510.0,2410.0,2465.0,20140,0.0,0.0
2003-12-19 00:00:00+09:00,2475.0,2530.0,2400.0,2475.0,44569,0.0,0.0
2003-12-22 00:00:00+09:00,2315.0,2470.0,2315.0,2315.0,65218,0.0,0.0
2003-12-23 00:00:00+09:00,2215.0,2330.0,2215.0,2215.0,19706,0.0,0.0
2003-12-24 00:00:00+09:00,2215.0,2230.0,2155.0,2215.0,15950,0.0,0.0
2003-12-25 00:00:00+09:00,2215.0,2215.0,2215.0,2215.0,0,0.0,0.0
2003-12-26 00:00:00+09:00,2230.0,2245.0,2180.0,2230.0,15788,0.0,0.0
2003-12-29 00:00:00+09:00,2160.0,2225.0,2160.0,2160.0,17097,0.0,0.0
2003-12-30 00:00:00+09:00,2230.0,2240.0,2170.0,2230.0,9049,0.0,0.0
2003-12-31 00:00:00+09:00,2230.0,2230.0,2230.0,2230.0,0,0.0,0.0
2004-01-01 00:00:00+09:00,2230.0,2230.0,2230.0,2230.0,0,0.0,0.0
2004-01-02 00:00:00+09:00,2190.0,2260.0,2190.0,2190.0,13897,0.0,0.0
2004-01-05 00:00:00+09:00,2220.0,2245.0,2180.0,2220.0,27888,0.0,0.0
2004-01-06 00:00:00+09:00,2195.0,2230.0,2155.0,2195.0,24941,0.0,0.0
2004-01-07 00:00:00+09:00,2190.0,2230.0,2160.0,2190.0,16615,0.0,0.0
2004-01-08 00:00:00+09:00,2115.0,2215.0,2115.0,2115.0,42186,0.0,0.0
2004-01-09 00:00:00+09:00,2160.0,2175.0,2080.0,2160.0,32105,0.0,0.0
2004-01-12 00:00:00+09:00,2140.0,2200.0,2100.0,2140.0,16902,0.0,0.0
2004-01-13 00:00:00+09:00,2130.0,2150.0,2100.0,2130.0,30350,0.0,0.0
2004-01-14 00:00:00+09:00,2100.0,2130.0,2090.0,2100.0,21754,0.0,0.0
2004-01-15 00:00:00+09:00,2135.0,2145.0,2095.0,2135.0,27709,0.0,0.0
2004-01-16 00:00:00+09:00,2110.0,2190.0,2090.0,2110.0,11541,0.0,0.0
2004-01-19 00:00:00+09:00,2110.0,2150.0,2055.0,2110.0,24537,0.0,0.0
2004-01-20 00:00:00+09:00,2050.0,2110.0,2030.0,2050.0,17092,0.0,0.0
2004-01-21 00:00:00+09:00,2050.0,2050.0,2050.0,2050.0,0,0.0,0.0
2004-01-22 00:00:00+09:00,2050.0,2050.0,2050.0,2050.0,0,0.0,0.0
2004-01-23 00:00:00+09:00,2050.0,2050.0,2050.0,2050.0,0,0.0,0.0
2004-01-26 00:00:00+09:00,2050.0,2090.0,2025.0,2050.0,8530,0.0,0.0
2004-01-27 00:00:00+09:00,2070.0,2130.0,2005.0,2070.0,38912,0.0,0.0
2004-01-28 00:00:00+09:00,2020.0,2090.0,2020.0,2020.0,20736,0.0,0.0
2004-01-29 00:00:00+09:00,2065.0,2070.0,1950.0,2065.0,16079,0.0,0.0
2004-01-30 00:00:00+09:00,2075.0,2075.0,2015.0,2075.0,5835,0.0,0.0
2004-02-02 00:00:00+09:00,2100.0,2100.0,2045.0,2100.0,10536,0.0,0.0
2004-02-03 00:00:00+09:00,2050.0,2100.0,2030.0,2050.0,11146,0.0,0.0
2004-02-04 00:00:00+09:00,2060.0,2095.0,2050.0,2060.0,15436,0.0,0.0
2004-02-05 00:00:00+09:00,2005.0,2035.0,2000.0,2005.0,18577,0.0,0.0
2004-02-06 00:00:00+09:00,2030.0,2050.0,2005.0,2030.0,15337,0.0,0.0
2004-02-09 00:00:00+09:00,2100.0,2130.0,2000.0,2100.0,33664,0.0,0.0
2004-02-10 00:00:00+09:00,2170.0,2180.0,2085.0,2170.0,23736,0.0,0.0
2004-02-11 00:00:00+09:00,2075.0,2165.0,2070.0,2075.0,1906,0.0,0.0
2004-02-12 00:00:00+09:00,2030.0,2120.0,2010.0,2030.0,16830,0.0,0.0
2004-02-13 00:00:00+09:00,2050.0,2080.0,2000.0,2050.0,7624,0.0,0.0
2004-02-16 00:00:00+09:00,2045.0,2070.0,2005.0,2045.0,21840,0.0,0.0
2004-02-17 00:00:00+09:00,2135.0,2160.0,2030.0,2135.0,17407,0.0,0.0
2004-02-18 00:00:00+09:00,2160.0,2170.0,2110.0,2160.0,14481,0.0,0.0
2004-02-19 00:00:00+09:00,2415.0,2415.0,2130.0,2415.0,139032,0.0,0.0
2004-02-20 00:00:00+09:00,2260.0,2445.0,2260.0,2260.0,61485,0.0,0.0
2004-02-23 00:00:00+09:00,2300.0,2350.0,2255.0,2300.0,21152,0.0,0.0
2004-02-24 00:00:00+09:00,2205.0,2300.0,2205.0,2205.0,33428,0.0,0.0
2004-02-25 00:00:00+09:00,2200.0,2230.0,2130.0,2200.0,19617,0.0,0.0
2004-02-26 00:00:00+09:00,2230.0,2230.0,2175.0,2230.0,35326,0.0,0.0
2004-02-27 00:00:00+09:00,2400.0,2400.0,2265.0,2400.0,63997,0.0,0.0
2004-03-01 00:00:00+09:00,2400.0,2400.0,2400.0,2400.0,0,0.0,0.0
2004-03-02 00:00:00+09:00,2330.0,2415.0,2300.0,2330.0,15516,0.0,0.0
2004-03-03 00:00:00+09:00,2420.0,2590.0,2370.0,2420.0,149061,0.0,0.0
2004-03-04 00:00:00+09:00,2450.0,2530.0,2425.0,2450.0,44738,0.0,0.0
2004-03-05 00:00:00+09:00,2420.0,2470.0,2350.0,2420.0,23112,0.0,0.0
2004-03-08 00:00:00+09:00,2340.0,2420.0,2340.0,2340.0,50631,0.0,0.0
2004-03-09 00:00:00+09:00,2300.0,2350.0,2280.0,2300.0,16944,0.0,0.0
2004-03-10 00:00:00+09:00,2430.0,2540.0,2225.0,2430.0,103033,0.0,0.0
2004-03-11 00:00:00+09:00,2315.0,2400.0,2315.0,2315.0,27722,0.0,0.0
2004-03-12 00:00:00+09:00,2230.0,2315.0,2150.0,2230.0,39103,0.0,0.0
2004-03-15 00:00:00+09:00,2320.0,2320.0,2200.0,2320.0,19598,0.0,0.0
2004-03-16 00:00:00+09:00,2380.0,2385.0,2305.0,2380.0,29506,0.0,0.0
2004-03-17 00:00:00+09:00,2340.0,2415.0,2330.0,2340.0,15953,0.0,0.0
2004-03-18 00:00:00+09:00,2395.0,2475.0,2350.0,2395.0,7064,0.0,0.0
2004-03-19 00:00:00+09:00,2390.0,2420.0,2355.0,2390.0,11372,0.0,0.0
2004-03-22 00:00:00+09:00,2325.0,2380.0,2305.0,2325.0,22710,0.0,0.0
2004-03-23 00:00:00+09:00,2270.0,2360.0,2230.0,2270.0,6797,0.0,0.0
2004-03-24 00:00:00+09:00,2235.0,2300.0,2235.0,2235.0,7723,0.0,0.0
2004-03-25 00:00:00+09:00,2210.0,2290.0,2170.0,2210.0,19947,0.0,0.0
2004-03-26 00:00:00+09:00,2220.0,2250.0,2180.0,2220.0,19497,0.0,0.0
2004-03-29 00:00:00+09:00,2210.0,2235.0,2120.0,2210.0,10730,0.0,0.0
2004-03-30 00:00:00+09:00,2210.0,2270.0,2160.0,2210.0,24896,0.0,0.0
2004-03-31 00:00:00+09:00,2240.0,2265.0,2180.0,2240.0,11282,0.0,0.0
2004-04-01 00:00:00+09:00,2270.0,2280.0,2220.0,2270.0,10853,0.0,0.0
2004-04-02 00:00:00+09:00,2295.0,2310.0,2265.0,2295.0,12243,0.0,0.0
2004-04-05 00:00:00+09:00,2295.0,2295.0,2295.0,2295.0,0,0.0,0.0
2004-04-06 00:00:00+09:00,2310.0,2335.0,2285.0,2310.0,15027,0.0,0.0
2004-04-07 00:00:00+09:00,2315.0,2370.0,2250.0,2315.0,12832,0.0,0.0
2004-04-08 00:00:00+09:00,2305.0,2350.0,2295.0,2305.0,23850,0.0,0.0
2004-04-09 00:00:00+09:00,2425.0,2430.0,2340.0,2425.0,82847,0.0,0.0
2004-04-12 00:00:00+09:00,2400.0,2450.0,2390.0,2400.0,57501,0.0,0.0
2004-04-13 00:00:00+09:00,2380.0,2450.0,2330.0,2380.0,37770,0.0,0.0
2004-04-14 00:00:00+09:00,2375.0,2410.0,2330.0,2375.0,30387,0.0,0.0
2004-04-15 00:00:00+09:00,2375.0,2375.0,2375.0,2375.0,0,0.0,0.0
2004-04-16 00:00:00+09:00,2330.0,2400.0,2300.0,2330.0,47031,0.0,0.0
2004-04-19 00:00:00+09:00,2310.0,2380.0,2275.0,2310.0,35065,0.0,0.0
2004-04-20 00:00:00+09:00,2315.0,2350.0,2300.0,2315.0,16270,0.0,0.0
2004-04-21 00:00:00+09:00,2310.0,2330.0,2265.0,2310.0,32520,0.0,0.0
2004-04-22 00:00:00+09:00,2500.0,2510.0,2300.0,2500.0,150410,0.0,0.0
2004-04-23 00:00:00+09:00,2630.0,2670.0,2585.0,2630.0,145916,0.0,0.0
2004-04-26 00:00:00+09:00,2820.0,2945.0,2650.0,2820.0,235302,0.0,0.0
2004-04-27 00:00:00+09:00,2690.0,2800.0,2520.0,2690.0,72116,0.0,0.0
2004-04-28 00:00:00+09:00,2550.0,2650.0,2520.0,2550.0,45811,0.0,0.0
2004-04-29 00:00:00+09:00,2350.0,2545.0,2315.0,2350.0,50203,0.0,0.0
2004-04-30 00:00:00+09:00,2375.0,2445.0,2250.0,2375.0,28639,0.0,0.0
2004-05-03 00:00:00+09:00,2380.0,2480.0,2365.0,2380.0,13615,0.0,0.0
2004-05-04 00:00:00+09:00,2410.0,2425.0,2380.0,2410.0,17377,0.0,0.0
2004-05-05 00:00:00+09:00,2410.0,2410.0,2410.0,2410.0,0,0.0,0.0
2004-05-06 00:00:00+09:00,2480.0,2480.0,2300.0,2410.0,34799,0.0,0.0
2004-05-07 00:00:00+09:00,2360.0,2420.0,2330.0,2380.0,27521,0.0,0.0
2004-05-10 00:00:00+09:00,2420.0,2420.0,2180.0,2240.0,15731,0.0,0.0
2004-05-11 00:00:00+09:00,2200.0,2320.0,2100.0,2160.0,30814,0.0,0.0
2004-05-12 00:00:00+09:00,2240.0,2285.0,2140.0,2145.0,201053,0.0,0.0
2004-05-13 00:00:00+09:00,2195.0,2200.0,2120.0,2175.0,52526,0.0,0.0
2004-05-14 00:00:00+09:00,2210.0,2210.0,2040.0,2045.0,64504,0.0,0.0
2004-05-17 00:00:00+09:00,2045.0,2045.0,1850.0,1950.0,47098,0.0,0.0
2004-05-18 00:00:00+09:00,1880.0,1960.0,1855.0,1915.0,30236,0.0,0.0
2004-05-19 00:00:00+09:00,1920.0,1985.0,1915.0,1985.0,26600,0.0,0.0
2004-05-20 00:00:00+09:00,1940.0,1960.0,1850.0,1850.0,18150,0.0,0.0
2004-05-21 00:00:00+09:00,1840.0,1865.0,1770.0,1815.0,18291,0.0,0.0
2004-05-24 00:00:00+09:00,1815.0,1900.0,1785.0,1830.0,9810,0.0,0.0
2004-05-25 00:00:00+09:00,1835.0,1860.0,1820.0,1820.0,17507,0.0,0.0
2004-05-26 00:00:00+09:00,1820.0,1820.0,1820.0,1820.0,0,0.0,0.0
2004-05-27 00:00:00+09:00,1850.0,1885.0,1830.0,1850.0,24623,0.0,0.0
2004-05-28 00:00:00+09:00,1895.0,1945.0,1860.0,1875.0,19388,0.0,0.0
2004-05-31 00:00:00+09:00,1825.0,1880.0,1820.0,1880.0,7934,0.0,0.0
2004-06-01 00:00:00+09:00,1880.0,1915.0,1850.0,1910.0,10290,0.0,0.0
2004-06-02 00:00:00+09:00,1905.0,1915.0,1855.0,1855.0,15350,0.0,0.0
2004-06-03 00:00:00+09:00,1905.0,1905.0,1780.0,1820.0,3872,0.0,0.0
2004-06-04 00:00:00+09:00,1800.0,1835.0,1760.0,1800.0,6970,0.0,0.0
2004-06-07 00:00:00+09:00,1775.0,1895.0,1775.0,1845.0,8332,0.0,0.0
2004-06-08 00:00:00+09:00,1850.0,1860.0,1795.0,1840.0,6710,0.0,0.0
2004-06-09 00:00:00+09:00,1800.0,1845.0,1790.0,1810.0,5031,0.0,0.0
2004-06-10 00:00:00+09:00,1800.0,1835.0,1780.0,1830.0,12851,0.0,0.0
2004-06-11 00:00:00+09:00,1805.0,1870.0,1780.0,1815.0,7370,0.0,0.0
2004-06-14 00:00:00+09:00,1840.0,1840.0,1715.0,1800.0,1705,0.0,0.0
2004-06-15 00:00:00+09:00,1810.0,1940.0,1805.0,1850.0,10702,0.0,0.0
2004-06-16 00:00:00+09:00,1905.0,1905.0,1750.0,1835.0,8649,0.0,0.0
2004-06-17 00:00:00+09:00,1830.0,1830.0,1780.0,1800.0,235,0.0,0.0
2004-06-18 00:00:00+09:00,1800.0,1820.0,1720.0,1720.0,6348,0.0,0.0
2004-06-21 00:00:00+09:00,1785.0,1785.0,1660.0,1660.0,7726,0.0,0.0
2004-06-22 00:00:00+09:00,1615.0,1675.0,1570.0,1600.0,31049,0.0,0.0
2004-06-23 00:00:00+09:00,1580.0,1635.0,1535.0,1540.0,14211,0.0,0.0
2004-06-24 00:00:00+09:00,1600.0,1655.0,1540.0,1640.0,1603,0.0,0.0
2004-06-25 00:00:00+09:00,1655.0,1680.0,1600.0,1635.0,8015,0.0,0.0
2004-06-28 00:00:00+09:00,1650.0,1700.0,1590.0,1610.0,20630,0.0,0.0
2004-06-29 00:00:00+09:00,1695.0,1695.0,1610.0,1610.0,1779,0.0,0.0
2004-06-30 00:00:00+09:00,1685.0,1710.0,1610.0,1705.0,23740,0.0,0.0
2004-07-01 00:00:00+09:00,1680.0,1745.0,1680.0,1700.0,18456,0.0,0.0
2004-07-02 00:00:00+09:00,1655.0,1690.0,1625.0,1625.0,9424,0.0,0.0
2004-07-05 00:00:00+09:00,1710.0,1710.0,1600.0,1650.0,3572,0.0,0.0
2004-07-06 00:00:00+09:00,1610.0,1685.0,1580.0,1615.0,3348,0.0,0.0
2004-07-07 00:00:00+09:00,1695.0,1695.0,1595.0,1645.0,2037,0.0,0.0
2004-07-08 00:00:00+09:00,1690.0,1690.0,1615.0,1640.0,67,0.0,0.0
2004-07-09 00:00:00+09:00,1605.0,1670.0,1605.0,1670.0,422,0.0,0.0
2004-07-12 00:00:00+09:00,1680.0,1700.0,1605.0,1670.0,17552,0.0,0.0
2004-07-13 00:00:00+09:00,1670.0,1680.0,1625.0,1655.0,5677,0.0,0.0
2004-07-14 00:00:00+09:00,1665.0,1670.0,1595.0,1630.0,10279,0.0,0.0
2004-07-15 00:00:00+09:00,1585.0,1630.0,1540.0,1600.0,3949,0.0,0.0
2004-07-16 00:00:00+09:00,1590.0,1590.0,1520.0,1575.0,5580,0.0,0.0
2004-07-19 00:00:00+09:00,1525.0,1575.0,1510.0,1550.0,5504,0.0,0.0
2004-07-20 00:00:00+09:00,1550.0,1550.0,1480.0,1500.0,8239,0.0,0.0
2004-07-21 00:00:00+09:00,1525.0,1585.0,1500.0,1585.0,12017,0.0,0.0
2004-07-22 00:00:00+09:00,1505.0,1575.0,1505.0,1530.0,4543,0.0,0.0
2004-07-23 00:00:00+09:00,1580.0,1580.0,1510.0,1560.0,1282,0.0,0.0
2004-07-26 00:00:00+09:00,1535.0,1545.0,1465.0,1495.0,10516,0.0,0.0
2004-07-27 00:00:00+09:00,1510.0,1600.0,1445.0,1530.0,25580,0.0,0.0
2004-07-28 00:00:00+09:00,1525.0,1525.0,1460.0,1475.0,6641,0.0,0.0
2004-07-29 00:00:00+09:00,1500.0,1500.0,1390.0,1450.0,9948,0.0,0.0
2004-07-30 00:00:00+09:00,1470.0,1470.0,1400.0,1440.0,7997,0.0,0.0
2004-08-02 00:00:00+09:00,1360.0,1450.0,1360.0,1450.0,12173,0.0,0.0
2004-08-03 00:00:00+09:00,1440.0,1440.0,1375.0,1430.0,1206,0.0,0.0
2004-08-04 00:00:00+09:00,1375.0,1430.0,1375.0,1420.0,2082,0.0,0.0
2004-08-05 00:00:00+09:00,1420.0,1450.0,1415.0,1415.0,16400,0.0,0.0
2004-08-06 00:00:00+09:00,1420.0,1420.0,1390.0,1420.0,3660,0.0,0.0
2004-08-09 00:00:00+09:00,1375.0,1590.0,1375.0,1590.0,19222,0.0,0.0
2004-08-10 00:00:00+09:00,1650.0,1655.0,1505.0,1605.0,7928,0.0,0.0
2004-08-11 00:00:00+09:00,1665.0,1690.0,1550.0,1690.0,16818,0.0,0.0
2004-08-12 00:00:00+09:00,1710.0,1715.0,1615.0,1715.0,13526,0.0,0.0
2004-08-13 00:00:00+09:00,1745.0,1745.0,1620.0,1650.0,9071,0.0,0.0
2004-08-16 00:00:00+09:00,1715.0,1780.0,1455.0,1455.0,46903,0.0,0.0
2004-08-17 00:00:00+09:00,1460.0,1500.0,1420.0,1475.0,9528,0.0,0.0
2004-08-18 00:00:00+09:00,1485.0,1500.0,1445.0,1445.0,7924,0.0,0.0
2004-08-19 00:00:00+09:00,1415.0,1475.0,1415.0,1430.0,8984,0.0,0.0
2004-08-20 00:00:00+09:00,1450.0,1475.0,1435.0,1445.0,3140,0.0,0.0
2004-08-23 00:00:00+09:00,1500.0,1500.0,1450.0,1480.0,9401,0.0,0.0
2004-08-24 00:00:00+09:00,1470.0,1500.0,1440.0,1495.0,3719,0.0,0.0
2004-08-25 00:00:00+09:00,1510.0,1535.0,1450.0,1495.0,6409,0.0,0.0
2004-08-26 00:00:00+09:00,1480.0,1540.0,1450.0,1515.0,31458,0.0,0.0
2004-08-27 00:00:00+09:00,1475.0,1520.0,1475.0,1500.0,4661,0.0,0.0
2004-08-30 00:00:00+09:00,1475.0,1500.0,1455.0,1455.0,6462,0.0,0.0
2004-08-31 00:00:00+09:00,1455.0,1500.0,1440.0,1480.0,12302,0.0,0.0
2004-09-01 00:00:00+09:00,1500.0,1550.0,1460.0,1540.0,37531,0.0,0.0
2004-09-02 00:00:00+09:00,1540.0,1540.0,1505.0,1540.0,8588,0.0,0.0
2004-09-03 00:00:00+09:00,1520.0,1560.0,1515.0,1540.0,15155,0.0,0.0
2004-09-06 00:00:00+09:00,1520.0,1550.0,1490.0,1540.0,6937,0.0,0.0
2004-09-07 00:00:00+09:00,1540.0,1540.0,1490.0,1530.0,12605,0.0,0.0
2004-09-08 00:00:00+09:00,1505.0,1565.0,1490.0,1555.0,24594,0.0,0.0
2004-09-09 00:00:00+09:00,1520.0,1550.0,1500.0,1520.0,6693,0.0,0.0
2004-09-10 00:00:00+09:00,1520.0,1540.0,1480.0,1530.0,12294,0.0,0.0
2004-09-13 00:00:00+09:00,1530.0,1540.0,1495.0,1520.0,18877,0.0,0.0
2004-09-14 00:00:00+09:00,1510.0,1540.0,1500.0,1540.0,12054,0.0,0.0
2004-09-15 00:00:00+09:00,1515.0,1555.0,1510.0,1535.0,6841,0.0,0.0
2004-09-16 00:00:00+09:00,1535.0,1545.0,1510.0,1540.0,6595,0.0,0.0
2004-09-17 00:00:00+09:00,1520.0,1570.0,1520.0,1535.0,19070,0.0,0.0
2004-09-20 00:00:00+09:00,1540.0,1585.0,1540.0,1565.0,38669,0.0,0.0
2004-09-21 00:00:00+09:00,1575.0,1575.0,1490.0,1490.0,46416,0.0,0.0
2004-09-22 00:00:00+09:00,1500.0,1530.0,1490.0,1490.0,28825,0.0,0.0
2004-09-23 00:00:00+09:00,1455.0,1500.0,1445.0,1485.0,10189,0.0,0.0
2004-09-24 00:00:00+09:00,1435.0,1490.0,1435.0,1450.0,19167,0.0,0.0
2004-09-27 00:00:00+09:00,1450.0,1450.0,1450.0,1450.0,0,0.0,0.0
2004-09-28 00:00:00+09:00,1450.0,1450.0,1450.0,1450.0,0,0.0,0.0
2004-09-29 00:00:00+09:00,1450.0,1450.0,1450.0,1450.0,0,0.0,0.0
2004-09-30 00:00:00+09:00,1405.0,1460.0,1405.0,1460.0,2127,0.0,0.0
2004-10-01 00:00:00+09:00,1515.0,1515.0,1430.0,1460.0,12300,0.0,0.0
2004-10-04 00:00:00+09:00,1520.0,1520.0,1450.0,1480.0,3438,0.0,0.0
2004-10-05 00:00:00+09:00,1510.0,1510.0,1480.0,1500.0,12527,0.0,0.0
2004-10-06 00:00:00+09:00,1515.0,1515.0,1445.0,1500.0,7501,0.0,0.0
2004-10-07 00:00:00+09:00,1435.0,1500.0,1435.0,1450.0,12792,0.0,0.0
2004-10-08 00:00:00+09:00,1450.0,1485.0,1395.0,1420.0,9743,0.0,0.0
2004-10-11 00:00:00+09:00,1420.0,1455.0,1420.0,1450.0,8873,0.0,0.0
2004-10-12 00:00:00+09:00,1420.0,1445.0,1405.0,1440.0,8408,0.0,0.0
2004-10-13 00:00:00+09:00,1420.0,1480.0,1420.0,1475.0,22461,0.0,0.0
2004-10-14 00:00:00+09:00,1480.0,1485.0,1445.0,1485.0,10305,0.0,0.0
2004-10-15 00:00:00+09:00,1440.0,1490.0,1440.0,1485.0,4751,0.0,0.0
2004-10-18 00:00:00+09:00,1490.0,1490.0,1450.0,1485.0,8612,0.0,0.0
2004-10-19 00:00:00+09:00,1490.0,1490.0,1450.0,1450.0,5076,0.0,0.0
2004-10-20 00:00:00+09:00,1475.0,1495.0,1420.0,1450.0,7043,0.0,0.0
2004-10-21 00:00:00+09:00,1435.0,1470.0,1400.0,1400.0,27139,0.0,0.0
2004-10-22 00:00:00+09:00,1400.0,1430.0,1380.0,1430.0,27743,0.0,0.0
2004-10-25 00:00:00+09:00,1400.0,1425.0,1365.0,1425.0,7300,0.0,0.0
2004-10-26 00:00:00+09:00,1430.0,1430.0,1360.0,1410.0,5029,0.0,0.0
2004-10-27 00:00:00+09:00,1430.0,1430.0,1360.0,1385.0,12463,0.0,0.0
2004-10-28 00:00:00+09:00,1415.0,1415.0,1370.0,1410.0,6068,0.0,0.0
2004-10-29 00:00:00+09:00,1375.0,1395.0,1350.0,1370.0,13327,0.0,0.0
2004-11-01 00:00:00+09:00,1355.0,1400.0,1355.0,1390.0,5236,0.0,0.0
2004-11-02 00:00:00+09:00,1390.0,1430.0,1390.0,1415.0,11630,0.0,0.0
2004-11-03 00:00:00+09:00,1440.0,1440.0,1385.0,1400.0,20744,0.0,0.0
2004-11-04 00:00:00+09:00,1390.0,1445.0,1380.0,1395.0,18848,0.0,0.0
2004-11-05 00:00:00+09:00,1395.0,1435.0,1395.0,1410.0,4651,0.0,0.0
2004-11-08 00:00:00+09:00,1465.0,1465.0,1420.0,1420.0,8497,0.0,0.0
2004-11-09 00:00:00+09:00,1385.0,1420.0,1385.0,1420.0,3847,0.0,0.0
2004-11-10 00:00:00+09:00,1400.0,1400.0,1390.0,1390.0,10219,0.0,0.0
2004-11-11 00:00:00+09:00,1385.0,1450.0,1365.0,1400.0,45717,0.0,0.0
2004-11-12 00:00:00+09:00,1385.0,1420.0,1365.0,1410.0,59244,0.0,0.0
2004-11-15 00:00:00+09:00,1415.0,1435.0,1380.0,1410.0,53324,0.0,0.0
2004-11-16 00:00:00+09:00,1400.0,1400.0,1390.0,1400.0,24444,0.0,0.0
2004-11-17 00:00:00+09:00,1390.0,1415.0,1385.0,1410.0,30690,0.0,0.0
2004-11-18 00:00:00+09:00,1395.0,1435.0,1395.0,1425.0,45186,0.0,0.0
2004-11-19 00:00:00+09:00,1420.0,1430.0,1400.0,1410.0,28986,0.0,0.0
2004-11-22 00:00:00+09:00,1410.0,1415.0,1380.0,1380.0,14533,0.0,0.0
2004-11-23 00:00:00+09:00,1385.0,1395.0,1370.0,1375.0,11958,0.0,0.0
2004-11-24 00:00:00+09:00,1380.0,1395.0,1370.0,1375.0,27604,0.0,0.0
2004-11-25 00:00:00+09:00,1375.0,1390.0,1360.0,1380.0,32546,0.0,0.0
2004-11-26 00:00:00+09:00,1370.0,1390.0,1370.0,1390.0,4840,0.0,0.0
2004-11-29 00:00:00+09:00,1370.0,1410.0,1370.0,1395.0,12384,0.0,0.0
2004-11-30 00:00:00+09:00,1375.0,1430.0,1375.0,1400.0,13793,0.0,0.0
2004-12-01 00:00:00+09:00,1405.0,1565.0,1405.0,1565.0,292879,0.0,0.0
2004-12-02 00:00:00+09:00,1630.0,1630.0,1520.0,1565.0,144679,0.0,0.0
2004-12-03 00:00:00+09:00,1595.0,1595.0,1455.0,1500.0,92411,0.0,0.0
2004-12-06 00:00:00+09:00,1550.0,1550.0,1480.0,1510.0,29775,0.0,0.0
2004-12-07 00:00:00+09:00,1510.0,1540.0,1460.0,1495.0,77532,0.0,0.0
2004-12-08 00:00:00+09:00,1520.0,1670.0,1500.0,1670.0,361695,0.0,0.0
2004-12-09 00:00:00+09:00,1695.0,1710.0,1575.0,1600.0,150567,0.0,0.0
2004-12-10 00:00:00+09:00,1645.0,1645.0,1530.0,1535.0,53680,0.0,0.0
2004-12-13 00:00:00+09:00,1530.0,1630.0,1530.0,1600.0,71405,0.0,0.0
2004-12-14 00:00:00+09:00,1600.0,1630.0,1545.0,1605.0,63501,0.0,0.0
2004-12-15 00:00:00+09:00,1585.0,1790.0,1585.0,1685.0,144789,0.0,0.0
2004-12-16 00:00:00+09:00,1730.0,1830.0,1710.0,1800.0,160647,0.0,0.0
2004-12-17 00:00:00+09:00,1765.0,1795.0,1710.0,1740.0,63165,0.0,0.0
2004-12-20 00:00:00+09:00,1760.0,1770.0,1655.0,1720.0,49717,0.0,0.0
2004-12-21 00:00:00+09:00,1690.0,1770.0,1620.0,1730.0,103495,0.0,0.0
2004-12-22 00:00:00+09:00,1755.0,1880.0,1750.0,1760.0,118910,0.0,0.0
2004-12-23 00:00:00+09:00,1800.0,1800.0,1660.0,1665.0,54851,0.0,0.0
2004-12-24 00:00:00+09:00,1720.0,1720.0,1620.0,1620.0,37482,0.0,0.0
2004-12-27 00:00:00+09:00,1660.0,1660.0,1605.0,1605.0,32057,0.0,0.0
2004-12-28 00:00:00+09:00,1600.0,1630.0,1585.0,1595.0,50231,0.0,0.0
2004-12-29 00:00:00+09:00,1550.0,1670.0,1535.0,1565.0,21406,0.0,0.0
2004-12-30 00:00:00+09:00,1520.0,1570.0,1515.0,1570.0,43344,0.0,0.0
2005-01-03 00:00:00+09:00,1570.0,1655.0,1550.0,1640.0,59256,0.0,0.0
2005-01-04 00:00:00+09:00,1600.0,1670.0,1585.0,1660.0,81813,0.0,0.0
2005-01-05 00:00:00+09:00,1635.0,1670.0,1620.0,1640.0,34258,0.0,0.0
2005-01-06 00:00:00+09:00,1670.0,1740.0,1665.0,1675.0,58218,0.0,0.0
2005-01-07 00:00:00+09:00,1630.0,1700.0,1630.0,1670.0,26022,0.0,0.0
2005-01-10 00:00:00+09:00,1655.0,1740.0,1650.0,1725.0,53643,0.0,0.0
2005-01-11 00:00:00+09:00,1750.0,1790.0,1695.0,1730.0,35379,0.0,0.0
2005-01-12 00:00:00+09:00,1700.0,1720.0,1655.0,1655.0,34249,0.0,0.0
2005-01-13 00:00:00+09:00,1695.0,1695.0,1650.0,1690.0,28399,0.0,0.0
2005-01-14 00:00:00+09:00,1655.0,1705.0,1655.0,1700.0,51605,0.0,0.0
2005-01-17 00:00:00+09:00,1720.0,1815.0,1710.0,1800.0,101955,0.0,0.0
2005-01-18 00:00:00+09:00,1875.0,1875.0,1750.0,1750.0,53201,0.0,0.0
2005-01-19 00:00:00+09:00,1790.0,1960.0,1700.0,1960.0,191719,0.0,0.0
2005-01-20 00:00:00+09:00,2000.0,2150.0,1870.0,1980.0,199745,0.0,0.0
2005-01-21 00:00:00+09:00,1965.0,2070.0,1920.0,1990.0,66352,0.0,0.0
2005-01-24 00:00:00+09:00,2085.0,2145.0,1965.0,2145.0,201772,0.0,0.0
2005-01-25 00:00:00+09:00,2145.0,2180.0,2015.0,2145.0,125522,0.0,0.0
2005-01-26 00:00:00+09:00,2225.0,2230.0,2065.0,2070.0,55542,0.0,0.0
2005-01-27 00:00:00+09:00,2020.0,2315.0,2000.0,2315.0,168787,0.0,0.0
2005-01-28 00:00:00+09:00,2490.0,2580.0,2300.0,2400.0,135559,0.0,0.0
2005-01-31 00:00:00+09:00,2450.0,2450.0,2300.0,2390.0,55413,0.0,0.0
2005-02-01 00:00:00+09:00,2390.0,2390.0,2105.0,2105.0,108546,0.0,0.0
2005-02-02 00:00:00+09:00,2100.0,2180.0,2040.0,2105.0,52921,0.0,0.0
2005-02-03 00:00:00+09:00,2200.0,2280.0,2035.0,2200.0,78033,0.0,0.0
2005-02-04 00:00:00+09:00,2110.0,2190.0,2090.0,2140.0,36658,0.0,0.0
2005-02-07 00:00:00+09:00,2140.0,2325.0,2120.0,2260.0,0,0.0,0.0
2005-02-11 00:00:00+09:00,2225.0,2250.0,2180.0,2240.0,47568,0.0,0.0
2005-02-14 00:00:00+09:00,2280.0,2450.0,2250.0,2360.0,100948,0.0,0.0
2005-02-15 00:00:00+09:00,2450.0,2450.0,2300.0,2370.0,46037,0.0,0.0
2005-02-16 00:00:00+09:00,2390.0,2650.0,2390.0,2650.0,361368,0.0,0.0
2005-02-17 00:00:00+09:00,2770.0,2900.0,2705.0,2750.0,211989,0.0,0.0
2005-02-18 00:00:00+09:00,2700.0,2800.0,2610.0,2660.0,79375,0.0,0.0
2005-02-21 00:00:00+09:00,2680.0,2970.0,2630.0,2815.0,165896,0.0,0.0
2005-02-22 00:00:00+09:00,2815.0,3000.0,2480.0,2485.0,399282,0.0,0.0
2005-02-23 00:00:00+09:00,2330.0,2415.0,2305.0,2365.0,129605,0.0,0.0
2005-02-24 00:00:00+09:00,2330.0,2450.0,2330.0,2375.0,117781,0.0,0.0
2005-02-25 00:00:00+09:00,2305.0,2575.0,2250.0,2375.0,264795,0.0,0.0
2005-02-28 00:00:00+09:00,2305.0,2310.0,2090.0,2090.0,194514,0.0,0.0
2005-03-02 00:00:00+09:00,2110.0,2140.0,2020.0,2105.0,78120,0.0,0.0
2005-03-03 00:00:00+09:00,2050.0,2135.0,2050.0,2120.0,55713,0.0,0.0
2005-03-04 00:00:00+09:00,2085.0,2175.0,2080.0,2155.0,64006,0.0,0.0
2005-03-07 00:00:00+09:00,2185.0,2190.0,2100.0,2160.0,66833,0.0,0.0
2005-03-08 00:00:00+09:00,2160.0,2160.0,2020.0,2050.0,35406,0.0,0.0
2005-03-09 00:00:00+09:00,2050.0,2050.0,1910.0,2000.0,27338,0.0,0.0
2005-03-10 00:00:00+09:00,1940.0,2000.0,1900.0,1920.0,23582,0.0,0.0
2005-03-11 00:00:00+09:00,1875.0,1940.0,1875.0,1910.0,24587,0.0,0.0
2005-03-14 00:00:00+09:00,1905.0,2025.0,1905.0,2025.0,39612,0.0,0.0
2005-03-15 00:00:00+09:00,2025.0,2050.0,1880.0,1975.0,26581,0.0,0.0
2005-03-16 00:00:00+09:00,1950.0,2005.0,1880.0,2005.0,21614,0.0,0.0
2005-03-17 00:00:00+09:00,1950.0,2020.0,1920.0,1920.0,17341,0.0,0.0
2005-03-18 00:00:00+09:00,1885.0,1950.0,1880.0,1900.0,16875,0.0,0.0
2005-03-21 00:00:00+09:00,1865.0,1920.0,1840.0,1850.0,9655,0.0,0.0
2005-03-22 00:00:00+09:00,1850.0,1880.0,1830.0,1865.0,15059,0.0,0.0
2005-03-23 00:00:00+09:00,1820.0,1880.0,1800.0,1830.0,13994,0.0,0.0
2005-03-24 00:00:00+09:00,1800.0,1875.0,1770.0,1815.0,5336,0.0,0.0
2005-03-25 00:00:00+09:00,1780.0,1835.0,1780.0,1785.0,16236,0.0,0.0
2005-03-28 00:00:00+09:00,1785.0,1870.0,1785.0,1845.0,29263,0.0,0.0
2005-03-29 00:00:00+09:00,1830.0,1875.0,1785.0,1820.0,18402,0.0,0.0
2005-03-30 00:00:00+09:00,1830.0,1830.0,1720.0,1750.0,12935,0.0,0.0
2005-03-31 00:00:00+09:00,1790.0,1795.0,1745.0,1795.0,10121,0.0,0.0
2005-04-01 00:00:00+09:00,1800.0,1820.0,1755.0,1820.0,9420,0.0,0.0
2005-04-04 00:00:00+09:00,1785.0,1820.0,1750.0,1815.0,14535,0.0,0.0
2005-04-06 00:00:00+09:00,1780.0,1865.0,1780.0,1840.0,20110,0.0,0.0
2005-04-07 00:00:00+09:00,1800.0,1855.0,1800.0,1820.0,8969,0.0,0.0
2005-04-08 00:00:00+09:00,1890.0,1890.0,1800.0,1830.0,11114,0.0,0.0
2005-04-11 00:00:00+09:00,1850.0,1850.0,1750.0,1820.0,17512,0.0,0.0
2005-04-12 00:00:00+09:00,1800.0,1840.0,1775.0,1820.0,26867,0.0,0.0
2005-04-13 00:00:00+09:00,1810.0,1820.0,1790.0,1810.0,10332,0.0,0.0
2005-04-14 00:00:00+09:00,1810.0,1925.0,1810.0,1870.0,127765,0.0,0.0
2005-04-15 00:00:00+09:00,1920.0,1920.0,1845.0,1875.0,35476,0.0,0.0
2005-04-18 00:00:00+09:00,1920.0,1920.0,1700.0,1700.0,45020,0.0,0.0
2005-04-19 00:00:00+09:00,1680.0,1955.0,1680.0,1955.0,256070,0.0,0.0
2005-04-20 00:00:00+09:00,2000.0,2055.0,1870.0,1920.0,185432,0.0,0.0
2005-04-21 00:00:00+09:00,1875.0,1900.0,1780.0,1790.0,122283,0.0,0.0
2005-04-22 00:00:00+09:00,1825.0,1890.0,1800.0,1825.0,76419,0.0,0.0
2005-04-25 00:00:00+09:00,1780.0,1835.0,1745.0,1755.0,33066,0.0,0.0
2005-04-26 00:00:00+09:00,1760.0,1820.0,1760.0,1770.0,39657,0.0,0.0
2005-04-27 00:00:00+09:00,1735.0,1770.0,1650.0,1685.0,44007,0.0,0.0
2005-04-28 00:00:00+09:00,1690.0,1695.0,1640.0,1640.0,20708,0.0,0.0
2005-04-29 00:00:00+09:00,1590.0,1650.0,1590.0,1650.0,1809,0.0,0.0
2005-05-02 00:00:00+09:00,1605.0,1660.0,1575.0,1580.0,15308,0.0,0.0
2005-05-03 00:00:00+09:00,1600.0,1610.0,1540.0,1550.0,16007,0.0,0.0
2005-05-04 00:00:00+09:00,1590.0,1630.0,1560.0,1630.0,27217,0.0,0.0
2005-05-06 00:00:00+09:00,1615.0,1690.0,1615.0,1650.0,13886,0.0,0.0
2005-05-09 00:00:00+09:00,1660.0,1660.0,1620.0,1620.0,10332,0.0,0.0
2005-05-10 00:00:00+09:00,1610.0,1655.0,1560.0,1610.0,14190,0.0,0.0
2005-05-11 00:00:00+09:00,1575.0,1615.0,1570.0,1595.0,9690,0.0,0.0
2005-05-12 00:00:00+09:00,1565.0,1595.0,1535.0,1535.0,23802,0.0,0.0
2005-05-13 00:00:00+09:00,1550.0,1555.0,1495.0,1530.0,65584,0.0,0.0
2005-05-16 00:00:00+09:00,1530.0,1560.0,1520.0,1530.0,20504,0.0,0.0
2005-05-17 00:00:00+09:00,1545.0,1570.0,1500.0,1540.0,39871,0.0,0.0
2005-05-18 00:00:00+09:00,1550.0,1595.0,1530.0,1565.0,28771,0.0,0.0
2005-05-19 00:00:00+09:00,1570.0,1620.0,1570.0,1615.0,63041,0.0,0.0
2005-05-20 00:00:00+09:00,1600.0,1605.0,1560.0,1590.0,24640,0.0,0.0
2005-05-23 00:00:00+09:00,1565.0,1595.0,1550.0,1585.0,13288,0.0,0.0
2005-05-24 00:00:00+09:00,1585.0,1610.0,1565.0,1565.0,14111,0.0,0.0
2005-05-25 00:00:00+09:00,1560.0,1605.0,1550.0,1575.0,37778,0.0,0.0
2005-05-26 00:00:00+09:00,1590.0,1635.0,1550.0,1610.0,94731,0.0,0.0
2005-05-27 00:00:00+09:00,1625.0,1665.0,1610.0,1650.0,56765,0.0,0.0
2005-05-30 00:00:00+09:00,1680.0,1680.0,1630.0,1650.0,47376,0.0,0.0
2005-05-31 00:00:00+09:00,1635.0,1650.0,1600.0,1600.0,53758,0.0,0.0
2005-06-01 00:00:00+09:00,1595.0,1615.0,1580.0,1615.0,40158,0.0,0.0
2005-06-02 00:00:00+09:00,1610.0,1635.0,1605.0,1620.0,42835,0.0,0.0
2005-06-03 00:00:00+09:00,1615.0,1630.0,1595.0,1620.0,38279,0.0,0.0
2005-06-07 00:00:00+09:00,1620.0,1680.0,1620.0,1635.0,59722,0.0,0.0
2005-06-08 00:00:00+09:00,1655.0,1730.0,1645.0,1700.0,34115,0.0,0.0
2005-06-09 00:00:00+09:00,1680.0,1710.0,1650.0,1670.0,52461,0.0,0.0
2005-06-10 00:00:00+09:00,1690.0,1705.0,1655.0,1675.0,31411,0.0,0.0
2005-06-13 00:00:00+09:00,1675.0,1700.0,1650.0,1660.0,52824,0.0,0.0
2005-06-14 00:00:00+09:00,1655.0,1690.0,1610.0,1625.0,45392,0.0,0.0
2005-06-15 00:00:00+09:00,1610.0,1650.0,1600.0,1645.0,52136,0.0,0.0
2005-06-16 00:00:00+09:00,1650.0,1670.0,1625.0,1640.0,36270,0.0,0.0
2005-06-17 00:00:00+09:00,1635.0,1650.0,1620.0,1625.0,29988,0.0,0.0
2005-06-20 00:00:00+09:00,1625.0,1680.0,1610.0,1630.0,57794,0.0,0.0
2005-06-21 00:00:00+09:00,1645.0,1680.0,1630.0,1660.0,70825,0.0,0.0
2005-06-22 00:00:00+09:00,1715.0,1905.0,1675.0,1905.0,174053,0.0,0.0
2005-06-23 00:00:00+09:00,1985.0,1985.0,1805.0,1865.0,450762,0.0,0.0
2005-06-24 00:00:00+09:00,1820.0,1860.0,1780.0,1815.0,114058,0.0,0.0
2005-06-27 00:00:00+09:00,1800.0,1850.0,1725.0,1725.0,102177,0.0,0.0
2005-06-28 00:00:00+09:00,1710.0,1805.0,1710.0,1780.0,86203,0.0,0.0
2005-06-29 00:00:00+09:00,1830.0,1830.0,1750.0,1750.0,58704,0.0,0.0
2005-06-30 00:00:00+09:00,1750.0,1875.0,1750.0,1805.0,66631,0.0,0.0
2005-07-01 00:00:00+09:00,1880.0,1900.0,1810.0,1850.0,72251,0.0,0.0
2005-07-04 00:00:00+09:00,1810.0,1875.0,1805.0,1820.0,83139,0.0,0.0
2005-07-05 00:00:00+09:00,1820.0,1860.0,1780.0,1785.0,78563,0.0,0.0
2005-07-06 00:00:00+09:00,1820.0,2030.0,1820.0,1930.0,202684,0.0,0.0
2005-07-07 00:00:00+09:00,2005.0,2025.0,1890.0,1905.0,110179,0.0,0.0
2005-07-08 00:00:00+09:00,1870.0,1930.0,1835.0,1835.0,116670,0.0,0.0
2005-07-11 00:00:00+09:00,1860.0,1930.0,1860.0,1885.0,100227,0.0,0.0
2005-07-12 00:00:00+09:00,1910.0,2125.0,1890.0,2040.0,301459,0.0,0.0
2005-07-13 00:00:00+09:00,2070.0,2070.0,1970.0,2050.0,218525,0.0,0.0
2005-07-14 00:00:00+09:00,2070.0,2120.0,2020.0,2030.0,130741,0.0,0.0
2005-07-15 00:00:00+09:00,2035.0,2070.0,1965.0,1970.0,115292,0.0,0.0
2005-07-18 00:00:00+09:00,1990.0,2020.0,1940.0,1990.0,83373,0.0,0.0
2005-07-19 00:00:00+09:00,1990.0,2020.0,1935.0,1935.0,50394,0.0,0.0
2005-07-20 00:00:00+09:00,1915.0,1980.0,1870.0,1875.0,117968,0.0,0.0
2005-07-21 00:00:00+09:00,1900.0,1945.0,1875.0,1875.0,51614,0.0,0.0
2005-07-22 00:00:00+09:00,1855.0,1900.0,1815.0,1835.0,43032,0.0,0.0
2005-07-25 00:00:00+09:00,1830.0,1870.0,1830.0,1855.0,70346,0.0,0.0
2005-07-26 00:00:00+09:00,1855.0,1880.0,1830.0,1850.0,76858,0.0,0.0
2005-07-27 00:00:00+09:00,1835.0,1885.0,1830.0,1855.0,69700,0.0,0.0
2005-07-28 00:00:00+09:00,1860.0,1945.0,1860.0,1940.0,138410,0.0,0.0
2005-07-29 00:00:00+09:00,1940.0,1980.0,1890.0,1900.0,106527,0.0,0.0
2005-08-01 00:00:00+09:00,1900.0,1900.0,1830.0,1860.0,106602,0.0,0.0
2005-08-02 00:00:00+09:00,1850.0,1890.0,1845.0,1855.0,83690,0.0,0.0
2005-08-03 00:00:00+09:00,1820.0,1865.0,1800.0,1800.0,83603,0.0,0.0
2005-08-04 00:00:00+09:00,1840.0,1840.0,1700.0,1730.0,49642,0.0,0.0
2005-08-05 00:00:00+09:00,1740.0,1740.0,1605.0,1630.0,48197,0.0,0.0
2005-08-08 00:00:00+09:00,1605.0,1700.0,1605.0,1630.0,86392,0.0,0.0
2005-08-09 00:00:00+09:00,1615.0,1680.0,1615.0,1650.0,31531,0.0,0.0
2005-08-10 00:00:00+09:00,1655.0,1690.0,1650.0,1655.0,40286,0.0,0.0
2005-08-11 00:00:00+09:00,1650.0,1710.0,1630.0,1710.0,42004,0.0,0.0
2005-08-12 00:00:00+09:00,1720.0,1720.0,1650.0,1670.0,55126,0.0,0.0
2005-08-16 00:00:00+09:00,1650.0,1670.0,1625.0,1625.0,38420,0.0,0.0
2005-08-17 00:00:00+09:00,1600.0,1610.0,1515.0,1550.0,139748,0.0,0.0
2005-08-18 00:00:00+09:00,1525.0,1580.0,1525.0,1555.0,31437,0.0,0.0
2005-08-19 00:00:00+09:00,1545.0,1550.0,1500.0,1535.0,38182,0.0,0.0
2005-08-22 00:00:00+09:00,1520.0,1570.0,1520.0,1570.0,56659,0.0,0.0
2005-08-23 00:00:00+09:00,1545.0,1630.0,1545.0,1555.0,55435,0.0,0.0
2005-08-24 00:00:00+09:00,1550.0,1575.0,1525.0,1555.0,54950,0.0,0.0
2005-08-25 00:00:00+09:00,1550.0,1575.0,1550.0,1570.0,27789,0.0,0.0
2005-08-26 00:00:00+09:00,1570.0,1615.0,1535.0,1535.0,61561,0.0,0.0
2005-08-29 00:00:00+09:00,1520.0,1525.0,1495.0,1520.0,57966,0.0,0.0
2005-08-30 00:00:00+09:00,1535.0,1535.0,1500.0,1530.0,36859,0.0,0.0
2005-08-31 00:00:00+09:00,1510.0,1585.0,1510.0,1585.0,32930,0.0,0.0
2005-09-01 00:00:00+09:00,1590.0,1650.0,1565.0,1600.0,200831,0.0,0.0
2005-09-02 00:00:00+09:00,1590.0,1630.0,1585.0,1625.0,31250,0.0,0.0
2005-09-05 00:00:00+09:00,1610.0,1725.0,1610.0,1625.0,162314,0.0,0.0
2005-09-06 00:00:00+09:00,1620.0,1655.0,1620.0,1650.0,40131,0.0,0.0
2005-09-07 00:00:00+09:00,1705.0,1705.0,1655.0,1655.0,60393,0.0,0.0
2005-09-08 00:00:00+09:00,1650.0,1680.0,1625.0,1650.0,30853,0.0,0.0
2005-09-09 00:00:00+09:00,1675.0,1675.0,1625.0,1645.0,27173,0.0,0.0
2005-09-12 00:00:00+09:00,1650.0,1670.0,1635.0,1665.0,57551,0.0,0.0
2005-09-13 00:00:00+09:00,1665.0,1680.0,1645.0,1675.0,40375,0.0,0.0
2005-09-14 00:00:00+09:00,1690.0,1770.0,1650.0,1675.0,208434,0.0,0.0
2005-09-15 00:00:00+09:00,1660.0,1690.0,1630.0,1650.0,62296,0.0,0.0
2005-09-16 00:00:00+09:00,1640.0,1735.0,1630.0,1730.0,85796,0.0,0.0
2005-09-20 00:00:00+09:00,1710.0,1780.0,1685.0,1730.0,123268,0.0,0.0
2005-09-21 00:00:00+09:00,1720.0,1900.0,1720.0,1795.0,349243,0.0,0.0
2005-09-22 00:00:00+09:00,1795.0,1830.0,1765.0,1800.0,257761,0.0,0.0
2005-09-23 00:00:00+09:00,1790.0,1850.0,1760.0,1795.0,528639,0.0,0.0
2005-09-26 00:00:00+09:00,1800.0,1855.0,1780.0,1840.0,234372,0.0,0.0
2005-09-27 00:00:00+09:00,1840.0,1840.0,1740.0,1760.0,191633,0.0,0.0
2005-09-28 00:00:00+09:00,1740.0,1855.0,1735.0,1770.0,221758,0.0,0.0
2005-09-29 00:00:00+09:00,1810.0,1820.0,1775.0,1790.0,203620,0.0,0.0
2005-09-30 00:00:00+09:00,1775.0,1790.0,1755.0,1775.0,73892,0.0,0.0
2005-10-04 00:00:00+09:00,1770.0,1810.0,1770.0,1790.0,64086,0.0,0.0
2005-10-05 00:00:00+09:00,1810.0,1810.0,1755.0,1780.0,94160,0.0,0.0
2005-10-06 00:00:00+09:00,1765.0,1775.0,1745.0,1750.0,48449,0.0,0.0
2005-10-07 00:00:00+09:00,1750.0,1795.0,1735.0,1795.0,124123,0.0,0.0
2005-10-10 00:00:00+09:00,1810.0,1820.0,1795.0,1805.0,130429,0.0,0.0
2005-10-11 00:00:00+09:00,1815.0,1835.0,1795.0,1820.0,131275,0.0,0.0
2005-10-12 00:00:00+09:00,1820.0,1830.0,1760.0,1760.0,154600,0.0,0.0
2005-10-13 00:00:00+09:00,1760.0,1900.0,1760.0,1840.0,261396,0.0,0.0
2005-10-14 00:00:00+09:00,1845.0,1940.0,1840.0,1860.0,135792,0.0,0.0
2005-10-17 00:00:00+09:00,1860.0,1875.0,1770.0,1770.0,108145,0.0,0.0
2005-10-18 00:00:00+09:00,1760.0,1790.0,1745.0,1775.0,60552,0.0,0.0
2005-10-19 00:00:00+09:00,1765.0,1780.0,1675.0,1690.0,127708,0.0,0.0
2005-10-20 00:00:00+09:00,1710.0,1730.0,1700.0,1700.0,17329,0.0,0.0
2005-10-21 00:00:00+09:00,1665.0,1705.0,1650.0,1700.0,44850,0.0,0.0
2005-10-24 00:00:00+09:00,1680.0,1770.0,1680.0,1730.0,72780,0.0,0.0
2005-10-25 00:00:00+09:00,1740.0,1770.0,1730.0,1755.0,25927,0.0,0.0
2005-10-26 00:00:00+09:00,1755.0,1755.0,1730.0,1735.0,29224,0.0,0.0
2005-10-27 00:00:00+09:00,1715.0,1785.0,1715.0,1730.0,33622,0.0,0.0
2005-10-28 00:00:00+09:00,1720.0,1760.0,1695.0,1760.0,24792,0.0,0.0
2005-10-31 00:00:00+09:00,1750.0,1850.0,1750.0,1850.0,37058,0.0,0.0
2005-11-01 00:00:00+09:00,1860.0,1870.0,1785.0,1810.0,28290,0.0,0.0
2005-11-02 00:00:00+09:00,1790.0,2080.0,1790.0,1910.0,472173,0.0,0.0
2005-11-03 00:00:00+09:00,1900.0,1930.0,1830.0,1870.0,139294,0.0,0.0
2005-11-04 00:00:00+09:00,1900.0,1900.0,1800.0,1800.0,175745,0.0,0.0
2005-11-07 00:00:00+09:00,1800.0,1835.0,1785.0,1830.0,102405,0.0,0.0
2005-11-08 00:00:00+09:00,1810.0,1870.0,1810.0,1840.0,109904,0.0,0.0
2005-11-09 00:00:00+09:00,1840.0,1910.0,1825.0,1875.0,111320,0.0,0.0
2005-11-10 00:00:00+09:00,1880.0,1920.0,1855.0,1895.0,59464,0.0,0.0
2005-11-11 00:00:00+09:00,1895.0,1940.0,1875.0,1920.0,97381,0.0,0.0
2005-11-14 00:00:00+09:00,1910.0,1940.0,1895.0,1925.0,49932,0.0,0.0
2005-11-15 00:00:00+09:00,1920.0,1935.0,1885.0,1900.0,43160,0.0,0.0
2005-11-16 00:00:00+09:00,1880.0,1900.0,1830.0,1865.0,92979,0.0,0.0
2005-11-17 00:00:00+09:00,1890.0,1900.0,1835.0,1860.0,35467,0.0,0.0
2005-11-18 00:00:00+09:00,1860.0,1910.0,1860.0,1910.0,46063,0.0,0.0
2005-11-21 00:00:00+09:00,1910.0,2000.0,1910.0,1960.0,79347,0.0,0.0
2005-11-22 00:00:00+09:00,1960.0,1985.0,1905.0,1955.0,37497,0.0,0.0
2005-11-23 00:00:00+09:00,1970.0,2060.0,1955.0,2050.0,137732,0.0,0.0
2005-11-24 00:00:00+09:00,2095.0,2100.0,1960.0,1985.0,102053,0.0,0.0
2005-11-25 00:00:00+09:00,1985.0,2030.0,1950.0,2020.0,78391,0.0,0.0
2005-11-28 00:00:00+09:00,2020.0,2090.0,1990.0,2000.0,59462,0.0,0.0
2005-11-29 00:00:00+09:00,2000.0,2025.0,1950.0,1985.0,68706,0.0,0.0
2005-11-30 00:00:00+09:00,1980.0,2010.0,1950.0,2000.0,80242,0.0,0.0
2005-12-01 00:00:00+09:00,2015.0,2235.0,2015.0,2115.0,226488,0.0,0.0
2005-12-02 00:00:00+09:00,2115.0,2170.0,2095.0,2100.0,129968,0.0,0.0
2005-12-05 00:00:00+09:00,2100.0,2365.0,2065.0,2260.0,231540,0.0,0.0
2005-12-06 00:00:00+09:00,2300.0,2500.0,2180.0,2430.0,185228,0.0,0.0
2005-12-07 00:00:00+09:00,2360.0,2465.0,2220.0,2360.0,199792,0.0,0.0
2005-12-08 00:00:00+09:00,2295.0,2360.0,2195.0,2260.0,187514,0.0,0.0
2005-12-09 00:00:00+09:00,2240.0,2315.0,2205.0,2270.0,104341,0.0,0.0
2005-12-12 00:00:00+09:00,2245.0,2365.0,2245.0,2285.0,86292,0.0,0.0
2005-12-13 00:00:00+09:00,2300.0,2355.0,2220.0,2290.0,114229,0.0,0.0
2005-12-14 00:00:00+09:00,2270.0,2445.0,2270.0,2400.0,132521,0.0,0.0
2005-12-15 00:00:00+09:00,2430.0,2430.0,2355.0,2415.0,87952,0.0,0.0
2005-12-16 00:00:00+09:00,2320.0,2340.0,2175.0,2300.0,122691,0.0,0.0
2005-12-19 00:00:00+09:00,2220.0,2335.0,2200.0,2300.0,80491,0.0,0.0
2005-12-20 00:00:00+09:00,2250.0,2340.0,2225.0,2225.0,162151,0.0,0.0
2005-12-21 00:00:00+09:00,2220.0,2255.0,2170.0,2225.0,67372,0.0,0.0
2005-12-22 00:00:00+09:00,2250.0,2265.0,2030.0,2030.0,100079,0.0,0.0
2005-12-23 00:00:00+09:00,1990.0,2060.0,1965.0,1980.0,46451,0.0,0.0
2005-12-26 00:00:00+09:00,1975.0,2040.0,1975.0,2035.0,26428,0.0,0.0
2005-12-27 00:00:00+09:00,2010.0,2075.0,2000.0,2060.0,53024,0.0,0.0
2005-12-28 00:00:00+09:00,2035.0,2190.0,2030.0,2070.0,93257,0.0,0.0
2005-12-29 00:00:00+09:00,2050.0,2120.0,2050.0,2090.0,14745,0.0,0.0
2006-01-02 00:00:00+09:00,2100.0,2400.0,2080.0,2400.0,271978,0.0,0.0
2006-01-03 00:00:00+09:00,2430.0,2440.0,2280.0,2440.0,153375,0.0,0.0
2006-01-04 00:00:00+09:00,2470.0,2570.0,2370.0,2370.0,124138,0.0,0.0
2006-01-05 00:00:00+09:00,2385.0,2725.0,2305.0,2725.0,708515,0.0,0.0
2006-01-06 00:00:00+09:00,2700.0,2830.0,2600.0,2720.0,311107,0.0,0.0
2006-01-09 00:00:00+09:00,2750.0,2770.0,2520.0,2520.0,240213,0.0,0.0
2006-01-10 00:00:00+09:00,2470.0,2545.0,2340.0,2435.0,129575,0.0,0.0
2006-01-11 00:00:00+09:00,2395.0,2520.0,2390.0,2450.0,55026,0.0,0.0
2006-01-12 00:00:00+09:00,2450.0,2515.0,2370.0,2445.0,83297,0.0,0.0
2006-01-13 00:00:00+09:00,2395.0,2500.0,2350.0,2500.0,80502,0.0,0.0
2006-01-16 00:00:00+09:00,2500.0,2540.0,2440.0,2535.0,38089,0.0,0.0
2006-01-17 00:00:00+09:00,2570.0,2670.0,2480.0,2600.0,75188,0.0,0.0
2006-01-18 00:00:00+09:00,2540.0,2590.0,2295.0,2500.0,49090,0.0,0.0
2006-01-19 00:00:00+09:00,2455.0,2495.0,2300.0,2495.0,88446,0.0,0.0
2006-01-20 00:00:00+09:00,2400.0,2470.0,2330.0,2350.0,34387,0.0,0.0
2006-01-23 00:00:00+09:00,2120.0,2255.0,2000.0,2000.0,62529,0.0,0.0
2006-01-24 00:00:00+09:00,1900.0,2020.0,1800.0,1960.0,89065,0.0,0.0
2006-01-25 00:00:00+09:00,1930.0,2060.0,1930.0,2000.0,36999,0.0,0.0
2006-01-26 00:00:00+09:00,1960.0,2060.0,1960.0,2030.0,30745,0.0,0.0
2006-01-27 00:00:00+09:00,2035.0,2130.0,2035.0,2100.0,13991,0.0,0.0
2006-01-31 00:00:00+09:00,2100.0,2290.0,2100.0,2105.0,25800,0.0,0.0
2006-02-01 00:00:00+09:00,2100.0,2120.0,1960.0,2050.0,29989,0.0,0.0
2006-02-02 00:00:00+09:00,2040.0,2060.0,1965.0,2030.0,36236,0.0,0.0
2006-02-03 00:00:00+09:00,1960.0,2020.0,1945.0,1950.0,8563,0.0,0.0
2006-02-06 00:00:00+09:00,1855.0,1970.0,1855.0,1950.0,3814,0.0,0.0
2006-02-07 00:00:00+09:00,1910.0,2000.0,1905.0,2000.0,10302,0.0,0.0
2006-02-08 00:00:00+09:00,1985.0,2070.0,1985.0,2015.0,4880,0.0,0.0
2006-02-09 00:00:00+09:00,2035.0,2035.0,1940.0,2020.0,2401,0.0,0.0
2006-02-10 00:00:00+09:00,1995.0,2215.0,1960.0,2215.0,72234,0.0,0.0
2006-02-13 00:00:00+09:00,2190.0,2235.0,2120.0,2190.0,24118,0.0,0.0
2006-02-14 00:00:00+09:00,2190.0,2225.0,2100.0,2225.0,12130,0.0,0.0
2006-02-15 00:00:00+09:00,2230.0,2230.0,2015.0,2100.0,34146,0.0,0.0
2006-02-16 00:00:00+09:00,2095.0,2180.0,2040.0,2110.0,40227,0.0,0.0
2006-02-17 00:00:00+09:00,2125.0,2240.0,2100.0,2230.0,11387,0.0,0.0
2006-02-20 00:00:00+09:00,2230.0,2275.0,2170.0,2230.0,13023,0.0,0.0
2006-02-21 00:00:00+09:00,2200.0,2240.0,2190.0,2195.0,12350,0.0,0.0
2006-02-22 00:00:00+09:00,2165.0,2235.0,2165.0,2200.0,6678,0.0,0.0
2006-02-23 00:00:00+09:00,2245.0,2245.0,2130.0,2205.0,30449,0.0,0.0
2006-02-24 00:00:00+09:00,2180.0,2200.0,2140.0,2190.0,4526,0.0,0.0
2006-02-27 00:00:00+09:00,2110.0,2175.0,2080.0,2165.0,39004,0.0,0.0
2006-02-28 00:00:00+09:00,2135.0,2145.0,2065.0,2065.0,31601,0.0,0.0
2006-03-02 00:00:00+09:00,2100.0,2150.0,2030.0,2035.0,24613,0.0,0.0
2006-03-03 00:00:00+09:00,2020.0,2060.0,1920.0,2010.0,39246,0.0,0.0
2006-03-06 00:00:00+09:00,2010.0,2045.0,1960.0,2025.0,32039,0.0,0.0
2006-03-07 00:00:00+09:00,2025.0,2025.0,1900.0,1900.0,51839,0.0,0.0
2006-03-08 00:00:00+09:00,1900.0,1900.0,1820.0,1850.0,40787,0.0,0.0
2006-03-09 00:00:00+09:00,1840.0,1940.0,1840.0,1940.0,19501,0.0,0.0
2006-03-10 00:00:00+09:00,1935.0,1945.0,1905.0,1945.0,6408,0.0,0.0
2006-03-13 00:00:00+09:00,2080.0,2080.0,1955.0,2000.0,4077,0.0,0.0
2006-03-14 00:00:00+09:00,1990.0,2040.0,1950.0,2005.0,26434,0.0,0.0
2006-03-15 00:00:00+09:00,1980.0,2010.0,1920.0,1980.0,26535,0.0,0.0
2006-03-16 00:00:00+09:00,1980.0,2000.0,1900.0,1945.0,13205,0.0,0.0
2006-03-17 00:00:00+09:00,1935.0,1960.0,1900.0,1950.0,12433,0.0,0.0
2006-03-20 00:00:00+09:00,1915.0,1940.0,1885.0,1885.0,16173,0.0,0.0
2006-03-21 00:00:00+09:00,1865.0,1920.0,1865.0,1875.0,10731,0.0,0.0
2006-03-22 00:00:00+09:00,1835.0,1850.0,1795.0,1810.0,40463,0.0,0.0
2006-03-23 00:00:00+09:00,1805.0,1850.0,1750.0,1845.0,13805,0.0,0.0
2006-03-24 00:00:00+09:00,1850.0,1910.0,1800.0,1905.0,17098,0.0,0.0
2006-03-27 00:00:00+09:00,1875.0,1970.0,1875.0,1920.0,20748,0.0,0.0
2006-03-28 00:00:00+09:00,1870.0,1920.0,1865.0,1910.0,23484,0.0,0.0
2006-03-29 00:00:00+09:00,1950.0,1970.0,1875.0,1875.0,27716,0.0,0.0
2006-03-30 00:00:00+09:00,1895.0,1940.0,1890.0,1905.0,32445,0.0,0.0
2006-03-31 00:00:00+09:00,1935.0,1965.0,1915.0,1950.0,11566,0.0,0.0
2006-04-03 00:00:00+09:00,2000.0,2050.0,1955.0,2045.0,19887,0.0,0.0
2006-04-04 00:00:00+09:00,2050.0,2070.0,2005.0,2050.0,19812,0.0,0.0
2006-04-05 00:00:00+09:00,2030.0,2065.0,2010.0,2045.0,22619,0.0,0.0
2006-04-06 00:00:00+09:00,2055.0,2095.0,2010.0,2050.0,5266,0.0,0.0
2006-04-07 00:00:00+09:00,2020.0,2355.0,2000.0,2160.0,67299,0.0,0.0
2006-04-10 00:00:00+09:00,2155.0,2300.0,2120.0,2200.0,24180,0.0,0.0
2006-04-11 00:00:00+09:00,2250.0,2250.0,2140.0,2165.0,13061,0.0,0.0
2006-04-12 00:00:00+09:00,2155.0,2195.0,2130.0,2170.0,5406,0.0,0.0
2006-04-13 00:00:00+09:00,2150.0,2260.0,2150.0,2220.0,12872,0.0,0.0
2006-04-14 00:00:00+09:00,2200.0,2310.0,2200.0,2230.0,9771,0.0,0.0
2006-04-17 00:00:00+09:00,2230.0,2380.0,2165.0,2165.0,27640,0.0,0.0
2006-04-18 00:00:00+09:00,2170.0,2170.0,2120.0,2155.0,9157,0.0,0.0
2006-04-19 00:00:00+09:00,2190.0,2195.0,2125.0,2175.0,12047,0.0,0.0
2006-04-20 00:00:00+09:00,2130.0,2175.0,2100.0,2105.0,13334,0.0,0.0
2006-04-21 00:00:00+09:00,2105.0,2130.0,2060.0,2125.0,18271,0.0,0.0
2006-04-24 00:00:00+09:00,2125.0,2300.0,2120.0,2120.0,13562,0.0,0.0
2006-04-25 00:00:00+09:00,2125.0,2190.0,2110.0,2110.0,3356,0.0,0.0
2006-04-26 00:00:00+09:00,2110.0,2170.0,2080.0,2080.0,8750,0.0,0.0
2006-04-27 00:00:00+09:00,2140.0,2140.0,2030.0,2100.0,19179,0.0,0.0
2006-04-28 00:00:00+09:00,2140.0,2140.0,2055.0,2130.0,12282,0.0,0.0
2006-05-02 00:00:00+09:00,2105.0,2180.0,2105.0,2150.0,34472,0.0,0.0
2006-05-03 00:00:00+09:00,2175.0,2300.0,2150.0,2180.0,71008,0.0,0.0
2006-05-04 00:00:00+09:00,2180.0,2325.0,2140.0,2310.0,78374,0.0,0.0
2006-05-08 00:00:00+09:00,2380.0,2430.0,2250.0,2400.0,78772,0.0,0.0
2006-05-09 00:00:00+09:00,2350.0,2400.0,2320.0,2400.0,44197,0.0,0.0
2006-05-10 00:00:00+09:00,2400.0,2460.0,2310.0,2445.0,87443,0.0,0.0
2006-05-11 00:00:00+09:00,2380.0,2460.0,2355.0,2455.0,63528,0.0,0.0
2006-05-12 00:00:00+09:00,2405.0,2820.0,2260.0,2620.0,172442,0.0,0.0
2006-05-15 00:00:00+09:00,2640.0,2640.0,2465.0,2530.0,57486,0.0,0.0
2006-05-16 00:00:00+09:00,2600.0,2720.0,2470.0,2535.0,183544,0.0,0.0
2006-05-17 00:00:00+09:00,2550.0,2915.0,2550.0,2915.0,514644,0.0,0.0
2006-05-18 00:00:00+09:00,2780.0,3050.0,2730.0,2990.0,258212,0.0,0.0
2006-05-19 00:00:00+09:00,2910.0,3125.0,2800.0,2800.0,158587,0.0,0.0
2006-05-22 00:00:00+09:00,2800.0,3195.0,2650.0,2900.0,239432,0.0,0.0
2006-05-23 00:00:00+09:00,2950.0,3235.0,2865.0,2900.0,178422,0.0,0.0
2006-05-24 00:00:00+09:00,2810.0,3000.0,2755.0,2995.0,95172,0.0,0.0
2006-05-25 00:00:00+09:00,3035.0,3095.0,2840.0,2865.0,75347,0.0,0.0
2006-05-26 00:00:00+09:00,2850.0,2920.0,2810.0,2865.0,76936,0.0,0.0
2006-05-29 00:00:00+09:00,2815.0,2815.0,2700.0,2800.0,58316,0.0,0.0
2006-05-30 00:00:00+09:00,2760.0,2800.0,2685.0,2800.0,55983,0.0,0.0
2006-06-01 00:00:00+09:00,2760.0,2840.0,2755.0,2840.0,40954,0.0,0.0
2006-06-02 00:00:00+09:00,2880.0,3135.0,2875.0,3000.0,97977,0.0,0.0
2006-06-05 00:00:00+09:00,2995.0,3150.0,2895.0,3030.0,52044,0.0,0.0
2006-06-07 00:00:00+09:00,2950.0,2985.0,2665.0,2800.0,63374,0.0,0.0
2006-06-08 00:00:00+09:00,2660.0,2805.0,2660.0,2680.0,25919,0.0,0.0
2006-06-09 00:00:00+09:00,2685.0,2795.0,2365.0,2600.0,37897,0.0,0.0
2006-06-12 00:00:00+09:00,2560.0,2605.0,2460.0,2600.0,21067,0.0,0.0
2006-06-13 00:00:00+09:00,2460.0,2790.0,2460.0,2700.0,12188,0.0,0.0
2006-06-14 00:00:00+09:00,2790.0,2790.0,2610.0,2610.0,10737,0.0,0.0
2006-06-15 00:00:00+09:00,2740.0,2740.0,2610.0,2670.0,4939,0.0,0.0
2006-06-16 00:00:00+09:00,2710.0,2835.0,2565.0,2590.0,18852,0.0,0.0
2006-06-19 00:00:00+09:00,2590.0,2635.0,2445.0,2590.0,9122,0.0,0.0
2006-06-20 00:00:00+09:00,2470.0,2585.0,2460.0,2475.0,16520,0.0,0.0
2006-06-21 00:00:00+09:00,2475.0,2585.0,2430.0,2500.0,22167,0.0,0.0
2006-06-22 00:00:00+09:00,2485.0,2595.0,2430.0,2435.0,10814,0.0,0.0
2006-06-23 00:00:00+09:00,2475.0,2475.0,2400.0,2460.0,10621,0.0,0.0
2006-06-26 00:00:00+09:00,2310.0,2465.0,2310.0,2460.0,4417,0.0,0.0
2006-06-27 00:00:00+09:00,2410.0,2530.0,2410.0,2500.0,9317,0.0,0.0
2006-06-28 00:00:00+09:00,2500.0,2500.0,2360.0,2490.0,9425,0.0,0.0
2006-06-29 00:00:00+09:00,2490.0,2530.0,2340.0,2435.0,23618,0.0,0.0
2006-06-30 00:00:00+09:00,2430.0,2550.0,2365.0,2535.0,18055,0.0,0.0
2006-07-03 00:00:00+09:00,2460.0,2550.0,2440.0,2520.0,9216,0.0,0.0
2006-07-04 00:00:00+09:00,2525.0,2530.0,2465.0,2520.0,12461,0.0,0.0
2006-07-05 00:00:00+09:00,2500.0,2515.0,2470.0,2515.0,6560,0.0,0.0
2006-07-06 00:00:00+09:00,2500.0,2535.0,2435.0,2485.0,6786,0.0,0.0
2006-07-07 00:00:00+09:00,2420.0,2510.0,2420.0,2490.0,7847,0.0,0.0
2006-07-10 00:00:00+09:00,2375.0,2490.0,2375.0,2490.0,5156,0.0,0.0
2006-07-11 00:00:00+09:00,2420.0,2545.0,2420.0,2520.0,6004,0.0,0.0
2006-07-12 00:00:00+09:00,2485.0,2560.0,2485.0,2545.0,6084,0.0,0.0
2006-07-13 00:00:00+09:00,2460.0,2520.0,2460.0,2510.0,4010,0.0,0.0
2006-07-14 00:00:00+09:00,2450.0,2480.0,2420.0,2470.0,5079,0.0,0.0
2006-07-18 00:00:00+09:00,2405.0,2515.0,2310.0,2350.0,13588,0.0,0.0
2006-07-19 00:00:00+09:00,2450.0,2450.0,2175.0,2290.0,9363,0.0,0.0
2006-07-20 00:00:00+09:00,2300.0,2365.0,2275.0,2365.0,1338,0.0,0.0
2006-07-21 00:00:00+09:00,2350.0,2355.0,2250.0,2350.0,2588,0.0,0.0
2006-07-24 00:00:00+09:00,2360.0,2400.0,2265.0,2360.0,4280,0.0,0.0
2006-07-25 00:00:00+09:00,2360.0,2360.0,2125.0,2335.0,11100,0.0,0.0
2006-07-26 00:00:00+09:00,2270.0,2400.0,2270.0,2385.0,8926,0.0,0.0
2006-07-27 00:00:00+09:00,2285.0,2405.0,2285.0,2400.0,2573,0.0,0.0
2006-07-28 00:00:00+09:00,2400.0,2470.0,2400.0,2470.0,6768,0.0,0.0
2006-07-31 00:00:00+09:00,2535.0,2590.0,2520.0,2590.0,7392,0.0,0.0
2006-08-01 00:00:00+09:00,2600.0,2600.0,2500.0,2500.0,6574,0.0,0.0
2006-08-02 00:00:00+09:00,2595.0,2595.0,2465.0,2500.0,9670,0.0,0.0
2006-08-03 00:00:00+09:00,2510.0,2590.0,2485.0,2485.0,2603,0.0,0.0
2006-08-04 00:00:00+09:00,2595.0,2600.0,2485.0,2555.0,2794,0.0,0.0
2006-08-07 00:00:00+09:00,2585.0,2585.0,2490.0,2520.0,13489,0.0,0.0
2006-08-08 00:00:00+09:00,2450.0,2600.0,2450.0,2550.0,5637,0.0,0.0
2006-08-09 00:00:00+09:00,2515.0,2930.0,2515.0,2600.0,63931,0.0,0.0
2006-08-10 00:00:00+09:00,2600.0,2750.0,2575.0,2620.0,27368,0.0,0.0
2006-08-11 00:00:00+09:00,2700.0,2700.0,2605.0,2620.0,14056,0.0,0.0
2006-08-14 00:00:00+09:00,2550.0,2620.0,2450.0,2530.0,6092,0.0,0.0
2006-08-16 00:00:00+09:00,2450.0,2570.0,2450.0,2495.0,2966,0.0,0.0
2006-08-17 00:00:00+09:00,2510.0,2585.0,2485.0,2500.0,11971,0.0,0.0
2006-08-18 00:00:00+09:00,2505.0,2570.0,2470.0,2530.0,14343,0.0,0.0
2006-08-21 00:00:00+09:00,2530.0,2635.0,2520.0,2590.0,15370,0.0,0.0
2006-08-22 00:00:00+09:00,2590.0,2750.0,2570.0,2720.0,21406,0.0,0.0
2006-08-23 00:00:00+09:00,2655.0,2775.0,2655.0,2720.0,21443,0.0,0.0
2006-08-24 00:00:00+09:00,2720.0,2735.0,2675.0,2720.0,6919,0.0,0.0
2006-08-25 00:00:00+09:00,2720.0,2770.0,2610.0,2695.0,10430,0.0,0.0
2006-08-28 00:00:00+09:00,2695.0,2715.0,2625.0,2675.0,13517,0.0,0.0
2006-08-29 00:00:00+09:00,2675.0,2730.0,2615.0,2635.0,13173,0.0,0.0
2006-08-30 00:00:00+09:00,2635.0,2700.0,2600.0,2645.0,5923,0.0,0.0
2006-08-31 00:00:00+09:00,2650.0,2680.0,2590.0,2630.0,17016,0.0,0.0
2006-09-01 00:00:00+09:00,2620.0,2650.0,2595.0,2595.0,9922,0.0,0.0
2006-09-04 00:00:00+09:00,2590.0,2605.0,2550.0,2550.0,11046,0.0,0.0
2006-09-05 00:00:00+09:00,2600.0,2600.0,2525.0,2525.0,22359,0.0,0.0
2006-09-06 00:00:00+09:00,2525.0,2545.0,2480.0,2480.0,11200,0.0,0.0
2006-09-07 00:00:00+09:00,2500.0,2505.0,2450.0,2475.0,13559,0.0,0.0
2006-09-08 00:00:00+09:00,2550.0,2550.0,2485.0,2520.0,6341,0.0,0.0
2006-09-11 00:00:00+09:00,2505.0,2560.0,2500.0,2515.0,7889,0.0,0.0
2006-09-12 00:00:00+09:00,2500.0,2530.0,2495.0,2530.0,2698,0.0,0.0
2006-09-13 00:00:00+09:00,2530.0,2630.0,2530.0,2610.0,8732,0.0,0.0
2006-09-14 00:00:00+09:00,2675.0,2675.0,2640.0,2670.0,3120,0.0,0.0
2006-09-15 00:00:00+09:00,2625.0,2695.0,2580.0,2590.0,16468,0.0,0.0
2006-09-18 00:00:00+09:00,2580.0,2590.0,2525.0,2525.0,10543,0.0,0.0
2006-09-19 00:00:00+09:00,2560.0,2560.0,2500.0,2530.0,13992,0.0,0.0
2006-09-20 00:00:00+09:00,2525.0,2530.0,2455.0,2525.0,6429,0.0,0.0
2006-09-21 00:00:00+09:00,2545.0,2550.0,2465.0,2470.0,22709,0.0,0.0
2006-09-22 00:00:00+09:00,2490.0,2510.0,2450.0,2480.0,7305,0.0,0.0
2006-09-25 00:00:00+09:00,2455.0,2550.0,2450.0,2505.0,16088,0.0,0.0
2006-09-26 00:00:00+09:00,2550.0,2550.0,2520.0,2535.0,11125,0.0,0.0
2006-09-27 00:00:00+09:00,2550.0,2580.0,2520.0,2550.0,23144,0.0,0.0
2006-09-28 00:00:00+09:00,2550.0,2580.0,2425.0,2425.0,35221,0.0,0.0
2006-09-29 00:00:00+09:00,2440.0,2540.0,2425.0,2440.0,10438,0.0,0.0
2006-10-02 00:00:00+09:00,2440.0,2500.0,2440.0,2480.0,5437,0.0,0.0
2006-10-04 00:00:00+09:00,2480.0,2485.0,2425.0,2450.0,13086,0.0,0.0
2006-10-09 00:00:00+09:00,2435.0,2485.0,2105.0,2300.0,7738,0.0,0.0
2006-10-10 00:00:00+09:00,2275.0,2360.0,2270.0,2350.0,10831,0.0,0.0
2006-10-11 00:00:00+09:00,2380.0,2380.0,2320.0,2365.0,1137,0.0,0.0
2006-10-12 00:00:00+09:00,2310.0,2465.0,2275.0,2330.0,21777,0.0,0.0
2006-10-13 00:00:00+09:00,2360.0,2540.0,2360.0,2410.0,39650,0.0,0.0
2006-10-16 00:00:00+09:00,2410.0,2490.0,2355.0,2440.0,5836,0.0,0.0
2006-10-17 00:00:00+09:00,2400.0,2560.0,2400.0,2510.0,34529,0.0,0.0
2006-10-18 00:00:00+09:00,2505.0,2520.0,2445.0,2510.0,20762,0.0,0.0
2006-10-19 00:00:00+09:00,2500.0,2540.0,2480.0,2530.0,7864,0.0,0.0
2006-10-20 00:00:00+09:00,2560.0,2560.0,2475.0,2535.0,21108,0.0,0.0
2006-10-23 00:00:00+09:00,2530.0,2600.0,2500.0,2515.0,19077,0.0,0.0
2006-10-24 00:00:00+09:00,2580.0,2580.0,2505.0,2510.0,7435,0.0,0.0
2006-10-25 00:00:00+09:00,2525.0,2525.0,2460.0,2520.0,18063,0.0,0.0
2006-10-26 00:00:00+09:00,2570.0,2850.0,2520.0,2755.0,166202,0.0,0.0
2006-10-27 00:00:00+09:00,2755.0,2800.0,2620.0,2770.0,52986,0.0,0.0
2006-10-30 00:00:00+09:00,2810.0,2945.0,2770.0,2770.0,154551,0.0,0.0
2006-10-31 00:00:00+09:00,2740.0,2895.0,2700.0,2760.0,19979,0.0,0.0
2006-11-01 00:00:00+09:00,2760.0,3170.0,2760.0,3170.0,275177,0.0,0.0
2006-11-02 00:00:00+09:00,3170.0,3370.0,3000.0,3160.0,235493,0.0,0.0
2006-11-03 00:00:00+09:00,3150.0,3545.0,3140.0,3280.0,257037,0.0,0.0
2006-11-06 00:00:00+09:00,3190.0,3580.0,3150.0,3370.0,231699,0.0,0.0
2006-11-07 00:00:00+09:00,3330.0,3365.0,3105.0,3105.0,119725,0.0,0.0
2006-11-08 00:00:00+09:00,3070.0,3155.0,3060.0,3110.0,31680,0.0,0.0
2006-11-09 00:00:00+09:00,3110.0,3545.0,3040.0,3425.0,147808,0.0,0.0
2006-11-10 00:00:00+09:00,3320.0,3545.0,3310.0,3440.0,78382,0.0,0.0
2006-11-13 00:00:00+09:00,3440.0,3490.0,3180.0,3180.0,53016,0.0,0.0
2006-11-14 00:00:00+09:00,3155.0,3280.0,3075.0,3090.0,40797,0.0,0.0
2006-11-15 00:00:00+09:00,3070.0,3200.0,3005.0,3010.0,44637,0.0,0.0
2006-11-16 00:00:00+09:00,3050.0,3090.0,2950.0,3025.0,20475,0.0,0.0
2006-11-17 00:00:00+09:00,3040.0,3060.0,2900.0,3050.0,22493,0.0,0.0
2006-11-20 00:00:00+09:00,3020.0,3400.0,3020.0,3375.0,53744,0.0,0.0
2006-11-21 00:00:00+09:00,3300.0,3400.0,3260.0,3365.0,26614,0.0,0.0
2006-11-22 00:00:00+09:00,3400.0,3400.0,3125.0,3250.0,32395,0.0,0.0
2006-11-23 00:00:00+09:00,3250.0,3365.0,3205.0,3280.0,23080,0.0,0.0
2006-11-24 00:00:00+09:00,3300.0,3300.0,3180.0,3205.0,28609,0.0,0.0
2006-11-27 00:00:00+09:00,3245.0,3245.0,3125.0,3130.0,15685,0.0,0.0
2006-11-28 00:00:00+09:00,3065.0,3140.0,3025.0,3070.0,19420,0.0,0.0
2006-11-29 00:00:00+09:00,3070.0,3130.0,3050.0,3100.0,10666,0.0,0.0
2006-11-30 00:00:00+09:00,3100.0,3115.0,3025.0,3100.0,5128,0.0,0.0
2006-12-04 00:00:00+09:00,3025.0,3025.0,2900.0,2995.0,23479,0.0,0.0
2006-12-05 00:00:00+09:00,3070.0,3090.0,2900.0,3050.0,18366,0.0,0.0
2006-12-06 00:00:00+09:00,3050.0,3320.0,3050.0,3265.0,79400,0.0,0.0
2006-12-07 00:00:00+09:00,3290.0,3320.0,3180.0,3270.0,12936,0.0,0.0
2006-12-08 00:00:00+09:00,3220.0,3300.0,3120.0,3155.0,20653,0.0,0.0
2006-12-11 00:00:00+09:00,3230.0,3285.0,3070.0,3160.0,47279,0.0,0.0
2006-12-12 00:00:00+09:00,3195.0,3235.0,3095.0,3170.0,31684,0.0,0.0
2006-12-13 00:00:00+09:00,3260.0,3260.0,3100.0,3100.0,23129,0.0,0.0
2006-12-14 00:00:00+09:00,3140.0,3140.0,2925.0,3110.0,36239,0.0,0.0
2006-12-15 00:00:00+09:00,3150.0,3150.0,3040.0,3120.0,10411,0.0,0.0
2006-12-18 00:00:00+09:00,3160.0,3160.0,3015.0,3100.0,41068,0.0,0.0
2006-12-19 00:00:00+09:00,3150.0,3290.0,3025.0,3290.0,53562,0.0,0.0
2006-12-20 00:00:00+09:00,3335.0,3780.0,3250.0,3770.0,365770,0.0,0.0
2006-12-21 00:00:00+09:00,3785.0,3965.0,3600.0,3900.0,170679,0.0,0.0
2006-12-22 00:00:00+09:00,3840.0,3935.0,3750.0,3750.0,131868,0.0,0.0
2006-12-26 00:00:00+09:00,3680.0,4075.0,3680.0,3880.0,129507,0.0,0.0
2006-12-27 00:00:00+09:00,4000.0,4210.0,3300.0,3300.0,207178,0.0,0.0
2006-12-28 00:00:00+09:00,3255.0,3480.0,3185.0,3480.0,101508,0.0,0.0
2007-01-02 00:00:00+09:00,3430.0,3515.0,3370.0,3440.0,50028,0.0,0.0
2007-01-03 00:00:00+09:00,3440.0,3750.0,3440.0,3600.0,55155,0.0,0.0
2007-01-04 00:00:00+09:00,3600.0,3680.0,3485.0,3600.0,32949,0.0,0.0
2007-01-05 00:00:00+09:00,3750.0,3750.0,3285.0,3340.0,64895,0.0,0.0
2007-01-08 00:00:00+09:00,3300.0,3375.0,3150.0,3280.0,55937,0.0,0.0
2007-01-09 00:00:00+09:00,3235.0,3400.0,3200.0,3400.0,43114,0.0,0.0
2007-01-10 00:00:00+09:00,3450.0,3450.0,3250.0,3400.0,38797,0.0,0.0
2007-01-11 00:00:00+09:00,3350.0,3740.0,3350.0,3610.0,129005,0.0,0.0
2007-01-12 00:00:00+09:00,3695.0,4040.0,3680.0,3780.0,165674,0.0,0.0
2007-01-15 00:00:00+09:00,3900.0,3905.0,3740.0,3785.0,34254,0.0,0.0
2007-01-16 00:00:00+09:00,3730.0,4000.0,3620.0,3875.0,89610,0.0,0.0
2007-01-17 00:00:00+09:00,3900.0,3900.0,3600.0,3695.0,43101,0.0,0.0
2007-01-18 00:00:00+09:00,3640.0,3730.0,3500.0,3500.0,47174,0.0,0.0
2007-01-19 00:00:00+09:00,3500.0,3950.0,3400.0,3790.0,92933,0.0,0.0
2007-01-22 00:00:00+09:00,3790.0,3995.0,3630.0,3630.0,34890,0.0,0.0
2007-01-23 00:00:00+09:00,3630.0,3830.0,3435.0,3750.0,74259,0.0,0.0
2007-01-24 00:00:00+09:00,3750.0,3880.0,3735.0,3735.0,21350,0.0,0.0
2007-01-25 00:00:00+09:00,3755.0,3825.0,3610.0,3750.0,30120,0.0,0.0
2007-01-26 00:00:00+09:00,3740.0,4270.0,3740.0,4190.0,320135,0.0,0.0
2007-01-29 00:00:00+09:00,4290.0,4290.0,3920.0,3970.0,231846,0.0,0.0
2007-01-30 00:00:00+09:00,4000.0,4160.0,3795.0,4130.0,118712,0.0,0.0
2007-01-31 00:00:00+09:00,4150.0,4370.0,4080.0,4080.0,156217,0.0,0.0
2007-02-01 00:00:00+09:00,4080.0,4080.0,3935.0,3975.0,85596,0.0,0.0
2007-02-02 00:00:00+09:00,3900.0,4150.0,3830.0,4150.0,71022,0.0,0.0
2007-02-05 00:00:00+09:00,4130.0,4200.0,3990.0,4075.0,65889,0.0,0.0
2007-02-06 00:00:00+09:00,4060.0,4085.0,3920.0,3990.0,58292,0.0,0.0
2007-02-07 00:00:00+09:00,3990.0,4200.0,3915.0,4150.0,72136,0.0,0.0
2007-02-08 00:00:00+09:00,4150.0,4510.0,4130.0,4195.0,162807,0.0,0.0
2007-02-09 00:00:00+09:00,4195.0,4300.0,4080.0,4210.0,77134,0.0,0.0
2007-02-12 00:00:00+09:00,4270.0,4450.0,4140.0,4140.0,73915,0.0,0.0
2007-02-13 00:00:00+09:00,4140.0,4230.0,4000.0,4000.0,83105,0.0,0.0
2007-02-14 00:00:00+09:00,3950.0,4055.0,3620.0,3700.0,214528,0.0,0.0
2007-02-15 00:00:00+09:00,3580.0,3735.0,3400.0,3460.0,129065,0.0,0.0
2007-02-16 00:00:00+09:00,3490.0,3540.0,3400.0,3500.0,58233,0.0,0.0
2007-02-20 00:00:00+09:00,3560.0,3730.0,3480.0,3670.0,43689,0.0,0.0
2007-02-21 00:00:00+09:00,3700.0,3735.0,3530.0,3615.0,62319,0.0,0.0
2007-02-22 00:00:00+09:00,3550.0,3595.0,3400.0,3430.0,84093,0.0,0.0
2007-02-23 00:00:00+09:00,3465.0,3555.0,3380.0,3540.0,49148,0.0,0.0
2007-02-26 00:00:00+09:00,3470.0,3500.0,3400.0,3400.0,41010,0.0,0.0
2007-02-27 00:00:00+09:00,3400.0,3465.0,3245.0,3400.0,58515,0.0,0.0
2007-02-28 00:00:00+09:00,3310.0,3500.0,3210.0,3500.0,33831,0.0,0.0
2007-03-05 00:00:00+09:00,3280.0,3420.0,3270.0,3290.0,74497,0.0,0.0
2007-03-06 00:00:00+09:00,3205.0,3400.0,3205.0,3350.0,23722,0.0,0.0
2007-03-07 00:00:00+09:00,3415.0,3415.0,3220.0,3220.0,34705,0.0,0.0
2007-03-08 00:00:00+09:00,3205.0,3270.0,3110.0,3270.0,57614,0.0,0.0
2007-03-09 00:00:00+09:00,3205.0,3270.0,3175.0,3230.0,13683,0.0,0.0
2007-03-12 00:00:00+09:00,3230.0,3350.0,3200.0,3260.0,24954,0.0,0.0
2007-03-13 00:00:00+09:00,3270.0,3375.0,3270.0,3300.0,16314,0.0,0.0
2007-03-14 00:00:00+09:00,3220.0,3325.0,3175.0,3285.0,18770,0.0,0.0
2007-03-15 00:00:00+09:00,3280.0,3405.0,3250.0,3365.0,16983,0.0,0.0
2007-03-16 00:00:00+09:00,3395.0,3395.0,3305.0,3330.0,35662,0.0,0.0
2007-03-19 00:00:00+09:00,3330.0,3340.0,3250.0,3275.0,27824,0.0,0.0
2007-03-20 00:00:00+09:00,3260.0,3475.0,3260.0,3475.0,46926,0.0,0.0
2007-03-21 00:00:00+09:00,3430.0,3535.0,3265.0,3265.0,38766,0.0,0.0
2007-03-22 00:00:00+09:00,3260.0,3365.0,3175.0,3180.0,58715,0.0,0.0
2007-03-23 00:00:00+09:00,3180.0,3220.0,3075.0,3130.0,48836,0.0,0.0
2007-03-26 00:00:00+09:00,3130.0,3180.0,3050.0,3065.0,12670,0.0,0.0
2007-03-27 00:00:00+09:00,3015.0,3120.0,3015.0,3115.0,20464,0.0,0.0
2007-03-28 00:00:00+09:00,3100.0,3175.0,3015.0,3015.0,23433,0.0,0.0
2007-03-29 00:00:00+09:00,3040.0,3075.0,2985.0,3065.0,15762,0.0,0.0
2007-03-30 00:00:00+09:00,3110.0,3155.0,3070.0,3155.0,7460,0.0,0.0
2007-04-02 00:00:00+09:00,3120.0,3200.0,3120.0,3160.0,8568,0.0,0.0
2007-04-03 00:00:00+09:00,3195.0,3195.0,3115.0,3140.0,21743,0.0,0.0
2007-04-04 00:00:00+09:00,3175.0,3255.0,3140.0,3215.0,17311,0.0,0.0
2007-04-05 00:00:00+09:00,3160.0,3230.0,3120.0,3120.0,19020,0.0,0.0
2007-04-06 00:00:00+09:00,3160.0,3175.0,3050.0,3095.0,40307,0.0,0.0
2007-04-09 00:00:00+09:00,3230.0,3230.0,3060.0,3100.0,31849,0.0,0.0
2007-04-10 00:00:00+09:00,3135.0,3135.0,2995.0,3030.0,42501,0.0,0.0
2007-04-11 00:00:00+09:00,3070.0,3155.0,3030.0,3050.0,36268,0.0,0.0
2007-04-12 00:00:00+09:00,3075.0,3100.0,3050.0,3085.0,29128,0.0,0.0
2007-04-13 00:00:00+09:00,3090.0,3300.0,3090.0,3250.0,61743,0.0,0.0
2007-04-16 00:00:00+09:00,3255.0,3430.0,3210.0,3415.0,94793,0.0,0.0
2007-04-17 00:00:00+09:00,3400.0,3450.0,3250.0,3340.0,51576,0.0,0.0
2007-04-18 00:00:00+09:00,3395.0,3395.0,3200.0,3230.0,34146,0.0,0.0
2007-04-19 00:00:00+09:00,3260.0,3260.0,3085.0,3100.0,41284,0.0,0.0
2007-04-20 00:00:00+09:00,3070.0,3200.0,3060.0,3160.0,18568,0.0,0.0
2007-04-23 00:00:00+09:00,3160.0,3275.0,3130.0,3260.0,15516,0.0,0.0
2007-04-24 00:00:00+09:00,3245.0,3250.0,3105.0,3220.0,13571,0.0,0.0
2007-04-25 00:00:00+09:00,3230.0,3255.0,3050.0,3070.0,32520,0.0,0.0
2007-04-26 00:00:00+09:00,3075.0,3100.0,3045.0,3100.0,20507,0.0,0.0
2007-04-27 00:00:00+09:00,3100.0,3165.0,3050.0,3095.0,9978,0.0,0.0
2007-04-30 00:00:00+09:00,3145.0,3150.0,3050.0,3100.0,3889,0.0,0.0
2007-05-02 00:00:00+09:00,3135.0,3180.0,3040.0,3175.0,18869,0.0,0.0
2007-05-03 00:00:00+09:00,3195.0,3195.0,3115.0,3175.0,7257,0.0,0.0
2007-05-04 00:00:00+09:00,3245.0,3245.0,3135.0,3185.0,5062,0.0,0.0
2007-05-07 00:00:00+09:00,3185.0,3185.0,3060.0,3160.0,43076,0.0,0.0
2007-05-08 00:00:00+09:00,3190.0,3190.0,3105.0,3165.0,21797,0.0,0.0
2007-05-09 00:00:00+09:00,3160.0,3250.0,3110.0,3160.0,16559,0.0,0.0
2007-05-10 00:00:00+09:00,3125.0,3180.0,3085.0,3150.0,18243,0.0,0.0
2007-05-11 00:00:00+09:00,3105.0,3155.0,3100.0,3105.0,9393,0.0,0.0
2007-05-14 00:00:00+09:00,3100.0,3165.0,3100.0,3155.0,14232,0.0,0.0
2007-05-15 00:00:00+09:00,3135.0,3330.0,3135.0,3225.0,65565,0.0,0.0
2007-05-16 00:00:00+09:00,3170.0,3240.0,3155.0,3215.0,27464,0.0,0.0
2007-05-17 00:00:00+09:00,3220.0,3260.0,3160.0,3260.0,23484,0.0,0.0
2007-05-18 00:00:00+09:00,3260.0,3360.0,3260.0,3350.0,34864,0.0,0.0
2007-05-21 00:00:00+09:00,3300.0,3415.0,3250.0,3400.0,39663,0.0,0.0
2007-05-22 00:00:00+09:00,3435.0,3435.0,3300.0,3390.0,31492,0.0,0.0
2007-05-23 00:00:00+09:00,3350.0,3390.0,3250.0,3350.0,35780,0.0,0.0
2007-05-25 00:00:00+09:00,3260.0,3345.0,3260.0,3340.0,19226,0.0,0.0
2007-05-28 00:00:00+09:00,3300.0,3350.0,3300.0,3300.0,65530,0.0,0.0
2007-05-29 00:00:00+09:00,3300.0,3580.0,3300.0,3550.0,105883,0.0,0.0
2007-05-30 00:00:00+09:00,3600.0,3675.0,3545.0,3585.0,21666,0.0,0.0
2007-05-31 00:00:00+09:00,3600.0,3710.0,3500.0,3710.0,49865,0.0,0.0
2007-06-01 00:00:00+09:00,3800.0,3890.0,3655.0,3735.0,30039,0.0,0.0
2007-06-04 00:00:00+09:00,3735.0,3750.0,3505.0,3585.0,34812,0.0,0.0
2007-06-05 00:00:00+09:00,3505.0,3770.0,3505.0,3640.0,25847,0.0,0.0
2007-06-07 00:00:00+09:00,3670.0,3670.0,3445.0,3535.0,25483,0.0,0.0
2007-06-08 00:00:00+09:00,3500.0,3585.0,3405.0,3470.0,44538,0.0,0.0
2007-06-11 00:00:00+09:00,3520.0,3625.0,3430.0,3490.0,10448,0.0,0.0
2007-06-12 00:00:00+09:00,3505.0,3570.0,3450.0,3550.0,18391,0.0,0.0
2007-06-13 00:00:00+09:00,3585.0,3585.0,3435.0,3540.0,15421,0.0,0.0
2007-06-14 00:00:00+09:00,3580.0,3580.0,3440.0,3520.0,15835,0.0,0.0
2007-06-15 00:00:00+09:00,3440.0,3580.0,3440.0,3575.0,57520,0.0,0.0
2007-06-18 00:00:00+09:00,3750.0,3750.0,3510.0,3585.0,19461,0.0,0.0
2007-06-19 00:00:00+09:00,3590.0,3650.0,3525.0,3600.0,17631,0.0,0.0
2007-06-20 00:00:00+09:00,3640.0,3640.0,3480.0,3520.0,53085,0.0,0.0
2007-06-21 00:00:00+09:00,3575.0,3575.0,3400.0,3500.0,28604,0.0,0.0
2007-06-22 00:00:00+09:00,3495.0,3500.0,3350.0,3475.0,42084,0.0,0.0
2007-06-25 00:00:00+09:00,3400.0,3450.0,3380.0,3380.0,30112,0.0,0.0
2007-06-26 00:00:00+09:00,3360.0,3420.0,3220.0,3220.0,56124,0.0,0.0
2007-06-27 00:00:00+09:00,3170.0,3250.0,3150.0,3215.0,16231,0.0,0.0
2007-06-28 00:00:00+09:00,3215.0,3295.0,3200.0,3275.0,11766,0.0,0.0
2007-06-29 00:00:00+09:00,3280.0,3355.0,3250.0,3350.0,24442,0.0,0.0
2007-07-02 00:00:00+09:00,3410.0,3410.0,3280.0,3295.0,4184,0.0,0.0
2007-07-03 00:00:00+09:00,3295.0,3300.0,3170.0,3300.0,17953,0.0,0.0
2007-07-04 00:00:00+09:00,3300.0,3420.0,3240.0,3280.0,11596,0.0,0.0
2007-07-05 00:00:00+09:00,3395.0,3395.0,3200.0,3260.0,24656,0.0,0.0
2007-07-06 00:00:00+09:00,3270.0,3295.0,3185.0,3250.0,3751,0.0,0.0
2007-07-09 00:00:00+09:00,3190.0,3360.0,3165.0,3200.0,14392,0.0,0.0
2007-07-10 00:00:00+09:00,3270.0,3285.0,3005.0,3275.0,31255,0.0,0.0
2007-07-11 00:00:00+09:00,3180.0,3260.0,3105.0,3140.0,8892,0.0,0.0
2007-07-12 00:00:00+09:00,3140.0,3200.0,3110.0,3180.0,20647,0.0,0.0
2007-07-13 00:00:00+09:00,3280.0,3280.0,3140.0,3190.0,20938,0.0,0.0
2007-07-16 00:00:00+09:00,3200.0,3200.0,3090.0,3120.0,35468,0.0,0.0
2007-07-18 00:00:00+09:00,3100.0,3150.0,3075.0,3150.0,10413,0.0,0.0
2007-07-19 00:00:00+09:00,3150.0,3300.0,3125.0,3150.0,18296,0.0,0.0
2007-07-20 00:00:00+09:00,3150.0,3230.0,3110.0,3185.0,20742,0.0,0.0
2007-07-23 00:00:00+09:00,3185.0,3185.0,3100.0,3125.0,14427,0.0,0.0
2007-07-24 00:00:00+09:00,3125.0,3150.0,3080.0,3150.0,8127,0.0,0.0
2007-07-25 00:00:00+09:00,3150.0,3235.0,3100.0,3200.0,22809,0.0,0.0
2007-07-26 00:00:00+09:00,3195.0,3195.0,3080.0,3185.0,20886,0.0,0.0
2007-07-27 00:00:00+09:00,3185.0,3185.0,3060.0,3100.0,19463,0.0,0.0
2007-07-30 00:00:00+09:00,3050.0,3140.0,3050.0,3060.0,441576,0.0,0.0
2007-07-31 00:00:00+09:00,3050.0,3515.0,3050.0,3515.0,441576,0.0,0.0
2007-08-01 00:00:00+09:00,3500.0,3500.0,3105.0,3105.0,302716,0.0,0.0
2007-08-02 00:00:00+09:00,3170.0,3190.0,2915.0,3000.0,64637,0.0,0.0
2007-08-03 00:00:00+09:00,3060.0,3080.0,2985.0,3010.0,30450,0.0,0.0
2007-08-06 00:00:00+09:00,3000.0,3295.0,2970.0,3185.0,39506,0.0,0.0
2007-08-07 00:00:00+09:00,3220.0,3290.0,3050.0,3290.0,32772,0.0,0.0
2007-08-08 00:00:00+09:00,3210.0,3330.0,3200.0,3300.0,17162,0.0,0.0
2007-08-09 00:00:00+09:00,3300.0,3795.0,3170.0,3415.0,158321,0.0,0.0
2007-08-10 00:00:00+09:00,3470.0,3470.0,3135.0,3200.0,56688,0.0,0.0
2007-08-13 00:00:00+09:00,3290.0,3360.0,3160.0,3350.0,39220,0.0,0.0
2007-08-14 00:00:00+09:00,3185.0,3490.0,3220.0,3260.0,60246,0.0,0.0
2007-08-16 00:00:00+09:00,3185.0,3220.0,2775.0,2775.0,60246,0.0,0.0
2007-08-17 00:00:00+09:00,2680.0,2900.0,2555.0,2900.0,35050,0.0,0.0
2007-08-20 00:00:00+09:00,3020.0,3045.0,2910.0,3000.0,5343,0.0,0.0
2007-08-21 00:00:00+09:00,3050.0,3050.0,2900.0,2975.0,16374,0.0,0.0
2007-08-22 00:00:00+09:00,2985.0,3140.0,2905.0,3100.0,32733,0.0,0.0
2007-08-23 00:00:00+09:00,3100.0,3280.0,3050.0,3200.0,60308,0.0,0.0
2007-08-24 00:00:00+09:00,3200.0,3260.0,3150.0,3210.0,4686,0.0,0.0
2007-08-27 00:00:00+09:00,3260.0,3275.0,3165.0,3165.0,5376,0.0,0.0
2007-08-28 00:00:00+09:00,3160.0,3250.0,3035.0,3200.0,42646,0.0,0.0
2007-08-29 00:00:00+09:00,3190.0,3255.0,3050.0,3235.0,22088,0.0,0.0
2007-08-30 00:00:00+09:00,3290.0,3335.0,3180.0,3200.0,19544,0.0,0.0
2007-08-31 00:00:00+09:00,3280.0,3280.0,3150.0,3250.0,16523,0.0,0.0
2007-09-03 00:00:00+09:00,3410.0,3410.0,3150.0,3260.0,55438,0.0,0.0
2007-09-04 00:00:00+09:00,3275.0,3280.0,3150.0,3240.0,28316,0.0,0.0
2007-09-05 00:00:00+09:00,3200.0,3290.0,3200.0,3250.0,9300,0.0,0.0
2007-09-06 00:00:00+09:00,3240.0,3300.0,3215.0,3290.0,10984,0.0,0.0
2007-09-07 00:00:00+09:00,3300.0,3380.0,3280.0,3355.0,23908,0.0,0.0
2007-09-10 00:00:00+09:00,3230.0,3300.0,3165.0,3210.0,16099,0.0,0.0
2007-09-11 00:00:00+09:00,3295.0,3300.0,3175.0,3265.0,16439,0.0,0.0
2007-09-12 00:00:00+09:00,3290.0,3300.0,3200.0,3240.0,9882,0.0,0.0
2007-09-13 00:00:00+09:00,3210.0,3285.0,3200.0,3250.0,8456,0.0,0.0
2007-09-14 00:00:00+09:00,3220.0,3250.0,3165.0,3250.0,26593,0.0,0.0
2007-09-17 00:00:00+09:00,3250.0,3250.0,3125.0,3190.0,14098,0.0,0.0
2007-09-18 00:00:00+09:00,3220.0,3220.0,3010.0,3030.0,26281,0.0,0.0
2007-09-19 00:00:00+09:00,3060.0,3165.0,3060.0,3135.0,10231,0.0,0.0
2007-09-20 00:00:00+09:00,3105.0,3160.0,3020.0,3125.0,12840,0.0,0.0
2007-09-21 00:00:00+09:00,3055.0,3140.0,3055.0,3130.0,4671,0.0,0.0
2007-09-27 00:00:00+09:00,3150.0,3190.0,3090.0,3135.0,14422,0.0,0.0
2007-09-28 00:00:00+09:00,3240.0,3240.0,3095.0,3185.0,2171,0.0,0.0
2007-10-01 00:00:00+09:00,3240.0,3265.0,3140.0,3240.0,12470,0.0,0.0
2007-10-02 00:00:00+09:00,3285.0,3285.0,3125.0,3230.0,10146,0.0,0.0
2007-10-04 00:00:00+09:00,3200.0,3390.0,3180.0,3295.0,37409,0.0,0.0
2007-10-05 00:00:00+09:00,3375.0,3375.0,3200.0,3300.0,9564,0.0,0.0
2007-10-08 00:00:00+09:00,3235.0,3290.0,3120.0,3150.0,13318,0.0,0.0
2007-10-09 00:00:00+09:00,3250.0,3250.0,3115.0,3245.0,25887,0.0,0.0
2007-10-10 00:00:00+09:00,3290.0,3290.0,3120.0,3155.0,27921,0.0,0.0
2007-10-11 00:00:00+09:00,3100.0,3145.0,3050.0,3065.0,8305,0.0,0.0
2007-10-12 00:00:00+09:00,3065.0,3150.0,3005.0,3110.0,3916,0.0,0.0
2007-10-15 00:00:00+09:00,3150.0,3200.0,3075.0,3100.0,7573,0.0,0.0
2007-10-16 00:00:00+09:00,3150.0,3150.0,3030.0,3105.0,11469,0.0,0.0
2007-10-17 00:00:00+09:00,3100.0,3170.0,3060.0,3150.0,1123,0.0,0.0
2007-10-18 00:00:00+09:00,3145.0,3200.0,3090.0,3190.0,11555,0.0,0.0
2007-10-19 00:00:00+09:00,3190.0,3190.0,3050.0,3140.0,12417,0.0,0.0
2007-10-22 00:00:00+09:00,3040.0,3105.0,3030.0,3040.0,10658,0.0,0.0
2007-10-23 00:00:00+09:00,3140.0,3140.0,3040.0,3095.0,3463,0.0,0.0
2007-10-24 00:00:00+09:00,3110.0,3115.0,3040.0,3040.0,3861,0.0,0.0
2007-10-25 00:00:00+09:00,3120.0,3120.0,3015.0,3015.0,8244,0.0,0.0
2007-10-26 00:00:00+09:00,3015.0,3050.0,3000.0,3020.0,4858,0.0,0.0
2007-10-29 00:00:00+09:00,3145.0,3145.0,3010.0,3100.0,7426,0.0,0.0
2007-10-30 00:00:00+09:00,3115.0,3125.0,3020.0,3095.0,3519,0.0,0.0
2007-10-31 00:00:00+09:00,3115.0,3115.0,3005.0,3005.0,3519,0.0,0.0
2007-11-01 00:00:00+09:00,3100.0,3100.0,2970.0,2985.0,6445,0.0,0.0
2007-11-02 00:00:00+09:00,3050.0,3050.0,2935.0,3000.0,1999,0.0,0.0
2007-11-05 00:00:00+09:00,3020.0,3115.0,2965.0,3000.0,2976,0.0,0.0
2007-11-06 00:00:00+09:00,3000.0,3430.0,2945.0,3190.0,77282,0.0,0.0
2007-11-07 00:00:00+09:00,3160.0,3240.0,3005.0,3120.0,29274,0.0,0.0
2007-11-08 00:00:00+09:00,3050.0,3080.0,3030.0,3080.0,10081,0.0,0.0
2007-11-09 00:00:00+09:00,3110.0,3110.0,3010.0,3070.0,9897,0.0,0.0
2007-11-12 00:00:00+09:00,2975.0,3065.0,2925.0,2945.0,1683,0.0,0.0
2007-11-13 00:00:00+09:00,3050.0,3050.0,2920.0,2970.0,6146,0.0,0.0
2007-11-14 00:00:00+09:00,3050.0,3050.0,2970.0,2995.0,6867,0.0,0.0
2007-11-15 00:00:00+09:00,3020.0,3030.0,2805.0,3010.0,16358,0.0,0.0
2007-11-16 00:00:00+09:00,3010.0,3015.0,2950.0,3010.0,1280,0.0,0.0
2007-11-19 00:00:00+09:00,3040.0,3040.0,3000.0,3000.0,3471,0.0,0.0
2007-11-20 00:00:00+09:00,3095.0,3095.0,2975.0,3040.0,5573,0.0,0.0
2007-11-21 00:00:00+09:00,3040.0,3040.0,2980.0,3010.0,5411,0.0,0.0
2007-11-22 00:00:00+09:00,3030.0,3030.0,2860.0,2900.0,8730,0.0,0.0
2007-11-23 00:00:00+09:00,2905.0,2970.0,2785.0,2800.0,7749,0.0,0.0
2007-11-26 00:00:00+09:00,2840.0,2850.0,2725.0,2745.0,3609,0.0,0.0
2007-11-27 00:00:00+09:00,2750.0,2765.0,2685.0,2685.0,7933,0.0,0.0
2007-11-28 00:00:00+09:00,2710.0,2890.0,2710.0,2730.0,6935,0.0,0.0
2007-11-29 00:00:00+09:00,2650.0,2800.0,2650.0,2700.0,2888,0.0,0.0
2007-11-30 00:00:00+09:00,2820.0,2900.0,2820.0,2900.0,2532,0.0,0.0
2007-12-03 00:00:00+09:00,2955.0,2960.0,2810.0,2955.0,1780,0.0,0.0
2007-12-04 00:00:00+09:00,2950.0,2950.0,2845.0,2950.0,1117,0.0,0.0
2007-12-05 00:00:00+09:00,2955.0,2955.0,2800.0,2850.0,3746,0.0,0.0
2007-12-06 00:00:00+09:00,2960.0,3200.0,2800.0,2925.0,4430,0.0,0.0
2007-12-07 00:00:00+09:00,2810.0,2940.0,2810.0,2935.0,8328,0.0,0.0
2007-12-10 00:00:00+09:00,2870.0,2955.0,2820.0,2900.0,11629,0.0,0.0
2007-12-11 00:00:00+09:00,2805.0,2870.0,2760.0,2795.0,19434,0.0,0.0
2007-12-12 00:00:00+09:00,2740.0,2885.0,2740.0,2850.0,555,0.0,0.0
2007-12-13 00:00:00+09:00,2890.0,2890.0,2730.0,2825.0,2965,0.0,0.0
2007-12-14 00:00:00+09:00,2870.0,2900.0,2750.0,2900.0,6600,0.0,0.0
2007-12-17 00:00:00+09:00,2880.0,2925.0,2800.0,2885.0,11524,0.0,0.0
2007-12-18 00:00:00+09:00,2915.0,2935.0,2780.0,2780.0,16040,0.0,0.0
2007-12-20 00:00:00+09:00,2870.0,2880.0,2800.0,2865.0,14001,0.0,0.0
2007-12-21 00:00:00+09:00,2885.0,2890.0,2805.0,2850.0,1769,0.0,0.0
2007-12-24 00:00:00+09:00,2850.0,2895.0,2795.0,2795.0,6852,0.0,0.0
2007-12-26 00:00:00+09:00,2780.0,2850.0,2780.0,2800.0,366,0.0,0.0
2007-12-27 00:00:00+09:00,2860.0,2860.0,2790.0,2790.0,946,0.0,0.0
2007-12-28 00:00:00+09:00,2830.0,2830.0,2750.0,2760.0,6393,0.0,0.0
2008-01-02 00:00:00+09:00,2835.0,2835.0,2720.0,2795.0,97,0.0,0.0
2008-01-03 00:00:00+09:00,2815.0,2815.0,2700.0,2760.0,2847,0.0,0.0
2008-01-04 00:00:00+09:00,2700.0,2815.0,2700.0,2800.0,877,0.0,0.0
2008-01-07 00:00:00+09:00,2830.0,2830.0,2455.0,2700.0,4211,0.0,0.0
2008-01-08 00:00:00+09:00,2745.0,2785.0,2700.0,2725.0,3641,0.0,0.0
2008-01-09 00:00:00+09:00,2785.0,2870.0,2710.0,2870.0,4654,0.0,0.0
2008-01-10 00:00:00+09:00,2860.0,2875.0,2765.0,2865.0,5502,0.0,0.0
2008-01-11 00:00:00+09:00,2860.0,2890.0,2760.0,2785.0,3122,0.0,0.0
2008-01-14 00:00:00+09:00,2840.0,2840.0,2680.0,2735.0,6220,0.0,0.0
2008-01-15 00:00:00+09:00,2680.0,2745.0,2625.0,2725.0,9087,0.0,0.0
2008-01-16 00:00:00+09:00,2760.0,2760.0,2610.0,2620.0,5873,0.0,0.0
2008-01-17 00:00:00+09:00,2695.0,2695.0,2605.0,2680.0,8343,0.0,0.0
2008-01-18 00:00:00+09:00,2740.0,2740.0,2610.0,2720.0,2533,0.0,0.0
2008-01-21 00:00:00+09:00,2805.0,2810.0,2655.0,2750.0,1642,0.0,0.0
2008-01-22 00:00:00+09:00,2745.0,2745.0,2370.0,2600.0,7751,0.0,0.0
2008-01-23 00:00:00+09:00,2720.0,2720.0,2540.0,2600.0,2420,0.0,0.0
2008-01-24 00:00:00+09:00,2650.0,2720.0,2560.0,2695.0,1768,0.0,0.0
2008-01-25 00:00:00+09:00,2700.0,2775.0,2665.0,2700.0,2452,0.0,0.0
2008-01-28 00:00:00+09:00,2775.0,2775.0,2600.0,2680.0,1294,0.0,0.0
2008-01-29 00:00:00+09:00,2785.0,2785.0,2655.0,2755.0,9833,0.0,0.0
2008-01-30 00:00:00+09:00,2790.0,2795.0,2600.0,2650.0,6769,0.0,0.0
2008-01-31 00:00:00+09:00,2600.0,2760.0,2590.0,2665.0,2146,0.0,0.0
2008-02-01 00:00:00+09:00,2730.0,2775.0,2635.0,2730.0,1074,0.0,0.0
2008-02-04 00:00:00+09:00,2530.0,2740.0,2530.0,2640.0,5360,0.0,0.0
2008-02-05 00:00:00+09:00,2685.0,2685.0,2640.0,2650.0,3590,0.0,0.0
2008-02-11 00:00:00+09:00,2650.0,2750.0,2650.0,2680.0,1737,0.0,0.0
2008-02-12 00:00:00+09:00,2750.0,2750.0,2650.0,2700.0,902,0.0,0.0
2008-02-13 00:00:00+09:00,2655.0,2730.0,2650.0,2670.0,1585,0.0,0.0
2008-02-14 00:00:00+09:00,2715.0,2715.0,2650.0,2685.0,1113,0.0,0.0
2008-02-15 00:00:00+09:00,2685.0,2700.0,2660.0,2700.0,28,0.0,0.0
2008-02-18 00:00:00+09:00,2670.0,2700.0,2665.0,2690.0,837,0.0,0.0
2008-02-19 00:00:00+09:00,2700.0,2750.0,2660.0,2750.0,2347,0.0,0.0
2008-02-20 00:00:00+09:00,2770.0,2780.0,2670.0,2670.0,3225,0.0,0.0
2008-02-21 00:00:00+09:00,2745.0,2750.0,2570.0,2600.0,16871,0.0,0.0
2008-02-22 00:00:00+09:00,2610.0,2700.0,2500.0,2500.0,29039,0.0,0.0
2008-02-25 00:00:00+09:00,2515.0,2515.0,2420.0,2450.0,16832,0.0,0.0
2008-02-26 00:00:00+09:00,2500.0,2500.0,2400.0,2445.0,5382,0.0,0.0
2008-02-27 00:00:00+09:00,2410.0,2455.0,2400.0,2450.0,7318,0.0,0.0
2008-02-28 00:00:00+09:00,2445.0,2445.0,2375.0,2445.0,2844,0.0,0.0
2008-02-29 00:00:00+09:00,2445.0,2445.0,2430.0,2430.0,484,0.0,0.0
2008-03-03 00:00:00+09:00,2430.0,2445.0,2350.0,2370.0,7328,0.0,0.0
2008-03-04 00:00:00+09:00,2415.0,2415.0,2330.0,2400.0,3908,0.0,0.0
2008-03-05 00:00:00+09:00,2465.0,2465.0,2305.0,2370.0,5053,0.0,0.0
2008-03-06 00:00:00+09:00,2370.0,2380.0,2300.0,2355.0,3696,0.0,0.0
2008-03-07 00:00:00+09:00,2350.0,2355.0,2220.0,2340.0,1126,0.0,0.0
2008-03-10 00:00:00+09:00,2335.0,2340.0,2205.0,2265.0,4428,0.0,0.0
2008-03-11 00:00:00+09:00,2305.0,2305.0,2200.0,2285.0,232,0.0,0.0
2008-03-12 00:00:00+09:00,2285.0,2350.0,2285.0,2285.0,5959,0.0,0.0
2008-03-13 00:00:00+09:00,2345.0,2345.0,2295.0,2295.0,206,0.0,0.0
2008-03-14 00:00:00+09:00,2345.0,2345.0,2205.0,2205.0,2121,0.0,0.0
2008-03-17 00:00:00+09:00,2245.0,2245.0,2035.0,2130.0,10471,0.0,0.0
2008-03-18 00:00:00+09:00,2100.0,2160.0,2070.0,2090.0,1767,0.0,0.0
2008-03-19 00:00:00+09:00,2095.0,2355.0,2095.0,2300.0,7124,0.0,0.0
2008-03-20 00:00:00+09:00,2295.0,2295.0,2180.0,2225.0,2558,0.0,0.0
2008-03-21 00:00:00+09:00,2205.0,2290.0,2200.0,2260.0,1059,0.0,0.0
2008-03-24 00:00:00+09:00,2190.0,2290.0,2170.0,2280.0,5299,0.0,0.0
2008-03-25 00:00:00+09:00,2280.0,2335.0,2255.0,2310.0,1121,0.0,0.0
2008-03-26 00:00:00+09:00,2265.0,2320.0,2100.0,2150.0,23903,0.0,0.0
2008-03-27 00:00:00+09:00,2100.0,2395.0,2100.0,2290.0,20334,0.0,0.0
2008-03-28 00:00:00+09:00,2400.0,2440.0,2275.0,2375.0,5316,0.0,0.0
2008-03-31 00:00:00+09:00,2370.0,2465.0,2300.0,2465.0,5092,0.0,0.0
2008-04-01 00:00:00+09:00,2355.0,2450.0,2350.0,2450.0,3257,0.0,0.0
2008-04-02 00:00:00+09:00,2500.0,2600.0,2350.0,2400.0,4397,0.0,0.0
2008-04-03 00:00:00+09:00,2450.0,2500.0,2400.0,2500.0,6582,0.0,0.0
2008-04-04 00:00:00+09:00,2660.0,2660.0,2500.0,2570.0,3804,0.0,0.0
2008-04-07 00:00:00+09:00,2600.0,2700.0,2570.0,2700.0,8962,0.0,0.0
2008-04-08 00:00:00+09:00,2745.0,2745.0,2550.0,2710.0,10570,0.0,0.0
2008-04-10 00:00:00+09:00,2650.0,2750.0,2630.0,2740.0,6299,0.0,0.0
2008-04-11 00:00:00+09:00,2745.0,2750.0,2500.0,2600.0,18262,0.0,0.0
2008-04-14 00:00:00+09:00,2700.0,2730.0,2535.0,2715.0,6979,0.0,0.0
2008-04-15 00:00:00+09:00,2715.0,2720.0,2650.0,2720.0,6882,0.0,0.0
2008-04-16 00:00:00+09:00,2720.0,2750.0,2625.0,2735.0,3029,0.0,0.0
2008-04-17 00:00:00+09:00,2730.0,2770.0,2730.0,2770.0,41,0.0,0.0
2008-04-18 00:00:00+09:00,2765.0,2795.0,2670.0,2670.0,513,0.0,0.0
2008-04-21 00:00:00+09:00,2755.0,2760.0,2580.0,2730.0,2432,0.0,0.0
2008-04-22 00:00:00+09:00,2720.0,2725.0,2545.0,2545.0,5557,0.0,0.0
2008-04-23 00:00:00+09:00,2525.0,2610.0,2440.0,2480.0,4979,0.0,0.0
2008-04-24 00:00:00+09:00,2485.0,2580.0,2420.0,2545.0,13936,0.0,0.0
2008-04-25 00:00:00+09:00,2580.0,2580.0,2435.0,2560.0,563,0.0,0.0
2008-04-28 00:00:00+09:00,2560.0,2620.0,2450.0,2470.0,3835,0.0,0.0
2008-04-29 00:00:00+09:00,2470.0,2590.0,2435.0,2585.0,376,0.0,0.0
2008-04-30 00:00:00+09:00,2580.0,2650.0,2470.0,2610.0,3376,0.0,0.0
2008-05-02 00:00:00+09:00,2680.0,2680.0,2495.0,2500.0,30204,0.0,0.0
2008-05-06 00:00:00+09:00,2575.0,2575.0,2500.0,2565.0,15519,0.0,0.0
2008-05-07 00:00:00+09:00,2620.0,2635.0,2495.0,2565.0,2616,0.0,0.0
2008-05-08 00:00:00+09:00,2620.0,2675.0,2505.0,2655.0,6534,0.0,0.0
2008-05-09 00:00:00+09:00,2620.0,2645.0,2535.0,2560.0,3598,0.0,0.0
2008-05-13 00:00:00+09:00,2665.0,2670.0,2535.0,2665.0,415,0.0,0.0
2008-05-14 00:00:00+09:00,2655.0,2660.0,2540.0,2645.0,3105,0.0,0.0
2008-05-15 00:00:00+09:00,2670.0,2670.0,2535.0,2540.0,5349,0.0,0.0
2008-05-16 00:00:00+09:00,2510.0,2660.0,2510.0,2640.0,3826,0.0,0.0
2008-05-19 00:00:00+09:00,2645.0,2645.0,2520.0,2580.0,4337,0.0,0.0
2008-05-20 00:00:00+09:00,2600.0,2600.0,2510.0,2565.0,1526,0.0,0.0
2008-05-21 00:00:00+09:00,2565.0,2600.0,2470.0,2490.0,1461,0.0,0.0
2008-05-22 00:00:00+09:00,2430.0,2540.0,2420.0,2515.0,5475,0.0,0.0
2008-05-23 00:00:00+09:00,2575.0,2845.0,2500.0,2600.0,8609,0.0,0.0
2008-05-26 00:00:00+09:00,2600.0,2600.0,2465.0,2500.0,2547,0.0,0.0
2008-05-27 00:00:00+09:00,2650.0,2650.0,2510.0,2590.0,184,0.0,0.0
2008-05-28 00:00:00+09:00,2520.0,2590.0,2470.0,2590.0,3881,0.0,0.0
2008-05-29 00:00:00+09:00,2525.0,2610.0,2525.0,2595.0,5858,0.0,0.0
2008-05-30 00:00:00+09:00,2635.0,2635.0,2595.0,2625.0,370,0.0,0.0
2008-06-02 00:00:00+09:00,2635.0,2635.0,2520.0,2520.0,985,0.0,0.0
2008-06-03 00:00:00+09:00,2600.0,2600.0,2500.0,2575.0,1605,0.0,0.0
2008-06-04 00:00:00+09:00,2585.0,2585.0,2500.0,2500.0,4524,0.0,0.0
2008-06-05 00:00:00+09:00,2530.0,2530.0,2435.0,2500.0,3215,0.0,0.0
2008-06-09 00:00:00+09:00,2495.0,2495.0,2265.0,2460.0,5248,0.0,0.0
2008-06-10 00:00:00+09:00,2400.0,2460.0,2400.0,2405.0,477,0.0,0.0
2008-06-11 00:00:00+09:00,2450.0,2480.0,2400.0,2455.0,1045,0.0,0.0
2008-06-12 00:00:00+09:00,2475.0,2475.0,2445.0,2450.0,7,0.0,0.0
2008-06-13 00:00:00+09:00,2490.0,2490.0,2335.0,2480.0,118,0.0,0.0
2008-06-16 00:00:00+09:00,2450.0,2480.0,2385.0,2385.0,6133,0.0,0.0
2008-06-17 00:00:00+09:00,2465.0,2465.0,2455.0,2455.0,602,0.0,0.0
2008-06-18 00:00:00+09:00,2480.0,2480.0,2300.0,2330.0,9308,0.0,0.0
2008-06-19 00:00:00+09:00,2315.0,2425.0,2305.0,2380.0,1861,0.0,0.0
2008-06-20 00:00:00+09:00,2450.0,2455.0,2310.0,2320.0,4967,0.0,0.0
2008-06-23 00:00:00+09:00,2390.0,2390.0,2300.0,2375.0,57,0.0,0.0
2008-06-24 00:00:00+09:00,2400.0,2400.0,2255.0,2280.0,5514,0.0,0.0
2008-06-25 00:00:00+09:00,2225.0,2365.0,2220.0,2310.0,3105,0.0,0.0
2008-06-26 00:00:00+09:00,2270.0,2425.0,2270.0,2315.0,1340,0.0,0.0
2008-06-27 00:00:00+09:00,2240.0,2435.0,2240.0,2330.0,329,0.0,0.0
2008-06-30 00:00:00+09:00,2360.0,2360.0,2280.0,2340.0,1662,0.0,0.0
2008-07-01 00:00:00+09:00,2405.0,2405.0,2300.0,2350.0,699,0.0,0.0
2008-07-02 00:00:00+09:00,2415.0,2415.0,2240.0,2340.0,939,0.0,0.0
2008-07-03 00:00:00+09:00,2220.0,2335.0,2220.0,2330.0,2000,0.0,0.0
2008-07-04 00:00:00+09:00,2330.0,2395.0,2225.0,2225.0,562,0.0,0.0
2008-07-07 00:00:00+09:00,2215.0,2315.0,2210.0,2300.0,536,0.0,0.0
2008-07-08 00:00:00+09:00,2465.0,2465.0,2030.0,2050.0,6169,0.0,0.0
2008-07-09 00:00:00+09:00,2230.0,2230.0,2045.0,2195.0,4909,0.0,0.0
2008-07-10 00:00:00+09:00,2095.0,2185.0,2085.0,2170.0,1743,0.0,0.0
2008-07-11 00:00:00+09:00,2235.0,2235.0,2060.0,2180.0,1140,0.0,0.0
2008-07-14 00:00:00+09:00,2200.0,2200.0,2200.0,2200.0,30,0.0,0.0
2008-07-15 00:00:00+09:00,2200.0,2200.0,2050.0,2050.0,2844,0.0,0.0
2008-07-16 00:00:00+09:00,2095.0,2185.0,1985.0,2085.0,971,0.0,0.0
2008-07-17 00:00:00+09:00,2070.0,2170.0,2050.0,2050.0,1971,0.0,0.0
2008-07-18 00:00:00+09:00,2170.0,2170.0,2000.0,2050.0,2188,0.0,0.0
2008-07-21 00:00:00+09:00,2050.0,2060.0,1965.0,2000.0,8547,0.0,0.0
2008-07-22 00:00:00+09:00,2010.0,2030.0,1960.0,1995.0,11010,0.0,0.0
2008-07-23 00:00:00+09:00,2010.0,2025.0,1980.0,2015.0,9247,0.0,0.0
2008-07-24 00:00:00+09:00,2025.0,2030.0,2010.0,2030.0,1527,0.0,0.0
2008-07-25 00:00:00+09:00,2170.0,2170.0,2000.0,2120.0,7510,0.0,0.0
2008-07-28 00:00:00+09:00,2120.0,2180.0,2060.0,2065.0,2614,0.0,0.0
2008-07-29 00:00:00+09:00,2140.0,2140.0,2005.0,2065.0,4809,0.0,0.0
2008-07-30 00:00:00+09:00,2180.0,2180.0,2050.0,2095.0,1537,0.0,0.0
2008-07-31 00:00:00+09:00,2025.0,2135.0,2025.0,2095.0,5368,0.0,0.0
2008-08-01 00:00:00+09:00,2100.0,2245.0,2070.0,2105.0,10680,0.0,0.0
2008-08-04 00:00:00+09:00,2220.0,2220.0,2035.0,2035.0,2501,0.0,0.0
2008-08-05 00:00:00+09:00,2135.0,2135.0,2015.0,2015.0,2710,0.0,0.0
2008-08-06 00:00:00+09:00,2100.0,2200.0,2060.0,2200.0,19108,0.0,0.0
2008-08-07 00:00:00+09:00,2285.0,2285.0,2070.0,2100.0,5990,0.0,0.0
2008-08-08 00:00:00+09:00,2100.0,2415.0,2050.0,2350.0,47186,0.0,0.0
2008-08-11 00:00:00+09:00,2450.0,2450.0,2300.0,2350.0,12821,0.0,0.0
2008-08-12 00:00:00+09:00,2350.0,2435.0,2220.0,2260.0,5563,0.0,0.0
2008-08-13 00:00:00+09:00,2390.0,2390.0,2175.0,2175.0,7225,0.0,0.0
2008-08-14 00:00:00+09:00,2175.0,2360.0,2175.0,2330.0,195,0.0,0.0
2008-08-18 00:00:00+09:00,2210.0,2485.0,2210.0,2430.0,28,0.0,0.0
2008-08-19 00:00:00+09:00,2465.0,2465.0,2155.0,2180.0,6532,0.0,0.0
2008-08-20 00:00:00+09:00,2215.0,2215.0,2100.0,2160.0,5968,0.0,0.0
2008-08-21 00:00:00+09:00,2075.0,2150.0,2075.0,2150.0,3,0.0,0.0
2008-08-22 00:00:00+09:00,2060.0,2245.0,2060.0,2245.0,229,0.0,0.0
2008-08-25 00:00:00+09:00,2480.0,2480.0,1960.0,1960.0,3786,0.0,0.0
2008-08-26 00:00:00+09:00,2000.0,2140.0,1920.0,2030.0,1652,0.0,0.0
2008-08-27 00:00:00+09:00,1880.0,2225.0,1880.0,2005.0,522,0.0,0.0
2008-08-28 00:00:00+09:00,2130.0,2130.0,1940.0,2005.0,1622,0.0,0.0
2008-08-29 00:00:00+09:00,2005.0,2170.0,1965.0,1965.0,3703,0.0,0.0
2008-09-01 00:00:00+09:00,2100.0,2100.0,1805.0,1900.0,22054,0.0,0.0
2008-09-02 00:00:00+09:00,2030.0,2030.0,1825.0,1930.0,406,0.0,0.0
2008-09-03 00:00:00+09:00,1900.0,1930.0,1810.0,1930.0,1739,0.0,0.0
2008-09-04 00:00:00+09:00,2010.0,2010.0,1890.0,1975.0,355,0.0,0.0
2008-09-05 00:00:00+09:00,2025.0,2025.0,1835.0,1875.0,10475,0.0,0.0
2008-09-08 00:00:00+09:00,1870.0,1970.0,1865.0,1880.0,4553,0.0,0.0
2008-09-09 00:00:00+09:00,1850.0,1975.0,1850.0,1940.0,155,0.0,0.0
2008-09-10 00:00:00+09:00,1930.0,1935.0,1930.0,1935.0,113,0.0,0.0
2008-09-11 00:00:00+09:00,1940.0,1940.0,1935.0,1935.0,63,0.0,0.0
2008-09-12 00:00:00+09:00,1865.0,2070.0,1865.0,2030.0,31,0.0,0.0
2008-09-16 00:00:00+09:00,2065.0,2065.0,1800.0,2050.0,8941,0.0,0.0
2008-09-17 00:00:00+09:00,2085.0,2085.0,1850.0,1850.0,9935,0.0,0.0
2008-09-18 00:00:00+09:00,1800.0,1825.0,1800.0,1825.0,4480,0.0,0.0
2008-09-19 00:00:00+09:00,1850.0,1850.0,1715.0,1840.0,6479,0.0,0.0
2008-09-22 00:00:00+09:00,1795.0,1840.0,1695.0,1705.0,24067,0.0,0.0
2008-09-23 00:00:00+09:00,1700.0,1775.0,1680.0,1720.0,12172,0.0,0.0
2008-09-24 00:00:00+09:00,1720.0,1790.0,1645.0,1735.0,770,0.0,0.0
2008-09-25 00:00:00+09:00,1720.0,1830.0,1720.0,1830.0,152,0.0,0.0
2008-09-26 00:00:00+09:00,1770.0,1835.0,1725.0,1775.0,143608,0.0,0.0
2008-09-29 00:00:00+09:00,1770.0,2040.0,1770.0,2040.0,143608,0.0,0.0
2008-09-30 00:00:00+09:00,1950.0,2000.0,1735.0,1750.0,185072,0.0,0.0
2008-10-01 00:00:00+09:00,1770.0,1800.0,1700.0,1700.0,29655,0.0,0.0
2008-10-02 00:00:00+09:00,1675.0,1750.0,1665.0,1695.0,7757,0.0,0.0
2008-10-06 00:00:00+09:00,1530.0,1750.0,1570.0,1685.0,137298,0.0,0.0
2008-10-07 00:00:00+09:00,1680.0,1935.0,1520.0,1935.0,122265,0.0,0.0
2008-10-08 00:00:00+09:00,1955.0,2055.0,1645.0,1645.0,430880,0.0,0.0
2008-10-09 00:00:00+09:00,1530.0,1620.0,1400.0,1400.0,137298,0.0,0.0
2008-10-10 00:00:00+09:00,1230.0,1270.0,1190.0,1240.0,69791,0.0,0.0
2008-10-13 00:00:00+09:00,1200.0,1265.0,1180.0,1240.0,42658,0.0,0.0
2008-10-14 00:00:00+09:00,1280.0,1400.0,1255.0,1325.0,34903,0.0,0.0
2008-10-15 00:00:00+09:00,1275.0,1400.0,1250.0,1385.0,18859,0.0,0.0
2008-10-16 00:00:00+09:00,1230.0,1380.0,1180.0,1220.0,19016,0.0,0.0
2008-10-17 00:00:00+09:00,1285.0,1310.0,1150.0,1225.0,7747,0.0,0.0
2008-10-20 00:00:00+09:00,1100.0,1250.0,1100.0,1220.0,2295,0.0,0.0
2008-10-21 00:00:00+09:00,1225.0,1235.0,1185.0,1230.0,1953,0.0,0.0
2008-10-22 00:00:00+09:00,1230.0,1250.0,1060.0,1240.0,4974,0.0,0.0
2008-10-23 00:00:00+09:00,1155.0,1200.0,1065.0,1200.0,12386,0.0,0.0
2008-10-24 00:00:00+09:00,1155.0,1200.0,1020.0,1020.0,12386,0.0,0.0
2008-10-27 00:00:00+09:00,880.0,1100.0,870.0,970.0,17517,0.0,0.0
2008-10-28 00:00:00+09:00,875.0,1100.0,875.0,1100.0,21453,0.0,0.0
2008-10-29 00:00:00+09:00,1250.0,1250.0,1050.0,1050.0,17489,0.0,0.0
2008-10-30 00:00:00+09:00,1050.0,1205.0,1050.0,1160.0,685,0.0,0.0
2008-10-31 00:00:00+09:00,1160.0,1315.0,1155.0,1175.0,1259,0.0,0.0
2008-11-03 00:00:00+09:00,1110.0,1340.0,1110.0,1290.0,2402,0.0,0.0
2008-11-04 00:00:00+09:00,1345.0,1345.0,1120.0,1180.0,15467,0.0,0.0
2008-11-05 00:00:00+09:00,1195.0,1275.0,1185.0,1240.0,19406,0.0,0.0
2008-11-06 00:00:00+09:00,1240.0,1240.0,1120.0,1190.0,983,0.0,0.0
2008-11-07 00:00:00+09:00,1190.0,1220.0,1100.0,1200.0,2886,0.0,0.0
2008-11-10 00:00:00+09:00,1240.0,1240.0,1120.0,1225.0,661,0.0,0.0
2008-11-11 00:00:00+09:00,1125.0,1230.0,1110.0,1190.0,2451,0.0,0.0
2008-11-12 00:00:00+09:00,1225.0,1230.0,1185.0,1200.0,7460,0.0,0.0
2008-11-13 00:00:00+09:00,1230.0,1230.0,1050.0,1200.0,3083,0.0,0.0
2008-11-14 00:00:00+09:00,1200.0,1230.0,1115.0,1220.0,6602,0.0,0.0
2008-11-17 00:00:00+09:00,1235.0,1235.0,1115.0,1225.0,23,0.0,0.0
2008-11-18 00:00:00+09:00,1235.0,1245.0,1150.0,1225.0,6886,0.0,0.0
2008-11-19 00:00:00+09:00,1115.0,1220.0,1080.0,1150.0,10121,0.0,0.0
2008-11-20 00:00:00+09:00,1180.0,1180.0,1035.0,1175.0,45,0.0,0.0
2008-11-21 00:00:00+09:00,1160.0,1220.0,1130.0,1215.0,2486,0.0,0.0
2008-11-24 00:00:00+09:00,1210.0,1260.0,1170.0,1260.0,10238,0.0,0.0
2008-11-25 00:00:00+09:00,1380.0,1420.0,1200.0,1300.0,11677,0.0,0.0
2008-11-26 00:00:00+09:00,1400.0,1415.0,1300.0,1415.0,6932,0.0,0.0
2008-11-27 00:00:00+09:00,1400.0,1500.0,1300.0,1500.0,23208,0.0,0.0
2008-11-28 00:00:00+09:00,1690.0,1690.0,1400.0,1400.0,6170,0.0,0.0
2008-12-01 00:00:00+09:00,1590.0,1590.0,1320.0,1350.0,8659,0.0,0.0
2008-12-02 00:00:00+09:00,1350.0,1455.0,1235.0,1440.0,6910,0.0,0.0
2008-12-03 00:00:00+09:00,1650.0,1655.0,1410.0,1510.0,1476,0.0,0.0
2008-12-04 00:00:00+09:00,1635.0,1635.0,1465.0,1525.0,3643,0.0,0.0
2008-12-05 00:00:00+09:00,1575.0,1575.0,1385.0,1500.0,1134,0.0,0.0
2008-12-08 00:00:00+09:00,1500.0,1550.0,1350.0,1495.0,7536,0.0,0.0
2008-12-09 00:00:00+09:00,1645.0,1645.0,1495.0,1500.0,442,0.0,0.0
2008-12-10 00:00:00+09:00,1515.0,1680.0,1475.0,1500.0,5812,0.0,0.0
2008-12-11 00:00:00+09:00,1580.0,1580.0,1465.0,1470.0,2796,0.0,0.0
2008-12-12 00:00:00+09:00,1500.0,1545.0,1300.0,1405.0,10762,0.0,0.0
2008-12-15 00:00:00+09:00,1500.0,1550.0,1400.0,1550.0,10762,0.0,0.0
2008-12-16 00:00:00+09:00,1570.0,1570.0,1360.0,1365.0,50827,0.0,0.0
2008-12-17 00:00:00+09:00,1335.0,1440.0,1335.0,1405.0,208,0.0,0.0
2008-12-18 00:00:00+09:00,1420.0,1425.0,1295.0,1420.0,3979,0.0,0.0
2008-12-19 00:00:00+09:00,1305.0,1440.0,1300.0,1300.0,12400,0.0,0.0
2008-12-22 00:00:00+09:00,1300.0,1390.0,1275.0,1320.0,4718,0.0,0.0
2008-12-23 00:00:00+09:00,1350.0,1350.0,1300.0,1340.0,2259,0.0,0.0
2008-12-24 00:00:00+09:00,1360.0,1360.0,1300.0,1300.0,2710,0.0,0.0
2008-12-26 00:00:00+09:00,1345.0,1345.0,1275.0,1340.0,5715,0.0,0.0
2008-12-29 00:00:00+09:00,1240.0,1300.0,1235.0,1295.0,3729,0.0,0.0
2008-12-30 00:00:00+09:00,1210.0,1320.0,1210.0,1280.0,2184,0.0,0.0
2009-01-02 00:00:00+09:00,1280.0,1385.0,1220.0,1320.0,47,0.0,0.0
2009-01-05 00:00:00+09:00,1280.0,1305.0,1305.0,1305.0,47,0.0,0.0
2009-01-06 00:00:00+09:00,1355.0,1355.0,1235.0,1260.0,2398,0.0,0.0
2009-01-07 00:00:00+09:00,1280.0,1315.0,1225.0,1315.0,1245,0.0,0.0
2009-01-08 00:00:00+09:00,1330.0,1395.0,1250.0,1330.0,3,0.0,0.0
2009-01-09 00:00:00+09:00,1330.0,1330.0,1330.0,1330.0,3,0.0,0.0
2009-01-12 00:00:00+09:00,1450.0,1375.0,1215.0,1295.0,178882,0.0,0.0
2009-01-13 00:00:00+09:00,1450.0,1485.0,1300.0,1485.0,178882,0.0,0.0
2009-01-14 00:00:00+09:00,1530.0,1650.0,1430.0,1440.0,121447,0.0,0.0
2009-01-15 00:00:00+09:00,1360.0,1400.0,1300.0,1300.0,21164,0.0,0.0
2009-01-16 00:00:00+09:00,1320.0,1380.0,1305.0,1340.0,647,0.0,0.0
2009-01-19 00:00:00+09:00,1330.0,1390.0,1330.0,1380.0,8698,0.0,0.0
2009-01-20 00:00:00+09:00,1380.0,1380.0,1340.0,1375.0,1209,0.0,0.0
2009-01-21 00:00:00+09:00,1350.0,1350.0,1330.0,1330.0,7314,0.0,0.0
2009-01-22 00:00:00+09:00,1395.0,1395.0,1310.0,1375.0,721,0.0,0.0
2009-01-23 00:00:00+09:00,1375.0,1375.0,1340.0,1375.0,1255,0.0,0.0
2009-01-28 00:00:00+09:00,1355.0,1410.0,1340.0,1385.0,8149,0.0,0.0
2009-01-29 00:00:00+09:00,1460.0,1460.0,1380.0,1445.0,74059,0.0,0.0
2009-01-30 00:00:00+09:00,1575.0,1575.0,1380.0,1390.0,1948,0.0,0.0
2009-02-02 00:00:00+09:00,1385.0,1420.0,1230.0,1230.0,8016,0.0,0.0
2009-02-03 00:00:00+09:00,1265.0,1410.0,1265.0,1410.0,48701,0.0,0.0
2009-02-04 00:00:00+09:00,1420.0,1490.0,1350.0,1480.0,4431,0.0,0.0
2009-02-05 00:00:00+09:00,1600.0,1480.0,1375.0,1400.0,36945,0.0,0.0
2009-02-06 00:00:00+09:00,1600.0,1610.0,1410.0,1610.0,36945,0.0,0.0
2009-02-09 00:00:00+09:00,1650.0,1650.0,1535.0,1535.0,3193,0.0,0.0
2009-02-10 00:00:00+09:00,1550.0,1620.0,1495.0,1610.0,1905,0.0,0.0
2009-02-11 00:00:00+09:00,1650.0,1650.0,1495.0,1615.0,1232,0.0,0.0
2009-02-12 00:00:00+09:00,1650.0,1650.0,1485.0,1505.0,6206,0.0,0.0
2009-02-13 00:00:00+09:00,1520.0,1645.0,1500.0,1510.0,4729,0.0,0.0
2009-02-16 00:00:00+09:00,1520.0,1645.0,1500.0,1620.0,1287,0.0,0.0
2009-02-17 00:00:00+09:00,1575.0,1650.0,1380.0,1410.0,110758,0.0,0.0
2009-02-18 00:00:00+09:00,1410.0,1410.0,1325.0,1330.0,11347,0.0,0.0
2009-02-19 00:00:00+09:00,1300.0,1440.0,1200.0,1295.0,45428,0.0,0.0
2009-02-20 00:00:00+09:00,1235.0,1315.0,1230.0,1295.0,15668,0.0,0.0
2009-02-23 00:00:00+09:00,1300.0,1300.0,1270.0,1300.0,1744,0.0,0.0
2009-02-24 00:00:00+09:00,1270.0,1355.0,1240.0,1340.0,4459,0.0,0.0
2009-02-25 00:00:00+09:00,1485.0,1485.0,1260.0,1295.0,10706,0.0,0.0
2009-02-26 00:00:00+09:00,1300.0,1330.0,1230.0,1250.0,11273,0.0,0.0
2009-02-27 00:00:00+09:00,1270.0,1270.0,1200.0,1230.0,6735,0.0,0.0
2009-03-02 00:00:00+09:00,1200.0,1245.0,1180.0,1205.0,7805,0.0,0.0
2009-03-03 00:00:00+09:00,1200.0,1340.0,1195.0,1205.0,12783,0.0,0.0
2009-03-04 00:00:00+09:00,1270.0,1270.0,1215.0,1220.0,219,0.0,0.0
2009-03-05 00:00:00+09:00,1270.0,1365.0,1220.0,1285.0,4784,0.0,0.0
2009-03-06 00:00:00+09:00,1470.0,1470.0,1255.0,1280.0,730,0.0,0.0
2009-03-09 00:00:00+09:00,1300.0,1330.0,1260.0,1265.0,1514,0.0,0.0
2009-03-10 00:00:00+09:00,1440.0,1300.0,1260.0,1265.0,43755,0.0,0.0
2009-03-11 00:00:00+09:00,1440.0,1450.0,1270.0,1450.0,43755,0.0,0.0
2009-03-12 00:00:00+09:00,1370.0,1420.0,1330.0,1395.0,49800,0.0,0.0
2009-03-13 00:00:00+09:00,1425.0,1425.0,1335.0,1390.0,12670,0.0,0.0
2009-03-16 00:00:00+09:00,1390.0,1390.0,1360.0,1385.0,1677,0.0,0.0
2009-03-17 00:00:00+09:00,1385.0,1385.0,1350.0,1380.0,2717,0.0,0.0
2009-03-18 00:00:00+09:00,1390.0,1390.0,1355.0,1355.0,5995,0.0,0.0
2009-03-19 00:00:00+09:00,1355.0,1380.0,1355.0,1380.0,1276,0.0,0.0
2009-03-20 00:00:00+09:00,1380.0,1450.0,1355.0,1360.0,3306,0.0,0.0
2009-03-23 00:00:00+09:00,1360.0,1440.0,1335.0,1370.0,12677,0.0,0.0
2009-03-24 00:00:00+09:00,1375.0,1400.0,1335.0,1390.0,10799,0.0,0.0
2009-03-25 00:00:00+09:00,1400.0,1400.0,1370.0,1400.0,1200,0.0,0.0
2009-03-26 00:00:00+09:00,1450.0,1450.0,1360.0,1440.0,1554,0.0,0.0
2009-03-27 00:00:00+09:00,1445.0,1490.0,1315.0,1365.0,29722,0.0,0.0
2009-03-30 00:00:00+09:00,1345.0,1460.0,1345.0,1420.0,2533,0.0,0.0
2009-03-31 00:00:00+09:00,1420.0,1420.0,1355.0,1415.0,2474,0.0,0.0
2009-04-01 00:00:00+09:00,1370.0,1440.0,1370.0,1430.0,7605,0.0,0.0
2009-04-02 00:00:00+09:00,1465.0,1540.0,1390.0,1475.0,16720,0.0,0.0
2009-04-03 00:00:00+09:00,1480.0,1500.0,1415.0,1445.0,10225,0.0,0.0
2009-04-06 00:00:00+09:00,1445.0,1585.0,1440.0,1480.0,5438,0.0,0.0
2009-04-07 00:00:00+09:00,1480.0,1525.0,1440.0,1515.0,12335,0.0,0.0
2009-04-08 00:00:00+09:00,1540.0,1595.0,1500.0,1565.0,11355,0.0,0.0
2009-04-09 00:00:00+09:00,1615.0,1690.0,1565.0,1665.0,9856,0.0,0.0
2009-04-10 00:00:00+09:00,1700.0,1775.0,1680.0,1740.0,21006,0.0,0.0
2009-04-13 00:00:00+09:00,1720.0,1920.0,1720.0,1820.0,7756,0.0,0.0
2009-04-14 00:00:00+09:00,1890.0,1890.0,1800.0,1830.0,12729,0.0,0.0
2009-04-15 00:00:00+09:00,1870.0,1870.0,1760.0,1785.0,9063,0.0,0.0
2009-04-16 00:00:00+09:00,1820.0,1885.0,1735.0,1750.0,2345,0.0,0.0
2009-04-17 00:00:00+09:00,1700.0,1705.0,1525.0,1625.0,17025,0.0,0.0
2009-04-20 00:00:00+09:00,1600.0,1680.0,1565.0,1660.0,3080,0.0,0.0
2009-04-21 00:00:00+09:00,1560.0,1650.0,1560.0,1635.0,5,0.0,0.0
2009-04-22 00:00:00+09:00,1675.0,1680.0,1600.0,1600.0,3228,0.0,0.0
2009-04-23 00:00:00+09:00,1655.0,1655.0,1565.0,1605.0,8651,0.0,0.0
2009-04-24 00:00:00+09:00,1615.0,1700.0,1535.0,1600.0,13666,0.0,0.0
2009-04-27 00:00:00+09:00,1620.0,1675.0,1575.0,1595.0,8564,0.0,0.0
2009-04-28 00:00:00+09:00,1580.0,1625.0,1540.0,1540.0,19037,0.0,0.0
2009-04-29 00:00:00+09:00,1515.0,1730.0,1515.0,1605.0,3554,0.0,0.0
2009-04-30 00:00:00+09:00,1605.0,1700.0,1550.0,1670.0,35701,0.0,0.0
2009-05-04 00:00:00+09:00,1735.0,1735.0,1620.0,1650.0,8674,0.0,0.0
2009-05-06 00:00:00+09:00,1650.0,1790.0,1600.0,1660.0,16201,0.0,0.0
2009-05-07 00:00:00+09:00,1680.0,1680.0,1600.0,1655.0,18200,0.0,0.0
2009-05-08 00:00:00+09:00,1780.0,1780.0,1640.0,1695.0,7664,0.0,0.0
2009-05-11 00:00:00+09:00,1690.0,1745.0,1630.0,1735.0,21099,0.0,0.0
2009-05-12 00:00:00+09:00,1700.0,1750.0,1680.0,1700.0,5655,0.0,0.0
2009-05-13 00:00:00+09:00,1720.0,1790.0,1700.0,1755.0,12778,0.0,0.0
2009-05-14 00:00:00+09:00,1780.0,1780.0,1710.0,1740.0,2558,0.0,0.0
2009-05-15 00:00:00+09:00,1775.0,1840.0,1705.0,1750.0,35942,0.0,0.0
2009-05-18 00:00:00+09:00,1770.0,1770.0,1690.0,1735.0,7270,0.0,0.0
2009-05-19 00:00:00+09:00,1795.0,1830.0,1700.0,1830.0,68908,0.0,0.0
2009-05-20 00:00:00+09:00,1800.0,1840.0,1790.0,1820.0,19561,0.0,0.0
2009-05-21 00:00:00+09:00,1810.0,1840.0,1760.0,1800.0,11657,0.0,0.0
2009-05-22 00:00:00+09:00,1755.0,1940.0,1755.0,1900.0,44151,0.0,0.0
2009-05-25 00:00:00+09:00,1950.0,1950.0,1770.0,1810.0,20848,0.0,0.0
2009-05-26 00:00:00+09:00,1765.0,1845.0,1765.0,1845.0,2,0.0,0.0
2009-05-27 00:00:00+09:00,1840.0,1845.0,1785.0,1830.0,5041,0.0,0.0
2009-05-28 00:00:00+09:00,1810.0,1840.0,1750.0,1805.0,2724,0.0,0.0
2009-05-29 00:00:00+09:00,1815.0,1855.0,1815.0,1830.0,9,0.0,0.0
2009-06-01 00:00:00+09:00,1840.0,1840.0,1730.0,1750.0,7800,0.0,0.0
2009-06-02 00:00:00+09:00,1750.0,1845.0,1725.0,1790.0,62,0.0,0.0
2009-06-03 00:00:00+09:00,1790.0,1800.0,1785.0,1785.0,1553,0.0,0.0
2009-06-04 00:00:00+09:00,1870.0,1870.0,1685.0,1710.0,5554,0.0,0.0
2009-06-05 00:00:00+09:00,1735.0,1775.0,1655.0,1690.0,13081,0.0,0.0
2009-06-08 00:00:00+09:00,1715.0,1715.0,1640.0,1640.0,5331,0.0,0.0
2009-06-09 00:00:00+09:00,1690.0,1735.0,1640.0,1690.0,3701,0.0,0.0
2009-06-10 00:00:00+09:00,1695.0,1730.0,1670.0,1715.0,7728,0.0,0.0
2009-06-11 00:00:00+09:00,1710.0,1715.0,1645.0,1670.0,20394,0.0,0.0
2009-06-12 00:00:00+09:00,1695.0,1720.0,1665.0,1710.0,7903,0.0,0.0
2009-06-15 00:00:00+09:00,1740.0,1760.0,1685.0,1745.0,13726,0.0,0.0
2009-06-16 00:00:00+09:00,1735.0,1745.0,1700.0,1745.0,7690,0.0,0.0
2009-06-17 00:00:00+09:00,1735.0,1770.0,1710.0,1740.0,4325,0.0,0.0
2009-06-18 00:00:00+09:00,1740.0,1780.0,1680.0,1720.0,9886,0.0,0.0
2009-06-19 00:00:00+09:00,1725.0,1735.0,1725.0,1735.0,28,0.0,0.0
2009-06-22 00:00:00+09:00,1725.0,1765.0,1670.0,1730.0,5942,0.0,0.0
2009-06-23 00:00:00+09:00,1665.0,1730.0,1665.0,1665.0,4580,0.0,0.0
2009-06-24 00:00:00+09:00,1710.0,1745.0,1680.0,1700.0,5207,0.0,0.0
2009-06-25 00:00:00+09:00,1685.0,1730.0,1650.0,1700.0,9063,0.0,0.0
2009-06-26 00:00:00+09:00,1710.0,1740.0,1685.0,1730.0,13518,0.0,0.0
2009-06-29 00:00:00+09:00,1730.0,1740.0,1680.0,1700.0,13353,0.0,0.0
2009-06-30 00:00:00+09:00,1695.0,1720.0,1680.0,1700.0,3630,0.0,0.0
2009-07-01 00:00:00+09:00,1710.0,1770.0,1645.0,1710.0,134379,0.0,0.0
2009-07-02 00:00:00+09:00,1700.0,1720.0,1675.0,1700.0,18771,0.0,0.0
2009-07-03 00:00:00+09:00,1705.0,1760.0,1690.0,1760.0,64973,0.0,0.0
2009-07-06 00:00:00+09:00,1755.0,1780.0,1740.0,1760.0,24903,0.0,0.0
2009-07-07 00:00:00+09:00,1755.0,1770.0,1720.0,1750.0,31860,0.0,0.0
2009-07-08 00:00:00+09:00,1750.0,1775.0,1740.0,1770.0,16213,0.0,0.0
2009-07-09 00:00:00+09:00,1770.0,1820.0,1740.0,1815.0,25253,0.0,0.0
2009-07-10 00:00:00+09:00,1805.0,1820.0,1780.0,1790.0,18945,0.0,0.0
2009-07-13 00:00:00+09:00,1810.0,1815.0,1700.0,1710.0,24933,0.0,0.0
2009-07-14 00:00:00+09:00,1650.0,1770.0,1610.0,1710.0,41976,0.0,0.0
2009-07-15 00:00:00+09:00,1715.0,1720.0,1690.0,1695.0,36897,0.0,0.0
2009-07-16 00:00:00+09:00,1715.0,1740.0,1695.0,1705.0,13295,0.0,0.0
2009-07-17 00:00:00+09:00,1725.0,1750.0,1700.0,1730.0,12173,0.0,0.0
2009-07-20 00:00:00+09:00,1745.0,1900.0,1705.0,1890.0,35876,0.0,0.0
2009-07-21 00:00:00+09:00,1950.0,2170.0,1930.0,2100.0,201210,0.0,0.0
2009-07-22 00:00:00+09:00,2150.0,2150.0,1920.0,2050.0,107311,0.0,0.0
2009-07-23 00:00:00+09:00,2100.0,2200.0,1965.0,2050.0,70110,0.0,0.0
2009-07-24 00:00:00+09:00,2150.0,2200.0,2050.0,2190.0,26129,0.0,0.0
2009-07-27 00:00:00+09:00,2230.0,2230.0,2065.0,2120.0,10788,0.0,0.0
2009-07-28 00:00:00+09:00,2170.0,2170.0,2000.0,2140.0,12412,0.0,0.0
2009-07-29 00:00:00+09:00,2140.0,2175.0,2060.0,2160.0,7577,0.0,0.0
2009-07-30 00:00:00+09:00,2160.0,2200.0,2100.0,2175.0,8507,0.0,0.0
2009-07-31 00:00:00+09:00,2295.0,2295.0,2100.0,2145.0,129578,0.0,0.0
2009-08-03 00:00:00+09:00,2250.0,2440.0,2220.0,2380.0,30746,0.0,0.0
2009-08-04 00:00:00+09:00,2460.0,2460.0,2220.0,2295.0,38707,0.0,0.0
2009-08-05 00:00:00+09:00,2325.0,2340.0,2200.0,2200.0,26244,0.0,0.0
2009-08-06 00:00:00+09:00,2280.0,2345.0,2130.0,2340.0,40107,0.0,0.0
2009-08-07 00:00:00+09:00,2470.0,2470.0,2275.0,2340.0,74697,0.0,0.0
2009-08-10 00:00:00+09:00,2365.0,2365.0,2260.0,2315.0,9036,0.0,0.0
2009-08-11 00:00:00+09:00,2315.0,2385.0,2190.0,2200.0,49473,0.0,0.0
2009-08-12 00:00:00+09:00,2270.0,2270.0,2080.0,2105.0,40008,0.0,0.0
2009-08-13 00:00:00+09:00,2130.0,2145.0,2060.0,2145.0,27820,0.0,0.0
2009-08-14 00:00:00+09:00,2145.0,2380.0,2095.0,2145.0,25878,0.0,0.0
2009-08-17 00:00:00+09:00,2145.0,2285.0,2040.0,2130.0,25453,0.0,0.0
2009-08-18 00:00:00+09:00,2125.0,2125.0,1955.0,1985.0,59316,0.0,0.0
2009-08-19 00:00:00+09:00,2040.0,2090.0,1990.0,2005.0,43289,0.0,0.0
2009-08-20 00:00:00+09:00,2190.0,2190.0,2025.0,2105.0,61211,0.0,0.0
2009-08-21 00:00:00+09:00,2140.0,2410.0,2120.0,2220.0,49221,0.0,0.0
2009-08-24 00:00:00+09:00,2320.0,2475.0,2230.0,2290.0,118670,0.0,0.0
2009-08-25 00:00:00+09:00,2385.0,2440.0,2220.0,2300.0,70528,0.0,0.0
2009-08-26 00:00:00+09:00,2350.0,2350.0,2215.0,2250.0,34850,0.0,0.0
2009-08-27 00:00:00+09:00,2250.0,2250.0,1915.0,1915.0,425582,0.0,0.0
2009-08-28 00:00:00+09:00,1915.0,1915.0,1820.0,1910.0,150128,0.0,0.0
2009-08-31 00:00:00+09:00,1960.0,1960.0,1845.0,1910.0,74085,0.0,0.0
2009-09-01 00:00:00+09:00,1905.0,1925.0,1845.0,1925.0,78128,0.0,0.0
2009-09-02 00:00:00+09:00,1920.0,1975.0,1860.0,1950.0,17830,0.0,0.0
2009-09-03 00:00:00+09:00,1940.0,2050.0,1900.0,2050.0,43666,0.0,0.0
2009-09-04 00:00:00+09:00,2060.0,2060.0,1980.0,2010.0,22361,0.0,0.0
2009-09-07 00:00:00+09:00,2040.0,2050.0,1975.0,2005.0,34519,0.0,0.0
2009-09-08 00:00:00+09:00,1990.0,2005.0,1940.0,2005.0,21941,0.0,0.0
2009-09-09 00:00:00+09:00,2000.0,2000.0,1920.0,1930.0,32311,0.0,0.0
2009-09-10 00:00:00+09:00,1915.0,2000.0,1915.0,1985.0,26795,0.0,0.0
2009-09-11 00:00:00+09:00,1985.0,2005.0,1930.0,1985.0,13829,0.0,0.0
2009-09-14 00:00:00+09:00,1950.0,1985.0,1950.0,1975.0,5397,0.0,0.0
2009-09-15 00:00:00+09:00,2000.0,2000.0,1925.0,1975.0,17753,0.0,0.0
2009-09-16 00:00:00+09:00,1940.0,2010.0,1930.0,1975.0,23998,0.0,0.0
2009-09-17 00:00:00+09:00,1980.0,1990.0,1900.0,1935.0,37590,0.0,0.0
2009-09-18 00:00:00+09:00,1935.0,1935.0,1885.0,1925.0,14905,0.0,0.0
2009-09-21 00:00:00+09:00,1925.0,1925.0,1855.0,1895.0,18393,0.0,0.0
2009-09-22 00:00:00+09:00,1905.0,1910.0,1855.0,1885.0,27318,0.0,0.0
2009-09-23 00:00:00+09:00,1885.0,1900.0,1850.0,1880.0,40184,0.0,0.0
2009-09-24 00:00:00+09:00,1880.0,1880.0,1835.0,1865.0,14737,0.0,0.0
2009-09-25 00:00:00+09:00,1860.0,1875.0,1800.0,1850.0,38416,0.0,0.0
2009-09-28 00:00:00+09:00,1850.0,1850.0,1760.0,1810.0,20693,0.0,0.0
2009-09-29 00:00:00+09:00,1810.0,1890.0,1775.0,1800.0,13399,0.0,0.0
2009-09-30 00:00:00+09:00,1810.0,1890.0,1735.0,1800.0,19351,0.0,0.0
2009-10-01 00:00:00+09:00,1845.0,1920.0,1715.0,1735.0,25241,0.0,0.0
2009-10-05 00:00:00+09:00,1750.0,1780.0,1690.0,1775.0,2421,0.0,0.0
2009-10-06 00:00:00+09:00,1775.0,1775.0,1695.0,1750.0,9665,0.0,0.0
2009-10-07 00:00:00+09:00,1760.0,1900.0,1760.0,1900.0,19074,0.0,0.0
2009-10-08 00:00:00+09:00,1900.0,1900.0,1775.0,1820.0,23866,0.0,0.0
2009-10-09 00:00:00+09:00,1820.0,1870.0,1780.0,1850.0,13692,0.0,0.0
2009-10-12 00:00:00+09:00,1850.0,1890.0,1730.0,1735.0,40380,0.0,0.0
2009-10-13 00:00:00+09:00,1730.0,1755.0,1690.0,1745.0,156726,0.0,0.0
2009-10-14 00:00:00+09:00,1745.0,1765.0,1700.0,1700.0,28919,0.0,0.0
2009-10-15 00:00:00+09:00,1730.0,1730.0,1685.0,1730.0,19094,0.0,0.0
2009-10-16 00:00:00+09:00,1725.0,1725.0,1685.0,1695.0,10459,0.0,0.0
2009-10-19 00:00:00+09:00,1695.0,1695.0,1630.0,1665.0,21879,0.0,0.0
2009-10-20 00:00:00+09:00,1655.0,1665.0,1585.0,1590.0,79797,0.0,0.0
2009-10-21 00:00:00+09:00,1620.0,1630.0,1555.0,1625.0,27767,0.0,0.0
2009-10-22 00:00:00+09:00,1575.0,1625.0,1570.0,1615.0,22925,0.0,0.0
2009-10-23 00:00:00+09:00,1585.0,1640.0,1585.0,1620.0,6059,0.0,0.0
2009-10-26 00:00:00+09:00,1645.0,1670.0,1620.0,1620.0,5654,0.0,0.0
2009-10-27 00:00:00+09:00,1650.0,1675.0,1605.0,1665.0,26119,0.0,0.0
2009-10-28 00:00:00+09:00,1690.0,1690.0,1610.0,1620.0,43597,0.0,0.0
2009-10-29 00:00:00+09:00,1570.0,1680.0,1570.0,1605.0,12773,0.0,0.0
2009-10-30 00:00:00+09:00,1715.0,1715.0,1600.0,1635.0,18613,0.0,0.0
2009-11-02 00:00:00+09:00,1645.0,1645.0,1570.0,1595.0,12083,0.0,0.0
2009-11-03 00:00:00+09:00,1580.0,1610.0,1565.0,1565.0,9908,0.0,0.0
2009-11-04 00:00:00+09:00,1565.0,1635.0,1565.0,1580.0,7151,0.0,0.0
2009-11-05 00:00:00+09:00,1585.0,1680.0,1575.0,1600.0,6091,0.0,0.0
2009-11-06 00:00:00+09:00,1575.0,1650.0,1575.0,1650.0,12017,0.0,0.0
2009-11-09 00:00:00+09:00,1640.0,1695.0,1635.0,1680.0,15361,0.0,0.0
2009-11-10 00:00:00+09:00,1675.0,1675.0,1585.0,1645.0,27106,0.0,0.0
2009-11-11 00:00:00+09:00,1640.0,1685.0,1600.0,1685.0,13601,0.0,0.0
2009-11-12 00:00:00+09:00,1685.0,1685.0,1640.0,1655.0,11994,0.0,0.0
2009-11-13 00:00:00+09:00,1685.0,1685.0,1675.0,1675.0,6312,0.0,0.0
2009-11-16 00:00:00+09:00,1700.0,1700.0,1640.0,1640.0,2162,0.0,0.0
2009-11-17 00:00:00+09:00,1640.0,1720.0,1600.0,1650.0,9064,0.0,0.0
2009-11-18 00:00:00+09:00,1650.0,1680.0,1630.0,1680.0,2983,0.0,0.0
2009-11-19 00:00:00+09:00,1710.0,1710.0,1630.0,1660.0,8175,0.0,0.0
2009-11-20 00:00:00+09:00,1680.0,1680.0,1610.0,1660.0,20203,0.0,0.0
2009-11-23 00:00:00+09:00,1625.0,1680.0,1620.0,1625.0,15089,0.0,0.0
2009-11-24 00:00:00+09:00,1650.0,1660.0,1610.0,1640.0,12076,0.0,0.0
2009-11-25 00:00:00+09:00,1655.0,1655.0,1590.0,1630.0,29930,0.0,0.0
2009-11-26 00:00:00+09:00,1635.0,1640.0,1600.0,1640.0,9317,0.0,0.0
2009-11-27 00:00:00+09:00,1650.0,1650.0,1560.0,1625.0,12271,0.0,0.0
2009-11-30 00:00:00+09:00,1670.0,1865.0,1620.0,1865.0,117948,0.0,0.0
2009-12-01 00:00:00+09:00,1970.0,2140.0,1915.0,2140.0,374001,0.0,0.0
2009-12-02 00:00:00+09:00,2180.0,2250.0,2030.0,2200.0,185459,0.0,0.0
2009-12-03 00:00:00+09:00,2500.0,2530.0,2410.0,2530.0,208163,0.0,0.0
2009-12-04 00:00:00+09:00,2905.0,2905.0,2585.0,2905.0,1150303,0.0,0.0
2009-12-07 00:00:00+09:00,3330.0,3340.0,3110.0,3340.0,336806,0.0,0.0
2009-12-08 00:00:00+09:00,3540.0,3790.0,2840.0,2840.0,1650878,0.0,0.0
2009-12-09 00:00:00+09:00,2745.0,3265.0,2515.0,3265.0,2400453,0.0,0.0
2009-12-10 00:00:00+09:00,3530.0,3750.0,3265.0,3450.0,1560429,0.0,0.0
2009-12-11 00:00:00+09:00,3350.0,3530.0,2935.0,2960.0,2290283,0.0,0.0
2009-12-14 00:00:00+09:00,2830.0,3080.0,2720.0,2880.0,952869,0.0,0.0
2009-12-15 00:00:00+09:00,2900.0,2900.0,2525.0,2650.0,964615,0.0,0.0
2009-12-16 00:00:00+09:00,2650.0,2685.0,2540.0,2645.0,660645,0.0,0.0
2009-12-17 00:00:00+09:00,2665.0,2735.0,2550.0,2665.0,703438,0.0,0.0
2009-12-18 00:00:00+09:00,2650.0,2830.0,2565.0,2575.0,840872,0.0,0.0
2009-12-21 00:00:00+09:00,2620.0,2620.0,2270.0,2320.0,720394,0.0,0.0
2009-12-22 00:00:00+09:00,2350.0,2360.0,2220.0,2230.0,341642,0.0,0.0
2009-12-23 00:00:00+09:00,2275.0,2275.0,2135.0,2140.0,265114,0.0,0.0
2009-12-24 00:00:00+09:00,2155.0,2285.0,2150.0,2155.0,489679,0.0,0.0
2009-12-28 00:00:00+09:00,2145.0,2200.0,2060.0,2170.0,309608,0.0,0.0
2009-12-29 00:00:00+09:00,2145.0,2245.0,2130.0,2150.0,145091,0.0,0.0
2009-12-30 00:00:00+09:00,2180.0,2445.0,2120.0,2380.0,857532,0.0,0.0
2010-01-04 00:00:00+09:00,2330.0,2355.0,2245.0,2295.0,323801,0.0,0.0
2010-01-05 00:00:00+09:00,2330.0,2365.0,2255.0,2295.0,307164,0.0,0.0
2010-01-06 00:00:00+09:00,2325.0,2460.0,2325.0,2375.0,580586,0.0,0.0
2010-01-07 00:00:00+09:00,2400.0,2400.0,2165.0,2175.0,307422,0.0,0.0
2010-01-08 00:00:00+09:00,2200.0,2210.0,2060.0,2155.0,298843,0.0,0.0
2010-01-11 00:00:00+09:00,2200.0,2230.0,2085.0,2150.0,154513,0.0,0.0
2010-01-12 00:00:00+09:00,2165.0,2235.0,2100.0,2150.0,184696,0.0,0.0
2010-01-13 00:00:00+09:00,2110.0,2155.0,2095.0,2130.0,106229,0.0,0.0
2010-01-14 00:00:00+09:00,2130.0,2275.0,2120.0,2270.0,339750,0.0,0.0
2010-01-15 00:00:00+09:00,2300.0,2430.0,2265.0,2365.0,476343,0.0,0.0
2010-01-18 00:00:00+09:00,2345.0,2395.0,2300.0,2370.0,212746,0.0,0.0
2010-01-19 00:00:00+09:00,2375.0,2430.0,2275.0,2300.0,175477,0.0,0.0
2010-01-20 00:00:00+09:00,2310.0,2520.0,2250.0,2450.0,484172,0.0,0.0
2010-01-21 00:00:00+09:00,2480.0,2570.0,2380.0,2430.0,339699,0.0,0.0
2010-01-22 00:00:00+09:00,2370.0,2500.0,2370.0,2445.0,200994,0.0,0.0
2010-01-25 00:00:00+09:00,2370.0,2565.0,2320.0,2390.0,254464,0.0,0.0
2010-01-26 00:00:00+09:00,2410.0,2440.0,2185.0,2230.0,187081,0.0,0.0
2010-01-27 00:00:00+09:00,2230.0,2280.0,2170.0,2175.0,57615,0.0,0.0
2010-01-28 00:00:00+09:00,2220.0,2275.0,2150.0,2155.0,66110,0.0,0.0
2010-01-29 00:00:00+09:00,2155.0,2200.0,2030.0,2030.0,91732,0.0,0.0
2010-02-01 00:00:00+09:00,1980.0,2080.0,1965.0,2070.0,83909,0.0,0.0
2010-02-02 00:00:00+09:00,2055.0,2145.0,2055.0,2090.0,57813,0.0,0.0
2010-02-03 00:00:00+09:00,2100.0,2115.0,2070.0,2095.0,19115,0.0,0.0
2010-02-04 00:00:00+09:00,2080.0,2220.0,2080.0,2170.0,40859,0.0,0.0
2010-02-05 00:00:00+09:00,2075.0,2170.0,2060.0,2075.0,18270,0.0,0.0
2010-02-08 00:00:00+09:00,2075.0,2155.0,2025.0,2090.0,36887,0.0,0.0
2010-02-09 00:00:00+09:00,2050.0,2125.0,1995.0,2060.0,27011,0.0,0.0
2010-02-10 00:00:00+09:00,2125.0,2125.0,2000.0,2000.0,60780,0.0,0.0
2010-02-11 00:00:00+09:00,2000.0,2075.0,1990.0,2020.0,109789,0.0,0.0
2010-02-12 00:00:00+09:00,2050.0,2165.0,2005.0,2110.0,126412,0.0,0.0
2010-02-16 00:00:00+09:00,2090.0,2160.0,2090.0,2105.0,48724,0.0,0.0
2010-02-17 00:00:00+09:00,2105.0,2185.0,2100.0,2145.0,52209,0.0,0.0
2010-02-18 00:00:00+09:00,2150.0,2220.0,2130.0,2195.0,53191,0.0,0.0
2010-02-19 00:00:00+09:00,2140.0,2220.0,2000.0,2100.0,69061,0.0,0.0
2010-02-22 00:00:00+09:00,2085.0,2140.0,2065.0,2120.0,19562,0.0,0.0
2010-02-23 00:00:00+09:00,2105.0,2230.0,2105.0,2160.0,101889,0.0,0.0
2010-02-24 00:00:00+09:00,2130.0,2230.0,2120.0,2195.0,61393,0.0,0.0
2010-02-25 00:00:00+09:00,2170.0,2225.0,2040.0,2080.0,96935,0.0,0.0
2010-02-26 00:00:00+09:00,2070.0,2130.0,2065.0,2110.0,38426,0.0,0.0
2010-03-02 00:00:00+09:00,2120.0,2150.0,2020.0,2095.0,54783,0.0,0.0
2010-03-03 00:00:00+09:00,2090.0,2105.0,2065.0,2075.0,31647,0.0,0.0
2010-03-04 00:00:00+09:00,2060.0,2140.0,2060.0,2120.0,67742,0.0,0.0
2010-03-05 00:00:00+09:00,2115.0,2125.0,2080.0,2080.0,67095,0.0,0.0
2010-03-08 00:00:00+09:00,2090.0,2205.0,2085.0,2190.0,109416,0.0,0.0
2010-03-09 00:00:00+09:00,2190.0,2190.0,2130.0,2170.0,68315,0.0,0.0
2010-03-10 00:00:00+09:00,2170.0,2495.0,2150.0,2495.0,552329,0.0,0.0
2010-03-11 00:00:00+09:00,2680.0,2840.0,2500.0,2565.0,2008717,0.0,0.0
2010-03-12 00:00:00+09:00,2575.0,2745.0,2450.0,2560.0,1397661,0.0,0.0
2010-03-15 00:00:00+09:00,2610.0,2735.0,2330.0,2330.0,1426324,0.0,0.0
2010-03-16 00:00:00+09:00,2345.0,2410.0,2285.0,2400.0,692591,0.0,0.0
2010-03-17 00:00:00+09:00,2400.0,2440.0,2380.0,2400.0,421903,0.0,0.0
2010-03-18 00:00:00+09:00,2420.0,2500.0,2350.0,2360.0,419498,0.0,0.0
2010-03-19 00:00:00+09:00,2360.0,2530.0,2360.0,2375.0,711400,0.0,0.0
2010-03-22 00:00:00+09:00,2375.0,2425.0,2280.0,2295.0,295221,0.0,0.0
2010-03-23 00:00:00+09:00,2305.0,2350.0,2280.0,2310.0,155580,0.0,0.0
2010-03-24 00:00:00+09:00,2390.0,2655.0,2335.0,2655.0,1267833,0.0,0.0
2010-03-25 00:00:00+09:00,2760.0,2935.0,2620.0,2700.0,3620368,0.0,0.0
2010-03-26 00:00:00+09:00,2750.0,2855.0,2630.0,2790.0,2052323,0.0,0.0
2010-03-29 00:00:00+09:00,2790.0,2900.0,2600.0,2600.0,1320955,0.0,0.0
2010-03-30 00:00:00+09:00,2590.0,2780.0,2530.0,2690.0,1058843,0.0,0.0
2010-03-31 00:00:00+09:00,2790.0,3090.0,2780.0,3090.0,4748685,0.0,0.0
2010-04-01 00:00:00+09:00,3120.0,3540.0,3090.0,3470.0,5762806,0.0,0.0
2010-04-02 00:00:00+09:00,3470.0,3520.0,3310.0,3475.0,1750783,0.0,0.0
2010-04-05 00:00:00+09:00,3500.0,3725.0,3155.0,3360.0,1890507,0.0,0.0
2010-04-06 00:00:00+09:00,3635.0,3860.0,3535.0,3860.0,4331474,0.0,0.0
2010-04-07 00:00:00+09:00,4080.0,4435.0,4020.0,4435.0,1456596,0.0,0.0
2010-04-08 00:00:00+09:00,5000.0,5100.0,3770.0,3850.0,6185085,0.0,0.0
2010-04-09 00:00:00+09:00,3700.0,3905.0,3565.0,3650.0,4052271,0.0,0.0
2010-04-12 00:00:00+09:00,3675.0,3690.0,3360.0,3365.0,1607033,0.0,0.0
2010-04-13 00:00:00+09:00,3380.0,3490.0,3310.0,3385.0,1191862,0.0,0.0
2010-04-14 00:00:00+09:00,3430.0,3480.0,3245.0,3270.0,1105157,0.0,0.0
2010-04-15 00:00:00+09:00,3285.0,3355.0,2780.0,2920.0,1737699,0.0,0.0
2010-04-16 00:00:00+09:00,2950.0,2980.0,2725.0,2850.0,1002837,0.0,0.0
2010-04-19 00:00:00+09:00,2795.0,2915.0,2750.0,2780.0,788090,0.0,0.0
2010-04-20 00:00:00+09:00,2800.0,2925.0,2770.0,2800.0,887631,0.0,0.0
2010-04-21 00:00:00+09:00,2830.0,3220.0,2830.0,3220.0,2222433,0.0,0.0
2010-04-22 00:00:00+09:00,3325.0,3405.0,2995.0,3045.0,2864471,0.0,0.0
2010-04-23 00:00:00+09:00,3065.0,3210.0,3000.0,3100.0,1574087,0.0,0.0
2010-04-26 00:00:00+09:00,3145.0,3195.0,2880.0,2895.0,1108936,0.0,0.0
2010-04-27 00:00:00+09:00,2840.0,2885.0,2730.0,2770.0,815244,0.0,0.0
2010-04-28 00:00:00+09:00,2660.0,2850.0,2660.0,2805.0,500674,0.0,0.0
2010-04-29 00:00:00+09:00,2805.0,2820.0,2640.0,2640.0,522415,0.0,0.0
2010-04-30 00:00:00+09:00,2670.0,2720.0,2650.0,2680.0,361370,0.0,0.0
2010-05-03 00:00:00+09:00,2685.0,2720.0,2300.0,2510.0,371834,0.0,0.0
2010-05-04 00:00:00+09:00,2510.0,2600.0,2400.0,2420.0,315232,0.0,0.0
2010-05-06 00:00:00+09:00,2325.0,2395.0,2275.0,2390.0,272296,0.0,0.0
2010-05-07 00:00:00+09:00,2400.0,2745.0,2365.0,2745.0,2403080,0.0,0.0
2010-05-10 00:00:00+09:00,2780.0,2845.0,2670.0,2720.0,1656783,0.0,0.0
2010-05-11 00:00:00+09:00,2775.0,2820.0,2630.0,2820.0,830033,0.0,0.0
2010-05-12 00:00:00+09:00,2865.0,2945.0,2635.0,2635.0,966643,0.0,0.0
2010-05-13 00:00:00+09:00,2670.0,2710.0,2535.0,2570.0,388079,0.0,0.0
2010-05-14 00:00:00+09:00,2595.0,2735.0,2540.0,2720.0,506617,0.0,0.0
2010-05-17 00:00:00+09:00,2720.0,2750.0,2550.0,2565.0,368247,0.0,0.0
2010-05-18 00:00:00+09:00,2610.0,2655.0,2430.0,2450.0,231274,0.0,0.0
2010-05-19 00:00:00+09:00,2430.0,2455.0,2210.0,2320.0,257059,0.0,0.0
2010-05-20 00:00:00+09:00,2260.0,2405.0,2130.0,2180.0,231881,0.0,0.0
2010-05-24 00:00:00+09:00,2240.0,2245.0,2070.0,2125.0,180216,0.0,0.0
2010-05-25 00:00:00+09:00,2110.0,2125.0,1810.0,1860.0,456555,0.0,0.0
2010-05-26 00:00:00+09:00,1935.0,1995.0,1895.0,1985.0,270467,0.0,0.0
2010-05-27 00:00:00+09:00,1980.0,2130.0,1945.0,2025.0,299051,0.0,0.0
2010-05-28 00:00:00+09:00,2095.0,2150.0,2050.0,2060.0,254324,0.0,0.0
2010-05-31 00:00:00+09:00,2050.0,2120.0,2000.0,2100.0,154516,0.0,0.0
2010-06-01 00:00:00+09:00,2125.0,2160.0,2085.0,2140.0,224417,0.0,0.0
2010-06-03 00:00:00+09:00,2140.0,2235.0,2125.0,2155.0,140082,0.0,0.0
2010-06-04 00:00:00+09:00,2245.0,2475.0,2200.0,2475.0,1264336,0.0,0.0
2010-06-07 00:00:00+09:00,2475.0,2550.0,2405.0,2515.0,1782262,0.0,0.0
2010-06-08 00:00:00+09:00,2500.0,2575.0,2350.0,2350.0,814210,0.0,0.0
2010-06-09 00:00:00+09:00,2390.0,2390.0,2195.0,2220.0,486304,0.0,0.0
2010-06-10 00:00:00+09:00,2245.0,2310.0,2205.0,2275.0,322694,0.0,0.0
2010-06-11 00:00:00+09:00,2315.0,2340.0,2190.0,2190.0,324411,0.0,0.0
2010-06-14 00:00:00+09:00,2195.0,2245.0,2175.0,2195.0,115239,0.0,0.0
2010-06-15 00:00:00+09:00,2190.0,2310.0,2140.0,2265.0,299085,0.0,0.0
2010-06-16 00:00:00+09:00,2270.0,2380.0,2250.0,2250.0,313267,0.0,0.0
2010-06-17 00:00:00+09:00,2275.0,2295.0,2210.0,2210.0,150123,0.0,0.0
2010-06-18 00:00:00+09:00,2230.0,2280.0,2200.0,2215.0,122039,0.0,0.0
2010-06-21 00:00:00+09:00,2230.0,2325.0,2210.0,2285.0,293892,0.0,0.0
2010-06-22 00:00:00+09:00,2320.0,2620.0,2320.0,2350.0,1942184,0.0,0.0
2010-06-23 00:00:00+09:00,2395.0,2465.0,2300.0,2400.0,491596,0.0,0.0
2010-06-24 00:00:00+09:00,2460.0,2495.0,2330.0,2330.0,324498,0.0,0.0
2010-06-25 00:00:00+09:00,2290.0,2365.0,2280.0,2340.0,207158,0.0,0.0
2010-06-28 00:00:00+09:00,2370.0,2435.0,2310.0,2310.0,221729,0.0,0.0
2010-06-29 00:00:00+09:00,2310.0,2375.0,2215.0,2250.0,174261,0.0,0.0
2010-06-30 00:00:00+09:00,2200.0,2245.0,2150.0,2225.0,131529,0.0,0.0
2010-07-01 00:00:00+09:00,2200.0,2270.0,2135.0,2175.0,155260,0.0,0.0
2010-07-02 00:00:00+09:00,2170.0,2225.0,2165.0,2180.0,129007,0.0,0.0
2010-07-05 00:00:00+09:00,2250.0,2385.0,2200.0,2290.0,306243,0.0,0.0
2010-07-06 00:00:00+09:00,2340.0,2340.0,2220.0,2220.0,201858,0.0,0.0
2010-07-07 00:00:00+09:00,2240.0,2325.0,2215.0,2270.0,118786,0.0,0.0
2010-07-08 00:00:00+09:00,2330.0,2445.0,2300.0,2300.0,422482,0.0,0.0
2010-07-09 00:00:00+09:00,2330.0,2410.0,2310.0,2380.0,210694,0.0,0.0
2010-07-12 00:00:00+09:00,2440.0,2545.0,2340.0,2340.0,222306,0.0,0.0
2010-07-13 00:00:00+09:00,2350.0,2475.0,2320.0,2475.0,300784,0.0,0.0
2010-07-14 00:00:00+09:00,2530.0,2845.0,2530.0,2845.0,919145,0.0,0.0
2010-07-15 00:00:00+09:00,3055.0,3165.0,2800.0,2930.0,3387060,0.0,0.0
2010-07-16 00:00:00+09:00,2975.0,3095.0,2870.0,3000.0,3052994,0.0,0.0
2010-07-19 00:00:00+09:00,2990.0,3320.0,2680.0,2735.0,4876347,0.0,0.0
2010-07-20 00:00:00+09:00,2790.0,2985.0,2750.0,2985.0,1954560,0.0,0.0
2010-07-21 00:00:00+09:00,2995.0,3430.0,2830.0,3430.0,2923859,0.0,0.0
2010-07-22 00:00:00+09:00,3510.0,3745.0,3045.0,3165.0,6370587,0.0,0.0
2010-07-23 00:00:00+09:00,3200.0,3440.0,2930.0,2975.0,4125927,0.0,0.0
2010-07-26 00:00:00+09:00,3005.0,3095.0,2795.0,2950.0,1420065,0.0,0.0
2010-07-27 00:00:00+09:00,2925.0,3080.0,2835.0,2910.0,1289963,0.0,0.0
2010-07-28 00:00:00+09:00,2915.0,3030.0,2750.0,2855.0,921718,0.0,0.0
2010-07-29 00:00:00+09:00,2840.0,3135.0,2780.0,2905.0,1971388,0.0,0.0
2010-07-30 00:00:00+09:00,2960.0,3250.0,2940.0,3050.0,2624465,0.0,0.0
2010-08-02 00:00:00+09:00,3080.0,3430.0,3065.0,3250.0,2126348,0.0,0.0
2010-08-03 00:00:00+09:00,3270.0,3440.0,3105.0,3125.0,1572024,0.0,0.0
2010-08-04 00:00:00+09:00,3125.0,3125.0,2890.0,2980.0,654288,0.0,0.0
2010-08-05 00:00:00+09:00,2980.0,3035.0,2745.0,2750.0,509786,0.0,0.0
2010-08-06 00:00:00+09:00,2750.0,2850.0,2650.0,2810.0,392668,0.0,0.0
2010-08-09 00:00:00+09:00,2800.0,2875.0,2700.0,2705.0,355872,0.0,0.0
2010-08-10 00:00:00+09:00,2725.0,2915.0,2705.0,2805.0,795469,0.0,0.0
2010-08-11 00:00:00+09:00,2845.0,2845.0,2620.0,2630.0,306105,0.0,0.0
2010-08-12 00:00:00+09:00,2560.0,2675.0,2535.0,2550.0,207330,0.0,0.0
2010-08-13 00:00:00+09:00,2555.0,2650.0,2555.0,2590.0,148501,0.0,0.0
2010-08-16 00:00:00+09:00,2620.0,2830.0,2540.0,2800.0,381821,0.0,0.0
2010-08-17 00:00:00+09:00,2790.0,2835.0,2685.0,2710.0,182943,0.0,0.0
2010-08-18 00:00:00+09:00,2765.0,2795.0,2670.0,2670.0,137705,0.0,0.0
2010-08-19 00:00:00+09:00,2645.0,2700.0,2620.0,2680.0,167585,0.0,0.0
2010-08-20 00:00:00+09:00,2650.0,2710.0,2630.0,2630.0,83773,0.0,0.0
2010-08-23 00:00:00+09:00,2630.0,2745.0,2600.0,2710.0,178201,0.0,0.0
2010-08-24 00:00:00+09:00,2775.0,3015.0,2710.0,2850.0,1349729,0.0,0.0
2010-08-25 00:00:00+09:00,2825.0,2970.0,2795.0,2940.0,710066,0.0,0.0
2010-08-26 00:00:00+09:00,2980.0,3030.0,2620.0,2620.0,730995,0.0,0.0
2010-08-27 00:00:00+09:00,2620.0,2670.0,2455.0,2455.0,261647,0.0,0.0
2010-08-30 00:00:00+09:00,2505.0,2630.0,2505.0,2630.0,188783,0.0,0.0
2010-08-31 00:00:00+09:00,2600.0,2605.0,2550.0,2550.0,124254,0.0,0.0
2010-09-01 00:00:00+09:00,2580.0,2630.0,2565.0,2590.0,79748,0.0,0.0
2010-09-02 00:00:00+09:00,2630.0,2630.0,2550.0,2560.0,85265,0.0,0.0
2010-09-03 00:00:00+09:00,2575.0,2735.0,2575.0,2680.0,157547,0.0,0.0
2010-09-06 00:00:00+09:00,2730.0,2770.0,2680.0,2730.0,172935,0.0,0.0
2010-09-07 00:00:00+09:00,2780.0,2955.0,2700.0,2955.0,492676,0.0,0.0
2010-09-08 00:00:00+09:00,2950.0,3100.0,2820.0,2820.0,622673,0.0,0.0
2010-09-09 00:00:00+09:00,2980.0,3240.0,2870.0,3000.0,1924628,0.0,0.0
2010-09-10 00:00:00+09:00,3020.0,3240.0,2910.0,3050.0,1358168,0.0,0.0
2010-09-13 00:00:00+09:00,3095.0,3165.0,2940.0,2940.0,466645,0.0,0.0
2010-09-14 00:00:00+09:00,2900.0,3015.0,2860.0,2955.0,306648,0.0,0.0
2010-09-15 00:00:00+09:00,2960.0,2995.0,2800.0,2800.0,229238,0.0,0.0
2010-09-16 00:00:00+09:00,2840.0,3095.0,2795.0,3030.0,406931,0.0,0.0
2010-09-17 00:00:00+09:00,3070.0,3090.0,2970.0,3080.0,390570,0.0,0.0
2010-09-20 00:00:00+09:00,3145.0,3295.0,2975.0,2975.0,842344,0.0,0.0
2010-09-24 00:00:00+09:00,2915.0,3000.0,2850.0,2870.0,275548,0.0,0.0
2010-09-27 00:00:00+09:00,2910.0,3065.0,2900.0,3045.0,457036,0.0,0.0
2010-09-28 00:00:00+09:00,3050.0,3180.0,3015.0,3060.0,370343,0.0,0.0
2010-09-29 00:00:00+09:00,3075.0,3155.0,2995.0,3010.0,242651,0.0,0.0
2010-09-30 00:00:00+09:00,3010.0,3150.0,2960.0,3150.0,243466,0.0,0.0
2010-10-01 00:00:00+09:00,3220.0,3305.0,3005.0,3005.0,731879,0.0,0.0
2010-10-04 00:00:00+09:00,3050.0,3200.0,3005.0,3200.0,403549,0.0,0.0
2010-10-05 00:00:00+09:00,3265.0,3480.0,3105.0,3130.0,1592492,0.0,0.0
2010-10-06 00:00:00+09:00,3230.0,3275.0,3150.0,3260.0,453624,0.0,0.0
2010-10-07 00:00:00+09:00,3315.0,3395.0,3185.0,3310.0,477017,0.0,0.0
2010-10-08 00:00:00+09:00,3335.0,3495.0,3250.0,3300.0,775633,0.0,0.0
2010-10-11 00:00:00+09:00,3340.0,3345.0,3160.0,3200.0,294137,0.0,0.0
2010-10-12 00:00:00+09:00,3230.0,3230.0,3035.0,3100.0,263542,0.0,0.0
2010-10-13 00:00:00+09:00,3100.0,3175.0,3055.0,3175.0,157596,0.0,0.0
2010-10-14 00:00:00+09:00,3175.0,3215.0,3105.0,3115.0,167105,0.0,0.0
2010-10-15 00:00:00+09:00,3145.0,3145.0,2970.0,3000.0,300677,0.0,0.0
2010-10-18 00:00:00+09:00,2995.0,3035.0,2950.0,3000.0,193327,0.0,0.0
2010-10-19 00:00:00+09:00,3050.0,3050.0,2940.0,2970.0,187409,0.0,0.0
2010-10-20 00:00:00+09:00,2930.0,2985.0,2905.0,2985.0,142014,0.0,0.0
2010-10-21 00:00:00+09:00,3015.0,3050.0,2960.0,3035.0,165057,0.0,0.0
2010-10-22 00:00:00+09:00,3035.0,3045.0,2950.0,2950.0,136538,0.0,0.0
2010-10-25 00:00:00+09:00,2975.0,3035.0,2970.0,2985.0,158277,0.0,0.0
2010-10-26 00:00:00+09:00,2985.0,3060.0,2970.0,2975.0,117951,0.0,0.0
2010-10-27 00:00:00+09:00,2990.0,3035.0,2960.0,2960.0,93641,0.0,0.0
2010-10-28 00:00:00+09:00,2975.0,2995.0,2860.0,2875.0,132052,0.0,0.0
2010-10-29 00:00:00+09:00,2875.0,2930.0,2860.0,2890.0,101363,0.0,0.0
2010-11-01 00:00:00+09:00,2900.0,2950.0,2865.0,2930.0,76771,0.0,0.0
2010-11-02 00:00:00+09:00,2900.0,2975.0,2855.0,2900.0,85840,0.0,0.0
2010-11-03 00:00:00+09:00,2900.0,2935.0,2855.0,2905.0,100709,0.0,0.0
2010-11-04 00:00:00+09:00,2910.0,3085.0,2870.0,3050.0,274775,0.0,0.0
2010-11-05 00:00:00+09:00,3080.0,3080.0,2965.0,3000.0,114852,0.0,0.0
2010-11-08 00:00:00+09:00,3040.0,3040.0,2925.0,2950.0,103442,0.0,0.0
2010-11-09 00:00:00+09:00,2940.0,3030.0,2935.0,2990.0,63114,0.0,0.0
2010-11-10 00:00:00+09:00,3020.0,3150.0,3000.0,3070.0,350125,0.0,0.0
2010-11-11 00:00:00+09:00,3105.0,3105.0,2920.0,2920.0,135523,0.0,0.0
2010-11-12 00:00:00+09:00,2940.0,2985.0,2610.0,2770.0,184886,0.0,0.0
2010-11-15 00:00:00+09:00,2750.0,2800.0,2725.0,2755.0,46729,0.0,0.0
2010-11-16 00:00:00+09:00,2755.0,2840.0,2725.0,2745.0,65440,0.0,0.0
2010-11-17 00:00:00+09:00,2680.0,2775.0,2670.0,2670.0,94203,0.0,0.0
2010-11-18 00:00:00+09:00,2670.0,2810.0,2670.0,2785.0,72182,0.0,0.0
2010-11-19 00:00:00+09:00,2785.0,2875.0,2755.0,2830.0,63070,0.0,0.0
2010-11-22 00:00:00+09:00,2830.0,2870.0,2785.0,2820.0,40289,0.0,0.0
2010-11-23 00:00:00+09:00,2840.0,2950.0,2810.0,2860.0,69706,0.0,0.0
2010-11-24 00:00:00+09:00,2625.0,2890.0,2625.0,2880.0,93026,0.0,0.0
2010-11-25 00:00:00+09:00,2920.0,2980.0,2840.0,2910.0,94301,0.0,0.0
2010-11-26 00:00:00+09:00,2920.0,2920.0,2610.0,2610.0,92524,0.0,0.0
2010-11-29 00:00:00+09:00,2650.0,2780.0,2620.0,2700.0,63224,0.0,0.0
2010-11-30 00:00:00+09:00,2750.0,2830.0,2705.0,2735.0,45609,0.0,0.0
2010-12-01 00:00:00+09:00,2720.0,2810.0,2710.0,2800.0,32624,0.0,0.0
2010-12-02 00:00:00+09:00,2830.0,2830.0,2750.0,2790.0,38324,0.0,0.0
2010-12-03 00:00:00+09:00,2790.0,2850.0,2730.0,2790.0,41097,0.0,0.0
2010-12-06 00:00:00+09:00,2750.0,2840.0,2750.0,2790.0,34303,0.0,0.0
2010-12-07 00:00:00+09:00,2820.0,2830.0,2775.0,2830.0,23261,0.0,0.0
2010-12-08 00:00:00+09:00,2835.0,2835.0,2775.0,2790.0,15764,0.0,0.0
2010-12-09 00:00:00+09:00,2835.0,2870.0,2790.0,2835.0,35346,0.0,0.0
2010-12-10 00:00:00+09:00,2880.0,2880.0,2815.0,2820.0,28759,0.0,0.0
2010-12-13 00:00:00+09:00,2875.0,2875.0,2805.0,2850.0,26293,0.0,0.0
2010-12-14 00:00:00+09:00,2805.0,2900.0,2805.0,2805.0,30522,0.0,0.0
2010-12-15 00:00:00+09:00,2865.0,2880.0,2800.0,2850.0,129501,0.0,0.0
2010-12-16 00:00:00+09:00,2865.0,2870.0,2795.0,2795.0,62016,0.0,0.0
2010-12-17 00:00:00+09:00,2795.0,2825.0,2695.0,2750.0,53955,0.0,0.0
2010-12-20 00:00:00+09:00,2700.0,2750.0,2535.0,2590.0,143759,0.0,0.0
2010-12-21 00:00:00+09:00,2675.0,2675.0,2600.0,2615.0,64158,0.0,0.0
2010-12-22 00:00:00+09:00,2630.0,2650.0,2600.0,2610.0,49999,0.0,0.0
2010-12-23 00:00:00+09:00,2640.0,2640.0,2580.0,2595.0,52839,0.0,0.0
2010-12-24 00:00:00+09:00,2630.0,2635.0,2535.0,2560.0,84920,0.0,0.0
2010-12-27 00:00:00+09:00,2575.0,2590.0,2540.0,2585.0,19570,0.0,0.0
2010-12-28 00:00:00+09:00,2595.0,2630.0,2575.0,2600.0,31834,0.0,0.0
2010-12-29 00:00:00+09:00,2600.0,2655.0,2565.0,2645.0,38139,0.0,0.0
2010-12-30 00:00:00+09:00,2655.0,2690.0,2635.0,2680.0,28134,0.0,0.0
2011-01-03 00:00:00+09:00,2700.0,2715.0,2640.0,2665.0,54025,0.0,0.0
2011-01-04 00:00:00+09:00,2650.0,2700.0,2650.0,2675.0,45256,0.0,0.0
2011-01-05 00:00:00+09:00,2710.0,2710.0,2610.0,2635.0,72528,0.0,0.0
2011-01-06 00:00:00+09:00,2640.0,2700.0,2630.0,2660.0,45303,0.0,0.0
2011-01-07 00:00:00+09:00,2675.0,2675.0,2630.0,2665.0,29863,0.0,0.0
2011-01-10 00:00:00+09:00,2630.0,2695.0,2630.0,2640.0,44242,0.0,0.0
2011-01-11 00:00:00+09:00,2630.0,2660.0,2605.0,2640.0,39787,0.0,0.0
2011-01-12 00:00:00+09:00,2640.0,2720.0,2630.0,2710.0,90223,0.0,0.0
2011-01-13 00:00:00+09:00,2735.0,2750.0,2675.0,2710.0,43603,0.0,0.0
2011-01-14 00:00:00+09:00,2720.0,2865.0,2630.0,2780.0,190331,0.0,0.0
2011-01-17 00:00:00+09:00,2750.0,2790.0,2650.0,2690.0,86602,0.0,0.0
2011-01-18 00:00:00+09:00,2660.0,2720.0,2605.0,2685.0,72052,0.0,0.0
2011-01-19 00:00:00+09:00,2685.0,2700.0,2620.0,2665.0,64984,0.0,0.0
2011-01-20 00:00:00+09:00,2665.0,2950.0,2665.0,2815.0,392660,0.0,0.0
2011-01-21 00:00:00+09:00,2850.0,2850.0,2730.0,2795.0,134624,0.0,0.0
2011-01-24 00:00:00+09:00,3010.0,3010.0,2780.0,2795.0,273411,0.0,0.0
2011-01-25 00:00:00+09:00,2755.0,2820.0,2735.0,2780.0,111738,0.0,0.0
2011-01-26 00:00:00+09:00,2810.0,2870.0,2715.0,2810.0,102435,0.0,0.0
2011-01-27 00:00:00+09:00,2845.0,2920.0,2815.0,2815.0,115659,0.0,0.0
2011-01-28 00:00:00+09:00,2850.0,2850.0,2750.0,2765.0,101652,0.0,0.0
2011-01-31 00:00:00+09:00,2735.0,2775.0,2620.0,2640.0,122056,0.0,0.0
2011-02-01 00:00:00+09:00,2645.0,2750.0,2640.0,2720.0,57877,0.0,0.0
2011-02-07 00:00:00+09:00,2745.0,2825.0,2705.0,2790.0,118102,0.0,0.0
2011-02-08 00:00:00+09:00,2790.0,2835.0,2770.0,2790.0,69904,0.0,0.0
2011-02-09 00:00:00+09:00,2810.0,2870.0,2755.0,2810.0,69328,0.0,0.0
2011-02-10 00:00:00+09:00,2815.0,2850.0,2725.0,2770.0,66651,0.0,0.0
2011-02-11 00:00:00+09:00,2770.0,2950.0,2750.0,2880.0,316592,0.0,0.0
2011-02-14 00:00:00+09:00,2900.0,2930.0,2810.0,2840.0,183230,0.0,0.0
2011-02-15 00:00:00+09:00,2860.0,2885.0,2775.0,2805.0,113673,0.0,0.0
2011-02-16 00:00:00+09:00,2805.0,3055.0,2790.0,3000.0,564890,0.0,0.0
2011-02-17 00:00:00+09:00,3030.0,3050.0,2875.0,2910.0,224094,0.0,0.0
2011-02-18 00:00:00+09:00,2910.0,3145.0,2910.0,3065.0,439764,0.0,0.0
2011-02-21 00:00:00+09:00,3065.0,3135.0,2950.0,3135.0,290455,0.0,0.0
2011-02-22 00:00:00+09:00,3085.0,3140.0,2980.0,3020.0,162540,0.0,0.0
2011-02-23 00:00:00+09:00,3000.0,3015.0,2890.0,2900.0,186092,0.0,0.0
2011-02-24 00:00:00+09:00,2900.0,2900.0,2515.0,2540.0,469869,0.0,0.0
2011-02-25 00:00:00+09:00,2545.0,2585.0,2360.0,2510.0,294685,0.0,0.0
2011-02-28 00:00:00+09:00,2510.0,2535.0,2380.0,2395.0,136301,0.0,0.0
2011-03-02 00:00:00+09:00,2345.0,2470.0,2345.0,2430.0,68967,0.0,0.0
2011-03-03 00:00:00+09:00,2430.0,2500.0,2410.0,2460.0,60395,0.0,0.0
2011-03-04 00:00:00+09:00,2465.0,2545.0,2450.0,2500.0,81754,0.0,0.0
2011-03-07 00:00:00+09:00,2480.0,2540.0,2450.0,2495.0,50853,0.0,0.0
2011-03-08 00:00:00+09:00,2520.0,2520.0,2450.0,2475.0,68576,0.0,0.0
2011-03-09 00:00:00+09:00,2520.0,2555.0,2475.0,2535.0,44472,0.0,0.0
2011-03-10 00:00:00+09:00,2560.0,2560.0,2470.0,2510.0,24331,0.0,0.0
2011-03-11 00:00:00+09:00,2445.0,2495.0,2390.0,2400.0,166747,0.0,0.0
2011-03-14 00:00:00+09:00,2375.0,2390.0,2225.0,2260.0,133859,0.0,0.0
2011-03-15 00:00:00+09:00,2245.0,2335.0,2070.0,2190.0,109869,0.0,0.0
2011-03-16 00:00:00+09:00,2165.0,2290.0,2165.0,2230.0,61320,0.0,0.0
2011-03-17 00:00:00+09:00,2120.0,2205.0,2120.0,2180.0,37442,0.0,0.0
2011-03-18 00:00:00+09:00,2160.0,2265.0,2155.0,2235.0,59314,0.0,0.0
2011-03-21 00:00:00+09:00,2230.0,2330.0,2230.0,2330.0,70432,0.0,0.0
2011-03-22 00:00:00+09:00,2330.0,2350.0,2285.0,2300.0,38122,0.0,0.0
2011-03-23 00:00:00+09:00,2320.0,2320.0,2200.0,2200.0,94268,0.0,0.0
2011-03-24 00:00:00+09:00,2230.0,2295.0,2230.0,2250.0,65309,0.0,0.0
2011-03-25 00:00:00+09:00,2265.0,2295.0,2255.0,2275.0,36215,0.0,0.0
2011-03-28 00:00:00+09:00,2275.0,2325.0,2265.0,2275.0,28635,0.0,0.0
2011-03-29 00:00:00+09:00,2300.0,2340.0,2270.0,2300.0,55991,0.0,0.0
2011-03-30 00:00:00+09:00,2335.0,2355.0,2290.0,2305.0,72164,0.0,0.0
2011-03-31 00:00:00+09:00,2305.0,2405.0,2305.0,2385.0,103118,0.0,0.0
2011-04-01 00:00:00+09:00,2420.0,2420.0,2365.0,2380.0,45021,0.0,0.0
2011-04-04 00:00:00+09:00,2420.0,2435.0,2375.0,2430.0,60293,0.0,0.0
2011-04-05 00:00:00+09:00,2445.0,2445.0,2385.0,2400.0,28391,0.0,0.0
2011-04-06 00:00:00+09:00,2390.0,2415.0,2350.0,2370.0,85937,0.0,0.0
2011-04-07 00:00:00+09:00,2385.0,2390.0,2335.0,2350.0,33651,0.0,0.0
2011-04-08 00:00:00+09:00,2360.0,2420.0,2350.0,2400.0,52155,0.0,0.0
2011-04-11 00:00:00+09:00,2425.0,2425.0,2345.0,2355.0,40730,0.0,0.0
2011-04-12 00:00:00+09:00,2375.0,2375.0,2320.0,2320.0,61041,0.0,0.0
2011-04-13 00:00:00+09:00,2325.0,2365.0,2300.0,2300.0,38951,0.0,0.0
2011-04-14 00:00:00+09:00,2330.0,2345.0,2270.0,2345.0,67416,0.0,0.0
2011-04-15 00:00:00+09:00,2345.0,2355.0,2320.0,2345.0,26945,0.0,0.0
2011-04-18 00:00:00+09:00,2360.0,2395.0,2330.0,2370.0,86711,0.0,0.0
2011-04-19 00:00:00+09:00,2375.0,2380.0,2300.0,2305.0,51485,0.0,0.0
2011-04-20 00:00:00+09:00,2310.0,2350.0,2295.0,2330.0,90582,0.0,0.0
2011-04-21 00:00:00+09:00,2350.0,2350.0,2275.0,2275.0,84450,0.0,0.0
2011-04-22 00:00:00+09:00,2275.0,2300.0,2220.0,2265.0,53243,0.0,0.0
2011-04-25 00:00:00+09:00,2265.0,2330.0,2255.0,2300.0,65833,0.0,0.0
2011-04-26 00:00:00+09:00,2320.0,2345.0,2285.0,2310.0,42200,0.0,0.0
2011-04-27 00:00:00+09:00,2340.0,2340.0,2280.0,2305.0,33304,0.0,0.0
2011-04-28 00:00:00+09:00,2300.0,2325.0,2235.0,2280.0,102368,0.0,0.0
2011-04-29 00:00:00+09:00,2295.0,2295.0,2230.0,2235.0,32320,0.0,0.0
2011-05-02 00:00:00+09:00,2275.0,2300.0,2210.0,2300.0,60024,0.0,0.0
2011-05-03 00:00:00+09:00,2280.0,2285.0,2225.0,2280.0,48812,0.0,0.0
2011-05-04 00:00:00+09:00,2285.0,2285.0,2230.0,2255.0,38485,0.0,0.0
2011-05-06 00:00:00+09:00,2255.0,2255.0,2200.0,2235.0,38898,0.0,0.0
2011-05-09 00:00:00+09:00,2250.0,2250.0,2200.0,2240.0,22420,0.0,0.0
2011-05-11 00:00:00+09:00,2250.0,2250.0,2190.0,2190.0,45964,0.0,0.0
2011-05-12 00:00:00+09:00,2185.0,2200.0,2145.0,2200.0,37127,0.0,0.0
2011-05-13 00:00:00+09:00,2200.0,2200.0,2155.0,2160.0,11912,0.0,0.0
2011-05-16 00:00:00+09:00,2160.0,2160.0,2100.0,2125.0,29500,0.0,0.0
2011-05-17 00:00:00+09:00,2110.0,2135.0,2040.0,2040.0,67481,0.0,0.0
2011-05-18 00:00:00+09:00,2040.0,2065.0,2000.0,2035.0,66549,0.0,0.0
2011-05-19 00:00:00+09:00,2010.0,2035.0,1945.0,1985.0,29178,0.0,0.0
2011-05-20 00:00:00+09:00,2000.0,2000.0,1945.0,1945.0,42475,0.0,0.0
2011-05-23 00:00:00+09:00,1945.0,1960.0,1810.0,1910.0,56916,0.0,0.0
2011-05-24 00:00:00+09:00,1870.0,1970.0,1870.0,1945.0,25339,0.0,0.0
2011-05-25 00:00:00+09:00,1955.0,1965.0,1900.0,1955.0,17164,0.0,0.0
2011-05-26 00:00:00+09:00,1960.0,2020.0,1955.0,2010.0,43417,0.0,0.0
2011-05-27 00:00:00+09:00,2015.0,2020.0,1975.0,2015.0,4168,0.0,0.0
2011-05-30 00:00:00+09:00,2015.0,2015.0,1950.0,1990.0,19505,0.0,0.0
2011-05-31 00:00:00+09:00,1960.0,1990.0,1935.0,1950.0,33946,0.0,0.0
2011-06-01 00:00:00+09:00,1950.0,1950.0,1915.0,1945.0,13950,0.0,0.0
2011-06-02 00:00:00+09:00,1915.0,1940.0,1895.0,1920.0,28398,0.0,0.0
2011-06-03 00:00:00+09:00,1920.0,1935.0,1865.0,1915.0,27400,0.0,0.0
2011-06-07 00:00:00+09:00,1900.0,1915.0,1850.0,1860.0,15858,0.0,0.0
2011-06-08 00:00:00+09:00,1840.0,1990.0,1840.0,1975.0,33823,0.0,0.0
2011-06-09 00:00:00+09:00,1950.0,2055.0,1920.0,2040.0,41074,0.0,0.0
2011-06-10 00:00:00+09:00,2025.0,2090.0,2025.0,2030.0,33245,0.0,0.0
2011-06-13 00:00:00+09:00,2030.0,2060.0,1955.0,1955.0,20810,0.0,0.0
2011-06-14 00:00:00+09:00,1930.0,1995.0,1930.0,1955.0,10127,0.0,0.0
2011-06-15 00:00:00+09:00,1955.0,1975.0,1930.0,1965.0,12250,0.0,0.0
2011-06-16 00:00:00+09:00,1925.0,2065.0,1925.0,1975.0,3169,0.0,0.0
2011-06-17 00:00:00+09:00,2000.0,2000.0,1930.0,1970.0,14167,0.0,0.0
2011-06-20 00:00:00+09:00,1965.0,2000.0,1930.0,1960.0,17159,0.0,0.0
2011-06-21 00:00:00+09:00,1960.0,2040.0,1905.0,1970.0,13219,0.0,0.0
2011-06-22 00:00:00+09:00,1970.0,2020.0,1950.0,1965.0,12526,0.0,0.0
2011-06-23 00:00:00+09:00,1990.0,2035.0,1950.0,2010.0,46724,0.0,0.0
2011-06-24 00:00:00+09:00,2025.0,2065.0,2010.0,2050.0,19662,0.0,0.0
2011-06-27 00:00:00+09:00,2055.0,2055.0,1960.0,1975.0,31137,0.0,0.0
2011-06-28 00:00:00+09:00,1975.0,2000.0,1930.0,1930.0,20120,0.0,0.0
2011-06-29 00:00:00+09:00,1930.0,2035.0,1930.0,2000.0,16561,0.0,0.0
2011-06-30 00:00:00+09:00,2010.0,2040.0,1985.0,2025.0,13233,0.0,0.0
2011-07-01 00:00:00+09:00,2010.0,2035.0,2000.0,2000.0,16234,0.0,0.0
2011-07-04 00:00:00+09:00,2030.0,2090.0,2000.0,2065.0,38569,0.0,0.0
2011-07-05 00:00:00+09:00,2095.0,2095.0,2040.0,2075.0,26490,0.0,0.0
2011-07-06 00:00:00+09:00,2075.0,2075.0,2030.0,2030.0,24302,0.0,0.0
2011-07-07 00:00:00+09:00,2030.0,2045.0,2000.0,2015.0,19444,0.0,0.0
2011-07-08 00:00:00+09:00,2020.0,2145.0,2005.0,2100.0,110153,0.0,0.0
2011-07-11 00:00:00+09:00,2100.0,2160.0,2070.0,2115.0,55187,0.0,0.0
2011-07-12 00:00:00+09:00,2110.0,2270.0,2085.0,2210.0,232313,0.0,0.0
2011-07-13 00:00:00+09:00,2230.0,2230.0,2150.0,2150.0,103689,0.0,0.0
2011-07-14 00:00:00+09:00,2170.0,2385.0,2150.0,2300.0,233889,0.0,0.0
2011-07-15 00:00:00+09:00,2300.0,2415.0,2280.0,2335.0,188353,0.0,0.0
2011-07-18 00:00:00+09:00,2335.0,2385.0,2260.0,2320.0,103551,0.0,0.0
2011-07-19 00:00:00+09:00,2340.0,2345.0,2260.0,2295.0,91031,0.0,0.0
2011-07-20 00:00:00+09:00,2290.0,2335.0,2255.0,2325.0,82978,0.0,0.0
2011-07-21 00:00:00+09:00,2300.0,2350.0,2240.0,2240.0,57435,0.0,0.0
2011-07-22 00:00:00+09:00,2255.0,2295.0,2235.0,2265.0,55883,0.0,0.0
2011-07-25 00:00:00+09:00,2250.0,2280.0,2220.0,2255.0,36449,0.0,0.0
2011-07-26 00:00:00+09:00,2210.0,2260.0,2185.0,2225.0,78166,0.0,0.0
2011-07-27 00:00:00+09:00,2205.0,2240.0,2180.0,2200.0,66785,0.0,0.0
2011-07-28 00:00:00+09:00,2175.0,2200.0,2105.0,2120.0,112057,0.0,0.0
2011-07-29 00:00:00+09:00,2135.0,2175.0,2095.0,2095.0,63140,0.0,0.0
2011-08-01 00:00:00+09:00,2100.0,2155.0,2090.0,2150.0,57761,0.0,0.0
2011-08-02 00:00:00+09:00,2110.0,2150.0,2065.0,2065.0,96954,0.0,0.0
2011-08-03 00:00:00+09:00,2055.0,2065.0,2005.0,2045.0,27489,0.0,0.0
2011-08-04 00:00:00+09:00,2065.0,2080.0,2030.0,2080.0,13687,0.0,0.0
2011-08-05 00:00:00+09:00,1930.0,2000.0,1900.0,1970.0,36543,0.0,0.0
2011-08-08 00:00:00+09:00,1960.0,1970.0,1675.0,1680.0,111023,0.0,0.0
2011-08-09 00:00:00+09:00,1650.0,1650.0,1430.0,1440.0,152344,0.0,0.0
2011-08-10 00:00:00+09:00,1525.0,1655.0,1510.0,1630.0,164386,0.0,0.0
2011-08-11 00:00:00+09:00,1515.0,1690.0,1515.0,1690.0,72035,0.0,0.0
2011-08-12 00:00:00+09:00,1720.0,1790.0,1670.0,1700.0,72489,0.0,0.0
2011-08-16 00:00:00+09:00,1740.0,1775.0,1725.0,1725.0,92481,0.0,0.0
2011-08-17 00:00:00+09:00,1700.0,1760.0,1700.0,1755.0,52714,0.0,0.0
2011-08-18 00:00:00+09:00,1765.0,1775.0,1680.0,1680.0,70136,0.0,0.0
2011-08-19 00:00:00+09:00,1620.0,1620.0,1480.0,1520.0,113321,0.0,0.0
2011-08-22 00:00:00+09:00,1480.0,1565.0,1480.0,1530.0,39627,0.0,0.0
2011-08-23 00:00:00+09:00,1560.0,1635.0,1560.0,1580.0,35255,0.0,0.0
2011-08-24 00:00:00+09:00,1600.0,1615.0,1545.0,1545.0,26177,0.0,0.0
2011-08-25 00:00:00+09:00,1580.0,1635.0,1540.0,1560.0,29303,0.0,0.0
2011-08-26 00:00:00+09:00,1540.0,1600.0,1540.0,1595.0,7941,0.0,0.0
2011-08-29 00:00:00+09:00,1615.0,1680.0,1615.0,1645.0,13792,0.0,0.0
2011-08-30 00:00:00+09:00,1650.0,1745.0,1630.0,1655.0,18388,0.0,0.0
2011-08-31 00:00:00+09:00,1655.0,1700.0,1640.0,1700.0,17671,0.0,0.0
2011-09-01 00:00:00+09:00,1700.0,1725.0,1670.0,1685.0,35859,0.0,0.0
2011-09-02 00:00:00+09:00,1690.0,1720.0,1515.0,1610.0,25275,0.0,0.0
2011-09-05 00:00:00+09:00,1605.0,1605.0,1550.0,1565.0,18470,0.0,0.0
2011-09-06 00:00:00+09:00,1560.0,1560.0,1455.0,1465.0,63591,0.0,0.0
2011-09-07 00:00:00+09:00,1520.0,1525.0,1475.0,1520.0,23359,0.0,0.0
2011-09-08 00:00:00+09:00,1530.0,1540.0,1505.0,1520.0,26475,0.0,0.0
2011-09-09 00:00:00+09:00,1545.0,1545.0,1505.0,1535.0,11152,0.0,0.0
2011-09-14 00:00:00+09:00,1535.0,1535.0,1465.0,1475.0,31470,0.0,0.0
2011-09-15 00:00:00+09:00,1510.0,1525.0,1480.0,1510.0,13487,0.0,0.0
2011-09-16 00:00:00+09:00,1515.0,1545.0,1505.0,1540.0,26337,0.0,0.0
2011-09-19 00:00:00+09:00,1545.0,1770.0,1525.0,1770.0,512488,0.0,0.0
2011-09-20 00:00:00+09:00,1725.0,1785.0,1650.0,1675.0,263553,0.0,0.0
2011-09-21 00:00:00+09:00,1695.0,1760.0,1660.0,1715.0,138645,0.0,0.0
2011-09-22 00:00:00+09:00,1705.0,1860.0,1665.0,1665.0,308227,0.0,0.0
2011-09-23 00:00:00+09:00,1595.0,1630.0,1485.0,1495.0,99132,0.0,0.0
2011-09-26 00:00:00+09:00,1500.0,1525.0,1275.0,1275.0,188423,0.0,0.0
2011-09-27 00:00:00+09:00,1310.0,1390.0,1310.0,1370.0,29493,0.0,0.0
2011-09-28 00:00:00+09:00,1390.0,1420.0,1330.0,1330.0,66814,0.0,0.0
2011-09-29 00:00:00+09:00,1320.0,1425.0,1315.0,1425.0,53684,0.0,0.0
2011-09-30 00:00:00+09:00,1430.0,1440.0,1370.0,1405.0,27773,0.0,0.0
2011-10-04 00:00:00+09:00,1305.0,1340.0,1265.0,1310.0,47781,0.0,0.0
2011-10-05 00:00:00+09:00,1340.0,1365.0,1255.0,1270.0,25801,0.0,0.0
2011-10-06 00:00:00+09:00,1320.0,1390.0,1310.0,1360.0,28517,0.0,0.0
2011-10-07 00:00:00+09:00,1355.0,1415.0,1355.0,1390.0,69010,0.0,0.0
2011-10-10 00:00:00+09:00,1375.0,1455.0,1375.0,1445.0,86474,0.0,0.0
2011-10-11 00:00:00+09:00,1530.0,1530.0,1465.0,1480.0,43137,0.0,0.0
2011-10-12 00:00:00+09:00,1490.0,1510.0,1450.0,1505.0,19911,0.0,0.0
2011-10-13 00:00:00+09:00,1515.0,1550.0,1495.0,1510.0,25593,0.0,0.0
2011-10-14 00:00:00+09:00,1500.0,1525.0,1450.0,1495.0,37399,0.0,0.0
2011-10-17 00:00:00+09:00,1510.0,1550.0,1470.0,1485.0,48096,0.0,0.0
2011-10-18 00:00:00+09:00,1440.0,1485.0,1435.0,1450.0,52747,0.0,0.0
2011-10-19 00:00:00+09:00,1475.0,1550.0,1450.0,1485.0,91373,0.0,0.0
2011-10-20 00:00:00+09:00,1510.0,1515.0,1430.0,1440.0,48705,0.0,0.0
2011-10-21 00:00:00+09:00,1445.0,1475.0,1445.0,1455.0,26737,0.0,0.0
2011-10-24 00:00:00+09:00,1490.0,1650.0,1460.0,1565.0,266902,0.0,0.0
2011-10-25 00:00:00+09:00,1560.0,1795.0,1555.0,1795.0,329392,0.0,0.0
2011-10-26 00:00:00+09:00,1880.0,1885.0,1715.0,1800.0,538520,0.0,0.0
2011-10-27 00:00:00+09:00,1845.0,1870.0,1770.0,1805.0,139285,0.0,0.0
2011-10-28 00:00:00+09:00,1840.0,1980.0,1770.0,1820.0,396738,0.0,0.0
2011-10-31 00:00:00+09:00,1835.0,1835.0,1715.0,1715.0,92475,0.0,0.0
2011-11-01 00:00:00+09:00,1695.0,1715.0,1670.0,1690.0,35440,0.0,0.0
2011-11-02 00:00:00+09:00,1615.0,1680.0,1610.0,1680.0,28600,0.0,0.0
2011-11-03 00:00:00+09:00,1670.0,1685.0,1620.0,1650.0,29283,0.0,0.0
2011-11-04 00:00:00+09:00,1700.0,1895.0,1650.0,1895.0,422933,0.0,0.0
2011-11-07 00:00:00+09:00,1895.0,1920.0,1800.0,1815.0,193198,0.0,0.0
2011-11-08 00:00:00+09:00,1820.0,1890.0,1775.0,1830.0,165907,0.0,0.0
2011-11-09 00:00:00+09:00,1870.0,1870.0,1815.0,1840.0,77500,0.0,0.0
2011-11-10 00:00:00+09:00,1770.0,1800.0,1665.0,1700.0,63071,0.0,0.0
2011-11-11 00:00:00+09:00,1745.0,1825.0,1745.0,1790.0,63575,0.0,0.0
2011-11-14 00:00:00+09:00,1850.0,1880.0,1795.0,1825.0,72636,0.0,0.0
2011-11-15 00:00:00+09:00,1835.0,1840.0,1770.0,1830.0,60028,0.0,0.0
2011-11-16 00:00:00+09:00,1830.0,2055.0,1795.0,1855.0,459630,0.0,0.0
2011-11-17 00:00:00+09:00,1840.0,1975.0,1835.0,1910.0,108449,0.0,0.0
2011-11-18 00:00:00+09:00,1895.0,2000.0,1870.0,1905.0,90842,0.0,0.0
2011-11-21 00:00:00+09:00,1905.0,1950.0,1830.0,1840.0,66958,0.0,0.0
2011-11-22 00:00:00+09:00,1820.0,1895.0,1770.0,1880.0,135146,0.0,0.0
2011-11-23 00:00:00+09:00,1865.0,1880.0,1800.0,1835.0,48146,0.0,0.0
2011-11-24 00:00:00+09:00,1865.0,2100.0,1855.0,1980.0,479937,0.0,0.0
2011-11-25 00:00:00+09:00,1990.0,2145.0,1900.0,1915.0,333644,0.0,0.0
2011-11-28 00:00:00+09:00,1930.0,1980.0,1905.0,1945.0,59204,0.0,0.0
2011-11-29 00:00:00+09:00,1970.0,1970.0,1875.0,1910.0,52605,0.0,0.0
2011-11-30 00:00:00+09:00,1940.0,2010.0,1865.0,1865.0,88233,0.0,0.0
2011-12-01 00:00:00+09:00,1915.0,1950.0,1590.0,1815.0,119140,0.0,0.0
2011-12-02 00:00:00+09:00,1835.0,1835.0,1800.0,1815.0,17954,0.0,0.0
2011-12-05 00:00:00+09:00,1800.0,1860.0,1795.0,1860.0,42091,0.0,0.0
2011-12-06 00:00:00+09:00,1830.0,1895.0,1785.0,1825.0,54579,0.0,0.0
2011-12-07 00:00:00+09:00,1835.0,1840.0,1750.0,1785.0,104576,0.0,0.0
2011-12-08 00:00:00+09:00,1800.0,1860.0,1755.0,1815.0,93971,0.0,0.0
2011-12-09 00:00:00+09:00,1835.0,1835.0,1735.0,1785.0,92691,0.0,0.0
2011-12-12 00:00:00+09:00,1795.0,1815.0,1775.0,1805.0,33992,0.0,0.0
2011-12-13 00:00:00+09:00,1805.0,1825.0,1755.0,1755.0,16950,0.0,0.0
2011-12-14 00:00:00+09:00,1785.0,1785.0,1720.0,1760.0,37890,0.0,0.0
2011-12-15 00:00:00+09:00,1755.0,1755.0,1675.0,1690.0,26750,0.0,0.0
2011-12-16 00:00:00+09:00,1690.0,1720.0,1655.0,1690.0,16964,0.0,0.0
2011-12-19 00:00:00+09:00,1695.0,1695.0,1535.0,1585.0,48525,0.0,0.0
2011-12-20 00:00:00+09:00,1585.0,1650.0,1560.0,1630.0,28366,0.0,0.0
2011-12-21 00:00:00+09:00,1650.0,1715.0,1635.0,1670.0,53381,0.0,0.0
2011-12-22 00:00:00+09:00,1670.0,1700.0,1665.0,1685.0,9497,0.0,0.0
2011-12-23 00:00:00+09:00,1700.0,1770.0,1680.0,1755.0,31364,0.0,0.0
2011-12-26 00:00:00+09:00,1770.0,1770.0,1725.0,1745.0,16289,0.0,0.0
2011-12-27 00:00:00+09:00,1750.0,1755.0,1700.0,1750.0,25798,0.0,0.0
2011-12-28 00:00:00+09:00,1745.0,1790.0,1690.0,1760.0,77328,0.0,0.0
2011-12-29 00:00:00+09:00,1740.0,1790.0,1695.0,1745.0,54311,0.0,0.0
2012-01-02 00:00:00+09:00,1750.0,1760.0,1715.0,1715.0,11068,0.0,0.0
2012-01-03 00:00:00+09:00,1715.0,1765.0,1710.0,1720.0,106028,0.0,0.0
2012-01-04 00:00:00+09:00,1750.0,1835.0,1725.0,1765.0,154425,0.0,0.0
2012-01-05 00:00:00+09:00,1810.0,1810.0,1755.0,1780.0,36352,0.0,0.0
2012-01-06 00:00:00+09:00,1795.0,1810.0,1735.0,1750.0,25739,0.0,0.0
2012-01-09 00:00:00+09:00,1740.0,1750.0,1700.0,1720.0,44196,0.0,0.0
2012-01-10 00:00:00+09:00,1715.0,1760.0,1710.0,1715.0,40219,0.0,0.0
2012-01-11 00:00:00+09:00,1740.0,1790.0,1710.0,1740.0,35737,0.0,0.0
2012-01-12 00:00:00+09:00,1725.0,1760.0,1725.0,1760.0,24097,0.0,0.0
2012-01-13 00:00:00+09:00,1765.0,1840.0,1765.0,1815.0,87208,0.0,0.0
2012-01-16 00:00:00+09:00,1780.0,1830.0,1770.0,1770.0,14815,0.0,0.0
2012-01-17 00:00:00+09:00,1790.0,1815.0,1735.0,1815.0,50651,0.0,0.0
2012-01-18 00:00:00+09:00,1815.0,1820.0,1770.0,1800.0,25118,0.0,0.0
2012-01-19 00:00:00+09:00,1790.0,1805.0,1755.0,1755.0,12716,0.0,0.0
2012-01-20 00:00:00+09:00,1790.0,1800.0,1720.0,1755.0,26963,0.0,0.0
2012-01-25 00:00:00+09:00,1760.0,1775.0,1730.0,1775.0,42602,0.0,0.0
2012-01-26 00:00:00+09:00,1770.0,1770.0,1720.0,1720.0,40710,0.0,0.0
2012-01-27 00:00:00+09:00,1730.0,1745.0,1715.0,1735.0,25795,0.0,0.0
2012-01-30 00:00:00+09:00,1735.0,1745.0,1710.0,1725.0,10022,0.0,0.0
2012-01-31 00:00:00+09:00,1735.0,1750.0,1685.0,1745.0,18602,0.0,0.0
2012-02-01 00:00:00+09:00,1740.0,1745.0,1725.0,1730.0,8493,0.0,0.0
2012-02-02 00:00:00+09:00,1730.0,1775.0,1725.0,1755.0,37228,0.0,0.0
2012-02-03 00:00:00+09:00,1760.0,1800.0,1755.0,1800.0,32121,0.0,0.0
2012-02-06 00:00:00+09:00,1785.0,1840.0,1775.0,1775.0,61574,0.0,0.0
2012-02-07 00:00:00+09:00,1800.0,1800.0,1765.0,1780.0,15975,0.0,0.0
2012-02-08 00:00:00+09:00,1795.0,1795.0,1760.0,1790.0,10468,0.0,0.0
2012-02-09 00:00:00+09:00,1800.0,1800.0,1770.0,1785.0,35520,0.0,0.0
2012-02-10 00:00:00+09:00,1810.0,1865.0,1765.0,1840.0,193229,0.0,0.0
2012-02-13 00:00:00+09:00,1860.0,1895.0,1825.0,1890.0,106953,0.0,0.0
2012-02-14 00:00:00+09:00,1890.0,2035.0,1870.0,1905.0,173057,0.0,0.0
2012-02-15 00:00:00+09:00,1905.0,1920.0,1865.0,1885.0,62383,0.0,0.0
2012-02-16 00:00:00+09:00,1900.0,1910.0,1875.0,1905.0,39611,0.0,0.0
2012-02-17 00:00:00+09:00,1915.0,2190.0,1900.0,2025.0,1143056,0.0,0.0
2012-02-20 00:00:00+09:00,2025.0,2065.0,1965.0,2030.0,218351,0.0,0.0
2012-02-21 00:00:00+09:00,2060.0,2065.0,1980.0,2040.0,95836,0.0,0.0
2012-02-22 00:00:00+09:00,2040.0,2050.0,1960.0,1960.0,74998,0.0,0.0
2012-02-23 00:00:00+09:00,1980.0,1995.0,1925.0,1955.0,43380,0.0,0.0
2012-02-24 00:00:00+09:00,1980.0,1980.0,1945.0,1955.0,48709,0.0,0.0
2012-02-27 00:00:00+09:00,1980.0,1980.0,1940.0,1940.0,36517,0.0,0.0
2012-02-28 00:00:00+09:00,1935.0,1975.0,1890.0,1940.0,70334,0.0,0.0
2012-02-29 00:00:00+09:00,1940.0,1945.0,1890.0,1920.0,87230,0.0,0.0
2012-03-02 00:00:00+09:00,1940.0,1950.0,1900.0,1950.0,28927,0.0,0.0
2012-03-05 00:00:00+09:00,1950.0,2125.0,1920.0,2000.0,169523,0.0,0.0
2012-03-06 00:00:00+09:00,1995.0,2025.0,1915.0,1965.0,36986,0.0,0.0
2012-03-07 00:00:00+09:00,1920.0,1955.0,1885.0,1920.0,50693,0.0,0.0
2012-03-08 00:00:00+09:00,1920.0,1950.0,1900.0,1950.0,21286,0.0,0.0
2012-03-09 00:00:00+09:00,1950.0,2105.0,1935.0,2015.0,300060,0.0,0.0
2012-03-12 00:00:00+09:00,2055.0,2150.0,1990.0,1995.0,125746,0.0,0.0
2012-03-13 00:00:00+09:00,1995.0,2040.0,1970.0,2025.0,79183,0.0,0.0
2012-03-14 00:00:00+09:00,1980.0,2010.0,1850.0,1850.0,269006,0.0,0.0
2012-03-15 00:00:00+09:00,1840.0,1885.0,1835.0,1840.0,36380,0.0,0.0
2012-03-16 00:00:00+09:00,1860.0,1870.0,1830.0,1830.0,17482,0.0,0.0
2012-03-19 00:00:00+09:00,1805.0,1855.0,1805.0,1830.0,32609,0.0,0.0
2012-03-20 00:00:00+09:00,1825.0,1870.0,1825.0,1855.0,25990,0.0,0.0
2012-03-21 00:00:00+09:00,1820.0,1850.0,1815.0,1835.0,20764,0.0,0.0
2012-03-22 00:00:00+09:00,1815.0,1850.0,1785.0,1815.0,30107,0.0,0.0
2012-03-23 00:00:00+09:00,1800.0,1815.0,1765.0,1790.0,19069,0.0,0.0
2012-03-26 00:00:00+09:00,1790.0,1795.0,1715.0,1745.0,37151,0.0,0.0
2012-03-27 00:00:00+09:00,1750.0,1780.0,1665.0,1690.0,65810,0.0,0.0
2012-03-28 00:00:00+09:00,1715.0,1765.0,1655.0,1700.0,51619,0.0,0.0
2012-03-29 00:00:00+09:00,1700.0,1725.0,1660.0,1690.0,29710,0.0,0.0
2012-03-30 00:00:00+09:00,1690.0,1695.0,1665.0,1685.0,27671,0.0,0.0
2012-04-02 00:00:00+09:00,1700.0,1700.0,1670.0,1695.0,3372,0.0,0.0
2012-04-03 00:00:00+09:00,1690.0,1770.0,1685.0,1720.0,45638,0.0,0.0
2012-04-04 00:00:00+09:00,1720.0,1720.0,1675.0,1675.0,22042,0.0,0.0
2012-04-05 00:00:00+09:00,1680.0,1710.0,1665.0,1680.0,9016,0.0,0.0
2012-04-06 00:00:00+09:00,1665.0,1730.0,1665.0,1715.0,20735,0.0,0.0
2012-04-09 00:00:00+09:00,1675.0,1715.0,1630.0,1660.0,14512,0.0,0.0
2012-04-10 00:00:00+09:00,1685.0,1690.0,1645.0,1670.0,12738,0.0,0.0
2012-04-12 00:00:00+09:00,1645.0,1710.0,1645.0,1700.0,5692,0.0,0.0
2012-04-13 00:00:00+09:00,1700.0,1750.0,1700.0,1715.0,56538,0.0,0.0
2012-04-16 00:00:00+09:00,1720.0,1725.0,1675.0,1710.0,5432,0.0,0.0
2012-04-17 00:00:00+09:00,1730.0,1730.0,1675.0,1700.0,26969,0.0,0.0
2012-04-18 00:00:00+09:00,1735.0,1735.0,1690.0,1730.0,8823,0.0,0.0
2012-04-19 00:00:00+09:00,1695.0,1735.0,1695.0,1715.0,7593,0.0,0.0
2012-04-20 00:00:00+09:00,1725.0,1725.0,1680.0,1710.0,3136,0.0,0.0
2012-04-23 00:00:00+09:00,1735.0,1735.0,1700.0,1710.0,5933,0.0,0.0
2012-04-24 00:00:00+09:00,1730.0,1730.0,1645.0,1645.0,13003,0.0,0.0
2012-04-25 00:00:00+09:00,1660.0,1690.0,1655.0,1670.0,6503,0.0,0.0
2012-04-26 00:00:00+09:00,1690.0,1730.0,1635.0,1680.0,10237,0.0,0.0
2012-04-27 00:00:00+09:00,1700.0,1930.0,1685.0,1930.0,777511,0.0,0.0
2012-04-30 00:00:00+09:00,1935.0,2115.0,1845.0,2080.0,661372,0.0,0.0
2012-05-02 00:00:00+09:00,2080.0,2080.0,1955.0,2035.0,199874,0.0,0.0
2012-05-03 00:00:00+09:00,2130.0,2310.0,1930.0,1975.0,383513,0.0,0.0
2012-05-04 00:00:00+09:00,1975.0,1990.0,1875.0,1940.0,166178,0.0,0.0
2012-05-07 00:00:00+09:00,1950.0,2230.0,1925.0,2130.0,1090279,0.0,0.0
2012-05-08 00:00:00+09:00,2100.0,2195.0,2005.0,2005.0,607224,0.0,0.0
2012-05-09 00:00:00+09:00,2005.0,2150.0,2005.0,2020.0,242771,0.0,0.0
2012-05-10 00:00:00+09:00,2020.0,2200.0,2000.0,2045.0,323942,0.0,0.0
2012-05-11 00:00:00+09:00,2090.0,2350.0,2015.0,2045.0,2155831,0.0,0.0
2012-05-14 00:00:00+09:00,2055.0,2215.0,2055.0,2200.0,555860,0.0,0.0
2012-05-15 00:00:00+09:00,2200.0,2220.0,1925.0,2020.0,253560,0.0,0.0
2012-05-16 00:00:00+09:00,2030.0,2095.0,1830.0,1880.0,144637,0.0,0.0
2012-05-17 00:00:00+09:00,1820.0,1880.0,1755.0,1790.0,106074,0.0,0.0
2012-05-18 00:00:00+09:00,1750.0,1800.0,1585.0,1585.0,91134,0.0,0.0
2012-05-21 00:00:00+09:00,1570.0,1650.0,1510.0,1530.0,143996,0.0,0.0
2012-05-22 00:00:00+09:00,1550.0,1680.0,1525.0,1595.0,382028,0.0,0.0
2012-05-23 00:00:00+09:00,1620.0,1830.0,1575.0,1830.0,469327,0.0,0.0
2012-05-24 00:00:00+09:00,1900.0,1930.0,1760.0,1860.0,641539,0.0,0.0
2012-05-25 00:00:00+09:00,1875.0,2060.0,1795.0,1890.0,459571,0.0,0.0
2012-05-29 00:00:00+09:00,1925.0,2050.0,1845.0,1845.0,182723,0.0,0.0
2012-05-30 00:00:00+09:00,1880.0,1890.0,1720.0,1750.0,151199,0.0,0.0
2012-05-31 00:00:00+09:00,1675.0,1725.0,1650.0,1725.0,125534,0.0,0.0
2012-06-01 00:00:00+09:00,1725.0,1755.0,1680.0,1725.0,43376,0.0,0.0
2012-06-04 00:00:00+09:00,1625.0,1660.0,1555.0,1630.0,80992,0.0,0.0
2012-06-05 00:00:00+09:00,1615.0,1690.0,1615.0,1670.0,45091,0.0,0.0
2012-06-07 00:00:00+09:00,1740.0,1830.0,1710.0,1745.0,86666,0.0,0.0
2012-06-08 00:00:00+09:00,1765.0,1885.0,1680.0,1750.0,120701,0.0,0.0
2012-06-11 00:00:00+09:00,1765.0,1915.0,1750.0,1860.0,57849,0.0,0.0
2012-06-12 00:00:00+09:00,1830.0,1840.0,1755.0,1755.0,72200,0.0,0.0
2012-06-13 00:00:00+09:00,1800.0,1965.0,1795.0,1900.0,176852,0.0,0.0
2012-06-14 00:00:00+09:00,1915.0,1970.0,1860.0,1885.0,87558,0.0,0.0
2012-06-15 00:00:00+09:00,1920.0,2085.0,1820.0,1830.0,270678,0.0,0.0
2012-06-18 00:00:00+09:00,1880.0,1950.0,1840.0,1905.0,54334,0.0,0.0
2012-06-19 00:00:00+09:00,1905.0,2100.0,1905.0,1975.0,508482,0.0,0.0
2012-06-20 00:00:00+09:00,1985.0,2055.0,1930.0,1945.0,106920,0.0,0.0
2012-06-21 00:00:00+09:00,1970.0,1980.0,1900.0,1905.0,45570,0.0,0.0
2012-06-22 00:00:00+09:00,1860.0,1980.0,1860.0,1910.0,47264,0.0,0.0
2012-06-25 00:00:00+09:00,1895.0,1930.0,1865.0,1865.0,26295,0.0,0.0
2012-06-26 00:00:00+09:00,1960.0,2140.0,1900.0,1950.0,277211,0.0,0.0
2012-06-27 00:00:00+09:00,1950.0,1950.0,1865.0,1895.0,51458,0.0,0.0
2012-06-28 00:00:00+09:00,1920.0,1990.0,1900.0,1990.0,71473,0.0,0.0
2012-06-29 00:00:00+09:00,1990.0,2075.0,1945.0,1970.0,101175,0.0,0.0
2012-07-02 00:00:00+09:00,1985.0,2030.0,1950.0,1975.0,47341,0.0,0.0
2012-07-03 00:00:00+09:00,1980.0,1980.0,1900.0,1915.0,75942,0.0,0.0
2012-07-04 00:00:00+09:00,1950.0,1960.0,1890.0,1925.0,37590,0.0,0.0
2012-07-05 00:00:00+09:00,1910.0,2170.0,1850.0,2120.0,684953,0.0,0.0
2012-07-06 00:00:00+09:00,2080.0,2110.0,2010.0,2075.0,92690,0.0,0.0
2012-07-09 00:00:00+09:00,2080.0,2160.0,2030.0,2100.0,136622,0.0,0.0
2012-07-10 00:00:00+09:00,2130.0,2175.0,2080.0,2175.0,130825,0.0,0.0
2012-07-11 00:00:00+09:00,2175.0,2240.0,2125.0,2145.0,129908,0.0,0.0
2012-07-12 00:00:00+09:00,2130.0,2150.0,2025.0,2080.0,112053,0.0,0.0
2012-07-13 00:00:00+09:00,2080.0,2085.0,1910.0,1990.0,113652,0.0,0.0
2012-07-16 00:00:00+09:00,1995.0,2050.0,1925.0,1985.0,49122,0.0,0.0
2012-07-17 00:00:00+09:00,1945.0,1985.0,1930.0,1955.0,32700,0.0,0.0
2012-07-18 00:00:00+09:00,1960.0,2000.0,1905.0,1920.0,41787,0.0,0.0
2012-07-19 00:00:00+09:00,1925.0,2205.0,1915.0,1935.0,1084415,0.0,0.0
2012-07-20 00:00:00+09:00,1900.0,1925.0,1850.0,1875.0,228115,0.0,0.0
2012-07-23 00:00:00+09:00,1875.0,1890.0,1780.0,1855.0,71661,0.0,0.0
2012-07-24 00:00:00+09:00,1850.0,1850.0,1745.0,1745.0,60427,0.0,0.0
2012-07-25 00:00:00+09:00,1755.0,1865.0,1700.0,1865.0,67653,0.0,0.0
2012-07-26 00:00:00+09:00,1860.0,1885.0,1820.0,1835.0,27497,0.0,0.0
2012-07-27 00:00:00+09:00,1875.0,1885.0,1795.0,1845.0,36589,0.0,0.0
2012-07-30 00:00:00+09:00,1850.0,1950.0,1840.0,1840.0,17566,0.0,0.0
2012-07-31 00:00:00+09:00,1845.0,1905.0,1840.0,1860.0,17871,0.0,0.0
2012-08-01 00:00:00+09:00,1885.0,1890.0,1830.0,1830.0,12130,0.0,0.0
2012-08-02 00:00:00+09:00,1810.0,1870.0,1800.0,1800.0,18692,0.0,0.0
2012-08-03 00:00:00+09:00,1805.0,1825.0,1760.0,1785.0,36309,0.0,0.0
2012-08-06 00:00:00+09:00,1785.0,1805.0,1775.0,1790.0,21613,0.0,0.0
2012-08-07 00:00:00+09:00,1790.0,1815.0,1760.0,1785.0,40188,0.0,0.0
2012-08-08 00:00:00+09:00,1790.0,1815.0,1785.0,1800.0,19183,0.0,0.0
2012-08-09 00:00:00+09:00,1800.0,1850.0,1800.0,1840.0,26851,0.0,0.0
2012-08-10 00:00:00+09:00,1850.0,1870.0,1825.0,1845.0,26232,0.0,0.0
2012-08-13 00:00:00+09:00,1850.0,1860.0,1815.0,1835.0,37241,0.0,0.0
2012-08-14 00:00:00+09:00,1840.0,1870.0,1805.0,1830.0,46560,0.0,0.0
2012-08-16 00:00:00+09:00,1835.0,1870.0,1800.0,1800.0,18139,0.0,0.0
2012-08-17 00:00:00+09:00,1800.0,1830.0,1735.0,1780.0,81339,0.0,0.0
2012-08-20 00:00:00+09:00,1785.0,1790.0,1745.0,1790.0,16569,0.0,0.0
2012-08-21 00:00:00+09:00,1790.0,1830.0,1785.0,1810.0,28282,0.0,0.0
2012-08-22 00:00:00+09:00,1810.0,1880.0,1790.0,1880.0,63032,0.0,0.0
2012-08-23 00:00:00+09:00,1920.0,1980.0,1820.0,1875.0,59461,0.0,0.0
2012-08-24 00:00:00+09:00,1875.0,1880.0,1820.0,1855.0,35868,0.0,0.0
2012-08-27 00:00:00+09:00,1860.0,1950.0,1820.0,1840.0,87918,0.0,0.0
2012-08-28 00:00:00+09:00,1845.0,1875.0,1805.0,1820.0,45122,0.0,0.0
2012-08-29 00:00:00+09:00,1825.0,2000.0,1825.0,1995.0,284410,0.0,0.0
2012-08-30 00:00:00+09:00,1995.0,2000.0,1925.0,1980.0,83555,0.0,0.0
2012-08-31 00:00:00+09:00,1980.0,1985.0,1925.0,1985.0,75972,0.0,0.0
2012-09-03 00:00:00+09:00,1990.0,2000.0,1950.0,1985.0,27642,0.0,0.0
2012-09-04 00:00:00+09:00,2000.0,2000.0,1920.0,1950.0,27959,0.0,0.0
2012-09-05 00:00:00+09:00,1950.0,2050.0,1945.0,1950.0,18626,0.0,0.0
2012-09-06 00:00:00+09:00,1980.0,1980.0,1910.0,1930.0,42567,0.0,0.0
2012-09-07 00:00:00+09:00,1935.0,1975.0,1900.0,1940.0,41071,0.0,0.0
2012-09-10 00:00:00+09:00,1945.0,2050.0,1905.0,2000.0,145860,0.0,0.0
2012-09-11 00:00:00+09:00,2010.0,2050.0,1945.0,2020.0,58596,0.0,0.0
2012-09-12 00:00:00+09:00,2075.0,2320.0,2020.0,2140.0,1490591,0.0,0.0
2012-09-13 00:00:00+09:00,2170.0,2170.0,2070.0,2145.0,211290,0.0,0.0
2012-09-14 00:00:00+09:00,2170.0,2170.0,2040.0,2115.0,130178,0.0,0.0
2012-09-17 00:00:00+09:00,2125.0,2130.0,2050.0,2115.0,53327,0.0,0.0
2012-09-18 00:00:00+09:00,2090.0,2120.0,2060.0,2105.0,63073,0.0,0.0
2012-09-19 00:00:00+09:00,2130.0,2130.0,2065.0,2100.0,34548,0.0,0.0
2012-09-20 00:00:00+09:00,2100.0,2115.0,2000.0,2070.0,55312,0.0,0.0
2012-09-21 00:00:00+09:00,2085.0,2085.0,2000.0,2010.0,52607,0.0,0.0
2012-09-24 00:00:00+09:00,1995.0,2075.0,1980.0,2020.0,68345,0.0,0.0
2012-09-25 00:00:00+09:00,2040.0,2040.0,1955.0,1990.0,26909,0.0,0.0
2012-09-26 00:00:00+09:00,1990.0,2000.0,1930.0,1960.0,30258,0.0,0.0
2012-09-27 00:00:00+09:00,1960.0,1995.0,1880.0,1995.0,41755,0.0,0.0
2012-09-28 00:00:00+09:00,1995.0,1995.0,1925.0,1945.0,7398,0.0,0.0
2012-10-02 00:00:00+09:00,1970.0,1975.0,1920.0,1935.0,14462,0.0,0.0
2012-10-04 00:00:00+09:00,1970.0,1970.0,1915.0,1940.0,17070,0.0,0.0
2012-10-05 00:00:00+09:00,1965.0,1965.0,1900.0,1900.0,22096,0.0,0.0
2012-10-08 00:00:00+09:00,1945.0,1945.0,1870.0,1870.0,46177,0.0,0.0
2012-10-09 00:00:00+09:00,1890.0,1910.0,1860.0,1895.0,59408,0.0,0.0
2012-10-10 00:00:00+09:00,1885.0,1900.0,1850.0,1865.0,56199,0.0,0.0
2012-10-11 00:00:00+09:00,1850.0,1885.0,1850.0,1880.0,25169,0.0,0.0
2012-10-12 00:00:00+09:00,1880.0,1940.0,1875.0,1920.0,43429,0.0,0.0
2012-10-15 00:00:00+09:00,1950.0,1950.0,1840.0,1890.0,37274,0.0,0.0
2012-10-16 00:00:00+09:00,1895.0,1930.0,1860.0,1895.0,17928,0.0,0.0
2012-10-17 00:00:00+09:00,1915.0,1915.0,1870.0,1900.0,17999,0.0,0.0
2012-10-18 00:00:00+09:00,1910.0,1915.0,1850.0,1865.0,40656,0.0,0.0
2012-10-19 00:00:00+09:00,1890.0,1890.0,1820.0,1830.0,23743,0.0,0.0
2012-10-22 00:00:00+09:00,1815.0,1815.0,1770.0,1815.0,22248,0.0,0.0
2012-10-23 00:00:00+09:00,1790.0,1835.0,1790.0,1830.0,11880,0.0,0.0
2012-10-24 00:00:00+09:00,1830.0,1830.0,1795.0,1815.0,8059,0.0,0.0
2012-10-25 00:00:00+09:00,1835.0,1835.0,1790.0,1790.0,20461,0.0,0.0
2012-10-26 00:00:00+09:00,1845.0,1845.0,1740.0,1740.0,16429,0.0,0.0
2012-10-29 00:00:00+09:00,1730.0,1755.0,1680.0,1730.0,12998,0.0,0.0
2012-10-30 00:00:00+09:00,1750.0,1805.0,1720.0,1805.0,3948,0.0,0.0
2012-10-31 00:00:00+09:00,1775.0,1820.0,1765.0,1805.0,6844,0.0,0.0
2012-11-01 00:00:00+09:00,1810.0,1840.0,1780.0,1830.0,8348,0.0,0.0
2012-11-02 00:00:00+09:00,1785.0,1835.0,1785.0,1820.0,6315,0.0,0.0
2012-11-05 00:00:00+09:00,1830.0,1830.0,1800.0,1820.0,4229,0.0,0.0
2012-11-06 00:00:00+09:00,1825.0,1835.0,1800.0,1810.0,4748,0.0,0.0
2012-11-07 00:00:00+09:00,1835.0,1835.0,1790.0,1810.0,13375,0.0,0.0
2012-11-08 00:00:00+09:00,1800.0,1800.0,1765.0,1800.0,11964,0.0,0.0
2012-11-09 00:00:00+09:00,1800.0,1800.0,1735.0,1750.0,6655,0.0,0.0
2012-11-12 00:00:00+09:00,1780.0,1780.0,1730.0,1755.0,4660,0.0,0.0
2012-11-13 00:00:00+09:00,1740.0,1765.0,1690.0,1725.0,12694,0.0,0.0
2012-11-14 00:00:00+09:00,1750.0,1750.0,1620.0,1655.0,13504,0.0,0.0
2012-11-15 00:00:00+09:00,1650.0,1720.0,1605.0,1705.0,19400,0.0,0.0
2012-11-16 00:00:00+09:00,1675.0,1715.0,1595.0,1595.0,7101,0.0,0.0
2012-11-19 00:00:00+09:00,1655.0,1655.0,1560.0,1605.0,19604,0.0,0.0
2012-11-20 00:00:00+09:00,1625.0,1660.0,1610.0,1645.0,2790,0.0,0.0
2012-11-21 00:00:00+09:00,1645.0,1680.0,1615.0,1615.0,4420,0.0,0.0
2012-11-22 00:00:00+09:00,1655.0,1655.0,1570.0,1625.0,11625,0.0,0.0
2012-11-23 00:00:00+09:00,1625.0,1625.0,1590.0,1610.0,3760,0.0,0.0
2012-11-26 00:00:00+09:00,1610.0,1625.0,1560.0,1600.0,17809,0.0,0.0
2012-11-27 00:00:00+09:00,1560.0,1600.0,1555.0,1590.0,17482,0.0,0.0
2012-11-28 00:00:00+09:00,1555.0,1615.0,1555.0,1615.0,9889,0.0,0.0
2012-11-29 00:00:00+09:00,1615.0,1645.0,1575.0,1645.0,7582,0.0,0.0
2012-11-30 00:00:00+09:00,1660.0,1695.0,1600.0,1625.0,6400,0.0,0.0
2012-12-03 00:00:00+09:00,1640.0,1695.0,1610.0,1660.0,11723,0.0,0.0
2012-12-04 00:00:00+09:00,1680.0,1680.0,1615.0,1655.0,7337,0.0,0.0
2012-12-05 00:00:00+09:00,1655.0,1655.0,1605.0,1605.0,7805,0.0,0.0
2012-12-06 00:00:00+09:00,1645.0,1655.0,1610.0,1625.0,3578,0.0,0.0
2012-12-07 00:00:00+09:00,1650.0,1650.0,1600.0,1605.0,8930,0.0,0.0
2012-12-10 00:00:00+09:00,1605.0,1640.0,1605.0,1635.0,1599,0.0,0.0
2012-12-11 00:00:00+09:00,1645.0,1645.0,1610.0,1640.0,1856,0.0,0.0
2012-12-12 00:00:00+09:00,1640.0,1660.0,1605.0,1635.0,4875,0.0,0.0
2012-12-13 00:00:00+09:00,1635.0,1680.0,1620.0,1655.0,3508,0.0,0.0
2012-12-14 00:00:00+09:00,1655.0,1725.0,1635.0,1645.0,4824,0.0,0.0
2012-12-17 00:00:00+09:00,1690.0,1690.0,1640.0,1645.0,3354,0.0,0.0
2012-12-18 00:00:00+09:00,1655.0,1670.0,1635.0,1645.0,4096,0.0,0.0
2012-12-20 00:00:00+09:00,1660.0,1675.0,1645.0,1670.0,2038,0.0,0.0
2012-12-21 00:00:00+09:00,1670.0,1670.0,1650.0,1670.0,1728,0.0,0.0
2012-12-24 00:00:00+09:00,1645.0,1695.0,1420.0,1675.0,15186,0.0,0.0
2012-12-26 00:00:00+09:00,1645.0,1695.0,1635.0,1695.0,3547,0.0,0.0
2012-12-27 00:00:00+09:00,1645.0,1730.0,1645.0,1685.0,3503,0.0,0.0
2012-12-28 00:00:00+09:00,1735.0,1735.0,1670.0,1715.0,2593,0.0,0.0
2013-01-02 00:00:00+09:00,1715.0,1720.0,1665.0,1710.0,26613,0.0,0.0
2013-01-03 00:00:00+09:00,1710.0,1715.0,1675.0,1715.0,7200,0.0,0.0
2013-01-04 00:00:00+09:00,1710.0,1760.0,1675.0,1760.0,6662,0.0,0.0
2013-01-07 00:00:00+09:00,1760.0,1765.0,1715.0,1745.0,6937,0.0,0.0
2013-01-08 00:00:00+09:00,1755.0,1760.0,1705.0,1705.0,4461,0.0,0.0
2013-01-09 00:00:00+09:00,1745.0,1750.0,1705.0,1740.0,6407,0.0,0.0
2013-01-10 00:00:00+09:00,1755.0,1755.0,1700.0,1735.0,22026,0.0,0.0
2013-01-11 00:00:00+09:00,1750.0,1750.0,1700.0,1725.0,14051,0.0,0.0
2013-01-14 00:00:00+09:00,1725.0,1735.0,1685.0,1735.0,6963,0.0,0.0
2013-01-15 00:00:00+09:00,1730.0,1765.0,1725.0,1750.0,5040,0.0,0.0
2013-01-16 00:00:00+09:00,1710.0,1770.0,1700.0,1720.0,20168,0.0,0.0
2013-01-17 00:00:00+09:00,1690.0,1720.0,1680.0,1710.0,17021,0.0,0.0
2013-01-18 00:00:00+09:00,1700.0,1745.0,1690.0,1745.0,16572,0.0,0.0
2013-01-21 00:00:00+09:00,1725.0,1750.0,1720.0,1725.0,6498,0.0,0.0
2013-01-22 00:00:00+09:00,1755.0,1755.0,1720.0,1745.0,11367,0.0,0.0
2013-01-23 00:00:00+09:00,1765.0,1860.0,1740.0,1765.0,7179,0.0,0.0
2013-01-24 00:00:00+09:00,1770.0,1775.0,1735.0,1745.0,7169,0.0,0.0
2013-01-25 00:00:00+09:00,1730.0,1755.0,1720.0,1740.0,1899,0.0,0.0
2013-01-28 00:00:00+09:00,1725.0,1745.0,1680.0,1715.0,4205,0.0,0.0
2013-01-29 00:00:00+09:00,1690.0,1735.0,1680.0,1735.0,8103,0.0,0.0
2013-01-30 00:00:00+09:00,1705.0,1740.0,1690.0,1715.0,3469,0.0,0.0
2013-01-31 00:00:00+09:00,1700.0,1730.0,1700.0,1730.0,2908,0.0,0.0
2013-02-01 00:00:00+09:00,1730.0,1760.0,1720.0,1750.0,19846,0.0,0.0
2013-02-04 00:00:00+09:00,1735.0,1750.0,1690.0,1735.0,3445,0.0,0.0
2013-02-05 00:00:00+09:00,1715.0,1725.0,1705.0,1720.0,684,0.0,0.0
2013-02-06 00:00:00+09:00,1730.0,1735.0,1710.0,1725.0,369,0.0,0.0
2013-02-07 00:00:00+09:00,1730.0,1730.0,1700.0,1705.0,122,0.0,0.0
2013-02-08 00:00:00+09:00,1710.0,1755.0,1710.0,1755.0,5573,0.0,0.0
2013-02-12 00:00:00+09:00,1760.0,1760.0,1715.0,1725.0,5027,0.0,0.0
2013-02-13 00:00:00+09:00,1725.0,1770.0,1715.0,1720.0,6800,0.0,0.0
2013-02-14 00:00:00+09:00,1720.0,1820.0,1720.0,1770.0,66741,0.0,0.0
2013-02-15 00:00:00+09:00,1775.0,1920.0,1760.0,1820.0,129497,0.0,0.0
2013-02-18 00:00:00+09:00,1850.0,1925.0,1825.0,1830.0,28774,0.0,0.0
2013-02-19 00:00:00+09:00,1845.0,1850.0,1790.0,1825.0,14253,0.0,0.0
2013-02-20 00:00:00+09:00,1830.0,1835.0,1800.0,1830.0,7022,0.0,0.0
2013-02-21 00:00:00+09:00,1790.0,1835.0,1780.0,1830.0,2225,0.0,0.0
2013-02-22 00:00:00+09:00,1830.0,1900.0,1790.0,1880.0,14917,0.0,0.0
2013-02-25 00:00:00+09:00,1915.0,1915.0,1855.0,1855.0,3017,0.0,0.0
2013-02-26 00:00:00+09:00,1845.0,1895.0,1830.0,1840.0,7426,0.0,0.0
2013-02-27 00:00:00+09:00,1815.0,1855.0,1810.0,1840.0,12958,0.0,0.0
2013-02-28 00:00:00+09:00,1845.0,1870.0,1820.0,1825.0,14631,0.0,0.0
2013-03-04 00:00:00+09:00,1810.0,1850.0,1795.0,1830.0,10178,0.0,0.0
2013-03-05 00:00:00+09:00,1855.0,1855.0,1800.0,1820.0,6041,0.0,0.0
2013-03-06 00:00:00+09:00,1830.0,1895.0,1830.0,1850.0,10429,0.0,0.0
2013-03-07 00:00:00+09:00,1870.0,1870.0,1810.0,1810.0,2252,0.0,0.0
2013-03-08 00:00:00+09:00,1845.0,1880.0,1810.0,1820.0,7874,0.0,0.0
2013-03-11 00:00:00+09:00,1810.0,1810.0,1750.0,1785.0,11836,0.0,0.0
2013-03-12 00:00:00+09:00,1780.0,1815.0,1770.0,1800.0,1260,0.0,0.0
2013-03-13 00:00:00+09:00,1815.0,1815.0,1760.0,1800.0,3342,0.0,0.0
2013-03-14 00:00:00+09:00,1815.0,1820.0,1790.0,1815.0,5977,0.0,0.0
2013-03-15 00:00:00+09:00,1820.0,1820.0,1770.0,1810.0,10896,0.0,0.0
2013-03-18 00:00:00+09:00,1810.0,1810.0,1760.0,1770.0,3401,0.0,0.0
2013-03-19 00:00:00+09:00,1760.0,1800.0,1760.0,1790.0,3202,0.0,0.0
2013-03-20 00:00:00+09:00,1790.0,1800.0,1760.0,1785.0,6175,0.0,0.0
2013-03-21 00:00:00+09:00,1800.0,1815.0,1760.0,1815.0,25726,0.0,0.0
2013-03-22 00:00:00+09:00,1830.0,1840.0,1800.0,1835.0,5178,0.0,0.0
2013-03-25 00:00:00+09:00,1845.0,1845.0,1775.0,1825.0,4331,0.0,0.0
2013-03-26 00:00:00+09:00,1785.0,1820.0,1770.0,1795.0,13880,0.0,0.0
2013-03-27 00:00:00+09:00,1780.0,1810.0,1765.0,1765.0,11251,0.0,0.0
2013-03-28 00:00:00+09:00,1760.0,1810.0,1760.0,1780.0,11424,0.0,0.0
2013-03-29 00:00:00+09:00,1780.0,1835.0,1780.0,1785.0,23217,0.0,0.0
2013-04-01 00:00:00+09:00,1790.0,1835.0,1790.0,1810.0,16870,0.0,0.0
2013-04-02 00:00:00+09:00,1835.0,1835.0,1800.0,1830.0,12726,0.0,0.0
2013-04-03 00:00:00+09:00,1835.0,1880.0,1835.0,1855.0,17613,0.0,0.0
2013-04-04 00:00:00+09:00,1815.0,1870.0,1770.0,1850.0,8441,0.0,0.0
2013-04-05 00:00:00+09:00,1850.0,1865.0,1795.0,1830.0,20054,0.0,0.0
2013-04-08 00:00:00+09:00,1830.0,1835.0,1795.0,1825.0,5890,0.0,0.0
2013-04-09 00:00:00+09:00,1825.0,1835.0,1735.0,1770.0,9614,0.0,0.0
2013-04-10 00:00:00+09:00,1800.0,1805.0,1780.0,1800.0,1118,0.0,0.0
2013-04-11 00:00:00+09:00,1800.0,1800.0,1755.0,1795.0,7591,0.0,0.0
2013-04-12 00:00:00+09:00,1780.0,1815.0,1760.0,1790.0,2354,0.0,0.0
2013-04-15 00:00:00+09:00,1790.0,1790.0,1725.0,1775.0,13961,0.0,0.0
2013-04-16 00:00:00+09:00,1740.0,1790.0,1710.0,1760.0,8772,0.0,0.0
2013-04-17 00:00:00+09:00,1775.0,1785.0,1740.0,1765.0,11998,0.0,0.0
2013-04-18 00:00:00+09:00,1760.0,1760.0,1700.0,1715.0,16886,0.0,0.0
2013-04-19 00:00:00+09:00,1715.0,1730.0,1650.0,1675.0,25758,0.0,0.0
2013-04-22 00:00:00+09:00,1680.0,1715.0,1680.0,1700.0,3410,0.0,0.0
2013-04-23 00:00:00+09:00,1685.0,1715.0,1680.0,1710.0,10391,0.0,0.0
2013-04-24 00:00:00+09:00,1710.0,1735.0,1690.0,1715.0,15194,0.0,0.0
2013-04-25 00:00:00+09:00,1705.0,1735.0,1690.0,1720.0,8117,0.0,0.0
2013-04-26 00:00:00+09:00,1705.0,1730.0,1690.0,1720.0,7829,0.0,0.0
2013-04-29 00:00:00+09:00,1705.0,1725.0,1700.0,1725.0,6817,0.0,0.0
2013-04-30 00:00:00+09:00,1725.0,1855.0,1725.0,1830.0,49562,0.0,0.0
2013-05-02 00:00:00+09:00,1830.0,1905.0,1800.0,1825.0,46672,0.0,0.0
2013-05-03 00:00:00+09:00,1810.0,1905.0,1810.0,1905.0,32329,0.0,0.0
2013-05-06 00:00:00+09:00,1900.0,1950.0,1875.0,1910.0,4962,0.0,0.0
2013-05-07 00:00:00+09:00,1880.0,1920.0,1870.0,1885.0,4920,0.0,0.0
2013-05-08 00:00:00+09:00,1900.0,1900.0,1860.0,1860.0,4395,0.0,0.0
2013-05-09 00:00:00+09:00,1890.0,1900.0,1850.0,1850.0,4065,0.0,0.0
2013-05-10 00:00:00+09:00,1850.0,1960.0,1850.0,1925.0,56890,0.0,0.0
2013-05-13 00:00:00+09:00,1935.0,1970.0,1880.0,1930.0,25255,0.0,0.0
2013-05-14 00:00:00+09:00,1930.0,1980.0,1915.0,1960.0,7755,0.0,0.0
2013-05-15 00:00:00+09:00,1975.0,1980.0,1925.0,1940.0,6063,0.0,0.0
2013-05-16 00:00:00+09:00,1975.0,2060.0,1950.0,1995.0,21150,0.0,0.0
2013-05-20 00:00:00+09:00,2000.0,2000.0,1880.0,1900.0,4604,0.0,0.0
2013-05-21 00:00:00+09:00,1890.0,1935.0,1885.0,1900.0,6593,0.0,0.0
2013-05-22 00:00:00+09:00,1930.0,1930.0,1880.0,1900.0,5884,0.0,0.0
2013-05-23 00:00:00+09:00,1865.0,1900.0,1855.0,1860.0,11102,0.0,0.0
2013-05-24 00:00:00+09:00,1840.0,1880.0,1820.0,1870.0,15580,0.0,0.0
2013-05-27 00:00:00+09:00,1840.0,1875.0,1835.0,1835.0,6469,0.0,0.0
2013-05-28 00:00:00+09:00,1875.0,1900.0,1835.0,1865.0,11482,0.0,0.0
2013-05-29 00:00:00+09:00,1890.0,1925.0,1850.0,1890.0,16884,0.0,0.0
2013-05-30 00:00:00+09:00,1900.0,1925.0,1690.0,1740.0,147076,0.0,0.0
2013-05-31 00:00:00+09:00,1780.0,1785.0,1700.0,1765.0,46488,0.0,0.0
2013-06-03 00:00:00+09:00,1720.0,1790.0,1720.0,1775.0,6260,0.0,0.0
2013-06-04 00:00:00+09:00,1760.0,1810.0,1760.0,1790.0,16676,0.0,0.0
2013-06-05 00:00:00+09:00,1755.0,1790.0,1730.0,1780.0,3541,0.0,0.0
2013-06-07 00:00:00+09:00,1750.0,1780.0,1730.0,1770.0,10110,0.0,0.0
2013-06-10 00:00:00+09:00,1740.0,1770.0,1740.0,1765.0,5539,0.0,0.0
2013-06-11 00:00:00+09:00,1775.0,1775.0,1735.0,1760.0,1236,0.0,0.0
2013-06-12 00:00:00+09:00,1735.0,1755.0,1720.0,1755.0,3718,0.0,0.0
2013-06-13 00:00:00+09:00,1730.0,1755.0,1720.0,1725.0,5281,0.0,0.0
2013-06-14 00:00:00+09:00,1745.0,1745.0,1705.0,1730.0,3516,0.0,0.0
2013-06-17 00:00:00+09:00,1710.0,1715.0,1650.0,1715.0,7446,0.0,0.0
2013-06-18 00:00:00+09:00,1715.0,1715.0,1670.0,1690.0,4034,0.0,0.0
2013-06-19 00:00:00+09:00,1700.0,1705.0,1660.0,1705.0,2403,0.0,0.0
2013-06-20 00:00:00+09:00,1705.0,1705.0,1655.0,1655.0,1273,0.0,0.0
2013-06-21 00:00:00+09:00,1655.0,1690.0,1615.0,1655.0,18815,0.0,0.0
2013-06-24 00:00:00+09:00,1685.0,1685.0,1600.0,1640.0,7316,0.0,0.0
2013-06-25 00:00:00+09:00,1685.0,1685.0,1550.0,1550.0,8696,0.0,0.0
2013-06-26 00:00:00+09:00,1550.0,1630.0,1550.0,1605.0,4774,0.0,0.0
2013-06-27 00:00:00+09:00,1605.0,1685.0,1605.0,1630.0,2256,0.0,0.0
2013-06-28 00:00:00+09:00,1605.0,1655.0,1605.0,1635.0,3290,0.0,0.0
2013-07-01 00:00:00+09:00,1645.0,1645.0,1620.0,1635.0,11238,0.0,0.0
2013-07-02 00:00:00+09:00,1655.0,1655.0,1605.0,1625.0,9268,0.0,0.0
2013-07-03 00:00:00+09:00,1625.0,1650.0,1610.0,1625.0,8248,0.0,0.0
2013-07-04 00:00:00+09:00,1605.0,1620.0,1590.0,1620.0,11753,0.0,0.0
2013-07-05 00:00:00+09:00,1640.0,1640.0,1605.0,1605.0,1169,0.0,0.0
2013-07-08 00:00:00+09:00,1610.0,1610.0,1585.0,1600.0,5201,0.0,0.0
2013-07-09 00:00:00+09:00,1580.0,1620.0,1580.0,1620.0,14928,0.0,0.0
2013-07-10 00:00:00+09:00,1605.0,1640.0,1575.0,1600.0,11974,0.0,0.0
2013-07-11 00:00:00+09:00,1605.0,1840.0,1600.0,1840.0,930160,0.0,0.0
2013-07-12 00:00:00+09:00,1770.0,1785.0,1670.0,1680.0,966599,0.0,0.0
2013-07-15 00:00:00+09:00,1700.0,1735.0,1655.0,1670.0,219027,0.0,0.0
2013-07-16 00:00:00+09:00,1680.0,1695.0,1655.0,1675.0,69862,0.0,0.0
2013-07-17 00:00:00+09:00,1675.0,1715.0,1650.0,1665.0,72552,0.0,0.0
2013-07-18 00:00:00+09:00,1680.0,1680.0,1645.0,1650.0,34243,0.0,0.0
2013-07-19 00:00:00+09:00,1640.0,1820.0,1635.0,1690.0,243937,0.0,0.0
2013-07-22 00:00:00+09:00,1710.0,1710.0,1660.0,1685.0,27821,0.0,0.0
2013-07-23 00:00:00+09:00,1720.0,1720.0,1620.0,1650.0,89465,0.0,0.0
2013-07-24 00:00:00+09:00,1650.0,1660.0,1570.0,1605.0,94772,0.0,0.0
2013-07-25 00:00:00+09:00,1600.0,1630.0,1595.0,1615.0,27516,0.0,0.0
2013-07-26 00:00:00+09:00,1640.0,1640.0,1595.0,1615.0,12209,0.0,0.0
2013-07-29 00:00:00+09:00,1605.0,1635.0,1595.0,1615.0,16652,0.0,0.0
2013-07-30 00:00:00+09:00,1615.0,1635.0,1595.0,1620.0,54520,0.0,0.0
2013-07-31 00:00:00+09:00,1645.0,1645.0,1595.0,1600.0,27862,0.0,0.0
2013-08-01 00:00:00+09:00,1620.0,1620.0,1585.0,1595.0,12206,0.0,0.0
2013-08-02 00:00:00+09:00,1615.0,1615.0,1580.0,1590.0,38103,0.0,0.0
2013-08-05 00:00:00+09:00,1600.0,1635.0,1595.0,1595.0,15175,0.0,0.0
2013-08-06 00:00:00+09:00,1630.0,1630.0,1585.0,1605.0,19513,0.0,0.0
2013-08-07 00:00:00+09:00,1620.0,1620.0,1585.0,1585.0,21830,0.0,0.0
2013-08-08 00:00:00+09:00,1585.0,1605.0,1585.0,1600.0,10432,0.0,0.0
2013-08-09 00:00:00+09:00,1610.0,1620.0,1590.0,1610.0,9753,0.0,0.0
2013-08-12 00:00:00+09:00,1590.0,1610.0,1580.0,1595.0,8289,0.0,0.0
2013-08-13 00:00:00+09:00,1610.0,1610.0,1560.0,1560.0,21246,0.0,0.0
2013-08-14 00:00:00+09:00,1590.0,1590.0,1555.0,1570.0,17785,0.0,0.0
2013-08-16 00:00:00+09:00,1575.0,1575.0,1540.0,1560.0,7546,0.0,0.0
2013-08-19 00:00:00+09:00,1575.0,1575.0,1530.0,1540.0,34596,0.0,0.0
2013-08-20 00:00:00+09:00,1540.0,1560.0,1520.0,1535.0,43581,0.0,0.0
2013-08-21 00:00:00+09:00,1535.0,1535.0,1470.0,1485.0,29737,0.0,0.0
2013-08-22 00:00:00+09:00,1500.0,1500.0,1460.0,1480.0,5391,0.0,0.0
2013-08-23 00:00:00+09:00,1500.0,1525.0,1450.0,1490.0,14510,0.0,0.0
2013-08-26 00:00:00+09:00,1520.0,1520.0,1485.0,1505.0,10725,0.0,0.0
2013-08-27 00:00:00+09:00,1515.0,1530.0,1465.0,1495.0,11152,0.0,0.0
2013-08-28 00:00:00+09:00,1490.0,1490.0,1445.0,1460.0,19733,0.0,0.0
2013-08-29 00:00:00+09:00,1475.0,1475.0,1415.0,1415.0,31947,0.0,0.0
2013-08-30 00:00:00+09:00,1420.0,1445.0,1415.0,1420.0,8625,0.0,0.0
2013-09-02 00:00:00+09:00,1435.0,1515.0,1395.0,1415.0,84269,0.0,0.0
2013-09-03 00:00:00+09:00,1435.0,1455.0,1420.0,1450.0,4560,0.0,0.0
2013-09-04 00:00:00+09:00,1470.0,1470.0,1435.0,1445.0,10464,0.0,0.0
2013-09-05 00:00:00+09:00,1465.0,1465.0,1440.0,1450.0,6159,0.0,0.0
2013-09-06 00:00:00+09:00,1470.0,1470.0,1405.0,1435.0,49118,0.0,0.0
2013-09-09 00:00:00+09:00,1445.0,1470.0,1420.0,1440.0,31223,0.0,0.0
2013-09-10 00:00:00+09:00,1455.0,1455.0,1420.0,1435.0,36266,0.0,0.0
2013-09-11 00:00:00+09:00,1425.0,1455.0,1415.0,1420.0,41774,0.0,0.0
2013-09-12 00:00:00+09:00,1420.0,1445.0,1415.0,1430.0,39197,0.0,0.0
2013-09-13 00:00:00+09:00,1430.0,1470.0,1420.0,1465.0,18760,0.0,0.0
2013-09-16 00:00:00+09:00,1485.0,1485.0,1420.0,1450.0,39235,0.0,0.0
2013-09-17 00:00:00+09:00,1455.0,1455.0,1415.0,1430.0,45495,0.0,0.0
2013-09-23 00:00:00+09:00,1455.0,1460.0,1420.0,1440.0,29913,0.0,0.0
2013-09-24 00:00:00+09:00,1440.0,1460.0,1405.0,1425.0,35325,0.0,0.0
2013-09-25 00:00:00+09:00,1445.0,1450.0,1405.0,1420.0,12343,0.0,0.0
2013-09-26 00:00:00+09:00,1420.0,1430.0,1410.0,1430.0,1956,0.0,0.0
2013-09-27 00:00:00+09:00,1420.0,1450.0,1415.0,1450.0,9060,0.0,0.0
2013-09-30 00:00:00+09:00,1445.0,1445.0,1415.0,1430.0,19733,0.0,0.0
2013-10-01 00:00:00+09:00,1430.0,1455.0,1415.0,1425.0,11034,0.0,0.0
2013-10-02 00:00:00+09:00,1455.0,1455.0,1420.0,1435.0,2781,0.0,0.0
2013-10-04 00:00:00+09:00,1455.0,1455.0,1405.0,1415.0,14950,0.0,0.0
2013-10-07 00:00:00+09:00,1430.0,1430.0,1390.0,1410.0,14082,0.0,0.0
2013-10-08 00:00:00+09:00,1415.0,1415.0,1370.0,1370.0,9571,0.0,0.0
2013-10-10 00:00:00+09:00,1375.0,1385.0,1290.0,1335.0,85010,0.0,0.0
2013-10-11 00:00:00+09:00,1325.0,1395.0,1325.0,1365.0,14436,0.0,0.0
2013-10-14 00:00:00+09:00,1375.0,1375.0,1340.0,1355.0,4161,0.0,0.0
2013-10-15 00:00:00+09:00,1370.0,1380.0,1350.0,1380.0,13809,0.0,0.0
2013-10-16 00:00:00+09:00,1375.0,1375.0,1330.0,1365.0,10701,0.0,0.0
2013-10-17 00:00:00+09:00,1380.0,1380.0,1350.0,1370.0,1270,0.0,0.0
2013-10-18 00:00:00+09:00,1370.0,1405.0,1370.0,1395.0,12640,0.0,0.0
2013-10-21 00:00:00+09:00,1385.0,1400.0,1380.0,1390.0,5946,0.0,0.0
2013-10-22 00:00:00+09:00,1375.0,1390.0,1365.0,1380.0,13683,0.0,0.0
2013-10-23 00:00:00+09:00,1390.0,1390.0,1360.0,1380.0,6301,0.0,0.0
2013-10-24 00:00:00+09:00,1385.0,1385.0,1355.0,1370.0,3863,0.0,0.0
2013-10-25 00:00:00+09:00,1375.0,1455.0,1375.0,1395.0,16640,0.0,0.0
2013-10-28 00:00:00+09:00,1410.0,1410.0,1380.0,1405.0,3376,0.0,0.0
2013-10-29 00:00:00+09:00,1400.0,1410.0,1380.0,1410.0,4201,0.0,0.0
2013-10-30 00:00:00+09:00,1420.0,1420.0,1380.0,1380.0,4410,0.0,0.0
2013-10-31 00:00:00+09:00,1380.0,1395.0,1350.0,1365.0,12427,0.0,0.0
2013-11-01 00:00:00+09:00,1380.0,1380.0,1335.0,1360.0,4889,0.0,0.0
2013-11-04 00:00:00+09:00,1365.0,1365.0,1340.0,1345.0,10281,0.0,0.0
2013-11-05 00:00:00+09:00,1355.0,1355.0,1335.0,1335.0,4512,0.0,0.0
2013-11-06 00:00:00+09:00,1350.0,1350.0,1320.0,1340.0,13262,0.0,0.0
2013-11-07 00:00:00+09:00,1350.0,1350.0,1330.0,1335.0,3692,0.0,0.0
2013-11-08 00:00:00+09:00,1335.0,1350.0,1300.0,1310.0,31704,0.0,0.0
2013-11-11 00:00:00+09:00,1325.0,1330.0,1285.0,1330.0,9840,0.0,0.0
2013-11-12 00:00:00+09:00,1330.0,1335.0,1325.0,1335.0,4103,0.0,0.0
2013-11-13 00:00:00+09:00,1335.0,1335.0,1300.0,1325.0,3735,0.0,0.0
2013-11-14 00:00:00+09:00,1325.0,1325.0,1285.0,1310.0,11059,0.0,0.0
2013-11-15 00:00:00+09:00,1310.0,1330.0,1300.0,1330.0,45991,0.0,0.0
2013-11-18 00:00:00+09:00,1335.0,1335.0,1305.0,1305.0,9348,0.0,0.0
2013-11-19 00:00:00+09:00,1300.0,1320.0,1285.0,1315.0,7041,0.0,0.0
2013-11-20 00:00:00+09:00,1325.0,1325.0,1290.0,1325.0,3891,0.0,0.0
2013-11-21 00:00:00+09:00,1325.0,1325.0,1270.0,1300.0,16947,0.0,0.0
2013-11-22 00:00:00+09:00,1300.0,1415.0,1160.0,1190.0,610247,0.0,0.0
2013-11-25 00:00:00+09:00,1210.0,1210.0,1155.0,1180.0,37689,0.0,0.0
2013-11-26 00:00:00+09:00,1200.0,1235.0,1170.0,1235.0,16523,0.0,0.0
2013-11-27 00:00:00+09:00,1215.0,1230.0,1200.0,1215.0,9907,0.0,0.0
2013-11-28 00:00:00+09:00,1220.0,1245.0,1215.0,1240.0,7221,0.0,0.0
2013-11-29 00:00:00+09:00,1245.0,1250.0,1210.0,1215.0,10538,0.0,0.0
2013-12-02 00:00:00+09:00,1235.0,1250.0,1205.0,1230.0,21807,0.0,0.0
2013-12-03 00:00:00+09:00,1240.0,1240.0,1155.0,1170.0,30033,0.0,0.0
2013-12-04 00:00:00+09:00,1160.0,1185.0,1160.0,1185.0,4614,0.0,0.0
2013-12-05 00:00:00+09:00,1195.0,1200.0,1165.0,1200.0,3318,0.0,0.0
2013-12-06 00:00:00+09:00,1175.0,1195.0,1165.0,1170.0,49240,0.0,0.0
2013-12-09 00:00:00+09:00,1195.0,1195.0,1165.0,1175.0,4660,0.0,0.0
2013-12-10 00:00:00+09:00,1190.0,1235.0,1180.0,1185.0,3796,0.0,0.0
2013-12-11 00:00:00+09:00,1215.0,1215.0,1165.0,1175.0,2477,0.0,0.0
2013-12-12 00:00:00+09:00,1185.0,1185.0,1100.0,1185.0,2090,0.0,0.0
2013-12-13 00:00:00+09:00,1180.0,1180.0,1145.0,1175.0,4613,0.0,0.0
2013-12-16 00:00:00+09:00,1185.0,1185.0,1130.0,1160.0,16621,0.0,0.0
2013-12-17 00:00:00+09:00,1145.0,1180.0,1145.0,1170.0,4006,0.0,0.0
2013-12-18 00:00:00+09:00,1180.0,1235.0,1175.0,1190.0,13078,0.0,0.0
2013-12-19 00:00:00+09:00,1205.0,1225.0,1155.0,1155.0,6395,0.0,0.0
2013-12-20 00:00:00+09:00,1185.0,1290.0,1155.0,1175.0,4506,0.0,0.0
2013-12-23 00:00:00+09:00,1180.0,1285.0,1175.0,1200.0,7446,0.0,0.0
2013-12-24 00:00:00+09:00,1200.0,1220.0,1185.0,1185.0,5425,0.0,0.0
2013-12-26 00:00:00+09:00,1225.0,1240.0,1185.0,1205.0,12168,0.0,0.0
2013-12-27 00:00:00+09:00,1230.0,1230.0,1160.0,1205.0,24732,0.0,0.0
2013-12-30 00:00:00+09:00,1205.0,1280.0,1190.0,1205.0,3219,0.0,0.0
2014-01-02 00:00:00+09:00,1230.0,1250.0,1195.0,1220.0,2623,0.0,0.0
2014-01-03 00:00:00+09:00,1230.0,1230.0,1180.0,1190.0,15916,0.0,0.0
2014-01-06 00:00:00+09:00,1190.0,1200.0,1155.0,1170.0,10989,0.0,0.0
2014-01-07 00:00:00+09:00,1175.0,1190.0,1160.0,1185.0,16250,0.0,0.0
2014-01-08 00:00:00+09:00,1200.0,1200.0,1165.0,1185.0,17787,0.0,0.0
2014-01-09 00:00:00+09:00,1200.0,1245.0,1175.0,1185.0,9414,0.0,0.0
2014-01-10 00:00:00+09:00,1195.0,1195.0,1150.0,1180.0,29985,0.0,0.0
2014-01-13 00:00:00+09:00,1180.0,1180.0,1165.0,1180.0,2925,0.0,0.0
2014-01-14 00:00:00+09:00,1180.0,1220.0,1160.0,1200.0,3905,0.0,0.0
2014-01-15 00:00:00+09:00,1210.0,1275.0,1180.0,1225.0,10198,0.0,0.0
2014-01-16 00:00:00+09:00,1240.0,1245.0,1215.0,1225.0,4778,0.0,0.0
2014-01-17 00:00:00+09:00,1245.0,1245.0,1215.0,1245.0,6681,0.0,0.0
2014-01-20 00:00:00+09:00,1260.0,1260.0,1230.0,1245.0,5394,0.0,0.0
2014-01-21 00:00:00+09:00,1275.0,1275.0,1215.0,1235.0,11220,0.0,0.0
2014-01-22 00:00:00+09:00,1235.0,1250.0,1215.0,1240.0,17211,0.0,0.0
2014-01-23 00:00:00+09:00,1225.0,1280.0,1220.0,1240.0,36453,0.0,0.0
2014-01-24 00:00:00+09:00,1260.0,1315.0,1220.0,1265.0,47117,0.0,0.0
2014-01-27 00:00:00+09:00,1260.0,1260.0,1225.0,1255.0,2584,0.0,0.0
2014-01-28 00:00:00+09:00,1255.0,1255.0,1225.0,1250.0,6578,0.0,0.0
2014-01-29 00:00:00+09:00,1255.0,1255.0,1230.0,1255.0,2186,0.0,0.0
2014-02-03 00:00:00+09:00,1260.0,1280.0,1225.0,1260.0,4141,0.0,0.0
2014-02-04 00:00:00+09:00,1260.0,1260.0,1230.0,1250.0,3128,0.0,0.0
2014-02-05 00:00:00+09:00,1260.0,1265.0,1205.0,1255.0,14496,0.0,0.0
2014-02-06 00:00:00+09:00,1275.0,1380.0,1260.0,1280.0,132311,0.0,0.0
2014-02-07 00:00:00+09:00,1300.0,1310.0,1250.0,1270.0,26072,0.0,0.0
2014-02-10 00:00:00+09:00,1300.0,1390.0,1275.0,1340.0,196244,0.0,0.0
2014-02-11 00:00:00+09:00,1350.0,1350.0,1290.0,1295.0,40310,0.0,0.0
2014-02-12 00:00:00+09:00,1335.0,1465.0,1280.0,1295.0,622015,0.0,0.0
2014-02-13 00:00:00+09:00,1295.0,1310.0,1245.0,1260.0,71252,0.0,0.0
2014-02-14 00:00:00+09:00,1265.0,1285.0,1235.0,1260.0,36935,0.0,0.0
2014-02-17 00:00:00+09:00,1275.0,1390.0,1260.0,1325.0,210366,0.0,0.0
2014-02-18 00:00:00+09:00,1335.0,1520.0,1330.0,1380.0,1288015,0.0,0.0
2014-02-19 00:00:00+09:00,1375.0,1405.0,1335.0,1340.0,120535,0.0,0.0
2014-02-20 00:00:00+09:00,1350.0,1430.0,1330.0,1375.0,146008,0.0,0.0
2014-02-21 00:00:00+09:00,1375.0,1390.0,1320.0,1350.0,97456,0.0,0.0
2014-02-24 00:00:00+09:00,1330.0,1365.0,1300.0,1330.0,90169,0.0,0.0
2014-02-25 00:00:00+09:00,1315.0,1335.0,1300.0,1310.0,47836,0.0,0.0
2014-02-26 00:00:00+09:00,1310.0,1330.0,1285.0,1285.0,39344,0.0,0.0
2014-02-27 00:00:00+09:00,1290.0,1310.0,1265.0,1300.0,45279,0.0,0.0
2014-02-28 00:00:00+09:00,1305.0,1315.0,1290.0,1305.0,14496,0.0,0.0
2014-03-03 00:00:00+09:00,1310.0,1320.0,1280.0,1285.0,34371,0.0,0.0
2014-03-04 00:00:00+09:00,1275.0,1310.0,1260.0,1275.0,27969,0.0,0.0
2014-03-05 00:00:00+09:00,1280.0,1300.0,1265.0,1300.0,19180,0.0,0.0
2014-03-06 00:00:00+09:00,1300.0,1305.0,1265.0,1295.0,17935,0.0,0.0
2014-03-07 00:00:00+09:00,1275.0,1305.0,1270.0,1305.0,12952,0.0,0.0
2014-03-10 00:00:00+09:00,1305.0,1305.0,1270.0,1270.0,15604,0.0,0.0
2014-03-11 00:00:00+09:00,1280.0,1285.0,1255.0,1270.0,11900,0.0,0.0
2014-03-12 00:00:00+09:00,1275.0,1275.0,1240.0,1265.0,11226,0.0,0.0
2014-03-13 00:00:00+09:00,1270.0,1315.0,1250.0,1280.0,9011,0.0,0.0
2014-03-14 00:00:00+09:00,1275.0,1305.0,1255.0,1295.0,21509,0.0,0.0
2014-03-17 00:00:00+09:00,1295.0,1305.0,1270.0,1270.0,10893,0.0,0.0
2014-03-18 00:00:00+09:00,1295.0,1295.0,1270.0,1295.0,20609,0.0,0.0
2014-03-19 00:00:00+09:00,1295.0,1305.0,1285.0,1285.0,27363,0.0,0.0
2014-03-20 00:00:00+09:00,1285.0,1380.0,1270.0,1280.0,8733,0.0,0.0
2014-03-21 00:00:00+09:00,1285.0,1355.0,1285.0,1350.0,53188,0.0,0.0
2014-03-24 00:00:00+09:00,1355.0,1355.0,1320.0,1355.0,19418,0.0,0.0
2014-03-25 00:00:00+09:00,1355.0,1365.0,1320.0,1365.0,11059,0.0,0.0
2014-03-26 00:00:00+09:00,1365.0,1410.0,1340.0,1380.0,18866,0.0,0.0
2014-03-27 00:00:00+09:00,1380.0,1380.0,1340.0,1345.0,11784,0.0,0.0
2014-03-28 00:00:00+09:00,1345.0,1370.0,1330.0,1360.0,1220,0.0,0.0
2014-03-31 00:00:00+09:00,1340.0,1365.0,1310.0,1350.0,11247,0.0,0.0
2014-04-01 00:00:00+09:00,1350.0,1365.0,1315.0,1345.0,4588,0.0,0.0
2014-04-02 00:00:00+09:00,1350.0,1360.0,1320.0,1355.0,5963,0.0,0.0
2014-04-03 00:00:00+09:00,1355.0,1370.0,1320.0,1350.0,32326,0.0,0.0
2014-04-04 00:00:00+09:00,1360.0,1360.0,1320.0,1325.0,22795,0.0,0.0
2014-04-07 00:00:00+09:00,1320.0,1380.0,1315.0,1360.0,16312,0.0,0.0
2014-04-08 00:00:00+09:00,1355.0,1385.0,1330.0,1330.0,4209,0.0,0.0
2014-04-09 00:00:00+09:00,1340.0,1365.0,1325.0,1355.0,263,0.0,0.0
2014-04-10 00:00:00+09:00,1330.0,1390.0,1330.0,1375.0,29265,0.0,0.0
2014-04-11 00:00:00+09:00,1375.0,1395.0,1345.0,1390.0,15905,0.0,0.0
2014-04-14 00:00:00+09:00,1390.0,1410.0,1350.0,1390.0,15627,0.0,0.0
2014-04-15 00:00:00+09:00,1390.0,1430.0,1370.0,1390.0,13831,0.0,0.0
2014-04-16 00:00:00+09:00,1390.0,1420.0,1350.0,1390.0,22740,0.0,0.0
2014-04-17 00:00:00+09:00,1395.0,1420.0,1370.0,1390.0,16834,0.0,0.0
2014-04-18 00:00:00+09:00,1390.0,1420.0,1380.0,1410.0,16278,0.0,0.0
2014-04-21 00:00:00+09:00,1410.0,1410.0,1350.0,1380.0,13538,0.0,0.0
2014-04-22 00:00:00+09:00,1380.0,1400.0,1360.0,1395.0,21011,0.0,0.0
2014-04-23 00:00:00+09:00,1400.0,1405.0,1375.0,1375.0,25656,0.0,0.0
2014-04-24 00:00:00+09:00,1370.0,1400.0,1350.0,1350.0,6064,0.0,0.0
2014-04-25 00:00:00+09:00,1360.0,1390.0,1335.0,1380.0,2060,0.0,0.0
2014-04-28 00:00:00+09:00,1375.0,1440.0,1375.0,1420.0,77480,0.0,0.0
2014-04-29 00:00:00+09:00,1470.0,1630.0,1470.0,1630.0,983387,0.0,0.0
2014-04-30 00:00:00+09:00,1615.0,1710.0,1570.0,1685.0,1271305,0.0,0.0
2014-05-02 00:00:00+09:00,1710.0,1765.0,1530.0,1580.0,575454,0.0,0.0
2014-05-07 00:00:00+09:00,1600.0,1815.0,1590.0,1815.0,882630,0.0,0.0
2014-05-08 00:00:00+09:00,1860.0,1970.0,1670.0,1730.0,1850886,0.0,0.0
2014-05-09 00:00:00+09:00,1760.0,1770.0,1635.0,1665.0,589100,0.0,0.0
2014-05-12 00:00:00+09:00,1690.0,1690.0,1570.0,1630.0,424543,0.0,0.0
2014-05-13 00:00:00+09:00,1630.0,1665.0,1570.0,1630.0,330165,0.0,0.0
2014-05-14 00:00:00+09:00,1630.0,1675.0,1550.0,1575.0,267461,0.0,0.0
2014-05-15 00:00:00+09:00,1575.0,1590.0,1535.0,1575.0,136475,0.0,0.0
2014-05-16 00:00:00+09:00,1555.0,1625.0,1545.0,1580.0,186147,0.0,0.0
2014-05-19 00:00:00+09:00,1560.0,1605.0,1440.0,1455.0,266954,0.0,0.0
2014-05-20 00:00:00+09:00,1455.0,1460.0,1365.0,1400.0,240123,0.0,0.0
2014-05-21 00:00:00+09:00,1380.0,1455.0,1375.0,1405.0,210501,0.0,0.0
2014-05-22 00:00:00+09:00,1405.0,1440.0,1380.0,1430.0,103237,0.0,0.0
2014-05-23 00:00:00+09:00,1430.0,1465.0,1420.0,1460.0,138354,0.0,0.0
2014-05-26 00:00:00+09:00,1460.0,1500.0,1430.0,1480.0,121294,0.0,0.0
2014-05-27 00:00:00+09:00,1595.0,1640.0,1390.0,1395.0,690263,0.0,0.0
2014-05-28 00:00:00+09:00,1400.0,1410.0,1345.0,1360.0,143571,0.0,0.0
2014-05-29 00:00:00+09:00,1370.0,1440.0,1340.0,1440.0,89934,0.0,0.0
2014-05-30 00:00:00+09:00,1400.0,1490.0,1400.0,1480.0,104318,0.0,0.0
2014-06-02 00:00:00+09:00,1470.0,1490.0,1365.0,1375.0,106280,0.0,0.0
2014-06-03 00:00:00+09:00,1340.0,1405.0,1340.0,1380.0,57756,0.0,0.0
2014-06-05 00:00:00+09:00,1365.0,1410.0,1335.0,1355.0,21958,0.0,0.0
2014-06-09 00:00:00+09:00,1350.0,1410.0,1350.0,1400.0,55663,0.0,0.0
2014-06-10 00:00:00+09:00,1415.0,1415.0,1350.0,1370.0,31893,0.0,0.0
2014-06-11 00:00:00+09:00,1370.0,1390.0,1350.0,1380.0,32527,0.0,0.0
2014-06-12 00:00:00+09:00,1370.0,1410.0,1340.0,1390.0,28281,0.0,0.0
2014-06-13 00:00:00+09:00,1390.0,1435.0,1380.0,1400.0,27969,0.0,0.0
2014-06-16 00:00:00+09:00,1405.0,1445.0,1395.0,1420.0,45362,0.0,0.0
2014-06-17 00:00:00+09:00,1400.0,1450.0,1400.0,1440.0,32777,0.0,0.0
2014-06-18 00:00:00+09:00,1420.0,1450.0,1405.0,1420.0,10951,0.0,0.0
2014-06-19 00:00:00+09:00,1420.0,1450.0,1365.0,1380.0,74893,0.0,0.0
2014-06-20 00:00:00+09:00,1365.0,1400.0,1365.0,1375.0,31321,0.0,0.0
2014-06-23 00:00:00+09:00,1400.0,1400.0,1345.0,1375.0,35604,0.0,0.0
2014-06-24 00:00:00+09:00,1350.0,1400.0,1350.0,1375.0,12535,0.0,0.0
2014-06-25 00:00:00+09:00,1375.0,1400.0,1310.0,1330.0,64695,0.0,0.0
2014-06-26 00:00:00+09:00,1335.0,1365.0,1320.0,1340.0,57324,0.0,0.0
2014-06-27 00:00:00+09:00,1350.0,1350.0,1315.0,1320.0,13496,0.0,0.0
2014-06-30 00:00:00+09:00,1320.0,1350.0,1320.0,1345.0,4182,0.0,0.0
2014-07-01 00:00:00+09:00,1330.0,1385.0,1330.0,1355.0,21501,0.0,0.0
2014-07-02 00:00:00+09:00,1350.0,1395.0,1335.0,1345.0,18192,0.0,0.0
2014-07-03 00:00:00+09:00,1345.0,1400.0,1345.0,1390.0,22212,0.0,0.0
2014-07-04 00:00:00+09:00,1370.0,1450.0,1350.0,1395.0,43109,0.0,0.0
2014-07-07 00:00:00+09:00,1370.0,1445.0,1360.0,1405.0,32646,0.0,0.0
2014-07-08 00:00:00+09:00,1380.0,1450.0,1365.0,1395.0,36936,0.0,0.0
2014-07-09 00:00:00+09:00,1395.0,1410.0,1350.0,1385.0,27443,0.0,0.0
2014-07-10 00:00:00+09:00,1365.0,1430.0,1365.0,1385.0,12479,0.0,0.0
2014-07-11 00:00:00+09:00,1385.0,1410.0,1360.0,1390.0,42513,0.0,0.0
2014-07-14 00:00:00+09:00,1390.0,1405.0,1375.0,1400.0,12996,0.0,0.0
2014-07-15 00:00:00+09:00,1385.0,1425.0,1385.0,1415.0,80106,0.0,0.0
2014-07-16 00:00:00+09:00,1415.0,1445.0,1375.0,1400.0,29883,0.0,0.0
2014-07-17 00:00:00+09:00,1400.0,1430.0,1390.0,1430.0,59031,0.0,0.0
2014-07-18 00:00:00+09:00,1425.0,1520.0,1395.0,1475.0,117275,0.0,0.0
2014-07-21 00:00:00+09:00,1490.0,1490.0,1435.0,1450.0,46404,0.0,0.0
2014-07-22 00:00:00+09:00,1440.0,1485.0,1430.0,1455.0,48584,0.0,0.0
2014-07-23 00:00:00+09:00,1455.0,1510.0,1455.0,1510.0,59778,0.0,0.0
2014-07-24 00:00:00+09:00,1515.0,1515.0,1465.0,1480.0,46997,0.0,0.0
2014-07-25 00:00:00+09:00,1460.0,1500.0,1445.0,1480.0,23734,0.0,0.0
2014-07-28 00:00:00+09:00,1480.0,1510.0,1400.0,1420.0,88251,0.0,0.0
2014-07-29 00:00:00+09:00,1405.0,1430.0,1385.0,1415.0,43296,0.0,0.0
2014-07-30 00:00:00+09:00,1405.0,1450.0,1380.0,1420.0,11750,0.0,0.0
2014-07-31 00:00:00+09:00,1420.0,1450.0,1380.0,1435.0,48093,0.0,0.0
2014-08-01 00:00:00+09:00,1415.0,1445.0,1400.0,1415.0,15706,0.0,0.0
2014-08-04 00:00:00+09:00,1420.0,1445.0,1395.0,1445.0,14629,0.0,0.0
2014-08-05 00:00:00+09:00,1435.0,1445.0,1400.0,1405.0,14105,0.0,0.0
2014-08-06 00:00:00+09:00,1405.0,1415.0,1390.0,1400.0,22310,0.0,0.0
2014-08-07 00:00:00+09:00,1385.0,1405.0,1350.0,1385.0,98633,0.0,0.0
2014-08-08 00:00:00+09:00,1360.0,1380.0,1330.0,1350.0,16977,0.0,0.0
2014-08-11 00:00:00+09:00,1380.0,1400.0,1360.0,1360.0,10871,0.0,0.0
2014-08-12 00:00:00+09:00,1395.0,1400.0,1340.0,1390.0,46988,0.0,0.0
2014-08-13 00:00:00+09:00,1380.0,1410.0,1370.0,1395.0,38416,0.0,0.0
2014-08-14 00:00:00+09:00,1385.0,1425.0,1375.0,1405.0,26841,0.0,0.0
2014-08-18 00:00:00+09:00,1430.0,1430.0,1370.0,1380.0,8894,0.0,0.0
2014-08-19 00:00:00+09:00,1390.0,1390.0,1355.0,1390.0,17133,0.0,0.0
2014-08-20 00:00:00+09:00,1370.0,1450.0,1365.0,1400.0,102509,0.0,0.0
2014-08-21 00:00:00+09:00,1395.0,1400.0,1360.0,1390.0,20554,0.0,0.0
2014-08-22 00:00:00+09:00,1380.0,1420.0,1380.0,1390.0,21088,0.0,0.0
2014-08-25 00:00:00+09:00,1400.0,1425.0,1375.0,1405.0,7564,0.0,0.0
2014-08-26 00:00:00+09:00,1405.0,1410.0,1385.0,1405.0,15584,0.0,0.0
2014-08-27 00:00:00+09:00,1405.0,1425.0,1385.0,1410.0,36259,0.0,0.0
2014-08-28 00:00:00+09:00,1400.0,1430.0,1380.0,1385.0,54177,0.0,0.0
2014-08-29 00:00:00+09:00,1385.0,1410.0,1285.0,1315.0,136718,0.0,0.0
2014-09-01 00:00:00+09:00,1315.0,1315.0,1265.0,1275.0,53609,0.0,0.0
2014-09-02 00:00:00+09:00,1260.0,1280.0,1230.0,1255.0,18748,0.0,0.0
2014-09-03 00:00:00+09:00,1070.0,1070.0,1070.0,1070.0,29817,0.0,0.0
2014-09-04 00:00:00+09:00,966.0,993.0,950.0,967.0,502219,0.0,0.0
2014-09-05 00:00:00+09:00,959.0,969.0,946.0,964.0,87539,0.0,0.0
2014-09-11 00:00:00+09:00,963.0,970.0,937.0,949.0,104016,0.0,0.0
2014-09-12 00:00:00+09:00,940.0,949.0,910.0,920.0,51267,0.0,0.0
2014-09-15 00:00:00+09:00,933.0,933.0,897.0,910.0,38178,0.0,0.0
2014-09-16 00:00:00+09:00,925.0,939.0,904.0,925.0,24913,0.0,0.0
2014-09-17 00:00:00+09:00,939.0,939.0,905.0,916.0,28830,0.0,0.0
2014-09-18 00:00:00+09:00,913.0,964.0,913.0,932.0,104074,0.0,0.0
2014-09-19 00:00:00+09:00,932.0,1060.0,923.0,1010.0,356961,0.0,0.0
2014-09-22 00:00:00+09:00,1040.0,1160.0,989.0,1160.0,657565,0.0,0.0
2014-09-23 00:00:00+09:00,1195.0,1250.0,1065.0,1125.0,548883,0.0,0.0
2014-09-24 00:00:00+09:00,1110.0,1230.0,1080.0,1135.0,706449,0.0,0.0
2014-09-25 00:00:00+09:00,1030.0,1110.0,1030.0,1110.0,847361,0.0,0.0
2014-09-26 00:00:00+09:00,1175.0,1200.0,1030.0,1030.0,708287,0.0,0.0
2014-09-29 00:00:00+09:00,1045.0,1170.0,1045.0,1140.0,625087,0.0,0.0
2014-09-30 00:00:00+09:00,1130.0,1180.0,1055.0,1095.0,167088,0.0,0.0
2014-10-01 00:00:00+09:00,1095.0,1115.0,1025.0,1035.0,160650,0.0,0.0
2014-10-02 00:00:00+09:00,1060.0,1115.0,1040.0,1090.0,137534,0.0,0.0
2014-10-06 00:00:00+09:00,1105.0,1105.0,990.0,1030.0,140614,0.0,0.0
2014-10-07 00:00:00+09:00,1025.0,1050.0,990.0,1015.0,129605,0.0,0.0
2014-10-08 00:00:00+09:00,1040.0,1070.0,996.0,1010.0,113357,0.0,0.0
2014-10-10 00:00:00+09:00,1030.0,1030.0,923.0,965.0,147780,0.0,0.0
2014-10-13 00:00:00+09:00,969.0,975.0,868.0,870.0,73765,0.0,0.0
2014-10-14 00:00:00+09:00,875.0,930.0,873.0,888.0,55583,0.0,0.0
2014-10-15 00:00:00+09:00,905.0,915.0,884.0,910.0,25235,0.0,0.0
2014-10-16 00:00:00+09:00,915.0,919.0,870.0,912.0,42383,0.0,0.0
2014-10-17 00:00:00+09:00,917.0,917.0,883.0,901.0,57810,0.0,0.0
2014-10-20 00:00:00+09:00,895.0,913.0,867.0,888.0,74878,0.0,0.0
2014-10-21 00:00:00+09:00,890.0,895.0,858.0,868.0,42607,0.0,0.0
2014-10-22 00:00:00+09:00,910.0,910.0,852.0,852.0,32489,0.0,0.0
2014-10-23 00:00:00+09:00,856.0,897.0,852.0,878.0,30081,0.0,0.0
2014-10-24 00:00:00+09:00,875.0,897.0,861.0,861.0,27128,0.0,0.0
2014-10-27 00:00:00+09:00,865.0,990.0,860.0,990.0,352818,0.0,0.0
2014-10-28 00:00:00+09:00,1020.0,1135.0,906.0,1135.0,1012491,0.0,0.0
2014-10-29 00:00:00+09:00,1185.0,1290.0,1075.0,1100.0,1323179,0.0,0.0
2014-10-30 00:00:00+09:00,1130.0,1220.0,1085.0,1110.0,692218,0.0,0.0
2014-10-31 00:00:00+09:00,1130.0,1275.0,1080.0,1125.0,1997436,0.0,0.0
2014-11-03 00:00:00+09:00,1230.0,1290.0,1200.0,1290.0,1235394,0.0,0.0
2014-11-04 00:00:00+09:00,1320.0,1460.0,1260.0,1380.0,1954994,0.0,0.0
2014-11-05 00:00:00+09:00,1475.0,1490.0,1360.0,1370.0,1170684,0.0,0.0
2014-11-06 00:00:00+09:00,1410.0,1410.0,1260.0,1285.0,706122,0.0,0.0
2014-11-07 00:00:00+09:00,1300.0,1405.0,1230.0,1270.0,875140,0.0,0.0
2014-11-10 00:00:00+09:00,1290.0,1305.0,1210.0,1265.0,357286,0.0,0.0
2014-11-11 00:00:00+09:00,1255.0,1410.0,1205.0,1310.0,581539,0.0,0.0
2014-11-12 00:00:00+09:00,1310.0,1430.0,1305.0,1340.0,644984,0.0,0.0
2014-11-13 00:00:00+09:00,1340.0,1365.0,1245.0,1275.0,472065,0.0,0.0
2014-11-14 00:00:00+09:00,1290.0,1345.0,1230.0,1260.0,253563,0.0,0.0
2014-11-17 00:00:00+09:00,1145.0,1235.0,1135.0,1170.0,917157,0.0,0.0
2014-11-18 00:00:00+09:00,1170.0,1200.0,1150.0,1170.0,281212,0.0,0.0
2014-11-19 00:00:00+09:00,1120.0,1200.0,1105.0,1170.0,536388,0.0,0.0
2014-11-20 00:00:00+09:00,1145.0,1235.0,1145.0,1205.0,422570,0.0,0.0
2014-11-21 00:00:00+09:00,1205.0,1225.0,1140.0,1185.0,407102,0.0,0.0
2014-11-24 00:00:00+09:00,1185.0,1210.0,1160.0,1185.0,235630,0.0,0.0
2014-11-25 00:00:00+09:00,1170.0,1360.0,1165.0,1360.0,1154713,0.0,0.0
2014-11-26 00:00:00+09:00,1365.0,1445.0,1330.0,1395.0,1398080,0.0,0.0
2014-11-27 00:00:00+09:00,1365.0,1405.0,1310.0,1390.0,578422,0.0,0.0
2014-11-28 00:00:00+09:00,1390.0,1415.0,1185.0,1185.0,515449,0.0,0.0
2014-12-01 00:00:00+09:00,1190.0,1300.0,1190.0,1250.0,670463,0.0,0.0
2014-12-02 00:00:00+09:00,1295.0,1305.0,1210.0,1225.0,210953,0.0,0.0
2014-12-03 00:00:00+09:00,1230.0,1285.0,1205.0,1275.0,231349,0.0,0.0
2014-12-04 00:00:00+09:00,1300.0,1310.0,1240.0,1250.0,155478,0.0,0.0
2014-12-05 00:00:00+09:00,1275.0,1280.0,1210.0,1255.0,141482,0.0,0.0
2014-12-08 00:00:00+09:00,1240.0,1270.0,1180.0,1210.0,237554,0.0,0.0
2014-12-09 00:00:00+09:00,1205.0,1220.0,1155.0,1160.0,157477,0.0,0.0
2014-12-10 00:00:00+09:00,1190.0,1200.0,1145.0,1180.0,98695,0.0,0.0
2014-12-11 00:00:00+09:00,1200.0,1235.0,1165.0,1225.0,131806,0.0,0.0
2014-12-12 00:00:00+09:00,1230.0,1260.0,1185.0,1220.0,138282,0.0,0.0
2014-12-15 00:00:00+09:00,1220.0,1270.0,1200.0,1225.0,103185,0.0,0.0
2014-12-16 00:00:00+09:00,1240.0,1260.0,1160.0,1215.0,139707,0.0,0.0
2014-12-17 00:00:00+09:00,1220.0,1395.0,1175.0,1285.0,1441090,0.0,0.0
2014-12-18 00:00:00+09:00,1235.0,1270.0,1095.0,1125.0,2080758,0.0,0.0
2014-12-19 00:00:00+09:00,1130.0,1130.0,1015.0,1075.0,499040,0.0,0.0
2014-12-22 00:00:00+09:00,1060.0,1075.0,980.0,996.0,523659,0.0,0.0
2014-12-23 00:00:00+09:00,987.0,1020.0,980.0,984.0,149263,0.0,0.0
2014-12-24 00:00:00+09:00,998.0,1005.0,976.0,984.0,63346,0.0,0.0
2014-12-26 00:00:00+09:00,978.0,1025.0,961.0,987.0,146333,0.0,0.0
2014-12-29 00:00:00+09:00,1020.0,1125.0,989.0,1080.0,625853,0.0,0.0
2014-12-30 00:00:00+09:00,1050.0,1080.0,1000.0,1055.0,275314,0.0,0.0
2015-01-02 00:00:00+09:00,1045.0,1065.0,1010.0,1035.0,64592,0.0,0.0
2015-01-05 00:00:00+09:00,1050.0,1055.0,1015.0,1055.0,64554,0.0,0.0
2015-01-06 00:00:00+09:00,1055.0,1125.0,1010.0,1045.0,127916,0.0,0.0
2015-01-07 00:00:00+09:00,1055.0,1155.0,1030.0,1090.0,404513,0.0,0.0
2015-01-08 00:00:00+09:00,1120.0,1150.0,1080.0,1100.0,131800,0.0,0.0
2015-01-09 00:00:00+09:00,1095.0,1165.0,1085.0,1165.0,263385,0.0,0.0
2015-01-12 00:00:00+09:00,1195.0,1230.0,1125.0,1165.0,247579,0.0,0.0
2015-01-13 00:00:00+09:00,1165.0,1175.0,1110.0,1145.0,148331,0.0,0.0
2015-01-14 00:00:00+09:00,1160.0,1160.0,1095.0,1140.0,188255,0.0,0.0
2015-01-15 00:00:00+09:00,1145.0,1195.0,1125.0,1190.0,379279,0.0,0.0
2015-01-16 00:00:00+09:00,1190.0,1320.0,1190.0,1240.0,778571,0.0,0.0
2015-01-19 00:00:00+09:00,1320.0,1425.0,1300.0,1425.0,1873141,0.0,0.0
2015-01-20 00:00:00+09:00,1575.0,1635.0,1505.0,1635.0,895097,0.0,0.0
2015-01-21 00:00:00+09:00,1780.0,1880.0,1645.0,1880.0,4217071,0.0,0.0
2015-01-22 00:00:00+09:00,1940.0,2015.0,1755.0,1920.0,3707858,0.0,0.0
2015-01-23 00:00:00+09:00,1890.0,1965.0,1790.0,1920.0,1446676,0.0,0.0
2015-01-26 00:00:00+09:00,1860.0,1985.0,1750.0,1985.0,1699407,0.0,0.0
2015-01-27 00:00:00+09:00,1970.0,1985.0,1870.0,1970.0,1128315,0.0,0.0
2015-01-28 00:00:00+09:00,1970.0,2265.0,1920.0,2265.0,887042,0.0,0.0
2015-01-29 00:00:00+09:00,2350.0,2600.0,1980.0,2065.0,2919745,0.0,0.0
2015-01-30 00:00:00+09:00,2040.0,2170.0,1890.0,1995.0,1331023,0.0,0.0
2015-02-02 00:00:00+09:00,1955.0,2290.0,1940.0,2290.0,1645673,0.0,0.0
2015-02-03 00:00:00+09:00,2480.0,2630.0,2320.0,2630.0,2290976,0.0,0.0
2015-02-05 00:00:00+09:00,2785.0,3010.0,2700.0,2855.0,437901,0.0,0.0
2015-02-06 00:00:00+09:00,2800.0,2985.0,2755.0,2790.0,318447,0.0,0.0
2015-02-09 00:00:00+09:00,2455.0,2455.0,2375.0,2375.0,908519,0.0,0.0
2015-02-10 00:00:00+09:00,2310.0,2730.0,2295.0,2730.0,1716389,0.0,0.0
2015-02-11 00:00:00+09:00,2750.0,2900.0,2610.0,2800.0,1094427,0.0,0.0
2015-02-12 00:00:00+09:00,2835.0,2840.0,2400.0,2400.0,677552,0.0,0.0
2015-02-13 00:00:00+09:00,2430.0,2570.0,2200.0,2395.0,1556666,0.0,0.0
2015-02-16 00:00:00+09:00,2365.0,2395.0,2265.0,2300.0,579452,0.0,0.0
2015-02-17 00:00:00+09:00,2275.0,2625.0,2100.0,2565.0,1463496,0.0,0.0
2015-02-23 00:00:00+09:00,2525.0,2555.0,2390.0,2395.0,455201,0.0,0.0
2015-02-24 00:00:00+09:00,2400.0,2480.0,2380.0,2380.0,307026,0.0,0.0
2015-02-25 00:00:00+09:00,2325.0,2495.0,2255.0,2350.0,334689,0.0,0.0
2015-02-26 00:00:00+09:00,2350.0,2380.0,2270.0,2275.0,287066,0.0,0.0
2015-02-27 00:00:00+09:00,2315.0,2400.0,2250.0,2305.0,243261,0.0,0.0
2015-03-02 00:00:00+09:00,2290.0,2400.0,2275.0,2355.0,261841,0.0,0.0
2015-03-03 00:00:00+09:00,2355.0,2355.0,2285.0,2300.0,128502,0.0,0.0
2015-03-04 00:00:00+09:00,2300.0,2440.0,2265.0,2345.0,259149,0.0,0.0
2015-03-05 00:00:00+09:00,2320.0,2695.0,2320.0,2600.0,1311161,0.0,0.0
2015-03-06 00:00:00+09:00,2670.0,2940.0,2535.0,2695.0,1019009,0.0,0.0
2015-03-09 00:00:00+09:00,2720.0,2940.0,2705.0,2895.0,546135,0.0,0.0
2015-03-10 00:00:00+09:00,2805.0,2880.0,2550.0,2785.0,418963,0.0,0.0
2015-03-11 00:00:00+09:00,2785.0,3200.0,2725.0,3200.0,914347,0.0,0.0
2015-03-12 00:00:00+09:00,3405.0,3670.0,3220.0,3500.0,1456185,0.0,0.0
2015-03-13 00:00:00+09:00,3500.0,3740.0,3380.0,3660.0,638460,0.0,0.0
2015-03-16 00:00:00+09:00,3585.0,3650.0,3400.0,3575.0,335267,0.0,0.0
2015-03-17 00:00:00+09:00,3650.0,3885.0,3480.0,3575.0,342308,0.0,0.0
2015-03-18 00:00:00+09:00,3575.0,3670.0,3400.0,3540.0,322587,0.0,0.0
2015-03-19 00:00:00+09:00,3640.0,3640.0,3325.0,3560.0,456384,0.0,0.0
2015-03-20 00:00:00+09:00,3500.0,3600.0,3430.0,3555.0,116015,0.0,0.0
2015-03-23 00:00:00+09:00,3465.0,4085.0,3465.0,4085.0,1005764,0.0,0.0
2015-03-24 00:00:00+09:00,4205.0,4330.0,3990.0,4120.0,546194,0.0,0.0
2015-03-25 00:00:00+09:00,4070.0,4380.0,4040.0,4105.0,355301,0.0,0.0
2015-03-26 00:00:00+09:00,4100.0,4195.0,3920.0,3920.0,235012,0.0,0.0
2015-03-27 00:00:00+09:00,3980.0,4000.0,3655.0,3800.0,322948,0.0,0.0
2015-03-30 00:00:00+09:00,3800.0,3890.0,3470.0,3580.0,526717,0.0,0.0
2015-03-31 00:00:00+09:00,3700.0,3755.0,3580.0,3665.0,261430,0.0,0.0
2015-04-01 00:00:00+09:00,3600.0,3655.0,3465.0,3510.0,264393,0.0,0.0
2015-04-02 00:00:00+09:00,3610.0,3610.0,3270.0,3405.0,733680,0.0,0.0
2015-04-03 00:00:00+09:00,3425.0,3545.0,3410.0,3420.0,285377,0.0,0.0
2015-04-06 00:00:00+09:00,3405.0,3645.0,3350.0,3430.0,285795,0.0,0.0
2015-04-07 00:00:00+09:00,3530.0,3530.0,3380.0,3500.0,157554,0.0,0.0
2015-04-08 00:00:00+09:00,3420.0,3575.0,3420.0,3500.0,149508,0.0,0.0
2015-04-09 00:00:00+09:00,3460.0,3555.0,3460.0,3500.0,150929,0.0,0.0
2015-04-10 00:00:00+09:00,3505.0,3590.0,3470.0,3500.0,189594,0.0,0.0
2015-04-13 00:00:00+09:00,3500.0,3550.0,3350.0,3395.0,477736,0.0,0.0
2015-04-14 00:00:00+09:00,3370.0,3420.0,3160.0,3310.0,470039,0.0,0.0
2015-04-15 00:00:00+09:00,3260.0,3500.0,3200.0,3480.0,202300,0.0,0.0
2015-04-16 00:00:00+09:00,3525.0,3525.0,3385.0,3420.0,128398,0.0,0.0
2015-04-17 00:00:00+09:00,3410.0,3520.0,3410.0,3445.0,175272,0.0,0.0
2015-04-20 00:00:00+09:00,3420.0,3470.0,3300.0,3360.0,196496,0.0,0.0
2015-04-21 00:00:00+09:00,3430.0,3610.0,3375.0,3445.0,240343,0.0,0.0
2015-04-22 00:00:00+09:00,3535.0,3540.0,3190.0,3380.0,225370,0.0,0.0
2015-04-23 00:00:00+09:00,3440.0,3450.0,3275.0,3280.0,115002,0.0,0.0
2015-04-24 00:00:00+09:00,3360.0,3555.0,3275.0,3445.0,195101,0.0,0.0
2015-04-27 00:00:00+09:00,3510.0,3510.0,3360.0,3410.0,106534,0.0,0.0
2015-04-28 00:00:00+09:00,3395.0,3440.0,3335.0,3400.0,126698,0.0,0.0
2015-04-29 00:00:00+09:00,3450.0,3875.0,3410.0,3730.0,904138,0.0,0.0
2015-04-30 00:00:00+09:00,3865.0,4285.0,3855.0,3900.0,1303584,0.0,0.0
2015-05-04 00:00:00+09:00,3795.0,4385.0,3400.0,3900.0,876060,0.0,0.0
2015-05-06 00:00:00+09:00,3895.0,4185.0,3800.0,4080.0,566812,0.0,0.0
2015-05-07 00:00:00+09:00,4075.0,4495.0,3990.0,4445.0,578515,0.0,0.0
2015-05-08 00:00:00+09:00,4345.0,4645.0,4330.0,4580.0,335138,0.0,0.0
2015-05-11 00:00:00+09:00,4805.0,4820.0,4425.0,4430.0,263356,0.0,0.0
2015-05-12 00:00:00+09:00,4430.0,4500.0,3990.0,4040.0,608248,0.0,0.0
2015-05-13 00:00:00+09:00,4000.0,4185.0,3910.0,4005.0,370942,0.0,0.0
2015-05-14 00:00:00+09:00,4095.0,4100.0,3700.0,3885.0,376757,0.0,0.0
2015-05-15 00:00:00+09:00,3885.0,3900.0,3580.0,3700.0,654950,0.0,0.0
2015-05-18 00:00:00+09:00,3700.0,3700.0,3495.0,3595.0,399243,0.0,0.0
2015-05-19 00:00:00+09:00,3525.0,3675.0,3485.0,3550.0,183512,0.0,0.0
2015-05-20 00:00:00+09:00,3550.0,3670.0,3405.0,3580.0,277448,0.0,0.0
2015-05-21 00:00:00+09:00,3610.0,3640.0,3495.0,3615.0,114984,0.0,0.0
2015-05-22 00:00:00+09:00,3630.0,3945.0,3580.0,3750.0,473228,0.0,0.0
2015-05-26 00:00:00+09:00,3860.0,3860.0,3455.0,3485.0,361992,0.0,0.0
2015-05-27 00:00:00+09:00,3435.0,3490.0,3200.0,3230.0,505453,0.0,0.0
2015-05-28 00:00:00+09:00,3190.0,3280.0,3110.0,3230.0,162859,0.0,0.0
2015-05-29 00:00:00+09:00,3150.0,3340.0,3090.0,3220.0,226999,0.0,0.0
2015-06-01 00:00:00+09:00,3180.0,3235.0,3020.0,3075.0,155690,0.0,0.0
2015-06-02 00:00:00+09:00,3095.0,3100.0,2940.0,3005.0,261524,0.0,0.0
2015-06-03 00:00:00+09:00,3085.0,3140.0,2900.0,2940.0,259869,0.0,0.0
2015-06-04 00:00:00+09:00,2920.0,3065.0,2880.0,2990.0,226737,0.0,0.0
2015-06-05 00:00:00+09:00,2990.0,3070.0,2895.0,3045.0,123265,0.0,0.0
2015-06-08 00:00:00+09:00,3045.0,3115.0,2900.0,3100.0,83834,0.0,0.0
2015-06-09 00:00:00+09:00,3090.0,3100.0,2970.0,3000.0,161310,0.0,0.0
2015-06-10 00:00:00+09:00,3015.0,3380.0,2960.0,3130.0,337160,0.0,0.0
2015-06-11 00:00:00+09:00,3220.0,3220.0,3005.0,3050.0,105563,0.0,0.0
2015-06-12 00:00:00+09:00,3060.0,3130.0,3000.0,3000.0,143294,0.0,0.0
2015-06-15 00:00:00+09:00,2980.0,2980.0,2845.0,2860.0,200238,0.0,0.0
2015-06-16 00:00:00+09:00,2905.0,2915.0,2785.0,2870.0,51091,0.0,0.0
2015-06-17 00:00:00+09:00,2890.0,3110.0,2700.0,2865.0,66075,0.0,0.0
2015-06-18 00:00:00+09:00,2770.0,2945.0,2770.0,2835.0,75005,0.0,0.0
2015-06-19 00:00:00+09:00,2890.0,2940.0,2770.0,2795.0,147135,0.0,0.0
2015-06-22 00:00:00+09:00,2795.0,2990.0,2750.0,2890.0,100497,0.0,0.0
2015-06-23 00:00:00+09:00,2845.0,3000.0,2795.0,2830.0,168353,0.0,0.0
2015-06-24 00:00:00+09:00,2890.0,2890.0,2790.0,2820.0,94020,0.0,0.0
2015-06-25 00:00:00+09:00,2880.0,2945.0,2795.0,2800.0,152791,0.0,0.0
2015-06-26 00:00:00+09:00,2805.0,2805.0,2590.0,2645.0,453724,0.0,0.0
2015-06-29 00:00:00+09:00,2645.0,2950.0,2555.0,2700.0,239817,0.0,0.0
2015-06-30 00:00:00+09:00,2610.0,2700.0,2505.0,2635.0,103322,0.0,0.0
2015-07-01 00:00:00+09:00,2640.0,2700.0,2570.0,2625.0,110611,0.0,0.0
2015-07-02 00:00:00+09:00,2685.0,2685.0,2600.0,2620.0,63743,0.0,0.0
2015-07-03 00:00:00+09:00,2600.0,2650.0,2520.0,2645.0,94134,0.0,0.0
2015-07-06 00:00:00+09:00,2660.0,2660.0,2515.0,2515.0,94445,0.0,0.0
2015-07-07 00:00:00+09:00,2505.0,2655.0,2415.0,2415.0,151109,0.0,0.0
2015-07-08 00:00:00+09:00,2410.0,2480.0,2340.0,2340.0,170829,0.0,0.0
2015-07-09 00:00:00+09:00,2305.0,2325.0,2100.0,2325.0,278839,0.0,0.0
2015-07-10 00:00:00+09:00,2400.0,3020.0,2350.0,3020.0,429317,0.0,0.0
2015-07-13 00:00:00+09:00,3320.0,3340.0,2800.0,2810.0,1410208,0.0,0.0
2015-07-14 00:00:00+09:00,2840.0,2980.0,2805.0,2840.0,286200,0.0,0.0
2015-07-15 00:00:00+09:00,2770.0,2930.0,2740.0,2890.0,234766,0.0,0.0
2015-07-16 00:00:00+09:00,2970.0,2970.0,2805.0,2820.0,165317,0.0,0.0
2015-07-17 00:00:00+09:00,2885.0,2885.0,2700.0,2700.0,157878,0.0,0.0
2015-07-20 00:00:00+09:00,2825.0,2825.0,2725.0,2785.0,117094,0.0,0.0
2015-07-21 00:00:00+09:00,2785.0,2785.0,2655.0,2655.0,135786,0.0,0.0
2015-07-22 00:00:00+09:00,2640.0,3065.0,2600.0,2865.0,613022,0.0,0.0
2015-07-23 00:00:00+09:00,2940.0,3110.0,2735.0,2810.0,440684,0.0,0.0
2015-07-24 00:00:00+09:00,2735.0,2845.0,2690.0,2730.0,96976,0.0,0.0
2015-07-27 00:00:00+09:00,2710.0,2760.0,2605.0,2695.0,100568,0.0,0.0
2015-07-28 00:00:00+09:00,2540.0,2840.0,2540.0,2695.0,113454,0.0,0.0
2015-07-29 00:00:00+09:00,2695.0,2840.0,2660.0,2800.0,152268,0.0,0.0
2015-07-30 00:00:00+09:00,2860.0,2860.0,2590.0,2600.0,179373,0.0,0.0
2015-07-31 00:00:00+09:00,2710.0,2710.0,2500.0,2605.0,133832,0.0,0.0
2015-08-03 00:00:00+09:00,2670.0,2670.0,2505.0,2565.0,57615,0.0,0.0
2015-08-04 00:00:00+09:00,2605.0,2660.0,2540.0,2555.0,76224,0.0,0.0
2015-08-05 00:00:00+09:00,2555.0,2635.0,2520.0,2610.0,52175,0.0,0.0
2015-08-06 00:00:00+09:00,2625.0,2625.0,2525.0,2550.0,64863,0.0,0.0
2015-08-07 00:00:00+09:00,2500.0,2660.0,2500.0,2575.0,83138,0.0,0.0
2015-08-10 00:00:00+09:00,2575.0,2660.0,2575.0,2610.0,78508,0.0,0.0
2015-08-11 00:00:00+09:00,2670.0,2670.0,2520.0,2540.0,71616,0.0,0.0
2015-08-12 00:00:00+09:00,2540.0,2630.0,2425.0,2460.0,100698,0.0,0.0
2015-08-13 00:00:00+09:00,2535.0,2645.0,2430.0,2470.0,134738,0.0,0.0
2015-08-17 00:00:00+09:00,2465.0,2525.0,2430.0,2475.0,84816,0.0,0.0
2015-08-18 00:00:00+09:00,2570.0,2570.0,2345.0,2380.0,71255,0.0,0.0
2015-08-19 00:00:00+09:00,2335.0,2450.0,2150.0,2240.0,185418,0.0,0.0
2015-08-20 00:00:00+09:00,2165.0,2345.0,2160.0,2220.0,58457,0.0,0.0
2015-08-21 00:00:00+09:00,2000.0,2130.0,1990.0,2000.0,204541,0.0,0.0
2015-08-24 00:00:00+09:00,2000.0,2115.0,1940.0,1970.0,74338,0.0,0.0
2015-08-25 00:00:00+09:00,2020.0,2065.0,1945.0,2005.0,71891,0.0,0.0
2015-08-26 00:00:00+09:00,2010.0,2090.0,1900.0,2035.0,77087,0.0,0.0
2015-08-27 00:00:00+09:00,2090.0,2630.0,2050.0,2390.0,918349,0.0,0.0
2015-08-28 00:00:00+09:00,2430.0,2455.0,2305.0,2410.0,139208,0.0,0.0
2015-08-31 00:00:00+09:00,2400.0,2875.0,2355.0,2485.0,589607,0.0,0.0
2015-09-01 00:00:00+09:00,2470.0,2535.0,2420.0,2515.0,98087,0.0,0.0
2015-09-02 00:00:00+09:00,2425.0,2600.0,2425.0,2520.0,97027,0.0,0.0
2015-09-03 00:00:00+09:00,2580.0,2735.0,2515.0,2600.0,89218,0.0,0.0
2015-09-04 00:00:00+09:00,2770.0,2770.0,2520.0,2530.0,198859,0.0,0.0
2015-09-07 00:00:00+09:00,2640.0,2825.0,2500.0,2620.0,242494,0.0,0.0
2015-09-08 00:00:00+09:00,2670.0,2720.0,2535.0,2540.0,126960,0.0,0.0
2015-09-09 00:00:00+09:00,2570.0,2710.0,2570.0,2710.0,114867,0.0,0.0
2015-09-10 00:00:00+09:00,2640.0,2705.0,2620.0,2680.0,94360,0.0,0.0
2015-09-11 00:00:00+09:00,2635.0,2685.0,2580.0,2670.0,74852,0.0,0.0
2015-09-14 00:00:00+09:00,2710.0,2740.0,2600.0,2610.0,104354,0.0,0.0
2015-09-15 00:00:00+09:00,2680.0,2690.0,2530.0,2610.0,52812,0.0,0.0
2015-09-16 00:00:00+09:00,2695.0,2700.0,2585.0,2635.0,75149,0.0,0.0
2015-09-17 00:00:00+09:00,2600.0,2670.0,2520.0,2520.0,121167,0.0,0.0
2015-09-18 00:00:00+09:00,2520.0,2645.0,2520.0,2615.0,67624,0.0,0.0
2015-09-21 00:00:00+09:00,2550.0,2875.0,2550.0,2700.0,300785,0.0,0.0
2015-09-22 00:00:00+09:00,2795.0,2845.0,2635.0,2820.0,247771,0.0,0.0
2015-09-23 00:00:00+09:00,2860.0,2860.0,2690.0,2700.0,92979,0.0,0.0
2015-09-24 00:00:00+09:00,2750.0,2850.0,2690.0,2820.0,108300,0.0,0.0
2015-09-25 00:00:00+09:00,2785.0,2870.0,2700.0,2870.0,106121,0.0,0.0
2015-09-30 00:00:00+09:00,2990.0,2990.0,2795.0,2895.0,117597,0.0,0.0
2015-10-01 00:00:00+09:00,2895.0,2900.0,2745.0,2775.0,135527,0.0,0.0
2015-10-02 00:00:00+09:00,2775.0,2955.0,2770.0,2920.0,195948,0.0,0.0
2015-10-05 00:00:00+09:00,2945.0,3035.0,2850.0,2995.0,175649,0.0,0.0
2015-10-06 00:00:00+09:00,3000.0,3040.0,2940.0,3010.0,76821,0.0,0.0
2015-10-07 00:00:00+09:00,2985.0,3260.0,2970.0,3100.0,208434,0.0,0.0
2015-10-08 00:00:00+09:00,3135.0,3135.0,3045.0,3090.0,44074,0.0,0.0
2015-10-12 00:00:00+09:00,3090.0,3090.0,2925.0,2930.0,72541,0.0,0.0
2015-10-13 00:00:00+09:00,2905.0,2975.0,2875.0,2925.0,53852,0.0,0.0
2015-10-14 00:00:00+09:00,3015.0,3020.0,2770.0,2900.0,80523,0.0,0.0
2015-10-15 00:00:00+09:00,2855.0,2910.0,2810.0,2875.0,69140,0.0,0.0
2015-10-16 00:00:00+09:00,2830.0,2925.0,2790.0,2880.0,66253,0.0,0.0
2015-10-19 00:00:00+09:00,2850.0,3095.0,2800.0,2905.0,149207,0.0,0.0
2015-10-20 00:00:00+09:00,2910.0,2995.0,2855.0,2920.0,64861,0.0,0.0
2015-10-21 00:00:00+09:00,2990.0,2995.0,2800.0,2800.0,56036,0.0,0.0
2015-10-22 00:00:00+09:00,2895.0,2910.0,2790.0,2805.0,73728,0.0,0.0
2015-10-23 00:00:00+09:00,2895.0,2950.0,2745.0,2910.0,69921,0.0,0.0
2015-10-26 00:00:00+09:00,2950.0,2950.0,2805.0,2850.0,40038,0.0,0.0
2015-10-27 00:00:00+09:00,2870.0,2895.0,2785.0,2800.0,58623,0.0,0.0
2015-10-28 00:00:00+09:00,2785.0,2890.0,2770.0,2825.0,38528,0.0,0.0
2015-10-29 00:00:00+09:00,2845.0,2860.0,2780.0,2860.0,80904,0.0,0.0
2015-10-30 00:00:00+09:00,2890.0,2890.0,2780.0,2855.0,49028,0.0,0.0
2015-11-02 00:00:00+09:00,2855.0,2855.0,2725.0,2815.0,30082,0.0,0.0
2015-11-03 00:00:00+09:00,2775.0,2830.0,2730.0,2765.0,60832,0.0,0.0
2015-11-04 00:00:00+09:00,2810.0,2810.0,2700.0,2740.0,37598,0.0,0.0
2015-11-05 00:00:00+09:00,2800.0,2950.0,2680.0,2925.0,83663,0.0,0.0
2015-11-06 00:00:00+09:00,2825.0,2950.0,2700.0,2835.0,93458,0.0,0.0
2015-11-09 00:00:00+09:00,2755.0,2875.0,2650.0,2670.0,69052,0.0,0.0
2015-11-10 00:00:00+09:00,2690.0,2740.0,2495.0,2505.0,81162,0.0,0.0
2015-11-11 00:00:00+09:00,2630.0,2630.0,2515.0,2560.0,19032,0.0,0.0
2015-11-12 00:00:00+09:00,2530.0,2800.0,2520.0,2750.0,38954,0.0,0.0
2015-11-13 00:00:00+09:00,2840.0,2850.0,2420.0,2555.0,394152,0.0,0.0
2015-11-16 00:00:00+09:00,2450.0,2680.0,2450.0,2565.0,86751,0.0,0.0
2015-11-17 00:00:00+09:00,2565.0,2740.0,2565.0,2580.0,42666,0.0,0.0
2015-11-18 00:00:00+09:00,2555.0,2680.0,2555.0,2680.0,73194,0.0,0.0
2015-11-19 00:00:00+09:00,2780.0,2780.0,2555.0,2580.0,136056,0.0,0.0
2015-11-20 00:00:00+09:00,2635.0,2675.0,2535.0,2650.0,35981,0.0,0.0
2015-11-23 00:00:00+09:00,2715.0,2715.0,2555.0,2620.0,51148,0.0,0.0
2015-11-24 00:00:00+09:00,2575.0,2620.0,2525.0,2550.0,56636,0.0,0.0
2015-11-25 00:00:00+09:00,2520.0,2595.0,2520.0,2530.0,42006,0.0,0.0
2015-11-26 00:00:00+09:00,2550.0,2600.0,2500.0,2530.0,24684,0.0,0.0
2015-11-27 00:00:00+09:00,2590.0,2740.0,2520.0,2675.0,168090,0.0,0.0
2015-11-30 00:00:00+09:00,2735.0,3475.0,2680.0,2945.0,3156163,0.0,0.0
2015-12-01 00:00:00+09:00,2920.0,3360.0,2835.0,3155.0,889524,0.0,0.0
2015-12-02 00:00:00+09:00,3210.0,3235.0,3030.0,3235.0,251671,0.0,0.0
2015-12-03 00:00:00+09:00,3290.0,3420.0,3130.0,3235.0,235224,0.0,0.0
2015-12-04 00:00:00+09:00,3160.0,3200.0,3015.0,3030.0,200537,0.0,0.0
2015-12-07 00:00:00+09:00,3035.0,3110.0,3000.0,3100.0,102950,0.0,0.0
2015-12-08 00:00:00+09:00,3150.0,3150.0,2955.0,3010.0,131016,0.0,0.0
2015-12-09 00:00:00+09:00,2960.0,3165.0,2900.0,3035.0,178266,0.0,0.0
2015-12-10 00:00:00+09:00,3090.0,3090.0,2960.0,2970.0,86783,0.0,0.0
2015-12-11 00:00:00+09:00,3050.0,3180.0,2955.0,3005.0,87756,0.0,0.0
2015-12-14 00:00:00+09:00,3055.0,3460.0,3010.0,3230.0,475202,0.0,0.0
2015-12-15 00:00:00+09:00,3250.0,3450.0,3105.0,3110.0,314591,0.0,0.0
2015-12-16 00:00:00+09:00,3065.0,3090.0,2945.0,2985.0,256733,0.0,0.0
2015-12-17 00:00:00+09:00,3050.0,3050.0,2930.0,3000.0,86337,0.0,0.0
2015-12-18 00:00:00+09:00,3030.0,3310.0,3000.0,3185.0,269739,0.0,0.0
2015-12-21 00:00:00+09:00,3155.0,3270.0,3050.0,3125.0,188336,0.0,0.0
2015-12-22 00:00:00+09:00,3100.0,3420.0,3070.0,3215.0,567333,0.0,0.0
2015-12-23 00:00:00+09:00,3240.0,3855.0,3210.0,3630.0,2270847,0.0,0.0
2015-12-24 00:00:00+09:00,3640.0,3660.0,3450.0,3530.0,503471,0.0,0.0
2015-12-28 00:00:00+09:00,3425.0,3490.0,3255.0,3335.0,418882,0.0,0.0
2015-12-29 00:00:00+09:00,3280.0,3500.0,3260.0,3500.0,208162,0.0,0.0
2015-12-30 00:00:00+09:00,3500.0,3595.0,3430.0,3520.0,129275,0.0,0.0
2016-01-04 00:00:00+09:00,3510.0,3720.0,3460.0,3460.0,421254,0.0,0.0
2016-01-05 00:00:00+09:00,3350.0,3565.0,3335.0,3515.0,162063,0.0,0.0
2016-01-06 00:00:00+09:00,3550.0,3695.0,3260.0,3480.0,281996,0.0,0.0
2016-01-07 00:00:00+09:00,3510.0,3560.0,3310.0,3350.0,126762,0.0,0.0
2016-01-08 00:00:00+09:00,3300.0,3350.0,3090.0,3300.0,163769,0.0,0.0
2016-01-11 00:00:00+09:00,3160.0,3300.0,3160.0,3205.0,83385,0.0,0.0
2016-01-12 00:00:00+09:00,3205.0,3290.0,2970.0,3040.0,363779,0.0,0.0
2016-01-13 00:00:00+09:00,3090.0,3145.0,3020.0,3115.0,103137,0.0,0.0
2016-01-14 00:00:00+09:00,3040.0,3130.0,3000.0,3110.0,54487,0.0,0.0
2016-01-15 00:00:00+09:00,3125.0,3200.0,3050.0,3050.0,54966,0.0,0.0
2016-01-18 00:00:00+09:00,3195.0,3195.0,3020.0,3110.0,67802,0.0,0.0
2016-01-19 00:00:00+09:00,3115.0,3180.0,3030.0,3085.0,70988,0.0,0.0
2016-01-20 00:00:00+09:00,3085.0,3170.0,3025.0,3050.0,106006,0.0,0.0
2016-01-21 00:00:00+09:00,3125.0,3125.0,2990.0,2995.0,56975,0.0,0.0
2016-01-22 00:00:00+09:00,2960.0,3060.0,2800.0,2830.0,119660,0.0,0.0
2016-01-25 00:00:00+09:00,2840.0,2915.0,2825.0,2840.0,75657,0.0,0.0
2016-01-26 00:00:00+09:00,2880.0,2885.0,2725.0,2800.0,76230,0.0,0.0
2016-01-27 00:00:00+09:00,2765.0,2825.0,2700.0,2775.0,52556,0.0,0.0
2016-01-28 00:00:00+09:00,2735.0,2870.0,2720.0,2820.0,35739,0.0,0.0
2016-01-29 00:00:00+09:00,2820.0,2850.0,2710.0,2785.0,37718,0.0,0.0
2016-02-01 00:00:00+09:00,2730.0,2900.0,2730.0,2755.0,51559,0.0,0.0
2016-02-02 00:00:00+09:00,2755.0,2775.0,2625.0,2750.0,95998,0.0,0.0
2016-02-03 00:00:00+09:00,2750.0,2750.0,2590.0,2600.0,103379,0.0,0.0
2016-02-04 00:00:00+09:00,2595.0,2705.0,2570.0,2605.0,56148,0.0,0.0
2016-02-05 00:00:00+09:00,2705.0,2830.0,2655.0,2825.0,70330,0.0,0.0
2016-02-11 00:00:00+09:00,2650.0,2775.0,2615.0,2700.0,67077,0.0,0.0
2016-02-12 00:00:00+09:00,2690.0,2755.0,2480.0,2620.0,141442,0.0,0.0
2016-02-15 00:00:00+09:00,2560.0,2715.0,2560.0,2645.0,37667,0.0,0.0
2016-02-16 00:00:00+09:00,2565.0,2690.0,2520.0,2625.0,65988,0.0,0.0
2016-02-17 00:00:00+09:00,2685.0,2685.0,2600.0,2600.0,21041,0.0,0.0
2016-02-18 00:00:00+09:00,2680.0,2750.0,2625.0,2700.0,57541,0.0,0.0
2016-02-19 00:00:00+09:00,2745.0,2745.0,2660.0,2700.0,27990,0.0,0.0
2016-02-22 00:00:00+09:00,2745.0,2745.0,2665.0,2700.0,20174,0.0,0.0
2016-02-23 00:00:00+09:00,2740.0,2750.0,2670.0,2700.0,34919,0.0,0.0
2016-02-24 00:00:00+09:00,2785.0,2785.0,2675.0,2725.0,17948,0.0,0.0
2016-02-25 00:00:00+09:00,2725.0,2780.0,2710.0,2710.0,29400,0.0,0.0
2016-02-26 00:00:00+09:00,2765.0,2795.0,2695.0,2795.0,35219,0.0,0.0
2016-02-29 00:00:00+09:00,2760.0,2835.0,2750.0,2785.0,29351,0.0,0.0
2016-03-02 00:00:00+09:00,2830.0,2830.0,2730.0,2740.0,41124,0.0,0.0
2016-03-03 00:00:00+09:00,2810.0,2810.0,2715.0,2720.0,43860,0.0,0.0
2016-03-04 00:00:00+09:00,2720.0,2800.0,2680.0,2765.0,55396,0.0,0.0
2016-03-07 00:00:00+09:00,2740.0,2805.0,2715.0,2720.0,28036,0.0,0.0
2016-03-08 00:00:00+09:00,2760.0,2760.0,2600.0,2665.0,28980,0.0,0.0
2016-03-09 00:00:00+09:00,2645.0,2800.0,2605.0,2765.0,76047,0.0,0.0
2016-03-10 00:00:00+09:00,2790.0,2790.0,2720.0,2765.0,30235,0.0,0.0
2016-03-11 00:00:00+09:00,2735.0,2790.0,2705.0,2735.0,21214,0.0,0.0
2016-03-14 00:00:00+09:00,2730.0,2750.0,2655.0,2660.0,45763,0.0,0.0
2016-03-15 00:00:00+09:00,2695.0,2735.0,2670.0,2710.0,25080,0.0,0.0
2016-03-16 00:00:00+09:00,2760.0,2775.0,2705.0,2745.0,49775,0.0,0.0
2016-03-17 00:00:00+09:00,2785.0,2805.0,2735.0,2765.0,50359,0.0,0.0
2016-03-18 00:00:00+09:00,2840.0,3030.0,2790.0,2930.0,292632,0.0,0.0
2016-03-21 00:00:00+09:00,2940.0,2985.0,2865.0,2925.0,74677,0.0,0.0
2016-03-22 00:00:00+09:00,2875.0,3000.0,2850.0,2905.0,86598,0.0,0.0
2016-03-23 00:00:00+09:00,2905.0,2980.0,2825.0,2925.0,116424,0.0,0.0
2016-03-24 00:00:00+09:00,2960.0,2960.0,2820.0,2830.0,57052,0.0,0.0
2016-03-25 00:00:00+09:00,2885.0,2885.0,2740.0,2830.0,82972,0.0,0.0
2016-03-28 00:00:00+09:00,2760.0,3085.0,2675.0,2990.0,458665,0.0,0.0
2016-03-29 00:00:00+09:00,2990.0,3010.0,2885.0,2895.0,75268,0.0,0.0
2016-03-30 00:00:00+09:00,2950.0,3650.0,2945.0,3355.0,3224206,0.0,0.0
2016-03-31 00:00:00+09:00,3310.0,3350.0,3175.0,3285.0,746311,0.0,0.0
2016-04-01 00:00:00+09:00,3285.0,3520.0,3230.0,3420.0,962792,0.0,0.0
2016-04-04 00:00:00+09:00,3310.0,3520.0,3215.0,3365.0,560814,0.0,0.0
2016-04-05 00:00:00+09:00,3370.0,3375.0,3220.0,3300.0,237024,0.0,0.0
2016-04-06 00:00:00+09:00,3245.0,3300.0,3160.0,3185.0,215184,0.0,0.0
2016-04-07 00:00:00+09:00,3220.0,3380.0,3145.0,3185.0,406527,0.0,0.0
2016-04-08 00:00:00+09:00,3130.0,3305.0,3015.0,3275.0,342597,0.0,0.0
2016-04-11 00:00:00+09:00,3250.0,3285.0,3130.0,3220.0,194171,0.0,0.0
2016-04-12 00:00:00+09:00,3200.0,3355.0,3120.0,3315.0,206133,0.0,0.0
2016-04-14 00:00:00+09:00,3395.0,3520.0,3215.0,3310.0,404206,0.0,0.0
2016-04-15 00:00:00+09:00,3310.0,3310.0,3165.0,3165.0,105318,0.0,0.0
2016-04-18 00:00:00+09:00,3170.0,3180.0,2950.0,3005.0,334020,0.0,0.0
2016-04-19 00:00:00+09:00,3005.0,3050.0,2960.0,3015.0,97109,0.0,0.0
2016-04-20 00:00:00+09:00,3005.0,3170.0,2970.0,3085.0,206425,0.0,0.0
2016-04-21 00:00:00+09:00,3060.0,3240.0,3060.0,3145.0,132304,0.0,0.0
2016-04-22 00:00:00+09:00,3135.0,3190.0,3080.0,3170.0,121654,0.0,0.0
2016-04-25 00:00:00+09:00,3170.0,3230.0,3095.0,3175.0,172379,0.0,0.0
2016-04-26 00:00:00+09:00,3195.0,3195.0,3090.0,3140.0,106011,0.0,0.0
2016-04-27 00:00:00+09:00,3170.0,3170.0,3005.0,3040.0,167640,0.0,0.0
2016-04-28 00:00:00+09:00,3020.0,3100.0,2985.0,3045.0,107511,0.0,0.0
2016-04-29 00:00:00+09:00,3025.0,3095.0,2980.0,3055.0,62803,0.0,0.0
2016-05-02 00:00:00+09:00,3095.0,3095.0,2915.0,2915.0,163640,0.0,0.0
2016-05-03 00:00:00+09:00,2940.0,2950.0,2850.0,2915.0,87280,0.0,0.0
2016-05-04 00:00:00+09:00,2915.0,2930.0,2810.0,2885.0,106546,0.0,0.0
2016-05-09 00:00:00+09:00,2940.0,2940.0,2830.0,2880.0,64883,0.0,0.0
2016-05-10 00:00:00+09:00,2920.0,2920.0,2785.0,2820.0,146371,0.0,0.0
2016-05-11 00:00:00+09:00,2800.0,2845.0,2750.0,2775.0,165201,0.0,0.0
2016-05-12 00:00:00+09:00,2800.0,2805.0,2695.0,2720.0,120290,0.0,0.0
2016-05-13 00:00:00+09:00,2730.0,3100.0,2675.0,2915.0,482734,0.0,0.0
2016-05-16 00:00:00+09:00,3150.0,3315.0,3050.0,3055.0,983333,0.0,0.0
2016-05-17 00:00:00+09:00,3050.0,3970.0,2910.0,3970.0,3999952,0.0,0.0
2016-05-18 00:00:00+09:00,3840.0,4800.0,3830.0,4140.0,6563393,0.0,0.0
2016-05-19 00:00:00+09:00,4060.0,4280.0,3930.0,4140.0,971020,0.0,0.0
2016-05-20 00:00:00+09:00,4060.0,4450.0,3970.0,4155.0,1788862,0.0,0.0
2016-05-23 00:00:00+09:00,4395.0,4900.0,4310.0,4495.0,2780406,0.0,0.0
2016-05-24 00:00:00+09:00,4530.0,4850.0,4305.0,4740.0,995482,0.0,0.0
2016-05-25 00:00:00+09:00,5110.0,5480.0,4800.0,4800.0,3231301,0.0,0.0
2016-05-26 00:00:00+09:00,4710.0,5240.0,4660.0,5040.0,943524,0.0,0.0
2016-05-27 00:00:00+09:00,5080.0,5360.0,4950.0,5150.0,991335,0.0,0.0
2016-05-30 00:00:00+09:00,5060.0,5080.0,4560.0,4560.0,739465,0.0,0.0
2016-05-31 00:00:00+09:00,4620.0,4635.0,4265.0,4470.0,689808,0.0,0.0
2016-06-01 00:00:00+09:00,4470.0,4740.0,4305.0,4605.0,542744,0.0,0.0
2016-06-02 00:00:00+09:00,4595.0,4670.0,4505.0,4600.0,311163,0.0,0.0
2016-06-03 00:00:00+09:00,4535.0,4610.0,4440.0,4520.0,244457,0.0,0.0
2016-06-07 00:00:00+09:00,4585.0,5040.0,4585.0,4700.0,1021760,0.0,0.0
2016-06-08 00:00:00+09:00,4730.0,4730.0,4325.0,4555.0,302699,0.0,0.0
2016-06-09 00:00:00+09:00,4610.0,4610.0,4400.0,4435.0,184672,0.0,0.0
2016-06-10 00:00:00+09:00,4495.0,4730.0,4455.0,4560.0,324257,0.0,0.0
2016-06-13 00:00:00+09:00,4440.0,4565.0,4370.0,4370.0,162206,0.0,0.0
2016-06-14 00:00:00+09:00,4230.0,4750.0,4230.0,4410.0,366567,0.0,0.0
2016-06-15 00:00:00+09:00,4470.0,4600.0,4350.0,4360.0,199795,0.0,0.0
2016-06-16 00:00:00+09:00,4485.0,4485.0,4220.0,4300.0,186652,0.0,0.0
2016-06-17 00:00:00+09:00,4260.0,4765.0,4195.0,4550.0,475833,0.0,0.0
2016-06-20 00:00:00+09:00,4560.0,4560.0,4445.0,4470.0,268134,0.0,0.0
2016-06-21 00:00:00+09:00,4550.0,4550.0,4445.0,4445.0,165593,0.0,0.0
2016-06-22 00:00:00+09:00,4380.0,4445.0,4255.0,4275.0,203449,0.0,0.0
2016-06-23 00:00:00+09:00,4775.0,5110.0,4190.0,4660.0,3692433,0.0,0.0
2016-06-24 00:00:00+09:00,4520.0,4675.0,4100.0,4320.0,974641,0.0,0.0
2016-06-27 00:00:00+09:00,4150.0,4410.0,4120.0,4380.0,308644,0.0,0.0
2016-06-28 00:00:00+09:00,4475.0,4520.0,4380.0,4435.0,296127,0.0,0.0
2016-06-29 00:00:00+09:00,4450.0,4780.0,4405.0,4670.0,555069,0.0,0.0
2016-06-30 00:00:00+09:00,4750.0,4845.0,4585.0,4645.0,239755,0.0,0.0
2016-07-01 00:00:00+09:00,4755.0,4755.0,4630.0,4670.0,131486,0.0,0.0
2016-07-04 00:00:00+09:00,4680.0,4990.0,4595.0,4930.0,520710,0.0,0.0
2016-07-05 00:00:00+09:00,4925.0,4955.0,4810.0,4875.0,160601,0.0,0.0
2016-07-06 00:00:00+09:00,4870.0,4980.0,4675.0,4690.0,205817,0.0,0.0
2016-07-07 00:00:00+09:00,4690.0,4770.0,4640.0,4725.0,167629,0.0,0.0
2016-07-08 00:00:00+09:00,4715.0,5070.0,4670.0,4965.0,523311,0.0,0.0
2016-07-11 00:00:00+09:00,4990.0,5110.0,4895.0,4905.0,291177,0.0,0.0
2016-07-12 00:00:00+09:00,4905.0,5200.0,4825.0,5200.0,587399,0.0,0.0
2016-07-13 00:00:00+09:00,5160.0,5280.0,5070.0,5100.0,320093,0.0,0.0
2016-07-14 00:00:00+09:00,5100.0,5120.0,4915.0,5020.0,174200,0.0,0.0
2016-07-15 00:00:00+09:00,5000.0,5040.0,4900.0,4930.0,105408,0.0,0.0
2016-07-18 00:00:00+09:00,4985.0,4985.0,4755.0,4925.0,133888,0.0,0.0
2016-07-19 00:00:00+09:00,4925.0,4930.0,4840.0,4885.0,97035,0.0,0.0
2016-07-20 00:00:00+09:00,4860.0,5050.0,4860.0,4935.0,169464,0.0,0.0
2016-07-21 00:00:00+09:00,4885.0,5030.0,4885.0,4955.0,120763,0.0,0.0
2016-07-22 00:00:00+09:00,5000.0,5030.0,4895.0,4920.0,118141,0.0,0.0
2016-07-25 00:00:00+09:00,4990.0,5280.0,4855.0,5270.0,414907,0.0,0.0
2016-07-26 00:00:00+09:00,5320.0,5340.0,5000.0,5000.0,515160,0.0,0.0
2016-07-27 00:00:00+09:00,4950.0,5120.0,4950.0,5030.0,124900,0.0,0.0
2016-07-28 00:00:00+09:00,5020.0,5050.0,4720.0,5050.0,180045,0.0,0.0
2016-07-29 00:00:00+09:00,5000.0,5070.0,4970.0,5020.0,78323,0.0,0.0
2016-08-01 00:00:00+09:00,5050.0,5090.0,4920.0,4930.0,74960,0.0,0.0
2016-08-02 00:00:00+09:00,4950.0,4970.0,4830.0,4830.0,178861,0.0,0.0
2016-08-03 00:00:00+09:00,4820.0,4935.0,4655.0,4775.0,266214,0.0,0.0
2016-08-04 00:00:00+09:00,4775.0,4850.0,4700.0,4830.0,83979,0.0,0.0
2016-08-05 00:00:00+09:00,4830.0,4890.0,4750.0,4880.0,65973,0.0,0.0
2016-08-08 00:00:00+09:00,4815.0,4995.0,4815.0,4905.0,89603,0.0,0.0
2016-08-09 00:00:00+09:00,4970.0,5040.0,4880.0,4975.0,120691,0.0,0.0
2016-08-10 00:00:00+09:00,5050.0,5070.0,4960.0,4990.0,78393,0.0,0.0
2016-08-11 00:00:00+09:00,5020.0,5050.0,4865.0,4930.0,94023,0.0,0.0
2016-08-12 00:00:00+09:00,4950.0,4970.0,4880.0,4920.0,60569,0.0,0.0
2016-08-16 00:00:00+09:00,4280.0,4385.0,4170.0,4340.0,1025745,0.0,0.0
2016-08-17 00:00:00+09:00,4340.0,4480.0,4290.0,4430.0,263618,0.0,0.0
2016-08-18 00:00:00+09:00,4460.0,4580.0,4350.0,4540.0,330140,0.0,0.0
2016-08-19 00:00:00+09:00,4535.0,4690.0,4500.0,4665.0,352088,0.0,0.0
2016-08-22 00:00:00+09:00,4600.0,4690.0,4550.0,4665.0,167005,0.0,0.0
2016-08-23 00:00:00+09:00,4700.0,4750.0,4615.0,4750.0,161176,0.0,0.0
2016-08-24 00:00:00+09:00,4750.0,4780.0,4665.0,4720.0,168170,0.0,0.0
2016-08-25 00:00:00+09:00,4790.0,4820.0,4650.0,4760.0,140483,0.0,0.0
2016-08-26 00:00:00+09:00,4755.0,4790.0,4615.0,4655.0,126287,0.0,0.0
2016-08-29 00:00:00+09:00,4605.0,4650.0,4490.0,4640.0,197916,0.0,0.0
2016-08-30 00:00:00+09:00,4595.0,5030.0,4595.0,5000.0,682310,0.0,0.0
2016-08-31 00:00:00+09:00,4910.0,5100.0,4900.0,5100.0,510579,0.0,0.0
2016-09-01 00:00:00+09:00,5160.0,5440.0,4815.0,5000.0,1114326,0.0,0.0
2016-09-02 00:00:00+09:00,5000.0,6100.0,5000.0,5720.0,3631521,0.0,0.0
2016-09-05 00:00:00+09:00,5740.0,6020.0,5650.0,5910.0,1723014,0.0,0.0
2016-09-06 00:00:00+09:00,5900.0,6140.0,5820.0,6040.0,1022975,0.0,0.0
2016-09-07 00:00:00+09:00,5850.0,6000.0,5670.0,5890.0,924745,0.0,0.0
2016-09-08 00:00:00+09:00,5950.0,5960.0,5450.0,5600.0,889840,0.0,0.0
2016-09-09 00:00:00+09:00,5520.0,5760.0,5470.0,5700.0,290407,0.0,0.0
2016-09-12 00:00:00+09:00,5600.0,7000.0,5270.0,6620.0,2398919,0.0,0.0
2016-09-13 00:00:00+09:00,6500.0,6520.0,5940.0,6090.0,1440044,0.0,0.0
2016-09-19 00:00:00+09:00,6060.0,6340.0,5780.0,6020.0,1167598,0.0,0.0
2016-09-20 00:00:00+09:00,6020.0,6340.0,5920.0,6140.0,666241,0.0,0.0
2016-09-21 00:00:00+09:00,6200.0,6260.0,6050.0,6160.0,337323,0.0,0.0
2016-09-22 00:00:00+09:00,6200.0,6590.0,5990.0,6150.0,1049491,0.0,0.0
2016-09-23 00:00:00+09:00,6150.0,6290.0,6000.0,6110.0,445737,0.0,0.0
2016-09-26 00:00:00+09:00,6140.0,6150.0,5800.0,5800.0,360405,0.0,0.0
2016-09-27 00:00:00+09:00,5750.0,5860.0,5580.0,5670.0,313674,0.0,0.0
2016-09-28 00:00:00+09:00,5800.0,5800.0,5470.0,5490.0,213032,0.0,0.0
2016-09-29 00:00:00+09:00,5430.0,5570.0,5360.0,5530.0,143998,0.0,0.0
2016-09-30 00:00:00+09:00,5450.0,5630.0,5270.0,5500.0,189486,0.0,0.0
2016-10-04 00:00:00+09:00,5700.0,5750.0,5390.0,5400.0,448103,0.0,0.0
2016-10-05 00:00:00+09:00,5400.0,5520.0,5290.0,5450.0,99532,0.0,0.0
2016-10-06 00:00:00+09:00,5450.0,5510.0,5370.0,5370.0,114308,0.0,0.0
2016-10-07 00:00:00+09:00,5370.0,5430.0,5090.0,5120.0,213872,0.0,0.0
2016-10-10 00:00:00+09:00,5120.0,5220.0,4960.0,5000.0,254611,0.0,0.0
2016-10-11 00:00:00+09:00,5050.0,5060.0,4740.0,4895.0,299569,0.0,0.0
2016-10-12 00:00:00+09:00,4900.0,4915.0,4770.0,4890.0,168615,0.0,0.0
2016-10-13 00:00:00+09:00,4945.0,4945.0,4535.0,4695.0,318734,0.0,0.0
2016-10-14 00:00:00+09:00,4630.0,4750.0,4520.0,4735.0,173084,0.0,0.0
2016-10-17 00:00:00+09:00,4775.0,4900.0,4660.0,4775.0,199504,0.0,0.0
2016-10-18 00:00:00+09:00,4850.0,5210.0,4790.0,5210.0,1212988,0.0,0.0
2016-10-19 00:00:00+09:00,5210.0,5210.0,5030.0,5060.0,345752,0.0,0.0
2016-10-20 00:00:00+09:00,5270.0,5340.0,4980.0,5040.0,698248,0.0,0.0
2016-10-21 00:00:00+09:00,5040.0,5040.0,4795.0,4900.0,232176,0.0,0.0
2016-10-24 00:00:00+09:00,4890.0,4975.0,4800.0,4955.0,113822,0.0,0.0
2016-10-25 00:00:00+09:00,4955.0,4955.0,4795.0,4840.0,117161,0.0,0.0
2016-10-26 00:00:00+09:00,4810.0,5200.0,4710.0,5110.0,410209,0.0,0.0
2016-10-27 00:00:00+09:00,5170.0,5170.0,4990.0,5050.0,126179,0.0,0.0
2016-10-28 00:00:00+09:00,5000.0,5020.0,4770.0,4850.0,260046,0.0,0.0
2016-10-31 00:00:00+09:00,4785.0,4805.0,4600.0,4700.0,141620,0.0,0.0
2016-11-01 00:00:00+09:00,4540.0,4700.0,4500.0,4580.0,136883,0.0,0.0
2016-11-02 00:00:00+09:00,4575.0,4575.0,4165.0,4300.0,527078,0.0,0.0
2016-11-03 00:00:00+09:00,4200.0,4335.0,4100.0,4255.0,101120,0.0,0.0
2016-11-04 00:00:00+09:00,4110.0,4595.0,4055.0,4505.0,591800,0.0,0.0
2016-11-07 00:00:00+09:00,4500.0,4655.0,4250.0,4500.0,1076593,0.0,0.0
2016-11-08 00:00:00+09:00,4500.0,4520.0,4260.0,4520.0,353539,0.0,0.0
2016-11-09 00:00:00+09:00,4520.0,4555.0,3855.0,4260.0,710987,0.0,0.0
2016-11-10 00:00:00+09:00,4350.0,4380.0,4225.0,4330.0,184232,0.0,0.0
2016-11-11 00:00:00+09:00,4320.0,4320.0,4130.0,4280.0,165241,0.0,0.0
2016-11-14 00:00:00+09:00,4230.0,4345.0,4140.0,4220.0,136983,0.0,0.0
2016-11-15 00:00:00+09:00,4130.0,4390.0,4085.0,4300.0,307109,0.0,0.0
2016-11-16 00:00:00+09:00,4280.0,4450.0,4280.0,4385.0,192083,0.0,0.0
2016-11-17 00:00:00+09:00,4475.0,4860.0,4385.0,4820.0,1347592,0.0,0.0
2016-11-18 00:00:00+09:00,4790.0,4790.0,4590.0,4610.0,419598,0.0,0.0
2016-11-21 00:00:00+09:00,4740.0,4855.0,4615.0,4770.0,489545,0.0,0.0
2016-11-22 00:00:00+09:00,4765.0,4890.0,4640.0,4710.0,307944,0.0,0.0
2016-11-23 00:00:00+09:00,4650.0,4770.0,4530.0,4620.0,334610,0.0,0.0
2016-11-24 00:00:00+09:00,4675.0,4675.0,4420.0,4440.0,166341,0.0,0.0
2016-11-25 00:00:00+09:00,4460.0,4585.0,4395.0,4560.0,102607,0.0,0.0
2016-11-28 00:00:00+09:00,4595.0,4650.0,4445.0,4500.0,143828,0.0,0.0
2016-11-29 00:00:00+09:00,4500.0,4550.0,4290.0,4520.0,313910,0.0,0.0
2016-11-30 00:00:00+09:00,4520.0,4550.0,4425.0,4505.0,145977,0.0,0.0
2016-12-01 00:00:00+09:00,4505.0,4600.0,4290.0,4560.0,413902,0.0,0.0
2016-12-02 00:00:00+09:00,4615.0,4620.0,4370.0,4470.0,109840,0.0,0.0
2016-12-05 00:00:00+09:00,4455.0,4685.0,4370.0,4625.0,276578,0.0,0.0
2016-12-06 00:00:00+09:00,4650.0,4670.0,4480.0,4610.0,160257,0.0,0.0
2016-12-07 00:00:00+09:00,4525.0,4580.0,4450.0,4545.0,110958,0.0,0.0
2016-12-08 00:00:00+09:00,4545.0,4660.0,4490.0,4545.0,152220,0.0,0.0
2016-12-09 00:00:00+09:00,4545.0,4655.0,4515.0,4595.0,159859,0.0,0.0
2016-12-12 00:00:00+09:00,4560.0,4800.0,4560.0,4795.0,379930,0.0,0.0
2016-12-13 00:00:00+09:00,4835.0,5180.0,4800.0,5030.0,818455,0.0,0.0
2016-12-14 00:00:00+09:00,5060.0,5100.0,4885.0,4950.0,190649,0.0,0.0
2016-12-15 00:00:00+09:00,4985.0,5000.0,4890.0,4990.0,119426,0.0,0.0
2016-12-16 00:00:00+09:00,5050.0,5050.0,4915.0,4995.0,158868,0.0,0.0
2016-12-19 00:00:00+09:00,4875.0,4995.0,4800.0,4980.0,269718,0.0,0.0
2016-12-20 00:00:00+09:00,5010.0,5050.0,4970.0,5000.0,166505,0.0,0.0
2016-12-21 00:00:00+09:00,5000.0,5050.0,4930.0,4950.0,122141,0.0,0.0
2016-12-22 00:00:00+09:00,4950.0,5020.0,4935.0,4940.0,129980,0.0,0.0
2016-12-23 00:00:00+09:00,4940.0,5240.0,4800.0,5160.0,332190,0.0,0.0
2016-12-26 00:00:00+09:00,5240.0,5520.0,5070.0,5210.0,911818,0.0,0.0
2016-12-27 00:00:00+09:00,5230.0,5450.0,5080.0,5410.0,795871,0.0,0.0
2016-12-28 00:00:00+09:00,5400.0,5570.0,5250.0,5370.0,651306,0.0,0.0
2016-12-29 00:00:00+09:00,5370.0,5440.0,5260.0,5390.0,256513,0.0,0.0
2017-01-02 00:00:00+09:00,5360.0,5370.0,5120.0,5320.0,339634,0.0,0.0
2017-01-03 00:00:00+09:00,5270.0,5300.0,5170.0,5260.0,169015,0.0,0.0
2017-01-04 00:00:00+09:00,5250.0,5350.0,5230.0,5300.0,219950,0.0,0.0
2017-01-05 00:00:00+09:00,5260.0,5430.0,5250.0,5290.0,189524,0.0,0.0
2017-01-06 00:00:00+09:00,5370.0,5400.0,5190.0,5400.0,190374,0.0,0.0
2017-01-09 00:00:00+09:00,5480.0,5900.0,5450.0,5550.0,1778004,0.0,0.0
2017-01-10 00:00:00+09:00,5570.0,5650.0,5380.0,5650.0,262401,0.0,0.0
2017-01-11 00:00:00+09:00,5650.0,5690.0,5550.0,5560.0,151476,0.0,0.0
2017-01-12 00:00:00+09:00,5500.0,5590.0,5250.0,5350.0,188893,0.0,0.0
2017-01-13 00:00:00+09:00,5400.0,5450.0,5130.0,5250.0,211483,0.0,0.0
2017-01-16 00:00:00+09:00,5180.0,5220.0,5010.0,5150.0,211311,0.0,0.0
2017-01-17 00:00:00+09:00,5150.0,5160.0,5030.0,5130.0,64254,0.0,0.0
2017-01-18 00:00:00+09:00,5200.0,5360.0,5080.0,5360.0,179678,0.0,0.0
2017-01-19 00:00:00+09:00,5360.0,5370.0,5220.0,5260.0,131738,0.0,0.0
2017-01-20 00:00:00+09:00,5260.0,5350.0,5210.0,5350.0,167021,0.0,0.0
2017-01-23 00:00:00+09:00,5650.0,5710.0,5150.0,5160.0,1055926,0.0,0.0
2017-01-24 00:00:00+09:00,5090.0,5130.0,4575.0,4620.0,881282,0.0,0.0
2017-01-25 00:00:00+09:00,4620.0,4900.0,4450.0,4900.0,361337,0.0,0.0
2017-01-26 00:00:00+09:00,4900.0,5080.0,4830.0,4985.0,352327,0.0,0.0
2017-01-31 00:00:00+09:00,6010.0,6300.0,5520.0,5900.0,5512627,0.0,0.0
2017-02-01 00:00:00+09:00,5920.0,6150.0,5700.0,5920.0,2436313,0.0,0.0
2017-02-02 00:00:00+09:00,6480.0,7690.0,6450.0,7330.0,8404595,0.0,0.0
2017-02-03 00:00:00+09:00,7200.0,7820.0,7010.0,7740.0,4740898,0.0,0.0
2017-02-06 00:00:00+09:00,7860.0,7960.0,7080.0,7350.0,4753941,0.0,0.0
2017-02-07 00:00:00+09:00,7350.0,7450.0,6830.0,7160.0,1853182,0.0,0.0
2017-02-08 00:00:00+09:00,7050.0,7330.0,6860.0,7220.0,2485822,0.0,0.0
2017-02-09 00:00:00+09:00,7210.0,7290.0,6850.0,7090.0,1603245,0.0,0.0
2017-02-10 00:00:00+09:00,6920.0,8700.0,6640.0,7790.0,14835270,0.0,0.0
2017-02-13 00:00:00+09:00,7620.0,7730.0,7360.0,7590.0,1206041,0.0,0.0
2017-02-14 00:00:00+09:00,7570.0,7880.0,7370.0,7870.0,615395,0.0,0.0
2017-02-15 00:00:00+09:00,8020.0,8150.0,7890.0,8100.0,787468,0.0,0.0
2017-02-16 00:00:00+09:00,8100.0,8240.0,7430.0,7600.0,2112612,0.0,0.0
2017-02-17 00:00:00+09:00,7200.0,7670.0,7060.0,7180.0,2380908,0.0,0.0
2017-02-20 00:00:00+09:00,7360.0,7450.0,6690.0,6690.0,2504860,0.0,0.0
2017-02-21 00:00:00+09:00,6410.0,6450.0,6000.0,6220.0,3562495,0.0,0.0
2017-02-22 00:00:00+09:00,6340.0,6350.0,5800.0,5820.0,2608597,0.0,0.0
2017-02-23 00:00:00+09:00,5730.0,5920.0,5390.0,5450.0,2663154,0.0,0.0
2017-02-24 00:00:00+09:00,5420.0,5830.0,5190.0,5720.0,4268760,0.0,0.0
2017-02-27 00:00:00+09:00,5350.0,5400.0,4925.0,4925.0,2673045,0.0,0.0
2017-02-28 00:00:00+09:00,4950.0,5130.0,4840.0,4845.0,1468516,0.0,0.0
2017-03-02 00:00:00+09:00,4840.0,4860.0,4415.0,4480.0,2075653,0.0,0.0
2017-03-03 00:00:00+09:00,4470.0,4630.0,4315.0,4405.0,1941418,0.0,0.0
2017-03-06 00:00:00+09:00,4465.0,4475.0,4220.0,4260.0,1046343,0.0,0.0
2017-03-07 00:00:00+09:00,4285.0,4520.0,4240.0,4365.0,1879372,0.0,0.0
2017-03-08 00:00:00+09:00,4390.0,4425.0,4240.0,4285.0,606275,0.0,0.0
2017-03-09 00:00:00+09:00,4335.0,4670.0,4315.0,4445.0,2794654,0.0,0.0
2017-03-10 00:00:00+09:00,4445.0,5610.0,3710.0,5200.0,11274640,0.0,0.0
2017-03-13 00:00:00+09:00,5500.0,5950.0,5350.0,5550.0,5131697,0.0,0.0
2017-03-14 00:00:00+09:00,5590.0,6060.0,5290.0,5650.0,3825174,0.0,0.0
2017-03-15 00:00:00+09:00,5650.0,5930.0,5470.0,5800.0,4327431,0.0,0.0
2017-03-16 00:00:00+09:00,5900.0,6100.0,5690.0,6050.0,2639749,0.0,0.0
2017-03-17 00:00:00+09:00,6040.0,6050.0,5280.0,5380.0,2693350,0.0,0.0
2017-03-20 00:00:00+09:00,5410.0,5430.0,4825.0,4835.0,3391076,0.0,0.0
2017-03-21 00:00:00+09:00,5030.0,5210.0,4570.0,4675.0,3533390,0.0,0.0
2017-03-22 00:00:00+09:00,4685.0,4725.0,4200.0,4240.0,2943011,0.0,0.0
2017-03-23 00:00:00+09:00,4100.0,4170.0,3660.0,3725.0,3728245,0.0,0.0
2017-03-24 00:00:00+09:00,3735.0,3950.0,3620.0,3640.0,2795854,0.0,0.0
2017-03-27 00:00:00+09:00,3650.0,4095.0,3325.0,3685.0,6760364,0.0,0.0
2017-03-28 00:00:00+09:00,3350.0,3930.0,3350.0,3890.0,6999036,0.0,0.0
2017-03-29 00:00:00+09:00,3965.0,4000.0,3280.0,3305.0,4350357,0.0,0.0
2017-03-30 00:00:00+09:00,3040.0,3145.0,2825.0,2840.0,3848844,0.0,0.0
2017-03-31 00:00:00+09:00,2900.0,2910.0,2765.0,2775.0,1553333,0.0,0.0
2017-04-03 00:00:00+09:00,2735.0,2790.0,2650.0,2750.0,1281089,0.0,0.0
2017-04-04 00:00:00+09:00,2820.0,2930.0,2750.0,2800.0,2255108,0.0,0.0
2017-04-05 00:00:00+09:00,2800.0,2860.0,2750.0,2810.0,881576,0.0,0.0
2017-04-06 00:00:00+09:00,2860.0,2905.0,2795.0,2875.0,805478,0.0,0.0
2017-04-07 00:00:00+09:00,2930.0,2945.0,2860.0,2870.0,587817,0.0,0.0
2017-04-10 00:00:00+09:00,2850.0,2870.0,2740.0,2760.0,656377,0.0,0.0
2017-04-11 00:00:00+09:00,2735.0,2855.0,2735.0,2800.0,483291,0.0,0.0
2017-04-12 00:00:00+09:00,2775.0,2860.0,2755.0,2805.0,411892,0.0,0.0
2017-04-13 00:00:00+09:00,2850.0,2935.0,2835.0,2855.0,831905,0.0,0.0
2017-04-14 00:00:00+09:00,2895.0,2895.0,2780.0,2780.0,424344,0.0,0.0
2017-04-17 00:00:00+09:00,2780.0,2930.0,2765.0,2875.0,636781,0.0,0.0
2017-04-18 00:00:00+09:00,2885.0,2915.0,2840.0,2900.0,339091,0.0,0.0
2017-04-19 00:00:00+09:00,2895.0,2910.0,2835.0,2850.0,205016,0.0,0.0
2017-04-20 00:00:00+09:00,2845.0,2910.0,2810.0,2865.0,259751,0.0,0.0
2017-04-21 00:00:00+09:00,2850.0,2895.0,2845.0,2875.0,191057,0.0,0.0
2017-04-24 00:00:00+09:00,2900.0,2905.0,2740.0,2770.0,406715,0.0,0.0
2017-04-25 00:00:00+09:00,2760.0,2860.0,2760.0,2830.0,369490,0.0,0.0
2017-04-26 00:00:00+09:00,2840.0,2875.0,2815.0,2835.0,154934,0.0,0.0
2017-04-27 00:00:00+09:00,2830.0,3000.0,2830.0,2965.0,1031111,0.0,0.0
2017-04-28 00:00:00+09:00,2955.0,2995.0,2890.0,2905.0,576747,0.0,0.0
2017-05-02 00:00:00+09:00,2935.0,3110.0,2905.0,3035.0,1105527,0.0,0.0
2017-05-04 00:00:00+09:00,3070.0,3090.0,2965.0,3000.0,734849,0.0,0.0
2017-05-08 00:00:00+09:00,3000.0,3125.0,2980.0,3120.0,575868,0.0,0.0
2017-05-10 00:00:00+09:00,3120.0,3120.0,2755.0,2805.0,1191069,0.0,0.0
2017-05-11 00:00:00+09:00,2845.0,2845.0,2730.0,2800.0,472412,0.0,0.0
2017-05-12 00:00:00+09:00,2800.0,2810.0,2580.0,2580.0,723083,0.0,0.0
2017-05-15 00:00:00+09:00,2570.0,2625.0,2545.0,2600.0,279177,0.0,0.0
2017-05-16 00:00:00+09:00,2630.0,2630.0,2430.0,2445.0,467605,0.0,0.0
2017-05-17 00:00:00+09:00,2460.0,2705.0,2460.0,2495.0,1027627,0.0,0.0
2017-05-18 00:00:00+09:00,2470.0,2595.0,2460.0,2560.0,270166,0.0,0.0
2017-05-19 00:00:00+09:00,2550.0,2655.0,2540.0,2635.0,282424,0.0,0.0
2017-05-22 00:00:00+09:00,2690.0,2690.0,2575.0,2615.0,145397,0.0,0.0
2017-05-23 00:00:00+09:00,2605.0,2670.0,2585.0,2625.0,133150,0.0,0.0
2017-05-24 00:00:00+09:00,2635.0,2675.0,2560.0,2590.0,102785,0.0,0.0
2017-05-25 00:00:00+09:00,2640.0,2640.0,2560.0,2595.0,133774,0.0,0.0
2017-05-26 00:00:00+09:00,2635.0,2635.0,2560.0,2565.0,107082,0.0,0.0
2017-05-29 00:00:00+09:00,2565.0,2590.0,2510.0,2510.0,135800,0.0,0.0
2017-05-30 00:00:00+09:00,2515.0,2550.0,2470.0,2510.0,161550,0.0,0.0
2017-05-31 00:00:00+09:00,2500.0,2615.0,2500.0,2600.0,258584,0.0,0.0
2017-06-01 00:00:00+09:00,2585.0,2635.0,2560.0,2585.0,175644,0.0,0.0
2017-06-02 00:00:00+09:00,2590.0,2655.0,2545.0,2630.0,305691,0.0,0.0
2017-06-05 00:00:00+09:00,2675.0,2675.0,2625.0,2650.0,118400,0.0,0.0
2017-06-07 00:00:00+09:00,2670.0,2670.0,2580.0,2590.0,128630,0.0,0.0
2017-06-08 00:00:00+09:00,2590.0,2615.0,2555.0,2595.0,123530,0.0,0.0
2017-06-09 00:00:00+09:00,2615.0,2665.0,2590.0,2625.0,166074,0.0,0.0
2017-06-12 00:00:00+09:00,2625.0,2645.0,2580.0,2600.0,93053,0.0,0.0
2017-06-13 00:00:00+09:00,2605.0,2605.0,2540.0,2570.0,131020,0.0,0.0
2017-06-14 00:00:00+09:00,2555.0,2630.0,2555.0,2605.0,73822,0.0,0.0
2017-06-15 00:00:00+09:00,2605.0,2750.0,2595.0,2700.0,740921,0.0,0.0
2017-06-16 00:00:00+09:00,2695.0,2845.0,2680.0,2840.0,779300,0.0,0.0
2017-06-19 00:00:00+09:00,2865.0,3005.0,2805.0,2985.0,1094345,0.0,0.0
2017-06-20 00:00:00+09:00,3025.0,3025.0,2915.0,2920.0,403946,0.0,0.0
2017-06-21 00:00:00+09:00,2960.0,2960.0,2780.0,2825.0,324515,0.0,0.0
2017-06-22 00:00:00+09:00,2860.0,2860.0,2795.0,2795.0,210030,0.0,0.0
2017-06-23 00:00:00+09:00,2770.0,3000.0,2755.0,2930.0,434020,0.0,0.0
2017-06-26 00:00:00+09:00,2955.0,2975.0,2820.0,2860.0,216887,0.0,0.0
2017-06-27 00:00:00+09:00,2835.0,2930.0,2835.0,2860.0,126604,0.0,0.0
2017-06-28 00:00:00+09:00,2875.0,3030.0,2845.0,2910.0,811492,0.0,0.0
2017-06-29 00:00:00+09:00,2940.0,3185.0,2925.0,3170.0,1939660,0.0,0.0
2017-06-30 00:00:00+09:00,3130.0,3220.0,3060.0,3170.0,719978,0.0,0.0
2017-07-03 00:00:00+09:00,3175.0,3335.0,3060.0,3060.0,1088226,0.0,0.0
2017-07-04 00:00:00+09:00,3035.0,3160.0,2990.0,3070.0,500817,0.0,0.0
2017-07-05 00:00:00+09:00,3105.0,3530.0,3095.0,3375.0,5081071,0.0,0.0
2017-07-06 00:00:00+09:00,3360.0,3420.0,3300.0,3400.0,1011556,0.0,0.0
2017-07-07 00:00:00+09:00,3405.0,3960.0,3405.0,3675.0,6891210,0.0,0.0
2017-07-10 00:00:00+09:00,3685.0,4070.0,3680.0,3990.0,4298451,0.0,0.0
2017-07-11 00:00:00+09:00,4065.0,4200.0,3765.0,3900.0,1860715,0.0,0.0
2017-07-12 00:00:00+09:00,3935.0,4080.0,3815.0,4000.0,1580875,0.0,0.0
2017-07-13 00:00:00+09:00,3905.0,4120.0,3875.0,3980.0,1130660,0.0,0.0
2017-07-14 00:00:00+09:00,3990.0,4230.0,3950.0,4085.0,1517898,0.0,0.0
2017-07-17 00:00:00+09:00,4100.0,4195.0,3850.0,3900.0,887628,0.0,0.0
2017-07-18 00:00:00+09:00,3835.0,3950.0,3575.0,3665.0,1203960,0.0,0.0
2017-07-19 00:00:00+09:00,3700.0,3790.0,3645.0,3770.0,580820,0.0,0.0
2017-07-20 00:00:00+09:00,3770.0,3935.0,3730.0,3875.0,516817,0.0,0.0
2017-07-21 00:00:00+09:00,3870.0,3965.0,3825.0,3965.0,338447,0.0,0.0
2017-07-24 00:00:00+09:00,3980.0,4220.0,3975.0,4175.0,1244515,0.0,0.0
2017-07-25 00:00:00+09:00,4200.0,4260.0,4050.0,4125.0,531491,0.0,0.0
2017-07-26 00:00:00+09:00,4085.0,4150.0,3900.0,3965.0,487262,0.0,0.0
2017-07-27 00:00:00+09:00,3940.0,4040.0,3835.0,3940.0,326915,0.0,0.0
2017-07-28 00:00:00+09:00,3875.0,3950.0,3760.0,3780.0,362480,0.0,0.0
2017-07-31 00:00:00+09:00,3680.0,3815.0,3495.0,3740.0,761127,0.0,0.0
2017-08-01 00:00:00+09:00,3700.0,3860.0,3700.0,3860.0,177924,0.0,0.0
2017-08-02 00:00:00+09:00,3890.0,3900.0,3820.0,3865.0,112698,0.0,0.0
2017-08-03 00:00:00+09:00,3845.0,3875.0,3730.0,3840.0,168180,0.0,0.0
2017-08-04 00:00:00+09:00,3790.0,3960.0,3755.0,3955.0,215439,0.0,0.0
2017-08-07 00:00:00+09:00,3955.0,4045.0,3935.0,4000.0,282112,0.0,0.0
2017-08-08 00:00:00+09:00,4025.0,4025.0,3935.0,4000.0,169099,0.0,0.0
2017-08-09 00:00:00+09:00,4045.0,4045.0,3895.0,3900.0,213722,0.0,0.0
2017-08-10 00:00:00+09:00,3875.0,3955.0,3790.0,3930.0,242181,0.0,0.0
2017-08-11 00:00:00+09:00,3800.0,3880.0,3715.0,3795.0,275574,0.0,0.0
2017-08-14 00:00:00+09:00,3790.0,3925.0,3790.0,3890.0,210402,0.0,0.0
2017-08-16 00:00:00+09:00,3950.0,4005.0,3915.0,4005.0,245970,0.0,0.0
2017-08-17 00:00:00+09:00,3980.0,4225.0,3980.0,4200.0,930273,0.0,0.0
2017-08-18 00:00:00+09:00,4155.0,4320.0,4120.0,4235.0,626944,0.0,0.0
2017-08-21 00:00:00+09:00,4235.0,4335.0,4165.0,4315.0,621241,0.0,0.0
2017-08-22 00:00:00+09:00,4330.0,4385.0,4285.0,4375.0,333230,0.0,0.0
2017-08-23 00:00:00+09:00,4430.0,4800.0,4400.0,4515.0,1255510,0.0,0.0
2017-08-24 00:00:00+09:00,4545.0,4780.0,4485.0,4775.0,771065,0.0,0.0
2017-08-25 00:00:00+09:00,4800.0,4850.0,4540.0,4715.0,782642,0.0,0.0
2017-08-28 00:00:00+09:00,4680.0,4835.0,4680.0,4815.0,470149,0.0,0.0
2017-08-29 00:00:00+09:00,4775.0,5200.0,4725.0,5100.0,1156648,0.0,0.0
2017-08-30 00:00:00+09:00,5160.0,5210.0,5010.0,5080.0,483140,0.0,0.0
2017-08-31 00:00:00+09:00,5110.0,5620.0,5100.0,5500.0,1617472,0.0,0.0
2017-09-01 00:00:00+09:00,5560.0,5880.0,5430.0,5590.0,1240196,0.0,0.0
2017-09-04 00:00:00+09:00,5400.0,5740.0,5390.0,5650.0,622407,0.0,0.0
2017-09-05 00:00:00+09:00,5810.0,5940.0,5610.0,5900.0,800143,0.0,0.0
2017-09-06 00:00:00+09:00,6030.0,6100.0,5940.0,5970.0,517449,0.0,0.0
2017-09-07 00:00:00+09:00,5950.0,5950.0,5410.0,5450.0,1468101,0.0,0.0
2017-09-08 00:00:00+09:00,5370.0,5610.0,5080.0,5550.0,1792123,0.0,0.0
2017-09-11 00:00:00+09:00,5520.0,5720.0,5230.0,5340.0,1081847,0.0,0.0
2017-09-12 00:00:00+09:00,5280.0,5380.0,5030.0,5050.0,681846,0.0,0.0
2017-09-13 00:00:00+09:00,5130.0,5230.0,5000.0,5140.0,596991,0.0,0.0
2017-09-14 00:00:00+09:00,5130.0,5410.0,5070.0,5310.0,565133,0.0,0.0
2017-09-15 00:00:00+09:00,5260.0,5370.0,5190.0,5210.0,323495,0.0,0.0
2017-09-18 00:00:00+09:00,5210.0,5280.0,4970.0,5270.0,476149,0.0,0.0
2017-09-19 00:00:00+09:00,5220.0,5310.0,5150.0,5280.0,225114,0.0,0.0
2017-09-20 00:00:00+09:00,5280.0,5340.0,4985.0,5050.0,307097,0.0,0.0
2017-09-21 00:00:00+09:00,5030.0,5090.0,4845.0,4845.0,443194,0.0,0.0
2017-09-25 00:00:00+09:00,4725.0,4795.0,4520.0,4790.0,266231,0.0,0.0
2017-09-26 00:00:00+09:00,4725.0,5130.0,4685.0,5130.0,402091,0.0,0.0
2017-09-27 00:00:00+09:00,5180.0,5190.0,5020.0,5100.0,200248,0.0,0.0
2017-09-28 00:00:00+09:00,5100.0,5550.0,5080.0,5350.0,867735,0.0,0.0
2017-09-29 00:00:00+09:00,5360.0,5480.0,5300.0,5420.0,288348,0.0,0.0
2017-10-10 00:00:00+09:00,5420.0,5500.0,5310.0,5370.0,306433,0.0,0.0
2017-10-11 00:00:00+09:00,5350.0,5390.0,5080.0,5080.0,358416,0.0,0.0
2017-10-12 00:00:00+09:00,5110.0,5400.0,5110.0,5320.0,270542,0.0,0.0
2017-10-13 00:00:00+09:00,5350.0,5370.0,4820.0,5000.0,1270166,0.0,0.0
2017-10-16 00:00:00+09:00,5000.0,5020.0,4790.0,4850.0,310046,0.0,0.0
2017-10-17 00:00:00+09:00,4825.0,4935.0,4825.0,4870.0,154682,0.0,0.0
2017-10-18 00:00:00+09:00,4845.0,4910.0,4370.0,4455.0,1033582,0.0,0.0
2017-10-19 00:00:00+09:00,4410.0,4635.0,4410.0,4600.0,220158,0.0,0.0
2017-10-20 00:00:00+09:00,4570.0,4900.0,4500.0,4770.0,485085,0.0,0.0
2017-10-23 00:00:00+09:00,4840.0,5000.0,4800.0,4950.0,332222,0.0,0.0
2017-10-24 00:00:00+09:00,5000.0,5080.0,4925.0,5080.0,239025,0.0,0.0
2017-10-25 00:00:00+09:00,5050.0,5280.0,5050.0,5100.0,219435,0.0,0.0
2017-10-26 00:00:00+09:00,5180.0,5220.0,5080.0,5210.0,163938,0.0,0.0
2017-10-27 00:00:00+09:00,5240.0,5240.0,5100.0,5120.0,153733,0.0,0.0
2017-10-30 00:00:00+09:00,5100.0,5300.0,5030.0,5280.0,240238,0.0,0.0
2017-10-31 00:00:00+09:00,5290.0,5330.0,5220.0,5260.0,197842,0.0,0.0
2017-11-01 00:00:00+09:00,5300.0,5340.0,5220.0,5280.0,118371,0.0,0.0
2017-11-02 00:00:00+09:00,5280.0,5410.0,5040.0,5150.0,296057,0.0,0.0
2017-11-03 00:00:00+09:00,5120.0,5190.0,4970.0,5160.0,204418,0.0,0.0
2017-11-06 00:00:00+09:00,5160.0,5160.0,4970.0,5020.0,241527,0.0,0.0
2017-11-07 00:00:00+09:00,5040.0,5280.0,5000.0,5280.0,319351,0.0,0.0
2017-11-08 00:00:00+09:00,5290.0,5410.0,5210.0,5330.0,306329,0.0,0.0
2017-11-09 00:00:00+09:00,5360.0,5420.0,5290.0,5370.0,193672,0.0,0.0
2017-11-10 00:00:00+09:00,5370.0,5510.0,5300.0,5490.0,288492,0.0,0.0
2017-11-13 00:00:00+09:00,5490.0,5600.0,5450.0,5560.0,211699,0.0,0.0
2017-11-14 00:00:00+09:00,5550.0,5760.0,5360.0,5470.0,360785,0.0,0.0
2017-11-15 00:00:00+09:00,5470.0,5510.0,5240.0,5270.0,436796,0.0,0.0
2017-11-16 00:00:00+09:00,5230.0,5630.0,5210.0,5600.0,359808,0.0,0.0
2017-11-17 00:00:00+09:00,5620.0,5850.0,5530.0,5740.0,252460,0.0,0.0
2017-11-20 00:00:00+09:00,5740.0,6290.0,5710.0,6220.0,588971,0.0,0.0
2017-11-21 00:00:00+09:00,6220.0,6360.0,5210.0,5400.0,1950547,0.0,0.0
2017-11-22 00:00:00+09:00,5420.0,5690.0,5280.0,5570.0,997029,0.0,0.0
2017-11-23 00:00:00+09:00,5530.0,5730.0,5470.0,5720.0,322489,0.0,0.0
2017-11-24 00:00:00+09:00,5680.0,5750.0,5550.0,5580.0,173417,0.0,0.0
2017-11-27 00:00:00+09:00,5550.0,5580.0,5390.0,5460.0,225984,0.0,0.0
2017-11-28 00:00:00+09:00,5460.0,5690.0,5300.0,5580.0,377587,0.0,0.0
2017-11-29 00:00:00+09:00,5600.0,5790.0,5530.0,5780.0,361544,0.0,0.0
2017-11-30 00:00:00+09:00,5700.0,5760.0,5300.0,5600.0,303089,0.0,0.0
2017-12-01 00:00:00+09:00,5560.0,5620.0,5450.0,5570.0,229492,0.0,0.0
2017-12-04 00:00:00+09:00,5630.0,5680.0,5500.0,5550.0,174040,0.0,0.0
2017-12-05 00:00:00+09:00,5500.0,5850.0,5500.0,5850.0,625393,0.0,0.0
2017-12-06 00:00:00+09:00,5900.0,5900.0,5630.0,5700.0,341767,0.0,0.0
2017-12-07 00:00:00+09:00,5690.0,5750.0,5510.0,5680.0,259919,0.0,0.0
2017-12-08 00:00:00+09:00,5700.0,5900.0,5630.0,5800.0,330244,0.0,0.0
2017-12-11 00:00:00+09:00,5900.0,6620.0,5840.0,6410.0,1975240,0.0,0.0
2017-12-12 00:00:00+09:00,6440.0,6520.0,6160.0,6460.0,703851,0.0,0.0
2017-12-13 00:00:00+09:00,6400.0,6580.0,6330.0,6530.0,363517,0.0,0.0
2017-12-14 00:00:00+09:00,6450.0,6530.0,6370.0,6500.0,325422,0.0,0.0
2017-12-15 00:00:00+09:00,6500.0,6530.0,6150.0,6200.0,433555,0.0,0.0
2017-12-18 00:00:00+09:00,6140.0,6400.0,5150.0,5320.0,3312766,0.0,0.0
2017-12-19 00:00:00+09:00,5250.0,5270.0,4730.0,4770.0,1523884,0.0,0.0
2017-12-21 00:00:00+09:00,4970.0,5140.0,4800.0,4825.0,307487,0.0,0.0
2017-12-22 00:00:00+09:00,4840.0,4945.0,4775.0,4835.0,227122,0.0,0.0
2017-12-26 00:00:00+09:00,4810.0,4965.0,4800.0,4925.0,138760,0.0,0.0
2017-12-27 00:00:00+09:00,5000.0,5250.0,4930.0,5210.0,288878,0.0,0.0
2017-12-28 00:00:00+09:00,5240.0,5310.0,5140.0,5300.0,145689,0.0,0.0
2018-01-02 00:00:00+09:00,5300.0,5410.0,5230.0,5330.0,244578,0.0,0.0
2018-01-03 00:00:00+09:00,5360.0,5360.0,5180.0,5270.0,231159,0.0,0.0
2018-01-04 00:00:00+09:00,5230.0,5410.0,5170.0,5270.0,296876,0.0,0.0
2018-01-05 00:00:00+09:00,5230.0,5330.0,5210.0,5280.0,165749,0.0,0.0
2018-01-08 00:00:00+09:00,5230.0,5310.0,5160.0,5240.0,238609,0.0,0.0
2018-01-09 00:00:00+09:00,5200.0,5250.0,5110.0,5170.0,343480,0.0,0.0
2018-01-10 00:00:00+09:00,5140.0,5390.0,5130.0,5290.0,237340,0.0,0.0
2018-01-11 00:00:00+09:00,5330.0,5570.0,5290.0,5550.0,464279,0.0,0.0
2018-01-12 00:00:00+09:00,5510.0,5580.0,5380.0,5540.0,258243,0.0,0.0
2018-01-15 00:00:00+09:00,5530.0,5620.0,5390.0,5490.0,240824,0.0,0.0
2018-01-16 00:00:00+09:00,5450.0,5560.0,5400.0,5480.0,164543,0.0,0.0
2018-01-17 00:00:00+09:00,5480.0,5570.0,5340.0,5410.0,158398,0.0,0.0
2018-01-18 00:00:00+09:00,5450.0,5580.0,5350.0,5550.0,211332,0.0,0.0
2018-01-19 00:00:00+09:00,5550.0,5650.0,5510.0,5570.0,185519,0.0,0.0
2018-01-22 00:00:00+09:00,5630.0,5630.0,5490.0,5580.0,89024,0.0,0.0
2018-01-23 00:00:00+09:00,5580.0,5610.0,5500.0,5550.0,123123,0.0,0.0
2018-01-24 00:00:00+09:00,5550.0,5560.0,5370.0,5480.0,249214,0.0,0.0
2018-01-25 00:00:00+09:00,5480.0,5570.0,5400.0,5560.0,123919,0.0,0.0
2018-01-26 00:00:00+09:00,5560.0,5580.0,5440.0,5520.0,133876,0.0,0.0
2018-01-29 00:00:00+09:00,5180.0,5180.0,4830.0,5100.0,1380480,0.0,0.0
2018-01-30 00:00:00+09:00,5080.0,5100.0,4960.0,5060.0,485513,0.0,0.0
2018-01-31 00:00:00+09:00,5060.0,5110.0,4945.0,4980.0,272328,0.0,0.0
2018-02-01 00:00:00+09:00,4950.0,5050.0,4890.0,5050.0,335236,0.0,0.0
2018-02-02 00:00:00+09:00,5050.0,5050.0,4740.0,4915.0,620515,0.0,0.0
2018-02-05 00:00:00+09:00,4730.0,4800.0,4630.0,4695.0,454713,0.0,0.0
2018-02-07 00:00:00+09:00,4875.0,4975.0,4770.0,4820.0,295983,0.0,0.0
2018-02-08 00:00:00+09:00,4820.0,4940.0,4800.0,4910.0,106437,0.0,0.0
2018-02-09 00:00:00+09:00,4955.0,4995.0,4765.0,4960.0,260907,0.0,0.0
2018-02-12 00:00:00+09:00,5040.0,5040.0,4865.0,4905.0,83454,0.0,0.0
2018-02-13 00:00:00+09:00,4900.0,4950.0,4750.0,4830.0,129836,0.0,0.0
2018-02-14 00:00:00+09:00,4830.0,4950.0,4790.0,4930.0,107956,0.0,0.0
2018-02-19 00:00:00+09:00,4930.0,4960.0,4840.0,4935.0,141053,0.0,0.0
2018-02-20 00:00:00+09:00,4955.0,5340.0,4905.0,5300.0,1240762,0.0,0.0
2018-02-21 00:00:00+09:00,5240.0,5440.0,5230.0,5370.0,546453,0.0,0.0
2018-02-22 00:00:00+09:00,5320.0,5440.0,5200.0,5290.0,358745,0.0,0.0
2018-02-23 00:00:00+09:00,5290.0,5290.0,5100.0,5140.0,263922,0.0,0.0
2018-02-26 00:00:00+09:00,5360.0,5810.0,5260.0,5390.0,2980105,0.0,0.0
2018-02-27 00:00:00+09:00,5440.0,5450.0,5230.0,5320.0,417311,0.0,0.0
2018-02-28 00:00:00+09:00,5240.0,5410.0,5150.0,5320.0,452144,0.0,0.0
2018-03-07 00:00:00+09:00,3630.0,3645.0,3445.0,3450.0,4455308,0.0,0.0
2018-03-08 00:00:00+09:00,3455.0,3585.0,3255.0,3440.0,2677251,0.0,0.0
2018-03-09 00:00:00+09:00,3485.0,3490.0,3410.0,3410.0,1140789,0.0,0.0
2018-03-12 00:00:00+09:00,3500.0,3510.0,3435.0,3480.0,946073,0.0,0.0
2018-03-13 00:00:00+09:00,3490.0,3530.0,3425.0,3485.0,1130874,0.0,0.0
2018-03-14 00:00:00+09:00,3480.0,3495.0,3430.0,3455.0,546491,0.0,0.0
2018-03-15 00:00:00+09:00,3450.0,3540.0,3430.0,3480.0,909453,0.0,0.0
2018-03-16 00:00:00+09:00,3500.0,3500.0,3445.0,3450.0,599951,0.0,0.0
2018-03-19 00:00:00+09:00,3455.0,3470.0,3310.0,3310.0,781904,0.0,0.0
2018-03-20 00:00:00+09:00,3310.0,3415.0,3305.0,3365.0,560418,0.0,0.0
2018-03-21 00:00:00+09:00,3350.0,3445.0,3330.0,3350.0,514387,0.0,0.0
2018-03-22 00:00:00+09:00,3355.0,3370.0,3185.0,3225.0,877302,0.0,0.0
2018-03-23 00:00:00+09:00,3130.0,3230.0,3045.0,3065.0,653823,0.0,0.0
2018-03-26 00:00:00+09:00,3020.0,3155.0,3020.0,3150.0,453419,0.0,0.0
2018-03-27 00:00:00+09:00,3150.0,3220.0,3105.0,3215.0,262850,0.0,0.0
2018-03-28 00:00:00+09:00,3160.0,3270.0,3045.0,3120.0,412273,0.0,0.0
2018-03-29 00:00:00+09:00,3180.0,3220.0,3085.0,3115.0,228672,0.0,0.0
2018-03-30 00:00:00+09:00,3150.0,3380.0,3075.0,3305.0,896617,0.0,0.0
2018-04-02 00:00:00+09:00,3300.0,3320.0,3220.0,3265.0,348689,0.0,0.0
2018-04-03 00:00:00+09:00,3200.0,3280.0,3200.0,3265.0,234534,0.0,0.0
2018-04-04 00:00:00+09:00,3275.0,3280.0,3145.0,3195.0,373928,0.0,0.0
2018-04-05 00:00:00+09:00,3230.0,3410.0,3205.0,3255.0,724627,0.0,0.0
2018-04-06 00:00:00+09:00,3235.0,3260.0,3145.0,3205.0,366026,0.0,0.0
2018-04-09 00:00:00+09:00,3180.0,3215.0,3145.0,3195.0,148358,0.0,0.0
2018-04-10 00:00:00+09:00,3220.0,3240.0,3090.0,3200.0,287834,0.0,0.0
2018-04-11 00:00:00+09:00,3210.0,3280.0,3200.0,3265.0,220997,0.0,0.0
2018-04-12 00:00:00+09:00,3330.0,3330.0,3215.0,3255.0,270535,0.0,0.0
2018-04-13 00:00:00+09:00,3260.0,3325.0,3260.0,3270.0,286126,0.0,0.0
2018-04-16 00:00:00+09:00,3270.0,3340.0,3255.0,3305.0,239084,0.0,0.0
2018-04-17 00:00:00+09:00,3340.0,3345.0,3275.0,3305.0,179653,0.0,0.0
2018-04-18 00:00:00+09:00,3325.0,3325.0,3220.0,3270.0,298056,0.0,0.0
2018-04-19 00:00:00+09:00,3290.0,3290.0,3190.0,3270.0,328716,0.0,0.0
2018-04-20 00:00:00+09:00,3270.0,3400.0,3240.0,3360.0,560132,0.0,0.0
2018-04-23 00:00:00+09:00,3340.0,3375.0,3265.0,3280.0,383783,0.0,0.0
2018-04-24 00:00:00+09:00,3295.0,3360.0,3240.0,3285.0,276258,0.0,0.0
2018-04-25 00:00:00+09:00,3285.0,3335.0,3250.0,3280.0,226788,0.0,0.0
2018-04-26 00:00:00+09:00,3280.0,3340.0,3270.0,3300.0,163088,0.0,0.0
2018-04-27 00:00:00+09:00,3310.0,3365.0,3290.0,3340.0,262995,0.0,0.0
2018-04-30 00:00:00+09:00,3330.0,3340.0,3220.0,3250.0,379234,0.0,0.0
2018-05-02 00:00:00+09:00,3270.0,3400.0,3235.0,3345.0,633647,0.0,0.0
2018-05-03 00:00:00+09:00,3370.0,3545.0,3300.0,3505.0,2102036,0.0,0.0
2018-05-04 00:00:00+09:00,3550.0,3640.0,3455.0,3605.0,1968516,0.0,0.0
2018-05-08 00:00:00+09:00,3660.0,3665.0,3450.0,3455.0,930690,0.0,0.0
2018-05-09 00:00:00+09:00,3455.0,3520.0,3330.0,3480.0,540852,0.0,0.0
2018-05-10 00:00:00+09:00,3510.0,3620.0,3425.0,3605.0,620201,0.0,0.0
2018-05-11 00:00:00+09:00,3615.0,3620.0,3530.0,3605.0,549879,0.0,0.0
2018-05-14 00:00:00+09:00,3600.0,3600.0,3505.0,3520.0,426065,0.0,0.0
2018-05-15 00:00:00+09:00,3500.0,3555.0,3450.0,3480.0,312492,0.0,0.0
2018-05-16 00:00:00+09:00,3450.0,3480.0,3360.0,3425.0,457714,0.0,0.0
2018-05-17 00:00:00+09:00,3420.0,3540.0,3415.0,3475.0,425646,0.0,0.0
2018-05-18 00:00:00+09:00,3490.0,3770.0,3450.0,3655.0,2127435,0.0,0.0
2018-05-21 00:00:00+09:00,3660.0,3740.0,3580.0,3600.0,751230,0.0,0.0
2018-05-23 00:00:00+09:00,3605.0,3705.0,3575.0,3635.0,630981,0.0,0.0
2018-05-24 00:00:00+09:00,3650.0,3720.0,3560.0,3685.0,664871,0.0,0.0
2018-05-25 00:00:00+09:00,3630.0,3650.0,3580.0,3610.0,587672,0.0,0.0
2018-05-28 00:00:00+09:00,3590.0,3755.0,3565.0,3690.0,882983,0.0,0.0
2018-05-29 00:00:00+09:00,3695.0,3775.0,3660.0,3680.0,588245,0.0,0.0
2018-05-30 00:00:00+09:00,3680.0,3680.0,3550.0,3600.0,426062,0.0,0.0
2018-05-31 00:00:00+09:00,3605.0,3900.0,3555.0,3850.0,1935660,0.0,0.0
2018-06-01 00:00:00+09:00,3925.0,4065.0,3820.0,3980.0,2100361,0.0,0.0
2018-06-04 00:00:00+09:00,4050.0,4490.0,4015.0,4450.0,4035582,0.0,0.0
2018-06-05 00:00:00+09:00,4350.0,4410.0,3960.0,3975.0,2513513,0.0,0.0
2018-06-07 00:00:00+09:00,3970.0,4080.0,3850.0,3890.0,1034520,0.0,0.0
2018-06-08 00:00:00+09:00,3880.0,3890.0,3720.0,3745.0,1083085,0.0,0.0
2018-06-11 00:00:00+09:00,3750.0,3875.0,3745.0,3790.0,632082,0.0,0.0
2018-06-12 00:00:00+09:00,3775.0,3785.0,3655.0,3670.0,529734,0.0,0.0
2018-06-14 00:00:00+09:00,3665.0,3805.0,3485.0,3735.0,807366,0.0,0.0
2018-06-15 00:00:00+09:00,3710.0,3905.0,3700.0,3875.0,783161,0.0,0.0
2018-06-18 00:00:00+09:00,3870.0,3910.0,3625.0,3720.0,655316,0.0,0.0
2018-06-19 00:00:00+09:00,3725.0,3830.0,3475.0,3495.0,945259,0.0,0.0
2018-06-20 00:00:00+09:00,3470.0,3555.0,3420.0,3470.0,546862,0.0,0.0
2018-06-21 00:00:00+09:00,3500.0,3550.0,3305.0,3325.0,523192,0.0,0.0
2018-06-22 00:00:00+09:00,3300.0,3435.0,3265.0,3370.0,395023,0.0,0.0
2018-06-25 00:00:00+09:00,3435.0,3510.0,3375.0,3435.0,297148,0.0,0.0
2018-06-26 00:00:00+09:00,3380.0,3480.0,3320.0,3480.0,267525,0.0,0.0
2018-06-27 00:00:00+09:00,3500.0,3500.0,3335.0,3365.0,351847,0.0,0.0
2018-06-28 00:00:00+09:00,3310.0,3430.0,3250.0,3280.0,160810,0.0,0.0
2018-06-29 00:00:00+09:00,3260.0,3340.0,3180.0,3285.0,111168,0.0,0.0
2018-07-02 00:00:00+09:00,3285.0,3310.0,3050.0,3050.0,455057,0.0,0.0
2018-07-03 00:00:00+09:00,3110.0,3220.0,3055.0,3130.0,334354,0.0,0.0
2018-07-04 00:00:00+09:00,3090.0,3195.0,3070.0,3190.0,83368,0.0,0.0
2018-07-05 00:00:00+09:00,3170.0,3280.0,3130.0,3200.0,124760,0.0,0.0
2018-07-06 00:00:00+09:00,3200.0,3250.0,3100.0,3245.0,165004,0.0,0.0
2018-07-09 00:00:00+09:00,3245.0,3335.0,3200.0,3310.0,160529,0.0,0.0
2018-07-10 00:00:00+09:00,3470.0,3470.0,3315.0,3395.0,199766,0.0,0.0
2018-07-11 00:00:00+09:00,3370.0,3385.0,3285.0,3380.0,145218,0.0,0.0
2018-07-12 00:00:00+09:00,3400.0,3515.0,3305.0,3480.0,134902,0.0,0.0
2018-07-13 00:00:00+09:00,3480.0,3560.0,3400.0,3480.0,238273,0.0,0.0
2018-07-16 00:00:00+09:00,3475.0,3560.0,3420.0,3500.0,158101,0.0,0.0
2018-07-17 00:00:00+09:00,3480.0,3610.0,3480.0,3570.0,375052,0.0,0.0
2018-07-18 00:00:00+09:00,3595.0,3650.0,3470.0,3535.0,200636,0.0,0.0
2018-07-19 00:00:00+09:00,3530.0,3570.0,3390.0,3465.0,255338,0.0,0.0
2018-07-20 00:00:00+09:00,3465.0,3515.0,3275.0,3420.0,185274,0.0,0.0
2018-07-23 00:00:00+09:00,3425.0,3450.0,3220.0,3325.0,157443,0.0,0.0
2018-07-24 00:00:00+09:00,3320.0,3360.0,3240.0,3325.0,117122,0.0,0.0
2018-07-25 00:00:00+09:00,3325.0,3380.0,3195.0,3250.0,146520,0.0,0.0
2018-07-26 00:00:00+09:00,3220.0,3440.0,3220.0,3365.0,139515,0.0,0.0
2018-07-27 00:00:00+09:00,3395.0,3475.0,3360.0,3390.0,118891,0.0,0.0
2018-07-30 00:00:00+09:00,3385.0,3445.0,3305.0,3340.0,90343,0.0,0.0
2018-07-31 00:00:00+09:00,3385.0,3390.0,3310.0,3365.0,83244,0.0,0.0
2018-08-01 00:00:00+09:00,3395.0,3680.0,3255.0,3430.0,796210,0.0,0.0
2018-08-02 00:00:00+09:00,3380.0,3445.0,3315.0,3365.0,201024,0.0,0.0
2018-08-03 00:00:00+09:00,3365.0,3415.0,3310.0,3395.0,224300,0.0,0.0
2018-08-06 00:00:00+09:00,3365.0,3395.0,3350.0,3360.0,122643,0.0,0.0
2018-08-07 00:00:00+09:00,3360.0,3390.0,3335.0,3380.0,84327,0.0,0.0
2018-08-08 00:00:00+09:00,3380.0,3450.0,3360.0,3405.0,144666,0.0,0.0
2018-08-09 00:00:00+09:00,3430.0,3430.0,3370.0,3405.0,55612,0.0,0.0
2018-08-10 00:00:00+09:00,3405.0,3465.0,3350.0,3405.0,165262,0.0,0.0
2018-08-13 00:00:00+09:00,3375.0,3375.0,3125.0,3180.0,1151670,0.0,0.0
2018-08-14 00:00:00+09:00,3225.0,3445.0,3165.0,3175.0,2368665,0.0,0.0
2018-08-16 00:00:00+09:00,3135.0,3200.0,3065.0,3200.0,233608,0.0,0.0
2018-08-17 00:00:00+09:00,3190.0,3250.0,3175.0,3190.0,172649,0.0,0.0
2018-08-20 00:00:00+09:00,3190.0,3235.0,3180.0,3190.0,139277,0.0,0.0
2018-08-21 00:00:00+09:00,3190.0,3250.0,3110.0,3215.0,135259,0.0,0.0
2018-08-22 00:00:00+09:00,3245.0,3245.0,3180.0,3185.0,95083,0.0,0.0
2018-08-23 00:00:00+09:00,3205.0,3225.0,3165.0,3180.0,80597,0.0,0.0
2018-08-24 00:00:00+09:00,3180.0,3210.0,3135.0,3185.0,133246,0.0,0.0
2018-08-27 00:00:00+09:00,3190.0,3210.0,3110.0,3115.0,208417,0.0,0.0
2018-08-28 00:00:00+09:00,3130.0,3165.0,3110.0,3150.0,140259,0.0,0.0
2018-08-29 00:00:00+09:00,3150.0,3240.0,3150.0,3230.0,250137,0.0,0.0
2018-08-30 00:00:00+09:00,3255.0,3275.0,3205.0,3275.0,164247,0.0,0.0
2018-08-31 00:00:00+09:00,3275.0,3290.0,3245.0,3280.0,137247,0.0,0.0
2018-09-03 00:00:00+09:00,3270.0,3290.0,3200.0,3230.0,157798,0.0,0.0
2018-09-04 00:00:00+09:00,3235.0,3255.0,3170.0,3190.0,197691,0.0,0.0
2018-09-05 00:00:00+09:00,3210.0,3245.0,3160.0,3220.0,219695,0.0,0.0
2018-09-06 00:00:00+09:00,3210.0,3240.0,3185.0,3220.0,108430,0.0,0.0
2018-09-07 00:00:00+09:00,3215.0,3245.0,3160.0,3200.0,133391,0.0,0.0
2018-09-10 00:00:00+09:00,3220.0,3220.0,3150.0,3165.0,212140,0.0,0.0
2018-09-11 00:00:00+09:00,3155.0,3220.0,3150.0,3170.0,115255,0.0,0.0
2018-09-12 00:00:00+09:00,3180.0,3210.0,3155.0,3185.0,105672,0.0,0.0
2018-09-13 00:00:00+09:00,3190.0,3225.0,3165.0,3225.0,116741,0.0,0.0
2018-09-14 00:00:00+09:00,3225.0,3245.0,3175.0,3220.0,166022,0.0,0.0
2018-09-17 00:00:00+09:00,3230.0,3230.0,3170.0,3175.0,109210,0.0,0.0
2018-09-18 00:00:00+09:00,3160.0,3190.0,3130.0,3155.0,144600,0.0,0.0
2018-09-19 00:00:00+09:00,3155.0,3180.0,3100.0,3135.0,177902,0.0,0.0
2018-09-20 00:00:00+09:00,3140.0,3155.0,3040.0,3090.0,244320,0.0,0.0
2018-09-21 00:00:00+09:00,3090.0,3115.0,3055.0,3100.0,70133,0.0,0.0
2018-09-27 00:00:00+09:00,3095.0,3110.0,3070.0,3085.0,42891,0.0,0.0
2018-09-28 00:00:00+09:00,3085.0,3095.0,3055.0,3095.0,83608,0.0,0.0
2018-10-01 00:00:00+09:00,3095.0,3125.0,3050.0,3095.0,77128,0.0,0.0
2018-10-02 00:00:00+09:00,3090.0,3100.0,3020.0,3035.0,103898,0.0,0.0
2018-10-04 00:00:00+09:00,3035.0,3055.0,2900.0,2940.0,277954,0.0,0.0
2018-10-05 00:00:00+09:00,2905.0,2950.0,2895.0,2940.0,130400,0.0,0.0
2018-10-08 00:00:00+09:00,2925.0,2985.0,2880.0,2880.0,66713,0.0,0.0
2018-10-10 00:00:00+09:00,2885.0,2885.0,2690.0,2720.0,256013,0.0,0.0
2018-10-11 00:00:00+09:00,2580.0,2665.0,2430.0,2440.0,504477,0.0,0.0
2018-10-12 00:00:00+09:00,2365.0,2505.0,2365.0,2450.0,279496,0.0,0.0
2018-10-15 00:00:00+09:00,2435.0,2540.0,2430.0,2475.0,136856,0.0,0.0
2018-10-16 00:00:00+09:00,2495.0,2510.0,2450.0,2500.0,81717,0.0,0.0
2018-10-17 00:00:00+09:00,2560.0,2585.0,2505.0,2530.0,95958,0.0,0.0
2018-10-18 00:00:00+09:00,2515.0,2625.0,2515.0,2550.0,155437,0.0,0.0
2018-10-19 00:00:00+09:00,2535.0,2565.0,2490.0,2555.0,92921,0.0,0.0
2018-10-22 00:00:00+09:00,2535.0,2630.0,2535.0,2600.0,98432,0.0,0.0
2018-10-23 00:00:00+09:00,2585.0,2630.0,2460.0,2495.0,166978,0.0,0.0
2018-10-24 00:00:00+09:00,2495.0,2535.0,2410.0,2440.0,60329,0.0,0.0
2018-10-25 00:00:00+09:00,2375.0,2390.0,2285.0,2350.0,204421,0.0,0.0
2018-10-26 00:00:00+09:00,2380.0,2395.0,2200.0,2275.0,158257,0.0,0.0
2018-10-29 00:00:00+09:00,2250.0,2330.0,2030.0,2065.0,362014,0.0,0.0
2018-10-30 00:00:00+09:00,1925.0,2090.0,1895.0,2090.0,783403,0.0,0.0
2018-10-31 00:00:00+09:00,2090.0,2245.0,2050.0,2225.0,244925,0.0,0.0
2018-11-01 00:00:00+09:00,2225.0,2315.0,2215.0,2275.0,209664,0.0,0.0
2018-11-02 00:00:00+09:00,2275.0,2395.0,2275.0,2390.0,193176,0.0,0.0
2018-11-05 00:00:00+09:00,2390.0,2405.0,2335.0,2405.0,64469,0.0,0.0
2018-11-06 00:00:00+09:00,2400.0,2495.0,2320.0,2385.0,196624,0.0,0.0
2018-11-07 00:00:00+09:00,2405.0,2430.0,2295.0,2325.0,142282,0.0,0.0
2018-11-08 00:00:00+09:00,2355.0,2400.0,2340.0,2385.0,130930,0.0,0.0
2018-11-09 00:00:00+09:00,2390.0,2415.0,2350.0,2385.0,80386,0.0,0.0
2018-11-12 00:00:00+09:00,2380.0,2420.0,2355.0,2410.0,81750,0.0,0.0
2018-11-13 00:00:00+09:00,2355.0,2410.0,2300.0,2360.0,108779,0.0,0.0
2018-11-14 00:00:00+09:00,2360.0,2550.0,2360.0,2450.0,215585,0.0,0.0
2018-11-15 00:00:00+09:00,2455.0,2680.0,2450.0,2540.0,702697,0.0,0.0
2018-11-16 00:00:00+09:00,2560.0,2605.0,2525.0,2540.0,263127,0.0,0.0
2018-11-19 00:00:00+09:00,2580.0,2580.0,2500.0,2550.0,86488,0.0,0.0
2018-11-20 00:00:00+09:00,2510.0,2545.0,2450.0,2475.0,91025,0.0,0.0
2018-11-21 00:00:00+09:00,2450.0,2490.0,2390.0,2490.0,102582,0.0,0.0
2018-11-22 00:00:00+09:00,2490.0,2525.0,2400.0,2495.0,94727,0.0,0.0
2018-11-23 00:00:00+09:00,2500.0,2530.0,2425.0,2530.0,180273,0.0,0.0
2018-11-26 00:00:00+09:00,2780.0,2870.0,2545.0,2550.0,1211118,0.0,0.0
2018-11-27 00:00:00+09:00,2550.0,2590.0,2545.0,2565.0,113002,0.0,0.0
2018-11-28 00:00:00+09:00,2570.0,2590.0,2535.0,2550.0,163343,0.0,0.0
2018-11-29 00:00:00+09:00,2580.0,2590.0,2535.0,2560.0,116638,0.0,0.0
2018-11-30 00:00:00+09:00,2580.0,2640.0,2575.0,2615.0,195244,0.0,0.0
2018-12-03 00:00:00+09:00,2630.0,2635.0,2585.0,2625.0,140523,0.0,0.0
2018-12-04 00:00:00+09:00,2640.0,2650.0,2595.0,2620.0,115059,0.0,0.0
2018-12-05 00:00:00+09:00,2550.0,2735.0,2530.0,2715.0,259962,0.0,0.0
2018-12-06 00:00:00+09:00,2720.0,2720.0,2585.0,2620.0,216588,0.0,0.0
2018-12-07 00:00:00+09:00,2625.0,2660.0,2600.0,2660.0,104448,0.0,0.0
2018-12-10 00:00:00+09:00,2600.0,2635.0,2540.0,2585.0,99556,0.0,0.0
2018-12-11 00:00:00+09:00,2600.0,2600.0,2510.0,2570.0,81467,0.0,0.0
2018-12-12 00:00:00+09:00,2570.0,2670.0,2560.0,2670.0,99763,0.0,0.0
2018-12-13 00:00:00+09:00,2675.0,2690.0,2630.0,2670.0,74954,0.0,0.0
2018-12-14 00:00:00+09:00,2680.0,2780.0,2635.0,2710.0,208530,0.0,0.0
2018-12-17 00:00:00+09:00,2685.0,2900.0,2670.0,2850.0,829542,0.0,0.0
2018-12-18 00:00:00+09:00,2930.0,3040.0,2710.0,3005.0,1591351,0.0,0.0
2018-12-19 00:00:00+09:00,3080.0,3100.0,2950.0,2990.0,1112545,0.0,0.0
2018-12-20 00:00:00+09:00,2985.0,3050.0,2905.0,2985.0,384320,0.0,0.0
2018-12-21 00:00:00+09:00,2910.0,3100.0,2890.0,2960.0,976129,0.0,0.0
2018-12-24 00:00:00+09:00,2930.0,2980.0,2800.0,2800.0,347677,0.0,0.0
2018-12-26 00:00:00+09:00,2735.0,2775.0,2610.0,2630.0,464239,0.0,0.0
2018-12-27 00:00:00+09:00,2660.0,2780.0,2660.0,2685.0,272819,0.0,0.0
2018-12-28 00:00:00+09:00,2685.0,2840.0,2685.0,2780.0,179217,0.0,0.0
2019-01-02 00:00:00+09:00,2840.0,2860.0,2710.0,2710.0,231515,0.0,0.0
2019-01-03 00:00:00+09:00,2700.0,2735.0,2660.0,2660.0,167780,0.0,0.0
2019-01-04 00:00:00+09:00,2640.0,2835.0,2605.0,2780.0,275239,0.0,0.0
2019-01-07 00:00:00+09:00,2805.0,2840.0,2725.0,2755.0,290485,0.0,0.0
2019-01-08 00:00:00+09:00,2805.0,2805.0,2720.0,2740.0,118475,0.0,0.0
2019-01-09 00:00:00+09:00,2760.0,2885.0,2730.0,2835.0,243216,0.0,0.0
2019-01-10 00:00:00+09:00,2830.0,2870.0,2800.0,2815.0,92238,0.0,0.0
2019-01-11 00:00:00+09:00,2825.0,2850.0,2810.0,2810.0,84927,0.0,0.0
2019-01-14 00:00:00+09:00,2850.0,2855.0,2790.0,2800.0,99854,0.0,0.0
2019-01-15 00:00:00+09:00,2795.0,2840.0,2775.0,2780.0,108729,0.0,0.0
2019-01-16 00:00:00+09:00,2800.0,2860.0,2775.0,2815.0,183603,0.0,0.0
2019-01-17 00:00:00+09:00,2855.0,2855.0,2760.0,2780.0,101514,0.0,0.0
2019-01-18 00:00:00+09:00,2800.0,2830.0,2740.0,2825.0,105707,0.0,0.0
2019-01-21 00:00:00+09:00,2815.0,2935.0,2815.0,2905.0,276069,0.0,0.0
2019-01-22 00:00:00+09:00,2905.0,2935.0,2845.0,2890.0,123672,0.0,0.0
2019-01-23 00:00:00+09:00,2910.0,2910.0,2845.0,2890.0,118496,0.0,0.0
2019-01-24 00:00:00+09:00,2915.0,2915.0,2860.0,2880.0,87488,0.0,0.0
2019-01-25 00:00:00+09:00,2880.0,2905.0,2855.0,2865.0,83394,0.0,0.0
2019-01-28 00:00:00+09:00,2885.0,2895.0,2830.0,2830.0,130832,0.0,0.0
2019-01-29 00:00:00+09:00,2830.0,2875.0,2760.0,2835.0,208418,0.0,0.0
2019-01-30 00:00:00+09:00,2885.0,2885.0,2830.0,2840.0,127604,0.0,0.0
2019-01-31 00:00:00+09:00,2840.0,2920.0,2840.0,2865.0,242299,0.0,0.0
2019-02-01 00:00:00+09:00,2910.0,2920.0,2770.0,2790.0,385723,0.0,0.0
2019-02-07 00:00:00+09:00,2760.0,2825.0,2715.0,2815.0,202426,0.0,0.0
2019-02-08 00:00:00+09:00,2815.0,2845.0,2800.0,2830.0,56939,0.0,0.0
2019-02-11 00:00:00+09:00,2850.0,2930.0,2845.0,2905.0,264580,0.0,0.0
2019-02-12 00:00:00+09:00,2920.0,2945.0,2850.0,2875.0,202804,0.0,0.0
2019-02-13 00:00:00+09:00,2880.0,3065.0,2830.0,3040.0,1677965,0.0,0.0
2019-02-14 00:00:00+09:00,3060.0,3195.0,2965.0,3195.0,1253435,0.0,0.0
2019-02-15 00:00:00+09:00,3470.0,3655.0,3075.0,3105.0,7494929,0.0,0.0
2019-02-18 00:00:00+09:00,3175.0,3785.0,3110.0,3565.0,15074900,0.0,0.0
2019-02-19 00:00:00+09:00,3500.0,3660.0,3400.0,3620.0,4217214,0.0,0.0
2019-02-20 00:00:00+09:00,3720.0,3725.0,3430.0,3435.0,2188090,0.0,0.0
2019-02-21 00:00:00+09:00,3415.0,3555.0,3275.0,3315.0,1462591,0.0,0.0
2019-02-22 00:00:00+09:00,3300.0,3405.0,3250.0,3405.0,1876669,0.0,0.0
2019-02-25 00:00:00+09:00,3395.0,3405.0,3175.0,3190.0,977224,0.0,0.0
2019-02-26 00:00:00+09:00,3215.0,3260.0,3135.0,3135.0,580225,0.0,0.0
2019-02-27 00:00:00+09:00,3140.0,3210.0,3130.0,3140.0,349384,0.0,0.0
2019-02-28 00:00:00+09:00,3140.0,3235.0,2945.0,2970.0,925729,0.0,0.0
2019-03-04 00:00:00+09:00,3030.0,3155.0,3030.0,3080.0,400952,0.0,0.0
2019-03-05 00:00:00+09:00,3065.0,3160.0,3065.0,3110.0,220818,0.0,0.0
2019-03-06 00:00:00+09:00,3110.0,3145.0,3070.0,3080.0,473248,0.0,0.0
2019-03-07 00:00:00+09:00,3130.0,3210.0,2930.0,2975.0,619838,0.0,0.0
2019-03-08 00:00:00+09:00,2975.0,3045.0,2950.0,2980.0,130060,0.0,0.0
2019-03-11 00:00:00+09:00,2960.0,3015.0,2830.0,2830.0,483364,0.0,0.0
2019-03-12 00:00:00+09:00,2865.0,2905.0,2810.0,2845.0,307022,0.0,0.0
2019-03-13 00:00:00+09:00,2850.0,2855.0,2795.0,2795.0,259899,0.0,0.0
2019-03-14 00:00:00+09:00,2800.0,2970.0,2800.0,2950.0,568100,0.0,0.0
2019-03-15 00:00:00+09:00,2970.0,2985.0,2785.0,2870.0,519817,0.0,0.0
2019-03-18 00:00:00+09:00,2885.0,2890.0,2825.0,2845.0,231992,0.0,0.0
2019-03-19 00:00:00+09:00,2865.0,2880.0,2790.0,2815.0,380448,0.0,0.0
2019-03-20 00:00:00+09:00,2815.0,2835.0,2685.0,2735.0,550932,0.0,0.0
2019-03-21 00:00:00+09:00,2725.0,2795.0,2670.0,2710.0,239156,0.0,0.0
2019-03-22 00:00:00+09:00,2735.0,2745.0,2685.0,2715.0,127619,0.0,0.0
2019-03-25 00:00:00+09:00,2660.0,2705.0,2660.0,2700.0,119596,0.0,0.0
2019-03-26 00:00:00+09:00,2700.0,2740.0,2655.0,2715.0,170063,0.0,0.0
2019-03-27 00:00:00+09:00,2710.0,2725.0,2665.0,2695.0,85247,0.0,0.0
2019-03-28 00:00:00+09:00,2695.0,2705.0,2640.0,2665.0,241911,0.0,0.0
2019-03-29 00:00:00+09:00,2645.0,2785.0,2645.0,2770.0,223442,0.0,0.0
2019-04-01 00:00:00+09:00,2765.0,2835.0,2740.0,2800.0,206006,0.0,0.0
2019-04-02 00:00:00+09:00,2805.0,2835.0,2760.0,2780.0,141917,0.0,0.0
2019-04-03 00:00:00+09:00,2785.0,2835.0,2785.0,2820.0,189570,0.0,0.0
2019-04-04 00:00:00+09:00,2805.0,2860.0,2805.0,2820.0,309403,0.0,0.0
2019-04-05 00:00:00+09:00,2950.0,3100.0,2820.0,2820.0,1599134,0.0,0.0
2019-04-08 00:00:00+09:00,2840.0,2860.0,2795.0,2810.0,206684,0.0,0.0
2019-04-09 00:00:00+09:00,2810.0,2845.0,2775.0,2785.0,149635,0.0,0.0
2019-04-10 00:00:00+09:00,2780.0,2830.0,2765.0,2830.0,165696,0.0,0.0
2019-04-11 00:00:00+09:00,2845.0,2850.0,2800.0,2825.0,125473,0.0,0.0
2019-04-12 00:00:00+09:00,2825.0,2850.0,2800.0,2830.0,130836,0.0,0.0
2019-04-15 00:00:00+09:00,2830.0,2860.0,2820.0,2830.0,148602,0.0,0.0
2019-04-16 00:00:00+09:00,2830.0,2830.0,2720.0,2755.0,304282,0.0,0.0
2019-04-17 00:00:00+09:00,2755.0,2775.0,2740.0,2765.0,161577,0.0,0.0
2019-04-18 00:00:00+09:00,2835.0,2840.0,2765.0,2770.0,257720,0.0,0.0
2019-04-19 00:00:00+09:00,2770.0,2860.0,2770.0,2850.0,223956,0.0,0.0
2019-04-22 00:00:00+09:00,2850.0,2870.0,2805.0,2830.0,119693,0.0,0.0
2019-04-23 00:00:00+09:00,2830.0,2855.0,2745.0,2750.0,300797,0.0,0.0
2019-04-24 00:00:00+09:00,2755.0,2755.0,2705.0,2740.0,224211,0.0,0.0
2019-04-25 00:00:00+09:00,2735.0,2735.0,2575.0,2620.0,375748,0.0,0.0
2019-04-26 00:00:00+09:00,2645.0,2645.0,2530.0,2535.0,247817,0.0,0.0
2019-04-29 00:00:00+09:00,2535.0,2595.0,2530.0,2570.0,92959,0.0,0.0
2019-04-30 00:00:00+09:00,2595.0,2595.0,2555.0,2590.0,45142,0.0,0.0
2019-05-02 00:00:00+09:00,2605.0,2695.0,2590.0,2685.0,113447,0.0,0.0
2019-05-03 00:00:00+09:00,2700.0,2700.0,2650.0,2670.0,63701,0.0,0.0
2019-05-07 00:00:00+09:00,2635.0,2645.0,2590.0,2630.0,91249,0.0,0.0
2019-05-08 00:00:00+09:00,2600.0,2630.0,2565.0,2580.0,136424,0.0,0.0
2019-05-09 00:00:00+09:00,2580.0,2585.0,2460.0,2485.0,265296,0.0,0.0
2019-05-10 00:00:00+09:00,2460.0,2525.0,2415.0,2465.0,169559,0.0,0.0
2019-05-13 00:00:00+09:00,2440.0,2470.0,2405.0,2405.0,87764,0.0,0.0
2019-05-14 00:00:00+09:00,2320.0,2470.0,2295.0,2470.0,180828,0.0,0.0
2019-05-15 00:00:00+09:00,2470.0,2770.0,2455.0,2635.0,834102,0.0,0.0
2019-05-16 00:00:00+09:00,2650.0,2655.0,2535.0,2560.0,219956,0.0,0.0
2019-05-17 00:00:00+09:00,2560.0,2640.0,2550.0,2585.0,194450,0.0,0.0
2019-05-20 00:00:00+09:00,2615.0,2795.0,2600.0,2630.0,1157816,0.0,0.0
2019-05-21 00:00:00+09:00,2605.0,2760.0,2605.0,2645.0,517018,0.0,0.0
2019-05-22 00:00:00+09:00,2640.0,2725.0,2555.0,2675.0,355847,0.0,0.0
2019-05-23 00:00:00+09:00,2650.0,2795.0,2635.0,2715.0,651824,0.0,0.0
2019-05-24 00:00:00+09:00,2740.0,2755.0,2665.0,2750.0,291036,0.0,0.0
2019-05-27 00:00:00+09:00,2750.0,2800.0,2675.0,2750.0,251907,0.0,0.0
2019-05-28 00:00:00+09:00,2750.0,2765.0,2700.0,2705.0,176095,0.0,0.0
2019-05-29 00:00:00+09:00,2700.0,2710.0,2650.0,2650.0,105999,0.0,0.0
2019-05-30 00:00:00+09:00,2700.0,2700.0,2620.0,2660.0,83204,0.0,0.0
2019-05-31 00:00:00+09:00,2660.0,2760.0,2645.0,2735.0,125490,0.0,0.0
2019-06-03 00:00:00+09:00,2720.0,2840.0,2710.0,2800.0,383682,0.0,0.0
2019-06-04 00:00:00+09:00,2795.0,2880.0,2770.0,2780.0,277588,0.0,0.0
2019-06-05 00:00:00+09:00,2780.0,2850.0,2780.0,2800.0,200511,0.0,0.0
2019-06-07 00:00:00+09:00,2800.0,2890.0,2800.0,2875.0,435937,0.0,0.0
2019-06-10 00:00:00+09:00,2910.0,2930.0,2840.0,2920.0,359097,0.0,0.0
2019-06-11 00:00:00+09:00,2930.0,2950.0,2895.0,2920.0,192550,0.0,0.0
2019-06-12 00:00:00+09:00,2920.0,2940.0,2855.0,2895.0,196690,0.0,0.0
2019-06-13 00:00:00+09:00,2900.0,2935.0,2860.0,2905.0,128467,0.0,0.0
2019-06-14 00:00:00+09:00,2930.0,2930.0,2845.0,2875.0,108643,0.0,0.0
2019-06-17 00:00:00+09:00,2885.0,2920.0,2845.0,2920.0,149773,0.0,0.0
2019-06-18 00:00:00+09:00,2895.0,3010.0,2890.0,3005.0,467588,0.0,0.0
2019-06-19 00:00:00+09:00,3005.0,3040.0,2970.0,3010.0,291879,0.0,0.0
2019-06-20 00:00:00+09:00,3035.0,3180.0,3010.0,3065.0,941945,0.0,0.0
2019-06-21 00:00:00+09:00,3100.0,3100.0,2965.0,2995.0,349391,0.0,0.0
2019-06-24 00:00:00+09:00,3005.0,3015.0,2900.0,2900.0,232641,0.0,0.0
2019-06-25 00:00:00+09:00,2900.0,3035.0,2900.0,3000.0,386695,0.0,0.0
2019-06-26 00:00:00+09:00,3010.0,3070.0,2895.0,2930.0,341122,0.0,0.0
2019-06-27 00:00:00+09:00,2920.0,2950.0,2850.0,2885.0,143540,0.0,0.0
2019-06-28 00:00:00+09:00,2860.0,2915.0,2780.0,2800.0,260620,0.0,0.0
2019-07-01 00:00:00+09:00,2805.0,2900.0,2795.0,2895.0,291575,0.0,0.0
2019-07-02 00:00:00+09:00,2900.0,2940.0,2735.0,2820.0,380960,0.0,0.0
2019-07-03 00:00:00+09:00,2820.0,2845.0,2750.0,2750.0,168794,0.0,0.0
2019-07-04 00:00:00+09:00,2790.0,2805.0,2730.0,2785.0,105399,0.0,0.0
2019-07-05 00:00:00+09:00,2810.0,2820.0,2750.0,2795.0,51142,0.0,0.0
2019-07-08 00:00:00+09:00,2795.0,2825.0,2675.0,2770.0,215147,0.0,0.0
2019-07-09 00:00:00+09:00,2765.0,2765.0,2620.0,2660.0,243259,0.0,0.0
2019-07-10 00:00:00+09:00,2605.0,2695.0,2605.0,2640.0,144259,0.0,0.0
2019-07-11 00:00:00+09:00,2675.0,2725.0,2650.0,2685.0,111088,0.0,0.0
2019-07-12 00:00:00+09:00,2685.0,2740.0,2680.0,2735.0,68951,0.0,0.0
2019-07-15 00:00:00+09:00,2730.0,2750.0,2670.0,2745.0,88090,0.0,0.0
2019-07-16 00:00:00+09:00,2745.0,2755.0,2660.0,2695.0,145342,0.0,0.0
2019-07-17 00:00:00+09:00,2665.0,2690.0,2590.0,2595.0,163100,0.0,0.0
2019-07-18 00:00:00+09:00,2570.0,2640.0,2570.0,2615.0,79045,0.0,0.0
2019-07-19 00:00:00+09:00,2615.0,2685.0,2615.0,2680.0,66851,0.0,0.0
2019-07-22 00:00:00+09:00,2705.0,2705.0,2610.0,2660.0,60120,0.0,0.0
2019-07-23 00:00:00+09:00,2660.0,2690.0,2610.0,2670.0,75311,0.0,0.0
2019-07-24 00:00:00+09:00,2670.0,2720.0,2635.0,2645.0,40305,0.0,0.0
2019-07-25 00:00:00+09:00,2645.0,2650.0,2560.0,2585.0,166481,0.0,0.0
2019-07-26 00:00:00+09:00,2555.0,2595.0,2480.0,2545.0,108660,0.0,0.0
2019-07-29 00:00:00+09:00,2490.0,2505.0,2345.0,2345.0,195338,0.0,0.0
2019-07-30 00:00:00+09:00,2300.0,2485.0,2285.0,2435.0,122191,0.0,0.0
2019-07-31 00:00:00+09:00,2400.0,2485.0,2360.0,2485.0,83993,0.0,0.0
2019-08-01 00:00:00+09:00,2485.0,2510.0,2400.0,2485.0,65576,0.0,0.0
2019-08-02 00:00:00+09:00,2415.0,2480.0,2405.0,2450.0,89202,0.0,0.0
2019-08-05 00:00:00+09:00,2450.0,2450.0,2210.0,2280.0,156959,0.0,0.0
2019-08-06 00:00:00+09:00,2140.0,2345.0,2120.0,2200.0,214911,0.0,0.0
2019-08-07 00:00:00+09:00,2170.0,2340.0,2170.0,2260.0,190916,0.0,0.0
2019-08-08 00:00:00+09:00,2300.0,2365.0,2280.0,2360.0,186413,0.0,0.0
2019-08-09 00:00:00+09:00,2365.0,2460.0,2365.0,2435.0,70370,0.0,0.0
2019-08-12 00:00:00+09:00,2400.0,2545.0,2375.0,2545.0,91971,0.0,0.0
2019-08-13 00:00:00+09:00,2530.0,2560.0,2495.0,2560.0,80402,0.0,0.0
2019-08-14 00:00:00+09:00,2560.0,2680.0,2520.0,2550.0,321577,0.0,0.0
2019-08-16 00:00:00+09:00,2550.0,2585.0,2490.0,2520.0,128270,0.0,0.0
2019-08-19 00:00:00+09:00,2520.0,2550.0,2470.0,2505.0,62453,0.0,0.0
2019-08-20 00:00:00+09:00,2530.0,2580.0,2520.0,2550.0,99768,0.0,0.0
2019-08-21 00:00:00+09:00,2560.0,2585.0,2545.0,2575.0,50044,0.0,0.0
2019-08-22 00:00:00+09:00,2580.0,2590.0,2500.0,2555.0,78716,0.0,0.0
2019-08-23 00:00:00+09:00,2510.0,2540.0,2495.0,2515.0,72340,0.0,0.0
2019-08-26 00:00:00+09:00,2435.0,2475.0,2385.0,2440.0,80204,0.0,0.0
2019-08-27 00:00:00+09:00,2405.0,2480.0,2405.0,2445.0,98200,0.0,0.0
2019-08-28 00:00:00+09:00,2430.0,2475.0,2410.0,2475.0,57877,0.0,0.0
2019-08-29 00:00:00+09:00,2475.0,2495.0,2425.0,2440.0,39708,0.0,0.0
2019-08-30 00:00:00+09:00,2460.0,2545.0,2450.0,2535.0,69273,0.0,0.0
2019-09-02 00:00:00+09:00,2555.0,2560.0,2500.0,2550.0,49868,0.0,0.0
2019-09-03 00:00:00+09:00,2550.0,2620.0,2530.0,2620.0,197730,0.0,0.0
2019-09-04 00:00:00+09:00,2610.0,2665.0,2610.0,2650.0,132139,0.0,0.0
2019-09-05 00:00:00+09:00,2650.0,2705.0,2630.0,2685.0,156554,0.0,0.0
2019-09-06 00:00:00+09:00,2685.0,2695.0,2640.0,2690.0,58294,0.0,0.0
2019-09-09 00:00:00+09:00,2720.0,2760.0,2505.0,2655.0,378681,0.0,0.0
2019-09-10 00:00:00+09:00,2645.0,2645.0,2550.0,2615.0,146183,0.0,0.0
2019-09-11 00:00:00+09:00,2610.0,2640.0,2585.0,2630.0,114103,0.0,0.0
2019-09-16 00:00:00+09:00,2630.0,2665.0,2590.0,2600.0,91743,0.0,0.0
2019-09-17 00:00:00+09:00,2585.0,2670.0,2585.0,2650.0,108004,0.0,0.0
2019-09-18 00:00:00+09:00,2635.0,2660.0,2605.0,2645.0,90199,0.0,0.0
2019-09-19 00:00:00+09:00,2630.0,2715.0,2610.0,2695.0,156704,0.0,0.0
2019-09-20 00:00:00+09:00,2695.0,2800.0,2665.0,2800.0,590756,0.0,0.0
2019-09-23 00:00:00+09:00,2800.0,2865.0,2750.0,2820.0,560311,0.0,0.0
2019-09-24 00:00:00+09:00,2810.0,2905.0,2805.0,2805.0,283910,0.0,0.0
2019-09-25 00:00:00+09:00,2825.0,2825.0,2725.0,2795.0,306752,0.0,0.0
2019-09-26 00:00:00+09:00,2805.0,2830.0,2710.0,2775.0,196876,0.0,0.0
2019-09-27 00:00:00+09:00,2760.0,2765.0,2685.0,2690.0,118432,0.0,0.0
2019-09-30 00:00:00+09:00,2690.0,2720.0,2580.0,2710.0,164113,0.0,0.0
2019-10-01 00:00:00+09:00,2720.0,2730.0,2650.0,2700.0,118694,0.0,0.0
2019-10-02 00:00:00+09:00,2720.0,2720.0,2640.0,2685.0,65564,0.0,0.0
2019-10-04 00:00:00+09:00,2680.0,2735.0,2645.0,2695.0,77883,0.0,0.0
2019-10-07 00:00:00+09:00,2660.0,2695.0,2580.0,2640.0,143718,0.0,0.0
2019-10-08 00:00:00+09:00,2610.0,2645.0,2590.0,2630.0,63411,0.0,0.0
2019-10-10 00:00:00+09:00,2635.0,2635.0,2575.0,2600.0,62434,0.0,0.0
2019-10-11 00:00:00+09:00,2600.0,2625.0,2580.0,2580.0,47645,0.0,0.0
2019-10-14 00:00:00+09:00,2620.0,2730.0,2585.0,2705.0,177336,0.0,0.0
2019-10-15 00:00:00+09:00,2705.0,2820.0,2690.0,2800.0,305145,0.0,0.0
2019-10-16 00:00:00+09:00,2800.0,2845.0,2750.0,2820.0,222750,0.0,0.0
2019-10-17 00:00:00+09:00,2820.0,2845.0,2730.0,2735.0,194229,0.0,0.0
2019-10-18 00:00:00+09:00,2740.0,2830.0,2730.0,2780.0,232450,0.0,0.0
2019-10-21 00:00:00+09:00,2780.0,2795.0,2725.0,2740.0,160302,0.0,0.0
2019-10-22 00:00:00+09:00,2725.0,2785.0,2725.0,2760.0,88692,0.0,0.0
2019-10-23 00:00:00+09:00,2785.0,2785.0,2670.0,2730.0,87259,0.0,0.0
2019-10-24 00:00:00+09:00,2730.0,2755.0,2650.0,2670.0,105268,0.0,0.0
2019-10-25 00:00:00+09:00,2700.0,2810.0,2655.0,2790.0,225183,0.0,0.0
2019-10-28 00:00:00+09:00,2745.0,2850.0,2745.0,2790.0,316968,0.0,0.0
2019-10-29 00:00:00+09:00,2825.0,2830.0,2740.0,2785.0,100298,0.0,0.0
2019-10-30 00:00:00+09:00,2785.0,2795.0,2720.0,2745.0,105372,0.0,0.0
2019-10-31 00:00:00+09:00,2720.0,2805.0,2720.0,2790.0,122766,0.0,0.0
2019-11-01 00:00:00+09:00,2760.0,2815.0,2760.0,2780.0,67978,0.0,0.0
2019-11-04 00:00:00+09:00,2780.0,2950.0,2780.0,2870.0,568323,0.0,0.0
2019-11-05 00:00:00+09:00,2870.0,2905.0,2855.0,2885.0,171772,0.0,0.0
2019-11-06 00:00:00+09:00,2870.0,2935.0,2860.0,2880.0,184281,0.0,0.0
2019-11-07 00:00:00+09:00,2885.0,2900.0,2835.0,2880.0,109737,0.0,0.0
2019-11-08 00:00:00+09:00,2880.0,2890.0,2825.0,2840.0,100914,0.0,0.0
2019-11-11 00:00:00+09:00,2825.0,2895.0,2810.0,2885.0,165650,0.0,0.0
2019-11-12 00:00:00+09:00,2895.0,2920.0,2845.0,2870.0,208930,0.0,0.0
2019-11-13 00:00:00+09:00,2870.0,2885.0,2830.0,2865.0,100445,0.0,0.0
2019-11-14 00:00:00+09:00,2865.0,2910.0,2820.0,2910.0,293566,0.0,0.0
2019-11-15 00:00:00+09:00,2880.0,2900.0,2740.0,2785.0,445475,0.0,0.0
2019-11-18 00:00:00+09:00,2785.0,2845.0,2755.0,2830.0,190232,0.0,0.0
2019-11-19 00:00:00+09:00,2835.0,2910.0,2810.0,2815.0,308751,0.0,0.0
2019-11-20 00:00:00+09:00,2815.0,2860.0,2745.0,2800.0,195249,0.0,0.0
2019-11-21 00:00:00+09:00,2760.0,2800.0,2680.0,2715.0,211009,0.0,0.0
2019-11-22 00:00:00+09:00,2715.0,2770.0,2710.0,2745.0,98404,0.0,0.0
2019-11-25 00:00:00+09:00,2750.0,2795.0,2750.0,2780.0,87594,0.0,0.0
2019-11-26 00:00:00+09:00,2785.0,2915.0,2785.0,2850.0,379688,0.0,0.0
2019-11-27 00:00:00+09:00,2855.0,2875.0,2820.0,2845.0,138087,0.0,0.0
2019-11-28 00:00:00+09:00,2835.0,2855.0,2775.0,2795.0,142300,0.0,0.0
2019-11-29 00:00:00+09:00,2770.0,2795.0,2745.0,2780.0,96062,0.0,0.0
2019-12-02 00:00:00+09:00,2780.0,2780.0,2745.0,2760.0,86318,0.0,0.0
2019-12-03 00:00:00+09:00,2750.0,2800.0,2725.0,2765.0,83401,0.0,0.0
2019-12-04 00:00:00+09:00,2770.0,2795.0,2745.0,2780.0,78843,0.0,0.0
2019-12-05 00:00:00+09:00,2765.0,2810.0,2720.0,2765.0,106369,0.0,0.0
2019-12-06 00:00:00+09:00,2765.0,2805.0,2740.0,2800.0,76507,0.0,0.0
2019-12-09 00:00:00+09:00,2775.0,2855.0,2775.0,2805.0,99815,0.0,0.0
2019-12-10 00:00:00+09:00,2815.0,2890.0,2805.0,2845.0,218623,0.0,0.0
2019-12-11 00:00:00+09:00,2860.0,2935.0,2830.0,2925.0,339611,0.0,0.0
2019-12-12 00:00:00+09:00,2905.0,2915.0,2845.0,2885.0,372539,0.0,0.0
2019-12-13 00:00:00+09:00,2885.0,2885.0,2795.0,2880.0,182903,0.0,0.0
2019-12-16 00:00:00+09:00,2950.0,2950.0,2820.0,2900.0,158341,0.0,0.0
2019-12-17 00:00:00+09:00,2860.0,2895.0,2850.0,2850.0,143549,0.0,0.0
2019-12-18 00:00:00+09:00,2870.0,2920.0,2840.0,2910.0,170041,0.0,0.0
2019-12-19 00:00:00+09:00,2915.0,2925.0,2860.0,2890.0,126638,0.0,0.0
2019-12-20 00:00:00+09:00,2905.0,2915.0,2865.0,2890.0,135813,0.0,0.0
2019-12-23 00:00:00+09:00,2930.0,2965.0,2860.0,2860.0,236244,0.0,0.0
2019-12-24 00:00:00+09:00,2850.0,2880.0,2815.0,2860.0,82748,0.0,0.0
2019-12-26 00:00:00+09:00,2860.0,2890.0,2855.0,2870.0,117785,0.0,0.0
2019-12-27 00:00:00+09:00,2870.0,2915.0,2865.0,2910.0,120835,0.0,0.0
2019-12-30 00:00:00+09:00,2910.0,2985.0,2890.0,2985.0,412010,0.0,0.0
2020-01-02 00:00:00+09:00,3065.0,3120.0,2910.0,2990.0,1027024,0.0,0.0
2020-01-03 00:00:00+09:00,2990.0,3020.0,2935.0,2965.0,285393,0.0,0.0
2020-01-06 00:00:00+09:00,2915.0,2935.0,2865.0,2895.0,251658,0.0,0.0
2020-01-07 00:00:00+09:00,2900.0,2995.0,2895.0,2945.0,215100,0.0,0.0
2020-01-08 00:00:00+09:00,2945.0,2970.0,2810.0,2830.0,440271,0.0,0.0
2020-01-09 00:00:00+09:00,2865.0,2950.0,2865.0,2935.0,295366,0.0,0.0
2020-01-10 00:00:00+09:00,2975.0,2975.0,2905.0,2925.0,161354,0.0,0.0
2020-01-13 00:00:00+09:00,3010.0,3015.0,2945.0,2970.0,227034,0.0,0.0
2020-01-14 00:00:00+09:00,3000.0,3005.0,2940.0,2980.0,166351,0.0,0.0
2020-01-15 00:00:00+09:00,2980.0,3005.0,2945.0,2970.0,117525,0.0,0.0
2020-01-16 00:00:00+09:00,2970.0,2990.0,2950.0,2980.0,103587,0.0,0.0
2020-01-17 00:00:00+09:00,2980.0,2995.0,2940.0,2985.0,156241,0.0,0.0
2020-01-20 00:00:00+09:00,3000.0,3000.0,2945.0,2960.0,99943,0.0,0.0
2020-01-21 00:00:00+09:00,2960.0,2965.0,2880.0,2910.0,150990,0.0,0.0
2020-01-22 00:00:00+09:00,2910.0,2935.0,2880.0,2905.0,77281,0.0,0.0
2020-01-23 00:00:00+09:00,2905.0,2930.0,2880.0,2900.0,87017,0.0,0.0
2020-01-28 00:00:00+09:00,2775.0,2850.0,2770.0,2800.0,253638,0.0,0.0
2020-01-29 00:00:00+09:00,2805.0,2820.0,2770.0,2805.0,121463,0.0,0.0
2020-01-30 00:00:00+09:00,2810.0,2825.0,2740.0,2800.0,157455,0.0,0.0
2020-01-31 00:00:00+09:00,2785.0,2805.0,2680.0,2725.0,210957,0.0,0.0
2020-02-03 00:00:00+09:00,2650.0,2735.0,2580.0,2710.0,138256,0.0,0.0
2020-02-04 00:00:00+09:00,2710.0,2820.0,2690.0,2820.0,114606,0.0,0.0
2020-02-05 00:00:00+09:00,2810.0,2855.0,2750.0,2775.0,128756,0.0,0.0
2020-02-06 00:00:00+09:00,2775.0,2840.0,2775.0,2810.0,77865,0.0,0.0
2020-02-07 00:00:00+09:00,2810.0,2840.0,2780.0,2820.0,70999,0.0,0.0
2020-02-10 00:00:00+09:00,2820.0,3200.0,2795.0,3010.0,2822198,0.0,0.0
2020-02-11 00:00:00+09:00,3015.0,3175.0,2960.0,3170.0,2346202,0.0,0.0
2020-02-12 00:00:00+09:00,3180.0,3265.0,3060.0,3210.0,1165329,0.0,0.0
2020-02-13 00:00:00+09:00,3210.0,3210.0,3095.0,3155.0,489553,0.0,0.0
2020-02-14 00:00:00+09:00,3155.0,3220.0,3115.0,3135.0,386338,0.0,0.0
2020-02-17 00:00:00+09:00,3135.0,3235.0,3125.0,3220.0,459311,0.0,0.0
2020-02-18 00:00:00+09:00,3240.0,3270.0,3100.0,3150.0,470656,0.0,0.0
2020-02-19 00:00:00+09:00,3130.0,3170.0,2980.0,3100.0,291970,0.0,0.0
2020-02-20 00:00:00+09:00,3090.0,3185.0,3080.0,3145.0,267681,0.0,0.0
2020-02-21 00:00:00+09:00,3130.0,3270.0,3070.0,3140.0,614234,0.0,0.0
2020-02-24 00:00:00+09:00,3040.0,3090.0,2960.0,3040.0,458649,0.0,0.0
2020-02-25 00:00:00+09:00,3010.0,3175.0,3010.0,3165.0,456348,0.0,0.0
2020-02-26 00:00:00+09:00,3100.0,3225.0,3055.0,3175.0,408545,0.0,0.0
2020-02-27 00:00:00+09:00,3205.0,3330.0,3055.0,3130.0,861450,0.0,0.0
2020-02-28 00:00:00+09:00,3035.0,3110.0,2875.0,2960.0,638288,0.0,0.0
2020-03-02 00:00:00+09:00,2935.0,3020.0,2855.0,3020.0,210435,0.0,0.0
2020-03-03 00:00:00+09:00,3040.0,3060.0,2985.0,3010.0,278661,0.0,0.0
2020-03-04 00:00:00+09:00,2990.0,3120.0,2950.0,3115.0,284970,0.0,0.0
2020-03-05 00:00:00+09:00,3115.0,3195.0,3115.0,3180.0,312602,0.0,0.0
2020-03-06 00:00:00+09:00,3130.0,3160.0,3030.0,3055.0,327741,0.0,0.0
2020-03-09 00:00:00+09:00,3060.0,3060.0,2905.0,2940.0,307588,0.0,0.0
2020-03-10 00:00:00+09:00,2905.0,2955.0,2805.0,2955.0,305622,0.0,0.0
2020-03-11 00:00:00+09:00,2955.0,2970.0,2815.0,2930.0,332390,0.0,0.0
2020-03-12 00:00:00+09:00,2900.0,2900.0,2705.0,2750.0,404263,0.0,0.0
2020-03-13 00:00:00+09:00,2570.0,2640.0,2140.0,2400.0,1046814,0.0,0.0
2020-03-16 00:00:00+09:00,2400.0,2450.0,2190.0,2190.0,504984,0.0,0.0
2020-03-17 00:00:00+09:00,1980.0,2230.0,1980.0,2160.0,470636,0.0,0.0
2020-03-18 00:00:00+09:00,2150.0,2205.0,1950.0,1950.0,440740,0.0,0.0
2020-03-19 00:00:00+09:00,1960.0,2010.0,1400.0,1455.0,1062607,0.0,0.0
2020-03-20 00:00:00+09:00,1470.0,1620.0,1460.0,1590.0,445399,0.0,0.0
2020-03-23 00:00:00+09:00,1495.0,1620.0,1410.0,1525.0,249795,0.0,0.0
2020-03-24 00:00:00+09:00,1595.0,1695.0,1540.0,1695.0,339115,0.0,0.0
2020-03-25 00:00:00+09:00,1760.0,1885.0,1730.0,1830.0,457513,0.0,0.0
2020-03-26 00:00:00+09:00,1835.0,1990.0,1760.0,1990.0,291339,0.0,0.0
2020-03-27 00:00:00+09:00,2050.0,2120.0,1905.0,2020.0,378522,0.0,0.0
2020-03-30 00:00:00+09:00,1990.0,2150.0,1880.0,2140.0,213072,0.0,0.0
2020-03-31 00:00:00+09:00,2145.0,2225.0,2025.0,2185.0,316876,0.0,0.0
2020-04-01 00:00:00+09:00,2175.0,2250.0,2090.0,2145.0,254086,0.0,0.0
2020-04-02 00:00:00+09:00,2135.0,2185.0,2055.0,2185.0,200028,0.0,0.0
2020-04-03 00:00:00+09:00,2200.0,2260.0,2135.0,2195.0,227992,0.0,0.0
2020-04-06 00:00:00+09:00,2195.0,2290.0,2180.0,2290.0,461401,0.0,0.0
2020-04-07 00:00:00+09:00,2390.0,2390.0,2160.0,2345.0,394855,0.0,0.0
2020-04-08 00:00:00+09:00,2350.0,2410.0,2260.0,2380.0,285481,0.0,0.0
2020-04-09 00:00:00+09:00,2420.0,2430.0,2300.0,2350.0,376134,0.0,0.0
2020-04-10 00:00:00+09:00,2365.0,2370.0,2210.0,2320.0,223582,0.0,0.0
2020-04-13 00:00:00+09:00,2315.0,2320.0,2215.0,2220.0,245280,0.0,0.0
2020-04-14 00:00:00+09:00,2275.0,2330.0,2220.0,2310.0,200661,0.0,0.0
2020-04-16 00:00:00+09:00,2305.0,2355.0,2235.0,2350.0,145514,0.0,0.0
2020-04-17 00:00:00+09:00,2370.0,2940.0,2330.0,2640.0,4077064,0.0,0.0
2020-04-20 00:00:00+09:00,2610.0,2705.0,2580.0,2635.0,541100,0.0,0.0
2020-04-21 00:00:00+09:00,2590.0,2625.0,2335.0,2525.0,568389,0.0,0.0
2020-04-22 00:00:00+09:00,2450.0,2590.0,2410.0,2580.0,172808,0.0,0.0
2020-04-23 00:00:00+09:00,2615.0,2615.0,2510.0,2560.0,234178,0.0,0.0
2020-04-24 00:00:00+09:00,2510.0,2560.0,2440.0,2505.0,200096,0.0,0.0
2020-04-27 00:00:00+09:00,2500.0,2545.0,2495.0,2505.0,120212,0.0,0.0
2020-04-28 00:00:00+09:00,2515.0,2525.0,2450.0,2480.0,107951,0.0,0.0
2020-04-29 00:00:00+09:00,2500.0,2545.0,2475.0,2510.0,121983,0.0,0.0
2020-05-04 00:00:00+09:00,2500.0,2570.0,2445.0,2515.0,150155,0.0,0.0
2020-05-06 00:00:00+09:00,2530.0,2585.0,2510.0,2560.0,201348,0.0,0.0
2020-05-07 00:00:00+09:00,2560.0,2630.0,2550.0,2615.0,194517,0.0,0.0
2020-05-08 00:00:00+09:00,2635.0,2645.0,2575.0,2620.0,209085,0.0,0.0
2020-05-11 00:00:00+09:00,2625.0,2625.0,2545.0,2560.0,160875,0.0,0.0
2020-05-12 00:00:00+09:00,2560.0,2595.0,2465.0,2505.0,137696,0.0,0.0
2020-05-13 00:00:00+09:00,2480.0,2515.0,2445.0,2515.0,121908,0.0,0.0
2020-05-14 00:00:00+09:00,2480.0,2505.0,2430.0,2445.0,201252,0.0,0.0
2020-05-15 00:00:00+09:00,2445.0,2900.0,2420.0,2595.0,2822710,0.0,0.0
2020-05-18 00:00:00+09:00,2620.0,3000.0,2515.0,2770.0,3263360,0.0,0.0
2020-05-19 00:00:00+09:00,2770.0,3115.0,2725.0,2995.0,3465047,0.0,0.0
2020-05-20 00:00:00+09:00,2960.0,3090.0,2900.0,3050.0,1035704,0.0,0.0
2020-05-21 00:00:00+09:00,3080.0,3115.0,2970.0,3010.0,580310,0.0,0.0
2020-05-22 00:00:00+09:00,3010.0,3090.0,2900.0,3020.0,563385,0.0,0.0
2020-05-25 00:00:00+09:00,3040.0,3245.0,3040.0,3195.0,955928,0.0,0.0
2020-05-26 00:00:00+09:00,3285.0,3285.0,3095.0,3180.0,502044,0.0,0.0
2020-05-27 00:00:00+09:00,3170.0,3260.0,3065.0,3175.0,503841,0.0,0.0
2020-05-28 00:00:00+09:00,3160.0,3175.0,2920.0,3070.0,810332,0.0,0.0
2020-05-29 00:00:00+09:00,3045.0,3055.0,2905.0,2985.0,449825,0.0,0.0
2020-06-01 00:00:00+09:00,2975.0,3080.0,2960.0,2995.0,404141,0.0,0.0
2020-06-02 00:00:00+09:00,3045.0,3045.0,2945.0,2950.0,255493,0.0,0.0
2020-06-03 00:00:00+09:00,2960.0,3005.0,2870.0,2945.0,357393,0.0,0.0
2020-06-04 00:00:00+09:00,2945.0,3030.0,2925.0,3020.0,392533,0.0,0.0
2020-06-05 00:00:00+09:00,3025.0,3060.0,2945.0,2995.0,328588,0.0,0.0
2020-06-08 00:00:00+09:00,3005.0,3020.0,2950.0,2995.0,217872,0.0,0.0
2020-06-09 00:00:00+09:00,3020.0,3180.0,3000.0,3050.0,1137415,0.0,0.0
2020-06-10 00:00:00+09:00,3040.0,3040.0,2935.0,2970.0,480605,0.0,0.0
2020-06-11 00:00:00+09:00,2945.0,3035.0,2915.0,3000.0,638564,0.0,0.0
2020-06-12 00:00:00+09:00,2870.0,2950.0,2800.0,2930.0,417252,0.0,0.0
2020-06-15 00:00:00+09:00,2890.0,2915.0,2575.0,2620.0,536284,0.0,0.0
2020-06-16 00:00:00+09:00,2690.0,2785.0,2650.0,2770.0,496537,0.0,0.0
2020-06-17 00:00:00+09:00,2710.0,2785.0,2650.0,2685.0,367377,0.0,0.0
2020-06-18 00:00:00+09:00,2700.0,2770.0,2645.0,2660.0,268271,0.0,0.0
2020-06-19 00:00:00+09:00,2680.0,2765.0,2645.0,2750.0,227517,0.0,0.0
2020-06-22 00:00:00+09:00,2740.0,2770.0,2700.0,2715.0,179355,0.0,0.0
2020-06-23 00:00:00+09:00,2735.0,2760.0,2670.0,2680.0,165045,0.0,0.0
2020-06-24 00:00:00+09:00,2685.0,2885.0,2680.0,2810.0,747963,0.0,0.0
2020-06-25 00:00:00+09:00,2780.0,2815.0,2715.0,2795.0,295400,0.0,0.0
2020-06-26 00:00:00+09:00,2795.0,2815.0,2725.0,2740.0,224046,0.0,0.0
2020-06-29 00:00:00+09:00,2720.0,2740.0,2640.0,2700.0,179457,0.0,0.0
2020-06-30 00:00:00+09:00,2705.0,2780.0,2700.0,2720.0,139614,0.0,0.0
2020-07-01 00:00:00+09:00,2765.0,2860.0,2720.0,2770.0,355936,0.0,0.0
2020-07-02 00:00:00+09:00,2755.0,2830.0,2750.0,2775.0,264792,0.0,0.0
2020-07-03 00:00:00+09:00,2790.0,2935.0,2785.0,2830.0,547817,0.0,0.0
2020-07-06 00:00:00+09:00,2830.0,2880.0,2795.0,2875.0,279777,0.0,0.0
2020-07-07 00:00:00+09:00,2885.0,2935.0,2825.0,2855.0,285059,0.0,0.0
2020-07-08 00:00:00+09:00,2830.0,2860.0,2780.0,2840.0,264005,0.0,0.0
2020-07-09 00:00:00+09:00,2865.0,2965.0,2840.0,2870.0,241293,0.0,0.0
2020-07-10 00:00:00+09:00,2870.0,2875.0,2745.0,2775.0,322032,0.0,0.0
2020-07-13 00:00:00+09:00,2800.0,2890.0,2775.0,2890.0,239506,0.0,0.0
2020-07-14 00:00:00+09:00,2870.0,2925.0,2810.0,2910.0,234944,0.0,0.0
2020-07-15 00:00:00+09:00,2910.0,2950.0,2850.0,2895.0,181069,0.0,0.0
2020-07-16 00:00:00+09:00,2950.0,2950.0,2835.0,2885.0,215846,0.0,0.0
2020-07-17 00:00:00+09:00,2900.0,2905.0,2850.0,2875.0,136119,0.0,0.0
2020-07-20 00:00:00+09:00,2870.0,2905.0,2825.0,2845.0,125516,0.0,0.0
2020-07-21 00:00:00+09:00,2845.0,2950.0,2835.0,2950.0,457932,0.0,0.0
2020-07-22 00:00:00+09:00,2955.0,3015.0,2870.0,2920.0,550444,0.0,0.0
2020-07-23 00:00:00+09:00,2920.0,2940.0,2845.0,2870.0,235905,0.0,0.0
2020-07-24 00:00:00+09:00,2865.0,2935.0,2825.0,2890.0,276251,0.0,0.0
2020-07-27 00:00:00+09:00,2865.0,2980.0,2865.0,2915.0,356341,0.0,0.0
2020-07-28 00:00:00+09:00,2930.0,3020.0,2915.0,2975.0,504600,0.0,0.0
2020-07-29 00:00:00+09:00,2975.0,3030.0,2945.0,2970.0,291153,0.0,0.0
2020-07-30 00:00:00+09:00,2970.0,3050.0,2950.0,3020.0,507473,0.0,0.0
2020-07-31 00:00:00+09:00,3010.0,3035.0,2910.0,2940.0,397172,0.0,0.0
2020-08-03 00:00:00+09:00,2965.0,2965.0,2850.0,2900.0,214442,0.0,0.0
2020-08-04 00:00:00+09:00,2910.0,3020.0,2905.0,3000.0,410951,0.0,0.0
2020-08-05 00:00:00+09:00,3020.0,3020.0,2900.0,2930.0,286002,0.0,0.0
2020-08-06 00:00:00+09:00,2930.0,2990.0,2905.0,2915.0,376945,0.0,0.0
2020-08-07 00:00:00+09:00,2925.0,2945.0,2780.0,2810.0,653923,0.0,0.0
2020-08-10 00:00:00+09:00,2830.0,2830.0,2755.0,2810.0,291000,0.0,0.0
2020-08-11 00:00:00+09:00,2815.0,2955.0,2795.0,2930.0,579903,0.0,0.0
2020-08-12 00:00:00+09:00,2920.0,2955.0,2830.0,2850.0,299403,0.0,0.0
2020-08-13 00:00:00+09:00,2865.0,2900.0,2850.0,2875.0,159587,0.0,0.0
2020-08-14 00:00:00+09:00,2865.0,2890.0,2740.0,2750.0,529492,0.0,0.0
2020-08-18 00:00:00+09:00,2745.0,2770.0,2350.0,2445.0,656359,0.0,0.0
2020-08-19 00:00:00+09:00,2460.0,2625.0,2455.0,2580.0,382523,0.0,0.0
2020-08-20 00:00:00+09:00,2590.0,2615.0,2370.0,2450.0,380435,0.0,0.0
2020-08-21 00:00:00+09:00,2450.0,2535.0,2370.0,2480.0,305858,0.0,0.0
2020-08-24 00:00:00+09:00,2500.0,2510.0,2425.0,2490.0,130788,0.0,0.0
2020-08-25 00:00:00+09:00,2500.0,2585.0,2500.0,2565.0,162884,0.0,0.0
2020-08-26 00:00:00+09:00,2570.0,2585.0,2485.0,2535.0,195110,0.0,0.0
2020-08-27 00:00:00+09:00,2535.0,2560.0,2485.0,2530.0,158321,0.0,0.0
2020-08-28 00:00:00+09:00,2550.0,2660.0,2540.0,2570.0,226712,0.0,0.0
2020-08-31 00:00:00+09:00,2600.0,2655.0,2595.0,2640.0,186636,0.0,0.0
2020-09-01 00:00:00+09:00,2640.0,2665.0,2590.0,2635.0,129480,0.0,0.0
2020-09-02 00:00:00+09:00,2620.0,2630.0,2580.0,2610.0,126515,0.0,0.0
2020-09-03 00:00:00+09:00,2610.0,2670.0,2610.0,2635.0,133208,0.0,0.0
2020-09-04 00:00:00+09:00,2530.0,2600.0,2505.0,2585.0,224520,0.0,0.0
2020-09-07 00:00:00+09:00,2565.0,2640.0,2525.0,2595.0,275418,0.0,0.0
2020-09-08 00:00:00+09:00,2595.0,2655.0,2585.0,2645.0,332302,0.0,0.0
2020-09-09 00:00:00+09:00,2775.0,2815.0,2645.0,2660.0,925016,0.0,0.0
2020-09-10 00:00:00+09:00,2680.0,2700.0,2625.0,2625.0,197345,0.0,0.0
2020-09-11 00:00:00+09:00,2580.0,2640.0,2580.0,2640.0,152218,0.0,0.0
2020-09-14 00:00:00+09:00,2640.0,2705.0,2630.0,2680.0,215902,0.0,0.0
2020-09-15 00:00:00+09:00,2680.0,2705.0,2645.0,2665.0,134175,0.0,0.0
2020-09-16 00:00:00+09:00,2680.0,2680.0,2620.0,2655.0,248845,0.0,0.0
2020-09-17 00:00:00+09:00,2650.0,2650.0,2560.0,2585.0,225971,0.0,0.0
2020-09-18 00:00:00+09:00,2585.0,2615.0,2565.0,2575.0,137447,0.0,0.0
2020-09-21 00:00:00+09:00,2585.0,2620.0,2485.0,2535.0,274920,0.0,0.0
2020-09-22 00:00:00+09:00,2520.0,2535.0,2400.0,2435.0,226876,0.0,0.0
2020-09-23 00:00:00+09:00,2435.0,2530.0,2370.0,2465.0,125723,0.0,0.0
2020-09-24 00:00:00+09:00,2440.0,2495.0,2385.0,2460.0,262333,0.0,0.0
2020-09-25 00:00:00+09:00,2670.0,2780.0,2460.0,2460.0,940288,0.0,0.0
2020-09-28 00:00:00+09:00,2475.0,2565.0,2420.0,2460.0,190611,0.0,0.0
2020-09-29 00:00:00+09:00,2485.0,2585.0,2480.0,2580.0,268090,0.0,0.0
2020-10-05 00:00:00+09:00,2580.0,2580.0,2520.0,2565.0,135579,0.0,0.0
2020-10-06 00:00:00+09:00,2570.0,2615.0,2550.0,2560.0,165832,0.0,0.0
2020-10-07 00:00:00+09:00,2560.0,2610.0,2550.0,2600.0,119284,0.0,0.0
2020-10-08 00:00:00+09:00,2600.0,2630.0,2580.0,2605.0,135578,0.0,0.0
2020-10-12 00:00:00+09:00,2600.0,2620.0,2560.0,2575.0,123673,0.0,0.0
2020-10-13 00:00:00+09:00,2580.0,2630.0,2570.0,2585.0,145973,0.0,0.0
2020-10-14 00:00:00+09:00,2600.0,2675.0,2585.0,2620.0,378109,0.0,0.0
2020-10-15 00:00:00+09:00,2615.0,2630.0,2540.0,2620.0,234815,0.0,0.0
2020-10-16 00:00:00+09:00,2620.0,2640.0,2520.0,2620.0,231991,0.0,0.0
2020-10-19 00:00:00+09:00,2620.0,2620.0,2560.0,2570.0,107261,0.0,0.0
2020-10-20 00:00:00+09:00,2560.0,2580.0,2485.0,2555.0,149691,0.0,0.0
2020-10-21 00:00:00+09:00,2560.0,2605.0,2515.0,2595.0,115308,0.0,0.0
2020-10-22 00:00:00+09:00,2595.0,2610.0,2550.0,2580.0,88564,0.0,0.0
2020-10-23 00:00:00+09:00,2580.0,2585.0,2515.0,2525.0,141501,0.0,0.0
2020-10-26 00:00:00+09:00,2530.0,2550.0,2440.0,2460.0,200233,0.0,0.0
2020-10-27 00:00:00+09:00,2450.0,2500.0,2420.0,2440.0,95849,0.0,0.0
2020-10-28 00:00:00+09:00,2480.0,2480.0,2430.0,2470.0,81631,0.0,0.0
2020-10-29 00:00:00+09:00,2455.0,2465.0,2390.0,2430.0,240676,0.0,0.0
2020-10-30 00:00:00+09:00,2430.0,2440.0,2390.0,2410.0,131826,0.0,0.0
2020-11-02 00:00:00+09:00,2400.0,2450.0,2380.0,2435.0,84100,0.0,0.0
2020-11-03 00:00:00+09:00,2455.0,2570.0,2455.0,2500.0,313721,0.0,0.0
2020-11-04 00:00:00+09:00,2510.0,2540.0,2490.0,2535.0,139094,0.0,0.0
2020-11-05 00:00:00+09:00,2575.0,2585.0,2515.0,2525.0,111479,0.0,0.0
2020-11-06 00:00:00+09:00,2535.0,2540.0,2500.0,2525.0,77680,0.0,0.0
2020-11-09 00:00:00+09:00,2520.0,2555.0,2520.0,2545.0,129712,0.0,0.0
2020-11-10 00:00:00+09:00,2555.0,2565.0,2530.0,2565.0,112075,0.0,0.0
2020-11-11 00:00:00+09:00,2565.0,2585.0,2520.0,2535.0,118370,0.0,0.0
2020-11-12 00:00:00+09:00,2535.0,2585.0,2535.0,2565.0,132105,0.0,0.0
2020-11-13 00:00:00+09:00,2560.0,2590.0,2525.0,2540.0,88345,0.0,0.0
2020-11-16 00:00:00+09:00,2540.0,2550.0,2520.0,2530.0,132091,0.0,0.0
2020-11-17 00:00:00+09:00,2540.0,2540.0,2495.0,2525.0,179552,0.0,0.0
2020-11-18 00:00:00+09:00,2520.0,2535.0,2495.0,2520.0,104605,0.0,0.0
2020-11-19 00:00:00+09:00,2520.0,2600.0,2515.0,2580.0,173114,0.0,0.0
2020-11-20 00:00:00+09:00,2570.0,2600.0,2545.0,2580.0,135695,0.0,0.0
2020-11-23 00:00:00+09:00,2580.0,2645.0,2530.0,2620.0,291929,0.0,0.0
2020-11-24 00:00:00+09:00,2610.0,2640.0,2565.0,2600.0,129668,0.0,0.0
2020-11-25 00:00:00+09:00,2600.0,2645.0,2555.0,2570.0,123257,0.0,0.0
2020-11-26 00:00:00+09:00,2595.0,2610.0,2555.0,2560.0,95447,0.0,0.0
2020-11-27 00:00:00+09:00,2560.0,2580.0,2535.0,2565.0,112337,0.0,0.0
2020-11-30 00:00:00+09:00,2565.0,2605.0,2550.0,2575.0,175758,0.0,0.0
2020-12-01 00:00:00+09:00,2575.0,2585.0,2555.0,2575.0,120221,0.0,0.0
2020-12-02 00:00:00+09:00,2575.0,2605.0,2560.0,2600.0,161554,0.0,0.0
2020-12-03 00:00:00+09:00,2600.0,2610.0,2545.0,2575.0,200276,0.0,0.0
2020-12-04 00:00:00+09:00,2575.0,2575.0,2525.0,2530.0,181540,0.0,0.0
2020-12-07 00:00:00+09:00,2530.0,2540.0,2485.0,2490.0,123974,0.0,0.0
2020-12-08 00:00:00+09:00,2505.0,2540.0,2450.0,2525.0,117595,0.0,0.0
2020-12-09 00:00:00+09:00,2525.0,2595.0,2500.0,2595.0,231589,0.0,0.0
2020-12-10 00:00:00+09:00,2720.0,3370.0,2650.0,3370.0,42740690,0.0,0.0
2020-12-11 00:00:00+09:00,3235.0,3350.0,3170.0,3315.0,12353800,0.0,0.0
2020-12-14 00:00:00+09:00,3280.0,3415.0,3100.0,3190.0,5420828,0.0,0.0
2020-12-15 00:00:00+09:00,3190.0,3390.0,3070.0,3105.0,7154752,0.0,0.0
2020-12-16 00:00:00+09:00,3080.0,3185.0,3070.0,3160.0,1786566,0.0,0.0
2020-12-17 00:00:00+09:00,3130.0,3290.0,3070.0,3180.0,3211480,0.0,0.0
2020-12-18 00:00:00+09:00,3230.0,3230.0,3115.0,3135.0,1260199,0.0,0.0
2020-12-21 00:00:00+09:00,3130.0,3145.0,3025.0,3040.0,1300156,0.0,0.0
2020-12-22 00:00:00+09:00,3060.0,3105.0,2900.0,2930.0,1458014,0.0,0.0
2020-12-23 00:00:00+09:00,2935.0,3190.0,2875.0,2930.0,3713875,0.0,0.0
2020-12-24 00:00:00+09:00,2940.0,3030.0,2920.0,2950.0,603687,0.0,0.0
2020-12-28 00:00:00+09:00,2940.0,2995.0,2880.0,2880.0,584957,0.0,0.0
2020-12-29 00:00:00+09:00,2910.0,3045.0,2845.0,3020.0,675730,0.0,0.0
2020-12-30 00:00:00+09:00,3025.0,3065.0,2975.0,3030.0,490832,0.0,0.0
2021-01-04 00:00:00+09:00,3040.0,3115.0,3025.0,3115.0,1404314,0.0,0.0
2021-01-05 00:00:00+09:00,3200.0,3210.0,3050.0,3115.0,1875518,0.0,0.0
2021-01-06 00:00:00+09:00,3110.0,3125.0,3015.0,3050.0,511402,0.0,0.0
2021-01-07 00:00:00+09:00,3075.0,3180.0,3045.0,3180.0,965919,0.0,0.0
2021-01-08 00:00:00+09:00,3195.0,3260.0,3120.0,3155.0,1718663,0.0,0.0
2021-01-11 00:00:00+09:00,3155.0,3185.0,2980.0,3105.0,736736,0.0,0.0
2021-01-12 00:00:00+09:00,3065.0,3170.0,3030.0,3075.0,598412,0.0,0.0
2021-01-13 00:00:00+09:00,3080.0,3200.0,3065.0,3170.0,552348,0.0,0.0
2021-01-14 00:00:00+09:00,3170.0,3170.0,3090.0,3130.0,401635,0.0,0.0
2021-01-15 00:00:00+09:00,3150.0,3265.0,3080.0,3220.0,1062696,0.0,0.0
2021-01-18 00:00:00+09:00,3180.0,3250.0,3100.0,3100.0,667915,0.0,0.0
2021-01-19 00:00:00+09:00,3095.0,3400.0,3095.0,3185.0,3709947,0.0,0.0
2021-01-20 00:00:00+09:00,3210.0,3975.0,3165.0,3590.0,38861220,0.0,0.0
2021-01-21 00:00:00+09:00,3565.0,3645.0,3495.0,3600.0,3166361,0.0,0.0
2021-01-22 00:00:00+09:00,3595.0,3930.0,3580.0,3680.0,9362705,0.0,0.0
2021-01-25 00:00:00+09:00,3680.0,3720.0,3570.0,3570.0,1074033,0.0,0.0
2021-01-26 00:00:00+09:00,3530.0,3625.0,3430.0,3460.0,1083663,0.0,0.0
2021-01-27 00:00:00+09:00,3470.0,3630.0,3440.0,3520.0,907785,0.0,0.0
2021-01-28 00:00:00+09:00,3400.0,3600.0,3385.0,3400.0,549703,0.0,0.0
2021-01-29 00:00:00+09:00,3410.0,3465.0,3130.0,3200.0,854507,0.0,0.0
2021-02-01 00:00:00+09:00,3200.0,3260.0,3080.0,3255.0,335753,0.0,0.0
2021-02-02 00:00:00+09:00,3255.0,3355.0,3075.0,3270.0,303001,0.0,0.0
2021-02-03 00:00:00+09:00,3280.0,3425.0,3280.0,3385.0,357953,0.0,0.0
2021-02-04 00:00:00+09:00,3435.0,3450.0,3355.0,3380.0,277616,0.0,0.0
2021-02-05 00:00:00+09:00,3380.0,3420.0,3300.0,3350.0,195245,0.0,0.0
2021-02-08 00:00:00+09:00,3350.0,3350.0,3200.0,3230.0,319281,0.0,0.0
2021-02-09 00:00:00+09:00,3200.0,3385.0,3155.0,3335.0,303811,0.0,0.0
2021-02-10 00:00:00+09:00,3335.0,3380.0,3250.0,3325.0,155633,0.0,0.0
2021-02-15 00:00:00+09:00,3375.0,3590.0,3310.0,3560.0,888605,0.0,0.0
2021-02-16 00:00:00+09:00,3560.0,3585.0,3470.0,3565.0,404669,0.0,0.0
2021-02-17 00:00:00+09:00,3600.0,3600.0,3500.0,3600.0,349354,0.0,0.0
2021-02-18 00:00:00+09:00,3625.0,3630.0,3480.0,3480.0,261711,0.0,0.0
2021-02-19 00:00:00+09:00,3445.0,3550.0,3340.0,3500.0,230937,0.0,0.0
2021-02-22 00:00:00+09:00,3495.0,3575.0,3435.0,3435.0,242561,0.0,0.0
2021-02-23 00:00:00+09:00,3435.0,3480.0,3315.0,3370.0,222541,0.0,0.0
2021-02-24 00:00:00+09:00,3365.0,3380.0,3180.0,3185.0,311287,0.0,0.0
2021-02-25 00:00:00+09:00,3210.0,3295.0,3210.0,3270.0,177376,0.0,0.0
2021-02-26 00:00:00+09:00,3115.0,3165.0,3055.0,3130.0,292073,0.0,0.0
2021-03-02 00:00:00+09:00,3145.0,3215.0,3015.0,3085.0,216943,0.0,0.0
2021-03-03 00:00:00+09:00,3050.0,3165.0,3050.0,3150.0,142570,0.0,0.0
2021-03-04 00:00:00+09:00,3150.0,3220.0,3060.0,3110.0,168259,0.0,0.0
2021-03-05 00:00:00+09:00,3110.0,3110.0,3015.0,3065.0,142045,0.0,0.0
2021-03-08 00:00:00+09:00,3040.0,3105.0,3040.0,3045.0,177029,0.0,0.0
2021-03-09 00:00:00+09:00,3030.0,3070.0,2860.0,2975.0,414346,0.0,0.0
2021-03-10 00:00:00+09:00,2990.0,3040.0,2925.0,2925.0,94373,0.0,0.0
2021-03-11 00:00:00+09:00,2910.0,3145.0,2905.0,3125.0,318377,0.0,0.0
2021-03-12 00:00:00+09:00,3125.0,3165.0,3080.0,3110.0,195848,0.0,0.0
2021-03-15 00:00:00+09:00,3120.0,3160.0,3100.0,3105.0,153220,0.0,0.0
2021-03-16 00:00:00+09:00,3105.0,3215.0,3105.0,3195.0,148181,0.0,0.0
2021-03-17 00:00:00+09:00,3195.0,3215.0,3100.0,3125.0,100123,0.0,0.0
2021-03-18 00:00:00+09:00,3150.0,3190.0,3125.0,3145.0,77886,0.0,0.0
2021-03-19 00:00:00+09:00,3140.0,3175.0,3060.0,3145.0,72800,0.0,0.0
2021-03-22 00:00:00+09:00,3145.0,3190.0,3090.0,3095.0,90203,0.0,0.0
2021-03-23 00:00:00+09:00,3100.0,3145.0,3010.0,3015.0,149039,0.0,0.0
2021-03-24 00:00:00+09:00,2985.0,3220.0,2985.0,3145.0,327024,0.0,0.0
2021-03-25 00:00:00+09:00,3145.0,3180.0,3070.0,3180.0,175267,0.0,0.0
2021-03-26 00:00:00+09:00,3155.0,3270.0,3040.0,3080.0,287215,0.0,0.0
2021-03-29 00:00:00+09:00,3085.0,3105.0,3035.0,3060.0,137396,0.0,0.0
2021-03-30 00:00:00+09:00,3070.0,3145.0,3055.0,3120.0,133546,0.0,0.0
2021-03-31 00:00:00+09:00,3130.0,3235.0,3105.0,3230.0,261188,0.0,0.0
2021-04-01 00:00:00+09:00,3230.0,3245.0,3155.0,3170.0,124274,0.0,0.0
2021-04-02 00:00:00+09:00,3180.0,3210.0,3155.0,3195.0,133899,0.0,0.0
2021-04-05 00:00:00+09:00,3195.0,3310.0,3185.0,3295.0,314605,0.0,0.0
2021-04-06 00:00:00+09:00,3295.0,3415.0,3225.0,3395.0,522789,0.0,0.0
2021-04-07 00:00:00+09:00,3450.0,3450.0,3335.0,3360.0,315328,0.0,0.0
2021-04-08 00:00:00+09:00,3360.0,3390.0,3265.0,3300.0,200494,0.0,0.0
2021-04-09 00:00:00+09:00,3305.0,3390.0,3280.0,3315.0,134370,0.0,0.0
2021-04-12 00:00:00+09:00,3325.0,3400.0,3315.0,3360.0,192816,0.0,0.0
2021-04-13 00:00:00+09:00,3340.0,3415.0,3305.0,3355.0,240330,0.0,0.0
2021-04-14 00:00:00+09:00,3355.0,3390.0,3280.0,3365.0,228491,0.0,0.0
2021-04-15 00:00:00+09:00,3365.0,3415.0,3295.0,3355.0,204400,0.0,0.0
2021-04-16 00:00:00+09:00,3375.0,3450.0,3355.0,3425.0,395069,0.0,0.0
2021-04-19 00:00:00+09:00,3425.0,3580.0,3420.0,3500.0,659835,0.0,0.0
2021-04-20 00:00:00+09:00,3580.0,3585.0,3470.0,3520.0,459741,0.0,0.0
2021-04-21 00:00:00+09:00,3495.0,3735.0,3480.0,3520.0,2495775,0.0,0.0
2021-04-22 00:00:00+09:00,3525.0,3620.0,3505.0,3610.0,368190,0.0,0.0
2021-04-23 00:00:00+09:00,3635.0,3640.0,3475.0,3475.0,294667,0.0,0.0
2021-04-26 00:00:00+09:00,3475.0,3555.0,3440.0,3490.0,275032,0.0,0.0
2021-04-27 00:00:00+09:00,3455.0,3540.0,3420.0,3420.0,234255,0.0,0.0
2021-04-28 00:00:00+09:00,3420.0,3540.0,3380.0,3500.0,377931,0.0,0.0
2021-04-29 00:00:00+09:00,3465.0,3535.0,3345.0,3345.0,293332,0.0,0.0
2021-04-30 00:00:00+09:00,3345.0,3380.0,3270.0,3300.0,189224,0.0,0.0
2021-05-03 00:00:00+09:00,3305.0,3460.0,3295.0,3340.0,193004,0.0,0.0
2021-05-04 00:00:00+09:00,3340.0,3365.0,3200.0,3295.0,210187,0.0,0.0
2021-05-06 00:00:00+09:00,3310.0,3405.0,3305.0,3325.0,104319,0.0,0.0
2021-05-07 00:00:00+09:00,3385.0,3435.0,3340.0,3400.0,110020,0.0,0.0
2021-05-10 00:00:00+09:00,3410.0,3515.0,3370.0,3515.0,582526,0.0,0.0
2021-05-11 00:00:00+09:00,3615.0,4475.0,3575.0,3895.0,40284280,0.0,0.0
2021-05-12 00:00:00+09:00,3855.0,3895.0,3710.0,3805.0,3655505,0.0,0.0
2021-05-13 00:00:00+09:00,4020.0,4255.0,3480.0,3480.0,13730710,0.0,0.0
2021-05-14 00:00:00+09:00,3550.0,3760.0,3445.0,3660.0,2208892,0.0,0.0
2021-05-17 00:00:00+09:00,3735.0,3865.0,3555.0,3555.0,1768352,0.0,0.0
2021-05-18 00:00:00+09:00,3650.0,4350.0,3625.0,4315.0,24311350,0.0,0.0
2021-05-20 00:00:00+09:00,4205.0,4280.0,4095.0,4220.0,4764478,0.0,0.0
2021-05-21 00:00:00+09:00,4165.0,4285.0,3995.0,4055.0,3626185,0.0,0.0
2021-05-24 00:00:00+09:00,3985.0,4225.0,3910.0,4135.0,2988656,0.0,0.0
2021-05-25 00:00:00+09:00,4095.0,4700.0,4095.0,4100.0,24379840,0.0,0.0
2021-05-26 00:00:00+09:00,4205.0,4205.0,3975.0,4085.0,2174603,0.0,0.0
2021-05-27 00:00:00+09:00,4050.0,4220.0,3980.0,4010.0,1836034,0.0,0.0
2021-05-28 00:00:00+09:00,4000.0,4070.0,3980.0,4020.0,677582,0.0,0.0
2021-05-31 00:00:00+09:00,4010.0,4020.0,3925.0,3930.0,603868,0.0,0.0
2021-06-01 00:00:00+09:00,3945.0,4055.0,3900.0,3960.0,619168,0.0,0.0
2021-06-02 00:00:00+09:00,3935.0,4090.0,3935.0,4070.0,937443,0.0,0.0
2021-06-03 00:00:00+09:00,4075.0,4165.0,4040.0,4125.0,995092,0.0,0.0
2021-06-04 00:00:00+09:00,4090.0,4210.0,4080.0,4165.0,983803,0.0,0.0
2021-06-07 00:00:00+09:00,4200.0,4200.0,4015.0,4040.0,582333,0.0,0.0
2021-06-08 00:00:00+09:00,4080.0,4100.0,3990.0,3990.0,346793,0.0,0.0
2021-06-09 00:00:00+09:00,3995.0,4140.0,3995.0,4055.0,507374,0.0,0.0
2021-06-10 00:00:00+09:00,4020.0,4190.0,4000.0,4080.0,739990,0.0,0.0
2021-06-11 00:00:00+09:00,4120.0,4125.0,3985.0,3985.0,516260,0.0,0.0
2021-06-14 00:00:00+09:00,3990.0,3990.0,3855.0,3895.0,495689,0.0,0.0
2021-06-15 00:00:00+09:00,3895.0,4575.0,3895.0,4130.0,16750510,0.0,0.0
2021-06-16 00:00:00+09:00,4150.0,4270.0,4080.0,4130.0,1780491,0.0,0.0
2021-06-17 00:00:00+09:00,4155.0,4240.0,4050.0,4145.0,1429484,0.0,0.0
2021-06-18 00:00:00+09:00,4140.0,4780.0,4115.0,4370.0,15255100,0.0,0.0
2021-06-21 00:00:00+09:00,4415.0,4670.0,4340.0,4615.0,4800399,0.0,0.0
2021-06-22 00:00:00+09:00,4545.0,4570.0,4390.0,4430.0,1518436,0.0,0.0
2021-06-23 00:00:00+09:00,4440.0,4460.0,4250.0,4260.0,902570,0.0,0.0
2021-06-24 00:00:00+09:00,4260.0,4430.0,4205.0,4430.0,675764,0.0,0.0
2021-06-25 00:00:00+09:00,4390.0,4825.0,4270.0,4510.0,8502362,0.0,0.0
2021-06-28 00:00:00+09:00,4600.0,4635.0,4450.0,4455.0,1230359,0.0,0.0
2021-06-29 00:00:00+09:00,4630.0,5320.0,4625.0,4830.0,19018010,0.0,0.0
2021-06-30 00:00:00+09:00,4830.0,5040.0,4770.0,4850.0,2118855,0.0,0.0
2021-07-01 00:00:00+09:00,4850.0,4850.0,4620.0,4635.0,989816,0.0,0.0
2021-07-02 00:00:00+09:00,4540.0,4750.0,4540.0,4580.0,755185,0.0,0.0
2021-07-05 00:00:00+09:00,4580.0,4590.0,4390.0,4405.0,826767,0.0,0.0
2021-07-06 00:00:00+09:00,4465.0,4690.0,4445.0,4550.0,1031381,0.0,0.0
2021-07-07 00:00:00+09:00,4560.0,4670.0,4550.0,4550.0,742196,0.0,0.0
2021-07-08 00:00:00+09:00,4560.0,4670.0,4400.0,4445.0,540027,0.0,0.0
2021-07-09 00:00:00+09:00,4350.0,4610.0,4220.0,4490.0,608293,0.0,0.0
2021-07-12 00:00:00+09:00,4440.0,4540.0,4430.0,4500.0,309597,0.0,0.0
2021-07-13 00:00:00+09:00,4510.0,4690.0,4500.0,4570.0,701459,0.0,0.0
2021-07-14 00:00:00+09:00,4570.0,4590.0,4385.0,4390.0,422771,0.0,0.0
2021-07-15 00:00:00+09:00,4390.0,4475.0,4370.0,4390.0,230312,0.0,0.0
2021-07-16 00:00:00+09:00,4390.0,4435.0,4295.0,4320.0,265351,0.0,0.0
2021-07-19 00:00:00+09:00,4320.0,4325.0,4165.0,4190.0,373630,0.0,0.0
2021-07-20 00:00:00+09:00,4110.0,4200.0,4110.0,4160.0,275828,0.0,0.0
2021-07-21 00:00:00+09:00,4160.0,4275.0,4035.0,4050.0,332367,0.0,0.0
2021-07-22 00:00:00+09:00,4050.0,4085.0,4000.0,4010.0,212443,0.0,0.0
2021-07-23 00:00:00+09:00,4025.0,4130.0,4025.0,4090.0,172884,0.0,0.0
2021-07-26 00:00:00+09:00,4100.0,4245.0,4090.0,4120.0,261284,0.0,0.0
2021-07-27 00:00:00+09:00,4120.0,4285.0,4110.0,4185.0,211696,0.0,0.0
2021-07-28 00:00:00+09:00,4185.0,4280.0,4100.0,4135.0,198329,0.0,0.0
2021-07-29 00:00:00+09:00,4135.0,4240.0,4120.0,4180.0,75160,0.0,0.0
2021-07-30 00:00:00+09:00,4240.0,4255.0,4085.0,4160.0,185844,0.0,0.0
2021-08-02 00:00:00+09:00,4150.0,4275.0,4080.0,4240.0,172540,0.0,0.0
2021-08-03 00:00:00+09:00,4245.0,4280.0,4130.0,4160.0,124065,0.0,0.0
2021-08-04 00:00:00+09:00,4140.0,4200.0,4130.0,4170.0,87699,0.0,0.0
2021-08-05 00:00:00+09:00,4215.0,4365.0,4185.0,4355.0,237749,0.0,0.0
2021-08-06 00:00:00+09:00,4355.0,4380.0,4270.0,4330.0,125738,0.0,0.0
2021-08-09 00:00:00+09:00,4330.0,4330.0,4180.0,4250.0,81160,0.0,0.0
2021-08-10 00:00:00+09:00,4250.0,4275.0,4110.0,4200.0,87462,0.0,0.0
2021-08-11 00:00:00+09:00,4195.0,4195.0,3950.0,4020.0,244694,0.0,0.0
2021-08-12 00:00:00+09:00,4010.0,4075.0,3960.0,4000.0,160923,0.0,0.0
2021-08-13 00:00:00+09:00,4000.0,4070.0,3850.0,3935.0,229596,0.0,0.0
2021-08-17 00:00:00+09:00,3935.0,3935.0,3675.0,3720.0,249687,0.0,0.0
2021-08-18 00:00:00+09:00,3700.0,3805.0,3610.0,3765.0,172771,0.0,0.0
2021-08-19 00:00:00+09:00,3765.0,3785.0,3445.0,3490.0,459602,0.0,0.0
2021-08-20 00:00:00+09:00,3490.0,3530.0,3330.0,3375.0,278575,0.0,0.0
2021-08-23 00:00:00+09:00,3390.0,3545.0,3390.0,3500.0,137561,0.0,0.0
2021-08-24 00:00:00+09:00,3550.0,3675.0,3550.0,3610.0,135378,0.0,0.0
2021-08-25 00:00:00+09:00,3650.0,3675.0,3595.0,3620.0,98278,0.0,0.0
2021-08-26 00:00:00+09:00,3650.0,3685.0,3595.0,3605.0,67577,0.0,0.0
2021-08-27 00:00:00+09:00,3605.0,3690.0,3505.0,3685.0,133618,0.0,0.0
2021-08-30 00:00:00+09:00,3720.0,3730.0,3665.0,3700.0,57171,0.0,0.0
2021-08-31 00:00:00+09:00,3700.0,3755.0,3665.0,3730.0,115653,0.0,0.0
2021-09-01 00:00:00+09:00,3730.0,3755.0,3685.0,3755.0,81807,0.0,0.0
2021-09-02 00:00:00+09:00,3755.0,3775.0,3695.0,3730.0,110503,0.0,0.0
2021-09-03 00:00:00+09:00,3765.0,3850.0,3750.0,3815.0,126752,0.0,0.0
2021-09-06 00:00:00+09:00,3815.0,3850.0,3780.0,3790.0,118479,0.0,0.0
2021-09-07 00:00:00+09:00,3790.0,3800.0,3725.0,3735.0,95289,0.0,0.0
2021-09-08 00:00:00+09:00,3735.0,3785.0,3655.0,3745.0,151364,0.0,0.0
2021-09-09 00:00:00+09:00,3720.0,3845.0,3715.0,3775.0,197538,0.0,0.0
2021-09-10 00:00:00+09:00,3775.0,3880.0,3750.0,3855.0,275675,0.0,0.0
2021-09-13 00:00:00+09:00,3855.0,3890.0,3815.0,3825.0,161865,0.0,0.0
2021-09-14 00:00:00+09:00,3800.0,3825.0,3760.0,3800.0,83120,0.0,0.0
2021-09-15 00:00:00+09:00,3800.0,3800.0,3730.0,3730.0,65743,0.0,0.0
2021-09-16 00:00:00+09:00,3730.0,3770.0,3715.0,3725.0,38800,0.0,0.0
2021-09-17 00:00:00+09:00,3715.0,3740.0,3590.0,3705.0,101761,0.0,0.0
2021-09-23 00:00:00+09:00,3650.0,3695.0,3605.0,3625.0,114567,0.0,0.0
2021-09-24 00:00:00+09:00,3610.0,3750.0,3600.0,3610.0,112869,0.0,0.0
2021-09-27 00:00:00+09:00,3625.0,3710.0,3595.0,3695.0,78593,0.0,0.0
2021-09-28 00:00:00+09:00,3670.0,3700.0,3590.0,3610.0,84081,0.0,0.0
2021-09-29 00:00:00+09:00,3510.0,3575.0,3480.0,3520.0,93176,0.0,0.0
2021-09-30 00:00:00+09:00,3490.0,3580.0,3485.0,3520.0,82173,0.0,0.0
2021-10-01 00:00:00+09:00,3520.0,3520.0,3360.0,3390.0,208936,0.0,0.0
2021-10-05 00:00:00+09:00,3335.0,3365.0,3200.0,3240.0,143110,0.0,0.0
2021-10-06 00:00:00+09:00,3215.0,3410.0,3055.0,3115.0,270709,0.0,0.0
2021-10-07 00:00:00+09:00,3115.0,3320.0,3115.0,3315.0,98775,0.0,0.0
2021-10-08 00:00:00+09:00,3315.0,3400.0,3275.0,3320.0,57623,0.0,0.0
2021-10-12 00:00:00+09:00,3320.0,3380.0,3205.0,3220.0,65367,0.0,0.0
2021-10-13 00:00:00+09:00,3190.0,3345.0,3185.0,3330.0,61042,0.0,0.0
2021-10-14 00:00:00+09:00,3330.0,3455.0,3330.0,3410.0,51402,0.0,0.0
2021-10-15 00:00:00+09:00,3450.0,3530.0,3425.0,3455.0,95087,0.0,0.0
2021-10-18 00:00:00+09:00,3470.0,3500.0,3420.0,3460.0,72077,0.0,0.0
2021-10-19 00:00:00+09:00,3460.0,3500.0,3450.0,3465.0,64560,0.0,0.0
2021-10-20 00:00:00+09:00,3765.0,4390.0,3705.0,3950.0,7602642,0.0,0.0
2021-10-21 00:00:00+09:00,3950.0,4055.0,3880.0,3960.0,963655,0.0,0.0
2021-10-22 00:00:00+09:00,3960.0,4195.0,3835.0,3835.0,1141057,0.0,0.0
2021-10-25 00:00:00+09:00,3830.0,3955.0,3775.0,3920.0,283195,0.0,0.0
2021-10-26 00:00:00+09:00,3885.0,4060.0,3885.0,4050.0,269971,0.0,0.0
2021-10-27 00:00:00+09:00,4050.0,4085.0,3970.0,4030.0,289681,0.0,0.0
2021-10-28 00:00:00+09:00,4045.0,4280.0,4000.0,4055.0,1119933,0.0,0.0
2021-10-29 00:00:00+09:00,4085.0,4155.0,4020.0,4035.0,378939,0.0,0.0
2021-11-01 00:00:00+09:00,4025.0,4030.0,3850.0,3860.0,284823,0.0,0.0
2021-11-02 00:00:00+09:00,3875.0,3930.0,3860.0,3885.0,195005,0.0,0.0
2021-11-03 00:00:00+09:00,3885.0,3930.0,3795.0,3810.0,120486,0.0,0.0
2021-11-04 00:00:00+09:00,3810.0,3865.0,3600.0,3750.0,184616,0.0,0.0
2021-11-05 00:00:00+09:00,3730.0,3905.0,3725.0,3845.0,140586,0.0,0.0
2021-11-08 00:00:00+09:00,3820.0,3915.0,3750.0,3900.0,147888,0.0,0.0
2021-11-09 00:00:00+09:00,3900.0,4050.0,3900.0,3985.0,271968,0.0,0.0
2021-11-10 00:00:00+09:00,3985.0,3985.0,3715.0,3765.0,195420,0.0,0.0
2021-11-11 00:00:00+09:00,3755.0,3755.0,3595.0,3635.0,234264,0.0,0.0
2021-11-12 00:00:00+09:00,3640.0,3960.0,3640.0,3950.0,265858,0.0,0.0
2021-11-15 00:00:00+09:00,3970.0,4050.0,3925.0,4030.0,189599,0.0,0.0
2021-11-16 00:00:00+09:00,4065.0,4065.0,3935.0,4020.0,149341,0.0,0.0
2021-11-17 00:00:00+09:00,4070.0,4125.0,3980.0,4035.0,321237,0.0,0.0
2021-11-18 00:00:00+09:00,4040.0,4140.0,3955.0,4140.0,310240,0.0,0.0
2021-11-19 00:00:00+09:00,4140.0,4190.0,4030.0,4030.0,281781,0.0,0.0
2021-11-22 00:00:00+09:00,4035.0,4095.0,4005.0,4030.0,104241,0.0,0.0
2021-11-23 00:00:00+09:00,4020.0,4120.0,3990.0,4055.0,137783,0.0,0.0
2021-11-24 00:00:00+09:00,4020.0,4180.0,4005.0,4090.0,167900,0.0,0.0
2021-11-25 00:00:00+09:00,4090.0,4275.0,4030.0,4275.0,681581,0.0,0.0
2021-11-26 00:00:00+09:00,4245.0,4275.0,3770.0,3785.0,1000020,0.0,0.0
2021-11-29 00:00:00+09:00,3690.0,3835.0,3510.0,3610.0,327108,0.0,0.0
2021-11-30 00:00:00+09:00,3650.0,3865.0,3585.0,3660.0,370924,0.0,0.0
2021-12-01 00:00:00+09:00,3580.0,3715.0,3480.0,3665.0,168621,0.0,0.0
2021-12-02 00:00:00+09:00,3630.0,3735.0,3580.0,3705.0,123556,0.0,0.0
2021-12-03 00:00:00+09:00,3740.0,3795.0,3680.0,3770.0,110476,0.0,0.0
2021-12-06 00:00:00+09:00,3770.0,3770.0,3670.0,3750.0,106314,0.0,0.0
2021-12-07 00:00:00+09:00,3760.0,3830.0,3740.0,3765.0,97085,0.0,0.0
2021-12-08 00:00:00+09:00,3785.0,3940.0,3765.0,3870.0,211674,0.0,0.0
2021-12-09 00:00:00+09:00,3870.0,4080.0,3870.0,4005.0,322621,0.0,0.0
2021-12-10 00:00:00+09:00,3975.0,4045.0,3930.0,4020.0,121694,0.0,0.0
2021-12-13 00:00:00+09:00,4015.0,4105.0,3985.0,4065.0,166743,0.0,0.0
2021-12-14 00:00:00+09:00,4055.0,4075.0,3960.0,4020.0,100764,0.0,0.0
2021-12-15 00:00:00+09:00,4010.0,4060.0,3930.0,4020.0,128556,0.0,0.0
2021-12-16 00:00:00+09:00,4040.0,4115.0,4020.0,4050.0,98902,0.0,0.0
2021-12-17 00:00:00+09:00,4080.0,4175.0,4025.0,4065.0,177848,0.0,0.0
2021-12-20 00:00:00+09:00,4055.0,4095.0,3950.0,3995.0,109998,0.0,0.0
2021-12-21 00:00:00+09:00,3995.0,4070.0,3850.0,4040.0,184228,0.0,0.0
2021-12-22 00:00:00+09:00,4120.0,4140.0,4030.0,4130.0,166428,0.0,0.0
2021-12-23 00:00:00+09:00,4190.0,4195.0,4050.0,4080.0,150247,0.0,0.0
2021-12-24 00:00:00+09:00,4080.0,4080.0,3960.0,4000.0,172427,0.0,0.0
2021-12-27 00:00:00+09:00,4000.0,4040.0,3975.0,3990.0,75222,0.0,0.0
2021-12-28 00:00:00+09:00,3990.0,4000.0,3840.0,3960.0,142278,0.0,0.0
2021-12-29 00:00:00+09:00,3905.0,4220.0,3905.0,4200.0,593418,0.0,0.0
2021-12-30 00:00:00+09:00,4195.0,4195.0,4065.0,4145.0,275154,0.0,0.0
2022-01-04 00:00:00+09:00,4290.0,4305.0,4210.0,4250.0,264011,0.0,0.0
2022-01-05 00:00:00+09:00,4250.0,4250.0,4105.0,4195.0,172067,0.0,0.0
2022-01-06 00:00:00+09:00,4120.0,4440.0,4100.0,4180.0,683853,0.0,0.0
2022-01-07 00:00:00+09:00,4155.0,4395.0,4150.0,4330.0,548938,0.0,0.0
2022-01-10 00:00:00+09:00,4355.0,4360.0,4170.0,4215.0,265337,0.0,0.0
2022-01-11 00:00:00+09:00,4205.0,4250.0,4045.0,4105.0,168503,0.0,0.0
2022-01-12 00:00:00+09:00,4105.0,4285.0,4105.0,4270.0,177625,0.0,0.0
2022-01-13 00:00:00+09:00,4315.0,4350.0,4220.0,4240.0,159263,0.0,0.0
2022-01-14 00:00:00+09:00,4230.0,4350.0,4210.0,4260.0,143204,0.0,0.0
2022-01-17 00:00:00+09:00,4250.0,4250.0,3980.0,4010.0,222951,0.0,0.0
2022-01-18 00:00:00+09:00,3990.0,4090.0,3870.0,3875.0,219389,0.0,0.0
2022-01-19 00:00:00+09:00,3840.0,3900.0,3735.0,3800.0,147663,0.0,0.0
2022-01-20 00:00:00+09:00,3810.0,3935.0,3805.0,3925.0,129416,0.0,0.0
2022-01-21 00:00:00+09:00,3960.0,3960.0,3830.0,3850.0,113255,0.0,0.0
2022-01-24 00:00:00+09:00,3815.0,3820.0,3645.0,3680.0,167219,0.0,0.0
2022-01-25 00:00:00+09:00,3680.0,3745.0,3490.0,3615.0,192279,0.0,0.0
2022-01-26 00:00:00+09:00,3570.0,3655.0,3525.0,3545.0,110785,0.0,0.0
2022-01-27 00:00:00+09:00,3545.0,3660.0,3420.0,3475.0,137693,0.0,0.0
2022-01-28 00:00:00+09:00,3475.0,3540.0,3365.0,3540.0,116523,0.0,0.0
2022-02-03 00:00:00+09:00,3620.0,3715.0,3595.0,3650.0,99956,0.0,0.0
2022-02-04 00:00:00+09:00,3685.0,3800.0,3685.0,3795.0,76195,0.0,0.0
2022-02-07 00:00:00+09:00,3800.0,3865.0,3755.0,3790.0,54476,0.0,0.0
2022-02-08 00:00:00+09:00,3795.0,3820.0,3695.0,3730.0,76153,0.0,0.0
2022-02-09 00:00:00+09:00,3745.0,3830.0,3740.0,3795.0,59947,0.0,0.0
2022-02-10 00:00:00+09:00,3800.0,3840.0,3755.0,3780.0,57385,0.0,0.0
2022-02-11 00:00:00+09:00,3780.0,3780.0,3665.0,3710.0,55023,0.0,0.0
2022-02-14 00:00:00+09:00,3670.0,3790.0,3530.0,3555.0,136319,0.0,0.0
2022-02-15 00:00:00+09:00,3555.0,3605.0,3445.0,3450.0,93377,0.0,0.0
2022-02-16 00:00:00+09:00,3490.0,3650.0,3490.0,3630.0,77417,0.0,0.0
2022-02-17 00:00:00+09:00,3675.0,3760.0,3630.0,3630.0,111094,0.0,0.0
2022-02-18 00:00:00+09:00,3630.0,3735.0,3620.0,3700.0,52059,0.0,0.0
2022-02-21 00:00:00+09:00,3700.0,3750.0,3625.0,3720.0,46480,0.0,0.0
2022-02-22 00:00:00+09:00,3670.0,3695.0,3570.0,3605.0,75670,0.0,0.0
2022-02-23 00:00:00+09:00,3605.0,3665.0,3585.0,3645.0,59432,0.0,0.0
2022-02-24 00:00:00+09:00,3680.0,3715.0,3460.0,3485.0,105175,0.0,0.0
2022-02-25 00:00:00+09:00,3520.0,3590.0,3485.0,3570.0,80668,0.0,0.0
2022-02-28 00:00:00+09:00,3580.0,3695.0,3570.0,3690.0,67714,0.0,0.0
2022-03-02 00:00:00+09:00,3695.0,3800.0,3655.0,3700.0,159176,0.0,0.0
2022-03-03 00:00:00+09:00,3715.0,3855.0,3715.0,3765.0,111567,0.0,0.0
2022-03-04 00:00:00+09:00,3750.0,3810.0,3725.0,3760.0,47709,0.0,0.0
2022-03-07 00:00:00+09:00,3745.0,3745.0,3625.0,3640.0,82366,0.0,0.0
2022-03-08 00:00:00+09:00,3600.0,3605.0,3545.0,3545.0,71599,0.0,0.0
2022-03-10 00:00:00+09:00,3570.0,3705.0,3570.0,3665.0,86773,0.0,0.0
2022-03-11 00:00:00+09:00,3670.0,3740.0,3665.0,3720.0,66511,0.0,0.0
2022-03-14 00:00:00+09:00,3720.0,3750.0,3635.0,3700.0,59085,0.0,0.0
2022-03-15 00:00:00+09:00,3680.0,3685.0,3630.0,3680.0,31379,0.0,0.0
2022-03-16 00:00:00+09:00,3680.0,3800.0,3660.0,3800.0,172448,0.0,0.0
2022-03-17 00:00:00+09:00,3870.0,3875.0,3780.0,3815.0,122850,0.0,0.0
2022-03-18 00:00:00+09:00,3815.0,3880.0,3810.0,3855.0,105108,0.0,0.0
2022-03-21 00:00:00+09:00,3860.0,3920.0,3835.0,3910.0,121894,0.0,0.0
2022-03-22 00:00:00+09:00,3920.0,3940.0,3870.0,3920.0,84799,0.0,0.0
2022-03-23 00:00:00+09:00,3925.0,3950.0,3800.0,3925.0,123712,0.0,0.0
2022-03-24 00:00:00+09:00,3930.0,3985.0,3890.0,3945.0,83924,0.0,0.0
2022-03-25 00:00:00+09:00,3945.0,4020.0,3940.0,3945.0,125396,0.0,0.0
2022-03-28 00:00:00+09:00,3945.0,4000.0,3825.0,3925.0,57246,0.0,0.0
2022-03-29 00:00:00+09:00,3900.0,3985.0,3900.0,3950.0,76575,0.0,0.0
2022-03-30 00:00:00+09:00,3950.0,3985.0,3850.0,3880.0,119021,0.0,0.0
2022-03-31 00:00:00+09:00,3880.0,4185.0,3870.0,4005.0,531504,0.0,0.0
2022-04-01 00:00:00+09:00,4005.0,4040.0,3875.0,4000.0,222875,0.0,0.0
2022-04-04 00:00:00+09:00,4000.0,4105.0,3870.0,4055.0,266988,0.0,0.0
2022-04-05 00:00:00+09:00,4060.0,4085.0,4010.0,4065.0,105687,0.0,0.0
2022-04-06 00:00:00+09:00,4050.0,4055.0,3890.0,3980.0,97292,0.0,0.0
2022-04-07 00:00:00+09:00,3975.0,3980.0,3820.0,3850.0,127778,0.0,0.0
2022-04-08 00:00:00+09:00,3850.0,4075.0,3830.0,3920.0,177344,0.0,0.0
2022-04-11 00:00:00+09:00,3920.0,3935.0,3830.0,3835.0,77665,0.0,0.0
2022-04-12 00:00:00+09:00,3830.0,3905.0,3680.0,3900.0,102521,0.0,0.0
2022-04-13 00:00:00+09:00,3920.0,4050.0,3870.0,3995.0,147784,0.0,0.0
2022-04-14 00:00:00+09:00,4015.0,4110.0,4005.0,4055.0,261124,0.0,0.0
2022-04-15 00:00:00+09:00,4055.0,4110.0,3985.0,4065.0,117825,0.0,0.0
2022-04-18 00:00:00+09:00,4065.0,4095.0,3995.0,4000.0,94958,0.0,0.0
2022-04-19 00:00:00+09:00,4000.0,4135.0,4000.0,4050.0,130026,0.0,0.0
2022-04-20 00:00:00+09:00,4070.0,4100.0,4025.0,4065.0,66640,0.0,0.0
2022-04-21 00:00:00+09:00,4075.0,4100.0,4000.0,4025.0,69792,0.0,0.0
2022-04-22 00:00:00+09:00,4025.0,4025.0,3925.0,4000.0,86591,0.0,0.0
2022-04-25 00:00:00+09:00,3960.0,3960.0,3840.0,3860.0,112644,0.0,0.0
2022-04-26 00:00:00+09:00,3840.0,3975.0,3840.0,3890.0,78582,0.0,0.0
2022-04-27 00:00:00+09:00,3800.0,3800.0,3690.0,3790.0,166010,0.0,0.0
2022-04-28 00:00:00+09:00,3790.0,3800.0,3715.0,3760.0,94869,0.0,0.0
2022-04-29 00:00:00+09:00,3760.0,3835.0,3760.0,3770.0,93936,0.0,0.0
2022-05-03 00:00:00+09:00,3845.0,3885.0,3805.0,3865.0,71245,0.0,0.0
2022-05-04 00:00:00+09:00,3865.0,3865.0,3755.0,3795.0,97818,0.0,0.0
2022-05-06 00:00:00+09:00,3795.0,3795.0,3670.0,3750.0,148809,0.0,0.0
2022-05-10 00:00:00+09:00,3570.0,3615.0,3455.0,3600.0,86612,0.0,0.0
2022-05-11 00:00:00+09:00,3570.0,3620.0,3550.0,3595.0,49501,0.0,0.0
2022-05-12 00:00:00+09:00,3590.0,3675.0,3450.0,3460.0,101573,0.0,0.0
2022-05-13 00:00:00+09:00,3460.0,3555.0,3460.0,3490.0,70013,0.0,0.0
2022-05-16 00:00:00+09:00,3535.0,3620.0,3490.0,3550.0,105337,0.0,0.0
2022-05-17 00:00:00+09:00,3600.0,3620.0,3535.0,3575.0,74867,0.0,0.0
2022-05-18 00:00:00+09:00,3580.0,3750.0,3580.0,3670.0,191555,0.0,0.0
2022-05-19 00:00:00+09:00,3620.0,3620.0,3480.0,3575.0,132443,0.0,0.0
2022-05-20 00:00:00+09:00,3550.0,3605.0,3535.0,3540.0,66355,0.0,0.0
2022-05-23 00:00:00+09:00,3565.0,3565.0,3505.0,3515.0,93392,0.0,0.0
2022-05-24 00:00:00+09:00,3515.0,3530.0,3395.0,3410.0,117169,0.0,0.0
2022-05-25 00:00:00+09:00,3405.0,3445.0,3350.0,3350.0,84687,0.0,0.0
2022-05-26 00:00:00+09:00,3350.0,3405.0,3310.0,3335.0,89574,0.0,0.0
2022-05-27 00:00:00+09:00,3355.0,3405.0,3330.0,3390.0,73854,0.0,0.0
2022-05-30 00:00:00+09:00,3400.0,3445.0,3400.0,3410.0,36945,0.0,0.0
2022-05-31 00:00:00+09:00,3395.0,3435.0,3370.0,3395.0,80054,0.0,0.0
2022-06-02 00:00:00+09:00,3365.0,3395.0,3325.0,3385.0,72450,0.0,0.0
2022-06-03 00:00:00+09:00,3385.0,3720.0,3385.0,3535.0,810599,0.0,0.0
2022-06-07 00:00:00+09:00,3500.0,3530.0,3455.0,3470.0,104631,0.0,0.0
2022-06-08 00:00:00+09:00,3470.0,3555.0,3465.0,3475.0,105879,0.0,0.0
2022-06-09 00:00:00+09:00,3475.0,3475.0,3390.0,3415.0,60952,0.0,0.0
2022-06-10 00:00:00+09:00,3385.0,3415.0,3365.0,3390.0,74785,0.0,0.0
2022-06-13 00:00:00+09:00,3230.0,3350.0,3145.0,3190.0,124555,0.0,0.0
2022-06-14 00:00:00+09:00,3085.0,3170.0,3025.0,3095.0,104091,0.0,0.0
2022-06-15 00:00:00+09:00,3080.0,3085.0,2910.0,2925.0,139459,0.0,0.0
2022-06-16 00:00:00+09:00,2945.0,3060.0,2880.0,2890.0,104398,0.0,0.0
2022-06-17 00:00:00+09:00,2850.0,2940.0,2755.0,2900.0,102729,0.0,0.0
2022-06-20 00:00:00+09:00,2925.0,2930.0,2690.0,2755.0,110628,0.0,0.0
2022-06-21 00:00:00+09:00,2755.0,2805.0,2700.0,2765.0,74253,0.0,0.0
2022-06-22 00:00:00+09:00,2780.0,2845.0,2605.0,2620.0,91504,0.0,0.0
2022-06-23 00:00:00+09:00,2615.0,2670.0,2450.0,2480.0,157087,0.0,0.0
2022-06-24 00:00:00+09:00,2470.0,2635.0,2460.0,2600.0,96273,0.0,0.0
2022-06-27 00:00:00+09:00,2725.0,2755.0,2640.0,2735.0,54189,0.0,0.0
2022-06-28 00:00:00+09:00,2760.0,2825.0,2690.0,2765.0,51019,0.0,0.0
2022-06-29 00:00:00+09:00,2760.0,2900.0,2685.0,2785.0,35273,0.0,0.0
2022-06-30 00:00:00+09:00,2780.0,2780.0,2660.0,2660.0,37172,0.0,0.0
2022-07-01 00:00:00+09:00,2635.0,2750.0,2560.0,2660.0,66336,0.0,0.0
2022-07-04 00:00:00+09:00,2650.0,2910.0,2530.0,2745.0,423066,0.0,0.0
2022-07-05 00:00:00+09:00,2705.0,2845.0,2705.0,2800.0,124714,0.0,0.0
2022-07-06 00:00:00+09:00,2805.0,2830.0,2715.0,2760.0,45670,0.0,0.0
2022-07-07 00:00:00+09:00,2765.0,2925.0,2740.0,2875.0,151025,0.0,0.0
2022-07-08 00:00:00+09:00,2875.0,2970.0,2830.0,2830.0,69597,0.0,0.0
2022-07-11 00:00:00+09:00,2830.0,2855.0,2745.0,2750.0,97382,0.0,0.0
2022-07-12 00:00:00+09:00,2745.0,2745.0,2620.0,2630.0,120979,0.0,0.0
2022-07-13 00:00:00+09:00,2640.0,2665.0,2595.0,2620.0,62625,0.0,0.0
2022-07-14 00:00:00+09:00,2620.0,2710.0,2605.0,2640.0,67947,0.0,0.0
2022-07-15 00:00:00+09:00,2640.0,2750.0,2600.0,2695.0,83028,0.0,0.0
2022-07-18 00:00:00+09:00,2705.0,2765.0,2705.0,2755.0,54606,0.0,0.0
2022-07-19 00:00:00+09:00,2725.0,2780.0,2710.0,2780.0,42628,0.0,0.0
2022-07-20 00:00:00+09:00,2820.0,2850.0,2750.0,2790.0,78572,0.0,0.0
2022-07-21 00:00:00+09:00,2780.0,2815.0,2765.0,2790.0,63174,0.0,0.0
2022-07-22 00:00:00+09:00,2815.0,2845.0,2790.0,2800.0,48057,0.0,0.0
2022-07-25 00:00:00+09:00,2800.0,2835.0,2795.0,2815.0,37885,0.0,0.0
2022-07-26 00:00:00+09:00,2815.0,2840.0,2785.0,2815.0,23358,0.0,0.0
2022-07-27 00:00:00+09:00,2775.0,2875.0,2775.0,2830.0,21943,0.0,0.0
2022-07-28 00:00:00+09:00,2880.0,2920.0,2840.0,2890.0,107095,0.0,0.0
2022-07-29 00:00:00+09:00,2900.0,2935.0,2890.0,2925.0,65539,0.0,0.0
2022-08-01 00:00:00+09:00,2930.0,2960.0,2905.0,2960.0,41671,0.0,0.0
2022-08-02 00:00:00+09:00,2960.0,2960.0,2870.0,2910.0,68187,0.0,0.0
2022-08-03 00:00:00+09:00,2895.0,2960.0,2860.0,2930.0,48323,0.0,0.0
2022-08-04 00:00:00+09:00,2930.0,3065.0,2930.0,3000.0,153810,0.0,0.0
2022-08-05 00:00:00+09:00,3020.0,3030.0,2960.0,3010.0,45177,0.0,0.0
2022-08-08 00:00:00+09:00,3000.0,3005.0,2945.0,2965.0,53911,0.0,0.0
2022-08-09 00:00:00+09:00,2965.0,3040.0,2965.0,3035.0,49691,0.0,0.0
2022-08-10 00:00:00+09:00,3035.0,3035.0,2970.0,2990.0,39257,0.0,0.0
2022-08-11 00:00:00+09:00,2990.0,3045.0,2985.0,3030.0,39420,0.0,0.0
2022-08-12 00:00:00+09:00,3030.0,3045.0,2995.0,3040.0,70889,0.0,0.0
2022-08-16 00:00:00+09:00,3040.0,3065.0,3010.0,3025.0,82999,0.0,0.0
2022-08-17 00:00:00+09:00,3025.0,3045.0,2970.0,2980.0,108546,0.0,0.0
2022-08-18 00:00:00+09:00,2945.0,2990.0,2900.0,2990.0,81401,0.0,0.0
2022-08-19 00:00:00+09:00,2960.0,3035.0,2955.0,2990.0,60251,0.0,0.0
2022-08-22 00:00:00+09:00,2945.0,2960.0,2720.0,2860.0,101492,0.0,0.0
2022-08-23 00:00:00+09:00,2775.0,2845.0,2770.0,2825.0,54197,0.0,0.0
2022-08-24 00:00:00+09:00,2805.0,2875.0,2805.0,2870.0,44795,0.0,0.0
2022-08-25 00:00:00+09:00,2895.0,2995.0,2890.0,2920.0,72761,0.0,0.0
2022-08-26 00:00:00+09:00,2935.0,2980.0,2895.0,2895.0,34224,0.0,0.0
2022-08-29 00:00:00+09:00,2840.0,2855.0,2750.0,2805.0,80055,0.0,0.0
2022-08-30 00:00:00+09:00,2780.0,2860.0,2780.0,2860.0,58454,0.0,0.0
2022-08-31 00:00:00+09:00,2865.0,2935.0,2830.0,2935.0,52327,0.0,0.0
2022-09-01 00:00:00+09:00,2935.0,2935.0,2840.0,2850.0,48414,0.0,0.0
2022-09-02 00:00:00+09:00,2830.0,2875.0,2790.0,2815.0,55148,0.0,0.0
2022-09-05 00:00:00+09:00,2810.0,2810.0,2715.0,2730.0,74212,0.0,0.0
2022-09-06 00:00:00+09:00,2715.0,2795.0,2715.0,2780.0,47438,0.0,0.0
2022-09-07 00:00:00+09:00,2780.0,2780.0,2650.0,2690.0,71964,0.0,0.0
2022-09-08 00:00:00+09:00,2700.0,2750.0,2690.0,2710.0,61672,0.0,0.0
2022-09-13 00:00:00+09:00,2755.0,2825.0,2755.0,2825.0,47352,0.0,0.0
2022-09-14 00:00:00+09:00,2770.0,2810.0,2700.0,2775.0,44576,0.0,0.0
2022-09-15 00:00:00+09:00,2800.0,2850.0,2775.0,2775.0,43448,0.0,0.0
2022-09-16 00:00:00+09:00,2735.0,2770.0,2710.0,2720.0,47262,0.0,0.0
2022-09-19 00:00:00+09:00,2700.0,2720.0,2665.0,2665.0,36594,0.0,0.0
2022-09-20 00:00:00+09:00,2650.0,2795.0,2650.0,2785.0,75757,0.0,0.0
2022-09-21 00:00:00+09:00,2780.0,2790.0,2715.0,2725.0,19554,0.0,0.0
2022-09-22 00:00:00+09:00,2720.0,2720.0,2605.0,2660.0,60813,0.0,0.0
2022-09-23 00:00:00+09:00,2650.0,2660.0,2570.0,2590.0,58064,0.0,0.0
2022-09-26 00:00:00+09:00,2575.0,2575.0,2365.0,2430.0,193961,0.0,0.0
2022-09-27 00:00:00+09:00,2420.0,2435.0,2325.0,2390.0,122475,0.0,0.0
2022-09-28 00:00:00+09:00,2390.0,2430.0,2225.0,2245.0,94608,0.0,0.0
2022-09-29 00:00:00+09:00,2270.0,2340.0,2255.0,2280.0,72120,0.0,0.0
2022-09-30 00:00:00+09:00,2255.0,2300.0,2200.0,2300.0,51748,0.0,0.0
2022-10-04 00:00:00+09:00,2320.0,2370.0,2320.0,2365.0,50610,0.0,0.0
2022-10-05 00:00:00+09:00,2460.0,2470.0,2370.0,2400.0,61591,0.0,0.0
2022-10-06 00:00:00+09:00,2405.0,2470.0,2405.0,2465.0,27018,0.0,0.0
2022-10-07 00:00:00+09:00,2465.0,2530.0,2465.0,2480.0,29701,0.0,0.0
2022-10-11 00:00:00+09:00,2400.0,2400.0,2315.0,2315.0,51354,0.0,0.0
2022-10-12 00:00:00+09:00,2270.0,2285.0,2230.0,2245.0,61023,0.0,0.0
2022-10-13 00:00:00+09:00,2230.0,2240.0,2135.0,2150.0,67740,0.0,0.0
2022-10-14 00:00:00+09:00,2170.0,2350.0,2170.0,2270.0,61422,0.0,0.0
2022-10-17 00:00:00+09:00,2270.0,2355.0,2270.0,2335.0,54207,0.0,0.0
2022-10-18 00:00:00+09:00,2345.0,2435.0,2320.0,2405.0,48042,0.0,0.0
2022-10-19 00:00:00+09:00,2385.0,2465.0,2385.0,2445.0,66189,0.0,0.0
2022-10-20 00:00:00+09:00,2420.0,2465.0,2335.0,2375.0,53960,0.0,0.0
2022-10-21 00:00:00+09:00,2355.0,2390.0,2335.0,2375.0,28115,0.0,0.0
2022-10-24 00:00:00+09:00,2385.0,2425.0,2365.0,2365.0,17113,0.0,0.0
2022-10-25 00:00:00+09:00,2395.0,2430.0,2365.0,2390.0,19796,0.0,0.0
2022-10-26 00:00:00+09:00,2395.0,2405.0,2340.0,2345.0,34758,0.0,0.0
2022-10-27 00:00:00+09:00,2345.0,2395.0,2345.0,2380.0,12203,0.0,0.0
2022-10-28 00:00:00+09:00,2380.0,2395.0,2340.0,2385.0,28901,0.0,0.0
2022-10-31 00:00:00+09:00,2430.0,2445.0,2375.0,2415.0,47008,0.0,0.0
2022-11-01 00:00:00+09:00,2410.0,2450.0,2395.0,2445.0,42869,0.0,0.0
2022-11-02 00:00:00+09:00,2445.0,2520.0,2420.0,2500.0,74604,0.0,0.0
2022-11-03 00:00:00+09:00,2475.0,2475.0,2410.0,2470.0,41869,0.0,0.0
2022-11-04 00:00:00+09:00,2445.0,2465.0,2400.0,2465.0,57972,0.0,0.0
2022-11-07 00:00:00+09:00,2465.0,2515.0,2450.0,2460.0,27572,0.0,0.0
2022-11-08 00:00:00+09:00,2465.0,2500.0,2440.0,2465.0,54341,0.0,0.0
2022-11-09 00:00:00+09:00,2475.0,2530.0,2465.0,2490.0,80265,0.0,0.0
2022-11-10 00:00:00+09:00,2465.0,2560.0,2450.0,2540.0,163441,0.0,0.0
2022-11-11 00:00:00+09:00,2760.0,2770.0,2640.0,2670.0,343859,0.0,0.0
2022-11-14 00:00:00+09:00,2705.0,2720.0,2645.0,2665.0,97525,0.0,0.0
2022-11-15 00:00:00+09:00,2710.0,2800.0,2700.0,2795.0,194608,0.0,0.0
2022-11-16 00:00:00+09:00,2865.0,2940.0,2755.0,2905.0,408004,0.0,0.0
2022-11-17 00:00:00+09:00,2920.0,2965.0,2905.0,2950.0,173327,0.0,0.0
2022-11-18 00:00:00+09:00,2945.0,2960.0,2875.0,2915.0,117943,0.0,0.0
2022-11-21 00:00:00+09:00,2915.0,2935.0,2815.0,2910.0,85948,0.0,0.0
2022-11-22 00:00:00+09:00,2820.0,2890.0,2820.0,2865.0,38144,0.0,0.0
2022-11-23 00:00:00+09:00,2860.0,2925.0,2845.0,2905.0,45049,0.0,0.0
2022-11-24 00:00:00+09:00,2915.0,2960.0,2905.0,2945.0,46266,0.0,0.0
2022-11-25 00:00:00+09:00,2960.0,2965.0,2905.0,2950.0,67500,0.0,0.0
2022-11-28 00:00:00+09:00,2950.0,3050.0,2875.0,3005.0,96445,0.0,0.0
2022-11-29 00:00:00+09:00,2960.0,3085.0,2900.0,3085.0,128539,0.0,0.0
2022-11-30 00:00:00+09:00,3120.0,3195.0,3030.0,3185.0,214713,0.0,0.0
2022-12-01 00:00:00+09:00,3200.0,3330.0,3170.0,3330.0,321355,0.0,0.0
2022-12-02 00:00:00+09:00,3330.0,3445.0,3280.0,3400.0,237226,0.0,0.0
2022-12-05 00:00:00+09:00,3380.0,3415.0,3280.0,3380.0,157185,0.0,0.0
2022-12-06 00:00:00+09:00,3380.0,3420.0,3165.0,3165.0,122471,0.0,0.0
2022-12-07 00:00:00+09:00,3100.0,3240.0,3065.0,3150.0,72580,0.0,0.0
2022-12-08 00:00:00+09:00,3150.0,3185.0,3080.0,3100.0,52295,0.0,0.0
2022-12-09 00:00:00+09:00,3100.0,3270.0,3055.0,3235.0,59060,0.0,0.0
2022-12-12 00:00:00+09:00,3285.0,3350.0,3220.0,3295.0,65667,0.0,0.0
2022-12-13 00:00:00+09:00,3290.0,3405.0,3285.0,3380.0,93353,0.0,0.0
2022-12-14 00:00:00+09:00,3380.0,3450.0,3330.0,3435.0,85064,0.0,0.0
2022-12-15 00:00:00+09:00,3435.0,3480.0,3380.0,3380.0,74930,0.0,0.0
2022-12-16 00:00:00+09:00,3370.0,3380.0,3275.0,3320.0,77989,0.0,0.0
2022-12-19 00:00:00+09:00,3310.0,3355.0,3265.0,3275.0,48624,0.0,0.0
2022-12-20 00:00:00+09:00,3275.0,3310.0,3145.0,3195.0,65968,0.0,0.0
2022-12-21 00:00:00+09:00,3175.0,3220.0,3140.0,3205.0,26740,0.0,0.0
2022-12-22 00:00:00+09:00,3205.0,3290.0,3195.0,3200.0,51990,0.0,0.0
2022-12-23 00:00:00+09:00,3245.0,3250.0,3060.0,3080.0,76963,0.0,0.0
2022-12-26 00:00:00+09:00,3080.0,3100.0,2970.0,3100.0,75285,0.0,0.0
2022-12-27 00:00:00+09:00,3045.0,3120.0,3045.0,3070.0,76636,0.0,0.0
2022-12-28 00:00:00+09:00,3190.0,3790.0,3045.0,3300.0,2243697,0.0,0.0
2022-12-29 00:00:00+09:00,3220.0,3520.0,3020.0,3060.0,611039,0.0,0.0
2023-01-02 00:00:00+09:00,3060.0,3170.0,2910.0,2960.0,143329,0.0,0.0
2023-01-03 00:00:00+09:00,2940.0,2955.0,2800.0,2905.0,130340,0.0,0.0
2023-01-04 00:00:00+09:00,2875.0,3125.0,2840.0,3090.0,108806,0.0,0.0
2023-01-05 00:00:00+09:00,3135.0,3140.0,3060.0,3090.0,55148,0.0,0.0
2023-01-06 00:00:00+09:00,3090.0,3125.0,3035.0,3080.0,43322,0.0,0.0
2023-01-09 00:00:00+09:00,3085.0,3190.0,3085.0,3185.0,43031,0.0,0.0
2023-01-10 00:00:00+09:00,3190.0,3255.0,3130.0,3130.0,62720,0.0,0.0
2023-01-11 00:00:00+09:00,3145.0,3290.0,3145.0,3265.0,77429,0.0,0.0
2023-01-12 00:00:00+09:00,3265.0,3305.0,3225.0,3275.0,38293,0.0,0.0
2023-01-13 00:00:00+09:00,3310.0,3310.0,3220.0,3225.0,37821,0.0,0.0
2023-01-16 00:00:00+09:00,3230.0,3330.0,3225.0,3250.0,50947,0.0,0.0
2023-01-17 00:00:00+09:00,3250.0,3295.0,3180.0,3190.0,36258,0.0,0.0
2023-01-18 00:00:00+09:00,3190.0,3210.0,3145.0,3150.0,27759,0.0,0.0
2023-01-19 00:00:00+09:00,3120.0,3170.0,3100.0,3160.0,19842,0.0,0.0
2023-01-20 00:00:00+09:00,3100.0,3670.0,3100.0,3340.0,2921445,0.0,0.0
2023-01-25 00:00:00+09:00,3370.0,3415.0,3310.0,3330.0,710064,0.0,0.0
2023-01-26 00:00:00+09:00,3350.0,3495.0,3330.0,3450.0,275156,0.0,0.0
2023-01-27 00:00:00+09:00,3435.0,3485.0,3370.0,3435.0,125538,0.0,0.0
2023-01-30 00:00:00+09:00,3435.0,3480.0,3340.0,3430.0,89807,0.0,0.0
2023-01-31 00:00:00+09:00,3430.0,3640.0,3395.0,3550.0,254936,0.0,0.0
2023-02-01 00:00:00+09:00,3550.0,3595.0,3465.0,3570.0,117759,0.0,0.0
2023-02-02 00:00:00+09:00,3570.0,3580.0,3400.0,3575.0,104211,0.0,0.0
2023-02-03 00:00:00+09:00,3590.0,3600.0,3510.0,3520.0,85018,0.0,0.0
2023-02-06 00:00:00+09:00,3520.0,3580.0,3440.0,3530.0,69443,0.0,0.0
2023-02-07 00:00:00+09:00,3520.0,3575.0,3460.0,3570.0,47899,0.0,0.0
2023-02-08 00:00:00+09:00,3590.0,3625.0,3540.0,3620.0,66964,0.0,0.0
2023-02-09 00:00:00+09:00,3620.0,3625.0,3565.0,3615.0,43897,0.0,0.0
2023-02-10 00:00:00+09:00,3615.0,3620.0,3435.0,3500.0,52931,0.0,0.0
2023-02-13 00:00:00+09:00,3500.0,3520.0,3435.0,3510.0,32480,0.0,0.0
2023-02-14 00:00:00+09:00,3485.0,3550.0,3480.0,3505.0,27851,0.0,0.0
2023-02-15 00:00:00+09:00,3505.0,3530.0,3310.0,3325.0,125024,0.0,0.0
2023-02-16 00:00:00+09:00,3330.0,3695.0,3305.0,3570.0,344842,0.0,0.0
2023-02-17 00:00:00+09:00,3570.0,3570.0,3480.0,3500.0,66303,0.0,0.0
2023-02-20 00:00:00+09:00,3500.0,3555.0,3400.0,3515.0,73746,0.0,0.0
2023-02-21 00:00:00+09:00,3560.0,3585.0,3465.0,3575.0,90331,0.0,0.0
2023-02-22 00:00:00+09:00,3575.0,3850.0,3500.0,3705.0,522709,0.0,0.0
2023-02-23 00:00:00+09:00,3675.0,3740.0,3630.0,3685.0,117782,0.0,0.0
2023-02-24 00:00:00+09:00,3700.0,3700.0,3500.0,3510.0,236736,0.0,0.0
2023-02-27 00:00:00+09:00,3510.0,3570.0,3410.0,3535.0,88854,0.0,0.0
2023-02-28 00:00:00+09:00,3510.0,3760.0,3510.0,3705.0,245828,0.0,0.0
2023-03-02 00:00:00+09:00,3705.0,3740.0,3560.0,3560.0,114872,0.0,0.0
2023-03-03 00:00:00+09:00,3575.0,3695.0,3575.0,3685.0,168973,0.0,0.0
2023-03-06 00:00:00+09:00,3685.0,3740.0,3640.0,3740.0,170015,0.0,0.0
2023-03-07 00:00:00+09:00,3740.0,3775.0,3640.0,3685.0,79759,0.0,0.0
2023-03-08 00:00:00+09:00,3685.0,3700.0,3570.0,3645.0,75568,0.0,0.0
2023-03-09 00:00:00+09:00,3605.0,3680.0,3520.0,3615.0,95219,0.0,0.0
2023-03-10 00:00:00+09:00,3595.0,3615.0,3425.0,3440.0,121591,0.0,0.0
2023-03-13 00:00:00+09:00,3390.0,3440.0,3260.0,3440.0,118020,0.0,0.0
2023-03-14 00:00:00+09:00,3380.0,3380.0,3165.0,3195.0,148586,0.0,0.0
2023-03-15 00:00:00+09:00,3205.0,3450.0,3205.0,3380.0,98195,0.0,0.0
2023-03-16 00:00:00+09:00,3405.0,3480.0,3250.0,3280.0,77465,0.0,0.0
2023-03-17 00:00:00+09:00,3340.0,3480.0,3325.0,3410.0,58077,0.0,0.0
2023-03-20 00:00:00+09:00,3410.0,3495.0,3410.0,3430.0,57980,0.0,0.0
2023-03-21 00:00:00+09:00,3445.0,3500.0,3335.0,3360.0,50825,0.0,0.0
2023-03-22 00:00:00+09:00,3380.0,3405.0,3290.0,3365.0,53764,0.0,0.0
2023-03-23 00:00:00+09:00,3300.0,3365.0,3240.0,3260.0,74358,0.0,0.0
2023-03-24 00:00:00+09:00,3250.0,3355.0,3215.0,3305.0,77783,0.0,0.0
2023-03-27 00:00:00+09:00,3305.0,3375.0,3180.0,3265.0,101644,0.0,0.0
2023-03-28 00:00:00+09:00,3230.0,3520.0,3230.0,3480.0,192655,0.0,0.0
2023-03-29 00:00:00+09:00,3470.0,3620.0,3365.0,3570.0,172741,0.0,0.0
2023-03-30 00:00:00+09:00,3545.0,3590.0,3480.0,3495.0,112727,0.0,0.0
2023-03-31 00:00:00+09:00,3475.0,3490.0,3345.0,3350.0,139227,0.0,0.0
2023-04-03 00:00:00+09:00,3335.0,3395.0,3255.0,3305.0,234831,0.0,0.0
2023-04-04 00:00:00+09:00,3300.0,3380.0,3275.0,3330.0,119605,0.0,0.0
2023-04-05 00:00:00+09:00,3330.0,3365.0,3245.0,3255.0,130171,0.0,0.0
2023-04-06 00:00:00+09:00,3240.0,3265.0,3170.0,3175.0,104844,0.0,0.0
2023-04-07 00:00:00+09:00,3180.0,3235.0,3150.0,3165.0,84688,0.0,0.0
2023-04-10 00:00:00+09:00,3100.0,3165.0,3020.0,3050.0,160226,0.0,0.0
2023-04-11 00:00:00+09:00,3050.0,3310.0,3050.0,3285.0,388722,0.0,0.0
2023-04-12 00:00:00+09:00,3285.0,3285.0,3145.0,3185.0,141569,0.0,0.0
2023-04-13 00:00:00+09:00,3175.0,3180.0,3095.0,3135.0,99240,0.0,0.0
2023-04-14 00:00:00+09:00,3145.0,3220.0,3100.0,3100.0,143650,0.0,0.0
2023-04-17 00:00:00+09:00,3100.0,3205.0,3060.0,3185.0,295730,0.0,0.0
2023-04-18 00:00:00+09:00,3175.0,3195.0,3110.0,3145.0,105835,0.0,0.0
2023-04-19 00:00:00+09:00,3135.0,3195.0,3130.0,3145.0,105482,0.0,0.0
2023-04-20 00:00:00+09:00,3115.0,3125.0,2990.0,3000.0,243866,0.0,0.0
2023-04-21 00:00:00+09:00,2950.0,2990.0,2810.0,2860.0,597730,0.0,0.0
2023-04-24 00:00:00+09:00,2840.0,2865.0,2795.0,2815.0,126530,0.0,0.0
2023-04-25 00:00:00+09:00,2800.0,3500.0,2795.0,2935.0,3119296,0.0,0.0
2023-04-26 00:00:00+09:00,2905.0,2960.0,2810.0,2850.0,247381,0.0,0.0
2023-04-27 00:00:00+09:00,2815.0,2935.0,2800.0,2875.0,219765,0.0,0.0
2023-04-28 00:00:00+09:00,2885.0,2920.0,2780.0,2790.0,215109,0.0,0.0
2023-05-02 00:00:00+09:00,2820.0,2945.0,2790.0,2865.0,180592,0.0,0.0
2023-05-03 00:00:00+09:00,2860.0,2980.0,2850.0,2920.0,126089,0.0,0.0
2023-05-04 00:00:00+09:00,2900.0,2900.0,2850.0,2860.0,79826,0.0,0.0
2023-05-08 00:00:00+09:00,2870.0,3020.0,2860.0,2920.0,132004,0.0,0.0
2023-05-09 00:00:00+09:00,2920.0,2935.0,2855.0,2895.0,77715,0.0,0.0
2023-05-10 00:00:00+09:00,2880.0,2985.0,2860.0,2930.0,143287,0.0,0.0
2023-05-11 00:00:00+09:00,2930.0,2995.0,2930.0,2955.0,101142,0.0,0.0
2023-05-12 00:00:00+09:00,2960.0,3140.0,2935.0,2980.0,318588,0.0,0.0
2023-05-15 00:00:00+09:00,2980.0,3110.0,2960.0,3000.0,190801,0.0,0.0
2023-05-16 00:00:00+09:00,3020.0,3250.0,3015.0,3180.0,508057,0.0,0.0
2023-05-17 00:00:00+09:00,3210.0,3380.0,3200.0,3365.0,289458,0.0,0.0
2023-05-18 00:00:00+09:00,3385.0,3430.0,3340.0,3375.0,235274,0.0,0.0
2023-05-19 00:00:00+09:00,3375.0,3435.0,3295.0,3350.0,160168,0.0,0.0
2023-05-22 00:00:00+09:00,3435.0,3435.0,3230.0,3305.0,79772,0.0,0.0
2023-05-23 00:00:00+09:00,3325.0,3355.0,3235.0,3275.0,95368,0.0,0.0
2023-05-24 00:00:00+09:00,3220.0,3310.0,3220.0,3310.0,93390,0.0,0.0
2023-05-25 00:00:00+09:00,3315.0,3325.0,3230.0,3245.0,59768,0.0,0.0
2023-05-26 00:00:00+09:00,3255.0,3280.0,3140.0,3165.0,108956,0.0,0.0
2023-05-30 00:00:00+09:00,3180.0,3275.0,3180.0,3255.0,71238,0.0,0.0
2023-05-31 00:00:00+09:00,3255.0,3325.0,3150.0,3195.0,129553,0.0,0.0
2023-06-01 00:00:00+09:00,3195.0,3385.0,3195.0,3335.0,174023,0.0,0.0
2023-06-02 00:00:00+09:00,3335.0,3335.0,3240.0,3240.0,91236,0.0,0.0
2023-06-05 00:00:00+09:00,3280.0,3600.0,3270.0,3340.0,613843,0.0,0.0
2023-06-07 00:00:00+09:00,3310.0,3365.0,3250.0,3315.0,121596,0.0,0.0
2023-06-08 00:00:00+09:00,3280.0,3330.0,3255.0,3315.0,92764,0.0,0.0
2023-06-09 00:00:00+09:00,3310.0,3395.0,3300.0,3315.0,78251,0.0,0.0
2023-06-12 00:00:00+09:00,3325.0,3385.0,3295.0,3345.0,74447,0.0,0.0
2023-06-13 00:00:00+09:00,3365.0,3415.0,3345.0,3360.0,93937,0.0,0.0
2023-06-14 00:00:00+09:00,3365.0,3390.0,3265.0,3315.0,148541,0.0,0.0
2023-06-15 00:00:00+09:00,3320.0,3440.0,3295.0,3435.0,171145,0.0,0.0
2023-06-16 00:00:00+09:00,3435.0,3485.0,3400.0,3425.0,77734,0.0,0.0
2023-06-19 00:00:00+09:00,3440.0,3520.0,3400.0,3495.0,111682,0.0,0.0
2023-06-20 00:00:00+09:00,3490.0,3495.0,3405.0,3430.0,68385,0.0,0.0
2023-06-21 00:00:00+09:00,3435.0,3445.0,3350.0,3400.0,67642,0.0,0.0
2023-06-22 00:00:00+09:00,3400.0,3470.0,3350.0,3375.0,59273,0.0,0.0
2023-06-23 00:00:00+09:00,3410.0,3420.0,3300.0,3365.0,66307,0.0,0.0
2023-06-26 00:00:00+09:00,3365.0,3400.0,3150.0,3350.0,185883,0.0,0.0
2023-06-27 00:00:00+09:00,3350.0,3450.0,3330.0,3380.0,104372,0.0,0.0
2023-06-28 00:00:00+09:00,3350.0,3450.0,3340.0,3380.0,88732,0.0,0.0
2023-06-29 00:00:00+09:00,3375.0,3380.0,3260.0,3370.0,106230,0.0,0.0
2023-06-30 00:00:00+09:00,3340.0,3395.0,3310.0,3360.0,83552,0.0,0.0
2023-07-03 00:00:00+09:00,3375.0,3450.0,3375.0,3425.0,137724,0.0,0.0
2023-07-04 00:00:00+09:00,3450.0,3530.0,3430.0,3485.0,88483,0.0,0.0
2023-07-06 00:00:00+09:00,3430.0,3525.0,3360.0,3450.0,140829,0.0,0.0
2023-07-07 00:00:00+09:00,3415.0,3435.0,3370.0,3415.0,64515,0.0,0.0
2023-07-10 00:00:00+09:00,3415.0,3915.0,3380.0,3480.0,5726695,0.0,0.0
2023-07-12 00:00:00+09:00,3465.0,3720.0,3460.0,3705.0,849228,0.0,0.0
2023-07-13 00:00:00+09:00,3705.0,3710.0,3585.0,3665.0,354553,0.0,0.0
2023-07-14 00:00:00+09:00,3645.0,3655.0,3515.0,3575.0,236249,0.0,0.0
2023-07-17 00:00:00+09:00,3575.0,3655.0,3430.0,3625.0,207222,0.0,0.0
2023-07-18 00:00:00+09:00,3630.0,3635.0,3490.0,3600.0,193792,0.0,0.0
2023-07-19 00:00:00+09:00,3600.0,3635.0,3515.0,3530.0,142596,0.0,0.0
2023-07-20 00:00:00+09:00,3530.0,3645.0,3515.0,3555.0,112342,0.0,0.0
2023-07-21 00:00:00+09:00,3555.0,3645.0,3480.0,3535.0,144912,0.0,0.0
2023-07-24 00:00:00+09:00,3510.0,3535.0,3405.0,3455.0,155729,0.0,0.0
2023-07-25 00:00:00+09:00,3455.0,3490.0,3275.0,3330.0,200947,0.0,0.0
2023-07-26 00:00:00+09:00,3295.0,3315.0,3050.0,3110.0,344286,0.0,0.0
2023-07-27 00:00:00+09:00,3110.0,3360.0,3110.0,3330.0,210620,0.0,0.0
2023-07-28 00:00:00+09:00,3330.0,3475.0,3320.0,3425.0,112354,0.0,0.0
2023-07-31 00:00:00+09:00,3450.0,3570.0,3415.0,3565.0,165726,0.0,0.0
2023-08-01 00:00:00+09:00,3565.0,3610.0,3500.0,3550.0,171529,0.0,0.0
2023-08-02 00:00:00+09:00,3550.0,3750.0,3535.0,3615.0,368160,0.0,0.0
2023-08-03 00:00:00+09:00,3615.0,3955.0,3610.0,3955.0,1192559,0.0,0.0
2023-08-04 00:00:00+09:00,3875.0,3985.0,3775.0,3985.0,428398,0.0,0.0
2023-08-07 00:00:00+09:00,4010.0,4025.0,3805.0,3820.0,231502,0.0,0.0
2023-08-08 00:00:00+09:00,3855.0,4120.0,3670.0,3930.0,557157,0.0,0.0
2023-08-09 00:00:00+09:00,3915.0,3930.0,3805.0,3920.0,205523,0.0,0.0
2023-08-10 00:00:00+09:00,3920.0,4095.0,3885.0,4040.0,344489,0.0,0.0
2023-08-11 00:00:00+09:00,4080.0,4130.0,3940.0,3950.0,323479,0.0,0.0
2023-08-14 00:00:00+09:00,3945.0,3945.0,3590.0,3805.0,333555,0.0,0.0
2023-08-16 00:00:00+09:00,3730.0,3800.0,3610.0,3705.0,314313,0.0,0.0
2023-08-17 00:00:00+09:00,3690.0,3750.0,3545.0,3725.0,263642,0.0,0.0
2023-08-18 00:00:00+09:00,3665.0,3725.0,3510.0,3535.0,339964,0.0,0.0
2023-08-21 00:00:00+09:00,3535.0,3580.0,3470.0,3495.0,180503,0.0,0.0
2023-08-22 00:00:00+09:00,3495.0,3565.0,3395.0,3450.0,183470,0.0,0.0
2023-08-23 00:00:00+09:00,3450.0,3540.0,3375.0,3515.0,182159,0.0,0.0
2023-08-24 00:00:00+09:00,3585.0,3585.0,3475.0,3510.0,111744,0.0,0.0
2023-08-25 00:00:00+09:00,3510.0,3530.0,3380.0,3390.0,104321,0.0,0.0
2023-08-28 00:00:00+09:00,3395.0,3560.0,3395.0,3500.0,107280,0.0,0.0
2023-08-29 00:00:00+09:00,3540.0,3695.0,3515.0,3570.0,126095,0.0,0.0
2023-08-30 00:00:00+09:00,3580.0,3610.0,3540.0,3590.0,84339,0.0,0.0
2023-08-31 00:00:00+09:00,3590.0,3615.0,3540.0,3575.0,74243,0.0,0.0
2023-09-01 00:00:00+09:00,3575.0,3575.0,3485.0,3500.0,123453,0.0,0.0
2023-09-04 00:00:00+09:00,3500.0,3565.0,3440.0,3555.0,66542,0.0,0.0
2023-09-05 00:00:00+09:00,3545.0,3620.0,3530.0,3595.0,111213,0.0,0.0
2023-09-06 00:00:00+09:00,3595.0,3655.0,3540.0,3555.0,61936,0.0,0.0
2023-09-07 00:00:00+09:00,3555.0,3585.0,3505.0,3575.0,84663,0.0,0.0
2023-09-08 00:00:00+09:00,3540.0,3580.0,3510.0,3560.0,42086,0.0,0.0
2023-09-11 00:00:00+09:00,3550.0,3720.0,3545.0,3710.0,197434,0.0,0.0
2023-09-12 00:00:00+09:00,3690.0,3770.0,3635.0,3660.0,128345,0.0,0.0
2023-09-13 00:00:00+09:00,3655.0,3770.0,3650.0,3755.0,156713,0.0,0.0
2023-09-14 00:00:00+09:00,3755.0,3800.0,3705.0,3725.0,147048,0.0,0.0
2023-09-15 00:00:00+09:00,3740.0,3740.0,3610.0,3630.0,113313,0.0,0.0
2023-09-18 00:00:00+09:00,3630.0,3670.0,3525.0,3525.0,90184,0.0,0.0
2023-09-19 00:00:00+09:00,3515.0,3575.0,3430.0,3455.0,104997,0.0,0.0
2023-09-20 00:00:00+09:00,3455.0,3480.0,3425.0,3470.0,55124,0.0,0.0
2023-09-21 00:00:00+09:00,3470.0,3475.0,3300.0,3390.0,127379,0.0,0.0
2023-09-22 00:00:00+09:00,3320.0,3385.0,3295.0,3340.0,71837,0.0,0.0
2023-09-25 00:00:00+09:00,3330.0,3370.0,3230.0,3275.0,90356,0.0,0.0
2023-09-26 00:00:00+09:00,3275.0,3350.0,3260.0,3280.0,65362,0.0,0.0
2023-09-27 00:00:00+09:00,3245.0,3380.0,3210.0,3380.0,53195,0.0,0.0
2023-10-04 00:00:00+09:00,3380.0,3410.0,3250.0,3325.0,131838,0.0,0.0
2023-10-05 00:00:00+09:00,3325.0,3470.0,3290.0,3395.0,106417,0.0,0.0
2023-10-06 00:00:00+09:00,3330.0,3440.0,3330.0,3395.0,74555,0.0,0.0
2023-10-10 00:00:00+09:00,3410.0,3530.0,3395.0,3445.0,103587,0.0,0.0
2023-10-11 00:00:00+09:00,3410.0,3585.0,3410.0,3570.0,143890,0.0,0.0
2023-10-12 00:00:00+09:00,3570.0,3635.0,3550.0,3585.0,89103,0.0,0.0
2023-10-13 00:00:00+09:00,3565.0,3610.0,3415.0,3520.0,49052,0.0,0.0
2023-10-16 00:00:00+09:00,3505.0,3505.0,3395.0,3490.0,67830,0.0,0.0
2023-10-17 00:00:00+09:00,3465.0,3695.0,3465.0,3650.0,182269,0.0,0.0
2023-10-18 00:00:00+09:00,3655.0,3700.0,3580.0,3675.0,98509,0.0,0.0
2023-10-19 00:00:00+09:00,3605.0,3615.0,3515.0,3580.0,120090,0.0,0.0
2023-10-20 00:00:00+09:00,3535.0,3535.0,3380.0,3450.0,120693,0.0,0.0
2023-10-23 00:00:00+09:00,3445.0,3445.0,3330.0,3425.0,66755,0.0,0.0
2023-10-24 00:00:00+09:00,3410.0,3505.0,3290.0,3490.0,103784,0.0,0.0
2023-10-25 00:00:00+09:00,3490.0,3540.0,3470.0,3515.0,82794,0.0,0.0
2023-10-26 00:00:00+09:00,3455.0,3465.0,3335.0,3345.0,77273,0.0,0.0
2023-10-27 00:00:00+09:00,3345.0,3400.0,3275.0,3365.0,84676,0.0,0.0
2023-10-30 00:00:00+09:00,3365.0,3465.0,3345.0,3405.0,98508,0.0,0.0
2023-10-31 00:00:00+09:00,3405.0,3500.0,3335.0,3380.0,91053,0.0,0.0
2023-11-01 00:00:00+09:00,3385.0,3585.0,3385.0,3565.0,184589,0.0,0.0
2023-11-02 00:00:00+09:00,3565.0,3610.0,3510.0,3540.0,80845,0.0,0.0
2023-11-03 00:00:00+09:00,3560.0,3595.0,3490.0,3505.0,96019,0.0,0.0
2023-11-06 00:00:00+09:00,3540.0,3600.0,3470.0,3530.0,127251,0.0,0.0
2023-11-07 00:00:00+09:00,3530.0,3695.0,3490.0,3670.0,193711,0.0,0.0
2023-11-08 00:00:00+09:00,3635.0,3665.0,3500.0,3530.0,134916,0.0,0.0
2023-11-09 00:00:00+09:00,3530.0,3555.0,3445.0,3495.0,62820,0.0,0.0
2023-11-10 00:00:00+09:00,3440.0,3500.0,3330.0,3345.0,181710,0.0,0.0
2023-11-13 00:00:00+09:00,3360.0,3405.0,3275.0,3305.0,119250,0.0,0.0
2023-11-14 00:00:00+09:00,3295.0,3385.0,3275.0,3365.0,98185,0.0,0.0
2023-11-15 00:00:00+09:00,3370.0,3465.0,3365.0,3445.0,117311,0.0,0.0
2023-11-16 00:00:00+09:00,3445.0,3480.0,3320.0,3455.0,151832,0.0,0.0
2023-11-17 00:00:00+09:00,3455.0,3485.0,3355.0,3370.0,84125,0.0,0.0
2023-11-20 00:00:00+09:00,3365.0,3435.0,3345.0,3370.0,98283,0.0,0.0
2023-11-21 00:00:00+09:00,3370.0,3485.0,3365.0,3470.0,90282,0.0,0.0
2023-11-22 00:00:00+09:00,3455.0,3510.0,3415.0,3460.0,75544,0.0,0.0
2023-11-23 00:00:00+09:00,3455.0,3485.0,3395.0,3395.0,126544,0.0,0.0
2023-11-24 00:00:00+09:00,3395.0,3430.0,3320.0,3380.0,177768,0.0,0.0
2023-11-27 00:00:00+09:00,3370.0,3415.0,3265.0,3290.0,205958,0.0,0.0
2023-11-28 00:00:00+09:00,3290.0,3335.0,3065.0,3095.0,503067,0.0,0.0
2023-11-29 00:00:00+09:00,3115.0,3145.0,3050.0,3105.0,141924,0.0,0.0
2023-11-30 00:00:00+09:00,3105.0,3145.0,3060.0,3145.0,121794,0.0,0.0
2023-12-01 00:00:00+09:00,3145.0,3200.0,3105.0,3145.0,142290,0.0,0.0
2023-12-04 00:00:00+09:00,3145.0,3215.0,3115.0,3200.0,111403,0.0,0.0
2023-12-05 00:00:00+09:00,3190.0,3200.0,3070.0,3100.0,195429,0.0,0.0
2023-12-06 00:00:00+09:00,3090.0,3255.0,3070.0,3155.0,222322,0.0,0.0
2023-12-07 00:00:00+09:00,3155.0,3210.0,3075.0,3110.0,135202,0.0,0.0
2023-12-08 00:00:00+09:00,3110.0,3140.0,3065.0,3110.0,74996,0.0,0.0
2023-12-11 00:00:00+09:00,3115.0,3165.0,3075.0,3100.0,159443,0.0,0.0
2023-12-12 00:00:00+09:00,3085.0,3120.0,3075.0,3105.0,58501,0.0,0.0
2023-12-13 00:00:00+09:00,3115.0,3115.0,3065.0,3080.0,73598,0.0,0.0
2023-12-14 00:00:00+09:00,3090.0,3135.0,3075.0,3090.0,81448,0.0,0.0
2023-12-15 00:00:00+09:00,3085.0,3115.0,3080.0,3100.0,62593,0.0,0.0
2023-12-18 00:00:00+09:00,3100.0,3135.0,3090.0,3115.0,47573,0.0,0.0
2023-12-19 00:00:00+09:00,3105.0,3135.0,3105.0,3125.0,91228,0.0,0.0
2023-12-20 00:00:00+09:00,3125.0,3150.0,3075.0,3080.0,156078,0.0,0.0
2023-12-21 00:00:00+09:00,3075.0,3105.0,3060.0,3080.0,70612,0.0,0.0
2023-12-22 00:00:00+09:00,3080.0,3085.0,3055.0,3070.0,72335,0.0,0.0
2023-12-26 00:00:00+09:00,3070.0,3090.0,3055.0,3075.0,46405,0.0,0.0
2023-12-27 00:00:00+09:00,3070.0,3090.0,3070.0,3075.0,78094,0.0,0.0
2023-12-28 00:00:00+09:00,3075.0,3120.0,3075.0,3100.0,105264,0.0,0.0
2024-01-02 00:00:00+09:00,3095.0,3170.0,3080.0,3155.0,131486,0.0,0.0
2024-01-03 00:00:00+09:00,3140.0,3145.0,3100.0,3130.0,73654,0.0,0.0
2024-01-04 00:00:00+09:00,3110.0,3125.0,3075.0,3090.0,68662,0.0,0.0
2024-01-05 00:00:00+09:00,3085.0,3130.0,3080.0,3110.0,87335,0.0,0.0
2024-01-08 00:00:00+09:00,3110.0,3165.0,3110.0,3140.0,168854,0.0,0.0
2024-01-09 00:00:00+09:00,3145.0,3210.0,3145.0,3185.0,122029,0.0,0.0
2024-01-10 00:00:00+09:00,3185.0,3200.0,3115.0,3155.0,79186,0.0,0.0
2024-01-11 00:00:00+09:00,3155.0,3165.0,3105.0,3120.0,78131,0.0,0.0
2024-01-12 00:00:00+09:00,3135.0,3135.0,3075.0,3095.0,101742,0.0,0.0
2024-01-15 00:00:00+09:00,3090.0,3095.0,3030.0,3050.0,118789,0.0,0.0
2024-01-16 00:00:00+09:00,3045.0,3070.0,2990.0,2990.0,167570,0.0,0.0
2024-01-17 00:00:00+09:00,2985.0,2985.0,2885.0,2905.0,138664,0.0,0.0
2024-01-18 00:00:00+09:00,2895.0,2945.0,2875.0,2940.0,100422,0.0,0.0
2024-01-19 00:00:00+09:00,2945.0,2990.0,2930.0,2945.0,76110,0.0,0.0
2024-01-22 00:00:00+09:00,2955.0,2965.0,2905.0,2930.0,55202,0.0,0.0
2024-01-23 00:00:00+09:00,2915.0,2980.0,2910.0,2975.0,63134,0.0,0.0
2024-01-24 00:00:00+09:00,2985.0,2985.0,2930.0,2960.0,53014,0.0,0.0
2024-01-25 00:00:00+09:00,2935.0,2950.0,2910.0,2915.0,30143,0.0,0.0
2024-01-26 00:00:00+09:00,2915.0,2970.0,2900.0,2945.0,41024,0.0,0.0
2024-01-29 00:00:00+09:00,2950.0,2970.0,2920.0,2930.0,35483,0.0,0.0
2024-01-30 00:00:00+09:00,2920.0,2945.0,2910.0,2935.0,25348,0.0,0.0
2024-01-31 00:00:00+09:00,2935.0,2945.0,2870.0,2880.0,99061,0.0,0.0
2024-02-01 00:00:00+09:00,2875.0,2895.0,2855.0,2880.0,47819,0.0,0.0
2024-02-02 00:00:00+09:00,2885.0,2940.0,2880.0,2905.0,78274,0.0,0.0
2024-02-05 00:00:00+09:00,2915.0,2915.0,2885.0,2905.0,50582,0.0,0.0
2024-02-06 00:00:00+09:00,2905.0,2930.0,2875.0,2900.0,37253,0.0,0.0
2024-02-07 00:00:00+09:00,2905.0,2905.0,2870.0,2895.0,50765,0.0,0.0
2024-02-08 00:00:00+09:00,2895.0,2900.0,2860.0,2885.0,44141,0.0,0.0
2024-02-13 00:00:00+09:00,2890.0,2925.0,2865.0,2910.0,66481,0.0,0.0
2024-02-14 00:00:00+09:00,2910.0,3040.0,2870.0,2985.0,406172,0.0,0.0
2024-02-15 00:00:00+09:00,2990.0,3005.0,2920.0,2965.0,305032,0.0,0.0
2024-02-16 00:00:00+09:00,2985.0,2985.0,2940.0,2965.0,62792,0.0,0.0
2024-02-19 00:00:00+09:00,2965.0,2985.0,2925.0,2965.0,121427,0.0,0.0
2024-02-20 00:00:00+09:00,2970.0,2970.0,2925.0,2945.0,55371,0.0,0.0
2024-02-21 00:00:00+09:00,2945.0,2985.0,2925.0,2960.0,80098,0.0,0.0
2024-02-22 00:00:00+09:00,2965.0,2965.0,2920.0,2965.0,112936,0.0,0.0
2024-02-23 00:00:00+09:00,2970.0,2975.0,2920.0,2935.0,93168,0.0,0.0
2024-02-26 00:00:00+09:00,2930.0,2960.0,2905.0,2915.0,101990,0.0,0.0
2024-02-27 00:00:00+09:00,2930.0,2930.0,2880.0,2885.0,66007,0.0,0.0
2024-02-28 00:00:00+09:00,2895.0,2900.0,2845.0,2865.0,130666,0.0,0.0
2024-02-29 00:00:00+09:00,2870.0,2875.0,2810.0,2835.0,112392,0.0,0.0
2024-03-04 00:00:00+09:00,2845.0,2875.0,2845.0,2870.0,67341,0.0,0.0
2024-03-05 00:00:00+09:00,2865.0,2900.0,2770.0,2845.0,156623,0.0,0.0
2024-03-06 00:00:00+09:00,2820.0,2845.0,2805.0,2820.0,54191,0.0,0.0
2024-03-07 00:00:00+09:00,2810.0,2820.0,2775.0,2820.0,65123,0.0,0.0
2024-03-08 00:00:00+09:00,2815.0,2880.0,2815.0,2835.0,117743,0.0,0.0
2024-03-11 00:00:00+09:00,2835.0,2860.0,2800.0,2830.0,80687,0.0,0.0
2024-03-12 00:00:00+09:00,2830.0,2835.0,2795.0,2825.0,83335,0.0,0.0
2024-03-13 00:00:00+09:00,2825.0,2855.0,2810.0,2855.0,130356,0.0,0.0
2024-03-14 00:00:00+09:00,2850.0,2870.0,2815.0,2850.0,51030,0.0,0.0
2024-03-15 00:00:00+09:00,2845.0,2850.0,2820.0,2845.0,57116,0.0,0.0
2024-03-18 00:00:00+09:00,2835.0,2865.0,2820.0,2845.0,108079,0.0,0.0
2024-03-19 00:00:00+09:00,2845.0,2845.0,2810.0,2840.0,73978,0.0,0.0
2024-03-20 00:00:00+09:00,2840.0,2880.0,2835.0,2880.0,71068,0.0,0.0
2024-03-21 00:00:00+09:00,2880.0,2900.0,2860.0,2875.0,49259,0.0,0.0
2024-03-22 00:00:00+09:00,2875.0,2880.0,2815.0,2840.0,185062,0.0,0.0
2024-03-25 00:00:00+09:00,2835.0,2835.0,2815.0,2830.0,72614,0.0,0.0
2024-03-26 00:00:00+09:00,2825.0,2835.0,2785.0,2795.0,201917,0.0,0.0
2024-03-27 00:00:00+09:00,2800.0,2815.0,2785.0,2790.0,60642,0.0,0.0
2024-03-28 00:00:00+09:00,2790.0,2800.0,2770.0,2785.0,80157,0.0,0.0
2024-03-29 00:00:00+09:00,2785.0,2785.0,2760.0,2780.0,99211,0.0,0.0
2024-04-01 00:00:00+09:00,2780.0,2825.0,2770.0,2785.0,171114,0.0,0.0
2024-04-02 00:00:00+09:00,2790.0,2805.0,2735.0,2755.0,143724,0.0,0.0
2024-04-03 00:00:00+09:00,2750.0,2755.0,2710.0,2750.0,74059,0.0,0.0
2024-04-04 00:00:00+09:00,2750.0,2770.0,2720.0,2745.0,63413,0.0,0.0
2024-04-05 00:00:00+09:00,2715.0,2745.0,2715.0,2740.0,72820,0.0,0.0
2024-04-08 00:00:00+09:00,2740.0,2740.0,2680.0,2690.0,158587,0.0,0.0
2024-04-09 00:00:00+09:00,2675.0,2690.0,2670.0,2690.0,59882,0.0,0.0
2024-04-11 00:00:00+09:00,2660.0,2700.0,2645.0,2685.0,60328,0.0,0.0
2024-04-12 00:00:00+09:00,2680.0,2725.0,2675.0,2705.0,72221,0.0,0.0
2024-04-15 00:00:00+09:00,2695.0,2695.0,2640.0,2670.0,91949,0.0,0.0
2024-04-16 00:00:00+09:00,2660.0,2660.0,2590.0,2630.0,120695,0.0,0.0
2024-04-17 00:00:00+09:00,2620.0,2655.0,2615.0,2645.0,59258,0.0,0.0
2024-04-18 00:00:00+09:00,2620.0,2685.0,2620.0,2655.0,138081,0.0,0.0
2024-04-19 00:00:00+09:00,2650.0,2650.0,2565.0,2600.0,100638,0.0,0.0
2024-04-22 00:00:00+09:00,2595.0,2615.0,2580.0,2600.0,70630,0.0,0.0
2024-04-23 00:00:00+09:00,2615.0,3000.0,2605.0,2630.0,2582779,0.0,0.0
2024-04-24 00:00:00+09:00,2655.0,2715.0,2640.0,2700.0,256874,0.0,0.0
2024-04-25 00:00:00+09:00,2695.0,2755.0,2675.0,2740.0,213413,0.0,0.0
2024-04-26 00:00:00+09:00,2725.0,2760.0,2705.0,2735.0,117809,0.0,0.0
2024-04-29 00:00:00+09:00,2720.0,2760.0,2720.0,2735.0,100693,0.0,0.0
2024-04-30 00:00:00+09:00,2735.0,2880.0,2735.0,2795.0,344665,0.0,0.0
2024-05-02 00:00:00+09:00,2795.0,2875.0,2780.0,2855.0,174811,0.0,0.0
2024-05-03 00:00:00+09:00,2855.0,2885.0,2835.0,2835.0,87974,0.0,0.0
2024-05-07 00:00:00+09:00,2945.0,2960.0,2890.0,2935.0,326300,0.0,0.0
2024-05-08 00:00:00+09:00,2935.0,3180.0,2915.0,3135.0,874240,0.0,0.0
2024-05-09 00:00:00+09:00,3125.0,3160.0,3090.0,3140.0,235444,0.0,0.0
2024-05-10 00:00:00+09:00,3140.0,3180.0,3085.0,3120.0,157438,0.0,0.0
2024-05-13 00:00:00+09:00,3125.0,3135.0,3040.0,3045.0,142084,0.0,0.0
2024-05-14 00:00:00+09:00,3080.0,3180.0,3045.0,3070.0,306507,0.0,0.0
2024-05-16 00:00:00+09:00,3095.0,3120.0,2980.0,3000.0,359888,0.0,0.0
2024-05-17 00:00:00+09:00,2985.0,3080.0,2985.0,3055.0,195553,0.0,0.0
2024-05-20 00:00:00+09:00,3030.0,3060.0,2970.0,3000.0,144055,0.0,0.0
2024-05-21 00:00:00+09:00,3035.0,3035.0,2955.0,2965.0,176362,0.0,0.0
2024-05-22 00:00:00+09:00,2965.0,3000.0,2945.0,2965.0,96739,0.0,0.0
2024-05-23 00:00:00+09:00,2965.0,2995.0,2925.0,2945.0,108213,0.0,0.0
2024-05-24 00:00:00+09:00,2940.0,2945.0,2905.0,2905.0,57553,0.0,0.0
2024-05-27 00:00:00+09:00,2905.0,2925.0,2880.0,2905.0,106731,0.0,0.0
2024-05-28 00:00:00+09:00,2905.0,2955.0,2900.0,2910.0,111745,0.0,0.0
2024-05-29 00:00:00+09:00,2915.0,2920.0,2850.0,2850.0,126150,0.0,0.0
2024-05-30 00:00:00+09:00,2860.0,2880.0,2830.0,2830.0,94662,0.0,0.0
2024-05-31 00:00:00+09:00,2810.0,2920.0,2810.0,2920.0,74896,0.0,0.0
2024-06-03 00:00:00+09:00,2910.0,2940.0,2890.0,2915.0,75677,0.0,0.0
2024-06-04 00:00:00+09:00,2915.0,2930.0,2895.0,2910.0,42374,0.0,0.0
2024-06-05 00:00:00+09:00,2910.0,2920.0,2850.0,2875.0,59935,0.0,0.0
2024-06-07 00:00:00+09:00,2890.0,2915.0,2855.0,2910.0,84008,0.0,0.0
2024-06-10 00:00:00+09:00,2910.0,2910.0,2860.0,2890.0,47535,0.0,0.0
2024-06-11 00:00:00+09:00,2915.0,2915.0,2825.0,2835.0,71376,0.0,0.0
2024-06-12 00:00:00+09:00,2845.0,2845.0,2820.0,2820.0,39340,0.0,0.0
2024-06-13 00:00:00+09:00,2820.0,2835.0,2775.0,2785.0,77997,0.0,0.0
2024-06-14 00:00:00+09:00,2795.0,2795.0,2755.0,2775.0,41851,0.0,0.0
2024-06-17 00:00:00+09:00,2770.0,2780.0,2745.0,2770.0,52374,0.0,0.0
2024-06-18 00:00:00+09:00,2760.0,2775.0,2715.0,2740.0,54350,0.0,0.0
2024-06-19 00:00:00+09:00,2730.0,2745.0,2710.0,2710.0,62040,0.0,0.0
2024-06-20 00:00:00+09:00,2710.0,2740.0,2695.0,2705.0,35667,0.0,0.0
2024-06-21 00:00:00+09:00,2705.0,2710.0,2665.0,2675.0,50207,0.0,0.0
2024-06-24 00:00:00+09:00,2675.0,2680.0,2645.0,2675.0,45528,0.0,0.0
2024-06-25 00:00:00+09:00,2660.0,2705.0,2660.0,2700.0,24847,0.0,0.0
2024-06-26 00:00:00+09:00,2715.0,2715.0,2675.0,2680.0,37950,0.0,0.0
2024-06-27 00:00:00+09:00,2675.0,2730.0,2655.0,2685.0,38602,0.0,0.0
2024-06-28 00:00:00+09:00,2685.0,2765.0,2685.0,2745.0,72970,0.0,0.0
2024-07-01 00:00:00+09:00,2740.0,2785.0,2725.0,2750.0,61708,0.0,0.0
2024-07-02 00:00:00+09:00,2730.0,2765.0,2705.0,2710.0,61727,0.0,0.0
2024-07-03 00:00:00+09:00,2735.0,2765.0,2675.0,2690.0,71785,0.0,0.0
2024-07-04 00:00:00+09:00,2670.0,2685.0,2625.0,2670.0,91861,0.0,0.0
2024-07-05 00:00:00+09:00,2670.0,2690.0,2635.0,2635.0,44710,0.0,0.0
2024-07-08 00:00:00+09:00,2645.0,2935.0,2645.0,2835.0,702700,0.0,0.0
2024-07-09 00:00:00+09:00,2800.0,2920.0,2765.0,2865.0,237634,0.0,0.0
2024-07-10 00:00:00+09:00,2845.0,2950.0,2845.0,2920.0,143460,0.0,0.0
2024-07-11 00:00:00+09:00,2920.0,2925.0,2845.0,2880.0,69733,0.0,0.0
2024-07-12 00:00:00+09:00,2880.0,2880.0,2830.0,2840.0,57771,0.0,0.0
2024-07-15 00:00:00+09:00,2840.0,2870.0,2800.0,2825.0,49186,0.0,0.0
2024-07-16 00:00:00+09:00,2820.0,2835.0,2780.0,2790.0,54560,0.0,0.0
2024-07-17 00:00:00+09:00,2790.0,2810.0,2780.0,2800.0,36341,0.0,0.0
2024-07-18 00:00:00+09:00,2790.0,2815.0,2750.0,2785.0,46433,0.0,0.0
2024-07-19 00:00:00+09:00,2755.0,2800.0,2700.0,2715.0,77694,0.0,0.0
2024-07-22 00:00:00+09:00,2705.0,2730.0,2620.0,2630.0,165515,0.0,0.0
2024-07-23 00:00:00+09:00,2650.0,2675.0,2640.0,2655.0,37719,0.0,0.0
2024-07-24 00:00:00+09:00,2640.0,2690.0,2630.0,2660.0,33882,0.0,0.0
2024-07-25 00:00:00+09:00,2655.0,2655.0,2565.0,2640.0,81873,0.0,0.0
2024-07-26 00:00:00+09:00,2640.0,2670.0,2640.0,2655.0,34815,0.0,0.0
2024-07-29 00:00:00+09:00,2655.0,2710.0,2650.0,2680.0,22583,0.0,0.0
2024-07-30 00:00:00+09:00,2695.0,2695.0,2635.0,2650.0,34335,0.0,0.0
2024-07-31 00:00:00+09:00,2625.0,2670.0,2625.0,2670.0,20473,0.0,0.0
2024-08-01 00:00:00+09:00,2710.0,2730.0,2675.0,2715.0,52005,0.0,0.0
2024-08-02 00:00:00+09:00,2710.0,2710.0,2590.0,2590.0,87145,0.0,0.0
2024-08-05 00:00:00+09:00,2590.0,2600.0,2200.0,2310.0,216596,0.0,0.0
2024-08-06 00:00:00+09:00,2310.0,2450.0,2310.0,2370.0,152802,0.0,0.0
2024-08-07 00:00:00+09:00,2345.0,2440.0,2345.0,2430.0,44170,0.0,0.0
2024-08-08 00:00:00+09:00,2410.0,2460.0,2355.0,2435.0,53951,0.0,0.0
2024-08-09 00:00:00+09:00,2450.0,2510.0,2445.0,2480.0,53332,0.0,0.0
2024-08-12 00:00:00+09:00,2470.0,2555.0,2470.0,2530.0,47192,0.0,0.0
2024-08-13 00:00:00+09:00,2530.0,2530.0,2470.0,2485.0,23103,0.0,0.0
2024-08-14 00:00:00+09:00,2485.0,2525.0,2475.0,2480.0,62292,0.0,0.0
2024-08-16 00:00:00+09:00,2480.0,2545.0,2480.0,2530.0,75346,0.0,0.0
2024-08-19 00:00:00+09:00,2530.0,2585.0,2485.0,2495.0,57165,0.0,0.0
2024-08-20 00:00:00+09:00,2505.0,2540.0,2500.0,2520.0,31264,0.0,0.0
2024-08-21 00:00:00+09:00,2515.0,2550.0,2480.0,2515.0,55780,0.0,0.0
2024-08-22 00:00:00+09:00,2515.0,2520.0,2450.0,2450.0,60062,0.0,0.0
2024-08-23 00:00:00+09:00,2435.0,2435.0,2375.0,2380.0,94726,0.0,0.0
2024-08-26 00:00:00+09:00,2385.0,2400.0,2345.0,2360.0,62624,0.0,0.0
2024-08-27 00:00:00+09:00,2350.0,2405.0,2315.0,2390.0,44973,0.0,0.0
2024-08-28 00:00:00+09:00,2400.0,2405.0,2375.0,2395.0,27133,0.0,0.0
2024-08-29 00:00:00+09:00,2390.0,2455.0,2375.0,2455.0,41459,0.0,0.0
2024-08-30 00:00:00+09:00,2455.0,2490.0,2425.0,2460.0,23517,0.0,0.0
2024-09-02 00:00:00+09:00,2470.0,2470.0,2390.0,2395.0,50316,0.0,0.0
2024-09-03 00:00:00+09:00,2410.0,2420.0,2390.0,2390.0,28786,0.0,0.0
2024-09-04 00:00:00+09:00,2365.0,2370.0,2285.0,2310.0,79561,0.0,0.0
2024-09-05 00:00:00+09:00,2310.0,2360.0,2290.0,2310.0,36608,0.0,0.0
2024-09-06 00:00:00+09:00,2320.0,2320.0,2235.0,2265.0,65882,0.0,0.0
2024-09-09 00:00:00+09:00,2245.0,2310.0,2205.0,2310.0,59338,0.0,0.0
2024-09-10 00:00:00+09:00,2310.0,2340.0,2285.0,2310.0,24385,0.0,0.0
2024-09-11 00:00:00+09:00,2290.0,2325.0,2285.0,2290.0,13307,0.0,0.0
2024-09-12 00:00:00+09:00,2305.0,2435.0,2295.0,2430.0,79084,0.0,0.0
2024-09-13 00:00:00+09:00,2430.0,2505.0,2410.0,2450.0,46129,0.0,0.0
2024-09-19 00:00:00+09:00,2450.0,2550.0,2420.0,2530.0,43295,0.0,0.0
2024-09-20 00:00:00+09:00,2530.0,2550.0,2490.0,2520.0,26667,0.0,0.0
2024-09-23 00:00:00+09:00,2515.0,2520.0,2470.0,2480.0,24905,0.0,0.0
2024-09-24 00:00:00+09:00,2480.0,2510.0,2445.0,2505.0,41473,0.0,0.0
2024-09-25 00:00:00+09:00,2505.0,2505.0,2440.0,2450.0,83084,0.0,0.0
2024-09-26 00:00:00+09:00,2450.0,2500.0,2450.0,2485.0,40021,0.0,0.0
2024-09-27 00:00:00+09:00,2480.0,2490.0,2450.0,2475.0,43452,0.0,0.0
2024-09-30 00:00:00+09:00,2465.0,2470.0,2415.0,2425.0,32674,0.0,0.0
2024-10-02 00:00:00+09:00,2420.0,2420.0,2320.0,2365.0,60845,0.0,0.0
2024-10-04 00:00:00+09:00,2365.0,2410.0,2365.0,2380.0,19880,0.0,0.0
2024-10-07 00:00:00+09:00,2380.0,2420.0,2365.0,2410.0,22857,0.0,0.0
2024-10-08 00:00:00+09:00,2410.0,2495.0,2390.0,2425.0,27918,0.0,0.0
2024-10-10 00:00:00+09:00,2420.0,2435.0,2410.0,2435.0,20567,0.0,0.0
2024-10-11 00:00:00+09:00,2420.0,2440.0,2415.0,2420.0,12367,0.0,0.0
2024-10-14 00:00:00+09:00,2415.0,2450.0,2410.0,2450.0,10493,0.0,0.0
2024-10-15 00:00:00+09:00,2450.0,2450.0,2385.0,2420.0,56524,0.0,0.0
2024-10-16 00:00:00+09:00,2395.0,2475.0,2375.0,2460.0,53623,0.0,0.0
2024-10-17 00:00:00+09:00,2460.0,2500.0,2430.0,2430.0,21840,0.0,0.0
2024-10-18 00:00:00+09:00,2430.0,2445.0,2405.0,2420.0,17458,0.0,0.0
