Date,Open,High,Low,Close,Volume,Dividends,Stock Splits
2014-05-27 00:00:00+09:00,10840.219128667091,11217.270228794643,9237.751953125,9237.751953125,4609948,0.0,0.0
2014-05-28 00:00:00+09:00,9030.374465762867,9661.935101677389,8983.243075022978,9614.8037109375,2314414,0.0,0.0
2014-05-29 00:00:00+09:00,9567.671665736607,9709.06582828444,9237.751953125,9237.751953125,839829,0.0,0.0
2014-05-30 00:00:00+09:00,9520.541024794602,10604.563022667255,9426.278242370892,10038.986328125,4777939,0.0,0.0
2014-06-02 00:00:00+09:00,10227.510591947115,11452.926607572115,9661.933969350961,11028.744140625,2571706,0.0,0.0
2014-06-03 00:00:00+09:00,10840.220442708334,11782.848307291668,10416.037903645834,10604.5634765625,1963957,0.0,0.0
2014-06-05 00:00:00+09:00,10793.088957530286,10981.614528840859,10368.906422081498,10698.826171875,813693,0.0,0.0
2014-06-09 00:00:00+09:00,10793.088070390237,10981.613626204913,9416.851512943098,9473.4091796875,1087084,0.0,0.0
2014-06-10 00:00:00+09:00,9520.541024794602,10368.906066607982,9294.3103469777,10038.986328125,730659,0.0,0.0
2014-06-11 00:00:00+09:00,9897.591796875,10038.985965401786,9661.934849330357,9897.591796875,481267,0.0,0.0
2014-06-12 00:00:00+09:00,9944.723812084843,10180.380774456522,9709.066849713165,9756.1982421875,339584,0.0,0.0
2014-06-13 00:00:00+09:00,9803.32927389706,9850.460664636948,9473.409538717831,9614.8037109375,334406,0.0,0.0
2014-06-16 00:00:00+09:00,9756.197346608233,9803.328734756098,9416.851351943598,9661.9345703125,212611,0.0,0.0
2014-06-17 00:00:00+09:00,9614.802890625,9614.802890625,9369.7196796875,9426.27734375,250670,0.0,0.0
2014-06-18 00:00:00+09:00,9567.672070312501,10180.380133928571,9520.540680803571,9897.591796875,713583,0.0,0.0
2014-06-19 00:00:00+09:00,9991.854936913145,10086.117719336855,9709.06658964202,10038.986328125,276765,0.0,0.0
2014-06-20 00:00:00+09:00,9991.854575892858,10416.037081473214,9850.460407366072,9897.591796875,410707,0.0,0.0
2014-06-23 00:00:00+09:00,10086.1172360852,10180.380013992537,9426.277790733831,9473.4091796875,323554,0.0,0.0
2014-06-24 00:00:00+09:00,9614.803625606795,9897.591967536408,9520.540844963592,9709.06640625,282217,0.0,0.0
2014-06-25 00:00:00+09:00,9756.197883157169,9803.32927389706,9520.54092945772,9614.8037109375,164988,0.0,0.0
2014-06-26 00:00:00+09:00,9756.198500147406,10745.957768278302,9756.198500147406,9991.85546875,1780226,0.0,0.0
2014-06-27 00:00:00+09:00,9426.27823329208,9756.197971457303,9426.27823329208,9520.541015625,1363569,0.0,0.0
2014-06-30 00:00:00+09:00,9520.541015625,9614.80379795792,9426.27823329208,9520.541015625,375454,0.0,0.0
2014-07-01 00:00:00+09:00,9567.67240679146,9850.460753790223,9322.589172725866,9520.541015625,992390,0.0,0.0
2014-07-02 00:00:00+09:00,9567.67240679146,9614.80379795792,9397.999398592203,9520.541015625,311767,0.0,0.0
2014-07-03 00:00:00+09:00,9520.541279815821,9850.46102713617,9416.852216372283,9756.1982421875,668606,0.0,0.0
2014-07-04 00:00:00+09:00,9756.197466413552,10274.642742406542,9756.197466413552,10086.1171875,1088364,0.0,0.0
2014-07-07 00:00:00+09:00,10086.118256191037,10227.512437352594,9897.592681308963,9991.85546875,375883,0.0,0.0
2014-07-08 00:00:00+09:00,10038.986420502533,10463.1689453125,9991.855028856982,10463.1689453125,836158,0.0,0.0
2014-07-09 00:00:00+09:00,10368.906600336322,10651.694962163678,10227.512419422646,10510.30078125,456811,0.0,0.0
2014-07-10 00:00:00+09:00,10463.1689453125,10604.563120249155,10180.380595439188,10463.1689453125,370104,0.0,0.0
2014-07-11 00:00:00+09:00,10416.03690858645,10416.03690858645,9897.591632593458,10086.1171875,1185600,0.0,0.0
2014-07-14 00:00:00+09:00,10227.512157989902,10793.0888671875,10133.249373123635,10793.0888671875,1268778,0.0,0.0
2014-07-15 00:00:00+09:00,10745.95711767146,10887.3512902724,10557.43155420354,10651.6943359375,514665,0.0,0.0
2014-07-16 00:00:00+09:00,10840.22026411984,10840.22026411984,10086.11798487672,10274.6435546875,685682,0.0,0.0
2014-07-17 00:00:00+09:00,10274.643109158986,10368.905889976959,10133.248937932027,10227.51171875,372175,0.0,0.0
2014-07-18 00:00:00+09:00,10086.116817239335,10227.510978228673,9803.328495260663,9944.72265625,452412,0.0,0.0
2014-07-21 00:00:00+09:00,9991.855113636364,10133.249289772728,9803.329545454546,9850.4609375,269310,0.0,0.0
2014-07-22 00:00:00+09:00,9944.72372159091,10038.986505681818,9803.329545454546,9850.4609375,207144,0.0,0.0
2014-07-23 00:00:00+09:00,9897.591594827587,9991.854371921183,9520.540486453203,9567.671875,521071,0.0,0.0
2014-07-24 00:00:00+09:00,9567.671875,9614.803263546799,9426.277709359607,9567.671875,316071,0.0,0.0
2014-07-25 00:00:00+09:00,9614.8037109375,9661.935101677389,9473.409538717831,9614.8037109375,125364,0.0,0.0
2014-07-28 00:00:00+09:00,9661.93518912438,9944.723536123143,9520.541015625,9520.541015625,413553,0.0,0.0
2014-07-29 00:00:00+09:00,9661.935167100695,9756.19794921875,8200.862044270832,8483.650390625,1070609,0.0,0.0
2014-07-30 00:00:00+09:00,8483.650425502232,8483.650425502232,7644.711661202567,7918.07373046875,778476,0.0,0.0
2014-07-31 00:00:00+09:00,7823.810804404901,8295.124708284715,7823.810804404901,8078.3203125,390596,0.0,0.0
2014-08-01 00:00:00+09:00,7946.352402639333,8342.256081062646,7927.499846523938,8097.1728515625,169139,0.0,0.0
2014-08-04 00:00:00+09:00,8182.009896981808,8596.766159040793,8134.878503566015,8549.634765625,275195,0.0,0.0
2014-08-05 00:00:00+09:00,8549.634005214246,8615.617950127697,8304.55078125,8304.55078125,199383,0.0,0.0
2014-08-06 00:00:00+09:00,8304.551087643778,8577.913155227965,8266.845974873544,8502.5029296875,157538,0.0,0.0
2014-08-07 00:00:00+09:00,8474.22444699178,8511.929561327672,8012.3367963771,8134.87841796875,220660,0.0,0.0
2014-08-08 00:00:00+09:00,8087.745892693015,8379.960487883554,7918.0729019372175,8332.8291015625,166985,0.0,0.0
2014-08-11 00:00:00+09:00,8417.667270801685,8427.09354994032,8134.878896642615,8144.30517578125,113800,0.0,0.0
2014-08-12 00:00:00+09:00,8144.304660467127,8295.125117142445,7965.205368165189,8172.58349609375,119798,0.0,0.0
2014-08-13 00:00:00+09:00,8295.124690774155,8313.977246889552,8078.320295447104,8097.1728515625,129999,0.0,0.0
2014-08-14 00:00:00+09:00,8182.008726633847,8295.124054651826,8012.335734606878,8257.4189453125,191975,0.0,0.0
2014-08-18 00:00:00+09:00,8295.12564199942,8295.12564199942,8097.173780088071,8144.30517578125,118508,0.0,0.0
2014-08-19 00:00:00+09:00,8172.582781507298,8172.582781507298,7795.531672787238,7870.94189453125,243903,0.0,0.0
2014-08-20 00:00:00+09:00,7833.237494574652,7833.237494574652,7126.2666015625,7126.2666015625,995121,0.0,0.0
2014-08-21 00:00:00+09:00,7135.692442057291,7239.3814999999995,7069.70849609375,7069.70849609375,212010,0.0,0.0
2014-08-22 00:00:00+09:00,7079.134975176238,7135.692644751547,6730.362679461829,6852.904296875,517950,0.0,0.0
2014-08-25 00:00:00+09:00,6918.888227756768,7748.400712828424,6918.888227756768,7399.62841796875,1071401,0.0,0.0
2014-08-26 00:00:00+09:00,7823.8106726898,7823.8106726898,7550.448613041603,7682.41650390625,467359,0.0,0.0
2014-08-27 00:00:00+09:00,7635.2852590460525,7635.2852590460525,7380.775750411184,7522.169921875,352928,0.0,0.0
2014-08-28 00:00:00+09:00,7550.44854773409,7880.368272042071,7456.185769360381,7757.82666015625,292482,0.0,0.0
2014-08-29 00:00:00+09:00,7701.269127676773,7814.384463701402,7541.022401641883,7607.00634765625,167205,0.0,0.0
2014-09-01 00:00:00+09:00,7672.990477894402,7682.416756122773,7409.0546875,7409.0546875,150892,0.0,0.0
2014-09-02 00:00:00+09:00,7475.038463961694,7663.564024212935,7295.939181723015,7597.580078125,146986,0.0,0.0
2014-09-03 00:00:00+09:00,7616.432218822843,8389.38697370338,7616.432218822843,8087.74609375,863343,0.0,0.0
2014-09-04 00:00:00+09:00,8040.615410226591,8078.320523521909,7757.827060511705,7852.08984375,338761,0.0,0.0
2014-09-05 00:00:00+09:00,7861.515616813248,8002.9097825832705,7842.663061377245,7870.94189453125,108074,0.0,0.0
2014-09-11 00:00:00+09:00,7870.942471590909,7936.926420454545,7738.974573863637,7776.6796875,98496,0.0,0.0
2014-09-12 00:00:00+09:00,7823.810856816751,7823.810856816751,7484.46484375,7484.46484375,202455,0.0,0.0
2014-09-15 00:00:00+09:00,7493.89128969254,7541.022681451614,7239.381774193549,7305.36572265625,156915,0.0,0.0
2014-09-16 00:00:00+09:00,7258.234433498243,7710.69580078125,7258.234433498243,7710.69580078125,131345,0.0,0.0
2014-09-17 00:00:00+09:00,7710.695262723756,7842.663152305826,7559.874817487106,7767.2529296875,194604,0.0,0.0
2014-09-18 00:00:00+09:00,7786.105531107469,8427.092427130843,7616.432529218928,8266.845703125,835652,0.0,0.0
2014-09-19 00:00:00+09:00,8313.977693144721,8719.307671381936,8059.468171926006,8662.75,738391,0.0,0.0
2014-09-22 00:00:00+09:00,8662.748773798212,8662.748773798212,8370.5341796875,8370.5341796875,192805,0.0,0.0
2014-09-23 00:00:00+09:00,8370.534643308081,8568.486476089016,8257.419310290405,8398.8134765625,220444,0.0,0.0
2014-09-24 00:00:00+09:00,8351.682087805135,8464.797420822812,8163.156532775673,8398.8134765625,174465,0.0,0.0
2014-09-25 00:00:00+09:00,8493.07672132795,8907.83296521078,8427.0927734375,8427.0927734375,488226,0.0,0.0
2014-09-26 00:00:00+09:00,8342.25626900692,8559.060669218401,8182.009538415828,8427.0927734375,196378,0.0,0.0
2014-09-29 00:00:00+09:00,8672.175631329957,8879.553744253064,8417.666129106143,8841.8486328125,570453,0.0,0.0
2014-09-30 00:00:00+09:00,8898.406659889823,9020.948277028136,8709.881095061648,8983.2431640625,396876,0.0,0.0
2014-10-01 00:00:00+09:00,8973.816115493528,8983.24239292577,8625.043850500606,8738.1591796875,218713,0.0,0.0
2014-10-02 00:00:00+09:00,8672.176044592696,8785.291384304775,8351.68258207514,8389.3876953125,249349,0.0,0.0
2014-10-06 00:00:00+09:00,8474.223600368563,8511.9287109375,8182.0089934593025,8511.9287109375,122077,0.0,0.0
2014-10-07 00:00:00+09:00,8511.929260253906,8851.275277273995,8323.403695242745,8445.9453125,100933,0.0,0.0
2014-10-08 00:00:00+09:00,8455.370997060643,8587.338883302393,8323.403110818896,8568.486328125,102469,0.0,0.0
2014-10-10 00:00:00+09:00,8577.913732240342,8662.750241680082,8229.141415654745,8417.6669921875,135778,0.0,0.0
2014-10-13 00:00:00+09:00,8417.66673819114,8417.66673819114,8059.468153587261,8172.58349609375,145492,0.0,0.0
2014-10-14 00:00:00+09:00,8172.58314332668,8559.060546875,8172.58314332668,8559.060546875,123682,0.0,0.0
2014-10-15 00:00:00+09:00,8530.781781684027,8653.3233984375,8398.81388671875,8483.650390625,154493,0.0,0.0
2014-10-16 00:00:00+09:00,8408.239689064238,8549.633854239086,8210.287857819452,8474.2236328125,114836,0.0,0.0
2014-10-17 00:00:00+09:00,8521.354726830663,8672.175164473683,8229.14012889731,8238.56640625,173656,0.0,0.0
2014-10-20 00:00:00+09:00,8417.6669921875,8417.6669921875,8134.878627388368,8417.6669921875,307606,0.0,0.0
2014-10-21 00:00:00+09:00,8417.666774936955,8662.750018104212,8285.69887476997,8643.8974609375,175125,0.0,0.0
2014-10-22 00:00:00+09:00,8747.585553278688,8841.848328637294,8540.207447489754,8625.0439453125,253927,0.0,0.0
2014-10-23 00:00:00+09:00,8719.307137361337,8738.15969333401,8549.634133607278,8709.880859375,181057,0.0,0.0
2014-10-24 00:00:00+09:00,8691.028964520028,8709.881521926796,8361.109209901588,8530.7822265625,193390,0.0,0.0
2014-10-27 00:00:00+09:00,8596.765281053458,9011.521500753406,8502.502503848926,8992.6689453125,337300,0.0,0.0
2014-10-28 00:00:00+09:00,9077.50544479658,9190.62077744202,8907.83244582842,8992.6689453125,237350,0.0,0.0
2014-10-29 00:00:00+09:00,8936.111268472907,9614.803263546799,8728.733158866995,9567.671875,802960,0.0,0.0
2014-10-30 00:00:00+09:00,9567.671503906251,9709.0656640625,9369.7196796875,9426.27734375,417930,0.0,0.0
2014-10-31 00:00:00+09:00,9416.851512943098,9473.4091796875,9068.079234685945,9473.4091796875,324610,0.0,0.0
2014-11-03 00:00:00+09:00,9520.541321801356,9567.672714483542,8785.291595959272,9200.0478515625,505863,0.0,0.0
2014-11-04 00:00:00+09:00,9190.620910583313,9397.9990234375,8813.569796302972,9397.9990234375,335766,0.0,0.0
2014-11-05 00:00:00+09:00,9397.999573863637,9426.27840909091,8813.5703125,8813.5703125,528286,0.0,0.0
2014-11-06 00:00:00+09:00,8342.256013283182,8521.35529492429,7550.448662869863,7625.85888671875,905860,0.0,0.0
2014-11-07 00:00:00+09:00,7625.859347940079,7965.205375784137,7456.18633401805,7654.13818359375,414792,0.0,0.0
2014-11-10 00:00:00+09:00,7823.811000028103,8144.304462679856,7635.285433762366,7861.51611328125,220005,0.0,0.0
2014-11-11 00:00:00+09:00,7889.794491246234,7927.499602315512,7710.695213667168,7823.810546875,112470,0.0,0.0
2014-11-12 00:00:00+09:00,7833.237466847325,7927.500252248617,7663.564453125,7663.564453125,110949,0.0,0.0
2014-11-13 00:00:00+09:00,7710.695295826982,7899.220853182164,7663.563906488186,7729.5478515625,98076,0.0,0.0
2014-11-14 00:00:00+09:00,7729.547671735134,7748.400227032049,7305.365177554548,7371.34912109375,246979,0.0,0.0
2014-11-17 00:00:00+09:00,7446.759800413485,7531.596304468829,7305.365626987913,7409.0546875,78552,0.0,0.0
2014-11-18 00:00:00+09:00,7475.038505944718,7578.727564665262,7390.202003355182,7550.44873046875,73726,0.0,0.0
2014-11-19 00:00:00+09:00,7588.153991699219,7597.580269949776,7352.497035435268,7390.2021484375,89420,0.0,0.0
2014-11-20 00:00:00+09:00,7371.349391927083,7531.596117838541,7069.70849609375,7069.70849609375,229968,0.0,0.0
2014-11-21 00:00:00+09:00,7069.7084291000165,7239.381431398417,6975.44565004535,7145.11865234375,116303,0.0,0.0
2014-11-24 00:00:00+09:00,7116.839810297266,7229.955145030467,7116.839810297266,7154.544921875,81211,0.0,0.0
2014-11-25 00:00:00+09:00,7229.9555133459335,7475.038751086473,7229.9555133459335,7286.51318359375,94429,0.0,0.0
2014-11-26 00:00:00+09:00,7352.496689618644,7352.496689618644,7211.102522510593,7229.955078125,39379,0.0,0.0
2014-11-27 00:00:00+09:00,7239.38164556962,7446.759765625,7220.529089200949,7446.759765625,79126,0.0,0.0
2014-11-28 00:00:00+09:00,7484.464725305538,7616.4326171875,7343.0705554320075,7616.4326171875,85701,0.0,0.0
2014-12-01 00:00:00+09:00,7503.317091867713,7569.301036142932,7239.38131476684,7277.08642578125,75436,0.0,0.0
2014-12-02 00:00:00+09:00,7305.365368185935,7305.365368185935,7107.413532402832,7154.544921875,42239,0.0,0.0
2014-12-03 00:00:00+09:00,7229.95509472018,7248.807650377859,7107.413482945261,7211.1025390625,31871,0.0,0.0
2014-12-04 00:00:00+09:00,7173.397403081259,7295.939014434814,7173.397403081259,7239.38134765625,59125,0.0,0.0
2014-12-05 00:00:00+09:00,7182.82373046875,7258.23395336081,7097.987229715182,7182.82373046875,82986,0.0,0.0
2014-12-08 00:00:00+09:00,7229.955274356309,7229.955274356309,6975.445766654066,7013.15087890625,118824,0.0,0.0
2014-12-09 00:00:00+09:00,7022.5772611691,7032.003539372011,6852.904253516692,6900.03564453125,150076,0.0,0.0
2014-12-10 00:00:00+09:00,6843.477336477726,7135.69193348986,6768.067117893949,7088.560546875,153557,0.0,0.0
2014-12-11 00:00:00+09:00,7069.708652183657,7069.708652183657,6852.904253516692,6900.03564453125,91604,0.0,0.0
2014-12-12 00:00:00+09:00,6928.313941025152,6994.29788332063,6786.9197789634145,6956.5927734375,85410,0.0,0.0
2014-12-15 00:00:00+09:00,6956.592970391282,6956.592970391282,6654.95208278624,6730.3623046875,114385,0.0,0.0
2014-12-16 00:00:00+09:00,6692.657557896206,6730.3626708984375,6287.32759312221,6334.458984375,231440,0.0,0.0
2014-12-17 00:00:00+09:00,6353.311446227581,6570.11584276057,6325.032611897191,6438.14794921875,113249,0.0,0.0
2014-12-18 00:00:00+09:00,6457.00046273165,6522.984409066134,6381.590238349382,6485.279296875,38740,0.0,0.0
2014-12-19 00:00:00+09:00,6579.542094683856,6579.542094683856,6428.721645522048,6466.4267578125,32635,0.0,0.0
2014-12-22 00:00:00+09:00,6522.984558378353,6522.984558378353,6277.901323525987,6325.03271484375,51056,0.0,0.0
2014-12-23 00:00:00+09:00,6334.458848110466,6541.836965161701,6334.458848110466,6485.279296875,50419,0.0,0.0
2014-12-24 00:00:00+09:00,6532.410687113917,6532.410687113917,6409.869072492733,6485.279296875,47745,0.0,0.0
2014-12-26 00:00:00+09:00,6532.410687113917,6598.394633448402,6409.869072492733,6485.279296875,60671,0.0,0.0
2014-12-29 00:00:00+09:00,6629.183540723982,6629.183540723982,6322.18806561086,6360.5625,158482,120.0,0.0
2014-12-30 00:00:00+09:00,6389.34331233327,6408.530529487424,6216.658357945884,6293.4072265625,44291,0.0,0.0
2015-01-02 00:00:00+09:00,6312.594207175926,6552.434412615741,6303.000598958333,6475.685546875,73334,0.0,0.0
2015-01-05 00:00:00+09:00,6523.653571762725,6562.0280045377995,6379.749448856193,6408.5302734375,54248,0.0,0.0
2015-01-06 00:00:00+09:00,6379.749818597421,6686.745298590079,6379.749818597421,6533.24755859375,139336,0.0,0.0
2015-01-07 00:00:00+09:00,6562.028186221394,6984.146958434467,6562.028186221394,6916.99169921875,215511,0.0,0.0
2015-01-08 00:00:00+09:00,6993.740635463169,7262.361674959697,6984.147026909722,7252.76806640625,175667,0.0,0.0
2015-01-09 00:00:00+09:00,7358.2975368779125,7377.484753401714,7108.863722068492,7204.7998046875,101527,0.0,0.0
2015-01-12 00:00:00+09:00,7214.393801159618,7271.955453828445,7012.928016818724,7032.115234375,90734,0.0,0.0
2015-01-13 00:00:00+09:00,7099.270693952865,7099.270693952865,6869.0240768516915,6945.77294921875,59226,0.0,0.0
2015-01-14 00:00:00+09:00,6916.991958166212,6984.147219895981,6782.681434706674,6801.86865234375,79473,0.0,0.0
2015-01-15 00:00:00+09:00,6782.6814175992395,7128.051334195524,6782.6814175992395,7099.2705078125,82629,0.0,0.0
2015-01-16 00:00:00+09:00,7032.114951158516,7118.4574266843365,6974.553300807969,7012.927734375,43788,0.0,0.0
2015-01-19 00:00:00+09:00,7089.676796361019,7099.2704050164475,6916.9918405633225,6926.58544921875,50216,0.0,0.0
2015-01-20 00:00:00+09:00,6907.398320259209,7099.270495821965,6773.08779736528,7032.115234375,114870,0.0,0.0
2015-01-21 00:00:00+09:00,7003.334125983242,7233.580727385432,6984.146909199727,7012.927734375,120212,0.0,0.0
2015-01-22 00:00:00+09:00,7041.708574165819,7185.61270034087,6926.585273225779,7080.0830078125,87372,0.0,0.0
2015-01-23 00:00:00+09:00,7080.083057445484,7176.019142234718,6878.617279388092,6984.14697265625,85416,0.0,0.0
2015-01-26 00:00:00+09:00,6907.398204291045,6945.772638759328,6274.220035564365,6427.7177734375,442688,0.0,0.0
2015-01-27 00:00:00+09:00,6427.7177734375,6571.621902693563,6331.781687266791,6427.7177734375,192315,0.0,0.0
2015-01-28 00:00:00+09:00,6437.3115234375,6485.279567576379,6331.781826331968,6437.3115234375,170247,0.0,0.0
2015-01-29 00:00:00+09:00,6427.717646311021,6494.87290530233,6398.936821029031,6485.279296875,127070,0.0,0.0
2015-01-30 00:00:00+09:00,6504.466577765138,6552.434620374025,6418.12410106914,6456.49853515625,79856,0.0,0.0
2015-02-02 00:00:00+09:00,6427.718065399485,6552.43498308634,6389.343629188144,6514.060546875,104279,0.0,0.0
2015-02-03 00:00:00+09:00,6590.808830555928,6744.30656168969,6475.685532205606,6705.93212890625,173466,0.0,0.0
2015-02-04 00:00:00+09:00,6763.493607954545,6974.552982954546,6705.931960227273,6859.4296875,230969,0.0,0.0
2015-02-05 00:00:00+09:00,6897.8047405291345,6907.3983493476735,6725.119781795443,6801.86865234375,76733,0.0,0.0
2015-02-06 00:00:00+09:00,6830.649478799366,6830.649478799366,6725.119781795443,6801.86865234375,59080,0.0,0.0
2015-02-09 00:00:00+09:00,6801.868839060246,6849.836884469697,6609.996657422439,6648.37109375,89601,0.0,0.0
2015-02-10 00:00:00+09:00,6677.151480142752,6725.119522385157,6542.840961864019,6552.4345703125,125270,0.0,0.0
2015-02-11 00:00:00+09:00,6552.4346740983865,6782.681280508871,6552.4346740983865,6725.11962890625,80098,0.0,0.0
2015-02-12 00:00:00+09:00,6725.119605334052,6964.95981950431,6686.74517106681,6955.3662109375,118494,0.0,0.0
2015-02-13 00:00:00+09:00,7070.4896694875515,7089.676887043826,6916.991929037346,7032.115234375,166539,0.0,0.0
2015-02-16 00:00:00+09:00,7108.863934105153,7108.863934105153,6888.2109375,6888.2109375,103610,0.0,0.0
2015-02-17 00:00:00+09:00,6955.366314827127,6955.366314827127,6686.745270944149,6763.494140625,113237,0.0,0.0
2015-02-23 00:00:00+09:00,6782.6811945988575,7080.083057445484,6734.713152204241,6984.14697265625,109749,0.0,0.0
2015-02-24 00:00:00+09:00,6984.147178460744,7070.489657315341,6907.398308367769,6964.9599609375,61464,0.0,0.0
2015-02-25 00:00:00+09:00,6964.95988384046,7032.115144428453,6840.242971319901,6926.58544921875,59311,0.0,0.0
2015-02-26 00:00:00+09:00,6907.398257048234,7070.489604784095,6907.398257048234,7060.89599609375,179432,0.0,0.0
2015-02-27 00:00:00+09:00,7108.864026085805,7377.485068906861,7099.270417413624,7358.2978515625,402213,0.0,0.0
2015-03-02 00:00:00+09:00,7454.233380681818,7511.795028409091,7271.954829545454,7387.078125,200001,0.0,0.0
2015-03-03 00:00:00+09:00,7387.078916438057,7646.106358962507,7387.078916438057,7540.57666015625,298800,0.0,0.0
2015-03-04 00:00:00+09:00,7598.138314050572,7809.197711663088,7463.827788297153,7540.57666015625,281675,0.0,0.0
2015-03-05 00:00:00+09:00,7540.576494862597,7607.731756267226,7329.517101876621,7396.67236328125,228328,0.0,0.0
2015-03-06 00:00:00+09:00,7396.671907344745,7626.918503682325,7396.671907344745,7530.982421875,137150,0.0,0.0
2015-03-09 00:00:00+09:00,7569.356684881202,7905.132963678214,7435.046173362398,7684.47998046875,283620,0.0,0.0
2015-03-10 00:00:00+09:00,7799.604026342389,8010.6634218891695,7626.919066349569,7933.91455078125,371519,0.0,0.0
2015-03-11 00:00:00+09:00,7914.726987092392,7943.5078125,7751.635643115942,7943.5078125,130203,0.0,0.0
2015-03-12 00:00:00+09:00,7962.6952230711995,8010.663266583676,7770.823049021291,7857.16552734375,117211,0.0,0.0
2015-03-13 00:00:00+09:00,7895.53955078125,7914.72676718655,7665.292953917641,7895.53955078125,126354,0.0,0.0
2015-03-16 00:00:00+09:00,7828.384873586683,7962.695398378612,7636.5126953125,7636.5126953125,127109,0.0,0.0
2015-03-17 00:00:00+09:00,7646.10618698818,7857.1655798536,7626.91896945496,7761.2294921875,146524,0.0,0.0
2015-03-18 00:00:00+09:00,7837.978112020372,7847.571720480617,7578.95068359375,7578.95068359375,89167,0.0,0.0
2015-03-19 00:00:00+09:00,7607.731508974486,7665.2931597359575,7348.704080547864,7578.95068359375,117670,0.0,0.0
2015-03-20 00:00:00+09:00,7684.480441450921,7751.635701238882,7473.4210535459015,7550.169921875,87332,0.0,0.0
2015-03-23 00:00:00+09:00,7550.169809570312,7790.01001953125,7550.169809570312,7674.88671875,93074,0.0,0.0
2015-03-24 00:00:00+09:00,7722.855061532304,7722.855061532304,7348.704319420801,7396.67236328125,194758,0.0,0.0
2015-03-25 00:00:00+09:00,7435.046592011643,7502.201851552393,7348.70411545925,7415.859375,136735,0.0,0.0
2015-03-26 00:00:00+09:00,7348.703896840413,7502.2016283671055,7348.703896840413,7367.89111328125,87626,0.0,0.0
2015-03-27 00:00:00+09:00,7425.452794711218,7425.452794711218,7176.018979901798,7204.7998046875,111369,0.0,0.0
2015-03-30 00:00:00+09:00,7204.800001252003,7483.0146484375,7176.01917568109,7483.0146484375,113111,0.0,0.0
2015-03-31 00:00:00+09:00,7578.950494130452,7578.950494130452,7329.516680399576,7367.89111328125,92055,0.0,0.0
2015-04-01 00:00:00+09:00,7319.923056242814,7425.452746437664,7195.2061496489,7300.73583984375,105433,0.0,0.0
2015-04-02 00:00:00+09:00,7271.955437305711,7329.51708984375,7156.832132229631,7329.51708984375,125257,0.0,0.0
2015-04-03 00:00:00+09:00,7339.1105205829335,7502.201865484776,7329.5169120592955,7483.0146484375,132059,0.0,0.0
2015-04-06 00:00:00+09:00,7626.919130220033,7674.887175064185,7435.046950843429,7473.42138671875,129021,0.0,0.0
2015-04-07 00:00:00+09:00,7607.731859239171,8001.06982421875,7550.170205827526,8001.06982421875,707389,0.0,0.0
2015-04-08 00:00:00+09:00,8049.037623987947,8221.722578972194,7972.288755106059,8183.34814453125,399642,0.0,0.0
2015-04-09 00:00:00+09:00,8288.877503765061,8298.471111987012,7924.320391330949,7962.69482421875,342877,0.0,0.0
2015-04-10 00:00:00+09:00,7962.6950435067365,8164.160821715944,7914.727001075973,8010.6630859375,175679,0.0,0.0
2015-04-13 00:00:00+09:00,8010.662849213054,8087.4117148342575,7790.009860552096,7895.53955078125,176868,0.0,0.0
2015-04-14 00:00:00+09:00,7905.13372411578,8068.22507522011,7790.010417453899,7933.91455078125,207846,0.0,0.0
2015-04-15 00:00:00+09:00,7991.4756494537605,8260.0966796875,7933.914000117959,8260.0966796875,273766,0.0,0.0
2015-04-16 00:00:00+09:00,8260.09683589255,8346.439311529057,8154.567143447928,8336.845703125,246247,0.0,0.0
2015-04-17 00:00:00+09:00,8269.690983338183,8413.595118779103,8212.129329161817,8240.91015625,194807,0.0,0.0
2015-04-20 00:00:00+09:00,8116.192909378769,8202.535387138118,7943.507953860072,7953.1015625,191871,0.0,0.0
2015-04-21 00:00:00+09:00,8029.850457350978,8097.00571804567,7914.727153302935,8087.412109375,119788,0.0,0.0
2015-04-22 00:00:00+09:00,8125.786491085122,8125.786491085122,7655.69966928681,7818.791015625,228168,0.0,0.0
2015-04-23 00:00:00+09:00,7866.758966398476,7866.758966398476,7636.512362503887,7713.26123046875,122424,0.0,0.0
2015-04-24 00:00:00+09:00,7857.165133777297,8164.160596879707,7790.009876223645,7962.69482421875,182288,0.0,0.0
2015-04-27 00:00:00+09:00,8097.0057674368545,8356.033203125,8029.85050633252,8356.033203125,252511,0.0,0.0
2015-04-28 00:00:00+09:00,8394.40792123067,8519.124838917525,8250.503785438144,8375.220703125,305762,0.0,0.0
2015-04-29 00:00:00+09:00,8375.219945626106,8375.219945626106,8068.224483701667,8125.7861328125,200451,0.0,0.0
2015-04-30 00:00:00+09:00,8116.192948069853,8260.097078354778,8058.631295955882,8154.5673828125,101483,0.0,0.0
2015-05-04 00:00:00+09:00,8240.910068687734,8240.910068687734,7626.919097330324,7703.66796875,270253,0.0,0.0
2015-05-06 00:00:00+09:00,7569.357229132401,7665.2933156866775,7358.297838712993,7655.69970703125,145359,0.0,0.0
2015-05-07 00:00:00+09:00,7722.854889454109,7722.854889454109,7300.736112887674,7617.3251953125,120021,0.0,0.0
2015-05-08 00:00:00+09:00,7626.918794389205,7924.320659327652,7483.014666193182,7914.72705078125,95215,0.0,0.0
2015-05-11 00:00:00+09:00,7914.726972870357,7962.695015130177,7790.010062994824,7876.3525390625,67841,0.0,0.0
2015-05-12 00:00:00+09:00,7828.38465018094,7953.1015625,7809.197432901085,7953.1015625,70953,0.0,0.0
2015-05-13 00:00:00+09:00,7914.7272324532605,7953.1016675197,7742.04227465428,7761.2294921875,102936,0.0,0.0
2015-05-14 00:00:00+09:00,7732.448806423611,7799.604069010417,7703.667979600695,7770.8232421875,55046,0.0,0.0
2015-05-15 00:00:00+09:00,7770.82305087628,7780.416659581066,7425.4531375040015,7492.6083984375,170939,0.0,0.0
2015-05-18 00:00:00+09:00,7435.046549046293,7444.640157496676,7214.3935546875,7214.3935546875,160885,0.0,0.0
2015-05-19 00:00:00+09:00,7204.800139189729,7339.110661092067,7128.05126953125,7128.05126953125,94448,0.0,0.0
2015-05-20 00:00:00+09:00,7089.67685908087,7262.36181640625,7080.083250340571,7262.36181640625,73584,0.0,0.0
2015-05-21 00:00:00+09:00,7281.548607297537,7367.891080901856,7195.206133693219,7233.58056640625,45182,0.0,0.0
2015-05-22 00:00:00+09:00,7214.393604700134,7252.768038767688,7041.708651396142,7118.45751953125,100960,0.0,0.0
2015-05-26 00:00:00+09:00,7204.799897601911,7329.516806614994,7089.67659697445,7310.32958984375,64780,0.0,0.0
2015-05-27 00:00:00+09:00,7319.923456380208,7339.110673828125,7080.0832382812505,7195.20654296875,54436,0.0,0.0
2015-05-28 00:00:00+09:00,7195.206180695564,7195.206180695564,7022.521232358871,7137.64453125,47944,0.0,0.0
2015-05-29 00:00:00+09:00,7137.644563488652,7137.644563488652,6888.210748097919,6974.55322265625,120770,0.0,0.0
2015-06-01 00:00:00+09:00,6926.585513734353,6964.959948713491,6715.526121349096,6897.8046875,93451,0.0,0.0
2015-06-02 00:00:00+09:00,6849.836334228516,6849.836334228516,6398.9367436000275,6446.90478515625,212169,0.0,0.0
2015-06-03 00:00:00+09:00,6350.968891402716,6466.092194570136,6235.845588235295,6360.5625,206319,0.0,0.0
2015-06-04 00:00:00+09:00,6341.375629159979,6523.654202464124,6341.375629159979,6350.96923828125,81412,0.0,0.0
2015-06-05 00:00:00+09:00,6322.1878307711695,6389.343088457661,6216.658140120968,6245.43896484375,77044,0.0,0.0
2015-06-08 00:00:00+09:00,6255.032358445538,6264.625966357265,5967.22412109375,5967.22412109375,135933,0.0,0.0
2015-06-09 00:00:00+09:00,5976.818266225961,6389.343443509615,5976.818266225961,6235.845703125,108165,0.0,0.0
2015-06-10 00:00:00+09:00,6235.845703125,6350.969008413462,6015.192701322115,6235.845703125,86054,0.0,0.0
2015-06-11 00:00:00+09:00,6235.8457266566265,6571.62203501506,6216.658509036144,6370.15625,72756,0.0,0.0
2015-06-12 00:00:00+09:00,6370.155824508321,6427.717473524962,6245.438918305597,6341.375,43380,0.0,0.0
2015-06-15 00:00:00+09:00,6360.562216338881,6370.155824508321,6207.064485627837,6341.375,24646,0.0,0.0
2015-06-16 00:00:00+09:00,6264.62657129369,6350.9690508367885,6072.75439453125,6072.75439453125,54516,0.0,0.0
2015-06-17 00:00:00+09:00,6226.251966522961,6312.5944437166545,6034.379794981422,6293.4072265625,41347,0.0,0.0
2015-06-18 00:00:00+09:00,6293.406990740741,6542.840804398148,6235.845341435185,6475.685546875,59098,0.0,0.0
2015-06-19 00:00:00+09:00,6533.247017045454,6552.434232954545,6235.845170454545,6331.78125,42105,0.0,0.0
2015-06-22 00:00:00+09:00,6379.74951171875,6437.311161448543,6255.032603970865,6379.74951171875,32935,0.0,0.0
2015-06-23 00:00:00+09:00,6331.781624373143,6485.279360721583,6283.813581764255,6456.49853515625,50693,0.0,0.0
2015-06-24 00:00:00+09:00,6456.498144674022,6600.402263797514,6456.498144674022,6562.02783203125,48556,0.0,0.0
2015-06-25 00:00:00+09:00,6609.996657422439,6667.558311913781,6533.247784767316,6648.37109375,46806,0.0,0.0
2015-06-26 00:00:00+09:00,6629.183670329361,6686.7453230384435,6494.873147341502,6667.55810546875,67463,0.0,0.0
2015-06-29 00:00:00+09:00,6523.653937546365,6609.996416131537,6427.717850229506,6466.09228515625,99785,0.0,0.0
2015-06-30 00:00:00+09:00,6418.124475784632,6648.37109375,6283.813948638167,6648.37109375,38858,0.0,0.0
2015-07-01 00:00:00+09:00,6667.558041110763,6705.932475879746,6590.809171572797,6696.3388671875,22099,0.0,0.0
2015-07-02 00:00:00+09:00,6715.525815700568,6888.210765247155,6590.808907694701,6744.306640625,59314,0.0,0.0
2015-07-03 00:00:00+09:00,6686.744928376195,6811.461835218219,6648.3704955017265,6773.08740234375,38351,0.0,0.0
2015-07-06 00:00:00+09:00,6763.493859427315,6763.493859427315,6389.343135288783,6446.90478515625,42287,0.0,0.0
2015-07-07 00:00:00+09:00,6446.904848654709,6571.621757929279,6293.40711416293,6418.1240234375,51746,0.0,0.0
2015-07-08 00:00:00+09:00,6418.124114631204,6581.215459846047,6398.936897547104,6523.65380859375,41757,0.0,0.0
2015-07-09 00:00:00+09:00,6523.65380859375,6523.65380859375,6274.2199865004595,6523.65380859375,48936,0.0,0.0
2015-07-10 00:00:00+09:00,6523.653382339365,6581.215029830594,6427.717303187315,6494.87255859375,26949,0.0,0.0
2015-07-13 00:00:00+09:00,6523.653382339365,6600.402245661005,6398.936479441701,6494.87255859375,35452,0.0,0.0
2015-07-14 00:00:00+09:00,6600.402807399852,6600.402807399852,6379.749806571078,6466.09228515625,61824,0.0,0.0
2015-07-15 00:00:00+09:00,6437.311161448543,6466.09198631344,6216.658170817669,6379.74951171875,79917,0.0,0.0
2015-07-16 00:00:00+09:00,6360.562248263889,6475.685546875,6283.813382523148,6475.685546875,57951,0.0,0.0
2015-07-17 00:00:00+09:00,6494.8725682490285,6878.616885427701,6398.93648895436,6792.2744140625,170892,0.0,0.0
2015-07-20 00:00:00+09:00,6801.8687933263645,6907.3984925176055,6705.932703152509,6811.46240234375,54242,0.0,0.0
2015-07-21 00:00:00+09:00,6782.680806133033,6907.397709216101,6753.899982344633,6792.2744140625,48071,0.0,0.0
2015-07-22 00:00:00+09:00,6734.713326786342,6840.243022790116,6715.52610933111,6830.6494140625,43816,0.0,0.0
2015-07-23 00:00:00+09:00,6869.023546598262,7089.676537620274,6782.681071850519,7041.70849609375,107864,0.0,0.0
2015-07-24 00:00:00+09:00,7032.115234375,7099.270495821965,6936.179146593622,7032.115234375,46898,0.0,0.0
2015-07-27 00:00:00+09:00,7032.1149861311715,7032.1149861311715,6811.461992023372,6849.83642578125,29781,0.0,0.0
2015-07-28 00:00:00+09:00,6849.836475719106,6849.836475719106,6619.589871493253,6753.900390625,21630,0.0,0.0
2015-07-29 00:00:00+09:00,6811.46222491597,6878.617486288381,6571.622005728788,6600.40283203125,50501,0.0,0.0
2015-07-30 00:00:00+09:00,6504.466542119565,6888.210880887681,6504.466542119565,6619.58984375,84535,0.0,0.0
2015-07-31 00:00:00+09:00,6648.370510962702,6840.24267578125,6648.370510962702,6840.24267578125,48566,0.0,0.0
2015-08-03 00:00:00+09:00,6811.461867289549,6936.178774718795,6562.028052431059,6609.99609375,41291,0.0,0.0
2015-08-04 00:00:00+09:00,6523.65372502652,6801.868369182063,6523.65372502652,6782.68115234375,42878,0.0,0.0
2015-08-05 00:00:00+09:00,6734.713091014022,7099.270209900821,6734.713091014022,7012.927734375,158393,0.0,0.0
2015-08-06 00:00:00+09:00,7041.7087015454235,7099.270353056693,6955.366224278518,7022.521484375,57651,0.0,0.0
2015-08-07 00:00:00+09:00,6964.959972928035,7041.708843153137,6897.804711481071,7032.115234375,18165,0.0,0.0
2015-08-10 00:00:00+09:00,7128.0512440790035,7147.238461425111,6945.772679290981,6993.74072265625,37941,0.0,0.0
2015-08-11 00:00:00+09:00,7032.115157348465,7051.302374694573,6840.242983887389,6993.74072265625,43624,0.0,0.0
2015-08-12 00:00:00+09:00,6984.147050034153,7147.238395982752,6888.210964182035,7022.521484375,76534,0.0,0.0
2015-08-13 00:00:00+09:00,7099.27044340932,7271.955400140898,7032.115182458151,7128.05126953125,84224,0.0,0.0
2015-08-17 00:00:00+09:00,7108.864076561467,7377.485121289837,7099.2704678211685,7262.36181640625,70019,0.0,0.0
2015-08-18 00:00:00+09:00,7185.612540132705,7319.923054901541,6907.397902397261,7003.333984375,54802,0.0,0.0
2015-08-19 00:00:00+09:00,6859.4300196970025,6984.146929146039,6571.621767122303,6782.68115234375,69558,0.0,0.0
2015-08-20 00:00:00+09:00,6571.621855414345,6897.80454604805,6571.621855414345,6888.2109375,37830,0.0,0.0
2015-08-21 00:00:00+09:00,6379.749495419085,6801.868259025761,6379.749495419085,6609.99609375,51207,0.0,0.0
2015-08-24 00:00:00+09:00,6408.530415031764,6667.557841986641,6331.781547785875,6418.1240234375,56862,0.0,0.0
2015-08-25 00:00:00+09:00,6379.7494502470045,6715.52573710211,6331.781409267704,6705.93212890625,44683,0.0,0.0
2015-08-26 00:00:00+09:00,6705.932299189207,6859.43003422072,6590.808997915572,6849.83642578125,44090,0.0,0.0
2015-08-27 00:00:00+09:00,6907.397727272727,6907.397727272727,6715.525568181818,6859.4296875,18061,0.0,0.0
2015-08-28 00:00:00+09:00,6859.430447430678,6926.585710552377,6571.622176909111,6811.46240234375,14705,0.0,0.0
2015-08-31 00:00:00+09:00,6897.804309185774,6907.397917404392,6744.306577687898,6773.08740234375,15755,0.0,0.0
2015-09-01 00:00:00+09:00,6840.24281734178,6859.43003422072,6686.745082310268,6849.83642578125,40293,0.0,0.0
2015-09-02 00:00:00+09:00,6763.494152969189,6878.6174577005795,6715.52610933111,6830.6494140625,27417,0.0,0.0
2015-09-03 00:00:00+09:00,6830.649630622385,7070.489856416711,6801.868803527066,6878.61767578125,50069,0.0,0.0
2015-09-04 00:00:00+09:00,6993.740588851775,6993.740588851775,6609.996249271431,6686.7451171875,44642,0.0,0.0
2015-09-07 00:00:00+09:00,6619.58985776094,6715.525942656026,6533.247381355362,6686.7451171875,11107,0.0,0.0
2015-09-08 00:00:00+09:00,6600.40283203125,6686.745310938635,6485.279526821402,6600.40283203125,35329,0.0,0.0
2015-09-09 00:00:00+09:00,6686.7449125145295,6734.71295349383,6504.466356793187,6705.93212890625,40064,0.0,0.0
2015-09-10 00:00:00+09:00,6600.402767727931,6734.713289164255,6600.402767727931,6629.18359375,16528,0.0,0.0
2015-09-11 00:00:00+09:00,6677.151572631484,6696.338789794218,6600.402703980547,6657.96435546875,17767,0.0,0.0
2015-09-14 00:00:00+09:00,6657.963911446911,6715.525559096308,6523.653400264985,6562.02783203125,24660,0.0,0.0
2015-09-15 00:00:00+09:00,6523.653822097889,6648.370733402702,6514.06021353598,6590.80908203125,11423,0.0,0.0
2015-09-16 00:00:00+09:00,6715.525815700568,6782.681073857574,6552.434474462127,6744.306640625,46169,0.0,0.0
2015-09-17 00:00:00+09:00,6840.243075726718,6849.836684528579,6667.558117293224,6734.71337890625,16796,0.0,0.0
2015-09-18 00:00:00+09:00,6744.306768124552,6773.087593593077,6677.151508697992,6686.7451171875,20343,0.0,0.0
2015-09-21 00:00:00+09:00,6744.306975747527,6744.306975747527,6523.653973696043,6667.55810546875,24180,0.0,0.0
2015-09-22 00:00:00+09:00,6638.77685546875,6667.5576799866785,6590.808814605537,6638.77685546875,14211,0.0,0.0
2015-09-23 00:00:00+09:00,6715.526161302529,6830.649466924857,6638.777290887642,6734.71337890625,54670,0.0,0.0
2015-09-24 00:00:00+09:00,6801.8684841892555,6801.8684841892555,6657.96435546875,6657.96435546875,43679,0.0,0.0
2015-09-25 00:00:00+09:00,6648.3703125,6859.4296875,6619.589488636364,6859.4296875,99893,0.0,0.0
2015-09-30 00:00:00+09:00,6859.43029333044,6859.43029333044,6696.338943698806,6734.71337890625,33468,0.0,0.0
2015-10-01 00:00:00+09:00,6859.43046780581,6945.77294921875,6763.494377346987,6945.77294921875,74016,0.0,0.0
2015-10-02 00:00:00+09:00,6974.553378109056,7156.831939572704,6897.8045101243615,7051.30224609375,73530,0.0,0.0
2015-10-05 00:00:00+09:00,7051.302232008714,7156.8319252768715,6984.14697265625,6984.14697265625,67105,0.0,0.0
2015-10-06 00:00:00+09:00,6955.366023404161,6974.553240020447,6725.1194240087125,6744.306640625,72547,0.0,0.0
2015-10-07 00:00:00+09:00,6782.681026335686,6926.585149949597,6696.338552167339,6840.24267578125,74816,0.0,0.0
2015-10-08 00:00:00+09:00,6792.275194495293,7080.083465448483,6792.275194495293,6878.61767578125,59281,0.0,0.0
2015-10-12 00:00:00+09:00,6878.617470010431,6964.959948713491,6849.836643776078,6897.8046875,26201,0.0,0.0
2015-10-13 00:00:00+09:00,6945.772382269965,6945.772382269965,6849.836299641927,6907.39794921875,45520,0.0,0.0
2015-10-14 00:00:00+09:00,6907.398090759362,6974.553349975078,6888.210873840587,6916.99169921875,40300,0.0,0.0
2015-10-15 00:00:00+09:00,6984.147022980501,6984.147022980501,6830.649286211698,6888.2109375,58742,0.0,0.0
2015-10-16 00:00:00+09:00,6907.3981545961,6907.3981545961,6792.274852019498,6888.2109375,47785,0.0,0.0
2015-10-19 00:00:00+09:00,6869.023733836207,7003.334253771552,6840.242908135776,6955.3662109375,86584,0.0,0.0
2015-10-20 00:00:00+09:00,6974.553492495887,7003.334318462171,6907.398231907894,6926.58544921875,40224,0.0,0.0
2015-10-21 00:00:00+09:00,6916.991853271819,7128.0512440790035,6897.804635925711,6993.74072265625,78634,0.0,0.0
2015-10-22 00:00:00+09:00,6974.553300807969,7032.114951158516,6936.1788672409375,7012.927734375,58742,0.0,0.0
2015-10-23 00:00:00+09:00,7041.708766021519,7041.708766021519,6945.772679290981,6993.74072265625,33815,0.0,0.0
2015-10-26 00:00:00+09:00,6993.740439224768,7051.302088930322,6916.9915729506965,6974.55322265625,37107,0.0,0.0
2015-10-27 00:00:00+09:00,6955.366339968707,6964.959948713491,6859.430252520862,6897.8046875,44337,0.0,0.0
2015-10-28 00:00:00+09:00,6897.804893844796,6936.179329971888,6811.462412558839,6878.61767578125,34948,0.0,0.0
2015-10-29 00:00:00+09:00,6888.210830078125,6888.210830078125,6715.52587890625,6715.52587890625,73020,0.0,0.0
2015-10-30 00:00:00+09:00,6638.77685546875,6705.932112677249,6533.24716556968,6638.77685546875,49647,0.0,0.0
2015-11-02 00:00:00+09:00,6562.028612012987,6734.713575487013,6494.873348439754,6648.37109375,28837,0.0,0.0
2015-11-03 00:00:00+09:00,6648.370911247135,6801.86865234375,6648.370911247135,6801.86865234375,42350,0.0,0.0
2015-11-04 00:00:00+09:00,6811.461835218219,6821.055443436836,6715.525753032047,6773.08740234375,9235,0.0,0.0
2015-11-05 00:00:00+09:00,6763.493935505437,6830.649194439533,6667.55785131387,6782.68115234375,17540,0.0,0.0
2015-11-06 00:00:00+09:00,6734.712937195177,6792.274586231033,6562.0279900876085,6638.77685546875,61442,0.0,0.0
2015-11-09 00:00:00+09:00,6638.77730882079,6638.77730882079,6437.3115234375,6437.3115234375,32730,0.0,0.0
2015-11-10 00:00:00+09:00,6456.498492469085,6475.685709385784,6235.845497927051,6255.03271484375,48870,0.0,0.0
2015-11-11 00:00:00+09:00,6235.845170454545,6466.091761363637,6235.845170454545,6331.78125,25482,0.0,0.0
2015-11-12 00:00:00+09:00,6293.407176707958,6398.936870219829,6283.813568206879,6389.34326171875,22193,0.0,0.0
2015-11-13 00:00:00+09:00,6283.813617985423,6389.34331233327,6255.032792254192,6293.4072265625,21040,0.0,0.0
2015-11-16 00:00:00+09:00,6226.251699683779,6226.251699683779,6024.785928199405,6043.97314453125,33924,0.0,0.0
2015-11-17 00:00:00+09:00,6063.160721305032,6168.690417403695,6024.786286360063,6101.53515625,30191,0.0,0.0
2015-11-18 00:00:00+09:00,6101.534779959862,6283.813334707091,6101.534779959862,6274.2197265625,18649,0.0,0.0
2015-11-19 00:00:00+09:00,6341.375016081119,6437.311098018806,6283.813366918506,6408.5302734375,23898,0.0,0.0
2015-11-20 00:00:00+09:00,6446.904912725225,6446.904912725225,6245.439134202562,6389.34326171875,30058,0.0,0.0
2015-11-23 00:00:00+09:00,6350.968799427243,6370.156016343942,6226.251889468702,6255.03271484375,34934,0.0,0.0
2015-11-24 00:00:00+09:00,6159.0966796875,6255.032765040887,6149.503071152161,6159.0966796875,22637,0.0,0.0
2015-11-25 00:00:00+09:00,6120.722231791339,6159.096665846457,6043.9733636811025,6091.94140625,43648,0.0,0.0
2015-11-26 00:00:00+09:00,6091.941201585802,6207.064499883487,6082.347593394329,6111.12841796875,31619,0.0,0.0
2015-11-27 00:00:00+09:00,6111.128852667359,6245.439376901806,6111.128852667359,6207.06494140625,21840,0.0,0.0
2015-11-30 00:00:00+09:00,6207.06494140625,6216.658550280139,6139.909679289026,6207.06494140625,9374,0.0,0.0
2015-12-01 00:00:00+09:00,6139.909399224806,6187.87744140625,6139.909399224806,6187.87744140625,19326,0.0,0.0
2015-12-02 00:00:00+09:00,6235.84554797021,6255.032765040887,6139.909462616823,6159.0966796875,28246,0.0,0.0
2015-12-03 00:00:00+09:00,6091.941217458027,6197.470907839189,6082.347609241557,6178.28369140625,14069,0.0,0.0
2015-12-04 00:00:00+09:00,6178.283961145345,6226.252004321938,6120.722309333431,6130.31591796875,16391,0.0,0.0
2015-12-07 00:00:00+09:00,6274.220355737119,6341.3756194835405,6130.316219137643,6283.81396484375,29426,0.0,0.0
2015-12-08 00:00:00+09:00,6216.65869140625,6312.5947823230135,6149.503427764515,6216.65869140625,20255,0.0,0.0
2015-12-09 00:00:00+09:00,6216.658252106191,6235.8454689336795,6063.160517486285,6120.72216796875,30954,0.0,0.0
2015-12-10 00:00:00+09:00,6187.87755652319,6187.87755652319,6053.567035916485,6063.16064453125,19805,0.0,0.0
2015-12-11 00:00:00+09:00,6159.096458926118,6159.096458926118,6034.379552436961,6111.12841796875,28478,0.0,0.0
2015-12-14 00:00:00+09:00,6063.1606037745505,6063.1606037745505,5861.69482421875,5861.69482421875,58816,0.0,0.0
2015-12-15 00:00:00+09:00,5871.288446222695,5938.44370622851,5852.1012290781755,5928.85009765625,29612,0.0,0.0
2015-12-16 00:00:00+09:00,5909.663032897364,6063.160774011581,5909.663032897364,6005.59912109375,12888,0.0,0.0
2015-12-17 00:00:00+09:00,6005.598929625984,6111.128623277559,6005.598929625984,6091.94140625,18493,0.0,0.0
2015-12-18 00:00:00+09:00,6043.973427301721,6082.347861760779,6015.1926014574265,6063.16064453125,8081,0.0,0.0
2015-12-21 00:00:00+09:00,6015.192320033482,6111.128401692708,5996.005103701637,6043.97314453125,12328,0.0,0.0
2015-12-22 00:00:00+09:00,6005.598711867559,6043.97314453125,5928.849846540179,6043.97314453125,22698,0.0,0.0
2015-12-23 00:00:00+09:00,5996.004962769525,6111.1282580547,5938.443315126938,6034.37939453125,53405,0.0,0.0
2015-12-24 00:00:00+09:00,6043.973503832547,6168.690417403695,6043.973503832547,6101.53515625,38916,0.0,0.0
2015-12-28 00:00:00+09:00,6168.690505910694,6226.252159154028,6072.754417171803,6207.06494140625,37064,0.0,0.0
2015-12-29 00:00:00+09:00,6285.38725306704,6393.0808041320515,6265.806607418856,6334.3388671875,32294,130.0,0.0
2015-12-30 00:00:00+09:00,6285.387233424832,6520.35498046875,6285.387233424832,6520.35498046875,64963,0.0,0.0
2016-01-04 00:00:00+09:00,6559.51601710464,6559.51601710464,6432.241825727983,6461.61279296875,26348,0.0,0.0
2016-01-05 00:00:00+09:00,6461.613236521946,6461.613236521946,6353.9196825799145,6412.66162109375,32638,0.0,0.0
2016-01-06 00:00:00+09:00,6412.661306646806,6481.19356488578,6187.48388671875,6187.48388671875,25256,0.0,0.0
2016-01-07 00:00:00+09:00,6177.6936892531985,6344.129176919291,6079.790461214321,6216.85498046875,17768,0.0,0.0
2016-01-08 00:00:00+09:00,6177.693455355402,6334.3386142867585,6148.322488055772,6275.5966796875,34693,0.0,0.0
2016-01-11 00:00:00+09:00,6275.59699749457,6275.59699749457,6118.951830630431,6197.2744140625,18768,0.0,0.0
2016-01-12 00:00:00+09:00,6167.903288118132,6236.435546875,6138.532320079474,6236.435546875,10569,0.0,0.0
2016-01-13 00:00:00+09:00,6216.854808308796,6461.61287162804,6197.274163243256,6442.0322265625,28928,0.0,0.0
2016-01-14 00:00:00+09:00,6402.870999733113,6402.870999733113,6226.64519240101,6304.9677734375,12916,0.0,0.0
2016-01-15 00:00:00+09:00,6304.968012220807,6363.709950222865,6109.16155221395,6246.22607421875,37515,0.0,0.0
2016-01-18 00:00:00+09:00,6079.790429231162,6314.758175288405,6050.419460974007,6285.38720703125,46206,0.0,0.0
2016-01-19 00:00:00+09:00,6207.064725178643,6285.387308461654,6050.419558612621,6079.79052734375,27858,0.0,0.0
2016-01-20 00:00:00+09:00,6079.790289757236,6167.9031925073405,5835.0322265625,5835.0322265625,116958,0.0,0.0
2016-01-21 00:00:00+09:00,5776.290448163007,5893.774321684967,5639.225929054054,5795.87109375,44581,0.0,0.0
2016-01-22 00:00:00+09:00,5913.355184659091,5981.887446732954,5786.080983664772,5923.1455078125,77843,0.0,0.0
2016-01-25 00:00:00+09:00,5923.145394092274,6070.000238573901,5923.145394092274,6011.25830078125,27283,0.0,0.0
2016-01-26 00:00:00+09:00,5972.096997638082,6001.467966478925,5874.193768168605,5893.7744140625,22633,0.0,0.0
2016-01-27 00:00:00+09:00,5883.984215198863,6030.8390625,5883.984215198863,5923.1455078125,20455,0.0,0.0
2016-01-28 00:00:00+09:00,6011.258175314546,6011.258175314546,5883.9839794202635,5981.88720703125,15012,0.0,0.0
2016-01-29 00:00:00+09:00,5942.725994842981,5962.306640625,5835.032443041872,5962.306640625,33212,0.0,0.0
2016-02-01 00:00:00+09:00,5923.145098077322,5942.725743029643,5825.241873315713,5903.564453125,28165,0.0,0.0
2016-02-02 00:00:00+09:00,5883.983985216864,5883.983985216864,5629.435593177533,5678.38720703125,111687,0.0,0.0
2016-02-03 00:00:00+09:00,5639.226109402461,5678.387401828866,5482.580939696837,5570.69384765625,98087,0.0,0.0
2016-02-04 00:00:00+09:00,5570.693768128831,5629.435705929838,5560.903445161996,5590.2744140625,37700,0.0,0.0
2016-02-05 00:00:00+09:00,5590.27438027141,5678.387286440312,5541.322765733132,5658.806640625,22645,0.0,0.0
2016-02-11 00:00:00+09:00,5463.00004683337,5658.806500124889,5374.887142852187,5511.95166015625,63620,0.0,0.0
2016-02-12 00:00:00+09:00,5433.628954206194,5570.69346836635,5306.354762486049,5482.58056640625,39367,0.0,0.0
2016-02-15 00:00:00+09:00,5433.629137762662,5727.338820884967,5433.629137762662,5678.38720703125,39635,0.0,0.0
2016-02-16 00:00:00+09:00,5639.225837628866,5746.919386611362,5639.225837628866,5697.9677734375,22144,0.0,0.0
2016-02-17 00:00:00+09:00,5717.548623767153,5776.290561682568,5688.177654809445,5707.75830078125,29861,0.0,0.0
2016-02-18 00:00:00+09:00,5707.758017344017,5795.87091984161,5688.177372344553,5717.54833984375,16754,0.0,0.0
2016-02-19 00:00:00+09:00,5776.290383921205,5932.935546875,5717.548447813531,5932.935546875,28779,0.0,0.0
2016-02-22 00:00:00+09:00,5923.145428175196,5952.516397240527,5864.403490044533,5942.72607421875,18895,0.0,0.0
2016-02-23 00:00:00+09:00,5923.145145617033,5981.887080945467,5874.193532843339,5952.51611328125,10151,0.0,0.0
2016-02-24 00:00:00+09:00,5874.19381306631,5972.097043284081,5844.822844000978,5942.72607421875,10844,0.0,0.0
2016-02-25 00:00:00+09:00,5932.935717057716,6050.4195926430175,5932.935717057716,6011.25830078125,25444,0.0,0.0
2016-02-26 00:00:00+09:00,6040.628984851372,6148.322532393293,5962.306404820884,6021.04833984375,20437,0.0,0.0
2016-02-29 00:00:00+09:00,6021.048371164423,6040.629016273901,5913.354823062295,5952.51611328125,14620,0.0,0.0
2016-03-02 00:00:00+09:00,5952.516477272728,6070.000355113636,5913.355184659091,5923.1455078125,20701,0.0,0.0
2016-03-03 00:00:00+09:00,5893.774208551721,6265.806467563291,5883.983885946153,6187.48388671875,48819,0.0,0.0
2016-03-04 00:00:00+09:00,6187.4838553892805,6285.387080949237,6128.741920053306,6256.01611328125,37093,0.0,0.0
2016-03-07 00:00:00+09:00,6256.016192234105,6256.016192234105,6109.161352040816,6236.435546875,23951,0.0,0.0
2016-03-08 00:00:00+09:00,6236.4354681692585,6265.806435837246,6128.741920053306,6256.01611328125,33654,0.0,0.0
2016-03-09 00:00:00+09:00,6256.016486273871,6344.12939453125,6207.064870575327,6344.12939453125,11227,0.0,0.0
2016-03-10 00:00:00+09:00,6324.548748251832,6353.919717670959,6275.597132553288,6344.12939453125,12381,0.0,0.0
2016-03-11 00:00:00+09:00,6334.338854115404,6334.338854115404,6138.532398037648,6216.85498046875,10806,0.0,0.0
2016-03-14 00:00:00+09:00,6216.854806805722,6275.596741988138,6079.7902913800835,6138.5322265625,14281,0.0,0.0
2016-03-15 00:00:00+09:00,6138.532337966474,6177.693628798796,6050.41943359375,6050.41943359375,16922,0.0,0.0
2016-03-16 00:00:00+09:00,6050.419479835474,6148.322707664527,6021.048511486758,6099.37109375,10097,0.0,0.0
2016-03-17 00:00:00+09:00,6099.371151733399,6304.967932128906,6089.580828857422,6265.806640625,27865,0.0,0.0
2016-03-18 00:00:00+09:00,6275.59672730626,6373.49995238124,6226.645114768769,6324.54833984375,26076,0.0,0.0
2016-03-21 00:00:00+09:00,6285.387265565724,6510.564690967612,6216.855005660802,6451.82275390625,40424,0.0,0.0
2016-03-22 00:00:00+09:00,6461.612983315678,6461.612983315678,6314.758142785776,6353.91943359375,14508,0.0,0.0
2016-03-23 00:00:00+09:00,6334.338912870255,6412.661496027847,6236.435683923265,6383.29052734375,21552,0.0,0.0
2016-03-24 00:00:00+09:00,6324.548703586703,6383.290642010109,6275.597088233864,6295.177734375,6750,0.0,0.0
2016-03-25 00:00:00+09:00,6295.177654887355,6334.338946675146,6216.855071311774,6314.75830078125,6379,0.0,0.0
2016-03-28 00:00:00+09:00,6314.75830078125,6353.919592569041,6216.855071311774,6314.75830078125,11324,0.0,0.0
2016-03-29 00:00:00+09:00,6314.758096067061,6383.290354473991,6207.064547141887,6304.9677734375,6296,0.0,0.0
2016-03-30 00:00:00+09:00,6304.968101972415,6373.500363950376,6216.855193715036,6344.12939453125,8657,0.0,0.0
2016-03-31 00:00:00+09:00,6412.66155248622,6569.30672018054,6393.08090652443,6549.72607421875,54690,0.0,0.0
2016-04-01 00:00:00+09:00,6549.72594884924,6588.887240023227,6451.822720914274,6520.35498046875,15527,0.0,0.0
2016-04-04 00:00:00+09:00,6549.72607421875,6667.209949989489,6422.451875467114,6549.72607421875,44987,0.0,0.0
2016-04-05 00:00:00+09:00,6539.935751237855,6598.677689123225,6461.613167390695,6549.72607421875,16716,0.0,0.0
2016-04-06 00:00:00+09:00,6598.677482924775,6598.677482924775,6471.403288150262,6539.935546875,7573,0.0,0.0
2016-04-07 00:00:00+09:00,6539.935751237855,6667.209949989489,6490.98413633338,6549.72607421875,22611,0.0,0.0
2016-04-08 00:00:00+09:00,6510.564670619008,6637.8388671875,6510.564670619008,6637.8388671875,21454,0.0,0.0
2016-04-11 00:00:00+09:00,6637.838678678338,6745.5322265625,6637.838678678338,6745.5322265625,27426,0.0,0.0
2016-04-12 00:00:00+09:00,6745.532590282207,6745.532590282207,6647.629359654018,6716.16162109375,15474,0.0,0.0
2016-04-14 00:00:00+09:00,6706.370967741936,6706.370967741936,6618.258064516129,6677.0,17416,0.0,0.0
2016-04-15 00:00:00+09:00,6735.741935483871,6765.112903225806,6559.516129032258,6677.0,10722,0.0,0.0
2016-04-18 00:00:00+09:00,6706.370999710648,6706.370999710648,6569.30648292824,6608.4677734375,7805,0.0,0.0
2016-04-19 00:00:00+09:00,6608.467647007534,6657.41925920759,6530.145067487444,6579.0966796875,13807,0.0,0.0
2016-04-20 00:00:00+09:00,6579.096963487333,6637.838900661327,6539.935672038003,6569.306640625,7143,0.0,0.0
2016-04-21 00:00:00+09:00,6569.306640625,6637.838900661327,6539.935672038003,6569.306640625,13171,0.0,0.0
2016-04-22 00:00:00+09:00,6579.096758395523,6637.838693738339,6520.354823052705,6559.51611328125,9634,0.0,0.0
2016-04-25 00:00:00+09:00,6539.935717340052,6696.580884222449,6539.935717340052,6618.25830078125,13523,0.0,0.0
2016-04-26 00:00:00+09:00,6608.468067402742,6765.113236407844,6559.516452088648,6716.16162109375,62806,0.0,0.0
2016-04-27 00:00:00+09:00,6784.6939275054265,7303.58105327424,6706.371342483719,6765.11328125,174038,0.0,0.0
2016-04-28 00:00:00+09:00,6872.806467545479,6872.806467545479,6716.161305892021,6794.48388671875,32999,0.0,0.0
2016-04-29 00:00:00+09:00,6725.951739279197,6774.90335310219,6608.467866104014,6706.37109375,22813,0.0,0.0
2016-05-02 00:00:00+09:00,6706.37109375,6794.483998631387,6628.048511633212,6706.37109375,10652,0.0,0.0
2016-05-03 00:00:00+09:00,6706.37109375,7049.032390510949,6618.258188868614,6706.37109375,78643,0.0,0.0
2016-05-04 00:00:00+09:00,6706.371014857396,6745.532305455104,6657.419401610262,6725.95166015625,15342,0.0,0.0
2016-05-09 00:00:00+09:00,6647.628954078719,6716.161211337263,6637.838631613213,6696.58056640625,20319,0.0,0.0
2016-05-10 00:00:00+09:00,6725.951785411005,6765.113076737998,6598.677588598279,6755.32275390625,15487,0.0,0.0
2016-05-11 00:00:00+09:00,6755.322720980542,6882.596917172928,6716.161429844422,6823.85498046875,33141,0.0,0.0
2016-05-12 00:00:00+09:00,6823.854947870428,6941.338820717551,6814.064625133168,6892.38720703125,62694,0.0,0.0
2016-05-13 00:00:00+09:00,6892.387320143885,6892.387320143885,6804.2744140625,6804.2744140625,29224,0.0,0.0
2016-05-16 00:00:00+09:00,6951.129292332849,6951.129292332849,6735.7421875,6735.7421875,25035,0.0,0.0
2016-05-17 00:00:00+09:00,6735.741967592592,6794.483903356481,6598.677450810185,6608.4677734375,32987,0.0,0.0
2016-05-18 00:00:00+09:00,6579.096852022059,6696.580724379595,6539.935561236213,6657.41943359375,46969,0.0,0.0
2016-05-19 00:00:00+09:00,6657.41943359375,6784.693628647748,6598.677497414981,6657.41943359375,25454,0.0,0.0
2016-05-20 00:00:00+09:00,6686.7904016831335,6686.7904016831335,6530.1452385397515,6657.41943359375,26237,0.0,0.0
2016-05-23 00:00:00+09:00,6539.935468166977,6637.838693738339,6490.983855381297,6559.51611328125,27856,0.0,0.0
2016-05-24 00:00:00+09:00,6559.516457280326,6559.516457280326,6285.387411304432,6295.177734375,38955,0.0,0.0
2016-05-25 00:00:00+09:00,6304.967634351326,6530.145049863873,6226.645055042613,6461.61279296875,40201,0.0,0.0
2016-05-26 00:00:00+09:00,6461.612997588881,6559.516224825075,6422.451706694403,6471.4033203125,24232,0.0,0.0
2016-05-27 00:00:00+09:00,6471.4033203125,6530.145256654217,6393.080738523544,6471.4033203125,5937,0.0,0.0
2016-05-30 00:00:00+09:00,6422.451596733177,6490.983854625147,6256.01611328125,6256.01611328125,25237,0.0,0.0
2016-05-31 00:00:00+09:00,6265.806730769231,6451.822868088942,6256.016407752404,6363.7099609375,54981,0.0,0.0
2016-06-01 00:00:00+09:00,6265.806640625,6344.129223632813,6187.484057617187,6265.806640625,63352,0.0,0.0
2016-06-02 00:00:00+09:00,6265.80635725429,6334.3386142867585,6256.01603482108,6275.5966796875,33557,0.0,0.0
2016-06-03 00:00:00+09:00,6275.596884278864,6490.983984831338,6275.596884278864,6285.38720703125,30397,0.0,0.0
2016-06-07 00:00:00+09:00,6285.38720703125,6363.709789050331,6256.016238774095,6285.38720703125,70124,0.0,0.0
2016-06-08 00:00:00+09:00,6285.387286376953,6324.54857788086,6226.645349121094,6265.806640625,46708,0.0,0.0
2016-06-09 00:00:00+09:00,6265.806435837246,6334.338693729215,6226.645145613263,6256.01611328125,21656,0.0,0.0
2016-06-10 00:00:00+09:00,6265.806730769231,6363.7099609375,6216.855115685096,6363.7099609375,38785,0.0,0.0
2016-06-13 00:00:00+09:00,6383.290354473991,6383.290354473991,6256.016160289693,6304.9677734375,13761,0.0,0.0
2016-06-14 00:00:00+09:00,6304.968012220807,6314.75833522115,6158.113167215664,6246.22607421875,23483,0.0,0.0
2016-06-15 00:00:00+09:00,6246.226154063483,6246.226154063483,6167.903569059552,6226.6455078125,58657,0.0,0.0
2016-06-16 00:00:00+09:00,6334.3386599657015,6334.3386599657015,5942.725759813262,6021.04833984375,35983,0.0,0.0
2016-06-17 00:00:00+09:00,6030.838631682074,6109.161211314309,5991.677341865957,6089.58056640625,45643,0.0,0.0
2016-06-20 00:00:00+09:00,6089.580583349763,6216.85477560627,6069.999938387225,6207.064453125,14751,0.0,0.0
2016-06-21 00:00:00+09:00,6236.435771838415,6588.887401016097,6158.113187576709,6481.19384765625,83002,0.0,0.0
2016-06-22 00:00:00+09:00,6960.9194060534965,7244.838762981136,6363.709724240187,6422.45166015625,664478,0.0,0.0
2016-06-23 00:00:00+09:00,6490.983970424108,6490.983970424108,6118.951706659226,6167.9033203125,112970,0.0,0.0
2016-06-24 00:00:00+09:00,6187.4839706803,6246.225907110809,5590.274283636791,5864.4033203125,139817,0.0,0.0
2016-06-27 00:00:00+09:00,5580.483840839975,5864.403194145868,5492.37093808987,5835.0322265625,42074,0.0,0.0
2016-06-28 00:00:00+09:00,5825.2420293588275,5903.5646112661725,5737.129124713063,5864.4033203125,43695,0.0,0.0
2016-06-29 00:00:00+09:00,5883.983824790396,6030.838662347561,5883.983824790396,6021.04833984375,32027,0.0,0.0
2016-06-30 00:00:00+09:00,6069.999968849681,6138.5322265625,5991.677388606459,6138.5322265625,12780,0.0,0.0
2016-07-01 00:00:00+09:00,6050.41957012737,6197.2744140625,6050.41957012737,6197.2744140625,21977,0.0,0.0
2016-07-04 00:00:00+09:00,6197.274321579053,6197.274321579053,6079.79044818419,6099.37109375,14348,0.0,0.0
2016-07-05 00:00:00+09:00,6001.468066875751,6138.532590425932,6001.468066875751,6109.16162109375,16735,0.0,0.0
2016-07-06 00:00:00+09:00,6109.161198322933,6324.548291853549,6050.419263723674,6275.5966796875,57680,0.0,0.0
2016-07-07 00:00:00+09:00,6295.177689220464,6324.5486582214935,6207.064782217379,6246.22607421875,16821,0.0,0.0
2016-07-08 00:00:00+09:00,6256.016192234105,6256.016192234105,6167.903288118132,6236.435546875,11884,0.0,0.0
2016-07-11 00:00:00+09:00,6236.435705778535,6256.016351636552,6197.2744140625,6197.2744140625,8675,0.0,0.0
2016-07-12 00:00:00+09:00,6197.2742885044645,6197.2742885044645,6011.258156622024,6167.9033203125,22419,0.0,0.0
2016-07-13 00:00:00+09:00,6216.854933965774,6216.854933965774,6099.371061197917,6167.9033203125,23779,0.0,0.0
2016-07-14 00:00:00+09:00,6167.903524601327,6265.806755150555,6148.322878491482,6177.69384765625,26688,0.0,0.0
2016-07-15 00:00:00+09:00,6148.322488055772,6334.3386142867585,6138.532165622562,6275.5966796875,67708,0.0,0.0
2016-07-18 00:00:00+09:00,6236.43567199707,6353.919546508789,6236.43567199707,6265.806640625,34020,0.0,0.0
2016-07-19 00:00:00+09:00,6324.548291853549,6334.3386142867585,6216.854745088241,6275.5966796875,22590,0.0,0.0
2016-07-20 00:00:00+09:00,6275.596963500977,6285.387286376953,6216.855026245117,6265.806640625,28302,0.0,0.0
2016-07-21 00:00:00+09:00,6265.80635725429,6304.967646987129,6207.064422655031,6275.5966796875,36253,0.0,0.0
2016-07-22 00:00:00+09:00,6265.806720219436,6295.177689220464,6207.064782217379,6246.22607421875,40394,0.0,0.0
2016-07-25 00:00:00+09:00,6256.016317749023,6373.500192260743,6236.43567199707,6265.806640625,61183,0.0,0.0
2016-07-26 00:00:00+09:00,6265.806404798762,6334.338662351248,6236.435437276267,6324.54833984375,29269,0.0,0.0
2016-07-27 00:00:00+09:00,6295.177450807939,6373.500031844429,6216.854869771448,6304.9677734375,97339,0.0,0.0
2016-07-28 00:00:00+09:00,6256.016407752404,6393.08092998798,6256.016407752404,6363.7099609375,36005,0.0,0.0
2016-07-29 00:00:00+09:00,6432.241825727983,6539.935372277462,6265.80634469697,6461.61279296875,119305,0.0,0.0
2016-08-01 00:00:00+09:00,6500.77444824962,6559.516386035008,6265.806697108067,6432.2421875,80430,0.0,0.0
2016-08-02 00:00:00+09:00,6324.548279178504,6490.983760209518,6285.386989524148,6461.61279296875,116114,0.0,0.0
2016-08-03 00:00:00+09:00,6432.241920038479,6657.419338852612,6373.4999846956625,6559.51611328125,94579,0.0,0.0
2016-08-04 00:00:00+09:00,6608.468102074512,6735.7423025589105,6579.0971327319585,6647.62939453125,89786,0.0,0.0
2016-08-05 00:00:00+09:00,6647.629269571699,6686.790561292299,6520.355071479752,6618.25830078125,30189,0.0,0.0
2016-08-08 00:00:00+09:00,6618.258017332902,6637.838662354598,6530.1451147352755,6628.04833984375,42097,0.0,0.0
2016-08-09 00:00:00+09:00,6628.048590061082,6686.79052734375,6549.726007017524,6686.79052734375,48387,0.0,0.0
2016-08-10 00:00:00+09:00,6686.790434475994,6686.790434475994,6549.725916053353,6588.88720703125,60483,0.0,0.0
2016-08-11 00:00:00+09:00,6579.0971327319585,6657.4197176454345,6539.935840275221,6647.62939453125,39005,0.0,0.0
2016-08-12 00:00:00+09:00,6804.274436454096,7518.96801035503,6618.25830078125,6618.25830078125,854443,0.0,0.0
2016-08-16 00:00:00+09:00,6725.951581492652,6784.693516702195,6569.306420933871,6745.5322265625,95781,0.0,0.0
2016-08-17 00:00:00+09:00,6794.484215504119,6863.016477043786,6637.839046270595,6833.6455078125,65175,0.0,0.0
2016-08-18 00:00:00+09:00,6833.6455078125,6911.9680924292625,6804.274538581214,6833.6455078125,39906,0.0,0.0
2016-08-19 00:00:00+09:00,6833.645462718705,6853.226108743687,6784.69384765625,6784.69384765625,22399,0.0,0.0
2016-08-22 00:00:00+09:00,6774.903412126068,6970.709869123932,6647.629215077457,6872.806640625,119336,0.0,0.0
2016-08-23 00:00:00+09:00,6872.806594388899,6882.596917172928,6755.322720980542,6823.85498046875,34957,0.0,0.0
2016-08-24 00:00:00+09:00,6823.85498046875,6853.225948820839,6755.322720980542,6823.85498046875,25798,0.0,0.0
2016-08-25 00:00:00+09:00,6823.854869810109,6911.9677734375,6814.064547184844,6911.9677734375,27426,0.0,0.0
2016-08-26 00:00:00+09:00,6911.967805570458,6911.967805570458,6784.693610850322,6843.435546875,25069,0.0,0.0
2016-08-29 00:00:00+09:00,6843.435435082395,6882.596725125784,6608.467694822055,6628.04833984375,47605,0.0,0.0
2016-08-30 00:00:00+09:00,6657.41943359375,6784.693628647748,6608.467820111443,6657.41943359375,21467,0.0,0.0
2016-08-31 00:00:00+09:00,6559.516206629136,6716.161369772518,6520.35491584329,6657.41943359375,34978,0.0,0.0
2016-09-01 00:00:00+09:00,6657.419692424785,6863.016477043786,6608.468077039309,6833.6455078125,45307,0.0,0.0
2016-09-02 00:00:00+09:00,6872.806561556729,6892.38720703125,6725.951720497825,6892.38720703125,55367,0.0,0.0
2016-09-05 00:00:00+09:00,6892.387128186969,6951.1290639385625,6794.483901934313,6911.9677734375,36134,0.0,0.0
2016-09-06 00:00:00+09:00,6951.129403999307,7097.984250562673,6892.387465373961,7068.61328125,96600,0.0,0.0
2016-09-07 00:00:00+09:00,7068.612950742078,7156.725854560193,6960.919401631049,7029.45166015625,76052,0.0,0.0
2016-09-08 00:00:00+09:00,7029.451933732269,7029.451933732269,6804.274504100177,6902.177734375,34488,0.0,0.0
2016-09-09 00:00:00+09:00,6549.72571651627,6941.338614364776,6549.72571651627,6882.5966796875,29152,0.0,0.0
2016-09-12 00:00:00+09:00,6794.484045233243,6882.596950718977,6647.62920275702,6755.32275390625,27725,0.0,0.0
2016-09-13 00:00:00+09:00,6745.532521623884,6892.387366071429,6725.951875697545,6853.22607421875,19298,0.0,0.0
2016-09-19 00:00:00+09:00,6853.2258695457795,6853.2258695457795,6735.741997496423,6843.435546875,20302,0.0,0.0
2016-09-20 00:00:00+09:00,6843.435751255581,6951.129303850446,6784.693813476562,6853.22607421875,17764,0.0,0.0
2016-09-21 00:00:00+09:00,6911.967944404324,7029.451818813463,6902.177621536896,6990.29052734375,38888,0.0,0.0
2016-09-22 00:00:00+09:00,6990.290686894807,7068.613271621919,6882.597132895026,6951.12939453125,37336,0.0,0.0
2016-09-23 00:00:00+09:00,6951.1292358740375,7009.871173078606,6892.387298669468,6990.29052734375,17938,0.0,0.0
2016-09-26 00:00:00+09:00,6990.290539449897,7176.3066742531855,6951.129247912362,7107.7744140625,94139,0.0,0.0
2016-09-27 00:00:00+09:00,7107.774573666898,7156.726189188019,7009.871342624654,7068.61328125,26646,0.0,0.0
2016-09-28 00:00:00+09:00,7049.032635041551,7137.145542979571,7000.081019520429,7068.61328125,20128,0.0,0.0
2016-09-29 00:00:00+09:00,7107.7742413279075,7107.7742413279075,6990.290369570421,7029.45166015625,27368,0.0,0.0
2016-09-30 00:00:00+09:00,7029.45166015625,7029.45166015625,6882.596820459392,7029.45166015625,33247,0.0,0.0
2016-10-04 00:00:00+09:00,6960.919648734246,7127.355139632252,6951.129325740245,7088.19384765625,50004,0.0,0.0
2016-10-05 00:00:00+09:00,7117.564625186013,7313.371079799108,7088.193656994048,7195.88720703125,78049,0.0,0.0
2016-10-06 00:00:00+09:00,7235.04833984375,7264.4193073938595,7117.56446964331,7235.04833984375,40233,0.0,0.0
2016-10-07 00:00:00+09:00,7176.306482943945,7235.048418684278,7137.145192450391,7215.4677734375,19299,0.0,0.0
2016-10-10 00:00:00+09:00,7215.468127813366,7215.468127813366,7058.822958145775,7068.61328125,36632,0.0,0.0
2016-10-11 00:00:00+09:00,7068.612918911638,7137.145177128233,7000.080660695044,7097.98388671875,42774,0.0,0.0
2016-10-12 00:00:00+09:00,7127.354933869295,7127.354933869295,7049.032352178423,7078.4033203125,9927,0.0,0.0
2016-10-13 00:00:00+09:00,7078.4034674184495,7078.4034674184495,6921.75830078125,6921.75830078125,17994,0.0,0.0
2016-10-14 00:00:00+09:00,6921.758254874466,7019.6614833733975,6833.645349225428,6872.806640625,23967,0.0,0.0
2016-10-17 00:00:00+09:00,6872.806580748175,6872.806580748175,6706.37109375,6706.37109375,40046,0.0,0.0
2016-10-18 00:00:00+09:00,6579.0966796875,6706.370871407646,6559.516034807478,6579.0966796875,63881,0.0,0.0
2016-10-19 00:00:00+09:00,6588.887286349665,6657.419546385991,6500.774380588674,6569.306640625,38596,0.0,0.0
2016-10-20 00:00:00+09:00,6569.306640625,6637.838900661327,6539.935672038003,6569.306640625,15360,0.0,0.0
2016-10-21 00:00:00+09:00,6490.984180846624,6657.419672663204,6490.984180846624,6598.677734375,10467,0.0,0.0
2016-10-24 00:00:00+09:00,6608.468102074512,6696.5810101021725,6579.0971327319585,6647.62939453125,11638,0.0,0.0
2016-10-25 00:00:00+09:00,6696.580862185252,6853.226028552158,6637.838924797662,6804.2744140625,29731,0.0,0.0
2016-10-26 00:00:00+09:00,6765.112823664794,6804.274113526819,6569.306374354669,6696.58056640625,45762,0.0,0.0
2016-10-27 00:00:00+09:00,6696.580850224195,6794.484079028643,6549.726007017524,6686.79052734375,47687,0.0,0.0
2016-10-28 00:00:00+09:00,6755.322532484767,6755.322532484767,6608.467694822055,6628.04833984375,7659,0.0,0.0
2016-10-31 00:00:00+09:00,6628.048371181203,6735.741919309701,6510.564500495569,6559.51611328125,20005,0.0,0.0
2016-11-01 00:00:00+09:00,6559.516271642737,6657.4194995777025,6510.564657675253,6520.35498046875,6435,0.0,0.0
2016-11-02 00:00:00+09:00,6559.516421274038,6559.516421274038,6324.548668870192,6363.7099609375,25752,0.0,0.0
2016-11-03 00:00:00+09:00,6363.709724240187,6559.516177293731,6324.548433629478,6422.45166015625,4605,0.0,0.0
2016-11-04 00:00:00+09:00,6422.451772604328,6422.451772604328,6275.5969302429485,6334.3388671875,13253,0.0,0.0
2016-11-07 00:00:00+09:00,6334.338756282155,6461.612950766958,6275.596820366091,6422.45166015625,15515,0.0,0.0
2016-11-08 00:00:00+09:00,6490.9841252853885,6490.9841252853885,6353.919603786149,6432.2421875,9756,0.0,0.0
2016-11-09 00:00:00+09:00,6373.500192260743,6471.403421020508,6089.580828857422,6265.806640625,22917,0.0,0.0
2016-11-10 00:00:00+09:00,6265.80634469697,6471.403115382339,6265.80634469697,6461.61279296875,24732,0.0,0.0
2016-11-11 00:00:00+09:00,6324.548279178504,6461.61279296875,6324.548279178504,6461.61279296875,3229,0.0,0.0
2016-11-14 00:00:00+09:00,6314.758175288405,6442.032371069412,6285.38720703125,6285.38720703125,19914,0.0,0.0
2016-11-15 00:00:00+09:00,6197.274270361855,6383.29040169973,6158.112979553881,6353.91943359375,13512,0.0,0.0
2016-11-16 00:00:00+09:00,6236.435830937991,6344.129385318396,6158.113245934061,6226.6455078125,32573,0.0,0.0
2016-11-17 00:00:00+09:00,6226.645303272638,6344.129176919291,6187.484012057087,6216.85498046875,14510,0.0,0.0
2016-11-18 00:00:00+09:00,6216.85488671875,6265.8065,6118.95166015625,6118.95166015625,20314,0.0,0.0
2016-11-21 00:00:00+09:00,6118.95156488186,6167.9031774009145,6011.258017339939,6021.04833984375,16377,0.0,0.0
2016-11-22 00:00:00+09:00,6021.048371164423,6099.370951602334,5913.354823062295,5952.51611328125,19488,0.0,0.0
2016-11-23 00:00:00+09:00,6030.839053277825,6050.419699554701,5805.66162109375,5805.66162109375,17944,0.0,0.0
2016-11-24 00:00:00+09:00,5707.758142734508,5874.193628886286,5707.758142734508,5746.91943359375,34344,0.0,0.0
2016-11-25 00:00:00+09:00,5756.709599064086,5874.193468432741,5688.177341932371,5786.08056640625,32782,0.0,0.0
2016-11-28 00:00:00+09:00,5844.822549090289,5854.612871618078,5697.967711173447,5835.0322265625,23727,0.0,0.0
2016-11-29 00:00:00+09:00,5835.032555338542,5874.19384765625,5756.709970703125,5874.19384765625,5816,0.0,0.0
2016-11-30 00:00:00+09:00,5874.193768168605,5913.355059956396,5795.871184593024,5893.7744140625,6866,0.0,0.0
2016-12-01 00:00:00+09:00,5952.516477272728,5952.516477272728,5825.242276278409,5923.1455078125,10984,0.0,0.0
2016-12-02 00:00:00+09:00,5874.193689207367,5923.1453032840955,5786.080783869257,5913.35498046875,9122,0.0,0.0
2016-12-05 00:00:00+09:00,5913.354886758207,5913.354886758207,5756.709724195076,5815.45166015625,8934,0.0,0.0
2016-12-06 00:00:00+09:00,5815.451752315294,5913.35498046875,5737.129169792529,5913.35498046875,7414,0.0,0.0
2016-12-07 00:00:00+09:00,5952.516477272728,5952.516477272728,5825.242276278409,5923.1455078125,7445,0.0,0.0
2016-12-08 00:00:00+09:00,5913.355184659091,5942.726154119318,5776.290660511363,5923.1455078125,25081,0.0,0.0
2016-12-09 00:00:00+09:00,5874.193689207367,5952.516271730132,5835.032397945985,5913.35498046875,6403,0.0,0.0
2016-12-12 00:00:00+09:00,5962.306720262304,5962.306720262304,5883.984136088087,5942.72607421875,7337,0.0,0.0
2016-12-13 00:00:00+09:00,5952.516305485762,5952.516305485762,5717.548556585009,5844.82275390625,20624,0.0,0.0
2016-12-14 00:00:00+09:00,5844.822518268034,5932.935420553483,5844.822518268034,5903.564453125,4227,0.0,0.0
2016-12-15 00:00:00+09:00,5903.564500507556,6030.838693719162,5903.564500507556,5952.51611328125,11500,0.0,0.0
2016-12-16 00:00:00+09:00,6040.62934985192,6040.62934985192,5893.77450342116,5991.677734375,10191,0.0,0.0
2016-12-19 00:00:00+09:00,6050.419558612621,6138.532464806009,5962.306652419233,6079.79052734375,20118,0.0,0.0
2016-12-20 00:00:00+09:00,6118.951818985255,6138.532464806009,6030.838912791868,6079.79052734375,15344,0.0,0.0
2016-12-21 00:00:00+09:00,6001.467741935484,6089.58064516129,5981.887096774193,6070.0,12805,0.0,0.0
2016-12-22 00:00:00+09:00,6118.951899169528,6118.951899169528,5952.5164075121165,6060.2099609375,21848,0.0,0.0
2016-12-23 00:00:00+09:00,6089.580838208129,6089.580838208129,5962.306640625,5962.306640625,24990,0.0,0.0
2016-12-26 00:00:00+09:00,5972.097043284081,6089.580919545408,5903.564782131642,5942.72607421875,22866,0.0,0.0
2016-12-27 00:00:00+09:00,5883.9838709677415,6070.0,5883.9838709677415,6070.0,22497,0.0,0.0
2016-12-28 00:00:00+09:00,6260.0,6260.0,6100.0,6200.0,9761,130.0,0.0
2016-12-29 00:00:00+09:00,6240.0,6240.0,6090.0,6120.0,5093,0.0,0.0
2017-01-02 00:00:00+09:00,6120.0,6170.0,5990.0,6120.0,21187,0.0,0.0
2017-01-03 00:00:00+09:00,6120.0,6210.0,6080.0,6130.0,19185,0.0,0.0
2017-01-04 00:00:00+09:00,6130.0,6160.0,6110.0,6150.0,12279,0.0,0.0
2017-01-05 00:00:00+09:00,6170.0,6210.0,6150.0,6200.0,20073,0.0,0.0
2017-01-06 00:00:00+09:00,6200.0,6300.0,6180.0,6220.0,11860,0.0,0.0
2017-01-09 00:00:00+09:00,6230.0,6330.0,6170.0,6180.0,20812,0.0,0.0
2017-01-10 00:00:00+09:00,6220.0,6220.0,6100.0,6170.0,13531,0.0,0.0
2017-01-11 00:00:00+09:00,6170.0,6200.0,6090.0,6150.0,14594,0.0,0.0
2017-01-12 00:00:00+09:00,6130.0,6150.0,6060.0,6150.0,9803,0.0,0.0
2017-01-13 00:00:00+09:00,6150.0,6240.0,6100.0,6140.0,8367,0.0,0.0
2017-01-16 00:00:00+09:00,6120.0,6140.0,6020.0,6110.0,16528,0.0,0.0
2017-01-17 00:00:00+09:00,6120.0,6170.0,5900.0,6040.0,7130,0.0,0.0
2017-01-18 00:00:00+09:00,6040.0,6080.0,5980.0,6060.0,11498,0.0,0.0
2017-01-19 00:00:00+09:00,6060.0,6100.0,5980.0,6050.0,11914,0.0,0.0
2017-01-20 00:00:00+09:00,6050.0,6070.0,5990.0,6000.0,14183,0.0,0.0
2017-01-23 00:00:00+09:00,6000.0,6110.0,6000.0,6020.0,12771,0.0,0.0
2017-01-24 00:00:00+09:00,6000.0,6140.0,5960.0,5980.0,10666,0.0,0.0
2017-01-25 00:00:00+09:00,5980.0,6040.0,5950.0,5990.0,6161,0.0,0.0
2017-01-26 00:00:00+09:00,5990.0,6080.0,5960.0,6000.0,6396,0.0,0.0
2017-01-31 00:00:00+09:00,6000.0,6020.0,5920.0,5990.0,8306,0.0,0.0
2017-02-01 00:00:00+09:00,5990.0,6020.0,5870.0,5970.0,14043,0.0,0.0
2017-02-02 00:00:00+09:00,5970.0,6040.0,5890.0,5920.0,14152,0.0,0.0
2017-02-03 00:00:00+09:00,5920.0,5960.0,5730.0,5730.0,33408,0.0,0.0
2017-02-06 00:00:00+09:00,5600.0,5900.0,5600.0,5890.0,10775,0.0,0.0
2017-02-07 00:00:00+09:00,5890.0,5940.0,5840.0,5940.0,13179,0.0,0.0
2017-02-08 00:00:00+09:00,5990.0,5990.0,5800.0,5980.0,18952,0.0,0.0
2017-02-09 00:00:00+09:00,5990.0,5990.0,5900.0,5980.0,4892,0.0,0.0
2017-02-10 00:00:00+09:00,5890.0,6010.0,5890.0,5970.0,13666,0.0,0.0
2017-02-13 00:00:00+09:00,5970.0,6020.0,5960.0,6000.0,10792,0.0,0.0
2017-02-14 00:00:00+09:00,6020.0,6060.0,5970.0,6020.0,7983,0.0,0.0
2017-02-15 00:00:00+09:00,6020.0,6090.0,6000.0,6080.0,13503,0.0,0.0
2017-02-16 00:00:00+09:00,6100.0,6150.0,6000.0,6070.0,16277,0.0,0.0
2017-02-17 00:00:00+09:00,6070.0,6140.0,5960.0,5960.0,14706,0.0,0.0
2017-02-20 00:00:00+09:00,5960.0,6000.0,5890.0,5970.0,54737,0.0,0.0
2017-02-21 00:00:00+09:00,5980.0,5980.0,5860.0,5950.0,24151,0.0,0.0
2017-02-22 00:00:00+09:00,5950.0,5970.0,5880.0,5930.0,13040,0.0,0.0
2017-02-23 00:00:00+09:00,5930.0,5970.0,5860.0,5860.0,11513,0.0,0.0
2017-02-24 00:00:00+09:00,5800.0,5920.0,5780.0,5840.0,18762,0.0,0.0
2017-02-27 00:00:00+09:00,5850.0,5890.0,5790.0,5890.0,5024,0.0,0.0
2017-02-28 00:00:00+09:00,5890.0,5920.0,5810.0,5870.0,25857,0.0,0.0
2017-03-02 00:00:00+09:00,5870.0,5960.0,5810.0,5910.0,26961,0.0,0.0
2017-03-03 00:00:00+09:00,5910.0,5970.0,5800.0,5900.0,8215,0.0,0.0
2017-03-06 00:00:00+09:00,5900.0,5960.0,5810.0,5950.0,6995,0.0,0.0
2017-03-07 00:00:00+09:00,5950.0,5960.0,5800.0,5940.0,6581,0.0,0.0
2017-03-08 00:00:00+09:00,5970.0,5970.0,5810.0,5840.0,18014,0.0,0.0
2017-03-09 00:00:00+09:00,5840.0,5840.0,5780.0,5800.0,14913,0.0,0.0
2017-03-10 00:00:00+09:00,5800.0,5940.0,5750.0,5760.0,11910,0.0,0.0
2017-03-13 00:00:00+09:00,5760.0,5890.0,5670.0,5730.0,23271,0.0,0.0
2017-03-14 00:00:00+09:00,5730.0,5810.0,5700.0,5780.0,23517,0.0,0.0
2017-03-15 00:00:00+09:00,5730.0,5770.0,5640.0,5710.0,11722,0.0,0.0
2017-03-16 00:00:00+09:00,5760.0,5800.0,5650.0,5750.0,17035,0.0,0.0
2017-03-17 00:00:00+09:00,5700.0,5780.0,5680.0,5760.0,8723,0.0,0.0
2017-03-20 00:00:00+09:00,5820.0,5820.0,5580.0,5590.0,36732,0.0,0.0
2017-03-21 00:00:00+09:00,5610.0,5680.0,5500.0,5570.0,28515,0.0,0.0
2017-03-22 00:00:00+09:00,5570.0,5620.0,5500.0,5530.0,16435,0.0,0.0
2017-03-23 00:00:00+09:00,5530.0,5560.0,5370.0,5450.0,58927,0.0,0.0
2017-03-24 00:00:00+09:00,5340.0,5510.0,5340.0,5480.0,19100,0.0,0.0
2017-03-27 00:00:00+09:00,5370.0,5520.0,5360.0,5450.0,14881,0.0,0.0
2017-03-28 00:00:00+09:00,5340.0,5540.0,5330.0,5520.0,30288,0.0,0.0
2017-03-29 00:00:00+09:00,5520.0,5610.0,5500.0,5540.0,44718,0.0,0.0
2017-03-30 00:00:00+09:00,5540.0,5570.0,5460.0,5520.0,15483,0.0,0.0
2017-03-31 00:00:00+09:00,5520.0,5720.0,5470.0,5720.0,35573,0.0,0.0
2017-04-03 00:00:00+09:00,5720.0,5790.0,5700.0,5760.0,22251,0.0,0.0
2017-04-04 00:00:00+09:00,5760.0,5800.0,5680.0,5790.0,23307,0.0,0.0
2017-04-05 00:00:00+09:00,5790.0,5790.0,5480.0,5750.0,21299,0.0,0.0
2017-04-06 00:00:00+09:00,5740.0,5800.0,5650.0,5780.0,21003,0.0,0.0
2017-04-07 00:00:00+09:00,5830.0,5830.0,5670.0,5710.0,17728,0.0,0.0
2017-04-10 00:00:00+09:00,5740.0,5770.0,5580.0,5610.0,15301,0.0,0.0
2017-04-11 00:00:00+09:00,5610.0,5630.0,5540.0,5580.0,9548,0.0,0.0
2017-04-12 00:00:00+09:00,5580.0,5800.0,5550.0,5800.0,22731,0.0,0.0
2017-04-13 00:00:00+09:00,5750.0,5750.0,5620.0,5660.0,24063,0.0,0.0
2017-04-14 00:00:00+09:00,5660.0,5670.0,5550.0,5630.0,18055,0.0,0.0
2017-04-17 00:00:00+09:00,5630.0,5690.0,5560.0,5650.0,10179,0.0,0.0
2017-04-18 00:00:00+09:00,5610.0,5650.0,5590.0,5600.0,4786,0.0,0.0
2017-04-19 00:00:00+09:00,5600.0,5690.0,5490.0,5670.0,29790,0.0,0.0
2017-04-20 00:00:00+09:00,5670.0,5750.0,5610.0,5670.0,32078,0.0,0.0
2017-04-21 00:00:00+09:00,5670.0,5700.0,5570.0,5650.0,26984,0.0,0.0
2017-04-24 00:00:00+09:00,5630.0,5670.0,5590.0,5640.0,20117,0.0,0.0
2017-04-25 00:00:00+09:00,5610.0,5750.0,5560.0,5670.0,31894,0.0,0.0
2017-04-26 00:00:00+09:00,5670.0,5720.0,5610.0,5660.0,28958,0.0,0.0
2017-04-27 00:00:00+09:00,5660.0,5740.0,5600.0,5690.0,26643,0.0,0.0
2017-04-28 00:00:00+09:00,5740.0,5740.0,5670.0,5730.0,35005,0.0,0.0
2017-05-02 00:00:00+09:00,5640.0,5720.0,5550.0,5670.0,34563,0.0,0.0
2017-05-04 00:00:00+09:00,5670.0,5700.0,5560.0,5600.0,25717,0.0,0.0
2017-05-08 00:00:00+09:00,5620.0,5810.0,5620.0,5690.0,47456,0.0,0.0
2017-05-10 00:00:00+09:00,5690.0,5750.0,5610.0,5690.0,21048,0.0,0.0
2017-05-11 00:00:00+09:00,5620.0,5680.0,5570.0,5600.0,29740,0.0,0.0
2017-05-12 00:00:00+09:00,5600.0,5650.0,5500.0,5590.0,52101,0.0,0.0
2017-05-15 00:00:00+09:00,5520.0,5640.0,5520.0,5590.0,14264,0.0,0.0
2017-05-16 00:00:00+09:00,5590.0,5650.0,5550.0,5630.0,18711,0.0,0.0
2017-05-17 00:00:00+09:00,5680.0,5680.0,5600.0,5640.0,14306,0.0,0.0
2017-05-18 00:00:00+09:00,5640.0,5640.0,5320.0,5620.0,21699,0.0,0.0
2017-05-19 00:00:00+09:00,5670.0,5670.0,5600.0,5620.0,3742,0.0,0.0
2017-05-22 00:00:00+09:00,5600.0,5600.0,5510.0,5560.0,28552,0.0,0.0
2017-05-23 00:00:00+09:00,5560.0,5620.0,5550.0,5550.0,6795,0.0,0.0
2017-05-24 00:00:00+09:00,5550.0,5610.0,5520.0,5590.0,4820,0.0,0.0
2017-05-25 00:00:00+09:00,5590.0,5650.0,5500.0,5510.0,31929,0.0,0.0
2017-05-26 00:00:00+09:00,5520.0,5520.0,5450.0,5500.0,19978,0.0,0.0
2017-05-29 00:00:00+09:00,5500.0,5540.0,5440.0,5520.0,17689,0.0,0.0
2017-05-30 00:00:00+09:00,5520.0,5630.0,5520.0,5600.0,11192,0.0,0.0
2017-05-31 00:00:00+09:00,5570.0,5670.0,5530.0,5640.0,33621,0.0,0.0
2017-06-01 00:00:00+09:00,5680.0,5680.0,5550.0,5600.0,14472,0.0,0.0
2017-06-02 00:00:00+09:00,5650.0,5660.0,5540.0,5650.0,14089,0.0,0.0
2017-06-05 00:00:00+09:00,5650.0,5680.0,5590.0,5650.0,11245,0.0,0.0
2017-06-07 00:00:00+09:00,5670.0,5670.0,5550.0,5580.0,14957,0.0,0.0
2017-06-08 00:00:00+09:00,5590.0,5620.0,5560.0,5590.0,14774,0.0,0.0
2017-06-09 00:00:00+09:00,5590.0,5590.0,5510.0,5570.0,28282,0.0,0.0
2017-06-12 00:00:00+09:00,5540.0,5580.0,5510.0,5550.0,15190,0.0,0.0
2017-06-13 00:00:00+09:00,5530.0,5580.0,5500.0,5580.0,22095,0.0,0.0
2017-06-14 00:00:00+09:00,5580.0,5580.0,5460.0,5510.0,35988,0.0,0.0
2017-06-15 00:00:00+09:00,5510.0,5540.0,5470.0,5530.0,26978,0.0,0.0
2017-06-16 00:00:00+09:00,5540.0,5550.0,5440.0,5500.0,14889,0.0,0.0
2017-06-19 00:00:00+09:00,5500.0,5540.0,5470.0,5510.0,6678,0.0,0.0
2017-06-20 00:00:00+09:00,5510.0,5510.0,5410.0,5450.0,19356,0.0,0.0
2017-06-21 00:00:00+09:00,5450.0,5490.0,5320.0,5320.0,32892,0.0,0.0
2017-06-22 00:00:00+09:00,5320.0,5370.0,5200.0,5220.0,39995,0.0,0.0
2017-06-23 00:00:00+09:00,5220.0,5360.0,5170.0,5320.0,11584,0.0,0.0
2017-06-26 00:00:00+09:00,5320.0,5410.0,5320.0,5370.0,18352,0.0,0.0
2017-06-27 00:00:00+09:00,5300.0,5390.0,5300.0,5360.0,13520,0.0,0.0
2017-06-28 00:00:00+09:00,5360.0,5420.0,5310.0,5370.0,15710,0.0,0.0
2017-06-29 00:00:00+09:00,5370.0,5670.0,5350.0,5600.0,88277,0.0,0.0
2017-06-30 00:00:00+09:00,5590.0,5630.0,5540.0,5600.0,15576,0.0,0.0
2017-07-03 00:00:00+09:00,5610.0,5630.0,5530.0,5600.0,9948,0.0,0.0
2017-07-04 00:00:00+09:00,5610.0,5620.0,5510.0,5590.0,15243,0.0,0.0
2017-07-05 00:00:00+09:00,5590.0,5590.0,5500.0,5560.0,16348,0.0,0.0
2017-07-06 00:00:00+09:00,5560.0,5560.0,5440.0,5520.0,6241,0.0,0.0
2017-07-07 00:00:00+09:00,5520.0,5530.0,5400.0,5410.0,7662,0.0,0.0
2017-07-10 00:00:00+09:00,5500.0,5610.0,5330.0,5330.0,28280,0.0,0.0
2017-07-11 00:00:00+09:00,5330.0,5450.0,5330.0,5340.0,4597,0.0,0.0
2017-07-12 00:00:00+09:00,5350.0,5440.0,5330.0,5380.0,9269,0.0,0.0
2017-07-13 00:00:00+09:00,5380.0,5400.0,5320.0,5400.0,4310,0.0,0.0
2017-07-14 00:00:00+09:00,5390.0,5390.0,5240.0,5250.0,18311,0.0,0.0
2017-07-17 00:00:00+09:00,5280.0,5280.0,5240.0,5280.0,5844,0.0,0.0
2017-07-18 00:00:00+09:00,5280.0,5320.0,5200.0,5280.0,22549,0.0,0.0
2017-07-19 00:00:00+09:00,5280.0,5280.0,5230.0,5260.0,7562,0.0,0.0
2017-07-20 00:00:00+09:00,5230.0,5320.0,5070.0,5160.0,45633,0.0,0.0
2017-07-21 00:00:00+09:00,5160.0,5160.0,5060.0,5100.0,28765,0.0,0.0
2017-07-24 00:00:00+09:00,5100.0,5120.0,5060.0,5110.0,16312,0.0,0.0
2017-07-25 00:00:00+09:00,5110.0,5110.0,5060.0,5090.0,16346,0.0,0.0
2017-07-26 00:00:00+09:00,5050.0,5100.0,5030.0,5030.0,12142,0.0,0.0
2017-07-27 00:00:00+09:00,5030.0,5090.0,5000.0,5000.0,16099,0.0,0.0
2017-07-28 00:00:00+09:00,5000.0,5080.0,4890.0,4900.0,24591,0.0,0.0
2017-07-31 00:00:00+09:00,4900.0,4945.0,4800.0,4830.0,21326,0.0,0.0
2017-08-01 00:00:00+09:00,4820.0,4935.0,4815.0,4880.0,15540,0.0,0.0
2017-08-02 00:00:00+09:00,4870.0,4930.0,4860.0,4895.0,9372,0.0,0.0
2017-08-03 00:00:00+09:00,4890.0,4890.0,4800.0,4830.0,18355,0.0,0.0
2017-08-04 00:00:00+09:00,4830.0,4860.0,4780.0,4855.0,6687,0.0,0.0
2017-08-07 00:00:00+09:00,4855.0,4960.0,4850.0,4900.0,12569,0.0,0.0
2017-08-08 00:00:00+09:00,4945.0,4945.0,4870.0,4905.0,10317,0.0,0.0
2017-08-09 00:00:00+09:00,4905.0,4950.0,4805.0,4940.0,45206,0.0,0.0
2017-08-10 00:00:00+09:00,4935.0,4935.0,4590.0,4915.0,124235,0.0,0.0
2017-08-11 00:00:00+09:00,4885.0,4890.0,4805.0,4830.0,9142,0.0,0.0
2017-08-14 00:00:00+09:00,4730.0,4860.0,4730.0,4830.0,22410,0.0,0.0
2017-08-16 00:00:00+09:00,4780.0,4880.0,4760.0,4765.0,5265,0.0,0.0
2017-08-17 00:00:00+09:00,4765.0,4785.0,4735.0,4785.0,14325,0.0,0.0
2017-08-18 00:00:00+09:00,4780.0,4780.0,4740.0,4750.0,7009,0.0,0.0
2017-08-21 00:00:00+09:00,4750.0,4790.0,4735.0,4790.0,6219,0.0,0.0
2017-08-22 00:00:00+09:00,4790.0,4830.0,4720.0,4735.0,5238,0.0,0.0
2017-08-23 00:00:00+09:00,4735.0,4760.0,4590.0,4635.0,26064,0.0,0.0
2017-08-24 00:00:00+09:00,4635.0,4665.0,4605.0,4630.0,10165,0.0,0.0
2017-08-25 00:00:00+09:00,4800.0,5920.0,4705.0,5300.0,3609693,0.0,0.0
2017-08-28 00:00:00+09:00,5210.0,5400.0,5050.0,5110.0,524695,0.0,0.0
2017-08-29 00:00:00+09:00,5090.0,5090.0,4950.0,5010.0,173098,0.0,0.0
2017-08-30 00:00:00+09:00,4950.0,5010.0,4880.0,4965.0,132291,0.0,0.0
2017-08-31 00:00:00+09:00,5010.0,5010.0,4865.0,4865.0,108934,0.0,0.0
2017-09-01 00:00:00+09:00,4865.0,4935.0,4825.0,4885.0,72704,0.0,0.0
2017-09-04 00:00:00+09:00,4735.0,4805.0,4725.0,4745.0,64987,0.0,0.0
2017-09-05 00:00:00+09:00,4785.0,4785.0,4630.0,4730.0,60821,0.0,0.0
2017-09-06 00:00:00+09:00,4715.0,4820.0,4635.0,4730.0,31486,0.0,0.0
2017-09-07 00:00:00+09:00,4705.0,4780.0,4670.0,4730.0,35551,0.0,0.0
2017-09-08 00:00:00+09:00,4720.0,4780.0,4640.0,4710.0,35623,0.0,0.0
2017-09-11 00:00:00+09:00,4690.0,4760.0,4625.0,4650.0,32834,0.0,0.0
2017-09-12 00:00:00+09:00,4645.0,4700.0,4490.0,4530.0,88492,0.0,0.0
2017-09-13 00:00:00+09:00,4530.0,4670.0,4510.0,4535.0,23300,0.0,0.0
2017-09-14 00:00:00+09:00,4535.0,4655.0,4510.0,4650.0,50434,0.0,0.0
2017-09-15 00:00:00+09:00,4650.0,4665.0,4520.0,4535.0,22957,0.0,0.0
2017-09-18 00:00:00+09:00,4590.0,4615.0,4500.0,4500.0,38870,0.0,0.0
2017-09-19 00:00:00+09:00,4500.0,4540.0,4450.0,4470.0,28389,0.0,0.0
2017-09-20 00:00:00+09:00,4470.0,4505.0,4395.0,4395.0,22888,0.0,0.0
2017-09-21 00:00:00+09:00,4390.0,4485.0,4300.0,4460.0,43121,0.0,0.0
2017-09-25 00:00:00+09:00,4165.0,4335.0,4000.0,4305.0,88649,0.0,0.0
2017-09-26 00:00:00+09:00,4250.0,4325.0,4230.0,4285.0,13622,0.0,0.0
2017-09-27 00:00:00+09:00,4220.0,4305.0,4185.0,4220.0,25342,0.0,0.0
2017-09-28 00:00:00+09:00,4220.0,4255.0,4160.0,4160.0,5128,0.0,0.0
2017-09-29 00:00:00+09:00,4110.0,4590.0,4110.0,4380.0,67246,0.0,0.0
2017-10-10 00:00:00+09:00,4370.0,4425.0,4300.0,4380.0,17730,0.0,0.0
2017-10-11 00:00:00+09:00,4365.0,4380.0,4235.0,4290.0,9486,0.0,0.0
2017-10-12 00:00:00+09:00,4290.0,4375.0,4200.0,4205.0,22135,0.0,0.0
2017-10-13 00:00:00+09:00,4210.0,4250.0,4120.0,4170.0,12919,0.0,0.0
2017-10-16 00:00:00+09:00,4300.0,4300.0,4100.0,4140.0,20335,0.0,0.0
2017-10-17 00:00:00+09:00,4140.0,4215.0,3980.0,4010.0,52156,0.0,0.0
2017-10-18 00:00:00+09:00,4010.0,5210.0,3900.0,4680.0,1969287,0.0,0.0
2017-10-19 00:00:00+09:00,4535.0,4535.0,4250.0,4255.0,783838,0.0,0.0
2017-10-20 00:00:00+09:00,4220.0,4280.0,4110.0,4110.0,188430,0.0,0.0
2017-10-23 00:00:00+09:00,4120.0,4205.0,4065.0,4095.0,76293,0.0,0.0
2017-10-24 00:00:00+09:00,4095.0,4160.0,4045.0,4110.0,42383,0.0,0.0
2017-10-25 00:00:00+09:00,4100.0,4175.0,4090.0,4175.0,37391,0.0,0.0
2017-10-26 00:00:00+09:00,4180.0,4270.0,4145.0,4200.0,79148,0.0,0.0
2017-10-27 00:00:00+09:00,4205.0,4340.0,4185.0,4315.0,110064,0.0,0.0
2017-10-30 00:00:00+09:00,4350.0,4360.0,4250.0,4260.0,61263,0.0,0.0
2017-10-31 00:00:00+09:00,4260.0,4350.0,4250.0,4320.0,20124,0.0,0.0
2017-11-01 00:00:00+09:00,4400.0,4400.0,4290.0,4310.0,43885,0.0,0.0
2017-11-02 00:00:00+09:00,4305.0,4410.0,4280.0,4410.0,56529,0.0,0.0
2017-11-03 00:00:00+09:00,4425.0,4485.0,4370.0,4440.0,72994,0.0,0.0
2017-11-06 00:00:00+09:00,4390.0,4450.0,4340.0,4415.0,52360,0.0,0.0
2017-11-07 00:00:00+09:00,4415.0,4415.0,4310.0,4340.0,33265,0.0,0.0
2017-11-08 00:00:00+09:00,4340.0,4400.0,4265.0,4315.0,42071,0.0,0.0
2017-11-09 00:00:00+09:00,4325.0,4355.0,4280.0,4335.0,30644,0.0,0.0
2017-11-10 00:00:00+09:00,4325.0,4330.0,4260.0,4265.0,34769,0.0,0.0
2017-11-13 00:00:00+09:00,4265.0,4390.0,4240.0,4290.0,56354,0.0,0.0
2017-11-14 00:00:00+09:00,4290.0,4305.0,4260.0,4285.0,24265,0.0,0.0
2017-11-15 00:00:00+09:00,4285.0,4330.0,4225.0,4260.0,51131,0.0,0.0
2017-11-16 00:00:00+09:00,4260.0,4305.0,4205.0,4220.0,50133,0.0,0.0
2017-11-17 00:00:00+09:00,4220.0,4385.0,4220.0,4375.0,36254,0.0,0.0
2017-11-20 00:00:00+09:00,4365.0,4440.0,4335.0,4390.0,38273,0.0,0.0
2017-11-21 00:00:00+09:00,4430.0,4430.0,4355.0,4410.0,26362,0.0,0.0
2017-11-22 00:00:00+09:00,4445.0,4445.0,4345.0,4405.0,17705,0.0,0.0
2017-11-23 00:00:00+09:00,4405.0,4470.0,4365.0,4450.0,24510,0.0,0.0
2017-11-24 00:00:00+09:00,4475.0,4475.0,4370.0,4430.0,18442,0.0,0.0
2017-11-27 00:00:00+09:00,4430.0,4430.0,4375.0,4410.0,20997,0.0,0.0
2017-11-28 00:00:00+09:00,4410.0,4455.0,4305.0,4390.0,47185,0.0,0.0
2017-11-29 00:00:00+09:00,4390.0,4475.0,4300.0,4420.0,47991,0.0,0.0
2017-11-30 00:00:00+09:00,4425.0,4440.0,4350.0,4420.0,19897,0.0,0.0
2017-12-01 00:00:00+09:00,4420.0,4420.0,4315.0,4395.0,16367,0.0,0.0
2017-12-04 00:00:00+09:00,4395.0,4435.0,4295.0,4410.0,49192,0.0,0.0
2017-12-05 00:00:00+09:00,4410.0,4535.0,4385.0,4510.0,67107,0.0,0.0
2017-12-06 00:00:00+09:00,4535.0,4780.0,4535.0,4720.0,155785,0.0,0.0
2017-12-07 00:00:00+09:00,4720.0,4720.0,4610.0,4655.0,48075,0.0,0.0
2017-12-08 00:00:00+09:00,4655.0,4655.0,4515.0,4550.0,47146,0.0,0.0
2017-12-11 00:00:00+09:00,4510.0,4600.0,4470.0,4555.0,22307,0.0,0.0
2017-12-12 00:00:00+09:00,4555.0,4675.0,4500.0,4605.0,24414,0.0,0.0
2017-12-13 00:00:00+09:00,4610.0,4670.0,4560.0,4590.0,16725,0.0,0.0
2017-12-14 00:00:00+09:00,4590.0,4610.0,4455.0,4590.0,31136,0.0,0.0
2017-12-15 00:00:00+09:00,4590.0,4590.0,4505.0,4590.0,10848,0.0,0.0
2017-12-18 00:00:00+09:00,4630.0,4695.0,4520.0,4695.0,46997,0.0,0.0
2017-12-19 00:00:00+09:00,4685.0,4685.0,4540.0,4560.0,29338,0.0,0.0
2017-12-21 00:00:00+09:00,4425.0,4475.0,4100.0,4155.0,63841,0.0,0.0
2017-12-22 00:00:00+09:00,4190.0,4440.0,4185.0,4250.0,26502,0.0,0.0
2017-12-26 00:00:00+09:00,4400.0,4400.0,4250.0,4280.0,10857,0.0,0.0
2017-12-27 00:00:00+09:00,4200.0,4380.0,4200.0,4365.0,5502,0.0,0.0
2017-12-28 00:00:00+09:00,4365.0,4395.0,4300.0,4355.0,8473,0.0,0.0
2018-01-02 00:00:00+09:00,4355.0,4355.0,4210.0,4255.0,34166,0.0,0.0
2018-01-03 00:00:00+09:00,4250.0,4255.0,4195.0,4220.0,23348,0.0,0.0
2018-01-04 00:00:00+09:00,4250.0,4315.0,4225.0,4230.0,15696,0.0,0.0
2018-01-05 00:00:00+09:00,4230.0,4310.0,4220.0,4235.0,6219,0.0,0.0
2018-01-08 00:00:00+09:00,4300.0,4300.0,4190.0,4220.0,11917,0.0,0.0
2018-01-09 00:00:00+09:00,4250.0,4250.0,4190.0,4220.0,7950,0.0,0.0
2018-01-10 00:00:00+09:00,4235.0,4240.0,4195.0,4225.0,10596,0.0,0.0
2018-01-11 00:00:00+09:00,4250.0,4280.0,4195.0,4250.0,11735,0.0,0.0
2018-01-12 00:00:00+09:00,4255.0,4255.0,4150.0,4160.0,18274,0.0,0.0
2018-01-15 00:00:00+09:00,4195.0,4195.0,4100.0,4140.0,15578,0.0,0.0
2018-01-16 00:00:00+09:00,4140.0,4140.0,4110.0,4140.0,11804,0.0,0.0
2018-01-17 00:00:00+09:00,4140.0,4140.0,4075.0,4100.0,13692,0.0,0.0
2018-01-18 00:00:00+09:00,4140.0,4145.0,4065.0,4110.0,13898,0.0,0.0
2018-01-19 00:00:00+09:00,4145.0,4260.0,4115.0,4235.0,27470,0.0,0.0
2018-01-22 00:00:00+09:00,4280.0,4280.0,4175.0,4230.0,12887,0.0,0.0
2018-01-23 00:00:00+09:00,4205.0,4270.0,4205.0,4235.0,11094,0.0,0.0
2018-01-24 00:00:00+09:00,4270.0,4345.0,4260.0,4300.0,9258,0.0,0.0
2018-01-25 00:00:00+09:00,4360.0,4365.0,4285.0,4350.0,12831,0.0,0.0
2018-01-26 00:00:00+09:00,4395.0,4700.0,4395.0,4490.0,79057,0.0,0.0
2018-01-29 00:00:00+09:00,4505.0,4520.0,4435.0,4485.0,27300,0.0,0.0
2018-01-30 00:00:00+09:00,4485.0,4510.0,4460.0,4475.0,20528,0.0,0.0
2018-01-31 00:00:00+09:00,4500.0,4615.0,4465.0,4600.0,26366,0.0,0.0
2018-02-01 00:00:00+09:00,4650.0,4750.0,4600.0,4745.0,59198,0.0,0.0
2018-02-02 00:00:00+09:00,4715.0,4820.0,4650.0,4695.0,25970,0.0,0.0
2018-02-05 00:00:00+09:00,4650.0,4650.0,4500.0,4605.0,31389,0.0,0.0
2018-02-07 00:00:00+09:00,4600.0,4645.0,4450.0,4450.0,17768,0.0,0.0
2018-02-08 00:00:00+09:00,4450.0,4600.0,4450.0,4515.0,8635,0.0,0.0
2018-02-09 00:00:00+09:00,4480.0,4615.0,4400.0,4570.0,12053,0.0,0.0
2018-02-12 00:00:00+09:00,4570.0,4590.0,4315.0,4530.0,67184,0.0,0.0
2018-02-13 00:00:00+09:00,4530.0,4585.0,4375.0,4390.0,46987,0.0,0.0
2018-02-14 00:00:00+09:00,4350.0,4355.0,4160.0,4250.0,61808,0.0,0.0
2018-02-19 00:00:00+09:00,4190.0,4310.0,4190.0,4300.0,14353,0.0,0.0
2018-02-20 00:00:00+09:00,4300.0,4305.0,4220.0,4220.0,12870,0.0,0.0
2018-02-21 00:00:00+09:00,4220.0,4265.0,4205.0,4235.0,14546,0.0,0.0
2018-02-22 00:00:00+09:00,4290.0,4290.0,4200.0,4280.0,26747,0.0,0.0
2018-02-23 00:00:00+09:00,4335.0,4360.0,4180.0,4250.0,83852,0.0,0.0
2018-02-26 00:00:00+09:00,4245.0,4275.0,4210.0,4230.0,42120,0.0,0.0
2018-02-27 00:00:00+09:00,4250.0,4280.0,4220.0,4280.0,20625,0.0,0.0
2018-02-28 00:00:00+09:00,4300.0,4360.0,4275.0,4330.0,12877,0.0,0.0
2018-03-07 00:00:00+09:00,4470.0,4500.0,4335.0,4470.0,55328,0.0,0.0
2018-03-08 00:00:00+09:00,4490.0,4605.0,4415.0,4605.0,44915,0.0,0.0
2018-03-09 00:00:00+09:00,4610.0,4665.0,4565.0,4665.0,40308,0.0,0.0
2018-03-12 00:00:00+09:00,4665.0,4665.0,4535.0,4550.0,24572,0.0,0.0
2018-03-13 00:00:00+09:00,4550.0,4600.0,4530.0,4570.0,8335,0.0,0.0
2018-03-14 00:00:00+09:00,4530.0,4570.0,4450.0,4450.0,26638,0.0,0.0
2018-03-15 00:00:00+09:00,4450.0,4450.0,4385.0,4420.0,9584,0.0,0.0
2018-03-16 00:00:00+09:00,4420.0,4515.0,4400.0,4470.0,6665,0.0,0.0
2018-03-19 00:00:00+09:00,4520.0,4520.0,4455.0,4485.0,26652,0.0,0.0
2018-03-20 00:00:00+09:00,4475.0,4525.0,4475.0,4500.0,5898,0.0,0.0
2018-03-21 00:00:00+09:00,4520.0,4585.0,4460.0,4530.0,32377,0.0,0.0
2018-03-22 00:00:00+09:00,4530.0,4610.0,4530.0,4565.0,23155,0.0,0.0
2018-03-23 00:00:00+09:00,4515.0,4560.0,4450.0,4460.0,63637,0.0,0.0
2018-03-26 00:00:00+09:00,4460.0,4715.0,4460.0,4700.0,83818,0.0,0.0
2018-03-27 00:00:00+09:00,4730.0,5190.0,4700.0,4940.0,295285,0.0,0.0
2018-03-28 00:00:00+09:00,4875.0,4975.0,4800.0,4890.0,77268,0.0,0.0
2018-03-29 00:00:00+09:00,4885.0,4885.0,4665.0,4725.0,58652,0.0,0.0
2018-03-30 00:00:00+09:00,4725.0,4955.0,4650.0,4750.0,42273,0.0,0.0
2018-04-02 00:00:00+09:00,4835.0,4835.0,4695.0,4795.0,27757,0.0,0.0
2018-04-03 00:00:00+09:00,4785.0,4845.0,4740.0,4810.0,39236,0.0,0.0
2018-04-04 00:00:00+09:00,4810.0,5090.0,4810.0,5050.0,157809,0.0,0.0
2018-04-05 00:00:00+09:00,5060.0,5140.0,5000.0,5110.0,75649,0.0,0.0
2018-04-06 00:00:00+09:00,5120.0,5450.0,5030.0,5450.0,219274,0.0,0.0
2018-04-09 00:00:00+09:00,5710.0,6000.0,5010.0,5020.0,670942,0.0,0.0
2018-04-10 00:00:00+09:00,5010.0,5010.0,4830.0,4950.0,115721,0.0,0.0
2018-04-11 00:00:00+09:00,4925.0,4940.0,4800.0,4940.0,56219,0.0,0.0
2018-04-12 00:00:00+09:00,4915.0,4915.0,4790.0,4900.0,75767,0.0,0.0
2018-04-13 00:00:00+09:00,4930.0,4930.0,4830.0,4930.0,24731,0.0,0.0
2018-04-16 00:00:00+09:00,4930.0,5000.0,4850.0,5000.0,31390,0.0,0.0
2018-04-17 00:00:00+09:00,5030.0,5090.0,4935.0,5040.0,33057,0.0,0.0
2018-04-18 00:00:00+09:00,5090.0,5300.0,5000.0,5020.0,64274,0.0,0.0
2018-04-19 00:00:00+09:00,5080.0,5190.0,4965.0,5170.0,57875,0.0,0.0
2018-04-20 00:00:00+09:00,5200.0,5200.0,5050.0,5100.0,30706,0.0,0.0
2018-04-23 00:00:00+09:00,5100.0,5350.0,5060.0,5280.0,106925,0.0,0.0
2018-04-24 00:00:00+09:00,5340.0,5340.0,5100.0,5160.0,55325,0.0,0.0
2018-04-25 00:00:00+09:00,5160.0,5180.0,4950.0,5100.0,47988,0.0,0.0
2018-04-26 00:00:00+09:00,5210.0,5250.0,5110.0,5160.0,36279,0.0,0.0
2018-04-27 00:00:00+09:00,5140.0,5250.0,5110.0,5200.0,39269,0.0,0.0
2018-04-30 00:00:00+09:00,5290.0,5290.0,5080.0,5190.0,33464,0.0,0.0
2018-05-02 00:00:00+09:00,5150.0,5220.0,5060.0,5150.0,39000,0.0,0.0
2018-05-03 00:00:00+09:00,5110.0,5290.0,5100.0,5290.0,48876,0.0,0.0
2018-05-04 00:00:00+09:00,5240.0,5350.0,5150.0,5200.0,38233,0.0,0.0
2018-05-08 00:00:00+09:00,5200.0,5360.0,5200.0,5270.0,55760,0.0,0.0
2018-05-09 00:00:00+09:00,5270.0,5900.0,5230.0,5800.0,377543,0.0,0.0
2018-05-10 00:00:00+09:00,6940.0,7540.0,5970.0,5970.0,5854630,0.0,0.0
2018-05-11 00:00:00+09:00,6040.0,6350.0,5760.0,6340.0,838496,0.0,0.0
2018-05-14 00:00:00+09:00,6350.0,6480.0,6000.0,6400.0,469622,0.0,0.0
2018-05-15 00:00:00+09:00,6300.0,6410.0,6160.0,6270.0,194260,0.0,0.0
2018-05-16 00:00:00+09:00,6180.0,6180.0,5880.0,6000.0,251920,0.0,0.0
2018-05-17 00:00:00+09:00,5950.0,6130.0,5780.0,5950.0,114062,0.0,0.0
2018-05-18 00:00:00+09:00,6100.0,6500.0,5940.0,6320.0,488158,0.0,0.0
2018-05-21 00:00:00+09:00,6870.0,7920.0,6650.0,7570.0,3856623,0.0,0.0
2018-05-23 00:00:00+09:00,7410.0,7700.0,7380.0,7430.0,654587,0.0,0.0
2018-05-24 00:00:00+09:00,7440.0,7460.0,6930.0,7070.0,454741,0.0,0.0
2018-05-25 00:00:00+09:00,7010.0,7300.0,6900.0,7070.0,296988,0.0,0.0
2018-05-28 00:00:00+09:00,7120.0,7330.0,7000.0,7310.0,212269,0.0,0.0
2018-05-29 00:00:00+09:00,7320.0,7340.0,7010.0,7050.0,163130,0.0,0.0
2018-05-30 00:00:00+09:00,7100.0,7140.0,6920.0,7000.0,126068,0.0,0.0
2018-05-31 00:00:00+09:00,6990.0,7170.0,6650.0,6810.0,214068,0.0,0.0
2018-06-01 00:00:00+09:00,6700.0,6850.0,6630.0,6770.0,109883,0.0,0.0
2018-06-04 00:00:00+09:00,6780.0,6860.0,6650.0,6730.0,62805,0.0,0.0
2018-06-05 00:00:00+09:00,6690.0,7060.0,6650.0,6800.0,153341,0.0,0.0
2018-06-07 00:00:00+09:00,6810.0,7120.0,6790.0,7120.0,185792,0.0,0.0
2018-06-08 00:00:00+09:00,7080.0,7090.0,6860.0,6950.0,116209,0.0,0.0
2018-06-11 00:00:00+09:00,7000.0,7010.0,6840.0,6950.0,59536,0.0,0.0
2018-06-12 00:00:00+09:00,6910.0,6910.0,6260.0,6420.0,300764,0.0,0.0
2018-06-14 00:00:00+09:00,6350.0,7000.0,6350.0,6830.0,147736,0.0,0.0
2018-06-15 00:00:00+09:00,6830.0,6860.0,6650.0,6830.0,64720,0.0,0.0
2018-06-18 00:00:00+09:00,6760.0,7050.0,6700.0,7000.0,114755,0.0,0.0
2018-06-19 00:00:00+09:00,7050.0,7060.0,6760.0,6800.0,68539,0.0,0.0
2018-06-20 00:00:00+09:00,6810.0,6920.0,6490.0,6770.0,37088,0.0,0.0
2018-06-21 00:00:00+09:00,6720.0,6840.0,6530.0,6560.0,32859,0.0,0.0
2018-06-22 00:00:00+09:00,6450.0,6750.0,6070.0,6250.0,108112,0.0,0.0
2018-06-25 00:00:00+09:00,6330.0,6570.0,6250.0,6260.0,73885,0.0,0.0
2018-06-26 00:00:00+09:00,6260.0,6440.0,6070.0,6150.0,94769,0.0,0.0
2018-06-27 00:00:00+09:00,5990.0,5990.0,4970.0,5090.0,735914,0.0,0.0
2018-06-28 00:00:00+09:00,5020.0,5060.0,4880.0,4970.0,480712,0.0,0.0
2018-06-29 00:00:00+09:00,4910.0,5090.0,4890.0,4925.0,193783,0.0,0.0
2018-07-02 00:00:00+09:00,5040.0,5040.0,4490.0,4595.0,302445,0.0,0.0
2018-07-03 00:00:00+09:00,4600.0,4820.0,4570.0,4680.0,154439,0.0,0.0
2018-07-04 00:00:00+09:00,4680.0,5040.0,4670.0,5020.0,113504,0.0,0.0
2018-07-05 00:00:00+09:00,5080.0,5080.0,4940.0,4955.0,74797,0.0,0.0
2018-07-06 00:00:00+09:00,5030.0,5130.0,4945.0,5060.0,68142,0.0,0.0
2018-07-09 00:00:00+09:00,5010.0,5200.0,4960.0,4995.0,94377,0.0,0.0
2018-07-10 00:00:00+09:00,5130.0,5130.0,4815.0,4995.0,85369,0.0,0.0
2018-07-11 00:00:00+09:00,5060.0,5080.0,4915.0,5010.0,66797,0.0,0.0
2018-07-12 00:00:00+09:00,5010.0,5290.0,5010.0,5220.0,143744,0.0,0.0
2018-07-13 00:00:00+09:00,5250.0,5430.0,5250.0,5420.0,191098,0.0,0.0
2018-07-16 00:00:00+09:00,5450.0,6150.0,5290.0,6050.0,865428,0.0,0.0
2018-07-17 00:00:00+09:00,6070.0,7240.0,5930.0,6340.0,1148035,0.0,0.0
2018-07-18 00:00:00+09:00,6250.0,6910.0,6250.0,6530.0,703046,0.0,0.0
2018-07-19 00:00:00+09:00,6550.0,6870.0,6130.0,6480.0,321779,0.0,0.0
2018-07-20 00:00:00+09:00,6450.0,6700.0,6300.0,6300.0,138297,0.0,0.0
2018-07-23 00:00:00+09:00,6500.0,6610.0,5860.0,5900.0,204467,0.0,0.0
2018-07-24 00:00:00+09:00,5810.0,6130.0,5450.0,5480.0,269516,0.0,0.0
2018-07-25 00:00:00+09:00,5480.0,5800.0,5070.0,5230.0,206478,0.0,0.0
2018-07-26 00:00:00+09:00,5120.0,5300.0,5110.0,5210.0,157288,0.0,0.0
2018-07-27 00:00:00+09:00,5210.0,5480.0,5200.0,5400.0,170332,0.0,0.0
2018-07-30 00:00:00+09:00,5600.0,6030.0,5330.0,5440.0,240275,0.0,0.0
2018-07-31 00:00:00+09:00,5440.0,5510.0,5390.0,5390.0,68882,0.0,0.0
2018-08-01 00:00:00+09:00,5370.0,5490.0,5300.0,5490.0,108849,0.0,0.0
2018-08-02 00:00:00+09:00,5490.0,5580.0,5380.0,5540.0,69443,0.0,0.0
2018-08-03 00:00:00+09:00,5540.0,5560.0,5410.0,5450.0,55276,0.0,0.0
2018-08-06 00:00:00+09:00,5450.0,5530.0,5410.0,5500.0,57867,0.0,0.0
2018-08-07 00:00:00+09:00,5550.0,5550.0,5430.0,5460.0,27225,0.0,0.0
2018-08-08 00:00:00+09:00,5460.0,5460.0,5320.0,5350.0,45235,0.0,0.0
2018-08-09 00:00:00+09:00,5360.0,5450.0,5100.0,5200.0,109495,0.0,0.0
2018-08-10 00:00:00+09:00,5160.0,5270.0,5000.0,5180.0,68349,0.0,0.0
2018-08-13 00:00:00+09:00,5240.0,5250.0,4860.0,5000.0,77085,0.0,0.0
2018-08-14 00:00:00+09:00,4960.0,5240.0,4960.0,5100.0,86518,0.0,0.0
2018-08-16 00:00:00+09:00,5000.0,5090.0,4810.0,4810.0,174919,0.0,0.0
2018-08-17 00:00:00+09:00,4810.0,5290.0,4800.0,5000.0,175696,0.0,0.0
2018-08-20 00:00:00+09:00,4995.0,5100.0,4820.0,4960.0,109981,0.0,0.0
2018-08-21 00:00:00+09:00,4960.0,4995.0,4840.0,4950.0,48192,0.0,0.0
2018-08-22 00:00:00+09:00,4950.0,4965.0,4850.0,4850.0,59948,0.0,0.0
2018-08-23 00:00:00+09:00,4850.0,4850.0,4700.0,4750.0,91209,0.0,0.0
2018-08-24 00:00:00+09:00,4750.0,4900.0,4725.0,4800.0,143134,0.0,0.0
2018-08-27 00:00:00+09:00,4800.0,4835.0,4625.0,4715.0,129740,0.0,0.0
2018-08-28 00:00:00+09:00,4710.0,5170.0,4710.0,4950.0,331192,0.0,0.0
2018-08-29 00:00:00+09:00,4995.0,4995.0,4750.0,4800.0,148363,0.0,0.0
2018-08-30 00:00:00+09:00,4800.0,4800.0,4480.0,4520.0,280044,0.0,0.0
2018-08-31 00:00:00+09:00,4530.0,4535.0,4240.0,4300.0,328344,0.0,0.0
2018-09-03 00:00:00+09:00,4240.0,4430.0,4170.0,4370.0,273221,0.0,0.0
2018-09-04 00:00:00+09:00,4365.0,4365.0,4220.0,4220.0,113993,0.0,0.0
2018-09-05 00:00:00+09:00,4220.0,4285.0,4210.0,4230.0,96080,0.0,0.0
2018-09-06 00:00:00+09:00,4190.0,4260.0,4190.0,4195.0,71541,0.0,0.0
2018-09-07 00:00:00+09:00,4230.0,4310.0,4185.0,4275.0,101337,0.0,0.0
2018-09-10 00:00:00+09:00,4290.0,4330.0,4250.0,4320.0,80168,0.0,0.0
2018-09-11 00:00:00+09:00,4280.0,4635.0,4280.0,4610.0,224271,0.0,0.0
2018-09-12 00:00:00+09:00,4575.0,4690.0,4540.0,4605.0,150941,0.0,0.0
2018-09-13 00:00:00+09:00,4605.0,4650.0,4510.0,4540.0,150091,0.0,0.0
2018-09-14 00:00:00+09:00,4550.0,4665.0,4545.0,4590.0,133023,0.0,0.0
2018-09-17 00:00:00+09:00,4580.0,4640.0,4500.0,4500.0,70018,0.0,0.0
2018-09-18 00:00:00+09:00,4485.0,4500.0,4355.0,4430.0,73395,0.0,0.0
2018-09-19 00:00:00+09:00,4430.0,4485.0,4270.0,4310.0,62459,0.0,0.0
2018-09-20 00:00:00+09:00,4310.0,4330.0,4000.0,4075.0,192460,0.0,0.0
2018-09-21 00:00:00+09:00,4055.0,4150.0,3930.0,4150.0,107137,0.0,0.0
2018-09-27 00:00:00+09:00,4150.0,4150.0,3970.0,4020.0,151669,0.0,0.0
2018-09-28 00:00:00+09:00,4020.0,4065.0,3980.0,4065.0,86423,0.0,0.0
2018-10-01 00:00:00+09:00,4065.0,4065.0,3945.0,3945.0,55332,0.0,0.0
2018-10-02 00:00:00+09:00,3935.0,4000.0,3900.0,3900.0,91128,0.0,0.0
2018-10-04 00:00:00+09:00,3850.0,3900.0,3705.0,3765.0,84077,0.0,0.0
2018-10-05 00:00:00+09:00,3720.0,3870.0,3720.0,3755.0,37800,0.0,0.0
2018-10-08 00:00:00+09:00,3795.0,3795.0,3710.0,3715.0,32520,0.0,0.0
2018-10-10 00:00:00+09:00,3715.0,3775.0,3555.0,3560.0,49683,0.0,0.0
2018-10-11 00:00:00+09:00,3495.0,3555.0,3205.0,3250.0,135753,0.0,0.0
2018-10-12 00:00:00+09:00,3020.0,3430.0,3020.0,3400.0,74002,0.0,0.0
2018-10-15 00:00:00+09:00,3320.0,3450.0,3245.0,3395.0,41170,0.0,0.0
2018-10-16 00:00:00+09:00,3305.0,3620.0,3300.0,3445.0,119818,0.0,0.0
2018-10-17 00:00:00+09:00,3395.0,3490.0,3395.0,3410.0,50029,0.0,0.0
2018-10-18 00:00:00+09:00,3410.0,3440.0,3380.0,3400.0,20166,0.0,0.0
2018-10-19 00:00:00+09:00,3400.0,3400.0,3330.0,3350.0,30921,0.0,0.0
2018-10-22 00:00:00+09:00,3305.0,3350.0,3255.0,3300.0,30219,0.0,0.0
2018-10-23 00:00:00+09:00,3300.0,3305.0,3100.0,3165.0,40130,0.0,0.0
2018-10-24 00:00:00+09:00,3295.0,3620.0,3105.0,3150.0,142824,0.0,0.0
2018-10-25 00:00:00+09:00,3040.0,3100.0,3000.0,3045.0,53327,0.0,0.0
2018-10-26 00:00:00+09:00,3025.0,3080.0,2870.0,2920.0,55296,0.0,0.0
2018-10-29 00:00:00+09:00,2900.0,3050.0,2515.0,2620.0,84960,0.0,0.0
2018-10-30 00:00:00+09:00,2500.0,2885.0,2325.0,2720.0,207455,0.0,0.0
2018-10-31 00:00:00+09:00,2710.0,3535.0,2710.0,3535.0,733446,0.0,0.0
2018-11-01 00:00:00+09:00,3765.0,4140.0,3520.0,3635.0,1331862,0.0,0.0
2018-11-02 00:00:00+09:00,3635.0,3700.0,3545.0,3660.0,367431,0.0,0.0
2018-11-05 00:00:00+09:00,3620.0,3620.0,3455.0,3470.0,159750,0.0,0.0
2018-11-06 00:00:00+09:00,3515.0,3660.0,3475.0,3570.0,238396,0.0,0.0
2018-11-07 00:00:00+09:00,3615.0,3630.0,3350.0,3450.0,118910,0.0,0.0
2018-11-08 00:00:00+09:00,3500.0,3585.0,3430.0,3580.0,148327,0.0,0.0
2018-11-09 00:00:00+09:00,3590.0,3820.0,3550.0,3755.0,478033,0.0,0.0
2018-11-12 00:00:00+09:00,3710.0,3710.0,3465.0,3500.0,212365,0.0,0.0
2018-11-13 00:00:00+09:00,3400.0,3400.0,3125.0,3310.0,96436,0.0,0.0
2018-11-14 00:00:00+09:00,3280.0,3375.0,3210.0,3300.0,56975,0.0,0.0
2018-11-15 00:00:00+09:00,3390.0,3450.0,3215.0,3440.0,85689,0.0,0.0
2018-11-16 00:00:00+09:00,3440.0,3950.0,3395.0,3785.0,675034,0.0,0.0
2018-11-19 00:00:00+09:00,3820.0,4095.0,3730.0,3825.0,593929,0.0,0.0
2018-11-20 00:00:00+09:00,3775.0,3835.0,3660.0,3835.0,135109,0.0,0.0
2018-11-21 00:00:00+09:00,3810.0,3810.0,3680.0,3750.0,86645,0.0,0.0
2018-11-22 00:00:00+09:00,3690.0,3720.0,3520.0,3550.0,96907,0.0,0.0
2018-11-23 00:00:00+09:00,3525.0,3575.0,3450.0,3450.0,53531,0.0,0.0
2018-11-26 00:00:00+09:00,3380.0,3425.0,3270.0,3380.0,64007,0.0,0.0
2018-11-27 00:00:00+09:00,3405.0,3685.0,3380.0,3590.0,111837,0.0,0.0
2018-11-28 00:00:00+09:00,3640.0,4500.0,3550.0,4040.0,4258291,0.0,0.0
2018-11-29 00:00:00+09:00,3995.0,4085.0,3880.0,3980.0,698759,0.0,0.0
2018-11-30 00:00:00+09:00,3950.0,4475.0,3930.0,4240.0,3521781,0.0,0.0
2018-12-03 00:00:00+09:00,4260.0,4300.0,4140.0,4300.0,545267,0.0,0.0
2018-12-04 00:00:00+09:00,4340.0,4480.0,4250.0,4280.0,653745,0.0,0.0
2018-12-05 00:00:00+09:00,4150.0,4280.0,4105.0,4160.0,148832,0.0,0.0
2018-12-06 00:00:00+09:00,4160.0,4170.0,3780.0,3810.0,407664,0.0,0.0
2018-12-07 00:00:00+09:00,3850.0,4295.0,3800.0,3805.0,1006119,0.0,0.0
2018-12-10 00:00:00+09:00,3800.0,3890.0,3485.0,3565.0,213508,0.0,0.0
2018-12-11 00:00:00+09:00,3600.0,3650.0,3400.0,3490.0,172343,0.0,0.0
2018-12-12 00:00:00+09:00,3525.0,3735.0,3500.0,3595.0,166643,0.0,0.0
2018-12-13 00:00:00+09:00,3660.0,3820.0,3560.0,3585.0,151989,0.0,0.0
2018-12-14 00:00:00+09:00,3585.0,3610.0,3405.0,3465.0,146151,0.0,0.0
2018-12-17 00:00:00+09:00,3465.0,3490.0,3245.0,3280.0,179058,0.0,0.0
2018-12-18 00:00:00+09:00,3280.0,3375.0,3215.0,3265.0,77604,0.0,0.0
2018-12-19 00:00:00+09:00,3265.0,3520.0,3230.0,3500.0,114042,0.0,0.0
2018-12-20 00:00:00+09:00,3495.0,3495.0,3205.0,3320.0,97687,0.0,0.0
2018-12-21 00:00:00+09:00,3320.0,3430.0,3300.0,3330.0,46447,0.0,0.0
2018-12-24 00:00:00+09:00,3280.0,3510.0,3280.0,3290.0,87668,0.0,0.0
2018-12-26 00:00:00+09:00,3170.0,3295.0,3170.0,3235.0,59569,0.0,0.0
2018-12-27 00:00:00+09:00,3235.0,3320.0,3230.0,3250.0,34744,0.0,0.0
2018-12-28 00:00:00+09:00,3250.0,3465.0,3250.0,3315.0,46807,0.0,0.0
2019-01-02 00:00:00+09:00,3350.0,3415.0,3305.0,3315.0,51482,0.0,0.0
2019-01-03 00:00:00+09:00,3315.0,3480.0,3315.0,3380.0,65300,0.0,0.0
2019-01-04 00:00:00+09:00,3385.0,3450.0,3260.0,3355.0,21277,0.0,0.0
2019-01-07 00:00:00+09:00,3390.0,3410.0,3310.0,3335.0,32805,0.0,0.0
2019-01-08 00:00:00+09:00,3335.0,3415.0,3320.0,3370.0,67911,0.0,0.0
2019-01-09 00:00:00+09:00,3400.0,3470.0,3370.0,3435.0,78866,0.0,0.0
2019-01-10 00:00:00+09:00,3440.0,3585.0,3400.0,3400.0,82775,0.0,0.0
2019-01-11 00:00:00+09:00,3425.0,3765.0,3425.0,3485.0,335258,0.0,0.0
2019-01-14 00:00:00+09:00,3505.0,3535.0,3415.0,3535.0,111267,0.0,0.0
2019-01-15 00:00:00+09:00,3495.0,3560.0,3455.0,3545.0,84795,0.0,0.0
2019-01-16 00:00:00+09:00,3530.0,3650.0,3510.0,3595.0,113428,0.0,0.0
2019-01-17 00:00:00+09:00,3725.0,3910.0,3580.0,3600.0,258829,0.0,0.0
2019-01-18 00:00:00+09:00,3585.0,3795.0,3585.0,3700.0,117466,0.0,0.0
2019-01-21 00:00:00+09:00,3945.0,3945.0,3710.0,3740.0,299560,0.0,0.0
2019-01-22 00:00:00+09:00,3785.0,3795.0,3695.0,3790.0,95360,0.0,0.0
2019-01-23 00:00:00+09:00,3790.0,3800.0,3730.0,3770.0,55694,0.0,0.0
2019-01-24 00:00:00+09:00,3720.0,3745.0,3650.0,3655.0,101466,0.0,0.0
2019-01-25 00:00:00+09:00,3650.0,3750.0,3650.0,3715.0,67310,0.0,0.0
2019-01-28 00:00:00+09:00,3770.0,3770.0,3700.0,3730.0,53568,0.0,0.0
2019-01-29 00:00:00+09:00,3760.0,3765.0,3670.0,3690.0,52094,0.0,0.0
2019-01-30 00:00:00+09:00,3675.0,3900.0,3675.0,3820.0,170917,0.0,0.0
2019-01-31 00:00:00+09:00,3820.0,3890.0,3675.0,3780.0,111505,0.0,0.0
2019-02-01 00:00:00+09:00,3775.0,3825.0,3695.0,3700.0,54157,0.0,0.0
2019-02-07 00:00:00+09:00,3795.0,3795.0,3650.0,3690.0,49781,0.0,0.0
2019-02-08 00:00:00+09:00,3660.0,3725.0,3660.0,3725.0,42131,0.0,0.0
2019-02-11 00:00:00+09:00,3725.0,3740.0,3680.0,3690.0,27250,0.0,0.0
2019-02-12 00:00:00+09:00,3680.0,3830.0,3680.0,3740.0,105466,0.0,0.0
2019-02-13 00:00:00+09:00,3815.0,3815.0,3660.0,3740.0,52458,0.0,0.0
2019-02-14 00:00:00+09:00,3740.0,3890.0,3735.0,3890.0,177649,0.0,0.0
2019-02-15 00:00:00+09:00,3970.0,3975.0,3850.0,3900.0,180878,0.0,0.0
2019-02-18 00:00:00+09:00,3900.0,3900.0,3790.0,3860.0,88149,0.0,0.0
2019-02-19 00:00:00+09:00,4140.0,4380.0,3805.0,3870.0,704521,0.0,0.0
2019-02-20 00:00:00+09:00,3870.0,3965.0,3855.0,3885.0,109144,0.0,0.0
2019-02-21 00:00:00+09:00,3885.0,3975.0,3830.0,3930.0,111098,0.0,0.0
2019-02-22 00:00:00+09:00,3910.0,3970.0,3855.0,3870.0,99981,0.0,0.0
2019-02-25 00:00:00+09:00,3850.0,4015.0,3820.0,3960.0,274112,0.0,0.0
2019-02-26 00:00:00+09:00,3970.0,4080.0,3940.0,3945.0,162727,0.0,0.0
2019-02-27 00:00:00+09:00,3945.0,4005.0,3940.0,3985.0,40248,0.0,0.0
2019-02-28 00:00:00+09:00,3950.0,3985.0,3740.0,3740.0,155942,0.0,0.0
2019-03-04 00:00:00+09:00,3750.0,3900.0,3750.0,3840.0,53484,0.0,0.0
2019-03-05 00:00:00+09:00,3840.0,3940.0,3840.0,3940.0,74059,0.0,0.0
2019-03-06 00:00:00+09:00,3975.0,3980.0,3870.0,3880.0,65687,0.0,0.0
2019-03-07 00:00:00+09:00,3900.0,4010.0,3880.0,3905.0,111076,0.0,0.0
2019-03-08 00:00:00+09:00,3895.0,3950.0,3880.0,3880.0,69596,0.0,0.0
2019-03-11 00:00:00+09:00,3880.0,3940.0,3795.0,3845.0,64430,0.0,0.0
2019-03-12 00:00:00+09:00,3920.0,3920.0,3825.0,3910.0,47565,0.0,0.0
2019-03-13 00:00:00+09:00,3930.0,3930.0,3855.0,3890.0,25389,0.0,0.0
2019-03-14 00:00:00+09:00,3930.0,4025.0,3895.0,4000.0,132941,0.0,0.0
2019-03-15 00:00:00+09:00,4030.0,4040.0,3860.0,3885.0,106278,0.0,0.0
2019-03-18 00:00:00+09:00,3940.0,4120.0,3895.0,3945.0,391740,0.0,0.0
2019-03-19 00:00:00+09:00,3935.0,4040.0,3935.0,3960.0,112553,0.0,0.0
2019-03-20 00:00:00+09:00,3960.0,3995.0,3810.0,3840.0,129439,0.0,0.0
2019-03-21 00:00:00+09:00,3840.0,3950.0,3830.0,3845.0,42783,0.0,0.0
2019-03-22 00:00:00+09:00,3910.0,3910.0,3850.0,3855.0,29864,0.0,0.0
2019-03-25 00:00:00+09:00,3685.0,3915.0,3680.0,3775.0,86907,0.0,0.0
2019-03-26 00:00:00+09:00,3775.0,3790.0,3670.0,3670.0,101095,0.0,0.0
2019-03-27 00:00:00+09:00,3725.0,3725.0,3430.0,3580.0,129981,0.0,0.0
2019-03-28 00:00:00+09:00,3650.0,3650.0,3510.0,3510.0,55779,0.0,0.0
2019-03-29 00:00:00+09:00,3510.0,3570.0,3375.0,3460.0,71913,0.0,0.0
2019-04-01 00:00:00+09:00,3450.0,3925.0,3450.0,3580.0,384544,0.0,0.0
2019-04-02 00:00:00+09:00,3585.0,3630.0,3540.0,3580.0,61644,0.0,0.0
2019-04-03 00:00:00+09:00,3575.0,3680.0,3555.0,3590.0,72720,0.0,0.0
2019-04-04 00:00:00+09:00,3665.0,3735.0,3620.0,3710.0,58872,0.0,0.0
2019-04-05 00:00:00+09:00,3725.0,3775.0,3660.0,3770.0,54318,0.0,0.0
2019-04-08 00:00:00+09:00,3770.0,3845.0,3685.0,3770.0,52339,0.0,0.0
2019-04-09 00:00:00+09:00,3790.0,3790.0,3710.0,3750.0,47203,0.0,0.0
2019-04-10 00:00:00+09:00,3770.0,3785.0,3725.0,3750.0,49262,0.0,0.0
2019-04-11 00:00:00+09:00,3765.0,3790.0,3735.0,3770.0,41266,0.0,0.0
2019-04-12 00:00:00+09:00,3830.0,3890.0,3775.0,3830.0,75118,0.0,0.0
2019-04-15 00:00:00+09:00,3870.0,3870.0,3720.0,3830.0,59395,0.0,0.0
2019-04-16 00:00:00+09:00,3815.0,3835.0,3730.0,3760.0,32208,0.0,0.0
2019-04-17 00:00:00+09:00,3760.0,3835.0,3760.0,3800.0,36513,0.0,0.0
2019-04-18 00:00:00+09:00,3820.0,3820.0,3705.0,3730.0,24152,0.0,0.0
2019-04-19 00:00:00+09:00,3730.0,3880.0,3690.0,3835.0,82881,0.0,0.0
2019-04-22 00:00:00+09:00,3810.0,3880.0,3795.0,3850.0,42614,0.0,0.0
2019-04-23 00:00:00+09:00,3870.0,3870.0,3790.0,3810.0,32432,0.0,0.0
2019-04-24 00:00:00+09:00,3830.0,3865.0,3780.0,3865.0,75190,0.0,0.0
2019-04-25 00:00:00+09:00,4200.0,4350.0,3830.0,3830.0,1080668,0.0,0.0
2019-04-26 00:00:00+09:00,3830.0,3850.0,3720.0,3765.0,96428,0.0,0.0
2019-04-29 00:00:00+09:00,3790.0,3910.0,3695.0,3700.0,92119,0.0,0.0
2019-04-30 00:00:00+09:00,3700.0,3700.0,3560.0,3605.0,85979,0.0,0.0
2019-05-02 00:00:00+09:00,3620.0,3685.0,3600.0,3665.0,66651,0.0,0.0
2019-05-03 00:00:00+09:00,3655.0,3720.0,3650.0,3700.0,23116,0.0,0.0
2019-05-07 00:00:00+09:00,3600.0,3650.0,3565.0,3635.0,52266,0.0,0.0
2019-05-08 00:00:00+09:00,3600.0,3680.0,3555.0,3660.0,63065,0.0,0.0
2019-05-09 00:00:00+09:00,3675.0,3675.0,3500.0,3520.0,118202,0.0,0.0
2019-05-10 00:00:00+09:00,3520.0,3560.0,3395.0,3520.0,74842,0.0,0.0
2019-05-13 00:00:00+09:00,3475.0,3575.0,3415.0,3460.0,53634,0.0,0.0
2019-05-14 00:00:00+09:00,3400.0,3515.0,3385.0,3470.0,50414,0.0,0.0
2019-05-15 00:00:00+09:00,3470.0,3560.0,3450.0,3540.0,31366,0.0,0.0
2019-05-16 00:00:00+09:00,3550.0,3610.0,3450.0,3450.0,49772,0.0,0.0
2019-05-17 00:00:00+09:00,3440.0,3505.0,3405.0,3460.0,32955,0.0,0.0
2019-05-20 00:00:00+09:00,3490.0,3490.0,3350.0,3395.0,44443,0.0,0.0
2019-05-21 00:00:00+09:00,3425.0,3465.0,3355.0,3405.0,28266,0.0,0.0
2019-05-22 00:00:00+09:00,3380.0,3420.0,3350.0,3370.0,20866,0.0,0.0
2019-05-23 00:00:00+09:00,3390.0,3390.0,3220.0,3260.0,55860,0.0,0.0
2019-05-24 00:00:00+09:00,3230.0,3280.0,3220.0,3220.0,24097,0.0,0.0
2019-05-27 00:00:00+09:00,3205.0,3285.0,3205.0,3250.0,13922,0.0,0.0
2019-05-28 00:00:00+09:00,3210.0,3330.0,3210.0,3315.0,19792,0.0,0.0
2019-05-29 00:00:00+09:00,3325.0,3350.0,3240.0,3315.0,41259,0.0,0.0
2019-05-30 00:00:00+09:00,3315.0,3365.0,3285.0,3355.0,30070,0.0,0.0
2019-05-31 00:00:00+09:00,3355.0,3420.0,3325.0,3405.0,23816,0.0,0.0
2019-06-03 00:00:00+09:00,3400.0,3425.0,3365.0,3415.0,14378,0.0,0.0
2019-06-04 00:00:00+09:00,3425.0,3460.0,3345.0,3395.0,18988,0.0,0.0
2019-06-05 00:00:00+09:00,3405.0,3405.0,3335.0,3370.0,31748,0.0,0.0
2019-06-07 00:00:00+09:00,3375.0,3375.0,3335.0,3365.0,36050,0.0,0.0
2019-06-10 00:00:00+09:00,3355.0,3415.0,3210.0,3350.0,52228,0.0,0.0
2019-06-11 00:00:00+09:00,3350.0,3460.0,3350.0,3420.0,36967,0.0,0.0
2019-06-12 00:00:00+09:00,3440.0,3445.0,3360.0,3420.0,19051,0.0,0.0
2019-06-13 00:00:00+09:00,3420.0,3445.0,3400.0,3440.0,27364,0.0,0.0
2019-06-14 00:00:00+09:00,3440.0,3475.0,3410.0,3445.0,25299,0.0,0.0
2019-06-17 00:00:00+09:00,3450.0,3450.0,3400.0,3410.0,28530,0.0,0.0
2019-06-18 00:00:00+09:00,3380.0,3445.0,3375.0,3380.0,19211,0.0,0.0
2019-06-19 00:00:00+09:00,3400.0,3405.0,3350.0,3360.0,28028,0.0,0.0
2019-06-20 00:00:00+09:00,3350.0,3370.0,3340.0,3355.0,18075,0.0,0.0
2019-06-21 00:00:00+09:00,3355.0,3435.0,3355.0,3385.0,40034,0.0,0.0
2019-06-24 00:00:00+09:00,3390.0,3400.0,3350.0,3370.0,35911,0.0,0.0
2019-06-25 00:00:00+09:00,3380.0,3380.0,3340.0,3370.0,38215,0.0,0.0
2019-06-26 00:00:00+09:00,3390.0,3390.0,3330.0,3335.0,23344,0.0,0.0
2019-06-27 00:00:00+09:00,3325.0,3350.0,3295.0,3335.0,27829,0.0,0.0
2019-06-28 00:00:00+09:00,3330.0,3360.0,3270.0,3275.0,19630,0.0,0.0
2019-07-01 00:00:00+09:00,3215.0,3350.0,3215.0,3320.0,26467,0.0,0.0
2019-07-02 00:00:00+09:00,3340.0,3340.0,3295.0,3320.0,22898,0.0,0.0
2019-07-03 00:00:00+09:00,3335.0,3350.0,3310.0,3310.0,7498,0.0,0.0
2019-07-04 00:00:00+09:00,3300.0,3330.0,3280.0,3310.0,59245,0.0,0.0
2019-07-05 00:00:00+09:00,3325.0,3325.0,3285.0,3315.0,8123,0.0,0.0
2019-07-08 00:00:00+09:00,3320.0,3320.0,3225.0,3225.0,44939,0.0,0.0
2019-07-09 00:00:00+09:00,3215.0,3285.0,3145.0,3180.0,37438,0.0,0.0
2019-07-10 00:00:00+09:00,3180.0,3240.0,3180.0,3200.0,8206,0.0,0.0
2019-07-11 00:00:00+09:00,3210.0,3250.0,3200.0,3240.0,30044,0.0,0.0
2019-07-12 00:00:00+09:00,3255.0,3260.0,3225.0,3240.0,10970,0.0,0.0
2019-07-15 00:00:00+09:00,3255.0,3255.0,3205.0,3225.0,8815,0.0,0.0
2019-07-16 00:00:00+09:00,3245.0,3345.0,3205.0,3295.0,31620,0.0,0.0
2019-07-17 00:00:00+09:00,3295.0,3380.0,3260.0,3315.0,50182,0.0,0.0
2019-07-18 00:00:00+09:00,3310.0,3380.0,3260.0,3310.0,28181,0.0,0.0
2019-07-19 00:00:00+09:00,3285.0,3365.0,3285.0,3365.0,24359,0.0,0.0
2019-07-22 00:00:00+09:00,3350.0,3350.0,3270.0,3315.0,11606,0.0,0.0
2019-07-23 00:00:00+09:00,3330.0,3330.0,3225.0,3240.0,33855,0.0,0.0
2019-07-24 00:00:00+09:00,3255.0,3300.0,3230.0,3285.0,19413,0.0,0.0
2019-07-25 00:00:00+09:00,3285.0,3295.0,3210.0,3275.0,30978,0.0,0.0
2019-07-26 00:00:00+09:00,3290.0,3290.0,3175.0,3175.0,17223,0.0,0.0
2019-07-29 00:00:00+09:00,3185.0,3210.0,3015.0,3035.0,55282,0.0,0.0
2019-07-30 00:00:00+09:00,2950.0,3050.0,2860.0,3050.0,47156,0.0,0.0
2019-07-31 00:00:00+09:00,3050.0,3070.0,2940.0,2995.0,19782,0.0,0.0
2019-08-01 00:00:00+09:00,2955.0,3100.0,2955.0,3050.0,10981,0.0,0.0
2019-08-02 00:00:00+09:00,3050.0,3050.0,2850.0,3010.0,31869,0.0,0.0
2019-08-05 00:00:00+09:00,2975.0,3000.0,2770.0,2810.0,58056,0.0,0.0
2019-08-06 00:00:00+09:00,2700.0,2800.0,2430.0,2610.0,78164,0.0,0.0
2019-08-07 00:00:00+09:00,2600.0,2770.0,2600.0,2685.0,29930,0.0,0.0
2019-08-08 00:00:00+09:00,2675.0,2800.0,2675.0,2785.0,11240,0.0,0.0
2019-08-09 00:00:00+09:00,2790.0,2900.0,2790.0,2885.0,15803,0.0,0.0
2019-08-12 00:00:00+09:00,2850.0,2900.0,2840.0,2890.0,19108,0.0,0.0
2019-08-13 00:00:00+09:00,2820.0,2890.0,2810.0,2875.0,24880,0.0,0.0
2019-08-14 00:00:00+09:00,2875.0,2960.0,2875.0,2900.0,6454,0.0,0.0
2019-08-16 00:00:00+09:00,2900.0,2905.0,2845.0,2870.0,9345,0.0,0.0
2019-08-19 00:00:00+09:00,2880.0,2935.0,2795.0,2795.0,23444,0.0,0.0
2019-08-20 00:00:00+09:00,2750.0,2835.0,2750.0,2830.0,36196,0.0,0.0
2019-08-21 00:00:00+09:00,2835.0,2895.0,2820.0,2820.0,20479,0.0,0.0
2019-08-22 00:00:00+09:00,2830.0,2865.0,2760.0,2830.0,22629,0.0,0.0
2019-08-23 00:00:00+09:00,2800.0,2835.0,2710.0,2825.0,19933,0.0,0.0
2019-08-26 00:00:00+09:00,2760.0,2810.0,2720.0,2730.0,12745,0.0,0.0
2019-08-27 00:00:00+09:00,2730.0,2800.0,2730.0,2765.0,4239,0.0,0.0
2019-08-28 00:00:00+09:00,2765.0,2950.0,2650.0,2865.0,40974,0.0,0.0
2019-08-29 00:00:00+09:00,2890.0,2950.0,2865.0,2950.0,51500,0.0,0.0
2019-08-30 00:00:00+09:00,2965.0,2970.0,2910.0,2955.0,25825,0.0,0.0
2019-09-02 00:00:00+09:00,2995.0,3100.0,2965.0,3075.0,15288,0.0,0.0
2019-09-03 00:00:00+09:00,3075.0,3090.0,2940.0,2950.0,36156,0.0,0.0
2019-09-04 00:00:00+09:00,2965.0,3040.0,2965.0,3040.0,15739,0.0,0.0
2019-09-05 00:00:00+09:00,3050.0,3090.0,3035.0,3050.0,2894,0.0,0.0
2019-09-06 00:00:00+09:00,3065.0,3095.0,3040.0,3065.0,6005,0.0,0.0
2019-09-09 00:00:00+09:00,3085.0,3085.0,2945.0,3050.0,29797,0.0,0.0
2019-09-10 00:00:00+09:00,3060.0,3115.0,3050.0,3095.0,6086,0.0,0.0
2019-09-11 00:00:00+09:00,3115.0,3160.0,3090.0,3140.0,20883,0.0,0.0
2019-09-16 00:00:00+09:00,3125.0,3170.0,3125.0,3160.0,4079,0.0,0.0
2019-09-17 00:00:00+09:00,3180.0,3190.0,3145.0,3165.0,17135,0.0,0.0
2019-09-18 00:00:00+09:00,3185.0,3185.0,3090.0,3130.0,34711,0.0,0.0
2019-09-19 00:00:00+09:00,3135.0,3160.0,3120.0,3125.0,5215,0.0,0.0
2019-09-20 00:00:00+09:00,3125.0,3170.0,3120.0,3160.0,13426,0.0,0.0
2019-09-23 00:00:00+09:00,3180.0,3180.0,3125.0,3160.0,10158,0.0,0.0
2019-09-24 00:00:00+09:00,3180.0,3180.0,3125.0,3160.0,6600,0.0,0.0
2019-09-25 00:00:00+09:00,3160.0,3160.0,3090.0,3120.0,21584,0.0,0.0
2019-09-26 00:00:00+09:00,3135.0,3155.0,3060.0,3105.0,13450,0.0,0.0
2019-09-27 00:00:00+09:00,3120.0,3120.0,3065.0,3105.0,5796,0.0,0.0
2019-09-30 00:00:00+09:00,3105.0,3120.0,3040.0,3065.0,9729,0.0,0.0
2019-10-01 00:00:00+09:00,3080.0,3080.0,3050.0,3060.0,3066,0.0,0.0
2019-10-02 00:00:00+09:00,3055.0,3080.0,3025.0,3055.0,2527,0.0,0.0
2019-10-04 00:00:00+09:00,3075.0,3075.0,3005.0,3045.0,6399,0.0,0.0
2019-10-07 00:00:00+09:00,3065.0,3065.0,2870.0,2895.0,16938,0.0,0.0
2019-10-08 00:00:00+09:00,2875.0,2940.0,2805.0,2890.0,14257,0.0,0.0
2019-10-10 00:00:00+09:00,2860.0,2895.0,2815.0,2880.0,6821,0.0,0.0
2019-10-11 00:00:00+09:00,2880.0,2895.0,2845.0,2885.0,4185,0.0,0.0
2019-10-14 00:00:00+09:00,2895.0,2910.0,2855.0,2890.0,6968,0.0,0.0
2019-10-15 00:00:00+09:00,2895.0,2920.0,2865.0,2910.0,33241,0.0,0.0
2019-10-16 00:00:00+09:00,2915.0,2940.0,2885.0,2935.0,8601,0.0,0.0
2019-10-17 00:00:00+09:00,2950.0,2990.0,2935.0,2935.0,10850,0.0,0.0
2019-10-18 00:00:00+09:00,2945.0,2985.0,2910.0,2935.0,11464,0.0,0.0
2019-10-21 00:00:00+09:00,2935.0,2950.0,2895.0,2895.0,16781,0.0,0.0
2019-10-22 00:00:00+09:00,2885.0,2910.0,2780.0,2795.0,44837,0.0,0.0
2019-10-23 00:00:00+09:00,2780.0,2810.0,2685.0,2740.0,83600,0.0,0.0
2019-10-24 00:00:00+09:00,2650.0,2690.0,2545.0,2655.0,206253,0.0,0.0
2019-10-25 00:00:00+09:00,2655.0,2845.0,2655.0,2770.0,60315,0.0,0.0
2019-10-28 00:00:00+09:00,2790.0,2815.0,2700.0,2755.0,15574,0.0,0.0
2019-10-29 00:00:00+09:00,2770.0,2825.0,2700.0,2735.0,41603,0.0,0.0
2019-10-30 00:00:00+09:00,2735.0,2775.0,2655.0,2775.0,55111,0.0,0.0
2019-10-31 00:00:00+09:00,2770.0,2805.0,2740.0,2760.0,44899,0.0,0.0
2019-11-01 00:00:00+09:00,2760.0,2775.0,2750.0,2755.0,10548,0.0,0.0
2019-11-04 00:00:00+09:00,2775.0,2820.0,2770.0,2815.0,56179,0.0,0.0
2019-11-05 00:00:00+09:00,2815.0,2820.0,2770.0,2785.0,32665,0.0,0.0
2019-11-06 00:00:00+09:00,2800.0,2835.0,2770.0,2795.0,29282,0.0,0.0
2019-11-07 00:00:00+09:00,2810.0,2875.0,2785.0,2860.0,31688,0.0,0.0
2019-11-08 00:00:00+09:00,2870.0,2885.0,2830.0,2850.0,38827,0.0,0.0
2019-11-11 00:00:00+09:00,2850.0,2855.0,2820.0,2840.0,18983,0.0,0.0
2019-11-12 00:00:00+09:00,2840.0,2855.0,2805.0,2825.0,12801,0.0,0.0
2019-11-13 00:00:00+09:00,2825.0,2845.0,2805.0,2820.0,15658,0.0,0.0
2019-11-14 00:00:00+09:00,2820.0,2820.0,2735.0,2775.0,447058,0.0,0.0
2019-11-15 00:00:00+09:00,2780.0,2880.0,2755.0,2875.0,75141,0.0,0.0
2019-11-18 00:00:00+09:00,2870.0,2870.0,2770.0,2805.0,25816,0.0,0.0
2019-11-19 00:00:00+09:00,2800.0,2805.0,2720.0,2740.0,15399,0.0,0.0
2019-11-20 00:00:00+09:00,2740.0,2770.0,2640.0,2665.0,25583,0.0,0.0
2019-11-21 00:00:00+09:00,2665.0,2740.0,2635.0,2700.0,25553,0.0,0.0
2019-11-22 00:00:00+09:00,2710.0,2710.0,2650.0,2665.0,26252,0.0,0.0
2019-11-25 00:00:00+09:00,2680.0,2685.0,2645.0,2660.0,26975,0.0,0.0
2019-11-26 00:00:00+09:00,2665.0,2760.0,2660.0,2705.0,35730,0.0,0.0
2019-11-27 00:00:00+09:00,2735.0,2750.0,2670.0,2700.0,12560,0.0,0.0
2019-11-28 00:00:00+09:00,2705.0,2710.0,2675.0,2700.0,21055,0.0,0.0
2019-11-29 00:00:00+09:00,2700.0,2705.0,2660.0,2695.0,26618,0.0,0.0
2019-12-02 00:00:00+09:00,2695.0,2740.0,2665.0,2740.0,88108,0.0,0.0
2019-12-03 00:00:00+09:00,2960.0,3230.0,2615.0,2640.0,943183,0.0,0.0
2019-12-04 00:00:00+09:00,2630.0,2630.0,2525.0,2530.0,128561,0.0,0.0
2019-12-05 00:00:00+09:00,2580.0,2595.0,2460.0,2510.0,40996,0.0,0.0
2019-12-06 00:00:00+09:00,2515.0,2595.0,2475.0,2595.0,27461,0.0,0.0
2019-12-09 00:00:00+09:00,2570.0,2650.0,2555.0,2650.0,69102,0.0,0.0
2019-12-10 00:00:00+09:00,2605.0,2640.0,2590.0,2620.0,20510,0.0,0.0
2019-12-11 00:00:00+09:00,2620.0,2655.0,2565.0,2620.0,57520,0.0,0.0
2019-12-12 00:00:00+09:00,2620.0,2670.0,2620.0,2650.0,16521,0.0,0.0
2019-12-13 00:00:00+09:00,2665.0,2690.0,2645.0,2670.0,27527,0.0,0.0
2019-12-16 00:00:00+09:00,2710.0,2710.0,2610.0,2655.0,58635,0.0,0.0
2019-12-17 00:00:00+09:00,2625.0,2700.0,2605.0,2605.0,43615,0.0,0.0
2019-12-18 00:00:00+09:00,2605.0,2630.0,2560.0,2600.0,29974,0.0,0.0
2019-12-19 00:00:00+09:00,2590.0,2710.0,2590.0,2640.0,83932,0.0,0.0
2019-12-20 00:00:00+09:00,2655.0,2695.0,2630.0,2650.0,20187,0.0,0.0
2019-12-23 00:00:00+09:00,2650.0,2680.0,2565.0,2585.0,26939,0.0,0.0
2019-12-24 00:00:00+09:00,2575.0,2620.0,2565.0,2565.0,16524,0.0,0.0
2019-12-26 00:00:00+09:00,2530.0,2630.0,2530.0,2610.0,12474,0.0,0.0
2019-12-27 00:00:00+09:00,2620.0,2620.0,2580.0,2600.0,5900,0.0,0.0
2019-12-30 00:00:00+09:00,2600.0,2650.0,2590.0,2645.0,57965,0.0,0.0
2020-01-02 00:00:00+09:00,2635.0,2690.0,2630.0,2630.0,52160,0.0,0.0
2020-01-03 00:00:00+09:00,2645.0,2650.0,2600.0,2600.0,40590,0.0,0.0
2020-01-06 00:00:00+09:00,2600.0,2635.0,2590.0,2605.0,35046,0.0,0.0
2020-01-07 00:00:00+09:00,2620.0,2650.0,2595.0,2625.0,13825,0.0,0.0
2020-01-08 00:00:00+09:00,2635.0,2635.0,2530.0,2580.0,39319,0.0,0.0
2020-01-09 00:00:00+09:00,2580.0,2640.0,2570.0,2615.0,16700,0.0,0.0
2020-01-10 00:00:00+09:00,2615.0,2645.0,2595.0,2625.0,20732,0.0,0.0
2020-01-13 00:00:00+09:00,2640.0,2700.0,2625.0,2660.0,38638,0.0,0.0
2020-01-14 00:00:00+09:00,2640.0,2695.0,2640.0,2675.0,15098,0.0,0.0
2020-01-15 00:00:00+09:00,2705.0,2740.0,2660.0,2710.0,44070,0.0,0.0
2020-01-16 00:00:00+09:00,2720.0,2775.0,2720.0,2775.0,51351,0.0,0.0
2020-01-17 00:00:00+09:00,2775.0,2890.0,2775.0,2830.0,56091,0.0,0.0
2020-01-20 00:00:00+09:00,2820.0,2870.0,2745.0,2760.0,75227,0.0,0.0
2020-01-21 00:00:00+09:00,2750.0,2825.0,2745.0,2800.0,27878,0.0,0.0
2020-01-22 00:00:00+09:00,2770.0,2830.0,2770.0,2825.0,20029,0.0,0.0
2020-01-23 00:00:00+09:00,2840.0,2840.0,2765.0,2795.0,40044,0.0,0.0
2020-01-28 00:00:00+09:00,2695.0,2790.0,2690.0,2725.0,23827,0.0,0.0
2020-01-29 00:00:00+09:00,2715.0,2750.0,2695.0,2710.0,28971,0.0,0.0
2020-01-30 00:00:00+09:00,2740.0,2755.0,2680.0,2740.0,25115,0.0,0.0
2020-01-31 00:00:00+09:00,2760.0,2760.0,2650.0,2675.0,33647,0.0,0.0
2020-02-03 00:00:00+09:00,2740.0,2740.0,2620.0,2660.0,19537,0.0,0.0
2020-02-04 00:00:00+09:00,2670.0,2690.0,2660.0,2660.0,44826,0.0,0.0
2020-02-05 00:00:00+09:00,2665.0,2705.0,2640.0,2660.0,30895,0.0,0.0
2020-02-06 00:00:00+09:00,2665.0,2705.0,2645.0,2660.0,31811,0.0,0.0
2020-02-07 00:00:00+09:00,2685.0,2700.0,2640.0,2660.0,35996,0.0,0.0
2020-02-10 00:00:00+09:00,2660.0,2675.0,2640.0,2650.0,23296,0.0,0.0
2020-02-11 00:00:00+09:00,2705.0,2725.0,2640.0,2675.0,71754,0.0,0.0
2020-02-12 00:00:00+09:00,2680.0,2945.0,2680.0,2845.0,145056,0.0,0.0
2020-02-13 00:00:00+09:00,2840.0,2845.0,2780.0,2825.0,63711,0.0,0.0
2020-02-14 00:00:00+09:00,2820.0,2905.0,2770.0,2905.0,173484,0.0,0.0
2020-02-17 00:00:00+09:00,2820.0,2830.0,2770.0,2790.0,71929,0.0,0.0
2020-02-18 00:00:00+09:00,2820.0,2820.0,2750.0,2800.0,37448,0.0,0.0
2020-02-19 00:00:00+09:00,2790.0,2825.0,2770.0,2785.0,35839,0.0,0.0
2020-02-20 00:00:00+09:00,2785.0,2880.0,2760.0,2880.0,76893,0.0,0.0
2020-02-21 00:00:00+09:00,2795.0,2820.0,2730.0,2735.0,61423,0.0,0.0
2020-02-24 00:00:00+09:00,2715.0,2780.0,2655.0,2670.0,30075,0.0,0.0
2020-02-25 00:00:00+09:00,2690.0,2690.0,2635.0,2665.0,30912,0.0,0.0
2020-02-26 00:00:00+09:00,2625.0,2685.0,2560.0,2595.0,27492,0.0,0.0
2020-02-27 00:00:00+09:00,2620.0,2620.0,2540.0,2590.0,50327,0.0,0.0
2020-02-28 00:00:00+09:00,2560.0,2575.0,2400.0,2475.0,49577,0.0,0.0
2020-03-02 00:00:00+09:00,2475.0,2720.0,2475.0,2575.0,43126,0.0,0.0
2020-03-03 00:00:00+09:00,2580.0,2640.0,2580.0,2600.0,11629,0.0,0.0
2020-03-04 00:00:00+09:00,2600.0,2670.0,2600.0,2640.0,38560,0.0,0.0
2020-03-05 00:00:00+09:00,2685.0,2685.0,2575.0,2670.0,40044,0.0,0.0
2020-03-06 00:00:00+09:00,2600.0,2635.0,2570.0,2615.0,14635,0.0,0.0
2020-03-09 00:00:00+09:00,2610.0,2610.0,2520.0,2555.0,15816,0.0,0.0
2020-03-10 00:00:00+09:00,2545.0,2570.0,2490.0,2490.0,35082,0.0,0.0
2020-03-11 00:00:00+09:00,2520.0,2540.0,2465.0,2490.0,9484,0.0,0.0
2020-03-12 00:00:00+09:00,2470.0,2535.0,2100.0,2170.0,131205,0.0,0.0
2020-03-13 00:00:00+09:00,1850.0,1920.0,1605.0,1630.0,1100630,0.0,0.0
2020-03-16 00:00:00+09:00,1720.0,1730.0,1355.0,1355.0,878647,0.0,0.0
2020-03-17 00:00:00+09:00,1230.0,1475.0,1230.0,1470.0,271103,0.0,0.0
2020-03-18 00:00:00+09:00,1480.0,1525.0,1430.0,1475.0,102718,0.0,0.0
2020-03-19 00:00:00+09:00,1475.0,1500.0,1240.0,1320.0,160610,0.0,0.0
2020-03-20 00:00:00+09:00,1255.0,1490.0,1255.0,1490.0,103860,0.0,0.0
2020-03-23 00:00:00+09:00,1470.0,1490.0,1395.0,1490.0,41141,0.0,0.0
2020-03-24 00:00:00+09:00,1490.0,1620.0,1490.0,1580.0,44549,0.0,0.0
2020-03-25 00:00:00+09:00,1600.0,1635.0,1555.0,1590.0,49716,0.0,0.0
2020-03-26 00:00:00+09:00,1595.0,1700.0,1590.0,1640.0,64350,0.0,0.0
2020-03-27 00:00:00+09:00,1645.0,1735.0,1630.0,1660.0,44564,0.0,0.0
2020-03-30 00:00:00+09:00,1640.0,1765.0,1600.0,1765.0,58630,0.0,0.0
2020-03-31 00:00:00+09:00,1750.0,1805.0,1680.0,1785.0,45320,0.0,0.0
2020-04-01 00:00:00+09:00,1770.0,1865.0,1755.0,1775.0,58989,0.0,0.0
2020-04-02 00:00:00+09:00,1795.0,1810.0,1730.0,1775.0,28633,0.0,0.0
2020-04-03 00:00:00+09:00,1825.0,1835.0,1775.0,1800.0,46810,0.0,0.0
2020-04-06 00:00:00+09:00,1800.0,1890.0,1800.0,1880.0,61033,0.0,0.0
2020-04-07 00:00:00+09:00,1900.0,1925.0,1860.0,1920.0,89094,0.0,0.0
2020-04-08 00:00:00+09:00,1900.0,2285.0,1875.0,2030.0,281628,0.0,0.0
2020-04-09 00:00:00+09:00,2045.0,2185.0,2045.0,2060.0,157688,0.0,0.0
2020-04-10 00:00:00+09:00,2140.0,2140.0,2000.0,2125.0,66362,0.0,0.0
2020-04-13 00:00:00+09:00,2125.0,2130.0,2080.0,2115.0,32529,0.0,0.0
2020-04-14 00:00:00+09:00,2120.0,2180.0,2045.0,2170.0,75022,0.0,0.0
2020-04-16 00:00:00+09:00,2170.0,2180.0,2120.0,2140.0,9665,0.0,0.0
2020-04-17 00:00:00+09:00,2105.0,2170.0,2090.0,2170.0,44326,0.0,0.0
2020-04-20 00:00:00+09:00,2195.0,2200.0,2115.0,2165.0,12009,0.0,0.0
2020-04-21 00:00:00+09:00,2140.0,2165.0,1980.0,2015.0,71959,0.0,0.0
2020-04-22 00:00:00+09:00,2015.0,2020.0,1910.0,1980.0,19585,0.0,0.0
2020-04-23 00:00:00+09:00,1970.0,2110.0,1970.0,2110.0,48171,0.0,0.0
2020-04-24 00:00:00+09:00,2100.0,2100.0,2025.0,2080.0,9425,0.0,0.0
2020-04-27 00:00:00+09:00,2050.0,2100.0,2050.0,2080.0,12938,0.0,0.0
2020-04-28 00:00:00+09:00,2080.0,2100.0,2040.0,2080.0,20612,0.0,0.0
2020-04-29 00:00:00+09:00,2095.0,2500.0,2080.0,2150.0,313315,0.0,0.0
2020-05-04 00:00:00+09:00,2150.0,2690.0,2105.0,2230.0,724020,0.0,0.0
2020-05-06 00:00:00+09:00,2295.0,2300.0,2235.0,2280.0,123912,0.0,0.0
2020-05-07 00:00:00+09:00,2280.0,2355.0,2260.0,2340.0,60679,0.0,0.0
2020-05-08 00:00:00+09:00,2345.0,2890.0,2345.0,2505.0,3151004,0.0,0.0
2020-05-11 00:00:00+09:00,2485.0,2650.0,2470.0,2575.0,275455,0.0,0.0
2020-05-12 00:00:00+09:00,2575.0,2590.0,2490.0,2490.0,93381,0.0,0.0
2020-05-13 00:00:00+09:00,2490.0,2660.0,2420.0,2620.0,108406,0.0,0.0
2020-05-14 00:00:00+09:00,2650.0,2755.0,2620.0,2645.0,202717,0.0,0.0
2020-05-15 00:00:00+09:00,2655.0,2675.0,2515.0,2570.0,74085,0.0,0.0
2020-05-18 00:00:00+09:00,2575.0,2625.0,2520.0,2610.0,49983,0.0,0.0
2020-05-19 00:00:00+09:00,2615.0,2655.0,2585.0,2625.0,38418,0.0,0.0
2020-05-20 00:00:00+09:00,2595.0,2700.0,2595.0,2670.0,63087,0.0,0.0
2020-05-21 00:00:00+09:00,2675.0,2750.0,2620.0,2620.0,44406,0.0,0.0
2020-05-22 00:00:00+09:00,2700.0,2700.0,2535.0,2575.0,31622,0.0,0.0
2020-05-25 00:00:00+09:00,2550.0,2640.0,2525.0,2540.0,34165,0.0,0.0
2020-05-26 00:00:00+09:00,2545.0,2610.0,2525.0,2565.0,29206,0.0,0.0
2020-05-27 00:00:00+09:00,2565.0,2610.0,2535.0,2565.0,36122,0.0,0.0
2020-05-28 00:00:00+09:00,2560.0,2615.0,2475.0,2560.0,26282,0.0,0.0
2020-05-29 00:00:00+09:00,2610.0,2610.0,2515.0,2580.0,11260,0.0,0.0
2020-06-01 00:00:00+09:00,2580.0,2635.0,2520.0,2540.0,38986,0.0,0.0
2020-06-02 00:00:00+09:00,2540.0,2565.0,2500.0,2555.0,60334,0.0,0.0
2020-06-03 00:00:00+09:00,2540.0,2625.0,2540.0,2545.0,64393,0.0,0.0
2020-06-04 00:00:00+09:00,2545.0,2605.0,2545.0,2585.0,16720,0.0,0.0
2020-06-05 00:00:00+09:00,2600.0,2630.0,2570.0,2575.0,24410,0.0,0.0
2020-06-08 00:00:00+09:00,2580.0,2635.0,2575.0,2620.0,56288,0.0,0.0
2020-06-09 00:00:00+09:00,2600.0,2635.0,2575.0,2580.0,35473,0.0,0.0
2020-06-10 00:00:00+09:00,2580.0,2630.0,2565.0,2630.0,60875,0.0,0.0
2020-06-11 00:00:00+09:00,2640.0,3060.0,2580.0,2895.0,1841656,0.0,0.0
2020-06-12 00:00:00+09:00,2715.0,2890.0,2710.0,2860.0,253330,0.0,0.0
2020-06-15 00:00:00+09:00,2860.0,2980.0,2760.0,2900.0,255575,0.0,0.0
2020-06-16 00:00:00+09:00,2920.0,3650.0,2920.0,3415.0,6914420,0.0,0.0
2020-06-17 00:00:00+09:00,3525.0,3525.0,3330.0,3485.0,744931,0.0,0.0
2020-06-18 00:00:00+09:00,3440.0,3595.0,3295.0,3500.0,499038,0.0,0.0
2020-06-19 00:00:00+09:00,3500.0,3730.0,3435.0,3695.0,700992,0.0,0.0
2020-06-22 00:00:00+09:00,3745.0,3860.0,3565.0,3750.0,361490,0.0,0.0
2020-06-23 00:00:00+09:00,3735.0,3735.0,3420.0,3545.0,340721,0.0,0.0
2020-06-24 00:00:00+09:00,3570.0,3570.0,3165.0,3215.0,312866,0.0,0.0
2020-06-25 00:00:00+09:00,3215.0,3295.0,3100.0,3270.0,234167,0.0,0.0
2020-06-26 00:00:00+09:00,3260.0,3345.0,3245.0,3275.0,105649,0.0,0.0
2020-06-29 00:00:00+09:00,3200.0,3355.0,3200.0,3335.0,89446,0.0,0.0
2020-06-30 00:00:00+09:00,3320.0,3350.0,3105.0,3350.0,104111,0.0,0.0
2020-07-01 00:00:00+09:00,3310.0,3480.0,3310.0,3465.0,103481,0.0,0.0
2020-07-02 00:00:00+09:00,3550.0,3800.0,3465.0,3530.0,167821,0.0,0.0
2020-07-03 00:00:00+09:00,3530.0,3625.0,3490.0,3615.0,95358,0.0,0.0
2020-07-06 00:00:00+09:00,3575.0,3670.0,3420.0,3610.0,48951,0.0,0.0
2020-07-07 00:00:00+09:00,3625.0,3725.0,3460.0,3540.0,100704,0.0,0.0
2020-07-08 00:00:00+09:00,3540.0,3595.0,3490.0,3515.0,39334,0.0,0.0
2020-07-09 00:00:00+09:00,3510.0,3635.0,3390.0,3440.0,76760,0.0,0.0
2020-07-10 00:00:00+09:00,3470.0,3570.0,3400.0,3535.0,92279,0.0,0.0
2020-07-13 00:00:00+09:00,3545.0,3600.0,3480.0,3590.0,67453,0.0,0.0
2020-07-14 00:00:00+09:00,3580.0,3580.0,3410.0,3470.0,55105,0.0,0.0
2020-07-15 00:00:00+09:00,3510.0,3550.0,3350.0,3465.0,68605,0.0,0.0
2020-07-16 00:00:00+09:00,3500.0,3530.0,3380.0,3460.0,41023,0.0,0.0
2020-07-17 00:00:00+09:00,3420.0,3450.0,3330.0,3400.0,51097,0.0,0.0
2020-07-20 00:00:00+09:00,3490.0,3490.0,3155.0,3250.0,112482,0.0,0.0
2020-07-21 00:00:00+09:00,3270.0,3335.0,3175.0,3300.0,88811,0.0,0.0
2020-07-22 00:00:00+09:00,3255.0,3330.0,3150.0,3160.0,49957,0.0,0.0
2020-07-23 00:00:00+09:00,3160.0,3260.0,3070.0,3210.0,67253,0.0,0.0
2020-07-24 00:00:00+09:00,3190.0,3230.0,3050.0,3190.0,83737,0.0,0.0
2020-07-27 00:00:00+09:00,3160.0,3470.0,3155.0,3260.0,143621,0.0,0.0
2020-07-28 00:00:00+09:00,3290.0,3400.0,3265.0,3275.0,39507,0.0,0.0
2020-07-29 00:00:00+09:00,3275.0,3360.0,3175.0,3255.0,60488,0.0,0.0
2020-07-30 00:00:00+09:00,3205.0,3430.0,3205.0,3320.0,46379,0.0,0.0
2020-07-31 00:00:00+09:00,3320.0,3390.0,3260.0,3320.0,28617,0.0,0.0
2020-08-03 00:00:00+09:00,3290.0,3450.0,3135.0,3200.0,74180,0.0,0.0
2020-08-04 00:00:00+09:00,3175.0,3200.0,3050.0,3060.0,54286,0.0,0.0
2020-08-05 00:00:00+09:00,3020.0,3060.0,2955.0,3060.0,58360,0.0,0.0
2020-08-06 00:00:00+09:00,3060.0,3075.0,3000.0,3060.0,22394,0.0,0.0
2020-08-07 00:00:00+09:00,3055.0,3055.0,2945.0,2970.0,40901,0.0,0.0
2020-08-10 00:00:00+09:00,2980.0,3275.0,2980.0,3150.0,238408,0.0,0.0
2020-08-11 00:00:00+09:00,3155.0,3190.0,3085.0,3115.0,38523,0.0,0.0
2020-08-12 00:00:00+09:00,3130.0,3670.0,3050.0,3225.0,716227,0.0,0.0
2020-08-13 00:00:00+09:00,3300.0,3300.0,3165.0,3195.0,90917,0.0,0.0
2020-08-14 00:00:00+09:00,3200.0,3300.0,3190.0,3255.0,86046,0.0,0.0
2020-08-18 00:00:00+09:00,3295.0,3295.0,3050.0,3260.0,123428,0.0,0.0
2020-08-19 00:00:00+09:00,3230.0,3275.0,3150.0,3260.0,77866,0.0,0.0
2020-08-20 00:00:00+09:00,3255.0,3255.0,3055.0,3235.0,108805,0.0,0.0
2020-08-21 00:00:00+09:00,3235.0,3400.0,3220.0,3255.0,308084,0.0,0.0
2020-08-24 00:00:00+09:00,3305.0,3360.0,3205.0,3255.0,102742,0.0,0.0
2020-08-25 00:00:00+09:00,3240.0,3240.0,3085.0,3130.0,188613,0.0,0.0
2020-08-26 00:00:00+09:00,3130.0,3130.0,3020.0,3070.0,62260,0.0,0.0
2020-08-27 00:00:00+09:00,3070.0,3085.0,2990.0,3035.0,65932,0.0,0.0
2020-08-28 00:00:00+09:00,3035.0,3110.0,3020.0,3080.0,37040,0.0,0.0
2020-08-31 00:00:00+09:00,3120.0,3240.0,3050.0,3200.0,153124,0.0,0.0
2020-09-01 00:00:00+09:00,3200.0,3220.0,3075.0,3085.0,72294,0.0,0.0
2020-09-02 00:00:00+09:00,3090.0,3110.0,2885.0,2900.0,242260,0.0,0.0
2020-09-03 00:00:00+09:00,2925.0,2980.0,2880.0,2930.0,74164,0.0,0.0
2020-09-04 00:00:00+09:00,2780.0,2915.0,2745.0,2830.0,110447,0.0,0.0
2020-09-07 00:00:00+09:00,2830.0,2830.0,2740.0,2795.0,129352,0.0,0.0
2020-09-08 00:00:00+09:00,2795.0,2795.0,2695.0,2735.0,105577,0.0,0.0
2020-09-09 00:00:00+09:00,2695.0,2730.0,2655.0,2685.0,70289,0.0,0.0
2020-09-10 00:00:00+09:00,2685.0,2775.0,2675.0,2730.0,63925,0.0,0.0
2020-09-11 00:00:00+09:00,2765.0,2800.0,2700.0,2700.0,88929,0.0,0.0
2020-09-14 00:00:00+09:00,2655.0,2800.0,2635.0,2730.0,105391,0.0,0.0
2020-09-15 00:00:00+09:00,2750.0,2825.0,2680.0,2820.0,143176,0.0,0.0
2020-09-16 00:00:00+09:00,2855.0,2910.0,2780.0,2800.0,154160,0.0,0.0
2020-09-17 00:00:00+09:00,2800.0,2820.0,2700.0,2740.0,64340,0.0,0.0
2020-09-18 00:00:00+09:00,2765.0,2805.0,2665.0,2735.0,59489,0.0,0.0
2020-09-21 00:00:00+09:00,2735.0,2850.0,2575.0,2685.0,75552,0.0,0.0
2020-09-22 00:00:00+09:00,2635.0,2675.0,2510.0,2675.0,109311,0.0,0.0
2020-09-23 00:00:00+09:00,2650.0,2690.0,2540.0,2600.0,46841,0.0,0.0
2020-09-24 00:00:00+09:00,2585.0,2585.0,2380.0,2400.0,90876,0.0,0.0
2020-09-25 00:00:00+09:00,2400.0,2465.0,2380.0,2390.0,47224,0.0,0.0
2020-09-28 00:00:00+09:00,2390.0,2650.0,2390.0,2525.0,77753,0.0,0.0
2020-09-29 00:00:00+09:00,2595.0,2715.0,2550.0,2675.0,63629,0.0,0.0
2020-10-05 00:00:00+09:00,2675.0,2700.0,2645.0,2695.0,42418,0.0,0.0
2020-10-06 00:00:00+09:00,2695.0,2740.0,2615.0,2720.0,45707,0.0,0.0
2020-10-07 00:00:00+09:00,2720.0,2745.0,2650.0,2735.0,92561,0.0,0.0
2020-10-08 00:00:00+09:00,2740.0,2745.0,2670.0,2720.0,73990,0.0,0.0
2020-10-12 00:00:00+09:00,2720.0,2730.0,2655.0,2690.0,39742,0.0,0.0
2020-10-13 00:00:00+09:00,2695.0,2740.0,2660.0,2685.0,67440,0.0,0.0
2020-10-14 00:00:00+09:00,2685.0,2735.0,2600.0,2625.0,113523,0.0,0.0
2020-10-15 00:00:00+09:00,2645.0,2800.0,2580.0,2635.0,66223,0.0,0.0
2020-10-16 00:00:00+09:00,2615.0,2655.0,2535.0,2635.0,84656,0.0,0.0
2020-10-19 00:00:00+09:00,2635.0,2730.0,2630.0,2690.0,62214,0.0,0.0
2020-10-20 00:00:00+09:00,2645.0,2790.0,2575.0,2790.0,92361,0.0,0.0
2020-10-21 00:00:00+09:00,2765.0,2830.0,2720.0,2815.0,83463,0.0,0.0
2020-10-22 00:00:00+09:00,2820.0,2975.0,2785.0,2920.0,211595,0.0,0.0
2020-10-23 00:00:00+09:00,2925.0,3400.0,2900.0,3135.0,832236,0.0,0.0
2020-10-26 00:00:00+09:00,3140.0,3200.0,3005.0,3010.0,179866,0.0,0.0
2020-10-27 00:00:00+09:00,2970.0,3275.0,2970.0,3165.0,321118,0.0,0.0
2020-10-28 00:00:00+09:00,3115.0,3300.0,3115.0,3290.0,231122,0.0,0.0
2020-10-29 00:00:00+09:00,3200.0,3330.0,3200.0,3320.0,179679,0.0,0.0
2020-10-30 00:00:00+09:00,3300.0,3395.0,3125.0,3245.0,154181,0.0,0.0
2020-11-02 00:00:00+09:00,3210.0,3245.0,3030.0,3140.0,123765,0.0,0.0
2020-11-03 00:00:00+09:00,3140.0,3140.0,3000.0,3055.0,129500,0.0,0.0
2020-11-04 00:00:00+09:00,3055.0,3055.0,2900.0,2950.0,118911,0.0,0.0
2020-11-05 00:00:00+09:00,2965.0,3175.0,2915.0,3175.0,112067,0.0,0.0
2020-11-06 00:00:00+09:00,3165.0,3200.0,3100.0,3200.0,76815,0.0,0.0
2020-11-09 00:00:00+09:00,3170.0,3235.0,3125.0,3190.0,80357,0.0,0.0
2020-11-10 00:00:00+09:00,3200.0,3200.0,3080.0,3160.0,37425,0.0,0.0
2020-11-11 00:00:00+09:00,3160.0,3160.0,3020.0,3070.0,81704,0.0,0.0
2020-11-12 00:00:00+09:00,3135.0,3180.0,3060.0,3150.0,68705,0.0,0.0
2020-11-13 00:00:00+09:00,3170.0,3170.0,3080.0,3115.0,35403,0.0,0.0
2020-11-16 00:00:00+09:00,3110.0,3110.0,3020.0,3030.0,28817,0.0,0.0
2020-11-17 00:00:00+09:00,3030.0,3030.0,2890.0,3030.0,95758,0.0,0.0
2020-11-18 00:00:00+09:00,2950.0,3050.0,2950.0,3035.0,38104,0.0,0.0
2020-11-19 00:00:00+09:00,3010.0,3045.0,2950.0,3000.0,33680,0.0,0.0
2020-11-20 00:00:00+09:00,3010.0,3015.0,2940.0,2985.0,26171,0.0,0.0
2020-11-23 00:00:00+09:00,2995.0,3000.0,2955.0,2980.0,8733,0.0,0.0
2020-11-24 00:00:00+09:00,2980.0,2990.0,2915.0,2975.0,31770,0.0,0.0
2020-11-25 00:00:00+09:00,2965.0,3000.0,2880.0,2925.0,66086,0.0,0.0
2020-11-26 00:00:00+09:00,2950.0,3100.0,2895.0,2925.0,35465,0.0,0.0
2020-11-27 00:00:00+09:00,2950.0,3035.0,2890.0,3015.0,43452,0.0,0.0
2020-11-30 00:00:00+09:00,3020.0,3020.0,2900.0,2900.0,63203,0.0,0.0
2020-12-01 00:00:00+09:00,2895.0,3100.0,2890.0,3100.0,69260,0.0,0.0
2020-12-02 00:00:00+09:00,3105.0,3920.0,3095.0,3630.0,8156340,0.0,0.0
2020-12-03 00:00:00+09:00,3555.0,3605.0,3420.0,3510.0,1013067,0.0,0.0
2020-12-04 00:00:00+09:00,3510.0,3510.0,3405.0,3450.0,527190,0.0,0.0
2020-12-07 00:00:00+09:00,3430.0,3465.0,3205.0,3330.0,710656,0.0,0.0
2020-12-08 00:00:00+09:00,3295.0,3345.0,3235.0,3235.0,186256,0.0,0.0
2020-12-09 00:00:00+09:00,3270.0,3325.0,3185.0,3300.0,247099,0.0,0.0
2020-12-10 00:00:00+09:00,3235.0,3310.0,3205.0,3275.0,108182,0.0,0.0
2020-12-11 00:00:00+09:00,3290.0,3365.0,3240.0,3365.0,336671,0.0,0.0
2020-12-14 00:00:00+09:00,3485.0,3485.0,3270.0,3285.0,534391,0.0,0.0
2020-12-15 00:00:00+09:00,3280.0,3300.0,3185.0,3235.0,147157,0.0,0.0
2020-12-16 00:00:00+09:00,3235.0,3255.0,3170.0,3240.0,59304,0.0,0.0
2020-12-17 00:00:00+09:00,3240.0,3260.0,3150.0,3250.0,118451,0.0,0.0
2020-12-18 00:00:00+09:00,3240.0,3315.0,3235.0,3280.0,99038,0.0,0.0
2020-12-21 00:00:00+09:00,3280.0,3315.0,3205.0,3210.0,76443,0.0,0.0
2020-12-22 00:00:00+09:00,3205.0,3245.0,3035.0,3125.0,227110,0.0,0.0
2020-12-23 00:00:00+09:00,3120.0,3215.0,3025.0,3130.0,60065,0.0,0.0
2020-12-24 00:00:00+09:00,3070.0,3125.0,3055.0,3075.0,50946,0.0,0.0
2020-12-28 00:00:00+09:00,3075.0,3095.0,2985.0,3010.0,57929,0.0,0.0
2020-12-29 00:00:00+09:00,3000.0,3155.0,3000.0,3155.0,63145,0.0,0.0
2020-12-30 00:00:00+09:00,3165.0,3265.0,3155.0,3230.0,93512,0.0,0.0
2021-01-04 00:00:00+09:00,3230.0,3640.0,3230.0,3520.0,1573079,0.0,0.0
2021-01-05 00:00:00+09:00,3460.0,4430.0,3200.0,3865.0,4916925,0.0,0.0
2021-01-06 00:00:00+09:00,3715.0,3745.0,3575.0,3605.0,905018,0.0,0.0
2021-01-07 00:00:00+09:00,3540.0,3655.0,3390.0,3600.0,788652,0.0,0.0
2021-01-08 00:00:00+09:00,3550.0,3765.0,3440.0,3480.0,1073319,0.0,0.0
2021-01-11 00:00:00+09:00,3510.0,3690.0,3400.0,3590.0,363650,0.0,0.0
2021-01-12 00:00:00+09:00,3505.0,3610.0,3445.0,3600.0,229541,0.0,0.0
2021-01-13 00:00:00+09:00,3610.0,3740.0,3520.0,3555.0,284907,0.0,0.0
2021-01-14 00:00:00+09:00,3555.0,3635.0,3495.0,3635.0,231627,0.0,0.0
2021-01-15 00:00:00+09:00,3730.0,3730.0,3460.0,3485.0,317878,0.0,0.0
2021-01-18 00:00:00+09:00,3420.0,3470.0,3355.0,3355.0,142298,0.0,0.0
2021-01-19 00:00:00+09:00,3360.0,3490.0,3330.0,3465.0,115041,0.0,0.0
2021-01-20 00:00:00+09:00,3515.0,3565.0,3440.0,3510.0,220653,0.0,0.0
2021-01-21 00:00:00+09:00,3550.0,3835.0,3475.0,3690.0,712603,0.0,0.0
2021-01-22 00:00:00+09:00,3745.0,3860.0,3540.0,3590.0,476619,0.0,0.0
2021-01-25 00:00:00+09:00,3555.0,3730.0,3550.0,3710.0,252219,0.0,0.0
2021-01-26 00:00:00+09:00,3710.0,3725.0,3565.0,3570.0,180200,0.0,0.0
2021-01-27 00:00:00+09:00,3610.0,4490.0,3510.0,3855.0,11066100,0.0,0.0
2021-01-28 00:00:00+09:00,3775.0,3775.0,3500.0,3600.0,1099431,0.0,0.0
2021-01-29 00:00:00+09:00,3575.0,3575.0,3205.0,3260.0,551768,0.0,0.0
2021-02-01 00:00:00+09:00,3245.0,3545.0,3160.0,3520.0,338462,0.0,0.0
2021-02-02 00:00:00+09:00,3480.0,3570.0,3445.0,3535.0,203942,0.0,0.0
2021-02-03 00:00:00+09:00,3545.0,3730.0,3545.0,3655.0,611355,0.0,0.0
2021-02-04 00:00:00+09:00,3655.0,3820.0,3625.0,3810.0,655190,0.0,0.0
2021-02-05 00:00:00+09:00,3920.0,4100.0,3680.0,4095.0,1971094,0.0,0.0
2021-02-08 00:00:00+09:00,3955.0,3975.0,3640.0,3750.0,1071474,0.0,0.0
2021-02-09 00:00:00+09:00,3760.0,3910.0,3715.0,3755.0,487947,0.0,0.0
2021-02-10 00:00:00+09:00,3760.0,3820.0,3700.0,3740.0,291774,0.0,0.0
2021-02-15 00:00:00+09:00,3725.0,3760.0,3565.0,3735.0,353216,0.0,0.0
2021-02-16 00:00:00+09:00,3740.0,3780.0,3655.0,3735.0,331255,0.0,0.0
2021-02-17 00:00:00+09:00,3730.0,3810.0,3725.0,3800.0,371679,0.0,0.0
2021-02-18 00:00:00+09:00,3805.0,3850.0,3700.0,3700.0,162438,0.0,0.0
2021-02-19 00:00:00+09:00,3765.0,3770.0,3605.0,3620.0,127471,0.0,0.0
2021-02-22 00:00:00+09:00,3575.0,3700.0,3570.0,3610.0,161734,0.0,0.0
2021-02-23 00:00:00+09:00,3565.0,3665.0,3530.0,3595.0,149592,0.0,0.0
2021-02-24 00:00:00+09:00,3595.0,3605.0,3415.0,3460.0,185577,0.0,0.0
2021-02-25 00:00:00+09:00,3550.0,3580.0,3460.0,3490.0,40379,0.0,0.0
2021-02-26 00:00:00+09:00,3415.0,3560.0,3350.0,3495.0,167335,0.0,0.0
2021-03-02 00:00:00+09:00,3505.0,3505.0,3350.0,3385.0,209303,0.0,0.0
2021-03-03 00:00:00+09:00,3390.0,3430.0,3295.0,3305.0,148616,0.0,0.0
2021-03-04 00:00:00+09:00,3270.0,3350.0,3205.0,3315.0,66868,0.0,0.0
2021-03-05 00:00:00+09:00,3280.0,3290.0,3140.0,3280.0,81187,0.0,0.0
2021-03-08 00:00:00+09:00,3265.0,3450.0,3255.0,3345.0,398753,0.0,0.0
2021-03-09 00:00:00+09:00,3350.0,3360.0,3180.0,3320.0,60483,0.0,0.0
2021-03-10 00:00:00+09:00,3340.0,3385.0,3180.0,3230.0,65327,0.0,0.0
2021-03-11 00:00:00+09:00,3230.0,3275.0,3170.0,3190.0,43373,0.0,0.0
2021-03-12 00:00:00+09:00,3235.0,3410.0,3200.0,3385.0,81333,0.0,0.0
2021-03-15 00:00:00+09:00,3380.0,3390.0,3320.0,3360.0,24530,0.0,0.0
2021-03-16 00:00:00+09:00,3265.0,3370.0,3265.0,3330.0,47181,0.0,0.0
2021-03-17 00:00:00+09:00,3310.0,3355.0,3290.0,3300.0,18987,0.0,0.0
2021-03-18 00:00:00+09:00,3300.0,3405.0,3300.0,3390.0,39216,0.0,0.0
2021-03-19 00:00:00+09:00,3340.0,3415.0,3340.0,3410.0,26116,0.0,0.0
2021-03-22 00:00:00+09:00,3380.0,3400.0,3165.0,3290.0,58084,0.0,0.0
2021-03-23 00:00:00+09:00,3320.0,3335.0,3170.0,3205.0,89674,0.0,0.0
2021-03-24 00:00:00+09:00,3130.0,3225.0,3100.0,3170.0,108768,0.0,0.0
2021-03-25 00:00:00+09:00,3170.0,3250.0,3100.0,3150.0,71244,0.0,0.0
2021-03-26 00:00:00+09:00,3150.0,3235.0,3120.0,3195.0,48893,0.0,0.0
2021-03-29 00:00:00+09:00,3185.0,3185.0,3060.0,3090.0,86260,0.0,0.0
2021-03-30 00:00:00+09:00,3095.0,3400.0,3060.0,3110.0,230290,0.0,0.0
2021-03-31 00:00:00+09:00,3110.0,3785.0,3080.0,3390.0,2581442,0.0,0.0
2021-04-01 00:00:00+09:00,3395.0,3615.0,3370.0,3520.0,761086,0.0,0.0
2021-04-02 00:00:00+09:00,3520.0,3665.0,3485.0,3605.0,341454,0.0,0.0
2021-04-05 00:00:00+09:00,3605.0,3725.0,3560.0,3660.0,237756,0.0,0.0
2021-04-06 00:00:00+09:00,3685.0,3800.0,3590.0,3650.0,305128,0.0,0.0
2021-04-07 00:00:00+09:00,3635.0,3700.0,3570.0,3645.0,200233,0.0,0.0
2021-04-08 00:00:00+09:00,3645.0,3660.0,3600.0,3620.0,65179,0.0,0.0
2021-04-09 00:00:00+09:00,3600.0,3670.0,3595.0,3605.0,88511,0.0,0.0
2021-04-12 00:00:00+09:00,3575.0,3615.0,3555.0,3615.0,65754,0.0,0.0
2021-04-13 00:00:00+09:00,3585.0,3610.0,3510.0,3580.0,154536,0.0,0.0
2021-04-14 00:00:00+09:00,3590.0,3945.0,3530.0,3715.0,1141872,0.0,0.0
2021-04-15 00:00:00+09:00,3715.0,3730.0,3600.0,3725.0,190703,0.0,0.0
2021-04-16 00:00:00+09:00,3725.0,3870.0,3705.0,3730.0,347478,0.0,0.0
2021-04-19 00:00:00+09:00,3830.0,3850.0,3730.0,3805.0,237782,0.0,0.0
2021-04-20 00:00:00+09:00,3805.0,3835.0,3745.0,3780.0,84395,0.0,0.0
2021-04-21 00:00:00+09:00,3785.0,3810.0,3705.0,3740.0,94644,0.0,0.0
2021-04-22 00:00:00+09:00,3740.0,3860.0,3740.0,3825.0,154253,0.0,0.0
2021-04-23 00:00:00+09:00,3810.0,3920.0,3750.0,3850.0,308929,0.0,0.0
2021-04-26 00:00:00+09:00,3925.0,3985.0,3795.0,3840.0,293266,0.0,0.0
2021-04-27 00:00:00+09:00,3855.0,3855.0,3720.0,3815.0,88090,0.0,0.0
2021-04-28 00:00:00+09:00,3780.0,3830.0,3745.0,3760.0,86182,0.0,0.0
2021-04-29 00:00:00+09:00,3760.0,3830.0,3570.0,3570.0,138887,0.0,0.0
2021-04-30 00:00:00+09:00,3610.0,3640.0,3440.0,3515.0,90648,0.0,0.0
2021-05-03 00:00:00+09:00,3485.0,3525.0,3365.0,3420.0,85094,0.0,0.0
2021-05-04 00:00:00+09:00,3470.0,3570.0,3375.0,3445.0,149094,0.0,0.0
2021-05-06 00:00:00+09:00,3460.0,3500.0,3435.0,3480.0,85974,0.0,0.0
2021-05-07 00:00:00+09:00,3500.0,3700.0,3485.0,3620.0,127638,0.0,0.0
2021-05-10 00:00:00+09:00,3620.0,3690.0,3620.0,3670.0,74942,0.0,0.0
2021-05-11 00:00:00+09:00,3670.0,3720.0,3625.0,3675.0,100098,0.0,0.0
2021-05-12 00:00:00+09:00,3690.0,3710.0,3600.0,3600.0,45981,0.0,0.0
2021-05-13 00:00:00+09:00,3595.0,3780.0,3530.0,3615.0,139601,0.0,0.0
2021-05-14 00:00:00+09:00,3640.0,3735.0,3615.0,3690.0,161800,0.0,0.0
2021-05-17 00:00:00+09:00,3705.0,3810.0,3705.0,3780.0,232296,0.0,0.0
2021-05-18 00:00:00+09:00,3780.0,3855.0,3780.0,3835.0,191848,0.0,0.0
2021-05-20 00:00:00+09:00,3880.0,4020.0,3835.0,3995.0,486813,0.0,0.0
2021-05-21 00:00:00+09:00,4050.0,4275.0,3945.0,4260.0,1035178,0.0,0.0
2021-05-24 00:00:00+09:00,4200.0,4430.0,4150.0,4200.0,621805,0.0,0.0
2021-05-25 00:00:00+09:00,4210.0,4370.0,3415.0,3560.0,2564753,0.0,0.0
2021-05-26 00:00:00+09:00,3545.0,3625.0,3460.0,3545.0,394425,0.0,0.0
2021-05-27 00:00:00+09:00,3530.0,3600.0,3510.0,3550.0,206036,0.0,0.0
2021-05-28 00:00:00+09:00,3550.0,3565.0,3525.0,3540.0,191553,0.0,0.0
2021-05-31 00:00:00+09:00,3565.0,3565.0,3505.0,3545.0,174232,0.0,0.0
2021-06-01 00:00:00+09:00,3550.0,3550.0,3515.0,3530.0,164621,0.0,0.0
2021-06-02 00:00:00+09:00,3540.0,3575.0,3515.0,3540.0,197770,0.0,0.0
2021-06-03 00:00:00+09:00,3540.0,3590.0,3520.0,3535.0,213623,0.0,0.0
2021-06-04 00:00:00+09:00,3535.0,3570.0,3530.0,3540.0,122819,0.0,0.0
2021-06-07 00:00:00+09:00,3550.0,3550.0,3515.0,3545.0,258553,0.0,0.0
2021-06-08 00:00:00+09:00,3525.0,3555.0,3525.0,3545.0,136967,0.0,0.0
2021-06-09 00:00:00+09:00,3550.0,4150.0,3550.0,3935.0,3213626,0.0,0.0
2021-06-10 00:00:00+09:00,3940.0,4600.0,3940.0,4600.0,4658630,0.0,0.0
2021-06-11 00:00:00+09:00,4545.0,4680.0,4400.0,4570.0,1327939,0.0,0.0
2021-06-14 00:00:00+09:00,4505.0,4840.0,4420.0,4735.0,1004639,0.0,0.0
2021-06-15 00:00:00+09:00,4760.0,4955.0,4600.0,4795.0,724566,0.0,0.0
2021-06-16 00:00:00+09:00,4785.0,5050.0,4710.0,4990.0,770023,0.0,0.0
2021-06-17 00:00:00+09:00,5000.0,5230.0,4320.0,4690.0,2224404,0.0,0.0
2021-06-18 00:00:00+09:00,4690.0,5060.0,4650.0,5020.0,571367,0.0,0.0
2021-06-21 00:00:00+09:00,5050.0,5370.0,4695.0,4940.0,1232225,0.0,0.0
2021-06-22 00:00:00+09:00,4940.0,5240.0,4930.0,5230.0,485843,0.0,0.0
2021-06-23 00:00:00+09:00,5240.0,5310.0,5020.0,5170.0,348795,0.0,0.0
2021-06-24 00:00:00+09:00,5170.0,5240.0,4930.0,5010.0,325092,0.0,0.0
2021-06-25 00:00:00+09:00,4910.0,4970.0,4555.0,4600.0,561449,0.0,0.0
2021-06-28 00:00:00+09:00,4630.0,4810.0,4300.0,4745.0,449653,0.0,0.0
2021-06-29 00:00:00+09:00,4790.0,4805.0,4550.0,4650.0,250795,0.0,0.0
2021-06-30 00:00:00+09:00,4650.0,5550.0,4600.0,5140.0,977603,0.0,0.0
2021-07-01 00:00:00+09:00,5220.0,5450.0,5170.0,5280.0,700825,0.0,0.0
2021-07-02 00:00:00+09:00,5280.0,5280.0,5110.0,5200.0,335454,0.0,0.0
2021-07-05 00:00:00+09:00,5180.0,5180.0,4910.0,4990.0,342545,0.0,0.0
2021-07-06 00:00:00+09:00,4990.0,5160.0,4945.0,5010.0,250259,0.0,0.0
2021-07-07 00:00:00+09:00,4950.0,5060.0,4760.0,4895.0,317124,0.0,0.0
2021-07-08 00:00:00+09:00,4900.0,4960.0,4775.0,4890.0,190749,0.0,0.0
2021-07-09 00:00:00+09:00,4810.0,4865.0,4690.0,4735.0,226805,0.0,0.0
2021-07-12 00:00:00+09:00,4950.0,5040.0,4760.0,4930.0,212735,0.0,0.0
2021-07-13 00:00:00+09:00,4930.0,4965.0,4795.0,4860.0,177830,0.0,0.0
2021-07-14 00:00:00+09:00,4900.0,5030.0,4865.0,4950.0,206402,0.0,0.0
2021-07-15 00:00:00+09:00,4950.0,5230.0,4925.0,5110.0,602189,0.0,0.0
2021-07-16 00:00:00+09:00,5060.0,5140.0,4840.0,4985.0,666158,0.0,0.0
2021-07-19 00:00:00+09:00,4995.0,5430.0,4900.0,5030.0,1195243,0.0,0.0
2021-07-20 00:00:00+09:00,5030.0,5060.0,4875.0,4955.0,243831,0.0,0.0
2021-07-21 00:00:00+09:00,4955.0,4955.0,4805.0,4840.0,153237,0.0,0.0
2021-07-22 00:00:00+09:00,4840.0,4865.0,4770.0,4825.0,139349,0.0,0.0
2021-07-23 00:00:00+09:00,4840.0,5130.0,4840.0,5080.0,401142,0.0,0.0
2021-07-26 00:00:00+09:00,5090.0,5350.0,5090.0,5340.0,695704,0.0,0.0
2021-07-27 00:00:00+09:00,5340.0,5530.0,5210.0,5230.0,678759,0.0,0.0
2021-07-28 00:00:00+09:00,5230.0,5490.0,5100.0,5340.0,789249,0.0,0.0
2021-07-29 00:00:00+09:00,5340.0,5390.0,5100.0,5290.0,452046,0.0,0.0
2021-07-30 00:00:00+09:00,5200.0,5430.0,4355.0,4465.0,2041866,0.0,0.0
2021-08-02 00:00:00+09:00,4375.0,4685.0,4140.0,4525.0,925621,0.0,0.0
2021-08-03 00:00:00+09:00,4510.0,4625.0,4415.0,4460.0,430794,0.0,0.0
2021-08-04 00:00:00+09:00,4450.0,4935.0,4440.0,4810.0,775131,0.0,0.0
2021-08-05 00:00:00+09:00,4810.0,4950.0,4585.0,4760.0,314381,0.0,0.0
2021-08-06 00:00:00+09:00,4750.0,4850.0,4630.0,4795.0,173239,0.0,0.0
2021-08-09 00:00:00+09:00,4860.0,5160.0,4720.0,4825.0,912020,0.0,0.0
2021-08-10 00:00:00+09:00,4810.0,4955.0,4770.0,4895.0,237807,0.0,0.0
2021-08-11 00:00:00+09:00,4895.0,5050.0,4830.0,4900.0,243777,0.0,0.0
2021-08-12 00:00:00+09:00,4895.0,4950.0,4715.0,4905.0,285956,0.0,0.0
2021-08-13 00:00:00+09:00,4945.0,4945.0,4760.0,4870.0,122409,0.0,0.0
2021-08-17 00:00:00+09:00,4855.0,5160.0,4800.0,5050.0,678629,0.0,0.0
2021-08-18 00:00:00+09:00,5080.0,5370.0,5040.0,5190.0,1223350,0.0,0.0
2021-08-19 00:00:00+09:00,5150.0,5320.0,4925.0,5200.0,732192,0.0,0.0
2021-08-20 00:00:00+09:00,5330.0,5350.0,5100.0,5140.0,900766,0.0,0.0
2021-08-23 00:00:00+09:00,5030.0,5140.0,4555.0,5040.0,671833,0.0,0.0
2021-08-24 00:00:00+09:00,5060.0,5090.0,4750.0,4825.0,468228,0.0,0.0
2021-08-25 00:00:00+09:00,4825.0,4935.0,4695.0,4895.0,237466,0.0,0.0
2021-08-26 00:00:00+09:00,4855.0,4945.0,4770.0,4815.0,143590,0.0,0.0
2021-08-27 00:00:00+09:00,4780.0,4805.0,4620.0,4705.0,174442,0.0,0.0
2021-08-30 00:00:00+09:00,4710.0,4840.0,4600.0,4680.0,171372,0.0,0.0
2021-08-31 00:00:00+09:00,4680.0,4845.0,4680.0,4810.0,124764,0.0,0.0
2021-09-01 00:00:00+09:00,4710.0,4830.0,4710.0,4760.0,98387,0.0,0.0
2021-09-02 00:00:00+09:00,4760.0,4795.0,4715.0,4780.0,81699,0.0,0.0
2021-09-03 00:00:00+09:00,4815.0,5170.0,4750.0,5150.0,659300,0.0,0.0
2021-09-06 00:00:00+09:00,5190.0,5700.0,5170.0,5230.0,1279279,0.0,0.0
2021-09-07 00:00:00+09:00,5200.0,5400.0,5150.0,5290.0,320327,0.0,0.0
2021-09-08 00:00:00+09:00,5290.0,5450.0,5200.0,5210.0,270934,0.0,0.0
2021-09-09 00:00:00+09:00,5210.0,5400.0,4980.0,5330.0,533141,0.0,0.0
2021-09-10 00:00:00+09:00,5260.0,5330.0,4735.0,4860.0,966098,0.0,0.0
2021-09-13 00:00:00+09:00,4840.0,4855.0,4700.0,4770.0,252988,0.0,0.0
2021-09-14 00:00:00+09:00,4750.0,4985.0,4720.0,4950.0,142883,0.0,0.0
2021-09-15 00:00:00+09:00,4945.0,5050.0,4750.0,4750.0,277445,0.0,0.0
2021-09-16 00:00:00+09:00,4745.0,4830.0,4665.0,4715.0,167467,0.0,0.0
2021-09-17 00:00:00+09:00,4765.0,4815.0,4670.0,4800.0,92500,0.0,0.0
2021-09-23 00:00:00+09:00,4800.0,4800.0,4645.0,4700.0,157697,0.0,0.0
2021-09-24 00:00:00+09:00,4710.0,4710.0,4540.0,4620.0,195134,0.0,0.0
2021-09-27 00:00:00+09:00,4630.0,4680.0,4525.0,4680.0,122050,0.0,0.0
2021-09-28 00:00:00+09:00,4660.0,4710.0,4550.0,4560.0,87069,0.0,0.0
2021-09-29 00:00:00+09:00,4440.0,4595.0,4420.0,4525.0,69201,0.0,0.0
2021-09-30 00:00:00+09:00,4525.0,4525.0,4445.0,4480.0,83509,0.0,0.0
2021-10-01 00:00:00+09:00,4555.0,4590.0,4350.0,4435.0,91360,0.0,0.0
2021-10-05 00:00:00+09:00,4435.0,4435.0,3900.0,4060.0,173131,0.0,0.0
2021-10-06 00:00:00+09:00,4210.0,4210.0,3970.0,4000.0,114249,0.0,0.0
2021-10-07 00:00:00+09:00,4000.0,4180.0,4000.0,4160.0,40885,0.0,0.0
2021-10-08 00:00:00+09:00,4230.0,4230.0,4065.0,4145.0,35460,0.0,0.0
2021-10-12 00:00:00+09:00,4190.0,4190.0,3800.0,3850.0,122764,0.0,0.0
2021-10-13 00:00:00+09:00,3895.0,3950.0,3835.0,3850.0,53236,0.0,0.0
2021-10-14 00:00:00+09:00,3730.0,3895.0,3665.0,3870.0,243435,0.0,0.0
2021-10-15 00:00:00+09:00,4000.0,4045.0,3795.0,3890.0,128949,0.0,0.0
2021-10-18 00:00:00+09:00,3920.0,3920.0,3655.0,3675.0,190910,0.0,0.0
2021-10-19 00:00:00+09:00,3810.0,3810.0,3660.0,3700.0,55474,0.0,0.0
2021-10-20 00:00:00+09:00,3700.0,4065.0,3695.0,3900.0,326199,0.0,0.0
2021-10-21 00:00:00+09:00,3920.0,3965.0,3820.0,3900.0,78222,0.0,0.0
2021-10-22 00:00:00+09:00,3900.0,3940.0,3835.0,3875.0,54392,0.0,0.0
2021-10-25 00:00:00+09:00,3930.0,3930.0,3655.0,3670.0,147066,0.0,0.0
2021-10-26 00:00:00+09:00,3735.0,3735.0,3640.0,3680.0,71176,0.0,0.0
2021-10-27 00:00:00+09:00,3665.0,3700.0,3585.0,3600.0,73583,0.0,0.0
2021-10-28 00:00:00+09:00,3595.0,3645.0,3500.0,3505.0,80402,0.0,0.0
2021-10-29 00:00:00+09:00,3405.0,3630.0,3400.0,3440.0,184367,0.0,0.0
2021-11-01 00:00:00+09:00,3445.0,3955.0,3445.0,3735.0,395797,0.0,0.0
2021-11-02 00:00:00+09:00,3730.0,3795.0,3700.0,3720.0,83409,0.0,0.0
2021-11-03 00:00:00+09:00,3775.0,3775.0,3625.0,3625.0,47872,0.0,0.0
2021-11-04 00:00:00+09:00,3660.0,3670.0,3500.0,3500.0,58229,0.0,0.0
2021-11-05 00:00:00+09:00,3475.0,3530.0,3355.0,3480.0,45477,0.0,0.0
2021-11-08 00:00:00+09:00,3465.0,3465.0,3400.0,3450.0,36995,0.0,0.0
2021-11-09 00:00:00+09:00,3445.0,3535.0,3400.0,3450.0,28935,0.0,0.0
2021-11-10 00:00:00+09:00,3445.0,3480.0,3270.0,3270.0,96336,0.0,0.0
2021-11-11 00:00:00+09:00,3270.0,3360.0,3220.0,3280.0,63602,0.0,0.0
2021-11-12 00:00:00+09:00,3300.0,3545.0,3240.0,3425.0,90044,0.0,0.0
2021-11-15 00:00:00+09:00,3485.0,3610.0,3460.0,3535.0,144042,0.0,0.0
2021-11-16 00:00:00+09:00,3530.0,3595.0,3470.0,3545.0,162973,0.0,0.0
2021-11-17 00:00:00+09:00,3545.0,3615.0,3475.0,3530.0,169712,0.0,0.0
2021-11-18 00:00:00+09:00,3530.0,3530.0,3400.0,3485.0,83968,0.0,0.0
2021-11-19 00:00:00+09:00,3600.0,3600.0,3470.0,3510.0,117782,0.0,0.0
2021-11-22 00:00:00+09:00,3545.0,3545.0,3435.0,3505.0,72772,0.0,0.0
2021-11-23 00:00:00+09:00,3500.0,3745.0,3430.0,3650.0,214008,0.0,0.0
2021-11-24 00:00:00+09:00,3650.0,3695.0,3465.0,3520.0,127290,0.0,0.0
2021-11-25 00:00:00+09:00,3515.0,3595.0,3470.0,3470.0,91833,0.0,0.0
2021-11-26 00:00:00+09:00,3500.0,3500.0,3295.0,3350.0,84932,0.0,0.0
2021-11-29 00:00:00+09:00,3270.0,3355.0,3225.0,3230.0,112158,0.0,0.0
2021-11-30 00:00:00+09:00,3310.0,3380.0,3050.0,3090.0,76580,0.0,0.0
2021-12-01 00:00:00+09:00,3090.0,3100.0,2975.0,3080.0,49493,0.0,0.0
2021-12-02 00:00:00+09:00,3080.0,3135.0,3025.0,3130.0,27457,0.0,0.0
2021-12-03 00:00:00+09:00,3125.0,3180.0,3050.0,3175.0,33237,0.0,0.0
2021-12-06 00:00:00+09:00,3225.0,3230.0,2970.0,3090.0,83144,0.0,0.0
2021-12-07 00:00:00+09:00,3105.0,3120.0,3045.0,3120.0,23846,0.0,0.0
2021-12-08 00:00:00+09:00,3105.0,3190.0,3070.0,3085.0,38629,0.0,0.0
2021-12-09 00:00:00+09:00,3085.0,3095.0,3040.0,3090.0,34892,0.0,0.0
2021-12-10 00:00:00+09:00,3105.0,3155.0,3050.0,3080.0,39692,0.0,0.0
2021-12-13 00:00:00+09:00,3150.0,3285.0,3070.0,3205.0,97873,0.0,0.0
2021-12-14 00:00:00+09:00,3205.0,3260.0,3145.0,3235.0,39176,0.0,0.0
2021-12-15 00:00:00+09:00,3215.0,3250.0,3120.0,3160.0,35629,0.0,0.0
2021-12-16 00:00:00+09:00,3160.0,3325.0,3115.0,3240.0,82500,0.0,0.0
2021-12-17 00:00:00+09:00,3250.0,3305.0,3190.0,3245.0,42511,0.0,0.0
2021-12-20 00:00:00+09:00,3290.0,3400.0,3080.0,3245.0,205169,0.0,0.0
2021-12-21 00:00:00+09:00,3200.0,3260.0,3120.0,3240.0,52506,0.0,0.0
2021-12-22 00:00:00+09:00,3240.0,3255.0,3160.0,3195.0,28580,0.0,0.0
2021-12-23 00:00:00+09:00,3205.0,3240.0,3100.0,3195.0,35543,0.0,0.0
2021-12-24 00:00:00+09:00,3195.0,3280.0,3160.0,3220.0,61622,0.0,0.0
2021-12-27 00:00:00+09:00,3220.0,3280.0,3170.0,3245.0,50364,0.0,0.0
2021-12-28 00:00:00+09:00,3215.0,3265.0,3215.0,3225.0,46120,0.0,0.0
2021-12-29 00:00:00+09:00,3220.0,3300.0,3215.0,3255.0,138389,0.0,0.0
2021-12-30 00:00:00+09:00,3285.0,3285.0,3180.0,3250.0,31945,0.0,0.0
2022-01-04 00:00:00+09:00,3235.0,3265.0,3175.0,3255.0,83616,0.0,0.0
2022-01-05 00:00:00+09:00,3245.0,3325.0,3240.0,3285.0,56193,0.0,0.0
2022-01-06 00:00:00+09:00,3165.0,3305.0,3165.0,3305.0,20671,0.0,0.0
2022-01-07 00:00:00+09:00,3310.0,3355.0,3270.0,3335.0,49288,0.0,0.0
2022-01-10 00:00:00+09:00,3340.0,3340.0,3210.0,3220.0,49182,0.0,0.0
2022-01-11 00:00:00+09:00,3205.0,3205.0,3055.0,3105.0,79719,0.0,0.0
2022-01-12 00:00:00+09:00,3090.0,3400.0,3050.0,3350.0,270018,0.0,0.0
2022-01-13 00:00:00+09:00,4100.0,4355.0,4050.0,4355.0,9298417,0.0,0.0
2022-01-14 00:00:00+09:00,4495.0,4590.0,3855.0,3875.0,5099207,0.0,0.0
2022-01-17 00:00:00+09:00,3980.0,4030.0,3665.0,3830.0,1026191,0.0,0.0
2022-01-18 00:00:00+09:00,3735.0,3760.0,3535.0,3695.0,705481,0.0,0.0
2022-01-19 00:00:00+09:00,3560.0,3645.0,3470.0,3525.0,358384,0.0,0.0
2022-01-20 00:00:00+09:00,3595.0,3680.0,3455.0,3665.0,588348,0.0,0.0
2022-01-21 00:00:00+09:00,3605.0,3765.0,3520.0,3750.0,508499,0.0,0.0
2022-01-24 00:00:00+09:00,3665.0,3690.0,3550.0,3600.0,255785,0.0,0.0
2022-01-25 00:00:00+09:00,3610.0,3635.0,3300.0,3410.0,485175,0.0,0.0
2022-01-26 00:00:00+09:00,3415.0,3490.0,3165.0,3210.0,390301,0.0,0.0
2022-01-27 00:00:00+09:00,3230.0,3235.0,2915.0,2955.0,268715,0.0,0.0
2022-01-28 00:00:00+09:00,2955.0,3010.0,2795.0,3000.0,222647,0.0,0.0
2022-02-03 00:00:00+09:00,3025.0,3150.0,3000.0,3080.0,213119,0.0,0.0
2022-02-04 00:00:00+09:00,3080.0,3195.0,3055.0,3170.0,105710,0.0,0.0
2022-02-07 00:00:00+09:00,3200.0,3200.0,3100.0,3145.0,72476,0.0,0.0
2022-02-08 00:00:00+09:00,3150.0,3230.0,3025.0,3080.0,106867,0.0,0.0
2022-02-09 00:00:00+09:00,3085.0,3200.0,3075.0,3180.0,128435,0.0,0.0
2022-02-10 00:00:00+09:00,3230.0,3230.0,3080.0,3105.0,89594,0.0,0.0
2022-02-11 00:00:00+09:00,3070.0,3090.0,2960.0,3015.0,140026,0.0,0.0
2022-02-14 00:00:00+09:00,2930.0,2985.0,2850.0,2920.0,106706,0.0,0.0
2022-02-15 00:00:00+09:00,2865.0,3015.0,2840.0,2860.0,106364,0.0,0.0
2022-02-16 00:00:00+09:00,2875.0,2980.0,2875.0,2975.0,30527,0.0,0.0
2022-02-17 00:00:00+09:00,3000.0,3065.0,2890.0,2975.0,101289,0.0,0.0
2022-02-18 00:00:00+09:00,2920.0,3035.0,2870.0,3010.0,72953,0.0,0.0
2022-02-21 00:00:00+09:00,3005.0,3055.0,2950.0,3035.0,39282,0.0,0.0
2022-02-22 00:00:00+09:00,3035.0,3040.0,2935.0,2970.0,51198,0.0,0.0
2022-02-23 00:00:00+09:00,2965.0,3120.0,2920.0,2940.0,106068,0.0,0.0
2022-02-24 00:00:00+09:00,2910.0,2925.0,2820.0,2840.0,75985,0.0,0.0
2022-02-25 00:00:00+09:00,2870.0,2920.0,2850.0,2865.0,53863,0.0,0.0
2022-02-28 00:00:00+09:00,2890.0,3315.0,2890.0,2940.0,681082,0.0,0.0
2022-03-02 00:00:00+09:00,2970.0,2980.0,2840.0,2925.0,44454,0.0,0.0
2022-03-03 00:00:00+09:00,2940.0,2985.0,2850.0,2950.0,48831,0.0,0.0
2022-03-04 00:00:00+09:00,2950.0,2975.0,2900.0,2950.0,46979,0.0,0.0
2022-03-07 00:00:00+09:00,2935.0,2935.0,2825.0,2865.0,53697,0.0,0.0
2022-03-08 00:00:00+09:00,2790.0,2845.0,2745.0,2745.0,55417,0.0,0.0
2022-03-10 00:00:00+09:00,2755.0,2825.0,2755.0,2785.0,25184,0.0,0.0
2022-03-11 00:00:00+09:00,2800.0,2820.0,2775.0,2780.0,37716,0.0,0.0
2022-03-14 00:00:00+09:00,2750.0,2815.0,2680.0,2680.0,79478,0.0,0.0
2022-03-15 00:00:00+09:00,2680.0,2765.0,2655.0,2685.0,44223,0.0,0.0
2022-03-16 00:00:00+09:00,2725.0,2780.0,2705.0,2765.0,51520,0.0,0.0
2022-03-17 00:00:00+09:00,2790.0,2830.0,2765.0,2795.0,33774,0.0,0.0
2022-03-18 00:00:00+09:00,2840.0,2845.0,2750.0,2835.0,44956,0.0,0.0
2022-03-21 00:00:00+09:00,2835.0,2880.0,2830.0,2860.0,38643,0.0,0.0
2022-03-22 00:00:00+09:00,2865.0,2880.0,2750.0,2775.0,67842,0.0,0.0
2022-03-23 00:00:00+09:00,2800.0,2930.0,2800.0,2900.0,69382,0.0,0.0
2022-03-24 00:00:00+09:00,2950.0,2950.0,2810.0,2885.0,55425,0.0,0.0
2022-03-25 00:00:00+09:00,2920.0,2920.0,2820.0,2880.0,38124,0.0,0.0
2022-03-28 00:00:00+09:00,2900.0,2905.0,2805.0,2885.0,36989,0.0,0.0
2022-03-29 00:00:00+09:00,2885.0,2955.0,2855.0,2955.0,131801,0.0,0.0
2022-03-30 00:00:00+09:00,3015.0,3015.0,2840.0,2840.0,95890,0.0,0.0
2022-03-31 00:00:00+09:00,2835.0,2885.0,2835.0,2885.0,25172,0.0,0.0
2022-04-01 00:00:00+09:00,2860.0,2935.0,2840.0,2880.0,50081,0.0,0.0
2022-04-04 00:00:00+09:00,2855.0,2920.0,2845.0,2905.0,43450,0.0,0.0
2022-04-05 00:00:00+09:00,2905.0,2920.0,2875.0,2910.0,42978,0.0,0.0
2022-04-06 00:00:00+09:00,2920.0,2930.0,2860.0,2900.0,41036,0.0,0.0
2022-04-07 00:00:00+09:00,2855.0,2875.0,2830.0,2830.0,36774,0.0,0.0
2022-04-08 00:00:00+09:00,2825.0,3070.0,2780.0,2850.0,553175,0.0,0.0
2022-04-11 00:00:00+09:00,2850.0,2885.0,2845.0,2860.0,30719,0.0,0.0
2022-04-12 00:00:00+09:00,2850.0,2850.0,2730.0,2745.0,105098,0.0,0.0
2022-04-13 00:00:00+09:00,2720.0,2790.0,2705.0,2745.0,61837,0.0,0.0
2022-04-14 00:00:00+09:00,2770.0,2795.0,2715.0,2745.0,47773,0.0,0.0
2022-04-15 00:00:00+09:00,2760.0,2770.0,2700.0,2720.0,52134,0.0,0.0
2022-04-18 00:00:00+09:00,2715.0,2775.0,2700.0,2710.0,52834,0.0,0.0
2022-04-19 00:00:00+09:00,2710.0,2765.0,2700.0,2740.0,53094,0.0,0.0
2022-04-20 00:00:00+09:00,2740.0,2770.0,2705.0,2745.0,25199,0.0,0.0
2022-04-21 00:00:00+09:00,2740.0,2750.0,2550.0,2690.0,192904,0.0,0.0
2022-04-22 00:00:00+09:00,2690.0,2690.0,2580.0,2635.0,102886,0.0,0.0
2022-04-25 00:00:00+09:00,2590.0,2610.0,2515.0,2530.0,58748,0.0,0.0
2022-04-26 00:00:00+09:00,2530.0,2580.0,2500.0,2540.0,45827,0.0,0.0
2022-04-27 00:00:00+09:00,2525.0,2525.0,2405.0,2490.0,35748,0.0,0.0
2022-04-28 00:00:00+09:00,2490.0,2520.0,2430.0,2460.0,32648,0.0,0.0
2022-04-29 00:00:00+09:00,2535.0,2545.0,2465.0,2505.0,27417,0.0,0.0
2022-05-03 00:00:00+09:00,2520.0,2585.0,2510.0,2580.0,35476,0.0,0.0
2022-05-04 00:00:00+09:00,2600.0,2605.0,2565.0,2575.0,54274,0.0,0.0
2022-05-06 00:00:00+09:00,2550.0,2570.0,2455.0,2520.0,31404,0.0,0.0
2022-05-10 00:00:00+09:00,2430.0,2430.0,2250.0,2380.0,95334,0.0,0.0
2022-05-11 00:00:00+09:00,2380.0,2425.0,2300.0,2370.0,16255,0.0,0.0
2022-05-12 00:00:00+09:00,2370.0,2370.0,2220.0,2255.0,49095,0.0,0.0
2022-05-13 00:00:00+09:00,2135.0,2310.0,2110.0,2205.0,230023,0.0,0.0
2022-05-16 00:00:00+09:00,2240.0,2350.0,2240.0,2335.0,34158,0.0,0.0
2022-05-17 00:00:00+09:00,2355.0,2365.0,2310.0,2320.0,20635,0.0,0.0
2022-05-18 00:00:00+09:00,2325.0,2365.0,2295.0,2320.0,17929,0.0,0.0
2022-05-19 00:00:00+09:00,2320.0,2320.0,2215.0,2235.0,31778,0.0,0.0
2022-05-20 00:00:00+09:00,2225.0,2280.0,2200.0,2260.0,42482,0.0,0.0
2022-05-23 00:00:00+09:00,2265.0,2340.0,2225.0,2235.0,45270,0.0,0.0
2022-05-24 00:00:00+09:00,2245.0,2270.0,2215.0,2235.0,38504,0.0,0.0
2022-05-25 00:00:00+09:00,2225.0,2240.0,2190.0,2235.0,35319,0.0,0.0
2022-05-26 00:00:00+09:00,2250.0,2300.0,2205.0,2270.0,82026,0.0,0.0
2022-05-27 00:00:00+09:00,2290.0,2460.0,2235.0,2245.0,309526,0.0,0.0
2022-05-30 00:00:00+09:00,2260.0,2280.0,2240.0,2250.0,39205,0.0,0.0
2022-05-31 00:00:00+09:00,2265.0,2320.0,2250.0,2300.0,108330,0.0,0.0
2022-06-02 00:00:00+09:00,2320.0,2320.0,2265.0,2300.0,39410,0.0,0.0
2022-06-03 00:00:00+09:00,2305.0,2340.0,2265.0,2315.0,37857,0.0,0.0
2022-06-07 00:00:00+09:00,2315.0,2315.0,2255.0,2265.0,46246,0.0,0.0
2022-06-08 00:00:00+09:00,2265.0,2295.0,2265.0,2275.0,27972,0.0,0.0
2022-06-09 00:00:00+09:00,2275.0,2290.0,2250.0,2280.0,23564,0.0,0.0
2022-06-10 00:00:00+09:00,2280.0,2295.0,2255.0,2295.0,20338,0.0,0.0
2022-06-13 00:00:00+09:00,2260.0,2260.0,2195.0,2195.0,46020,0.0,0.0
2022-06-14 00:00:00+09:00,2170.0,2170.0,2050.0,2140.0,76012,0.0,0.0
2022-06-15 00:00:00+09:00,2130.0,2130.0,2010.0,2050.0,58196,0.0,0.0
2022-06-16 00:00:00+09:00,2050.0,2105.0,2015.0,2050.0,28093,0.0,0.0
2022-06-17 00:00:00+09:00,2000.0,2040.0,1950.0,2020.0,35991,0.0,0.0
2022-06-20 00:00:00+09:00,2020.0,2035.0,1820.0,1895.0,62285,0.0,0.0
2022-06-21 00:00:00+09:00,1870.0,1980.0,1850.0,1900.0,33717,0.0,0.0
2022-06-22 00:00:00+09:00,1900.0,1925.0,1790.0,1820.0,62902,0.0,0.0
2022-06-23 00:00:00+09:00,1790.0,1850.0,1710.0,1710.0,90001,0.0,0.0
2022-06-24 00:00:00+09:00,1715.0,1865.0,1695.0,1785.0,31776,0.0,0.0
2022-06-27 00:00:00+09:00,1790.0,1960.0,1790.0,1885.0,53039,0.0,0.0
2022-06-28 00:00:00+09:00,1900.0,1940.0,1850.0,1850.0,31708,0.0,0.0
2022-06-29 00:00:00+09:00,1845.0,1890.0,1830.0,1885.0,20373,0.0,0.0
2022-06-30 00:00:00+09:00,1910.0,1945.0,1875.0,1910.0,22781,0.0,0.0
2022-07-01 00:00:00+09:00,1900.0,1950.0,1860.0,1925.0,25055,0.0,0.0
2022-07-04 00:00:00+09:00,1885.0,1915.0,1845.0,1900.0,17226,0.0,0.0
2022-07-05 00:00:00+09:00,1890.0,1920.0,1840.0,1920.0,18902,0.0,0.0
2022-07-06 00:00:00+09:00,1920.0,1920.0,1870.0,1900.0,9407,0.0,0.0
2022-07-07 00:00:00+09:00,1900.0,1940.0,1850.0,1935.0,17822,0.0,0.0
2022-07-08 00:00:00+09:00,1985.0,1985.0,1920.0,1920.0,19966,0.0,0.0
2022-07-11 00:00:00+09:00,1920.0,1950.0,1920.0,1920.0,11605,0.0,0.0
2022-07-12 00:00:00+09:00,1915.0,1920.0,1850.0,1905.0,20055,0.0,0.0
2022-07-13 00:00:00+09:00,1875.0,1920.0,1865.0,1920.0,11674,0.0,0.0
2022-07-14 00:00:00+09:00,1920.0,1970.0,1920.0,1935.0,9631,0.0,0.0
2022-07-15 00:00:00+09:00,1905.0,1935.0,1880.0,1910.0,8057,0.0,0.0
2022-07-18 00:00:00+09:00,1955.0,1955.0,1880.0,1920.0,17481,0.0,0.0
2022-07-19 00:00:00+09:00,1900.0,1915.0,1875.0,1915.0,25131,0.0,0.0
2022-07-20 00:00:00+09:00,1920.0,1940.0,1880.0,1920.0,30199,0.0,0.0
2022-07-21 00:00:00+09:00,1915.0,2015.0,1910.0,2015.0,62090,0.0,0.0
2022-07-22 00:00:00+09:00,2015.0,2040.0,1980.0,2025.0,37048,0.0,0.0
2022-07-25 00:00:00+09:00,2025.0,2025.0,1985.0,2025.0,11759,0.0,0.0
2022-07-26 00:00:00+09:00,2005.0,2015.0,1965.0,2000.0,20100,0.0,0.0
2022-07-27 00:00:00+09:00,1990.0,2010.0,1955.0,2005.0,27031,0.0,0.0
2022-07-28 00:00:00+09:00,2010.0,2025.0,1985.0,2015.0,15539,0.0,0.0
2022-07-29 00:00:00+09:00,2000.0,2015.0,1955.0,2015.0,56661,0.0,0.0
2022-08-01 00:00:00+09:00,1995.0,2035.0,1990.0,2020.0,9801,0.0,0.0
2022-08-02 00:00:00+09:00,2000.0,2050.0,1980.0,2050.0,10011,0.0,0.0
2022-08-03 00:00:00+09:00,2040.0,2045.0,2010.0,2045.0,21931,0.0,0.0
2022-08-04 00:00:00+09:00,2045.0,2140.0,2020.0,2055.0,38655,0.0,0.0
2022-08-05 00:00:00+09:00,2045.0,2145.0,2030.0,2115.0,47859,0.0,0.0
2022-08-08 00:00:00+09:00,2115.0,2150.0,2070.0,2110.0,26305,0.0,0.0
2022-08-09 00:00:00+09:00,2105.0,2105.0,2055.0,2095.0,16971,0.0,0.0
2022-08-10 00:00:00+09:00,2060.0,2090.0,2030.0,2090.0,16830,0.0,0.0
2022-08-11 00:00:00+09:00,2080.0,2160.0,2070.0,2105.0,17693,0.0,0.0
2022-08-12 00:00:00+09:00,2100.0,2160.0,2065.0,2085.0,26481,0.0,0.0
2022-08-16 00:00:00+09:00,2085.0,2105.0,2065.0,2090.0,6725,0.0,0.0
2022-08-17 00:00:00+09:00,2080.0,2085.0,2045.0,2070.0,26668,0.0,0.0
2022-08-18 00:00:00+09:00,2065.0,2065.0,1965.0,2050.0,24028,0.0,0.0
2022-08-19 00:00:00+09:00,2030.0,2060.0,2010.0,2035.0,33258,0.0,0.0
2022-08-22 00:00:00+09:00,1920.0,2000.0,1900.0,1955.0,65326,0.0,0.0
2022-08-23 00:00:00+09:00,1910.0,1915.0,1855.0,1915.0,17247,0.0,0.0
2022-08-24 00:00:00+09:00,1885.0,1915.0,1780.0,1785.0,71845,0.0,0.0
2022-08-25 00:00:00+09:00,1795.0,1885.0,1785.0,1815.0,133898,0.0,0.0
2022-08-26 00:00:00+09:00,1830.0,1895.0,1830.0,1880.0,30224,0.0,0.0
2022-08-29 00:00:00+09:00,1860.0,1865.0,1790.0,1825.0,21654,0.0,0.0
2022-08-30 00:00:00+09:00,1815.0,1875.0,1815.0,1860.0,17274,0.0,0.0
2022-08-31 00:00:00+09:00,1870.0,1890.0,1860.0,1880.0,10512,0.0,0.0
2022-09-01 00:00:00+09:00,1895.0,1925.0,1835.0,1835.0,22177,0.0,0.0
2022-09-02 00:00:00+09:00,1800.0,1835.0,1800.0,1805.0,20556,0.0,0.0
2022-09-05 00:00:00+09:00,1800.0,1880.0,1790.0,1825.0,37400,0.0,0.0
2022-09-06 00:00:00+09:00,1825.0,2000.0,1800.0,1895.0,227522,0.0,0.0
2022-09-07 00:00:00+09:00,1895.0,1935.0,1875.0,1900.0,57093,0.0,0.0
2022-09-08 00:00:00+09:00,1905.0,1950.0,1840.0,1875.0,48247,0.0,0.0
2022-09-13 00:00:00+09:00,1885.0,1905.0,1855.0,1885.0,27237,0.0,0.0
2022-09-14 00:00:00+09:00,1855.0,1855.0,1810.0,1830.0,27621,0.0,0.0
2022-09-15 00:00:00+09:00,1870.0,1870.0,1815.0,1835.0,15710,0.0,0.0
2022-09-16 00:00:00+09:00,1800.0,1850.0,1800.0,1805.0,24491,0.0,0.0
2022-09-19 00:00:00+09:00,1790.0,1820.0,1750.0,1750.0,18652,0.0,0.0
2022-09-20 00:00:00+09:00,1750.0,1820.0,1735.0,1770.0,17743,0.0,0.0
2022-09-21 00:00:00+09:00,1725.0,1760.0,1725.0,1745.0,13897,0.0,0.0
2022-09-22 00:00:00+09:00,1740.0,1740.0,1680.0,1735.0,28380,0.0,0.0
2022-09-23 00:00:00+09:00,1745.0,1760.0,1690.0,1710.0,12180,0.0,0.0
2022-09-26 00:00:00+09:00,1650.0,1650.0,1545.0,1605.0,43858,0.0,0.0
2022-09-27 00:00:00+09:00,1585.0,1640.0,1560.0,1595.0,43037,0.0,0.0
2022-09-28 00:00:00+09:00,1580.0,1630.0,1495.0,1525.0,51222,0.0,0.0
2022-09-29 00:00:00+09:00,1540.0,1585.0,1500.0,1530.0,61970,0.0,0.0
2022-09-30 00:00:00+09:00,1510.0,1985.0,1505.0,1985.0,862007,0.0,0.0
2022-10-04 00:00:00+09:00,2050.0,2260.0,1815.0,1920.0,3589773,0.0,0.0
2022-10-05 00:00:00+09:00,1945.0,2075.0,1820.0,1875.0,1347150,0.0,0.0
2022-10-06 00:00:00+09:00,1880.0,2205.0,1865.0,2000.0,1730684,0.0,0.0
2022-10-07 00:00:00+09:00,2010.0,2170.0,1945.0,2035.0,750857,0.0,0.0
2022-10-11 00:00:00+09:00,2010.0,2030.0,1905.0,1950.0,166128,0.0,0.0
2022-10-12 00:00:00+09:00,1925.0,1930.0,1735.0,1815.0,137063,0.0,0.0
2022-10-13 00:00:00+09:00,1745.0,1800.0,1600.0,1650.0,177306,0.0,0.0
2022-10-14 00:00:00+09:00,1650.0,1700.0,1625.0,1700.0,62604,0.0,0.0
2022-10-17 00:00:00+09:00,1700.0,1700.0,1590.0,1660.0,69014,0.0,0.0
2022-10-18 00:00:00+09:00,1695.0,1820.0,1690.0,1780.0,150904,0.0,0.0
2022-10-19 00:00:00+09:00,1795.0,1865.0,1750.0,1835.0,93019,0.0,0.0
2022-10-20 00:00:00+09:00,1955.0,1955.0,1865.0,1905.0,135055,0.0,0.0
2022-10-21 00:00:00+09:00,1885.0,2075.0,1810.0,2075.0,261215,0.0,0.0
2022-10-24 00:00:00+09:00,2095.0,2245.0,2035.0,2140.0,487121,0.0,0.0
2022-10-25 00:00:00+09:00,2170.0,2265.0,2145.0,2240.0,239992,0.0,0.0
2022-10-26 00:00:00+09:00,2240.0,2265.0,2055.0,2110.0,352549,0.0,0.0
2022-10-27 00:00:00+09:00,2120.0,2300.0,2100.0,2165.0,579449,0.0,0.0
2022-10-28 00:00:00+09:00,2140.0,2190.0,2110.0,2175.0,109786,0.0,0.0
2022-10-31 00:00:00+09:00,2200.0,2200.0,2135.0,2135.0,42092,0.0,0.0
2022-11-01 00:00:00+09:00,2130.0,2130.0,2035.0,2080.0,106677,0.0,0.0
2022-11-02 00:00:00+09:00,2070.0,2095.0,2020.0,2040.0,38275,0.0,0.0
2022-11-03 00:00:00+09:00,2010.0,2095.0,1980.0,2000.0,49092,0.0,0.0
2022-11-04 00:00:00+09:00,1970.0,2050.0,1920.0,2050.0,58609,0.0,0.0
2022-11-07 00:00:00+09:00,2035.0,2090.0,2005.0,2060.0,50326,0.0,0.0
2022-11-08 00:00:00+09:00,2060.0,2090.0,2030.0,2050.0,35419,0.0,0.0
2022-11-09 00:00:00+09:00,2050.0,2090.0,2030.0,2085.0,24806,0.0,0.0
2022-11-10 00:00:00+09:00,2085.0,2090.0,2015.0,2015.0,34134,0.0,0.0
2022-11-11 00:00:00+09:00,2060.0,2095.0,2040.0,2055.0,19951,0.0,0.0
2022-11-14 00:00:00+09:00,2050.0,2065.0,2010.0,2060.0,48173,0.0,0.0
2022-11-15 00:00:00+09:00,2085.0,2170.0,2070.0,2145.0,74117,0.0,0.0
2022-11-16 00:00:00+09:00,2190.0,2190.0,2090.0,2150.0,52007,0.0,0.0
2022-11-17 00:00:00+09:00,2150.0,2180.0,2100.0,2170.0,56945,0.0,0.0
2022-11-18 00:00:00+09:00,2185.0,2185.0,2100.0,2155.0,46491,0.0,0.0
2022-11-21 00:00:00+09:00,2275.0,2275.0,2120.0,2160.0,153618,0.0,0.0
2022-11-22 00:00:00+09:00,2175.0,2180.0,2115.0,2165.0,53393,0.0,0.0
2022-11-23 00:00:00+09:00,2155.0,2200.0,2155.0,2165.0,77425,0.0,0.0
2022-11-24 00:00:00+09:00,2180.0,2215.0,2170.0,2215.0,56472,0.0,0.0
2022-11-25 00:00:00+09:00,2215.0,2245.0,2200.0,2230.0,62699,0.0,0.0
2022-11-28 00:00:00+09:00,2255.0,2310.0,2190.0,2250.0,155087,0.0,0.0
2022-11-29 00:00:00+09:00,2200.0,2260.0,2200.0,2250.0,53231,0.0,0.0
2022-11-30 00:00:00+09:00,2255.0,2300.0,2255.0,2300.0,46528,0.0,0.0
2022-12-01 00:00:00+09:00,2320.0,2345.0,2280.0,2330.0,75941,0.0,0.0
2022-12-02 00:00:00+09:00,2350.0,2350.0,2290.0,2330.0,57813,0.0,0.0
2022-12-05 00:00:00+09:00,2320.0,2345.0,2285.0,2300.0,77349,0.0,0.0
2022-12-06 00:00:00+09:00,2320.0,2320.0,2200.0,2200.0,68844,0.0,0.0
2022-12-07 00:00:00+09:00,2150.0,2195.0,2110.0,2165.0,43537,0.0,0.0
2022-12-08 00:00:00+09:00,2160.0,2225.0,2140.0,2170.0,48693,0.0,0.0
2022-12-09 00:00:00+09:00,2150.0,2215.0,2065.0,2065.0,76734,0.0,0.0
2022-12-12 00:00:00+09:00,2095.0,2110.0,2045.0,2105.0,38056,0.0,0.0
2022-12-13 00:00:00+09:00,2105.0,2155.0,2055.0,2150.0,50879,0.0,0.0
2022-12-14 00:00:00+09:00,2150.0,2195.0,2115.0,2190.0,38441,0.0,0.0
2022-12-15 00:00:00+09:00,2225.0,2255.0,2210.0,2250.0,53526,0.0,0.0
2022-12-16 00:00:00+09:00,2250.0,2250.0,2215.0,2250.0,36542,0.0,0.0
2022-12-19 00:00:00+09:00,2225.0,2240.0,2180.0,2235.0,22300,0.0,0.0
2022-12-20 00:00:00+09:00,2220.0,2235.0,2150.0,2200.0,28213,0.0,0.0
2022-12-21 00:00:00+09:00,2175.0,2250.0,2150.0,2190.0,35320,0.0,0.0
2022-12-22 00:00:00+09:00,2200.0,2300.0,2140.0,2225.0,137968,0.0,0.0
2022-12-23 00:00:00+09:00,2235.0,2240.0,2105.0,2155.0,53360,0.0,0.0
2022-12-26 00:00:00+09:00,2110.0,2170.0,2110.0,2165.0,58752,0.0,0.0
2022-12-27 00:00:00+09:00,2145.0,2165.0,2105.0,2155.0,25969,0.0,0.0
2022-12-28 00:00:00+09:00,2175.0,2180.0,2050.0,2100.0,33092,0.0,0.0
2022-12-29 00:00:00+09:00,2100.0,2100.0,2010.0,2085.0,24026,0.0,0.0
2023-01-02 00:00:00+09:00,2085.0,2095.0,1955.0,1975.0,76055,0.0,0.0
2023-01-03 00:00:00+09:00,1975.0,1975.0,1845.0,1910.0,124151,0.0,0.0
2023-01-04 00:00:00+09:00,1910.0,2050.0,1895.0,1960.0,82894,0.0,0.0
2023-01-05 00:00:00+09:00,2015.0,2045.0,2000.0,2020.0,20268,0.0,0.0
2023-01-06 00:00:00+09:00,2040.0,2220.0,2030.0,2170.0,156165,0.0,0.0
2023-01-09 00:00:00+09:00,2180.0,2295.0,2170.0,2250.0,102315,0.0,0.0
2023-01-10 00:00:00+09:00,2250.0,2290.0,2235.0,2245.0,58601,0.0,0.0
2023-01-11 00:00:00+09:00,2245.0,2285.0,2220.0,2220.0,31132,0.0,0.0
2023-01-12 00:00:00+09:00,2220.0,2265.0,2210.0,2230.0,23805,0.0,0.0
2023-01-13 00:00:00+09:00,2230.0,2245.0,2205.0,2230.0,24483,0.0,0.0
2023-01-16 00:00:00+09:00,2240.0,2295.0,2230.0,2280.0,46258,0.0,0.0
2023-01-17 00:00:00+09:00,2280.0,2320.0,2250.0,2295.0,24396,0.0,0.0
2023-01-18 00:00:00+09:00,2290.0,2310.0,2200.0,2280.0,19579,0.0,0.0
2023-01-19 00:00:00+09:00,2275.0,2315.0,2250.0,2280.0,7884,0.0,0.0
2023-01-20 00:00:00+09:00,2280.0,2300.0,2235.0,2285.0,43762,0.0,0.0
2023-01-25 00:00:00+09:00,2305.0,2325.0,2250.0,2280.0,73815,0.0,0.0
2023-01-26 00:00:00+09:00,2275.0,2275.0,2225.0,2270.0,33687,0.0,0.0
2023-01-27 00:00:00+09:00,2275.0,2305.0,2205.0,2270.0,30054,0.0,0.0
2023-01-30 00:00:00+09:00,2290.0,2310.0,2240.0,2285.0,29916,0.0,0.0
2023-01-31 00:00:00+09:00,2270.0,2325.0,2270.0,2285.0,7602,0.0,0.0
2023-02-01 00:00:00+09:00,2285.0,2310.0,2255.0,2270.0,21461,0.0,0.0
2023-02-02 00:00:00+09:00,2270.0,2305.0,2250.0,2260.0,32942,0.0,0.0
2023-02-03 00:00:00+09:00,2260.0,2290.0,2170.0,2190.0,42856,0.0,0.0
2023-02-06 00:00:00+09:00,2210.0,2255.0,2190.0,2220.0,26940,0.0,0.0
2023-02-07 00:00:00+09:00,2195.0,2220.0,2180.0,2195.0,29794,0.0,0.0
2023-02-08 00:00:00+09:00,2190.0,2220.0,2105.0,2130.0,88246,0.0,0.0
2023-02-09 00:00:00+09:00,2150.0,2170.0,2130.0,2140.0,36018,0.0,0.0
2023-02-10 00:00:00+09:00,2150.0,2150.0,2065.0,2115.0,36640,0.0,0.0
2023-02-13 00:00:00+09:00,2115.0,2115.0,2040.0,2065.0,24159,0.0,0.0
2023-02-14 00:00:00+09:00,2065.0,2065.0,2020.0,2045.0,22768,0.0,0.0
2023-02-15 00:00:00+09:00,2045.0,2060.0,1981.0,2025.0,60127,0.0,0.0
2023-02-16 00:00:00+09:00,2025.0,2040.0,1984.0,2040.0,46397,0.0,0.0
2023-02-17 00:00:00+09:00,2055.0,2245.0,2050.0,2145.0,83574,0.0,0.0
2023-02-20 00:00:00+09:00,2150.0,2175.0,2115.0,2170.0,46360,0.0,0.0
2023-02-21 00:00:00+09:00,2215.0,2215.0,2145.0,2215.0,52392,0.0,0.0
2023-02-22 00:00:00+09:00,2190.0,2205.0,2115.0,2140.0,28470,0.0,0.0
2023-02-23 00:00:00+09:00,2135.0,2135.0,2090.0,2115.0,7988,0.0,0.0
2023-02-24 00:00:00+09:00,2115.0,2190.0,2115.0,2155.0,36197,0.0,0.0
2023-02-27 00:00:00+09:00,2130.0,2165.0,2130.0,2165.0,26644,0.0,0.0
2023-02-28 00:00:00+09:00,2155.0,2190.0,2135.0,2135.0,22667,0.0,0.0
2023-03-02 00:00:00+09:00,2175.0,2175.0,2130.0,2135.0,16570,0.0,0.0
2023-03-03 00:00:00+09:00,2145.0,2155.0,2125.0,2140.0,23548,0.0,0.0
2023-03-06 00:00:00+09:00,2140.0,2160.0,2090.0,2090.0,25756,0.0,0.0
2023-03-07 00:00:00+09:00,2090.0,2120.0,2055.0,2070.0,62251,0.0,0.0
2023-03-08 00:00:00+09:00,2070.0,2200.0,2070.0,2170.0,59204,0.0,0.0
2023-03-09 00:00:00+09:00,2155.0,2240.0,2145.0,2200.0,26345,0.0,0.0
2023-03-10 00:00:00+09:00,2200.0,2200.0,2140.0,2150.0,13177,0.0,0.0
2023-03-13 00:00:00+09:00,2130.0,2130.0,2060.0,2100.0,26972,0.0,0.0
2023-03-14 00:00:00+09:00,2095.0,2095.0,2025.0,2045.0,32386,0.0,0.0
2023-03-15 00:00:00+09:00,2045.0,2075.0,2030.0,2075.0,21387,0.0,0.0
2023-03-16 00:00:00+09:00,2145.0,2170.0,2100.0,2130.0,45882,0.0,0.0
2023-03-17 00:00:00+09:00,2150.0,2160.0,2130.0,2155.0,16993,0.0,0.0
2023-03-20 00:00:00+09:00,2155.0,2160.0,2100.0,2100.0,21156,0.0,0.0
2023-03-21 00:00:00+09:00,2100.0,2100.0,2055.0,2095.0,17465,0.0,0.0
2023-03-22 00:00:00+09:00,2095.0,2105.0,2075.0,2100.0,12757,0.0,0.0
2023-03-23 00:00:00+09:00,2100.0,2100.0,2070.0,2080.0,10023,0.0,0.0
2023-03-24 00:00:00+09:00,2085.0,2100.0,2060.0,2060.0,15461,0.0,0.0
2023-03-27 00:00:00+09:00,2070.0,2095.0,2020.0,2065.0,14068,0.0,0.0
2023-03-28 00:00:00+09:00,2065.0,2085.0,2030.0,2040.0,21294,0.0,0.0
2023-03-29 00:00:00+09:00,2040.0,2060.0,2000.0,2015.0,25198,0.0,0.0
2023-03-30 00:00:00+09:00,2015.0,2015.0,1980.0,1983.0,21863,0.0,0.0
2023-03-31 00:00:00+09:00,1983.0,1992.0,1972.0,1988.0,21251,0.0,0.0
2023-04-03 00:00:00+09:00,2005.0,2060.0,2000.0,2000.0,16092,0.0,0.0
2023-04-04 00:00:00+09:00,2000.0,2070.0,2000.0,2000.0,34614,0.0,0.0
2023-04-05 00:00:00+09:00,2115.0,2115.0,1975.0,1995.0,82033,0.0,0.0
2023-04-06 00:00:00+09:00,2020.0,2020.0,1987.0,1988.0,16933,0.0,0.0
2023-04-07 00:00:00+09:00,1991.0,2015.0,1989.0,1992.0,11894,0.0,0.0
2023-04-10 00:00:00+09:00,1993.0,2020.0,1992.0,2020.0,37244,0.0,0.0
2023-04-11 00:00:00+09:00,2015.0,2070.0,1999.0,2025.0,28032,0.0,0.0
2023-04-12 00:00:00+09:00,2025.0,2090.0,2005.0,2090.0,35344,0.0,0.0
2023-04-13 00:00:00+09:00,2090.0,2125.0,2070.0,2100.0,60730,0.0,0.0
2023-04-14 00:00:00+09:00,2100.0,2165.0,2080.0,2155.0,63579,0.0,0.0
2023-04-17 00:00:00+09:00,2140.0,2300.0,2130.0,2265.0,121766,0.0,0.0
2023-04-18 00:00:00+09:00,2280.0,2315.0,2240.0,2300.0,106924,0.0,0.0
2023-04-19 00:00:00+09:00,2280.0,2340.0,2250.0,2270.0,128565,0.0,0.0
2023-04-20 00:00:00+09:00,2270.0,2325.0,2235.0,2255.0,44469,0.0,0.0
2023-04-21 00:00:00+09:00,2230.0,2275.0,2185.0,2210.0,56255,0.0,0.0
2023-04-24 00:00:00+09:00,2210.0,2210.0,2035.0,2140.0,40993,0.0,0.0
2023-04-25 00:00:00+09:00,2120.0,2120.0,2050.0,2100.0,48834,0.0,0.0
2023-04-26 00:00:00+09:00,2050.0,2100.0,2040.0,2085.0,30688,0.0,0.0
2023-04-27 00:00:00+09:00,2085.0,2085.0,2045.0,2085.0,14274,0.0,0.0
2023-04-28 00:00:00+09:00,2085.0,2105.0,2045.0,2050.0,47177,0.0,0.0
2023-05-02 00:00:00+09:00,2050.0,2125.0,1972.0,2065.0,23826,0.0,0.0
2023-05-03 00:00:00+09:00,2065.0,2085.0,2030.0,2050.0,25436,0.0,0.0
2023-05-04 00:00:00+09:00,2050.0,2170.0,2030.0,2150.0,18732,0.0,0.0
2023-05-08 00:00:00+09:00,2130.0,2150.0,2080.0,2080.0,32964,0.0,0.0
2023-05-09 00:00:00+09:00,2090.0,2110.0,2045.0,2060.0,26237,0.0,0.0
2023-05-10 00:00:00+09:00,2060.0,2170.0,2030.0,2125.0,73052,0.0,0.0
2023-05-11 00:00:00+09:00,2135.0,2200.0,2125.0,2150.0,73904,0.0,0.0
2023-05-12 00:00:00+09:00,2150.0,2710.0,2150.0,2540.0,2247479,0.0,0.0
2023-05-15 00:00:00+09:00,2470.0,2540.0,2400.0,2470.0,340821,0.0,0.0
2023-05-16 00:00:00+09:00,2470.0,2580.0,2400.0,2525.0,422629,0.0,0.0
2023-05-17 00:00:00+09:00,2565.0,2565.0,2425.0,2530.0,254779,0.0,0.0
2023-05-18 00:00:00+09:00,2530.0,2530.0,2355.0,2420.0,220947,0.0,0.0
2023-05-19 00:00:00+09:00,2420.0,2440.0,2375.0,2400.0,112562,0.0,0.0
2023-05-22 00:00:00+09:00,2495.0,2980.0,2480.0,2630.0,2529388,0.0,0.0
2023-05-23 00:00:00+09:00,2630.0,2630.0,2465.0,2485.0,351914,0.0,0.0
2023-05-24 00:00:00+09:00,2485.0,2490.0,2405.0,2425.0,138766,0.0,0.0
2023-05-25 00:00:00+09:00,2425.0,2430.0,2345.0,2385.0,114859,0.0,0.0
2023-05-26 00:00:00+09:00,2380.0,2460.0,2350.0,2415.0,96656,0.0,0.0
2023-05-30 00:00:00+09:00,2415.0,2485.0,2385.0,2485.0,97913,0.0,0.0
2023-05-31 00:00:00+09:00,2485.0,2505.0,2405.0,2415.0,94656,0.0,0.0
2023-06-01 00:00:00+09:00,2415.0,2465.0,2375.0,2420.0,72970,0.0,0.0
2023-06-02 00:00:00+09:00,2420.0,2485.0,2370.0,2480.0,85502,0.0,0.0
2023-06-05 00:00:00+09:00,2480.0,2500.0,2420.0,2495.0,68220,0.0,0.0
2023-06-07 00:00:00+09:00,2530.0,2555.0,2455.0,2515.0,149073,0.0,0.0
2023-06-08 00:00:00+09:00,2515.0,2560.0,2455.0,2490.0,102682,0.0,0.0
2023-06-09 00:00:00+09:00,2505.0,2515.0,2455.0,2480.0,63516,0.0,0.0
2023-06-12 00:00:00+09:00,2480.0,2495.0,2440.0,2445.0,56408,0.0,0.0
2023-06-13 00:00:00+09:00,2475.0,2540.0,2445.0,2540.0,157885,0.0,0.0
2023-06-14 00:00:00+09:00,2665.0,2665.0,2460.0,2485.0,267121,0.0,0.0
2023-06-15 00:00:00+09:00,2550.0,2550.0,2320.0,2475.0,183186,0.0,0.0
2023-06-16 00:00:00+09:00,2475.0,2490.0,2410.0,2480.0,72549,0.0,0.0
2023-06-19 00:00:00+09:00,2530.0,2595.0,2415.0,2520.0,176896,0.0,0.0
2023-06-20 00:00:00+09:00,2545.0,2785.0,2545.0,2735.0,1168261,0.0,0.0
2023-06-21 00:00:00+09:00,2495.0,2555.0,2420.0,2460.0,449071,0.0,0.0
2023-06-22 00:00:00+09:00,2450.0,2450.0,2290.0,2315.0,266103,0.0,0.0
2023-06-23 00:00:00+09:00,2320.0,2395.0,2260.0,2370.0,88928,0.0,0.0
2023-06-26 00:00:00+09:00,2370.0,2455.0,2315.0,2420.0,60632,0.0,0.0
2023-06-27 00:00:00+09:00,2455.0,2470.0,2380.0,2415.0,70728,0.0,0.0
2023-06-28 00:00:00+09:00,2390.0,2425.0,2350.0,2375.0,60932,0.0,0.0
2023-06-29 00:00:00+09:00,2355.0,2380.0,2310.0,2310.0,65803,0.0,0.0
2023-06-30 00:00:00+09:00,2285.0,2380.0,2270.0,2350.0,60157,0.0,0.0
2023-07-03 00:00:00+09:00,2430.0,2430.0,2350.0,2350.0,70179,0.0,0.0
2023-07-04 00:00:00+09:00,2375.0,2400.0,2335.0,2375.0,52439,0.0,0.0
2023-07-05 00:00:00+09:00,2375.0,2400.0,2350.0,2355.0,37039,0.0,0.0
2023-07-06 00:00:00+09:00,2355.0,2355.0,2290.0,2305.0,44635,0.0,0.0
2023-07-07 00:00:00+09:00,2285.0,2285.0,2215.0,2220.0,43542,0.0,0.0
2023-07-10 00:00:00+09:00,2215.0,2310.0,2165.0,2285.0,79216,0.0,0.0
2023-07-12 00:00:00+09:00,2305.0,2330.0,2280.0,2295.0,31743,0.0,0.0
2023-07-13 00:00:00+09:00,2295.0,2370.0,2280.0,2350.0,64134,0.0,0.0
2023-07-14 00:00:00+09:00,2340.0,2445.0,2330.0,2400.0,70588,0.0,0.0
2023-07-17 00:00:00+09:00,2400.0,2445.0,2310.0,2400.0,52595,0.0,0.0
2023-07-18 00:00:00+09:00,2390.0,2445.0,2350.0,2380.0,31311,0.0,0.0
2023-07-19 00:00:00+09:00,2380.0,2410.0,2320.0,2365.0,62810,0.0,0.0
2023-07-20 00:00:00+09:00,2365.0,2400.0,2210.0,2235.0,108596,0.0,0.0
2023-07-21 00:00:00+09:00,2215.0,2225.0,2110.0,2125.0,133991,0.0,0.0
2023-07-24 00:00:00+09:00,2120.0,2120.0,2000.0,2020.0,137308,0.0,0.0
2023-07-25 00:00:00+09:00,2020.0,2035.0,1990.0,2005.0,74429,0.0,0.0
2023-07-26 00:00:00+09:00,2005.0,2005.0,1891.0,1913.0,142340,0.0,0.0
2023-07-27 00:00:00+09:00,1893.0,1970.0,1821.0,1939.0,57473,0.0,0.0
2023-07-28 00:00:00+09:00,1939.0,2110.0,1939.0,2050.0,63885,0.0,0.0
2023-07-31 00:00:00+09:00,2080.0,2130.0,2030.0,2030.0,47218,0.0,0.0
2023-08-01 00:00:00+09:00,2030.0,2140.0,2030.0,2100.0,41985,0.0,0.0
2023-08-02 00:00:00+09:00,2100.0,2120.0,2045.0,2050.0,43051,0.0,0.0
2023-08-03 00:00:00+09:00,2040.0,2070.0,2000.0,2030.0,24900,0.0,0.0
2023-08-04 00:00:00+09:00,2010.0,2035.0,1989.0,2035.0,65407,0.0,0.0
2023-08-07 00:00:00+09:00,2065.0,2140.0,2040.0,2080.0,29724,0.0,0.0
2023-08-08 00:00:00+09:00,2035.0,2080.0,1991.0,2070.0,76741,0.0,0.0
2023-08-09 00:00:00+09:00,2035.0,2050.0,1999.0,2050.0,17057,0.0,0.0
2023-08-10 00:00:00+09:00,2050.0,2065.0,1999.0,2065.0,13934,0.0,0.0
2023-08-11 00:00:00+09:00,2045.0,2170.0,2005.0,2050.0,26082,0.0,0.0
2023-08-14 00:00:00+09:00,2060.0,2200.0,2025.0,2110.0,37373,0.0,0.0
2023-08-16 00:00:00+09:00,2080.0,2090.0,2030.0,2050.0,26077,0.0,0.0
2023-08-17 00:00:00+09:00,2005.0,2190.0,2005.0,2100.0,30272,0.0,0.0
2023-08-18 00:00:00+09:00,2080.0,2185.0,2030.0,2070.0,28220,0.0,0.0
2023-08-21 00:00:00+09:00,2025.0,2150.0,2010.0,2085.0,57001,0.0,0.0
2023-08-22 00:00:00+09:00,2085.0,2140.0,2060.0,2120.0,22871,0.0,0.0
2023-08-23 00:00:00+09:00,2120.0,2140.0,2080.0,2135.0,16087,0.0,0.0
2023-08-24 00:00:00+09:00,2135.0,2155.0,2090.0,2095.0,11612,0.0,0.0
2023-08-25 00:00:00+09:00,2095.0,2140.0,2040.0,2090.0,65472,0.0,0.0
2023-08-28 00:00:00+09:00,2110.0,2130.0,2085.0,2130.0,25709,0.0,0.0
2023-08-29 00:00:00+09:00,2150.0,2150.0,2110.0,2125.0,11179,0.0,0.0
2023-08-30 00:00:00+09:00,2125.0,2150.0,2075.0,2115.0,16191,0.0,0.0
2023-08-31 00:00:00+09:00,2095.0,2135.0,2080.0,2135.0,43659,0.0,0.0
2023-09-01 00:00:00+09:00,2110.0,2115.0,2070.0,2080.0,42302,0.0,0.0
2023-09-04 00:00:00+09:00,2055.0,2090.0,2030.0,2080.0,77131,0.0,0.0
2023-09-05 00:00:00+09:00,2100.0,2100.0,2000.0,2010.0,61974,0.0,0.0
2023-09-06 00:00:00+09:00,2030.0,2050.0,2010.0,2040.0,19587,0.0,0.0
2023-09-07 00:00:00+09:00,2030.0,2030.0,1999.0,1999.0,24403,0.0,0.0
2023-09-08 00:00:00+09:00,1999.0,2020.0,1978.0,2020.0,33105,0.0,0.0
2023-09-11 00:00:00+09:00,2020.0,2020.0,1997.0,2015.0,9945,0.0,0.0
2023-09-12 00:00:00+09:00,2015.0,2040.0,1994.0,2015.0,29068,0.0,0.0
2023-09-13 00:00:00+09:00,2010.0,2015.0,1992.0,1993.0,10079,0.0,0.0
2023-09-14 00:00:00+09:00,1989.0,2035.0,1976.0,2025.0,21130,0.0,0.0
2023-09-15 00:00:00+09:00,2020.0,2050.0,2010.0,2050.0,7664,0.0,0.0
2023-09-18 00:00:00+09:00,2040.0,2115.0,2020.0,2080.0,36591,0.0,0.0
2023-09-19 00:00:00+09:00,2075.0,2150.0,2065.0,2105.0,49806,0.0,0.0
2023-09-20 00:00:00+09:00,2090.0,2115.0,2050.0,2080.0,22531,0.0,0.0
2023-09-21 00:00:00+09:00,1980.0,2010.0,1882.0,1882.0,106730,0.0,0.0
2023-09-22 00:00:00+09:00,1860.0,1965.0,1815.0,1932.0,31412,0.0,0.0
2023-09-25 00:00:00+09:00,1900.0,1910.0,1850.0,1869.0,46850,0.0,0.0
2023-09-26 00:00:00+09:00,1887.0,1931.0,1855.0,1890.0,38720,0.0,0.0
2023-09-27 00:00:00+09:00,1880.0,1882.0,1815.0,1855.0,45808,0.0,0.0
2023-10-04 00:00:00+09:00,1855.0,1859.0,1755.0,1772.0,89426,0.0,0.0
2023-10-05 00:00:00+09:00,1898.0,1915.0,1778.0,1790.0,72708,0.0,0.0
2023-10-06 00:00:00+09:00,1826.0,1826.0,1790.0,1820.0,46648,0.0,0.0
2023-10-10 00:00:00+09:00,1838.0,1850.0,1790.0,1790.0,50846,0.0,0.0
2023-10-11 00:00:00+09:00,1733.0,1790.0,1733.0,1790.0,62515,0.0,0.0
2023-10-12 00:00:00+09:00,1817.0,1865.0,1811.0,1838.0,36527,0.0,0.0
2023-10-13 00:00:00+09:00,1839.0,1857.0,1805.0,1856.0,23411,0.0,0.0
2023-10-16 00:00:00+09:00,1813.0,1875.0,1780.0,1780.0,29666,0.0,0.0
2023-10-17 00:00:00+09:00,1780.0,1861.0,1762.0,1859.0,40167,0.0,0.0
2023-10-18 00:00:00+09:00,1872.0,1903.0,1841.0,1887.0,19022,0.0,0.0
2023-10-19 00:00:00+09:00,1851.0,1872.0,1807.0,1845.0,10364,0.0,0.0
2023-10-20 00:00:00+09:00,1800.0,1826.0,1762.0,1785.0,24121,0.0,0.0
2023-10-23 00:00:00+09:00,1785.0,1785.0,1750.0,1750.0,15485,0.0,0.0
2023-10-24 00:00:00+09:00,1730.0,1840.0,1704.0,1840.0,18922,0.0,0.0
2023-10-25 00:00:00+09:00,1859.0,1866.0,1795.0,1800.0,15894,0.0,0.0
2023-10-26 00:00:00+09:00,1782.0,1798.0,1721.0,1721.0,19771,0.0,0.0
2023-10-27 00:00:00+09:00,1705.0,1745.0,1703.0,1729.0,19048,0.0,0.0
2023-10-30 00:00:00+09:00,1734.0,1777.0,1719.0,1775.0,14638,0.0,0.0
2023-10-31 00:00:00+09:00,1776.0,1833.0,1731.0,1760.0,26150,0.0,0.0
2023-11-01 00:00:00+09:00,1725.0,1844.0,1725.0,1836.0,41544,0.0,0.0
2023-11-02 00:00:00+09:00,1809.0,1840.0,1787.0,1839.0,30197,0.0,0.0
2023-11-03 00:00:00+09:00,1849.0,1873.0,1824.0,1859.0,44065,0.0,0.0
2023-11-06 00:00:00+09:00,1875.0,1913.0,1828.0,1913.0,51957,0.0,0.0
2023-11-07 00:00:00+09:00,1932.0,1932.0,1885.0,1917.0,21687,0.0,0.0
2023-11-08 00:00:00+09:00,1933.0,1939.0,1894.0,1923.0,5806,0.0,0.0
2023-11-09 00:00:00+09:00,1915.0,1948.0,1909.0,1944.0,12557,0.0,0.0
2023-11-10 00:00:00+09:00,1927.0,1950.0,1905.0,1950.0,44366,0.0,0.0
2023-11-13 00:00:00+09:00,1941.0,1950.0,1912.0,1912.0,13734,0.0,0.0
2023-11-14 00:00:00+09:00,1886.0,1947.0,1886.0,1930.0,26984,0.0,0.0
2023-11-15 00:00:00+09:00,1969.0,1970.0,1931.0,1969.0,51325,0.0,0.0
2023-11-16 00:00:00+09:00,1950.0,1972.0,1884.0,1962.0,67323,0.0,0.0
2023-11-17 00:00:00+09:00,1962.0,1962.0,1923.0,1962.0,12146,0.0,0.0
2023-11-20 00:00:00+09:00,1923.0,1970.0,1923.0,1965.0,26745,0.0,0.0
2023-11-21 00:00:00+09:00,1971.0,2005.0,1964.0,1997.0,26368,0.0,0.0
2023-11-22 00:00:00+09:00,1997.0,1998.0,1955.0,1980.0,10480,0.0,0.0
2023-11-23 00:00:00+09:00,2020.0,2020.0,1967.0,1987.0,10684,0.0,0.0
2023-11-24 00:00:00+09:00,1987.0,2040.0,1972.0,2030.0,26346,0.0,0.0
2023-11-27 00:00:00+09:00,2010.0,2050.0,1990.0,2045.0,14586,0.0,0.0
2023-11-28 00:00:00+09:00,2020.0,2045.0,1983.0,1998.0,25266,0.0,0.0
2023-11-29 00:00:00+09:00,1998.0,2055.0,1979.0,1980.0,21483,0.0,0.0
2023-11-30 00:00:00+09:00,1980.0,2025.0,1960.0,2000.0,42232,0.0,0.0
2023-12-01 00:00:00+09:00,2080.0,2080.0,1952.0,1952.0,40527,0.0,0.0
2023-12-04 00:00:00+09:00,1952.0,1952.0,1894.0,1940.0,24341,0.0,0.0
2023-12-05 00:00:00+09:00,1960.0,2065.0,1946.0,2005.0,43580,0.0,0.0
2023-12-06 00:00:00+09:00,1985.0,2005.0,1954.0,1994.0,31183,0.0,0.0
2023-12-07 00:00:00+09:00,1987.0,2065.0,1956.0,2055.0,44634,0.0,0.0
2023-12-08 00:00:00+09:00,2055.0,2200.0,2055.0,2190.0,108425,0.0,0.0
2023-12-11 00:00:00+09:00,2160.0,2255.0,2145.0,2230.0,76619,0.0,0.0
2023-12-12 00:00:00+09:00,2225.0,2255.0,2170.0,2215.0,28920,0.0,0.0
2023-12-13 00:00:00+09:00,2220.0,2240.0,2110.0,2180.0,40847,0.0,0.0
2023-12-14 00:00:00+09:00,2175.0,2265.0,2150.0,2230.0,105157,0.0,0.0
2023-12-15 00:00:00+09:00,2225.0,2305.0,2225.0,2260.0,38551,0.0,0.0
2023-12-18 00:00:00+09:00,2220.0,2315.0,2220.0,2310.0,50554,0.0,0.0
2023-12-19 00:00:00+09:00,2290.0,2325.0,2275.0,2325.0,42076,0.0,0.0
2023-12-20 00:00:00+09:00,2275.0,2355.0,2275.0,2350.0,42761,0.0,0.0
2023-12-21 00:00:00+09:00,2350.0,2380.0,2325.0,2380.0,23519,0.0,0.0
2023-12-22 00:00:00+09:00,2325.0,2395.0,2290.0,2395.0,82142,0.0,0.0
2023-12-26 00:00:00+09:00,2395.0,2405.0,2365.0,2395.0,31377,0.0,0.0
2023-12-27 00:00:00+09:00,2375.0,2400.0,2325.0,2400.0,22126,0.0,0.0
2023-12-28 00:00:00+09:00,2355.0,2395.0,2355.0,2390.0,15502,0.0,0.0
2024-01-02 00:00:00+09:00,2365.0,2390.0,2320.0,2350.0,60615,0.0,0.0
2024-01-03 00:00:00+09:00,2350.0,2405.0,2305.0,2305.0,49233,0.0,0.0
2024-01-04 00:00:00+09:00,2305.0,2350.0,2210.0,2340.0,50072,0.0,0.0
2024-01-05 00:00:00+09:00,2310.0,2360.0,2290.0,2340.0,21908,0.0,0.0
2024-01-08 00:00:00+09:00,2340.0,2390.0,2340.0,2385.0,36254,0.0,0.0
2024-01-09 00:00:00+09:00,2360.0,2440.0,2360.0,2375.0,50588,0.0,0.0
2024-01-10 00:00:00+09:00,2340.0,2375.0,2330.0,2360.0,27454,0.0,0.0
2024-01-11 00:00:00+09:00,2310.0,2400.0,2310.0,2400.0,18013,0.0,0.0
2024-01-12 00:00:00+09:00,2400.0,2430.0,2385.0,2420.0,42419,0.0,0.0
2024-01-15 00:00:00+09:00,2415.0,2465.0,2410.0,2455.0,52108,0.0,0.0
2024-01-16 00:00:00+09:00,2455.0,2510.0,2400.0,2440.0,46000,0.0,0.0
2024-01-17 00:00:00+09:00,2350.0,2375.0,2340.0,2340.0,12879,0.0,0.0
2024-01-18 00:00:00+09:00,2270.0,2390.0,2265.0,2320.0,6539,0.0,0.0
2024-01-19 00:00:00+09:00,2330.0,2490.0,2315.0,2315.0,28912,0.0,0.0
2024-01-22 00:00:00+09:00,2340.0,2450.0,2320.0,2440.0,45636,0.0,0.0
2024-01-23 00:00:00+09:00,2415.0,2465.0,2390.0,2405.0,9653,0.0,0.0
2024-01-24 00:00:00+09:00,2350.0,2430.0,2350.0,2405.0,11791,0.0,0.0
2024-01-25 00:00:00+09:00,2420.0,2505.0,2390.0,2450.0,39605,0.0,0.0
2024-01-26 00:00:00+09:00,2400.0,2475.0,2390.0,2445.0,21288,0.0,0.0
2024-01-29 00:00:00+09:00,2460.0,2460.0,2410.0,2430.0,22297,0.0,0.0
2024-01-30 00:00:00+09:00,2430.0,2450.0,2350.0,2450.0,11493,0.0,0.0
2024-01-31 00:00:00+09:00,2450.0,2455.0,2400.0,2450.0,53659,0.0,0.0
2024-02-01 00:00:00+09:00,2370.0,2525.0,2355.0,2510.0,35659,0.0,0.0
2024-02-02 00:00:00+09:00,2510.0,2560.0,2510.0,2540.0,32485,0.0,0.0
2024-02-05 00:00:00+09:00,2550.0,2580.0,2470.0,2545.0,23080,0.0,0.0
2024-02-06 00:00:00+09:00,2580.0,2580.0,2495.0,2500.0,8292,0.0,0.0
2024-02-07 00:00:00+09:00,2500.0,2520.0,2475.0,2480.0,39751,0.0,0.0
2024-02-08 00:00:00+09:00,2480.0,2510.0,2475.0,2505.0,36308,0.0,0.0
2024-02-13 00:00:00+09:00,2505.0,2515.0,2495.0,2510.0,21079,0.0,0.0
2024-02-14 00:00:00+09:00,2485.0,2510.0,2485.0,2485.0,16676,0.0,0.0
2024-02-15 00:00:00+09:00,2555.0,2555.0,2495.0,2510.0,12584,0.0,0.0
2024-02-16 00:00:00+09:00,2510.0,2610.0,2510.0,2585.0,70793,0.0,0.0
2024-02-19 00:00:00+09:00,2645.0,2645.0,2500.0,2540.0,24935,0.0,0.0
2024-02-20 00:00:00+09:00,2505.0,2585.0,2500.0,2560.0,11694,0.0,0.0
2024-02-21 00:00:00+09:00,2560.0,2615.0,2470.0,2570.0,16488,0.0,0.0
2024-02-22 00:00:00+09:00,2570.0,2600.0,2520.0,2560.0,13102,0.0,0.0
2024-02-23 00:00:00+09:00,2595.0,2595.0,2530.0,2560.0,13253,0.0,0.0
2024-02-26 00:00:00+09:00,2545.0,2575.0,2485.0,2555.0,13479,0.0,0.0
2024-02-27 00:00:00+09:00,2645.0,2645.0,2390.0,2430.0,16550,0.0,0.0
2024-02-28 00:00:00+09:00,2375.0,2430.0,2305.0,2305.0,21325,0.0,0.0
2024-02-29 00:00:00+09:00,2265.0,2330.0,2265.0,2305.0,5356,0.0,0.0
2024-03-04 00:00:00+09:00,2375.0,2375.0,2300.0,2300.0,20161,0.0,0.0
2024-03-05 00:00:00+09:00,2300.0,2470.0,2300.0,2425.0,11460,0.0,0.0
2024-03-06 00:00:00+09:00,2400.0,2490.0,2295.0,2360.0,34486,0.0,0.0
2024-03-07 00:00:00+09:00,2375.0,2405.0,2295.0,2320.0,28805,0.0,0.0
2024-03-08 00:00:00+09:00,2300.0,2495.0,2300.0,2450.0,37786,0.0,0.0
2024-03-11 00:00:00+09:00,2605.0,2605.0,2450.0,2535.0,48156,0.0,0.0
2024-03-12 00:00:00+09:00,2500.0,2500.0,2420.0,2480.0,34999,0.0,0.0
2024-03-13 00:00:00+09:00,2480.0,2510.0,2400.0,2415.0,14867,0.0,0.0
2024-03-14 00:00:00+09:00,2430.0,2515.0,2415.0,2435.0,16659,0.0,0.0
2024-03-15 00:00:00+09:00,2480.0,2600.0,2415.0,2565.0,46229,0.0,0.0
2024-03-18 00:00:00+09:00,2500.0,2585.0,2450.0,2500.0,35333,0.0,0.0
2024-03-19 00:00:00+09:00,2455.0,2455.0,2370.0,2440.0,15162,0.0,0.0
2024-03-20 00:00:00+09:00,2440.0,2480.0,2360.0,2480.0,66926,0.0,0.0
2024-03-21 00:00:00+09:00,2560.0,2560.0,2410.0,2485.0,16813,0.0,0.0
2024-03-22 00:00:00+09:00,2480.0,2480.0,2380.0,2420.0,17736,0.0,0.0
2024-03-25 00:00:00+09:00,2390.0,2420.0,2375.0,2400.0,10656,0.0,0.0
2024-03-26 00:00:00+09:00,2400.0,2470.0,2380.0,2425.0,30822,0.0,0.0
2024-03-27 00:00:00+09:00,2425.0,2440.0,2340.0,2380.0,22271,0.0,0.0
2024-03-28 00:00:00+09:00,2380.0,2400.0,2220.0,2220.0,36950,0.0,0.0
2024-03-29 00:00:00+09:00,2245.0,2350.0,2220.0,2295.0,22196,0.0,0.0
2024-04-01 00:00:00+09:00,2290.0,2290.0,2190.0,2260.0,20844,0.0,0.0
2024-04-02 00:00:00+09:00,2225.0,2300.0,2155.0,2155.0,29371,0.0,0.0
2024-04-03 00:00:00+09:00,2170.0,2175.0,2100.0,2155.0,10092,0.0,0.0
2024-04-04 00:00:00+09:00,2155.0,2235.0,2105.0,2160.0,11027,0.0,0.0
2024-04-05 00:00:00+09:00,2085.0,2100.0,1722.0,1722.0,146125,0.0,0.0
2024-04-08 00:00:00+09:00,1740.0,1789.0,1726.0,1729.0,57115,0.0,0.0
2024-04-09 00:00:00+09:00,1729.0,1774.0,1716.0,1726.0,37991,0.0,0.0
2024-04-11 00:00:00+09:00,1726.0,1740.0,1641.0,1727.0,20803,0.0,0.0
2024-04-12 00:00:00+09:00,1731.0,2240.0,1731.0,1800.0,1698045,0.0,0.0
2024-04-15 00:00:00+09:00,1748.0,1774.0,1700.0,1720.0,178511,0.0,0.0
2024-04-16 00:00:00+09:00,1724.0,1749.0,1703.0,1720.0,34028,0.0,0.0
2024-04-17 00:00:00+09:00,1726.0,1839.0,1726.0,1810.0,65978,0.0,0.0
2024-04-18 00:00:00+09:00,1810.0,1937.0,1789.0,1834.0,56553,0.0,0.0
2024-04-19 00:00:00+09:00,1854.0,1900.0,1854.0,1890.0,31023,0.0,0.0
2024-04-22 00:00:00+09:00,1994.0,1994.0,1879.0,1906.0,34031,0.0,0.0
2024-04-23 00:00:00+09:00,1927.0,1976.0,1907.0,1946.0,22066,0.0,0.0
2024-04-24 00:00:00+09:00,1946.0,2330.0,1935.0,1980.0,255891,0.0,0.0
2024-04-25 00:00:00+09:00,1997.0,2165.0,1962.0,2020.0,77950,0.0,0.0
2024-04-26 00:00:00+09:00,2020.0,2125.0,1987.0,2070.0,13481,0.0,0.0
2024-04-29 00:00:00+09:00,1996.0,2135.0,1996.0,2100.0,14269,0.0,0.0
2024-04-30 00:00:00+09:00,2025.0,2125.0,2025.0,2080.0,12467,0.0,0.0
2024-05-02 00:00:00+09:00,2080.0,2140.0,2060.0,2135.0,26452,0.0,0.0
2024-05-03 00:00:00+09:00,2115.0,2170.0,2025.0,2085.0,21021,0.0,0.0
2024-05-07 00:00:00+09:00,2125.0,2170.0,2045.0,2170.0,25036,0.0,0.0
2024-05-08 00:00:00+09:00,2130.0,2145.0,1970.0,1998.0,84754,0.0,0.0
2024-05-09 00:00:00+09:00,1939.0,2050.0,1785.0,1827.0,82237,0.0,0.0
2024-05-10 00:00:00+09:00,1827.0,1851.0,1805.0,1845.0,12618,0.0,0.0
2024-05-13 00:00:00+09:00,1833.0,1851.0,1810.0,1812.0,22449,0.0,0.0
2024-05-14 00:00:00+09:00,1785.0,1834.0,1780.0,1820.0,17959,0.0,0.0
2024-05-16 00:00:00+09:00,1820.0,1834.0,1766.0,1779.0,39822,0.0,0.0
2024-05-17 00:00:00+09:00,1778.0,1778.0,1707.0,1720.0,43702,0.0,0.0
2024-05-20 00:00:00+09:00,1720.0,1758.0,1695.0,1755.0,34159,0.0,0.0
2024-05-21 00:00:00+09:00,1761.0,1761.0,1687.0,1700.0,31353,0.0,0.0
2024-05-22 00:00:00+09:00,1706.0,1706.0,1615.0,1654.0,35997,0.0,0.0
2024-05-23 00:00:00+09:00,1703.0,1703.0,1638.0,1656.0,31115,0.0,0.0
2024-05-24 00:00:00+09:00,1656.0,1700.0,1600.0,1600.0,31662,0.0,0.0
2024-05-27 00:00:00+09:00,1610.0,1610.0,1551.0,1569.0,51176,0.0,0.0
2024-05-28 00:00:00+09:00,1574.0,1590.0,1569.0,1570.0,21536,0.0,0.0
2024-05-29 00:00:00+09:00,1575.0,1585.0,1568.0,1570.0,14593,0.0,0.0
2024-05-30 00:00:00+09:00,1556.0,1556.0,1470.0,1471.0,74185,0.0,0.0
2024-05-31 00:00:00+09:00,1461.0,1500.0,1450.0,1498.0,60997,0.0,0.0
2024-06-03 00:00:00+09:00,1513.0,1631.0,1500.0,1552.0,20136,0.0,0.0
2024-06-04 00:00:00+09:00,1622.0,1622.0,1556.0,1586.0,37909,0.0,0.0
2024-06-05 00:00:00+09:00,1590.0,1626.0,1517.0,1517.0,68090,0.0,0.0
2024-06-07 00:00:00+09:00,1532.0,1589.0,1435.0,1435.0,43092,0.0,0.0
2024-06-10 00:00:00+09:00,1435.0,1561.0,1435.0,1461.0,26843,0.0,0.0
2024-06-11 00:00:00+09:00,1462.0,1545.0,1462.0,1503.0,19747,0.0,0.0
2024-06-12 00:00:00+09:00,1503.0,1583.0,1474.0,1505.0,16506,0.0,0.0
2024-06-13 00:00:00+09:00,1593.0,1593.0,1493.0,1493.0,8371,0.0,0.0
2024-06-14 00:00:00+09:00,1507.0,1547.0,1430.0,1449.0,57564,0.0,0.0
2024-06-17 00:00:00+09:00,1449.0,1736.0,1387.0,1387.0,470520,0.0,0.0
2024-06-18 00:00:00+09:00,1387.0,1449.0,1385.0,1444.0,57615,0.0,0.0
2024-06-19 00:00:00+09:00,1500.0,1643.0,1407.0,1417.0,173919,0.0,0.0
2024-06-20 00:00:00+09:00,1417.0,1476.0,1393.0,1470.0,24300,0.0,0.0
2024-06-21 00:00:00+09:00,1470.0,1485.0,1430.0,1473.0,27348,0.0,0.0
2024-06-24 00:00:00+09:00,1467.0,1473.0,1445.0,1446.0,10363,0.0,0.0
2024-06-25 00:00:00+09:00,1440.0,1522.0,1420.0,1480.0,8581,0.0,0.0
2024-06-26 00:00:00+09:00,1465.0,1473.0,1451.0,1452.0,1670,0.0,0.0
2024-06-27 00:00:00+09:00,1452.0,1463.0,1380.0,1411.0,23203,0.0,0.0
2024-06-28 00:00:00+09:00,1412.0,1441.0,1401.0,1401.0,14858,0.0,0.0
2024-07-01 00:00:00+09:00,1400.0,1468.0,1400.0,1423.0,2026196,0.0,0.0
2024-07-02 00:00:00+09:00,1439.0,1444.0,1410.0,1424.0,23271,0.0,0.0
2024-07-03 00:00:00+09:00,1418.0,1431.0,1380.0,1382.0,68784,0.0,0.0
2024-07-04 00:00:00+09:00,1382.0,1440.0,1382.0,1410.0,35639,0.0,0.0
2024-07-05 00:00:00+09:00,1184.0,1197.0,1124.0,1129.0,1465788,0.0,0.0
2024-07-08 00:00:00+09:00,1129.0,1156.0,1123.0,1144.0,177193,0.0,0.0
2024-07-09 00:00:00+09:00,1144.0,1161.0,1135.0,1140.0,162341,0.0,0.0
2024-07-10 00:00:00+09:00,1140.0,1158.0,1137.0,1147.0,80242,0.0,0.0
2024-07-11 00:00:00+09:00,1147.0,1185.0,1146.0,1180.0,106532,0.0,0.0
2024-07-12 00:00:00+09:00,1180.0,1234.0,1170.0,1234.0,130337,0.0,0.0
2024-07-15 00:00:00+09:00,1240.0,1344.0,1240.0,1307.0,463919,0.0,0.0
2024-07-16 00:00:00+09:00,1307.0,1650.0,1283.0,1481.0,3228378,0.0,0.0
2024-07-17 00:00:00+09:00,1470.0,1481.0,1370.0,1450.0,312938,0.0,0.0
2024-07-18 00:00:00+09:00,1382.0,1433.0,1380.0,1390.0,134956,0.0,0.0
2024-07-19 00:00:00+09:00,1390.0,1430.0,1258.0,1413.0,209036,0.0,0.0
2024-07-22 00:00:00+09:00,1398.0,1410.0,1356.0,1390.0,68079,0.0,0.0
2024-07-23 00:00:00+09:00,1378.0,1403.0,1365.0,1389.0,25526,0.0,0.0
2024-07-24 00:00:00+09:00,1387.0,1436.0,1371.0,1425.0,32920,0.0,0.0
2024-07-25 00:00:00+09:00,1450.0,1539.0,1383.0,1492.0,138561,0.0,0.0
2024-07-26 00:00:00+09:00,1503.0,1540.0,1477.0,1480.0,78751,0.0,0.0
2024-07-29 00:00:00+09:00,1480.0,1502.0,1453.0,1466.0,29787,0.0,0.0
2024-07-30 00:00:00+09:00,1466.0,1494.0,1370.0,1433.0,28178,0.0,0.0
2024-07-31 00:00:00+09:00,1433.0,1494.0,1424.0,1483.0,68557,0.0,0.0
2024-08-01 00:00:00+09:00,1483.0,1535.0,1467.0,1525.0,54022,0.0,0.0
2024-08-02 00:00:00+09:00,1525.0,1588.0,1500.0,1574.0,52499,0.0,0.0
2024-08-05 00:00:00+09:00,1549.0,1560.0,1456.0,1533.0,112292,0.0,0.0
2024-08-06 00:00:00+09:00,1473.0,1600.0,1473.0,1570.0,98165,0.0,0.0
2024-08-07 00:00:00+09:00,1556.0,1619.0,1556.0,1613.0,40227,0.0,0.0
2024-08-08 00:00:00+09:00,1597.0,1730.0,1560.0,1720.0,70271,0.0,0.0
2024-08-09 00:00:00+09:00,1702.0,2095.0,1685.0,2030.0,679909,0.0,0.0
2024-08-12 00:00:00+09:00,2040.0,2060.0,1939.0,1951.0,135065,0.0,0.0
2024-08-13 00:00:00+09:00,1946.0,2015.0,1920.0,1943.0,49830,0.0,0.0
2024-08-14 00:00:00+09:00,1943.0,2090.0,1910.0,2025.0,88097,0.0,0.0
2024-08-16 00:00:00+09:00,2025.0,2130.0,2000.0,2120.0,131686,0.0,0.0
2024-08-19 00:00:00+09:00,2180.0,2180.0,2090.0,2160.0,88373,0.0,0.0
2024-08-20 00:00:00+09:00,2160.0,2300.0,2160.0,2275.0,113158,0.0,0.0
2024-08-21 00:00:00+09:00,2275.0,2275.0,2205.0,2240.0,62672,0.0,0.0
2024-08-22 00:00:00+09:00,2240.0,2270.0,2120.0,2140.0,87175,0.0,0.0
2024-08-23 00:00:00+09:00,2120.0,2140.0,2065.0,2120.0,31537,0.0,0.0
2024-08-26 00:00:00+09:00,2120.0,2195.0,2050.0,2145.0,50508,0.0,0.0
2024-08-27 00:00:00+09:00,2100.0,2180.0,2100.0,2125.0,16483,0.0,0.0
2024-08-28 00:00:00+09:00,2120.0,2200.0,2110.0,2180.0,65553,0.0,0.0
2024-08-29 00:00:00+09:00,2165.0,2290.0,2165.0,2245.0,73702,0.0,0.0
2024-08-30 00:00:00+09:00,2245.0,2260.0,2130.0,2225.0,42507,0.0,0.0
2024-09-02 00:00:00+09:00,2225.0,2315.0,2195.0,2280.0,23775,0.0,0.0
2024-09-03 00:00:00+09:00,2260.0,2330.0,2245.0,2270.0,29748,0.0,0.0
2024-09-04 00:00:00+09:00,2205.0,2275.0,2180.0,2215.0,31839,0.0,0.0
2024-09-05 00:00:00+09:00,2155.0,2250.0,2095.0,2205.0,16467,0.0,0.0
2024-09-06 00:00:00+09:00,2205.0,2250.0,2040.0,2105.0,47738,0.0,0.0
2024-09-09 00:00:00+09:00,2075.0,2130.0,2065.0,2105.0,8684,0.0,0.0
2024-09-10 00:00:00+09:00,2105.0,2215.0,2060.0,2060.0,25031,0.0,0.0
2024-09-11 00:00:00+09:00,2060.0,2170.0,2040.0,2045.0,58115,0.0,0.0
2024-09-12 00:00:00+09:00,2045.0,2190.0,2045.0,2070.0,11359,0.0,0.0
2024-09-13 00:00:00+09:00,2070.0,2300.0,2065.0,2200.0,106289,0.0,0.0
2024-09-19 00:00:00+09:00,2185.0,2295.0,2170.0,2260.0,30522,0.0,0.0
2024-09-20 00:00:00+09:00,2260.0,2295.0,2240.0,2270.0,38127,0.0,0.0
2024-09-23 00:00:00+09:00,2250.0,2250.0,2185.0,2225.0,20807,0.0,0.0
2024-09-24 00:00:00+09:00,2205.0,2295.0,2170.0,2200.0,39806,0.0,0.0
2024-09-25 00:00:00+09:00,2200.0,2280.0,2110.0,2260.0,41063,0.0,0.0
2024-09-26 00:00:00+09:00,2240.0,2320.0,2205.0,2320.0,83878,0.0,0.0
2024-09-27 00:00:00+09:00,2315.0,2315.0,2260.0,2315.0,17357,0.0,0.0
2024-09-30 00:00:00+09:00,2315.0,2375.0,2260.0,2350.0,42456,0.0,0.0
2024-10-02 00:00:00+09:00,2350.0,2395.0,2290.0,2340.0,42228,0.0,0.0
2024-10-04 00:00:00+09:00,2340.0,2360.0,2320.0,2355.0,24030,0.0,0.0
2024-10-07 00:00:00+09:00,2355.0,2375.0,2295.0,2295.0,16563,0.0,0.0
2024-10-08 00:00:00+09:00,2295.0,2360.0,2150.0,2155.0,71987,0.0,0.0
2024-10-10 00:00:00+09:00,2155.0,2295.0,2155.0,2185.0,24404,0.0,0.0
2024-10-11 00:00:00+09:00,2165.0,2250.0,2155.0,2190.0,11310,0.0,0.0
2024-10-14 00:00:00+09:00,2185.0,2280.0,2175.0,2280.0,43950,0.0,0.0
2024-10-15 00:00:00+09:00,2250.0,2325.0,2220.0,2270.0,16373,0.0,0.0
2024-10-16 00:00:00+09:00,2265.0,2290.0,2225.0,2270.0,25247,0.0,0.0
2024-10-17 00:00:00+09:00,2235.0,2255.0,2175.0,2220.0,6698,0.0,0.0
2024-10-18 00:00:00+09:00,2190.0,2285.0,2170.0,2195.0,21066,0.0,0.0
