Date,Open,High,Low,Close,Volume,Dividends,Stock Splits
1997-03-06 00:00:00-05:00,181.29886363636365,197.9974431818182,176.5278409090909,196.8046875,81350,0.0,0.0
1997-03-07 00:00:00-05:00,197.99745772512335,226.62359619140625,195.61194618626644,226.62359619140625,19425,0.0,0.0
1997-03-10 00:00:00-05:00,219.46705807921705,229.00910408266128,214.69603507749494,221.85256958007812,11795,0.0,0.0
1997-03-11 00:00:00-05:00,229.00911122744844,243.32218067916398,221.85257650159068,231.39462280273438,3245,0.0,0.0
1997-03-12 00:00:00-05:00,226.6235944058033,233.78012896598653,219.46705984562,224.2380828857422,5485,0.0,0.0
1997-03-13 00:00:00-05:00,231.39462105433145,231.39462105433145,219.46706326802573,229.0091094970703,5015,0.0,0.0
1997-03-14 00:00:00-05:00,219.46706326802573,231.39462105433145,219.46706326802573,229.0091094970703,315,0.0,0.0
1997-03-17 00:00:00-05:00,233.78013261159262,236.16564416885376,226.62359793980917,229.0091094970703,7940,0.0,0.0
1997-03-18 00:00:00-05:00,226.62358653788664,233.78012084960938,226.62358653788664,233.78012084960938,7090,0.0,0.0
1997-03-19 00:00:00-05:00,233.7801238853894,233.7801238853894,226.6235894807346,227.81634521484375,1415,0.0,0.0
1997-03-20 00:00:00-05:00,226.6235996521625,231.39462280273438,226.6235996521625,231.39462280273438,1565,0.0,0.0
1997-03-21 00:00:00-05:00,231.39462105433145,231.39462105433145,226.62359793980917,229.0091094970703,330,0.0,0.0
1997-03-24 00:00:00-05:00,226.62359071814495,226.62359071814495,219.46705627441406,219.46705627441406,3305,0.0,0.0
1997-03-25 00:00:00-05:00,219.46705627441406,219.46705627441406,214.6960333119268,219.46705627441406,3115,0.0,0.0
1997-03-26 00:00:00-05:00,221.85256958007812,221.85256958007812,217.081546578356,221.85256958007812,4935,0.0,0.0
1997-03-27 00:00:00-05:00,221.85258148528717,221.85258148528717,217.08155822753906,217.08155822753906,335,0.0,0.0
1997-03-31 00:00:00-05:00,214.69604320740433,221.85257798098448,212.31053161621094,212.31053161621094,265,0.0,0.0
1997-04-01 00:00:00-05:00,212.3105235766339,221.85256958007812,212.3105235766339,221.85256958007812,5655,0.0,0.0
1997-04-02 00:00:00-05:00,221.85257458295976,221.85257458295976,217.0815514736488,218.27430725097656,380,0.0,0.0
1997-04-03 00:00:00-05:00,214.69602966308594,214.69602966308594,214.69602966308594,214.69602966308594,35,0.0,0.0
1997-04-04 00:00:00-05:00,221.8525639851888,221.8525639851888,214.69602966308594,214.69602966308594,90,0.0,0.0
1997-04-07 00:00:00-04:00,214.69604659866502,221.85258148528717,214.69604659866502,217.08155822753906,160,0.0,0.0
1997-04-08 00:00:00-04:00,214.69603507749494,221.85256958007812,214.69603507749494,221.85256958007812,65,0.0,0.0
1997-04-09 00:00:00-04:00,224.23809311416125,224.23809311416125,214.69604659866502,217.08155822753906,1210,0.0,0.0
1997-04-10 00:00:00-04:00,214.69604320740433,224.23808957217784,212.31053161621094,212.31053161621094,1180,0.0,0.0
1997-04-11 00:00:00-04:00,209.9250030517578,209.9250030517578,209.9250030517578,209.9250030517578,270,0.0,0.0
1997-04-14 00:00:00-04:00,209.92501034943956,219.46705627441406,209.92501034943956,219.46705627441406,265,0.0,0.0
1997-04-15 00:00:00-04:00,219.46706638979109,219.46706638979109,209.92502002501755,212.31053161621094,1090,0.0,0.0
1997-04-16 00:00:00-04:00,214.6960333119268,221.8525677556577,214.6960333119268,219.46705627441406,365,0.0,0.0
1997-04-17 00:00:00-04:00,219.46705254448784,219.46705254448784,214.69602966308594,214.69602966308594,95,0.0,0.0
1997-04-18 00:00:00-04:00,214.69602966308594,214.69602966308594,214.69602966308594,214.69602966308594,0,0.0,0.0
1997-04-21 00:00:00-04:00,214.69604320740433,219.46706638979109,212.31053161621094,212.31053161621094,435,0.0,0.0
1997-04-22 00:00:00-04:00,212.31053161621094,214.69604320740433,212.31053161621094,212.31053161621094,495,0.0,0.0
1997-04-23 00:00:00-04:00,212.31051822238499,217.0815411037869,212.31051822238499,214.69602966308594,225,0.0,0.0
1997-04-24 00:00:00-04:00,212.31053161621094,212.31053161621094,212.31053161621094,212.31053161621094,30,0.0,0.0
1997-04-25 00:00:00-04:00,209.92501034943956,219.46705627441406,209.92501034943956,219.46705627441406,405,0.0,0.0
1997-04-28 00:00:00-04:00,221.85256958007812,221.85256958007812,217.081546578356,221.85256958007812,190,0.0,0.0
1997-04-29 00:00:00-04:00,212.31053161621094,212.31053161621094,212.31053161621094,212.31053161621094,100,0.0,0.0
1997-04-30 00:00:00-04:00,212.31053496979095,217.08155822753906,209.9250233409169,217.08155822753906,370,0.0,0.0
1997-05-01 00:00:00-04:00,217.081546578356,221.85256958007812,217.081546578356,221.85256958007812,980,0.0,0.0
1997-05-02 00:00:00-04:00,224.23808031743116,240.93666076660156,216.48516796603062,240.93666076660156,1490,0.0,0.0
1997-05-05 00:00:00-04:00,240.93667103419793,257.63525219498393,240.93667103419793,255.24974060058594,1560,0.0,0.0
1997-05-06 00:00:00-04:00,252.86420625853305,252.86420625853305,238.55113797974818,245.70767211914062,1315,0.0,0.0
1997-05-07 00:00:00-04:00,245.7076891385592,252.86422377366287,245.7076891385592,248.09320068359375,1460,0.0,0.0
1997-05-08 00:00:00-04:00,243.322187389027,271.9483270818537,243.322187389027,262.4062805175781,650,0.0,0.0
1997-05-09 00:00:00-04:00,271.948299407959,271.948299407959,257.6352310180664,267.1772766113281,595,0.0,0.0
1997-05-12 00:00:00-04:00,271.948287379488,283.87584384350066,260.0207309154754,280.2975769042969,910,0.0,0.0
1997-05-13 00:00:00-04:00,286.26136779785156,319.6585273742676,274.3338108062744,305.345458984375,1145,0.0,0.0
1997-05-14 00:00:00-04:00,310.1165060172404,333.9716218647204,310.1165060172404,317.2730407714844,1180,0.0,0.0
1997-05-15 00:00:00-04:00,314.887510011522,348.2846701642592,314.887510011522,331.5860900878906,1475,0.0,0.0
1997-05-16 00:00:00-04:00,329.2005847532358,338.7426306881122,319.6585388183594,319.6585388183594,1085,0.0,0.0
1997-05-19 00:00:00-04:00,324.4295860877404,331.5861210749699,305.3454927884615,310.11651611328125,2910,0.0,0.0
1997-05-20 00:00:00-04:00,310.11650933159723,319.65855577256946,291.03241644965277,300.574462890625,690,0.0,0.0
1997-05-21 00:00:00-04:00,310.11648178100586,310.11648178100586,305.345458984375,305.345458984375,45,0.0,0.0
1997-05-22 00:00:00-04:00,293.4179246963993,310.1165057766822,293.4179246963993,295.8034362792969,90,0.0,0.0
1997-05-23 00:00:00-04:00,293.41790199279785,305.345458984375,293.41790199279785,305.345458984375,370,0.0,0.0
1997-05-27 00:00:00-04:00,291.0324228140024,310.11651611328125,291.0324228140024,310.11651611328125,1075,0.0,0.0
1997-05-28 00:00:00-04:00,307.7309875488281,307.7309875488281,307.7309875488281,307.7309875488281,65,0.0,0.0
1997-05-29 00:00:00-04:00,305.34547334558823,324.4295654296875,305.34547334558823,324.4295654296875,1215,0.0,0.0
1997-05-30 00:00:00-04:00,298.188938814051,324.4295654296875,291.03240428251377,324.4295654296875,1755,0.0,0.0
1997-06-02 00:00:00-04:00,348.2846620912905,357.8267076280382,314.8875027126736,322.0440368652344,715,0.0,0.0
1997-06-03 00:00:00-04:00,319.65851626188856,331.5860728388247,314.8874936311141,329.2005615234375,690,0.0,0.0
1997-06-04 00:00:00-04:00,326.81508396693636,348.2846880231585,326.81508396693636,333.97161865234375,1230,0.0,0.0
1997-06-05 00:00:00-04:00,333.97158415421194,333.97158415421194,329.2005615234375,329.2005615234375,245,0.0,0.0
1997-06-06 00:00:00-04:00,329.2006022135417,343.513671875,329.2006022135417,343.513671875,95,0.0,0.0
1997-06-09 00:00:00-04:00,333.97159200319106,343.5136374889965,333.97159200319106,338.74261474609375,1260,0.0,0.0
1997-06-10 00:00:00-04:00,348.28466023189924,353.0556829748019,333.97159200319106,338.74261474609375,7610,0.0,0.0
1997-06-11 00:00:00-04:00,341.1281705815741,341.1281705815741,333.9716355344082,336.3571472167969,695,0.0,0.0
1997-06-12 00:00:00-04:00,341.12812611754515,341.12812611754515,333.97159200319106,338.74261474609375,3720,0.0,0.0
1997-06-13 00:00:00-04:00,338.74261474609375,338.74261474609375,338.74261474609375,338.74261474609375,15,0.0,0.0
1997-06-16 00:00:00-04:00,338.74263939490686,372.1398010253906,338.74263939490686,372.1398010253906,990,0.0,0.0
1997-06-17 00:00:00-04:00,372.1397900390625,372.1397900390625,355.4412097167969,357.82672119140625,780,0.0,0.0
1997-06-18 00:00:00-04:00,362.5977478027344,362.5977478027344,362.5977478027344,362.5977478027344,50,0.0,0.0
1997-06-19 00:00:00-04:00,362.5977505387931,362.5977505387931,345.899169921875,345.899169921875,690,0.0,0.0
1997-06-20 00:00:00-04:00,343.5136374889965,348.28466023189924,338.74261474609375,338.74261474609375,450,0.0,0.0
1997-06-23 00:00:00-04:00,341.12812611754515,353.0556829748019,338.74261474609375,338.74261474609375,195,0.0,0.0
1997-06-24 00:00:00-04:00,338.7426486545139,355.44122992621527,338.7426486545139,343.513671875,335,0.0,0.0
1997-06-25 00:00:00-04:00,338.7426486545139,347.0919392903646,338.7426486545139,343.513671875,210,0.0,0.0
1997-06-26 00:00:00-04:00,343.51366489955353,343.51366489955353,333.97161865234375,333.97161865234375,340,0.0,0.0
1997-06-27 00:00:00-04:00,333.9716114717371,338.74263449276197,314.88751938763784,324.4295654296875,1605,0.0,0.0
1997-06-30 00:00:00-04:00,320.8512878417969,324.42955499244886,319.6585321249129,320.8512878417969,755,0.0,0.0
1997-07-01 00:00:00-04:00,310.1164723170623,317.27300629360985,305.34544966603056,312.5019836425781,495,0.0,0.0
1997-07-02 00:00:00-04:00,312.5020277756911,312.5020277756911,310.11651611328125,310.11651611328125,150,0.0,0.0
1997-07-03 00:00:00-04:00,310.11651611328125,310.11651611328125,310.11651611328125,310.11651611328125,25,0.0,0.0
1997-07-07 00:00:00-04:00,310.1164723170623,319.65851761912575,310.1164723170623,312.5019836425781,2420,0.0,0.0
1997-07-08 00:00:00-04:00,312.50201760198837,317.2730407714844,312.50201760198837,317.2730407714844,835,0.0,0.0
1997-07-09 00:00:00-04:00,310.1164892948035,314.88751220703125,310.1164892948035,314.88751220703125,150,0.0,0.0
1997-07-10 00:00:00-04:00,317.27300629360985,317.27300629360985,310.1164723170623,312.5019836425781,4045,0.0,0.0
1997-07-11 00:00:00-04:00,319.65851626188856,329.2005615234375,317.2730049465014,329.2005615234375,595,0.0,0.0
1997-07-14 00:00:00-04:00,329.20059911462647,367.3687845192208,329.20059911462647,360.2122497558594,1185,0.0,0.0
1997-07-15 00:00:00-04:00,357.82672480533,372.1397937975432,357.82672480533,362.5977478027344,945,0.0,0.0
1997-07-16 00:00:00-04:00,357.82671885885253,386.45285636756074,357.82671885885253,374.5252990722656,4035,0.0,0.0
1997-07-17 00:00:00-04:00,369.7542859362317,376.91082050273945,362.597751369724,367.3687744140625,3840,0.0,0.0
1997-07-18 00:00:00-04:00,355.44122992621527,360.2122531467014,336.35713704427087,343.513671875,720,0.0,0.0
1997-07-21 00:00:00-04:00,343.51364878061656,353.0556945800781,333.971602981155,353.0556945800781,2825,0.0,0.0
1997-07-22 00:00:00-04:00,355.44120602994354,364.9832518294051,353.0556945800781,353.0556945800781,35,0.0,0.0
1997-07-23 00:00:00-04:00,362.59776789967606,405.53697725621663,357.8267446378382,391.2239074707031,2180,0.0,0.0
1997-07-24 00:00:00-04:00,401.9586964749742,429.3920793204472,395.99491759552353,415.0790100097656,2955,0.0,0.0
1997-07-25 00:00:00-04:00,415.0790100097656,415.0790100097656,395.99491759552353,415.0790100097656,4155,0.0,0.0
1997-07-28 00:00:00-04:00,415.0790100097656,415.0790100097656,400.76594069908407,415.0790100097656,495,0.0,0.0
1997-07-29 00:00:00-04:00,419.85002415154565,453.2471851636005,405.53695514637934,443.70513916015625,5970,0.0,0.0
1997-07-30 00:00:00-04:00,424.6210471532678,458.01820816532256,424.6210471532678,443.70513916015625,3815,0.0,0.0
1997-07-31 00:00:00-04:00,442.51240370008685,477.10232204861114,442.51240370008685,472.331298828125,2490,0.0,0.0
1997-08-01 00:00:00-04:00,481.8733178710938,481.8733178710938,458.018203125,477.102294921875,705,0.0,0.0
1997-08-04 00:00:00-04:00,477.10232204861114,477.10232204861114,462.7892523871528,472.331298828125,1480,0.0,0.0
1997-08-05 00:00:00-04:00,477.10230841708545,481.8733315012563,467.56026224874375,474.716796875,3160,0.0,0.0
1997-08-06 00:00:00-04:00,472.331298828125,477.10232204861114,472.331298828125,472.331298828125,70,0.0,0.0
1997-08-07 00:00:00-04:00,477.10232204861114,477.10232204861114,467.5602756076389,472.331298828125,440,0.0,0.0
1997-08-08 00:00:00-04:00,467.56025032375175,467.56025032375175,424.62104366136634,438.9341125488281,2255,0.0,0.0
1997-08-11 00:00:00-04:00,438.9341125488281,438.9341125488281,429.3920666238536,438.9341125488281,130,0.0,0.0
1997-08-12 00:00:00-04:00,438.9341125488281,438.9341125488281,434.1630895863409,438.9341125488281,340,0.0,0.0
1997-08-13 00:00:00-04:00,429.3920616194003,438.93410743316474,412.6934814453125,412.6934814453125,1840,0.0,0.0
1997-08-14 00:00:00-04:00,415.07902377989234,415.07902377989234,391.2239074707031,391.2239074707031,470,0.0,0.0
1997-08-15 00:00:00-04:00,395.9949035644531,405.5369494334761,395.9949035644531,395.9949035644531,35,0.0,0.0
1997-08-18 00:00:00-04:00,391.22388421921505,400.76593017578125,388.8383727300735,400.76593017578125,1145,0.0,0.0
1997-08-19 00:00:00-04:00,398.3804423634599,412.6935121489734,391.2239074707031,391.2239074707031,930,0.0,0.0
1997-08-20 00:00:00-04:00,395.9949035644531,395.9949035644531,395.9949035644531,395.9949035644531,10,0.0,0.0
1997-08-21 00:00:00-04:00,410.30798468338816,472.3312846936678,395.9949154502467,453.2471923828125,8355,0.0,0.0
1997-08-22 00:00:00-04:00,448.476172765096,462.7892421086629,448.476172765096,458.0182189941406,575,0.0,0.0
1997-08-25 00:00:00-04:00,462.78924560546875,462.78924560546875,453.247199304325,462.78924560546875,190,0.0,0.0
1997-08-26 00:00:00-04:00,462.78922736126447,462.78922736126447,438.9341125488281,438.9341125488281,240,0.0,0.0
1997-08-27 00:00:00-04:00,438.93412953969596,441.31964111328125,438.93412953969596,441.31964111328125,145,0.0,0.0
1997-08-28 00:00:00-04:00,453.2471923828125,453.2471923828125,453.2471923828125,453.2471923828125,15,0.0,0.0
1997-08-29 00:00:00-04:00,438.93413971282627,443.70516297057435,434.1631164550781,434.1631164550781,415,0.0,0.0
1997-09-02 00:00:00-04:00,434.1631164550781,434.1631164550781,434.1631164550781,434.1631164550781,0,0.0,0.0
1997-09-03 00:00:00-04:00,434.1631164550781,448.4761862283225,430.58484901176706,434.1631164550781,555,0.0,0.0
1997-09-04 00:00:00-04:00,429.39208641480866,429.39208641480866,415.07901686764836,424.6210632324219,810,0.0,0.0
1997-09-05 00:00:00-04:00,411.5007085578386,419.8499982966933,410.3079528808594,410.3079528808594,140,0.0,0.0
1997-09-08 00:00:00-04:00,405.53697050287485,424.6210632324219,381.68185459094104,424.6210632324219,6485,0.0,0.0
1997-09-09 00:00:00-04:00,417.46451929995885,453.2471923828125,417.46451929995885,453.2471923828125,1260,0.0,0.0
1997-09-10 00:00:00-04:00,395.99490719749815,415.0789991106306,362.5977463495164,400.76593017578125,21765,0.0,0.0
1997-09-11 00:00:00-04:00,398.3804074511116,410.3079645604263,379.29631607620803,386.4528503417969,3685,0.0,0.0
1997-09-12 00:00:00-04:00,393.609375,393.609375,376.91079545454545,393.609375,2010,0.0,0.0
1997-09-15 00:00:00-04:00,393.6093846073857,393.6093846073857,381.68182749807096,386.4528503417969,2195,0.0,0.0
1997-09-16 00:00:00-04:00,386.45285250756046,386.45285250756046,367.3687610257056,369.7542724609375,1610,0.0,0.0
1997-09-17 00:00:00-04:00,364.9832556152344,369.7542785644531,357.82672119140625,357.82672119140625,2515,0.0,0.0
1997-09-18 00:00:00-04:00,355.4412159886853,369.7542850889009,338.7426353717672,345.899169921875,3200,0.0,0.0
1997-09-19 00:00:00-04:00,345.8991834852431,353.05571831597223,338.7426486545139,343.513671875,2620,0.0,0.0
1997-09-22 00:00:00-04:00,336.35712385506463,348.2846814385776,333.97161233836204,345.899169921875,4805,0.0,0.0
1997-09-23 00:00:00-04:00,333.9715975094465,364.9832458496094,333.9715975094465,364.9832458496094,1350,0.0,0.0
1997-09-24 00:00:00-04:00,374.5253125704252,384.0673587505634,364.983266390287,372.1398010253906,11730,0.0,0.0
1997-09-25 00:00:00-04:00,379.2963356604943,379.2963356604943,372.1398010253906,372.1398010253906,3515,0.0,0.0
1997-09-26 00:00:00-04:00,379.29632199038366,379.29632199038366,362.59774177697057,374.5252990722656,12585,0.0,0.0
1997-09-29 00:00:00-04:00,367.3687744140625,369.7542859362317,364.9832628918932,367.3687744140625,405,0.0,0.0
1997-09-30 00:00:00-04:00,364.9832556152344,364.9832556152344,357.82672119140625,357.82672119140625,875,0.0,0.0
1997-10-01 00:00:00-04:00,362.59776134364654,362.59776134364654,357.82673816807227,360.2122497558594,600,0.0,0.0
1997-10-02 00:00:00-04:00,357.82672119140625,357.82672119140625,357.82672119140625,357.82672119140625,475,0.0,0.0
1997-10-03 00:00:00-04:00,357.82673115632974,357.82673115632974,348.2846849921609,350.6701965332031,8055,0.0,0.0
1997-10-06 00:00:00-04:00,343.51365480222904,350.6701892772755,333.97160883550043,341.1281433105469,1995,0.0,0.0
1997-10-07 00:00:00-04:00,345.899160230482,355.44120602994354,343.51364878061656,353.0556945800781,5595,0.0,0.0
1997-10-08 00:00:00-04:00,357.8267317551833,381.68184720552887,357.8267317551833,372.1398010253906,1790,0.0,0.0
1997-10-09 00:00:00-04:00,376.9108167949476,376.9108167949476,362.5977478027344,362.5977478027344,4820,0.0,0.0
1997-10-10 00:00:00-04:00,364.9832556152344,364.9832556152344,353.0556982421875,357.82672119140625,1425,0.0,0.0
1997-10-13 00:00:00-04:00,357.82672119140625,362.597744140625,355.4412097167969,357.82672119140625,7825,0.0,0.0
1997-10-14 00:00:00-04:00,362.59774959788604,405.5369567871094,355.4412150663488,405.5369567871094,15060,0.0,0.0
1997-10-15 00:00:00-04:00,400.7659443623311,446.0906642604519,393.60940964157516,441.31964111328125,2965,0.0,0.0
1997-10-16 00:00:00-04:00,431.7775795346215,441.3196254911877,400.76593017578125,400.76593017578125,1905,0.0,0.0
1997-10-17 00:00:00-04:00,400.76593654141107,410.3079826495399,360.2122405818635,388.83837890625,1715,0.0,0.0
1997-10-20 00:00:00-04:00,388.83836782661973,388.83836782661973,367.3687646950886,374.5252990722656,495,0.0,0.0
1997-10-21 00:00:00-04:00,376.91083106994625,381.6818542480469,376.91083106994625,381.6818542480469,145,0.0,0.0
1997-10-22 00:00:00-04:00,376.9108241154598,388.8383818406325,367.36877793532153,372.1398010253906,2620,0.0,0.0
1997-10-23 00:00:00-04:00,362.5977478027344,364.9832593014366,353.0557018079256,362.5977478027344,830,0.0,0.0
1997-10-24 00:00:00-04:00,362.5977284606074,362.5977284606074,336.3571033746424,338.74261474609375,1810,0.0,0.0
1997-10-27 00:00:00-05:00,343.51364646259293,343.51364646259293,320.8512878417969,320.8512878417969,1460,0.0,0.0
1997-10-28 00:00:00-05:00,305.3454483695652,350.67016336192256,300.57442573879075,329.2005615234375,1660,0.0,0.0
1997-10-29 00:00:00-05:00,338.7426486545139,343.513671875,326.81509060329864,343.513671875,1385,0.0,0.0
1997-10-30 00:00:00-05:00,338.74261474609375,338.74261474609375,338.74261474609375,338.74261474609375,10,0.0,0.0
1997-10-31 00:00:00-05:00,348.2846822367086,367.3687744140625,329.2005900593547,367.3687744140625,1960,0.0,0.0
1997-11-03 00:00:00-05:00,367.36876708984374,376.91081298828124,353.0556982421875,357.82672119140625,1005,0.0,0.0
1997-11-04 00:00:00-05:00,357.8267242948888,362.5977472854873,343.5136553230932,351.8629455566406,285,0.0,0.0
1997-11-05 00:00:00-05:00,353.0557018079256,362.5977478027344,353.0557018079256,362.5977478027344,270,0.0,0.0
1997-11-06 00:00:00-05:00,367.3687708001388,367.3687708001388,353.0557018079256,362.5977478027344,115,0.0,0.0
1997-11-07 00:00:00-05:00,351.8629523037242,362.5977542384141,345.8991734511187,350.6701965332031,450,0.0,0.0
1997-11-10 00:00:00-05:00,362.5977615356445,410.30799331665037,357.82673835754395,381.6818542480469,2955,0.0,0.0
1997-11-11 00:00:00-05:00,391.2238933856671,395.9949164757362,362.59775484525244,372.1398010253906,1725,0.0,0.0
1997-11-12 00:00:00-05:00,367.36877793532153,379.2963356604943,367.36877793532153,372.1398010253906,385,0.0,0.0
1997-11-13 00:00:00-05:00,367.3687708001388,367.3687708001388,343.51365581311677,362.5977478027344,1130,0.0,0.0
1997-11-14 00:00:00-05:00,364.983266390287,372.1398010253906,362.59775484525244,372.1398010253906,225,0.0,0.0
1997-11-17 00:00:00-05:00,379.2963282936498,379.2963282936498,362.5977478027344,362.5977478027344,1085,0.0,0.0
1997-11-18 00:00:00-05:00,367.36877793532153,372.1398010253906,367.36877793532153,372.1398010253906,125,0.0,0.0
1997-11-19 00:00:00-05:00,376.91082763671875,376.91082763671875,372.13980450207674,376.91082763671875,155,0.0,0.0
1997-11-20 00:00:00-05:00,367.36877793532153,386.45287029559796,367.36877793532153,372.1398010253906,755,0.0,0.0
1997-11-21 00:00:00-05:00,376.9108241154598,376.9108241154598,367.36877793532153,372.1398010253906,260,0.0,0.0
1997-11-24 00:00:00-05:00,362.597744140625,369.7542785644531,357.82672119140625,357.82672119140625,315,0.0,0.0
1997-11-25 00:00:00-05:00,357.82673427036826,362.5977573939732,333.97161865234375,333.97161865234375,430,0.0,0.0
1997-11-26 00:00:00-05:00,329.2006022135417,353.05571831597223,329.2006022135417,343.513671875,740,0.0,0.0
1997-11-28 00:00:00-05:00,353.0556982421875,357.82672119140625,353.0556982421875,357.82672119140625,75,0.0,0.0
1997-12-01 00:00:00-05:00,353.05570528104704,367.3687744140625,353.05570528104704,367.3687744140625,255,0.0,0.0
1997-12-02 00:00:00-05:00,360.2122363040322,372.1397937975432,360.2122363040322,362.5977478027344,210,0.0,0.0
1997-12-03 00:00:00-05:00,372.1398010253906,376.9108241154598,364.983266390287,372.1398010253906,1140,0.0,0.0
1997-12-04 00:00:00-05:00,374.5252990722656,374.5252990722656,374.5252990722656,374.5252990722656,195,0.0,0.0
1997-12-05 00:00:00-05:00,374.52530271902026,384.06734864816724,367.36876827215997,379.29632568359375,1930,0.0,0.0
1997-12-08 00:00:00-05:00,381.6818542480469,391.22390060424806,381.6818542480469,381.6818542480469,850,0.0,0.0
1997-12-09 00:00:00-05:00,391.2238933856671,391.2238933856671,372.1398010253906,372.1398010253906,1065,0.0,0.0
1997-12-10 00:00:00-05:00,367.3687744140625,372.13979745840095,357.82672832538555,367.3687744140625,155,0.0,0.0
1997-12-11 00:00:00-05:00,357.82670571770467,360.21221708915607,338.74261474609375,338.74261474609375,2705,0.0,0.0
1997-12-12 00:00:00-05:00,345.89914073114807,345.89914073114807,324.429538892663,329.2005615234375,2010,0.0,0.0
1997-12-15 00:00:00-05:00,343.51364511986304,350.6701793931935,333.97159942208907,348.28466796875,6805,0.0,0.0
1997-12-16 00:00:00-05:00,343.51364511986304,348.28466796875,343.51364511986304,348.28466796875,95,0.0,0.0
1997-12-17 00:00:00-05:00,348.28466023189924,348.28466023189924,333.97159200319106,338.74261474609375,1025,0.0,0.0
1997-12-18 00:00:00-05:00,329.2005884507123,329.2005884507123,319.6585424086627,324.4295654296875,1170,0.0,0.0
1997-12-19 00:00:00-05:00,324.4295654296875,326.8150769401999,317.2730308981503,324.4295654296875,480,0.0,0.0
1997-12-22 00:00:00-05:00,329.2005809437145,329.2005809437145,307.7309778386896,314.88751220703125,965,0.0,0.0
1997-12-23 00:00:00-05:00,310.11648178100586,311.3092374801636,295.8034133911133,305.345458984375,695,0.0,0.0
1997-12-24 00:00:00-05:00,305.34546638257575,314.88751220703125,300.574443470348,314.88751220703125,565,0.0,0.0
1997-12-26 00:00:00-05:00,314.88751220703125,314.88751220703125,314.88751220703125,314.88751220703125,0,0.0,0.0
1997-12-29 00:00:00-05:00,319.658549281529,338.74264177594864,319.658549281529,333.97161865234375,1950,0.0,0.0
1997-12-30 00:00:00-05:00,329.2005692602883,338.74261474609375,329.2005692602883,338.74261474609375,155,0.0,0.0
1997-12-31 00:00:00-05:00,338.74263939490686,376.9108241154598,329.2005932147687,372.1398010253906,1215,0.0,0.0
1998-01-02 00:00:00-05:00,372.1397838961694,374.5252953314012,353.05569241431454,369.7542724609375,290,0.0,0.0
1998-01-05 00:00:00-05:00,350.6701965332031,353.05570807424533,343.5136619100765,350.6701965332031,1410,0.0,0.0
1998-01-06 00:00:00-05:00,357.826713666524,357.826713666524,345.89915654430655,348.28466796875,1750,0.0,0.0
1998-01-07 00:00:00-05:00,336.35712385506463,345.899169921875,333.97161233836204,345.899169921875,95,0.0,0.0
1998-01-08 00:00:00-05:00,343.513671875,343.513671875,343.513671875,343.513671875,50,0.0,0.0
1998-01-09 00:00:00-05:00,333.97159200319106,348.28466023189924,333.97159200319106,338.74261474609375,825,0.0,0.0
1998-01-12 00:00:00-05:00,325.6223211849437,333.9716114717371,322.0440539191751,324.4295654296875,760,0.0,0.0
1998-01-13 00:00:00-05:00,319.65851626188856,329.2005615234375,314.8874936311141,329.2005615234375,500,0.0,0.0
1998-01-14 00:00:00-05:00,324.4295654296875,324.4295654296875,319.6585424086627,324.4295654296875,155,0.0,0.0
1998-01-15 00:00:00-05:00,319.65852548104743,324.4295482494213,319.65852548104743,322.0440368652344,455,0.0,0.0
1998-01-16 00:00:00-05:00,314.88751220703125,314.88751220703125,305.34546638257575,314.88751220703125,390,0.0,0.0
1998-01-20 00:00:00-05:00,317.2730273346403,319.6585388183594,310.116492883483,319.6585388183594,565,0.0,0.0
1998-01-21 00:00:00-05:00,310.1164892948035,314.88751220703125,305.34546638257575,314.88751220703125,380,0.0,0.0
1998-01-22 00:00:00-05:00,305.345458984375,305.345458984375,291.0323905944824,305.345458984375,620,0.0,0.0
1998-01-23 00:00:00-05:00,286.261379435911,286.261379435911,271.9483104641155,281.4903564453125,1130,0.0,0.0
1998-01-26 00:00:00-05:00,271.9483202063519,276.7193433678668,269.5628086255944,274.3338317871094,1650,0.0,0.0
1998-01-27 00:00:00-05:00,271.948299407959,274.3338108062744,257.6352310180664,267.1772766113281,2815,0.0,0.0
1998-01-28 00:00:00-05:00,267.17730034722223,283.87588161892364,267.17730034722223,279.1048583984375,3970,0.0,0.0
1998-01-29 00:00:00-05:00,281.4903564453125,288.6468909312103,281.4903564453125,281.4903564453125,2345,0.0,0.0
1998-01-30 00:00:00-05:00,283.8758679406117,286.261379435911,281.4903564453125,281.4903564453125,5435,0.0,0.0
1998-02-02 00:00:00-05:00,283.8758642262426,283.8758642262426,270.7555511737692,276.7193298339844,135,0.0,0.0
1998-02-03 00:00:00-05:00,283.8758711381392,283.8758711381392,275.5265808105469,275.5265808105469,500,0.0,0.0
1998-02-04 00:00:00-05:00,276.71932608621165,281.490348949767,267.1772803591009,271.94830322265625,1320,0.0,0.0
1998-02-05 00:00:00-05:00,267.1773037997159,271.9483270818537,260.02076887650924,262.4062805175781,2515,0.0,0.0
1998-02-06 00:00:00-05:00,262.4062789113898,262.4062789113898,245.70769752611955,249.2859649658203,2305,0.0,0.0
1998-02-09 00:00:00-05:00,250.47870600989106,260.020751953125,248.09319452408258,260.020751953125,7025,0.0,0.0
1998-02-10 00:00:00-05:00,262.40625381469727,267.1772766113281,255.24971961975098,267.1772766113281,8140,0.0,0.0
1998-02-11 00:00:00-05:00,271.94830120496516,291.03239251759425,271.94830120496516,288.6468811035156,2635,0.0,0.0
1998-02-12 00:00:00-05:00,291.0323886390494,291.0323886390494,283.8758544921875,283.8758544921875,740,0.0,0.0
1998-02-13 00:00:00-05:00,283.8758750040023,291.03240966796875,283.8758750040023,291.03240966796875,865,0.0,0.0
1998-02-17 00:00:00-05:00,291.03240966796875,291.03240966796875,286.26138655865776,291.03240966796875,810,0.0,0.0
1998-02-18 00:00:00-05:00,286.2613830566406,286.2613830566406,286.2613830566406,286.2613830566406,15,0.0,0.0
1998-02-19 00:00:00-05:00,295.8034362792969,295.8034362792969,288.6469015306042,295.8034362792969,130,0.0,0.0
1998-02-20 00:00:00-05:00,294.610676999952,294.610676999952,291.03240966796875,291.03240966796875,350,0.0,0.0
1998-02-23 00:00:00-05:00,291.03239251759425,292.2251482246336,286.261369689437,288.6468811035156,930,0.0,0.0
1998-02-24 00:00:00-05:00,281.4903450012207,283.87585639953613,267.1772766113281,267.1772766113281,1225,0.0,0.0
1998-02-25 00:00:00-05:00,281.4903450012207,281.4903450012207,262.40625381469727,267.1772766113281,595,0.0,0.0
1998-02-26 00:00:00-05:00,267.17729008305184,269.5628016016505,262.40626704585446,264.7917785644531,980,0.0,0.0
1998-02-27 00:00:00-05:00,262.4062736079378,264.79178518619176,248.0932041384139,252.86422729492188,1185,0.0,0.0
1998-03-02 00:00:00-05:00,262.4062736079378,262.4062736079378,248.0932041384139,252.86422729492188,460,0.0,0.0
1998-03-03 00:00:00-05:00,257.6352300599564,260.0207414494004,252.86420728106833,256.4424743652344,895,0.0,0.0
1998-03-04 00:00:00-05:00,252.86422729492188,257.63525045142984,248.0932041384139,252.86422729492188,480,0.0,0.0
1998-03-05 00:00:00-05:00,243.32217407226562,248.09319709329043,243.32217407226562,243.32217407226562,865,0.0,0.0
1998-03-06 00:00:00-05:00,250.47870673755608,252.8642182302947,240.93666076660156,240.93666076660156,1890,0.0,0.0
1998-03-09 00:00:00-05:00,240.9366635261698,243.32217504623088,219.46705984562,224.2380828857422,1930,0.0,0.0
1998-03-10 00:00:00-05:00,229.00910094895286,229.00910094895286,224.23807801251635,227.81634521484375,515,0.0,0.0
1998-03-11 00:00:00-05:00,224.2380828857422,229.00910592586436,224.2380828857422,224.2380828857422,2530,0.0,0.0
1998-03-12 00:00:00-05:00,226.6235868665907,226.6235868665907,209.92500678168403,214.69602966308594,2490,0.0,0.0
1998-03-13 00:00:00-05:00,219.4670630283043,224.23808613761526,218.27430725097656,218.27430725097656,1795,0.0,0.0
1998-03-16 00:00:00-05:00,224.2380883558741,255.24973887317586,219.46706519936615,252.86422729492188,9210,0.0,0.0
1998-03-17 00:00:00-05:00,257.635247155818,267.1772933467742,245.7076894171227,258.8280029296875,10740,0.0,0.0
1998-03-18 00:00:00-05:00,267.17730034722223,281.4903700086806,257.63525390625,279.1048583984375,3280,0.0,0.0
1998-03-19 00:00:00-05:00,286.261376953125,298.1889343261719,281.49035400390625,298.1889343261719,2085,0.0,0.0
1998-03-20 00:00:00-05:00,295.8034291585287,295.8034291585287,286.2613830566406,286.2613830566406,990,0.0,0.0
1998-03-23 00:00:00-05:00,291.0324068291243,317.2730336743732,288.646895297738,307.7309875488281,2890,0.0,0.0
1998-03-24 00:00:00-05:00,317.2730511005108,317.2730511005108,296.996201970027,310.11651611328125,1895,0.0,0.0
1998-03-25 00:00:00-05:00,310.11648178100586,317.27301597595215,295.8034133911133,305.345458984375,8660,0.0,0.0
1998-03-26 00:00:00-05:00,293.4179212226242,300.57445588659067,291.03240966796875,291.03240966796875,770,0.0,0.0
1998-03-27 00:00:00-05:00,295.8034291585287,298.18894068400067,283.8758715311686,286.2613830566406,10910,0.0,0.0
1998-03-30 00:00:00-05:00,295.80342541710803,295.80342541710803,281.4903564453125,281.4903564453125,1215,0.0,0.0
1998-03-31 00:00:00-05:00,291.03239990234374,300.57444580078123,276.71933105468753,298.1889343261719,16890,0.0,0.0
1998-04-01 00:00:00-05:00,283.8758750040023,291.03240966796875,283.8758750040023,291.03240966796875,925,0.0,0.0
1998-04-02 00:00:00-05:00,288.6468811035156,288.6468811035156,283.8758582753583,288.6468811035156,295,0.0,0.0
1998-04-03 00:00:00-05:00,293.4179212226242,300.57445588659067,286.26138655865776,291.03240966796875,7765,0.0,0.0
1998-04-06 00:00:00-04:00,291.0323986185008,300.5744444748451,271.9483069058122,276.7193298339844,1720,0.0,0.0
1998-04-07 00:00:00-04:00,286.2613830566406,286.2613830566406,279.10484848022463,286.2613830566406,1670,0.0,0.0
1998-04-08 00:00:00-04:00,286.2613830566406,286.2613830566406,271.9483139038086,286.2613830566406,210,0.0,0.0
1998-04-09 00:00:00-04:00,286.2613830566406,286.2613830566406,279.10484848022463,286.2613830566406,120,0.0,0.0
1998-04-13 00:00:00-04:00,286.2613756903287,286.2613756903287,271.9483069058122,276.7193298339844,2735,0.0,0.0
1998-04-14 00:00:00-04:00,283.8758603815447,283.8758603815447,271.94830322265625,271.94830322265625,455,0.0,0.0
1998-04-15 00:00:00-04:00,286.2613718133224,286.2613718133224,267.1772803591009,271.94830322265625,1435,0.0,0.0
1998-04-16 00:00:00-04:00,269.5628086255944,283.87587811013924,267.17729704483696,274.3338317871094,4285,0.0,0.0
1998-04-17 00:00:00-04:00,276.71934678819446,285.06863742404516,276.71934678819446,279.1048583984375,165,0.0,0.0
1998-04-20 00:00:00-04:00,279.10485519901397,298.1889478621944,279.10485519901397,295.8034362792969,3415,0.0,0.0
1998-04-21 00:00:00-04:00,291.03239990234374,307.73098022460937,291.03239990234374,298.1889343261719,6520,0.0,0.0
1998-04-22 00:00:00-04:00,305.3454826108871,305.3454826108871,295.8034362792969,295.8034362792969,2485,0.0,0.0
1998-04-23 00:00:00-04:00,302.9599599030058,305.3454713983051,281.4903564453125,281.4903564453125,810,0.0,0.0
1998-04-24 00:00:00-04:00,281.4903564453125,281.4903564453125,271.9483104641155,281.4903564453125,265,0.0,0.0
1998-04-27 00:00:00-04:00,267.17729704483696,281.4903665293818,267.17729704483696,274.3338317871094,1025,0.0,0.0
1998-04-28 00:00:00-04:00,274.333814654434,274.333814654434,262.4062574955455,271.94830322265625,1125,0.0,0.0
1998-04-29 00:00:00-04:00,267.17730034722223,279.1048583984375,267.17730034722223,279.1048583984375,1730,0.0,0.0
1998-04-30 00:00:00-04:00,281.4903665293818,281.4903665293818,269.5628086255944,274.3338317871094,1410,0.0,0.0
1998-05-01 00:00:00-04:00,267.17729008305184,269.5628016016505,264.7917785644531,264.7917785644531,3670,0.0,0.0
1998-05-04 00:00:00-04:00,264.7917652130127,269.56278800964355,263.599009513855,267.1772766113281,335,0.0,0.0
1998-05-05 00:00:00-04:00,276.7193329260738,276.7193329260738,269.56279845384773,270.75555419921875,5935,0.0,0.0
1998-05-06 00:00:00-04:00,269.56281195746527,305.34548611111114,269.56281195746527,300.574462890625,11795,0.0,0.0
1998-05-07 00:00:00-04:00,293.4179246963993,304.1527268194383,293.4179246963993,295.8034362792969,1050,0.0,0.0
1998-05-08 00:00:00-04:00,305.34546875,305.34546875,295.8034228515625,298.1889343261719,745,0.0,0.0
1998-05-11 00:00:00-04:00,305.3454724409449,305.3454724409449,295.80342642716533,302.9599609375,2305,0.0,0.0
1998-05-12 00:00:00-04:00,302.95994958798747,302.95994958798747,288.6468811035156,288.6468811035156,2240,0.0,0.0
1998-05-13 00:00:00-04:00,286.26138041338584,302.9599609375,286.26138041338584,302.9599609375,1650,0.0,0.0
1998-05-14 00:00:00-04:00,293.41791249744927,319.6585388183594,293.41791249744927,319.6585388183594,2815,0.0,0.0
1998-05-15 00:00:00-04:00,314.88749772008754,319.65852041281613,306.5382080078125,306.5382080078125,1805,0.0,0.0
1998-05-18 00:00:00-04:00,312.50202094184027,312.50202094184027,300.574462890625,300.574462890625,4475,0.0,0.0
1998-05-19 00:00:00-04:00,302.9599549264619,317.2730236631451,302.9599549264619,314.88751220703125,1325,0.0,0.0
1998-05-20 00:00:00-04:00,317.2730336743732,317.2730336743732,307.7309875488281,307.7309875488281,1625,0.0,0.0
1998-05-21 00:00:00-04:00,305.3454724409449,307.7309839443898,300.5744494340551,302.9599609375,1765,0.0,0.0
1998-05-22 00:00:00-04:00,305.34548611111114,305.34548611111114,300.574462890625,300.574462890625,2940,0.0,0.0
1998-05-26 00:00:00-04:00,300.574462890625,305.34548611111114,300.574462890625,300.574462890625,1090,0.0,0.0
1998-05-27 00:00:00-04:00,293.4179212226242,295.8034327772797,286.26138655865776,291.03240966796875,2125,0.0,0.0
1998-05-28 00:00:00-04:00,291.03240966796875,295.8034327772797,291.03240966796875,291.03240966796875,340,0.0,0.0
1998-05-29 00:00:00-04:00,307.73097638386054,307.73097638386054,286.2613733803354,293.41790771484375,2060,0.0,0.0
1998-06-01 00:00:00-04:00,286.2613830566406,286.2613830566406,286.2613830566406,286.2613830566406,330,0.0,0.0
1998-06-02 00:00:00-04:00,288.6468909312103,288.6468909312103,281.4903564453125,281.4903564453125,205,0.0,0.0
1998-06-03 00:00:00-04:00,279.1048336029053,279.1048336029053,265.9845209121704,267.1772766113281,1035,0.0,0.0
1998-06-04 00:00:00-04:00,262.4062639816217,270.75555419921875,257.6352410001377,270.75555419921875,1390,0.0,0.0
1998-06-05 00:00:00-04:00,271.948299407959,271.948299407959,257.6352310180664,267.1772766113281,1895,0.0,0.0
1998-06-08 00:00:00-04:00,267.17729676444577,267.17729676444577,252.86422729492188,252.86422729492188,1470,0.0,0.0
1998-06-09 00:00:00-04:00,257.63525045142984,257.63525045142984,251.67147150579487,252.86422729492188,675,0.0,0.0
1998-06-10 00:00:00-04:00,248.09319524481745,250.47870673755608,238.55114927386293,240.93666076660156,1025,0.0,0.0
1998-06-11 00:00:00-04:00,243.32217041015625,243.32217041015625,238.5511474609375,238.5511474609375,125,0.0,0.0
1998-06-12 00:00:00-04:00,238.5511500861055,245.70768458868866,219.46705807921705,221.85256958007812,1275,0.0,0.0
1998-06-15 00:00:00-04:00,229.0091021993886,229.0091021993886,219.46705627441406,219.46705627441406,1265,0.0,0.0
1998-06-16 00:00:00-04:00,214.69604659866502,219.46706985641313,214.69604659866502,217.08155822753906,385,0.0,0.0
1998-06-17 00:00:00-04:00,214.69603402273998,217.08154551188153,200.38296508789062,200.38296508789062,1130,0.0,0.0
1998-06-18 00:00:00-04:00,209.92500911850527,209.92500911850527,197.99745178222656,197.99745178222656,1555,0.0,0.0
1998-06-19 00:00:00-04:00,209.9250030517578,214.69602584838867,205.15398025512695,209.9250030517578,1195,0.0,0.0
1998-06-22 00:00:00-04:00,214.69603402273998,214.69603402273998,200.38296508789062,200.38296508789062,1175,0.0,0.0
1998-06-23 00:00:00-04:00,200.3829769971894,201.57573281264885,192.03368628897317,195.61195373535156,1040,0.0,0.0
1998-06-24 00:00:00-04:00,200.38297526041669,200.38297526041669,171.7568359375,171.7568359375,1910,0.0,0.0
1998-06-25 00:00:00-04:00,181.29888076782225,197.9974618911743,178.91336917877197,190.84092712402344,1665,0.0,0.0
1998-06-26 00:00:00-04:00,193.22643871307372,200.3829734802246,190.84092712402344,190.84092712402344,2450,0.0,0.0
1998-06-29 00:00:00-04:00,195.61194521664112,197.99745674367333,181.29887605444785,194.419189453125,1080,0.0,0.0
1998-06-30 00:00:00-04:00,195.61195030212403,197.9974618911743,190.84092712402344,190.84092712402344,430,0.0,0.0
1998-07-01 00:00:00-04:00,196.80470955081103,196.80470955081103,194.4191979198921,195.61195373535156,430,0.0,0.0
1998-07-02 00:00:00-04:00,190.84092538568038,194.4191927366619,176.52785598175436,188.45541381835938,1280,0.0,0.0
1998-07-06 00:00:00-04:00,190.84091374903548,200.38295943648725,188.45540232717255,193.22642517089844,2515,0.0,0.0
1998-07-07 00:00:00-04:00,194.4191858063704,195.61194154751377,188.4554071006535,189.64816284179688,665,0.0,0.0
1998-07-08 00:00:00-04:00,189.6481713294983,190.84092712402344,189.0517934322357,190.84092712402344,265,0.0,0.0
1998-07-09 00:00:00-04:00,189.05178018263828,193.22642517089844,188.45540232717255,193.22642517089844,2365,0.0,0.0
1998-07-10 00:00:00-04:00,190.84091374903548,195.61193659276137,187.26264661624108,193.22642517089844,3240,0.0,0.0
1998-07-13 00:00:00-04:00,200.3829734802246,200.3829734802246,188.45541553497313,190.84092712402344,1345,0.0,0.0
1998-07-14 00:00:00-04:00,200.3829716549644,200.3829716549644,188.45541381835938,188.45541381835938,695,0.0,0.0
1998-07-15 00:00:00-04:00,192.03367614746094,192.03367614746094,188.45540889005483,192.03367614746094,1695,0.0,0.0
1998-07-16 00:00:00-04:00,195.61193181818183,196.8046875,188.45539772727273,196.8046875,2340,0.0,0.0
1998-07-17 00:00:00-04:00,193.22643062046598,200.38296508789062,193.22643062046598,200.38296508789062,585,0.0,0.0
1998-07-20 00:00:00-04:00,202.76848236719766,229.0091094970703,202.76848236719766,229.0091094970703,1525,0.0,0.0
1998-07-21 00:00:00-04:00,236.16564416885376,237.35839994748434,226.62359793980917,229.0091094970703,1270,0.0,0.0
1998-07-22 00:00:00-04:00,240.93665829004416,240.93665829004416,220.65981081018896,227.81634521484375,915,0.0,0.0
1998-07-23 00:00:00-04:00,229.00911122744844,231.39462280273438,226.6235996521625,231.39462280273438,360,0.0,0.0
1998-07-24 00:00:00-04:00,234.97287690904403,234.97287690904403,214.69602966308594,214.69602966308594,615,0.0,0.0
1998-07-27 00:00:00-04:00,224.23808957217784,224.23808957217784,205.1539968426308,212.31053161621094,1520,0.0,0.0
1998-07-28 00:00:00-04:00,207.53949534098305,221.8525639851888,207.53949534098305,214.69602966308594,300,0.0,0.0
1998-07-29 00:00:00-04:00,223.04532177321576,257.6352379840353,220.65981031040062,246.9004364013672,2135,0.0,0.0
1998-07-30 00:00:00-04:00,248.093193359375,250.47870483398438,238.5511474609375,238.5511474609375,545,0.0,0.0
1998-07-31 00:00:00-04:00,238.55114927386293,244.5149280057095,237.3583935274936,240.93666076660156,335,0.0,0.0
1998-08-03 00:00:00-04:00,245.70769585503473,245.70769585503473,229.00911458333334,236.1656494140625,845,0.0,0.0
1998-08-04 00:00:00-04:00,231.39460563659668,236.16562843322754,209.9250030517578,209.9250030517578,970,0.0,0.0
1998-08-05 00:00:00-04:00,224.2380805581303,224.2380805581303,207.53950009103548,211.11776733398438,870,0.0,0.0
1998-08-06 00:00:00-04:00,205.15399345310254,209.92501655666308,205.15399345310254,207.5395050048828,475,0.0,0.0
1998-08-07 00:00:00-04:00,189.6481713294983,200.3829734802246,181.29888076782225,190.84092712402344,5065,0.0,0.0
1998-08-10 00:00:00-04:00,193.22643871307372,193.22643871307372,189.6481713294983,190.84092712402344,1125,0.0,0.0
1998-08-11 00:00:00-04:00,186.06990394592285,190.84092712402344,186.06990394592285,190.84092712402344,935,0.0,0.0
1998-08-12 00:00:00-04:00,192.0336811693409,195.6119485203224,188.45541381835938,188.45541381835938,2745,0.0,0.0
1998-08-13 00:00:00-04:00,188.45541381835938,188.45541381835938,186.06990225103837,188.45541381835938,330,0.0,0.0
1998-08-14 00:00:00-04:00,190.84092177353895,190.84092177353895,183.68438720703125,183.68438720703125,30,0.0,0.0
1998-08-17 00:00:00-04:00,184.2807668539194,188.4554120577299,183.68438896766077,186.0699005126953,150,0.0,0.0
1998-08-18 00:00:00-04:00,190.84092360276443,190.84092360276443,184.87714474017804,186.0699005126953,575,0.0,0.0
1998-08-19 00:00:00-04:00,188.45541381835938,188.45541381835938,186.06990225103837,188.45541381835938,945,0.0,0.0
1998-08-20 00:00:00-04:00,186.06989308950065,186.06989308950065,169.3713129404429,176.52784729003906,3720,0.0,0.0
1998-08-21 00:00:00-04:00,177.72061176541484,190.84092538568038,172.94958863077284,188.45541381835938,1365,0.0,0.0
1998-08-24 00:00:00-04:00,188.45541553497313,195.61195030212403,188.45541553497313,190.84092712402344,1755,0.0,0.0
1998-08-25 00:00:00-04:00,186.0699005126953,186.0699005126953,186.0699005126953,186.0699005126953,80,0.0,0.0
1998-08-26 00:00:00-04:00,188.45541381835938,188.45541381835938,181.29887911639636,188.45541381835938,335,0.0,0.0
1998-08-27 00:00:00-04:00,176.5278543325571,186.0699005126953,176.5278543325571,186.0699005126953,280,0.0,0.0
1998-08-28 00:00:00-04:00,176.5278543325571,188.4554120577299,174.14234278752255,186.0699005126953,305,0.0,0.0
1998-08-31 00:00:00-04:00,178.91335873990445,190.84091598923143,172.949580115241,176.52784729003906,890,0.0,0.0
1998-09-01 00:00:00-04:00,190.84092881944446,190.84092881944446,171.7568359375,171.7568359375,1485,0.0,0.0
1998-09-02 00:00:00-04:00,181.2988720703125,188.45540649414062,178.91336059570312,178.91336059570312,395,0.0,0.0
1998-09-03 00:00:00-04:00,178.91336059570312,178.91336059570312,178.91336059570312,178.91336059570312,0,0.0,0.0
1998-09-04 00:00:00-04:00,176.5278454088185,176.5278454088185,174.142333984375,174.142333984375,525,0.0,0.0
1998-09-08 00:00:00-04:00,181.29887018976987,183.68438163963526,176.52784729003906,176.52784729003906,685,0.0,0.0
1998-09-09 00:00:00-04:00,181.29888237847223,181.29888237847223,171.7568359375,171.7568359375,440,0.0,0.0
1998-09-10 00:00:00-04:00,171.75681470788044,171.75681470788044,159.82925813094428,164.60028076171875,860,0.0,0.0
1998-09-11 00:00:00-04:00,155.0582515171596,166.98580932617188,152.67273995535714,166.98580932617188,3365,0.0,0.0
1998-09-14 00:00:00-04:00,157.44375969381892,168.17856149112478,147.9017136517693,162.21478271484375,4010,0.0,0.0
1998-09-15 00:00:00-04:00,162.21478763703377,164.60029921993132,145.5162065567509,147.90171813964844,1610,0.0,0.0
1998-09-16 00:00:00-04:00,149.0944739310972,155.0582528883411,147.90171813964844,147.90171813964844,1380,0.0,0.0
1998-09-17 00:00:00-04:00,135.97416022516066,147.90171813964844,114.50455597908265,147.90171813964844,5065,0.0,0.0
1998-09-18 00:00:00-04:00,147.90171457926434,147.90171457926434,138.35966847737632,143.1306915283203,1885,0.0,0.0
1998-09-21 00:00:00-04:00,125.23934841156006,143.13068389892578,125.23934841156006,133.58863830566406,945,0.0,0.0
1998-09-22 00:00:00-04:00,125.23935785833395,131.2031368039689,121.66109049095297,126.43211364746094,1520,0.0,0.0
1998-09-23 00:00:00-04:00,131.20313052473398,138.3596649169922,126.43210759656183,138.3596649169922,4300,0.0,0.0
1998-09-24 00:00:00-04:00,133.588642578125,157.44375732421875,133.588642578125,149.09446716308594,6275,0.0,0.0
1998-09-25 00:00:00-04:00,152.6727294921875,155.05824089050293,152.6727294921875,152.6727294921875,1675,0.0,0.0
1998-09-28 00:00:00-04:00,152.67274639423076,155.05825805664062,152.67274639423076,155.05825805664062,1270,0.0,0.0
1998-09-29 00:00:00-04:00,155.05824464740175,157.44375610351562,143.1306873668324,157.44375610351562,5735,0.0,0.0
1998-09-30 00:00:00-04:00,157.44375732421875,158.63651306152343,147.90171142578126,149.09446716308594,1720,0.0,0.0
1998-10-01 00:00:00-04:00,143.13069661458334,155.05825466579861,143.13069661458334,150.2872314453125,905,0.0,0.0
1998-10-02 00:00:00-04:00,151.47998372062307,151.47998372062307,140.74518172467342,145.51620483398438,815,0.0,0.0
1998-10-05 00:00:00-04:00,150.28721809387207,152.6727294921875,143.13068389892578,152.6727294921875,690,0.0,0.0
1998-10-06 00:00:00-04:00,147.90171813964844,152.67274130544354,147.90171813964844,147.90171813964844,2415,0.0,0.0
1998-10-07 00:00:00-04:00,145.51619882294628,157.44375610351562,145.51619882294628,157.44375610351562,810,0.0,0.0
1998-10-08 00:00:00-04:00,155.05825805664062,157.44376971905047,138.35967641977163,155.05825805664062,985,0.0,0.0
1998-10-09 00:00:00-04:00,157.44375610351562,159.8292675596295,146.70895455100322,157.44375610351562,365,0.0,0.0
1998-10-12 00:00:00-04:00,162.21478271484375,162.21478271484375,152.67273667279412,162.21478271484375,280,0.0,0.0
1998-10-13 00:00:00-04:00,147.90170155400816,166.98579207710597,147.90170155400816,164.60028076171875,2970,0.0,0.0
1998-10-14 00:00:00-04:00,169.37132432725696,171.7568359375,166.98581271701389,171.7568359375,435,0.0,0.0
1998-10-15 00:00:00-04:00,171.756826171875,178.91336059570312,164.60029174804689,178.91336059570312,1760,0.0,0.0
1998-10-16 00:00:00-04:00,176.52785403712267,178.91336557816487,168.17856364347497,175.33509826660156,4610,0.0,0.0
1998-10-19 00:00:00-04:00,171.75682439030828,187.26264881443333,171.75682439030828,176.52784729003906,5580,0.0,0.0
1998-10-20 00:00:00-04:00,174.1423411183543,194.41918905679282,174.1423411183543,183.68438720703125,4435,0.0,0.0
1998-10-21 00:00:00-04:00,183.68438322191795,184.87713895712523,173.54595947265625,173.54595947265625,140,0.0,0.0
1998-10-22 00:00:00-04:00,184.87714979383682,184.87714979383682,150.2872314453125,150.2872314453125,475,0.0,0.0
1998-10-23 00:00:00-04:00,162.2147802734375,178.91336059570312,159.82926879882814,178.91336059570312,1970,0.0,0.0
1998-10-26 00:00:00-05:00,186.06989501953126,186.06989501953126,178.91336059570312,178.91336059570312,220,0.0,0.0
1998-10-27 00:00:00-05:00,181.2988682577055,183.68437968214897,171.75682255993152,174.142333984375,915,0.0,0.0
1998-10-28 00:00:00-05:00,174.14233584017367,176.52784729003906,171.75682439030828,176.52784729003906,565,0.0,0.0
1998-10-29 00:00:00-05:00,171.7568359375,183.6843939887153,171.7568359375,171.7568359375,345,0.0,0.0
1998-10-30 00:00:00-05:00,181.29887018976987,181.29887018976987,176.52784729003906,176.52784729003906,415,0.0,0.0
1998-11-02 00:00:00-05:00,176.5278454088185,176.5278454088185,166.98579971104454,174.142333984375,640,0.0,0.0
1998-11-03 00:00:00-05:00,169.37131590943235,170.56407165527344,159.82926994270377,170.56407165527344,1290,0.0,0.0
1998-11-04 00:00:00-05:00,174.14233477192542,186.0698919480847,168.17855618384576,184.87713623046875,3845,0.0,0.0
1998-11-05 00:00:00-05:00,183.6843805128528,186.0698919480847,181.29886907762096,184.87713623046875,545,0.0,0.0
1998-11-06 00:00:00-05:00,183.68438163963526,183.68438163963526,174.14233584017367,176.52784729003906,6065,0.0,0.0
1998-11-09 00:00:00-05:00,181.2988682577055,200.38295965325344,174.142333984375,174.142333984375,4380,0.0,0.0
1998-11-10 00:00:00-05:00,178.91336917877197,190.84092712402344,174.14234600067138,190.84092712402344,2185,0.0,0.0
1998-11-11 00:00:00-05:00,193.22643464740955,236.1656423468339,190.84092310855263,226.62359619140625,9135,0.0,0.0
1998-11-12 00:00:00-05:00,233.78012451171875,240.9366589355469,229.0091015625,238.5511474609375,1360,0.0,0.0
1998-11-13 00:00:00-05:00,238.55114927386293,257.63524121577194,238.55114927386293,240.93666076660156,3440,0.0,0.0
1998-11-16 00:00:00-05:00,250.47871277395603,271.9483167260094,245.70768967349971,269.56280517578125,2995,0.0,0.0
1998-11-17 00:00:00-05:00,269.5627989688162,288.6468909312103,262.4062644829184,281.4903564453125,3290,0.0,0.0
1998-11-18 00:00:00-05:00,286.26138540414667,286.26138540414667,238.55115450345554,248.09320068359375,2940,0.0,0.0
1998-11-19 00:00:00-05:00,248.0932041384139,260.0207620296838,248.0932041384139,252.86422729492188,1370,0.0,0.0
1998-11-20 00:00:00-05:00,252.86422011431526,254.05697586957146,243.32217407226562,243.32217407226562,890,0.0,0.0
1998-11-23 00:00:00-05:00,260.02073471634475,260.02073471634475,248.0931780779803,257.6352233886719,1815,0.0,0.0
1998-11-24 00:00:00-05:00,267.17727453731794,267.17727453731794,245.70767211914062,245.70767211914062,1380,0.0,0.0
1998-11-25 00:00:00-05:00,240.9366589355469,257.6352392578125,236.1656359863281,238.5511474609375,625,0.0,0.0
1998-11-27 00:00:00-05:00,245.70768188476563,245.70768188476563,238.5511474609375,238.5511474609375,70,0.0,0.0
1998-11-30 00:00:00-05:00,248.0931834989381,252.86420625853305,245.70767211914062,245.70767211914062,1430,0.0,0.0
1998-12-01 00:00:00-05:00,248.0931834989381,252.86420625853305,245.70767211914062,245.70767211914062,530,0.0,0.0
1998-12-02 00:00:00-05:00,245.70767692979334,245.70767692979334,229.0090969442734,242.12940979003906,970,0.0,0.0
1998-12-03 00:00:00-05:00,219.46706348627956,248.09320220188124,214.6960403670126,239.74391174316406,6770,0.0,0.0
1998-12-04 00:00:00-05:00,248.09320122372787,269.56280517578125,236.1656434725871,269.56280517578125,1365,0.0,0.0
1998-12-07 00:00:00-05:00,271.9483104641155,286.261379435911,267.17728747351697,281.4903564453125,1245,0.0,0.0
1998-12-08 00:00:00-05:00,281.49035961596996,281.49035961596996,274.33382504946223,275.5265808105469,1420,0.0,0.0
1998-12-09 00:00:00-05:00,269.5627917908786,291.03239467687774,267.1772803591009,271.94830322265625,4720,0.0,0.0
1998-12-10 00:00:00-05:00,267.17729704483696,279.10485494862434,267.17729704483696,274.3338317871094,2225,0.0,0.0
1998-12-11 00:00:00-05:00,269.562790062314,276.71932431175594,250.47869873046875,250.47869873046875,1820,0.0,0.0
1998-12-14 00:00:00-05:00,252.86422900618794,262.4062753837799,248.09320581739192,255.24974060058594,805,0.0,0.0
1998-12-15 00:00:00-05:00,255.24974559437143,267.1773037997159,255.24974559437143,262.4062805175781,395,0.0,0.0
1998-12-16 00:00:00-05:00,255.24971961975098,276.71932220458984,255.24971961975098,267.1772766113281,770,0.0,0.0
1998-12-17 00:00:00-05:00,279.1048412980704,281.49035276215653,274.3338183698983,276.7193298339844,1865,0.0,0.0
1998-12-18 00:00:00-05:00,295.8034327772797,302.95996744124614,283.8758750040023,291.03240966796875,2890,0.0,0.0
1998-12-21 00:00:00-05:00,291.0323858064879,300.5744312427662,281.49034037020965,289.8396301269531,3310,0.0,0.0
1998-12-22 00:00:00-05:00,293.4178986885178,345.89914886044784,289.8396316313408,338.74261474609375,10360,0.0,0.0
1998-12-23 00:00:00-05:00,345.89915654430655,348.28466796875,333.97159942208907,348.28466796875,3660,0.0,0.0
1998-12-24 00:00:00-05:00,350.6702067057292,350.6702067057292,341.12816026475696,343.513671875,1445,0.0,0.0
1998-12-28 00:00:00-05:00,343.5136822639628,343.5136822639628,336.3571472167969,336.3571472167969,2760,0.0,0.0
1998-12-29 00:00:00-05:00,336.3571033746424,341.12812611754515,333.97159200319106,338.74261474609375,460,0.0,0.0
1998-12-30 00:00:00-05:00,331.5860728388247,341.1281181003736,305.3454483695652,329.2005615234375,2330,0.0,0.0
1998-12-31 00:00:00-05:00,324.4295724051339,333.97161865234375,322.04406084333147,333.97161865234375,1630,0.0,0.0
1999-01-04 00:00:00-05:00,324.42955576944695,333.97160152737183,319.6585328904845,331.5860900878906,2250,0.0,0.0
1999-01-05 00:00:00-05:00,331.5860892937529,331.5860892937529,317.27302069114484,320.8512878417969,2600,0.0,0.0
1999-01-06 00:00:00-05:00,324.4295823591469,331.58611726412806,312.50202418417825,326.8150939941406,2615,0.0,0.0
1999-01-07 00:00:00-05:00,326.81505020805025,329.2005615234375,314.8874936311141,329.2005615234375,1415,0.0,0.0
1999-01-08 00:00:00-05:00,329.2005868209036,373.3325495468943,324.4295638234992,362.5977478027344,9475,0.0,0.0
1999-01-11 00:00:00-05:00,362.59776186139396,438.93413277958217,362.59776186139396,424.6210632324219,10010,0.0,0.0
1999-01-12 00:00:00-05:00,438.9341050889757,443.7051279703776,415.0789906819661,429.3920593261719,4505,0.0,0.0
1999-01-13 00:00:00-05:00,410.3079869062051,427.0065677686669,367.36877897416036,415.0790100097656,4715,0.0,0.0
1999-01-14 00:00:00-05:00,412.6934862551482,474.71678476748264,412.6934862551482,438.9341125488281,6915,0.0,0.0
1999-01-15 00:00:00-05:00,448.4761722752305,450.861683829886,431.77759139264214,436.5486145019531,4885,0.0,0.0
1999-01-19 00:00:00-05:00,448.476172765096,458.0182189941406,438.93412653605145,458.0182189941406,8635,0.0,0.0
1999-01-20 00:00:00-05:00,455.63270743687946,472.3312883377075,446.0906612078349,458.0182189941406,5720,0.0,0.0
1999-01-21 00:00:00-05:00,541.5110915411086,543.8966029575893,460.4037033807664,500.9573974609375,15025,0.0,0.0
1999-01-22 00:00:00-05:00,503.34292350559065,531.9690613352925,493.8008775623567,520.04150390625,8550,0.0,0.0
1999-01-25 00:00:00-05:00,529.5835703723835,548.6676629984154,496.1864082768278,505.72845458984375,10930,0.0,0.0
1999-01-26 00:00:00-05:00,493.8008675088688,510.4994475695552,467.56024169921875,467.56024169921875,2225,0.0,0.0
1999-01-27 00:00:00-05:00,472.3312748500279,474.71678633916946,386.45286124093195,400.76593017578125,7135,0.0,0.0
1999-01-28 00:00:00-05:00,407.92246708907476,462.7892316683071,407.92246708907476,454.43994140625,2030,0.0,0.0
1999-01-29 00:00:00-05:00,438.9341161584341,443.70513916015625,424.6210471532678,443.70513916015625,2280,0.0,0.0
1999-02-01 00:00:00-05:00,424.62103644476997,462.7892194959852,419.85001356336807,429.3920593261719,2195,0.0,0.0
1999-02-02 00:00:00-05:00,424.62105181173314,434.16309791986197,362.5977521088957,388.83837890625,5030,0.0,0.0
1999-02-03 00:00:00-05:00,400.765923577386,410.30796937684755,345.899160230482,353.0556945800781,11375,0.0,0.0
1999-02-04 00:00:00-05:00,362.59774037953974,362.59774037953974,314.8875113822319,353.0556945800781,5120,0.0,0.0
1999-02-05 00:00:00-05:00,333.97159200319106,348.28466023189924,332.77883631746533,338.74261474609375,2175,0.0,0.0
1999-02-08 00:00:00-05:00,350.6701965332031,350.6701965332031,339.93539459851326,350.6701965332031,2755,0.0,0.0
1999-02-09 00:00:00-05:00,348.28469509548614,360.2122531467014,333.97162543402777,343.513671875,1840,0.0,0.0
1999-02-10 00:00:00-05:00,348.28469509548614,348.28469509548614,333.97162543402777,343.513671875,910,0.0,0.0
1999-02-11 00:00:00-05:00,338.7426318188647,348.2846777855933,338.7426318188647,341.1281433105469,965,0.0,0.0
1999-02-12 00:00:00-05:00,345.8991834852431,350.6702067057292,335.16438123914935,343.513671875,570,0.0,0.0
1999-02-16 00:00:00-05:00,350.6702067057292,350.6702067057292,341.12816026475696,343.513671875,1095,0.0,0.0
1999-02-17 00:00:00-05:00,343.513665116782,355.4412229333369,341.128153553471,344.7064208984375,1640,0.0,0.0
1999-02-18 00:00:00-05:00,348.28466954385084,375.71805104901716,348.28466954385084,369.7542724609375,2170,0.0,0.0
1999-02-19 00:00:00-05:00,372.1397826048705,403.1514311552764,368.5615154644391,397.1876525878906,2050,0.0,0.0
1999-02-22 00:00:00-05:00,400.7659090909091,409.11519886363635,392.4166193181818,393.609375,1615,0.0,0.0
1999-02-23 00:00:00-05:00,391.2239006993256,398.3804354682157,381.68185434080544,392.4166564941406,1060,0.0,0.0
1999-02-24 00:00:00-05:00,395.9949098196089,395.9949098196089,373.33255052270357,384.0673522949219,730,0.0,0.0
1999-02-25 00:00:00-05:00,376.9108167949476,382.8745955417031,357.82672480533,362.5977478027344,420,0.0,0.0
1999-02-26 00:00:00-05:00,350.6701867675781,367.36876708984374,331.58609497070313,357.82672119140625,995,0.0,0.0
1999-03-01 00:00:00-05:00,367.3687610257056,393.60938681325604,364.9832495904738,369.7542724609375,645,0.0,0.0
1999-03-02 00:00:00-05:00,367.3687702760858,373.33254901433395,351.8629455566406,351.8629455566406,785,0.0,0.0
1999-03-03 00:00:00-05:00,362.5977335200968,364.9832449248343,353.0556879011469,354.2484436035156,735,0.0,0.0
1999-03-04 00:00:00-05:00,362.597751369724,372.13979745840095,362.597751369724,367.3687744140625,340,0.0,0.0
1999-03-05 00:00:00-05:00,370.9470243765638,372.13978008195465,355.44120020648234,364.9832458496094,300,0.0,0.0
1999-03-08 00:00:00-05:00,362.5977478027344,362.5977478027344,353.0557018079256,362.5977478027344,240,0.0,0.0
1999-03-09 00:00:00-05:00,353.05571499249794,363.7905171375401,351.86295919860436,360.2122497558594,2250,0.0,0.0
1999-03-10 00:00:00-05:00,350.670189808991,351.8629455566406,350.670189808991,351.8629455566406,585,0.0,0.0
1999-03-11 00:00:00-05:00,350.6701793931935,350.6701793931935,348.28466796875,348.28466796875,400,0.0,0.0
1999-03-12 00:00:00-05:00,355.44122314453125,355.44122314453125,348.28468845034604,355.44122314453125,1300,0.0,0.0
1999-03-15 00:00:00-05:00,347.09191225652825,355.4412022420805,347.09191225652825,348.28466796875,1155,0.0,0.0
1999-03-16 00:00:00-05:00,353.0556982421875,357.82672119140625,350.6701867675781,357.82672119140625,740,0.0,0.0
1999-03-17 00:00:00-05:00,348.2846814385776,354.24846023033405,345.899169921875,345.899169921875,240,0.0,0.0
1999-03-18 00:00:00-05:00,345.89915654430655,353.055690817637,345.89915654430655,348.28466796875,140,0.0,0.0
1999-03-19 00:00:00-05:00,353.05569762134877,353.05569762134877,345.89916321010526,347.0919189453125,535,0.0,0.0
1999-03-22 00:00:00-05:00,345.89917646135603,345.89917646135603,326.81508396693636,333.97161865234375,870,0.0,0.0
1999-03-23 00:00:00-05:00,338.74263449276197,338.74263449276197,314.88751938763784,324.4295654296875,555,0.0,0.0
1999-03-24 00:00:00-05:00,324.4295823591469,333.9716288991218,324.4295823591469,326.8150939941406,355,0.0,0.0
1999-03-25 00:00:00-05:00,333.97158415421194,333.97158415421194,314.8874936311141,329.2005615234375,1225,0.0,0.0
1999-03-26 00:00:00-05:00,322.0440503020785,329.2005847532358,312.5020043672021,319.6585388183594,915,0.0,0.0
1999-03-29 00:00:00-05:00,319.65852041281613,319.65852041281613,305.34545233463035,306.5382080078125,1050,0.0,0.0
1999-03-30 00:00:00-05:00,305.3454792490119,308.92374658396125,296.9961888007967,301.7672119140625,705,0.0,0.0
1999-03-31 00:00:00-05:00,299.3817070855035,314.88753255208337,264.7917887369792,268.37005615234375,4545,0.0,0.0
1999-04-01 00:00:00-05:00,276.7193323537844,279.1048438395929,245.7076830382741,260.020751953125,3380,0.0,0.0
1999-04-05 00:00:00-04:00,267.17730034722223,276.71934678819446,255.24974229600696,268.37005615234375,2365,0.0,0.0
1999-04-06 00:00:00-04:00,268.3700528352157,276.7193433678668,265.98454125445824,274.3338317871094,1585,0.0,0.0
1999-04-07 00:00:00-04:00,286.2613932291667,326.81509060329864,286.2613932291667,300.574462890625,2435,0.0,0.0
1999-04-08 00:00:00-04:00,305.3454789959016,305.3454789959016,291.03240966796875,291.03240966796875,290,0.0,0.0
1999-04-09 00:00:00-04:00,291.0324131135018,312.5020173595798,291.0324131135018,295.8034362792969,720,0.0,0.0
1999-04-12 00:00:00-04:00,306.538231783135,324.42956826853197,302.9599644860556,307.7309875488281,1465,0.0,0.0
1999-04-13 00:00:00-04:00,314.8875027126736,324.4295482494213,314.8875027126736,322.0440368652344,885,0.0,0.0
1999-04-14 00:00:00-04:00,324.4295617857976,326.8150732695167,317.2730273346403,319.6585388183594,540,0.0,0.0
1999-04-15 00:00:00-04:00,324.4295714331455,324.4295714331455,274.3338287853804,291.03240966796875,1560,0.0,0.0
1999-04-16 00:00:00-04:00,276.7193240331224,288.6468811035156,276.7193240331224,288.6468811035156,895,0.0,0.0
1999-04-19 00:00:00-04:00,286.261376953125,300.57444580078123,281.49035400390625,298.1889343261719,530,0.0,0.0
1999-04-20 00:00:00-04:00,305.345479704797,323.23681640625,295.80343346402213,323.23681640625,525,0.0,0.0
1999-04-21 00:00:00-04:00,324.42956928453947,341.12815005653783,319.65854620682563,339.9353942871094,1035,0.0,0.0
1999-04-22 00:00:00-04:00,343.513671875,345.8991834852431,329.2006022135417,343.513671875,505,0.0,0.0
1999-04-23 00:00:00-04:00,350.6702067057292,350.6702067057292,343.513671875,343.513671875,175,0.0,0.0
1999-04-26 00:00:00-04:00,350.6701793931935,350.6701793931935,342.3208894076413,348.28466796875,255,0.0,0.0
1999-04-27 00:00:00-04:00,357.82671528477823,384.06734107232865,357.82671528477823,369.7542724609375,1540,0.0,0.0
1999-04-28 00:00:00-04:00,364.98325323602955,374.5252990722656,362.59774177697057,374.5252990722656,130,0.0,0.0
1999-04-29 00:00:00-04:00,376.9108272270868,376.9108272270868,333.9716190619757,355.44122314453125,745,0.0,0.0
1999-04-30 00:00:00-04:00,362.5977478027344,369.754282298841,362.5977478027344,362.5977478027344,595,0.0,0.0
1999-05-03 00:00:00-04:00,374.5253015136719,376.91081298828124,353.0556982421875,357.82672119140625,390,0.0,0.0
1999-05-04 00:00:00-04:00,367.36875936429794,367.36875936429794,348.28466796875,348.28466796875,375,0.0,0.0
1999-05-05 00:00:00-04:00,362.597736515411,362.597736515411,348.28466796875,348.28466796875,295,0.0,0.0
1999-05-06 00:00:00-04:00,362.597736515411,362.597736515411,333.97159942208907,348.28466796875,660,0.0,0.0
1999-05-07 00:00:00-04:00,348.28467662298857,349.47743236484814,314.8875158509212,319.6585388183594,840,0.0,0.0
1999-05-10 00:00:00-04:00,319.658535119259,324.42955803148675,310.1164892948035,314.88751220703125,1760,0.0,0.0
1999-05-11 00:00:00-04:00,314.88753943810093,314.88753943810093,310.11651611328125,310.11651611328125,360,0.0,0.0
1999-05-12 00:00:00-04:00,314.88752214298694,314.88752214298694,307.7309875488281,307.7309875488281,410,0.0,0.0
1999-05-13 00:00:00-04:00,312.5019931793213,312.5019931793213,293.41790199279785,305.345458984375,1185,0.0,0.0
1999-05-14 00:00:00-04:00,302.95995787395935,308.9237365722656,300.5744463946368,308.9237365722656,2755,0.0,0.0
1999-05-17 00:00:00-04:00,308.9237410250084,342.3209022169012,306.5382295113017,335.16436767578125,2870,0.0,0.0
1999-05-18 00:00:00-04:00,381.6818257250817,386.4528485466452,362.5977344388276,364.9832458496094,2790,0.0,0.0
1999-05-19 00:00:00-04:00,362.59774177697057,381.6818334494427,362.59774177697057,374.5252990722656,1025,0.0,0.0
1999-05-20 00:00:00-04:00,384.0673602995325,438.9341260566086,376.9108256355661,436.5486145019531,4495,0.0,0.0
1999-05-21 00:00:00-04:00,429.39206915386654,434.16309214446505,400.7659312102754,422.23553466796875,3045,0.0,0.0
1999-05-24 00:00:00-04:00,422.2355516412285,427.00657482361527,405.53697050287485,424.6210632324219,1585,0.0,0.0
1999-05-25 00:00:00-04:00,427.0065402984619,429.39205169677734,415.07898330688477,419.8500061035156,2660,0.0,0.0
1999-05-26 00:00:00-04:00,424.62102100461027,431.7775550664857,393.60937340314996,410.3079528808594,1625,0.0,0.0
1999-05-27 00:00:00-04:00,410.30796999187135,415.0789928987536,405.53694708498915,412.6934814453125,775,0.0,0.0
1999-05-28 00:00:00-04:00,409.1152378896649,424.6210632324219,409.1152378896649,424.6210632324219,585,0.0,0.0
1999-06-01 00:00:00-04:00,417.4645013619013,422.2355242346087,415.07898992554755,418.6572570800781,2255,0.0,0.0
1999-06-02 00:00:00-04:00,419.8500061035156,422.23551750183105,398.38040351867676,419.8500061035156,1410,0.0,0.0
1999-06-03 00:00:00-04:00,427.0065402984619,427.0065402984619,415.07898330688477,419.8500061035156,5230,0.0,0.0
1999-06-04 00:00:00-04:00,424.6210564792323,427.0065680324864,419.85003337272406,425.8138122558594,2375,0.0,0.0
1999-06-07 00:00:00-04:00,425.81382242838544,425.81382242838544,400.76595052083337,407.9224853515625,2860,0.0,0.0
1999-06-08 00:00:00-04:00,400.76593654141107,400.76593654141107,379.29633279812117,388.83837890625,2940,0.0,0.0
1999-06-09 00:00:00-04:00,381.6818542480469,391.22390060424806,370.9470520973205,381.6818542480469,8710,0.0,0.0
1999-06-10 00:00:00-04:00,376.9108173016923,380.4890845545565,372.13979429787344,373.3325500488281,11685,0.0,0.0
1999-06-11 00:00:00-04:00,362.5977478027344,372.1397937975432,361.4049920533833,362.5977478027344,126965,0.0,0.0
1999-06-14 00:00:00-04:00,362.59776475694446,363.790520562066,343.513671875,343.513671875,19330,0.0,0.0
1999-06-15 00:00:00-04:00,343.51366864134934,362.59776134364654,343.51366864134934,360.2122497558594,6375,0.0,0.0
1999-06-16 00:00:00-04:00,362.5977239325495,364.983235274211,360.212212590888,361.40496826171875,7490,0.0,0.0
1999-06-17 00:00:00-04:00,357.82670124922646,362.5977239325495,357.82670124922646,361.40496826171875,3820,0.0,0.0
1999-06-18 00:00:00-04:00,361.4049884033203,361.4049884033203,357.82672119140625,357.82672119140625,3470,0.0,0.0
1999-06-21 00:00:00-04:00,357.82672119140625,360.2122326660156,357.82672119140625,357.82672119140625,4520,0.0,0.0
1999-06-22 00:00:00-04:00,357.8267174798089,359.01947320474164,353.0556945800781,353.0556945800781,8230,0.0,0.0
1999-06-23 00:00:00-04:00,353.0556880159198,355.44119942143277,314.8875055277123,316.08026123046875,3755,0.0,0.0
1999-06-24 00:00:00-04:00,314.887535819172,337.5498963516124,314.887535819172,326.8150939941406,3910,0.0,0.0
1999-06-25 00:00:00-04:00,325.622344646048,336.3571472167969,325.622344646048,336.3571472167969,2010,0.0,0.0
1999-06-28 00:00:00-04:00,331.5860960378587,385.26010438931064,331.5860960378587,379.29632568359375,13460,0.0,0.0
1999-06-29 00:00:00-04:00,381.68184749805295,393.6094052323671,378.1035801777587,382.8746032714844,11530,0.0,0.0
1999-06-30 00:00:00-04:00,372.13979477023486,387.64561955232796,361.40499299801655,384.0673522949219,15265,0.0,0.0
1999-07-01 00:00:00-04:00,378.1035832209385,384.06736213609526,364.9832696075936,366.176025390625,1895,0.0,0.0
1999-07-02 00:00:00-04:00,364.9832544901285,405.5369494334761,364.9832544901285,395.9949035644531,6630,0.0,0.0
1999-07-06 00:00:00-04:00,400.7659539943788,438.93414008908155,391.2239074707031,391.2239074707031,6450,0.0,0.0
1999-07-07 00:00:00-04:00,388.8383818406325,391.2238933856671,370.94704525287335,372.1398010253906,1775,0.0,0.0
1999-07-08 00:00:00-04:00,370.94703901776614,386.45286379985924,369.75428326529743,384.0673522949219,3365,0.0,0.0
1999-07-09 00:00:00-04:00,387.645616443879,392.41663941549604,387.645616443879,390.0311279296875,2595,0.0,0.0
1999-07-12 00:00:00-04:00,398.3804168276136,432.9703332587537,398.3804168276136,428.1993103027344,6560,0.0,0.0
1999-07-13 00:00:00-04:00,428.1993036058214,440.12686080932616,403.15143347846134,429.3920593261719,3685,0.0,0.0
1999-07-14 00:00:00-04:00,433.56671575110727,454.43994140625,429.3920706200787,454.43994140625,3710,0.0,0.0
1999-07-15 00:00:00-04:00,459.2109639157531,467.5602541687668,432.9703374062815,443.70513916015625,7545,0.0,0.0
1999-07-16 00:00:00-04:00,449.6689129638672,477.102294921875,442.51237854003904,477.102294921875,3830,0.0,0.0
1999-07-19 00:00:00-04:00,474.71678217543354,477.1022936436518,448.4761560250327,455.6326904296875,4080,0.0,0.0
1999-07-20 00:00:00-04:00,448.4761644598406,448.4761644598406,416.2717590332031,416.2717590332031,3810,0.0,0.0
1999-07-21 00:00:00-04:00,418.65728100383046,446.0906640895516,418.65728100383046,430.5848388671875,1530,0.0,0.0
1999-07-22 00:00:00-04:00,425.2174411302202,429.39208641480866,412.69350527645497,424.6210632324219,3630,0.0,0.0
1999-07-23 00:00:00-04:00,419.85002714151904,456.8254556681869,419.85002714151904,437.7413635253906,6285,0.0,0.0
1999-07-26 00:00:00-04:00,437.74134159088135,437.74134159088135,410.3079605102539,419.8500061035156,2640,0.0,0.0
1999-07-27 00:00:00-04:00,418.65726316569487,434.1630877273873,405.5369500750321,406.7297058105469,3260,0.0,0.0
1999-07-28 00:00:00-04:00,412.6934862551482,448.4761584738027,409.11521903328276,438.9341125488281,3195,0.0,0.0
1999-07-29 00:00:00-04:00,434.1630822075738,436.54859364827473,424.62103644476997,429.3920593261719,590,0.0,0.0
1999-07-30 00:00:00-04:00,432.9703187942505,438.93409729003906,416.2717390060425,419.8500061035156,1120,0.0,0.0
1999-08-02 00:00:00-04:00,422.23551750183105,424.6210289001465,415.07898330688477,419.8500061035156,1235,0.0,0.0
1999-08-03 00:00:00-04:00,411.5007318769183,419.8500220889137,400.76593017578125,400.76593017578125,585,0.0,0.0
1999-08-04 00:00:00-04:00,400.76594674824094,410.3079930993895,356.6339823741787,360.2122497558594,2870,0.0,0.0
1999-08-05 00:00:00-04:00,372.1397861790013,372.1397861790013,333.971602981155,353.0556945800781,5890,0.0,0.0
1999-08-06 00:00:00-04:00,351.86295919860436,360.2122497558594,351.86295919860436,360.2122497558594,900,0.0,0.0
1999-08-09 00:00:00-04:00,360.2122499465942,386.45287742614744,360.2122499465942,381.6818542480469,830,0.0,0.0
1999-08-10 00:00:00-04:00,378.1035744162167,405.5369567871094,360.21223808737363,405.5369567871094,1860,0.0,0.0
1999-08-11 00:00:00-04:00,415.0790201822917,417.46453179253473,400.76595052083337,407.9224853515625,1345,0.0,0.0
1999-08-12 00:00:00-04:00,409.1152142651508,419.8500158056358,409.1152142651508,412.6934814453125,650,0.0,0.0
1999-08-13 00:00:00-04:00,419.8500287576687,419.8500287576687,384.0673558521856,388.83837890625,5580,0.0,0.0
1999-08-16 00:00:00-04:00,386.45286013045404,400.7659290241745,379.29632568359375,379.29632568359375,4315,0.0,0.0
1999-08-17 00:00:00-04:00,382.27821866621883,391.2238868097341,379.2963292850471,384.0673522949219,335,0.0,0.0
1999-08-18 00:00:00-04:00,379.2963392040398,384.0673623386818,376.91082763671875,376.91082763671875,1790,0.0,0.0
1999-08-19 00:00:00-04:00,374.52530579978287,379.29632880360174,373.3325500488281,373.3325500488281,3765,0.0,0.0
1999-08-20 00:00:00-04:00,380.4890984535217,382.874610042572,376.91083106994625,381.6818542480469,3985,0.0,0.0
1999-08-23 00:00:00-04:00,382.87460297804614,384.0673587505634,372.1398010253906,372.1398010253906,2935,0.0,0.0
1999-08-24 00:00:00-04:00,374.5253089805702,376.91082050273945,360.21223984755477,367.3687744140625,2935,0.0,0.0
1999-08-25 00:00:00-04:00,369.7542686711729,369.7542686711729,362.5977344388276,364.9832458496094,1255,0.0,0.0
1999-08-26 00:00:00-04:00,367.3687845192208,369.754296107008,357.82673816807227,360.2122497558594,1020,0.0,0.0
1999-08-27 00:00:00-04:00,364.9832449248343,364.9832449248343,353.0556879011469,354.2484436035156,1505,0.0,0.0
1999-08-30 00:00:00-04:00,361.4049778177281,361.4049778177281,353.0556879011469,354.2484436035156,370,0.0,0.0
1999-08-31 00:00:00-04:00,353.0556829748019,353.0556829748019,338.74261474609375,338.74261474609375,1060,0.0,0.0
1999-09-01 00:00:00-04:00,338.14623690323094,341.12812611754515,335.16434768891673,338.74261474609375,1730,0.0,0.0
1999-09-02 00:00:00-04:00,338.742622270976,348.28466796875,335.1643551343108,348.28466796875,1775,0.0,0.0
1999-09-03 00:00:00-04:00,350.67019712007965,381.68184720552887,348.8810634613037,372.1398010253906,2355,0.0,0.0
1999-09-07 00:00:00-04:00,379.29633279812117,388.83837890625,367.3687751629601,388.83837890625,1570,0.0,0.0
1999-09-08 00:00:00-04:00,384.06736593043547,393.60941228895564,374.52531957191536,392.4166564941406,665,0.0,0.0
1999-09-09 00:00:00-04:00,388.8383486908261,388.8383486908261,343.5136331992574,361.40496826171875,3330,0.0,0.0
1999-09-10 00:00:00-04:00,367.36876708984374,367.36876708984374,357.82672119140625,357.82672119140625,420,0.0,0.0
1999-09-13 00:00:00-04:00,361.404984654607,361.404984654607,353.0556945800781,353.0556945800781,400,0.0,0.0
1999-09-14 00:00:00-04:00,353.05570775082236,353.05570775082236,338.7426385176809,339.9353942871094,1045,0.0,0.0
1999-09-15 00:00:00-04:00,342.3209022169012,345.8991694874611,335.16436767578125,335.16436767578125,1580,0.0,0.0
1999-09-16 00:00:00-04:00,333.971607720674,338.7426306881122,314.8875158509212,319.6585388183594,2365,0.0,0.0
1999-09-17 00:00:00-04:00,324.4295724051339,336.3571302141462,324.4295724051339,333.97161865234375,860,0.0,0.0
1999-09-20 00:00:00-04:00,327.41147190288905,329.2006056291344,314.887535819172,326.8150939941406,765,0.0,0.0
1999-09-21 00:00:00-04:00,314.88751938763784,324.4295654296875,314.88751938763784,324.4295654296875,240,0.0,0.0
1999-09-22 00:00:00-04:00,320.8512972133366,320.8512972133366,296.9961821788878,302.9599609375,1860,0.0,0.0
1999-09-23 00:00:00-04:00,302.36358585357664,305.34547526041666,281.49036000569663,286.2613830566406,4085,0.0,0.0
1999-09-24 00:00:00-04:00,280.2976038548853,285.06862689922383,275.5265808105469,275.5265808105469,2910,0.0,0.0
1999-09-27 00:00:00-04:00,272.54469810154126,281.4903665293818,260.02076230256455,274.3338317871094,2345,0.0,0.0
1999-09-28 00:00:00-04:00,255.24974060058594,268.96643226837443,251.6714732089889,255.24974060058594,2055,0.0,0.0
1999-09-29 00:00:00-04:00,214.69604349581994,271.9483217613719,214.69604349581994,255.24974060058594,8320,0.0,0.0
1999-09-30 00:00:00-04:00,267.17729008305184,269.5628016016505,258.82799976795644,264.7917785644531,3230,0.0,0.0
1999-10-01 00:00:00-04:00,267.1772864105505,267.1772864105505,257.6352404673165,260.020751953125,1055,0.0,0.0
1999-10-04 00:00:00-04:00,262.4062574955455,271.94830322265625,257.63523463199016,271.94830322265625,995,0.0,0.0
1999-10-05 00:00:00-04:00,276.71933657163146,286.2613826603084,267.1772904829545,275.5265808105469,29275,0.0,0.0
1999-10-06 00:00:00-04:00,276.122944355011,281.4903450012207,267.1772766113281,267.1772766113281,2040,0.0,0.0
1999-10-07 00:00:00-04:00,273.7374572753906,279.1048583984375,273.1410793728299,279.1048583984375,5025,0.0,0.0
1999-10-08 00:00:00-04:00,279.10484672995176,329.2005884507123,271.9483121984145,324.4295654296875,6245,0.0,0.0
1999-10-11 00:00:00-04:00,322.0440673828125,324.4295789930556,298.18895128038196,300.574462890625,4885,0.0,0.0
1999-10-12 00:00:00-04:00,295.8034291585287,295.8034291585287,282.68311576843263,286.2613830566406,1870,0.0,0.0
1999-10-13 00:00:00-04:00,283.8758797333619,286.2613913277599,245.70769422299392,255.24974060058594,1490,0.0,0.0
1999-10-14 00:00:00-04:00,263.59903633811257,302.9599784157493,262.4062805175781,262.4062805175781,2405,0.0,0.0
1999-10-15 00:00:00-04:00,265.3881352036087,265.98451303552696,240.93664409496165,257.6352233886719,4675,0.0,0.0
1999-10-18 00:00:00-04:00,251.67146435905906,257.6352431353401,230.2018607644474,243.32217407226562,2745,0.0,0.0
1999-10-19 00:00:00-04:00,239.7439102759728,248.09320068359375,239.7439102759728,248.09320068359375,575,0.0,0.0
1999-10-20 00:00:00-04:00,246.90044217496308,276.71933615744655,243.9185527767147,264.7917785644531,1970,0.0,0.0
1999-10-21 00:00:00-04:00,267.1772941214139,291.03240966796875,258.8280036801197,291.03240966796875,1090,0.0,0.0
1999-10-22 00:00:00-04:00,286.261379435911,291.0324024265095,271.9483104641155,281.4903564453125,515,0.0,0.0
1999-10-25 00:00:00-04:00,268.96641393293413,271.94830322265625,268.37003607498974,271.94830322265625,805,0.0,0.0
1999-10-26 00:00:00-04:00,270.7555677625868,271.94832356770837,267.17730034722223,268.37005615234375,2925,0.0,0.0
1999-10-27 00:00:00-04:00,267.1772766113281,267.1772766113281,262.40625381469727,267.1772766113281,475,0.0,0.0
1999-10-28 00:00:00-04:00,260.020751953125,260.61712982457715,254.0569732386038,260.020751953125,460,0.0,0.0
1999-10-29 00:00:00-04:00,252.86423395330254,281.4903736461293,252.86423395330254,262.4062805175781,780,0.0,0.0
1999-11-01 00:00:00-05:00,265.9845372713529,265.9845372713529,243.32217759352466,248.09320068359375,1750,0.0,0.0
1999-11-02 00:00:00-05:00,248.0931873139881,255.24972156343006,245.70767589750744,250.47869873046875,435,0.0,0.0
1999-11-03 00:00:00-05:00,252.8642182302947,262.4062642012492,240.93666076660156,240.93666076660156,3370,0.0,0.0
1999-11-04 00:00:00-05:00,244.5149280057095,244.5149280057095,232.58737054201634,240.93666076660156,4990,0.0,0.0
1999-11-05 00:00:00-05:00,245.70768375207882,249.28595099118675,240.93666076660156,240.93666076660156,3960,0.0,0.0
1999-11-08 00:00:00-05:00,240.93665774432932,250.4787035955899,236.16563481869906,246.9004364013672,5015,0.0,0.0
1999-11-09 00:00:00-05:00,251.67145443870908,257.6352329799107,240.93665306454614,250.47869873046875,1560,0.0,0.0
1999-11-10 00:00:00-05:00,255.24972320021246,276.71932608621165,255.24972320021246,271.94830322265625,9850,0.0,0.0
1999-11-11 00:00:00-05:00,274.93018865585327,276.71932220458984,260.02074241638184,267.1772766113281,2845,0.0,0.0
1999-11-12 00:00:00-05:00,267.1773037997159,271.9483270818537,257.63525723544035,262.4062805175781,4485,0.0,0.0
1999-11-15 00:00:00-05:00,264.19538736343384,276.71932220458984,261.21349811553955,267.1772766113281,3895,0.0,0.0
1999-11-16 00:00:00-05:00,276.7193329260738,276.7193329260738,265.98453121773474,270.75555419921875,6435,0.0,0.0
1999-11-17 00:00:00-05:00,271.3519388384524,271.9483167260094,268.3700494006672,269.56280517578125,6215,0.0,0.0
1999-11-18 00:00:00-05:00,271.9483113927165,306.5382281926673,268.3700441375492,302.9599609375,13095,0.0,0.0
1999-11-19 00:00:00-05:00,301.76720153808594,367.36876708984374,298.1889343261719,357.82672119140625,25110,0.0,0.0
1999-11-22 00:00:00-05:00,367.36875000000003,412.6934659090909,362.5977272727273,393.609375,14770,0.0,0.0
1999-11-23 00:00:00-05:00,399.5731911659241,399.5731911659241,355.44122676849366,381.6818542480469,9680,0.0,0.0
1999-11-24 00:00:00-05:00,382.8745940072196,403.15144166492286,379.2963267735073,400.76593017578125,8905,0.0,0.0
1999-11-26 00:00:00-05:00,401.9586706161499,419.8500061035156,398.38040351867676,419.8500061035156,3380,0.0,0.0
1999-11-29 00:00:00-05:00,419.8500206988791,458.0182043987772,416.27175347701365,438.9341125488281,11240,0.0,0.0
1999-11-30 00:00:00-05:00,429.39209319733004,448.4761862283225,412.69351179521163,434.1631164550781,10915,0.0,0.0
1999-12-01 00:00:00-05:00,442.5124004154853,462.7892489520439,434.1631098416082,456.8254699707031,6850,0.0,0.0
1999-12-02 00:00:00-05:00,458.0182257669713,459.21098156323944,455.63271417443497,456.8254699707031,5615,0.0,0.0
1999-12-03 00:00:00-05:00,458.0182189941406,460.4037305514018,448.476172765096,458.0182189941406,5655,0.0,0.0
1999-12-06 00:00:00-05:00,456.82545383233474,477.10230165256894,446.09065204515196,475.9095458984375,11465,0.0,0.0
1999-12-07 00:00:00-05:00,472.331298828125,477.10232204861114,461.59649658203125,472.331298828125,4800,0.0,0.0
1999-12-08 00:00:00-05:00,466.9638977050781,477.10232204861114,460.40374077690973,472.331298828125,3930,0.0,0.0
1999-12-09 00:00:00-05:00,467.5602439597801,469.94575540855453,448.476152369585,450.8616638183594,6940,0.0,0.0
1999-12-10 00:00:00-05:00,449.66891111317653,449.66891111317653,438.9341095216153,444.89788818359375,2585,0.0,0.0
1999-12-13 00:00:00-05:00,438.9341161584341,455.6326966644615,431.77758165585095,443.70513916015625,4500,0.0,0.0
1999-12-14 00:00:00-05:00,447.28342692057294,447.28342692057294,381.6818576388889,407.9224853515625,4030,0.0,0.0
1999-12-15 00:00:00-05:00,404.34422144075717,412.6935121489734,376.91083768518956,391.2239074707031,4080,0.0,0.0
1999-12-16 00:00:00-05:00,391.2238993969298,428.1993289131031,391.2238993969298,424.91925048828125,6160,0.0,0.0
1999-12-17 00:00:00-05:00,432.97033684174596,503.3429260253906,432.97033684174596,503.3429260253906,19330,0.0,0.0
1999-12-20 00:00:00-05:00,515.2704350663092,536.7400365274054,503.3428786990336,528.3907470703125,6670,0.0,0.0
1999-12-21 00:00:00-05:00,523.6197484120602,571.329976057806,523.6197484120602,567.751708984375,6555,0.0,0.0
1999-12-22 00:00:00-05:00,570.1372446088649,653.6301465390334,567.7517331251457,639.3170776367188,8420,0.0,0.0
1999-12-23 00:00:00-05:00,638.1243330637614,644.0881118774414,572.5227661132812,572.5227661132812,9935,0.0,0.0
1999-12-27 00:00:00-05:00,573.1191574129214,589.2213605868536,522.4270363098015,559.4024658203125,3595,0.0,0.0
1999-12-28 00:00:00-05:00,549.2640482584636,562.9807400173612,537.9328681098091,558.209716796875,1215,0.0,0.0
1999-12-29 00:00:00-05:00,572.5227918656561,749.0506526909002,545.0894080887601,718.0390014648438,19365,0.0,0.0
1999-12-30 00:00:00-05:00,716.8461940891141,716.8461940891141,644.0880945226648,651.24462890625,8085,0.0,0.0
1999-12-31 00:00:00-05:00,658.4011769014246,667.9432229434742,634.5460617963006,648.859130859375,2045,0.0,0.0
2000-01-03 00:00:00-05:00,648.8591276469984,751.4361220911929,634.5460586547852,725.1954956054688,16095,0.0,0.0
2000-01-04 00:00:00-05:00,721.6172041067387,721.6172041067387,584.4502975409949,675.0997314453125,8530,0.0,0.0
2000-01-05 00:00:00-05:00,678.6780531141493,706.1114366319445,658.4012044270834,687.02734375,11015,0.0,0.0
2000-01-06 00:00:00-05:00,679.8708028793335,763.3637084960938,672.7142681121826,763.3637084960938,2960,0.0,0.0
2000-01-07 00:00:00-05:00,753.8216614086872,753.8216614086872,678.6780464264921,688.2200927734375,16485,0.0,0.0
2000-01-10 00:00:00-05:00,739.5085492685923,859.9768774558953,737.1230378193388,803.9173583984375,26160,0.0,0.0
2000-01-11 00:00:00-05:00,781.2550126938593,827.7724867321197,765.7491880144393,801.5318603515625,8735,0.0,0.0
2000-01-12 00:00:00-05:00,801.5318738339553,808.6884084217585,775.2912470120103,799.1463623046875,3895,0.0,0.0
2000-01-13 00:00:00-05:00,799.1463599266943,923.1929590794947,799.1463599266943,918.4219360351562,12190,0.0,0.0
2000-01-14 00:00:00-05:00,944.662584988576,1032.9265133839733,942.277073410322,1011.4569091796875,20190,0.0,0.0
2000-01-18 00:00:00-05:00,1000.7220315933228,1068.7091064453125,970.9031391143799,1068.7091064453125,10210,0.0,0.0
2000-01-19 00:00:00-05:00,1075.8657832224205,1087.793341794731,985.2163380728596,1086.6005859375,9525,0.0,0.0
2000-01-20 00:00:00-05:00,1176.057195930242,1233.309473216907,1049.625083588857,1142.6600341796875,30220,0.0,0.0
2000-01-21 00:00:00-05:00,1068.709145642202,1202.297788847477,1059.167099698968,1170.0933837890625,12300,0.0,0.0
2000-01-24 00:00:00-05:00,1143.8527470292715,1143.8527470292715,1068.7091359105605,1106.8773193359375,4230,0.0,0.0
2000-01-25 00:00:00-05:00,1080.6367522622936,1087.7932870454877,896.9523594936477,1020.9989624023438,9405,0.0,0.0
2000-01-26 00:00:00-05:00,1036.5046567226977,1125.9613302027926,1036.5046567226977,1121.1903076171875,9020,0.0,0.0
2000-01-27 00:00:00-05:00,1123.5758809128854,1171.2861094017553,1020.9988896618152,1044.85400390625,12730,0.0,0.0
2000-01-28 00:00:00-05:00,1015.035135269165,1030.5409598972487,827.7724839915401,877.8682250976562,10305,0.0,0.0
2000-01-31 00:00:00-05:00,900.5305644152636,949.4335487080131,869.5189158393738,892.1812744140625,6415,0.0,0.0
2000-02-01 00:00:00-05:00,892.1813556863395,923.1930070872016,892.1813556863395,899.337890625,8085,0.0,0.0
2000-02-02 00:00:00-05:00,968.5176713992388,975.6742059169671,924.3857085399138,930.3494873046875,13865,0.0,0.0
2000-02-03 00:00:00-05:00,955.397354849142,1030.540967028288,925.5784611272586,1006.6858520507812,27540,0.0,0.0
2000-02-04 00:00:00-05:00,1042.468495686849,1106.8773043448466,1013.8423585055168,1087.793212890625,11125,0.0,0.0
2000-02-07 00:00:00-05:00,1073.480144299959,1156.973044412178,1073.480144299959,1087.793212890625,12430,0.0,0.0
2000-02-08 00:00:00-05:00,1135.5034706989065,1145.0455166711663,1090.178752330673,1104.4918212890625,15410,0.0,0.0
2000-02-09 00:00:00-05:00,1084.214970299957,1092.5642605002868,1020.9989159260322,1040.0830078125,7030,0.0,0.0
2000-02-10 00:00:00-05:00,1061.5526534370754,1097.3353271484375,1011.4569102411684,1097.3353271484375,5680,0.0,0.0
2000-02-11 00:00:00-05:00,1049.625015258789,1083.022174835205,1035.3119468688965,1068.7091064453125,2875,0.0,0.0
2000-02-14 00:00:00-05:00,1090.1787342225884,1250.008001603143,1038.8902379736046,1238.0804443359375,9940,0.0,0.0
2000-02-15 00:00:00-05:00,1252.3935664078392,1487.3664545815004,1235.6949855224013,1465.8968505859375,17745,0.0,0.0
2000-02-16 00:00:00-05:00,1422.9576182925214,1698.4841981966053,1416.9938395067186,1686.556640625,38150,0.0,0.0
2000-02-17 00:00:00-05:00,1660.316038623439,2690.857028113849,1660.316038623439,2674.158447265625,63270,0.0,0.0
2000-02-18 00:00:00-05:00,2609.749528780158,3301.547849937604,2440.378215669197,2867.384765625,84660,0.0,0.0
2000-02-22 00:00:00-05:00,2774.3497866277826,2885.276067864405,2509.558018514555,2786.27734375,34405,0.0,0.0
2000-02-23 00:00:00-05:00,2766.0006209602225,3166.46836933771,2647.9178001430328,3088.044677734375,16395,0.0,0.0
2000-02-24 00:00:00-05:00,3129.7910402590087,3129.7910402590087,2471.3898763020834,2647.917724609375,36075,0.0,0.0
2000-02-25 00:00:00-05:00,2600.2075046143077,2604.978527558554,2149.345836383019,2342.572265625,88200,0.0,0.0
2000-02-28 00:00:00-05:00,2341.3796128090135,2538.1843179101274,2061.082002513487,2432.029052734375,31515,0.0,0.0
2000-02-29 00:00:00-05:00,2554.8829904409554,2556.0757462721604,2442.763942307692,2480.93212890625,21865,0.0,0.0
2000-03-01 00:00:00-05:00,2469.0043242990155,2830.4093051022046,2464.2333014501287,2786.27734375,18970,0.0,0.0
2000-03-02 00:00:00-05:00,2857.84274970016,3062.996736740405,2729.0251299307038,2797.01220703125,27210,0.0,0.0
2000-03-03 00:00:00-05:00,2995.0098339969973,2995.606211901019,2738.5673352676645,2768.38623046875,20860,0.0,0.0
2000-03-06 00:00:00-05:00,2843.529925407247,2843.529925407247,2669.3875725928774,2690.857177734375,7950,0.0,0.0
2000-03-07 00:00:00-05:00,2602.593054245633,2700.399026036716,2471.3899213551567,2509.55810546875,8625,0.0,0.0
2000-03-08 00:00:00-05:00,2554.882774939904,2726.639600145948,2399.8245299622254,2604.978515625,18950,0.0,0.0
2000-03-09 00:00:00-05:00,2714.712111836566,2744.531005859375,2588.280001179854,2744.531005859375,8260,0.0,0.0
2000-03-10 00:00:00-05:00,2764.8077758789063,2996.2023869748978,2764.8077758789063,2910.323974609375,22015,0.0,0.0
2000-03-13 00:00:00-05:00,2633.6047144396553,3053.4547413793102,2614.5206223060345,2767.193359375,18015,0.0,0.0
2000-03-14 00:00:00-05:00,2795.819553861682,3101.1650341469167,2748.109322567114,2843.52978515625,24140,0.0,0.0
2000-03-15 00:00:00-05:00,3021.250147474612,3022.4429031585737,2366.42727697972,2470.197021484375,14575,0.0,0.0
2000-03-16 00:00:00-05:00,2633.6048177083335,2633.6048177083335,2003.8297526041667,2533.413330078125,17350,0.0,0.0
2000-03-17 00:00:00-05:00,2557.2684030353607,2633.604773275222,2262.6577241408954,2411.752197265625,6900,0.0,0.0
2000-03-20 00:00:00-05:00,2385.5115660627034,2426.0652626857695,2194.6706407776874,2197.05615234375,7655,0.0,0.0
2000-03-21 00:00:00-05:00,2177.971875,2253.1154829545453,1965.6613636363636,2164.8515625,10420,0.0,0.0
2000-03-22 00:00:00-05:00,2204.2126495361326,2385.5115254720054,2118.3342346191407,2290.091064453125,8540,0.0,0.0
2000-03-23 00:00:00-05:00,2366.4274075255103,2426.065195013552,2127.8762575733417,2337.80126953125,5845,0.0,0.0
2000-03-24 00:00:00-05:00,2422.4869985897376,2479.739276252124,2304.404175911065,2368.81298828125,8705,0.0,0.0
2000-03-27 00:00:00-05:00,2414.1375188747375,2414.1375188747375,2251.9227448792017,2271.0068359375,2275,0.0,0.0
2000-03-28 00:00:00-05:00,2309.175051769578,2309.175051769578,2176.7791681195663,2177.971923828125,1955,0.0,0.0
2000-03-29 00:00:00-05:00,2213.7547405288083,2251.9229257103393,1804.639505614271,1889.0269775390625,12640,0.0,0.0
2000-03-30 00:00:00-05:00,1710.4117252322883,1946.5773609338178,1459.9330207003634,1518.3780517578125,18970,0.0,0.0
2000-03-31 00:00:00-05:00,1640.0392978881637,2225.682421715864,1450.3911172596415,2195.863525390625,31055,0.0,0.0
2000-04-03 00:00:00-04:00,1948.9629384142288,2239.9953478224734,1656.7377732297207,1681.78564453125,13645,0.0,0.0
2000-04-04 00:00:00-04:00,1755.736453555046,1777.2060569273224,837.3145315187787,1560.12451171875,25005,0.0,0.0
2000-04-05 00:00:00-04:00,1202.2977579195206,1791.5190797570635,1202.2977579195206,1654.3521728515625,19255,0.0,0.0
2000-04-06 00:00:00-04:00,1736.6523256655094,1908.4091490829774,1661.508715420367,1674.6290283203125,10065,0.0,0.0
2000-04-07 00:00:00-04:00,1812.9887835184734,1882.1686186790466,1665.087066968282,1832.0728759765625,4805,0.0,0.0
2000-04-10 00:00:00-04:00,1869.0482970662786,2070.624022786892,1784.3626371481512,1790.326416015625,14090,0.0,0.0
2000-04-11 00:00:00-04:00,1760.5075455580866,1760.5075455580866,1469.4751328777525,1570.859375,10390,0.0,0.0
2000-04-12 00:00:00-04:00,1536.2693818461028,1593.5216569459574,1049.6250434973372,1231.8184814453125,36310,0.0,0.0
2000-04-13 00:00:00-04:00,1298.9109921948664,1335.8864198882004,1011.4568607724947,1106.8773193359375,22430,0.0,0.0
2000-04-14 00:00:00-04:00,945.8552694320679,1054.39603805542,787.2187614440918,839.7000122070312,24690,0.0,0.0
2000-04-17 00:00:00-04:00,787.2188019721173,1075.8656960285603,763.363686760841,907.6871337890625,22180,0.0,0.0
2000-04-18 00:00:00-04:00,969.710491930979,1211.8399259555654,849.2421528350025,1176.0572509765625,18270,0.0,0.0
2000-04-19 00:00:00-04:00,1259.55005859375,1326.3443798828125,1109.2628356933594,1192.7557373046875,9170,0.0,0.0
2000-04-20 00:00:00-04:00,1216.6109212239585,1277.4414672851562,1145.0455729166667,1202.2978515625,4545,0.0,0.0
2000-04-24 00:00:00-04:00,1073.4801363353886,1192.7557070393207,1073.4801363353886,1154.5875244140625,4490,0.0,0.0
2000-04-25 00:00:00-04:00,1204.683246111661,1469.4750091183826,1173.671598191955,1430.71044921875,13145,0.0,0.0
2000-04-26 00:00:00-04:00,1495.715759706162,1731.8814059755562,1426.535923930279,1527.920166015625,32915,0.0,0.0
2000-04-27 00:00:00-04:00,1395.5241477272727,1603.0636363636363,1374.0545454545454,1574.4375,5030,0.0,0.0
2000-04-28 00:00:00-04:00,1581.594184633634,1803.4467625686689,1576.2267835545608,1655.5450439453125,17140,0.0,0.0
2000-05-01 00:00:00-04:00,1793.904650590551,1927.4932947834645,1698.484190452756,1817.759765625,10745,0.0,0.0
2000-05-02 00:00:00-04:00,1755.7364340664117,1888.1323200591912,1710.4117163391536,1715.1827392578125,3800,0.0,0.0
2000-05-03 00:00:00-04:00,1700.8697442186406,1729.4958829712684,1622.1478626489138,1702.0625,6380,0.0,0.0
2000-05-04 00:00:00-04:00,1851.1570095486113,1851.1570095486113,1719.9538709852432,1760.507568359375,11315,0.0,0.0
2000-05-05 00:00:00-04:00,1812.9887337873574,1829.6873142301356,1755.7364579835462,1776.0133056640625,6210,0.0,0.0
2000-05-08 00:00:00-04:00,1739.0378484994317,1774.8205202792553,1727.1102912394904,1737.8450927734375,4510,0.0,0.0
2000-05-09 00:00:00-04:00,1760.507433092272,1774.8205016539978,1545.8114046663852,1588.7506103515625,7655,0.0,0.0
2000-05-10 00:00:00-04:00,1434.885180584796,1488.5591898336038,1381.2111713359882,1469.47509765625,8590,0.0,0.0
2000-05-11 00:00:00-04:00,1533.8839369783184,1533.8839369783184,1461.1258342134058,1464.7041015625,3210,0.0,0.0
2000-05-12 00:00:00-04:00,1477.824353964932,1657.9304697427406,1477.824353964932,1583.9796142578125,16680,0.0,0.0
2000-05-15 00:00:00-04:00,1586.365227409759,1688.9422270768562,1586.365227409759,1630.4971923828125,6775,0.0,0.0
2000-05-16 00:00:00-04:00,1687.7494015274658,1698.484203374637,1617.376811640455,1642.4246826171875,3670,0.0,0.0
2000-05-17 00:00:00-04:00,1624.533365705372,1650.7739927578816,1543.4259729976147,1617.3768310546875,5960,0.0,0.0
2000-05-18 00:00:00-04:00,1564.89551589541,1646.0029054387696,1526.7273325808878,1585.17236328125,5510,0.0,0.0
2000-05-19 00:00:00-04:00,1500.4867895126342,1538.654974937439,1488.5592315673828,1526.7274169921875,7260,0.0,0.0
2000-05-22 00:00:00-04:00,1526.7273312356979,1583.9796061570366,1440.8489188536898,1563.7027587890625,11305,0.0,0.0
2000-05-23 00:00:00-04:00,1508.8360580582937,1531.4984178235961,1440.8489787623864,1444.42724609375,4745,0.0,0.0
2000-05-24 00:00:00-04:00,1431.306892697992,1469.4750765032718,1230.923927720273,1321.5733642578125,17960,0.0,0.0
2000-05-25 00:00:00-04:00,1350.1994841604521,1388.3676674582741,1207.0687967936199,1259.550048828125,7300,0.0,0.0
2000-05-26 00:00:00-04:00,1231.5202801539424,1233.3094137328587,1063.938101595464,1130.732421875,18150,0.0,0.0
2000-05-30 00:00:00-04:00,1264.3211777639078,1321.5734575117074,1183.213781454525,1321.2752685546875,6200,0.0,0.0
2000-05-31 00:00:00-04:00,1226.1529003717726,1412.2227957589287,1105.6845706659856,1235.6949462890625,3535,0.0,0.0
2000-06-01 00:00:00-04:00,1335.2900991035983,1464.7041015625,1295.332780372048,1464.7041015625,10740,0.0,0.0
2000-06-02 00:00:00-04:00,1547.0042554700697,1836.8439116606842,1545.8114996832771,1765.278564453125,16410,0.0,0.0
2000-06-05 00:00:00-04:00,1669.858088258837,1906.0237321697296,1669.858088258837,1746.1944580078125,4825,0.0,0.0
2000-06-06 00:00:00-04:00,1793.9045980765934,1796.290109510206,1717.5682322009939,1740.2305908203125,4875,0.0,0.0
2000-06-07 00:00:00-04:00,1749.7727111479196,1752.158222683227,1678.2073650887,1727.1103515625,2945,0.0,0.0
2000-06-08 00:00:00-04:00,1774.8204980604196,1792.7118337263512,1688.9420868639477,1719.9537353515625,4485,0.0,0.0
2000-06-09 00:00:00-04:00,1755.7365105968856,1755.7365105968856,1684.1711636975563,1723.5321044921875,1840,0.0,0.0
2000-06-12 00:00:00-04:00,1715.1826704545456,1743.808806818182,1700.8696022727272,1705.640625,5805,0.0,0.0
2000-06-13 00:00:00-04:00,1655.544948688132,1712.7972235707189,1622.1477883399566,1650.77392578125,7080,0.0,0.0
2000-06-14 00:00:00-04:00,1698.4842735575164,1755.7365524414777,1624.5334133323997,1630.4971923828125,7705,0.0,0.0
2000-06-15 00:00:00-04:00,1607.8348119582574,1662.7015785384353,1545.8115106067519,1634.075439453125,3250,0.0,0.0
2000-06-16 00:00:00-04:00,1674.6290457589287,1698.4841603708792,1593.5216560782967,1628.111572265625,3210,0.0,0.0
2000-06-19 00:00:00-04:00,1700.869736419327,1700.869736419327,1603.0637627963363,1660.3160400390625,3550,0.0,0.0
2000-06-20 00:00:00-04:00,1687.7494258626302,1810.603270996094,1648.3884851888022,1789.1336669921875,16985,0.0,0.0
2000-06-21 00:00:00-04:00,1844.0004131169212,2123.105262191539,1844.0004131169212,2030.0703125,30580,0.0,0.0
2000-06-22 00:00:00-04:00,2058.696526636282,2061.082038254632,1965.6615735206217,1995.48046875,7730,0.0,0.0
2000-06-23 00:00:00-04:00,1984.745564088983,2061.081931938559,1965.661472126589,1970.4324951171875,1785,0.0,0.0
2000-06-26 00:00:00-04:00,1970.432340243532,2118.334041327187,1966.8540732818308,2086.129638671875,6205,0.0,0.0
2000-06-27 00:00:00-04:00,2099.250285062714,2193.4779967217787,2051.5400513112886,2092.09375,6350,0.0,0.0
2000-06-28 00:00:00-04:00,2172.0082035125247,2261.4648840525792,2096.864591858879,2254.308349609375,7420,0.0,0.0
2000-06-29 00:00:00-04:00,2200.6341806235023,2328.2590355431307,2137.418130990415,2239.9951171875,7180,0.0,0.0
2000-06-30 00:00:00-04:00,2309.175156656901,2309.175156656901,2127.8762807210287,2290.091064453125,9585,0.0,0.0
2000-07-03 00:00:00-04:00,2299.6330615234374,2385.511474609375,2268.6214123535156,2385.511474609375,2070,0.0,0.0
2000-07-05 00:00:00-04:00,2256.6937003051034,2366.4272206159226,2098.057198116637,2217.332763671875,6795,0.0,0.0
2000-07-06 00:00:00-04:00,2261.464791492475,2290.0909280936457,2118.334108486622,2139.8037109375,3450,0.0,0.0
2000-07-07 00:00:00-04:00,2156.502320498512,2156.502320498512,1965.6614071800595,2003.82958984375,10095,0.0,0.0
2000-07-10 00:00:00-04:00,1975.203642040453,2022.9138749399808,1848.7715248567042,1863.0845947265625,8960,0.0,0.0
2000-07-11 00:00:00-04:00,1883.3613266778625,1883.3613266778625,1684.1711166998998,1710.4117431640625,10705,0.0,0.0
2000-07-12 00:00:00-04:00,1751.2636259885694,1851.1569198258196,1717.568276127049,1818.9525146484375,17215,0.0,0.0
2000-07-13 00:00:00-04:00,1827.3017371056344,1896.4815678837851,1741.423326484482,1743.808837890625,10145,0.0,0.0
2000-07-14 00:00:00-04:00,1741.4234540924226,1785.5554183399704,1626.9188982068936,1656.73779296875,7485,0.0,0.0
2000-07-17 00:00:00-04:00,1717.5682709059233,1721.1465381369774,1641.2319033101046,1711.6044921875,6125,0.0,0.0
2000-07-18 00:00:00-04:00,1734.8632056893146,1734.8632056893146,1563.7027587890625,1563.7027587890625,5345,0.0,0.0
2000-07-19 00:00:00-04:00,1638.8464614698892,1638.8464614698892,1502.872300911252,1505.2578125,4600,0.0,0.0
2000-07-20 00:00:00-04:00,1526.7273082942097,1564.895491001565,1488.5591255868544,1524.341796875,3110,0.0,0.0
2000-07-21 00:00:00-04:00,1490.9446722137009,1579.208596808752,1489.7519164759299,1561.3172607421875,5805,0.0,0.0
2000-07-24 00:00:00-04:00,1532.6911627651634,1597.0999742743609,1531.4984069964744,1554.1607666015625,5345,0.0,0.0
2000-07-25 00:00:00-04:00,1548.1969356953066,1614.9912564957203,1538.654889866676,1585.17236328125,14360,0.0,0.0
2000-07-26 00:00:00-04:00,1585.1724036945507,1585.1724036945507,1435.481555941604,1578.015869140625,5250,0.0,0.0
2000-07-27 00:00:00-04:00,1583.979688109875,1583.979688109875,1393.1387618315769,1527.920166015625,13495,0.0,0.0
2000-07-28 00:00:00-04:00,1476.6315913344874,1489.751904343114,1215.4180868900185,1259.550048828125,11460,0.0,0.0
2000-07-31 00:00:00-04:00,1382.4039638449929,1391.9460101873224,1272.6704309082031,1312.0313720703125,18085,0.0,0.0
2000-08-01 00:00:00-04:00,1371.0728545351967,1371.6692324623543,1145.045620142487,1151.0093994140625,11315,0.0,0.0
2000-08-02 00:00:00-04:00,1202.2978259117026,1278.6341958108583,1109.2628750971066,1271.4776611328125,13130,0.0,0.0
2000-08-03 00:00:00-04:00,1159.358499278193,1412.222698709239,1090.1786711319633,1316.80224609375,32605,0.0,0.0
2000-08-04 00:00:00-04:00,1372.8618570704202,1505.2577442422853,1335.8864291215211,1403.5753173828125,19325,0.0,0.0
2000-08-07 00:00:00-04:00,1448.6017798948824,1521.9562545457966,1388.3676177831562,1486.173583984375,8880,0.0,0.0
2000-08-08 00:00:00-04:00,1488.559222978415,1851.156982421875,1483.788199827843,1851.156982421875,29400,0.0,0.0
2000-08-09 00:00:00-04:00,1884.5540828570427,1951.3484047810898,1684.1711170849014,1861.8917236328125,16605,0.0,0.0
2000-08-10 00:00:00-04:00,1760.5075180590454,1946.5774183417086,1717.5683103015076,1898.8671875,13865,0.0,0.0
2000-08-11 00:00:00-04:00,1889.3252228213028,1889.921600732547,1774.820663862436,1863.0845947265625,6820,0.0,0.0
2000-08-14 00:00:00-04:00,1894.0960685425373,1937.035274126625,1811.7959245063691,1926.8968505859375,9780,0.0,0.0
2000-08-15 00:00:00-04:00,1945.3845683130726,1979.9744839973637,1903.6381183492726,1937.0352783203125,9215,0.0,0.0
2000-08-16 00:00:00-04:00,1903.6382194147438,2006.21521620025,1903.6382194147438,1983.5528564453125,5530,0.0,0.0
2000-08-17 00:00:00-04:00,2008.6007345959313,2025.299315524876,1913.180272144818,1982.360107421875,6080,0.0,0.0
2000-08-18 00:00:00-04:00,2046.7689528818457,2061.0820224824183,1958.5050236783163,1992.7967529296875,3200,0.0,0.0
2000-08-21 00:00:00-04:00,1992.7966832654229,2016.9499873720365,1900.05992305361,1902.4454345703125,3510,0.0,0.0
2000-08-22 00:00:00-04:00,1975.2035638700108,1975.2035638700108,1832.0728708359522,1897.6744384765625,3930,0.0,0.0
2000-08-23 00:00:00-04:00,1870.2409601059592,1908.4091429652644,1793.9045943873487,1871.4337158203125,3130,0.0,0.0
2000-08-24 00:00:00-04:00,1951.3483468793297,2046.7688039394436,1917.9511869082896,1937.0352783203125,11530,0.0,0.0
2000-08-25 00:00:00-04:00,1956.119426145392,2053.9253974526614,1956.119426145392,1970.4324951171875,3230,0.0,0.0
2000-08-28 00:00:00-04:00,2013.3716355096726,2041.9977725074405,1965.6614071800595,2003.82958984375,2675,0.0,0.0
2000-08-29 00:00:00-04:00,2053.9253654993167,2186.321251428715,2041.99780820838,2127.876220703125,5905,0.0,0.0
2000-08-30 00:00:00-04:00,2136.225643440817,2137.418399243966,2027.684865354209,2050.943603515625,4190,0.0,0.0
2000-08-31 00:00:00-04:00,2041.99780820838,2219.7184118433383,2003.8296248773822,2127.876220703125,5530,0.0,0.0
2000-09-01 00:00:00-04:00,2127.8762359219486,2292.4765277141173,2127.8762359219486,2276.970703125,5515,0.0,0.0
2000-09-05 00:00:00-04:00,2274.585278240788,2307.9824401656656,2137.4183631921824,2197.05615234375,5455,0.0,0.0
2000-09-06 00:00:00-04:00,2187.514115263893,2188.7068710519325,1894.09619140625,1894.09619140625,17850,0.0,0.0
2000-09-07 00:00:00-04:00,1903.6381344122246,2191.986830523851,1903.0417565505668,1977.5889892578125,6800,0.0,0.0
2000-09-08 00:00:00-04:00,1900.059916331356,1984.7455748746868,1832.0728383458647,1903.63818359375,8330,0.0,0.0
2000-09-11 00:00:00-04:00,1864.2772847196482,2006.2152225837801,1851.1569711355687,1960.8905029296875,6415,0.0,0.0
2000-09-12 00:00:00-04:00,1936.439003766824,2094.479144203599,1936.439003766824,2005.0224609375,8610,0.0,0.0
2000-09-13 00:00:00-04:00,1948.9629455639854,2063.4675005053214,1875.0120871643728,1982.360107421875,8730,0.0,0.0
2000-09-14 00:00:00-04:00,2006.2150413463496,2093.8825832838984,1987.1309505844342,2014.5643310546875,3920,0.0,0.0
2000-09-15 00:00:00-04:00,1975.2034872452746,2099.2500830626104,1975.2034872452746,2019.33544921875,6220,0.0,0.0
2000-09-18 00:00:00-04:00,2064.6601812744143,2064.6601812744143,1872.6265075683593,1908.4091796875,9165,0.0,0.0
2000-09-19 00:00:00-04:00,1922.722267187037,2013.3717041015625,1922.1258893125994,2013.3717041015625,4155,0.0,0.0
2000-09-20 00:00:00-04:00,1960.2940837635713,2010.98620336196,1920.3367659624885,1946.577392578125,3430,0.0,0.0
2000-09-21 00:00:00-04:00,1941.8063540118508,1982.3600493659067,1906.023681640625,1906.023681640625,1765,0.0,0.0
2000-09-22 00:00:00-04:00,1774.2241187611962,1908.4091361464968,1773.6277409061504,1872.62646484375,9580,0.0,0.0
2000-09-25 00:00:00-04:00,1937.035441131026,2030.0703945843634,1898.8672550988874,1929.87890625,7030,0.0,0.0
2000-09-26 00:00:00-04:00,2065.8529046506296,2068.2384160878705,1832.0727838010205,1870.240966796875,3728,0.0,2.0
2000-09-27 00:00:00-04:00,1946.5774312258688,1970.4325468046172,1791.5191799640043,1853.54248046875,3260,0.0,0.0
2000-09-28 00:00:00-04:00,1812.9887435655803,1927.493295790775,1812.9887435655803,1839.2293701171875,3448,0.0,0.0
2000-09-29 00:00:00-04:00,1758.122000400754,1832.0728579481397,1569.6665892316094,1586.9615478515625,8253,0.0,0.0
2000-10-02 00:00:00-04:00,1610.2202822557138,1667.472558958139,1550.5824940240207,1598.292724609375,4500,0.0,0.0
2000-10-03 00:00:00-04:00,1688.9422050476073,1703.2552745819091,1490.944743156433,1526.7274169921875,5805,0.0,0.0
2000-10-04 00:00:00-04:00,1541.0404736254031,1662.7015636484612,1502.87228852013,1572.0521240234375,6028,0.0,0.0
2000-10-05 00:00:00-04:00,1564.8955873371335,1603.0637723941368,1419.3793818073086,1464.7041015625,6290,0.0,0.0
2000-10-06 00:00:00-04:00,1488.559103732639,1564.8954680266204,1264.3210336190682,1288.1761474609375,8178,0.0,0.0
2000-10-09 00:00:00-04:00,1283.4051989270495,1531.4983972326502,1281.0196874048802,1469.47509765625,7208,0.0,0.0
2000-10-10 00:00:00-04:00,1564.895586004046,1564.895586004046,1338.271987421143,1400.2952880859375,5295,0.0,0.0
2000-10-11 00:00:00-04:00,1319.1878687365302,1464.7040712553878,1312.0313341864223,1383.5966796875,4468,0.0,0.0
2000-10-12 00:00:00-04:00,1402.6808107437625,1510.0288319741526,1183.2137451171875,1183.2137451171875,5213,0.0,0.0
2000-10-13 00:00:00-04:00,1173.6716771175986,1364.5126002261513,1145.0455386513158,1359.7415771484375,8108,0.0,0.0
2000-10-16 00:00:00-04:00,1335.886474609375,1512.4143301827567,1326.3444283621652,1335.886474609375,6903,0.0,0.0
2000-10-17 00:00:00-04:00,1517.1854172926683,1541.040533916767,1218.9964594914363,1240.466064453125,3370,0.0,0.0
2000-10-18 00:00:00-04:00,1178.4426436750857,1297.7182148972604,1078.2511638484589,1218.996337890625,4830,0.0,0.0
2000-10-19 00:00:00-04:00,1271.4776566906614,1679.4001319141194,1269.092145139647,1638.846435546875,16570,0.0,0.0
2000-10-20 00:00:00-04:00,1689.5384232954545,1855.927840909091,1634.075284090909,1705.640625,7890,0.0,0.0
2000-10-23 00:00:00-04:00,1646.0028779421898,1748.5798688864134,1641.2318551075748,1677.0145263671875,2260,0.0,0.0
2000-10-24 00:00:00-04:00,1653.1593682932298,1812.9886290084482,1641.2318115234375,1641.2318115234375,3825,0.0,0.0
2000-10-25 00:00:00-04:00,1638.8462917214572,1640.6354252277033,1412.2227142636139,1445.619873046875,4400,0.0,0.0
2000-10-26 00:00:00-04:00,1488.5591221316424,1531.4983275777474,1345.428437311292,1481.402587890625,9195,0.0,0.0
2000-10-27 00:00:00-04:00,1585.7688007770669,1586.3651786637827,1459.9330666800527,1531.4984130859375,7855,0.0,0.0
2000-10-30 00:00:00-05:00,1555.3534814453126,1555.3534814453126,1374.054609375,1431.306884765625,7063,0.0,0.0
2000-10-31 00:00:00-05:00,1445.0236704291367,1607.834839239353,1421.764932027677,1564.8956298828125,7580,0.0,0.0
2000-11-01 00:00:00-05:00,1555.3534503742023,1660.3159531601916,1450.3909475882133,1588.7506103515625,4958,0.0,0.0
2000-11-02 00:00:00-05:00,1657.9305555360118,1741.4234612104872,1564.895603498739,1655.5450439453125,7618,0.0,0.0
2000-11-03 00:00:00-05:00,1597.0999834041233,1688.9421781181768,1574.4376236694868,1638.846435546875,3018,0.0,0.0
2000-11-06 00:00:00-05:00,1662.7015515908427,1731.8813865924703,1576.8231357267532,1660.3160400390625,6448,0.0,0.0
2000-11-07 00:00:00-05:00,1653.1595112142527,1696.0987192977398,1560.1245603666973,1616.18408203125,8805,0.0,0.0
2000-11-08 00:00:00-05:00,1567.2810483660019,1688.942134312221,1567.2810483660019,1603.063720703125,9960,0.0,0.0
2000-11-09 00:00:00-05:00,1551.7752886772155,1626.9189037322997,1512.4143474578857,1526.7274169921875,7263,0.0,0.0
2000-11-10 00:00:00-05:00,1531.4984682406302,1536.2694915061772,1385.9822586414425,1436.0780029296875,5053,0.0,0.0
2000-11-13 00:00:00-05:00,1402.6807112394324,1488.5591221316424,1331.1153688292572,1481.402587890625,5388,0.0,0.0
2000-11-14 00:00:00-05:00,1512.414258826734,1641.2318770864242,1488.559144334199,1607.834716796875,8140,0.0,0.0
2000-11-15 00:00:00-05:00,1605.44924474987,1746.1944237101113,1569.6665721328598,1579.2086181640625,7515,0.0,0.0
2000-11-16 00:00:00-05:00,1548.196917679398,1789.133572048611,1545.81140625,1610.22021484375,9290,0.0,0.0
2000-11-17 00:00:00-05:00,1722.339197558026,1722.339197558026,1586.3650503823924,1641.2318115234375,3038,0.0,0.0
2000-11-20 00:00:00-05:00,1677.0146334528208,1677.0146334528208,1507.643312008795,1593.521728515625,11035,0.0,0.0
2000-11-21 00:00:00-05:00,1567.2810587438737,1574.4375932586859,1431.3069029624417,1536.2694091796875,7480,0.0,0.0
2000-11-22 00:00:00-05:00,1524.3418642639738,1550.582491035341,1440.8489609005323,1512.414306640625,12868,0.0,0.0
2000-11-24 00:00:00-05:00,1536.2694234087423,1622.147838381902,1531.4984003546779,1555.353515625,3158,0.0,0.0
2000-11-27 00:00:00-05:00,1672.2435787934987,1712.7972747128845,1498.1012374926065,1512.414306640625,11015,0.0,0.0
2000-11-28 00:00:00-05:00,1526.7274305555557,1531.4984537760417,1338.2720133463542,1374.0546875,14330,0.0,0.0
2000-11-29 00:00:00-05:00,1362.7235073513455,1407.4518500434028,1331.115478515625,1374.0546875,26653,0.0,0.0
2000-11-30 00:00:00-05:00,1331.115435996752,1374.0546436095506,1221.3819054307116,1273.8631591796875,17600,0.0,0.0
2000-12-01 00:00:00-05:00,1285.7906673465154,1443.2344225318031,1278.6341330199116,1347.81396484375,14730,0.0,0.0
2000-12-04 00:00:00-05:00,1366.89810668223,1448.005498701769,1207.0688341731386,1209.454345703125,9018,0.0,0.0
2000-12-05 00:00:00-05:00,1290.561756518063,1436.0779619664954,1178.4427129758283,1421.764892578125,18333,0.0,0.0
2000-12-06 00:00:00-05:00,1409.837400566027,1536.2695193985135,1402.6808655377731,1474.2462158203125,18058,0.0,0.0
2000-12-07 00:00:00-05:00,1333.5009031201973,1488.5591476690574,1331.1153916655994,1455.1619873046875,4443,0.0,0.0
2000-12-08 00:00:00-05:00,1479.0171756228885,1765.278564453125,1476.6316640493033,1765.278564453125,13118,0.0,0.0
2000-12-11 00:00:00-05:00,1774.8205787309048,2075.3950315804937,1727.110348119859,2030.0703125,17218,0.0,0.0
2000-12-12 00:00:00-05:00,1970.4323821101002,2113.563063619308,1965.6613593931265,2056.310791015625,9060,0.0,0.0
2000-12-13 00:00:00-05:00,2080.1660546415983,2089.708100763807,2003.8296856639247,2030.0703125,12748,0.0,0.0
2000-12-14 00:00:00-05:00,2018.1427518692485,2061.081959355828,1865.470014139187,1944.19189453125,12215,0.0,0.0
2000-12-15 00:00:00-05:00,1942.4028142226894,1942.4028142226894,1793.9047175873043,1827.3018798828125,20613,0.0,0.0
2000-12-18 00:00:00-05:00,1857.1206672054598,1898.8671176564496,1770.0494991219668,1867.85546875,11598,0.0,0.0
2000-12-19 00:00:00-05:00,1836.8438066755023,1941.8063099141023,1836.8438066755023,1870.240966796875,10883,0.0,0.0
2000-12-20 00:00:00-05:00,1789.13356833262,1793.904591181507,1705.6406684770977,1741.42333984375,10398,0.0,0.0
2000-12-21 00:00:00-05:00,1715.18281970127,1774.8206089815646,1603.0637758543164,1657.9305419921875,13625,0.0,0.0
2000-12-22 00:00:00-05:00,1758.1219751474807,1808.2177166374363,1705.6407221580039,1753.3509521484375,8028,0.0,0.0
2000-12-26 00:00:00-05:00,1760.507411956787,1760.507411956787,1653.1593990325928,1679.4000244140625,6478,0.0,0.0
2000-12-27 00:00:00-05:00,1660.3159545245655,1798.6756174016127,1586.3651002282127,1784.362548828125,15985,0.0,0.0
2000-12-28 00:00:00-05:00,1812.9888117424796,2061.0820175598715,1784.3626726097034,2041.9979248046875,7098,0.0,0.0
2000-12-29 00:00:00-05:00,2041.9978611722906,2113.563206774123,1770.0495478853265,1793.9046630859375,8800,0.0,0.0
2001-01-02 00:00:00-05:00,1679.4000950863488,1703.2552100733708,1397.9097382394891,1450.3909912109375,9053,0.0,0.0
2001-01-03 00:00:00-05:00,1264.3210734445627,1772.4350142817173,1264.3210734445627,1715.1827392578125,22848,0.0,0.0
2001-01-04 00:00:00-05:00,1698.4841802687872,1698.4841802687872,1579.2086058117095,1603.063720703125,10000,0.0,0.0
2001-01-05 00:00:00-05:00,1586.365146636963,1603.0637271278783,1412.2228072317023,1450.3909912109375,8505,0.0,0.0
2001-01-08 00:00:00-05:00,1409.8372205277565,1445.619891099527,1335.8863680127643,1354.970458984375,8208,0.0,0.0
2001-01-09 00:00:00-05:00,1378.8256269382157,1593.5216588144085,1378.8256269382157,1562.510009765625,7153,0.0,0.0
2001-01-10 00:00:00-05:00,1498.1013042170828,1653.1595602268126,1462.3186297532989,1564.8956298828125,10465,0.0,0.0
2001-01-11 00:00:00-05:00,1488.5591261942675,1898.8670904657642,1488.5591261942675,1872.62646484375,16978,0.0,0.0
2001-01-12 00:00:00-05:00,1844.0003967663315,2003.829667896143,1812.9887471441293,1925.1077880859375,13140,0.0,0.0
2001-01-16 00:00:00-05:00,1917.9511818272292,1927.4932275079618,1774.820496616242,1872.62646484375,6350,0.0,0.0
2001-01-17 00:00:00-05:00,1908.4091361464968,1927.4932275079618,1774.820496616242,1872.62646484375,8733,0.0,0.0
2001-01-18 00:00:00-05:00,1879.7830778081366,1879.7830778081366,1779.591593965571,1793.9046630859375,5143,0.0,0.0
2001-01-19 00:00:00-05:00,1860.698888725914,1860.698888725914,1760.5074101022108,1810.6031494140625,5655,0.0,0.0
2001-01-22 00:00:00-05:00,1774.8204803466797,1793.9045715332031,1603.0636596679688,1679.4000244140625,6013,0.0,0.0
2001-01-23 00:00:00-05:00,1708.0262860327216,1734.266913332107,1569.6666148177803,1722.33935546875,9913,0.0,0.0
2001-01-24 00:00:00-05:00,1710.411853444523,1722.3394116972743,1569.6666660620588,1605.4493408203125,11498,0.0,0.0
2001-01-25 00:00:00-05:00,1567.2810557162936,1622.1478202238657,1459.933038201479,1471.860595703125,6130,0.0,0.0
2001-01-26 00:00:00-05:00,1445.6200217810099,1521.956392568126,1388.367743690673,1397.9097900390625,7280,0.0,0.0
2001-01-29 00:00:00-05:00,1424.1504184825674,1581.5941833399368,1402.6808141838353,1505.2578125,7090,0.0,0.0
2001-01-30 00:00:00-05:00,1545.8114470108694,1717.5682744565217,1479.0171252264493,1646.0029296875,13425,0.0,0.0
2001-01-31 00:00:00-05:00,1646.002997036638,1708.0262983742502,1550.582533440311,1591.13623046875,7378,0.0,0.0
2001-02-01 00:00:00-05:00,1526.1310394658144,1583.9796955143427,1510.0288362358117,1569.6666259765625,5493,0.0,0.0
2001-02-02 00:00:00-05:00,1562.509928788289,1564.8954401299504,1383.5965781636758,1445.619873046875,7928,0.0,0.0
2001-02-05 00:00:00-05:00,1455.161943195247,1512.414216370142,1409.8372269317883,1419.3792724609375,5565,0.0,0.0
2001-02-06 00:00:00-05:00,1397.9098036024307,1505.2578260633682,1335.886501736111,1374.0546875,6490,0.0,0.0
2001-02-07 00:00:00-05:00,1426.5359670290443,1638.2501260153783,1407.4518738246425,1605.4493408203125,14488,0.0,0.0
2001-02-08 00:00:00-05:00,1641.2318506178515,1646.002873439415,1436.07786929062,1459.9329833984375,7613,0.0,0.0
2001-02-09 00:00:00-05:00,1450.3909869427448,1459.9330329094732,1338.2719468336838,1364.5125732421875,8865,0.0,0.0
2001-02-12 00:00:00-05:00,1335.88645222186,1412.2228209202522,1328.7299176563859,1372.2655029296875,7575,0.0,0.0
2001-02-13 00:00:00-05:00,1407.4516760784645,1474.245992909307,1300.1036668860393,1316.80224609375,5103,0.0,0.0
2001-02-14 00:00:00-05:00,1329.9226470947265,1447.4090872192382,1295.3327307128907,1431.306884765625,4095,0.0,0.0
2001-02-15 00:00:00-05:00,1502.8722745235834,1646.0029673353533,1440.84897430515,1531.4984130859375,12295,0.0,0.0
2001-02-16 00:00:00-05:00,1471.8605946992575,1502.8722441823859,1424.1503647252134,1450.3909912109375,6715,0.0,0.0
2001-02-20 00:00:00-05:00,1457.5474137015965,1498.1011060631793,1316.80224609375,1316.80224609375,8265,0.0,0.0
2001-02-21 00:00:00-05:00,1298.9109802786227,1374.0545907079645,1276.24862157771,1347.81396484375,8668,0.0,0.0
2001-02-22 00:00:00-05:00,1326.3443519905823,1347.8139548105737,1202.2977579195206,1218.996337890625,16638,0.0,0.0
2001-02-23 00:00:00-05:00,1218.9963185103898,1221.3818298969072,1049.6250100676546,1156.9730224609375,15470,0.0,0.0
2001-02-26 00:00:00-05:00,1202.2978118186772,1264.3211116347202,1109.262862094613,1230.9239501953125,9115,0.0,0.0
2001-02-27 00:00:00-05:00,1221.3818018480492,1228.5383358432528,1128.3468599104049,1161.7440185546875,7090,0.0,0.0
2001-02-28 00:00:00-05:00,1168.900673004518,1187.984765625,954.2046310240963,989.9873046875,12233,0.0,0.0
2001-03-01 00:00:00-05:00,966.1321499036707,966.1321499036707,801.5318576978601,877.8682250976562,30418,0.0,0.0
2001-03-02 00:00:00-05:00,875.4827187748278,911.2653912043168,794.3753279346531,844.4710693359375,21500,0.0,0.0
2001-03-05 00:00:00-05:00,865.9407008797177,925.5784901965027,858.7841661617035,861.169677734375,9323,0.0,0.0
2001-03-06 00:00:00-05:00,906.4944189721411,973.2887445806148,861.1696980235341,868.3262329101562,11280,0.0,0.0
2001-03-07 00:00:00-05:00,911.2654014686485,958.9756319120332,873.0972171139407,918.4219360351562,9533,0.0,0.0
2001-03-08 00:00:00-05:00,968.5176241142806,1092.5642163653706,956.5900671670604,1025.7698974609375,30080,0.0,0.0
2001-03-09 00:00:00-05:00,992.3727923454122,1020.9989305861453,892.1813085028466,896.9523315429688,20188,0.0,0.0
2001-03-12 00:00:00-05:00,877.868213148975,930.3494650220115,830.1579841734872,901.7233276367188,18785,0.0,0.0
2001-03-13 00:00:00-05:00,947.6444466574151,978.0597183877663,887.4102810737783,951.819091796875,22598,0.0,0.0
2001-03-14 00:00:00-05:00,923.1930070872016,989.9873331813661,889.7958440401194,899.337890625,10928,0.0,0.0
2001-03-15 00:00:00-05:00,935.120474057965,968.5176338457495,896.9522914433542,904.1088256835938,5803,0.0,0.0
2001-03-16 00:00:00-05:00,932.7349968366725,935.1205083375336,858.7841403099798,887.4102783203125,8638,0.0,0.0
2001-03-19 00:00:00-05:00,908.8798818280619,932.7349968366725,763.3636802755376,887.4102783203125,13350,0.0,0.0
2001-03-20 00:00:00-05:00,911.2654090766332,1087.7932631909548,896.9523398241206,949.43359375,35878,0.0,0.0
2001-03-21 00:00:00-05:00,958.9756127929687,1059.1670947265625,944.6625439453124,954.20458984375,19313,0.0,0.0
2001-03-22 00:00:00-05:00,982.830762568991,985.2162741286245,892.181323302919,958.9756469726562,12070,0.0,0.0
2001-03-23 00:00:00-05:00,1016.2279069230364,1068.7091603322074,942.2770498464774,1059.1671142578125,16970,0.0,0.0
2001-03-26 00:00:00-05:00,1040.083089007332,1068.709229071754,963.7467155022067,1047.2396240234375,16783,0.0,0.0
2001-03-27 00:00:00-05:00,1049.6251609718406,1121.1905128562844,992.3728794642857,1085.4078369140625,22818,0.0,0.0
2001-03-28 00:00:00-05:00,1066.323659312186,1083.022240106784,944.6625706658292,949.43359375,7303,0.0,0.0
2001-03-29 00:00:00-05:00,960.168416465201,1006.685892542397,930.3495215439215,978.0597534179688,8253,0.0,0.0
2001-03-30 00:00:00-05:00,975.674179419615,992.3727595074813,913.6508819503975,956.590087890625,7063,0.0,0.0
2001-04-02 00:00:00-04:00,975.6742305196458,975.6742305196458,896.9523488395765,915.4400634765625,10660,0.0,0.0
2001-04-03 00:00:00-04:00,913.6509392378309,913.6509392378309,763.3637090237752,827.7725219726562,14440,0.0,0.0
2001-04-04 00:00:00-04:00,811.0739259333625,834.9290414019908,758.5926719023803,765.7492065429688,13450,0.0,0.0
2001-04-05 00:00:00-04:00,834.9290233547405,999.5293165303893,834.9290233547405,985.2162475585938,11780,0.0,0.0
2001-04-06 00:00:00-04:00,956.5901420074385,961.3611651595953,858.7841673882242,947.048095703125,8538,0.0,0.0
2001-04-09 00:00:00-04:00,963.7466721299221,1010.3119044644599,867.18115234375,867.18115234375,7378,0.0,0.0
2001-04-10 00:00:00-04:00,911.8378682713513,1030.9226457838474,898.097357339927,1017.5637817382812,11795,0.0,0.0
2001-04-11 00:00:00-04:00,1145.0455099110864,1164.1296017429377,1022.907322187237,1095.045166015625,9195,0.0,0.0
2001-04-12 00:00:00-04:00,1059.5487613608364,1259.1683077111456,1026.724101366853,1239.3209228515625,8493,0.0,0.0
2001-04-16 00:00:00-04:00,1155.7325156638399,1165.2745612571016,1064.5105830882676,1068.7091064453125,14433,0.0,0.0
2001-04-17 00:00:00-04:00,1066.4189696872077,1085.50306047073,1001.9147661349122,1030.922607421875,12690,0.0,0.0
2001-04-18 00:00:00-04:00,1092.7551457377963,1315.2757455344215,1087.7933280265424,1154.9693603515625,22040,0.0,0.0
2001-04-19 00:00:00-04:00,1183.2136739826888,1351.1536793221671,958.021394095661,1326.3443603515625,16128,0.0,0.0
2001-04-20 00:00:00-04:00,1315.2756740708576,1428.635113260052,1259.550100858094,1396.95556640625,13825,0.0,0.0
2001-04-23 00:00:00-04:00,1356.878995372131,1379.7799066864284,1265.6570552661906,1293.9014892578125,16138,0.0,0.0
2001-04-24 00:00:00-04:00,1296.5733003033797,1362.2225090842746,1181.3053341880038,1219.855224609375,11698,0.0,0.0
2001-04-25 00:00:00-04:00,1183.2136749681843,1312.9854973840497,1183.2136749681843,1265.2752685546875,11133,0.0,0.0
2001-04-26 00:00:00-04:00,1333.2146095351968,1374.0546126704794,1233.97733195344,1266.4202880859375,5903,0.0,0.0
2001-04-27 00:00:00-04:00,1303.443520823119,1335.8864781496095,1247.7179472957237,1317.5657958984375,4433,0.0,0.0
2001-04-30 00:00:00-04:00,1411.8410834846277,1684.3618902079133,1374.0546051393073,1583.9796142578125,42185,0.0,0.0
2001-05-01 00:00:00-04:00,1536.2694083900888,1536.2694083900888,1405.7341723149839,1432.0703125,42708,0.0,0.0
2001-05-02 00:00:00-04:00,1424.0549910213356,1457.261241742282,1324.8177110404768,1433.21533203125,63768,0.0,0.0
2001-05-03 00:00:00-04:00,1408.4059727718227,1485.887338774024,1353.0621066330925,1455.7344970703125,30523,0.0,0.0
2001-05-04 00:00:00-04:00,1422.5282252041902,1532.4525455132446,1358.7873130827275,1509.5516357421875,20128,0.0,0.0
2001-05-07 00:00:00-04:00,1507.2614916866737,1521.0020605738143,1414.5128555385581,1416.4212646484375,10610,0.0,0.0
2001-05-08 00:00:00-04:00,1538.1777999004812,1538.1777999004812,1389.3218837810798,1400.7723388671875,23805,0.0,0.0
2001-05-09 00:00:00-04:00,1240.4660254894516,1387.413539278202,1236.649206949484,1361.0775146484375,17588,0.0,0.0
2001-05-10 00:00:00-04:00,1393.5203721550834,1444.284008498768,1314.8938925827192,1319.47412109375,12040,0.0,0.0
2001-05-11 00:00:00-04:00,1338.558234079019,1343.5200513128698,1266.8019796322326,1290.0845947265625,7533,0.0,0.0
2001-05-14 00:00:00-04:00,1280.9242398895628,1282.0692387831748,1202.2977599134956,1209.931396484375,8615,0.0,0.0
2001-05-15 00:00:00-04:00,1217.5650165800355,1259.550017151761,1194.6641071772763,1215.27490234375,10048,0.0,0.0
2001-05-16 00:00:00-04:00,1212.221496515796,1345.4284298173004,1201.5343355540406,1288.557861328125,15285,0.0,0.0
2001-05-17 00:00:00-04:00,1326.726102178121,1374.054627150632,1289.7029170212074,1358.787353515625,12565,0.0,0.0
2001-05-18 00:00:00-04:00,1335.8864061094873,1370.237770838017,1298.0999282041148,1326.3443603515625,5410,0.0,0.0
2001-05-21 00:00:00-04:00,1326.7261543169507,1427.871846123783,1299.6267192538255,1422.909912109375,7358,0.0,0.0
2001-05-22 00:00:00-04:00,1459.5512632351213,1501.91796875,1425.5816043916773,1501.91796875,14178,0.0,0.0
2001-05-23 00:00:00-04:00,1507.643196492378,1511.8417198292523,1353.8254688599848,1355.3521728515625,8923,0.0,0.0
2001-05-24 00:00:00-04:00,1379.7798550747523,1421.7648575804847,1344.283490457382,1401.5357666015625,9975,0.0,0.0
2001-05-25 00:00:00-04:00,1393.1387305120895,1417.566345230537,1379.7798659729326,1396.192138671875,4313,0.0,0.0
2001-05-29 00:00:00-04:00,1400.008992264885,1408.4060396352208,1269.0921630859375,1269.0921630859375,7140,0.0,0.0
2001-05-30 00:00:00-04:00,1261.4584888516654,1261.4584888516654,1204.5879176427145,1230.542236328125,10908,0.0,0.0
2001-05-31 00:00:00-04:00,1261.8401402741397,1293.9013903677737,1233.2140033191004,1246.191162109375,6028,0.0,0.0
2001-06-01 00:00:00-04:00,1253.0614179324962,1284.359375,1203.0611907227787,1284.359375,9103,0.0,0.0
2001-06-04 00:00:00-04:00,1278.6341608923778,1278.6341608923778,1082.0680137701167,1083.2130126953125,30045,0.0,0.0
2001-06-05 00:00:00-04:00,1082.8313732398658,1218.328419753784,1077.487734559504,1135.50341796875,19623,0.0,0.0
2001-06-06 00:00:00-04:00,1142.7553420719669,1173.6715926875509,1087.7931834665105,1171.76318359375,10970,0.0,0.0
2001-06-07 00:00:00-04:00,1145.0454866121609,1244.2827621185481,1127.8698043129784,1216.038330078125,11743,0.0,0.0
2001-06-08 00:00:00-04:00,1215.6566514091337,1237.412562720251,1155.7325563803045,1235.8857421875,7923,0.0,0.0
2001-06-11 00:00:00-04:00,1221.381951408181,1236.6492258007834,1147.717399055899,1153.442626953125,23023,0.0,0.0
2001-06-12 00:00:00-04:00,1132.4500387157116,1205.7328803503467,1109.930717511685,1167.564697265625,8148,0.0,0.0
2001-06-13 00:00:00-04:00,1190.8472662981303,1197.7174923962932,1045.808176172076,1091.99169921875,13013,0.0,0.0
2001-06-14 00:00:00-04:00,1069.0908139814615,1069.0908139814615,988.937630816897,989.3193359375,8463,0.0,0.0
2001-06-15 00:00:00-04:00,952.6778404095598,997.3345431987294,881.6849990113388,903.0592041015625,24005,0.0,0.0
2001-06-18 00:00:00-04:00,915.6546718333848,922.9066614282783,805.7303531910293,824.4327392578125,15780,0.0,0.0
2001-06-19 00:00:00-04:00,847.3336897362592,879.7766463252601,749.2414679328148,798.860107421875,44355,0.0,0.0
2001-06-20 00:00:00-04:00,755.730044041473,896.9523249987179,748.0964072329732,872.1430053710938,24513,0.0,0.0
2001-06-21 00:00:00-04:00,850.7687752892193,1035.8844627337398,840.4633775330965,1032.8310546875,35078,0.0,0.0
2001-06-22 00:00:00-04:00,1028.2508674992514,1041.6097320789968,945.0442718517162,952.2962036132812,8598,0.0,0.0
2001-06-25 00:00:00-04:00,986.265844735838,1010.3118703847081,910.311182374597,997.3345947265625,11693,0.0,0.0
2001-06-26 00:00:00-04:00,967.9451282764785,1058.4036506125703,958.7847295629326,1022.9072875976562,8518,0.0,0.0
2001-06-27 00:00:00-04:00,1023.2889550481383,1088.9381564250748,1006.8765673438709,1036.26611328125,34305,0.0,0.0
2001-06-28 00:00:00-04:00,1080.1596149023997,1098.4802967610192,1020.9989292805367,1095.80859375,10150,0.0,0.0
2001-06-29 00:00:00-04:00,1093.1367411856972,1183.2136766387196,1068.7091272865855,1173.671630859375,10308,0.0,0.0
2001-07-02 00:00:00-04:00,1145.4271534534291,1169.4730612765782,1107.2589718420525,1146.953857421875,15703,0.0,0.0
2001-07-03 00:00:00-04:00,1145.0454413542702,1145.0454413542702,1087.7931692865566,1128.25146484375,8905,0.0,0.0
2001-07-05 00:00:00-04:00,1106.8773392942014,1109.9307474312673,996.1896053647813,1003.8232421875,13160,0.0,0.0
2001-07-06 00:00:00-04:00,973.288681640625,983.2124326710104,946.570953125,954.20458984375,14118,0.0,0.0
2001-07-09 00:00:00-04:00,989.3193945487532,1011.4568950946515,954.2046180138221,992.372802734375,12300,0.0,0.0
2001-07-10 00:00:00-04:00,1008.4034772336479,1011.4568853899731,826.3411912714308,860.3108520507812,30353,0.0,0.0
2001-07-11 00:00:00-04:00,835.50155024591,862.2192798703662,799.2417743270053,845.8070068359375,17450,0.0,0.0
2001-07-12 00:00:00-04:00,897.7156938421067,1002.6782601645245,882.0667730356581,977.1055297851562,40538,0.0,0.0
2001-07-13 00:00:00-04:00,962.2199935097367,979.013972073861,932.830443662474,957.2581176757812,13115,0.0,0.0
2001-07-16 00:00:00-04:00,949.6244678526219,963.7466848539613,913.7463385021599,919.853271484375,14478,0.0,0.0
2001-07-17 00:00:00-04:00,912.9829457431296,1002.6782360010978,887.4102742200621,994.2811889648438,15450,0.0,0.0
2001-07-18 00:00:00-04:00,966.0367362813896,973.2886677648034,887.4102559032032,892.3721313476562,19790,0.0,0.0
2001-07-19 00:00:00-04:00,927.8686137435285,977.1055497925311,879.0133246058961,919.853271484375,12375,0.0,0.0
2001-07-20 00:00:00-04:00,920.6165619706884,952.2961654969487,858.784117181617,950.3877563476562,11740,0.0,0.0
2001-07-23 00:00:00-04:00,963.746653328431,998.0980191896423,916.0364229656373,933.5938110351562,7450,0.0,0.0
2001-07-24 00:00:00-04:00,916.0364006816955,929.3952648583036,844.6619094432518,883.5934448242188,13885,0.0,0.0
2001-07-25 00:00:00-04:00,894.6622209101034,979.0139319064349,885.5018799309665,967.5634765625,28253,0.0,0.0
2001-07-26 00:00:00-04:00,939.7007058622862,976.3421868678785,938.937353808009,956.113037109375,16918,0.0,0.0
2001-07-27 00:00:00-04:00,967.5634541583185,1011.0751601617353,903.0592471771077,917.5631103515625,23878,0.0,0.0
2001-07-30 00:00:00-04:00,941.2274417840271,943.5174978825609,872.1430053710938,872.1430053710938,19143,0.0,0.0
2001-07-31 00:00:00-04:00,904.9677185674801,930.1586865285302,875.1965216680297,908.40283203125,8205,0.0,0.0
2001-08-01 00:00:00-04:00,930.1586978274087,1033.9761539583574,927.4869364075741,1013.3653564453125,28183,0.0,0.0
2001-08-02 00:00:00-04:00,1046.1899556390285,1060.693819090434,1000.0064293099986,1022.525634765625,6620,0.0,0.0
2001-08-03 00:00:00-04:00,1000.0064096525898,1000.3881147843456,949.6244189822203,969.4718627929688,5800,0.0,0.0
2001-08-06 00:00:00-04:00,954.2046229044596,964.1283742786773,916.0364379882812,916.0364379882812,4970,0.0,0.0
2001-08-07 00:00:00-04:00,931.3037152206689,931.3037152206689,860.6925728781182,870.234619140625,22095,0.0,0.0
2001-08-08 00:00:00-04:00,875.9598188127791,879.7766371954056,778.6309500558036,801.5318603515625,37633,0.0,0.0
2001-08-09 00:00:00-04:00,877.8682280040923,896.5706147829515,768.3255520707174,801.5318603515625,35375,0.0,0.0
2001-08-10 00:00:00-04:00,797.7150509350918,797.7150509350918,696.5693626586327,762.2186279296875,15865,0.0,0.0
2001-08-13 00:00:00-04:00,765.2721067334785,769.0889252209272,693.5159075214359,698.477783203125,26853,0.0,0.0
2001-08-14 00:00:00-04:00,718.3251723369331,725.1954567329341,648.8590928663094,662.2179565429688,13090,0.0,0.0
2001-08-15 00:00:00-04:00,659.1645571190668,687.027344401118,599.2405170609751,607.255859375,24008,0.0,0.0
2001-08-16 00:00:00-04:00,614.5077931250642,614.5077931250642,560.6906276982236,564.5074462890625,29753,0.0,0.0
2001-08-17 00:00:00-04:00,564.5074017036567,582.0647891308261,541.9881970923102,559.1638793945312,17743,0.0,0.0
2001-08-20 00:00:00-04:00,572.1410467385856,578.629684518457,536.2629775841276,556.4921264648438,20373,0.0,0.0
2001-08-21 00:00:00-04:00,557.637183576928,582.0647976922651,538.17138671875,538.17138671875,17805,0.0,0.0
2001-08-22 00:00:00-04:00,569.0876297134987,577.10291316973,530.919446855183,556.1104125976562,10610,0.0,0.0
2001-08-23 00:00:00-04:00,535.4996558417625,570.6143749605603,535.1179506895899,551.9119873046875,10128,0.0,0.0
2001-08-24 00:00:00-04:00,553.820376804313,610.690948044992,553.820376804313,596.9503784179688,21740,0.0,0.0
2001-08-27 00:00:00-04:00,608.7825533147462,627.1032938399355,583.9732329602268,619.0879516601562,9363,0.0,0.0
2001-08-28 00:00:00-04:00,610.690925670347,627.4849028302715,601.5305850813019,604.9656982421875,38470,0.0,0.0
2001-08-29 00:00:00-04:00,609.9276456540828,611.8360550220617,572.5228103936887,583.9732666015625,11520,0.0,0.0
2001-08-30 00:00:00-04:00,583.9731975338453,583.9731975338453,543.8966055462284,571.377685546875,9323,0.0,0.0
2001-08-31 00:00:00-04:00,571.377649445447,591.6067967233463,552.2935592285648,578.629638671875,9215,0.0,0.0
2001-09-04 00:00:00-04:00,580.9197649741936,591.2251632925476,557.63720703125,557.63720703125,7055,0.0,0.0
2001-09-05 00:00:00-04:00,553.4386759645547,558.7821985054428,505.7284452779552,545.0416870117188,10378,0.0,0.0
2001-09-06 00:00:00-04:00,525.1942200257445,534.3545606261832,490.4611502890325,510.30859375,12373,0.0,0.0
2001-09-07 00:00:00-04:00,498.09480226325087,533.2095199702027,490.8428705837814,498.858154296875,4238,0.0,0.0
2001-09-10 00:00:00-04:00,498.0948105066412,520.9957213345327,482.82753662138015,506.8735046386719,4890,0.0,0.0
2001-09-17 00:00:00-04:00,466.0335237820194,490.46116752148936,459.9266201271554,472.90380859375,10423,0.0,0.0
2001-09-18 00:00:00-04:00,471.75874470673784,482.82752380371096,419.8500206988791,438.9341125488281,7438,0.0,0.0
2001-09-19 00:00:00-04:00,451.91129315039143,452.29296915690105,398.85751288519964,429.3920593261719,9693,0.0,0.0
2001-09-20 00:00:00-04:00,410.307990720217,431.3004925710188,391.223898128579,410.6896667480469,10678,0.0,0.0
2001-09-21 00:00:00-04:00,382.0635002641523,423.66682493291887,381.68182426389086,400.0025634765625,6265,0.0,0.0
2001-09-24 00:00:00-04:00,431.3004889149476,471.37708301766395,416.7965670202446,464.1251220703125,19018,0.0,0.0
2001-09-25 00:00:00-04:00,463.7434240722656,464.12510007877523,416.0331952582465,429.3920593261719,7715,0.0,0.0
2001-09-26 00:00:00-04:00,438.55243018998056,438.55243018998056,375.95660400390625,375.95660400390625,14268,0.0,0.0
2001-09-27 00:00:00-04:00,374.0481872558594,381.68182373046875,293.5133282727329,312.9790954589844,46795,0.0,0.0
2001-09-28 00:00:00-04:00,343.5136731497804,351.1473103308866,314.88753372063206,326.71966552734375,25155,0.0,0.0
2001-10-01 00:00:00-04:00,316.79592205593127,320.23106438415476,292.74995487837947,310.3073425292969,18245,0.0,0.0
2001-10-02 00:00:00-04:00,320.99444014769097,320.99444014769097,297.7118523875402,306.8722229003906,4765,0.0,0.0
2001-10-03 00:00:00-04:00,305.3454744363133,320.2310721390863,293.89501914495156,301.5286560058594,29595,0.0,0.0
2001-10-04 00:00:00-04:00,314.5058353760227,347.7121431103303,300.0019141127545,327.101318359375,14470,0.0,0.0
2001-10-05 00:00:00-04:00,316.7959359152275,333.97161918773986,305.72715642671676,326.3379821777344,6705,0.0,0.0
2001-10-08 00:00:00-04:00,324.0478736141124,337.788413420786,305.3454584594676,325.1929016113281,5305,0.0,0.0
2001-10-09 00:00:00-04:00,330.1547772231131,330.1547772231131,303.4370495865606,303.8187255859375,5853,0.0,0.0
2001-10-10 00:00:00-04:00,312.97911501820266,379.01008629809735,310.30735373312604,375.1932678222656,43210,0.0,0.0
2001-10-11 00:00:00-04:00,397.712461422199,477.1022949498612,391.6055578708434,458.78155517578125,38553,0.0,0.0
2001-10-12 00:00:00-04:00,456.4914786548869,458.0182118517287,426.72031235653276,448.4761657714844,10495,0.0,0.0
2001-10-15 00:00:00-04:00,452.292993198807,476.3389614472556,435.11730991277636,438.1707763671875,4490,0.0,0.0
2001-10-16 00:00:00-04:00,458.01821031436964,477.1023024108017,429.77374818764747,468.3236083984375,8078,0.0,0.0
2001-10-17 00:00:00-04:00,494.2780034189989,494.2780034189989,432.0638492557059,452.2929992675781,9000,0.0,0.0
2001-10-18 00:00:00-04:00,445.80441129534387,459.9266280608241,429.0104041147632,456.4914855957031,5190,0.0,0.0
2001-10-19 00:00:00-04:00,446.5677556078728,463.7434385158679,412.2163897918826,462.2167053222656,6523,0.0,0.0
2001-10-22 00:00:00-04:00,454.9647370260928,479.77405637493206,445.80439625483956,469.4686584472656,12073,0.0,0.0
2001-10-23 00:00:00-04:00,469.8503416386856,515.2704866568881,465.65184720103963,479.0107116699219,7895,0.0,0.0
2001-10-24 00:00:00-04:00,469.4686801250156,499.23987636631506,463.743452318613,481.3008117675781,5678,0.0,0.0
2001-10-25 00:00:00-04:00,477.10232214626376,503.4383470327257,445.80442146147476,501.5299377441406,9510,0.0,0.0
2001-10-26 00:00:00-04:00,498.0947799682617,515.2704620361328,486.64432525634766,503.82000732421875,2675,0.0,0.0
2001-10-29 00:00:00-05:00,526.3392031190134,534.3545445837794,487.78937448948335,506.49176025390625,9553,0.0,0.0
2001-10-30 00:00:00-05:00,496.56810316343933,499.2398644278643,404.5827553108947,417.9416198730469,34755,0.0,0.0
2001-10-31 00:00:00-05:00,445.0410322385411,468.32361931489436,425.575263670443,425.9569396972656,19735,0.0,0.0
2001-11-01 00:00:00-05:00,410.30798574594354,410.68966176914626,362.97943086845515,372.1398010253906,49160,0.0,0.0
2001-11-02 00:00:00-05:00,387.7887429683617,392.75061852808034,368.3229749848736,379.3917541503906,17485,0.0,0.0
2001-11-05 00:00:00-05:00,377.8650278175993,400.7659385944235,372.5214761456709,387.4070739746094,20935,0.0,0.0
2001-11-06 00:00:00-05:00,384.353630390656,391.2239156798697,379.7734596111906,383.9719543457031,18013,0.0,0.0
2001-11-07 00:00:00-05:00,383.590263360422,386.262024691046,374.42989303825976,380.1551208496094,18390,0.0,0.0
2001-11-08 00:00:00-05:00,379.7734216680015,398.8575132091071,374.0481942056698,380.5367736816406,16485,0.0,0.0
2001-11-09 00:00:00-05:00,379.7734393519788,387.78875234847004,356.8725284362816,359.9259948730469,10320,0.0,0.0
2001-11-12 00:00:00-05:00,363.7427899284564,387.40705136900135,345.0403747280194,383.20855712890625,4023,0.0,0.0
2001-11-13 00:00:00-05:00,380.15512628702254,413.3614655398138,379.7734502514763,406.4911804199219,10420,0.0,0.0
2001-11-14 00:00:00-05:00,419.468338389669,426.7202990078004,396.94910452073987,400.3842468261719,5623,0.0,0.0
2001-11-15 00:00:00-05:00,397.3308116851689,419.4683712827733,390.8422316927754,394.2773742675781,4233,0.0,0.0
2001-11-16 00:00:00-05:00,395.42237152347275,400.76592298730606,382.8268885587365,392.7506103515625,5400,0.0,0.0
2001-11-19 00:00:00-05:00,400.38425416152126,409.9263001180875,391.22388421921505,400.76593017578125,5968,0.0,0.0
2001-11-20 00:00:00-05:00,409.9263007362087,412.2163859452351,372.9031448968972,385.4986572265625,10363,0.0,0.0
2001-11-21 00:00:00-05:00,384.35360782227116,390.07883552043813,367.17792472777023,378.2467041015625,3453,0.0,0.0
2001-11-23 00:00:00-05:00,368.32295280016723,383.59022545509646,366.41454371830105,381.3001403808594,1053,0.0,0.0
2001-11-26 00:00:00-05:00,396.94910402250855,400.76592233041725,378.6283644965415,397.3307800292969,12755,0.0,0.0
2001-11-27 00:00:00-05:00,416.03323074021574,472.52215812175575,416.03323074021574,449.6212463378906,23285,0.0,0.0
2001-11-28 00:00:00-05:00,444.2776695418336,498.4765085326836,440.84252714269303,486.64434814453125,17673,0.0,0.0
2001-11-29 00:00:00-05:00,497.7131057264099,515.2704940032734,478.2473664525252,509.9269714355469,24068,0.0,0.0
2001-11-30 00:00:00-05:00,500.0031821902781,534.3545458522057,467.1785516262164,512.5986938476562,18185,0.0,0.0
2001-12-03 00:00:00-05:00,511.0719706033342,511.4536757469177,486.6443556547165,488.5527648925781,6498,0.0,0.0
2001-12-04 00:00:00-05:00,504.9650726942001,504.9650726942001,475.19387830877764,501.14825439453125,7188,0.0,0.0
2001-12-05 00:00:00-05:00,503.0567245471119,553.4387205642662,500.3849630613599,550.38525390625,11948,0.0,0.0
2001-12-06 00:00:00-05:00,543.1332675074817,650.3858291175859,541.9882103446638,630.15673828125,21873,0.0,0.0
2001-12-07 00:00:00-05:00,616.4161773285308,622.5231101212951,578.247992973823,587.7900390625,19175,0.0,0.0
2001-12-10 00:00:00-05:00,606.4923865026032,606.8740916172397,561.0722733819764,570.6143188476562,8473,0.0,0.0
2001-12-11 00:00:00-05:00,576.721289694123,582.0648122151692,564.5074240916844,572.5227661132812,11343,0.0,0.0
2001-12-12 00:00:00-05:00,577.4846338101727,591.60685019918,563.3624174211653,578.2479858398438,9645,0.0,0.0
2001-12-13 00:00:00-05:00,562.5990508159954,576.3396213766159,507.6368850535756,516.0338745117188,12030,0.0,0.0
2001-12-14 00:00:00-05:00,519.0873411074157,522.1408077031126,498.47654350651607,516.0338745117188,7125,0.0,0.0
2001-12-17 00:00:00-05:00,506.87348971990207,522.9041151795923,499.2398530019518,513.7437744140625,10245,0.0,0.0
2001-12-18 00:00:00-05:00,524.4308587949394,543.1333051090135,504.9651186395119,508.0185852050781,5663,0.0,0.0
2001-12-19 00:00:00-05:00,504.5833903577036,537.0263473701735,488.55276442307695,496.1864013671875,7688,0.0,0.0
2001-12-20 00:00:00-05:00,494.2779611527309,503.8200067348299,477.8656311035156,477.8656311035156,4470,0.0,0.0
2001-12-21 00:00:00-05:00,496.1864013671875,504.96509550092026,482.82753671499404,496.1864013671875,12255,0.0,0.0
2001-12-24 00:00:00-05:00,497.3314440960463,501.91161448133073,486.6443410370317,487.7893981933594,1398,0.0,0.0
2001-12-26 00:00:00-05:00,496.18639347671103,529.7744071446784,490.46116585967206,501.91162109375,8975,0.0,0.0
2001-12-27 00:00:00-05:00,506.11017258064544,523.6675032980852,506.11017258064544,518.7056274414062,3518,0.0,0.0
2001-12-28 00:00:00-05:00,517.1788862698342,542.7515575591565,509.5452495721244,541.224853515625,6505,0.0,0.0
2001-12-31 00:00:00-05:00,531.6828000062183,536.6446754364608,506.873481095031,513.362060546875,4618,0.0,0.0
2002-01-02 00:00:00-05:00,519.8506460890221,541.9882041017465,511.83536252167386,532.064453125,6508,0.0,0.0
2002-01-03 00:00:00-05:00,533.5912296464721,623.6681099010524,533.5912296464721,593.89697265625,11445,0.0,0.0
2002-01-04 00:00:00-05:00,597.713737028133,647.714019133231,580.538055599049,600.385498046875,9133,0.0,0.0
2002-01-07 00:00:00-05:00,627.484886745725,633.5918191418974,574.8128423488392,585.881591796875,5053,0.0,0.0
2002-01-08 00:00:00-05:00,583.9732666015625,590.4618468046846,556.1104781810633,583.9732666015625,4695,0.0,0.0
2002-01-09 00:00:00-05:00,584.3549246045492,601.1489023912135,572.5227641821081,600.0038452148438,7375,0.0,0.0
2002-01-10 00:00:00-05:00,600.0038308487528,600.0038308487528,553.4386587915388,565.6524658203125,13638,0.0,0.0
2002-01-11 00:00:00-05:00,566.0341939809309,577.4846494563104,534.7362939962327,563.7440795898438,8840,0.0,0.0
2002-01-14 00:00:00-05:00,553.8203738464431,563.3624198586834,490.4611650291561,495.8046875,20675,0.0,0.0
2002-01-15 00:00:00-05:00,496.18639305917714,503.05667784184806,479.39238623932533,498.858154296875,11133,0.0,0.0
2002-01-16 00:00:00-05:00,495.42305186000107,495.42305186000107,452.6746672818728,458.0182189941406,8285,0.0,0.0
2002-01-17 00:00:00-05:00,467.56025753260656,469.46866674702534,435.49897690636794,456.10980224609375,6950,0.0,0.0
2002-01-18 00:00:00-05:00,452.292977709289,455.7281200728559,400.7659296158257,416.033203125,15640,0.0,0.0
2002-01-22 00:00:00-05:00,424.4301920275471,425.57524918906563,393.1322929728588,397.71246337890625,3810,0.0,0.0
2002-01-23 00:00:00-05:00,401.5292891240308,411.45304038589063,389.3154817371455,408.78125,6858,0.0,0.0
2002-01-24 00:00:00-05:00,414.1248176109063,419.85004550414465,402.67436182442964,406.4911804199219,5123,0.0,0.0
2002-01-25 00:00:00-05:00,407.63621445869774,413.36144202626366,388.17041743296306,397.71246337890625,5503,0.0,0.0
2002-01-28 00:00:00-05:00,407.6362149125143,411.83470930940075,396.94911179315477,400.76593017578125,9845,0.0,0.0
2002-01-29 00:00:00-05:00,403.0560083126831,408.017883771083,383.5902407266753,385.1169738769531,5888,0.0,0.0
2002-01-30 00:00:00-05:00,387.0253963067225,420.23170514392075,364.5061616479264,407.2545166015625,10678,0.0,0.0
2002-01-31 00:00:00-05:00,425.5752752379699,425.5752752379699,387.02541308077565,394.2773742675781,5700,0.0,0.0
2002-02-01 00:00:00-05:00,395.8040547737187,404.5827487049445,377.8650200168821,382.4451904296875,6550,0.0,0.0
2002-02-04 00:00:00-05:00,383.971916129085,393.8956379102318,350.7656084829364,372.90313720703125,9345,0.0,0.0
2002-02-05 00:00:00-05:00,366.032890294617,374.8115551404652,345.80374113155165,353.4373779296875,7035,0.0,0.0
2002-02-06 00:00:00-05:00,361.0710227143078,374.0482113821822,343.8953395385953,346.1854248046875,7845,0.0,0.0
2002-02-07 00:00:00-05:00,343.51366602732037,347.33048453873505,307.6355661960196,318.704345703125,54110,0.0,0.0
2002-02-08 00:00:00-05:00,332.0632026845509,333.9716118953816,309.16229215458185,327.4830322265625,14578,0.0,0.0
2002-02-11 00:00:00-05:00,327.101333360619,344.2770165874429,323.2845148657692,330.91815185546875,7435,0.0,0.0
2002-02-12 00:00:00-05:00,330.91816056711133,338.55179775777145,312.5974487815359,331.29986572265625,5300,0.0,0.0
2002-02-13 00:00:00-05:00,333.208275757482,335.8800371321179,312.21577343672465,323.6662292480469,8088,0.0,0.0
2002-02-14 00:00:00-05:00,324.04788251687177,325.5746156751164,314.88751268741703,317.94097900390625,5703,0.0,0.0
2002-02-15 00:00:00-05:00,321.7578043403569,324.0478895675453,311.0707011201263,315.2691955566406,8618,0.0,0.0
2002-02-19 00:00:00-05:00,316.03255394574234,317.17758191684317,300.38357626059394,311.0706787109375,7635,0.0,0.0
2002-02-20 00:00:00-05:00,306.872185060028,324.0478667336862,293.89499752703955,320.2310485839844,8210,0.0,0.0
2002-02-21 00:00:00-05:00,320.61274901195424,320.99442503201334,295.04007710781576,296.948486328125,7045,0.0,0.0
2002-02-22 00:00:00-05:00,295.040076147318,310.68902587890625,293.89501897085466,310.68902587890625,5748,0.0,0.0
2002-02-25 00:00:00-05:00,306.1088262680283,311.0707018722787,289.6965245001494,300.0019226074219,8520,0.0,0.0
2002-02-26 00:00:00-05:00,303.4370570998834,305.34546626403363,292.3682781238096,296.5667724609375,6258,0.0,0.0
2002-02-27 00:00:00-05:00,300.7652814455827,308.3989177348613,290.45985498304964,291.2232360839844,4403,0.0,0.0
2002-02-28 00:00:00-05:00,295.8034283416599,302.2920080250199,289.69652467731873,290.841552734375,4480,0.0,0.0
2002-03-01 00:00:00-05:00,301.9103243400464,326.3379674971705,294.2766876734459,325.5746154785156,3895,0.0,0.0
2002-03-04 00:00:00-05:00,328.2463910800755,345.4220743342655,323.2845153808594,323.2845153808594,6263,0.0,0.0
2002-03-05 00:00:00-05:00,331.2998584387991,335.880029004491,316.41426042027905,318.704345703125,5840,0.0,0.0
2002-03-06 00:00:00-05:00,323.6662269257837,349.23889973958336,316.7959418402778,343.513671875,9838,0.0,0.0
2002-03-07 00:00:00-05:00,350.7656390440424,371.7581415762537,347.3304964420412,362.2160949707031,5675,0.0,0.0
2002-03-08 00:00:00-05:00,369.4680175899188,387.7887276852791,354.9640966177479,361.8343811035156,7170,0.0,0.0
2002-03-11 00:00:00-05:00,355.7274637854264,373.28485174875243,351.91064537948824,358.017578125,2748,0.0,0.0
2002-03-12 00:00:00-05:00,349.2388921130303,354.58244382728714,324.4295719082795,341.6052551269531,2940,0.0,0.0
2002-03-13 00:00:00-05:00,334.353263988127,344.65869046119275,323.2844855333579,340.0784912109375,2510,0.0,0.0
2002-03-14 00:00:00-05:00,344.65872246678316,344.65872246678316,322.5211635015138,324.8112487792969,1895,0.0,0.0
2002-03-15 00:00:00-05:00,330.15478515625,334.35327949030375,312.979102691474,330.15478515625,2450,0.0,0.0
2002-03-18 00:00:00-05:00,331.2998488875887,368.3229757329469,331.2998488875887,354.964111328125,3958,0.0,0.0
2002-03-19 00:00:00-05:00,356.8725202058491,385.1169821744858,353.81905383950493,362.5977478027344,5343,0.0,0.0
2002-03-20 00:00:00-05:00,363.36109248561127,363.7427976136947,330.53646075132497,336.2616882324219,6520,0.0,0.0
2002-03-21 00:00:00-05:00,335.8800048828125,374.0481872558594,332.0631866455078,358.7809143066406,14643,0.0,0.0
2002-03-22 00:00:00-05:00,358.7809378201844,374.81156381946363,349.2388916015625,349.2388916015625,1988,0.0,0.0
2002-03-25 00:00:00-05:00,349.2388769197369,370.2313777181911,343.5136494292494,348.47552490234375,3305,0.0,0.0
2002-03-26 00:00:00-05:00,349.2388912889297,374.04821143513783,349.2388912889297,358.3992614746094,2690,0.0,0.0
2002-03-27 00:00:00-05:00,361.45269020253596,372.13979335193005,353.81905341582967,359.5442810058594,2033,0.0,0.0
2002-03-28 00:00:00-05:00,359.1625975032868,381.68183137862843,356.4908363316415,366.7962341308594,4383,0.0,0.0
2002-04-01 00:00:00-05:00,362.5977540360426,381.30017033137807,362.5977540360426,376.719970703125,4008,0.0,0.0
2002-04-02 00:00:00-05:00,377.86502910734225,395.04071224858507,366.414573679847,375.1932678222656,4410,0.0,0.0
2002-04-03 00:00:00-05:00,388.5521085203836,388.93378452042083,345.0403747558594,345.0403747558594,3675,0.0,0.0
2002-04-04 00:00:00-05:00,345.4220430914731,362.5977247921541,327.4830094076554,356.87249755859375,4118,0.0,0.0
2002-04-05 00:00:00-05:00,356.4908448494792,367.94130006443027,341.6052472460401,347.3304748535156,3898,0.0,0.0
2002-04-08 00:00:00-04:00,346.1854094124109,372.5214616015388,330.5364601498897,366.7962341308594,4908,0.0,0.0
2002-04-09 00:00:00-04:00,377.48334482936184,381.68183923696574,360.6893380789327,368.70465087890625,3730,0.0,0.0
2002-04-10 00:00:00-04:00,364.12448971290524,381.6818489401493,343.51366404613435,350.765625,3380,0.0,0.0
2002-04-11 00:00:00-04:00,370.6130772275956,372.1398104792056,336.2617101064382,351.1473083496094,5270,0.0,0.0
2002-04-12 00:00:00-04:00,358.7809300684667,367.94130006443027,347.3304748535156,347.3304748535156,4575,0.0,0.0
2002-04-15 00:00:00-04:00,362.59773311622445,369.08631248187834,347.7121361432402,354.20074462890625,2718,0.0,0.0
2002-04-16 00:00:00-04:00,365.269516781433,377.4833533858783,356.87252777588833,366.03289794921875,5118,0.0,0.0
2002-04-17 00:00:00-04:00,369.84970795394463,400.0025790702749,369.84970795394463,377.8650207519531,9505,0.0,0.0
2002-04-18 00:00:00-04:00,378.2467197463603,381.6818623313455,360.68935990312144,374.4299011230469,5840,0.0,0.0
2002-04-19 00:00:00-04:00,383.5902727032157,387.0254152976953,367.55964608899785,369.8497314453125,2680,0.0,0.0
2002-04-22 00:00:00-04:00,370.9947381392976,371.75811929399566,327.101326384627,342.75030517578125,3940,0.0,0.0
2002-04-23 00:00:00-04:00,343.51366387038934,351.14730084528685,329.77312313957657,349.2388916015625,6213,0.0,0.0
2002-04-24 00:00:00-04:00,340.07849102933227,352.2923265701458,328.628036589826,332.4448547363281,2053,0.0,0.0
2002-04-25 00:00:00-04:00,331.2998587886119,337.7884386168623,307.25389049330414,321.7578125,6943,0.0,0.0
2002-04-26 00:00:00-04:00,322.90282462566427,335.8800127608828,311.0706936364994,313.36077880859375,4643,0.0,0.0
2002-04-29 00:00:00-04:00,307.63555887583385,312.59743447061084,295.8034275959967,306.10882568359375,5588,0.0,0.0
2002-04-30 00:00:00-04:00,304.5821138643055,340.46018280931304,301.910323565839,337.7884216308594,4018,0.0,0.0
2002-05-01 00:00:00-04:00,314.88750432027246,343.1319650772448,298.47517426527156,341.9869079589844,3963,0.0,0.0
2002-05-02 00:00:00-04:00,335.8800197606488,341.60524737020535,314.50584250897384,338.17010498046875,4583,0.0,0.0
2002-05-03 00:00:00-04:00,333.9716118953816,333.9716118953816,309.16229215458185,327.4830322265625,3353,0.0,0.0
2002-05-06 00:00:00-04:00,306.8721923634019,343.895317648633,306.1088112432866,329.7731018066406,4230,0.0,0.0
2002-05-07 00:00:00-04:00,328.24640135036486,332.0632199707179,306.8722229003906,306.8722229003906,2993,0.0,0.0
2002-05-08 00:00:00-04:00,314.8875189806114,332.0632018340993,314.50584296342544,321.3760986328125,4148,0.0,0.0
2002-05-09 00:00:00-04:00,324.8112406828054,349.2388843169559,322.5211554621068,329.0097351074219,4813,0.0,0.0
2002-05-10 00:00:00-04:00,325.9562993774846,340.46019192307864,309.16229248046875,309.16229248046875,3493,0.0,0.0
2002-05-13 00:00:00-04:00,312.59744212044694,319.4676979736349,307.25389037684675,308.0172424316406,2883,0.0,0.0
2002-05-14 00:00:00-04:00,313.3607939631416,328.2463919816617,311.83406073457286,318.704345703125,4590,0.0,0.0
2002-05-15 00:00:00-04:00,318.32267698093955,324.429580915343,312.21577304653607,319.0860290527344,5458,0.0,0.0
2002-05-16 00:00:00-04:00,320.9944376415141,343.1319971147281,320.61276160646173,326.71966552734375,4440,0.0,0.0
2002-05-17 00:00:00-04:00,327.8647000985461,333.9716035974687,307.2538753096712,313.36077880859375,5770,0.0,0.0
2002-05-20 00:00:00-04:00,312.97908805451226,319.4676672564183,293.1316453380844,298.85687255859375,3325,0.0,0.0
2002-05-21 00:00:00-04:00,299.62025406559445,312.97911889654455,293.1316742242816,301.91033935546875,3995,0.0,0.0
2002-05-22 00:00:00-04:00,302.67370598721976,303.8187340171258,273.28418729942445,284.35296630859375,4908,0.0,0.0
2002-05-23 00:00:00-04:00,286.6430579146154,303.8187408283808,285.1163247205002,298.4751892089844,3605,0.0,0.0
2002-05-24 00:00:00-04:00,296.56676568248025,296.56676568248025,282.826225838661,283.9712829589844,3690,0.0,0.0
2002-05-28 00:00:00-04:00,283.2079174635505,289.3148502821827,276.719337743771,281.68121337890625,2658,0.0,0.0
2002-05-29 00:00:00-04:00,281.6812211855386,286.26139180643577,270.99411757675915,272.90252685546875,1428,0.0,0.0
2002-05-30 00:00:00-04:00,274.81092774498126,281.68121258661125,272.90251852452997,275.57427978515625,1838,0.0,0.0
2002-05-31 00:00:00-04:00,277.1010053634356,279.00941453139313,270.99410184997396,273.6658630371094,3488,0.0,0.0
2002-06-03 00:00:00-04:00,273.665881733916,273.665881733916,238.55116229247037,241.6046142578125,6108,0.0,0.0
2002-06-04 00:00:00-04:00,240.45956552439722,253.81843027575263,209.92501752129917,221.37547302246094,10480,0.0,0.0
2002-06-05 00:00:00-04:00,220.61211343844494,230.91752662979255,209.92502420890233,227.1007080078125,5428,0.0,0.0
2002-06-06 00:00:00-04:00,225.5739677319512,229.0091102090904,206.10819918818137,216.7952880859375,5575,0.0,0.0
2002-06-07 00:00:00-04:00,214.88687181375332,222.90219914521174,208.01660164393655,213.3601531982422,11885,0.0,0.0
2002-06-10 00:00:00-04:00,215.6502382610237,224.42891761451537,210.30668671019922,217.17697143554688,3660,0.0,0.0
2002-06-11 00:00:00-04:00,216.79528086191277,226.337326802666,209.92501069657175,217.17697143554688,4100,0.0,0.0
2002-06-12 00:00:00-04:00,215.65023817457595,216.03191418805042,195.03941312680854,211.8334197998047,2223,0.0,0.0
2002-06-13 00:00:00-04:00,211.8334284562331,217.5586562523475,193.1310118315898,198.4745635986328,7608,0.0,0.0
2002-06-14 00:00:00-04:00,200.00128976391363,206.87155996435197,188.93251059209143,190.45924377441406,7528,0.0,0.0
2002-06-17 00:00:00-04:00,196.56615358758796,216.79528881178493,190.8409258131922,210.68838500976562,2625,0.0,0.0
2002-06-18 00:00:00-04:00,209.92501104445685,225.1922845749628,200.38296508789062,200.38296508789062,2585,0.0,0.0
2002-06-19 00:00:00-04:00,200.3829574584961,206.87155137391528,183.207275390625,183.207275390625,4068,0.0,0.0
2002-06-20 00:00:00-04:00,191.2225878649624,196.5661392211914,182.82559939089697,187.0240936279297,1855,0.0,0.0
2002-06-21 00:00:00-04:00,190.84091966765644,202.29137484771582,179.39046448759706,179.7721405029297,2358,0.0,0.0
2002-06-24 00:00:00-04:00,183.5889666042746,193.89437961100265,175.57365346571237,182.4439239501953,2275,0.0,0.0
2002-06-25 00:00:00-04:00,179.39045748674974,186.64241797511013,148.8559115315583,150.3826446533203,2720,0.0,0.0
2002-06-26 00:00:00-04:00,148.47423499991854,167.55832615363528,137.4054563067604,162.59645080566406,4038,0.0,0.0
2002-06-27 00:00:00-04:00,184.73402201117293,219.46706468517104,164.1231961993453,210.68838500976562,5798,0.0,0.0
2002-06-28 00:00:00-04:00,209.9250170389811,232.82592798868814,209.9250170389811,229.0091094970703,7558,0.0,0.0
2002-07-01 00:00:00-04:00,229.00911184457632,229.00911184457632,198.4745635986328,198.4745635986328,4420,0.0,0.0
2002-07-02 00:00:00-04:00,198.85623853569476,224.04724943626726,187.78747359332817,213.74183654785156,3740,0.0,0.0
2002-07-03 00:00:00-04:00,214.88687918878506,226.71902530511684,189.6958828482197,213.74183654785156,4030,0.0,0.0
2002-07-05 00:00:00-04:00,214.50518771263674,221.37545762343169,214.12349715314443,220.61209106445312,830,0.0,0.0
2002-07-08 00:00:00-04:00,220.61209912408492,222.90219888468494,211.45174376170468,216.41360473632812,1823,0.0,0.0
2002-07-09 00:00:00-04:00,198.09288902304417,198.4745650549161,156.48956090868384,177.86373901367188,4588,0.0,0.0
2002-07-10 00:00:00-04:00,179.39046624179582,183.20728467247233,146.94750958104552,156.10787963867188,3578,0.0,0.0
2002-07-11 00:00:00-04:00,156.10787158614494,156.10787158614494,137.40545641655575,151.90936279296875,6638,0.0,0.0
2002-07-12 00:00:00-04:00,156.10787952432418,159.9246979522049,141.22228183158666,150.00096130371094,3068,0.0,0.0
2002-07-15 00:00:00-04:00,150.38264437380712,160.30636596679688,138.93218966189306,160.30636596679688,7955,0.0,0.0
2002-07-16 00:00:00-04:00,158.39795713526823,166.03159362371488,148.85591152470988,154.199462890625,4308,0.0,0.0
2002-07-17 00:00:00-04:00,161.0697322427144,165.26822647235616,154.96281433777375,158.77963256835938,2753,0.0,0.0
2002-07-18 00:00:00-04:00,157.25292245554562,163.74151670793594,150.7643282031553,152.2910614013672,1895,0.0,0.0
2002-07-19 00:00:00-04:00,154.19946246559203,154.19946246559203,145.0390928807031,148.09254455566406,2403,0.0,0.0
2002-07-22 00:00:00-04:00,148.47425087533682,151.52770287441672,144.2757416365953,145.0391082763672,1938,0.0,0.0
2002-07-23 00:00:00-04:00,154.19947870586694,160.3063826989674,143.13069883836377,143.5123748779297,2255,0.0,0.0
2002-07-24 00:00:00-04:00,146.94750958104552,167.9400109497663,133.58864507367775,156.10787963867188,3775,0.0,0.0
2002-07-25 00:00:00-04:00,154.58114642370614,156.48955563881364,145.4207763671875,145.4207763671875,1250,0.0,0.0
2002-07-26 00:00:00-04:00,145.80246799264663,151.5276956790594,107.25260011479995,137.02378845214844,8575,0.0,0.0
2002-07-29 00:00:00-04:00,137.78713887421702,167.94001015849497,130.1535020488309,166.03160095214844,2660,0.0,0.0
2002-07-30 00:00:00-04:00,158.77964119920767,159.5430077988206,147.32918588503384,147.71087646484375,1838,0.0,0.0
2002-07-31 00:00:00-04:00,146.94750213623047,152.29105349245947,119.08473191590747,125.95500183105469,4085,0.0,0.0
2002-08-01 00:00:00-04:00,124.04660020490697,129.77182790667192,120.22978173706367,128.6267852783203,1850,0.0,0.0
2002-08-02 00:00:00-04:00,120.22978213495483,127.10005248780799,116.41296365448007,117.5580062866211,4838,0.0,0.0
2002-08-05 00:00:00-04:00,117.93968963623047,118.3213729404261,108.77932673555303,117.93968963623047,4508,0.0,0.0
2002-08-06 00:00:00-04:00,114.504555101145,120.22978285620225,109.16101065242562,111.45110321044922,2785,0.0,0.0
2002-08-07 00:00:00-04:00,114.50455501161773,119.08474012408385,102.29073289837709,110.68773651123047,6143,0.0,0.0
2002-08-08 00:00:00-04:00,110.68773625691732,118.321373240153,103.05409927368164,114.50455474853516,2310,0.0,0.0
2002-08-09 00:00:00-04:00,112.59614529238019,117.17633038576655,109.92436944123756,115.64959716796875,2005,0.0,0.0
2002-08-12 00:00:00-04:00,116.41295623779297,119.84809119536658,109.92436232237378,118.32136535644531,1433,0.0,0.0
2002-08-13 00:00:00-04:00,117.93968971466194,127.86341923033004,113.35951190127909,115.64959716796875,1290,0.0,0.0
2002-08-14 00:00:00-04:00,119.08473932867552,131.2985613603358,115.26792085378213,124.80996704101562,1273,0.0,0.0
2002-08-15 00:00:00-04:00,121.37482478228996,130.15350437647945,115.64959706086113,120.61146545410156,1358,0.0,0.0
2002-08-16 00:00:00-04:00,115.64959629454157,133.58864594815194,115.64959629454157,130.9168701171875,2170,0.0,0.0
2002-08-19 00:00:00-04:00,131.2985685747024,131.6802446191606,126.7183832411648,129.0084686279297,1175,0.0,0.0
2002-08-20 00:00:00-04:00,129.39015192927354,129.77182795218897,118.32137254464288,123.28323364257812,830,0.0,0.0
2002-08-21 00:00:00-04:00,124.04659256956936,129.77181991893409,119.46640777807634,121.37481689453125,1958,0.0,0.0
2002-08-22 00:00:00-04:00,120.61146512714365,133.97032249426042,120.61146512714365,129.39015197753906,7630,0.0,0.0
2002-08-23 00:00:00-04:00,129.77183545492744,129.77183545492744,124.80997407012296,126.3366928100586,1570,0.0,0.0
2002-08-26 00:00:00-04:00,127.86341817026528,130.53519399925727,123.2832331148514,130.15350341796875,1528,0.0,0.0
2002-08-27 00:00:00-04:00,130.1535045593706,130.91687116863517,115.64959722337144,119.0847396850586,3260,0.0,0.0
2002-08-28 00:00:00-04:00,119.08473199349476,122.51985967330342,97.32886511468222,107.25259399414062,890,0.0,0.0
2002-08-29 00:00:00-04:00,107.63427713696728,118.70304856225751,105.72586801950334,112.2144546508789,3690,0.0,0.0
2002-08-30 00:00:00-04:00,111.83277914934523,114.50455501161773,107.63428462292208,110.68773651123047,3270,0.0,0.0
2002-09-03 00:00:00-04:00,108.39764370594591,114.50455474853516,108.39764370594591,114.50455474853516,4188,0.0,0.0
2002-09-04 00:00:00-04:00,114.50454711914062,118.32136535644531,109.54268632264575,116.41295623779297,4215,0.0,0.0
2002-09-05 00:00:00-04:00,116.41296383263604,122.13819156210994,107.6342842261108,119.0847396850586,3338,0.0,0.0
2002-09-06 00:00:00-04:00,120.22978155989045,128.24509450654705,117.17632970211685,127.10005187988281,2820,0.0,0.0
2002-09-09 00:00:00-04:00,126.71837630601385,126.71837630601385,116.0312802059866,122.13819122314453,2520,0.0,0.0
2002-09-10 00:00:00-04:00,116.79464692893598,124.42827660794785,112.97782844942829,120.22978210449219,3178,0.0,0.0
2002-09-11 00:00:00-04:00,124.0466007941221,125.9550100371086,113.35951194539915,116.03128051757812,2525,0.0,0.0
2002-09-12 00:00:00-04:00,116.41295631103311,116.41295631103311,110.6877289514741,111.06941223144531,903,0.0,0.0
2002-09-13 00:00:00-04:00,111.4510953706944,113.74118048762404,108.39763641478318,110.30604553222656,1093,0.0,0.0
2002-09-16 00:00:00-04:00,113.35951251058285,114.12287184358125,104.9625088875754,108.77932739257812,4443,0.0,0.0
2002-09-17 00:00:00-04:00,111.06942165516188,111.83278099986869,90.07691955566406,90.07691955566406,6175,0.0,0.0
2002-09-18 00:00:00-04:00,91.9853290692267,91.9853290692267,82.82496594963646,85.11505126953125,13295,0.0,0.0
2002-09-19 00:00:00-04:00,84.35169286008106,84.35169286008106,75.57300567626953,75.57300567626953,1565,0.0,0.0
2002-09-20 00:00:00-04:00,76.33637240706159,85.49673563990822,75.95468908902554,76.71805572509766,3988,0.0,0.0
2002-09-23 00:00:00-04:00,71.75618743896484,76.336372713794,67.93936880327514,71.75618743896484,1763,0.0,0.0
2002-09-24 00:00:00-04:00,76.71804809936167,88.9318621024422,70.99282073791682,72.90122985839844,5663,0.0,0.0
2002-09-25 00:00:00-04:00,76.33637257111378,79.00814852310428,73.66459661912329,74.42796325683594,3013,0.0,0.0
2002-09-26 00:00:00-04:00,77.4814153924994,77.86309871206913,68.7027354424146,71.75618743896484,3455,0.0,0.0
2002-09-27 00:00:00-04:00,73.28291306825122,76.33636474609375,64.88591003417969,66.79431915283203,3653,0.0,0.0
2002-09-30 00:00:00-04:00,66.79432350452728,70.61114199050027,54.198821772816075,58.01564025878906,3990,0.0,0.0
2002-10-01 00:00:00-04:00,60.30573329294736,60.30573329294736,46.94686848425657,51.14536666870117,10738,0.0,0.0
2002-10-02 00:00:00-04:00,49.618641397227414,49.618641397227414,42.748367244995556,43.89341354370117,2155,0.0,0.0
2002-10-03 00:00:00-04:00,43.51173013211401,45.8018227243313,41.22164117989854,44.656776428222656,6023,0.0,0.0
2002-10-04 00:00:00-04:00,46.56518172905817,46.94686500847729,42.36668385545545,42.74836349487305,1078,0.0,0.0
2002-10-07 00:00:00-04:00,42.3666839244034,48.85527420507739,40.0765915241648,43.13004684448242,7618,0.0,0.0
2002-10-08 00:00:00-04:00,50.76368336427173,51.14536300460368,42.74836359728089,44.27509307861328,16168,0.0,0.0
2002-10-09 00:00:00-04:00,47.32854472491782,47.7102280049581,42.748363564442144,43.13004684448242,1355,0.0,0.0
2002-10-10 00:00:00-04:00,42.748367148042185,45.03845974025948,42.748367148042185,44.656776428222656,875,0.0,0.0
2002-10-11 00:00:00-04:00,45.03845974025948,48.4735949885836,41.985004163970366,44.656776428222656,4233,0.0,0.0
2002-10-14 00:00:00-04:00,45.03845599927871,47.71022804160848,41.98500067661546,44.27509307861328,5575,0.0,0.0
2002-10-15 00:00:00-04:00,48.09191476728756,53.435459234763165,45.42013889354798,51.14536666870117,39670,0.0,0.0
2002-10-16 00:00:00-04:00,49.61864190229981,53.05377719338135,37.40482308511869,38.931549072265625,2878,0.0,0.0
2002-10-17 00:00:00-04:00,47.328548470757084,48.47359476150159,41.98500396728515,47.71023178100586,12813,0.0,0.0
2002-10-18 00:00:00-04:00,48.85527420043945,50.38200004045257,45.8018188804117,48.85527420043945,790,0.0,0.0
2002-10-21 00:00:00-04:00,49.61863704919646,50.00032032865242,46.94686501300926,48.47359085083008,760,0.0,0.0
2002-10-22 00:00:00-04:00,47.710231293560504,54.198822021484375,46.946868320863885,54.198822021484375,1593,0.0,0.0
2002-10-23 00:00:00-04:00,54.19882160419581,65.26759736308199,53.053775333965966,63.74087142944336,1440,0.0,0.0
2002-10-24 00:00:00-04:00,63.74086753608728,96.1838225842748,63.35918425599034,72.90122985839844,6238,0.0,0.0
2002-10-25 00:00:00-04:00,74.42796395153155,78.62646593813155,67.93936931042212,69.46610260009766,1248,0.0,0.0
2002-10-28 00:00:00-05:00,71.75618835872943,76.33637369226702,64.50423431396484,64.50423431396484,1438,0.0,0.0
2002-10-29 00:00:00-05:00,64.50422675444861,67.17600243256311,61.069091796875,62.977500915527344,1033,0.0,0.0
2002-10-30 00:00:00-05:00,64.50423417245118,68.32105284869093,61.83246546708567,67.55769348144531,2923,0.0,0.0
2002-10-31 00:00:00-05:00,70.22945404579455,78.24477379276091,69.84777076641463,75.95468139648438,2018,0.0,0.0
2002-11-01 00:00:00-05:00,75.57299833075557,77.09973145259148,67.93936184158822,73.28291320800781,1063,0.0,0.0
2002-11-04 00:00:00-05:00,69.84777855911837,82.44328450388001,66.41264322145751,68.32105255126953,17605,0.0,0.0
2002-11-05 00:00:00-05:00,71.37450387858125,77.09973122884168,65.26759324896952,70.22945404052734,2890,0.0,0.0
2002-11-06 00:00:00-05:00,74.4279555533856,74.4279555533856,66.79431908637169,70.22945404052734,2280,0.0,0.0
2002-11-07 00:00:00-05:00,69.84777083067456,70.9928206698678,63.7408674749895,64.88591003417969,1178,0.0,0.0
2002-11-08 00:00:00-05:00,64.88591408729553,67.55768993230322,52.2904123894084,61.069095611572266,5860,0.0,0.0
2002-11-11 00:00:00-05:00,58.01564034459079,61.069095865885416,57.25227737426758,57.25227737426758,1025,0.0,0.0
2002-11-12 00:00:00-05:00,57.633963399571535,66.79432675579392,57.25228007639479,66.41264343261719,1003,0.0,0.0
2002-11-13 00:00:00-05:00,64.88591010167578,70.61113746358834,63.35918426116636,67.1760025024414,1328,0.0,0.0
2002-11-14 00:00:00-05:00,70.99282072737826,86.26009368896484,68.70272832713965,86.26009368896484,12078,0.0,0.0
2002-11-15 00:00:00-05:00,87.02346011013424,93.51205456325985,80.15318962565131,91.22196197509766,2008,0.0,0.0
2002-11-18 00:00:00-05:00,90.45859513612231,93.89373009369592,86.26009361908655,91.6036376953125,715,0.0,0.0
2002-11-19 00:00:00-05:00,86.2600934708002,89.6952284224686,80.15318284561025,81.29822540283203,1600,0.0,0.0
2002-11-20 00:00:00-05:00,82.44327538178186,118.32136535644531,82.44327538178186,118.32136535644531,3838,0.0,0.0
2002-11-21 00:00:00-05:00,118.32136549990406,129.00845366531354,112.59613813700548,115.26791381835938,4148,0.0,0.0
2002-11-22 00:00:00-05:00,116.41296412581104,117.93969006818163,110.30605307632517,112.59614562988281,3053,0.0,0.0
2002-11-25 00:00:00-05:00,107.6342842915035,116.4129639033622,104.96250843745771,113.7411880493164,2198,0.0,0.0
2002-11-26 00:00:00-05:00,114.50455501161773,115.2679216236966,103.81746612253482,110.68773651123047,1043,0.0,0.0
2002-11-27 00:00:00-05:00,110.68773590572297,127.4817430395596,108.77932666596912,120.22978210449219,16960,0.0,0.0
2002-11-29 00:00:00-05:00,122.13819122314453,122.13819122314453,112.59614503383636,122.13819122314453,2215,0.0,0.0
2002-12-02 00:00:00-05:00,121.7565079195715,122.13819122314453,116.41296350955963,122.13819122314453,10953,0.0,0.0
2002-12-03 00:00:00-05:00,114.50455471114479,122.13819169188778,114.50455471114479,117.17633056640625,5348,0.0,0.0
2002-12-04 00:00:00-05:00,117.17633073699811,122.13819186970339,109.16101043954811,112.59614562988281,3720,0.0,0.0
2002-12-05 00:00:00-05:00,109.54269414277536,112.21446273162137,104.96250901903426,106.87091827392578,1173,0.0,0.0
2002-12-06 00:00:00-05:00,107.25260140073986,114.504555101145,99.237281087659,111.45110321044922,1223,0.0,0.0
2002-12-09 00:00:00-05:00,110.6877366450795,110.6877366450795,108.77932739257812,108.77932739257812,940,0.0,0.0
2002-12-10 00:00:00-05:00,98.09223167244551,111.83277151138468,97.7105483924743,111.06941223144531,1063,0.0,0.0
2002-12-11 00:00:00-05:00,106.87091077628831,113.74118069990563,103.8174590946813,113.35950469970703,830,0.0,0.0
2002-12-12 00:00:00-05:00,114.12287218028823,115.26792210316952,104.19914258200151,105.34419250488281,753,0.0,0.0
2002-12-13 00:00:00-05:00,104.96250944317511,107.25260201429965,100.76400760944739,101.14569091796875,818,0.0,0.0
2002-12-16 00:00:00-05:00,102.67241650739524,106.10755171187989,101.14569055873578,104.19914245605469,1065,0.0,0.0
2002-12-17 00:00:00-05:00,100.76400000884314,106.1075440850691,100.00064072938403,104.9625015258789,583,0.0,0.0
2002-12-18 00:00:00-05:00,106.48923555172726,113.35951327506672,99.2372817993164,99.2372817993164,1148,0.0,0.0
2002-12-19 00:00:00-05:00,100.00064065869634,100.00064065869634,87.78681939595373,98.8555908203125,1058,0.0,0.0
2002-12-20 00:00:00-05:00,96.94718177153845,106.87091064453125,88.55018601746997,91.6036376953125,3070,0.0,0.0
2002-12-23 00:00:00-05:00,90.0769117810886,91.22195433932154,83.20663459168175,83.58831787109375,3278,0.0,0.0
2002-12-24 00:00:00-05:00,87.78681953417848,87.78681953417848,80.15318305294556,80.53486633300781,288,0.0,0.0
2002-12-26 00:00:00-05:00,80.53487473577307,82.06160073531301,70.99282813864365,72.5195541381836,2268,0.0,0.0
2002-12-27 00:00:00-05:00,74.0462722759834,76.33636467214846,66.0309525294072,72.13786315917969,4785,0.0,0.0
2002-12-30 00:00:00-05:00,72.13787062370177,76.33637257111378,68.32105199514608,74.42796325683594,3353,0.0,0.0
2002-12-31 00:00:00-05:00,74.427955565221,90.45859506050058,74.427955565221,83.58831787109375,5035,0.0,0.0
2003-01-02 00:00:00-05:00,82.82496594963646,87.0234605561127,80.916556663055,85.11505126953125,715,0.0,0.0
2003-01-03 00:00:00-05:00,83.20664189257988,93.1303716280261,83.20664189257988,87.78682708740234,1113,0.0,0.0
2003-01-06 00:00:00-05:00,88.55018586158761,90.45859497688042,79.38981628417969,79.38981628417969,1363,0.0,0.0
2003-01-07 00:00:00-05:00,82.44327524005686,83.2066345182037,79.38981628746036,81.29822540283203,1533,0.0,0.0
2003-01-08 00:00:00-05:00,77.09973116983075,83.20663451476531,76.33636461171241,79.38981628417969,1603,0.0,0.0
2003-01-09 00:00:00-05:00,78.62645700931351,82.8249585191318,77.86309045116363,81.29822540283203,940,0.0,0.0
2003-01-10 00:00:00-05:00,81.29823310101177,82.06159973144531,77.86309782406829,82.06159973144531,1530,0.0,0.0
2003-01-13 00:00:00-05:00,79.38981642393628,82.82495866151294,79.38981642393628,80.15318298339844,345,0.0,0.0
2003-01-14 00:00:00-05:00,80.15318305133567,83.97000129187546,80.15318305133567,82.44327545166016,460,0.0,0.0
2003-01-15 00:00:00-05:00,80.15319185210483,82.44328450388001,66.41264322145751,68.32105255126953,4208,0.0,0.0
2003-01-16 00:00:00-05:00,71.75618001995657,75.57299826101816,70.61113745963932,70.9928207397461,1255,0.0,0.0
2003-01-17 00:00:00-05:00,72.13786330409775,72.13786330409775,66.79431922231329,67.1760025024414,748,0.0,0.0
2003-01-21 00:00:00-05:00,68.32105255126953,72.90123785481991,66.79432654342068,68.32105255126953,1085,0.0,0.0
2003-01-22 00:00:00-05:00,71.75618776002366,72.51955440257865,66.7943264234277,71.37451171875,965,0.0,0.0
2003-01-23 00:00:00-05:00,72.90122978852014,79.38981642393628,72.51954650878906,76.33636474609375,2015,0.0,0.0
2003-01-24 00:00:00-05:00,78.62645722400717,79.38981650423841,66.79431922039392,69.08441162109375,1850,0.0,0.0
2003-01-27 00:00:00-05:00,69.08441949594044,69.08441949594044,66.7943268341958,67.55769348144531,673,0.0,0.0
2003-01-28 00:00:00-05:00,67.1760094441395,74.42796339594916,66.79432612456976,71.75618743896484,910,0.0,0.0
2003-01-29 00:00:00-05:00,67.55768571229419,95.42045593261719,65.26759331391077,93.51204681396484,6810,0.0,0.0
2003-01-30 00:00:00-05:00,84.3516845004342,86.64177689881762,76.33636474609375,76.33636474609375,1018,0.0,0.0
2003-01-31 00:00:00-05:00,76.33636488112427,85.8784104912648,76.33636488112427,79.00814056396484,603,0.0,0.0
2003-02-03 00:00:00-05:00,80.53486633300781,82.8249587333783,79.7714997728833,80.53486633300781,498,0.0,0.0
2003-02-04 00:00:00-05:00,83.2066345182037,84.73336763450347,80.15318284561025,81.29822540283203,975,0.0,0.0
2003-02-05 00:00:00-05:00,79.38981656436802,86.64177705207727,79.00814056396484,79.00814056396484,1013,0.0,0.0
2003-02-06 00:00:00-05:00,78.2447738647461,80.9165495428606,77.86309058501502,80.15318298339844,908,0.0,0.0
2003-02-07 00:00:00-05:00,77.48140716888688,81.2982253994725,76.33636461171241,79.38981628417969,930,0.0,0.0
2003-02-10 00:00:00-05:00,78.24478152664366,79.77150751506524,75.19132954980054,78.62646484375,2548,0.0,0.0
2003-02-11 00:00:00-05:00,78.62645714447717,81.29822554258863,75.5729981866316,78.2447738647461,983,0.0,0.0
2003-02-12 00:00:00-05:00,78.24478171723813,79.77150770937861,76.33637240706159,76.71805572509766,1575,0.0,0.0
2003-02-13 00:00:00-05:00,77.0997380898921,85.49673458284828,76.33637146325805,85.11505126953125,940,0.0,0.0
2003-02-14 00:00:00-05:00,83.97000115207265,87.02345282741953,78.24477380079497,85.4967269897461,1378,0.0,0.0
2003-02-18 00:00:00-05:00,79.77150642184054,89.69523613058708,79.77150642184054,88.93186950683594,2155,0.0,0.0
2003-02-19 00:00:00-05:00,87.40513625236068,87.40513625236068,80.53486633139026,82.44327545166016,323,0.0,0.0
2003-02-20 00:00:00-05:00,81.29822554258863,81.6799088223197,79.00814042420825,80.15318298339844,365,0.0,0.0
2003-02-21 00:00:00-05:00,78.24478127958272,80.15319057908474,77.86309796368157,79.7715072631836,340,0.0,0.0
2003-02-24 00:00:00-05:00,79.00814791138502,80.53487389498589,78.24478127958272,79.7715072631836,263,0.0,0.0
2003-02-25 00:00:00-05:00,79.77150751506524,79.77150751506524,78.24478152664366,78.62646484375,333,0.0,0.0
2003-02-26 00:00:00-05:00,78.62645728355861,79.77149984477425,76.33636488112427,79.00814056396484,358,0.0,0.0
2003-02-27 00:00:00-05:00,81.29823324678446,83.58832586218763,77.48141464778043,79.7715072631836,630,0.0,0.0
2003-02-28 00:00:00-05:00,80.5348661213572,80.5348661213572,77.86309044794605,79.38981628417969,713,0.0,0.0
2003-03-03 00:00:00-05:00,80.91655746638422,80.91655746638422,77.481414892431,78.62646484375,675,0.0,0.0
2003-03-04 00:00:00-05:00,77.48141482774358,78.6264647781066,77.48141482774358,77.86309814453125,603,0.0,0.0
2003-03-05 00:00:00-05:00,77.86309058501502,79.38981642393628,77.48140730528394,78.2447738647461,780,0.0,0.0
2003-03-06 00:00:00-05:00,77.09973861188301,79.7715072631836,76.33637198008071,79.7715072631836,533,0.0,0.0
2003-03-07 00:00:00-05:00,77.48140744929707,79.38981657149652,75.19132232666016,75.19132232666016,988,0.0,0.0
2003-03-10 00:00:00-05:00,74.4279557007009,75.19132226091445,68.32104505900176,70.9928207397461,1793,0.0,0.0
2003-03-11 00:00:00-05:00,68.70272812607288,69.46609468391935,66.03095245361328,66.03095245361328,720,0.0,0.0
2003-03-12 00:00:00-05:00,69.46610233662147,72.13787102341225,64.88591704497466,70.61114501953125,548,0.0,0.0
2003-03-13 00:00:00-05:00,66.41263594027677,76.33636482330733,65.26759337992839,69.08441162109375,1030,0.0,0.0
2003-03-14 00:00:00-05:00,68.7027350802464,79.38982429183878,68.7027350802464,75.57300567626953,738,0.0,0.0
2003-03-17 00:00:00-05:00,75.57300641279096,79.77150838683575,71.37451171875,71.37451171875,775,0.0,0.0
2003-03-18 00:00:00-05:00,72.90122965702501,79.3898162807374,72.5195463779824,77.48140716552734,353,0.0,0.0
2003-03-19 00:00:00-05:00,77.86309065964943,77.86309065964943,70.61113745781988,72.90122985839844,803,0.0,0.0
2003-03-20 00:00:00-05:00,70.22945411040564,79.77149970366736,68.70272827148438,78.2447738647461,1030,0.0,0.0
2003-03-21 00:00:00-05:00,83.97000975811459,84.35169307665223,72.51955388200805,73.66459655761719,1458,0.0,0.0
2003-03-24 00:00:00-05:00,72.51954658017011,77.48140738154895,66.79431921857774,70.9928207397461,1128,0.0,0.0
2003-03-25 00:00:00-05:00,70.99282839747251,76.33637305534594,70.99282839747251,71.37451171875,370,0.0,0.0
2003-03-26 00:00:00-05:00,70.99282074371645,74.8096389849915,67.1760025024414,67.1760025024414,1335,0.0,0.0
2003-03-27 00:00:00-05:00,68.70272827148438,69.84777083067456,62.977500915527344,62.977500915527344,2443,0.0,0.0
2003-03-28 00:00:00-05:00,63.7408674749895,76.33636474609375,62.977500915527344,66.79431915283203,1735,0.0,0.0
2003-03-31 00:00:00-05:00,66.03095259336988,70.9928206698678,62.977500915527344,62.977500915527344,785,0.0,0.0
2003-04-01 00:00:00-05:00,63.35918419525842,67.17600243256311,63.35918419525842,66.79431915283203,1828,0.0,0.0
2003-04-02 00:00:00-05:00,67.17600256067331,73.28291320800781,64.8859101579225,73.28291320800781,4593,0.0,0.0
2003-04-03 00:00:00-05:00,73.28291320446068,75.5729983270976,69.08441167962125,75.19132232666016,1425,0.0,0.0
2003-04-04 00:00:00-05:00,74.42796309688505,77.481415081166,74.42796309688505,76.71805572509766,2035,0.0,0.0
2003-04-07 00:00:00-04:00,79.00814649838027,104.96250959543082,78.62646318930526,99.2372817993164,5480,0.0,0.0
2003-04-08 00:00:00-04:00,100.0006406600351,106.8709105704179,98.47390754216956,100.76399993896484,4183,0.0,0.0
2003-04-09 00:00:00-04:00,100.76400946071317,103.81746870497946,82.44328311513031,82.82496643066406,2535,0.0,0.0
2003-04-10 00:00:00-04:00,82.82496618687054,85.87841814214534,82.44328287246026,83.97000885009766,1768,0.0,0.0
2003-04-11 00:00:00-04:00,85.87841019511127,99.23727400323969,82.06159196421744,83.20663452148438,4278,0.0,0.0
2003-04-14 00:00:00-04:00,83.20663466124097,83.97000122070312,80.15318298339844,80.15318298339844,1335,0.0,0.0
2003-04-15 00:00:00-04:00,80.15318298339844,81.29822554258863,73.66458906797925,76.33636474609375,5078,0.0,0.0
2003-04-16 00:00:00-04:00,76.33637260249445,76.71805592150767,71.37451129533382,74.80964660644531,1900,0.0,0.0
2003-04-17 00:00:00-04:00,81.6799088223197,83.20663466124097,73.66458906797925,76.33636474609375,1543,0.0,0.0
2003-04-21 00:00:00-04:00,75.95468153916781,75.95468153916781,72.90122985839844,72.90122985839844,1345,0.0,0.0
2003-04-22 00:00:00-04:00,72.90123726141442,76.33637257111378,72.51955394255809,74.42796325683594,1293,0.0,0.0
2003-04-23 00:00:00-04:00,75.19133009738135,75.19133009738135,68.70273549933182,72.5195541381836,3943,0.0,0.0
2003-04-24 00:00:00-04:00,72.51955434438345,73.66459702729324,69.46610233662147,70.61114501953125,3563,0.0,0.0
2003-04-25 00:00:00-04:00,71.75618770244104,71.75618770244104,68.70273569467906,70.61114501953125,2265,0.0,0.0
2003-04-28 00:00:00-04:00,71.37450402179358,72.90122986225911,68.7027283409766,69.08441162109375,1760,0.0,0.0
2003-04-29 00:00:00-04:00,68.70272827148438,71.37450394959887,68.3210449917533,68.70272827148438,2193,0.0,0.0
2003-04-30 00:00:00-04:00,68.3210449917533,68.70272827148438,67.17600243256311,68.70272827148438,1173,0.0,0.0
2003-05-01 00:00:00-04:00,68.7027359552599,70.22946196493156,66.79432662316934,69.46610260009766,2768,0.0,0.0
2003-05-02 00:00:00-04:00,70.61114462828026,78.62646520424796,69.8477779905676,74.42796325683594,4623,0.0,0.0
2003-05-05 00:00:00-04:00,76.33636461787668,83.58831780057436,74.42795550242977,83.20663452148438,5790,0.0,0.0
2003-05-06 00:00:00-04:00,83.58831794097205,85.11504377989331,79.00814042420825,80.15318298339844,3938,0.0,0.0
2003-05-07 00:00:00-04:00,80.15318304979863,87.40513625068456,79.00814048965987,84.3516845703125,3185,0.0,0.0
2003-05-08 00:00:00-04:00,83.97000954252339,84.35169286008106,70.61114438803102,75.57300567626953,5115,0.0,0.0
2003-05-09 00:00:00-04:00,75.57300558690311,79.00814816085634,72.51955361005999,78.62646484375,5685,0.0,0.0
2003-05-12 00:00:00-04:00,78.62645728355861,79.77149984477425,77.09973144193674,79.00814056396484,3500,0.0,0.0
2003-05-13 00:00:00-04:00,77.86309788873272,85.87841839492663,77.86309788873272,82.82496643066406,2375,0.0,0.0
2003-05-14 00:00:00-04:00,81.29822560993739,88.55018609082637,81.29822560993739,84.3516845703125,2013,0.0,0.0
2003-05-15 00:00:00-04:00,72.90123495893079,110.6877367321975,72.90123495893079,109.54269409179688,16385,0.0,0.0
2003-05-16 00:00:00-04:00,104.96250160243879,107.63427728250208,93.51204688217274,95.80213928222656,7093,0.0,0.0
2003-05-19 00:00:00-04:00,95.038780952102,100.38232549495042,86.64178446476984,88.16851043701172,2853,0.0,0.0
2003-05-20 00:00:00-04:00,88.93186938693546,96.18383046278302,88.16851004421716,91.22196197509766,2265,0.0,0.0
2003-05-21 00:00:00-04:00,91.9853285978196,93.13037125189888,90.84027866373668,91.22196197509766,1195,0.0,0.0
2003-05-22 00:00:00-04:00,89.69523608424973,93.13037132934792,88.55019342921821,91.9853286743164,2568,0.0,0.0
2003-05-23 00:00:00-04:00,89.6952363719111,93.1303716280261,86.64178442869857,87.78682708740234,2650,0.0,0.0
2003-05-27 00:00:00-04:00,93.13037136759237,93.13037136759237,87.78682684191153,92.36701202392578,1380,0.0,0.0
2003-05-28 00:00:00-04:00,91.22195455651739,92.74868039779741,87.02345303299504,90.4585952758789,1210,0.0,0.0
2003-05-29 00:00:00-04:00,91.98532804690554,99.2372817993164,90.45860209060909,99.2372817993164,2445,0.0,0.0
2003-05-30 00:00:00-04:00,91.6036376953125,105.34418480560998,91.6036376953125,103.05409240722656,4865,0.0,0.0
2003-06-02 00:00:00-04:00,110.30604560210486,125.95500183105469,103.81745896668872,118.32136535644531,8123,0.0,0.0
2003-06-03 00:00:00-04:00,118.32137166797803,143.5123675539319,114.88623652716646,137.78713989257812,8470,0.0,0.0
2003-06-04 00:00:00-04:00,143.13069947877366,151.9093794681369,141.22229015239,142.7490234375,4618,0.0,0.0
2003-06-05 00:00:00-04:00,138.93219758338066,145.0391012872626,133.58864592247872,136.2604217529297,2598,0.0,0.0
2003-06-06 00:00:00-04:00,146.56583525990942,150.38265373480283,123.664924410549,124.80996704101562,3305,0.0,0.0
2003-06-09 00:00:00-04:00,125.95500967148224,126.33668569496879,117.17633009122882,124.80996704101562,9528,0.0,0.0
2003-06-10 00:00:00-04:00,125.19164276123047,130.5351944371395,124.80996673866852,125.19164276123047,2210,0.0,0.0
2003-06-11 00:00:00-04:00,125.9550096988678,129.77182817459106,122.13819122314453,122.13819122314453,1315,0.0,0.0
2003-06-12 00:00:00-04:00,124.04660046100616,126.71837630601385,119.46641537813684,122.13819122314453,3020,0.0,0.0
2003-06-13 00:00:00-04:00,122.13819134424604,124.80996719190283,114.50455438523066,120.22978210449219,5358,0.0,0.0
2003-06-16 00:00:00-04:00,111.8327713122567,123.28322601098617,111.8327713122567,121.37481689453125,2338,0.0,0.0
2003-06-17 00:00:00-04:00,118.32136535644531,131.68022918701172,118.32136535644531,127.86341094970703,3470,0.0,0.0
2003-06-18 00:00:00-04:00,125.95500987143444,132.4436042010552,120.2297821500056,120.61146545410156,3923,0.0,0.0
2003-06-19 00:00:00-04:00,119.8480914662528,125.95500211574404,118.70304890447453,123.6649169921875,10655,0.0,0.0
2003-06-20 00:00:00-04:00,119.46641533296639,127.10005228152663,119.46641533296639,121.75650787353516,8073,0.0,0.0
2003-06-23 00:00:00-04:00,121.75650808638592,123.28323402276624,118.32137290952932,120.61146545410156,3470,0.0,0.0
2003-06-24 00:00:00-04:00,122.13819131464534,124.04660055393667,120.61146537921297,122.90155792236328,903,0.0,0.0
2003-06-25 00:00:00-04:00,123.66491671267431,131.68022918701172,122.90155015321216,129.77182006835938,5805,0.0,0.0
2003-06-26 00:00:00-04:00,130.53519475335574,132.44360399080244,124.42827645752209,124.80996704101562,1745,0.0,0.0
2003-06-27 00:00:00-04:00,124.04660013353767,133.206970275094,124.04660013353767,125.19164276123047,1958,0.0,0.0
2003-06-30 00:00:00-04:00,124.4282760443283,130.53519431988246,117.55800572433594,127.10005187988281,19345,0.0,0.0
2003-07-01 00:00:00-04:00,125.19164276123047,127.48174257662303,123.66492411097572,125.19164276123047,1463,0.0,0.0
2003-07-02 00:00:00-04:00,125.19164276123047,129.00846122687778,123.28323352840681,125.19164276123047,1758,0.0,0.0
2003-07-03 00:00:00-04:00,125.95500903682897,132.82527934501826,123.28323320586453,130.9168701171875,3980,0.0,0.0
2003-07-07 00:00:00-04:00,129.77182006835938,139.69554166134913,127.481734949979,137.40545654296875,4193,0.0,0.0
2003-07-08 00:00:00-04:00,138.16883839039176,139.69555711823674,133.9703291288007,136.64210510253906,4348,0.0,0.0
2003-07-09 00:00:00-04:00,134.35201183859897,147.71087636255044,134.35201183859897,141.6039581298828,2373,0.0,0.0
2003-07-10 00:00:00-04:00,139.31388020267406,144.27574151706915,138.16883752396868,143.5123748779297,1168,0.0,0.0
2003-07-11 00:00:00-04:00,139.3138653828716,144.2757261694384,138.93218938390723,139.69554138183594,1040,0.0,0.0
2003-07-14 00:00:00-04:00,139.69554152235207,148.8559111067712,139.3138655230038,140.4589080810547,1868,0.0,0.0
2003-07-15 00:00:00-04:00,143.13069153384438,144.27573415411376,133.5886454315881,137.78713989257812,1893,0.0,0.0
2003-07-16 00:00:00-04:00,141.60395865154715,143.1306918553402,133.58864573165084,134.7336883544922,1200,0.0,0.0
2003-07-17 00:00:00-04:00,133.97032254513783,133.97032254513783,124.04660034179688,124.04660034179688,1840,0.0,0.0
2003-07-18 00:00:00-04:00,129.77182783200863,129.77182783200863,125.19164276123047,125.19164276123047,593,0.0,0.0
2003-07-21 00:00:00-04:00,132.06190518673975,139.3138656616211,117.17632279725512,118.32136535644531,1828,0.0,0.0
2003-07-22 00:00:00-04:00,119.4664079156355,119.4664079156355,113.35950455995044,118.32136535644531,3315,0.0,0.0
2003-07-23 00:00:00-04:00,116.41295623779297,118.32136535644531,112.59613800048828,118.32136535644531,2048,0.0,0.0
2003-07-24 00:00:00-04:00,116.79464725401911,117.93968988905709,114.12287139892578,114.12287139892578,315,0.0,0.0
2003-07-25 00:00:00-04:00,114.88623809814453,116.79464734469177,112.59614554628713,114.88623809814453,1215,0.0,0.0
2003-07-28 00:00:00-04:00,114.88623753183234,125.955009651244,114.12287092497492,121.75650787353516,1778,0.0,0.0
2003-07-29 00:00:00-04:00,121.75650031401892,125.95500183105469,113.35950455995044,125.95500183105469,1763,0.0,0.0
2003-07-30 00:00:00-04:00,116.03128068918159,122.13819173177083,114.12287144337266,114.50455474853516,3025,0.0,0.0
2003-07-31 00:00:00-04:00,114.5045472603089,118.70304878252084,113.35950469970703,113.35950469970703,1398,0.0,0.0
2003-08-01 00:00:00-04:00,114.8862303988717,123.66491671267431,113.74118055967847,118.32136535644531,5605,0.0,0.0
2003-08-04 00:00:00-04:00,114.88623801618265,117.93968989647844,111.45110283084901,117.17633056640625,975,0.0,0.0
2003-08-05 00:00:00-04:00,114.50454698518861,120.22977433444805,114.50454698518861,119.4664077758789,865,0.0,0.0
2003-08-06 00:00:00-04:00,116.79464700364711,119.08473954881735,115.26792106686813,117.93968963623047,2408,0.0,0.0
2003-08-07 00:00:00-04:00,117.93968207671423,122.13818359375,116.03127295806189,118.32136535644531,1588,0.0,0.0
2003-08-08 00:00:00-04:00,118.70305691085436,118.70305691085436,111.45110321044922,111.45110321044922,890,0.0,0.0
2003-08-11 00:00:00-04:00,112.59614545887395,114.50455470393962,111.45110282383597,114.12287139892578,735,0.0,0.0
2003-08-12 00:00:00-04:00,114.50455487784693,114.50455487784693,112.21446232428929,112.59614562988281,2673,0.0,0.0
2003-08-13 00:00:00-04:00,114.50455465904479,115.64959729363382,113.35951202445574,113.7411880493164,570,0.0,0.0
2003-08-14 00:00:00-04:00,112.59613800048828,118.32136535644531,112.59613800048828,118.32136535644531,1638,0.0,0.0
2003-08-15 00:00:00-04:00,114.12286383940955,118.32136535644531,112.59613800048828,118.32136535644531,2438,0.0,0.0
2003-08-18 00:00:00-04:00,120.61146561274711,120.61146561274711,115.26792118838564,116.03128051757812,508,0.0,0.0
2003-08-19 00:00:00-04:00,117.55800662982801,117.55800662982801,114.50455474853516,114.50455474853516,473,0.0,0.0
2003-08-20 00:00:00-04:00,114.50455474853516,115.26792135886014,113.35951211305121,114.50455474853516,1565,0.0,0.0
2003-08-21 00:00:00-04:00,117.93968207671423,118.32136535644531,91.6036376953125,104.9625015258789,7610,0.0,0.0
2003-08-22 00:00:00-04:00,108.77932739257812,110.6877366450795,106.87091814007675,108.77932739257812,4928,0.0,0.0
2003-08-25 00:00:00-04:00,108.77932761498505,110.6877368713883,107.63428497314453,107.63428497314453,1373,0.0,0.0
2003-08-26 00:00:00-04:00,107.63427727412038,108.7793198340566,104.96250159426513,107.25259399414062,848,0.0,0.0
2003-08-27 00:00:00-04:00,108.77932761498505,108.77932761498505,105.72587571674129,107.63428497314453,895,0.0,0.0
2003-08-28 00:00:00-04:00,108.39763655284216,113.74118063248872,108.39763655284216,109.16100311279297,1263,0.0,0.0
2003-08-29 00:00:00-04:00,112.21446223595714,113.74118817712593,109.16101035361957,111.83277893066406,868,0.0,0.0
2003-09-02 00:00:00-04:00,109.16101048207693,113.35951228523442,109.16101048207693,112.97782897949219,513,0.0,0.0
2003-09-03 00:00:00-04:00,113.35951194539915,116.79464712677412,113.35951194539915,116.03128051757812,1880,0.0,0.0
2003-09-04 00:00:00-04:00,116.03127295806189,119.08473191590747,112.59613800048828,118.32136535644531,1208,0.0,0.0
2003-09-05 00:00:00-04:00,112.2144617058653,127.86341890892895,112.2144617058653,124.80996704101562,2985,0.0,0.0
2003-09-08 00:00:00-04:00,127.48174246210885,133.20697015543698,122.51986681321893,127.10005187988281,2140,0.0,0.0
2003-09-09 00:00:00-04:00,131.2985531872837,132.44359574647387,127.10004439024488,129.77182006835938,1913,0.0,0.0
2003-09-10 00:00:00-04:00,133.58864665031433,133.58864665031433,121.37482461599848,122.13819122314453,2405,0.0,0.0
2003-09-11 00:00:00-04:00,120.61146528885592,125.57333367529827,120.2297819852829,122.13819122314453,1005,0.0,0.0
2003-09-12 00:00:00-04:00,125.9550096988678,127.10005232958338,119.08473935456732,122.13819122314453,885,0.0,0.0
2003-09-15 00:00:00-04:00,120.22978219523188,122.13819143642603,118.32137295403771,120.99314880371094,1075,0.0,0.0
2003-09-16 00:00:00-04:00,120.99314871239514,120.99314871239514,116.4129636249845,120.22978210449219,725,0.0,0.0
2003-09-17 00:00:00-04:00,118.70305605099429,124.04660046100616,118.32137274742126,122.13819122314453,1943,0.0,0.0
2003-09-18 00:00:00-04:00,120.9931408952427,128.62677736106235,120.9931408952427,121.37481689453125,2170,0.0,0.0
2003-09-19 00:00:00-04:00,121.37481689229871,124.4282685665692,118.32136521802823,119.4664077758789,970,0.0,0.0
2003-09-22 00:00:00-04:00,120.22978240081959,121.75650834038485,116.41296391190468,116.79464721679688,1053,0.0,0.0
2003-09-23 00:00:00-04:00,115.26791381835938,119.84809134067642,112.97782141719934,115.26791381835938,1913,0.0,0.0
2003-09-24 00:00:00-04:00,115.26792140345468,117.17633065000192,114.88623809814453,114.88623809814453,955,0.0,0.0
2003-09-25 00:00:00-04:00,109.92436977073163,114.88623818344045,109.16101043954811,112.59614562988281,1268,0.0,0.0
2003-09-26 00:00:00-04:00,114.50455501161773,114.50455501161773,104.96250876064958,110.68773651123047,1605,0.0,0.0
2003-09-29 00:00:00-04:00,110.68773651123047,112.21446245538466,110.68773651123047,110.68773651123047,570,0.0,0.0
2003-09-30 00:00:00-04:00,110.68772881290836,112.2144546508789,105.34418474000995,112.2144546508789,633,0.0,0.0
2003-10-01 00:00:00-04:00,111.83277914934523,112.21446245538466,110.68773651123047,110.68773651123047,173,0.0,0.0
2003-10-02 00:00:00-04:00,110.68773651123047,111.0694198172699,104.96250876064958,110.68773651123047,515,0.0,0.0
2003-10-03 00:00:00-04:00,105.34419214905411,114.12287179480714,105.34419214905411,111.45110321044922,1893,0.0,0.0
2003-10-06 00:00:00-04:00,113.74118809391194,115.26792131396729,113.74118809391194,114.12287139892578,428,0.0,0.0
2003-10-07 00:00:00-04:00,114.50455474853516,116.79464729950656,114.50455474853516,114.50455474853516,1813,0.0,0.0
2003-10-08 00:00:00-04:00,114.50454725797168,116.79463965913172,114.50454725797168,115.26791381835938,878,0.0,0.0
2003-10-09 00:00:00-04:00,114.8862303988717,116.79463951752405,114.50454711914062,116.41295623779297,2035,0.0,0.0
2003-10-10 00:00:00-04:00,116.79463951752405,116.79463951752405,114.50454711914062,116.41295623779297,533,0.0,0.0
2003-10-13 00:00:00-04:00,113.74118069758399,116.79463965913172,113.74118069758399,115.26791381835938,1218,0.0,0.0
2003-10-14 00:00:00-04:00,115.26792119874267,119.46641570968737,114.50455458947806,119.0847396850586,3205,0.0,0.0
2003-10-15 00:00:00-04:00,120.22978227339641,121.75650821134359,118.70305633544922,118.70305633544922,2330,0.0,0.0
2003-10-16 00:00:00-04:00,117.17632970211685,128.24509450654705,112.2144613332304,127.10005187988281,3020,0.0,0.0
2003-10-17 00:00:00-04:00,121.37481703428784,135.4970474243164,120.99314103455981,133.58863830566406,2088,0.0,0.0
2003-10-20 00:00:00-04:00,131.68024352047178,145.0391088051573,129.77183419408811,142.7490234375,2840,0.0,0.0
2003-10-21 00:00:00-04:00,145.03908488458228,145.03908488458228,138.1688153546821,138.5504913330078,2470,0.0,0.0
2003-10-22 00:00:00-04:00,138.1688307657353,141.22228261293245,135.49705493943517,140.07723999023438,2493,0.0,0.0
2003-10-23 00:00:00-04:00,139.3138653667589,139.3138653667589,129.77181979369323,132.06190490722656,855,0.0,0.0
2003-10-24 00:00:00-04:00,130.53518662782153,133.58863830566406,126.71836839051684,133.58863830566406,855,0.0,0.0
2003-10-27 00:00:00-05:00,137.4054638671875,143.1306915283203,131.6802362060547,143.1306915283203,1060,0.0,0.0
2003-10-28 00:00:00-05:00,133.5886445027641,163.35982522280736,133.5886445027641,161.451416015625,14588,0.0,0.0
2003-10-29 00:00:00-05:00,169.84841870759664,194.27606227830984,161.45141532016356,181.2988739013672,10225,0.0,0.0
2003-10-30 00:00:00-05:00,186.26073507522983,190.8409200688844,172.13850407813104,177.4820556640625,3773,0.0,0.0
2003-10-31 00:00:00-05:00,175.57365370242576,182.4439241961714,167.5583405530571,177.86373901367188,3775,0.0,0.0
2003-11-03 00:00:00-05:00,171.75683428228254,206.10820113873905,170.99346766235985,196.18447875976562,10198,0.0,0.0
2003-11-04 00:00:00-05:00,179.0087892659257,187.7874686975581,153.81777902210305,165.2682342529297,18360,0.0,0.0
2003-11-05 00:00:00-05:00,155.34450502738508,167.94000228690146,144.65741688476527,151.90936279296875,11963,0.0,0.0
2003-11-06 00:00:00-05:00,152.29106679120372,176.71869690708112,146.94751496835164,176.33702087402344,12965,0.0,0.0
2003-11-07 00:00:00-05:00,179.39045730537032,179.39045730537032,161.06973266278052,164.8865509033203,5565,0.0,0.0
2003-11-10 00:00:00-05:00,162.21477520617393,188.55082688717872,161.06973264613157,187.78746032714844,10890,0.0,0.0
2003-11-11 00:00:00-05:00,190.84091212213988,209.92500333435385,187.02409387969706,207.63491821289062,16075,0.0,0.0
2003-11-12 00:00:00-05:00,207.63493453494038,215.65024765014647,183.58896606930765,190.84092712402344,14315,0.0,0.0
2003-11-13 00:00:00-05:00,195.80278068099366,201.1463322560722,186.64242527229615,189.6958770751953,4323,0.0,0.0
2003-11-14 00:00:00-05:00,190.8409195054439,194.65773789555277,174.04691276496217,183.58895874023438,4663,0.0,0.0
2003-11-17 00:00:00-05:00,180.15383063722192,198.47455596846333,172.1385032947992,191.22259521484375,3958,0.0,0.0
2003-11-18 00:00:00-05:00,190.8409196342987,198.47455641967065,190.8409196342987,194.27606201171875,2338,0.0,0.0
2003-11-19 00:00:00-05:00,183.58895817594404,198.85623168945312,175.19196939151934,198.85623168945312,3103,0.0,0.0
2003-11-20 00:00:00-05:00,190.84092661479897,210.30669530550557,186.26074146404235,199.23793029785156,7110,0.0,0.0
2003-11-21 00:00:00-05:00,197.7111817803816,210.30667905148584,190.84091186523438,209.9250030517578,4098,0.0,0.0
2003-11-24 00:00:00-05:00,213.74182904035,215.6502382282103,193.8943705746019,202.6730499267578,3965,0.0,0.0
2003-11-25 00:00:00-05:00,198.85623216883204,206.48986894398885,193.13100458746445,197.3295135498047,1305,0.0,0.0
2003-11-26 00:00:00-05:00,198.09288740648128,201.52801534531764,194.65774490763775,196.9478302001953,965,0.0,0.0
2003-11-28 00:00:00-05:00,194.65774536132812,195.80278801027566,191.22260285447825,194.65774536132812,803,0.0,0.0
2003-12-01 00:00:00-05:00,190.84091941909034,195.03941382230767,186.64242501587302,192.74932861328125,4880,0.0,0.0
2003-12-02 00:00:00-05:00,194.27606830183254,212.59679426789756,191.6042924284464,210.68838500976562,11748,0.0,0.0
2003-12-03 00:00:00-05:00,209.5433413321002,233.97097097955356,203.81811358597733,225.95565795898438,15520,0.0,0.0
2003-12-04 00:00:00-05:00,215.65024544048975,226.71902492426995,205.3448325693853,222.90220642089844,11505,0.0,0.0
2003-12-05 00:00:00-05:00,221.37547347879544,221.37547347879544,209.92501795403018,212.9784698486328,1178,0.0,0.0
2003-12-08 00:00:00-05:00,211.83342748256916,211.83342748256916,203.05474781421188,209.16165161132812,1735,0.0,0.0
2003-12-09 00:00:00-05:00,202.29137410484503,212.9784626549865,200.3829649151767,208.77996826171875,1568,0.0,0.0
2003-12-10 00:00:00-05:00,206.87157402437717,210.68839267958705,198.4745700709139,206.48988342285156,1865,0.0,0.0
2003-12-11 00:00:00-05:00,203.4364168819905,203.4364168819905,194.6577375139509,200.38296508789062,2403,0.0,0.0
2003-12-12 00:00:00-05:00,191.98596187604667,200.3829652360342,182.82560648697483,196.56614685058594,2848,0.0,0.0
2003-12-15 00:00:00-05:00,204.58146019086806,204.58146019086806,188.55083457651415,190.45924377441406,1413,0.0,0.0
2003-12-16 00:00:00-05:00,190.8409195716935,199.23792294484934,179.00878838225117,188.93251037597656,2103,0.0,0.0
2003-12-17 00:00:00-05:00,187.02410067576133,196.56614662860628,181.29887310405434,195.03941345214844,1475,0.0,0.0
2003-12-18 00:00:00-05:00,183.2072896002152,196.18447843756667,180.53551371487728,193.13101196289062,1425,0.0,0.0
2003-12-19 00:00:00-05:00,190.84091978999135,194.65773818579117,183.2072829983917,190.45924377441406,2255,0.0,0.0
2003-12-22 00:00:00-05:00,185.11569148519231,198.85623183328642,183.20728229462333,195.03941345214844,1908,0.0,0.0
2003-12-23 00:00:00-05:00,194.6577374380373,198.47455581917527,191.22259507101046,195.03941345214844,1995,0.0,0.0
2003-12-24 00:00:00-05:00,198.474555863044,204.96315002441406,196.56614667205318,204.96315002441406,1640,0.0,0.0
2003-12-26 00:00:00-05:00,201.909697899619,207.6349254631998,199.2379221246133,202.6730499267578,1258,0.0,0.0
2003-12-29 00:00:00-05:00,195.03940596168516,202.67304243079232,190.84091172767867,193.8943634033203,2555,0.0,0.0
2003-12-30 00:00:00-05:00,194.27605381597186,199.6195906043053,188.55082646846785,189.31417846679688,2793,0.0,0.0
2003-12-31 00:00:00-05:00,187.78746786497527,188.1691438803079,172.9018703068954,179.7721405029297,5760,0.0,0.0
2004-01-02 00:00:00-05:00,179.00878901773768,180.91719822022952,172.90187083375974,173.6652374267578,2118,0.0,0.0
2004-01-05 00:00:00-05:00,175.5736461521424,190.84091973058958,175.5736461521424,185.11569213867188,2895,0.0,0.0
2004-01-06 00:00:00-05:00,186.26074151488402,197.71119711489746,182.4439229815462,193.13101196289062,2423,0.0,0.0
2004-01-07 00:00:00-05:00,193.1310048934544,198.47455646853294,189.31418649982874,189.6958770751953,3018,0.0,0.0
2004-01-08 00:00:00-05:00,195.42111152515932,198.47456343523848,186.26074123491466,196.9478302001953,5073,0.0,0.0
2004-01-09 00:00:00-05:00,186.26074584062454,229.00911731880254,186.26074584062454,227.1007080078125,15495,0.0,0.0
2004-01-12 00:00:00-05:00,227.48236111935694,263.36045837402344,227.1006851196289,255.72682189941406,17825,0.0,0.0
2004-01-13 00:00:00-05:00,251.91001123414006,259.92532394940554,244.2763745300752,253.81842041015625,7390,0.0,0.0
2004-01-14 00:00:00-05:00,253.81841278076172,260.3069921361748,237.7877732720808,251.91000366210938,4925,0.0,0.0
2004-01-15 00:00:00-05:00,248.09320135524035,251.91001983762868,241.98629760742188,241.98629760742188,3658,0.0,0.0
2004-01-16 00:00:00-05:00,242.36796416068478,302.6737054738682,242.36796416068478,281.29949951171875,14890,0.0,0.0
2004-01-20 00:00:00-05:00,293.89503519158615,295.0400924312478,276.7193513167532,290.0782165527344,11293,0.0,0.0
2004-01-21 00:00:00-05:00,290.0782027782471,290.0782027782471,260.68871230266706,274.0475769042969,12838,0.0,0.0
2004-01-22 00:00:00-05:00,281.6812060366232,285.49802438877254,267.1772846504507,272.13916015625,4443,0.0,0.0
2004-01-23 00:00:00-05:00,260.3069921361748,276.3376462048618,259.9253161364468,274.8109130859375,3830,0.0,0.0
2004-01-26 00:00:00-05:00,279.0094234271796,279.77280459070965,272.1391676754926,274.0475769042969,3343,0.0,0.0
2004-01-27 00:00:00-05:00,270.9940948486328,274.8109130859375,249.23824254400097,259.54364013671875,4283,0.0,0.0
2004-01-28 00:00:00-05:00,262.5971137999987,267.17728416627244,256.4901811516163,259.9253234863281,1295,0.0,0.0
2004-01-29 00:00:00-05:00,258.7803025224606,272.52084311657046,254.96348407298484,269.4673767089844,3548,0.0,0.0
2004-01-30 00:00:00-05:00,267.1772766113281,282.06287356081884,246.9481283056084,259.54364013671875,5853,0.0,0.0
2004-02-02 00:00:00-05:00,259.5436547933743,267.5589677203434,253.8184271141087,260.3070068359375,2263,0.0,0.0
2004-02-03 00:00:00-05:00,258.0169292802574,270.23076616548565,254.96349189896137,265.2688903808594,4133,0.0,0.0
2004-02-04 00:00:00-05:00,252.67337134933842,259.9253322744734,243.1313397236451,243.5130157470703,4155,0.0,0.0
2004-02-05 00:00:00-05:00,242.36798647294776,261.4520798960145,241.2229437795653,258.0169372558594,6018,0.0,0.0
2004-02-06 00:00:00-05:00,255.34517582463627,262.97881319386295,254.96349978017804,258.0169372558594,3318,0.0,0.0
2004-02-09 00:00:00-05:00,257.6352465794222,269.8490540285151,249.61993362095404,257.2535705566406,2825,0.0,0.0
2004-02-10 00:00:00-05:00,253.81841278076172,264.88719149294775,248.85653742426075,259.54364013671875,1435,0.0,0.0
2004-02-11 00:00:00-05:00,254.2000968837408,267.17728512825886,253.81842087184592,256.87188720703125,4273,0.0,0.0
2004-02-12 00:00:00-05:00,260.6887048504223,267.17728439486376,252.29168701171875,252.29168701171875,2053,0.0,0.0
2004-02-13 00:00:00-05:00,257.25356323875894,257.25356323875894,241.98628980168144,243.13133239746094,2130,0.0,0.0
2004-02-17 00:00:00-05:00,242.3679736316579,251.91001983762868,237.4061125165545,241.98629760742188,1975,0.0,0.0
2004-02-18 00:00:00-05:00,245.80312329563347,248.09320862819845,241.22293807049599,247.71153259277344,2693,0.0,0.0
2004-02-19 00:00:00-05:00,249.61992652712763,251.14665969488024,238.5511474609375,238.5511474609375,3295,0.0,0.0
2004-02-20 00:00:00-05:00,233.97097144466662,234.7343380576686,214.88687891965293,217.55865478515625,6265,0.0,0.0
2004-02-23 00:00:00-05:00,232.82592201116364,232.82592201116364,188.93251048446885,189.6958770751953,9518,0.0,0.0
2004-02-24 00:00:00-05:00,191.60429344413225,202.67305846396815,182.0622471028907,194.65774536132812,5663,0.0,0.0
2004-02-25 00:00:00-05:00,192.74932857270926,203.8181077206893,192.74932857270926,197.3295135498047,3198,0.0,0.0
2004-02-26 00:00:00-05:00,201.9096984142162,202.29137442875836,193.89437106877082,196.56614685058594,2670,0.0,0.0
2004-02-27 00:00:00-05:00,196.1844709455325,198.47455615407688,193.89437117698145,197.3295135498047,1508,0.0,0.0
2004-03-01 00:00:00-05:00,200.00128145876806,207.2532273736433,192.3676449841587,206.10818481445312,3240,0.0,0.0
2004-03-02 00:00:00-05:00,201.90970517225347,210.68838484061075,201.90970517225347,209.16165161132812,2305,0.0,0.0
2004-03-03 00:00:00-05:00,211.45174356058138,211.45174356058138,208.77996778909258,210.3066864013672,1088,0.0,0.0
2004-03-04 00:00:00-05:00,206.8715662434535,210.6883847551039,206.8715662434535,208.39828491210938,1658,0.0,0.0
2004-03-05 00:00:00-05:00,204.96315754779428,207.634933425253,197.32952050363068,200.7646484375,1448,0.0,0.0
2004-03-08 00:00:00-05:00,200.76464113765786,200.76464113765786,195.4211041370397,195.8027801513672,3080,0.0,0.0
2004-03-09 00:00:00-05:00,202.6730515313109,202.6730515313109,177.8637318927132,179.0087890625,4138,0.0,0.0
2004-03-10 00:00:00-05:00,179.3904651682724,182.44391698253952,161.06973972266294,164.50486755371094,6200,0.0,0.0
2004-03-11 00:00:00-05:00,172.9018629474895,179.77213285109718,166.41326904296875,166.41326904296875,4108,0.0,0.0
2004-03-12 00:00:00-05:00,170.2300950382698,175.57364662924968,164.1231914142986,173.6652374267578,2210,0.0,0.0
2004-03-15 00:00:00-05:00,173.66523759820487,175.95532281945324,166.41327679757384,169.84841918945312,1958,0.0,0.0
2004-03-16 00:00:00-05:00,173.66524507891205,175.57365436549352,166.03160793258627,170.2301025390625,1110,0.0,0.0
2004-03-17 00:00:00-05:00,169.848427351131,171.37516061199807,162.59646620202355,164.12319946289062,2360,0.0,0.0
2004-03-18 00:00:00-05:00,163.74151580024787,164.12319181768163,161.06973999819124,161.451416015625,1133,0.0,0.0
2004-03-19 00:00:00-05:00,161.83310688057273,161.83310688057273,158.39796447753906,158.39796447753906,900,0.0,0.0
2004-03-22 00:00:00-05:00,157.63459942184147,160.30637525475544,131.68023681640625,131.68023681640625,8880,0.0,0.0
2004-03-23 00:00:00-05:00,145.80246868463018,146.56583529177624,120.99314859242895,122.13819122314453,12040,0.0,0.0
2004-03-24 00:00:00-05:00,124.04659286280265,129.39014422551045,114.88623053816553,115.26791381835938,12378,0.0,0.0
2004-03-25 00:00:00-05:00,120.22977447509766,141.22227478027344,117.17632279725512,127.86341094970703,22198,0.0,0.0
2004-03-26 00:00:00-05:00,122.90155698512015,142.74901583439538,120.99314776038229,134.7336883544922,11220,0.0,0.0
2004-03-29 00:00:00-05:00,145.03909974585818,164.12319181768163,138.55050552943686,161.451416015625,13688,0.0,0.0
2004-03-30 00:00:00-05:00,158.77964011046316,168.32168614017866,158.77964011046316,160.68804931640625,5480,0.0,0.0
2004-03-31 00:00:00-05:00,160.6880500029191,164.12319241229548,153.43610372535667,155.34451293945312,3155,0.0,0.0
2004-04-01 00:00:00-05:00,159.16133024945094,178.62709827247446,154.96282127193143,177.4820556640625,13973,0.0,0.0
2004-04-02 00:00:00-05:00,191.22259574604806,191.60428632151326,179.77214056221268,185.11569213867188,14860,0.0,0.0
2004-04-05 00:00:00-04:00,196.56614685058594,196.56614685058594,185.4973677087833,196.56614685058594,6595,0.0,0.0
2004-04-06 00:00:00-04:00,187.0240936279297,193.8943635430769,180.15382371278247,187.0240936279297,7728,0.0,0.0
2004-04-07 00:00:00-04:00,187.7874682008559,187.7874682008559,180.15383140049596,182.06224060058594,5550,0.0,0.0
2004-04-08 00:00:00-04:00,179.00879591258564,190.45925156857174,179.00879591258564,181.68055725097656,2843,0.0,0.0
2004-04-12 00:00:00-04:00,185.4973687045894,190.45924428031432,176.7186892829331,179.0087890625,3168,0.0,0.0
2004-04-13 00:00:00-04:00,179.77214862506358,187.02410972408194,171.75683546089158,174.0469207763672,1915,0.0,0.0
2004-04-14 00:00:00-04:00,171.3751602498841,181.6805587789356,163.7415230816934,167.9400177001953,3860,0.0,0.0
2004-04-15 00:00:00-04:00,171.37515282147106,172.52019543506526,154.5811459554002,157.6345977783203,5483,0.0,0.0
2004-04-16 00:00:00-04:00,153.81777233727567,160.68804226519254,143.8940507258409,150.3826446533203,4418,0.0,0.0
2004-04-19 00:00:00-04:00,149.23758740150552,150.7643205219326,140.84059891917494,141.9856414794922,3930,0.0,0.0
2004-04-20 00:00:00-04:00,137.02378838225005,141.60395888103827,130.53519409562412,130.9168701171875,6625,0.0,0.0
2004-04-21 00:00:00-04:00,130.91687045970144,135.11537950791765,124.80996673866852,125.19164276123047,6648,0.0,0.0
2004-04-22 00:00:00-04:00,124.80995953756454,139.31386595819757,124.80995953756454,131.29855346679688,6895,0.0,0.0
2004-04-23 00:00:00-04:00,137.02379534839073,141.2222900390625,129.39015804898196,141.2222900390625,5645,0.0,0.0
2004-04-26 00:00:00-04:00,141.603959435472,150.7643295889287,128.6267853714165,129.39015197753906,7625,0.0,0.0
2004-04-27 00:00:00-04:00,135.87873222375092,135.87873222375092,115.64959716796875,115.64959716796875,34863,0.0,0.0
2004-04-28 00:00:00-04:00,119.84809883090665,123.28323400733323,116.41296365448007,117.5580062866211,9135,0.0,0.0
2004-04-29 00:00:00-04:00,119.84809112073465,121.75650023819858,106.4892272984871,112.2144546508789,8345,0.0,0.0
2004-04-30 00:00:00-04:00,108.01596031636416,116.031280598498,106.10755107204675,113.7411880493164,4958,0.0,0.0
2004-05-03 00:00:00-04:00,113.35950447981973,114.12286375873924,93.89373002732503,98.8555908203125,9750,0.0,0.0
2004-05-04 00:00:00-04:00,100.00064795782687,105.72587572762603,98.09223870122715,104.58082580566406,4060,0.0,0.0
2004-05-05 00:00:00-04:00,106.10755175494312,111.83277952474229,103.81746647102632,104.58082580566406,4075,0.0,0.0
2004-05-06 00:00:00-04:00,112.2144621609212,122.90155830196349,108.77932697558755,117.17633056640625,15405,0.0,0.0
2004-05-07 00:00:00-04:00,119.46640806292106,122.1381837443295,113.35950469970703,113.35950469970703,5523,0.0,0.0
2004-05-10 00:00:00-04:00,116.41296490302611,116.41296490302611,101.14569081738334,103.43578338623047,2925,0.0,0.0
2004-05-11 00:00:00-04:00,105.34419194361988,113.35951224106988,102.29073277887517,112.59614562988281,2400,0.0,0.0
2004-05-12 00:00:00-04:00,113.35951215183638,114.12287148241901,101.14569006247902,111.83277893066406,2868,0.0,0.0
2004-05-13 00:00:00-04:00,106.87091071294357,111.45109551264237,104.96250159306958,109.16100311279297,3540,0.0,0.0
2004-05-14 00:00:00-04:00,110.68773701560404,112.2144629667151,105.34419254671353,105.72587585449219,1595,0.0,0.0
2004-05-17 00:00:00-04:00,101.90905735134835,106.8709185131728,101.1456907356814,102.67241668701172,1678,0.0,0.0
2004-05-18 00:00:00-04:00,103.8174667126265,106.8709186182905,97.71055562129489,100.38232421875,2293,0.0,0.0
2004-05-19 00:00:00-04:00,104.96250855540275,117.93968997534276,103.81746591952705,111.83277893066406,6338,0.0,0.0
2004-05-20 00:00:00-04:00,110.30605311774858,116.03128086379093,109.92436981201172,109.92436981201172,2083,0.0,0.0
2004-05-21 00:00:00-04:00,114.50454711914062,120.99314103455981,110.68772888183594,116.41295623779297,2223,0.0,0.0
2004-05-24 00:00:00-04:00,119.0847395028138,122.1381913751922,114.50455441424269,117.5580062866211,1520,0.0,0.0
2004-05-25 00:00:00-04:00,119.46641549658925,124.42827660794785,116.79464692893598,120.22978210449219,2235,0.0,0.0
2004-05-26 00:00:00-04:00,121.3748247363431,127.86341906350758,117.17633023288745,120.22978210449219,2953,0.0,0.0
2004-05-27 00:00:00-04:00,118.321373240153,122.13819173177083,109.92436964659234,114.50455474853516,2910,0.0,0.0
2004-05-28 00:00:00-04:00,112.59614567374994,117.9396901141306,110.68773642504233,112.97782897949219,1495,0.0,0.0
2004-06-01 00:00:00-04:00,111.83277151138468,114.50454719118011,108.7793198316211,111.06941223144531,1440,0.0,0.0
2004-06-02 00:00:00-04:00,114.1228715722534,116.03128082021752,109.54269374514165,112.59614562988281,2638,0.0,0.0
2004-06-03 00:00:00-04:00,111.45109551141653,112.97782135129832,108.7793198316211,111.06941223144531,1233,0.0,0.0
2004-06-04 00:00:00-04:00,112.5961459862009,115.26792185380708,108.77932747819409,109.54269409179688,1533,0.0,0.0
2004-06-07 00:00:00-04:00,109.16100311159231,114.50454719118011,109.16100311159231,111.06941223144531,1045,0.0,0.0
2004-06-08 00:00:00-04:00,111.06941223266696,111.45109551264237,108.77931983281756,109.16100311279297,2223,0.0,0.0
2004-06-09 00:00:00-04:00,108.77932734931794,111.83277924010439,105.3441921521823,108.39764404296875,1935,0.0,0.0
2004-06-10 00:00:00-04:00,112.59613807384805,112.59613807384805,106.48922743418112,107.25259399414062,1548,0.0,0.0
2004-06-14 00:00:00-04:00,106.8709105704179,108.01595312881402,100.38231665949846,100.76399993896484,2190,0.0,0.0
2004-06-15 00:00:00-04:00,105.72586801836428,113.35950448813779,105.344184738875,110.30604553222656,3455,0.0,0.0
2004-06-16 00:00:00-04:00,111.45110267019744,120.99314888237176,111.06941936570976,118.70305633544922,2985,0.0,0.0
2004-06-17 00:00:00-04:00,119.84809134067642,121.7565004616426,115.26791381835938,115.26791381835938,2755,0.0,0.0
2004-06-18 00:00:00-04:00,114.8862303988717,119.08473191590747,114.8862303988717,116.41295623779297,2125,0.0,0.0
2004-06-21 00:00:00-04:00,115.26792114352281,118.70305632356083,114.50455453462392,115.64959716796875,743,0.0,0.0
2004-06-22 00:00:00-04:00,118.32137328063584,118.32137328063584,108.7793270483265,111.83277893066406,1695,0.0,0.0
2004-06-23 00:00:00-04:00,108.77932673555303,121.37482481398408,108.77932673555303,117.93968963623047,2443,0.0,0.0
2004-06-24 00:00:00-04:00,117.17633056640625,120.99314905677775,114.50455471114479,117.17633056640625,1840,0.0,0.0
2004-06-25 00:00:00-04:00,118.70305672561507,120.99314928006493,112.21446236800772,112.97782897949219,1795,0.0,0.0
2004-06-28 00:00:00-04:00,112.21446168783486,121.75650787353516,111.06941905755222,121.75650787353516,968,0.0,0.0
2004-06-29 00:00:00-04:00,121.75650058921862,125.95500211574404,117.5579990626932,123.6649169921875,2745,0.0,0.0
2004-06-30 00:00:00-04:00,124.809966644292,125.95500927111897,119.08473895015024,124.42827606201172,1693,0.0,0.0
2004-07-01 00:00:00-04:00,135.49706284746767,140.45892420875367,124.8099734785422,132.82528686523438,17280,0.0,0.0
2004-07-02 00:00:00-04:00,133.20696921997595,144.65742452622004,129.39015078456123,141.6039581298828,9298,0.0,0.0
2004-07-06 00:00:00-04:00,138.1688307657353,145.0391010619306,134.3520123167371,140.07723999023438,6940,0.0,0.0
2004-07-07 00:00:00-04:00,142.74902369394215,148.47425168337818,135.8787384586127,136.64210510253906,1998,0.0,0.0
2004-07-08 00:00:00-04:00,135.4970558369443,137.78714109750956,121.75650787353516,121.75650787353516,3410,0.0,0.0
2004-07-09 00:00:00-04:00,120.9931482730212,126.71837597149218,120.22978166789035,125.19164276123047,1418,0.0,0.0
2004-07-12 00:00:00-04:00,123.28322615294019,124.04659271240234,116.41295623779297,118.32136535644531,1155,0.0,0.0
2004-07-13 00:00:00-04:00,118.3213729404261,120.99314878979196,116.41296369945148,117.93968963623047,1203,0.0,0.0
2004-07-14 00:00:00-04:00,111.45109537189515,118.70304856225751,111.06941209240176,112.2144546508789,2648,0.0,0.0
2004-07-15 00:00:00-04:00,111.06941947527415,117.55800653795123,111.06941947527415,113.7411880493164,1110,0.0,0.0
2004-07-16 00:00:00-04:00,113.35951237350297,114.50455501161773,108.01596064895797,110.68773651123047,1660,0.0,0.0
2004-07-19 00:00:00-04:00,105.7258756329923,114.12287198651289,105.7258756329923,106.87091827392578,2098,0.0,0.0
2004-07-20 00:00:00-04:00,105.7258756329923,110.68773678370886,105.34419232601327,106.87091827392578,1510,0.0,0.0
2004-07-21 00:00:00-04:00,108.77932717480466,112.59614567216623,107.63428453759761,109.92436981201172,740,0.0,0.0
2004-07-22 00:00:00-04:00,110.68772881290836,112.2144546508789,107.25259385747388,112.2144546508789,305,0.0,0.0
2004-07-23 00:00:00-04:00,114.88623879554243,114.88623879554243,105.34419250488281,105.34419250488281,918,0.0,0.0
2004-07-26 00:00:00-04:00,110.68773678370886,110.68773678370886,104.96250901903426,106.87091827392578,1260,0.0,0.0
2004-07-27 00:00:00-04:00,108.01596091485928,108.77932752881732,105.34419232601327,106.87091827392578,575,0.0,0.0
2004-07-28 00:00:00-04:00,107.2526019264994,107.2526019264994,99.61896488233579,100.38232421875,1520,0.0,0.0
2004-07-29 00:00:00-04:00,95.42046295819,108.01596115666965,95.42046295819,102.67241668701172,1625,0.0,0.0
2004-07-30 00:00:00-04:00,101.52736643694398,109.16100290167655,101.52736643694398,108.01595306396484,1375,0.0,0.0
2004-08-02 00:00:00-04:00,100.76400742784793,108.7793277723366,99.61896478435108,102.67241668701172,7993,0.0,0.0
2004-08-03 00:00:00-04:00,101.14568321707712,104.19913489276125,97.71054826193172,98.8555908203125,2448,0.0,0.0
2004-08-04 00:00:00-04:00,102.67241746155233,102.67241746155233,92.74868778303717,93.13037109375,3070,0.0,0.0
2004-08-05 00:00:00-04:00,97.71054833100061,101.14568328857422,91.6036376953125,91.6036376953125,2398,0.0,0.0
2004-08-06 00:00:00-04:00,91.6036376953125,92.74868025450269,90.45859513612231,91.6036376953125,1448,0.0,0.0
2004-08-09 00:00:00-04:00,91.60363776348645,95.42045600363171,91.60363776348645,93.89373016357422,823,0.0,0.0
2004-08-10 00:00:00-04:00,93.13036339390204,94.65708923052279,92.36700411559319,92.7486801147461,763,0.0,0.0
2004-08-11 00:00:00-04:00,91.22196197509766,92.36701190918058,90.45860263237935,91.22196197509766,1888,0.0,0.0
2004-08-12 00:00:00-04:00,89.69523613058708,90.84027878621013,88.55019347496402,88.93186950683594,1368,0.0,0.0
2004-08-13 00:00:00-04:00,88.5501861603049,89.69522872134209,86.26009375822747,86.64177703857422,2570,0.0,0.0
2004-08-16 00:00:00-04:00,85.49673429608437,91.22196213662579,85.49673429608437,89.31355285644531,2175,0.0,0.0
2004-08-17 00:00:00-04:00,90.84027877658527,94.65709733492923,88.93186949741327,92.36701202392578,4135,0.0,0.0
2004-08-18 00:00:00-04:00,88.55019342921821,96.56550657444612,88.55019342921821,91.9853286743164,610,0.0,0.0
2004-08-19 00:00:00-04:00,91.22196182018953,95.42046367802328,88.55019320520707,93.13037109375,743,0.0,0.0
2004-08-20 00:00:00-04:00,89.31354543491659,94.2754135190805,89.31354543491659,90.4585952758789,1060,0.0,0.0
2004-08-23 00:00:00-04:00,94.27542143156437,94.27542143156437,85.87841767976377,90.07691955566406,1788,0.0,0.0
2004-08-24 00:00:00-04:00,90.84027866373668,92.36701190918058,90.84027866373668,91.22196197509766,1395,0.0,0.0
2004-08-25 00:00:00-04:00,90.84027866373668,92.36701190918058,90.84027866373668,91.22196197509766,1720,0.0,0.0
2004-08-26 00:00:00-04:00,89.69522871523736,92.3670043974797,89.69522871523736,90.4585952758789,433,0.0,0.0
2004-08-27 00:00:00-04:00,90.84027890037088,91.9853288374366,89.69523624330883,90.07691955566406,1615,0.0,0.0
2004-08-30 00:00:00-04:00,88.93186978313081,90.07691972231498,88.16851043701172,88.16851043701172,1145,0.0,0.0
2004-08-31 00:00:00-04:00,87.02346022746174,89.3135528187115,87.02346022746174,88.93186950683594,500,0.0,0.0
2004-09-01 00:00:00-04:00,88.1685026672503,90.07691178437692,87.40513610839844,87.40513610839844,4345,0.0,0.0
2004-09-02 00:00:00-04:00,87.78681953073183,88.9318620908706,84.3516845703125,84.3516845703125,5693,0.0,0.0
2004-09-03 00:00:00-04:00,83.97000128872625,88.16850280916317,83.97000128872625,86.26009368896484,2373,0.0,0.0
2004-09-07 00:00:00-04:00,90.45860299771606,90.45860299771606,83.97000851838484,87.78682708740234,1588,0.0,0.0
2004-09-08 00:00:00-04:00,85.49673465511037,91.60364583333333,85.11505134147075,85.87841796875,883,0.0,0.0
2004-09-09 00:00:00-04:00,86.26009361908655,90.84027113585034,85.87841033935547,89.69522857666016,655,0.0,0.0
2004-09-10 00:00:00-04:00,88.55019335557814,99.23728239366352,88.55019335557814,91.22196197509766,5938,0.0,0.0
2004-09-13 00:00:00-04:00,90.45859513612231,94.65708937315503,90.45859513612231,91.6036376953125,1590,0.0,0.0
2004-09-14 00:00:00-04:00,91.6036376953125,93.89373009369592,90.45859513612231,91.6036376953125,2720,0.0,0.0
2004-09-15 00:00:00-04:00,88.55018594667622,91.6036376220776,86.26009355012368,87.40513610839844,2408,0.0,0.0
2004-09-16 00:00:00-04:00,85.87841047788072,90.84027128237928,85.87841047788072,86.64177703857422,1545,0.0,0.0
2004-09-17 00:00:00-04:00,89.6952364092536,90.84027906843409,86.64178446476984,88.16851043701172,735,0.0,0.0
2004-09-20 00:00:00-04:00,86.64178442869857,87.78682708740234,85.8784178028936,87.78682708740234,1145,0.0,0.0
2004-09-21 00:00:00-04:00,87.786827434193,90.45860335506123,83.58832553568739,83.97000885009766,8168,0.0,0.0
2004-09-22 00:00:00-04:00,81.6799087540368,85.4967269881507,81.6799087540368,83.58831787109375,3800,0.0,0.0
2004-09-23 00:00:00-04:00,83.20663452148438,83.97000107966436,81.67990868512744,83.20663452148438,3053,0.0,0.0
2004-09-24 00:00:00-04:00,83.58832578172785,84.7333757283291,80.53487381746527,82.82496643066406,620,0.0,0.0
2004-09-27 00:00:00-04:00,80.15318298339844,80.9165495428606,76.33636474609375,78.2447738647461,2478,0.0,0.0
2004-09-28 00:00:00-04:00,80.91655756206949,80.91655756206949,74.42796300360027,75.57300567626953,2930,0.0,0.0
2004-09-29 00:00:00-04:00,74.4279556274414,79.00814042420825,72.51954650878906,76.33636474609375,2598,0.0,0.0
2004-09-30 00:00:00-04:00,78.24477401017808,79.77149985193704,74.04627248533863,75.19132232666016,2523,0.0,0.0
2004-10-01 00:00:00-04:00,76.3363648844666,79.38981656784405,74.80963904277789,77.0997314453125,2165,0.0,0.0
2004-10-04 00:00:00-04:00,77.48141498405415,78.24478161916952,75.57300567626953,75.57300567626953,3470,0.0,0.0
2004-10-05 00:00:00-04:00,74.80964641492112,77.09973904313372,74.42796309688505,76.71805572509766,1878,0.0,0.0
2004-10-06 00:00:00-04:00,78.2447738647461,79.77149970366736,74.80963890717248,76.33636474609375,4998,0.0,0.0
2004-10-07 00:00:00-04:00,79.3898241316782,79.3898241316782,74.42796285344971,77.86309814453125,1285,0.0,0.0
2004-10-08 00:00:00-04:00,74.80964543988884,89.6952364092536,74.80964543988884,88.16851043701172,3243,0.0,0.0
2004-10-11 00:00:00-04:00,85.87841018817646,86.26009346723563,78.24477372700522,79.38981628417969,2803,0.0,0.0
2004-10-12 00:00:00-04:00,79.00814028512356,79.77149956323886,77.09973116983075,79.38981628417969,2010,0.0,0.0
2004-10-13 00:00:00-04:00,78.24477379276091,80.15318290965752,75.95468139648438,75.95468139648438,6535,0.0,0.0
2004-10-14 00:00:00-04:00,75.19132218690356,76.71804802582483,74.4279556274414,76.33636474609375,2243,0.0,0.0
2004-10-15 00:00:00-04:00,78.24477378895217,79.00814034767488,69.84777076301462,72.13786315917969,4620,0.0,0.0
2004-10-18 00:00:00-04:00,68.70273569467906,73.28292098632586,68.70273569467906,70.61114501953125,3040,0.0,0.0
2004-10-19 00:00:00-04:00,74.42795547852043,74.42795547852043,69.46609469195361,69.84777069091797,1648,0.0,0.0
2004-10-20 00:00:00-04:00,69.46609483094653,70.9928206698678,64.88591003417969,66.79431915283203,3468,0.0,0.0
2004-10-21 00:00:00-04:00,64.88591401235938,69.46609908993909,61.450778844176355,63.359188079833984,6700,0.0,0.0
2004-10-22 00:00:00-04:00,61.069091796875,65.64927659364184,61.069091796875,62.977500915527344,2005,0.0,0.0
2004-10-25 00:00:00-04:00,70.99282510445346,70.99282510445346,59.54236967728366,61.069095611572266,4628,0.0,0.0
2004-10-26 00:00:00-04:00,62.9775048494339,66.79432332515717,57.252277135849,61.069095611572266,8920,0.0,0.0
2004-10-27 00:00:00-04:00,59.160686217533346,63.35918798574609,59.160686217533346,62.595821380615234,9053,0.0,0.0
2004-10-28 00:00:00-04:00,63.35918823188166,63.740871535929834,58.77900314331055,58.77900314331055,4540,0.0,0.0
2004-10-29 00:00:00-04:00,62.2141385958672,62.2141385958672,56.10723118400386,56.488914489746094,5570,0.0,0.0
2004-11-01 00:00:00-05:00,59.16068644735873,62.97750492783348,56.87059390307317,58.77900314331055,6010,0.0,0.0
2004-11-02 00:00:00-05:00,62.97750493571722,63.35918823981318,55.72555127790806,60.30573272705078,16238,0.0,0.0
2004-11-03 00:00:00-05:00,62.977500915527344,63.7408674749895,58.39731975876202,59.160682678222656,4363,0.0,0.0
2004-11-04 00:00:00-05:00,61.450778991644285,61.83246229569246,58.397323479264124,58.77900314331055,13610,0.0,0.0
2004-11-05 00:00:00-05:00,64.88591009981124,77.86309066377287,62.97750097922855,69.08441162109375,50238,0.0,0.0
2004-11-08 00:00:00-05:00,71.7561799493269,73.28291306825122,64.88591003417969,66.79431915283203,31223,0.0,0.0
2004-11-09 00:00:00-05:00,67.17601015782056,68.70273617231568,65.64928414332543,67.55769348144531,19845,0.0,0.0
2004-11-10 00:00:00-05:00,68.32105125606849,84.7333755493164,67.17600859189005,84.7333755493164,35953,0.0,0.0
2004-11-11 00:00:00-05:00,84.73337523621791,94.6570977024385,80.15319003642095,85.11505126953125,29213,0.0,0.0
2004-11-12 00:00:00-05:00,87.40514386942974,87.40514386942974,83.97000860958386,85.11505126953125,7705,0.0,0.0
2004-11-15 00:00:00-05:00,83.97000122070312,95.80213921234827,79.38981642393628,93.51204681396484,10283,0.0,0.0
2004-11-16 00:00:00-05:00,96.18382974720191,109.92437061394196,89.69523534234965,101.14569091796875,23255,0.0,0.0
2004-11-17 00:00:00-05:00,103.05409247319558,115.26791375239036,97.71054839354902,109.16100311279297,23943,0.0,0.0
2004-11-18 00:00:00-05:00,109.92436232237378,110.68772888183594,99.61895744965295,103.05409240722656,9053,0.0,0.0
2004-11-19 00:00:00-05:00,103.81745889185842,103.81745889185842,95.8021391432953,96.94718170166016,4913,0.0,0.0
2004-11-22 00:00:00-05:00,96.94718164384719,108.3976363406796,96.94718164384719,106.1075439453125,6355,0.0,0.0
2004-11-23 00:00:00-05:00,113.35950455995044,114.12286383940955,101.5273665683053,104.9625015258789,4875,0.0,0.0
2004-11-24 00:00:00-05:00,110.6877366450795,110.6877366450795,104.58082558107441,108.77932739257812,2045,0.0,0.0
2004-11-26 00:00:00-05:00,108.77932752881732,108.77932752881732,103.05409976414272,106.87091827392578,898,0.0,0.0
2004-11-29 00:00:00-05:00,111.06941223393208,112.59613807384805,102.67240919438966,107.25259399414062,5545,0.0,0.0
2004-11-30 00:00:00-05:00,104.96250948565334,110.68773727577988,99.23728169552679,101.52737426757812,3978,0.0,0.0
2004-12-01 00:00:00-05:00,100.00064805134393,104.58082590346434,99.61896474366634,102.29073333740234,3603,0.0,0.0
2004-12-02 00:00:00-05:00,104.96250166717692,104.96250166717692,97.32886518229134,103.81745910644531,6568,0.0,0.0
2004-12-03 00:00:00-05:00,105.7258759736674,105.7258759736674,99.61896488233579,100.38232421875,4688,0.0,0.0
2004-12-06 00:00:00-05:00,102.67240912749548,108.39763648345252,96.18382249207934,104.9625015258789,2985,0.0,0.0
2004-12-07 00:00:00-05:00,106.87091057798048,120.99314095921484,105.72586801950334,112.2144546508789,20873,0.0,0.0
2004-12-08 00:00:00-05:00,106.8709183585818,117.55800728243855,106.8709183585818,107.63428497314453,6738,0.0,0.0
2004-12-09 00:00:00-05:00,104.96250933879404,107.63428521578295,101.52737412552513,103.43578338623047,7975,0.0,0.0
2004-12-10 00:00:00-05:00,103.05409247436941,108.7793198340566,96.56549855472271,107.25259399414062,8150,0.0,0.0
2004-12-13 00:00:00-05:00,110.30605299442973,116.03128073407146,107.25260111195557,114.88623809814453,8408,0.0,0.0
2004-12-14 00:00:00-05:00,114.50455424680204,127.86341890892895,110.68773577190865,124.80996704101562,15005,0.0,0.0
2004-12-15 00:00:00-05:00,125.95500168602426,127.86341080247918,116.03127282445811,121.37481689453125,5313,0.0,0.0
2004-12-16 00:00:00-05:00,124.04660031774588,127.48174276593241,121.3748244758238,126.71837615966797,5040,0.0,0.0
2004-12-17 00:00:00-05:00,127.10005199405413,131.29856104227034,122.13819090071401,125.19164276123047,6705,0.0,0.0
2004-12-20 00:00:00-05:00,120.99314818153083,128.2450945247729,120.99314818153083,124.42827606201172,5820,0.0,0.0
2004-12-21 00:00:00-05:00,131.29856133298503,131.29856133298503,125.19164303842354,127.48174285888672,3645,0.0,0.0
2004-12-22 00:00:00-05:00,124.42826883798851,146.56582628475252,124.42826883798851,138.1688232421875,42308,0.0,0.0
2004-12-23 00:00:00-05:00,141.22228201569405,146.94750966497895,138.16883018141013,146.18414306640625,15405,0.0,0.0
2004-12-27 00:00:00-05:00,146.94750228087102,151.52768708214614,140.4589083590651,141.9856414794922,4850,0.0,0.0
2004-12-28 00:00:00-05:00,139.31388168275126,148.47425232972978,129.77183499215184,135.11538696289062,6913,0.0,0.0
2004-12-29 00:00:00-05:00,136.26043013967538,137.40547283462905,126.3366928100586,126.3366928100586,7865,0.0,0.0
2004-12-30 00:00:00-05:00,131.29856813253517,133.58865351158784,125.95501616806854,132.82528686523438,3665,0.0,0.0
2004-12-31 00:00:00-05:00,133.20697021484375,138.93219791072517,131.2985609828833,133.20697021484375,6543,0.0,0.0
2005-01-03 00:00:00-05:00,129.39014420322647,135.4970475652641,127.86341108271402,134.3520050048828,6388,0.0,0.0
2005-01-04 00:00:00-05:00,129.00846880495573,133.58865414477825,120.22978873030043,126.3366928100586,7778,0.0,0.0
2005-01-05 00:00:00-05:00,124.04660066334995,126.7183765127158,116.41296369945148,117.93968963623047,10210,0.0,0.0
2005-01-06 00:00:00-05:00,116.41295623779297,120.22977447509766,116.41295623779297,118.32136535644531,4155,0.0,0.0
2005-01-07 00:00:00-05:00,116.41296391190468,126.33668615908063,116.41296391190468,116.79464721679688,5195,0.0,0.0
2005-01-10 00:00:00-05:00,120.61146537921297,127.1000524248014,120.61146537921297,122.90155792236328,11090,0.0,0.0
2005-01-11 00:00:00-05:00,123.28323427995011,123.28323427995011,115.6495973021203,116.79464721679688,5380,0.0,0.0
2005-01-12 00:00:00-05:00,116.41295623779297,118.32136535644531,109.16100304291467,116.41295623779297,18053,0.0,0.0
2005-01-13 00:00:00-05:00,112.97782871959156,119.08473975740799,112.59614541472736,113.7411880493164,4735,0.0,0.0
2005-01-14 00:00:00-05:00,114.50454725797168,117.17632293932557,113.74118069758399,115.26791381835938,6015,0.0,0.0
2005-01-18 00:00:00-05:00,116.03128060701249,116.79464721679688,112.59614542298978,116.79464721679688,6890,0.0,0.0
2005-01-19 00:00:00-05:00,114.50455470393962,119.0847398040986,112.59614545887395,114.12287139892578,7635,0.0,0.0
2005-01-20 00:00:00-05:00,112.21446219756375,115.64959738401909,109.54269362143337,114.50455474853516,15215,0.0,0.0
2005-01-21 00:00:00-05:00,114.122871798196,114.5045551045452,108.39764404296875,108.39764404296875,4255,0.0,0.0
2005-01-24 00:00:00-05:00,107.25259378299756,108.77931961990795,105.72586794608719,106.1075439453125,5653,0.0,0.0
2005-01-25 00:00:00-05:00,106.87091918945312,109.5426950811909,91.98532832978002,95.42046356201172,17100,0.0,0.0
2005-01-26 00:00:00-05:00,95.42045586383934,99.23727409839292,91.98532090874173,96.94718170166016,9118,0.0,0.0
2005-01-27 00:00:00-05:00,96.18382966846289,101.9090574515856,96.18382966846289,100.38232421875,4150,0.0,0.0
2005-01-28 00:00:00-05:00,97.32886512370435,98.85559096376184,85.87841040326855,93.89373016357422,14593,0.0,0.0
2005-01-31 00:00:00-05:00,93.51205390540025,104.96250948565334,93.51205390540025,101.52737426757812,8198,0.0,0.0
2005-02-01 00:00:00-05:00,105.34419250488281,105.34419250488281,101.90905729624608,105.34419250488281,3235,0.0,0.0
2005-02-02 00:00:00-05:00,106.87091078839833,107.25259406864322,101.90904998522392,103.81745910644531,4850,0.0,0.0
2005-02-03 00:00:00-05:00,104.58081824614783,105.72586808534106,103.05409240722656,103.05409240722656,2590,0.0,0.0
2005-02-04 00:00:00-05:00,101.14568328857422,104.58081824614783,100.38231672911206,103.05409240722656,3148,0.0,0.0
2005-02-07 00:00:00-05:00,106.10755188226726,106.10755188226726,103.05409998004514,105.72587585449219,4425,0.0,0.0
2005-02-08 00:00:00-05:00,114.5045472603089,118.70304878252084,109.1610031774951,113.35950469970703,17545,0.0,0.0
2005-02-09 00:00:00-05:00,122.13819134424604,129.39015227931344,114.88623768918214,120.22978210449219,20955,0.0,0.0
2005-02-10 00:00:00-05:00,118.70304878009792,123.66491686261186,115.26791381835938,115.26791381835938,3615,0.0,0.0
2005-02-11 00:00:00-05:00,114.50455487784693,114.50455487784693,108.77932713395458,112.59614562988281,4540,0.0,0.0
2005-02-14 00:00:00-05:00,109.16100311279297,114.88623047241495,100.76400007334618,109.16100311279297,9325,0.0,0.0
2005-02-15 00:00:00-05:00,106.48923462038701,113.35951228363996,104.9625086774431,109.92436981201172,4560,0.0,0.0
2005-02-16 00:00:00-05:00,112.59614599352527,112.59614599352527,104.96250897701509,106.4892349243164,3428,0.0,0.0
2005-02-17 00:00:00-05:00,106.10754415420136,111.45109551391184,101.14568335447368,107.25259399414062,6678,0.0,0.0
2005-02-18 00:00:00-05:00,109.92437040004671,109.92437040004671,105.72587585449219,105.72587585449219,2225,0.0,0.0
2005-02-22 00:00:00-05:00,110.68772888183594,110.68772888183594,101.14568328857422,104.9625015258789,2238,0.0,0.0
2005-02-23 00:00:00-05:00,102.67241654906434,105.72587572762603,100.76400729246461,104.58082580566406,3910,0.0,0.0
2005-02-24 00:00:00-05:00,104.96250159426513,107.25259399414062,102.67240919438966,107.25259399414062,5000,0.0,0.0
2005-02-25 00:00:00-05:00,106.87091780186462,112.9778288465433,103.05409930894089,111.83277893066406,4318,0.0,0.0
2005-02-28 00:00:00-05:00,112.97782880788873,119.46641587563693,107.25260107046196,114.50455474853516,7045,0.0,0.0
2005-03-01 00:00:00-05:00,118.70305600045849,129.00846151252185,114.50455422294964,127.48174285888672,11745,0.0,0.0
2005-03-02 00:00:00-05:00,123.28324069601041,133.20697801965693,122.13819800174561,130.5352020263672,11958,0.0,0.0
2005-03-03 00:00:00-05:00,134.35200486512622,141.22227478027344,130.53518662782153,137.40545654296875,20553,0.0,0.0
2005-03-04 00:00:00-05:00,137.40546506753955,143.89405938550811,127.48174285888672,127.48174285888672,13810,0.0,0.0
2005-03-07 00:00:00-05:00,126.33667783078272,137.78713254269678,125.95500183105469,129.77182006835938,4365,0.0,0.0
2005-03-08 00:00:00-05:00,127.86341094970703,129.77182006835938,122.51985959347803,125.95500183105469,2900,0.0,0.0
2005-03-09 00:00:00-05:00,124.80996706815222,126.71837630601385,117.93968944384824,122.13819122314453,4075,0.0,0.0
2005-03-10 00:00:00-05:00,120.99314075852963,124.0465924294061,120.229774200809,122.51985931396484,3808,0.0,0.0
2005-03-11 00:00:00-05:00,124.04659256956936,127.86341080247918,118.7030484994962,121.37481689453125,1968,0.0,0.0
2005-03-14 00:00:00-05:00,120.22978210449219,125.19164321585079,118.70305616868983,120.22978210449219,2273,0.0,0.0
2005-03-15 00:00:00-05:00,125.95500957782453,125.95500957782453,120.2297818697416,124.04660034179688,4750,0.0,0.0
2005-03-16 00:00:00-05:00,125.19164321585079,127.86341906350758,116.79464692893598,120.22978210449219,3038,0.0,0.0
2005-03-17 00:00:00-05:00,120.61145790106411,122.13818374183646,112.59613813700548,115.26791381835938,3820,0.0,0.0
2005-03-18 00:00:00-05:00,115.26792083526105,124.04660041410393,114.50455422840363,121.75650787353516,3838,0.0,0.0
2005-03-21 00:00:00-05:00,127.48174313577248,127.86341916000849,114.88623777588893,120.99314880371094,7140,0.0,0.0
2005-03-22 00:00:00-05:00,119.4664077758789,124.04659256728766,118.7030484973128,119.4664077758789,9375,0.0,0.0
2005-03-23 00:00:00-05:00,117.93968207671423,122.13818359375,116.41295623779297,116.41295623779297,2060,0.0,0.0
2005-03-24 00:00:00-05:00,114.88623797233943,119.4664157910352,112.59614542298978,116.79464721679688,3170,0.0,0.0
2005-03-28 00:00:00-05:00,116.41296399434407,117.9396899349905,114.50455474853516,114.50455474853516,4525,0.0,0.0
2005-03-29 00:00:00-05:00,114.50455474853516,119.46641587563693,114.50455474853516,114.50455474853516,2715,0.0,0.0
2005-03-30 00:00:00-05:00,116.03127322032117,123.6649169921875,116.03127322032117,123.6649169921875,2950,0.0,0.0
2005-03-31 00:00:00-05:00,124.04660020490697,129.77182790667192,117.55800589757197,128.6267852783203,6785,0.0,0.0
2005-04-01 00:00:00-05:00,128.24509518424452,128.62678576848757,119.84809889099233,120.99314880371094,3538,0.0,0.0
2005-04-04 00:00:00-04:00,118.32137290952932,123.66492460686571,118.32137290952932,120.61146545410156,9338,0.0,0.0
2005-04-05 00:00:00-04:00,122.13818386561692,126.33667811199506,122.13818386561692,125.57332611083984,4285,0.0,0.0
2005-04-06 00:00:00-04:00,122.9015577121817,129.00846144346735,122.9015577121817,124.04660034179688,2018,0.0,0.0
2005-04-07 00:00:00-04:00,123.66491671267431,130.53518662782153,123.66491671267431,127.86341094970703,2373,0.0,0.0
2005-04-08 00:00:00-04:00,130.535186343317,130.535186343317,124.80995899983826,128.24508666992188,2175,0.0,0.0
2005-04-11 00:00:00-04:00,125.19163512744109,127.48173480319062,121.37481689453125,121.37481689453125,1878,0.0,0.0
2005-04-12 00:00:00-04:00,120.2297821500056,121.75650808638592,118.32137290952932,120.61146545410156,1093,0.0,0.0
2005-04-13 00:00:00-04:00,121.3748247363431,122.13819134424604,120.22978210449219,120.22978210449219,1100,0.0,0.0
2005-04-14 00:00:00-04:00,120.229774200809,124.80995898712675,120.229774200809,122.51985931396484,2118,0.0,0.0
2005-04-15 00:00:00-04:00,121.37482476709584,122.51986739923687,109.16100999757873,117.5580062866211,6850,0.0,0.0
2005-04-18 00:00:00-04:00,113.7411804287116,124.4282685688579,113.7411804287116,121.37481689453125,2990,0.0,0.0
2005-04-19 00:00:00-04:00,123.66491644314371,129.77181978551863,123.66491644314371,128.24508666992188,4470,0.0,0.0
2005-04-20 00:00:00-04:00,130.91686262754956,130.91686262754956,124.42826871213038,127.86341094970703,2653,0.0,0.0
2005-04-21 00:00:00-04:00,130.91686262754956,132.44359574647387,120.22977447509766,129.77182006835938,3308,0.0,0.0
2005-04-22 00:00:00-04:00,128.62678520431584,129.77182783200863,114.12287066685396,125.19164276123047,8485,0.0,0.0
2005-04-25 00:00:00-04:00,123.66491671267431,127.481734949979,120.22977447509766,125.95500183105469,2003,0.0,0.0
2005-04-26 00:00:00-04:00,125.955009793228,125.955009793228,121.3748247069274,122.90155792236328,4185,0.0,0.0
2005-04-27 00:00:00-04:00,122.51986724671406,123.28323385386011,120.2297819852829,122.13819122314453,1453,0.0,0.0
2005-04-28 00:00:00-04:00,119.08473985047797,121.37482512144585,113.74118813821018,114.50455474853516,5613,0.0,0.0
2005-04-29 00:00:00-04:00,116.79464765916862,121.75650880155014,103.43578289736837,111.45110321044922,15750,0.0,0.0
2005-05-02 00:00:00-04:00,110.68773659777351,122.5198681342223,103.0540995910305,111.45110321044922,3845,0.0,0.0
2005-05-03 00:00:00-04:00,108.7793198950731,120.22977462087026,108.7793198950731,115.26791381835938,2443,0.0,0.0
2005-05-04 00:00:00-04:00,113.35950455995044,127.481734949979,111.4510954412981,125.95500183105469,4415,0.0,0.0
2005-05-05 00:00:00-04:00,131.68022888660033,137.405456229496,116.7946392510722,122.51985931396484,11770,0.0,0.0
2005-05-06 00:00:00-04:00,125.57333350693327,132.4436038420223,124.04660029468816,129.39015197753906,7528,0.0,0.0
2005-05-09 00:00:00-04:00,129.39015175092283,134.35201284201864,124.80996668221628,133.20697021484375,2915,0.0,0.0
2005-05-10 00:00:00-04:00,132.4436038420223,135.49705570650553,126.7183761361136,129.39015197753906,1915,0.0,0.0
2005-05-11 00:00:00-04:00,129.00846088935677,132.82527934501826,125.95500903682897,130.9168701171875,1258,0.0,0.0
2005-05-12 00:00:00-04:00,129.39014435664038,132.82527204185718,122.13818386561692,125.57332611083984,2310,0.0,0.0
2005-05-13 00:00:00-04:00,128.24508679940882,129.7718199165471,116.79463938089299,119.4664077758789,3178,0.0,0.0
2005-05-16 00:00:00-04:00,122.51986712897197,125.19164297141207,120.99314847615405,124.04660034179688,4585,0.0,0.0
2005-05-17 00:00:00-04:00,124.04659271240234,130.91686262754956,117.17632279725512,129.77182006835938,5670,0.0,0.0
2005-05-18 00:00:00-04:00,129.7718353768547,133.58865406440927,125.95501668930015,130.5352020263672,5848,0.0,0.0
2005-05-19 00:00:00-04:00,137.40544883802534,143.13067587294304,135.4970398263861,138.5504913330078,15055,0.0,0.0
2005-05-20 00:00:00-04:00,139.6955495271471,140.45891612959193,135.49705505371094,135.49705505371094,5955,0.0,0.0
2005-05-23 00:00:00-04:00,138.93220547605446,138.93220547605446,129.00846819347473,132.82528686523438,3100,0.0,0.0
2005-05-24 00:00:00-04:00,129.0084605865609,137.02378806064135,129.0084605865609,133.97032165527344,2235,0.0,0.0
2005-05-25 00:00:00-04:00,134.3520123167371,141.22228261293245,132.44360309223802,140.07723999023438,6175,0.0,0.0
2005-05-26 00:00:00-04:00,139.3138656616211,157.63459028868238,139.3138656616211,152.6727294921875,17488,0.0,0.0
2005-05-27 00:00:00-04:00,154.96282265822776,156.1078798368901,147.32918578718193,152.2910614013672,5230,0.0,0.0
2005-05-31 00:00:00-04:00,152.67273732004742,155.3445131351496,148.09255228844464,151.52769470214844,7815,0.0,0.0
2005-06-01 00:00:00-04:00,154.19947051725063,156.48955575304862,151.52769470214844,151.52769470214844,8248,0.0,0.0
2005-06-02 00:00:00-04:00,150.76432773280285,161.45141640692424,150.76432773280285,159.1613311767578,8438,0.0,0.0
2005-06-03 00:00:00-04:00,154.96281461056788,160.6880419665249,154.58113861083984,160.30636596679688,4425,0.0,0.0
2005-06-06 00:00:00-04:00,162.21477481298797,170.23008727386258,155.34450490938028,166.41326904296875,10990,0.0,0.0
2005-06-07 00:00:00-04:00,168.70336885983548,171.7568205351254,162.21477494984066,167.1766357421875,8213,0.0,0.0
2005-06-08 00:00:00-04:00,167.9400181945232,168.7033848255907,159.1613383372655,165.64993286132812,8223,0.0,0.0
2005-06-09 00:00:00-04:00,166.0315930373355,166.0315930373355,158.3979565758488,162.59645080566406,6103,0.0,0.0
2005-06-10 00:00:00-04:00,160.3063813585108,164.5048759986593,160.3063813585108,161.83311462402344,5020,0.0,0.0
2005-06-13 00:00:00-04:00,161.8330992228897,167.5583265836994,160.30636610267135,164.8865509033203,5153,0.0,0.0
2005-06-14 00:00:00-04:00,165.26823397984202,172.13850419498428,162.21478216866845,168.32168579101562,4388,0.0,0.0
2005-06-15 00:00:00-04:00,167.94000961202244,175.5736464125689,164.50486722777384,172.1385040283203,12498,0.0,0.0
2005-06-16 00:00:00-04:00,169.84841169765082,175.5736390582458,167.55832657741527,172.5201873779297,8670,0.0,0.0
2005-06-17 00:00:00-04:00,173.66523732006817,174.04691333632937,169.46674290116812,172.90187072753906,8063,0.0,0.0
2005-06-20 00:00:00-04:00,171.7568279580568,179.77214077209675,169.84841875852283,176.71868896484375,8363,0.0,0.0
2005-06-21 00:00:00-04:00,177.48206298179997,180.1538388849253,171.7568351436774,177.86373901367188,6428,0.0,0.0
2005-06-22 00:00:00-04:00,180.9172063448363,181.29888237847223,168.32169339474706,171.7568359375,8723,0.0,0.0
2005-06-23 00:00:00-04:00,175.1919709666145,175.1919709666145,159.54300673856886,166.03160095214844,11278,0.0,0.0
2005-06-24 00:00:00-04:00,162.97815645287284,177.10038812602713,162.97815645287284,167.9400177001953,51553,0.0,0.0
2005-06-27 00:00:00-04:00,167.55832615363528,171.75682038345053,157.63459001769894,162.59645080566406,14623,0.0,0.0
2005-06-28 00:00:00-04:00,163.35982535537363,167.55833435058594,159.92469751566188,167.55833435058594,3628,0.0,0.0
2005-06-29 00:00:00-04:00,167.9400192955355,169.84842860571203,152.67274481412318,153.4361114501953,8513,0.0,0.0
2005-06-30 00:00:00-04:00,153.436103341806,162.2147827927039,153.436103341806,157.6345977783203,9435,0.0,0.0
2005-07-01 00:00:00-04:00,157.63459000435,159.16132312052048,153.43609577489028,154.9628143310547,5778,0.0,0.0
2005-07-05 00:00:00-04:00,154.96282209545436,164.12319213144468,152.67273686646018,163.74151611328125,6158,0.0,0.0
2005-07-06 00:00:00-04:00,162.59645881056636,169.8484196300076,157.25292176045784,157.6345977783203,4163,0.0,0.0
2005-07-07 00:00:00-04:00,156.48954745401045,158.77963256835938,154.58113833871764,158.77963256835938,3463,0.0,0.0
2005-07-08 00:00:00-04:00,158.39795697936395,168.703369140625,156.87122385917488,168.703369140625,6075,0.0,0.0
2005-07-11 00:00:00-04:00,170.61178567678547,171.75682828669542,160.6880490842168,169.08505249023438,8450,0.0,0.0
2005-07-12 00:00:00-04:00,168.32167815841566,170.23008727386258,165.2682264857018,166.41326904296875,4200,0.0,0.0
2005-07-13 00:00:00-04:00,166.7949676513672,168.70337685891144,162.2147826412597,166.7949676513672,1700,0.0,0.0
2005-07-14 00:00:00-04:00,167.55833424638624,170.9934620839618,165.26823446132911,166.7949676513672,3185,0.0,0.0
2005-07-15 00:00:00-04:00,166.0316005726371,171.75682817859013,166.0316005726371,168.32168579101562,14493,0.0,0.0
2005-07-18 00:00:00-04:00,171.37515168555817,185.11569207762673,167.1766427168657,179.7721405029297,27113,0.0,0.0
2005-07-19 00:00:00-04:00,181.29888154054834,183.20729081992255,175.57365370242576,177.86373901367188,10258,0.0,0.0
2005-07-20 00:00:00-04:00,176.7186816041048,194.27605424451642,176.7186816041048,191.60427856445312,23685,0.0,0.0
2005-07-21 00:00:00-04:00,191.98595469273587,200.00128173828125,187.40576988956798,200.00128173828125,22130,0.0,0.0
2005-07-22 00:00:00-04:00,199.23792922015267,209.5433421136102,195.03942012133294,208.39828491210938,22298,0.0,0.0
2005-07-25 00:00:00-04:00,206.10818510250107,209.54332734487852,198.85622461748468,200.00128173828125,8665,0.0,0.0
2005-07-26 00:00:00-04:00,200.00128899563313,200.7646410238554,191.60428564512824,195.03941345214844,7293,0.0,0.0
2005-07-27 00:00:00-04:00,193.8943792046983,198.47456437142498,191.98596993189616,192.36766052246094,7278,0.0,0.0
2005-07-28 00:00:00-04:00,192.36765259844572,195.80278041198537,190.84091941909034,192.74932861328125,6428,0.0,0.0
2005-07-29 00:00:00-04:00,192.3676523423998,198.4745559316796,190.8409191650765,195.8027801513672,7650,0.0,0.0
2005-08-01 00:00:00-04:00,198.47456367939094,201.90970618246018,196.18447838401622,199.23793029785156,12220,0.0,0.0
2005-08-02 00:00:00-04:00,201.146347851798,201.146347851798,183.2072970988658,191.98597717285156,14560,0.0,0.0
2005-08-03 00:00:00-04:00,189.69588528179625,191.2226039692912,172.1385111755493,177.86373901367188,24365,0.0,0.0
2005-08-04 00:00:00-04:00,177.86373121681567,189.31418639111726,177.48205520167494,188.93251037597656,10325,0.0,0.0
2005-08-05 00:00:00-04:00,188.93251037597656,190.45924355655276,183.58895880396648,188.93251037597656,6835,0.0,0.0
2005-08-08 00:00:00-04:00,187.4057774606208,190.84091984177545,182.82560703242356,185.87905883789062,4520,0.0,0.0
2005-08-09 00:00:00-04:00,185.11570033193524,186.2607429889973,175.95532995542416,180.15383911132812,3495,0.0,0.0
2005-08-10 00:00:00-04:00,178.6270981643777,180.15383134800757,175.95532237302882,176.71868896484375,3728,0.0,0.0
2005-08-11 00:00:00-04:00,175.9553225850766,180.15383156511507,167.17664316864233,178.24542236328125,4973,0.0,0.0
2005-08-12 00:00:00-04:00,177.86372431511398,180.15382399711484,173.66523007145489,177.10037231445312,5225,0.0,0.0
2005-08-15 00:00:00-04:00,176.33700547547778,187.78746018739184,173.66522979736328,183.207275390625,15583,0.0,0.0
2005-08-16 00:00:00-04:00,183.97064947162215,184.7340160622941,179.39046448759706,179.7721405029297,18828,0.0,0.0
2005-08-17 00:00:00-04:00,179.39047194378227,184.7340237405787,172.52020146219206,181.68055725097656,17113,0.0,0.0
2005-08-18 00:00:00-04:00,182.0622481450093,186.64243332702355,176.71869633932482,184.73402404785156,4398,0.0,0.0
2005-08-19 00:00:00-04:00,184.7340158216821,195.03941382230767,184.7340158216821,192.74932861328125,13960,0.0,0.0
2005-08-22 00:00:00-04:00,194.65773802698467,197.32951381386619,189.69587702849424,194.27606201171875,6370,0.0,0.0
2005-08-23 00:00:00-04:00,194.2760697952631,197.71119775030263,190.8409272802163,192.36766052246094,16725,0.0,0.0
2005-08-24 00:00:00-04:00,191.98596224010316,206.1081932050426,187.02410124161273,194.27606201171875,16928,0.0,0.0
2005-08-25 00:00:00-04:00,195.03941342005854,202.2913741670302,195.03941342005854,199.61959838867188,10760,0.0,0.0
2005-08-26 00:00:00-04:00,196.56614696028768,200.38296534786608,193.13100458746445,197.3295135498047,3858,0.0,0.0
2005-08-29 00:00:00-04:00,199.23792285392975,199.23792285392975,194.65773787429788,198.09288024902344,4935,0.0,0.0
2005-08-30 00:00:00-04:00,197.32952147651704,198.4745641267855,188.55084174444914,190.0775604248047,13883,0.0,0.0
2005-08-31 00:00:00-04:00,191.98596187604667,198.85623205785225,187.40577690150744,196.56614685058594,8023,0.0,0.0
2005-09-01 00:00:00-04:00,196.184478907499,198.47456420898436,188.16915123228566,190.84092712402344,5443,0.0,0.0
2005-09-02 00:00:00-04:00,188.93250986633032,195.03941345214844,188.93250986633032,195.03941345214844,1775,0.0,0.0
2005-09-06 00:00:00-04:00,193.5126878137939,200.00128173828125,191.60427869247442,200.00128173828125,8510,0.0,0.0
2005-09-07 00:00:00-04:00,199.61959102681837,219.46704878550912,195.42109678709804,218.32200622558594,28338,0.0,0.0
2005-09-08 00:00:00-04:00,215.6502376803647,222.90219839981324,213.36015248475286,217.94032287597656,12078,0.0,0.0
2005-09-09 00:00:00-04:00,217.94032297290576,226.3373262938948,216.41360436182103,223.28387451171875,8153,0.0,0.0
2005-09-12 00:00:00-04:00,225.1922761426542,225.1922761426542,217.17696366327405,222.13882446289062,9115,0.0,0.0
2005-09-13 00:00:00-04:00,222.1388398082227,224.8106156725842,211.45175091078394,222.90220642089844,8820,0.0,0.0
2005-09-14 00:00:00-04:00,222.90219905794763,224.04724165913436,206.87155896131327,208.0166015625,5585,0.0,0.0
2005-09-15 00:00:00-04:00,207.63491793337744,212.97845472960034,203.43640913633863,209.9250030517578,5125,0.0,0.0
2005-09-16 00:00:00-04:00,211.83341245557526,211.83341245557526,202.6730428497101,207.63491821289062,9275,0.0,0.0
2005-09-19 00:00:00-04:00,206.48986905834076,206.87155963331398,194.27606185933132,198.09288024902344,7868,0.0,0.0
2005-09-20 00:00:00-04:00,198.85623176931838,209.54333488107224,197.71118916734665,204.1997833251953,5973,0.0,0.0
2005-09-21 00:00:00-04:00,204.1997914778349,204.5814675070616,198.47456367939094,199.23793029785156,8463,0.0,0.0
2005-09-22 00:00:00-04:00,198.09288657865898,208.7799754992787,191.22260160968253,208.39828491210938,18708,0.0,0.0
2005-09-23 00:00:00-04:00,207.63493241357816,220.9937971757751,200.76464745929974,216.7952880859375,9090,0.0,0.0
2005-09-26 00:00:00-04:00,220.61210658942232,221.37547320212073,212.596793556107,216.7952880859375,7245,0.0,0.0
2005-09-27 00:00:00-04:00,221.37545747724494,227.86405138426886,211.8334118963292,216.0319061279297,9298,0.0,0.0
2005-09-28 00:00:00-04:00,216.03191369296448,222.52050782720687,212.5967858995467,217.94032287597656,8163,0.0,0.0
2005-09-29 00:00:00-04:00,219.46705663732502,220.99378981184816,216.79528086191277,217.17697143554688,6203,0.0,0.0
2005-09-30 00:00:00-04:00,217.9403298930384,233.58929443359375,216.79528725836533,233.58929443359375,17005,0.0,0.0
2005-10-03 00:00:00-04:00,231.2991943359375,238.93283130491244,227.864066435903,231.2991943359375,11028,0.0,0.0
2005-10-04 00:00:00-04:00,232.82593594078259,238.55116387375264,227.1007080078125,227.1007080078125,10270,0.0,0.0
2005-10-05 00:00:00-04:00,227.86405182244962,232.82591262206623,216.7952731032998,222.13882446289062,8713,0.0,0.0
2005-10-06 00:00:00-04:00,220.23043082399437,227.1007012264052,214.50520306198413,219.08538818359375,6353,0.0,0.0
2005-10-07 00:00:00-04:00,219.46705663732502,226.71901737630012,211.8334198847224,217.17697143554688,4140,0.0,0.0
2005-10-10 00:00:00-04:00,217.9403315412037,218.32202212898594,208.39828524675508,211.45175170898438,2373,0.0,0.0
2005-10-11 00:00:00-04:00,210.30668728930797,214.1235056761194,201.14633189696448,201.90969848632812,6623,0.0,0.0
2005-10-12 00:00:00-04:00,199.61959075792836,204.19977555145758,189.6958691719534,197.711181640625,11673,0.0,0.0
2005-10-13 00:00:00-04:00,197.32952738635245,208.01661670893859,195.80279410026543,206.48988342285156,3545,0.0,0.0
2005-10-14 00:00:00-04:00,208.39827721601898,213.36015274592955,204.19978283225564,210.3066864013672,12185,0.0,0.0
2005-10-17 00:00:00-04:00,209.54334245009466,214.12351302342427,208.01660921898,211.45175170898438,3263,0.0,0.0
2005-10-18 00:00:00-04:00,212.9784780487099,220.23043931761174,206.48988342285156,206.48988342285156,7343,0.0,0.0
2005-10-19 00:00:00-04:00,203.81811459249215,212.59679426789756,201.52801474672955,210.68838500976562,9853,0.0,0.0
2005-10-20 00:00:00-04:00,212.5967787298723,214.12349728879053,203.0547331366106,206.10818481445312,5890,0.0,0.0
2005-10-21 00:00:00-04:00,204.5814669236102,211.07006132200982,204.19979089547203,206.87156677246094,2518,0.0,0.0
2005-10-24 00:00:00-04:00,208.01659393310547,211.070045610948,204.19977569580078,209.9250030517578,2770,0.0,0.0
2005-10-25 00:00:00-04:00,209.1616445710332,209.92501115997993,198.09287999132917,201.14633178710938,3265,0.0,0.0
2005-10-26 00:00:00-04:00,200.76464897476563,206.10820074398288,197.7111970609303,199.23793029785156,5125,0.0,0.0
2005-10-27 00:00:00-04:00,198.47455630820374,200.00128948842337,193.5126953125,193.5126953125,5750,0.0,0.0
2005-10-28 00:00:00-04:00,195.03941374206218,203.81810767973383,191.98596194461436,201.90969848632812,2380,0.0,0.0
2005-10-31 00:00:00-05:00,201.9097053343602,215.26857014128367,201.9097053343602,210.68838500976562,5058,0.0,0.0
2005-11-01 00:00:00-05:00,209.92501115997993,210.68837774892663,198.85623202026923,201.14633178710938,5425,0.0,0.0
2005-11-02 00:00:00-05:00,201.14633847597787,213.36016062526062,200.38297186164635,208.39828491210938,7628,0.0,0.0
2005-11-03 00:00:00-05:00,209.9250176916662,218.70369733767993,208.39828446626942,216.7952880859375,17763,0.0,0.0
2005-11-04 00:00:00-05:00,218.32201380974746,218.32201380974746,213.36015283770908,215.65023803710938,6780,0.0,0.0
2005-11-07 00:00:00-05:00,219.46704878550912,220.23041534545993,211.83341230601314,218.32200622558594,5318,0.0,0.0
2005-11-08 00:00:00-05:00,214.1235047518222,218.32201369519527,204.19978281295238,214.88687133789062,5538,0.0,0.0
2005-11-09 00:00:00-05:00,210.30668660140137,221.7571417243816,209.92501058797131,216.41360473632812,4565,0.0,0.0
2005-11-10 00:00:00-05:00,216.79528074975815,218.3220139234915,210.30668660140137,216.41360473632812,3570,0.0,0.0
2005-11-11 00:00:00-05:00,215.65023801528906,221.3754655732171,213.74182882931308,220.2304229736328,5140,0.0,0.0
2005-11-14 00:00:00-05:00,221.37546571095157,225.19228408527835,213.36015294886806,216.41360473632812,4838,0.0,0.0
2005-11-15 00:00:00-05:00,216.79528741189182,234.3526612093381,212.97846892027397,229.0091094970703,19335,0.0,0.0
2005-11-16 00:00:00-05:00,225.19228367903202,232.44424440117297,225.19228367903202,227.8640594482422,14803,0.0,0.0
2005-11-17 00:00:00-05:00,227.10069194206184,250.0016020538664,215.26856087496543,244.65805053710938,45185,0.0,0.0
2005-11-18 00:00:00-05:00,248.47487728600876,248.47487728600876,235.1160126026748,241.22293090820312,14895,0.0,0.0
2005-11-21 00:00:00-05:00,243.1313324041888,245.03972702386974,235.4976956854388,238.5511474609375,8655,0.0,0.0
2005-11-22 00:00:00-05:00,237.78779615311174,245.03974276580252,236.26107744728566,239.3145294189453,7965,0.0,0.0
2005-11-23 00:00:00-05:00,238.55114722876672,244.27637476225712,236.26106203937317,237.0244140625,4563,0.0,0.0
2005-11-25 00:00:00-05:00,236.26107695846562,242.3679808891499,236.26107695846562,241.6046142578125,2585,0.0,0.0
2005-11-28 00:00:00-05:00,243.89469899507836,243.89469899507836,227.48236840128865,233.97096252441406,8050,0.0,0.0
2005-11-29 00:00:00-05:00,233.20760366894672,237.40611273952123,230.15415179216976,232.06256103515625,2333,0.0,0.0
2005-11-30 00:00:00-05:00,230.53584264244103,236.6427464030326,230.53584264244103,234.3526611328125,3175,0.0,0.0
2005-12-01 00:00:00-05:00,236.64273071289062,265.2688674926758,235.87936415342847,259.54364013671875,24068,0.0,0.0
2005-12-02 00:00:00-05:00,254.5817872541117,268.3223574174042,248.47488335932323,256.1085205078125,12450,0.0,0.0
2005-12-05 00:00:00-05:00,258.0169075921133,259.16196471385837,250.00159509993463,251.1466522216797,2965,0.0,0.0
2005-12-06 00:00:00-05:00,255.7268592662427,267.17731565129833,251.91004047122416,262.97882080078125,10465,0.0,0.0
2005-12-07 00:00:00-05:00,267.1772837121286,271.3757780607452,259.1619710247673,266.0322265625,13150,0.0,0.0
2005-12-08 00:00:00-05:00,267.17728464226974,269.4673698294866,248.47486889330827,253.81842041015625,11850,0.0,0.0
2005-12-09 00:00:00-05:00,255.72681391361746,264.5055072332835,252.673347771122,262.21539306640625,8635,0.0,0.0
2005-12-12 00:00:00-05:00,264.1238098144531,268.7040091615319,259.54363958738645,264.1238098144531,16180,0.0,0.0
2005-12-13 00:00:00-05:00,265.6505595378903,267.1772927490304,250.00160964373558,257.2535705566406,12578,0.0,0.0
2005-12-14 00:00:00-05:00,255.34516863668333,255.72684467039736,250.0016168046422,250.7649688720703,10948,0.0,0.0
2005-12-15 00:00:00-05:00,252.67336325223837,252.67336325223837,243.89469851472114,244.65805053710938,10118,0.0,0.0
2005-12-16 00:00:00-05:00,244.27637387145248,262.2154084296321,244.27637387145248,258.3985900878906,35863,0.0,0.0
2005-12-19 00:00:00-05:00,254.58178753846917,262.59712984934754,254.58178753846917,259.1619873046875,10765,0.0,0.0
2005-12-20 00:00:00-05:00,262.5971219657666,270.61243491599777,258.78030350184565,266.4139404296875,14215,0.0,0.0
2005-12-21 00:00:00-05:00,265.6505510432948,278.2460632324219,260.68870466576976,278.2460632324219,17915,0.0,0.0
2005-12-22 00:00:00-05:00,279.0094078550643,293.13165283203125,274.8109136100247,293.13165283203125,25035,0.0,0.0
2005-12-23 00:00:00-05:00,293.13164515630405,293.89499713722734,282.826218693771,291.2232360839844,10015,0.0,0.0
2005-12-27 00:00:00-05:00,291.2232502807612,298.85688694217026,284.7346416465557,288.9331359863281,15193,0.0,0.0
2005-12-28 00:00:00-05:00,288.9331359863281,290.45986914261255,285.1163176556236,288.9331359863281,8690,0.0,0.0
2005-12-29 00:00:00-05:00,291.2232425716515,291.2232425716515,278.6277307657432,279.3910827636719,28725,0.0,0.0
2005-12-30 00:00:00-05:00,276.7193365675661,285.4980306170254,275.5742793889362,283.2079162597656,14615,0.0,0.0
2006-01-03 00:00:00-05:00,289.6965330448742,291.6049423151039,275.57428697316556,288.1697998046875,18640,0.0,0.0
2006-01-04 00:00:00-05:00,290.4598691965484,301.9103241907883,284.35296569028975,298.093505859375,22205,0.0,0.0
2006-01-05 00:00:00-05:00,300.0019155446263,317.5592740755307,294.6583640473911,310.3073425292969,40378,0.0,0.0
2006-01-06 00:00:00-05:00,312.9790960126095,322.52114162275006,305.3454595244971,316.0325622558594,37038,0.0,0.0
2006-01-09 00:00:00-05:00,316.0325910788744,329.3914561514353,315.65088592364646,328.24639892578125,38035,0.0,0.0
2006-01-10 00:00:00-05:00,329.00973531774645,331.68152567694744,318.7043372580079,330.5364685058594,15565,0.0,0.0
2006-01-11 00:00:00-05:00,330.5364835586542,335.8800354003906,323.28452242487003,335.8800354003906,18585,0.0,0.0
2006-01-12 00:00:00-05:00,338.17008973083404,352.6740106690012,333.20824349831213,349.62054443359375,42933,0.0,0.0
2006-01-13 00:00:00-05:00,351.528977923207,351.528977923207,330.1548001534598,333.97161865234375,20030,0.0,0.0
2006-01-17 00:00:00-05:00,333.9716039152722,333.9716039152722,317.559273446288,324.0478820800781,27238,0.0,0.0
2006-01-18 00:00:00-05:00,320.61275425002555,327.1013340570799,306.872213463313,324.8112487792969,19643,0.0,0.0
2006-01-19 00:00:00-05:00,327.10132598202006,341.6052475832821,326.7196499651476,339.69683837890625,35760,0.0,0.0
2006-01-20 00:00:00-05:00,339.6968228361369,339.6968228361369,329.77310125144317,334.353271484375,16153,0.0,0.0
2006-01-23 00:00:00-05:00,330.53646944719924,337.4067542532666,312.9791105339326,316.7959289550781,17918,0.0,0.0
2006-01-24 00:00:00-05:00,319.8494194557203,319.8494194557203,301.1470019579964,304.200439453125,38308,0.0,0.0
2006-01-25 00:00:00-05:00,303.8187397621387,324.4295650103269,303.8187397621387,321.3760986328125,16100,0.0,0.0
2006-01-26 00:00:00-05:00,324.0478818366805,326.337967009234,314.5058360176971,322.5211486816406,9078,0.0,0.0
2006-01-27 00:00:00-05:00,324.4295738128056,332.0632108436952,317.1776128094577,321.7578125,10690,0.0,0.0
2006-01-30 00:00:00-05:00,320.2310634448897,322.521148616984,311.8340456538599,313.36077880859375,7505,0.0,0.0
2006-01-31 00:00:00-05:00,311.83404541015625,316.7959208791603,305.3454659076244,311.83404541015625,10385,0.0,0.0
2006-02-01 00:00:00-05:00,309.543968903862,324.4295666075031,301.14698000437915,312.21575927734375,25045,0.0,0.0
2006-02-02 00:00:00-05:00,320.61275341524095,354.96411985258817,312.5974404038627,341.6052551269531,59300,0.0,0.0
2006-02-03 00:00:00-05:00,338.551773151909,342.36859146983363,329.0097273570974,334.7349548339844,11488,0.0,0.0
2006-02-06 00:00:00-05:00,332.82654591976114,340.4601825612237,327.10131843866424,336.2616882324219,13368,0.0,0.0
2006-02-07 00:00:00-05:00,336.6433880387789,338.55179733405544,320.61276160646173,326.71966552734375,17425,0.0,0.0
2006-02-08 00:00:00-05:00,330.53647635663134,332.44488560709686,320.6127540782133,323.2845153808594,9773,0.0,0.0
2006-02-09 00:00:00-05:00,324.42955833052036,336.26168933974856,323.28450118252516,325.5746154785156,14530,0.0,0.0
2006-02-10 00:00:00-05:00,324.0479123988449,327.4830550416626,316.4142750237014,320.99444580078125,14643,0.0,0.0
2006-02-13 00:00:00-05:00,318.7043305368135,322.9028248755713,314.88751220703125,314.88751220703125,6855,0.0,0.0
2006-02-14 00:00:00-05:00,314.8875203259157,317.17760555882876,306.10882629306656,310.68902587890625,20663,0.0,0.0
2006-02-15 00:00:00-05:00,308.7806082230877,314.50583570885567,304.58211389086046,311.83404541015625,16623,0.0,0.0
2006-02-16 00:00:00-05:00,312.9790877827837,314.505820864263,306.87218457687806,311.0706787109375,12333,0.0,0.0
2006-02-17 00:00:00-05:00,311.8340686149089,314.12418307564246,306.87222189668796,311.452392578125,17270,0.0,0.0
2006-02-21 00:00:00-05:00,314.88751268741703,325.1929105455455,311.8340463709278,317.94097900390625,13308,0.0,0.0
2006-02-22 00:00:00-05:00,317.9409951386807,317.9409951386807,301.9103398436128,306.49053955078125,21975,0.0,0.0
2006-02-23 00:00:00-05:00,307.2538761723183,307.2538761723183,285.1163181665561,301.14697265625,20645,0.0,0.0
2006-02-24 00:00:00-05:00,302.2919933083904,304.58210755103954,295.42173794047966,300.7652893066406,7838,0.0,0.0
2006-02-27 00:00:00-05:00,302.2919851459223,310.6890025288716,300.00190008512214,303.4370422363281,9710,0.0,0.0
2006-02-28 00:00:00-05:00,304.2004254030905,304.2004254030905,287.40644715550326,295.8034362792969,10843,0.0,0.0
2006-03-01 00:00:00-05:00,296.56676539056934,307.6355441027554,294.658356271917,305.345458984375,13630,0.0,0.0
2006-03-02 00:00:00-05:00,303.0553738659946,308.3989252222236,299.23855562868994,305.345458984375,14463,0.0,0.0
2006-03-03 00:00:00-05:00,301.52866332715877,310.68903360667025,297.7118448040302,301.91033935546875,19370,0.0,0.0
2006-03-06 00:00:00-05:00,301.91030941696755,304.20039447974887,289.3148270116647,291.2232360839844,9165,0.0,0.0
2006-03-07 00:00:00-05:00,287.78811626805253,288.5514683082275,274.0475757048062,275.57427978515625,13568,0.0,0.0
2006-03-08 00:00:00-05:00,280.9178318533399,281.2995078740075,264.50553000452516,267.9406433105469,17298,0.0,0.0
2006-03-09 00:00:00-05:00,267.9406362267689,283.2079096099469,265.268875032718,278.2460632324219,20338,0.0,0.0
2006-03-10 00:00:00-05:00,279.0094003077661,304.58209932673395,276.7193152469659,303.4370422363281,35783,0.0,0.0
2006-03-13 00:00:00-05:00,304.20042371174355,322.5211642145397,304.20042371174355,318.704345703125,31920,0.0,0.0
2006-03-14 00:00:00-05:00,324.04786663507286,342.7502813869226,321.37607645908776,340.0784912109375,45125,0.0,0.0
2006-03-15 00:00:00-05:00,342.3685983486723,374.04820267195555,335.88001872583766,370.23138427734375,105795,0.0,0.0
2006-03-16 00:00:00-05:00,370.2313765949468,374.04819491035863,355.34577934083813,359.16259765625,37400,0.0,0.0
2006-03-17 00:00:00-05:00,359.1626058643141,359.92598701684994,343.8953322537587,345.8037414550781,38100,0.0,0.0
2006-03-20 00:00:00-05:00,345.8037484773655,358.78093713387,342.7503111652559,355.3457946777344,24390,0.0,0.0
2006-03-21 00:00:00-05:00,347.3304748535156,354.58243564698734,345.4220656510238,347.3304748535156,16313,0.0,0.0
2006-03-22 00:00:00-05:00,345.80374982389185,346.9488070204005,332.4448850913573,343.1319885253906,28730,0.0,0.0
2006-03-23 00:00:00-05:00,343.13198766855595,350.0022434704095,339.31516918307705,347.712158203125,14973,0.0,0.0
2006-03-24 00:00:00-05:00,348.85721366257525,399.62088179508567,348.09383249726585,390.4605407714844,88975,0.0,0.0
2006-03-27 00:00:00-05:00,390.46052503715595,407.2545023170232,382.4451832844769,400.3842468261719,73328,0.0,0.0
2006-03-28 00:00:00-05:00,402.6743565612564,404.5827658340586,383.97193986379233,384.7353210449219,37168,0.0,0.0
2006-03-29 00:00:00-05:00,390.46052503715595,400.3842468261719,387.4070587389913,400.3842468261719,19435,0.0,0.0
2006-03-30 00:00:00-05:00,401.9109793568356,404.582740523609,388.17041015625,388.17041015625,15063,0.0,0.0
2006-03-31 00:00:00-05:00,392.3689571998593,395.42239455704794,383.5902629179113,389.31549072265625,19265,0.0,0.0
2006-04-03 00:00:00-04:00,393.13231779793836,398.85754572703456,383.208595211508,386.64373779296875,19898,0.0,0.0
2006-04-04 00:00:00-04:00,384.3535929014282,389.3154683618888,372.5214619418832,377.48333740234375,25308,0.0,0.0
2006-04-05 00:00:00-04:00,378.628380779879,379.01008592309574,367.94130653013264,372.1398010253906,30383,0.0,0.0
2006-04-06 00:00:00-04:00,374.4298857401543,391.2238928167798,372.139800484254,390.4605407714844,20485,0.0,0.0
2006-04-07 00:00:00-04:00,393.51396160980966,401.52927423014273,385.8803249961566,388.17041015625,23450,0.0,0.0
2006-04-10 00:00:00-04:00,389.3154518821023,391.60553695152413,355.7274404638771,356.87249755859375,33593,0.0,0.0
2006-04-11 00:00:00-04:00,356.8725205288138,362.59774813088035,352.6740261113011,354.964111328125,16343,0.0,0.0
2006-04-12 00:00:00-04:00,358.7809143066406,370.2313690185547,355.34577206906397,366.41455078125,21060,0.0,0.0
2006-04-13 00:00:00-04:00,366.41458007812497,389.3154913330078,364.1244947766396,381.6818542480469,15655,0.0,0.0
2006-04-17 00:00:00-04:00,380.5367828499377,385.11698240216174,359.1626056329325,364.1244812011719,17293,0.0,0.0
2006-04-18 00:00:00-04:00,367.1779173143245,387.02539040591785,364.5061560904625,385.4986572265625,22605,0.0,0.0
2006-04-19 00:00:00-04:00,388.5521366550693,410.3079905526457,385.1169941659745,409.1629333496094,35325,0.0,0.0
2006-04-20 00:00:00-04:00,409.16291896955425,409.9263001180875,389.3154750279018,400.76593017578125,19065,0.0,0.0
2006-04-21 00:00:00-04:00,429.3920522748147,432.8271945170157,409.162903941863,415.26983642578125,101038,0.0,0.0
2006-04-24 00:00:00-04:00,413.7431330417405,417.94162758618336,401.5292963160718,409.1629333496094,23123,0.0,0.0
2006-04-25 00:00:00-04:00,412.2163852540144,412.2163852540144,404.58274849005124,409.9263000488281,20153,0.0,0.0
2006-04-26 00:00:00-04:00,412.21640732155544,414.12481661471077,405.3461222181902,411.07135009765625,17610,0.0,0.0
2006-04-27 00:00:00-04:00,406.87281882039974,420.61335866919137,400.76591545649376,415.26983642578125,23425,0.0,0.0
2006-04-28 00:00:00-04:00,417.5599363578634,417.5599363578634,402.6743388603502,406.8728332519531,21390,0.0,0.0
2006-05-01 00:00:00-04:00,409.1629408045009,419.4683684595487,407.2545315113456,411.07135009765625,17435,0.0,0.0
2006-05-02 00:00:00-04:00,415.2698358667549,417.1782449854072,404.9644091540249,412.21636962890625,22990,0.0,0.0
2006-05-03 00:00:00-04:00,416.41487859809706,431.30047607421875,413.3614413722344,431.30047607421875,60198,0.0,0.0
2006-05-04 00:00:00-04:00,393.51398708072344,477.1023192346343,386.2620260043541,459.9266357421875,228313,0.0,0.0
2006-05-05 00:00:00-04:00,464.88849548437105,473.2854843654297,448.4761646204676,460.6899719238281,55458,0.0,0.0
2006-05-08 00:00:00-04:00,460.68995638379926,482.8275141344096,450.7662346445649,479.7740478515625,28040,0.0,0.0
2006-05-09 00:00:00-04:00,480.9190979003906,482.82750701904297,460.6899495946709,473.28546142578125,28960,0.0,0.0
2006-05-10 00:00:00-04:00,473.2855001961977,479.7740800831397,464.5068058832624,469.0870056152344,35068,0.0,0.0
2006-05-11 00:00:00-04:00,469.0869834549951,470.9953926398242,440.8425216955218,448.094482421875,32223,0.0,0.0
2006-05-12 00:00:00-04:00,445.80441440660127,448.8578517480077,408.39958129426134,409.1629333496094,53483,0.0,0.0
2006-05-15 00:00:00-04:00,404.96440970938727,417.94159755802235,391.22386986024924,407.6361999511719,45938,0.0,0.0
2006-05-16 00:00:00-04:00,409.544631592724,415.651535292594,396.5674430304916,401.1476135253906,25728,0.0,0.0
2006-05-17 00:00:00-04:00,401.1475831842627,408.3995435193564,372.13977096389954,381.3001403808594,69820,0.0,0.0
2006-05-18 00:00:00-04:00,380.5367984626196,385.498674234435,362.9794389254502,367.9413146972656,31898,0.0,0.0
2006-05-19 00:00:00-04:00,366.41457268268687,384.35360782227116,356.10917447399186,378.2467041015625,38788,0.0,0.0
2006-05-22 00:00:00-04:00,378.24671350776646,378.24671350776646,339.31517584009066,357.25421142578125,25545,0.0,0.0
2006-05-23 00:00:00-04:00,359.9260017379787,372.1398094779677,353.43739271609763,355.72747802734375,20578,0.0,0.0
2006-05-24 00:00:00-04:00,355.3458102308727,363.36112356600216,334.35330767123986,350.00225830078125,45043,0.0,0.0
2006-05-25 00:00:00-04:00,357.25420351384804,375.574943845846,350.3839477293593,375.1932678222656,25158,0.0,0.0
2006-05-26 00:00:00-04:00,378.6283646715405,381.6818309672839,371.3764331791723,372.90313720703125,10315,0.0,0.0
2006-05-30 00:00:00-04:00,373.28485952784206,373.28485952784206,346.94880615403486,347.712158203125,17320,0.0,0.0
2006-05-31 00:00:00-04:00,353.05569489852104,369.0863202080704,353.05569489852104,363.7427978515625,20565,0.0,0.0
2006-06-01 00:00:00-04:00,362.59775567462935,375.5749443333031,353.4373854967412,367.55963134765625,23018,0.0,0.0
2006-06-02 00:00:00-04:00,370.2313843925832,385.4986579757825,368.70465121026064,380.9184875488281,29805,0.0,0.0
2006-06-05 00:00:00-04:00,380.5367900159067,387.4070749136118,369.8497157661603,372.1398010253906,25888,0.0,0.0
2006-06-06 00:00:00-04:00,373.2848583165059,380.155114096065,354.58244197434715,361.45269775390625,16980,0.0,0.0
2006-06-07 00:00:00-04:00,361.4526989268462,362.9794321450406,347.3304821785799,347.712158203125,9403,0.0,0.0
2006-06-08 00:00:00-04:00,347.330482866511,347.330482866511,314.88752567568304,341.6052551269531,24595,0.0,0.0
2006-06-09 00:00:00-04:00,343.89533396769883,353.81905604001605,325.9562990338952,327.4830322265625,13530,0.0,0.0
2006-06-12 00:00:00-04:00,327.86473292045457,333.58996098383847,301.5286780048855,304.200439453125,49903,0.0,0.0
2006-06-13 00:00:00-04:00,303.4370575923069,318.3226549208378,291.98660258882364,299.6202392578125,32020,0.0,0.0
2006-06-14 00:00:00-04:00,298.85688675517,334.7349557453328,297.71182960867003,331.6815185546875,35650,0.0,0.0
2006-06-15 00:00:00-04:00,336.64336400303654,362.597740213707,336.2616879952352,360.6893310546875,32465,0.0,0.0
2006-06-16 00:00:00-04:00,358.017569700725,361.071006881619,339.6968301353099,342.36859130859375,30755,0.0,0.0
2006-06-19 00:00:00-04:00,346.1854027689544,347.71213588917277,328.2463686864223,329.7731018066406,14705,0.0,0.0
2006-06-20 00:00:00-04:00,332.44487870271433,339.6968395278739,317.94098617240877,327.4830322265625,11940,0.0,0.0
2006-06-21 00:00:00-04:00,327.4830452253829,349.2388994444056,327.4830452253829,340.460205078125,12038,0.0,0.0
2006-06-22 00:00:00-04:00,341.2235559537849,343.5136410702508,329.0097201326131,334.353271484375,7660,0.0,0.0
2006-06-23 00:00:00-04:00,333.20828160382746,346.18544178833963,328.24640568385604,340.8419189453125,9460,0.0,0.0
2006-06-26 00:00:00-04:00,344.658706333322,353.05569499880187,342.7502971711663,346.94879150390625,11605,0.0,0.0
2006-06-27 00:00:00-04:00,346.18542620076664,353.8190631985345,328.24639090401786,333.97161865234375,16385,0.0,0.0
2006-06-28 00:00:00-04:00,332.0632019042969,335.88002031698994,325.1929171134439,332.0632019042969,15040,0.0,0.0
2006-06-29 00:00:00-04:00,333.58995482512233,363.3611227330758,333.58995482512233,357.6358947753906,19575,0.0,0.0
2006-06-30 00:00:00-04:00,358.7809143066406,372.13977813720703,354.2007440698799,366.41455078125,20943,0.0,0.0
2006-07-03 00:00:00-04:00,366.7962340763492,385.8803256424445,359.92597858456253,383.5902404785156,16268,0.0,0.0
2006-07-05 00:00:00-04:00,376.71993961292196,377.48332071463693,339.69681522008574,340.0784912109375,28533,0.0,0.0
2006-07-06 00:00:00-04:00,343.51367256858134,347.71216718708325,329.00975030101307,335.8800354003906,19898,0.0,0.0
2006-07-07 00:00:00-04:00,332.4448863421696,335.8800288246059,315.65087907693646,317.1776123046875,18555,0.0,0.0
2006-07-10 00:00:00-04:00,320.61274879686715,334.353289349873,292.7499625510387,295.4217529296875,28595,0.0,0.0
2006-07-11 00:00:00-04:00,295.42176703933137,312.21577479288794,274.42926462738944,306.8722229003906,42960,0.0,0.0
2006-07-12 00:00:00-04:00,303.4370654120994,304.2004174506652,290.0782008971013,292.3682861328125,20948,0.0,0.0
2006-07-13 00:00:00-04:00,288.16977633991246,298.85687903098693,277.482673648838,279.3910827636719,17305,0.0,0.0
2006-07-14 00:00:00-04:00,279.00940676470753,286.2613672250786,267.5589520757044,279.3910827636719,12575,0.0,0.0
2006-07-17 00:00:00-04:00,277.1010300710035,279.0094394091234,267.5589833804041,270.23077392578125,23483,0.0,0.0
2006-07-18 00:00:00-04:00,270.23076616548565,278.6277553640681,261.83374784688846,265.2688903808594,15965,0.0,0.0
2006-07-19 00:00:00-04:00,263.3604725934244,291.60493489846107,259.925330170377,287.7881164550781,14910,0.0,0.0
2006-07-20 00:00:00-04:00,290.07818603515625,303.0553738659946,266.41392461187206,267.1772766113281,15160,0.0,0.0
2006-07-21 00:00:00-04:00,266.41393274216927,266.7956087535451,239.31451369429476,240.8412322998047,33040,0.0,0.0
2006-07-24 00:00:00-04:00,243.5130001126349,267.177276045839,241.60459099802176,264.1238098144531,35670,0.0,0.0
2006-07-25 00:00:00-04:00,261.83371707859715,270.99408638607224,253.0550528789424,262.21539306640625,13298,0.0,0.0
2006-07-26 00:00:00-04:00,261.07037325564306,264.1238103734795,252.2916796618374,255.72682189941406,13983,0.0,0.0
2006-07-27 00:00:00-04:00,260.3070004541666,264.123818813436,240.07788062204673,243.13133239746094,17540,0.0,0.0
2006-07-28 00:00:00-04:00,243.89470514077158,263.36047344064235,243.89470514077158,261.833740234375,13938,0.0,0.0
2006-07-31 00:00:00-04:00,263.360473013826,269.8490527299292,261.8337398100329,269.4673767089844,11788,0.0,0.0
2006-08-01 00:00:00-04:00,266.79560117956436,268.32233430173886,261.0703738114193,262.59710693359375,12910,0.0,0.0
2006-08-02 00:00:00-04:00,265.6505354313839,274.8109047469512,265.6505354313839,269.8490295410156,15998,0.0,0.0
2006-08-03 00:00:00-04:00,265.65055102440164,277.8643872020832,250.76495365285916,269.085693359375,24875,0.0,0.0
2006-08-04 00:00:00-04:00,274.8109373456142,277.48269869957954,252.29170193356785,256.1085205078125,26425,0.0,0.0
2006-08-07 00:00:00-04:00,253.81841220170787,256.87187843259045,241.60459095819593,245.0397186279297,14843,0.0,0.0
2006-08-08 00:00:00-04:00,248.0931931179174,250.76495431887435,236.64273805093657,237.0244140625,11298,0.0,0.0
2006-08-09 00:00:00-04:00,242.3679658203125,254.58177292230727,236.64273828125,238.5511474609375,24105,0.0,0.0
2006-08-10 00:00:00-04:00,238.55114722436713,248.4748691248982,232.82591969098232,246.18478393554688,13125,0.0,0.0
2006-08-11 00:00:00-04:00,244.6580669059805,245.42144809945592,231.68089237705607,233.20761108398438,19815,0.0,0.0
2006-08-14 00:00:00-04:00,238.55114756717242,253.81842101147146,234.3526531939928,243.8946990966797,29713,0.0,0.0
2006-08-15 00:00:00-04:00,249.61994099537614,262.597129993426,249.61994099537614,260.688720703125,25178,0.0,0.0
2006-08-16 00:00:00-04:00,263.3604578322703,275.5742645185157,253.05506026075153,271.7574462890625,33945,0.0,0.0
2006-08-17 00:00:00-04:00,271.3757785619865,286.2613759345877,268.7040173679356,278.2460632324219,21820,0.0,0.0
2006-08-18 00:00:00-04:00,279.7728039595717,282.4445652258649,267.9406434716663,280.15447998046875,14645,0.0,0.0
2006-08-21 00:00:00-04:00,276.71933029197766,282.0628818043771,267.5589604307234,270.6124267578125,12850,0.0,0.0
2006-08-22 00:00:00-04:00,269.8490295410156,276.33763781954764,267.1772685039803,269.8490295410156,8773,0.0,0.0
2006-08-23 00:00:00-04:00,271.3757711306533,276.33764649231574,268.3223340096406,268.7040100097656,8610,0.0,0.0
2006-08-24 00:00:00-04:00,271.37581050181547,274.4292771858369,255.7268592662427,262.97882080078125,15818,0.0,0.0
2006-08-25 00:00:00-04:00,261.07039673718225,265.26889135184155,258.39860625875195,260.688720703125,6743,0.0,0.0
2006-08-28 00:00:00-04:00,265.268875032718,283.5896147405368,263.3604658598207,278.2460632324219,17798,0.0,0.0
2006-08-29 00:00:00-04:00,279.77278115223123,282.44454220072,269.46735470803594,282.0628662109375,13945,0.0,0.0
2006-08-30 00:00:00-04:00,282.44454930069793,306.108810702211,281.6811973019441,303.8187255859375,31575,0.0,0.0
2006-08-31 00:00:00-04:00,305.34545868859385,313.74244715452534,286.26136752055675,288.55145263671875,49158,0.0,0.0
2006-09-01 00:00:00-04:00,292.7499790192456,292.7499790192456,279.77281889584907,285.498046875,17970,0.0,0.0
2006-09-05 00:00:00-04:00,285.1163252863822,293.8950193299579,280.1544787956769,292.3682861328125,14520,0.0,0.0
2006-09-06 00:00:00-04:00,288.9331283216018,289.6965094394998,271.7574462890625,271.7574462890625,13178,0.0,0.0
2006-09-07 00:00:00-04:00,270.61243446844645,285.8797082988805,269.4673772831583,274.0475769042969,27203,0.0,0.0
2006-09-08 00:00:00-04:00,277.86439496941836,279.772804195527,269.46737690253224,270.9941101074219,25683,0.0,0.0
2006-09-11 00:00:00-04:00,264.88719898313553,265.2688749936562,256.87188628214994,259.9253234863281,29798,0.0,0.0
2006-09-12 00:00:00-04:00,258.3985977506176,274.8109287548134,258.3985977506176,272.5208435058594,20208,0.0,0.0
2006-09-13 00:00:00-04:00,272.9025193335305,280.1544802167459,269.8490529237512,270.9941101074219,18088,0.0,0.0
2006-09-14 00:00:00-04:00,268.32234888292044,270.6124341306239,258.016921588234,260.3070068359375,25410,0.0,0.0
2006-09-15 00:00:00-04:00,263.74213437375147,270.23074284917675,254.58176478021778,255.72682189941406,21013,0.0,0.0
2006-09-18 00:00:00-04:00,255.34516844096947,263.7421576563018,253.05508312042565,256.1085205078125,11938,0.0,0.0
2006-09-19 00:00:00-04:00,255.72683822382143,257.6352474642977,239.6961976918193,241.22293090820312,33285,0.0,0.0
2006-09-20 00:00:00-04:00,242.36795778977395,250.76494625417072,239.69618211473588,242.7496337890625,37638,0.0,0.0
2006-09-21 00:00:00-04:00,244.2763832905541,244.65805931544276,232.82592782380937,233.58929443359375,18520,0.0,0.0
2006-09-22 00:00:00-04:00,233.20760483166467,234.7343380576686,212.21510305414958,217.55865478515625,31785,0.0,0.0
2006-09-25 00:00:00-04:00,219.4670637722673,227.86406738512068,213.74183602168642,221.37547302246094,25405,0.0,0.0
2006-09-26 00:00:00-04:00,222.5205152254524,229.39078560071374,221.37547258957673,223.66555786132812,34240,0.0,0.0
2006-09-27 00:00:00-04:00,223.2838666211178,238.9328155517578,219.4670483882782,238.9328155517578,31668,0.0,0.0
2006-09-28 00:00:00-04:00,239.31452163776862,242.36797351014704,230.5358420446781,235.1160125732422,29963,0.0,0.0
2006-09-29 00:00:00-04:00,236.64274683974566,238.1694800627146,225.1922913474999,225.95565795898438,13135,0.0,0.0
2006-10-02 00:00:00-04:00,226.33731826205286,231.68086961124376,211.07004533294298,212.215087890625,89095,0.0,0.0
2006-10-03 00:00:00-04:00,209.9250110815842,211.83342027323494,190.8409191650765,195.8027801513672,67660,0.0,0.0
2006-10-04 00:00:00-04:00,194.27606136143146,207.25323511712213,194.27606136143146,204.1997833251953,42060,0.0,0.0
2006-10-05 00:00:00-04:00,203.43642456382847,205.34483382720398,199.23793000840521,203.05474853515625,17075,0.0,0.0
2006-10-06 00:00:00-04:00,200.3829726544291,205.34483382720398,195.03942089297476,203.05474853515625,12170,0.0,0.0
2006-10-09 00:00:00-04:00,201.1463242990717,203.81809998092015,180.53549996481917,200.00128173828125,20728,0.0,0.0
2006-10-10 00:00:00-04:00,199.61960624585424,203.4364247765972,197.32952095141135,198.4745635986328,16188,0.0,0.0
2006-10-11 00:00:00-04:00,198.4745560057992,208.3982779820865,197.71118941685248,201.14633178710938,14695,0.0,0.0
2006-10-12 00:00:00-04:00,202.67304987635103,212.2150958132792,200.38296467549094,211.8334197998047,32370,0.0,0.0
2006-10-13 00:00:00-04:00,212.59678612043373,221.37546545940899,210.3066863624359,219.46705627441406,21600,0.0,0.0
2006-10-16 00:00:00-04:00,220.99378203188778,230.91750363690954,218.70368235072468,230.53582763671875,23325,0.0,0.0
2006-10-17 00:00:00-04:00,229.00910940787924,229.00910940787924,223.28388167268224,228.24574279785156,27085,0.0,0.0
2006-10-18 00:00:00-04:00,227.1006933899276,227.86405997718919,214.12350508650053,217.17697143554688,30183,0.0,0.0
2006-10-19 00:00:00-04:00,216.41361231598756,221.375473464395,210.30669396717238,219.08538818359375,10425,0.0,0.0
2006-10-20 00:00:00-04:00,220.23043905927787,220.61211510034806,209.54334974922787,212.5968017578125,13535,0.0,0.0
2006-10-23 00:00:00-04:00,210.30668627035325,215.65023781000195,206.87155847487045,214.12350463867188,16313,0.0,0.0
2006-10-24 00:00:00-04:00,214.12349742829844,217.9403156680899,211.4517363084493,214.50518798828125,11885,0.0,0.0
2006-10-25 00:00:00-04:00,213.74182859241455,225.57395970834915,208.77996762637767,223.28387451171875,14960,0.0,0.0
2006-10-26 00:00:00-04:00,224.42892473601543,229.39078587065384,213.74183585525415,225.95565795898438,25998,0.0,0.0
2006-10-27 00:00:00-04:00,225.1922835954251,227.86405936364332,217.5586468633768,217.94032287597656,19715,0.0,0.0
2006-10-30 00:00:00-05:00,217.5586396632422,222.90219102283305,214.5051879834786,222.13882446289062,6910,0.0,0.0
2006-10-31 00:00:00-05:00,222.13883204540826,223.28387464440388,215.65023790442427,219.46705627441406,6900,0.0,0.0
2006-11-01 00:00:00-05:00,219.46705629429462,224.42891726372955,214.50519532485973,214.88687133789062,18370,0.0,0.0
2006-11-02 00:00:00-05:00,212.21509567800234,217.55864722327848,207.63492527920175,215.65023803710938,11428,0.0,0.0
2006-11-03 00:00:00-05:00,216.79527282956636,223.6655427403613,214.50518771263674,220.61209106445312,9695,0.0,0.0
2006-11-06 00:00:00-05:00,221.37547455155976,235.1160154238606,200.00129662575688,203.05474853515625,66883,0.0,0.0
2006-11-07 00:00:00-05:00,192.7493212816803,202.29136688968427,176.33700574791467,180.9171905517578,97558,0.0,0.0
2006-11-08 00:00:00-05:00,179.77214061816917,190.84091978999135,175.57364620679206,190.45924377441406,42283,0.0,0.0
2006-11-09 00:00:00-05:00,190.840919896176,193.89437170251347,179.39046470240544,181.2988739013672,30563,0.0,0.0
2006-11-10 00:00:00-05:00,181.6805419979388,186.2607267878041,179.7721328821621,185.4973602294922,9198,0.0,0.0
2006-11-13 00:00:00-05:00,184.3523176720274,188.55082646273976,182.0622325570978,185.4973602294922,10160,0.0,0.0
2006-11-14 00:00:00-05:00,186.64243300923366,189.31419434751945,181.29888121264744,188.55084228515625,29198,0.0,0.0
2006-11-15 00:00:00-05:00,191.6042932332596,199.23793029785156,188.55084131942428,199.23793029785156,37913,0.0,0.0
2006-11-16 00:00:00-05:00,199.61959880036716,203.05474117391344,191.98596202360355,192.74932861328125,23253,0.0,0.0
2006-11-17 00:00:00-05:00,191.98596977476612,192.3676603650185,188.9325178527832,190.84092712402344,13918,0.0,0.0
2006-11-20 00:00:00-05:00,190.84093447798523,193.51271047267858,188.93252513320536,191.98597717285156,12135,0.0,0.0
2006-11-21 00:00:00-05:00,191.22259558683422,192.74932876741042,188.55083436083584,188.93251037597656,20488,0.0,0.0
2006-11-22 00:00:00-05:00,188.16915123228566,194.27606963625877,188.16915123228566,190.84092712402344,15240,0.0,0.0
2006-11-24 00:00:00-05:00,188.9325028843898,191.60427856445312,188.16913632437087,191.60427856445312,6550,0.0,0.0
2006-11-27 00:00:00-05:00,190.840927917199,191.60429454086926,183.20729080051103,184.73402404785156,14945,0.0,0.0
2006-11-28 00:00:00-05:00,191.22258800444058,194.65773024452284,187.78746032436445,191.60427856445312,22500,0.0,0.0
2006-11-29 00:00:00-05:00,193.13100398745647,206.87155887605437,192.74932797388706,202.6730499267578,26918,0.0,0.0
2006-11-30 00:00:00-05:00,204.58146532671333,246.9481447596685,204.58146532671333,229.0091094970703,78818,0.0,0.0
2006-12-01 00:00:00-05:00,227.48236139516797,234.73432187884194,222.52050059265707,230.53582763671875,29270,0.0,0.0
2006-12-04 00:00:00-05:00,230.53584280690936,235.8793799612374,225.5739671178809,229.77247619628906,36040,0.0,0.0
2006-12-05 00:00:00-05:00,230.15414428710938,234.35265322077538,226.71901649775347,230.15414428710938,13028,0.0,0.0
2006-12-06 00:00:00-05:00,228.6274255639761,233.9709625314106,221.3754648567356,229.39077758789062,12683,0.0,0.0
2006-12-07 00:00:00-05:00,229.00911020229,229.77247681496573,222.90220642089844,222.90220642089844,13168,0.0,0.0
2006-12-08 00:00:00-05:00,221.75714147240532,225.57395984239514,217.55864708941917,219.46705627441406,14403,0.0,0.0
2006-12-11 00:00:00-05:00,218.70370483398438,220.6121141511396,216.03192887796558,218.70370483398438,14078,0.0,0.0
2006-12-12 00:00:00-05:00,219.848724360296,219.848724360296,215.6502301286955,216.0319061279297,10458,0.0,0.0
2006-12-13 00:00:00-05:00,217.55864673709434,228.2457352437573,217.55864673709434,221.75714111328125,10650,0.0,0.0
2006-12-14 00:00:00-05:00,220.99378147801073,225.9556422680857,213.74182101251236,216.0319061279297,20310,0.0,0.0
2006-12-15 00:00:00-05:00,216.4135968300801,222.13882418241025,215.2685542716153,220.61209106445312,19210,0.0,0.0
2006-12-18 00:00:00-05:00,220.61209091877046,227.48236082502856,213.74182101251236,216.0319061279297,25018,0.0,0.0
2006-12-19 00:00:00-05:00,212.97846276816196,217.94032375193504,208.01660178438888,209.5433349609375,17180,0.0,0.0
2006-12-20 00:00:00-05:00,211.45174415161998,212.59678675402813,206.87155918198073,209.5433349609375,11288,0.0,0.0
2006-12-21 00:00:00-05:00,209.92501063794734,210.30668665146825,203.81810706157336,207.25323486328125,15893,0.0,0.0
2006-12-22 00:00:00-05:00,206.4898610921529,209.16163677386407,204.19977597068967,207.63491821289062,12368,0.0,0.0
2006-12-26 00:00:00-05:00,206.10818510250107,206.48986110276252,195.80277293537478,200.00128173828125,25245,0.0,0.0
2006-12-27 00:00:00-05:00,199.6196054885976,213.36016088315176,199.6196054885976,210.68838500976562,25693,0.0,0.0
2006-12-28 00:00:00-05:00,209.5433344441685,221.75714158640966,209.5433344441685,220.2304229736328,25248,0.0,0.0
2006-12-29 00:00:00-05:00,218.7036898460683,220.23042301916743,208.3982773276658,211.07005310058594,13045,0.0,0.0
2007-01-03 00:00:00-05:00,211.8334197751347,221.7571417243816,211.8334197751347,216.41360473632812,19200,0.0,0.0
2007-01-04 00:00:00-05:00,215.6502305433892,224.81060014268604,215.6502305433892,222.13882446289062,21950,0.0,0.0
2007-01-05 00:00:00-05:00,220.23042288036305,220.61209889339398,213.7418287387913,214.88687133789062,19468,0.0,0.0
2007-01-08 00:00:00-05:00,213.74183693905266,214.88687958208186,204.19979064713067,204.5814666748047,22278,0.0,0.0
2007-01-09 00:00:00-05:00,212.21509736271798,213.7418305477762,172.52019471127787,172.90187072753906,91850,0.0,0.0
2007-01-10 00:00:00-05:00,174.4286044815441,175.19197107656316,162.2147826412597,166.7949676513672,67930,0.0,0.0
2007-01-11 00:00:00-05:00,161.8330990857212,165.64991732302587,156.4895477294922,156.4895477294922,47515,0.0,0.0
2007-01-12 00:00:00-05:00,156.10787870447805,164.50486755371094,155.3445121109096,164.50486755371094,47740,0.0,0.0
2007-01-16 00:00:00-05:00,167.94000258712404,167.94000258712404,160.68804210595033,161.06973266601562,25175,0.0,0.0
2007-01-17 00:00:00-05:00,161.0697405817425,161.83310717938247,154.5811463418132,155.34451293945312,26205,0.0,0.0
2007-01-18 00:00:00-05:00,155.72618864821368,158.39796445463048,152.2910608056836,153.05441284179688,25808,0.0,0.0
2007-01-19 00:00:00-05:00,152.29105376851334,156.87122401357644,151.90936320808734,154.199462890625,17810,0.0,0.0
2007-01-22 00:00:00-05:00,154.5811466386782,154.96282265822776,150.7643282031553,152.2910614013672,21505,0.0,0.0
2007-01-23 00:00:00-05:00,151.52770246566237,151.9093785045149,146.5658411605415,148.85592651367188,35388,0.0,0.0
2007-01-24 00:00:00-05:00,151.14600363150012,155.34451263015706,150.38265159538685,153.05441284179688,23053,0.0,0.0
2007-01-25 00:00:00-05:00,154.58115412429973,154.58115412429973,150.38265946591437,153.4361114501953,20480,0.0,0.0
2007-01-26 00:00:00-05:00,153.43610363967076,166.0316015336721,153.43610363967076,159.92469787597656,48083,0.0,0.0
2007-01-29 00:00:00-05:00,158.77964089213995,162.59645932281646,154.58114644239853,156.10787963867188,29170,0.0,0.0
2007-01-30 00:00:00-05:00,154.96282246146345,161.83310728468663,154.58114644239853,156.10787963867188,26050,0.0,0.0
2007-01-31 00:00:00-05:00,154.96282965548716,160.30638153050705,154.58115361870324,155.7261962890625,21648,0.0,0.0
2007-02-01 00:00:00-05:00,157.25292176045784,159.16133096978376,154.5811459554002,157.6345977783203,18810,0.0,0.0
2007-02-02 00:00:00-05:00,157.25291428895434,161.45140852598706,157.25291428895434,160.30636596679688,27675,0.0,0.0
2007-02-05 00:00:00-05:00,160.30638115816947,164.8865663889758,158.39797185866746,159.5430145263672,28448,0.0,0.0
2007-02-06 00:00:00-05:00,159.5430145263672,162.2147904576715,158.01629582277005,159.5430145263672,18560,0.0,0.0
2007-02-07 00:00:00-05:00,161.83309880083274,163.35981735706335,158.01628057024712,158.77963256835938,20690,0.0,0.0
2007-02-08 00:00:00-05:00,160.3063734776248,160.3063734776248,155.34451244865204,156.87123107910156,19883,0.0,0.0
2007-02-09 00:00:00-05:00,156.1078792262771,158.77964047268713,151.90937022762017,153.05441284179688,22763,0.0,0.0
2007-02-12 00:00:00-05:00,153.81778781879277,155.34452109421807,147.7108838371067,148.85592651367188,20165,0.0,0.0
2007-02-13 00:00:00-05:00,149.2375948067454,151.14600402197235,148.0925521896106,150.7643280029297,15333,0.0,0.0
2007-02-14 00:00:00-05:00,149.61929282984224,154.58115412429973,149.61929282984224,153.4361114501953,17470,0.0,0.0
2007-02-15 00:00:00-05:00,153.4361038162488,153.4361038162488,150.38265198388703,150.7643280029297,16640,0.0,0.0
2007-02-16 00:00:00-05:00,150.76433550394665,153.4361114501953,148.8559261937701,153.4361114501953,11910,0.0,0.0
2007-02-20 00:00:00-05:00,154.58115374775943,158.7796483959178,150.76433513670366,157.2529296875,11043,0.0,0.0
2007-02-21 00:00:00-05:00,155.34451244865204,158.77964028716852,152.67273664535696,156.87123107910156,15900,0.0,0.0
2007-02-22 00:00:00-05:00,156.87123879111115,163.35983332952856,156.87123879111115,161.83311462402344,18318,0.0,0.0
2007-02-23 00:00:00-05:00,162.21478171750798,186.64242525897066,161.83310570217535,179.7721405029297,65573,0.0,0.0
2007-02-26 00:00:00-05:00,183.207275390625,194.27605410281103,180.15382371278247,187.0240936279297,56805,0.0,0.0
2007-02-27 00:00:00-05:00,177.10037954075457,183.58895917116467,175.95532237302882,176.71868896484375,31465,0.0,0.0
2007-02-28 00:00:00-05:00,175.19196277309948,177.4820478896081,165.64991718763667,170.9934539794922,29618,0.0,0.0
2007-03-01 00:00:00-05:00,166.0316008181237,175.1919708251953,163.7415155963592,175.1919708251953,13415,0.0,0.0
2007-03-02 00:00:00-05:00,170.99346158579505,175.1919705661646,165.64992455624292,168.32168579101562,19210,0.0,0.0
2007-03-05 00:00:00-05:00,168.3216785774897,186.26072721935518,167.17663601737195,172.5201873779297,43515,0.0,0.0
2007-03-06 00:00:00-05:00,183.20728310032897,185.4973683150804,178.6270981108194,181.2988739013672,30773,0.0,0.0
2007-03-07 00:00:00-05:00,180.917197668941,186.64242525897066,178.62709789692508,179.7721405029297,28340,0.0,0.0
2007-03-08 00:00:00-05:00,186.64241734696307,187.02409334611596,181.6805419979388,185.4973602294922,11243,0.0,0.0
2007-03-09 00:00:00-05:00,187.4057848396348,188.55084205177693,183.2072902618047,186.2607421875,8303,0.0,0.0
2007-03-12 00:00:00-04:00,187.02410808250298,200.76464897476563,185.115698816355,199.23793029785156,21885,0.0,0.0
2007-03-13 00:00:00-04:00,200.0012982812275,204.9631594950732,183.9706574241813,184.73402404785156,35445,0.0,0.0
2007-03-14 00:00:00-04:00,190.84092735604656,190.84092735604656,182.44392364037907,186.2607421875,15760,0.0,0.0
2007-03-15 00:00:00-04:00,186.64242570222228,186.64242570222228,180.53550752235012,182.8256072998047,16035,0.0,0.0
2007-03-16 00:00:00-04:00,182.44391639997244,185.8790587800583,179.7721406110175,180.53550720214844,13188,0.0,0.0
2007-03-19 00:00:00-04:00,181.68054954517993,185.4973679352888,181.68054954517993,183.58895874023438,7663,0.0,0.0
2007-03-20 00:00:00-04:00,183.58895139035303,184.7340085095493,177.48204803466797,179.3904571533203,11645,0.0,0.0
2007-03-21 00:00:00-04:00,179.3904642935432,189.31418628152377,178.62709770369702,188.1691436767578,17298,0.0,0.0
2007-03-22 00:00:00-04:00,189.69586944440877,196.18446336456077,188.9325028843898,191.60427856445312,17403,0.0,0.0
2007-03-23 00:00:00-04:00,192.7493211244785,202.67304272470665,190.84091200443416,191.60427856445312,13923,0.0,0.0
2007-03-26 00:00:00-04:00,196.18447083604377,198.09288002876792,191.6042858615045,196.56614685058594,9118,0.0,0.0
2007-03-27 00:00:00-04:00,196.18447882624858,196.56615485633566,188.93251777453622,190.0775604248047,10520,0.0,0.0
2007-03-28 00:00:00-04:00,190.84092704498607,196.18447882624858,190.0775604248047,190.0775604248047,9173,0.0,0.0
2007-03-29 00:00:00-04:00,191.6042861619816,194.27606194798665,185.4973679996834,188.93251037597656,18280,0.0,0.0
2007-03-30 00:00:00-04:00,189.31419388302834,190.84092712402344,187.02410858154295,190.84092712402344,6285,0.0,0.0
2007-04-02 00:00:00-04:00,191.22259536453583,194.6577377368356,185.49736778404068,187.40577697753906,5673,0.0,0.0
2007-04-03 00:00:00-04:00,190.84092759226047,191.60429421463095,187.78747566278574,188.55084228515625,15623,0.0,0.0
2007-04-04 00:00:00-04:00,187.40577735143629,190.84091973058958,184.73401612321337,185.11569213867188,10205,0.0,0.0
2007-04-05 00:00:00-04:00,184.35233291393953,189.31419411319527,184.35233291393953,186.2607421875,8330,0.0,0.0
2007-04-09 00:00:00-04:00,186.26073512597648,186.64242570222228,182.4439167235589,182.8256072998047,13025,0.0,0.0
2007-04-10 00:00:00-04:00,182.06224043641004,183.58895905910126,172.90187046023584,175.955322265625,22205,0.0,0.0
2007-04-11 00:00:00-04:00,176.33701332963054,179.7721411602037,174.0469135492417,174.42860412597656,9853,0.0,0.0
2007-04-12 00:00:00-04:00,173.665244108957,188.55084228515625,172.90187748658653,188.55084228515625,19075,0.0,0.0
2007-04-13 00:00:00-04:00,188.55083451782517,188.55083451782517,183.20728294136597,185.11569213867188,11220,0.0,0.0
2007-04-16 00:00:00-04:00,185.87905894529982,193.13100516747377,185.1156923534903,186.64242553710938,19618,0.0,0.0
2007-04-17 00:00:00-04:00,185.87906593080027,191.98596977476612,185.87906593080027,190.84092712402344,18950,0.0,0.0
2007-04-18 00:00:00-04:00,194.65772996223225,201.14632387297453,191.98595428604352,193.8943634033203,38803,0.0,0.0
2007-04-19 00:00:00-04:00,193.51269520295892,194.65773780747213,189.31418623973494,192.74932861328125,11523,0.0,0.0
2007-04-20 00:00:00-04:00,198.47454819678583,200.00128131460968,192.74932084495546,193.8943634033203,13588,0.0,0.0
2007-04-23 00:00:00-04:00,194.65774514709494,202.2913822116869,193.5127024994076,199.23793029785156,22338,0.0,0.0
2007-04-24 00:00:00-04:00,195.42109652386344,202.6730424336125,194.65772996494087,197.711181640625,38223,0.0,0.0
2007-04-25 00:00:00-04:00,197.71119681771688,202.2913819628392,195.80278755391652,196.9478302001953,17053,0.0,0.0
2007-04-26 00:00:00-04:00,196.94782945708846,210.68838484061075,195.80278681513008,209.16165161132812,29738,0.0,0.0
2007-04-27 00:00:00-04:00,206.4898606653459,220.61209104519534,193.13099684440837,193.8943634033203,31970,0.0,0.0
2007-04-30 00:00:00-04:00,198.47455635456123,201.528008155707,188.16914378568845,188.93251037597656,27908,0.0,0.0
2007-05-01 00:00:00-04:00,189.69586902596745,194.65772981513638,185.11568423596302,189.31417846679688,18998,0.0,0.0
2007-05-02 00:00:00-04:00,189.3141934295528,197.71119711489746,185.87906548555313,193.13101196289062,16738,0.0,0.0
2007-05-03 00:00:00-04:00,194.65773776649849,201.90969852690012,190.84091937892006,197.3295135498047,21290,0.0,0.0
2007-05-04 00:00:00-04:00,197.7111898291321,198.09288040440472,190.8409196342987,194.27606201171875,10933,0.0,0.0
2007-05-07 00:00:00-04:00,193.51268768449745,194.65773024452284,190.84091200443416,191.60427856445312,10595,0.0,0.0
2007-05-08 00:00:00-04:00,192.36764512447206,193.89436368450387,190.45923600442774,191.60427856445312,9125,0.0,0.0
2007-05-09 00:00:00-04:00,190.0775454444152,192.36764512447206,189.69586944440877,191.60427856445312,8240,0.0,0.0
2007-05-10 00:00:00-04:00,189.31419492783186,192.36766142667378,179.39047248661765,180.15383911132812,17465,0.0,0.0
2007-05-11 00:00:00-04:00,178.6271056184968,186.26074273518475,178.6271056184968,184.73402404785156,11183,0.0,0.0
2007-05-14 00:00:00-04:00,187.02410880892563,190.84092735604656,183.2072902618047,186.2607421875,7878,0.0,0.0
2007-05-15 00:00:00-04:00,185.49736848295294,186.26073507522983,177.1003796479274,177.4820556640625,11513,0.0,0.0
2007-05-16 00:00:00-04:00,178.24543027870902,182.0622488518719,169.84842650574916,170.2301025390625,25870,0.0,0.0
2007-05-17 00:00:00-04:00,170.61178617255422,171.37515276804797,165.26823456410466,167.55833435058594,17065,0.0,0.0
2007-05-18 00:00:00-04:00,167.94000992155162,175.1919707194395,164.88655810770658,174.42860412597656,10835,0.0,0.0
2007-05-21 00:00:00-04:00,175.57365370242576,180.91720550867643,172.90187779930042,177.86373901367188,10988,0.0,0.0
2007-05-22 00:00:00-04:00,178.24542225633937,182.82560724999394,175.57364646337365,177.4820556640625,12990,0.0,0.0
2007-05-23 00:00:00-04:00,177.48205560836863,182.82560719262327,176.33701300031598,182.06224060058594,12808,0.0,0.0
2007-05-24 00:00:00-04:00,182.06224839310065,185.11570033193524,178.2454298295556,180.15383911132812,16390,0.0,0.0
2007-05-25 00:00:00-04:00,180.1538316722801,181.29887428206018,175.95532268974412,179.0087890625,9155,0.0,0.0
2007-05-29 00:00:00-04:00,179.3904571533203,184.3523179498152,178.62709059385816,179.3904571533203,10033,0.0,0.0
2007-05-30 00:00:00-04:00,177.86373151923334,182.06224049295324,176.71868891185764,181.2988739013672,9553,0.0,0.0
2007-05-31 00:00:00-04:00,182.06224033498378,186.26073474505407,177.4820553494483,185.11569213867188,6448,0.0,0.0
2007-06-01 00:00:00-04:00,186.64241776433906,192.36764512447206,185.49736064430755,191.60427856445312,21873,0.0,0.0
2007-06-04 00:00:00-04:00,190.84091984177545,200.38296583386423,185.11569224652217,185.87905883789062,12893,0.0,0.0
2007-06-05 00:00:00-04:00,185.49737534054788,194.6577456665039,185.49737534054788,190.84092712402344,12863,0.0,0.0
2007-06-06 00:00:00-04:00,188.55084908825253,194.27607712259208,187.40579183337837,191.98597717285156,9068,0.0,0.0
2007-06-07 00:00:00-04:00,191.60429366516746,195.4211122060672,187.78747512426776,190.0775604248047,8218,0.0,0.0
2007-06-08 00:00:00-04:00,192.74932876741042,192.74932876741042,187.40577719540033,188.93251037597656,4533,0.0,0.0
2007-06-11 00:00:00-04:00,188.93251075253133,190.84091995205185,185.87905894529982,186.64242553710938,7268,0.0,0.0
2007-06-12 00:00:00-04:00,188.55083479289323,188.55083479289323,180.53550741651125,182.06224060058594,13605,0.0,0.0
2007-06-13 00:00:00-04:00,185.1156920299284,185.1156920299284,180.1538310318492,184.35232543945312,7593,0.0,0.0
2007-06-14 00:00:00-04:00,184.3523179498152,190.84091186523438,181.29886627197266,183.207275390625,13228,0.0,0.0
2007-06-15 00:00:00-04:00,194.65773010253906,195.80277266172925,186.64241762820166,187.0240936279297,18820,0.0,0.0
2007-06-18 00:00:00-04:00,189.6958765972442,192.36765237805176,187.0241008164366,191.22259521484375,21488,0.0,0.0
2007-06-19 00:00:00-04:00,189.69587734434086,191.22259596795325,185.1156923534903,186.64242553710938,15585,0.0,0.0
2007-06-20 00:00:00-04:00,186.64241776168012,196.1844633617659,185.11568464166396,195.4210968017578,23870,0.0,0.0
2007-06-21 00:00:00-04:00,193.89437092542428,201.9096982649439,191.60428571985105,200.38296508789062,20963,0.0,0.0
2007-06-22 00:00:00-04:00,198.47455567561803,201.14633145248345,196.18447047259434,198.85623168945312,103203,0.0,0.0
2007-06-25 00:00:00-04:00,198.85623166058735,215.26856233323252,194.65773726898448,203.43641662597656,27853,0.0,0.0
2007-06-26 00:00:00-04:00,206.48986864120272,207.63492580380253,200.3829650540348,204.96315002441406,11328,0.0,0.0
2007-06-27 00:00:00-04:00,205.34482603860957,206.1081926270072,199.23792245144165,204.96315002441406,7523,0.0,0.0
2007-06-28 00:00:00-04:00,208.01660159136574,209.16164419271138,202.2913740246309,203.43641662597656,8698,0.0,0.0
2007-06-29 00:00:00-04:00,202.67305001028635,208.39827757622672,202.67305001028635,208.0166015625,10025,0.0,0.0
2007-07-02 00:00:00-04:00,208.77996776935638,219.08538028126372,208.01660118328795,214.88687133789062,12788,0.0,0.0
2007-07-03 00:00:00-04:00,218.70368955845143,223.28387451171875,215.6502377762754,223.28387451171875,14500,0.0,0.0
2007-07-05 00:00:00-04:00,223.28388201180152,230.917519003658,220.23043012706034,225.19229125976562,19485,0.0,0.0
2007-07-06 00:00:00-04:00,225.1922913474999,231.68088570510724,225.1922913474999,225.95565795898438,19710,0.0,0.0
2007-07-09 00:00:00-04:00,226.33733321810521,232.8259275537353,225.5739666092063,231.2991943359375,25478,0.0,0.0
2007-07-10 00:00:00-04:00,230.15414475919295,234.7343297144021,225.57395980398377,228.62742614746094,41515,0.0,0.0
2007-07-11 00:00:00-04:00,226.33732642839442,240.45955730935802,209.92501034943956,219.46705627441406,46200,0.0,0.0
2007-07-12 00:00:00-04:00,222.13883177230366,232.82592028313476,216.41360422435773,231.68087768554688,28718,0.0,0.0
2007-07-13 00:00:00-04:00,232.06255311214295,248.0931931179174,231.68087710057955,237.0244140625,30745,0.0,0.0
2007-07-16 00:00:00-04:00,236.64273850863412,245.03972725932235,230.9175109640704,240.077880859375,16348,0.0,0.0
2007-07-17 00:00:00-04:00,239.69619754299006,249.23825829945375,239.31452151913462,245.80311584472656,31653,0.0,0.0
2007-07-18 00:00:00-04:00,242.7496485911663,252.67337077784654,237.40611147526425,250.38328552246094,26665,0.0,0.0
2007-07-19 00:00:00-04:00,256.87188594019034,293.89501219165317,254.96347677011468,293.5133361816406,122258,0.0,0.0
2007-07-20 00:00:00-04:00,290.8415463209021,294.2766886563485,278.62773926155165,287.40643310546875,38668,0.0,0.0
2007-07-23 00:00:00-04:00,290.07819342157643,302.29200044395344,285.87969907763517,299.6202392578125,29800,0.0,0.0
2007-07-24 00:00:00-04:00,296.18510361405333,307.63555887583385,288.93314279092294,306.10882568359375,40790,0.0,0.0
2007-07-25 00:00:00-04:00,305.3454514953988,312.9790877827837,299.2385482894931,311.0706787109375,47758,0.0,0.0
2007-07-26 00:00:00-04:00,309.16231542273067,316.79595284057586,301.5286780048855,304.200439453125,53523,0.0,0.0
2007-07-27 00:00:00-04:00,300.0019234073515,313.7424639603574,293.13166769085547,295.4217529296875,42255,0.0,0.0
2007-07-30 00:00:00-04:00,304.96381424560263,304.96381424560263,292.36830112336276,297.71185302734375,31270,0.0,0.0
2007-07-31 00:00:00-04:00,297.71183816851953,303.4370658256064,291.2232584718265,295.4217529296875,20970,0.0,0.0
2007-08-01 00:00:00-04:00,294.65836417781276,294.65836417781276,279.7727959489437,284.35296630859375,32073,0.0,0.0
2007-08-02 00:00:00-04:00,284.7346423185624,287.4064326283691,280.5361479688811,284.35296630859375,35270,0.0,0.0
2007-08-03 00:00:00-04:00,285.49804664589465,298.85691191986,282.06290403715764,282.444580078125,24565,0.0,0.0
2007-08-06 00:00:00-04:00,286.2613753158245,304.5821149840425,268.3223407773714,301.14697265625,34178,0.0,0.0
2007-08-07 00:00:00-04:00,300.00192849961377,343.51366525604953,294.65837677162796,337.02508544921875,66490,0.0,0.0
2007-08-08 00:00:00-04:00,338.1701174509116,378.24671219568137,338.1701174509116,372.521484375,59598,0.0,0.0
2007-08-09 00:00:00-04:00,366.03288986727347,376.33828788471993,356.8725198962025,370.23138427734375,63150,0.0,0.0
2007-08-10 00:00:00-04:00,364.12450393277624,367.941322571233,337.02509742373644,357.6358947753906,26670,0.0,0.0
2007-08-13 00:00:00-04:00,377.86502196309874,377.86502196309874,341.22357111189183,356.4908447265625,20093,0.0,0.0
2007-08-14 00:00:00-04:00,356.4908532579252,359.9259957274369,335.88002756086905,343.1319885253906,11313,0.0,0.0
2007-08-15 00:00:00-04:00,332.8265465811747,348.0938198944398,327.8647002263712,331.6815185546875,14933,0.0,0.0
2007-08-16 00:00:00-04:00,326.7196585463016,331.6815342560059,299.6202529564124,329.3914489746094,22313,0.0,0.0
2007-08-17 00:00:00-04:00,336.2616971243758,343.5136579495354,319.4676902450625,327.4830322265625,11818,0.0,0.0
2007-08-20 00:00:00-04:00,323.66622542986903,359.1626205542202,323.28452027798244,355.72747802734375,17683,0.0,0.0
2007-08-21 00:00:00-04:00,356.10914604156204,362.21604927468394,347.71212861600924,352.2923278808594,12550,0.0,0.0
2007-08-22 00:00:00-04:00,355.34577934083813,362.59773996412315,350.76560901034907,359.16259765625,13328,0.0,0.0
2007-08-23 00:00:00-04:00,360.3076636913792,361.83439687922674,337.406753233707,350.3839416503906,8535,0.0,0.0
2007-08-24 00:00:00-04:00,349.62056695751306,356.49085186978425,341.605253973206,355.3457946777344,5148,0.0,0.0
2007-08-27 00:00:00-04:00,355.3457874616753,358.78092984805295,341.98692305243924,345.8037414550781,6703,0.0,0.0
2007-08-28 00:00:00-04:00,344.2770013126162,344.6587064411771,326.3379668307442,330.15478515625,13050,0.0,0.0
2007-08-29 00:00:00-04:00,341.98692262994473,367.94129938383,341.98692262994473,362.5977478027344,31908,0.0,0.0
2007-08-30 00:00:00-04:00,364.50614953943204,367.94129185124075,346.5671150844494,353.0556945800781,11973,0.0,0.0
2007-08-31 00:00:00-04:00,361.83438054448925,367.9412839001743,354.96409606933594,358.7809143066406,15013,0.0,0.0
2007-09-04 00:00:00-04:00,358.78093619351034,377.865028544229,355.72746976938976,370.6130676269531,21278,0.0,0.0
2007-09-05 00:00:00-04:00,367.17792684456606,371.37645047677097,338.93349333345645,349.2388916015625,33923,0.0,0.0
2007-09-06 00:00:00-04:00,343.5136410702508,344.65869818848984,322.52114078262434,334.353271484375,29145,0.0,0.0
2007-09-07 00:00:00-04:00,328.6280765879004,328.6280765879004,310.3073647268416,314.505859375,24300,0.0,0.0
2007-09-10 00:00:00-04:00,324.42954986473063,327.48301609969764,293.89500399510894,296.1850891113281,29708,0.0,0.0
2007-09-11 00:00:00-04:00,297.71183757540547,303.43706522108636,280.1544786193202,301.5286560058594,39803,0.0,0.0
2007-09-12 00:00:00-04:00,293.51334351170567,310.68902647132415,293.51334351170567,293.89501953125,24803,0.0,0.0
2007-09-13 00:00:00-04:00,294.2767033187493,297.33016979573307,283.5896288893351,285.1163330078125,16253,0.0,0.0
2007-09-14 00:00:00-04:00,282.8262480240414,290.4598851049603,276.7193441833092,288.1697998046875,18578,0.0,0.0
2007-09-17 00:00:00-04:00,286.64305828514125,291.986609911445,279.39109744373013,290.841552734375,15733,0.0,0.0
2007-09-18 00:00:00-04:00,299.2385856596845,313.3608029069848,291.6049484189783,306.8722229003906,18805,0.0,0.0
2007-09-19 00:00:00-04:00,309.92564448482796,312.597434854533,295.80342795929295,298.4751892089844,11878,0.0,0.0
2007-09-20 00:00:00-04:00,314.5058511645717,330.154801237369,312.979117936003,318.704345703125,33065,0.0,0.0
2007-09-21 00:00:00-04:00,318.7043230850728,339.31514740799014,315.65085684463605,329.7731018066406,24413,0.0,0.0
2007-09-24 00:00:00-04:00,333.97161829935425,345.4220737839035,330.1547998045045,330.91815185546875,18235,0.0,0.0
2007-09-25 00:00:00-04:00,328.6280599194783,336.6433727721458,324.81124150201623,335.1166687011719,13098,0.0,0.0
2007-09-26 00:00:00-04:00,338.5517813434353,339.31516249749853,324.4295648734212,330.5364685058594,21510,0.0,0.0
2007-09-27 00:00:00-04:00,335.1166755098727,343.1319885253906,325.9563052978462,343.1319885253906,27675,0.0,0.0
2007-09-28 00:00:00-04:00,341.98690823849756,370.2313690185547,341.98690823849756,366.41455078125,40128,0.0,0.0
2007-10-01 00:00:00-04:00,375.1932669872016,393.1323021356784,375.1932669872016,379.7734375,43885,0.0,0.0
2007-10-02 00:00:00-04:00,379.7734509335751,412.2164090535287,379.7734509335751,398.8575439453125,52705,0.0,0.0
2007-10-03 00:00:00-04:00,400.7659077991721,414.12477139247784,396.18573764375765,398.0941467285156,23918,0.0,0.0
2007-10-04 00:00:00-04:00,398.8575432289374,407.25453249101434,376.3383076915303,406.4911804199219,20675,0.0,0.0
2007-10-05 00:00:00-04:00,408.39957499321395,417.9416211379152,403.05602332817847,405.7278137207031,16683,0.0,0.0
2007-10-08 00:00:00-04:00,387.407058006796,412.21637699245287,387.407058006796,395.8040466308594,15215,0.0,0.0
2007-10-09 00:00:00-04:00,397.7124568467169,404.582741462961,385.1169738769531,385.1169738769531,15798,0.0,0.0
2007-10-10 00:00:00-04:00,381.68184710754673,390.0788360959072,366.4145732232449,382.826904296875,27098,0.0,0.0
2007-10-11 00:00:00-04:00,400.00258897551697,402.29267424308387,349.2388914643825,359.9259948730469,48690,0.0,0.0
2007-10-12 00:00:00-04:00,367.1779245442818,378.24670391254267,358.7809355725053,376.719970703125,12985,0.0,0.0
2007-10-15 00:00:00-04:00,375.574935756765,389.31547614981463,374.81155460603185,379.3917541503906,24715,0.0,0.0
2007-10-16 00:00:00-04:00,368.32298209798995,388.1704264801351,362.9794304197158,379.7734375,19508,0.0,0.0
2007-10-17 00:00:00-04:00,388.17043319245016,395.040718200464,377.10168274178204,386.26202392578125,13108,0.0,0.0
2007-10-18 00:00:00-04:00,380.9184860855763,393.89564528543485,380.9184860855763,390.0788269042969,16005,0.0,0.0
2007-10-19 00:00:00-04:00,390.07883600068334,390.07883600068334,368.32298236886965,370.6130676269531,11465,0.0,0.0
2007-10-22 00:00:00-04:00,366.7962488870525,385.49866520100505,355.34579348504246,379.7734375,16760,0.0,0.0
2007-10-23 00:00:00-04:00,382.06350000887477,388.9337844890393,372.9031304086595,383.20855712890625,18323,0.0,0.0
2007-10-24 00:00:00-04:00,386.6437293951144,395.04071852740117,375.5749498152713,389.31549072265625,18283,0.0,0.0
2007-10-25 00:00:00-04:00,389.6971514883682,393.895645890062,372.1397927321857,374.8115539550781,11050,0.0,0.0
2007-10-26 00:00:00-04:00,374.0482171630859,386.2620248510176,372.1398078918457,381.6818542480469,10708,0.0,0.0
2007-10-29 00:00:00-04:00,381.68181590761236,393.1322703848407,381.30013991570706,385.88031005859375,13725,0.0,0.0
2007-10-30 00:00:00-04:00,386.643707027231,390.8422013504856,382.0635075763974,385.1169738769531,10005,0.0,0.0
2007-10-31 00:00:00-04:00,388.17042492234765,419.8500297221126,381.6818452019205,411.834716796875,39353,0.0,0.0
2007-11-01 00:00:00-04:00,406.4911726017121,411.83472435662947,391.2238985133849,401.529296875,24648,0.0,0.0
2007-11-02 00:00:00-04:00,395.0407271076371,399.620897802908,374.81157677682455,386.64373779296875,27560,0.0,0.0
2007-11-05 00:00:00-05:00,385.49864885405316,400.76592207599583,378.2466882496278,395.8040466308594,21930,0.0,0.0
2007-11-06 00:00:00-05:00,395.8040687025664,414.1248092385446,395.8040687025664,410.6896667480469,25615,0.0,0.0
2007-11-07 00:00:00-05:00,408.39955961563567,408.39955961563567,387.4070588877292,392.7506103515625,16515,0.0,0.0
2007-11-08 00:00:00-05:00,399.23919745586016,400.7659306346615,362.59774676469374,374.8115539550781,22565,0.0,0.0
2007-11-09 00:00:00-05:00,366.0328823634799,372.13978584566263,356.1091605649315,368.3229675292969,15685,0.0,0.0
2007-11-12 00:00:00-05:00,367.55965126116604,368.3230033506741,316.79595106845545,320.99444580078125,30438,0.0,0.0
2007-11-13 00:00:00-05:00,317.5592797620626,342.75030454012204,309.16229091605175,338.17010498046875,28895,0.0,0.0
2007-11-14 00:00:00-05:00,343.8953253040682,346.56711560393,327.1013188478402,330.15478515625,20145,0.0,0.0
2007-11-15 00:00:00-05:00,337.0250544467756,351.52894595138616,324.81121888919597,327.86468505859375,24008,0.0,0.0
2007-11-16 00:00:00-05:00,330.9181449401643,340.8418961154052,324.81124130002553,333.5899353027344,11880,0.0,0.0
2007-11-19 00:00:00-05:00,329.3914261244783,333.2082443687016,302.2919932944829,308.39892578125,20825,0.0,0.0
2007-11-20 00:00:00-05:00,309.92563757228356,320.2310645627,282.4445571711991,293.5133361816406,31265,0.0,0.0
2007-11-21 00:00:00-05:00,282.44456347080876,309.1622924477772,275.57427865729716,298.4751892089844,16383,0.0,0.0
2007-11-23 00:00:00-05:00,301.910339189446,301.910339189446,287.7881223096419,300.38360595703125,4788,0.0,0.0
2007-11-26 00:00:00-05:00,300.38357533984436,308.3989167130388,285.1163028118724,286.6430358886719,11453,0.0,0.0
2007-11-27 00:00:00-05:00,287.78811585849945,296.566780788074,282.4445642248377,293.89501953125,28888,0.0,0.0
2007-11-28 00:00:00-05:00,303.05539595031775,324.4295738128056,297.7118442046922,321.7578125,23255,0.0,0.0
2007-11-29 00:00:00-05:00,321.37609171965585,336.6433650387846,314.88751220703125,314.88751220703125,17525,0.0,0.0
2007-11-30 00:00:00-05:00,320.2310626978785,337.7884211363292,314.8875112287814,334.7349548339844,21240,0.0,0.0
2007-12-03 00:00:00-05:00,338.93346334152557,340.8418724163765,319.4676674820371,320.2310485839844,19160,0.0,0.0
2007-12-04 00:00:00-05:00,318.70433857612926,330.15479385431354,311.45237774260977,319.8493957519531,20445,0.0,0.0
2007-12-05 00:00:00-05:00,328.6280671012033,343.13198905252824,328.6280671012033,335.49835205078125,16435,0.0,0.0
2007-12-06 00:00:00-05:00,335.11667449857293,346.5671299490479,334.7349693542125,346.1854248046875,10975,0.0,0.0
2007-12-07 00:00:00-05:00,347.33047370563884,377.48334482936184,346.1854165399226,368.70465087890625,28413,0.0,0.0
2007-12-10 00:00:00-05:00,375.9566268914117,378.62838822639054,363.74281918863056,372.521484375,20873,0.0,0.0
2007-12-11 00:00:00-05:00,372.9031453825953,389.31547612201916,359.16260499052675,359.5442810058594,24243,0.0,0.0
2007-12-12 00:00:00-05:00,398.8575472854368,445.42272297601755,387.7887674219336,437.40740966796875,117088,0.0,0.0
2007-12-13 00:00:00-05:00,431.68217866525026,479.7740872936309,431.30050262852006,466.41522216796875,129280,0.0,0.0
2007-12-14 00:00:00-05:00,467.56025625936934,490.4611667700323,450.76624939421373,488.17108154296875,74673,0.0,0.0
2007-12-17 00:00:00-05:00,502.2933036413198,515.2704623603105,440.0791546861071,444.27764892578125,96883,0.0,0.0
2007-12-18 00:00:00-05:00,457.2548759304081,538.5531230476557,453.8197333964372,530.5377807617188,134745,0.0,0.0
2007-12-19 00:00:00-05:00,543.8966226307957,547.7134410352223,520.6140070677825,535.4996337890625,82503,0.0,0.0
2007-12-20 00:00:00-05:00,524.0492236995633,543.1333173649514,524.0492236995633,528.62939453125,60850,0.0,0.0
2007-12-21 00:00:00-05:00,535.4996264381545,537.7896825053582,505.3467265130826,507.6368408203125,51538,0.0,0.0
2007-12-24 00:00:00-05:00,507.6368475658605,566.0341807759536,507.6368475658605,553.8203735351562,40495,0.0,0.0
2007-12-26 00:00:00-05:00,558.7821821041952,590.8434911285505,558.7821821041952,571.7593994140625,54645,0.0,0.0
2007-12-27 00:00:00-05:00,576.7212577663871,577.8662566432037,529.392676777153,543.514892578125,34010,0.0,0.0
2007-12-28 00:00:00-05:00,553.4386532112602,557.6371766350799,534.3545617212168,550.0035400390625,23725,0.0,0.0
2007-12-31 00:00:00-05:00,565.652525020958,606.8741790173101,557.6372406194656,583.9732666015625,48438,0.0,0.0
2008-01-02 00:00:00-05:00,598.4771611172907,599.2405131803426,534.354597740433,542.7515869140625,54935,0.0,0.0
2008-01-03 00:00:00-05:00,549.6218719615882,575.9578966970693,534.354597740433,542.7515869140625,39563,0.0,0.0
2008-01-04 00:00:00-05:00,526.7209307467677,553.4386591179806,504.5833727340434,532.064453125,55948,0.0,0.0
2008-01-07 00:00:00-05:00,535.8812651187814,545.8050159780283,471.75873525910447,479.7740478515625,83095,0.0,0.0
2008-01-08 00:00:00-05:00,479.7740785285346,498.8581712165433,476.33896514070454,481.3008117675781,41060,0.0,0.0
2008-01-09 00:00:00-05:00,477.10228588094503,504.20171901499276,466.41518302920684,499.6214904785156,78750,0.0,0.0
2008-01-10 00:00:00-05:00,500.0032340588667,521.37744140625,488.9344834711327,521.37744140625,36610,0.0,0.0
2008-01-11 00:00:00-05:00,517.9422479538223,517.9422479538223,483.5908821733031,489.69781494140625,44843,0.0,0.0
2008-01-14 00:00:00-05:00,497.7130990964915,501.91162265808333,477.4839789252461,492.75128173828125,26570,0.0,0.0
2008-01-15 00:00:00-05:00,480.919131424809,484.3542739018462,435.117309384351,445.8044128417969,61803,0.0,0.0
2008-01-16 00:00:00-05:00,435.8806549227886,453.8197190925441,414.1248014267177,417.9416198730469,44310,0.0,0.0
2008-01-17 00:00:00-05:00,429.3920761036082,442.3692646720756,399.2392044909965,402.6743469238281,34458,0.0,0.0
2008-01-18 00:00:00-05:00,415.6515433871901,416.79657147320677,385.49867120185405,406.1094970703125,30453,0.0,0.0
2008-01-22 00:00:00-05:00,353.4373958798711,426.3386251805333,330.1548082870962,403.4377136230469,49773,0.0,0.0
2008-01-23 00:00:00-05:00,395.0406802155251,423.66681646302686,375.1932373985951,410.3079528808594,43960,0.0,0.0
2008-01-24 00:00:00-05:00,438.5524207228894,438.93409672212357,414.8881302102111,432.0638122558594,37338,0.0,0.0
2008-01-25 00:00:00-05:00,440.84254542467386,451.91132511648243,419.8500432615941,427.8653564453125,37438,0.0,0.0
2008-01-28 00:00:00-05:00,424.8118892568407,438.9341053460566,408.78123489393363,430.9187927246094,29653,0.0,0.0
2008-01-29 00:00:00-05:00,429.39208762408464,500.38493607394497,393.1323113358286,449.2395324707031,68305,0.0,0.0
2008-01-30 00:00:00-05:00,446.5677415346827,482.82751541997743,431.6821443261907,470.61370849609375,51350,0.0,0.0
2008-01-31 00:00:00-05:00,494.2779539738208,535.8812488115152,494.2779539738208,521.759033203125,96135,0.0,0.0
2008-02-01 00:00:00-05:00,514.8887978119665,576.339599609375,512.2170364816507,576.339599609375,59805,0.0,0.0
2008-02-04 00:00:00-05:00,575.9578337051887,588.5533452080903,554.5836870772561,564.125732421875,36683,0.0,0.0
2008-02-05 00:00:00-05:00,552.6753021455447,552.6753021455447,476.3389360547244,496.5680847167969,64433,0.0,0.0
2008-02-06 00:00:00-05:00,503.43832791259797,513.7437842715891,450.3845750008783,459.16326904296875,52930,0.0,0.0
2008-02-07 00:00:00-05:00,474.04882725838735,571.7594002806751,465.6518385392906,522.9041137695312,139815,0.0,0.0
2008-02-08 00:00:00-05:00,527.4842929463479,529.0110552553261,505.3467345063942,523.2858276367188,46908,0.0,0.0
2008-02-11 00:00:00-05:00,525.9575792497023,557.2554780105065,505.72843038624734,553.4386596679688,71388,0.0,0.0
2008-02-12 00:00:00-05:00,553.0569721261338,564.5074275178966,517.5606070036913,532.827880859375,44408,0.0,0.0
2008-02-13 00:00:00-05:00,552.293611908709,555.3470782826672,528.6293494305801,538.5531005859375,41160,0.0,0.0
2008-02-14 00:00:00-05:00,538.5531073898464,553.4386760709151,517.9422527852578,523.66748046875,21333,0.0,0.0
2008-02-15 00:00:00-05:00,480.9191285398193,484.7359470202941,458.39989368101544,470.2320251464844,95578,0.0,0.0
2008-02-19 00:00:00-05:00,488.5527836134454,488.5527836134454,450.76627343184,454.201416015625,43143,0.0,0.0
2008-02-20 00:00:00-05:00,446.56774895910127,469.8503351748467,437.02570304117177,464.88848876953125,34448,0.0,0.0
2008-02-21 00:00:00-05:00,466.0335168405704,476.7206199174111,450.7662433708055,455.7281188964844,24545,0.0,0.0
2008-02-22 00:00:00-05:00,456.1098034560418,459.9266218950045,424.04852274475246,433.2088928222656,26050,0.0,0.0
2008-02-25 00:00:00-05:00,435.88064665145146,450.3845681202793,428.2470099036501,441.9875793457031,37355,0.0,0.0
2008-02-26 00:00:00-05:00,438.17077320650765,484.3542709962494,438.17077320650765,470.2320251464844,49278,0.0,0.0
2008-02-27 00:00:00-05:00,467.5602571463879,487.4077013119434,452.2929834436487,463.7434387207031,45988,0.0,0.0
2008-02-28 00:00:00-05:00,458.01821288502236,465.6518497664394,433.20889302041695,434.7356262207031,30853,0.0,0.0
2008-02-29 00:00:00-05:00,429.77374271640826,442.75093100077856,414.12479322055583,420.6133728027344,29308,0.0,0.0
2008-03-03 00:00:00-05:00,414.50649364645255,422.14013083743697,400.7659525266835,406.4911804199219,34743,0.0,0.0
2008-03-04 00:00:00-05:00,407.6362223665138,416.7965633563119,384.73531165199086,401.1476135253906,52135,0.0,0.0
2008-03-05 00:00:00-05:00,404.58274842468296,433.20888628491997,397.3307876760869,419.086669921875,38060,0.0,0.0
2008-03-06 00:00:00-05:00,413.7431412959247,419.0866931500078,403.0560375877584,403.4377136230469,19315,0.0,0.0
2008-03-07 00:00:00-05:00,395.42236385504737,402.6743243353258,371.7581024141516,375.5749206542969,39350,0.0,0.0
2008-03-10 00:00:00-04:00,374.0482036884015,378.6283741263765,347.3304748535156,347.3304748535156,38710,0.0,0.0
2008-03-11 00:00:00-04:00,363.3610996321382,383.97192479345995,362.5977476009836,380.9184875488281,60258,0.0,0.0
2008-03-12 00:00:00-04:00,382.06351537792324,402.2926645121444,379.01007813503077,379.3917541503906,42840,0.0,0.0
2008-03-13 00:00:00-04:00,370.2313913316583,383.20857994460584,345.80374731670076,379.7734375,49523,0.0,0.0
2008-03-14 00:00:00-04:00,393.1323040043267,393.8956560534169,320.99442880477267,347.712158203125,117585,0.0,0.0
2008-03-17 00:00:00-04:00,331.6815337212329,346.18542656003535,325.19292479438786,337.02508544921875,71715,0.0,0.0
2008-03-18 00:00:00-04:00,343.1319863314633,356.10917495552576,233.20760273001093,258.7803039550781,385825,0.0,0.0
2008-03-19 00:00:00-04:00,272.9025121703184,278.627739698367,222.90219758269623,253.81842041015625,280255,0.0,0.0
2008-03-20 00:00:00-04:00,248.0931936094857,250.38327880341677,231.68087755962873,235.49769592285156,92593,0.0,0.0
2008-03-24 00:00:00-04:00,244.2763671875,264.1238103734795,240.4595489501953,251.91000366210938,115628,0.0,0.0
2008-03-25 00:00:00-04:00,254.58178203040734,255.72683922719148,214.50520238316798,225.19229125976562,167938,0.0,0.0
2008-03-26 00:00:00-04:00,222.52052274943495,244.2763918067227,215.6502521418724,227.1007080078125,101935,0.0,0.0
2008-03-27 00:00:00-04:00,236.64273071289062,255.34514589968603,232.82591247558594,236.64273071289062,118510,0.0,0.0
2008-03-28 00:00:00-04:00,236.26107176672477,240.07789027953126,214.88687935900413,215.26856994628906,120303,0.0,0.0
2008-03-31 00:00:00-04:00,223.28388209565168,226.71902456727992,215.65024510092854,219.84873962402344,96750,0.0,0.0
2008-04-01 00:00:00-04:00,224.42892464857857,237.40611335873737,221.3754727638374,225.19229125976562,73995,0.0,0.0
2008-04-02 00:00:00-04:00,232.8259334167242,260.688720703125,230.9175241264232,260.688720703125,169935,0.0,0.0
2008-04-03 00:00:00-04:00,259.543662901078,277.4826985418231,251.91002575692863,254.581787109375,121915,0.0,0.0
2008-04-04 00:00:00-04:00,256.87189471977524,274.4292538605591,251.52834303692433,258.7803039550781,82800,0.0,0.0
2008-04-07 00:00:00-04:00,277.86438695675895,282.0628813091249,258.3985901157672,267.5589599609375,85190,0.0,0.0
2008-04-08 00:00:00-04:00,263.3604810975438,274.810936797437,262.2154238795486,265.2688903808594,45655,0.0,0.0
2008-04-09 00:00:00-04:00,270.23077360858963,272.5208589876423,259.5436696796564,265.65057373046875,44258,0.0,0.0
2008-04-10 00:00:00-04:00,269.849030502224,287.4064172196059,269.4673545127182,274.4292297363281,104663,0.0,0.0
2008-04-11 00:00:00-04:00,268.32232654420073,274.4292297363281,259.9253091750156,274.4292297363281,65193,0.0,0.0
2008-04-14 00:00:00-04:00,280.53613292845546,281.6811900169843,267.9406214346835,274.4292297363281,94013,0.0,0.0
2008-04-15 00:00:00-04:00,276.33764649231574,276.33764649231574,261.8337255274657,268.7040100097656,77860,0.0,0.0
2008-04-16 00:00:00-04:00,269.0857155034947,274.4292674509715,267.55898221564206,273.2842102050781,51258,0.0,0.0
2008-04-17 00:00:00-04:00,273.2841724383797,273.2841724383797,264.1238030972026,266.79559326171875,30250,0.0,0.0
2008-04-18 00:00:00-04:00,269.8490453804744,270.99410253213654,258.780295474468,269.085693359375,49213,0.0,0.0
2008-04-21 00:00:00-04:00,269.4673693699247,280.53614839594417,266.4139321655141,269.085693359375,58545,0.0,0.0
2008-04-22 00:00:00-04:00,269.4673935173481,269.84906956210045,259.92534679846176,261.0704040527344,29708,0.0,0.0
2008-04-23 00:00:00-04:00,261.4520568847656,262.9787900482413,252.2916870239245,261.4520568847656,27185,0.0,0.0
2008-04-24 00:00:00-04:00,261.0703806379031,262.5971137999987,253.8184199579588,259.9253234863281,34103,0.0,0.0
2008-04-25 00:00:00-04:00,261.4520737081784,261.8337497436034,246.18479933105849,247.71153259277344,33303,0.0,0.0
2008-04-28 00:00:00-04:00,244.65805077382052,246.18478394008724,232.82591969527633,237.0244140625,49600,0.0,0.0
2008-04-29 00:00:00-04:00,234.73432887310645,241.60459900129362,234.73432887310645,237.0244140625,27363,0.0,0.0
2008-04-30 00:00:00-04:00,238.9328311460189,244.65805886894276,233.58929400729423,235.87937927246094,29015,0.0,0.0
2008-05-01 00:00:00-04:00,235.11600405263522,274.42924462481847,235.11600405263522,267.5589599609375,68260,0.0,0.0
2008-05-02 00:00:00-04:00,271.3757853241662,282.44456462678625,269.08570008362744,275.57427978515625,46728,0.0,0.0
2008-05-05 00:00:00-04:00,289.31485008206715,297.7118390218576,275.9559855105735,280.15447998046875,89060,0.0,0.0
2008-05-06 00:00:00-04:00,283.9712982308949,285.49803143342933,274.04757609444175,278.62774658203125,35780,0.0,0.0
2008-05-07 00:00:00-04:00,291.6049264834722,291.6049264834722,273.6658628452405,281.29949951171875,68705,0.0,0.0
2008-05-08 00:00:00-04:00,274.4292458343142,289.6965192702147,255.72683005133348,256.87188720703125,90820,0.0,0.0
2008-05-09 00:00:00-04:00,256.490196541234,261.452072335758,252.67337796698936,256.1085205078125,42743,0.0,0.0
2008-05-12 00:00:00-04:00,257.6352304727733,268.7040091615319,251.1466511310935,264.1238098144531,57783,0.0,0.0
2008-05-13 00:00:00-04:00,286.2613598994748,291.98658709746434,277.8643716570948,286.6430358886719,121090,0.0,0.0
2008-05-14 00:00:00-04:00,290.0781930088266,319.08600648570666,285.49802266195553,305.7271423339844,141558,0.0,0.0
2008-05-15 00:00:00-04:00,309.54396138968445,319.84938837435504,303.43705787284983,310.3073425292969,61615,0.0,0.0
2008-05-16 00:00:00-04:00,311.4523850881181,312.59744229094775,297.71184425423326,309.5439758300781,65033,0.0,0.0
2008-05-19 00:00:00-04:00,312.9791109370371,354.9641136237128,311.45237774260977,319.8493957519531,126898,0.0,0.0
2008-05-20 00:00:00-04:00,308.3989252222236,314.12415257818066,296.56676539056934,305.345458984375,90193,0.0,0.0
2008-05-21 00:00:00-04:00,305.34549197635135,306.10884405828614,281.6812279961903,282.444580078125,99775,0.0,0.0
2008-05-22 00:00:00-04:00,284.3529667616905,293.8950126261767,273.6658637454606,278.2460632324219,58515,0.0,0.0
2008-05-23 00:00:00-04:00,279.00941501550443,280.5361481765221,269.8490451694113,276.7193298339844,31880,0.0,0.0
2008-05-27 00:00:00-04:00,282.44458863617865,284.7346740713877,276.719360488148,279.7728271484375,35025,0.0,0.0
2008-05-28 00:00:00-04:00,284.35297344257305,295.42175272944104,271.3757849379696,293.89501953125,55823,0.0,0.0
2008-05-29 00:00:00-04:00,295.0400759222422,306.8722072166112,292.74996157106256,298.4751892089844,55603,0.0,0.0
2008-05-30 00:00:00-04:00,307.25388344439796,308.780616639553,294.6583709843861,300.0019226074219,56168,0.0,0.0
2008-06-02 00:00:00-04:00,298.4751827929793,301.9103251258935,286.6430517529531,295.0400695800781,37713,0.0,0.0
2008-06-03 00:00:00-04:00,294.65838647649315,316.0325940924171,291.2232730068052,297.71185302734375,63835,0.0,0.0
2008-06-04 00:00:00-04:00,297.711822221379,300.7652884562698,286.26136752055675,288.55145263671875,45978,0.0,0.0
2008-06-05 00:00:00-04:00,293.89501973046157,298.8568953479424,285.4980308147396,295.4217529296875,59068,0.0,0.0
2008-06-06 00:00:00-04:00,290.4598767335403,301.5286560058594,288.1697914992707,301.5286560058594,41573,0.0,0.0
2008-06-09 00:00:00-04:00,307.25385962543635,308.0172116038304,286.2613598994748,286.6430358886719,29755,0.0,0.0
2008-06-10 00:00:00-04:00,278.6277696633892,279.0094457156372,267.1773133758527,275.192626953125,77125,0.0,0.0
2008-06-11 00:00:00-04:00,278.24607896530625,280.5361642782688,269.4673846255995,275.95599365234375,36698,0.0,0.0
2008-06-12 00:00:00-04:00,278.6277540557238,283.20792466616825,273.6658782943969,280.5361633300781,49315,0.0,0.0
2008-06-13 00:00:00-04:00,278.2460770041958,298.09352173667014,277.48269582524557,297.3301696777344,32025,0.0,0.0
2008-06-16 00:00:00-04:00,297.7118296074328,301.5286479357332,291.60492610615466,296.5667724609375,43838,0.0,0.0
2008-06-17 00:00:00-04:00,303.81874999656833,303.81874999656833,285.4980384743717,288.1697998046875,59755,0.0,0.0
2008-06-18 00:00:00-04:00,291.98659544121125,291.98659544121125,279.0094075975994,283.9712829589844,36070,0.0,0.0
2008-06-19 00:00:00-04:00,282.8262252933686,297.7118222288116,275.57426482533106,296.1850891113281,36075,0.0,0.0
2008-06-20 00:00:00-04:00,295.8034520367392,295.8034520367392,285.1163479280506,291.98663330078125,28188,0.0,0.0
2008-06-23 00:00:00-04:00,291.9866103135146,300.0019232040005,287.02473469939713,293.89501953125,35978,0.0,0.0
2008-06-24 00:00:00-04:00,296.56677999634377,303.05538879132996,293.8950187466524,298.4751892089844,41248,0.0,0.0
2008-06-25 00:00:00-04:00,301.1470040910835,301.1470040910835,288.16981456482335,291.98663330078125,37345,0.0,0.0
2008-06-26 00:00:00-04:00,287.02472868286605,287.4064338144229,261.4520573492644,264.5055236816406,69280,0.0,0.0
2008-06-27 00:00:00-04:00,262.97880471886987,275.95599365234375,246.56647325594489,275.95599365234375,325325,0.0,0.0
2008-06-30 00:00:00-04:00,267.17727629877345,276.33764588159096,228.6274179710957,238.9328155517578,148745,0.0,0.0
2008-07-01 00:00:00-04:00,227.86406785483055,229.3907865221283,175.57365137973432,212.9784698486328,215743,0.0,0.0
2008-07-02 00:00:00-04:00,213.74182918912712,217.17697155366932,198.09287966178297,198.85623168945312,64843,0.0,0.0
2008-07-03 00:00:00-04:00,200.00128918369262,208.01660196761648,185.11569165925502,201.14633178710938,48173,0.0,0.0
2008-07-07 00:00:00-04:00,204.19977554861617,205.72650866644005,188.16913605148994,193.8943634033203,56340,0.0,0.0
2008-07-08 00:00:00-04:00,194.65773754837807,198.4745559316796,178.2454214121828,195.8027801513672,50598,0.0,0.0
2008-07-09 00:00:00-04:00,213.7418374980577,219.46706528818424,198.47456339105358,203.05474853515625,58078,0.0,0.0
2008-07-10 00:00:00-04:00,202.29137420031327,202.6730502144244,188.93250986633032,195.03941345214844,63018,0.0,0.0
2008-07-11 00:00:00-04:00,192.74932883064167,196.56614722332768,183.9706494394653,194.27606201171875,37418,0.0,0.0
2008-07-14 00:00:00-04:00,195.8027803409333,198.85623213852938,183.5889585905423,187.40577697753906,27203,0.0,0.0
2008-07-15 00:00:00-04:00,190.84091984177545,190.84091984177545,175.9553222701143,185.87905883789062,51103,0.0,0.0
2008-07-16 00:00:00-04:00,186.26074138825396,204.19979139474722,179.39047094491812,198.4745635986328,48740,0.0,0.0
2008-07-17 00:00:00-04:00,200.76463316180488,201.14632372097546,185.8790507942981,189.31417846679688,40533,0.0,0.0
2008-07-18 00:00:00-04:00,190.45924382609456,193.8943716472425,183.97064963947287,185.87905883789062,31830,0.0,0.0
2008-07-21 00:00:00-04:00,188.1691363216902,196.1844633617659,183.2072755216468,195.4210968017578,28840,0.0,0.0
2008-07-22 00:00:00-04:00,195.0394213909749,195.0394213909749,184.35233240078577,194.65774536132812,38160,0.0,0.0
2008-07-23 00:00:00-04:00,193.51270179121076,216.41361290117635,189.3141926850461,205.34483337402344,55038,0.0,0.0
2008-07-24 00:00:00-04:00,209.16164493857474,209.16164493857474,187.78746777054772,188.93251037597656,29488,0.0,0.0
2008-07-25 00:00:00-04:00,191.60428632151326,194.65773812520135,183.97064953228968,185.11569213867188,25483,0.0,0.0
2008-07-28 00:00:00-04:00,188.55084260619554,190.840927917199,184.73402404785156,184.73402404785156,36113,0.0,0.0
2008-07-29 00:00:00-04:00,185.49736785135315,194.27606179263663,182.06224003781352,192.74932861328125,26943,0.0,0.0
2008-07-30 00:00:00-04:00,195.03942161597286,200.0012973671483,186.6424324739993,190.0775604248047,31010,0.0,0.0
2008-07-31 00:00:00-04:00,186.64241776710608,196.56613936748133,186.26072720708788,187.78746032714844,31018,0.0,0.0
2008-08-01 00:00:00-04:00,190.45923557851646,191.22258757682226,180.535499440474,185.4973602294922,35670,0.0,0.0
2008-08-04 00:00:00-04:00,184.7340160146941,190.45924360324858,177.4820552451891,184.35232543945312,24520,0.0,0.0
2008-08-05 00:00:00-04:00,181.29887368427362,185.4973680929594,172.52019429156275,179.7721405029297,46670,0.0,0.0
2008-08-06 00:00:00-04:00,187.78747600242207,187.78747600242207,173.28356839117967,177.86373901367188,63105,0.0,0.0
2008-08-07 00:00:00-04:00,178.24543027870902,186.26074345834817,168.32169325248105,170.2301025390625,95775,0.0,0.0
2008-08-08 00:00:00-04:00,154.1994626111118,186.26072706846753,148.8559112548828,183.207275390625,87808,0.0,0.0
2008-08-11 00:00:00-04:00,187.4057847651695,200.38297364422712,183.20729018900767,192.36766052246094,51218,0.0,0.0
2008-08-12 00:00:00-04:00,196.5661393617669,202.29136672181835,193.13099712173357,195.4210968017578,31568,0.0,0.0
2008-08-13 00:00:00-04:00,197.32951962064317,225.19229179516174,194.65774375513982,217.55865478515625,120965,0.0,0.0
2008-08-14 00:00:00-04:00,228.2457355935589,237.02441493177142,216.4136044716211,224.0472412109375,74445,0.0,0.0
2008-08-15 00:00:00-04:00,236.64273891880825,237.7877815177044,222.13883202610842,224.0472412109375,49013,0.0,0.0
2008-08-18 00:00:00-04:00,229.39079508503173,230.1541617271798,207.25324982278366,212.5968017578125,47108,0.0,0.0
2008-08-19 00:00:00-04:00,206.8715593268428,212.9784629173004,203.05474094280513,205.7265167236328,38680,0.0,0.0
2008-08-20 00:00:00-04:00,206.8715663274113,211.83342748256916,200.38297194297084,209.16165161132812,33498,0.0,0.0
2008-08-21 00:00:00-04:00,209.92501897130668,213.36016146938547,201.52801530045298,203.05474853515625,30970,0.0,0.0
2008-08-22 00:00:00-04:00,210.3066868472066,215.26856238763608,202.29137407575482,213.3601531982422,25820,0.0,0.0
2008-08-25 00:00:00-04:00,217.17696381899762,220.9937820614404,206.10818509191105,207.63491821289062,26353,0.0,0.0
2008-08-26 00:00:00-04:00,206.10820015617736,215.6502464597041,200.38297237406132,206.87156677246094,38868,0.0,0.0
2008-08-27 00:00:00-04:00,205.7265088147251,212.5967787298723,201.52800001768628,209.9250030517578,35515,0.0,0.0
2008-08-28 00:00:00-04:00,204.58145847614222,224.81060745233344,204.58145847614222,221.75714111328125,55030,0.0,0.0
2008-08-29 00:00:00-04:00,221.3754651742799,240.0778809871441,216.79528022419004,236.2610626220703,61383,0.0,0.0
2008-09-02 00:00:00-04:00,239.6961976618133,253.8184289515713,226.33733298015164,235.1160125732422,52105,0.0,0.0
2008-09-03 00:00:00-04:00,235.49770340487794,235.87937942932388,217.94032964023137,231.2991943359375,35445,0.0,0.0
2008-09-04 00:00:00-04:00,233.20758862203436,233.20758862203436,217.5586396632422,222.13882446289062,42823,0.0,0.0
2008-09-05 00:00:00-04:00,216.0319133228344,240.45955664753944,211.45174293945794,233.97096252441406,42085,0.0,0.0
2008-09-08 00:00:00-04:00,234.3526611328125,251.1466683144499,217.17697792614078,234.3526611328125,35698,0.0,0.0
2008-09-09 00:00:00-04:00,234.35266253444874,243.51301823012312,195.80278681513008,209.16165161132812,106545,0.0,0.0
2008-09-10 00:00:00-04:00,210.30669425328654,219.46706450896804,200.38297194297084,209.16165161132812,39353,0.0,0.0
2008-09-11 00:00:00-04:00,201.52800806374233,204.19978384852814,193.13100469441835,198.09288024902344,42698,0.0,0.0
2008-09-12 00:00:00-04:00,195.42111309921324,200.38297431305895,181.68055755317053,184.73402404785156,56123,0.0,0.0
2008-09-15 00:00:00-04:00,167.1766433280887,187.78746855155453,157.6345973098187,174.42860412597656,52443,0.0,0.0
2008-09-16 00:00:00-04:00,169.84842586430318,179.39047226117415,160.30637946743224,177.86373901367188,59465,0.0,0.0
2008-09-17 00:00:00-04:00,178.6270974265103,203.43641691797026,171.75682724856887,195.8027801513672,80160,0.0,0.0
2008-09-18 00:00:00-04:00,199.2379153496327,247.329833984375,191.98595485836015,247.329833984375,99653,0.0,0.0
2008-09-19 00:00:00-04:00,245.80311566058117,253.4367526120277,199.23792734475592,244.27638244628906,113328,0.0,0.0
2008-09-22 00:00:00-04:00,233.58929495381489,240.4595653371609,221.75714887582333,225.95565795898438,28688,0.0,0.0
2008-09-23 00:00:00-04:00,224.42891749841166,228.2457358727384,210.30668660140137,216.41360473632812,31755,0.0,0.0
2008-09-24 00:00:00-04:00,217.1769799961365,233.97097277783672,202.2913819178046,203.05474853515625,27230,0.0,0.0
2008-09-25 00:00:00-04:00,204.19977569580078,216.03190640744288,203.81809969607275,209.9250030517578,13065,0.0,0.0
2008-09-26 00:00:00-04:00,204.5814595604162,208.7799685188616,196.56614677793976,205.7265167236328,20080,0.0,0.0
2008-09-29 00:00:00-04:00,199.23791473646452,199.23791473646452,170.9934539794922,170.9934539794922,63525,0.0,0.0
2008-09-30 00:00:00-04:00,181.29888121264744,198.47456469595087,174.42861073132752,188.55084228515625,48888,0.0,0.0
2008-10-01 00:00:00-04:00,190.84091909908076,205.7265166128117,190.84091909908076,204.96315002441406,24580,0.0,0.0
2008-10-02 00:00:00-04:00,203.8181155042423,209.9250193335799,191.98596931489072,193.13101196289062,22525,0.0,0.0
2008-10-03 00:00:00-04:00,193.51269535769853,201.9096987308544,185.8790585748308,188.93251037597656,50335,0.0,0.0
2008-10-06 00:00:00-04:00,182.06224060503476,184.73401639722738,162.59645802763723,172.1385040283203,62735,0.0,0.0
2008-10-07 00:00:00-04:00,162.5964596372656,180.91719978794922,145.80246724581477,147.71087646484375,67813,0.0,0.0
2008-10-08 00:00:00-04:00,143.89405736837654,163.3598254894007,136.26042052718952,153.05441284179688,43713,0.0,0.0
2008-10-09 00:00:00-04:00,153.43610391864902,172.52019608365495,151.1460041228442,151.52769470214844,31200,0.0,0.0
2008-10-10 00:00:00-04:00,141.985648913575,150.76432841564943,106.1075497450886,137.78713989257812,101928,0.0,0.0
2008-10-13 00:00:00-04:00,149.61929166168363,166.03160868906053,149.61929166168363,163.35983276367188,37345,0.0,0.0
2008-10-14 00:00:00-04:00,174.42861151610091,187.40578591475597,166.03160775226095,175.5736541748047,51630,0.0,0.0
2008-10-15 00:00:00-04:00,174.04691483584236,185.8790607219675,146.94750976763237,152.2910614013672,52890,0.0,0.0
2008-10-16 00:00:00-04:00,153.81778781879277,159.92470636048643,127.86342405661559,148.85592651367188,40495,0.0,0.0
2008-10-17 00:00:00-04:00,143.89405853876232,171.37515430255888,140.84060668945312,140.84060668945312,26760,0.0,0.0
2008-10-20 00:00:00-04:00,181.2988746029207,182.44391721472726,158.3979641267623,166.03160095214844,54868,0.0,0.0
2008-10-21 00:00:00-04:00,163.35981778310196,166.41326946353257,159.16132354251062,164.8865509033203,25818,0.0,0.0
2008-10-22 00:00:00-04:00,162.97814164491137,164.12318420410156,143.13068389892578,152.6727294921875,24370,0.0,0.0
2008-10-23 00:00:00-04:00,152.6727371152288,162.2147831849306,143.13069104552702,150.00096130371094,28683,0.0,0.0
2008-10-24 00:00:00-04:00,139.69555635797167,156.10788815304036,135.8787377191199,145.0391082763672,18375,0.0,0.0
2008-10-27 00:00:00-04:00,138.93219738491965,144.65742505913326,133.97032175259565,134.7336883544922,20185,0.0,0.0
2008-10-28 00:00:00-04:00,138.1688231024309,140.8405987805454,108.01595320372144,127.86341094970703,64695,0.0,0.0
2008-10-29 00:00:00-04:00,133.58863815184392,137.40545638475373,116.79463938304129,121.37481689453125,33253,0.0,0.0
2008-10-30 00:00:00-04:00,133.58864604562953,133.58864604562953,124.80996650320384,131.68023681640625,29903,0.0,0.0
2008-10-31 00:00:00-04:00,132.06190491507806,137.40545626031493,118.32136511304898,135.87872314453125,31103,0.0,0.0
2008-11-03 00:00:00-05:00,135.8787376065503,150.76433610974317,135.11538552741845,143.5123748779297,35618,0.0,0.0
2008-11-04 00:00:00-05:00,153.43609634426502,155.34450546655685,140.45890848867808,146.56582641601562,47660,0.0,0.0
2008-11-05 00:00:00-05:00,139.69554197709547,141.98564166065813,123.6649169921875,123.6649169921875,49150,0.0,0.0
2008-11-06 00:00:00-05:00,121.75650833145025,123.28323427090346,111.832778804999,113.7411880493164,23138,0.0,0.0
2008-11-07 00:00:00-05:00,118.32137341820858,118.32137341820858,106.10755131465015,109.92436981201172,29315,0.0,0.0
2008-11-10 00:00:00-05:00,112.21445480260668,117.55799888273022,92.74868032215377,95.80213928222656,37710,0.0,0.0
2008-11-11 00:00:00-05:00,91.22195432949424,91.60363760886511,57.2522735055407,74.04627227783203,148115,0.0,0.0
2008-11-12 00:00:00-05:00,69.46609917016485,71.37450840802649,59.924049340854936,61.069095611572266,50305,0.0,0.0
2008-11-13 00:00:00-05:00,62.595821806531845,62.595821806531845,51.14536633167833,57.25227737426758,55493,0.0,0.0
2008-11-14 00:00:00-05:00,59.160687009916366,59.54237031759396,48.855277742640965,51.14536666870117,45868,0.0,0.0
2008-11-17 00:00:00-05:00,51.14536648917739,58.01564052324645,47.71023129214375,55.72555160522461,28738,0.0,0.0
2008-11-18 00:00:00-05:00,56.10723161523979,57.25227790126546,50.76368713378906,50.76368713378906,15938,0.0,0.0
2008-11-19 00:00:00-05:00,50.76368769593303,51.145367368833675,43.89341354370117,43.89341354370117,17340,0.0,0.0
2008-11-20 00:00:00-05:00,42.748363529812195,42.748363529812195,31.67959209762921,32.442955017089844,52015,0.0,0.0
2008-11-21 00:00:00-05:00,32.824638323411776,44.65677268464047,31.297908843252205,43.13004684448242,56458,0.0,0.0
2008-11-24 00:00:00-05:00,48.09191131077986,52.67209247371091,40.83995446613763,51.908729553222656,46325,0.0,0.0
2008-11-25 00:00:00-05:00,53.4354591792909,54.19882215385184,47.710231410081164,53.817142486572266,42765,0.0,0.0
2008-11-26 00:00:00-05:00,51.908734627742476,80.15319092695414,50.382004997513654,75.57300567626953,44150,0.0,0.0
2008-11-28 00:00:00-05:00,76.33637260249445,79.00814855558326,69.08441866125823,74.80964660644531,14608,0.0,0.0
2008-12-01 00:00:00-05:00,72.51955174332336,72.51955174332336,53.4354591792909,53.817142486572266,24358,0.0,0.0
2008-12-02 00:00:00-05:00,55.34386456600874,61.83245849609375,54.19881836422894,61.83245849609375,19463,0.0,0.0
2008-12-03 00:00:00-05:00,60.30573303411902,61.06909600619612,51.52704975522798,55.343868255615234,20678,0.0,0.0
2008-12-04 00:00:00-05:00,54.19882220294623,58.77900369446248,51.527049969561894,52.672096252441406,10413,0.0,0.0
2008-12-05 00:00:00-05:00,57.25227729473903,59.5423698425293,51.145366260632834,59.5423698425293,13503,0.0,0.0
2008-12-08 00:00:00-05:00,63.7408674749895,64.88591003417969,57.25227355957031,59.160682678222656,27265,0.0,0.0
2008-12-09 00:00:00-05:00,58.77899948063858,58.77899948063858,48.09191131325086,50.00032043457031,52715,0.0,0.0
2008-12-10 00:00:00-05:00,55.725551270932144,64.50423086402269,40.45827734903312,58.77900314331055,81485,0.0,0.0
2008-12-11 00:00:00-05:00,36.259776774757555,41.22164169298791,34.733050787610615,38.931549072265625,203500,0.0,0.0
2008-12-12 00:00:00-05:00,38.93154529250751,40.83995441115985,37.40481945358624,38.168182373046875,37190,0.0,0.0
2008-12-15 00:00:00-05:00,38.54986572629574,38.93154536675319,34.73304748171207,36.641456604003906,40588,0.0,0.0
2008-12-16 00:00:00-05:00,37.78650298223399,38.168186301247225,35.114730669147065,37.404823303222656,24138,0.0,0.0
2008-12-17 00:00:00-05:00,37.0231398430213,40.07659546347707,36.6414601654655,37.786502838134766,25663,0.0,0.0
2008-12-18 00:00:00-05:00,38.549869964229934,38.931549646646886,34.73305130004883,34.73305130004883,27748,0.0,0.0
2008-12-19 00:00:00-05:00,37.40481945358624,38.168182373046875,35.4964103349339,38.168182373046875,28683,0.0,0.0
2008-12-22 00:00:00-05:00,38.168186301247225,38.168186301247225,36.25977698618486,37.404823303222656,20180,0.0,0.0
2008-12-23 00:00:00-05:00,38.168186301247225,38.931549299271786,35.4964139881603,37.404823303222656,24138,0.0,0.0
2008-12-24 00:00:00-05:00,37.02314006886177,37.78650306863174,35.49641406932182,36.2597770690918,5580,0.0,0.0
2008-12-26 00:00:00-05:00,37.02314006886177,37.40482338874771,35.87809374920586,36.2597770690918,3633,0.0,0.0
2008-12-29 00:00:00-05:00,37.40481945358624,37.7864990933158,34.35136413574219,34.35136413574219,42113,0.0,0.0
2008-12-30 00:00:00-05:00,34.35136637684342,34.35136637684342,29.38950161663235,29.77118492126465,113735,0.0,0.0
2008-12-31 00:00:00-05:00,30.53454824594351,50.00032420873322,29.007820469646152,49.6186408996582,149763,0.0,0.0
2009-01-02 00:00:00-05:00,40.83995444577549,43.89340976620763,38.54986568545253,41.22163772583008,73353,0.0,0.0
2009-01-05 00:00:00-05:00,41.60332114520343,47.71023234083047,40.45827848102498,42.3666877746582,72298,0.0,0.0
2009-01-06 00:00:00-05:00,44.65677583646149,56.107231365810684,43.511729555526216,53.43545913696289,92678,0.0,0.0
2009-01-07 00:00:00-05:00,48.85527827480331,53.43545981681572,44.2750967327909,46.18350601196289,56555,0.0,0.0
2009-01-08 00:00:00-05:00,53.05377574243857,54.198822021484375,45.801822041818085,54.198822021484375,50703,0.0,0.0
2009-01-09 00:00:00-05:00,54.580501556396484,59.16068271609376,49.618637116723804,54.580501556396484,46865,0.0,0.0
2009-01-12 00:00:00-05:00,53.053772082018625,54.58050156207764,45.80181888174322,46.94686508178711,32975,0.0,0.0
2009-01-13 00:00:00-05:00,45.420135500864546,49.236953732533884,44.27509294336496,47.32854461669922,18788,0.0,0.0
2009-01-14 00:00:00-05:00,45.42013553080233,47.71022792731401,42.36668385545545,42.74836349487305,19623,0.0,0.0
2009-01-15 00:00:00-05:00,43.13004684038799,48.85527420043945,41.221637720370836,48.85527420043945,37203,0.0,0.0
2009-01-16 00:00:00-05:00,51.527046240463164,52.29040916046972,46.9468650804223,48.85527420043945,18380,0.0,0.0
2009-01-20 00:00:00-05:00,48.85527834137709,51.14536729550302,44.27509679312339,45.03845977783203,19480,0.0,0.0
2009-01-21 00:00:00-05:00,44.65677625557025,48.47359480117458,43.89341327444975,48.091915130615234,19085,0.0,0.0
2009-01-22 00:00:00-05:00,46.56518169836565,50.38199993003499,46.183502059199625,47.32854461669922,14713,0.0,0.0
2009-01-23 00:00:00-05:00,45.8018189116669,52.290409196152744,43.89340979034745,50.00032043457031,24815,0.0,0.0
2009-01-26 00:00:00-05:00,50.00032029086897,52.290409045869666,43.511726385029874,47.32854461669922,24995,0.0,0.0
2009-01-27 00:00:00-05:00,47.32854472180072,48.473590921844604,46.18350216175836,46.94686508178711,7688,0.0,0.0
2009-01-28 00:00:00-05:00,47.328548151932374,51.90873328405636,47.328548151932374,51.14536666870117,17613,0.0,0.0
2009-01-29 00:00:00-05:00,50.00032032865242,50.76368324756283,47.71022793191967,48.47359085083008,9228,0.0,0.0
2009-01-30 00:00:00-05:00,49.23695377108478,51.52704616788006,46.18350209535977,50.38199996948242,15833,0.0,0.0
2009-02-02 00:00:00-05:00,51.14536288701728,51.52704616647324,46.94686501300926,48.47359085083008,11308,0.0,0.0
2009-02-03 00:00:00-05:00,46.946864977533195,48.85527409336786,45.801818780032086,47.32854461669922,15738,0.0,0.0
2009-02-04 00:00:00-05:00,47.32854866746462,50.38200424214017,45.80182270012776,46.18350601196289,17195,0.0,0.0
2009-02-05 00:00:00-05:00,46.56518568379619,48.09191529113488,45.80182270012776,46.18350601196289,13300,0.0,0.0
2009-02-06 00:00:00-05:00,45.80182278957109,46.18350610215158,42.74836720893265,43.5117301940918,24685,0.0,0.0
2009-02-09 00:00:00-05:00,45.03845585254755,45.03845585254755,38.16818230893834,41.60331726074219,33005,0.0,0.0
2009-02-10 00:00:00-05:00,37.78650303732727,41.22164199344915,35.114730720344866,35.87809371948242,33133,0.0,0.0
2009-02-11 00:00:00-05:00,37.40482371124499,37.78650339441979,32.82464203313379,33.206321716308594,17808,0.0,0.0
2009-02-12 00:00:00-05:00,34.35136413574219,34.733047415473266,31.297908817898133,32.442955017089844,21963,0.0,0.0
2009-02-13 00:00:00-05:00,32.82464196795828,35.87809398730162,32.44295864553939,34.73305130004883,13665,0.0,0.0
2009-02-17 00:00:00-05:00,33.96968297793637,34.3513662815094,30.534547805786133,30.534547805786133,11428,0.0,0.0
2009-02-18 00:00:00-05:00,31.297910690307617,36.25977542364947,30.534547725178502,31.297910690307617,17710,0.0,0.0
2009-02-19 00:00:00-05:00,32.442957133685454,33.96968307221112,29.77118492126465,29.77118492126465,15670,0.0,0.0
2009-02-20 00:00:00-05:00,29.007820310351107,29.389501797329235,23.66427403265464,26.717729568481445,22628,0.0,0.0
2009-02-23 00:00:00-05:00,26.717729568481445,30.152866591286383,25.95436659452519,26.717729568481445,28110,0.0,0.0
2009-02-24 00:00:00-05:00,26.33604788257283,30.53454784762047,26.33604788257283,30.15286636352539,12690,0.0,0.0
2009-02-25 00:00:00-05:00,30.15286649358067,30.916231285064253,27.099410967648115,28.244457244873047,8933,0.0,0.0
2009-02-26 00:00:00-05:00,29.007820310351107,29.389501797329235,26.717729568481445,26.717729568481445,7205,0.0,0.0
2009-02-27 00:00:00-05:00,26.336048126220703,27.099411101473116,25.572683330967397,26.336048126220703,17625,0.0,0.0
2009-03-02 00:00:00-05:00,25.95436696010675,26.33604845246107,21.374183591852134,22.519229888916016,14323,0.0,0.0
2009-03-03 00:00:00-05:00,22.900911647215295,22.900911647215295,19.08409303934608,19.465774536132812,23788,0.0,0.0
2009-03-04 00:00:00-05:00,20.229137402861213,21.75586324307652,19.847454122806624,20.61081886291504,13130,0.0,0.0
2009-03-05 00:00:00-05:00,20.229139349707218,20.610820846493954,19.08409303934608,19.465774536132812,13173,0.0,0.0
2009-03-06 00:00:00-05:00,19.847454122806624,21.75586324307652,19.847454122806624,20.61081886291504,8448,0.0,0.0
2009-03-09 00:00:00-04:00,20.61082082438015,21.374183817134586,20.22913932800293,20.22913932800293,6388,0.0,0.0
2009-03-10 00:00:00-04:00,21.374183327077347,26.336048126220703,21.374183327077347,26.336048126220703,13325,0.0,0.0
2009-03-11 00:00:00-04:00,26.71772971520057,28.62613898057204,24.8093204498291,24.8093204498291,10213,0.0,0.0
2009-03-12 00:00:00-04:00,26.71772944132487,29.007820172295396,24.80932019551595,28.62613868713379,18488,0.0,0.0
2009-03-13 00:00:00-04:00,29.771183019054124,31.297908860030635,25.954364776611328,25.954364776611328,7988,0.0,0.0
2009-03-16 00:00:00-04:00,25.95436651005901,29.00782021594773,24.809320232850187,27.48109245300293,12558,0.0,0.0
2009-03-17 00:00:00-04:00,27.099410847370596,29.77118487570345,25.954366395228696,29.389501571655273,7680,0.0,0.0
2009-03-18 00:00:00-04:00,29.38950161663235,29.77118492126465,26.71772940421155,29.77118492126465,7015,0.0,0.0
2009-03-19 00:00:00-04:00,30.152866403186778,31.297910856978145,27.862775675603164,29.00782012939453,7750,0.0,0.0
2009-03-20 00:00:00-04:00,29.771183025964,30.152864486296714,21.75586325897316,22.13754653930664,33360,0.0,0.0
2009-03-23 00:00:00-04:00,26.33604832867003,26.717729819230282,22.900911273625958,24.045957565307617,34913,0.0,0.0
2009-03-24 00:00:00-04:00,24.80932067768434,25.572683662843488,20.992502111886747,21.7558650970459,48955,0.0,0.0
2009-03-25 00:00:00-04:00,22.519229783065708,24.427639055867868,22.519229783065708,24.045957565307617,21678,0.0,0.0
2009-03-26 00:00:00-04:00,24.80932019551595,31.679594208428412,24.427638710354344,28.62613868713379,57795,0.0,0.0
2009-03-27 00:00:00-04:00,28.244455261953778,37.786499015586,26.71772760617235,33.96968078613281,73033,0.0,0.0
2009-03-30 00:00:00-04:00,33.58800350525458,33.58800350525458,27.099410967648115,28.244457244873047,49210,0.0,0.0
2009-03-31 00:00:00-04:00,28.244457160200284,32.442957130770395,27.862775675603164,29.00782012939453,21423,0.0,0.0
2009-04-01 00:00:00-04:00,27.86277563895403,30.53454784762047,27.481092334858072,30.15286636352539,13543,0.0,0.0
2009-04-02 00:00:00-04:00,31.297910811892653,32.44295708403543,29.007820087607975,29.389501571655273,28775,0.0,0.0
2009-04-03 00:00:00-04:00,30.534547805786133,31.679594076503463,28.6261385679245,30.534547805786133,16345,0.0,0.0
2009-04-06 00:00:00-04:00,31.679592169232897,32.44295509041892,30.152864506860087,30.916229248046875,27230,0.0,0.0
2009-04-07 00:00:00-04:00,30.534547932942708,30.916231238105198,28.62613868713379,28.62613868713379,11983,0.0,0.0
2009-04-08 00:00:00-04:00,28.6261385679245,30.534547805786133,28.6261385679245,30.534547805786133,7988,0.0,0.0
2009-04-09 00:00:00-04:00,31.679592028582796,33.206317864176526,30.916229110785928,32.06127166748047,18740,0.0,0.0
2009-04-13 00:00:00-04:00,31.67959411594083,32.06127377998725,28.626138603560673,29.389501571655273,20468,0.0,0.0
2009-04-14 00:00:00-04:00,29.389501657457004,31.297910903265922,28.244457201972182,28.62613868713379,22598,0.0,0.0
2009-04-15 00:00:00-04:00,29.007819974919403,31.297910690307617,29.007819974919403,31.297910690307617,14250,0.0,0.0
2009-04-16 00:00:00-04:00,32.06127177070977,34.35136417147541,30.916229210328478,33.5880012512207,21038,0.0,0.0
2009-04-17 00:00:00-04:00,33.588001269292675,47.328544761275005,33.588001269292675,44.27509307861328,52035,0.0,0.0
2009-04-20 00:00:00-04:00,44.65677764291855,44.65677764291855,34.73305130004883,34.73305130004883,50368,0.0,0.0
2009-04-21 00:00:00-04:00,34.35136728539794,45.03846005774434,33.58800429594503,42.3666877746582,49993,0.0,0.0
2009-04-22 00:00:00-04:00,39.694908241510184,51.14536296194599,39.31322860149657,46.94686508178711,63878,0.0,0.0
2009-04-23 00:00:00-04:00,49.61864105224609,52.67209661423083,46.56518549026136,47.71023178100586,39550,0.0,0.0
2009-04-24 00:00:00-04:00,49.23695384187335,50.00032040190363,43.89340976167059,46.94686508178711,39250,0.0,0.0
2009-04-27 00:00:00-04:00,44.656772686315286,44.656772686315286,39.313228605560184,41.22163772583008,30655,0.0,0.0
2009-04-28 00:00:00-04:00,40.07659149169922,45.80181884765625,38.54986565277795,45.80181884765625,29565,0.0,0.0
2009-04-29 00:00:00-04:00,45.80181888174322,47.32854472180072,42.366683921613095,46.94686508178711,23723,0.0,0.0
2009-04-30 00:00:00-04:00,48.09191124603967,50.38200000442157,43.893409729003906,45.80181884765625,29340,0.0,0.0
2009-05-01 00:00:00-04:00,44.2750967327909,48.85527827480331,42.36668745361891,46.18350601196289,11288,0.0,0.0
2009-05-04 00:00:00-04:00,48.85527410115194,54.58050144956815,47.7102279034684,53.05377197265625,63985,0.0,0.0
2009-05-05 00:00:00-04:00,55.72554772064905,56.1072273603786,49.61863708496094,51.52704620361328,38075,0.0,0.0
2009-05-06 00:00:00-04:00,51.52704613574587,53.435455251884605,48.091911182696755,53.05377197265625,24440,0.0,0.0
2009-05-07 00:00:00-04:00,55.34386849314757,55.72555180082516,49.61864071799437,51.14536666870117,28460,0.0,0.0
2009-05-08 00:00:00-04:00,52.672096252441406,53.43545922769382,48.47359442855046,52.672096252441406,22488,0.0,0.0
2009-05-11 00:00:00-04:00,50.000324025671965,54.580505517794165,49.61864071799437,51.14536666870117,20793,0.0,0.0
2009-05-12 00:00:00-04:00,46.56518603665017,47.71023234083047,41.2216414704779,42.3666877746582,43240,0.0,0.0
2009-05-13 00:00:00-04:00,41.985004686561375,42.74836768013484,38.931549072265625,38.931549072265625,24668,0.0,0.0
2009-05-14 00:00:00-04:00,39.31322860408577,43.51172648452117,39.31322860408577,43.13004684448242,14240,0.0,0.0
2009-05-15 00:00:00-04:00,43.51172637267547,43.893409651734636,38.168182305856206,39.694908142089844,12425,0.0,0.0
2009-05-18 00:00:00-04:00,41.98500445993081,42.74836744938373,40.839958155750516,42.3666877746582,7610,0.0,0.0
2009-05-19 00:00:00-04:00,43.51173043883665,43.51173043883665,41.60332114520343,42.3666877746582,10588,0.0,0.0
2009-05-20 00:00:00-04:00,42.748367054347746,48.4735948823408,42.748367054347746,45.42013931274414,31235,0.0,0.0
2009-05-21 00:00:00-04:00,51.52704627562527,55.343864518264176,47.71022803298636,50.00032043457031,50608,0.0,0.0
2009-05-22 00:00:00-04:00,52.67209233342942,63.35918411180664,51.52704613574587,53.05377197265625,88583,0.0,0.0
2009-05-26 00:00:00-04:00,54.58050511948353,62.595821762203784,54.58050511948353,58.39732360839844,82265,0.0,0.0
2009-05-27 00:00:00-04:00,62.97750506247463,65.26759761165623,51.90873290143434,56.8705940246582,103028,0.0,0.0
2009-05-28 00:00:00-04:00,60.305733230342945,60.305733230342945,51.527049922887656,53.817142486572266,62350,0.0,0.0
2009-05-29 00:00:00-04:00,53.43545539694472,53.43545539694472,48.473590953513835,50.00032043457031,53440,0.0,0.0
2009-06-01 00:00:00-04:00,50.76368718688144,53.817142739476154,48.09191494336174,49.6186408996582,63670,0.0,0.0
2009-06-02 00:00:00-04:00,50.38199996810687,51.14536288701728,46.94686501300926,48.47359085083008,31935,0.0,0.0
2009-06-03 00:00:00-04:00,46.56518570840313,47.710232004511774,43.13005046007901,44.656776428222656,40433,0.0,0.0
2009-06-04 00:00:00-04:00,44.275093008734984,47.710227966308594,44.275093008734984,45.80181884765625,37665,0.0,0.0
2009-06-05 00:00:00-04:00,46.94686508178711,48.473590921844604,46.18350216175836,46.94686508178711,33983,0.0,0.0
2009-06-08 00:00:00-04:00,48.4735949885836,48.4735949885836,44.27509675618766,44.656776428222656,21640,0.0,0.0
2009-06-09 00:00:00-04:00,45.42013945018544,47.328548731957966,45.03845977783203,45.03845977783203,24915,0.0,0.0
2009-06-10 00:00:00-04:00,46.94686905960456,46.94686905960456,44.27509679312339,45.03845977783203,26798,0.0,0.0
2009-06-11 00:00:00-04:00,49.618637116723804,55.34386447634578,47.71022799684981,54.580501556396484,115745,0.0,0.0
2009-06-12 00:00:00-04:00,53.053776065838605,53.053776065838605,48.0919148930637,50.76368713378906,37200,0.0,0.0
2009-06-15 00:00:00-04:00,50.763683321932376,50.763683321932376,46.18350216175836,46.94686508178711,25453,0.0,0.0
2009-06-16 00:00:00-04:00,58.01563651616906,66.79431919558974,54.580501556396484,54.580501556396484,332180,0.0,0.0
2009-06-17 00:00:00-04:00,55.34386440253784,56.1072273214691,48.091911212688665,50.38199996948242,69803,0.0,0.0
2009-06-18 00:00:00-04:00,50.38200383632941,50.38200383632941,47.328548286248456,49.23695755004883,22955,0.0,0.0
2009-06-19 00:00:00-04:00,50.38200369334777,51.14536666870117,49.23695741031677,51.14536666870117,26790,0.0,0.0
2009-06-22 00:00:00-04:00,53.435459638460564,54.58050593014223,48.091915130615234,48.091915130615234,50923,0.0,0.0
2009-06-23 00:00:00-04:00,49.23695384044197,51.908729520467205,45.038455960405145,48.85527420043945,74410,0.0,0.0
2009-06-24 00:00:00-04:00,49.61864111257211,50.38200409399593,46.565185546875,46.565185546875,32820,0.0,0.0
2009-06-25 00:00:00-04:00,47.328544652463705,49.23695376974049,46.18350209409885,48.47359085083008,27598,0.0,0.0
2009-06-26 00:00:00-04:00,48.4735908555837,56.10722732543945,46.56518173811976,56.10722732543945,129030,0.0,0.0
2009-06-29 00:00:00-04:00,54.19881820266044,54.580501482116404,48.47359085083008,48.47359085083008,71433,0.0,0.0
2009-06-30 00:00:00-04:00,50.382004073976745,52.290413346778905,47.71023182005408,48.091915130615234,40080,0.0,0.0
2009-07-01 00:00:00-04:00,47.71022793191967,50.00032032865242,47.71022793191967,48.47359085083008,25423,0.0,0.0
2009-07-02 00:00:00-04:00,47.71022789586676,48.47359081420032,46.946864977533195,47.32854461669922,18008,0.0,0.0
2009-07-06 00:00:00-04:00,46.56518570840313,46.56518570840313,44.27509675618766,44.656776428222656,37428,0.0,0.0
2009-07-07 00:00:00-04:00,45.038459804411936,45.038459804411936,43.5117301940918,43.5117301940918,15233,0.0,0.0
2009-07-08 00:00:00-04:00,43.13005095064733,43.51173062702361,38.549869354118826,40.45827865600586,44433,0.0,0.0
2009-07-09 00:00:00-04:00,40.83995837620024,41.22164169298791,38.16818607869216,38.931549072265625,25420,0.0,0.0
2009-07-10 00:00:00-04:00,40.4582747714303,40.83995441115985,38.168182373046875,40.07659149169922,24690,0.0,0.0
2009-07-13 00:00:00-04:00,40.458278515863775,40.83995819091797,38.54986922058721,40.83995819091797,18430,0.0,0.0
2009-07-14 00:00:00-04:00,40.83995444577549,42.748363566045384,40.07659152566784,41.22163772583008,17188,0.0,0.0
2009-07-15 00:00:00-04:00,41.98500067661546,44.27509307861328,41.221637755950034,44.27509307861328,28555,0.0,0.0
2009-07-16 00:00:00-04:00,43.51173013211401,44.656776428222656,41.985004163970366,44.656776428222656,17925,0.0,0.0
2009-07-17 00:00:00-04:00,45.038459804411936,45.038459804411936,43.13005052151314,43.5117301940918,13525,0.0,0.0
2009-07-20 00:00:00-04:00,42.74836349487305,44.27509297254801,42.36668385545545,42.74836349487305,14768,0.0,0.0
2009-07-21 00:00:00-04:00,45.03845596468074,45.03845596468074,41.985000644363126,43.13004684448242,16885,0.0,0.0
2009-07-22 00:00:00-04:00,43.13005052151314,43.89341350667229,42.74836720893265,43.5117301940918,9375,0.0,0.0
2009-07-23 00:00:00-04:00,43.130050365548016,47.328548588741825,43.130050365548016,45.42013931274414,34235,0.0,0.0
2009-07-24 00:00:00-04:00,45.03845958402735,47.71023183901164,43.511729981177886,46.565185546875,22045,0.0,0.0
2009-07-27 00:00:00-04:00,47.71023178100586,47.71023178100586,46.56518549026136,47.71023178100586,15448,0.0,0.0
2009-07-28 00:00:00-04:00,47.32854866746462,47.32854866746462,45.03845971645933,46.18350601196289,13680,0.0,0.0
2009-07-29 00:00:00-04:00,45.42013945018544,46.18350607489592,43.893413480768146,45.03845977783203,15510,0.0,0.0
2009-07-30 00:00:00-04:00,47.71023163428673,50.382003877806426,46.56518534706349,49.6186408996582,50523,0.0,0.0
2009-07-31 00:00:00-04:00,48.091915130615234,50.0003244034174,46.56518552837242,48.091915130615234,20168,0.0,0.0
2009-08-03 00:00:00-04:00,50.38200383632941,50.38200383632941,48.091914903770046,49.23695755004883,13620,0.0,0.0
2009-08-04 00:00:00-04:00,48.85527420043945,48.85527420043945,46.56518180041826,48.85527420043945,13205,0.0,0.0
2009-08-05 00:00:00-04:00,49.23695774199732,49.23695774199732,46.946868800510124,47.71023178100586,14578,0.0,0.0
2009-08-06 00:00:00-04:00,47.328544686577516,48.47359088576923,45.80181884765625,45.80181884765625,14250,0.0,0.0
2009-08-07 00:00:00-04:00,48.0919111750343,49.236953732533884,45.801818780032086,47.32854461669922,20385,0.0,0.0
2009-08-10 00:00:00-04:00,46.565181733553295,49.23695376974049,46.18350209409885,48.47359085083008,12313,0.0,0.0
2009-08-11 00:00:00-04:00,47.71023183901164,48.85527813114828,46.565185546875,46.565185546875,13193,0.0,0.0
2009-08-12 00:00:00-04:00,46.9468650804223,49.23695384044197,46.9468650804223,48.85527420043945,13995,0.0,0.0
2009-08-13 00:00:00-04:00,49.23695778229508,49.23695778229508,46.946868838933575,48.091915130615234,10858,0.0,0.0
2009-08-14 00:00:00-04:00,48.091915149724464,48.091915149724464,45.42013925473835,46.565185546875,24380,0.0,0.0
2009-08-17 00:00:00-04:00,45.0384596415457,45.8018226239444,43.130050365548016,45.42013931274414,23880,0.0,0.0
2009-08-18 00:00:00-04:00,43.89340965527909,45.420135491636024,40.07659142438526,41.60331726074219,51295,0.0,0.0
2009-08-19 00:00:00-04:00,41.60331726074219,43.13004673710063,39.3132285062068,41.60331726074219,41508,0.0,0.0
2009-08-20 00:00:00-04:00,41.60332118102822,42.748367486194525,39.69491188575166,40.83995819091797,33295,0.0,0.0
2009-08-21 00:00:00-04:00,41.98500057603633,42.74836349487305,40.83995437778049,42.74836349487305,24538,0.0,0.0
2009-08-24 00:00:00-04:00,42.36668381892217,43.5117263761891,40.83995434256372,41.60331726074219,15185,0.0,0.0
2009-08-25 00:00:00-04:00,41.98500053983218,42.748363458010644,41.60331726074219,41.60331726074219,8983,0.0,0.0
2009-08-26 00:00:00-04:00,42.36668753635399,43.89341350667229,41.221641238614346,43.5117301940918,18483,0.0,0.0
2009-08-27 00:00:00-04:00,42.36668385545545,43.89340969312889,42.36668385545545,42.74836349487305,9900,0.0,0.0
2009-08-28 00:00:00-04:00,41.98500445993081,43.89341375356403,41.98500445993081,42.3666877746582,16620,0.0,0.0
2009-08-31 00:00:00-04:00,41.60332132513658,42.74836763426917,40.0765953396277,40.45827865600586,20863,0.0,0.0
2009-09-01 00:00:00-04:00,40.45827873319211,41.60332140450735,39.313232421875,39.313232421875,14435,0.0,0.0
2009-09-02 00:00:00-04:00,38.931545325505596,41.60331736588314,38.931545325505596,41.22163772583008,22828,0.0,0.0
2009-09-03 00:00:00-04:00,42.36668381892217,42.36668381892217,41.22163762165371,41.60331726074219,15605,0.0,0.0
2009-09-04 00:00:00-04:00,40.839958121819855,42.3666877394591,40.839958121819855,41.98500442504883,13810,0.0,0.0
2009-09-08 00:00:00-04:00,42.3666839244034,43.51172648452117,41.985000644363126,43.13004684448242,15153,0.0,0.0
2009-09-09 00:00:00-04:00,43.893409729003906,46.56518176711688,42.36668389008264,45.80181884765625,35513,0.0,0.0
2009-09-10 00:00:00-04:00,45.801822565451175,46.565185546875,45.03845958402735,46.565185546875,12700,0.0,0.0
2009-09-11 00:00:00-04:00,46.94686899563132,46.94686899563132,44.6567764046242,46.18350601196289,10895,0.0,0.0
2009-09-14 00:00:00-04:00,46.18350216175836,47.71022800181586,45.038455961714476,46.94686508178711,16075,0.0,0.0
2009-09-15 00:00:00-04:00,46.946868800510124,48.47359476150159,46.946868800510124,47.71023178100586,17108,0.0,0.0
2009-09-16 00:00:00-04:00,47.71023178100586,48.09191509125463,46.183505820014396,47.71023178100586,14935,0.0,0.0
2009-09-17 00:00:00-04:00,47.328544752721854,58.77899948063858,46.94686511245888,50.00032043457031,110830,0.0,0.0
2009-09-18 00:00:00-04:00,51.14536661560629,54.19882215385184,48.85527769192347,53.817142486572266,43228,0.0,0.0
2009-09-21 00:00:00-04:00,52.29040908681131,53.053772005742566,50.00032033001755,50.38199996948242,23553,0.0,0.0
2009-09-22 00:00:00-04:00,51.52704613574587,54.1988181703398,50.38199993806233,53.05377197265625,28010,0.0,0.0
2009-09-23 00:00:00-04:00,53.053772113954274,54.58050159493231,51.52704627297776,51.908729553222656,18588,0.0,0.0
2009-09-24 00:00:00-04:00,52.67209236483962,52.67209236483962,48.09191121137563,48.47359085083008,16903,0.0,0.0
2009-09-25 00:00:00-04:00,48.47359456173773,51.14536680246309,47.71023158438788,50.76368713378906,20498,0.0,0.0
2009-09-28 00:00:00-04:00,51.145366661934794,53.43545922769382,50.000324019057075,52.672096252441406,18890,0.0,0.0
2009-09-29 00:00:00-04:00,52.67209625940976,52.67209625940976,50.000324025671965,51.14536666870117,13090,0.0,0.0
2009-09-30 00:00:00-04:00,51.145366855954656,52.672096452252916,48.85527792150997,49.6186408996582,14428,0.0,0.0
2009-10-01 00:00:00-04:00,48.85527420185974,50.00032040190363,46.56518180177197,46.94686508178711,23235,0.0,0.0
2009-10-02 00:00:00-04:00,46.946868617489464,50.38200383632941,46.565185308728665,49.23695755004883,23368,0.0,0.0
2009-10-05 00:00:00-04:00,49.23695759058319,50.76368718688144,49.23695759058319,49.6186408996582,12023,0.0,0.0
2009-10-06 00:00:00-04:00,50.00032416757041,50.00032416757041,48.47359457252904,49.23695755004883,8590,0.0,0.0
2009-10-07 00:00:00-04:00,48.47359457252904,50.38200383632941,47.71023159500925,49.23695755004883,11228,0.0,0.0
2009-10-08 00:00:00-04:00,49.618637050551165,51.52704616788006,48.47359085215353,50.38199996948242,14930,0.0,0.0
2009-10-09 00:00:00-04:00,50.00032420873322,50.382003877806426,48.09191494336174,49.6186408996582,10203,0.0,0.0
2009-10-12 00:00:00-04:00,51.14536681384919,51.14536681384919,49.23695755004883,49.23695755004883,8495,0.0,0.0
2009-10-13 00:00:00-04:00,50.00032416757041,50.00032416757041,48.47359457252904,49.23695755004883,8400,0.0,0.0
2009-10-14 00:00:00-04:00,49.23695755004883,50.7636871450902,48.47359457252904,49.23695755004883,7603,0.0,0.0
2009-10-15 00:00:00-04:00,48.091911212688665,50.38199996948242,48.091911212688665,50.38199996948242,10065,0.0,0.0
2009-10-16 00:00:00-04:00,50.00032032865242,50.38199996810687,48.47359085083008,48.47359085083008,11100,0.0,0.0
2009-10-19 00:00:00-04:00,48.85527409336786,48.85527409336786,46.56518169836565,47.32854461669922,12590,0.0,0.0
2009-10-20 00:00:00-04:00,47.32854879981618,47.710232112718664,43.51173023079868,43.89341354370117,20928,0.0,0.0
2009-10-21 00:00:00-04:00,44.27509307861328,46.94686512094305,43.51172651794632,44.27509307861328,11605,0.0,0.0
2009-10-22 00:00:00-04:00,44.27509675618766,45.03845974025948,43.89341344415084,44.656776428222656,6898,0.0,0.0
2009-10-23 00:00:00-04:00,45.80181881022145,45.80181881022145,42.74836349487305,42.74836349487305,10838,0.0,0.0
2009-10-26 00:00:00-04:00,42.36668392599232,45.038455966369874,41.22163772583008,41.22163772583008,12433,0.0,0.0
2009-10-27 00:00:00-04:00,41.22164150597402,43.51173047630478,40.83995819091797,40.83995819091797,12778,0.0,0.0
2009-10-28 00:00:00-04:00,40.83995837620024,40.83995837620024,38.54986939547983,38.931549072265625,20520,0.0,0.0
2009-10-29 00:00:00-04:00,40.076595200807716,41.22164150597402,40.076595200807716,40.83995819091797,12983,0.0,0.0
2009-10-30 00:00:00-04:00,40.07659538262676,40.83995837620024,38.54986939547983,38.931549072265625,29793,0.0,0.0
2009-11-02 00:00:00-05:00,40.83995837620024,40.83995837620024,38.16818607869216,38.931549072265625,21670,0.0,0.0
2009-11-03 00:00:00-05:00,38.168182305856206,39.694908142089844,38.168182305856206,39.694908142089844,19138,0.0,0.0
2009-11-04 00:00:00-05:00,40.4582747714303,41.22163769089093,38.168182373046875,38.168182373046875,21283,0.0,0.0
2009-11-05 00:00:00-05:00,39.6949120658391,39.6949120658391,38.54986939547983,38.931549072265625,9218,0.0,0.0
2009-11-06 00:00:00-05:00,38.54986568545253,43.13004684609998,38.54986568545253,41.22163772583008,22003,0.0,0.0
2009-11-09 00:00:00-05:00,41.22164150597402,42.748367486194525,40.458278515863775,40.83995819091797,11533,0.0,0.0
2009-11-10 00:00:00-05:00,39.3132323890533,40.458278699414436,38.931549072265625,38.931549072265625,11473,0.0,0.0
2009-11-11 00:00:00-05:00,39.69490821196814,40.83995441115985,39.313228572238586,40.07659149169922,7198,0.0,0.0
2009-11-12 00:00:00-05:00,40.45827893532282,40.45827893532282,37.404823303222656,37.404823303222656,18575,0.0,0.0
2009-11-13 00:00:00-05:00,39.6949120658391,40.07659538262676,37.78650276190449,38.931549072265625,17400,0.0,0.0
2009-11-16 00:00:00-05:00,39.694908142089844,41.603317257382656,39.31322850303219,39.694908142089844,13110,0.0,0.0
2009-11-17 00:00:00-05:00,39.694908142089844,40.83995433926584,38.931545223973025,39.694908142089844,6690,0.0,0.0
2009-11-18 00:00:00-05:00,40.07659538262676,40.83995837620024,38.931549072265625,38.931549072265625,10090,0.0,0.0
2009-11-19 00:00:00-05:00,38.93154529250751,39.313228572238586,38.168182373046875,38.168182373046875,14655,0.0,0.0
2009-11-20 00:00:00-05:00,38.168186301247225,39.694912297296355,37.404823303222656,37.404823303222656,13430,0.0,0.0
2009-11-23 00:00:00-05:00,38.93154938828765,40.07659570794356,35.49641406932182,36.2597770690918,13435,0.0,0.0
2009-11-24 00:00:00-05:00,37.02313621029707,37.40481949040384,35.114727089766276,35.49641036987305,11550,0.0,0.0
2009-11-25 00:00:00-05:00,35.496410371858225,35.496410371858225,33.5880012512207,33.5880012512207,20418,0.0,0.0
2009-11-27 00:00:00-05:00,33.5880011471884,34.351364065078734,33.20631786824247,33.96968078613281,8950,0.0,0.0
2009-11-30 00:00:00-05:00,33.96968085601111,34.35136413574219,31.67959209762921,34.35136413574219,52065,0.0,0.0
2009-12-01 00:00:00-05:00,34.35136410156258,36.25977321831606,34.35136410156258,35.11472702026367,12430,0.0,0.0
2009-12-02 00:00:00-05:00,35.49641036987305,36.25977329008506,35.114727089766276,35.49641036987305,9460,0.0,0.0
2009-12-03 00:00:00-05:00,35.49641430488467,36.2597773097205,34.35136797762995,34.73305130004883,13900,0.0,0.0
2009-12-04 00:00:00-05:00,35.49641406932182,38.54986970840362,35.49641406932182,36.2597770690918,22498,0.0,0.0
2009-12-07 00:00:00-05:00,36.25977325439453,38.54986565277795,36.25977325439453,38.168182373046875,14035,0.0,0.0
2009-12-08 00:00:00-05:00,38.168186356897,38.549869676466734,35.87809371948242,35.87809371948242,13923,0.0,0.0
2009-12-09 00:00:00-05:00,36.2597770690918,37.02314006886177,34.73305106955185,36.2597770690918,9680,0.0,0.0
2009-12-10 00:00:00-05:00,35.114727089766276,37.78649913050908,35.114727089766276,35.49641036987305,14653,0.0,0.0
2009-12-11 00:00:00-05:00,35.87809371948242,37.40482335775945,33.96968440163757,35.87809371948242,16605,0.0,0.0
2009-12-14 00:00:00-05:00,35.87809371948242,35.87809371948242,34.733051040777035,35.87809371948242,7648,0.0,0.0
2009-12-15 00:00:00-05:00,35.87809371948242,36.641460358621885,35.114730720344866,35.87809371948242,25975,0.0,0.0
2009-12-16 00:00:00-05:00,39.31322850303219,43.13004673361782,38.168182305856206,39.694908142089844,59473,0.0,0.0
2009-12-17 00:00:00-05:00,38.93154536307767,41.22163776561228,38.54986572265625,38.54986572265625,23300,0.0,0.0
2009-12-18 00:00:00-05:00,39.313228605560184,41.22163772583008,35.87809000507345,41.22163772583008,48658,0.0,0.0
2009-12-21 00:00:00-05:00,40.45827470347525,41.98500053983218,39.3132285062068,41.60331726074219,38680,0.0,0.0
2009-12-22 00:00:00-05:00,41.60332118102822,41.98500449608427,39.69491188575166,40.83995819091797,21980,0.0,0.0
2009-12-23 00:00:00-05:00,41.60331726074219,41.98500053983218,39.69490814529527,41.60331726074219,24513,0.0,0.0
2009-12-24 00:00:00-05:00,41.2216416487603,41.2216416487603,40.0765953396277,40.45827865600586,12998,0.0,0.0
2009-12-28 00:00:00-05:00,40.45827844741143,41.98500442504883,40.076595133001156,41.98500442504883,22458,0.0,0.0
2009-12-29 00:00:00-05:00,42.36668781114033,42.36668781114033,39.69491188575166,40.83995819091797,18295,0.0,0.0
2009-12-30 00:00:00-05:00,40.83995819091797,42.36668781114033,39.69491188575166,40.83995819091797,56328,0.0,0.0
2009-12-31 00:00:00-05:00,41.60332118102822,42.748367486194525,39.69491188575166,40.83995819091797,19473,0.0,0.0
2010-01-04 00:00:00-05:00,39.3132285062068,43.13004673710063,39.3132285062068,41.60331726074219,29638,0.0,0.0
2010-01-05 00:00:00-05:00,41.60331736588314,42.36668392599232,40.458274805722425,41.22163772583008,14710,0.0,0.0
2010-01-06 00:00:00-05:00,40.076594883789895,45.8018227243313,40.076594883789895,44.656776428222656,45475,0.0,0.0
2010-01-07 00:00:00-05:00,45.42013925473835,47.71023183901164,43.89341329189071,46.565185546875,36283,0.0,0.0
2010-01-08 00:00:00-05:00,46.183505876164,47.32854852829882,45.03845958402735,46.565185546875,20645,0.0,0.0
2010-01-11 00:00:00-05:00,47.32854850949292,48.091915130615234,46.56518552837242,48.091915130615234,23628,0.0,0.0
2010-01-12 00:00:00-05:00,47.71022804160848,47.71022804160848,44.27509307861328,44.27509307861328,21665,0.0,0.0
2010-01-13 00:00:00-05:00,44.656776491831444,45.038459804411936,43.13005052151314,43.5117301940918,12350,0.0,0.0
2010-01-14 00:00:00-05:00,43.13004684448242,44.275093044601725,42.748363564442144,43.13004684448242,15423,0.0,0.0
2010-01-15 00:00:00-05:00,43.51172648615304,43.89340976620763,40.83995444577549,41.22163772583008,18500,0.0,0.0
2010-01-19 00:00:00-05:00,41.2216377242841,43.13004684448242,41.2216377242841,43.13004684448242,11653,0.0,0.0
2010-01-20 00:00:00-05:00,42.748363566045384,42.748363566045384,40.83995444577549,41.22163772583008,17665,0.0,0.0
2010-01-21 00:00:00-05:00,41.603317257382656,41.603317257382656,38.54986558491537,39.694908142089844,21233,0.0,0.0
2010-01-22 00:00:00-05:00,39.69491209897945,40.83995841029656,38.54986942766422,39.313232421875,16153,0.0,0.0
2010-01-25 00:00:00-05:00,39.694908283922025,40.458274844767914,36.641456600544586,38.54986572265625,17675,0.0,0.0
2010-01-26 00:00:00-05:00,38.54986565277795,39.69490821196814,38.168182373046875,38.168182373046875,11950,0.0,0.0
2010-01-27 00:00:00-05:00,40.83995837620024,41.6033213697737,37.78650276190449,38.931549072265625,19608,0.0,0.0
2010-01-28 00:00:00-05:00,39.313228572238586,39.313228572238586,37.023136173855164,38.168182373046875,14325,0.0,0.0
2010-01-29 00:00:00-05:00,38.54986970840362,38.54986970840362,36.2597770690918,36.2597770690918,21985,0.0,0.0
2010-02-01 00:00:00-05:00,36.25977332012164,38.54986572265625,36.25977332012164,38.54986572265625,11588,0.0,0.0
2010-02-02 00:00:00-05:00,38.931549072265625,39.6949120658391,37.78650276190449,38.931549072265625,14208,0.0,0.0
2010-02-03 00:00:00-05:00,38.931545260687926,44.27509297254801,38.16818234185121,42.74836349487305,64590,0.0,0.0
2010-02-04 00:00:00-05:00,41.22164169298791,41.6033213697737,38.931549072265625,38.931549072265625,21895,0.0,0.0
2010-02-05 00:00:00-05:00,39.313232421875,40.07659541608578,38.54986942766422,39.313232421875,9628,0.0,0.0
2010-02-08 00:00:00-05:00,38.54986572265625,40.83995448518933,38.54986572265625,38.54986572265625,12133,0.0,0.0
2010-02-09 00:00:00-05:00,38.168182305856206,40.458274700208186,38.168182305856206,39.694908142089844,25980,0.0,0.0
2010-02-10 00:00:00-05:00,40.07659142438526,41.98500053983218,39.3132285062068,41.60331726074219,18633,0.0,0.0
2010-02-11 00:00:00-05:00,40.45827470347525,41.98500053983218,39.3132285062068,41.60331726074219,15648,0.0,0.0
2010-02-12 00:00:00-05:00,41.98500057603633,42.74836349487305,40.07659145894377,42.74836349487305,16740,0.0,0.0
2010-02-16 00:00:00-05:00,43.13005055789804,43.89341354370117,41.98500425919242,43.89341354370117,41200,0.0,0.0
2010-02-17 00:00:00-05:00,45.80182233120888,50.00032416757041,44.2750963761693,49.23695755004883,64100,0.0,0.0
2010-02-18 00:00:00-05:00,48.47359476150159,48.85527807175036,44.65677621902112,47.71023178100586,37743,0.0,0.0
2010-02-19 00:00:00-05:00,46.946864977533195,47.71022789586676,43.89340966419742,47.32854461669922,23310,0.0,0.0
2010-02-22 00:00:00-05:00,49.23695759058319,49.6186408996582,47.71023163428673,49.6186408996582,32218,0.0,0.0
2010-02-23 00:00:00-05:00,49.61864125847174,49.61864125847174,45.42013938829263,46.18350601196289,13398,0.0,0.0
2010-02-24 00:00:00-05:00,46.18350216175836,48.091911281830996,45.80181888174322,46.94686508178711,14475,0.0,0.0
2010-02-25 00:00:00-05:00,45.80182270012776,47.32854866746462,45.03845971645933,46.18350601196289,10835,0.0,0.0
2010-02-26 00:00:00-05:00,46.56518574724932,46.56518574724932,45.03845977783203,45.03845977783203,6433,0.0,0.0
2010-03-01 00:00:00-05:00,45.42013931274414,45.8018226239444,45.0384596415457,45.42013931274414,5883,0.0,0.0
2010-03-02 00:00:00-05:00,45.42013931274414,45.8018226239444,45.0384596415457,45.42013931274414,8695,0.0,0.0
2010-03-03 00:00:00-05:00,45.42013563961066,45.80181891994414,43.893409798279805,44.27509307861328,19558,0.0,0.0
2010-03-04 00:00:00-05:00,43.5117301940918,43.89341350667229,42.74836720893265,43.5117301940918,13515,0.0,0.0
2010-03-05 00:00:00-05:00,43.5117301940918,43.89341350667229,42.74836720893265,43.5117301940918,15615,0.0,0.0
2010-03-08 00:00:00-05:00,42.748363564442144,45.4201356047195,41.985000644363126,43.13004684448242,16018,0.0,0.0
2010-03-09 00:00:00-05:00,42.748363564442144,44.275093044601725,42.748363564442144,43.13004684448242,17903,0.0,0.0
2010-03-10 00:00:00-05:00,43.13005076411112,43.89341375356403,41.98500445993081,42.3666877746582,24690,0.0,0.0
2010-03-11 00:00:00-05:00,42.3666877746582,42.74836744938373,39.69491185157021,42.3666877746582,15158,0.0,0.0
2010-03-12 00:00:00-05:00,42.748363458010644,42.748363458010644,41.22163762165371,41.60331726074219,9658,0.0,0.0
2010-03-15 00:00:00-04:00,41.22164150597402,42.36668781114033,40.458278515863775,40.83995819091797,12428,0.0,0.0
2010-03-16 00:00:00-04:00,40.83995819091797,41.60332118102822,39.69491188575166,40.83995819091797,10298,0.0,0.0
2010-03-17 00:00:00-04:00,40.07659142438526,41.98500053983218,40.07659142438526,41.60331726074219,8183,0.0,0.0
2010-03-18 00:00:00-04:00,41.603321110638554,42.74836741386753,41.22164143623013,41.98500442504883,12918,0.0,0.0
2010-03-19 00:00:00-04:00,43.511730402686226,43.8934137170965,40.839958121819855,41.98500442504883,22530,0.0,0.0
2010-03-22 00:00:00-04:00,42.36668392599232,42.36668392599232,40.458274805722425,41.22163772583008,14040,0.0,0.0
2010-03-23 00:00:00-04:00,40.83995444577549,41.60331736588314,40.458274805722425,41.22163772583008,14315,0.0,0.0
2010-03-24 00:00:00-04:00,40.83995434256372,42.36668381892217,40.45827470347525,41.60331726074219,10403,0.0,0.0
2010-03-25 00:00:00-04:00,43.51173010912064,46.56518568379619,43.13005043728734,46.18350601196289,47105,0.0,0.0
2010-03-26 00:00:00-04:00,46.565181733553295,49.23695376974049,46.18350209409885,48.47359085083008,50923,0.0,0.0
2010-03-29 00:00:00-04:00,47.71023197929975,48.47359496296818,45.80182270012776,46.18350601196289,20985,0.0,0.0
2010-03-30 00:00:00-04:00,45.80182270012776,47.71023197929975,45.80182270012776,46.18350601196289,44523,0.0,0.0
2010-03-31 00:00:00-04:00,46.18350601196289,47.32854866746462,46.18350601196289,46.18350601196289,11475,0.0,0.0
2010-04-01 00:00:00-04:00,47.32854852829882,47.32854852829882,45.801822565451175,46.565185546875,6408,0.0,0.0
2010-04-05 00:00:00-04:00,46.183505857813074,48.091915130615234,46.183505857813074,48.091915130615234,12060,0.0,0.0
2010-04-06 00:00:00-04:00,48.0919148930637,51.14536680246309,47.71023158438788,50.76368713378906,27470,0.0,0.0
2010-04-07 00:00:00-04:00,51.14536288841367,51.14536288841367,47.71022793322228,50.38199996948242,33480,0.0,0.0
2010-04-08 00:00:00-04:00,50.76368328415265,54.19881824172626,48.09191124603967,51.52704620361328,31805,0.0,0.0
2010-04-09 00:00:00-04:00,51.90873306126741,55.72555156165467,51.52704975522798,55.343868255615234,45953,0.0,0.0
2010-04-12 00:00:00-04:00,56.87059398499681,59.542369837179315,56.10723101580257,58.01564025878906,42198,0.0,0.0
2010-04-13 00:00:00-04:00,59.160686709936414,59.54237001567865,55.343868212521166,56.488914489746094,26113,0.0,0.0
2010-04-14 00:00:00-04:00,60.305732806373555,60.305732806373555,56.87059398499681,58.01564025878906,22338,0.0,0.0
2010-04-15 00:00:00-04:00,57.25227717874,65.64928074362328,57.25227717874,61.45077896118164,53163,0.0,0.0
2010-04-16 00:00:00-04:00,61.83246242788559,61.83246242788559,54.58050511547837,56.8705940246582,46395,0.0,0.0
2010-04-19 00:00:00-04:00,55.72555156165467,56.488914533731766,51.90873306126741,55.343868255615234,40578,0.0,0.0
2010-04-20 00:00:00-04:00,55.343868085204974,57.633960634386575,54.19882181061418,56.8705940246582,18958,0.0,0.0
2010-04-21 00:00:00-04:00,57.63396067943007,58.01564034459079,54.96218482329617,57.25227737426758,21840,0.0,0.0
2010-04-22 00:00:00-04:00,57.63396059419282,58.01564025878906,54.198821772816075,58.01564025878906,17248,0.0,0.0
2010-04-23 00:00:00-04:00,59.924049501775556,59.924049501775556,57.252277289594815,58.01564025878906,12865,0.0,0.0
2010-04-26 00:00:00-04:00,56.87059424423464,59.160686802258255,55.72555160522461,55.72555160522461,16045,0.0,0.0
2010-04-27 00:00:00-04:00,54.580505417898166,56.107231365810684,53.05377582998388,53.43545913696289,19183,0.0,0.0
2010-04-28 00:00:00-04:00,53.43545937451442,53.81714268319025,50.76368713378906,50.76368713378906,27788,0.0,0.0
2010-04-29 00:00:00-04:00,50.382003477111446,55.72555156165467,50.382003477111446,55.343868255615234,18748,0.0,0.0
2010-04-30 00:00:00-04:00,54.96218116118689,54.96218116118689,51.1453629238822,51.52704620361328,30273,0.0,0.0
2010-05-03 00:00:00-04:00,51.52704997637877,52.29041295173217,50.000324025671965,51.14536666870117,19743,0.0,0.0
2010-05-04 00:00:00-04:00,49.61863712044601,50.00032040045005,48.091911280432896,48.85527420043945,16518,0.0,0.0
2010-05-05 00:00:00-04:00,47.71023178100586,48.85527807175036,46.56518549026136,47.71023178100586,17200,0.0,0.0
2010-05-06 00:00:00-04:00,46.56518180658518,46.94686508663977,38.16818240539794,41.22163772583008,66610,0.0,0.0
2010-05-07 00:00:00-04:00,41.985004641514735,44.275097259779926,40.0765953396277,40.45827865600586,27705,0.0,0.0
2010-05-10 00:00:00-04:00,46.183505820014396,48.09191509125463,41.98500396728515,47.71023178100586,37530,0.0,0.0
2010-05-11 00:00:00-04:00,45.801818780032086,49.61863701170143,44.656772582530984,47.32854461669922,24825,0.0,0.0
2010-05-12 00:00:00-04:00,47.328544720424816,48.85527420043945,45.8018188804117,48.85527420043945,17805,0.0,0.0
2010-05-13 00:00:00-04:00,48.47359480117458,48.855278111735736,46.946868838933575,48.091915130615234,13425,0.0,0.0
2010-05-14 00:00:00-04:00,44.6567765295043,45.80182282820992,42.36668757209491,43.89341354370117,32793,0.0,0.0
2010-05-17 00:00:00-04:00,43.893413480768146,45.03845977783203,43.1300504960595,45.03845977783203,9973,0.0,0.0
2010-05-18 00:00:00-04:00,45.80181881022145,46.18350208964057,42.74836349487305,42.74836349487305,10745,0.0,0.0
2010-05-19 00:00:00-04:00,42.74836741386753,42.74836741386753,41.603321110638554,41.98500442504883,12138,0.0,0.0
2010-05-20 00:00:00-04:00,41.22164169298791,41.985004686561375,37.40482308511869,38.931549072265625,35325,0.0,0.0
2010-05-21 00:00:00-04:00,38.16818603774067,41.2216416487603,37.02313972860807,40.45827865600586,14925,0.0,0.0
2010-05-24 00:00:00-04:00,41.22163769089093,42.36668389008264,40.07659149169922,40.07659149169922,5133,0.0,0.0
2010-05-25 00:00:00-04:00,38.93154910476867,39.69491209897945,37.4048231163471,39.313232421875,17628,0.0,0.0
2010-05-26 00:00:00-04:00,40.07659156434497,41.98500068645664,38.54986572265625,38.54986572265625,11635,0.0,0.0
2010-05-27 00:00:00-04:00,40.07659142438526,41.60331726074219,39.3132285062068,41.60331726074219,12045,0.0,0.0
2010-05-28 00:00:00-04:00,41.2216416487603,41.60332132513658,39.313232346873264,40.45827865600586,18930,0.0,0.0
2010-06-01 00:00:00-04:00,39.6949120658391,40.458278699414436,38.931549072265625,38.931549072265625,7393,0.0,0.0
2010-06-02 00:00:00-04:00,38.931545223973025,39.694908142089844,38.168182305856206,39.694908142089844,13275,0.0,0.0
2010-06-03 00:00:00-04:00,39.313232421875,40.45827873319211,38.93154910476867,39.313232421875,5775,0.0,0.0
2010-06-04 00:00:00-04:00,38.16818638851768,39.313232708173594,36.2597770690918,36.2597770690918,21525,0.0,0.0
2010-06-07 00:00:00-04:00,36.64145657224105,37.40481949249575,33.5880012512207,33.5880012512207,25868,0.0,0.0
2010-06-08 00:00:00-04:00,33.5880012512207,35.496410371858225,33.20631797109259,33.5880012512207,14160,0.0,0.0
2010-06-09 00:00:00-04:00,34.35136804583688,35.496414375365156,33.206321716308594,33.206321716308594,10520,0.0,0.0
2010-06-10 00:00:00-04:00,34.35136797762995,35.11473098246578,33.58800497279411,34.73305130004883,9643,0.0,0.0
2010-06-11 00:00:00-04:00,35.114730749435886,37.40482338874771,34.73305106955185,36.2597770690918,9773,0.0,0.0
2010-06-14 00:00:00-04:00,37.0231398430213,38.168186155692446,36.6414601654655,37.786502838134766,10253,0.0,0.0
2010-06-15 00:00:00-04:00,38.168182305856206,40.07659142114901,37.78649902679704,39.694908142089844,11125,0.0,0.0
2010-06-16 00:00:00-04:00,38.931549072265625,39.6949120658391,38.54986939547983,38.931549072265625,4265,0.0,0.0
2010-06-17 00:00:00-04:00,40.07659538262676,40.07659538262676,38.54986939547983,38.931549072265625,4778,0.0,0.0
2010-06-18 00:00:00-04:00,39.313232421875,39.69491209897945,38.54986942766422,39.313232421875,16633,0.0,0.0
2010-06-21 00:00:00-04:00,39.694912297296355,39.694912297296355,37.404823303222656,37.404823303222656,8020,0.0,0.0
2010-06-22 00:00:00-04:00,37.404819524920335,38.93154536675319,36.641456604003906,36.641456604003906,6618,0.0,0.0
2010-06-23 00:00:00-04:00,37.404823303222656,38.54986962026045,36.25977698618486,37.404823303222656,6670,0.0,0.0
2010-06-24 00:00:00-04:00,36.25977325439453,39.313228572238586,35.4964103349339,38.168182373046875,11345,0.0,0.0
2010-06-25 00:00:00-04:00,37.7864990933158,38.168182373046875,30.916229178168578,32.442955017089844,314070,0.0,0.0
2010-06-28 00:00:00-04:00,34.35136413574219,35.4964103349339,33.96968085601111,34.35136413574219,21388,0.0,0.0
2010-06-29 00:00:00-04:00,33.206321716308594,34.35136804583688,32.06127538678031,33.206321716308594,51733,0.0,0.0
2010-06-30 00:00:00-04:00,32.44295495035214,34.351364065078734,32.44295495035214,33.96968078613281,5868,0.0,0.0
2010-07-01 00:00:00-04:00,32.44295494637966,32.824638225278854,30.916229110785928,32.06127166748047,11178,0.0,0.0
2010-07-02 00:00:00-04:00,32.06127374007474,32.06127374007474,30.534547805786133,30.534547805786133,6710,0.0,0.0
2010-07-06 00:00:00-04:00,30.916231151716428,32.44295708809675,29.38950157533435,30.15286636352539,9740,0.0,0.0
2010-07-07 00:00:00-04:00,30.15286649358067,30.15286649358067,27.099410967648115,28.244457244873047,31828,0.0,0.0
2010-07-08 00:00:00-04:00,29.38950157533435,30.53454784762047,29.00782009123927,30.15286636352539,12723,0.0,0.0
2010-07-09 00:00:00-04:00,30.534547770522064,31.679594039916992,30.15286628739071,31.679594039916992,3798,0.0,0.0
2010-07-12 00:00:00-04:00,31.29791085979032,31.29791085979032,29.007820132000933,29.77118492126465,10918,0.0,0.0
2010-07-13 00:00:00-04:00,29.77118492126465,30.534547890527485,29.38950161663235,29.77118492126465,10330,0.0,0.0
2010-07-14 00:00:00-04:00,30.91623110935916,30.91623110935916,29.00782005149665,30.534547805786133,8815,0.0,0.0
2010-07-15 00:00:00-04:00,30.152866405896066,30.534547890527485,29.007820132000933,29.77118492126465,9228,0.0,0.0
2010-07-16 00:00:00-04:00,30.152866359750753,30.152866359750753,29.007820087607975,29.389501571655273,11925,0.0,0.0
2010-07-19 00:00:00-04:00,28.626138644797408,30.5345478877839,28.626138644797408,29.00782012939453,2818,0.0,0.0
2010-07-20 00:00:00-04:00,29.38950161663235,29.77118492126465,29.007820132000933,29.77118492126465,1823,0.0,0.0
2010-07-21 00:00:00-04:00,30.534547805786133,30.91623110935916,29.00782005149665,30.534547805786133,3498,0.0,0.0
2010-07-22 00:00:00-04:00,30.53454583188674,32.44295494637966,29.00781817629225,32.06127166748047,15590,0.0,0.0
2010-07-23 00:00:00-04:00,32.06127180561198,32.82463836669922,30.534545963440564,32.82463836669922,8085,0.0,0.0
2010-07-26 00:00:00-04:00,31.67959216506989,33.58800128778493,31.67959216506989,32.82463836669922,5430,0.0,0.0
2010-07-27 00:00:00-04:00,32.824638225278854,34.351364060872584,32.06127166748047,32.06127166748047,10945,0.0,0.0
2010-07-28 00:00:00-04:00,33.5880011471884,33.96968078613281,32.06127167140622,33.96968078613281,9635,0.0,0.0
2010-07-29 00:00:00-04:00,33.969680891347295,35.11472709173011,33.5880012512207,33.5880012512207,10605,0.0,0.0
2010-07-30 00:00:00-04:00,32.82463829682092,35.11472705520282,32.82463829682092,34.35136413574219,9860,0.0,0.0
2010-08-02 00:00:00-04:00,35.11472702026367,36.64145649766736,33.5880011828615,35.11472702026367,15895,0.0,0.0
2010-08-03 00:00:00-04:00,35.11472705520282,39.313228572238586,35.11472705520282,38.168182373046875,31858,0.0,0.0
2010-08-04 00:00:00-04:00,38.16818590553116,40.83995819091797,38.16818590553116,40.83995819091797,16753,0.0,0.0
2010-08-05 00:00:00-04:00,40.458274700208186,40.458274700208186,38.168182305856206,39.694908142089844,8938,0.0,0.0
2010-08-06 00:00:00-04:00,40.45827878103474,40.45827878103474,36.25977684790782,37.786502838134766,8425,0.0,0.0
2010-08-09 00:00:00-04:00,37.40481945358624,40.4582747714303,37.023136173855164,38.168182373046875,7553,0.0,0.0
2010-08-10 00:00:00-04:00,38.168182373046875,39.69490821196814,38.168182373046875,38.168182373046875,7828,0.0,0.0
2010-08-11 00:00:00-04:00,38.168186301247225,38.54986962026045,35.4964139881603,37.404823303222656,14285,0.0,0.0
2010-08-12 00:00:00-04:00,38.168186356897,38.549869676466734,35.4964140399146,35.87809371948242,7188,0.0,0.0
2010-08-13 00:00:00-04:00,35.114727089766276,37.02313621029707,35.114727089766276,35.49641036987305,3845,0.0,0.0
2010-08-16 00:00:00-04:00,35.49641036987305,37.40481949040384,35.114727089766276,35.49641036987305,2590,0.0,0.0
2010-08-17 00:00:00-04:00,34.35136413574219,37.7864990933158,32.82463829682092,34.35136413574219,14010,0.0,0.0
2010-08-18 00:00:00-04:00,38.16818233506954,38.16818233506954,34.73304738091389,35.11472702026367,8000,0.0,0.0
2010-08-19 00:00:00-04:00,35.114730749435886,36.2597770690918,34.73305106955185,36.2597770690918,4545,0.0,0.0
2010-08-20 00:00:00-04:00,35.49641029961497,35.49641029961497,34.35136410156258,35.11472702026367,3548,0.0,0.0
2010-08-23 00:00:00-04:00,34.73304738091389,35.878089938964756,33.2063179035102,35.11472702026367,4698,0.0,0.0
2010-08-24 00:00:00-04:00,33.96968078197339,34.351364060872584,32.06127166748047,32.06127166748047,6035,0.0,0.0
2010-08-25 00:00:00-04:00,31.297910736784765,34.35136624183732,30.15286628739071,31.679594039916992,5433,0.0,0.0
2010-08-26 00:00:00-04:00,31.297910690307617,33.206319923131275,31.297910690307617,31.297910690307617,3438,0.0,0.0
2010-08-27 00:00:00-04:00,31.297910736784765,32.06127370304747,30.916231073654288,31.679594039916992,6873,0.0,0.0
2010-08-30 00:00:00-04:00,32.06127177070977,33.969680891347295,32.06127177070977,33.5880012512207,6208,0.0,0.0
2010-08-31 00:00:00-04:00,32.06127370304747,32.82464030931192,31.297910736784765,31.679594039916992,3673,0.0,0.0
2010-09-01 00:00:00-04:00,31.679594039916992,32.82464030931192,31.679594039916992,31.679594039916992,9975,0.0,0.0
2010-09-02 00:00:00-04:00,32.06127166748047,33.588001143075715,32.06127166748047,32.06127166748047,3623,0.0,0.0
2010-09-03 00:00:00-04:00,32.82463829682092,33.588001216281555,32.442955017089844,32.442955017089844,5918,0.0,0.0
2010-09-07 00:00:00-04:00,33.58800472206975,36.25977703905215,32.06127508379272,35.87809371948242,12758,0.0,0.0
2010-09-08 00:00:00-04:00,34.73304734402466,36.64145645875126,33.96968078613281,33.96968078613281,6768,0.0,0.0
2010-09-09 00:00:00-04:00,34.35136417147541,35.496410371858225,33.5880012512207,33.5880012512207,2875,0.0,0.0
2010-09-10 00:00:00-04:00,34.35136804583688,35.11473105218842,32.82464203313379,33.206321716308594,3288,0.0,0.0
2010-09-13 00:00:00-04:00,33.20631786824247,34.73304734402466,32.82463822929807,33.96968078613281,8980,0.0,0.0
2010-09-14 00:00:00-04:00,33.58800503948533,34.733051369013616,33.206321716308594,33.206321716308594,3138,0.0,0.0
2010-09-15 00:00:00-04:00,33.20631793655048,33.96968085601111,32.442955017089844,32.442955017089844,4425,0.0,0.0
2010-09-16 00:00:00-04:00,32.442955017089844,33.588001216281555,32.442955017089844,32.442955017089844,2995,0.0,0.0
2010-09-17 00:00:00-04:00,33.20631800724131,33.58800128778493,32.4429550861556,32.82463836669922,4570,0.0,0.0
2010-09-20 00:00:00-04:00,33.206321716308594,34.35136804583688,32.44295870995705,33.206321716308594,4435,0.0,0.0
2010-09-21 00:00:00-04:00,34.35136804583688,34.35136804583688,32.44295870995705,33.206321716308594,4498,0.0,0.0
2010-09-22 00:00:00-04:00,32.82463836669922,33.969680928327016,32.82463836669922,32.82463836669922,1730,0.0,0.0
2010-09-23 00:00:00-04:00,32.82464203313379,33.58800503948533,32.82464203313379,33.206321716308594,3823,0.0,0.0
2010-09-24 00:00:00-04:00,33.20631797109259,33.969680891347295,32.44295505083789,33.5880012512207,11853,0.0,0.0
2010-09-27 00:00:00-04:00,33.969680891347295,33.969680891347295,32.824638330966,33.5880012512207,3678,0.0,0.0
2010-09-28 00:00:00-04:00,32.82464038808361,32.82464038808361,29.389501571655273,29.389501571655273,55985,0.0,0.0
2010-09-29 00:00:00-04:00,32.06127180982514,32.06127180982514,29.771183046267076,30.916229248046875,109998,0.0,0.0
2010-09-30 00:00:00-04:00,30.534547805786133,31.679594076503463,30.15286632221398,30.534547805786133,28498,0.0,0.0
2010-10-01 00:00:00-04:00,30.91623110935916,31.297910772930436,30.534547805786133,30.534547805786133,3978,0.0,0.0
2010-10-04 00:00:00-04:00,30.534547890527485,30.91623119515978,29.77118492126465,29.77118492126465,8330,0.0,0.0
2010-10-05 00:00:00-04:00,29.771183042354856,35.49641041049996,29.771183042354856,32.82463836669922,71480,0.0,0.0
2010-10-06 00:00:00-04:00,33.206321716308594,33.96968472266013,32.82464203313379,33.206321716308594,13558,0.0,0.0
2010-10-07 00:00:00-04:00,33.20631797109259,33.969680891347295,33.20631797109259,33.5880012512207,4893,0.0,0.0
2010-10-08 00:00:00-04:00,33.96968440163757,36.641460358621885,33.206321402500016,35.87809371948242,52348,0.0,0.0
2010-10-11 00:00:00-04:00,34.35136774966591,36.641460388977734,34.35136774966591,36.2597770690918,20775,0.0,0.0
2010-10-12 00:00:00-04:00,35.11473042672104,41.60332132513658,34.73305075034476,40.45827865600586,73135,0.0,0.0
2010-10-13 00:00:00-04:00,41.22164143623013,43.8934137170965,40.839958121819855,41.98500442504883,40028,0.0,0.0
2010-10-14 00:00:00-04:00,42.74836744938373,45.42013973246986,41.60332114520343,42.3666877746582,29015,0.0,0.0
2010-10-15 00:00:00-04:00,43.511726413709766,45.03845589138473,41.22163765719961,42.74836349487305,8683,0.0,0.0
2010-10-18 00:00:00-04:00,41.98500064593773,42.36668392599232,38.54986568545253,41.22163772583008,19453,0.0,0.0
2010-10-19 00:00:00-04:00,40.83995841029656,40.83995841029656,38.54986942766422,39.313232421875,14888,0.0,0.0
2010-10-20 00:00:00-04:00,39.313232210697464,40.83995819091797,38.931548895641406,40.83995819091797,7583,0.0,0.0
2010-10-21 00:00:00-04:00,41.98500445993081,42.74836744938373,41.2216414704779,42.3666877746582,15415,0.0,0.0
2010-10-22 00:00:00-04:00,41.98500067661546,44.27509307861328,40.83995447561656,44.27509307861328,14288,0.0,0.0
2010-10-25 00:00:00-04:00,45.03845971645933,46.94686899563132,43.89341342095577,46.18350601196289,27515,0.0,0.0
2010-10-26 00:00:00-04:00,45.80181884765625,46.56518176711688,45.03845592819562,45.80181884765625,9280,0.0,0.0
2010-10-27 00:00:00-04:00,45.80182270012776,46.94686899563132,44.2750967327909,46.18350601196289,9675,0.0,0.0
2010-10-28 00:00:00-04:00,46.18350216175836,48.091911281830996,45.80181888174322,46.94686508178711,23753,0.0,0.0
2010-10-29 00:00:00-04:00,47.32854850949292,48.091915130615234,43.89341327444975,48.091915130615234,14535,0.0,0.0
2010-11-01 00:00:00-04:00,48.091914903770046,49.23695755004883,45.42013902244808,49.23695755004883,42125,0.0,0.0
2010-11-02 00:00:00-04:00,49.618640847763395,50.76368713378906,49.618640847763395,50.76368713378906,22633,0.0,0.0
2010-11-03 00:00:00-04:00,51.14536680246309,51.52705011113891,48.47359456173773,50.76368713378906,23183,0.0,0.0
2010-11-04 00:00:00-04:00,51.527050365658404,51.527050365658404,47.71023182005408,48.091915130615234,13785,0.0,0.0
2010-11-05 00:00:00-04:00,48.09191121137563,49.23695376974049,46.565181733553295,48.47359085083008,18663,0.0,0.0
2010-11-08 00:00:00-05:00,50.000324025671965,51.14536666870117,49.61864071799437,51.14536666870117,18045,0.0,0.0
2010-11-09 00:00:00-05:00,51.52704616647324,51.90872944592921,47.71022793191967,48.47359085083008,13115,0.0,0.0
2010-11-10 00:00:00-05:00,49.23695778229508,49.618641092856244,47.32854850949292,48.091915130615234,9503,0.0,0.0
2010-11-11 00:00:00-05:00,47.71023178100586,48.85527807175036,46.56518549026136,47.71023178100586,14995,0.0,0.0
2010-11-12 00:00:00-05:00,46.946868800510124,48.85527807175036,45.80182250976562,47.71023178100586,11188,0.0,0.0
2010-11-15 00:00:00-05:00,47.328548470757084,48.47359476150159,46.946868800510124,47.71023178100586,7085,0.0,0.0
2010-11-16 00:00:00-05:00,47.71023178100586,48.47359476150159,46.946868800510124,47.71023178100586,12698,0.0,0.0
2010-11-17 00:00:00-05:00,47.71023182005408,49.618641092856244,47.71023182005408,48.091915130615234,7893,0.0,0.0
2010-11-18 00:00:00-05:00,49.618641092856244,49.618641092856244,47.71023182005408,48.091915130615234,6975,0.0,0.0
2010-11-19 00:00:00-05:00,48.47359088576923,51.52704620361328,48.09191124603967,51.52704620361328,15890,0.0,0.0
2010-11-22 00:00:00-05:00,51.52704616788006,51.52704616788006,49.23695377108478,50.38199996948242,6563,0.0,0.0
2010-11-23 00:00:00-05:00,49.23695376974049,50.00032032865242,48.47359085083008,48.47359085083008,4645,0.0,0.0
2010-11-24 00:00:00-05:00,50.38200000442157,51.52704620361328,48.855274165500305,51.52704620361328,11698,0.0,0.0
2010-11-26 00:00:00-05:00,50.76368718688144,50.76368718688144,49.6186408996582,49.6186408996582,2230,0.0,0.0
2010-11-29 00:00:00-05:00,48.85527423377834,50.382000074833286,47.71022803298636,50.00032043457031,15660,0.0,0.0
2010-11-30 00:00:00-05:00,48.85527420043945,49.23695384044197,47.710228000428856,48.85527420043945,11240,0.0,0.0
2010-12-01 00:00:00-05:00,49.23695376974049,49.61863704919646,48.09191121137563,48.47359085083008,20583,0.0,0.0
2010-12-02 00:00:00-05:00,49.236957364272115,53.05377587747156,48.47359438963259,52.29041290283203,67643,0.0,0.0
2010-12-03 00:00:00-05:00,53.05377592708557,53.435459234763165,49.23695741031677,51.14536666870117,31125,0.0,0.0
2010-12-06 00:00:00-05:00,51.527049453723805,62.21413828027252,50.76368648611343,59.924049377441406,68128,0.0,0.0
2010-12-07 00:00:00-05:00,62.2141385958672,62.97750520735167,56.488914489746094,56.488914489746094,61885,0.0,0.0
2010-12-08 00:00:00-05:00,58.015636442903386,58.015636442903386,53.43545528899024,56.10722732543945,15958,0.0,0.0
2010-12-09 00:00:00-05:00,55.72555135120633,58.39732356338706,54.962184742010315,58.01564025878906,9828,0.0,0.0
2010-12-10 00:00:00-05:00,58.77899946975818,58.77899946975818,56.107227428405814,57.63395690917969,8905,0.0,0.0
2010-12-13 00:00:00-05:00,58.01564026400187,60.68741247642267,56.4889143254762,59.5423698425293,33885,0.0,0.0
2010-12-14 00:00:00-05:00,62.214138414948344,62.59582171958064,58.01564026400187,59.5423698425293,16135,0.0,0.0
2010-12-15 00:00:00-05:00,59.16068644735873,59.5423697514069,57.633960511169526,58.77900314331055,8385,0.0,0.0
2010-12-16 00:00:00-05:00,57.63395683930139,59.160682678222656,55.72554772064905,59.160682678222656,8045,0.0,0.0
2010-12-17 00:00:00-05:00,59.542369878703994,59.542369878703994,56.8705940246582,56.8705940246582,9130,0.0,0.0
2010-12-20 00:00:00-05:00,55.72555139415836,60.687412517746324,55.72555139415836,58.39732360839844,30025,0.0,0.0
2010-12-21 00:00:00-05:00,58.01563641222906,60.687408447265625,57.252273493647394,60.687408447265625,24663,0.0,0.0
2010-12-22 00:00:00-05:00,55.3438644821064,55.3438644821064,45.420135601728084,46.94686508178711,119943,0.0,0.0
2010-12-23 00:00:00-05:00,46.94686912691554,48.85527841142428,41.221641273389295,43.89341354370117,101873,0.0,0.0
2010-12-27 00:00:00-05:00,43.893413480768146,45.42013945018544,42.74836718370427,45.03845977783203,22445,0.0,0.0
2010-12-28 00:00:00-05:00,44.65677268464047,45.4201356047195,42.748363564442144,43.13004684448242,22080,0.0,0.0
2010-12-29 00:00:00-05:00,43.51173023079868,43.89341354370117,43.13005055789804,43.89341354370117,11330,0.0,0.0
2010-12-30 00:00:00-05:00,43.511730402686226,43.511730402686226,41.98500442504883,41.98500442504883,18008,0.0,0.0
2010-12-31 00:00:00-05:00,41.98500053983218,42.748363458010644,40.07659142438526,41.60331726074219,19310,0.0,0.0
2011-01-03 00:00:00-05:00,41.22163762165371,43.13004673710063,40.45827470347525,41.60331726074219,11663,0.0,0.0
2011-01-04 00:00:00-05:00,41.985004223773494,46.18350610215158,41.603320911193,43.5117301940918,36108,0.0,0.0
2011-01-05 00:00:00-05:00,43.89341344415084,45.8018227243313,43.51173013211401,44.656776428222656,21273,0.0,0.0
2011-01-06 00:00:00-05:00,44.6567764046242,46.56518568379619,43.13005043728734,46.18350601196289,25595,0.0,0.0
2011-01-07 00:00:00-05:00,46.18350216175836,48.473590921844604,46.18350216175836,46.94686508178711,26523,0.0,0.0
2011-01-10 00:00:00-05:00,46.183502059199625,47.32854461669922,45.801818780032086,47.32854461669922,29840,0.0,0.0
2011-01-11 00:00:00-05:00,49.23695715996351,55.34386821174272,48.85527749422841,54.96218490600586,76063,0.0,0.0
2011-01-12 00:00:00-05:00,54.962184742010315,58.7790032279833,52.29041252982958,58.01564025878906,54748,0.0,0.0
2011-01-13 00:00:00-05:00,58.01564052324645,58.39732382958431,55.343868298886754,55.72555160522461,50198,0.0,0.0
2011-01-14 00:00:00-05:00,55.725547685947575,57.25227352391812,54.58050148746891,56.10722732543945,23403,0.0,0.0
2011-01-18 00:00:00-05:00,55.343868298886754,56.488914577898555,54.96218499254889,55.72555160522461,13378,0.0,0.0
2011-01-19 00:00:00-05:00,55.72555174297551,55.72555174297551,53.4354591792909,53.817142486572266,26888,0.0,0.0
2011-01-20 00:00:00-05:00,53.43545880362183,59.16068653258131,51.90873286523334,58.01564025878906,40445,0.0,0.0
2011-01-21 00:00:00-05:00,58.01564043189546,59.16068670910429,54.58050524027076,54.96218490600586,13203,0.0,0.0
2011-01-24 00:00:00-05:00,55.72555169883344,55.72555169883344,50.763686908115105,53.43545913696289,18568,0.0,0.0
2011-01-25 00:00:00-05:00,53.43545539419917,53.43545539419917,51.14536299273288,51.908729553222656,11235,0.0,0.0
2011-01-26 00:00:00-05:00,51.9087295165732,54.962181196370366,51.9087295165732,54.580501556396484,12393,0.0,0.0
2011-01-27 00:00:00-05:00,54.19881820797551,56.10722732543945,53.43545528899024,56.10722732543945,11485,0.0,0.0
2011-01-28 00:00:00-05:00,56.107231273226795,56.107231273226795,53.43545904878776,54.198822021484375,7270,0.0,0.0
2011-01-31 00:00:00-05:00,53.05377592006672,53.81714253532092,51.527049969561894,52.672096252441406,7845,0.0,0.0
2011-02-01 00:00:00-05:00,52.67209243652249,55.725547756321184,52.67209243652249,54.580501556396484,11633,0.0,0.0
2011-02-02 00:00:00-05:00,53.817142108219834,60.305732806373555,53.43545880362183,58.01564025878906,46143,0.0,0.0
2011-02-03 00:00:00-05:00,58.397323479264124,59.5423697514069,57.252277207121345,58.77900314331055,33733,0.0,0.0
2011-02-04 00:00:00-05:00,54.96218104812537,69.84777068699222,54.19881813023504,67.93936157226562,166415,0.0,0.0
2011-02-07 00:00:00-05:00,68.70272833910853,75.19132226091445,68.32104505900176,70.9928207397461,143650,0.0,0.0
2011-02-08 00:00:00-05:00,71.37450387858125,71.75617987792951,67.176002365723,70.22945404052734,49458,0.0,0.0
2011-02-09 00:00:00-05:00,69.84777817898583,74.04628013772354,67.55769281967781,72.5195541381836,36323,0.0,0.0
2011-02-10 00:00:00-05:00,72.90122985839844,74.04627241868619,69.46609489753213,72.90122985839844,33975,0.0,0.0
2011-02-11 00:00:00-05:00,73.28291943713734,89.3135530590086,71.7561861855274,87.78682708740234,213255,0.0,0.0
2011-02-14 00:00:00-05:00,90.45859499981648,102.6724089727855,87.02345276741602,92.7486801147461,245533,0.0,0.0
2011-02-15 00:00:00-05:00,91.98532112341951,92.36700440376626,84.73336791684353,86.64177703857422,80403,0.0,0.0
2011-02-16 00:00:00-05:00,90.84027818143859,98.47391524811422,87.40514295743527,96.56550598144531,82340,0.0,0.0
2011-02-17 00:00:00-05:00,96.5655056966682,104.9625093572496,95.80214636025399,100.38232421875,105675,0.0,0.0
2011-02-18 00:00:00-05:00,101.90904984803637,101.90904984803637,88.55018601746997,91.6036376953125,84685,0.0,0.0
2011-02-22 00:00:00-05:00,89.69523629624338,92.74868823687999,80.53487319432989,87.0234603881836,78418,0.0,0.0
2011-02-23 00:00:00-05:00,87.78681945800781,93.13036353423377,83.97000122070312,91.6036376953125,68435,0.0,0.0
2011-02-24 00:00:00-05:00,93.13036339390204,96.94718162545543,90.07691172066055,92.7486801147461,47543,0.0,0.0
2011-02-25 00:00:00-05:00,94.65708950544371,101.14568342993108,94.65708950544371,100.00064086914062,64623,0.0,0.0
2011-02-28 00:00:00-05:00,99.23728121463245,108.39764417844395,99.23728121463245,106.4892349243164,81775,0.0,0.0
2011-03-01 00:00:00-05:00,110.30605356410693,113.74118876963206,103.81746646033804,107.63428497314453,78048,0.0,0.0
2011-03-02 00:00:00-05:00,107.63428475307873,110.6877366450795,106.48923483357578,108.77932739257812,50640,0.0,0.0
2011-03-03 00:00:00-05:00,112.97782113404286,112.97782113404286,106.1075439477817,108.01595306396484,47108,0.0,0.0
2011-03-04 00:00:00-05:00,107.25260087009845,118.32137301911138,105.34419162785471,115.64959716796875,95215,0.0,0.0
2011-03-07 00:00:00-05:00,118.70304863617639,124.04659271240234,114.50454711914062,118.32136535644531,104463,0.0,0.0
2011-03-08 00:00:00-05:00,124.04660066334995,124.04660066334995,114.50455445847687,117.93968963623047,58163,0.0,0.0
2011-03-09 00:00:00-05:00,103.05410107528746,104.96251035445945,90.07691943291866,92.36701202392578,149855,0.0,0.0
2011-03-10 00:00:00-05:00,90.45859513612231,91.98532097504358,85.87841033935547,89.69522857666016,64368,0.0,0.0
2011-03-11 00:00:00-05:00,85.49673425090442,95.80214727043463,82.82496562806583,92.36701202392578,61895,0.0,0.0
2011-03-14 00:00:00-04:00,91.60364528645863,97.3288731168623,87.40514342149521,91.22196197509766,45753,0.0,0.0
2011-03-15 00:00:00-04:00,86.26010111579608,89.6952363719111,83.20664189257988,87.78682708740234,53708,0.0,0.0
2011-03-16 00:00:00-04:00,86.26010111579608,93.51205494092858,85.8784178028936,87.78682708740234,43985,0.0,0.0
2011-03-17 00:00:00-04:00,87.40514386942974,91.22196244259263,84.35169192290088,85.11505126953125,27770,0.0,0.0
2011-03-18 00:00:00-04:00,87.40513610520765,87.40513610520765,77.4814072405109,83.58831787109375,62135,0.0,0.0
2011-03-21 00:00:00-04:00,83.97000128872625,86.26009368896484,80.91654960841015,86.26009368896484,26785,0.0,0.0
2011-03-22 00:00:00-04:00,85.87841041049853,88.55018609082637,83.97000129026523,84.3516845703125,22485,0.0,0.0
2011-03-23 00:00:00-04:00,83.58832520548236,88.93186974610612,81.29823260807113,87.78682708740234,27870,0.0,0.0
2011-03-24 00:00:00-04:00,90.07691944246265,91.60364540996127,86.64178419558984,88.93186950683594,25850,0.0,0.0
2011-03-25 00:00:00-04:00,90.45859528203559,90.45859528203559,85.87841047788072,86.64177703857422,23670,0.0,0.0
2011-03-28 00:00:00-04:00,86.26010115170844,90.45860303537637,85.87841783864705,88.16851043701172,22868,0.0,0.0
2011-03-29 00:00:00-04:00,88.16851000709372,93.51205452388649,86.6417840422963,90.84027862548828,43313,0.0,0.0
2011-03-30 00:00:00-04:00,95.03877272085367,100.76400008090513,93.51204688084056,97.7105484008789,86693,0.0,0.0
2011-03-31 00:00:00-04:00,98.85559871980189,104.19914321924996,97.3288727599601,98.09223937988281,74850,0.0,0.0
2011-04-01 00:00:00-04:00,100.38231672911206,100.38231672911206,90.84027113585034,91.6036376953125,49360,0.0,0.0
2011-04-04 00:00:00-04:00,91.60363755728129,93.89372995221393,88.55018588403979,92.7486801147461,23545,0.0,0.0
2011-04-05 00:00:00-04:00,93.13036367811819,94.2754135190805,89.69522871523736,90.4585952758789,26150,0.0,0.0
2011-04-06 00:00:00-04:00,90.0769192830914,92.74868790148597,89.69523597189114,90.84027862548828,17433,0.0,0.0
2011-04-07 00:00:00-04:00,91.22196170928247,95.42046356201172,90.07691905853979,95.42046356201172,19298,0.0,0.0
2011-04-08 00:00:00-04:00,95.42046384006107,97.3288731168623,90.07691932101838,91.22196197509766,29080,0.0,0.0
2011-04-11 00:00:00-04:00,90.07691985877852,92.3670124606126,83.97000868055557,85.87841796875,43100,0.0,0.0
2011-04-12 00:00:00-04:00,83.97000885009766,85.49673482773505,80.15319026600231,83.97000885009766,31788,0.0,0.0
2011-04-13 00:00:00-04:00,85.11505134147075,86.64178459602925,84.35169199419519,85.87841796875,9105,0.0,0.0
2011-04-14 00:00:00-04:00,85.49673507939288,85.49673507939288,82.44328311513031,82.82496643066406,14100,0.0,0.0
2011-04-15 00:00:00-04:00,83.20663459323441,86.26009354858434,81.29822547614185,85.4967269897461,11780,0.0,0.0
2011-04-18 00:00:00-04:00,84.35169234274221,84.35169234274221,79.0081477697186,82.06159973144531,22105,0.0,0.0
2011-04-19 00:00:00-04:00,81.2982254746248,83.97000115050575,78.24477379933491,83.58831787109375,14113,0.0,0.0
2011-04-20 00:00:00-04:00,86.64178419558984,90.07691944246265,84.35169160434008,88.93186950683594,18460,0.0,0.0
2011-04-21 00:00:00-04:00,91.60364540025552,93.13037136759237,88.16851015374667,92.36701202392578,20630,0.0,0.0
2011-04-25 00:00:00-04:00,92.36701202392578,93.51205467942751,90.07691943291866,92.36701202392578,13643,0.0,0.0
2011-04-26 00:00:00-04:00,91.98532104350159,95.80213928364685,91.22195448347131,93.89373016357422,29953,0.0,0.0
2011-04-27 00:00:00-04:00,90.45859520344409,94.65708944360144,90.07691192342895,93.89373016357422,19118,0.0,0.0
2011-04-28 00:00:00-04:00,94.27541344084864,100.3823168009011,94.27541344084864,97.7105484008789,30000,0.0,0.0
2011-04-29 00:00:00-04:00,98.47391522123482,101.14569110584345,96.94718926431716,99.61896514892578,17625,0.0,0.0
2011-05-02 00:00:00-04:00,101.14568342993108,101.14568342993108,96.18382262650172,100.00064086914062,25350,0.0,0.0
2011-05-03 00:00:00-04:00,98.47391585283441,100.3823251312227,90.07691939592812,91.9853286743164,30000,0.0,0.0
2011-05-04 00:00:00-04:00,93.13037094195248,95.80214683258373,86.26010048033443,95.03878021240234,25835,0.0,0.0
2011-05-05 00:00:00-04:00,93.51204667589884,96.94718162840064,91.60363756006417,94.65708923339844,23850,0.0,0.0
2011-05-06 00:00:00-04:00,92.36701202392578,92.74868805575726,87.78682684191153,92.36701202392578,35070,0.0,0.0
2011-05-09 00:00:00-04:00,91.9853281855695,100.38232459785992,88.55019295872326,97.32887268066406,29615,0.0,0.0
2011-05-10 00:00:00-04:00,98.09223900980508,104.1991428261324,97.32887239276238,101.14569091796875,47163,0.0,0.0
2011-05-11 00:00:00-04:00,100.76400798960503,103.05410056936952,96.94718944999876,98.09223937988281,25000,0.0,0.0
2011-05-12 00:00:00-04:00,97.7105484008789,100.76400008090513,94.65708944084963,97.7105484008789,27500,0.0,0.0
2011-05-13 00:00:00-04:00,97.71054818673572,98.85559074423531,93.51204667589884,94.65708923339844,15188,0.0,0.0
2011-05-16 00:00:00-04:00,93.89373783508677,95.03878048868391,89.69523597189114,90.84027862548828,29388,0.0,0.0
2011-05-17 00:00:00-04:00,89.69523597189114,90.84027862548828,87.40514338469318,90.84027862548828,16998,0.0,0.0
2011-05-18 00:00:00-04:00,89.69523571114345,95.42046352249304,88.93186909096207,95.03878021240234,12143,0.0,0.0
2011-05-19 00:00:00-04:00,94.65709729605783,95.03878060773621,90.84027873928123,91.9853286743164,15158,0.0,0.0
2011-05-20 00:00:00-04:00,91.98532829168401,98.47391544321137,90.07691902123415,95.03878021240234,28698,0.0,0.0
2011-05-23 00:00:00-04:00,92.36700425477466,93.51204681396484,90.07691185639123,91.6036376953125,14378,0.0,0.0
2011-05-24 00:00:00-04:00,91.60364565641984,92.74868831512362,87.78682708740234,87.78682708740234,17505,0.0,0.0
2011-05-25 00:00:00-04:00,87.78681945800781,92.36700425477466,87.78681945800781,91.6036376953125,11848,0.0,0.0
2011-05-26 00:00:00-04:00,90.8402709989694,93.13036339390204,89.31354516234865,92.7486801147461,9703,0.0,0.0
2011-05-27 00:00:00-04:00,92.74868025450269,93.13036353423377,89.31354529692908,89.69522857666016,12445,0.0,0.0
2011-05-31 00:00:00-04:00,91.60363762928577,97.32886498111613,90.84027107037383,96.94718170166016,27193,0.0,0.0
2011-06-01 00:00:00-04:00,96.56550661410122,98.47391589327322,90.84027877658527,92.36701202392578,34030,0.0,0.0
2011-06-02 00:00:00-04:00,91.98532104350159,95.42045600363171,90.45859520344409,93.89373016357422,13418,0.0,0.0
2011-06-03 00:00:00-04:00,90.45860247876753,94.65709705659764,90.45860247876753,93.13037109375,14070,0.0,0.0
2011-06-06 00:00:00-04:00,92.36700440055525,94.65708952255001,87.78681959655961,88.55018615722656,13555,0.0,0.0
2011-06-07 00:00:00-04:00,89.31354529692908,90.45859513612231,87.02345289854566,89.69522857666016,12148,0.0,0.0
2011-06-08 00:00:00-04:00,88.93187035918919,88.93187035918919,81.6799164840628,82.82496643066406,34263,0.0,0.0
2011-06-09 00:00:00-04:00,83.58831780057436,84.35168435875434,79.00814029150358,83.20663452148438,18068,0.0,0.0
2011-06-10 00:00:00-04:00,83.97000115050575,85.1150437087387,80.91654947521585,83.58831787109375,18755,0.0,0.0
2011-06-13 00:00:00-04:00,83.58831787109375,85.8784102675627,80.53486619580384,83.58831787109375,28210,0.0,0.0
2011-06-14 00:00:00-04:00,85.11504391718722,87.0234530389179,84.35168463649678,86.64177703857422,23400,0.0,0.0
2011-06-15 00:00:00-04:00,85.11504385040399,87.78681953073183,82.06159217003193,84.3516845703125,18303,0.0,0.0
2011-06-16 00:00:00-04:00,83.58831794097205,85.87841033935547,79.00814042420825,80.15318298339844,28288,0.0,0.0
2011-06-17 00:00:00-04:00,81.29822561149639,82.44327545166016,80.53486633139026,82.44327545166016,17650,0.0,0.0
2011-06-20 00:00:00-04:00,81.67990868512744,83.97000107966436,79.77149956968053,83.20663452148438,12015,0.0,0.0
2011-06-21 00:00:00-04:00,83.5883178741452,87.40513610839844,82.44327531587045,87.40513610839844,17790,0.0,0.0
2011-06-22 00:00:00-04:00,87.0234603881836,90.07691960882387,85.4967344178653,87.0234603881836,19128,0.0,0.0
2011-06-23 00:00:00-04:00,83.97000885009766,86.2601014565556,82.44328287246026,83.97000885009766,23155,0.0,0.0
2011-06-24 00:00:00-04:00,83.97000115050575,87.40513610520765,81.2982254746248,83.58831787109375,389843,0.0,0.0
2011-06-27 00:00:00-04:00,83.5883250159039,89.69523616848214,80.53487307961662,89.31355285644531,23103,0.0,0.0
2011-06-28 00:00:00-04:00,92.36701139356414,100.0006484581561,91.6036447751035,99.61896514892578,78115,0.0,0.0
2011-06-29 00:00:00-04:00,99.61896486481977,104.96250933879404,95.80214634340909,103.43578338623047,139970,0.0,0.0
2011-06-30 00:00:00-04:00,104.58082580566406,108.77932762618417,103.054099856385,104.58082580566406,38368,0.0,0.0
2011-07-01 00:00:00-04:00,103.05409963507402,109.5426940055801,100.38232376957068,108.77932739257812,43410,0.0,0.0
2011-07-05 00:00:00-04:00,108.77931989729346,114.88623054051054,107.6342773366916,113.35950469970703,70558,0.0,0.0
2011-07-06 00:00:00-04:00,113.35951202445574,114.50455465904479,108.77932692609254,113.7411880493164,24030,0.0,0.0
2011-07-07 00:00:00-04:00,114.50454711914062,118.32136535644531,113.74118055967847,116.41295623779297,34843,0.0,0.0
2011-07-08 00:00:00-04:00,114.50455471114479,118.3213732015163,109.16101028062542,117.17633056640625,30723,0.0,0.0
2011-07-11 00:00:00-04:00,115.64959729363382,117.93968984281541,111.832778804999,113.7411880493164,25635,0.0,0.0
2011-07-12 00:00:00-04:00,111.83277901869575,116.41296412581104,110.6877363819187,112.59614562988281,18058,0.0,0.0
2011-07-13 00:00:00-04:00,112.9778212086485,116.79463944353526,109.16100297376175,110.30604553222656,24268,0.0,0.0
2011-07-14 00:00:00-04:00,111.06942004622395,113.74118863400038,104.96250897701509,106.4892349243164,17055,0.0,0.0
2011-07-15 00:00:00-04:00,107.25260123186074,110.68773642348545,106.87091792612388,109.92436981201172,12010,0.0,0.0
2011-07-18 00:00:00-04:00,108.77931961990795,110.6877287360467,103.05409227149174,106.1075439453125,14725,0.0,0.0
2011-07-19 00:00:00-04:00,106.48922729733981,110.68772881171584,104.19913490040715,110.30604553222656,12133,0.0,0.0
2011-07-20 00:00:00-04:00,109.16101048054152,111.0694197292223,107.25260123186074,109.92436981201172,11505,0.0,0.0
2011-07-21 00:00:00-04:00,109.54269374514165,114.50455487784693,108.39764382836105,112.59614562988281,17395,0.0,0.0
2011-07-22 00:00:00-04:00,111.83277901869575,114.1228715722534,110.6877363819187,112.59614562988281,7903,0.0,0.0
2011-07-25 00:00:00-04:00,109.54268639156352,114.1228639112089,109.54268639156352,111.06941223144531,13210,0.0,0.0
2011-07-26 00:00:00-04:00,110.6877363819187,112.97782893547634,109.54269374514165,112.59614562988281,11613,0.0,0.0
2011-07-27 00:00:00-04:00,111.45110405504404,111.45110405504404,99.23728183969547,99.61896514892578,26055,0.0,0.0
2011-07-28 00:00:00-04:00,98.85559096229629,102.29072592237549,95.42045600221708,95.80213928222656,17873,0.0,0.0
2011-07-29 00:00:00-04:00,92.74868038412426,101.14568342993108,90.07691198227886,100.00064086914062,19480,0.0,0.0
2011-08-01 00:00:00-04:00,101.90904977599968,107.25259384844843,95.80213914462837,98.8555908203125,20205,0.0,0.0
2011-08-02 00:00:00-04:00,98.0922396982824,101.14569162787723,90.84027862548828,90.84027862548828,19283,0.0,0.0
2011-08-03 00:00:00-04:00,91.60363755728129,95.03877250967874,88.55018588403979,92.7486801147461,23205,0.0,0.0
2011-08-04 00:00:00-04:00,83.206639823342,83.97000643016307,61.45077888898367,63.74087142944336,102893,0.0,0.0
2011-08-05 00:00:00-04:00,66.79431915283203,71.7561799493269,66.41263587310095,66.79431915283203,42608,0.0,0.0
2011-08-08 00:00:00-04:00,60.687412560722926,62.214138501369355,56.87059406910509,57.25227737426758,43595,0.0,0.0
2011-08-09 00:00:00-04:00,58.01563636294896,70.22945396988534,56.870590166048345,69.84777069091797,29303,0.0,0.0
2011-08-10 00:00:00-04:00,68.32104918054242,72.5195509549899,62.97750477670176,63.359188079833984,23475,0.0,0.0
2011-08-11 00:00:00-04:00,64.88590990435115,72.1378630847192,63.740867347452046,69.84777069091797,24725,0.0,0.0
2011-08-12 00:00:00-04:00,70.99282074371645,70.99282074371645,65.649276661932,67.1760025024414,14455,0.0,0.0
2011-08-15 00:00:00-04:00,68.32104492377387,72.13786315728082,67.93936164442256,70.22945404052734,12278,0.0,0.0
2011-08-16 00:00:00-04:00,69.08441949594044,71.37451215768507,66.7943268341958,67.55769348144531,11508,0.0,0.0
2011-08-17 00:00:00-04:00,67.93936185665403,69.0844116982849,64.12254361122396,65.64927673339844,9955,0.0,0.0
2011-08-18 00:00:00-04:00,62.595817635796266,64.88591003417969,57.63395683930139,59.160682678222656,20908,0.0,0.0
2011-08-19 00:00:00-04:00,58.01564034459079,62.214138501369355,57.25227737426758,57.25227737426758,14633,0.0,0.0
2011-08-22 00:00:00-04:00,60.30572887741437,60.30572887741437,57.25227355957031,59.160682678222656,13220,0.0,0.0
2011-08-23 00:00:00-04:00,59.16068254928056,64.50422661386013,57.25227343478763,64.12254333496094,18290,0.0,0.0
2011-08-24 00:00:00-04:00,63.7408674749895,64.88591003417969,61.069091796875,62.977500915527344,10190,0.0,0.0
2011-08-25 00:00:00-04:00,63.359188328845235,64.12254765810631,58.7790032332647,59.5423698425293,13148,0.0,0.0
2011-08-26 00:00:00-04:00,57.63395677293898,62.21413428442895,57.252273493647394,60.687408447265625,14995,0.0,0.0
2011-08-29 00:00:00-04:00,62.21413435606519,69.08441155121545,60.30572887741437,68.70272827148438,19845,0.0,0.0
2011-08-30 00:00:00-04:00,68.3210449917533,68.3210449917533,62.595817635796266,64.88591003417969,15813,0.0,0.0
2011-08-31 00:00:00-04:00,65.26759739086856,67.17600662873019,61.069095611572266,61.069095611572266,16895,0.0,0.0
2011-09-01 00:00:00-04:00,61.83246239031956,62.59582171958064,59.160686537897,59.5423698425293,15675,0.0,0.0
2011-09-02 00:00:00-04:00,57.63395690917969,60.68740859072438,57.25227362898584,57.63395690917969,14833,0.0,0.0
2011-09-06 00:00:00-04:00,55.72555160522461,56.87059424423464,54.58050532621281,55.72555160522461,12343,0.0,0.0
2011-09-07 00:00:00-04:00,56.48891424609822,60.30573272705078,55.72555127790806,60.30573272705078,13258,0.0,0.0
2011-09-08 00:00:00-04:00,59.92404959039971,62.214138501369355,56.488914403944364,57.25227737426758,8663,0.0,0.0
2011-09-09 00:00:00-04:00,56.107227396295066,58.778999436118355,53.81713863644719,54.580501556396484,10608,0.0,0.0
2011-09-12 00:00:00-04:00,53.81714214575175,57.25227732952239,53.81714214575175,56.8705940246582,6795,0.0,0.0
2011-09-13 00:00:00-04:00,56.48891064010968,59.92404559768329,56.1072273603786,59.160682678222656,8100,0.0,0.0
2011-09-14 00:00:00-04:00,60.30573243962701,62.977504635559484,59.54236947507512,62.21413803100586,11295,0.0,0.0
2011-09-15 00:00:00-04:00,62.9775048494339,63.74087145657995,61.069095611572266,61.069095611572266,8270,0.0,0.0
2011-09-16 00:00:00-04:00,61.83246239031956,61.83246239031956,58.01564026400187,59.5423698425293,14885,0.0,0.0
2011-09-19 00:00:00-04:00,56.87059419976943,56.87059419976943,54.1988219774987,55.343868255615234,13940,0.0,0.0
2011-09-20 00:00:00-04:00,55.34386843569415,58.3973239739397,53.4354591792909,53.817142486572266,19513,0.0,0.0
2011-09-21 00:00:00-04:00,53.81714268319025,55.725551946565766,50.382003825113244,50.76368713378906,9925,0.0,0.0
2011-09-22 00:00:00-04:00,49.61864125847174,50.00032457030687,46.18350601196289,46.18350601196289,25410,0.0,0.0
2011-09-23 00:00:00-04:00,46.183502059199625,48.47359081420032,45.801818780032086,47.32854461669922,15408,0.0,0.0
2011-09-26 00:00:00-04:00,48.09191529113488,48.85527827480331,42.74836712545221,46.18350601196289,20815,0.0,0.0
2011-09-27 00:00:00-04:00,48.091915130615234,50.382004073976745,45.801822547251916,48.091915130615234,26688,0.0,0.0
2011-09-28 00:00:00-04:00,47.32854898678158,48.091915615602126,41.603321110638554,41.98500442504883,45443,0.0,0.0
2011-09-29 00:00:00-04:00,43.51172637267547,45.420135487968274,39.694908142089844,39.694908142089844,82255,0.0,0.0
2011-09-30 00:00:00-04:00,39.313232468363594,39.313232468363594,36.6414601654655,37.786502838134766,47400,0.0,0.0
2011-10-03 00:00:00-04:00,37.02314038806824,37.40482371124499,32.82464203313379,33.206321716308594,31315,0.0,0.0
2011-10-04 00:00:00-04:00,32.44295507896125,37.78649916537778,32.44295507896125,36.641456604003906,29813,0.0,0.0
2011-10-05 00:00:00-04:00,38.1681824422333,39.694908283922025,35.8780900396987,38.54986572265625,21468,0.0,0.0
2011-10-06 00:00:00-04:00,38.54986565277795,40.07659149169922,38.168182373046875,40.07659149169922,18415,0.0,0.0
2011-10-07 00:00:00-04:00,40.458274844767914,41.22163776561228,38.1681824422333,38.54986572265625,12710,0.0,0.0
2011-10-10 00:00:00-04:00,39.69490824561325,41.22163772583008,38.16818240539794,41.22163772583008,14170,0.0,0.0
2011-10-11 00:00:00-04:00,40.45827844741143,41.98500442504883,38.54986915536376,41.98500442504883,10128,0.0,0.0
2011-10-12 00:00:00-04:00,41.98500064593773,42.36668392599232,40.458274805722425,41.22163772583008,15055,0.0,0.0
2011-10-13 00:00:00-04:00,40.839958121819855,41.98500442504883,40.45827844741143,41.98500442504883,7880,0.0,0.0
2011-10-14 00:00:00-04:00,41.98500442504883,43.1300507282778,40.839958121819855,41.98500442504883,24940,0.0,0.0
2011-10-17 00:00:00-04:00,41.60332140450735,41.98500472161368,39.313232421875,39.313232421875,10988,0.0,0.0
2011-10-18 00:00:00-04:00,39.31323214418246,41.98500442504883,38.54986915536376,41.98500442504883,14978,0.0,0.0
2011-10-19 00:00:00-04:00,41.985000536441824,41.985000536441824,38.931545223973025,39.694908142089844,10763,0.0,0.0
2011-10-20 00:00:00-04:00,40.07659541608578,41.60332140450735,38.93154910476867,39.313232421875,8013,0.0,0.0
2011-10-21 00:00:00-04:00,40.83995434256372,41.98500053983218,40.07659142438526,41.60331726074219,9150,0.0,0.0
2011-10-24 00:00:00-04:00,41.603321110638554,42.74836741386753,40.076595133001156,41.98500442504883,11258,0.0,0.0
2011-10-25 00:00:00-04:00,36.641460305198095,38.168186301247225,34.3513676711225,37.404823303222656,26478,0.0,0.0
2011-10-26 00:00:00-04:00,37.786502838134766,38.168186155692446,35.49641385279435,37.786502838134766,10130,0.0,0.0
2011-10-27 00:00:00-04:00,38.168182373046875,40.07659149169922,37.023136173855164,40.07659149169922,22635,0.0,0.0
2011-10-28 00:00:00-04:00,39.313228572238586,40.83995441115985,38.54986565277795,40.07659149169922,13783,0.0,0.0
2011-10-31 00:00:00-04:00,39.69491214591939,41.22164177614822,37.786502838134766,37.786502838134766,12815,0.0,0.0
2011-11-01 00:00:00-04:00,35.114727089766276,37.40481949040384,34.351364169554266,35.49641036987305,15360,0.0,0.0
2011-11-02 00:00:00-04:00,36.64145653412561,39.69490821196814,36.25977325439453,38.168182373046875,10940,0.0,0.0
2011-11-03 00:00:00-04:00,38.931549072265625,39.3132323890533,37.40482308511869,38.931549072265625,12065,0.0,0.0
2011-11-04 00:00:00-04:00,37.78649916181036,38.93154536307767,37.78649916181036,38.54986572265625,4250,0.0,0.0
2011-11-07 00:00:00-05:00,38.54986572265625,39.694908283922025,38.1681824422333,38.54986572265625,8803,0.0,0.0
2011-11-08 00:00:00-05:00,38.54986939547983,39.3132323890533,36.64146009154522,38.931549072265625,10028,0.0,0.0
2011-11-09 00:00:00-05:00,37.40481941828689,38.54986561639801,37.023136138916016,37.023136138916016,9098,0.0,0.0
2011-11-10 00:00:00-05:00,38.16818638851768,38.16818638851768,35.49641406932182,36.2597770690918,7680,0.0,0.0
2011-11-11 00:00:00-05:00,37.02313998420943,37.78650298223399,35.878093667171626,37.404823303222656,11168,0.0,0.0
2011-11-14 00:00:00-05:00,37.023136173855164,39.313228572238586,36.25977325439453,38.168182373046875,13770,0.0,0.0
2011-11-15 00:00:00-05:00,37.7864990933158,38.54986565277795,37.023136173855164,38.168182373046875,5808,0.0,0.0
2011-11-16 00:00:00-05:00,37.7864990933158,38.93154529250751,37.40481945358624,38.168182373046875,18558,0.0,0.0
2011-11-17 00:00:00-05:00,38.16818607869216,39.3132323890533,36.259776774757555,38.931549072265625,22283,0.0,0.0
2011-11-18 00:00:00-05:00,37.78650276190449,39.6949120658391,37.78650276190449,38.931549072265625,12458,0.0,0.0
2011-11-21 00:00:00-05:00,38.1681824422333,39.31322864350061,37.023136240966,38.54986572265625,21968,0.0,0.0
2011-11-22 00:00:00-05:00,38.168186155692446,39.313232468363594,37.40482316057897,37.786502838134766,7720,0.0,0.0
2011-11-23 00:00:00-05:00,37.40481945358624,37.7864990933158,33.588001216281555,34.35136413574219,21923,0.0,0.0
2011-11-25 00:00:00-05:00,33.588001216281555,35.4964103349339,33.588001216281555,34.35136413574219,5600,0.0,0.0
2011-11-28 00:00:00-05:00,35.49641036987305,37.40481949040384,33.588001249342256,35.49641036987305,12295,0.0,0.0
2011-11-29 00:00:00-05:00,35.4964103349339,35.87808997466345,34.35136413574219,34.35136413574219,6275,0.0,0.0
2011-11-30 00:00:00-05:00,36.641460388977734,36.641460388977734,34.73305106955185,36.2597770690918,11155,0.0,0.0
2011-12-01 00:00:00-05:00,36.25977321831606,36.64145649766736,35.11472702026367,35.11472702026367,7595,0.0,0.0
2011-12-02 00:00:00-05:00,35.87809004308595,36.641456604003906,35.11472712216952,36.641456604003906,4738,0.0,0.0
2011-12-05 00:00:00-05:00,38.1681824422333,39.31322864350061,37.404819521388944,38.54986572265625,16850,0.0,0.0
2011-12-06 00:00:00-05:00,38.54986572629574,38.54986572629574,36.25977332354493,36.641456604003906,8225,0.0,0.0
2011-12-07 00:00:00-05:00,36.25977698618486,37.404823303222656,34.73305099013573,37.404823303222656,3060,0.0,0.0
2011-12-08 00:00:00-05:00,37.78649905571824,37.78649905571824,35.11472702026367,35.11472702026367,7253,0.0,0.0
2011-12-09 00:00:00-05:00,35.114730669147065,37.404823303222656,35.114730669147065,37.404823303222656,4990,0.0,0.0
2011-12-12 00:00:00-05:00,36.641460388977734,37.78650306863174,35.49641406932182,36.2597770690918,11228,0.0,0.0
2011-12-13 00:00:00-05:00,36.64146070489344,36.64146070489344,32.82464203313379,33.206321716308594,22960,0.0,0.0
2011-12-14 00:00:00-05:00,32.82463836669922,33.58800128778493,32.82463836669922,32.82463836669922,10453,0.0,0.0
2011-12-15 00:00:00-05:00,33.206321716308594,33.96968472266013,32.44295870995705,33.206321716308594,11443,0.0,0.0
2011-12-16 00:00:00-05:00,33.206317864176526,34.351364060872584,31.297908749683604,32.06127166748047,11720,0.0,0.0
2011-12-19 00:00:00-05:00,32.44295700617969,33.206319972442394,31.297910736784765,31.679594039916992,4768,0.0,0.0
2011-12-20 00:00:00-05:00,34.35136417147541,34.35136417147541,32.824638330966,33.5880012512207,10988,0.0,0.0
2011-12-21 00:00:00-05:00,33.5880011471884,34.351364065078734,31.679592032461805,33.96968078613281,6688,0.0,0.0
2011-12-22 00:00:00-05:00,34.73305130004883,35.11473098246578,33.20632165037523,34.73305130004883,7140,0.0,0.0
2011-12-23 00:00:00-05:00,35.11472705520282,35.11472705520282,33.96968085601111,34.35136413574219,3575,0.0,0.0
2011-12-27 00:00:00-05:00,33.969680928327016,34.351364208870635,31.297908884526272,32.82463836669922,10218,0.0,0.0
2011-12-28 00:00:00-05:00,38.16818233506954,44.27509296468127,34.35136410156258,35.11472702026367,117765,0.0,0.0
2011-12-29 00:00:00-05:00,35.11472709173011,35.87809001198482,32.824638330966,33.5880012512207,58253,0.0,0.0
2011-12-30 00:00:00-05:00,33.58800128778493,33.969680928327016,32.4429550861556,32.82463836669922,24833,0.0,0.0
2012-01-03 00:00:00-05:00,34.35136774966591,37.02314006886177,33.20632143001,36.2597770690918,21803,0.0,0.0
2012-01-04 00:00:00-05:00,35.87809000997829,37.40481949040384,34.733047449661036,35.49641036987305,8688,0.0,0.0
2012-01-05 00:00:00-05:00,35.496410272446575,41.221637618325005,35.496410272446575,39.694908142089844,20725,0.0,0.0
2012-01-06 00:00:00-05:00,39.69491209897945,40.07659541608578,36.64146012213632,39.313232421875,14808,0.0,0.0
2012-01-09 00:00:00-05:00,39.3132285062068,42.36668381892217,38.93154522711681,41.60331726074219,11483,0.0,0.0
2012-01-10 00:00:00-05:00,42.748363458010644,43.13004673710063,40.83995434256372,41.60331726074219,11123,0.0,0.0
2012-01-11 00:00:00-05:00,42.36668395694895,44.656772718945234,40.07659155495112,44.27509307861328,21020,0.0,0.0
2012-01-12 00:00:00-05:00,45.03845958402735,46.565185546875,41.985004018330244,46.565185546875,16923,0.0,0.0
2012-01-13 00:00:00-05:00,45.42013945018544,46.18350607489592,45.03845977783203,45.03845977783203,9560,0.0,0.0
2012-01-17 00:00:00-05:00,45.42013973246986,45.42013973246986,41.2216414704779,42.3666877746582,14353,0.0,0.0
2012-01-18 00:00:00-05:00,41.98500407194904,46.946868917543384,41.98500407194904,45.42013931274414,21635,0.0,0.0
2012-01-19 00:00:00-05:00,46.946868917543384,46.946868917543384,44.27509665914699,45.42013931274414,8015,0.0,0.0
2012-01-20 00:00:00-05:00,45.03845958402735,46.946868857587816,44.27509660260353,46.565185546875,6588,0.0,0.0
2012-01-23 00:00:00-05:00,46.94686504684796,46.94686504684796,44.275093008734984,45.80181884765625,4973,0.0,0.0
2012-01-24 00:00:00-05:00,45.03845958402735,46.946868857587816,44.27509660260353,46.565185546875,5578,0.0,0.0
2012-01-25 00:00:00-05:00,46.56518180177197,46.94686508178711,45.038455961714476,46.94686508178711,5135,0.0,0.0
2012-01-26 00:00:00-05:00,47.71022800181586,50.763683321932376,46.94686508178711,46.94686508178711,21590,0.0,0.0
2012-01-27 00:00:00-05:00,46.56518552837242,48.47359480117458,46.183505857813074,48.091915130615234,6273,0.0,0.0
2012-01-30 00:00:00-05:00,42.74836744938373,43.51173043883665,40.45827848102498,42.3666877746582,43078,0.0,0.0
2012-01-31 00:00:00-05:00,42.74836718370427,45.03845977783203,42.74836718370427,45.03845977783203,12783,0.0,0.0
2012-02-01 00:00:00-05:00,45.42013560040766,49.23695384044197,44.27509304039859,48.85527420043945,26598,0.0,0.0
2012-02-02 00:00:00-05:00,48.47359095102322,56.10722743590882,46.56518182980182,51.908729553222656,25655,0.0,0.0
2012-02-03 00:00:00-05:00,53.05377587747156,53.81714249211288,51.90873323551316,52.29041290283203,16795,0.0,0.0
2012-02-06 00:00:00-05:00,51.14536680246309,51.90873341981473,49.23695753908757,50.76368713378906,9720,0.0,0.0
2012-02-07 00:00:00-05:00,50.38200000442157,51.90872948334436,48.09191124603967,51.52704620361328,13953,0.0,0.0
2012-02-08 00:00:00-05:00,50.76368335248951,52.29040919346602,50.00032043200126,51.908729553222656,8523,0.0,0.0
2012-02-09 00:00:00-05:00,52.67209247371091,53.43545539419917,51.14536299273288,51.908729553222656,9513,0.0,0.0
2012-02-10 00:00:00-05:00,51.14536681384919,51.908733431370784,47.71023159500925,49.23695755004883,10105,0.0,0.0
2012-02-13 00:00:00-05:00,50.00032033001755,51.908729447346445,48.47359085215353,50.38199996948242,11520,0.0,0.0
2012-02-14 00:00:00-05:00,50.382004073976745,50.382004073976745,47.71023182005408,48.091915130615234,10315,0.0,0.0
2012-02-15 00:00:00-05:00,48.091915130615234,51.527050365658404,46.183505857813074,48.091915130615234,6340,0.0,0.0
2012-02-16 00:00:00-05:00,44.46593248000339,57.15685645099298,44.46593248000339,56.58433151245117,31000,0.0,0.25
2012-02-17 00:00:00-05:00,52.958354992297245,53.721717939861556,49.14153661447402,50.85910415649414,58570,0.0,0.0
2012-02-21 00:00:00-05:00,50.9545269583904,51.81330891207013,49.046117763544345,49.52322006225586,20510,0.0,0.0
2012-02-22 00:00:00-05:00,49.3323783042088,50.47742454655053,47.99649041480984,48.75985336303711,12450,0.0,0.0
2012-02-23 00:00:00-05:00,48.66443435150255,49.90489959716797,47.805648759887134,49.90489959716797,10920,0.0,0.0
2012-02-24 00:00:00-05:00,49.809478794438064,50.19115843470104,48.85527423377834,50.00032043457031,9400,0.0,0.0
2012-02-27 00:00:00-05:00,48.75985347764025,49.42779742390964,45.80182068130654,45.897239685058594,22820,0.0,0.0
2012-02-28 00:00:00-05:00,45.89724201774582,46.85144666376966,41.794162767843694,41.98500442504883,30450,0.0,0.0
2012-02-29 00:00:00-05:00,42.0804235575133,44.17967451294521,41.030799899798275,41.41248321533203,26260,0.0,0.0
2012-03-01 00:00:00-05:00,41.221637618325005,41.412479257854585,38.931545223973025,39.694908142089844,36490,0.0,0.0
2012-03-02 00:00:00-05:00,39.79033281576437,41.60331938396363,38.454444910774015,38.645286560058594,27400,0.0,0.0
2012-03-05 00:00:00-05:00,38.35902408420956,38.93154536486878,36.73687560233971,37.59566116333008,21880,0.0,0.0
2012-03-06 00:00:00-05:00,36.92771924760014,36.92771924760014,34.82846837119877,35.21015167236328,32250,0.0,0.0
2012-03-07 00:00:00-05:00,35.49641030054934,37.118558777832796,35.305568660868666,36.068931579589844,15660,0.0,0.0
2012-03-08 00:00:00-05:00,36.16435613258034,38.83612830944604,35.87809183791475,38.0727653503418,36860,0.0,0.0
2012-03-09 00:00:00-05:00,37.8819234257685,41.221639532624636,37.8819234257685,41.126216888427734,71790,0.0,0.0
2012-03-12 00:00:00-04:00,41.0307979104621,42.27126316580131,40.55369560917765,41.31705856323242,42140,0.0,0.0
2012-03-13 00:00:00-04:00,41.41248122496593,41.41248122496593,39.79033267191396,40.17201232910156,36380,0.0,0.0
2012-03-14 00:00:00-04:00,39.98117436500353,40.55369567142294,38.45444481454894,39.21780776977539,13500,0.0,0.0
2012-03-15 00:00:00-04:00,39.1223889144342,40.17201252686955,38.8361282601338,39.02696990966797,12670,0.0,0.0
2012-03-16 00:00:00-04:00,39.12238875465675,41.9850025659731,39.12238875465675,41.6987419128418,59230,0.0,0.0
2012-03-19 00:00:00-04:00,41.79416080657105,44.94303526268226,40.45827654882777,43.41630935668945,53600,0.0,0.0
2012-03-20 00:00:00-04:00,43.03462416960974,47.710227966308594,42.939205169677734,46.75602340698242,56330,0.0,0.0
2012-03-21 00:00:00-04:00,47.32854669210818,48.091913283917734,45.32471848861231,46.660606384277344,35540,0.0,0.0
2012-03-22 00:00:00-04:00,46.18350212738733,47.23312568664551,44.56135364853253,45.80181884765625,17330,0.0,0.0
2012-03-23 00:00:00-04:00,45.61097912718573,46.3743420787701,43.41630927638004,45.3247184753418,15530,0.0,0.0
2012-03-26 00:00:00-04:00,46.183504084397214,47.23312768813283,44.752197184756824,46.660606384277344,19020,0.0,0.0
2012-03-27 00:00:00-04:00,46.85144433785907,47.51938828491647,45.99266238307242,46.27892303466797,16580,0.0,0.0
2012-03-28 00:00:00-04:00,46.27892308837257,47.04228604018044,44.65677454077979,46.660606384277344,22930,0.0,0.0
2012-03-29 00:00:00-04:00,46.278923129313135,46.46976477743436,44.37051392810435,45.70640182495117,14230,0.0,0.0
2012-03-30 00:00:00-04:00,46.08808145417281,46.37434210618597,45.32471850213715,45.515560150146484,9340,0.0,0.0
2012-04-02 00:00:00-04:00,45.13387864934485,45.61098096834427,43.893413347946726,45.42013931274414,18620,0.0,0.0
2012-04-03 00:00:00-04:00,45.229299484955625,45.42013749290768,43.13004863746793,44.17967224121094,17360,0.0,0.0
2012-04-04 00:00:00-04:00,43.13004879998104,44.37051405635183,42.46210484962702,42.843788146972656,20350,0.0,0.0
2012-04-05 00:00:00-04:00,42.55752381117357,44.179672363259016,42.55752381117357,43.79799270629883,9980,0.0,0.0
2012-04-09 00:00:00-04:00,42.652946445801206,43.702570052207264,42.27126314892536,42.46210479736328,15120,0.0,0.0
2012-04-10 00:00:00-04:00,42.55752396730949,43.797992866985815,39.31323049123754,39.79033279418945,28830,0.0,0.0
2012-04-11 00:00:00-04:00,40.36285403666066,43.034626200883736,40.36285403666066,41.889583587646484,19870,0.0,0.0
2012-04-12 00:00:00-04:00,41.88958521562929,44.08425516296254,41.88958521562929,43.5117301940918,10700,0.0,0.0
2012-04-13 00:00:00-04:00,43.320888486997376,43.320888486997376,40.07659152647278,40.267433166503906,14430,0.0,0.0
2012-04-16 00:00:00-04:00,40.74453732022997,40.839956324632645,38.74070546775865,39.21780776977539,16540,0.0,0.0
2012-04-17 00:00:00-04:00,39.69490998548939,41.60331918940718,39.21780768450994,41.126216888427734,13850,0.0,0.0
2012-04-18 00:00:00-04:00,40.74453544658097,40.83995444659577,39.59948924639572,40.267433166503906,8660,0.0,0.0
2012-04-19 00:00:00-04:00,40.26743509714136,41.126217058453776,39.59949114500835,39.79033279418945,8370,0.0,0.0
2012-04-20 00:00:00-04:00,40.744537500288,40.744537500288,37.309398726585904,37.88192367553711,28970,0.0,0.0
2012-04-23 00:00:00-04:00,37.21397967488095,40.6491148042539,36.35519407253686,38.83612823486328,32320,0.0,0.0
2012-04-24 00:00:00-04:00,39.12239063979136,40.93538093031903,39.12239063979136,39.8857536315918,12220,0.0,0.0
2012-04-25 00:00:00-04:00,40.36285398622885,41.98500253962374,39.599491031690576,41.50790023803711,15680,0.0,0.0
2012-04-26 00:00:00-04:00,41.317056725050655,42.652944565214575,41.2216377250396,42.17584228515625,7460,0.0,0.0
2012-04-27 00:00:00-04:00,42.46210658031961,44.08425520015241,41.69874359451648,43.89341354370117,21880,0.0,0.0
2012-04-30 00:00:00-04:00,43.70256812454131,44.275093044601725,43.03462420447159,43.13004684448242,19400,0.0,0.0
2012-05-01 00:00:00-04:00,43.03462759264364,48.378175733904335,43.03462759264364,47.51939010620117,47100,0.0,0.0
2012-05-02 00:00:00-04:00,46.66060634465356,48.091913243078494,45.6109791018076,47.614810943603516,47050,0.0,0.0
2012-05-03 00:00:00-04:00,47.71022980011138,47.90107144731216,46.183503902508484,47.80564880371094,52250,0.0,0.0
2012-05-04 00:00:00-04:00,48.18733020568796,48.18733020568796,41.50789829598864,41.794158935546875,45990,0.0,0.0
2012-05-07 00:00:00-04:00,41.88958358059856,42.17584423385971,39.59949107450598,40.55369567871094,20700,0.0,0.0
2012-05-08 00:00:00-04:00,40.17201429851672,40.17201429851672,38.45444665696528,39.8857536315918,22580,0.0,0.0
2012-05-09 00:00:00-04:00,39.50407014575179,41.98500053983218,38.45444294825508,41.60331726074219,29900,0.0,0.0
2012-05-10 00:00:00-04:00,42.93920702968719,45.22929952727117,42.27126308122505,43.225467681884766,38400,0.0,0.0
2012-05-11 00:00:00-04:00,42.84378807803288,44.084253332407634,41.31705853110867,43.60715103149414,30250,0.0,0.0
2012-05-14 00:00:00-04:00,42.46210681990341,42.748367486194525,40.649116533389936,40.83995819091797,10730,0.0,0.0
2012-05-15 00:00:00-04:00,40.744537353515625,42.36668590969808,39.98117439766556,40.744537353515625,13200,0.0,0.0
2012-05-16 00:00:00-04:00,40.93537912500622,42.271263391741975,38.93154726490003,39.02696990966797,11960,0.0,0.0
2012-05-17 00:00:00-04:00,38.93154529250751,39.59948921203613,37.69108009338379,38.168182373046875,21870,0.0,0.0
2012-05-18 00:00:00-04:00,38.26360338553019,38.45444503543343,36.355194166501214,36.92771911621094,42420,0.0,0.0
2012-05-21 00:00:00-04:00,37.11856059627252,38.45444485947923,36.355194000152466,38.26360321044922,8980,0.0,0.0
2012-05-22 00:00:00-04:00,38.168182373046875,39.217805932305055,37.69108009338379,38.168182373046875,8400,0.0,0.0
2012-05-23 00:00:00-04:00,37.500240279465956,39.026969832727694,36.736877322835944,38.454444885253906,19500,0.0,0.0
2012-05-24 00:00:00-04:00,38.454444932897914,38.454444932897914,36.832296373048266,37.500240325927734,10440,0.0,0.0
2012-05-25 00:00:00-04:00,37.40482316057897,38.263605165080925,37.213981501800134,37.786502838134766,5170,0.0,0.0
2012-05-29 00:00:00-04:00,37.88192367553711,38.45444498448661,37.11856071693722,37.88192367553711,9210,0.0,0.0
2012-05-30 00:00:00-04:00,36.92771899259595,38.26360325744334,36.832296347962895,37.30939865112305,6250,0.0,0.0
2012-05-31 00:00:00-04:00,37.30939681365271,39.408647572170594,35.973512614596984,39.12238693237305,22240,0.0,0.0
2012-06-01 00:00:00-04:00,37.59566109345178,39.98117249176721,37.59566109345178,39.12238693237305,13710,0.0,0.0
2012-06-04 00:00:00-04:00,39.504072109143465,40.362854069775985,37.21397960078668,38.26360321044922,12920,0.0,0.0
2012-06-05 00:00:00-04:00,38.16818423151786,39.31323048646374,38.072765226939744,38.454444885253906,13320,0.0,0.0
2012-06-06 00:00:00-04:00,38.931545361373075,39.59948928208321,38.168182440562134,39.50407028198242,15320,0.0,0.0
2012-06-07 00:00:00-04:00,40.26743504477742,40.36285404924304,38.54986748438443,39.40864944458008,20090,0.0,0.0
2012-06-08 00:00:00-04:00,39.122388964109916,39.79033291832677,37.404821396124944,38.0727653503418,16100,0.0,0.0
2012-06-11 00:00:00-04:00,38.2636034111998,38.359026056216294,37.118560791015625,37.118560791015625,18210,0.0,0.0
2012-06-12 00:00:00-04:00,37.59566290428405,40.839956378256716,37.40482125522643,39.599491119384766,36760,0.0,0.0
2012-06-13 00:00:00-04:00,39.59949126855028,39.59949126855028,37.59566304590143,38.0727653503418,8790,0.0,0.0
2012-06-14 00:00:00-04:00,38.263605295270025,38.263605295270025,36.73687929984851,37.21398162841797,20240,0.0,0.0
2012-06-15 00:00:00-04:00,37.40482134410701,38.07276529739498,36.259775087042186,36.355194091796875,24680,0.0,0.0
2012-06-18 00:00:00-04:00,36.164358161949885,37.213981834617826,35.01931183903818,35.305572509765625,29450,0.0,0.0
2012-06-19 00:00:00-04:00,35.49641233362039,36.641458597285904,33.77884475812299,33.874263763427734,28170,0.0,0.0
2012-06-20 00:00:00-04:00,33.39716130987867,36.92771909063761,32.920059005451826,35.4009895324707,18770,0.0,0.0
2012-06-21 00:00:00-04:00,35.87808997466345,36.06893161452899,33.8742618560791,34.35136413574219,34650,0.0,0.0
2012-06-22 00:00:00-04:00,34.63762480874107,37.02313620934309,34.351364168669136,36.45061492919922,286920,0.0,0.0
2012-06-25 00:00:00-04:00,36.16435429005913,37.69108013048315,35.49641036987305,35.49641036987305,13750,0.0,0.0
2012-06-26 00:00:00-04:00,35.782672717047994,38.93154718814788,34.82846811126005,38.454444885253906,32660,0.0,0.0
2012-06-27 00:00:00-04:00,38.168182406164554,41.41247936668915,37.21397784601044,40.267433166503906,33720,0.0,0.0
2012-06-28 00:00:00-04:00,39.12238884205644,40.17201245254996,38.35902588533373,39.79033279418945,15740,0.0,0.0
2012-06-29 00:00:00-04:00,40.45827480494658,42.271261285167306,40.076591524899314,42.17584228515625,25220,0.0,0.0
2012-07-02 00:00:00-04:00,42.46210666232639,43.893413628472224,41.12621870458954,42.939208984375,20790,0.0,0.0
2012-07-03 00:00:00-04:00,42.652946351053764,43.893411603142226,41.794160754991616,43.03462600708008,12660,0.0,0.0
2012-07-05 00:00:00-04:00,42.55752385396258,43.511728457324985,41.98500254794581,42.843788146972656,6690,0.0,0.0
2012-07-06 00:00:00-04:00,42.46210479736328,43.13004874689518,41.60331919939346,42.46210479736328,15580,0.0,0.0
2012-07-09 00:00:00-04:00,42.36668385545545,43.89340969312889,41.31705665705363,42.74836349487305,14510,0.0,0.0
2012-07-10 00:00:00-04:00,42.46210674806075,43.511730402686226,41.603321110638554,41.98500442504883,19930,0.0,0.0
2012-07-11 00:00:00-04:00,42.27126317505618,42.74836547644507,41.79416087366727,42.65294647216797,5600,0.0,0.0
2012-07-12 00:00:00-04:00,41.88958358059856,42.462104887120866,40.55369567871094,40.55369567871094,12930,0.0,0.0
2012-07-13 00:00:00-04:00,43.79799251972782,47.23312761774497,42.84378792138954,44.94303512573242,36560,0.0,0.0
2012-07-16 00:00:00-04:00,44.75219528839807,47.614808966376586,44.75219528839807,45.80181884765625,11770,0.0,0.0
2012-07-17 00:00:00-04:00,45.897241797715296,45.897241797715296,42.74836720893265,43.5117301940918,7520,0.0,0.0
2012-07-18 00:00:00-04:00,43.22546580947528,45.324716567993164,42.84378616974573,44.84761428833008,10950,0.0,0.0
2012-07-19 00:00:00-04:00,45.22930107605385,50.00032424272612,43.98883214071761,48.282752990722656,42840,0.0,0.0
2012-07-20 00:00:00-04:00,47.901073635217315,48.09191529113488,45.70640369216989,46.18350601196289,10560,0.0,0.0
2012-07-23 00:00:00-04:00,45.420137574662824,45.420137574662824,44.084253316585496,44.752197265625,9340,0.0,0.0
2012-07-24 00:00:00-04:00,44.65677657800559,44.94303724299244,42.46210662643729,42.557525634765625,12940,0.0,0.0
2012-07-25 00:00:00-04:00,42.652944595778074,45.51555827817927,41.698740034977675,45.22929763793945,15210,0.0,0.0
2012-07-26 00:00:00-04:00,45.70640179815582,46.18350409817832,44.27509489808833,45.515560150146484,10100,0.0,0.0
2012-07-27 00:00:00-04:00,45.420137413198255,47.0422859579557,45.32471840938968,46.08808135986328,8650,0.0,0.0
2012-07-30 00:00:00-04:00,46.08808141378844,47.13770865691921,45.32471846242167,46.469764709472656,8790,0.0,0.0
2012-07-31 00:00:00-04:00,46.27892480840912,49.141538714083914,45.80182249079666,47.51939010620117,17720,0.0,0.0
2012-08-01 00:00:00-04:00,47.80564896436408,47.80564896436408,45.897239765946324,46.469764709472656,14520,0.0,0.0
2012-08-02 00:00:00-04:00,46.94686686901406,49.141536712646484,45.6109789781065,49.141536712646484,9160,0.0,0.0
2012-08-03 00:00:00-04:00,48.95069320113706,49.1415348411418,47.137706721095846,47.90106964111328,7880,0.0,0.0
2012-08-06 00:00:00-04:00,47.23312755622486,49.046117746706884,46.851444261386014,48.18733215332031,13740,0.0,0.0
2012-08-07 00:00:00-04:00,48.85527788128983,50.5728454907098,48.66443622690944,49.23695755004883,13650,0.0,0.0
2012-08-08 00:00:00-04:00,49.71405796930988,52.099569458048386,48.950695020913884,51.240787506103516,16580,0.0,0.0
2012-08-09 00:00:00-04:00,50.76368535072379,50.954526998358425,48.2827512114769,48.56901550292969,11850,0.0,0.0
2012-08-10 00:00:00-04:00,48.759855387469486,49.8094826698623,48.66443637998005,49.046119689941406,4320,0.0,0.0
2012-08-13 00:00:00-04:00,48.664434462610124,49.14153676126317,45.99266231815343,47.04228591918945,22850,0.0,0.0
2012-08-14 00:00:00-04:00,47.6148108615741,47.996490516495534,46.18350396561498,47.04228591918945,10810,0.0,0.0
2012-08-15 00:00:00-04:00,46.6606062005096,48.18733209811249,46.374341909707596,47.80564880371094,5990,0.0,0.0
2012-08-16 00:00:00-04:00,47.901073219340276,51.33620843602529,46.756026933778,50.572845458984375,27280,0.0,0.0
2012-08-17 00:00:00-04:00,50.38200188681421,51.33620648179176,49.618638938832504,51.04994583129883,6660,0.0,0.0
2012-08-20 00:00:00-04:00,50.76368520835582,52.767513402895496,49.71405796930988,51.240787506103516,16770,0.0,0.0
2012-08-21 00:00:00-04:00,51.52704816545759,51.908731459720904,49.714057977709345,50.095741271972656,8630,0.0,0.0
2012-08-22 00:00:00-04:00,49.52321997933802,51.04994587665797,48.85527603425992,48.9506950378418,5850,0.0,0.0
2012-08-23 00:00:00-04:00,47.42396739278875,50.47742271490018,47.42396739278875,50.00032043457031,11410,0.0,0.0
2012-08-24 00:00:00-04:00,49.714056084892945,50.09573936462402,46.75602340698242,46.75602340698242,12880,0.0,0.0
2012-08-27 00:00:00-04:00,46.75602714538574,47.99649244369153,45.22930118439428,47.71023178100586,24350,0.0,0.0
2012-08-28 00:00:00-04:00,47.32854461526139,47.710227894417336,46.27892105758482,46.37434005737305,8780,0.0,0.0
2012-08-29 00:00:00-04:00,46.27892496242962,46.756027281629926,44.17967402994791,45.61098098754883,5200,0.0,0.0
2012-08-30 00:00:00-04:00,45.13387684097792,45.80182078881514,43.988830593257205,44.17967224121094,4040,0.0,0.0
2012-08-31 00:00:00-04:00,44.84761428833008,45.80181884765625,44.17967036880145,44.84761428833008,5950,0.0,0.0
2012-09-04 00:00:00-04:00,44.561357401387774,44.84761806529354,43.70257176966866,44.46593475341797,4130,0.0,0.0
2012-09-05 00:00:00-04:00,44.1796722679464,44.84761621618783,43.89341161584341,44.370513916015625,8460,0.0,0.0
2012-09-06 00:00:00-04:00,44.37051204168875,47.13770672179468,44.17967040168118,46.94686508178711,16040,0.0,0.0
2012-09-07 00:00:00-04:00,46.3743401617644,47.04228408179013,46.18350216175836,46.94686508178711,6990,0.0,0.0
2012-09-10 00:00:00-04:00,46.469766656755276,47.13771063219154,45.89724168923769,45.9926643371582,6870,0.0,0.0
2012-09-11 00:00:00-04:00,45.61097908761057,46.85144433785907,45.32471843601502,46.27892303466797,3800,0.0,0.0
2012-09-12 00:00:00-04:00,46.0880794874538,46.94686504684796,45.229297568061156,46.75602340698242,9420,0.0,0.0
2012-09-13 00:00:00-04:00,46.37434205296723,48.47359289865747,46.37434205296723,47.614810943603516,9800,0.0,0.0
2012-09-14 00:00:00-04:00,47.710228000428856,49.14153484044172,47.710228000428856,48.85527420043945,9540,0.0,0.0
2012-09-17 00:00:00-04:00,48.47359278450502,50.763685272592554,48.47359278450502,50.47742462158203,14720,0.0,0.0
2012-09-18 00:00:00-04:00,49.90489963366718,50.76368522591069,48.4735927399291,48.9506950378418,9470,0.0,0.0
2012-09-19 00:00:00-04:00,49.0461176110291,51.04994580338563,49.0461176110291,50.85910415649414,8420,0.0,0.0
2012-09-20 00:00:00-04:00,50.09574114222799,53.91255951496917,50.09574114222799,52.767513275146484,22140,0.0,0.0
2012-09-21 00:00:00-04:00,52.95835675691304,54.866766009414405,52.4812544437877,54.38966369628906,24860,0.0,0.0
2012-09-24 00:00:00-04:00,53.72171795343833,54.58050354466626,52.385833704863586,53.34003829956055,13090,0.0,0.0
2012-09-25 00:00:00-04:00,53.24461375407672,53.62629703432161,51.24078563279486,51.908729553222656,6700,0.0,0.0
2012-09-26 00:00:00-04:00,52.09956929436024,54.866764068603516,50.57284340236498,54.866764068603516,8380,0.0,0.0
2012-09-27 00:00:00-04:00,54.96218306707738,56.011810302734375,53.7217178249388,56.011810302734375,29040,0.0,0.0
2012-09-28 00:00:00-04:00,53.81714050596955,53.912559509277344,52.385833616342715,53.912559509277344,26660,0.0,0.0
2012-10-01 00:00:00-04:00,53.8171405116513,54.19882016492443,52.38583362187336,52.767513275146484,10620,0.0,0.0
2012-10-02 00:00:00-04:00,52.672096252441406,53.34004022078794,52.38583559172198,52.672096252441406,14850,0.0,0.0
2012-10-03 00:00:00-04:00,52.76751521698196,54.48508281992135,52.29041290283203,52.29041290283203,22780,0.0,0.0
2012-10-04 00:00:00-04:00,52.67209439083641,53.24461569204049,52.09956944963068,52.385833740234375,23740,0.0,0.0
2012-10-05 00:00:00-04:00,52.76751336632953,52.76751336632953,52.099569421945276,52.19499206542969,10340,0.0,0.0
2012-10-08 00:00:00-04:00,52.09957131917103,52.67209628092124,51.24078933654839,51.33620834350586,13820,0.0,0.0
2012-10-09 00:00:00-04:00,51.24078745771518,51.71788975501234,49.23695562506612,49.71405792236328,9310,0.0,0.0
2012-10-10 00:00:00-04:00,49.61863712115288,50.19115840116557,47.71022800110854,47.90106964111328,23370,0.0,0.0
2012-10-11 00:00:00-04:00,48.18733409881592,48.75985542418726,47.71023178100586,47.71023178100586,3960,0.0,0.0
2012-10-12 00:00:00-04:00,48.09191316022714,48.09191316022714,46.85144427172791,47.04228591918945,5360,0.0,0.0
2012-10-15 00:00:00-04:00,47.423969230489405,49.14153677823314,47.23312758296195,48.378173828125,2990,0.0,0.0
2012-10-16 00:00:00-04:00,48.378173828125,48.75985348317823,47.5193882342523,48.378173828125,5290,0.0,0.0
2012-10-17 00:00:00-04:00,48.282752990722656,49.14153861672439,48.187333983389934,48.282752990722656,3570,0.0,0.0
2012-10-18 00:00:00-04:00,48.378173894763144,48.95069519813245,47.614810943603516,47.614810943603516,7290,0.0,0.0
2012-10-19 00:00:00-04:00,47.5193882288552,48.18733217512459,45.80182068130654,45.897239685058594,10370,0.0,0.0
2012-10-22 00:00:00-04:00,45.89723784758826,46.75602340698242,45.229297568061156,45.80181884765625,4980,0.0,0.0
2012-10-23 00:00:00-04:00,45.13387685412781,45.99266245016898,43.98883060607349,45.515560150146484,12190,0.0,0.0
2012-10-24 00:00:00-04:00,45.992664503809124,45.992664503809124,43.893413561975166,44.08425521850586,16420,0.0,0.0
2012-10-25 00:00:00-04:00,43.98883067243603,45.1338769222178,43.98883067243603,44.752197265625,6560,0.0,0.0
2012-10-26 00:00:00-04:00,44.37051384940785,46.5651836989051,44.275094845517316,45.13387680053711,5080,0.0,0.0
2012-10-31 00:00:00-04:00,45.51556016442927,45.51556016442927,43.51172831970497,44.370513916015625,2300,0.0,0.0
2012-11-01 00:00:00-04:00,44.370515610280826,47.32854852829882,44.370515610280826,46.565185546875,4150,0.0,0.0
2012-11-02 00:00:00-04:00,46.27892304723184,46.27892304723184,44.465932853298376,45.13387680053711,3580,0.0,0.0
2012-11-05 00:00:00-05:00,45.610979154150314,45.99266245016898,45.32471850213715,45.515560150146484,2800,0.0,0.0
2012-11-06 00:00:00-05:00,45.89723979246779,47.23312768813283,45.42013749258766,46.660606384277344,4690,0.0,0.0
2012-11-07 00:00:00-05:00,45.70639984772424,46.374340127251344,44.37051200866699,45.80181884765625,6580,0.0,0.0
2012-11-08 00:00:00-05:00,45.5155582078587,45.80181884765625,44.275093008734984,44.84761428833008,4450,0.0,0.0
2012-11-09 00:00:00-05:00,45.324716638018884,45.89723791849851,45.03845599777907,45.22929763793945,2500,0.0,0.0
2012-11-12 00:00:00-05:00,45.61097720779071,45.70639984772424,44.84761428833008,44.84761428833008,680,0.0,0.0
2012-11-13 00:00:00-05:00,44.27509491198185,45.61097916846303,44.27509491198185,44.370513916015625,8160,0.0,0.0
2012-11-14 00:00:00-05:00,44.465933079779916,44.84761637728944,41.03079796220098,41.6987419128418,4780,0.0,0.0
2012-11-15 00:00:00-05:00,41.12621508664169,41.50789836670395,39.122386966318665,40.267433166503906,4890,0.0,0.0
2012-11-16 00:00:00-05:00,40.076593350829235,40.93537895006197,39.79033269775223,40.36285400390625,1580,0.0,0.0
2012-11-19 00:00:00-05:00,40.74453728349883,43.130048791431996,39.599491031690576,41.50790023803711,10400,0.0,0.0
2012-11-20 00:00:00-05:00,41.12621689829949,43.3208903953331,38.740705392829646,42.46210479736328,3140,0.0,0.0
2012-11-21 00:00:00-05:00,42.17584611729451,43.13005076411112,42.080423468611734,42.3666877746582,1000,0.0,0.0
2012-11-23 00:00:00-05:00,43.03462600708008,43.03462600708008,42.557523707045924,43.03462600708008,280,0.0,0.0
2012-11-26 00:00:00-05:00,42.93920712500097,43.41630942638987,41.69874186939017,42.65294647216797,3570,0.0,0.0
2012-11-27 00:00:00-05:00,42.17584596145044,42.6529482830958,41.0307996615012,42.557525634765625,2210,0.0,0.0
2012-11-28 00:00:00-05:00,41.79416268345797,43.416311306423616,41.03079969618056,42.939208984375,2470,0.0,0.0
2012-11-29 00:00:00-05:00,42.843788062655946,45.1338769222178,42.74836541850648,44.752197265625,5660,0.0,0.0
2012-11-30 00:00:00-05:00,44.27509493854557,44.84761624309505,43.607150989903396,44.56135559082031,2780,0.0,0.0
2012-12-03 00:00:00-05:00,44.65677459491133,45.992662492195684,43.89341164217814,44.56135559082031,11580,0.0,0.0
2012-12-04 00:00:00-05:00,44.561357341308884,45.61098098754883,43.988832374267425,45.61098098754883,2620,0.0,0.0
2012-12-05 00:00:00-05:00,45.70639984772424,45.70639984772424,44.84761428833008,44.84761428833008,760,0.0,0.0
2012-12-06 00:00:00-05:00,44.84761620211465,45.70640179815582,44.27509489808833,45.515560150146484,8440,0.0,0.0
2012-12-07 00:00:00-05:00,37.30939844279307,44.084253293838465,37.30939844279307,42.080421447753906,36500,0.0,0.0
2012-12-10 00:00:00-05:00,41.50790030936569,42.08042161625281,40.55369570455269,40.744537353515625,6730,0.0,0.0
2012-12-11 00:00:00-05:00,40.74453728349883,42.08042154394039,40.267434981912196,41.50790023803711,9690,0.0,0.0
2012-12-12 00:00:00-05:00,41.03079798081342,41.03079798081342,39.02696976798367,40.55369567871094,9720,0.0,0.0
2012-12-13 00:00:00-05:00,40.076593350829235,42.652946508525744,37.78650084620975,40.36285400390625,4950,0.0,0.0
2012-12-14 00:00:00-05:00,39.69491202324954,40.45827865600586,39.69491202324954,40.45827865600586,4090,0.0,0.0
2012-12-17 00:00:00-05:00,40.26743687529098,41.412483180939425,39.599492893662564,41.030799865722656,8130,0.0,0.0
2012-12-18 00:00:00-05:00,41.030799848445994,41.50790217226513,40.553697524626855,40.83995819091797,16940,0.0,0.0
2012-12-19 00:00:00-05:00,40.839956313446216,41.9850025659731,40.458276655938384,41.6987419128418,38450,0.0,0.0
2012-12-20 00:00:00-05:00,41.50789836507429,42.652944565214575,40.076591524899314,42.17584228515625,43730,0.0,0.0
2012-12-21 00:00:00-05:00,40.649112738070926,42.84378613472859,40.55369373821691,42.74836349487305,28060,0.0,0.0
2012-12-24 00:00:00-05:00,41.98500248619141,41.98500248619141,41.03079788423252,41.126216888427734,2990,0.0,0.0
2012-12-26 00:00:00-05:00,40.83995820811427,41.889585504959456,40.64911655050589,41.030799865722656,19910,0.0,0.0
2012-12-27 00:00:00-05:00,40.935378906205884,41.50790021174654,39.21780770958054,41.31705856323242,9450,0.0,0.0
2012-12-28 00:00:00-05:00,40.93537893213382,42.27126319257538,40.45827663054719,41.50790023803711,8150,0.0,0.0
2012-12-31 00:00:00-05:00,41.221641523331044,41.98500451376272,39.98117620887933,41.030799865722656,9110,0.0,0.0
2013-01-02 00:00:00-05:00,41.98500442504883,42.3666877394591,41.603321110638554,41.98500442504883,16420,0.0,0.0
2013-01-03 00:00:00-05:00,42.46210474080276,45.801820844011964,42.27126309261904,44.56135559082031,38450,0.0,0.0
2013-01-04 00:00:00-05:00,44.847616121899264,45.324718421068404,43.89341152356098,44.94303512573242,5650,0.0,0.0
2013-01-07 00:00:00-05:00,45.3247185591813,45.3247185591813,43.41630935668945,43.41630935668945,8970,0.0,0.0
2013-01-08 00:00:00-05:00,43.13004862453611,45.70640177113482,42.939206976639596,45.3247184753418,27710,0.0,0.0
2013-01-09 00:00:00-05:00,45.42013556792517,46.18350212738733,44.37051200866699,45.80181884765625,37020,0.0,0.0
2013-01-10 00:00:00-05:00,45.89724165106865,46.27892496242962,45.03845966050919,45.61098098754883,18090,0.0,0.0
2013-01-11 00:00:00-05:00,45.324716567993164,46.0880794874538,45.03845592819562,45.80181884765625,7110,0.0,0.0
2013-01-14 00:00:00-05:00,45.80182074777584,45.80182074777584,44.465932853298376,45.13387680053711,12580,0.0,0.0
2013-01-15 00:00:00-05:00,45.03845776956725,45.324718421068404,44.46593282656328,44.94303512573242,5990,0.0,0.0
2013-01-16 00:00:00-05:00,45.03845789127877,45.32471854355351,43.89341164217814,44.56135559082031,4420,0.0,0.0
2013-01-17 00:00:00-05:00,45.13387870588274,48.47359494306225,43.70257174709152,45.9926643371582,20960,0.0,0.0
2013-01-18 00:00:00-05:00,45.992664042166915,50.382003898306564,45.992664042166915,49.80948257446289,46580,0.0,0.0
2013-01-22 00:00:00-05:00,49.714057942329596,51.5270481287876,48.95069499434789,51.04994583129883,20500,0.0,0.0
2013-01-23 00:00:00-05:00,50.66826430672191,53.05377587747156,50.66826430672191,52.29041290283203,21840,0.0,0.0
2013-01-24 00:00:00-05:00,52.004150356258364,53.5308762501662,51.62246706278057,52.95835494995117,32890,0.0,0.0
2013-01-25 00:00:00-05:00,52.958356650891744,55.24844920530939,51.62246872081449,54.96218490600586,36550,0.0,0.0
2013-01-28 00:00:00-05:00,54.771346893139196,55.15302655887429,53.43545896306194,54.96218490600586,24530,0.0,0.0
2013-01-29 00:00:00-05:00,53.34003625331954,55.153022729692616,52.00414841599073,54.00797653198242,36340,0.0,0.0
2013-01-30 00:00:00-05:00,53.81713853236533,54.38965981121966,52.576669694845066,54.00797653198242,20250,0.0,0.0
2013-01-31 00:00:00-05:00,53.53087790964936,57.63396070172734,53.53087790964936,57.443119049072266,47750,0.0,0.0
2013-02-01 00:00:00-05:00,57.729377720231,57.824796723272044,56.20265183156439,56.393489837646484,69760,0.0,0.0
2013-02-04 00:00:00-05:00,54.38966176762931,56.107229305975174,53.24461552873152,56.011810302734375,34350,0.0,0.0
2013-02-05 00:00:00-05:00,55.43928527832031,56.0118102168926,54.67592233355891,55.43928527832031,18680,0.0,0.0
2013-02-06 00:00:00-05:00,55.725551012313936,64.3133925535266,55.725551012313936,62.21413803100586,126300,0.0,0.0
2013-02-07 00:00:00-05:00,60.973674629718644,64.40880969054717,60.782832984116695,63.45460510253906,56290,0.0,0.0
2013-02-08 00:00:00-05:00,62.30956451463618,64.02712846033612,60.40115163718773,62.40498352050781,33610,0.0,0.0
2013-02-11 00:00:00-05:00,61.9278812246107,62.30956452818373,60.68741230799924,61.069095611572266,20280,0.0,0.0
2013-02-12 00:00:00-05:00,61.25993366075912,61.25993366075912,58.969844757928,59.924049377441406,19100,0.0,0.0
2013-02-13 00:00:00-05:00,59.256101678154664,61.069091796875,58.58816139862756,59.160682678222656,15050,0.0,0.0
2013-02-14 00:00:00-05:00,58.77900493286395,60.68741423120371,58.588166915031465,60.401153564453125,10400,0.0,0.0
2013-02-15 00:00:00-05:00,60.49657242274966,60.878252074501034,58.96984289573924,59.44694519042969,9190,0.0,0.0
2013-02-19 00:00:00-05:00,58.49274071675552,59.924047603658195,58.49274071675552,59.06526565551758,16910,0.0,0.0
2013-02-20 00:00:00-05:00,58.969842959772826,59.54236789802403,56.29807083460544,56.393489837646484,23680,0.0,0.0
2013-02-21 00:00:00-05:00,56.107231076930056,57.347696358222386,55.05760744814465,57.06143569946289,7290,0.0,0.0
2013-02-22 00:00:00-05:00,57.06143199005363,57.92021755050656,55.82096678940059,56.679752349853516,11810,0.0,0.0
2013-02-25 00:00:00-05:00,56.0118103649927,57.920219551943035,54.86676412482216,55.24844741821289,23170,0.0,0.0
2013-02-26 00:00:00-05:00,55.24844929394377,56.20265391981498,53.43545904878776,54.198822021484375,9910,0.0,0.0
2013-02-27 00:00:00-05:00,54.00797838901713,56.77517315863177,53.24461544429636,56.58433151245117,13500,0.0,0.0
2013-02-28 00:00:00-05:00,56.96601483714582,57.252275486578384,55.34386630369244,55.630126953125,22980,0.0,0.0
2013-03-01 00:00:00-05:00,55.34387014434063,58.30190312708911,54.38966548667958,56.20265579223633,13270,0.0,0.0
2013-03-04 00:00:00-05:00,56.202653764302724,57.25227739385605,54.866765835778715,55.91638946533203,11820,0.0,0.0
2013-03-05 00:00:00-05:00,55.91638953034625,56.87059415468664,54.38966358740233,54.96218490600586,5320,0.0,0.0
2013-03-06 00:00:00-05:00,55.43928540806498,56.10722935129502,51.33620638536854,52.767513275146484,18410,0.0,0.0
2013-03-07 00:00:00-05:00,53.34003632233362,58.39731975876202,53.34003632233362,58.206478118896484,24110,0.0,0.0
2013-03-08 00:00:00-05:00,59.1606827511596,59.1606827511596,55.82096678940059,56.679752349853516,20230,0.0,0.0
2013-03-11 00:00:00-04:00,56.10722915642554,58.874423923052646,56.10722915642554,58.492740631103516,23940,0.0,0.0
2013-03-12 00:00:00-04:00,58.87442578932347,58.96984479533464,57.72937951718069,58.77900314331055,15790,0.0,0.0
2013-03-13 00:00:00-04:00,58.68358218943799,61.06909366055336,58.68358218943799,60.21030807495117,39110,0.0,0.0
2013-03-14 00:00:00-04:00,61.06909378175813,61.06909378175813,57.25227542039824,58.6835823059082,45460,0.0,0.0
2013-03-15 00:00:00-04:00,58.68358039855957,58.87442203842511,57.44311519943585,58.206478118896484,14970,0.0,0.0
2013-03-18 00:00:00-04:00,57.25227551161831,59.065265692153545,55.15302468152531,56.96601486206055,20980,0.0,0.0
2013-03-19 00:00:00-04:00,57.44312111919531,57.72938178849324,54.86676781551011,56.20265579223633,26560,0.0,0.0
2013-03-20 00:00:00-04:00,56.58433347413567,57.252277438923464,55.91638950934787,56.298072814941406,6450,0.0,0.0
2013-03-21 00:00:00-04:00,55.72555156165467,56.77517519326045,54.58050528353814,55.343868255615234,10060,0.0,0.0
2013-03-22 00:00:00-04:00,55.43928536328466,56.77517324866569,54.19882012114607,56.011810302734375,13480,0.0,0.0
2013-03-25 00:00:00-04:00,55.82096664835702,56.29806892740281,53.43545525312809,54.00797653198242,14400,0.0,0.0
2013-03-26 00:00:00-04:00,54.1034048693503,55.7255535169326,54.1034048693503,54.675926208496094,6130,0.0,0.0
2013-03-27 00:00:00-04:00,54.00797848935293,54.77134507549353,52.48125259707505,52.5766716003418,14450,0.0,0.0
2013-03-28 00:00:00-04:00,52.9583530759208,56.679752315634765,52.672092435943156,55.534706115722656,28090,0.0,0.0
2013-04-01 00:00:00-04:00,55.343864476976165,56.96601295688784,52.767511437116625,53.62629699707031,13730,0.0,0.0
2013-04-02 00:00:00-04:00,54.77134504137284,54.77134504137284,53.14919650683709,53.53087615966797,20230,0.0,0.0
2013-04-03 00:00:00-04:00,53.24461563524508,53.43545728211009,51.04994579630161,52.004150390625,22750,0.0,0.0
2013-04-04 00:00:00-04:00,52.38583183484862,52.38583183484862,50.57284171364197,50.954524993896484,18730,0.0,0.0
2013-04-05 00:00:00-04:00,49.80948248194346,51.14536678176461,49.71405983481222,50.572845458984375,10000,0.0,0.0
2013-04-08 00:00:00-04:00,50.191160312644094,50.85910425809787,48.28275111991996,49.141536712646484,32720,0.0,0.0
2013-04-09 00:00:00-04:00,48.85527799515722,49.5232219670445,47.80565071361956,48.66443634033203,52120,0.0,0.0
2013-04-10 00:00:00-04:00,49.046119689941406,50.191162339821844,48.18733406252927,49.046119689941406,38850,0.0,0.0
2013-04-11 00:00:00-04:00,49.23695566067936,50.57284355007832,48.569015355981534,48.75985336303711,28960,0.0,0.0
2013-04-12 00:00:00-04:00,48.37817571750995,49.90490167735173,48.2827530700187,49.046119689941406,25730,0.0,0.0
2013-04-15 00:00:00-04:00,48.47359490275066,48.47359490275066,44.3705156856284,45.61098098754883,20990,0.0,0.0
2013-04-16 00:00:00-04:00,45.99266237118922,47.80564892416039,45.8018207235076,47.42396926879883,18910,0.0,0.0
2013-04-17 00:00:00-04:00,47.23312972387007,47.23312972387007,43.893413480768146,45.03845977783203,22030,0.0,0.0
2013-04-18 00:00:00-04:00,44.943037156265895,45.42013947699059,42.939208865222895,43.5117301940918,26390,0.0,0.0
2013-04-19 00:00:00-04:00,43.89341161584341,44.56135556408484,43.03462601953276,44.370513916015625,11230,0.0,0.0
2013-04-22 00:00:00-04:00,44.179672214243496,44.46593286599852,43.03462596722172,43.98883056640625,15320,0.0,0.0
2013-04-23 00:00:00-04:00,44.65677458028533,46.278923129313135,43.988830631861916,45.70640182495117,31790,0.0,0.0
2013-04-24 00:00:00-04:00,46.088083306749134,46.660608273790594,44.943037012668036,45.61098098754883,26280,0.0,0.0
2013-04-25 00:00:00-04:00,45.80182076085753,46.946867007879305,43.416309262896206,43.98883056640625,24140,0.0,0.0
2013-04-26 00:00:00-04:00,43.79799275033506,43.79799275033506,42.08042155228138,42.843788146972656,16000,0.0,0.0
2013-04-29 00:00:00-04:00,42.93920716974521,43.320890467254735,41.22163961095574,41.6987419128418,27210,0.0,0.0
2013-04-30 00:00:00-04:00,41.31705861533228,42.17584421472786,40.55369566031492,41.6987419128418,30070,0.0,0.0
2013-05-01 00:00:00-04:00,41.31705665628264,42.84378613392911,40.17201045804816,41.794158935546875,19820,0.0,0.0
2013-05-02 00:00:00-04:00,42.17584221495887,42.36668385466487,41.0307960167244,41.794158935546875,15990,0.0,0.0
2013-05-03 00:00:00-04:00,42.0804235575133,42.65294853081393,40.55369757538202,41.41248321533203,18900,0.0,0.0
2013-05-06 00:00:00-04:00,41.12621899966482,41.2216416487603,40.0765953396277,40.45827865600586,31260,0.0,0.0
2013-05-07 00:00:00-04:00,40.172014425361425,40.553697742467754,39.21780977259748,39.313232421875,46890,0.0,0.0
2013-05-08 00:00:00-04:00,38.93154716768396,40.26743507108557,38.549867509570426,39.599491119384766,26530,0.0,0.0
2013-05-09 00:00:00-04:00,39.981174422904935,41.60331934010972,39.21780782657128,40.93537902832031,25810,0.0,0.0
2013-05-10 00:00:00-04:00,37.881919609039194,37.881919609039194,34.06510158576071,34.63762283325195,128780,0.0,0.0
2013-05-13 00:00:00-04:00,34.06510541963072,34.06510541963072,32.06127354788672,32.53837585449219,109210,0.0,0.0
2013-05-14 00:00:00-04:00,32.729217687392754,32.729217687392754,31.679594063016413,31.87043571472168,50500,0.0,0.0
2013-05-15 00:00:00-04:00,31.965854635337912,33.397161559308266,31.67959397854419,33.30174255371094,28670,0.0,0.0
2013-05-16 00:00:00-04:00,33.301742529966575,33.39716153549587,31.965854612546043,33.11090087890625,32910,0.0,0.0
2013-05-17 00:00:00-04:00,33.49257861118791,34.16052253141135,32.824638330966,33.5880012512207,30420,0.0,0.0
2013-05-20 00:00:00-04:00,33.68342014881728,35.78267090313482,33.30174050985142,34.923885345458984,50300,0.0,0.0
2013-05-21 00:00:00-04:00,39.21780813458203,40.45827704336583,35.21015167236328,35.21015167236328,115480,0.0,0.0
2013-05-22 00:00:00-04:00,35.59182926165072,36.355192179541056,33.492578507451164,33.96968078613281,47990,0.0,0.0
2013-05-23 00:00:00-04:00,33.397161559308266,33.397161559308266,32.538375948925356,33.30174255371094,30050,0.0,0.0
2013-05-24 00:00:00-04:00,33.397159505729874,33.397159505729874,32.63379658788492,33.01547622680664,10220,0.0,0.0
2013-05-28 00:00:00-04:00,33.397159576416016,33.778842856147094,33.11089893661847,33.397159576416016,56560,0.0,0.0
2013-05-29 00:00:00-04:00,33.39716153549587,33.77884483761651,33.01547823337522,33.11090087890625,18610,0.0,0.0
2013-05-30 00:00:00-04:00,33.01547818547114,33.49258049242883,32.347537867731766,32.729217529296875,45730,0.0,0.0
2013-05-31 00:00:00-04:00,32.44295884421368,33.39716351610232,32.44295884421368,32.6338005065918,16280,0.0,0.0
2013-06-03 00:00:00-04:00,32.92005915577725,32.92005915577725,31.870435537245918,32.53837585449219,34560,0.0,0.0
2013-06-04 00:00:00-04:00,32.53837783032803,33.015480165904705,32.061275494751364,32.25211715698242,15420,0.0,0.0
2013-06-05 00:00:00-04:00,32.252115348618574,32.82464030321049,32.156696342854126,32.347537994384766,10130,0.0,0.0
2013-06-06 00:00:00-04:00,32.442956796975714,33.969682719656234,32.442956796975714,33.49258041381836,21520,0.0,0.0
2013-06-07 00:00:00-04:00,34.16052252950088,35.78267100995236,33.39715960928887,35.49641036987305,31610,0.0,0.0
2013-06-10 00:00:00-04:00,37.691084196077064,37.691084196077064,34.92388921682001,35.687255859375,30250,0.0,0.0
2013-06-11 00:00:00-04:00,35.49641026391005,35.591829263651135,34.25594506726834,34.923885345458984,9210,0.0,0.0
2013-06-12 00:00:00-04:00,34.82846641540527,35.21014969513635,34.06510349594464,34.35136413574219,16600,0.0,0.0
2013-06-13 00:00:00-04:00,33.874260134965795,36.927715297667206,33.874260134965795,36.16435241699219,28760,0.0,0.0
2013-06-14 00:00:00-04:00,36.259773291070985,36.73687557121666,34.446783170516824,34.542205810546875,15340,0.0,0.0
2013-06-17 00:00:00-04:00,35.01930997307071,35.11472897822825,34.4467850221203,34.828468322753906,5010,0.0,0.0
2013-06-18 00:00:00-04:00,34.733049365908506,35.78267298410832,34.35136606474399,35.21015167236328,12320,0.0,0.0
2013-06-19 00:00:00-04:00,35.21015154746649,35.973514507086,34.542207592798775,35.59183120727539,11680,0.0,0.0
2013-06-20 00:00:00-04:00,36.355196079062324,36.641460388977734,35.782674739235325,36.2597770690918,27770,0.0,0.0
2013-06-21 00:00:00-04:00,36.73687549847145,37.213977777672376,35.11472702118799,36.068931579589844,12850,0.0,0.0
2013-06-24 00:00:00-04:00,35.87809196458215,36.0689336150324,34.35136604098357,35.019309997558594,20010,0.0,0.0
2013-06-25 00:00:00-04:00,35.210153744312564,36.068935762465344,33.11090274438031,33.778846740722656,26530,0.0,0.0
2013-06-26 00:00:00-04:00,33.77884470932246,33.969682719656234,32.442956796975714,33.49258041381836,55150,0.0,0.0
2013-06-27 00:00:00-04:00,33.39715770368671,35.01930609158033,33.39715770368671,34.63762283325195,27790,0.0,0.0
2013-06-28 00:00:00-04:00,34.733047415473266,35.21014969513635,33.96968085601111,34.35136413574219,19180,0.0,0.0
2013-07-01 00:00:00-04:00,34.733049365908506,35.97351463469058,34.35136606474399,35.21015167236328,36480,0.0,0.0
2013-07-02 00:00:00-04:00,35.40098955737008,37.02313812156262,35.40098955737008,35.59183120727539,15150,0.0,0.0
2013-07-03 00:00:00-04:00,35.3055725380975,35.87809388001183,35.3055725380975,35.687255859375,5610,0.0,0.0
2013-07-05 00:00:00-04:00,35.78267288208008,36.35519419219267,35.687253877061885,35.78267288208008,10760,0.0,0.0
2013-07-08 00:00:00-04:00,35.78267100995236,36.25977329008506,35.30556872981966,35.49641036987305,8440,0.0,0.0
2013-07-09 00:00:00-04:00,35.496412177357094,36.06893348666862,34.25594691384766,35.4009895324707,17490,0.0,0.0
2013-07-10 00:00:00-04:00,35.30557052758602,35.687253827128174,34.92388722804387,35.4009895324707,9370,0.0,0.0
2013-07-11 00:00:00-04:00,35.78267470959094,36.164358029160674,35.210153370238245,35.87809371948242,34030,0.0,0.0
2013-07-12 00:00:00-04:00,35.87809345796988,39.02697172146348,35.87809345796988,38.931549072265625,62130,0.0,0.0
2013-07-15 00:00:00-04:00,39.3132325176371,39.40865152714517,37.786502885494734,38.35902786254883,25940,0.0,0.0
2013-07-16 00:00:00-04:00,39.31322850303219,40.2674330606786,38.168182305856206,39.694908142089844,38070,0.0,0.0
2013-07-17 00:00:00-04:00,39.504072114856804,40.74453737372876,39.504072114856804,39.599491119384766,48380,0.0,0.0
2013-07-18 00:00:00-04:00,39.98117249176721,40.553693771362305,38.8361262925755,39.12238693237305,22030,0.0,0.0
2013-07-19 00:00:00-04:00,38.83612818356976,39.69491014477789,37.97734258235993,38.454444885253906,9100,0.0,0.0
2013-07-22 00:00:00-04:00,38.54986558650839,40.93537698072298,38.35902394697092,40.649112701416016,29820,0.0,0.0
2013-07-23 00:00:00-04:00,40.55369563486384,42.93920714279701,39.69491003600722,41.50790023803711,75430,0.0,0.0
2013-07-24 00:00:00-04:00,41.317058589402116,42.36668583689372,40.36285398622885,41.50790023803711,26070,0.0,0.0
2013-07-25 00:00:00-04:00,41.88958350877477,41.985002513030985,40.17201231214942,41.31705856323242,17300,0.0,0.0
2013-07-26 00:00:00-04:00,40.93537708661209,41.03079608662689,39.88574988644165,40.267433166503906,9060,0.0,0.0
2013-07-29 00:00:00-04:00,40.267433166503906,41.03079608662689,39.122386966318665,40.267433166503906,5990,0.0,0.0
2013-07-30 00:00:00-04:00,40.83995628781548,41.79416089098875,40.55369563486384,41.50790023803711,13010,0.0,0.0
2013-07-31 00:00:00-04:00,41.50790022926241,41.603319233558885,39.59949102331931,40.17201232910156,11340,0.0,0.0
2013-08-01 00:00:00-04:00,40.267433063930255,42.36668381892217,39.3132285062068,41.60331726074219,20010,0.0,0.0
2013-08-02 00:00:00-04:00,41.69874183360408,42.366685782975644,39.79033262968629,41.126216888427734,9760,0.0,0.0
2013-08-05 00:00:00-04:00,41.126216985233235,41.79416093617705,39.790332723347305,40.55369567871094,10330,0.0,0.0
2013-08-06 00:00:00-04:00,39.98117441749999,40.553695724671144,39.12238881674158,39.599491119384766,16940,0.0,0.0
2013-08-07 00:00:00-04:00,38.16818419252017,41.60331931384631,37.595662885633054,40.744537353515625,30260,0.0,0.0
2013-08-08 00:00:00-04:00,40.93538115928754,41.41248348683167,38.168186203530794,38.35902786254883,22320,0.0,0.0
2013-08-09 00:00:00-04:00,38.83612818356976,38.93154718814788,38.16818423151786,38.454444885253906,12600,0.0,0.0
2013-08-12 00:00:00-04:00,38.16818233793215,38.54986561731208,37.691080058707996,37.97734069824219,9070,0.0,0.0
2013-08-13 00:00:00-04:00,38.16818628555689,38.16818628555689,37.21398162841797,37.21398162841797,6260,0.0,0.0
2013-08-14 00:00:00-04:00,37.023136173855164,38.64528465270996,37.023136173855164,38.168182373046875,13250,0.0,0.0
2013-08-15 00:00:00-04:00,37.404823287846135,37.691083956987434,37.02313996898981,37.21398162841797,6190,0.0,0.0
2013-08-16 00:00:00-04:00,36.73687734333155,37.5956629450205,36.73687734333155,37.30939865112305,7900,0.0,0.0
2013-08-19 00:00:00-04:00,37.023138045084835,37.595662993618106,36.259775087042186,36.355194091796875,6070,0.0,0.0
2013-08-20 00:00:00-04:00,36.45061678674628,37.40482139561398,36.45061678674628,36.73687744140625,9050,0.0,0.0
2013-08-21 00:00:00-04:00,36.736877490953084,38.74070571627711,36.736877490953084,37.118560791015625,8730,0.0,0.0
2013-08-22 00:00:00-04:00,37.40481952310982,37.97734080376905,36.25977332178984,37.59566116333008,3050,0.0,0.0
2013-08-23 00:00:00-04:00,36.64145846135693,38.645286685336664,36.546035816404455,36.92771911621094,8460,0.0,0.0
2013-08-26 00:00:00-04:00,36.450616761780836,37.691082024458886,36.450616761780836,36.54603576660156,17490,0.0,0.0
2013-08-27 00:00:00-04:00,36.2597770690918,37.30940073877527,36.2597770690918,36.2597770690918,5510,0.0,0.0
2013-08-28 00:00:00-04:00,36.259773220175774,37.11855877875949,36.16435422033381,37.023136138916016,4710,0.0,0.0
2013-08-29 00:00:00-04:00,36.641458318257826,38.83612818356976,36.641458318257826,38.454444885253906,12870,0.0,0.0
2013-08-30 00:00:00-04:00,38.2636034111998,38.45444506123107,36.54603584092182,37.118560791015625,10770,0.0,0.0
2013-09-03 00:00:00-04:00,37.59566299597176,37.88192365025546,36.83229639787961,37.69108200073242,13440,0.0,0.0
2013-09-04 00:00:00-04:00,38.16818414364689,40.93537895006197,38.16818414364689,40.36285400390625,52310,0.0,0.0
2013-09-05 00:00:00-04:00,40.07659142438526,41.60331726074219,38.26360130871008,41.60331726074219,17870,0.0,0.0
2013-09-06 00:00:00-04:00,41.79416098919313,41.98500263827655,40.7445373792369,40.93537902832031,29190,0.0,0.0
2013-09-09 00:00:00-04:00,40.649116464614714,42.27126509085561,40.362855798807935,41.98500442504883,15830,0.0,0.0
2013-09-10 00:00:00-04:00,42.84378809423913,44.84761630283313,42.27126314892536,42.46210479736328,31990,0.0,0.0
2013-09-11 00:00:00-04:00,42.748363595857505,46.18350219873985,42.748363595857505,45.22929763793945,47320,0.0,0.0
2013-09-12 00:00:00-04:00,45.32471844831984,45.80182074777584,43.797992546061316,45.13387680053711,38140,0.0,0.0
2013-09-13 00:00:00-04:00,43.32089037894637,44.847616285868895,42.462104781301406,43.60715103149414,58250,0.0,0.0
2013-09-16 00:00:00-04:00,44.561357521279604,44.561357521279604,43.0346279096715,43.89341354370117,22240,0.0,0.0
2013-09-17 00:00:00-04:00,43.98883052739414,45.324718421068404,43.70256987589299,44.94303512573242,14070,0.0,0.0
2013-09-18 00:00:00-04:00,44.943035152754376,45.80182074777584,44.752197144973316,45.13387680053711,20820,0.0,0.0
2013-09-19 00:00:00-04:00,45.13387885063149,45.22930149885803,43.41631122257399,43.89341354370117,13710,0.0,0.0
2013-09-20 00:00:00-04:00,43.89341164217814,44.56135559082031,43.03462604535223,44.56135559082031,23360,0.0,0.0
2013-09-23 00:00:00-04:00,44.3705139849554,44.3705139849554,42.65294642966714,43.60715103149414,13760,0.0,0.0
2013-09-24 00:00:00-04:00,43.41630939955122,43.41630939955122,42.36668579314516,42.46210479736328,24540,0.0,0.0
2013-09-25 00:00:00-04:00,42.939207071673856,43.22546772415134,41.69874181760361,42.271263122558594,16670,0.0,0.0
2013-09-26 00:00:00-04:00,42.27126518017437,42.46210683778275,41.030799865722656,41.030799865722656,30680,0.0,0.0
2013-09-27 00:00:00-04:00,41.030799865722656,41.50790218974269,41.030799865722656,41.030799865722656,28620,0.0,0.0
2013-09-30 00:00:00-04:00,41.03079601749005,43.13004677429217,40.649112738070926,42.74836349487305,81360,0.0,0.0
2013-10-01 00:00:00-04:00,42.6529482830958,43.89341359137338,42.080423313120264,42.557525634765625,43800,0.0,0.0
2013-10-02 00:00:00-04:00,42.84378809423913,43.13004874689518,41.317058546737414,42.46210479736328,69630,0.0,0.0
2013-10-03 00:00:00-04:00,42.652946377489606,43.70256998221462,42.46210472935733,43.225467681884766,13010,0.0,0.0
2013-10-04 00:00:00-04:00,43.22546765403783,46.46976475019148,42.0804214059835,45.515560150146484,25660,0.0,0.0
2013-10-07 00:00:00-04:00,45.324720525952614,46.08808351207355,44.08425521850586,44.08425521850586,18660,0.0,0.0
2013-10-08 00:00:00-04:00,43.89341359137338,43.988832599701716,42.46210662643729,42.557525634765625,10020,0.0,0.0
2013-10-09 00:00:00-04:00,42.652946445801206,42.652946445801206,41.60331919939346,42.46210479736328,8900,0.0,0.0
2013-10-10 00:00:00-04:00,42.93920715130822,44.17967240767901,42.843788146972656,42.843788146972656,8760,0.0,0.0
2013-10-11 00:00:00-04:00,43.03462601953276,44.656774568118614,42.557523719360546,44.370513916015625,12450,0.0,0.0
2013-10-14 00:00:00-04:00,44.08425329036185,44.84761624309505,43.416309341719675,44.56135559082031,10150,0.0,0.0
2013-10-15 00:00:00-04:00,44.37051200866699,45.80181884765625,44.17967036880145,45.80181884765625,16760,0.0,0.0
2013-10-16 00:00:00-04:00,47.23312751992235,49.33237835991923,47.23312751992235,49.141536712646484,48110,0.0,0.0
2013-10-17 00:00:00-04:00,49.14153854285953,50.19116218194901,48.47359457252904,49.23695755004883,21970,0.0,0.0
2013-10-18 00:00:00-04:00,50.572843499139914,53.6262989289751,50.572843499139914,52.004150390625,38090,0.0,0.0
2013-10-21 00:00:00-04:00,52.48125083628499,53.340036396879356,49.71405615437117,50.00032043457031,23520,0.0,0.0
2013-10-22 00:00:00-04:00,49.809478793134474,51.52704627427673,49.809478793134474,50.954524993896484,18310,0.0,0.0
2013-10-23 00:00:00-04:00,50.76368521693263,51.14536487119428,49.141536676316036,50.095741271972656,18930,0.0,0.0
2013-10-24 00:00:00-04:00,50.00032422907805,50.477426545615046,49.23695761061741,49.80948257446289,23630,0.0,0.0
2013-10-25 00:00:00-04:00,50.095743102323674,50.28658475642812,49.23695747885455,50.191162109375,8000,0.0,0.0
2013-10-28 00:00:00-04:00,50.00032416757041,50.00032416757041,48.47359457252904,49.23695755004883,38400,0.0,0.0
2013-10-29 00:00:00-04:00,49.14153680583192,49.14153680583192,47.90107155620931,48.56901550292969,38360,0.0,0.0
2013-10-30 00:00:00-04:00,49.332378453466546,50.095741404003405,47.710229908574675,48.56901550292969,24820,0.0,0.0
2013-10-31 00:00:00-04:00,48.3781736669097,50.954526799940716,47.805648726235226,50.85910415649414,23300,0.0,0.0
2013-11-01 00:00:00-04:00,51.24078747829467,51.81330877928053,50.09574123632128,51.04994583129883,21470,0.0,0.0
2013-11-04 00:00:00-05:00,51.717891693115234,53.43545929974969,51.04994772386801,51.717891693115234,25070,0.0,0.0
2013-11-05 00:00:00-05:00,51.90872955453124,52.09956755465697,50.286581073451856,50.954524993896484,13200,0.0,0.0
2013-11-06 00:00:00-05:00,51.52704812104544,52.576671719362366,50.57284352621126,52.19499206542969,21110,0.0,0.0
2013-11-07 00:00:00-05:00,52.00415242698279,52.767515404332634,50.382003825113244,50.76368713378906,19770,0.0,0.0
2013-11-08 00:00:00-05:00,50.66826428615844,52.481254535193095,50.38200362578502,52.099571228027344,24040,0.0,0.0
2013-11-11 00:00:00-05:00,51.90873147891291,52.38583377691762,51.33620653730627,51.4316291809082,6070,0.0,0.0
2013-11-12 00:00:00-05:00,51.62246911830697,51.62246911830697,50.095743163607274,50.76368713378906,10350,0.0,0.0
2013-11-13 00:00:00-05:00,50.76368518080589,51.33620648179176,50.38200188681421,51.04994583129883,5300,0.0,0.0
2013-11-14 00:00:00-05:00,50.57284354175755,50.57284354175755,48.569015347990465,49.90489959716797,39490,0.0,0.0
2013-11-15 00:00:00-05:00,49.71405994072434,50.19116225739157,47.710231666722706,48.282752990722656,61560,0.0,0.0
2013-11-18 00:00:00-05:00,48.282751195637786,48.473592843209815,46.37434199992085,47.23312759399414,35900,0.0,0.0
2013-11-19 00:00:00-05:00,46.94686504684796,47.42396732651105,45.99266048752179,46.75602340698242,11680,0.0,0.0
2013-11-20 00:00:00-05:00,46.75602344177954,48.091911281830996,46.75602344177954,46.94686508178711,10170,0.0,0.0
2013-11-21 00:00:00-05:00,46.85144435244221,48.091913243078494,46.2789230490729,47.614810943603516,8870,0.0,0.0
2013-11-22 00:00:00-05:00,47.23312957908446,47.42397123467709,46.565185604511186,47.13771057128906,6170,0.0,0.0
2013-11-25 00:00:00-05:00,46.85144420770871,48.56901539251405,46.85144420770871,47.80564880371094,9610,0.0,0.0
2013-11-26 00:00:00-05:00,48.28275295789745,49.6186408996582,47.901073288824236,49.6186408996582,12270,0.0,0.0
2013-11-27 00:00:00-05:00,49.90489965230399,50.95452689210488,49.6186390014498,50.286582946777344,20190,0.0,0.0
2013-11-29 00:00:00-05:00,50.38200189473172,51.33620648985922,49.90489959716797,49.90489959716797,3610,0.0,0.0
2013-12-02 00:00:00-05:00,49.80947876115762,49.80947876115762,47.805647001110145,47.90106964111328,14150,0.0,0.0
2013-12-03 00:00:00-05:00,47.51939012588147,47.99649244369153,47.328548470757084,47.71023178100586,9650,0.0,0.0
2013-12-04 00:00:00-05:00,47.4239710986794,47.901073416291865,44.84761785557173,47.51939010620117,35110,0.0,0.0
2013-12-05 00:00:00-05:00,45.32471846242167,47.423969308681535,43.988830567528574,46.469764709472656,113700,0.0,0.0
2013-12-06 00:00:00-05:00,46.75602340698242,48.09191124603967,45.229297568061156,45.80181884765625,34030,0.0,0.0
2013-12-09 00:00:00-05:00,43.79799447268026,45.80182276254068,43.1300504960595,45.03845977783203,42060,0.0,0.0
2013-12-10 00:00:00-05:00,44.847617984181205,47.42397123467709,44.847617984181205,47.13771057128906,29360,0.0,0.0
2013-12-11 00:00:00-05:00,47.805648951392165,49.04611784202845,46.75602534854788,47.614810943603516,35760,0.0,0.0
2013-12-12 00:00:00-05:00,47.328544686577516,48.09191124603967,45.70639984772424,46.75602340698242,22870,0.0,0.0
2013-12-13 00:00:00-05:00,46.94686699633821,47.805648951392165,46.75602534854788,47.614810943603516,13770,0.0,0.0
2013-12-16 00:00:00-05:00,47.710229854772585,48.569015448159156,47.42396920364428,48.18733215332031,33230,0.0,0.0
2013-12-17 00:00:00-05:00,47.80564888554264,49.332378425760595,47.80564888554264,48.378173828125,30510,0.0,0.0
2013-12-18 00:00:00-05:00,48.18733220766042,49.14153680583192,48.091913203843944,48.56901550292969,20900,0.0,0.0
2013-12-19 00:00:00-05:00,48.37817385529505,49.42779745728303,47.51938826094004,48.56901550292969,54030,0.0,0.0
2013-12-20 00:00:00-05:00,48.378171920435165,49.23695384044197,48.187330280433144,48.85527420043945,37450,0.0,0.0
2013-12-23 00:00:00-05:00,48.85527423377834,50.57284171496554,48.56901359358072,50.00032043457031,24130,0.0,0.0
2013-12-24 00:00:00-05:00,49.618641014881625,50.09574333233241,48.091915055039834,49.046119689941406,11370,0.0,0.0
2013-12-26 00:00:00-05:00,48.95069696205714,49.523221926058895,47.61481265938998,48.282752990722656,20190,0.0,0.0
2013-12-27 00:00:00-05:00,48.09191121137563,49.61863704919646,47.8056469317829,48.47359085083008,8420,0.0,0.0
2013-12-30 00:00:00-05:00,48.09191507133722,48.8552780515168,47.137710436112286,47.51939010620117,14350,0.0,0.0
2013-12-31 00:00:00-05:00,47.328544720424816,49.04611584044147,46.9468650804223,48.85527420043945,22480,0.0,0.0
2014-01-02 00:00:00-05:00,48.28275115702919,49.52322004525461,47.80564885848146,48.18733215332031,12360,0.0,0.0
2014-01-03 00:00:00-05:00,48.091914903770046,49.61864085880962,47.80565060219855,49.23695755004883,7140,0.0,0.0
2014-01-06 00:00:00-05:00,49.04611765362379,50.763685197135544,48.569015355981534,48.75985336303711,28800,0.0,0.0
2014-01-07 00:00:00-05:00,49.236955716282026,49.61863901082752,48.473592767192706,49.141536712646484,5340,0.0,0.0
2014-01-08 00:00:00-05:00,48.85527413028605,48.950693130149276,48.37817185096685,48.47359085083008,6250,0.0,0.0
2014-01-09 00:00:00-05:00,48.37817386720524,48.7598535225668,46.66060631807404,47.42396926879883,10650,0.0,0.0
2014-01-10 00:00:00-05:00,47.13770855251598,48.473592804448614,46.18350395542053,48.18733215332031,20750,0.0,0.0
2014-01-13 00:00:00-05:00,47.80564899198831,48.091913283917734,46.56518374030031,46.660606384277344,11740,0.0,0.0
2014-01-14 00:00:00-05:00,46.756027126021586,47.71023176124652,46.27892480840912,47.51939010620117,8070,0.0,0.0
2014-01-15 00:00:00-05:00,47.233129443634056,48.378175733904335,47.137710436112286,47.51939010620117,13100,0.0,0.0
2014-01-16 00:00:00-05:00,45.70640355777388,47.71023183901164,45.70640355777388,46.565185546875,14120,0.0,0.0
2014-01-17 00:00:00-05:00,46.18350409817832,46.46976475019148,45.32471850213715,45.515560150146484,15190,0.0,0.0
2014-01-21 00:00:00-05:00,45.51556017682996,45.99266247713216,44.943035232466315,45.70640182495117,21920,0.0,0.0
2014-01-22 00:00:00-05:00,45.32471834558672,47.614810833785455,44.94303505088638,46.851444244384766,8890,0.0,0.0
2014-01-23 00:00:00-05:00,46.7560253882527,47.51938834006057,45.61097914054005,46.660606384277344,5400,0.0,0.0
2014-01-24 00:00:00-05:00,46.56518374030031,46.946867036205084,44.943035192707534,46.660606384277344,39880,0.0,0.0
2014-01-27 00:00:00-05:00,46.46976462757593,46.75602527883376,45.80182068130654,45.897239685058594,11930,0.0,0.0
2014-01-28 00:00:00-05:00,45.70640361434711,47.51939024247249,45.70640361434711,47.13771057128906,10950,0.0,0.0
2014-01-29 00:00:00-05:00,45.42013919951685,47.80565078856714,45.42013919951685,47.71023178100586,21400,0.0,0.0
2014-01-30 00:00:00-05:00,47.805647001818876,47.996488641826446,46.66060444177652,46.94686508178711,12040,0.0,0.0
2014-01-31 00:00:00-05:00,46.27892306163054,47.32854666475964,46.27892306163054,46.469764709472656,8210,0.0,0.0
2014-02-03 00:00:00-05:00,46.08808334507689,46.1835059929974,45.13387870588274,45.9926643371582,7380,0.0,0.0
2014-02-04 00:00:00-05:00,45.89723973920612,46.756025333994444,45.89723973920612,46.27892303466797,8200,0.0,0.0
2014-02-05 00:00:00-05:00,46.088083228484884,46.660608194554115,45.801822565451175,46.565185546875,25970,0.0,0.0
2014-02-06 00:00:00-05:00,46.75602534668784,47.710229945599835,43.98883055384238,45.13387680053711,25710,0.0,0.0
2014-02-07 00:00:00-05:00,45.13387866834852,46.27892496242962,45.13387866834852,45.61098098754883,12160,0.0,0.0
2014-02-10 00:00:00-05:00,45.420135601728084,47.2331257217977,44.84761432170691,46.94686508178711,7970,0.0,0.0
2014-02-11 00:00:00-05:00,46.756025240710514,47.42396918643528,46.37434194601017,46.851444244384766,7590,0.0,0.0
2014-02-12 00:00:00-05:00,46.756027260103814,47.71023189806512,46.565185604511186,47.13771057128906,8050,0.0,0.0
2014-02-13 00:00:00-05:00,46.75602344177954,47.51938636180829,46.46976280176895,46.94686508178711,11390,0.0,0.0
2014-02-14 00:00:00-05:00,46.94686508178711,47.13770672179468,46.18350216175836,46.94686508178711,8580,0.0,0.0
2014-02-18 00:00:00-05:00,47.1377066867135,47.1377066867135,45.42013556792517,45.80181884765625,32360,0.0,0.0
2014-02-19 00:00:00-05:00,45.89724170808563,46.851446347671626,45.80182270012776,46.18350601196289,9090,0.0,0.0
2014-02-20 00:00:00-05:00,45.992664356045324,46.756027339713754,45.61098104421019,46.18350601196289,9890,0.0,0.0
2014-02-21 00:00:00-05:00,46.46976280176895,47.42396736180527,45.99266052175079,46.94686508178711,7590,0.0,0.0
2014-02-24 00:00:00-05:00,46.94686681599756,50.47742454655053,44.943034981899125,48.75985336303711,57540,0.0,0.0
2014-02-25 00:00:00-05:00,48.28275117887664,48.473592826382415,45.42013738629498,45.897239685058594,43390,0.0,0.0
2014-02-26 00:00:00-05:00,46.851444244384766,48.47359278685873,46.37434194601017,46.851444244384766,31930,0.0,0.0
2014-02-27 00:00:00-05:00,47.13770865691921,47.423969308681535,46.08808141378844,46.469764709472656,16510,0.0,0.0
2014-02-28 00:00:00-05:00,46.27892488384129,47.42397117597793,46.088083228484884,46.565185546875,15630,0.0,0.0
2014-03-03 00:00:00-05:00,45.897237778428874,46.75602333652899,45.51555813927445,46.37434005737305,17920,0.0,0.0
2014-03-04 00:00:00-05:00,46.756025240710514,47.614810833785455,46.469764589686086,46.851444244384766,14510,0.0,0.0
2014-03-05 00:00:00-05:00,47.13770864412854,48.187332246972815,45.89723975349225,47.614810943603516,26660,0.0,0.0
2014-03-06 00:00:00-05:00,47.61481076069704,49.523219951266036,47.61481076069704,48.75985336303711,29600,0.0,0.0
2014-03-07 00:00:00-05:00,48.85527788128983,49.33238019723993,47.614812587819955,49.23695755004883,11880,0.0,0.0
2014-03-10 00:00:00-04:00,49.141536712646484,49.52322000719198,48.473592767192706,49.141536712646484,7280,0.0,0.0
2014-03-11 00:00:00-04:00,48.8552761269428,49.618639077050936,48.09191317683465,48.378173828125,6120,0.0,0.0
2014-03-12 00:00:00-04:00,48.37817567809515,49.3323803122193,47.61481269879618,48.66443634033203,15950,0.0,0.0
2014-03-13 00:00:00-04:00,48.473592767192706,51.7178898508244,48.378173763557164,49.141536712646484,50280,0.0,0.0
2014-03-14 00:00:00-04:00,48.95069696205714,50.00032424272612,47.90107332138996,48.282752990722656,8170,0.0,0.0
2014-03-17 00:00:00-04:00,48.09191694445306,49.33238229055957,47.23313128330134,47.99649429321289,16910,0.0,0.0
2014-03-18 00:00:00-04:00,47.71022978283111,50.28658291910432,47.61481077926611,50.095741271972656,23720,0.0,0.0
2014-03-19 00:00:00-04:00,50.38200201593558,50.57284366342053,49.23695577102762,49.52322006225586,13210,0.0,0.0
2014-03-20 00:00:00-04:00,49.23695376974049,49.42779540946847,48.187330211238866,48.47359085083008,8880,0.0,0.0
2014-03-21 00:00:00-04:00,48.282753145894,48.855278111735736,47.901073475334655,48.091915130615234,11190,0.0,0.0
2014-03-24 00:00:00-04:00,48.378175753940305,48.950697079311645,47.42397111832018,47.71023178100586,11360,0.0,0.0
2014-03-25 00:00:00-04:00,47.901071595288165,48.47359289865747,47.23312764802286,47.614810943603516,5980,0.0,0.0
2014-03-26 00:00:00-04:00,47.80564900625346,48.282751306275955,45.420137506140975,45.515560150146484,11680,0.0,0.0
2014-03-27 00:00:00-04:00,45.51556190241747,46.75602720223141,45.32472024706106,46.565185546875,6900,0.0,0.0
2014-03-28 00:00:00-04:00,46.75602536123498,47.80564896436408,46.18350405771033,46.469764709472656,7280,0.0,0.0
2014-03-31 00:00:00-04:00,46.46976460654883,48.37817380073973,46.46976460654883,48.18733215332031,9010,0.0,0.0
2014-04-01 00:00:00-04:00,48.56901547565245,48.95069513070569,46.5651836366167,48.378173828125,15030,0.0,0.0
2014-04-02 00:00:00-04:00,48.091911280432896,49.14153484044172,48.091911280432896,48.85527420043945,11490,0.0,0.0
2014-04-03 00:00:00-04:00,48.66443259364608,50.19115843470104,48.66443259364608,50.00032043457031,7360,0.0,0.0
2014-04-04 00:00:00-04:00,50.095741347511215,50.57284364605894,48.09191314961143,48.18733215332031,5690,0.0,0.0
2014-04-07 00:00:00-04:00,48.282749174616555,48.3781718144092,46.85144233774055,47.32854461669922,4640,0.0,0.0
2014-04-08 00:00:00-04:00,47.233127502110264,48.56901539251405,47.233127502110264,47.80564880371094,6780,0.0,0.0
2014-04-09 00:00:00-04:00,47.71023182005408,48.56901744881578,47.6148128124147,48.091915130615234,3640,0.0,0.0
2014-04-10 00:00:00-04:00,48.09191313216005,48.47359278685873,46.27892294233592,46.851444244384766,5290,0.0,0.0
2014-04-11 00:00:00-04:00,46.469766656755276,46.56518566467396,45.80182268131901,45.9926643371582,10750,0.0,0.0
2014-04-14 00:00:00-04:00,46.08808138693705,46.660606330129816,45.99266238307242,46.27892303466797,6500,0.0,0.0
2014-04-15 00:00:00-04:00,46.08808138693705,46.756025333994444,45.801820735341494,46.27892303466797,4120,0.0,0.0
2014-04-16 00:00:00-04:00,46.469764682398896,47.04228598558999,45.801820735341494,46.27892303466797,5380,0.0,0.0
2014-04-17 00:00:00-04:00,46.374343891518585,47.233129520621524,46.374343891518585,46.565185546875,1940,0.0,0.0
2014-04-21 00:00:00-04:00,46.85144435244221,48.091913243078494,45.89723975349225,47.614810943603516,4010,0.0,0.0
2014-04-22 00:00:00-04:00,47.32854461669922,47.80564689565789,46.85144233774055,47.32854461669922,4300,0.0,0.0
2014-04-23 00:00:00-04:00,47.13770861727724,48.950695170248416,47.13770861727724,47.42396926879883,13070,0.0,0.0
2014-04-24 00:00:00-04:00,47.805648951392165,48.47359289865747,46.85144435244221,47.614810943603516,4200,0.0,0.0
2014-04-25 00:00:00-04:00,47.23312766083942,47.51938831260175,45.610979114184,46.469764709472656,7710,0.0,0.0
2014-04-28 00:00:00-04:00,46.278921127319336,47.328544686577516,45.42013556792517,45.80181884765625,3080,0.0,0.0
2014-04-29 00:00:00-04:00,45.70640369216989,46.46976667583832,45.32472038033476,46.18350601196289,4880,0.0,0.0
2014-04-30 00:00:00-04:00,46.18350400367353,47.0422859579557,45.70640170462732,46.08808135986328,8530,0.0,0.0
2014-05-01 00:00:00-04:00,46.2789230074821,47.71022990462072,45.80182070843589,46.08808135986328,8700,0.0,0.0
2014-05-02 00:00:00-04:00,46.08807941800685,46.56518169695102,46.08807941800685,46.37434005737305,3330,0.0,0.0
2014-05-05 00:00:00-04:00,46.469764589686086,47.13770853541086,46.08808129498574,46.851444244384766,5300,0.0,0.0
2014-05-06 00:00:00-04:00,46.85144439222805,47.32854669210818,45.80182078849244,46.660606384277344,9790,0.0,0.0
2014-05-07 00:00:00-04:00,47.137708786254365,47.42396943880213,43.4163093831284,43.60715103149414,22540,0.0,0.0
2014-05-08 00:00:00-04:00,43.034628580964636,43.2254702403928,34.82846998557066,37.21398162841797,105470,0.0,0.0
2014-05-09 00:00:00-04:00,37.023137997227295,38.072765248180644,34.7330491260596,37.30939865112305,58360,0.0,0.0
2014-05-12 00:00:00-04:00,37.5956649472743,38.64528861412636,36.73687929984851,37.21398162841797,20360,0.0,0.0
2014-05-13 00:00:00-04:00,37.50024239871824,37.50024239871824,35.87809374920586,36.2597770690918,12830,0.0,0.0
2014-05-14 00:00:00-04:00,36.450618927409955,36.450618927409955,34.160526275634766,34.160526275634766,21340,0.0,0.0
2014-05-15 00:00:00-04:00,34.255948711315824,35.97351636937581,33.39716306228488,35.87809371948242,11170,0.0,0.0
2014-05-16 00:00:00-04:00,36.16435432343095,36.641456604003906,34.73304748171207,36.641456604003906,13140,0.0,0.0
2014-05-19 00:00:00-04:00,36.259775087042186,38.16818430214967,35.01930982522266,36.355194091796875,13930,0.0,0.0
2014-05-20 00:00:00-04:00,36.832296522644896,36.832296522644896,35.49641225146189,35.973514556884766,7980,0.0,0.0
2014-05-21 00:00:00-04:00,36.259777172191725,36.73687950340477,35.305572509765625,35.305572509765625,13020,0.0,0.0
2014-05-22 00:00:00-04:00,35.30557231414013,37.88192561641559,35.30557231414013,37.21398162841797,38200,0.0,0.0
2014-05-23 00:00:00-04:00,36.92771904264198,38.6452866083459,36.92771904264198,37.69108200073242,7910,0.0,0.0
2014-05-27 00:00:00-04:00,38.1681842788072,38.64528658229229,37.023138022442645,37.500240325927734,14450,0.0,0.0
2014-05-28 00:00:00-04:00,37.02313988942449,38.64528853107493,37.02313988942449,38.35902786254883,7510,0.0,0.0
2014-05-29 00:00:00-04:00,38.07276521207419,41.60331934010972,37.691081913907354,40.93537902832031,17260,0.0,0.0
2014-05-30 00:00:00-04:00,41.03079800695919,41.03079800695919,39.40864945077674,40.744537353515625,10920,0.0,0.0
2014-06-02 00:00:00-04:00,40.458274700208186,40.553693699972214,39.12238686350261,39.694908142089844,8610,0.0,0.0
2014-06-03 00:00:00-04:00,39.40864937472466,40.55369562629086,39.40864937472466,40.17201232910156,6960,0.0,0.0
2014-06-04 00:00:00-04:00,39.88575336155196,43.034627956410986,39.88575336155196,42.557525634765625,14000,0.0,0.0
2014-06-05 00:00:00-04:00,43.03462817060604,43.22546982821443,40.458278532899364,41.030799865722656,17090,0.0,0.0
2014-06-06 00:00:00-04:00,41.412483306949376,41.412483306949376,40.0765953396277,40.45827865600586,12860,0.0,0.0
2014-06-09 00:00:00-04:00,39.98117242138498,40.93537697903139,39.694908142089844,39.694908142089844,8270,0.0,0.0
2014-06-10 00:00:00-04:00,39.88575368143862,41.50790231604297,39.88575368143862,40.45827865600586,9510,0.0,0.0
2014-06-11 00:00:00-04:00,40.17201042091305,40.83995433926584,39.694908142089844,39.694908142089844,3030,0.0,0.0
2014-06-12 00:00:00-04:00,39.50407395569251,41.03079993929338,39.12239063979136,39.8857536315918,7930,0.0,0.0
2014-06-13 00:00:00-04:00,39.504072187797384,39.504072187797384,38.35902593133917,38.83612823486328,10040,0.0,0.0
2014-06-16 00:00:00-04:00,38.64528853107493,39.3132325176371,37.786502885494734,38.35902786254883,5720,0.0,0.0
2014-06-17 00:00:00-04:00,38.168184205935056,38.645286508509244,38.168184205935056,38.26360321044922,6100,0.0,0.0
2014-06-18 00:00:00-04:00,39.122388938262155,39.981174541688105,37.69108202588671,37.88192367553711,16590,0.0,0.0
2014-06-19 00:00:00-04:00,37.500240279465956,38.83612818356976,37.500240279465956,38.454444885253906,4920,0.0,0.0
2014-06-20 00:00:00-04:00,38.072765299778496,38.549867603585234,37.69108200073242,37.69108200073242,19420,0.0,0.0
2014-06-23 00:00:00-04:00,38.07276333808793,38.07276333808793,37.30939677932807,37.97734069824219,6270,0.0,0.0
2014-06-24 00:00:00-04:00,37.977340769583904,38.072763409608896,36.06893164910228,36.45061492919922,24690,0.0,0.0
2014-06-25 00:00:00-04:00,36.45061850668666,38.07276714630397,36.068935189128986,37.786502838134766,14080,0.0,0.0
2014-06-26 00:00:00-04:00,37.97734268036145,38.8361282837874,37.500240376236306,37.88192367553711,5810,0.0,0.0
2014-06-27 00:00:00-04:00,38.54986558324388,39.12238686180629,37.69108002539875,38.74070358276367,5450,0.0,0.0
2014-06-30 00:00:00-04:00,38.454446778386696,39.408651431150645,38.35902776911105,39.313232421875,13840,0.0,0.0
2014-07-01 00:00:00-04:00,39.12238686350261,39.88574978161943,38.83612622420899,39.694908142089844,15400,0.0,0.0
2014-07-02 00:00:00-04:00,39.504070212104125,40.26743313156476,38.8361262925755,39.12238693237305,8770,0.0,0.0
2014-07-03 00:00:00-04:00,39.026969812213615,40.076593422027955,39.026969812213615,39.599491119384766,2500,0.0,0.0
2014-07-07 00:00:00-04:00,39.50407417665513,39.885753854689305,37.88192553500469,38.35902786254883,15600,0.0,0.0
2014-07-08 00:00:00-04:00,37.9773427054527,38.359026005005674,37.21397974634846,38.0727653503418,9000,0.0,0.0
2014-07-09 00:00:00-04:00,38.07276706949618,39.408651398249276,37.309400435920836,38.931549072265625,4030,0.0,0.0
2014-07-10 00:00:00-04:00,37.88192173324933,39.217805932305055,37.7864990933158,39.12238693237305,5230,0.0,0.0
2014-07-11 00:00:00-04:00,38.74070358276367,38.83612622252509,38.45444294348247,38.74070358276367,2790,0.0,0.0
2014-07-14 00:00:00-04:00,39.31323044011446,40.07659339584449,38.83612813778298,39.40864944458008,10400,0.0,0.0
2014-07-15 00:00:00-04:00,39.21780779564715,40.07659339584449,38.83612813778298,39.40864944458008,4940,0.0,0.0
2014-07-16 00:00:00-04:00,39.12238693237305,39.79033085190167,38.07276337311487,38.168182373046875,6640,0.0,0.0
2014-07-17 00:00:00-04:00,37.88192370056531,38.93154731433343,37.78650105567621,38.0727653503418,22780,0.0,0.0
2014-07-18 00:00:00-04:00,38.64528665966955,38.64528665966955,38.0727653503418,38.0727653503418,3630,0.0,0.0
2014-07-21 00:00:00-04:00,38.16818233793215,38.6452846171563,37.786499058552224,37.97734069824219,4620,0.0,0.0
2014-07-22 00:00:00-04:00,38.168182373046875,38.64528465270996,37.88192173324933,38.168182373046875,2610,0.0,0.0
2014-07-23 00:00:00-04:00,38.263603360116576,38.454445009893064,37.88192370056531,38.0727653503418,1810,0.0,0.0
2014-07-24 00:00:00-04:00,38.168184330011854,38.45444498448661,37.595663021062364,37.88192367553711,5330,0.0,0.0
2014-07-25 00:00:00-04:00,37.69108205078882,38.16818435522919,37.69108205078882,38.0727653503418,4180,0.0,0.0
2014-07-28 00:00:00-04:00,38.168182373046875,38.54986565277795,36.832294533989625,38.168182373046875,11060,0.0,0.0
2014-07-29 00:00:00-04:00,38.263605213038865,38.740707540583,38.168186203530794,38.35902786254883,13110,0.0,0.0
2014-07-30 00:00:00-04:00,38.931549072265625,39.6949120658391,38.16818607869216,38.931549072265625,16020,0.0,0.0
2014-07-31 00:00:00-04:00,38.93154522228498,39.0269678620464,38.26360130396116,38.74070358276367,4180,0.0,0.0
2014-08-01 00:00:00-04:00,38.549867605833406,39.1223889144342,37.88192365246467,39.02696990966797,7550,0.0,0.0
2014-08-04 00:00:00-04:00,38.74070358276367,39.21780586156619,37.97734066467995,38.74070358276367,5210,0.0,0.0
2014-08-05 00:00:00-04:00,38.74070358276367,39.0269678620464,37.97734066467995,38.74070358276367,8580,0.0,0.0
2014-08-06 00:00:00-04:00,38.35902593133917,38.93154723956742,38.26360328663332,38.83612823486328,9380,0.0,0.0
2014-08-07 00:00:00-04:00,38.64528853107493,39.12239085861906,37.97734454451277,38.35902786254883,34610,0.0,0.0
2014-08-08 00:00:00-04:00,38.54986765478216,38.54986765478216,37.69108205078882,38.0727653503418,5840,0.0,0.0
2014-08-11 00:00:00-04:00,37.97734080376905,38.35902408420956,37.21397788288957,37.59566116333008,6280,0.0,0.0
2014-08-12 00:00:00-04:00,37.7864991635488,38.07276344387994,37.30939688299893,37.59566116333008,2640,0.0,0.0
2014-08-13 00:00:00-04:00,37.4048213212314,37.69108197532211,37.21397967183702,37.500240325927734,4170,0.0,0.0
2014-08-14 00:00:00-04:00,37.59566299597176,38.072765299778496,37.500240351209385,37.69108200073242,23630,0.0,0.0
2014-08-15 00:00:00-04:00,37.7864991635488,38.1681824439893,37.30939688299893,37.59566116333008,7730,0.0,0.0
2014-08-18 00:00:00-04:00,37.500240304352815,39.122388863269194,37.21397965042679,38.645286560058594,21340,0.0,0.0
2014-08-19 00:00:00-04:00,38.16818430676507,39.50407221350253,38.16818430676507,39.02696990966797,18720,0.0,0.0
2014-08-20 00:00:00-04:00,38.64528651932273,41.79416098919313,38.454444870239314,40.93537902832031,30010,0.0,0.0
2014-08-21 00:00:00-04:00,41.126217058453776,41.126217058453776,39.50407214041865,39.79033279418945,13670,0.0,0.0
2014-08-22 00:00:00-04:00,39.40865121946055,41.50790217226513,38.45444657182227,40.83995819091797,37270,0.0,0.0
2014-08-25 00:00:00-04:00,40.362856006910384,41.88958563242113,40.362856006910384,40.45827865600586,19460,0.0,0.0
2014-08-26 00:00:00-04:00,39.694908178783926,42.55752185436935,39.694908178783926,41.794158935546875,21040,0.0,0.0
2014-08-27 00:00:00-04:00,41.507900264087034,42.17584421472786,41.507900264087034,41.6987419128418,4790,0.0,0.0
2014-08-28 00:00:00-04:00,41.50790213652251,42.55752579202004,41.2216414704779,42.3666877746582,8470,0.0,0.0
2014-08-29 00:00:00-04:00,42.08041957510511,42.652944494223114,41.12621501657664,41.794158935546875,9260,0.0,0.0
2014-09-02 00:00:00-04:00,41.603317295840874,42.46210285451711,41.603317295840874,41.794158935546875,6430,0.0,0.0
2014-09-03 00:00:00-04:00,42.08042157034963,42.557523872235684,41.507900264087034,41.6987419128418,6090,0.0,0.0
2014-09-04 00:00:00-04:00,41.698743881981414,41.79416289086392,41.31706056644766,41.41248321533203,8690,0.0,0.0
2014-09-05 00:00:00-04:00,41.12621703740203,41.50790033556886,40.649114734694344,40.93537902832031,6550,0.0,0.0
2014-09-08 00:00:00-04:00,40.649114613433866,41.60331921600275,40.649114613433866,41.31705856323242,4390,0.0,0.0
2014-09-09 00:00:00-04:00,41.126216985233235,41.5079002829159,40.3628540298696,40.55369567871094,6590,0.0,0.0
2014-09-10 00:00:00-04:00,40.26743313156476,41.1262150509574,39.69490821196814,40.07659149169922,8910,0.0,0.0
2014-09-11 00:00:00-04:00,40.3628559564673,40.3628559564673,39.599492964666865,39.8857536315918,12700,0.0,0.0
2014-09-12 00:00:00-04:00,39.981172423037144,41.50789825933388,39.981172423037144,40.649112701416016,5660,0.0,0.0
2014-09-15 00:00:00-04:00,40.45827672014318,40.649114729199106,39.026969812213615,39.599491119384766,8430,0.0,0.0
2014-09-16 00:00:00-04:00,39.21780784664614,40.17201245254996,39.21780784664614,39.79033279418945,6630,0.0,0.0
2014-09-17 00:00:00-04:00,39.59949112473811,41.22163968194459,39.59949112473811,40.93537902832031,7430,0.0,0.0
2014-09-18 00:00:00-04:00,56.10722948712941,56.29807113422883,51.240787506103516,51.240787506103516,866510,0.0,0.0
2014-09-19 00:00:00-04:00,50.85910578965985,55.53470990863495,50.85910578965985,55.343868255615234,402080,0.0,0.0
2014-09-22 00:00:00-04:00,53.91256127599044,56.67975614261721,53.91256127599044,56.488914489746094,120950,0.0,0.0
2014-09-23 00:00:00-04:00,56.0118140055575,57.53853999834876,54.86676769096311,56.775177001953125,93830,0.0,0.0
2014-09-24 00:00:00-04:00,56.77517312981396,56.9660147758977,55.3438662441884,56.393489837646484,34160,0.0,0.0
2014-09-25 00:00:00-04:00,56.29807095245841,56.584331602182445,54.86676406383659,56.011810302734375,24720,0.0,0.0
2014-09-26 00:00:00-04:00,55.630126863153485,57.53853604295293,55.3438662141839,57.347694396972656,70390,0.0,0.0
2014-09-29 00:00:00-04:00,55.24844920530939,55.72555151747959,52.958356650891744,54.96218490600586,74190,0.0,0.0
2014-09-30 00:00:00-04:00,54.866764159331254,55.343866456368914,53.43545726821826,54.29424285888672,31130,0.0,0.0
2014-10-01 00:00:00-04:00,54.294242774023985,54.67592242705655,53.0537738916636,53.721717834472656,23100,0.0,0.0
2014-10-02 00:00:00-04:00,53.34004006341402,54.38966369628906,52.86293775028868,54.38966369628906,21600,0.0,0.0
2014-10-03 00:00:00-04:00,54.38966174854032,55.343866340619975,53.435457156460664,53.53087615966797,32240,0.0,0.0
2014-10-06 00:00:00-04:00,53.53087631419654,54.77134519948229,52.00415041846252,52.19499206542969,36470,0.0,0.0
2014-10-07 00:00:00-04:00,51.90873142277928,53.053774024751014,50.954526827801736,51.04994583129883,40570,0.0,0.0
2014-10-08 00:00:00-04:00,50.859105914858965,53.721719797196265,50.859105914858965,53.43545913696289,44390,0.0,0.0
2014-10-09 00:00:00-04:00,53.244617595022966,53.81714255669095,52.004152304745,52.862937927246094,26030,0.0,0.0
2014-10-10 00:00:00-04:00,52.48125272376515,52.95835502125392,50.859104184302986,51.04994583129883,25330,0.0,0.0
2014-10-13 00:00:00-04:00,51.049943923950195,52.95835304260254,50.66826064421912,51.52704620361328,13410,0.0,0.0
2014-10-14 00:00:00-04:00,52.09956936596264,53.43545725329569,51.62246706905821,51.81330871582031,16360,0.0,0.0
2014-10-15 00:00:00-04:00,51.24078920132499,53.81714242239754,50.954528541206216,53.2446174621582,23310,0.0,0.0
2014-10-16 00:00:00-04:00,52.48125259211393,54.38966177728171,52.290410945596825,53.721717834472656,29450,0.0,0.0
2014-10-17 00:00:00-04:00,53.72171977569009,54.38966374263509,52.481254488507545,53.2446174621582,13620,0.0,0.0
2014-10-20 00:00:00-04:00,53.43545913696289,54.38966376440866,52.57667351626099,53.43545913696289,17010,0.0,0.0
2014-10-21 00:00:00-04:00,53.340038121188215,54.86676401159722,53.340038121188215,54.48508071899414,15230,0.0,0.0
2014-10-22 00:00:00-04:00,53.721719797196265,54.77134707138768,53.149198476729524,53.43545913696289,18800,0.0,0.0
2014-10-23 00:00:00-04:00,50.19116218194901,51.52705012260999,48.37817556533974,49.23695755004883,184300,0.0,0.0
2014-10-24 00:00:00-04:00,50.859106214843564,50.859106214843564,48.664436286773736,49.80948257446289,38200,0.0,0.0
2014-10-27 00:00:00-04:00,49.90490152037932,49.90490152037932,48.66443622690944,49.23695755004883,20820,0.0,0.0
2014-10-28 00:00:00-04:00,49.236955716282026,49.61863901082752,48.855276061738195,49.141536712646484,20470,0.0,0.0
2014-10-29 00:00:00-04:00,49.3323765141082,50.095739434635675,48.759851593711446,50.00032043457031,22300,0.0,0.0
2014-10-30 00:00:00-04:00,49.80947868961753,50.381999968807925,48.85527413096586,49.42779541015625,13650,0.0,0.0
2014-10-31 00:00:00-04:00,50.00032416757041,50.09574317475971,49.14153854285953,49.23695755004883,17820,0.0,0.0
2014-11-03 00:00:00-05:00,49.046117618148585,50.0003222127429,49.046117618148585,49.71405792236328,11200,0.0,0.0
2014-11-04 00:00:00-05:00,49.33238023785284,49.90490156146356,48.759855274240316,49.6186408996582,8170,0.0,0.0
2014-11-05 00:00:00-05:00,49.61864085880962,49.61864085880962,48.85527788128983,49.23695755004883,11380,0.0,0.0
2014-11-06 00:00:00-05:00,49.332376410291694,49.90489768948209,49.046115770696495,49.42779541015625,7900,0.0,0.0
2014-11-07 00:00:00-05:00,49.14153858331533,49.80948255419571,49.14153858331533,49.6186408996582,25750,0.0,0.0
2014-11-10 00:00:00-05:00,49.332376410291694,49.61863704988689,49.14153477056106,49.42779541015625,8930,0.0,0.0
2014-11-11 00:00:00-05:00,49.236955679881035,50.57284356980097,49.236955679881035,50.095741271972656,45870,0.0,0.0
2014-11-12 00:00:00-05:00,49.71405990692605,50.09574321600107,49.523221892390346,49.6186408996582,5100,0.0,0.0
2014-11-13 00:00:00-05:00,49.42779541015625,49.80947868961753,49.236953770425615,49.42779541015625,8640,0.0,0.0
2014-11-14 00:00:00-05:00,49.33238019723993,49.80948251319002,49.23695755004883,49.23695755004883,13510,0.0,0.0
2014-11-17 00:00:00-05:00,49.236955716282026,50.09574130900855,49.141536712646484,49.141536712646484,10320,0.0,0.0
2014-11-18 00:00:00-05:00,49.33238023785284,50.09574321600107,49.14153858331533,49.6186408996582,8460,0.0,0.0
2014-11-19 00:00:00-05:00,49.236955716282026,49.71405801446306,49.141536712646484,49.141536712646484,15850,0.0,0.0
2014-11-20 00:00:00-05:00,49.42779541015625,49.61863704988689,49.332376410291694,49.42779541015625,8580,0.0,0.0
2014-11-21 00:00:00-05:00,49.90489959716797,50.19116024770589,49.1415366490663,49.90489959716797,30000,0.0,0.0
2014-11-24 00:00:00-05:00,49.71405605041701,50.572841609215615,49.618637050551165,50.38199996948242,10270,0.0,0.0
2014-11-25 00:00:00-05:00,50.38200195039485,50.47742459401402,50.09574129954066,50.286582946777344,4630,0.0,0.0
2014-11-26 00:00:00-05:00,50.00032224068172,50.477424538245465,49.71405795014214,49.90489959716797,4990,0.0,0.0
2014-11-28 00:00:00-05:00,49.6186408996582,50.09574321600107,49.427799245120696,49.6186408996582,7740,0.0,0.0
2014-12-01 00:00:00-05:00,49.427799359900945,49.618641014881625,48.759855387469486,49.046119689941406,9820,0.0,0.0
2014-12-02 00:00:00-05:00,48.9506932004397,49.23695384044197,48.75985156043768,48.85527420043945,7550,0.0,0.0
2014-12-03 00:00:00-05:00,49.23695770492027,49.618641014881625,49.046119689941406,49.046119689941406,7600,0.0,0.0
2014-12-04 00:00:00-05:00,49.33237835991923,49.33237835991923,48.759853418100995,49.141536712646484,7950,0.0,0.0
2014-12-05 00:00:00-05:00,49.04611770901094,49.904899661735804,48.664434414465454,49.141536712646484,11040,0.0,0.0
2014-12-08 00:00:00-05:00,48.664434387094516,49.42779733575449,48.37817373634723,48.9506950378418,25420,0.0,0.0
2014-12-09 00:00:00-05:00,48.66443450674617,48.950695158197284,47.805648912391156,48.56901550292969,20720,0.0,0.0
2014-12-10 00:00:00-05:00,48.47359468550684,48.85527799515722,47.996492368444756,48.66443634033203,11530,0.0,0.0
2014-12-11 00:00:00-05:00,47.99649232872268,48.855277954724414,47.99649232872268,48.282752990722656,17850,0.0,0.0
2014-12-12 00:00:00-05:00,47.71022803298636,51.0499439952954,47.71022803298636,50.00032043457031,40280,0.0,0.0
2014-12-15 00:00:00-05:00,49.1415366850072,51.04994587665797,48.9506950378418,48.9506950378418,35920,0.0,0.0
2014-12-16 00:00:00-05:00,48.66443622690944,50.7636871450902,48.66443622690944,49.23695755004883,27530,0.0,0.0
2014-12-17 00:00:00-05:00,49.14153674007192,50.09574133696652,49.14153674007192,49.33237838745117,18960,0.0,0.0
2014-12-18 00:00:00-05:00,49.332380186257424,51.43163110397085,49.332380186257424,50.76368713378906,29060,0.0,0.0
2014-12-19 00:00:00-05:00,50.572843506157724,51.527048100613534,50.19116021237474,50.85910415649414,16170,0.0,0.0
2014-12-22 00:00:00-05:00,50.5728434782971,51.14536477865452,50.09574118133204,50.66826248168945,14100,0.0,0.0
2014-12-23 00:00:00-05:00,50.954526799940716,51.62246710405845,50.85910415649414,50.85910415649414,11640,0.0,0.0
2014-12-24 00:00:00-05:00,50.66826446611381,51.90873339880732,50.572845458984375,50.572845458984375,6230,0.0,0.0
2014-12-26 00:00:00-05:00,50.57284164428711,52.385831763007445,50.38200000442157,51.52704620361328,17430,0.0,0.0
2014-12-29 00:00:00-05:00,51.240789267702894,52.48125455649236,50.47742629306337,52.29041290283203,13290,0.0,0.0
2014-12-30 00:00:00-05:00,52.004150397841435,52.481252695069344,50.66826250960265,50.85910415649414,12400,0.0,0.0
2014-12-31 00:00:00-05:00,51.14536678176461,51.90873339880732,50.09574314333358,50.572845458984375,15320,0.0,0.0
2015-01-02 00:00:00-05:00,50.66826060908145,51.14536288841367,49.618637050551165,50.38199996948242,6260,0.0,0.0
2015-01-05 00:00:00-05:00,49.33237837753826,50.95452691993346,49.33237837753826,50.47742462158203,18070,0.0,0.0
2015-01-06 00:00:00-05:00,49.42779551417356,50.47742271490018,49.14153487397595,50.00032043457031,33260,0.0,0.0
2015-01-07 00:00:00-05:00,50.5728434782971,50.85910412847581,50.00032217793969,50.66826248168945,6480,0.0,0.0
2015-01-08 00:00:00-05:00,50.66826446611381,51.04994777463517,50.28658479759425,50.572845458984375,8570,0.0,0.0
2015-01-09 00:00:00-05:00,50.38200185926623,51.240787450277125,50.38200185926623,50.85910415649414,10570,0.0,0.0
2015-01-12 00:00:00-05:00,50.38200192266931,50.85910422049763,50.000322268407665,50.095741271972656,8440,0.0,0.0
2015-01-13 00:00:00-05:00,50.38200195039485,51.04994589572239,49.6186390014498,50.286582946777344,21020,0.0,0.0
2015-01-14 00:00:00-05:00,49.6186390659975,50.191160368450646,49.52322006225586,49.52322006225586,8870,0.0,0.0
2015-01-15 00:00:00-05:00,49.427797418512554,50.47742465967889,49.33237841477092,49.52322006225586,15060,0.0,0.0
2015-01-16 00:00:00-05:00,49.33237841477092,49.52322006225586,49.33237841477092,49.52322006225586,8220,0.0,0.0
2015-01-20 00:00:00-05:00,49.33238035241152,49.71406002237106,48.85527803496073,49.046119689941406,24480,0.0,0.0
2015-01-21 00:00:00-05:00,48.85527803496073,49.33238035241152,48.85527803496073,49.046119689941406,17050,0.0,0.0
2015-01-22 00:00:00-05:00,49.046119689941406,49.23695770492027,48.85527803496073,49.046119689941406,22550,0.0,0.0
2015-01-23 00:00:00-05:00,49.046115770696495,49.61863704988689,48.950693130830416,49.42779541015625,4290,0.0,0.0
2015-01-26 00:00:00-05:00,48.664436156543,50.5728454175839,48.664436156543,50.191162109375,8980,0.0,0.0
2015-01-27 00:00:00-05:00,49.6186408996582,50.47742652507608,49.6186408996582,49.6186408996582,4750,0.0,0.0
2015-01-28 00:00:00-05:00,49.427797418512554,50.38200201593558,49.427797418512554,49.52322006225586,5620,0.0,0.0
2015-01-29 00:00:00-05:00,48.85527792150997,50.382003877806426,48.85527792150997,49.6186408996582,6680,0.0,0.0
2015-01-30 00:00:00-05:00,49.33237838745117,50.38200198803457,49.14153674007192,49.33237838745117,4380,0.0,0.0
2015-02-02 00:00:00-05:00,49.14153674007192,49.52322003483042,48.95069509269266,49.33237838745117,12700,0.0,0.0
2015-02-03 00:00:00-05:00,49.61863891890451,50.85910416387679,49.14153662160735,49.71405792236328,10790,0.0,0.0
2015-02-04 00:00:00-05:00,49.23695759058319,50.00032420873322,49.23695759058319,49.6186408996582,25360,0.0,0.0
2015-02-05 00:00:00-05:00,49.42779926523257,50.28658489099989,49.42779926523257,49.80948257446289,14260,0.0,0.0
2015-02-06 00:00:00-05:00,49.71405795014214,50.28658289121964,49.42779729960422,49.90489959716797,14000,0.0,0.0
2015-02-09 00:00:00-05:00,49.523219943117965,50.28658289121964,49.42779729960422,49.90489959716797,13780,0.0,0.0
2015-02-10 00:00:00-05:00,49.809480593655884,50.00032224068172,49.61863894663005,49.90489959716797,8610,0.0,0.0
2015-02-11 00:00:00-05:00,49.618640919847735,50.09574323638473,49.618640919847735,49.80948257446289,4990,0.0,0.0
2015-02-12 00:00:00-05:00,50.095741271972656,50.28658291910432,49.714057977709345,50.095741271972656,5330,0.0,0.0
2015-02-13 00:00:00-05:00,49.714056084892945,53.34003632233362,49.714056084892945,51.52704620361328,74820,0.0,0.0
2015-02-17 00:00:00-05:00,51.240785563815734,52.57666976287146,50.4774226443551,52.48125076293945,29470,0.0,0.0
2015-02-18 00:00:00-05:00,52.004150390625,52.4812526877867,51.71788974032832,52.004150390625,12900,0.0,0.0
2015-02-19 00:00:00-05:00,52.004150300738,52.95835489341209,51.6224670076677,52.5766716003418,9850,0.0,0.0
2015-02-20 00:00:00-05:00,52.385831763007445,52.95835304260254,52.00414848327637,52.48125076293945,22130,0.0,0.0
2015-02-23 00:00:00-05:00,52.48125265310477,52.95835494995117,52.29041100636587,52.95835494995117,14820,0.0,0.0
2015-02-24 00:00:00-05:00,52.95835877891611,53.43546111025769,52.76751711837909,53.149200439453125,12110,0.0,0.0
2015-02-25 00:00:00-05:00,51.90873138719333,53.05377398838007,51.3362064465983,52.004150390625,6760,0.0,0.0
2015-02-26 00:00:00-05:00,51.813306913160666,52.099567553343576,51.33620463285532,51.908729553222656,4670,0.0,0.0
2015-02-27 00:00:00-05:00,52.099573187614126,52.29041484837501,51.52705184533341,51.62247085571289,4880,0.0,0.0
2015-03-02 00:00:00-05:00,51.049947614042566,52.67209621015269,51.049947614042566,52.29041290283203,10540,0.0,0.0
2015-03-03 00:00:00-05:00,52.38583374869833,52.48125275224721,51.14536486255298,51.240787506103516,15760,0.0,0.0
2015-03-04 00:00:00-05:00,51.1453629238822,52.00414848327637,51.1453629238822,51.52704620361328,6930,0.0,0.0
2015-03-05 00:00:00-05:00,51.52704818450848,51.81330883531097,51.33620653730627,51.4316291809082,4090,0.0,0.0
2015-03-06 00:00:00-05:00,51.52704812104544,52.958355013296696,51.52704812104544,52.19499206542969,21050,0.0,0.0
2015-03-09 00:00:00-04:00,52.3858335938083,52.672094243610196,52.004150300738,52.5766716003418,6850,0.0,0.0
2015-03-10 00:00:00-04:00,52.385831763007445,52.67209240280499,51.52704620361328,51.52704620361328,5200,0.0,0.0
2015-03-11 00:00:00-04:00,51.62246520354529,52.290409123073914,51.240785563815734,51.52704620361328,5740,0.0,0.0
2015-03-12 00:00:00-04:00,52.19499200934451,52.19499200934451,51.52704806567799,51.81330871582031,4190,0.0,0.0
2015-03-13 00:00:00-04:00,52.00415224234243,52.48125455649236,51.240789267702894,52.29041290283203,9230,0.0,0.0
2015-03-16 00:00:00-04:00,52.48125455649236,52.862937863813016,52.00415224234243,52.29041290283203,6120,0.0,0.0
2015-03-17 00:00:00-04:00,52.385831763007445,52.48125076293945,51.71788784347882,52.48125076293945,6830,0.0,0.0
2015-03-18 00:00:00-04:00,51.90873334718613,52.48125466939702,51.04994772386801,51.717891693115234,10640,0.0,0.0
2015-03-19 00:00:00-04:00,51.43162909003163,52.4812526877867,51.14536479973329,52.004150390625,5180,0.0,0.0
2015-03-20 00:00:00-04:00,52.099573187614126,52.29041484837501,51.336210184572536,51.62247085571289,18270,0.0,0.0
2015-03-23 00:00:00-04:00,51.813310567653915,52.290412881610216,51.43163090048995,52.099571228027344,18970,0.0,0.0
2015-03-24 00:00:00-04:00,52.099567483208375,52.48125076293945,51.52704620361328,52.48125076293945,21620,0.0,0.0
2015-03-25 00:00:00-04:00,52.4812527805179,52.4812527805179,51.4316291809082,51.4316291809082,13650,0.0,0.0
2015-03-26 00:00:00-04:00,51.33620827453217,52.385835549663085,51.33620827453217,52.29041290283203,6540,0.0,0.0
2015-03-27 00:00:00-04:00,52.00414848327637,52.00414848327637,51.33620456374774,51.52704620361328,2340,0.0,0.0
2015-03-30 00:00:00-04:00,51.62246715196006,52.385833740234375,51.5270481484266,52.385833740234375,5230,0.0,0.0
2015-03-31 00:00:00-04:00,52.004148553283116,52.004148553283116,51.52704627297776,51.908729553222656,2340,0.0,0.0
2015-04-01 00:00:00-04:00,52.00415041846252,52.29041106891244,51.52704812104544,52.19499206542969,10130,0.0,0.0
2015-04-02 00:00:00-04:00,51.90873323551316,52.29041290283203,51.717891581852825,52.29041290283203,4010,0.0,0.0
2015-04-06 00:00:00-04:00,52.19499200299725,53.24461560005869,52.19499200299725,52.95835494995117,10220,0.0,0.0
2015-04-07 00:00:00-04:00,52.958355013296696,53.53087631419654,52.099569421945276,52.19499206542969,9060,0.0,0.0
2015-04-08 00:00:00-04:00,51.90873318905038,53.53087814370676,51.240789221837986,53.43545913696289,14370,0.0,0.0
2015-04-09 00:00:00-04:00,53.24461361350947,54.294240811411115,53.14919461370092,54.00797653198242,18200,0.0,0.0
2015-04-10 00:00:00-04:00,53.912559565255926,54.77134515592438,53.912559565255926,54.29424285888672,5860,0.0,0.0
2015-04-13 00:00:00-04:00,54.38966367465897,54.38966367465897,53.34004004220135,54.198822021484375,4530,0.0,0.0
2015-04-14 00:00:00-04:00,53.81714235513696,54.38966367465897,53.81714235513696,54.198822021484375,2400,0.0,0.0
2015-04-15 00:00:00-04:00,54.10340121207132,54.389661862293586,53.912559565255926,54.29424285888672,3520,0.0,0.0
2015-04-16 00:00:00-04:00,53.91255948098976,54.38966177728171,53.721717834472656,53.721717834472656,3950,0.0,0.0
2015-04-17 00:00:00-04:00,53.14919666026387,54.38966190554796,51.90873141497977,52.19499206542969,5050,0.0,0.0
2015-04-20 00:00:00-04:00,52.004152304745,52.958356934189865,51.908733297801234,52.862937927246094,2650,0.0,0.0
2015-04-21 00:00:00-04:00,52.862937795333764,53.91256142910321,52.00415217497566,53.2446174621582,5120,0.0,0.0
2015-04-22 00:00:00-04:00,53.24461944972067,53.53088012052524,52.2904147870375,53.149200439453125,8220,0.0,0.0
2015-04-23 00:00:00-04:00,52.767513358741375,53.91255960037805,52.48125270833262,53.34003829956055,5150,0.0,0.0
2015-04-24 00:00:00-04:00,53.34003829956055,53.34003829956055,52.290411061392895,53.34003829956055,8180,0.0,0.0
2015-04-27 00:00:00-04:00,53.72171603438207,53.72171603438207,51.813306913160666,51.908729553222656,13460,0.0,0.0
2015-04-28 00:00:00-04:00,51.8133105886821,52.76751521698196,51.8133105886821,52.29041290283203,6380,0.0,0.0
2015-04-29 00:00:00-04:00,52.09956939405668,52.76751333808339,51.81330874375999,52.004150390625,3960,0.0,0.0
2015-04-30 00:00:00-04:00,52.09956939405668,52.38583368435502,51.43162909003163,52.004150390625,10500,0.0,0.0
2015-05-01 00:00:00-04:00,51.908731359202186,52.09956936596264,51.52704806567799,51.81330871582031,2470,0.0,0.0
2015-05-04 00:00:00-04:00,51.813310567653915,52.672096188775974,51.43163090048995,52.099571228027344,11630,0.0,0.0
2015-05-05 00:00:00-04:00,51.62246886814943,53.81714242239754,51.33620820803066,53.2446174621582,16140,0.0,0.0
2015-05-06 00:00:00-04:00,53.05377197265625,53.81713853111296,52.38583169400891,53.05377197265625,5860,0.0,0.0
2015-05-07 00:00:00-04:00,55.3438662441884,58.30189901848057,55.3438662441884,56.393489837646484,51690,0.0,0.0
2015-05-08 00:00:00-04:00,56.77517315863177,58.01563839880323,55.630126921549795,56.58433151245117,28390,0.0,0.0
2015-05-11 00:00:00-04:00,56.87059215881404,58.015638395837485,56.77517315572943,57.72937774658203,36270,0.0,0.0
2015-05-12 00:00:00-04:00,58.01563836466989,59.065265598044846,57.63395871253489,58.6835823059082,32200,0.0,0.0
2015-05-13 00:00:00-04:00,58.5881670785475,59.065269404464004,58.01564210344657,58.301902770996094,27390,0.0,0.0
2015-05-14 00:00:00-04:00,58.20648197816527,58.96984494823922,58.20648197816527,58.588165283203125,26640,0.0,0.0
2015-05-15 00:00:00-04:00,60.30573281179213,60.59199347026548,59.446947196370346,59.5423698425293,145810,0.0,0.0
2015-05-18 00:00:00-04:00,59.63778488811907,60.114887167224026,59.54236588829869,59.73320388793945,72360,0.0,0.0
2015-05-19 00:00:00-04:00,60.114887167224026,60.114887167224026,59.3515242486564,59.73320388793945,46430,0.0,0.0
2015-05-20 00:00:00-04:00,59.63778488811907,59.82862652776136,59.54236588829869,59.73320388793945,31490,0.0,0.0
2015-05-21 00:00:00-04:00,59.73320388793945,60.114887167224026,59.54236588829869,59.73320388793945,37110,0.0,0.0
2015-05-22 00:00:00-04:00,59.73320592561425,60.01947021484375,59.637786922538844,60.01947021484375,38170,0.0,0.0
2015-05-26 00:00:00-04:00,59.92405136384999,60.019474012965524,59.733209705620794,59.82863235473633,42500,0.0,0.0
2015-05-27 00:00:00-04:00,59.82863037149077,60.114891029344435,59.73320772553837,59.924049377441406,85100,0.0,0.0
2015-05-28 00:00:00-04:00,59.92404931819755,60.973676582625636,59.82863031234125,60.87825393676758,86860,0.0,0.0
2015-05-29 00:00:00-04:00,60.87825210234631,61.06909374831011,60.591991453401434,60.782833099365234,51140,0.0,0.0
2015-06-01 00:00:00-04:00,61.25993169521617,62.11871728122455,60.97367468654889,61.54619598388672,58060,0.0,0.0
2015-06-02 00:00:00-04:00,61.73703582701791,62.023300124207964,61.450778809831355,61.64161682128906,56260,0.0,0.0
2015-06-03 00:00:00-04:00,61.92787927544636,62.02329827833545,61.355357978108536,61.54619598388672,52720,0.0,0.0
2015-06-04 00:00:00-04:00,61.35536181505211,62.02330215704961,61.25993552619213,61.92788314819336,53910,0.0,0.0
2015-06-05 00:00:00-04:00,61.641618841620875,62.40498547247836,61.25993552619213,61.92788314819336,50260,0.0,0.0
2015-06-08 00:00:00-04:00,62.02330017089844,62.40498347410467,61.641616867692214,62.02330017089844,46830,0.0,0.0
2015-06-09 00:00:00-04:00,61.64161510163071,62.30956268310547,61.64161510163071,62.30956268310547,25250,0.0,0.0
2015-06-10 00:00:00-04:00,62.214134494547395,62.882082055564325,62.11871549440299,62.78666305541992,34720,0.0,0.0
2015-06-11 00:00:00-04:00,62.691238695373,62.78666497844317,62.118717396968414,62.30956268310547,31990,0.0,0.0
2015-06-12 00:00:00-04:00,62.118717396968414,62.500400689239235,62.118717396968414,62.30956268310547,43310,0.0,0.0
2015-06-15 00:00:00-04:00,62.309566588966064,62.309566588966064,61.06909763132821,61.35536193847656,52190,0.0,0.0
2015-06-16 00:00:00-04:00,60.782833070433504,61.83246030273396,59.44694518932443,60.59199142456055,41060,0.0,0.0
2015-06-17 00:00:00-04:00,60.87825210403092,60.97367474701628,59.54236786225066,59.637786865234375,14880,0.0,0.0
2015-06-18 00:00:00-04:00,59.06526740388039,60.114891029344435,58.779003106024966,59.924049377441406,48110,0.0,0.0
2015-06-19 00:00:00-04:00,59.44694519042969,59.92404748512014,58.6835822469253,59.44694519042969,28190,0.0,0.0
2015-06-22 00:00:00-04:00,59.44694719102893,60.01947214792594,58.01564025878906,58.01564025878906,27000,0.0,0.0
2015-06-23 00:00:00-04:00,57.82479666048183,59.6377868363062,56.7751730681635,59.44694519042969,38710,0.0,0.0
2015-06-24 00:00:00-04:00,59.637788742307634,61.06909567212302,59.160686432369175,60.114891052246094,43670,0.0,0.0
2015-06-25 00:00:00-04:00,60.11489109761594,61.06909571821301,59.7332077933764,60.49657440185547,38820,0.0,0.0
2015-06-26 00:00:00-04:00,60.3057328528559,60.87825417019243,58.111062949730176,58.39732360839844,308950,0.0,0.0
2015-06-29 00:00:00-04:00,58.11106098089375,58.11106098089375,56.39348980707293,57.347694396972656,27990,0.0,0.0
2015-06-30 00:00:00-04:00,57.252277396417185,58.11106301336415,56.77517508478038,57.443119049072266,21680,0.0,0.0
2015-07-01 00:00:00-04:00,58.683580469710485,58.683580469710485,57.25227362898584,57.63395690917969,23300,0.0,0.0
2015-07-02 00:00:00-04:00,57.920221338301054,57.920221338301054,56.77517506281535,57.25227737426758,18440,0.0,0.0
2015-07-06 00:00:00-04:00,55.91638936350356,58.39732356338706,55.91638936350356,58.01564025878906,28720,0.0,0.0
2015-07-07 00:00:00-04:00,58.20648197450264,58.20648197450264,56.39349173568955,57.06143569946289,28250,0.0,0.0
2015-07-08 00:00:00-04:00,56.679756231067486,57.06143589740357,55.43928730547033,55.72555160522461,18840,0.0,0.0
2015-07-09 00:00:00-04:00,55.91638769309642,56.39348998959042,55.0576057434082,55.0576057434082,15620,0.0,0.0
2015-07-10 00:00:00-04:00,55.63012885015361,56.393491821338905,55.153026538162585,56.298072814941406,23410,0.0,0.0
2015-07-13 00:00:00-04:00,56.77517514905188,57.06143580835767,55.916389531132744,56.488914489746094,21700,0.0,0.0
2015-07-14 00:00:00-04:00,56.488912566130395,57.06143386524592,56.01181027020024,56.96601486206055,12870,0.0,0.0
2015-07-15 00:00:00-04:00,57.252275540098076,57.252275540098076,56.48891259423043,57.156856536865234,11990,0.0,0.0
2015-07-16 00:00:00-04:00,57.347696380557316,58.30190100346178,57.06143572168633,57.25227737426758,26330,0.0,0.0
2015-07-17 00:00:00-04:00,57.538537925648164,58.0156402362091,56.77517495675102,57.824798583984375,13260,0.0,0.0
2015-07-20 00:00:00-04:00,58.111062882322344,58.39732354065855,57.061435615087234,57.824798583984375,19640,0.0,0.0
2015-07-21 00:00:00-04:00,58.20648001304209,58.492740662155086,57.15685641962723,57.538536071777344,17280,0.0,0.0
2015-07-22 00:00:00-04:00,57.061433932682355,57.15685657598215,54.5805034469142,55.0576057434082,32230,0.0,0.0
2015-07-23 00:00:00-04:00,55.34386636004386,56.77517324866569,55.153024713560626,56.011810302734375,21800,0.0,0.0
2015-07-24 00:00:00-04:00,56.29806896457961,56.29806896457961,54.86676212649708,55.15302276611328,28160,0.0,0.0
2015-07-27 00:00:00-04:00,54.86676409681027,55.15302474670634,54.48508080361441,55.0576057434082,38200,0.0,0.0
2015-07-28 00:00:00-04:00,56.488912512368685,56.775173161654,54.86676397974967,55.43928527832031,80610,0.0,0.0
2015-07-29 00:00:00-04:00,55.153028359611234,57.156860320151885,55.153028359611234,56.775177001953125,21500,0.0,0.0
2015-07-30 00:00:00-04:00,56.48891442579864,57.63396070172734,56.011812114161835,57.443119049072266,14250,0.0,0.0
2015-07-31 00:00:00-04:00,57.53853612548708,59.16068465864377,57.44311712236089,59.06526565551758,75960,0.0,0.0
2015-08-03 00:00:00-04:00,59.35152624714651,59.54236789321483,58.111061007704876,58.6835823059082,19190,0.0,0.0
2015-08-04 00:00:00-04:00,58.49274257479136,59.5423698425293,57.82479861168572,59.5423698425293,28710,0.0,0.0
2015-08-05 00:00:00-04:00,61.259936574964286,68.60731686274288,60.591996221531616,68.32105255126953,170790,0.0,0.0
2015-08-06 00:00:00-04:00,68.22562977584236,70.13403900034145,68.22562977584236,70.03861999511719,51640,0.0,0.0
2015-08-07 00:00:00-04:00,69.56151974132656,69.9432030534882,68.79815311700328,68.98899841308594,34020,0.0,0.0
2015-08-10 00:00:00-04:00,69.17983802589211,71.37451166147366,69.17983802589211,70.61114501953125,59020,0.0,0.0
2015-08-11 00:00:00-04:00,70.32487876941224,71.46992870074816,69.37067413330078,69.37067413330078,19300,0.0,0.0
2015-08-12 00:00:00-04:00,68.89357397646741,70.80198330855796,67.08059093498447,69.46610260009766,40140,0.0,0.0
2015-08-13 00:00:00-04:00,69.1798324584961,69.94319903900494,68.89356817080447,69.1798324584961,38290,0.0,0.0
2015-08-14 00:00:00-04:00,68.98899623131437,69.46609853642718,68.51189392620155,68.89356994628906,44140,0.0,0.0
2015-08-17 00:00:00-04:00,68.51189020345103,70.80197531955278,68.41646392361093,70.22945404052734,80610,0.0,0.0
2015-08-18 00:00:00-04:00,70.51571839020471,70.51571839020471,68.60730927155237,68.70272827148438,21240,0.0,0.0
2015-08-19 00:00:00-04:00,68.79814542883494,69.37066669309652,67.36683862817955,68.60730743408203,17340,0.0,0.0
2015-08-20 00:00:00-04:00,68.03478611768492,68.22562411229158,66.60347931812635,66.69889831542969,17160,0.0,0.0
2015-08-21 00:00:00-04:00,65.84012187851468,68.7027358732327,65.74470286802485,68.32105255126953,23870,0.0,0.0
2015-08-24 00:00:00-04:00,66.03095273393899,68.60730941760613,65.07674817258147,65.64927673339844,24260,0.0,0.0
2015-08-25 00:00:00-04:00,66.79432292476544,66.79432292476544,64.98133270366397,65.07675170898438,19370,0.0,0.0
2015-08-26 00:00:00-04:00,66.12638270458801,67.08058731919965,64.69507578267054,65.84011840820312,26850,0.0,0.0
2015-08-27 00:00:00-04:00,66.31721480222542,66.50805279612999,64.98132700488507,65.55384826660156,14240,0.0,0.0
2015-08-28 00:00:00-04:00,65.26759694203582,67.55768946772196,64.88591364108755,67.3668441772461,12300,0.0,0.0
2015-08-31 00:00:00-04:00,67.27142322037524,67.55768750778238,66.31721863568906,66.508056640625,22740,0.0,0.0
2015-09-01 00:00:00-04:00,65.55385401558985,66.31722061815998,64.5996494023789,65.07675170898438,16800,0.0,0.0
2015-09-02 00:00:00-04:00,65.64928222127074,66.22180354994387,64.50423228392081,65.93553924560547,13150,0.0,0.0
2015-09-03 00:00:00-04:00,66.12638265633659,67.3668442864245,64.88591374624522,65.45843505859375,17060,0.0,0.0
2015-09-04 00:00:00-04:00,64.88590811270254,65.649274649559,64.21796785295527,64.40880584716797,12650,0.0,0.0
2015-09-08 00:00:00-04:00,65.26759709543684,66.60348501189382,64.69507578267054,65.84011840820312,19990,0.0,0.0
2015-09-09 00:00:00-04:00,66.41263775610041,68.41646593149936,65.55385217235708,67.27142333984375,26830,0.0,0.0
2015-09-10 00:00:00-04:00,67.27142542660665,68.13021103698956,65.93553750823362,66.60348510742188,13450,0.0,0.0
2015-09-11 00:00:00-04:00,66.03095273393899,66.88973829516138,64.59964589190272,65.64927673339844,15150,0.0,0.0
2015-09-14 00:00:00-04:00,66.31722093910261,66.41263994488479,62.97750477670176,63.359188079833984,15920,0.0,0.0
2015-09-15 00:00:00-04:00,63.26376881459048,66.12638265633659,63.26376881459048,65.45843505859375,18690,0.0,0.0
2015-09-16 00:00:00-04:00,65.36301416708223,67.55768762775928,64.31339057806404,67.27142333984375,29010,0.0,0.0
2015-09-17 00:00:00-04:00,67.08059114691534,69.17983850684566,66.69890782329058,67.55769348144531,21680,0.0,0.0
2015-09-18 00:00:00-04:00,66.41263385784598,68.03478592747898,65.9355315926603,67.4622573852539,44710,0.0,0.0
2015-09-21 00:00:00-04:00,67.74852189768822,68.8935644262114,67.462257625556,68.60730743408203,27820,0.0,0.0
2015-09-22 00:00:00-04:00,68.22562585147583,69.46609468804932,67.65310457305846,67.93936157226562,23990,0.0,0.0
2015-09-23 00:00:00-04:00,67.74852955770149,68.70273419935926,65.55385596988715,66.31722259521484,20420,0.0,0.0
2015-09-24 00:00:00-04:00,65.9355374136636,66.88974202827524,65.64928039728218,65.84011840820312,12810,0.0,0.0
2015-09-25 00:00:00-04:00,66.31722464515697,66.31722464515697,63.74087494504451,64.50423431396484,22250,0.0,0.0
2015-09-28 00:00:00-04:00,64.69507600079503,64.98133301814157,63.16834278826612,63.359188079833984,16680,0.0,0.0
2015-09-29 00:00:00-04:00,63.35918612881494,64.50422872294884,61.832460243301995,62.50040054321289,17680,0.0,0.0
2015-09-30 00:00:00-04:00,62.882081915595336,64.88591003417969,62.40497963593225,64.88591003417969,23170,0.0,0.0
2015-10-01 00:00:00-04:00,64.69507397895092,65.07674999015154,62.786664802934695,63.45460510253906,25450,0.0,0.0
2015-10-02 00:00:00-04:00,62.50040029694436,66.60348292309621,61.54619571225819,66.508056640625,45610,0.0,0.0
2015-10-05 00:00:00-04:00,67.27142345663134,68.41646605027482,65.55385228616285,68.0347900390625,26790,0.0,0.0
2015-10-06 00:00:00-04:00,67.74852935637632,68.51189597943555,66.88974372543561,67.84394836425781,13220,0.0,0.0
2015-10-07 00:00:00-04:00,67.8439425725299,68.22562585147583,66.79431901543087,67.93936157226562,15160,0.0,0.0
2015-10-08 00:00:00-04:00,67.36684239824918,67.65310668640169,64.88591192760607,65.3630142211914,14760,0.0,0.0
2015-10-09 00:00:00-04:00,65.17217609723647,65.84011639503993,62.97750263873384,64.59964752197266,14880,0.0,0.0
2015-10-12 00:00:00-04:00,64.0271265158071,64.59964781365271,62.5004006282177,64.21797180175781,12310,0.0,0.0
2015-10-13 00:00:00-04:00,63.45460903984825,64.21797566962235,62.59582340135332,62.88208770751953,7490,0.0,0.0
2015-10-14 00:00:00-04:00,62.786664772891534,63.83628836319756,61.73703390258225,62.118717193603516,10320,0.0,0.0
2015-10-15 00:00:00-04:00,61.83246396645221,64.12254929261408,61.73703767785904,63.8362922668457,11860,0.0,0.0
2015-10-16 00:00:00-04:00,63.74087123105443,65.45843517105078,62.21413802216415,63.550025939941406,9670,0.0,0.0
2015-10-19 00:00:00-04:00,62.977500915527344,64.02712447478552,62.40497963593225,63.931705474853516,9390,0.0,0.0
2015-10-20 00:00:00-04:00,63.64544322390893,65.1721763915016,63.35918621498776,64.21797180175781,9510,0.0,0.0
2015-10-21 00:00:00-04:00,64.21797354795827,64.50423056466326,61.546197712024046,62.21413803100586,10590,0.0,0.0
2015-10-22 00:00:00-04:00,62.5958233151716,64.88591592133719,62.309566289403215,63.8362922668457,9520,0.0,0.0
2015-10-23 00:00:00-04:00,64.69507966605119,65.45843903555975,63.64544870297056,65.2676010131836,11630,0.0,0.0
2015-10-26 00:00:00-04:00,64.88591772746372,65.0767557499547,62.118722721321106,63.1683464050293,11890,0.0,0.0
2015-10-27 00:00:00-04:00,63.07292390257787,64.02712852222353,61.2599336692504,61.45077896118164,9010,0.0,0.0
2015-10-28 00:00:00-04:00,61.737039311619384,64.5996533250794,60.210313293774824,64.50423431396484,16920,0.0,0.0
2015-10-29 00:00:00-04:00,64.79049485216389,66.88974209438281,62.882085621054514,63.550025939941406,20820,0.0,0.0
2015-10-30 00:00:00-04:00,63.74087499416255,65.2676010131836,63.168346367026246,65.2676010131836,17170,0.0,0.0
2015-11-02 00:00:00-05:00,65.55385785241633,67.74853150325575,64.98133650698114,67.55769348144531,23750,0.0,0.0
2015-11-03 00:00:00-05:00,67.0805892944336,68.1302129454126,66.88974399788961,67.0805892944336,10860,0.0,0.0
2015-11-04 00:00:00-05:00,66.69890029489109,66.88973829516138,65.36301245298996,65.64927673339844,9310,0.0,0.0
2015-11-05 00:00:00-05:00,66.22180365999489,68.22563195368274,65.45843703382634,67.0805892944336,18060,0.0,0.0
2015-11-06 00:00:00-05:00,67.74852189768822,68.79814542883494,67.462257625556,68.60730743408203,24090,0.0,0.0
2015-11-09 00:00:00-05:00,69.17983454415432,69.46609884047635,68.03479191887315,68.51189422607422,17560,0.0,0.0
2015-11-10 00:00:00-05:00,68.22562973481658,68.22562973481658,66.41263951663196,66.98516082763672,8940,0.0,0.0
2015-11-11 00:00:00-05:00,67.27142129411253,68.70272813015747,66.12637873727778,67.93936157226562,7590,0.0,0.0
2015-11-12 00:00:00-05:00,67.55768956422634,69.27525350094184,66.88974196661188,68.13021087646484,16500,0.0,0.0
2015-11-13 00:00:00-05:00,67.74853150325575,68.32105284869093,67.46226719053621,67.55769348144531,14200,0.0,0.0
2015-11-16 00:00:00-05:00,67.74852762255112,68.79815124239278,67.17600630991055,68.51189422607422,10990,0.0,0.0
2015-11-17 00:00:00-05:00,68.51189204167781,68.70273004647228,67.27142317050411,68.41646575927734,16820,0.0,0.0
2015-11-18 00:00:00-05:00,68.6073151009243,69.27525543720442,67.55769145248253,68.98899841308594,22780,0.0,0.0
2015-11-19 00:00:00-05:00,69.08441949594044,69.37067652865609,67.46226719053621,67.55769348144531,12020,0.0,0.0
2015-11-20 00:00:00-05:00,67.9393674846405,70.42030537368935,67.55769145248253,68.98899841308594,42610,0.0,0.0
2015-11-23 00:00:00-05:00,68.79815103908305,70.42030324677503,68.51189402361044,69.65693664550781,30530,0.0,0.0
2015-11-24 00:00:00-05:00,69.65693475131332,70.32487504925611,68.98899445337051,69.1798324584961,24200,0.0,0.0
2015-11-25 00:00:00-05:00,68.89356817080447,70.13403704413052,67.08058528210165,69.1798324584961,23180,0.0,0.0
2015-11-27 00:00:00-05:00,69.46609863519274,70.2294579564565,68.79815103908305,69.65693664550781,10070,0.0,0.0
2015-11-30 00:00:00-05:00,70.13403704413052,70.22945604669331,68.98899445337051,69.1798324584961,24300,0.0,0.0
2015-12-01 00:00:00-05:00,69.08441332069914,77.29057128509085,69.08441332069914,77.19515228271484,113660,0.0,0.0
2015-12-02 00:00:00-05:00,77.09973338305835,78.72187826562138,71.75618188284389,73.37833404541016,52710,0.0,0.0
2015-12-03 00:00:00-05:00,73.4737546866631,77.19515410731294,73.37833568203175,74.6187973022461,35580,0.0,0.0
2015-12-04 00:00:00-05:00,74.23711762757739,81.29822554258863,74.23711762757739,80.15318298339844,40180,0.0,0.0
2015-12-07 00:00:00-05:00,80.53487033857832,80.53487033857832,74.71422368813677,75.38216400146484,39550,0.0,0.0
2015-12-08 00:00:00-05:00,74.52338078897162,75.76384973065892,68.41646964836369,70.89740753173828,87510,0.0,0.0
2015-12-09 00:00:00-05:00,72.71039056625031,77.86309707189093,66.60348670179114,67.84394836425781,79710,0.0,0.0
2015-12-10 00:00:00-05:00,67.93935965043958,68.41646191562526,64.40880580006669,67.4622573852539,38570,0.0,0.0
2015-12-11 00:00:00-05:00,66.31722061815998,67.3668442366913,64.88591369834357,65.07675170898438,21330,0.0,0.0
2015-12-14 00:00:00-05:00,64.40881344037832,65.45843709229487,63.16834449174734,64.02713012695312,24960,0.0,0.0
2015-12-15 00:00:00-05:00,64.31339450385839,65.64928246233688,63.64544688461729,64.79049682617188,21030,0.0,0.0
2015-12-16 00:00:00-05:00,65.17218383694335,65.93554322794459,63.45461246718336,65.74470520019531,14170,0.0,0.0
2015-12-17 00:00:00-05:00,65.9355376840478,67.27142560598291,63.74087142944336,63.74087142944336,16980,0.0,0.0
2015-12-18 00:00:00-05:00,63.55002599702706,64.12254731087346,62.309564363693774,62.595821380615234,38360,0.0,0.0
2015-12-21 00:00:00-05:00,63.359189837024566,64.79049680346336,62.1187208874428,62.69124221801758,16950,0.0,0.0
2015-12-22 00:00:00-05:00,62.97750084185374,63.263765121317924,59.63778488811907,59.73320388793945,25150,0.0,0.0
2015-12-23 00:00:00-05:00,60.305730963570305,60.6874106165033,56.679754240697754,57.156856536865234,46380,0.0,0.0
2015-12-24 00:00:00-05:00,57.53853595530229,60.687410369174245,57.443116952458325,60.21030807495117,15520,0.0,0.0
2015-12-28 00:00:00-05:00,59.54237195888941,60.78283728303255,55.43928902825936,56.775177001953125,55710,0.0,0.0
2015-12-29 00:00:00-05:00,57.34769249346953,61.164510726379355,57.252273493647394,60.687408447265625,40900,0.0,0.0
2015-12-30 00:00:00-05:00,61.35536007953007,61.35536007953007,59.25610554405419,59.5423698425293,25990,0.0,0.0
2015-12-31 00:00:00-05:00,59.446945220974705,59.63778686694927,58.01563833616792,58.492740631103516,23310,0.0,0.0
2016-01-04 00:00:00-05:00,57.729379685719806,58.68358430862427,57.25227737426758,57.25227737426758,33090,0.0,0.0
2016-01-05 00:00:00-05:00,57.4431171579907,58.01563845710622,55.63012697745546,56.96601486206055,24530,0.0,0.0
2016-01-06 00:00:00-05:00,55.057605682385685,57.34769451901771,54.86676403599927,55.82096862792969,32300,0.0,0.0
2016-01-07 00:00:00-05:00,54.86676212649708,56.584329604195815,54.77134312662552,55.15302276611328,19960,0.0,0.0
2016-01-08 00:00:00-05:00,55.63012902981764,55.916389689936416,53.053775808745094,53.2446174621582,23890,0.0,0.0
2016-01-11 00:00:00-05:00,52.95835486042083,54.29424274533301,52.67209421079727,53.53087615966797,13300,0.0,0.0
2016-01-12 00:00:00-05:00,53.91255945250049,54.38966174854032,52.57667156758831,53.53087615966797,13500,0.0,0.0
2016-01-13 00:00:00-05:00,53.91255960813087,54.29424290206521,52.00415041846252,52.19499206542969,26570,0.0,0.0
2016-01-14 00:00:00-05:00,52.862937729265745,55.53470995370478,51.622468803631754,54.198822021484375,17880,0.0,0.0
2016-01-15 00:00:00-05:00,52.9583529740823,54.103399171792496,51.71788777656356,54.00797653198242,27320,0.0,0.0
2016-01-19 00:00:00-05:00,53.721719797196265,55.91638971232117,52.95835682324001,53.43545913696289,22540,0.0,0.0
2016-01-20 00:00:00-05:00,52.4812544437877,55.248449315915394,51.52704981753701,54.38966369628906,31550,0.0,0.0
2016-01-21 00:00:00-05:00,54.58050546675241,54.67592447358168,52.19499389600276,52.29041290283203,18620,0.0,0.0
2016-01-22 00:00:00-05:00,53.14919838744849,56.298072924729624,53.14919838744849,55.72555160522461,22130,0.0,0.0
2016-01-25 00:00:00-05:00,54.007978507120406,56.20265198299414,53.817140500524125,55.0576057434082,15740,0.0,0.0
2016-01-26 00:00:00-05:00,55.15302660259552,56.011812221183355,54.1988219774987,55.343868255615234,10350,0.0,0.0
2016-01-27 00:00:00-05:00,54.866764068603516,56.48891260384952,54.29424276910571,54.866764068603516,13650,0.0,0.0
2016-01-28 00:00:00-05:00,55.248447272131195,56.10722921998716,54.10340103498826,55.43928527832031,13080,0.0,0.0
2016-01-29 00:00:00-05:00,55.53470967729295,57.824798583984375,54.19882175172164,57.824798583984375,24770,0.0,0.0
2016-02-01 00:00:00-05:00,57.06143386524592,57.34769451480368,55.24844732471233,56.96601486206055,15670,0.0,0.0
2016-02-02 00:00:00-05:00,56.39349001838177,56.48891266173028,54.962183128169016,55.24844741821289,9620,0.0,0.0
2016-02-03 00:00:00-05:00,56.011810302734375,56.77517324866569,54.67592241735335,56.011810302734375,24190,0.0,0.0
2016-02-04 00:00:00-05:00,56.10723118400386,57.252277461228786,55.343868212521166,56.488914489746094,21570,0.0,0.0
2016-02-05 00:00:00-05:00,54.294242978740925,54.48508098597594,48.75985340888558,50.286582946777344,46930,0.0,0.0
2016-02-08 00:00:00-05:00,50.00032032934817,50.00032032934817,48.56901349137066,49.42779541015625,24990,0.0,0.0
2016-02-09 00:00:00-05:00,48.75985149042129,49.809478688924436,48.187330211238866,48.47359085083008,25540,0.0,0.0
2016-02-10 00:00:00-05:00,50.191162418696166,51.62246937329778,47.99649248297404,48.091915130615234,25830,0.0,0.0
2016-02-11 00:00:00-05:00,47.99649429321289,48.664438291886235,47.32855029453955,47.99649429321289,28420,0.0,0.0
2016-02-12 00:00:00-05:00,48.187332180597544,48.95069513070569,47.32854658672484,48.378173828125,19370,0.0,0.0
2016-02-16 00:00:00-05:00,48.85527799515722,49.904901636693076,48.37817567809515,48.66443634033203,26780,0.0,0.0
2016-02-17 00:00:00-05:00,48.473592677391,50.0003222127429,48.473592677391,49.71405792236328,19720,0.0,0.0
2016-02-18 00:00:00-05:00,50.28658287576134,53.14919666026387,49.90489958182701,52.19499206542969,19180,0.0,0.0
2016-02-19 00:00:00-05:00,51.90873330525608,53.149198595712186,51.24078933654839,51.33620834350586,12760,0.0,0.0
2016-02-22 00:00:00-05:00,51.71788980385122,52.19499210159892,51.049945859004104,51.240787506103516,15030,0.0,0.0
2016-02-23 00:00:00-05:00,51.145362994022214,52.7675114751016,50.286581073451856,50.954524993896484,15500,0.0,0.0
2016-02-24 00:00:00-05:00,50.66826428615844,52.576673541983645,49.904901311828716,52.099571228027344,12840,0.0,0.0
2016-02-25 00:00:00-05:00,52.09956944963068,53.14919668850703,51.33620650135802,52.385833740234375,9430,0.0,0.0
2016-02-26 00:00:00-05:00,52.767513246876945,54.00797848935293,51.81330865420285,52.5766716003418,15470,0.0,0.0
2016-02-29 00:00:00-05:00,52.57667169851426,53.53087629297006,50.66826250960265,50.85910415649414,15850,0.0,0.0
2016-03-01 00:00:00-05:00,51.049943923950195,52.67209240280499,50.95452492401819,52.48125076293945,17500,0.0,0.0
2016-03-02 00:00:00-05:00,52.4812526877867,53.24461563524508,51.14536479973329,52.004150390625,20040,0.0,0.0
2016-03-03 00:00:00-05:00,52.099567553343576,53.14919475401626,51.52704627297776,51.908729553222656,27790,0.0,0.0
2016-03-04 00:00:00-05:00,52.09956939405668,52.76751333808339,51.71788974032832,52.004150390625,17390,0.0,0.0
2016-03-07 00:00:00-05:00,52.004148553283116,53.14919475401626,51.813306913160666,51.908729553222656,13560,0.0,0.0
2016-03-08 00:00:00-05:00,52.95835698457335,53.43545929974969,51.43163103200979,51.717891693115234,18850,0.0,0.0
2016-03-09 00:00:00-05:00,52.09957129789337,52.38583559865246,50.95452865486416,51.14536666870117,11880,0.0,0.0
2016-03-10 00:00:00-05:00,50.57284171496554,52.004148555955126,49.71405615437117,50.00032043457031,15680,0.0,0.0
2016-03-11 00:00:00-05:00,50.38200185926623,50.954526799940716,50.19116021237474,50.85910415649414,7390,0.0,0.0
2016-03-14 00:00:00-04:00,50.57284357874528,50.859104229492566,48.664434387094516,48.9506950378418,20280,0.0,0.0
2016-03-15 00:00:00-04:00,48.66443450674617,49.61863910491766,47.90107155620931,48.56901550292969,13840,0.0,0.0
2016-03-16 00:00:00-04:00,48.56901349069483,49.046115770014026,48.09191121137563,48.47359085083008,10070,0.0,0.0
2016-03-17 00:00:00-04:00,48.1873339506296,49.80948255419571,48.1873339506296,49.6186408996582,10730,0.0,0.0
2016-03-18 00:00:00-04:00,49.904899661735804,50.47742460355405,49.04611770901094,49.141536712646484,23880,0.0,0.0
2016-03-21 00:00:00-04:00,49.14153680583192,49.71405810873414,48.2827512114769,48.56901550292969,14870,0.0,0.0
2016-03-22 00:00:00-04:00,48.28275297754342,50.09574323638473,48.28275297754342,49.80948257446289,33550,0.0,0.0
2016-03-23 00:00:00-04:00,49.618642964276155,49.618642964276155,47.99649429321289,47.99649429321289,71420,0.0,0.0
2016-03-24 00:00:00-04:00,47.99648857151088,48.85527413028605,47.51938629219168,48.47359085083008,71440,0.0,0.0
2016-03-28 00:00:00-04:00,48.85527619423812,50.382002096557386,47.519388299707515,47.614810943603516,107800,0.0,0.0
2016-03-29 00:00:00-04:00,47.61481277344457,48.664436416625975,47.42397111832018,47.71023178100586,95160,0.0,0.0
2016-03-30 00:00:00-04:00,48.091913243078494,48.85527619423812,47.328546651917186,47.614810943603516,58980,0.0,0.0
2016-03-31 00:00:00-04:00,47.90107343613025,49.33238038956042,47.61481277344457,47.71023178100586,46320,0.0,0.0
2016-04-01 00:00:00-04:00,47.42397111832018,47.90107343613025,47.2331294631958,47.71023178100586,28880,0.0,0.0
2016-04-04 00:00:00-04:00,47.90107148248397,51.52704822195451,47.233127536791635,50.47742462158203,158470,0.0,0.0
2016-04-05 00:00:00-04:00,50.09574133696652,50.95452693017233,48.569015437935825,49.33237838745117,33690,0.0,0.0
2016-04-06 00:00:00-04:00,49.046115770696495,50.095739329212726,48.66443249123522,49.42779541015625,19950,0.0,0.0
2016-04-07 00:00:00-04:00,50.095741347511215,50.19116035122009,47.710229854772585,48.18733215332031,30800,0.0,0.0
2016-04-08 00:00:00-04:00,48.569013561129104,48.569013561129104,47.5193863611038,47.90106964111328,18670,0.0,0.0
2016-04-11 00:00:00-04:00,48.187330280433144,50.28658104045232,47.901069640430876,48.85527420043945,14110,0.0,0.0
2016-04-12 00:00:00-04:00,48.66443249055806,49.046115770014026,48.187330211238866,48.47359085083008,9510,0.0,0.0
2016-04-13 00:00:00-04:00,57.252277289594815,58.492742569535686,54.48508243126369,58.01564025878906,187270,0.0,0.0
2016-04-14 00:00:00-04:00,58.20648010347861,58.68358239940876,56.01181027020024,56.96601486206055,55640,0.0,0.0
2016-04-15 00:00:00-04:00,56.966012955612406,56.966012955612406,55.24844547574501,55.534706115722656,26990,0.0,0.0
2016-04-18 00:00:00-04:00,55.05760777523402,55.72555174297551,53.72171983975103,53.817142486572266,25600,0.0,0.0
2016-04-19 00:00:00-04:00,53.91255756777539,55.43928340572948,52.9583530090537,55.15302276611328,23680,0.0,0.0
2016-04-20 00:00:00-04:00,55.34386814739418,56.011812111656184,54.866765835778715,55.91638946533203,31380,0.0,0.0
2016-04-21 00:00:00-04:00,55.91638760255756,55.91638760255756,54.86676400797095,55.630126953125,33620,0.0,0.0
2016-04-22 00:00:00-04:00,55.34386627522575,56.0118102168926,54.67592233355891,55.43928527832031,17520,0.0,0.0
2016-04-25 00:00:00-04:00,55.057607552440956,56.39349184251645,54.771346893139196,54.96218490600586,23640,0.0,0.0
2016-04-26 00:00:00-04:00,55.15302276611328,55.53470604560256,54.38965984713623,55.15302276611328,15930,0.0,0.0
2016-04-27 00:00:00-04:00,54.86676400797095,56.01181024570285,54.38966171224946,55.630126953125,11980,0.0,0.0
2016-04-28 00:00:00-04:00,55.439287372798205,56.20265398640099,54.4850827457965,54.77134704589844,19650,0.0,0.0
2016-04-29 00:00:00-04:00,54.67592435616392,55.0576076626649,54.198822043038575,54.38966369628906,24090,0.0,0.0
2016-05-02 00:00:00-04:00,54.96218310010841,55.630127043200346,53.912559503822266,55.0576057434082,14770,0.0,0.0
2016-05-03 00:00:00-04:00,54.86676401159722,55.24844730420029,54.29424271269425,54.48508071899414,19880,0.0,0.0
2016-05-04 00:00:00-04:00,54.48508268124538,55.15302664735558,53.91256136172337,54.198822021484375,19790,0.0,0.0
2016-05-05 00:00:00-04:00,54.38966180031627,55.91638769309642,54.19882015371834,55.0576057434082,22780,0.0,0.0
2016-05-06 00:00:00-04:00,52.48125079713257,54.00797663704854,50.09573939726291,53.62629699707031,63380,0.0,0.0
2016-05-09 00:00:00-04:00,53.244617595022966,53.435459248912295,52.19499395863433,52.862937927246094,26490,0.0,0.0
2016-05-10 00:00:00-04:00,52.76751711837909,53.24461944972067,52.09957312650048,53.149200439453125,32180,0.0,0.0
2016-05-11 00:00:00-04:00,52.95835877891611,54.10340510213629,52.57667545784207,53.149200439453125,29120,0.0,0.0
2016-05-12 00:00:00-04:00,53.244615606533586,53.244615606533586,51.43162906229776,51.81330871582031,31880,0.0,0.0
2016-05-13 00:00:00-04:00,51.52705011113891,52.290413088488755,50.66826448661921,50.76368713378906,28330,0.0,0.0
2016-05-16 00:00:00-04:00,50.76368700102537,51.717891630217565,50.286584686429265,51.14536666870117,23420,0.0,0.0
2016-05-17 00:00:00-04:00,51.14536299536076,51.33620463549301,49.90489779450343,50.00032043457031,24850,0.0,0.0
2016-05-18 00:00:00-04:00,50.00032409527235,51.049947732844124,49.90490144821922,50.191162109375,19340,0.0,0.0
2016-05-19 00:00:00-04:00,50.19116224369141,50.477426545615046,49.618640919847735,49.80948257446289,15500,0.0,0.0
2016-05-20 00:00:00-04:00,49.904899679559314,50.66826262892127,49.714058032218404,50.47742462158203,9990,0.0,0.0
2016-05-23 00:00:00-04:00,50.47742260934978,51.24078552828103,49.618637050551165,50.38199996948242,14420,0.0,0.0
2016-05-24 00:00:00-04:00,50.477424495708235,52.57667169121838,50.477424495708235,52.004150390625,13650,0.0,0.0
2016-05-25 00:00:00-04:00,52.29041104092169,52.57667169121838,50.000322198546534,52.004150390625,18370,0.0,0.0
2016-05-26 00:00:00-04:00,52.00415032859858,53.053773925101744,50.668262442138506,52.767513275146484,30930,0.0,0.0
2016-05-27 00:00:00-04:00,52.767513269575545,54.10340115589459,52.767513269575545,53.912559509277344,25920,0.0,0.0
2016-05-31 00:00:00-04:00,54.294240811411115,55.24844536950268,53.53087425293664,54.00797653198242,21880,0.0,0.0
2016-06-01 00:00:00-04:00,53.81714255669095,54.485082885300926,52.76751528030053,52.862937927246094,21290,0.0,0.0
2016-06-02 00:00:00-04:00,53.05377587200954,53.91256149339171,52.38583554426983,53.817142486572266,21800,0.0,0.0
2016-06-03 00:00:00-04:00,53.721715997064486,53.91255763705437,52.9583530771065,53.62629699707031,9650,0.0,0.0
2016-06-06 00:00:00-04:00,53.626302540061495,55.057609527927895,51.3362099034745,54.675926208496094,18790,0.0,0.0
2016-06-07 00:00:00-04:00,54.48508086570046,54.96218316273812,54.29424285888672,54.29424285888672,9830,0.0,0.0
2016-06-08 00:00:00-04:00,53.72171780608423,54.485080751747624,53.14919650683709,53.53087615966797,17450,0.0,0.0
2016-06-09 00:00:00-04:00,53.34004013021903,54.580505417898166,53.34004013021903,53.43545913696289,14380,0.0,0.0
2016-06-10 00:00:00-04:00,52.86293594042617,54.866764130947054,52.86293594042617,54.10340118408203,18740,0.0,0.0
2016-06-13 00:00:00-04:00,53.81714041694123,54.96218301474716,53.62629877063969,54.48508071899414,21490,0.0,0.0
2016-06-14 00:00:00-04:00,54.48508259383566,55.24844920530939,54.38966358740233,54.96218490600586,14810,0.0,0.0
2016-06-15 00:00:00-04:00,54.96218499254889,56.77517523765106,54.96218499254889,55.72555160522461,20860,0.0,0.0
2016-06-16 00:00:00-04:00,55.82097213223103,58.5881670785475,54.96218648958057,58.301902770996094,30850,0.0,0.0
2016-06-17 00:00:00-04:00,58.30190100346178,58.30190100346178,57.25227737426758,57.25227737426758,27210,0.0,0.0
2016-06-20 00:00:00-04:00,57.729377715568226,59.065265598044846,57.538536069499905,58.6835823059082,35930,0.0,0.0
2016-06-21 00:00:00-04:00,58.874423951976524,59.065265598044846,58.20648001073822,58.6835823059082,15700,0.0,0.0
2016-06-22 00:00:00-04:00,58.7790050969126,59.63779073956306,58.111064752630995,58.301902770996094,26100,0.0,0.0
2016-06-23 00:00:00-04:00,58.492740631103516,59.16068457201367,58.11106097915602,58.492740631103516,36030,0.0,0.0
2016-06-24 00:00:00-04:00,56.20265370114852,57.72937964060174,54.19882181061418,56.8705940246582,94530,0.0,0.0
2016-06-27 00:00:00-04:00,56.58433547129961,57.06143780013013,56.107233142469084,56.20265579223633,35450,0.0,0.0
2016-06-28 00:00:00-04:00,56.584331569315765,57.4431171579907,56.488912566130395,56.96601486206055,18930,0.0,0.0
2016-06-29 00:00:00-04:00,57.729379685719806,57.920221338301054,56.96601671539659,57.25227737426758,22950,0.0,0.0
2016-06-30 00:00:00-04:00,57.06143199005363,57.538534270304915,56.01180842950141,56.679752349853516,15460,0.0,0.0
2016-07-01 00:00:00-04:00,56.393488035655594,57.252273595590054,55.534706115722656,55.534706115722656,18190,0.0,0.0
2016-07-05 00:00:00-04:00,55.0576057434082,55.630127043200346,54.77134509351213,55.0576057434082,9910,0.0,0.0
2016-07-06 00:00:00-04:00,54.67592435616392,55.34386832253975,54.198822043038575,54.38966369628906,15570,0.0,0.0
2016-07-07 00:00:00-04:00,60.114891090700354,61.16451471723569,58.39732350182356,58.969844818115234,122240,0.0,0.0
2016-07-08 00:00:00-04:00,60.401149720640724,60.401149720640724,58.874423835127544,60.21030807495117,42320,0.0,0.0
2016-07-11 00:00:00-04:00,60.87825008691142,61.25992972620149,60.01946816850762,60.687408447265625,49820,0.0,0.0
2016-07-12 00:00:00-04:00,60.87825198588012,62.309562507869536,59.92404739788826,61.164512634277344,57950,0.0,0.0
2016-07-13 00:00:00-04:00,61.54619583866624,61.92787912932529,60.59199125202026,61.73703384399414,40020,0.0,0.0
2016-07-14 00:00:00-04:00,62.127779367844376,64.66759281803895,62.127779367844376,63.39768981933594,26100,1.5,0.0
2016-07-15 00:00:00-04:00,63.690738677978516,64.66759054391554,63.49537128590642,63.690738677978516,31150,0.0,0.0
2016-07-18 00:00:00-04:00,63.49537580889315,65.5467633829304,63.39769210589877,65.15602111816406,46420,0.0,0.0
2016-07-19 00:00:00-04:00,64.96064880161899,65.25370734123783,62.71388653864318,63.20231246948242,23420,0.0,0.0
2016-07-20 00:00:00-04:00,63.49537175642956,63.88611399625756,62.909262123081724,63.10462951660156,20430,0.0,0.0
2016-07-21 00:00:00-04:00,63.10462978642135,64.66759129962786,62.71388754492263,63.593055725097656,30730,0.0,0.0
2016-07-22 00:00:00-04:00,63.495373258048744,63.983799206187584,62.1277791127023,62.909263610839844,21870,0.0,0.0
2016-07-25 00:00:00-04:00,62.909263348445364,63.39768929454698,62.030095154904764,62.42083740234375,16160,0.0,0.0
2016-07-26 00:00:00-04:00,62.32315097762344,63.49537401236128,62.32315097762344,62.811580657958984,11540,0.0,0.0
2016-07-27 00:00:00-04:00,63.20231218966313,63.593054423162215,62.1277766371318,62.71388626098633,14740,0.0,0.0
2016-07-28 00:00:00-04:00,62.61620284303299,63.39768731349107,62.127776912193745,63.20231246948242,22460,0.0,0.0
2016-07-29 00:00:00-04:00,63.39768674649438,63.69073783070407,62.127776356554484,63.30000305175781,43400,0.0,0.0
2016-08-01 00:00:00-04:00,50.0,54.29999923706055,49.29999923706055,51.0,70010,1.5,0.0
2016-08-02 00:00:00-04:00,50.599998474121094,51.5,49.20000076293945,49.79999923706055,44550,0.0,0.0
2016-08-03 00:00:00-04:00,49.900001525878906,51.29999923706055,49.5,50.900001525878906,25500,0.0,0.0
2016-08-04 00:00:00-04:00,51.400001525878906,53.0,50.599998474121094,52.599998474121094,45480,0.0,0.0
2016-08-05 00:00:00-04:00,52.0,52.0,49.0,49.29999923706055,63180,0.0,0.0
2016-08-08 00:00:00-04:00,49.5,51.29999923706055,49.20000076293945,50.400001525878906,52340,0.0,0.0
2016-08-09 00:00:00-04:00,49.900001525878906,52.0,49.599998474121094,51.400001525878906,29140,0.0,0.0
2016-08-10 00:00:00-04:00,51.599998474121094,51.599998474121094,50.29999923706055,50.5,13680,0.0,0.0
2016-08-11 00:00:00-04:00,50.599998474121094,50.900001525878906,50.0,50.599998474121094,16840,0.0,0.0
2016-08-12 00:00:00-04:00,50.79999923706055,53.0,50.70000076293945,52.400001525878906,93070,0.0,0.0
2016-08-15 00:00:00-04:00,52.20000076293945,53.70000076293945,51.5,51.70000076293945,52700,0.0,0.0
2016-08-16 00:00:00-04:00,51.5,52.099998474121094,51.0,51.5,34960,0.0,0.0
2016-08-17 00:00:00-04:00,51.20000076293945,51.900001525878906,50.5,51.099998474121094,23590,0.0,0.0
2016-08-18 00:00:00-04:00,51.20000076293945,51.5,50.70000076293945,51.20000076293945,14680,0.0,0.0
2016-08-19 00:00:00-04:00,51.0,51.400001525878906,50.5,50.900001525878906,17530,0.0,0.0
2016-08-22 00:00:00-04:00,50.79999923706055,50.79999923706055,50.0,50.400001525878906,18280,0.0,0.0
2016-08-23 00:00:00-04:00,50.099998474121094,51.099998474121094,50.099998474121094,50.70000076293945,20820,0.0,0.0
2016-08-24 00:00:00-04:00,50.20000076293945,50.70000076293945,49.79999923706055,50.099998474121094,19350,0.0,0.0
2016-08-25 00:00:00-04:00,50.20000076293945,50.20000076293945,49.79999923706055,50.0,20940,0.0,0.0
2016-08-26 00:00:00-04:00,49.79999923706055,50.400001525878906,49.29999923706055,49.70000076293945,12660,0.0,0.0
2016-08-29 00:00:00-04:00,49.900001525878906,51.0,49.400001525878906,50.5,27020,0.0,0.0
2016-08-30 00:00:00-04:00,50.79999923706055,51.0,50.0,50.0,16450,0.0,0.0
2016-08-31 00:00:00-04:00,50.0,50.29999923706055,49.29999923706055,49.599998474121094,22040,0.0,0.0
2016-09-01 00:00:00-04:00,49.29999923706055,50.79999923706055,49.29999923706055,49.79999923706055,13130,0.0,0.0
2016-09-02 00:00:00-04:00,50.099998474121094,50.900001525878906,49.70000076293945,50.79999923706055,44370,0.0,0.0
2016-09-06 00:00:00-04:00,50.5,52.0,50.400001525878906,50.70000076293945,37580,0.0,0.0
2016-09-07 00:00:00-04:00,50.79999923706055,51.70000076293945,50.70000076293945,50.900001525878906,43880,0.0,0.0
2016-09-08 00:00:00-04:00,51.0,51.5,50.400001525878906,51.0,36960,0.0,0.0
2016-09-09 00:00:00-04:00,51.0,51.400001525878906,50.20000076293945,50.599998474121094,36710,0.0,0.0
2016-09-12 00:00:00-04:00,50.099998474121094,51.5,49.900001525878906,51.20000076293945,30510,0.0,0.0
2016-09-13 00:00:00-04:00,50.900001525878906,51.79999923706055,50.099998474121094,50.70000076293945,18930,0.0,0.0
2016-09-14 00:00:00-04:00,51.099998474121094,51.099998474121094,50.20000076293945,50.599998474121094,22950,0.0,0.0
2016-09-15 00:00:00-04:00,50.5,51.900001525878906,50.400001525878906,51.70000076293945,54310,0.0,0.0
2016-09-16 00:00:00-04:00,51.599998474121094,52.0,50.79999923706055,51.20000076293945,49820,0.0,0.0
2016-09-19 00:00:00-04:00,51.0,51.400001525878906,50.5,51.20000076293945,16890,0.0,0.0
2016-09-20 00:00:00-04:00,51.599998474121094,51.70000076293945,51.0,51.400001525878906,28040,0.0,0.0
2016-09-21 00:00:00-04:00,51.400001525878906,52.400001525878906,51.29999923706055,52.20000076293945,36470,0.0,0.0
2016-09-22 00:00:00-04:00,52.400001525878906,53.79999923706055,51.900001525878906,52.900001525878906,75520,0.0,0.0
2016-09-23 00:00:00-04:00,53.0,53.70000076293945,52.29999923706055,52.29999923706055,13110,0.0,0.0
2016-09-26 00:00:00-04:00,52.0,54.400001525878906,52.0,53.900001525878906,27520,0.0,0.0
2016-09-27 00:00:00-04:00,53.70000076293945,54.599998474121094,52.599998474121094,53.70000076293945,26390,0.0,0.0
2016-09-28 00:00:00-04:00,54.0,56.20000076293945,53.20000076293945,55.0,24760,0.0,0.0
2016-09-29 00:00:00-04:00,55.0,56.0,54.400001525878906,55.20000076293945,25830,0.0,0.0
2016-09-30 00:00:00-04:00,55.400001525878906,57.0,54.70000076293945,57.0,41040,0.0,0.0
2016-10-03 00:00:00-04:00,57.29999923706055,57.29999923706055,55.20000076293945,55.70000076293945,14240,0.0,0.0
2016-10-04 00:00:00-04:00,55.900001525878906,56.79999923706055,55.599998474121094,56.099998474121094,18100,0.0,0.0
2016-10-05 00:00:00-04:00,56.099998474121094,57.29999923706055,56.0,56.79999923706055,23000,0.0,0.0
2016-10-06 00:00:00-04:00,56.70000076293945,57.0,54.599998474121094,56.20000076293945,10470,0.0,0.0
2016-10-07 00:00:00-04:00,56.400001525878906,56.5,55.5,55.900001525878906,10530,0.0,0.0
2016-10-10 00:00:00-04:00,56.0,56.5,55.5,55.5,4060,0.0,0.0
2016-10-11 00:00:00-04:00,55.0,55.5,52.0,53.0,20990,0.0,0.0
2016-10-12 00:00:00-04:00,54.0,54.5,52.0,54.0,12900,0.0,0.0
2016-10-13 00:00:00-04:00,53.5,54.5,52.0,53.5,14150,0.0,0.0
2016-10-14 00:00:00-04:00,54.0,55.0,53.0,54.0,18710,0.0,0.0
2016-10-17 00:00:00-04:00,54.5,54.5,52.0,52.5,10070,0.0,0.0
2016-10-18 00:00:00-04:00,52.0,55.5,51.5,55.0,17680,0.0,0.0
2016-10-19 00:00:00-04:00,55.5,55.5,53.599998474121094,55.0,9960,0.0,0.0
2016-10-20 00:00:00-04:00,57.0,59.0,56.5,58.5,39610,0.0,0.0
2016-10-21 00:00:00-04:00,58.0,62.0,56.5,61.5,52420,0.0,0.0
2016-10-24 00:00:00-04:00,62.5,62.5,60.0,62.0,30700,0.0,0.0
2016-10-25 00:00:00-04:00,62.0,65.5,61.0,65.5,52340,0.0,0.0
2016-10-26 00:00:00-04:00,64.5,65.5,64.0,64.5,19920,0.0,0.0
2016-10-27 00:00:00-04:00,64.5,66.0,63.5,65.5,58530,0.0,0.0
2016-10-28 00:00:00-04:00,65.5,65.5,63.0,64.5,49140,0.0,0.0
2016-10-31 00:00:00-04:00,64.5,65.5,64.0,65.5,35950,0.0,0.0
2016-11-01 00:00:00-04:00,65.0,65.0,63.5,65.0,38120,0.0,0.0
2016-11-02 00:00:00-04:00,64.5,64.5,62.0,62.0,26080,0.0,0.0
2016-11-03 00:00:00-04:00,62.0,63.5,59.79999923706055,60.0,30960,0.0,0.0
2016-11-04 00:00:00-04:00,59.5,62.0,59.5,61.5,35970,0.0,0.0
2016-11-07 00:00:00-05:00,62.5,63.5,61.5,62.5,22770,0.0,0.0
2016-11-08 00:00:00-05:00,62.5,63.5,62.5,63.5,11140,0.0,0.0
2016-11-09 00:00:00-05:00,62.5,66.30000305175781,61.5,65.5,37650,0.0,0.0
2016-11-10 00:00:00-05:00,65.5,67.0,65.0,65.5,24360,0.0,0.0
2016-11-11 00:00:00-05:00,65.0,67.0,64.5,66.5,27060,0.0,0.0
2016-11-14 00:00:00-05:00,67.0,67.80000305175781,65.5,66.0,21730,0.0,0.0
2016-11-15 00:00:00-05:00,66.5,67.0,66.0,66.5,17040,0.0,0.0
2016-11-16 00:00:00-05:00,67.0,67.5,64.0,66.5,23950,0.0,0.0
2016-11-17 00:00:00-05:00,66.5,66.5,65.5,66.0,10940,0.0,0.0
2016-11-18 00:00:00-05:00,66.0,67.0,65.0999984741211,67.0,25780,0.0,0.0
2016-11-21 00:00:00-05:00,67.0,67.5,65.5,67.0,11610,0.0,0.0
2016-11-22 00:00:00-05:00,67.5,68.0,67.0,67.5,19290,0.0,0.0
2016-11-23 00:00:00-05:00,68.0,68.0,66.5,68.0,20310,0.0,0.0
2016-11-25 00:00:00-05:00,68.0,68.5,67.5,68.0,9450,0.0,0.0
2016-11-28 00:00:00-05:00,67.5,68.5,65.5,66.0,15760,0.0,0.0
2016-11-29 00:00:00-05:00,66.5,67.5,66.0,67.0,12880,0.0,0.0
2016-11-30 00:00:00-05:00,68.0,68.0,63.5,64.0,20060,0.0,0.0
2016-12-01 00:00:00-05:00,64.5,64.5,61.0,62.5,21250,0.0,0.0
2016-12-02 00:00:00-05:00,62.0,63.5,61.5,62.0,16620,0.0,0.0
2016-12-05 00:00:00-05:00,62.5,66.0,62.0,66.0,20770,0.0,0.0
2016-12-06 00:00:00-05:00,66.0,66.5,63.0,64.5,33450,0.0,0.0
2016-12-07 00:00:00-05:00,78.5,87.0,76.5,84.5,320850,0.0,0.0
2016-12-08 00:00:00-05:00,84.5,87.5,83.0,86.0,116040,0.0,0.0
2016-12-09 00:00:00-05:00,86.0,89.4000015258789,84.5,86.5,70710,0.0,0.0
2016-12-12 00:00:00-05:00,86.5,88.0,84.5,86.5,26860,0.0,0.0
2016-12-13 00:00:00-05:00,87.5,89.0,83.5999984741211,87.5,29070,0.0,0.0
2016-12-14 00:00:00-05:00,87.5,92.5,87.0,89.5,95140,0.0,0.0
2016-12-15 00:00:00-05:00,90.5,95.0,88.19999694824219,89.5,81110,0.0,0.0
2016-12-16 00:00:00-05:00,91.5,93.5,87.5,88.5,47370,0.0,0.0
2016-12-19 00:00:00-05:00,89.0,91.0,88.5,89.0,23610,0.0,0.0
2016-12-20 00:00:00-05:00,89.5,90.0,87.5,89.0,23670,0.0,0.0
2016-12-21 00:00:00-05:00,88.5,89.0,85.5,88.0,16910,0.0,0.0
2016-12-22 00:00:00-05:00,87.5,87.5,83.5,86.0,32910,0.0,0.0
2016-12-23 00:00:00-05:00,85.5,90.0,84.5,87.5,23680,0.0,0.0
2016-12-27 00:00:00-05:00,89.0,91.0,86.0,88.0,27410,0.0,0.0
2016-12-28 00:00:00-05:00,89.0,89.5,86.5,86.5,10980,0.0,0.0
2016-12-29 00:00:00-05:00,86.5,89.0,85.5,86.5,19180,0.0,0.0
2016-12-30 00:00:00-05:00,87.0,89.0,85.5,87.0,17930,0.0,0.0
2017-01-03 00:00:00-05:00,88.5,88.5,84.0,84.5,29860,0.0,0.0
2017-01-04 00:00:00-05:00,84.0,85.9000015258789,83.0,85.0,32830,0.0,0.0
2017-01-05 00:00:00-05:00,85.0,85.5,83.0,83.0,27800,0.0,0.0
2017-01-06 00:00:00-05:00,81.5,85.0,81.5,83.0,37610,0.0,0.0
2017-01-09 00:00:00-05:00,83.0,87.5,82.5,86.0,43940,0.0,0.0
2017-01-10 00:00:00-05:00,86.5,94.0,85.5,93.5,118360,0.0,0.0
2017-01-11 00:00:00-05:00,94.0,94.0999984741211,89.80000305175781,90.5,35970,0.0,0.0
2017-01-12 00:00:00-05:00,91.0,94.0,88.5,93.5,86060,0.0,0.0
2017-01-13 00:00:00-05:00,94.0,95.0,91.0,93.5,48180,0.0,0.0
2017-01-17 00:00:00-05:00,94.0,94.0,90.0,90.0,28780,0.0,0.0
2017-01-18 00:00:00-05:00,90.5,91.0,89.5,90.5,27680,0.0,0.0
2017-01-19 00:00:00-05:00,90.0,91.5,86.5,87.0,46180,0.0,0.0
2017-01-20 00:00:00-05:00,87.0,90.0,86.5,87.5,26880,0.0,0.0
2017-01-23 00:00:00-05:00,87.5,91.0,86.0,91.0,59080,0.0,0.0
2017-01-24 00:00:00-05:00,91.0,94.0,90.0,92.5,62670,0.0,0.0
2017-01-25 00:00:00-05:00,93.5,94.5,91.5,93.0,40310,0.0,0.0
2017-01-26 00:00:00-05:00,92.5,93.5,92.0,92.0,22970,0.0,0.0
2017-01-27 00:00:00-05:00,93.0,93.0,89.5,90.5,18980,0.0,0.0
2017-01-30 00:00:00-05:00,90.5,91.0,88.0,89.0,23280,0.0,0.0
2017-01-31 00:00:00-05:00,88.5,92.0,87.5,90.0,44160,0.0,0.0
2017-02-01 00:00:00-05:00,90.5,92.0,86.5,88.5,46730,0.0,0.0
2017-02-02 00:00:00-05:00,87.5,92.0,86.19999694824219,91.5,58540,0.0,0.0
2017-02-03 00:00:00-05:00,91.5,92.5,90.0,92.0,28840,0.0,0.0
2017-02-06 00:00:00-05:00,93.0,97.80000305175781,92.5,95.0,77510,0.0,0.0
2017-02-07 00:00:00-05:00,96.5,96.9000015258789,93.5,94.5,53240,0.0,0.0
2017-02-08 00:00:00-05:00,95.0,99.5,86.0,92.0,191430,0.0,0.0
2017-02-09 00:00:00-05:00,92.0,93.0,89.5,90.0,47060,0.0,0.0
2017-02-10 00:00:00-05:00,91.0,92.5,89.80000305175781,92.0,36540,0.0,0.0
2017-02-13 00:00:00-05:00,92.5,98.0,91.5,97.5,63430,0.0,0.0
2017-02-14 00:00:00-05:00,97.5,104.0,96.0,102.5,100130,0.0,0.0
2017-02-15 00:00:00-05:00,102.5,103.5,102.0,103.5,67600,0.0,0.0
2017-02-16 00:00:00-05:00,103.5,103.5,100.0,102.0,34580,0.0,0.0
2017-02-17 00:00:00-05:00,100.0,102.0,98.5,101.5,40960,0.0,0.0
2017-02-21 00:00:00-05:00,102.0,105.0,100.0,101.5,35860,0.0,0.0
2017-02-22 00:00:00-05:00,101.5,101.5,97.30000305175781,98.0,35990,0.0,0.0
2017-02-23 00:00:00-05:00,97.5,99.5,93.5,95.0,56930,0.0,0.0
2017-02-24 00:00:00-05:00,94.5,96.0,93.0,94.0,33040,0.0,0.0
2017-02-27 00:00:00-05:00,94.5,95.0,91.5,93.5,34680,0.0,0.0
2017-02-28 00:00:00-05:00,94.0,94.5,86.0,89.5,70660,0.0,0.0
2017-03-01 00:00:00-05:00,91.0,95.0,90.5,94.0,40980,0.0,0.0
2017-03-02 00:00:00-05:00,94.5,97.0,89.5,92.0,48160,0.0,0.0
2017-03-03 00:00:00-05:00,91.5,93.5,89.5,93.0,22780,0.0,0.0
2017-03-06 00:00:00-05:00,94.0,94.0,90.0,91.0,19500,0.0,0.0
2017-03-07 00:00:00-05:00,91.5,93.0,91.0,92.5,17480,0.0,0.0
2017-03-08 00:00:00-05:00,92.5,93.0,90.0,91.0,23830,0.0,0.0
2017-03-09 00:00:00-05:00,90.5,93.19999694824219,90.5,92.5,28210,0.0,0.0
2017-03-10 00:00:00-05:00,92.0,92.0,88.0,89.5,46370,0.0,0.0
2017-03-13 00:00:00-04:00,89.0,90.5,87.5,89.0,29500,0.0,0.0
2017-03-14 00:00:00-04:00,88.5,88.5,87.30000305175781,88.0,28710,0.0,0.0
2017-03-15 00:00:00-04:00,88.0,91.0,87.0,90.0,32310,0.0,0.0
2017-03-16 00:00:00-04:00,90.5,90.5,89.0,89.5,48020,0.0,0.0
2017-03-17 00:00:00-04:00,88.5,90.0,87.0,89.0,31940,0.0,0.0
2017-03-20 00:00:00-04:00,89.0,89.0,86.5,87.0,27890,0.0,0.0
2017-03-21 00:00:00-04:00,88.0,89.0,83.5,85.5,53350,0.0,0.0
2017-03-22 00:00:00-04:00,86.0,87.30000305175781,83.5,86.5,36060,0.0,0.0
2017-03-23 00:00:00-04:00,87.0,88.5,86.0,88.0,37830,0.0,0.0
2017-03-24 00:00:00-04:00,88.0,89.0,84.5,86.0,31210,0.0,0.0
2017-03-27 00:00:00-04:00,85.5,87.5,83.5,87.5,34470,0.0,0.0
2017-03-28 00:00:00-04:00,85.0,87.5,83.5,87.0,14200,0.0,0.0
2017-03-29 00:00:00-04:00,86.5,88.0,84.0,84.5,21080,0.0,0.0
2017-03-30 00:00:00-04:00,84.5,86.80000305175781,83.5,86.0,35170,0.0,0.0
2017-03-31 00:00:00-04:00,86.0,90.0,85.5,90.0,42620,0.0,0.0
2017-04-03 00:00:00-04:00,89.5,90.0999984741211,83.5,84.5,92650,0.0,0.0
2017-04-04 00:00:00-04:00,84.0,85.69999694824219,84.0,85.0,40400,0.0,0.0
2017-04-05 00:00:00-04:00,85.0,86.30000305175781,83.5,84.0,39750,0.0,0.0
2017-04-06 00:00:00-04:00,84.0,86.0,82.69999694824219,85.5,28250,0.0,0.0
2017-04-07 00:00:00-04:00,85.0,86.5,84.0,86.5,29730,0.0,0.0
2017-04-10 00:00:00-04:00,86.0,86.5,84.5,85.0,41200,0.0,0.0
2017-04-11 00:00:00-04:00,85.0,85.5,84.0,85.0,28300,0.0,0.0
2017-04-12 00:00:00-04:00,85.0,85.0,81.0,82.5,54490,0.0,0.0
2017-04-13 00:00:00-04:00,83.5,86.0,81.5,85.0,49050,0.0,0.0
2017-04-17 00:00:00-04:00,85.0,86.0,84.0,86.0,12980,0.0,0.0
2017-04-18 00:00:00-04:00,85.5,89.5,83.5,87.5,42690,0.0,0.0
2017-04-19 00:00:00-04:00,88.0,89.5,85.0,87.5,33290,0.0,0.0
2017-04-20 00:00:00-04:00,87.5,89.0,87.0,88.5,19820,0.0,0.0
2017-04-21 00:00:00-04:00,89.0,89.5,88.0,88.5,22520,0.0,0.0
2017-04-24 00:00:00-04:00,89.5,91.0,89.0,90.0,47390,0.0,0.0
2017-04-25 00:00:00-04:00,90.5,92.5,88.5,89.0,49810,0.0,0.0
2017-04-26 00:00:00-04:00,88.5,91.5,88.5,90.0,26250,0.0,0.0
2017-04-27 00:00:00-04:00,90.5,92.0,90.0,91.5,20120,0.0,0.0
2017-04-28 00:00:00-04:00,91.5,92.5,89.5,90.0,27600,0.0,0.0
2017-05-01 00:00:00-04:00,90.0,92.5,89.5,92.5,19470,0.0,0.0
2017-05-02 00:00:00-04:00,92.5,92.5,89.0,89.0,36740,0.0,0.0
2017-05-03 00:00:00-04:00,89.0,89.5,83.0,84.5,83160,0.0,0.0
2017-05-04 00:00:00-04:00,90.0,99.0,89.5,96.5,117070,0.0,0.0
2017-05-05 00:00:00-04:00,97.0,99.0,95.5,98.5,69810,0.0,0.0
2017-05-08 00:00:00-04:00,98.5,103.5,98.0,102.5,58940,0.0,0.0
2017-05-09 00:00:00-04:00,102.5,106.5,101.0,106.5,64060,0.0,0.0
2017-05-10 00:00:00-04:00,106.5,107.5999984741211,103.5,106.5,37360,0.0,0.0
2017-05-11 00:00:00-04:00,106.0,108.5,103.9000015258789,107.0,30640,0.0,0.0
2017-05-12 00:00:00-04:00,106.5,108.0,105.0,106.5,22090,0.0,0.0
2017-05-15 00:00:00-04:00,107.0,109.80000305175781,107.0,109.5,27790,0.0,0.0
2017-05-16 00:00:00-04:00,110.0,110.0,107.0,109.0,29490,0.0,0.0
2017-05-17 00:00:00-04:00,107.5,108.0,102.5,103.0,21520,0.0,0.0
2017-05-18 00:00:00-04:00,102.0,103.5,100.5,102.5,17140,0.0,0.0
2017-05-19 00:00:00-04:00,102.5,103.0,99.0,99.5,15930,0.0,0.0
2017-05-22 00:00:00-04:00,99.5,103.0,98.5,102.5,21000,0.0,0.0
2017-05-23 00:00:00-04:00,103.0,103.0,101.0,102.5,10990,0.0,0.0
2017-05-24 00:00:00-04:00,102.5,102.5,99.30000305175781,100.0,12170,0.0,0.0
2017-05-25 00:00:00-04:00,100.0,103.5,100.0,103.0,16570,0.0,0.0
2017-05-26 00:00:00-04:00,103.0,103.5,100.5,103.0,14980,0.0,0.0
2017-05-30 00:00:00-04:00,103.0,106.5,102.5,104.0,24390,0.0,0.0
2017-05-31 00:00:00-04:00,104.0,105.0,100.5,100.5,12120,0.0,0.0
2017-06-01 00:00:00-04:00,101.5,104.30000305175781,101.0,103.5,10930,0.0,0.0
2017-06-02 00:00:00-04:00,104.0,105.5,101.80000305175781,102.0,14350,0.0,0.0
2017-06-05 00:00:00-04:00,102.5,104.5,102.0,104.5,14850,0.0,0.0
2017-06-06 00:00:00-04:00,104.5,105.0,102.0,104.5,14690,0.0,0.0
2017-06-07 00:00:00-04:00,104.5,107.0,102.5,104.0,15880,0.0,0.0
2017-06-08 00:00:00-04:00,104.0,111.5,104.0,110.5,33340,0.0,0.0
2017-06-09 00:00:00-04:00,110.5,118.80000305175781,109.0,110.5,81810,0.0,0.0
2017-06-12 00:00:00-04:00,117.5,117.5,110.5,110.5,58680,0.0,0.0
2017-06-13 00:00:00-04:00,111.5,113.0,110.5,112.5,26940,0.0,0.0
2017-06-14 00:00:00-04:00,111.5,115.0,106.0,108.5,59480,0.0,0.0
2017-06-15 00:00:00-04:00,108.5,112.0,107.0999984741211,111.0,30700,0.0,0.0
2017-06-16 00:00:00-04:00,110.5,113.5,110.5,111.5,32580,0.0,0.0
2017-06-19 00:00:00-04:00,112.0,115.0,111.5,114.5,27960,0.0,0.0
2017-06-20 00:00:00-04:00,114.5,116.0,112.5,113.5,28990,0.0,0.0
2017-06-21 00:00:00-04:00,112.5,113.5,111.5,112.0,22330,0.0,0.0
2017-06-22 00:00:00-04:00,112.5,114.0,111.0,113.5,35210,0.0,0.0
2017-06-23 00:00:00-04:00,114.0,119.5,112.0,117.0,75730,0.0,0.0
2017-06-26 00:00:00-04:00,118.0,118.5,114.0,115.0,30980,0.0,0.0
2017-06-27 00:00:00-04:00,115.0,115.0,111.0,112.0,33660,0.0,0.0
2017-06-28 00:00:00-04:00,113.0,115.0,111.5,115.0,17930,0.0,0.0
2017-06-29 00:00:00-04:00,110.5,111.5,102.5,108.0,96080,0.0,0.0
2017-06-30 00:00:00-04:00,108.0,108.0,105.0,106.5,52550,0.0,0.0
2017-07-03 00:00:00-04:00,107.5,108.0,104.5,104.5,14890,0.0,0.0
2017-07-05 00:00:00-04:00,104.5,107.30000305175781,104.0,106.0,20490,0.0,0.0
2017-07-06 00:00:00-04:00,104.5,106.0,103.9000015258789,105.5,27770,0.0,0.0
2017-07-07 00:00:00-04:00,106.5,111.5,106.0,111.5,17750,0.0,0.0
2017-07-10 00:00:00-04:00,111.0,113.30000305175781,109.80000305175781,113.0,26420,0.0,0.0
2017-07-11 00:00:00-04:00,113.0,113.5,110.0,113.5,17490,0.0,0.0
2017-07-12 00:00:00-04:00,113.5,115.0,110.0,110.5,16000,0.0,0.0
2017-07-13 00:00:00-04:00,110.0,111.0,108.0,109.0,12730,0.0,0.0
2017-07-14 00:00:00-04:00,109.5,111.5,108.5,110.5,11180,0.0,0.0
2017-07-17 00:00:00-04:00,111.0,111.0,108.0,108.5,18180,0.0,0.0
2017-07-18 00:00:00-04:00,108.5,110.80000305175781,106.5,109.5,28250,0.0,0.0
2017-07-19 00:00:00-04:00,110.5,112.0,109.0,109.5,25470,0.0,0.0
2017-07-20 00:00:00-04:00,110.5,111.0,108.0,111.0,16350,0.0,0.0
2017-07-21 00:00:00-04:00,112.0,112.0,109.5,111.5,14050,0.0,0.0
2017-07-24 00:00:00-04:00,111.5,113.9000015258789,110.0,113.5,17760,0.0,0.0
2017-07-25 00:00:00-04:00,114.5,115.5,112.5,115.0,19660,0.0,0.0
2017-07-26 00:00:00-04:00,115.0,117.30000305175781,112.5,116.0,29630,0.0,0.0
2017-07-27 00:00:00-04:00,116.0,122.0,115.0,116.5,35220,0.0,0.0
2017-07-28 00:00:00-04:00,116.0,117.0999984741211,113.80000305175781,116.0,16630,0.0,0.0
2017-07-31 00:00:00-04:00,116.5,117.30000305175781,112.0,116.0,37310,0.0,0.0
2017-08-01 00:00:00-04:00,117.0,118.30000305175781,115.0,115.5,12700,0.0,0.0
2017-08-02 00:00:00-04:00,115.5,115.80000305175781,110.0999984741211,110.5,26090,0.0,0.0
2017-08-03 00:00:00-04:00,103.0,103.5,85.0,99.5,94070,0.0,0.0
2017-08-04 00:00:00-04:00,98.5,99.9000015258789,92.0,93.0,40250,0.0,0.0
2017-08-07 00:00:00-04:00,92.5,95.0,90.0,94.0,48190,0.0,0.0
2017-08-08 00:00:00-04:00,94.0,98.5,93.5,96.0,52030,0.0,0.0
2017-08-09 00:00:00-04:00,95.0,97.0,93.5,94.5,31020,0.0,0.0
2017-08-10 00:00:00-04:00,94.0,94.0,89.5,90.5,34170,0.0,0.0
2017-08-11 00:00:00-04:00,90.5,91.0,88.80000305175781,89.5,16820,0.0,0.0
2017-08-14 00:00:00-04:00,90.0,91.0,88.5,90.5,20270,0.0,0.0
2017-08-15 00:00:00-04:00,90.5,91.0,88.0,88.0,41050,0.0,0.0
2017-08-16 00:00:00-04:00,88.5,89.5,86.5,87.5,16790,0.0,0.0
2017-08-17 00:00:00-04:00,87.5,88.5,84.5,84.5,29680,0.0,0.0
2017-08-18 00:00:00-04:00,84.5,87.0,84.5,86.5,30540,0.0,0.0
2017-08-21 00:00:00-04:00,86.0,87.0,83.5,86.0,25750,0.0,0.0
2017-08-22 00:00:00-04:00,86.0,89.0,86.0,88.5,18840,0.0,0.0
2017-08-23 00:00:00-04:00,88.0,89.5,87.5,89.0,13870,0.0,0.0
2017-08-24 00:00:00-04:00,90.0,91.0,89.0,90.0,11180,0.0,0.0
2017-08-25 00:00:00-04:00,90.0,90.0,87.5,88.0,9870,0.0,0.0
2017-08-28 00:00:00-04:00,88.0,89.5,88.0,88.0,11340,0.0,0.0
2017-08-29 00:00:00-04:00,87.5,91.0,87.5,91.0,18600,0.0,0.0
2017-08-30 00:00:00-04:00,90.5,92.0,89.5,91.5,19450,0.0,0.0
2017-08-31 00:00:00-04:00,91.5,91.5,90.5,91.0,12190,0.0,0.0
2017-09-01 00:00:00-04:00,91.5,92.5,90.5,91.5,14110,0.0,0.0
2017-09-05 00:00:00-04:00,91.5,92.0,89.0,91.0,18920,0.0,0.0
2017-09-06 00:00:00-04:00,91.5,91.5,89.5,89.5,8950,0.0,0.0
2017-09-07 00:00:00-04:00,89.5,90.30000305175781,88.0,88.0,10450,0.0,0.0
2017-09-08 00:00:00-04:00,87.5,89.5,86.5,87.0,28600,0.0,0.0
2017-09-11 00:00:00-04:00,87.0,90.69999694824219,87.0,90.0,26800,0.0,0.0
2017-09-12 00:00:00-04:00,91.0,91.5,89.0,89.5,17480,0.0,0.0
2017-09-13 00:00:00-04:00,90.0,90.5,87.5,89.0,34560,0.0,0.0
2017-09-14 00:00:00-04:00,89.0,89.5,87.80000305175781,89.0,10290,0.0,0.0
2017-09-15 00:00:00-04:00,89.0,89.0,86.0,87.0,32890,0.0,0.0
2017-09-18 00:00:00-04:00,86.5,88.0,85.0,86.5,32270,0.0,0.0
2017-09-19 00:00:00-04:00,87.5,89.0,87.0,87.5,16710,0.0,0.0
2017-09-20 00:00:00-04:00,87.5,87.5,84.80000305175781,85.0,22910,0.0,0.0
2017-09-21 00:00:00-04:00,85.5,88.5,84.5,87.0,15740,0.0,0.0
2017-09-22 00:00:00-04:00,87.5,88.5,85.5,87.0,11770,0.0,0.0
2017-09-25 00:00:00-04:00,87.0,88.0,85.30000305175781,86.5,12250,0.0,0.0
2017-09-26 00:00:00-04:00,86.5,87.0,82.5,84.0,32610,0.0,0.0
2017-09-27 00:00:00-04:00,84.5,87.0,83.5,85.5,37410,0.0,0.0
2017-09-28 00:00:00-04:00,85.5,86.0,82.5,84.0,24880,0.0,0.0
2017-09-29 00:00:00-04:00,84.5,84.5,82.0,82.0,35560,0.0,0.0
2017-10-02 00:00:00-04:00,83.0,84.0,81.0,83.0,24070,0.0,0.0
2017-10-03 00:00:00-04:00,83.0,84.0,80.5,82.0,39330,0.0,0.0
2017-10-04 00:00:00-04:00,82.5,85.5,81.0,85.0,38350,0.0,0.0
2017-10-05 00:00:00-04:00,85.0,85.5,82.5,85.5,24650,0.0,0.0
2017-10-06 00:00:00-04:00,84.5,87.5,84.0,86.30000305175781,15150,0.0,0.0
2017-10-09 00:00:00-04:00,82.0,86.0,81.5,85.5,41120,0.0,0.0
2017-10-10 00:00:00-04:00,86.0,87.5,85.0,86.0,16420,0.0,0.0
2017-10-11 00:00:00-04:00,85.5,87.0,85.0,85.5,14510,0.0,0.0
2017-10-12 00:00:00-04:00,85.0,87.0,85.0,86.0,14260,0.0,0.0
2017-10-13 00:00:00-04:00,85.5,86.0,83.5,85.0,14120,0.0,0.0
2017-10-16 00:00:00-04:00,85.0,85.0,82.0,83.0,32750,0.0,0.0
2017-10-17 00:00:00-04:00,83.5,84.5,82.5,84.0,10810,0.0,0.0
2017-10-18 00:00:00-04:00,84.5,86.0,84.0,85.0,14610,0.0,0.0
2017-10-19 00:00:00-04:00,84.5,85.0,81.5,84.0,27210,0.0,0.0
2017-10-20 00:00:00-04:00,84.5,85.5,83.5,84.5,20560,0.0,0.0
2017-10-23 00:00:00-04:00,84.5,84.80000305175781,83.0,83.5,11630,0.0,0.0
2017-10-24 00:00:00-04:00,84.5,85.0,84.0,84.0,6950,0.0,0.0
2017-10-25 00:00:00-04:00,84.0,85.0,82.5,84.0,12200,0.0,0.0
2017-10-26 00:00:00-04:00,84.5,84.5,81.5,81.5,21590,0.0,0.0
2017-10-27 00:00:00-04:00,81.5,82.0,78.0,79.0,77260,0.0,0.0
2017-10-30 00:00:00-04:00,78.5,81.5,78.5,80.5,21580,0.0,0.0
2017-10-31 00:00:00-04:00,80.5,84.5,80.5,82.5,13320,0.0,0.0
2017-11-01 00:00:00-04:00,83.5,83.5,78.5,79.0,13460,0.0,0.0
2017-11-02 00:00:00-04:00,79.0,81.0,78.0,79.0,18480,0.0,0.0
2017-11-03 00:00:00-04:00,78.5,79.0,75.30000305175781,76.0,19190,0.0,0.0
2017-11-06 00:00:00-05:00,77.0,79.0,77.0,77.5,14720,0.0,0.0
2017-11-07 00:00:00-05:00,77.5,77.5,70.0,72.5,43720,0.0,0.0
2017-11-08 00:00:00-05:00,72.5,75.80000305175781,72.5,75.0,19100,0.0,0.0
2017-11-09 00:00:00-05:00,74.5,75.5,73.0,74.0,9050,0.0,0.0
2017-11-10 00:00:00-05:00,73.5,75.0,73.5,74.5,7190,0.0,0.0
2017-11-13 00:00:00-05:00,73.5,75.30000305175781,72.5,74.5,26440,0.0,0.0
2017-11-14 00:00:00-05:00,73.5,75.5,73.5,74.5,12440,0.0,0.0
2017-11-15 00:00:00-05:00,73.5,74.5,73.5,73.5,4190,0.0,0.0
2017-11-16 00:00:00-05:00,73.5,77.0,73.5,75.5,27170,0.0,0.0
2017-11-17 00:00:00-05:00,75.5,77.0,74.0,75.0,10830,0.0,0.0
2017-11-20 00:00:00-05:00,75.0,76.0,74.0,74.0,14950,0.0,0.0
2017-11-21 00:00:00-05:00,74.5,76.0,74.5,74.5,15800,0.0,0.0
2017-11-22 00:00:00-05:00,74.5,75.0,73.5,74.0,15380,0.0,0.0
2017-11-24 00:00:00-05:00,75.0,76.5,74.0,76.5,9720,0.0,0.0
2017-11-27 00:00:00-05:00,76.5,78.5,74.5,78.0,17540,0.0,0.0
2017-11-28 00:00:00-05:00,77.5,80.0,75.80000305175781,79.5,11960,0.0,0.0
2017-11-29 00:00:00-05:00,79.0,80.0,75.0,75.0,15450,0.0,0.0
2017-11-30 00:00:00-05:00,76.0,78.5,75.5,78.0,17580,0.0,0.0
2017-12-01 00:00:00-05:00,77.0,77.80000305175781,72.5,74.0,30670,0.0,0.0
2017-12-04 00:00:00-05:00,74.5,77.0,72.30000305175781,74.0,38120,0.0,0.0
2017-12-05 00:00:00-05:00,69.0,69.0,58.0,62.5,228410,0.0,0.0
2017-12-06 00:00:00-05:00,61.5,62.5,60.0,60.79999923706055,54030,0.0,0.0
2017-12-07 00:00:00-05:00,61.5,64.0,60.5,63.0,52930,0.0,0.0
2017-12-08 00:00:00-05:00,64.0,64.5,61.5,64.0,47080,0.0,0.0
2017-12-11 00:00:00-05:00,64.5,64.5,62.5,63.0,24690,0.0,0.0
2017-12-12 00:00:00-05:00,63.5,63.5,62.0,63.5,32740,0.0,0.0
2017-12-13 00:00:00-05:00,63.5,68.0,63.0,67.0,44970,0.0,0.0
2017-12-14 00:00:00-05:00,67.0,67.5,63.0,65.0,33260,0.0,0.0
2017-12-15 00:00:00-05:00,64.5,65.5,63.0,63.5,52500,0.0,0.0
2017-12-18 00:00:00-05:00,64.0,65.0,63.5,64.5,46610,0.0,0.0
2017-12-19 00:00:00-05:00,64.5,65.5,62.5,63.5,31930,0.0,0.0
2017-12-20 00:00:00-05:00,63.5,64.5,62.5,63.5,23450,0.0,0.0
2017-12-21 00:00:00-05:00,64.0,65.0,62.5,64.0,51540,0.0,0.0
2017-12-22 00:00:00-05:00,64.5,64.5,61.5,62.0,52870,0.0,0.0
2017-12-26 00:00:00-05:00,62.0,63.5,61.0,63.0,40090,0.0,0.0
2017-12-27 00:00:00-05:00,62.5,63.79999923706055,62.0,63.0,67760,0.0,0.0
2017-12-28 00:00:00-05:00,62.5,65.0,62.5,64.5,14930,0.0,0.0
2017-12-29 00:00:00-05:00,64.0,65.5,64.0,64.5,45930,0.0,0.0
2018-01-02 00:00:00-05:00,64.5,69.0,64.0,68.5,34330,0.0,0.0
2018-01-03 00:00:00-05:00,69.0,70.30000305175781,67.0,69.0,36140,0.0,0.0
2018-01-04 00:00:00-05:00,69.5,71.0,68.5,70.5,27220,0.0,0.0
2018-01-05 00:00:00-05:00,71.0,71.5,70.0,70.5,18590,0.0,0.0
2018-01-08 00:00:00-05:00,70.0,72.5,69.0,72.0,33860,0.0,0.0
2018-01-09 00:00:00-05:00,71.5,72.0,66.5,68.5,27600,0.0,0.0
2018-01-10 00:00:00-05:00,68.5,70.5,68.0,69.0,20650,0.0,0.0
2018-01-11 00:00:00-05:00,69.5,71.0,68.5,70.0,38130,0.0,0.0
2018-01-12 00:00:00-05:00,69.0,70.0,66.5,67.30000305175781,18950,0.0,0.0
2018-01-16 00:00:00-05:00,68.0,68.0,65.5,65.5,20820,0.0,0.0
2018-01-17 00:00:00-05:00,66.5,67.5,65.5,67.0,28310,0.0,0.0
2018-01-18 00:00:00-05:00,67.0,70.0,66.80000305175781,69.0,47080,0.0,0.0
2018-01-19 00:00:00-05:00,69.0,70.5,68.0,70.5,29530,0.0,0.0
2018-01-22 00:00:00-05:00,69.5,70.5,69.0,69.5,21260,0.0,0.0
2018-01-23 00:00:00-05:00,69.5,70.5,69.0,69.5,19570,0.0,0.0
2018-01-24 00:00:00-05:00,69.5,70.0,69.0,69.0,13200,0.0,0.0
2018-01-25 00:00:00-05:00,69.5,70.0,68.0,69.5,16090,0.0,0.0
2018-01-26 00:00:00-05:00,69.5,69.5,68.5,69.5,14220,0.0,0.0
2018-01-29 00:00:00-05:00,69.5,69.5,68.5,69.5,13460,0.0,0.0
2018-01-30 00:00:00-05:00,68.5,69.0,67.0,69.0,11360,0.0,0.0
2018-01-31 00:00:00-05:00,69.0,70.0,67.0,67.5,18230,0.0,0.0
2018-02-01 00:00:00-05:00,67.0,68.5,66.0,66.5,12520,0.0,0.0
2018-02-02 00:00:00-05:00,66.5,67.5,65.0999984741211,65.5,15930,0.0,0.0
2018-02-05 00:00:00-05:00,65.0,66.5,62.5,63.0,15430,0.0,0.0
2018-02-06 00:00:00-05:00,52.5,57.29999923706055,49.0,56.0,116120,0.0,0.0
2018-02-07 00:00:00-05:00,55.0,55.0,53.0,53.5,48650,0.0,0.0
2018-02-08 00:00:00-05:00,53.0,53.29999923706055,49.5,50.0,79630,0.0,0.0
2018-02-09 00:00:00-05:00,50.5,52.5,50.0,52.0,51570,0.0,0.0
2018-02-12 00:00:00-05:00,52.5,53.29999923706055,51.5,52.0,31550,0.0,0.0
2018-02-13 00:00:00-05:00,51.5,51.5,49.5,51.0,35230,0.0,0.0
2018-02-14 00:00:00-05:00,50.5,52.0,50.0,52.0,30840,0.0,0.0
2018-02-15 00:00:00-05:00,52.0,52.599998474121094,51.0,51.5,22830,0.0,0.0
2018-02-16 00:00:00-05:00,51.5,56.0,51.0,56.0,39280,0.0,0.0
2018-02-20 00:00:00-05:00,55.0,56.0,53.5,55.29999923706055,41920,0.0,0.0
2018-02-21 00:00:00-05:00,55.5,56.0,54.0,55.0,31700,0.0,0.0
2018-02-22 00:00:00-05:00,55.0,55.0,52.5,53.0,39700,0.0,0.0
2018-02-23 00:00:00-05:00,53.5,54.0,52.79999923706055,54.0,24840,0.0,0.0
2018-02-26 00:00:00-05:00,53.5,54.5,53.29999923706055,54.5,21630,0.0,0.0
2018-02-27 00:00:00-05:00,54.5,55.0,54.0,54.5,15240,0.0,0.0
2018-02-28 00:00:00-05:00,54.5,54.5,53.0,53.0,17130,0.0,0.0
2018-03-01 00:00:00-05:00,52.5,53.5,50.0,51.0,32620,0.0,0.0
2018-03-02 00:00:00-05:00,51.0,53.0,49.5,51.5,48990,0.0,0.0
2018-03-05 00:00:00-05:00,51.5,53.0,51.0,53.0,9600,0.0,0.0
2018-03-06 00:00:00-05:00,52.5,54.29999923706055,52.29999923706055,53.5,21470,0.0,0.0
2018-03-07 00:00:00-05:00,53.5,56.29999923706055,53.5,55.5,23740,0.0,0.0
2018-03-08 00:00:00-05:00,55.5,56.5,54.0,55.0,16250,0.0,0.0
2018-03-09 00:00:00-05:00,55.0,56.0,54.5,55.0,18040,0.0,0.0
2018-03-12 00:00:00-04:00,54.5,57.5,54.5,56.0,36920,0.0,0.0
2018-03-13 00:00:00-04:00,56.0,57.0,55.0,56.0,30230,0.0,0.0
2018-03-14 00:00:00-04:00,56.5,57.5,55.0,57.29999923706055,11520,0.0,0.0
2018-03-15 00:00:00-04:00,57.0,58.5,57.0,57.5,19130,0.0,0.0
2018-03-16 00:00:00-04:00,57.5,60.0,57.0,59.5,23300,0.0,0.0
2018-03-19 00:00:00-04:00,62.0,63.0,58.5,62.0,39520,0.0,0.0
2018-03-20 00:00:00-04:00,62.0,62.5,58.5,59.5,13660,0.0,0.0
2018-03-21 00:00:00-04:00,59.0,63.0,58.5,61.5,21280,0.0,0.0
2018-03-22 00:00:00-04:00,61.0,62.5,59.79999923706055,61.0,19710,0.0,0.0
2018-03-23 00:00:00-04:00,60.5,61.5,58.0,58.5,24960,0.0,0.0
2018-03-26 00:00:00-04:00,59.0,60.0,57.5,59.0,14890,0.0,0.0
2018-03-27 00:00:00-04:00,59.5,59.5,56.5,57.5,15780,0.0,0.0
2018-03-28 00:00:00-04:00,58.0,58.0,56.0,56.5,27220,0.0,0.0
2018-03-29 00:00:00-04:00,56.5,58.0,56.5,57.0,12070,0.0,0.0
2018-04-02 00:00:00-04:00,57.0,57.0,55.0,55.5,14890,0.0,0.0
2018-04-03 00:00:00-04:00,55.5,56.5,55.0,55.5,8660,0.0,0.0
2018-04-04 00:00:00-04:00,54.5,57.5,54.0,56.5,11570,0.0,0.0
2018-04-05 00:00:00-04:00,56.5,58.5,56.5,58.0,13260,0.0,0.0
2018-04-06 00:00:00-04:00,58.0,58.5,54.5,56.0,18570,0.0,0.0
2018-04-09 00:00:00-04:00,56.5,57.0,55.5,56.0,11430,0.0,0.0
2018-04-10 00:00:00-04:00,50.0,52.5,49.0,50.0,43970,0.0,0.0
2018-04-11 00:00:00-04:00,50.5,50.5,48.5,48.79999923706055,22510,0.0,0.0
2018-04-12 00:00:00-04:00,48.5,50.5,48.0,49.5,19690,0.0,0.0
2018-04-13 00:00:00-04:00,49.5,49.5,48.0,49.0,18310,0.0,0.0
2018-04-16 00:00:00-04:00,49.0,49.0,47.0,47.5,13690,0.0,0.0
2018-04-17 00:00:00-04:00,48.0,49.0,47.0,47.5,28530,0.0,0.0
2018-04-18 00:00:00-04:00,47.5,48.5,47.0,47.0,11640,0.0,0.0
2018-04-19 00:00:00-04:00,47.5,49.0,46.0,46.5,19160,0.0,0.0
2018-04-20 00:00:00-04:00,46.0,48.5,46.0,47.0,10920,0.0,0.0
2018-04-23 00:00:00-04:00,46.5,47.0,45.5,47.0,19730,0.0,0.0
2018-04-24 00:00:00-04:00,46.5,47.5,45.5,46.0,16940,0.0,0.0
2018-04-25 00:00:00-04:00,45.5,45.5,44.0,44.5,35970,0.0,0.0
2018-04-26 00:00:00-04:00,45.0,48.5,45.0,47.5,27020,0.0,0.0
2018-04-27 00:00:00-04:00,47.5,47.5,45.5,45.79999923706055,19270,0.0,0.0
2018-04-30 00:00:00-04:00,46.0,46.5,45.0,45.0,15250,0.0,0.0
2018-05-01 00:00:00-04:00,45.5,48.0,45.29999923706055,47.5,23510,0.0,0.0
2018-05-02 00:00:00-04:00,47.5,48.5,47.0,47.5,16260,0.0,0.0
2018-05-03 00:00:00-04:00,44.5,49.0,44.5,48.5,20950,0.0,0.0
2018-05-04 00:00:00-04:00,50.0,51.79999923706055,49.70000076293945,50.5,41690,0.0,0.0
2018-05-07 00:00:00-04:00,50.5,50.5,49.29999923706055,49.5,17820,0.0,0.0
2018-05-08 00:00:00-04:00,49.5,50.0,48.5,49.0,18730,0.0,0.0
2018-05-09 00:00:00-04:00,49.5,52.0,48.5,51.0,16790,0.0,0.0
2018-05-10 00:00:00-04:00,51.5,51.5,48.79999923706055,49.0,16300,0.0,0.0
2018-05-11 00:00:00-04:00,49.0,49.70000076293945,46.5,47.5,24870,0.0,0.0
2018-05-14 00:00:00-04:00,48.0,49.0,46.5,46.79999923706055,25950,0.0,0.0
2018-05-15 00:00:00-04:00,46.5,47.0,46.0,46.0,20340,0.0,0.0
2018-05-16 00:00:00-04:00,46.5,47.5,46.5,47.0,19770,0.0,0.0
2018-05-17 00:00:00-04:00,47.0,48.0,46.5,47.5,41460,0.0,0.0
2018-05-18 00:00:00-04:00,48.0,48.0,46.5,46.5,10890,0.0,0.0
2018-05-21 00:00:00-04:00,46.5,48.0,46.29999923706055,46.79999923706055,18130,0.0,0.0
2018-05-22 00:00:00-04:00,47.0,49.5,46.79999923706055,49.0,22630,0.0,0.0
2018-05-23 00:00:00-04:00,49.0,51.29999923706055,48.29999923706055,50.5,31580,0.0,0.0
2018-05-24 00:00:00-04:00,50.5,51.0,50.0,50.5,16060,0.0,0.0
2018-05-25 00:00:00-04:00,50.5,51.5,50.5,51.0,11020,0.0,0.0
2018-05-29 00:00:00-04:00,50.5,51.0,49.599998474121094,50.5,13410,0.0,0.0
2018-05-30 00:00:00-04:00,50.5,51.5,49.5,50.5,26930,0.0,0.0
2018-05-31 00:00:00-04:00,51.0,52.0,50.5,51.0,32180,0.0,0.0
2018-06-01 00:00:00-04:00,51.0,52.0,50.5,52.0,56290,0.0,0.0
2018-06-04 00:00:00-04:00,52.0,54.5,51.5,53.0,32790,0.0,0.0
2018-06-05 00:00:00-04:00,53.5,54.0,52.0,52.79999923706055,18820,0.0,0.0
2018-06-06 00:00:00-04:00,52.5,53.5,52.0,53.0,14220,0.0,0.0
2018-06-07 00:00:00-04:00,53.0,53.5,52.0,52.0,11270,0.0,0.0
2018-06-08 00:00:00-04:00,52.5,53.79999923706055,51.5,52.5,16220,0.0,0.0
2018-06-11 00:00:00-04:00,52.5,54.0,52.5,53.5,10800,0.0,0.0
2018-06-12 00:00:00-04:00,53.5,55.29999923706055,53.0,54.5,15800,0.0,0.0
2018-06-13 00:00:00-04:00,54.5,56.5,54.0,55.0,8760,0.0,0.0
2018-06-14 00:00:00-04:00,55.5,55.5,54.0,55.0,19190,0.0,0.0
2018-06-15 00:00:00-04:00,54.5,55.5,54.0,55.0,21070,0.0,0.0
2018-06-18 00:00:00-04:00,55.0,56.0,54.29999923706055,56.0,13920,0.0,0.0
2018-06-19 00:00:00-04:00,55.5,56.0,54.5,55.5,15440,0.0,0.0
2018-06-20 00:00:00-04:00,56.0,56.5,54.5,55.0,17280,0.0,0.0
2018-06-21 00:00:00-04:00,55.0,55.5,53.5,54.0,21800,0.0,0.0
2018-06-22 00:00:00-04:00,54.0,55.5,52.79999923706055,53.5,297690,0.0,0.0
2018-06-25 00:00:00-04:00,52.5,53.0,50.29999923706055,51.0,23570,0.0,0.0
2018-06-26 00:00:00-04:00,50.5,53.5,50.5,52.5,16420,0.0,0.0
2018-06-27 00:00:00-04:00,52.5,53.0,51.0,51.0,17500,0.0,0.0
2018-06-28 00:00:00-04:00,51.5,52.0,50.0,51.0,14850,0.0,0.0
2018-06-29 00:00:00-04:00,51.0,51.5,50.0,50.5,14530,0.0,0.0
2018-07-02 00:00:00-04:00,50.0,51.5,49.0,51.0,16620,0.0,0.0
2018-07-03 00:00:00-04:00,51.5,51.5,50.0,50.5,10870,0.0,0.0
2018-07-05 00:00:00-04:00,50.5,51.5,50.0,50.0,8220,0.0,0.0
2018-07-06 00:00:00-04:00,50.5,51.0,50.0,50.5,4580,0.0,0.0
2018-07-09 00:00:00-04:00,51.0,52.5,51.0,51.0,8840,0.0,0.0
2018-07-10 00:00:00-04:00,51.0,54.0,51.0,53.0,11390,0.0,0.0
2018-07-11 00:00:00-04:00,52.5,54.0,52.5,52.5,6240,0.0,0.0
2018-07-12 00:00:00-04:00,52.5,53.0,52.0,52.5,6590,0.0,0.0
2018-07-13 00:00:00-04:00,52.5,52.5,50.5,51.0,8080,0.0,0.0
2018-07-16 00:00:00-04:00,51.0,52.5,51.0,52.0,31600,0.0,0.0
2018-07-17 00:00:00-04:00,52.0,55.0,51.5,54.0,15010,0.0,0.0
2018-07-18 00:00:00-04:00,54.0,54.0,53.0,53.5,10200,0.0,0.0
2018-07-19 00:00:00-04:00,53.5,54.5,51.5,52.0,6740,0.0,0.0
2018-07-20 00:00:00-04:00,52.0,53.0,51.5,53.0,3650,0.0,0.0
2018-07-23 00:00:00-04:00,52.5,52.5,51.5,51.5,2800,0.0,0.0
2018-07-24 00:00:00-04:00,51.5,52.79999923706055,48.5,51.0,36250,0.0,0.0
2018-07-25 00:00:00-04:00,51.5,52.0,50.29999923706055,51.0,6870,0.0,0.0
2018-07-26 00:00:00-04:00,51.0,52.0,50.5,52.0,4660,0.0,0.0
2018-07-27 00:00:00-04:00,51.5,53.5,50.5,51.0,9030,0.0,0.0
2018-07-30 00:00:00-04:00,51.0,53.0,51.0,52.0,10060,0.0,0.0
2018-07-31 00:00:00-04:00,52.0,52.0,50.5,50.5,8360,0.0,0.0
2018-08-01 00:00:00-04:00,51.0,52.5,50.5,52.0,13720,0.0,0.0
2018-08-02 00:00:00-04:00,51.0,51.29999923706055,46.5,50.0,47380,0.0,0.0
2018-08-03 00:00:00-04:00,51.0,51.0,46.5,50.0,12570,0.0,0.0
2018-08-06 00:00:00-04:00,49.5,50.0,48.5,49.5,7960,0.0,0.0
2018-08-07 00:00:00-04:00,49.5,49.5,48.0,48.5,16620,0.0,0.0
2018-08-08 00:00:00-04:00,49.0,49.5,48.0,49.5,7670,0.0,0.0
2018-08-09 00:00:00-04:00,50.0,50.0,49.0,49.5,2710,0.0,0.0
2018-08-10 00:00:00-04:00,49.0,51.0,48.0,48.5,8930,0.0,0.0
2018-08-13 00:00:00-04:00,48.5,49.0,47.0,47.5,9650,0.0,0.0
2018-08-14 00:00:00-04:00,47.5,48.0,45.0,46.29999923706055,31060,0.0,0.0
2018-08-15 00:00:00-04:00,45.0,47.0,44.5,46.5,20760,0.0,0.0
2018-08-16 00:00:00-04:00,47.0,47.5,46.0,46.5,10670,0.0,0.0
2018-08-17 00:00:00-04:00,46.5,47.5,46.5,47.0,1220,0.0,0.0
2018-08-20 00:00:00-04:00,46.5,47.5,46.0,46.0,14380,0.0,0.0
2018-08-21 00:00:00-04:00,46.5,47.5,45.0,47.5,5940,0.0,0.0
2018-08-22 00:00:00-04:00,46.5,47.79999923706055,46.5,47.5,8770,0.0,0.0
2018-08-23 00:00:00-04:00,47.0,48.5,47.0,47.5,3080,0.0,0.0
2018-08-24 00:00:00-04:00,47.5,49.0,47.099998474121094,48.0,15850,0.0,0.0
2018-08-27 00:00:00-04:00,47.5,49.0,47.5,48.5,7570,0.0,0.0
2018-08-28 00:00:00-04:00,48.0,51.5,48.0,49.5,36620,0.0,0.0
2018-08-29 00:00:00-04:00,49.5,50.5,48.5,48.79999923706055,51690,0.0,0.0
2018-08-30 00:00:00-04:00,49.0,49.0,48.0,48.5,10710,0.0,0.0
2018-08-31 00:00:00-04:00,48.0,49.5,47.5,48.5,5880,0.0,0.0
2018-09-04 00:00:00-04:00,49.0,49.5,47.5,48.5,11180,0.0,0.0
2018-09-05 00:00:00-04:00,48.5,48.5,46.5,46.5,7450,0.0,0.0
2018-09-06 00:00:00-04:00,46.5,47.5,45.5,46.0,3740,0.0,0.0
2018-09-07 00:00:00-04:00,46.0,47.0,45.5,45.5,6040,0.0,0.0
2018-09-10 00:00:00-04:00,45.5,47.5,45.0,46.5,11060,0.0,0.0
2018-09-11 00:00:00-04:00,47.0,47.0,45.5,45.5,17280,0.0,0.0
2018-09-12 00:00:00-04:00,45.0,45.0,44.5,44.5,5460,0.0,0.0
2018-09-13 00:00:00-04:00,44.5,46.0,44.5,45.0,5290,0.0,0.0
2018-09-14 00:00:00-04:00,45.0,46.0,44.5,45.0,5690,0.0,0.0
2018-09-17 00:00:00-04:00,45.0,48.0,44.0,45.0,16910,0.0,0.0
2018-09-18 00:00:00-04:00,44.5,45.5,44.5,44.5,14080,0.0,0.0
2018-09-19 00:00:00-04:00,44.5,44.79999923706055,44.0,44.0,10260,0.0,0.0
2018-09-20 00:00:00-04:00,44.0,45.5,44.0,45.0,6360,0.0,0.0
2018-09-21 00:00:00-04:00,44.5,46.29999923706055,44.5,46.0,31580,0.0,0.0
2018-09-24 00:00:00-04:00,45.5,46.0,45.0,45.5,10320,0.0,0.0
2018-09-25 00:00:00-04:00,45.5,46.5,44.5,45.0,14420,0.0,0.0
2018-09-26 00:00:00-04:00,44.5,46.5,44.5,45.5,7780,0.0,0.0
2018-09-27 00:00:00-04:00,45.0,47.0,45.0,46.5,7380,0.0,0.0
2018-09-28 00:00:00-04:00,46.0,47.79999923706055,46.0,47.5,9940,0.0,0.0
2018-10-01 00:00:00-04:00,47.400001525878906,48.29999923706055,45.0,45.0,30420,0.0,0.0
2018-10-02 00:00:00-04:00,46.5,46.5,45.099998474121094,46.20000076293945,22470,0.0,0.0
2018-10-03 00:00:00-04:00,46.099998474121094,46.79999923706055,45.5,46.29999923706055,14700,0.0,0.0
2018-10-04 00:00:00-04:00,46.099998474121094,46.099998474121094,45.5,45.70000076293945,9790,0.0,0.0
2018-10-05 00:00:00-04:00,50.29999923706055,51.0,47.400001525878906,48.70000076293945,81940,0.0,0.0
2018-10-08 00:00:00-04:00,48.599998474121094,53.400001525878906,48.599998474121094,52.70000076293945,82040,0.0,0.0
2018-10-09 00:00:00-04:00,52.599998474121094,53.5,52.099998474121094,52.20000076293945,35120,0.0,0.0
2018-10-10 00:00:00-04:00,52.099998474121094,55.400001525878906,51.900001525878906,54.0,37770,0.0,0.0
2018-10-11 00:00:00-04:00,54.099998474121094,55.0,52.099998474121094,52.29999923706055,16300,0.0,0.0
2018-10-12 00:00:00-04:00,52.900001525878906,54.099998474121094,50.900001525878906,51.79999923706055,26830,0.0,0.0
2018-10-15 00:00:00-04:00,51.400001525878906,53.400001525878906,50.900001525878906,52.79999923706055,10950,0.0,0.0
2018-10-16 00:00:00-04:00,53.099998474121094,53.099998474121094,51.400001525878906,51.400001525878906,15510,0.0,0.0
2018-10-17 00:00:00-04:00,51.0,52.400001525878906,50.599998474121094,50.900001525878906,25570,0.0,0.0
2018-10-18 00:00:00-04:00,51.0,51.70000076293945,49.29999923706055,50.900001525878906,11480,0.0,0.0
2018-10-19 00:00:00-04:00,50.70000076293945,52.0,50.0,50.5,6710,0.0,0.0
2018-10-22 00:00:00-04:00,50.599998474121094,51.900001525878906,49.5,50.099998474121094,5040,0.0,0.0
2018-10-23 00:00:00-04:00,49.599998474121094,50.79999923706055,47.599998474121094,50.400001525878906,4840,0.0,0.0
2018-10-24 00:00:00-04:00,50.0,50.29999923706055,48.70000076293945,50.099998474121094,12060,0.0,0.0
2018-10-25 00:00:00-04:00,50.400001525878906,51.79999923706055,49.20000076293945,49.5,17870,0.0,0.0
2018-10-26 00:00:00-04:00,49.0,51.0,48.79999923706055,49.599998474121094,23010,0.0,0.0
2018-10-29 00:00:00-04:00,49.900001525878906,52.0,48.400001525878906,49.0,10700,0.0,0.0
2018-10-30 00:00:00-04:00,48.900001525878906,50.0,48.400001525878906,48.900001525878906,10330,0.0,0.0
2018-10-31 00:00:00-04:00,49.20000076293945,50.0,48.70000076293945,49.29999923706055,5110,0.0,0.0
2018-11-01 00:00:00-04:00,49.20000076293945,52.0,49.20000076293945,51.70000076293945,6240,0.0,0.0
2018-11-02 00:00:00-04:00,51.79999923706055,53.900001525878906,51.400001525878906,53.20000076293945,7850,0.0,0.0
2018-11-05 00:00:00-05:00,53.099998474121094,54.599998474121094,51.70000076293945,52.400001525878906,5040,0.0,0.0
2018-11-06 00:00:00-05:00,52.20000076293945,53.5,51.79999923706055,52.400001525878906,5290,0.0,0.0
2018-11-07 00:00:00-05:00,52.70000076293945,53.0,51.5,51.900001525878906,3380,0.0,0.0
2018-11-08 00:00:00-05:00,51.599998474121094,51.900001525878906,49.900001525878906,50.0,4060,0.0,0.0
2018-11-09 00:00:00-05:00,48.0,49.599998474121094,46.400001525878906,46.79999923706055,16600,0.0,0.0
2018-11-12 00:00:00-05:00,46.5,46.70000076293945,42.79999923706055,43.70000076293945,29300,0.0,0.0
2018-11-13 00:00:00-05:00,43.599998474121094,46.20000076293945,43.599998474121094,44.0,7930,0.0,0.0
2018-11-14 00:00:00-05:00,44.79999923706055,46.099998474121094,44.5,45.0,8290,0.0,0.0
2018-11-15 00:00:00-05:00,45.0,45.599998474121094,44.29999923706055,45.099998474121094,6170,0.0,0.0
2018-11-16 00:00:00-05:00,44.599998474121094,45.5,44.0,45.20000076293945,6610,0.0,0.0
2018-11-19 00:00:00-05:00,45.099998474121094,45.29999923706055,44.29999923706055,44.5,3000,0.0,0.0
2018-11-20 00:00:00-05:00,44.400001525878906,44.70000076293945,43.20000076293945,44.400001525878906,7200,0.0,0.0
2018-11-21 00:00:00-05:00,44.400001525878906,45.29999923706055,44.0,44.29999923706055,5850,0.0,0.0
2018-11-23 00:00:00-05:00,44.0,44.900001525878906,43.599998474121094,44.5,4320,0.0,0.0
2018-11-26 00:00:00-05:00,44.5,44.5,43.5,44.20000076293945,7530,0.0,0.0
2018-11-27 00:00:00-05:00,44.099998474121094,44.5,43.5,43.599998474121094,5110,0.0,0.0
2018-11-28 00:00:00-05:00,43.599998474121094,44.900001525878906,43.5,44.099998474121094,5340,0.0,0.0
2018-11-29 00:00:00-05:00,44.0,44.79999923706055,43.5,44.29999923706055,7200,0.0,0.0
2018-11-30 00:00:00-05:00,44.099998474121094,46.0,44.099998474121094,45.5,9540,0.0,0.0
2018-12-03 00:00:00-05:00,45.599998474121094,47.400001525878906,45.400001525878906,46.5,7940,0.0,0.0
2018-12-04 00:00:00-05:00,49.5,52.0,47.29999923706055,48.599998474121094,15700,0.0,0.0
2018-12-06 00:00:00-05:00,48.5,49.5,46.599998474121094,48.099998474121094,6440,0.0,0.0
2018-12-07 00:00:00-05:00,48.099998474121094,49.0,46.79999923706055,47.099998474121094,4450,0.0,0.0
2018-12-10 00:00:00-05:00,46.29999923706055,47.5,45.70000076293945,46.0,3280,0.0,0.0
2018-12-11 00:00:00-05:00,46.70000076293945,46.79999923706055,44.5,45.29999923706055,12730,0.0,0.0
2018-12-12 00:00:00-05:00,45.900001525878906,47.0,45.79999923706055,46.599998474121094,9520,0.0,0.0
2018-12-13 00:00:00-05:00,46.70000076293945,47.5,44.79999923706055,44.79999923706055,5170,0.0,0.0
2018-12-14 00:00:00-05:00,45.5,45.5,43.20000076293945,43.599998474121094,9190,0.0,0.0
2018-12-17 00:00:00-05:00,42.599998474121094,43.400001525878906,41.29999923706055,42.0,18930,0.0,0.0
2018-12-18 00:00:00-05:00,42.0,43.0,40.400001525878906,40.70000076293945,11270,0.0,0.0
2018-12-19 00:00:00-05:00,41.099998474121094,42.400001525878906,41.0,41.099998474121094,5880,0.0,0.0
2018-12-20 00:00:00-05:00,41.0,41.099998474121094,39.400001525878906,40.29999923706055,11160,0.0,0.0
2018-12-21 00:00:00-05:00,40.29999923706055,41.79999923706055,39.79999923706055,41.400001525878906,15110,0.0,0.0
2018-12-24 00:00:00-05:00,41.400001525878906,42.0,39.5,39.79999923706055,5500,0.0,0.0
2018-12-26 00:00:00-05:00,40.20000076293945,40.599998474121094,39.29999923706055,40.599998474121094,4510,0.0,0.0
2018-12-27 00:00:00-05:00,40.5,41.599998474121094,39.900001525878906,39.900001525878906,16570,0.0,0.0
2018-12-28 00:00:00-05:00,40.0,41.0,39.599998474121094,40.900001525878906,15630,0.0,0.0
2018-12-31 00:00:00-05:00,40.79999923706055,42.0,40.79999923706055,42.0,9670,0.0,0.0
2019-01-02 00:00:00-05:00,41.5,45.400001525878906,41.099998474121094,45.400001525878906,6820,0.0,0.0
2019-01-03 00:00:00-05:00,45.099998474121094,45.5,43.900001525878906,44.70000076293945,3580,0.0,0.0
2019-01-04 00:00:00-05:00,45.0,47.599998474121094,43.400001525878906,46.400001525878906,7010,0.0,0.0
2019-01-07 00:00:00-05:00,46.400001525878906,49.70000076293945,46.400001525878906,48.400001525878906,15400,0.0,0.0
2019-01-08 00:00:00-05:00,48.70000076293945,49.5,46.599998474121094,47.79999923706055,5680,0.0,0.0
2019-01-09 00:00:00-05:00,47.5,48.70000076293945,47.099998474121094,47.70000076293945,4090,0.0,0.0
2019-01-10 00:00:00-05:00,47.70000076293945,48.29999923706055,46.70000076293945,47.0,5620,0.0,0.0
2019-01-11 00:00:00-05:00,46.79999923706055,47.79999923706055,46.599998474121094,46.79999923706055,2120,0.0,0.0
2019-01-14 00:00:00-05:00,46.79999923706055,46.79999923706055,44.5,45.0,25550,0.0,0.0
2019-01-15 00:00:00-05:00,44.70000076293945,48.599998474121094,44.70000076293945,45.400001525878906,4290,0.0,0.0
2019-01-16 00:00:00-05:00,45.099998474121094,46.900001525878906,45.099998474121094,46.29999923706055,1790,0.0,0.0
2019-01-17 00:00:00-05:00,45.79999923706055,46.5,45.20000076293945,46.400001525878906,3210,0.0,0.0
2019-01-18 00:00:00-05:00,46.29999923706055,46.79999923706055,45.70000076293945,46.5,5440,0.0,0.0
2019-01-22 00:00:00-05:00,46.5,47.0,46.099998474121094,46.099998474121094,2850,0.0,0.0
2019-01-23 00:00:00-05:00,46.5,46.70000076293945,45.20000076293945,46.20000076293945,4370,0.0,0.0
2019-01-24 00:00:00-05:00,46.20000076293945,46.20000076293945,44.79999923706055,45.20000076293945,13010,0.0,0.0
2019-01-25 00:00:00-05:00,44.79999923706055,46.099998474121094,44.79999923706055,45.400001525878906,4040,0.0,0.0
2019-01-28 00:00:00-05:00,46.0,46.29999923706055,45.20000076293945,45.79999923706055,8960,0.0,0.0
2019-01-29 00:00:00-05:00,45.70000076293945,45.900001525878906,44.5,44.5,2930,0.0,0.0
2019-01-30 00:00:00-05:00,44.70000076293945,44.79999923706055,43.79999923706055,43.900001525878906,7560,0.0,0.0
2019-01-31 00:00:00-05:00,43.70000076293945,44.29999923706055,43.29999923706055,43.900001525878906,5380,0.0,0.0
2019-02-01 00:00:00-05:00,43.20000076293945,44.0,43.20000076293945,43.599998474121094,14200,0.0,0.0
2019-02-04 00:00:00-05:00,43.70000076293945,44.0,43.29999923706055,43.70000076293945,9190,0.0,0.0
2019-02-05 00:00:00-05:00,43.5,45.0,43.5,44.0,13230,0.0,0.0
2019-02-06 00:00:00-05:00,44.900001525878906,46.70000076293945,44.900001525878906,45.900001525878906,14330,0.0,0.0
2019-02-07 00:00:00-05:00,44.70000076293945,45.400001525878906,41.70000076293945,43.20000076293945,58040,0.0,0.0
2019-02-08 00:00:00-05:00,43.900001525878906,43.900001525878906,42.400001525878906,42.70000076293945,7760,0.0,0.0
2019-02-11 00:00:00-05:00,42.599998474121094,43.29999923706055,42.099998474121094,42.900001525878906,2900,0.0,0.0
2019-02-12 00:00:00-05:00,42.0,43.20000076293945,41.400001525878906,42.099998474121094,21300,0.0,0.0
2019-02-13 00:00:00-05:00,42.5,42.79999923706055,40.900001525878906,41.0,11210,0.0,0.0
2019-02-14 00:00:00-05:00,41.20000076293945,41.20000076293945,40.5,41.0,10450,0.0,0.0
2019-02-15 00:00:00-05:00,41.099998474121094,41.099998474121094,40.70000076293945,40.70000076293945,10010,0.0,0.0
2019-02-19 00:00:00-05:00,40.5,41.79999923706055,40.5,41.599998474121094,12970,0.0,0.0
2019-02-20 00:00:00-05:00,41.79999923706055,42.79999923706055,40.599998474121094,41.900001525878906,3840,0.0,0.0
2019-02-21 00:00:00-05:00,42.099998474121094,42.70000076293945,41.599998474121094,42.0,2100,0.0,0.0
2019-02-22 00:00:00-05:00,41.599998474121094,42.79999923706055,41.29999923706055,42.20000076293945,8520,0.0,0.0
2019-02-25 00:00:00-05:00,41.79999923706055,43.099998474121094,41.599998474121094,41.900001525878906,8820,0.0,0.0
2019-02-26 00:00:00-05:00,42.0,42.20000076293945,41.400001525878906,41.5,4700,0.0,0.0
2019-02-27 00:00:00-05:00,41.900001525878906,41.900001525878906,41.20000076293945,41.400001525878906,6060,0.0,0.0
2019-02-28 00:00:00-05:00,41.20000076293945,41.5,40.79999923706055,41.0,5220,0.0,0.0
2019-03-01 00:00:00-05:00,41.0,41.5,40.79999923706055,40.900001525878906,3680,0.0,0.0
2019-03-04 00:00:00-05:00,41.400001525878906,41.70000076293945,40.70000076293945,40.79999923706055,10450,0.0,0.0
2019-03-05 00:00:00-05:00,40.5,41.400001525878906,40.5,41.400001525878906,2590,0.0,0.0
2019-03-06 00:00:00-05:00,41.29999923706055,41.29999923706055,40.400001525878906,40.400001525878906,6550,0.0,0.0
2019-03-07 00:00:00-05:00,40.400001525878906,40.900001525878906,39.599998474121094,40.0,8230,0.0,0.0
2019-03-08 00:00:00-05:00,40.70000076293945,40.70000076293945,40.0,40.29999923706055,2580,0.0,0.0
2019-03-11 00:00:00-04:00,40.20000076293945,40.79999923706055,39.599998474121094,40.400001525878906,35940,0.0,0.0
2019-03-12 00:00:00-04:00,40.29999923706055,42.599998474121094,40.29999923706055,42.0,143270,0.0,0.0
2019-03-13 00:00:00-04:00,42.5,42.5,41.400001525878906,41.400001525878906,30890,0.0,0.0
2019-03-14 00:00:00-04:00,41.70000076293945,41.900001525878906,41.20000076293945,41.5,21110,0.0,0.0
2019-03-15 00:00:00-04:00,41.400001525878906,41.5,40.400001525878906,40.70000076293945,24970,0.0,0.0
2019-03-18 00:00:00-04:00,40.400001525878906,41.0,39.5,39.599998474121094,17880,0.0,0.0
2019-03-19 00:00:00-04:00,39.0,39.599998474121094,36.5,38.70000076293945,39750,0.0,0.0
2019-03-20 00:00:00-04:00,38.900001525878906,39.20000076293945,38.0,38.5,12250,0.0,0.0
2019-03-21 00:00:00-04:00,38.29999923706055,39.5,38.099998474121094,38.900001525878906,8630,0.0,0.0
2019-03-22 00:00:00-04:00,38.79999923706055,39.400001525878906,37.599998474121094,38.400001525878906,12620,0.0,0.0
2019-03-25 00:00:00-04:00,38.5,38.599998474121094,36.900001525878906,37.099998474121094,6300,0.0,0.0
2019-03-26 00:00:00-04:00,37.099998474121094,37.29999923706055,35.20000076293945,36.599998474121094,84730,0.0,0.0
2019-03-27 00:00:00-04:00,36.29999923706055,38.0,36.20000076293945,37.599998474121094,10870,0.0,0.0
2019-03-28 00:00:00-04:00,37.599998474121094,38.29999923706055,37.0,37.099998474121094,5550,0.0,0.0
2019-03-29 00:00:00-04:00,36.900001525878906,37.900001525878906,36.20000076293945,36.5,8570,0.0,0.0
2019-04-01 00:00:00-04:00,36.70000076293945,37.599998474121094,36.099998474121094,36.70000076293945,44840,0.0,0.0
2019-04-02 00:00:00-04:00,39.099998474121094,40.0,37.099998474121094,39.900001525878906,54770,0.0,0.0
2019-04-03 00:00:00-04:00,39.79999923706055,39.900001525878906,39.0,39.79999923706055,11690,0.0,0.0
2019-04-04 00:00:00-04:00,39.79999923706055,39.900001525878906,39.20000076293945,39.79999923706055,11340,0.0,0.0
2019-04-05 00:00:00-04:00,39.79999923706055,40.29999923706055,39.599998474121094,39.79999923706055,29400,0.0,0.0
2019-04-08 00:00:00-04:00,39.599998474121094,40.0,39.599998474121094,39.79999923706055,4320,0.0,0.0
2019-04-09 00:00:00-04:00,39.599998474121094,39.599998474121094,38.79999923706055,39.29999923706055,5750,0.0,0.0
2019-04-10 00:00:00-04:00,39.0,39.20000076293945,38.099998474121094,38.900001525878906,14750,0.0,0.0
2019-04-11 00:00:00-04:00,40.0,41.599998474121094,40.0,41.29999923706055,32400,0.0,0.0
2019-04-12 00:00:00-04:00,41.70000076293945,42.5,41.5,41.599998474121094,10870,0.0,0.0
2019-04-15 00:00:00-04:00,41.900001525878906,42.0,40.099998474121094,40.5,8780,0.0,0.0
2019-04-16 00:00:00-04:00,41.0,41.79999923706055,40.70000076293945,41.20000076293945,5650,0.0,0.0
2019-04-17 00:00:00-04:00,41.20000076293945,41.70000076293945,40.400001525878906,40.599998474121094,6450,0.0,0.0
2019-04-18 00:00:00-04:00,40.599998474121094,41.20000076293945,40.099998474121094,40.29999923706055,7600,0.0,0.0
2019-04-22 00:00:00-04:00,40.20000076293945,41.0,40.20000076293945,40.5,9970,0.0,0.0
2019-04-23 00:00:00-04:00,40.29999923706055,41.400001525878906,40.099998474121094,41.099998474121094,6480,0.0,0.0
2019-04-24 00:00:00-04:00,41.0,42.0,40.70000076293945,41.400001525878906,4590,0.0,0.0
2019-04-25 00:00:00-04:00,41.400001525878906,41.599998474121094,40.099998474121094,40.5,5130,0.0,0.0
2019-04-26 00:00:00-04:00,40.29999923706055,41.0,40.20000076293945,40.599998474121094,2400,0.0,0.0
2019-04-29 00:00:00-04:00,40.400001525878906,40.5,39.29999923706055,39.400001525878906,6230,0.0,0.0
2019-04-30 00:00:00-04:00,39.29999923706055,39.5,38.599998474121094,39.20000076293945,9900,0.0,0.0
2019-05-01 00:00:00-04:00,39.20000076293945,39.20000076293945,38.5,38.70000076293945,6900,0.0,0.0
2019-05-02 00:00:00-04:00,38.79999923706055,39.099998474121094,36.70000076293945,37.599998474121094,154340,0.0,0.0
2019-05-03 00:00:00-04:00,37.5,38.70000076293945,37.5,38.0,7400,0.0,0.0
2019-05-06 00:00:00-04:00,37.5,39.099998474121094,37.400001525878906,39.0,8870,0.0,0.0
2019-05-07 00:00:00-04:00,38.400001525878906,39.5,38.20000076293945,38.599998474121094,5610,0.0,0.0
2019-05-08 00:00:00-04:00,38.5,39.20000076293945,37.5,37.599998474121094,7090,0.0,0.0
2019-05-09 00:00:00-04:00,37.099998474121094,38.5,35.900001525878906,38.099998474121094,8230,0.0,0.0
2019-05-10 00:00:00-04:00,38.0,38.099998474121094,36.20000076293945,37.5,5430,0.0,0.0
2019-05-13 00:00:00-04:00,36.5,37.400001525878906,35.900001525878906,36.70000076293945,5270,0.0,0.0
2019-05-14 00:00:00-04:00,36.79999923706055,37.599998474121094,35.70000076293945,37.400001525878906,7440,0.0,0.0
2019-05-15 00:00:00-04:00,36.900001525878906,38.29999923706055,36.70000076293945,38.20000076293945,5510,0.0,0.0
2019-05-16 00:00:00-04:00,38.0,38.20000076293945,36.0,36.5,14490,0.0,0.0
2019-05-17 00:00:00-04:00,36.20000076293945,37.0,35.0,35.099998474121094,11070,0.0,0.0
2019-05-20 00:00:00-04:00,35.0,36.400001525878906,34.20000076293945,34.900001525878906,9640,0.0,0.0
2019-05-21 00:00:00-04:00,35.0,35.70000076293945,34.20000076293945,35.400001525878906,14850,0.0,0.0
2019-05-22 00:00:00-04:00,35.29999923706055,35.5,34.099998474121094,35.400001525878906,7230,0.0,0.0
2019-05-23 00:00:00-04:00,35.29999923706055,35.29999923706055,33.900001525878906,34.20000076293945,17090,0.0,0.0
2019-05-24 00:00:00-04:00,34.099998474121094,35.599998474121094,33.900001525878906,34.29999923706055,11680,0.0,0.0
2019-05-28 00:00:00-04:00,34.099998474121094,36.20000076293945,34.0,36.0,7070,0.0,0.0
2019-05-29 00:00:00-04:00,35.5,36.5,35.099998474121094,36.5,8940,0.0,0.0
2019-05-30 00:00:00-04:00,36.5,36.5,35.599998474121094,36.0,5510,0.0,0.0
2019-05-31 00:00:00-04:00,35.599998474121094,36.20000076293945,35.0,35.5,5680,0.0,0.0
2019-06-03 00:00:00-04:00,35.599998474121094,35.599998474121094,33.599998474121094,35.0,6340,0.0,0.0
2019-06-04 00:00:00-04:00,34.70000076293945,37.20000076293945,34.70000076293945,35.5,5080,0.0,0.0
2019-06-05 00:00:00-04:00,35.5,35.5,34.29999923706055,34.29999923706055,3710,0.0,0.0
2019-06-06 00:00:00-04:00,34.5,36.099998474121094,34.400001525878906,36.0,4690,0.0,0.0
2019-06-07 00:00:00-04:00,36.0,36.5,34.0,36.400001525878906,4510,0.0,0.0
2019-06-10 00:00:00-04:00,32.5,37.79999923706055,32.5,37.20000076293945,16520,0.0,0.0
2019-06-11 00:00:00-04:00,37.5,38.20000076293945,36.599998474121094,36.79999923706055,10210,0.0,0.0
2019-06-12 00:00:00-04:00,36.5,36.599998474121094,34.70000076293945,35.099998474121094,7610,0.0,0.0
2019-06-13 00:00:00-04:00,35.29999923706055,36.099998474121094,34.599998474121094,35.099998474121094,22770,0.0,0.0
2019-06-14 00:00:00-04:00,35.29999923706055,35.29999923706055,34.599998474121094,34.70000076293945,23420,0.0,0.0
2019-06-17 00:00:00-04:00,35.70000076293945,35.900001525878906,34.5,34.70000076293945,48100,0.0,0.0
2019-06-18 00:00:00-04:00,34.599998474121094,36.29999923706055,33.0,33.400001525878906,37570,0.0,0.0
2019-06-19 00:00:00-04:00,33.599998474121094,34.900001525878906,33.599998474121094,33.900001525878906,10510,0.0,0.0
2019-06-20 00:00:00-04:00,34.0,34.900001525878906,33.29999923706055,33.900001525878906,9080,0.0,0.0
2019-06-21 00:00:00-04:00,33.900001525878906,34.79999923706055,33.5,34.099998474121094,2950,0.0,0.0
2019-06-24 00:00:00-04:00,33.900001525878906,34.5,33.5,34.099998474121094,24200,0.0,0.0
2019-06-25 00:00:00-04:00,33.900001525878906,34.20000076293945,33.099998474121094,33.900001525878906,2230,0.0,0.0
2019-06-26 00:00:00-04:00,33.900001525878906,34.29999923706055,33.79999923706055,33.79999923706055,910,0.0,0.0
2019-06-27 00:00:00-04:00,34.0,34.099998474121094,33.099998474121094,33.400001525878906,3370,0.0,0.0
2019-06-28 00:00:00-04:00,33.599998474121094,33.70000076293945,32.5,32.900001525878906,6890,0.0,0.0
2019-07-01 00:00:00-04:00,33.5,34.0,33.0,33.0,3640,0.0,0.0
2019-07-02 00:00:00-04:00,32.900001525878906,33.29999923706055,32.900001525878906,33.29999923706055,1110,0.0,0.0
2019-07-03 00:00:00-04:00,33.400001525878906,33.400001525878906,32.70000076293945,32.79999923706055,440,0.0,0.0
2019-07-05 00:00:00-04:00,32.5,33.5,32.5,33.20000076293945,900,0.0,0.0
2019-07-08 00:00:00-04:00,33.099998474121094,33.29999923706055,31.399999618530273,32.0,70200,0.0,0.0
2019-07-09 00:00:00-04:00,32.29999923706055,33.599998474121094,32.0,33.0,20200,0.0,0.0
2019-07-10 00:00:00-04:00,33.099998474121094,33.599998474121094,32.5,32.599998474121094,1880,0.0,0.0
2019-07-11 00:00:00-04:00,33.099998474121094,33.099998474121094,31.600000381469727,32.900001525878906,11120,0.0,0.0
2019-07-12 00:00:00-04:00,28.600000381469727,31.799999237060547,26.799999237060547,29.5,65430,0.0,0.0
2019-07-15 00:00:00-04:00,29.399999618530273,30.200000762939453,28.5,29.899999618530273,23300,0.0,0.0
2019-07-16 00:00:00-04:00,29.799999237060547,30.700000762939453,29.200000762939453,29.799999237060547,10060,0.0,0.0
2019-07-17 00:00:00-04:00,29.799999237060547,30.700000762939453,29.200000762939453,29.200000762939453,10930,0.0,0.0
2019-07-18 00:00:00-04:00,29.200000762939453,29.399999618530273,28.399999618530273,28.5,19120,0.0,0.0
2019-07-19 00:00:00-04:00,28.5,29.5,28.0,28.299999237060547,11190,0.0,0.0
2019-07-22 00:00:00-04:00,28.200000762939453,29.200000762939453,28.200000762939453,28.5,7250,0.0,0.0
2019-07-23 00:00:00-04:00,28.899999618530273,28.899999618530273,27.799999237060547,28.299999237060547,5270,0.0,0.0
2019-07-24 00:00:00-04:00,27.899999618530273,30.700000762939453,27.799999237060547,29.899999618530273,56490,0.0,0.0
2019-07-25 00:00:00-04:00,29.700000762939453,30.0,28.5,29.0,5190,0.0,0.0
2019-07-26 00:00:00-04:00,28.899999618530273,30.100000381469727,28.899999618530273,30.0,6520,0.0,0.0
2019-07-29 00:00:00-04:00,30.0,30.5,29.700000762939453,30.0,12190,0.0,0.0
2019-07-30 00:00:00-04:00,29.799999237060547,30.600000381469727,29.799999237060547,30.299999237060547,2980,0.0,0.0
2019-07-31 00:00:00-04:00,30.0,30.5,29.700000762939453,29.799999237060547,10320,0.0,0.0
2019-08-01 00:00:00-04:00,29.799999237060547,30.5,28.5,29.299999237060547,20870,0.0,0.0
2019-08-02 00:00:00-04:00,29.299999237060547,29.799999237060547,28.5,29.600000381469727,2090,0.0,0.0
2019-08-05 00:00:00-04:00,29.100000381469727,29.100000381469727,28.5,28.799999237060547,2590,0.0,0.0
2019-08-06 00:00:00-04:00,28.799999237060547,29.700000762939453,28.799999237060547,29.200000762939453,5360,0.0,0.0
2019-08-07 00:00:00-04:00,29.600000381469727,29.899999618530273,28.700000762939453,29.0,4670,0.0,0.0
2019-08-08 00:00:00-04:00,28.600000381469727,31.700000762939453,28.5,30.799999237060547,14830,0.0,0.0
2019-08-09 00:00:00-04:00,30.299999237060547,31.200000762939453,29.5,30.200000762939453,7430,0.0,0.0
2019-08-12 00:00:00-04:00,29.899999618530273,30.700000762939453,29.399999618530273,30.0,15110,0.0,0.0
2019-08-13 00:00:00-04:00,29.100000381469727,30.799999237060547,29.100000381469727,30.299999237060547,7970,0.0,0.0
2019-08-14 00:00:00-04:00,29.799999237060547,30.200000762939453,29.0,29.0,2090,0.0,0.0
2019-08-15 00:00:00-04:00,29.299999237060547,29.600000381469727,28.5,28.5,6480,0.0,0.0
2019-08-16 00:00:00-04:00,30.399999618530273,30.399999618530273,28.700000762939453,29.299999237060547,2380,0.0,0.0
2019-08-19 00:00:00-04:00,28.600000381469727,29.600000381469727,28.299999237060547,28.899999618530273,2710,0.0,0.0
2019-08-20 00:00:00-04:00,28.700000762939453,29.299999237060547,28.5,28.5,1460,0.0,0.0
2019-08-21 00:00:00-04:00,28.899999618530273,29.600000381469727,28.799999237060547,29.100000381469727,4170,0.0,0.0
2019-08-22 00:00:00-04:00,29.399999618530273,29.399999618530273,28.600000381469727,28.700000762939453,760,0.0,0.0
2019-08-23 00:00:00-04:00,28.799999237060547,28.799999237060547,27.799999237060547,28.5,3800,0.0,0.0
2019-08-26 00:00:00-04:00,28.5,28.700000762939453,27.899999618530273,28.100000381469727,3010,0.0,0.0
2019-08-27 00:00:00-04:00,27.899999618530273,28.399999618530273,27.5,27.899999618530273,15340,0.0,0.0
2019-08-28 00:00:00-04:00,27.899999618530273,27.899999618530273,26.5,26.899999618530273,52450,0.0,0.0
2019-08-29 00:00:00-04:00,27.299999237060547,28.200000762939453,26.799999237060547,28.0,11410,0.0,0.0
2019-08-30 00:00:00-04:00,28.299999237060547,28.799999237060547,28.100000381469727,28.5,6490,0.0,0.0
2019-09-03 00:00:00-04:00,28.0,28.799999237060547,27.200000762939453,28.600000381469727,6400,0.0,0.0
2019-09-04 00:00:00-04:00,28.899999618530273,29.0,28.299999237060547,28.399999618530273,7100,0.0,0.0
2019-09-05 00:00:00-04:00,28.5,29.399999618530273,28.200000762939453,29.200000762939453,4660,0.0,0.0
2019-09-06 00:00:00-04:00,29.100000381469727,29.899999618530273,29.100000381469727,29.600000381469727,980,0.0,0.0
2019-09-09 00:00:00-04:00,29.600000381469727,29.700000762939453,29.0,29.100000381469727,1390,0.0,0.0
2019-09-10 00:00:00-04:00,29.0,29.899999618530273,28.700000762939453,29.5,10460,0.0,0.0
2019-09-11 00:00:00-04:00,29.200000762939453,31.0,28.899999618530273,29.899999618530273,6370,0.0,0.0
2019-09-12 00:00:00-04:00,29.799999237060547,30.899999618530273,29.700000762939453,30.899999618530273,15670,0.0,0.0
2019-09-13 00:00:00-04:00,30.600000381469727,31.0,30.299999237060547,30.399999618530273,2330,0.0,0.0
2019-09-16 00:00:00-04:00,30.100000381469727,31.0,30.100000381469727,30.799999237060547,3360,0.0,0.0
2019-09-17 00:00:00-04:00,30.899999618530273,30.899999618530273,29.700000762939453,29.799999237060547,2920,0.0,0.0
2019-09-18 00:00:00-04:00,30.0,30.0,29.5,29.799999237060547,2170,0.0,0.0
2019-09-19 00:00:00-04:00,30.0,30.299999237060547,29.5,29.799999237060547,2160,0.0,0.0
2019-09-20 00:00:00-04:00,29.799999237060547,31.100000381469727,29.5,31.0,9170,0.0,0.0
2019-09-23 00:00:00-04:00,30.600000381469727,30.600000381469727,30.100000381469727,30.5,3210,0.0,0.0
2019-09-24 00:00:00-04:00,29.799999237060547,30.100000381469727,29.0,29.899999618530273,1290,0.0,0.0
2019-09-25 00:00:00-04:00,29.799999237060547,30.899999618530273,29.799999237060547,30.399999618530273,13480,0.0,0.0
2019-09-26 00:00:00-04:00,30.0,30.899999618530273,30.0,30.600000381469727,2760,0.0,0.0
2019-09-27 00:00:00-04:00,30.5,30.600000381469727,29.799999237060547,30.399999618530273,5140,0.0,0.0
2019-09-30 00:00:00-04:00,30.0,30.700000762939453,30.0,30.700000762939453,310,0.0,0.0
2019-10-01 00:00:00-04:00,30.799999237060547,30.799999237060547,28.5,29.5,5240,0.0,0.0
2019-10-02 00:00:00-04:00,29.299999237060547,29.299999237060547,28.0,28.5,12220,0.0,0.0
2019-10-03 00:00:00-04:00,27.600000381469727,29.200000762939453,27.5,29.200000762939453,9760,0.0,0.0
2019-10-04 00:00:00-04:00,29.100000381469727,30.0,28.5,29.399999618530273,8650,0.0,0.0
2019-10-07 00:00:00-04:00,29.0,29.399999618530273,29.0,29.200000762939453,2300,0.0,0.0
2019-10-08 00:00:00-04:00,29.0,29.100000381469727,28.0,28.5,2310,0.0,0.0
2019-10-09 00:00:00-04:00,28.299999237060547,29.299999237060547,28.299999237060547,29.0,1750,0.0,0.0
2019-10-10 00:00:00-04:00,29.0,29.100000381469727,28.299999237060547,28.700000762939453,4330,0.0,0.0
2019-10-11 00:00:00-04:00,29.0,29.299999237060547,28.200000762939453,28.899999618530273,4220,0.0,0.0
2019-10-14 00:00:00-04:00,28.600000381469727,29.0,28.100000381469727,28.799999237060547,2380,0.0,0.0
2019-10-15 00:00:00-04:00,28.299999237060547,29.5,28.200000762939453,29.100000381469727,11090,0.0,0.0
2019-10-16 00:00:00-04:00,28.799999237060547,30.100000381469727,28.5,29.700000762939453,3810,0.0,0.0
2019-10-17 00:00:00-04:00,29.299999237060547,29.899999618530273,29.299999237060547,29.899999618530273,2240,0.0,0.0
2019-10-18 00:00:00-04:00,29.600000381469727,30.0,29.600000381469727,29.600000381469727,15720,0.0,0.0
2019-10-21 00:00:00-04:00,30.0,30.100000381469727,28.600000381469727,28.600000381469727,2170,0.0,0.0
2019-10-22 00:00:00-04:00,28.899999618530273,30.100000381469727,28.299999237060547,28.299999237060547,1060,0.0,0.0
2019-10-23 00:00:00-04:00,28.399999618530273,29.0,27.799999237060547,28.299999237060547,3070,0.0,0.0
2019-10-24 00:00:00-04:00,28.299999237060547,28.299999237060547,27.799999237060547,28.0,770,0.0,0.0
2019-10-25 00:00:00-04:00,28.200000762939453,28.600000381469727,27.600000381469727,27.899999618530273,2130,0.0,0.0
2019-10-28 00:00:00-04:00,28.0,28.5,27.5,28.0,7690,0.0,0.0
2019-10-29 00:00:00-04:00,27.700000762939453,28.200000762939453,27.5,27.899999618530273,10090,0.0,0.0
2019-10-30 00:00:00-04:00,28.100000381469727,29.799999237060547,28.100000381469727,29.600000381469727,18480,0.0,0.0
2019-10-31 00:00:00-04:00,29.299999237060547,29.899999618530273,29.0,29.700000762939453,3220,0.0,0.0
2019-11-01 00:00:00-04:00,30.0,30.100000381469727,29.600000381469727,29.600000381469727,2960,0.0,0.0
2019-11-04 00:00:00-05:00,29.5,30.399999618530273,29.399999618530273,30.399999618530273,3210,0.0,0.0
2019-11-05 00:00:00-05:00,30.0,31.100000381469727,30.0,30.899999618530273,4060,0.0,0.0
2019-11-06 00:00:00-05:00,30.899999618530273,30.899999618530273,30.5,30.700000762939453,3610,0.0,0.0
2019-11-07 00:00:00-05:00,30.600000381469727,31.100000381469727,30.5,30.899999618530273,4790,0.0,0.0
2019-11-08 00:00:00-05:00,30.700000762939453,31.200000762939453,30.5,31.200000762939453,1220,0.0,0.0
2019-11-11 00:00:00-05:00,30.799999237060547,31.299999237060547,30.399999618530273,31.100000381469727,1530,0.0,0.0
2019-11-12 00:00:00-05:00,30.899999618530273,31.600000381469727,30.700000762939453,31.299999237060547,1370,0.0,0.0
2019-11-13 00:00:00-05:00,31.299999237060547,31.5,30.200000762939453,30.799999237060547,3760,0.0,0.0
2019-11-14 00:00:00-05:00,30.600000381469727,31.200000762939453,30.600000381469727,31.0,2390,0.0,0.0
2019-11-15 00:00:00-05:00,31.0,31.799999237060547,31.0,31.600000381469727,2280,0.0,0.0
2019-11-18 00:00:00-05:00,31.700000762939453,31.700000762939453,30.700000762939453,31.0,3860,0.0,0.0
2019-11-19 00:00:00-05:00,31.100000381469727,32.20000076293945,30.799999237060547,30.899999618530273,2690,0.0,0.0
2019-11-20 00:00:00-05:00,30.600000381469727,31.399999618530273,30.299999237060547,30.299999237060547,7350,0.0,0.0
2019-11-21 00:00:00-05:00,30.100000381469727,30.700000762939453,30.100000381469727,30.600000381469727,1750,0.0,0.0
2019-11-22 00:00:00-05:00,30.399999618530273,30.799999237060547,30.0,30.299999237060547,2710,0.0,0.0
2019-11-25 00:00:00-05:00,30.5,31.5,30.299999237060547,31.5,1680,0.0,0.0
2019-11-26 00:00:00-05:00,31.399999618530273,32.0,31.299999237060547,31.799999237060547,2500,0.0,0.0
2019-11-27 00:00:00-05:00,32.099998474121094,32.099998474121094,31.399999618530273,31.799999237060547,2510,0.0,0.0
2019-11-29 00:00:00-05:00,31.5,31.600000381469727,31.200000762939453,31.600000381469727,1400,0.0,0.0
2019-12-02 00:00:00-05:00,31.799999237060547,32.0,31.700000762939453,31.899999618530273,2770,0.0,0.0
2019-12-03 00:00:00-05:00,31.5,31.899999618530273,31.0,31.399999618530273,4090,0.0,0.0
2019-12-04 00:00:00-05:00,31.299999237060547,31.899999618530273,31.299999237060547,31.700000762939453,3060,0.0,0.0
2019-12-05 00:00:00-05:00,30.799999237060547,32.0,30.5,31.600000381469727,17080,0.0,0.0
2019-12-06 00:00:00-05:00,32.0,32.0,30.700000762939453,30.899999618530273,36160,0.0,0.0
2019-12-09 00:00:00-05:00,30.899999618530273,31.299999237060547,30.700000762939453,30.700000762939453,14720,0.0,0.0
2019-12-10 00:00:00-05:00,30.299999237060547,31.0,30.100000381469727,30.200000762939453,2310,0.0,0.0
2019-12-11 00:00:00-05:00,30.100000381469727,30.399999618530273,29.700000762939453,30.200000762939453,6360,0.0,0.0
2019-12-12 00:00:00-05:00,30.200000762939453,30.899999618530273,30.200000762939453,30.399999618530273,19660,0.0,0.0
2019-12-13 00:00:00-05:00,30.399999618530273,30.899999618530273,29.299999237060547,30.700000762939453,3620,0.0,0.0
2019-12-16 00:00:00-05:00,29.899999618530273,31.200000762939453,29.700000762939453,30.899999618530273,8770,0.0,0.0
2019-12-17 00:00:00-05:00,30.899999618530273,31.700000762939453,30.299999237060547,31.399999618530273,8910,0.0,0.0
2019-12-18 00:00:00-05:00,31.100000381469727,31.700000762939453,30.399999618530273,31.399999618530273,4070,0.0,0.0
2019-12-19 00:00:00-05:00,31.200000762939453,31.5,31.100000381469727,31.200000762939453,480,0.0,0.0
2019-12-20 00:00:00-05:00,30.899999618530273,31.200000762939453,30.700000762939453,31.0,1300,0.0,0.0
2019-12-23 00:00:00-05:00,31.0,31.0,29.700000762939453,29.799999237060547,6240,0.0,0.0
2019-12-24 00:00:00-05:00,29.399999618530273,30.299999237060547,29.399999618530273,29.600000381469727,12060,0.0,0.0
2019-12-26 00:00:00-05:00,29.899999618530273,30.700000762939453,29.899999618530273,30.600000381469727,12060,0.0,0.0
2019-12-27 00:00:00-05:00,30.600000381469727,31.100000381469727,30.399999618530273,31.0,12460,0.0,0.0
2019-12-30 00:00:00-05:00,31.100000381469727,31.299999237060547,30.700000762939453,30.899999618530273,13750,0.0,0.0
2019-12-31 00:00:00-05:00,30.600000381469727,31.100000381469727,30.399999618530273,30.399999618530273,11600,0.0,0.0
2020-01-02 00:00:00-05:00,30.5,31.299999237060547,30.5,31.100000381469727,4200,0.0,0.0
2020-01-03 00:00:00-05:00,31.0,32.0,31.0,31.899999618530273,11180,0.0,0.0
2020-01-06 00:00:00-05:00,31.600000381469727,31.799999237060547,31.299999237060547,31.399999618530273,4920,0.0,0.0
2020-01-07 00:00:00-05:00,31.100000381469727,32.5,31.100000381469727,32.0,11220,0.0,0.0
2020-01-08 00:00:00-05:00,32.0,33.900001525878906,32.0,33.5,7190,0.0,0.0
2020-01-09 00:00:00-05:00,33.79999923706055,34.5,33.70000076293945,33.70000076293945,13740,0.0,0.0
2020-01-10 00:00:00-05:00,33.79999923706055,34.20000076293945,32.79999923706055,34.099998474121094,2820,0.0,0.0
2020-01-13 00:00:00-05:00,34.0,34.70000076293945,33.79999923706055,34.0,1510,0.0,0.0
2020-01-14 00:00:00-05:00,33.900001525878906,34.70000076293945,33.900001525878906,34.099998474121094,1670,0.0,0.0
2020-01-15 00:00:00-05:00,34.29999923706055,35.400001525878906,34.20000076293945,34.79999923706055,6060,0.0,0.0
2020-01-16 00:00:00-05:00,33.599998474121094,34.70000076293945,32.79999923706055,34.5,8050,0.0,0.0
2020-01-17 00:00:00-05:00,34.599998474121094,34.599998474121094,33.599998474121094,34.29999923706055,3100,0.0,0.0
2020-01-21 00:00:00-05:00,33.70000076293945,34.0,33.70000076293945,33.79999923706055,4730,0.0,0.0
2020-01-22 00:00:00-05:00,33.70000076293945,34.5,33.70000076293945,34.0,6900,0.0,0.0
2020-01-23 00:00:00-05:00,34.0,34.79999923706055,34.0,34.5,2230,0.0,0.0
2020-01-24 00:00:00-05:00,34.5,36.599998474121094,34.5,35.70000076293945,12300,0.0,0.0
2020-01-27 00:00:00-05:00,35.29999923706055,35.5,35.099998474121094,35.099998474121094,3020,0.0,0.0
2020-01-28 00:00:00-05:00,35.20000076293945,35.20000076293945,33.79999923706055,34.400001525878906,2070,0.0,0.0
2020-01-29 00:00:00-05:00,34.29999923706055,34.79999923706055,33.5,34.5,1380,0.0,0.0
2020-01-30 00:00:00-05:00,34.29999923706055,34.400001525878906,33.599998474121094,33.79999923706055,7240,0.0,0.0
2020-01-31 00:00:00-05:00,33.599998474121094,34.20000076293945,33.599998474121094,33.70000076293945,2900,0.0,0.0
2020-02-03 00:00:00-05:00,33.599998474121094,34.5,33.5,33.5,3750,0.0,0.0
2020-02-04 00:00:00-05:00,33.79999923706055,34.70000076293945,32.400001525878906,32.599998474121094,8550,0.0,0.0
2020-02-05 00:00:00-05:00,32.70000076293945,33.099998474121094,31.299999237060547,31.600000381469727,60310,0.0,0.0
2020-02-06 00:00:00-05:00,33.099998474121094,33.099998474121094,31.299999237060547,31.700000762939453,14150,0.0,0.0
2020-02-07 00:00:00-05:00,31.700000762939453,33.20000076293945,31.299999237060547,31.299999237060547,36970,0.0,0.0
2020-02-10 00:00:00-05:00,31.299999237060547,31.899999618530273,30.700000762939453,31.799999237060547,11080,0.0,0.0
2020-02-11 00:00:00-05:00,31.799999237060547,33.5,31.700000762939453,33.29999923706055,4350,0.0,0.0
2020-02-12 00:00:00-05:00,33.5,36.29999923706055,33.5,35.20000076293945,8430,0.0,0.0
2020-02-13 00:00:00-05:00,34.900001525878906,34.900001525878906,34.20000076293945,34.29999923706055,2950,0.0,0.0
2020-02-14 00:00:00-05:00,34.400001525878906,34.5,33.599998474121094,33.599998474121094,9650,0.0,0.0
2020-02-18 00:00:00-05:00,33.79999923706055,34.29999923706055,33.5,33.70000076293945,5680,0.0,0.0
2020-02-19 00:00:00-05:00,33.79999923706055,34.900001525878906,33.29999923706055,34.20000076293945,2830,0.0,0.0
2020-02-20 00:00:00-05:00,34.400001525878906,36.599998474121094,34.20000076293945,36.29999923706055,23800,0.0,0.0
2020-02-21 00:00:00-05:00,36.29999923706055,37.20000076293945,35.79999923706055,36.0,25410,0.0,0.0
2020-02-24 00:00:00-05:00,34.400001525878906,35.5,34.099998474121094,35.0,7230,0.0,0.0
2020-02-25 00:00:00-05:00,35.29999923706055,35.29999923706055,33.70000076293945,33.70000076293945,10800,0.0,0.0
2020-02-26 00:00:00-05:00,33.20000076293945,33.20000076293945,30.399999618530273,30.399999618530273,11360,0.0,0.0
2020-02-27 00:00:00-05:00,29.0,30.600000381469727,27.299999237060547,29.399999618530273,13400,0.0,0.0
2020-02-28 00:00:00-05:00,27.700000762939453,29.899999618530273,27.0,29.700000762939453,24940,0.0,0.0
2020-03-02 00:00:00-05:00,29.899999618530273,30.399999618530273,29.700000762939453,30.0,4720,0.0,0.0
2020-03-03 00:00:00-05:00,30.299999237060547,30.299999237060547,28.700000762939453,30.0,13110,0.0,0.0
2020-03-04 00:00:00-05:00,30.399999618530273,30.799999237060547,29.100000381469727,29.299999237060547,1620,0.0,0.0
2020-03-05 00:00:00-05:00,29.100000381469727,29.600000381469727,28.600000381469727,28.600000381469727,8480,0.0,0.0
2020-03-06 00:00:00-05:00,28.0,28.5,27.200000762939453,27.5,20620,0.0,0.0
2020-03-09 00:00:00-04:00,25.0,25.600000381469727,24.0,24.100000381469727,26450,0.0,0.0
2020-03-10 00:00:00-04:00,24.799999237060547,25.5,24.299999237060547,24.799999237060547,15950,0.0,0.0
2020-03-11 00:00:00-04:00,24.700000762939453,24.700000762939453,23.5,23.5,11120,0.0,0.0
2020-03-12 00:00:00-04:00,22.799999237060547,22.899999618530273,21.0,22.200000762939453,16890,0.0,0.0
2020-03-13 00:00:00-04:00,23.0,23.299999237060547,20.200000762939453,20.799999237060547,15130,0.0,0.0
2020-03-16 00:00:00-04:00,19.100000381469727,20.200000762939453,18.399999618530273,18.399999618530273,11130,0.0,0.0
2020-03-17 00:00:00-04:00,18.0,19.799999237060547,18.0,19.100000381469727,6800,0.0,0.0
2020-03-18 00:00:00-04:00,18.700000762939453,20.299999237060547,16.0,16.700000762939453,7860,0.0,0.0
2020-03-19 00:00:00-04:00,16.799999237060547,18.799999237060547,16.299999237060547,18.600000381469727,3780,0.0,0.0
2020-03-20 00:00:00-04:00,18.799999237060547,18.899999618530273,14.600000381469727,14.600000381469727,10260,0.0,0.0
2020-03-23 00:00:00-04:00,15.300000190734863,17.700000762939453,15.300000190734863,17.399999618530273,7370,0.0,0.0
2020-03-24 00:00:00-04:00,18.200000762939453,20.799999237060547,17.600000381469727,18.200000762939453,9610,0.0,0.0
2020-03-25 00:00:00-04:00,18.600000381469727,22.299999237060547,18.600000381469727,21.5,16270,0.0,0.0
2020-03-26 00:00:00-04:00,22.0,23.399999618530273,19.799999237060547,20.0,31530,0.0,0.0
2020-03-27 00:00:00-04:00,19.5,21.799999237060547,18.799999237060547,21.700000762939453,17230,0.0,0.0
2020-03-30 00:00:00-04:00,22.0,22.899999618530273,20.700000762939453,22.100000381469727,9900,0.0,0.0
2020-03-31 00:00:00-04:00,22.200000762939453,22.700000762939453,21.5,22.399999618530273,9580,0.0,0.0
2020-04-01 00:00:00-04:00,22.100000381469727,22.200000762939453,21.299999237060547,21.600000381469727,4870,0.0,0.0
2020-04-02 00:00:00-04:00,21.200000762939453,22.600000381469727,21.200000762939453,21.600000381469727,2200,0.0,0.0
2020-04-03 00:00:00-04:00,21.5,22.899999618530273,20.600000381469727,21.899999618530273,4620,0.0,0.0
2020-04-06 00:00:00-04:00,22.299999237060547,22.299999237060547,20.899999618530273,20.899999618530273,6460,0.0,0.0
2020-04-07 00:00:00-04:00,19.299999237060547,21.100000381469727,19.299999237060547,20.5,9780,0.0,0.0
2020-04-08 00:00:00-04:00,20.399999618530273,21.799999237060547,20.399999618530273,21.399999618530273,14730,0.0,0.0
2020-04-09 00:00:00-04:00,21.5,22.200000762939453,21.399999618530273,21.700000762939453,4710,0.0,0.0
2020-04-13 00:00:00-04:00,22.0,23.399999618530273,21.399999618530273,23.200000762939453,3340,0.0,0.0
2020-04-14 00:00:00-04:00,23.200000762939453,25.899999618530273,23.100000381469727,25.600000381469727,11090,0.0,0.0
2020-04-15 00:00:00-04:00,25.0,25.600000381469727,24.0,25.600000381469727,6360,0.0,0.0
2020-04-16 00:00:00-04:00,25.700000762939453,25.700000762939453,23.5,24.399999618530273,2890,0.0,0.0
2020-04-17 00:00:00-04:00,24.600000381469727,26.0,24.600000381469727,25.799999237060547,4280,0.0,0.0
2020-04-20 00:00:00-04:00,25.200000762939453,25.5,24.5,25.299999237060547,9660,0.0,0.0
2020-04-21 00:00:00-04:00,25.200000762939453,26.600000381469727,24.0,26.200000762939453,5490,0.0,0.0
2020-04-22 00:00:00-04:00,25.100000381469727,26.399999618530273,25.100000381469727,26.399999618530273,2560,0.0,0.0
2020-04-23 00:00:00-04:00,26.299999237060547,26.5,25.799999237060547,26.299999237060547,5060,0.0,0.0
2020-04-24 00:00:00-04:00,26.299999237060547,26.299999237060547,25.0,26.100000381469727,5000,0.0,0.0
2020-04-27 00:00:00-04:00,26.100000381469727,26.600000381469727,25.799999237060547,26.5,2140,0.0,0.0
2020-04-28 00:00:00-04:00,26.799999237060547,27.200000762939453,26.5,26.600000381469727,9140,0.0,0.0
2020-04-29 00:00:00-04:00,27.0,28.200000762939453,26.600000381469727,27.299999237060547,8400,0.0,0.0
2020-04-30 00:00:00-04:00,27.100000381469727,27.700000762939453,26.799999237060547,27.299999237060547,6880,0.0,0.0
2020-05-01 00:00:00-04:00,27.100000381469727,27.100000381469727,25.5,26.100000381469727,6350,0.0,0.0
2020-05-04 00:00:00-04:00,25.600000381469727,26.100000381469727,25.100000381469727,26.100000381469727,4110,0.0,0.0
2020-05-05 00:00:00-04:00,27.200000762939453,29.700000762939453,26.200000762939453,26.700000762939453,44790,0.0,0.0
2020-05-06 00:00:00-04:00,27.5,27.700000762939453,26.799999237060547,27.0,11950,0.0,0.0
2020-05-07 00:00:00-04:00,27.100000381469727,33.5,27.100000381469727,33.5,126780,0.0,0.0
2020-05-08 00:00:00-04:00,32.70000076293945,33.599998474121094,28.700000762939453,31.299999237060547,26250,0.0,0.0
2020-05-11 00:00:00-04:00,32.0,32.5,31.0,31.0,16310,0.0,0.0
2020-05-12 00:00:00-04:00,31.100000381469727,31.299999237060547,30.299999237060547,30.899999618530273,20940,0.0,0.0
2020-05-13 00:00:00-04:00,30.600000381469727,31.200000762939453,29.299999237060547,29.700000762939453,16250,0.0,0.0
2020-05-14 00:00:00-04:00,29.5,29.899999618530273,28.0,29.700000762939453,6690,0.0,0.0
2020-05-15 00:00:00-04:00,29.600000381469727,30.0,28.5,29.600000381469727,5800,0.0,0.0
2020-05-18 00:00:00-04:00,29.899999618530273,30.399999618530273,28.5,28.600000381469727,12210,0.0,0.0
2020-05-19 00:00:00-04:00,28.299999237060547,28.399999618530273,27.600000381469727,27.899999618530273,5200,0.0,0.0
2020-05-20 00:00:00-04:00,28.0,28.0,27.600000381469727,27.899999618530273,10250,0.0,0.0
2020-05-21 00:00:00-04:00,27.700000762939453,28.0,27.200000762939453,27.5,6130,0.0,0.0
2020-05-22 00:00:00-04:00,27.5,28.0,27.399999618530273,27.5,16940,0.0,0.0
2020-05-26 00:00:00-04:00,27.799999237060547,28.700000762939453,27.799999237060547,28.200000762939453,11650,0.0,0.0
2020-05-27 00:00:00-04:00,28.399999618530273,30.600000381469727,28.200000762939453,30.299999237060547,9230,0.0,0.0
2020-05-28 00:00:00-04:00,30.100000381469727,30.299999237060547,29.600000381469727,30.0,13750,0.0,0.0
2020-05-29 00:00:00-04:00,29.299999237060547,30.799999237060547,29.200000762939453,30.299999237060547,10260,0.0,0.0
2020-06-01 00:00:00-04:00,30.100000381469727,31.200000762939453,29.899999618530273,30.600000381469727,5180,0.0,0.0
2020-06-02 00:00:00-04:00,30.700000762939453,31.100000381469727,30.299999237060547,30.700000762939453,1890,0.0,0.0
2020-06-03 00:00:00-04:00,30.799999237060547,32.599998474121094,30.399999618530273,30.5,13800,0.0,0.0
2020-06-04 00:00:00-04:00,30.299999237060547,31.299999237060547,30.0,30.600000381469727,5450,0.0,0.0
2020-06-05 00:00:00-04:00,31.0,32.099998474121094,31.0,31.600000381469727,14100,0.0,0.0
2020-06-08 00:00:00-04:00,31.600000381469727,32.0,30.600000381469727,31.5,12680,0.0,0.0
2020-06-09 00:00:00-04:00,31.200000762939453,31.700000762939453,30.200000762939453,31.0,4370,0.0,0.0
2020-06-10 00:00:00-04:00,30.899999618530273,30.899999618530273,29.200000762939453,29.5,6810,0.0,0.0
2020-06-11 00:00:00-04:00,29.100000381469727,29.399999618530273,28.700000762939453,28.899999618530273,7670,0.0,0.0
2020-06-12 00:00:00-04:00,29.600000381469727,30.399999618530273,29.600000381469727,30.100000381469727,4760,0.0,0.0
2020-06-15 00:00:00-04:00,28.200000762939453,30.299999237060547,28.100000381469727,30.0,7360,0.0,0.0
2020-06-16 00:00:00-04:00,32.5,32.70000076293945,31.0,31.200000762939453,8950,0.0,0.0
2020-06-17 00:00:00-04:00,31.5,33.400001525878906,31.5,32.900001525878906,6830,0.0,0.0
2020-06-18 00:00:00-04:00,32.599998474121094,33.099998474121094,32.099998474121094,32.5,6400,0.0,0.0
2020-06-19 00:00:00-04:00,32.400001525878906,32.79999923706055,32.20000076293945,32.5,7320,0.0,0.0
2020-06-22 00:00:00-04:00,32.099998474121094,32.70000076293945,32.099998474121094,32.5,5870,0.0,0.0
2020-06-23 00:00:00-04:00,32.400001525878906,32.70000076293945,32.0,32.099998474121094,6340,0.0,0.0
2020-06-24 00:00:00-04:00,32.099998474121094,32.70000076293945,31.399999618530273,31.899999618530273,9900,0.0,0.0
2020-06-25 00:00:00-04:00,31.899999618530273,32.400001525878906,31.5,32.400001525878906,3940,0.0,0.0
2020-06-26 00:00:00-04:00,32.29999923706055,32.79999923706055,31.399999618530273,32.0,7730,0.0,0.0
2020-06-29 00:00:00-04:00,31.799999237060547,32.20000076293945,31.399999618530273,31.5,5830,0.0,0.0
2020-06-30 00:00:00-04:00,31.899999618530273,32.79999923706055,31.200000762939453,31.799999237060547,3880,0.0,0.0
2020-07-01 00:00:00-04:00,32.099998474121094,32.400001525878906,30.299999237060547,31.200000762939453,2560,0.0,0.0
2020-07-02 00:00:00-04:00,31.399999618530273,31.600000381469727,29.799999237060547,30.299999237060547,7030,0.0,0.0
2020-07-06 00:00:00-04:00,30.399999618530273,31.100000381469727,30.399999618530273,30.700000762939453,1600,0.0,0.0
2020-07-07 00:00:00-04:00,31.200000762939453,31.200000762939453,30.0,30.100000381469727,2830,0.0,0.0
2020-07-08 00:00:00-04:00,30.5,30.5,30.100000381469727,30.100000381469727,2980,0.0,0.0
2020-07-09 00:00:00-04:00,30.5,30.5,28.700000762939453,30.100000381469727,1900,0.0,0.0
2020-07-10 00:00:00-04:00,30.5,31.600000381469727,29.700000762939453,30.100000381469727,1460,0.0,0.0
2020-07-13 00:00:00-04:00,30.200000762939453,31.399999618530273,30.200000762939453,30.700000762939453,3730,0.0,0.0
2020-07-14 00:00:00-04:00,30.5,31.0,29.5,30.299999237060547,4600,0.0,0.0
2020-07-15 00:00:00-04:00,30.799999237060547,31.200000762939453,30.399999618530273,30.799999237060547,2080,0.0,0.0
2020-07-16 00:00:00-04:00,30.700000762939453,31.0,30.200000762939453,30.399999618530273,1000,0.0,0.0
2020-07-17 00:00:00-04:00,30.700000762939453,31.5,30.700000762939453,31.0,1420,0.0,0.0
2020-07-20 00:00:00-04:00,31.200000762939453,31.399999618530273,30.399999618530273,31.100000381469727,3300,0.0,0.0
2020-07-21 00:00:00-04:00,31.200000762939453,31.799999237060547,30.899999618530273,31.600000381469727,890,0.0,0.0
2020-07-22 00:00:00-04:00,31.399999618530273,31.799999237060547,31.0,31.100000381469727,1720,0.0,0.0
2020-07-23 00:00:00-04:00,31.200000762939453,31.299999237060547,30.600000381469727,30.799999237060547,1140,0.0,0.0
2020-07-24 00:00:00-04:00,30.799999237060547,30.799999237060547,30.5,30.700000762939453,1160,0.0,0.0
2020-07-27 00:00:00-04:00,30.899999618530273,31.299999237060547,30.100000381469727,31.100000381469727,2410,0.0,0.0
2020-07-28 00:00:00-04:00,30.799999237060547,31.700000762939453,30.700000762939453,31.399999618530273,1880,0.0,0.0
2020-07-29 00:00:00-04:00,31.5,34.0,31.200000762939453,32.599998474121094,8920,0.0,0.0
2020-07-30 00:00:00-04:00,33.099998474121094,33.70000076293945,32.400001525878906,33.29999923706055,4190,0.0,0.0
2020-07-31 00:00:00-04:00,33.0,35.20000076293945,32.70000076293945,35.0,9220,0.0,0.0
2020-08-03 00:00:00-04:00,35.400001525878906,38.599998474121094,35.0,37.79999923706055,39410,0.0,0.0
2020-08-04 00:00:00-04:00,38.0,38.5,37.5,38.0,11760,0.0,0.0
2020-08-05 00:00:00-04:00,38.599998474121094,39.0,36.400001525878906,37.099998474121094,9460,0.0,0.0
2020-08-06 00:00:00-04:00,38.70000076293945,39.70000076293945,35.5,35.79999923706055,10160,0.0,0.0
2020-08-07 00:00:00-04:00,35.79999923706055,36.099998474121094,35.099998474121094,35.5,5710,0.0,0.0
2020-08-10 00:00:00-04:00,35.5,35.5,33.70000076293945,34.79999923706055,19110,0.0,0.0
2020-08-11 00:00:00-04:00,35.400001525878906,36.5,34.599998474121094,34.70000076293945,10300,0.0,0.0
2020-08-12 00:00:00-04:00,35.599998474121094,35.79999923706055,33.70000076293945,33.70000076293945,4560,0.0,0.0
2020-08-13 00:00:00-04:00,33.5,33.5,32.5,33.5,7370,0.0,0.0
2020-08-14 00:00:00-04:00,33.70000076293945,34.0,32.5,33.70000076293945,3090,0.0,0.0
2020-08-17 00:00:00-04:00,33.70000076293945,35.29999923706055,33.599998474121094,33.900001525878906,4010,0.0,0.0
2020-08-18 00:00:00-04:00,33.5,34.0,32.900001525878906,34.0,4070,0.0,0.0
2020-08-19 00:00:00-04:00,34.20000076293945,35.900001525878906,34.20000076293945,35.70000076293945,4850,0.0,0.0
2020-08-20 00:00:00-04:00,35.79999923706055,36.400001525878906,35.29999923706055,35.29999923706055,3270,0.0,0.0
2020-08-21 00:00:00-04:00,35.5,36.20000076293945,35.0,35.5,8000,0.0,0.0
2020-08-24 00:00:00-04:00,35.79999923706055,36.5,34.29999923706055,34.70000076293945,4650,0.0,0.0
2020-08-25 00:00:00-04:00,33.70000076293945,34.099998474121094,32.0,33.29999923706055,12340,0.0,0.0
2020-08-26 00:00:00-04:00,33.599998474121094,34.0,33.099998474121094,34.0,2610,0.0,0.0
2020-08-27 00:00:00-04:00,33.70000076293945,36.0,33.70000076293945,34.5,3720,0.0,0.0
2020-08-28 00:00:00-04:00,34.20000076293945,35.400001525878906,34.20000076293945,35.0,2310,0.0,0.0
2020-08-31 00:00:00-04:00,36.0,37.5,35.099998474121094,35.29999923706055,8340,0.0,0.0
2020-09-01 00:00:00-04:00,35.599998474121094,35.599998474121094,33.599998474121094,35.0,6820,0.0,0.0
2020-09-02 00:00:00-04:00,35.0,35.099998474121094,33.79999923706055,34.900001525878906,4090,0.0,0.0
2020-09-03 00:00:00-04:00,34.599998474121094,34.599998474121094,32.599998474121094,33.599998474121094,7360,0.0,0.0
2020-09-04 00:00:00-04:00,33.599998474121094,33.79999923706055,32.70000076293945,33.70000076293945,5460,0.0,0.0
2020-09-08 00:00:00-04:00,33.900001525878906,34.20000076293945,32.79999923706055,33.20000076293945,3010,0.0,0.0
2020-09-09 00:00:00-04:00,33.20000076293945,33.20000076293945,32.79999923706055,32.900001525878906,2120,0.0,0.0
2020-09-10 00:00:00-04:00,32.5,33.20000076293945,32.099998474121094,32.79999923706055,2580,0.0,0.0
2020-09-11 00:00:00-04:00,32.79999923706055,33.79999923706055,32.79999923706055,33.0,46970,0.0,0.0
2020-09-14 00:00:00-04:00,32.900001525878906,33.900001525878906,32.900001525878906,33.5,2460,0.0,0.0
2020-09-15 00:00:00-04:00,33.5,33.70000076293945,33.20000076293945,33.599998474121094,860,0.0,0.0
2020-09-16 00:00:00-04:00,33.5,33.900001525878906,33.29999923706055,33.400001525878906,600,0.0,0.0
2020-09-17 00:00:00-04:00,33.099998474121094,33.20000076293945,32.099998474121094,32.29999923706055,1670,0.0,0.0
2020-09-18 00:00:00-04:00,32.20000076293945,32.5,31.799999237060547,32.5,1390,0.0,0.0
2020-09-21 00:00:00-04:00,32.0,33.0,31.700000762939453,32.79999923706055,8520,0.0,0.0
2020-09-22 00:00:00-04:00,33.29999923706055,33.29999923706055,31.899999618530273,32.099998474121094,2250,0.0,0.0
2020-09-23 00:00:00-04:00,32.29999923706055,33.099998474121094,31.799999237060547,32.29999923706055,5270,0.0,0.0
2020-09-24 00:00:00-04:00,32.5,32.79999923706055,31.700000762939453,32.599998474121094,2300,0.0,0.0
2020-09-25 00:00:00-04:00,32.70000076293945,33.29999923706055,32.29999923706055,32.400001525878906,9100,0.0,0.0
2020-09-28 00:00:00-04:00,33.0,33.5,32.900001525878906,33.0,3560,0.0,0.0
2020-09-29 00:00:00-04:00,33.099998474121094,34.0,32.70000076293945,33.20000076293945,1880,0.0,0.0
2020-09-30 00:00:00-04:00,33.099998474121094,33.599998474121094,32.5,32.5,1660,0.0,0.0
2020-10-01 00:00:00-04:00,32.5,32.5,32.099998474121094,32.20000076293945,1480,0.0,0.0
2020-10-02 00:00:00-04:00,31.799999237060547,32.599998474121094,31.799999237060547,32.5,1320,0.0,0.0
2020-10-05 00:00:00-04:00,32.70000076293945,33.5,32.5,32.900001525878906,1260,0.0,0.0
2020-10-06 00:00:00-04:00,33.5,34.0,32.70000076293945,32.70000076293945,2680,0.0,0.0
2020-10-07 00:00:00-04:00,32.900001525878906,32.900001525878906,31.0,32.0,6590,0.0,0.0
2020-10-08 00:00:00-04:00,32.099998474121094,33.70000076293945,32.0,32.79999923706055,3810,0.0,0.0
2020-10-09 00:00:00-04:00,32.900001525878906,33.599998474121094,32.099998474121094,33.29999923706055,1670,0.0,0.0
2020-10-12 00:00:00-04:00,33.20000076293945,33.20000076293945,32.400001525878906,32.599998474121094,980,0.0,0.0
2020-10-13 00:00:00-04:00,32.5,33.0,32.099998474121094,32.20000076293945,1570,0.0,0.0
2020-10-14 00:00:00-04:00,32.5,32.79999923706055,32.20000076293945,32.29999923706055,26210,0.0,0.0
2020-10-15 00:00:00-04:00,32.20000076293945,33.20000076293945,31.600000381469727,32.79999923706055,21010,0.0,0.0
2020-10-16 00:00:00-04:00,32.599998474121094,34.0,32.599998474121094,33.5,2330,0.0,0.0
2020-10-19 00:00:00-04:00,33.79999923706055,33.79999923706055,32.900001525878906,33.099998474121094,32230,0.0,0.0
2020-10-20 00:00:00-04:00,37.5,38.400001525878906,34.5,36.400001525878906,56130,0.0,0.0
2020-10-21 00:00:00-04:00,37.5,38.0,36.099998474121094,37.099998474121094,17830,0.0,0.0
2020-10-22 00:00:00-04:00,36.79999923706055,38.900001525878906,36.79999923706055,37.29999923706055,11020,0.0,0.0
2020-10-23 00:00:00-04:00,38.5,38.5,37.0,37.099998474121094,7370,0.0,0.0
2020-10-26 00:00:00-04:00,37.599998474121094,38.099998474121094,36.29999923706055,36.29999923706055,7310,0.0,0.0
2020-10-27 00:00:00-04:00,35.599998474121094,37.5,35.29999923706055,36.70000076293945,5560,0.0,0.0
2020-10-28 00:00:00-04:00,36.20000076293945,36.79999923706055,34.29999923706055,34.599998474121094,6640,0.0,0.0
2020-10-29 00:00:00-04:00,34.400001525878906,34.599998474121094,33.20000076293945,34.099998474121094,6140,0.0,0.0
2020-10-30 00:00:00-04:00,33.599998474121094,34.0,32.5,32.599998474121094,5100,0.0,0.0
2020-11-02 00:00:00-05:00,32.599998474121094,33.400001525878906,32.5,32.79999923706055,4010,0.0,0.0
2020-11-03 00:00:00-05:00,32.900001525878906,34.79999923706055,32.900001525878906,34.70000076293945,3910,0.0,0.0
2020-11-04 00:00:00-05:00,34.70000076293945,35.400001525878906,34.5,34.5,2420,0.0,0.0
2020-11-05 00:00:00-05:00,34.400001525878906,36.70000076293945,34.20000076293945,34.900001525878906,12700,0.0,0.0
2020-11-06 00:00:00-05:00,35.099998474121094,35.29999923706055,34.70000076293945,35.0,5680,0.0,0.0
2020-11-09 00:00:00-05:00,36.900001525878906,37.0,35.70000076293945,36.400001525878906,7230,0.0,0.0
2020-11-10 00:00:00-05:00,36.29999923706055,36.70000076293945,35.5,35.70000076293945,5820,0.0,0.0
2020-11-11 00:00:00-05:00,35.79999923706055,37.29999923706055,35.79999923706055,36.79999923706055,4660,0.0,0.0
2020-11-12 00:00:00-05:00,36.70000076293945,37.20000076293945,36.0,36.79999923706055,3720,0.0,0.0
2020-11-13 00:00:00-05:00,37.099998474121094,38.20000076293945,37.0,37.29999923706055,4290,0.0,0.0
2020-11-16 00:00:00-05:00,37.20000076293945,37.70000076293945,35.79999923706055,36.900001525878906,5410,0.0,0.0
2020-11-17 00:00:00-05:00,36.79999923706055,36.900001525878906,35.099998474121094,35.5,4110,0.0,0.0
2020-11-18 00:00:00-05:00,36.0,37.400001525878906,36.0,36.5,2940,0.0,0.0
2020-11-19 00:00:00-05:00,36.599998474121094,39.29999923706055,36.599998474121094,39.0,12150,0.0,0.0
2020-11-20 00:00:00-05:00,40.0,42.29999923706055,39.5,42.099998474121094,73730,0.0,0.0
2020-11-23 00:00:00-05:00,43.0,44.599998474121094,39.29999923706055,39.79999923706055,40470,0.0,0.0
2020-11-24 00:00:00-05:00,42.0,42.900001525878906,40.0,41.79999923706055,16630,0.0,0.0
2020-11-25 00:00:00-05:00,42.0,42.599998474121094,38.79999923706055,40.79999923706055,11790,0.0,0.0
2020-11-27 00:00:00-05:00,40.599998474121094,43.5,40.20000076293945,42.79999923706055,16300,0.0,0.0
2020-11-30 00:00:00-05:00,42.900001525878906,44.400001525878906,41.70000076293945,43.5,48760,0.0,0.0
2020-12-01 00:00:00-05:00,42.5,43.0,39.599998474121094,42.5,49780,0.0,0.0
2020-12-02 00:00:00-05:00,41.900001525878906,43.599998474121094,41.29999923706055,43.5,23150,0.0,0.0
2020-12-03 00:00:00-05:00,43.900001525878906,45.900001525878906,43.79999923706055,45.79999923706055,78560,0.0,0.0
2020-12-04 00:00:00-05:00,45.900001525878906,46.20000076293945,45.0,45.099998474121094,26290,0.0,0.0
2020-12-07 00:00:00-05:00,46.0,46.0,44.29999923706055,45.20000076293945,13850,0.0,0.0
2020-12-08 00:00:00-05:00,45.099998474121094,45.20000076293945,42.0,43.70000076293945,23910,0.0,0.0
2020-12-09 00:00:00-05:00,43.70000076293945,45.5,43.099998474121094,44.900001525878906,19030,0.0,0.0
2020-12-10 00:00:00-05:00,43.900001525878906,45.70000076293945,43.900001525878906,44.900001525878906,17620,0.0,0.0
2020-12-11 00:00:00-05:00,44.900001525878906,45.79999923706055,44.400001525878906,45.0,8430,0.0,0.0
2020-12-14 00:00:00-05:00,44.70000076293945,46.70000076293945,44.70000076293945,46.20000076293945,34480,0.0,0.0
2020-12-15 00:00:00-05:00,45.79999923706055,48.0,45.79999923706055,47.400001525878906,48570,0.0,0.0
2020-12-16 00:00:00-05:00,47.79999923706055,47.900001525878906,44.79999923706055,47.20000076293945,22340,0.0,0.0
2020-12-17 00:00:00-05:00,47.5,48.599998474121094,46.599998474121094,48.599998474121094,97880,0.0,0.0
2020-12-18 00:00:00-05:00,49.0,50.400001525878906,47.400001525878906,47.400001525878906,22090,0.0,0.0
2020-12-21 00:00:00-05:00,47.099998474121094,47.099998474121094,45.5,46.29999923706055,25510,0.0,0.0
2020-12-22 00:00:00-05:00,46.5,49.400001525878906,46.20000076293945,47.29999923706055,42210,0.0,0.0
2020-12-23 00:00:00-05:00,45.20000076293945,48.0,45.20000076293945,46.79999923706055,42340,0.0,0.0
2020-12-24 00:00:00-05:00,47.20000076293945,49.400001525878906,47.099998474121094,48.900001525878906,16460,0.0,0.0
2020-12-28 00:00:00-05:00,49.20000076293945,52.099998474121094,48.900001525878906,51.5,41780,0.0,0.0
2020-12-29 00:00:00-05:00,52.20000076293945,58.0,52.20000076293945,56.79999923706055,77370,0.0,0.0
2020-12-30 00:00:00-05:00,57.5,59.099998474121094,55.5,56.5,41500,0.0,0.0
2020-12-31 00:00:00-05:00,58.599998474121094,58.599998474121094,54.29999923706055,54.5,15220,0.0,0.0
2021-01-04 00:00:00-05:00,53.5,54.5,49.79999923706055,51.5,44850,0.0,0.0
2021-01-05 00:00:00-05:00,51.79999923706055,53.20000076293945,51.5,51.599998474121094,15410,0.0,0.0
2021-01-06 00:00:00-05:00,51.5,52.79999923706055,51.20000076293945,52.29999923706055,36470,0.0,0.0
2021-01-07 00:00:00-05:00,53.5,56.79999923706055,53.099998474121094,56.29999923706055,30190,0.0,0.0
2021-01-08 00:00:00-05:00,56.70000076293945,59.400001525878906,55.79999923706055,56.599998474121094,42180,0.0,0.0
2021-01-11 00:00:00-05:00,55.099998474121094,56.900001525878906,53.599998474121094,54.70000076293945,32870,0.0,0.0
2021-01-12 00:00:00-05:00,55.099998474121094,57.70000076293945,54.0,57.099998474121094,36820,0.0,0.0
2021-01-13 00:00:00-05:00,57.5,57.5,53.599998474121094,54.79999923706055,28620,0.0,0.0
2021-01-14 00:00:00-05:00,55.0,56.400001525878906,50.900001525878906,51.0,32130,0.0,0.0
2021-01-15 00:00:00-05:00,50.900001525878906,53.0,48.70000076293945,49.599998474121094,43170,0.0,0.0
2021-01-19 00:00:00-05:00,51.20000076293945,51.29999923706055,48.400001525878906,49.099998474121094,22440,0.0,0.0
2021-01-20 00:00:00-05:00,49.400001525878906,50.400001525878906,48.099998474121094,48.599998474121094,15920,0.0,0.0
2021-01-21 00:00:00-05:00,48.099998474121094,48.79999923706055,45.29999923706055,45.79999923706055,39770,0.0,0.0
2021-01-22 00:00:00-05:00,46.0,48.79999923706055,45.900001525878906,47.70000076293945,21090,0.0,0.0
2021-01-25 00:00:00-05:00,48.400001525878906,51.900001525878906,48.400001525878906,51.5,33670,0.0,0.0
2021-01-26 00:00:00-05:00,52.099998474121094,52.5,50.29999923706055,51.400001525878906,11250,0.0,0.0
2021-01-27 00:00:00-05:00,50.79999923706055,51.099998474121094,47.900001525878906,48.099998474121094,16930,0.0,0.0
2021-01-28 00:00:00-05:00,48.20000076293945,50.900001525878906,48.20000076293945,50.20000076293945,14750,0.0,0.0
2021-01-29 00:00:00-05:00,49.79999923706055,52.0,48.29999923706055,50.099998474121094,16490,0.0,0.0
2021-02-01 00:00:00-05:00,49.70000076293945,54.099998474121094,49.099998474121094,53.400001525878906,49500,0.0,0.0
2021-02-02 00:00:00-05:00,54.29999923706055,55.0,52.5,53.70000076293945,29450,0.0,0.0
2021-02-03 00:00:00-05:00,54.29999923706055,56.099998474121094,52.20000076293945,54.20000076293945,40190,0.0,0.0
2021-02-04 00:00:00-05:00,56.5,62.79999923706055,52.5,62.70000076293945,148310,0.0,0.0
2021-02-05 00:00:00-05:00,63.79999923706055,64.80000305175781,59.0,60.5,81710,0.0,0.0
2021-02-08 00:00:00-05:00,61.70000076293945,63.70000076293945,61.5,62.70000076293945,36240,0.0,0.0
2021-02-09 00:00:00-05:00,62.599998474121094,63.0,58.0,58.70000076293945,43480,0.0,0.0
2021-02-10 00:00:00-05:00,59.0,59.29999923706055,52.900001525878906,54.900001525878906,73850,0.0,0.0
2021-02-11 00:00:00-05:00,62.599998474121094,67.30000305175781,60.5,65.0,366650,0.0,0.0
2021-02-12 00:00:00-05:00,61.20000076293945,73.0,60.5,71.0,182260,0.0,0.0
2021-02-16 00:00:00-05:00,72.30000305175781,82.0,71.5,79.0999984741211,427070,0.0,0.0
2021-02-17 00:00:00-05:00,80.30000305175781,81.69999694824219,71.9000015258789,75.69999694824219,182120,0.0,0.0
2021-02-18 00:00:00-05:00,75.0999984741211,76.5,68.4000015258789,73.30000305175781,105920,0.0,0.0
2021-02-19 00:00:00-05:00,76.5,79.80000305175781,73.30000305175781,75.30000305175781,94530,0.0,0.0
2021-02-22 00:00:00-05:00,74.0999984741211,78.19999694824219,70.69999694824219,71.9000015258789,85190,0.0,0.0
2021-02-23 00:00:00-05:00,68.9000015258789,70.69999694824219,60.20000076293945,70.19999694824219,113220,0.0,0.0
2021-02-24 00:00:00-05:00,70.19999694824219,72.69999694824219,69.19999694824219,70.30000305175781,40600,0.0,0.0
2021-02-25 00:00:00-05:00,71.5,73.0,66.5999984741211,67.0,48380,0.0,0.0
2021-02-26 00:00:00-05:00,66.80000305175781,68.9000015258789,64.5,67.9000015258789,60810,0.0,0.0
2021-03-01 00:00:00-05:00,69.9000015258789,73.9000015258789,69.19999694824219,73.30000305175781,104060,0.0,0.0
2021-03-02 00:00:00-05:00,75.5,75.69999694824219,70.0,70.9000015258789,64110,0.0,0.0
2021-03-03 00:00:00-05:00,71.0999984741211,73.19999694824219,67.30000305175781,68.19999694824219,63520,0.0,0.0
2021-03-04 00:00:00-05:00,69.0999984741211,70.9000015258789,61.70000076293945,62.400001525878906,99190,0.0,0.0
2021-03-05 00:00:00-05:00,63.5,64.5,56.5,62.599998474121094,127410,0.0,0.0
2021-03-08 00:00:00-05:00,63.29999923706055,65.0,59.29999923706055,61.599998474121094,53200,0.0,0.0
2021-03-09 00:00:00-05:00,62.79999923706055,66.80000305175781,62.70000076293945,65.5,37920,0.0,0.0
2021-03-10 00:00:00-05:00,67.30000305175781,69.9000015258789,65.4000015258789,66.80000305175781,49790,0.0,0.0
2021-03-11 00:00:00-05:00,68.5999984741211,69.30000305175781,66.0999984741211,68.9000015258789,41850,0.0,0.0
2021-03-12 00:00:00-05:00,68.0,68.5,66.5,68.0999984741211,31240,0.0,0.0
2021-03-15 00:00:00-04:00,68.0,70.30000305175781,67.19999694824219,69.4000015258789,28500,0.0,0.0
2021-03-16 00:00:00-04:00,70.0,70.30000305175781,66.19999694824219,67.80000305175781,30670,0.0,0.0
2021-03-17 00:00:00-04:00,66.80000305175781,69.9000015258789,64.19999694824219,68.9000015258789,46390,0.0,0.0
2021-03-18 00:00:00-04:00,68.5,70.9000015258789,66.5999984741211,66.9000015258789,34190,0.0,0.0
2021-03-19 00:00:00-04:00,66.30000305175781,66.9000015258789,64.80000305175781,64.80000305175781,49430,0.0,0.0
2021-03-22 00:00:00-04:00,65.30000305175781,66.5999984741211,61.79999923706055,62.5,42500,0.0,0.0
2021-03-23 00:00:00-04:00,62.099998474121094,63.099998474121094,54.70000076293945,56.599998474121094,121640,0.0,0.0
2021-03-24 00:00:00-04:00,56.599998474121094,58.20000076293945,54.29999923706055,54.29999923706055,43600,0.0,0.0
2021-03-25 00:00:00-04:00,53.400001525878906,55.400001525878906,51.900001525878906,54.5,43680,0.0,0.0
2021-03-26 00:00:00-04:00,54.400001525878906,58.79999923706055,54.099998474121094,58.29999923706055,43810,0.0,0.0
2021-03-29 00:00:00-04:00,57.70000076293945,58.5,52.70000076293945,54.099998474121094,47290,0.0,0.0
2021-03-30 00:00:00-04:00,53.599998474121094,54.5,52.599998474121094,53.70000076293945,21790,0.0,0.0
2021-03-31 00:00:00-04:00,54.0,55.29999923706055,53.79999923706055,54.599998474121094,25900,0.0,0.0
2021-04-01 00:00:00-04:00,55.79999923706055,57.70000076293945,55.599998474121094,57.400001525878906,24280,0.0,0.0
2021-04-05 00:00:00-04:00,58.099998474121094,60.0,56.79999923706055,59.0,35070,0.0,0.0
2021-04-06 00:00:00-04:00,59.79999923706055,61.900001525878906,58.900001525878906,60.70000076293945,44350,0.0,0.0
2021-04-07 00:00:00-04:00,60.70000076293945,63.20000076293945,58.900001525878906,61.599998474121094,55090,0.0,0.0
2021-04-08 00:00:00-04:00,62.5,62.70000076293945,60.0,62.5,49470,0.0,0.0
2021-04-09 00:00:00-04:00,62.099998474121094,63.0,61.5,62.29999923706055,17030,0.0,0.0
2021-04-12 00:00:00-04:00,62.0,63.099998474121094,59.400001525878906,62.70000076293945,56150,0.0,0.0
2021-04-13 00:00:00-04:00,63.099998474121094,63.099998474121094,59.79999923706055,61.900001525878906,30690,0.0,0.0
2021-04-14 00:00:00-04:00,61.900001525878906,62.900001525878906,61.5,62.099998474121094,22280,0.0,0.0
2021-04-15 00:00:00-04:00,62.900001525878906,62.900001525878906,60.20000076293945,60.29999923706055,32220,0.0,0.0
2021-04-16 00:00:00-04:00,60.79999923706055,60.79999923706055,57.5,59.29999923706055,39900,0.0,0.0
2021-04-19 00:00:00-04:00,62.70000076293945,64.9000015258789,60.29999923706055,62.79999923706055,109730,0.0,0.0
2021-04-20 00:00:00-04:00,63.0,63.599998474121094,60.599998474121094,61.20000076293945,37270,0.0,0.0
2021-04-21 00:00:00-04:00,60.599998474121094,62.900001525878906,59.099998474121094,62.70000076293945,49170,0.0,0.0
2021-04-22 00:00:00-04:00,62.70000076293945,64.5,62.29999923706055,62.5,34340,0.0,0.0
2021-04-23 00:00:00-04:00,62.400001525878906,66.4000015258789,62.400001525878906,65.4000015258789,41930,0.0,0.0
2021-04-26 00:00:00-04:00,65.5999984741211,67.5,65.0,65.5,34930,0.0,0.0
2021-04-27 00:00:00-04:00,66.9000015258789,66.9000015258789,64.69999694824219,64.9000015258789,22670,0.0,0.0
2021-04-28 00:00:00-04:00,64.5999984741211,65.69999694824219,63.5,65.4000015258789,30730,0.0,0.0
2021-04-29 00:00:00-04:00,66.4000015258789,67.4000015258789,64.4000015258789,65.80000305175781,35040,0.0,0.0
2021-04-30 00:00:00-04:00,65.0,65.0,62.0,62.29999923706055,41670,0.0,0.0
2021-05-03 00:00:00-04:00,62.599998474121094,63.20000076293945,61.29999923706055,62.400001525878906,37130,0.0,0.0
2021-05-04 00:00:00-04:00,61.5,62.400001525878906,59.70000076293945,62.0,27050,0.0,0.0
2021-05-05 00:00:00-04:00,62.5,63.0,61.099998474121094,61.099998474121094,18090,0.0,0.0
2021-05-06 00:00:00-04:00,63.599998474121094,64.5999984741211,57.5,62.5,76910,0.0,0.0
2021-05-07 00:00:00-04:00,63.20000076293945,73.0,62.900001525878906,72.80000305175781,171350,0.0,0.0
2021-05-10 00:00:00-04:00,72.5,77.9000015258789,71.0,74.5999984741211,75410,0.0,0.0
2021-05-11 00:00:00-04:00,71.69999694824219,76.69999694824219,68.80000305175781,74.9000015258789,47010,0.0,0.0
2021-05-12 00:00:00-04:00,73.80000305175781,73.9000015258789,69.80000305175781,70.69999694824219,32610,0.0,0.0
2021-05-13 00:00:00-04:00,71.4000015258789,74.0,69.5999984741211,73.0,49790,0.0,0.0
2021-05-14 00:00:00-04:00,73.19999694824219,78.0999984741211,72.0999984741211,76.9000015258789,78570,0.0,0.0
2021-05-17 00:00:00-04:00,77.0,82.19999694824219,76.69999694824219,80.9000015258789,81310,0.0,0.0
2021-05-18 00:00:00-04:00,81.5,83.69999694824219,80.0999984741211,81.69999694824219,74660,0.0,0.0
2021-05-19 00:00:00-04:00,80.0999984741211,88.5,77.5,87.80000305175781,153220,0.0,0.0
2021-05-20 00:00:00-04:00,88.0999984741211,94.0,88.0,92.69999694824219,112410,0.0,0.0
2021-05-21 00:00:00-04:00,94.19999694824219,95.0,87.80000305175781,91.9000015258789,71940,0.0,0.0
2021-05-24 00:00:00-04:00,91.80000305175781,93.0,88.0999984741211,90.80000305175781,42500,0.0,0.0
2021-05-25 00:00:00-04:00,91.0,93.69999694824219,88.30000305175781,88.30000305175781,46860,0.0,0.0
2021-05-26 00:00:00-04:00,93.80000305175781,98.9000015258789,92.80000305175781,98.4000015258789,100330,0.0,0.0
2021-05-27 00:00:00-04:00,98.80000305175781,100.19999694824219,94.5999984741211,97.0,36210,0.0,0.0
2021-05-28 00:00:00-04:00,98.4000015258789,98.9000015258789,95.69999694824219,97.0,27490,0.0,0.0
2021-06-01 00:00:00-04:00,98.0,99.5,93.5,98.4000015258789,41520,0.0,0.0
2021-06-02 00:00:00-04:00,99.5999984741211,99.5999984741211,95.69999694824219,96.5,41660,0.0,0.0
2021-06-03 00:00:00-04:00,94.9000015258789,95.80000305175781,90.9000015258789,93.69999694824219,43490,0.0,0.0
2021-06-04 00:00:00-04:00,94.19999694824219,97.4000015258789,94.0,96.30000305175781,28340,0.0,0.0
2021-06-07 00:00:00-04:00,96.5999984741211,102.9000015258789,96.5,99.5,68960,0.0,0.0
2021-06-08 00:00:00-04:00,99.4000015258789,101.5,97.9000015258789,100.5,45980,0.0,0.0
2021-06-09 00:00:00-04:00,100.5,102.0,98.4000015258789,99.9000015258789,43030,0.0,0.0
2021-06-10 00:00:00-04:00,100.0,101.4000015258789,95.5999984741211,97.5999984741211,31340,0.0,0.0
2021-06-11 00:00:00-04:00,97.80000305175781,99.0999984741211,96.0,97.0,32980,0.0,0.0
2021-06-14 00:00:00-04:00,96.5,108.0,96.5,103.5,145190,0.0,0.0
2021-06-15 00:00:00-04:00,104.0,105.80000305175781,98.9000015258789,102.30000305175781,78690,0.0,0.0
2021-06-16 00:00:00-04:00,102.30000305175781,103.5,98.30000305175781,102.19999694824219,47500,0.0,0.0
2021-06-17 00:00:00-04:00,101.5,104.5,99.69999694824219,99.69999694824219,55890,0.0,0.0
2021-06-18 00:00:00-04:00,97.0999984741211,102.5999984741211,95.4000015258789,97.4000015258789,185840,0.0,0.0
2021-06-21 00:00:00-04:00,99.0,105.5999984741211,98.5,101.0999984741211,89190,0.0,0.0
2021-06-22 00:00:00-04:00,101.4000015258789,107.4000015258789,100.0999984741211,106.5999984741211,116030,0.0,0.0
2021-06-23 00:00:00-04:00,107.5,107.5999984741211,102.5999984741211,102.80000305175781,64120,0.0,0.0
2021-06-24 00:00:00-04:00,103.0999984741211,108.69999694824219,102.5,103.4000015258789,84070,0.0,0.0
2021-06-25 00:00:00-04:00,103.9000015258789,107.0,98.4000015258789,99.9000015258789,525310,0.0,0.0
2021-06-28 00:00:00-04:00,100.5,101.5,97.19999694824219,98.19999694824219,57250,0.0,0.0
2021-06-29 00:00:00-04:00,97.80000305175781,99.5,94.0999984741211,95.4000015258789,61520,0.0,0.0
2021-06-30 00:00:00-04:00,95.19999694824219,95.9000015258789,90.80000305175781,92.19999694824219,82390,0.0,0.0
2021-07-01 00:00:00-04:00,92.0,96.0,91.5999984741211,95.5999984741211,71190,0.0,0.0
2021-07-02 00:00:00-04:00,95.19999694824219,97.0999984741211,93.30000305175781,93.30000305175781,36940,0.0,0.0
2021-07-06 00:00:00-04:00,93.30000305175781,95.69999694824219,92.4000015258789,95.0999984741211,47140,0.0,0.0
2021-07-07 00:00:00-04:00,94.5999984741211,95.5,89.4000015258789,91.5999984741211,44010,0.0,0.0
2021-07-08 00:00:00-04:00,86.9000015258789,91.5,86.5,89.19999694824219,39850,0.0,0.0
2021-07-09 00:00:00-04:00,90.0,92.5,89.0999984741211,92.0999984741211,29370,0.0,0.0
2021-07-12 00:00:00-04:00,92.0999984741211,94.5,90.4000015258789,94.0,32030,0.0,0.0
2021-07-13 00:00:00-04:00,94.19999694824219,94.4000015258789,89.5999984741211,90.4000015258789,42270,0.0,0.0
2021-07-14 00:00:00-04:00,91.30000305175781,92.19999694824219,88.80000305175781,89.19999694824219,34260,0.0,0.0
2021-07-15 00:00:00-04:00,88.4000015258789,89.0,82.5,84.5999984741211,43550,0.0,0.0
2021-07-16 00:00:00-04:00,85.4000015258789,85.4000015258789,81.5999984741211,81.9000015258789,26950,0.0,0.0
2021-07-19 00:00:00-04:00,80.0999984741211,83.19999694824219,78.0999984741211,81.80000305175781,51620,0.0,0.0
2021-07-20 00:00:00-04:00,82.5,86.80000305175781,81.30000305175781,86.4000015258789,32440,0.0,0.0
2021-07-21 00:00:00-04:00,87.30000305175781,92.80000305175781,87.30000305175781,90.80000305175781,64660,0.0,0.0
2021-07-22 00:00:00-04:00,90.5,91.9000015258789,85.30000305175781,88.0999984741211,25690,0.0,0.0
2021-07-23 00:00:00-04:00,89.19999694824219,90.0999984741211,84.69999694824219,86.0,17830,0.0,0.0
2021-07-26 00:00:00-04:00,86.4000015258789,88.5,85.5999984741211,86.0,23710,0.0,0.0
2021-07-27 00:00:00-04:00,84.69999694824219,85.69999694824219,81.30000305175781,83.5999984741211,27000,0.0,0.0
2021-07-28 00:00:00-04:00,84.5,88.5999984741211,84.4000015258789,87.69999694824219,18230,0.0,0.0
2021-07-29 00:00:00-04:00,88.80000305175781,90.80000305175781,87.5,90.0,25780,0.0,0.0
2021-07-30 00:00:00-04:00,88.9000015258789,91.0999984741211,86.9000015258789,87.4000015258789,28490,0.0,0.0
2021-08-02 00:00:00-04:00,88.0,89.0,85.9000015258789,86.30000305175781,27280,0.0,0.0
2021-08-03 00:00:00-04:00,85.9000015258789,87.0999984741211,83.19999694824219,85.0999984741211,31490,0.0,0.0
2021-08-04 00:00:00-04:00,83.5,86.0,82.0,82.4000015258789,60530,0.0,0.0
2021-08-05 00:00:00-04:00,82.69999694824219,94.5,81.0,91.5,82520,0.0,0.0
2021-08-06 00:00:00-04:00,92.19999694824219,92.5,87.4000015258789,90.4000015258789,38850,0.0,0.0
2021-08-09 00:00:00-04:00,90.0,91.4000015258789,87.0,87.5,33930,0.0,0.0
2021-08-10 00:00:00-04:00,87.5,87.80000305175781,83.0,83.30000305175781,23960,0.0,0.0
2021-08-11 00:00:00-04:00,83.19999694824219,83.19999694824219,80.5999984741211,82.9000015258789,26530,0.0,0.0
2021-08-12 00:00:00-04:00,83.30000305175781,83.80000305175781,80.19999694824219,81.30000305175781,34910,0.0,0.0
2021-08-13 00:00:00-04:00,81.0,81.0,77.5999984741211,78.30000305175781,33620,0.0,0.0
2021-08-16 00:00:00-04:00,76.80000305175781,76.80000305175781,72.80000305175781,73.9000015258789,51130,0.0,0.0
2021-08-17 00:00:00-04:00,72.5,72.5,69.0999984741211,69.30000305175781,51500,0.0,0.0
2021-08-18 00:00:00-04:00,69.69999694824219,71.69999694824219,69.30000305175781,69.5999984741211,42150,0.0,0.0
2021-08-19 00:00:00-04:00,68.30000305175781,68.69999694824219,66.9000015258789,68.4000015258789,40020,0.0,0.0
2021-08-20 00:00:00-04:00,68.4000015258789,69.5,67.9000015258789,68.9000015258789,42920,0.0,0.0
2021-08-23 00:00:00-04:00,70.0,73.5999984741211,69.5,73.30000305175781,46130,0.0,0.0
2021-08-24 00:00:00-04:00,73.30000305175781,75.30000305175781,72.80000305175781,74.69999694824219,41230,0.0,0.0
2021-08-25 00:00:00-04:00,74.4000015258789,76.69999694824219,74.0,76.5,47770,0.0,0.0
2021-08-26 00:00:00-04:00,77.0,77.0,74.80000305175781,75.19999694824219,37310,0.0,0.0
2021-08-27 00:00:00-04:00,75.4000015258789,77.30000305175781,75.4000015258789,76.5,47620,0.0,0.0
2021-08-30 00:00:00-04:00,77.0999984741211,77.19999694824219,74.5,74.80000305175781,30120,0.0,0.0
2021-08-31 00:00:00-04:00,74.80000305175781,75.30000305175781,73.30000305175781,74.80000305175781,31080,0.0,0.0
2021-09-01 00:00:00-04:00,75.0,76.5999984741211,73.69999694824219,74.0,29540,0.0,0.0
2021-09-02 00:00:00-04:00,74.19999694824219,79.19999694824219,74.19999694824219,77.80000305175781,30640,0.0,0.0
2021-09-03 00:00:00-04:00,77.80000305175781,78.0999984741211,75.30000305175781,77.19999694824219,11350,0.0,0.0
2021-09-07 00:00:00-04:00,76.80000305175781,78.0,76.5999984741211,77.30000305175781,16950,0.0,0.0
2021-09-08 00:00:00-04:00,77.0,77.0,73.5999984741211,73.80000305175781,34940,0.0,0.0
2021-09-09 00:00:00-04:00,73.5999984741211,75.5,73.5999984741211,74.69999694824219,32910,0.0,0.0
2021-09-10 00:00:00-04:00,75.4000015258789,75.5999984741211,73.4000015258789,73.4000015258789,21560,0.0,0.0
2021-09-13 00:00:00-04:00,74.0,74.30000305175781,72.69999694824219,73.30000305175781,19680,0.0,0.0
2021-09-14 00:00:00-04:00,73.5999984741211,73.5999984741211,70.69999694824219,71.19999694824219,23690,0.0,0.0
2021-09-15 00:00:00-04:00,71.0,71.4000015258789,70.0999984741211,70.9000015258789,22230,0.0,0.0
2021-09-16 00:00:00-04:00,71.0999984741211,73.0,69.5,72.4000015258789,26140,0.0,0.0
2021-09-17 00:00:00-04:00,72.5999984741211,72.9000015258789,70.5,71.19999694824219,30940,0.0,0.0
2021-09-20 00:00:00-04:00,68.80000305175781,69.19999694824219,67.0999984741211,68.0,19150,0.0,0.0
2021-09-21 00:00:00-04:00,68.0,68.80000305175781,65.80000305175781,66.0999984741211,24480,0.0,0.0
2021-09-22 00:00:00-04:00,66.69999694824219,69.5,66.5999984741211,68.5,30860,0.0,0.0
2021-09-23 00:00:00-04:00,69.19999694824219,70.80000305175781,68.19999694824219,70.19999694824219,29770,0.0,0.0
2021-09-24 00:00:00-04:00,69.4000015258789,72.5999984741211,69.19999694824219,71.80000305175781,57350,0.0,0.0
2021-09-27 00:00:00-04:00,71.69999694824219,72.4000015258789,70.80000305175781,71.0999984741211,19020,0.0,0.0
2021-09-28 00:00:00-04:00,70.69999694824219,76.0,70.0999984741211,74.4000015258789,58120,0.0,0.0
2021-09-29 00:00:00-04:00,75.0,75.5999984741211,74.0,75.0,21920,0.0,0.0
2021-09-30 00:00:00-04:00,75.80000305175781,77.5,74.4000015258789,74.80000305175781,24210,0.0,0.0
2021-10-01 00:00:00-04:00,75.4000015258789,76.5,74.19999694824219,76.19999694824219,17620,0.0,0.0
2021-10-04 00:00:00-04:00,76.0999984741211,76.19999694824219,73.19999694824219,73.9000015258789,31350,0.0,0.0
2021-10-05 00:00:00-04:00,74.0999984741211,75.4000015258789,73.0,73.0999984741211,19740,0.0,0.0
2021-10-06 00:00:00-04:00,72.5999984741211,73.4000015258789,71.4000015258789,71.80000305175781,19740,0.0,0.0
2021-10-07 00:00:00-04:00,72.69999694824219,74.80000305175781,72.69999694824219,73.0999984741211,20960,0.0,0.0
2021-10-08 00:00:00-04:00,73.0999984741211,73.80000305175781,71.19999694824219,71.5999984741211,28590,0.0,0.0
2021-10-11 00:00:00-04:00,72.19999694824219,73.9000015258789,71.5,71.5999984741211,18250,0.0,0.0
2021-10-12 00:00:00-04:00,71.5,72.19999694824219,69.9000015258789,72.0999984741211,28310,0.0,0.0
2021-10-13 00:00:00-04:00,72.0,73.69999694824219,71.5999984741211,73.19999694824219,13480,0.0,0.0
2021-10-14 00:00:00-04:00,73.80000305175781,76.5,73.80000305175781,76.19999694824219,23710,0.0,0.0
2021-10-15 00:00:00-04:00,76.5,77.4000015258789,75.5999984741211,76.0,21420,0.0,0.0
2021-10-18 00:00:00-04:00,75.30000305175781,76.30000305175781,74.0,74.4000015258789,17030,0.0,0.0
2021-10-19 00:00:00-04:00,74.5,74.69999694824219,73.0,73.9000015258789,13620,0.0,0.0
2021-10-20 00:00:00-04:00,74.0,75.19999694824219,73.0,74.0999984741211,9720,0.0,0.0
2021-10-21 00:00:00-04:00,74.0999984741211,75.30000305175781,72.9000015258789,73.9000015258789,17960,0.0,0.0
2021-10-22 00:00:00-04:00,73.80000305175781,73.80000305175781,70.69999694824219,70.9000015258789,16680,0.0,0.0
2021-10-25 00:00:00-04:00,71.0,72.5,70.5999984741211,71.5,14620,0.0,0.0
2021-10-26 00:00:00-04:00,71.5999984741211,71.80000305175781,69.80000305175781,70.0999984741211,15620,0.0,0.0
2021-10-27 00:00:00-04:00,70.0999984741211,72.80000305175781,69.69999694824219,71.19999694824219,20720,0.0,0.0
2021-10-28 00:00:00-04:00,71.5,74.0,70.80000305175781,73.19999694824219,19530,0.0,0.0
2021-10-29 00:00:00-04:00,73.0999984741211,75.19999694824219,72.30000305175781,74.80000305175781,40890,0.0,0.0
2021-11-01 00:00:00-04:00,75.80000305175781,75.80000305175781,72.69999694824219,75.0999984741211,22850,0.0,0.0
2021-11-02 00:00:00-04:00,74.30000305175781,78.30000305175781,74.30000305175781,78.0,28440,0.0,0.0
2021-11-03 00:00:00-04:00,78.5,82.80000305175781,77.80000305175781,82.0999984741211,29660,0.0,0.0
2021-11-04 00:00:00-04:00,82.19999694824219,83.9000015258789,80.4000015258789,82.0,22350,0.0,0.0
2021-11-05 00:00:00-04:00,82.80000305175781,85.5,82.0999984741211,82.69999694824219,19850,0.0,0.0
2021-11-08 00:00:00-05:00,83.69999694824219,87.30000305175781,83.69999694824219,86.5,28870,0.0,0.0
2021-11-09 00:00:00-05:00,86.9000015258789,87.30000305175781,84.0999984741211,84.80000305175781,17820,0.0,0.0
2021-11-10 00:00:00-05:00,84.5,85.30000305175781,81.9000015258789,82.5,17150,0.0,0.0
2021-11-11 00:00:00-05:00,82.9000015258789,85.5,82.9000015258789,84.0999984741211,15540,0.0,0.0
2021-11-12 00:00:00-05:00,84.5,86.69999694824219,83.80000305175781,86.5999984741211,14200,0.0,0.0
2021-11-15 00:00:00-05:00,86.69999694824219,87.0999984741211,84.0999984741211,85.19999694824219,15790,0.0,0.0
2021-11-16 00:00:00-05:00,85.4000015258789,86.0999984741211,83.30000305175781,84.0,30520,0.0,0.0
2021-11-17 00:00:00-05:00,84.0,84.5999984741211,79.80000305175781,80.0,35140,0.0,0.0
2021-11-18 00:00:00-05:00,79.80000305175781,79.9000015258789,76.69999694824219,78.19999694824219,31420,0.0,0.0
2021-11-19 00:00:00-05:00,77.19999694824219,78.19999694824219,75.69999694824219,77.19999694824219,25860,0.0,0.0
2021-11-22 00:00:00-05:00,77.9000015258789,78.69999694824219,75.9000015258789,77.5,26810,0.0,0.0
2021-11-23 00:00:00-05:00,76.9000015258789,80.30000305175781,76.9000015258789,79.9000015258789,25220,0.0,0.0
2021-11-24 00:00:00-05:00,79.19999694824219,80.0,77.9000015258789,79.19999694824219,9050,0.0,0.0
2021-11-26 00:00:00-05:00,75.80000305175781,77.69999694824219,73.30000305175781,76.80000305175781,21420,0.0,0.0
2021-11-29 00:00:00-05:00,77.30000305175781,78.5,73.80000305175781,75.4000015258789,18650,0.0,0.0
2021-11-30 00:00:00-05:00,74.5,75.4000015258789,71.80000305175781,73.69999694824219,29400,0.0,0.0
2021-12-01 00:00:00-05:00,74.0,75.19999694824219,65.19999694824219,66.5999984741211,133090,0.0,0.0
2021-12-02 00:00:00-05:00,66.5,67.5,63.5,66.80000305175781,106100,0.0,0.0
2021-12-03 00:00:00-05:00,66.9000015258789,67.19999694824219,64.69999694824219,66.0,35660,0.0,0.0
2021-12-06 00:00:00-05:00,66.5,67.5,65.0,67.0999984741211,27910,0.0,0.0
2021-12-07 00:00:00-05:00,68.0999984741211,72.30000305175781,67.9000015258789,70.0999984741211,37830,0.0,0.0
2021-12-08 00:00:00-05:00,69.9000015258789,70.30000305175781,68.5999984741211,69.0,28130,0.0,0.0
2021-12-09 00:00:00-05:00,68.5,69.9000015258789,66.5999984741211,66.80000305175781,48690,0.0,0.0
2021-12-10 00:00:00-05:00,66.9000015258789,68.4000015258789,64.5999984741211,65.4000015258789,23870,0.0,0.0
2021-12-13 00:00:00-05:00,63.70000076293945,68.30000305175781,63.599998474121094,65.5,53490,0.0,0.0
2021-12-14 00:00:00-05:00,65.0,66.5,64.0999984741211,64.5,37030,0.0,0.0
2021-12-15 00:00:00-05:00,63.79999923706055,65.5999984741211,62.900001525878906,65.0999984741211,48960,0.0,0.0
2021-12-16 00:00:00-05:00,65.30000305175781,66.4000015258789,62.900001525878906,63.0,45730,0.0,0.0
2021-12-17 00:00:00-05:00,62.5,64.5999984741211,61.29999923706055,63.79999923706055,257600,0.0,0.0
2021-12-20 00:00:00-05:00,63.29999923706055,65.0999984741211,61.599998474121094,64.9000015258789,56800,0.0,0.0
2021-12-21 00:00:00-05:00,65.9000015258789,66.5999984741211,63.79999923706055,65.80000305175781,50500,0.0,0.0
2021-12-22 00:00:00-05:00,64.69999694824219,69.0,64.30000305175781,68.80000305175781,60120,0.0,0.0
2021-12-23 00:00:00-05:00,68.80000305175781,72.0,68.5999984741211,71.80000305175781,23870,0.0,0.0
2021-12-27 00:00:00-05:00,71.5999984741211,75.30000305175781,71.0,72.69999694824219,38520,0.0,0.0
2021-12-28 00:00:00-05:00,72.4000015258789,72.5,70.19999694824219,70.30000305175781,16910,0.0,0.0
2021-12-29 00:00:00-05:00,69.9000015258789,72.9000015258789,69.0,71.5999984741211,20070,0.0,0.0
2021-12-30 00:00:00-05:00,71.19999694824219,72.0999984741211,70.0999984741211,70.0999984741211,26020,0.0,0.0
2021-12-31 00:00:00-05:00,70.0,71.4000015258789,69.80000305175781,69.80000305175781,32640,0.0,0.0
2022-01-03 00:00:00-05:00,70.0,71.69999694824219,69.5999984741211,70.30000305175781,32080,0.0,0.0
2022-01-04 00:00:00-05:00,70.5999984741211,72.9000015258789,69.30000305175781,71.80000305175781,49890,0.0,0.0
2022-01-05 00:00:00-05:00,72.0,72.30000305175781,68.0,68.30000305175781,24330,0.0,0.0
2022-01-06 00:00:00-05:00,68.69999694824219,69.30000305175781,66.0,66.4000015258789,52810,0.0,0.0
2022-01-07 00:00:00-05:00,65.80000305175781,67.30000305175781,65.0,65.0,20950,0.0,0.0
2022-01-10 00:00:00-05:00,64.80000305175781,64.80000305175781,62.79999923706055,64.0999984741211,21100,0.0,0.0
2022-01-11 00:00:00-05:00,64.19999694824219,67.0999984741211,63.400001525878906,66.4000015258789,22910,0.0,0.0
2022-01-12 00:00:00-05:00,66.5,67.80000305175781,65.5999984741211,67.30000305175781,38840,0.0,0.0
2022-01-13 00:00:00-05:00,67.4000015258789,68.30000305175781,62.599998474121094,63.20000076293945,45530,0.0,0.0
2022-01-14 00:00:00-05:00,62.70000076293945,62.70000076293945,61.29999923706055,62.400001525878906,25540,0.0,0.0
2022-01-18 00:00:00-05:00,61.70000076293945,62.599998474121094,59.79999923706055,60.0,38360,0.0,0.0
2022-01-19 00:00:00-05:00,59.79999923706055,60.400001525878906,57.0,57.70000076293945,63400,0.0,0.0
2022-01-20 00:00:00-05:00,58.20000076293945,59.400001525878906,56.29999923706055,56.400001525878906,32090,0.0,0.0
2022-01-21 00:00:00-05:00,55.5,56.20000076293945,53.400001525878906,53.599998474121094,49880,0.0,0.0
2022-01-24 00:00:00-05:00,54.0,59.20000076293945,53.0,58.79999923706055,60940,0.0,0.0
2022-01-25 00:00:00-05:00,58.29999923706055,59.599998474121094,56.900001525878906,58.5,28690,0.0,0.0
2022-01-26 00:00:00-05:00,59.20000076293945,60.0,56.79999923706055,57.599998474121094,42750,0.0,0.0
2022-01-27 00:00:00-05:00,60.0,60.0,54.400001525878906,54.79999923706055,25030,0.0,0.0
2022-01-28 00:00:00-05:00,54.20000076293945,55.5,52.79999923706055,55.5,18380,0.0,0.0
2022-01-31 00:00:00-05:00,56.099998474121094,58.70000076293945,55.5,58.099998474121094,27700,0.0,0.0
2022-02-01 00:00:00-05:00,58.099998474121094,58.20000076293945,55.599998474121094,57.0,42070,0.0,0.0
2022-02-02 00:00:00-05:00,57.099998474121094,58.0,54.79999923706055,56.5,35260,0.0,0.0
2022-02-03 00:00:00-05:00,55.70000076293945,56.400001525878906,54.900001525878906,55.0,23470,0.0,0.0
2022-02-04 00:00:00-05:00,54.599998474121094,57.099998474121094,53.20000076293945,56.599998474121094,31870,0.0,0.0
2022-02-07 00:00:00-05:00,56.79999923706055,58.29999923706055,56.599998474121094,57.29999923706055,18730,0.0,0.0
2022-02-08 00:00:00-05:00,57.0,59.099998474121094,57.0,58.20000076293945,24930,0.0,0.0
2022-02-09 00:00:00-05:00,58.79999923706055,59.400001525878906,58.29999923706055,58.900001525878906,52880,0.0,0.0
2022-02-10 00:00:00-05:00,43.0,43.5,39.0,40.70000076293945,300950,0.0,0.0
2022-02-11 00:00:00-05:00,40.099998474121094,40.400001525878906,38.29999923706055,38.599998474121094,86260,0.0,0.0
2022-02-14 00:00:00-05:00,39.0,41.20000076293945,38.0,39.5,92940,0.0,0.0
2022-02-15 00:00:00-05:00,40.70000076293945,42.29999923706055,40.099998474121094,40.5,70010,0.0,0.0
2022-02-16 00:00:00-05:00,40.0,40.29999923706055,39.29999923706055,39.900001525878906,39820,0.0,0.0
2022-02-17 00:00:00-05:00,39.29999923706055,40.0,38.79999923706055,39.099998474121094,29930,0.0,0.0
2022-02-18 00:00:00-05:00,38.900001525878906,40.79999923706055,38.70000076293945,40.20000076293945,37220,0.0,0.0
2022-02-22 00:00:00-05:00,39.5,40.29999923706055,39.0,39.400001525878906,40330,0.0,0.0
2022-02-23 00:00:00-05:00,40.0,40.099998474121094,38.29999923706055,38.400001525878906,40470,0.0,0.0
2022-02-24 00:00:00-05:00,37.29999923706055,40.20000076293945,36.70000076293945,39.70000076293945,54130,0.0,0.0
2022-02-25 00:00:00-05:00,39.70000076293945,40.79999923706055,39.0,40.400001525878906,50480,0.0,0.0
2022-02-28 00:00:00-05:00,39.900001525878906,40.29999923706055,38.599998474121094,38.79999923706055,36050,0.0,0.0
2022-03-01 00:00:00-05:00,39.29999923706055,39.79999923706055,38.70000076293945,39.099998474121094,55200,0.0,0.0
2022-03-02 00:00:00-05:00,39.099998474121094,39.79999923706055,38.29999923706055,39.400001525878906,48570,0.0,0.0
2022-03-03 00:00:00-05:00,39.79999923706055,39.79999923706055,37.79999923706055,37.900001525878906,51560,0.0,0.0
2022-03-04 00:00:00-05:00,37.29999923706055,38.20000076293945,36.20000076293945,37.099998474121094,50470,0.0,0.0
2022-03-07 00:00:00-05:00,37.0,37.70000076293945,36.599998474121094,36.900001525878906,37910,0.0,0.0
2022-03-08 00:00:00-05:00,37.29999923706055,38.29999923706055,36.599998474121094,36.70000076293945,44130,0.0,0.0
2022-03-09 00:00:00-05:00,37.599998474121094,38.5,37.20000076293945,37.79999923706055,38380,0.0,0.0
2022-03-10 00:00:00-05:00,37.099998474121094,37.5,36.70000076293945,36.900001525878906,22020,0.0,0.0
2022-03-11 00:00:00-05:00,37.20000076293945,37.5,36.0,36.099998474121094,28260,0.0,0.0
2022-03-14 00:00:00-04:00,36.20000076293945,36.599998474121094,35.5,36.29999923706055,35390,0.0,0.0
2022-03-15 00:00:00-04:00,36.400001525878906,37.20000076293945,36.099998474121094,37.20000076293945,29960,0.0,0.0
2022-03-16 00:00:00-04:00,37.400001525878906,38.900001525878906,36.599998474121094,37.099998474121094,57240,0.0,0.0
2022-03-17 00:00:00-04:00,37.099998474121094,38.70000076293945,36.70000076293945,38.0,21870,0.0,0.0
2022-03-18 00:00:00-04:00,38.0,39.20000076293945,37.900001525878906,38.29999923706055,52840,0.0,0.0
2022-03-21 00:00:00-04:00,38.79999923706055,38.79999923706055,37.099998474121094,37.900001525878906,34970,0.0,0.0
2022-03-22 00:00:00-04:00,38.0,38.599998474121094,37.20000076293945,37.599998474121094,31580,0.0,0.0
2022-03-23 00:00:00-04:00,37.599998474121094,37.599998474121094,36.099998474121094,36.599998474121094,46610,0.0,0.0
2022-03-24 00:00:00-04:00,36.5,37.29999923706055,36.29999923706055,37.20000076293945,34380,0.0,0.0
2022-03-25 00:00:00-04:00,37.5,37.5,35.29999923706055,35.5,40420,0.0,0.0
2022-03-28 00:00:00-04:00,35.400001525878906,36.099998474121094,35.0,35.79999923706055,37400,0.0,0.0
2022-03-29 00:00:00-04:00,36.20000076293945,37.79999923706055,36.20000076293945,37.400001525878906,45490,0.0,0.0
2022-03-30 00:00:00-04:00,37.5,38.79999923706055,37.0,37.099998474121094,47290,0.0,0.0
2022-03-31 00:00:00-04:00,37.20000076293945,37.400001525878906,36.5,37.0,29970,0.0,0.0
2022-04-01 00:00:00-04:00,37.29999923706055,37.79999923706055,36.5,36.900001525878906,29070,0.0,0.0
2022-04-04 00:00:00-04:00,37.0,37.29999923706055,36.400001525878906,37.20000076293945,26700,0.0,0.0
2022-04-05 00:00:00-04:00,36.70000076293945,37.099998474121094,35.599998474121094,35.79999923706055,33230,0.0,0.0
2022-04-06 00:00:00-04:00,35.599998474121094,36.099998474121094,34.29999923706055,35.79999923706055,59560,0.0,0.0
2022-04-07 00:00:00-04:00,35.79999923706055,36.599998474121094,35.0,36.20000076293945,32050,0.0,0.0
2022-04-08 00:00:00-04:00,36.20000076293945,36.70000076293945,35.400001525878906,36.29999923706055,39180,0.0,0.0
2022-04-11 00:00:00-04:00,36.20000076293945,37.5,35.70000076293945,36.599998474121094,61960,0.0,0.0
2022-04-12 00:00:00-04:00,37.099998474121094,37.29999923706055,35.0,35.0,63860,0.0,0.0
2022-04-13 00:00:00-04:00,35.0,37.099998474121094,34.599998474121094,36.79999923706055,53310,0.0,0.0
2022-04-14 00:00:00-04:00,37.0,38.099998474121094,36.599998474121094,36.79999923706055,41850,0.0,0.0
2022-04-18 00:00:00-04:00,36.900001525878906,37.79999923706055,36.400001525878906,36.5,38030,0.0,0.0
2022-04-19 00:00:00-04:00,36.5,36.900001525878906,35.5,36.0,49990,0.0,0.0
2022-04-20 00:00:00-04:00,36.29999923706055,36.599998474121094,35.79999923706055,36.099998474121094,42070,0.0,0.0
2022-04-21 00:00:00-04:00,36.5,37.099998474121094,34.900001525878906,35.400001525878906,43540,0.0,0.0
2022-04-22 00:00:00-04:00,35.20000076293945,35.5,33.900001525878906,34.20000076293945,37050,0.0,0.0
2022-04-25 00:00:00-04:00,34.20000076293945,34.900001525878906,33.79999923706055,34.79999923706055,34530,0.0,0.0
2022-04-26 00:00:00-04:00,34.20000076293945,35.099998474121094,33.5,33.599998474121094,34610,0.0,0.0
2022-04-27 00:00:00-04:00,33.599998474121094,34.20000076293945,33.20000076293945,33.79999923706055,41200,0.0,0.0
2022-04-28 00:00:00-04:00,34.099998474121094,35.900001525878906,33.400001525878906,35.599998474121094,48130,0.0,0.0
2022-04-29 00:00:00-04:00,35.099998474121094,36.900001525878906,34.20000076293945,34.5,40260,0.0,0.0
2022-05-02 00:00:00-04:00,34.599998474121094,36.70000076293945,34.599998474121094,36.0,55810,0.0,0.0
2022-05-03 00:00:00-04:00,35.900001525878906,36.70000076293945,35.599998474121094,35.900001525878906,61260,0.0,0.0
2022-05-04 00:00:00-04:00,35.70000076293945,36.20000076293945,34.20000076293945,36.099998474121094,40430,0.0,0.0
2022-05-05 00:00:00-04:00,32.79999923706055,33.29999923706055,30.5,30.799999237060547,79460,0.0,0.0
2022-05-06 00:00:00-04:00,30.399999618530273,32.70000076293945,30.399999618530273,32.5,56690,0.0,0.0
2022-05-09 00:00:00-04:00,31.799999237060547,32.5,30.5,31.200000762939453,73310,0.0,0.0
2022-05-10 00:00:00-04:00,31.899999618530273,33.099998474121094,30.899999618530273,32.5,54410,0.0,0.0
2022-05-11 00:00:00-04:00,32.29999923706055,32.900001525878906,30.5,30.700000762939453,42780,0.0,0.0
2022-05-12 00:00:00-04:00,30.299999237060547,32.5,30.299999237060547,31.799999237060547,33410,0.0,0.0
2022-05-13 00:00:00-04:00,32.29999923706055,32.599998474121094,31.399999618530273,31.899999618530273,39140,0.0,0.0
2022-05-16 00:00:00-04:00,31.700000762939453,32.099998474121094,31.0,31.399999618530273,27240,0.0,0.0
2022-05-17 00:00:00-04:00,32.0,32.599998474121094,31.299999237060547,32.20000076293945,22780,0.0,0.0
2022-05-18 00:00:00-04:00,31.600000381469727,32.099998474121094,31.0,31.100000381469727,23620,0.0,0.0
2022-05-19 00:00:00-04:00,31.100000381469727,31.899999618530273,30.799999237060547,31.299999237060547,25160,0.0,0.0
2022-05-20 00:00:00-04:00,31.799999237060547,32.0,30.200000762939453,31.100000381469727,24250,0.0,0.0
2022-05-23 00:00:00-04:00,31.200000762939453,32.0,30.799999237060547,30.899999618530273,16580,0.0,0.0
2022-05-24 00:00:00-04:00,30.600000381469727,31.200000762939453,29.700000762939453,30.899999618530273,23840,0.0,0.0
2022-05-25 00:00:00-04:00,30.600000381469727,31.899999618530273,30.5,31.299999237060547,19080,0.0,0.0
2022-05-26 00:00:00-04:00,31.5,32.79999923706055,31.399999618530273,32.5,42410,0.0,0.0
2022-05-27 00:00:00-04:00,32.900001525878906,33.5,32.599998474121094,33.29999923706055,40690,0.0,0.0
2022-05-31 00:00:00-04:00,33.099998474121094,33.599998474121094,32.599998474121094,33.0,16860,0.0,0.0
2022-06-01 00:00:00-04:00,33.20000076293945,33.29999923706055,31.600000381469727,31.899999618530273,30850,0.0,0.0
2022-06-02 00:00:00-04:00,32.0,34.900001525878906,31.799999237060547,34.70000076293945,29670,0.0,0.0
2022-06-03 00:00:00-04:00,34.099998474121094,35.599998474121094,33.5,35.0,41960,0.0,0.0
2022-06-06 00:00:00-04:00,35.0,35.599998474121094,33.70000076293945,34.0,33340,0.0,0.0
2022-06-07 00:00:00-04:00,33.5,35.599998474121094,33.400001525878906,35.400001525878906,46690,0.0,0.0
2022-06-08 00:00:00-04:00,35.099998474121094,36.0,34.29999923706055,35.0,33330,0.0,0.0
2022-06-09 00:00:00-04:00,34.70000076293945,35.400001525878906,33.79999923706055,34.099998474121094,30160,0.0,0.0
2022-06-10 00:00:00-04:00,33.70000076293945,33.70000076293945,31.5,32.0,40570,0.0,0.0
2022-06-13 00:00:00-04:00,30.799999237060547,32.70000076293945,30.399999618530273,32.0,76480,0.0,0.0
2022-06-14 00:00:00-04:00,32.599998474121094,32.70000076293945,31.299999237060547,31.899999618530273,31840,0.0,0.0
2022-06-15 00:00:00-04:00,32.599998474121094,33.70000076293945,31.700000762939453,33.099998474121094,30670,0.0,0.0
2022-06-16 00:00:00-04:00,32.099998474121094,32.400001525878906,30.799999237060547,31.700000762939453,56040,0.0,0.0
2022-06-17 00:00:00-04:00,31.600000381469727,32.70000076293945,30.100000381469727,31.100000381469727,173250,0.0,0.0
2022-06-21 00:00:00-04:00,31.399999618530273,33.70000076293945,31.100000381469727,33.099998474121094,73540,0.0,0.0
2022-06-22 00:00:00-04:00,32.5,34.099998474121094,32.5,33.20000076293945,49170,0.0,0.0
2022-06-23 00:00:00-04:00,33.099998474121094,34.5,32.400001525878906,34.5,58530,0.0,0.0
2022-06-24 00:00:00-04:00,34.5,36.5,33.900001525878906,34.5,560080,0.0,0.0
2022-06-27 00:00:00-04:00,34.29999923706055,34.79999923706055,32.29999923706055,32.79999923706055,64360,0.0,0.0
2022-06-28 00:00:00-04:00,32.79999923706055,34.20000076293945,32.79999923706055,32.900001525878906,49860,0.0,0.0
2022-06-29 00:00:00-04:00,32.5,32.70000076293945,30.799999237060547,31.299999237060547,36580,0.0,0.0
2022-06-30 00:00:00-04:00,30.799999237060547,31.200000762939453,30.100000381469727,30.700000762939453,34730,0.0,0.0
2022-07-01 00:00:00-04:00,30.799999237060547,31.0,29.5,30.899999618530273,40640,0.0,0.0
2022-07-05 00:00:00-04:00,30.399999618530273,31.200000762939453,29.399999618530273,31.0,38220,0.0,0.0
2022-07-06 00:00:00-04:00,31.0,32.400001525878906,30.700000762939453,31.299999237060547,19800,0.0,0.0
2022-07-07 00:00:00-04:00,31.600000381469727,32.5,31.299999237060547,32.0,31380,0.0,0.0
2022-07-08 00:00:00-04:00,31.799999237060547,32.400001525878906,31.600000381469727,32.099998474121094,19570,0.0,0.0
2022-07-11 00:00:00-04:00,31.799999237060547,32.70000076293945,31.100000381469727,31.5,16310,0.0,0.0
2022-07-12 00:00:00-04:00,32.0,32.099998474121094,30.899999618530273,31.100000381469727,21650,0.0,0.0
2022-07-13 00:00:00-04:00,30.700000762939453,31.899999618530273,30.700000762939453,31.5,26000,0.0,0.0
2022-07-14 00:00:00-04:00,31.0,32.70000076293945,30.799999237060547,31.899999618530273,31520,0.0,0.0
2022-07-15 00:00:00-04:00,32.400001525878906,32.400001525878906,31.100000381469727,31.600000381469727,21780,0.0,0.0
2022-07-18 00:00:00-04:00,31.799999237060547,32.5,31.600000381469727,32.0,22900,0.0,0.0
2022-07-19 00:00:00-04:00,32.099998474121094,33.400001525878906,32.099998474121094,33.0,24160,0.0,0.0
2022-07-20 00:00:00-04:00,33.0,34.29999923706055,32.70000076293945,34.0,23780,0.0,0.0
2022-07-21 00:00:00-04:00,34.099998474121094,34.599998474121094,32.70000076293945,34.20000076293945,25260,0.0,0.0
2022-07-22 00:00:00-04:00,34.099998474121094,34.5,33.29999923706055,33.79999923706055,24100,0.0,0.0
2022-07-25 00:00:00-04:00,33.70000076293945,34.5,33.20000076293945,33.79999923706055,21790,0.0,0.0
2022-07-26 00:00:00-04:00,33.599998474121094,33.79999923706055,32.5,32.599998474121094,19350,0.0,0.0
2022-07-27 00:00:00-04:00,32.79999923706055,33.099998474121094,31.700000762939453,32.099998474121094,29950,0.0,0.0
2022-07-28 00:00:00-04:00,32.0,32.70000076293945,31.5,32.5,29460,0.0,0.0
2022-07-29 00:00:00-04:00,32.599998474121094,32.599998474121094,31.5,32.0,31420,0.0,0.0
2022-08-01 00:00:00-04:00,31.899999618530273,31.899999618530273,30.799999237060547,31.100000381469727,41720,0.0,0.0
2022-08-02 00:00:00-04:00,31.0,33.29999923706055,30.700000762939453,33.20000076293945,93770,0.0,0.0
2022-08-03 00:00:00-04:00,33.29999923706055,34.29999923706055,32.79999923706055,33.79999923706055,68550,0.0,0.0
2022-08-04 00:00:00-04:00,34.0,34.099998474121094,33.20000076293945,33.79999923706055,53900,0.0,0.0
2022-08-05 00:00:00-04:00,33.400001525878906,34.79999923706055,33.099998474121094,34.0,54740,0.0,0.0
2022-08-08 00:00:00-04:00,34.79999923706055,34.900001525878906,32.5,32.599998474121094,36540,0.0,0.0
2022-08-09 00:00:00-04:00,32.70000076293945,32.70000076293945,31.0,31.299999237060547,24690,0.0,0.0
2022-08-10 00:00:00-04:00,28.5,28.799999237060547,24.5,25.5,190370,0.0,0.0
2022-08-11 00:00:00-04:00,25.799999237060547,26.100000381469727,25.0,25.899999618530273,119540,0.0,0.0
2022-08-12 00:00:00-04:00,25.799999237060547,29.5,25.399999618530273,28.799999237060547,108820,0.0,0.0
2022-08-15 00:00:00-04:00,29.0,30.399999618530273,28.100000381469727,29.200000762939453,58350,0.0,0.0
2022-08-16 00:00:00-04:00,29.200000762939453,29.200000762939453,27.200000762939453,27.299999237060547,41920,0.0,0.0
2022-08-17 00:00:00-04:00,27.100000381469727,27.200000762939453,26.0,26.5,52020,0.0,0.0
2022-08-18 00:00:00-04:00,26.399999618530273,27.799999237060547,26.399999618530273,27.399999618530273,48290,0.0,0.0
2022-08-19 00:00:00-04:00,26.799999237060547,27.0,25.899999618530273,25.899999618530273,43480,0.0,0.0
2022-08-22 00:00:00-04:00,25.5,26.100000381469727,24.899999618530273,25.600000381469727,56100,0.0,0.0
2022-08-23 00:00:00-04:00,25.5,25.5,24.299999237060547,25.200000762939453,53050,0.0,0.0
2022-08-24 00:00:00-04:00,25.5,25.600000381469727,24.399999618530273,24.899999618530273,38010,0.0,0.0
2022-08-25 00:00:00-04:00,25.0,25.100000381469727,24.399999618530273,24.799999237060547,41880,0.0,0.0
2022-08-26 00:00:00-04:00,25.0,25.0,24.200000762939453,24.5,24690,0.0,0.0
2022-08-29 00:00:00-04:00,24.799999237060547,25.299999237060547,23.700000762939453,24.799999237060547,39090,0.0,0.0
2022-08-30 00:00:00-04:00,24.799999237060547,25.200000762939453,24.200000762939453,24.399999618530273,20440,0.0,0.0
2022-08-31 00:00:00-04:00,24.399999618530273,24.399999618530273,23.5,23.799999237060547,34000,0.0,0.0
2022-09-01 00:00:00-04:00,23.399999618530273,23.600000381469727,22.299999237060547,22.700000762939453,24700,0.0,0.0
2022-09-02 00:00:00-04:00,23.0,23.0,21.5,21.899999618530273,22510,0.0,0.0
2022-09-06 00:00:00-04:00,22.0,22.200000762939453,21.100000381469727,21.899999618530273,39950,0.0,0.0
2022-09-07 00:00:00-04:00,21.799999237060547,22.299999237060547,21.600000381469727,22.200000762939453,21770,0.0,0.0
2022-09-08 00:00:00-04:00,22.299999237060547,22.399999618530273,21.700000762939453,22.200000762939453,19310,0.0,0.0
2022-09-09 00:00:00-04:00,22.200000762939453,22.700000762939453,22.0,22.5,17110,0.0,0.0
2022-09-12 00:00:00-04:00,22.299999237060547,23.600000381469727,22.299999237060547,22.899999618530273,18100,0.0,0.0
2022-09-13 00:00:00-04:00,22.100000381469727,22.399999618530273,21.700000762939453,21.799999237060547,12880,0.0,0.0
2022-09-14 00:00:00-04:00,21.700000762939453,21.899999618530273,21.399999618530273,21.600000381469727,15650,0.0,0.0
2022-09-15 00:00:00-04:00,21.5,21.700000762939453,20.600000381469727,20.600000381469727,17710,0.0,0.0
2022-09-16 00:00:00-04:00,20.5,20.700000762939453,19.5,20.200000762939453,133310,0.0,0.0
2022-09-19 00:00:00-04:00,19.799999237060547,20.5,19.399999618530273,20.299999237060547,30120,0.0,0.0
2022-09-20 00:00:00-04:00,20.0,20.200000762939453,18.899999618530273,19.200000762939453,23400,0.0,0.0
2022-09-21 00:00:00-04:00,18.899999618530273,19.200000762939453,18.399999618530273,18.799999237060547,38760,0.0,0.0
2022-09-22 00:00:00-04:00,18.700000762939453,18.899999618530273,18.200000762939453,18.399999618530273,22040,0.0,0.0
2022-09-23 00:00:00-04:00,17.700000762939453,18.100000381469727,17.299999237060547,17.899999618530273,29520,0.0,0.0
2022-09-26 00:00:00-04:00,17.700000762939453,18.200000762939453,17.100000381469727,17.399999618530273,30160,0.0,0.0
2022-09-27 00:00:00-04:00,17.299999237060547,17.600000381469727,16.899999618530273,17.0,21260,0.0,0.0
2022-09-28 00:00:00-04:00,17.200000762939453,18.299999237060547,17.0,17.899999618530273,26380,0.0,0.0
2022-09-29 00:00:00-04:00,17.700000762939453,17.700000762939453,16.799999237060547,16.899999618530273,12470,0.0,0.0
2022-09-30 00:00:00-04:00,17.0,17.5,16.700000762939453,16.700000762939453,15930,0.0,0.0
2022-10-03 00:00:00-04:00,17.200000762939453,17.299999237060547,16.700000762939453,17.200000762939453,30030,0.0,0.0
2022-10-04 00:00:00-04:00,17.399999618530273,18.299999237060547,17.299999237060547,17.700000762939453,24030,0.0,0.0
2022-10-05 00:00:00-04:00,17.5,17.799999237060547,17.0,17.0,16920,0.0,0.0
2022-10-06 00:00:00-04:00,16.700000762939453,17.200000762939453,16.700000762939453,17.0,14420,0.0,0.0
2022-10-07 00:00:00-04:00,17.0,17.0,16.200000762939453,16.299999237060547,16250,0.0,0.0
2022-10-10 00:00:00-04:00,16.299999237060547,16.799999237060547,14.300000190734863,14.899999618530273,85090,0.0,0.0
2022-10-11 00:00:00-04:00,14.800000190734863,15.600000381469727,14.399999618530273,15.100000381469727,59910,0.0,0.0
2022-10-12 00:00:00-04:00,15.0,15.199999809265137,14.399999618530273,14.399999618530273,19630,0.0,0.0
2022-10-13 00:00:00-04:00,14.100000381469727,14.800000190734863,13.600000381469727,14.800000190734863,55130,0.0,0.0
2022-10-14 00:00:00-04:00,14.899999618530273,14.899999618530273,14.0,14.199999809265137,19620,0.0,0.0
2022-10-17 00:00:00-04:00,14.199999809265137,15.399999618530273,14.199999809265137,15.199999809265137,20930,0.0,0.0
2022-10-18 00:00:00-04:00,16.0,16.100000381469727,15.0,15.600000381469727,26020,0.0,0.0
2022-10-19 00:00:00-04:00,15.5,15.899999618530273,15.199999809265137,15.199999809265137,8400,0.0,0.0
2022-10-20 00:00:00-04:00,15.100000381469727,15.399999618530273,14.899999618530273,15.199999809265137,16690,0.0,0.0
2022-10-21 00:00:00-04:00,15.0,15.800000190734863,14.899999618530273,15.300000190734863,14180,0.0,0.0
2022-10-24 00:00:00-04:00,15.5,15.699999809265137,15.100000381469727,15.300000190734863,9530,0.0,0.0
2022-10-25 00:00:00-04:00,15.100000381469727,16.299999237060547,15.100000381469727,15.800000190734863,20430,0.0,0.0
2022-10-26 00:00:00-04:00,15.699999809265137,16.100000381469727,15.399999618530273,15.699999809265137,16530,0.0,0.0
2022-10-27 00:00:00-04:00,15.800000190734863,15.899999618530273,15.0,15.199999809265137,13570,0.0,0.0
2022-10-28 00:00:00-04:00,15.0,16.100000381469727,15.0,15.5,21710,0.0,0.0
2022-10-31 00:00:00-04:00,15.5,15.5,15.0,15.300000190734863,12110,0.0,0.0
2022-11-01 00:00:00-04:00,15.5,15.699999809265137,15.100000381469727,15.5,17140,0.0,0.0
2022-11-02 00:00:00-04:00,15.5,15.600000381469727,14.699999809265137,14.899999618530273,16140,0.0,0.0
2022-11-03 00:00:00-04:00,14.899999618530273,15.600000381469727,14.399999618530273,15.300000190734863,24040,0.0,0.0
2022-11-04 00:00:00-04:00,15.699999809265137,15.699999809265137,15.199999809265137,15.600000381469727,14100,0.0,0.0
2022-11-07 00:00:00-05:00,15.800000190734863,16.100000381469727,15.100000381469727,15.199999809265137,14100,0.0,0.0
2022-11-08 00:00:00-05:00,15.600000381469727,15.800000190734863,15.0,15.300000190734863,21510,0.0,0.0
2022-11-09 00:00:00-05:00,15.399999618530273,15.600000381469727,15.0,15.199999809265137,26910,0.0,0.0
2022-11-10 00:00:00-05:00,15.199999809265137,15.600000381469727,15.100000381469727,15.5,21310,0.0,0.0
2022-11-11 00:00:00-05:00,15.699999809265137,16.399999618530273,15.5,15.899999618530273,29930,0.0,0.0
2022-11-14 00:00:00-05:00,15.699999809265137,15.899999618530273,15.199999809265137,15.300000190734863,13440,0.0,0.0
2022-11-15 00:00:00-05:00,15.600000381469727,16.200000762939453,15.600000381469727,15.899999618530273,23460,0.0,0.0
2022-11-16 00:00:00-05:00,15.800000190734863,16.0,15.199999809265137,15.199999809265137,28040,0.0,0.0
2022-11-17 00:00:00-05:00,15.100000381469727,15.399999618530273,15.0,15.0,9930,0.0,0.0
2022-11-18 00:00:00-05:00,15.0,15.600000381469727,15.0,15.300000190734863,18710,0.0,0.0
2022-11-21 00:00:00-05:00,15.100000381469727,15.5,14.899999618530273,14.899999618530273,14010,0.0,0.0
2022-11-22 00:00:00-05:00,15.0,15.100000381469727,14.0,14.800000190734863,23130,0.0,0.0
2022-11-23 00:00:00-05:00,15.0,15.0,14.300000190734863,14.5,27390,0.0,0.0
2022-11-25 00:00:00-05:00,14.5,15.0,14.300000190734863,14.800000190734863,9980,0.0,0.0
2022-11-28 00:00:00-05:00,14.699999809265137,14.899999618530273,14.100000381469727,14.100000381469727,12030,0.0,0.0
2022-11-29 00:00:00-05:00,14.100000381469727,14.399999618530273,13.699999809265137,14.0,19500,0.0,0.0
2022-11-30 00:00:00-05:00,14.0,14.399999618530273,13.600000381469727,14.199999809265137,31710,0.0,0.0
2022-12-01 00:00:00-05:00,14.100000381469727,14.699999809265137,14.0,14.199999809265137,25860,0.0,0.0
2022-12-02 00:00:00-05:00,14.199999809265137,15.0,13.800000190734863,13.800000190734863,18590,0.0,0.0
2022-12-05 00:00:00-05:00,14.0,14.0,13.600000381469727,13.600000381469727,13230,0.0,0.0
2022-12-06 00:00:00-05:00,13.699999809265137,13.899999618530273,13.0,13.0,34870,0.0,0.0
2022-12-07 00:00:00-05:00,13.199999809265137,13.600000381469727,12.300000190734863,12.399999618530273,44650,0.0,0.0
2022-12-08 00:00:00-05:00,12.300000190734863,13.300000190734863,12.300000190734863,12.899999618530273,26970,0.0,0.0
2022-12-09 00:00:00-05:00,12.699999809265137,13.699999809265137,12.699999809265137,13.5,25690,0.0,0.0
2022-12-12 00:00:00-05:00,13.300000190734863,13.399999618530273,12.399999618530273,12.5,57380,0.0,0.0
2022-12-13 00:00:00-05:00,12.800000190734863,13.899999618530273,12.800000190734863,13.699999809265137,52250,0.0,0.0
2022-12-14 00:00:00-05:00,13.699999809265137,13.899999618530273,13.0,13.5,36500,0.0,0.0
2022-12-15 00:00:00-05:00,13.199999809265137,14.100000381469727,13.0,13.699999809265137,46600,0.0,0.0
2022-12-16 00:00:00-05:00,13.399999618530273,14.300000190734863,13.399999618530273,13.699999809265137,270190,0.0,0.0
2022-12-19 00:00:00-05:00,13.699999809265137,14.100000381469727,13.399999618530273,13.399999618530273,37270,0.0,0.0
2022-12-20 00:00:00-05:00,13.5,13.699999809265137,13.199999809265137,13.199999809265137,32060,0.0,0.0
2022-12-21 00:00:00-05:00,11.5,12.300000190734863,10.600000381469727,11.199999809265137,139530,0.0,0.0
2022-12-22 00:00:00-05:00,10.399999618530273,10.699999809265137,9.399999618530273,10.199999809265137,70610,0.0,0.0
2022-12-23 00:00:00-05:00,10.0,10.100000381469727,9.699999809265137,9.699999809265137,97320,0.0,0.0
2022-12-27 00:00:00-05:00,9.399999618530273,9.5,8.699999809265137,8.899999618530273,67660,0.0,0.0
2022-12-28 00:00:00-05:00,9.100000381469727,9.199999809265137,8.600000381469727,8.800000190734863,73480,0.0,0.0
2022-12-29 00:00:00-05:00,8.899999618530273,9.699999809265137,8.899999618530273,9.399999618530273,86020,0.0,0.0
2022-12-30 00:00:00-05:00,9.5,10.399999618530273,9.399999618530273,9.600000381469727,42920,0.0,0.0
2023-01-03 00:00:00-05:00,10.0,10.399999618530273,9.399999618530273,9.5,29000,0.0,0.0
2023-01-04 00:00:00-05:00,9.399999618530273,10.0,9.399999618530273,9.399999618530273,34170,0.0,0.0
2023-01-05 00:00:00-05:00,9.5,9.800000190734863,9.199999809265137,9.199999809265137,31230,0.0,0.0
2023-01-06 00:00:00-05:00,9.300000190734863,9.800000190734863,9.0,9.199999809265137,28430,0.0,0.0
2023-01-09 00:00:00-05:00,9.600000381469727,11.5,9.600000381469727,11.199999809265137,42640,0.0,0.0
2023-01-10 00:00:00-05:00,11.699999809265137,11.800000190734863,10.5,11.300000190734863,36790,0.0,0.0
2023-01-11 00:00:00-05:00,11.399999618530273,12.800000190734863,11.399999618530273,11.899999618530273,61570,0.0,0.0
2023-01-12 00:00:00-05:00,12.300000190734863,12.5,11.899999618530273,12.100000381469727,22000,0.0,0.0
2023-01-13 00:00:00-05:00,12.0,12.399999618530273,11.300000190734863,12.0,19920,0.0,0.0
2023-01-17 00:00:00-05:00,11.899999618530273,12.199999809265137,11.199999809265137,11.399999618530273,22010,0.0,0.0
2023-01-18 00:00:00-05:00,11.600000381469727,12.100000381469727,11.300000190734863,11.699999809265137,17130,0.0,0.0
2023-01-19 00:00:00-05:00,11.699999809265137,11.899999618530273,11.100000381469727,11.399999618530273,26700,0.0,0.0
2023-01-20 00:00:00-05:00,11.5,11.699999809265137,11.0,11.5,18010,0.0,0.0
2023-01-23 00:00:00-05:00,11.399999618530273,12.0,11.199999809265137,11.699999809265137,13570,0.0,0.0
2023-01-24 00:00:00-05:00,11.899999618530273,11.899999618530273,11.399999618530273,11.600000381469727,8820,0.0,0.0
2023-01-25 00:00:00-05:00,11.399999618530273,12.100000381469727,11.300000190734863,11.600000381469727,18420,0.0,0.0
2023-01-26 00:00:00-05:00,11.699999809265137,12.899999618530273,11.699999809265137,12.699999809265137,26340,0.0,0.0
2023-01-27 00:00:00-05:00,12.699999809265137,13.0,12.300000190734863,12.699999809265137,14470,0.0,0.0
2023-01-30 00:00:00-05:00,13.0,13.0,12.300000190734863,12.399999618530273,23570,0.0,0.0
2023-01-31 00:00:00-05:00,12.5,12.800000190734863,12.199999809265137,12.399999618530273,16970,0.0,0.0
2023-02-01 00:00:00-05:00,12.5,13.0,12.300000190734863,12.399999618530273,23920,0.0,0.0
2023-02-02 00:00:00-05:00,12.800000190734863,13.199999809265137,12.699999809265137,12.699999809265137,27230,0.0,0.0
2023-02-03 00:00:00-05:00,12.800000190734863,13.899999618530273,12.699999809265137,13.5,34280,0.0,0.0
2023-02-06 00:00:00-05:00,13.800000190734863,13.800000190734863,12.5,12.600000381469727,31250,0.0,0.0
2023-02-07 00:00:00-05:00,12.699999809265137,13.300000190734863,12.699999809265137,13.300000190734863,17950,0.0,0.0
2023-02-08 00:00:00-05:00,13.5,13.5,12.699999809265137,13.199999809265137,24120,0.0,0.0
2023-02-09 00:00:00-05:00,14.199999809265137,14.300000190734863,13.100000381469727,13.300000190734863,85500,0.0,0.0
2023-02-10 00:00:00-05:00,13.399999618530273,13.600000381469727,12.899999618530273,13.399999618530273,24860,0.0,0.0
2023-02-13 00:00:00-05:00,13.600000381469727,13.800000190734863,13.100000381469727,13.699999809265137,16130,0.0,0.0
2023-02-14 00:00:00-05:00,14.0,14.0,13.0,13.300000190734863,66320,0.0,0.0
2023-02-15 00:00:00-05:00,12.5,13.300000190734863,11.5,12.199999809265137,417540,0.0,0.0
2023-02-16 00:00:00-05:00,12.300000190734863,13.300000190734863,12.300000190734863,13.199999809265137,78960,0.0,0.0
2023-02-17 00:00:00-05:00,13.100000381469727,14.100000381469727,12.899999618530273,13.899999618530273,83780,0.0,0.0
2023-02-21 00:00:00-05:00,13.899999618530273,14.300000190734863,13.300000190734863,13.800000190734863,62160,0.0,0.0
2023-02-22 00:00:00-05:00,13.699999809265137,14.899999618530273,13.5,14.600000381469727,55990,0.0,0.0
2023-02-23 00:00:00-05:00,14.699999809265137,14.800000190734863,14.199999809265137,14.300000190734863,42100,0.0,0.0
2023-02-24 00:00:00-05:00,14.199999809265137,14.399999618530273,12.800000190734863,12.800000190734863,76240,0.0,0.0
2023-02-27 00:00:00-05:00,13.399999618530273,14.300000190734863,13.0,13.899999618530273,50050,0.0,0.0
2023-02-28 00:00:00-05:00,14.0,14.399999618530273,13.5,14.399999618530273,39590,0.0,0.0
2023-03-01 00:00:00-05:00,14.600000381469727,14.899999618530273,14.199999809265137,14.600000381469727,30210,0.0,0.0
2023-03-02 00:00:00-05:00,14.5,14.899999618530273,13.899999618530273,14.0,36340,0.0,0.0
2023-03-03 00:00:00-05:00,14.0,14.300000190734863,13.899999618530273,14.0,16000,0.0,0.0
2023-03-06 00:00:00-05:00,13.800000190734863,14.199999809265137,13.600000381469727,13.600000381469727,20230,0.0,0.0
2023-03-07 00:00:00-05:00,13.600000381469727,13.699999809265137,13.100000381469727,13.199999809265137,7230,0.0,0.0
2023-03-08 00:00:00-05:00,13.300000190734863,13.300000190734863,12.5,12.699999809265137,18880,0.0,0.0
2023-03-09 00:00:00-05:00,12.699999809265137,12.800000190734863,11.800000190734863,11.899999618530273,18400,0.0,0.0
2023-03-10 00:00:00-05:00,11.800000190734863,11.899999618530273,11.399999618530273,11.600000381469727,34520,0.0,0.0
2023-03-13 00:00:00-04:00,11.0,11.399999618530273,10.800000190734863,11.100000381469727,66510,0.0,0.0
2023-03-14 00:00:00-04:00,11.199999809265137,12.399999618530273,11.199999809265137,11.399999618530273,90160,0.0,0.0
2023-03-15 00:00:00-04:00,11.100000381469727,11.5,11.0,11.300000190734863,20030,0.0,0.0
2023-03-16 00:00:00-04:00,11.0,11.5,11.0,11.300000190734863,32060,0.0,0.0
2023-03-17 00:00:00-04:00,11.399999618530273,11.399999618530273,10.5,10.800000190734863,80660,0.0,0.0
2023-03-20 00:00:00-04:00,10.699999809265137,11.399999618530273,10.600000381469727,11.0,23000,0.0,0.0
2023-03-21 00:00:00-04:00,11.100000381469727,11.800000190734863,11.0,11.300000190734863,33980,0.0,0.0
2023-03-22 00:00:00-04:00,11.5,11.5,11.0,11.0,7000,0.0,0.0
2023-03-23 00:00:00-04:00,11.300000190734863,11.5,11.0,11.5,11250,0.0,0.0
2023-03-24 00:00:00-04:00,10.899999618530273,11.199999809265137,10.699999809265137,11.199999809265137,9300,0.0,0.0
2023-03-27 00:00:00-04:00,11.5,11.5,11.100000381469727,11.199999809265137,10770,0.0,0.0
2023-03-28 00:00:00-04:00,11.5,11.699999809265137,11.300000190734863,11.399999618530273,13240,0.0,0.0
2023-03-29 00:00:00-04:00,11.699999809265137,12.5,11.300000190734863,11.899999618530273,24700,0.0,0.0
2023-03-30 00:00:00-04:00,12.100000381469727,12.100000381469727,11.5,11.5,4520,0.0,0.0
2023-03-31 00:00:00-04:00,11.399999618530273,11.800000190734863,11.300000190734863,11.5,14300,0.0,0.0
2023-04-03 00:00:00-04:00,11.300000190734863,11.699999809265137,11.0,11.399999618530273,23770,0.0,0.0
2023-04-04 00:00:00-04:00,11.199999809265137,11.5,11.0,11.100000381469727,11490,0.0,0.0
2023-04-05 00:00:00-04:00,10.600000381469727,11.399999618530273,10.600000381469727,11.399999618530273,13160,0.0,0.0
2023-04-06 00:00:00-04:00,11.199999809265137,11.5,11.199999809265137,11.300000190734863,5940,0.0,0.0
2023-04-10 00:00:00-04:00,11.399999618530273,11.5,11.199999809265137,11.199999809265137,6350,0.0,0.0
2023-04-11 00:00:00-04:00,11.199999809265137,11.600000381469727,11.0,11.0,11510,0.0,0.0
2023-04-12 00:00:00-04:00,10.899999618530273,11.399999618530273,10.899999618530273,11.100000381469727,13230,0.0,0.0
2023-04-13 00:00:00-04:00,10.800000190734863,11.300000190734863,10.800000190734863,11.0,14180,0.0,0.0
2023-04-14 00:00:00-04:00,11.0,11.0,10.399999618530273,10.600000381469727,19980,0.0,0.0
2023-04-17 00:00:00-04:00,10.600000381469727,10.800000190734863,10.199999809265137,10.5,30250,0.0,0.0
2023-04-18 00:00:00-04:00,10.5,10.699999809265137,9.800000190734863,9.800000190734863,60450,0.0,0.0
2023-04-19 00:00:00-04:00,9.899999618530273,10.699999809265137,9.800000190734863,10.0,36790,0.0,0.0
2023-04-20 00:00:00-04:00,9.800000190734863,10.300000190734863,9.800000190734863,10.100000381469727,17710,0.0,0.0
2023-04-21 00:00:00-04:00,10.5,11.300000190734863,10.100000381469727,10.699999809265137,64630,0.0,0.0
2023-04-24 00:00:00-04:00,10.5,11.5,10.399999618530273,11.199999809265137,53880,0.0,0.0
2023-04-25 00:00:00-04:00,11.0,11.399999618530273,11.0,11.0,10880,0.0,0.0
2023-04-26 00:00:00-04:00,11.199999809265137,11.300000190734863,10.800000190734863,11.0,10580,0.0,0.0
2023-04-27 00:00:00-04:00,11.0,11.399999618530273,10.800000190734863,11.0,10890,0.0,0.0
2023-04-28 00:00:00-04:00,10.899999618530273,11.100000381469727,10.600000381469727,10.899999618530273,7650,0.0,0.0
2023-05-01 00:00:00-04:00,10.699999809265137,11.100000381469727,10.199999809265137,10.300000190734863,11790,0.0,0.0
2023-05-02 00:00:00-04:00,10.100000381469727,10.699999809265137,9.899999618530273,10.699999809265137,20560,0.0,0.0
2023-05-03 00:00:00-04:00,10.600000381469727,10.699999809265137,10.100000381469727,10.600000381469727,17440,0.0,0.0
2023-05-04 00:00:00-04:00,10.5,11.300000190734863,10.300000190734863,11.100000381469727,55290,0.0,0.0
2023-05-05 00:00:00-04:00,10.899999618530273,11.399999618530273,10.399999618530273,10.600000381469727,47190,0.0,0.0
2023-05-08 00:00:00-04:00,10.5,10.699999809265137,10.0,10.0,26510,0.0,0.0
2023-05-09 00:00:00-04:00,10.0,10.300000190734863,9.699999809265137,10.0,71480,0.0,0.0
2023-05-10 00:00:00-04:00,10.199999809265137,10.300000190734863,9.800000190734863,10.0,36850,0.0,0.0
2023-05-11 00:00:00-04:00,9.699999809265137,10.0,9.199999809265137,9.5,30320,0.0,0.0
2023-05-12 00:00:00-04:00,9.600000381469727,9.600000381469727,8.899999618530273,9.199999809265137,39000,0.0,0.0
2023-05-15 00:00:00-04:00,9.0,9.5,8.699999809265137,9.0,40250,0.0,0.0
2023-05-16 00:00:00-04:00,9.0,9.5,8.800000190734863,9.0,16270,0.0,0.0
2023-05-17 00:00:00-04:00,8.800000190734863,9.300000190734863,8.399999618530273,8.800000190734863,29870,0.0,0.0
2023-05-18 00:00:00-04:00,8.600000381469727,9.100000381469727,8.600000381469727,8.800000190734863,35230,0.0,0.0
2023-05-19 00:00:00-04:00,9.399999618530273,9.399999618530273,9.0,9.100000381469727,19260,0.0,0.0
2023-05-22 00:00:00-04:00,8.899999618530273,9.399999618530273,8.800000190734863,8.899999618530273,21450,0.0,0.0
2023-05-23 00:00:00-04:00,8.899999618530273,9.0,8.5,8.800000190734863,34930,0.0,0.0
2023-05-24 00:00:00-04:00,8.800000190734863,8.800000190734863,8.199999809265137,8.600000381469727,29280,0.0,0.0
2023-05-25 00:00:00-04:00,9.0,9.0,7.800000190734863,8.0,78170,0.0,0.0
2023-05-26 00:00:00-04:00,8.0,8.100000381469727,7.599999904632568,7.699999809265137,36870,0.0,0.0
2023-05-30 00:00:00-04:00,7.699999809265137,8.100000381469727,7.599999904632568,7.800000190734863,18550,0.0,0.0
2023-05-31 00:00:00-04:00,7.800000190734863,8.0,7.400000095367432,7.5,22480,0.0,0.0
2023-06-01 00:00:00-04:00,7.599999904632568,7.599999904632568,7.0,7.199999809265137,50330,0.0,0.0
2023-06-02 00:00:00-04:00,7.099999904632568,7.699999809265137,7.0,7.5,18460,0.0,0.0
2023-06-05 00:00:00-04:00,7.599999904632568,7.900000095367432,7.300000190734863,7.5,14230,0.0,0.0
2023-06-06 00:00:00-04:00,7.699999809265137,7.800000190734863,7.400000095367432,7.5,11510,0.0,0.0
2023-06-07 00:00:00-04:00,7.5,7.699999809265137,7.199999809265137,7.400000095367432,23990,0.0,0.0
2023-06-08 00:00:00-04:00,7.199999809265137,7.599999904632568,7.099999904632568,7.5,10500,0.0,0.0
2023-06-09 00:00:00-04:00,7.5,7.699999809265137,7.300000190734863,7.5,11010,0.0,0.0
2023-06-12 00:00:00-04:00,7.099999904632568,7.599999904632568,7.099999904632568,7.300000190734863,14790,0.0,0.0
2023-06-13 00:00:00-04:00,7.099999904632568,7.5,7.099999904632568,7.099999904632568,15880,0.0,0.0
2023-06-14 00:00:00-04:00,7.099999904632568,7.199999809265137,6.599999904632568,6.800000190734863,66800,0.0,0.0
2023-06-15 00:00:00-04:00,6.699999809265137,7.199999809265137,6.400000095367432,6.800000190734863,87100,0.0,0.0
2023-06-16 00:00:00-04:00,6.900000095367432,7.5,6.800000190734863,7.099999904632568,122040,0.0,0.0
2023-06-20 00:00:00-04:00,6.900000095367432,7.300000190734863,6.800000190734863,7.099999904632568,26700,0.0,0.0
2023-06-21 00:00:00-04:00,7.0,7.199999809265137,6.699999809265137,7.099999904632568,12440,0.0,0.0
2023-06-22 00:00:00-04:00,6.900000095367432,7.199999809265137,6.699999809265137,6.699999809265137,13450,0.0,0.0
2023-06-23 00:00:00-04:00,6.900000095367432,7.099999904632568,6.599999904632568,7.099999904632568,19370,0.0,0.0
2023-06-26 00:00:00-04:00,7.199999809265137,7.199999809265137,6.699999809265137,6.900000095367432,11320,0.0,0.0
2023-06-27 00:00:00-04:00,6.800000190734863,7.199999809265137,6.699999809265137,7.0,12840,0.0,0.0
2023-06-28 00:00:00-04:00,6.699999809265137,7.0,6.599999904632568,6.800000190734863,16730,0.0,0.0
2023-06-29 00:00:00-04:00,6.699999809265137,8.0,6.599999904632568,7.900000095367432,108290,0.0,0.0
2023-06-30 00:00:00-04:00,7.699999809265137,8.100000381469727,7.5,7.5,36130,0.0,0.0
2023-07-03 00:00:00-04:00,7.5,7.800000190734863,7.400000095367432,7.800000190734863,8680,0.0,0.0
2023-07-05 00:00:00-04:00,7.699999809265137,7.900000095367432,7.5,7.699999809265137,11520,0.0,0.0
2023-07-06 00:00:00-04:00,7.800000190734863,7.800000190734863,7.5,7.800000190734863,8270,0.0,0.0
2023-07-07 00:00:00-04:00,8.0,8.600000381469727,7.599999904632568,8.300000190734863,31590,0.0,0.0
2023-07-10 00:00:00-04:00,8.699999809265137,8.800000190734863,8.399999618530273,8.600000381469727,10880,0.0,0.0
2023-07-11 00:00:00-04:00,8.5,8.600000381469727,8.300000190734863,8.300000190734863,14300,0.0,0.0
2023-07-12 00:00:00-04:00,8.399999618530273,9.300000190734863,8.399999618530273,9.100000381469727,31690,0.0,0.0
2023-07-13 00:00:00-04:00,9.100000381469727,9.5,9.0,9.5,22060,0.0,0.0
2023-07-14 00:00:00-04:00,9.5,9.5,8.5,8.800000190734863,36270,0.0,0.0
2023-07-17 00:00:00-04:00,9.0,9.0,8.5,8.600000381469727,14290,0.0,0.0
2023-07-18 00:00:00-04:00,8.600000381469727,8.899999618530273,8.300000190734863,8.300000190734863,28210,0.0,0.0
2023-07-19 00:00:00-04:00,8.399999618530273,8.5,7.800000190734863,7.900000095367432,66860,0.0,0.0
2023-07-20 00:00:00-04:00,7.699999809265137,7.800000190734863,7.300000190734863,7.5,37370,0.0,0.0
2023-07-21 00:00:00-04:00,7.400000095367432,7.699999809265137,6.900000095367432,7.300000190734863,85690,0.0,0.0
2023-07-24 00:00:00-04:00,7.199999809265137,7.5,6.699999809265137,6.699999809265137,41990,0.0,0.0
2023-07-25 00:00:00-04:00,7.0,7.099999904632568,6.5,6.800000190734863,41290,0.0,0.0
2023-07-26 00:00:00-04:00,6.900000095367432,7.099999904632568,6.5,6.699999809265137,16790,0.0,0.0
2023-07-27 00:00:00-04:00,6.900000095367432,7.099999904632568,6.5,6.599999904632568,54910,0.0,0.0
2023-07-28 00:00:00-04:00,6.5,6.900000095367432,6.5,6.800000190734863,27810,0.0,0.0
2023-07-31 00:00:00-04:00,6.900000095367432,7.0,6.599999904632568,6.599999904632568,20690,0.0,0.0
2023-08-01 00:00:00-04:00,6.800000190734863,7.0,6.599999904632568,6.699999809265137,25290,0.0,0.0
2023-08-02 00:00:00-04:00,6.800000190734863,6.900000095367432,6.699999809265137,6.800000190734863,18150,0.0,0.0
2023-08-03 00:00:00-04:00,6.800000190734863,7.099999904632568,6.599999904632568,7.0,10980,0.0,0.0
2023-08-04 00:00:00-04:00,6.900000095367432,7.0,6.599999904632568,6.599999904632568,20060,0.0,0.0
2023-08-07 00:00:00-04:00,6.599999904632568,6.800000190734863,6.400000095367432,6.400000095367432,34080,0.0,0.0
2023-08-08 00:00:00-04:00,6.5,6.900000095367432,6.300000190734863,6.699999809265137,41260,0.0,0.0
2023-08-09 00:00:00-04:00,6.900000095367432,8.5,6.400000095367432,8.199999809265137,128770,0.0,0.0
2023-08-10 00:00:00-04:00,7.599999904632568,8.300000190734863,7.099999904632568,7.400000095367432,89910,0.0,0.0
2023-08-11 00:00:00-04:00,7.5,7.599999904632568,7.300000190734863,7.5,57140,0.0,0.0
2023-08-14 00:00:00-04:00,7.300000190734863,7.800000190734863,7.0,7.199999809265137,26140,0.0,0.0
2023-08-15 00:00:00-04:00,7.099999904632568,7.5,7.0,7.199999809265137,18040,0.0,0.0
2023-08-16 00:00:00-04:00,7.300000190734863,7.699999809265137,7.300000190734863,7.599999904632568,44740,0.0,0.0
2023-08-17 00:00:00-04:00,5.0,5.099999904632568,4.300000190734863,4.800000190734863,651810,0.0,0.0
2023-08-18 00:00:00-04:00,4.599999904632568,5.199999809265137,4.599999904632568,5.0,128520,0.0,0.0
2023-08-21 00:00:00-04:00,5.0,5.099999904632568,4.599999904632568,4.599999904632568,58620,0.0,0.0
2023-08-22 00:00:00-04:00,4.599999904632568,4.900000095367432,4.599999904632568,4.900000095367432,63180,0.0,0.0
2023-08-23 00:00:00-04:00,4.800000190734863,5.900000095367432,4.699999809265137,5.900000095367432,100920,0.0,0.0
2023-08-24 00:00:00-04:00,5.800000190734863,5.900000095367432,5.099999904632568,5.300000190734863,44900,0.0,0.0
2023-08-25 00:00:00-04:00,5.400000095367432,5.900000095367432,5.300000190734863,5.599999904632568,65300,0.0,0.0
2023-08-28 00:00:00-04:00,5.5,5.800000190734863,5.5,5.800000190734863,34920,0.0,0.0
2023-08-29 00:00:00-04:00,5.800000190734863,6.199999809265137,5.699999809265137,6.0,36740,0.0,0.0
2023-08-30 00:00:00-04:00,6.0,6.199999809265137,5.699999809265137,5.800000190734863,19850,0.0,0.0
2023-08-31 00:00:00-04:00,5.800000190734863,6.099999904632568,5.800000190734863,6.0,15230,0.0,0.0
2023-09-01 00:00:00-04:00,6.0,6.0,5.599999904632568,5.699999809265137,14910,0.0,0.0
2023-09-05 00:00:00-04:00,5.699999809265137,5.800000190734863,5.599999904632568,5.800000190734863,20840,0.0,0.0
2023-09-06 00:00:00-04:00,5.900000095367432,5.900000095367432,5.699999809265137,5.800000190734863,9370,0.0,0.0
2023-09-07 00:00:00-04:00,5.599999904632568,5.800000190734863,5.599999904632568,5.599999904632568,20590,0.0,0.0
2023-09-08 00:00:00-04:00,5.699999809265137,5.699999809265137,5.5,5.599999904632568,6920,0.0,0.0
2023-09-11 00:00:00-04:00,5.400000095367432,5.699999809265137,5.300000190734863,5.599999904632568,12880,0.0,0.0
2023-09-12 00:00:00-04:00,5.599999904632568,5.800000190734863,5.400000095367432,5.699999809265137,13900,0.0,0.0
2023-09-13 00:00:00-04:00,5.800000190734863,6.099999904632568,5.699999809265137,5.900000095367432,10420,0.0,0.0
2023-09-14 00:00:00-04:00,5.699999809265137,6.099999904632568,5.599999904632568,6.0,65120,0.0,0.0
2023-09-15 00:00:00-04:00,5.900000095367432,6.300000190734863,5.699999809265137,5.699999809265137,61140,0.0,0.0
2023-09-18 00:00:00-04:00,5.599999904632568,5.800000190734863,5.5,5.699999809265137,9920,0.0,0.0
2023-09-19 00:00:00-04:00,5.400000095367432,5.800000190734863,5.199999809265137,5.5,103870,0.0,0.0
2023-09-20 00:00:00-04:00,5.699999809265137,5.699999809265137,5.300000190734863,5.400000095367432,7090,0.0,0.0
2023-09-21 00:00:00-04:00,5.300000190734863,5.5,5.199999809265137,5.400000095367432,6490,0.0,0.0
2023-09-22 00:00:00-04:00,5.300000190734863,5.5,5.199999809265137,5.199999809265137,15050,0.0,0.0
2023-09-25 00:00:00-04:00,5.0,5.199999809265137,4.900000095367432,4.900000095367432,15850,0.0,0.0
2023-09-26 00:00:00-04:00,4.900000095367432,5.099999904632568,4.699999809265137,4.800000190734863,22780,0.0,0.0
2023-09-27 00:00:00-04:00,4.800000190734863,5.099999904632568,4.800000190734863,4.900000095367432,10600,0.0,0.0
2023-09-28 00:00:00-04:00,5.099999904632568,5.199999809265137,4.800000190734863,5.0,10100,0.0,0.0
2023-09-29 00:00:00-04:00,5.099999904632568,5.099999904632568,4.699999809265137,4.800000190734863,25770,0.0,0.0
2023-10-02 00:00:00-04:00,5.0,5.0,4.699999809265137,4.800000190734863,26880,0.0,0.0
2023-10-03 00:00:00-04:00,4.800000190734863,4.900000095367432,4.5,4.599999904632568,14160,0.0,0.0
2023-10-04 00:00:00-04:00,4.5,4.800000190734863,4.400000095367432,4.5,14680,0.0,0.0
2023-10-05 00:00:00-04:00,4.5,4.900000095367432,4.400000095367432,4.5,16410,0.0,0.0
2023-10-06 00:00:00-04:00,4.5,4.599999904632568,4.400000095367432,4.400000095367432,14000,0.0,0.0
2023-10-09 00:00:00-04:00,4.5,4.900000095367432,4.400000095367432,4.800000190734863,23580,0.0,0.0
2023-10-10 00:00:00-04:00,4.800000190734863,5.300000190734863,4.699999809265137,5.099999904632568,29290,0.0,0.0
2023-10-11 00:00:00-04:00,5.199999809265137,5.300000190734863,5.0,5.0,18650,0.0,0.0
2023-10-12 00:00:00-04:00,4.699999809265137,5.0,4.5,4.5,35460,0.0,0.0
2023-10-13 00:00:00-04:00,4.5,4.800000190734863,4.400000095367432,4.400000095367432,62650,0.0,0.0
2023-10-16 00:00:00-04:00,4.599999904632568,4.599999904632568,4.300000190734863,4.300000190734863,26020,0.0,0.0
2023-10-17 00:00:00-04:00,4.5,5.0,4.400000095367432,4.800000190734863,21440,0.0,0.0
2023-10-18 00:00:00-04:00,4.900000095367432,4.900000095367432,4.400000095367432,4.5,6920,0.0,0.0
2023-10-19 00:00:00-04:00,4.800000190734863,4.800000190734863,4.400000095367432,4.5,8320,0.0,0.0
2023-10-20 00:00:00-04:00,4.400000095367432,4.599999904632568,4.400000095367432,4.599999904632568,8290,0.0,0.0
2023-10-23 00:00:00-04:00,4.599999904632568,4.599999904632568,4.300000190734863,4.400000095367432,18190,0.0,0.0
2023-10-24 00:00:00-04:00,4.5,4.599999904632568,4.400000095367432,4.400000095367432,7590,0.0,0.0
2023-10-25 00:00:00-04:00,4.400000095367432,4.5,4.199999809265137,4.199999809265137,31500,0.0,0.0
2023-10-26 00:00:00-04:00,4.199999809265137,4.5,4.099999904632568,4.199999809265137,10080,0.0,0.0
2023-10-27 00:00:00-04:00,4.199999809265137,4.300000190734863,3.9000000953674316,4.0,19490,0.0,0.0
2023-10-30 00:00:00-04:00,4.0,4.099999904632568,4.0,4.099999904632568,10860,0.0,0.0
2023-10-31 00:00:00-04:00,4.0,4.199999809265137,3.9000000953674316,4.0,15930,0.0,0.0
2023-11-01 00:00:00-04:00,4.0,4.199999809265137,4.0,4.0,1970,0.0,0.0
2023-11-02 00:00:00-04:00,4.199999809265137,4.699999809265137,4.199999809265137,4.599999904632568,20870,0.0,0.0
2023-11-03 00:00:00-04:00,4.699999809265137,5.300000190734863,4.5,4.599999904632568,35280,0.0,0.0
2023-11-06 00:00:00-05:00,4.599999904632568,5.300000190734863,4.599999904632568,5.199999809265137,8610,0.0,0.0
2023-11-07 00:00:00-05:00,4.900000095367432,5.099999904632568,4.800000190734863,4.800000190734863,16130,0.0,0.0
2023-11-08 00:00:00-05:00,4.800000190734863,4.900000095367432,4.400000095367432,4.599999904632568,18120,0.0,0.0
2023-11-09 00:00:00-05:00,4.599999904632568,4.599999904632568,4.400000095367432,4.400000095367432,18340,0.0,0.0
2023-11-10 00:00:00-05:00,4.5,4.5,4.0,4.400000095367432,17990,0.0,0.0
2023-11-13 00:00:00-05:00,4.199999809265137,4.400000095367432,4.099999904632568,4.300000190734863,14670,0.0,0.0
2023-11-14 00:00:00-05:00,4.199999809265137,4.5,4.099999904632568,4.099999904632568,23230,0.0,0.0
2023-11-15 00:00:00-05:00,4.099999904632568,4.199999809265137,4.0,4.0,54730,0.0,0.0
2023-11-16 00:00:00-05:00,4.300000190734863,4.300000190734863,3.9000000953674316,4.0,16850,0.0,0.0
2023-11-17 00:00:00-05:00,4.099999904632568,4.300000190734863,3.799999952316284,4.0,37090,0.0,0.0
2023-11-20 00:00:00-05:00,4.0,4.199999809265137,3.9000000953674316,4.0,28670,0.0,0.0
2023-11-21 00:00:00-05:00,4.0,4.0,3.5999999046325684,3.5999999046325684,56930,0.0,0.0
2023-11-22 00:00:00-05:00,3.5999999046325684,4.0,3.5999999046325684,3.9000000953674316,24280,0.0,0.0
2023-11-24 00:00:00-05:00,3.9000000953674316,4.0,3.9000000953674316,4.0,8870,0.0,0.0
2023-11-27 00:00:00-05:00,3.9000000953674316,4.800000190734863,3.9000000953674316,4.5,60820,0.0,0.0
2023-11-28 00:00:00-05:00,4.5,4.800000190734863,4.199999809265137,4.5,9610,0.0,0.0
2023-11-29 00:00:00-05:00,4.400000095367432,4.5,4.099999904632568,4.5,11870,0.0,0.0
2023-11-30 00:00:00-05:00,4.5,5.099999904632568,4.5,4.699999809265137,25710,0.0,0.0
2023-12-01 00:00:00-05:00,5.0,5.0,4.699999809265137,4.900000095367432,10820,0.0,0.0
2023-12-04 00:00:00-05:00,5.099999904632568,5.199999809265137,4.800000190734863,5.099999904632568,12240,0.0,0.0
2023-12-05 00:00:00-05:00,5.199999809265137,5.199999809265137,4.800000190734863,4.800000190734863,9570,0.0,0.0
2023-12-06 00:00:00-05:00,4.800000190734863,5.300000190734863,4.400000095367432,4.599999904632568,51680,0.0,0.0
2023-12-07 00:00:00-05:00,4.699999809265137,4.800000190734863,4.400000095367432,4.599999904632568,16890,0.0,0.0
2023-12-08 00:00:00-05:00,4.699999809265137,5.199999809265137,4.5,4.800000190734863,65450,0.0,0.0
2023-12-11 00:00:00-05:00,4.599999904632568,5.0,4.5,4.800000190734863,27170,0.0,0.0
2023-12-12 00:00:00-05:00,4.900000095367432,5.199999809265137,4.699999809265137,5.199999809265137,114230,0.0,0.0
2023-12-13 00:00:00-05:00,4.900000095367432,4.900000095367432,3.9000000953674316,4.099999904632568,218940,0.0,0.0
2023-12-14 00:00:00-05:00,4.300000190734863,4.400000095367432,3.9000000953674316,4.0,138670,0.0,0.0
2023-12-15 00:00:00-05:00,4.099999904632568,4.599999904632568,3.9000000953674316,4.300000190734863,130430,0.0,0.0
2023-12-18 00:00:00-05:00,4.400000095367432,4.400000095367432,4.0,4.099999904632568,56790,0.0,0.0
2023-12-19 00:00:00-05:00,4.0,4.300000190734863,4.0,4.099999904632568,39360,0.0,0.0
2023-12-20 00:00:00-05:00,4.400000095367432,4.400000095367432,4.0,4.099999904632568,73580,0.0,0.0
2023-12-21 00:00:00-05:00,4.099999904632568,4.099999904632568,3.9000000953674316,4.099999904632568,41850,0.0,0.0
2023-12-22 00:00:00-05:00,4.0,4.400000095367432,4.0,4.300000190734863,59610,0.0,0.0
2023-12-26 00:00:00-05:00,4.099999904632568,4.300000190734863,4.0,4.300000190734863,19720,0.0,0.0
2023-12-27 00:00:00-05:00,4.199999809265137,4.400000095367432,4.199999809265137,4.199999809265137,27620,0.0,0.0
2023-12-28 00:00:00-05:00,4.199999809265137,4.5,4.199999809265137,4.5,36020,0.0,0.0
2023-12-29 00:00:00-05:00,4.699999809265137,4.900000095367432,4.5,4.900000095367432,62100,0.0,0.0
2024-01-02 00:00:00-05:00,4.800000190734863,5.0,4.599999904632568,4.900000095367432,38950,0.0,0.0
2024-01-03 00:00:00-05:00,4.900000095367432,5.0,4.699999809265137,5.0,52720,0.0,0.0
2024-01-04 00:00:00-05:00,4.900000095367432,5.0,4.699999809265137,4.699999809265137,19070,0.0,0.0
2024-01-05 00:00:00-05:00,4.699999809265137,4.900000095367432,4.599999904632568,4.599999904632568,14230,0.0,0.0
2024-01-08 00:00:00-05:00,4.599999904632568,4.699999809265137,4.400000095367432,4.5,16650,0.0,0.0
2024-01-09 00:00:00-05:00,4.5,4.599999904632568,4.400000095367432,4.5,7470,0.0,0.0
2024-01-10 00:00:00-05:00,4.5,4.599999904632568,4.400000095367432,4.599999904632568,28590,0.0,0.0
2024-01-11 00:00:00-05:00,4.599999904632568,5.599999904632568,4.5,5.0,129480,0.0,0.0
2024-01-12 00:00:00-05:00,5.5,5.900000095367432,5.0,5.599999904632568,96850,0.0,0.0
2024-01-16 00:00:00-05:00,5.699999809265137,6.400000095367432,5.599999904632568,5.599999904632568,86790,0.0,0.0
2024-01-17 00:00:00-05:00,5.5,5.599999904632568,5.099999904632568,5.199999809265137,40760,0.0,0.0
2024-01-18 00:00:00-05:00,5.5,5.5,5.199999809265137,5.199999809265137,10730,0.0,0.0
2024-01-19 00:00:00-05:00,5.5,5.900000095367432,5.099999904632568,5.400000095367432,53260,0.0,0.0
2024-01-22 00:00:00-05:00,6.300000190734863,6.400000095367432,5.5,5.900000095367432,63720,0.0,0.0
2024-01-23 00:00:00-05:00,6.0,6.300000190734863,5.699999809265137,5.800000190734863,34360,0.0,0.0
2024-01-24 00:00:00-05:00,6.0,6.099999904632568,5.800000190734863,6.0,33960,0.0,0.0
2024-01-25 00:00:00-05:00,6.099999904632568,6.900000095367432,6.099999904632568,6.699999809265137,157680,0.0,0.0
2024-01-26 00:00:00-05:00,6.900000095367432,7.0,6.099999904632568,6.300000190734863,161150,0.0,0.0
2024-01-29 00:00:00-05:00,6.599999904632568,6.699999809265137,6.099999904632568,6.5,69240,0.0,0.0
2024-01-30 00:00:00-05:00,6.599999904632568,6.599999904632568,6.099999904632568,6.199999809265137,50170,0.0,0.0
2024-01-31 00:00:00-05:00,6.400000095367432,6.5,5.300000190734863,5.900000095367432,84830,0.0,0.0
2024-02-01 00:00:00-05:00,6.199999809265137,6.300000190734863,5.800000190734863,6.300000190734863,23190,0.0,0.0
2024-02-02 00:00:00-05:00,6.400000095367432,7.199999809265137,6.300000190734863,6.599999904632568,185680,0.0,0.0
2024-02-05 00:00:00-05:00,6.800000190734863,6.900000095367432,6.5,6.5,117250,0.0,0.0
2024-02-06 00:00:00-05:00,6.900000095367432,6.900000095367432,6.300000190734863,6.5,59040,0.0,0.0
2024-02-07 00:00:00-05:00,6.599999904632568,6.699999809265137,6.0,6.300000190734863,58240,0.0,0.0
2024-02-08 00:00:00-05:00,6.199999809265137,6.400000095367432,6.0,6.300000190734863,77960,0.0,0.0
2024-02-09 00:00:00-05:00,4.599999904632568,5.0,3.799999952316284,3.799999952316284,502290,0.0,0.0
2024-02-12 00:00:00-05:00,4.099999904632568,4.199999809265137,3.799999952316284,3.9000000953674316,269800,0.0,0.0
2024-02-13 00:00:00-05:00,3.9000000953674316,4.0,3.5999999046325684,3.5999999046325684,180330,0.0,0.0
2024-02-14 00:00:00-05:00,3.799999952316284,3.799999952316284,3.0999999046325684,3.5999999046325684,458300,0.0,0.0
2024-02-15 00:00:00-05:00,3.4000000953674316,4.400000095367432,3.4000000953674316,4.300000190734863,387810,0.0,0.0
2024-02-16 00:00:00-05:00,4.300000190734863,4.400000095367432,4.099999904632568,4.400000095367432,82890,0.0,0.0
2024-02-20 00:00:00-05:00,4.599999904632568,4.900000095367432,4.400000095367432,4.5,115330,0.0,0.0
2024-02-21 00:00:00-05:00,4.400000095367432,4.699999809265137,3.9000000953674316,4.400000095367432,65200,0.0,0.0
2024-02-22 00:00:00-05:00,4.300000190734863,4.400000095367432,4.0,4.199999809265137,38080,0.0,0.0
2024-02-23 00:00:00-05:00,4.0,4.199999809265137,3.5,4.099999904632568,103530,0.0,0.0
2024-02-26 00:00:00-05:00,4.099999904632568,4.300000190734863,4.0,4.099999904632568,22230,0.0,0.0
2024-02-27 00:00:00-05:00,4.199999809265137,4.5,4.199999809265137,4.400000095367432,73340,0.0,0.0
2024-02-28 00:00:00-05:00,4.400000095367432,4.400000095367432,4.099999904632568,4.199999809265137,37480,0.0,0.0
2024-02-29 00:00:00-05:00,4.300000190734863,4.400000095367432,4.099999904632568,4.199999809265137,25390,0.0,0.0
2024-03-01 00:00:00-05:00,4.300000190734863,4.400000095367432,4.099999904632568,4.099999904632568,46800,0.0,0.0
2024-03-04 00:00:00-05:00,4.099999904632568,4.599999904632568,4.099999904632568,4.400000095367432,83110,0.0,0.0
2024-03-05 00:00:00-05:00,4.5,4.599999904632568,4.199999809265137,4.199999809265137,28200,0.0,0.0
2024-03-06 00:00:00-05:00,4.400000095367432,4.400000095367432,4.0,4.099999904632568,36650,0.0,0.0
2024-03-07 00:00:00-05:00,4.099999904632568,4.400000095367432,4.0,4.0,27670,0.0,0.0
2024-03-08 00:00:00-05:00,4.0,4.300000190734863,3.9000000953674316,4.0,46970,0.0,0.0
2024-03-11 00:00:00-04:00,4.0,4.099999904632568,4.0,4.0,25500,0.0,0.0
2024-03-12 00:00:00-04:00,4.0,4.199999809265137,3.9000000953674316,4.0,40450,0.0,0.0
2024-03-13 00:00:00-04:00,4.099999904632568,4.099999904632568,3.799999952316284,3.9000000953674316,47760,0.0,0.0
2024-03-14 00:00:00-04:00,3.9000000953674316,4.0,3.700000047683716,3.799999952316284,37350,0.0,0.0
2024-03-15 00:00:00-04:00,3.799999952316284,4.0,3.799999952316284,3.799999952316284,47740,0.0,0.0
2024-03-18 00:00:00-04:00,4.0,4.0,3.799999952316284,3.799999952316284,22080,0.0,0.0
2024-03-19 00:00:00-04:00,3.9000000953674316,4.099999904632568,3.9000000953674316,4.0,44700,0.0,0.0
2024-03-20 00:00:00-04:00,3.9000000953674316,4.0,3.799999952316284,3.799999952316284,30930,0.0,0.0
2024-03-21 00:00:00-04:00,3.9000000953674316,4.0,3.799999952316284,3.9000000953674316,28570,0.0,0.0
2024-03-22 00:00:00-04:00,3.799999952316284,4.0,3.700000047683716,3.799999952316284,25210,0.0,0.0
2024-03-25 00:00:00-04:00,3.799999952316284,3.9000000953674316,3.700000047683716,3.799999952316284,40950,0.0,0.0
2024-03-26 00:00:00-04:00,3.5999999046325684,3.9000000953674316,3.4000000953674316,3.5,174440,0.0,0.0
2024-03-27 00:00:00-04:00,3.5,3.700000047683716,3.4000000953674316,3.5999999046325684,64140,0.0,0.0
2024-03-28 00:00:00-04:00,3.700000047683716,3.700000047683716,3.5,3.5,45190,0.0,0.0
2024-04-01 00:00:00-04:00,3.5,3.5999999046325684,3.4000000953674316,3.5,60850,0.0,0.0
2024-04-02 00:00:00-04:00,3.309999942779541,3.799999952316284,3.25,3.640000104904175,121100,0.0,0.0
2024-04-03 00:00:00-04:00,3.5999999046325684,3.6600000858306885,3.359999895095825,3.450000047683716,92300,0.0,0.0
2024-04-04 00:00:00-04:00,3.390000104904175,3.509999990463257,3.200000047683716,3.2100000381469727,235800,0.0,0.0
2024-04-05 00:00:00-04:00,3.2200000286102295,3.25,3.119999885559082,3.119999885559082,98500,0.0,0.0
2024-04-08 00:00:00-04:00,3.1500000953674316,3.2899999618530273,3.130000114440918,3.2300000190734863,110700,0.0,0.0
2024-04-09 00:00:00-04:00,3.2200000286102295,3.3299999237060547,3.0999999046325684,3.130000114440918,152200,0.0,0.0
2024-04-10 00:00:00-04:00,3.0999999046325684,3.130000114440918,2.799999952316284,2.890000104904175,284400,0.0,0.0
2024-04-11 00:00:00-04:00,2.890000104904175,2.9800000190734863,2.8399999141693115,2.8399999141693115,143200,0.0,0.0
2024-04-12 00:00:00-04:00,2.869999885559082,2.9000000953674316,2.5299999713897705,2.859999895095825,298500,0.0,0.0
2024-04-15 00:00:00-04:00,2.859999895095825,2.9800000190734863,2.680000066757202,2.740000009536743,241800,0.0,0.0
2024-04-16 00:00:00-04:00,2.7100000381469727,2.7799999713897705,2.630000114440918,2.759999990463257,356000,0.0,0.0
2024-04-17 00:00:00-04:00,2.7100000381469727,3.0999999046325684,2.680000066757202,2.9100000858306885,270700,0.0,0.0
2024-04-18 00:00:00-04:00,2.940000057220459,3.119999885559082,2.759999990463257,2.8499999046325684,321100,0.0,0.0
2024-04-19 00:00:00-04:00,2.8499999046325684,2.869999885559082,2.619999885559082,2.690000057220459,145200,0.0,0.0
2024-04-22 00:00:00-04:00,2.7300000190734863,2.7300000190734863,2.440000057220459,2.640000104904175,171000,0.0,0.0
2024-04-23 00:00:00-04:00,2.6700000762939453,2.880000114440918,2.5899999141693115,2.8499999046325684,155800,0.0,0.0
2024-04-24 00:00:00-04:00,2.8399999141693115,3.0,2.8299999237060547,2.950000047683716,194500,0.0,0.0
2024-04-25 00:00:00-04:00,2.940000057220459,2.9800000190734863,2.859999895095825,2.930000066757202,126800,0.0,0.0
2024-04-26 00:00:00-04:00,2.990000009536743,2.990000009536743,2.630000114440918,2.7300000190734863,188300,0.0,0.0
2024-04-29 00:00:00-04:00,2.7200000286102295,2.8399999141693115,2.680000066757202,2.809999942779541,112000,0.0,0.0
2024-04-30 00:00:00-04:00,2.7100000381469727,2.819999933242798,2.690000057220459,2.7100000381469727,84600,0.0,0.0
2024-05-01 00:00:00-04:00,2.690000057220459,2.7300000190734863,2.549999952316284,2.5999999046325684,173400,0.0,0.0
2024-05-02 00:00:00-04:00,2.640000104904175,2.8499999046325684,2.5299999713897705,2.569999933242798,161500,0.0,0.0
2024-05-03 00:00:00-04:00,2.609999895095825,2.75,2.549999952316284,2.6500000953674316,81700,0.0,0.0
2024-05-06 00:00:00-04:00,2.630000114440918,2.7899999618530273,2.619999885559082,2.7200000286102295,103000,0.0,0.0
2024-05-07 00:00:00-04:00,2.740000009536743,2.9600000381469727,2.7200000286102295,2.869999885559082,204000,0.0,0.0
2024-05-08 00:00:00-04:00,2.859999895095825,2.930000066757202,2.690000057220459,2.9000000953674316,443200,0.0,0.0
2024-05-09 00:00:00-04:00,1.350000023841858,1.440000057220459,1.0499999523162842,1.1100000143051147,5664600,0.0,0.0
2024-05-10 00:00:00-04:00,1.1100000143051147,1.1200000047683716,1.0099999904632568,1.0499999523162842,1247400,0.0,0.0
2024-05-13 00:00:00-04:00,1.0499999523162842,1.0499999523162842,0.9700000286102295,1.0,830300,0.0,0.0
2024-05-14 00:00:00-04:00,1.0,1.0299999713897705,0.9800000190734863,1.0199999809265137,684700,0.0,0.0
2024-05-15 00:00:00-04:00,1.0399999618530273,1.090000033378601,1.0099999904632568,1.0800000429153442,648200,0.0,0.0
2024-05-16 00:00:00-04:00,1.059999942779541,1.090000033378601,1.0399999618530273,1.059999942779541,298800,0.0,0.0
2024-05-17 00:00:00-04:00,1.0800000429153442,1.0800000429153442,1.0199999809265137,1.059999942779541,195000,0.0,0.0
2024-05-20 00:00:00-04:00,1.0399999618530273,1.059999942779541,1.0,1.0199999809265137,309100,0.0,0.0
2024-05-21 00:00:00-04:00,1.0199999809265137,1.0199999809265137,0.9700000286102295,0.9900000095367432,263000,0.0,0.0
2024-05-22 00:00:00-04:00,1.0099999904632568,1.0199999809265137,0.9700000286102295,0.9800000190734863,260400,0.0,0.0
2024-05-23 00:00:00-04:00,0.9800000190734863,1.0,0.949999988079071,0.9800000190734863,242900,0.0,0.0
2024-05-24 00:00:00-04:00,1.0,1.0,0.9300000071525574,0.9399999976158142,263100,0.0,0.0
2024-05-28 00:00:00-04:00,0.9599999785423279,0.9700000286102295,0.8899999856948853,0.8999999761581421,387500,0.0,0.0
2024-05-29 00:00:00-04:00,0.8999999761581421,0.9399999976158142,0.8299999833106995,0.8500000238418579,460400,0.0,0.0
2024-05-30 00:00:00-04:00,0.8299999833106995,0.8600000143051147,0.7900000214576721,0.8199999928474426,355900,0.0,0.0
2024-05-31 00:00:00-04:00,0.8299999833106995,0.8299999833106995,0.800000011920929,0.8100000023841858,160600,0.0,0.0
2024-06-03 00:00:00-04:00,0.8199999928474426,0.8299999833106995,0.7900000214576721,0.8199999928474426,179800,0.0,0.0
2024-06-04 00:00:00-04:00,0.8199999928474426,0.8899999856948853,0.800000011920929,0.8399999737739563,262100,0.0,0.0
2024-06-05 00:00:00-04:00,0.8700000047683716,0.8999999761581421,0.8299999833106995,0.8799999952316284,401500,0.0,0.0
2024-06-06 00:00:00-04:00,0.8899999856948853,1.0,0.8700000047683716,1.0,944100,0.0,0.0
2024-06-07 00:00:00-04:00,0.9900000095367432,0.9900000095367432,0.8799999952316284,0.8899999856948853,312600,0.0,0.0
2024-06-10 00:00:00-04:00,0.8799999952316284,0.8999999761581421,0.8199999928474426,0.8399999737739563,230800,0.0,0.0
2024-06-11 00:00:00-04:00,0.8199999928474426,0.8399999737739563,0.7799999713897705,0.8199999928474426,166500,0.0,0.0
2024-06-12 00:00:00-04:00,0.8299999833106995,0.8999999761581421,0.8199999928474426,0.8899999856948853,401500,0.0,0.0
2024-06-13 00:00:00-04:00,0.8799999952316284,0.8899999856948853,0.8600000143051147,0.8700000047683716,156800,0.0,0.0
2024-06-14 00:00:00-04:00,0.8600000143051147,0.8999999761581421,0.8100000023841858,0.8600000143051147,802100,0.0,0.0
2024-06-17 00:00:00-04:00,0.9100000262260437,1.25,0.9100000262260437,1.0199999809265137,10766700,0.0,0.0
2024-06-18 00:00:00-04:00,0.9900000095367432,1.0,0.8899999856948853,0.9300000071525574,1559700,0.0,0.0
2024-06-20 00:00:00-04:00,0.949999988079071,1.190000057220459,0.949999988079071,1.149999976158142,2731400,0.0,0.0
2024-06-21 00:00:00-04:00,1.1100000143051147,1.2799999713897705,1.1100000143051147,1.159999966621399,1872700,0.0,0.0
2024-06-24 00:00:00-04:00,1.1799999475479126,1.2599999904632568,1.149999976158142,1.159999966621399,983900,0.0,0.0
2024-06-25 00:00:00-04:00,1.2000000476837158,1.2000000476837158,1.0499999523162842,1.159999966621399,847300,0.0,0.0
2024-06-26 00:00:00-04:00,1.1699999570846558,1.2300000190734863,1.1200000047683716,1.2100000381469727,676900,0.0,0.0
2024-06-27 00:00:00-04:00,1.2200000286102295,1.25,1.090000033378601,1.1399999856948853,847500,0.0,0.0
2024-06-28 00:00:00-04:00,1.149999976158142,1.25,1.059999942779541,1.1799999475479126,779400,0.0,0.0
2024-07-01 00:00:00-04:00,1.2000000476837158,1.3700000047683716,1.1100000143051147,1.159999966621399,2197200,0.0,0.0
2024-07-02 00:00:00-04:00,1.1299999952316284,1.2200000286102295,1.1100000143051147,1.1399999856948853,619700,0.0,0.0
2024-07-03 00:00:00-04:00,1.149999976158142,1.2300000190734863,1.1399999856948853,1.159999966621399,509100,0.0,0.0
2024-07-05 00:00:00-04:00,1.1799999475479126,1.3200000524520874,1.149999976158142,1.2699999809265137,1306100,0.0,0.0
2024-07-08 00:00:00-04:00,1.340000033378601,1.399999976158142,1.2599999904632568,1.3899999856948853,1273200,0.0,0.0
2024-07-09 00:00:00-04:00,1.350000023841858,1.4700000286102295,1.2599999904632568,1.340000033378601,1217900,0.0,0.0
2024-07-10 00:00:00-04:00,1.3300000429153442,1.3700000047683716,1.2200000286102295,1.2899999618530273,1025900,0.0,0.0
2024-07-11 00:00:00-04:00,1.2999999523162842,1.4299999475479126,1.2899999618530273,1.4299999475479126,679800,0.0,0.0
2024-07-12 00:00:00-04:00,1.4299999475479126,1.5099999904632568,1.309999942779541,1.3700000047683716,758200,0.0,0.0
