Date,Open,High,Low,Close,Volume,Dividends,Stock Splits
2018-09-12 00:00:00-04:00,6.0,6.929999828338623,5.349999904632568,6.599999904632568,66849000,0.0,0.0
2018-09-13 00:00:00-04:00,6.619999885559082,12.6899995803833,6.519999980926514,11.600000381469727,158346500,0.0,0.0
2018-09-14 00:00:00-04:00,12.65999984741211,13.800000190734863,9.220000267028809,9.899999618530273,172473600,0.0,0.0
2018-09-17 00:00:00-04:00,9.609999656677246,9.75,8.5,8.5,56323900,0.0,0.0
2018-09-18 00:00:00-04:00,8.729999542236328,9.100000381469727,7.670000076293945,7.679999828338623,41827600,0.0,0.0
2018-09-19 00:00:00-04:00,7.880000114440918,9.149999618530273,7.539999961853027,8.5,48306500,0.0,0.0
2018-09-20 00:00:00-04:00,9.069999694824219,9.470000267028809,8.420000076293945,8.779999732971191,40275000,0.0,0.0
2018-09-21 00:00:00-04:00,9.050000190734863,9.069999694824219,8.5,8.59000015258789,15118500,0.0,0.0
2018-09-24 00:00:00-04:00,8.319999694824219,8.390000343322754,7.849999904632568,7.869999885559082,16297900,0.0,0.0
2018-09-25 00:00:00-04:00,8.0600004196167,8.1899995803833,7.5,7.579999923706055,18909300,0.0,0.0
2018-09-26 00:00:00-04:00,7.590000152587891,7.760000228881836,7.5,7.5,11088300,0.0,0.0
2018-09-27 00:00:00-04:00,7.550000190734863,7.550000190734863,7.010000228881836,7.010000228881836,16815600,0.0,0.0
2018-09-28 00:00:00-04:00,6.96999979019165,7.28000020980835,6.679999828338623,6.980000019073486,21813600,0.0,0.0
2018-10-01 00:00:00-04:00,7.059999942779541,7.079999923706055,6.599999904632568,6.599999904632568,16429100,0.0,0.0
2018-10-02 00:00:00-04:00,6.599999904632568,6.599999904632568,5.869999885559082,5.929999828338623,19440000,0.0,0.0
2018-10-03 00:00:00-04:00,6.119999885559082,6.550000190734863,6.119999885559082,6.300000190734863,13251200,0.0,0.0
2018-10-04 00:00:00-04:00,6.190000057220459,6.25,6.0,6.25,11896600,0.0,0.0
2018-10-05 00:00:00-04:00,6.199999809265137,6.289999961853027,6.03000020980835,6.260000228881836,8378300,0.0,0.0
2018-10-08 00:00:00-04:00,6.070000171661377,6.179999828338623,5.949999809265137,6.039999961853027,11508800,0.0,0.0
2018-10-09 00:00:00-04:00,6.190000057220459,7.400000095367432,6.099999904632568,7.389999866485596,38464400,0.0,0.0
2018-10-10 00:00:00-04:00,8.100000381469727,8.350000381469727,7.389999866485596,7.75,74971100,0.0,0.0
2018-10-11 00:00:00-04:00,7.440000057220459,7.550000190734863,6.920000076293945,7.179999828338623,22730000,0.0,0.0
2018-10-12 00:00:00-04:00,7.460000038146973,7.75,7.28000020980835,7.460000038146973,14545400,0.0,0.0
2018-10-15 00:00:00-04:00,7.860000133514404,8.300000190734863,7.699999809265137,7.820000171661377,26781700,0.0,0.0
2018-10-16 00:00:00-04:00,8.0600004196167,8.199999809265137,7.829999923706055,8.039999961853027,17490500,0.0,0.0
2018-10-17 00:00:00-04:00,8.119999885559082,8.15999984741211,7.730000019073486,7.769999980926514,11705300,0.0,0.0
2018-10-18 00:00:00-04:00,7.599999904632568,7.670000076293945,7.260000228881836,7.5,11906000,0.0,0.0
2018-10-19 00:00:00-04:00,7.590000152587891,7.75,7.21999979019165,7.320000171661377,7336200,0.0,0.0
2018-10-22 00:00:00-04:00,7.679999828338623,7.690000057220459,7.0,7.03000020980835,12758500,0.0,0.0
2018-10-23 00:00:00-04:00,6.739999771118164,6.889999866485596,6.449999809265137,6.809999942779541,14901700,0.0,0.0
2018-10-24 00:00:00-04:00,6.849999904632568,6.849999904632568,6.130000114440918,6.170000076293945,14789900,0.0,0.0
2018-10-25 00:00:00-04:00,6.269999980926514,6.570000171661377,6.25,6.449999809265137,9188700,0.0,0.0
2018-10-26 00:00:00-04:00,6.210000038146973,6.510000228881836,6.179999828338623,6.349999904632568,9459000,0.0,0.0
2018-10-29 00:00:00-04:00,6.53000020980835,6.789999961853027,6.050000190734863,6.190000057220459,16027600,0.0,0.0
2018-10-30 00:00:00-04:00,6.199999809265137,6.21999979019165,5.619999885559082,5.949999809265137,21823900,0.0,0.0
2018-10-31 00:00:00-04:00,6.079999923706055,6.25,5.900000095367432,5.900000095367432,15213400,0.0,0.0
2018-11-01 00:00:00-04:00,6.0,6.78000020980835,5.960000038146973,6.619999885559082,24330900,0.0,0.0
2018-11-02 00:00:00-04:00,6.840000152587891,6.840000152587891,6.269999980926514,6.489999771118164,17988800,0.0,0.0
2018-11-05 00:00:00-05:00,6.519999980926514,6.71999979019165,6.25,6.679999828338623,13188700,0.0,0.0
2018-11-06 00:00:00-05:00,7.21999979019165,7.320000171661377,6.400000095367432,6.400000095367432,49855800,0.0,0.0
2018-11-07 00:00:00-05:00,6.420000076293945,6.880000114440918,6.150000095367432,6.739999771118164,23761800,0.0,0.0
2018-11-08 00:00:00-05:00,6.489999771118164,7.099999904632568,6.46999979019165,6.690000057220459,20510700,0.0,0.0
2018-11-09 00:00:00-05:00,6.590000152587891,6.929999828338623,6.519999980926514,6.769999980926514,12789800,0.0,0.0
2018-11-12 00:00:00-05:00,6.71999979019165,6.929999828338623,6.559999942779541,6.650000095367432,12709100,0.0,0.0
2018-11-13 00:00:00-05:00,6.690000057220459,6.900000095367432,6.579999923706055,6.78000020980835,15374100,0.0,0.0
2018-11-14 00:00:00-05:00,6.800000190734863,7.449999809265137,6.800000190734863,7.099999904632568,29585100,0.0,0.0
2018-11-15 00:00:00-05:00,7.150000095367432,7.489999771118164,7.110000133514404,7.340000152587891,17904000,0.0,0.0
2018-11-16 00:00:00-05:00,7.400000095367432,7.650000095367432,7.159999847412109,7.190000057220459,14972500,0.0,0.0
2018-11-19 00:00:00-05:00,7.380000114440918,8.210000038146973,7.28000020980835,7.840000152587891,49171800,0.0,0.0
2018-11-20 00:00:00-05:00,7.650000095367432,7.909999847412109,7.150000095367432,7.670000076293945,26923200,0.0,0.0
2018-11-21 00:00:00-05:00,7.900000095367432,8.050000190734863,7.630000114440918,7.710000038146973,13993600,0.0,0.0
2018-11-23 00:00:00-05:00,7.679999828338623,7.699999809265137,7.409999847412109,7.460000038146973,8119700,0.0,0.0
2018-11-26 00:00:00-05:00,7.610000133514404,7.630000114440918,7.159999847412109,7.369999885559082,12164900,0.0,0.0
2018-11-27 00:00:00-05:00,7.300000190734863,7.699999809265137,7.230000019073486,7.480000019073486,9084900,0.0,0.0
2018-11-28 00:00:00-05:00,7.599999904632568,8.149999618530273,7.599999904632568,8.119999885559082,22096900,0.0,0.0
2018-11-29 00:00:00-05:00,8.0600004196167,8.119999885559082,7.760000228881836,7.789999961853027,13207600,0.0,0.0
2018-11-30 00:00:00-05:00,7.800000190734863,8.0,7.679999828338623,7.710000038146973,10994700,0.0,0.0
2018-12-03 00:00:00-05:00,8.100000381469727,8.130000114440918,7.5,7.579999923706055,22425400,0.0,0.0
2018-12-04 00:00:00-05:00,7.599999904632568,7.639999866485596,7.050000190734863,7.079999923706055,19624700,0.0,0.0
2018-12-06 00:00:00-05:00,6.860000133514404,7.369999885559082,6.71999979019165,7.369999885559082,16688100,0.0,0.0
2018-12-07 00:00:00-05:00,7.360000133514404,7.380000114440918,6.960000038146973,6.989999771118164,11576200,0.0,0.0
2018-12-10 00:00:00-05:00,7.03000020980835,7.119999885559082,6.739999771118164,7.03000020980835,9981000,0.0,0.0
2018-12-11 00:00:00-05:00,7.079999923706055,7.199999809265137,6.920000076293945,7.079999923706055,8095700,0.0,0.0
2018-12-12 00:00:00-05:00,7.199999809265137,7.550000190734863,7.119999885559082,7.539999961853027,16007500,0.0,0.0
2018-12-13 00:00:00-05:00,7.550000190734863,7.900000095367432,7.260000228881836,7.75,14980900,0.0,0.0
2018-12-14 00:00:00-05:00,7.53000020980835,7.889999866485596,7.400000095367432,7.699999809265137,10773600,0.0,0.0
2018-12-17 00:00:00-05:00,7.630000114440918,7.639999866485596,6.960000038146973,7.03000020980835,18132800,0.0,0.0
2018-12-18 00:00:00-05:00,7.03000020980835,7.190000057220459,6.840000152587891,7.070000171661377,10685800,0.0,0.0
2018-12-19 00:00:00-05:00,7.010000228881836,7.150000095367432,6.800000190734863,6.829999923706055,9299700,0.0,0.0
2018-12-20 00:00:00-05:00,6.820000171661377,6.920000076293945,6.329999923706055,6.519999980926514,12080000,0.0,0.0
2018-12-21 00:00:00-05:00,6.53000020980835,6.650000095367432,6.059999942779541,6.070000171661377,13598300,0.0,0.0
2018-12-24 00:00:00-05:00,6.0,6.119999885559082,5.840000152587891,5.920000076293945,8835800,0.0,0.0
2018-12-26 00:00:00-05:00,6.110000133514404,6.369999885559082,5.960000038146973,6.360000133514404,9912300,0.0,0.0
2018-12-27 00:00:00-05:00,6.170000076293945,6.449999809265137,6.03000020980835,6.429999828338623,8531900,0.0,0.0
2018-12-28 00:00:00-05:00,6.5,6.559999942779541,6.300000190734863,6.46999979019165,7996500,0.0,0.0
2018-12-31 00:00:00-05:00,6.559999942779541,6.570000171661377,6.210000038146973,6.369999885559082,8667400,0.0,0.0
2019-01-02 00:00:00-05:00,6.130000114440918,6.239999771118164,6.0,6.199999809265137,8823600,0.0,0.0
2019-01-03 00:00:00-05:00,6.099999904632568,6.150000095367432,6.019999980926514,6.050000190734863,7562900,0.0,0.0
2019-01-04 00:00:00-05:00,6.190000057220459,6.400000095367432,6.130000114440918,6.360000133514404,9405600,0.0,0.0
2019-01-07 00:00:00-05:00,6.409999847412109,6.590000152587891,6.309999942779541,6.5,9709000,0.0,0.0
2019-01-08 00:00:00-05:00,6.570000171661377,6.579999923706055,6.170000076293945,6.400000095367432,9603800,0.0,0.0
2019-01-09 00:00:00-05:00,6.409999847412109,6.690000057220459,6.349999904632568,6.630000114440918,11489900,0.0,0.0
2019-01-10 00:00:00-05:00,6.630000114440918,6.730000019073486,6.409999847412109,6.659999847412109,11221100,0.0,0.0
2019-01-11 00:00:00-05:00,6.5,6.619999885559082,6.480000019073486,6.590000152587891,6902300,0.0,0.0
2019-01-14 00:00:00-05:00,6.510000228881836,7.150000095367432,6.369999885559082,6.800000190734863,19454100,0.0,0.0
2019-01-15 00:00:00-05:00,6.849999904632568,7.070000171661377,6.75,6.820000171661377,12633000,0.0,0.0
2019-01-16 00:00:00-05:00,6.800000190734863,6.900000095367432,6.679999828338623,6.710000038146973,6941200,0.0,0.0
2019-01-17 00:00:00-05:00,6.699999809265137,6.880000114440918,6.53000020980835,6.809999942779541,8508900,0.0,0.0
2019-01-18 00:00:00-05:00,6.889999866485596,6.909999847412109,6.679999828338623,6.710000038146973,9240900,0.0,0.0
2019-01-22 00:00:00-05:00,6.630000114440918,6.670000076293945,6.510000228881836,6.570000171661377,6379600,0.0,0.0
2019-01-23 00:00:00-05:00,6.630000114440918,6.789999961853027,6.46999979019165,6.550000190734863,5686000,0.0,0.0
2019-01-24 00:00:00-05:00,6.46999979019165,6.75,6.46999979019165,6.579999923706055,5920000,0.0,0.0
2019-01-25 00:00:00-05:00,6.650000095367432,6.78000020980835,6.599999904632568,6.650000095367432,6723600,0.0,0.0
2019-01-28 00:00:00-05:00,6.559999942779541,6.679999828338623,6.480000019073486,6.670000076293945,5111000,0.0,0.0
2019-01-29 00:00:00-05:00,6.679999828338623,6.96999979019165,6.639999866485596,6.940000057220459,14200100,0.0,0.0
2019-01-30 00:00:00-05:00,6.940000057220459,7.550000190734863,6.920000076293945,7.460000038146973,28775000,0.0,0.0
2019-01-31 00:00:00-05:00,7.400000095367432,7.889999866485596,7.400000095367432,7.880000114440918,21233900,0.0,0.0
2019-02-01 00:00:00-05:00,7.849999904632568,8.109999656677246,7.679999828338623,7.900000095367432,20788800,0.0,0.0
2019-02-04 00:00:00-05:00,7.960000038146973,7.980000019073486,7.739999771118164,7.849999904632568,8585300,0.0,0.0
2019-02-05 00:00:00-05:00,7.710000038146973,7.960000038146973,7.610000133514404,7.880000114440918,9029900,0.0,0.0
2019-02-06 00:00:00-05:00,7.949999809265137,8.59000015258789,7.829999923706055,8.399999618530273,33404700,0.0,0.0
2019-02-07 00:00:00-05:00,8.279999732971191,8.369999885559082,7.800000190734863,8.039999961853027,23198200,0.0,0.0
2019-02-08 00:00:00-05:00,8.0,8.0,7.28000020980835,7.670000076293945,21709300,0.0,0.0
2019-02-11 00:00:00-05:00,7.670000076293945,7.769999980926514,7.380000114440918,7.460000038146973,9750700,0.0,0.0
2019-02-12 00:00:00-05:00,7.349999904632568,7.570000171661377,7.139999866485596,7.440000057220459,13264100,0.0,0.0
2019-02-13 00:00:00-05:00,7.519999980926514,7.679999828338623,7.389999866485596,7.489999771118164,10867800,0.0,0.0
2019-02-14 00:00:00-05:00,7.699999809265137,7.78000020980835,7.420000076293945,7.480000019073486,14728300,0.0,0.0
2019-02-15 00:00:00-05:00,7.550000190734863,7.639999866485596,7.260000228881836,7.409999847412109,15620200,0.0,0.0
2019-02-19 00:00:00-05:00,7.400000095367432,7.429999828338623,7.210000038146973,7.260000228881836,9974700,0.0,0.0
2019-02-20 00:00:00-05:00,7.260000228881836,7.769999980926514,7.260000228881836,7.619999885559082,21495700,0.0,0.0
2019-02-21 00:00:00-05:00,7.699999809265137,7.730000019073486,7.429999828338623,7.639999866485596,8060100,0.0,0.0
2019-02-22 00:00:00-05:00,7.920000076293945,8.220000267028809,7.75,8.170000076293945,26600400,0.0,0.0
2019-02-25 00:00:00-05:00,9.039999961853027,9.09000015258789,8.600000381469727,9.0,52424200,0.0,0.0
2019-02-26 00:00:00-05:00,9.15999984741211,10.640000343322754,8.819999694824219,9.789999961853027,106022600,0.0,0.0
2019-02-27 00:00:00-05:00,10.149999618530273,10.25,9.329999923706055,9.850000381469727,53234300,0.0,0.0
2019-02-28 00:00:00-05:00,9.850000381469727,9.930000305175781,9.460000038146973,9.569999694824219,26506000,0.0,0.0
2019-03-01 00:00:00-05:00,9.819999694824219,10.199999809265137,9.729999542236328,10.0600004196167,32409400,0.0,0.0
2019-03-04 00:00:00-05:00,10.319999694824219,10.369999885559082,9.149999618530273,9.779999732971191,43753300,0.0,0.0
2019-03-05 00:00:00-05:00,9.800000190734863,10.630000114440918,9.699999809265137,10.15999984741211,53680800,0.0,0.0
2019-03-06 00:00:00-05:00,8.260000228881836,8.720000267028809,8.0,8.010000228881836,73522700,0.0,0.0
2019-03-07 00:00:00-05:00,7.809999942779541,7.949999809265137,7.0,7.090000152587891,52469600,0.0,0.0
2019-03-08 00:00:00-05:00,7.019999980926514,7.199999809265137,6.849999904632568,7.059999942779541,32040600,0.0,0.0
2019-03-11 00:00:00-04:00,6.949999809265137,6.980000019073486,6.550000190734863,6.590000152587891,62544500,0.0,0.0
2019-03-12 00:00:00-04:00,6.619999885559082,6.639999866485596,6.369999885559082,6.389999866485596,41616000,0.0,0.0
2019-03-13 00:00:00-04:00,6.320000171661377,6.769999980926514,6.239999771118164,6.53000020980835,41727200,0.0,0.0
2019-03-14 00:00:00-04:00,6.630000114440918,6.639999866485596,6.0,6.03000020980835,58983400,0.0,0.0
2019-03-15 00:00:00-04:00,6.119999885559082,6.130000114440918,5.710000038146973,5.710000038146973,85777000,0.0,0.0
2019-03-18 00:00:00-04:00,5.690000057220459,5.949999809265137,5.440000057220459,5.75,76506100,0.0,0.0
2019-03-19 00:00:00-04:00,5.75,6.03000020980835,5.730000019073486,5.960000038146973,54509200,0.0,0.0
2019-03-20 00:00:00-04:00,6.019999980926514,6.03000020980835,5.710000038146973,5.849999904632568,39053700,0.0,0.0
2019-03-21 00:00:00-04:00,5.75,5.949999809265137,5.739999771118164,5.840000152587891,21368900,0.0,0.0
2019-03-22 00:00:00-04:00,5.800000190734863,5.869999885559082,5.599999904632568,5.619999885559082,24956500,0.0,0.0
2019-03-25 00:00:00-04:00,5.619999885559082,5.659999847412109,5.269999980926514,5.349999904632568,38993300,0.0,0.0
2019-03-26 00:00:00-04:00,5.199999809265137,5.21999979019165,4.900000095367432,4.960000038146973,67206300,0.0,0.0
2019-03-27 00:00:00-04:00,5.010000228881836,5.190000057220459,4.960000038146973,4.980000019073486,39753400,0.0,0.0
2019-03-28 00:00:00-04:00,5.039999961853027,5.170000076293945,4.929999828338623,5.010000228881836,29281400,0.0,0.0
2019-03-29 00:00:00-04:00,5.059999942779541,5.130000114440918,5.03000020980835,5.099999904632568,23595900,0.0,0.0
2019-04-01 00:00:00-04:00,5.289999961853027,5.400000095367432,5.139999866485596,5.210000038146973,32404600,0.0,0.0
2019-04-02 00:00:00-04:00,5.429999828338623,5.610000133514404,5.349999904632568,5.389999866485596,55814800,0.0,0.0
2019-04-03 00:00:00-04:00,5.550000190734863,5.579999923706055,5.230000019073486,5.309999942779541,35197400,0.0,0.0
2019-04-04 00:00:00-04:00,5.389999866485596,5.5,5.269999980926514,5.349999904632568,31696600,0.0,0.0
2019-04-05 00:00:00-04:00,5.369999885559082,5.400000095367432,5.309999942779541,5.360000133514404,18093400,0.0,0.0
2019-04-08 00:00:00-04:00,5.329999923706055,5.380000114440918,5.25,5.300000190734863,17349800,0.0,0.0
2019-04-09 00:00:00-04:00,5.28000020980835,5.28000020980835,5.059999942779541,5.079999923706055,32590100,0.0,0.0
2019-04-10 00:00:00-04:00,5.059999942779541,5.110000133514404,4.960000038146973,5.050000190734863,25958700,0.0,0.0
2019-04-11 00:00:00-04:00,5.0,5.090000152587891,4.96999979019165,5.010000228881836,17642600,0.0,0.0
2019-04-12 00:00:00-04:00,5.03000020980835,5.059999942779541,4.949999809265137,4.989999771118164,15561300,0.0,0.0
2019-04-15 00:00:00-04:00,4.989999771118164,5.0,4.71999979019165,4.75,27489100,0.0,0.0
2019-04-16 00:00:00-04:00,4.800000190734863,4.809999942779541,4.429999828338623,4.449999809265137,46354500,0.0,0.0
2019-04-17 00:00:00-04:00,4.610000133514404,4.71999979019165,4.510000228881836,4.590000152587891,30546400,0.0,0.0
2019-04-18 00:00:00-04:00,4.53000020980835,4.920000076293945,4.440000057220459,4.789999961853027,31206500,0.0,0.0
2019-04-22 00:00:00-04:00,4.739999771118164,4.809999942779541,4.619999885559082,4.78000020980835,12936700,0.0,0.0
2019-04-23 00:00:00-04:00,4.820000171661377,4.920000076293945,4.730000019073486,4.829999923706055,15107000,0.0,0.0
2019-04-24 00:00:00-04:00,4.789999961853027,5.010000228881836,4.75,5.0,20401300,0.0,0.0
2019-04-25 00:00:00-04:00,5.010000228881836,5.150000095367432,4.849999904632568,4.900000095367432,21552800,0.0,0.0
2019-04-26 00:00:00-04:00,4.849999904632568,4.929999828338623,4.769999980926514,4.920000076293945,11891300,0.0,0.0
2019-04-29 00:00:00-04:00,4.889999866485596,5.050000190734863,4.869999885559082,4.980000019073486,15202800,0.0,0.0
2019-04-30 00:00:00-04:00,4.980000019073486,5.079999923706055,4.800000190734863,4.849999904632568,14434600,0.0,0.0
2019-05-01 00:00:00-04:00,4.840000152587891,4.849999904632568,4.679999828338623,4.679999828338623,13308300,0.0,0.0
2019-05-02 00:00:00-04:00,4.739999771118164,4.75,4.570000171661377,4.71999979019165,14080400,0.0,0.0
2019-05-03 00:00:00-04:00,4.730000019073486,5.110000133514404,4.730000019073486,5.019999980926514,25245500,0.0,0.0
2019-05-06 00:00:00-04:00,4.71999979019165,4.880000114440918,4.690000057220459,4.880000114440918,16144400,0.0,0.0
2019-05-07 00:00:00-04:00,4.809999942779541,4.920000076293945,4.760000228881836,4.840000152587891,11545700,0.0,0.0
2019-05-08 00:00:00-04:00,4.789999961853027,4.809999942779541,4.559999942779541,4.570000171661377,20456900,0.0,0.0
2019-05-09 00:00:00-04:00,4.539999961853027,4.699999809265137,4.510000228881836,4.599999904632568,15759700,0.0,0.0
2019-05-10 00:00:00-04:00,4.599999904632568,4.659999847412109,4.510000228881836,4.559999942779541,17146500,0.0,0.0
2019-05-13 00:00:00-04:00,4.5,4.5,4.300000190734863,4.329999923706055,21804500,0.0,0.0
2019-05-14 00:00:00-04:00,4.46999979019165,4.670000076293945,4.409999847412109,4.670000076293945,27925700,0.0,0.0
2019-05-15 00:00:00-04:00,4.590000152587891,4.75,4.53000020980835,4.710000038146973,14669000,0.0,0.0
2019-05-16 00:00:00-04:00,4.650000095367432,4.849999904632568,4.610000133514404,4.659999847412109,16198000,0.0,0.0
2019-05-17 00:00:00-04:00,4.579999923706055,4.699999809265137,4.420000076293945,4.420000076293945,19775700,0.0,0.0
2019-05-20 00:00:00-04:00,4.380000114440918,4.400000095367432,4.110000133514404,4.25,23571700,0.0,0.0
2019-05-21 00:00:00-04:00,4.349999904632568,4.449999809265137,4.25,4.289999961853027,23435300,0.0,0.0
2019-05-22 00:00:00-04:00,4.25,4.300000190734863,4.0,4.050000190734863,35451300,0.0,0.0
2019-05-23 00:00:00-04:00,3.9600000381469727,4.03000020980835,3.8299999237060547,3.930000066757202,27855500,0.0,0.0
2019-05-24 00:00:00-04:00,3.9800000190734863,4.050000190734863,3.809999942779541,3.859999895095825,26069400,0.0,0.0
2019-05-28 00:00:00-04:00,4.119999885559082,4.139999866485596,3.880000114440918,4.0,114474400,0.0,0.0
2019-05-29 00:00:00-04:00,3.890000104904175,3.9000000953674316,3.5999999046325684,3.609999895095825,41690400,0.0,0.0
2019-05-30 00:00:00-04:00,3.549999952316284,3.549999952316284,3.109999895095825,3.240000009536743,55942200,0.0,0.0
2019-05-31 00:00:00-04:00,3.069999933242798,3.1500000953674316,3.0,3.049999952316284,39383300,0.0,0.0
2019-06-03 00:00:00-04:00,2.9800000190734863,3.059999942779541,2.740000009536743,2.9600000381469727,51793000,0.0,0.0
2019-06-04 00:00:00-04:00,3.0,3.109999895095825,2.9700000286102295,3.0399999618530273,30924000,0.0,0.0
2019-06-05 00:00:00-04:00,3.069999933242798,3.0899999141693115,2.759999990463257,2.8299999237060547,38179100,0.0,0.0
2019-06-06 00:00:00-04:00,2.9000000953674316,2.9000000953674316,2.5399999618530273,2.6500000953674316,54094300,0.0,0.0
2019-06-07 00:00:00-04:00,2.640000104904175,2.809999942779541,2.549999952316284,2.759999990463257,31397900,0.0,0.0
2019-06-10 00:00:00-04:00,2.75,2.819999933242798,2.5899999141693115,2.630000114440918,35989100,0.0,0.0
2019-06-11 00:00:00-04:00,2.6700000762939453,2.6700000762939453,2.549999952316284,2.609999895095825,33070100,0.0,0.0
2019-06-12 00:00:00-04:00,2.619999885559082,2.619999885559082,2.5,2.549999952316284,30099500,0.0,0.0
2019-06-13 00:00:00-04:00,2.549999952316284,2.619999885559082,2.5,2.5199999809265137,21962600,0.0,0.0
2019-06-14 00:00:00-04:00,2.440000057220459,2.450000047683716,2.3499999046325684,2.4200000762939453,27065700,0.0,0.0
2019-06-17 00:00:00-04:00,2.390000104904175,2.5299999713897705,2.3499999046325684,2.4600000381469727,20830100,0.0,0.0
2019-06-18 00:00:00-04:00,2.5199999809265137,2.7100000381469727,2.450000047683716,2.5299999713897705,50080800,0.0,0.0
2019-06-19 00:00:00-04:00,2.6700000762939453,2.8399999141693115,2.559999942779541,2.740000009536743,43761900,0.0,0.0
2019-06-20 00:00:00-04:00,2.869999885559082,3.049999952316284,2.799999952316284,2.8299999237060547,55697200,0.0,0.0
2019-06-21 00:00:00-04:00,2.880000114440918,2.9000000953674316,2.569999933242798,2.640000104904175,49602400,0.0,0.0
2019-06-24 00:00:00-04:00,2.609999895095825,2.690000057220459,2.509999990463257,2.640000104904175,22693900,0.0,0.0
2019-06-25 00:00:00-04:00,2.640000104904175,2.6600000858306885,2.549999952316284,2.5999999046325684,16273100,0.0,0.0
2019-06-26 00:00:00-04:00,2.640000104904175,2.7300000190734863,2.5399999618530273,2.549999952316284,20679300,0.0,0.0
2019-06-27 00:00:00-04:00,2.509999990463257,2.619999885559082,2.440000057220459,2.5999999046325684,27685600,0.0,0.0
2019-06-28 00:00:00-04:00,2.5999999046325684,2.630000114440918,2.509999990463257,2.549999952316284,17640300,0.0,0.0
2019-07-01 00:00:00-04:00,2.6700000762939453,2.680000066757202,2.5799999237060547,2.5999999046325684,19462800,0.0,0.0
2019-07-02 00:00:00-04:00,2.5999999046325684,2.8499999046325684,2.569999933242798,2.819999933242798,35317300,0.0,0.0
2019-07-03 00:00:00-04:00,2.930000066757202,3.2899999618530273,2.9000000953674316,3.130000114440918,75342400,0.0,0.0
2019-07-05 00:00:00-04:00,3.309999942779541,3.3399999141693115,3.1500000953674316,3.259999990463257,35914600,0.0,0.0
2019-07-08 00:00:00-04:00,3.2100000381469727,3.5,3.130000114440918,3.490000009536743,40424000,0.0,0.0
2019-07-09 00:00:00-04:00,3.5799999237060547,3.9000000953674316,3.4200000762939453,3.690000057220459,87406100,0.0,0.0
2019-07-10 00:00:00-04:00,3.950000047683716,4.0,3.5999999046325684,3.680000066757202,85126100,0.0,0.0
2019-07-11 00:00:00-04:00,3.640000104904175,3.680000066757202,3.319999933242798,3.4200000762939453,57070300,0.0,0.0
2019-07-12 00:00:00-04:00,3.3399999141693115,3.640000104904175,3.319999933242798,3.450000047683716,39432200,0.0,0.0
2019-07-15 00:00:00-04:00,3.490000009536743,3.5199999809265137,3.3399999141693115,3.390000104904175,19833100,0.0,0.0
2019-07-16 00:00:00-04:00,3.4000000953674316,3.450000047683716,3.259999990463257,3.299999952316284,25764600,0.0,0.0
2019-07-17 00:00:00-04:00,3.2799999713897705,3.5199999809265137,3.25,3.440000057220459,26705000,0.0,0.0
2019-07-18 00:00:00-04:00,3.4700000286102295,3.5,3.309999942779541,3.430000066757202,17544400,0.0,0.0
2019-07-19 00:00:00-04:00,3.430000066757202,3.4800000190734863,3.359999895095825,3.369999885559082,13784300,0.0,0.0
2019-07-22 00:00:00-04:00,3.380000114440918,3.450000047683716,3.309999942779541,3.380000114440918,12376900,0.0,0.0
2019-07-23 00:00:00-04:00,3.430000066757202,3.490000009536743,3.369999885559082,3.4600000381469727,12462000,0.0,0.0
2019-07-24 00:00:00-04:00,3.450000047683716,3.75,3.440000057220459,3.6700000762939453,38844800,0.0,0.0
2019-07-25 00:00:00-04:00,3.680000066757202,3.7200000286102295,3.5,3.5,26513300,0.0,0.0
2019-07-26 00:00:00-04:00,3.559999942779541,3.619999885559082,3.5,3.509999990463257,15606300,0.0,0.0
2019-07-29 00:00:00-04:00,3.549999952316284,3.5799999237060547,3.319999933242798,3.4600000381469727,25890700,0.0,0.0
2019-07-30 00:00:00-04:00,3.430000066757202,3.440000057220459,3.3499999046325684,3.380000114440918,14127900,0.0,0.0
2019-07-31 00:00:00-04:00,3.380000114440918,3.5299999713897705,3.359999895095825,3.4700000286102295,19917200,0.0,0.0
2019-08-01 00:00:00-04:00,3.450000047683716,3.509999990463257,3.200000047683716,3.2799999713897705,28758400,0.0,0.0
2019-08-02 00:00:00-04:00,3.2100000381469727,3.3299999237060547,3.1600000858306885,3.2699999809265137,17211300,0.0,0.0
2019-08-05 00:00:00-04:00,3.140000104904175,3.140000104904175,2.8499999046325684,2.950000047683716,38736200,0.0,0.0
2019-08-06 00:00:00-04:00,3.0899999141693115,3.140000104904175,3.0,3.0799999237060547,23455700,0.0,0.0
2019-08-07 00:00:00-04:00,3.0399999618530273,3.0899999141693115,2.930000066757202,3.0899999141693115,18090400,0.0,0.0
2019-08-08 00:00:00-04:00,3.130000114440918,3.259999990463257,3.109999895095825,3.1700000762939453,20999800,0.0,0.0
2019-08-09 00:00:00-04:00,3.0999999046325684,3.180000066757202,3.0999999046325684,3.130000114440918,10610000,0.0,0.0
2019-08-12 00:00:00-04:00,3.049999952316284,3.109999895095825,2.9600000381469727,3.049999952316284,13991200,0.0,0.0
2019-08-13 00:00:00-04:00,3.0,3.200000047683716,3.0,3.1500000953674316,18541900,0.0,0.0
2019-08-14 00:00:00-04:00,3.0799999237060547,3.0799999237060547,2.880000114440918,2.9000000953674316,28205900,0.0,0.0
2019-08-15 00:00:00-04:00,2.990000009536743,2.990000009536743,2.7699999809265137,2.819999933242798,15736000,0.0,0.0
2019-08-16 00:00:00-04:00,2.890000104904175,3.009999990463257,2.859999895095825,2.950000047683716,15884200,0.0,0.0
2019-08-19 00:00:00-04:00,3.0,3.0999999046325684,3.0,3.0,13657100,0.0,0.0
2019-08-20 00:00:00-04:00,3.059999942779541,3.2100000381469727,3.0,3.1600000858306885,16688200,0.0,0.0
2019-08-21 00:00:00-04:00,3.2300000190734863,3.2699999809265137,3.0199999809265137,3.049999952316284,21513600,0.0,0.0
2019-08-22 00:00:00-04:00,3.059999942779541,3.0899999141693115,3.009999990463257,3.0199999809265137,12404300,0.0,0.0
2019-08-23 00:00:00-04:00,2.9700000286102295,3.0399999618530273,2.890000104904175,2.9200000762939453,13584500,0.0,0.0
2019-08-26 00:00:00-04:00,2.950000047683716,2.950000047683716,2.8299999237060547,2.9000000953674316,14119000,0.0,0.0
2019-08-27 00:00:00-04:00,2.9200000762939453,3.0,2.8299999237060547,2.9100000858306885,20392000,0.0,0.0
2019-08-28 00:00:00-04:00,2.9000000953674316,2.9200000762939453,2.8299999237060547,2.8399999141693115,10478000,0.0,0.0
2019-08-29 00:00:00-04:00,2.9100000858306885,2.930000066757202,2.8499999046325684,2.8499999046325684,12325800,0.0,0.0
2019-08-30 00:00:00-04:00,2.9000000953674316,2.9100000858306885,2.8399999141693115,2.859999895095825,8155400,0.0,0.0
2019-09-03 00:00:00-04:00,2.819999933242798,2.8299999237060547,2.5799999237060547,2.5999999046325684,26854400,0.0,0.0
2019-09-04 00:00:00-04:00,2.700000047683716,2.75,2.640000104904175,2.75,15177900,0.0,0.0
2019-09-05 00:00:00-04:00,2.809999942779541,3.0,2.799999952316284,2.950000047683716,23244700,0.0,0.0
2019-09-06 00:00:00-04:00,2.990000009536743,3.0,2.869999885559082,2.9800000190734863,14509300,0.0,0.0
2019-09-09 00:00:00-04:00,3.0,3.140000104904175,2.930000066757202,3.140000104904175,17386300,0.0,0.0
2019-09-10 00:00:00-04:00,3.130000114440918,3.3299999237060547,3.069999933242798,3.319999933242798,20848800,0.0,0.0
2019-09-11 00:00:00-04:00,3.2799999713897705,3.3299999237060547,3.1600000858306885,3.2699999809265137,13619900,0.0,0.0
2019-09-12 00:00:00-04:00,3.240000009536743,3.2699999809265137,3.0999999046325684,3.190000057220459,10957800,0.0,0.0
2019-09-13 00:00:00-04:00,3.2200000286102295,3.2699999809265137,3.1500000953674316,3.2100000381469727,8371700,0.0,0.0
2019-09-16 00:00:00-04:00,3.1500000953674316,3.2100000381469727,3.0899999141693115,3.119999885559082,12374900,0.0,0.0
2019-09-17 00:00:00-04:00,3.109999895095825,3.180000066757202,3.0,3.180000066757202,12905800,0.0,0.0
2019-09-18 00:00:00-04:00,3.2100000381469727,3.2100000381469727,3.0299999713897705,3.0799999237060547,12519200,0.0,0.0
2019-09-19 00:00:00-04:00,3.119999885559082,3.1600000858306885,3.0799999237060547,3.0999999046325684,8733200,0.0,0.0
2019-09-20 00:00:00-04:00,3.140000104904175,3.1600000858306885,3.0199999809265137,3.0399999618530273,11999300,0.0,0.0
2019-09-23 00:00:00-04:00,2.9800000190734863,2.9800000190734863,2.7100000381469727,2.7200000286102295,40356100,0.0,0.0
2019-09-24 00:00:00-04:00,2.2200000286102295,2.240000009536743,1.9700000286102295,2.1700000762939453,122194400,0.0,0.0
2019-09-25 00:00:00-04:00,2.1500000953674316,2.1500000953674316,2.0199999809265137,2.049999952316284,38938700,0.0,0.0
2019-09-26 00:00:00-04:00,2.049999952316284,2.059999942779541,1.899999976158142,1.9600000381469727,50967800,0.0,0.0
2019-09-27 00:00:00-04:00,1.940000057220459,2.0,1.7100000381469727,1.75,59824600,0.0,0.0
2019-09-30 00:00:00-04:00,1.7200000286102295,1.7300000190734863,1.5299999713897705,1.559999942779541,58815600,0.0,0.0
2019-10-01 00:00:00-04:00,1.5099999904632568,1.5099999904632568,1.2200000286102295,1.3200000524520874,88123600,0.0,0.0
2019-10-02 00:00:00-04:00,1.190000057220459,1.649999976158142,1.190000057220459,1.590000033378601,98992700,0.0,0.0
2019-10-03 00:00:00-04:00,1.590000033378601,1.7000000476837158,1.4299999475479126,1.6399999856948853,58630100,0.0,0.0
2019-10-04 00:00:00-04:00,1.600000023841858,1.690000057220459,1.559999942779541,1.6200000047683716,25240300,0.0,0.0
2019-10-07 00:00:00-04:00,1.5800000429153442,1.590000033378601,1.4500000476837158,1.5499999523162842,26893500,0.0,0.0
2019-10-08 00:00:00-04:00,1.7300000190734863,1.7999999523162842,1.659999966621399,1.7000000476837158,47085000,0.0,0.0
2019-10-09 00:00:00-04:00,1.75,1.7599999904632568,1.5800000429153442,1.6399999856948853,35848200,0.0,0.0
2019-10-10 00:00:00-04:00,1.6399999856948853,1.6399999856948853,1.5,1.5299999713897705,33950800,0.0,0.0
2019-10-11 00:00:00-04:00,1.5499999523162842,1.590000033378601,1.5,1.559999942779541,25648800,0.0,0.0
2019-10-14 00:00:00-04:00,1.559999942779541,1.5700000524520874,1.5199999809265137,1.5299999713897705,12534600,0.0,0.0
2019-10-15 00:00:00-04:00,1.6299999952316284,1.6399999856948853,1.5399999618530273,1.5499999523162842,25901200,0.0,0.0
2019-10-16 00:00:00-04:00,1.4600000381469727,1.5199999809265137,1.399999976158142,1.4600000381469727,40687000,0.0,0.0
2019-10-17 00:00:00-04:00,1.4600000381469727,1.5,1.4199999570846558,1.4600000381469727,18373300,0.0,0.0
2019-10-18 00:00:00-04:00,1.4500000476837158,1.5499999523162842,1.440000057220459,1.5199999809265137,21393400,0.0,0.0
2019-10-21 00:00:00-04:00,1.5199999809265137,1.7699999809265137,1.4900000095367432,1.690000057220459,40155200,0.0,0.0
2019-10-22 00:00:00-04:00,1.7000000476837158,1.7699999809265137,1.5199999809265137,1.5800000429153442,38944000,0.0,0.0
2019-10-23 00:00:00-04:00,1.5800000429153442,1.600000023841858,1.5199999809265137,1.5299999713897705,12246400,0.0,0.0
2019-10-24 00:00:00-04:00,1.5700000524520874,1.600000023841858,1.5299999713897705,1.5399999618530273,21567700,0.0,0.0
2019-10-25 00:00:00-04:00,1.5399999618530273,1.559999942779541,1.5,1.5099999904632568,20444900,0.0,0.0
2019-10-28 00:00:00-04:00,1.4299999475479126,1.5,1.3799999952316284,1.4800000190734863,32675500,0.0,0.0
2019-10-29 00:00:00-04:00,1.4500000476837158,1.4500000476837158,1.3899999856948853,1.3899999856948853,22312000,0.0,0.0
2019-10-30 00:00:00-04:00,1.4199999570846558,1.4500000476837158,1.3600000143051147,1.4299999475479126,20769100,0.0,0.0
2019-10-31 00:00:00-04:00,1.4700000286102295,1.5399999618530273,1.440000057220459,1.4500000476837158,22381000,0.0,0.0
2019-11-01 00:00:00-04:00,1.4900000095367432,1.5499999523162842,1.4900000095367432,1.5199999809265137,17957200,0.0,0.0
2019-11-04 00:00:00-05:00,1.649999976158142,1.899999976158142,1.5800000429153442,1.7100000381469727,61083000,0.0,0.0
2019-11-05 00:00:00-05:00,1.8799999952316284,2.380000114440918,1.7999999523162842,2.3399999141693115,183556700,0.0,0.0
2019-11-06 00:00:00-05:00,2.4600000381469727,2.4600000381469727,1.9600000381469727,2.0299999713897705,113933700,0.0,0.0
2019-11-07 00:00:00-05:00,2.109999895095825,2.200000047683716,2.049999952316284,2.069999933242798,39411800,0.0,0.0
2019-11-08 00:00:00-05:00,2.130000114440918,2.130000114440918,1.940000057220459,1.9800000190734863,38341600,0.0,0.0
2019-11-11 00:00:00-05:00,1.899999976158142,1.9600000381469727,1.7799999713897705,1.8600000143051147,34228400,0.0,0.0
2019-11-12 00:00:00-05:00,1.899999976158142,2.049999952316284,1.8300000429153442,1.940000057220459,27818000,0.0,0.0
2019-11-13 00:00:00-05:00,1.899999976158142,1.9900000095367432,1.850000023841858,1.899999976158142,24969400,0.0,0.0
2019-11-14 00:00:00-05:00,1.8600000143051147,1.8899999856948853,1.659999966621399,1.75,46683200,0.0,0.0
2019-11-15 00:00:00-05:00,1.75,1.840000033378601,1.659999966621399,1.7999999523162842,32003800,0.0,0.0
2019-11-18 00:00:00-05:00,1.8799999952316284,1.899999976158142,1.7300000190734863,1.7999999523162842,25996000,0.0,0.0
2019-11-19 00:00:00-05:00,1.7799999713897705,1.8899999856948853,1.7799999713897705,1.8300000429153442,26780800,0.0,0.0
2019-11-20 00:00:00-05:00,1.850000023841858,1.8700000047683716,1.7699999809265137,1.840000033378601,20728500,0.0,0.0
2019-11-21 00:00:00-05:00,1.8700000047683716,2.0399999618530273,1.8200000524520874,1.9800000190734863,41394200,0.0,0.0
2019-11-22 00:00:00-05:00,2.0399999618530273,2.049999952316284,1.8799999952316284,1.940000057220459,25152300,0.0,0.0
2019-11-25 00:00:00-05:00,1.9900000095367432,2.119999885559082,1.9600000381469727,2.049999952316284,36836400,0.0,0.0
2019-11-26 00:00:00-05:00,2.119999885559082,2.2899999618530273,2.119999885559082,2.2799999713897705,55122700,0.0,0.0
2019-11-27 00:00:00-05:00,2.319999933242798,2.5,2.2799999713897705,2.4600000381469727,77368600,0.0,0.0
2019-11-29 00:00:00-05:00,2.359999895095825,2.359999895095825,2.200000047683716,2.2699999809265137,32640300,0.0,0.0
2019-12-02 00:00:00-05:00,2.3499999046325684,2.440000057220459,2.299999952316284,2.440000057220459,32677500,0.0,0.0
2019-12-03 00:00:00-05:00,2.309999942779541,2.4800000190734863,2.25,2.4000000953674316,37865200,0.0,0.0
2019-12-04 00:00:00-05:00,2.4200000762939453,2.5799999237060547,2.4100000858306885,2.4200000762939453,46792900,0.0,0.0
2019-12-05 00:00:00-05:00,2.5299999713897705,2.569999933242798,2.25,2.2699999809265137,53235200,0.0,0.0
2019-12-06 00:00:00-05:00,2.319999933242798,2.3399999141693115,2.200000047683716,2.259999990463257,31931900,0.0,0.0
2019-12-09 00:00:00-05:00,2.2100000381469727,2.25,2.109999895095825,2.2200000286102295,31542900,0.0,0.0
2019-12-10 00:00:00-05:00,2.200000047683716,2.2799999713897705,2.140000104904175,2.2699999809265137,25220200,0.0,0.0
2019-12-11 00:00:00-05:00,2.259999990463257,2.319999933242798,2.2300000190734863,2.259999990463257,20342900,0.0,0.0
2019-12-12 00:00:00-05:00,2.299999952316284,2.3299999237060547,2.259999990463257,2.2699999809265137,22457900,0.0,0.0
2019-12-13 00:00:00-05:00,2.309999942779541,2.430000066757202,2.2899999618530273,2.390000104904175,37228900,0.0,0.0
2019-12-16 00:00:00-05:00,2.440000057220459,2.549999952316284,2.390000104904175,2.4800000190734863,36916800,0.0,0.0
2019-12-17 00:00:00-05:00,2.5399999618530273,2.630000114440918,2.5,2.5899999141693115,45654500,0.0,0.0
2019-12-18 00:00:00-05:00,2.5799999237060547,2.6700000762939453,2.5399999618530273,2.630000114440918,31811100,0.0,0.0
2019-12-19 00:00:00-05:00,2.690000057220459,2.7300000190734863,2.609999895095825,2.619999885559082,36301300,0.0,0.0
2019-12-20 00:00:00-05:00,2.6500000953674316,2.7200000286102295,2.630000114440918,2.690000057220459,50971500,0.0,0.0
2019-12-23 00:00:00-05:00,2.740000009536743,2.759999990463257,2.6500000953674316,2.6700000762939453,28571900,0.0,0.0
2019-12-24 00:00:00-05:00,2.630000114440918,2.630000114440918,2.450000047683716,2.5299999713897705,32029800,0.0,0.0
2019-12-26 00:00:00-05:00,2.450000047683716,2.5199999809265137,2.3499999046325684,2.509999990463257,44173700,0.0,0.0
2019-12-27 00:00:00-05:00,2.5399999618530273,2.549999952316284,2.4100000858306885,2.4200000762939453,37553300,0.0,0.0
2019-12-30 00:00:00-05:00,2.9200000762939453,4.869999885559082,2.880000114440918,3.7200000286102295,432720700,0.0,0.0
2019-12-31 00:00:00-05:00,4.150000095367432,4.420000076293945,3.819999933242798,4.019999980926514,215008600,0.0,0.0
2020-01-02 00:00:00-05:00,4.099999904632568,4.099999904632568,3.609999895095825,3.7200000286102295,103740100,0.0,0.0
2020-01-03 00:00:00-05:00,3.5,3.9000000953674316,3.4800000190734863,3.8299999237060547,82892400,0.0,0.0
2020-01-06 00:00:00-05:00,4.190000057220459,4.239999771118164,3.6600000858306885,3.680000066757202,106619700,0.0,0.0
2020-01-07 00:00:00-05:00,3.700000047683716,3.7300000190734863,3.2100000381469727,3.240000009536743,106336400,0.0,0.0
2020-01-08 00:00:00-05:00,3.140000104904175,3.490000009536743,3.130000114440918,3.390000104904175,65118100,0.0,0.0
2020-01-09 00:00:00-05:00,3.440000057220459,3.5799999237060547,3.3299999237060547,3.4600000381469727,54644200,0.0,0.0
2020-01-10 00:00:00-05:00,3.490000009536743,3.5799999237060547,3.4000000953674316,3.509999990463257,35626700,0.0,0.0
2020-01-13 00:00:00-05:00,3.7100000381469727,3.7300000190734863,3.5199999809265137,3.700000047683716,59752700,0.0,0.0
2020-01-14 00:00:00-05:00,3.700000047683716,3.819999933242798,3.609999895095825,3.759999990463257,55194000,0.0,0.0
2020-01-15 00:00:00-05:00,4.190000057220459,4.480000019073486,4.0,4.289999961853027,236357900,0.0,0.0
2020-01-16 00:00:00-05:00,3.990000009536743,4.400000095367432,3.9100000858306885,4.369999885559082,97941700,0.0,0.0
2020-01-17 00:00:00-05:00,4.510000228881836,4.710000038146973,4.460000038146973,4.670000076293945,109601300,0.0,0.0
2020-01-21 00:00:00-05:00,4.599999904632568,5.289999961853027,4.519999980926514,5.170000076293945,181423600,0.0,0.0
2020-01-22 00:00:00-05:00,5.420000076293945,5.650000095367432,4.690000057220459,4.789999961853027,207132700,0.0,0.0
2020-01-23 00:00:00-05:00,4.570000171661377,4.949999809265137,4.309999942779541,4.920000076293945,102535300,0.0,0.0
2020-01-24 00:00:00-05:00,5.0,5.059999942779541,4.510000228881836,4.659999847412109,65538000,0.0,0.0
2020-01-27 00:00:00-05:00,3.990000009536743,4.349999904632568,3.8399999141693115,4.010000228881836,102028700,0.0,0.0
2020-01-28 00:00:00-05:00,4.25,4.269999980926514,4.03000020980835,4.210000038146973,48979100,0.0,0.0
2020-01-29 00:00:00-05:00,4.230000019073486,4.329999923706055,4.019999980926514,4.269999980926514,53844300,0.0,0.0
2020-01-30 00:00:00-05:00,4.239999771118164,4.380000114440918,4.010000228881836,4.079999923706055,75009800,0.0,0.0
2020-01-31 00:00:00-05:00,4.019999980926514,4.039999961853027,3.6700000762939453,3.7799999713897705,77923200,0.0,0.0
2020-02-03 00:00:00-05:00,3.5399999618530273,4.110000133514404,3.5199999809265137,4.059999942779541,73783600,0.0,0.0
2020-02-04 00:00:00-05:00,4.289999961853027,4.699999809265137,4.159999847412109,4.510000228881836,123640400,0.0,0.0
2020-02-05 00:00:00-05:00,4.369999885559082,4.480000019073486,4.130000114440918,4.389999866485596,73632500,0.0,0.0
2020-02-06 00:00:00-05:00,4.199999809265137,4.329999923706055,4.050000190734863,4.079999923706055,75641200,0.0,0.0
2020-02-07 00:00:00-05:00,4.019999980926514,4.019999980926514,3.740000009536743,3.809999942779541,80780700,0.0,0.0
2020-02-10 00:00:00-05:00,3.6700000762939453,3.9100000858306885,3.619999885559082,3.869999885559082,67157700,0.0,0.0
2020-02-11 00:00:00-05:00,3.8299999237060547,4.050000190734863,3.799999952316284,3.9600000381469727,54097100,0.0,0.0
2020-02-12 00:00:00-05:00,4.0,4.199999809265137,3.9800000190734863,4.070000171661377,50975300,0.0,0.0
2020-02-13 00:00:00-05:00,3.950000047683716,4.050000190734863,3.859999895095825,4.03000020980835,42411200,0.0,0.0
2020-02-14 00:00:00-05:00,4.019999980926514,4.039999961853027,3.75,3.7699999809265137,69655600,0.0,0.0
2020-02-18 00:00:00-05:00,3.9000000953674316,3.9800000190734863,3.759999990463257,3.799999952316284,47700900,0.0,0.0
2020-02-19 00:00:00-05:00,3.930000066757202,4.099999904632568,3.859999895095825,4.079999923706055,73256300,0.0,0.0
2020-02-20 00:00:00-05:00,4.099999904632568,4.400000095367432,4.010000228881836,4.260000228881836,86873500,0.0,0.0
2020-02-21 00:00:00-05:00,4.199999809265137,4.199999809265137,4.019999980926514,4.079999923706055,40425900,0.0,0.0
2020-02-24 00:00:00-05:00,3.7899999618530273,3.940000057220459,3.759999990463257,3.880000114440918,56247100,0.0,0.0
2020-02-25 00:00:00-05:00,5.179999828338623,5.190000057220459,4.239999771118164,4.400000095367432,206259400,0.0,0.0
2020-02-26 00:00:00-05:00,4.5,4.710000038146973,4.300000190734863,4.340000152587891,69558500,0.0,0.0
2020-02-27 00:00:00-05:00,4.090000152587891,4.300000190734863,3.9200000762939453,4.139999866485596,77846700,0.0,0.0
2020-02-28 00:00:00-05:00,3.9600000381469727,4.139999866485596,3.869999885559082,4.130000114440918,63635600,0.0,0.0
2020-03-02 00:00:00-05:00,4.150000095367432,4.190000057220459,3.9000000953674316,4.110000133514404,56063200,0.0,0.0
2020-03-03 00:00:00-05:00,4.079999923706055,4.210000038146973,3.950000047683716,4.059999942779541,47644500,0.0,0.0
2020-03-04 00:00:00-05:00,4.03000020980835,4.070000171661377,3.7699999809265137,3.869999885559082,49465800,0.0,0.0
2020-03-05 00:00:00-05:00,3.7799999713897705,3.890000104904175,3.680000066757202,3.7200000286102295,72697800,0.0,0.0
2020-03-06 00:00:00-05:00,3.619999885559082,3.6600000858306885,3.4200000762939453,3.549999952316284,61238100,0.0,0.0
2020-03-09 00:00:00-04:00,3.009999990463257,3.5399999618530273,2.990000009536743,3.2899999618530273,55305300,0.0,0.0
2020-03-10 00:00:00-04:00,3.490000009536743,3.5399999618530273,3.2899999618530273,3.5,34928400,0.0,0.0
2020-03-11 00:00:00-04:00,3.4000000953674316,3.5299999713897705,3.259999990463257,3.319999933242798,31099400,0.0,0.0
2020-03-12 00:00:00-04:00,3.059999942779541,3.2300000190734863,2.9800000190734863,3.130000114440918,52438300,0.0,0.0
2020-03-13 00:00:00-04:00,3.2799999713897705,3.3299999237060547,2.990000009536743,3.109999895095825,41770400,0.0,0.0
2020-03-16 00:00:00-04:00,2.869999885559082,3.109999895095825,2.75,2.940000057220459,41266200,0.0,0.0
2020-03-17 00:00:00-04:00,2.9700000286102295,3.119999885559082,2.7899999618530273,2.9000000953674316,34862200,0.0,0.0
2020-03-18 00:00:00-04:00,2.4000000953674316,2.5799999237060547,2.109999895095825,2.430000066757202,94431900,0.0,0.0
2020-03-19 00:00:00-04:00,2.299999952316284,2.549999952316284,2.2300000190734863,2.380000114440918,35499000,0.0,0.0
2020-03-20 00:00:00-04:00,2.490000009536743,2.640000104904175,2.3499999046325684,2.4000000953674316,50528400,0.0,0.0
2020-03-23 00:00:00-04:00,2.3399999141693115,2.369999885559082,2.1500000953674316,2.369999885559082,47435200,0.0,0.0
2020-03-24 00:00:00-04:00,2.549999952316284,2.75,2.4000000953674316,2.5999999046325684,64750100,0.0,0.0
2020-03-25 00:00:00-04:00,2.7200000286102295,2.990000009536743,2.5999999046325684,2.759999990463257,56588300,0.0,0.0
2020-03-26 00:00:00-04:00,2.809999942779541,3.069999933242798,2.7799999713897705,2.930000066757202,43579400,0.0,0.0
2020-03-27 00:00:00-04:00,2.8499999046325684,2.890000104904175,2.759999990463257,2.8399999141693115,25132000,0.0,0.0
2020-03-30 00:00:00-04:00,2.809999942779541,2.8299999237060547,2.700000047683716,2.7100000381469727,20115300,0.0,0.0
2020-03-31 00:00:00-04:00,2.8299999237060547,2.880000114440918,2.680000066757202,2.7799999713897705,30261400,0.0,0.0
2020-04-01 00:00:00-04:00,2.630000114440918,2.759999990463257,2.5999999046325684,2.6500000953674316,17153800,0.0,0.0
2020-04-02 00:00:00-04:00,2.509999990463257,2.5899999141693115,2.2200000286102295,2.390000104904175,58942700,0.0,0.0
2020-04-03 00:00:00-04:00,2.450000047683716,2.490000009536743,2.3299999237060547,2.4000000953674316,19519500,0.0,0.0
2020-04-06 00:00:00-04:00,2.4800000190734863,2.549999952316284,2.4000000953674316,2.4700000286102295,34866700,0.0,0.0
2020-04-07 00:00:00-04:00,2.809999942779541,2.809999942779541,2.6500000953674316,2.700000047683716,46149600,0.0,0.0
2020-04-08 00:00:00-04:00,2.759999990463257,2.799999952316284,2.7100000381469727,2.740000009536743,18312900,0.0,0.0
2020-04-09 00:00:00-04:00,2.819999933242798,2.819999933242798,2.630000114440918,2.6700000762939453,32810000,0.0,0.0
2020-04-13 00:00:00-04:00,2.6700000762939453,2.9700000286102295,2.630000114440918,2.9700000286102295,38421700,0.0,0.0
2020-04-14 00:00:00-04:00,3.1500000953674316,3.1600000858306885,2.9200000762939453,3.009999990463257,36479000,0.0,0.0
2020-04-15 00:00:00-04:00,2.950000047683716,3.200000047683716,2.880000114440918,3.200000047683716,27529800,0.0,0.0
2020-04-16 00:00:00-04:00,3.299999952316284,3.4100000858306885,3.200000047683716,3.25,37801700,0.0,0.0
2020-04-17 00:00:00-04:00,3.359999895095825,3.359999895095825,3.1500000953674316,3.2100000381469727,22831800,0.0,0.0
2020-04-20 00:00:00-04:00,3.180000066757202,3.3499999046325684,3.049999952316284,3.190000057220459,18691700,0.0,0.0
2020-04-21 00:00:00-04:00,3.0999999046325684,3.2200000286102295,3.009999990463257,3.0199999809265137,19789700,0.0,0.0
2020-04-22 00:00:00-04:00,3.0899999141693115,3.1500000953674316,3.049999952316284,3.0899999141693115,14494000,0.0,0.0
2020-04-23 00:00:00-04:00,3.200000047683716,3.200000047683716,3.049999952316284,3.059999942779541,17434200,0.0,0.0
2020-04-24 00:00:00-04:00,3.0799999237060547,3.0999999046325684,2.9100000858306885,2.940000057220459,22069700,0.0,0.0
2020-04-27 00:00:00-04:00,3.0,3.259999990463257,2.950000047683716,3.240000009536743,35641100,0.0,0.0
2020-04-28 00:00:00-04:00,3.4000000953674316,3.450000047683716,3.200000047683716,3.3399999141693115,36326800,0.0,0.0
2020-04-29 00:00:00-04:00,3.8299999237060547,3.9800000190734863,3.5899999141693115,3.609999895095825,89238800,0.0,0.0
2020-04-30 00:00:00-04:00,3.630000114440918,3.7200000286102295,3.369999885559082,3.4100000858306885,44540400,0.0,0.0
2020-05-01 00:00:00-04:00,3.299999952316284,3.3299999237060547,3.119999885559082,3.180000066757202,31268900,0.0,0.0
2020-05-04 00:00:00-04:00,3.0799999237060547,3.359999895095825,3.0799999237060547,3.3399999141693115,23387500,0.0,0.0
2020-05-05 00:00:00-04:00,3.440000057220459,3.4800000190734863,3.2799999713897705,3.2799999713897705,22315800,0.0,0.0
2020-05-06 00:00:00-04:00,3.5899999141693115,3.6500000953674316,3.450000047683716,3.619999885559082,54347800,0.0,0.0
2020-05-07 00:00:00-04:00,3.630000114440918,3.6700000762939453,3.5199999809265137,3.630000114440918,26736700,0.0,0.0
2020-05-08 00:00:00-04:00,3.680000066757202,3.799999952316284,3.5999999046325684,3.7699999809265137,27638000,0.0,0.0
2020-05-11 00:00:00-04:00,3.7200000286102295,3.7699999809265137,3.6600000858306885,3.740000009536743,16585600,0.0,0.0
2020-05-12 00:00:00-04:00,3.740000009536743,3.7799999713897705,3.609999895095825,3.619999885559082,21943800,0.0,0.0
2020-05-13 00:00:00-04:00,3.640000104904175,3.680000066757202,3.319999933242798,3.440000057220459,34034700,0.0,0.0
2020-05-14 00:00:00-04:00,3.3299999237060547,3.5199999809265137,3.2699999809265137,3.450000047683716,20936400,0.0,0.0
2020-05-15 00:00:00-04:00,3.369999885559082,3.450000047683716,3.359999895095825,3.369999885559082,13699000,0.0,0.0
2020-05-18 00:00:00-04:00,3.5,3.690000057220459,3.5,3.609999895095825,27771300,0.0,0.0
2020-05-19 00:00:00-04:00,3.619999885559082,3.75,3.5899999141693115,3.690000057220459,21707400,0.0,0.0
2020-05-20 00:00:00-04:00,3.759999990463257,3.819999933242798,3.4000000953674316,3.4800000190734863,52056900,0.0,0.0
2020-05-21 00:00:00-04:00,3.4000000953674316,3.440000057220459,3.2300000190734863,3.3299999237060547,41628400,0.0,0.0
2020-05-22 00:00:00-04:00,3.3299999237060547,3.3399999141693115,3.180000066757202,3.2699999809265137,22887300,0.0,0.0
2020-05-26 00:00:00-04:00,3.4200000762939453,3.8299999237060547,3.4000000953674316,3.819999933242798,59847900,0.0,0.0
2020-05-27 00:00:00-04:00,4.010000228881836,4.199999809265137,3.9000000953674316,4.170000076293945,70718900,0.0,0.0
2020-05-28 00:00:00-04:00,3.9800000190734863,4.119999885559082,3.75,3.8299999237060547,62756900,0.0,0.0
2020-05-29 00:00:00-04:00,3.819999933242798,4.0,3.7300000190734863,3.9800000190734863,50303000,0.0,0.0
2020-06-01 00:00:00-04:00,4.0,4.329999923706055,3.9600000381469727,4.260000228881836,69222000,0.0,0.0
2020-06-02 00:00:00-04:00,4.360000133514404,4.730000019073486,4.349999904632568,4.699999809265137,82476600,0.0,0.0
2020-06-03 00:00:00-04:00,5.0,5.699999809265137,4.980000019073486,5.599999904632568,199210000,0.0,0.0
2020-06-04 00:00:00-04:00,6.010000228881836,6.199999809265137,5.610000133514404,5.96999979019165,173052600,0.0,0.0
2020-06-05 00:00:00-04:00,6.03000020980835,6.079999923706055,5.519999980926514,5.590000152587891,90811800,0.0,0.0
2020-06-08 00:00:00-04:00,5.809999942779541,6.079999923706055,5.679999828338623,5.96999979019165,85951600,0.0,0.0
2020-06-09 00:00:00-04:00,5.840000152587891,6.829999923706055,5.760000228881836,6.679999828338623,136907900,0.0,0.0
2020-06-10 00:00:00-04:00,6.71999979019165,6.949999809265137,6.159999847412109,6.300000190734863,100170700,0.0,0.0
2020-06-11 00:00:00-04:00,5.789999961853027,6.090000152587891,5.659999847412109,5.909999847412109,126509700,0.0,0.0
2020-06-12 00:00:00-04:00,6.199999809265137,6.320000171661377,5.920000076293945,6.099999904632568,59838800,0.0,0.0
2020-06-15 00:00:00-04:00,5.96999979019165,6.989999771118164,5.920000076293945,6.829999923706055,113694400,0.0,0.0
2020-06-16 00:00:00-04:00,7.429999828338623,7.440000057220459,6.53000020980835,6.989999771118164,130478600,0.0,0.0
2020-06-17 00:00:00-04:00,6.929999828338623,6.980000019073486,6.670000076293945,6.840000152587891,58927300,0.0,0.0
2020-06-18 00:00:00-04:00,6.800000190734863,7.360000133514404,6.78000020980835,7.179999828338623,78846400,0.0,0.0
2020-06-19 00:00:00-04:00,7.360000133514404,7.630000114440918,7.230000019073486,7.340000152587891,84604200,0.0,0.0
2020-06-22 00:00:00-04:00,7.860000133514404,7.900000095367432,7.380000114440918,7.429999828338623,112976000,0.0,0.0
2020-06-23 00:00:00-04:00,7.550000190734863,7.690000057220459,7.190000057220459,7.230000019073486,79863500,0.0,0.0
2020-06-24 00:00:00-04:00,6.929999828338623,7.079999923706055,6.5,6.860000133514404,103888600,0.0,0.0
2020-06-25 00:00:00-04:00,6.659999847412109,7.150000095367432,6.599999904632568,7.079999923706055,46660300,0.0,0.0
2020-06-26 00:00:00-04:00,7.03000020980835,7.179999828338623,6.800000190734863,6.900000095367432,33596800,0.0,0.0
2020-06-29 00:00:00-04:00,6.980000019073486,7.25,6.710000038146973,7.230000019073486,46070400,0.0,0.0
2020-06-30 00:00:00-04:00,7.210000038146973,7.75,7.119999885559082,7.71999979019165,84485500,0.0,0.0
2020-07-01 00:00:00-04:00,7.789999961853027,7.989999771118164,7.670000076293945,7.909999847412109,64842600,0.0,0.0
2020-07-02 00:00:00-04:00,9.050000190734863,9.399999618530273,8.699999809265137,9.380000114440918,221496700,0.0,0.0
2020-07-06 00:00:00-04:00,11.050000190734863,12.300000190734863,10.930000305175781,11.510000228881836,329223800,0.0,0.0
2020-07-07 00:00:00-04:00,11.260000228881836,13.770000457763672,10.699999809265137,13.220000267028809,444070500,0.0,0.0
2020-07-08 00:00:00-04:00,14.100000381469727,15.279999732971191,12.0,12.880000114440918,570911400,0.0,0.0
2020-07-09 00:00:00-04:00,13.5,14.630000114440918,13.069999694824219,14.569999694824219,316792000,0.0,0.0
2020-07-10 00:00:00-04:00,15.609999656677246,15.729999542236328,14.199999809265137,14.979999542236328,318851300,0.0,0.0
2020-07-13 00:00:00-04:00,15.260000228881836,16.440000534057617,13.609999656677246,13.84000015258789,313460300,0.0,0.0
2020-07-14 00:00:00-04:00,13.25,14.130000114440918,12.420000076293945,14.09000015258789,196123200,0.0,0.0
2020-07-15 00:00:00-04:00,13.819999694824219,13.949999809265137,12.850000381469727,13.520000457763672,114603700,0.0,0.0
2020-07-16 00:00:00-04:00,12.460000038146973,13.15999984741211,12.449999809265137,12.9399995803833,134606300,0.0,0.0
2020-07-17 00:00:00-04:00,11.859999656677246,12.069999694824219,10.460000038146973,11.09000015258789,289518000,0.0,0.0
2020-07-20 00:00:00-04:00,11.420000076293945,12.84000015258789,11.380000114440918,12.819999694824219,155428100,0.0,0.0
2020-07-21 00:00:00-04:00,13.449999809265137,13.579999923706055,12.619999885559082,12.880000114440918,128036000,0.0,0.0
2020-07-22 00:00:00-04:00,12.380000114440918,12.829999923706055,11.8100004196167,12.380000114440918,112260500,0.0,0.0
2020-07-23 00:00:00-04:00,12.59000015258789,12.630000114440918,11.850000381469727,12.149999618530273,95206300,0.0,0.0
2020-07-24 00:00:00-04:00,11.380000114440918,11.899999618530273,10.90999984741211,11.819999694824219,93425300,0.0,0.0
2020-07-27 00:00:00-04:00,12.029999732971191,12.09000015258789,11.270000457763672,11.6899995803833,64068500,0.0,0.0
2020-07-28 00:00:00-04:00,11.479999542236328,12.640000343322754,11.380000114440918,12.270000457763672,90075800,0.0,0.0
2020-07-29 00:00:00-04:00,12.649999618530273,13.0,12.430000305175781,12.699999809265137,69552600,0.0,0.0
2020-07-30 00:00:00-04:00,12.619999885559082,12.949999809265137,12.069999694824219,12.199999809265137,64952900,0.0,0.0
2020-07-31 00:00:00-04:00,12.40999984741211,12.59000015258789,11.729999542236328,11.9399995803833,61620400,0.0,0.0
2020-08-03 00:00:00-04:00,12.529999732971191,13.670000076293945,12.460000038146973,13.600000381469727,122925300,0.0,0.0
2020-08-04 00:00:00-04:00,14.460000038146973,14.529999732971191,13.220000267028809,13.640000343322754,125731400,0.0,0.0
2020-08-05 00:00:00-04:00,13.40999984741211,14.079999923706055,13.369999885559082,13.920000076293945,60046000,0.0,0.0
2020-08-06 00:00:00-04:00,14.100000381469727,14.3100004196167,13.520000457763672,13.84000015258789,49787700,0.0,0.0
2020-08-07 00:00:00-04:00,13.539999961853027,13.729999542236328,13.199999809265137,13.420000076293945,57746000,0.0,0.0
2020-08-10 00:00:00-04:00,13.9399995803833,14.420000076293945,13.680000305175781,14.210000038146973,84267300,0.0,0.0
2020-08-11 00:00:00-04:00,15.300000190734863,15.449999809265137,12.9399995803833,12.989999771118164,181311500,0.0,0.0
2020-08-12 00:00:00-04:00,13.369999885559082,13.449999809265137,12.670000076293945,13.359999656677246,77260200,0.0,0.0
2020-08-13 00:00:00-04:00,13.449999809265137,13.640000343322754,13.170000076293945,13.359999656677246,50093500,0.0,0.0
2020-08-14 00:00:00-04:00,13.180000305175781,13.180000305175781,12.539999961853027,13.100000381469727,63250700,0.0,0.0
2020-08-17 00:00:00-04:00,13.069999694824219,14.050000190734863,13.0600004196167,14.050000190734863,78340500,0.0,0.0
2020-08-18 00:00:00-04:00,14.229999542236328,14.6899995803833,13.869999885559082,14.300000190734863,69962400,0.0,0.0
2020-08-19 00:00:00-04:00,14.289999961853027,14.40999984741211,13.850000381469727,14.0600004196167,41966800,0.0,0.0
2020-08-20 00:00:00-04:00,13.850000381469727,14.050000190734863,13.529999732971191,13.779999732971191,50072800,0.0,0.0
2020-08-21 00:00:00-04:00,13.640000343322754,14.579999923706055,13.619999885559082,14.119999885559082,70189900,0.0,0.0
2020-08-24 00:00:00-04:00,14.630000114440918,14.979999542236328,14.3100004196167,14.970000267028809,98697700,0.0,0.0
2020-08-25 00:00:00-04:00,15.079999923706055,17.8700008392334,15.0600004196167,17.84000015258789,299047800,0.0,0.0
2020-08-26 00:00:00-04:00,19.010000228881836,20.969999313354492,18.559999465942383,20.440000534057617,364104600,0.0,0.0
2020-08-27 00:00:00-04:00,19.989999771118164,20.469999313354492,18.760000228881836,19.8799991607666,199850300,0.0,0.0
2020-08-28 00:00:00-04:00,18.8700008392334,19.440000534057617,18.110000610351562,18.5,154799800,0.0,0.0
2020-08-31 00:00:00-04:00,17.190000534057617,19.829999923706055,16.81999969482422,19.030000686645508,226610900,0.0,0.0
2020-09-01 00:00:00-04:00,19.450000762939453,20.3799991607666,18.75,20.1200008392334,137226000,0.0,0.0
2020-09-02 00:00:00-04:00,20.920000076293945,21.049999237060547,18.5,19.899999618530273,153460600,0.0,0.0
2020-09-03 00:00:00-04:00,19.09000015258789,19.84000015258789,18.350000381469727,18.700000762939453,128358400,0.0,0.0
2020-09-04 00:00:00-04:00,18.540000915527344,19.18000030517578,15.609999656677246,17.979999542236328,163329800,0.0,0.0
2020-09-08 00:00:00-04:00,17.170000076293945,17.860000610351562,16.510000228881836,17.030000686645508,89624600,0.0,0.0
2020-09-09 00:00:00-04:00,17.899999618530273,18.6299991607666,17.700000762939453,18.09000015258789,90988400,0.0,0.0
2020-09-10 00:00:00-04:00,18.489999771118164,18.719999313354492,17.489999771118164,17.739999771118164,79679800,0.0,0.0
2020-09-11 00:00:00-04:00,18.0,18.100000381469727,17.450000762939453,17.969999313354492,55373500,0.0,0.0
2020-09-14 00:00:00-04:00,18.18000030517578,18.780000686645508,17.899999618530273,18.729999542236328,68234900,0.0,0.0
2020-09-15 00:00:00-04:00,19.100000381469727,20.25,18.8799991607666,19.190000534057617,111630500,0.0,0.0
2020-09-16 00:00:00-04:00,19.270000457763672,19.540000915527344,18.520000457763672,19.010000228881836,57671000,0.0,0.0
2020-09-17 00:00:00-04:00,18.260000228881836,19.329999923706055,18.079999923706055,19.299999237060547,55186600,0.0,0.0
2020-09-18 00:00:00-04:00,19.719999313354492,19.8799991607666,18.940000534057617,19.40999984741211,54885500,0.0,0.0
2020-09-21 00:00:00-04:00,19.049999237060547,19.270000457763672,17.65999984741211,18.809999465942383,75969500,0.0,0.0
2020-09-22 00:00:00-04:00,18.479999542236328,19.450000762939453,18.3700008392334,19.229999542236328,61061100,0.0,0.0
2020-09-23 00:00:00-04:00,19.219999313354492,19.360000610351562,17.799999237060547,17.959999084472656,70568100,0.0,0.0
2020-09-24 00:00:00-04:00,17.31999969482422,18.389999389648438,16.75,17.850000381469727,71069500,0.0,0.0
2020-09-25 00:00:00-04:00,18.020000457763672,18.6200008392334,17.950000762939453,18.31999969482422,44122100,0.0,0.0
2020-09-28 00:00:00-04:00,18.8799991607666,19.15999984741211,18.43000030517578,18.809999465942383,42786200,0.0,0.0
2020-09-29 00:00:00-04:00,18.760000228881836,21.1200008392334,18.709999084472656,20.850000381469727,163159200,0.0,0.0
2020-09-30 00:00:00-04:00,21.719999313354492,22.59000015258789,20.760000228881836,21.219999313354492,183530500,0.0,0.0
2020-10-01 00:00:00-04:00,21.68000030517578,21.959999084472656,20.829999923706055,21.760000228881836,79117100,0.0,0.0
2020-10-02 00:00:00-04:00,20.829999923706055,22.200000762939453,20.799999237060547,21.18000030517578,92713600,0.0,0.0
2020-10-05 00:00:00-04:00,21.65999984741211,21.920000076293945,21.06999969482422,21.59000015258789,60860100,0.0,0.0
2020-10-06 00:00:00-04:00,21.709999084472656,21.940000534057617,20.600000381469727,20.670000076293945,73217100,0.0,0.0
2020-10-07 00:00:00-04:00,21.059999465942383,21.770000457763672,20.790000915527344,21.559999465942383,59354300,0.0,0.0
2020-10-08 00:00:00-04:00,22.049999237060547,22.450000762939453,21.290000915527344,21.440000534057617,77719600,0.0,0.0
2020-10-09 00:00:00-04:00,21.6200008392334,21.739999771118164,21.31999969482422,21.469999313354492,37329000,0.0,0.0
2020-10-12 00:00:00-04:00,21.8799991607666,22.18000030517578,21.549999237060547,21.850000381469727,45476800,0.0,0.0
2020-10-13 00:00:00-04:00,21.860000610351562,21.969999313354492,21.170000076293945,21.6200008392334,42581500,0.0,0.0
2020-10-14 00:00:00-04:00,23.979999542236328,26.959999084472656,23.729999542236328,26.5,382663200,0.0,0.0
2020-10-15 00:00:00-04:00,27.200000762939453,29.229999542236328,25.780000686645508,28.06999969482422,385210600,0.0,0.0
2020-10-16 00:00:00-04:00,29.18000030517578,29.399999618530273,27.940000534057617,28.479999542236328,186764700,0.0,0.0
2020-10-19 00:00:00-04:00,28.209999084472656,28.559999465942383,27.219999313354492,27.6299991607666,115708700,0.0,0.0
2020-10-20 00:00:00-04:00,27.420000076293945,28.299999237060547,27.049999237060547,27.959999084472656,105233400,0.0,0.0
2020-10-21 00:00:00-04:00,27.899999618530273,28.43000030517578,27.389999389648438,27.860000610351562,65357900,0.0,0.0
2020-10-22 00:00:00-04:00,28.149999618530273,28.280000686645508,26.809999465942383,27.3799991607666,72173300,0.0,0.0
2020-10-23 00:00:00-04:00,27.3700008392334,27.420000076293945,26.479999542236328,27.15999984741211,51784000,0.0,0.0
2020-10-26 00:00:00-04:00,26.610000610351562,27.350000381469727,25.459999084472656,26.010000228881836,72610300,0.0,0.0
2020-10-27 00:00:00-04:00,26.209999084472656,28.459999084472656,26.030000686645508,28.440000534057617,104257700,0.0,0.0
2020-10-28 00:00:00-04:00,27.920000076293945,28.100000381469727,26.510000228881836,27.510000228881836,89374900,0.0,0.0
2020-10-29 00:00:00-04:00,28.520000457763672,32.20000076293945,28.31999969482422,31.989999771118164,214034700,0.0,0.0
2020-10-30 00:00:00-04:00,31.389999389648438,31.59000015258789,30.030000686645508,30.579999923706055,136607400,0.0,0.0
2020-11-02 00:00:00-05:00,33.95000076293945,34.939998626708984,31.68000030517578,33.31999969482422,265719900,0.0,0.0
2020-11-03 00:00:00-05:00,33.56999969482422,35.869998931884766,32.779998779296875,35.5,217608100,0.0,0.0
2020-11-04 00:00:00-05:00,37.439998626708984,39.75,35.81999969482422,37.709999084472656,339385900,0.0,0.0
2020-11-05 00:00:00-05:00,38.779998779296875,42.4900016784668,38.25,42.349998474121094,302472600,0.0,0.0
2020-11-06 00:00:00-05:00,41.09000015258789,43.29999923706055,40.04999923706055,41.630001068115234,288784300,0.0,0.0
2020-11-09 00:00:00-05:00,41.650001525878906,45.290000915527344,40.380001068115234,44.02000045776367,218733300,0.0,0.0
2020-11-10 00:00:00-05:00,44.5,45.20000076293945,38.11000061035156,41.54999923706055,237403600,0.0,0.0
2020-11-11 00:00:00-05:00,39.709999084472656,43.22999954223633,38.63999938964844,43.08000183105469,179581200,0.0,0.0
2020-11-12 00:00:00-05:00,44.47999954223633,49.349998474121094,43.95000076293945,48.29999923706055,345932900,0.0,0.0
2020-11-13 00:00:00-05:00,51.290000915527344,54.20000076293945,40.54999923706055,44.560001373291016,577185100,0.0,0.0
2020-11-16 00:00:00-05:00,41.119998931884766,45.849998474121094,41.099998474121094,45.58000183105469,306209100,0.0,0.0
2020-11-17 00:00:00-05:00,47.56999969482422,49.369998931884766,44.959999084472656,46.59000015258789,345578500,0.0,0.0
2020-11-18 00:00:00-05:00,45.75,46.720001220703125,42.5,45.060001373291016,271678300,0.0,0.0
2020-11-19 00:00:00-05:00,45.36000061035156,48.91999816894531,44.68000030517578,48.45000076293945,233779100,0.0,0.0
2020-11-20 00:00:00-05:00,48.27000045776367,50.59000015258789,47.880001068115234,49.25,209106300,0.0,0.0
2020-11-23 00:00:00-05:00,50.86000061035156,55.70000076293945,50.47999954223633,55.380001068115234,270203000,0.0,0.0
2020-11-24 00:00:00-05:00,56.9900016784668,57.20000076293945,51.5,53.5099983215332,243669700,0.0,0.0
2020-11-25 00:00:00-05:00,49.97999954223633,53.9900016784668,49.25,53.689998626708984,204508500,0.0,0.0
2020-11-27 00:00:00-05:00,54.86000061035156,55.54999923706055,52.599998474121094,54.0,105795100,0.0,0.0
2020-11-30 00:00:00-05:00,54.209999084472656,54.38999938964844,48.18000030517578,50.529998779296875,179765400,0.0,0.0
2020-12-01 00:00:00-05:00,52.02000045776367,52.099998474121094,44.04999923706055,45.36000061035156,246472300,0.0,0.0
2020-12-02 00:00:00-05:00,40.15999984741211,48.0,38.43000030517578,47.97999954223633,313028300,0.0,0.0
2020-12-03 00:00:00-05:00,47.900001525878906,48.650001525878906,45.209999084472656,45.349998474121094,173424000,0.0,0.0
2020-12-04 00:00:00-05:00,44.65999984741211,45.15999984741211,41.650001525878906,43.040000915527344,191969900,0.0,0.0
2020-12-07 00:00:00-05:00,42.5,46.31999969482422,42.40999984741211,45.11000061035156,165048500,0.0,0.0
2020-12-08 00:00:00-05:00,47.209999084472656,48.29999923706055,45.66999816894531,46.560001373291016,115799600,0.0,0.0
2020-12-09 00:00:00-05:00,47.08000183105469,47.20000076293945,42.959999084472656,44.0099983215332,121387900,0.0,0.0
2020-12-10 00:00:00-05:00,42.439998626708984,45.66999816894531,41.88999938964844,45.220001220703125,107376800,0.0,0.0
2020-12-11 00:00:00-05:00,42.47999954223633,43.630001068115234,41.2599983215332,41.97999954223633,147076100,0.0,0.0
2020-12-14 00:00:00-05:00,39.939998626708984,41.47999954223633,39.5099983215332,40.97999954223633,171598200,0.0,0.0
2020-12-15 00:00:00-05:00,42.470001220703125,43.84000015258789,41.27000045776367,43.5,132336900,0.0,0.0
2020-12-16 00:00:00-05:00,44.25,45.2599983215332,43.33000183105469,44.66999816894531,120109600,0.0,0.0
2020-12-17 00:00:00-05:00,45.16999816894531,46.04999923706055,43.900001525878906,46.0,130003700,0.0,0.0
2020-12-18 00:00:00-05:00,45.88999938964844,48.0,45.52000045776367,46.720001220703125,126251100,0.0,0.0
2020-12-21 00:00:00-05:00,45.630001068115234,49.4900016784668,45.02000045776367,48.95000076293945,132558100,0.0,0.0
2020-12-22 00:00:00-05:00,49.61000061035156,49.84000015258789,46.529998779296875,47.58000183105469,117118300,0.0,0.0
2020-12-23 00:00:00-05:00,47.47999954223633,48.36000061035156,45.810001373291016,47.0099983215332,81247900,0.0,0.0
2020-12-24 00:00:00-05:00,46.880001068115234,47.130001068115234,45.349998474121094,45.77000045776367,60582500,0.0,0.0
2020-12-28 00:00:00-05:00,46.66999816894531,46.849998474121094,43.66999816894531,44.060001373291016,105078000,0.0,0.0
2020-12-29 00:00:00-05:00,43.70000076293945,46.279998779296875,42.22999954223633,46.13999938964844,120689900,0.0,0.0
2020-12-30 00:00:00-05:00,46.5,48.380001068115234,45.720001220703125,48.380001068115234,116691700,0.0,0.0
2020-12-31 00:00:00-05:00,48.459999084472656,50.5,47.77000045776367,48.7400016784668,129344300,0.0,0.0
2021-01-04 00:00:00-05:00,51.20000076293945,54.45000076293945,50.66999816894531,53.4900016784668,213109700,0.0,0.0
2021-01-05 00:00:00-05:00,51.970001220703125,53.75,50.400001525878906,53.20000076293945,147474800,0.0,0.0
2021-01-06 00:00:00-05:00,54.02000045776367,55.279998779296875,49.08000183105469,50.5,176397700,0.0,0.0
2021-01-07 00:00:00-05:00,53.04999923706055,54.61000061035156,52.349998474121094,54.279998779296875,119429200,0.0,0.0
2021-01-08 00:00:00-05:00,57.7599983215332,59.310001373291016,55.880001068115234,58.91999816894531,218512800,0.0,0.0
2021-01-11 00:00:00-05:00,64.94999694824219,66.98999786376953,62.189998626708984,62.70000076293945,279770300,0.0,0.0
2021-01-12 00:00:00-05:00,61.41999816894531,64.12999725341797,60.41999816894531,62.040000915527344,184319300,0.0,0.0
2021-01-13 00:00:00-05:00,62.939998626708984,64.41000366210938,61.40999984741211,62.150001525878906,116059200,0.0,0.0
2021-01-14 00:00:00-05:00,62.630001068115234,63.22999954223633,60.040000915527344,60.869998931884766,99338400,0.0,0.0
2021-01-15 00:00:00-05:00,59.84000015258789,60.220001220703125,55.66999816894531,56.27000045776367,132247900,0.0,0.0
2021-01-19 00:00:00-05:00,58.209999084472656,59.0099983215332,56.40999984741211,58.439998626708984,99561100,0.0,0.0
2021-01-20 00:00:00-05:00,59.849998474121094,60.09000015258789,56.189998626708984,57.709999084472656,94983600,0.0,0.0
2021-01-21 00:00:00-05:00,57.02000045776367,58.58000183105469,55.880001068115234,58.34000015258789,73119500,0.0,0.0
2021-01-22 00:00:00-05:00,58.95000076293945,62.16999816894531,58.31999969482422,61.95000076293945,133918100,0.0,0.0
2021-01-25 00:00:00-05:00,64.05000305175781,64.5199966430664,58.349998474121094,59.9900016784668,111986400,0.0,0.0
2021-01-26 00:00:00-05:00,60.040000915527344,60.66999816894531,58.63999938964844,60.310001373291016,70393300,0.0,0.0
2021-01-27 00:00:00-05:00,57.95000076293945,59.790000915527344,56.599998474121094,57.150001525878906,73078300,0.0,0.0
2021-01-28 00:00:00-05:00,56.7599983215332,59.459999084472656,55.150001525878906,58.369998931884766,73955100,0.0,0.0
2021-01-29 00:00:00-05:00,59.029998779296875,60.709999084472656,56.439998626708984,57.0,78678200,0.0,0.0
2021-02-01 00:00:00-05:00,59.06999969482422,59.119998931884766,54.369998931884766,56.9900016784668,79878700,0.0,0.0
2021-02-02 00:00:00-05:00,57.060001373291016,57.540000915527344,54.5099983215332,55.77000045776367,66234100,0.0,0.0
2021-02-03 00:00:00-05:00,55.959999084472656,58.720001220703125,54.84000015258789,57.97999954223633,80122300,0.0,0.0
2021-02-04 00:00:00-05:00,58.790000915527344,59.20000076293945,57.11000061035156,57.599998474121094,48667900,0.0,0.0
2021-02-05 00:00:00-05:00,57.7400016784668,57.97999954223633,56.0099983215332,56.66999816894531,43057500,0.0,0.0
2021-02-08 00:00:00-05:00,57.08000183105469,59.52000045776367,56.18000030517578,59.06999969482422,64030100,0.0,0.0
2021-02-09 00:00:00-05:00,58.95000076293945,63.099998474121094,58.2400016784668,62.84000015258789,97246500,0.0,0.0
2021-02-10 00:00:00-05:00,62.54999923706055,64.5999984741211,60.33000183105469,61.2599983215332,90366700,0.0,0.0
2021-02-11 00:00:00-05:00,61.689998626708984,63.060001373291016,59.810001373291016,60.27000045776367,55732800,0.0,0.0
2021-02-12 00:00:00-05:00,60.2599983215332,61.04999923706055,59.099998474121094,59.849998474121094,40233100,0.0,0.0
2021-02-16 00:00:00-05:00,60.400001525878906,62.13999938964844,58.650001525878906,59.22999954223633,55084100,0.0,0.0
2021-02-17 00:00:00-05:00,57.91999816894531,58.029998779296875,55.900001525878906,57.31999969482422,64196800,0.0,0.0
2021-02-18 00:00:00-05:00,55.45000076293945,56.380001068115234,52.599998474121094,54.43000030517578,62505700,0.0,0.0
2021-02-19 00:00:00-05:00,55.720001220703125,56.040000915527344,54.099998474121094,55.040000915527344,43020700,0.0,0.0
2021-02-22 00:00:00-05:00,54.18000030517578,54.369998931884766,50.400001525878906,50.68000030517578,68831300,0.0,0.0
2021-02-23 00:00:00-05:00,45.619998931884766,49.66999816894531,41.65999984741211,49.11000061035156,142544300,0.0,0.0
2021-02-24 00:00:00-05:00,49.310001373291016,52.06999969482422,47.75,51.86000061035156,82488600,0.0,0.0
2021-02-25 00:00:00-05:00,51.599998474121094,51.849998474121094,46.0099983215332,46.810001373291016,95513800,0.0,0.0
2021-02-26 00:00:00-05:00,47.0,47.95000076293945,44.619998931884766,45.779998779296875,100315500,0.0,0.0
2021-03-01 00:00:00-05:00,48.54999923706055,50.41999816894531,47.630001068115234,49.7599983215332,94238500,0.0,0.0
2021-03-02 00:00:00-05:00,46.11000061035156,47.130001068115234,42.65999984741211,43.290000915527344,161334000,0.0,0.0
2021-03-03 00:00:00-05:00,44.58000183105469,45.08000183105469,41.11000061035156,41.529998779296875,107863400,0.0,0.0
2021-03-04 00:00:00-05:00,40.4900016784668,42.43000030517578,37.59000015258789,39.279998779296875,205872700,0.0,0.0
2021-03-05 00:00:00-05:00,39.2400016784668,39.869998931884766,31.90999984741211,38.11000061035156,270803200,0.0,0.0
2021-03-08 00:00:00-05:00,36.970001220703125,39.47999954223633,34.900001525878906,35.209999084472656,143074800,0.0,0.0
2021-03-09 00:00:00-05:00,37.47999954223633,42.08000183105469,36.52000045776367,41.349998474121094,176602600,0.0,0.0
2021-03-10 00:00:00-05:00,43.5,45.2599983215332,40.25,41.31999969482422,190801800,0.0,0.0
2021-03-11 00:00:00-05:00,44.439998626708984,46.15999984741211,42.79999923706055,46.029998779296875,134788000,0.0,0.0
2021-03-12 00:00:00-05:00,43.5099983215332,45.79999923706055,42.7599983215332,45.5,113460100,0.0,0.0
2021-03-15 00:00:00-04:00,45.54999923706055,46.290000915527344,44.380001068115234,44.93000030517578,74013600,0.0,0.0
2021-03-16 00:00:00-04:00,45.040000915527344,45.65999984741211,43.16999816894531,43.68000030517578,84361400,0.0,0.0
2021-03-17 00:00:00-04:00,41.900001525878906,45.02000045776367,41.33000183105469,44.7599983215332,96150000,0.0,0.0
2021-03-18 00:00:00-04:00,43.29999923706055,44.2599983215332,41.45000076293945,41.630001068115234,71159900,0.0,0.0
2021-03-19 00:00:00-04:00,41.439998626708984,43.400001525878906,40.439998626708984,43.349998474121094,97657200,0.0,0.0
2021-03-22 00:00:00-04:00,44.06999969482422,44.560001373291016,42.58000183105469,42.939998626708984,72838500,0.0,0.0
2021-03-23 00:00:00-04:00,42.58000183105469,43.11000061035156,40.97999954223633,41.18000030517578,58542300,0.0,0.0
2021-03-24 00:00:00-04:00,41.20000076293945,41.290000915527344,36.58000183105469,36.959999084472656,130695000,0.0,0.0
2021-03-25 00:00:00-04:00,35.2400016784668,39.189998626708984,35.119998931884766,37.939998626708984,118082000,0.0,0.0
2021-03-26 00:00:00-04:00,35.650001525878906,36.650001525878906,34.0,36.130001068115234,163039700,0.0,0.0
2021-03-29 00:00:00-04:00,35.2599983215332,36.84000015258789,34.5,35.5099983215332,83188200,0.0,0.0
2021-03-30 00:00:00-04:00,35.20000076293945,37.959999084472656,34.61000061035156,37.54999923706055,106153500,0.0,0.0
2021-03-31 00:00:00-04:00,38.959999084472656,39.25,37.45000076293945,38.97999954223633,98298400,0.0,0.0
2021-04-01 00:00:00-04:00,41.560001373291016,42.060001373291016,39.25,39.65999984741211,116305500,0.0,0.0
2021-04-05 00:00:00-04:00,40.540000915527344,40.650001525878906,38.720001220703125,39.310001373291016,71418400,0.0,0.0
2021-04-06 00:00:00-04:00,38.83000183105469,40.38999938964844,38.41999816894531,40.0,67969400,0.0,0.0
2021-04-07 00:00:00-04:00,39.70000076293945,39.849998474121094,36.95000076293945,37.27000045776367,80022800,0.0,0.0
2021-04-08 00:00:00-04:00,37.619998931884766,39.18000030517578,37.470001220703125,38.70000076293945,63692000,0.0,0.0
2021-04-09 00:00:00-04:00,38.349998474121094,38.36000061035156,37.0099983215332,38.119998931884766,69272700,0.0,0.0
2021-04-12 00:00:00-04:00,37.959999084472656,38.0,36.7599983215332,37.13999938964844,53428100,0.0,0.0
2021-04-13 00:00:00-04:00,37.47999954223633,38.65999984741211,37.33000183105469,38.47999954223633,62005700,0.0,0.0
2021-04-14 00:00:00-04:00,39.22999954223633,39.33000183105469,36.790000915527344,37.02000045776367,78454000,0.0,0.0
2021-04-15 00:00:00-04:00,37.02000045776367,37.060001373291016,34.560001373291016,35.65999984741211,100437400,0.0,0.0
2021-04-16 00:00:00-04:00,34.689998626708984,36.540000915527344,34.060001373291016,36.09000015258789,84477400,0.0,0.0
2021-04-19 00:00:00-04:00,36.779998779296875,37.540000915527344,35.36000061035156,36.779998779296875,92190700,0.0,0.0
2021-04-20 00:00:00-04:00,37.16999816894531,37.81999969482422,35.939998626708984,36.93000030517578,71208600,0.0,0.0
2021-04-21 00:00:00-04:00,36.529998779296875,38.959999084472656,36.15999984741211,38.900001525878906,77449200,0.0,0.0
2021-04-22 00:00:00-04:00,38.9900016784668,40.45000076293945,38.4900016784668,39.56999969482422,115802700,0.0,0.0
2021-04-23 00:00:00-04:00,40.20000076293945,41.20000076293945,39.540000915527344,41.08000183105469,70342400,0.0,0.0
2021-04-26 00:00:00-04:00,41.959999084472656,43.220001220703125,40.86000061035156,42.619998931884766,88233500,0.0,0.0
2021-04-27 00:00:00-04:00,43.02000045776367,43.130001068115234,41.02000045776367,41.209999084472656,69998800,0.0,0.0
2021-04-28 00:00:00-04:00,40.7400016784668,41.95000076293945,40.439998626708984,41.189998626708984,57639600,0.0,0.0
2021-04-29 00:00:00-04:00,41.380001068115234,41.4900016784668,38.72999954223633,38.9900016784668,82660700,0.0,0.0
2021-04-30 00:00:00-04:00,37.72999954223633,41.220001220703125,37.349998474121094,39.84000015258789,116728700,0.0,0.0
2021-05-03 00:00:00-04:00,40.34000015258789,41.45000076293945,39.310001373291016,39.540000915527344,80089600,0.0,0.0
2021-05-04 00:00:00-04:00,38.9900016784668,39.31999969482422,36.91999816894531,37.93000030517578,78256800,0.0,0.0
2021-05-05 00:00:00-04:00,38.34000015258789,38.70000076293945,37.34000015258789,37.709999084472656,56336200,0.0,0.0
2021-05-06 00:00:00-04:00,37.4900016784668,38.040000915527344,35.77000045776367,36.68000030517578,71656000,0.0,0.0
2021-05-07 00:00:00-04:00,37.16999816894531,38.040000915527344,36.619998931884766,36.939998626708984,55551700,0.0,0.0
2021-05-10 00:00:00-04:00,36.779998779296875,36.790000915527344,34.29999923706055,34.33000183105469,92293900,0.0,0.0
2021-05-11 00:00:00-04:00,32.45000076293945,35.459999084472656,32.20000076293945,34.869998931884766,113418900,0.0,0.0
2021-05-12 00:00:00-04:00,34.380001068115234,35.130001068115234,33.47999954223633,33.68000030517578,75993700,0.0,0.0
2021-05-13 00:00:00-04:00,33.849998474121094,34.27000045776367,30.709999084472656,31.219999313354492,113686700,0.0,0.0
2021-05-14 00:00:00-04:00,31.940000534057617,33.689998626708984,31.559999465942383,33.41999816894531,80214300,0.0,0.0
2021-05-17 00:00:00-04:00,33.33000183105469,34.15999984741211,32.81999969482422,33.810001373291016,64020000,0.0,0.0
2021-05-18 00:00:00-04:00,34.0099983215332,34.779998779296875,33.2599983215332,34.189998626708984,64929500,0.0,0.0
2021-05-19 00:00:00-04:00,32.97999954223633,33.459999084472656,32.59000015258789,33.459999084472656,68799800,0.0,0.0
2021-05-20 00:00:00-04:00,33.97999954223633,34.5099983215332,33.63999938964844,34.33000183105469,48991700,0.0,0.0
2021-05-21 00:00:00-04:00,34.65999984741211,34.779998779296875,33.869998931884766,34.060001373291016,49568800,0.0,0.0
2021-05-24 00:00:00-04:00,34.2599983215332,36.4900016784668,33.560001373291016,35.88999938964844,67244400,0.0,0.0
2021-05-25 00:00:00-04:00,36.31999969482422,37.63999938964844,35.689998626708984,36.06999969482422,76628000,0.0,0.0
2021-05-26 00:00:00-04:00,36.25,38.08000183105469,36.06999969482422,37.7599983215332,55929000,0.0,0.0
2021-05-27 00:00:00-04:00,37.95000076293945,38.97999954223633,37.18000030517578,38.90999984741211,53064400,0.0,0.0
2021-05-28 00:00:00-04:00,38.7400016784668,39.7599983215332,38.16999816894531,38.619998931884766,58236000,0.0,0.0
2021-06-01 00:00:00-04:00,39.9900016784668,42.439998626708984,39.939998626708984,42.34000015258789,101544100,0.0,0.0
2021-06-02 00:00:00-04:00,42.150001525878906,42.880001068115234,40.95000076293945,41.15999984741211,66383500,0.0,0.0
2021-06-03 00:00:00-04:00,40.68000030517578,42.369998931884766,40.310001373291016,40.900001525878906,62437200,0.0,0.0
2021-06-04 00:00:00-04:00,41.43000030517578,42.33000183105469,41.150001525878906,41.939998626708984,40993600,0.0,0.0
2021-06-07 00:00:00-04:00,41.66999816894531,43.900001525878906,41.439998626708984,43.68000030517578,53261300,0.0,0.0
2021-06-08 00:00:00-04:00,44.459999084472656,44.88999938964844,42.81999969482422,43.560001373291016,50332300,0.0,0.0
2021-06-09 00:00:00-04:00,43.529998779296875,44.439998626708984,42.72999954223633,42.7400016784668,36364000,0.0,0.0
2021-06-10 00:00:00-04:00,42.66999816894531,43.43000030517578,42.15999984741211,42.7599983215332,34757300,0.0,0.0
2021-06-11 00:00:00-04:00,42.93000030517578,46.2599983215332,42.7599983215332,45.68000030517578,85733900,0.0,0.0
2021-06-14 00:00:00-04:00,45.95000076293945,47.25,45.58000183105469,46.54999923706055,65288400,0.0,0.0
2021-06-15 00:00:00-04:00,46.209999084472656,46.380001068115234,45.040000915527344,45.150001525878906,44755600,0.0,0.0
2021-06-16 00:00:00-04:00,44.22999954223633,45.130001068115234,43.77000045776367,45.02000045776367,47381500,0.0,0.0
2021-06-17 00:00:00-04:00,45.04999923706055,47.7599983215332,44.86000061035156,47.36000061035156,64895500,0.0,0.0
2021-06-18 00:00:00-04:00,47.68000030517578,48.369998931884766,46.59000015258789,46.90999984741211,90778400,0.0,0.0
2021-06-21 00:00:00-04:00,46.54999923706055,46.9900016784668,45.06999969482422,46.5099983215332,44475700,0.0,0.0
2021-06-22 00:00:00-04:00,45.86000061035156,46.54999923706055,43.810001373291016,44.099998474121094,61387300,0.0,0.0
2021-06-23 00:00:00-04:00,44.970001220703125,45.97999954223633,44.61000061035156,45.40999984741211,39493500,0.0,0.0
2021-06-24 00:00:00-04:00,45.90999984741211,46.59000015258789,45.2400016784668,45.459999084472656,37680700,0.0,0.0
2021-06-25 00:00:00-04:00,45.779998779296875,45.939998626708984,44.880001068115234,45.06999969482422,32605400,0.0,0.0
2021-06-28 00:00:00-04:00,45.720001220703125,49.650001525878906,45.54999923706055,49.400001525878906,90202800,0.0,0.0
2021-06-29 00:00:00-04:00,49.150001525878906,50.61000061035156,48.54999923706055,50.34000015258789,64800100,0.0,0.0
2021-06-30 00:00:00-04:00,50.58000183105469,53.84000015258789,50.54999923706055,53.20000076293945,92031100,0.0,0.0
2021-07-01 00:00:00-04:00,54.77000045776367,55.130001068115234,50.27000045776367,50.900001525878906,124253000,0.0,0.0
2021-07-02 00:00:00-04:00,51.2599983215332,51.470001220703125,48.529998779296875,50.400001525878906,78631100,0.0,0.0
2021-07-06 00:00:00-04:00,49.400001525878906,51.7400016784668,49.18000030517578,50.290000915527344,67705500,0.0,0.0
2021-07-07 00:00:00-04:00,50.20000076293945,50.54999923706055,45.75,46.040000915527344,85812800,0.0,0.0
2021-07-08 00:00:00-04:00,43.86000061035156,46.2599983215332,42.72999954223633,45.599998474121094,93774800,0.0,0.0
2021-07-09 00:00:00-04:00,46.709999084472656,47.0099983215332,44.58000183105469,45.529998779296875,64622800,0.0,0.0
2021-07-12 00:00:00-04:00,45.970001220703125,46.81999969482422,44.599998474121094,46.34000015258789,54668300,0.0,0.0
2021-07-13 00:00:00-04:00,46.20000076293945,46.90999984741211,44.93000030517578,44.959999084472656,44689100,0.0,0.0
2021-07-14 00:00:00-04:00,44.84000015258789,45.16999816894531,42.68000030517578,43.04999923706055,56805800,0.0,0.0
2021-07-15 00:00:00-04:00,43.2599983215332,44.77000045776367,42.68000030517578,43.68000030517578,55860400,0.0,0.0
2021-07-16 00:00:00-04:00,43.849998474121094,44.400001525878906,42.400001525878906,42.79999923706055,49929500,0.0,0.0
2021-07-19 00:00:00-04:00,41.4900016784668,43.66999816894531,40.47999954223633,43.349998474121094,65290100,0.0,0.0
2021-07-20 00:00:00-04:00,43.599998474121094,44.40999984741211,42.43000030517578,44.16999816894531,37932300,0.0,0.0
2021-07-21 00:00:00-04:00,44.099998474121094,47.380001068115234,44.0,46.77000045776367,59851700,0.0,0.0
2021-07-22 00:00:00-04:00,46.959999084472656,47.380001068115234,45.470001220703125,46.06999969482422,38936400,0.0,0.0
2021-07-23 00:00:00-04:00,43.66999816894531,44.5,42.5,43.9900016784668,49559100,0.0,0.0
2021-07-26 00:00:00-04:00,42.66999816894531,44.880001068115234,41.93000030517578,43.16999816894531,54759200,0.0,0.0
2021-07-27 00:00:00-04:00,42.439998626708984,43.29999923706055,38.65999984741211,39.36000061035156,102714000,0.0,0.0
2021-07-28 00:00:00-04:00,40.90999984741211,42.0,39.790000915527344,41.84000015258789,59207200,0.0,0.0
2021-07-29 00:00:00-04:00,42.25,43.29999923706055,41.63999938964844,42.619998931884766,46847600,0.0,0.0
2021-07-30 00:00:00-04:00,42.22999954223633,45.20000076293945,41.529998779296875,44.68000030517578,66262700,0.0,0.0
2021-08-02 00:00:00-04:00,44.650001525878906,46.779998779296875,44.29999923706055,45.849998474121094,68453300,0.0,0.0
2021-08-03 00:00:00-04:00,45.22999954223633,45.79999923706055,43.7599983215332,44.56999969482422,46029300,0.0,0.0
2021-08-04 00:00:00-04:00,45.470001220703125,45.79999923706055,44.560001373291016,45.09000015258789,35453600,0.0,0.0
2021-08-05 00:00:00-04:00,44.75,46.29999923706055,44.02000045776367,45.599998474121094,33362600,0.0,0.0
2021-08-06 00:00:00-04:00,45.54999923706055,45.79999923706055,43.45000076293945,43.84000015258789,38016400,0.0,0.0
2021-08-09 00:00:00-04:00,43.70000076293945,45.47999954223633,43.70000076293945,45.209999084472656,30548700,0.0,0.0
2021-08-10 00:00:00-04:00,45.470001220703125,46.380001068115234,44.099998474121094,44.220001220703125,29572800,0.0,0.0
2021-08-11 00:00:00-04:00,44.709999084472656,45.119998931884766,43.150001525878906,43.970001220703125,33805200,0.0,0.0
2021-08-12 00:00:00-04:00,44.349998474121094,44.400001525878906,41.54999923706055,42.470001220703125,50685600,0.0,0.0
2021-08-13 00:00:00-04:00,41.900001525878906,42.279998779296875,40.61000061035156,41.029998779296875,39161100,0.0,0.0
2021-08-16 00:00:00-04:00,39.459999084472656,39.599998474121094,38.06999969482422,38.619998931884766,66407900,0.0,0.0
2021-08-17 00:00:00-04:00,37.459999084472656,39.02000045776367,36.83000183105469,38.099998474121094,60838000,0.0,0.0
2021-08-18 00:00:00-04:00,38.4900016784668,39.630001068115234,37.95000076293945,38.86000061035156,48277600,0.0,0.0
2021-08-19 00:00:00-04:00,37.88999938964844,38.150001525878906,36.2400016784668,36.290000915527344,56718000,0.0,0.0
2021-08-20 00:00:00-04:00,36.630001068115234,37.900001525878906,36.599998474121094,36.91999816894531,43491300,0.0,0.0
2021-08-23 00:00:00-04:00,37.439998626708984,38.380001068115234,37.040000915527344,38.16999816894531,39610100,0.0,0.0
2021-08-24 00:00:00-04:00,39.2400016784668,39.61000061035156,38.630001068115234,38.939998626708984,37927500,0.0,0.0
2021-08-25 00:00:00-04:00,38.65999984741211,39.13999938964844,38.18000030517578,38.95000076293945,25641300,0.0,0.0
2021-08-26 00:00:00-04:00,38.630001068115234,39.7400016784668,37.81999969482422,38.2599983215332,34432000,0.0,0.0
2021-08-27 00:00:00-04:00,38.22999954223633,38.470001220703125,37.83000183105469,38.04999923706055,23496700,0.0,0.0
2021-08-30 00:00:00-04:00,38.16999816894531,38.279998779296875,36.63999938964844,37.79999923706055,38128000,0.0,0.0
2021-08-31 00:00:00-04:00,38.2400016784668,39.38999938964844,37.900001525878906,39.310001373291016,44942200,0.0,0.0
2021-09-01 00:00:00-04:00,37.4900016784668,39.93000030517578,37.20000076293945,39.08000183105469,56911500,0.0,0.0
2021-09-02 00:00:00-04:00,39.06999969482422,41.02000045776367,38.900001525878906,40.349998474121094,43827700,0.0,0.0
2021-09-03 00:00:00-04:00,40.11000061035156,40.970001220703125,39.83000183105469,40.369998931884766,30353900,0.0,0.0
2021-09-07 00:00:00-04:00,40.849998474121094,41.86000061035156,40.59000015258789,40.59000015258789,35292600,0.0,0.0
2021-09-08 00:00:00-04:00,39.16999816894531,39.43000030517578,37.810001373291016,38.13999938964844,51800000,0.0,0.0
2021-09-09 00:00:00-04:00,37.97999954223633,38.849998474121094,37.54999923706055,38.45000076293945,33812000,0.0,0.0
2021-09-10 00:00:00-04:00,38.619998931884766,39.52000045776367,37.900001525878906,37.97999954223633,29273600,0.0,0.0
2021-09-13 00:00:00-04:00,38.0099983215332,38.38999938964844,36.560001373291016,38.38999938964844,38410000,0.0,0.0
2021-09-14 00:00:00-04:00,38.4900016784668,39.400001525878906,37.689998626708984,37.88999938964844,30857200,0.0,0.0
2021-09-15 00:00:00-04:00,38.0,38.150001525878906,36.95000076293945,38.029998779296875,27049400,0.0,0.0
2021-09-16 00:00:00-04:00,37.540000915527344,37.66999816894531,36.7400016784668,37.09000015258789,33023100,0.0,0.0
2021-09-17 00:00:00-04:00,37.29999923706055,37.56999969482422,36.970001220703125,37.5099983215332,29557200,0.0,0.0
2021-09-20 00:00:00-04:00,36.11000061035156,36.31999969482422,34.540000915527344,35.16999816894531,57611700,0.0,0.0
2021-09-21 00:00:00-04:00,35.52000045776367,35.81999969482422,34.880001068115234,34.900001525878906,31706600,0.0,0.0
2021-09-22 00:00:00-04:00,35.209999084472656,35.83000183105469,35.119998931884766,35.70000076293945,26608000,0.0,0.0
2021-09-23 00:00:00-04:00,36.20000076293945,36.5,35.56999969482422,36.0099983215332,27152700,0.0,0.0
2021-09-24 00:00:00-04:00,35.59000015258789,36.06999969482422,35.20000076293945,35.380001068115234,23755100,0.0,0.0
2021-09-27 00:00:00-04:00,35.43000030517578,36.86000061035156,34.41999816894531,36.77000045776367,36093000,0.0,0.0
2021-09-28 00:00:00-04:00,36.279998779296875,37.029998779296875,34.93000030517578,35.04999923706055,37507900,0.0,0.0
2021-09-29 00:00:00-04:00,35.439998626708984,36.36000061035156,35.02000045776367,35.130001068115234,33553400,0.0,0.0
2021-09-30 00:00:00-04:00,35.630001068115234,35.97999954223633,35.290000915527344,35.630001068115234,25768500,0.0,0.0
2021-10-01 00:00:00-04:00,36.630001068115234,36.66999816894531,35.2599983215332,35.380001068115234,34919900,0.0,0.0
2021-10-04 00:00:00-04:00,35.02000045776367,35.02000045776367,33.279998779296875,33.400001525878906,40823100,0.0,0.0
2021-10-05 00:00:00-04:00,33.29999923706055,34.310001373291016,33.27000045776367,33.869998931884766,26441300,0.0,0.0
2021-10-06 00:00:00-04:00,33.40999984741211,34.15999984741211,33.16999816894531,33.65999984741211,22885100,0.0,0.0
2021-10-07 00:00:00-04:00,35.439998626708984,36.63999938964844,34.90999984741211,35.9900016784668,67945200,0.0,0.0
2021-10-08 00:00:00-04:00,36.439998626708984,36.54999923706055,35.83000183105469,35.83000183105469,31959800,0.0,0.0
2021-10-11 00:00:00-04:00,36.09000015258789,36.52000045776367,35.529998779296875,35.63999938964844,25400100,0.0,0.0
2021-10-12 00:00:00-04:00,35.70000076293945,36.04999923706055,35.18000030517578,35.5099983215332,26592000,0.0,0.0
2021-10-13 00:00:00-04:00,35.779998779296875,36.68000030517578,35.470001220703125,36.2400016784668,33439600,0.0,0.0
2021-10-14 00:00:00-04:00,36.209999084472656,36.45000076293945,35.599998474121094,36.279998779296875,29898400,0.0,0.0
2021-10-15 00:00:00-04:00,36.9900016784668,38.290000915527344,36.939998626708984,37.709999084472656,48169000,0.0,0.0
2021-10-18 00:00:00-04:00,37.4900016784668,39.84000015258789,37.27000045776367,39.61000061035156,43499400,0.0,0.0
2021-10-19 00:00:00-04:00,40.27000045776367,40.900001525878906,39.560001373291016,40.029998779296875,37820000,0.0,0.0
2021-10-20 00:00:00-04:00,39.970001220703125,40.34000015258789,39.15999984741211,39.779998779296875,25120700,0.0,0.0
2021-10-21 00:00:00-04:00,39.5099983215332,40.599998474121094,39.369998931884766,39.970001220703125,25389100,0.0,0.0
2021-10-22 00:00:00-04:00,39.959999084472656,40.38999938964844,38.540000915527344,38.880001068115234,28015500,0.0,0.0
2021-10-25 00:00:00-04:00,39.400001525878906,41.41999816894531,39.2400016784668,41.27000045776367,46935600,0.0,0.0
2021-10-26 00:00:00-04:00,41.290000915527344,42.61000061035156,40.470001220703125,40.470001220703125,55875400,0.0,0.0
2021-10-27 00:00:00-04:00,40.900001525878906,41.279998779296875,39.2599983215332,39.310001373291016,28750900,0.0,0.0
2021-10-28 00:00:00-04:00,39.529998779296875,40.79999923706055,39.189998626708984,40.790000915527344,32774200,0.0,0.0
2021-10-29 00:00:00-04:00,40.25,40.54999923706055,39.209999084472656,39.40999984741211,33423100,0.0,0.0
2021-11-01 00:00:00-04:00,38.11000061035156,40.84000015258789,38.11000061035156,40.84000015258789,53062500,0.0,0.0
2021-11-02 00:00:00-04:00,40.470001220703125,42.4900016784668,40.20000076293945,41.29999923706055,46243600,0.0,0.0
2021-11-03 00:00:00-04:00,41.97999954223633,42.40999984741211,40.630001068115234,41.5,34202100,0.0,0.0
2021-11-04 00:00:00-04:00,42.7599983215332,44.0,42.5,43.119998931884766,53634400,0.0,0.0
2021-11-05 00:00:00-04:00,43.52000045776367,43.52000045776367,41.81999969482422,42.290000915527344,33048700,0.0,0.0
2021-11-08 00:00:00-05:00,42.650001525878906,44.27000045776367,42.279998779296875,43.20000076293945,38487900,0.0,0.0
2021-11-09 00:00:00-05:00,43.4900016784668,43.79999923706055,40.599998474121094,40.63999938964844,49158000,0.0,0.0
2021-11-10 00:00:00-05:00,40.88999938964844,42.09000015258789,38.83000183105469,39.54999923706055,48507300,0.0,0.0
2021-11-11 00:00:00-05:00,40.88999938964844,42.220001220703125,40.349998474121094,42.20000076293945,39934000,0.0,0.0
2021-11-12 00:00:00-05:00,42.689998626708984,43.54999923706055,41.90999984741211,42.66999816894531,34743100,0.0,0.0
2021-11-15 00:00:00-05:00,42.599998474121094,42.689998626708984,40.02000045776367,40.56999969482422,47571700,0.0,0.0
2021-11-16 00:00:00-05:00,40.88999938964844,41.29999923706055,40.02000045776367,40.66999816894531,37099000,0.0,0.0
2021-11-17 00:00:00-05:00,40.56999969482422,40.91999816894531,39.06999969482422,39.66999816894531,35829900,0.0,0.0
2021-11-18 00:00:00-05:00,39.0,39.439998626708984,37.45000076293945,38.40999984741211,42260200,0.0,0.0
2021-11-19 00:00:00-05:00,38.59000015258789,39.099998474121094,38.0,38.65999984741211,30069100,0.0,0.0
2021-11-22 00:00:00-05:00,40.41999816894531,42.84000015258789,40.25,41.4900016784668,70987500,0.0,0.0
2021-11-23 00:00:00-05:00,41.5,43.119998931884766,40.470001220703125,42.040000915527344,55094300,0.0,0.0
2021-11-24 00:00:00-05:00,41.70000076293945,42.5099983215332,40.88999938964844,41.41999816894531,33467200,0.0,0.0
2021-11-26 00:00:00-05:00,39.400001525878906,40.34000015258789,39.099998474121094,39.9900016784668,30468500,0.0,0.0
2021-11-29 00:00:00-05:00,40.849998474121094,41.20000076293945,39.4900016784668,40.459999084472656,35113900,0.0,0.0
2021-11-30 00:00:00-05:00,40.369998931884766,41.41999816894531,38.349998474121094,39.130001068115234,47970900,0.0,0.0
2021-12-01 00:00:00-05:00,40.40999984741211,40.83000183105469,38.20000076293945,38.310001373291016,48006000,0.0,0.0
2021-12-02 00:00:00-05:00,38.83000183105469,39.68000030517578,34.02000045776367,36.20000076293945,85263200,0.0,0.0
2021-12-03 00:00:00-05:00,34.58000183105469,35.220001220703125,31.5,32.150001525878906,106366600,0.0,0.0
2021-12-06 00:00:00-05:00,32.349998474121094,33.31999969482422,29.65999984741211,32.34000015258789,70041700,0.0,0.0
2021-12-07 00:00:00-05:00,34.439998626708984,34.52000045776367,32.68000030517578,33.119998931884766,51769700,0.0,0.0
2021-12-08 00:00:00-05:00,33.81999969482422,35.29999923706055,33.04999923706055,35.04999923706055,48881000,0.0,0.0
2021-12-09 00:00:00-05:00,34.880001068115234,35.54999923706055,33.900001525878906,34.04999923706055,36271400,0.0,0.0
2021-12-10 00:00:00-05:00,33.900001525878906,34.54999923706055,33.25,34.2599983215332,32196300,0.0,0.0
2021-12-13 00:00:00-05:00,33.68000030517578,34.66999816894531,32.900001525878906,33.65999984741211,31857900,0.0,0.0
2021-12-14 00:00:00-05:00,32.22999954223633,32.380001068115234,31.200000762939453,32.29999923706055,45998500,0.0,0.0
2021-12-15 00:00:00-05:00,31.5,31.84000015258789,29.059999465942383,30.790000915527344,80802100,0.0,0.0
2021-12-16 00:00:00-05:00,31.049999237060547,31.639999389648438,29.75,30.06999969482422,42744100,0.0,0.0
2021-12-17 00:00:00-05:00,29.530000686645508,30.510000228881836,28.020000457763672,30.0,54537300,0.0,0.0
2021-12-20 00:00:00-05:00,29.450000762939453,29.459999084472656,27.790000915527344,28.15999984741211,56945600,0.0,0.0
2021-12-21 00:00:00-05:00,28.729999542236328,30.25,28.670000076293945,30.15999984741211,73653200,0.0,0.0
2021-12-22 00:00:00-05:00,29.559999465942383,30.3799991607666,29.329999923706055,29.850000381469727,38368900,0.0,0.0
2021-12-23 00:00:00-05:00,29.610000610351562,30.799999237060547,28.969999313354492,30.520000457763672,38379700,0.0,0.0
2021-12-27 00:00:00-05:00,30.389999389648438,31.31999969482422,29.809999465942383,29.959999084472656,36081100,0.0,0.0
2021-12-28 00:00:00-05:00,29.8799991607666,30.190000534057617,29.469999313354492,29.6299991607666,28807200,0.0,0.0
2021-12-29 00:00:00-05:00,29.559999465942383,29.6200008392334,27.520000457763672,28.25,51169700,0.0,0.0
2021-12-30 00:00:00-05:00,27.889999389648438,33.040000915527344,27.799999237060547,32.41999816894531,137245800,0.0,0.0
2021-12-31 00:00:00-05:00,32.040000915527344,32.97999954223633,31.65999984741211,31.68000030517578,67569200,0.0,0.0
2022-01-03 00:00:00-05:00,33.52000045776367,33.79999923706055,31.8799991607666,33.470001220703125,64286500,0.0,0.0
2022-01-04 00:00:00-05:00,33.349998474121094,33.38999938964844,31.110000610351562,31.579999923706055,47866800,0.0,0.0
2022-01-05 00:00:00-05:00,30.969999313354492,31.940000534057617,29.780000686645508,29.8799991607666,42442700,0.0,0.0
2022-01-06 00:00:00-05:00,30.010000228881836,30.540000915527344,28.280000686645508,29.309999465942383,48723200,0.0,0.0
2022-01-07 00:00:00-05:00,29.450000762939453,30.420000076293945,28.780000686645508,29.299999237060547,40781500,0.0,0.0
2022-01-10 00:00:00-05:00,29.0,29.15999984741211,27.780000686645508,28.90999984741211,44833600,0.0,0.0
2022-01-11 00:00:00-05:00,28.850000381469727,30.440000534057617,28.469999313354492,30.020000457763672,41475700,0.0,0.0
2022-01-12 00:00:00-05:00,31.200000762939453,31.860000610351562,30.34000015258789,31.68000030517578,54271700,0.0,0.0
2022-01-13 00:00:00-05:00,31.68000030517578,31.850000381469727,30.479999542236328,30.479999542236328,35401300,0.0,0.0
2022-01-14 00:00:00-05:00,30.280000686645508,31.31999969482422,30.079999923706055,30.950000762939453,34862600,0.0,0.0
2022-01-18 00:00:00-05:00,30.030000686645508,30.90999984741211,29.600000381469727,29.610000610351562,33258200,0.0,0.0
2022-01-19 00:00:00-05:00,29.719999313354492,30.149999618530273,28.610000610351562,28.6299991607666,34011800,0.0,0.0
2022-01-20 00:00:00-05:00,29.459999084472656,30.8799991607666,29.049999237060547,29.1299991607666,45217100,0.0,0.0
2022-01-21 00:00:00-05:00,28.979999542236328,28.989999771118164,27.219999313354492,27.350000381469727,60210500,0.0,0.0
2022-01-24 00:00:00-05:00,25.729999542236328,25.979999542236328,23.100000381469727,24.8700008392334,94119800,0.0,0.0
2022-01-25 00:00:00-05:00,24.15999984741211,25.010000228881836,23.3799991607666,23.790000915527344,53047000,0.0,0.0
2022-01-26 00:00:00-05:00,24.600000381469727,24.780000686645508,22.530000686645508,22.65999984741211,72125700,0.0,0.0
2022-01-27 00:00:00-05:00,22.799999237060547,22.809999465942383,20.959999084472656,21.110000610351562,78287900,0.0,0.0
2022-01-28 00:00:00-05:00,20.65999984741211,21.31999969482422,19.309999465942383,20.899999618530273,96701100,0.0,0.0
2022-01-31 00:00:00-05:00,21.729999542236328,24.639999389648438,21.600000381469727,24.510000228881836,96028800,0.0,0.0
2022-02-01 00:00:00-05:00,24.889999389648438,25.229999542236328,23.559999465942383,24.84000015258789,81994300,0.0,0.0
2022-02-02 00:00:00-05:00,24.889999389648438,24.889999389648438,23.010000228881836,23.760000228881836,60475400,0.0,0.0
2022-02-03 00:00:00-05:00,22.959999084472656,24.6200008392334,22.950000762939453,23.1299991607666,55361300,0.0,0.0
2022-02-04 00:00:00-05:00,23.459999084472656,24.31999969482422,22.729999542236328,23.959999084472656,45771700,0.0,0.0
2022-02-07 00:00:00-05:00,23.780000686645508,24.780000686645508,23.530000686645508,23.989999771118164,39661800,0.0,0.0
2022-02-08 00:00:00-05:00,23.989999771118164,24.860000610351562,23.540000915527344,24.690000534057617,42607200,0.0,0.0
2022-02-09 00:00:00-05:00,25.450000762939453,26.239999771118164,25.049999237060547,26.100000381469727,56547700,0.0,0.0
2022-02-10 00:00:00-05:00,25.049999237060547,26.40999984741211,25.020000457763672,25.350000381469727,54337700,0.0,0.0
2022-02-11 00:00:00-05:00,24.989999771118164,25.68000030517578,23.700000762939453,24.100000381469727,47870100,0.0,0.0
2022-02-14 00:00:00-05:00,23.760000228881836,24.540000915527344,23.34000015258789,23.790000915527344,41441600,0.0,0.0
2022-02-15 00:00:00-05:00,24.309999465942383,25.84000015258789,24.200000762939453,25.790000915527344,47215200,0.0,0.0
2022-02-16 00:00:00-05:00,25.399999618530273,25.84000015258789,25.049999237060547,25.610000610351562,32627200,0.0,0.0
2022-02-17 00:00:00-05:00,25.239999771118164,26.270000457763672,24.649999618530273,24.719999313354492,34541600,0.0,0.0
2022-02-18 00:00:00-05:00,24.780000686645508,24.790000915527344,22.739999771118164,23.209999084472656,52112700,0.0,0.0
2022-02-22 00:00:00-05:00,22.360000610351562,22.959999084472656,21.31999969482422,21.770000457763672,56038200,0.0,0.0
2022-02-23 00:00:00-05:00,22.020000457763672,22.5,20.450000762939453,20.459999084472656,49465100,0.0,0.0
2022-02-24 00:00:00-05:00,18.5,21.309999465942383,18.469999313354492,21.219999313354492,77198400,0.0,0.0
2022-02-25 00:00:00-05:00,21.329999923706055,21.56999969482422,20.190000534057617,20.940000534057617,56994000,0.0,0.0
2022-02-28 00:00:00-05:00,21.43000030517578,23.149999618530273,20.940000534057617,22.84000015258789,83996600,0.0,0.0
2022-03-01 00:00:00-05:00,22.559999465942383,23.350000381469727,21.729999542236328,21.8700008392334,50402000,0.0,0.0
2022-03-02 00:00:00-05:00,21.899999618530273,22.209999084472656,20.6299991607666,21.770000457763672,47212000,0.0,0.0
2022-03-03 00:00:00-05:00,21.729999542236328,21.809999465942383,19.719999313354492,19.8799991607666,69419400,0.0,0.0
2022-03-04 00:00:00-05:00,20.09000015258789,20.290000915527344,18.549999237060547,18.6299991607666,68403300,0.0,0.0
2022-03-07 00:00:00-05:00,18.850000381469727,20.030000686645508,18.040000915527344,18.1200008392334,79649600,0.0,0.0
2022-03-08 00:00:00-05:00,18.229999542236328,18.75,17.579999923706055,17.979999542236328,74932400,0.0,0.0
2022-03-09 00:00:00-05:00,18.559999465942383,20.549999237060547,18.510000228881836,20.170000076293945,84306700,0.0,0.0
2022-03-10 00:00:00-05:00,19.0,19.100000381469727,17.219999313354492,17.770000457763672,105883600,0.0,0.0
2022-03-11 00:00:00-05:00,18.110000610351562,18.1299991607666,16.06999969482422,16.06999969482422,93265200,0.0,0.0
2022-03-14 00:00:00-04:00,15.09000015258789,15.739999771118164,13.819999694824219,14.100000381469727,115290300,0.0,0.0
2022-03-15 00:00:00-04:00,13.479999542236328,15.350000381469727,13.010000228881836,14.930000305175781,139771600,0.0,0.0
2022-03-16 00:00:00-04:00,17.639999389648438,18.770000457763672,16.780000686645508,18.75,168011700,0.0,0.0
2022-03-17 00:00:00-04:00,17.93000030517578,18.829999923706055,17.440000534057617,18.81999969482422,93328900,0.0,0.0
2022-03-18 00:00:00-04:00,18.829999923706055,21.239999771118164,18.549999237060547,20.860000610351562,128531700,0.0,0.0
2022-03-21 00:00:00-04:00,20.75,21.200000762939453,19.329999923706055,20.260000228881836,89586400,0.0,0.0
2022-03-22 00:00:00-04:00,20.84000015258789,22.09000015258789,20.59000015258789,21.770000457763672,79808500,0.0,0.0
2022-03-23 00:00:00-04:00,21.600000381469727,22.600000381469727,20.889999389648438,21.8700008392334,88922000,0.0,0.0
2022-03-24 00:00:00-04:00,22.0,22.1200008392334,20.65999984741211,21.979999542236328,97155000,0.0,0.0
2022-03-25 00:00:00-04:00,20.309999465942383,20.75,19.350000381469727,19.90999984741211,106936200,0.0,0.0
2022-03-28 00:00:00-04:00,20.420000076293945,21.229999542236328,20.31999969482422,21.209999084472656,75247200,0.0,0.0
2022-03-29 00:00:00-04:00,21.579999923706055,21.959999084472656,21.020000457763672,21.8799991607666,65946100,0.0,0.0
2022-03-30 00:00:00-04:00,21.829999923706055,23.860000610351562,21.6299991607666,22.170000076293945,114646500,0.0,0.0
2022-03-31 00:00:00-04:00,22.280000686645508,22.280000686645508,20.760000228881836,21.049999237060547,77641400,0.0,0.0
2022-04-01 00:00:00-04:00,22.40999984741211,23.219999313354492,21.559999465942383,21.93000030517578,110169300,0.0,0.0
2022-04-04 00:00:00-04:00,23.309999465942383,23.940000534057617,22.780000686645508,23.850000381469727,101280500,0.0,0.0
2022-04-05 00:00:00-04:00,23.969999313354492,23.979999542236328,22.440000534057617,22.469999313354492,69772000,0.0,0.0
2022-04-06 00:00:00-04:00,22.040000915527344,22.079999923706055,20.93000030517578,21.68000030517578,73501100,0.0,0.0
2022-04-07 00:00:00-04:00,21.489999771118164,21.68000030517578,19.729999542236328,20.360000610351562,82617000,0.0,0.0
2022-04-08 00:00:00-04:00,20.110000610351562,20.709999084472656,19.829999923706055,20.0,59574300,0.0,0.0
2022-04-11 00:00:00-04:00,18.049999237060547,20.06999969482422,17.770000457763672,19.700000762939453,93693800,0.0,0.0
2022-04-12 00:00:00-04:00,20.030000686645508,20.270000457763672,19.219999313354492,19.459999084472656,51210800,0.0,0.0
2022-04-13 00:00:00-04:00,19.549999237060547,20.559999465942383,19.030000686645508,20.420000076293945,57163200,0.0,0.0
2022-04-14 00:00:00-04:00,20.09000015258789,20.399999618530273,19.530000686645508,19.649999618530273,43937500,0.0,0.0
2022-04-18 00:00:00-04:00,19.510000228881836,19.639999389648438,18.510000228881836,19.170000076293945,40647500,0.0,0.0
2022-04-19 00:00:00-04:00,19.049999237060547,19.889999389648438,18.360000610351562,19.8700008392334,43395000,0.0,0.0
2022-04-20 00:00:00-04:00,19.3799991607666,19.450000762939453,18.06999969482422,18.149999618530273,53336400,0.0,0.0
2022-04-21 00:00:00-04:00,18.34000015258789,18.700000762939453,16.979999542236328,17.149999618530273,61501400,0.0,0.0
2022-04-22 00:00:00-04:00,17.350000381469727,18.290000915527344,17.1200008392334,17.18000030517578,60727300,0.0,0.0
2022-04-25 00:00:00-04:00,16.809999465942383,17.420000076293945,16.18000030517578,17.309999465942383,54990900,0.0,0.0
2022-04-26 00:00:00-04:00,17.239999771118164,17.40999984741211,16.15999984741211,16.360000610351562,52771600,0.0,0.0
2022-04-27 00:00:00-04:00,16.520000457763672,17.690000534057617,16.520000457763672,16.760000228881836,56633000,0.0,0.0
2022-04-28 00:00:00-04:00,16.899999618530273,17.239999771118164,15.90999984741211,16.93000030517578,53118500,0.0,0.0
2022-04-29 00:00:00-04:00,17.780000686645508,18.190000534057617,16.65999984741211,16.700000762939453,62933900,0.0,0.0
2022-05-02 00:00:00-04:00,16.530000686645508,17.5,16.399999618530273,17.5,56156200,0.0,0.0
2022-05-03 00:00:00-04:00,17.290000915527344,17.84000015258789,16.950000762939453,17.530000686645508,44062200,0.0,0.0
2022-05-04 00:00:00-04:00,17.18000030517578,18.219999313354492,16.719999313354492,18.1299991607666,53869900,0.0,0.0
2022-05-05 00:00:00-04:00,17.40999984741211,17.520000457763672,14.869999885559082,15.380000114440918,95761700,0.0,0.0
2022-05-06 00:00:00-04:00,15.609999656677246,15.8100004196167,14.460000038146973,14.920000076293945,57655100,0.0,0.0
2022-05-09 00:00:00-04:00,14.329999923706055,14.529999732971191,13.479999542236328,13.550000190734863,63121000,0.0,0.0
2022-05-10 00:00:00-04:00,14.260000228881836,14.680000305175781,12.859999656677246,13.4399995803833,77181800,0.0,0.0
2022-05-11 00:00:00-04:00,13.789999961853027,14.359999656677246,12.640000343322754,12.710000038146973,86081300,0.0,0.0
2022-05-12 00:00:00-04:00,12.479999542236328,13.75,11.670000076293945,13.100000381469727,83180600,0.0,0.0
2022-05-13 00:00:00-04:00,13.699999809265137,14.40999984741211,13.539999961853027,14.3100004196167,63558000,0.0,0.0
2022-05-16 00:00:00-04:00,14.8100004196167,15.430000305175781,14.279999732971191,14.550000190734863,82270000,0.0,0.0
2022-05-17 00:00:00-04:00,15.3100004196167,16.690000534057617,15.260000228881836,16.6299991607666,93233100,0.0,0.0
2022-05-18 00:00:00-04:00,16.290000915527344,16.93000030517578,15.65999984741211,15.829999923706055,72865500,0.0,0.0
2022-05-19 00:00:00-04:00,16.110000610351562,16.889999389648438,15.789999961853027,16.65999984741211,61191000,0.0,0.0
2022-05-20 00:00:00-04:00,17.5,17.600000381469727,15.680000305175781,16.440000534057617,86108900,0.0,0.0
2022-05-23 00:00:00-04:00,15.800000190734863,16.010000228881836,15.239999771118164,16.0,65594700,0.0,0.0
2022-05-24 00:00:00-04:00,15.529999732971191,15.529999732971191,14.399999618530273,14.630000114440918,48413500,0.0,0.0
2022-05-25 00:00:00-04:00,14.789999961853027,15.0,14.09000015258789,14.640000343322754,44911100,0.0,0.0
2022-05-26 00:00:00-04:00,14.520000457763672,16.1299991607666,14.329999923706055,16.030000686645508,64243800,0.0,0.0
2022-05-27 00:00:00-04:00,16.15999984741211,16.690000534057617,15.670000076293945,16.56999969482422,51414800,0.0,0.0
2022-05-31 00:00:00-04:00,17.770000457763672,17.920000076293945,16.760000228881836,17.389999389648438,96583300,0.0,0.0
2022-06-01 00:00:00-04:00,17.59000015258789,18.93000030517578,17.479999542236328,17.56999969482422,92493700,0.0,0.0
2022-06-02 00:00:00-04:00,17.540000915527344,18.850000381469727,16.989999771118164,18.850000381469727,77825000,0.0,0.0
2022-06-03 00:00:00-04:00,18.420000076293945,18.739999771118164,17.809999465942383,18.079999923706055,57620700,0.0,0.0
2022-06-06 00:00:00-04:00,18.989999771118164,19.799999237060547,18.799999237060547,19.18000030517578,68726800,0.0,0.0
2022-06-07 00:00:00-04:00,18.979999542236328,19.68000030517578,18.600000381469727,19.649999618530273,49357200,0.0,0.0
2022-06-08 00:00:00-04:00,20.31999969482422,20.450000762939453,19.860000610351562,20.3799991607666,65311600,0.0,0.0
2022-06-09 00:00:00-04:00,18.719999313354492,19.68000030517578,18.450000762939453,18.81999969482422,73635000,0.0,0.0
2022-06-10 00:00:00-04:00,18.860000610351562,19.18000030517578,17.809999465942383,18.139999389648438,61204800,0.0,0.0
2022-06-13 00:00:00-04:00,17.31999969482422,17.489999771118164,15.84000015258789,15.989999771118164,60529400,0.0,0.0
2022-06-14 00:00:00-04:00,16.530000686645508,19.09000015258789,16.489999771118164,18.65999984741211,105582700,0.0,0.0
2022-06-15 00:00:00-04:00,18.959999084472656,20.260000228881836,18.18000030517578,20.110000610351562,121426000,0.0,0.0
2022-06-16 00:00:00-04:00,19.18000030517578,19.93000030517578,18.469999313354492,19.18000030517578,77244500,0.0,0.0
2022-06-17 00:00:00-04:00,19.770000457763672,20.889999389648438,19.729999542236328,20.770000457763672,82067300,0.0,0.0
2022-06-21 00:00:00-04:00,21.84000015258789,23.100000381469727,21.579999923706055,22.65999984741211,90287700,0.0,0.0
2022-06-22 00:00:00-04:00,22.34000015258789,23.1299991607666,21.93000030517578,22.549999237060547,81297100,0.0,0.0
2022-06-23 00:00:00-04:00,23.110000610351562,23.209999084472656,22.229999542236328,23.049999237060547,77502800,0.0,0.0
2022-06-24 00:00:00-04:00,23.219999313354492,24.170000076293945,23.15999984741211,24.079999923706055,67062600,0.0,0.0
2022-06-27 00:00:00-04:00,24.1299991607666,24.43000030517578,22.850000381469727,22.950000762939453,61701600,0.0,0.0
2022-06-28 00:00:00-04:00,22.360000610351562,23.450000762939453,22.020000457763672,22.360000610351562,76228500,0.0,0.0
2022-06-29 00:00:00-04:00,20.760000228881836,22.280000686645508,20.600000381469727,21.860000610351562,71582000,0.0,0.0
2022-06-30 00:00:00-04:00,21.860000610351562,22.1200008392334,20.899999618530273,21.719999313354492,53074100,0.0,0.0
2022-07-01 00:00:00-04:00,22.31999969482422,22.5,20.950000762939453,21.360000610351562,56855500,0.0,0.0
2022-07-05 00:00:00-04:00,21.040000915527344,22.200000762939453,20.350000381469727,22.18000030517578,50537400,0.0,0.0
2022-07-06 00:00:00-04:00,21.809999465942383,21.84000015258789,20.260000228881836,20.829999923706055,58981700,0.0,0.0
2022-07-07 00:00:00-04:00,21.399999618530273,23.100000381469727,21.360000610351562,22.5,72102000,0.0,0.0
2022-07-08 00:00:00-04:00,22.15999984741211,23.280000686645508,21.65999984741211,22.600000381469727,48917200,0.0,0.0
2022-07-11 00:00:00-04:00,21.600000381469727,21.739999771118164,20.5,20.56999969482422,54656800,0.0,0.0
2022-07-12 00:00:00-04:00,20.40999984741211,21.190000534057617,20.040000915527344,20.8700008392334,49780800,0.0,0.0
2022-07-13 00:00:00-04:00,20.229999542236328,21.799999237060547,20.229999542236328,21.09000015258789,50089200,0.0,0.0
2022-07-14 00:00:00-04:00,21.059999465942383,21.450000762939453,20.65999984741211,21.049999237060547,39870500,0.0,0.0
2022-07-15 00:00:00-04:00,20.84000015258789,20.899999618530273,19.93000030517578,20.719999313354492,41337800,0.0,0.0
2022-07-18 00:00:00-04:00,20.959999084472656,21.81999969482422,20.600000381469727,20.84000015258789,40382300,0.0,0.0
2022-07-19 00:00:00-04:00,21.100000381469727,21.100000381469727,19.520000457763672,20.200000762939453,63211700,0.0,0.0
2022-07-20 00:00:00-04:00,20.010000228881836,20.950000762939453,20.010000228881836,20.3700008392334,40381200,0.0,0.0
2022-07-21 00:00:00-04:00,20.15999984741211,21.170000076293945,20.15999984741211,20.68000030517578,39842100,0.0,0.0
2022-07-22 00:00:00-04:00,20.719999313354492,20.780000686645508,19.0,19.239999771118164,55606900,0.0,0.0
2022-07-25 00:00:00-04:00,18.979999542236328,19.5,18.770000457763672,19.329999923706055,30357200,0.0,0.0
2022-07-26 00:00:00-04:00,19.350000381469727,19.739999771118164,18.90999984741211,19.040000915527344,27669900,0.0,0.0
2022-07-27 00:00:00-04:00,19.139999389648438,19.5,18.75,19.3799991607666,32854100,0.0,0.0
2022-07-28 00:00:00-04:00,19.18000030517578,19.549999237060547,18.59000015258789,19.489999771118164,31078800,0.0,0.0
2022-07-29 00:00:00-04:00,18.809999465942383,19.84000015258789,18.65999984741211,19.729999542236328,36943000,0.0,0.0
2022-08-01 00:00:00-04:00,20.190000534057617,20.760000228881836,19.8700008392334,20.18000030517578,54375800,0.0,0.0
2022-08-02 00:00:00-04:00,19.68000030517578,20.950000762939453,19.610000610351562,20.18000030517578,51262000,0.0,0.0
2022-08-03 00:00:00-04:00,20.309999465942383,20.3700008392334,19.43000030517578,20.299999237060547,44049900,0.0,0.0
2022-08-04 00:00:00-04:00,20.389999389648438,21.469999313354492,20.329999923706055,20.899999618530273,37737400,0.0,0.0
2022-08-05 00:00:00-04:00,20.530000686645508,20.68000030517578,19.8799991607666,20.219999313354492,34056400,0.0,0.0
2022-08-08 00:00:00-04:00,20.25,20.790000915527344,20.149999618530273,20.170000076293945,29584800,0.0,0.0
2022-08-09 00:00:00-04:00,20.229999542236328,20.239999771118164,19.010000228881836,19.170000076293945,38118400,0.0,0.0
2022-08-10 00:00:00-04:00,19.579999923706055,20.06999969482422,19.06999969482422,20.049999237060547,35345700,0.0,0.0
2022-08-11 00:00:00-04:00,20.399999618530273,21.969999313354492,20.079999923706055,20.81999969482422,56333100,0.0,0.0
2022-08-12 00:00:00-04:00,20.260000228881836,21.170000076293945,19.790000915527344,21.110000610351562,34953500,0.0,0.0
2022-08-15 00:00:00-04:00,20.510000228881836,21.549999237060547,20.469999313354492,21.299999237060547,36347500,0.0,0.0
2022-08-16 00:00:00-04:00,21.149999618530273,21.149999618530273,20.40999984741211,20.90999984741211,32103200,0.0,0.0
2022-08-17 00:00:00-04:00,20.68000030517578,21.020000457763672,20.059999465942383,20.079999923706055,26455900,0.0,0.0
2022-08-18 00:00:00-04:00,20.020000457763672,20.18000030517578,19.510000228881836,19.90999984741211,21640100,0.0,0.0
2022-08-19 00:00:00-04:00,19.6200008392334,19.709999084472656,18.920000076293945,19.049999237060547,24262600,0.0,0.0
2022-08-22 00:00:00-04:00,18.8799991607666,19.260000228881836,18.65999984741211,18.950000762939453,27327900,0.0,0.0
2022-08-23 00:00:00-04:00,18.690000534057617,18.799999237060547,17.729999542236328,18.290000915527344,34210200,0.0,0.0
2022-08-24 00:00:00-04:00,18.010000228881836,19.229999542236328,18.0,18.8700008392334,29271000,0.0,0.0
2022-08-25 00:00:00-04:00,19.43000030517578,20.3700008392334,18.760000228881836,20.079999923706055,42455900,0.0,0.0
2022-08-26 00:00:00-04:00,20.770000457763672,21.260000228881836,19.809999465942383,19.920000076293945,61525400,0.0,0.0
2022-08-29 00:00:00-04:00,19.65999984741211,20.670000076293945,19.639999389648438,19.809999465942383,33245000,0.0,0.0
2022-08-30 00:00:00-04:00,19.850000381469727,20.219999313354492,19.299999237060547,19.829999923706055,29823800,0.0,0.0
2022-08-31 00:00:00-04:00,20.110000610351562,20.3799991607666,19.280000686645508,19.90999984741211,39383500,0.0,0.0
2022-09-01 00:00:00-04:00,19.280000686645508,19.350000381469727,18.09000015258789,18.790000915527344,47665700,0.0,0.0
2022-09-02 00:00:00-04:00,18.43000030517578,18.649999618530273,17.709999084472656,17.729999542236328,44132000,0.0,0.0
2022-09-06 00:00:00-04:00,17.600000381469727,17.809999465942383,17.09000015258789,17.110000610351562,32485200,0.0,0.0
2022-09-07 00:00:00-04:00,16.540000915527344,18.3700008392334,16.540000915527344,17.479999542236328,58645900,0.0,0.0
2022-09-08 00:00:00-04:00,17.3700008392334,17.700000762939453,16.989999771118164,17.68000030517578,30487800,0.0,0.0
2022-09-09 00:00:00-04:00,18.399999618530273,19.59000015258789,18.290000915527344,19.15999984741211,54913900,0.0,0.0
2022-09-12 00:00:00-04:00,20.100000381469727,21.8799991607666,20.010000228881836,21.75,86994000,0.0,0.0
2022-09-13 00:00:00-04:00,20.950000762939453,22.299999237060547,20.850000381469727,21.969999313354492,77974400,0.0,0.0
2022-09-14 00:00:00-04:00,21.469999313354492,22.09000015258789,21.030000686645508,21.940000534057617,47206700,0.0,0.0
2022-09-15 00:00:00-04:00,21.510000228881836,22.739999771118164,21.25,21.510000228881836,43787900,0.0,0.0
2022-09-16 00:00:00-04:00,21.100000381469727,21.350000381469727,19.959999084472656,20.149999618530273,65778700,0.0,0.0
2022-09-19 00:00:00-04:00,19.75,20.959999084472656,19.75,20.899999618530273,36244000,0.0,0.0
2022-09-20 00:00:00-04:00,20.700000762939453,20.950000762939453,20.209999084472656,20.40999984741211,29290000,0.0,0.0
2022-09-21 00:00:00-04:00,20.1200008392334,20.15999984741211,18.25,18.299999237060547,64553200,0.0,0.0
2022-09-22 00:00:00-04:00,18.510000228881836,19.18000030517578,18.09000015258789,18.350000381469727,36823100,0.0,0.0
2022-09-23 00:00:00-04:00,18.0,18.209999084472656,17.420000076293945,17.639999389648438,39484400,0.0,0.0
2022-09-26 00:00:00-04:00,17.770000457763672,18.399999618530273,17.530000686645508,17.6200008392334,42024500,0.0,0.0
2022-09-27 00:00:00-04:00,18.18000030517578,18.229999542236328,16.979999542236328,17.190000534057617,40675200,0.0,0.0
2022-09-28 00:00:00-04:00,16.799999237060547,17.459999084472656,16.65999984741211,17.329999923706055,37295600,0.0,0.0
2022-09-29 00:00:00-04:00,16.829999923706055,16.940000534057617,15.369999885559082,15.579999923706055,51517700,0.0,0.0
2022-09-30 00:00:00-04:00,15.210000038146973,16.149999618530273,15.199999809265137,15.770000457763672,39341300,0.0,0.0
2022-10-03 00:00:00-04:00,15.850000381469727,15.9399995803833,15.279999732971191,15.489999771118164,38423000,0.0,0.0
2022-10-04 00:00:00-04:00,16.170000076293945,16.8799991607666,15.949999809265137,16.729999542236328,45093600,0.0,0.0
2022-10-05 00:00:00-04:00,16.5,16.68000030517578,15.640000343322754,16.040000915527344,39737500,0.0,0.0
2022-10-06 00:00:00-04:00,16.0,16.239999771118164,14.760000228881836,14.770000457763672,67739000,0.0,0.0
2022-10-07 00:00:00-04:00,14.289999961853027,14.529999732971191,13.539999961853027,13.760000228881836,53268900,0.0,0.0
2022-10-10 00:00:00-04:00,13.65999984741211,13.729999542236328,13.020000457763672,13.279999732971191,48731700,0.0,0.0
2022-10-11 00:00:00-04:00,13.130000114440918,13.420000076293945,12.579999923706055,12.829999923706055,51761500,0.0,0.0
2022-10-12 00:00:00-04:00,12.930000305175781,13.460000038146973,12.479999542236328,12.880000114440918,50001300,0.0,0.0
2022-10-13 00:00:00-04:00,12.350000381469727,12.850000381469727,11.949999809265137,12.779999732971191,53451100,0.0,0.0
2022-10-14 00:00:00-04:00,12.989999771118164,13.180000305175781,11.729999542236328,11.75,59846600,0.0,0.0
2022-10-17 00:00:00-04:00,12.1899995803833,12.640000343322754,12.119999885559082,12.210000038146973,51097200,0.0,0.0
2022-10-18 00:00:00-04:00,13.079999923706055,13.220000267028809,12.09000015258789,12.210000038146973,58185400,0.0,0.0
2022-10-19 00:00:00-04:00,11.800000190734863,11.899999618530273,10.710000038146973,10.920000076293945,99014200,0.0,0.0
2022-10-20 00:00:00-04:00,11.029999732971191,11.430000305175781,10.880000114440918,10.970000267028809,47109300,0.0,0.0
2022-10-21 00:00:00-04:00,10.670000076293945,11.210000038146973,10.40999984741211,11.210000038146973,42496300,0.0,0.0
2022-10-24 00:00:00-04:00,10.010000228881836,10.029999732971191,8.380000114440918,9.449999809265137,166523700,0.0,0.0
2022-10-25 00:00:00-04:00,9.8100004196167,10.630000114440918,9.529999732971191,10.630000114440918,98189000,0.0,0.0
2022-10-26 00:00:00-04:00,10.4399995803833,11.09000015258789,10.229999542236328,10.8100004196167,79102800,0.0,0.0
2022-10-27 00:00:00-04:00,10.529999732971191,10.729999542236328,9.970000267028809,9.979999542236328,64014700,0.0,0.0
2022-10-28 00:00:00-04:00,9.5,9.979999542236328,9.279999732971191,9.6899995803833,74420600,0.0,0.0
2022-10-31 00:00:00-04:00,9.510000228881836,10.050000190734863,9.380000114440918,9.670000076293945,46879600,0.0,0.0
2022-11-01 00:00:00-04:00,10.329999923706055,10.449999809265137,9.6899995803833,9.710000038146973,56233200,0.0,0.0
2022-11-02 00:00:00-04:00,9.600000381469727,10.130000114440918,9.479999542236328,9.489999771118164,76033400,0.0,0.0
2022-11-03 00:00:00-04:00,9.1899995803833,10.170000076293945,9.029999732971191,9.9399995803833,64660300,0.0,0.0
2022-11-04 00:00:00-04:00,11.0,11.6899995803833,10.600000381469727,11.680000305175781,125406400,0.0,0.0
2022-11-07 00:00:00-05:00,12.229999542236328,12.380000114440918,10.699999809265137,10.979999542236328,84143600,0.0,0.0
2022-11-08 00:00:00-05:00,10.680000305175781,10.869999885559082,10.079999923706055,10.5600004196167,61734900,0.0,0.0
2022-11-09 00:00:00-05:00,10.0,10.180000305175781,9.140000343322754,9.25,81211800,0.0,0.0
2022-11-10 00:00:00-05:00,10.300000190734863,10.829999923706055,10.050000190734863,10.34000015258789,84026800,0.0,0.0
2022-11-11 00:00:00-05:00,10.789999961853027,11.6899995803833,10.539999961853027,11.5600004196167,100635600,0.0,0.0
2022-11-14 00:00:00-05:00,11.859999656677246,12.119999885559082,11.170000076293945,11.170000076293945,62563000,0.0,0.0
2022-11-15 00:00:00-05:00,11.90999984741211,11.949999809265137,11.359999656677246,11.510000228881836,63244200,0.0,0.0
2022-11-16 00:00:00-05:00,11.170000076293945,11.289999961853027,10.449999809265137,10.529999732971191,49624900,0.0,0.0
2022-11-17 00:00:00-05:00,10.25,10.720000267028809,9.930000305175781,10.670000076293945,62563500,0.0,0.0
2022-11-18 00:00:00-05:00,10.649999618530273,10.8100004196167,10.260000228881836,10.470000267028809,49320200,0.0,0.0
2022-11-21 00:00:00-05:00,10.220000267028809,10.25,9.670000076293945,10.020000457763672,53072100,0.0,0.0
2022-11-22 00:00:00-05:00,9.869999885559082,10.100000381469727,9.75,10.010000228881836,36096300,0.0,0.0
2022-11-23 00:00:00-05:00,10.3100004196167,10.739999771118164,10.239999771118164,10.5600004196167,49399100,0.0,0.0
2022-11-25 00:00:00-05:00,10.260000228881836,10.300000190734863,9.960000038146973,10.170000076293945,23487600,0.0,0.0
2022-11-28 00:00:00-05:00,10.050000190734863,10.630000114440918,9.989999771118164,10.119999885559082,39047000,0.0,0.0
2022-11-29 00:00:00-05:00,10.649999618530273,10.899999618530273,10.390000343322754,10.5,48292300,0.0,0.0
2022-11-30 00:00:00-05:00,11.34000015258789,13.270000457763672,11.34000015258789,12.779999732971191,173185000,0.0,0.0
2022-12-01 00:00:00-05:00,12.350000381469727,12.550000190734863,11.949999809265137,12.09000015258789,59583400,0.0,0.0
2022-12-02 00:00:00-05:00,12.0600004196167,13.319999694824219,11.970000267028809,13.130000114440918,106291200,0.0,0.0
2022-12-05 00:00:00-05:00,13.989999771118164,14.029999732971191,12.59000015258789,12.800000190734863,94815800,0.0,0.0
2022-12-06 00:00:00-05:00,13.0,13.279999732971191,12.430000305175781,13.239999771118164,62747600,0.0,0.0
2022-12-07 00:00:00-05:00,12.420000076293945,12.720000267028809,12.149999618530273,12.579999923706055,52840500,0.0,0.0
2022-12-08 00:00:00-05:00,13.0,13.550000190734863,12.880000114440918,13.40999984741211,52377700,0.0,0.0
2022-12-09 00:00:00-05:00,13.170000076293945,13.319999694824219,12.619999885559082,12.630000114440918,44101100,0.0,0.0
2022-12-12 00:00:00-05:00,12.300000190734863,12.579999923706055,12.15999984741211,12.489999771118164,35211100,0.0,0.0
2022-12-13 00:00:00-05:00,13.109999656677246,13.239999771118164,12.029999732971191,12.3100004196167,52084300,0.0,0.0
2022-12-14 00:00:00-05:00,12.449999809265137,12.529999732971191,11.970000267028809,12.100000381469727,33251900,0.0,0.0
2022-12-15 00:00:00-05:00,12.329999923706055,12.630000114440918,11.680000305175781,11.880000114440918,41620900,0.0,0.0
2022-12-16 00:00:00-05:00,12.130000114440918,12.380000114440918,11.600000381469727,11.600000381469727,46476300,0.0,0.0
2022-12-19 00:00:00-05:00,11.65999984741211,11.65999984741211,10.829999923706055,11.0600004196167,40564600,0.0,0.0
2022-12-20 00:00:00-05:00,10.670000076293945,11.59000015258789,10.579999923706055,11.09000015258789,44765300,0.0,0.0
2022-12-21 00:00:00-05:00,11.069999694824219,11.710000038146973,10.859999656677246,11.609999656677246,34244000,0.0,0.0
2022-12-22 00:00:00-05:00,11.449999809265137,11.579999923706055,10.760000228881836,11.289999961853027,32468900,0.0,0.0
2022-12-23 00:00:00-05:00,11.220000267028809,11.220000267028809,10.6899995803833,10.970000267028809,33666100,0.0,0.0
2022-12-27 00:00:00-05:00,10.529999732971191,10.609999656677246,9.970000267028809,10.0600004196167,54165700,0.0,0.0
2022-12-28 00:00:00-05:00,10.010000228881836,10.25,9.609999656677246,9.800000190734863,42225300,0.0,0.0
2022-12-29 00:00:00-05:00,9.920000076293945,10.270000457763672,9.770000457763672,9.989999771118164,49380200,0.0,0.0
2022-12-30 00:00:00-05:00,9.829999923706055,9.979999542236328,9.520000457763672,9.75,40863800,0.0,0.0
2023-01-03 00:00:00-05:00,10.210000038146973,10.510000228881836,9.5,9.630000114440918,54095600,0.0,0.0
2023-01-04 00:00:00-05:00,9.970000267028809,10.899999618530273,9.850000381469727,10.630000114440918,63723800,0.0,0.0
2023-01-05 00:00:00-05:00,10.390000343322754,10.970000267028809,10.239999771118164,10.859999656677246,37262700,0.0,0.0
2023-01-06 00:00:00-05:00,10.0600004196167,10.390000343322754,9.5,10.369999885559082,70946700,0.0,0.0
2023-01-09 00:00:00-05:00,10.630000114440918,11.119999885559082,10.630000114440918,10.760000228881836,42870100,0.0,0.0
2023-01-10 00:00:00-05:00,11.100000381469727,11.380000114440918,10.680000305175781,11.239999771118164,44315500,0.0,0.0
2023-01-11 00:00:00-05:00,11.350000381469727,11.720000267028809,10.989999771118164,11.510000228881836,42554500,0.0,0.0
2023-01-12 00:00:00-05:00,11.489999771118164,11.8100004196167,11.130000114440918,11.8100004196167,40125300,0.0,0.0
2023-01-13 00:00:00-05:00,11.4399995803833,11.8100004196167,11.229999542236328,11.800000190734863,41631500,0.0,0.0
2023-01-17 00:00:00-05:00,11.319999694824219,11.510000228881836,11.09000015258789,11.40999984741211,48895600,0.0,0.0
2023-01-18 00:00:00-05:00,11.489999771118164,11.6899995803833,10.979999542236328,11.010000228881836,43306200,0.0,0.0
2023-01-19 00:00:00-05:00,10.880000114440918,11.180000305175781,10.619999885559082,10.770000457763672,33638100,0.0,0.0
2023-01-20 00:00:00-05:00,10.949999809265137,11.34000015258789,10.829999923706055,11.069999694824219,39012500,0.0,0.0
2023-01-23 00:00:00-05:00,11.279999732971191,12.350000381469727,11.149999618530273,12.0600004196167,64034100,0.0,0.0
2023-01-24 00:00:00-05:00,13.210000038146973,13.210000038146973,11.0600004196167,11.680000305175781,37478600,0.0,0.0
2023-01-25 00:00:00-05:00,11.460000038146973,11.770000457763672,11.279999732971191,11.630000114440918,26348900,0.0,0.0
2023-01-26 00:00:00-05:00,12.430000305175781,12.470000267028809,11.800000190734863,12.170000076293945,51635100,0.0,0.0
2023-01-27 00:00:00-05:00,12.149999618530273,13.220000267028809,11.979999542236328,12.710000038146973,69734400,0.0,0.0
2023-01-30 00:00:00-05:00,12.430000305175781,12.4399995803833,11.850000381469727,12.020000457763672,54970000,0.0,0.0
2023-01-31 00:00:00-05:00,11.90999984741211,12.359999656677246,11.760000228881836,12.069999694824219,45863100,0.0,0.0
2023-02-01 00:00:00-05:00,12.239999771118164,12.319999694824219,11.59000015258789,12.100000381469727,65907200,0.0,0.0
2023-02-02 00:00:00-05:00,12.119999885559082,12.369999885559082,11.8100004196167,11.960000038146973,68872800,0.0,0.0
2023-02-03 00:00:00-05:00,11.649999618530273,11.899999618530273,11.15999984741211,11.1899995803833,55798800,0.0,0.0
2023-02-06 00:00:00-05:00,10.949999809265137,11.029999732971191,10.670000076293945,10.930000305175781,45482600,0.0,0.0
2023-02-07 00:00:00-05:00,11.0,11.020000457763672,10.5600004196167,10.920000076293945,35350700,0.0,0.0
2023-02-08 00:00:00-05:00,10.75,10.90999984741211,10.579999923706055,10.649999618530273,28370200,0.0,0.0
2023-02-09 00:00:00-05:00,10.970000267028809,11.020000457763672,10.369999885559082,10.470000267028809,40466300,0.0,0.0
2023-02-10 00:00:00-05:00,10.25,10.390000343322754,10.020000457763672,10.3100004196167,38377100,0.0,0.0
2023-02-13 00:00:00-05:00,10.470000267028809,10.539999961853027,10.279999732971191,10.3100004196167,30815800,0.0,0.0
2023-02-14 00:00:00-05:00,10.1899995803833,10.350000381469727,9.90999984741211,10.3100004196167,38028600,0.0,0.0
2023-02-15 00:00:00-05:00,10.09000015258789,10.5,10.09000015258789,10.5,35660100,0.0,0.0
2023-02-16 00:00:00-05:00,10.460000038146973,10.600000381469727,10.1899995803833,10.1899995803833,38647000,0.0,0.0
2023-02-17 00:00:00-05:00,10.100000381469727,10.239999771118164,9.930000305175781,10.1899995803833,37467000,0.0,0.0
2023-02-21 00:00:00-05:00,10.050000190734863,10.3100004196167,9.960000038146973,10.029999732971191,35046700,0.0,0.0
2023-02-22 00:00:00-05:00,10.010000228881836,10.210000038146973,9.899999618530273,10.180000305175781,34099400,0.0,0.0
2023-02-23 00:00:00-05:00,10.390000343322754,10.399999618530273,9.579999923706055,9.789999961853027,50261600,0.0,0.0
2023-02-24 00:00:00-05:00,9.510000228881836,9.520000457763672,9.130000114440918,9.300000190734863,56808900,0.0,0.0
2023-02-27 00:00:00-05:00,9.529999732971191,9.59000015258789,9.239999771118164,9.329999923706055,42356400,0.0,0.0
2023-02-28 00:00:00-05:00,9.199999809265137,9.4399995803833,9.119999885559082,9.390000343322754,53310800,0.0,0.0
2023-03-01 00:00:00-05:00,9.34000015258789,9.449999809265137,8.770000457763672,8.829999923706055,82172500,0.0,0.0
2023-03-02 00:00:00-05:00,8.5,9.119999885559082,8.3100004196167,9.09000015258789,73183200,0.0,0.0
2023-03-03 00:00:00-05:00,8.970000267028809,9.699999809265137,8.920000076293945,9.569999694824219,60775100,0.0,0.0
2023-03-06 00:00:00-05:00,9.5,9.640000343322754,9.300000190734863,9.3100004196167,35308800,0.0,0.0
2023-03-07 00:00:00-05:00,9.1899995803833,9.260000228881836,8.869999885559082,8.970000267028809,45081500,0.0,0.0
2023-03-08 00:00:00-05:00,8.869999885559082,9.180000305175781,8.670000076293945,9.180000305175781,39709100,0.0,0.0
2023-03-09 00:00:00-05:00,9.010000228881836,9.170000076293945,8.720000267028809,8.789999961853027,48894300,0.0,0.0
2023-03-10 00:00:00-05:00,8.779999732971191,8.8100004196167,8.329999923706055,8.510000228881836,46631300,0.0,0.0
2023-03-13 00:00:00-04:00,8.350000381469727,8.6899995803833,8.029999732971191,8.550000190734863,43877100,0.0,0.0
2023-03-14 00:00:00-04:00,8.510000228881836,8.5600004196167,8.350000381469727,8.420000076293945,36783100,0.0,0.0
2023-03-15 00:00:00-04:00,8.210000038146973,8.319999694824219,8.069999694824219,8.25,40281700,0.0,0.0
2023-03-16 00:00:00-04:00,8.130000114440918,8.539999961853027,8.100000381469727,8.5,27563000,0.0,0.0
2023-03-17 00:00:00-04:00,8.539999961853027,8.739999771118164,8.180000305175781,8.260000228881836,38374700,0.0,0.0
2023-03-20 00:00:00-04:00,8.100000381469727,9.0600004196167,8.069999694824219,8.75,56190600,0.0,0.0
2023-03-21 00:00:00-04:00,8.960000038146973,9.369999885559082,8.90999984741211,9.270000457763672,52342800,0.0,0.0
2023-03-22 00:00:00-04:00,9.5,9.529999732971191,9.0600004196167,9.09000015258789,36811700,0.0,0.0
2023-03-23 00:00:00-04:00,9.350000381469727,9.460000038146973,9.130000114440918,9.270000457763672,30132800,0.0,0.0
2023-03-24 00:00:00-04:00,9.220000267028809,9.229999542236328,8.829999923706055,9.069999694824219,28665700,0.0,0.0
2023-03-27 00:00:00-04:00,9.029999732971191,9.130000114440918,8.84000015258789,8.930000305175781,20452500,0.0,0.0
2023-03-28 00:00:00-04:00,9.149999618530273,9.270000457763672,9.029999732971191,9.199999809265137,31341500,0.0,0.0
2023-03-29 00:00:00-04:00,9.300000190734863,9.949999809265137,9.260000228881836,9.829999923706055,56384500,0.0,0.0
2023-03-30 00:00:00-04:00,10.0,10.75,9.9399995803833,10.460000038146973,66081900,0.0,0.0
2023-03-31 00:00:00-04:00,10.3100004196167,10.600000381469727,10.199999809265137,10.510000228881836,35906300,0.0,0.0
2023-04-03 00:00:00-04:00,10.40999984741211,10.510000228881836,9.670000076293945,9.800000190734863,56526200,0.0,0.0
2023-04-04 00:00:00-04:00,9.619999885559082,9.789999961853027,9.119999885559082,9.210000038146973,53384400,0.0,0.0
2023-04-05 00:00:00-04:00,9.1899995803833,9.1899995803833,8.75,8.960000038146973,33805900,0.0,0.0
2023-04-06 00:00:00-04:00,8.9399995803833,9.069999694824219,8.829999923706055,9.010000228881836,23019800,0.0,0.0
2023-04-10 00:00:00-04:00,8.859999656677246,9.079999923706055,8.779999732971191,9.050000190734863,26228700,0.0,0.0
2023-04-11 00:00:00-04:00,9.1899995803833,9.789999961853027,9.180000305175781,9.520000457763672,44751300,0.0,0.0
2023-04-12 00:00:00-04:00,9.5600004196167,9.5600004196167,8.960000038146973,9.010000228881836,48106800,0.0,0.0
2023-04-13 00:00:00-04:00,9.210000038146973,9.279999732971191,9.020000457763672,9.100000381469727,25070000,0.0,0.0
2023-04-14 00:00:00-04:00,9.069999694824219,9.449999809265137,9.0,9.270000457763672,30953500,0.0,0.0
2023-04-17 00:00:00-04:00,9.539999961853027,10.029999732971191,9.510000228881836,9.829999923706055,48549500,0.0,0.0
2023-04-18 00:00:00-04:00,9.779999732971191,9.8100004196167,9.449999809265137,9.470000267028809,26812000,0.0,0.0
2023-04-19 00:00:00-04:00,9.15999984741211,9.199999809265137,8.770000457763672,8.789999961853027,60655900,0.0,0.0
2023-04-20 00:00:00-04:00,8.539999961853027,8.579999923706055,8.15999984741211,8.279999732971191,59580500,0.0,0.0
2023-04-21 00:00:00-04:00,8.300000190734863,8.380000114440918,8.050000190734863,8.329999923706055,34188200,0.0,0.0
2023-04-24 00:00:00-04:00,8.380000114440918,8.399999618530273,8.15999984741211,8.289999961853027,29843600,0.0,0.0
2023-04-25 00:00:00-04:00,8.15999984741211,8.15999984741211,7.599999904632568,7.900000095367432,88508400,0.0,0.0
2023-04-26 00:00:00-04:00,8.09000015258789,8.199999809265137,7.650000095367432,7.679999828338623,56070100,0.0,0.0
2023-04-27 00:00:00-04:00,7.699999809265137,7.96999979019165,7.610000133514404,7.96999979019165,36937500,0.0,0.0
2023-04-28 00:00:00-04:00,7.880000114440918,8.010000228881836,7.659999847412109,7.869999885559082,39093700,0.0,0.0
2023-05-01 00:00:00-04:00,7.829999923706055,7.860000133514404,7.550000190734863,7.809999942779541,39623700,0.0,0.0
2023-05-02 00:00:00-04:00,7.650000095367432,7.75,7.329999923706055,7.449999809265137,53990100,0.0,0.0
2023-05-03 00:00:00-04:00,7.429999828338623,7.769999980926514,7.400000095367432,7.639999866485596,39778500,0.0,0.0
2023-05-04 00:00:00-04:00,7.75,8.119999885559082,7.75,8.0600004196167,50555800,0.0,0.0
2023-05-05 00:00:00-04:00,8.140000343322754,8.369999885559082,8.100000381469727,8.149999618530273,34595100,0.0,0.0
2023-05-08 00:00:00-04:00,8.270000457763672,8.539999961853027,8.029999732971191,8.270000457763672,30996500,0.0,0.0
2023-05-09 00:00:00-04:00,7.929999828338623,8.220000267028809,7.849999904632568,8.15999984741211,24846300,0.0,0.0
2023-05-10 00:00:00-04:00,8.199999809265137,8.520000457763672,8.039999961853027,8.130000114440918,47366600,0.0,0.0
2023-05-11 00:00:00-04:00,8.149999618530273,8.449999809265137,8.09000015258789,8.449999809265137,48355800,0.0,0.0
2023-05-12 00:00:00-04:00,8.270000457763672,8.34000015258789,7.940000057220459,7.949999809265137,42060700,0.0,0.0
2023-05-15 00:00:00-04:00,8.0600004196167,8.279999732971191,7.900000095367432,8.25,35602400,0.0,0.0
2023-05-16 00:00:00-04:00,8.100000381469727,8.109999656677246,7.820000171661377,7.909999847412109,33815300,0.0,0.0
2023-05-17 00:00:00-04:00,7.820000171661377,8.050000190734863,7.789999961853027,8.029999732971191,33411500,0.0,0.0
2023-05-18 00:00:00-04:00,7.940000057220459,8.029999732971191,7.730000019073486,7.820000171661377,46481500,0.0,0.0
2023-05-19 00:00:00-04:00,7.900000095367432,8.140000343322754,7.849999904632568,8.069999694824219,41334500,0.0,0.0
2023-05-22 00:00:00-04:00,8.25,8.850000381469727,8.239999771118164,8.789999961853027,73546900,0.0,0.0
2023-05-23 00:00:00-04:00,8.640000343322754,8.850000381469727,8.59000015258789,8.75,38540000,0.0,0.0
2023-05-24 00:00:00-04:00,8.140000343322754,8.210000038146973,7.71999979019165,7.920000076293945,84695800,0.0,0.0
2023-05-25 00:00:00-04:00,7.860000133514404,7.860000133514404,7.510000228881836,7.539999961853027,48702800,0.0,0.0
2023-05-26 00:00:00-04:00,7.739999771118164,7.840000152587891,7.539999961853027,7.699999809265137,42967900,0.0,0.0
2023-05-30 00:00:00-04:00,7.800000190734863,7.920000076293945,7.349999904632568,7.409999847412109,63374800,0.0,0.0
2023-05-31 00:00:00-04:00,7.440000057220459,7.539999961853027,7.150000095367432,7.53000020980835,89228300,0.0,0.0
2023-06-01 00:00:00-04:00,7.239999771118164,7.639999866485596,7.0,7.539999961853027,74201600,0.0,0.0
2023-06-02 00:00:00-04:00,7.840000152587891,7.989999771118164,7.559999942779541,7.559999942779541,62262000,0.0,0.0
2023-06-05 00:00:00-04:00,7.659999847412109,7.900000095367432,7.599999904632568,7.670000076293945,36819200,0.0,0.0
2023-06-06 00:00:00-04:00,7.659999847412109,7.880000114440918,7.300000190734863,7.880000114440918,79001900,0.0,0.0
2023-06-07 00:00:00-04:00,7.800000190734863,7.96999979019165,7.579999923706055,7.760000228881836,47289100,0.0,0.0
2023-06-08 00:00:00-04:00,7.800000190734863,7.889999866485596,7.599999904632568,7.789999961853027,64405800,0.0,0.0
2023-06-09 00:00:00-04:00,7.840000152587891,8.75,7.690000057220459,7.730000019073486,140075100,0.0,0.0
2023-06-12 00:00:00-04:00,8.09000015258789,8.600000381469727,8.069999694824219,8.399999618530273,100608600,0.0,0.0
2023-06-13 00:00:00-04:00,8.729999542236328,9.069999694824219,8.600000381469727,8.890000343322754,81692800,0.0,0.0
2023-06-14 00:00:00-04:00,9.069999694824219,9.1899995803833,8.800000190734863,9.050000190734863,60867200,0.0,0.0
2023-06-15 00:00:00-04:00,9.100000381469727,9.899999618530273,9.050000190734863,9.789999961853027,97116500,0.0,0.0
2023-06-16 00:00:00-04:00,10.149999618530273,10.210000038146973,9.350000381469727,9.399999618530273,81163500,0.0,0.0
2023-06-20 00:00:00-04:00,9.170000076293945,9.40999984741211,9.0600004196167,9.350000381469727,52866000,0.0,0.0
2023-06-21 00:00:00-04:00,9.539999961853027,9.84000015258789,8.960000038146973,9.069999694824219,66266600,0.0,0.0
2023-06-22 00:00:00-04:00,9.029999732971191,9.029999732971191,8.739999771118164,8.920000076293945,28909900,0.0,0.0
2023-06-23 00:00:00-04:00,8.619999885559082,8.75,8.279999732971191,8.430000305175781,41703800,0.0,0.0
2023-06-26 00:00:00-04:00,8.529999732971191,8.6899995803833,8.399999618530273,8.399999618530273,33684100,0.0,0.0
2023-06-27 00:00:00-04:00,8.720000267028809,9.34000015258789,8.65999984741211,9.34000015258789,73607600,0.0,0.0
2023-06-28 00:00:00-04:00,9.399999618530273,9.5600004196167,9.180000305175781,9.520000457763672,44832900,0.0,0.0
2023-06-29 00:00:00-04:00,9.399999618530273,9.510000228881836,9.25,9.390000343322754,38589900,0.0,0.0
2023-06-30 00:00:00-04:00,9.630000114440918,10.09000015258789,9.59000015258789,9.6899995803833,63256300,0.0,0.0
2023-07-03 00:00:00-04:00,10.149999618530273,10.489999771118164,9.789999961853027,10.029999732971191,68989300,0.0,0.0
2023-07-05 00:00:00-04:00,10.010000228881836,10.390000343322754,9.8100004196167,10.220000267028809,62900500,0.0,0.0
2023-07-06 00:00:00-04:00,9.970000267028809,10.010000228881836,9.489999771118164,9.5600004196167,52767400,0.0,0.0
2023-07-07 00:00:00-04:00,9.75,10.09000015258789,9.65999984741211,9.989999771118164,50863200,0.0,0.0
2023-07-10 00:00:00-04:00,9.970000267028809,10.829999923706055,9.789999961853027,10.779999732971191,84529600,0.0,0.0
2023-07-11 00:00:00-04:00,10.960000038146973,11.050000190734863,10.4399995803833,10.8100004196167,69547500,0.0,0.0
2023-07-12 00:00:00-04:00,11.020000457763672,11.220000267028809,10.710000038146973,11.15999984741211,61266100,0.0,0.0
2023-07-13 00:00:00-04:00,11.239999771118164,11.319999694824219,10.720000267028809,10.760000228881836,60022500,0.0,0.0
2023-07-14 00:00:00-04:00,10.670000076293945,10.84000015258789,10.460000038146973,10.539999961853027,40097600,0.0,0.0
2023-07-17 00:00:00-04:00,10.300000190734863,10.630000114440918,10.210000038146973,10.5600004196167,28845700,0.0,0.0
2023-07-18 00:00:00-04:00,10.729999542236328,10.829999923706055,10.270000457763672,10.420000076293945,35151600,0.0,0.0
2023-07-19 00:00:00-04:00,10.579999923706055,11.100000381469727,10.579999923706055,10.640000343322754,51786900,0.0,0.0
2023-07-20 00:00:00-04:00,10.470000267028809,10.5,10.220000267028809,10.319999694824219,34681100,0.0,0.0
2023-07-21 00:00:00-04:00,10.5,10.770000457763672,10.380000114440918,10.579999923706055,33013500,0.0,0.0
2023-07-24 00:00:00-04:00,10.90999984741211,12.050000190734863,10.84000015258789,11.729999542236328,108759300,0.0,0.0
2023-07-25 00:00:00-04:00,12.34000015258789,12.829999923706055,11.880000114440918,11.90999984741211,102994600,0.0,0.0
2023-07-26 00:00:00-04:00,12.399999618530273,13.380000114440918,12.210000038146973,13.170000076293945,137044600,0.0,0.0
2023-07-27 00:00:00-04:00,13.859999656677246,13.869999885559082,13.15999984741211,13.239999771118164,103657400,0.0,0.0
2023-07-28 00:00:00-04:00,13.800000190734863,14.779999732971191,13.5600004196167,14.739999771118164,115315800,0.0,0.0
2023-07-31 00:00:00-04:00,15.119999885559082,15.460000038146973,14.729999542236328,15.300000190734863,117336000,0.0,0.0
2023-08-01 00:00:00-04:00,14.859999656677246,15.260000228881836,14.40999984741211,14.630000114440918,89527700,0.0,0.0
2023-08-02 00:00:00-04:00,13.800000190734863,14.760000228881836,13.670000076293945,14.569999694824219,79548600,0.0,0.0
2023-08-03 00:00:00-04:00,14.680000305175781,15.859999656677246,14.65999984741211,15.460000038146973,86032100,0.0,0.0
2023-08-04 00:00:00-04:00,15.859999656677246,16.18000030517578,14.699999809265137,14.720000267028809,85010600,0.0,0.0
2023-08-07 00:00:00-04:00,15.020000457763672,15.199999809265137,14.380000114440918,14.819999694824219,53768400,0.0,0.0
2023-08-08 00:00:00-04:00,13.949999809265137,14.170000076293945,13.729999542236328,14.069999694824219,63081100,0.0,0.0
2023-08-09 00:00:00-04:00,13.949999809265137,14.119999885559082,13.210000038146973,13.460000038146973,57706700,0.0,0.0
2023-08-10 00:00:00-04:00,13.609999656677246,13.970000267028809,13.1899995803833,13.25,55643000,0.0,0.0
2023-08-11 00:00:00-04:00,12.770000457763672,13.010000228881836,12.550000190734863,12.899999618530273,54605400,0.0,0.0
2023-08-14 00:00:00-04:00,12.399999618530273,12.5600004196167,11.9399995803833,12.520000457763672,67398200,0.0,0.0
2023-08-15 00:00:00-04:00,12.260000228881836,12.34000015258789,11.550000190734863,11.829999923706055,71428600,0.0,0.0
2023-08-16 00:00:00-04:00,11.180000305175781,11.760000228881836,11.149999618530273,11.399999618530273,59478400,0.0,0.0
2023-08-17 00:00:00-04:00,11.90999984741211,12.40999984741211,11.470000267028809,11.5,73315600,0.0,0.0
2023-08-18 00:00:00-04:00,10.949999809265137,11.149999618530273,10.619999885559082,10.670000076293945,68262100,0.0,0.0
2023-08-21 00:00:00-04:00,10.729999542236328,11.170000076293945,10.539999961853027,10.949999809265137,54080100,0.0,0.0
2023-08-22 00:00:00-04:00,11.289999961853027,11.329999923706055,10.529999732971191,10.789999961853027,43691900,0.0,0.0
2023-08-23 00:00:00-04:00,10.5600004196167,11.0,10.5,10.84000015258789,30405000,0.0,0.0
2023-08-24 00:00:00-04:00,10.960000038146973,11.109999656677246,10.619999885559082,10.640000343322754,27131700,0.0,0.0
2023-08-25 00:00:00-04:00,10.579999923706055,10.869999885559082,10.479999542236328,10.829999923706055,31666200,0.0,0.0
2023-08-28 00:00:00-04:00,11.050000190734863,11.130000114440918,10.699999809265137,11.020000457763672,41943200,0.0,0.0
2023-08-29 00:00:00-04:00,10.300000190734863,10.9399995803833,9.460000038146973,10.890000343322754,124332200,0.0,0.0
2023-08-30 00:00:00-04:00,10.430000305175781,10.789999961853027,10.390000343322754,10.670000076293945,46265600,0.0,0.0
2023-08-31 00:00:00-04:00,10.729999542236328,10.800000190734863,10.260000228881836,10.270000457763672,51094300,0.0,0.0
2023-09-01 00:00:00-04:00,10.529999732971191,11.350000381469727,10.5,11.0,76887100,0.0,0.0
2023-09-05 00:00:00-04:00,10.729999542236328,11.180000305175781,10.720000267028809,10.8100004196167,37911800,0.0,0.0
2023-09-06 00:00:00-04:00,10.710000038146973,10.90999984741211,10.470000267028809,10.579999923706055,31426100,0.0,0.0
2023-09-07 00:00:00-04:00,10.170000076293945,10.270000457763672,9.930000305175781,10.079999923706055,44603800,0.0,0.0
2023-09-08 00:00:00-04:00,10.0600004196167,10.149999618530273,9.920000076293945,10.039999961853027,26159600,0.0,0.0
2023-09-11 00:00:00-04:00,10.390000343322754,10.430000305175781,10.020000457763672,10.329999923706055,31145700,0.0,0.0
2023-09-12 00:00:00-04:00,10.229999542236328,10.880000114440918,10.210000038146973,10.569999694824219,38297000,0.0,0.0
2023-09-13 00:00:00-04:00,10.199999809265137,10.470000267028809,10.0600004196167,10.069999694824219,36890000,0.0,0.0
2023-09-14 00:00:00-04:00,10.149999618530273,10.380000114440918,10.140000343322754,10.380000114440918,26475900,0.0,0.0
2023-09-15 00:00:00-04:00,10.529999732971191,10.720000267028809,10.289999961853027,10.430000305175781,40061100,0.0,0.0
2023-09-18 00:00:00-04:00,10.369999885559082,10.470000267028809,10.220000267028809,10.3100004196167,22615000,0.0,0.0
2023-09-19 00:00:00-04:00,9.539999961853027,9.600000381469727,8.40999984741211,8.550000190734863,215935800,0.0,0.0
2023-09-20 00:00:00-04:00,8.760000228881836,9.0600004196167,8.670000076293945,8.819999694824219,122782100,0.0,0.0
2023-09-21 00:00:00-04:00,8.449999809265137,8.619999885559082,8.350000381469727,8.449999809265137,49265600,0.0,0.0
2023-09-22 00:00:00-04:00,8.739999771118164,8.800000190734863,8.449999809265137,8.529999732971191,36245100,0.0,0.0
2023-09-25 00:00:00-04:00,8.069999694824219,8.449999809265137,7.929999828338623,8.350000381469727,56327000,0.0,0.0
2023-09-26 00:00:00-04:00,8.149999618530273,8.579999923706055,7.929999828338623,8.40999984741211,42481600,0.0,0.0
2023-09-27 00:00:00-04:00,8.380000114440918,8.510000228881836,8.300000190734863,8.460000038146973,24089900,0.0,0.0
2023-09-28 00:00:00-04:00,8.369999885559082,8.989999771118164,8.359999656677246,8.90999984741211,55093400,0.0,0.0
2023-09-29 00:00:00-04:00,9.109999656677246,9.220000267028809,8.859999656677246,9.039999961853027,40855100,0.0,0.0
2023-10-02 00:00:00-04:00,8.899999618530273,9.0,8.699999809265137,8.789999961853027,38390600,0.0,0.0
2023-10-03 00:00:00-04:00,8.550000190734863,8.760000228881836,8.539999961853027,8.609999656677246,27185700,0.0,0.0
2023-10-04 00:00:00-04:00,8.510000228881836,8.850000381469727,8.479999542236328,8.829999923706055,28056900,0.0,0.0
2023-10-05 00:00:00-04:00,8.65999984741211,8.710000038146973,8.510000228881836,8.65999984741211,21933500,0.0,0.0
2023-10-06 00:00:00-04:00,8.489999771118164,8.75,8.460000038146973,8.720000267028809,23293500,0.0,0.0
2023-10-09 00:00:00-04:00,8.5,8.539999961853027,8.109999656677246,8.34000015258789,39704400,0.0,0.0
2023-10-10 00:00:00-04:00,8.350000381469727,8.880000114440918,8.350000381469727,8.829999923706055,42385700,0.0,0.0
2023-10-11 00:00:00-04:00,8.949999809265137,9.1899995803833,8.899999618530273,8.970000267028809,34029900,0.0,0.0
2023-10-12 00:00:00-04:00,8.880000114440918,8.970000267028809,8.380000114440918,8.4399995803833,37144100,0.0,0.0
2023-10-13 00:00:00-04:00,8.399999618530273,8.550000190734863,8.270000457763672,8.470000267028809,28358100,0.0,0.0
2023-10-16 00:00:00-04:00,8.369999885559082,8.529999732971191,8.239999771118164,8.520000457763672,24550100,0.0,0.0
2023-10-17 00:00:00-04:00,8.329999923706055,8.649999618530273,8.289999961853027,8.529999732971191,18390200,0.0,0.0
2023-10-18 00:00:00-04:00,8.529999732971191,8.539999961853027,7.869999885559082,7.909999847412109,51395200,0.0,0.0
2023-10-19 00:00:00-04:00,7.760000228881836,7.880000114440918,7.590000152587891,7.690000057220459,39606100,0.0,0.0
2023-10-20 00:00:00-04:00,7.519999980926514,7.849999904632568,7.46999979019165,7.579999923706055,31756100,0.0,0.0
2023-10-23 00:00:00-04:00,7.489999771118164,7.699999809265137,7.309999942779541,7.590000152587891,33550400,0.0,0.0
2023-10-24 00:00:00-04:00,7.559999942779541,8.119999885559082,7.559999942779541,8.09000015258789,42841700,0.0,0.0
2023-10-25 00:00:00-04:00,7.820000171661377,7.849999904632568,7.599999904632568,7.599999904632568,28413800,0.0,0.0
2023-10-26 00:00:00-04:00,7.619999885559082,7.800000190734863,7.519999980926514,7.630000114440918,27283600,0.0,0.0
2023-10-27 00:00:00-04:00,7.78000020980835,7.809999942779541,7.389999866485596,7.440000057220459,33773500,0.0,0.0
2023-10-30 00:00:00-04:00,7.559999942779541,7.639999866485596,7.400000095367432,7.519999980926514,25727700,0.0,0.0
2023-10-31 00:00:00-04:00,7.340000152587891,7.400000095367432,7.179999828338623,7.300000190734863,29679200,0.0,0.0
2023-11-01 00:00:00-04:00,7.309999942779541,7.449999809265137,7.190000057220459,7.449999809265137,33335100,0.0,0.0
2023-11-02 00:00:00-04:00,7.71999979019165,7.929999828338623,7.690000057220459,7.789999961853027,43628400,0.0,0.0
2023-11-03 00:00:00-04:00,8.010000228881836,8.300000190734863,7.869999885559082,8.229999542236328,56005600,0.0,0.0
2023-11-06 00:00:00-05:00,8.449999809265137,8.510000228881836,7.860000133514404,7.96999979019165,43859700,0.0,0.0
2023-11-07 00:00:00-05:00,7.880000114440918,7.900000095367432,7.699999809265137,7.889999866485596,25233500,0.0,0.0
2023-11-08 00:00:00-05:00,7.809999942779541,8.0,7.679999828338623,7.920000076293945,37957600,0.0,0.0
2023-11-09 00:00:00-05:00,7.820000171661377,7.960000038146973,7.460000038146973,7.46999979019165,36134800,0.0,0.0
2023-11-10 00:00:00-05:00,7.610000133514404,7.639999866485596,7.159999847412109,7.239999771118164,39843100,0.0,0.0
2023-11-13 00:00:00-05:00,7.269999980926514,7.429999828338623,7.110000133514404,7.21999979019165,34211200,0.0,0.0
2023-11-14 00:00:00-05:00,7.360000133514404,7.639999866485596,7.329999923706055,7.579999923706055,43383100,0.0,0.0
2023-11-15 00:00:00-05:00,7.639999866485596,8.199999809265137,7.630000114440918,7.940000057220459,55974000,0.0,0.0
2023-11-16 00:00:00-05:00,7.579999923706055,7.590000152587891,7.139999866485596,7.400000095367432,68800100,0.0,0.0
2023-11-17 00:00:00-05:00,7.400000095367432,7.5,7.25,7.389999866485596,26658000,0.0,0.0
2023-11-20 00:00:00-05:00,7.679999828338623,8.029999732971191,7.650000095367432,7.800000190734863,61880200,0.0,0.0
2023-11-21 00:00:00-05:00,7.619999885559082,7.710000038146973,7.420000076293945,7.510000228881836,35697200,0.0,0.0
2023-11-22 00:00:00-05:00,7.579999923706055,7.639999866485596,7.360000133514404,7.46999979019165,21966500,0.0,0.0
2023-11-24 00:00:00-05:00,7.400000095367432,7.480000019073486,7.28000020980835,7.400000095367432,22881100,0.0,0.0
2023-11-27 00:00:00-05:00,7.309999942779541,7.380000114440918,7.179999828338623,7.190000057220459,33857600,0.0,0.0
2023-11-28 00:00:00-05:00,7.199999809265137,7.260000228881836,7.019999980926514,7.210000038146973,47842500,0.0,0.0
2023-11-29 00:00:00-05:00,7.289999961853027,7.519999980926514,7.130000114440918,7.179999828338623,47707000,0.0,0.0
2023-11-30 00:00:00-05:00,7.25,7.340000152587891,7.130000114440918,7.269999980926514,45953400,0.0,0.0
2023-12-01 00:00:00-05:00,7.139999866485596,7.260000228881836,7.010000228881836,7.150000095367432,46621800,0.0,0.0
2023-12-04 00:00:00-05:00,7.139999866485596,7.380000114440918,7.03000020980835,7.320000171661377,53717900,0.0,0.0
2023-12-05 00:00:00-05:00,7.590000152587891,7.960000038146973,7.380000114440918,7.429999828338623,89837100,0.0,0.0
2023-12-06 00:00:00-05:00,7.650000095367432,8.279999732971191,7.590000152587891,7.75,118989400,0.0,0.0
2023-12-07 00:00:00-05:00,7.849999904632568,7.960000038146973,7.429999828338623,7.489999771118164,63206600,0.0,0.0
2023-12-08 00:00:00-05:00,7.369999885559082,7.570000171661377,7.300000190734863,7.380000114440918,42582700,0.0,0.0
2023-12-11 00:00:00-05:00,7.489999771118164,7.699999809265137,7.409999847412109,7.679999828338623,39418200,0.0,0.0
2023-12-12 00:00:00-05:00,7.590000152587891,7.599999904632568,7.170000076293945,7.269999980926514,59007200,0.0,0.0
2023-12-13 00:00:00-05:00,7.170000076293945,7.449999809265137,7.050000190734863,7.429999828338623,57470200,0.0,0.0
2023-12-14 00:00:00-05:00,7.46999979019165,8.020000457763672,7.460000038146973,7.860000133514404,94106100,0.0,0.0
2023-12-15 00:00:00-05:00,8.020000457763672,8.140000343322754,7.739999771118164,7.980000019073486,71148600,0.0,0.0
2023-12-18 00:00:00-05:00,8.59000015258789,8.640000343322754,8.229999542236328,8.350000381469727,131953000,0.0,0.0
2023-12-19 00:00:00-05:00,8.520000457763672,8.899999618530273,8.510000228881836,8.819999694824219,88664000,0.0,0.0
2023-12-20 00:00:00-05:00,8.630000114440918,8.699999809265137,7.920000076293945,7.920000076293945,105322300,0.0,0.0
2023-12-21 00:00:00-05:00,8.149999618530273,8.3100004196167,7.989999771118164,8.289999961853027,48972700,0.0,0.0
2023-12-22 00:00:00-05:00,8.100000381469727,8.59000015258789,8.079999923706055,8.420000076293945,55866700,0.0,0.0
2023-12-26 00:00:00-05:00,8.770000457763672,9.430000305175781,8.630000114440918,9.329999923706055,130928200,0.0,0.0
2023-12-27 00:00:00-05:00,9.260000228881836,9.329999923706055,8.890000343322754,9.100000381469727,99997200,0.0,0.0
2023-12-28 00:00:00-05:00,9.15999984741211,9.569999694824219,9.119999885559082,9.430000305175781,91988300,0.0,0.0
2023-12-29 00:00:00-05:00,9.430000305175781,9.529999732971191,8.949999809265137,9.069999694824219,74559000,0.0,0.0
2024-01-02 00:00:00-05:00,8.930000305175781,8.9399995803833,8.380000114440918,8.420000076293945,81640300,0.0,0.0
2024-01-03 00:00:00-05:00,8.119999885559082,8.5600004196167,8.100000381469727,8.5,58659300,0.0,0.0
2024-01-04 00:00:00-05:00,8.329999923706055,8.470000267028809,8.25,8.270000457763672,38412300,0.0,0.0
2024-01-05 00:00:00-05:00,8.15999984741211,8.25,8.029999732971191,8.0600004196167,40604100,0.0,0.0
2024-01-08 00:00:00-05:00,7.860000133514404,8.050000190734863,7.730000019073486,7.929999828338623,49933600,0.0,0.0
2024-01-09 00:00:00-05:00,7.800000190734863,7.840000152587891,7.519999980926514,7.559999942779541,70100900,0.0,0.0
2024-01-10 00:00:00-05:00,7.53000020980835,7.550000190734863,7.309999942779541,7.409999847412109,54569600,0.0,0.0
2024-01-11 00:00:00-05:00,7.570000171661377,7.670000076293945,7.329999923706055,7.400000095367432,52385000,0.0,0.0
2024-01-12 00:00:00-05:00,7.260000228881836,7.53000020980835,7.159999847412109,7.170000076293945,48715800,0.0,0.0
2024-01-16 00:00:00-05:00,7.039999961853027,7.050000190734863,6.449999809265137,6.550000190734863,121078900,0.0,0.0
2024-01-17 00:00:00-05:00,6.210000038146973,6.420000076293945,6.119999885559082,6.300000190734863,63011800,0.0,0.0
2024-01-18 00:00:00-05:00,6.5,6.539999961853027,6.099999904632568,6.28000020980835,71543500,0.0,0.0
2024-01-19 00:00:00-05:00,6.159999847412109,6.159999847412109,5.860000133514404,6.059999942779541,81997000,0.0,0.0
2024-01-22 00:00:00-05:00,5.829999923706055,6.170000076293945,5.800000190734863,5.980000019073486,74314700,0.0,0.0
2024-01-23 00:00:00-05:00,6.400000095367432,6.880000114440918,6.170000076293945,6.210000038146973,119010800,0.0,0.0
2024-01-24 00:00:00-05:00,6.5,6.590000152587891,6.010000228881836,6.070000171661377,76001000,0.0,0.0
2024-01-25 00:00:00-05:00,5.909999847412109,6.079999923706055,5.829999923706055,6.039999961853027,59221400,0.0,0.0
2024-01-26 00:00:00-05:00,6.0,6.150000095367432,5.96999979019165,6.139999866485596,39437600,0.0,0.0
2024-01-29 00:00:00-05:00,6.079999923706055,6.159999847412109,5.949999809265137,6.139999866485596,40118400,0.0,0.0
2024-01-30 00:00:00-05:00,6.010000228881836,6.039999961853027,5.789999961853027,5.789999961853027,66444800,0.0,0.0
2024-01-31 00:00:00-05:00,5.690000057220459,5.860000133514404,5.429999828338623,5.619999885559082,75799300,0.0,0.0
2024-02-01 00:00:00-05:00,5.730000019073486,5.920000076293945,5.539999961853027,5.710000038146973,51425400,0.0,0.0
2024-02-02 00:00:00-05:00,5.559999942779541,5.590000152587891,5.429999828338623,5.539999961853027,56717500,0.0,0.0
2024-02-05 00:00:00-05:00,5.480000019073486,5.480000019073486,5.300000190734863,5.380000114440918,45420800,0.0,0.0
2024-02-06 00:00:00-05:00,5.679999828338623,6.050000190734863,5.599999904632568,6.03000020980835,88034700,0.0,0.0
2024-02-07 00:00:00-05:00,5.809999942779541,6.0,5.730000019073486,5.860000133514404,42818400,0.0,0.0
2024-02-08 00:00:00-05:00,5.820000171661377,5.880000114440918,5.71999979019165,5.820000171661377,32055300,0.0,0.0
2024-02-09 00:00:00-05:00,5.840000152587891,5.929999828338623,5.75,5.929999828338623,25563500,0.0,0.0
2024-02-12 00:00:00-05:00,5.909999847412109,6.28000020980835,5.900000095367432,6.079999923706055,43673000,0.0,0.0
2024-02-13 00:00:00-05:00,5.860000133514404,5.880000114440918,5.650000095367432,5.699999809265137,52054400,0.0,0.0
2024-02-14 00:00:00-05:00,5.880000114440918,6.019999980926514,5.840000152587891,6.0,41176800,0.0,0.0
2024-02-15 00:00:00-05:00,6.050000190734863,6.289999961853027,6.039999961853027,6.090000152587891,54076700,0.0,0.0
2024-02-16 00:00:00-05:00,6.239999771118164,6.340000152587891,6.090000152587891,6.139999866485596,41378700,0.0,0.0
2024-02-20 00:00:00-05:00,5.929999828338623,6.03000020980835,5.789999961853027,5.960000038146973,39772200,0.0,0.0
2024-02-21 00:00:00-05:00,6.019999980926514,6.170000076293945,5.949999809265137,5.96999979019165,33907200,0.0,0.0
2024-02-22 00:00:00-05:00,5.96999979019165,5.96999979019165,5.710000038146973,5.849999904632568,49536300,0.0,0.0
2024-02-23 00:00:00-05:00,5.670000076293945,5.679999828338623,5.369999885559082,5.400000095367432,75135200,0.0,0.0
2024-02-26 00:00:00-05:00,5.539999961853027,5.769999980926514,5.5,5.650000095367432,60295300,0.0,0.0
2024-02-27 00:00:00-05:00,5.809999942779541,5.929999828338623,5.71999979019165,5.78000020980835,53722100,0.0,0.0
2024-02-28 00:00:00-05:00,5.599999904632568,5.610000133514404,5.389999866485596,5.429999828338623,58390500,0.0,0.0
2024-02-29 00:00:00-05:00,5.559999942779541,5.789999961853027,5.539999961853027,5.75,63187100,0.0,0.0
2024-03-01 00:00:00-05:00,5.730000019073486,5.840000152587891,5.679999828338623,5.78000020980835,40933100,0.0,0.0
2024-03-04 00:00:00-05:00,5.579999923706055,5.610000133514404,5.25,5.329999923706055,94275800,0.0,0.0
2024-03-05 00:00:00-05:00,5.170000076293945,5.619999885559082,4.78000020980835,5.480000019073486,94784600,0.0,0.0
2024-03-06 00:00:00-05:00,5.389999866485596,5.880000114440918,5.380000114440918,5.769999980926514,77698800,0.0,0.0
2024-03-07 00:00:00-05:00,5.670000076293945,5.789999961853027,5.46999979019165,5.769999980926514,46370300,0.0,0.0
2024-03-08 00:00:00-05:00,5.78000020980835,5.920000076293945,5.659999847412109,5.800000190734863,38928300,0.0,0.0
2024-03-11 00:00:00-04:00,5.920000076293945,6.230000019073486,5.880000114440918,6.099999904632568,64025300,0.0,0.0
2024-03-12 00:00:00-04:00,6.190000057220459,6.300000190734863,6.090000152587891,6.190000057220459,38392900,0.0,0.0
2024-03-13 00:00:00-04:00,6.079999923706055,6.269999980926514,5.909999847412109,5.920000076293945,42657900,0.0,0.0
2024-03-14 00:00:00-04:00,5.820000171661377,5.820000171661377,5.539999961853027,5.579999923706055,42679900,0.0,0.0
2024-03-15 00:00:00-04:00,5.710000038146973,5.760000228881836,5.570000171661377,5.579999923706055,33668500,0.0,0.0
2024-03-18 00:00:00-04:00,5.829999923706055,5.860000133514404,5.480000019073486,5.539999961853027,48581900,0.0,0.0
2024-03-19 00:00:00-04:00,5.489999771118164,5.489999771118164,5.130000114440918,5.190000057220459,77042900,0.0,0.0
2024-03-20 00:00:00-04:00,5.110000133514404,5.139999866485596,5.039999961853027,5.099999904632568,59385500,0.0,0.0
2024-03-21 00:00:00-04:00,5.059999942779541,5.099999904632568,4.960000038146973,5.0,46800100,0.0,0.0
2024-03-22 00:00:00-04:00,4.929999828338623,4.960000038146973,4.800000190734863,4.889999866485596,43442800,0.0,0.0
2024-03-25 00:00:00-04:00,4.920000076293945,5.090000152587891,4.889999866485596,4.909999847412109,56419400,0.0,0.0
2024-03-26 00:00:00-04:00,4.900000095367432,4.920000076293945,4.769999980926514,4.78000020980835,83744700,0.0,0.0
2024-03-27 00:00:00-04:00,4.630000114440918,4.730000019073486,4.449999809265137,4.670000076293945,85346500,0.0,0.0
2024-03-28 00:00:00-04:00,4.679999828338623,4.739999771118164,4.480000019073486,4.5,55938500,0.0,0.0
2024-04-01 00:00:00-04:00,4.630000114440918,4.75,4.570000171661377,4.639999866485596,42632700,0.0,0.0
2024-04-02 00:00:00-04:00,4.46999979019165,4.579999923706055,4.380000114440918,4.539999961853027,38932700,0.0,0.0
2024-04-03 00:00:00-04:00,4.460000038146973,4.510000228881836,4.360000133514404,4.489999771118164,33078500,0.0,0.0
2024-04-04 00:00:00-04:00,4.550000190734863,4.75,4.489999771118164,4.5,53856500,0.0,0.0
2024-04-05 00:00:00-04:00,4.5,4.579999923706055,4.380000114440918,4.389999866485596,42834900,0.0,0.0
2024-04-08 00:00:00-04:00,4.409999847412109,4.53000020980835,4.369999885559082,4.369999885559082,47453500,0.0,0.0
2024-04-09 00:00:00-04:00,4.429999828338623,4.789999961853027,4.420000076293945,4.710000038146973,76666000,0.0,0.0
2024-04-10 00:00:00-04:00,4.579999923706055,4.690000057220459,4.539999961853027,4.590000152587891,32568000,0.0,0.0
2024-04-11 00:00:00-04:00,4.599999904632568,4.610000133514404,4.429999828338623,4.460000038146973,39040200,0.0,0.0
2024-04-12 00:00:00-04:00,4.349999904632568,4.349999904632568,4.090000152587891,4.110000133514404,74700300,0.0,0.0
2024-04-15 00:00:00-04:00,4.190000057220459,4.190000057220459,3.819999933242798,3.890000104904175,70661300,0.0,0.0
2024-04-16 00:00:00-04:00,3.75,3.9100000858306885,3.7100000381469727,3.809999942779541,42222200,0.0,0.0
2024-04-17 00:00:00-04:00,3.869999885559082,3.9600000381469727,3.8399999141693115,3.9100000858306885,38767000,0.0,0.0
2024-04-18 00:00:00-04:00,3.9000000953674316,4.090000152587891,3.8499999046325684,4.0,38392100,0.0,0.0
2024-04-19 00:00:00-04:00,3.859999895095825,3.9200000762939453,3.7799999713897705,3.799999952316284,35465400,0.0,0.0
2024-04-22 00:00:00-04:00,3.680000066757202,4.050000190734863,3.609999895095825,4.0,60179600,0.0,0.0
2024-04-23 00:00:00-04:00,3.990000009536743,4.130000114440918,3.9800000190734863,4.010000228881836,41987800,0.0,0.0
2024-04-24 00:00:00-04:00,4.150000095367432,4.21999979019165,4.050000190734863,4.150000095367432,34562000,0.0,0.0
2024-04-25 00:00:00-04:00,4.050000190734863,4.170000076293945,4.03000020980835,4.130000114440918,25888400,0.0,0.0
2024-04-26 00:00:00-04:00,4.429999828338623,4.539999961853027,4.389999866485596,4.489999771118164,59264500,0.0,0.0
2024-04-29 00:00:00-04:00,4.670000076293945,4.679999828338623,4.46999979019165,4.599999904632568,56096000,0.0,0.0
2024-04-30 00:00:00-04:00,4.699999809265137,4.75,4.510000228881836,4.71999979019165,52936200,0.0,0.0
2024-05-01 00:00:00-04:00,4.760000228881836,5.440000057220459,4.739999771118164,5.269999980926514,147465600,0.0,0.0
2024-05-02 00:00:00-04:00,5.610000133514404,5.670000076293945,5.170000076293945,5.590000152587891,99532800,0.0,0.0
2024-05-03 00:00:00-04:00,5.53000020980835,5.579999923706055,5.329999923706055,5.570000171661377,54697700,0.0,0.0
2024-05-06 00:00:00-04:00,5.75,6.039999961853027,5.570000171661377,5.690000057220459,75633400,0.0,0.0
2024-05-07 00:00:00-04:00,5.539999961853027,5.829999923706055,5.460000038146973,5.510000228881836,43754100,0.0,0.0
2024-05-08 00:00:00-04:00,5.25,5.28000020980835,5.110000133514404,5.21999979019165,54908700,0.0,0.0
2024-05-09 00:00:00-04:00,5.369999885559082,5.409999847412109,5.230000019073486,5.329999923706055,34679700,0.0,0.0
2024-05-10 00:00:00-04:00,5.28000020980835,5.349999904632568,5.03000020980835,5.070000171661377,49019600,0.0,0.0
2024-05-13 00:00:00-04:00,5.199999809265137,5.659999847412109,5.159999847412109,5.409999847412109,76621100,0.0,0.0
2024-05-14 00:00:00-04:00,5.510000228881836,5.849999904632568,5.460000038146973,5.789999961853027,80661000,0.0,0.0
2024-05-15 00:00:00-04:00,6.0,6.050000190734863,5.210000038146973,5.329999923706055,112034600,0.0,0.0
2024-05-16 00:00:00-04:00,5.369999885559082,5.460000038146973,5.21999979019165,5.260000228881836,41788900,0.0,0.0
2024-05-17 00:00:00-04:00,5.28000020980835,5.389999866485596,5.039999961853027,5.28000020980835,58708400,0.0,0.0
2024-05-20 00:00:00-04:00,5.25,5.320000171661377,5.099999904632568,5.21999979019165,47706100,0.0,0.0
2024-05-21 00:00:00-04:00,5.190000057220459,5.539999961853027,5.139999866485596,5.25,75042200,0.0,0.0
2024-05-22 00:00:00-04:00,5.260000228881836,5.309999942779541,5.139999866485596,5.239999771118164,36743200,0.0,0.0
2024-05-23 00:00:00-04:00,5.119999885559082,5.130000114440918,4.710000038146973,4.800000190734863,79112800,0.0,0.0
2024-05-24 00:00:00-04:00,4.809999942779541,4.920000076293945,4.769999980926514,4.829999923706055,32225400,0.0,0.0
2024-05-28 00:00:00-04:00,4.96999979019165,5.010000228881836,4.829999923706055,4.900000095367432,46519700,0.0,0.0
2024-05-29 00:00:00-04:00,4.829999923706055,5.0,4.809999942779541,4.929999828338623,37706200,0.0,0.0
2024-05-30 00:00:00-04:00,4.949999809265137,5.440000057220459,4.929999828338623,5.400000095367432,69440000,0.0,0.0
2024-05-31 00:00:00-04:00,5.269999980926514,5.519999980926514,5.260000228881836,5.389999866485596,63176600,0.0,0.0
2024-06-03 00:00:00-04:00,5.539999961853027,5.630000114440918,5.210000038146973,5.340000152587891,53566700,0.0,0.0
2024-06-04 00:00:00-04:00,5.309999942779541,5.369999885559082,5.199999809265137,5.210000038146973,29404500,0.0,0.0
2024-06-05 00:00:00-04:00,5.329999923706055,5.349999904632568,5.150000095367432,5.269999980926514,49656100,0.0,0.0
2024-06-06 00:00:00-04:00,4.949999809265137,5.0,4.739999771118164,4.909999847412109,84453800,0.0,0.0
2024-06-07 00:00:00-04:00,4.820000171661377,4.960000038146973,4.800000190734863,4.829999923706055,34658600,0.0,0.0
2024-06-10 00:00:00-04:00,4.820000171661377,4.849999904632568,4.670000076293945,4.71999979019165,38316300,0.0,0.0
2024-06-11 00:00:00-04:00,4.789999961853027,4.800000190734863,4.349999904632568,4.460000038146973,66199200,0.0,0.0
2024-06-12 00:00:00-04:00,4.46999979019165,4.630000114440918,4.309999942779541,4.449999809265137,62311400,0.0,0.0
2024-06-13 00:00:00-04:00,4.46999979019165,4.610000133514404,4.400000095367432,4.409999847412109,27306300,0.0,0.0
2024-06-14 00:00:00-04:00,4.360000133514404,4.380000114440918,4.289999961853027,4.329999923706055,23557000,0.0,0.0
2024-06-17 00:00:00-04:00,4.320000171661377,4.480000019073486,4.239999771118164,4.429999828338623,31751400,0.0,0.0
2024-06-18 00:00:00-04:00,4.360000133514404,4.46999979019165,4.320000171661377,4.429999828338623,28884900,0.0,0.0
2024-06-20 00:00:00-04:00,4.369999885559082,4.449999809265137,4.25,4.329999923706055,28737200,0.0,0.0
2024-06-21 00:00:00-04:00,4.309999942779541,4.349999904632568,4.239999771118164,4.300000190734863,22036700,0.0,0.0
2024-06-24 00:00:00-04:00,4.300000190734863,4.53000020980835,4.289999961853027,4.440000057220459,28749700,0.0,0.0
2024-06-25 00:00:00-04:00,4.400000095367432,4.429999828338623,4.320000171661377,4.369999885559082,23318400,0.0,0.0
2024-06-26 00:00:00-04:00,4.380000114440918,4.679999828338623,4.340000152587891,4.639999866485596,53248100,0.0,0.0
2024-06-27 00:00:00-04:00,4.570000171661377,4.579999923706055,4.369999885559082,4.389999866485596,37306100,0.0,0.0
2024-06-28 00:00:00-04:00,4.349999904632568,4.360000133514404,4.139999866485596,4.159999847412109,47669500,0.0,0.0
2024-07-01 00:00:00-04:00,4.349999904632568,4.510000228881836,4.25,4.440000057220459,55633200,0.0,0.0
2024-07-02 00:00:00-04:00,4.449999809265137,4.539999961853027,4.380000114440918,4.53000020980835,35412300,0.0,0.0
2024-07-03 00:00:00-04:00,4.590000152587891,5.039999961853027,4.590000152587891,4.869999885559082,72459800,0.0,0.0
2024-07-05 00:00:00-04:00,4.71999979019165,4.75,4.409999847412109,4.619999885559082,61604000,0.0,0.0
2024-07-08 00:00:00-04:00,4.539999961853027,4.610000133514404,4.440000057220459,4.460000038146973,39272500,0.0,0.0
2024-07-09 00:00:00-04:00,4.46999979019165,4.539999961853027,4.420000076293945,4.5,26805400,0.0,0.0
2024-07-10 00:00:00-04:00,4.510000228881836,4.769999980926514,4.5,4.619999885559082,43456600,0.0,0.0
2024-07-11 00:00:00-04:00,4.789999961853027,4.800000190734863,4.599999904632568,4.679999828338623,56422800,0.0,0.0
2024-07-12 00:00:00-04:00,4.710000038146973,4.920000076293945,4.699999809265137,4.869999885559082,51523300,0.0,0.0
