Date,Open,High,Low,Close,Volume,Dividends,Stock Splits,Capital Gains
2003-02-07 00:00:00-05:00,10.414200786986177,10.414200786986177,10.347986386758466,10.350635528564453,2602400,0.0,0.0,0.0
2003-02-10 00:00:00-05:00,10.355933063524844,10.355933063524844,10.316205024719238,10.316205024719238,50400,0.0,0.0,0.0
2003-02-11 00:00:00-05:00,10.316205024719238,10.316205024719238,10.316205024719238,10.316205024719238,0,0.0,0.0,0.0
2003-02-12 00:00:00-05:00,10.316205024719238,10.316205024719238,10.316205024719238,10.316205024719238,0,0.0,0.0,0.0
2003-02-13 00:00:00-05:00,10.159937858581543,10.159937858581543,10.159937858581543,10.159937858581543,200,0.0,0.0,0.0
2003-02-14 00:00:00-05:00,10.159937858581543,10.159937858581543,10.159937858581543,10.159937858581543,0,0.0,0.0,0.0
2003-02-18 00:00:00-05:00,10.223503112792969,10.223503112792969,10.223503112792969,10.223503112792969,400,0.0,0.0,0.0
2003-02-19 00:00:00-05:00,10.175829570413084,10.210261344909668,10.175829570413084,10.210261344909668,70000,0.0,0.0,0.0
2003-02-20 00:00:00-05:00,10.279125213623047,10.279125213623047,10.279125213623047,10.279125213623047,20000,0.0,0.0,0.0
2003-02-21 00:00:00-05:00,10.416849136352539,10.416849136352539,10.416849136352539,10.416849136352539,2600,0.0,0.0,0.0
2003-02-24 00:00:00-05:00,10.355929374694824,10.355929374694824,10.355929374694824,10.355929374694824,200,0.0,0.0,0.0
2003-02-25 00:00:00-05:00,10.17847844879982,10.19437026977539,10.17847844879982,10.19437026977539,2600,0.0,0.0,0.0
2003-02-26 00:00:00-05:00,10.19437026977539,10.19437026977539,10.19437026977539,10.19437026977539,0,0.0,0.0,0.0
2003-02-27 00:00:00-05:00,10.19437026977539,10.19437026977539,10.19437026977539,10.19437026977539,0,0.0,0.0,0.0
2003-02-28 00:00:00-05:00,10.19437026977539,10.19437026977539,10.19437026977539,10.19437026977539,0,0.0,0.0,0.0
2003-03-03 00:00:00-05:00,10.19437026977539,10.19437026977539,10.19437026977539,10.19437026977539,0,0.0,0.0,0.0
2003-03-04 00:00:00-05:00,10.19437026977539,10.19437026977539,10.19437026977539,10.19437026977539,0,0.0,0.0,0.0
2003-03-05 00:00:00-05:00,10.19437026977539,10.19437026977539,10.19437026977539,10.19437026977539,0,0.0,0.0,0.0
2003-03-06 00:00:00-05:00,10.19437026977539,10.19437026977539,10.19437026977539,10.19437026977539,0,0.0,0.0,0.0
2003-03-07 00:00:00-05:00,9.87653963056635,9.889782307804284,9.868593215942383,9.868593215942383,800,0.0,0.0,0.0
2003-03-10 00:00:00-05:00,9.823568344116213,9.823568344116213,9.823568344116213,9.823568344116211,2800,0.0,0.0,0.0
2003-03-11 00:00:00-05:00,9.823568344116213,9.823568344116213,9.823568344116213,9.823568344116211,0,0.0,0.0,0.0
2003-03-12 00:00:00-05:00,9.532226354895647,9.532226354895647,9.516334533691406,9.516334533691406,1600,0.0,0.0,0.0
2003-03-13 00:00:00-05:00,9.712326049804688,9.712326049804688,9.712326049804688,9.712326049804688,400,0.0,0.0,0.0
2003-03-14 00:00:00-05:00,9.712326049804688,9.712326049804688,9.712326049804688,9.712326049804688,0,0.0,0.0,0.0
2003-03-17 00:00:00-05:00,9.884486198425291,9.884486198425291,9.884486198425291,9.884486198425293,200,0.0,0.0,0.0
2003-03-18 00:00:00-05:00,9.9824800491333,9.9824800491333,9.9824800491333,9.9824800491333,200,0.0,0.0,0.0
2003-03-19 00:00:00-05:00,9.9824800491333,9.9824800491333,9.9824800491333,9.9824800491333,0,0.0,0.0,0.0
2003-03-20 00:00:00-05:00,10.022210864542172,10.022210864542172,10.006319046020508,10.006319046020508,2000,0.0,0.0,0.0
2003-03-21 00:00:00-05:00,10.006319046020508,10.006319046020508,10.006319046020508,10.006319046020508,0,0.0,0.0,0.0
2003-03-24 00:00:00-05:00,10.006319046020508,10.006319046020508,10.006319046020508,10.006319046020508,0,0.0,0.0,0.0
2003-03-25 00:00:00-05:00,10.006319046020508,10.006319046020508,10.006319046020508,10.006319046020508,0,0.0,0.0,0.0
2003-03-26 00:00:00-05:00,9.760003089904785,9.760003089904785,9.760003089904785,9.760003089904785,200,0.0,0.0,0.0
2003-03-27 00:00:00-05:00,9.691140174865723,9.691140174865723,9.691140174865723,9.691140174865723,200,0.0,0.0,0.0
2003-03-28 00:00:00-05:00,9.561358451843262,9.561358451843262,9.561358451843262,9.561358451843262,600,0.0,0.0,0.0
2003-03-31 00:00:00-05:00,9.561358451843262,9.561358451843262,9.561358451843262,9.561358451843262,0,0.0,0.0,0.0
2003-04-01 00:00:00-05:00,9.561358451843262,9.561358451843262,9.561358451843262,9.561358451843262,0,0.0,0.0,0.0
2003-04-02 00:00:00-05:00,9.561358451843262,9.561358451843262,9.561358451843262,9.561358451843262,0,0.0,0.0,0.0
2003-04-03 00:00:00-05:00,9.561358451843262,9.561358451843262,9.561358451843262,9.561358451843262,0,0.0,0.0,0.0
2003-04-04 00:00:00-05:00,9.802377125839332,9.820918083190918,9.802377125839332,9.820918083190918,21200,0.0,0.0,0.0
2003-04-07 00:00:00-04:00,10.064587422554068,10.064587422554068,9.97188767938164,9.998373031616211,9600,0.0,0.0,0.0
2003-04-08 00:00:00-04:00,9.998373031616213,9.998373031616213,9.998373031616213,9.998373031616211,0,0.0,0.0,0.0
2003-04-09 00:00:00-04:00,9.873893737792969,9.873893737792969,9.873893737792969,9.873893737792969,200,0.0,0.0,0.0
2003-04-10 00:00:00-04:00,9.873893737792969,9.873893737792969,9.873893737792969,9.873893737792969,0,0.0,0.0,0.0
2003-04-11 00:00:00-04:00,9.993078231811523,9.993078231811523,9.993078231811523,9.993078231811523,19400,0.0,0.0,0.0
2003-04-14 00:00:00-04:00,10.104318618774414,10.104318618774414,10.104318618774414,10.104318618774414,200,0.0,0.0,0.0
2003-04-15 00:00:00-04:00,10.06458854675293,10.06458854675293,10.06458854675293,10.06458854675293,600,0.0,0.0,0.0
2003-04-16 00:00:00-04:00,10.08842658996582,10.08842658996582,10.08842658996582,10.08842658996582,1000,0.0,0.0,0.0
2003-04-17 00:00:00-04:00,10.08842658996582,10.08842658996582,10.08842658996582,10.08842658996582,0,0.0,0.0,0.0
2003-04-21 00:00:00-04:00,10.104318618774414,10.104318618774414,10.104318618774414,10.104318618774414,200,0.0,0.0,0.0
2003-04-22 00:00:00-04:00,10.141398543541795,10.19437026977539,10.141398543541795,10.19437026977539,1200,0.0,0.0,0.0
2003-04-23 00:00:00-04:00,10.19437026977539,10.19437026977539,10.19437026977539,10.19437026977539,0,0.0,0.0,0.0
2003-04-24 00:00:00-04:00,10.19437026977539,10.19437026977539,10.19437026977539,10.19437026977539,0,0.0,0.0,0.0
2003-04-25 00:00:00-04:00,10.146694405641224,10.14934253692627,10.146694405641224,10.14934253692627,2200,0.0,0.0,0.0
2003-04-28 00:00:00-04:00,10.197017669677734,10.197017669677734,10.197017669677734,10.197017669677734,400,0.0,0.0,0.0
2003-04-29 00:00:00-04:00,10.197017669677734,10.197017669677734,10.197017669677734,10.197017669677734,0,0.0,0.0,0.0
2003-04-30 00:00:00-04:00,10.244690153428472,10.260581970214844,10.175826624372238,10.260581970214844,3400,0.0,0.0,0.0
2003-05-01 00:00:00-04:00,10.276473045349121,10.276473045349121,10.276473045349121,10.276473045349121,6200,0.0,0.0,0.0
2003-05-02 00:00:00-04:00,10.199666303423852,10.255287170410156,10.199666303423852,10.255287170410156,2400,0.0,0.0,0.0
2003-05-05 00:00:00-04:00,10.146694658764426,10.52014382106515,10.146694658764426,10.485712051391602,3400,0.0,0.0,0.0
2003-05-06 00:00:00-04:00,10.461874961853027,10.461874961853027,10.461874961853027,10.461874961853027,8000,0.0,0.0,0.0
2003-05-07 00:00:00-04:00,10.477765607849378,10.52544005025338,10.477765607849378,10.522790908813477,40200,0.0,0.0,0.0
2003-05-08 00:00:00-04:00,10.385064078659806,10.385064078659806,10.371821403503418,10.371821403503418,600,0.0,0.0,0.0
2003-05-09 00:00:00-04:00,10.498953042024926,10.498953042024926,10.488358497619629,10.488358497619629,400,0.0,0.0,0.0
2003-05-12 00:00:00-04:00,10.665814399719237,10.665814399719237,10.665814399719237,10.665814399719238,400,0.0,0.0,0.0
2003-05-13 00:00:00-04:00,10.620783828777693,10.697592735290527,10.620783828777693,10.697592735290527,400,0.0,0.0,0.0
2003-05-14 00:00:00-04:00,10.586355996920577,10.586355996920577,10.583706855773926,10.583706855773926,1000,0.0,0.0,0.0
2003-05-15 00:00:00-04:00,10.477765704845755,10.477765704845755,10.26852798461914,10.26852798461914,12800,0.0,0.0,0.0
2003-05-16 00:00:00-04:00,10.26852798461914,10.26852798461914,10.26852798461914,10.26852798461914,0,0.0,0.0,0.0
2003-05-19 00:00:00-04:00,10.295012520400451,10.308255195617676,10.271175300868906,10.308255195617676,61000,0.0,0.0,0.0
2003-05-20 00:00:00-04:00,10.308255195617676,10.308255195617676,10.308255195617676,10.308255195617676,0,0.0,0.0,0.0
2003-05-21 00:00:00-04:00,10.302958488464355,10.302958488464355,10.302958488464355,10.302958488464355,200,0.0,0.0,0.0
2003-05-22 00:00:00-04:00,10.300312731430441,10.300312731430441,10.279124647107794,10.284421920776367,3200,0.0,0.0,0.0
2003-05-23 00:00:00-04:00,10.284421920776367,10.284421920776367,10.284421920776367,10.284421920776367,0,0.0,0.0,0.0
2003-05-27 00:00:00-04:00,10.353283450616509,10.353283450616509,10.300311729435418,10.33474349975586,4200,0.0,0.0,0.0
2003-05-28 00:00:00-04:00,10.400955200195314,10.400955200195314,10.400955200195314,10.400955200195312,600,0.0,0.0,0.0
2003-05-29 00:00:00-04:00,10.456578863704568,10.464524269104004,10.456578863704568,10.464524269104004,2000,0.0,0.0,0.0
2003-05-30 00:00:00-04:00,10.589005334167343,10.589005334167343,10.549277305603027,10.549277305603027,4800,0.0,0.0,0.0
2003-06-02 00:00:00-04:00,10.655219212839413,10.771756172180176,10.634031134028083,10.771756172180176,26000,0.0,0.0,0.0
2003-06-03 00:00:00-04:00,10.771756172180176,10.771756172180176,10.771756172180176,10.771756172180176,0,0.0,0.0,0.0
2003-06-04 00:00:00-04:00,10.623435632306604,10.634030175933423,10.623435632306604,10.631381034851074,2000,0.0,0.0,0.0
2003-06-05 00:00:00-04:00,10.631381034851072,10.631381034851072,10.631381034851072,10.631381034851074,0,0.0,0.0,0.0
2003-06-06 00:00:00-04:00,10.978348774353238,10.991591453552246,10.978348774353238,10.991591453552246,37200,0.0,0.0,0.0
2003-06-09 00:00:00-04:00,11.020723694642324,11.020723694642324,10.93596935272217,10.935969352722168,3800,0.0,0.0,0.0
2003-06-10 00:00:00-04:00,10.935970572118514,10.951861381530762,10.935970572118514,10.951861381530762,2800,0.0,0.0,0.0
2003-06-11 00:00:00-04:00,10.938617706298828,10.938617706298828,10.938617706298828,10.938617706298828,200,0.0,0.0,0.0
2003-06-12 00:00:00-04:00,10.843268817112014,10.996886696435542,10.843268817112014,10.938617706298828,11400,0.0,0.0,0.0
2003-06-13 00:00:00-04:00,11.002184570071163,11.002184570071163,10.946564718458438,10.959807395935059,3000,0.0,0.0,0.0
2003-06-16 00:00:00-04:00,11.002185115155992,11.094884872436523,11.002185115155992,11.094884872436523,2800,0.0,0.0,0.0
2003-06-17 00:00:00-04:00,11.15315055847168,11.15315055847168,11.15315055847168,11.15315055847168,800,0.0,0.0,0.0
2003-06-18 00:00:00-04:00,11.063101025406551,11.07899284362793,11.063101025406551,11.07899284362793,800,0.0,0.0,0.0
2003-06-19 00:00:00-04:00,11.13726372617132,11.15580368041992,11.13726372617132,11.155803680419922,1600,0.0,0.0,0.0
2003-06-20 00:00:00-04:00,11.126667397131754,11.145208358764648,11.126667397131754,11.145208358764648,1600,0.0,0.0,0.0
2003-06-23 00:00:00-04:00,10.949212774045767,10.949212774045767,10.90153832717861,10.92007827758789,22400,0.0,0.0,0.0
2003-06-24 00:00:00-04:00,10.877701537203631,10.877701537203631,10.856513454613651,10.875053405761719,22400,0.0,0.0,0.0
2003-06-25 00:00:00-04:00,10.922727584838867,10.922727584838867,10.922727584838867,10.922727584838867,400,0.0,0.0,0.0
2003-06-26 00:00:00-04:00,10.875055436626136,10.914783477783203,10.861811745888696,10.914783477783203,23400,0.0,0.0,0.0
2003-06-27 00:00:00-04:00,10.906835765525091,10.922727584838867,10.906835765525091,10.922727584838867,1600,0.0,0.0,0.0
2003-06-30 00:00:00-04:00,10.973049551836834,10.978346824645994,10.973049551836834,10.978346824645996,21200,0.0,0.0,0.0
2003-07-01 00:00:00-04:00,11.137261687747566,11.179638862609863,11.137261687747566,11.179638862609863,3200,0.0,0.0,0.0
2003-07-02 00:00:00-04:00,11.208775422885308,11.245855331420898,11.208775422885308,11.245855331420898,40600,0.0,0.0,0.0
2003-07-03 00:00:00-04:00,11.30941963195801,11.30941963195801,11.30941963195801,11.309419631958008,2000,0.0,0.0,0.0
2003-07-07 00:00:00-04:00,11.176991191806009,11.224665641784666,11.176991191806009,11.224665641784668,4000,0.0,0.0,0.0
2003-07-08 00:00:00-04:00,11.245853835010097,11.341202735900879,11.22731388320929,11.341202735900879,1600,0.0,0.0,0.0
2003-07-09 00:00:00-04:00,11.349145979747494,11.349145979747494,11.232609017711788,11.235257148742676,22200,0.0,0.0,0.0
2003-07-10 00:00:00-04:00,11.293526992792716,11.293526992792716,11.251149820619725,11.285581588745117,14400,0.0,0.0,0.0
2003-07-11 00:00:00-04:00,11.25115063710979,11.30941963195801,11.25115063710979,11.309419631958008,1800,0.0,0.0,0.0
2003-07-14 00:00:00-04:00,11.494818390526092,11.531898286890467,11.494818390526092,11.516006469726562,2000,0.0,0.0,0.0
2003-07-15 00:00:00-04:00,11.476279154481167,11.476279154481167,11.269689559936525,11.269689559936523,2600,0.0,0.0,0.0
2003-07-16 00:00:00-04:00,11.269689559936525,11.269689559936525,11.269689559936525,11.269689559936523,0,0.0,0.0,0.0
2003-07-17 00:00:00-04:00,11.06045295737124,11.06045295737124,10.951861381530762,10.951861381530762,3200,0.0,0.0,0.0
2003-07-18 00:00:00-04:00,10.92537614246972,11.004833221435547,10.92537614246972,11.004833221435547,15000,0.0,0.0,0.0
2003-07-21 00:00:00-04:00,11.004833221435547,11.004833221435547,11.004833221435547,11.004833221435547,200,0.0,0.0,0.0
2003-07-22 00:00:00-04:00,11.097532272338865,11.097532272338865,11.097532272338865,11.097532272338867,200,0.0,0.0,0.0
2003-07-23 00:00:00-04:00,11.245855331420898,11.245855331420898,11.245855331420898,11.245855331420898,20000,0.0,0.0,0.0
2003-07-24 00:00:00-04:00,11.365038351301392,11.383578300476072,11.365038351301392,11.383578300476074,8800,0.0,0.0,0.0
2003-07-25 00:00:00-04:00,11.698757171630861,11.698757171630861,11.698757171630861,11.69875717163086,400,0.0,0.0,0.0
2003-07-28 00:00:00-04:00,11.839134050659503,11.878862081524414,11.83118763620533,11.836484909057617,5800,0.0,0.0,0.0
2003-07-29 00:00:00-04:00,11.836487215046418,11.836487215046418,11.778219223022461,11.778219223022461,400,0.0,0.0,0.0
2003-07-30 00:00:00-04:00,11.614003871474127,11.661678314208984,11.614003871474127,11.661678314208984,800,0.0,0.0,0.0
2003-07-31 00:00:00-04:00,11.627246385644202,11.735837936401367,11.627246385644202,11.735837936401367,2400,0.0,0.0,0.0
2003-08-01 00:00:00-04:00,11.651086506488692,11.672274589538574,11.651086506488692,11.672274589538574,400,0.0,0.0,0.0
2003-08-04 00:00:00-04:00,11.619303323404452,11.717301368713377,11.619303323404452,11.717301368713379,22600,0.0,0.0,0.0
2003-08-05 00:00:00-04:00,11.698761538123902,11.709356086266538,11.698761538123902,11.706707954406738,1000,0.0,0.0,0.0
2003-08-06 00:00:00-04:00,11.757030487060545,11.757030487060545,11.757030487060545,11.757030487060547,200,0.0,0.0,0.0
2003-08-07 00:00:00-04:00,11.757030487060545,11.757030487060545,11.757030487060545,11.757030487060547,0,0.0,0.0,0.0
2003-08-08 00:00:00-04:00,11.780863233137868,11.780863233137868,11.735837936401367,11.735837936401367,20600,0.0,0.0,0.0
2003-08-11 00:00:00-04:00,11.907996211015584,11.93448257446289,11.907996211015584,11.93448257446289,2600,0.0,0.0,0.0
2003-08-12 00:00:00-04:00,12.003344667359272,12.003344667359272,11.979507446289062,11.979507446289062,6400,0.0,0.0,0.0
2003-08-13 00:00:00-04:00,12.082805633544924,12.082805633544924,12.082805633544924,12.082805633544922,2000,0.0,0.0,0.0
2003-08-14 00:00:00-04:00,12.082803891548998,12.085453033447266,12.082803891548998,12.085453033447266,600,0.0,0.0,0.0
2003-08-15 00:00:00-04:00,12.103992462158203,12.103992462158203,12.103992462158203,12.103992462158203,200,0.0,0.0,0.0
2003-08-18 00:00:00-04:00,12.167553086267972,12.22052478790283,12.167553086267972,12.220524787902832,10800,0.0,0.0,0.0
2003-08-19 00:00:00-04:00,12.249664736738945,12.289393783269018,12.249664736738945,12.268204689025879,21000,0.0,0.0,0.0
2003-08-20 00:00:00-04:00,12.273500442504883,12.273500442504883,12.273500442504883,12.273500442504883,1400,0.0,0.0,0.0
2003-08-21 00:00:00-04:00,12.376793028942958,12.379442170205198,12.278796019618602,12.289390563964844,4800,0.0,0.0,0.0
2003-08-22 00:00:00-04:00,12.366200358494964,12.366200358494964,12.339715003967285,12.339715003967285,9400,0.0,0.0,0.0
2003-08-25 00:00:00-04:00,12.228477478027344,12.228477478027344,12.228477478027344,12.228477478027344,20000,0.0,0.0,0.0
2003-08-26 00:00:00-04:00,12.151665173254544,12.233770370483398,12.143718759391026,12.233770370483398,2000,0.0,0.0,0.0
2003-08-27 00:00:00-04:00,12.270852920924895,12.284095598668912,12.270852920924895,12.28144645690918,5400,0.0,0.0,0.0
2003-08-28 00:00:00-04:00,12.326475751341459,12.339718432284483,12.31852933449421,12.334421157836914,5400,0.0,0.0,0.0
2003-08-29 00:00:00-04:00,12.392687112723774,12.392687112723774,12.34501266479492,12.345012664794922,1400,0.0,0.0,0.0
2003-09-02 00:00:00-04:00,12.4430079034054,12.461547851562502,12.4430079034054,12.4615478515625,600,0.0,0.0,0.0
2003-09-03 00:00:00-04:00,12.60722189790943,12.649599075317383,12.599276492880316,12.649599075317383,17800,0.0,0.0,0.0
2003-09-04 00:00:00-04:00,12.588683251737422,12.588683251737422,12.578089714050293,12.578089714050293,5600,0.0,0.0,0.0
2003-09-05 00:00:00-04:00,12.593977540097576,12.63370658064879,12.588680267333984,12.588680267333984,3400,0.0,0.0,0.0
2003-09-08 00:00:00-04:00,12.495977608158436,12.495977608158436,12.435060501098635,12.435060501098633,800,0.0,0.0,0.0
2003-09-09 00:00:00-04:00,12.665489763663615,12.686678855649477,12.596627235412598,12.596627235412598,21000,0.0,0.0,0.0
2003-09-10 00:00:00-04:00,12.541003697810032,12.541003697810032,12.509221076965332,12.509221076965332,20200,0.0,0.0,0.0
2003-09-11 00:00:00-04:00,12.607219305804614,12.607219305804614,12.461547851562502,12.4615478515625,41800,0.0,0.0,0.0
2003-09-12 00:00:00-04:00,12.427116902941425,12.427116902941425,12.421820640563965,12.421820640563965,20400,0.0,0.0,0.0
2003-09-15 00:00:00-04:00,12.355604086750812,12.355604086750812,12.315875053405762,12.315875053405762,20800,0.0,0.0,0.0
2003-09-16 00:00:00-04:00,12.289391853395273,12.421820640563965,12.289391853395273,12.421820640563965,190200,0.0,0.0,0.0
2003-09-17 00:00:00-04:00,12.421823173727066,12.519820213317873,12.421823173727066,12.519820213317871,3200,0.0,0.0,0.0
2003-09-18 00:00:00-04:00,12.686681208332988,12.686681208332988,12.599277703210028,12.615169525146484,25000,0.0,0.0,0.0
2003-09-19 00:00:00-04:00,12.620465586760094,12.649599075317383,12.620465586760094,12.649599075317383,6600,0.0,0.0,0.0
2003-09-22 00:00:00-04:00,12.68932510999571,12.699919654421521,12.686676979064941,12.686676979064941,2200,0.0,0.0,0.0
2003-09-23 00:00:00-04:00,12.639005094880146,12.673435855698258,12.6363559530624,12.644302368164062,1800,0.0,0.0,0.0
2003-09-24 00:00:00-04:00,12.686677812275715,12.710515033623638,12.673434125697977,12.697271347045898,25600,0.0,0.0,0.0
2003-09-25 00:00:00-04:00,12.660192533821096,12.69992157625425,12.660192533821096,12.67343521118164,33400,0.0,0.0,0.0
2003-09-26 00:00:00-04:00,12.448306903046662,12.485386804505874,12.448306903046662,12.47214412689209,1000,0.0,0.0,0.0
2003-09-29 00:00:00-04:00,12.530411594142556,12.61781406402588,12.530411594142556,12.617814064025879,800,0.0,0.0,0.0
2003-09-30 00:00:00-04:00,12.758188820108316,12.758188820108316,12.61251735687256,12.612517356872559,102400,0.0,0.0,0.0
2003-10-01 00:00:00-04:00,12.665490450948166,12.665490450948166,12.612518728460552,12.644302368164062,1200,0.0,0.0,0.0
2003-10-02 00:00:00-04:00,12.644302368164062,12.644302368164062,12.644302368164062,12.644302368164062,0,0.0,0.0,0.0
2003-10-03 00:00:00-04:00,13.025694632468506,13.049531852826597,12.869428634643555,12.869428634643555,29600,0.0,0.0,0.0
2003-10-06 00:00:00-04:00,12.951538231510277,13.091912449066989,12.951538231510277,13.081317901611328,3200,0.0,0.0,0.0
2003-10-07 00:00:00-04:00,13.099858295958006,13.134290071173453,13.036293029785154,13.036293029785156,7600,0.0,0.0,0.0
2003-10-08 00:00:00-04:00,13.12634250406482,13.24287947976016,13.12634250406482,13.237582206726074,3400,0.0,0.0,0.0
2003-10-09 00:00:00-04:00,13.335580289024678,13.38325473975886,13.327634884019515,13.367363929748535,29600,0.0,0.0,0.0
2003-10-10 00:00:00-04:00,13.454767544817448,13.457416686942523,13.39385041051272,13.42033576965332,6000,0.0,0.0,0.0
2003-10-13 00:00:00-04:00,13.547466547487018,13.547466547487018,13.462712196919817,13.499792098999023,4400,0.0,0.0,0.0
2003-10-14 00:00:00-04:00,13.40179712043651,13.502443313598635,13.40179712043651,13.502443313598633,3600,0.0,0.0,0.0
2003-10-15 00:00:00-04:00,13.52362803331882,13.52362803331882,13.428279145437495,13.430927276611328,8200,0.0,0.0,0.0
2003-10-16 00:00:00-04:00,13.47860123799145,13.581895526047594,13.47860123799145,13.539518356323242,7000,0.0,0.0,0.0
2003-10-17 00:00:00-04:00,13.438875032903129,13.489197613043066,13.425631344657011,13.436225891113281,25400,0.0,0.0,0.0
2003-10-20 00:00:00-04:00,13.438873434431514,13.438873434431514,13.39914439512181,13.401792526245117,17600,0.0,0.0,0.0
2003-10-21 00:00:00-04:00,13.465361774719646,13.47860445397731,13.422984594884127,13.454767227172852,16800,0.0,0.0,0.0
2003-10-22 00:00:00-04:00,13.48125352918037,13.53157611425058,13.452119028747004,13.518333435058594,10000,0.0,0.0,0.0
2003-10-23 00:00:00-04:00,13.343531052093999,13.425636291503906,13.317044676194083,13.425636291503906,22600,0.0,0.0,0.0
2003-10-24 00:00:00-04:00,13.462715516033374,13.531578063964844,13.444174550071105,13.531578063964844,1600,0.0,0.0,0.0
2003-10-27 00:00:00-05:00,13.518331305377162,13.58984297416991,13.48389953662106,13.579248428344727,34600,0.0,0.0,0.0
2003-10-28 00:00:00-05:00,13.616326295118151,13.666648864746094,13.597786347868313,13.666648864746094,50800,0.0,0.0,0.0
2003-10-29 00:00:00-05:00,13.693133688661355,13.875885009765623,13.693133688661355,13.875885009765625,16800,0.0,0.0,0.0
2003-10-30 00:00:00-05:00,13.957994031308504,14.082476401190624,13.957994031308504,14.003019332885742,12200,0.0,0.0,0.0
2003-10-31 00:00:00-05:00,13.928860353142529,13.968589394798041,13.928860353142529,13.963292121887207,13600,0.0,0.0,0.0
2003-11-03 00:00:00-05:00,14.167230740870348,14.167230740870348,13.989775657653807,13.989775657653809,24800,0.0,0.0,0.0
2003-11-04 00:00:00-05:00,14.063938393087666,14.095722033076912,14.055992988266144,14.093072891235352,10400,0.0,0.0,0.0
2003-11-05 00:00:00-05:00,14.003020764793167,14.013615311077569,13.825566661111381,13.971238136291504,13800,0.0,0.0,0.0
2003-11-06 00:00:00-05:00,13.952697188295954,13.976534410556484,13.952697188295954,13.95799446105957,1400,0.0,0.0,0.0
2003-11-07 00:00:00-05:00,13.960641803861364,14.111610532868522,13.936804582947001,14.101016998291016,8200,0.0,0.0,0.0
2003-11-10 00:00:00-05:00,14.010967223643231,14.021560759609327,13.984480857849121,13.984480857849121,10600,0.0,0.0,0.0
2003-11-11 00:00:00-05:00,13.891779345426933,13.891779345426933,13.883832931518555,13.883832931518555,600,0.0,0.0,0.0
2003-11-12 00:00:00-05:00,13.98183462297343,14.153991477404926,13.98183462297343,14.15134334564209,12000,0.0,0.0,0.0
2003-11-13 00:00:00-05:00,14.22284871032466,14.445329062599674,14.220199569386768,14.424139976501465,28800,0.0,0.0,0.0
2003-11-14 00:00:00-05:00,14.38441471577978,14.55392339568706,14.37911744323875,14.538031578063965,35400,0.0,0.0,0.0
2003-11-17 00:00:00-05:00,14.408253446061657,14.437386932561429,14.16988120850691,14.22550106048584,31200,0.0,0.0,0.0
2003-11-18 00:00:00-05:00,14.278469663970032,14.442681052685801,14.233444368012204,14.413546562194824,41200,0.0,0.0,0.0
2003-11-19 00:00:00-05:00,14.493005021822755,14.493005021822755,14.397656145044762,14.418844223022461,30200,0.0,0.0,0.0
2003-11-20 00:00:00-05:00,14.360577715399979,14.360577715399979,14.214905244159619,14.336740493774414,4600,0.0,0.0,0.0
2003-11-21 00:00:00-05:00,14.323497599524972,14.400305525504432,14.323497599524972,14.39765739440918,2400,0.0,0.0,0.0
2003-11-24 00:00:00-05:00,14.249337838673467,14.318201376414423,14.241392434453934,14.283769607543945,29800,0.0,0.0,0.0
2003-11-25 00:00:00-05:00,14.342036082142517,14.418844000270349,14.307604319315423,14.4161958694458,13600,0.0,0.0,0.0
2003-11-26 00:00:00-05:00,14.540682593651644,14.728731246514316,14.540682593651644,14.691651344299316,30600,0.0,0.0,0.0
2003-11-28 00:00:00-05:00,14.800237023313343,15.033310890197754,14.800237023313343,15.033310890197754,562800,0.0,0.0,0.0
2003-12-01 00:00:00-05:00,15.292877701575781,15.480926348119558,15.292877701575781,15.478277206420898,37800,0.0,0.0,0.0
2003-12-02 00:00:00-05:00,15.274337596237215,15.451792716979982,15.274337596237215,15.45179271697998,21200,0.0,0.0,0.0
2003-12-03 00:00:00-05:00,15.446495443637495,15.478278073340833,15.35909295936542,15.45179271697998,9400,0.0,0.0,0.0
2003-12-04 00:00:00-05:00,15.266392917398678,15.269042059371692,15.115424156188965,15.115424156188965,17400,0.0,0.0,0.0
2003-12-05 00:00:00-05:00,15.01477671771916,15.234609006843836,15.01477671771916,15.213419914245605,4400,0.0,0.0,0.0
2003-12-08 00:00:00-05:00,15.014774716353742,15.014774716353742,14.911480429584648,14.943263053894043,11800,0.0,0.0,0.0
2003-12-09 00:00:00-05:00,15.020072057541093,15.13661003112793,15.020072057541093,15.13661003112793,23200,0.0,0.0,0.0
2003-12-10 00:00:00-05:00,14.911484604585594,14.996238966708257,14.678409603572428,14.704895973205566,31600,0.0,0.0,0.0
2003-12-11 00:00:00-05:00,14.80818936989144,14.884998321533201,14.784352143876811,14.884998321533203,13400,0.0,0.0,0.0
2003-12-12 00:00:00-05:00,14.855865994745539,14.990942955017092,14.834676897254909,14.99094295501709,4800,0.0,0.0,0.0
2003-12-15 00:00:00-05:00,15.096886051738249,15.239909425239137,15.075696954766968,15.165748596191406,6800,0.0,0.0,0.0
2003-12-16 00:00:00-05:00,15.160443376217996,15.160443376217996,15.006825544981712,15.033310890197754,7600,0.0,0.0,0.0
2003-12-17 00:00:00-05:00,14.964455447726781,14.964455447726781,14.863809269781665,14.89824104309082,10400,0.0,0.0,0.0
2003-12-18 00:00:00-05:00,14.715487481090346,14.779052734375,14.62278672205229,14.779052734375,14000,0.0,0.0,0.0
2003-12-19 00:00:00-05:00,14.802891454733816,14.802891454733816,14.453279495239258,14.453279495239258,27600,0.0,0.0,0.0
2003-12-22 00:00:00-05:00,14.18828425792581,14.255336639063195,14.182919944658243,14.247289657592773,43400,0.341,0.0,0.0
2003-12-23 00:00:00-05:00,14.25534633402514,14.365312272951995,14.249982017109337,14.34921932220459,14600,0.0,0.0,0.0
2003-12-24 00:00:00-05:00,14.711296666817061,14.831991195678711,14.711296666817061,14.831991195678711,12800,0.0,0.0,0.0
2003-12-26 00:00:00-05:00,14.75420793990891,14.772983551025392,14.73006903777436,14.77298355102539,3000,0.0,0.0,0.0
2003-12-29 00:00:00-05:00,14.778347826483412,14.82126131945476,14.778347826483412,14.81857967376709,8600,0.0,0.0,0.0
2003-12-30 00:00:00-05:00,15.022416034254054,15.143110533079083,15.022416034254054,15.110925674438477,7800,0.0,0.0,0.0
2003-12-31 00:00:00-05:00,15.180661221405376,15.180661221405376,14.944637536952214,15.09215259552002,6800,0.0,0.0,0.0
2004-01-02 00:00:00-05:00,15.20480090175248,15.405958089132294,15.177980352690517,15.403276443481445,16000,0.0,0.0,0.0
2004-01-05 00:00:00-05:00,15.899460705498917,15.94237418962846,15.87800447500323,15.89677906036377,20400,0.0,0.0,0.0
2004-01-06 00:00:00-05:00,15.741219416757161,15.741219416757161,15.545426551918945,15.735855102539062,16400,0.0,0.0,0.0
2004-01-07 00:00:00-05:00,15.55615445861083,15.55615445861083,15.387182149564445,15.475691795349121,59400,0.0,0.0,0.0
2004-01-08 00:00:00-05:00,15.298676166254909,15.37377452850342,15.180663284849023,15.373774528503418,18800,0.0,0.0,0.0
2004-01-09 00:00:00-05:00,15.24503156482396,15.29867368192135,15.15384027269988,15.255760192871094,24200,0.0,0.0,0.0
2004-01-12 00:00:00-05:00,15.153842470732943,15.153842470732943,14.912453420350852,14.950003623962402,68200,0.0,0.0,0.0
2004-01-13 00:00:00-05:00,14.9660954121728,15.100200211606497,14.9660954121728,15.033147811889648,28600,0.0,0.0,0.0
2004-01-14 00:00:00-05:00,14.858810407577653,14.936590404351993,14.840035819755746,14.856127738952637,39800,0.0,0.0,0.0
2004-01-15 00:00:00-05:00,14.483319508311812,14.483319508311812,14.349214698049666,14.402856826782227,57200,0.0,0.0,0.0
2004-01-16 00:00:00-05:00,14.520864142629119,14.550367355346678,14.46990469902309,14.55036735534668,22200,0.0,0.0,0.0
2004-01-20 00:00:00-05:00,14.856128046670863,14.963412284851074,14.813214556026443,14.963412284851074,27000,0.0,0.0,0.0
2004-01-21 00:00:00-05:00,14.77834906916926,14.831991195678711,14.684476115131567,14.831991195678711,14600,0.0,0.0,0.0
2004-01-22 00:00:00-05:00,14.950007030636618,15.033151371162303,14.928549766540527,14.928549766540527,8800,0.0,0.0,0.0
2004-01-23 00:00:00-05:00,14.979504960098016,14.998279549255983,14.829308246834277,14.861493110656738,26000,0.0,0.0,0.0
2004-01-26 00:00:00-05:00,14.907086411705334,14.952681541442871,14.907086411705334,14.952681541442871,24800,0.0,0.0,0.0
2004-01-27 00:00:00-05:00,15.033144771022544,15.207481384277342,15.033144771022544,15.207481384277344,11400,0.0,0.0,0.0
2004-01-28 00:00:00-05:00,15.234308856995991,15.312089905856862,15.127025604248047,15.127025604248047,43200,0.0,0.0,0.0
2004-01-29 00:00:00-05:00,14.960733655431145,15.019740104675293,14.896363913654438,15.019740104675293,47200,0.0,0.0,0.0
2004-01-30 00:00:00-05:00,15.01973948329338,15.01973948329338,14.869541720130565,14.94464111328125,47800,0.0,0.0,0.0
2004-02-02 00:00:00-05:00,14.933909678883515,14.933909678883515,14.882950226390118,14.901724815368652,3200,0.0,0.0,0.0
2004-02-03 00:00:00-05:00,15.102886693330491,15.16725644035152,15.102886693330491,15.127025604248047,2600,0.0,0.0,0.0
2004-02-04 00:00:00-05:00,15.022417641213286,15.06264948617133,15.006325721740724,15.006325721740723,49600,0.0,0.0,0.0
2004-02-05 00:00:00-05:00,14.979509407347757,14.979509407347757,14.75153160095215,14.751531600952148,8000,0.0,0.0,0.0
2004-02-06 00:00:00-05:00,14.896361441075218,15.006327336234737,14.896361441075218,14.99291706085205,4200,0.0,0.0,0.0
2004-02-09 00:00:00-05:00,15.151157625461442,15.22089165688043,15.148474957057894,15.207481384277344,15200,0.0,0.0,0.0
2004-02-10 00:00:00-05:00,15.271852664371139,15.35499800003738,15.271852664371139,15.328177452087402,48400,0.0,0.0,0.0
2004-02-11 00:00:00-05:00,15.312086615064548,15.566885948181152,15.279901748471033,15.566885948181152,12000,0.0,0.0,0.0
2004-02-12 00:00:00-05:00,15.607115742293548,15.82436587947721,15.607115742293548,15.792181015014648,35800,0.0,0.0,0.0
2004-02-13 00:00:00-05:00,15.851189155681528,16.025525829187533,15.851189155681528,15.875328063964844,10600,0.0,0.0,0.0
2004-02-17 00:00:00-05:00,16.022837320028657,16.103299972129424,15.982605482409205,16.095252990722656,67800,0.0,0.0,0.0
2004-02-18 00:00:00-05:00,16.092576914236663,16.116715820533557,15.904829978942871,15.904829978942871,33600,0.0,0.0,0.0
2004-02-19 00:00:00-05:00,15.920921261293149,15.920921261293149,15.869960784912108,15.86996078491211,9800,0.0,0.0,0.0
2004-02-20 00:00:00-05:00,15.620530877929818,15.620530877929818,15.48910769578458,15.60980224609375,611400,0.0,0.0,0.0
2004-02-23 00:00:00-05:00,15.714400746116345,15.727811021694485,15.593706219636191,15.690261840820312,95400,0.0,0.0,0.0
2004-02-24 00:00:00-05:00,15.566888231856598,15.647350921713558,15.556159600372041,15.582980155944824,92000,0.0,0.0,0.0
2004-02-25 00:00:00-05:00,15.725131671915756,15.725131671915756,15.558840956423104,15.56956958770752,2600,0.0,0.0,0.0
2004-02-26 00:00:00-05:00,15.56956958770752,15.56956958770752,15.56956958770752,15.56956958770752,0,0.0,0.0,0.0
2004-02-27 00:00:00-05:00,15.66880530946517,15.77340791936749,15.66880530946517,15.77072525024414,2000,0.0,0.0,0.0
2004-03-01 00:00:00-05:00,16.00674560257505,16.065752029418945,15.945057530482895,16.065752029418945,25800,0.0,0.0,0.0
2004-03-02 00:00:00-05:00,16.140852332374745,16.14353397794837,15.923602207931216,15.928966522216797,2200,0.0,0.0,0.0
2004-03-03 00:00:00-05:00,15.655397124916794,15.684900350384497,15.585663065470193,15.641986846923828,25800,0.0,0.0,0.0
2004-03-04 00:00:00-05:00,15.580295202470207,15.730492941956253,15.534699039908675,15.700989723205566,5400,0.0,0.0,0.0
2004-03-05 00:00:00-05:00,15.824363273661339,16.1220760345459,15.824363273661339,16.1220760345459,149200,0.0,0.0,0.0
2004-03-08 00:00:00-05:00,16.186447210994906,16.237407684326172,16.151580703402093,16.237407684326172,11200,0.0,0.0,0.0
2004-03-09 00:00:00-05:00,16.11671412791166,16.19449515371493,16.065754674698333,16.146217346191406,18200,0.0,0.0,0.0
2004-03-10 00:00:00-05:00,15.8753207167338,15.8753207167338,15.709031105041502,15.709031105041504,37800,0.0,0.0,0.0
2004-03-11 00:00:00-05:00,15.473011546606333,15.473011546606333,15.400594831404122,15.408641815185547,5800,0.0,0.0,0.0
2004-03-12 00:00:00-05:00,15.392549745917329,15.451556189023272,15.373775154590618,15.448873519897461,5000,0.0,0.0,0.0
2004-03-15 00:00:00-05:00,15.346952040280051,15.379136902447689,15.328177452087404,15.328177452087402,8000,0.0,0.0,0.0
2004-03-16 00:00:00-05:00,15.427416921195944,15.427416921195944,15.34158992767334,15.34158992767334,61200,0.0,0.0,0.0
2004-03-17 00:00:00-05:00,15.285263356316689,15.298673629760744,15.239667198840966,15.298673629760742,3600,0.0,0.0,0.0
2004-03-18 00:00:00-05:00,15.69562737975728,15.794864654541017,15.69294471054937,15.794864654541016,22200,0.0,0.0,0.0
2004-03-19 00:00:00-05:00,15.848507036636475,15.864599982724728,15.722448183458168,15.759997367858887,17600,0.0,0.0,0.0
2004-03-22 00:00:00-05:00,15.835095272596497,16.049662751262076,15.690261840820314,15.690261840820312,156800,0.0,0.0,0.0
2004-03-23 00:00:00-05:00,15.878006574300207,15.878006574300207,15.72244453430176,15.722444534301758,27600,0.0,0.0,0.0
2004-03-24 00:00:00-05:00,15.515924290022893,15.515924290022893,15.4193696975708,15.4193696975708,9200,0.0,0.0,0.0
2004-03-25 00:00:00-05:00,15.540066034584749,15.540066034584749,15.507881164550781,15.507881164550781,2400,0.0,0.0,0.0
2004-03-26 00:00:00-05:00,15.532016936768567,15.631254196166994,15.52933529111493,15.631254196166992,7400,0.0,0.0,0.0
2004-03-29 00:00:00-05:00,15.770725992139162,15.856552991631029,15.770725992139162,15.85387134552002,7000,0.0,0.0,0.0
2004-03-30 00:00:00-05:00,16.11940086028545,16.17036135271839,16.06844139099121,16.06844139099121,7600,0.0,0.0,0.0
2004-03-31 00:00:00-05:00,16.213271091640312,16.422474259552295,16.213271091640312,16.39297103881836,56600,0.0,0.0,0.0
2004-04-01 00:00:00-05:00,16.414423781399737,16.540481567382812,16.414423781399737,16.540481567382812,37600,0.0,0.0,0.0
2004-04-02 00:00:00-05:00,16.331285344735715,16.42784098196454,16.309829104872982,16.417112350463867,19800,0.0,0.0,0.0
2004-04-05 00:00:00-04:00,16.41442650973133,16.46538596162979,16.350055760314756,16.401016235351562,56200,0.0,0.0,0.0
2004-04-06 00:00:00-04:00,16.414425227764625,16.655813217163086,16.392967971922126,16.655813217163086,61400,0.0,0.0,0.0
2004-04-07 00:00:00-04:00,16.642406817051345,16.669228393096706,16.60217598769107,16.612903594970703,3200,0.0,0.0,0.0
2004-04-08 00:00:00-04:00,16.47611597684891,16.559261322021484,16.47611597684891,16.559261322021484,22000,0.0,0.0,0.0
2004-04-12 00:00:00-04:00,16.586081164879854,16.586081164879854,16.521710412794867,16.52439308166504,6000,0.0,0.0,0.0
2004-04-13 00:00:00-04:00,16.173038865111298,16.173038865111298,16.02820543385892,16.05502700805664,12200,0.0,0.0,0.0
2004-04-14 00:00:00-04:00,15.880692370259068,15.9826123188559,15.880692370259068,15.969202041625977,9400,0.0,0.0,0.0
2004-04-15 00:00:00-04:00,15.74390287260169,16.04966163635254,15.74390287260169,16.04966163635254,7400,0.0,0.0,0.0
2004-04-16 00:00:00-04:00,16.03893235646353,16.25081816595088,16.036250710898393,16.248136520385742,56600,0.0,0.0,0.0
2004-04-19 00:00:00-04:00,15.928966522216797,15.928966522216797,15.840457894350546,15.928966522216797,6400,0.0,0.0,0.0
2004-04-20 00:00:00-04:00,15.869958205324295,15.942374904880268,15.869958205324295,15.931647300720215,4400,0.0,0.0,0.0
2004-04-21 00:00:00-04:00,15.30135844769723,15.328180023284665,15.220895767211914,15.220895767211914,15400,0.0,0.0,0.0
2004-04-22 00:00:00-04:00,14.939276284191509,14.939276284191509,14.912454707867528,14.917819023132324,22000,0.0,0.0,0.0
2004-04-23 00:00:00-04:00,14.966097971102304,15.043879013626208,14.966097971102304,15.019740104675293,32000,0.0,0.0,0.0
2004-04-26 00:00:00-04:00,15.017056987893884,15.153843443128798,14.998281373314095,15.086791038513184,52800,0.0,0.0,0.0
2004-04-27 00:00:00-04:00,15.153841257602993,15.210165023803713,15.153841257602993,15.210165023803711,2400,0.0,0.0,0.0
2004-04-28 00:00:00-04:00,14.939273503757866,14.939273503757866,14.60401153564453,14.604011535644531,13800,0.0,0.0,0.0
2004-04-29 00:00:00-04:00,14.499409207238728,14.558414614807694,14.429674148559569,14.42967414855957,48200,0.0,0.0,0.0
2004-04-30 00:00:00-04:00,14.30898354628117,14.319712177180653,13.818160448723114,13.973721504211426,33400,0.0,0.0,0.0
2004-05-03 00:00:00-04:00,13.976399580908858,14.04076929887699,13.976399580908858,14.030041694641113,53800,0.0,0.0,0.0
2004-05-04 00:00:00-04:00,14.485998223705456,14.485998223705456,14.445767402648926,14.445767402648926,3000,0.0,0.0,0.0
2004-05-05 00:00:00-04:00,14.74884744398344,14.815899848937988,14.692522646236357,14.815899848937988,5600,0.0,0.0,0.0
2004-05-06 00:00:00-04:00,14.413584707691777,14.413584707691777,14.244612369068765,14.319710731506348,2000,0.0,0.0,0.0
2004-05-07 00:00:00-04:00,14.215112177553863,14.215112177553863,13.866439819335936,13.866439819335938,38600,0.0,0.0,0.0
2004-05-10 00:00:00-04:00,13.520441757053735,13.520441757053735,13.413157540633408,13.464118003845215,34600,0.0,0.0,0.0
2004-05-11 00:00:00-04:00,13.708189921347254,13.842294692993166,13.68405102152546,13.842294692993164,2800,0.0,0.0,0.0
2004-05-12 00:00:00-04:00,14.212430531097604,14.212430531097604,13.8530295407773,13.866439819335938,87000,0.0,0.0,0.0
2004-05-13 00:00:00-04:00,13.834253026655173,13.866437895357963,13.7886568581159,13.863755226135254,53000,0.0,0.0,0.0
2004-05-14 00:00:00-04:00,13.651867866516112,13.651867866516112,13.651867866516112,13.651867866516113,200,0.0,0.0,0.0
2004-05-17 00:00:00-04:00,13.729649663934227,13.74306096303913,13.643822669982912,13.64382266998291,1800,0.0,0.0,0.0
2004-05-18 00:00:00-04:00,13.643822080608315,13.651869064351343,13.523127555847166,13.523127555847168,6400,0.0,0.0,0.0
2004-05-19 00:00:00-04:00,14.158785752574394,14.158785752574394,13.960310188258292,13.971038818359375,67200,0.0,0.0,0.0
2004-05-20 00:00:00-04:00,14.000541730679895,14.064911463589265,13.949581250393313,14.048819541931152,41200,0.0,0.0,0.0
2004-05-21 00:00:00-04:00,14.150736114729598,14.228517133668383,14.150736114729598,14.209742546081543,3200,0.0,0.0,0.0
2004-05-24 00:00:00-04:00,14.20974270450263,14.215107018607004,14.081002235412598,14.081002235412598,21600,0.0,0.0,0.0
2004-05-25 00:00:00-04:00,14.188287993670647,14.536960262762056,14.188287993670647,14.475272178649902,71800,0.0,0.0,0.0
2004-05-26 00:00:00-04:00,14.622785758815313,14.630831718444826,14.622785758815313,14.630831718444824,2400,0.0,0.0,0.0
2004-05-27 00:00:00-04:00,15.049240095281021,15.049240095281021,15.046557426452637,15.046557426452637,800,0.0,0.0,0.0
2004-05-28 00:00:00-04:00,15.051922195001982,15.051922195001982,15.019737330059181,15.022418975830078,1000,0.0,0.0,0.0
2004-06-01 00:00:00-04:00,15.368409875795006,15.368409875795006,15.31208610534668,15.31208610534668,6600,0.0,0.0,0.0
2004-06-02 00:00:00-04:00,15.333541053649068,15.349633996627905,14.971458533301117,15.068014144897461,60400,0.0,0.0,0.0
2004-06-03 00:00:00-04:00,15.183344609626218,15.183344609626218,14.995597697488446,15.035829544067383,188400,0.0,0.0,0.0
2004-06-04 00:00:00-04:00,15.019741716561043,15.145800590515138,15.019741716561043,15.145800590515137,2600,0.0,0.0,0.0
2004-06-07 00:00:00-04:00,15.41937096028397,15.41937096028397,15.23430567420085,15.34158992767334,46200,0.0,0.0,0.0
2004-06-08 00:00:00-04:00,15.127021582855493,15.127021582855493,15.097518363672922,15.116292953491211,22800,0.0,0.0,0.0
2004-06-09 00:00:00-04:00,15.01705746338549,15.01705746338549,14.834674835205078,14.834674835205078,2800,0.0,0.0,0.0
2004-06-10 00:00:00-04:00,14.909770987217996,15.09751790280816,14.909770987217996,15.046557426452637,82600,0.0,0.0,0.0
2004-06-14 00:00:00-04:00,14.61742155413699,14.61742155413699,14.429674650648852,14.453813552856445,12200,0.0,0.0,0.0
2004-06-15 00:00:00-04:00,14.512828484133141,14.719350096592526,14.512828484133141,14.590609550476074,3800,0.0,0.0,0.0
2004-06-16 00:00:00-04:00,14.571826309264557,14.630831718444826,14.571826309264557,14.630831718444824,1400,0.0,0.0,0.0
2004-06-17 00:00:00-04:00,14.748847818429777,14.748847818429777,14.620106297286648,14.695205688476562,1200,0.0,0.0,0.0
2004-06-18 00:00:00-04:00,14.695205688476562,14.695205688476562,14.695205688476562,14.695205688476562,0,0.0,0.0,0.0
2004-06-21 00:00:00-04:00,14.998280277558129,15.06265103146721,14.998280277558129,15.033147811889648,3800,0.0,0.0,0.0
2004-06-22 00:00:00-04:00,15.017054350147978,15.019735995680632,15.003643053069752,15.006325721740723,25200,0.0,0.0,0.0
2004-06-23 00:00:00-04:00,15.006325721740724,15.006325721740724,15.006325721740724,15.006325721740723,0,0.0,0.0,0.0
2004-06-24 00:00:00-04:00,15.065332407477097,15.258443642607578,15.065332407477097,15.250397682189941,6200,0.0,0.0,0.0
2004-06-25 00:00:00-04:00,15.42205245871293,15.489104860707334,15.287947654724121,15.287947654724121,105800,0.0,0.0,0.0
2004-06-28 00:00:00-04:00,15.489103610809003,15.5507916928893,15.422051214225416,15.502513885498047,7200,0.0,0.0,0.0
2004-06-29 00:00:00-04:00,15.258444580075237,15.34158992767334,15.255762934150734,15.34158992767334,1000,0.0,0.0,0.0
2004-06-30 00:00:00-04:00,15.499832153320312,15.521288388075371,15.277217706798655,15.499832153320312,3400,0.0,0.0,0.0
2004-07-01 00:00:00-04:00,15.556155976699833,15.556155976699833,15.360363101838663,15.456918716430664,52400,0.0,0.0,0.0
2004-07-02 00:00:00-04:00,15.422050764204656,15.526652336120604,15.422050764204656,15.526652336120605,1600,0.0,0.0,0.0
2004-07-06 00:00:00-04:00,15.395231907170551,15.395231907170551,15.140432574964125,15.287947654724121,20800,0.0,0.0,0.0
2004-07-07 00:00:00-04:00,15.432779993088655,15.636618830501213,15.432779993088655,15.556156158447266,11600,0.0,0.0,0.0
2004-07-08 00:00:00-04:00,15.553476979421509,15.60711808720569,15.491787863820315,15.537384033203125,54600,0.0,0.0,0.0
2004-07-09 00:00:00-04:00,15.47569608979859,15.497152328491213,15.47569608979859,15.497152328491211,1400,0.0,0.0,0.0
2004-07-12 00:00:00-04:00,15.569564767909457,15.703669548034668,15.518605319791655,15.703669548034668,65200,0.0,0.0,0.0
2004-07-13 00:00:00-04:00,15.62589168548584,15.62589168548584,15.62589168548584,15.62589168548584,1200,0.0,0.0,0.0
2004-07-14 00:00:00-04:00,15.636618914686757,15.843140422058083,15.636618914686757,15.743903160095215,23200,0.0,0.0,0.0
2004-07-15 00:00:00-04:00,15.738537285761964,15.738537285761964,15.650027638600871,15.714398384094238,44000,0.0,0.0,0.0
2004-07-16 00:00:00-04:00,15.875327188748122,15.875327188748122,15.743905046669903,15.83509635925293,4600,0.0,0.0,0.0
2004-07-19 00:00:00-04:00,15.794861255471314,15.902145491652588,15.781450981733231,15.81631851196289,30000,0.0,0.0,0.0
2004-07-20 00:00:00-04:00,15.690263211165407,15.711720472475207,15.59639025078137,15.617846488952637,9200,0.0,0.0,0.0
2004-07-21 00:00:00-04:00,15.623204545418332,15.623204545418332,15.411318778991697,15.4113187789917,2000,0.0,0.0,0.0
2004-07-22 00:00:00-04:00,15.489103317260742,15.489103317260742,15.486421671629106,15.489103317260742,70800,0.0,0.0,0.0
2004-07-23 00:00:00-04:00,15.218211766990057,15.218211766990057,15.153841018676758,15.153841018676758,26000,0.0,0.0,0.0
2004-07-26 00:00:00-04:00,15.269175420939053,15.269175420939053,15.086792777510942,15.12434196472168,15200,0.0,0.0,0.0
2004-07-27 00:00:00-04:00,15.145798908664062,15.202122688293455,15.13775192361801,15.202122688293457,8200,0.0,0.0,0.0
2004-07-28 00:00:00-04:00,15.290627886516798,15.403276443481444,15.287946240865947,15.403276443481445,8600,0.0,0.0,0.0
2004-07-29 00:00:00-04:00,15.389861937681893,15.389861937681893,15.349630102011872,15.381814956665039,4600,0.0,0.0,0.0
2004-07-30 00:00:00-04:00,15.655388303388905,15.655388303388905,15.467641447863448,15.540058135986328,4200,0.0,0.0,0.0
2004-08-02 00:00:00-04:00,15.532014983804288,15.532014983804288,15.42204910934147,15.491783142089844,26600,0.0,0.0,0.0
2004-08-03 00:00:00-04:00,15.636622668419449,15.749271255454623,15.628576706180734,15.695629119873047,3600,0.0,0.0,0.0
2004-08-04 00:00:00-04:00,15.727811256168051,15.869962021064755,15.727811256168051,15.840459823608398,20200,0.0,0.0,0.0
2004-08-05 00:00:00-04:00,15.735859268639407,15.735859268639407,15.663443565368654,15.663443565368652,6000,0.0,0.0,0.0
2004-08-06 00:00:00-04:00,15.757315034994514,15.768043665252431,15.714401537101345,15.727811813354492,1600,0.0,0.0,0.0
2004-08-09 00:00:00-04:00,15.81095882548323,15.829733418839265,15.762681007385254,15.762681007385254,30800,0.0,0.0,0.0
2004-08-10 00:00:00-04:00,15.644668972203851,15.663443565368654,15.615165747762422,15.663443565368652,23200,0.0,0.0,0.0
2004-08-11 00:00:00-04:00,15.510561293528056,15.510561293528056,15.432780265808105,15.432780265808105,2400,0.0,0.0,0.0
2004-08-12 00:00:00-04:00,15.435464235434402,15.502516643949008,15.416689642901398,15.497152328491211,41600,0.0,0.0,0.0
2004-08-13 00:00:00-04:00,15.56956958770752,15.582979865243741,15.497152861245608,15.56956958770752,130400,0.0,0.0,0.0
2004-08-16 00:00:00-04:00,15.687576076653006,15.765356063842773,15.687576076653006,15.765356063842773,27200,0.0,0.0,0.0
2004-08-17 00:00:00-04:00,15.717077052987138,15.88604933266056,15.714395408037825,15.845818519592285,23400,0.0,0.0,0.0
2004-08-18 00:00:00-04:00,15.730491273948164,15.757311820983887,15.711716686395501,15.757311820983887,7400,0.0,0.0,0.0
2004-08-19 00:00:00-04:00,15.82168281077179,15.878006574300207,15.666120770773343,15.722444534301758,23200,0.0,0.0,0.0
2004-08-20 00:00:00-04:00,15.73853950671526,15.958471298217773,15.73853950671526,15.958471298217773,17400,0.0,0.0,0.0
2004-08-23 00:00:00-04:00,15.928971529017394,15.987977981567383,15.928971529017394,15.987977981567383,152600,0.0,0.0,0.0
2004-08-24 00:00:00-04:00,15.810958664437207,15.837779219490184,15.663443565368654,15.663443565368652,9400,0.0,0.0,0.0
2004-08-25 00:00:00-04:00,15.668801387392358,15.904826077381486,15.668801387392358,15.902144432067871,18800,0.0,0.0,0.0
2004-08-26 00:00:00-04:00,15.953107216839033,16.014795303344727,15.953107216839033,16.014795303344727,13200,0.0,0.0,0.0
2004-08-27 00:00:00-04:00,15.920917959132773,15.920917959132773,15.856547221369375,15.89677906036377,34600,0.0,0.0,0.0
2004-08-30 00:00:00-04:00,15.942376862832651,15.993337337188981,15.942376862832651,15.979927062988281,1200,0.0,0.0,0.0
2004-08-31 00:00:00-04:00,16.014793182421716,16.186447143554688,16.012111536902026,16.186447143554688,39600,0.0,0.0,0.0
2004-09-01 00:00:00-04:00,16.038934999566646,16.135490626036532,16.038934999566646,16.052345275878906,52000,0.0,0.0,0.0
2004-09-02 00:00:00-04:00,16.242774696800435,16.325919022867396,16.213271475368227,16.274959564208984,6200,0.0,0.0,0.0
2004-09-03 00:00:00-04:00,16.132806753952224,16.221315383911133,16.116713810714987,16.221315383911133,36600,0.0,0.0,0.0
2004-09-07 00:00:00-04:00,16.020159267098844,16.04429817199707,15.977245772072932,16.04429817199707,8200,0.0,0.0,0.0
2004-09-08 00:00:00-04:00,15.971880753040942,16.009429931640625,15.971880753040942,16.009429931640625,2600,0.0,0.0,0.0
2004-09-09 00:00:00-04:00,16.012112110090882,16.084528819374604,16.012112110090882,16.079164505004883,3400,0.0,0.0,0.0
2004-09-10 00:00:00-04:00,16.28300214327183,16.46806739449425,16.248135637128765,16.430517196655273,39800,0.0,0.0,0.0
2004-09-13 00:00:00-04:00,16.427837341825594,16.46002220605736,16.374195219347055,16.38224220275879,16000,0.0,0.0,0.0
2004-09-14 00:00:00-04:00,16.626312484345274,16.70677515454014,16.502935298698887,16.588762283325195,1800,0.0,0.0,0.0
2004-09-15 00:00:00-04:00,16.465388610773555,16.465388610773555,16.355422706145504,16.38760757446289,27200,0.0,0.0,0.0
2004-09-16 00:00:00-04:00,16.500252822248108,16.687999725341797,16.46538529176855,16.687999725341797,65600,0.0,0.0,0.0
2004-09-17 00:00:00-04:00,16.722864177085224,16.819419773843993,16.712136573219507,16.81673812866211,8600,0.0,0.0,0.0
2004-09-20 00:00:00-04:00,16.86501688682588,16.94011523385067,16.827467713313485,16.907930374145508,19000,0.0,0.0,0.0
2004-09-21 00:00:00-04:00,17.13322700200134,17.29415335209773,17.11981672861121,17.253921508789062,39800,0.0,0.0,0.0
2004-09-22 00:00:00-04:00,16.977669053825238,17.044721460059254,16.961577131137727,16.991079330444336,34200,0.0,0.0,0.0
2004-09-23 00:00:00-04:00,17.2458809902361,17.2458809902361,17.14396001552918,17.146642684936523,15800,0.0,0.0,0.0
2004-09-24 00:00:00-04:00,17.216371501413285,17.22173479199933,17.146636446135933,17.21100616455078,26200,0.0,0.0,0.0
2004-09-27 00:00:00-04:00,17.11445476902777,17.152003948941008,17.04471970078454,17.138593673706055,3600,0.0,0.0,0.0
2004-09-28 00:00:00-04:00,17.24319339669066,17.44166790433426,17.24319339669066,17.41216468811035,9400,0.0,0.0,0.0
2004-09-29 00:00:00-04:00,17.353158289010725,17.457759857177734,17.353158289010725,17.457759857177734,11800,0.0,0.0,0.0
2004-09-30 00:00:00-04:00,17.379981263785606,17.50067475392268,17.3665699665363,17.433622360229492,29600,0.0,0.0,0.0
2004-10-01 00:00:00-04:00,17.48726475910004,17.594549006254855,17.46044420888054,17.58918571472168,35800,0.0,0.0,0.0
2004-10-04 00:00:00-04:00,17.460442733479017,17.511403206983697,17.44703348264075,17.468488693237305,127000,0.0,0.0,0.0
2004-10-05 00:00:00-04:00,17.232470210167364,17.36657503670563,17.232470210167364,17.355846405029297,7800,0.0,0.0,0.0
2004-10-06 00:00:00-04:00,17.463122843415658,17.543586521762073,17.463122843415658,17.53285789489746,20600,0.0,0.0,0.0
2004-10-07 00:00:00-04:00,17.532860498320357,17.54626974918498,17.471171396257823,17.473854064941406,14000,0.0,0.0,0.0
2004-10-08 00:00:00-04:00,17.63478531050314,17.712566358186397,17.63478531050314,17.66697120666504,6400,0.0,0.0,0.0
2004-10-11 00:00:00-04:00,17.701831893150747,17.701831893150747,17.551635186441633,17.570409774780273,65200,0.0,0.0,0.0
2004-10-12 00:00:00-04:00,17.278060947183572,17.339750051997477,17.211008551039946,17.28342628479004,35000,0.0,0.0,0.0
2004-10-13 00:00:00-04:00,16.929393393867553,17.052770614624023,16.856976663142667,17.052770614624023,27000,0.0,0.0,0.0
2004-10-14 00:00:00-04:00,17.07154208849216,17.270016626966434,17.07154208849216,17.221738815307617,3000,0.0,0.0,0.0
2004-10-15 00:00:00-04:00,17.393388622549228,17.616003036499023,17.393388622549228,17.616003036499023,24800,0.0,0.0,0.0
2004-10-18 00:00:00-04:00,17.736699121353347,17.763521716877708,17.634780215701696,17.739381790161133,12400,0.0,0.0,0.0
2004-10-19 00:00:00-04:00,17.739385022518476,17.747430984131174,17.658921313837293,17.71256446838379,40400,0.0,0.0,0.0
2004-10-20 00:00:00-04:00,17.581135255798635,17.6481876373291,17.538220749406516,17.6481876373291,36800,0.0,0.0,0.0
2004-10-21 00:00:00-04:00,17.776933169707597,17.87885413425702,17.742066655995792,17.846668243408203,16400,0.0,0.0,0.0
2004-10-22 00:00:00-04:00,17.972727141629242,18.03173358521186,17.93785858154297,17.93785858154297,11000,0.0,0.0,0.0
2004-10-25 00:00:00-04:00,17.99686137217573,18.021001297049224,17.817161455032352,17.90298843383789,34600,0.0,0.0,0.0
2004-10-26 00:00:00-04:00,18.02100067640958,18.235567092895508,18.004906711622663,18.235567092895508,79400,0.0,0.0,0.0
2004-10-27 00:00:00-04:00,18.39113211984083,18.436727260560076,18.318716428479487,18.334808349609375,60200,0.0,0.0,0.0
2004-10-28 00:00:00-04:00,18.18997409902376,18.353582110710768,18.187291430197664,18.291893005371094,10000,0.0,0.0,0.0
2004-10-29 00:00:00-04:00,18.29189306965145,18.342853546142578,18.1470616929614,18.342853546142578,49800,0.0,0.0,0.0
2004-11-01 00:00:00-05:00,18.412588326667294,18.46354675609217,18.385767777557874,18.423316955566406,53600,0.0,0.0,0.0
2004-11-02 00:00:00-05:00,18.332125680662113,18.37504019871094,18.273119241483393,18.334808349609375,20400,0.0,0.0,0.0
2004-11-03 00:00:00-05:00,18.46623448096279,18.613750610869783,18.46623448096279,18.573518753051758,22200,0.0,0.0,0.0
2004-11-04 00:00:00-05:00,18.651299905060853,18.771993432922933,18.60033941511685,18.76126480102539,78600,0.0,0.0,0.0
2004-11-05 00:00:00-05:00,18.812220506924234,18.946325302124023,18.809537838062738,18.946325302124023,17000,0.0,0.0,0.0
2004-11-08 00:00:00-05:00,18.769305766485452,18.8417214467733,18.74784851074219,18.747848510742188,57400,0.0,0.0,0.0
2004-11-09 00:00:00-05:00,18.833676007774937,18.94364086551333,18.81490142005001,18.906091690063477,14600,0.0,0.0,0.0
2004-11-10 00:00:00-05:00,19.002646356216896,19.0053290246952,18.879270207809352,18.90877342224121,48000,0.0,0.0,0.0
2004-11-11 00:00:00-05:00,19.06970106954739,19.12870750560619,19.06433777821329,19.11261558532715,23600,0.0,0.0,0.0
2004-11-12 00:00:00-05:00,19.042877689756892,19.171619171683076,19.016057144519564,19.15552520751953,59200,0.0,0.0,0.0
2004-11-15 00:00:00-05:00,19.337905620210872,19.41836929321289,19.327176994058856,19.41836929321289,50800,0.0,0.0,0.0
2004-11-16 00:00:00-05:00,19.297680401216432,19.415693283081055,19.270859849777267,19.415693283081055,28200,0.0,0.0,0.0
2004-11-17 00:00:00-05:00,19.56052942721475,19.726820143226323,19.56052942721475,19.686588287353516,43000,0.0,0.0,0.0
2004-11-18 00:00:00-05:00,19.49883415951227,19.606118392580637,19.458604362603612,19.57393455505371,45000,0.0,0.0,0.0
2004-11-19 00:00:00-05:00,19.60611856634484,19.619529862950948,19.55247747247352,19.57929801940918,52000,0.0,0.0,0.0
2004-11-22 00:00:00-05:00,19.512249046247348,19.603439331054688,19.474699864705865,19.603439331054688,46000,0.0,0.0,0.0
2004-11-23 00:00:00-05:00,19.552479520056472,19.552479520056472,19.47201582454658,19.5390682220459,42000,0.0,0.0,0.0
2004-11-24 00:00:00-05:00,19.67317626672158,19.785823822021484,19.635627081621614,19.785823822021484,48000,0.0,0.0,0.0
2004-11-26 00:00:00-05:00,20.276644723703566,20.290056021799572,20.217638286124004,20.279327392578125,33000,0.0,0.0,0.0
2004-11-29 00:00:00-05:00,20.70577777056491,20.917663574218746,20.63872537876091,20.91766357421875,112000,0.0,0.0,0.0
2004-11-30 00:00:00-05:00,20.866706368553338,20.880115619932575,20.7057789817887,20.794288635253906,88800,0.0,0.0,0.0
2004-12-01 00:00:00-05:00,20.70041338114335,20.917662464251777,20.654818248242456,20.914981842041016,162200,0.0,0.0,0.0
2004-12-02 00:00:00-05:00,20.746010766191272,20.786242612761637,20.523396321941735,20.70309829711914,44200,0.0,0.0,0.0
2004-12-03 00:00:00-05:00,20.54485278257088,20.85061153060089,20.477800389647168,20.847930908203125,36400,0.0,0.0,0.0
2004-12-06 00:00:00-05:00,20.53144645690918,20.64141133290714,20.373201722999912,20.53144645690918,82200,0.0,0.0,0.0
2004-12-07 00:00:00-05:00,20.464390813807274,20.464390813807274,20.147903442382812,20.147903442382812,79400,0.0,0.0,0.0
2004-12-08 00:00:00-05:00,19.780455814177316,19.917243268019252,19.758998557441988,19.793867111206055,107600,0.0,0.0,0.0
2004-12-09 00:00:00-05:00,19.87432624381662,20.126443862915036,19.863597616804306,20.12644386291504,125200,0.0,0.0,0.0
2004-12-10 00:00:00-05:00,19.793865387438522,20.054026929160614,19.732176291265862,19.981611251831055,28000,0.0,0.0,0.0
2004-12-13 00:00:00-05:00,20.282012452887095,20.467075701516528,20.225688677541005,20.437572479248047,68800,0.0,0.0,0.0
2004-12-14 00:00:00-05:00,20.437568106304873,20.692368421716168,20.410747558965944,20.63872528076172,62200,0.0,0.0,0.0
2004-12-15 00:00:00-05:00,20.598499370138597,20.923032760620117,20.598499370138597,20.923032760620117,67200,0.0,0.0,0.0
2004-12-16 00:00:00-05:00,20.88011532577024,20.88011532577024,20.504621505737305,20.504621505737305,28600,0.0,0.0,0.0
2004-12-17 00:00:00-05:00,20.59849479161504,20.697731018066403,20.54485165246083,20.697731018066406,14400,0.0,0.0,0.0
2004-12-20 00:00:00-05:00,20.78624277097966,20.939122152089343,20.78624277097966,20.890844345092773,39800,0.0,0.0,0.0
2004-12-21 00:00:00-05:00,21.05445497116393,21.277069444768067,21.014223119288477,21.24756622314453,70600,0.0,0.0,0.0
2004-12-22 00:00:00-05:00,21.269023902178734,21.550642778294623,21.234155341604602,21.5425968170166,122400,0.0,0.0,0.0
2004-12-23 00:00:00-05:00,21.384112362511466,21.512096051168836,21.384112362511466,21.4576358795166,173200,0.604,0.0,0.0
2004-12-27 00:00:00-05:00,21.348713630697173,21.41134262084961,21.310591094728977,21.41134262084961,27400,0.0,0.0,0.0
2004-12-28 00:00:00-05:00,21.471253306766283,21.63463592529297,21.471253306766283,21.63463592529297,42000,0.0,0.0,0.0
2004-12-29 00:00:00-05:00,21.430407341615727,21.525715774414326,21.351440702617673,21.4494686126709,125000,0.0,0.0,0.0
2004-12-30 00:00:00-05:00,21.512098835825523,21.6618674435397,21.45763865712363,21.621021270751953,17600,0.0,0.0,0.0
2004-12-31 00:00:00-05:00,21.56655746183151,21.689095971372513,21.56655746183151,21.675479888916016,17200,0.0,0.0,0.0
2005-01-03 00:00:00-05:00,21.512100974605232,21.934174672837642,21.512100974605232,21.866098403930664,80800,0.0,0.0,0.0
2005-01-04 00:00:00-05:00,21.34871055337235,21.430400799733587,20.981099250941543,21.051897048950195,116800,0.0,0.0,0.0
2005-01-05 00:00:00-05:00,20.65433370273037,20.65433370273037,20.300338451502064,20.480058670043945,87800,0.0,0.0,0.0
2005-01-06 00:00:00-05:00,19.932727463468066,20.01169617186091,19.76662122814562,19.878267288208008,124600,0.0,0.0,0.0
2005-01-07 00:00:00-05:00,19.987188277209402,20.014418362878914,19.9054959426785,19.984464645385742,229400,0.0,0.0,0.0
2005-01-10 00:00:00-05:00,20.12333995482791,20.485506104140974,20.082493789243635,20.341182708740234,88400,0.0,0.0,0.0
2005-01-11 00:00:00-05:00,20.259494301881208,20.259494301881208,20.06887953761956,20.245878219604492,63800,0.0,0.0,0.0
2005-01-12 00:00:00-05:00,20.213204303384018,20.3765869140625,20.18325058238199,20.3765869140625,35600,0.0,0.0,0.0
2005-01-13 00:00:00-05:00,20.19142048968345,20.19142048968345,19.878269257114766,19.880992889404297,20200,0.0,0.0,0.0
2005-01-14 00:00:00-05:00,20.028038390731645,20.177804930184635,19.98174495069737,19.98991584777832,21200,0.0,0.0,0.0
2005-01-18 00:00:00-05:00,19.374504974978343,19.46981132821331,19.279198621743372,19.44530487060547,58400,0.0,0.0,0.0
2005-01-19 00:00:00-05:00,19.448026466359412,19.510657542916075,19.15938377380371,19.15938377380371,68400,0.0,0.0,0.0
2005-01-20 00:00:00-05:00,19.24379474447489,19.30642581149132,19.137595955748118,19.230180740356445,58800,0.0,0.0,0.0
2005-01-21 00:00:00-05:00,19.537883236123538,19.769342064531358,19.458914538897865,19.714881896972656,36000,0.0,0.0,0.0
2005-01-24 00:00:00-05:00,19.959962393420664,20.145129923485285,19.88099367408929,20.08794403076172,89200,0.0,0.0,0.0
2005-01-25 00:00:00-05:00,20.077051076717,20.077051076717,19.63319254155464,19.646808624267578,74200,0.0,0.0,0.0
2005-01-26 00:00:00-05:00,19.891883477523894,20.0470972631227,19.891883477523894,20.0225887298584,36600,0.0,0.0,0.0
2005-01-27 00:00:00-05:00,20.30033957561564,20.368415828951008,19.782959634762367,19.796573638916016,80200,0.0,0.0,0.0
2005-01-28 00:00:00-05:00,20.164186770272835,20.215923309326175,20.096110517945814,20.215923309326172,15200,0.0,0.0,0.0
2005-01-31 00:00:00-05:00,20.34118504452091,20.395647297394607,20.2486023309194,20.25949478149414,27800,0.0,0.0,0.0
2005-02-01 00:00:00-05:00,20.128787750092503,20.278556350809097,20.038926589662545,20.21864891052246,78200,0.0,0.0,0.0
2005-02-02 00:00:00-05:00,20.20503502121947,20.20503502121947,19.946346040104363,19.98991584777832,30600,0.0,0.0,0.0
2005-02-03 00:00:00-05:00,19.701269612836672,19.80746841430664,19.635916983668068,19.80746841430664,36200,0.0,0.0,0.0
2005-02-04 00:00:00-05:00,19.791128340476238,19.91094321047389,19.714883269576774,19.891881942749023,70600,0.0,0.0,0.0
2005-02-07 00:00:00-05:00,19.60596222277513,19.633192310357813,19.497039794921875,19.497039794921875,38800,0.0,0.0,0.0
2005-02-08 00:00:00-05:00,19.442578138486628,19.497038309502845,19.347271800447068,19.415348052978516,20200,0.0,0.0,0.0
2005-02-09 00:00:00-05:00,19.48342071305195,19.76117085805736,19.48342071305195,19.747554779052734,38000,0.0,0.0,0.0
2005-02-10 00:00:00-05:00,19.739395310688955,19.981746673583984,19.733950123021597,19.981746673583984,10000,0.0,0.0,0.0
2005-02-11 00:00:00-05:00,20.10972464146287,20.354799566801745,20.10972464146287,20.313953399658203,13000,0.0,0.0,0.0
2005-02-14 00:00:00-05:00,20.42287422664856,20.651609420776367,20.42287422664856,20.651609420776367,39200,0.0,0.0,0.0
2005-02-15 00:00:00-05:00,20.368416877462288,20.77142715454102,20.368416877462288,20.771427154541016,18600,0.0,0.0,0.0
2005-02-16 00:00:00-05:00,20.695182084004536,20.736028253622198,20.632551013587783,20.725135803222656,35000,0.0,0.0,0.0
2005-02-17 00:00:00-05:00,20.940256175030704,21.03556251525879,20.872179920936016,21.03556251525879,42200,0.0,0.0,0.0
2005-02-18 00:00:00-05:00,21.035562218844742,21.10908365812115,21.035562218844742,21.07640838623047,5400,0.0,0.0,0.0
2005-02-22 00:00:00-05:00,21.593789029792486,21.920554224490196,21.593789029792486,21.803462982177734,59800,0.0,0.0,0.0
2005-02-23 00:00:00-05:00,21.83886536382023,21.893327623288577,21.699991276602173,21.749006271362305,48000,0.0,0.0,0.0
2005-02-24 00:00:00-05:00,21.759894959397663,21.890600204467773,21.621018818678554,21.890600204467773,58400,0.0,0.0,0.0
2005-02-25 00:00:00-05:00,21.852476319924655,22.46516257188516,21.841583870587126,22.42431640625,67200,0.0,0.0,0.0
2005-02-28 00:00:00-05:00,22.574090064438753,22.614936239259833,21.934173583984375,21.934173583984375,118200,0.0,0.0,0.0
2005-03-01 00:00:00-05:00,22.015863001901625,22.056709175137897,21.961402822601713,22.00497055053711,29000,0.0,0.0,0.0
2005-03-02 00:00:00-05:00,21.56655414541089,21.74900006566867,21.56655414541089,21.6890926361084,45800,0.0,0.0,0.0
2005-03-03 00:00:00-05:00,21.689092799191194,21.689092799191194,21.375941646194732,21.503925323486328,19400,0.0,0.0,0.0
2005-03-04 00:00:00-05:00,21.7571731822973,22.274553175485252,21.7571731822973,22.269105911254883,25400,0.0,0.0,0.0
2005-03-07 00:00:00-05:00,21.920557002923786,22.021310621528627,21.879710829028703,22.013139724731445,62400,0.0,0.0,0.0
2005-03-08 00:00:00-05:00,22.31540345967848,22.451556017888898,22.29362062928242,22.32901954650879,56800,0.0,0.0,0.0
2005-03-09 00:00:00-05:00,22.41070217128681,22.614930919831266,22.3861936411499,22.560468673706055,39400,0.0,0.0,0.0
2005-03-10 00:00:00-05:00,22.20646956887916,22.241868464575482,22.034916120260135,22.089378356933594,91000,0.0,0.0,0.0
2005-03-11 00:00:00-05:00,22.083936939227065,22.233705532814376,21.8878769903573,21.901493072509766,15600,0.0,0.0,0.0
2005-03-14 00:00:00-05:00,21.71632762224159,21.71632762224159,21.53932892517647,21.621021270751953,31400,0.0,0.0,0.0
2005-03-15 00:00:00-05:00,21.253411806965712,21.253411806965712,20.81227684020996,20.81227684020996,103600,0.0,0.0,0.0
2005-03-16 00:00:00-05:00,20.858565167232545,20.87218124992742,20.738752365112305,20.738752365112305,34200,0.0,0.0,0.0
2005-03-17 00:00:00-05:00,20.708800015992846,21.106365142233535,20.613491585864985,21.103641510009766,69600,0.0,0.0,0.0
2005-03-18 00:00:00-05:00,21.03556119676898,21.130867531023352,20.948423680090375,20.953868865966797,48600,0.0,0.0,0.0
2005-03-21 00:00:00-05:00,20.872178833773347,20.872178833773347,20.341182832979158,20.346630096435547,74400,0.0,0.0,0.0
2005-03-22 00:00:00-05:00,20.45282820321004,20.695179480929674,20.047094345092773,20.047094345092773,73400,0.0,0.0,0.0
2005-03-23 00:00:00-05:00,19.919112085719302,19.968127071084567,19.633190991501525,19.65497589111328,61600,0.0,0.0,0.0
2005-03-24 00:00:00-05:00,19.633186536522032,19.804739985134336,19.619572535495625,19.68764877319336,41400,0.0,0.0,0.0
2005-03-28 00:00:00-05:00,19.292806336122915,19.412621185414306,19.292806336122915,19.33365249633789,19600,0.0,0.0,0.0
2005-03-29 00:00:00-05:00,19.36088886988634,19.415351127048027,19.15666007995606,19.156660079956055,36400,0.0,0.0,0.0
2005-03-30 00:00:00-05:00,19.458918349304927,19.810192108154297,19.374504449802508,19.810192108154297,34800,0.0,0.0,0.0
2005-03-31 00:00:00-05:00,20.01442015556878,20.01442015556878,19.851037549395176,19.932727813720703,40000,0.0,0.0,0.0
2005-04-01 00:00:00-05:00,20.278554919281643,20.29761618734338,20.183248578972947,20.232263565063477,43200,0.0,0.0,0.0
2005-04-04 00:00:00-04:00,20.02803588645694,20.02803588645694,19.772068492185138,19.878267288208008,25600,0.0,0.0,0.0
2005-04-05 00:00:00-04:00,19.897325998456235,20.05253976326129,19.897325998456235,20.049816131591797,18000,0.0,0.0,0.0
2005-04-06 00:00:00-04:00,20.327569665006678,20.373861018677466,20.30306113349001,20.36841583251953,23800,0.0,0.0,0.0
2005-04-07 00:00:00-04:00,20.327567697212203,20.392920312392928,20.28672153365343,20.319398880004883,14600,0.0,0.0,0.0
2005-04-08 00:00:00-04:00,20.254042931553442,20.30305790928061,20.218644033342397,20.286720275878906,7200,0.0,0.0,0.0
2005-04-11 00:00:00-04:00,20.300339274926877,20.300339274926877,20.215923309326175,20.215923309326172,21000,0.0,0.0,0.0
2005-04-12 00:00:00-04:00,19.97357808077746,20.226821899414062,19.959964072692557,20.226821899414062,29200,0.0,0.0,0.0
2005-04-13 00:00:00-04:00,19.796577211225028,19.973575917341027,19.796577211225028,19.840147018432617,21400,0.0,0.0,0.0
2005-04-14 00:00:00-04:00,19.60596444627251,19.60596444627251,19.456195831298825,19.456195831298828,22200,0.0,0.0,0.0
2005-04-15 00:00:00-04:00,19.442578677810296,19.570562368523177,19.23834991455078,19.23834991455078,29800,0.0,0.0,0.0
2005-04-18 00:00:00-04:00,19.170279800191377,19.34727853387847,19.09131107046873,19.344554901123047,21800,0.0,0.0,0.0
2005-04-19 00:00:00-04:00,19.714885214569527,19.940898895263672,19.674039043265843,19.940898895263672,36800,0.0,0.0,0.0
2005-04-20 00:00:00-04:00,19.714884266236268,19.984465659836943,19.714884266236268,19.913665771484375,18000,0.0,0.0,0.0
2005-04-21 00:00:00-04:00,19.90821827957251,20.09610939025879,19.840142031065565,20.09610939025879,70000,0.0,0.0,0.0
2005-04-22 00:00:00-04:00,20.014416676288853,20.014416676288853,19.72305042138118,19.755727767944336,40600,0.0,0.0,0.0
2005-04-25 00:00:00-04:00,19.742107454194965,19.782953609259717,19.71760100766916,19.744831085205078,32000,0.0,0.0,0.0
2005-04-26 00:00:00-04:00,19.916391151548876,19.919114783749855,19.74483971829511,19.76662254333496,22400,0.0,0.0,0.0
2005-04-27 00:00:00-04:00,19.769342608634,19.87826502427145,19.74483615581477,19.87009620666504,39600,0.0,0.0,0.0
2005-04-28 00:00:00-04:00,19.47797987283659,19.47797987283659,19.230183357918836,19.24652099609375,11600,0.0,0.0,0.0
2005-04-29 00:00:00-04:00,19.633191652052883,19.633191652052883,19.390840348904803,19.52971649169922,39200,0.0,0.0,0.0
2005-05-02 00:00:00-04:00,19.66042403468325,19.66042403468325,19.371781342736575,19.44530487060547,36400,0.0,0.0,0.0
2005-05-03 00:00:00-04:00,19.55149954541881,19.6413586151893,19.55149954541881,19.5787296295166,17600,0.0,0.0,0.0
2005-05-04 00:00:00-04:00,19.919112199778965,20.191417213918058,19.919112199778965,20.17780113220215,93200,0.0,0.0,0.0
2005-05-05 00:00:00-04:00,20.35479659075631,20.42287283353476,20.267659083100778,20.38202667236328,37000,0.0,0.0,0.0
2005-05-06 00:00:00-04:00,20.27311024011093,20.53452491760254,20.237711331346887,20.53452491760254,49200,0.0,0.0,0.0
2005-05-09 00:00:00-04:00,20.57264422647086,20.59987431182074,20.485506706837832,20.545412063598633,26000,0.0,0.0,0.0
2005-05-10 00:00:00-04:00,20.354802097103544,20.354802097103544,20.139680862426758,20.139680862426758,5600,0.0,0.0,0.0
2005-05-11 00:00:00-04:00,20.232265650256817,20.232265650256817,20.16418938908842,20.185972213745117,62800,0.0,0.0,0.0
2005-05-12 00:00:00-04:00,20.055266481896776,20.055266481896776,19.59234667037486,19.6059627532959,41800,0.0,0.0,0.0
2005-05-13 00:00:00-04:00,19.415350454172682,19.442580543048475,19.205674407031605,19.235628128051758,15200,0.0,0.0,0.0
2005-05-16 00:00:00-04:00,19.32548654435861,19.4997615814209,19.32548654435861,19.4997615814209,9200,0.0,0.0,0.0
2005-05-17 00:00:00-04:00,19.265578804924548,19.265578804924548,19.11581022348866,19.25468635559082,34800,0.0,0.0,0.0
2005-05-18 00:00:00-04:00,19.401731028655743,19.627744674682617,19.401731028655743,19.627744674682617,44000,0.0,0.0,0.0
2005-05-19 00:00:00-04:00,19.6059627532959,19.676762644944674,19.54877894456816,19.6059627532959,77400,0.0,0.0,0.0
2005-05-20 00:00:00-04:00,19.333662281882667,19.347278368019975,19.211125816739113,19.29009246826172,20000,0.0,0.0,0.0
2005-05-23 00:00:00-04:00,19.43440609304019,19.44257490958376,19.336376139473323,19.42623519897461,20800,0.0,0.0,0.0
2005-05-24 00:00:00-04:00,19.28736263775763,19.36905288696289,19.19205630825708,19.36905288696289,45400,0.0,0.0,0.0
2005-05-25 00:00:00-04:00,19.456191720641506,19.597791486249356,19.4425777169438,19.5433292388916,6000,0.0,0.0,0.0
2005-05-26 00:00:00-04:00,19.442579675965533,19.54605484008789,19.369056154004962,19.54605484008789,46000,0.0,0.0,0.0
2005-05-27 00:00:00-04:00,19.456192372239176,19.796573638916016,19.41534828225586,19.796573638916016,14800,0.0,0.0,0.0
2005-05-31 00:00:00-04:00,19.24107494975114,19.279197488804865,18.584818812070143,18.843507766723633,128200,0.0,0.0,0.0
2005-06-01 00:00:00-04:00,18.475897313643873,18.633834741990007,18.40782105082461,18.489513397216797,55800,0.0,0.0,0.0
2005-06-02 00:00:00-04:00,18.625658973342517,18.90885637030818,18.625658973342517,18.8353328704834,49000,0.0,0.0,0.0
2005-06-03 00:00:00-04:00,18.91158253712172,19.061351126985567,18.74003112488691,18.761816024780273,41600,0.0,0.0,0.0
2005-06-06 00:00:00-04:00,19.333659333762313,19.426242057304627,19.27919915256363,19.407180786132812,51200,0.0,0.0,0.0
2005-06-07 00:00:00-04:00,19.622302085170453,19.625025717494363,19.401735649957168,19.456195831298828,37000,0.0,0.0,0.0
2005-06-08 00:00:00-04:00,19.38267167162543,19.38267167162543,18.963321685791016,18.963321685791016,14800,0.0,0.0,0.0
2005-06-09 00:00:00-04:00,18.244440305451146,19.012340545654293,18.244440305451146,19.012340545654297,14600,0.0,0.0,0.0
2005-06-10 00:00:00-04:00,19.034121987642585,19.074968157593734,18.99599944969418,19.020505905151367,19600,0.0,0.0,0.0
2005-06-13 00:00:00-04:00,18.963321566088243,19.14576543222488,18.92519902920962,19.104921340942383,11000,0.0,0.0,0.0
2005-06-14 00:00:00-04:00,19.09947587695389,19.09947587695389,18.941538450703312,19.006893157958984,8000,0.0,0.0,0.0
2005-06-15 00:00:00-04:00,19.183889964780946,19.341827392578125,19.162107139671722,19.341827392578125,2200,0.0,0.0,0.0
2005-06-16 00:00:00-04:00,19.42896057123342,19.559667880208416,19.374500404381788,19.518821716308594,18200,0.0,0.0,0.0
2005-06-17 00:00:00-04:00,19.71488250122067,19.94361770500447,19.70126642015256,19.872819900512695,58200,0.0,0.0,0.0
2005-06-20 00:00:00-04:00,19.66314167052968,19.674034118652344,19.586896611193104,19.674034118652344,19000,0.0,0.0,0.0
2005-06-21 00:00:00-04:00,19.497040024515393,19.668593525599263,19.497040024515393,19.646808624267578,32200,0.0,0.0,0.0
2005-06-22 00:00:00-04:00,19.674033823524287,19.674033823524287,19.633187663057548,19.668588638305664,15200,0.0,0.0,0.0
2005-06-23 00:00:00-04:00,19.494315745227414,19.633191889702857,19.46980929018482,19.486146926879883,30000,0.0,0.0,0.0
2005-06-24 00:00:00-04:00,19.51337432861328,19.551496856611866,19.480696985676513,19.51337432861328,11600,0.0,0.0,0.0
2005-06-27 00:00:00-04:00,19.418071193133947,19.641361236572266,19.418071193133947,19.641361236572266,11400,0.0,0.0,0.0
2005-06-28 00:00:00-04:00,19.674035732542517,19.766618432896756,19.674035732542517,19.714881896972656,27000,0.0,0.0,0.0
2005-06-29 00:00:00-04:00,19.687653957467546,19.687653957467546,19.605961619709774,19.625022888183594,23800,0.0,0.0,0.0
2005-06-30 00:00:00-04:00,19.77751386545081,19.77751386545081,19.660422617765793,19.739391326904297,7200,0.0,0.0,0.0
2005-07-01 00:00:00-04:00,19.714884477907066,19.714884477907066,19.349994659423828,19.349994659423828,13400,0.0,0.0,0.0
2005-07-05 00:00:00-04:00,19.374500882499785,19.611404899425054,19.36633206502267,19.5787296295166,53000,0.0,0.0,0.0
2005-07-06 00:00:00-04:00,19.584172555631728,19.766616383310357,19.50520386659426,19.616849899291992,85800,0.0,0.0,0.0
2005-07-07 00:00:00-04:00,19.505202877246788,19.68764877319336,19.505202877246788,19.68764877319336,35000,0.0,0.0,0.0
2005-07-08 00:00:00-04:00,19.54877479134905,19.690372467041016,19.54877479134905,19.690372467041016,11800,0.0,0.0,0.0
2005-07-11 00:00:00-04:00,19.878263304379715,20.43921089172363,19.87009448748008,20.439210891723633,123000,0.0,0.0,0.0
2005-07-12 00:00:00-04:00,20.94025865615405,21.174441164188874,20.880351213048957,21.1472110748291,112200,0.0,0.0,0.0
2005-07-13 00:00:00-04:00,21.103639850368747,21.103639850368747,20.934809983657694,20.967487335205078,23800,0.0,0.0,0.0
2005-07-14 00:00:00-04:00,21.125427275319062,21.375947434545214,21.125427275319062,21.267024993896484,56400,0.0,0.0,0.0
2005-07-15 00:00:00-04:00,21.179883183548835,21.179883183548835,21.068239210613594,21.114530563354492,5000,0.0,0.0,0.0
2005-07-18 00:00:00-04:00,21.081851602243464,21.144482663384935,21.021944172679145,21.07368278503418,50800,0.0,0.0,0.0
2005-07-19 00:00:00-04:00,20.893961104547646,21.1308650970459,20.858560129100663,21.1308650970459,11800,0.0,0.0,0.0
2005-07-20 00:00:00-04:00,20.896685612080372,21.395004272460938,20.896685612080372,21.395004272460938,33200,0.0,0.0,0.0
2005-07-21 00:00:00-04:00,21.256128136313023,21.45763533687966,21.256128136313023,21.441295623779297,28000,0.0,0.0,0.0
2005-07-22 00:00:00-04:00,21.335098319722157,21.430404663085938,21.324205869405944,21.430404663085938,35800,0.0,0.0,0.0
2005-07-25 00:00:00-04:00,21.34054200639713,21.427679516797795,21.294248580932617,21.294248580932617,22400,0.0,0.0,0.0
2005-07-26 00:00:00-04:00,20.967488577871595,21.111809920094885,20.967488577871595,21.046457290649414,34800,0.0,0.0,0.0
2005-07-27 00:00:00-04:00,21.294248414496927,21.36232465888793,21.294248414496927,21.34054183959961,16200,0.0,0.0,0.0
2005-07-28 00:00:00-04:00,21.444025455006376,21.52571781155843,21.433133002297907,21.454917907714844,31400,0.0,0.0,0.0
2005-07-29 00:00:00-04:00,21.392282125740422,21.465805645994248,21.392282125740422,21.430404663085938,10200,0.0,0.0,0.0
2005-08-01 00:00:00-04:00,21.795293447367374,21.98046093894758,21.795293447367374,21.87970733642578,33400,0.0,0.0,0.0
2005-08-02 00:00:00-04:00,22.07576745509502,22.13295125887018,22.056706187169965,22.073043823242188,14800,0.0,0.0,0.0
2005-08-03 00:00:00-04:00,22.26910388445809,22.456995010375977,22.26910388445809,22.456995010375977,22600,0.0,0.0,0.0
2005-08-04 00:00:00-04:00,22.437933386407643,22.538684911152966,22.424317304809556,22.44882583618164,66000,0.0,0.0,0.0
2005-08-05 00:00:00-04:00,22.397089495494928,22.397089495494928,22.21736717224121,22.21736717224121,28600,0.0,0.0,0.0
2005-08-08 00:00:00-04:00,22.435216119369674,22.552307390755526,22.435216119369674,22.462446212768555,25400,0.0,0.0,0.0
2005-08-09 00:00:00-04:00,22.486954382177963,22.500568389892578,22.465169476807073,22.500568389892578,20200,0.0,0.0,0.0
2005-08-10 00:00:00-04:00,23.115972041674567,23.16226339458692,22.990711986870483,23.00977325439453,73600,0.0,0.0,0.0
2005-08-11 00:00:00-04:00,23.124141634283486,23.314756393432617,23.124141634283486,23.314756393432617,33200,0.0,0.0,0.0
2005-08-12 00:00:00-04:00,23.113252803586157,23.214006423950195,23.113252803586157,23.214006423950195,31800,0.0,0.0,0.0
2005-08-15 00:00:00-04:00,22.977097624969417,23.148651123046875,22.94169871906768,23.148651123046875,24400,0.0,0.0,0.0
2005-08-16 00:00:00-04:00,22.987984770800825,23.001600850133137,22.90901608122185,22.96619987487793,26400,0.0,0.0,0.0
2005-08-17 00:00:00-04:00,22.402539438380906,22.514185525473092,22.375309344158403,22.38347816467285,45800,0.0,0.0,0.0
2005-08-18 00:00:00-04:00,22.162907118519044,22.260937099470816,22.154738299693495,22.222814559936523,36400,0.0,0.0,0.0
2005-08-19 00:00:00-04:00,22.43793728679001,22.527798454904254,22.252769763489173,22.258214950561523,33800,0.0,0.0,0.0
2005-08-22 00:00:00-04:00,22.72385233947512,22.764698506634147,22.446102142333984,22.446102142333984,19800,0.0,0.0,0.0
2005-08-23 00:00:00-04:00,22.601316869864526,22.636715774885147,22.45699554032802,22.61220932006836,23400,0.0,0.0,0.0
2005-08-24 00:00:00-04:00,22.503294654816273,22.55775484709117,22.32901954650879,22.32901954650879,51400,0.0,0.0,0.0
2005-08-25 00:00:00-04:00,22.46244436689462,22.48967445805584,22.39981536497609,22.465167999267578,4400,0.0,0.0,0.0
2005-08-26 00:00:00-04:00,22.31267761509752,22.348076525519048,22.2663841752875,22.315399169921875,20000,0.0,0.0,0.0
2005-08-29 00:00:00-04:00,22.255488696981466,22.470607820046183,22.23098016652356,22.427040100097656,18400,0.0,0.0,0.0
2005-08-30 00:00:00-04:00,22.277271987489577,22.277271987489577,22.07032167771043,22.154735565185547,22800,0.0,0.0,0.0
2005-08-31 00:00:00-04:00,22.348069396200145,23.050616735997075,22.348069396200145,23.03700065612793,41600,0.0,0.0,0.0
2005-09-01 00:00:00-04:00,23.273906631987135,23.709594178098882,23.273906631987135,23.646963119506836,60800,0.0,0.0,0.0
2005-09-02 00:00:00-04:00,23.851190704497544,23.973729184322405,23.788561726439454,23.949220657348633,50200,0.0,0.0,0.0
2005-09-06 00:00:00-04:00,23.853917594976668,23.867533675991563,23.668750111794417,23.701427459716797,205200,0.0,0.0,0.0
2005-09-07 00:00:00-04:00,23.64968807345072,23.823963101640782,23.641519256117157,23.774948120117188,94200,0.0,0.0,0.0
2005-09-08 00:00:00-04:00,23.889321151804666,23.908382420768493,23.67964511568005,23.715044021606445,43400,0.0,0.0,0.0
2005-09-09 00:00:00-04:00,23.949226147332695,23.979179866321502,23.856643435929083,23.946504592895508,32000,0.0,0.0,0.0
2005-09-12 00:00:00-04:00,23.82941197820938,23.941055951863774,23.774949729761325,23.86208724975586,109200,0.0,0.0,0.0
2005-09-13 00:00:00-04:00,23.81851457042486,23.81851457042486,23.717760989910726,23.74226951599121,31600,0.0,0.0,0.0
2005-09-14 00:00:00-04:00,23.79946166657483,23.813075672493206,23.704155315055626,23.758615493774414,35800,0.0,0.0,0.0
2005-09-15 00:00:00-04:00,23.75316114008103,23.81306648254394,23.73409987713332,23.813066482543945,57800,0.0,0.0,0.0
2005-09-16 00:00:00-04:00,24.044540450786325,24.099000638168476,23.93834163112505,24.093555450439453,36600,0.0,0.0,0.0
2005-09-19 00:00:00-04:00,24.063596540038624,24.07721054518977,23.86753658366383,24.0554256439209,64600,0.0,0.0,0.0
2005-09-20 00:00:00-04:00,24.18340694481434,24.199746657907603,23.788565516686337,23.90293312072754,39800,0.0,0.0,0.0
2005-09-21 00:00:00-04:00,24.112603034751118,24.224246978759766,24.093541772236385,24.224246978759766,37800,0.0,0.0,0.0
2005-09-22 00:00:00-04:00,24.12622766468435,24.265103825633332,24.090828755138528,24.205196380615234,29200,0.0,0.0,0.0
2005-09-23 00:00:00-04:00,23.892041087326795,23.960117340087887,23.780397113110233,23.96011734008789,24000,0.0,0.0,0.0
2005-09-26 00:00:00-04:00,23.89476478099823,24.028193655049108,23.870258327151532,23.962841033935547,34800,0.0,0.0,0.0
2005-09-27 00:00:00-04:00,24.161624544076822,24.213361083460047,23.941056072415677,23.96011734008789,59200,0.0,0.0,0.0
2005-09-28 00:00:00-04:00,24.20791447907284,24.371297060622847,24.19157476665227,24.352235794067383,217200,0.0,0.0,0.0
2005-09-29 00:00:00-04:00,24.616377009439027,24.92680460116957,24.57825446852634,24.90229606628418,107200,0.0,0.0,0.0
2005-09-30 00:00:00-04:00,24.970372548656798,25.068402534015426,24.970372548656798,25.052064895629883,63800,0.0,0.0,0.0
2005-10-03 00:00:00-04:00,24.65177035189733,24.706232596277214,24.53740275498287,24.668107986450195,182400,0.0,0.0,0.0
2005-10-04 00:00:00-04:00,24.629992131944714,24.64360821611189,24.314119338989258,24.314119338989258,59000,0.0,0.0,0.0
2005-10-05 00:00:00-04:00,23.973726916171763,24.047248335093233,23.913819497594815,23.941049575805664,103200,0.0,0.0,0.0
2005-10-06 00:00:00-04:00,23.617015010010967,23.617015010010967,23.184048953191965,23.216726303100586,104600,0.0,0.0,0.0
2005-10-07 00:00:00-04:00,22.993432786634045,23.224891600210075,22.936248991105057,23.22216796875,114600,0.0,0.0,0.0
2005-10-10 00:00:00-04:00,23.287525544113084,23.287525544113084,23.20311164855957,23.20311164855957,46800,0.0,0.0,0.0
2005-10-11 00:00:00-04:00,23.508091143205355,23.535321227694645,23.36649137982541,23.41550636291504,54400,0.0,0.0,0.0
2005-10-12 00:00:00-04:00,23.358318545853137,23.418225967942078,23.16770590968098,23.268457412719727,63600,0.0,0.0,0.0
2005-10-13 00:00:00-04:00,22.568636484419308,22.584976196289062,22.353515296246734,22.584976196289062,108400,0.0,0.0,0.0
2005-10-14 00:00:00-04:00,22.329011670842053,22.511455535888672,22.293612766101234,22.511455535888672,85200,0.0,0.0,0.0
2005-10-17 00:00:00-04:00,23.061509030481236,23.22216796875,23.031555316986704,23.22216796875,90800,0.0,0.0,0.0
2005-10-18 00:00:00-04:00,22.86545868989737,22.88996515073297,22.55775260925293,22.55775260925293,56600,0.0,0.0,0.0
2005-10-19 00:00:00-04:00,22.083937211910087,22.47878074645996,22.056707124791384,22.47878074645996,39400,0.0,0.0,0.0
2005-10-20 00:00:00-04:00,22.489671543304045,22.661225042679014,22.296335220336914,22.296335220336914,46200,0.0,0.0,0.0
2005-10-21 00:00:00-04:00,22.342629141026325,22.38347323460246,22.09483055987746,22.263660430908203,30800,0.0,0.0,0.0
2005-10-24 00:00:00-04:00,22.478779787064187,23.02338981628418,22.478779787064187,23.02338981628418,41000,0.0,0.0,0.0
2005-10-25 00:00:00-04:00,22.851834830569118,22.94714116393515,22.696621065509504,22.702068328857422,34800,0.0,0.0,0.0
2005-10-26 00:00:00-04:00,23.00160611075909,23.020667379670563,22.846392327473552,22.86000633239746,40400,0.0,0.0,0.0
2005-10-27 00:00:00-04:00,22.892686457401215,22.911747728622124,22.407983779907227,22.407983779907227,37800,0.0,0.0,0.0
2005-10-28 00:00:00-04:00,22.52779288127216,22.691175460815433,22.429762918041753,22.69117546081543,50400,0.0,0.0,0.0
2005-10-31 00:00:00-05:00,22.633997834584513,22.759257915645964,22.633997834584513,22.751089096069336,103800,0.0,0.0,0.0
2005-11-01 00:00:00-05:00,23.091460698323015,23.107798330591933,23.064228541178938,23.077844619750977,43600,0.0,0.0,0.0
2005-11-02 00:00:00-05:00,23.33109378408528,23.543491363525394,23.27935516639311,23.54349136352539,55200,0.0,0.0,0.0
2005-11-03 00:00:00-05:00,24.074491264758734,24.199751342603072,24.006415000004896,24.017305374145508,60800,0.0,0.0,0.0
2005-11-04 00:00:00-05:00,23.86481027984449,23.902932814035754,23.30386263886825,23.565275192260742,196800,0.0,0.0,0.0
2005-11-07 00:00:00-05:00,23.56527637875174,23.834857763398073,23.54349147882494,23.68781280517578,100600,0.0,0.0,0.0
2005-11-08 00:00:00-05:00,23.325652120040946,23.325652120040946,23.184052327351186,23.298419952392578,50800,0.0,0.0,0.0
2005-11-09 00:00:00-05:00,23.077855059877322,23.306590325206734,23.053348600387533,23.290252685546875,205400,0.0,0.0,0.0
2005-11-10 00:00:00-05:00,23.350154635339774,23.633352095380104,23.34470944924312,23.578889846801758,79000,0.0,0.0,0.0
2005-11-11 00:00:00-05:00,23.554380193203013,23.644241333007812,23.54621137640659,23.644241333007812,17200,0.0,0.0,0.0
2005-11-14 00:00:00-05:00,23.957396985562955,24.028194796163895,23.88932072939265,23.897489547729492,60800,0.0,0.0,0.0
2005-11-15 00:00:00-05:00,23.91382491898873,24.07176231694743,23.85664111852553,23.935609817504883,46800,0.0,0.0,0.0
2005-11-16 00:00:00-05:00,23.919277184840784,24.207921981811523,23.881154639914573,24.207921981811523,72000,0.0,0.0,0.0
2005-11-17 00:00:00-05:00,24.44754647647496,24.50745391845703,24.246041325962867,24.50745391845703,49400,0.0,0.0,0.0
2005-11-18 00:00:00-05:00,24.6626583531855,24.747072219848636,24.605474565040616,24.747072219848633,164600,0.0,0.0,0.0
2005-11-21 00:00:00-05:00,25.019391501496013,25.152822494506836,24.989437774699542,25.152822494506836,127000,0.0,0.0,0.0
2005-11-22 00:00:00-05:00,24.687179410650053,25.062959671020508,24.687179410650053,25.062959671020508,61200,0.0,0.0,0.0
2005-11-23 00:00:00-05:00,24.997600257591348,25.21816664654817,24.959477723142573,25.17732048034668,108200,0.0,0.0,0.0
2005-11-25 00:00:00-05:00,25.419671953866708,25.419671953866708,25.22361201668598,25.278074264526367,30000,0.0,0.0,0.0
2005-11-28 00:00:00-05:00,25.06022918493763,25.139197885397852,24.997600197432067,25.082014083862305,95800,0.0,0.0,0.0
2005-11-29 00:00:00-05:00,24.90229957275874,24.90229957275874,24.73347174709365,24.75525665283203,52200,0.0,0.0,0.0
2005-11-30 00:00:00-05:00,24.605480664124837,24.605480664124837,24.409420726160125,24.425758361816406,75400,0.0,0.0,0.0
2005-12-01 00:00:00-05:00,24.56191640558153,24.92952991094121,24.56191640558153,24.89957618713379,891400,0.0,0.0,0.0
2005-12-02 00:00:00-05:00,25.106523937923562,25.242676458362457,25.07112503051758,25.071125030517578,223000,0.0,0.0,0.0
2005-12-05 00:00:00-05:00,25.027553036620066,25.376103097105684,25.011213324238266,25.297134399414062,194800,0.0,0.0,0.0
2005-12-06 00:00:00-05:00,25.5149757685405,25.942494503596418,25.501361766067888,25.874418258666992,203200,0.0,0.0,0.0
2005-12-07 00:00:00-05:00,26.10043764320045,26.190298804918783,26.032361383266426,26.11405372619629,112400,0.0,0.0,0.0
2005-12-08 00:00:00-05:00,25.923443655692008,26.1930271897631,25.86898346887199,25.991519927978516,165000,0.0,0.0,0.0
2005-12-09 00:00:00-05:00,25.896208108751186,25.95339191612665,25.81451784572446,25.855361938476562,159000,0.0,0.0,0.0
2005-12-12 00:00:00-05:00,26.25019816909968,26.34550448817785,26.141275771215227,26.195735931396484,139000,0.0,0.0,0.0
2005-12-13 00:00:00-05:00,26.231143405055196,26.454433441162113,26.1331134304207,26.45443344116211,111000,0.0,0.0,0.0
2005-12-14 00:00:00-05:00,26.141283458777597,26.263819893981594,26.08682328258083,26.105884552001953,104200,0.0,0.0,0.0
2005-12-15 00:00:00-05:00,26.14127831063135,26.184848105026365,25.947942022428297,25.977895736694336,38600,0.0,0.0,0.0
2005-12-16 00:00:00-05:00,26.135839658423688,26.135839658423688,25.97790223054442,25.996963500976562,54600,0.0,0.0,0.0
2005-12-19 00:00:00-05:00,26.590590305528657,26.84655565673146,26.522514038529106,26.5633602142334,121800,0.0,0.0,0.0
2005-12-20 00:00:00-05:00,26.62598491195613,26.7457997873127,26.536123755438705,26.549739837646484,104400,0.0,0.0,0.0
2005-12-21 00:00:00-05:00,26.631429858163163,26.851996243580928,26.587860060908042,26.824766159057617,115400,0.0,0.0,0.0
2005-12-22 00:00:00-05:00,26.985427547876238,27.385716266820396,26.876505122428735,27.31219482421875,78800,0.0,0.0,0.0
2005-12-23 00:00:00-05:00,27.288584959638296,27.44134633374469,27.219148356687562,27.402462005615234,98000,0.9825,0.0,0.0
2005-12-27 00:00:00-05:00,27.469120036434347,27.655209620286723,27.180263519287106,27.18026351928711,157800,0.0,0.0,0.0
2005-12-28 00:00:00-05:00,27.21914977967741,27.31636060508313,27.05250234769088,27.2330379486084,151000,0.0,0.0,0.0
2005-12-29 00:00:00-05:00,27.29692316622302,27.585779753896603,27.26914894258925,27.56633758544922,47800,0.0,0.0,0.0
2005-12-30 00:00:00-05:00,27.391350481766434,27.391350481766434,27.219146952479118,27.283029556274414,66000,0.0,0.0,0.0
2006-01-03 00:00:00-05:00,27.927402705410795,29.021722132886506,27.86907409386426,28.89951515197754,185800,0.0,0.0,0.0
2006-01-04 00:00:00-05:00,28.413458326903655,28.85229604016264,28.374573999387504,28.813411712646484,222800,0.0,0.0,0.0
2006-01-05 00:00:00-05:00,28.274583624390672,28.588436285287486,28.274583624390672,28.552330017089844,189000,0.0,0.0,0.0
2006-01-06 00:00:00-05:00,29.080043036993665,29.57165528072918,28.996720400436782,29.566099166870117,194800,0.0,0.0,0.0
2006-01-09 00:00:00-05:00,29.46889154220263,29.893843179669425,29.39945494473324,29.77996826171875,172600,0.0,0.0,0.0
2006-01-10 00:00:00-05:00,29.49666739178424,29.66887092590332,29.371682357028668,29.66887092590332,120000,0.0,0.0,0.0
2006-01-11 00:00:00-05:00,29.87163090261322,30.413235620849076,29.785528064019857,30.310468673706055,154000,0.0,0.0,0.0
2006-01-12 00:00:00-05:00,29.857739555501492,29.985502651873155,29.69109213062702,29.7188663482666,149600,0.0,0.0,0.0
2006-01-13 00:00:00-05:00,29.871625749369606,30.302131391919797,29.871625749369606,30.19103240966797,155400,0.0,0.0,0.0
2006-01-17 00:00:00-05:00,29.343911196731472,29.441122024893033,29.13282331341128,29.393905639648438,356400,0.0,0.0,0.0
2006-01-18 00:00:00-05:00,29.16059628734665,29.246699119214874,28.955064528151055,29.180038452148438,166400,0.0,0.0,0.0
2006-01-19 00:00:00-05:00,30.274362833797195,30.815967559814453,30.254920667197528,30.815967559814453,233400,0.0,0.0,0.0
2006-01-20 00:00:00-05:00,30.663207934614636,30.727088430267983,30.12160109574599,30.12715721130371,250200,0.0,0.0,0.0
2006-01-23 00:00:00-05:00,30.60765832666704,30.913181120732702,30.60765832666704,30.896514892578125,247800,0.0,0.0,0.0
2006-01-24 00:00:00-05:00,30.615993616192142,30.968730692601394,30.56599916798071,30.85763168334961,242200,0.0,0.0,0.0
2006-01-25 00:00:00-05:00,31.0520566279263,31.118715188328157,30.774310154041586,30.87152099609375,207800,0.0,0.0,0.0
2006-01-26 00:00:00-05:00,30.7048693046475,30.843742522454068,30.596548364281347,30.74930763244629,253400,0.0,0.0,0.0
2006-01-27 00:00:00-05:00,31.177037538680356,31.471448083670886,31.135375149342398,31.385347366333008,175000,0.0,0.0,0.0
2006-01-30 00:00:00-05:00,30.96872649746721,31.274247142244672,30.704868240395093,31.224252700805664,447400,0.0,0.0,0.0
2006-01-31 00:00:00-05:00,31.46866921550139,31.940837266610416,31.449227051491885,31.913063049316406,155600,0.0,0.0,0.0
2006-02-01 00:00:00-05:00,32.35745869793807,32.40467508188977,32.204697315697786,32.39078903198242,441200,0.0,0.0,0.0
2006-02-02 00:00:00-05:00,32.33523411065919,32.49632752490704,31.89917236453088,32.115814208984375,545600,0.0,0.0,0.0
2006-02-03 00:00:00-05:00,31.296468225513596,31.693645710357398,31.121488735183842,31.4158992767334,463200,0.0,0.0,0.0
2006-02-06 00:00:00-05:00,31.621422371079692,32.07970428466797,31.496437357844954,32.07970428466797,254600,0.0,0.0,0.0
2006-02-07 00:00:00-05:00,31.843623224825155,31.899171653793136,30.940947480356705,31.127037048339844,346600,0.0,0.0,0.0
2006-02-08 00:00:00-05:00,30.293801713821413,31.01316603803962,30.241029216331658,30.99094581604004,306200,0.0,0.0,0.0
2006-02-09 00:00:00-05:00,30.935398656023782,31.53811005944381,30.935398656023782,31.30480194091797,167800,0.0,0.0,0.0
2006-02-10 00:00:00-05:00,31.63253619136298,31.743635171183634,31.05760124875564,31.45477867126465,148200,0.0,0.0,0.0
2006-02-13 00:00:00-05:00,30.274361873931063,30.5326661471582,29.87163038469088,30.04660987854004,393600,0.0,0.0,0.0
2006-02-14 00:00:00-05:00,29.635540767250827,30.360459058749406,29.39945674520408,30.257694244384766,320600,0.0,0.0,0.0
2006-02-15 00:00:00-05:00,30.19102798871451,30.385451708944434,30.049378873146402,30.16880989074707,201600,0.0,0.0,0.0
2006-02-16 00:00:00-05:00,30.135487801734413,30.599323833524,30.066051193896318,30.57988166809082,271000,0.0,0.0,0.0
2006-02-17 00:00:00-05:00,31.163144091157886,31.690862655639645,31.09093155550893,31.69086265563965,139800,0.0,0.0,0.0
2006-02-21 00:00:00-05:00,31.579765276342506,31.69086426171174,31.396453751664634,31.538105010986328,191800,0.0,0.0,0.0
2006-02-22 00:00:00-05:00,31.579765373776517,31.801963345200537,31.4742225028204,31.68531036376953,119400,0.0,0.0,0.0
2006-02-23 00:00:00-05:00,31.551987059217204,31.643643869453232,31.285350799560547,31.285350799560547,135000,0.0,0.0,0.0
2006-02-24 00:00:00-05:00,31.407562354818605,31.407562354818605,30.990942768955723,31.265911102294922,239600,0.0,0.0,0.0
2006-02-27 00:00:00-05:00,30.88539329575524,30.92150167746591,30.749298177482476,30.849287033081055,117400,0.0,0.0,0.0
2006-02-28 00:00:00-05:00,29.929959994332968,30.268811024444496,29.699429917252193,29.771644592285156,358800,0.0,0.0,0.0
2006-03-01 00:00:00-05:00,29.9410689810496,30.246589660644535,29.793861578509837,30.24658966064453,295800,0.0,0.0,0.0
2006-03-02 00:00:00-05:00,30.191035486657523,30.607655123285014,30.110490888328812,30.593769073486328,979400,0.0,0.0,0.0
2006-03-03 00:00:00-05:00,30.054943904229763,30.054943904229763,29.660544443247932,29.757755279541016,176200,0.0,0.0,0.0
2006-03-06 00:00:00-05:00,29.52444564992653,29.649430692820086,28.918958362257808,29.043943405151367,238200,0.0,0.0,0.0
2006-03-07 00:00:00-05:00,28.252361065840788,28.363460037531695,27.616321624922882,27.957950592041016,491000,0.0,0.0,0.0
2006-03-08 00:00:00-05:00,27.91351969668985,28.452348516190543,27.732984070863985,28.441238403320312,343600,0.0,0.0,0.0
2006-03-09 00:00:00-05:00,28.79119670141767,28.968954251728185,28.527336314617553,28.5384464263916,92800,0.0,0.0,0.0
2006-03-10 00:00:00-05:00,28.68287106865831,29.03561019897461,28.371796443035453,29.03561019897461,1010800,0.0,0.0,0.0
2006-03-13 00:00:00-05:00,29.316141114604676,29.377243558760444,29.163379706621686,29.263368606567383,203000,0.0,0.0,0.0
2006-03-14 00:00:00-05:00,29.718867091472113,30.343796539657273,29.616100152695,30.32990837097168,221600,0.0,0.0,0.0
2006-03-15 00:00:00-05:00,30.807622526425227,31.0325984954834,30.682637525087838,31.0325984954834,153600,0.0,0.0,0.0
2006-03-16 00:00:00-05:00,30.752089085309574,30.80208353400105,30.55211129054367,30.6854305267334,153600,0.0,0.0,0.0
2006-03-17 00:00:00-05:00,31.149258477357446,31.149258477357446,30.84929186359169,30.952058792114258,80400,0.0,0.0,0.0
2006-03-20 00:00:00-05:00,31.143701625418934,31.143701625418934,30.677087610288275,30.724306106567383,99000,0.0,0.0,0.0
2006-03-21 00:00:00-05:00,30.96593696371532,30.96593696371532,30.274349212646488,30.274349212646484,157200,0.0,0.0,0.0
2006-03-22 00:00:00-05:00,30.413241345694892,30.899297714233395,30.404909289851677,30.8992977142334,80200,0.0,0.0,0.0
2006-03-23 00:00:00-05:00,30.89929281998534,31.2825821613259,30.89929281998534,31.038166046142578,259600,0.0,0.0,0.0
2006-03-24 00:00:00-05:00,31.1020404942359,31.749187947700253,31.1020404942359,31.635313034057617,120600,0.0,0.0,0.0
2006-03-27 00:00:00-05:00,31.89361645036861,31.929722715926406,31.5769857553644,31.826955795288086,170000,0.0,0.0,0.0
2006-03-28 00:00:00-05:00,31.454784430862343,31.726976875311507,31.077049101728132,31.171483993530273,228800,0.0,0.0,0.0
2006-03-29 00:00:00-05:00,31.043717695472345,31.646429061889652,30.971505149037693,31.64642906188965,90400,0.0,0.0,0.0
2006-03-30 00:00:00-05:00,32.28801706902209,32.535211180715756,32.032490904872624,32.28246307373047,199800,0.0,0.0,0.0
2006-03-31 00:00:00-05:00,32.190809093176924,32.190809093176924,31.77418948140769,31.943614959716797,112600,0.0,0.0,0.0
2006-04-03 00:00:00-04:00,32.77407543490569,33.293461969481626,32.496329032914964,32.965721130371094,1102800,0.0,0.0,0.0
2006-04-04 00:00:00-04:00,33.16292189020182,33.48233068659174,32.9907183525649,33.451778411865234,220000,0.0,0.0,0.0
2006-04-05 00:00:00-04:00,33.426772266565386,33.4850987448525,33.08514544816424,33.3934440612793,318600,0.0,0.0,0.0
2006-04-06 00:00:00-04:00,32.91294634757924,32.9657188383802,32.45744244950699,32.93794250488281,241200,0.0,0.0,0.0
2006-04-07 00:00:00-04:00,32.56577286226996,32.67687187153507,32.163041337600966,32.218589782714844,216400,0.0,0.0,0.0
2006-04-10 00:00:00-04:00,32.45466736398199,32.56576635103384,32.149146738867096,32.274131774902344,118200,0.0,0.0,0.0
2006-04-11 00:00:00-04:00,32.621310000189006,32.72685497597368,32.03526499551184,32.09359359741211,208200,0.0,0.0,0.0
2006-04-12 00:00:00-04:00,32.218595773106884,32.618551433209944,32.218595773106884,32.52411651611328,98800,0.0,0.0,0.0
2006-04-13 00:00:00-04:00,32.28801872293271,32.52410273709947,32.13248141835919,32.45466613769531,111200,0.0,0.0,0.0
2006-04-17 00:00:00-04:00,32.90183381238452,33.11292164098969,32.78518084882768,33.010154724121094,125000,0.0,0.0,0.0
2006-04-18 00:00:00-04:00,33.39900892639182,34.07948684692383,33.36845664891124,34.07948684692383,122200,0.0,0.0,0.0
2006-04-19 00:00:00-04:00,33.676749217561145,34.2044677734375,33.53787602491141,34.2044677734375,229800,0.0,0.0,0.0
2006-04-20 00:00:00-04:00,33.91283814293093,33.96838869947477,32.943503710889345,33.204586029052734,213400,0.0,0.0,0.0
2006-04-21 00:00:00-04:00,33.20458411606208,33.53232496415913,33.09626318583853,33.487884521484375,165800,0.0,0.0,0.0
2006-04-24 00:00:00-04:00,33.13514146274927,33.190689886911905,32.80184456066378,32.98793411254883,143200,0.0,0.0,0.0
2006-04-25 00:00:00-04:00,32.81574302638142,33.00738663322093,32.69909002760307,32.74908447265625,116600,0.0,0.0,0.0
2006-04-26 00:00:00-04:00,32.857399885291194,33.11292606408213,32.81018138694148,33.037933349609375,170600,0.0,0.0,0.0
2006-04-27 00:00:00-04:00,32.59354394694684,33.02960576812557,32.457448786193986,32.49911117553711,149400,0.0,0.0,0.0
2006-04-28 00:00:00-04:00,33.21846602364174,33.52676466939099,33.05459667954192,33.5184326171875,147600,0.0,0.0,0.0
2006-05-01 00:00:00-04:00,33.80173550274827,33.879506273520654,33.52398910710026,33.55176544189453,166800,0.0,0.0,0.0
2006-05-02 00:00:00-04:00,33.38511559687993,33.943386440238804,33.38511559687993,33.91283416748047,1036000,0.0,0.0,0.0
2006-05-03 00:00:00-04:00,33.885066967808854,33.982277801695936,33.46844729197514,33.83229446411133,290200,0.0,0.0,0.0
2006-05-04 00:00:00-04:00,33.55176515678456,34.0628175032965,33.512880831247216,33.965606689453125,111800,0.0,0.0,0.0
2006-05-05 00:00:00-04:00,34.435003311530615,34.509993915227625,34.10726243948568,34.48221969604492,158400,0.0,0.0,0.0
2006-05-08 00:00:00-04:00,34.23224839944241,34.23224839944241,33.79618657761465,34.04338073730469,264600,0.0,0.0,0.0
2006-05-09 00:00:00-04:00,34.040598556883,34.77384889307426,34.02393445075403,34.74607467651367,201000,0.0,0.0,0.0
2006-05-10 00:00:00-04:00,34.43500225740436,34.82940166722183,34.43500225740436,34.615535736083984,136000,0.0,0.0,0.0
2006-05-11 00:00:00-04:00,34.6627653514714,34.67665140557116,33.97673113161988,34.01005935668945,117400,0.0,0.0,0.0
2006-05-12 00:00:00-04:00,33.06571498005127,33.67120231226098,32.12137664737962,32.20192337036133,611600,0.0,0.0,0.0
2006-05-15 00:00:00-04:00,30.274358350706184,30.61876330191599,24.997176619849142,30.257694244384766,744400,0.0,0.0,0.0
2006-05-16 00:00:00-04:00,30.316021389334455,30.58821168729324,29.996612590718485,30.38545799255371,148200,0.0,0.0,0.0
2006-05-17 00:00:00-04:00,30.393787373986616,30.646535485586487,29.13559657330674,29.296689987182617,392200,0.0,0.0,0.0
2006-05-18 00:00:00-04:00,29.52444436663859,29.82718693779564,29.01061181054173,29.177261352539062,211600,0.0,0.0,0.0
2006-05-19 00:00:00-04:00,29.243915949005444,29.50222016137723,28.05238375122828,29.49666404724121,965200,0.0,0.0,0.0
2006-05-22 00:00:00-04:00,27.913516133315177,28.330135777096,27.410795774578187,28.05794334411621,709400,0.0,0.0,0.0
2006-05-23 00:00:00-04:00,28.59398782621258,29.380010558646653,28.330129623413086,28.330129623413086,341200,0.0,0.0,0.0
2006-05-24 00:00:00-04:00,28.08016083008883,28.274584582991938,27.210815354319998,27.688539505004883,227800,0.0,0.0,0.0
2006-05-25 00:00:00-04:00,28.39957852919987,29.163381374728477,28.152384323260893,29.157827377319336,197400,0.0,0.0,0.0
2006-05-26 00:00:00-04:00,29.124492419842504,29.549444142049545,28.910626470328854,29.45501136779785,280800,0.0,0.0,0.0
2006-05-30 00:00:00-04:00,29.552222419529247,29.607770861379997,27.76075656283994,27.91073989868164,205200,0.0,0.0,0.0
2006-05-31 00:00:00-04:00,28.330133606917858,28.549553523451948,28.027391039432636,28.288471221923828,223800,0.0,0.0,0.0
2006-06-01 00:00:00-04:00,27.857973413786553,28.805087829839632,27.705211998759832,28.746761322021484,210200,0.0,0.0,0.0
2006-06-02 00:00:00-04:00,29.52444564992653,29.52444564992653,28.746754816926266,29.043943405151367,303800,0.0,0.0,0.0
2006-06-05 00:00:00-04:00,29.27168964431536,29.27168964431536,28.330129623413086,28.330129623413086,220800,0.0,0.0,0.0
2006-06-06 00:00:00-04:00,27.49689507581997,28.021835630471756,26.746980603185126,27.271921157836914,302200,0.0,0.0,0.0
2006-06-07 00:00:00-04:00,26.816410651370315,27.274690428706624,26.608100891113278,26.60810089111328,424800,0.0,0.0,0.0
2006-06-08 00:00:00-04:00,25.413795471191406,25.84707917490353,24.511119675766576,25.413795471191406,686200,0.0,0.0,0.0
2006-06-09 00:00:00-04:00,26.497014508314535,26.64977380027234,26.041510452485422,26.174827575683594,311600,0.0,0.0,0.0
2006-06-12 00:00:00-04:00,26.385908206558703,26.524781407645854,25.288810765584962,25.336027145385742,229200,0.0,0.0,0.0
2006-06-13 00:00:00-04:00,24.58055776066066,25.177712977523655,24.200044408744013,24.483346939086914,462600,0.0,0.0,0.0
2006-06-14 00:00:00-04:00,24.774978232463685,25.16937973411682,24.73609390567261,25.047170639038086,501000,0.0,0.0,0.0
2006-06-15 00:00:00-04:00,26.108165312731543,26.933072577084005,25.872081262966404,26.763647079467773,347800,0.0,0.0,0.0
2006-06-16 00:00:00-04:00,26.741423115875424,26.985841304634125,26.308139408947724,26.858076095581055,133600,0.0,0.0,0.0
2006-06-19 00:00:00-04:00,26.52478235760549,26.858077204536535,25.57489013671875,25.57489013671875,255800,0.0,0.0,0.0
2006-06-20 00:00:00-04:00,25.833195519361286,26.25259109437826,25.63877175091485,25.872079849243164,116200,0.0,0.0,0.0
2006-06-21 00:00:00-04:00,25.84707850474389,26.93862190767154,25.830414399352215,26.671985626220703,221200,0.0,0.0,0.0
2006-06-22 00:00:00-04:00,25.816531959437704,26.20259935959523,25.594336068454016,25.85819435119629,212200,0.0,0.0,0.0
2006-06-23 00:00:00-04:00,24.51112640992038,25.286039329175725,24.441689791195394,25.23882293701172,291000,0.0,0.0,0.0
2006-06-26 00:00:00-04:00,24.747209781526387,24.869418905076785,24.55278810227564,24.858308792114258,190000,0.0,0.0,0.0
2006-06-27 00:00:00-04:00,25.23326022450932,25.249926449591978,24.475013732910156,24.475013732910156,146800,0.0,0.0,0.0
2006-06-28 00:00:00-04:00,25.760981480742956,25.760981480742956,25.288813395557117,25.610998153686523,205000,0.0,0.0,0.0
2006-06-29 00:00:00-04:00,25.62765667046247,27.3719056569757,25.62765667046247,27.285802841186523,285200,0.0,0.0,0.0
2006-06-30 00:00:00-04:00,27.302475321062065,27.413572199478132,27.02472888694765,27.21915054321289,184200,0.0,0.0,0.0
2006-07-03 00:00:00-04:00,27.774643345740497,28.28847382382927,27.774643345740497,28.18570899963379,240800,0.0,0.0,0.0
2006-07-05 00:00:00-04:00,27.13582772698583,27.294143121114026,26.688655766213028,26.930295944213867,161400,0.0,0.0,0.0
2006-07-06 00:00:00-04:00,26.983063305729154,27.30247209097976,26.935846926084654,27.24692153930664,90200,0.0,0.0,0.0
2006-07-07 00:00:00-04:00,27.080273098167687,27.641319875107385,26.833078979922742,26.86085319519043,224800,0.0,0.0,0.0
2006-07-10 00:00:00-04:00,27.413572199478132,27.66632247166007,27.08027732615568,27.21915054321289,243400,0.0,0.0,0.0
2006-07-11 00:00:00-04:00,27.358016770302285,27.632985076490815,26.95250733438727,27.582990646362305,166400,0.0,0.0,0.0
2006-07-12 00:00:00-04:00,27.813524281114052,27.816302338439844,27.108048171980236,27.288583755493164,149200,0.0,0.0,0.0
2006-07-13 00:00:00-04:00,26.108156158408445,26.82196417287156,24.858297618910168,26.06093978881836,332800,0.0,0.0,0.0
2006-07-14 00:00:00-04:00,26.24703671091845,26.402574028150564,25.949848126043076,26.185932159423828,194600,0.0,0.0,0.0
2006-07-17 00:00:00-04:00,25.788753829200182,25.899852817371634,25.30269761010742,25.369356155395508,184000,0.0,0.0,0.0
2006-07-18 00:00:00-04:00,25.922072387387797,26.066499585055343,25.274922757661244,25.583221435546875,416600,0.0,0.0,0.0
2006-07-19 00:00:00-04:00,25.497123127160084,27.40801780312232,25.497123127160084,27.202486038208008,188800,0.0,0.0,0.0
2006-07-20 00:00:00-04:00,27.152490717275242,27.152490717275242,26.338693618774414,26.338693618774414,153600,0.0,0.0,0.0
2006-07-21 00:00:00-04:00,26.385911519723013,26.385911519723013,25.552672208573863,25.59711265563965,122200,0.0,0.0,0.0
2006-07-24 00:00:00-04:00,25.885961507418152,26.916402431582156,25.885961507418152,26.888626098632812,476400,0.0,0.0,0.0
2006-07-25 00:00:00-04:00,26.552561810494037,27.19693352890806,26.413688577051037,27.138607025146484,1064000,0.0,0.0,0.0
2006-07-26 00:00:00-04:00,26.70254363404036,27.21915220250892,26.483123683429543,27.113609313964844,120400,0.0,0.0,0.0
2006-07-27 00:00:00-04:00,27.774639718499934,27.8857387011813,27.230257034301754,27.230257034301758,90400,0.0,0.0,0.0
2006-07-28 00:00:00-04:00,27.302472314561893,27.771862295581613,27.22470154158265,27.594104766845703,72800,0.0,0.0,0.0
2006-07-31 00:00:00-04:00,27.4968918843485,27.746864052559015,27.38579290747308,27.635765075683594,161200,0.0,0.0,0.0
2006-08-01 00:00:00-04:00,27.035833061896643,27.263587139985518,26.941400304770177,27.16637420654297,177000,0.0,0.0,0.0
2006-08-02 00:00:00-04:00,27.483007756191327,27.66354335526376,27.221927559060948,27.410795211791992,77200,0.0,0.0,0.0
2006-08-03 00:00:00-04:00,27.135826431953987,27.60799665296961,27.135826431953987,27.39413070678711,94800,0.0,0.0,0.0
2006-08-04 00:00:00-04:00,27.774644367914643,28.013506479001684,27.40524108925245,27.552446365356445,89000,0.0,0.0,0.0
2006-08-07 00:00:00-04:00,27.496891021728516,27.67464853153797,27.360795891819926,27.496891021728516,45200,0.0,0.0,0.0
2006-08-08 00:00:00-04:00,27.560788536685187,27.8246468871361,27.499683962297528,27.52745819091797,50800,0.0,0.0,0.0
2006-08-09 00:00:00-04:00,27.996837954977266,28.18014947699535,27.624656677246094,27.624656677246094,175200,0.0,0.0,0.0
2006-08-10 00:00:00-04:00,27.732974252987976,27.802410844567333,27.50244426037572,27.74130630493164,90400,0.0,0.0,0.0
2006-08-11 00:00:00-04:00,27.699650777018224,28.024613572552738,27.69131660461426,27.691316604614258,28200,0.0,0.0,0.0
2006-08-14 00:00:00-04:00,27.607989648063924,27.877403966461184,27.246918518844303,27.285802841186523,245800,0.0,0.0,0.0
2006-08-15 00:00:00-04:00,27.552439471858982,27.824631850939593,27.413566284764862,27.785747528076172,75400,0.0,0.0,0.0
2006-08-16 00:00:00-04:00,28.08571358167212,28.394012220626312,28.030163036478747,28.330129623413086,74800,0.0,0.0,0.0
2006-08-17 00:00:00-04:00,28.38846676919835,28.691211526861398,28.23848341939795,28.24403953552246,92000,0.0,0.0,0.0
2006-08-18 00:00:00-04:00,27.83574536854366,27.941288240805203,27.391351539235934,27.427457809448242,249600,0.0,0.0,0.0
2006-08-21 00:00:00-04:00,27.235810670191952,27.549665451049805,27.219146564672712,27.549665451049805,96800,0.0,0.0,0.0
2006-08-22 00:00:00-04:00,27.341355661086386,27.532999231704398,27.174706129715155,27.255252838134766,147200,0.0,0.0,0.0
2006-08-23 00:00:00-04:00,27.505224536316465,27.63576567806275,26.752532077158165,26.849742889404297,92800,0.0,0.0,0.0
2006-08-24 00:00:00-04:00,27.177487793147993,27.177487793147993,26.844192924254436,26.91362953186035,181000,0.0,0.0,0.0
2006-08-25 00:00:00-04:00,27.099713689627347,27.274693142802278,27.066383361816406,27.066383361816406,77400,0.0,0.0,0.0
2006-08-28 00:00:00-04:00,27.260809638776806,27.435789108276367,27.221925312221348,27.435789108276367,72000,0.0,0.0,0.0
2006-08-29 00:00:00-04:00,27.635764793583462,27.880180844985052,27.188592952526157,27.76074981689453,302800,0.0,0.0,0.0
2006-08-30 00:00:00-04:00,28.00517405513743,28.069054549679738,27.860744719669558,27.971843719482422,101600,0.0,0.0,0.0
2006-08-31 00:00:00-04:00,27.663541071974137,27.763529945698707,27.233035422528175,27.435789108276367,250600,0.0,0.0,0.0
2006-09-01 00:00:00-04:00,27.496895064794487,27.599662001122283,27.344133689041946,27.555221557617188,117200,0.0,0.0,0.0
2006-09-05 00:00:00-04:00,27.835740930363414,27.957950008576653,27.635763209300514,27.919063568115234,208000,0.0,0.0,0.0
2006-09-06 00:00:00-04:00,27.555220950615873,27.555220950615873,27.052500629001315,27.18581771850586,118400,0.0,0.0,0.0
2006-09-07 00:00:00-04:00,26.552559800750668,26.80253202583533,26.19704468909124,26.45534896850586,151400,0.0,0.0,0.0
2006-09-08 00:00:00-04:00,26.249819350486312,26.385914526820496,26.094279887067,26.17760467529297,180800,0.0,0.0,0.0
2006-09-11 00:00:00-04:00,25.413795671410327,25.555446929138675,24.941627637698325,25.136049270629883,268200,0.0,0.0,0.0
2006-09-12 00:00:00-04:00,25.27214375700335,25.87763097973303,25.27214375700335,25.874855041503906,319400,0.0,0.0,0.0
2006-09-13 00:00:00-04:00,25.691542321063103,26.10816192626953,25.644325941041895,26.10816192626953,90400,0.0,0.0,0.0
2006-09-14 00:00:00-04:00,25.53878289556415,25.713764499254147,25.205488033643192,25.247150421142578,165200,0.0,0.0,0.0
2006-09-15 00:00:00-04:00,25.66654839836953,25.924850541829525,25.4304622396181,25.741539001464844,167600,0.0,0.0,0.0
2006-09-18 00:00:00-04:00,26.063729906953608,26.385916856230885,26.016513511674635,26.24704360961914,134200,0.0,0.0,0.0
2006-09-19 00:00:00-04:00,26.327585194333953,26.327585194333953,25.73598604240407,25.885967254638672,110800,0.0,0.0,0.0
2006-09-20 00:00:00-04:00,26.038732720893908,26.24704258266106,25.899859479715808,26.049842834472656,93000,0.0,0.0,0.0
2006-09-21 00:00:00-04:00,26.10816160292591,26.160934097023624,25.27492240283253,25.32491683959961,332800,0.0,0.0,0.0
2006-09-22 00:00:00-04:00,25.5387783154533,25.5387783154533,25.163821133277583,25.30269432067871,185200,0.0,0.0,0.0
2006-09-25 00:00:00-04:00,25.27492057020264,25.463788193290895,24.822194733831346,25.424903869628906,171400,0.0,0.0,0.0
2006-09-26 00:00:00-04:00,25.469342700270612,25.927624660108616,25.469342700270612,25.88318634033203,105000,0.0,0.0,0.0
2006-09-27 00:00:00-04:00,25.872085859570944,25.872085859570944,25.477686353982318,25.59433937072754,101600,0.0,0.0,0.0
2006-09-28 00:00:00-04:00,25.758207910922867,25.91374738036071,25.641554898122585,25.844310760498047,130000,0.0,0.0,0.0
2006-09-29 00:00:00-04:00,25.46934539061295,25.649880984047915,25.344360351562504,25.3443603515625,88600,0.0,0.0,0.0
2006-10-02 00:00:00-04:00,25.422129594415438,25.622107356733427,25.288812498894796,25.3776912689209,98000,0.0,0.0,0.0
2006-10-03 00:00:00-04:00,25.319368944390856,25.319368944390856,24.816646398264133,24.858308792114258,196800,0.0,0.0,0.0
2006-10-04 00:00:00-04:00,24.688875007793655,25.247145812693347,24.441680904532117,25.208261489868164,259000,0.0,0.0,0.0
2006-10-05 00:00:00-04:00,25.1332688625264,25.461009669554535,25.069388382982417,25.30269432067871,134600,0.0,0.0,0.0
2006-10-06 00:00:00-04:00,25.10827262573578,25.31658240617213,25.052722079530753,25.208261489868164,177400,0.0,0.0,0.0
2006-10-09 00:00:00-04:00,25.330471937868158,25.652658793066863,25.09438791137225,25.57489013671875,86800,0.0,0.0,0.0
2006-10-10 00:00:00-04:00,25.472122511563335,25.969288830081407,25.472122511563335,25.966510772705078,95600,0.0,0.0,0.0
2006-10-11 00:00:00-04:00,25.627653400500996,25.969282324959355,25.60821124181061,25.744308471679688,287000,0.0,0.0,0.0
2006-10-12 00:00:00-04:00,25.96095137005419,26.830296672538136,25.91373499967492,26.791412353515625,287000,0.0,0.0,0.0
2006-10-13 00:00:00-04:00,26.99417291951334,27.15526421880997,26.885851994539376,27.083051681518555,104400,0.0,0.0,0.0
2006-10-16 00:00:00-04:00,27.219144615211658,27.469116775281137,27.144154026709145,27.44411849975586,125600,0.0,0.0,0.0
2006-10-17 00:00:00-04:00,26.980290751639547,27.01084303153239,26.599777341452448,26.90530014038086,144000,0.0,0.0,0.0
2006-10-18 00:00:00-04:00,27.219151718808348,27.274700160415517,26.771979771047803,26.89141082763672,134400,0.0,0.0,0.0
2006-10-19 00:00:00-04:00,27.099717238343743,27.308027046607847,27.0802750743339,27.244144439697266,92800,0.0,0.0,0.0
2006-10-20 00:00:00-04:00,27.24414653251291,27.380243810073324,27.191376151310795,27.260812759399414,68600,0.0,0.0,0.0
2006-10-23 00:00:00-04:00,26.871960396568884,26.913622774479403,26.47478301602351,26.8164119720459,99200,0.0,0.0,0.0
2006-10-24 00:00:00-04:00,26.7692005875447,26.988620525029138,26.55255870773496,26.935850143432617,100800,0.0,0.0,0.0
2006-10-25 00:00:00-04:00,27.135818748774447,27.496889867374808,27.10804453635209,27.488557815551758,103000,0.0,0.0,0.0
2006-10-26 00:00:00-04:00,27.55244268440921,27.566330852352618,27.308026609478418,27.463563919067383,60200,0.0,0.0,0.0
2006-10-27 00:00:00-04:00,27.330249714375086,27.49689715209551,27.16360227665466,27.177488327026367,114200,0.0,0.0,0.0
2006-10-30 00:00:00-05:00,27.21914970202324,27.28303231227164,27.038614101620777,27.080276489257812,121800,0.0,0.0,0.0
2006-10-31 00:00:00-05:00,27.877406387508042,28.27458381652832,27.86629627744016,28.27458381652832,196600,0.0,0.0,0.0
2006-11-01 00:00:00-05:00,28.66343153981582,28.81619292825517,28.135715003106416,28.3023624420166,291800,0.0,0.0,0.0
2006-11-02 00:00:00-05:00,28.155158830002318,28.24681354943592,27.98850926222352,28.191265106201172,81200,0.0,0.0,0.0
2006-11-03 00:00:00-05:00,28.607877527403552,28.68009218051175,28.385679572779896,28.602323532104492,125000,0.0,0.0,0.0
2006-11-06 00:00:00-05:00,29.074495267246654,29.355019744168057,29.01061265840904,29.310579299926758,200600,0.0,0.0,0.0
2006-11-07 00:00:00-05:00,29.582774587088586,29.607770750116323,29.23281347143974,29.260587692260742,157200,0.0,0.0,0.0
2006-11-08 00:00:00-05:00,29.218921284997236,29.635540897154254,29.0800480809449,29.538330078125,241800,0.0,0.0,0.0
2006-11-09 00:00:00-05:00,29.482775772595993,29.7327479139154,29.402229076002158,29.579986572265625,199600,0.0,0.0,0.0
2006-11-10 00:00:00-05:00,29.66887356609351,29.671651623723733,29.41334735907744,29.607769012451172,76000,0.0,0.0,0.0
2006-11-13 00:00:00-05:00,29.27447841127685,29.510562487368315,29.16337939928163,29.441125869750977,138400,0.0,0.0,0.0
2006-11-14 00:00:00-05:00,29.774425168443006,30.01051139831543,29.541119116052297,30.01051139831543,166400,0.0,0.0,0.0
2006-11-15 00:00:00-05:00,29.37168050645803,29.83551646546164,29.296689914136874,29.71608543395996,191000,0.0,0.0,0.0
2006-11-16 00:00:00-05:00,29.580004741328104,29.580004741328104,28.87175025906146,28.893970489501953,217400,0.0,0.0,0.0
2006-11-17 00:00:00-05:00,28.363468097012436,28.643990484422552,28.10238575720774,28.599552154541016,182800,0.0,0.0,0.0
2006-11-20 00:00:00-05:00,28.930065321613956,29.1994775429224,28.76063985230481,28.888402938842773,141000,0.0,0.0,0.0
2006-11-21 00:00:00-05:00,29.493898869543774,29.746647059990302,29.346693576783856,29.704984664916992,142600,0.0,0.0,0.0
2006-11-22 00:00:00-05:00,30.177153153645968,30.2188155462475,29.8577443024173,30.057722091674805,124000,0.0,0.0,0.0
2006-11-24 00:00:00-05:00,30.171591478303977,30.515998549247005,30.11882110183382,30.357683181762695,122200,0.0,0.0,0.0
2006-11-27 00:00:00-05:00,30.552106109163187,30.552106109163187,29.941064834594727,29.941064834594727,188800,0.0,0.0,0.0
2006-11-28 00:00:00-05:00,29.552211674581876,30.154920737574976,29.535545452856574,30.113258361816406,142600,0.0,0.0,0.0
2006-11-29 00:00:00-05:00,30.24935829607705,30.496552396853048,30.066044673998686,30.39378547668457,92800,0.0,0.0,0.0
2006-11-30 00:00:00-05:00,29.996606789652724,30.72707895139944,29.996606789652724,30.421558380126953,155600,0.0,0.0,0.0
2006-12-01 00:00:00-05:00,30.777075114491815,30.940946577528184,29.971612322775098,30.179922103881836,1210800,0.0,0.0,0.0
2006-12-04 00:00:00-05:00,30.38546179074332,30.81596751309384,30.38546179074332,30.715978622436523,155400,0.0,0.0,0.0
2006-12-05 00:00:00-05:00,30.682641338129713,31.14647725998068,30.593762585924516,31.079818725585938,177600,0.0,0.0,0.0
2006-12-06 00:00:00-05:00,30.829856662151844,31.09649300602652,30.690983433943952,30.765974044799805,45000,0.0,0.0,0.0
2006-12-07 00:00:00-05:00,30.927066107720144,30.98817066443054,30.593771222619864,30.704870223999023,84600,0.0,0.0,0.0
2006-12-08 00:00:00-05:00,30.793742317934015,31.077042696879058,30.663201178573463,30.696529388427734,81600,0.0,0.0,0.0
2006-12-11 00:00:00-05:00,30.668754517359943,30.910394628814476,30.552101547293628,30.863178253173828,92000,0.0,0.0,0.0
2006-12-12 00:00:00-05:00,30.48267556611161,30.690985421916473,30.14382452828971,30.53544807434082,97600,0.0,0.0,0.0
2006-12-13 00:00:00-05:00,30.5521123273092,30.96873204086342,30.5521123273092,30.8770751953125,78000,0.0,0.0,0.0
2006-12-14 00:00:00-05:00,30.968725748939242,31.343682991150388,30.968725748939242,31.23258399963379,59200,0.0,0.0,0.0
2006-12-15 00:00:00-05:00,31.663084255407792,31.663084255407792,31.163139972181487,31.249242782592773,87600,0.0,0.0,0.0
2006-12-18 00:00:00-05:00,31.415896690041418,31.64087060466129,31.11315200041906,31.235361099243164,136400,0.0,0.0,0.0
2006-12-19 00:00:00-05:00,31.124258880191665,31.551988562637383,31.00760590835285,31.504772186279297,128000,0.0,0.0,0.0
2006-12-20 00:00:00-05:00,31.81009587529235,32.216242721804306,31.719209973752864,31.95778465270996,76000,1.2525,0.0,0.0
2006-12-21 00:00:00-05:00,32.44346249067517,32.520146599092485,32.06287624212077,32.1480827331543,95800,0.0,0.0,0.0
2006-12-22 00:00:00-05:00,32.63375129292996,32.843924538559676,32.16511997253472,32.20204162597656,74200,0.0,0.0,0.0
2006-12-26 00:00:00-05:00,32.383818693960336,32.662158037626156,32.278733137519225,32.593994140625,78400,0.0,0.0,0.0
2006-12-27 00:00:00-05:00,32.72463035600677,32.94616456413208,32.659305110766795,32.860958099365234,103800,0.0,0.0,0.0
2006-12-28 00:00:00-05:00,32.83255519253269,33.03136954576495,32.74735089848199,32.818355560302734,39200,0.0,0.0,0.0
2006-12-29 00:00:00-05:00,32.94616301871444,33.00296588130092,32.57977870442776,32.667823791503906,68600,0.0,0.0,0.0
2007-01-03 00:00:00-05:00,32.662150101260096,33.298351374763946,31.67092545709038,31.909500122070312,1630200,0.0,0.0,0.0
2007-01-04 00:00:00-05:00,31.52039363871358,31.52039363871358,31.185251514115517,31.384063720703125,310000,0.0,0.0,0.0
2007-01-05 00:00:00-05:00,30.759219276432614,30.841582774359658,30.105975544097053,30.65981101989746,571800,0.0,0.0,0.0
2007-01-08 00:00:00-05:00,30.534846997146772,31.10004352851559,30.534846997146772,30.943832397460938,168400,0.0,0.0,0.0
2007-01-09 00:00:00-05:00,30.97223931965299,31.07164542876467,30.191187914375906,30.722301483154297,352800,0.0,0.0,0.0
2007-01-10 00:00:00-05:00,30.162784465867627,30.64561754627944,30.10598159376773,30.617216110229492,400600,0.0,0.0,0.0
2007-01-11 00:00:00-05:00,30.67401945558609,31.37270519426978,30.671178661870066,30.975078582763672,225000,0.0,0.0,0.0
2007-01-12 00:00:00-05:00,31.230701938784165,31.540283507516477,31.165378838804433,31.49199867248535,152800,0.0,0.0,0.0
2007-01-16 00:00:00-05:00,31.66808243179785,31.97766174909541,31.66808243179785,31.8072509765625,91200,0.0,0.0,0.0
2007-01-17 00:00:00-05:00,31.753299915493205,32.230451544225005,31.753299915493205,32.040157318115234,165800,0.0,0.0,0.0
2007-01-18 00:00:00-05:00,32.551388242118534,32.62239292772355,31.952108522260843,32.07139587402344,227400,0.0,0.0,0.0
2007-01-19 00:00:00-05:00,32.08844842580095,32.26737950894875,31.952118433718063,32.20489501953125,112800,0.0,0.0,0.0
2007-01-22 00:00:00-05:00,32.608193110051445,32.662157367803424,32.230449806461095,32.437782287597656,89200,0.0,0.0,0.0
2007-01-23 00:00:00-05:00,32.43494467502597,33.02854506785437,32.43210604731195,33.01434326171875,484800,0.0,0.0,0.0
2007-01-24 00:00:00-05:00,32.83255515171958,33.289825346627964,32.64226317833022,33.162017822265625,260000,0.0,0.0,0.0
2007-01-25 00:00:00-05:00,32.80984220171048,32.91777070416258,31.8498596900289,31.89530372619629,322600,0.0,0.0,0.0
2007-01-26 00:00:00-05:00,32.30713043226268,32.50026325470921,32.18216149806465,32.45198059082031,195400,0.0,0.0,0.0
2007-01-29 00:00:00-05:00,31.96631529784288,32.14524635331582,31.545966540252454,31.835664749145508,151000,0.0,0.0,0.0
2007-01-30 00:00:00-05:00,31.778852234873817,32.37813186645508,31.778852234873817,32.37813186645508,37000,0.0,0.0,0.0
2007-01-31 00:00:00-05:00,32.40653357835217,33.0370554457036,32.34688991075011,32.86380386352539,122000,0.0,0.0,0.0
2007-02-01 00:00:00-05:00,33.36367717147154,33.55112838745117,33.088178684647914,33.55112838745117,221600,0.0,0.0,0.0
2007-02-02 00:00:00-05:00,33.11941822727307,33.17906188964844,32.83255875565683,33.17906188964844,220600,0.0,0.0,0.0
2007-02-05 00:00:00-05:00,32.66215102073271,32.81268058743009,32.55990411375133,32.64794921875,52400,0.0,0.0,0.0
2007-02-06 00:00:00-05:00,33.14497460921607,33.38071060180664,33.00864687470147,33.38071060180664,139800,0.0,0.0,0.0
2007-02-07 00:00:00-05:00,33.173385304072276,33.25574882089697,32.95468968978527,33.159183502197266,390200,0.0,0.0,0.0
2007-02-08 00:00:00-05:00,32.83256031074661,33.07681655883789,32.57126363456685,33.07681655883789,232200,0.0,0.0,0.0
2007-02-09 00:00:00-05:00,33.04841251070048,33.068293730862386,32.312803030929,32.53717803955078,127800,0.0,0.0,0.0
2007-02-12 00:00:00-05:00,32.53717984984275,32.62238632207188,32.18783808086263,32.321327209472656,328800,0.0,0.0,0.0
2007-02-13 00:00:00-05:00,32.61386728285076,32.98877187375845,32.61386728285076,32.97172927856445,146200,0.0,0.0,0.0
2007-02-14 00:00:00-05:00,33.17339257360051,33.71870808160433,33.17339257360051,33.519893646240234,488000,0.0,0.0,0.0
2007-02-15 00:00:00-05:00,33.840830076419394,33.97715784515659,33.713020355476104,33.86355209350586,155800,0.0,0.0,0.0
2007-02-16 00:00:00-05:00,33.826633634429854,34.31230545043945,33.826633634429854,34.31230545043945,746000,0.0,0.0,0.0
2007-02-20 00:00:00-05:00,34.39466134633504,34.53667068481445,34.27821481556501,34.53667068481445,123400,0.0,0.0,0.0
2007-02-21 00:00:00-05:00,34.16745078659596,34.57927703857422,34.08224430906699,34.57927703857422,186200,0.0,0.0,0.0
2007-02-22 00:00:00-05:00,34.93429068310036,35.093340418821825,34.72695613455762,34.93144989013672,186600,0.0,0.0,0.0
2007-02-23 00:00:00-05:00,34.999627762416814,35.15015733707078,34.92862308253167,35.07347106933594,136200,0.0,0.0,0.0
2007-02-26 00:00:00-05:00,35.20411260375752,35.260917636801054,34.82636942674769,35.062103271484375,140000,0.0,0.0,0.0
2007-02-27 00:00:00-05:00,33.64768987200124,33.64768987200124,31.82712928215837,31.94641876220703,972400,0.0,0.0,0.0
2007-02-28 00:00:00-05:00,32.92345659451097,33.18191472549402,32.60535694639809,32.92913818359375,316800,0.0,0.0,0.0
2007-03-01 00:00:00-05:00,31.986194028140616,32.557070184446715,31.5402846546897,32.23612976074219,322800,0.0,0.0,0.0
2007-03-02 00:00:00-05:00,31.682297206081408,32.20773153942433,31.310231113998057,31.57720947265625,302800,0.0,0.0,0.0
2007-03-05 00:00:00-05:00,30.02078058139764,31.04040900618358,29.992379140179683,30.347402572631836,570600,0.0,0.0,0.0
2007-03-06 00:00:00-05:00,31.07165134273315,31.511879100272182,30.827395047059696,31.455076217651367,224200,0.0,0.0,0.0
2007-03-07 00:00:00-05:00,30.81886648693408,31.523231575041233,30.81886648693408,31.179569244384766,164200,0.0,0.0,0.0
2007-03-08 00:00:00-05:00,31.898136394565416,32.2531597349622,31.591397875299375,32.00890350341797,140800,0.0,0.0,0.0
2007-03-09 00:00:00-05:00,32.662151093830566,32.77007742171212,32.30712771237589,32.55138397216797,177000,0.0,0.0,0.0
2007-03-12 00:00:00-04:00,32.53718496146563,33.031379111008,32.50310410073232,32.95469284057617,254400,0.0,0.0,0.0
2007-03-13 00:00:00-04:00,32.09411087486254,32.29576387785472,31.05176283818401,31.0943660736084,317800,0.0,0.0,0.0
2007-03-14 00:00:00-04:00,31.114244384229576,31.560153583929434,30.497922258772018,31.506189346313477,244800,0.0,0.0,0.0
2007-03-15 00:00:00-04:00,31.455065543402046,32.16511216966394,31.412462312448266,31.94641876220703,152600,0.0,0.0,0.0
2007-03-16 00:00:00-04:00,31.76750073627723,32.048678727294266,31.44371949404153,31.628332138061523,55200,0.0,0.0,0.0
2007-03-19 00:00:00-04:00,32.378131409489136,32.47469672621692,32.17363760125301,32.33268737792969,109600,0.0,0.0,0.0
2007-03-20 00:00:00-04:00,32.66215477104933,32.980256536726394,32.57694828315106,32.895050048828125,97400,0.0,0.0,0.0
2007-03-21 00:00:00-04:00,32.98593815040921,33.874916076660156,32.835408556423026,33.874916076660156,257600,0.0,0.0,0.0
2007-03-22 00:00:00-04:00,34.05668568146389,34.45999174293561,33.9260351636832,34.32366180419922,250600,0.0,0.0,0.0
2007-03-23 00:00:00-04:00,34.215728958619714,34.6133555234553,34.195847738722456,34.42306137084961,103800,0.0,0.0,0.0
2007-03-26 00:00:00-04:00,34.650277922560704,34.74116381076393,33.99703411136279,34.53099060058594,194200,0.0,0.0,0.0
2007-03-27 00:00:00-04:00,34.28673342780223,34.28957422116849,33.85218521905339,33.968631744384766,371000,0.0,0.0,0.0
2007-03-28 00:00:00-04:00,33.79822694434298,33.934556880407584,33.40628189935482,33.7442626953125,301000,0.0,0.0,0.0
2007-03-29 00:00:00-04:00,34.16746121399923,34.34355147652615,33.82947816138186,34.18450164794922,141800,0.0,0.0,0.0
2007-03-30 00:00:00-04:00,34.832053583432625,34.914419267378854,34.14756963557581,34.48271179199219,177600,0.0,0.0,0.0
2007-04-02 00:00:00-04:00,34.957025986237305,35.127436791725785,34.79229460194569,35.09051513671875,251200,0.0,0.0,0.0
2007-04-03 00:00:00-04:00,35.28648316746511,35.64434734112533,35.24387992849995,35.607425689697266,725000,0.0,0.0,0.0
2007-04-04 00:00:00-04:00,35.89428687795184,35.970973149708534,35.60458872225907,35.78351974487305,206800,0.0,0.0,0.0
2007-04-05 00:00:00-04:00,35.772149519335706,36.01356711492171,35.65854378834279,35.93404006958008,135000,0.0,0.0,0.0
2007-04-09 00:00:00-04:00,36.098772021782,36.220900134859804,35.93972226219804,36.01072692871094,80200,0.0,0.0,0.0
2007-04-10 00:00:00-04:00,36.183984630008,36.32883478100965,36.02777347040907,36.240787506103516,84400,0.0,0.0,0.0
2007-04-11 00:00:00-04:00,36.411199217597236,36.411199217597236,35.638670115559044,35.757957458496094,386400,0.0,0.0,0.0
2007-04-12 00:00:00-04:00,35.9681242606978,36.38279342651367,35.786352484919284,36.38279342651367,155200,0.0,0.0,0.0
2007-04-13 00:00:00-04:00,36.55888619314339,36.780420425062886,36.431078649156184,36.72361755371094,149000,0.0,0.0,0.0
2007-04-16 00:00:00-04:00,37.26324947520621,37.606913980498035,37.251890635014405,37.43366241455078,246000,0.0,0.0,0.0
2007-04-17 00:00:00-04:00,37.69495909307653,37.90229151346994,37.58419198258897,37.65803527832031,296800,0.0,0.0,0.0
2007-04-18 00:00:00-04:00,37.46206973589652,37.8312949613355,37.39106505153448,37.703487396240234,189400,0.0,0.0,0.0
2007-04-19 00:00:00-04:00,37.16384928968985,37.54443331435323,36.922431656882246,37.48194885253906,209000,0.0,0.0,0.0
2007-04-20 00:00:00-04:00,38.13234595317718,38.331162493785655,37.89093267838,38.103946685791016,176000,0.0,0.0,0.0
2007-04-23 00:00:00-04:00,38.07270792202274,38.15223281198919,37.805729648371894,37.913658142089844,190000,0.0,0.0,0.0
2007-04-24 00:00:00-04:00,37.97330638673138,38.200522255752524,37.52739919835367,37.822776794433594,208200,0.0,0.0,0.0
2007-04-25 00:00:00-04:00,38.03579052534708,38.55554535852134,37.89946273864337,38.510101318359375,168000,0.0,0.0,0.0
2007-04-26 00:00:00-04:00,38.072714457341,38.15792094944004,37.54443940686559,37.71200942993164,491600,0.0,0.0,0.0
2007-04-27 00:00:00-04:00,37.20644921915168,37.8000472543726,37.20644921915168,37.677921295166016,188800,0.0,0.0,0.0
2007-04-30 00:00:00-04:00,37.564313690027824,37.88809485181353,37.09284591674805,37.09284591674805,317000,0.0,0.0,0.0
2007-05-01 00:00:00-04:00,37.379703560328736,37.385385148134084,36.92527187909807,37.3314208984375,144400,0.0,0.0,0.0
2007-05-02 00:00:00-04:00,37.61543999011573,38.08691210567291,37.61543999011573,38.047149658203125,340400,0.0,0.0,0.0
2007-05-03 00:00:00-04:00,38.04715528518235,38.33969426349967,37.82561666362146,38.23176574707031,311000,0.0,0.0,0.0
2007-05-04 00:00:00-04:00,38.58110796700481,38.6521126581987,38.15507981984147,38.373775482177734,497000,0.0,0.0,0.0
2007-05-07 00:00:00-04:00,38.62654495239258,38.757195467183706,38.569742076571856,38.62654495239258,213800,0.0,0.0,0.0
2007-05-08 00:00:00-04:00,38.12382027277499,38.23458736739391,37.81707962603481,38.0783805847168,271200,0.0,0.0,0.0
2007-05-09 00:00:00-04:00,38.194836176347216,38.45897583898956,38.04714956256314,38.36808776855469,510000,0.0,0.0,0.0
2007-05-10 00:00:00-04:00,37.83696814882334,37.925013244479004,36.85426162857327,36.876983642578125,561800,0.0,0.0,0.0
2007-05-11 00:00:00-04:00,37.35130345529045,38.18631925587701,37.35130345529045,38.01874923706055,623600,0.0,0.0,0.0
2007-05-14 00:00:00-04:00,37.85969393109756,37.94490040865132,37.186566658826166,37.46774673461914,432600,0.0,0.0,0.0
2007-05-15 00:00:00-04:00,37.3427793622685,37.7176861455561,37.01047798641721,37.18941116333008,323600,0.0,0.0,0.0
2007-05-16 00:00:00-04:00,37.626804264330914,37.89662122067152,37.06728695815334,37.547279357910156,469200,0.0,0.0,0.0
2007-05-17 00:00:00-04:00,37.3853809437472,37.3853809437472,36.666814016431225,36.74349594116211,414400,0.0,0.0,0.0
2007-05-18 00:00:00-04:00,37.1212440582592,37.54159053025579,36.9735531174782,37.464908599853516,355800,0.0,0.0,0.0
2007-05-21 00:00:00-04:00,37.51319314074249,37.85685336578589,37.34846176272381,37.60123825073242,178800,0.0,0.0,0.0
2007-05-22 00:00:00-04:00,37.71768419196019,37.75176504911869,37.32573699951172,37.32573699951172,574400,0.0,0.0,0.0
2007-05-23 00:00:00-04:00,37.86821683822002,38.27152290461934,37.69496524392761,37.839813232421875,335800,0.0,0.0,0.0
2007-05-24 00:00:00-04:00,37.65521021204311,37.856861118065794,36.5475343744922,36.595821380615234,751600,0.0,0.0,0.0
2007-05-25 00:00:00-04:00,36.90539605736569,37.20645523071289,36.72078127465397,37.20645523071289,214400,0.0,0.0,0.0
2007-05-29 00:00:00-04:00,37.27746142345654,37.27746142345654,36.38280408280649,36.848594665527344,188600,0.0,0.0,0.0
2007-05-30 00:00:00-04:00,35.772154943566704,36.78042221069336,35.66422861600209,36.78042221069336,290800,0.0,0.0,0.0
2007-05-31 00:00:00-04:00,36.4197240918236,36.553213254665025,36.229432044190204,36.49641036987305,352600,0.0,0.0,0.0
2007-06-01 00:00:00-04:00,36.68101832923792,37.033203125,36.62421544831682,37.033203125,458400,0.0,0.0,0.0
2007-06-04 00:00:00-04:00,36.34871219114322,36.584446052411536,36.13285738422116,36.439598083496094,208400,0.0,0.0,0.0
2007-06-05 00:00:00-04:00,36.127185424626575,36.169788672027664,35.70683887306011,35.85736846923828,211000,0.0,0.0,0.0
2007-06-06 00:00:00-04:00,35.63013662428816,35.70966366167396,35.36599920906197,35.52505111694336,133600,0.0,0.0,0.0
2007-06-07 00:00:00-04:00,35.58754950930373,35.77215995949125,34.62472613997157,34.66164779663086,800200,0.0,0.0,0.0
2007-06-08 00:00:00-04:00,34.508268478654514,35.29216061625699,34.37477935676712,35.1700325012207,388000,0.0,0.0,0.0
2007-06-11 00:00:00-04:00,35.104701466512225,35.73238236505141,34.90873008958551,35.47392654418945,214800,0.0,0.0,0.0
2007-06-12 00:00:00-04:00,35.06493989918871,35.187067997110574,34.479862213134766,34.479862213134766,223600,0.0,0.0,0.0
2007-06-13 00:00:00-04:00,34.934302915060904,35.21548084398926,34.661645201116606,35.167198181152344,369800,0.0,0.0,0.0
2007-06-14 00:00:00-04:00,35.49666603901582,35.95393425501175,35.49666603901582,35.90281295776367,128400,0.0,0.0,0.0
2007-06-15 00:00:00-04:00,36.32599914718036,36.62137891199506,36.283395900611595,36.578773498535156,168600,0.0,0.0,0.0
2007-06-18 00:00:00-04:00,36.9366360018915,37.03036270106561,36.66397611940482,36.80030822753906,147800,0.0,0.0,0.0
2007-06-19 00:00:00-04:00,36.91106588643988,37.172362525983075,36.612845435361216,37.06443405151367,263400,0.0,0.0,0.0
2007-06-20 00:00:00-04:00,37.27745624652798,37.27745624652798,36.15558319196023,36.240787506103516,343000,0.0,0.0,0.0
2007-06-21 00:00:00-04:00,36.41120454089675,36.766227994559515,36.11582693431358,36.65262222290039,131600,0.0,0.0,0.0
2007-06-22 00:00:00-04:00,36.31179135515572,36.38279819898926,35.786357179157356,35.82896041870117,420400,0.0,0.0,0.0
2007-06-25 00:00:00-04:00,35.78636185363901,36.09310261815262,35.368853951977314,35.44269943237305,523800,0.0,0.0,0.0
2007-06-26 00:00:00-04:00,35.346133066797435,35.46826121768705,34.79229736328125,34.79229736328125,195800,0.0,0.0,0.0
2007-06-27 00:00:00-04:00,34.604832310097294,35.448368072509766,34.51962801268507,35.448368072509766,356400,0.0,0.0,0.0
2007-06-28 00:00:00-04:00,35.28647801329909,35.71818759364797,35.28647801329909,35.44552993774414,825000,0.0,0.0,0.0
2007-06-29 00:00:00-04:00,35.689793235827565,35.84884302491177,35.21832112262672,35.567665100097656,661200,0.0,0.0,0.0
2007-07-02 00:00:00-04:00,36.41119664774074,36.63841247558594,36.18114219304326,36.63841247558594,282600,0.0,0.0,0.0
2007-07-03 00:00:00-04:00,36.638415959839406,36.6611379781629,36.35439723146856,36.448123931884766,139600,0.0,0.0,0.0
2007-07-05 00:00:00-04:00,36.490719957326014,36.490719957326014,35.956765601968634,36.31747055053711,330400,0.0,0.0,0.0
2007-07-06 00:00:00-04:00,36.314628333681206,36.98775121356907,36.28054531224882,36.922428131103516,197200,0.0,0.0,0.0
2007-07-09 00:00:00-04:00,37.450714503791346,37.83129860855532,37.450714503791346,37.72053146362305,189400,0.0,0.0,0.0
2007-07-10 00:00:00-04:00,37.746087199893246,37.746087199893246,36.63841589472816,36.72077941894531,232800,0.0,0.0,0.0
2007-07-11 00:00:00-04:00,36.42540164021188,37.13544845581055,36.42540164021188,37.13544845581055,211000,0.0,0.0,0.0
2007-07-12 00:00:00-04:00,37.16385014239597,37.967619282410155,37.129764950036126,37.84549331665039,159600,0.0,0.0,0.0
2007-07-13 00:00:00-04:00,37.490473083219825,37.88809757937755,37.408109556795004,37.81709289550781,390000,0.0,0.0,0.0
2007-07-16 00:00:00-04:00,38.01591546900061,38.01591546900061,37.490478992038526,37.66373062133789,499600,0.0,0.0,0.0
2007-07-17 00:00:00-04:00,37.47058575061414,37.59839763516284,37.29733850062368,37.38538360595703,460000,0.0,0.0,0.0
2007-07-18 00:00:00-04:00,37.29166605926961,37.50751876831055,37.11841443300564,37.50751876831055,417800,0.0,0.0,0.0
2007-07-19 00:00:00-04:00,37.774496200211566,38.39933662398489,37.64384565987286,38.37093734741211,145400,0.0,0.0,0.0
2007-07-20 00:00:00-04:00,38.78559290862504,38.78559290862504,37.805729262149015,37.99602127075195,213800,0.0,0.0,0.0
2007-07-23 00:00:00-04:00,38.91056217920789,39.2797873586136,38.876481321773404,39.03268814086914,395200,0.0,0.0,0.0
2007-07-24 00:00:00-04:00,38.29424532220607,38.62654671136028,37.660884777089,37.757450103759766,473200,0.0,0.0,0.0
2007-07-25 00:00:00-04:00,38.13803952154208,38.22040739053495,37.26042257540563,37.92786407470703,286800,0.0,0.0,0.0
2007-07-26 00:00:00-04:00,36.35439035223323,36.40835459381729,34.7525252006892,35.63866424560547,629400,0.0,0.0,0.0
2007-07-27 00:00:00-04:00,35.5023414998952,35.525063518508965,34.272539870285,34.46851348876953,468800,0.0,0.0,0.0
2007-07-30 00:00:00-04:00,34.76388451588465,35.63014013120502,34.51962829424129,35.5108528137207,557600,0.0,0.0,0.0
2007-07-31 00:00:00-04:00,35.650032001694456,35.97097457109949,34.76389490204844,34.82069778442383,396200,0.0,0.0,0.0
2007-08-01 00:00:00-04:00,34.550876537398594,34.968384388194096,33.99987954607493,34.846256256103516,281000,0.0,0.0,0.0
2007-08-02 00:00:00-04:00,34.6502821971987,35.03086622384725,34.4798714066562,34.99962615966797,290600,0.0,0.0,0.0
2007-08-03 00:00:00-04:00,34.93430299150183,34.9911058694471,33.37220001220703,33.37220001220703,352000,0.0,0.0,0.0
2007-08-06 00:00:00-04:00,33.7982308006801,34.51395708773302,33.2301933082317,34.39751052856445,315200,0.0,0.0,0.0
2007-08-07 00:00:00-04:00,33.9402312438197,34.67015914288983,33.76697968085566,34.53099060058594,223000,0.0,0.0,0.0
2007-08-08 00:00:00-04:00,35.090509825773346,35.871561219033545,34.951339108267554,35.32056427001953,230800,0.0,0.0,0.0
2007-08-09 00:00:00-04:00,34.11064511486012,34.72980596169528,33.70165966420372,33.704498291015625,255600,0.0,0.0,0.0
2007-08-10 00:00:00-04:00,33.4375276571129,34.39182864263003,33.105224080068396,33.832313537597656,348800,0.0,0.0,0.0
2007-08-13 00:00:00-04:00,34.272544886874186,34.35775138570229,33.74426979467905,33.769832611083984,158400,0.0,0.0,0.0
2007-08-14 00:00:00-04:00,33.855027586691534,33.957274490271324,32.54854202270508,32.54854202270508,187800,0.0,0.0,0.0
2007-08-15 00:00:00-04:00,32.04298994728969,32.62238836074052,31.35566520690918,31.35566520690918,225200,0.0,0.0,0.0
2007-08-16 00:00:00-04:00,31.136962976849215,31.159684988288035,29.3618464623841,31.128442764282227,323600,0.0,0.0,0.0
2007-08-17 00:00:00-04:00,31.80441917466902,32.79564396168947,30.503612837029312,31.68229103088379,233200,0.0,0.0,0.0
2007-08-20 00:00:00-04:00,31.881101657355128,32.15375937141339,31.256261333499623,31.92086410522461,254200,0.0,0.0,0.0
2007-08-21 00:00:00-04:00,31.648210167860388,32.13388198212965,31.330108380053407,31.59424591064453,169200,0.0,0.0,0.0
2007-08-22 00:00:00-04:00,32.74735868932191,33.511367558791065,32.65931141423168,33.40060043334961,218000,0.0,0.0,0.0
2007-08-23 00:00:00-04:00,33.5823748587424,33.815270136424736,32.66215475752085,33.269954681396484,210800,0.0,0.0,0.0
2007-08-24 00:00:00-04:00,32.94617212344323,34.48271446689421,32.83256419998421,34.28105926513672,325000,0.0,0.0,0.0
2007-08-27 00:00:00-04:00,34.09929424524795,34.17881915743941,33.741432140386365,33.78971481323242,566600,0.0,0.0,0.0
2007-08-28 00:00:00-04:00,33.68462173768014,33.68462173768014,32.75304062804989,32.767242431640625,158000,0.0,0.0,0.0
2007-08-29 00:00:00-04:00,33.713019565844675,34.903058638462845,33.43752324096448,34.84909439086914,224400,0.0,0.0,0.0
2007-08-30 00:00:00-04:00,34.43727047246459,35.15299670740876,33.514209614439764,34.60768127441406,241600,0.0,0.0,0.0
2007-08-31 00:00:00-04:00,35.53073953059425,35.93404557128261,35.17287535588239,35.488136291503906,228600,0.0,0.0,0.0
2007-09-04 00:00:00-04:00,35.58754576344171,36.44812212094474,35.38021114860049,36.240787506103516,219000,0.0,0.0,0.0
2007-09-05 00:00:00-04:00,35.473942498372644,35.473942498372644,34.79797648294194,35.10471725463867,304400,0.0,0.0,0.0
2007-09-06 00:00:00-04:00,35.340449877874036,35.800560990364474,35.07063295710618,35.62162780761719,98000,0.0,0.0,0.0
2007-09-07 00:00:00-04:00,35.13595290290564,35.13595290290564,34.536673276205526,34.8292121887207,80400,0.0,0.0,0.0
2007-09-10 00:00:00-04:00,35.37737174613302,35.58470636912879,34.68720615666293,35.181400299072266,266200,0.0,0.0,0.0
2007-09-11 00:00:00-04:00,35.98233711176483,36.49641036987305,35.91701184405201,36.49641036987305,189800,0.0,0.0,0.0
2007-09-12 00:00:00-04:00,36.127173332407054,36.854260421626776,35.9283611336018,36.45095443725586,178000,0.0,0.0,0.0
2007-09-13 00:00:00-04:00,36.59581530977496,37.10136830545306,36.502088608268544,36.71794128417969,124800,0.0,0.0,0.0
2007-09-14 00:00:00-04:00,36.02776912752177,36.43959751368926,35.97664567844203,36.31462860107422,443600,0.0,0.0,0.0
2007-09-17 00:00:00-04:00,35.757958024291796,35.92552803246564,35.5932266432155,35.684112548828125,86400,0.0,0.0,0.0
2007-09-18 00:00:00-04:00,36.03914213981074,37.43367536336584,35.62731578334962,37.42799377441406,266600,0.0,0.0,0.0
2007-09-19 00:00:00-04:00,37.39673980884159,37.621116997358726,36.80598042280392,37.1411247253418,265800,0.0,0.0,0.0
2007-09-20 00:00:00-04:00,37.24904960961516,37.885253037932024,36.99343452110088,37.07579803466797,432800,0.0,0.0,0.0
2007-09-21 00:00:00-04:00,37.251898540166124,37.68076527235813,37.251898540166124,37.447872161865234,219800,0.0,0.0,0.0
2007-09-24 00:00:00-04:00,37.81993305610893,37.81993305610893,36.92243287834315,37.18941116333008,133000,0.0,0.0,0.0
2007-09-25 00:00:00-04:00,37.14397332347743,37.62680435180664,37.04172639587269,37.62680435180664,110600,0.0,0.0,0.0
2007-09-26 00:00:00-04:00,37.683603743130156,37.94206183252366,37.459230848965866,37.81709289550781,338600,0.0,0.0,0.0
2007-09-27 00:00:00-04:00,38.28572064972075,38.43341158341054,37.89093484014678,38.30276107788086,117800,0.0,0.0,0.0
2007-09-28 00:00:00-04:00,38.626540622592124,38.63789946297036,37.581353956548696,37.73472213745117,138200,0.0,0.0,0.0
2007-10-01 00:00:00-04:00,37.746089104087744,38.55554425285386,37.746089104087744,38.43341827392578,187000,0.0,0.0,0.0
2007-10-02 00:00:00-04:00,38.4618098796175,38.64926325220013,38.234594064406544,38.481693267822266,985000,0.0,0.0,0.0
2007-10-03 00:00:00-04:00,39.23150463072312,39.59504822199359,38.87931988065046,38.90488052368164,2250000,0.0,0.0,0.0
2007-10-04 00:00:00-04:00,39.055424111033176,39.70582959799847,39.055424111033176,39.57802200317383,224200,0.0,0.0,0.0
2007-10-05 00:00:00-04:00,39.99551917749622,40.73680389381543,39.89327226252429,40.611839294433594,350000,0.0,0.0,0.0
2007-10-08 00:00:00-04:00,40.28521553285406,40.28521553285406,39.83930838131947,40.0040397644043,118000,0.0,0.0,0.0
2007-10-09 00:00:00-04:00,39.97563637790669,40.5749160735129,39.81090499391548,40.5152702331543,258000,0.0,0.0,0.0
2007-10-10 00:00:00-04:00,40.26816709106623,40.38177282669692,39.756932613166114,40.26248550415039,251800,0.0,0.0,0.0
2007-10-11 00:00:00-04:00,40.64875974039389,41.45821486415633,39.893273203168484,40.4811897277832,606000,0.0,0.0,0.0
2007-10-12 00:00:00-04:00,40.90153317742872,41.10318836992341,40.61467583831251,40.9412956237793,435400,0.0,0.0,0.0
2007-10-15 00:00:00-04:00,40.958343246107056,40.958343246107056,39.350796182976616,39.79670333862305,440600,0.0,0.0,0.0
2007-10-16 00:00:00-04:00,39.66320849522754,39.734213168032305,39.11789312814072,39.435997009277344,218400,0.0,0.0,0.0
2007-10-17 00:00:00-04:00,40.444264911320495,40.56355659015266,39.33659361172333,39.91031265258789,443000,0.0,0.0,0.0
2007-10-18 00:00:00-04:00,39.93587356328865,40.438587925884825,39.81090462942005,40.373260498046875,421800,0.0,0.0,0.0
2007-10-19 00:00:00-04:00,40.61467976570219,40.61467976570219,38.97305179739945,39.16902542114258,319000,0.0,0.0,0.0
2007-10-22 00:00:00-04:00,38.89351998994436,39.47575916952306,38.61233992749324,39.373512268066406,503800,0.0,0.0,0.0
2007-10-23 00:00:00-04:00,40.44426387124768,41.18555290154013,40.11764407775563,41.11170959472656,927400,0.0,0.0,0.0
2007-10-24 00:00:00-04:00,41.43264656629542,41.43264656629542,40.182961769771346,41.182708740234375,463600,0.0,0.0,0.0
2007-10-25 00:00:00-04:00,41.50933945028601,41.935367584228516,41.182719614442995,41.935367584228516,564400,0.0,0.0,0.0
2007-10-26 00:00:00-04:00,42.986230558187216,43.36113297623357,42.810136023034254,43.284446716308594,540400,0.0,0.0,0.0
2007-10-29 00:00:00-04:00,43.29298078600453,43.47759559425841,42.96352229312281,43.19357681274414,421000,0.0,0.0,0.0
2007-10-30 00:00:00-04:00,43.003270054687796,43.16800141173022,42.49771714304571,42.74481201171875,229400,0.0,0.0,0.0
2007-10-31 00:00:00-04:00,42.949310136842925,43.662195546482174,42.33582867650849,43.540069580078125,286200,0.0,0.0,0.0
2007-11-01 00:00:00-04:00,42.37559103839337,42.40399464315612,41.26223820544323,41.466732025146484,527400,0.0,0.0,0.0
2007-11-02 00:00:00-04:00,42.02057702058046,42.75050735473633,41.472422863401306,42.75050735473633,373200,0.0,0.0,0.0
2007-11-05 00:00:00-05:00,41.65135002537632,42.31879585458236,41.36733126125161,42.04045867919922,285800,0.0,0.0,0.0
2007-11-06 00:00:00-05:00,42.344346300462824,43.42929979821748,42.344346300462824,43.344093322753906,206000,0.0,0.0,0.0
2007-11-07 00:00:00-05:00,43.11973084962961,43.554279212037834,42.02341824675692,42.04045867919922,357200,0.0,0.0,0.0
2007-11-08 00:00:00-05:00,42.79025165164003,43.67922709584194,42.05464437445105,43.11403274536133,538800,0.0,0.0,0.0
2007-11-09 00:00:00-05:00,42.11146248531963,43.28729997073614,42.11146248531963,42.42672348022461,449000,0.0,0.0,0.0
2007-11-12 00:00:00-05:00,42.46079853239935,42.46079853239935,39.43315794476413,39.739898681640625,615800,0.0,0.0,0.0
2007-11-13 00:00:00-05:00,40.75668843601012,42.25630700876494,40.75668843601012,42.091575622558594,417800,0.0,0.0,0.0
2007-11-14 00:00:00-05:00,42.31879082991033,42.69937488854146,41.67406709843867,41.887081146240234,1095200,0.0,0.0,0.0
2007-11-15 00:00:00-05:00,41.08046388922306,41.57181501832687,40.12047931289767,40.455623626708984,533800,0.0,0.0,0.0
2007-11-16 00:00:00-05:00,40.54082740934115,41.33039898263811,40.09775463400133,40.978214263916016,1664600,0.0,0.0,0.0
2007-11-19 00:00:00-05:00,41.5462636505523,41.5462636505523,38.342532401076085,39.06393814086914,649200,0.0,0.0,0.0
2007-11-20 00:00:00-05:00,39.76261790205793,41.1344287397327,39.68593163978802,40.756683349609375,580800,0.0,0.0,0.0
2007-11-21 00:00:00-05:00,40.85892687099444,40.85892687099444,38.70890341512848,38.96736145019531,244000,0.0,0.0,0.0
2007-11-23 00:00:00-05:00,39.2542382203667,39.944401788380574,39.2542382203667,39.63766098022461,278000,0.0,0.0,0.0
2007-11-26 00:00:00-05:00,38.44761756614506,39.106543159479095,36.43392562866211,36.43392562866211,495400,0.0,0.0,0.0
2007-11-27 00:00:00-05:00,36.63840883169601,38.19767290725262,36.63840883169601,38.058502197265625,1037200,0.0,0.0,0.0
2007-11-28 00:00:00-05:00,38.37378321222237,39.597903641587635,38.15793046767307,39.521217346191406,308800,0.0,0.0,0.0
2007-11-29 00:00:00-05:00,39.84214512048815,40.41302117929633,39.47576288383429,40.09208297729492,254800,0.0,0.0,0.0
2007-11-30 00:00:00-05:00,40.1460411228253,41.1827075447497,39.555281763508965,40.03811264038086,453200,0.0,0.0,0.0
2007-12-03 00:00:00-05:00,40.893017918440286,40.893017918440286,39.56096930359739,39.915992736816406,216800,0.0,0.0,0.0
2007-12-04 00:00:00-05:00,39.399075796581585,40.17160703445821,39.35079313593699,39.90462875366211,425200,0.0,0.0,0.0
2007-12-05 00:00:00-05:00,40.33633254389369,40.8958496679582,40.19432320953784,40.631710052490234,593400,0.0,0.0,0.0
2007-12-06 00:00:00-05:00,40.08640694477624,41.12591662915455,39.92735713523291,41.02650833129883,665600,0.0,0.0,0.0
2007-12-07 00:00:00-05:00,41.09466749262733,41.09466749262733,40.27385360108294,40.73680114746094,345200,0.0,0.0,0.0
2007-12-10 00:00:00-05:00,40.46982358298139,41.177027327972034,40.46982358298139,41.16566848754883,277200,0.0,0.0,0.0
2007-12-11 00:00:00-05:00,40.836207540305715,41.32472004145011,39.106534731255636,39.30818557739258,645800,0.0,0.0,0.0
2007-12-12 00:00:00-05:00,40.75384266042445,41.23383059757591,39.572323891018094,40.19148254394531,508600,0.0,0.0,0.0
2007-12-13 00:00:00-05:00,38.94464113376739,39.532561898474775,38.856596033842614,39.34226989746094,278800,0.0,0.0,0.0
2007-12-14 00:00:00-05:00,37.83981244058795,38.2516387133525,36.92243319842443,37.60407638549805,515200,0.0,0.0,0.0
2007-12-17 00:00:00-05:00,37.09000006330748,37.206448767496475,36.266347587463216,36.34019088745117,543400,0.0,0.0,0.0
2007-12-18 00:00:00-05:00,36.89687482962948,36.94515749442838,36.047657253528705,36.683860778808594,736800,0.0,0.0,0.0
2007-12-19 00:00:00-05:00,36.55888883660182,36.55888883660182,35.59606557940026,35.92268753051758,2773200,0.0,0.0,0.0
2007-12-20 00:00:00-05:00,36.397736406920956,36.43253981997434,35.817692798842536,36.16571807861328,1442200,1.309,0.0,0.0
2007-12-21 00:00:00-05:00,37.273614617449816,37.621640001078596,37.00389195800409,37.59553909301758,520200,0.0,0.0,0.0
2007-12-24 00:00:00-05:00,37.70284612222417,38.274189605953126,37.70284612222417,38.140777587890625,133600,0.0,0.0,0.0
2007-12-26 00:00:00-05:00,38.09147073645517,38.49460095231318,38.02476694652567,38.248085021972656,98600,0.0,0.0,0.0
2007-12-27 00:00:00-05:00,39.22255699983343,39.43717033884694,38.628011316001235,38.77592086791992,202800,0.0,0.0,0.0
2007-12-28 00:00:00-05:00,39.503880734860196,39.65759197144318,38.7411218030515,39.1036491394043,90600,0.0,0.0,0.0
2007-12-31 00:00:00-05:00,38.509091195067896,38.509091195067896,37.64482753873619,37.73473358154297,138400,0.0,0.0,0.0
2008-01-02 00:00:00-05:00,38.749821397862036,39.09494812383212,37.8362542970797,38.21038055419922,350200,0.0,0.0,0.0
2008-01-03 00:00:00-05:00,38.32638567326779,38.99053818739128,38.32638567326779,38.56710433959961,210000,0.0,0.0,0.0
2008-01-04 00:00:00-05:00,38.57000168776781,38.57000168776781,37.23589960604814,37.5288200378418,450000,0.0,0.0,0.0
2008-01-07 00:00:00-05:00,37.494024193715724,37.84785120266779,37.111195442472244,37.40701675415039,349000,0.0,0.0,0.0
2008-01-08 00:00:00-05:00,38.207478353454874,38.76431974877771,37.21850282838549,37.392513275146484,404600,0.0,0.0,0.0
2008-01-09 00:00:00-05:00,38.08276454978077,38.57580075965782,37.453417730209594,38.570003509521484,374600,0.0,0.0,0.0
2008-01-10 00:00:00-05:00,37.467922044460146,38.64830862660495,37.267806267724076,38.349586486816406,335000,0.0,0.0,0.0
2008-01-11 00:00:00-05:00,37.64774110782961,38.03347075539304,36.98939238630505,37.32001495361328,317400,0.0,0.0,0.0
2008-01-14 00:00:00-05:00,38.42500725032149,38.66862461038988,38.11468165981403,38.63382339477539,346400,0.0,0.0,0.0
2008-01-15 00:00:00-05:00,37.72893910364567,37.89135062168044,36.59495488989697,36.86177444458008,278200,0.0,0.0,0.0
2008-01-16 00:00:00-05:00,35.78579435026674,36.37453832633086,34.63730813934881,35.06364059448242,455800,0.0,0.0,0.0
2008-01-17 00:00:00-05:00,35.721990420100965,35.78869641859991,33.758543486408406,33.93255615234375,409800,0.0,0.0,0.0
2008-01-18 00:00:00-05:00,35.26375469670184,35.26665553467451,33.84264944145713,34.47199630737305,847000,0.0,0.0,0.0
2008-01-22 00:00:00-05:00,32.52014737338194,34.46039414634067,32.52014737338194,34.002159118652344,1177400,0.0,0.0,0.0
2008-01-23 00:00:00-05:00,31.98070703662292,34.30378257375832,31.447067917896792,34.00796127319336,767600,0.0,0.0,0.0
2008-01-24 00:00:00-05:00,34.28637895866351,35.57987597428309,34.26607752033707,35.443565368652344,476800,0.0,0.0,0.0
2008-01-25 00:00:00-05:00,34.39948354697891,34.61990071961525,33.20749385263333,33.555519104003906,470200,0.0,0.0,0.0
2008-01-28 00:00:00-05:00,33.013189673440564,33.526527404785156,32.46794714699838,33.526527404785156,236000,0.0,0.0,0.0
2008-01-29 00:00:00-05:00,34.04566697464399,34.04566697464399,33.364116026038204,33.76724624633789,167800,0.0,0.0,0.0
2008-01-30 00:00:00-05:00,33.9731569653789,34.744616094729984,32.48244493723875,33.38731384277344,339400,0.0,0.0,0.0
2008-01-31 00:00:00-05:00,32.44475190073108,34.30959287240458,32.39254786837118,34.03116989135742,368000,0.0,0.0,0.0
2008-02-01 00:00:00-05:00,33.96155736280706,35.168049291425135,33.94995622356754,35.118743896484375,624200,0.0,0.0,0.0
2008-02-04 00:00:00-05:00,34.735912402140606,34.756213841029655,34.19357301495139,34.260276794433594,409400,0.0,0.0,0.0
2008-02-05 00:00:00-05:00,32.905882485564064,33.06829403151841,31.90240703877642,32.02421569824219,603800,0.0,0.0,0.0
2008-02-06 00:00:00-05:00,32.575250294185075,33.0595861960016,31.7921922758313,32.11411666870117,441800,0.0,0.0,0.0
2008-02-07 00:00:00-05:00,31.70229685882163,32.63326700030341,31.545684749129588,32.059024810791016,366000,0.0,0.0,0.0
2008-02-08 00:00:00-05:00,31.52827273257288,31.980706077285483,31.244052579552744,31.681983947753906,185400,0.0,0.0,0.0
2008-02-11 00:00:00-05:00,31.267262695639424,32.34904543803745,30.959840166450757,31.670392990112305,397400,0.0,0.0,0.0
2008-02-12 00:00:00-05:00,32.62746139320281,33.280010621066864,32.28233464907125,32.51725387573242,662000,0.0,0.0,0.0
2008-02-13 00:00:00-05:00,33.222010890095184,33.26551240672282,32.383847741798384,33.11180114746094,294600,0.0,0.0,0.0
2008-02-14 00:00:00-05:00,33.95285439932827,33.95285439932827,33.13209211718845,33.19009780883789,528400,0.0,0.0,0.0
2008-02-15 00:00:00-05:00,33.42211458603638,33.43951740021442,32.908776927948274,33.178497314453125,173800,0.0,0.0,0.0
2008-02-19 00:00:00-05:00,34.44299522341969,34.70401532866825,33.77014462582958,33.93255615234375,313400,0.0,0.0,0.0
2008-02-20 00:00:00-05:00,33.14660512476733,34.237088151099876,32.963892113817515,34.005069732666016,361000,0.0,0.0,0.0
2008-02-21 00:00:00-05:00,34.512607684259734,34.61701575006778,33.68314483516892,33.7962532043457,818000,0.0,0.0,0.0
2008-02-22 00:00:00-05:00,34.80552702530069,34.80552702530069,33.665740929172124,34.44879913330078,310400,0.0,0.0,0.0
2008-02-25 00:00:00-05:00,34.75041533042399,35.23765208980298,34.326983727213474,35.20574951171875,352200,0.0,0.0,0.0
2008-02-26 00:00:00-05:00,35.66978409393584,36.74286618779084,35.594380011607775,36.652957916259766,711200,0.0,0.0,0.0
2008-02-27 00:00:00-05:00,36.20052564891167,36.82987250490476,35.90470434840368,36.32233428955078,281600,0.0,0.0,0.0
2008-02-28 00:00:00-05:00,36.07291840439394,36.10772182440799,35.58568158765332,35.687191009521484,460200,0.0,0.0,0.0
2008-02-29 00:00:00-05:00,35.60308053772094,35.60308053772094,34.30958343899633,34.37338638305664,388200,0.0,0.0,0.0
2008-03-03 00:00:00-05:00,35.25215505142437,35.61758097165252,34.8403223626528,35.35076141357422,471000,0.0,0.0,0.0
2008-03-04 00:00:00-05:00,35.23765256799295,35.23765256799295,34.089166379447946,34.75041580200195,146000,0.0,0.0,0.0
2008-03-05 00:00:00-05:00,34.46040052253176,34.965037986324475,34.132676586812536,34.741722106933594,364200,0.0,0.0,0.0
2008-03-06 00:00:00-05:00,34.46619857244945,34.56480716057623,33.358315098150406,33.41632080078125,288400,0.0,0.0,0.0
2008-03-07 00:00:00-05:00,33.61063416854535,34.00506408678045,32.99868784890227,33.37571716308594,401200,0.0,0.0,0.0
2008-03-10 00:00:00-04:00,33.66573537848565,33.758542277841386,33.01608487030448,33.155296325683594,163200,0.0,0.0,0.0
2008-03-11 00:00:00-04:00,34.614111037554345,35.672691345214844,34.405294929307836,35.672691345214844,550400,0.0,0.0,0.0
2008-03-12 00:00:00-04:00,35.492878709969155,35.84670577586428,35.23186077464852,35.46677780151367,483600,0.0,0.0,0.0
2008-03-13 00:00:00-04:00,34.582196149476076,35.67267865305787,34.41978466204346,35.286949157714844,265800,0.0,0.0,0.0
2008-03-14 00:00:00-04:00,35.15935155996081,35.18255162744449,34.097870475216716,34.61410903930664,205400,0.0,0.0,0.0
2008-03-17 00:00:00-04:00,32.27072201036626,33.40180737819785,32.05030705395909,33.07698440551758,326000,0.0,0.0,0.0
2008-03-18 00:00:00-04:00,33.81944164913321,34.76201248168945,33.79043991220808,34.76201248168945,259000,0.0,0.0,0.0
2008-03-19 00:00:00-04:00,34.45748971993104,34.45748971993104,32.50564422407964,32.6274528503418,327400,0.0,0.0,0.0
2008-03-20 00:00:00-04:00,32.250435279386586,32.401247910629834,31.478978154829072,32.392547607421875,216400,0.0,0.0,0.0
2008-03-24 00:00:00-04:00,32.47955327131969,33.236510637862466,32.47955327131969,32.85658264160156,292400,0.0,0.0,0.0
2008-03-25 00:00:00-04:00,32.958079599017324,33.35250945304249,32.72606125687632,33.30900573730469,226000,0.0,0.0,0.0
2008-03-26 00:00:00-04:00,33.497517656636695,33.87454687897383,33.23939843352722,33.50621795654297,430600,0.0,0.0,0.0
2008-03-27 00:00:00-04:00,34.07177346159889,34.167479006043294,33.601937191497576,33.69474411010742,722200,0.0,0.0,0.0
2008-03-28 00:00:00-04:00,33.248107055071294,33.387318526486936,32.74346961998571,32.830474853515625,130800,0.0,0.0,0.0
2008-03-31 00:00:00-04:00,32.627459787518255,32.923281116007615,32.470847715015225,32.84207534790039,488800,0.0,0.0,0.0
2008-04-01 00:00:00-04:00,32.804372331556856,34.126871287757986,32.7724697503598,33.94125747680664,435600,0.0,0.0,0.0
2008-04-02 00:00:00-04:00,34.70402155413608,35.21155987822999,34.405297139008525,34.82292938232422,460200,0.0,0.0,0.0
2008-04-03 00:00:00-04:00,34.76200931457518,35.61757264571625,34.57929639717194,35.226043701171875,221800,0.0,0.0,0.0
2008-04-04 00:00:00-04:00,35.23766002850606,35.36816899538691,34.77072460337639,34.782325744628906,355800,0.0,0.0,0.0
2008-04-07 00:00:00-04:00,35.67268689680697,36.22372884425522,35.57117969370387,35.75099182128906,195000,0.0,0.0,0.0
2008-04-08 00:00:00-04:00,35.565373673086526,36.21502411896816,35.565373673086526,35.95110321044922,228200,0.0,0.0,0.0
2008-04-09 00:00:00-04:00,35.92790439555647,36.052613874059375,35.40876504144859,35.72779083251953,275200,0.0,0.0,0.0
2008-04-10 00:00:00-04:00,35.67268850349704,36.21503017406212,35.342063762675046,35.81769943237305,116600,0.0,0.0,0.0
2008-04-11 00:00:00-04:00,35.82349476908421,36.18022258660833,35.40296400886534,35.52477264404297,233400,0.0,0.0,0.0
2008-04-14 00:00:00-04:00,35.449374134208874,35.51027846136964,34.53870342697632,35.115848541259766,499400,0.0,0.0,0.0
2008-04-15 00:00:00-04:00,35.58567869190377,35.72489014794056,35.214451092727046,35.64368438720703,216000,0.0,0.0,0.0
2008-04-16 00:00:00-04:00,35.97721342009225,36.49345198836982,35.83800195060478,36.33974075317383,252400,0.0,0.0,0.0
2008-04-17 00:00:00-04:00,35.97721833503019,36.615265643342504,35.90181201989422,36.58916473388672,162600,0.0,0.0,0.0
2008-04-18 00:00:00-04:00,36.783477646677056,36.82987999949546,36.51085635603522,36.54275894165039,402600,0.0,0.0,0.0
2008-04-21 00:00:00-04:00,36.70226503680889,36.89077746419556,36.60075562182707,36.77186965942383,97200,0.0,0.0,0.0
2008-04-22 00:00:00-04:00,37.03578514773983,37.3925107435614,36.861772500069,37.09959030151367,202800,0.0,0.0,0.0
2008-04-23 00:00:00-04:00,36.94298536659289,37.044494792242126,36.612360608563414,36.96038818359375,138200,0.0,0.0,0.0
2008-04-24 00:00:00-04:00,36.336829016998095,36.71675684006036,36.099011246329326,36.342628479003906,244200,0.0,0.0,0.0
2008-04-25 00:00:00-04:00,36.64135573725524,36.90237581822473,36.22662665815319,36.577552795410156,143400,0.0,0.0,0.0
2008-04-28 00:00:00-04:00,36.9139857924933,37.18370845129975,36.684868233949004,36.705169677734375,292000,0.0,0.0,0.0
2008-04-29 00:00:00-04:00,36.8269754673931,37.02998987721086,36.412244133601575,36.525352478027344,317400,0.0,0.0,0.0
2008-04-30 00:00:00-04:00,36.38323957968505,36.71966598206472,36.252730634477366,36.40064239501953,498600,0.0,0.0,0.0
2008-05-01 00:00:00-04:00,36.25273657129489,36.5746610490633,36.05842243431869,36.470252990722656,280800,0.0,0.0,0.0
2008-05-02 00:00:00-04:00,37.04159212181455,37.2997113988654,36.670364496963494,36.78927230834961,128800,0.0,0.0,0.0
2008-05-05 00:00:00-04:00,37.06479483620109,37.34611639627699,37.009689974378446,37.25621032714844,157600,0.0,0.0,0.0
2008-05-06 00:00:00-04:00,37.63323212416673,38.70921509084161,37.59262924384213,38.68891143798828,304200,0.0,0.0,0.0
2008-05-07 00:00:00-04:00,38.68311749486264,38.86292963376215,37.833351135253906,37.833351135253906,437600,0.0,0.0,0.0
2008-05-08 00:00:00-04:00,38.163977381670065,38.564208984375,38.065371006487936,38.564208984375,160800,0.0,0.0,0.0
2008-05-09 00:00:00-04:00,37.86234789007071,38.094366221366826,37.731838961648386,37.90875244140625,301600,0.0,0.0,0.0
2008-05-12 00:00:00-04:00,38.15528051625847,38.8745335902883,38.15528051625847,38.66572189331055,147600,0.0,0.0,0.0
2008-05-13 00:00:00-04:00,38.59030248898306,38.89192765865128,38.31188402123892,38.668609619140625,133400,0.0,0.0,0.0
2008-05-14 00:00:00-04:00,39.06304398760777,39.06304398760777,38.013166298585254,38.062469482421875,264400,0.0,0.0,0.0
2008-05-15 00:00:00-04:00,38.529406348523764,39.23995902925088,38.308986899948096,39.19645309448242,162800,0.0,0.0,0.0
2008-05-16 00:00:00-04:00,39.695289545665155,39.88090335429715,39.280560420667996,39.69819259643555,265400,0.0,0.0,0.0
2008-05-19 00:00:00-04:00,39.822894034058365,40.231825848363115,39.44006754595088,39.61117935180664,182400,0.0,0.0,0.0
2008-05-20 00:00:00-04:00,39.065946505818005,39.34146640783389,38.625112007362965,38.978939056396484,253800,0.0,0.0,0.0
2008-05-21 00:00:00-04:00,39.254457088972785,39.48357239117204,38.35828625663811,38.41339111328125,252200,0.0,0.0,0.0
2008-05-22 00:00:00-04:00,38.726624757444995,39.16455624240435,38.726624757444995,38.8397331237793,546000,0.0,0.0,0.0
2008-05-23 00:00:00-04:00,38.49460520148476,38.68021903879912,38.38729851557296,38.52360916137695,159000,0.0,0.0,0.0
2008-05-27 00:00:00-04:00,37.46212220840812,37.78404664214551,37.17499898089673,37.72314453125,332000,0.0,0.0,0.0
2008-05-28 00:00:00-04:00,37.517217248798396,37.923245966435815,37.25329636964352,37.73473358154297,134200,0.0,0.0,0.0
2008-05-29 00:00:00-04:00,38.19007987890298,38.19007987890298,37.520130029346284,37.72604751586914,664200,0.0,0.0,0.0
2008-05-30 00:00:00-04:00,37.78115094230785,37.90295959891331,37.58393376586381,37.641937255859375,249800,0.0,0.0,0.0
2008-06-02 00:00:00-04:00,37.25040748780223,37.25040748780223,36.33973904687617,36.545654296875,471200,0.0,0.0,0.0
2008-06-03 00:00:00-04:00,36.545653946978845,36.68776403396004,35.89020394626526,36.06421661376953,812800,0.0,0.0,0.0
2008-06-04 00:00:00-04:00,35.81189996880212,36.316537381737085,35.57408213395312,35.81769943237305,312000,0.0,0.0,0.0
2008-06-05 00:00:00-04:00,35.971406786432425,36.65585847398138,35.96270648566806,36.61815643310547,359000,0.0,0.0,0.0
2008-06-06 00:00:00-04:00,36.075828256661254,36.409353923885895,35.55088926325984,35.7307014465332,442800,0.0,0.0,0.0
2008-06-09 00:00:00-04:00,35.611783448790796,35.6378843533616,34.78812023906215,35.2492561340332,252800,0.0,0.0,0.0
2008-06-10 00:00:00-04:00,34.5909105366207,34.860630988207845,34.3472932062537,34.42559814453125,183200,0.0,0.0,0.0
2008-06-11 00:00:00-04:00,33.973160910678544,34.121072680605344,33.53232865177767,33.64253616333008,1743200,0.0,0.0,0.0
2008-06-12 00:00:00-04:00,33.85424515485688,34.00505551489982,33.367008450016364,33.47141647338867,435400,0.0,0.0,0.0
2008-06-13 00:00:00-04:00,33.56713156024253,34.21968078613281,33.552631793948656,34.21968078613281,250800,0.0,0.0,0.0
2008-06-16 00:00:00-04:00,34.39948820957645,34.64600631376854,34.013758658352685,34.39658737182617,182000,0.0,0.0,0.0
2008-06-17 00:00:00-04:00,34.42270462740312,34.42270462740312,33.69474894139438,33.95866775512695,379800,0.0,0.0,0.0
2008-06-18 00:00:00-04:00,33.810749808216855,33.810749808216855,33.227805235608635,33.526527404785156,475200,0.0,0.0,0.0
2008-06-19 00:00:00-04:00,33.85715559610716,34.1616794726729,33.58743514370911,33.8310546875,409600,0.0,0.0,0.0
2008-06-20 00:00:00-04:00,33.149499648611624,33.149499648611624,32.59265599298567,32.821773529052734,223800,0.0,0.0,0.0
2008-06-23 00:00:00-04:00,32.482445105001794,32.737663519972344,32.21562555125654,32.63905715942383,313800,0.0,0.0,0.0
2008-06-24 00:00:00-04:00,32.38383307432583,32.87106754140701,31.905296693939007,32.4012336730957,261200,0.0,0.0,0.0
2008-06-25 00:00:00-04:00,32.907394117479356,33.7375927136966,32.83300358667372,33.38349533081055,438400,1.4155,0.0,0.0
2008-06-26 00:00:00-04:00,33.29720164546304,33.553105249999405,32.58007584734585,32.90144348144531,542400,0.0,0.0,0.0
2008-06-27 00:00:00-04:00,33.72866721403711,33.844716263919835,33.312079775120694,33.68403244018555,453200,0.0,0.0,0.0
2008-06-30 00:00:00-04:00,34.00241693150142,34.26724926389388,33.63344059828455,33.87744140625,754000,0.0,0.0,0.0
2008-07-01 00:00:00-04:00,32.79134936316746,33.166278323164406,32.39261715556337,32.95500946044922,300200,0.0,0.0,0.0
2008-07-02 00:00:00-04:00,33.386461618735765,33.40431688576059,32.01172637939453,32.01172637939453,157400,0.0,0.0,0.0
2008-07-03 00:00:00-04:00,32.175392872337135,32.45212574897168,31.589197372786828,31.794513702392578,467800,0.0,0.0,0.0
2008-07-07 00:00:00-04:00,32.190276529875376,32.48783870808823,31.54754113523037,31.857006072998047,142600,0.0,0.0,0.0
2008-07-08 00:00:00-04:00,32.21704807109713,32.5890007019043,31.7409491577077,32.5890007019043,306000,0.0,0.0,0.0
2008-07-09 00:00:00-04:00,32.68125242769967,32.82705724976931,31.604076596163242,31.618955612182617,346000,0.0,0.0,0.0
2008-07-10 00:00:00-04:00,32.22300606173249,32.51759195974382,31.740954552989262,32.3182258605957,306200,0.0,0.0,0.0
2008-07-11 00:00:00-04:00,31.764752354868094,32.880610165929035,31.764752354868094,32.53246307373047,107200,0.0,0.0,0.0
2008-07-14 00:00:00-04:00,32.770511490323706,32.943098043878685,32.18431609188662,32.392608642578125,97000,0.0,0.0,0.0
2008-07-15 00:00:00-04:00,32.092074141883614,32.434271033436104,31.586219446697363,31.71119499206543,411000,0.0,0.0,0.0
2008-07-16 00:00:00-04:00,32.33309370588012,32.639582256639855,32.03553165345811,32.621726989746094,179400,0.0,0.0,0.0
2008-07-17 00:00:00-04:00,33.35075597817446,34.28510065791166,33.32695046870156,33.883392333984375,209400,0.0,0.0,0.0
2008-07-18 00:00:00-04:00,33.58285506439903,33.58285506439903,32.8449001393174,33.139488220214844,237200,0.0,0.0,0.0
2008-07-21 00:00:00-04:00,33.17223584220243,33.18711259042386,32.72589253160897,32.85979461669922,149800,0.0,0.0,0.0
2008-07-22 00:00:00-04:00,32.42832568306123,33.315059661865234,32.42832568306123,33.315059661865234,218400,0.0,0.0,0.0
2008-07-23 00:00:00-04:00,32.93715119409616,33.1424675094373,32.68124759390283,32.755638122558594,131400,0.0,0.0,0.0
2008-07-24 00:00:00-04:00,33.16628933044952,33.46980410791776,31.81535639341649,31.851064682006836,283000,0.0,2.0,0.0
2008-07-25 00:00:00-04:00,32.29143791884736,32.60090277360361,32.13670662657855,32.58304977416992,135400,0.0,0.0,0.0
2008-07-28 00:00:00-04:00,32.94012633991266,33.17817694807608,32.49378315227038,32.52949142456055,31200,0.0,0.0,0.0
2008-07-29 00:00:00-04:00,33.243645976711804,33.85662332009274,33.1603289323943,33.58286666870117,132500,0.0,0.0,0.0
2008-07-30 00:00:00-04:00,33.72569149372025,34.60052490234375,33.701888248143696,34.60052490234375,112100,0.0,0.0,0.0
2008-07-31 00:00:00-04:00,34.41603110033409,34.80881295327453,34.15417501822813,34.267250061035156,65900,0.0,0.0,0.0
2008-08-01 00:00:00-04:00,33.94588517328864,33.94588517328864,33.20793016073076,33.51739501953125,98700,0.0,0.0,0.0
2008-08-04 00:00:00-04:00,32.89846123238906,33.07104777521668,32.297386859026695,32.43426513671875,85600,0.0,0.0,0.0
2008-08-05 00:00:00-04:00,32.51758152546224,33.154364151694445,32.42236175715327,32.81514358520508,166900,0.0,0.0,0.0
2008-08-06 00:00:00-04:00,33.082953524310994,33.48763815159824,32.65446338477896,33.481685638427734,227600,0.0,0.0,0.0
2008-08-07 00:00:00-04:00,32.90441716808382,32.90441716808382,31.98197512319449,32.01768112182617,140800,0.0,0.0,0.0
2008-08-08 00:00:00-04:00,31.261870696984023,32.25572920240088,31.017869887666812,31.839141845703125,456200,0.0,0.0,0.0
2008-08-11 00:00:00-04:00,31.987929458100993,31.999832215907023,31.416610704725127,31.482074737548828,164400,0.0,0.0,0.0
2008-08-12 00:00:00-04:00,31.559443267597818,31.559443267597818,31.01788020482179,31.244028091430664,91300,0.0,0.0,0.0
2008-08-13 00:00:00-04:00,31.01192260267658,31.85699788180691,30.952408820204866,31.6784610748291,201800,0.0,0.0,0.0
2008-08-14 00:00:00-04:00,31.99983236024952,32.6723234229006,31.85700153615182,32.23788070678711,316600,0.0,0.0,0.0
2008-08-15 00:00:00-04:00,31.654666038089264,31.851058179914748,31.410665124748746,31.82130241394043,136400,0.0,0.0,0.0
2008-08-18 00:00:00-04:00,32.184326630780696,32.446180533140684,31.327346095385685,31.386859893798828,57200,0.0,0.0,0.0
2008-08-19 00:00:00-04:00,30.690557219752705,31.2440229507841,30.488214885072207,30.970266342163086,171900,0.0,0.0,0.0
2008-08-20 00:00:00-04:00,30.940508234790766,31.214264822627484,30.73816591547261,31.136898040771484,109200,0.0,0.0,0.0
2008-08-21 00:00:00-04:00,31.083337837267166,32.398561822807594,31.083337837267166,32.20812225341797,112900,0.0,0.0,0.0
2008-08-22 00:00:00-04:00,32.136708451190906,32.44617332351751,31.851049092939903,31.910560607910156,231100,0.0,0.0,0.0
2008-08-25 00:00:00-04:00,31.86890695080614,31.916517986214174,31.10119603149498,31.249977111816406,121500,0.0,0.0,0.0
2008-08-26 00:00:00-04:00,30.94645358539023,31.33923540547299,30.94645358539023,31.232112884521484,99100,0.0,0.0,0.0
2008-08-27 00:00:00-04:00,31.607054130618632,32.40452083879313,31.607054130618632,32.368812561035156,115100,0.0,0.0,0.0
2008-08-28 00:00:00-04:00,33.15436263005594,33.47573018468126,33.035337357577866,33.207923889160156,150400,0.0,0.0,0.0
2008-08-29 00:00:00-04:00,32.898469591049775,33.14842297006867,32.67232399838859,32.76754379272461,81300,0.0,0.0,0.0
2008-09-02 00:00:00-04:00,31.3213857950527,32.08909425124873,31.21426326251957,31.464214324951172,188200,0.0,0.0,0.0
2008-09-03 00:00:00-04:00,31.48207399626077,31.684416333761,30.9464612586958,31.190462112426758,90200,0.0,0.0,0.0
2008-09-04 00:00:00-04:00,31.523724506505843,31.571333254298974,29.762155433794153,29.869277954101562,184200,0.0,0.0,0.0
2008-09-05 00:00:00-04:00,29.99426721636687,30.434657950364112,29.643143769965153,30.410852432250977,736100,0.0,0.0,0.0
2008-09-08 00:00:00-04:00,31.809387293527806,31.809387293527806,30.51796666602295,31.184507369995117,385400,0.0,0.0,0.0
2008-09-09 00:00:00-04:00,30.89885835911885,30.89885835911885,29.232510460760825,29.35153579711914,815300,0.0,0.0,0.0
2008-09-10 00:00:00-04:00,29.708603728188802,29.940704110312574,29.208701499605652,29.416994094848633,301000,0.0,0.0,0.0
2008-09-11 00:00:00-04:00,28.30410603092218,29.416987580910984,28.131519478669475,29.387231826782227,359100,0.0,0.0,0.0
2008-09-12 00:00:00-04:00,29.29796517122486,30.61318915674955,29.178939872803085,30.30372428894043,338500,0.0,0.0,0.0
2008-09-15 00:00:00-04:00,28.607622260627977,29.774065235367743,28.565963745117188,28.565963745117188,385300,0.0,0.0,0.0
2008-09-16 00:00:00-04:00,27.381659329172578,29.184886927997063,27.381659329172578,29.119422912597656,508700,0.0,0.0,0.0
2008-09-17 00:00:00-04:00,27.905375364533047,28.28625451645631,27.13766454693963,27.351909637451172,708500,0.0,0.0,0.0
2008-09-18 00:00:00-04:00,27.530446018822012,29.161087416087238,26.435417339327536,28.452890396118164,1155200,0.0,0.0,0.0
2008-09-19 00:00:00-04:00,30.595337496042994,31.541585141084273,29.738359396280995,30.32158088684082,407100,0.0,0.0,0.0
2008-09-22 00:00:00-04:00,30.666749403372574,31.267826118730365,30.321578546717472,30.357284545898438,135800,0.0,0.0,0.0
2008-09-23 00:00:00-04:00,29.369381062769772,29.66694319013408,27.988692973416885,28.268402099609375,431500,0.0,0.0,0.0
2008-09-24 00:00:00-04:00,28.13151867476152,28.637373291150233,28.083907653341267,28.3814697265625,169100,0.0,0.0,0.0
2008-09-25 00:00:00-04:00,28.857580420270146,29.559825057121582,28.548115489169593,29.250362396240234,279700,0.0,0.0,0.0
2008-09-26 00:00:00-04:00,28.97659761315874,29.17893993987525,28.202936576966945,29.07181739807129,573500,0.0,0.0,0.0
2008-09-29 00:00:00-04:00,27.93513728672697,27.93513728672697,24.548880417346496,25.62010383605957,379500,0.0,0.0,0.0
2008-09-30 00:00:00-04:00,27.316205669305518,29.19679832458496,27.173374841592334,29.19679832458496,625300,0.0,0.0,0.0
2008-10-01 00:00:00-04:00,28.232686688956438,28.625468506961262,27.572100840207913,28.423126220703125,155400,0.0,0.0,0.0
2008-10-02 00:00:00-04:00,27.09005895706014,27.28644879952357,25.346344541128527,25.45941734313965,257300,0.0,0.0,0.0
2008-10-03 00:00:00-04:00,25.483224235219417,26.768692727791496,24.87024688720703,24.87024688720703,1036900,0.0,0.0,0.0
2008-10-06 00:00:00-04:00,23.346724024749655,23.757358939437513,21.73988809779294,23.114625930786133,529500,0.0,0.0,0.0
2008-10-07 00:00:00-04:00,22.870622404967023,23.41218531762557,21.418520223937804,21.5256404876709,565100,0.0,0.0,0.0
2008-10-08 00:00:00-04:00,21.26974089241185,23.19794211843099,21.055495807249997,22.346914291381836,462900,0.0,0.0,0.0
2008-10-09 00:00:00-04:00,23.20984284774117,23.7811615114485,20.531784057617188,20.531784057617188,502800,0.0,0.0,0.0
2008-10-10 00:00:00-04:00,20.710319989123118,22.04934932812097,19.043972821302816,21.126907348632812,1173800,0.0,0.0,0.0
2008-10-13 00:00:00-04:00,22.763499466597793,23.90018653869629,22.31715633980176,23.90018653869629,955600,0.0,0.0,0.0
2008-10-14 00:00:00-04:00,24.82263283079683,24.876194106065153,22.590916811648302,23.233652114868164,574000,0.0,0.0,0.0
2008-10-15 00:00:00-04:00,21.995789193440974,21.995789193440974,17.85372543692649,18.567874908447266,687900,0.0,0.0,0.0
2008-10-16 00:00:00-04:00,19.41890560591553,20.281836253243675,17.990606446874537,20.222322463989258,564300,0.0,0.0,0.0
2008-10-17 00:00:00-04:00,18.585732308093903,20.055690110256783,18.57978092865933,18.996368408203125,643000,0.0,0.0,0.0
2008-10-20 00:00:00-04:00,19.16300027945575,20.246126174926758,19.16300027945575,20.246126174926758,365300,0.0,0.0,0.0
2008-10-21 00:00:00-04:00,18.50836134678621,19.204656649750845,18.222702026367188,18.222702026367188,378200,0.0,0.0,0.0
2008-10-22 00:00:00-04:00,17.615673806397808,17.82991771319167,15.30064025669343,15.616056442260742,323300,0.0,0.0,0.0
2008-10-23 00:00:00-04:00,16.175476284131303,17.258602169716717,15.211374560030047,16.60991668701172,629800,0.0,0.0,0.0
2008-10-24 00:00:00-04:00,14.770982285168584,16.51469635186598,14.770982285168584,16.008840560913086,407100,0.0,0.0,0.0
2008-10-27 00:00:00-04:00,15.205421893903125,16.4908899937623,15.205421893903125,15.395862579345703,463400,0.0,0.0,0.0
2008-10-28 00:00:00-04:00,17.11577434163747,19.430808550893715,16.46113740995748,18.924951553344727,836400,0.0,0.0,0.0
2008-10-29 00:00:00-04:00,18.686900805613224,20.829348284784352,18.686900805613224,19.323684692382812,409700,0.0,0.0,0.0
2008-10-30 00:00:00-04:00,20.627006452233427,20.627006452233427,19.407002191527155,20.216371536254883,643300,0.0,0.0,0.0
2008-10-31 00:00:00-04:00,20.377046202063283,21.293535411653277,19.936653455201785,20.54368019104004,260200,0.0,0.0,0.0
2008-11-03 00:00:00-05:00,20.75793497926334,20.912666289120935,20.22232223318146,20.305639266967773,227400,0.0,0.0,0.0
2008-11-04 00:00:00-05:00,20.656759939494215,22.15647315979004,20.656759939494215,22.15647315979004,517800,0.0,0.0,0.0
2008-11-05 00:00:00-05:00,20.644854115580223,21.26378372155031,19.662900717284057,19.746217727661133,344800,0.0,0.0,0.0
2008-11-06 00:00:00-05:00,19.710514525941992,19.781931070505372,18.026314078818796,18.419095993041992,403100,0.0,0.0,0.0
2008-11-07 00:00:00-05:00,18.555971533473706,19.526024552185746,18.359580605622384,19.401046752929688,441900,0.0,0.0,0.0
2008-11-10 00:00:00-05:00,20.01402777886715,20.46037093549529,19.2641700044094,19.787879943847656,417400,0.0,0.0,0.0
2008-11-11 00:00:00-05:00,19.180855750709643,19.60339345520323,18.579780076694227,18.877342224121094,654300,0.0,0.0,0.0
2008-11-12 00:00:00-05:00,18.216753781658568,18.52621753111458,17.31811602173359,17.347871780395508,534900,0.0,0.0,0.0
2008-11-13 00:00:00-05:00,17.835876452868174,19.865251541137695,16.72299454828868,19.865251541137695,700000,0.0,0.0,0.0
2008-11-14 00:00:00-05:00,19.17490383648267,19.549830475025924,18.151289412023143,18.436948776245117,501600,0.0,0.0,0.0
2008-11-17 00:00:00-05:00,18.811878660121796,18.996366867189433,17.972753524780273,17.972753524780273,292900,0.0,0.0,0.0
2008-11-18 00:00:00-05:00,17.526411695616165,18.46075669733543,17.16338549681713,18.204853057861328,279000,0.0,0.0,0.0
2008-11-19 00:00:00-05:00,18.163188331280182,18.597628664455666,16.71703654471464,16.871768951416016,454700,0.0,0.0,0.0
2008-11-20 00:00:00-05:00,16.49089077910193,17.25860152994145,15.413716311787915,15.479180335998535,420200,0.0,0.0,0.0
2008-11-21 00:00:00-05:00,17.0086491617717,18.395288467407227,16.43733048902833,18.395288467407227,228900,0.0,0.0,0.0
2008-11-24 00:00:00-05:00,18.341724827625452,19.75216832797684,18.341724827625452,19.0261173248291,514800,0.0,0.0,0.0
2008-11-25 00:00:00-05:00,20.222318067147523,20.8055394537202,19.28202310356086,19.912853240966797,282800,0.0,0.0,0.0
2008-11-26 00:00:00-05:00,20.127103408758618,21.07335112548985,19.74027171019956,21.055498123168945,248800,0.0,0.0,0.0
2008-11-28 00:00:00-05:00,20.377055056643947,21.013837814331055,20.305638513005505,21.013837814331055,162500,0.0,0.0,0.0
2008-12-01 00:00:00-05:00,20.00807567318197,20.00807567318197,18.36553382221482,18.5916805267334,428500,0.0,0.0,0.0
2008-12-02 00:00:00-05:00,18.37148473574843,19.34153669192616,18.37148473574843,19.24631690979004,362700,0.0,0.0,0.0
2008-12-03 00:00:00-05:00,18.425046652520372,19.775979003048594,18.425046652520372,19.698612213134766,277100,0.0,0.0,0.0
2008-12-04 00:00:00-05:00,19.258218526881848,19.68670865625122,18.532166312165646,18.75831413269043,467100,0.0,0.0,0.0
2008-12-05 00:00:00-05:00,18.79401969464382,19.90094978776292,18.23460270310694,19.64504623413086,533100,0.0,0.0,0.0
2008-12-08 00:00:00-05:00,20.19257120870368,20.734134325517903,19.996179065684515,20.448474884033203,290200,0.0,0.0,0.0
2008-12-09 00:00:00-05:00,20.44846805046851,20.978128229772455,20.097344678650803,20.41275978088379,323700,0.0,0.0,0.0
2008-12-10 00:00:00-05:00,20.85315654759992,21.92437986082052,20.85315654759992,21.62681770324707,796100,0.0,0.0,0.0
2008-12-11 00:00:00-05:00,21.222127121930587,22.01959357463138,20.871003782229078,21.126907348632812,405700,0.0,0.0,0.0
2008-12-12 00:00:00-05:00,20.174712633171534,21.126910508568802,20.07949284563181,20.92456817626953,407000,0.0,0.0,0.0
2008-12-15 00:00:00-05:00,21.0316870964802,21.138809622778513,20.4246602041959,20.644855499267578,272700,0.0,0.0,0.0
2008-12-16 00:00:00-05:00,20.41276620864617,22.400481770399107,20.383010443065135,22.245750427246094,623800,0.0,0.0,0.0
2008-12-17 00:00:00-05:00,21.6684744957311,22.61472217216464,21.6684744957311,21.995792388916016,249600,0.0,0.0,0.0
2008-12-18 00:00:00-05:00,22.23979097762457,22.733745159088357,21.722033553249442,21.733936309814453,368200,0.0,0.0,0.0
2008-12-19 00:00:00-05:00,21.448278437848618,21.841060350629693,21.120960555567528,21.382814407348633,308900,0.0,0.0,0.0
2008-12-22 00:00:00-05:00,21.489935611015543,21.900570499108415,20.763883347511708,21.04359245300293,244900,0.0,0.0,0.0
2008-12-23 00:00:00-05:00,21.36805751350824,21.91188243433027,21.36805751350824,21.61858367919922,215600,0.921,0.0,0.0
2008-12-24 00:00:00-05:00,21.410827397505763,21.56969666236134,20.92810557089953,21.343612670898438,37600,0.0,0.0,0.0
2008-12-26 00:00:00-05:00,21.869107511237576,21.997425265865,21.141968906486717,21.881328582763672,59800,0.0,0.0,0.0
2008-12-29 00:00:00-05:00,22.53514150230031,22.60235623244724,22.162406966708158,22.345718383789062,72400,0.0,0.0,0.0
2008-12-30 00:00:00-05:00,22.71233944638286,23.21950340270996,22.376268152792985,23.21950340270996,125400,0.0,0.0,0.0
2008-12-31 00:00:00-05:00,23.262278274455003,23.580019158308676,22.68790186764135,23.54335594177246,175400,0.0,0.0,0.0
2009-01-02 00:00:00-05:00,23.53113814108989,24.29493777646706,23.121742655374852,24.129959106445312,394700,0.0,0.0,0.0
2009-01-05 00:00:00-05:00,23.879425807070888,24.31326331132813,23.65333950406573,24.05051612854004,1120400,0.0,0.0,0.0
2009-01-06 00:00:00-05:00,24.301045277678238,24.924305952107744,24.09940108995203,24.576013565063477,791600,0.0,0.0,0.0
2009-01-07 00:00:00-05:00,24.068849893138232,24.136064623265927,22.907876031337285,23.146181106567383,811200,0.0,0.0,0.0
2009-01-08 00:00:00-05:00,22.60235027161656,23.048408790217557,22.357933559347007,23.00563621520996,358600,0.0,0.0,0.0
2009-01-09 00:00:00-05:00,23.28671876072257,23.408927142877147,22.522919285920235,22.73067283630371,758200,0.0,0.0,0.0
2009-01-12 00:00:00-05:00,22.394601742385905,22.516807794748928,21.404715935541976,21.41082763671875,420000,0.0,0.0,0.0
2009-01-13 00:00:00-05:00,21.233626045695285,21.63080271705195,21.06864507440549,21.331392288208008,214600,0.0,0.0,0.0
2009-01-14 00:00:00-05:00,20.58592527208043,20.824232697067014,19.706029002276832,19.834346771240234,652200,0.0,0.0,0.0
2009-01-15 00:00:00-05:00,20.469825226389478,20.9892079191643,19.644922754116305,20.73868179321289,568000,0.0,0.0,0.0
2009-01-16 00:00:00-05:00,21.141971297212073,21.288621841177353,20.084872965444603,20.921998977661133,379900,0.0,0.0,0.0
2009-01-20 00:00:00-05:00,19.82212388910398,20.115422618934627,19.03999394288892,19.229415893554688,263900,0.0,0.0,0.0
2009-01-21 00:00:00-05:00,19.706030542284267,20.616480730932995,19.357738095918414,20.567596435546875,313100,0.0,0.0,0.0
2009-01-22 00:00:00-05:00,19.302743524900205,20.304848224060304,19.302743524900205,19.932113647460938,230300,0.0,0.0,0.0
2009-01-23 00:00:00-05:00,18.844458101049156,20.133751807217365,18.648925649310257,19.89544677734375,291500,0.0,0.0,0.0
2009-01-26 00:00:00-05:00,20.04209688756394,20.53092806415215,19.809901204585447,20.18874740600586,441400,0.0,0.0,0.0
2009-01-27 00:00:00-05:00,20.695903866517718,21.129743612887967,20.592028287157596,20.98920249938965,322200,0.0,0.0,0.0
2009-01-28 00:00:00-05:00,21.41693830877818,21.966874901563436,21.32528376393476,21.7896728515625,438800,0.0,0.0,0.0
2009-01-29 00:00:00-05:00,20.940326929748263,21.172522625508282,20.365950557006162,20.714242935180664,281900,0.0,0.0,0.0
2009-01-30 00:00:00-05:00,20.775344930427217,20.775344930427217,19.99932441360837,20.26207160949707,279900,0.0,0.0,0.0
2009-02-02 00:00:00-05:00,19.583819415540702,20.15208645037732,19.492163705349608,20.03598976135254,638600,0.0,0.0,0.0
2009-02-03 00:00:00-05:00,20.03598959827,20.7386837591707,19.950444424850016,20.62869644165039,323700,0.0,0.0,0.0
2009-02-04 00:00:00-05:00,20.365952094720285,20.89755592297793,20.164307896904255,20.359840393066406,902900,0.0,0.0,0.0
2009-02-05 00:00:00-05:00,20.29873833869531,21.18474398477373,20.225411900908327,20.995323181152344,466100,0.0,0.0,0.0
2009-02-06 00:00:00-05:00,21.26417952589283,22.467928392032103,21.26417952589283,22.388492584228516,181500,0.0,0.0,0.0
2009-02-09 00:00:00-05:00,22.596244484808278,22.614574927199545,22.0340891627856,22.16240692138672,192400,0.0,0.0,0.0
2009-02-10 00:00:00-05:00,22.009642922954974,22.095188079435662,20.537037831011293,20.592031478881836,180800,0.0,0.0,0.0
2009-02-11 00:00:00-05:00,21.14807765967997,21.490258290986567,20.964766274204187,21.2458438873291,360600,0.0,0.0,0.0
2009-02-12 00:00:00-05:00,20.66535953204543,21.649133682250977,20.628696316118045,21.649133682250977,308300,0.0,0.0,0.0
2009-02-13 00:00:00-05:00,20.818116964710367,21.148078876104417,20.445382471942736,20.934213638305664,284000,0.0,0.0,0.0
2009-02-17 00:00:00-05:00,19.858788458474873,20.1948597969705,19.816015869808044,19.913782119750977,352700,0.0,0.0,0.0
2009-02-18 00:00:00-05:00,20.072650513729293,20.243743191758174,19.66325508862227,20.042098999023438,363700,0.0,0.0,0.0
2009-02-19 00:00:00-05:00,20.634811202226828,20.738686833655915,19.809906198533334,19.90767478942871,308700,0.0,0.0,0.0
2009-02-20 00:00:00-05:00,19.553267597565494,20.072650335753373,19.388286622499297,19.864896774291992,383500,0.0,0.0,0.0
2009-02-23 00:00:00-05:00,20.115425877110454,20.16431017213243,19.143873822863462,19.14998435974121,260300,0.0,0.0,0.0
2009-02-24 00:00:00-05:00,19.19275278554442,20.40872255450889,19.107207618759873,20.21319007873535,383600,0.0,0.0,0.0
2009-02-25 00:00:00-05:00,19.748800438823714,20.255964445015902,19.400508040012937,19.71213722229004,368200,0.0,0.0,0.0
2009-02-26 00:00:00-05:00,20.231518889675282,20.482044999756013,19.773239249459493,19.8465633392334,670800,0.0,0.0,0.0
2009-02-27 00:00:00-05:00,19.082764707095333,19.333290827261585,18.716140747070312,18.716140747070312,373500,0.0,0.0,0.0
2009-03-02 00:00:00-05:00,18.4595024683854,18.752802309893713,17.567385370721677,17.665151596069336,282800,0.0,0.0,0.0
2009-03-03 00:00:00-05:00,17.95234349416508,18.221201252866674,17.50017431594206,17.885129928588867,286400,0.0,0.0,0.0
2009-03-04 00:00:00-05:00,18.325078334455537,18.91778635503737,18.160097354908377,18.612266540527344,261200,0.0,0.0,0.0
2009-03-05 00:00:00-05:00,17.940125012045485,18.14176805571643,17.37185793475491,17.56739044189453,377400,0.0,0.0,0.0
2009-03-06 00:00:00-05:00,17.970672928541788,18.300634842326325,17.45739961740947,18.019556045532227,488500,0.0,0.0,0.0
2009-03-09 00:00:00-04:00,17.512398675735934,17.82402907979896,17.35352820510778,17.475736618041992,248800,0.0,0.0,0.0
2009-03-10 00:00:00-04:00,17.982900576125715,18.75892136194887,17.982900576125715,18.746700286865234,480200,0.0,0.0,0.0
2009-03-11 00:00:00-04:00,19.00333274495651,19.5410471070854,18.97278006414682,19.394397735595703,284100,0.0,0.0,0.0
2009-03-12 00:00:00-04:00,19.369958519240928,20.799791478224176,19.369958519240928,20.579816818237305,203300,0.0,0.0,0.0
2009-03-13 00:00:00-04:00,20.665358329837435,20.842560366780997,20.262072301821988,20.543149948120117,325100,0.0,0.0,0.0
2009-03-16 00:00:00-04:00,20.824231560540017,21.15419118687604,20.530930489015034,20.58592414855957,428200,0.0,0.0,0.0
2009-03-17 00:00:00-04:00,20.3659517235017,20.84867125345447,20.084871725827153,20.805898666381836,319700,0.0,0.0,0.0
2009-03-18 00:00:00-04:00,20.757018562655436,21.429161274628868,20.072652446505288,21.313064575195312,511900,0.0,0.0,0.0
2009-03-19 00:00:00-04:00,22.15629856438755,22.30294911844747,21.722460935479663,21.844669342041016,484000,0.0,0.0,0.0
2009-03-20 00:00:00-04:00,22.064639514958287,22.302944577217957,21.740789284803455,22.040197372436523,464900,0.0,0.0,0.0
2009-03-23 00:00:00-04:00,22.846764868168705,23.830538764471413,22.8284344304015,23.775545120239258,439800,0.0,0.0,0.0
2009-03-24 00:00:00-04:00,23.10341240377944,23.463925927938153,22.93843140144259,23.036197662353516,265100,0.0,0.0,0.0
2009-03-25 00:00:00-04:00,23.023976159142904,23.83054837935422,22.81622256721384,23.482255935668945,662500,0.0,0.0,0.0
2009-03-26 00:00:00-04:00,23.830545233073728,24.026077725434714,23.54335586513615,23.94664192199707,383100,0.0,0.0,0.0
2009-03-27 00:00:00-04:00,22.83454836087737,22.944535671313233,22.11963317397527,22.33349609375,547600,0.0,0.0,0.0
2009-03-30 00:00:00-04:00,21.386389344021907,21.777454376220703,21.34361675180838,21.777454376220703,388700,0.0,0.0,0.0
2009-03-31 00:00:00-04:00,22.626794895646466,22.981198970801636,22.41904134526299,22.73067283630371,388000,0.0,0.0,0.0
2009-04-01 00:00:00-04:00,22.816220365374676,23.769443047695102,22.645130011213798,23.635013580322266,387500,0.0,0.0,0.0
2009-04-02 00:00:00-04:00,24.13607137788496,24.783774385642126,24.087187076500218,24.25827980041504,358900,0.0,0.0,0.0
2009-04-03 00:00:00-04:00,24.087177388423207,24.527126600207286,23.885535553642733,24.48435401916504,262300,0.0,0.0,0.0
2009-04-06 00:00:00-04:00,23.586127200829313,23.93441958005237,23.378373647351435,23.751108169555664,210800,0.0,0.0,0.0
2009-04-07 00:00:00-04:00,23.140068770883143,23.39670661243359,22.944536287288074,23.04841423034668,140800,0.0,0.0,0.0
2009-04-08 00:00:00-04:00,23.415033834012462,23.80609874741823,23.085071939227316,23.549463272094727,182800,0.0,0.0,0.0
2009-04-09 00:00:00-04:00,24.00163454312677,24.20327872830205,23.90998000244525,24.111621856689453,161100,0.0,0.0,0.0
2009-04-13 00:00:00-04:00,24.21549842963102,24.679887469893153,24.093290051373316,24.42936134338379,213000,0.0,0.0,0.0
2009-04-14 00:00:00-04:00,24.74710409014363,24.74710409014363,23.9527530670166,23.9527530670166,355600,0.0,0.0,0.0
2009-04-15 00:00:00-04:00,23.708336050078348,24.178836822509766,23.647233022357323,24.178836822509766,260300,0.0,0.0,0.0
2009-04-16 00:00:00-04:00,24.453803568845235,24.692108625250658,23.928309172191764,24.533239364624023,141000,0.0,0.0,0.0
2009-04-17 00:00:00-04:00,24.221615748411526,24.288830495057613,23.787778077608948,23.90998649597168,479300,0.0,0.0,0.0
2009-04-20 00:00:00-04:00,23.213397482832903,23.219506853763598,22.681791305541992,22.681791305541992,251100,0.0,0.0,0.0
2009-04-21 00:00:00-04:00,22.376266800264276,23.06063274798492,22.009644016859564,22.950645446777344,577700,0.0,0.0,0.0
2009-04-22 00:00:00-04:00,22.87121118486,23.408926656611754,22.535139889114266,22.889541625976562,310100,0.0,0.0,0.0
2009-04-23 00:00:00-04:00,23.52502383198588,23.635011142869647,23.164510386518206,23.61056900024414,359200,0.0,0.0,0.0
2009-04-24 00:00:00-04:00,23.983299277291216,24.582117680171784,23.879423685892313,24.386585235595703,227000,0.0,0.0,0.0
2009-04-27 00:00:00-04:00,24.233829411203153,24.294932436229747,23.714446705684114,23.836652755737305,471700,0.0,0.0,0.0
2009-04-28 00:00:00-04:00,23.87331582570587,24.765433038941335,23.616680325020727,24.45991325378418,415500,0.0,0.0,0.0
2009-04-29 00:00:00-04:00,24.881537345464626,25.443692750969216,24.686004827816813,25.229829788208008,605700,0.0,0.0,0.0
2009-04-30 00:00:00-04:00,25.229830791751343,25.407032871334163,24.673784735523405,24.777660369873047,291800,0.0,0.0,0.0
2009-05-01 00:00:00-04:00,24.728776227627186,25.33981589853722,24.728776227627186,25.217607498168945,289700,0.0,0.0,0.0
2009-05-04 00:00:00-04:00,26.085282758233244,27.20348647682695,26.085282758233244,27.14849281311035,348500,0.0,0.0,0.0
2009-05-05 00:00:00-04:00,26.506898112485263,26.769645323111998,26.183045544194723,26.415241241455078,309800,0.0,0.0,0.0
2009-05-06 00:00:00-04:00,26.482463495018447,27.429574664105772,26.317482478839615,27.105724334716797,247400,0.0,0.0,0.0
2009-05-07 00:00:00-04:00,27.00795236548609,27.130160758818487,25.96918451855754,26.121944427490234,635400,0.0,0.0,0.0
2009-05-08 00:00:00-04:00,26.85519004259387,27.429566409415997,26.439682941171554,27.37457275390625,494700,0.0,0.0,0.0
2009-05-11 00:00:00-04:00,26.671886564018756,27.05073056408687,26.39691820472266,26.53134536743164,251800,0.0,0.0,0.0
2009-05-12 00:00:00-04:00,26.653547246369993,27.07516607081909,26.341918069583873,26.977399826049805,379100,0.0,0.0,0.0
2009-05-13 00:00:00-04:00,26.134159772937902,26.256368139489847,25.596444358667785,25.718652725219727,327600,0.0,0.0,0.0
2009-05-14 00:00:00-04:00,25.578119910768116,26.427464644306657,25.35814526563529,26.152496337890625,483500,0.0,0.0,0.0
2009-05-15 00:00:00-04:00,26.158605927331923,26.494677238732912,25.38258536119156,25.712547302246094,356300,0.0,0.0,0.0
2009-05-18 00:00:00-04:00,25.767539891988395,26.75742576370332,25.767539891988395,26.677989959716797,311900,0.0,0.0,0.0
2009-05-19 00:00:00-04:00,26.934625392627645,27.735085738369314,26.891850478226395,27.160709381103516,357000,0.0,0.0,0.0
2009-05-20 00:00:00-04:00,27.563989604113495,28.285016332214497,27.563989604113495,27.75341033935547,331100,0.0,0.0,0.0
2009-05-21 00:00:00-04:00,27.14237906431074,27.66787351554689,26.580223727315634,27.66176414489746,435100,0.0,0.0,0.0
2009-05-22 00:00:00-04:00,28.01616254270351,28.126149848600306,27.673981885185384,27.79619026184082,219900,0.0,0.0,0.0
2009-05-26 00:00:00-04:00,27.130161645745734,28.16892719570192,26.983511102766375,28.144487380981445,367600,0.0,0.0,0.0
2009-05-27 00:00:00-04:00,28.443898470666163,28.718866810570702,27.90007349337249,28.058942794799805,714200,0.0,0.0,0.0
2009-05-28 00:00:00-04:00,28.66386681210611,29.0488224029541,28.35223764965938,29.0488224029541,760700,0.0,0.0,0.0
2009-05-29 00:00:00-04:00,29.299344730695125,29.70263071075458,28.957161768762877,29.342117309570312,693200,0.0,0.0,0.0
2009-06-01 00:00:00-04:00,29.965381728460553,30.246459377392675,29.66597130699388,30.038705825805664,589800,0.0,0.0,0.0
2009-06-02 00:00:00-04:00,29.58653670832075,30.130363917566406,29.317680119865003,30.050928115844727,689500,0.0,0.0,0.0
2009-06-03 00:00:00-04:00,29.439890461000697,29.439890461000697,28.46222795544789,28.957168579101562,879700,0.0,0.0,0.0
2009-06-04 00:00:00-04:00,29.21380164562389,29.720963258668156,28.896060800771536,29.5987548828125,348800,0.0,0.0,0.0
2009-06-05 00:00:00-04:00,29.580433909616673,29.580433909616673,28.669983665575593,29.128263473510742,284400,0.0,0.0,0.0
2009-06-08 00:00:00-04:00,28.486664459122625,28.999937797617225,28.12004164488263,28.877729415893555,464300,0.0,0.0,0.0
2009-06-09 00:00:00-04:00,28.98160980043116,29.18936336760358,28.688311058116778,28.90217399597168,255900,0.0,0.0,0.0
2009-06-10 00:00:00-04:00,29.34213172411374,29.34213172411374,28.413350940539132,28.88996124267578,382000,0.0,0.0,0.0
2009-06-11 00:00:00-04:00,28.889953425085,29.641531902359485,28.83495976426339,29.21991539001465,412600,0.0,0.0,0.0
2009-06-12 00:00:00-04:00,29.018267725166307,29.14658546447754,28.755520546044774,29.14658546447754,310900,0.0,0.0,0.0
2009-06-15 00:00:00-04:00,28.749410748499088,28.767743520278998,28.156703962049768,28.450002670288086,579600,0.0,0.0,0.0
2009-06-16 00:00:00-04:00,28.718865155655745,28.932728112740193,28.13837698951472,28.23003387451172,624400,0.0,0.0,0.0
2009-06-17 00:00:00-04:00,27.93062501315487,28.266696392624176,27.515117817506134,28.058942794799805,563700,0.0,0.0,0.0
2009-06-18 00:00:00-04:00,27.77786005538194,28.107822003542648,27.612879081301585,27.863405227661133,671800,0.0,0.0,0.0
2009-06-19 00:00:00-04:00,28.132266043291725,28.150596486892326,27.74731041116014,27.89396095275879,312400,0.0,0.0,0.0
2009-06-22 00:00:00-04:00,27.350132751842327,27.417347483940556,26.671880722045902,26.6718807220459,569000,0.0,0.0,0.0
2009-06-23 00:00:00-04:00,26.688753485160866,27.338936875925494,26.688753485160866,27.08261489868164,364900,0.987,0.0,0.0
2009-06-24 00:00:00-04:00,27.632773482823964,28.11415918109967,27.488983321238752,27.77656364440918,494000,0.0,0.0,0.0
2009-06-25 00:00:00-04:00,27.87034205043507,28.58929288604322,27.79531922726634,28.564285278320312,438500,0.0,0.0,0.0
2009-06-26 00:00:00-04:00,28.608048288734597,29.09568711506345,28.608048288734597,28.883127212524414,478300,0.0,0.0,0.0
2009-06-29 00:00:00-04:00,29.470785740346177,29.48328954206645,28.995653199257386,29.176952362060547,362000,0.0,0.0,0.0
2009-06-30 00:00:00-04:00,29.658345567446577,29.658345567446577,29.114443170480218,29.552066802978516,581300,0.0,0.0,0.0
2009-07-01 00:00:00-04:00,30.139725769388384,30.139725769388384,29.752117427982316,29.883403778076172,466000,0.0,0.0,0.0
2009-07-02 00:00:00-04:00,29.16445930152633,29.24573045870979,28.933142480707826,28.945646286010742,184800,0.0,0.0,0.0
2009-07-06 00:00:00-04:00,28.064150594059708,28.52052879333496,27.82658304345848,28.52052879333496,239400,0.0,0.0,0.0
2009-07-07 00:00:00-04:00,28.29547030766933,28.520534093765388,27.814086791123223,27.951623916625977,515100,0.0,0.0,0.0
2009-07-08 00:00:00-04:00,27.782816448482084,27.98287254793318,26.920075413920532,27.20140266418457,549900,0.0,0.0,0.0
2009-07-09 00:00:00-04:00,28.145411668222128,28.401733622286702,27.839074510995612,28.13290786743164,514300,0.0,0.0,0.0
2009-07-10 00:00:00-04:00,27.645279078956808,27.95161393463427,27.482732009332327,27.932859420776367,221500,0.0,0.0,0.0
2009-07-13 00:00:00-04:00,27.620273837387213,28.226695275896834,27.46397984889356,28.1954345703125,534600,0.0,0.0,0.0
2009-07-14 00:00:00-04:00,28.37673295857577,28.739336115584784,28.295459425995,28.58304214477539,252300,0.0,0.0,0.0
2009-07-15 00:00:00-04:00,29.35200502236106,30.05220126814409,29.295739103557107,29.952173233032227,407400,0.0,0.0,0.0
2009-07-16 00:00:00-04:00,29.69585639797715,30.34603993147746,29.427030559796385,30.070960998535156,536800,0.0,0.0,0.0
2009-07-17 00:00:00-04:00,29.82714281933228,30.27727024863661,29.470792732751985,30.133480072021484,191700,0.0,0.0,0.0
2009-07-20 00:00:00-04:00,30.646122712471545,31.13375914826689,30.452317326135475,31.058738708496094,461300,0.0,0.0,0.0
2009-07-21 00:00:00-04:00,31.515116215722944,31.515116215722944,30.702388043528405,31.133758544921875,331900,0.0,0.0,0.0
2009-07-22 00:00:00-04:00,30.827424442492326,31.821454217433764,30.827424442492326,31.3463191986084,322000,0.0,0.0,0.0
2009-07-23 00:00:00-04:00,31.408831463190182,32.121531453265106,31.24628442887286,31.821447372436523,389400,0.0,0.0,0.0
2009-07-24 00:00:00-04:00,31.527625751237334,31.702674267419262,31.165022527880865,31.59639549255371,433800,0.0,0.0,0.0
2009-07-27 00:00:00-04:00,30.802418515053446,31.47135657279121,30.802418515053446,31.458852767944336,318700,0.0,0.0,0.0
2009-07-28 00:00:00-04:00,30.502334235213667,30.733648661843027,30.00844467753032,30.708641052246094,395300,0.0,0.0,0.0
2009-07-29 00:00:00-04:00,30.108472050975994,30.28352054448674,29.827142411507392,30.09596824645996,447100,0.0,0.0,0.0
2009-07-30 00:00:00-04:00,30.858685174636477,30.996224646349727,30.321033477783207,30.321033477783203,481200,0.0,0.0,0.0
2009-07-31 00:00:00-04:00,30.70238463376104,31.452596088183377,30.583599702689817,31.108747482299805,965600,0.0,0.0,0.0
2009-08-03 00:00:00-04:00,31.733921765554772,32.24031500944707,31.727671057047814,32.10277557373047,1052400,0.0,0.0,0.0
2009-08-04 00:00:00-04:00,31.158769850976338,32.00900953567528,31.158769850976338,31.733930587768555,445800,0.0,0.0,0.0
2009-08-05 00:00:00-04:00,31.54011707317861,31.640145097811978,30.908688229984804,31.452592849731445,364800,0.0,0.0,0.0
2009-08-06 00:00:00-04:00,31.11500413398447,31.146262451314712,30.58360319994341,30.97746467590332,292200,0.0,0.0,0.0
2009-08-07 00:00:00-04:00,31.308811137009545,31.640153610594716,30.87118751717486,31.246292114257812,480800,0.0,0.0,0.0
2009-08-10 00:00:00-04:00,30.821168214126015,30.93995314918286,30.483572690580065,30.852426528930664,376400,0.0,0.0,0.0
2009-08-11 00:00:00-04:00,30.496075693210035,30.714888660813706,30.202244679929027,30.65862274169922,520900,0.0,0.0,0.0
2009-08-12 00:00:00-04:00,30.283520268091465,30.908696179046046,30.102221066405832,30.627368927001953,224200,0.0,0.0,0.0
2009-08-13 00:00:00-04:00,31.3275604184292,31.45259605818977,30.783658128055677,31.127504348754883,343400,0.0,0.0,0.0
2009-08-14 00:00:00-04:00,31.046239983478305,31.177526370769517,30.571107274057038,30.88994598388672,237100,0.0,0.0,0.0
2009-08-17 00:00:00-04:00,30.027199465356393,30.2647669889738,29.133197685420008,29.552066802978516,500800,0.0,0.0,0.0
2009-08-18 00:00:00-04:00,30.28352021708851,30.74615143975275,30.145983138612785,30.564849853515625,221900,0.0,0.0,0.0
2009-08-19 00:00:00-04:00,29.93967216023773,30.927451183775947,29.908413843575936,30.608610153198242,200400,0.0,0.0,0.0
2009-08-20 00:00:00-04:00,30.764906857470862,31.452601809474626,30.627369774955632,31.327566146850586,212100,0.0,0.0,0.0
2009-08-21 00:00:00-04:00,32.071521932113875,32.540403838679445,32.071521932113875,32.1590461730957,184200,0.0,0.0,0.0
2009-08-24 00:00:00-04:00,32.49663795601415,32.84048417071674,32.19655385673608,32.20280456542969,451900,0.0,0.0,0.0
2009-08-25 00:00:00-04:00,32.784228035611775,33.12807673777262,32.36536126731713,32.509151458740234,164300,0.0,0.0,0.0
2009-08-26 00:00:00-04:00,32.2528181915181,32.415362842995286,32.109028050057745,32.19655227661133,228400,0.0,0.0,0.0
2009-08-27 00:00:00-04:00,32.40912166339159,33.19684231883221,32.06527536446796,32.859249114990234,383600,0.0,0.0,0.0
2009-08-28 00:00:00-04:00,33.22809786707629,33.265606892316264,32.67794244327584,32.96552276611328,347700,0.0,0.0,0.0
2009-08-31 00:00:00-04:00,32.42787504244037,32.659191855214516,32.41537123757229,32.60917663574219,434400,0.0,0.0,0.0
2009-09-01 00:00:00-04:00,32.46538770491511,32.67794762612882,31.458854030487153,31.552631378173828,749000,0.0,0.0,0.0
2009-09-02 00:00:00-04:00,31.52761924703571,32.184053432151615,30.964960011303976,31.983997344970703,521700,0.0,0.0,0.0
2009-09-03 00:00:00-04:00,32.39036524076122,33.13432372625508,32.265329579917186,33.059303283691406,565200,0.0,0.0,0.0
2009-09-04 00:00:00-04:00,33.134324355560885,33.44066161120406,32.665442407133135,33.428157806396484,306400,0.0,0.0,0.0
2009-09-08 00:00:00-04:00,33.95955513222239,34.12835291356745,33.596954345703125,33.596954345703125,502400,0.0,0.0,0.0
2009-09-09 00:00:00-04:00,34.42218265859532,34.42218265859532,33.57194313339197,33.66571807861328,499800,0.0,0.0,0.0
2009-09-10 00:00:00-04:00,33.85952196324159,34.32840382335933,33.496921231542565,34.10334014892578,312000,0.0,0.0,0.0
2009-09-11 00:00:00-04:00,34.49719787377748,35.10986981900701,34.45343576232224,34.547210693359375,257900,0.0,0.0,0.0
2009-09-14 00:00:00-04:00,34.109597080197446,34.565975189208984,34.01581974368057,34.565975189208984,293400,0.0,0.0,0.0
2009-09-15 00:00:00-04:00,34.72226705456343,35.13488301747401,34.55346928998321,35.078617095947266,450000,0.0,0.0,0.0
2009-09-16 00:00:00-04:00,35.653777121829364,36.06639307770793,35.40995892765429,35.953861236572266,510200,0.0,0.0,0.0
2009-09-17 00:00:00-04:00,36.00387764687686,36.19768302080916,35.466226029073454,35.8038215637207,607700,0.0,0.0,0.0
2009-09-18 00:00:00-04:00,35.80381522811205,35.80381522811205,35.2286523021727,35.67877960205078,632500,0.0,0.0,0.0
2009-09-21 00:00:00-04:00,34.78478436600342,35.12863061101572,34.30965176314478,35.047359466552734,386000,0.0,0.0,0.0
2009-09-22 00:00:00-04:00,35.64128227939321,35.69129750351946,35.3161928620012,35.447479248046875,550800,0.0,0.0,0.0
2009-09-23 00:00:00-04:00,35.066120188408114,35.378708172835054,34.48470634658545,34.60348892211914,772200,0.0,0.0,0.0
2009-09-24 00:00:00-04:00,34.734767381061346,34.884808233544,33.615702156512626,34.034568786621094,413200,0.0,0.0,0.0
2009-09-25 00:00:00-04:00,34.27839702236953,34.77853728408337,34.209627289223214,34.49720764160156,813000,0.0,0.0,0.0
2009-09-28 00:00:00-04:00,34.38467828696311,34.984846644697136,34.209629778838284,34.60348892211914,221900,0.0,0.0,0.0
2009-09-29 00:00:00-04:00,34.334657997026504,34.59723310531547,34.13460190730953,34.328407287597656,241000,0.0,0.0,0.0
2009-09-30 00:00:00-04:00,34.397176064088406,34.484700302811355,33.38439183980524,34.22837829589844,431700,0.0,0.0,0.0
2009-10-01 00:00:00-04:00,33.815761155506124,33.86577398239511,32.659186809740724,32.77796936035156,747000,0.0,0.0,0.0
2009-10-02 00:00:00-04:00,32.32785487006865,33.16559092161963,32.25908511895619,32.84675216674805,283100,0.0,0.0,0.0
2009-10-05 00:00:00-04:00,33.04679141663174,34.18461112148834,33.04679141663174,33.9970588684082,257400,0.0,0.0,0.0
2009-10-06 00:00:00-04:00,34.315911380097255,34.80354791288219,34.17837189244724,34.522220611572266,457900,0.0,0.0,0.0
2009-10-07 00:00:00-04:00,34.384674256057245,34.93482971191406,34.25963859997296,34.93482971191406,224800,0.0,0.0,0.0
2009-10-08 00:00:00-04:00,35.47873984579224,35.64128456491152,34.953591883076975,35.4224739074707,332400,0.0,0.0,0.0
2009-10-09 00:00:00-04:00,35.23491160130554,35.23491160130554,34.61598645495778,34.941078186035156,142500,0.0,0.0,0.0
2009-10-12 00:00:00-04:00,35.434972516422576,35.89760137710891,35.27242543628968,35.4849853515625,211700,0.0,0.0,0.0
2009-10-13 00:00:00-04:00,35.57250571415893,35.94761025856658,35.241160902247096,35.822574615478516,463700,0.0,0.0,0.0
2009-10-14 00:00:00-04:00,36.616554951174955,36.7228361020763,36.278959368109945,36.585296630859375,185300,0.0,0.0,0.0
2009-10-15 00:00:00-04:00,35.95386666799677,36.6853237458772,35.76006365609665,36.485267639160156,459200,0.0,0.0,0.0
2009-10-16 00:00:00-04:00,35.84132977669927,35.96011232021051,35.40995694817491,35.71004104614258,246700,0.0,0.0,0.0
2009-10-19 00:00:00-04:00,35.97887414666405,36.385239453436746,35.653782378217265,36.37898635864258,230600,0.0,0.0,0.0
2009-10-20 00:00:00-04:00,36.38523883730891,36.38523883730891,35.334943106221964,35.62877655029297,810800,0.0,0.0,0.0
2009-10-21 00:00:00-04:00,35.54749864641018,36.128912368438506,35.25366523843597,35.2849235534668,607900,0.0,0.0,0.0
2009-10-22 00:00:00-04:00,35.35994939577371,36.278956337538595,34.96608791509918,36.13516616821289,633100,0.0,0.0,0.0
2009-10-23 00:00:00-04:00,36.053897795092524,36.053897795092524,35.34119755604543,35.566261291503906,288600,0.0,0.0,0.0
2009-10-26 00:00:00-04:00,35.297430922783654,35.54124914345787,34.059582920613735,34.309654235839844,281800,0.0,0.0,0.0
2009-10-27 00:00:00-04:00,34.28464469843397,34.28464469843397,33.60320290688155,33.64696502685547,273600,0.0,0.0,0.0
2009-10-28 00:00:00-04:00,33.04055094900194,33.33438443485036,31.933991517530345,32.059024810791016,726000,0.0,0.0,0.0
2009-10-29 00:00:00-04:00,33.10931830880941,34.047082249930305,33.09056379314124,33.8782844543457,329300,0.0,0.0,0.0
2009-10-30 00:00:00-04:00,33.34688480012951,33.37189241014402,31.971497252471625,32.402870178222656,412600,0.0,0.0,0.0
2009-11-02 00:00:00-05:00,32.152793017587584,32.72795363448692,31.165014064838903,31.89647102355957,727900,0.0,0.0,0.0
2009-11-03 00:00:00-05:00,31.327566828559927,32.38411331176758,31.327566828559927,32.38411331176758,820100,0.0,0.0,0.0
2009-11-04 00:00:00-05:00,33.09056057378559,33.39689542922872,32.77171952930435,32.91551208496094,1027200,0.0,0.0,0.0
2009-11-05 00:00:00-05:00,33.22809414420094,33.47191232036993,32.99052667658606,33.409393310546875,296300,0.0,0.0,0.0
2009-11-06 00:00:00-05:00,33.23434064887429,33.715726231766695,33.22183684849131,33.59069061279297,443100,0.0,0.0,0.0
2009-11-09 00:00:00-05:00,34.215874876294095,34.9348280764792,34.215874876294095,34.866058349609375,488900,0.0,0.0,0.0
2009-11-10 00:00:00-05:00,35.10987970268783,35.10987970268783,34.559724223277044,34.89731979370117,393500,0.0,0.0,0.0
2009-11-11 00:00:00-05:00,35.534990000436,35.69128393914572,34.803533127149265,35.20364761352539,352400,0.0,0.0,0.0
2009-11-12 00:00:00-05:00,34.891067403514704,35.10987801185005,34.384674072265625,34.384674072265625,329800,0.0,0.0,0.0
2009-11-13 00:00:00-05:00,34.52221832698246,35.31619210657462,34.45344858770846,34.9911003112793,398400,0.0,0.0,0.0
2009-11-16 00:00:00-05:00,35.26617255645225,35.85383704611751,35.24116494799242,35.55375289916992,171700,0.0,0.0,0.0
2009-11-17 00:00:00-05:00,35.13488111406021,35.42246141523666,34.72226517350288,35.27867126464844,427600,0.0,0.0,0.0
2009-11-18 00:00:00-05:00,35.303678778341926,35.541243869210064,34.95357946595076,35.23490905761719,280000,0.0,0.0,0.0
2009-11-19 00:00:00-05:00,34.41593366665487,34.81604587094373,34.19086995552818,34.659751892089844,301200,0.0,0.0,0.0
2009-11-20 00:00:00-05:00,34.215869409950066,34.42842926592691,34.10333758120607,34.334651947021484,172800,0.0,0.0,0.0
2009-11-23 00:00:00-05:00,35.078617957706236,35.41621349516023,34.99109371870483,35.134883880615234,275900,0.0,0.0,0.0
2009-11-24 00:00:00-05:00,35.034862268339324,35.416219995286625,34.90982659616458,35.347450256347656,383200,0.0,0.0,0.0
2009-11-25 00:00:00-05:00,35.585006601717254,36.0288832473069,35.47872785683319,35.960113525390625,226300,0.0,0.0,0.0
2009-11-27 00:00:00-05:00,34.03457120890561,35.14113271036014,33.947046974585454,34.91606903076172,344100,0.0,0.0,0.0
2009-11-30 00:00:00-05:00,34.93483065302255,35.1974033915019,34.6847593341173,35.03485870361328,192700,0.0,0.0,0.0
2009-12-01 00:00:00-05:00,35.66003328510024,36.23519395831633,35.61627116365366,36.00387954711914,268700,0.0,0.0,0.0
2009-12-02 00:00:00-05:00,35.94761135947057,36.41649324676801,35.92885684713279,36.02888488769531,218900,0.0,0.0,0.0
2009-12-03 00:00:00-05:00,35.83507999848741,36.028885373062934,35.047359466552734,35.047359466552734,1283100,0.0,0.0,0.0
2009-12-04 00:00:00-05:00,35.610010497172645,35.76630443620679,34.22837264847636,34.82854080200195,929900,0.0,0.0,0.0
2009-12-07 00:00:00-05:00,34.71601632380279,35.228660361562866,34.57847925004112,34.697261810302734,1020500,0.0,0.0,0.0
2009-12-08 00:00:00-05:00,34.41592811734247,34.64099179217932,34.07208189627793,34.16585922241211,869700,0.0,0.0,0.0
2009-12-09 00:00:00-05:00,33.872028246894054,34.328406337989904,33.75949640143408,34.22837829589844,473100,0.0,0.0,0.0
2009-12-10 00:00:00-05:00,34.622240941527174,34.74102350031382,34.35966583150312,34.478450775146484,496500,0.0,0.0,0.0
2009-12-11 00:00:00-05:00,34.72852200848911,35.053613774283804,34.60973944179479,34.89731979370117,277200,0.0,0.0,0.0
2009-12-14 00:00:00-05:00,35.11613030118865,35.88509878189014,35.11613030118865,35.69754409790039,224600,0.0,0.0,0.0
2009-12-15 00:00:00-05:00,35.07862496171999,35.35995463243699,34.80354600152686,35.20991134643555,174300,0.0,0.0,0.0
2009-12-16 00:00:00-05:00,35.69754186113915,35.76631158964546,35.29117896928956,35.32243728637695,141900,0.0,0.0,0.0
2009-12-17 00:00:00-05:00,35.13488830392454,35.15364281896976,34.816047239014146,35.05986785888672,143300,0.0,0.0,0.0
2009-12-18 00:00:00-05:00,34.87230317010223,35.07235922274582,34.553464581469086,34.97858428955078,133800,0.0,0.0,0.0
2009-12-21 00:00:00-05:00,34.70977337080296,34.728527888494064,34.12210876286125,34.297157287597656,318500,0.0,0.0,0.0
2009-12-22 00:00:00-05:00,34.55035649484711,34.70980987154417,34.1293996776895,34.55673599243164,260800,1.087,0.0,0.0
2009-12-23 00:00:00-05:00,34.98407771361966,35.32849766840139,34.6013904970173,35.11164093017578,53000,0.0,0.0,0.0
2009-12-24 00:00:00-05:00,35.39227547617162,35.63464287689881,35.360382851754046,35.602752685546875,46000,0.0,0.0,0.0
2009-12-28 00:00:00-05:00,35.91528788760911,36.170411890470305,35.77496810454255,35.864261627197266,135200,0.0,0.0,0.0
2009-12-29 00:00:00-05:00,36.11300854328057,36.19592499986915,35.76859101796264,35.79410171508789,113200,0.0,0.0,0.0
2009-12-30 00:00:00-05:00,35.71756076388888,35.9471740438044,35.71756076388888,35.87701416015625,42800,0.0,0.0,0.0
2009-12-31 00:00:00-05:00,36.35537635801038,36.41915674681563,35.698429107666016,35.698429107666016,88400,0.0,0.0,0.0
2010-01-04 00:00:00-05:00,36.47655751022401,37.069724330137646,36.47655751022401,36.967674255371094,125500,0.0,0.0,0.0
2010-01-05 00:00:00-05:00,36.89113075582827,37.4077605361818,36.89113075582827,37.26744079589844,238900,0.0,0.0,0.0
2010-01-06 00:00:00-05:00,36.99318060055799,37.45878413339029,36.91026416967778,37.28019714355469,215000,0.0,0.0,0.0
2010-01-07 00:00:00-05:00,36.712550598353964,36.852867931689616,36.36813068067734,36.527584075927734,282400,0.0,0.0,0.0
2010-01-08 00:00:00-05:00,36.87838815256767,37.197295004411444,36.63601826390788,37.05059814453125,265300,0.0,0.0,0.0
2010-01-11 00:00:00-05:00,37.139879619455,37.203662428961806,36.68703262075099,36.79545974731445,296100,0.0,0.0,0.0
2010-01-12 00:00:00-05:00,36.15764885180779,36.47017855821092,35.66653213206893,36.081111907958984,359300,0.0,0.0,0.0
2010-01-13 00:00:00-05:00,36.712552441762384,36.82097958810544,36.061982264506504,36.706172943115234,143900,0.0,0.0,0.0
2010-01-14 00:00:00-05:00,36.20867364551425,36.57860422011335,35.97268332552523,36.37450408935547,169900,0.0,0.0,0.0
2010-01-15 00:00:00-05:00,36.234191326327284,36.234191326327284,35.76858769242281,35.908905029296875,173000,0.0,0.0,0.0
2010-01-19 00:00:00-05:00,35.71117837126878,36.50206573625517,35.71117837126878,36.393638610839844,178900,0.0,0.0,0.0
2010-01-20 00:00:00-05:00,35.95355312066409,35.95355312066409,35.19455578787013,35.76858901977539,307400,0.0,0.0,0.0
2010-01-21 00:00:00-05:00,35.46243249398786,35.7048023248423,34.37815140277373,34.42279815673828,249900,0.0,0.0,0.0
2010-01-22 00:00:00-05:00,33.938052402461814,34.646025706897916,33.70206211200484,33.836002349853516,214400,0.0,0.0,0.0
2010-01-25 00:00:00-05:00,34.52484955604287,34.83099978060734,34.142159950537994,34.416419982910156,338700,0.0,0.0,0.0
2010-01-26 00:00:00-05:00,33.69569251815289,34.49933655646929,33.69569251815289,34.05924606323242,266900,0.0,0.0,0.0
2010-01-27 00:00:00-05:00,33.84876951322015,34.135786136417835,33.47883886903885,33.95719909667969,620100,0.0,0.0,0.0
2010-01-28 00:00:00-05:00,34.339875549073014,34.59500189712635,33.48520544607906,33.836002349853516,327600,0.0,0.0,0.0
2010-01-29 00:00:00-05:00,34.12940083161009,34.537603533530934,33.40229379857837,33.5681266784668,472100,0.0,0.0,0.0
2010-02-01 00:00:00-05:00,33.9444369103919,34.69067757405406,33.9444369103919,34.550357818603516,483400,0.0,0.0,0.0
2010-02-02 00:00:00-05:00,35.022346803913315,35.29022979736328,34.748086744625326,35.29022979736328,155500,0.0,0.0,0.0
2010-02-03 00:00:00-05:00,35.16265668729686,35.207303434796074,34.66516053463163,34.773590087890625,147500,0.0,0.0,0.0
2010-02-04 00:00:00-05:00,34.16129091173622,34.16129091173622,33.03236075861408,33.06425094604492,294800,0.0,0.0,0.0
2010-02-05 00:00:00-05:00,32.80274848656272,33.03236173576161,31.62279448525948,32.72621154785156,496200,0.0,0.0,0.0
2010-02-08 00:00:00-05:00,32.668811304574234,33.10252471979105,32.49660135149706,32.55400466918945,384100,0.0,0.0,0.0
2010-02-09 00:00:00-05:00,33.191821277406845,34.05924818751062,33.0578810015112,33.65742492675781,250300,0.0,0.0,0.0
2010-02-10 00:00:00-05:00,33.61277505776638,33.75309238631122,32.90480161773621,33.12165832519531,180300,0.0,0.0,0.0
2010-02-11 00:00:00-05:00,33.51710489150708,34.43555805179945,33.22371121333184,34.3079948425293,236000,0.0,0.0,0.0
2010-02-12 00:00:00-05:00,33.32576131378521,33.804121524030926,32.99409794271361,33.60002136230469,225100,0.0,0.0,0.0
2010-02-16 00:00:00-05:00,33.950816479572566,34.73532688888206,33.85514590267085,34.697059631347656,278600,0.0,0.0,0.0
2010-02-17 00:00:00-05:00,34.97131352408787,35.028714400310534,34.46106080461041,34.67791748046875,263400,0.0,0.0,0.0
2010-02-18 00:00:00-05:00,34.62051924250296,35.12439253860998,34.40366253487878,35.035099029541016,247400,0.0,0.0,0.0
2010-02-19 00:00:00-05:00,34.3079891140747,34.7353229957514,34.17404886158488,34.55673599243164,243900,0.0,0.0,0.0
2010-02-22 00:00:00-05:00,34.416417662285504,34.50571116762939,34.08475433310424,34.19318389892578,170500,0.0,0.0,0.0
2010-02-23 00:00:00-05:00,34.02097124916991,34.129398373308554,33.20457077026367,33.20457077026367,270400,0.0,0.0,0.0
2010-02-24 00:00:00-05:00,33.4214281330632,33.74671194517696,33.30662150924296,33.73395538330078,240100,0.0,0.0,0.0
2010-02-25 00:00:00-05:00,33.096144574528196,33.829631127025806,32.8665313082484,33.7977409362793,190500,0.0,0.0,0.0
2010-02-26 00:00:00-05:00,33.78498331148989,34.41004027612483,33.78498331148989,33.995460510253906,265400,0.0,0.0,0.0
2010-03-01 00:00:00-05:00,34.60138045748481,35.04785036935573,34.60138045748481,34.901153564453125,116100,0.0,0.0,0.0
2010-03-02 00:00:00-05:00,35.17542155481089,35.653781762176045,35.16266499064658,35.302982330322266,96500,0.0,0.0,0.0
2010-03-03 00:00:00-05:00,35.90889680312127,36.32347651947929,35.75582293740448,36.01732635498047,103000,0.0,0.0,0.0
2010-03-04 00:00:00-05:00,36.29159581768279,36.495695980686484,35.95993244453532,36.05560302734375,206400,0.0,0.0,0.0
2010-03-05 00:00:00-05:00,36.40639605608469,37.05058662598957,36.25969680874518,36.9102668762207,189800,0.0,0.0,0.0
2010-03-08 00:00:00-05:00,37.13988002469264,37.28657683856081,36.92302333613416,37.13350296020508,132400,0.0,0.0,0.0
2010-03-09 00:00:00-05:00,36.852863923552654,37.30571336594157,36.604117043306395,37.17815017700195,419800,0.0,0.0,0.0
2010-03-10 00:00:00-05:00,37.05058748696585,37.44603118824459,36.95491448570649,37.2929573059082,367200,0.0,0.0,0.0
2010-03-11 00:00:00-05:00,36.559467254044165,37.286574207592274,36.419147514564614,37.28019714355469,373100,0.0,0.0,0.0
2010-03-12 00:00:00-05:00,37.30571694731216,37.3694973313722,37.012320854665205,37.120750427246094,112800,0.0,0.0,0.0
2010-03-15 00:00:00-04:00,37.09523822023241,37.35674169426807,36.92302825932126,37.210044860839844,65400,0.0,0.0,0.0
2010-03-16 00:00:00-04:00,37.26745120965698,37.8032147650082,37.26107171073495,37.67565155029297,157600,0.0,0.0,0.0
2010-03-17 00:00:00-04:00,38.43463649897363,38.56857916937099,38.262429012726614,38.364479064941406,234100,0.0,0.0,0.0
2010-03-18 00:00:00-04:00,38.65788652497719,39.02144011844181,38.555836436163716,38.72804641723633,371400,0.0,0.0,0.0
2010-03-19 00:00:00-04:00,38.33259201049805,38.90024809346634,38.166761563979186,38.33259201049805,437400,0.0,0.0,0.0
2010-03-22 00:00:00-04:00,37.962658486846045,38.65787527490147,37.79044855588934,38.645118713378906,154700,0.0,0.0,0.0
2010-03-23 00:00:00-04:00,38.35172976991132,38.689770175713925,38.16038618989222,38.66425704956055,422900,0.0,0.0,0.0
2010-03-24 00:00:00-04:00,37.764936096482316,37.98817227745219,37.61186222165218,37.68202209472656,331400,0.0,0.0,0.0
2010-03-25 00:00:00-04:00,37.707534126463,37.82234075320211,37.069720614830366,37.17815017700195,411600,0.0,0.0,0.0
2010-03-26 00:00:00-04:00,37.560836032882655,37.72028940536599,37.15901285296636,37.38862609863281,306100,0.0,0.0,0.0
2010-03-29 00:00:00-04:00,37.745807706310586,37.94990785643946,37.65013469647143,37.88612747192383,385800,0.0,0.0,0.0
2010-03-30 00:00:00-04:00,38.179519556718866,38.179519556718866,37.75856271033112,37.96903991699219,260400,0.0,0.0,0.0
2010-03-31 00:00:00-04:00,38.24967432180274,38.67063111189928,38.0136815876547,38.543067932128906,350200,0.0,0.0,0.0
2010-04-01 00:00:00-04:00,38.81095391910603,39.372230529785156,38.664257093157126,39.372230529785156,454900,0.0,0.0,0.0
2010-04-05 00:00:00-04:00,39.5316821291258,40.02917590182675,39.238288490510655,39.901615142822266,385000,0.0,0.0,0.0
2010-04-06 00:00:00-04:00,39.61459920948092,39.99090929398616,39.467902387801324,39.863346099853516,569800,0.0,0.0,0.0
2010-04-07 00:00:00-04:00,39.646498272333034,39.895245218373304,39.448775155525226,39.51255798339844,518700,0.0,0.0,0.0
2010-04-08 00:00:00-04:00,39.136237365819746,39.57632781184912,38.906624112912084,39.531681060791016,357400,0.0,0.0,0.0
2010-04-09 00:00:00-04:00,39.28294312068651,39.79957305729695,39.28294312068651,39.66563034057617,177100,0.0,0.0,0.0
2010-04-12 00:00:00-04:00,39.58908698740245,39.63373374140781,39.31482696533203,39.31482696533203,202400,0.0,0.0,0.0
2010-04-13 00:00:00-04:00,39.25742624099308,39.28931643409366,38.67063890213195,39.02781295776367,195800,0.0,0.0,0.0
2010-04-14 00:00:00-04:00,39.14900371415844,39.49342124654935,38.92576746999956,39.48066711425781,277200,0.0,0.0,0.0
2010-04-15 00:00:00-04:00,39.027813901044226,39.41688059224583,38.919386755268484,39.1872673034668,239800,0.0,0.0,0.0
2010-04-16 00:00:00-04:00,38.64512711603415,38.785446890226986,37.75856657850493,38.17952346801758,631800,0.0,0.0,0.0
2010-04-19 00:00:00-04:00,37.573598847712276,37.98179915991253,37.29296174134104,37.89250564575195,285900,0.0,0.0,0.0
2010-04-20 00:00:00-04:00,38.17952617872434,38.49843300957494,38.02007276329904,38.37724685668945,196400,0.0,0.0,0.0
2010-04-21 00:00:00-04:00,38.20503440794459,38.37724193341393,37.96904163158224,38.37086486816406,160800,0.0,0.0,0.0
2010-04-22 00:00:00-04:00,37.452413196638354,38.08384726146962,37.2929598058939,38.07109069824219,280500,0.0,0.0,0.0
2010-04-23 00:00:00-04:00,37.66288832772625,38.41550848513052,37.4141414411896,38.40275192260742,162500,0.0,0.0,0.0
2010-04-26 00:00:00-04:00,38.82371071751121,39.08521417979916,38.670636825621784,38.79182052612305,242800,0.0,0.0,0.0
2010-04-27 00:00:00-04:00,38.22416537781853,38.54944921038029,37.17177207099918,37.31209182739258,479100,0.0,0.0,0.0
2010-04-28 00:00:00-04:00,37.80320268579976,37.91800929905286,36.999556393028016,37.7840690612793,232000,0.0,0.0,0.0
2010-04-29 00:00:00-04:00,38.275182411043225,38.60046861901231,38.13486511258716,38.262428283691406,281000,0.0,0.0,0.0
2010-04-30 00:00:00-04:00,38.64513095899604,38.67064409012561,37.9818041480237,38.10936737060547,185500,0.0,0.0,0.0
2010-05-03 00:00:00-04:00,38.37085872330697,38.80457208281304,38.12211185628018,38.645118713378906,236100,0.0,0.0,0.0
2010-05-04 00:00:00-04:00,37.618242541926385,37.65013273252071,36.623252537150705,36.85924530029297,403000,0.0,0.0,0.0
2010-05-05 00:00:00-04:00,35.774955323733,36.361742510440045,35.49431829092509,35.80046844482422,490500,0.0,0.0,0.0
2010-05-06 00:00:00-04:00,35.723934989656335,36.20229514043573,14.669711290568095,34.33350372314453,537800,0.0,0.0,0.0
2010-05-07 00:00:00-04:00,34.48021045778565,35.188181640719016,33.804127041060596,34.48658752441406,621600,0.0,0.0,0.0
2010-05-10 00:00:00-04:00,36.55309474438771,36.87837857826962,36.246944538067794,36.59136199951172,369900,0.0,0.0,0.0
2010-05-11 00:00:00-04:00,36.348997779328435,37.21004515768753,36.21505507550739,36.69979476928711,341800,0.0,0.0,0.0
2010-05-12 00:00:00-04:00,37.56084561336122,38.02644928780416,37.26745191709295,37.847862243652344,232500,0.0,0.0,0.0
2010-05-13 00:00:00-04:00,37.40138335014877,37.70115647452671,36.91664615940878,36.92302322387695,505600,0.0,0.0,0.0
2010-05-14 00:00:00-04:00,36.64238966406977,36.744439736780095,35.672912756788854,36.157649993896484,284700,0.0,0.0,0.0
2010-05-17 00:00:00-04:00,36.25332934087444,36.43191639107926,35.2328284353239,36.234195709228516,439300,0.0,0.0,0.0
2010-05-18 00:00:00-04:00,36.74443370968648,36.74443370968648,35.23919355931056,35.494319915771484,504600,0.0,0.0,0.0
2010-05-19 00:00:00-04:00,34.850134343248826,35.37952079347779,34.186807622383306,35.213687896728516,188200,0.0,0.0,0.0
2010-05-20 00:00:00-04:00,33.47883996386459,33.79774679272071,32.52211947729622,32.841026306152344,314200,0.0,0.0,0.0
2010-05-21 00:00:00-04:00,32.241467563939864,34.059237252148364,32.241467563939864,33.619144439697266,515200,0.0,0.0,0.0
2010-05-24 00:00:00-04:00,34.16129357117062,34.550357781019784,33.88065406057481,33.91254425048828,369100,0.0,0.0,0.0
2010-05-25 00:00:00-04:00,32.732591047273715,33.89341150851882,32.490221218082205,33.7977409362793,396200,0.0,0.0,0.0
2010-05-26 00:00:00-04:00,34.68430637957436,35.61551370883348,34.435559449586805,34.5120964050293,315100,0.0,0.0,0.0
2010-05-27 00:00:00-04:00,35.6792845576584,36.73167775407681,35.411404068717154,36.67427444458008,334200,0.0,0.0,0.0
2010-05-28 00:00:00-04:00,35.870629040594395,36.23418250780775,35.57723300821056,35.90251922607422,330000,0.0,0.0,0.0
2010-06-01 00:00:00-04:00,35.092501569069796,35.80685205884658,34.69067835410416,34.792728424072266,175700,0.0,0.0,0.0
2010-06-02 00:00:00-04:00,35.43054459383157,36.56585444351326,35.3221174509259,36.55947494506836,283700,0.0,0.0,0.0
2010-06-03 00:00:00-04:00,36.0492212194383,36.113001599586944,34.85651059258679,35.398651123046875,344900,0.0,0.0,0.0
2010-06-04 00:00:00-04:00,34.47382441639645,34.748084457633645,33.49159089350349,33.58088684082031,185900,0.0,0.0,0.0
2010-06-07 00:00:00-04:00,33.963573970420995,34.18680775568572,33.44056701660156,33.44056701660156,251900,0.0,0.0,0.0
2010-06-08 00:00:00-04:00,33.65741926985054,34.1485359653236,33.50434295665077,34.046485900878906,283400,0.0,0.0,0.0
2010-06-09 00:00:00-04:00,34.24420587201848,34.684298743318294,33.587258746886256,33.651039123535156,223000,0.0,0.0,0.0
2010-06-10 00:00:00-04:00,34.46106280665421,35.23919605930487,34.448306244619644,35.13714599609375,172400,0.0,0.0,0.0
2010-06-11 00:00:00-04:00,34.339877495085034,34.964934406865474,34.339877495085034,34.94580078125,221500,0.0,0.0,0.0
2010-06-14 00:00:00-04:00,35.660155116381716,35.84512162791492,34.91391443842894,35.01596450805664,128700,0.0,0.0,0.0
2010-06-15 00:00:00-04:00,35.6218881581069,36.55947491740522,35.6218881581069,36.489315032958984,479100,0.0,0.0,0.0
2010-06-16 00:00:00-04:00,36.1640305294021,36.75719735437881,36.049223890176556,36.527584075927734,158000,0.0,0.0,0.0
2010-06-17 00:00:00-04:00,36.86561962123924,36.98042624528609,36.43190624885457,36.79545974731445,210400,0.0,0.0,0.0
2010-06-18 00:00:00-04:00,36.71892529440125,36.897512306977696,36.482934965915874,36.801841735839844,209000,0.0,0.0,0.0
2010-06-21 00:00:00-04:00,37.292961606135655,37.43965844073416,36.41915523086755,36.69979476928711,151600,0.0,0.0,0.0
2010-06-22 00:00:00-04:00,36.73169002033457,36.91665657193276,35.99820331327476,36.13852310180664,438900,0.0,0.0,0.0
2010-06-23 00:00:00-04:00,36.443549463877176,36.72551273165957,35.82836087978454,36.53326416015625,194900,0.266,0.0,0.0
2010-06-24 00:00:00-04:00,35.70660105569397,36.174400801825115,35.43104741222001,35.4951286315918,251400,0.0,0.0,0.0
2010-06-25 00:00:00-04:00,35.73863835828424,36.32178620095613,35.469491883836355,36.039825439453125,339600,0.0,0.0,0.0
2010-06-28 00:00:00-04:00,35.757862379966454,36.161580871022174,35.463084885658546,35.6104736328125,118800,0.0,0.0,0.0
2010-06-29 00:00:00-04:00,34.924799878313486,34.98888110210827,34.3544686750971,34.64924621582031,381200,0.0,0.0,0.0
2010-06-30 00:00:00-04:00,34.424963966259895,34.74537501599934,33.7264677800462,33.73928451538086,281900,0.0,0.0,0.0
2010-07-01 00:00:00-04:00,33.976388254859856,34.194267868049224,33.367606767018174,33.82258987426758,262600,0.0,0.0,0.0
2010-07-02 00:00:00-04:00,34.18785768307566,34.51467831944306,33.88026337178665,34.19426727294922,173300,0.0,0.0,0.0
2010-07-06 00:00:00-04:00,35.08500508614672,35.44386629217712,34.66846980137111,35.0016975402832,792500,0.0,0.0,0.0
2010-07-07 00:00:00-04:00,35.32210990771422,36.05264663696289,35.24521194793596,36.05264663696289,398100,0.0,0.0,0.0
2010-07-08 00:00:00-04:00,36.1423565340135,36.19362101541387,35.71300458514529,36.08468246459961,912600,0.0,0.0,0.0
2010-07-09 00:00:00-04:00,35.93729817851532,36.29615692647064,35.93729817851532,36.200035095214844,392400,0.0,0.0,0.0
2010-07-12 00:00:00-04:00,35.98215891036509,36.1679954461095,35.70660523464151,35.96293258666992,64800,0.0,0.0,0.0
2010-07-13 00:00:00-04:00,36.74473474799541,36.9305737206039,36.5460790416337,36.77677536010742,311000,0.0,0.0,0.0
2010-07-14 00:00:00-04:00,36.41791058956946,36.85366724263251,36.2384787911465,36.55248260498047,183400,0.0,0.0,0.0
2010-07-15 00:00:00-04:00,36.9305711952612,36.969018949349724,36.22566555428886,36.802406311035156,151800,0.0,0.0,0.0
2010-07-16 00:00:00-04:00,36.43712636841051,36.67422973971803,35.96932676792115,36.18720626831055,322300,0.0,0.0,0.0
2010-07-19 00:00:00-04:00,36.110315010349886,36.21284642202885,35.725822827689186,35.98855972290039,154400,0.0,0.0,0.0
2010-07-20 00:00:00-04:00,35.76427323688274,36.79599450356312,35.61688448449982,36.68064880371094,512400,0.0,0.0,0.0
2010-07-21 00:00:00-04:00,37.21893766438219,37.26379500246849,36.469174759362566,36.59733963012695,357600,0.0,0.0,0.0
2010-07-22 00:00:00-04:00,37.75723429437228,38.3211583870522,37.731603270033034,38.148136138916016,207200,0.0,0.0,0.0
2010-07-23 00:00:00-04:00,38.07764444340082,38.70565219379754,37.87258158616429,38.56467056274414,251400,0.0,0.0,0.0
2010-07-26 00:00:00-04:00,38.891483118213955,39.21830368041992,38.62233907361303,39.21830368041992,296200,0.0,0.0,0.0
2010-07-27 00:00:00-04:00,39.493867864568855,39.493867864568855,38.577492039157356,39.147823333740234,978900,0.0,0.0,0.0
2010-07-28 00:00:00-04:00,38.577476534556226,38.904294608181935,38.430087799819816,38.68000793457031,317500,0.0,0.0,0.0
2010-07-29 00:00:00-04:00,38.89788746516792,39.083726391612636,38.25706560394453,38.68000793457031,250400,0.0,0.0,0.0
2010-07-30 00:00:00-04:00,38.506994962375344,39.058102286162246,38.37883007052272,38.8658561706543,174500,0.0,0.0,0.0
2010-08-02 00:00:00-04:00,39.769406883423244,39.79503790085589,39.40413860618715,39.673282623291016,355500,0.0,0.0,0.0
2010-08-03 00:00:00-04:00,39.23112552677495,39.34647368793802,38.91712165593281,39.24394226074219,295300,0.0,0.0,0.0
2010-08-04 00:00:00-04:00,39.109358254701725,39.37850471340254,38.93633605508151,39.308013916015625,183900,0.0,0.0,0.0
2010-08-05 00:00:00-04:00,39.34006759647084,39.37851780179121,39.09655451852633,39.28880310058594,195100,0.0,0.0,0.0
2010-08-06 00:00:00-04:00,38.97480289665472,39.5195007453485,38.878678596512295,39.416969299316406,244300,0.0,0.0,0.0
2010-08-09 00:00:00-04:00,39.91680616270664,39.936030041992424,39.53872105465285,39.807865142822266,360100,0.0,0.0,0.0
2010-08-10 00:00:00-04:00,38.83381813061957,39.41055899618555,38.59030749364043,39.2247200012207,506600,0.0,0.0,0.0
2010-08-11 00:00:00-04:00,38.199397922952365,38.20580506703721,37.75722920030167,37.91743469238281,376400,0.0,0.0,0.0
2010-08-12 00:00:00-04:00,37.404778003829,38.05200956765309,37.404778003829,37.94947814941406,287200,0.0,0.0,0.0
2010-08-13 00:00:00-04:00,38.148135559693124,38.20580964152949,37.81490780292103,38.00715637207031,374900,0.0,0.0,0.0
2010-08-16 00:00:00-04:00,37.94307174477642,38.455728878992026,37.88539766439328,38.244258880615234,243000,0.0,0.0,0.0
2010-08-17 00:00:00-04:00,38.46854343971743,38.84662851319397,38.398052629393376,38.53262710571289,281900,0.0,0.0,0.0
2010-08-18 00:00:00-04:00,38.10968748310676,38.34038380852485,37.808500342195124,38.154544830322266,248900,0.0,0.0,0.0
2010-08-19 00:00:00-04:00,38.13531496970071,38.314746786462095,37.52012645534072,37.80208969116211,225500,0.0,0.0,0.0
2010-08-20 00:00:00-04:00,37.398372660076944,37.520127961177906,37.077961657087315,37.50090408325195,67300,0.0,0.0,0.0
2010-08-23 00:00:00-04:00,37.930254649523874,38.06482913216391,37.6482938395268,37.673927307128906,133700,0.0,0.0,0.0
2010-08-24 00:00:00-04:00,36.93698064040692,37.456047353813695,36.73191779068765,37.10359573364258,509600,0.0,0.0,0.0
2010-08-25 00:00:00-04:00,36.64220274699889,36.8921229399061,36.16799338374631,36.73832702636719,548700,0.0,0.0,0.0
2010-08-26 00:00:00-04:00,37.11640928116887,37.45604660542063,36.795998279316755,36.911346435546875,252400,0.0,0.0,0.0
2010-08-27 00:00:00-04:00,36.93697875347701,37.64829154659035,36.64220122763205,37.47526931762695,206400,0.0,0.0,0.0
2010-08-30 00:00:00-04:00,37.327886875532535,37.686748127246695,37.09078338585936,37.14204788208008,349900,0.0,0.0,0.0
2010-08-31 00:00:00-04:00,37.109995981049316,37.770041753125085,37.02668844991479,37.42399978637695,451500,0.0,0.0,0.0
2010-09-01 00:00:00-04:00,38.301924258795765,38.961970016352,38.192983267471455,38.80817413330078,414300,0.0,0.0,0.0
2010-09-02 00:00:00-04:00,39.006839817321065,39.32084371608178,38.8530438851241,39.28880310058594,145400,0.0,0.0,0.0
2010-09-03 00:00:00-04:00,39.596390033531804,39.75018593707976,39.39132719910665,39.67969512939453,266800,0.0,0.0,0.0
2010-09-07 00:00:00-04:00,39.09655380786169,39.10937054273551,38.59030622532804,38.68642807006836,329600,0.0,0.0,0.0
2010-09-08 00:00:00-04:00,38.74409490218309,39.237528102018885,38.74409490218309,39.05168914794922,428500,0.0,0.0,0.0
2010-09-09 00:00:00-04:00,39.718137263574505,39.73095399369162,39.115765615317926,39.186256408691406,285500,0.0,0.0,0.0
2010-09-10 00:00:00-04:00,39.50027092429243,39.83990582985809,39.44259684178674,39.78223419189453,261500,0.0,0.0,0.0
2010-09-13 00:00:00-04:00,40.80113445598849,40.852401387973096,40.51917366369872,40.692195892333984,200300,0.0,0.0,0.0
2010-09-14 00:00:00-04:00,40.845992094864584,41.39068732902288,40.640926822256354,40.98056411743164,451800,0.0,0.0,0.0
2010-09-15 00:00:00-04:00,40.82036146536598,41.03183145201001,40.512767201902534,41.01260757446289,308900,0.0,0.0,0.0
2010-09-16 00:00:00-04:00,40.69860530479346,40.71142203850392,40.4102373522051,40.685791015625,152900,0.0,0.0,0.0
2010-09-17 00:00:00-04:00,40.53840450810094,40.66016227021949,40.31411775347563,40.37179183959961,187800,0.0,0.0,0.0
2010-09-20 00:00:00-04:00,40.92930754864092,41.36506922426438,40.922900403129,41.34584045410156,231900,0.0,0.0,0.0
2010-09-21 00:00:00-04:00,41.339428608298654,41.74314470841748,40.96775067474451,41.454776763916016,581800,0.0,0.0,0.0
2010-09-22 00:00:00-04:00,41.58934881893056,41.961026752678116,41.46118148535354,41.65983963012695,390300,0.0,0.0,0.0
2010-09-23 00:00:00-04:00,41.435551184275425,41.92257236435962,41.249712225131326,41.397098541259766,439200,0.0,0.0,0.0
2010-09-24 00:00:00-04:00,42.14686656717128,42.31989126878006,42.01229451541141,42.13405227661133,411200,0.0,0.0,0.0
2010-09-27 00:00:00-04:00,42.281440904944084,42.35833642173875,42.03792539753636,42.08278274536133,445300,0.0,0.0,0.0
2010-09-28 00:00:00-04:00,42.24940305265804,42.928672943156506,42.12764528395177,42.877410888671875,461400,0.0,0.0,0.0
2010-09-29 00:00:00-04:00,42.80691837517109,43.0760624846681,42.678751021302524,42.819732666015625,190900,0.0,0.0,0.0
2010-09-30 00:00:00-04:00,42.93507960811109,43.197819009189935,42.589035096221245,43.0760612487793,536300,0.0,0.0,0.0
2010-10-01 00:00:00-04:00,43.293933566212345,43.59512069410577,43.255485809999215,43.543853759765625,1082100,0.0,0.0,0.0
2010-10-04 00:00:00-04:00,43.217033929924504,43.332382076641096,42.53775933744526,43.050418853759766,651900,0.0,0.0,0.0
2010-10-05 00:00:00-04:00,43.447736332504704,44.2167208260192,43.447736332504704,44.09496307373047,529800,0.0,0.0,0.0
2010-10-06 00:00:00-04:00,44.08214223086208,44.53712522561359,44.06291835474467,44.242347717285156,444900,0.0,0.0,0.0
2010-10-07 00:00:00-04:00,44.120593315916395,44.13981719348596,43.30034194572277,43.59511947631836,608100,0.0,0.0,0.0
2010-10-08 00:00:00-04:00,43.76813946838636,44.2807940753493,43.652791326230115,44.13981246948242,488700,0.0,0.0,0.0
2010-10-11 00:00:00-04:00,44.1077766418457,44.338472938371886,43.89630422184944,44.1077766418457,322400,0.0,0.0,0.0
2010-10-12 00:00:00-04:00,43.96038725497018,44.44100374439569,43.607938096175054,44.30002212524414,362300,0.0,0.0,0.0
2010-10-13 00:00:00-04:00,44.67811423532897,45.37020322467766,44.62684729780293,45.10746383666992,370300,0.0,0.0,0.0
2010-10-14 00:00:00-04:00,45.04337755838276,45.306112027844605,44.67169963662336,44.95366287231445,585800,0.0,0.0,0.0
2010-10-15 00:00:00-04:00,44.7550145461931,44.95367272811348,44.21672631176707,44.56277084350586,583600,0.0,0.0,0.0
2010-10-18 00:00:00-04:00,44.543546575017025,45.427879333496094,44.38974574730217,45.427879333496094,425200,0.0,0.0,0.0
2010-10-19 00:00:00-04:00,43.82581059312727,43.947568322087896,43.1337217481141,43.364418029785156,530300,0.0,0.0,0.0
2010-10-20 00:00:00-04:00,43.614349509159844,44.15264260249584,43.447739287320765,43.768150329589844,283100,0.0,0.0,0.0
2010-10-21 00:00:00-04:00,44.30642935346609,44.60120686458505,43.22984827894823,43.79376983642578,493600,0.0,0.0,0.0
2010-10-22 00:00:00-04:00,43.787374457477284,43.85145568847656,43.47977770396242,43.85145568847656,194900,0.0,0.0,0.0
2010-10-25 00:00:00-04:00,44.062921470127,44.171860035216945,43.66561007563662,43.921939849853516,175300,0.0,0.0,0.0
2010-10-26 00:00:00-04:00,43.57589403663773,43.748913817645224,43.0568298045316,43.48617935180664,543800,0.0,0.0,0.0
2010-10-27 00:00:00-04:00,43.07605806762218,43.07605806762218,42.185315828182674,42.781280517578125,381700,0.0,0.0,0.0
2010-10-28 00:00:00-04:00,42.91584847276435,43.34519802288199,42.9030292953701,43.23625946044922,285100,0.0,0.0,0.0
2010-10-29 00:00:00-04:00,43.3900624428293,43.81300736231888,43.28112386262785,43.40288162231445,586300,0.0,0.0,0.0
2010-11-01 00:00:00-04:00,43.50540447037738,43.85785852019011,43.383646727881384,43.639976501464844,542000,0.0,0.0,0.0
2010-11-02 00:00:00-04:00,44.043696295641695,44.62043215929112,44.02446752964755,44.434593200683594,429600,0.0,0.0,0.0
2010-11-03 00:00:00-04:00,44.68451861162007,45.34456446573891,44.479455774524084,45.28048324584961,288900,0.0,0.0,0.0
2010-11-04 00:00:00-04:00,46.0174138885567,46.15198588570112,45.639331356924636,46.1391716003418,816300,0.0,0.0,0.0
2010-11-05 00:00:00-04:00,45.98538422858974,46.260937861021084,45.773911812962176,46.13277053833008,414500,0.0,0.0,0.0
2010-11-08 00:00:00-05:00,45.79954118109509,46.1776237487793,45.58165919654992,46.1776237487793,560100,0.0,0.0,0.0
2010-11-09 00:00:00-05:00,46.54930796539665,46.77359467927572,45.30611176691885,45.40864562988281,621700,0.0,0.0,0.0
2010-11-10 00:00:00-05:00,45.94053106596656,46.190451256588624,45.49195272937741,45.959754943847656,936700,0.0,0.0,0.0
2010-11-11 00:00:00-05:00,45.767509466988045,46.01102497409408,45.51117967012685,45.972572326660156,462300,0.0,0.0,0.0
2010-11-12 00:00:00-05:00,45.67778743567227,46.19685164636927,45.05618936706387,45.184356689453125,391400,0.0,0.0,0.0
2010-11-15 00:00:00-05:00,45.54963548222792,45.8764512290751,45.229224436161175,45.24203872680664,235300,0.0,0.0,0.0
2010-11-16 00:00:00-05:00,44.671698439139426,44.8959851482979,43.793770590052176,43.986019134521484,570600,0.0,0.0,0.0
2010-11-17 00:00:00-05:00,44.53713535536441,45.05619968492707,44.41537759348298,44.549949645996094,578800,0.0,0.0,0.0
2010-11-18 00:00:00-05:00,45.0369714032832,45.37020159615718,44.75500814609507,45.126686096191406,232300,0.0,0.0,0.0
2010-11-19 00:00:00-05:00,44.8767573757604,45.32533564421828,44.549936834168435,45.26124954223633,214200,0.0,0.0,0.0
2010-11-22 00:00:00-05:00,44.76782803104632,45.04979129268415,44.31925455942628,44.908809661865234,219300,0.0,0.0,0.0
2010-11-23 00:00:00-05:00,43.915533401534276,43.966800337860676,43.255487485855426,43.39646911621094,240200,0.0,0.0,0.0
2010-11-24 00:00:00-05:00,43.99884156818115,44.24876176103862,43.88349341077894,44.15263748168945,171800,0.0,0.0,0.0
2010-11-26 00:00:00-05:00,43.49899395772263,43.761733314563756,43.33878846377083,43.441322326660156,141200,0.0,0.0,0.0
2010-11-29 00:00:00-05:00,43.15936167268445,43.54385390333537,42.53776353674154,43.492591857910156,436000,0.0,0.0,0.0
2010-11-30 00:00:00-05:00,42.70437881721841,42.92226084529895,42.30706740665037,42.755645751953125,281100,0.0,0.0,0.0
2010-12-01 00:00:00-05:00,43.43491552708832,43.90912245069294,43.33879124672798,43.70405960083008,269800,0.0,0.0,0.0
2010-12-02 00:00:00-05:00,44.216720951846945,45.43428381094652,44.094963199211726,45.40224075317383,570500,0.0,0.0,0.0
2010-12-03 00:00:00-05:00,45.28048367268458,46.11995890604024,45.19076409709339,46.055877685546875,290900,0.0,0.0,0.0
2010-12-06 00:00:00-05:00,45.77391416089194,46.331431042757345,45.75469028377309,46.3057975769043,318300,0.0,0.0,0.0
2010-12-07 00:00:00-05:00,46.15841169787015,46.292983742317425,45.53681352417255,45.59449005126953,682800,0.0,0.0,0.0
2010-12-08 00:00:00-05:00,45.62010531208566,45.91488275213952,45.32532787203181,45.716224670410156,151100,0.0,0.0,0.0
2010-12-09 00:00:00-05:00,46.0494743554851,46.10714599504232,45.72906332038659,45.95335006713867,413700,0.0,0.0,0.0
2010-12-10 00:00:00-05:00,45.850824625058195,46.177640385999005,45.64576174229572,46.075111389160156,245600,0.0,0.0,0.0
2010-12-13 00:00:00-05:00,46.081512966915795,46.478819483076556,46.05587949989189,46.24812316894531,378600,0.0,0.0,0.0
2010-12-14 00:00:00-05:00,46.15840533701679,46.64543139915255,46.15840533701679,46.363468170166016,209800,0.0,0.0,0.0
2010-12-15 00:00:00-05:00,46.472399361201276,46.73513867183421,45.92129705688689,45.98537826538086,293200,0.0,0.0,0.0
2010-12-16 00:00:00-05:00,46.29298473081108,46.51086677581929,45.844411239741774,46.28017044067383,239000,0.0,0.0,0.0
2010-12-17 00:00:00-05:00,46.305791060006754,46.305791060006754,45.985380115562634,46.1776237487793,290800,0.0,0.0,0.0
2010-12-20 00:00:00-05:00,46.4083262330119,46.51726479532758,46.139182177025994,46.35065460205078,193400,0.0,0.0,0.0
2010-12-21 00:00:00-05:00,46.93936164326691,47.16855674484918,46.86077832440506,47.09652328491211,284200,1.549,0.0,0.0
2010-12-22 00:00:00-05:00,47.057232461577485,47.19474951767009,46.92626526417834,47.155460357666016,185500,0.0,0.0,0.0
2010-12-23 00:00:00-05:00,47.14236893106101,47.600764194731234,47.11617448775878,47.56147003173828,238300,0.0,0.0,0.0
2010-12-27 00:00:00-05:00,47.44358825683594,47.535266292425554,47.1161652737078,47.44358825683594,326600,0.0,0.0,0.0
2010-12-28 00:00:00-05:00,47.68589295227628,47.98712155969507,47.65969850866431,47.82341003417969,223400,0.0,0.0,0.0
2010-12-29 00:00:00-05:00,48.01985616137914,48.3931181642978,48.01985616137914,48.26869583129883,164000,0.0,0.0,0.0
2010-12-30 00:00:00-05:00,48.46515551174387,48.69435062034458,48.16392694100028,48.6026725769043,215900,0.0,0.0,0.0
2010-12-31 00:00:00-05:00,48.61576251158982,49.15928585566082,48.550278915020854,48.90389633178711,168400,0.0,0.0,0.0
2011-01-03 00:00:00-05:00,49.07416208645538,49.29025747492995,48.82531740263827,48.99557876586914,551400,0.0,0.0,0.0
2011-01-04 00:00:00-05:00,48.4782480421479,48.563381218692506,48.02640270842172,48.55683135986328,387300,0.0,0.0,0.0
2011-01-05 00:00:00-05:00,47.744824682474565,48.28834307028572,47.47633542197055,48.08534240722656,231800,0.0,0.0,0.0
2011-01-06 00:00:00-05:00,47.70552745769327,47.72517203723232,46.9524536002011,47.13581466674805,479300,0.0,0.0,0.0
2011-01-07 00:00:00-05:00,46.67087224254981,47.28642908156959,46.32380466176751,46.78219985961914,372400,0.0,0.0,0.0
2011-01-10 00:00:00-05:00,46.36965014594113,46.62503972197048,46.05532681978771,46.59230041503906,244000,0.0,0.0,0.0
2011-01-11 00:00:00-05:00,46.821492828551385,47.050687948076764,46.41548647676435,46.611942291259766,473600,0.0,0.0,0.0
2011-01-12 00:00:00-05:00,47.15545443515872,47.53526125834559,46.91970951258606,47.26677703857422,458300,0.0,0.0,0.0
2011-01-13 00:00:00-05:00,47.561467164880554,47.561467164880554,46.88042666831119,46.93281555175781,276200,0.0,0.0,0.0
2011-01-14 00:00:00-05:00,46.63157665596091,47.103066510577754,46.33034813686189,46.96554946899414,246300,0.0,0.0,0.0
2011-01-18 00:00:00-05:00,46.38928780680393,46.8345832824707,46.38928780680393,46.8345832824707,162200,0.0,0.0,0.0
2011-01-19 00:00:00-05:00,46.28451567660711,46.28451567660711,45.256407652079574,45.393924713134766,479200,0.0,0.0,0.0
2011-01-20 00:00:00-05:00,44.89623576776302,44.93552992125111,44.23484496966244,44.640846252441406,505200,0.0,0.0,0.0
2011-01-21 00:00:00-05:00,44.896238439724286,44.93553259555094,44.4640426942575,44.63430404663086,159700,0.0,0.0,0.0
2011-01-24 00:00:00-05:00,44.68014269454574,45.22366105217825,44.68014269454574,45.020660400390625,267200,0.0,0.0,0.0
2011-01-25 00:00:00-05:00,44.293781786186074,44.35926538511628,43.94016435666892,44.22829818725586,370400,0.0,0.0,0.0
2011-01-26 00:00:00-05:00,44.40510181502521,44.66704119155255,44.26103490813127,44.57536315917969,194300,0.0,0.0,0.0
2011-01-27 00:00:00-05:00,44.56881493950265,44.85039890530885,44.37890900944003,44.52297592163086,282800,0.0,0.0,0.0
2011-01-28 00:00:00-05:00,43.396636477267634,43.59964210772894,42.24411126700511,42.434017181396484,654900,0.0,0.0,0.0
2011-01-31 00:00:00-05:00,42.617379483513965,43.049575251683116,42.571540462706956,42.95134735107422,461800,0.0,0.0,0.0
2011-02-01 00:00:00-05:00,43.25912054824249,43.7306104173369,42.990636314833594,43.65857696533203,654900,0.0,0.0,0.0
2011-02-02 00:00:00-05:00,43.671678273575196,43.94671237521263,43.573450381253785,43.61928939819336,275500,0.0,0.0,0.0
2011-02-03 00:00:00-05:00,43.658580227620824,43.874680599783034,43.15435102198734,43.73716354370117,388800,0.0,0.0,0.0
2011-02-04 00:00:00-05:00,43.868135713842435,44.084236110501095,43.5865517110663,43.92052459716797,520300,0.0,0.0,0.0
2011-02-07 00:00:00-05:00,43.52106697670056,43.82229555389494,43.246032840489875,43.56035614013672,296800,0.0,0.0,0.0
2011-02-08 00:00:00-05:00,43.422833271398126,44.19555169091805,43.40973855069492,44.182456970214844,367900,0.0,0.0,0.0
2011-02-09 00:00:00-05:00,43.62584403336413,43.74371651784041,42.91205926734699,43.154354095458984,599300,0.0,0.0,0.0
2011-02-10 00:00:00-05:00,42.82692995921564,43.173997544381294,42.52570139480623,42.964447021484375,484100,0.0,0.0,0.0
2011-02-11 00:00:00-05:00,43.016832974656666,44.02529635876367,42.97753881948279,43.86812973022461,367800,0.0,0.0,0.0
2011-02-14 00:00:00-05:00,43.54726456354008,43.54726456354008,43.134713329421345,43.32461929321289,258800,0.0,0.0,0.0
2011-02-15 00:00:00-05:00,43.46867956530397,43.46867956530397,42.97754502142149,43.03648376464844,241300,0.0,0.0,0.0
2011-02-16 00:00:00-05:00,43.31806198559576,43.73716300739526,43.26567310885125,43.63238525390625,264100,0.0,0.0,0.0
2011-02-17 00:00:00-05:00,43.67168443428725,44.477142273575865,43.67168443428725,44.31998062133789,317300,0.0,0.0,0.0
2011-02-18 00:00:00-05:00,44.46405200793556,44.73253631591796,44.17591811988476,44.73253631591797,184100,0.0,0.0,0.0
2011-02-22 00:00:00-05:00,44.280685745699586,44.67359232365441,43.409739417246286,43.54725646972656,314600,0.0,0.0,0.0
2011-02-23 00:00:00-05:00,43.97290851948189,44.11042557563761,43.23292936520991,43.730613708496094,409900,0.0,0.0,0.0
2011-02-24 00:00:00-05:00,43.69132462461135,43.94016429864891,43.21983471921106,43.88777542114258,190400,0.0,0.0,0.0
2011-02-25 00:00:00-05:00,44.43785756392373,44.8242143719197,44.3330797878764,44.73253631591797,146800,0.0,0.0,0.0
2011-02-28 00:00:00-05:00,45.12543771626284,45.43321112222045,44.96827108793931,45.426666259765625,175200,0.0,0.0,0.0
2011-03-01 00:00:00-05:00,45.22366367820022,45.2956971387099,44.31342812748172,44.49678421020508,399300,0.0,0.0,0.0
2011-03-02 00:00:00-05:00,45.282601538788775,45.62311925780389,45.16472905988385,45.47250747680664,461400,0.0,0.0,0.0
2011-03-03 00:00:00-05:00,46.055315812810605,46.14044398578214,45.62311509754435,46.03567123413086,244800,0.0,0.0,0.0
2011-03-04 00:00:00-05:00,45.93089833031784,45.93089833031784,45.36773036707576,45.72134780883789,151300,0.0,0.0,0.0
2011-03-07 00:00:00-05:00,46.081513910912996,46.35654802643676,45.23021212924983,45.36772918701172,316500,0.0,0.0,0.0
2011-03-08 00:00:00-05:00,45.518348775762405,46.042222600176586,45.23676478406125,45.84577178955078,282300,0.0,0.0,0.0
2011-03-09 00:00:00-05:00,46.061872102104914,46.061872102104914,45.603481832265985,45.871971130371094,222300,0.0,0.0,0.0
2011-03-10 00:00:00-05:00,44.73253185638182,44.73253185638182,44.123524833038914,44.31343078613281,191400,0.0,0.0,0.0
2011-03-11 00:00:00-05:00,44.536076931345946,45.53799049110646,44.536076931345946,45.204017639160156,388600,0.0,0.0,0.0
2011-03-14 00:00:00-04:00,44.75216063869962,45.62965662953847,44.555709891671526,45.61001205444336,284500,0.0,0.0,0.0
2011-03-15 00:00:00-04:00,43.08232077925527,43.86813401438012,42.604280980567204,43.638938903808594,357900,0.0,0.0,0.0
2011-03-16 00:00:00-04:00,43.59309847381865,44.038393958295856,42.08040579682157,42.46676254272461,261700,0.0,0.0,0.0
2011-03-17 00:00:00-04:00,42.781090313824485,43.24603037358611,42.62392367688763,42.70905685424805,254500,0.0,0.0,0.0
2011-03-18 00:00:00-04:00,43.324612641935246,43.45557984012971,42.695956101582404,42.84657287597656,327700,0.0,0.0,0.0
2011-03-21 00:00:00-04:00,43.85504371884369,44.06459426910102,43.625848585137106,43.89433288574219,395200,0.0,0.0,0.0
2011-03-22 00:00:00-04:00,44.0580347382512,44.67359153029831,44.0580347382512,44.51642990112305,218700,0.0,0.0,0.0
2011-03-23 00:00:00-04:00,44.712883172696934,45.400473457166264,44.516432374333114,45.19746780395508,257800,0.0,0.0,0.0
2011-03-24 00:00:00-04:00,45.55108922929909,46.061868344329504,45.354638413714454,45.852317810058594,243900,0.0,0.0,0.0
2011-03-25 00:00:00-04:00,45.82612506054412,46.140448341246746,45.55108594483124,45.96364212036133,64000,0.0,0.0,0.0
2011-03-28 00:00:00-04:00,45.71479901645152,45.747543315853605,45.51834820827491,45.5772819519043,112000,0.0,0.0,0.0
2011-03-29 00:00:00-04:00,45.87851178309415,46.52681295731941,45.87851178309415,46.428585052490234,201600,0.0,0.0,0.0
2011-03-30 00:00:00-04:00,46.906619063936176,47.68588743395602,46.906619063936176,47.371559143066406,194000,0.0,0.0,0.0
2011-03-31 00:00:00-04:00,47.3912109331276,47.82995659216098,47.312627607716685,47.7579231262207,242800,0.0,0.0,0.0
2011-04-01 00:00:00-04:00,48.15737334852374,48.740185863531586,47.92817825769115,48.589569091796875,355700,0.0,0.0,0.0
2011-04-04 00:00:00-04:00,48.805670604777156,48.95628738004017,48.52408663056418,48.779476165771484,254000,0.0,0.0,0.0
2011-04-05 00:00:00-04:00,48.54373176432881,49.09380499756345,48.45860358364848,48.87770462036133,350700,0.0,0.0,0.0
2011-04-06 00:00:00-04:00,49.15273025826048,49.62422009223246,49.15273025826048,49.51289749145508,267500,0.0,0.0,0.0
2011-04-07 00:00:00-04:00,49.539092966158265,49.63732084964401,48.92353622598675,49.368831634521484,234800,0.0,0.0,0.0
2011-04-08 00:00:00-04:00,49.532549677419844,49.76174477189782,49.21167654515069,49.51945495605469,266200,0.0,0.0,0.0
2011-04-11 00:00:00-04:00,49.23133021581047,49.30991354674693,48.583033972842394,48.655067443847656,263200,0.0,0.0,0.0
2011-04-12 00:00:00-04:00,48.406224879631395,48.51100265887226,47.672800409263324,47.8692512512207,267900,0.0,0.0,0.0
2011-04-13 00:00:00-04:00,48.05259960992833,48.118088209419405,47.03104140767479,47.371559143066406,310700,0.0,0.0,0.0
2011-04-14 00:00:00-04:00,46.8018440549792,47.24058967250434,46.29760984110115,47.168556213378906,273700,0.0,0.0,0.0
2011-04-15 00:00:00-04:00,46.69053062165207,47.14237104970406,46.258329781860375,47.11617660522461,238600,0.0,0.0,0.0
2011-04-18 00:00:00-04:00,45.83922899768192,45.83922899768192,44.98138216804216,45.75410079956055,436200,0.0,0.0,0.0
2011-04-19 00:00:00-04:00,45.970183955045,46.552996454199125,45.87850592120581,46.53990173339844,310700,0.0,0.0,0.0
2011-04-20 00:00:00-04:00,47.247152067823514,47.85615920451778,47.03105163310754,47.692447662353516,308900,0.0,0.0,0.0
2011-04-21 00:00:00-04:00,48.183566638468264,48.64195680920779,48.104983325165136,48.58302307128906,132600,0.0,0.0,0.0
2011-04-25 00:00:00-04:00,48.63541184339368,48.73363974588463,48.03950456148495,48.262149810791016,231600,0.0,0.0,0.0
2011-04-26 00:00:00-04:00,48.60266884844363,48.936641693115234,48.419312775628875,48.936641693115234,317500,0.0,0.0,0.0
2011-04-27 00:00:00-04:00,49.28370193946916,49.670058607508395,48.4520448806171,49.5783805847168,450500,0.0,0.0,0.0
2011-04-28 00:00:00-04:00,48.93010013836966,49.71591343981484,48.91700041890074,49.68317413330078,325200,0.0,0.0,0.0
2011-04-29 00:00:00-04:00,50.18739211711564,50.54755938021596,49.90580816489485,50.338008880615234,507000,0.0,0.0,0.0
2011-05-02 00:00:00-04:00,50.5148249336445,50.802958800300914,50.01714052653223,50.21359634399414,323600,0.0,0.0,0.0
2011-05-03 00:00:00-04:00,49.3688280767197,49.3688280767197,48.419303595633615,48.805660247802734,336300,0.0,0.0,0.0
2011-05-04 00:00:00-04:00,48.38001999103848,48.393119708655504,47.49597890286927,47.888885498046875,218000,0.0,0.0,0.0
2011-05-05 00:00:00-04:00,46.795292349476725,47.01794257691772,46.107707079611,46.566097259521484,774500,0.0,0.0,0.0
2011-05-06 00:00:00-04:00,47.476328071599006,48.183562847448385,46.82803202510929,47.188194274902344,379800,0.0,0.0,0.0
2011-05-09 00:00:00-04:00,47.0113983396003,47.14891541001672,46.52681366345499,47.00484848022461,306100,0.0,0.0,0.0
2011-05-10 00:00:00-04:00,46.978645971996926,47.53526401746022,46.71670659881479,47.417396545410156,139800,0.0,0.0,0.0
2011-05-11 00:00:00-04:00,47.14236253461075,47.14236253461075,45.629669860728924,46.048770904541016,376500,0.0,0.0,0.0
2011-05-12 00:00:00-04:00,45.56418625939801,46.264871285403714,45.19746909900353,46.048770904541016,254000,0.0,0.0,0.0
2011-05-13 00:00:00-04:00,45.79993480481814,45.79993480481814,44.57537088018804,44.896244049072266,354700,0.0,0.0,0.0
2011-05-16 00:00:00-04:00,45.06649463130281,45.74753496672856,45.00101104052831,45.328433990478516,604000,0.0,0.0,0.0
2011-05-17 00:00:00-04:00,44.948628682545056,45.55108579869096,44.79146704269796,45.47250747680664,317600,0.0,0.0,0.0
2011-05-18 00:00:00-04:00,45.64931341372041,46.30415940444268,45.40047373583417,46.18628692626953,264000,0.0,0.0,0.0
2011-05-19 00:00:00-04:00,46.19283303331704,46.50715628553062,45.98983239142585,46.34999465942383,209300,0.0,0.0,0.0
2011-05-20 00:00:00-04:00,46.29761163667085,46.448228419614104,45.72789879650151,45.9112548828125,197100,0.0,0.0,0.0
2011-05-23 00:00:00-04:00,44.32652558510629,44.686687873210516,44.03839175776028,44.4705924987793,253900,0.0,0.0,0.0
2011-05-24 00:00:00-04:00,45.0141127619298,45.44631352120764,45.0141127619298,45.23676300048828,103500,0.0,0.0,0.0
2011-05-25 00:00:00-04:00,44.66704625258935,45.49870349258941,44.60156265005736,45.26295852661133,101500,0.0,0.0,0.0
2011-05-26 00:00:00-04:00,45.616570235369764,46.09460497017008,45.40046987773664,46.03567123413086,270800,0.0,0.0,0.0
2011-05-27 00:00:00-04:00,46.376191296779204,46.762553016216984,46.20592994603994,46.395835876464844,206700,0.0,0.0,0.0
2011-05-31 00:00:00-04:00,47.73171236333454,47.80374580464415,47.279867139861,47.725162506103516,424800,0.0,0.0,0.0
2011-06-01 00:00:00-04:00,47.52216744505373,47.75136251412691,46.72980449421342,46.7952880859375,370800,0.0,0.0,0.0
2011-06-02 00:00:00-04:00,47.292978121249185,47.633495837228025,46.76909933165884,47.56801223754883,193300,0.0,0.0,0.0
2011-06-03 00:00:00-04:00,46.82802759909423,47.4894183028862,46.82802759909423,47.10961151123047,201300,0.0,0.0,0.0
2011-06-06 00:00:00-04:00,46.71671934670801,47.04414240351223,45.98329489695735,46.055328369140625,263100,0.0,0.0,0.0
2011-06-07 00:00:00-04:00,47.22749261064949,47.312620787180144,46.78219715633879,46.801841735839844,354200,0.0,0.0,0.0
2011-06-08 00:00:00-04:00,46.8214819285937,46.93280453272191,46.53989799127793,46.703609466552734,285400,0.0,0.0,0.0
2011-06-09 00:00:00-04:00,46.62503052817392,47.11616500001316,46.5464522101697,46.801841735839844,324600,0.0,0.0,0.0
2011-06-10 00:00:00-04:00,46.238679574042386,46.33690747987412,45.557639088642226,45.852317810058594,161500,0.0,0.0,0.0
2011-06-13 00:00:00-04:00,46.133900627195935,46.133900627195935,45.43321557779251,45.67551040649414,263700,0.0,0.0,0.0
2011-06-14 00:00:00-04:00,45.85231076025832,46.349995076162244,45.83921603966419,46.127349853515625,186200,0.0,0.0,0.0
2011-06-15 00:00:00-04:00,45.675511884825916,45.885062420511716,44.75217655828362,44.97482681274414,167600,0.0,0.0,0.0
2011-06-16 00:00:00-04:00,44.64084511683944,45.05994610547908,44.15626053548945,44.627750396728516,391800,0.0,0.0,0.0
2011-06-17 00:00:00-04:00,45.1909288683563,45.407024275291015,44.856955972433134,45.09270095825195,291700,0.0,0.0,0.0
2011-06-20 00:00:00-04:00,45.17782486299337,45.55108688911457,45.125440979175984,45.32189178466797,101000,0.0,0.0,0.0
2011-06-21 00:00:00-04:00,45.74098558850727,46.55954297196688,45.727890868646135,46.48096466064453,265200,0.0,0.0,0.0
2011-06-22 00:00:00-04:00,45.43831120764262,45.88241892396324,45.100256725499044,45.13339614868164,171000,0.857,0.0,0.0
2011-06-23 00:00:00-04:00,44.32472419868324,45.159910481223264,44.06621343640119,45.0737419128418,222200,0.0,0.0,0.0
2011-06-24 00:00:00-04:00,44.70917121600464,44.7489456021425,44.27832333280047,44.39100646972656,172500,0.0,0.0,0.0
2011-06-27 00:00:00-04:00,44.410895380208686,45.08699932354281,44.32472680675705,44.79534912109375,377500,0.0,0.0,0.0
2011-06-28 00:00:00-04:00,45.11350052009987,45.83600854697271,45.07373119909022,45.80286407470703,192800,0.0,0.0,0.0
2011-06-29 00:00:00-04:00,45.776363338322845,46.49224167559715,45.531112375152595,46.372928619384766,222300,0.0,0.0,0.0
2011-06-30 00:00:00-04:00,46.73086076145587,47.115314446681495,46.50549449868465,47.10868453979492,272900,0.0,0.0,0.0
2011-07-01 00:00:00-04:00,46.61155058185737,47.53291046724596,46.45909305693937,47.48651123046875,154400,0.0,0.0,0.0
2011-07-05 00:00:00-04:00,47.40696651646686,47.82456469580903,47.28765347338872,47.54616928100586,174000,0.0,0.0,0.0
2011-07-06 00:00:00-04:00,47.34067956390311,47.725133239825716,47.062284167050365,47.42685317993164,218600,0.0,0.0,0.0
2011-07-07 00:00:00-04:00,47.91072704723987,48.30843545354673,47.890842385495034,48.16261291503906,117200,0.0,0.0,0.0
2011-07-08 00:00:00-04:00,47.10205551260828,47.41359539931174,46.817030196809085,47.31416702270508,268300,0.0,0.0,0.0
2011-07-11 00:00:00-04:00,46.47897711200069,46.55851576127123,45.73658435694191,45.88241195678711,225700,0.0,0.0,0.0
2011-07-12 00:00:00-04:00,45.76309789869671,46.58502928457966,45.61064039578822,45.93544006347656,235400,0.0,0.0,0.0
2011-07-13 00:00:00-04:00,46.160808459382366,47.035769022467626,46.00172609985878,46.42594909667969,207000,0.0,0.0,0.0
2011-07-14 00:00:00-04:00,46.94297300982039,47.08217071381597,46.25360933969662,46.399436950683594,357300,0.0,0.0,0.0
2011-07-15 00:00:00-04:00,46.638067549720525,47.04240594403773,46.46572535120718,46.863433837890625,182500,0.0,0.0,0.0
2011-07-18 00:00:00-04:00,45.85590112687554,45.92881493274321,45.45156276965928,45.86915588378906,121900,0.0,0.0,0.0
2011-07-19 00:00:00-04:00,46.33978673269607,46.45246987503932,45.882419198654084,46.3928108215332,253300,0.0,0.0,0.0
2011-07-20 00:00:00-04:00,46.3729227339434,46.58503424505207,46.21384036489623,46.478981018066406,135000,0.0,0.0,0.0
2011-07-21 00:00:00-04:00,46.671217600736654,47.38046608806115,46.56515929449004,47.29429244995117,183600,0.0,0.0,0.0
2011-07-22 00:00:00-04:00,46.94298117937224,47.22137663581294,46.49224351112333,47.1219482421875,140000,0.0,0.0,0.0
2011-07-25 00:00:00-04:00,46.764001203377376,47.380451005065915,46.764001203377376,47.04902648925781,193800,0.0,0.0,0.0
2011-07-26 00:00:00-04:00,47.559423647713764,47.824564303170305,47.3075428064556,47.45999526977539,123900,0.0,0.0,0.0
2011-07-27 00:00:00-04:00,47.645584949601925,47.65221485569062,46.545258224297875,46.69108581542969,168500,0.0,0.0,0.0
2011-07-28 00:00:00-04:00,46.53863946734987,46.797150238237336,45.948704112541265,46.02824783325195,317100,0.0,0.0,0.0
2011-07-29 00:00:00-04:00,46.154181678451764,46.52538061866166,45.94207016567641,46.273494720458984,483900,0.0,0.0,0.0
2011-08-01 00:00:00-04:00,47.04903585167149,47.18823356915381,46.220474397273584,46.863433837890625,191200,0.0,0.0,0.0
2011-08-02 00:00:00-04:00,46.392808736296985,46.64469463978699,45.24608258467529,45.3123664855957,267800,0.0,0.0,0.0
2011-08-03 00:00:00-04:00,46.16080899114687,46.406064968471185,45.20630470873558,45.96858215332031,419300,0.0,0.0,0.0
2011-08-04 00:00:00-04:00,44.463917001418025,44.47717175772902,41.89868927001953,41.89868927001953,489600,0.0,0.0,0.0
2011-08-05 00:00:00-04:00,43.43650114455954,43.89386864637858,41.58715405893422,42.98576354980469,671400,0.0,0.0,0.0
2011-08-08 00:00:00-04:00,42.10417386220176,42.33617002875876,39.167752235713394,39.37986373901367,392500,0.0,0.0,0.0
2011-08-09 00:00:00-04:00,39.62511569228846,41.55400634088079,38.07404880269896,41.35515213012695,1002600,0.0,0.0,0.0
2011-08-10 00:00:00-04:00,40.80499497345585,41.81252599449328,39.85049057006836,39.85049057006836,587500,0.0,0.0,0.0
2011-08-11 00:00:00-04:00,40.93092765168216,43.211129935905795,40.82487190789746,42.4488525390625,589900,0.0,0.0,0.0
2011-08-12 00:00:00-04:00,42.83993477518637,42.99902219758744,42.00474603612957,42.71399688720703,197600,0.0,0.0,0.0
2011-08-15 00:00:00-04:00,42.8532003824356,43.79444500177481,42.63445893991458,43.78781509399414,272700,0.0,0.0,0.0
2011-08-16 00:00:00-04:00,43.03215802675746,43.28404389597101,42.32953966976553,42.77364730834961,161600,0.0,0.0,0.0
2011-08-17 00:00:00-04:00,43.22438594845423,43.80769129194986,42.979129979357644,43.31055450439453,176400,0.0,0.0,0.0
2011-08-18 00:00:00-04:00,42.24336953487804,42.24336953487804,41.09001360710338,41.54737854003906,336600,0.0,0.0,0.0
2011-08-19 00:00:00-04:00,41.66006642627224,42.667599926611366,41.401555672518604,41.46784210205078,194200,0.0,0.0,0.0
2011-08-22 00:00:00-04:00,42.64770661183414,42.70073575099218,41.951718124648814,42.12405776977539,228500,0.0,0.0,0.0
2011-08-23 00:00:00-04:00,41.7396024329316,42.694106613360084,41.368406081812935,42.60130310058594,630500,0.0,0.0,0.0
2011-08-24 00:00:00-04:00,42.336170515863365,42.62119835437772,41.69320862033547,42.40908432006836,157600,0.0,0.0,0.0
2011-08-25 00:00:00-04:00,42.38919652324491,42.56816606709116,41.28886722033602,41.699832916259766,316200,0.0,0.0,0.0
2011-08-26 00:00:00-04:00,41.69320888701581,42.912848788541964,41.28224062951691,42.76702117919922,203000,0.0,0.0,0.0
2011-08-29 00:00:00-04:00,44.1258734288402,44.490442531417926,43.966791028232805,44.39764404296875,159200,0.0,0.0,0.0
2011-08-30 00:00:00-04:00,44.17226354595727,44.947795777954376,43.92038270894565,44.62963104248047,314800,0.0,0.0,0.0
2011-08-31 00:00:00-04:00,45.31237042289,45.756478160497466,45.13339831200239,45.643795013427734,276200,0.0,0.0,0.0
2011-09-01 00:00:00-04:00,46.08126622185142,46.55851837279191,45.53773017375525,45.597389221191406,490600,0.0,0.0,0.0
2011-09-02 00:00:00-04:00,44.65614457897168,45.19968062519279,44.42414335402131,44.68265914916992,565500,0.0,0.0,0.0
2011-09-06 00:00:00-04:00,43.482908902247125,43.84747800517138,43.111714948097585,43.79444885253906,270600,0.0,0.0,0.0
2011-09-07 00:00:00-04:00,44.31808694478802,45.44492828296185,44.105975455585764,45.398529052734375,146900,0.0,0.0,0.0
2011-09-08 00:00:00-04:00,44.8152290584026,45.37201988743602,44.37774621518713,44.58323287963867,220100,0.0,0.0,0.0
2011-09-09 00:00:00-04:00,43.94690279775726,44.16563918443376,43.11834132010073,43.542564392089844,251100,0.0,0.0,0.0
2011-09-12 00:00:00-04:00,42.66096409591476,43.250899329710755,42.02462963217313,43.038787841796875,333900,0.0,0.0,0.0
2011-09-13 00:00:00-04:00,42.91284630742388,43.80106666882161,42.63445091866783,43.64860916137695,164300,0.0,0.0,0.0
2011-09-14 00:00:00-04:00,43.51604461669922,44.03969601484533,42.50188629840683,43.51604461669922,317800,0.0,0.0,0.0
2011-09-15 00:00:00-04:00,43.96677325668005,44.34459696611616,43.482891284949304,44.08608627319336,299700,0.0,0.0,0.0
2011-09-16 00:00:00-04:00,43.81432406267212,44.105979282054435,43.52267390042706,43.96015167236328,113800,0.0,0.0,0.0
2011-09-19 00:00:00-04:00,42.56154254745494,42.82005330672417,41.99812179153836,42.568172454833984,175500,0.0,0.0,0.0
2011-09-20 00:00:00-04:00,42.356061377389686,42.892967566561495,41.931835800587244,42.07766342163086,202300,0.0,0.0,0.0
2011-09-21 00:00:00-04:00,41.7926370623186,41.80589434832196,40.02283110225449,40.055973052978516,279900,0.0,0.0,0.0
2011-09-22 00:00:00-04:00,38.70375309635602,39.068319544324666,37.4509688782732,37.83542251586914,385800,0.0,0.0,0.0
2011-09-23 00:00:00-04:00,37.84205112188938,38.378959745027466,37.311772405031725,38.11381912231445,402000,0.0,0.0,0.0
2011-09-26 00:00:00-04:00,38.96890493803472,39.55884031939238,38.10057157879863,39.532325744628906,368400,0.0,0.0,0.0
2011-09-27 00:00:00-04:00,40.69893232359981,41.401550692138535,40.30122137995544,40.62601852416992,333900,0.0,0.0,0.0
2011-09-28 00:00:00-04:00,40.89779127179959,41.24247311815109,39.53895107945052,39.651634216308594,283600,0.0,0.0,0.0
2011-09-29 00:00:00-04:00,39.80409187169289,40.022833309961236,38.31268124972511,39.07495880126953,360600,0.0,0.0,0.0
2011-09-30 00:00:00-04:00,37.7094894879657,38.90261750759144,37.225609889450716,37.47749328613281,382200,0.0,0.0,0.0
2011-10-03 00:00:00-04:00,37.835423799651394,38.63084061181993,37.205716716210986,37.26537322998047,401000,0.0,0.0,0.0
2011-10-04 00:00:00-04:00,36.80138364344591,38.20662307739258,36.218075706714394,38.20662307739258,941000,0.0,0.0,0.0
2011-10-05 00:00:00-04:00,37.8486860310407,38.8031904398879,37.490749406291876,38.70376205444336,532700,0.0,0.0,0.0
2011-10-06 00:00:00-04:00,38.657361852585204,39.76432123725639,37.98125542268287,39.6715202331543,528600,0.0,0.0,0.0
2011-10-07 00:00:00-04:00,39.75105320771635,40.0228211820016,38.862835494199274,39.267173767089844,257700,0.0,0.0,0.0
2011-10-10 00:00:00-04:00,40.52659573208683,41.10327377186141,40.52659573208683,41.043617248535156,263600,0.0,0.0,0.0
2011-10-11 00:00:00-04:00,40.195171361399034,40.63265169174606,39.63175060499881,40.49345397949219,284200,0.0,0.0,0.0
2011-10-12 00:00:00-04:00,41.15629866372358,41.87880424776555,41.15629866372358,41.23583984375,269200,0.0,0.0,0.0
2011-10-13 00:00:00-04:00,40.93756318770667,41.056876239312935,40.12225902077644,40.844764709472656,144100,0.0,0.0,0.0
2011-10-14 00:00:00-04:00,41.063500198931344,41.23583984375,40.63927720069909,41.23583984375,98000,0.0,0.0,0.0
2011-10-17 00:00:00-04:00,40.71219432244534,40.71219432244534,39.79746429931747,39.93003463745117,382900,0.0,0.0,0.0
2011-10-18 00:00:00-04:00,39.78420319439181,41.37503951361038,39.30695103434192,41.103271484375,274300,0.0,0.0,0.0
2011-10-19 00:00:00-04:00,40.65916313200213,40.65916313200213,39.58534831815601,39.77757263183594,219200,0.0,0.0,0.0
2011-10-20 00:00:00-04:00,39.525694750993836,39.67151984172065,38.312679616457736,38.98215866088867,330900,0.0,0.0,0.0
2011-10-21 00:00:00-04:00,39.512429366418935,40.360875278819876,39.50579946040865,40.32110595703125,254800,0.0,0.0,0.0
2011-10-24 00:00:00-04:00,40.57962654476009,41.75949724508227,40.48019815893948,41.7396125793457,223100,0.0,0.0,0.0
2011-10-25 00:00:00-04:00,41.315379995524,41.7329730511387,40.858012560467465,41.010467529296875,889600,0.0,0.0,0.0
2011-10-26 00:00:00-04:00,41.54738433350866,41.898693568871245,40.69230833531076,41.713096618652344,223300,0.0,0.0,0.0
2011-10-27 00:00:00-04:00,43.12495684650208,44.87487790438171,42.95261973755077,44.29157257080078,463700,0.0,0.0,0.0
2011-10-28 00:00:00-04:00,43.46301852362968,44.29820986786756,43.46301852362968,44.23192596435547,322200,0.0,0.0,0.0
2011-10-31 00:00:00-04:00,43.17799137036428,43.27741975001775,41.8854350777128,42.024635314941406,336600,0.0,0.0,0.0
2011-11-01 00:00:00-04:00,40.34099792467726,41.4545846506857,40.00957336404543,40.838134765625,438400,0.0,0.0,0.0
2011-11-02 00:00:00-04:00,41.620294331929166,42.33617002333372,41.36841097357915,42.00474548339844,368700,0.0,0.0,0.0
2011-11-03 00:00:00-04:00,42.91948059601982,43.502786002083496,42.263258853487265,43.204505920410156,143800,0.0,0.0,0.0
2011-11-04 00:00:00-04:00,42.56817356687786,42.614572805468114,41.97823822317132,42.528404235839844,447300,0.0,0.0,0.0
2011-11-07 00:00:00-05:00,42.40908755984813,43.22439169642972,42.27651722649049,43.164737701416016,174300,0.0,0.0,0.0
2011-11-08 00:00:00-05:00,43.2575387857122,43.89387338993327,42.71400266186892,43.78781509399414,227200,0.0,0.0,0.0
2011-11-09 00:00:00-05:00,42.05776701370974,42.05776701370974,40.6790399633283,40.891151428222656,633800,0.0,0.0,0.0
2011-11-10 00:00:00-05:00,41.878809494728635,42.42234559538399,41.421444491563186,41.852294921875,233900,0.0,0.0,0.0
2011-11-11 00:00:00-05:00,42.32954746637434,42.87308357149063,42.263261033696224,42.528404235839844,144300,0.0,0.0,0.0
2011-11-14 00:00:00-05:00,42.289773856448896,42.42234418774937,41.64681192178008,41.82577896118164,120900,0.0,0.0,0.0
2011-11-15 00:00:00-05:00,41.5407500243607,41.93846098370454,41.017101180505875,41.57389450073242,172100,0.0,0.0,0.0
2011-11-16 00:00:00-05:00,41.33527325541475,42.19034926280989,41.09664715767017,41.22258758544922,205000,0.0,0.0,0.0
2011-11-17 00:00:00-05:00,41.14967465929982,41.40155550479546,39.678148801040514,39.94991683959961,365200,0.0,0.0,0.0
2011-11-18 00:00:00-05:00,40.5663642631177,40.579621548165996,39.9764289855957,39.9764289855957,160200,0.0,0.0,0.0
2011-11-21 00:00:00-05:00,39.53231898542105,39.62511745265757,38.49827603213574,38.8562126159668,302800,0.0,0.0,0.0
2011-11-22 00:00:00-05:00,38.66399178747911,39.2075278833333,38.39222121098321,38.783302307128906,217300,0.0,0.0,0.0
2011-11-23 00:00:00-05:00,38.30604896402392,38.30604896402392,37.63656997680664,37.63656997680664,168300,0.0,0.0,0.0
2011-11-25 00:00:00-05:00,38.21988497616391,38.796563075262334,37.789031982421875,37.789031982421875,225200,0.0,0.0,0.0
2011-11-28 00:00:00-05:00,39.82397686934161,40.234942621170745,39.65163467986668,40.055973052978516,344000,0.0,0.0,0.0
2011-11-29 00:00:00-05:00,39.31357621614031,39.837225019291395,39.12797677144593,39.41963195800781,237600,0.0,0.0,0.0
2011-11-30 00:00:00-05:00,41.30875348109394,42.939361572265625,41.30875348109394,42.939361572265625,427000,0.0,0.0,0.0
2011-12-01 00:00:00-05:00,42.216862209705056,42.68748703635057,41.97823863542695,42.32954788208008,217800,0.0,0.0,0.0
2011-12-02 00:00:00-05:00,42.75377330115971,42.820057209578856,41.620301778636694,41.6733283996582,474300,0.0,0.0,0.0
2011-12-05 00:00:00-05:00,42.760397879392954,43.07856262300334,42.223489185270836,42.53502655029297,366800,0.0,0.0,0.0
2011-12-06 00:00:00-05:00,42.28314739821096,43.02554025822739,41.96498011330483,42.634456634521484,434900,0.0,0.0,0.0
2011-12-07 00:00:00-05:00,42.283141043815455,43.24427013294677,42.084286836704436,42.912845611572266,257400,0.0,0.0,0.0
2011-12-08 00:00:00-05:00,42.24337279513913,42.24337279513913,40.77847689253642,40.8182487487793,265900,0.0,0.0,0.0
2011-12-09 00:00:00-05:00,41.52749383583705,42.58142139389915,41.520863929363955,42.4024543762207,417200,0.0,0.0,0.0
2011-12-12 00:00:00-05:00,41.22921692793237,41.22921692793237,40.2614577924024,40.49345397949219,313700,0.0,0.0,0.0
2011-12-13 00:00:00-05:00,40.62602086324569,41.01710192296683,39.34672193205123,39.41300582885742,252700,0.0,0.0,0.0
2011-12-14 00:00:00-05:00,39.4991906381792,39.744444175836804,38.922512444228296,39.02193832397461,320500,0.0,0.0,0.0
2011-12-15 00:00:00-05:00,39.78420024251674,39.956539882765064,39.03518010880664,39.25392150878906,256800,0.0,0.0,0.0
2011-12-16 00:00:00-05:00,39.625119959475256,40.10237213953402,39.51906420041428,39.72454833984375,383600,0.0,0.0,0.0
2011-12-19 00:00:00-05:00,39.56546002792934,39.60523188236366,38.57118642418799,38.65073013305664,323900,0.0,0.0,0.0
2011-12-20 00:00:00-05:00,39.97816043248011,40.734378135233236,39.97816043248011,40.67361068725586,279400,1.066,0.0,0.0
2011-12-21 00:00:00-05:00,40.288741401310176,40.390021322064094,39.7553412022183,40.35626220703125,205100,0.0,0.0,0.0
2011-12-22 00:00:00-05:00,40.55207132106473,41.24076813033829,40.55207132106473,40.876163482666016,248500,0.0,0.0,0.0
2011-12-23 00:00:00-05:00,41.11923313139932,41.31503704104938,41.03145736632172,41.152992248535156,113800,0.0,0.0,0.0
2011-12-27 00:00:00-05:00,41.193507877313884,41.36905943183914,41.12598963366934,41.34880447387695,78700,0.0,0.0,0.0
2011-12-28 00:00:00-05:00,41.40281539437977,41.47708700211494,40.60608781702089,40.6263427734375,260000,0.0,0.0,0.0
2011-12-29 00:00:00-05:00,40.754628334132924,41.146238727641226,40.55207105641101,41.0382080078125,199800,0.0,0.0,0.0
2011-12-30 00:00:00-05:00,41.382563459470376,41.652639008815385,41.17325278381189,41.2340202331543,241300,0.0,0.0,0.0
2012-01-03 00:00:00-05:00,42.37508937816025,42.7329432323955,42.21304458530192,42.33457946777344,577100,0.0,0.0,0.0
2012-01-04 00:00:00-05:00,41.84169591032032,42.21305141096064,41.510850326617074,41.89570999145508,212000,0.0,0.0,0.0
2012-01-05 00:00:00-05:00,41.23401492902362,41.55135629873014,40.94368188347416,41.38930892944336,267400,0.0,0.0,0.0
2012-01-06 00:00:00-05:00,41.67964595244321,41.85519750056124,41.3623045524531,41.37580871582031,192600,0.0,0.0,0.0
2012-01-09 00:00:00-05:00,41.7606697265352,41.909212952790284,41.470336643758024,41.625633239746094,408900,0.0,0.0,0.0
2012-01-10 00:00:00-05:00,42.43586297391074,42.46287130185601,42.02399756319686,42.0982666015625,225600,0.0,0.0,0.0
2012-01-11 00:00:00-05:00,41.794425715422705,42.08475875854492,41.55810674450747,42.08475875854492,281100,0.0,0.0,0.0
2012-01-12 00:00:00-05:00,42.40210652781575,42.712694591820004,42.14553254745498,42.60466384887695,108000,0.0,0.0,0.0
2012-01-13 00:00:00-05:00,41.706647319800624,41.84168635528372,41.13948543129592,41.699893951416016,286900,0.0,0.0,0.0
2012-01-17 00:00:00-05:00,42.63842010498047,43.0300305322798,42.47637272342698,42.63842010498047,283200,0.0,0.0,0.0
2012-01-18 00:00:00-05:00,42.95576210179999,44.04957363734744,42.854484734533266,44.009063720703125,417200,0.0,0.0,0.0
2012-01-19 00:00:00-05:00,43.92127965456217,44.19135256714343,43.7119664506079,44.08332443237305,376300,0.0,0.0,0.0
2012-01-20 00:00:00-05:00,43.77274159497104,44.204864487347706,43.543173410783375,44.076576232910156,263100,0.0,0.0,0.0
2012-01-23 00:00:00-05:00,43.96854998343246,44.326401286193594,43.786245071750585,44.14409637451172,160400,0.0,0.0,0.0
2012-01-24 00:00:00-05:00,43.39462937691939,43.93478555779232,43.19882546579129,43.901023864746094,134700,0.0,0.0,0.0
2012-01-25 00:00:00-05:00,43.26635665176166,44.65049882629363,42.80047196281958,44.50870895385742,179300,0.0,0.0,0.0
2012-01-26 00:00:00-05:00,44.900312970166325,44.974584576657975,44.42768015732068,44.643741607666016,244200,0.0,0.0,0.0
2012-01-27 00:00:00-05:00,44.657238078761644,45.41345564399508,44.64373649336048,45.18388748168945,243800,0.0,0.0,0.0
2012-01-30 00:00:00-05:00,43.96854728362138,44.481689989391036,43.820004076205024,44.29263687133789,217000,0.0,0.0,0.0
2012-01-31 00:00:00-05:00,44.77202335037634,45.00834490091672,44.5154519956862,44.92056655883789,344600,0.0,0.0,0.0
2012-02-01 00:00:00-05:00,45.59576145298677,46.63555881195389,45.59576145298677,46.39924240112305,550000,0.0,0.0,0.0
2012-02-02 00:00:00-05:00,46.270953319969905,47.00691601641271,46.22369003864321,46.48701477050781,331000,0.0,0.0,0.0
2012-02-03 00:00:00-05:00,46.831372043818526,47.42553984095959,46.43975899166748,47.4052848815918,163500,0.0,0.0,0.0
2012-02-06 00:00:00-05:00,46.264196176801306,46.655809133739965,46.10890475852932,46.615299224853516,275900,0.0,0.0,0.0
2012-02-07 00:00:00-05:00,46.52752794183048,46.824609204668846,46.12240823114989,46.68281936645508,239300,0.0,0.0,0.0
2012-02-08 00:00:00-05:00,46.52077537722675,46.905634987977926,46.27095223816289,46.466758728027344,270200,0.0,0.0,0.0
2012-02-09 00:00:00-05:00,46.64230781457761,46.71657941550138,46.33846804225924,46.58829116821289,117300,0.0,0.0,0.0
2012-02-10 00:00:00-05:00,45.35269546410797,45.507992062099454,45.048860789256935,45.48098373413086,339400,0.0,0.0,0.0
2012-02-13 00:00:00-05:00,45.906350006781786,46.16292652837001,45.75105857127346,46.08190155029297,312800,0.0,0.0,0.0
2012-02-14 00:00:00-05:00,45.71729114097875,45.744299463616414,45.24465837309671,45.622764587402344,175600,0.0,0.0,0.0
2012-02-15 00:00:00-05:00,45.76455438652021,45.85233272286039,45.231151605239916,45.359439849853516,230100,0.0,0.0,0.0
2012-02-16 00:00:00-05:00,44.657243487321026,45.53499603271484,44.326400516160554,45.534996032714844,152200,0.0,0.0,0.0
2012-02-17 00:00:00-05:00,45.54849598081064,45.64977590952892,45.258162932517514,45.440467834472656,154600,0.0,0.0,0.0
2012-02-21 00:00:00-05:00,45.81182782868404,46.00088097765769,45.4067132021245,45.50123977661133,177000,0.0,0.0,0.0
2012-02-22 00:00:00-05:00,45.48773354889673,45.53499683132,45.109622138199136,45.32568359375,267300,0.0,0.0,0.0
2012-02-23 00:00:00-05:00,45.811826137296414,46.324974059359285,45.6700362808011,46.196685791015625,114100,0.0,0.0,0.0
2012-02-24 00:00:00-05:00,46.480259262774666,46.91238729527922,46.47351104526086,46.83811569213867,104800,0.0,0.0,0.0
2012-02-27 00:00:00-05:00,45.99413613600636,47.047435272659705,45.9536210644573,46.7098388671875,154100,0.0,0.0,0.0
2012-02-28 00:00:00-05:00,47.01367931766171,47.72938728762996,46.97992276377612,47.668617248535156,199800,0.0,0.0,0.0
2012-02-29 00:00:00-05:00,48.18851437916735,48.303295924542105,46.95291025760376,47.067691802978516,511500,0.0,0.0,0.0
2012-03-01 00:00:00-05:00,47.53356445373578,48.24926702731736,47.53356445373578,48.17499542236328,420200,0.0,0.0,0.0
2012-03-02 00:00:00-05:00,47.57408060828591,47.877920436965454,47.35126576418329,47.526817321777344,307800,0.0,0.0,0.0
2012-03-05 00:00:00-05:00,47.182464335008966,47.195971073833135,46.750341416242854,46.94614791870117,885400,0.0,0.0,0.0
2012-03-06 00:00:00-05:00,45.71729025297321,45.757800160487434,44.99483437820877,45.18388748168945,838000,0.0,0.0,0.0
2012-03-07 00:00:00-05:00,45.622769511780476,46.2506989147781,45.48773303532757,46.162925720214844,326800,0.0,0.0,0.0
2012-03-08 00:00:00-05:00,46.64905931550272,47.19596888364822,46.574792860662285,47.040672302246094,202800,0.0,0.0,0.0
2012-03-09 00:00:00-05:00,47.081181367515946,47.432279246249585,46.90562985249381,47.00015640258789,166100,0.0,0.0,0.0
2012-03-12 00:00:00-04:00,46.696327740770485,47.00016238311849,46.43975122817225,46.777347564697266,137800,0.0,0.0,0.0
2012-03-13 00:00:00-04:00,46.91239759280089,47.432293777593586,46.858380932966995,47.344520568847656,426000,0.0,0.0,0.0
2012-03-14 00:00:00-04:00,46.81111529932815,47.05418510509653,46.1021608406184,46.29121398925781,348700,0.0,0.0,0.0
2012-03-15 00:00:00-04:00,46.628810582502375,47.08119364888548,46.39249414562282,46.91914367675781,143800,0.0,0.0,0.0
2012-03-16 00:00:00-04:00,46.79085378064299,47.114943375355416,46.79085378064299,46.959651947021484,166700,0.0,0.0,0.0
2012-03-19 00:00:00-04:00,46.65581215675346,47.1216967443777,46.65581215675346,46.959651947021484,166800,0.0,0.0,0.0
2012-03-20 00:00:00-04:00,46.12241500841489,47.31750905817072,45.81182696221652,46.23720169067383,352700,0.0,0.0,0.0
2012-03-21 00:00:00-04:00,46.25744707943655,46.25744707943655,45.87258749840491,46.041385650634766,129100,0.0,0.0,0.0
2012-03-22 00:00:00-04:00,45.271673465767925,45.40670994783909,44.994841980816965,45.31218338012695,213400,0.0,0.0,0.0
2012-03-23 00:00:00-04:00,45.359446924524974,45.57550838786684,44.954332324672926,45.548500061035156,165400,0.0,0.0,0.0
2012-03-26 00:00:00-04:00,46.43300593620075,47.04743384818683,46.37224105768548,46.986663818359375,260300,0.0,0.0,0.0
2012-03-27 00:00:00-04:00,47.02041681428835,47.21622330544476,46.959651947021484,46.959651947021484,154200,0.0,0.0,0.0
2012-03-28 00:00:00-04:00,46.50727524151617,46.568045268320304,45.616021008446914,45.91986083984375,240700,0.0,0.0,0.0
2012-03-29 00:00:00-04:00,45.41345951912764,46.12916208660706,45.224406399515054,45.9738655090332,223900,0.0,0.0,0.0
2012-03-30 00:00:00-04:00,46.23720139874608,46.541036073172805,45.757810017112696,46.52753448486328,341300,0.0,0.0,0.0
2012-04-02 00:00:00-04:00,46.27095306695672,47.29724881488341,46.16967313572153,47.040672302246094,423300,0.0,0.0,0.0
2012-04-03 00:00:00-04:00,46.72332482822747,46.973147939185395,45.838824190169056,46.2169303894043,649000,0.0,0.0,0.0
2012-04-04 00:00:00-04:00,45.29193285679559,45.29193285679559,44.42093355362889,44.603233337402344,485400,0.0,0.0,0.0
2012-04-05 00:00:00-04:00,44.8665529124955,45.34594426326955,44.778779715854135,45.00159454345703,573900,0.0,0.0,0.0
2012-04-09 00:00:00-04:00,44.400671807831884,44.63698821412547,44.27913692012214,44.38716506958008,150100,0.0,0.0,0.0
2012-04-10 00:00:00-04:00,44.37366624657692,44.44793785765416,43.46890532586852,43.70522689819336,355700,0.0,0.0,0.0
2012-04-11 00:00:00-04:00,44.258885801164276,44.346659002165474,43.84701782106864,43.86051940917969,124900,0.0,0.0,0.0
2012-04-12 00:00:00-04:00,44.11034250951769,45.0286050390504,44.06982744262154,44.913818359375,301100,0.0,0.0,0.0
2012-04-13 00:00:00-04:00,44.691004043865306,44.691004043865306,44.19811113295123,44.204864501953125,284900,0.0,0.0,0.0
2012-04-16 00:00:00-04:00,44.27913718818334,44.54246192126338,43.89427756665779,44.36015701293945,464000,0.0,0.0,0.0
2012-04-17 00:00:00-04:00,45.055617436407346,45.44722534215788,44.900320827119636,45.27167892456055,252000,0.0,0.0,0.0
2012-04-18 00:00:00-04:00,45.03535514592011,45.53500149853442,45.03535514592011,45.36620330810547,125700,0.0,0.0,0.0
2012-04-19 00:00:00-04:00,45.18390034025449,45.31894198925032,44.64374919820774,44.907073974609375,177900,0.0,0.0,0.0
2012-04-20 00:00:00-04:00,45.43371610035227,45.87259237304917,45.38645281875792,45.534996032714844,307500,0.0,0.0,0.0
2012-04-23 00:00:00-04:00,45.08260835076843,45.08260835076843,44.58296726120742,44.96782684326172,308500,0.0,0.0,0.0
2012-04-24 00:00:00-04:00,45.21766064411016,45.460730453485006,45.082618999284115,45.17715072631836,258500,0.0,0.0,0.0
2012-04-25 00:00:00-04:00,45.60252238523087,45.946872156014166,45.494489064470514,45.87934875488281,343400,0.0,0.0,0.0
2012-04-26 00:00:00-04:00,45.832076770744884,46.054891589061974,45.58225877867235,45.98737335205078,267300,0.0,0.0,0.0
2012-04-27 00:00:00-04:00,46.17642866298613,46.216938576849024,45.90635055083998,46.15617370605469,182400,0.0,0.0,0.0
2012-04-30 00:00:00-04:00,46.18993892511021,46.358737114163276,46.081905611486526,46.31822204589844,300200,0.0,0.0,0.0
2012-05-01 00:00:00-04:00,46.176430265726175,47.18246598829483,46.176430265726175,46.9056396484375,546500,0.0,0.0,0.0
2012-05-02 00:00:00-04:00,46.439748211188224,46.52752654982138,46.081896941929514,46.4329948425293,248000,0.0,0.0,0.0
2012-05-03 00:00:00-04:00,46.52076819693116,46.6423030632158,45.892838913012234,46.014373779296875,242900,0.0,0.0,0.0
2012-05-04 00:00:00-04:00,46.156169587434164,46.223687821618014,45.56200191478079,45.65652847290039,393400,0.0,0.0,0.0
2012-05-07 00:00:00-04:00,45.30542486539729,45.838827666230785,45.30542486539729,45.71729278564453,143000,0.0,0.0,0.0
2012-05-08 00:00:00-04:00,45.06236023877261,45.0893685654593,44.13059614898388,44.7855339050293,326000,0.0,0.0,0.0
2012-05-09 00:00:00-04:00,43.597187622794465,44.3263968946543,43.198823870720396,43.934783935546875,441700,0.0,0.0,0.0
2012-05-10 00:00:00-04:00,44.39392062855356,44.53571047932387,44.150850841144006,44.420928955078125,246700,0.0,0.0,0.0
2012-05-11 00:00:00-04:00,43.752482793059414,44.43442361405179,43.644449503806705,43.684959411621094,229000,0.0,0.0,0.0
2012-05-14 00:00:00-04:00,42.874732934806985,42.94225116900904,42.44936084749858,42.48311996459961,295900,0.0,0.0,0.0
2012-05-15 00:00:00-04:00,42.42235753840281,42.51013073278112,41.65263571570225,41.834938049316406,848200,0.0,0.0,0.0
2012-05-16 00:00:00-04:00,42.24005493831169,42.949006736345986,42.050999236688384,42.12527084350586,488500,0.0,0.0,0.0
2012-05-17 00:00:00-04:00,42.246810807835764,42.43586395651843,41.86870193481445,41.86870193481445,386700,0.0,0.0,0.0
2012-05-18 00:00:00-04:00,41.98348941517574,42.132032658588145,41.2475291442829,41.39607238769531,388100,0.0,0.0,0.0
2012-05-21 00:00:00-04:00,41.65939204361469,42.50338295788704,41.510848818492875,42.4426155090332,295100,0.0,0.0,0.0
2012-05-22 00:00:00-04:00,42.55738948919589,42.928747486137375,41.85519113055975,42.16577911376953,245300,0.0,0.0,0.0
2012-05-23 00:00:00-04:00,41.55810753787215,42.02399211978599,40.76813336521828,42.00373458862305,423000,0.0,0.0,0.0
2012-05-24 00:00:00-04:00,42.01724664729939,42.2670672562436,41.564868718247546,42.10502243041992,257400,0.0,0.0,0.0
2012-05-25 00:00:00-04:00,41.62562848456202,42.098261285643545,41.60537095333311,41.855194091796875,144300,0.0,0.0,0.0
2012-05-29 00:00:00-04:00,42.34809150255992,42.90850016422373,42.13878081591226,42.57090377807617,198700,0.0,0.0,0.0
2012-05-30 00:00:00-04:00,41.47708387277462,41.61212291522697,41.08547090722835,41.342044830322266,298000,0.0,0.0,0.0
2012-05-31 00:00:00-04:00,41.726912875313744,42.260315784384645,41.186759171798414,42.044254302978516,350300,0.0,0.0,0.0
2012-06-01 00:00:00-04:00,41.65264380275433,41.84169954227635,41.2475291442829,41.39607238769531,240400,0.0,0.0,0.0
2012-06-04 00:00:00-04:00,41.895705095982336,42.29406887846959,41.72015613323715,42.13877487182617,412300,0.0,0.0,0.0
2012-06-05 00:00:00-04:00,42.40210804713804,42.53714712456949,41.94973009974726,42.449371337890625,540100,0.0,0.0,0.0
2012-06-06 00:00:00-04:00,42.76671033508828,43.63770705456097,42.5641530183657,43.47566223144531,301100,0.0,0.0,0.0
2012-06-07 00:00:00-04:00,44.21836936630821,44.3196493035991,43.26635031892164,43.34737014770508,246600,0.0,0.0,0.0
2012-06-08 00:00:00-04:00,42.51688642201642,43.13131169447064,42.33458407845451,43.03678512573242,184100,0.0,0.0,0.0
2012-06-11 00:00:00-04:00,43.1920678422953,43.27984101849971,41.983472570982315,42.077999114990234,232100,0.0,0.0,0.0
2012-06-12 00:00:00-04:00,42.766707141705304,43.13806262391031,42.4628699014809,43.02328109741211,272700,0.0,0.0,0.0
2012-06-13 00:00:00-04:00,43.01652554746381,43.61069325861322,42.90849482037704,43.11780548095703,229600,0.0,0.0,0.0
2012-06-14 00:00:00-04:00,43.00977205120393,43.41488918406419,42.79371061060734,43.2663459777832,195100,0.0,0.0,0.0
2012-06-15 00:00:00-04:00,43.07729326954424,43.86051668987575,43.05028494368488,43.74573516845703,221900,0.0,0.0,0.0
2012-06-18 00:00:00-04:00,43.759242650309794,44.66400365888406,43.576942865341735,44.56947708129883,186800,0.0,0.0,0.0
2012-06-19 00:00:00-04:00,44.88005558156901,45.44721492624348,44.79903061033936,45.16363525390625,399300,0.0,0.0,0.0
2012-06-20 00:00:00-04:00,45.13663399264626,45.85909002405844,44.85305427593759,45.35269546508789,220700,0.0,0.0,0.0
2012-06-21 00:00:00-04:00,44.71498741525636,44.893272837932486,43.31614342590509,43.37785720825195,307700,1.03,0.0,0.0
2012-06-22 00:00:00-04:00,43.78243261443199,43.83729048226111,43.035011167746404,43.247581481933594,75500,0.0,0.0,0.0
2012-06-25 00:00:00-04:00,42.76757976918929,42.90472180429263,42.38358520982004,42.80186462402344,286200,0.0,0.0,0.0
2012-06-26 00:00:00-04:00,42.96642702300065,43.18585318911187,42.41786160772259,43.10356903076172,243500,0.0,0.0,0.0
2012-06-27 00:00:00-04:00,42.90471632790116,43.117286585967044,42.6441467560408,42.767574310302734,123800,0.0,0.0,0.0
2012-06-28 00:00:00-04:00,42.17100604970907,42.369861827971256,41.7390096455658,42.29443359375,202900,0.0,0.0,0.0
2012-06-29 00:00:00-04:00,43.19272144969923,43.85785602103016,43.19272144969923,43.816715240478516,284600,0.0,0.0,0.0
2012-07-02 00:00:00-04:00,43.727565304283694,43.94698886779175,43.32299779579023,43.878421783447266,225600,0.0,0.0,0.0
2012-07-03 00:00:00-04:00,44.36527216279496,44.74241337195333,44.12527558948187,44.680702209472656,159400,0.0,0.0,0.0
2012-07-05 00:00:00-04:00,44.44070113502858,45.01669815197968,44.21442163734749,44.72184371948242,241500,0.0,0.0,0.0
2012-07-06 00:00:00-04:00,43.946992841696485,44.090996025943404,43.7001403295159,44.015567779541016,73900,0.0,0.0,0.0
2012-07-09 00:00:00-04:00,43.562992665058495,43.837276686350705,43.316137569048756,43.76184844970703,90700,0.0,0.0,0.0
2012-07-10 00:00:00-04:00,44.41326953274791,44.57098454918094,43.268139339129114,43.412139892578125,897000,0.0,0.0,0.0
2012-07-11 00:00:00-04:00,43.44642599656502,43.631567328545245,43.110428183171344,43.38471221923828,89500,0.0,0.0,0.0
2012-07-12 00:00:00-04:00,42.58929670632004,42.89100708917518,42.20529953342253,42.609867095947266,116200,0.0,0.0,0.0
2012-07-13 00:00:00-04:00,42.79500073381744,43.377851004810736,42.79500073381744,43.302425384521484,175500,0.0,0.0,0.0
2012-07-16 00:00:00-04:00,43.39157044391977,43.78242351579229,43.21328764205916,43.67271041870117,74300,0.0,0.0,0.0
2012-07-17 00:00:00-04:00,43.816706187504764,44.22127106343184,43.28185260893808,44.186988830566406,190500,0.0,0.0,0.0
2012-07-18 00:00:00-04:00,43.74814186887072,44.269278464296015,43.74814186887072,44.22127914428711,207400,0.0,0.0,0.0
2012-07-19 00:00:00-04:00,44.07728348797153,44.372137963875026,43.85100134121239,44.32413864135742,303200,0.0,0.0,0.0
2012-07-20 00:00:00-04:00,43.70700097342176,43.768714758379126,43.494430688398225,43.63157272338867,197900,0.0,0.0,0.0
2012-07-23 00:00:00-04:00,42.239575744946826,42.50700383421299,41.84872272740594,42.29443359375,201000,0.0,0.0,0.0
2012-07-24 00:00:00-04:00,42.43844198877478,42.500155776014225,41.86244751312892,42.24644470214844,206800,0.0,0.0,0.0
2012-07-25 00:00:00-04:00,43.041865429717504,43.405289612767504,42.74701095886933,43.13100814819336,177800,0.0,0.0,0.0
2012-07-26 00:00:00-04:00,43.59728750055961,44.28299505395677,43.50128624583995,44.10470962524414,228100,0.0,0.0,0.0
2012-07-27 00:00:00-04:00,44.78355670058674,45.66812003397989,44.66698767712096,45.61326217651367,269400,0.0,0.0,0.0
2012-07-30 00:00:00-04:00,45.04413098505326,45.517265640802215,45.04413098505326,45.338985443115234,165700,0.0,0.0,0.0
2012-07-31 00:00:00-04:00,44.93440973809771,44.96183866472197,44.18013256629567,44.20756149291992,317700,0.0,0.0,0.0
2012-08-01 00:00:00-04:00,44.838417040073004,45.09898403016131,44.241849578054804,44.303565979003906,263200,0.0,0.0,0.0
2012-08-02 00:00:00-04:00,43.98813983519909,44.64641844728004,43.91957012735316,44.24870681762695,348500,0.0,0.0,0.0
2012-08-03 00:00:00-04:00,46.01783141219382,46.511541656413065,45.791546678337816,46.18239974975586,357500,0.0,0.0,0.0
2012-08-06 00:00:00-04:00,46.134400483347655,46.47725423870134,46.134400483347655,46.264686584472656,137800,0.0,0.0,0.0
2012-08-07 00:00:00-04:00,46.05212301124359,46.4635465078205,45.956119138226505,46.271549224853516,430100,0.0,0.0,0.0
2012-08-08 00:00:00-04:00,45.77097734700178,46.49097234170275,45.67497871191275,46.312686920166016,162900,0.0,0.0,0.0
2012-08-09 00:00:00-04:00,46.28526184518126,46.54582884332793,46.12754679924137,46.39497756958008,141900,0.0,0.0,0.0
2012-08-10 00:00:00-04:00,45.887548673371455,46.73097127429874,45.81897896365763,46.6829719543457,179500,0.0,0.0,0.0
2012-08-13 00:00:00-04:00,46.189256713684436,46.278396803586304,45.69554648631083,45.935543060302734,91400,0.0,0.0,0.0
2012-08-14 00:00:00-04:00,46.052127518933084,46.24412482069321,45.839554593526564,45.962982177734375,140600,0.0,0.0,0.0
2012-08-15 00:00:00-04:00,45.55840301513672,45.860110724853875,45.48982808737454,45.55840301513672,668600,0.0,0.0,0.0
2012-08-16 00:00:00-04:00,45.80526911236213,46.44983068962823,45.61326659264132,46.24412155151367,176200,0.0,0.0,0.0
2012-08-17 00:00:00-04:00,45.10583701862659,45.2429816530029,44.783553667258346,45.01669692993164,346200,0.0,0.0,0.0
2012-08-20 00:00:00-04:00,44.98240638937512,45.160691786113944,44.810979531769625,45.05783462524414,260000,0.0,0.0,0.0
2012-08-21 00:00:00-04:00,45.77783375306937,46.0452592571413,45.42126292661813,45.59954833984375,201900,0.0,0.0,0.0
2012-08-22 00:00:00-04:00,45.16755628522114,45.84640526608564,45.057840570740744,45.77097702026367,142900,0.0,0.0,0.0
2012-08-23 00:00:00-04:00,45.5309793627343,45.6201194550019,45.06469805023245,45.18812561035156,154400,0.0,0.0,0.0
2012-08-24 00:00:00-04:00,44.975547850241796,45.249831868717095,44.769838760034716,45.05783462524414,102400,0.0,0.0,0.0
2012-08-27 00:00:00-04:00,45.06470617403412,45.263562014047764,44.69442342692603,44.76985168457031,81300,0.0,0.0,0.0
2012-08-28 00:00:00-04:00,44.97554979981341,45.03040765219291,44.557273062134726,44.61898422241211,606600,0.0,0.0,0.0
2012-08-29 00:00:00-04:00,44.96184103434871,45.098980443164805,44.69441552508414,44.76298522949219,197400,0.0,0.0,0.0
2012-08-30 00:00:00-04:00,44.296702225645596,44.296702225645596,43.78242161490312,43.898990631103516,149800,0.0,0.0,0.0
2012-08-31 00:00:00-04:00,44.090995008040736,44.69441573379575,43.6589959283398,44.42013168334961,367700,0.0,0.0,0.0
2012-09-04 00:00:00-04:00,44.557277059402466,44.66012900242503,44.20070621848018,44.461273193359375,324200,0.0,0.0,0.0
2012-09-05 00:00:00-04:00,44.173276270885026,44.33784983899135,43.85099552185973,43.96070861816406,425600,0.0,0.0,0.0
2012-09-06 00:00:00-04:00,44.598423200206554,46.18926463251993,44.49556601328073,45.86012268066406,1827700,0.0,0.0,0.0
2012-09-07 00:00:00-04:00,45.901264176394434,46.35382843017578,45.846406317895685,46.35382843017578,436700,0.0,0.0,0.0
2012-09-10 00:00:00-04:00,45.983540789165495,46.154967654894904,45.66811598400732,45.68868637084961,348600,0.0,0.0,0.0
2012-09-11 00:00:00-04:00,45.688697107015486,46.285264623290125,45.64069778259343,45.99726867675781,163500,0.0,0.0,0.0
2012-09-12 00:00:00-04:00,45.48983099656119,45.55154738918757,44.879551767482816,45.27040481567383,405900,0.0,0.0,0.0
2012-09-13 00:00:00-04:00,45.05784088552103,47.12182200268709,44.76298644021159,46.76525115966797,502400,0.0,0.0,0.0
2012-09-14 00:00:00-04:00,46.175536944848844,46.525249207458685,45.846400300125296,46.14811325073242,821800,0.0,0.0,0.0
2012-09-17 00:00:00-04:00,46.44296857831263,46.44296857831263,45.81897227843398,46.03153991699219,217800,0.0,0.0,0.0
2012-09-18 00:00:00-04:00,46.442970809982135,46.89553503503531,46.19611569394113,46.82696533203125,409400,0.0,0.0,0.0
2012-09-19 00:00:00-04:00,46.6281132725353,46.648683661933724,46.29897134756035,46.477256774902344,165600,0.0,0.0,0.0
2012-09-20 00:00:00-04:00,45.64069023859303,46.264686584472656,45.407552196088425,46.264686584472656,263100,0.0,0.0,0.0
2012-09-21 00:00:00-04:00,46.312685564136196,46.65553931699637,46.0452600554279,46.175540924072266,316200,0.0,0.0,0.0
2012-09-24 00:00:00-04:00,45.90811977495722,46.35383074230831,45.78469220294512,46.18926239013672,81500,0.0,0.0,0.0
2012-09-25 00:00:00-04:00,46.552682116031846,46.854395092452734,45.860116070853486,45.90811538696289,243000,0.0,0.0,0.0
2012-09-26 00:00:00-04:00,45.791545653301675,45.84640350843875,45.338981427253366,45.68183517456055,194300,0.0,0.0,0.0
2012-09-27 00:00:00-04:00,46.017829947807286,46.29896729754883,45.551548646608644,46.10011672973633,212400,0.0,0.0,0.0
2012-09-28 00:00:00-04:00,45.565262671379536,46.09326039213331,45.407552871230486,45.77097702026367,303700,0.0,0.0,0.0
2012-10-01 00:00:00-04:00,45.96297909707414,46.39497822861387,45.578984519291055,45.7366943359375,212700,0.0,0.0,0.0
2012-10-02 00:00:00-04:00,46.093256364924464,46.237254303948845,45.764114481773916,46.113826751708984,418600,0.0,0.0,0.0
2012-10-03 00:00:00-04:00,45.63383602973229,45.63383602973229,45.01669823596652,45.071556091308594,240400,0.0,0.0,0.0
2012-10-04 00:00:00-04:00,44.83155344503335,44.934410613996064,44.58469833213601,44.865840911865234,319100,0.0,0.0,0.0
2012-10-05 00:00:00-04:00,44.09784757021153,44.29670337263159,43.15157310529508,43.36414337158203,579400,0.0,0.0,0.0
2012-10-08 00:00:00-04:00,42.404150539525816,42.575577409007124,42.23957959388653,42.56186294555664,385200,0.0,0.0,0.0
2012-10-09 00:00:00-04:00,42.973279464497864,43.15842076760979,42.520712706590714,42.89785385131836,819300,0.0,0.0,0.0
2012-10-10 00:00:00-04:00,43.67955958998597,43.84412789244178,43.295562524645746,43.37099075317383,323400,0.0,0.0,0.0
2012-10-11 00:00:00-04:00,43.768707840632196,44.14584379965691,43.768707840632196,43.96756362915039,358400,0.0,0.0,0.0
2012-10-12 00:00:00-04:00,44.385850508150206,44.728704271523256,43.624712119172735,43.72071075439453,201900,0.0,0.0,0.0
2012-10-15 00:00:00-04:00,43.72757083655941,43.93328257868441,43.46700123479215,43.70014190673828,258400,0.0,0.0,0.0
2012-10-16 00:00:00-04:00,44.50927937710054,44.75612928095543,44.365276188512865,44.60527801513672,209400,0.0,0.0,0.0
2012-10-17 00:00:00-04:00,45.51040792874111,45.84640313352527,45.23612388683175,45.32526397705078,1720500,0.0,0.0,0.0
2012-10-18 00:00:00-04:00,44.70127588932165,45.023559267878845,44.468132606979566,44.74927520751953,264600,0.0,0.0,0.0
2012-10-19 00:00:00-04:00,44.591559562348635,44.76984498387243,44.16642424456614,44.200706481933594,281400,0.0,0.0,0.0
2012-10-22 00:00:00-04:00,44.83841350152706,45.201837643494244,44.70127409262616,45.03041076660156,194600,0.0,0.0,0.0
2012-10-23 00:00:00-04:00,44.090997811338056,44.17327936963015,43.556144140538834,43.91957092285156,606000,0.0,0.0,0.0
2012-10-24 00:00:00-04:00,44.33785007654842,44.35842046478865,43.796137900478925,43.88528060913086,151700,0.0,0.0,0.0
2012-10-25 00:00:00-04:00,44.67384305739376,44.72184237139839,44.138992063761386,44.399559020996094,189100,0.0,0.0,0.0
2012-10-26 00:00:00-04:00,44.59841972572404,45.002984669504734,44.51613293628725,44.79727554321289,257700,0.0,0.0,0.0
2012-10-31 00:00:00-04:00,44.85212802996773,45.18126468522052,44.51612760366729,45.00297927856445,173500,0.0,0.0,0.0
2012-11-01 00:00:00-04:00,44.989267473692905,45.35955013485273,44.989267473692905,45.27040481567383,546500,0.0,0.0,0.0
2012-11-02 00:00:00-04:00,45.633837540259094,45.729836174518866,44.79727352896693,44.96870040893555,491000,0.0,0.0,0.0
2012-11-05 00:00:00-05:00,45.31840627353723,45.6886889522173,45.21555433351476,45.53097915649414,403600,0.0,0.0,0.0
2012-11-06 00:00:00-05:00,45.59955250168523,46.30583044774868,45.578982112038105,46.223548889160156,304000,0.0,0.0,0.0
2012-11-07 00:00:00-05:00,46.16182928403453,46.16182928403453,45.16755548886883,45.83268737792969,293200,0.0,0.0,0.0
2012-11-08 00:00:00-05:00,45.60641112401223,45.93554782202462,45.0509844448744,45.09898376464844,889800,0.0,0.0,0.0
2012-11-09 00:00:00-05:00,45.33212154931536,45.709262752833595,45.17440652833513,45.35955047607422,371400,0.0,0.0,0.0
2012-11-12 00:00:00-05:00,45.386988334689015,45.52412776393857,45.24299036451681,45.4144172668457,287100,0.0,0.0,0.0
2012-11-13 00:00:00-05:00,45.0509781310921,45.44183117491316,45.030407744290905,45.15383529663086,514500,0.0,0.0,0.0
2012-11-14 00:00:00-05:00,44.495561282634895,44.70812894322384,43.63157094422935,43.727569580078125,455600,0.0,0.0,0.0
2012-11-15 00:00:00-05:00,43.50129283628646,43.851005206329816,43.32986592196599,43.52186584472656,376000,0.0,0.0,0.0
2012-11-16 00:00:00-05:00,44.02241833126961,44.36527207288864,43.68642312931218,44.330989837646484,294300,0.0,0.0,0.0
2012-11-19 00:00:00-05:00,44.605277222928926,44.989271768253744,44.605277222928926,44.93441390991211,391600,0.0,0.0,0.0
2012-11-20 00:00:00-05:00,44.44070292326333,45.01669996339179,44.33785097996649,44.893272399902344,575800,0.0,0.0,0.0
2012-11-21 00:00:00-05:00,44.276133733960336,44.51613031627579,44.049848999977286,44.42013168334961,236300,0.0,0.0,0.0
2012-11-23 00:00:00-05:00,44.570988298718596,44.886413126587094,44.33785025567659,44.85213088989258,189900,0.0,0.0,0.0
2012-11-26 00:00:00-05:00,44.666984381161136,44.845269789004114,44.57098575344557,44.82469940185547,126800,0.0,0.0,0.0
2012-11-27 00:00:00-05:00,44.76299180807249,44.92756016914417,44.55042412370766,44.63270568847656,125800,0.0,0.0,0.0
2012-11-28 00:00:00-05:00,44.14584670253132,44.893270593456805,44.04299476337311,44.72184371948242,299700,0.0,0.0,0.0
2012-11-29 00:00:00-05:00,45.01669974883543,45.25669633460625,44.80412686012425,45.23612594604492,276200,0.0,0.0,0.0
2012-11-30 00:00:00-05:00,44.58470054512336,44.714986647711825,44.125277763356834,44.3515625,409600,0.0,0.0,0.0
2012-12-03 00:00:00-05:00,44.529845060781604,44.61898514910009,44.3172721862793,44.3172721862793,242900,0.0,0.0,0.0
2012-12-04 00:00:00-05:00,44.687557765888165,44.989270748394325,44.564130203184114,44.88641357421875,249500,0.0,0.0,0.0
2012-12-05 00:00:00-05:00,45.1675511229944,45.51040484426085,45.03040649556824,45.1812629699707,176200,0.0,0.0,0.0
2012-12-06 00:00:00-05:00,45.76411850257134,46.09326041464003,45.70926587683757,46.03840255737305,358000,0.0,0.0,0.0
2012-12-07 00:00:00-05:00,45.949264252924195,46.20983123779297,45.90126493382907,46.20983123779297,99700,0.0,0.0,0.0
2012-12-10 00:00:00-05:00,45.88754291496401,46.641820090229245,45.88754291496401,46.58696746826172,556500,0.0,0.0,0.0
2012-12-11 00:00:00-05:00,46.23725586828177,46.72410755427365,46.23725586828177,46.54582214355469,285600,0.0,0.0,0.0
2012-12-12 00:00:00-05:00,46.826968575832154,47.12868156778988,46.55954305351811,46.81325149536133,575700,0.0,0.0,0.0
2012-12-13 00:00:00-05:00,46.682972195847974,46.88182801712026,46.484116374575684,46.6075439453125,287400,0.0,0.0,0.0
2012-12-14 00:00:00-05:00,46.51154583404291,46.88182855046584,46.408688652003164,46.806400299072266,188200,0.0,0.0,0.0
2012-12-17 00:00:00-05:00,46.929820313527664,47.40981344370249,46.90239138729871,47.341243743896484,371100,0.0,0.0,0.0
2012-12-18 00:00:00-05:00,47.46321671212424,48.25090461817928,47.28198339907369,48.21604919433594,688600,1.125,0.0,0.0
2012-12-19 00:00:00-05:00,47.96511773506921,48.40427279174594,47.9023843373682,48.10453414916992,437800,0.0,0.0,0.0
2012-12-20 00:00:00-05:00,48.04179717497801,48.780690901018524,47.98603060731597,48.7528076171875,251500,0.0,0.0,0.0
2012-12-21 00:00:00-05:00,47.80479522316901,48.28576722393575,47.80479522316901,48.23697280883789,323800,0.0,0.0,0.0
2012-12-24 00:00:00-05:00,47.916318180190416,48.12544011981492,47.76993494973001,47.90935134887695,50500,0.0,0.0,0.0
2012-12-26 00:00:00-05:00,48.05574417114258,48.29274411970922,47.95118318046022,48.05574417114258,137700,0.0,0.0,0.0
2012-12-27 00:00:00-05:00,48.73885434492666,49.12921492851556,48.59944326962524,48.95494842529297,316200,0.0,0.0,0.0
2012-12-28 00:00:00-05:00,48.76674769844844,49.2825751654595,48.710981129530296,49.06648635864258,343400,0.0,0.0,0.0
2012-12-31 00:00:00-05:00,49.101337357441025,49.902959110893505,49.101337357441025,49.895992279052734,158800,0.0,0.0,0.0
2013-01-02 00:00:00-05:00,49.36621822904374,49.993578747604396,49.087390740995446,49.98660659790039,583900,0.0,0.0,0.0
2013-01-03 00:00:00-05:00,49.26863313572216,49.902960533815104,49.21286657025243,49.29651641845703,474300,0.0,0.0,0.0
2013-01-04 00:00:00-05:00,49.32440192190505,49.72869624428202,49.059513383094036,49.61716842651367,705900,0.0,0.0,0.0
2013-01-07 00:00:00-05:00,49.38016670301255,49.505638830845214,49.1640778843758,49.44290542602539,338400,0.0,0.0,0.0
2013-01-08 00:00:00-05:00,49.18498479584332,49.303490080648736,48.752807195680546,48.98980712890625,480000,0.0,0.0,0.0
2013-01-09 00:00:00-05:00,48.87130882049427,49.14316419697959,48.84342553595825,48.9619255065918,290200,0.0,0.0,0.0
2013-01-10 00:00:00-05:00,48.74582837865352,48.780683807922195,48.46700089907964,48.71794509887695,477100,0.0,0.0,0.0
2013-01-11 00:00:00-05:00,47.99996863890593,48.12544074066093,47.73508545439735,47.860557556152344,398500,0.0,0.0,0.0
2013-01-14 00:00:00-05:00,47.783885666241815,47.937235748611016,47.43535259885331,47.916324615478516,628700,0.0,0.0,0.0
2013-01-15 00:00:00-05:00,46.877702327327746,46.95438003540039,46.56402466208012,46.95438003540039,479300,0.0,0.0,0.0
2013-01-16 00:00:00-05:00,46.738285272106154,47.03802391514372,46.57098557492768,46.926490783691406,267500,0.0,0.0,0.0
2013-01-17 00:00:00-05:00,47.302903037625896,47.407464009779254,47.08681426184973,47.1356086730957,215600,0.0,0.0,0.0
2013-01-18 00:00:00-05:00,46.60584080123349,46.891635142475046,46.53613525348133,46.738285064697266,285900,0.0,0.0,0.0
2013-01-22 00:00:00-05:00,46.73131762504114,46.88467303646975,46.605845499162555,46.86376190185547,213900,0.0,0.0,0.0
2013-01-23 00:00:00-05:00,46.15972241051245,46.22245581278389,45.72753947260223,45.797245025634766,327200,0.0,0.0,0.0
2013-01-24 00:00:00-05:00,45.915745402490245,46.23639516668235,45.74147887946025,45.86695098876953,200300,0.0,0.0,0.0
2013-01-25 00:00:00-05:00,46.38278003577741,46.65463539579033,46.299130187237886,46.5431022644043,269500,0.0,0.0,0.0
2013-01-28 00:00:00-05:00,45.776329868156125,45.96454069481377,45.309296853874656,45.60903549194336,434800,0.0,0.0,0.0
2013-01-29 00:00:00-05:00,45.94362931356363,46.257306932036585,45.85997946681444,46.12486267089844,358800,0.0,0.0,0.0
2013-01-30 00:00:00-05:00,45.316269544579576,45.69268588419263,45.316269544579576,45.574180603027344,593500,0.0,0.0,0.0
2013-01-31 00:00:00-05:00,46.159717481782,46.42460068229971,46.117895218066636,46.17365646362305,414000,0.0,0.0,0.0
2013-02-01 00:00:00-05:00,46.67554305921103,47.19834260779295,46.55007095482369,47.10075378417969,324500,0.0,0.0,0.0
2013-02-04 00:00:00-05:00,46.29216384555472,46.696458155630815,46.29216384555472,46.59886932373047,385300,0.0,0.0,0.0
2013-02-05 00:00:00-05:00,47.010145698328884,47.414440047931244,47.00317354731366,47.21229553222656,456600,0.0,0.0,0.0
2013-02-06 00:00:00-05:00,46.48037067195636,46.83587589431674,46.35489855336991,46.79404830932617,213900,0.0,0.0,0.0
2013-02-07 00:00:00-05:00,47.044997133973226,47.21926368688131,46.64070277305325,47.024085998535156,329400,0.0,0.0,0.0
2013-02-08 00:00:00-05:00,47.18440545616197,47.37261096094498,47.14955002429478,47.35169982910156,253600,0.0,0.0,0.0
2013-02-11 00:00:00-05:00,47.21925230483866,47.428374245197475,47.04498579393693,47.31684112548828,206900,0.0,0.0,0.0
2013-02-12 00:00:00-05:00,46.654641535845066,47.34473559299163,46.654641535845066,47.14258575439453,192000,0.0,0.0,0.0
2013-02-13 00:00:00-05:00,47.34472502401764,47.351697173638534,47.044986408622634,47.26804733276367,275700,0.0,0.0,0.0
2013-02-14 00:00:00-05:00,47.07287392972741,47.728117780131825,46.87072411804535,47.72114562988281,171500,0.0,0.0,0.0
2013-02-15 00:00:00-05:00,47.36563675059689,47.40746433065652,46.86375365360931,46.91254806518555,219900,0.0,0.0,0.0
2013-02-19 00:00:00-05:00,46.647661748449885,46.98922796371327,46.58492835270288,46.84981155395508,194900,0.0,0.0,0.0
2013-02-20 00:00:00-05:00,46.752234337660894,46.794056611879256,45.96455137011815,46.06910705566406,287800,0.0,0.0,0.0
2013-02-21 00:00:00-05:00,45.859982147700485,45.859982147700485,45.239593706406076,45.427799224853516,494500,0.0,0.0,0.0
2013-02-22 00:00:00-05:00,45.69268736418995,45.76239291418517,45.42779882873852,45.74148178100586,204400,0.0,0.0,0.0
2013-02-25 00:00:00-05:00,46.33398953200602,46.51522822671286,45.455684661865234,45.455684661865234,495100,0.0,0.0,0.0
2013-02-26 00:00:00-05:00,46.1039570941316,46.278223640546734,45.78330728691091,46.083045959472656,153800,0.0,0.0,0.0
2013-02-27 00:00:00-05:00,45.379007839404,45.97848518738811,45.16989117362373,45.96454620361328,324700,0.0,0.0,0.0
2013-02-28 00:00:00-05:00,45.204740636570094,45.41386261751052,44.9259131013805,44.95379638671875,755500,0.0,0.0,0.0
2013-03-01 00:00:00-05:00,45.3650630889664,45.832096099853516,45.2186798460701,45.832096099853516,373600,0.0,0.0,0.0
2013-03-04 00:00:00-05:00,44.89105925247446,45.04441464999308,44.661026156196534,44.93985366821289,205600,0.0,0.0,0.0
2013-03-05 00:00:00-05:00,45.85998008556329,46.11092431100435,45.79724137010684,46.07606887817383,206500,0.0,0.0,0.0
2013-03-06 00:00:00-05:00,45.804215101546205,45.853009518277965,45.46962633486918,45.75542068481445,836200,0.0,0.0,0.0
2013-03-07 00:00:00-05:00,45.455681470570326,45.629948002194126,45.3859759215593,45.40688705444336,435200,0.0,0.0,0.0
2013-03-08 00:00:00-05:00,46.236398942417644,46.32701562724393,45.85998258375107,46.2642822265625,215800,0.0,0.0,0.0
2013-03-11 00:00:00-04:00,45.936662263624704,46.327017622076,45.89483467651,46.320045471191406,259400,0.0,0.0,0.0
2013-03-12 00:00:00-04:00,45.72753132353924,45.95756439392614,45.399909432659435,45.43476486206055,389100,0.0,0.0,0.0
2013-03-13 00:00:00-04:00,45.162915087755664,45.162915087755664,44.591321075315136,44.61223220825195,343400,0.0,0.0,0.0
2013-03-14 00:00:00-04:00,44.981670186444106,45.288380942293614,44.772553567794525,45.10017013549805,134000,0.0,0.0,0.0
2013-03-15 00:00:00-04:00,45.08623600195704,45.08623600195704,44.723763966414374,44.81438064575195,364000,0.0,0.0,0.0
2013-03-18 00:00:00-04:00,44.5216172610631,44.91894743975063,44.5216172610631,44.570411682128906,245200,0.0,0.0,0.0
2013-03-19 00:00:00-04:00,44.47281976562465,44.57040860101002,43.83152018503715,44.11731719970703,460500,0.0,0.0,0.0
2013-03-20 00:00:00-04:00,44.214908780277256,44.36826419345931,44.05458387517624,44.10337829589844,248300,0.0,0.0,0.0
2013-03-21 00:00:00-04:00,44.09640138297934,44.117315174670765,43.915165362596355,43.98487091064453,850800,0.0,0.0,0.0
2013-03-22 00:00:00-04:00,43.7618047142703,43.894248962402344,43.56662707588104,43.894248962402344,416300,0.0,0.0,0.0
2013-03-25 00:00:00-04:00,44.05458064897229,44.235816675654405,43.75484199557408,44.06155014038086,309900,0.0,0.0,0.0
2013-03-26 00:00:00-04:00,44.688911303895985,44.94682769395655,44.521614257886334,44.79347229003906,572700,0.0,0.0,0.0
2013-03-27 00:00:00-04:00,43.88031443059794,44.242789145676234,43.66422296802348,44.22884750366211,561200,0.0,0.0,0.0
2013-03-28 00:00:00-04:00,44.396140881716555,44.53555463959639,44.27066876553434,44.50767135620117,269600,0.0,0.0,0.0
2013-04-01 00:00:00-04:00,44.34037477918229,44.507669153080045,44.09640005019523,44.180049896240234,166900,0.0,0.0,0.0
2013-04-02 00:00:00-04:00,44.47282035628786,44.47282035628786,44.047609574378754,44.07549285888672,250800,0.0,0.0,0.0
2013-04-03 00:00:00-04:00,43.852426505843056,43.908193067998006,43.155360433482436,43.3087158203125,366600,0.0,0.0,0.0
2013-04-04 00:00:00-04:00,43.25992800644985,43.70604993535265,43.190219793123504,43.587547302246094,316300,0.0,0.0,0.0
2013-04-05 00:00:00-04:00,42.97412410628489,43.57359869043298,42.86956313256705,43.531776428222656,451700,0.0,0.0,0.0
2013-04-08 00:00:00-04:00,43.88031048421497,44.34734348375202,43.76180786730061,44.34037399291992,211700,0.0,0.0,0.0
2013-04-09 00:00:00-04:00,43.93607570335895,44.78649720152038,43.922134062181335,44.535552978515625,452900,0.0,0.0,0.0
2013-04-10 00:00:00-04:00,44.86317514260127,45.36506359134214,44.842264010269126,45.107147216796875,237800,0.0,0.0,0.0
2013-04-11 00:00:00-04:00,45.07925896600464,45.27443660385016,44.8771091787527,45.190792083740234,277000,0.0,0.0,0.0
2013-04-12 00:00:00-04:00,44.702847989410934,44.828320102695514,43.880312421017656,44.09640121459961,667500,0.0,0.0,0.0
2013-04-15 00:00:00-04:00,42.96715297845528,42.96715297845528,41.64272901473983,41.677581787109375,407200,0.0,0.0,0.0
2013-04-16 00:00:00-04:00,42.9044218221218,43.28083818851172,42.68136086257881,43.169307708740234,336200,0.0,0.0,0.0
2013-04-17 00:00:00-04:00,42.57679626655228,42.69529622051252,42.02611344038222,42.27705764770508,347800,0.0,0.0,0.0
2013-04-18 00:00:00-04:00,42.29100102951408,42.40950365490114,42.01217617166128,42.23523712158203,312900,0.0,0.0,0.0
2013-04-19 00:00:00-04:00,42.953210821664634,42.97412461211198,42.63953055591496,42.79985809326172,267400,0.0,0.0,0.0
2013-04-22 00:00:00-04:00,42.548913247796094,42.548913247796094,41.94943600641237,42.45829391479492,232100,0.0,0.0,0.0
2013-04-23 00:00:00-04:00,42.85561379489469,43.25991331761891,42.82076102961394,43.2459716796875,342500,0.0,0.0,0.0
2013-04-24 00:00:00-04:00,43.1483927201326,43.706045069172745,43.1483927201326,43.56663131713867,230600,0.0,0.0,0.0
2013-04-25 00:00:00-04:00,44.019731867013874,44.270673466931214,43.901229229547745,43.95002365112305,177000,0.0,0.0,0.0
2013-04-26 00:00:00-04:00,44.06154978858843,44.06154978858843,43.4202502202682,43.59451675415039,367000,0.0,0.0,0.0
2013-04-29 00:00:00-04:00,44.20792612436336,44.66799225458642,44.20792612436336,44.619197845458984,298400,0.0,0.0,0.0
2013-04-30 00:00:00-04:00,44.29854896215701,44.793467901098715,43.9360742805656,44.75164031982422,330900,0.0,0.0,0.0
2013-05-01 00:00:00-04:00,44.71679605916502,44.71679605916502,44.01275773537918,44.19399642944336,221000,0.0,0.0,0.0
2013-05-02 00:00:00-04:00,44.75164703212456,45.434774234687296,44.75164703212456,45.39295196533203,655100,0.0,0.0,0.0
2013-05-03 00:00:00-04:00,45.23959425901308,45.88089384150269,45.23959425901308,45.77633285522461,511700,0.0,0.0,0.0
2013-05-06 00:00:00-04:00,45.53932821090232,45.664800317832,45.27443969727736,45.650856018066406,359800,0.0,0.0,0.0
2013-05-07 00:00:00-04:00,45.23959155775999,45.33020823742084,44.953791900211165,45.09320831298828,227500,0.0,0.0,0.0
2013-05-08 00:00:00-04:00,45.44870905739502,45.92271423339844,45.39991464155022,45.92271423339844,161300,0.0,0.0,0.0
2013-05-09 00:00:00-04:00,46.09001574918478,46.09698258158554,45.295360763698206,45.48356628417969,181300,0.0,0.0,0.0
2013-05-10 00:00:00-04:00,45.32323769604364,45.4975042295566,45.07926561276402,45.46265411376953,299900,0.0,0.0,0.0
2013-05-13 00:00:00-04:00,45.33021303317348,45.40689073876499,45.10715206732351,45.1280632019043,282600,0.0,0.0,0.0
2013-05-14 00:00:00-04:00,45.04441361447554,45.31626896993893,45.02349716404639,45.22564697265625,270300,0.0,0.0,0.0
2013-05-15 00:00:00-04:00,45.16988601358033,45.42779707039914,45.07229718372581,45.3999137878418,324300,0.0,0.0,0.0
2013-05-16 00:00:00-04:00,45.246559683792775,45.692681528617484,45.114115432981976,45.21170425415039,206400,0.0,0.0,0.0
2013-05-17 00:00:00-04:00,44.80740634002814,44.814378489854796,44.598287049861014,44.786495208740234,331700,0.0,0.0,0.0
2013-05-20 00:00:00-04:00,43.573596678096905,44.22884045282203,43.573596678096905,44.187015533447266,447600,0.0,0.0,0.0
2013-05-21 00:00:00-04:00,43.803636452002216,44.36826098406949,43.51086728975005,44.05458068847656,224200,0.0,0.0,0.0
2013-05-22 00:00:00-04:00,44.277635931949476,44.807404961345426,43.22506470457778,43.413272857666016,653500,0.0,0.0,0.0
2013-05-23 00:00:00-04:00,42.848654861301924,43.434190503190884,42.77197716333729,43.406307220458984,400200,0.0,0.0,0.0
2013-05-24 00:00:00-04:00,42.89048035489661,43.20416066150239,42.820774801915945,43.057777404785156,475400,0.0,0.0,0.0
2013-05-28 00:00:00-04:00,43.07868853886008,43.28780785689847,42.953216416217764,43.057777404785156,188100,0.0,0.0,0.0
2013-05-29 00:00:00-04:00,42.47921046245843,42.50709374679826,42.01217741569995,42.13764953613281,282000,0.0,0.0,0.0
2013-05-30 00:00:00-04:00,41.454522632512706,41.872761237092845,41.238431179991785,41.54513931274414,357000,0.0,0.0,0.0
2013-05-31 00:00:00-04:00,40.82018459217102,41.803047513901525,40.77835967625426,41.08506774902344,388700,0.0,0.0,0.0
2013-06-03 00:00:00-04:00,41.099020407409064,42.20038622332818,40.75745947600881,42.0888557434082,627100,0.0,0.0,0.0
2013-06-04 00:00:00-04:00,42.36767931472674,42.52800420850285,41.308138458422796,41.503318786621094,477900,0.0,0.0,0.0
2013-06-05 00:00:00-04:00,41.07810424813019,41.196604205193886,40.30436047498609,40.32527160644531,530100,0.0,0.0,0.0
2013-06-06 00:00:00-04:00,39.948869957525886,40.562286376953125,39.80945616798447,40.562286376953125,320000,0.0,0.0,0.0
2013-06-07 00:00:00-04:00,40.19283363905017,40.76442766272967,40.109186446561935,40.436805725097656,356400,0.0,0.0,0.0
2013-06-10 00:00:00-04:00,39.76762555679872,39.81641997730857,39.4330341051184,39.440006256103516,303500,0.0,0.0,0.0
2013-06-11 00:00:00-04:00,38.54078318951716,39.091466016442354,38.359544524381676,38.72201919555664,509200,0.0,0.0,0.0
2013-06-12 00:00:00-04:00,39.21694401185968,39.31453551541657,38.50593881390699,38.561702728271484,400300,0.0,0.0,0.0
2013-06-13 00:00:00-04:00,39.27270332140697,40.506510610513175,39.244820039833755,40.49256896972656,645800,0.0,0.0,0.0
2013-06-14 00:00:00-04:00,40.52044776879809,40.59712545509409,39.955823345333286,40.1510009765625,430100,0.0,0.0,0.0
2013-06-17 00:00:00-04:00,40.534396102437924,40.75048489867356,39.94188830262972,40.12312698364258,280400,0.0,0.0,0.0
2013-06-18 00:00:00-04:00,40.3949825192655,41.16872634430787,40.3949825192655,41.09204864501953,461200,0.0,0.0,0.0
2013-06-19 00:00:00-04:00,40.813221456843955,41.11993225644544,39.35635313602568,39.405147552490234,518600,0.0,0.0,0.0
2013-06-20 00:00:00-04:00,38.83355052828461,38.83355052828461,37.20938795090202,37.369712829589844,712800,0.0,0.0,0.0
2013-06-21 00:00:00-04:00,38.14345754427456,38.81264035685226,37.76704121503856,38.58260726928711,704800,0.0,0.0,0.0
2013-06-24 00:00:00-04:00,37.69036913942469,38.22014093936831,37.202422268664996,37.74613571166992,599100,0.0,0.0,0.0
2013-06-25 00:00:00-04:00,38.56866865813255,38.74293518344326,38.05980806422066,38.352577209472656,610000,0.0,0.0,0.0
2013-06-26 00:00:00-04:00,38.76385151789809,39.31453444996778,38.73596823192321,39.223915100097656,589600,0.0,0.0,0.0
2013-06-27 00:00:00-04:00,39.670340399877375,40.22748893739176,39.670340399877375,40.121700286865234,575500,0.653,0.0,0.0
2013-06-28 00:00:00-04:00,40.100541787181385,41.35588675137633,39.79022986142209,41.21483612060547,353500,0.0,0.0,0.0
2013-07-01 00:00:00-04:00,41.70850976501741,42.00471634291517,41.29946591688426,41.35588455200195,324000,0.0,0.0,0.0
2013-07-02 00:00:00-04:00,41.539253573262,41.96240277724183,40.60832317225275,40.855159759521484,487000,0.0,0.0,0.0
2013-07-03 00:00:00-04:00,40.290961589644255,40.42495821536967,39.994754982360256,40.121700286865234,250200,0.0,0.0,0.0
2013-07-05 00:00:00-04:00,39.70559697878107,39.959487553211574,38.93687393522949,39.282447814941406,413400,0.0,0.0,0.0
2013-07-08 00:00:00-04:00,39.36002196024804,39.78317108292166,39.254233334421386,39.4940185546875,296200,0.0,0.0,0.0
2013-07-09 00:00:00-04:00,40.5589449242875,40.770522173609166,40.00179921331438,40.685890197753906,341200,0.0,0.0,0.0
2013-07-10 00:00:00-04:00,40.22747866409637,40.48136920826775,39.95243147134953,40.00885009765625,406000,0.0,0.0,0.0
2013-07-11 00:00:00-04:00,41.39115155555573,41.85661678557954,41.01031832394876,41.729671478271484,444200,0.0,0.0,0.0
2013-07-12 00:00:00-04:00,41.553351825579426,41.76492909553613,41.35588257662435,41.623878479003906,315300,0.0,0.0,0.0
2013-07-15 00:00:00-04:00,42.02586104098023,42.272697543754255,41.96943973159411,42.124595642089844,184200,0.0,0.0,0.0
2013-07-16 00:00:00-04:00,42.10345292844013,42.27271153197468,41.65209306525867,42.17397689819336,334100,0.0,0.0,0.0
2013-07-17 00:00:00-04:00,42.27271172963883,42.42081637132033,42.08934779323283,42.30092239379883,234600,0.0,0.0,0.0
2013-07-18 00:00:00-04:00,42.025875925170055,42.30797719137949,41.59567270484334,41.65914535522461,402300,0.0,0.0,0.0
2013-07-19 00:00:00-04:00,41.75082729172031,41.75082729172031,41.28536210106587,41.43346405029297,295600,0.0,0.0,0.0
2013-07-22 00:00:00-04:00,41.609777069216534,42.237449547098066,41.511042435435215,42.17397689819336,707500,0.0,0.0,0.0
2013-07-23 00:00:00-04:00,42.24449464366254,42.865112979413205,42.173967998475135,42.82279968261719,648900,0.0,0.0,0.0
2013-07-24 00:00:00-04:00,42.77344209643251,42.94975471399354,41.84956301189859,42.13166427612305,533500,0.0,0.0,0.0
2013-07-25 00:00:00-04:00,41.72261761679586,42.63239136701027,41.72261761679586,42.554813385009766,445300,0.0,0.0,0.0
2013-07-26 00:00:00-04:00,42.12460524193269,42.3361798197145,41.77198004885743,42.24449920654297,509300,0.0,0.0,0.0
2013-07-29 00:00:00-04:00,42.07523943221073,42.27270868648117,41.92713749150791,42.1457633972168,154400,0.0,0.0,0.0
2013-07-30 00:00:00-04:00,42.449024884830074,42.533656878386026,42.26566094609292,42.40671157836914,267200,0.0,0.0,0.0
2013-07-31 00:00:00-04:00,42.01882342900949,42.63944189280601,41.821351472058794,42.04703140258789,437000,0.0,0.0,0.0
2013-08-01 00:00:00-04:00,42.639437315106406,42.84396057091518,42.230393493805565,42.688804626464844,543900,0.0,0.0,0.0
2013-08-02 00:00:00-04:00,42.780492734429025,43.07669932616765,42.52660213874364,42.8369140625,314900,0.0,0.0,0.0
2013-08-05 00:00:00-04:00,42.73817433602733,42.85806830628031,42.52659974828796,42.67470169067383,163300,0.0,0.0,0.0
2013-08-06 00:00:00-04:00,42.56185917200805,42.56185917200805,42.103448041189154,42.138710021972656,222000,0.0,0.0,0.0
2013-08-07 00:00:00-04:00,42.2585984508462,42.286809109701196,41.84955465871474,41.898921966552734,348100,0.0,0.0,0.0
2013-08-08 00:00:00-04:00,42.73817572346972,43.18248425536813,42.56891712391019,43.076698303222656,378300,0.0,0.0,0.0
2013-08-09 00:00:00-04:00,43.21774790866921,43.683213110911566,43.15427525880357,43.31648254394531,342400,0.0,0.0,0.0
2013-08-12 00:00:00-04:00,43.28122109480907,43.55626835086246,43.18954046966932,43.422271728515625,365600,0.0,0.0,0.0
2013-08-13 00:00:00-04:00,43.041428289716976,43.1542682388649,42.731119102139324,42.999114990234375,301200,0.0,0.0,0.0
2013-08-14 00:00:00-04:00,43.18248040992692,43.40816031612057,43.020273145495025,43.28826904296875,221100,0.0,0.0,0.0
2013-08-15 00:00:00-04:00,42.84396274980768,43.02027535371636,42.279762955363296,42.935646057128906,277900,0.0,0.0,0.0
2013-08-16 00:00:00-04:00,42.95680460571386,43.140168538137026,42.54776074554669,42.60417938232422,307200,0.0,0.0,0.0
2013-08-19 00:00:00-04:00,41.94123993732758,42.00471257759332,41.41230216521862,41.41935348510742,482100,0.0,0.0,0.0
2013-08-20 00:00:00-04:00,42.075244808504316,42.286819420873925,41.891880861868565,42.01177215576172,307400,0.0,0.0,0.0
2013-08-21 00:00:00-04:00,41.72966259990996,41.82839991038902,40.89746964840519,40.93273162841797,823800,0.0,0.0,0.0
2013-08-22 00:00:00-04:00,41.25714665035172,41.955345700481615,41.13020136850992,41.67324447631836,233600,0.0,0.0,0.0
2013-08-23 00:00:00-04:00,42.10345458984375,42.25155654635984,41.91303663561574,42.10345458984375,141500,0.0,0.0,0.0
2013-08-26 00:00:00-04:00,42.36438685218443,42.53364811410212,41.64503119708812,41.771976470947266,246500,0.0,0.0,0.0
2013-08-27 00:00:00-04:00,41.11609818234622,41.30651611503862,40.805788971838304,40.83399963378906,608000,0.0,0.0,0.0
2013-08-28 00:00:00-04:00,40.72116323510836,40.95389449074952,40.40379998621855,40.432010650634766,413900,0.0,0.0,0.0
2013-08-29 00:00:00-04:00,40.80578547878058,41.024411364392115,40.41789832627041,40.424949645996094,578500,0.0,0.0,0.0
2013-08-30 00:00:00-04:00,41.221887872796934,41.46167312487171,40.967997289386375,41.08083724975586,749700,0.0,0.0,0.0
2013-09-03 00:00:00-04:00,41.6873560226315,41.6873560226315,41.10905084814974,41.172523498535156,503700,0.0,0.0,0.0
2013-09-04 00:00:00-04:00,41.15135727058321,41.86366163800331,41.13725463091642,41.828399658203125,441600,0.0,0.0,0.0
2013-09-05 00:00:00-04:00,41.89892931426768,42.47723447062862,41.87071865046545,42.3714485168457,557600,0.0,0.0,0.0
2013-09-06 00:00:00-04:00,42.977954325263546,43.67615333868512,42.75932844383226,43.47163009643555,459400,0.0,0.0,0.0
2013-09-09 00:00:00-04:00,43.50689282841148,44.148670534953496,43.344685571847734,44.12751388549805,533800,0.0,0.0,0.0
2013-09-10 00:00:00-04:00,43.85246809275009,44.17688261631921,43.73962814149489,44.14162063598633,414400,0.0,0.0,0.0
2013-09-11 00:00:00-04:00,44.226256731473164,45.079609162281685,44.21215139910644,44.99497985839844,306400,0.0,0.0,0.0
2013-09-12 00:00:00-04:00,44.98086857477016,45.27002381455519,44.61413805270749,44.71287536621094,426500,0.0,0.0,0.0
2013-09-13 00:00:00-04:00,44.917391420217925,45.22770058910457,44.6987655452155,45.1783332824707,232100,0.0,0.0,0.0
2013-09-16 00:00:00-04:00,45.79896623309489,45.975278846704725,45.56623229177775,45.6438102722168,242300,0.0,0.0,0.0
2013-09-17 00:00:00-04:00,45.92590908715722,45.98937904197627,45.64380784426065,45.86948776245117,416000,0.0,0.0,0.0
2013-09-18 00:00:00-04:00,45.19244981901021,48.39428748584057,44.896243233066365,47.9852409362793,1037300,0.0,0.0,0.0
2013-09-19 00:00:00-04:00,47.20946502685547,47.47745825050735,46.77926183847107,47.20946502685547,801700,0.0,0.0,0.0
2013-09-20 00:00:00-04:00,46.20800854633003,46.38432116428565,45.404023438903124,45.467498779296875,493800,0.0,0.0,0.0
2013-09-23 00:00:00-04:00,46.05989744517975,46.29968535590595,45.92590354097657,46.05284881591797,281400,0.0,0.0,0.0
2013-09-24 00:00:00-04:00,45.96822734603021,46.144539969268955,45.56623478027125,45.693180084228516,302000,0.0,0.0,0.0
2013-09-25 00:00:00-04:00,46.2362161852267,46.30674553230085,45.573284443926354,45.58738708496094,507600,0.0,0.0,0.0
2013-09-26 00:00:00-04:00,45.7002249357626,45.86242950347541,45.17833580152466,45.61559295654297,255400,0.0,0.0,0.0
2013-09-27 00:00:00-04:00,44.804557697017955,45.136026250697896,44.656455756558884,44.741085052490234,319500,0.0,0.0,0.0
2013-09-30 00:00:00-04:00,44.91035415313264,44.91035415313264,44.35320558643031,44.59299087524414,712600,0.0,0.0,0.0
2013-10-01 00:00:00-04:00,44.83981768181659,45.0654975742501,44.529505811983114,44.832763671875,480800,0.0,0.0,0.0
2013-10-02 00:00:00-04:00,44.75519130157817,45.34760445620002,44.69171865574847,45.312339782714844,357400,0.0,0.0,0.0
2013-10-03 00:00:00-04:00,45.333492186187414,45.382859496060036,44.59297984778149,45.05844497680664,369600,0.0,0.0,0.0
2013-10-04 00:00:00-04:00,45.20655223824596,45.890646027617606,45.15013091155608,45.834224700927734,356800,0.0,0.0,0.0
2013-10-07 00:00:00-04:00,45.18538729217065,45.55916909677462,45.12191465645333,45.1783332824707,190000,0.0,0.0,0.0
2013-10-08 00:00:00-04:00,45.27002271114197,45.32643865113543,44.28972244262695,44.28972244262695,349400,0.0,0.0,0.0
2013-10-09 00:00:00-04:00,44.741086913234135,44.97382084962057,44.26857041012265,44.797508239746094,359300,0.0,0.0,0.0
2013-10-10 00:00:00-04:00,45.03728639999235,45.9752706280729,45.03728639999235,45.9259033203125,495400,0.0,0.0,0.0
2013-10-11 00:00:00-04:00,45.66496376037429,46.3349494934082,45.552121112779666,46.3349494934082,309000,0.0,0.0,0.0
2013-10-14 00:00:00-04:00,45.735485385948415,46.546524387000076,45.63675076466908,46.525367736816406,335400,0.0,0.0,0.0
2013-10-15 00:00:00-04:00,46.45484128979355,46.76514777693572,45.97527084897417,46.05284881591797,468700,0.0,0.0,0.0
2013-10-16 00:00:00-04:00,46.96968053991493,47.279992470592596,46.927367233234925,47.23062515258789,293300,0.0,0.0,0.0
2013-10-17 00:00:00-04:00,47.38577418867087,47.55503277127419,47.21651022543421,47.49861145019531,298600,0.0,0.0,0.0
2013-10-18 00:00:00-04:00,47.75251253396434,47.83009052237937,47.50567592565949,47.526832580566406,171400,0.0,0.0,0.0
2013-10-21 00:00:00-04:00,47.491567901965205,47.710199224150514,47.37873061558349,47.526832580566406,124200,0.0,0.0,0.0
2013-10-22 00:00:00-04:00,47.86533600685186,48.71163414756767,47.83712535141036,48.48595428466797,450600,0.0,0.0,0.0
2013-10-23 00:00:00-04:00,47.80187814303839,47.85124546293069,47.279994278372044,47.32230758666992,415700,0.0,0.0,0.0
2013-10-24 00:00:00-04:00,47.533881400763384,47.69608599109008,47.20946683947606,47.3011474609375,572400,0.0,0.0,0.0
2013-10-25 00:00:00-04:00,47.05430628232628,47.540930767030396,47.02609562140961,47.49155807495117,341000,0.0,0.0,0.0
2013-10-28 00:00:00-04:00,47.442192697503266,47.886503899261584,47.42809005678673,47.823028564453125,224500,0.0,0.0,0.0
2013-10-29 00:00:00-04:00,47.547979991743745,47.69608192793439,47.477456028886316,47.56208801269531,234700,0.0,0.0,0.0
2013-10-30 00:00:00-04:00,47.68904267512178,47.74545862812063,46.54653488190123,46.828636169433594,318100,0.0,0.0,0.0
2013-10-31 00:00:00-04:00,47.0260976498677,47.0331516605595,46.271479924855086,46.278533935546875,681500,0.0,0.0,0.0
2013-11-01 00:00:00-04:00,45.975278846704725,46.15159146031457,45.43928699475331,45.6438102722168,781500,0.0,0.0,0.0
2013-11-04 00:00:00-05:00,45.82717536156155,46.29969185885265,45.7919106877675,46.264427185058594,761500,0.0,0.0,0.0
2013-11-05 00:00:00-05:00,45.523920404218295,45.61560102912271,45.11487383655101,45.171295166015625,614400,0.0,0.0,0.0
2013-11-06 00:00:00-05:00,45.742541423260256,45.87654072120597,45.552120801902284,45.622650146484375,438000,0.0,0.0,0.0
2013-11-07 00:00:00-05:00,45.58032731529687,45.65085665346002,44.557716479527954,44.62118911743164,527200,0.0,0.0,0.0
2013-11-08 00:00:00-05:00,44.19803912461084,44.57182364782638,44.19098780469355,44.50129699707031,769400,0.0,0.0,0.0
2013-11-11 00:00:00-05:00,44.289721481888996,44.423720770312485,43.93004498680384,44.10635757446289,498000,0.0,0.0,0.0
2013-11-12 00:00:00-05:00,44.16982496908668,44.43781813348007,43.8524618109195,44.092247009277344,744900,0.0,0.0,0.0
2013-11-13 00:00:00-05:00,43.91594506870678,44.324988923517544,43.739632459320774,44.247413635253906,362900,0.0,0.0,0.0
2013-11-14 00:00:00-05:00,44.19098311234781,45.439276449857495,43.9370925772182,45.34054183959961,349500,0.0,0.0,0.0
2013-11-15 00:00:00-05:00,45.50275482497893,45.99643334837962,45.50275482497893,45.88359069824219,785100,0.0,0.0,0.0
2013-11-18 00:00:00-05:00,46.0105373113582,46.384319184569385,45.80601403758279,45.834224700927734,607400,0.0,0.0,0.0
2013-11-19 00:00:00-05:00,45.6226543974205,45.6226543974205,44.860982602286185,45.00203323364258,445300,0.0,0.0,0.0
2013-11-20 00:00:00-05:00,45.67201329403387,46.13747571815102,44.741080374849965,44.832763671875,497300,0.0,0.0,0.0
2013-11-21 00:00:00-05:00,44.86803153471918,45.079606125332354,44.76929690512082,45.016136169433594,253100,0.0,0.0,0.0
2013-11-22 00:00:00-05:00,44.762246416421476,45.248870943223665,44.698773769026275,45.13602828979492,315300,0.0,0.0,0.0
2013-11-25 00:00:00-05:00,45.284130419603805,45.495707705319184,44.67056328585325,44.77635192871094,647200,0.0,0.0,0.0
2013-11-26 00:00:00-05:00,44.20509325890128,44.43782448125783,44.03583198692835,44.35319519042969,375200,0.0,0.0,0.0
2013-11-27 00:00:00-05:00,44.317941906871,44.57183251949446,44.05699997292675,44.388465881347656,377900,0.0,0.0,0.0
2013-11-29 00:00:00-05:00,45.09371629525543,45.44634423786983,44.92445768073038,45.262977600097656,332300,0.0,0.0,0.0
2013-12-02 00:00:00-05:00,44.69876984458887,44.88918777005627,43.90888748183891,43.98646545410156,540800,0.0,0.0,0.0
2013-12-03 00:00:00-05:00,43.30942635355631,43.662051548648066,42.77343724075621,43.06964111328125,1068000,0.0,0.0,0.0
2013-12-04 00:00:00-05:00,42.9427007034543,43.00617335339005,42.08934828012029,42.6182861328125,584500,0.0,0.0,0.0
2013-12-05 00:00:00-05:00,42.70290636371758,43.33057871844589,42.70290636371758,42.81574630737305,411800,0.0,0.0,0.0
2013-12-06 00:00:00-05:00,44.02172505093557,44.77634539187505,43.95120109287077,44.600032806396484,567000,0.0,0.0,0.0
2013-12-09 00:00:00-05:00,44.494244486114496,44.783397020682614,44.346142558966164,44.40256118774414,307400,0.0,0.0,0.0
2013-12-10 00:00:00-05:00,44.423729675034316,44.621198951893795,44.32499234628746,44.48014831542969,232800,0.0,0.0,0.0
2013-12-11 00:00:00-05:00,44.162773240684544,44.388453122522016,43.47868227587814,43.591522216796875,413700,0.0,0.0,0.0
2013-12-12 00:00:00-05:00,43.020275579891056,43.25300950962616,42.49838908583821,42.67470169067383,355800,0.0,0.0,0.0
2013-12-13 00:00:00-05:00,42.935642658227195,43.520999057900845,42.82985402812977,43.40110778808594,263500,0.0,0.0,0.0
2013-12-16 00:00:00-05:00,43.260065456483765,43.8313193257574,43.260065456483765,43.66910934448242,285300,0.0,0.0,0.0
2013-12-17 00:00:00-05:00,43.7325790019376,43.84541896576031,43.436375105771845,43.47869110107422,240900,0.0,0.0,0.0
2013-12-18 00:00:00-05:00,43.65838696447532,45.24778796615841,42.58446795925535,44.159549713134766,690800,0.921,0.0,0.0
2013-12-19 00:00:00-05:00,43.78010054310442,44.173870310827986,43.665549288291786,43.93760681152344,281600,0.0,0.0,0.0
2013-12-20 00:00:00-05:00,44.47456909763661,44.732310119780344,44.24546657375718,44.274105072021484,334100,0.0,0.0,0.0
2013-12-23 00:00:00-05:00,44.947090001577244,45.476891255003416,44.932770753526015,45.10459899902344,259700,0.0,0.0,0.0
2013-12-24 00:00:00-05:00,45.15472050008054,45.433939043286315,45.15472050008054,45.348026275634766,75200,0.0,0.0,0.0
2013-12-26 00:00:00-05:00,45.29074609828707,45.74895386621622,44.98289180821214,45.05448532104492,136000,0.0,0.0,0.0
2013-12-27 00:00:00-05:00,45.12607614050711,45.348020386829816,44.954250627516934,45.06880187988281,265100,0.0,0.0,0.0
2013-12-30 00:00:00-05:00,45.5055351513642,45.99953697772811,45.31938763572495,45.96373748779297,357800,0.0,0.0,0.0
2013-12-31 00:00:00-05:00,45.82055176057542,46.20000233088502,45.29075042915197,46.171363830566406,152600,0.0,0.0,0.0
2014-01-02 00:00:00-05:00,45.72031675167607,45.72031675167607,44.28842460276604,44.38865661621094,622000,0.0,0.0,0.0
2014-01-03 00:00:00-05:00,44.91129085449894,44.91129085449894,44.13090962954193,44.28125762939453,567200,0.0,0.0,0.0
2014-01-06 00:00:00-05:00,44.24546939250096,44.33854315223064,44.03068610407049,44.08796310424805,204500,0.0,0.0,0.0
2014-01-07 00:00:00-05:00,44.86833682390469,45.04016507446122,44.3600157931476,44.43877029418945,211500,0.0,0.0,0.0
2014-01-08 00:00:00-05:00,44.195356855789406,44.29558888285871,43.45793317282134,43.70135498046875,282500,0.0,0.0,0.0
2014-01-09 00:00:00-05:00,43.321890292385405,43.357689776481,42.77777254620887,43.27177429199219,416000,0.0,0.0,0.0
2014-01-10 00:00:00-05:00,43.7729353279009,44.567635776312684,43.47223933721379,44.50320053100586,759800,0.0,0.0,0.0
2014-01-13 00:00:00-05:00,44.2526224147009,44.48172491192224,43.450760943309,43.5438346862793,503600,0.0,0.0,0.0
2014-01-14 00:00:00-05:00,43.65838829861249,44.05931905601536,43.493721040514174,43.93760681152344,295200,0.0,0.0,0.0
2014-01-15 00:00:00-05:00,43.80157695833277,44.03067946224858,43.61542946695287,43.83021545410156,203200,0.0,0.0,0.0
2014-01-16 00:00:00-05:00,43.87317472742324,44.05932223688103,43.436447183446354,43.787261962890625,282800,0.0,0.0,0.0
2014-01-17 00:00:00-05:00,43.91613706841871,44.00204984193691,43.70135376906432,43.76578903198242,175900,0.0,0.0,0.0
2014-01-21 00:00:00-05:00,44.20966888589742,44.38865539960551,43.62975159828094,44.00920486450195,277000,0.0,0.0,0.0
2014-01-22 00:00:00-05:00,44.3313803405044,44.62492085767913,44.13091631035345,44.46025085449219,431200,0.0,0.0,0.0
2014-01-23 00:00:00-05:00,44.20967286960986,44.2239921197309,43.09995693084724,43.500885009765625,542100,0.0,0.0,0.0
2014-01-24 00:00:00-05:00,42.38401154517964,42.40548905517414,41.381685868297765,41.52487564086914,1017300,0.0,0.0,0.0
2014-01-27 00:00:00-05:00,41.48191801133214,41.58215276420828,40.5941463347998,41.002235412597656,812600,0.0,0.0,0.0
2014-01-28 00:00:00-05:00,41.83272773882283,42.08330776279066,41.59646423240966,41.954437255859375,522100,0.0,0.0,0.0
2014-01-29 00:00:00-05:00,40.76596787309018,41.10962165584117,40.17889231950091,40.36503982543945,525700,0.0,0.0,0.0
2014-01-30 00:00:00-05:00,40.80177082465838,40.99507387483156,40.615623302918515,40.77313232421875,396200,0.0,0.0,0.0
2014-01-31 00:00:00-05:00,40.29344054290432,41.53202681167293,40.25048553024703,41.31008529663086,476800,0.0,0.0,0.0
2014-02-03 00:00:00-05:00,40.923474718427215,41.00222921823041,39.59897566337253,39.73500442504883,647700,0.0,0.0,0.0
2014-02-04 00:00:00-05:00,40.53686113676464,41.06666237037238,40.40083238204242,40.85187911987305,818200,0.0,0.0,0.0
2014-02-05 00:00:00-05:00,40.6800552766903,40.86620278339077,40.22185023114683,40.65141677856445,460400,0.0,0.0,0.0
2014-02-06 00:00:00-05:00,40.52254187355908,41.57498335105066,40.52254187355908,41.37451934814453,411100,0.0,0.0,0.0
2014-02-07 00:00:00-05:00,41.59646934698808,41.89000715306468,41.4318020636883,41.71818161010742,523800,0.0,0.0,0.0
2014-02-10 00:00:00-05:00,41.567827871366596,41.59646363718356,41.12393936223624,41.28144836425781,565900,0.0,0.0,0.0
2014-02-11 00:00:00-05:00,41.37452283488017,42.326729660046354,41.281449083779954,42.226497650146484,442500,0.0,0.0,0.0
2014-02-12 00:00:00-05:00,42.36968660046027,42.78493388087983,42.054671328034495,42.23365783691406,654000,0.0,0.0,0.0
2014-02-13 00:00:00-05:00,41.79692749013713,42.562989477817744,41.653737746498734,42.49855422973633,268400,0.0,0.0,0.0
2014-02-14 00:00:00-05:00,43.09279283799135,43.6941876441924,42.906648062053705,43.55815887451172,275300,0.0,0.0,0.0
2014-02-18 00:00:00-05:00,43.99487947365679,44.11658897505035,43.51519426370568,43.53667449951172,219700,0.0,0.0,0.0
2014-02-19 00:00:00-05:00,43.414965044624694,43.944766286823985,42.69901904393863,42.920963287353516,397300,0.0,0.0,0.0
2014-02-20 00:00:00-05:00,42.835052198191256,43.33621223327194,42.54867269433027,43.2574577331543,336300,0.0,0.0,0.0
2014-02-21 00:00:00-05:00,43.20018500758501,43.80873806103776,43.15006900229444,43.658390045166016,478400,0.0,0.0,0.0
2014-02-24 00:00:00-05:00,44.22398382187695,44.88265281715102,44.17386782141554,44.667869567871094,240900,0.0,0.0,0.0
2014-02-25 00:00:00-05:00,44.69651526775657,44.83970503406424,44.10227869347088,44.26694869995117,528500,0.0,0.0,0.0
2014-02-26 00:00:00-05:00,44.06648182307778,44.317064596261034,43.67271201506709,43.99488830566406,636600,0.0,0.0,0.0
2014-02-27 00:00:00-05:00,44.57481092159609,45.305076401366144,44.410143617008444,45.09745407104492,504500,0.0,0.0,0.0
2014-02-28 00:00:00-05:00,44.82538250022972,45.03300750960851,44.11659471105013,44.49604797363281,710100,0.0,0.0,0.0
2014-03-03 00:00:00-05:00,44.38865539960551,44.61775791866247,43.794418863158285,44.00920486450195,905500,0.0,0.0,0.0
2014-03-04 00:00:00-05:00,45.06880969454564,45.34802824990748,44.86118466015739,45.262115478515625,823800,0.0,0.0,0.0
2014-03-05 00:00:00-05:00,45.39098181826924,45.734635603285845,45.24779205839961,45.67020034790039,273000,0.0,0.0,0.0
2014-03-06 00:00:00-05:00,46.1498774721034,46.844345950524826,46.1498774721034,46.65104293823242,728700,0.0,0.0,0.0
2014-03-07 00:00:00-05:00,46.35750445531318,46.35750445531318,45.67019693661762,46.149879455566406,716800,0.0,0.0,0.0
2014-03-10 00:00:00-04:00,45.727477942175014,45.80623245239258,45.40530164179303,45.80623245239258,460600,0.0,0.0,0.0
2014-03-11 00:00:00-04:00,45.620087716991755,45.985221768231035,44.86118384531455,44.918460845947266,465800,0.0,0.0,0.0
2014-03-12 00:00:00-04:00,44.89698511215139,45.34087371826172,44.7251595552399,45.34087371826172,450800,0.0,0.0,0.0
2014-03-13 00:00:00-04:00,45.57712678673943,45.70599729805441,44.445933414340345,44.63923645019531,606500,0.0,0.0,0.0
2014-03-14 00:00:00-04:00,44.63923511026054,45.53416767246398,44.63923511026054,45.3050651550293,626200,0.0,0.0,0.0
2014-03-17 00:00:00-04:00,45.283585178163825,45.65587743147332,45.090279427534824,45.51268768310547,721500,0.0,0.0,0.0
2014-03-18 00:00:00-04:00,45.59144330538481,46.2357958233689,45.59144330538481,46.06396484375,498700,0.0,0.0,0.0
2014-03-19 00:00:00-04:00,45.63440178865563,45.63440178865563,43.86601419600021,44.18819046020508,670600,0.0,0.0,0.0
2014-03-20 00:00:00-04:00,44.488886947863655,44.66787345971127,44.037840173294796,44.58911895751953,481500,0.0,0.0,0.0
2014-03-21 00:00:00-04:00,44.92561842568186,45.79191256376063,44.76095114803101,44.861183166503906,815900,0.0,0.0,0.0
2014-03-24 00:00:00-04:00,45.23347631650082,45.60576862858072,45.10460579573786,45.5556526184082,569800,0.0,0.0,0.0
2014-03-25 00:00:00-04:00,46.04249221616008,46.63672879362092,45.97089869818251,46.50785827636719,664800,0.0,0.0,0.0
2014-03-26 00:00:00-04:00,46.736955331607476,47.07345083510876,46.60808482946304,46.6152458190918,369100,0.0,0.0,0.0
2014-03-27 00:00:00-04:00,46.04965329757309,47.238126454841925,45.92078278006485,47.22380447387695,366800,0.0,0.0,0.0
2014-03-28 00:00:00-04:00,47.474387191151926,47.868159756327984,47.316878165081505,47.54598617553711,841900,0.0,0.0,0.0
2014-03-31 00:00:00-04:00,47.53166440962607,47.86815997371639,47.374155382840335,47.402793884277344,474300,0.0,0.0,0.0
2014-04-01 00:00:00-04:00,47.84667648158972,48.14021152571008,47.78939948587625,48.09009552001953,411100,0.0,0.0,0.0
2014-04-02 00:00:00-04:00,47.639061645615286,47.85384223207049,47.56030712524421,47.69633865356445,197100,0.0,0.0,0.0
2014-04-03 00:00:00-04:00,47.331198033811596,47.50302357174675,46.880153948393534,47.45290756225586,579300,0.0,0.0,0.0
2014-04-04 00:00:00-04:00,47.78940060147608,48.03281964558829,46.74411998536144,46.77275848388672,937600,0.0,0.0,0.0
2014-04-07 00:00:00-04:00,47.10208885485583,47.35982985653713,46.85866437005256,47.180843353271484,439200,0.0,0.0,0.0
2014-04-08 00:00:00-04:00,47.9683869211288,48.397953472751595,47.76076190436018,47.911109924316406,629500,0.0,0.0,0.0
2014-04-09 00:00:00-04:00,48.16885237803128,49.14970049418663,47.73928581365322,48.83468246459961,799200,0.0,0.0,0.0
2014-04-10 00:00:00-04:00,48.68434289012148,48.8060524364101,47.99703517537634,48.00419616699219,662800,0.0,0.0,0.0
2014-04-11 00:00:00-04:00,47.366989723858424,47.8395112409226,47.366989723858424,47.596092224121094,521100,0.0,0.0,0.0
2014-04-14 00:00:00-04:00,47.538813298970254,47.66768379151345,47.02333132879746,47.26675033569336,354100,0.0,0.0,0.0
2014-04-15 00:00:00-04:00,47.14504313774839,47.2381196138355,46.09260164088445,47.109249114990234,1300300,0.0,0.0,0.0
2014-04-16 00:00:00-04:00,46.872994421341055,47.624734587176036,46.815717419495854,47.50302505493164,506400,0.0,0.0,0.0
2014-04-17 00:00:00-04:00,47.71780585391044,48.41942993183658,47.66052885833914,48.15453338623047,266500,0.0,0.0,0.0
2014-04-21 00:00:00-04:00,48.197487675129864,48.35499667945874,47.932585671282666,48.08293914794922,516100,0.0,0.0,0.0
2014-04-22 00:00:00-04:00,47.70348330820349,48.08293930268733,47.68916679059791,47.92543029785156,474700,0.0,0.0,0.0
2014-04-23 00:00:00-04:00,47.78939830508377,47.86815280668517,47.14504577481545,47.61757278442383,534700,0.0,0.0,0.0
2014-04-24 00:00:00-04:00,47.853834494620834,47.98270501055143,47.359835402082915,47.77508544921875,267400,0.0,0.0,0.0
2014-04-25 00:00:00-04:00,47.63905354900309,47.746446555096504,47.25244200440789,47.4958610534668,620800,0.0,0.0,0.0
2014-04-28 00:00:00-04:00,47.81087337564836,48.02565936220258,47.266752882016334,47.83951187133789,1022200,0.0,0.0,0.0
2014-04-29 00:00:00-04:00,47.60324520422933,48.04713366446528,47.60324520422933,47.97554016113281,514500,0.0,0.0,0.0
2014-04-30 00:00:00-04:00,47.510181037245836,48.06861809077782,47.50302004721121,48.0113410949707,312300,0.0,0.0,0.0
2014-05-01 00:00:00-04:00,47.85383268893907,48.25476620239197,47.68916815171818,48.14737319946289,421300,0.0,0.0,0.0
2014-05-02 00:00:00-04:00,48.30488341189636,48.8060434884008,48.19032941598954,48.526824951171875,339500,0.0,0.0,0.0
2014-05-05 00:00:00-04:00,48.111570960185254,48.140209456811206,47.48154042111848,47.810874938964844,166200,0.0,0.0,0.0
2014-05-06 00:00:00-04:00,48.17600256713223,48.440904529186874,48.0113325988855,48.09724807739258,718900,0.0,0.0,0.0
2014-05-07 00:00:00-04:00,48.018497768826236,48.569773782771726,47.86814976502292,48.562618255615234,182700,0.0,0.0,0.0
2014-05-08 00:00:00-04:00,49.099569655884565,49.65084557891781,49.099569655884565,49.22127914428711,336400,0.0,0.0,0.0
2014-05-09 00:00:00-04:00,49.09957747921382,49.18548750248838,48.712965987775,48.985023498535156,373900,0.0,0.0,0.0
2014-05-12 00:00:00-04:00,49.47186262103147,49.65801009207065,49.21412164951076,49.615055084228516,464100,0.0,0.0,0.0
2014-05-13 00:00:00-04:00,49.693817828601496,50.087584877779825,49.65801834129671,49.858482360839844,353400,0.0,0.0,0.0
2014-05-14 00:00:00-04:00,50.187817792146554,50.724777337987426,49.994514759027226,50.55295181274414,533000,0.0,0.0,0.0
2014-05-15 00:00:00-04:00,50.230772296810365,50.230772296810365,49.142531354465625,49.493343353271484,390100,0.0,0.0,0.0
2014-05-16 00:00:00-04:00,49.6723303987222,49.80836188358408,49.335840374551545,49.7081298828125,302800,0.0,0.0,0.0
2014-05-19 00:00:00-04:00,49.815523364182006,50.223612360558256,49.815523364182006,50.10905838012695,177400,0.0,0.0,0.0
2014-05-20 00:00:00-04:00,49.63654110206654,49.7367731123798,49.14253657821195,49.52914810180664,352500,0.0,0.0,0.0
2014-05-21 00:00:00-04:00,49.808367723066056,50.13054126871251,49.68665820246495,50.08042526245117,187300,0.0,0.0,0.0
2014-05-22 00:00:00-04:00,50.45988010807028,50.660344128512705,50.280893595213136,50.49567413330078,237800,0.0,0.0,0.0
2014-05-23 00:00:00-04:00,50.61738819588967,50.82501322491417,50.51715617666893,50.5672721862793,535700,0.0,0.0,0.0
2014-05-27 00:00:00-04:00,49.715299562106026,49.8083705898811,49.03514748114327,49.35732650756836,459300,0.0,0.0,0.0
2014-05-28 00:00:00-04:00,49.142538930219466,49.45039596584021,48.920597391365604,49.385963439941406,571600,0.0,0.0,0.0
2014-05-29 00:00:00-04:00,49.46471451545777,49.83700955450081,49.45039799652629,49.7725715637207,234400,0.0,0.0,0.0
2014-05-30 00:00:00-04:00,49.307209068993004,49.378802585377954,48.269083963588116,48.433753967285156,581300,0.0,0.0,0.0
2014-06-02 00:00:00-04:00,48.26192409880565,48.43374961513671,48.06145462381228,48.218963623046875,238500,0.0,0.0,0.0
2014-06-03 00:00:00-04:00,48.00418705224477,48.25476708885923,47.946910054665715,47.954071044921875,277100,0.0,0.0,0.0
2014-06-04 00:00:00-04:00,47.975546499586656,48.118733525169226,47.72496647369971,47.7822380065918,207000,0.0,0.0,0.0
2014-06-05 00:00:00-04:00,48.46239162280058,48.65569465989904,48.18317309019444,48.53398513793945,224100,0.0,0.0,0.0
2014-06-06 00:00:00-04:00,48.970700609303414,49.50049904541122,48.841830128927604,49.35015106201172,296000,0.0,0.0,0.0
2014-06-09 00:00:00-04:00,49.30721143242935,49.3215279514985,48.9635548901799,49.178340911865234,228900,0.0,0.0,0.0
2014-06-10 00:00:00-04:00,49.05661505091464,49.64369052291745,49.04945952408313,49.59357452392578,356700,0.0,0.0,0.0
2014-06-11 00:00:00-04:00,49.02798824106382,49.421755293902834,48.99218875342621,49.278568267822266,309400,0.0,0.0,0.0
2014-06-12 00:00:00-04:00,49.586415325346024,49.700963830744584,49.15684887119227,49.34299087524414,408300,0.0,0.0,0.0
2014-06-13 00:00:00-04:00,48.99218845023045,49.75825050571392,48.8633179426615,49.70097351074219,306700,0.0,0.0,0.0
2014-06-16 00:00:00-04:00,49.42175852067924,49.52199053792683,48.93491495309012,49.142539978027344,334900,0.0,0.0,0.0
2014-06-17 00:00:00-04:00,49.13537818414501,49.28572620755797,48.83468213731909,49.14970016479492,386900,0.0,0.0,0.0
2014-06-18 00:00:00-04:00,48.927760661951005,49.97304692020222,48.763096094884546,49.94440841674805,702600,0.0,0.0,0.0
2014-06-19 00:00:00-04:00,49.951548895476506,50.381120855622555,49.55778188165513,49.7081298828125,336000,0.0,0.0,0.0
2014-06-20 00:00:00-04:00,49.84415565557794,50.26656111581739,49.60789219702008,50.22360610961914,171800,0.0,0.0,0.0
2014-06-23 00:00:00-04:00,50.17350178577935,50.216456801969315,49.65085875244966,49.98735427856445,168200,0.0,0.0,0.0
2014-06-24 00:00:00-04:00,50.27374043508229,50.47420448674569,49.38596872247192,49.54347229003906,594400,0.0,0.0,0.0
2014-06-25 00:00:00-04:00,49.58897610465248,49.70457077026367,49.35779228528713,49.70457077026367,349800,0.623,0.0,0.0
2014-06-26 00:00:00-04:00,49.76236389010712,49.97910113785685,49.51673348705745,49.91407775878906,279000,0.0,0.0,0.0
2014-06-27 00:00:00-04:00,49.711791216017005,50.05134365583466,49.60342810701735,50.01522445678711,276600,0.0,0.0,0.0
2014-06-30 00:00:00-04:00,50.015226420845856,50.051345621311775,49.6178766327201,49.639549255371094,281400,0.0,0.0,0.0
2014-07-01 00:00:00-04:00,49.94297371083423,50.12358623685442,49.849057181572206,50.036895751953125,241500,0.0,0.0,0.0
2014-07-02 00:00:00-04:00,49.92130737565954,50.08747334573862,49.84906345852595,50.05857467651367,355000,0.0,0.0,0.0
2014-07-03 00:00:00-04:00,49.37223829927095,50.094688415527344,49.307220434499214,50.094688415527344,172900,0.0,0.0,0.0
2014-07-07 00:00:00-04:00,49.66122544947849,49.8418380003688,49.57453495264003,49.7840461730957,236100,0.0,0.0,0.0
2014-07-08 00:00:00-04:00,50.33310258128442,50.499268547451166,49.93575829047622,50.13081741333008,412700,0.0,0.0,0.0
2014-07-09 00:00:00-04:00,50.044121000275766,50.48481604624169,49.86350845723587,50.340328216552734,359400,0.0,0.0,0.0
2014-07-10 00:00:00-04:00,49.220524529958226,49.73346345205368,48.98212018015117,49.6684455871582,499700,0.0,0.0,0.0
2014-07-11 00:00:00-04:00,49.653998609637604,50.0441168195787,49.653998609637604,49.99354553222656,172300,0.0,0.0,0.0
2014-07-14 00:00:00-04:00,50.02967296823732,50.20305946119711,49.950203010660495,50.195838928222656,126200,0.0,0.0,0.0
2014-07-15 00:00:00-04:00,50.43424187993936,50.52816392455533,49.8490590376396,49.97187423706055,353800,0.0,0.0,0.0
2014-07-16 00:00:00-04:00,50.759354500438924,50.92551496603506,50.593188522984974,50.70155715942383,160400,0.0,0.0,0.0
2014-07-17 00:00:00-04:00,49.993552996535406,50.405349401273945,49.53841134241106,49.581756591796875,1104700,0.0,0.0,0.0
2014-07-18 00:00:00-04:00,50.123582833476995,50.60040251548567,49.9140716560965,50.49925994873047,153900,0.0,0.0,0.0
2014-07-21 00:00:00-04:00,49.98632107108436,50.67987246248712,49.8635003727189,50.49925994873047,325700,0.0,0.0,0.0
2014-07-22 00:00:00-04:00,51.171150924067526,51.2939661398664,51.033883617081834,51.062782287597656,233100,0.0,0.0,0.0
2014-07-23 00:00:00-04:00,51.3589736057407,51.62628211994342,51.15668846498479,51.416770935058594,220100,0.0,0.0,0.0
2014-07-24 00:00:00-04:00,51.47457388348707,51.57571646490604,51.27951476556686,51.43122863769531,225200,0.0,0.0,0.0
2014-07-25 00:00:00-04:00,51.1711445153501,51.35897758239184,51.05554984776399,51.35175704956055,239500,0.0,0.0,0.0
2014-07-28 00:00:00-04:00,51.5973854894656,52.08142573990822,51.46012371674506,51.843021392822266,734000,0.0,0.0,0.0
2014-07-29 00:00:00-04:00,51.741888148763955,51.82857864993417,51.35898489178317,51.3662109375,300600,0.0,0.0,0.0
2014-07-30 00:00:00-04:00,51.070006383107504,51.106125585979726,50.1380449640256,50.52094268798828,511700,0.0,0.0,0.0
2014-07-31 00:00:00-04:00,50.31142700163541,50.39089695749903,49.885184067327906,49.957427978515625,519000,0.0,0.0,0.0
2014-08-01 00:00:00-04:00,50.23196428701735,50.41980289266918,49.56731138930519,50.16694641113281,510100,0.0,0.0,0.0
2014-08-04 00:00:00-04:00,50.72322651340162,51.57571794689818,50.71600046827626,51.46012878417969,360400,0.0,0.0,0.0
2014-08-05 00:00:00-04:00,50.88938772261458,50.990530297484234,50.1235868547854,50.23918151855469,288000,0.0,0.0,0.0
2014-08-06 00:00:00-04:00,49.82016490729494,50.04412270449678,49.610653688811,49.747920989990234,638600,0.0,0.0,0.0
2014-08-07 00:00:00-04:00,49.841842224823004,49.849068270791214,48.85208888964431,49.32890319824219,580200,0.0,0.0,0.0
2014-08-08 00:00:00-04:00,49.86350803634429,50.759350210797784,49.81293674519428,50.665428161621094,448600,0.0,0.0,0.0
2014-08-11 00:00:00-04:00,51.135022154193365,51.81412707783409,51.135022154193365,51.79967498779297,422900,0.0,0.0,0.0
2014-08-12 00:00:00-04:00,51.51791800832497,51.92971436995849,51.409554896203396,51.86469650268555,348600,0.0,0.0,0.0
2014-08-13 00:00:00-04:00,51.95140144461386,52.11033587369576,51.698539441195734,51.958621978759766,694500,0.0,0.0,0.0
2014-08-14 00:00:00-04:00,51.52514926347702,51.712987863244564,51.48902454787866,51.64796447753906,141400,0.0,0.0,0.0
2014-08-15 00:00:00-04:00,51.452900262726196,51.55404284218363,50.65098015998711,50.99775314331055,290800,0.0,0.0,0.0
2014-08-18 00:00:00-04:00,51.16391683181845,51.45289797967017,50.98330430339324,51.387874603271484,163900,0.0,0.0,0.0
2014-08-19 00:00:00-04:00,51.192820024727524,51.424003861080905,51.062778772287665,51.16392135620117,391900,0.0,0.0,0.0
2014-08-20 00:00:00-04:00,50.70155450219514,51.00498225883526,50.484817240676456,50.74489974975586,285100,0.0,0.0,0.0
2014-08-21 00:00:00-04:00,51.041109634391546,51.3517634524422,50.96886571407093,51.17837142944336,382600,0.0,0.0,0.0
2014-08-22 00:00:00-04:00,50.9182980833243,50.9182980833243,50.52094822517638,50.766578674316406,437800,0.0,0.0,0.0
2014-08-25 00:00:00-04:00,50.8966128062255,51.178367934535636,50.76657155378563,51.16392135620117,289700,0.0,0.0,0.0
2014-08-26 00:00:00-04:00,51.50347639273373,51.857475454103465,51.50347639273373,51.792457580566406,450200,0.0,0.0,0.0
2014-08-27 00:00:00-04:00,51.89359708041614,52.197024829242096,51.77800240742109,52.1609001159668,242800,0.0,0.0,0.0
2014-08-28 00:00:00-04:00,51.35175021654061,51.662403954520336,51.10611433653375,51.60460662841797,364500,0.0,0.0,0.0
2014-08-29 00:00:00-04:00,51.293960348762454,51.43844817317102,50.968859987914584,50.99775314331055,287100,0.0,0.0,0.0
2014-09-02 00:00:00-04:00,51.18559471263901,51.25783862906074,50.76657228079241,50.939964294433594,344500,0.0,0.0,0.0
2014-09-03 00:00:00-04:00,51.98028003237411,52.01640474040869,51.68407837154554,51.85023880004883,288500,0.0,0.0,0.0
2014-09-04 00:00:00-04:00,52.305391531503886,52.48600406751608,51.67685792191285,51.86469650268555,343300,0.0,0.0,0.0
2014-09-05 00:00:00-04:00,52.05254592336932,52.57270550544734,51.85748125721403,52.50046157836914,380100,0.0,0.0,0.0
2014-09-08 00:00:00-04:00,51.95861432002493,52.16812552839487,51.344532784792946,51.4818000793457,297800,0.0,0.0,0.0
2014-09-09 00:00:00-04:00,50.80270757469955,50.96164753104145,50.13082853952793,50.39091110229492,512900,0.0,0.0,0.0
2014-09-10 00:00:00-04:00,49.921303023549264,50.28252808958342,49.7840412465191,50.21751022338867,200300,0.0,0.0,0.0
2014-09-11 00:00:00-04:00,49.87795693707657,50.05856946704345,49.56730316505926,49.719017028808594,431600,0.0,0.0,0.0
2014-09-12 00:00:00-04:00,49.480603968959805,49.55284787390674,49.03268845117481,49.249420166015625,520200,0.0,0.0,0.0
2014-09-15 00:00:00-04:00,48.996569578866904,49.12661082800356,48.78705837126577,49.0037956237793,280800,0.0,0.0,0.0
2014-09-16 00:00:00-04:00,49.05436714120206,50.26808363480205,48.94599851444437,49.89240646362305,580500,0.0,0.0,0.0
2014-09-17 00:00:00-04:00,49.84906556781187,50.1524933397266,48.82318757027669,49.01102066040039,375700,0.0,0.0,0.0
2014-09-18 00:00:00-04:00,49.3072185934025,49.798484874587594,49.14827869186368,49.487831115722656,256300,0.0,0.0,0.0
2014-09-19 00:00:00-04:00,50.12359050648267,50.13804259643519,49.06159339298068,49.27109909057617,570600,0.0,0.0,0.0
2014-09-22 00:00:00-04:00,48.82318817718108,48.86653342746262,47.66726890419106,47.89845275878906,448800,0.0,0.0,0.0
2014-09-23 00:00:00-04:00,47.558888387833115,47.78284614082692,47.12541945771174,47.19043731689453,459100,0.0,0.0,0.0
2014-09-24 00:00:00-04:00,47.70338297040675,48.12240538418595,47.154319307932525,48.035709381103516,404600,0.0,0.0,0.0
2014-09-25 00:00:00-04:00,47.28436155007562,47.28436155007562,46.41019750342624,46.5185661315918,335100,0.0,0.0,0.0
2014-09-26 00:00:00-04:00,46.68473754945444,47.13987922668457,46.54024419107009,46.959266662597656,148400,0.0,0.0,0.0
2014-09-29 00:00:00-04:00,46.27294011391726,46.59081447170925,46.13567280441245,46.244041442871094,277600,0.0,0.0,0.0
2014-09-30 00:00:00-04:00,46.17178845823198,46.48966552853121,45.99839921156875,46.33795166015625,443200,0.0,0.0,0.0
2014-10-01 00:00:00-04:00,46.63416641599517,46.793100842989865,45.478244348216165,45.6877555847168,571600,0.0,0.0,0.0
2014-10-02 00:00:00-04:00,46.15011315979845,46.467990211665175,45.3481931078475,46.142887115478516,738400,0.0,0.0,0.0
2014-10-03 00:00:00-04:00,46.05619739754983,46.38852380754457,45.75276965518818,46.280155181884766,341300,0.0,0.0,0.0
2014-10-06 00:00:00-04:00,47.284360457122524,47.51554428633192,47.16154525357381,47.31325912475586,609900,0.0,0.0,0.0
2014-10-07 00:00:00-04:00,47.2482472481229,47.30604459071896,46.4679996586499,46.51134490966797,307200,0.0,0.0,0.0
2014-10-08 00:00:00-04:00,46.619714615048295,47.86955599594098,45.96228498559507,47.71784210205078,745600,0.0,0.0,0.0
2014-10-09 00:00:00-04:00,47.42885394974894,47.595014399360146,46.092319504605335,46.330726623535156,563100,0.0,0.0,0.0
2014-10-10 00:00:00-04:00,46.02007621148271,46.21513808737908,45.102564168234736,45.145912170410156,467200,0.0,0.0,0.0
2014-10-13 00:00:00-04:00,46.15734111175705,46.72085136479664,45.83223798272317,45.84668731689453,530200,0.0,0.0,0.0
2014-10-14 00:00:00-04:00,46.30183353230288,46.94481932092814,46.07065243042628,46.46077346801758,735500,0.0,0.0,0.0
2014-10-15 00:00:00-04:00,45.36987466740436,45.68775453782597,43.99722086052669,45.449344635009766,719100,0.0,0.0,0.0
2014-10-16 00:00:00-04:00,44.57518193463641,46.063427717841954,44.40179265829946,45.35542678833008,836000,0.0,0.0,0.0
2014-10-17 00:00:00-04:00,46.31628137347249,46.713631176295145,46.063422157500916,46.30905532836914,624900,0.0,0.0,0.0
2014-10-20 00:00:00-04:00,46.381308777802865,46.66306396431824,46.18624961477628,46.48967742919922,363300,0.0,0.0,0.0
2014-10-21 00:00:00-04:00,47.428852842659445,47.93456573644212,47.38550208615153,47.68170928955078,342200,0.0,0.0,0.0
2014-10-22 00:00:00-04:00,47.23378356780174,47.45052079343183,46.82198724858986,47.067623138427734,615100,0.0,0.0,0.0
2014-10-23 00:00:00-04:00,47.42163305285076,47.56612089531601,47.20489577729499,47.3421630859375,310700,0.0,0.0,0.0
2014-10-24 00:00:00-04:00,47.52277070002543,47.76840662088649,47.24824162316408,47.660037994384766,401000,0.0,0.0,0.0
2014-10-27 00:00:00-04:00,47.204893912010164,47.905671495177224,47.13264999363223,47.88399887084961,332300,0.0,0.0,0.0
2014-10-28 00:00:00-04:00,48.53420206728212,49.09771231132289,48.505303399400894,49.05436706542969,396800,0.0,0.0,0.0
2014-10-29 00:00:00-04:00,49.379466976463895,49.697346808358986,48.584772908583425,48.902652740478516,364200,0.0,0.0,0.0
2014-10-30 00:00:00-04:00,49.09771543963723,49.740695683355234,48.931554978554686,49.523963928222656,224300,0.0,0.0,0.0
2014-10-31 00:00:00-04:00,49.6828962399343,49.8490622058377,49.16273674252928,49.40836715698242,620200,0.0,0.0,0.0
2014-11-03 00:00:00-05:00,49.68289201020164,49.90685529403549,49.502279481353966,49.61787414550781,424400,0.0,0.0,0.0
2014-11-04 00:00:00-05:00,49.61788015002619,49.78404612189172,49.256655048617105,49.53841018676758,693400,0.0,0.0,0.0
2014-11-05 00:00:00-05:00,48.72204618859036,48.93155742064189,48.476410239618325,48.82318878173828,286700,0.0,0.0,0.0
2014-11-06 00:00:00-05:00,48.62090595988639,49.03270239825949,47.53000449575976,47.71061706542969,624600,0.0,0.0,0.0
2014-11-07 00:00:00-05:00,47.927341505311134,48.36803654879381,47.85509759087373,48.28856658935547,444600,0.0,0.0,0.0
2014-11-10 00:00:00-05:00,48.83763282494818,48.95322750360393,48.43306247336838,48.555877685546875,281700,0.0,0.0,0.0
2014-11-11 00:00:00-05:00,48.70036555957365,49.15550715393953,48.64256822674264,49.032691955566406,191400,0.0,0.0,0.0
2014-11-12 00:00:00-05:00,49.119393584700454,49.48061872904536,48.837638413060084,49.047149658203125,265800,0.0,0.0,0.0
2014-11-13 00:00:00-05:00,49.33611615906593,49.67566857535884,49.08325973582333,49.249420166015625,297700,0.0,0.0,0.0
2014-11-14 00:00:00-05:00,49.93576585911266,50.88940001819263,49.93576585911266,50.853275299072266,547700,0.0,0.0,0.0
2014-11-17 00:00:00-05:00,49.986333531414104,50.29698735298795,49.84184017727634,50.181392669677734,299400,0.0,0.0,0.0
2014-11-18 00:00:00-05:00,50.39813300060638,50.788256812644825,50.39813300060638,50.766578674316406,266100,0.0,0.0,0.0
2014-11-19 00:00:00-05:00,50.3403318569407,50.70878301470689,49.98633279030295,50.40534973144531,339900,0.0,0.0,0.0
2014-11-20 00:00:00-05:00,49.80571271882935,49.85628400643242,49.588975479469354,49.61787414550781,261800,0.0,0.0,0.0
2014-11-21 00:00:00-05:00,51.106126570481585,51.94417146401058,51.106126570481585,51.792457580566406,731800,0.0,0.0,0.0
2014-11-24 00:00:00-05:00,51.54681773078665,51.60461506633952,51.098902159895175,51.18559265136719,335500,0.0,0.0,0.0
2014-11-25 00:00:00-05:00,51.012207890495944,51.35898089188554,50.90383926061514,50.954410552978516,426400,0.0,0.0,0.0
2014-11-26 00:00:00-05:00,50.77379536192011,50.99775314331054,50.65098015998711,50.99775314331055,306700,0.0,0.0,0.0
2014-11-28 00:00:00-05:00,50.2969762435795,50.2969762435795,49.1482777573005,49.18440246582031,449600,0.0,0.0,0.0
2014-12-01 00:00:00-05:00,48.82317990825508,48.95322114893317,48.48362747360356,48.53419876098633,449000,0.0,0.0,0.0
2014-12-02 00:00:00-05:00,49.05437026466895,49.16995943187509,48.794287748633046,48.967674255371094,325300,0.0,0.0,0.0
2014-12-03 00:00:00-05:00,48.837635361391726,49.02547396803411,48.62090359544245,48.82318878173828,204700,0.0,0.0,0.0
2014-12-04 00:00:00-05:00,48.295796945633136,48.425838207971935,48.10073780805386,48.2091064453125,370800,0.0,0.0,0.0
2014-12-05 00:00:00-05:00,47.840657323982164,47.92012729390438,47.5155513983391,47.71784210205078,305300,0.0,0.0,0.0
2014-12-08 00:00:00-05:00,46.93036116990663,46.97370641519298,46.28738097615873,46.54023742675781,334400,0.0,0.0,0.0
2014-12-09 00:00:00-05:00,46.22236750140333,46.40298282310338,46.07065360757866,46.38853073120117,538800,0.0,0.0,0.0
2014-12-10 00:00:00-05:00,45.84669231528615,45.94061161967511,45.33375329795929,45.41322326660156,609100,0.0,0.0,0.0
2014-12-11 00:00:00-05:00,45.174804981319305,45.19648035888333,44.30786704475617,44.36566162109375,1239600,0.0,0.0,0.0
2014-12-12 00:00:00-05:00,44.58962609633317,44.777461930966155,44.0188897913684,44.05501174926758,874100,0.0,0.0,0.0
2014-12-15 00:00:00-05:00,44.170605675542156,44.21395368054847,42.98578776465818,43.20252227783203,838900,0.0,0.0,0.0
2014-12-16 00:00:00-05:00,43.02191192744973,44.033343381963896,42.61011550455172,43.245872497558594,1585600,0.0,0.0,0.0
2014-12-17 00:00:00-05:00,44.20002280036235,46.06731940870024,44.00230864746991,45.02749252319336,1368800,0.803,0.0,0.0
2014-12-18 00:00:00-05:00,47.0924980045648,47.61973571777344,47.0412390928252,47.61973571777344,789800,0.0,0.0,0.0
2014-12-19 00:00:00-05:00,47.2023419616765,47.6490291756945,47.07785682643938,47.38541030883789,588000,0.0,0.0,0.0
2014-12-22 00:00:00-05:00,47.11446309264908,47.23162950642305,46.83620124013907,47.041236877441406,313000,0.0,0.0,0.0
2014-12-23 00:00:00-05:00,47.04123844613922,47.04856274394486,46.80691119757921,46.946044921875,295900,0.0,0.0,0.0
2014-12-24 00:00:00-05:00,46.7629833559356,47.1071527742091,46.7629833559356,46.997310638427734,87400,0.0,0.0,0.0
2014-12-26 00:00:00-05:00,47.23895625709565,47.57580133398496,47.23895625709565,47.370765686035156,199800,0.0,0.0,0.0
2014-12-29 00:00:00-05:00,47.76619520094698,48.0224897674737,47.561153960923065,47.64902877807617,314300,0.0,0.0,0.0
2014-12-30 00:00:00-05:00,47.75154503153134,47.846738556875856,47.47328316658421,47.74422073364258,474800,0.0,0.0,0.0
2014-12-31 00:00:00-05:00,47.68564187816635,47.82477001364199,47.33414821702313,47.46595764160156,176700,0.0,0.0,0.0
2015-01-02 00:00:00-05:00,46.98997983735093,46.98997983735093,46.34558129636662,46.50667953491211,715000,0.0,0.0,0.0
2015-01-05 00:00:00-05:00,45.73046802204497,45.737789525929074,45.034807830215115,45.1739387512207,587600,0.0,0.0,0.0
2015-01-06 00:00:00-05:00,46.24306606069206,46.86549732974217,45.97212289300553,46.22842025756836,755700,0.0,0.0,0.0
2015-01-07 00:00:00-05:00,47.1584018121962,47.6856394840392,46.924074578799534,47.61240768432617,1053700,0.0,0.0,0.0
2015-01-08 00:00:00-05:00,48.25681212269866,48.71814229556775,48.11035410899278,48.43255615234375,727000,0.0,0.0,0.0
2015-01-09 00:00:00-05:00,48.037127811722584,48.161612933053895,47.692958463616755,47.95657730102539,278100,0.0,0.0,0.0
2015-01-12 00:00:00-05:00,47.48792577230212,47.6197351991688,47.23163121639532,47.41469955444336,231700,0.0,0.0,0.0
2015-01-13 00:00:00-05:00,48.30075425293096,48.67421526251937,47.64170705565813,47.96390914916992,454500,0.0,0.0,0.0
2015-01-14 00:00:00-05:00,47.27556645860351,47.685643340311486,47.09249811812031,47.4952507019043,438400,0.0,0.0,0.0
2015-01-15 00:00:00-05:00,48.12501128662942,48.16894590517573,47.136443261716735,47.18770217895508,318900,0.0,0.0,0.0
2015-01-16 00:00:00-05:00,47.04856618470187,47.75887228013366,46.909432450230945,47.685646057128906,1370400,0.0,0.0,0.0
2015-01-20 00:00:00-05:00,47.55382745967771,47.912639794037126,47.36343484710263,47.78083038330078,401000,0.0,0.0,0.0
2015-01-21 00:00:00-05:00,48.454521739592145,49.22341092057923,48.38861982586273,49.142860412597656,635200,0.0,0.0,0.0
2015-01-22 00:00:00-05:00,49.45041145934295,50.79779713850528,49.07695053919449,50.380401611328125,522700,0.0,0.0,0.0
2015-01-23 00:00:00-05:00,49.7726166233228,49.98497654872704,49.65545021476796,49.69939041137695,323700,0.0,0.0,0.0
2015-01-26 00:00:00-05:00,50.13874991042021,50.73921374702638,50.06552370338073,50.629371643066406,660400,0.0,0.0,0.0
2015-01-27 00:00:00-05:00,49.85317163602509,50.16804940395859,49.67010329622194,49.8897819519043,378400,0.0,0.0,0.0
2015-01-28 00:00:00-05:00,50.658664610805594,50.9222834327055,49.977650252031125,50.06552505493164,381400,0.0,0.0,0.0
2015-01-29 00:00:00-05:00,50.47559436729798,50.62204677973779,49.919065143784124,50.54149627685547,366600,0.0,0.0,0.0
2015-01-30 00:00:00-05:00,50.07285302596889,50.30718029024042,49.39916283953858,49.487037658691406,604800,0.0,0.0,0.0
2015-02-02 00:00:00-05:00,50.12411278513647,51.127329370194154,50.12411278513647,50.98087692260742,464100,0.0,0.0,0.0
2015-02-03 00:00:00-05:00,51.49345831084236,52.3062821220227,51.49345831084236,52.29895782470703,655900,0.0,0.0,0.0
2015-02-04 00:00:00-05:00,51.273777652872255,51.60330401337951,50.63670341213572,50.64402770996094,1098900,0.0,0.0,0.0
2015-02-05 00:00:00-05:00,51.4568543318659,52.2843269293748,51.22985134370841,52.262359619140625,332600,0.0,0.0,0.0
2015-02-06 00:00:00-05:00,51.38362415193567,51.61063270944465,50.68064234446889,50.84906768798828,427900,0.0,0.0,0.0
2015-02-09 00:00:00-05:00,50.58543703620301,50.91495776128145,50.56346973277132,50.629371643066406,344200,0.0,0.0,0.0
2015-02-10 00:00:00-05:00,50.05088479550371,50.285212055456874,49.81655753555056,50.13875961303711,391800,0.0,0.0,0.0
2015-02-11 00:00:00-05:00,49.26002521471078,49.3112841251335,48.146972194045226,49.12821578979492,460000,0.0,0.0,0.0
2015-02-12 00:00:00-05:00,49.64813902535069,50.40237973757359,49.58223151385404,50.299861907958984,304500,0.0,0.0,0.0
2015-02-13 00:00:00-05:00,50.39505386108105,51.1200029440258,50.39505386108105,50.98819351196289,429600,0.0,0.0,0.0
2015-02-17 00:00:00-05:00,50.790476398684895,50.96622042590888,50.35843224770697,50.63669967651367,452100,0.0,0.0,0.0
2015-02-18 00:00:00-05:00,49.699388306390006,50.343786765742934,49.5529303018996,50.30717086791992,271300,0.0,0.0,0.0
2015-02-19 00:00:00-05:00,49.91907379914068,50.6586714598422,49.823880273229555,50.233951568603516,556300,0.0,0.0,0.0
2015-02-20 00:00:00-05:00,50.49024738936995,51.06142531951092,50.38041085165297,50.98819351196289,288000,0.0,0.0,0.0
2015-02-23 00:00:00-05:00,51.07607235841128,51.12733127565728,50.70993563899615,50.856388092041016,324400,0.0,0.0,0.0
2015-02-24 00:00:00-05:00,50.9955115514421,51.81565964882219,50.64402350028052,51.625267028808594,594400,0.0,0.0,0.0
2015-02-25 00:00:00-05:00,51.207878073365144,51.56669046796859,51.07606864049821,51.32503890991211,213600,0.0,0.0,0.0
2015-02-26 00:00:00-05:00,51.083399652017725,51.22252781452625,50.83442376308095,50.907649993896484,149400,0.0,0.0,0.0
2015-02-27 00:00:00-05:00,50.175366191681704,50.54150285725288,50.05820536383604,50.131431579589844,387900,0.0,0.0,0.0
2015-03-02 00:00:00-05:00,49.596881197193206,49.75065794498431,49.296646413313326,49.63349151611328,423500,0.0,0.0,0.0
2015-03-03 00:00:00-05:00,49.34790349853776,49.54562044322202,49.17215944855379,49.27467727661133,468500,0.0,0.0,0.0
2015-03-04 00:00:00-05:00,49.40648461909654,49.794588606998,48.79869638791384,49.164833068847656,452400,0.0,0.0,0.0
2015-03-05 00:00:00-05:00,49.63349058885336,49.92640106875591,48.97444340577332,49.216094970703125,1229500,0.0,0.0,0.0
2015-03-06 00:00:00-05:00,48.549719286090344,48.60097819072681,47.6929553274499,47.91996383666992,711800,0.0,0.0,0.0
2015-03-09 00:00:00-04:00,48.0371378725842,48.14698000897672,47.74422737113855,47.81013488769531,580400,0.0,0.0,0.0
2015-03-10 00:00:00-04:00,46.5945545741143,46.85084913217716,46.02337945508664,46.07463836669922,488300,0.0,0.0,0.0
2015-03-11 00:00:00-04:00,46.67510863860915,47.0192752436847,46.470070183171146,46.806915283203125,418500,0.0,0.0,0.0
2015-03-12 00:00:00-04:00,47.363438505331025,47.41469741419862,46.64581098778371,46.71171569824219,521300,0.0,0.0,0.0
2015-03-13 00:00:00-04:00,46.26503001135948,46.29432161548128,45.62795298541648,45.95747375488281,588300,0.0,0.0,0.0
2015-03-16 00:00:00-04:00,46.557944855400955,46.9314002728594,46.20645115960169,46.638492584228516,431900,0.0,0.0,0.0
2015-03-17 00:00:00-04:00,46.51400145895579,47.35611409797043,46.44809674865021,47.31950378417969,427000,0.0,0.0,0.0
2015-03-18 00:00:00-04:00,47.1657333075023,49.36987226255078,46.90211443134986,49.30397033691406,1065300,0.0,0.0,0.0
2015-03-19 00:00:00-04:00,48.53507741798222,48.53507741798222,47.480601991564946,47.61973571777344,676700,0.0,0.0,0.0
2015-03-20 00:00:00-04:00,48.43256317148491,49.01105983915795,48.256819116369925,48.8279914855957,538600,0.0,0.0,0.0
2015-03-23 00:00:00-04:00,49.17948519728729,49.45774708353586,48.97444394832212,49.30397033691406,334800,0.0,0.0,0.0
2015-03-24 00:00:00-04:00,50.04355676860399,50.27788959789961,49.801910815296644,50.131431579589844,555700,0.0,0.0,0.0
2015-03-25 00:00:00-04:00,49.97033220373869,50.043558421911705,48.93782967785391,48.95247268676758,550700,0.0,0.0,0.0
2015-03-26 00:00:00-04:00,48.89388643217376,48.92317803497901,47.96390178701534,48.30807113647461,710100,0.0,0.0,0.0
2015-03-27 00:00:00-04:00,48.4984663001955,48.79137116997761,48.33736526973397,48.63027572631836,658600,0.0,0.0,0.0
2015-03-30 00:00:00-04:00,48.93050447812945,49.1208971113119,48.63027531311311,49.01105499267578,548200,0.0,0.0,0.0
2015-03-31 00:00:00-04:00,48.74011263037944,49.238058734325485,48.56436858981093,49.07695770263672,484000,0.0,0.0,0.0
2015-04-01 00:00:00-04:00,49.69206935773748,50.24127436338286,49.47970941847167,50.09482192993164,1242700,0.0,0.0,0.0
2015-04-02 00:00:00-04:00,50.16803997275114,50.89298889778208,50.13874837347294,50.72456359863281,436700,0.0,0.0,0.0
2015-04-06 00:00:00-04:00,51.56668900957885,52.29164366324539,50.98087366980671,51.661888122558594,299000,0.0,0.0,0.0
2015-04-07 00:00:00-04:00,51.41291317383453,52.20376976252059,50.96622596652866,51.01016616821289,468100,0.0,0.0,0.0
2015-04-08 00:00:00-04:00,51.669202722907514,51.89621124696561,51.19322954308683,51.43487548828125,593500,0.0,0.0,0.0
2015-04-09 00:00:00-04:00,51.874242954615774,52.04266828825133,51.20787709169806,51.39094543457031,756600,0.0,0.0,0.0
2015-04-10 00:00:00-04:00,51.40558652653532,51.69849698156675,51.2957499943505,51.63259506225586,241100,0.0,0.0,0.0
2015-04-13 00:00:00-04:00,51.55204718321996,51.77905014374452,50.82709809972352,50.87103271484375,386300,0.0,0.0,0.0
2015-04-14 00:00:00-04:00,51.06874797892177,51.53008382020886,50.82710199046035,51.339691162109375,224400,0.0,0.0,0.0
2015-04-15 00:00:00-04:00,50.82710545041133,51.25914412638238,50.30718635788537,51.12001037597656,539600,0.0,0.0,0.0
2015-04-16 00:00:00-04:00,51.62527673942162,52.540618525581586,51.62527673942162,52.211097717285156,742800,0.0,0.0,0.0
2015-04-17 00:00:00-04:00,51.69117727050999,51.69117727050999,50.783159807463896,51.2225227355957,591300,0.0,0.0,0.0
2015-04-20 00:00:00-04:00,50.71724488891425,50.980863695616655,50.460950378731724,50.72456359863281,291600,0.0,0.0,0.0
2015-04-21 00:00:00-04:00,51.229851816644775,51.49347071549501,51.01017312547175,51.046783447265625,283600,0.0,0.0,0.0
2015-04-22 00:00:00-04:00,51.14929621033113,51.25913833841685,50.76119219965726,50.885677337646484,149800,0.0,0.0,0.0
2015-04-23 00:00:00-04:00,50.98087471980429,51.82298463724591,50.87103259545897,51.58865737915039,137300,0.0,0.0,0.0
2015-04-24 00:00:00-04:00,51.8376396873249,51.96944913558928,51.559377779568194,51.786380767822266,305200,0.0,0.0,0.0
2015-04-27 00:00:00-04:00,51.99873513366273,52.335580223588686,51.93282762324101,52.01337814331055,287100,0.0,0.0,0.0
2015-04-28 00:00:00-04:00,52.533292297411386,53.514541561270555,52.533292297411386,53.155723571777344,469600,0.0,0.0,0.0
2015-04-29 00:00:00-04:00,52.657784416939926,53.13375767142936,52.33558232373233,52.59920120239258,322500,0.0,0.0,0.0
2015-04-30 00:00:00-04:00,52.13054480929327,52.13054480929327,51.66189028315459,51.764408111572266,503500,0.0,0.0,0.0
2015-05-01 00:00:00-04:00,51.81566403221166,52.31361013581627,51.20787580827618,51.7131462097168,302600,0.0,0.0,0.0
2015-05-04 00:00:00-04:00,51.24449559425241,51.33968912612557,51.06142724209444,51.11268615722656,449000,0.0,0.0,0.0
2015-05-05 00:00:00-04:00,51.58133835222076,51.7863740034494,51.149294155586844,51.25181198120117,1012000,0.0,0.0,0.0
2015-05-06 00:00:00-04:00,50.936924431539104,50.936924431539104,50.32181759589175,50.43165969848633,545600,0.0,0.0,0.0
2015-05-07 00:00:00-04:00,49.93372297857219,50.00694919834441,49.67010411795024,49.838523864746094,456800,0.0,0.0,0.0
2015-05-08 00:00:00-04:00,50.33646430769251,50.87835056390058,50.33646430769251,50.556148529052734,347500,0.0,0.0,0.0
2015-05-11 00:00:00-04:00,50.29985894768184,50.68796293506803,49.64081180551551,49.765296936035156,204000,0.0,0.0,0.0
2015-05-12 00:00:00-04:00,49.391830568350635,49.97032713075241,49.24537814687246,49.750648498535156,241600,0.0,0.0,0.0
2015-05-13 00:00:00-04:00,50.21198821006568,51.15662159273612,50.21198821006568,50.58544921875,318700,0.0,0.0,0.0
2015-05-14 00:00:00-04:00,50.91496567969698,51.11268261493463,50.76118894495789,50.973548889160156,322400,0.0,0.0,0.0
2015-05-15 00:00:00-04:00,50.95890576658304,51.3836257006042,50.88567954029045,51.347015380859375,221600,0.0,0.0,0.0
2015-05-18 00:00:00-04:00,51.01016569701965,51.27377897067744,50.83441606551119,50.91496658325195,247500,0.0,0.0,0.0
2015-05-19 00:00:00-04:00,50.65867284280935,50.995517928462654,50.60741392948825,50.86370849609375,285300,0.0,0.0,0.0
2015-05-20 00:00:00-04:00,50.81244782172336,51.295750919259945,50.67331409604422,51.0907096862793,276800,0.0,0.0,0.0
2015-05-21 00:00:00-04:00,50.790473025463584,51.06141613899086,50.578113112720835,50.966217041015625,169100,0.0,0.0,0.0
2015-05-22 00:00:00-04:00,50.731895556538916,50.91496388957308,50.48292530527749,50.6074104309082,314600,0.0,0.0,0.0
2015-05-26 00:00:00-04:00,49.01837831793819,49.21608965811908,48.403265817860316,48.593658447265625,773800,0.0,0.0,0.0
2015-05-27 00:00:00-04:00,48.11035662182792,48.79137105742467,47.824770463687564,48.7547607421875,560000,0.0,0.0,0.0
2015-05-28 00:00:00-04:00,48.27145531487166,48.35200582601678,47.876027056559785,48.30074691772461,299200,0.0,0.0,0.0
2015-05-29 00:00:00-04:00,47.82476591119179,47.82476591119179,47.45862927285946,47.60508728027344,533500,0.0,0.0,0.0
2015-06-01 00:00:00-04:00,47.392741278383845,47.392741278383845,46.79227723864081,46.975345611572266,628500,0.0,0.0,0.0
2015-06-02 00:00:00-04:00,46.83620171416945,47.43666562383308,46.71171658837628,47.136436462402344,740800,0.0,0.0,0.0
2015-06-03 00:00:00-04:00,46.27967826765156,46.52865132908777,46.089285624164376,46.10393142700195,450900,0.0,0.0,0.0
2015-06-04 00:00:00-04:00,45.81102037080144,46.016056008598675,45.181264862251574,45.239845275878906,454500,0.0,0.0,0.0
2015-06-05 00:00:00-04:00,44.99087160067931,45.49614197729629,44.82977337041683,45.15929412841797,391300,0.0,0.0,0.0
2015-06-08 00:00:00-04:00,45.56937227600188,45.657244299784686,45.203235584605366,45.50346755981445,242500,0.0,0.0,0.0
2015-06-09 00:00:00-04:00,45.77440420076211,45.928183721607574,45.30574972089282,45.37897872924805,218200,0.0,0.0,0.0
2015-06-10 00:00:00-04:00,46.59455189360847,46.953367047655625,46.45541817574889,46.84352493286133,427600,0.0,0.0,0.0
2015-06-11 00:00:00-04:00,46.8361995430436,46.8361995430436,46.24305995851091,46.55061340332031,236800,0.0,0.0,0.0
2015-06-12 00:00:00-04:00,46.51400320692895,46.697071543168406,46.23573855369266,46.60919952392578,387100,0.0,0.0,0.0
2015-06-15 00:00:00-04:00,46.1478666660778,46.1478666660778,45.79637579470363,46.00141143798828,200600,0.0,0.0,0.0
2015-06-16 00:00:00-04:00,46.0819626645874,46.22109359704993,45.759763392536776,46.07463836669922,257500,0.0,0.0,0.0
2015-06-17 00:00:00-04:00,45.920860409565485,46.96068720991576,45.620628452368464,46.68974685668945,300700,0.0,0.0,0.0
2015-06-18 00:00:00-04:00,47.15108427423156,47.6050957982485,47.0192748373752,47.070533752441406,550600,0.0,0.0,0.0
2015-06-19 00:00:00-04:00,47.09249708620538,47.539184274140524,47.04856247322889,47.08517837524414,436300,0.0,0.0,0.0
2015-06-22 00:00:00-04:00,47.55382510311395,48.256806729937146,47.55382510311395,47.92728042602539,218300,0.0,0.0,0.0
2015-06-23 00:00:00-04:00,48.13964934594109,48.483818720629834,48.059098829022346,48.447208404541016,344200,0.0,0.0,0.0
2015-06-24 00:00:00-04:00,48.535078539328886,48.81334599817492,48.37397750248171,48.38862609863281,234600,0.0,0.0,0.0
2015-06-25 00:00:00-04:00,49.49735002787539,49.65246714260917,49.17972765899218,49.3052978515625,371400,0.571,0.0,0.0
2015-06-26 00:00:00-04:00,48.81778534711872,48.81778534711872,48.34504583195201,48.381980895996094,368500,0.0,0.0,0.0
2015-06-29 00:00:00-04:00,47.576844521661236,47.59900330410649,46.93421165325323,47.08932876586914,443300,0.0,0.0,0.0
2015-06-30 00:00:00-04:00,48.72914092181651,48.72914092181651,48.219466439756154,48.33765411376953,494700,0.0,0.0,0.0
2015-07-01 00:00:00-04:00,48.241630768034554,48.39674788139329,47.77627942795834,48.07174301147461,358000,0.0,0.0,0.0
2015-07-02 00:00:00-04:00,48.44844795323279,48.79561720084009,48.315495273381615,48.49277114868164,426900,0.0,0.0,0.0
2015-07-06 00:00:00-04:00,46.77170520584093,46.86773129023189,46.35067144364531,46.542720794677734,484100,0.0,0.0,0.0
2015-07-07 00:00:00-04:00,46.07736766909125,46.13645869104352,44.82903707401307,45.656333923339844,745500,0.0,0.0,0.0
2015-07-08 00:00:00-04:00,44.98415763474672,45.168821659819166,44.62960022698816,44.68130874633789,1379500,0.0,0.0,0.0
2015-07-09 00:00:00-04:00,46.476243950931604,46.64613734631404,46.16600971814548,46.195556640625,487100,0.0,0.0,0.0
2015-07-10 00:00:00-04:00,47.05239652254386,47.333086643765185,46.80125332308258,47.08932876586914,440300,0.0,0.0,0.0
2015-07-13 00:00:00-04:00,46.956371123010065,47.76150925513377,46.948985801336725,47.562068939208984,471100,0.0,0.0,0.0
2015-07-14 00:00:00-04:00,47.547291974647514,47.87229680455894,47.451263081413636,47.80582046508789,286100,0.0,0.0,0.0
2015-07-15 00:00:00-04:00,47.53991275733239,47.75412372832326,47.384795633959584,47.45866012573242,270800,0.0,0.0,0.0
2015-07-16 00:00:00-04:00,47.76889336828878,48.160380238404585,47.76889336828878,48.042198181152344,474600,0.0,0.0,0.0
2015-07-17 00:00:00-04:00,48.24901378163283,48.30071948059277,48.06434976599041,48.123443603515625,711200,0.0,0.0,0.0
2015-07-20 00:00:00-04:00,47.96093902772664,48.27117322575324,47.78366314821124,48.16037368774414,378700,0.0,0.0,0.0
2015-07-21 00:00:00-04:00,48.086511722767355,48.522321758932186,47.96832967540837,48.21208190917969,269200,0.0,0.0,0.0
2015-07-22 00:00:00-04:00,47.45126441483717,47.517746391674855,46.91204582123098,47.00807189941406,261500,0.0,0.0,0.0
2015-07-23 00:00:00-04:00,47.414333318007856,47.53990349310142,46.926817623411566,46.97113800048828,227700,0.0,0.0,0.0
2015-07-24 00:00:00-04:00,45.5381502866432,45.92963712307462,45.37564504084173,45.61201477050781,718500,0.0,0.0,0.0
2015-07-27 00:00:00-04:00,45.69326653109424,45.79667793365291,45.33871194328621,45.44950866699219,441800,0.0,0.0,0.0
2015-07-28 00:00:00-04:00,45.33132943389235,45.40519674328566,44.902910310410135,45.176212310791016,466800,0.0,0.0,0.0
2015-07-29 00:00:00-04:00,45.4495060970944,46.30634700695193,45.27961554281869,45.84838104248047,542700,0.0,0.0,0.0
2015-07-30 00:00:00-04:00,45.01370317961957,45.28700797426372,44.851200748418435,45.18359375,302800,0.0,0.0,0.0
2015-07-31 00:00:00-04:00,45.634173834978654,46.16600713889859,45.634173834978654,46.003501892089844,946000,0.0,0.0,0.0
2015-08-03 00:00:00-04:00,45.54553576241087,45.54553576241087,44.75517394783117,45.006317138671875,530000,0.0,0.0,0.0
2015-08-04 00:00:00-04:00,45.44950701897846,46.43930626404146,45.44950701897846,45.855770111083984,441900,0.0,0.0,0.0
2015-08-05 00:00:00-04:00,45.885322264497134,46.12908016253609,45.38303582406817,45.501220703125,273700,0.0,0.0,0.0
2015-08-06 00:00:00-04:00,45.641560032639696,45.818835914572716,45.3904168517768,45.72281265258789,363100,0.0,0.0,0.0
2015-08-07 00:00:00-04:00,45.442127145885834,45.95179888015253,45.442127145885834,45.59724426269531,302900,0.0,0.0,0.0
2015-08-10 00:00:00-04:00,45.53815049200348,46.41715025205383,45.427350947957464,46.30635070800781,354200,0.0,0.0,0.0
2015-08-11 00:00:00-04:00,45.848385366548236,45.863158827150215,45.09495578234439,45.62678909301758,935700,0.0,0.0,0.0
2015-08-12 00:00:00-04:00,44.9398372622693,44.9398372622693,43.75798862869689,44.23811340332031,736500,0.0,0.0,0.0
2015-08-13 00:00:00-04:00,44.43754793833777,44.77732904571297,44.14208439068591,44.54834747314453,607200,0.0,0.0,0.0
2015-08-14 00:00:00-04:00,44.10515001489139,44.26765524000191,43.780142382419456,43.8392333984375,265100,0.0,0.0,0.0
2015-08-17 00:00:00-04:00,43.40343100597235,43.61025662913552,43.22615512068894,43.39604568481445,344300,0.0,0.0,0.0
2015-08-18 00:00:00-04:00,43.107977328523475,43.52162300719754,42.989792446366614,43.46991729736328,425900,0.0,0.0,0.0
2015-08-19 00:00:00-04:00,43.05626678466797,43.63241766827819,42.5170481442572,43.05626678466797,761600,0.0,0.0,0.0
2015-08-20 00:00:00-04:00,42.56136502590545,42.76080251728107,41.97782883012066,42.288063049316406,507200,0.0,0.0,0.0
2015-08-21 00:00:00-04:00,41.859638841521026,42.051691000904995,41.032344818115234,41.032344818115234,556400,0.0,0.0,0.0
2015-08-24 00:00:00-04:00,38.816378775466966,41.42383681078933,38.36579808872219,40.24198532104492,1911600,0.0,0.0,0.0
2015-08-25 00:00:00-04:00,42.96762980509507,43.019338331429225,40.463585737724365,40.62609100341797,1035800,0.0,0.0,0.0
2015-08-26 00:00:00-04:00,41.73407350617264,42.49488845779112,40.92893817006924,42.3323860168457,1209200,0.0,0.0,0.0
2015-08-27 00:00:00-04:00,41.91134950636587,42.92330760222474,41.88180258529348,42.893760681152344,1084100,0.0,0.0,0.0
2015-08-28 00:00:00-04:00,42.46534219573048,42.60568584618019,41.9039619584326,42.22158432006836,966700,0.0,0.0,0.0
2015-08-31 00:00:00-04:00,42.073853731009116,42.62784584486887,41.76361949976746,42.47272872924805,1326300,0.0,0.0,0.0
2015-09-01 00:00:00-04:00,40.96586321244102,41.084048065872274,39.880040752087986,40.07947540283203,935300,0.0,0.0,0.0
2015-09-02 00:00:00-04:00,41.31304073836218,41.45338439941406,40.78120738237656,41.45338439941406,747400,0.0,0.0,0.0
2015-09-03 00:00:00-04:00,41.246558717049616,41.73407165374623,41.084053465567564,41.165306091308594,656900,0.0,0.0,0.0
2015-09-04 00:00:00-04:00,40.75904722796538,40.75904722796538,38.964112529617076,39.21525573730469,753800,0.0,0.0,0.0
2015-09-08 00:00:00-04:00,39.880042834816926,40.35278227323069,39.67321721719892,40.345394134521484,735800,0.0,0.0,0.0
2015-09-09 00:00:00-04:00,40.36756125006084,40.618704463261345,39.18570967474976,39.23003005981445,588600,0.0,0.0,0.0
2015-09-10 00:00:00-04:00,39.362984415384844,40.485742030367284,39.2078673099743,40.131187438964844,522300,0.0,0.0,0.0
2015-09-11 00:00:00-04:00,39.89481017636025,40.13118269376207,39.57719068187302,40.12379455566406,313500,0.0,0.0,0.0
2015-09-14 00:00:00-04:00,40.323245007464806,40.71473192029699,40.249380509185144,40.61132049560547,402300,0.0,0.0,0.0
2015-09-15 00:00:00-04:00,40.59654352968917,41.07667118033105,40.55961128373589,40.995418548583984,424900,0.0,0.0,0.0
2015-09-16 00:00:00-04:00,41.66759101001901,42.46534096052752,41.57156492684681,42.26590347290039,718000,0.0,0.0,0.0
2015-09-17 00:00:00-04:00,42.206805707738766,43.83184956055834,42.103394312897834,42.576133728027344,807800,0.0,0.0,0.0
2015-09-18 00:00:00-04:00,42.066466948997686,42.35454238736452,41.386901847690474,41.53463363647461,774200,0.0,0.0,0.0
2015-09-21 00:00:00-04:00,41.28349525483878,41.29088339490173,40.71472963323461,40.95109939575195,522900,0.0,0.0,0.0
2015-09-22 00:00:00-04:00,39.8357238705881,40.26414294521002,39.68799208639973,40.131187438964844,460900,0.0,0.0,0.0
2015-09-23 00:00:00-04:00,40.31584897360094,40.44141915086482,39.444234600271955,39.48116683959961,500000,0.0,0.0,0.0
2015-09-24 00:00:00-04:00,38.77944840765015,39.63628944070919,38.41012032757729,39.3703727722168,837800,0.0,0.0,0.0
2015-09-25 00:00:00-04:00,39.798794865657,39.946526661859814,39.01581831820684,39.06013870239258,354100,0.0,0.0,0.0
2015-09-28 00:00:00-04:00,38.41750357923378,38.543076584921835,37.7527147615747,37.952152252197266,1075100,0.0,0.0,0.0
2015-09-29 00:00:00-04:00,38.73512831681537,38.89024825310971,38.277162283028844,38.46182632446289,757100,0.0,0.0,0.0
2015-09-30 00:00:00-04:00,39.333439644568,39.7914056646053,39.28173393993877,39.65106201171875,637200,0.0,0.0,0.0
2015-10-01 00:00:00-04:00,40.32323925869629,40.596541244667144,39.84311163507894,40.04254913330078,420700,0.0,0.0,0.0
2015-10-02 00:00:00-04:00,39.82833613490949,41.84486979666331,39.77663043258241,41.81532287597656,860600,0.0,0.0,0.0
2015-10-05 00:00:00-04:00,42.221588393386824,42.91592420887323,42.221588393386824,42.901153564453125,582200,0.0,0.0,0.0
2015-10-06 00:00:00-04:00,42.69432247051893,42.95285379891814,42.354541337165095,42.71648406982422,475500,0.0,0.0,0.0
2015-10-07 00:00:00-04:00,43.44037144988406,43.96481666733609,43.204001695039494,43.58810043334961,999200,0.0,0.0,0.0
2015-10-08 00:00:00-04:00,43.48468546264286,44.48187292600663,43.359115273413444,44.42277908325195,342200,0.0,0.0,0.0
2015-10-09 00:00:00-04:00,44.3341416589772,44.60005831900582,43.854014043064474,44.05345153808594,437300,0.0,0.0,0.0
2015-10-12 00:00:00-04:00,44.215958107892284,44.23073156919533,43.75799207849646,43.8540153503418,266900,0.0,0.0,0.0
2015-10-13 00:00:00-04:00,42.74602860679309,43.4625259403701,42.5392057961727,42.65000534057617,336400,0.0,0.0,0.0
2015-10-14 00:00:00-04:00,43.45514316615814,43.95004143993676,43.322184832180376,43.8540153503418,546800,0.0,0.0,0.0
2015-10-15 00:00:00-04:00,44.44493613029379,45.02847512484221,44.22333986411384,44.98415756225586,399600,0.0,0.0,0.0
2015-10-16 00:00:00-04:00,44.8142678979368,45.16143719499685,44.57789815203411,45.139278411865234,516000,0.0,0.0,0.0
2015-10-19 00:00:00-04:00,44.43016773578742,44.489258761475284,44.06083966755228,44.2011833190918,348700,0.0,0.0,0.0
2015-10-20 00:00:00-04:00,43.89833529673094,44.134705039724565,43.67673901489312,43.920494079589844,195800,0.0,0.0,0.0
2015-10-21 00:00:00-04:00,43.52162639368861,43.59549371187804,42.80513172262657,42.834678649902344,472300,0.0,0.0,0.0
2015-10-22 00:00:00-04:00,43.79492094248058,44.164248993300454,43.676736078928194,43.935264587402344,389800,0.0,0.0,0.0
2015-10-23 00:00:00-04:00,43.94265272635841,44.07560823232411,43.602868778114576,43.935264587402344,980200,0.0,0.0,0.0
2015-10-26 00:00:00-04:00,44.245501757661586,44.245501757661586,43.51423097487594,43.625030517578125,578400,0.0,0.0,0.0
2015-10-27 00:00:00-04:00,42.85683093673599,43.22615901841994,42.73864606330711,43.09320068359375,370100,0.0,0.0,0.0
2015-10-28 00:00:00-04:00,43.728439497920085,43.88355659490718,42.221580452975886,42.67216110229492,873300,0.0,0.0,0.0
2015-10-29 00:00:00-04:00,41.896572541767156,42.251127111733894,41.76361422581097,41.83009338378906,545700,0.0,0.0,0.0
2015-10-30 00:00:00-04:00,42.41363368301063,43.22615711763602,42.0738525390625,42.0738525390625,448600,0.0,0.0,0.0
2015-11-02 00:00:00-05:00,42.59829952178135,43.16706510480834,42.44318240397843,43.1005859375,440900,0.0,0.0,0.0
2015-11-03 00:00:00-05:00,42.29544847505133,43.5659379116519,42.28806315361157,43.432979583740234,771300,0.0,0.0,0.0
2015-11-04 00:00:00-05:00,43.06365009642869,43.152288039520556,42.17726221226175,42.33976745605469,764400,0.0,0.0,0.0
2015-11-05 00:00:00-05:00,42.664774688467894,42.87160031056098,42.37669926306077,42.70170974731445,468400,0.0,0.0,0.0
2015-11-06 00:00:00-05:00,41.438605466091275,41.80793351059387,41.15791818104884,41.711910247802734,895300,0.0,0.0,0.0
2015-11-09 00:00:00-05:00,41.084046841763104,41.157914134049975,40.30845858812001,40.41925811767578,969000,0.0,0.0,0.0
2015-11-10 00:00:00-05:00,40.29368843455431,40.44142021349594,40.1090244153146,40.345394134521484,584400,0.0,0.0,0.0
2015-11-11 00:00:00-05:00,40.69256765396295,40.71472643691255,40.34539835975469,40.57438278198242,295400,0.0,0.0,0.0
2015-11-12 00:00:00-05:00,39.798798495861,40.16812661118107,39.5550405872298,39.66584014892578,432900,0.0,0.0,0.0
2015-11-13 00:00:00-05:00,39.0896894330873,39.0896894330873,38.4249004641182,38.50615310668945,607700,0.0,0.0,0.0
2015-11-16 00:00:00-05:00,39.20047797043108,39.94652218974643,39.10445189098717,39.880043029785156,485800,0.0,0.0,0.0
2015-11-17 00:00:00-05:00,40.52267289832821,40.552219817714175,40.10902448017262,40.190277099609375,381800,0.0,0.0,0.0
2015-11-18 00:00:00-05:00,40.04254653556441,40.92154909860068,39.90958821204211,40.58915328979492,499700,0.0,0.0,0.0
2015-11-19 00:00:00-05:00,41.16529971124958,41.482922025692176,41.03972954020205,41.41644287109375,1043000,0.0,0.0,0.0
2015-11-20 00:00:00-05:00,41.80793517720901,42.09601343031434,41.4238364752342,41.601112365722656,471000,0.0,0.0,0.0
2015-11-23 00:00:00-05:00,41.689746547970486,41.86702524020691,41.32780666053875,41.44599151611328,335500,0.0,0.0,0.0
2015-11-24 00:00:00-05:00,41.46815659871768,41.963057693858495,41.34997172518026,41.79316711425781,625700,0.0,0.0,0.0
2015-11-25 00:00:00-05:00,41.1209891005176,41.1874682709027,40.86246055888097,41.08405685424805,332800,0.0,0.0,0.0
2015-11-27 00:00:00-05:00,40.212439077735525,40.278918242765336,39.51071800189256,39.56242370605469,433400,0.0,0.0,0.0
2015-11-30 00:00:00-05:00,39.73970041105201,39.776632655099306,39.082296886661545,39.436851501464844,1393000,0.0,0.0,0.0
2015-12-01 00:00:00-05:00,39.0158199010069,39.20787208918666,38.8533146368163,39.10445785522461,735300,0.0,0.0,0.0
2015-12-02 00:00:00-05:00,38.97149282594943,39.097065822475095,38.59477947187099,38.668643951416016,551100,0.0,0.0,0.0
2015-12-03 00:00:00-05:00,38.735125943176705,38.735125943176705,37.76748822871769,37.804420471191406,689400,0.0,0.0,0.0
2015-12-04 00:00:00-05:00,36.999283989588896,37.64930214353484,36.88109912684867,37.55327606201172,1139300,0.0,0.0,0.0
2015-12-07 00:00:00-05:00,37.26519518676525,37.30212742264381,36.69642973743862,36.918025970458984,557000,0.0,0.0,0.0
2015-12-08 00:00:00-05:00,36.40835774621281,36.762912315641785,36.142441114703765,36.68165969848633,700900,0.0,0.0,0.0
2015-12-09 00:00:00-05:00,37.17656802294059,37.324297009235174,35.33731283897516,35.60322952270508,1168900,0.0,0.0,0.0
2015-12-10 00:00:00-05:00,34.5912646392275,34.70206135756804,33.47589241078762,33.57191848754883,1242900,0.0,0.0,0.0
2015-12-11 00:00:00-05:00,31.592319118550208,32.29404291898102,31.355949411547076,31.503681182861328,1114900,0.0,0.0,0.0
2015-12-14 00:00:00-05:00,33.90432371151313,34.34751634368649,33.38726376214419,34.30319595336914,1178000,0.0,0.0,0.0
2015-12-15 00:00:00-05:00,34.89411280772076,35.337305307647895,34.82763365095677,35.15264129638672,763300,0.0,0.0,0.0
2015-12-16 00:00:00-05:00,35.04923862653944,36.24586092844498,34.93105374261976,35.699256896972656,627900,0.0,0.0,0.0
2015-12-17 00:00:00-05:00,35.69186279676565,35.928232525135,35.29298782348633,35.29298782348633,646800,0.0,0.0,0.0
2015-12-18 00:00:00-05:00,35.411177539411725,35.60322973111859,35.08616982281141,35.145263671875,757000,0.0,0.0,0.0
2015-12-21 00:00:00-05:00,35.681424164668506,35.8618976196334,35.3355143188409,35.651344299316406,403000,0.843,0.0,0.0
2015-12-22 00:00:00-05:00,35.92205573790599,36.33564382792419,35.83181901447399,36.24540710449219,410400,0.0,0.0,0.0
2015-12-23 00:00:00-05:00,36.60635906719854,36.86955072160135,36.58380060212798,36.839473724365234,368800,0.0,0.0,0.0
2015-12-24 00:00:00-05:00,36.7567496202934,36.982342840464305,36.681549967854146,36.77178955078125,55300,0.0,0.0,0.0
2015-12-28 00:00:00-05:00,36.40331855269273,36.67403156527483,36.305560438466216,36.56123352050781,817300,0.0,0.0,0.0
2015-12-29 00:00:00-05:00,36.335641217783554,36.516117520256905,36.18524477715134,36.222843170166016,251500,0.0,0.0,0.0
2015-12-30 00:00:00-05:00,35.56862012982089,35.72653509353543,35.2227103420919,35.27534866333008,498600,0.0,0.0,0.0
2015-12-31 00:00:00-05:00,35.102395761414435,35.410707175550904,35.06479736819263,35.12495422363281,285400,0.0,0.0,0.0
2016-01-04 00:00:00-05:00,34.139871700309044,34.31282664742732,33.70372219738746,34.297786712646484,786900,0.0,0.0,0.0
2016-01-05 00:00:00-05:00,34.455696847049154,34.60609330499149,34.25266205911308,34.41809844970703,378000,0.0,0.0,0.0
2016-01-06 00:00:00-05:00,33.44052295297705,33.72627304351395,33.23748818218067,33.37284469604492,525700,0.0,0.0,0.0
2016-01-07 00:00:00-05:00,32.08696567393043,32.44791837836502,31.65081903131462,31.688417434692383,863100,0.0,0.0,0.0
2016-01-08 00:00:00-05:00,31.838804971119632,31.898961825907097,30.943950600426586,31.03418731689453,832000,0.0,0.0,0.0
2016-01-11 00:00:00-05:00,30.93642748337422,31.04170412483828,29.808458550133608,30.27468490600586,653000,0.0,0.0,0.0
2016-01-12 00:00:00-05:00,31.229698185677236,31.417693003300766,30.31980395683694,30.7709903717041,821200,0.0,0.0,0.0
2016-01-13 00:00:00-05:00,31.70344647837123,31.808723119092004,30.598036013656472,30.665714263916016,774500,0.0,0.0,0.0
2016-01-14 00:00:00-05:00,30.793554160597683,31.23722208037752,30.387484633631697,31.03418731689453,608600,0.0,0.0,0.0
2016-01-15 00:00:00-05:00,29.48510747026151,29.650543833114913,28.89104313871826,29.39487075805664,756500,0.0,0.0,0.0
2016-01-19 00:00:00-05:00,30.01149717269049,30.214531951086386,29.560310688637635,29.785903930664062,737000,0.0,0.0,0.0
2016-01-20 00:00:00-05:00,29.199356069380567,29.492627522076674,28.43985540968597,29.229433059692383,963100,0.0,0.0,0.0
2016-01-21 00:00:00-05:00,29.312154812556297,30.22957054043514,29.07152164927227,29.620466232299805,840400,0.0,0.0,0.0
2016-01-22 00:00:00-05:00,30.763471041258708,30.98906424282641,30.537877839691006,30.92890739440918,1279600,0.0,0.0,0.0
2016-01-25 00:00:00-05:00,30.59052261921559,30.755959007310153,30.101734855430998,30.124296188354492,463700,0.0,0.0,0.0
2016-01-26 00:00:00-05:00,30.846192768399018,31.402655871746404,30.81611290644145,31.350017547607422,661700,0.0,0.0,0.0
2016-01-27 00:00:00-05:00,31.2898605084178,31.823765146446743,30.996589027488483,31.252262115478516,819700,0.0,0.0,0.0
2016-01-28 00:00:00-05:00,32.56070406533031,32.72614043409576,32.19223580399168,32.43286895751953,838600,0.0,0.0,0.0
2016-01-29 00:00:00-05:00,33.5006793587977,34.55345159277072,33.40292124041805,34.46321487426758,1138400,0.0,0.0,0.0
2016-02-01 00:00:00-05:00,33.094607907534616,33.92178686309532,33.03445105487157,33.78643035888672,539600,0.0,0.0,0.0
2016-02-02 00:00:00-05:00,32.27495100789257,32.38023052219774,31.733527848618934,31.816246032714844,971300,0.0,0.0,0.0
2016-02-03 00:00:00-05:00,32.508071233036326,33.47060400972369,31.801211583728282,33.380367279052734,1159300,0.0,0.0,0.0
2016-02-04 00:00:00-05:00,34.16241824222631,34.538407874768026,33.72626889156276,33.94434356689453,733800,0.0,0.0,0.0
2016-02-05 00:00:00-05:00,34.02706236119036,34.10978054081912,33.52323762137632,33.68867111206055,520500,0.0,0.0,0.0
2016-02-08 00:00:00-05:00,33.06453102755206,33.402919420647024,32.635903052296584,33.17732620239258,656100,0.0,0.0,0.0
2016-02-09 00:00:00-05:00,32.13959947049984,32.771262254756,31.951604628382807,32.282474517822266,742700,0.0,0.0,0.0
2016-02-10 00:00:00-05:00,32.83893911028899,33.38036519770334,32.583268867425296,32.60582733154297,674800,0.0,0.0,0.0
2016-02-11 00:00:00-05:00,32.538145603616286,33.019411910671984,32.08695628932147,32.43286895751953,589100,0.0,0.0,0.0
2016-02-12 00:00:00-05:00,32.936693604750346,33.49315956308851,32.936693604750346,33.440521240234375,503100,0.0,0.0,0.0
2016-02-16 00:00:00-05:00,34.305298001971906,34.63617076013602,33.996986575502206,34.433135986328125,618700,0.0,0.0,0.0
2016-02-17 00:00:00-05:00,34.87680447269942,35.58366405772158,34.77152781839545,35.40319061279297,792700,0.0,0.0,0.0
2016-02-18 00:00:00-05:00,35.741578921365125,36.04237182001958,35.50094574987103,35.58366394042969,798000,0.0,0.0,0.0
2016-02-19 00:00:00-05:00,34.41810060604192,34.99712514082348,34.41810060604192,34.703853607177734,789300,0.0,0.0,0.0
2016-02-22 00:00:00-05:00,35.10991691855815,35.508467948523474,35.10239838678087,35.45582962036133,528200,0.0,0.0,0.0
2016-02-23 00:00:00-05:00,34.8843231492959,35.012161136177454,34.41057533438566,34.485774993896484,747700,0.0,0.0,0.0
2016-02-24 00:00:00-05:00,33.545796596900466,34.222576236978966,33.22996380333849,34.0421028137207,744400,0.0,0.0,0.0
2016-02-25 00:00:00-05:00,34.11731036385066,34.3504250500923,33.73380206694914,34.297786712646484,580800,0.0,0.0,0.0
2016-02-26 00:00:00-05:00,34.05714182583249,34.109780145245196,32.95173138101907,33.06452941894531,855400,0.0,0.0,0.0
2016-02-29 00:00:00-05:00,33.63603279203738,34.237615641283,33.51571622218827,33.68867111206055,552000,0.0,0.0,0.0
2016-03-01 00:00:00-05:00,34.8617664795538,35.809259289554156,34.84672654687775,35.651344299316406,671800,0.0,0.0,0.0
2016-03-02 00:00:00-05:00,35.455830415856965,36.38828328014174,35.455830415856965,36.34316635131836,1087600,0.0,0.0,0.0
2016-03-03 00:00:00-05:00,35.98220998220385,36.7793091088801,35.90701319623799,36.65147399902344,568300,0.0,0.0,0.0
2016-03-04 00:00:00-05:00,36.538674840325875,37.794478912921306,36.45595665713486,37.35081100463867,724000,0.0,0.0,0.0
2016-03-07 00:00:00-05:00,37.35080808991738,38.230625306886374,37.35080808991738,37.929832458496094,543700,0.0,0.0,0.0
2016-03-08 00:00:00-05:00,37.29817901575856,37.403458546789004,36.8620324329281,37.155303955078125,737900,0.0,0.0,0.0
2016-03-09 00:00:00-05:00,36.583796854489734,37.50873111909305,36.501078666272804,37.14778137207031,543600,0.0,0.0,0.0
2016-03-10 00:00:00-05:00,37.03498772327653,37.03498772327653,35.9671782866478,36.67403793334961,1132100,0.0,0.0,0.0
2016-03-11 00:00:00-05:00,37.08010649545576,37.45609620811819,36.9973882996982,37.41097640991211,382900,0.0,0.0,0.0
2016-03-14 00:00:00-04:00,37.12522445361477,37.20042411937492,36.5537213367073,36.67403793334961,456300,0.0,0.0,0.0
2016-03-15 00:00:00-04:00,35.65133872707105,35.80925369262695,35.28286760553387,35.80925369262695,507700,0.0,0.0,0.0
2016-03-16 00:00:00-04:00,35.2302326426577,37.283138864909425,35.132477389082794,37.11770248413086,1233500,0.0,0.0,0.0
2016-03-17 00:00:00-04:00,38.46374120984219,39.09540391798545,38.155429820663535,38.64421463012695,1098400,0.0,0.0,0.0
2016-03-18 00:00:00-04:00,38.8998974121995,39.32852547811594,38.80966067952604,39.110450744628906,1359700,0.0,0.0,0.0
2016-03-21 00:00:00-04:00,39.0502868118931,39.56163298545826,38.997648488311995,39.37363815307617,543500,0.0,0.0,0.0
2016-03-22 00:00:00-04:00,38.79461530214949,39.63683138225757,38.65925878784613,39.48643493652344,673500,0.0,0.0,0.0
2016-03-23 00:00:00-04:00,38.20807186962494,38.61413853918324,37.997515700645316,38.335906982421875,673700,0.0,0.0,0.0
2016-03-24 00:00:00-04:00,37.47113573092011,37.990000496031314,37.200422681792936,37.982479095458984,595600,0.0,0.0,0.0
2016-03-28 00:00:00-04:00,38.04263687133789,38.3283898383556,37.689205645515294,38.04263687133789,303000,0.0,0.0,0.0
2016-03-29 00:00:00-04:00,37.493689678110016,38.87733175360736,37.29065491572702,38.847251892089844,733200,0.0,0.0,0.0
2016-03-30 00:00:00-04:00,39.47139553147946,39.92258197333536,39.24579944197807,39.41123580932617,1104800,0.0,0.0,0.0
2016-03-31 00:00:00-04:00,40.22337939439271,40.403852844109046,39.74211016847702,39.8624267578125,919400,0.0,0.0,0.0
2016-04-01 00:00:00-04:00,38.96004870305501,39.99025954448687,38.74949254768272,39.757144927978516,1012000,0.0,0.0,0.0
2016-04-04 00:00:00-04:00,40.14066457065887,40.14066457065887,39.5090017064842,39.53908157348633,312800,0.0,0.0,0.0
2016-04-05 00:00:00-04:00,38.3208676376725,38.65925892462817,38.042636076652784,38.17047119140625,636700,0.0,0.0,0.0
2016-04-06 00:00:00-04:00,37.794480644223526,38.41862487792969,37.486169227298696,38.41862487792969,659200,0.0,0.0,0.0
2016-04-07 00:00:00-04:00,37.877200366609294,37.95991855694259,37.34329569809725,37.51625061035156,393600,0.0,0.0,0.0
2016-04-08 00:00:00-04:00,38.59157846394467,38.93748826260665,38.44870342586432,38.62165832519531,580600,0.0,0.0,0.0
2016-04-11 00:00:00-04:00,39.456355651954276,39.712028734289426,39.283400753400116,39.32099914550781,632900,0.0,0.0,0.0
2016-04-12 00:00:00-04:00,39.847387492261035,40.50160873133589,39.63683132112853,40.31361389160156,604800,0.0,0.0,0.0
2016-04-13 00:00:00-04:00,41.02047216275095,41.29870371358322,40.80991886683177,41.223506927490234,761800,0.0,0.0,0.0
2016-04-14 00:00:00-04:00,41.200951273871844,41.36638478826802,40.85504144454727,40.94527816772461,340400,0.0,0.0,0.0
2016-04-15 00:00:00-04:00,40.68207971234775,41.02047097713267,40.61440145939076,40.81743621826172,539900,0.0,0.0,0.0
2016-04-18 00:00:00-04:00,40.74976194917453,41.44910300857611,40.501610243120844,41.25358963012695,542100,0.0,0.0,0.0
2016-04-19 00:00:00-04:00,41.90028889291584,42.34395680926024,41.68221420028121,42.186038970947266,732700,0.0,0.0,0.0
2016-04-20 00:00:00-04:00,42.13339968721143,42.91545885557912,42.035644442595526,42.61466598510742,1138200,0.0,0.0,0.0
2016-04-21 00:00:00-04:00,42.095806717736515,42.193564843517656,41.719817015503885,41.93037033081055,493900,0.0,0.0,0.0
2016-04-22 00:00:00-04:00,41.155826568603516,41.41149964425204,40.97535314377713,41.155826568603516,503700,0.0,0.0,0.0
2016-04-25 00:00:00-04:00,40.92271423339844,41.043033681415906,40.636964150077524,40.92271423339844,255900,0.0,0.0,0.0
2016-04-26 00:00:00-04:00,41.29870381613982,41.531818443324596,41.0279936643887,41.44158172607422,523000,0.0,0.0,0.0
2016-04-27 00:00:00-04:00,41.33630846495015,41.82509335296643,40.63696739466534,41.704776763916016,327000,0.0,0.0,0.0
2016-04-28 00:00:00-04:00,41.51678429988245,42.11084874745609,41.5017443668152,41.68973922729492,468200,0.0,0.0,0.0
2016-04-29 00:00:00-04:00,41.975486809755026,42.08076345908662,41.42654223211631,41.885250091552734,1003400,0.0,0.0,0.0
2016-05-02 00:00:00-04:00,41.84013147184703,42.035647713439005,41.31374534184954,41.554378509521484,554400,0.0,0.0,0.0
2016-05-03 00:00:00-04:00,40.01282443536612,40.01282443536612,39.09541148934035,39.163089752197266,1014700,0.0,0.0,0.0
2016-05-04 00:00:00-04:00,38.71189878522423,38.82469684153907,37.60648816020418,37.69672775268555,1021100,0.0,0.0,0.0
2016-05-05 00:00:00-04:00,38.32086903527325,38.426145690927086,37.79448288843033,37.877201080322266,784400,0.0,0.0,0.0
2016-05-06 00:00:00-04:00,38.05767196776079,38.426140209992546,37.92231546734859,38.16294860839844,471200,0.0,0.0,0.0
2016-05-09 00:00:00-04:00,37.58392856057752,37.68168668185787,36.846989122359176,36.89210891723633,856500,0.0,0.0,0.0
2016-05-10 00:00:00-04:00,37.55385215409694,37.85464507715152,37.35833876211319,37.77192687988281,658300,0.0,0.0,0.0
2016-05-11 00:00:00-04:00,38.223105758042266,38.37349930965683,37.997509693474186,38.050148010253906,519800,0.0,0.0,0.0
2016-05-12 00:00:00-04:00,38.28326881024689,38.28326881024689,37.57640924993612,37.726802825927734,532400,0.0,0.0,0.0
2016-05-13 00:00:00-04:00,37.335775265203566,37.50873016865023,36.68907257579301,36.749229431152344,1162800,0.0,0.0,0.0
2016-05-16 00:00:00-04:00,36.31308155244703,36.77930792124219,36.31308155244703,36.643951416015625,698400,0.0,0.0,0.0
2016-05-17 00:00:00-04:00,36.38828106238427,36.86954739766064,36.20028622088109,36.45595932006836,532000,0.0,0.0,0.0
2016-05-18 00:00:00-04:00,35.95213895113747,36.61387880938346,35.57614922180835,35.8919792175293,977100,0.0,0.0,0.0
2016-05-19 00:00:00-04:00,35.76413478608844,36.125084488151344,35.54606011132963,35.95964813232422,806300,0.0,0.0,0.0
2016-05-20 00:00:00-04:00,36.65899315849291,36.95226464478909,36.546195109037356,36.794349670410156,474400,0.0,0.0,0.0
2016-05-23 00:00:00-04:00,36.48604307181013,36.92971105978625,36.38076640831986,36.67403793334961,547100,0.0,0.0,0.0
2016-05-24 00:00:00-04:00,37.170342611641125,37.52377385367159,37.12522281417751,37.26810073852539,856400,0.0,0.0,0.0
2016-05-25 00:00:00-04:00,37.46360814083692,37.839597787267294,37.41848835057886,37.68920135498047,698700,0.0,0.0,0.0
2016-05-26 00:00:00-04:00,38.463742226209064,38.6291757210793,37.97495453525661,38.52389907836914,491100,0.0,0.0,0.0
2016-05-27 00:00:00-04:00,38.26071119049039,38.38102777507854,37.85464164179025,37.90727996826172,394600,0.0,0.0,0.0
2016-05-31 00:00:00-04:00,37.944883467622404,38.10279846828031,37.55385379796424,37.79448699951172,991200,0.0,0.0,0.0
2016-06-01 00:00:00-04:00,38.0727137102866,38.55398001529934,37.98999552625501,38.31334686279297,708200,0.0,0.0,0.0
2016-06-02 00:00:00-04:00,38.40358392326822,39.01268820960125,38.32838713814865,38.9374885559082,1282300,0.0,0.0,0.0
2016-06-03 00:00:00-04:00,39.86242754909137,40.78736475439945,39.71955249284869,40.74976348876953,707300,0.0,0.0,0.0
2016-06-06 00:00:00-04:00,40.38128706126605,40.95279003988598,40.3286487422579,40.915191650390625,588200,0.0,0.0,0.0
2016-06-07 00:00:00-04:00,40.82496231849463,41.14079228961046,40.80240098586224,40.90768051147461,954500,0.0,0.0,0.0
2016-06-08 00:00:00-04:00,41.095673582641076,41.30622688760436,40.82496055136049,41.06559371948242,552300,0.0,0.0,0.0
2016-06-09 00:00:00-04:00,40.25346036104236,40.667051366969076,40.14818369356066,40.60689163208008,398000,0.0,0.0,0.0
2016-06-10 00:00:00-04:00,39.576677351694144,39.772190737110655,39.00517139080193,39.20820617675781,455300,0.0,0.0,0.0
2016-06-13 00:00:00-04:00,39.14805027174077,39.426281858445,38.516387433970436,38.56150436401367,517500,0.0,0.0,0.0
2016-06-14 00:00:00-04:00,37.83959538520993,37.95239341940797,37.31320933990772,37.70423889160156,761900,0.0,0.0,0.0
2016-06-15 00:00:00-04:00,37.75688095536688,38.629176851514934,37.75688095536688,38.22311019897461,555700,0.0,0.0,0.0
2016-06-16 00:00:00-04:00,37.373379297054655,38.08023894847144,36.84699310751818,37.91480255126953,773700,0.0,0.0,0.0
2016-06-17 00:00:00-04:00,38.215584345898705,38.584055431800486,37.98999114998296,38.56901550292969,619800,0.0,0.0,0.0
2016-06-20 00:00:00-04:00,39.501473261698216,40.07297915853393,39.501473261698216,39.772186279296875,429800,0.0,0.0,0.0
2016-06-21 00:00:00-04:00,40.02034143352563,40.44144802846769,39.82482519852521,40.343692779541016,470900,0.0,0.0,0.0
2016-06-22 00:00:00-04:00,40.91647035575387,41.179997651132695,40.66069255875592,40.83121109008789,803600,1.599,0.0,0.0
2016-06-23 00:00:00-04:00,41.50553504526634,42.46663558410956,41.33501944909572,42.41238021850586,1425200,0.0,0.0,0.0
2016-06-24 00:00:00-04:00,38.5989886261963,39.49033192935995,38.14169124611429,38.17269515991211,1200100,0.0,0.0,0.0
2016-06-27 00:00:00-04:00,37.157344711351534,37.165097169307565,36.157493473861464,36.57603454589844,957200,0.0,0.0,0.0
2016-06-28 00:00:00-04:00,38.18819497302773,38.45947181179002,37.630136382778694,38.06418228149414,686400,0.0,0.0,0.0
2016-06-29 00:00:00-04:00,39.28880365249034,40.03288269042969,39.26555219891882,40.03288269042969,697300,0.0,0.0,0.0
2016-06-30 00:00:00-04:00,40.6296956452073,41.14900082696921,40.53668686515136,40.99398422241211,826000,0.0,0.0,0.0
2016-07-01 00:00:00-04:00,41.02498937912696,41.389277967382206,40.9009766830586,41.14900207519531,610100,0.0,0.0,0.0
2016-07-05 00:00:00-04:00,40.025130346123184,40.040632300779166,39.536829122894204,39.62984085083008,512300,0.0,0.0,0.0
2016-07-06 00:00:00-04:00,39.04078102194809,39.59109010074965,38.73075077809916,39.513580322265625,470800,0.0,0.0,0.0
2016-07-07 00:00:00-04:00,39.668598957908415,39.80811360964235,38.87026741708326,39.07953643798828,526500,0.0,0.0,0.0
2016-07-08 00:00:00-04:00,40.001882542533586,40.59094208973298,39.82361448276672,40.47468185424805,474000,0.0,0.0,0.0
2016-07-11 00:00:00-04:00,41.110249122383436,41.614049412247944,41.110249122383436,41.366024017333984,472600,0.0,0.0,0.0
2016-07-12 00:00:00-04:00,42.02483594067918,42.38912150754116,41.869819358950814,42.17210006713867,464000,0.0,0.0,0.0
2016-07-13 00:00:00-04:00,42.17210380815412,42.17210380815412,41.358270377755645,41.69155502319336,554100,0.0,0.0,0.0
2016-07-14 00:00:00-04:00,42.2418609772256,42.706907805305796,42.14885220294869,42.53639221191406,506400,0.0,0.0,0.0
2016-07-15 00:00:00-04:00,42.4356340887552,42.761166300906986,42.39688067636035,42.66040802001953,586700,0.0,0.0,0.0
2016-07-18 00:00:00-04:00,42.60615104217661,43.26496789809444,42.427882986536446,43.24946594238281,251000,0.0,0.0,0.0
2016-07-19 00:00:00-04:00,42.54414043708165,42.861923116648825,42.365872393099636,42.82316970825195,243100,0.0,0.0,0.0
2016-07-20 00:00:00-04:00,42.82317406955275,43.24946751872497,42.799922613485705,43.102203369140625,243800,0.0,0.0,0.0
2016-07-21 00:00:00-04:00,43.09445215467586,43.57500394301418,43.03244728447809,43.25722122192383,349400,0.0,0.0,0.0
2016-07-22 00:00:00-04:00,43.38898414594671,43.64476200112447,43.12545679062537,43.6137580871582,169600,0.0,0.0,0.0
2016-07-25 00:00:00-04:00,43.66025582183693,43.675754819235785,43.11769925531879,43.396728515625,677900,0.0,0.0,0.0
2016-07-26 00:00:00-04:00,43.68351488289433,43.90828882136666,43.51299631485381,43.838531494140625,372400,0.0,0.0,0.0
2016-07-27 00:00:00-04:00,44.04004366578254,44.66010705054086,43.520741505014776,44.39657974243164,303300,0.0,0.0,0.0
2016-07-28 00:00:00-04:00,43.97804431995698,44.45084067738989,43.621505241906846,44.35008239746094,242400,0.0,0.0,0.0
2016-07-29 00:00:00-04:00,44.35008138098511,44.915889462347906,44.28032405825842,44.77637481689453,393200,0.0,0.0,0.0
2016-08-01 00:00:00-04:00,44.45083999633789,44.753123701580755,44.34232926164875,44.45083999633789,468200,0.0,0.0,0.0
2016-08-02 00:00:00-04:00,44.024548888386946,44.109808172070444,43.35797953234791,43.737770080566406,666900,0.0,0.0,0.0
2016-08-03 00:00:00-04:00,43.458741848317956,44.37333662132818,43.44323989120131,44.27257537841797,285600,0.0,0.0,0.0
2016-08-04 00:00:00-04:00,44.8073788268497,45.16391494081515,44.54385149115877,44.815128326416016,453900,0.0,0.0,0.0
2016-08-05 00:00:00-04:00,44.4198387037118,44.77637481689453,44.1253074570107,44.77637481689453,734000,0.0,0.0,0.0
2016-08-08 00:00:00-04:00,44.985649760581886,45.342185897347164,44.985649760581886,45.28017807006836,319000,0.0,0.0,0.0
2016-08-09 00:00:00-04:00,45.5514533013058,46.109511863944604,45.49719793623765,45.86923599243164,345200,0.0,0.0,0.0
2016-08-10 00:00:00-04:00,46.365291134188695,46.528057244839985,45.9389976724704,46.14826965332031,621900,0.0,0.0,0.0
2016-08-11 00:00:00-04:00,46.13277009009438,46.62107140407872,46.02425934403033,46.396297454833984,494100,0.0,0.0,0.0
2016-08-12 00:00:00-04:00,46.55905937247418,46.752829389158926,45.9467454101434,46.21802520751953,541800,0.0,0.0,0.0
2016-08-15 00:00:00-04:00,46.35754139236892,46.76833289521165,46.35754139236892,46.48930358886719,312500,0.0,0.0,0.0
2016-08-16 00:00:00-04:00,46.272280727060036,46.36528950749821,45.78397945554192,45.81498336791992,451600,0.0,0.0,0.0
2016-08-17 00:00:00-04:00,45.91573922004728,46.22576943738112,45.12515728729846,45.962242126464844,540500,0.0,0.0,0.0
2016-08-18 00:00:00-04:00,46.621064506147256,46.931094740930995,46.42729450064655,46.75282669067383,342400,0.0,0.0,0.0
2016-08-19 00:00:00-04:00,46.07851339249294,46.32653879256566,45.79173457803936,46.2025260925293,344700,0.0,0.0,0.0
2016-08-22 00:00:00-04:00,45.628965320478606,45.77623243389852,45.388692378281455,45.6212158203125,395600,0.0,0.0,0.0
2016-08-23 00:00:00-04:00,46.16377097135184,46.318784623144026,43.87728412706644,43.900535583496094,879000,0.0,0.0,0.0
2016-08-24 00:00:00-04:00,43.79202996478596,44.12531467715986,43.59825992069399,44.09431076049805,847500,0.0,0.0,0.0
2016-08-25 00:00:00-04:00,43.5207405090332,43.621498774022434,43.1874558929725,43.5207405090332,461700,0.0,0.0,0.0
2016-08-26 00:00:00-04:00,43.86178054326892,44.4043371745003,42.37362529636846,42.64490509033203,1264200,0.0,0.0,0.0
2016-08-29 00:00:00-04:00,42.60615803381852,43.12546033024455,42.51314628428556,42.99369812011719,334300,0.0,0.0,0.0
2016-08-30 00:00:00-04:00,42.48988518662985,42.66040373206276,42.29611518743628,42.420127868652344,426800,0.0,0.0,0.0
2016-08-31 00:00:00-04:00,41.28076632973817,41.373778073949524,40.62969890373892,40.71495819091797,830000,0.0,0.0,0.0
2016-09-01 00:00:00-04:00,40.72270888397972,41.31952091168515,40.60644568709968,41.288516998291016,619700,0.0,0.0,0.0
2016-09-02 00:00:00-04:00,42.319370816527076,42.67590989730885,42.055843473355765,42.5984001159668,904400,0.0,0.0,0.0
2016-09-06 00:00:00-04:00,43.62150186926332,44.62910824421516,43.62150186926332,44.52834701538086,751400,0.0,0.0,0.0
2016-09-07 00:00:00-04:00,44.21057004914562,44.27257492027458,43.86178340937038,44.0555534362793,322000,0.0,0.0,0.0
2016-09-08 00:00:00-04:00,44.22606613562194,44.43533809170874,43.40448026617325,43.54399490356445,578600,0.0,0.0,0.0
2016-09-09 00:00:00-04:00,42.714663622981305,42.714663622981305,41.74581352431704,41.79231643676758,938500,0.0,0.0,0.0
2016-09-12 00:00:00-04:00,41.2575122079619,42.916183102245775,41.14900147008476,42.7379150390625,639400,0.0,0.0,0.0
2016-09-13 00:00:00-04:00,41.90858480068984,41.986091635465066,41.20326196012885,41.50554275512695,842100,0.0,0.0,0.0
2016-09-14 00:00:00-04:00,41.86207607032391,42.48214253301485,41.73806336912492,42.001590728759766,606400,0.0,0.0,0.0
2016-09-15 00:00:00-04:00,42.65265272376443,42.93168200514332,42.21860980312673,42.675907135009766,497400,0.0,0.0,0.0
2016-09-16 00:00:00-04:00,42.210859240843284,42.3426243881594,41.753561888444615,42.20310974121094,600200,0.0,0.0,0.0
2016-09-19 00:00:00-04:00,42.90067652504569,43.10219897942226,42.6836550726668,42.82316970825195,406400,0.0,0.0,0.0
2016-09-20 00:00:00-04:00,43.08669982398919,43.102201779694184,42.27286636799955,42.32712173461914,322400,0.0,0.0,0.0
2016-09-21 00:00:00-04:00,42.598400802909694,43.985794865999324,42.582898846391295,43.900535583496094,451000,0.0,0.0,0.0
2016-09-22 00:00:00-04:00,44.52059734816249,44.82288105359932,43.8462785273789,44.03229904174805,584400,0.0,0.0,0.0
2016-09-23 00:00:00-04:00,43.954784684545736,44.055545909197754,43.59049910675001,43.652503967285156,270200,0.0,0.0,0.0
2016-09-26 00:00:00-04:00,43.41999162370648,43.69902095891292,42.97044370438584,42.99369812011719,536300,0.0,0.0,0.0
2016-09-27 00:00:00-04:00,43.512995444818365,43.89278598694314,43.31922542380888,43.86178207397461,396100,0.0,0.0,0.0
2016-09-28 00:00:00-04:00,43.76877236479452,44.39658532728356,43.40448378686921,44.32682800292969,509100,0.0,0.0,0.0
2016-09-29 00:00:00-04:00,43.96254417989743,44.09430637756875,42.59840154933444,42.83092498779297,767600,0.0,0.0,0.0
2016-09-30 00:00:00-04:00,43.396731555652465,43.637004469206865,43.17195764058267,43.458736419677734,541300,0.0,0.0,0.0
2016-10-03 00:00:00-04:00,43.598251243017735,43.7222639282856,43.10220050194626,43.55949783325195,417800,0.0,0.0,0.0
2016-10-04 00:00:00-04:00,43.66801618214278,43.73002105724704,42.389132739872665,42.513145446777344,810100,0.0,0.0,0.0
2016-10-05 00:00:00-04:00,43.001445511011354,43.489746823663886,42.79992597697002,43.34247970581055,488500,0.0,0.0,0.0
2016-10-06 00:00:00-04:00,42.474389190917165,42.85417974356604,42.2186142935789,42.52864456176758,517000,0.0,0.0,0.0
2016-10-07 00:00:00-04:00,42.86192392728691,42.97043465552859,41.92407782554597,42.29611587524414,569900,0.0,0.0,0.0
2016-10-10 00:00:00-04:00,42.60615265132757,42.96268877607358,42.60615265132757,42.66040802001953,318400,0.0,0.0,0.0
2016-10-11 00:00:00-04:00,41.34277315191632,41.34277315191632,40.466931800456464,40.72270965576172,730900,0.0,0.0,0.0
2016-10-12 00:00:00-04:00,40.51343153926046,41.67605152733556,40.381666403130275,40.95522689819336,637600,0.0,0.0,0.0
2016-10-13 00:00:00-04:00,40.071635824696756,40.43592140717434,39.47482388131138,39.870113372802734,645400,0.0,0.0,0.0
2016-10-14 00:00:00-04:00,40.62194615205401,40.97848227290586,40.00963219013725,40.07164001464844,605400,0.0,0.0,0.0
2016-10-17 00:00:00-04:00,40.50568272973882,40.71495470123357,40.389422494483384,40.41267395019531,381400,0.0,0.0,0.0
2016-10-18 00:00:00-04:00,41.559794749399444,41.81557260540017,41.389279135428275,41.74581527709961,541000,0.0,0.0,0.0
2016-10-19 00:00:00-04:00,42.06359256351812,42.404626704042926,41.93182742412962,42.334869384765625,340200,0.0,0.0,0.0
2016-10-20 00:00:00-04:00,41.85432080998316,42.32712009220426,41.85432080998316,41.99383544921875,250200,0.0,0.0,0.0
2016-10-21 00:00:00-04:00,41.761317783328245,42.06359855770727,41.668306039906994,42.001590728759766,305400,0.0,0.0,0.0
2016-10-24 00:00:00-04:00,42.6991608017051,42.81542399386818,42.16435662248568,42.31937026977539,288600,0.0,0.0,0.0
2016-10-25 00:00:00-04:00,42.36587510587501,42.954934638634505,42.27286632842788,42.768917083740234,406100,0.0,0.0,0.0
2016-10-26 00:00:00-04:00,42.148851150313014,42.272863831816984,41.86982187775519,42.040340423583984,429500,0.0,0.0,0.0
2016-10-27 00:00:00-04:00,42.226365121965635,42.226365121965635,41.66830648229732,41.73806381225586,378000,0.0,0.0,0.0
2016-10-28 00:00:00-04:00,41.544289932545546,41.69930653550867,40.98623430125238,41.257511138916016,558200,0.0,0.0,0.0
2016-10-31 00:00:00-04:00,42.55964627998532,42.99369218109263,42.54414432387123,42.8619270324707,620900,0.0,0.0,0.0
2016-11-01 00:00:00-04:00,43.040194965116584,43.07119887725285,41.88532732665092,42.31937026977539,593100,0.0,0.0,0.0
2016-11-02 00:00:00-04:00,42.7689096277473,43.12544567638541,42.12559188387419,42.40462112426758,562500,0.0,0.0,0.0
2016-11-03 00:00:00-04:00,42.43563923547434,42.76117148710764,42.18761381803101,42.350379943847656,438900,0.0,0.0,0.0
2016-11-04 00:00:00-04:00,41.41252858050439,41.49778786169545,40.6917038753202,40.75371170043945,538200,0.0,0.0,0.0
2016-11-07 00:00:00-05:00,42.18760519062321,43.30371934087174,42.102345916432135,43.24171447753906,808000,0.0,0.0,0.0
2016-11-08 00:00:00-05:00,43.16421039077334,44.39658788763235,43.09445306239657,44.195068359375,895600,0.0,0.0,0.0
2016-11-09 00:00:00-05:00,42.373627122749184,42.65265642836318,41.50553824938023,42.13335418701172,1498000,0.0,0.0,0.0
2016-11-10 00:00:00-05:00,41.133493251581996,41.21100006492441,39.381813842463046,39.73834991455078,1782500,0.0,0.0,0.0
2016-11-11 00:00:00-05:00,38.6377401679832,38.730751904869976,37.73089790855579,38.180442810058594,1360100,0.0,0.0,0.0
2016-11-14 00:00:00-05:00,37.9091636630994,38.00992489358259,37.28910023838672,37.55262756347656,1252800,0.0,0.0,0.0
2016-11-15 00:00:00-05:00,38.4284727736339,39.095039175947214,38.358715446372564,39.01753234863281,941900,0.0,0.0,0.0
2016-11-16 00:00:00-05:00,38.76175316125577,39.06403687343973,38.43622094971342,38.823760986328125,694500,0.0,0.0,0.0
2016-11-17 00:00:00-05:00,39.17254798281863,39.614343392221436,38.90902063714889,39.00202941894531,581600,0.0,0.0,0.0
2016-11-18 00:00:00-05:00,39.28105933229333,39.42832348548726,38.730753176115265,38.839263916015625,338000,0.0,0.0,0.0
2016-11-21 00:00:00-05:00,39.459326802851685,39.65309682308896,39.28105873903689,39.50583267211914,319500,0.0,0.0,0.0
2016-11-22 00:00:00-05:00,40.47467987663311,40.93972670924199,40.18789813838517,40.88547134399414,330800,0.0,0.0,0.0
2016-11-23 00:00:00-05:00,39.397322635409466,39.5833402024,38.97102621793966,39.38182067871094,599200,0.0,0.0,0.0
2016-11-25 00:00:00-05:00,39.56008743844076,39.69960208742137,39.25780668454804,39.66859817504883,458200,0.0,0.0,0.0
2016-11-28 00:00:00-05:00,40.34291707600367,40.81571639205443,40.319665620032595,40.652950286865234,501000,0.0,0.0,0.0
2016-11-29 00:00:00-05:00,40.05614440941207,40.58319917453825,40.05614440941207,40.420433044433594,341900,0.0,0.0,0.0
2016-11-30 00:00:00-05:00,39.699598672661054,39.71510062751392,39.195795488377264,39.405067443847656,621900,0.0,0.0,0.0
2016-12-01 00:00:00-05:00,39.188044628832344,39.26555144371037,38.65323755340937,38.769500732421875,714900,0.0,0.0,0.0
2016-12-02 00:00:00-05:00,38.46722599789046,39.10279144016624,38.35096280079536,38.940025329589844,554800,0.0,0.0,0.0
2016-12-05 00:00:00-05:00,39.389571092326804,39.85461797728551,39.319813763913395,39.81586456298828,385500,0.0,0.0,0.0
2016-12-06 00:00:00-05:00,39.60658850395689,39.80811096828818,39.46707386148006,39.67634582519531,871900,0.0,0.0,0.0
2016-12-07 00:00:00-05:00,40.28091006612044,41.04048813997923,40.21115274522036,40.96297836303711,715600,0.0,0.0,0.0
2016-12-08 00:00:00-05:00,40.45917570002924,41.296260544106694,40.38166592771943,41.15674591064453,653200,0.0,0.0,0.0
2016-12-09 00:00:00-05:00,41.07924145032769,41.304015367870406,40.916475354188066,40.924224853515625,455900,0.0,0.0,0.0
2016-12-12 00:00:00-05:00,41.04824350423418,41.24201353923154,40.73821322225606,41.03274154663086,879700,0.0,0.0,0.0
2016-12-13 00:00:00-05:00,41.37377928975507,41.93183498794194,41.29626950063459,41.85432815551758,642900,0.0,0.0,0.0
2016-12-14 00:00:00-05:00,41.148998146534545,41.42802742522227,39.645343980678675,39.72285079956055,726300,0.0,0.0,0.0
2016-12-15 00:00:00-05:00,39.529081286415526,39.67634542679762,38.9400217681915,39.521331787109375,610000,0.0,0.0,0.0
2016-12-16 00:00:00-05:00,39.25005445811638,39.48257788888141,39.0640368961827,39.32756423950195,393300,0.0,0.0,0.0
2016-12-19 00:00:00-05:00,39.60658636428477,39.67634368175468,39.09503368840395,39.12603759765625,446100,0.0,0.0,0.0
2016-12-20 00:00:00-05:00,39.808108016710776,40.234401411917666,39.7461001994539,40.094886779785156,435200,0.0,0.0,0.0
2016-12-21 00:00:00-05:00,40.18890228769256,40.212406602241096,39.74235916137695,39.74235916137695,333800,0.55,0.0,0.0
2016-12-22 00:00:00-05:00,39.32715472409577,39.334987503616524,38.84927448464368,39.02162551879883,423400,0.0,0.0,0.0
2016-12-23 00:00:00-05:00,39.03728875558008,39.342817919312076,38.896274835631544,39.28014373779297,333700,0.0,0.0,0.0
2016-12-27 00:00:00-05:00,39.499500442953696,39.75019419989786,39.46033057071763,39.6405143737793,385800,0.0,0.0,0.0
2016-12-28 00:00:00-05:00,40.478764865901724,40.63544735366873,40.26724694415663,40.541439056396484,365300,0.0,0.0,0.0
2016-12-29 00:00:00-05:00,41.63821383731485,42.186598066470225,41.622545289557564,42.13175964355469,890600,0.0,0.0,0.0
2016-12-30 00:00:00-05:00,41.52070303791529,41.52070303791529,40.8548061657141,41.01932144165039,527400,0.0,0.0,0.0
2017-01-03 00:00:00-05:00,41.40318260460488,41.834060134264014,41.10548920580153,41.41101837158203,686300,0.0,0.0,0.0
2017-01-04 00:00:00-05:00,41.787057721610104,42.10042267854333,41.76355639580451,41.91240310668945,610800,0.0,0.0,0.0
2017-01-05 00:00:00-05:00,41.43452587289778,41.85756769864953,41.38752321790531,41.740055084228516,397500,0.0,0.0,0.0
2017-01-06 00:00:00-05:00,42.108254588665936,42.31977548196024,41.920235020692225,42.20226287841797,476400,0.0,0.0,0.0
2017-01-09 00:00:00-05:00,42.01424361156675,42.304104229702524,41.99073929927991,42.12392044067383,186800,0.0,0.0,0.0
2017-01-10 00:00:00-05:00,42.29627566262656,42.57830054192434,42.045581900245615,42.1160888671875,356000,0.0,0.0,0.0
2017-01-11 00:00:00-05:00,42.13176082359019,42.766323577418554,41.75572463229301,42.656646728515625,621800,0.0,0.0,0.0
2017-01-12 00:00:00-05:00,43.06401639951615,43.20503033296843,42.821158405577286,43.04051208496094,707700,0.0,0.0,0.0
2017-01-13 00:00:00-05:00,43.18936190284086,43.57323084279996,43.09535062130537,43.47138977050781,418200,0.0,0.0,0.0
2017-01-17 00:00:00-05:00,43.463551126583,43.57322795931338,43.212860369350835,43.424381256103516,353400,0.0,0.0,0.0
2017-01-18 00:00:00-05:00,43.33037525342235,43.534060383734676,42.91516623673729,42.977840423583984,611400,0.0,0.0,0.0
2017-01-19 00:00:00-05:00,42.891664574999325,42.94650299382586,42.4137843636798,42.6958122253418,1062300,0.0,0.0,0.0
2017-01-20 00:00:00-05:00,42.59396910559949,42.742818807240745,42.24143427075146,42.648807525634766,569100,0.0,0.0,0.0
2017-01-23 00:00:00-05:00,43.04051045342978,43.6280674910519,43.04051045342978,43.51839065551758,450400,0.0,0.0,0.0
2017-01-24 00:00:00-05:00,43.92576530030099,44.364475644957864,43.92576530030099,44.18429183959961,555100,0.0,0.0,0.0
2017-01-25 00:00:00-05:00,43.9806006509146,44.51331925065778,43.97276787230199,44.45848083496094,327100,0.0,0.0,0.0
2017-01-26 00:00:00-05:00,44.04327811996171,44.23913047305515,43.81608867314059,44.03544235229492,409900,0.0,0.0,0.0
2017-01-27 00:00:00-05:00,42.95433750611913,43.21286104610812,42.852493450501846,43.165855407714844,403100,0.0,0.0,0.0
2017-01-30 00:00:00-05:00,42.34327305841353,42.734977717581955,42.24926477698453,42.56262969970703,507800,0.0,0.0,0.0
2017-01-31 00:00:00-05:00,42.836826491648644,43.220695426440635,42.68014401300162,42.977840423583984,492200,0.0,0.0,0.0
2017-02-01 00:00:00-05:00,43.205028188600195,43.3538748938701,42.78198640923994,42.92300033569336,437800,0.0,0.0,0.0
2017-02-02 00:00:00-05:00,43.15802469232775,43.29120285810504,42.99350943279001,43.04051208496094,233300,0.0,0.0,0.0
2017-02-03 00:00:00-05:00,43.28336779572134,43.643735389548034,43.13452109091542,43.48705291748047,322200,0.0,0.0,0.0
2017-02-06 00:00:00-05:00,43.1815256377478,43.1815256377478,42.77415238786238,43.04834747314453,321100,0.0,0.0,0.0
2017-02-07 00:00:00-05:00,42.617472706285156,42.703645230275725,42.28843920311589,42.37461471557617,345500,0.0,0.0,0.0
2017-02-08 00:00:00-05:00,42.170926433346594,42.57046388396766,42.108252251344354,42.405948638916016,335200,0.0,0.0,0.0
2017-02-09 00:00:00-05:00,42.71147807053825,42.852491992450474,42.46862009647397,42.789817810058594,363000,0.0,0.0,0.0
2017-02-10 00:00:00-05:00,43.212862919025746,43.72991300988312,43.16585727859517,43.72208023071289,369200,0.0,0.0,0.0
2017-02-13 00:00:00-05:00,43.71424111637949,43.87875636258687,43.69857257076886,43.78474807739258,164600,0.0,0.0,0.0
2017-02-14 00:00:00-05:00,44.01194127363727,44.33313901497725,43.5810666921036,44.24696350097656,418200,0.0,0.0,0.0
2017-02-15 00:00:00-05:00,44.215621360891944,45.077373414080164,44.215621360891944,45.006866455078125,315900,0.0,0.0,0.0
2017-02-16 00:00:00-05:00,45.006873447640004,45.061711869998376,44.3801464860658,44.44281768798828,451200,0.0,0.0,0.0
2017-02-17 00:00:00-05:00,44.3018030477032,44.40364711124579,43.839591360511285,44.16862487792969,634200,0.0,0.0,0.0
2017-02-21 00:00:00-05:00,44.16078806919594,44.46631726415285,43.99627280859911,44.31747055053711,321900,0.0,0.0,0.0
2017-02-22 00:00:00-05:00,43.823923030254306,44.552494049072266,43.823923030254306,44.552494049072266,443400,0.0,0.0,0.0
2017-02-23 00:00:00-05:00,45.18705612648358,45.24189454746353,44.70134311703128,45.05387496948242,423400,0.0,0.0,0.0
2017-02-24 00:00:00-05:00,44.47415384042936,44.670006198549025,44.27046571444181,44.48982238769531,382400,0.0,0.0,0.0
2017-02-27 00:00:00-05:00,44.46631486157693,44.59166024218333,43.92576346804989,43.98843765258789,426400,0.0,0.0,0.0
2017-02-28 00:00:00-05:00,43.690747469723846,43.80825709974862,43.017014832423,43.079689025878906,598200,0.0,0.0,0.0
2017-03-01 00:00:00-05:00,43.5888997825226,44.17645684930025,43.549729909098055,43.996273040771484,503600,0.0,0.0,0.0
2017-03-02 00:00:00-05:00,43.78475421239853,43.91009960637715,43.27553985681597,43.33821105957031,476400,0.0,0.0,0.0
2017-03-03 00:00:00-05:00,43.784753315512944,44.21562791170906,43.65157514459426,44.160789489746094,324600,0.0,0.0,0.0
2017-03-06 00:00:00-05:00,44.26263355416441,44.293970649134636,43.902265927416366,44.160789489746094,422900,0.0,0.0,0.0
2017-03-07 00:00:00-05:00,44.26262887848643,44.52115540197661,44.11378217580605,44.278297424316406,236400,0.0,0.0,0.0
2017-03-08 00:00:00-05:00,43.73774884058192,43.84742567994165,43.21286298132783,43.25986862182617,472600,0.0,0.0,0.0
2017-03-09 00:00:00-05:00,42.98567035362943,43.02484022357759,42.17875967651316,42.46862030029297,417200,0.0,0.0,0.0
2017-03-10 00:00:00-05:00,43.47138668535768,43.78474863616084,43.322536994391854,43.74557876586914,426400,0.0,0.0,0.0
2017-03-13 00:00:00-04:00,43.996274165119765,44.528992825022996,43.996274165119765,44.450653076171875,289800,0.0,0.0,0.0
2017-03-14 00:00:00-04:00,44.090278539009134,44.333136520393886,43.93359905524565,44.019771575927734,344800,0.0,0.0,0.0
2017-03-15 00:00:00-04:00,44.403646651825866,46.1741506455232,44.403646651825866,45.87645721435547,767200,0.0,0.0,0.0
2017-03-16 00:00:00-04:00,46.62069322440084,46.89488831421879,46.3386683437869,46.44834518432617,842300,0.0,0.0,0.0
2017-03-17 00:00:00-04:00,46.213322315037935,46.53452005293338,46.08797692923653,46.41700744628906,401600,0.0,0.0,0.0
2017-03-20 00:00:00-04:00,46.86355515993866,47.51378646704191,46.76171109010333,47.294429779052734,544900,0.0,0.0,0.0
2017-03-21 00:00:00-04:00,47.842809902741934,47.9916566069313,46.69119717455555,46.79304122924805,869900,0.0,0.0,0.0
2017-03-22 00:00:00-04:00,46.75387429465436,47.17691609751061,46.69120010676316,47.08290481567383,547700,0.0,0.0,0.0
2017-03-23 00:00:00-04:00,47.22391741434715,47.55295091453048,47.07507070501997,47.31009292602539,489800,0.0,0.0,0.0
2017-03-24 00:00:00-04:00,47.129914504413364,47.45894804216212,47.028070434578034,47.294429779052734,364900,0.0,0.0,0.0
2017-03-27 00:00:00-04:00,45.93129357216405,46.15064724600743,45.63359716589827,46.001800537109375,469100,0.0,0.0,0.0
2017-03-28 00:00:00-04:00,45.80595056536611,46.0331370300043,45.484752816943335,45.62576675415039,865100,0.0,0.0,0.0
2017-03-29 00:00:00-04:00,45.4455782090296,45.89212431868126,45.17138611303006,45.50041961669922,481400,0.0,0.0,0.0
2017-03-30 00:00:00-04:00,45.68060467441586,46.056640840020236,44.58383028338409,44.670005798339844,534300,0.0,0.0,0.0
2017-03-31 00:00:00-04:00,43.76908107291619,43.83958803641187,43.142354168771014,43.23636245727539,959700,0.0,0.0,0.0
2017-04-03 00:00:00-04:00,43.39304797079937,43.66724306514745,42.55480011743462,42.891666412353516,1184500,0.0,0.0,0.0
2017-04-04 00:00:00-04:00,43.267701385307205,43.71424451023536,43.197194418820146,43.43221664428711,392200,0.0,0.0,0.0
2017-04-05 00:00:00-04:00,42.734981376365006,42.93866949011433,42.38244655523704,42.4216194152832,479000,0.0,0.0,0.0
2017-04-06 00:00:00-04:00,42.468625963662106,42.6096399050559,42.35111633814722,42.492130279541016,309400,0.0,0.0,0.0
2017-04-07 00:00:00-04:00,42.46078547395195,42.84465436478856,42.382442749364316,42.593963623046875,354700,0.0,0.0,0.0
2017-04-10 00:00:00-04:00,42.57046819538478,42.57046819538478,42.264938998354445,42.2962760925293,279700,0.0,0.0,0.0
2017-04-11 00:00:00-04:00,43.087518055141764,43.41654857673372,42.80549018608021,43.322540283203125,416700,0.0,0.0,0.0
2017-04-12 00:00:00-04:00,44.19212383557901,44.583828532929815,43.80041913822821,44.54465866088867,620700,0.0,0.0,0.0
2017-04-13 00:00:00-04:00,44.717009377548386,45.24189223393554,44.717009377548386,44.79534912109375,360900,0.0,0.0,0.0
2017-04-17 00:00:00-04:00,45.12437816895471,45.63359545091932,45.12437816895471,45.58658981323242,332900,0.0,0.0,0.0
2017-04-18 00:00:00-04:00,44.881524717086975,45.179218133898935,44.818850531356254,44.8658561706543,312700,0.0,0.0,0.0
2017-04-19 00:00:00-04:00,44.79535334305888,44.96770438126635,44.45848703481878,44.615169525146484,541900,0.0,0.0,0.0
2017-04-20 00:00:00-04:00,45.21055572175026,45.51608490935847,45.116547430594586,45.461246490478516,595600,0.0,0.0,0.0
2017-04-21 00:00:00-04:00,45.17922236916555,45.26539788838888,44.97553722338582,45.2183952331543,429000,0.0,0.0,0.0
2017-04-24 00:00:00-04:00,46.236827363578016,46.448348279485835,46.174153171396455,46.34650421142578,436000,0.0,0.0,0.0
2017-04-25 00:00:00-04:00,46.29166077329165,46.57368863062011,46.19765248367205,46.354331970214844,278600,0.0,0.0,0.0
2017-04-26 00:00:00-04:00,45.61009820685296,45.9704658292844,45.41424584833981,45.62576675415039,437900,0.0,0.0,0.0
2017-04-27 00:00:00-04:00,45.76677390833826,45.76677390833826,45.17921688151349,45.335899353027344,230500,0.0,0.0,0.0
2017-04-28 00:00:00-04:00,46.00963025892171,46.14281140095549,45.570919951916196,45.813777923583984,373500,0.0,0.0,0.0
2017-05-01 00:00:00-04:00,46.08797747162215,46.12714734480799,45.81378238238179,45.84511947631836,123900,0.0,0.0,0.0
2017-05-02 00:00:00-04:00,46.08014249374932,46.40917600878367,45.97829843094466,46.1898193359375,499100,0.0,0.0,0.0
2017-05-03 00:00:00-04:00,45.64926789810779,46.00963551909652,45.61793080363838,45.657100677490234,384400,0.0,0.0,0.0
2017-05-04 00:00:00-04:00,44.98336874760524,44.98336874760524,44.24696494760718,44.450653076171875,506200,0.0,0.0,0.0
2017-05-05 00:00:00-04:00,44.4976511951907,45.398573157511926,44.44281277888971,45.34373474121094,434600,0.0,0.0,0.0
2017-05-08 00:00:00-04:00,45.11654291734826,45.11654291734826,44.57599156169024,44.72483825683594,359100,0.0,0.0,0.0
2017-05-09 00:00:00-04:00,44.92069555289341,45.57092380721989,44.91286277374382,45.35157012939453,386200,0.0,0.0,0.0
2017-05-10 00:00:00-04:00,45.79027602465824,46.20548201405018,45.75893893416504,46.1428108215332,472200,0.0,0.0,0.0
2017-05-11 00:00:00-04:00,46.07230348721115,46.424835292747694,45.954790893052696,46.322994232177734,299900,0.0,0.0,0.0
2017-05-12 00:00:00-04:00,46.43267655493796,46.57369048922961,46.24465697972584,46.377838134765625,171900,0.0,0.0,0.0
2017-05-15 00:00:00-04:00,46.96539591921442,47.21608669769958,46.86355185655801,47.184749603271484,309900,0.0,0.0,0.0
2017-05-16 00:00:00-04:00,47.223909254463024,47.65478673840234,47.16123806764313,47.63911819458008,810400,0.0,0.0,0.0
2017-05-17 00:00:00-04:00,46.87920776141141,47.05939152307639,46.51100447235267,46.55801010131836,493100,0.0,0.0,0.0
2017-05-18 00:00:00-04:00,45.89212670468956,46.409176818649364,45.60226305845416,45.82945251464844,1416400,0.0,0.0,0.0
2017-05-19 00:00:00-04:00,46.79304656533323,47.31793245617077,46.74604092200646,47.06724166870117,461100,0.0,0.0,0.0
2017-05-22 00:00:00-04:00,47.27091915224035,47.36492743518923,47.12990523358231,47.23958206176758,233300,0.0,0.0,0.0
2017-05-23 00:00:00-04:00,47.87415075232841,48.32852666778934,47.787975236860866,48.250186920166016,335400,0.0,0.0,0.0
2017-05-24 00:00:00-04:00,48.36769234772244,48.80639965081902,48.312850946366005,48.775062561035156,487000,0.0,0.0,0.0
2017-05-25 00:00:00-04:00,48.524375363192526,48.72806347319256,48.28935314958983,48.391197204589844,347100,0.0,0.0,0.0
2017-05-26 00:00:00-04:00,48.45387070093195,48.68889591416361,48.438205142621584,48.649723052978516,303400,0.0,0.0,0.0
2017-05-30 00:00:00-04:00,47.545116045096464,47.740968397711995,47.43543920578693,47.55295181274414,308600,0.0,0.0,0.0
2017-05-31 00:00:00-04:00,46.92621788943143,46.92621788943143,46.385663564141794,46.589351654052734,610400,0.0,0.0,0.0
2017-06-01 00:00:00-04:00,46.70686805129024,47.41977049277354,46.5266842461318,47.41193771362305,588200,0.0,0.0,0.0
2017-06-02 00:00:00-04:00,47.48244159501795,47.639124064075865,47.17691242401326,47.51377868652344,258000,0.0,0.0,0.0
2017-06-05 00:00:00-04:00,47.92898782529239,48.14834150324393,47.88981795258243,47.94465637207031,332900,0.0,0.0,0.0
2017-06-06 00:00:00-04:00,47.02023131214323,47.129908147108615,46.74603623626015,46.824378967285156,286500,0.0,0.0,0.0
2017-06-07 00:00:00-04:00,46.43267607624263,46.80087945514927,46.16631675737884,46.48751449584961,339900,0.0,0.0,0.0
2017-06-08 00:00:00-04:00,46.244660320877045,46.30733451329918,45.83728703554309,45.95479965209961,266800,0.0,0.0,0.0
2017-06-09 00:00:00-04:00,46.322999299854345,46.47968177971668,45.672768054390076,46.02530288696289,421400,0.0,0.0,0.0
2017-06-12 00:00:00-04:00,46.064470235143375,46.174147068494996,45.67276555119068,46.087974548339844,452900,0.0,0.0,0.0
2017-06-13 00:00:00-04:00,46.189816811792,46.37000061246457,45.97829591835819,46.25249099731445,327700,0.0,0.0,0.0
2017-06-14 00:00:00-04:00,46.91055862378775,47.098575217928044,46.25249456735694,46.573692321777344,637000,0.0,0.0,0.0
2017-06-15 00:00:00-04:00,45.21838798250545,45.382903226386794,44.78751045547889,45.21055221557617,554500,0.0,0.0,0.0
2017-06-16 00:00:00-04:00,45.22622474371294,45.4455784215383,44.92852833204301,45.35157012939453,619500,0.0,0.0,0.0
2017-06-19 00:00:00-04:00,44.897194226974904,45.53958970215179,44.693506107448734,45.35157012939453,458200,0.0,0.0,0.0
2017-06-20 00:00:00-04:00,44.77110217346043,44.94484881958832,44.202481989833764,44.23406982421875,487500,0.465,0.0,0.0
2017-06-21 00:00:00-04:00,44.79479867060206,45.04751943216426,44.589461168914575,44.73161697387695,358900,0.0,0.0,0.0
2017-06-22 00:00:00-04:00,44.62105114199152,45.22916140403099,44.44730449207481,44.984336853027344,233100,0.0,0.0,0.0
2017-06-23 00:00:00-04:00,45.60033968810271,45.97942076776733,45.529261797373806,45.734596252441406,253600,0.0,0.0,0.0
2017-06-26 00:00:00-04:00,46.08209329172546,46.33481404880917,45.88465501196199,45.98732376098633,325800,0.0,0.0,0.0
2017-06-27 00:00:00-04:00,45.49767612874222,45.63983192636759,44.9843354136874,45.06331253051758,476100,0.0,0.0,0.0
2017-06-28 00:00:00-04:00,45.3950072017275,45.655627167221816,45.18967272412779,45.54505920410156,275000,0.0,0.0,0.0
2017-06-29 00:00:00-04:00,44.90535953694573,45.000129060732085,44.09981105308961,44.51837921142578,526300,0.0,0.0,0.0
2017-06-30 00:00:00-04:00,44.62104934706266,45.023822095240575,44.54207524355136,44.794795989990234,592800,0.0,0.0,0.0
2017-07-03 00:00:00-04:00,44.897462058154794,45.00803002163491,44.75530626063503,44.857975006103516,312000,0.0,0.0,0.0
2017-07-05 00:00:00-04:00,44.26565946894517,44.51048400796019,43.83129587809245,44.42361068725586,703800,0.0,0.0,0.0
2017-07-06 00:00:00-04:00,44.265657245913836,44.265657245913836,43.791806627447556,43.862884521484375,456100,0.0,0.0,0.0
2017-07-07 00:00:00-04:00,43.815500710481885,43.93396487807289,43.41272796347652,43.79180908203125,348800,0.0,0.0,0.0
2017-07-10 00:00:00-04:00,44.01294168697351,44.10771121927076,43.641756750861404,43.831298828125,459900,0.0,0.0,0.0
2017-07-11 00:00:00-04:00,43.64175527172391,43.73652781347817,43.28636878448698,43.60226821899414,343400,0.0,0.0,0.0
2017-07-12 00:00:00-04:00,44.8895629064928,45.51346853102748,44.8895629064928,45.347618103027344,557600,0.0,0.0,0.0
2017-07-13 00:00:00-04:00,45.6477229401429,45.93993070750901,45.46608011109539,45.734596252441406,485700,0.0,0.0,0.0
2017-07-14 00:00:00-04:00,46.555947156724244,47.04559324894617,46.555947156724244,46.94292449951172,917400,0.0,0.0,0.0
2017-07-17 00:00:00-04:00,47.25882978107284,47.400985592589414,47.07718691361704,47.14036560058594,358600,0.0,0.0,0.0
2017-07-18 00:00:00-04:00,47.05349372725989,47.22723737018329,46.83236079850506,47.164058685302734,407400,0.0,0.0,0.0
2017-07-19 00:00:00-04:00,47.84324533798837,48.103862300359346,47.68529411184311,47.88273239135742,296200,0.0,0.0,0.0
2017-07-20 00:00:00-04:00,47.993291256869995,48.11175240194778,47.48784980746661,47.859031677246094,469400,0.0,0.0,0.0
2017-07-21 00:00:00-04:00,48.230219337807426,48.396066758070525,47.819547383344855,48.20652770996094,353600,0.0,0.0,0.0
2017-07-24 00:00:00-04:00,48.285501930639455,48.324988981370865,48.08806366431354,48.261810302734375,245300,0.0,0.0,0.0
2017-07-25 00:00:00-04:00,47.74847243380391,47.985397764896526,47.519443308257806,47.61421585083008,268700,0.0,0.0,0.0
2017-07-26 00:00:00-04:00,48.02489067695846,48.696179656951415,47.84324781193294,48.50663757324219,484500,0.0,0.0,0.0
2017-07-27 00:00:00-04:00,48.33289153091034,48.4197648561093,47.448368880343594,47.83534622192383,457800,0.0,0.0,0.0
2017-07-28 00:00:00-04:00,48.03278275674154,48.34868519822974,47.90642238268005,48.34078598022461,281200,0.0,0.0,0.0
2017-07-31 00:00:00-04:00,47.64580263966583,47.71687752153699,47.40097811121295,47.50364685058594,410300,0.0,0.0,0.0
2017-08-01 00:00:00-04:00,47.322002430617,47.69318733696156,47.0929763303214,47.4246711730957,550500,0.0,0.0,0.0
2017-08-02 00:00:00-04:00,47.38518304858772,47.69318625637653,47.21933563095817,47.66949462890625,508800,0.0,0.0,0.0
2017-08-03 00:00:00-04:00,47.38519016767988,47.38519016767988,46.92713188331106,47.14036560058594,438900,0.0,0.0,0.0
2017-08-04 00:00:00-04:00,47.18774583534615,47.35359325666416,46.84025556982239,47.32200241088867,376200,0.0,0.0,0.0
2017-08-07 00:00:00-04:00,47.86693386841412,48.49083951432622,47.74057349821271,48.21442413330078,427600,0.0,0.0,0.0
2017-08-08 00:00:00-04:00,48.443452257179594,48.6566859424185,47.39307925352154,47.66949462890625,1096300,0.0,0.0,0.0
2017-08-09 00:00:00-04:00,46.96662073810032,47.424675997961764,46.65861749199761,47.32990646362305,501300,0.0,0.0,0.0
2017-08-10 00:00:00-04:00,47.50364805428421,47.66949547485691,46.49276208269354,46.571739196777344,637900,0.0,0.0,0.0
2017-08-11 00:00:00-04:00,46.524356612297545,46.79287279610686,46.32691833045744,46.41379165649414,530400,0.0,0.0,0.0
2017-08-14 00:00:00-04:00,47.46416057045519,47.551033894334275,47.27462151169085,47.29831314086914,338600,0.0,0.0,0.0
2017-08-15 00:00:00-04:00,46.82446213483394,47.25092953290179,46.82446213483394,47.13246536254883,171900,0.0,0.0,0.0
2017-08-16 00:00:00-04:00,47.93011252729638,48.19073248535491,47.7958559520557,48.11175537109375,307800,0.0,0.0,0.0
2017-08-17 00:00:00-04:00,48.06437076620924,48.21442276009071,47.35359182115217,47.400978088378906,460100,0.0,0.0,0.0
2017-08-18 00:00:00-04:00,47.86693218096393,48.35657822164933,47.62210765428685,48.08016586303711,484900,0.0,0.0,0.0
2017-08-21 00:00:00-04:00,48.080170243580966,48.34078720363583,48.04857939609885,48.25391387939453,217300,0.0,0.0,0.0
2017-08-22 00:00:00-04:00,48.52243299794039,48.68828345093692,48.41186803772218,48.50663757324219,225000,0.0,0.0,0.0
2017-08-23 00:00:00-04:00,48.490838063219755,49.08315284568904,48.45134800092011,48.93309783935547,251500,0.0,0.0,0.0
2017-08-24 00:00:00-04:00,48.87781381465061,49.12263833485473,48.7435572476368,48.956790924072266,330100,0.0,0.0,0.0
2017-08-25 00:00:00-04:00,49.14633501107549,49.92819190500707,49.1147441640609,49.817626953125,451800,0.0,0.0,0.0
2017-08-28 00:00:00-04:00,49.42275035630015,49.55700693698058,49.26479913404689,49.509620666503906,251100,0.0,0.0,0.0
2017-08-29 00:00:00-04:00,49.399050357733564,49.69125812897929,49.29638162250233,49.53330993652344,211000,0.0,0.0,0.0
2017-08-30 00:00:00-04:00,49.12264127854377,49.20951459777916,48.964690062903856,49.10684585571289,272700,0.0,0.0,0.0
2017-08-31 00:00:00-04:00,49.23320660234365,49.53331361308853,49.13053785949192,49.375362396240234,427500,0.0,0.0,0.0
2017-09-01 00:00:00-04:00,49.67547271988162,50.10983633568083,49.612291023861104,49.896602630615234,425400,0.0,0.0,0.0
2017-09-05 00:00:00-04:00,49.549105304109304,49.68336187008367,48.87781343623149,49.327972412109375,515400,0.0,0.0,0.0
2017-09-06 00:00:00-04:00,48.82253429007719,49.3358749879498,48.70407012513156,49.20951461791992,335300,0.0,0.0,0.0
2017-09-07 00:00:00-04:00,49.201617556106434,49.61228952986576,49.1305396565583,49.564903259277344,136000,0.0,0.0,0.0
2017-09-08 00:00:00-04:00,49.06735975170383,49.170025483082135,48.617200736679216,48.704071044921875,301300,0.0,0.0,0.0
2017-09-11 00:00:00-04:00,49.04366380603984,49.29638454414959,48.9015080142695,48.94099807739258,229900,0.0,0.0,0.0
2017-09-12 00:00:00-04:00,48.925198812266196,48.96468585961926,48.71986134576047,48.83832550048828,193500,0.0,0.0,0.0
2017-09-13 00:00:00-04:00,48.56981339606169,48.56981339606169,47.94590775297419,48.20652770996094,403300,0.0,0.0,0.0
2017-09-14 00:00:00-04:00,47.819548476560946,48.111756273133636,47.73267515557933,48.06437301635742,250400,0.0,0.0,0.0
2017-09-15 00:00:00-04:00,47.70108740352137,48.04857767537314,47.49574991491025,47.9143180847168,259600,0.0,0.0,0.0
2017-09-18 00:00:00-04:00,47.77216579986537,47.91431858458904,47.30621135567153,47.39308166503906,183000,0.0,0.0,0.0
2017-09-19 00:00:00-04:00,47.306208806904436,47.56682574630341,47.25092633452681,47.51154327392578,367300,0.0,0.0,0.0
2017-09-20 00:00:00-04:00,47.65370299201544,47.882732117985036,46.611229123145115,47.46416091918945,479800,0.0,0.0,0.0
2017-09-21 00:00:00-04:00,47.67739317583123,47.89852608953517,47.393081581546845,47.54313659667969,219800,0.0,0.0,0.0
2017-09-22 00:00:00-04:00,47.835343050384964,47.92221636982413,47.42467109382545,47.57472610473633,267400,0.0,0.0,0.0
2017-09-25 00:00:00-04:00,47.3851859809233,47.479955509337834,46.698101627747235,46.97451400756836,398100,0.0,0.0,0.0
2017-09-26 00:00:00-04:00,46.69019761803775,46.72178846182355,46.05049960105295,46.42958068847656,360400,0.0,0.0,0.0
2017-09-27 00:00:00-04:00,45.718807118666646,45.91624539643782,45.473985582338564,45.76619338989258,595800,0.0,0.0,0.0
2017-09-28 00:00:00-04:00,45.67142542560366,45.939938600414095,45.576652879903236,45.84516906738281,327200,0.0,0.0,0.0
2017-09-29 00:00:00-04:00,46.469069074649866,46.516455341692755,46.17686129289065,46.39799118041992,511200,0.0,0.0,0.0
2017-10-02 00:00:00-04:00,46.153168249217195,46.39799278506942,45.75829171487618,45.8372688293457,361300,0.0,0.0,0.0
2017-10-03 00:00:00-04:00,45.908349794925776,46.382200462743526,45.758294773737205,46.24794387817383,258800,0.0,0.0,0.0
2017-10-04 00:00:00-04:00,46.69019823024373,46.99820142952219,46.5559416613967,46.70599365234375,224700,0.0,0.0,0.0
2017-10-05 00:00:00-04:00,46.863952973282196,47.21934250038208,46.79287506786222,47.02980041503906,472900,0.0,0.0,0.0
2017-10-06 00:00:00-04:00,46.68230744686576,47.116671060719376,46.44538211318824,47.092979431152344,374800,0.0,0.0,0.0
2017-10-09 00:00:00-04:00,46.903438568115234,46.966620265484714,46.60333153094851,46.903438568115234,272200,0.0,0.0,0.0
2017-10-10 00:00:00-04:00,47.40887578947484,47.756369068100206,47.40887578947484,47.630008697509766,330300,0.0,0.0,0.0
2017-10-11 00:00:00-04:00,48.159143914722755,48.38027381976261,47.93011479154919,48.238121032714844,528000,0.0,0.0,0.0
2017-10-12 00:00:00-04:00,48.36448579831312,49.335881842760614,48.36448579831312,48.61720657348633,249800,0.0,0.0,0.0
2017-10-13 00:00:00-04:00,49.33587849618466,49.82552458828517,49.280596018657306,49.635982513427734,375600,0.0,0.0,0.0
2017-10-16 00:00:00-04:00,49.91239779771653,50.10983607776076,49.51752123762805,49.5806999206543,359700,0.0,0.0,0.0
2017-10-17 00:00:00-04:00,48.9015080142695,49.12264091961716,48.6566864938519,48.94099807739258,389400,0.0,0.0,0.0
2017-10-18 00:00:00-04:00,48.6961721433502,48.948892874189355,48.57770798272678,48.664581298828125,269700,0.0,0.0,0.0
2017-10-19 00:00:00-04:00,48.56981535140169,48.71197114954126,48.380273282992604,48.554019927978516,212700,0.0,0.0,0.0
2017-10-20 00:00:00-04:00,47.98540016102196,48.33289347580079,47.91432225687804,48.28550720214844,234500,0.0,0.0,0.0
2017-10-23 00:00:00-04:00,47.977501908609696,47.977501908609696,47.57472914408711,47.78006362915039,262800,0.0,0.0,0.0
2017-10-24 00:00:00-04:00,47.62210551395346,47.953803342049014,47.47205352783203,47.47205352783203,412000,0.0,0.0,0.0
2017-10-25 00:00:00-04:00,46.97450968010368,47.06927919978769,46.08208791612881,46.65071105957031,674400,0.0,0.0,0.0
2017-10-26 00:00:00-04:00,46.16896290745207,46.53224858998847,46.003115488816164,46.0426025390625,1430500,0.0,0.0,0.0
2017-10-27 00:00:00-04:00,46.469076390431034,47.132469170127756,46.32692057959108,47.02980041503906,444000,0.0,0.0,0.0
2017-10-30 00:00:00-04:00,46.469071280843245,47.282515988018744,46.469071280843245,46.958717346191406,383100,0.0,0.0,0.0
2017-10-31 00:00:00-04:00,46.966619510308696,47.377291498599675,46.76918122820741,47.314109802246094,1674200,0.0,0.0,0.0
2017-11-01 00:00:00-04:00,47.385182545192706,47.6773903273408,47.132461812631846,47.34569549560547,405600,0.0,0.0,0.0
2017-11-02 00:00:00-04:00,47.81955192062177,47.977503150812595,47.393084502907286,47.795860290527344,285400,0.0,0.0,0.0
2017-11-03 00:00:00-04:00,47.40887651583409,47.41677573374326,46.86394797418929,47.219337463378906,446700,0.0,0.0,0.0
2017-11-06 00:00:00-05:00,47.32990346690144,47.78006249234472,47.27462099098167,47.716880798339844,297600,0.0,0.0,0.0
2017-11-07 00:00:00-05:00,47.91431834661652,47.99329546292515,47.1324644775092,47.28251647949219,811800,0.0,0.0,0.0
2017-11-08 00:00:00-05:00,47.56682856056826,47.748471410937086,47.50364987954253,47.60631561279297,408800,0.0,0.0,0.0
2017-11-09 00:00:00-05:00,47.21933670080716,47.51154449268008,46.88763884536399,47.4246711730957,457900,0.0,0.0,0.0
2017-11-10 00:00:00-05:00,46.93502500359319,47.04558995092442,46.287427729794054,46.62702178955078,347000,0.0,0.0,0.0
2017-11-13 00:00:00-05:00,46.22424991105755,46.516460739393246,46.13737658439932,46.47697067260742,253900,0.0,0.0,0.0
2017-11-14 00:00:00-05:00,46.69810484112598,46.74548810225927,46.32691989467945,46.492767333984375,317300,0.0,0.0,0.0
2017-11-15 00:00:00-05:00,46.80866720610683,46.80866720610683,46.34271275055188,46.50856018066406,408200,0.0,0.0,0.0
2017-11-16 00:00:00-05:00,47.487853475228405,48.009090386767376,47.243028936221876,47.80375289916992,367100,0.0,0.0,0.0
2017-11-17 00:00:00-05:00,49.17002736133998,49.6596764592424,49.0594624078359,49.30428695678711,429400,0.0,0.0,0.0
2017-11-20 00:00:00-05:00,49.35167114162168,49.80183015481119,49.35167114162168,49.64387893676758,363300,0.0,0.0,0.0
2017-11-21 00:00:00-05:00,50.015065825697995,50.45732563851175,50.015065825697995,50.19670867919922,530200,0.0,0.0,0.0
2017-11-22 00:00:00-05:00,50.33886085132874,50.544195319238874,49.91239348028215,50.101932525634766,996300,0.0,0.0,0.0
2017-11-24 00:00:00-05:00,49.33587838150765,49.68336866982464,49.296388315363544,49.5806999206543,268500,0.0,0.0,0.0
2017-11-27 00:00:00-05:00,50.307273251202844,50.307273251202844,49.778137105735716,49.825523376464844,1177600,0.0,0.0,0.0
2017-11-28 00:00:00-05:00,50.80481610064429,51.254975106531155,50.58368620657182,50.94697189331055,397800,0.0,0.0,0.0
2017-11-29 00:00:00-05:00,51.05754086927001,51.14441419527328,50.78112847986787,50.852203369140625,446100,0.0,0.0,0.0
2017-11-30 00:00:00-05:00,51.057534377502655,51.278664260908556,50.44942418546771,50.55998611450195,958900,0.0,0.0,0.0
2017-12-01 00:00:00-05:00,50.402035596235066,50.465217281535345,49.81762007055034,50.149314880371094,569600,0.0,0.0,0.0
2017-12-04 00:00:00-05:00,50.46522374692347,50.76532775254213,50.15721751062703,50.338863372802734,688400,0.0,0.0,0.0
2017-12-05 00:00:00-05:00,50.33096072785439,50.94697014583541,50.26778205143022,50.60737609863281,426700,0.0,0.0,0.0
2017-12-06 00:00:00-05:00,49.004175659185776,49.14633144777558,48.7040686596441,49.083152770996094,644500,0.0,0.0,0.0
2017-12-07 00:00:00-05:00,48.34868766150175,48.73566500873814,48.11175931198008,48.269710540771484,438600,0.0,0.0,0.0
2017-12-08 00:00:00-05:00,48.53822686371987,48.59350934205345,48.11965866700303,48.530330657958984,345000,0.0,0.0,0.0
2017-12-11 00:00:00-05:00,48.103865570588695,48.38027797563236,47.94591433370549,48.30130386352539,333900,0.0,0.0,0.0
2017-12-12 00:00:00-05:00,47.369389801097206,47.51944180308019,47.10087363098575,47.28251647949219,424900,0.0,0.0,0.0
2017-12-13 00:00:00-05:00,47.503642567987974,49.241096699805375,47.503642567987974,48.71196365356445,1444800,0.0,0.0,0.0
2017-12-14 00:00:00-05:00,48.96469156061001,49.02787325386608,48.48294169387375,48.490840911865234,287100,0.0,0.0,0.0
2017-12-15 00:00:00-05:00,49.12264469042915,49.999271136082626,49.09895004820265,49.68336868286133,640300,0.0,0.0,0.0
2017-12-18 00:00:00-05:00,51.689340070409635,52.92135905334857,51.689340070409635,52.068424224853516,886400,0.0,0.0,0.0
2017-12-19 00:00:00-05:00,53.134297585712,53.30968558364807,52.400862396395915,52.54436111450195,1181800,0.617,0.0,0.0
2017-12-20 00:00:00-05:00,52.791495919294775,53.38940623656448,52.584218639608956,52.60016632080078,531200,0.0,0.0,0.0
2017-12-21 00:00:00-05:00,53.237937286254905,53.59668715029621,53.15821712166529,53.30171585083008,833200,0.0,0.0,0.0
2017-12-22 00:00:00-05:00,53.34954491920291,54.059064699766004,53.34954491920291,53.971370697021484,462100,0.0,0.0,0.0
2017-12-26 00:00:00-05:00,54.250391924485385,54.72074506378257,54.250391924485385,54.704803466796875,141300,0.0,0.0,0.0
2017-12-27 00:00:00-05:00,54.712776738646625,55.25488232466195,54.69683514005418,55.19907760620117,281400,0.0,0.0,0.0
2017-12-28 00:00:00-05:00,55.35054645525228,55.685374743587964,54.864245620273316,55.06354904174805,298400,0.0,0.0,0.0
2017-12-29 00:00:00-05:00,56.060071441844464,56.42678904210945,55.5578289619234,55.79698944091797,599900,0.0,0.0,0.0
2018-01-02 00:00:00-05:00,55.82887598469357,55.94048541920532,55.215024094878984,55.75712966918945,663000,0.0,0.0,0.0
2018-01-03 00:00:00-05:00,55.26285692377332,56.044129075208176,55.01572260751965,55.99629211425781,670900,0.0,0.0,0.0
2018-01-04 00:00:00-05:00,55.30272834494807,55.91658034858118,55.19908664921452,55.78105545043945,388700,0.0,0.0,0.0
2018-01-05 00:00:00-05:00,55.565795685482094,56.275315433124725,55.55782792724481,56.251399993896484,332900,0.0,0.0,0.0
2018-01-08 00:00:00-05:00,55.48607573995178,55.80496245615287,55.31866158245431,55.5657958984375,285000,0.0,0.0,0.0
2018-01-09 00:00:00-05:00,55.804964715952906,56.0361574425043,55.29474838227344,55.948463439941406,468900,0.0,0.0,0.0
2018-01-10 00:00:00-05:00,54.904115092092525,55.31866358054654,54.672922366552584,55.207054138183594,444700,0.0,0.0,0.0
2018-01-11 00:00:00-05:00,54.13081293918135,54.95194209966383,54.106897500683104,54.776554107666016,623800,0.0,0.0,0.0
2018-01-12 00:00:00-05:00,54.85627893783127,55.4621631212002,54.56131372820763,55.43824768066406,280600,0.0,0.0,0.0
2018-01-16 00:00:00-05:00,56.46664317326785,56.570278756106966,55.852785268835596,55.924537658691406,537200,0.0,0.0,0.0
2018-01-17 00:00:00-05:00,56.75363864429968,57.43126899398508,56.60216611260563,56.849300384521484,386500,0.0,0.0,0.0
2018-01-18 00:00:00-05:00,57.1602232390028,57.813938268389784,57.056587641483986,57.67841339111328,478400,0.0,0.0,0.0
2018-01-19 00:00:00-05:00,57.15225698360294,57.41533290456967,56.65000841703533,57.26386642456055,561900,0.0,0.0,0.0
2018-01-22 00:00:00-05:00,57.861773175668475,58.61912377569626,57.73421606116469,58.58723449707031,295200,0.0,0.0,0.0
2018-01-23 00:00:00-05:00,58.364013485426554,59.08150702251419,58.220514778009026,59.03367614746094,424300,0.0,0.0,0.0
2018-01-24 00:00:00-05:00,59.256898650774644,59.87075055331233,59.025705936706174,59.735225677490234,512100,0.0,0.0,0.0
2018-01-25 00:00:00-05:00,60.10990536692312,61.0107545259848,59.814934151638546,59.99032211303711,761900,0.0,0.0,0.0
2018-01-26 00:00:00-05:00,60.02222055472825,60.65202011129115,59.83885872645991,60.57229995727539,344200,0.0,0.0,0.0
2018-01-29 00:00:00-05:00,58.3401012176808,58.45968449406899,57.861774194386115,58.1328239440918,861200,0.0,0.0,0.0
2018-01-30 00:00:00-05:00,56.72175779123513,57.30372040484163,56.514480519552926,57.06455993652344,552200,0.0,0.0,0.0
2018-01-31 00:00:00-05:00,57.50302774608387,57.79002519338618,56.67392468523927,57.51100158691406,718100,0.0,0.0,0.0
2018-02-01 00:00:00-05:00,57.12833001285412,57.42329515488088,56.66594466092493,56.849300384521484,549500,0.0,0.0,0.0
2018-02-02 00:00:00-05:00,55.717267039840486,55.88468119307939,54.776554596218546,54.832359313964844,934700,0.0,0.0,0.0
2018-02-05 00:00:00-05:00,54.07500109153897,54.57724348054988,52.03413009643555,52.03413009643555,1146300,0.0,0.0,0.0
2018-02-06 00:00:00-05:00,52.83134828832798,55.796984173033195,52.703797261358176,55.06354904174805,1330000,0.0,0.0,0.0
2018-02-07 00:00:00-05:00,54.7287260938198,55.62160161650808,53.55682088803311,53.66843032836914,711700,0.0,0.0,0.0
2018-02-08 00:00:00-05:00,54.218509626593956,54.43375466602097,51.16517946008471,51.38042449951172,1123500,0.0,0.0,0.0
2018-02-09 00:00:00-05:00,52.95093328321733,53.485065010433914,50.965872843672486,52.86323928833008,1257300,0.0,0.0,0.0
2018-02-12 00:00:00-05:00,54.13878653824736,55.42229502924664,54.051092542639125,54.44969940185547,976600,0.0,0.0,0.0
2018-02-13 00:00:00-05:00,55.31865566282082,55.68537321841935,55.05557369393787,55.44621276855469,330200,0.0,0.0,0.0
2018-02-14 00:00:00-05:00,55.58174248470698,57.91757896765348,55.549853205489164,57.566802978515625,807700,0.0,0.0,0.0
2018-02-15 00:00:00-05:00,59.64752392983802,60.02221531146445,58.78653174426121,59.854801177978516,945600,0.0,0.0,0.0
2018-02-16 00:00:00-05:00,58.7307336290817,59.8707494985023,58.59520875564729,59.193119049072266,438500,0.0,0.0,0.0
2018-02-20 00:00:00-05:00,57.31966771484613,57.694359136606096,56.87322389547396,57.471134185791016,735800,0.0,0.0,0.0
2018-02-21 00:00:00-05:00,58.68289774850393,59.51200068123315,57.59868668895477,57.6385498046875,521200,0.0,0.0,0.0
2018-02-22 00:00:00-05:00,57.75016579113262,58.37199154076192,57.526946915087045,57.67841339111328,420800,0.0,0.0,0.0
2018-02-23 00:00:00-05:00,59.264863942060586,60.07802532766193,59.00975579961383,60.022220611572266,393700,0.0,0.0,0.0
2018-02-26 00:00:00-05:00,59.29674457488602,60.18962598439956,58.93800089265001,60.03018569946289,426800,0.0,0.0,0.0
2018-02-27 00:00:00-05:00,59.05759129788977,59.08150673530014,57.678408945400534,57.7421875,645600,0.0,0.0,0.0
2018-02-28 00:00:00-05:00,57.8617694329209,57.893658709484114,56.825389232518106,56.88916778564453,517600,0.0,0.0,0.0
2018-03-01 00:00:00-05:00,57.00078005255091,57.758130641324996,56.123846191270935,56.77756118774414,517800,0.0,0.0,0.0
2018-03-02 00:00:00-05:00,56.22748407406512,57.45519396277246,55.74915704681427,57.19211196899414,600500,0.0,0.0,0.0
2018-03-05 00:00:00-05:00,56.801475707135054,58.09296408124693,56.75364483180943,57.66246795654297,529100,0.0,0.0,0.0
2018-03-06 00:00:00-05:00,58.90612869174846,59.41634505012825,58.364023050687585,58.69088363647461,358600,0.0,0.0,0.0
2018-03-07 00:00:00-05:00,58.34807534233922,58.96990108387792,57.981357753284556,58.87423324584961,383400,0.0,0.0,0.0
2018-03-08 00:00:00-05:00,58.563320034941924,58.69884490966797,58.00527285532993,58.69884490966797,278800,0.0,0.0,0.0
2018-03-09 00:00:00-05:00,58.507523250794996,59.36851565802815,58.31619363216282,59.30473709106445,471300,0.0,0.0,0.0
2018-03-12 00:00:00-04:00,58.89018423693246,59.00179367977678,58.48360350528045,58.802490234375,440900,0.0,0.0,0.0
2018-03-13 00:00:00-04:00,58.866270376385636,59.08949537338758,57.68639723210023,57.941505432128906,421100,0.0,0.0,0.0
2018-03-14 00:00:00-04:00,57.85379483878847,57.997293540322865,57.14427517071769,57.65449142456055,313500,0.0,0.0,0.0
2018-03-15 00:00:00-04:00,57.20805458387597,57.423299598287805,56.39489323552547,56.75364303588867,375900,0.0,0.0,0.0
2018-03-16 00:00:00-04:00,56.52245753787228,56.9051167416,55.96440424923665,56.1318244934082,449400,0.0,0.0,0.0
2018-03-19 00:00:00-04:00,55.86077133708334,56.16371039480206,55.27083482162745,55.741188049316406,543300,0.0,0.0,0.0
2018-03-20 00:00:00-04:00,56.4825913635379,57.23197421353289,56.466649765185224,56.92903518676758,387900,0.0,0.0,0.0
2018-03-21 00:00:00-04:00,56.72972574917679,58.30820535608049,56.402865236098876,57.526939392089844,460900,0.0,0.0,0.0
2018-03-22 00:00:00-04:00,56.2673447902007,56.62608852474876,54.95991479984803,55.36648941040039,789900,0.0,0.0,0.0
2018-03-23 00:00:00-04:00,55.93251171319391,56.339086288997,54.35402603512572,54.53738784790039,778400,0.0,0.0,0.0
2018-03-26 00:00:00-04:00,55.7332066870663,57.20007681768087,55.589707993222945,56.90510559082031,449400,0.0,0.0,0.0
2018-03-27 00:00:00-04:00,56.402866368291654,56.53839123056553,54.89613303952143,55.27082443237305,543900,0.0,0.0,0.0
2018-03-28 00:00:00-04:00,54.32214446809067,54.569278784403025,53.61262471678378,54.003257751464844,586900,0.0,0.0,0.0
2018-03-29 00:00:00-04:00,53.9554185373576,55.01571412137697,53.80394600185275,54.76857376098633,702900,0.0,0.0,0.0
2018-04-02 00:00:00-04:00,54.48956418173661,54.95194966387741,52.73569618485208,53.453189849853516,510000,0.0,0.0,0.0
2018-04-03 00:00:00-04:00,54.178641900372924,54.314166768576044,53.27779261599845,53.98731231689453,551100,0.0,0.0,0.0
2018-04-04 00:00:00-04:00,52.432743885222926,54.330116438597436,52.26532973326483,54.22647476196289,563500,0.0,0.0,0.0
2018-04-05 00:00:00-04:00,54.369975535833994,54.601168254135096,53.87570690149075,54.2982292175293,429100,0.0,0.0,0.0
2018-04-06 00:00:00-04:00,53.80395850170852,54.18662380789606,52.63205322419139,53.16619110107422,426500,0.0,0.0,0.0
2018-04-09 00:00:00-04:00,53.27779596131252,54.11486674300129,52.93499380816621,53.3654899597168,448300,0.0,0.0,0.0
2018-04-10 00:00:00-04:00,54.051092542639125,54.625081310813954,53.63653800298966,54.44969940185547,370000,0.0,0.0,0.0
2018-04-11 00:00:00-04:00,53.87570102457007,54.42577431834387,53.437231075232354,54.19458770751953,394100,0.0,0.0,0.0
2018-04-12 00:00:00-04:00,54.122843862937245,54.38592587409101,53.692347685301606,53.875709533691406,358600,0.0,0.0,0.0
2018-04-13 00:00:00-04:00,53.91556526901096,54.0750116729383,53.3973811824577,53.58871078491211,203400,0.0,0.0,0.0
2018-04-16 00:00:00-04:00,53.88366927162677,54.33808690448274,53.75611824664253,54.25039291381836,305100,0.0,0.0,0.0
2018-04-17 00:00:00-04:00,54.12284188679644,54.84830933065476,54.02717404561759,54.64900588989258,271400,0.0,0.0,0.0
2018-04-18 00:00:00-04:00,55.4462163390113,55.95643263028702,55.21502363167419,55.71726608276367,330200,0.0,0.0,0.0
2018-04-19 00:00:00-04:00,55.92454052516808,56.068039229977536,54.93599727106823,55.26285171508789,272300,0.0,0.0,0.0
2018-04-20 00:00:00-04:00,54.89613155178721,54.93599466655568,54.24241661248283,54.53738784790039,443500,0.0,0.0,0.0
2018-04-23 00:00:00-04:00,53.93949336146891,54.00326584854935,53.07850092216208,53.18213653564453,538000,0.0,0.0,0.0
2018-04-24 00:00:00-04:00,53.15821338723169,53.548846423859416,52.400862753447164,52.73569107055664,397200,0.0,0.0,0.0
2018-04-25 00:00:00-04:00,52.02617312278172,52.36100145152107,51.50798294796599,52.08197784423828,590600,0.0,0.0,0.0
2018-04-26 00:00:00-04:00,52.655966261848825,53.13429325580405,52.40882588387007,53.086456298828125,398500,0.0,0.0,0.0
2018-04-27 00:00:00-04:00,53.01471921169509,53.692349744565746,52.53639213450749,53.548851013183594,327300,0.0,0.0,0.0
2018-04-30 00:00:00-04:00,53.30968739190092,53.43723843328934,52.38491649223662,52.48855209350586,421500,0.0,0.0,0.0
2018-05-01 00:00:00-04:00,51.96239102389318,53.23793177198537,50.92601378592716,51.826866149902344,660200,0.0,0.0,0.0
2018-05-02 00:00:00-04:00,52.48854697837281,52.79149207638212,51.571756091102905,51.635528564453125,466500,0.0,0.0,0.0
2018-05-03 00:00:00-04:00,51.83483801346857,51.92253201705729,50.69482509020296,51.57176208496094,544900,0.0,0.0,0.0
2018-05-04 00:00:00-04:00,51.452179048721604,52.679889022643295,51.28476488167664,52.3291130065918,472700,0.0,0.0,0.0
2018-05-07 00:00:00-04:00,52.058055900102005,52.44071506163731,51.818889362449156,52.073997497558594,218600,0.0,0.0,0.0
2018-05-08 00:00:00-04:00,51.794976725597984,51.99428015699877,51.29272818582285,51.946449279785156,334200,0.0,0.0,0.0
2018-05-09 00:00:00-04:00,52.145752951685104,52.392887261439306,51.78700312415429,52.2733039855957,342500,0.0,0.0,0.0
2018-05-10 00:00:00-04:00,53.19010250791759,54.09095185808691,53.14227162911904,53.85179138183594,671400,0.0,0.0,0.0
2018-05-11 00:00:00-04:00,54.13081584542289,54.57725360738039,53.8597600026213,54.1148681640625,326900,0.0,0.0,0.0
2018-05-14 00:00:00-04:00,54.01122738048008,54.33011407224074,53.71625612620637,53.795982360839844,193700,0.0,0.0,0.0
2018-05-15 00:00:00-04:00,51.81091775715888,52.08197358367306,51.19706587135289,51.460147857666016,464000,0.0,0.0,0.0
2018-05-16 00:00:00-04:00,52.83932876586914,53.206046377578595,52.64002531935801,52.83932876586914,467200,0.0,0.0,0.0
2018-05-17 00:00:00-04:00,51.779028211810626,51.994279320324225,51.189091767389606,51.71525573730469,1167100,0.0,0.0,0.0
2018-05-18 00:00:00-04:00,50.58321552888777,50.72671425422254,50.09691463093429,50.2802734375,481600,0.0,0.0,0.0
2018-05-21 00:00:00-04:00,50.00124615824324,50.33607446536569,49.76207960615117,50.144744873046875,261900,0.0,0.0,0.0
2018-05-22 00:00:00-04:00,51.436226358774924,51.85078089779326,51.372453883913465,51.47608947753906,219300,0.0,0.0,0.0
2018-05-23 00:00:00-04:00,50.7426540559526,51.787002073805176,50.57523686494132,51.731197357177734,306700,0.0,0.0,0.0
2018-05-24 00:00:00-04:00,51.31665299035105,51.691338356263245,50.75859969736516,51.492034912109375,342300,0.0,0.0,0.0
2018-05-25 00:00:00-04:00,51.01370994019518,51.7072850612345,50.90209745902856,51.38042449951172,356800,0.0,0.0,0.0
2018-05-29 00:00:00-04:00,49.70627919986118,49.9055826498063,48.685846509303545,48.98878860473633,524800,0.0,0.0,0.0
2018-05-30 00:00:00-04:00,49.49900206899834,50.16068790291644,49.084450552305334,50.0969123840332,470500,0.0,0.0,0.0
2018-05-31 00:00:00-04:00,49.913549198389276,50.06501870341109,49.30766509604432,49.6106071472168,618800,0.0,0.0,0.0
2018-06-01 00:00:00-04:00,50.830343586382185,51.22895347290378,50.57523544862116,50.99776077270508,541700,0.0,0.0,0.0
2018-06-04 00:00:00-04:00,52.03413438053055,52.36896874969608,51.93049879141843,52.073997497558594,457800,0.0,0.0,0.0
2018-06-05 00:00:00-04:00,50.83034325662137,51.037617476784185,50.192572916356326,50.256351470947266,534400,0.0,0.0,0.0
2018-06-06 00:00:00-04:00,50.878182630514736,51.37245735823116,50.77454398875108,51.30070495605469,336300,0.0,0.0,0.0
2018-06-07 00:00:00-04:00,50.52740390808906,50.774538202655485,49.18808468191705,49.51494216918945,925800,0.0,0.0,0.0
2018-06-08 00:00:00-04:00,49.108362602722686,49.69033127872128,48.70975575354108,49.5069694519043,567600,0.0,0.0,0.0
2018-06-11 00:00:00-04:00,48.90905965605618,49.100392283629716,48.630036075354084,48.7815055847168,334500,0.0,0.0,0.0
2018-06-12 00:00:00-04:00,48.63003573745588,48.72570053001346,47.90457139154226,48.02415466308594,314700,0.0,0.0,0.0
2018-06-13 00:00:00-04:00,48.550316573387654,49.17214229937925,47.60163030399853,48.135765075683594,541500,0.0,0.0,0.0
2018-06-14 00:00:00-04:00,49.05255802562006,49.29969536761682,48.00023618409985,48.02415466308594,490500,0.0,0.0,0.0
2018-06-15 00:00:00-04:00,47.777020753401224,48.159682992251035,47.26680443493482,47.633522033691406,489400,0.0,0.0,0.0
2018-06-18 00:00:00-04:00,46.46161357337502,46.46161357337502,45.77600930316328,46.12678527832031,512900,0.0,0.0,0.0
2018-06-19 00:00:00-04:00,45.08858899143717,45.41226688091796,44.473595753777694,44.999576568603516,977600,0.857,0.0,0.0
2018-06-20 00:00:00-04:00,46.124356295166464,46.407574792063414,45.63074426898884,45.67120361328125,567600,0.0,0.0,0.0
2018-06-21 00:00:00-04:00,45.93824191461686,46.04343868171358,45.444629876913204,45.679298400878906,355300,0.0,0.0,0.0
2018-06-22 00:00:00-04:00,47.0144777742622,47.297699379438676,46.41567202498682,46.92546844482422,496000,0.0,0.0,0.0
2018-06-25 00:00:00-04:00,45.80067450199484,46.043436736863924,45.08858141271898,45.84113693237305,724800,0.0,0.0,0.0
2018-06-26 00:00:00-04:00,45.82495950248078,46.02725933754242,45.120953853933905,45.36371612548828,955900,0.0,0.0,0.0
2018-06-27 00:00:00-04:00,44.586880217270824,44.78108940758086,43.02512532055181,43.413543701171875,884400,0.0,0.0,0.0
2018-06-28 00:00:00-04:00,44.449315869075434,44.91864983756768,44.06090059233524,44.89437484741211,719300,0.0,0.0,0.0
2018-06-29 00:00:00-04:00,46.10008691921416,46.64224898981753,45.646934182152016,46.5775146484375,1503700,0.0,0.0,0.0
2018-07-02 00:00:00-04:00,45.557915506495206,46.17290864284238,45.33134071249891,46.035343170166016,920300,0.0,0.0,0.0
2018-07-03 00:00:00-04:00,46.22955616869086,47.014477378668914,45.95442828741032,46.45613098144531,525800,0.0,0.0,0.0
2018-07-05 00:00:00-04:00,47.613283970543684,47.961239894824125,46.925465843115,47.12776565551758,737300,0.0,0.0,0.0
2018-07-06 00:00:00-04:00,47.12776905914035,48.090715124455635,47.12776905914035,47.5,541200,0.0,0.0,0.0
2018-07-09 00:00:00-04:00,48.843270818098674,49.11030498508668,48.64906162559343,48.95655822753906,629600,0.0,0.0,0.0
2018-07-10 00:00:00-04:00,48.62478350704418,48.980830069081,48.29301193494049,48.91609573364258,699000,0.0,0.0,0.0
2018-07-11 00:00:00-04:00,47.52427621007889,47.86414153333769,46.860733007409856,47.281517028808594,702100,0.0,0.0,0.0
2018-07-12 00:00:00-04:00,47.7670379549711,48.39821556436928,47.39480698458925,47.9207878112793,332800,0.0,0.0,0.0
2018-07-13 00:00:00-04:00,47.564727185554396,47.83985503238562,47.35433675531872,47.64564895629883,409600,0.0,0.0,0.0
2018-07-16 00:00:00-04:00,47.24106098527159,47.36243904097452,46.76363322439841,47.038761138916016,438400,0.0,0.0,0.0
2018-07-17 00:00:00-04:00,47.087308980122216,48.066442537858826,47.087308980122216,47.90460205078125,512500,0.0,0.0,0.0
2018-07-18 00:00:00-04:00,47.3057906699563,47.91269014922589,47.04684713908264,47.78321838378906,414300,0.0,0.0,0.0
2018-07-19 00:00:00-04:00,46.5127768887914,47.07921703437042,46.342845771172826,46.62606430053711,584300,0.0,0.0,0.0
2018-07-20 00:00:00-04:00,47.475720783690704,47.85604543715057,47.33815838630753,47.81558609008789,536600,0.0,0.0,0.0
2018-07-23 00:00:00-04:00,46.860731357223095,47.087306173516545,46.54514412399997,46.93355941772461,504200,0.0,0.0,0.0
2018-07-24 00:00:00-04:00,47.79131329959719,48.51150020576232,47.66993216597029,47.98551940917969,752100,0.0,0.0,0.0
2018-07-25 00:00:00-04:00,48.52768112202394,48.89181832338591,47.76703183401394,48.87563705444336,486900,0.0,0.0,0.0
2018-07-26 00:00:00-04:00,48.495312468826405,48.74616535364134,48.01788477634008,48.13117218017578,311500,0.0,0.0,0.0
2018-07-27 00:00:00-04:00,48.68952453598805,49.11840230048387,48.32538728953113,48.62479019165039,720200,0.0,0.0,0.0
2018-07-30 00:00:00-04:00,49.2074111247645,49.385432873806366,48.85945517471164,48.95655822753906,255800,0.0,0.0,0.0
2018-07-31 00:00:00-04:00,49.369247901367366,49.87095368956001,49.19931678932648,49.5149040222168,405000,0.0,0.0,0.0
2018-08-01 00:00:00-04:00,49.013202139165024,49.16694889736168,48.4305776460402,48.770442962646484,337700,0.0,0.0,0.0
2018-08-02 00:00:00-04:00,47.50809017006611,47.75894306437401,47.17631858048489,47.35434341430664,1039600,0.0,0.0,0.0
2018-08-03 00:00:00-04:00,47.92887449303459,48.48722090254821,47.669930962229685,48.204002380371094,598200,0.0,0.0,0.0
2018-08-06 00:00:00-04:00,47.540456535894606,47.78321569658019,47.24105367394405,47.467628479003906,310800,0.0,0.0,0.0
2018-08-07 00:00:00-04:00,47.54046241161087,48.762352087295035,47.54046241161087,48.38203048706055,269900,0.0,0.0,0.0
2018-08-08 00:00:00-04:00,48.22827317741656,48.729978925712686,48.025973368640734,48.576229095458984,777100,0.0,0.0,0.0
2018-08-09 00:00:00-04:00,48.03407148669665,48.47103985449681,47.54045941420206,47.597103118896484,340600,0.0,0.0,0.0
2018-08-10 00:00:00-04:00,45.64693460202067,45.92206250083006,45.02385074039792,45.3232536315918,843000,0.0,0.0,0.0
2018-08-13 00:00:00-04:00,44.74872109722888,45.06430833332728,43.69676261461743,43.93952178955078,624100,0.0,0.0,0.0
2018-08-14 00:00:00-04:00,44.918650434972875,45.27470009185775,44.6435225577665,44.756813049316406,614300,0.0,0.0,0.0
2018-08-15 00:00:00-04:00,42.49914953463934,42.96848354477118,41.63330649130344,42.31303405761719,1413300,0.0,0.0,0.0
2018-08-16 00:00:00-04:00,42.71763434570391,43.049405955095814,41.99744741947639,42.232112884521484,577100,0.0,0.0,0.0
2018-08-17 00:00:00-04:00,41.778962117617326,43.146507868990625,41.673765340788464,43.00894546508789,322100,0.0,0.0,0.0
2018-08-20 00:00:00-04:00,43.27597735163159,43.413542835117404,42.85519335339602,43.21933364868164,348800,0.0,0.0,0.0
2018-08-21 00:00:00-04:00,44.02043911360702,44.862003962344005,44.02043911360702,44.400760650634766,859900,0.0,0.0,0.0
2018-08-22 00:00:00-04:00,45.11286220194775,46.027258300134946,45.00766542576858,45.87350845336914,469200,0.0,0.0,0.0
2018-08-23 00:00:00-04:00,45.7116687160643,45.88159982413418,44.505960429841736,44.66780090332031,492000,0.0,0.0,0.0
2018-08-24 00:00:00-04:00,46.22146158269854,46.51277381470602,45.727849532558096,46.26192092895508,495500,0.0,0.0,0.0
2018-08-27 00:00:00-04:00,46.90119129919756,47.621378191699655,46.77981325472384,47.27342224121094,538000,0.0,0.0,0.0
2018-08-28 00:00:00-04:00,47.33007009980284,48.3334755388802,47.1520452596744,47.281517028808594,537100,0.0,0.0,0.0
2018-08-29 00:00:00-04:00,46.11627185209647,47.046849243151,45.97870635881417,46.91737747192383,478800,0.0,0.0,0.0
2018-08-30 00:00:00-04:00,45.05622126413787,45.31516481613919,43.51874122313575,43.931434631347656,1084500,0.0,0.0,0.0
2018-08-31 00:00:00-04:00,44.109448435481546,44.57069483404086,43.583470790877186,44.400760650634766,1004900,0.0,0.0,0.0
2018-09-04 00:00:00-04:00,41.85987487296324,41.89224358229237,41.066860015499735,41.25297546386719,1109500,0.0,0.0,0.0
2018-09-05 00:00:00-04:00,40.7108214832755,40.73509647662344,40.087737596923255,40.45996856689453,900600,0.0,0.0,0.0
2018-09-06 00:00:00-04:00,40.840293549336195,40.96976532619597,40.540887557281806,40.88884353637695,510400,0.0,0.0,0.0
2018-09-07 00:00:00-04:00,41.50382993647939,42.00553260308929,40.88883678283487,41.083045959472656,787500,0.0,0.0,0.0
2018-09-10 00:00:00-04:00,41.341990005432706,41.49573675240841,40.840287332330234,40.90502166748047,455000,0.0,0.0,0.0
2018-09-11 00:00:00-04:00,40.710815327758695,41.58474891150164,40.49233116011042,41.414817810058594,528300,0.0,0.0,0.0
2018-09-12 00:00:00-04:00,41.17206051347137,42.086453483618854,40.88883891141615,41.57666015625,908500,0.0,0.0,0.0
2018-09-13 00:00:00-04:00,42.44250530246241,42.85519560086207,41.88415579145936,42.070274353027344,919900,0.0,0.0,0.0
2018-09-14 00:00:00-04:00,42.151196141420264,42.385864704211144,41.301537403466085,41.55238723754883,700900,0.0,0.0,0.0
2018-09-17 00:00:00-04:00,41.107323959479565,41.689948445211286,40.929302211945156,41.4067268371582,516500,0.0,0.0,0.0
2018-09-18 00:00:00-04:00,41.60902624774209,41.9569821913773,41.471463849344616,41.72231674194336,414800,0.0,0.0,0.0
2018-09-19 00:00:00-04:00,42.361580232087185,42.84710164255637,42.159280416104245,42.73381423950195,540800,0.0,0.0,0.0
2018-09-20 00:00:00-04:00,43.543011603868784,43.91524250819476,43.20314632268197,43.793861389160156,578100,0.0,0.0,0.0
2018-09-21 00:00:00-04:00,43.85860109183778,44.5868785833996,43.79386366848993,44.42504119873047,1784300,0.0,0.0,0.0
2018-09-24 00:00:00-04:00,44.42504004269252,44.42504004269252,43.85050622940687,43.8990592956543,547400,0.0,0.0,0.0
2018-09-25 00:00:00-04:00,43.66439216945643,44.02044182629583,43.43781736008609,43.915245056152344,295000,0.0,0.0,0.0
2018-09-26 00:00:00-04:00,44.158006833952506,45.08858729066512,43.939522646197794,44.133731842041016,639200,0.0,0.0,0.0
2018-09-27 00:00:00-04:00,44.14991358691463,44.51405079144545,43.81814200740081,43.915245056152344,481400,0.0,0.0,0.0
2018-09-28 00:00:00-04:00,43.284071936581974,43.793865273301385,43.10604710270197,43.413543701171875,520300,0.0,0.0,0.0
2018-10-01 00:00:00-04:00,43.96379832211811,44.068992005885484,43.15459904289061,43.308345794677734,236500,0.0,0.0,0.0
2018-10-02 00:00:00-04:00,42.66099047967189,42.798552886709345,42.4505969212198,42.45869064331055,965300,0.0,0.0,0.0
2018-10-03 00:00:00-04:00,42.47487282962865,42.596250873131154,40.82410550845144,41.026405334472656,522000,0.0,0.0,0.0
2018-10-04 00:00:00-04:00,41.131598150380896,41.21251683826273,39.7316807725946,40.087730407714844,1332700,0.0,0.0,0.0
2018-10-05 00:00:00-04:00,40.47614884314695,40.73509236891528,39.50510907809057,40.12819290161133,677200,0.0,0.0,0.0
2018-10-08 00:00:00-04:00,39.57793476123617,40.29003095776736,39.472737995568465,40.14437484741211,458800,0.0,0.0,0.0
2018-10-09 00:00:00-04:00,39.634582925201244,40.87265691581464,39.48892679844079,40.62180709838867,599800,0.0,0.0,0.0
2018-10-10 00:00:00-04:00,39.99872266384275,40.24148184265046,38.85775174528113,38.979129791259766,1233600,0.0,0.0,0.0
2018-10-11 00:00:00-04:00,39.06813802285293,39.432278295458865,38.153745111125914,38.55025100708008,1330700,0.0,0.0,0.0
2018-10-12 00:00:00-04:00,41.147780616635956,41.422908485035585,40.03108787446996,40.670352935791016,978200,0.0,0.0,0.0
2018-10-15 00:00:00-04:00,40.42759979244868,40.65417771515246,40.16056560545755,40.36286544799805,570800,0.0,0.0,0.0
2018-10-16 00:00:00-04:00,40.913117382479,42.337306780541255,40.75936754116041,42.102638244628906,657900,0.0,0.0,0.0
2018-10-17 00:00:00-04:00,41.414818061758076,41.56856480873378,40.74318119932962,40.90502166748047,493500,0.0,0.0,0.0
2018-10-18 00:00:00-04:00,40.45187159667402,40.72699946331819,39.34326640901509,39.5374755859375,575800,0.0,0.0,0.0
2018-10-19 00:00:00-04:00,40.29003223484952,40.46805397448751,39.78023583244703,40.02299499511719,463000,0.0,0.0,0.0
2018-10-22 00:00:00-04:00,41.06686599089414,41.261075188277104,40.265757296108795,40.4842414855957,304200,0.0,0.0,0.0
2018-10-23 00:00:00-04:00,39.497017592640354,40.702722779743766,39.18142728348586,40.354766845703125,595700,0.0,0.0,0.0
2018-10-24 00:00:00-04:00,39.81260799324452,39.81260799324452,38.13756561279297,38.13756561279297,768100,0.0,0.0,0.0
2018-10-25 00:00:00-04:00,39.13287649019552,39.85306333370037,38.98722037725632,39.35945129394531,647100,0.0,0.0,0.0
2018-10-26 00:00:00-04:00,38.59880522445623,39.497016894743574,38.20229622981715,39.07623291015625,830400,0.0,0.0,0.0
2018-10-29 00:00:00-04:00,39.56984576250284,39.65076445522237,37.73296303874704,38.38841247558594,471100,0.0,0.0,0.0
2018-10-30 00:00:00-04:00,38.882024137668395,39.22188943475801,38.501702581474355,39.181427001953125,511400,0.0,0.0,0.0
2018-10-31 00:00:00-04:00,38.76064808473831,39.44846626174134,38.47742647485148,39.06005096435547,613400,0.0,0.0,0.0
2018-11-01 00:00:00-04:00,40.37095595167981,41.77896420937899,40.27385289189558,41.68185806274414,894400,0.0,0.0,0.0
2018-11-02 00:00:00-04:00,42.628618816261316,42.855193629521,41.552382279577216,42.288753509521484,876400,0.0,0.0,0.0
2018-11-05 00:00:00-05:00,43.04130715449127,43.60774724894404,42.928019752970755,43.29216003417969,2654000,0.0,0.0,0.0
2018-11-06 00:00:00-05:00,42.766182661654824,43.28407281740374,42.62862025947572,43.24361038208008,429600,0.0,0.0,0.0
2018-11-07 00:00:00-05:00,44.57879325822478,45.137139710272734,44.29557471447232,45.05622100830078,807800,0.0,0.0,0.0
2018-11-08 00:00:00-05:00,43.93951633543255,44.06089745125764,42.701442536156634,42.88755798339844,685700,0.0,0.0,0.0
2018-11-09 00:00:00-05:00,42.353489310373654,42.39394865592576,41.42290892842428,41.981258392333984,2427100,0.0,0.0,0.0
2018-11-12 00:00:00-05:00,41.07495918802481,41.22870904587452,40.403325307502,40.60562515258789,714600,0.0,0.0,0.0
2018-11-13 00:00:00-05:00,40.807924833408585,41.47955871122785,40.50042820579762,40.88884353637695,668400,0.0,0.0,0.0
2018-11-14 00:00:00-05:00,41.261074080234536,41.29343970655381,40.24957494506047,40.84029006958008,690000,0.0,0.0,0.0
2018-11-15 00:00:00-05:00,41.560474949576026,42.94420495871664,41.31771578624701,42.64480209350586,881000,0.0,0.0,0.0
2018-11-16 00:00:00-05:00,42.39394717691072,43.300249450430144,42.199741090295895,43.08985900878906,858500,0.0,0.0,0.0
2018-11-19 00:00:00-05:00,42.652894208283804,42.839009676190344,42.13500715204816,42.33730697631836,417700,0.0,0.0,0.0
2018-11-20 00:00:00-05:00,41.4552817072742,41.86797509821041,41.03449768117379,41.471466064453125,1691100,0.0,0.0,0.0
2018-11-21 00:00:00-05:00,42.16737352245801,42.64480120468948,41.98125806488983,42.029808044433594,517400,0.0,0.0,0.0
2018-11-23 00:00:00-05:00,41.9650764465332,42.49914786429985,41.940801455178025,41.9650764465332,350100,0.0,0.0,0.0
2018-11-26 00:00:00-05:00,43.2193312392775,43.5753777932354,43.02512206366857,43.23551559448242,511300,0.0,0.0,0.0
2018-11-27 00:00:00-05:00,43.340711507200496,43.50254888236546,42.91992754070146,43.46208953857422,686700,0.0,0.0,0.0
2018-11-28 00:00:00-05:00,43.583473162316444,44.87010012468367,43.097951748359804,44.805362701416016,1024100,0.0,0.0,0.0
2018-11-29 00:00:00-05:00,44.36839990456671,44.789180831762216,44.12563764068799,44.40885925292969,987000,0.0,0.0,0.0
2018-11-30 00:00:00-05:00,43.19505933408305,43.39735915831387,42.43441001939094,42.75809097290039,989300,0.0,0.0,0.0
2018-12-03 00:00:00-05:00,44.441227965769414,44.49787476163197,43.88288151114442,44.35221862792969,893000,0.0,0.0,0.0
2018-12-04 00:00:00-05:00,44.60306333474911,44.74871945172311,43.0332178468463,43.21124267578125,956900,0.0,0.0,0.0
2018-12-06 00:00:00-05:00,41.83560854796787,42.60434857605498,40.92930610701972,42.58007049560547,1233000,0.0,0.0,0.0
2018-12-07 00:00:00-05:00,42.32112222665358,42.64480317721797,40.880748479027666,40.96976089477539,893400,0.0,0.0,0.0
2018-12-10 00:00:00-05:00,40.5975255975615,40.80791913486027,39.28662365405847,40.24957275390625,2964700,0.0,0.0,0.0
2018-12-11 00:00:00-05:00,41.010222195307485,41.252981376368886,40.395228977311454,40.80792236328125,853700,0.0,0.0,0.0
2018-12-12 00:00:00-05:00,42.110733492890255,42.8794734668023,42.110733492890255,42.25638961791992,1221600,0.0,0.0,0.0
2018-12-13 00:00:00-05:00,42.17547046107953,42.28875787941588,41.63330836279821,42.05409240722656,597600,0.0,0.0,0.0
2018-12-14 00:00:00-05:00,41.17205789249619,41.43909203456878,40.8079176198062,40.9373893737793,731100,0.0,0.0,0.0
2018-12-17 00:00:00-05:00,40.74318259853452,41.52001625496663,40.41950473796724,40.500423431396484,580300,0.0,0.0,0.0
2018-12-18 00:00:00-05:00,40.92789237828143,41.29169473061551,40.70464895045439,40.845211029052734,740200,1.067,0.0,0.0
2018-12-19 00:00:00-05:00,41.82086745575142,42.308691847864296,39.54709558268072,40.043190002441406,1793500,0.0,0.0,0.0
2018-12-20 00:00:00-05:00,41.63069556102114,41.84567212719103,40.613699770855334,40.927894592285156,1236700,0.0,0.0,0.0
2018-12-21 00:00:00-05:00,41.49840392261314,41.71338049095862,39.91089920602266,40.20855712890625,1025100,0.0,0.0,0.0
2018-12-24 00:00:00-05:00,40.87828085913988,41.46532978165729,40.23335751659232,40.39045333862305,229000,0.0,0.0,0.0
2018-12-26 00:00:00-05:00,40.696386380883816,41.638967739772326,40.34911773839816,41.481868743896484,434200,0.0,0.0,0.0
2018-12-27 00:00:00-05:00,40.704651876622734,41.39091911010209,40.45660465701377,41.357845306396484,766100,0.0,0.0,0.0
2018-12-28 00:00:00-05:00,41.895277140383655,42.32522709259201,41.65549996753524,41.80432891845703,846100,0.0,0.0,0.0
2018-12-31 00:00:00-05:00,42.498864360887104,42.622886387982625,41.56454995046228,41.71337890625,413800,0.0,0.0,0.0
2019-01-02 00:00:00-05:00,40.7955997815438,41.82086553036283,40.638503958473436,41.581085205078125,581600,0.0,0.0,0.0
2019-01-03 00:00:00-05:00,41.35784318376677,42.11852170540575,40.97750392294728,41.705108642578125,489700,0.0,0.0,0.0
2019-01-04 00:00:00-05:00,42.672498157493365,44.17732149997648,42.490595394965254,43.9788818359375,833400,0.0,0.0,0.0
2019-01-07 00:00:00-05:00,43.56546679781861,43.70602887728296,43.06937239120737,43.40837097167969,907700,0.0,0.0,0.0
2019-01-08 00:00:00-05:00,43.22647182735171,43.63988491875053,42.9288138968899,43.42491149902344,454400,0.0,0.0,0.0
2019-01-09 00:00:00-05:00,43.896199068826135,44.962805526241944,43.8300514649129,44.54112243652344,621100,0.0,0.0,0.0
2019-01-10 00:00:00-05:00,44.491519308660536,45.450637582067536,44.32615343653691,45.44236755371094,1167500,0.0,0.0,0.0
2019-01-11 00:00:00-05:00,44.938002166687745,45.35141526170453,44.69822496868763,45.028953552246094,524400,0.0,0.0,0.0
2019-01-14 00:00:00-05:00,44.6486096360167,45.2439254404728,44.392292408188936,44.855316162109375,443000,0.0,0.0,0.0
2019-01-15 00:00:00-05:00,44.97106981744717,45.39275288295264,44.79743709828194,45.17777633666992,813400,0.0,0.0,0.0
2019-01-16 00:00:00-05:00,45.46717265551159,46.360143282507615,45.45063575355535,46.037681579589844,968200,0.0,0.0,0.0
2019-01-17 00:00:00-05:00,44.87185608763566,45.77309672831872,44.54939438984758,45.607730865478516,1102700,0.0,0.0,0.0
2019-01-18 00:00:00-05:00,45.1777784100052,45.59119146742339,44.95453498050843,45.30180358886719,939500,0.0,0.0,0.0
2019-01-22 00:00:00-05:00,45.08682684010643,45.18604824440867,44.54939176021351,44.822242736816406,1360900,0.0,0.0,0.0
2019-01-23 00:00:00-05:00,44.88012583460931,45.277002038378455,44.7643706694381,45.19432067871094,616400,0.0,0.0,0.0
2019-01-24 00:00:00-05:00,45.05375731562164,45.83097274414492,44.838780755033646,45.71521759033203,683600,0.0,0.0,0.0
2019-01-25 00:00:00-05:00,45.82270102437133,46.335335478171025,45.781360350120714,46.05421447753906,643000,0.0,0.0,0.0
2019-01-28 00:00:00-05:00,45.49197396873069,45.855776329799156,45.243926760998036,45.731754302978516,966800,0.0,0.0,0.0
2019-01-29 00:00:00-05:00,46.38494444671621,46.467628951841895,46.00460518541218,46.17823791503906,625600,0.0,0.0,0.0
2019-01-30 00:00:00-05:00,45.64907245242888,47.56730892978519,45.54985419438399,47.44328689575195,957100,0.0,0.0,0.0
2019-01-31 00:00:00-05:00,47.468091080733736,47.80708968989193,47.24484763264054,47.625186920166016,1093900,0.0,0.0,0.0
2019-02-01 00:00:00-05:00,46.86450411794792,46.889307891912665,46.50070176540255,46.73221206665039,835500,0.0,0.0,0.0
2019-02-04 00:00:00-05:00,45.78963454678679,46.21958453714296,45.60773177861146,46.02114486694336,690500,0.0,0.0,0.0
2019-02-05 00:00:00-05:00,46.38494457769322,47.22830760780836,46.21958187515766,47.12908935546875,846100,0.0,0.0,0.0
2019-02-06 00:00:00-05:00,46.49243220445544,46.59992048286659,45.59946163776127,45.75655746459961,1266100,0.0,0.0,0.0
2019-02-07 00:00:00-05:00,45.35968135302879,45.5581178551228,44.541122108139824,45.2852668762207,1150000,0.0,0.0,0.0
2019-02-08 00:00:00-05:00,44.83051639017865,44.954538424450575,44.3178818887617,44.838783264160156,659800,0.0,0.0,0.0
2019-02-11 00:00:00-05:00,44.35095205137854,44.48324410286152,44.069831047715795,44.11117172241211,498400,0.0,0.0,0.0
2019-02-12 00:00:00-05:00,44.78917068683644,44.87185519365497,44.42536831910921,44.508052825927734,1488100,0.0,0.0,0.0
2019-02-13 00:00:00-05:00,44.18558499663446,44.48324289289756,43.42490650982094,43.49932098388672,655600,0.0,0.0,0.0
2019-02-14 00:00:00-05:00,43.201666266886775,43.75563827251741,42.74691251594837,43.52412796020508,841300,0.0,0.0,0.0
2019-02-15 00:00:00-05:00,43.46624976976273,43.63161562798101,43.218202559481014,43.54893112182617,513500,0.0,0.0,0.0
2019-02-19 00:00:00-05:00,43.45798223222068,44.723025193193486,43.433175303707536,44.54112243652344,867300,0.0,0.0,0.0
2019-02-20 00:00:00-05:00,44.53285706385989,45.05375842291154,44.43363880873768,44.714759826660156,638800,0.0,0.0,0.0
2019-02-21 00:00:00-05:00,44.79744066700335,44.87185514601531,44.19385796128034,44.483245849609375,960600,0.0,0.0,0.0
2019-02-22 00:00:00-05:00,44.89665966210158,45.37622034678176,44.797441406478306,44.9131965637207,493200,0.0,0.0,0.0
2019-02-25 00:00:00-05:00,45.467167382026275,46.087286940049005,45.450630481988064,45.67387390136719,1106100,0.0,0.0,0.0
2019-02-26 00:00:00-05:00,45.54158644845602,46.062484658787014,45.54158644845602,45.82270431518555,720900,0.0,0.0,0.0
2019-02-27 00:00:00-05:00,45.343144167452536,45.40928861637143,44.77263528490044,45.0620231628418,678700,0.0,0.0,0.0
2019-02-28 00:00:00-05:00,44.85531962709042,44.88839343080204,44.31788135609697,44.392295837402344,991000,0.0,0.0,0.0
2019-03-01 00:00:00-05:00,44.30961313712567,44.43363832023349,43.6233459243542,43.79698181152344,1014400,0.0,0.0,0.0
2019-03-04 00:00:00-05:00,43.995418319586236,43.995418319586236,43.23473978185979,43.79698181152344,1469900,0.0,0.0,0.0
2019-03-05 00:00:00-05:00,43.99541484038117,44.38402410623537,43.88792972121862,44.23519515991211,890200,0.0,0.0,0.0
2019-03-06 00:00:00-05:00,44.06156711363234,44.260003627048285,43.71429848401718,43.72256851196289,541900,0.0,0.0,0.0
2019-03-07 00:00:00-05:00,43.631614974035486,43.63988184748137,42.54020474188073,42.6724967956543,1041800,0.0,0.0,0.0
2019-03-08 00:00:00-05:00,42.81305520447485,43.077639308818284,42.67249627895735,42.93708038330078,1137800,0.0,0.0,0.0
2019-03-11 00:00:00-04:00,42.994958895418506,43.350494384765625,42.994958895418506,43.350494384765625,547500,0.0,0.0,0.0
2019-03-12 00:00:00-04:00,43.400106731183584,43.722568430451965,43.36703292764541,43.4827880859375,462600,0.0,0.0,0.0
2019-03-13 00:00:00-04:00,43.32569170536174,43.55720201903421,42.81305721924204,43.03630065917969,720200,0.0,0.0,0.0
2019-03-14 00:00:00-04:00,42.84612933581026,42.920543812860295,42.56500832852027,42.68903350830078,718700,0.0,0.0,0.0
2019-03-15 00:00:00-04:00,43.367035126064515,43.68122996742169,43.34222819510759,43.56547164916992,889300,0.0,0.0,0.0
2019-03-18 00:00:00-04:00,43.871395954774634,44.08636936254582,43.69776006893442,44.04502868652344,984400,0.0,0.0,0.0
2019-03-19 00:00:00-04:00,43.87139444944894,43.937538897996895,43.54892961771956,43.68122482299805,1115500,0.0,0.0,0.0
2019-03-20 00:00:00-04:00,43.59027340583198,44.73129116347505,43.00322447227474,44.15251541137695,2043300,0.0,0.0,0.0
2019-03-21 00:00:00-04:00,43.83004936565611,44.20212173461914,43.59853907123076,44.20212173461914,989400,0.0,0.0,0.0
2019-03-22 00:00:00-04:00,43.32568840858965,43.45798045692051,42.23427822133721,42.30042266845703,3625600,0.0,0.0,0.0
2019-03-25 00:00:00-04:00,42.391379154363335,42.96188809018647,42.30042776877741,42.68076705932617,1228400,0.0,0.0,0.0
2019-03-26 00:00:00-04:00,42.54020672007406,42.738643232916374,42.30869324963603,42.55674362182617,890000,0.0,0.0,0.0
2019-03-27 00:00:00-04:00,42.64769349627517,42.79651929859825,42.08545147295189,42.38310623168945,700900,0.0,0.0,0.0
2019-03-28 00:00:00-04:00,42.11852235571836,42.46579097398292,41.90354894752899,42.39137649536133,1241000,0.0,0.0,0.0
2019-03-29 00:00:00-04:00,43.168589419746546,43.449710416626296,42.93707912376013,43.2678108215332,981800,0.0,0.0,0.0
2019-04-01 00:00:00-04:00,44.77263645605746,45.045487440383475,44.68995195013186,44.98760986328125,1470300,0.0,0.0,0.0
2019-04-02 00:00:00-04:00,44.96280533619769,44.98760911051464,44.30961194372641,44.55765914916992,1003000,0.0,0.0,0.0
2019-04-03 00:00:00-04:00,45.31834095970572,45.7978984711574,45.31834095970572,45.50851058959961,1148400,0.0,0.0,0.0
2019-04-04 00:00:00-04:00,45.425824675563845,45.789630177197466,45.425824675563845,45.57465362548828,847100,0.0,0.0,0.0
2019-04-05 00:00:00-04:00,46.05421659986584,46.17823862833302,45.83924003730979,45.897117614746094,1016900,0.0,0.0,0.0
2019-04-08 00:00:00-04:00,45.97153534401179,46.08729366116083,45.69868433881815,45.94673156738281,1216300,0.0,0.0,0.0
2019-04-09 00:00:00-04:00,46.30226389980335,46.45935973113334,46.03767978698893,46.136898040771484,1362600,0.0,0.0,0.0
2019-04-10 00:00:00-04:00,47.3192586541697,47.583842761277154,47.25311420443852,47.37713623046875,1340900,0.0,0.0,0.0
2019-04-11 00:00:00-04:00,46.81489844995858,46.95546054375326,46.608191900448226,46.87277603149414,764200,0.0,0.0,0.0
2019-04-12 00:00:00-04:00,47.3109924917384,47.41847761842831,46.95545700107756,47.09601593017578,764100,0.0,0.0,0.0
2019-04-15 00:00:00-04:00,47.03814014653512,47.09601772591079,46.80662982903243,46.99679946899414,818300,0.0,0.0,0.0
2019-04-16 00:00:00-04:00,47.145629186195485,47.79882262571142,47.1125553819966,47.6417236328125,594500,0.0,0.0,0.0
2019-04-17 00:00:00-04:00,48.063400912482244,48.12954535875336,47.658254745491085,47.75747299194336,642900,0.0,0.0,0.0
2019-04-18 00:00:00-04:00,47.76574513962677,48.19569509879612,47.6582568613116,48.096473693847656,688900,0.0,0.0,0.0
2019-04-22 00:00:00-04:00,47.73267001804324,47.79054759228371,47.41847521924408,47.71613311767578,381000,0.0,0.0,0.0
2019-04-23 00:00:00-04:00,47.22004265031722,47.509430545588025,46.94718850269775,47.48462677001953,729400,0.0,0.0,0.0
2019-04-24 00:00:00-04:00,46.50896801281935,46.58338248780352,45.97152978747916,46.07075119018555,1397700,0.0,0.0,0.0
2019-04-25 00:00:00-04:00,46.20304728843418,46.42629073294928,45.9632669420189,46.26919174194336,637800,0.0,0.0,0.0
2019-04-26 00:00:00-04:00,46.72394288547711,47.253114254342215,46.68260221009003,46.905845642089844,632800,0.0,0.0,0.0
2019-04-29 00:00:00-04:00,46.76528681046608,46.847968161409085,46.55031025146809,46.64952850341797,516600,0.0,0.0,0.0
2019-04-30 00:00:00-04:00,46.608189092824226,46.99679839180363,46.409752583539195,46.81489562988281,662700,0.0,0.0,0.0
2019-05-01 00:00:00-04:00,46.65780197807995,47.096018847818115,45.89712024602086,45.971534729003906,1006700,0.0,0.0,0.0
2019-05-02 00:00:00-04:00,46.31880187988281,46.50070464446353,45.88885189802297,46.31880187988281,746100,0.0,0.0,0.0
2019-05-03 00:00:00-04:00,46.88931171731054,47.54250515379685,46.82316726331113,47.44328689575195,748800,0.0,0.0,0.0
2019-05-06 00:00:00-04:00,46.004605367423835,46.707409470361526,45.86404643929112,46.657798767089844,758600,0.0,0.0,0.0
2019-05-07 00:00:00-04:00,46.40147973693306,46.50070113963945,45.50850919121439,46.07075119018555,1516200,0.0,0.0,0.0
2019-05-08 00:00:00-04:00,46.360143282507615,46.707411915405515,45.91365639196383,46.037681579589844,2515400,0.0,0.0,0.0
2019-05-09 00:00:00-04:00,45.31007309612904,45.72348617757929,44.623809021049205,45.376220703125,1249600,0.0,0.0,0.0
2019-05-10 00:00:00-04:00,46.31880191554018,46.831433252190536,45.855778129928936,46.533775329589844,1343100,0.0,0.0,0.0
2019-05-13 00:00:00-04:00,45.37622269252328,45.53331853488888,44.78090681982562,45.260467529296875,1553100,0.0,0.0,0.0
2019-05-14 00:00:00-04:00,45.78963131302093,45.954997167493495,45.268729975364316,45.2852668762207,1237200,0.0,0.0,0.0
2019-05-15 00:00:00-04:00,44.615534956156225,45.392753497575754,44.48324290822606,45.15297317504883,966600,0.0,0.0,0.0
2019-05-16 00:00:00-04:00,45.7317552217613,45.847510377422715,44.9379997253418,44.9379997253418,1063000,0.0,0.0,0.0
2019-05-17 00:00:00-04:00,44.21039435548661,44.48324533933961,43.87966264054033,44.06156539916992,1089700,0.0,0.0,0.0
2019-05-20 00:00:00-04:00,43.9044658994032,44.09463868342241,43.73083317043751,43.83005142211914,901300,0.0,0.0,0.0
2019-05-21 00:00:00-04:00,43.706030572428226,43.772175023965865,43.408372655280246,43.755638122558594,1163600,0.0,0.0,0.0
2019-05-22 00:00:00-04:00,43.73083630351292,43.88793529686309,43.333960114261046,43.42491149902344,633600,0.0,0.0,0.0
2019-05-23 00:00:00-04:00,42.22600969909598,42.30042417606496,41.820866666558125,41.977962493896484,1056600,0.0,0.0,0.0
2019-05-24 00:00:00-04:00,42.63942651549503,42.70557412489096,42.14333206139203,42.234283447265625,807500,0.0,0.0,0.0
2019-05-28 00:00:00-04:00,41.72991787053906,41.85393990376642,41.010576830635955,41.12633514404297,1306300,0.0,0.0,0.0
2019-05-29 00:00:00-04:00,41.92008983001109,42.68076843563794,41.68030947011456,42.58981704711914,1521500,0.0,0.0,0.0
2019-05-30 00:00:00-04:00,42.97842345837287,43.309155184317774,42.80479072159298,43.00322723388672,982700,0.0,0.0,0.0
2019-05-31 00:00:00-04:00,43.0363014669332,43.94581214531562,42.95362011166731,43.706031799316406,1533900,0.0,0.0,0.0
2019-06-03 00:00:00-04:00,44.31788036651543,44.73956346919391,44.1525176598328,44.450172424316406,981900,0.0,0.0,0.0
2019-06-04 00:00:00-04:00,43.54066513512364,43.76390857515179,43.08591138132917,43.747371673583984,1056800,0.0,0.0,0.0
2019-06-05 00:00:00-04:00,43.772170599779166,43.830048171809025,42.9288076377983,43.118980407714844,742200,0.0,0.0,0.0
2019-06-06 00:00:00-04:00,43.01149830151059,43.110716560055884,42.63115901534399,42.970157623291016,823100,0.0,0.0,0.0
2019-06-07 00:00:00-04:00,43.22646901535283,44.02022449631223,43.22646901535283,43.36703109741211,562500,0.0,0.0,0.0
2019-06-10 00:00:00-04:00,44.38402557373047,44.69822037681144,44.22692974923562,44.38402557373047,639000,0.0,0.0,0.0
2019-06-11 00:00:00-04:00,45.0289525594612,45.334880513974575,44.92973430199036,45.086830139160156,975200,0.0,0.0,0.0
2019-06-12 00:00:00-04:00,44.46671193105633,44.64034782979254,44.2021277999527,44.30961608886719,890100,0.0,0.0,0.0
2019-06-13 00:00:00-04:00,44.301344740631485,44.334415388110855,43.863124755048084,44.119441986083984,826100,0.0,0.0,0.0
2019-06-14 00:00:00-04:00,44.21039711031059,44.260004662779686,43.83832469633441,43.87966537475586,741600,0.0,0.0,0.0
2019-06-17 00:00:00-04:00,44.11281677583148,44.28238427953254,43.83303314382119,44.17216491699219,699800,1.315,0.0,0.0
2019-06-18 00:00:00-04:00,45.12174049438964,45.78305018432033,45.06239235474104,45.63043975830078,1137900,0.0,0.0,0.0
2019-06-19 00:00:00-04:00,45.800006399019544,46.834365215041814,45.58804783732521,46.52066421508789,944300,0.0,0.0,0.0
2019-06-20 00:00:00-04:00,47.105674046159024,47.275238315800166,46.46131817829061,46.800453186035156,1440300,0.0,0.0,0.0
2019-06-21 00:00:00-04:00,46.622411563820854,47.02089150249876,46.45284404975961,46.65632247924805,1012900,0.0,0.0,0.0
2019-06-24 00:00:00-04:00,46.11370665946984,46.385013374377664,45.93566223422993,45.99501037597656,735900,0.0,0.0,0.0
2019-06-25 00:00:00-04:00,45.952617505763534,46.07131378460112,45.342175804049084,45.554134368896484,984800,0.0,0.0,0.0
2019-06-26 00:00:00-04:00,45.96109748702633,46.50371093170529,45.884792269228896,46.20697021484375,707500,0.0,0.0,0.0
2019-06-27 00:00:00-04:00,46.21544490175098,46.38501240357724,46.07979154713618,46.25783920288086,427500,0.0,0.0,0.0
2019-06-28 00:00:00-04:00,46.368057996211654,46.49523443845199,46.07131727662592,46.35110092163086,630300,0.0,0.0,0.0
2019-07-01 00:00:00-04:00,46.961538411519825,47.12262898831535,46.19000937632168,46.52066421508789,1205000,0.0,0.0,0.0
2019-07-02 00:00:00-04:00,46.206969154291855,46.39349373445582,45.8847912160717,46.385013580322266,1881100,0.0,0.0,0.0
2019-07-03 00:00:00-04:00,45.910227279541004,46.30870718946698,45.8593560587238,46.25783920288086,355400,0.0,0.0,0.0
2019-07-05 00:00:00-04:00,45.511745055779684,45.78305177049598,45.13021897751265,45.681312561035156,820300,0.0,0.0,0.0
2019-07-08 00:00:00-04:00,45.7406603065933,45.98653302537275,45.68131216540255,45.85087966918945,657500,0.0,0.0,0.0
2019-07-09 00:00:00-04:00,45.03695389444709,45.198044469852,44.91825761839986,45.0963020324707,603400,0.0,0.0,0.0
2019-07-10 00:00:00-04:00,45.91870707683799,46.41892945974605,45.91870707683799,46.19849395751953,673700,0.0,0.0,0.0
2019-07-11 00:00:00-04:00,46.613926399727674,46.791970814953594,45.80000630078265,45.89326858520508,822400,0.0,0.0,0.0
2019-07-12 00:00:00-04:00,45.9950105493859,46.130663907351256,45.68978968540608,46.07131576538086,613800,0.0,0.0,0.0
2019-07-15 00:00:00-04:00,46.30023235957332,46.5461050866075,46.24088421639007,46.44436264038086,394000,0.0,0.0,0.0
2019-07-16 00:00:00-04:00,46.79197691974672,47.063283654791555,46.44436496333108,46.47827911376953,750700,0.0,0.0,0.0
2019-07-17 00:00:00-04:00,46.19849277745794,46.36805705134806,45.91022898392106,45.97805404663086,818700,0.0,0.0,0.0
2019-07-18 00:00:00-04:00,46.4443602321359,47.09719300753204,46.43588331250551,47.05480194091797,1316300,0.0,0.0,0.0
2019-07-19 00:00:00-04:00,47.012411980839126,47.012411980839126,46.41892733158,46.55458068847656,634700,0.0,0.0,0.0
2019-07-22 00:00:00-04:00,46.766539926410104,46.85980221702226,46.47827613462307,46.546104431152344,398600,0.0,0.0,0.0
2019-07-23 00:00:00-04:00,46.81740990983112,46.87675805060805,46.48675505857934,46.64784240722656,701500,0.0,0.0,0.0
2019-07-24 00:00:00-04:00,46.50370806205768,46.72414678175023,46.393491936442466,46.580013275146484,211200,0.0,0.0,0.0
2019-07-25 00:00:00-04:00,45.9017497020497,45.9017497020497,45.1726116672326,45.41000747680664,910600,0.0,0.0,0.0
2019-07-26 00:00:00-04:00,45.248912094919866,45.384565442786545,44.72325577621536,44.94369125366211,371000,0.0,0.0,0.0
2019-07-29 00:00:00-04:00,45.55413901557305,45.66435838612114,45.223484138160146,45.62196731567383,320800,0.0,0.0,0.0
2019-07-30 00:00:00-04:00,45.07087168056313,45.138699977629074,44.79108804074414,45.02000045776367,401400,0.0,0.0,0.0
2019-07-31 00:00:00-04:00,44.62999836202949,44.850437097755844,42.95976370639486,43.816078186035156,1073500,0.0,0.0,0.0
2019-08-01 00:00:00-04:00,43.41759570730508,44.061951615867244,42.510413223661885,42.76476287841797,777500,0.0,0.0,0.0
2019-08-02 00:00:00-04:00,43.06150219810215,43.154764482785396,42.4256265126047,42.468017578125,431300,0.0,0.0,0.0
2019-08-05 00:00:00-04:00,41.28105046140265,41.5099661080634,40.81474224823349,41.15387725830078,579000,0.0,0.0,0.0
2019-08-06 00:00:00-04:00,41.94236503792288,42.19671468824442,41.13692178337862,41.51844787597656,796500,0.0,0.0,0.0
2019-08-07 00:00:00-04:00,40.874087694837485,41.39974724920566,40.611261151884335,41.289527893066406,552100,0.0,0.0,0.0
2019-08-08 00:00:00-04:00,41.01822786916351,41.27257753420382,40.87409434396074,41.230186462402344,434100,0.0,0.0,0.0
2019-08-09 00:00:00-04:00,40.52647945048478,40.6875700396081,40.017780157181484,40.25517272949219,807200,0.0,0.0,0.0
2019-08-12 00:00:00-04:00,39.88212585449219,40.187346716955986,39.71255834931995,39.88212585449219,450600,0.0,0.0,0.0
2019-08-13 00:00:00-04:00,39.627777150033545,40.509522376143835,39.55147193261492,40.25517272949219,599900,0.0,0.0,0.0
2019-08-14 00:00:00-04:00,39.00037820141886,39.15298863572813,38.59341812133789,38.59341812133789,888600,0.0,0.0,0.0
2019-08-15 00:00:00-04:00,39.19537604252717,39.559945019958555,39.03428870324181,39.30559539794922,582300,0.0,0.0,0.0
2019-08-16 00:00:00-04:00,39.18690021829547,39.627774418072114,39.178420064594015,39.44124984741211,312900,0.0,0.0,0.0
2019-08-19 00:00:00-04:00,39.51755465265183,39.68712214839387,38.915593115287045,38.97494125366211,420100,0.0,0.0,0.0
2019-08-20 00:00:00-04:00,39.05124838832406,39.38190324247887,39.03429131449162,39.08515930175781,277800,0.0,0.0,0.0
2019-08-21 00:00:00-04:00,40.00929577271938,40.322996763512386,39.907556571661836,40.11103820800781,772100,0.0,0.0,0.0
2019-08-22 00:00:00-04:00,40.12800005371233,40.229739266871576,39.5260352264612,39.534515380859375,423500,0.0,0.0,0.0
2019-08-23 00:00:00-04:00,39.37342322999161,39.88212574410026,38.64428845796216,38.8477668762207,531600,0.0,0.0,0.0
2019-08-26 00:00:00-04:00,39.39037752720869,39.559945019958555,39.16146189713102,39.30559539794922,226800,0.0,0.0,0.0
2019-08-27 00:00:00-04:00,39.16994715457665,39.339514669421746,38.83929227945593,38.881683349609375,561500,0.0,0.0,0.0
2019-08-28 00:00:00-04:00,39.14450887625671,39.61082033814416,39.06820689256376,39.3734245300293,359200,0.0,0.0,0.0
2019-08-29 00:00:00-04:00,39.71255672782149,39.82277608681777,39.35646465807623,39.517555236816406,246700,0.0,0.0,0.0
2019-08-30 00:00:00-04:00,40.39930544607958,40.67061216171179,40.29756300204413,40.59430694580078,364800,0.0,0.0,0.0
2019-09-03 00:00:00-04:00,40.47561216789547,40.89104917668758,40.407783869348265,40.87409210205078,318900,0.0,0.0,0.0
2019-09-04 00:00:00-04:00,41.25561840960872,41.83214601332267,41.09453105107121,41.671058654785156,473100,0.0,0.0,0.0
2019-09-05 00:00:00-04:00,42.10345292901676,42.340845507762864,41.94236556975781,42.06106185913086,640000,0.0,0.0,0.0
2019-09-06 00:00:00-04:00,42.67150227836616,42.832589632579136,42.12888560443732,42.17127990722656,349000,0.0,0.0,0.0
2019-09-09 00:00:00-04:00,42.484974862871454,42.527365928602975,42.11192572227964,42.222145080566406,237200,0.0,0.0,0.0
2019-09-10 00:00:00-04:00,42.3747559542071,42.69693387880099,42.14584031575074,42.45954132080078,631500,0.0,0.0,0.0
2019-09-11 00:00:00-04:00,42.535841087772454,43.08693462216905,42.535841087772454,43.05302047729492,508300,0.0,0.0,0.0
2019-09-12 00:00:00-04:00,44.028032755611264,44.316296529288934,43.70585483579952,43.739768981933594,618700,0.0,0.0,0.0
2019-09-13 00:00:00-04:00,44.426515724856415,44.596079986445545,44.18064301762882,44.299339294433594,572400,0.0,0.0,0.0
2019-09-16 00:00:00-04:00,44.731735718072606,45.1895670108956,44.570648367293174,44.64695358276367,874300,0.0,0.0,0.0
2019-09-17 00:00:00-04:00,43.705859157661166,44.019556954843964,43.468466579710004,43.96868896484375,490000,0.0,0.0,0.0
2019-09-18 00:00:00-04:00,43.748246209202385,43.86694572150692,43.01911146757485,43.57868194580078,405200,0.0,0.0,0.0
2019-09-19 00:00:00-04:00,43.42607687604919,43.57020716455888,42.79020110719286,42.908897399902344,309600,0.0,0.0,0.0
2019-09-20 00:00:00-04:00,43.00215263690224,43.264979174971685,42.12888119176549,42.49345016479492,742300,0.0,0.0,0.0
2019-09-23 00:00:00-04:00,42.010185955365266,42.535842278708365,41.92540382503704,42.315406799316406,284300,0.0,0.0,0.0
2019-09-24 00:00:00-04:00,42.37475717390807,42.37475717390807,41.84910082282113,42.2645378112793,693400,0.0,0.0,0.0
2019-09-25 00:00:00-04:00,41.272574233829225,41.51844695854053,40.93343921807355,41.45909881591797,568100,0.0,0.0,0.0
2019-09-26 00:00:00-04:00,42.01866958574028,42.094974803041886,41.501490138943986,41.52692413330078,298200,0.0,0.0,0.0
2019-09-27 00:00:00-04:00,41.07757534044806,41.23018578380676,40.365394349517906,40.61126708984375,765700,0.0,0.0,0.0
2019-09-30 00:00:00-04:00,40.178865108145835,40.52647702575919,40.10255989529261,40.229736328125,499400,0.0,0.0,0.0
2019-10-01 00:00:00-04:00,40.13647517944775,40.382347898302065,39.932993527995286,40.043212890625,500000,0.0,0.0,0.0
2019-10-02 00:00:00-04:00,40.13647390210731,40.13647390210731,39.55994634794293,39.83125305175781,340000,0.0,0.0,0.0
2019-10-03 00:00:00-04:00,40.07712394205569,40.543432115913376,39.94994751544411,40.34843063354492,364200,0.0,0.0,0.0
2019-10-04 00:00:00-04:00,40.729959940452716,41.221702145314836,40.66213164503386,41.077571868896484,241600,0.0,0.0,0.0
2019-10-07 00:00:00-04:00,41.06061643418002,41.3319231582237,40.80626678466797,40.80626678466797,445400,0.0,0.0,0.0
2019-10-08 00:00:00-04:00,40.70452272625082,40.87409023062387,40.314519730154615,40.44169616699219,658400,0.0,0.0,0.0
2019-10-09 00:00:00-04:00,40.5519175372461,40.85713517914816,40.475612318212754,40.63669967651367,257800,0.0,0.0,0.0
2019-10-10 00:00:00-04:00,41.018224589128074,41.747362609040934,40.99278736069611,41.45909881591797,376700,0.0,0.0,0.0
2019-10-11 00:00:00-04:00,42.56975657254731,43.129327043659714,42.408669230671194,42.713890075683594,1032400,0.0,0.0,0.0
2019-10-14 00:00:00-04:00,42.62062949533823,42.773239923945454,42.34932278542118,42.434104919433594,181800,0.0,0.0,0.0
2019-10-15 00:00:00-04:00,42.3832354470844,42.70541013242347,42.239101943238204,42.468017578125,247000,0.0,0.0,0.0
2019-10-16 00:00:00-04:00,42.629105534886854,42.83258718023892,42.501932336493965,42.688453674316406,185000,0.0,0.0,0.0
2019-10-17 00:00:00-04:00,43.459983788895755,43.49389793632617,43.078460950112465,43.14628601074219,251300,0.0,0.0,0.0
2019-10-18 00:00:00-04:00,43.10389271528247,43.298894201579955,42.798671872649564,43.1971549987793,265100,0.0,0.0,0.0
2019-10-21 00:00:00-04:00,43.44303099434553,43.61259526711391,43.18020119678464,43.60411834716797,252700,0.0,0.0,0.0
2019-10-22 00:00:00-04:00,43.79064024962236,44.14672908173148,43.68889781110748,44.053466796875,264300,0.0,0.0,0.0
2019-10-23 00:00:00-04:00,43.231075461626524,43.69738371301932,43.21411838631006,43.62107849121094,324800,0.0,0.0,0.0
2019-10-24 00:00:00-04:00,43.739768965768775,43.739768965768775,43.053022060846985,43.1038932800293,344000,0.0,0.0,0.0
2019-10-25 00:00:00-04:00,42.99367270021499,43.26497939301384,42.99367270021499,43.205631256103516,206000,0.0,0.0,0.0
2019-10-28 00:00:00-04:00,43.80759654252166,44.18912262274758,43.77368562868138,43.84999084472656,266800,0.0,0.0,0.0
2019-10-29 00:00:00-04:00,43.12932788460083,43.48541995546875,43.07845989892758,43.3243293762207,202500,0.0,0.0,0.0
2019-10-30 00:00:00-04:00,41.8830144067527,42.3747566036079,41.55235632331654,42.3577995300293,438300,0.0,0.0,0.0
2019-10-31 00:00:00-04:00,42.00171379683903,42.21367238091565,41.704969838592966,42.052581787109375,433300,0.0,0.0,0.0
2019-11-01 00:00:00-04:00,42.069537398561444,42.42562948922385,42.02714633006695,42.40019226074219,477600,0.0,0.0,0.0
2019-11-04 00:00:00-05:00,43.290416537470406,43.595634140621144,43.19715425557815,43.214111328125,447300,0.0,0.0,0.0
2019-11-05 00:00:00-05:00,43.9008572483038,43.94325154897877,43.48542026922993,43.79911804199219,243500,0.0,0.0,0.0
2019-11-06 00:00:00-05:00,43.96868712874548,44.12129756083585,43.62955211649329,43.84999084472656,290800,0.0,0.0,0.0
2019-11-07 00:00:00-05:00,44.09585927048304,44.36716921428817,43.799118567583655,44.02803421020508,249000,0.0,0.0,0.0
2019-11-08 00:00:00-05:00,43.536287859013406,43.65498737189948,43.18019902304826,43.33280944824219,354300,0.0,0.0,0.0
2019-11-11 00:00:00-05:00,42.90041782808715,43.264986865923795,42.83259276028785,43.12933349609375,360000,0.0,0.0,0.0
2019-11-12 00:00:00-05:00,43.34128906841377,43.3836801371133,42.79019870685745,42.883460998535156,193700,0.0,0.0,0.0
2019-11-13 00:00:00-05:00,42.671499446348186,43.08693641856884,42.4595408833941,42.8580207824707,307800,0.0,0.0,0.0
2019-11-14 00:00:00-05:00,43.027590389692165,43.36672540074181,42.90889410609414,43.13780975341797,155300,0.0,0.0,0.0
2019-11-15 00:00:00-05:00,43.604116329692744,43.72281260883125,43.34976669807723,43.409114837646484,139800,0.0,0.0,0.0
2019-11-18 00:00:00-05:00,43.239548161505205,43.51085487162322,43.15476602742999,43.3836784362793,188500,0.0,0.0,0.0
2019-11-19 00:00:00-05:00,44.06194597225758,44.06194597225758,43.65498592992647,43.680419921875,285900,0.0,0.0,0.0
2019-11-20 00:00:00-05:00,44.155210727454126,44.401080209929205,43.81607572274,44.019554138183594,212000,0.0,0.0,0.0
2019-11-21 00:00:00-05:00,43.9432526454941,44.02803478049751,43.65498885855894,43.93477249145508,128700,0.0,0.0,0.0
2019-11-22 00:00:00-05:00,43.883902067319625,43.96868743809478,43.54477028691258,43.595638275146484,112900,0.0,0.0,0.0
2019-11-25 00:00:00-05:00,43.171718950738885,43.41759166226304,43.171718950738885,43.3243293762207,228000,0.0,0.0,0.0
2019-11-26 00:00:00-05:00,42.50193811540836,42.654548561614824,42.26454229118082,42.56976318359375,535200,0.0,0.0,0.0
2019-11-27 00:00:00-05:00,42.44258481589148,42.790196738003324,42.25606024111842,42.36627960205078,201700,0.0,0.0,0.0
2019-11-29 00:00:00-05:00,42.111928267146546,42.179756563800716,41.86605877735317,42.010189056396484,253900,0.0,0.0,0.0
2019-12-02 00:00:00-05:00,41.39974887707655,41.696489577314615,41.255615369653015,41.65409851074219,351200,0.0,0.0,0.0
2019-12-03 00:00:00-05:00,41.31496572662112,41.60322952270508,41.162355291386596,41.60322952270508,394200,0.0,0.0,0.0
2019-12-04 00:00:00-05:00,41.993228830814026,42.154319406162905,41.80670749747511,42.001708984375,367000,0.0,0.0,0.0
2019-12-05 00:00:00-05:00,41.43365913113702,41.696488914477655,41.416702057931396,41.662574768066406,343200,0.0,0.0,0.0
2019-12-06 00:00:00-05:00,41.84910035647989,41.92540557064472,41.68800977422575,41.80670928955078,319600,0.0,0.0,0.0
2019-12-09 00:00:00-05:00,41.82367058354732,41.94236687661876,41.28953403049438,41.323448181152344,347300,0.0,0.0,0.0
2019-12-10 00:00:00-05:00,41.0436618653981,41.30649168533758,40.831703272159274,41.230186462402344,352100,0.0,0.0,0.0
2019-12-11 00:00:00-05:00,41.620184016963236,42.22214556627624,41.54387880407631,42.13736343383789,525800,0.0,0.0,0.0
2019-12-12 00:00:00-05:00,42.078014473698985,42.900411491852324,42.061057400695795,42.70541000366211,716000,0.0,0.0,0.0
2019-12-13 00:00:00-05:00,43.519335257483405,43.77368489529558,43.13780918364957,43.23107147216797,451600,0.0,0.0,0.0
2019-12-16 00:00:00-05:00,44.02031659912895,44.35656401021328,43.861531515894804,44.048336029052734,664300,4.705,0.0,0.0
2019-12-17 00:00:00-05:00,44.45930410299758,44.767532091059024,44.27250314865711,44.51534652709961,568800,0.0,0.0,0.0
2019-12-18 00:00:00-05:00,45.327942628527815,45.70155166772889,45.327942628527815,45.55210876464844,390200,0.0,0.0,0.0
2019-12-19 00:00:00-05:00,45.27190161781271,45.58946821715964,44.99169307021271,45.43068313598633,611400,0.0,0.0,0.0
2019-12-20 00:00:00-05:00,45.61749172222117,45.64551115428457,45.383986953692805,45.421348571777344,553400,0.0,0.0,0.0
2019-12-23 00:00:00-05:00,45.06641889768714,45.299923658815054,44.954337609985714,45.25322341918945,224100,0.0,0.0,0.0
2019-12-24 00:00:00-05:00,45.36530185725043,45.69220707709486,45.29058219114299,45.449363708496094,169600,0.0,0.0,0.0
2019-12-26 00:00:00-05:00,45.68286898739177,46.0471358260353,45.64550737240277,45.9537353515625,209300,0.0,0.0,0.0
2019-12-27 00:00:00-05:00,46.04713679368742,46.233941309558325,45.85099365537288,46.149879455566406,329800,0.0,0.0,0.0
2019-12-30 00:00:00-05:00,46.04713485008737,46.14987750762969,45.62682559786859,45.757591247558594,621700,0.0,0.0,0.0
2019-12-31 00:00:00-05:00,45.748251917662266,45.89769482077795,45.552108775385406,45.81363296508789,614600,0.0,0.0,0.0
2020-01-02 00:00:00-05:00,46.02845503996967,46.3740446342793,45.832311905685636,46.21525955200195,428100,0.0,0.0,0.0
2020-01-03 00:00:00-05:00,45.46804374549237,45.60814801619484,44.80489113189984,44.97301483154297,432100,0.0,0.0,0.0
2020-01-06 00:00:00-05:00,44.860934270290095,45.20652388753152,44.804895407061714,45.197181701660156,354200,0.0,0.0,0.0
2020-01-07 00:00:00-05:00,44.823575489627814,44.91697596882858,44.52468611758559,44.72083282470703,445500,0.0,0.0,0.0
2020-01-08 00:00:00-05:00,44.870273143726855,45.63616843064062,44.62742621099828,45.169158935546875,626100,0.0,0.0,0.0
2020-01-09 00:00:00-05:00,45.02905606299281,45.15981815560804,44.67413140103711,44.804893493652344,430900,0.0,0.0,0.0
2020-01-10 00:00:00-05:00,45.234542831989934,45.57079025973876,44.93565702132429,44.96367645263672,432800,0.0,0.0,0.0
2020-01-13 00:00:00-05:00,44.543366934222334,45.029057264755465,44.4032662153954,44.982357025146484,499000,0.0,0.0,0.0
2020-01-14 00:00:00-05:00,44.954336652397835,45.15047979244719,44.73951270429618,45.05707931518555,563900,0.0,0.0,0.0
2020-01-15 00:00:00-05:00,45.43068406734685,45.53342672850653,44.99169399257364,45.10377883911133,266500,0.0,0.0,0.0
2020-01-16 00:00:00-05:00,45.150480754213184,45.39332413806626,45.103780514587584,45.25322341918945,396500,0.0,0.0,0.0
2020-01-17 00:00:00-05:00,45.28124546690437,45.402668947347216,44.98235964042977,45.327945709228516,538700,0.0,0.0,0.0
2020-01-21 00:00:00-05:00,44.636768553559484,44.71148822027809,44.26315953096735,44.356563568115234,625800,0.0,0.0,0.0
2020-01-22 00:00:00-05:00,45.047736886140484,45.187841164275405,44.72083165449207,45.0664176940918,792800,0.0,0.0,0.0
2020-01-23 00:00:00-05:00,44.20711995317722,44.52468298531955,43.78681070034231,44.3939208984375,772300,0.0,0.0,0.0
2020-01-24 00:00:00-05:00,44.49666643417524,44.56204748184511,44.03899910048613,44.46864700317383,728400,0.0,0.0,0.0
2020-01-27 00:00:00-05:00,42.95553609144152,43.15167922958058,42.31106069041351,42.656646728515625,879100,0.0,0.0,0.0
2020-01-28 00:00:00-05:00,42.60060881772344,42.69400929615788,42.3017230111334,42.59126663208008,738900,0.0,0.0,0.0
2020-01-29 00:00:00-05:00,43.32914256284545,43.459904657965076,42.974214331092284,43.132999420166016,525400,0.0,0.0,0.0
2020-01-30 00:00:00-05:00,42.843450564781975,43.12365555239408,42.37644106442856,42.98355484008789,766900,0.0,0.0,0.0
2020-01-31 00:00:00-05:00,41.97481152681051,42.07755418431911,41.39572075894342,41.713287353515625,1213800,0.0,0.0,0.0
2020-02-03 00:00:00-05:00,41.816033603039294,42.105580793344885,41.731971745402184,41.99349594116211,560000,0.0,0.0,0.0
2020-02-04 00:00:00-05:00,43.15168236735455,43.43188737978542,42.93685840572422,42.97421646118164,558400,0.0,0.0,0.0
2020-02-05 00:00:00-05:00,43.89889644618638,44.06702016442454,43.42254828651159,43.543968200683594,769200,0.0,0.0,0.0
2020-02-06 00:00:00-05:00,43.76813000522092,43.76813000522092,43.217058664093734,43.31045913696289,490000,0.0,0.0,0.0
2020-02-07 00:00:00-05:00,42.73137307277007,42.73137307277007,42.24568272176,42.451168060302734,520700,0.0,0.0,0.0
2020-02-10 00:00:00-05:00,42.28304150155683,42.72203158151749,42.245679885602776,42.647308349609375,263800,0.0,0.0,0.0
2020-02-11 00:00:00-05:00,43.08629846712505,43.469246123488404,42.8247707182185,43.1796989440918,494800,0.0,0.0,0.0
2020-02-12 00:00:00-05:00,43.833516589672186,44.16976403530446,43.64671205732091,43.9922981262207,648500,0.0,0.0,0.0
2020-02-13 00:00:00-05:00,43.84285330122946,43.89889572739122,43.23574305131019,43.33848571777344,455700,0.0,0.0,0.0
2020-02-14 00:00:00-05:00,44.15108058835184,44.17910001948072,43.40386606658259,43.65605163574219,669500,0.0,0.0,0.0
2020-02-18 00:00:00-05:00,43.151680246515724,43.56264734034926,43.10498000723916,43.403865814208984,324500,0.0,0.0,0.0
2020-02-19 00:00:00-05:00,43.712091926539706,43.76813435362886,43.469248535153376,43.55331039428711,400000,0.0,0.0,0.0
2020-02-20 00:00:00-05:00,42.92751574686285,43.05827784702388,42.198982009965704,42.488529205322266,1010200,0.0,0.0,0.0
2020-02-21 00:00:00-05:00,42.367104543759076,42.91817592403196,42.32040430400712,42.57258987426758,589100,0.0,0.0,0.0
2020-02-24 00:00:00-05:00,40.65784764105267,40.89135240088045,40.34962321083994,40.45236587524414,1304000,0.0,0.0,0.0
2020-02-25 00:00:00-05:00,40.42434575958125,40.545769240977435,39.350225925692264,39.45296859741211,927700,0.0,0.0,0.0
2020-02-26 00:00:00-05:00,40.825968687157015,41.46110187745318,40.34027839087173,40.35895919799805,723400,0.0,0.0,0.0
2020-02-27 00:00:00-05:00,39.21945769110595,39.36890058215924,37.9398491507751,37.99589157104492,1311500,0.0,0.0,0.0
2020-02-28 00:00:00-05:00,37.02451234950835,37.78106901727569,35.97841207394093,37.622283935546875,1341800,0.0,0.0,0.0
2020-03-02 00:00:00-05:00,37.360763086684535,38.88321518010694,36.97781540756602,38.724430084228516,1067500,0.0,0.0,0.0
2020-03-03 00:00:00-05:00,38.378841643712875,40.00403630493669,37.902493511612676,38.369503021240234,1384900,0.0,0.0,0.0
2020-03-04 00:00:00-05:00,39.07001662736017,39.49032232854307,38.705746223068715,39.21011734008789,715100,0.0,0.0,0.0
2020-03-05 00:00:00-05:00,38.41620272614115,38.799150376198,37.500864527541836,37.85578918457031,827900,0.0,0.0,0.0
2020-03-06 00:00:00-05:00,37.360764023929114,37.68766928393845,36.92177390648791,37.323402404785156,1091100,0.0,0.0,0.0
2020-03-09 00:00:00-04:00,34.30651705819958,36.2959785035571,33.22305517285458,33.6153450012207,1118600,0.0,0.0,0.0
2020-03-10 00:00:00-04:00,35.30591990694476,36.249281156873955,34.381243028855714,36.09049606323242,1129400,0.0,0.0,0.0
2020-03-11 00:00:00-04:00,34.87627096235843,35.10977572146287,33.45656159944348,34.02631378173828,872200,0.0,0.0,0.0
2020-03-12 00:00:00-04:00,31.056130232507822,31.765983070102482,28.450216494720355,28.982608795166016,1234400,0.0,0.0,0.0
2020-03-13 00:00:00-04:00,31.868728610358097,33.10163345669435,29.63642367741594,31.33633804321289,1232400,0.0,0.0,0.0
2020-03-16 00:00:00-04:00,26.638222624324722,28.599662903948893,25.881665942648333,27.24533462524414,769800,0.0,0.0,0.0
2020-03-17 00:00:00-04:00,27.366756194951385,28.926568008041098,27.09589160927706,28.59966278076172,1117600,0.0,0.0,0.0
2020-03-18 00:00:00-04:00,25.7415619766383,26.068468968149084,23.509257237707157,24.658100128173828,1002600,0.0,0.0,0.0
2020-03-19 00:00:00-04:00,24.0790115509877,24.555361476323952,23.415857104598036,23.966928482055664,844000,0.0,0.0,0.0
2020-03-20 00:00:00-04:00,24.96632695206219,25.293233951941197,23.7521029885114,23.938905715942383,746500,0.0,0.0,0.0
2020-03-23 00:00:00-04:00,23.350476486551557,23.471898180421633,22.52854049808493,22.86478614807129,1582500,0.0,0.0,0.0
2020-03-24 00:00:00-04:00,24.95698633957285,25.573438719784995,24.64876014946678,25.171812057495117,1046400,0.0,0.0,0.0
2020-03-25 00:00:00-04:00,26.98380949550322,28.151333295502493,26.684923687743396,27.45081901550293,915400,0.0,0.0,0.0
2020-03-26 00:00:00-04:00,28.44087926501363,29.21611496381943,28.216713137274727,28.879867553710938,1226700,0.0,0.0,0.0
2020-03-27 00:00:00-04:00,26.423398837748103,26.825025518472007,26.059130209812622,26.292634963989258,811900,0.0,0.0,0.0
2020-03-30 00:00:00-04:00,26.507459866835337,26.507459866835337,25.582781220707357,26.096492767333984,1179400,0.0,0.0,0.0
2020-03-31 00:00:00-04:00,26.712944969999043,27.22665473073943,26.245935448780525,26.50745964050293,976100,0.0,0.0,0.0
2020-04-01 00:00:00-04:00,25.713544352378893,26.152532651982924,25.386637337929123,25.480039596557617,834000,0.0,0.0,0.0
2020-04-02 00:00:00-04:00,25.94704819887824,26.404717290468803,25.648160625441687,26.077810287475586,721500,0.0,0.0,0.0
2020-04-03 00:00:00-04:00,25.61080298721123,25.769586300473843,24.405917531012562,24.714143753051758,898800,0.0,0.0,0.0
2020-04-06 00:00:00-04:00,26.161874196027075,27.18929552271164,26.105833551007912,27.002490997314453,821400,0.0,0.0,0.0
2020-04-07 00:00:00-04:00,28.917228646126905,29.085352358499726,27.71234500995492,27.852447509765625,713600,0.0,0.0,0.0
2020-04-08 00:00:00-04:00,27.70300484052444,28.020571459586417,27.3387379816298,27.83376693725586,775100,0.0,0.0,0.0
2020-04-09 00:00:00-04:00,28.580982073555006,29.430939230469725,28.310115705428398,28.450218200683594,814500,0.0,0.0,0.0
2020-04-13 00:00:00-04:00,28.496919749432518,28.627681838644317,27.889807759020783,28.487579345703125,328100,0.0,0.0,0.0
2020-04-14 00:00:00-04:00,29.374898090914563,29.98200829956639,29.178753175681027,29.56170082092285,1150300,0.0,0.0,0.0
2020-04-15 00:00:00-04:00,28.328796495411382,28.599662863367943,27.97387005555438,28.18869400024414,645900,0.0,0.0,0.0
2020-04-16 00:00:00-04:00,28.7491073230277,28.870529017030588,27.56290268865343,27.674983978271484,896700,0.0,0.0,0.0
2020-04-17 00:00:00-04:00,28.403519264184744,28.72108588478036,27.917828928979688,28.226055145263672,658700,0.0,0.0,0.0
2020-04-20 00:00:00-04:00,28.05793283423579,28.216714360894972,27.628283149187602,27.7216854095459,354000,0.0,0.0,0.0
2020-04-21 00:00:00-04:00,26.88106907021222,27.45081948289273,26.806347617000025,27.151933670043945,477700,0.0,0.0,0.0
2020-04-22 00:00:00-04:00,27.936509109896143,28.029911369413835,27.58158266152882,27.600261688232422,331100,0.0,0.0,0.0
2020-04-23 00:00:00-04:00,28.272756551433837,28.833168327434,27.796406630908695,27.87112808227539,321600,0.0,0.0,0.0
2020-04-24 00:00:00-04:00,28.73976537657753,28.9172277058675,28.347477320963055,28.450218200683594,635200,0.0,0.0,0.0
2020-04-27 00:00:00-04:00,29.05733136338811,29.683124158258405,29.05733136338811,29.440279006958008,447700,0.0,0.0,0.0
2020-04-28 00:00:00-04:00,29.561701392102954,29.645763245755845,29.178753739461957,29.253475189208984,517800,0.0,0.0,0.0
2020-04-29 00:00:00-04:00,30.271558283887828,30.990753404083872,30.08475375501872,30.831968307495117,708200,0.0,0.0,0.0
2020-04-30 00:00:00-04:00,30.495722063582736,30.495722063582736,29.141393788175584,29.262815475463867,915400,0.0,0.0,0.0
2020-05-01 00:00:00-04:00,28.506261340560926,28.79580674223342,28.085952062729945,28.403518676757812,377900,0.0,0.0,0.0
2020-05-04 00:00:00-04:00,28.80514566119396,29.318855390723424,28.580981318408384,29.178752899169922,802500,0.0,0.0,0.0
2020-05-05 00:00:00-04:00,29.89794764156508,30.019371113344587,29.253475792273555,29.346878051757812,376000,0.0,0.0,0.0
2020-05-06 00:00:00-04:00,29.26281413901436,29.374897198815315,28.94524754799475,29.085350036621094,261600,0.0,0.0,0.0
2020-05-07 00:00:00-04:00,29.449620492678612,29.86058758090223,29.244135167066894,29.62708282470703,473500,0.0,0.0,0.0
2020-05-08 00:00:00-04:00,30.196837435229696,30.68252420319203,30.103433392929325,30.52374267578125,363400,0.0,0.0,0.0
2020-05-11 00:00:00-04:00,30.140793787450427,30.336936923826517,29.907289035669432,30.066070556640625,380700,0.0,0.0,0.0
2020-05-12 00:00:00-04:00,30.617144585610514,30.71988725544143,29.58038460863501,29.61774444580078,375700,0.0,0.0,0.0
2020-05-13 00:00:00-04:00,30.392980297807554,30.420999728737968,29.374899405670796,29.739166259765625,804200,0.0,0.0,0.0
2020-05-14 00:00:00-04:00,28.91722746368912,29.767186394985416,28.655703283136294,29.683124542236328,803200,0.0,0.0,0.0
2020-05-15 00:00:00-04:00,29.430937641951168,29.64576157518079,29.206773305342026,29.374897003173828,264400,0.0,0.0,0.0
2020-05-18 00:00:00-04:00,30.392977995361647,30.82262586441234,30.290235339067006,30.71054458618164,619800,0.0,0.0,0.0
2020-05-19 00:00:00-04:00,31.14953567108073,31.355021013974856,30.71054911535254,30.79461097717285,258100,0.0,0.0,0.0
2020-05-20 00:00:00-04:00,31.58852172268569,31.831368653565992,31.42974020580213,31.607202529907227,356100,0.0,0.0,0.0
2020-05-21 00:00:00-04:00,32.3170566329741,32.46649953349769,31.588522938296588,31.92477035522461,498000,0.0,0.0,0.0
2020-05-22 00:00:00-04:00,31.336339233367536,31.429743278607084,30.906691314265625,31.383039474487305,438900,0.0,0.0,0.0
2020-05-26 00:00:00-04:00,31.756649011999,32.24233936562487,31.513805616686092,31.616544723510742,772000,0.0,0.0,0.0
2020-05-27 00:00:00-04:00,31.65390117645025,32.24233410387217,31.373696208201547,32.12091064453125,591700,0.0,0.0,0.0
2020-05-28 00:00:00-04:00,32.15827436996491,32.298378644794155,31.59786439664737,31.709945678710938,700500,0.0,0.0,0.0
2020-05-29 00:00:00-04:00,31.233595143936164,31.49512289570706,30.719885388993106,31.355018615722656,810400,0.0,0.0,0.0
2020-06-01 00:00:00-04:00,31.40171889345295,32.00883269013446,31.373699462621445,31.896751403808594,412100,0.0,0.0,0.0
2020-06-02 00:00:00-04:00,32.886808430992204,33.54062244947908,32.681326671981864,33.28843688964844,1047100,0.0,0.0,0.0
2020-06-03 00:00:00-04:00,34.13839279064257,35.10977337882328,33.988949897307045,34.98834991455078,724200,0.0,0.0,0.0
2020-06-04 00:00:00-04:00,34.483983999268744,34.661449911355014,34.09169768139415,34.35322189331055,453800,0.0,0.0,0.0
2020-06-05 00:00:00-04:00,35.333941953133504,36.04379485500381,35.27789952811747,35.885009765625,1777300,0.0,0.0,0.0
2020-06-08 00:00:00-04:00,35.62348372446221,36.38937901156499,35.287236317831784,36.28663635253906,1075400,0.0,0.0,0.0
2020-06-09 00:00:00-04:00,35.66085097141947,36.221261028980706,35.315264888023385,36.155879974365234,664300,0.0,0.0,0.0
2020-06-10 00:00:00-04:00,35.37130189628948,35.94105411055478,34.9790155892216,35.76359176635742,500900,0.0,0.0,0.0
2020-06-11 00:00:00-04:00,34.12905983669092,34.465307293288895,32.81209300701566,32.98955535888672,833200,0.0,0.0,0.0
2020-06-12 00:00:00-04:00,34.44662161642916,34.44662161642916,33.456560196658245,34.119712829589844,920700,0.0,0.0,0.0
2020-06-15 00:00:00-04:00,32.78383202072961,33.69660606780735,32.64121311608464,33.45890426635742,442200,0.645,0.0,0.0
2020-06-16 00:00:00-04:00,34.59036632542564,34.59036632542564,32.80284780621119,33.287757873535156,721000,0.0,0.0,0.0
2020-06-17 00:00:00-04:00,34.31463173963162,34.48577732453086,33.72513229555735,33.91529083251953,315400,0.0,0.0,0.0
2020-06-18 00:00:00-04:00,33.477919657958815,33.53496939401773,33.18317175592488,33.3162841796875,297700,0.0,0.0,0.0
2020-06-19 00:00:00-04:00,34.07692792133444,34.07692792133444,33.27824978149686,33.601524353027344,532900,0.0,0.0,0.0
2020-06-22 00:00:00-04:00,33.8011920033209,34.21954945263409,33.715619218419675,34.08643341064453,230900,0.0,0.0,0.0
2020-06-23 00:00:00-04:00,34.51430178698262,35.14183441485351,34.51430178698262,34.704463958740234,316700,0.0,0.0,0.0
2020-06-24 00:00:00-04:00,33.915289074335234,34.18151754095575,33.154644084793915,33.592018127441406,315900,0.0,0.0,0.0
2020-06-25 00:00:00-04:00,33.544475617959975,34.29561414874201,33.458902828034915,34.19102478027344,297000,0.0,0.0,0.0
2020-06-26 00:00:00-04:00,33.668079625838246,33.77266898828293,33.25923227830427,33.658573150634766,361100,0.0,0.0,0.0
2020-06-29 00:00:00-04:00,33.858245222576556,34.05791386556234,33.64906647637718,33.896278381347656,206600,0.0,0.0,0.0
2020-06-30 00:00:00-04:00,33.60152610618452,33.7726716898679,33.240218359848335,33.506446838378906,788600,0.0,0.0,0.0
2020-07-01 00:00:00-04:00,33.83922509669053,34.324135125555514,33.75365231194479,34.095943450927734,383300,0.0,0.0,0.0
2020-07-02 00:00:00-04:00,34.85659352039962,35.32249066720052,34.79003730329118,34.88511657714844,382100,0.0,0.0,0.0
2020-07-06 00:00:00-04:00,34.97068749010976,35.19888281292985,34.77101884954319,34.99921417236328,314800,0.0,0.0,0.0
2020-07-07 00:00:00-04:00,34.75200479171399,35.07527940672239,34.514302975591406,34.637908935546875,340600,0.0,0.0,0.0
2020-07-08 00:00:00-04:00,35.72182594862063,36.1782129659872,35.455601095250536,36.083133697509766,257400,0.0,0.0,0.0
2020-07-09 00:00:00-04:00,36.59657253688748,36.644112173834266,35.75035104025082,36.17821502685547,797700,0.0,0.0,0.0
2020-07-10 00:00:00-04:00,35.95002021160945,36.07362253158003,35.626745630452746,35.92149353027344,474800,0.0,0.0,0.0
2020-07-13 00:00:00-04:00,36.625092683349976,36.98640042411059,35.82641451416634,35.9119873046875,528000,0.0,0.0,0.0
2020-07-14 00:00:00-04:00,35.68379143419607,36.644108693711196,35.63625180176417,36.5965690612793,766900,0.0,0.0,0.0
2020-07-15 00:00:00-04:00,37.07197257858472,37.195574897295664,36.58705889827069,36.81525421142578,400600,0.0,0.0,0.0
2020-07-16 00:00:00-04:00,36.83427198005063,37.18606962328478,36.644109817449994,36.74869918823242,200400,0.0,0.0,0.0
2020-07-17 00:00:00-04:00,36.85328405404877,37.05295631489568,36.58705920897488,36.79623794555664,447200,0.0,0.0,0.0
2020-07-20 00:00:00-04:00,37.04344639955514,37.29065829441018,36.97689018794989,37.21459197998047,174400,0.0,0.0,0.0
2020-07-21 00:00:00-04:00,38.15589159493331,38.212937702103304,37.632948392640394,37.70901107788086,325700,0.0,0.0,0.0
2020-07-22 00:00:00-04:00,37.651964287040315,37.75655366108326,37.30967673613845,37.54737854003906,189200,0.0,0.0,0.0
2020-07-23 00:00:00-04:00,37.28114596945502,37.490324694627176,36.39689506564344,36.691646575927734,321400,0.0,0.0,0.0
2020-07-24 00:00:00-04:00,36.77722279966643,37.110003868971965,36.57755415808312,36.929351806640625,350900,0.0,0.0,0.0
2020-07-27 00:00:00-04:00,37.77556953234344,38.25097313123078,37.651963581061075,38.01327133178711,274500,0.0,0.0,0.0
2020-07-28 00:00:00-04:00,37.91819238454589,38.12736750344278,37.737536694129275,37.78507995605469,417800,0.0,0.0,0.0
2020-07-29 00:00:00-04:00,38.29851462801184,38.574249599264355,37.97524001996725,38.3460578918457,335800,0.0,0.0,0.0
2020-07-30 00:00:00-04:00,36.919841627455995,37.12901672416412,36.33984871308998,36.70115280151367,629000,0.0,0.0,0.0
2020-07-31 00:00:00-04:00,36.23526201669387,36.49198038916843,35.417567265932284,35.68379211425781,494600,0.0,0.0,0.0
2020-08-03 00:00:00-04:00,35.13232396899094,35.170357124453616,34.92314524098756,35.14183044433594,388200,0.0,0.0,0.0
2020-08-04 00:00:00-04:00,34.58085428818113,35.37002594673356,34.58085428818113,35.351009368896484,331500,0.0,0.0,0.0
2020-08-05 00:00:00-04:00,36.01657723901141,36.29230856653578,35.71231922950471,35.88346481323242,1649800,0.0,0.0,0.0
2020-08-06 00:00:00-04:00,35.417568314700176,35.85493875762661,35.274945783421636,35.84543228149414,377400,0.0,0.0,0.0
2020-08-07 00:00:00-04:00,34.82807016623446,34.99921575934946,34.390696079917355,34.6949577331543,524500,0.0,0.0,0.0
2020-08-10 00:00:00-04:00,34.46675754405755,34.57134690589715,34.19102261321518,34.5333137512207,330400,0.0,0.0,0.0
2020-08-11 00:00:00-04:00,35.06576881502404,35.351010235489824,34.52380902802662,34.64741134643555,324100,0.0,0.0,0.0
2020-08-12 00:00:00-04:00,35.47461807912764,35.674286721433475,35.18937301635742,35.18937301635742,392800,0.0,0.0,0.0
2020-08-13 00:00:00-04:00,35.18937263400837,35.67428633381561,35.18937263400837,35.42707443237305,156700,0.0,0.0,0.0
2020-08-14 00:00:00-04:00,35.417568697399574,35.70281013599715,35.417568697399574,35.607730865478516,186800,0.0,0.0,0.0
2020-08-17 00:00:00-04:00,35.40806148030048,35.58871354132266,35.293962005615484,35.42707443237305,596800,0.0,0.0,0.0
2020-08-18 00:00:00-04:00,35.864448113426,35.89297116827067,35.35101136397269,35.66477584838867,330800,0.0,0.0,0.0
2020-08-19 00:00:00-04:00,35.6742872297207,35.91198903405489,35.056261087635114,35.17036056518555,234400,0.0,0.0,0.0
2020-08-20 00:00:00-04:00,34.656921825203696,35.13232540681954,34.45725319141499,35.06576919555664,298500,0.0,0.0,0.0
2020-08-21 00:00:00-04:00,35.26543733688807,35.740840911865234,35.10379823533428,35.740840911865234,188800,0.0,0.0,0.0
2020-08-24 00:00:00-04:00,36.843776195120924,37.0339383460524,36.491978573474576,36.65361404418945,344500,0.0,0.0,0.0
2020-08-25 00:00:00-04:00,36.73918714357522,36.79623687745283,36.292306629137464,36.63459777832031,232800,0.0,0.0,0.0
2020-08-26 00:00:00-04:00,36.710664653725765,36.86279365269341,36.46345276350243,36.606075286865234,444300,0.0,0.0,0.0
2020-08-27 00:00:00-04:00,37.271642939592176,37.271642939592176,36.035594305856655,36.28280258178711,273600,0.0,0.0,0.0
2020-08-28 00:00:00-04:00,36.720169888768304,37.033937978749485,36.453945056329474,36.89131546020508,284300,0.0,0.0,0.0
2020-08-31 00:00:00-04:00,35.90247568114879,35.90247568114879,35.113307648249794,35.34149932861328,753200,0.0,0.0,0.0
2020-09-01 00:00:00-04:00,36.53952145516948,36.577554614147644,36.17821369896022,36.472965240478516,340800,0.0,0.0,0.0
2020-09-02 00:00:00-04:00,35.76936421599208,35.807397372746316,35.28445416202064,35.7313346862793,538200,0.0,0.0,0.0
2020-09-03 00:00:00-04:00,35.2464213136998,35.37002726071199,34.47626620437357,34.847084045410156,509800,0.0,0.0,0.0
2020-09-04 00:00:00-04:00,35.31297977331496,35.61723779529931,34.72348030910048,35.36051940917969,582300,0.0,0.0,0.0
2020-09-08 00:00:00-04:00,34.5808573779418,35.179866938685684,34.45725505151913,34.742496490478516,781700,0.0,0.0,0.0
2020-09-09 00:00:00-04:00,35.959526748859865,36.74869843807853,35.87395395878846,36.56804275512695,544600,0.0,0.0,0.0
2020-09-10 00:00:00-04:00,36.720168956646724,37.06246009083139,36.00706363610908,36.0736198425293,407400,0.0,0.0,0.0
2020-09-11 00:00:00-04:00,36.720171189051264,36.881810290928094,36.073622035626855,36.38739013671875,421400,0.0,0.0,0.0
2020-09-14 00:00:00-04:00,36.55853671147176,37.06246335504769,36.55853671147176,36.976890563964844,528200,0.0,0.0,0.0
2020-09-15 00:00:00-04:00,37.2621309873421,37.38573693269426,36.9103333566152,37.25262451171875,371800,0.0,0.0,0.0
2020-09-16 00:00:00-04:00,37.338199689073036,37.718520398041086,36.99590851207262,37.11951446533203,380700,0.0,0.0,0.0
2020-09-17 00:00:00-04:00,36.48246977940815,37.157545620776865,36.2257514105003,37.014923095703125,804100,0.0,0.0,0.0
2020-09-18 00:00:00-04:00,36.53951957505959,36.64410894334716,36.102149150440205,36.14017868041992,502500,0.0,0.0,0.0
2020-09-21 00:00:00-04:00,34.42872881845443,34.55233477353351,33.56349438698433,34.49528503417969,585300,0.0,0.0,0.0
2020-09-22 00:00:00-04:00,34.61888772491767,34.675937458892065,34.06742147133075,34.466758728027344,546800,0.0,0.0,0.0
2020-09-23 00:00:00-04:00,34.39069386068911,34.552332966885736,33.677588477740485,33.73463821411133,420200,0.0,0.0,0.0
2020-09-24 00:00:00-04:00,33.278251625761094,34.49528366742133,33.097599565527645,34.14348602294922,731600,0.0,0.0,0.0
2020-09-25 00:00:00-04:00,33.43038288638439,33.62054506248369,33.05956863786377,33.58251190185547,546700,0.0,0.0,0.0
2020-09-28 00:00:00-04:00,34.69495372286798,34.780526509534376,34.105450691592196,34.485774993896484,244900,0.0,0.0,0.0
2020-09-29 00:00:00-04:00,34.628397561967894,35.17036101973263,34.628397561967894,34.92314910888672,315200,0.0,0.0,0.0
2020-09-30 00:00:00-04:00,35.09429137484536,35.43658252540156,34.93265590210571,35.11330795288086,391100,0.0,0.0,0.0
2020-10-01 00:00:00-04:00,35.67428731932105,35.85493938533376,35.284456504315536,35.80739974975586,297400,0.0,0.0,0.0
2020-10-02 00:00:00-04:00,35.56019010494438,36.20673927972821,35.49363389227913,35.66477584838867,353800,0.0,0.0,0.0
2020-10-05 00:00:00-04:00,35.759859238253206,36.24476931253683,35.61723670797129,35.85493850708008,325400,0.0,0.0,0.0
2020-10-06 00:00:00-04:00,35.864447040405004,35.91198667273763,35.06576888527585,35.29396057128906,787200,0.0,0.0,0.0
2020-10-07 00:00:00-04:00,35.617235839700555,35.864447735890515,35.42707367964094,35.693302154541016,311800,0.0,0.0,0.0
2020-10-08 00:00:00-04:00,35.626746499933375,35.99756072297793,35.53166360489529,35.87395477294922,199000,0.0,0.0,0.0
2020-10-09 00:00:00-04:00,36.31132264096244,36.63459720714587,36.1972268020275,36.45394515991211,199900,0.0,0.0,0.0
2020-10-12 00:00:00-04:00,36.6631253346501,36.77722117808963,36.47296317755656,36.587059020996094,151300,0.0,0.0,0.0
2020-10-13 00:00:00-04:00,36.31132213118941,36.33984881080365,35.97854109436718,36.2637825012207,606400,0.0,0.0,0.0
2020-10-14 00:00:00-04:00,36.40641124839404,36.50149052460237,36.00707030882691,36.13067626953125,268600,0.0,0.0,0.0
2020-10-15 00:00:00-04:00,35.53166464927568,36.17821384637229,35.512648069709115,36.03559494018555,322500,0.0,0.0,0.0
2020-10-16 00:00:00-04:00,36.1782129659872,36.24476917932972,35.978544325959625,36.083133697509766,249400,0.0,0.0,0.0
2020-10-19 00:00:00-04:00,36.4919817148738,36.606077564438046,35.93100531620724,36.045101165771484,358600,0.0,0.0,0.0
2020-10-20 00:00:00-04:00,36.27329708202887,36.91984628514697,36.25428050228519,36.66312789916992,450500,0.0,0.0,0.0
2020-10-21 00:00:00-04:00,36.93885908582773,37.442789379356924,36.93885908582773,37.10049819946289,461200,0.0,0.0,0.0
2020-10-22 00:00:00-04:00,37.10049340357714,37.50934074592862,37.0149206196654,37.37622833251953,382000,0.0,0.0,0.0
2020-10-23 00:00:00-04:00,37.680490503228086,38.222450319246036,37.4903283370544,38.21294021606445,390600,0.0,0.0,0.0
2020-10-26 00:00:00-04:00,37.452294272304734,37.72802922523348,37.110003106881685,37.404754638671875,578800,0.0,0.0,0.0
2020-10-27 00:00:00-04:00,37.613935925190596,37.613935925190596,36.957876604707295,37.04344940185547,452500,0.0,0.0,0.0
2020-10-28 00:00:00-04:00,35.64576214545462,35.81690409795816,34.96117982727452,35.06576919555664,518700,0.0,0.0,0.0
2020-10-29 00:00:00-04:00,34.61889102298087,35.132327796540196,34.11496435284396,34.93265914916992,612900,0.0,0.0,0.0
2020-10-30 00:00:00-04:00,35.246422377665326,35.28445553590047,34.76151230481282,35.217899322509766,300000,0.0,0.0,0.0
2020-11-02 00:00:00-05:00,35.63625235444804,35.93100388336348,35.48412335208171,35.9119873046875,517400,0.0,0.0,0.0
2020-11-03 00:00:00-05:00,36.91033736425996,37.043449799688524,36.64411249340282,36.805747985839844,611300,0.0,0.0,0.0
2020-11-04 00:00:00-05:00,37.11951418655704,38.136877606644525,36.94836859934217,37.78507995605469,422100,0.0,0.0,0.0
2020-11-05 00:00:00-05:00,38.811949471431866,39.753250191876454,38.811949471431866,39.53456497192383,552900,0.0,0.0,0.0
2020-11-06 00:00:00-05:00,39.686694774014626,40.1430818022458,39.439482866821685,39.914886474609375,848600,0.0,0.0,0.0
2020-11-09 00:00:00-05:00,41.569293233215106,41.88305773287951,40.418813729000995,40.53291320800781,680700,0.0,0.0,0.0
2020-11-10 00:00:00-05:00,40.599466542333296,40.903724544006415,40.19061917251476,40.475860595703125,604900,0.0,0.0,0.0
2020-11-11 00:00:00-05:00,40.12406345554884,40.74208594222894,40.12406345554884,40.66602325439453,445500,0.0,0.0,0.0
2020-11-12 00:00:00-05:00,40.11455285586997,40.513893749939925,39.429974165672355,39.610626220703125,563000,0.0,0.0,0.0
2020-11-13 00:00:00-05:00,40.105044642645645,40.49487541706417,39.83881980949386,40.36176300048828,601900,0.0,0.0,0.0
2020-11-16 00:00:00-05:00,40.88470665685053,41.07486880856974,40.67552792725527,40.97978591918945,374800,0.0,0.0,0.0
2020-11-17 00:00:00-05:00,40.30471644433445,40.78963014527198,40.30471644433445,40.60897445678711,228800,0.0,0.0,0.0
2020-11-18 00:00:00-05:00,40.58044939649534,40.789628129861654,40.29520797729492,40.29520797729492,161100,0.0,0.0,0.0
2020-11-19 00:00:00-05:00,39.686692351755994,40.409304195590664,39.686692351755994,40.26668167114258,378900,0.0,0.0,0.0
2020-11-20 00:00:00-05:00,40.057507995871944,40.39979916515915,40.01947483771968,40.19062042236328,239500,0.0,0.0,0.0
2020-11-23 00:00:00-05:00,40.32373532743184,40.46635786574861,39.6866962109117,39.83882522583008,336700,0.0,0.0,0.0
2020-11-24 00:00:00-05:00,40.38078404382615,41.11290604299964,40.266684565250365,40.97028350830078,301500,0.0,0.0,0.0
2020-11-25 00:00:00-05:00,40.61848577479566,41.21749171451733,40.4758632403619,41.188968658447266,358500,0.0,0.0,0.0
2020-11-27 00:00:00-05:00,40.761100395083865,41.00831227849597,40.67552760883218,40.78962707519531,263900,0.0,0.0,0.0
2020-11-30 00:00:00-05:00,39.59161160505481,39.72472403399696,39.04014530985996,39.068668365478516,519500,0.0,0.0,0.0
2020-12-01 00:00:00-05:00,40.219142786297546,40.71356295265569,40.04799720459505,40.44733810424805,643200,0.0,0.0,0.0
2020-12-02 00:00:00-05:00,40.32373264549199,41.1414274064339,40.152587061711515,40.846675872802734,1576100,0.0,0.0,0.0
2020-12-03 00:00:00-05:00,41.19847489063486,41.65486188008028,41.05585236960256,41.407649993896484,306200,0.0,0.0,0.0
2020-12-04 00:00:00-05:00,41.36011223203925,41.759449505713484,41.36011223203925,41.74043655395508,309000,0.0,0.0,0.0
2020-12-07 00:00:00-05:00,41.70240395380299,42.149284493971436,41.531258369357275,41.92108917236328,376300,0.0,0.0,0.0
2020-12-08 00:00:00-05:00,42.10174022711774,42.28239591029594,41.93059464676022,42.19682312011719,182900,0.0,0.0,0.0
2020-12-09 00:00:00-05:00,42.52009846398229,42.61517773164359,41.41716227472,41.93059539794922,330100,0.0,0.0,0.0
2020-12-10 00:00:00-05:00,41.559780494226366,42.1017402904938,41.502734385382325,41.9781379699707,274700,0.0,0.0,0.0
2020-12-11 00:00:00-05:00,41.99715136318763,41.99715136318763,41.559780931257016,41.730926513671875,464600,0.0,0.0,0.0
2020-12-14 00:00:00-05:00,42.34620462123635,42.38583319749961,42.06878191009672,42.11832046508789,299400,1.771,0.0,0.0
2020-12-15 00:00:00-05:00,42.75242690506059,43.36671330319019,42.683072172024154,43.34689712524414,398100,0.0,0.0,0.0
2020-12-16 00:00:00-05:00,43.46579007341421,43.683764249566444,43.297358231514366,43.5351448059082,285200,0.0,0.0,0.0
2020-12-17 00:00:00-05:00,43.753121208754564,44.248514340094424,43.73330502995501,44.21879196166992,227300,0.0,0.0,0.0
2020-12-18 00:00:00-05:00,44.64483081300667,44.981698296940664,44.55565989727268,44.7439079284668,584800,0.0,0.0,0.0
2020-12-21 00:00:00-05:00,43.01003279913262,44.01072529139029,42.782152405441266,43.59459686279297,421500,0.0,0.0,0.0
2020-12-22 00:00:00-05:00,43.218095707531106,43.416253715920654,42.732612555503835,42.861412048339844,404800,0.0,0.0,0.0
2020-12-23 00:00:00-05:00,43.62431742721633,43.881923969054476,43.515330334865546,43.82247543334961,189500,0.0,0.0,0.0
2020-12-24 00:00:00-05:00,43.505422755552935,43.58468746731216,43.17846526841986,43.47570037841797,314500,0.0,0.0,0.0
2020-12-28 00:00:00-05:00,43.70358404172123,43.71349024166129,43.22800707405304,43.33699417114258,322800,0.0,0.0,0.0
2020-12-29 00:00:00-05:00,43.55496186581343,43.81256840276507,43.2478205527051,43.614410400390625,234500,0.0,0.0,0.0
2020-12-30 00:00:00-05:00,43.654042950958384,44.38722264959078,43.654042950958384,44.07017135620117,146900,0.0,0.0,0.0
2020-12-31 00:00:00-05:00,43.92155641556231,43.92155641556231,43.05956965406102,43.43606948852539,317800,0.0,0.0,0.0
2021-01-04 00:00:00-05:00,44.278236553294455,44.48630454013852,43.31717645217508,43.63422775268555,1398600,0.0,0.0,0.0
2021-01-05 00:00:00-05:00,43.05956878004626,43.61441043117644,42.8415983788751,43.35680389404297,423500,0.0,0.0,0.0
2021-01-06 00:00:00-05:00,42.81187174925843,43.53514523783551,42.70288466010101,42.831687927246094,437400,0.0,0.0,0.0
2021-01-07 00:00:00-05:00,42.49482233718539,42.712796525126265,41.95979684653942,42.34620666503906,1149500,0.0,0.0,0.0
2021-01-08 00:00:00-05:00,43.81256978351995,43.990911613322446,43.109108663943594,43.961185455322266,491500,0.0,0.0,0.0
2021-01-11 00:00:00-05:00,42.51463844173765,42.90104448001224,42.465099884442125,42.60380935668945,376700,0.0,0.0,0.0
2021-01-12 00:00:00-05:00,42.98030781643203,43.68376513428925,42.881226925470045,43.614410400390625,459900,0.0,0.0,0.0
2021-01-13 00:00:00-05:00,43.71348721914808,44.03053850900477,43.535145396160004,43.673858642578125,348000,0.0,0.0,0.0
2021-01-14 00:00:00-05:00,43.99091102598657,44.56556508580584,43.84229157661887,44.080081939697266,463600,0.0,0.0,0.0
2021-01-15 00:00:00-05:00,43.98100263633191,43.990912615741,43.406348555745645,43.52524185180664,253200,0.0,0.0,0.0
2021-01-19 00:00:00-05:00,45.34828907179516,45.52663090685053,44.644831711048845,44.69437026977539,628900,0.0,0.0,0.0
2021-01-20 00:00:00-05:00,45.32847061868876,45.56626098001812,44.95197078806293,45.49690246582031,456200,0.0,0.0,0.0
2021-01-21 00:00:00-05:00,45.67524635024622,45.88331434311691,45.11049846863238,45.595985412597656,682300,0.0,0.0,0.0
2021-01-22 00:00:00-05:00,44.71418642607727,45.03123773722308,44.625015508595645,44.82317352294922,349900,0.0,0.0,0.0
2021-01-25 00:00:00-05:00,44.882615045983535,45.03123449092218,44.169251537106696,44.70427322387695,541400,0.0,0.0,0.0
2021-01-26 00:00:00-05:00,44.773629132602345,44.912342381977076,44.456577835987844,44.724090576171875,248400,0.0,0.0,0.0
2021-01-27 00:00:00-05:00,43.881925817987415,44.21879330874277,43.46579360961914,43.46579360961914,1047600,0.0,0.0,0.0
2021-01-28 00:00:00-05:00,44.11971010436446,44.84298360678278,44.010723013121364,44.52593231201172,415200,0.0,0.0,0.0
2021-01-29 00:00:00-05:00,44.23860918727209,44.32778010420527,43.15865198421456,43.52524185180664,462200,0.0,0.0,0.0
2021-02-01 00:00:00-05:00,44.36740638870374,44.64482910456529,43.97109416247938,44.45657730102539,953500,0.0,0.0,0.0
2021-02-02 00:00:00-05:00,44.55565872839836,44.78353911161819,44.19897507481966,44.724090576171875,290800,0.0,0.0,0.0
2021-02-03 00:00:00-05:00,44.92224737432537,45.189760107321,44.644828442129686,44.96187973022461,313300,0.0,0.0,0.0
2021-02-04 00:00:00-05:00,45.30865586107612,45.754510440331345,44.951972197671935,45.71487808227539,394500,0.0,0.0,0.0
2021-02-05 00:00:00-05:00,46.4183348304396,47.111885969264826,46.24990298020114,47.062347412109375,352100,0.0,0.0,0.0
2021-02-08 00:00:00-05:00,46.55704928658505,46.97317771291841,46.55704928658505,46.82455825805664,420800,0.0,0.0,0.0
2021-02-09 00:00:00-05:00,47.250593549817076,47.7261704826628,47.131700261493016,47.676631927490234,217700,0.0,0.0,0.0
2021-02-10 00:00:00-05:00,48.2314762444713,48.25129242354812,47.468570357987325,47.65681838989258,207500,0.0,0.0,0.0
2021-02-11 00:00:00-05:00,48.20175227834585,48.39990650348945,47.894607182093964,48.2116584777832,393600,0.0,0.0,0.0
2021-02-12 00:00:00-05:00,48.44944955856199,49.093458358938186,48.4197234007095,48.934932708740234,207100,0.0,0.0,0.0
2021-02-16 00:00:00-05:00,48.96465553167946,48.96465553167946,48.14230489491929,48.36027908325195,350400,0.0,0.0,0.0
2021-02-17 00:00:00-05:00,47.973868099559795,48.47917120032914,47.775713874485106,48.34046173095703,279500,0.0,0.0,0.0
2021-02-18 00:00:00-05:00,48.370184384882386,48.45935529849477,47.58746234090141,48.40981674194336,956800,0.0,0.0,0.0
2021-02-19 00:00:00-05:00,48.26119729273952,48.825945152434755,48.092765444554786,48.40981674194336,342900,0.0,0.0,0.0
2021-02-22 00:00:00-05:00,47.845067799716695,48.677328381418555,47.765803087388186,48.00359344482422,242400,0.0,0.0,0.0
2021-02-23 00:00:00-05:00,47.51810762304252,48.479171494596606,46.91372740606725,48.28101348876953,702000,0.0,0.0,0.0
2021-02-24 00:00:00-05:00,47.67663237115614,48.49898675696142,47.27041016768172,48.459354400634766,343000,0.0,0.0,0.0
2021-02-25 00:00:00-05:00,47.379399868750795,47.785622094610986,45.66534004843586,45.982391357421875,613900,0.0,0.0,0.0
2021-02-26 00:00:00-05:00,46.24990237228056,46.2697185507922,45.387919394547005,45.8238639831543,678600,0.0,0.0,0.0
2021-03-01 00:00:00-05:00,47.47847571647893,48.003595003835855,47.260505309595516,47.57755661010742,906200,0.0,0.0,0.0
2021-03-02 00:00:00-05:00,47.86488659017921,48.39990830939918,47.60728004060134,48.11258316040039,385100,0.0,0.0,0.0
2021-03-03 00:00:00-05:00,47.81534376765309,48.13239885150704,47.3595829901594,47.58746337890625,390000,0.0,0.0,0.0
2021-03-04 00:00:00-05:00,47.94414723792148,48.38009561779145,46.37870688893753,46.81465148925781,415600,0.0,0.0,0.0
2021-03-05 00:00:00-05:00,47.666728425568074,47.666728425568074,46.47778413640085,47.528018951416016,347800,0.0,0.0,0.0
2021-03-08 00:00:00-05:00,46.85428477162748,47.31004555998249,46.25981072722769,46.63631057739258,547900,0.0,0.0,0.0
2021-03-09 00:00:00-05:00,47.795528690142966,48.3701827296641,47.52801595846005,47.86488342285156,402600,0.0,0.0,0.0
2021-03-10 00:00:00-05:00,48.667420586552,48.84576241774473,48.18193743017708,48.8160400390625,486400,0.0,0.0,0.0
2021-03-11 00:00:00-05:00,49.47986474076183,50.262586797635606,49.13309105964037,49.975257873535156,391700,0.0,0.0,0.0
2021-03-12 00:00:00-05:00,48.330551132347885,48.82594424778253,48.18193546544721,48.459354400634766,533400,0.0,0.0,0.0
2021-03-15 00:00:00-04:00,48.79622356584246,48.89530068055223,48.16212096078078,48.87548828125,457500,0.0,0.0,0.0
2021-03-16 00:00:00-04:00,48.885393045576315,49.00428633564714,48.43953848337379,48.65751266479492,262500,0.0,0.0,0.0
2021-03-17 00:00:00-04:00,48.231475264887685,49.74737702775434,47.89460778652291,49.45014190673828,446900,0.0,0.0,0.0
2021-03-18 00:00:00-04:00,48.42963446791953,48.82594671254359,47.983779885611455,48.11258316040039,238100,0.0,0.0,0.0
2021-03-19 00:00:00-04:00,47.96396246494057,48.54852650671359,47.755898258432275,48.35036849975586,339000,0.0,0.0,0.0
2021-03-22 00:00:00-04:00,47.983779556451765,48.459356514468105,47.71626680890201,48.172027587890625,457000,0.0,0.0,0.0
2021-03-23 00:00:00-04:00,47.44875320875641,47.60727885858001,46.63630878096675,46.73538589477539,466100,0.0,0.0,0.0
2021-03-24 00:00:00-04:00,46.94345341332602,47.10197906157013,46.131008993631255,46.210269927978516,386500,0.0,0.0,0.0
2021-03-25 00:00:00-04:00,46.35889135288233,46.71557502152319,46.131010960039504,46.56695556640625,659200,0.0,0.0,0.0
2021-03-26 00:00:00-04:00,47.66672811557026,48.82594623877335,47.518108663059756,48.8160400390625,538500,0.0,0.0,0.0
2021-03-29 00:00:00-04:00,48.16212213902675,48.99438277341818,48.11258358045995,48.766502380371094,299800,0.0,0.0,0.0
2021-03-30 00:00:00-04:00,48.49898732680262,48.64760299544947,48.23147458777882,48.469261169433594,298800,0.0,0.0,0.0
2021-03-31 00:00:00-04:00,48.607974643234215,49.0637354098071,48.46926139381893,48.925025939941406,380400,0.0,0.0,0.0
2021-04-01 00:00:00-04:00,49.7969160980871,50.143693559139244,49.6483004258216,49.846458435058594,444700,0.0,0.0,0.0
2021-04-05 00:00:00-04:00,50.04461138473401,50.59945304049623,49.81673100278245,50.34185028076172,428600,0.0,0.0,0.0
2021-04-06 00:00:00-04:00,50.470651964018984,50.96604510619269,50.38148104724573,50.896690368652344,329600,0.0,0.0,0.0
2021-04-07 00:00:00-04:00,50.03470410751148,50.03470410751148,49.519494819591166,49.80682373046875,746400,0.0,0.0,0.0
2021-04-08 00:00:00-04:00,50.00498292575479,50.00498292575479,49.618576895464756,49.697837829589844,294200,0.0,0.0,0.0
2021-04-09 00:00:00-04:00,49.22226243704036,49.41051046862446,49.1429977208683,49.27180099487305,218200,0.0,0.0,0.0
2021-04-12 00:00:00-04:00,48.9448421184293,49.0637354098071,48.69714555665496,48.925025939941406,136500,0.0,0.0,0.0
2021-04-13 00:00:00-04:00,49.02410231979594,49.975256195695316,49.02410231979594,49.687931060791016,298500,0.0,0.0,0.0
2021-04-14 00:00:00-04:00,50.15360083565703,50.61927160042997,50.06442991856327,50.252681732177734,308200,0.0,0.0,0.0
2021-04-15 00:00:00-04:00,51.08493996799116,51.87756820521318,51.01558523345608,51.69922637939453,392700,0.0,0.0,0.0
2021-04-16 00:00:00-04:00,51.4416219023333,51.80821554762896,51.11466439492468,51.66950607299805,265300,0.0,0.0,0.0
2021-04-19 00:00:00-04:00,51.42180780258362,51.60014962965544,51.09484652643542,51.38217544555664,397300,0.0,0.0,0.0
2021-04-20 00:00:00-04:00,50.53009982030668,50.62917693558545,49.91581339056902,50.044612884521484,353400,0.0,0.0,0.0
2021-04-21 00:00:00-04:00,50.0941547234736,51.11466336298371,50.02479998755833,51.00567626953125,289000,0.0,0.0,0.0
2021-04-22 00:00:00-04:00,50.48056131877085,50.48056131877085,49.67802307774205,49.91581344604492,313700,0.0,0.0,0.0
2021-04-23 00:00:00-04:00,50.17341693529213,50.61927152005297,50.0743398184785,50.510284423828125,262300,0.0,0.0,0.0
2021-04-26 00:00:00-04:00,50.500376222384496,50.57963715678395,50.143692568712986,50.28240203857422,436800,0.0,0.0,0.0
2021-04-27 00:00:00-04:00,49.96535257327093,50.17341678568902,49.86627545675271,49.92572021484375,208700,0.0,0.0,0.0
2021-04-28 00:00:00-04:00,50.49046607167964,51.24346573343671,50.322034224435036,51.055213928222656,321000,0.0,0.0,0.0
2021-04-29 00:00:00-04:00,50.74807359716293,50.74807359716293,50.024800078763825,50.61927032470703,285100,0.0,0.0,0.0
2021-04-30 00:00:00-04:00,49.33124905619438,49.45014234975603,48.62779171492593,48.87548828125,419500,0.0,0.0,0.0
2021-05-03 00:00:00-04:00,48.76650084035003,49.232167811632145,48.5683428327908,49.06373596191406,552500,0.0,0.0,0.0
2021-05-04 00:00:00-04:00,48.41972349177867,48.69714621480908,47.9738689186491,48.548526763916016,380600,0.0,0.0,0.0
2021-05-05 00:00:00-04:00,49.23216682750462,49.66811519133046,49.1628120931777,49.49967956542969,267500,0.0,0.0,0.0
2021-05-06 00:00:00-04:00,50.22295225310513,50.65890060987529,50.08424278669625,50.648990631103516,285900,0.0,0.0,0.0
2021-05-07 00:00:00-04:00,51.22364943706132,51.788397292303856,51.03539763228076,51.69922637939453,437500,0.0,0.0,0.0
2021-05-10 00:00:00-04:00,51.897385416369936,51.897385416369936,50.85706059809122,51.00567626953125,399100,0.0,0.0,0.0
2021-05-11 00:00:00-04:00,50.52019277439513,51.37226577834964,50.52019277439513,51.19392395019531,539200,0.0,0.0,0.0
2021-05-12 00:00:00-04:00,50.96604265953043,51.184016841078765,49.80682457667695,49.886085510253906,326100,0.0,0.0,0.0
2021-05-13 00:00:00-04:00,49.37088161503913,49.72756149717723,48.746685207085534,49.20244598388672,347200,0.0,0.0,0.0
2021-05-14 00:00:00-04:00,50.16350962426899,50.520193284176834,49.93562923700557,50.36166763305664,197300,0.0,0.0,0.0
2021-05-17 00:00:00-04:00,50.21304774537038,50.93632125854492,50.21304774537038,50.93632125854492,185200,0.0,0.0,0.0
2021-05-18 00:00:00-04:00,51.07502952163313,51.50106790390676,50.82733296354611,51.174110412597656,231400,0.0,0.0,0.0
2021-05-19 00:00:00-04:00,50.37157259076717,50.98585900126873,50.173414586865185,50.59945297241211,405400,0.0,0.0,0.0
2021-05-20 00:00:00-04:00,50.79761032516674,51.14438399288794,50.738161790893315,50.9759521484375,142700,0.0,0.0,0.0
2021-05-21 00:00:00-04:00,51.22365148189756,51.43171569380868,50.193232842600075,50.4409294128418,253100,0.0,0.0,0.0
2021-05-24 00:00:00-04:00,50.42111057935004,50.78770042573542,50.38147822310581,50.58954620361328,75300,0.0,0.0,0.0
2021-05-25 00:00:00-04:00,51.22364953822325,51.48125229849806,51.025491533639006,51.184017181396484,303800,0.0,0.0,0.0
2021-05-26 00:00:00-04:00,51.21373973158773,51.89738466072651,51.21373973158773,51.76858139038086,194100,0.0,0.0,0.0
2021-05-27 00:00:00-04:00,51.94692257917874,52.18470915892006,51.79830313217826,52.01627731323242,113400,0.0,0.0,0.0
2021-05-28 00:00:00-04:00,52.34323876336008,52.76927336847897,52.31351260612886,52.6008415222168,120700,0.0,0.0,0.0
2021-06-01 00:00:00-04:00,53.760061408623784,54.067206513312605,53.34393298893216,53.8591423034668,576700,0.0,0.0,0.0
2021-06-02 00:00:00-04:00,54.047388353483996,54.919281298398865,53.94831124182188,54.859832763671875,333400,0.0,0.0,0.0
2021-06-03 00:00:00-04:00,53.83932709197296,53.849233291860436,53.21513067166925,53.423194885253906,298200,0.0,0.0,0.0
2021-06-04 00:00:00-04:00,53.71052364655188,54.30499768576643,53.65107888831523,54.19601058959961,173000,0.0,0.0,0.0
2021-06-07 00:00:00-04:00,53.6510781343531,53.6510781343531,53.2646683134965,53.60153579711914,189600,0.0,0.0,0.0
2021-06-08 00:00:00-04:00,53.07642043452331,53.195313729216096,52.83863384513772,53.08633041381836,145900,0.0,0.0,0.0
2021-06-09 00:00:00-04:00,53.38356382081618,53.60153422414042,52.74946123014642,52.79899978637695,143500,0.0,0.0,0.0
2021-06-10 00:00:00-04:00,52.880001068115234,53.5,52.84000015258789,53.380001068115234,142800,0.491,0.0,0.0
2021-06-11 00:00:00-04:00,52.849998474121094,52.849998474121094,52.06999969482422,52.290000915527344,575600,0.0,0.0,0.0
2021-06-14 00:00:00-04:00,52.59000015258789,52.79999923706055,52.22999954223633,52.349998474121094,194600,0.0,0.0,0.0
2021-06-15 00:00:00-04:00,52.099998474121094,52.11000061035156,51.400001525878906,51.68000030517578,128100,0.0,0.0,0.0
2021-06-16 00:00:00-04:00,51.86000061035156,52.47999954223633,50.4900016784668,50.7599983215332,333100,0.0,0.0,0.0
2021-06-17 00:00:00-04:00,50.400001525878906,50.619998931884766,49.84000015258789,50.02000045776367,849800,0.0,0.0,0.0
2021-06-18 00:00:00-04:00,49.439998626708984,49.439998626708984,48.470001220703125,48.61000061035156,410800,0.0,0.0,0.0
2021-06-21 00:00:00-04:00,48.7400016784668,49.2599983215332,48.5,49.15999984741211,575600,0.0,0.0,0.0
2021-06-22 00:00:00-04:00,48.16999816894531,48.5,47.84000015258789,48.29999923706055,348900,0.0,0.0,0.0
2021-06-23 00:00:00-04:00,48.86000061035156,49.20000076293945,48.56999969482422,48.61000061035156,177600,0.0,0.0,0.0
2021-06-24 00:00:00-04:00,49.13999938964844,49.36000061035156,48.880001068115234,49.22999954223633,253700,0.0,0.0,0.0
2021-06-25 00:00:00-04:00,49.66999816894531,49.77000045776367,49.25,49.599998474121094,181800,0.0,0.0,0.0
2021-06-28 00:00:00-04:00,48.630001068115234,48.810001373291016,48.29999923706055,48.45000076293945,208400,0.0,0.0,0.0
2021-06-29 00:00:00-04:00,48.88999938964844,49.2400016784668,48.72999954223633,49.16999816894531,281400,0.0,0.0,0.0
2021-06-30 00:00:00-04:00,49.15999984741211,49.25,48.63999938964844,48.86000061035156,250600,0.0,0.0,0.0
2021-07-01 00:00:00-04:00,49.099998474121094,49.13999938964844,48.349998474121094,48.630001068115234,389800,0.0,0.0,0.0
2021-07-02 00:00:00-04:00,48.869998931884766,49.22999954223633,48.630001068115234,49.099998474121094,165900,0.0,0.0,0.0
2021-07-06 00:00:00-04:00,48.810001373291016,48.84000015258789,47.91999816894531,48.33000183105469,285400,0.0,0.0,0.0
2021-07-07 00:00:00-04:00,49.15999984741211,49.29999923706055,48.650001525878906,49.0,335600,0.0,0.0,0.0
2021-07-08 00:00:00-04:00,48.18000030517578,48.33000183105469,47.84000015258789,48.0,156600,0.0,0.0,0.0
2021-07-09 00:00:00-04:00,48.599998474121094,48.959999084472656,48.560001373291016,48.869998931884766,118700,0.0,0.0,0.0
2021-07-12 00:00:00-04:00,48.209999084472656,48.75,48.150001525878906,48.68000030517578,323300,0.0,0.0,0.0
2021-07-13 00:00:00-04:00,47.34000015258789,47.63999938964844,46.900001525878906,46.959999084472656,441700,0.0,0.0,0.0
2021-07-14 00:00:00-04:00,48.279998779296875,48.86000061035156,48.08000183105469,48.66999816894531,225600,0.0,0.0,0.0
2021-07-15 00:00:00-04:00,48.29999923706055,48.4900016784668,48.0099983215332,48.290000915527344,221600,0.0,0.0,0.0
2021-07-16 00:00:00-04:00,48.7599983215332,48.7599983215332,47.93000030517578,47.9900016784668,195200,0.0,0.0,0.0
2021-07-19 00:00:00-04:00,47.31999969482422,47.36000061035156,46.41999816894531,46.779998779296875,220700,0.0,0.0,0.0
2021-07-20 00:00:00-04:00,46.880001068115234,47.189998626708984,46.75,47.029998779296875,165200,0.0,0.0,0.0
2021-07-21 00:00:00-04:00,46.970001220703125,47.790000915527344,46.900001525878906,47.68000030517578,298800,0.0,0.0,0.0
2021-07-22 00:00:00-04:00,48.08000183105469,48.08000183105469,47.369998931884766,47.70000076293945,212900,0.0,0.0,0.0
2021-07-23 00:00:00-04:00,47.86000061035156,47.86000061035156,47.0,47.150001525878906,203900,0.0,0.0,0.0
2021-07-26 00:00:00-04:00,46.58000183105469,46.900001525878906,46.400001525878906,46.619998931884766,307300,0.0,0.0,0.0
2021-07-27 00:00:00-04:00,46.09000015258789,46.709999084472656,45.790000915527344,46.599998474121094,331400,0.0,0.0,0.0
2021-07-28 00:00:00-04:00,47.02000045776367,47.63999938964844,46.689998626708984,47.58000183105469,331300,0.0,0.0,0.0
2021-07-29 00:00:00-04:00,48.720001220703125,48.95000076293945,48.4900016784668,48.619998931884766,1046800,0.0,0.0,0.0
2021-07-30 00:00:00-04:00,48.34000015258789,48.84000015258789,48.2599983215332,48.40999984741211,318200,0.0,0.0,0.0
2021-08-02 00:00:00-04:00,49.2400016784668,49.310001373291016,48.630001068115234,48.7599983215332,341700,0.0,0.0,0.0
2021-08-03 00:00:00-04:00,48.81999969482422,49.5099983215332,48.54999923706055,49.439998626708984,312700,0.0,0.0,0.0
2021-08-04 00:00:00-04:00,49.720001220703125,49.95000076293945,48.959999084472656,49.060001373291016,271900,0.0,0.0,0.0
2021-08-05 00:00:00-04:00,49.40999984741211,49.650001525878906,48.33000183105469,48.63999938964844,446200,0.0,0.0,0.0
2021-08-06 00:00:00-04:00,48.720001220703125,48.720001220703125,48.0,48.189998626708984,140900,0.0,0.0,0.0
2021-08-09 00:00:00-04:00,48.459999084472656,48.459999084472656,47.70000076293945,47.83000183105469,233800,0.0,0.0,0.0
2021-08-10 00:00:00-04:00,47.959999084472656,48.189998626708984,47.779998779296875,47.79999923706055,366200,0.0,0.0,0.0
2021-08-11 00:00:00-04:00,48.43000030517578,48.84000015258789,48.349998474121094,48.689998626708984,170800,0.0,0.0,0.0
2021-08-12 00:00:00-04:00,47.84000015258789,48.18000030517578,47.63999938964844,48.09000015258789,154300,0.0,0.0,0.0
2021-08-13 00:00:00-04:00,47.88999938964844,48.58000183105469,47.869998931884766,48.45000076293945,65800,0.0,0.0,0.0
2021-08-16 00:00:00-04:00,48.09000015258789,48.470001220703125,48.060001373291016,48.43000030517578,213300,0.0,0.0,0.0
2021-08-17 00:00:00-04:00,47.470001220703125,47.709999084472656,47.09000015258789,47.36000061035156,1019400,0.0,0.0,0.0
2021-08-18 00:00:00-04:00,47.290000915527344,47.790000915527344,47.02000045776367,47.099998474121094,341400,0.0,0.0,0.0
2021-08-19 00:00:00-04:00,46.029998779296875,46.189998626708984,45.47999954223633,45.75,229900,0.0,0.0,0.0
2021-08-20 00:00:00-04:00,45.0,45.29999923706055,44.68000030517578,45.04999923706055,214700,0.0,0.0,0.0
2021-08-23 00:00:00-04:00,46.06999969482422,46.52000045776367,45.83000183105469,46.41999816894531,295800,0.0,0.0,0.0
2021-08-24 00:00:00-04:00,46.959999084472656,47.34000015258789,46.790000915527344,47.189998626708984,214500,0.0,0.0,0.0
2021-08-25 00:00:00-04:00,47.20000076293945,47.20000076293945,46.849998474121094,46.959999084472656,220600,0.0,0.0,0.0
2021-08-26 00:00:00-04:00,47.22999954223633,47.2599983215332,46.869998931884766,47.0099983215332,107100,0.0,0.0,0.0
2021-08-27 00:00:00-04:00,47.33000183105469,48.40999984741211,47.20000076293945,48.279998779296875,140100,0.0,0.0,0.0
2021-08-30 00:00:00-04:00,48.11000061035156,48.2599983215332,47.81999969482422,47.88999938964844,160000,0.0,0.0,0.0
2021-08-31 00:00:00-04:00,48.97999954223633,49.540000915527344,48.900001525878906,49.41999816894531,333100,0.0,0.0,0.0
2021-09-01 00:00:00-04:00,49.68000030517578,49.91999816894531,49.459999084472656,49.59000015258789,435800,0.0,0.0,0.0
2021-09-02 00:00:00-04:00,49.36000061035156,49.36000061035156,48.25,48.33000183105469,263000,0.0,0.0,0.0
2021-09-03 00:00:00-04:00,49.09000015258789,49.41999816894531,48.880001068115234,49.20000076293945,101300,0.0,0.0,0.0
2021-09-07 00:00:00-04:00,48.91999816894531,49.13999938964844,48.709999084472656,48.880001068115234,102300,0.0,0.0,0.0
2021-09-08 00:00:00-04:00,48.72999954223633,48.869998931884766,48.36000061035156,48.70000076293945,166800,0.0,0.0,0.0
2021-09-09 00:00:00-04:00,47.900001525878906,47.95000076293945,47.45000076293945,47.650001525878906,157300,0.0,0.0,0.0
2021-09-10 00:00:00-04:00,47.83000183105469,47.91999816894531,47.220001220703125,47.31999969482422,153500,0.0,0.0,0.0
2021-09-13 00:00:00-04:00,48.099998474121094,48.560001373291016,47.95000076293945,48.29999923706055,278100,0.0,0.0,0.0
2021-09-14 00:00:00-04:00,48.560001373291016,48.560001373291016,47.779998779296875,48.0,143400,0.0,0.0,0.0
2021-09-15 00:00:00-04:00,48.150001525878906,48.25,47.7599983215332,48.16999816894531,218000,0.0,0.0,0.0
2021-09-16 00:00:00-04:00,46.31999969482422,46.66999816894531,46.04999923706055,46.619998931884766,344500,0.0,0.0,0.0
2021-09-17 00:00:00-04:00,46.689998626708984,46.84000015258789,46.0,46.150001525878906,305300,0.0,0.0,0.0
2021-09-20 00:00:00-04:00,45.349998474121094,45.47999954223633,44.54999923706055,45.20000076293945,273900,0.0,0.0,0.0
2021-09-21 00:00:00-04:00,45.79999923706055,46.2400016784668,45.56999969482422,46.220001220703125,212100,0.0,0.0,0.0
2021-09-22 00:00:00-04:00,46.810001373291016,47.560001373291016,46.56999969482422,46.720001220703125,305100,0.0,0.0,0.0
2021-09-23 00:00:00-04:00,47.4900016784668,47.939998626708984,47.400001525878906,47.470001220703125,252600,0.0,0.0,0.0
2021-09-24 00:00:00-04:00,46.36000061035156,46.650001525878906,46.15999984741211,46.43000030517578,315400,0.0,0.0,0.0
2021-09-27 00:00:00-04:00,46.209999084472656,46.970001220703125,45.90999984741211,46.7599983215332,270600,0.0,0.0,0.0
2021-09-28 00:00:00-04:00,46.369998931884766,46.41999816894531,45.93000030517578,46.220001220703125,229400,0.0,0.0,0.0
2021-09-29 00:00:00-04:00,46.59000015258789,46.630001068115234,46.16999816894531,46.33000183105469,416300,0.0,0.0,0.0
2021-09-30 00:00:00-04:00,46.959999084472656,47.540000915527344,46.709999084472656,47.029998779296875,294000,0.0,0.0,0.0
2021-10-01 00:00:00-04:00,47.099998474121094,47.34000015258789,46.84000015258789,47.15999984741211,282800,0.0,0.0,0.0
2021-10-04 00:00:00-04:00,46.9900016784668,47.0,46.5099983215332,46.790000915527344,250800,0.0,0.0,0.0
2021-10-05 00:00:00-04:00,46.900001525878906,47.29999923706055,46.72999954223633,47.16999816894531,156700,0.0,0.0,0.0
2021-10-06 00:00:00-04:00,46.630001068115234,47.470001220703125,46.4900016784668,47.40999984741211,174100,0.0,0.0,0.0
2021-10-07 00:00:00-04:00,47.45000076293945,48.16999816894531,47.45000076293945,47.880001068115234,197200,0.0,0.0,0.0
2021-10-08 00:00:00-04:00,48.279998779296875,48.349998474121094,47.939998626708984,48.220001220703125,134500,0.0,0.0,0.0
2021-10-11 00:00:00-04:00,48.060001373291016,48.41999816894531,47.7599983215332,47.790000915527344,118900,0.0,0.0,0.0
2021-10-12 00:00:00-04:00,48.279998779296875,48.540000915527344,48.130001068115234,48.2599983215332,192000,0.0,0.0,0.0
2021-10-13 00:00:00-04:00,48.68000030517578,49.060001373291016,48.38999938964844,48.97999954223633,343300,0.0,0.0,0.0
2021-10-14 00:00:00-04:00,49.099998474121094,49.34000015258789,48.86000061035156,49.08000183105469,496500,0.0,0.0,0.0
2021-10-15 00:00:00-04:00,49.209999084472656,49.9900016784668,49.099998474121094,49.939998626708984,1217500,0.0,0.0,0.0
2021-10-18 00:00:00-04:00,49.22999954223633,49.56999969482422,49.18000030517578,49.25,189400,0.0,0.0,0.0
2021-10-19 00:00:00-04:00,49.849998474121094,50.189998626708984,49.630001068115234,50.099998474121094,312500,0.0,0.0,0.0
2021-10-20 00:00:00-04:00,50.400001525878906,50.77000045776367,50.150001525878906,50.65999984741211,204300,0.0,0.0,0.0
2021-10-21 00:00:00-04:00,49.380001068115234,49.439998626708984,48.75,48.90999984741211,750800,0.0,0.0,0.0
2021-10-22 00:00:00-04:00,49.13999938964844,49.43000030517578,48.59000015258789,48.709999084472656,615300,0.0,0.0,0.0
2021-10-25 00:00:00-04:00,49.06999969482422,49.34000015258789,49.0,49.15999984741211,237400,0.0,0.0,0.0
2021-10-26 00:00:00-04:00,49.36000061035156,49.380001068115234,48.599998474121094,48.81999969482422,176400,0.0,0.0,0.0
2021-10-27 00:00:00-04:00,48.40999984741211,48.5099983215332,48.0,48.09000015258789,161600,0.0,0.0,0.0
2021-10-28 00:00:00-04:00,47.779998779296875,48.02000045776367,47.630001068115234,47.959999084472656,638800,0.0,0.0,0.0
2021-10-29 00:00:00-04:00,47.040000915527344,47.18000030517578,46.72999954223633,47.029998779296875,307500,0.0,0.0,0.0
2021-11-01 00:00:00-04:00,46.88999938964844,47.220001220703125,46.869998931884766,47.060001373291016,226100,0.0,0.0,0.0
2021-11-02 00:00:00-04:00,47.040000915527344,47.060001373291016,46.70000076293945,46.86000061035156,246500,0.0,0.0,0.0
2021-11-03 00:00:00-04:00,47.16999816894531,48.130001068115234,46.90999984741211,48.04999923706055,240700,0.0,0.0,0.0
2021-11-04 00:00:00-04:00,48.52000045776367,48.66999816894531,47.77000045776367,48.06999969482422,260900,0.0,0.0,0.0
2021-11-05 00:00:00-04:00,48.31999969482422,48.52000045776367,47.83000183105469,48.40999984741211,269700,0.0,0.0,0.0
2021-11-08 00:00:00-05:00,48.40999984741211,48.75,48.34000015258789,48.65999984741211,104600,0.0,0.0,0.0
2021-11-09 00:00:00-05:00,48.459999084472656,48.459999084472656,47.75,48.130001068115234,117300,0.0,0.0,0.0
2021-11-10 00:00:00-05:00,47.709999084472656,47.900001525878906,46.880001068115234,46.970001220703125,569100,0.0,0.0,0.0
2021-11-11 00:00:00-05:00,48.22999954223633,48.470001220703125,48.099998474121094,48.18000030517578,252000,0.0,0.0,0.0
2021-11-12 00:00:00-05:00,47.810001373291016,48.04999923706055,47.599998474121094,47.75,107400,0.0,0.0,0.0
2021-11-15 00:00:00-05:00,48.310001373291016,48.52000045776367,48.150001525878906,48.41999816894531,193500,0.0,0.0,0.0
2021-11-16 00:00:00-05:00,48.29999923706055,48.43000030517578,47.66999816894531,47.790000915527344,402300,0.0,0.0,0.0
2021-11-17 00:00:00-05:00,47.9900016784668,48.02000045776367,47.45000076293945,47.689998626708984,266600,0.0,0.0,0.0
2021-11-18 00:00:00-05:00,47.2400016784668,47.47999954223633,46.90999984741211,47.16999816894531,267400,0.0,0.0,0.0
2021-11-19 00:00:00-05:00,46.59000015258789,46.619998931884766,46.15999984741211,46.290000915527344,255800,0.0,0.0,0.0
2021-11-22 00:00:00-05:00,46.27000045776367,46.459999084472656,45.84000015258789,45.84000015258789,385300,0.0,0.0,0.0
2021-11-23 00:00:00-05:00,45.91999816894531,46.08000183105469,45.66999816894531,45.959999084472656,283400,0.0,0.0,0.0
2021-11-24 00:00:00-05:00,44.90999984741211,45.290000915527344,44.630001068115234,45.20000076293945,210500,0.0,0.0,0.0
2021-11-26 00:00:00-05:00,42.689998626708984,42.720001220703125,42.02000045776367,42.43000030517578,273700,0.0,0.0,0.0
2021-11-29 00:00:00-05:00,43.97999954223633,44.040000915527344,43.5099983215332,43.689998626708984,1246300,0.0,0.0,0.0
2021-11-30 00:00:00-05:00,44.959999084472656,45.349998474121094,44.06999969482422,44.88999938964844,823600,0.0,0.0,0.0
2021-12-01 00:00:00-05:00,46.4900016784668,46.7599983215332,44.630001068115234,44.709999084472656,640700,0.0,0.0,0.0
2021-12-02 00:00:00-05:00,46.20000076293945,46.61000061035156,45.43000030517578,45.70000076293945,473000,0.0,0.0,0.0
2021-12-03 00:00:00-05:00,46.400001525878906,46.5099983215332,45.279998779296875,45.7599983215332,293500,0.0,0.0,0.0
2021-12-06 00:00:00-05:00,46.189998626708984,46.5099983215332,45.97999954223633,46.2400016784668,198600,0.0,0.0,0.0
2021-12-07 00:00:00-05:00,46.369998931884766,47.08000183105469,46.369998931884766,46.939998626708984,298100,0.0,0.0,0.0
2021-12-08 00:00:00-05:00,46.68000030517578,47.400001525878906,46.68000030517578,47.20000076293945,361000,0.0,0.0,0.0
2021-12-09 00:00:00-05:00,46.06999969482422,46.29999923706055,45.95000076293945,46.0099983215332,236600,0.0,0.0,0.0
2021-12-10 00:00:00-05:00,45.61000061035156,45.77000045776367,45.2400016784668,45.45000076293945,115500,0.0,0.0,0.0
2021-12-13 00:00:00-05:00,44.68000030517578,44.84000015258789,44.220001220703125,44.31999969482422,275300,0.0,0.0,0.0
2021-12-14 00:00:00-05:00,44.599998474121094,44.90999984741211,44.220001220703125,44.59000015258789,201900,0.0,0.0,0.0
2021-12-15 00:00:00-05:00,44.75,45.20000076293945,44.04999923706055,45.13999938964844,373300,0.0,0.0,0.0
2021-12-16 00:00:00-05:00,45.630001068115234,45.84000015258789,45.25,45.66999816894531,186600,0.0,0.0,0.0
2021-12-17 00:00:00-05:00,45.7599983215332,45.970001220703125,45.33000183105469,45.459999084472656,218300,0.0,0.0,0.0
2021-12-20 00:00:00-05:00,45.13999938964844,45.18000030517578,44.709999084472656,45.150001525878906,162400,0.0,0.0,0.0
2021-12-21 00:00:00-05:00,45.40999984741211,45.709999084472656,45.11000061035156,45.630001068115234,221600,0.0,0.0,0.0
2021-12-22 00:00:00-05:00,45.54999923706055,46.4900016784668,45.5099983215332,46.40999984741211,165600,0.0,0.0,0.0
2021-12-23 00:00:00-05:00,46.310001373291016,46.810001373291016,46.04999923706055,46.61000061035156,122400,0.0,0.0,0.0
2021-12-27 00:00:00-05:00,46.650001525878906,47.38999938964844,46.599998474121094,47.130001068115234,171000,0.0,0.0,0.0
2021-12-28 00:00:00-05:00,46.2599983215332,46.540000915527344,46.06999969482422,46.16999816894531,72800,0.0,0.0,0.0
2021-12-29 00:00:00-05:00,46.27000045776367,46.400001525878906,46.09000015258789,46.290000915527344,162900,0.0,0.0,0.0
2021-12-30 00:00:00-05:00,46.45000076293945,47.040000915527344,46.400001525878906,47.0,156500,0.0,0.0,0.0
2021-12-31 00:00:00-05:00,46.310001373291016,46.65999984741211,46.150001525878906,46.400001525878906,216800,0.0,0.0,0.0
2022-01-03 00:00:00-05:00,46.939998626708984,47.16999816894531,46.7599983215332,47.08000183105469,202700,0.0,0.0,0.0
2022-01-04 00:00:00-05:00,46.91999816894531,47.209999084472656,46.720001220703125,46.84000015258789,205400,0.0,0.0,0.0
2022-01-05 00:00:00-05:00,47.599998474121094,47.93000030517578,46.810001373291016,46.86000061035156,315000,0.0,0.0,0.0
2022-01-06 00:00:00-05:00,47.20000076293945,47.5,46.970001220703125,47.18000030517578,171200,0.0,0.0,0.0
2022-01-07 00:00:00-05:00,47.459999084472656,47.560001373291016,46.91999816894531,47.310001373291016,219200,0.0,0.0,0.0
2022-01-10 00:00:00-05:00,47.380001068115234,47.779998779296875,47.130001068115234,47.72999954223633,160400,0.0,0.0,0.0
2022-01-11 00:00:00-05:00,48.0,49.0,47.970001220703125,48.95000076293945,147000,0.0,0.0,0.0
2022-01-12 00:00:00-05:00,49.97999954223633,50.88999938964844,49.83000183105469,50.849998474121094,262500,0.0,0.0,0.0
2022-01-13 00:00:00-05:00,50.11000061035156,50.38999938964844,49.15999984741211,49.2400016784668,392400,0.0,0.0,0.0
2022-01-14 00:00:00-05:00,49.560001373291016,49.75,49.22999954223633,49.540000915527344,148800,0.0,0.0,0.0
2022-01-18 00:00:00-05:00,48.66999816894531,48.790000915527344,47.939998626708984,48.15999984741211,383300,0.0,0.0,0.0
2022-01-19 00:00:00-05:00,49.119998931884766,49.7400016784668,49.040000915527344,49.560001373291016,502400,0.0,0.0,0.0
2022-01-20 00:00:00-05:00,50.54999923706055,51.06999969482422,49.83000183105469,49.880001068115234,329400,0.0,0.0,0.0
2022-01-21 00:00:00-05:00,50.34000015258789,50.599998474121094,49.880001068115234,49.9900016784668,340900,0.0,0.0,0.0
2022-01-24 00:00:00-05:00,48.560001373291016,48.66999816894531,47.45000076293945,48.619998931884766,371800,0.0,0.0,0.0
2022-01-25 00:00:00-05:00,48.29999923706055,49.2400016784668,48.11000061035156,48.790000915527344,390000,0.0,0.0,0.0
2022-01-26 00:00:00-05:00,49.470001220703125,49.58000183105469,47.86000061035156,48.06999969482422,417800,0.0,0.0,0.0
2022-01-27 00:00:00-05:00,48.41999816894531,48.65999984741211,47.7599983215332,47.939998626708984,622000,0.0,0.0,0.0
2022-01-28 00:00:00-05:00,48.060001373291016,48.29999923706055,47.560001373291016,48.2599983215332,240800,0.0,0.0,0.0
2022-01-31 00:00:00-05:00,49.310001373291016,50.79999923706055,49.2400016784668,50.72999954223633,478800,0.0,0.0,0.0
2022-02-01 00:00:00-05:00,50.650001525878906,50.790000915527344,50.20000076293945,50.7400016784668,236900,0.0,0.0,0.0
2022-02-02 00:00:00-05:00,50.33000183105469,50.52000045776367,49.900001525878906,50.06999969482422,442600,0.0,0.0,0.0
2022-02-03 00:00:00-05:00,49.97999954223633,50.459999084472656,49.900001525878906,50.2599983215332,326400,0.0,0.0,0.0
2022-02-04 00:00:00-05:00,49.790000915527344,50.220001220703125,49.5,49.90999984741211,196200,0.0,0.0,0.0
2022-02-07 00:00:00-05:00,49.68000030517578,50.25,49.54999923706055,49.790000915527344,287600,0.0,0.0,0.0
2022-02-08 00:00:00-05:00,50.369998931884766,51.209999084472656,50.369998931884766,51.189998626708984,328100,0.0,0.0,0.0
2022-02-09 00:00:00-05:00,51.099998474121094,51.689998626708984,50.97999954223633,51.61000061035156,644800,0.0,0.0,0.0
2022-02-10 00:00:00-05:00,51.34000015258789,52.5099983215332,51.099998474121094,51.2599983215332,473600,0.0,0.0,0.0
2022-02-11 00:00:00-05:00,51.66999816894531,52.18000030517578,51.130001068115234,51.18000030517578,501400,0.0,0.0,0.0
2022-02-14 00:00:00-05:00,51.70000076293945,51.81999969482422,51.29999923706055,51.70000076293945,306000,0.0,0.0,0.0
2022-02-15 00:00:00-05:00,51.52000045776367,52.099998474121094,51.27000045776367,52.0099983215332,626600,0.0,0.0,0.0
2022-02-16 00:00:00-05:00,52.20000076293945,53.59000015258789,52.150001525878906,53.38999938964844,333000,0.0,0.0,0.0
2022-02-17 00:00:00-05:00,52.880001068115234,53.189998626708984,52.54999923706055,52.790000915527344,381700,0.0,0.0,0.0
2022-02-18 00:00:00-05:00,52.45000076293945,52.72999954223633,52.08000183105469,52.27000045776367,660100,0.0,0.0,0.0
2022-02-22 00:00:00-05:00,51.52000045776367,51.93000030517578,51.29999923706055,51.470001220703125,574200,0.0,0.0,0.0
2022-02-23 00:00:00-05:00,51.880001068115234,52.09000015258789,51.619998931884766,51.720001220703125,461500,0.0,0.0,0.0
2022-02-24 00:00:00-05:00,50.5099983215332,51.439998626708984,50.09000015258789,51.349998474121094,1411500,0.0,0.0,0.0
2022-02-25 00:00:00-05:00,51.2599983215332,52.2400016784668,50.84000015258789,52.189998626708984,695600,0.0,0.0,0.0
2022-02-28 00:00:00-05:00,51.83000183105469,52.7599983215332,51.52000045776367,52.65999984741211,501700,0.0,0.0,0.0
2022-03-01 00:00:00-05:00,52.97999954223633,53.25,52.189998626708984,52.72999954223633,521900,0.0,0.0,0.0
2022-03-02 00:00:00-05:00,53.279998779296875,53.83000183105469,52.86000061035156,53.72999954223633,502800,0.0,0.0,0.0
2022-03-03 00:00:00-05:00,54.029998779296875,54.349998474121094,53.40999984741211,53.95000076293945,616000,0.0,0.0,0.0
2022-03-04 00:00:00-05:00,51.439998626708984,52.45000076293945,51.2599983215332,52.09000015258789,636300,0.0,0.0,0.0
2022-03-07 00:00:00-05:00,51.310001373291016,51.38999938964844,50.15999984741211,50.439998626708984,1006000,0.0,0.0,0.0
2022-03-08 00:00:00-05:00,50.95000076293945,51.560001373291016,50.47999954223633,50.70000076293945,1234200,0.0,0.0,0.0
2022-03-09 00:00:00-05:00,51.459999084472656,52.45000076293945,51.38999938964844,52.2400016784668,1002600,0.0,0.0,0.0
2022-03-10 00:00:00-05:00,52.66999816894531,53.0099983215332,52.400001525878906,52.90999984741211,432800,0.0,0.0,0.0
2022-03-11 00:00:00-05:00,52.97999954223633,53.290000915527344,52.2400016784668,52.38999938964844,304500,0.0,0.0,0.0
2022-03-14 00:00:00-04:00,51.59000015258789,51.849998474121094,50.529998779296875,50.869998931884766,578500,0.0,0.0,0.0
2022-03-15 00:00:00-04:00,50.29999923706055,51.5,50.08000183105469,51.369998931884766,437500,0.0,0.0,0.0
2022-03-16 00:00:00-04:00,53.150001525878906,55.34000015258789,52.9900016784668,55.31999969482422,838400,0.0,0.0,0.0
2022-03-17 00:00:00-04:00,54.22999954223633,54.75,53.970001220703125,54.68000030517578,368400,0.0,0.0,0.0
2022-03-18 00:00:00-04:00,54.029998779296875,54.720001220703125,53.790000915527344,54.619998931884766,667900,0.0,0.0,0.0
2022-03-21 00:00:00-04:00,54.5,54.79999923706055,54.13999938964844,54.52000045776367,475500,0.0,0.0,0.0
2022-03-22 00:00:00-04:00,55.060001373291016,55.220001220703125,54.79999923706055,55.060001373291016,521300,0.0,0.0,0.0
2022-03-23 00:00:00-04:00,54.869998931884766,55.27000045776367,54.810001373291016,54.9900016784668,318900,0.0,0.0,0.0
2022-03-24 00:00:00-04:00,55.5,55.90999984741211,55.349998474121094,55.88999938964844,493900,0.0,0.0,0.0
2022-03-25 00:00:00-04:00,55.0,55.380001068115234,54.79999923706055,55.279998779296875,226000,0.0,0.0,0.0
2022-03-28 00:00:00-04:00,54.72999954223633,55.060001373291016,54.470001220703125,55.04999923706055,255100,0.0,0.0,0.0
2022-03-29 00:00:00-04:00,55.58000183105469,55.81999969482422,55.20000076293945,55.77000045776367,250800,0.0,0.0,0.0
2022-03-30 00:00:00-04:00,56.0099983215332,56.599998474121094,56.0,56.25,346500,0.0,0.0,0.0
2022-03-31 00:00:00-04:00,55.75,56.119998931884766,55.5099983215332,55.529998779296875,652400,0.0,0.0,0.0
2022-04-01 00:00:00-04:00,56.0099983215332,56.5,55.72999954223633,56.47999954223633,558800,0.0,0.0,0.0
2022-04-04 00:00:00-04:00,56.5,56.540000915527344,55.86000061035156,56.15999984741211,531600,0.0,0.0,0.0
2022-04-05 00:00:00-04:00,55.630001068115234,55.650001525878906,54.54999923706055,54.650001525878906,653500,0.0,0.0,0.0
2022-04-06 00:00:00-04:00,54.880001068115234,54.959999084472656,54.15999984741211,54.65999984741211,311600,0.0,0.0,0.0
2022-04-07 00:00:00-04:00,54.31999969482422,54.70000076293945,53.95000076293945,54.38999938964844,1100800,0.0,0.0,0.0
2022-04-08 00:00:00-04:00,54.61000061035156,55.16999816894531,54.54999923706055,54.900001525878906,432200,0.0,0.0,0.0
2022-04-11 00:00:00-04:00,55.25,55.290000915527344,54.779998779296875,54.86000061035156,427500,0.0,0.0,0.0
2022-04-12 00:00:00-04:00,55.099998474121094,55.18000030517578,54.25,54.380001068115234,500400,0.0,0.0,0.0
2022-04-13 00:00:00-04:00,53.81999969482422,53.9900016784668,53.56999969482422,53.790000915527344,1215900,0.0,0.0,0.0
2022-04-14 00:00:00-04:00,53.11000061035156,53.11000061035156,52.439998626708984,52.689998626708984,526900,0.0,0.0,0.0
2022-04-18 00:00:00-04:00,52.5099983215332,53.130001068115234,52.31999969482422,52.81999969482422,232000,0.0,0.0,0.0
2022-04-19 00:00:00-04:00,52.709999084472656,52.7599983215332,51.560001373291016,51.90999984741211,452700,0.0,0.0,0.0
2022-04-20 00:00:00-04:00,51.65999984741211,51.68000030517578,50.95000076293945,51.34000015258789,375700,0.0,0.0,0.0
2022-04-21 00:00:00-04:00,51.04999923706055,51.08000183105469,49.47999954223633,49.72999954223633,560400,0.0,0.0,0.0
2022-04-22 00:00:00-04:00,49.25,49.40999984741211,48.63999938964844,48.7400016784668,799600,0.0,0.0,0.0
2022-04-25 00:00:00-04:00,47.59000015258789,48.0,47.18000030517578,47.91999816894531,557800,0.0,0.0,0.0
2022-04-26 00:00:00-04:00,48.33000183105469,48.529998779296875,47.11000061035156,47.11000061035156,739300,0.0,0.0,0.0
2022-04-27 00:00:00-04:00,46.81999969482422,47.61000061035156,46.65999984741211,47.439998626708984,425700,0.0,0.0,0.0
2022-04-28 00:00:00-04:00,47.84000015258789,48.040000915527344,47.13999938964844,47.79999923706055,983400,0.0,0.0,0.0
2022-04-29 00:00:00-04:00,48.77000045776367,48.9900016784668,47.900001525878906,47.939998626708984,331300,0.0,0.0,0.0
2022-05-02 00:00:00-04:00,47.369998931884766,47.369998931884766,46.349998474121094,46.83000183105469,612700,0.0,0.0,0.0
2022-05-03 00:00:00-04:00,47.52000045776367,48.0,47.45000076293945,47.81999969482422,378200,0.0,0.0,0.0
2022-05-04 00:00:00-04:00,47.25,48.959999084472656,46.88999938964844,48.90999984741211,579200,0.0,0.0,0.0
2022-05-05 00:00:00-04:00,47.599998474121094,47.66999816894531,45.25,45.970001220703125,485500,0.0,0.0,0.0
2022-05-06 00:00:00-04:00,44.79999923706055,45.20000076293945,44.34000015258789,44.83000183105469,666300,0.0,0.0,0.0
2022-05-09 00:00:00-04:00,43.560001373291016,44.2400016784668,43.290000915527344,43.369998931884766,331000,0.0,0.0,0.0
2022-05-10 00:00:00-04:00,44.66999816894531,44.779998779296875,43.40999984741211,43.880001068115234,355600,0.0,0.0,0.0
2022-05-11 00:00:00-04:00,44.459999084472656,45.09000015258789,43.970001220703125,44.0,411200,0.0,0.0,0.0
2022-05-12 00:00:00-04:00,43.4900016784668,44.689998626708984,43.34000015258789,44.150001525878906,487500,0.0,0.0,0.0
2022-05-13 00:00:00-04:00,44.2599983215332,45.47999954223633,44.18000030517578,45.380001068115234,534500,0.0,0.0,0.0
2022-05-16 00:00:00-04:00,45.130001068115234,45.88999938964844,45.130001068115234,45.77000045776367,358900,0.0,0.0,0.0
2022-05-17 00:00:00-04:00,46.4900016784668,46.58000183105469,46.04999923706055,46.47999954223633,265800,0.0,0.0,0.0
2022-05-18 00:00:00-04:00,46.20000076293945,46.36000061035156,44.86000061035156,45.02000045776367,338600,0.0,0.0,0.0
2022-05-19 00:00:00-04:00,45.2400016784668,46.290000915527344,45.2400016784668,45.9900016784668,329900,0.0,0.0,0.0
2022-05-20 00:00:00-04:00,46.22999954223633,46.290000915527344,45.04999923706055,45.63999938964844,314900,0.0,0.0,0.0
2022-05-23 00:00:00-04:00,46.849998474121094,47.15999984741211,46.61000061035156,46.88999938964844,463300,0.0,0.0,0.0
2022-05-24 00:00:00-04:00,46.279998779296875,46.560001373291016,45.880001068115234,46.459999084472656,279900,0.0,0.0,0.0
2022-05-25 00:00:00-04:00,45.33000183105469,45.720001220703125,45.060001373291016,45.599998474121094,218800,0.0,0.0,0.0
2022-05-26 00:00:00-04:00,45.88999938964844,47.02000045776367,45.88999938964844,46.95000076293945,163400,0.0,0.0,0.0
2022-05-27 00:00:00-04:00,47.7400016784668,47.95000076293945,47.61000061035156,47.88999938964844,166600,0.0,0.0,0.0
2022-05-31 00:00:00-04:00,49.08000183105469,49.20000076293945,48.33000183105469,48.369998931884766,295600,0.0,0.0,0.0
2022-06-01 00:00:00-04:00,48.54999923706055,48.70000076293945,47.310001373291016,47.58000183105469,302800,0.0,0.0,0.0
2022-06-02 00:00:00-04:00,47.790000915527344,48.630001068115234,47.75,48.630001068115234,243500,0.0,0.0,0.0
2022-06-03 00:00:00-04:00,48.25,48.349998474121094,47.709999084472656,47.81999969482422,189300,0.0,0.0,0.0
2022-06-06 00:00:00-04:00,48.349998474121094,48.47999954223633,47.529998779296875,47.68000030517578,103800,0.0,0.0,0.0
2022-06-07 00:00:00-04:00,47.029998779296875,47.369998931884766,47.0099983215332,47.27000045776367,195200,0.0,0.0,0.0
2022-06-08 00:00:00-04:00,47.33000183105469,47.66999816894531,47.150001525878906,47.400001525878906,176500,0.0,0.0,0.0
2022-06-09 00:00:00-04:00,45.790000915527344,45.90999984741211,44.54999923706055,44.560001373291016,351400,0.0,0.0,0.0
2022-06-10 00:00:00-04:00,43.90999984741211,44.11000061035156,43.40999984741211,43.689998626708984,331400,0.0,0.0,0.0
2022-06-13 00:00:00-04:00,42.43000030517578,42.72999954223633,41.970001220703125,42.119998931884766,307300,0.0,0.0,0.0
2022-06-14 00:00:00-04:00,42.04999923706055,42.220001220703125,41.630001068115234,41.880001068115234,289400,0.0,0.0,0.0
2022-06-15 00:00:00-04:00,42.880001068115234,44.2599983215332,42.689998626708984,43.779998779296875,493900,0.0,0.0,0.0
2022-06-16 00:00:00-04:00,42.38999938964844,42.560001373291016,41.63999938964844,42.2400016784668,595100,0.0,0.0,0.0
2022-06-17 00:00:00-04:00,42.79999923706055,43.02000045776367,42.22999954223633,42.2599983215332,418700,0.0,0.0,0.0
2022-06-21 00:00:00-04:00,43.81999969482422,44.0099983215332,43.290000915527344,43.33000183105469,165100,0.0,0.0,0.0
2022-06-22 00:00:00-04:00,42.4900016784668,43.11000061035156,42.38999938964844,42.709999084472656,245800,0.0,0.0,0.0
2022-06-23 00:00:00-04:00,42.529998779296875,42.83000183105469,42.0099983215332,42.540000915527344,363500,0.0,0.0,0.0
2022-06-24 00:00:00-04:00,43.290000915527344,44.2400016784668,43.189998626708984,44.22999954223633,234400,0.0,0.0,0.0
2022-06-27 00:00:00-04:00,44.93000030517578,44.93000030517578,44.439998626708984,44.529998779296875,124900,0.0,0.0,0.0
2022-06-28 00:00:00-04:00,43.9900016784668,44.130001068115234,43.20000076293945,43.209999084472656,250100,0.0,0.0,0.0
2022-06-29 00:00:00-04:00,43.40999984741211,43.439998626708984,42.810001373291016,43.04999923706055,172400,0.0,0.0,0.0
2022-06-30 00:00:00-04:00,42.02000045776367,42.720001220703125,41.7599983215332,42.4900016784668,495300,0.0,0.0,0.0
2022-07-01 00:00:00-04:00,41.83000183105469,42.38999938964844,41.5,42.369998931884766,324600,0.0,0.0,0.0
2022-07-05 00:00:00-04:00,41.52000045776367,41.939998626708984,41.099998474121094,41.939998626708984,204100,0.0,0.0,0.0
2022-07-06 00:00:00-04:00,41.380001068115234,41.56999969482422,40.97999954223633,41.439998626708984,213900,0.0,0.0,0.0
2022-07-07 00:00:00-04:00,42.279998779296875,42.95000076293945,42.279998779296875,42.90999984741211,365400,0.0,0.0,0.0
2022-07-08 00:00:00-04:00,42.45000076293945,42.77000045776367,42.15999984741211,42.439998626708984,236300,0.0,0.0,0.0
2022-07-11 00:00:00-04:00,41.4900016784668,41.630001068115234,41.150001525878906,41.33000183105469,241600,0.0,0.0,0.0
2022-07-12 00:00:00-04:00,41.15999984741211,41.630001068115234,40.970001220703125,41.20000076293945,192200,0.0,0.0,0.0
2022-07-13 00:00:00-04:00,40.29999923706055,41.02000045776367,39.95000076293945,40.75,212900,0.0,0.0,0.0
2022-07-14 00:00:00-04:00,39.31999969482422,39.369998931884766,38.5,39.31999969482422,239100,0.0,0.0,0.0
2022-07-15 00:00:00-04:00,39.59000015258789,40.040000915527344,39.22999954223633,39.959999084472656,205600,0.0,0.0,0.0
2022-07-18 00:00:00-04:00,40.599998474121094,40.880001068115234,40.11000061035156,40.25,229400,0.0,0.0,0.0
2022-07-19 00:00:00-04:00,40.900001525878906,41.08000183105469,40.81999969482422,40.88999938964844,199900,0.0,0.0,0.0
2022-07-20 00:00:00-04:00,40.68000030517578,40.95000076293945,40.470001220703125,40.65999984741211,146200,0.0,0.0,0.0
2022-07-21 00:00:00-04:00,41.099998474121094,41.59000015258789,40.959999084472656,41.54999923706055,146700,0.0,0.0,0.0
2022-07-22 00:00:00-04:00,42.02000045776367,42.27000045776367,41.459999084472656,41.68000030517578,117200,0.0,0.0,0.0
2022-07-25 00:00:00-04:00,41.84000015258789,41.939998626708984,41.43000030517578,41.63999938964844,129100,0.0,0.0,0.0
2022-07-26 00:00:00-04:00,41.63999938964844,41.849998474121094,41.380001068115234,41.5099983215332,76600,0.0,0.0,0.0
2022-07-27 00:00:00-04:00,41.75,42.540000915527344,41.5099983215332,42.470001220703125,168800,0.0,0.0,0.0
2022-07-28 00:00:00-04:00,42.779998779296875,42.939998626708984,42.38999938964844,42.869998931884766,145800,0.0,0.0,0.0
2022-07-29 00:00:00-04:00,42.13999938964844,42.5,41.91999816894531,42.45000076293945,289300,0.0,0.0,0.0
2022-08-01 00:00:00-04:00,42.27000045776367,42.70000076293945,41.97999954223633,42.310001373291016,241400,0.0,0.0,0.0
2022-08-02 00:00:00-04:00,41.540000915527344,41.75,40.97999954223633,40.9900016784668,231100,0.0,0.0,0.0
2022-08-03 00:00:00-04:00,41.5,41.959999084472656,41.2599983215332,41.900001525878906,241600,0.0,0.0,0.0
2022-08-04 00:00:00-04:00,41.869998931884766,42.25,41.72999954223633,42.150001525878906,189400,0.0,0.0,0.0
2022-08-05 00:00:00-04:00,41.790000915527344,42.4900016784668,41.75,42.439998626708984,105900,0.0,0.0,0.0
2022-08-08 00:00:00-04:00,43.36000061035156,43.709999084472656,43.36000061035156,43.5099983215332,200000,0.0,0.0,0.0
2022-08-09 00:00:00-04:00,43.63999938964844,43.63999938964844,43.11000061035156,43.33000183105469,184800,0.0,0.0,0.0
2022-08-10 00:00:00-04:00,44.29999923706055,44.790000915527344,44.18000030517578,44.68000030517578,166700,0.0,0.0,0.0
2022-08-11 00:00:00-04:00,45.41999816894531,45.86000061035156,45.04999923706055,45.08000183105469,173800,0.0,0.0,0.0
2022-08-12 00:00:00-04:00,45.25,45.970001220703125,45.15999984741211,45.95000076293945,235300,0.0,0.0,0.0
2022-08-15 00:00:00-04:00,44.83000183105469,45.060001373291016,44.709999084472656,44.90999984741211,601100,0.0,0.0,0.0
2022-08-16 00:00:00-04:00,45.16999816894531,45.630001068115234,45.16999816894531,45.459999084472656,91100,0.0,0.0,0.0
2022-08-17 00:00:00-04:00,44.2599983215332,44.58000183105469,44.04999923706055,44.29999923706055,159000,0.0,0.0,0.0
2022-08-18 00:00:00-04:00,43.790000915527344,43.88999938964844,43.16999816894531,43.459999084472656,170900,0.0,0.0,0.0
2022-08-19 00:00:00-04:00,42.41999816894531,42.5099983215332,41.709999084472656,41.939998626708984,438400,0.0,0.0,0.0
2022-08-22 00:00:00-04:00,41.86000061035156,41.939998626708984,41.68000030517578,41.900001525878906,222200,0.0,0.0,0.0
2022-08-23 00:00:00-04:00,41.650001525878906,42.43000030517578,41.650001525878906,42.150001525878906,126600,0.0,0.0,0.0
2022-08-24 00:00:00-04:00,41.93000030517578,42.34000015258789,41.90999984741211,42.18000030517578,125400,0.0,0.0,0.0
2022-08-25 00:00:00-04:00,42.790000915527344,43.68000030517578,42.77000045776367,43.619998931884766,162800,0.0,0.0,0.0
2022-08-26 00:00:00-04:00,43.79999923706055,43.90999984741211,42.560001373291016,42.599998474121094,175900,0.0,0.0,0.0
2022-08-29 00:00:00-04:00,42.47999954223633,42.7599983215332,42.40999984741211,42.4900016784668,133200,0.0,0.0,0.0
2022-08-30 00:00:00-04:00,42.16999816894531,42.2599983215332,40.88999938964844,41.150001525878906,186800,0.0,0.0,0.0
2022-08-31 00:00:00-04:00,40.790000915527344,40.79999923706055,39.75,39.84000015258789,389800,0.0,0.0,0.0
2022-09-01 00:00:00-04:00,39.68000030517578,39.7400016784668,39.2599983215332,39.68000030517578,168100,0.0,0.0,0.0
2022-09-02 00:00:00-04:00,40.189998626708984,40.41999816894531,39.56999969482422,39.619998931884766,133200,0.0,0.0,0.0
2022-09-06 00:00:00-04:00,40.54999923706055,40.58000183105469,39.93000030517578,40.0,173800,0.0,0.0,0.0
2022-09-07 00:00:00-04:00,39.41999816894531,40.119998931884766,39.279998779296875,40.08000183105469,131100,0.0,0.0,0.0
2022-09-08 00:00:00-04:00,39.54999923706055,39.79999923706055,39.310001373291016,39.68000030517578,127400,0.0,0.0,0.0
2022-09-09 00:00:00-04:00,40.90999984741211,41.08000183105469,40.779998779296875,41.0,115600,0.0,0.0,0.0
2022-09-12 00:00:00-04:00,41.790000915527344,42.060001373291016,41.599998474121094,41.91999816894531,106500,0.0,0.0,0.0
2022-09-13 00:00:00-04:00,40.22999954223633,40.66999816894531,39.75,39.779998779296875,136700,0.0,0.0,0.0
2022-09-14 00:00:00-04:00,39.900001525878906,40.11000061035156,39.689998626708984,39.970001220703125,173800,0.0,0.0,0.0
2022-09-15 00:00:00-04:00,39.77000045776367,40.20000076293945,39.31999969482422,39.470001220703125,345900,0.0,0.0,0.0
2022-09-16 00:00:00-04:00,38.540000915527344,39.0,38.2400016784668,38.58000183105469,287800,0.0,0.0,0.0
2022-09-19 00:00:00-04:00,38.06999969482422,38.66999816894531,38.0,38.650001525878906,86900,0.0,0.0,0.0
2022-09-20 00:00:00-04:00,38.459999084472656,38.63999938964844,38.22999954223633,38.540000915527344,146900,0.0,0.0,0.0
2022-09-21 00:00:00-04:00,38.63999938964844,39.029998779296875,38.029998779296875,38.189998626708984,217800,0.0,0.0,0.0
2022-09-22 00:00:00-04:00,38.2599983215332,38.529998779296875,38.040000915527344,38.27000045776367,131400,0.0,0.0,0.0
2022-09-23 00:00:00-04:00,36.689998626708984,36.83000183105469,36.290000915527344,36.59000015258789,192900,0.0,0.0,0.0
2022-09-26 00:00:00-04:00,36.189998626708984,36.68000030517578,35.900001525878906,36.060001373291016,128600,0.0,0.0,0.0
2022-09-27 00:00:00-04:00,37.150001525878906,37.27000045776367,36.36000061035156,36.560001373291016,125900,0.0,0.0,0.0
2022-09-28 00:00:00-04:00,36.86000061035156,37.540000915527344,36.66999816894531,37.400001525878906,310200,0.0,0.0,0.0
2022-09-29 00:00:00-04:00,36.709999084472656,36.709999084472656,35.97999954223633,36.470001220703125,181500,0.0,0.0,0.0
2022-09-30 00:00:00-04:00,36.599998474121094,36.84000015258789,36.040000915527344,36.040000915527344,136800,0.0,0.0,0.0
2022-10-03 00:00:00-04:00,36.83000183105469,37.279998779296875,36.650001525878906,37.06999969482422,193700,0.0,0.0,0.0
2022-10-04 00:00:00-04:00,38.43000030517578,39.029998779296875,38.349998474121094,38.810001373291016,238700,0.0,0.0,0.0
2022-10-05 00:00:00-04:00,38.040000915527344,38.380001068115234,37.68000030517578,38.150001525878906,239200,0.0,0.0,0.0
2022-10-06 00:00:00-04:00,38.349998474121094,38.4900016784668,37.880001068115234,37.900001525878906,126900,0.0,0.0,0.0
2022-10-07 00:00:00-04:00,37.63999938964844,37.83000183105469,37.310001373291016,37.439998626708984,301800,0.0,0.0,0.0
2022-10-10 00:00:00-04:00,37.5099983215332,37.619998931884766,37.09000015258789,37.31999969482422,88100,0.0,0.0,0.0
2022-10-11 00:00:00-04:00,37.220001220703125,37.88999938964844,36.939998626708984,37.029998779296875,208600,0.0,0.0,0.0
2022-10-12 00:00:00-04:00,36.75,36.84000015258789,36.529998779296875,36.68000030517578,368100,0.0,0.0,0.0
2022-10-13 00:00:00-04:00,35.90999984741211,37.33000183105469,35.630001068115234,37.11000061035156,165800,0.0,0.0,0.0
2022-10-14 00:00:00-04:00,37.040000915527344,37.11000061035156,35.90999984741211,35.970001220703125,123400,0.0,0.0,0.0
2022-10-17 00:00:00-04:00,37.65999984741211,38.29999923706055,37.65999984741211,37.97999954223633,231300,0.0,0.0,0.0
2022-10-18 00:00:00-04:00,38.310001373291016,38.310001373291016,37.52000045776367,37.779998779296875,113000,0.0,0.0,0.0
2022-10-19 00:00:00-04:00,37.2599983215332,37.459999084472656,37.0,37.209999084472656,170400,0.0,0.0,0.0
2022-10-20 00:00:00-04:00,36.77000045776367,37.52000045776367,36.70000076293945,36.81999969482422,120800,0.0,0.0,0.0
2022-10-21 00:00:00-04:00,36.810001373291016,38.0099983215332,36.70000076293945,38.0,101900,0.0,0.0,0.0
2022-10-24 00:00:00-04:00,36.27000045776367,36.380001068115234,35.93000030517578,36.31999969482422,116500,0.0,0.0,0.0
2022-10-25 00:00:00-04:00,36.66999816894531,37.290000915527344,36.66999816894531,37.189998626708984,99300,0.0,0.0,0.0
2022-10-26 00:00:00-04:00,38.2400016784668,38.95000076293945,38.2400016784668,38.790000915527344,234800,0.0,0.0,0.0
2022-10-27 00:00:00-04:00,38.66999816894531,39.15999984741211,38.529998779296875,38.709999084472656,177900,0.0,0.0,0.0
2022-10-28 00:00:00-04:00,38.369998931884766,38.5099983215332,38.18000030517578,38.5,136600,0.0,0.0,0.0
2022-10-31 00:00:00-04:00,37.84000015258789,38.029998779296875,37.720001220703125,37.9900016784668,124900,0.0,0.0,0.0
2022-11-01 00:00:00-04:00,39.09000015258789,39.09000015258789,38.16999816894531,38.380001068115234,194600,0.0,0.0,0.0
2022-11-02 00:00:00-04:00,38.810001373291016,39.22999954223633,38.04999923706055,38.099998474121094,212600,0.0,0.0,0.0
2022-11-03 00:00:00-04:00,37.18000030517578,37.70000076293945,37.040000915527344,37.54999923706055,1181500,0.0,0.0,0.0
2022-11-04 00:00:00-04:00,39.400001525878906,40.7599983215332,39.33000183105469,40.72999954223633,329200,0.0,0.0,0.0
2022-11-07 00:00:00-05:00,40.97999954223633,41.209999084472656,40.779998779296875,40.9900016784668,162200,0.0,0.0,0.0
2022-11-08 00:00:00-05:00,40.58000183105469,41.56999969482422,40.43000030517578,41.36000061035156,180400,0.0,0.0,0.0
2022-11-09 00:00:00-05:00,40.869998931884766,41.349998474121094,40.61000061035156,40.72999954223633,111100,0.0,0.0,0.0
2022-11-10 00:00:00-05:00,42.540000915527344,43.290000915527344,42.470001220703125,43.2599983215332,279300,0.0,0.0,0.0
2022-11-11 00:00:00-05:00,43.52000045776367,44.0,43.16999816894531,43.849998474121094,293100,0.0,0.0,0.0
2022-11-14 00:00:00-05:00,43.16999816894531,43.70000076293945,43.16999816894531,43.290000915527344,172800,0.0,0.0,0.0
2022-11-15 00:00:00-05:00,43.58000183105469,43.65999984741211,42.72999954223633,43.33000183105469,156500,0.0,0.0,0.0
2022-11-16 00:00:00-05:00,43.45000076293945,43.560001373291016,43.209999084472656,43.31999969482422,114900,0.0,0.0,0.0
2022-11-17 00:00:00-05:00,42.59000015258789,43.54999923706055,42.540000915527344,43.529998779296875,143400,0.0,0.0,0.0
2022-11-18 00:00:00-05:00,43.40999984741211,43.52000045776367,43.16999816894531,43.45000076293945,109800,0.0,0.0,0.0
2022-11-21 00:00:00-05:00,42.959999084472656,43.04999923706055,42.650001525878906,43.02000045776367,136100,0.0,0.0,0.0
2022-11-22 00:00:00-05:00,43.290000915527344,43.61000061035156,43.220001220703125,43.599998474121094,88700,0.0,0.0,0.0
2022-11-23 00:00:00-05:00,44.20000076293945,44.7400016784668,44.16999816894531,44.7400016784668,72600,0.0,0.0,0.0
2022-11-25 00:00:00-05:00,44.18000030517578,44.2599983215332,44.11000061035156,44.209999084472656,34500,0.0,0.0,0.0
2022-11-28 00:00:00-05:00,44.099998474121094,44.38999938964844,43.779998779296875,43.779998779296875,121600,0.0,0.0,0.0
2022-11-29 00:00:00-05:00,43.97999954223633,44.36000061035156,43.900001525878906,44.150001525878906,199700,0.0,0.0,0.0
2022-11-30 00:00:00-05:00,45.54999923706055,45.619998931884766,44.38999938964844,44.45000076293945,1184800,0.0,0.0,0.0
2022-12-01 00:00:00-05:00,42.58000183105469,42.61000061035156,42.02000045776367,42.369998931884766,614200,0.0,0.0,0.0
2022-12-02 00:00:00-05:00,42.63999938964844,43.189998626708984,42.56999969482422,43.029998779296875,322300,0.0,0.0,0.0
2022-12-05 00:00:00-05:00,43.869998931884766,43.9900016784668,42.7400016784668,43.029998779296875,506600,0.0,0.0,0.0
2022-12-06 00:00:00-05:00,43.77000045776367,43.90999984741211,43.290000915527344,43.45000076293945,66100,0.0,0.0,0.0
2022-12-07 00:00:00-05:00,44.02000045776367,44.27000045776367,43.65999984741211,43.95000076293945,160100,0.0,0.0,0.0
2022-12-08 00:00:00-05:00,43.970001220703125,44.029998779296875,43.66999816894531,43.90999984741211,314400,0.0,0.0,0.0
2022-12-09 00:00:00-05:00,43.709999084472656,43.709999084472656,43.08000183105469,43.119998931884766,239600,0.0,0.0,0.0
2022-12-12 00:00:00-05:00,42.93000030517578,42.95000076293945,42.5099983215332,42.79999923706055,507100,0.0,0.0,0.0
2022-12-13 00:00:00-05:00,43.15999984741211,43.5099983215332,42.790000915527344,43.02000045776367,305400,0.0,0.0,0.0
2022-12-14 00:00:00-05:00,43.0,43.43000030517578,42.52000045776367,43.119998931884766,154100,0.0,0.0,0.0
2022-12-15 00:00:00-05:00,41.380001068115234,41.68000030517578,40.88999938964844,41.02000045776367,347200,0.0,0.0,0.0
2022-12-16 00:00:00-05:00,41.029998779296875,41.130001068115234,40.689998626708984,40.91999816894531,277600,0.0,0.0,0.0
2022-12-19 00:00:00-05:00,42.720001220703125,42.779998779296875,42.11000061035156,42.22999954223633,250800,0.0,0.0,0.0
2022-12-20 00:00:00-05:00,42.18000030517578,42.36000061035156,41.95000076293945,42.119998931884766,162900,0.0,0.0,0.0
2022-12-21 00:00:00-05:00,42.61000061035156,43.22999954223633,42.61000061035156,43.16999816894531,168200,0.0,0.0,0.0
2022-12-22 00:00:00-05:00,42.880001068115234,42.900001525878906,42.15999984741211,42.66999816894531,124500,0.0,0.0,0.0
2022-12-23 00:00:00-05:00,43.20000076293945,43.40999984741211,43.0099983215332,43.34000015258789,63000,0.0,0.0,0.0
2022-12-27 00:00:00-05:00,43.11000061035156,44.0099983215332,43.11000061035156,43.83000183105469,157800,0.0,0.0,0.0
2022-12-28 00:00:00-05:00,43.209999084472656,43.33000183105469,42.7599983215332,42.81999969482422,130900,0.0,0.0,0.0
2022-12-29 00:00:00-05:00,43.18000030517578,43.66999816894531,43.13999938964844,43.630001068115234,189800,0.0,0.0,0.0
2022-12-30 00:00:00-05:00,43.0,43.34000015258789,41.970001220703125,42.40999984741211,388900,0.0,0.0,0.0
2023-01-03 00:00:00-05:00,43.63999938964844,44.0099983215332,43.400001525878906,43.7400016784668,295900,0.0,0.0,0.0
2023-01-04 00:00:00-05:00,44.31999969482422,45.41999816894531,44.16999816894531,45.369998931884766,335800,0.0,0.0,0.0
2023-01-05 00:00:00-05:00,43.790000915527344,44.380001068115234,43.619998931884766,44.150001525878906,262100,0.0,0.0,0.0
2023-01-06 00:00:00-05:00,44.20000076293945,45.2400016784668,44.04999923706055,45.20000076293945,291600,0.0,0.0,0.0
2023-01-09 00:00:00-05:00,46.15999984741211,46.2599983215332,45.70000076293945,45.7400016784668,539700,0.0,0.0,0.0
2023-01-10 00:00:00-05:00,45.52000045776367,46.040000915527344,45.349998474121094,45.900001525878906,219900,0.0,0.0,0.0
2023-01-11 00:00:00-05:00,46.189998626708984,46.40999984741211,45.83000183105469,46.33000183105469,215700,0.0,0.0,0.0
2023-01-12 00:00:00-05:00,47.189998626708984,47.5099983215332,46.470001220703125,47.34000015258789,369700,0.0,0.0,0.0
2023-01-13 00:00:00-05:00,47.04999923706055,47.7400016784668,47.04999923706055,47.66999816894531,211000,0.0,0.0,0.0
2023-01-17 00:00:00-05:00,45.72999954223633,46.099998474121094,45.560001373291016,45.83000183105469,499100,0.0,0.0,0.0
2023-01-18 00:00:00-05:00,46.66999816894531,46.75,45.459999084472656,45.709999084472656,185500,0.0,0.0,0.0
2023-01-19 00:00:00-05:00,45.45000076293945,45.599998474121094,45.220001220703125,45.529998779296875,335200,0.0,0.0,0.0
2023-01-20 00:00:00-05:00,45.43000030517578,46.220001220703125,45.38999938964844,46.16999816894531,309900,0.0,0.0,0.0
2023-01-23 00:00:00-05:00,45.91999816894531,46.31999969482422,45.91999816894531,46.209999084472656,86600,0.0,0.0,0.0
2023-01-24 00:00:00-05:00,45.7400016784668,46.33000183105469,45.72999954223633,46.29999923706055,214000,0.0,0.0,0.0
2023-01-25 00:00:00-05:00,45.720001220703125,46.38999938964844,45.619998931884766,46.34000015258789,215600,0.0,0.0,0.0
2023-01-26 00:00:00-05:00,46.400001525878906,46.540000915527344,46.119998931884766,46.5,234400,0.0,0.0,0.0
2023-01-27 00:00:00-05:00,46.189998626708984,46.38999938964844,45.84000015258789,46.099998474121094,515900,0.0,0.0,0.0
2023-01-30 00:00:00-05:00,45.33000183105469,45.5099983215332,45.02000045776367,45.11000061035156,215300,0.0,0.0,0.0
2023-01-31 00:00:00-05:00,44.970001220703125,45.209999084472656,44.70000076293945,45.16999816894531,116600,0.0,0.0,0.0
2023-02-01 00:00:00-05:00,45.40999984741211,46.54999923706055,45.310001373291016,46.31999969482422,174500,0.0,0.0,0.0
2023-02-02 00:00:00-05:00,46.77000045776367,46.900001525878906,46.16999816894531,46.560001373291016,370400,0.0,0.0,0.0
2023-02-03 00:00:00-05:00,45.400001525878906,45.869998931884766,45.060001373291016,45.150001525878906,154700,0.0,0.0,0.0
2023-02-06 00:00:00-05:00,44.380001068115234,44.689998626708984,44.099998474121094,44.40999984741211,191500,0.0,0.0,0.0
2023-02-07 00:00:00-05:00,44.34000015258789,44.880001068115234,44.060001373291016,44.630001068115234,132200,0.0,0.0,0.0
2023-02-08 00:00:00-05:00,44.13999938964844,44.29999923706055,43.849998474121094,44.11000061035156,295500,0.0,0.0,0.0
2023-02-09 00:00:00-05:00,44.66999816894531,44.77000045776367,43.56999969482422,43.779998779296875,208400,0.0,0.0,0.0
2023-02-10 00:00:00-05:00,43.33000183105469,43.33000183105469,42.93000030517578,43.15999984741211,88600,0.0,0.0,0.0
2023-02-13 00:00:00-05:00,43.5099983215332,43.86000061035156,43.38999938964844,43.77000045776367,75000,0.0,0.0,0.0
2023-02-14 00:00:00-05:00,43.52000045776367,44.0,43.290000915527344,43.880001068115234,507100,0.0,0.0,0.0
2023-02-15 00:00:00-05:00,42.900001525878906,43.290000915527344,42.779998779296875,43.290000915527344,166700,0.0,0.0,0.0
2023-02-16 00:00:00-05:00,42.61000061035156,43.27000045776367,42.5099983215332,42.9900016784668,149100,0.0,0.0,0.0
2023-02-17 00:00:00-05:00,42.59000015258789,42.810001373291016,42.2599983215332,42.720001220703125,81400,0.0,0.0,0.0
2023-02-21 00:00:00-05:00,41.630001068115234,41.779998779296875,41.400001525878906,41.560001373291016,220900,0.0,0.0,0.0
2023-02-22 00:00:00-05:00,41.470001220703125,41.61000061035156,41.209999084472656,41.349998474121094,69400,0.0,0.0,0.0
2023-02-23 00:00:00-05:00,42.099998474121094,42.099998474121094,41.52000045776367,41.869998931884766,103600,0.0,0.0,0.0
2023-02-24 00:00:00-05:00,40.810001373291016,40.900001525878906,40.5099983215332,40.720001220703125,151200,0.0,0.0,0.0
2023-02-27 00:00:00-05:00,41.060001373291016,41.060001373291016,40.77000045776367,40.900001525878906,74600,0.0,0.0,0.0
2023-02-28 00:00:00-05:00,41.11000061035156,41.36000061035156,40.91999816894531,40.97999954223633,149000,0.0,0.0,0.0
2023-03-01 00:00:00-05:00,42.27000045776367,42.369998931884766,41.95000076293945,42.27000045776367,205000,0.0,0.0,0.0
2023-03-02 00:00:00-05:00,41.31999969482422,41.93000030517578,41.27000045776367,41.81999969482422,203500,0.0,0.0,0.0
2023-03-03 00:00:00-05:00,41.939998626708984,42.22999954223633,41.70000076293945,42.18000030517578,154200,0.0,0.0,0.0
2023-03-06 00:00:00-05:00,41.959999084472656,42.150001525878906,41.81999969482422,41.900001525878906,83900,0.0,0.0,0.0
2023-03-07 00:00:00-05:00,41.36000061035156,41.36000061035156,40.59000015258789,40.65999984741211,243300,0.0,0.0,0.0
2023-03-08 00:00:00-05:00,40.619998931884766,40.970001220703125,40.470001220703125,40.4900016784668,897900,0.0,0.0,0.0
2023-03-09 00:00:00-05:00,40.47999954223633,40.56999969482422,39.95000076293945,39.97999954223633,429900,0.0,0.0,0.0
2023-03-10 00:00:00-05:00,40.720001220703125,41.040000915527344,40.33000183105469,40.54999923706055,212300,0.0,0.0,0.0
2023-03-13 00:00:00-04:00,40.2400016784668,40.66999816894531,40.09000015258789,40.41999816894531,185100,0.0,0.0,0.0
2023-03-14 00:00:00-04:00,40.41999816894531,40.459999084472656,40.099998474121094,40.36000061035156,175400,0.0,0.0,0.0
2023-03-15 00:00:00-04:00,38.93000030517578,39.150001525878906,38.709999084472656,39.04999923706055,215300,0.0,0.0,0.0
2023-03-16 00:00:00-04:00,38.7400016784668,39.43000030517578,38.59000015258789,39.380001068115234,263400,0.0,0.0,0.0
2023-03-17 00:00:00-04:00,39.2599983215332,39.369998931884766,38.939998626708984,39.189998626708984,146100,0.0,0.0,0.0
2023-03-20 00:00:00-04:00,39.279998779296875,39.279998779296875,38.97999954223633,39.150001525878906,96300,0.0,0.0,0.0
2023-03-21 00:00:00-04:00,39.470001220703125,39.470001220703125,39.029998779296875,39.290000915527344,100700,0.0,0.0,0.0
2023-03-22 00:00:00-04:00,39.90999984741211,40.720001220703125,39.779998779296875,40.20000076293945,68200,0.0,0.0,0.0
2023-03-23 00:00:00-04:00,40.970001220703125,41.43000030517578,40.779998779296875,40.91999816894531,172900,0.0,0.0,0.0
2023-03-24 00:00:00-04:00,40.790000915527344,40.95000076293945,40.58000183105469,40.95000076293945,130700,0.0,0.0,0.0
2023-03-27 00:00:00-04:00,40.70000076293945,40.900001525878906,40.4900016784668,40.810001373291016,131000,0.0,0.0,0.0
2023-03-28 00:00:00-04:00,41.630001068115234,42.060001373291016,41.61000061035156,42.0,111300,0.0,0.0,0.0
2023-03-29 00:00:00-04:00,41.959999084472656,42.16999816894531,41.70000076293945,41.84000015258789,130600,0.0,0.0,0.0
2023-03-30 00:00:00-04:00,42.75,42.75,42.41999816894531,42.70000076293945,153900,0.0,0.0,0.0
2023-03-31 00:00:00-04:00,42.599998474121094,42.70000076293945,41.970001220703125,42.220001220703125,89000,0.0,0.0,0.0
2023-04-03 00:00:00-04:00,42.41999816894531,42.79999923706055,42.34000015258789,42.72999954223633,100300,0.0,0.0,0.0
2023-04-04 00:00:00-04:00,43.09000015258789,43.459999084472656,42.880001068115234,43.33000183105469,335000,0.0,0.0,0.0
2023-04-05 00:00:00-04:00,42.84000015258789,42.97999954223633,42.380001068115234,42.52000045776367,160300,0.0,0.0,0.0
2023-04-06 00:00:00-04:00,42.06999969482422,42.63999938964844,41.959999084472656,42.47999954223633,171800,0.0,0.0,0.0
2023-04-10 00:00:00-04:00,41.84000015258789,42.0099983215332,41.619998931884766,41.88999938964844,61800,0.0,0.0,0.0
2023-04-11 00:00:00-04:00,42.34000015258789,42.529998779296875,42.209999084472656,42.22999954223633,92600,0.0,0.0,0.0
2023-04-12 00:00:00-04:00,42.38999938964844,42.43000030517578,41.83000183105469,41.93000030517578,140400,0.0,0.0,0.0
2023-04-13 00:00:00-04:00,43.09000015258789,43.709999084472656,43.09000015258789,43.650001525878906,226400,0.0,0.0,0.0
2023-04-14 00:00:00-04:00,43.349998474121094,43.560001373291016,42.91999816894531,43.34000015258789,709800,0.0,0.0,0.0
2023-04-17 00:00:00-04:00,43.029998779296875,43.060001373291016,42.54999923706055,42.83000183105469,512900,0.0,0.0,0.0
2023-04-18 00:00:00-04:00,43.189998626708984,43.459999084472656,43.08000183105469,43.34000015258789,226200,0.0,0.0,0.0
2023-04-19 00:00:00-04:00,42.849998474121094,43.2400016784668,42.650001525878906,43.09000015258789,156800,0.0,0.0,0.0
2023-04-20 00:00:00-04:00,43.15999984741211,43.68000030517578,43.15999984741211,43.380001068115234,248800,0.0,0.0,0.0
2023-04-21 00:00:00-04:00,43.029998779296875,43.209999084472656,42.72999954223633,43.060001373291016,235500,0.0,0.0,0.0
2023-04-24 00:00:00-04:00,42.720001220703125,42.83000183105469,42.45000076293945,42.7599983215332,345300,0.0,0.0,0.0
2023-04-25 00:00:00-04:00,42.20000076293945,42.20000076293945,41.849998474121094,42.02000045776367,242500,0.0,0.0,0.0
2023-04-26 00:00:00-04:00,42.29999923706055,42.439998626708984,42.150001525878906,42.2400016784668,56300,0.0,0.0,0.0
2023-04-27 00:00:00-04:00,42.439998626708984,42.959999084472656,42.439998626708984,42.900001525878906,130000,0.0,0.0,0.0
2023-04-28 00:00:00-04:00,42.470001220703125,43.08000183105469,42.439998626708984,42.95000076293945,184900,0.0,0.0,0.0
2023-05-01 00:00:00-04:00,42.88999938964844,43.119998931884766,42.619998931884766,42.65999984741211,78500,0.0,0.0,0.0
2023-05-02 00:00:00-04:00,42.27000045776367,42.439998626708984,41.7599983215332,42.22999954223633,121600,0.0,0.0,0.0
2023-05-03 00:00:00-04:00,42.349998474121094,42.880001068115234,42.290000915527344,42.40999984741211,58700,0.0,0.0,0.0
2023-05-04 00:00:00-04:00,42.18000030517578,42.41999816894531,41.900001525878906,41.959999084472656,113200,0.0,0.0,0.0
2023-05-05 00:00:00-04:00,42.130001068115234,42.4900016784668,41.88999938964844,42.40999984741211,90100,0.0,0.0,0.0
2023-05-08 00:00:00-04:00,42.470001220703125,42.689998626708984,42.369998931884766,42.439998626708984,100100,0.0,0.0,0.0
2023-05-09 00:00:00-04:00,41.59000015258789,41.66999816894531,41.209999084472656,41.2400016784668,53700,0.0,0.0,0.0
2023-05-10 00:00:00-04:00,41.130001068115234,41.130001068115234,40.34000015258789,40.77000045776367,140000,0.0,0.0,0.0
2023-05-11 00:00:00-04:00,38.9900016784668,39.220001220703125,38.689998626708984,39.119998931884766,888900,0.0,0.0,0.0
2023-05-12 00:00:00-04:00,39.43000030517578,39.43000030517578,39.09000015258789,39.189998626708984,132500,0.0,0.0,0.0
2023-05-15 00:00:00-04:00,39.619998931884766,40.16999816894531,39.5,40.150001525878906,639300,0.0,0.0,0.0
2023-05-16 00:00:00-04:00,39.900001525878906,40.150001525878906,39.560001373291016,39.619998931884766,87800,0.0,0.0,0.0
2023-05-17 00:00:00-04:00,39.27000045776367,39.560001373291016,38.90999984741211,39.52000045776367,346400,0.0,0.0,0.0
2023-05-18 00:00:00-04:00,38.689998626708984,38.77000045776367,38.279998779296875,38.77000045776367,107300,0.0,0.0,0.0
2023-05-19 00:00:00-04:00,38.790000915527344,39.029998779296875,38.59000015258789,38.709999084472656,391800,0.0,0.0,0.0
2023-05-22 00:00:00-04:00,39.09000015258789,39.38999938964844,39.09000015258789,39.20000076293945,108900,0.0,0.0,0.0
2023-05-23 00:00:00-04:00,38.81999969482422,39.16999816894531,38.58000183105469,38.61000061035156,154800,0.0,0.0,0.0
2023-05-24 00:00:00-04:00,38.93000030517578,38.93000030517578,38.439998626708984,38.45000076293945,139200,0.0,0.0,0.0
2023-05-25 00:00:00-04:00,37.91999816894531,38.029998779296875,37.20000076293945,37.209999084472656,122000,0.0,0.0,0.0
2023-05-26 00:00:00-04:00,37.54999923706055,37.720001220703125,37.38999938964844,37.5099983215332,145900,0.0,0.0,0.0
2023-05-30 00:00:00-04:00,37.310001373291016,37.310001373291016,36.650001525878906,36.810001373291016,123600,0.0,0.0,0.0
2023-05-31 00:00:00-04:00,37.189998626708984,37.349998474121094,36.75,37.040000915527344,159500,0.0,0.0,0.0
2023-06-01 00:00:00-04:00,37.380001068115234,38.099998474121094,37.380001068115234,38.08000183105469,214800,0.0,0.0,0.0
2023-06-02 00:00:00-04:00,38.779998779296875,38.939998626708984,38.54999923706055,38.810001373291016,156500,0.0,0.0,0.0
2023-06-05 00:00:00-04:00,38.88999938964844,39.2400016784668,38.810001373291016,39.119998931884766,179600,0.0,0.0,0.0
2023-06-06 00:00:00-04:00,38.9900016784668,39.4900016784668,38.7400016784668,39.400001525878906,185400,0.0,0.0,0.0
2023-06-07 00:00:00-04:00,39.400001525878906,39.84000015258789,39.06999969482422,39.22999954223633,228000,0.0,0.0,0.0
2023-06-08 00:00:00-04:00,39.79999923706055,40.08000183105469,39.79999923706055,39.900001525878906,125300,0.0,0.0,0.0
2023-06-09 00:00:00-04:00,40.369998931884766,40.65999984741211,40.310001373291016,40.540000915527344,192000,0.0,0.0,0.0
2023-06-12 00:00:00-04:00,40.650001525878906,40.7400016784668,40.400001525878906,40.52000045776367,133000,0.0,0.0,0.0
2023-06-13 00:00:00-04:00,41.060001373291016,41.27000045776367,40.900001525878906,41.029998779296875,83000,0.0,0.0,0.0
2023-06-14 00:00:00-04:00,41.630001068115234,42.13999938964844,41.45000076293945,41.91999816894531,123400,0.0,0.0,0.0
2023-06-15 00:00:00-04:00,42.029998779296875,42.45000076293945,42.0,42.349998474121094,155900,0.0,0.0,0.0
2023-06-16 00:00:00-04:00,42.4900016784668,42.4900016784668,42.119998931884766,42.25,226800,0.0,0.0,0.0
2023-06-20 00:00:00-04:00,41.400001525878906,41.52000045776367,41.09000015258789,41.209999084472656,200400,0.0,0.0,0.0
2023-06-21 00:00:00-04:00,40.77000045776367,40.77000045776367,40.43000030517578,40.58000183105469,361000,0.0,0.0,0.0
2023-06-22 00:00:00-04:00,39.79999923706055,40.09000015258789,39.70000076293945,40.06999969482422,193000,0.0,0.0,0.0
2023-06-23 00:00:00-04:00,38.900001525878906,39.16999816894531,38.77000045776367,39.11000061035156,320700,0.0,0.0,0.0
2023-06-26 00:00:00-04:00,39.150001525878906,39.290000915527344,38.95000076293945,38.97999954223633,97500,0.0,0.0,0.0
2023-06-27 00:00:00-04:00,39.81999969482422,39.81999969482422,39.369998931884766,39.560001373291016,146200,0.0,0.0,0.0
2023-06-28 00:00:00-04:00,39.470001220703125,39.619998931884766,39.220001220703125,39.560001373291016,85400,0.0,0.0,0.0
2023-06-29 00:00:00-04:00,39.040000915527344,39.33000183105469,38.970001220703125,39.2599983215332,89700,0.0,0.0,0.0
2023-06-30 00:00:00-04:00,39.5099983215332,39.86000061035156,39.47999954223633,39.779998779296875,641300,0.0,0.0,0.0
2023-07-03 00:00:00-04:00,39.81999969482422,40.16999816894531,39.79999923706055,39.88999938964844,57900,0.0,0.0,0.0
2023-07-05 00:00:00-04:00,39.959999084472656,39.959999084472656,39.52000045776367,39.58000183105469,100400,0.0,0.0,0.0
2023-07-06 00:00:00-04:00,38.72999954223633,38.72999954223633,37.91999816894531,38.029998779296875,186100,0.0,0.0,0.0
2023-07-07 00:00:00-04:00,38.25,39.13999938964844,38.150001525878906,38.970001220703125,121500,0.0,0.0,0.0
2023-07-10 00:00:00-04:00,38.470001220703125,39.04999923706055,38.470001220703125,38.939998626708984,151800,0.0,0.0,0.0
2023-07-11 00:00:00-04:00,39.439998626708984,39.90999984741211,39.439998626708984,39.900001525878906,98200,0.0,0.0,0.0
2023-07-12 00:00:00-04:00,41.0,41.849998474121094,40.91999816894531,41.79999923706055,331600,0.0,0.0,0.0
2023-07-13 00:00:00-04:00,42.43000030517578,42.91999816894531,42.43000030517578,42.900001525878906,280200,0.0,0.0,0.0
2023-07-14 00:00:00-04:00,42.66999816894531,42.66999816894531,42.150001525878906,42.400001525878906,449400,0.0,0.0,0.0
2023-07-17 00:00:00-04:00,42.22999954223633,42.72999954223633,42.040000915527344,42.689998626708984,108700,0.0,0.0,0.0
2023-07-18 00:00:00-04:00,42.810001373291016,43.209999084472656,42.810001373291016,42.97999954223633,121000,0.0,0.0,0.0
2023-07-19 00:00:00-04:00,43.11000061035156,43.290000915527344,42.7599983215332,42.88999938964844,265500,0.0,0.0,0.0
2023-07-20 00:00:00-04:00,42.970001220703125,43.06999969482422,42.63999938964844,42.7400016784668,97000,0.0,0.0,0.0
2023-07-21 00:00:00-04:00,42.849998474121094,42.93000030517578,42.459999084472656,42.4900016784668,92400,0.0,0.0,0.0
2023-07-24 00:00:00-04:00,42.970001220703125,43.36000061035156,42.83000183105469,43.279998779296875,124300,0.0,0.0,0.0
2023-07-25 00:00:00-04:00,43.7400016784668,44.06999969482422,43.63999938964844,43.9900016784668,218800,0.0,0.0,0.0
2023-07-26 00:00:00-04:00,43.619998931884766,44.220001220703125,43.529998779296875,44.15999984741211,214100,0.0,0.0,0.0
2023-07-27 00:00:00-04:00,44.4900016784668,44.540000915527344,43.470001220703125,43.56999969482422,148600,0.0,0.0,0.0
2023-07-28 00:00:00-04:00,44.56999969482422,45.029998779296875,44.56999969482422,44.9900016784668,140400,0.0,0.0,0.0
2023-07-31 00:00:00-04:00,44.529998779296875,44.79999923706055,44.38999938964844,44.599998474121094,101900,0.0,0.0,0.0
2023-08-01 00:00:00-04:00,43.7599983215332,43.869998931884766,43.04999923706055,43.130001068115234,342800,0.0,0.0,0.0
2023-08-02 00:00:00-04:00,41.959999084472656,42.04999923706055,41.2400016784668,41.5099983215332,166300,0.0,0.0,0.0
2023-08-03 00:00:00-04:00,40.66999816894531,41.189998626708984,40.66999816894531,40.95000076293945,103600,0.0,0.0,0.0
2023-08-04 00:00:00-04:00,41.59000015258789,42.099998474121094,41.40999984741211,41.470001220703125,235000,0.0,0.0,0.0
2023-08-07 00:00:00-04:00,41.5099983215332,41.619998931884766,41.02000045776367,41.27000045776367,177500,0.0,0.0,0.0
2023-08-08 00:00:00-04:00,40.70000076293945,40.849998474121094,40.41999816894531,40.779998779296875,105800,0.0,0.0,0.0
2023-08-09 00:00:00-04:00,40.70000076293945,40.75,40.40999984741211,40.58000183105469,233500,0.0,0.0,0.0
2023-08-10 00:00:00-04:00,41.63999938964844,41.880001068115234,41.09000015258789,41.13999938964844,104300,0.0,0.0,0.0
2023-08-11 00:00:00-04:00,40.810001373291016,40.970001220703125,40.58000183105469,40.689998626708984,423800,0.0,0.0,0.0
2023-08-14 00:00:00-04:00,39.779998779296875,40.29999923706055,39.56999969482422,40.15999984741211,405900,0.0,0.0,0.0
2023-08-15 00:00:00-04:00,39.63999938964844,39.790000915527344,39.43000030517578,39.56999969482422,118100,0.0,0.0,0.0
2023-08-16 00:00:00-04:00,39.189998626708984,39.599998474121094,39.09000015258789,39.099998474121094,175100,0.0,0.0,0.0
2023-08-17 00:00:00-04:00,39.2599983215332,39.369998931884766,38.75,38.79999923706055,227100,0.0,0.0,0.0
2023-08-18 00:00:00-04:00,38.34000015258789,38.70000076293945,38.189998626708984,38.61000061035156,120000,0.0,0.0,0.0
2023-08-21 00:00:00-04:00,39.060001373291016,39.130001068115234,38.77000045776367,39.040000915527344,180100,0.0,0.0,0.0
2023-08-22 00:00:00-04:00,39.529998779296875,39.72999954223633,38.790000915527344,38.880001068115234,152500,0.0,0.0,0.0
2023-08-23 00:00:00-04:00,39.720001220703125,40.34000015258789,39.709999084472656,40.2599983215332,134300,0.0,0.0,0.0
2023-08-24 00:00:00-04:00,39.88999938964844,40.11000061035156,39.560001373291016,39.560001373291016,180200,0.0,0.0,0.0
2023-08-25 00:00:00-04:00,40.27000045776367,40.369998931884766,39.65999984741211,40.099998474121094,158700,0.0,0.0,0.0
2023-08-28 00:00:00-04:00,40.189998626708984,40.720001220703125,40.15999984741211,40.61000061035156,139800,0.0,0.0,0.0
2023-08-29 00:00:00-04:00,40.369998931884766,40.869998931884766,40.20000076293945,40.810001373291016,80700,0.0,0.0,0.0
2023-08-30 00:00:00-04:00,40.65999984741211,40.86000061035156,40.13999938964844,40.2599983215332,133200,0.0,0.0,0.0
2023-08-31 00:00:00-04:00,39.72999954223633,39.779998779296875,39.060001373291016,39.11000061035156,220200,0.0,0.0,0.0
2023-09-01 00:00:00-04:00,39.84000015258789,40.08000183105469,39.33000183105469,39.400001525878906,320200,0.0,0.0,0.0
2023-09-05 00:00:00-04:00,38.720001220703125,38.720001220703125,38.439998626708984,38.58000183105469,160500,0.0,0.0,0.0
2023-09-06 00:00:00-04:00,38.27000045776367,38.5099983215332,38.209999084472656,38.459999084472656,282100,0.0,0.0,0.0
2023-09-07 00:00:00-04:00,38.33000183105469,38.33000183105469,37.91999816894531,38.02000045776367,88900,0.0,0.0,0.0
2023-09-08 00:00:00-04:00,38.38999938964844,38.619998931884766,38.349998474121094,38.43000030517578,100300,0.0,0.0,0.0
2023-09-11 00:00:00-04:00,39.33000183105469,39.470001220703125,39.099998474121094,39.22999954223633,191300,0.0,0.0,0.0
2023-09-12 00:00:00-04:00,38.689998626708984,39.16999816894531,38.54999923706055,39.11000061035156,113200,0.0,0.0,0.0
2023-09-13 00:00:00-04:00,38.77000045776367,39.040000915527344,38.599998474121094,39.0,157600,0.0,0.0,0.0
2023-09-14 00:00:00-04:00,38.58000183105469,38.869998931884766,38.470001220703125,38.66999816894531,155700,0.0,0.0,0.0
2023-09-15 00:00:00-04:00,38.720001220703125,38.83000183105469,38.439998626708984,38.58000183105469,212800,0.0,0.0,0.0
2023-09-18 00:00:00-04:00,38.31999969482422,38.459999084472656,38.11000061035156,38.31999969482422,79900,0.0,0.0,0.0
2023-09-19 00:00:00-04:00,38.459999084472656,38.56999969482422,38.369998931884766,38.4900016784668,55400,0.0,0.0,0.0
2023-09-20 00:00:00-04:00,39.279998779296875,39.86000061035156,39.130001068115234,39.189998626708984,275800,0.0,0.0,0.0
2023-09-21 00:00:00-04:00,38.36000061035156,38.68000030517578,38.189998626708984,38.22999954223633,259800,0.0,0.0,0.0
2023-09-22 00:00:00-04:00,39.150001525878906,39.61000061035156,38.689998626708984,38.709999084472656,151500,0.0,0.0,0.0
2023-09-25 00:00:00-04:00,38.349998474121094,38.560001373291016,38.20000076293945,38.369998931884766,269900,0.0,0.0,0.0
2023-09-26 00:00:00-04:00,38.02000045776367,38.130001068115234,37.689998626708984,37.72999954223633,251900,0.0,0.0,0.0
2023-09-27 00:00:00-04:00,37.7400016784668,37.7400016784668,37.060001373291016,37.34000015258789,158600,0.0,0.0,0.0
2023-09-28 00:00:00-04:00,37.459999084472656,37.91999816894531,37.34000015258789,37.81999969482422,241200,0.0,0.0,0.0
2023-09-29 00:00:00-04:00,38.27000045776367,38.27000045776367,37.52000045776367,37.619998931884766,129000,0.0,0.0,0.0
2023-10-02 00:00:00-04:00,37.040000915527344,37.040000915527344,36.45000076293945,36.58000183105469,145400,0.0,0.0,0.0
2023-10-03 00:00:00-04:00,36.34000015258789,36.4900016784668,36.130001068115234,36.27000045776367,342400,0.0,0.0,0.0
2023-10-04 00:00:00-04:00,36.220001220703125,36.290000915527344,35.7599983215332,36.150001525878906,271800,0.0,0.0,0.0
2023-10-05 00:00:00-04:00,35.849998474121094,36.220001220703125,35.77000045776367,36.150001525878906,242800,0.0,0.0,0.0
2023-10-06 00:00:00-04:00,36.130001068115234,37.099998474121094,36.0,36.970001220703125,233700,0.0,0.0,0.0
2023-10-09 00:00:00-04:00,36.619998931884766,37.029998779296875,36.459999084472656,37.0,133600,0.0,0.0,0.0
2023-10-10 00:00:00-04:00,38.08000183105469,38.66999816894531,37.970001220703125,38.61000061035156,482100,0.0,0.0,0.0
2023-10-11 00:00:00-04:00,39.150001525878906,39.40999984741211,39.0099983215332,39.25,286400,0.0,0.0,0.0
2023-10-12 00:00:00-04:00,39.18000030517578,39.18000030517578,38.15999984741211,38.34000015258789,444000,0.0,0.0,0.0
2023-10-13 00:00:00-04:00,38.91999816894531,38.91999816894531,38.43000030517578,38.470001220703125,266100,0.0,0.0,0.0
2023-10-16 00:00:00-04:00,39.0099983215332,39.2599983215332,38.81999969482422,39.15999984741211,325200,0.0,0.0,0.0
2023-10-17 00:00:00-04:00,38.59000015258789,39.27000045776367,38.59000015258789,39.0099983215332,147300,0.0,0.0,0.0
2023-10-18 00:00:00-04:00,38.5099983215332,38.5099983215332,37.90999984741211,38.0,99400,0.0,0.0,0.0
2023-10-19 00:00:00-04:00,37.689998626708984,38.060001373291016,37.529998779296875,37.709999084472656,221600,0.0,0.0,0.0
2023-10-20 00:00:00-04:00,37.349998474121094,37.54999923706055,37.11000061035156,37.13999938964844,144300,0.0,0.0,0.0
2023-10-23 00:00:00-04:00,37.4900016784668,37.70000076293945,37.15999984741211,37.38999938964844,342000,0.0,0.0,0.0
2023-10-24 00:00:00-04:00,36.9900016784668,37.459999084472656,36.9900016784668,37.310001373291016,128300,0.0,0.0,0.0
2023-10-25 00:00:00-04:00,37.099998474121094,37.22999954223633,36.77000045776367,36.79999923706055,248300,0.0,0.0,0.0
2023-10-26 00:00:00-04:00,36.91999816894531,37.2599983215332,36.88999938964844,37.040000915527344,202200,0.0,0.0,0.0
2023-10-27 00:00:00-04:00,37.41999816894531,37.529998779296875,36.88999938964844,37.040000915527344,173100,0.0,0.0,0.0
2023-10-30 00:00:00-04:00,37.63999938964844,37.650001525878906,37.209999084472656,37.27000045776367,184200,0.0,0.0,0.0
2023-10-31 00:00:00-04:00,37.41999816894531,37.54999923706055,37.0,37.38999938964844,151900,0.0,0.0,0.0
2023-11-01 00:00:00-04:00,37.459999084472656,37.849998474121094,37.369998931884766,37.84000015258789,215800,0.0,0.0,0.0
2023-11-02 00:00:00-04:00,38.68000030517578,39.09000015258789,38.41999816894531,39.06999969482422,225500,0.0,0.0,0.0
2023-11-03 00:00:00-04:00,39.95000076293945,40.7599983215332,39.95000076293945,40.529998779296875,445600,0.0,0.0,0.0
2023-11-06 00:00:00-05:00,40.470001220703125,40.52000045776367,40.099998474121094,40.22999954223633,570500,0.0,0.0,0.0
2023-11-07 00:00:00-05:00,39.349998474121094,39.470001220703125,39.02000045776367,39.36000061035156,152800,0.0,0.0,0.0
2023-11-08 00:00:00-05:00,39.189998626708984,39.56999969482422,39.18000030517578,39.310001373291016,241900,0.0,0.0,0.0
2023-11-09 00:00:00-05:00,39.09000015258789,39.2400016784668,38.54999923706055,38.58000183105469,103500,0.0,0.0,0.0
2023-11-10 00:00:00-05:00,38.470001220703125,38.709999084472656,38.310001373291016,38.689998626708984,78700,0.0,0.0,0.0
2023-11-13 00:00:00-05:00,38.470001220703125,38.77000045776367,38.31999969482422,38.56999969482422,465100,0.0,0.0,0.0
2023-11-14 00:00:00-05:00,39.95000076293945,40.91999816894531,39.95000076293945,40.779998779296875,176900,0.0,0.0,0.0
2023-11-15 00:00:00-05:00,41.439998626708984,41.59000015258789,41.22999954223633,41.400001525878906,173600,0.0,0.0,0.0
2023-11-16 00:00:00-05:00,40.06999969482422,40.68000030517578,40.06999969482422,40.25,379400,0.0,0.0,0.0
2023-11-17 00:00:00-05:00,40.29999923706055,40.41999816894531,40.209999084472656,40.34000015258789,92900,0.0,0.0,0.0
2023-11-20 00:00:00-05:00,40.13999938964844,40.72999954223633,40.13999938964844,40.63999938964844,171900,0.0,0.0,0.0
2023-11-21 00:00:00-05:00,40.2599983215332,40.369998931884766,39.81999969482422,39.93000030517578,116600,0.0,0.0,0.0
2023-11-22 00:00:00-05:00,39.7400016784668,39.7400016784668,39.400001525878906,39.529998779296875,210800,0.0,0.0,0.0
2023-11-24 00:00:00-05:00,39.86000061035156,40.290000915527344,39.7599983215332,40.2599983215332,116200,0.0,0.0,0.0
2023-11-27 00:00:00-05:00,40.40999984741211,40.63999938964844,40.279998779296875,40.58000183105469,92600,0.0,0.0,0.0
2023-11-28 00:00:00-05:00,40.560001373291016,41.130001068115234,40.45000076293945,41.060001373291016,156200,0.0,0.0,0.0
2023-11-29 00:00:00-05:00,40.81999969482422,41.0099983215332,40.40999984741211,40.5,99500,0.0,0.0,0.0
2023-11-30 00:00:00-05:00,40.36000061035156,40.470001220703125,40.13999938964844,40.439998626708984,314600,0.0,0.0,0.0
2023-12-01 00:00:00-05:00,40.27000045776367,40.849998474121094,40.150001525878906,40.79999923706055,124700,0.0,0.0,0.0
2023-12-04 00:00:00-05:00,40.36000061035156,40.54999923706055,40.02000045776367,40.25,617800,0.0,0.0,0.0
2023-12-05 00:00:00-05:00,39.630001068115234,39.810001373291016,39.38999938964844,39.70000076293945,296900,0.0,0.0,0.0
2023-12-06 00:00:00-05:00,40.08000183105469,40.189998626708984,39.66999816894531,39.709999084472656,198400,0.0,0.0,0.0
2023-12-07 00:00:00-05:00,39.70000076293945,39.939998626708984,39.5,39.86000061035156,186700,0.0,0.0,0.0
2023-12-08 00:00:00-05:00,39.279998779296875,39.5,38.959999084472656,39.220001220703125,297300,0.0,0.0,0.0
2023-12-11 00:00:00-05:00,38.88999938964844,39.349998474121094,38.86000061035156,39.34000015258789,111200,0.0,0.0,0.0
2023-12-12 00:00:00-05:00,38.91999816894531,39.06999969482422,38.709999084472656,39.029998779296875,132100,0.0,0.0,0.0
2023-12-13 00:00:00-05:00,38.70000076293945,40.119998931884766,38.33000183105469,40.04999923706055,451000,0.0,0.0,0.0
2023-12-14 00:00:00-05:00,41.619998931884766,42.209999084472656,41.619998931884766,42.04999923706055,246300,0.0,0.0,0.0
2023-12-15 00:00:00-05:00,42.060001373291016,42.220001220703125,41.720001220703125,41.83000183105469,136300,0.0,0.0,0.0
2023-12-18 00:00:00-05:00,40.790000915527344,41.04999923706055,40.380001068115234,40.58000183105469,162500,0.0,0.0,0.0
2023-12-19 00:00:00-05:00,41.060001373291016,41.630001068115234,41.04999923706055,41.52000045776367,185800,0.0,0.0,0.0
2023-12-20 00:00:00-05:00,41.16999816894531,41.38999938964844,40.38999938964844,40.54999923706055,102200,0.0,0.0,0.0
2023-12-21 00:00:00-05:00,41.2400016784668,41.40999984741211,41.0,41.310001373291016,70400,0.0,0.0,0.0
2023-12-22 00:00:00-05:00,40.72999954223633,40.959999084472656,40.54999923706055,40.75,221000,0.0,0.0,0.0
2023-12-26 00:00:00-05:00,40.93000030517578,40.9900016784668,40.619998931884766,40.970001220703125,91900,0.0,0.0,0.0
2023-12-27 00:00:00-05:00,41.599998474121094,42.08000183105469,41.599998474121094,41.970001220703125,273800,0.0,0.0,0.0
2023-12-28 00:00:00-05:00,41.4900016784668,41.5,40.86000061035156,40.939998626708984,178200,0.0,0.0,0.0
2023-12-29 00:00:00-05:00,41.650001525878906,42.0,41.650001525878906,41.790000915527344,129700,0.0,0.0,0.0
2024-01-02 00:00:00-05:00,41.029998779296875,41.189998626708984,40.75,40.83000183105469,176000,0.0,0.0,0.0
2024-01-03 00:00:00-05:00,39.75,40.0,39.529998779296875,39.77000045776367,283300,0.0,0.0,0.0
2024-01-04 00:00:00-05:00,39.56999969482422,39.77000045776367,39.459999084472656,39.540000915527344,165300,0.0,0.0,0.0
2024-01-05 00:00:00-05:00,39.5099983215332,40.099998474121094,39.400001525878906,39.66999816894531,145000,0.0,0.0,0.0
2024-01-08 00:00:00-05:00,39.31999969482422,39.939998626708984,39.31999969482422,39.86000061035156,133300,0.0,0.0,0.0
2024-01-09 00:00:00-05:00,39.63999938964844,39.650001525878906,39.279998779296875,39.349998474121094,50000,0.0,0.0,0.0
2024-01-10 00:00:00-05:00,39.099998474121094,39.119998931884766,38.959999084472656,39.040000915527344,203900,0.0,0.0,0.0
2024-01-11 00:00:00-05:00,39.45000076293945,39.470001220703125,38.900001525878906,39.31999969482422,109300,0.0,0.0,0.0
2024-01-12 00:00:00-05:00,39.68000030517578,39.9900016784668,39.5,39.59000015258789,95100,0.0,0.0,0.0
2024-01-16 00:00:00-05:00,38.70000076293945,38.70000076293945,37.91999816894531,38.0,176600,0.0,0.0,0.0
2024-01-17 00:00:00-05:00,37.36000061035156,37.36000061035156,36.9900016784668,37.31999969482422,821600,0.0,0.0,0.0
2024-01-18 00:00:00-05:00,37.75,37.900001525878906,37.65999984741211,37.869998931884766,91500,0.0,0.0,0.0
2024-01-19 00:00:00-05:00,37.849998474121094,38.16999816894531,37.599998474121094,38.11000061035156,249700,0.0,0.0,0.0
2024-01-22 00:00:00-05:00,37.2400016784668,37.529998779296875,37.13999938964844,37.369998931884766,65600,0.0,0.0,0.0
2024-01-23 00:00:00-05:00,38.04999923706055,38.400001525878906,37.97999954223633,38.36000061035156,116400,0.0,0.0,0.0
2024-01-24 00:00:00-05:00,39.33000183105469,39.38999938964844,38.77000045776367,38.88999938964844,114600,0.0,0.0,0.0
2024-01-25 00:00:00-05:00,39.130001068115234,39.130001068115234,38.65999984741211,38.959999084472656,45800,0.0,0.0,0.0
2024-01-26 00:00:00-05:00,39.650001525878906,39.779998779296875,39.45000076293945,39.630001068115234,64800,0.0,0.0,0.0
2024-01-29 00:00:00-05:00,39.38999938964844,39.38999938964844,38.97999954223633,39.33000183105469,65100,0.0,0.0,0.0
2024-01-30 00:00:00-05:00,39.220001220703125,39.310001373291016,38.970001220703125,39.29999923706055,51400,0.0,0.0,0.0
2024-01-31 00:00:00-05:00,39.560001373291016,39.81999969482422,39.040000915527344,39.220001220703125,93100,0.0,0.0,0.0
2024-02-01 00:00:00-05:00,39.459999084472656,40.029998779296875,39.43000030517578,39.939998626708984,242400,0.0,0.0,0.0
2024-02-02 00:00:00-05:00,39.29999923706055,39.29999923706055,38.86000061035156,39.0099983215332,275700,0.0,0.0,0.0
2024-02-05 00:00:00-05:00,38.65999984741211,38.65999984741211,38.2599983215332,38.54999923706055,126400,0.0,0.0,0.0
2024-02-06 00:00:00-05:00,39.060001373291016,39.619998931884766,38.9900016784668,39.59000015258789,106000,0.0,0.0,0.0
2024-02-07 00:00:00-05:00,39.13999938964844,39.220001220703125,38.900001525878906,39.11000061035156,198100,0.0,0.0,0.0
2024-02-08 00:00:00-05:00,38.70000076293945,38.70000076293945,38.36000061035156,38.45000076293945,64000,0.0,0.0,0.0
2024-02-09 00:00:00-05:00,38.380001068115234,38.38999938964844,38.06999969482422,38.349998474121094,68400,0.0,0.0,0.0
2024-02-12 00:00:00-05:00,38.2400016784668,38.779998779296875,38.2400016784668,38.599998474121094,70900,0.0,0.0,0.0
2024-02-13 00:00:00-05:00,37.9900016784668,37.9900016784668,37.209999084472656,37.5,124400,0.0,0.0,0.0
2024-02-14 00:00:00-05:00,37.75,37.91999816894531,37.650001525878906,37.88999938964844,123100,0.0,0.0,0.0
2024-02-15 00:00:00-05:00,38.029998779296875,38.25,37.970001220703125,38.16999816894531,127100,0.0,0.0,0.0
2024-02-16 00:00:00-05:00,38.349998474121094,38.849998474121094,38.34000015258789,38.65999984741211,76600,0.0,0.0,0.0
2024-02-20 00:00:00-05:00,38.25,38.31999969482422,38.09000015258789,38.27000045776367,132200,0.0,0.0,0.0
2024-02-21 00:00:00-05:00,38.349998474121094,38.47999954223633,38.060001373291016,38.27000045776367,260100,0.0,0.0,0.0
2024-02-22 00:00:00-05:00,38.34000015258789,38.41999816894531,38.04999923706055,38.34000015258789,167700,0.0,0.0,0.0
2024-02-23 00:00:00-05:00,37.83000183105469,38.18000030517578,37.720001220703125,38.09000015258789,159600,0.0,0.0,0.0
2024-02-26 00:00:00-05:00,37.619998931884766,37.810001373291016,37.560001373291016,37.72999954223633,101400,0.0,0.0,0.0
2024-02-27 00:00:00-05:00,37.779998779296875,37.88999938964844,37.68000030517578,37.720001220703125,59700,0.0,0.0,0.0
2024-02-28 00:00:00-05:00,37.15999984741211,37.20000076293945,36.709999084472656,36.900001525878906,140000,0.0,0.0,0.0
2024-02-29 00:00:00-05:00,37.349998474121094,37.40999984741211,37.0099983215332,37.150001525878906,182600,0.0,0.0,0.0
2024-03-01 00:00:00-05:00,37.619998931884766,38.130001068115234,37.36000061035156,38.04999923706055,315400,0.0,0.0,0.0
2024-03-04 00:00:00-05:00,38.0,38.040000915527344,37.79999923706055,37.97999954223633,102300,0.0,0.0,0.0
2024-03-05 00:00:00-05:00,38.06999969482422,38.09000015258789,37.599998474121094,37.7400016784668,89100,0.0,0.0,0.0
2024-03-06 00:00:00-05:00,38.689998626708984,39.18000030517578,38.689998626708984,39.02000045776367,235600,0.0,0.0,0.0
2024-03-07 00:00:00-05:00,38.7599983215332,39.15999984741211,38.630001068115234,39.13999938964844,126800,0.0,0.0,0.0
2024-03-08 00:00:00-05:00,39.02000045776367,39.099998474121094,38.81999969482422,38.939998626708984,143500,0.0,0.0,0.0
2024-03-11 00:00:00-04:00,39.02000045776367,39.369998931884766,39.02000045776367,39.16999816894531,129800,0.0,0.0,0.0
2024-03-12 00:00:00-04:00,38.959999084472656,39.08000183105469,38.720001220703125,38.9900016784668,92400,0.0,0.0,0.0
2024-03-13 00:00:00-04:00,39.22999954223633,39.939998626708984,39.22999954223633,39.650001525878906,79400,0.0,0.0,0.0
2024-03-14 00:00:00-04:00,39.16999816894531,39.16999816894531,38.63999938964844,38.7599983215332,88600,0.0,0.0,0.0
2024-03-15 00:00:00-04:00,38.86000061035156,38.88999938964844,38.209999084472656,38.31999969482422,298200,0.0,0.0,0.0
2024-03-18 00:00:00-04:00,37.95000076293945,37.95000076293945,37.459999084472656,37.540000915527344,125700,0.0,0.0,0.0
2024-03-19 00:00:00-04:00,37.470001220703125,37.66999816894531,37.349998474121094,37.58000183105469,39200,0.0,0.0,0.0
2024-03-20 00:00:00-04:00,37.81999969482422,38.869998931884766,37.79999923706055,38.79999923706055,142700,0.0,0.0,0.0
2024-03-21 00:00:00-04:00,39.0,39.09000015258789,38.599998474121094,38.720001220703125,88700,0.0,0.0,0.0
2024-03-22 00:00:00-04:00,38.2400016784668,38.400001525878906,38.02000045776367,38.22999954223633,870500,0.0,0.0,0.0
2024-03-25 00:00:00-04:00,38.209999084472656,38.70000076293945,38.209999084472656,38.33000183105469,106000,0.0,0.0,0.0
2024-03-26 00:00:00-04:00,38.81999969482422,38.83000183105469,38.33000183105469,38.41999816894531,164300,0.0,0.0,0.0
2024-03-27 00:00:00-04:00,38.869998931884766,39.06999969482422,38.72999954223633,39.0,133100,0.0,0.0,0.0
2024-03-28 00:00:00-04:00,39.0,39.209999084472656,39.0,39.16999816894531,91900,0.0,0.0,0.0
2024-04-01 00:00:00-04:00,39.43000030517578,39.63999938964844,38.880001068115234,39.029998779296875,219600,0.0,0.0,0.0
2024-04-02 00:00:00-04:00,39.45000076293945,39.709999084472656,39.36000061035156,39.439998626708984,72400,0.0,0.0,0.0
2024-04-03 00:00:00-04:00,39.290000915527344,39.75,39.2599983215332,39.619998931884766,89600,0.0,0.0,0.0
2024-04-04 00:00:00-04:00,40.34000015258789,40.4900016784668,39.58000183105469,39.68000030517578,79300,0.0,0.0,0.0
2024-04-05 00:00:00-04:00,39.970001220703125,40.41999816894531,39.7599983215332,40.2599983215332,110300,0.0,0.0,0.0
2024-04-08 00:00:00-04:00,40.650001525878906,40.72999954223633,40.38999938964844,40.400001525878906,98900,0.0,0.0,0.0
2024-04-09 00:00:00-04:00,41.2599983215332,41.380001068115234,40.88999938964844,41.16999816894531,93200,0.0,0.0,0.0
2024-04-10 00:00:00-04:00,40.25,40.560001373291016,39.9900016784668,40.13999938964844,429600,0.0,0.0,0.0
2024-04-11 00:00:00-04:00,40.38999938964844,40.79999923706055,39.95000076293945,40.70000076293945,492000,0.0,0.0,0.0
2024-04-12 00:00:00-04:00,40.279998779296875,40.290000915527344,39.439998626708984,39.599998474121094,303500,0.0,0.0,0.0
2024-04-15 00:00:00-04:00,39.75,39.75,38.91999816894531,38.970001220703125,169500,0.0,0.0,0.0
2024-04-16 00:00:00-04:00,38.61000061035156,38.68000030517578,38.27000045776367,38.33000183105469,317900,0.0,0.0,0.0
2024-04-17 00:00:00-04:00,38.650001525878906,38.75,38.15999984741211,38.310001373291016,212900,0.0,0.0,0.0
2024-04-18 00:00:00-04:00,38.599998474121094,38.630001068115234,38.20000076293945,38.2599983215332,189700,0.0,0.0,0.0
2024-04-19 00:00:00-04:00,38.13999938964844,38.5,38.13999938964844,38.400001525878906,100100,0.0,0.0,0.0
2024-04-22 00:00:00-04:00,38.27000045776367,38.52000045776367,38.20000076293945,38.31999969482422,111100,0.0,0.0,0.0
2024-04-23 00:00:00-04:00,38.380001068115234,38.86000061035156,38.34000015258789,38.84000015258789,115700,0.0,0.0,0.0
2024-04-24 00:00:00-04:00,38.779998779296875,38.95000076293945,38.56999969482422,38.77000045776367,108500,0.0,0.0,0.0
2024-04-25 00:00:00-04:00,38.5,39.119998931884766,38.31999969482422,39.02000045776367,90900,0.0,0.0,0.0
2024-04-26 00:00:00-04:00,39.81999969482422,40.18000030517578,39.79999923706055,40.040000915527344,587800,0.0,0.0,0.0
2024-04-29 00:00:00-04:00,40.689998626708984,41.220001220703125,40.59000015258789,41.09000015258789,191500,0.0,0.0,0.0
2024-04-30 00:00:00-04:00,40.61000061035156,40.7599983215332,40.09000015258789,40.119998931884766,200600,0.0,0.0,0.0
2024-05-01 00:00:00-04:00,40.63999938964844,41.209999084472656,40.369998931884766,40.5099983215332,84900,0.0,0.0,0.0
2024-05-02 00:00:00-04:00,40.88999938964844,41.4900016784668,40.619998931884766,41.16999816894531,198200,0.0,0.0,0.0
2024-05-03 00:00:00-04:00,41.630001068115234,41.630001068115234,41.31999969482422,41.56999969482422,75500,0.0,0.0,0.0
2024-05-06 00:00:00-04:00,42.0,42.0,41.650001525878906,41.75,85100,0.0,0.0,0.0
2024-05-07 00:00:00-04:00,41.65999984741211,41.709999084472656,41.310001373291016,41.470001220703125,665600,0.0,0.0,0.0
2024-05-08 00:00:00-04:00,41.119998931884766,41.52000045776367,41.119998931884766,41.439998626708984,47400,0.0,0.0,0.0
2024-05-09 00:00:00-04:00,41.869998931884766,42.09000015258789,41.70000076293945,42.040000915527344,71800,0.0,0.0,0.0
2024-05-10 00:00:00-04:00,42.7599983215332,42.849998474121094,42.369998931884766,42.529998779296875,96000,0.0,0.0,0.0
2024-05-13 00:00:00-04:00,43.0,43.15999984741211,42.7599983215332,42.95000076293945,95000,0.0,0.0,0.0
2024-05-14 00:00:00-04:00,42.79999923706055,43.08000183105469,42.709999084472656,43.0099983215332,159000,0.0,0.0,0.0
2024-05-15 00:00:00-04:00,43.4900016784668,43.86000061035156,43.279998779296875,43.790000915527344,104900,0.0,0.0,0.0
2024-05-16 00:00:00-04:00,43.880001068115234,43.88999938964844,43.65999984741211,43.70000076293945,91900,0.0,0.0,0.0
2024-05-17 00:00:00-04:00,43.650001525878906,43.97999954223633,43.47999954223633,43.88999938964844,107900,0.0,0.0,0.0
2024-05-20 00:00:00-04:00,43.91999816894531,44.220001220703125,43.7599983215332,44.13999938964844,60000,0.0,0.0,0.0
2024-05-21 00:00:00-04:00,44.189998626708984,44.5,44.16999816894531,44.38999938964844,269700,0.0,0.0,0.0
2024-05-22 00:00:00-04:00,44.150001525878906,44.16999816894531,43.31999969482422,43.41999816894531,152700,0.0,0.0,0.0
2024-05-23 00:00:00-04:00,43.540000915527344,43.540000915527344,42.41999816894531,42.5,176300,0.0,0.0,0.0
2024-05-24 00:00:00-04:00,42.79999923706055,43.13999938964844,42.720001220703125,42.880001068115234,145400,0.0,0.0,0.0
2024-05-28 00:00:00-04:00,42.869998931884766,43.0,42.689998626708984,42.79999923706055,107700,0.0,0.0,0.0
2024-05-29 00:00:00-04:00,42.63999938964844,42.65999984741211,42.20000076293945,42.369998931884766,210200,0.0,0.0,0.0
2024-05-30 00:00:00-04:00,41.130001068115234,41.31999969482422,40.560001373291016,40.68000030517578,441200,0.0,0.0,0.0
2024-05-31 00:00:00-04:00,40.7599983215332,40.869998931884766,40.130001068115234,40.59000015258789,295800,0.0,0.0,0.0
2024-06-03 00:00:00-04:00,41.27000045776367,41.720001220703125,41.209999084472656,41.70000076293945,440400,0.0,0.0,0.0
2024-06-04 00:00:00-04:00,41.11000061035156,41.11000061035156,40.5,40.70000076293945,378300,0.0,0.0,0.0
2024-06-05 00:00:00-04:00,40.2400016784668,40.27000045776367,39.779998779296875,40.2400016784668,550700,0.0,0.0,0.0
2024-06-06 00:00:00-04:00,40.029998779296875,40.47999954223633,40.0,40.36000061035156,262900,0.0,0.0,0.0
2024-06-07 00:00:00-04:00,40.18000030517578,40.20000076293945,39.77000045776367,39.869998931884766,150200,0.0,0.0,0.0
2024-06-10 00:00:00-04:00,40.0099983215332,40.29999923706055,39.900001525878906,40.209999084472656,150200,0.0,0.0,0.0
2024-06-11 00:00:00-04:00,39.81999969482422,39.95000076293945,39.54999923706055,39.90999984741211,414700,0.0,0.0,0.0
2024-06-12 00:00:00-04:00,40.86000061035156,41.18000030517578,40.689998626708984,40.84000015258789,339100,0.0,0.0,0.0
2024-06-13 00:00:00-04:00,40.790000915527344,40.849998474121094,40.09000015258789,40.380001068115234,128300,0.0,0.0,0.0
2024-06-14 00:00:00-04:00,41.20000076293945,41.36000061035156,40.81999969482422,41.310001373291016,269700,0.0,0.0,0.0
2024-06-17 00:00:00-04:00,41.630001068115234,41.84000015258789,41.38999938964844,41.7599983215332,153400,0.0,0.0,0.0
2024-06-18 00:00:00-04:00,43.41999816894531,44.15999984741211,43.29999923706055,44.130001068115234,557800,0.0,0.0,0.0
2024-06-20 00:00:00-04:00,44.13999938964844,44.369998931884766,43.880001068115234,44.16999816894531,339500,0.0,0.0,0.0
2024-06-21 00:00:00-04:00,44.689998626708984,44.689998626708984,44.15999984741211,44.2599983215332,159200,0.0,0.0,0.0
2024-06-24 00:00:00-04:00,43.84000015258789,44.33000183105469,43.7599983215332,43.97999954223633,215400,0.0,0.0,0.0
2024-06-25 00:00:00-04:00,43.40999984741211,43.5099983215332,43.0099983215332,43.220001220703125,268300,0.0,0.0,0.0
2024-06-26 00:00:00-04:00,43.189998626708984,43.400001525878906,42.93000030517578,43.36000061035156,295700,0.0,0.0,0.0
2024-06-27 00:00:00-04:00,42.43000030517578,42.619998931884766,41.959999084472656,42.20000076293945,368700,0.0,0.0,0.0
2024-06-28 00:00:00-04:00,43.56999969482422,43.619998931884766,43.18000030517578,43.31999969482422,148600,0.0,0.0,0.0
2024-07-01 00:00:00-04:00,43.939998626708984,44.130001068115234,42.9900016784668,43.18000030517578,345300,0.0,0.0,0.0
2024-07-02 00:00:00-04:00,42.41999816894531,42.529998779296875,42.13999938964844,42.47999954223633,371500,0.0,0.0,0.0
2024-07-03 00:00:00-04:00,43.22999954223633,43.88999938964844,43.22999954223633,43.459999084472656,114700,0.0,0.0,0.0
2024-07-05 00:00:00-04:00,44.34000015258789,44.400001525878906,43.75,44.31999969482422,354900,0.0,0.0,0.0
2024-07-08 00:00:00-04:00,44.369998931884766,44.470001220703125,44.209999084472656,44.31999969482422,176200,0.0,0.0,0.0
2024-07-09 00:00:00-04:00,44.04999923706055,44.349998474121094,44.0,44.11000061035156,66700,0.0,0.0,0.0
2024-07-10 00:00:00-04:00,44.45000076293945,44.4900016784668,44.18000030517578,44.369998931884766,162100,0.0,0.0,0.0
2024-07-11 00:00:00-04:00,45.0099983215332,45.0099983215332,44.619998931884766,44.7400016784668,145700,0.0,0.0,0.0
2024-07-12 00:00:00-04:00,44.939998626708984,45.36000061035156,44.939998626708984,45.099998474121094,117700,0.0,0.0,0.0
2024-07-15 00:00:00-04:00,44.369998931884766,44.630001068115234,44.060001373291016,44.349998474121094,300400,0.0,0.0,0.0
2024-07-16 00:00:00-04:00,44.529998779296875,45.130001068115234,44.529998779296875,45.06999969482422,155500,0.0,0.0,0.0
2024-07-17 00:00:00-04:00,44.18000030517578,44.25,43.630001068115234,43.939998626708984,492100,0.0,0.0,0.0
2024-07-18 00:00:00-04:00,44.16999816894531,44.16999816894531,43.29999923706055,43.349998474121094,154700,0.0,0.0,0.0
2024-07-19 00:00:00-04:00,43.2400016784668,43.5099983215332,43.16999816894531,43.27000045776367,143700,0.0,0.0,0.0
2024-07-22 00:00:00-04:00,43.849998474121094,43.970001220703125,43.5099983215332,43.869998931884766,261000,0.0,0.0,0.0
2024-07-23 00:00:00-04:00,43.5099983215332,43.7400016784668,43.27000045776367,43.560001373291016,162800,0.0,0.0,0.0
2024-07-24 00:00:00-04:00,43.779998779296875,43.869998931884766,43.25,43.27000045776367,133300,0.0,0.0,0.0
2024-07-25 00:00:00-04:00,43.13999938964844,43.95000076293945,43.04999923706055,43.5,223000,0.0,0.0,0.0
2024-07-26 00:00:00-04:00,43.9900016784668,44.150001525878906,43.810001373291016,43.869998931884766,167700,0.0,0.0,0.0
2024-07-29 00:00:00-04:00,43.65999984741211,43.65999984741211,43.2400016784668,43.4900016784668,96400,0.0,0.0,0.0
2024-07-30 00:00:00-04:00,43.95000076293945,44.220001220703125,43.86000061035156,44.13999938964844,123600,0.0,0.0,0.0
2024-07-31 00:00:00-04:00,45.38999938964844,45.689998626708984,45.2400016784668,45.5099983215332,119500,0.0,0.0,0.0
2024-08-01 00:00:00-04:00,45.290000915527344,45.310001373291016,44.27000045776367,44.5,237900,0.0,0.0,0.0
2024-08-02 00:00:00-04:00,44.45000076293945,44.45000076293945,43.689998626708984,43.88999938964844,218700,0.0,0.0,0.0
2024-08-05 00:00:00-04:00,41.95000076293945,43.060001373291016,41.709999084472656,42.720001220703125,149400,0.0,0.0,0.0
2024-08-06 00:00:00-04:00,42.22999954223633,43.08000183105469,42.099998474121094,42.59000015258789,121800,0.0,0.0,0.0
2024-08-07 00:00:00-04:00,43.70000076293945,43.779998779296875,42.619998931884766,42.63999938964844,320800,0.0,0.0,0.0
2024-08-08 00:00:00-04:00,43.540000915527344,43.9900016784668,43.47999954223633,43.849998474121094,127300,0.0,0.0,0.0
2024-08-09 00:00:00-04:00,44.06999969482422,44.20000076293945,43.7599983215332,44.150001525878906,69000,0.0,0.0,0.0
2024-08-12 00:00:00-04:00,44.13999938964844,44.2400016784668,43.86000061035156,43.90999984741211,123500,0.0,0.0,0.0
2024-08-13 00:00:00-04:00,44.349998474121094,44.900001525878906,44.310001373291016,44.81999969482422,83100,0.0,0.0,0.0
2024-08-14 00:00:00-04:00,45.33000183105469,45.43000030517578,45.02000045776367,45.27000045776367,136200,0.0,0.0,0.0
2024-08-15 00:00:00-04:00,45.9900016784668,46.130001068115234,45.86000061035156,46.0,197300,0.0,0.0,0.0
2024-08-16 00:00:00-04:00,46.45000076293945,46.970001220703125,46.45000076293945,46.900001525878906,179300,0.0,0.0,0.0
2024-08-19 00:00:00-04:00,47.22999954223633,47.97999954223633,47.13999938964844,47.93000030517578,107100,0.0,0.0,0.0
2024-08-20 00:00:00-04:00,47.41999816894531,47.41999816894531,47.0099983215332,47.279998779296875,64700,0.0,0.0,0.0
2024-08-21 00:00:00-04:00,47.22999954223633,47.689998626708984,46.97999954223633,47.540000915527344,52600,0.0,0.0,0.0
2024-08-22 00:00:00-04:00,47.0,47.060001373291016,46.27000045776367,46.380001068115234,193900,0.0,0.0,0.0
2024-08-23 00:00:00-04:00,46.97999954223633,47.849998474121094,46.779998779296875,47.790000915527344,106700,0.0,0.0,0.0
2024-08-26 00:00:00-04:00,47.650001525878906,47.849998474121094,47.4900016784668,47.54999923706055,81900,0.0,0.0,0.0
2024-08-27 00:00:00-04:00,47.47999954223633,47.880001068115234,47.459999084472656,47.849998474121094,74800,0.0,0.0,0.0
2024-08-28 00:00:00-04:00,47.27000045776367,47.43000030517578,46.91999816894531,47.08000183105469,135900,0.0,0.0,0.0
2024-08-29 00:00:00-04:00,47.4900016784668,47.709999084472656,47.310001373291016,47.310001373291016,89800,0.0,0.0,0.0
2024-08-30 00:00:00-04:00,47.25,47.31999969482422,46.65999984741211,46.959999084472656,122700,0.0,0.0,0.0
2024-09-03 00:00:00-04:00,46.09000015258789,46.22999954223633,45.380001068115234,45.4900016784668,830000,0.0,0.0,0.0
2024-09-04 00:00:00-04:00,45.459999084472656,46.04999923706055,45.459999084472656,45.63999938964844,172400,0.0,0.0,0.0
2024-09-05 00:00:00-04:00,46.27000045776367,46.45000076293945,46.119998931884766,46.25,252600,0.0,0.0,0.0
2024-09-06 00:00:00-04:00,46.220001220703125,46.29999923706055,45.310001373291016,45.380001068115234,199200,0.0,0.0,0.0
2024-09-09 00:00:00-04:00,45.70000076293945,45.86000061035156,45.2599983215332,45.619998931884766,90100,0.0,0.0,0.0
2024-09-10 00:00:00-04:00,45.540000915527344,45.560001373291016,45.18000030517578,45.4900016784668,104900,0.0,0.0,0.0
2024-09-11 00:00:00-04:00,45.08000183105469,45.79999923706055,44.70000076293945,45.779998779296875,115600,0.0,0.0,0.0
2024-09-12 00:00:00-04:00,45.459999084472656,46.31999969482422,45.459999084472656,46.25,191000,0.0,0.0,0.0
2024-09-13 00:00:00-04:00,46.459999084472656,46.52000045776367,46.20000076293945,46.369998931884766,261700,0.0,0.0,0.0
2024-09-16 00:00:00-04:00,46.72999954223633,46.849998474121094,46.400001525878906,46.77000045776367,83400,0.0,0.0,0.0
2024-09-17 00:00:00-04:00,47.209999084472656,47.59000015258789,47.02000045776367,47.20000076293945,399400,0.0,0.0,0.0
2024-09-18 00:00:00-04:00,47.09000015258789,48.18000030517578,47.060001373291016,47.220001220703125,175600,0.0,0.0,0.0
2024-09-19 00:00:00-04:00,48.349998474121094,48.47999954223633,48.0099983215332,48.13999938964844,113600,0.0,0.0,0.0
2024-09-20 00:00:00-04:00,48.380001068115234,48.52000045776367,48.02000045776367,48.45000076293945,98700,0.0,0.0,0.0
2024-09-23 00:00:00-04:00,49.5099983215332,49.77000045776367,49.34000015258789,49.40999984741211,183400,0.0,0.0,0.0
2024-09-24 00:00:00-04:00,50.310001373291016,50.7400016784668,49.95000076293945,50.68000030517578,161100,0.0,0.0,0.0
2024-09-25 00:00:00-04:00,50.849998474121094,50.880001068115234,50.15999984741211,50.209999084472656,224600,0.0,0.0,0.0
2024-09-26 00:00:00-04:00,51.099998474121094,51.58000183105469,50.83000183105469,51.470001220703125,233400,0.0,0.0,0.0
2024-09-27 00:00:00-04:00,51.59000015258789,51.68000030517578,51.349998474121094,51.54999923706055,254200,0.0,0.0,0.0
2024-09-30 00:00:00-04:00,50.709999084472656,50.709999084472656,50.08000183105469,50.400001525878906,346200,0.0,0.0,0.0
2024-10-01 00:00:00-04:00,50.75,50.75,49.7599983215332,50.15999984741211,375600,0.0,0.0,0.0
2024-10-02 00:00:00-04:00,50.540000915527344,50.58000183105469,50.099998474121094,50.38999938964844,130500,0.0,0.0,0.0
2024-10-03 00:00:00-04:00,49.54999923706055,49.810001373291016,49.2400016784668,49.7599983215332,194900,0.0,0.0,0.0
2024-10-04 00:00:00-04:00,49.560001373291016,49.880001068115234,49.470001220703125,49.79999923706055,103400,0.0,0.0,0.0
