Date,Open,High,Low,Close,Volume,Dividends,Stock Splits
1999-05-13 00:00:00-04:00,2.7224139675651626,2.8232441145120206,2.2686783063043023,2.4451310634613037,794700,0.0,0.0
1999-05-14 00:00:00-04:00,2.470337853359817,2.5207529115916496,2.369507736896151,2.5081491470336914,181500,0.0,0.0
1999-05-17 00:00:00-04:00,2.47033861776193,2.5585649969677133,2.3190933962663016,2.4199235439300537,47100,0.0,0.0
1999-05-18 00:00:00-04:00,2.419922859438004,2.470337919009629,2.2560739158302225,2.3443002700805664,72100,0.0,0.0
1999-05-19 00:00:00-04:00,2.293885692306187,2.394715832627338,2.293885692306187,2.3190932273864746,23100,0.0,0.0
1999-05-20 00:00:00-04:00,2.2938857237497965,2.369508330027262,2.2434706528981527,2.2686781883239746,44200,0.0,0.0
1999-05-21 00:00:00-04:00,2.2686781883239746,2.369508330027262,2.2434706528981527,2.2686781883239746,29200,0.0,0.0
1999-05-24 00:00:00-04:00,2.319093484144944,2.319093484144944,1.9661879539489746,1.9661879539489746,56500,0.0,0.0
1999-05-25 00:00:00-04:00,2.0166025161743164,2.0670175790786742,1.8653573274612427,2.0166025161743164,89300,0.0,0.0
1999-05-26 00:00:00-04:00,2.0670184576058688,2.1678486262695698,1.9913958311080933,1.9913958311080933,44300,0.0,0.0
1999-05-27 00:00:00-04:00,2.041810461453029,2.041810461453029,1.9409803152084353,1.940980315208435,43200,0.0,0.0
1999-05-28 00:00:00-04:00,1.9913949293248794,2.1678476445815145,1.9409798678229837,2.1426401138305664,28800,0.0,0.0
1999-06-01 00:00:00-04:00,2.1552438792060404,2.21826270608341,2.0922250523286707,2.1426401138305664,41600,0.0,0.0
1999-06-02 00:00:00-04:00,2.092225572268168,2.142640646298726,1.8401502021153768,1.890565276145935,104700,0.0,0.0
1999-06-03 00:00:00-04:00,2.016603029691256,2.016603029691256,1.9661879539489746,1.9661879539489746,31900,0.0,0.0
1999-06-04 00:00:00-04:00,1.9661874532699586,2.0670175790786742,1.8653573274612427,2.0166025161743164,22800,0.0,0.0
1999-06-07 00:00:00-04:00,1.9157724380493164,1.9409799701289128,1.8149423097309314,1.9157724380493164,16400,0.0,0.0
1999-06-08 00:00:00-04:00,1.9157728685273065,1.9157728685273065,1.7645276420646243,1.814942717552185,43300,0.0,0.0
1999-06-09 00:00:00-04:00,1.8149426821115853,1.9157728311177846,1.8149426821115853,1.865357756614685,11600,0.0,0.0
1999-06-10 00:00:00-04:00,1.7645276076084857,1.865357756614685,1.7645276076084857,1.865357756614685,15000,0.0,0.0
1999-06-11 00:00:00-04:00,1.8149427267221303,2.117433181175819,1.8149427267221303,1.9661879539489746,45800,0.0,0.0
1999-06-14 00:00:00-04:00,1.9913954428724339,1.9913954428724339,1.865357756614685,1.865357756614685,43700,0.0,0.0
1999-06-15 00:00:00-04:00,1.8653577237889385,1.8653577237889385,1.6636974293252695,1.7393200397491455,37800,0.0,0.0
1999-06-16 00:00:00-04:00,1.751923596681054,1.8149424310940416,1.6889047622680664,1.6889047622680664,26900,0.0,0.0
1999-06-17 00:00:00-04:00,1.688904395874809,1.7141119241714478,1.688904395874809,1.7141119241714478,11500,0.0,0.0
1999-06-18 00:00:00-04:00,1.7141123703547885,1.8149425097874232,1.7141123703547885,1.764527440071106,15400,0.0,0.0
1999-06-21 00:00:00-04:00,1.8149420373580036,1.8149420373580036,1.7141119241714478,1.7141119241714478,29600,0.0,0.0
1999-06-22 00:00:00-04:00,1.714111826970027,1.714111826970027,1.5880741926339956,1.6384892463684082,56400,0.0,0.0
1999-06-23 00:00:00-04:00,1.613281976609003,1.613281976609003,1.5880744457244873,1.5880744457244873,15600,0.0,0.0
1999-06-24 00:00:00-04:00,1.613282480547505,1.613282480547505,1.4620372479961765,1.5628674030303955,27200,0.0,0.0
1999-06-25 00:00:00-04:00,1.5376595596768965,1.6889047622680664,1.5376595596768965,1.6889047622680664,28300,0.0,0.0
1999-06-28 00:00:00-04:00,1.6132822036743164,1.6636972725391388,1.5880746692419052,1.6132822036743164,25000,0.0,0.0
1999-06-29 00:00:00-04:00,1.638489892517311,1.7393200397491455,1.6132823557093523,1.7393200397491455,29400,0.0,0.0
1999-06-30 00:00:00-04:00,1.6636972427368164,1.739319844679399,1.6636972427368164,1.6636972427368164,4200,0.0,0.0
1999-07-01 00:00:00-04:00,1.7267156883197674,1.7393194524680868,1.66369686757817,1.7141119241714478,7800,0.0,0.0
1999-07-02 00:00:00-04:00,1.7204141794745602,1.726716062915859,1.6889047622680664,1.6889047622680664,16300,0.0,0.0
1999-07-06 00:00:00-04:00,1.6889050288332834,1.8905653307835262,1.6889050288332834,1.814942717552185,68600,0.0,0.0
1999-07-07 00:00:00-04:00,1.789734407571646,1.8401494613060585,1.6384892463684082,1.6384892463684082,33900,0.0,0.0
1999-07-08 00:00:00-04:00,1.688904395874809,1.7141119241714478,1.66369686757817,1.7141119241714478,12400,0.0,0.0
1999-07-09 00:00:00-04:00,1.6384897087559556,1.714112310698538,1.6384897087559556,1.6636972427368164,11300,0.0,0.0
1999-07-12 00:00:00-04:00,1.7393198758363724,1.7393198758363724,1.562867134809494,1.6132822036743164,15300,0.0,0.0
1999-07-13 00:00:00-04:00,1.6006779948870342,1.6132817586263022,1.5124516487121582,1.5124516487121582,14400,0.0,0.0
1999-07-14 00:00:00-04:00,1.512451656794144,1.5628667120206154,1.4620366015676725,1.4872441291809082,21600,0.0,0.0
1999-07-15 00:00:00-04:00,1.4746403653742903,1.4872441291809082,1.4368290739544367,1.4872441291809082,9500,0.0,0.0
1999-07-16 00:00:00-04:00,1.4872443221864247,1.5880744457244873,1.462036791301909,1.5880744457244873,6700,0.0,0.0
1999-07-19 00:00:00-04:00,1.5880742396338512,1.5880742396338512,1.4620366015676725,1.4872441291809082,10100,0.0,0.0
1999-07-20 00:00:00-04:00,1.4620371032179447,1.4620371032179447,1.4368295669555664,1.4368295669555664,2100,0.0,0.0
1999-07-21 00:00:00-04:00,1.499847892987526,1.512451656794144,1.4368290739544367,1.4872441291809082,26400,0.0,0.0
1999-07-22 00:00:00-04:00,1.4368290739544367,1.4872441291809082,1.411621546341201,1.4872441291809082,13800,0.0,0.0
1999-07-23 00:00:00-04:00,1.5628674030303955,1.5880749417889501,1.512452325513286,1.5628674030303955,23700,0.0,0.0
1999-07-26 00:00:00-04:00,1.5754711724096728,1.613282480547505,1.512452325513286,1.5628674030303955,6300,0.0,0.0
1999-07-27 00:00:00-04:00,1.6006779948870342,1.6006779948870342,1.5124516487121582,1.5124516487121582,16900,0.0,0.0
1999-07-28 00:00:00-04:00,1.4620371032179447,1.4620371032179447,1.411622030693188,1.4368295669555664,8400,0.0,0.0
1999-07-29 00:00:00-04:00,1.4620371965261605,1.512452272268442,1.3107919692993164,1.3107919692993164,5900,0.0,0.0
1999-07-30 00:00:00-04:00,1.335999566681531,1.4116221836635046,1.2351694107055664,1.2351694107055664,30800,0.0,0.0
1999-08-02 00:00:00-04:00,1.3612070450415978,1.3612070450415978,1.3107919692993164,1.3107919692993164,19600,0.0,0.0
1999-08-03 00:00:00-04:00,1.3107919196287792,1.3107919196287792,1.2099617719650269,1.2099617719650269,7600,0.0,0.0
1999-08-04 00:00:00-04:00,1.2351693556858943,1.3359995071704571,1.2351693556858943,1.3107919692993164,14100,0.0,0.0
1999-08-05 00:00:00-04:00,1.310791717385346,1.411621849491911,1.2351691183054223,1.3359992504119873,18400,0.0,0.0
1999-08-06 00:00:00-04:00,1.3107914358882582,1.4872441291809082,1.2603763806617867,1.4872441291809082,13500,0.0,0.0
1999-08-09 00:00:00-04:00,1.5376591844073797,1.5376591844073797,1.4368290739544367,1.4872441291809082,17600,0.0,0.0
1999-08-10 00:00:00-04:00,1.4872447040593513,1.4872447040593513,1.3486032485961914,1.3486032485961914,5000,0.0,0.0
1999-08-11 00:00:00-04:00,1.3612066507339478,1.3612066507339478,1.3486028854493741,1.3612066507339478,3300,0.0,0.0
1999-08-12 00:00:00-04:00,1.3486028854493741,1.3612066507339478,1.3486028854493741,1.3612066507339478,4500,0.0,0.0
1999-08-13 00:00:00-04:00,1.3107915895956532,1.3612066507339478,1.3107915895956532,1.3612066507339478,11800,0.0,0.0
1999-08-16 00:00:00-04:00,1.3486032761060274,1.3486032761060274,1.2099618178147535,1.3107919692993164,76500,0.0,0.0
1999-08-17 00:00:00-04:00,1.2603767946654676,1.2855843305587769,1.2603767946654676,1.2855843305587769,9500,0.0,0.0
1999-08-18 00:00:00-04:00,1.209961515484434,1.2603765786296188,1.209961515484434,1.2477728128433228,16000,0.0,0.0
1999-08-19 00:00:00-04:00,1.2099617719650269,1.2099617719650269,1.2099617719650269,1.2099617719650269,1000,0.0,0.0
1999-08-20 00:00:00-04:00,1.2603765726089478,1.3107916355133058,1.2603765726089478,1.2603765726089478,16800,0.0,0.0
1999-08-23 00:00:00-04:00,1.2603765726089478,1.2603765726089478,1.2603765726089478,1.2603765726089478,5700,0.0,0.0
1999-08-24 00:00:00-04:00,1.2603765726089478,1.2603765726089478,1.2603765726089478,1.2603765726089478,5600,0.0,0.0
1999-08-25 00:00:00-04:00,1.2603768457969031,1.2603768457969031,1.2099617719650269,1.2099617719650269,35800,0.0,0.0
1999-08-26 00:00:00-04:00,1.2855844886935488,1.2855844886935488,1.2099618717115752,1.2351694107055664,24900,0.0,0.0
1999-08-27 00:00:00-04:00,1.2099617719650269,1.2099617719650269,1.2099617719650269,1.2099617719650269,300,0.0,0.0
1999-08-30 00:00:00-04:00,1.2225656412085708,1.2603769496995576,1.2225656412085708,1.2351694107055664,7100,0.0,0.0
1999-08-31 00:00:00-04:00,1.272980417845384,1.3359992504119873,1.272980417845384,1.3359992504119873,7600,0.0,0.0
1999-09-01 00:00:00-04:00,1.3612062766634183,1.462036371231079,1.2981874675586305,1.462036371231079,13000,0.0,0.0
1999-09-02 00:00:00-04:00,1.436829629345475,1.436829629345475,1.3486032485961914,1.3486032485961914,13800,0.0,0.0
1999-09-03 00:00:00-04:00,1.3864145546315987,1.3864145546315987,1.3486032485961914,1.3486032485961914,6700,0.0,0.0
1999-09-07 00:00:00-04:00,1.3233954838986666,1.3359992504119873,1.272980417845384,1.3359992504119873,24600,0.0,0.0
1999-09-08 00:00:00-04:00,1.3359995071704571,1.3359995071704571,1.3107919692993164,1.3107919692993164,3000,0.0,0.0
1999-09-09 00:00:00-04:00,1.2603765726089478,1.2603765726089478,1.2351690411567688,1.2603765726089478,8700,0.0,0.0
1999-09-10 00:00:00-04:00,1.2981878243110798,1.3612066507339478,1.2981878243110798,1.3612066507339478,15400,0.0,0.0
1999-09-13 00:00:00-04:00,1.3612070450415978,1.3612070450415978,1.3107919692993164,1.3107919692993164,16900,0.0,0.0
1999-09-14 00:00:00-04:00,1.3359992120947155,1.4116218090057373,1.285584147487368,1.4116218090057373,43300,0.0,0.0
1999-09-15 00:00:00-04:00,1.4116218090057373,1.436829341309411,1.4116218090057373,1.4116218090057373,21800,0.0,0.0
1999-09-16 00:00:00-04:00,1.4179240551687056,1.5628674030303955,1.4179240551687056,1.5628674030303955,23200,0.0,0.0
1999-09-17 00:00:00-04:00,1.562867106813373,1.714112310698538,1.562867106813373,1.6636972427368164,39100,0.0,0.0
1999-09-20 00:00:00-04:00,1.6384897381067276,1.6636972725391388,1.562867134809494,1.6132822036743164,21200,0.0,0.0
1999-09-21 00:00:00-04:00,1.657395673374976,1.657395673374976,1.5628674030303955,1.5628674030303955,16800,0.0,0.0
1999-09-22 00:00:00-04:00,1.5628665657043457,1.6384891414642335,1.5628665657043457,1.5754703283309937,38600,0.0,0.0
1999-09-23 00:00:00-04:00,1.5880746692419052,1.6132822036743164,1.562867134809494,1.6132822036743164,12500,0.0,0.0
1999-09-24 00:00:00-04:00,1.6132822036743164,1.6132822036743164,1.6132822036743164,1.6132822036743164,3000,0.0,0.0
1999-09-27 00:00:00-04:00,1.625885880218362,1.625885880218362,1.3359992504119873,1.3359992504119873,14000,0.0,0.0
1999-09-28 00:00:00-04:00,1.3864141813030948,1.5124518341488309,1.3359991201648005,1.3612066507339478,10000,0.0,0.0
1999-09-29 00:00:00-04:00,1.3612071080641313,1.386414647102356,1.3612071080641313,1.386414647102356,1300,0.0,0.0
1999-09-30 00:00:00-04:00,1.3359995071704571,1.3612070450415978,1.3107919692993164,1.3107919692993164,6400,0.0,0.0
1999-10-01 00:00:00-04:00,1.2351692768565394,1.4368295669555664,1.2351692768565394,1.4368295669555664,25400,0.0,0.0
1999-10-04 00:00:00-04:00,1.3864145829127386,1.4242258897194495,1.3107919692993164,1.3107919692993164,12000,0.0,0.0
1999-10-05 00:00:00-04:00,1.3612071080641313,1.4368297251788054,1.3612071080641313,1.386414647102356,8400,0.0,0.0
1999-10-06 00:00:00-04:00,1.3107919692993164,1.3107919692993164,1.3107919692993164,1.3107919692993164,100,0.0,0.0
1999-10-07 00:00:00-04:00,1.3107919692993164,1.3107919692993164,1.2855844314281757,1.3107919692993164,3400,0.0,0.0
1999-10-08 00:00:00-04:00,1.247773472298967,1.2603772447464312,1.1847546100616455,1.1847546100616455,12300,0.0,0.0
1999-10-11 00:00:00-04:00,1.209961515484434,1.2477728128433228,1.209961515484434,1.2477728128433228,12700,0.0,0.0
1999-10-12 00:00:00-04:00,1.2099618717115752,1.3612071056755222,1.184754332717584,1.2351694107055664,65300,0.0,0.0
1999-10-13 00:00:00-04:00,1.3107919196287792,1.3107919196287792,1.2099617719650269,1.2099617719650269,6800,0.0,0.0
1999-10-14 00:00:00-04:00,1.2225656412085708,1.2855844886935488,1.2225656412085708,1.2351694107055664,17000,0.0,0.0
1999-10-15 00:00:00-04:00,1.1595466981331508,1.2099617719650269,1.0902259716143212,1.2099617719650269,8600,0.0,0.0
1999-10-18 00:00:00-04:00,1.1595466136932373,1.1595466136932373,1.1343390786129497,1.1595466136932373,1400,0.0,0.0
1999-10-19 00:00:00-04:00,1.2099615914481028,1.4620369229997907,1.2099615914481028,1.3233954906463623,23200,0.0,0.0
1999-10-20 00:00:00-04:00,1.310791717385346,1.3359992504119873,1.2351691183054223,1.3359992504119873,15200,0.0,0.0
1999-10-21 00:00:00-04:00,1.3486032761060274,1.3486032761060274,1.3107919692993164,1.3107919692993164,3700,0.0,0.0
1999-10-22 00:00:00-04:00,1.310792029987682,1.386414647102356,1.2603769519112327,1.386414647102356,44300,0.0,0.0
1999-10-25 00:00:00-04:00,1.3864145303765933,1.3864145303765933,1.1595466981331508,1.2099617719650269,21600,0.0,0.0
1999-10-26 00:00:00-04:00,1.2099618717115752,1.2603769496995576,1.2099618717115752,1.2351694107055664,16000,0.0,0.0
1999-10-27 00:00:00-04:00,1.2351694107055664,1.2351694107055664,1.2351694107055664,1.2351694107055664,0,0.0,0.0
1999-10-28 00:00:00-04:00,1.2351693556858943,1.3107919692993164,1.2351693556858943,1.3107919692993164,11300,0.0,0.0
1999-10-29 00:00:00-04:00,1.3107916355133058,1.3107916355133058,1.2603765726089478,1.2603765726089478,8700,0.0,0.0
1999-11-01 00:00:00-05:00,1.2603769496995576,1.2603769496995576,1.2351694107055664,1.2351694107055664,4500,0.0,0.0
1999-11-02 00:00:00-05:00,1.2351690241434041,1.3359991485632738,1.2351690241434041,1.2981878519058228,11100,0.0,0.0
1999-11-03 00:00:00-05:00,1.2855842521153582,1.2855842521153582,1.2162635326385498,1.2162635326385498,3100,0.0,0.0
1999-11-04 00:00:00-05:00,1.2603765726089478,1.3107916355133058,1.2351690411567688,1.2603765726089478,36000,0.0,0.0
1999-11-05 00:00:00-05:00,1.2855844886935488,1.2855844886935488,1.2351694107055664,1.2351694107055664,12200,0.0,0.0
1999-11-08 00:00:00-05:00,1.2477728128433228,1.2477728128433228,1.2477728128433228,1.2477728128433228,1000,0.0,0.0
1999-11-09 00:00:00-05:00,1.2351690411567688,1.2603765726089478,1.2351690411567688,1.2603765726089478,2100,0.0,0.0
1999-11-10 00:00:00-05:00,1.235169308880965,1.235169308880965,1.1595466981331508,1.2099617719650269,15800,0.0,0.0
1999-11-11 00:00:00-05:00,1.2603769496995576,1.2855844886935488,1.2351694107055664,1.2351694107055664,14500,0.0,0.0
1999-11-12 00:00:00-05:00,1.235169258772158,1.2855843305587769,1.235169258772158,1.2855843305587769,15500,0.0,0.0
1999-11-15 00:00:00-05:00,1.3107916355133058,1.3107916355133058,1.2603765726089478,1.2603765726089478,10100,0.0,0.0
1999-11-16 00:00:00-05:00,1.3107919196287792,1.3107919196287792,1.2099617719650269,1.2099617719650269,7800,0.0,0.0
1999-11-17 00:00:00-05:00,1.2288675259570687,1.2351694107055664,1.2225656412085708,1.2351694107055664,9900,0.0,0.0
1999-11-18 00:00:00-05:00,1.235169300099009,1.235169300099009,1.2225655317306519,1.2225655317306519,6000,0.0,0.0
1999-11-19 00:00:00-05:00,1.254074952651545,1.254074952651545,1.1721504582572229,1.2225655317306519,13500,0.0,0.0
1999-11-22 00:00:00-05:00,1.1595466898888656,1.2729806052040806,1.1595466898888656,1.2225655317306519,32800,0.0,0.0
1999-11-23 00:00:00-05:00,1.2351692189341006,1.2603767540143884,1.1091315435326619,1.1595466136932373,19000,0.0,0.0
1999-11-24 00:00:00-05:00,1.1343390941619873,1.1595466295878092,1.1343390941619873,1.1343390941619873,4800,0.0,0.0
1999-11-26 00:00:00-05:00,1.184754165013631,1.184754165013631,1.1343390941619873,1.1343390941619873,3800,0.0,0.0
1999-11-29 00:00:00-05:00,1.1469428831455755,1.3107918664520861,1.1343391151989208,1.2855843305587769,33500,0.0,0.0
1999-11-30 00:00:00-05:00,1.2351691183054223,1.3359992504119873,1.2351691183054223,1.3359992504119873,32900,0.0,0.0
1999-12-01 00:00:00-05:00,1.335999421906053,2.0670179735150254,1.3107918856436747,1.4368295669555664,831300,0.0,0.0
1999-12-02 00:00:00-05:00,1.3359995071704571,1.4620371965261605,1.260376893557035,1.3107919692993164,114400,0.0,0.0
1999-12-03 00:00:00-05:00,1.3107915895956532,1.4620367730105364,1.3107915895956532,1.3612066507339478,95300,0.0,0.0
1999-12-06 00:00:00-05:00,1.3990180829785905,1.5376595146251175,1.3359992504119873,1.3359992504119873,27200,0.0,0.0
1999-12-07 00:00:00-05:00,1.3359995071704571,1.43682965865502,1.260376893557035,1.3107919692993164,36700,0.0,0.0
1999-12-08 00:00:00-05:00,1.348603338545019,1.4368297251788054,1.310792029987682,1.386414647102356,30500,0.0,0.0
1999-12-09 00:00:00-05:00,1.411621711872242,1.4368292424413893,1.3107915895956532,1.3612066507339478,69800,0.0,0.0
1999-12-10 00:00:00-05:00,1.3612068823405674,1.764527440071106,1.3359993474824088,1.764527440071106,190100,0.0,0.0
1999-12-13 00:00:00-05:00,1.6510930586669406,1.814941988152973,1.3864140187279654,1.4872441291809082,113400,0.0,0.0
1999-12-14 00:00:00-05:00,1.5250554124514264,1.6132817586263022,1.4620365937550863,1.5124516487121582,56300,0.0,0.0
1999-12-15 00:00:00-05:00,1.5376589421568245,1.5376589421568245,1.3612062766634183,1.462036371231079,50800,0.0,0.0
1999-12-16 00:00:00-05:00,1.4494333350867556,1.4872446394803231,1.411622030693188,1.4368295669555664,10900,0.0,0.0
1999-12-17 00:00:00-05:00,1.5124514185149094,1.5124514185149094,1.4116213239472488,1.462036371231079,10300,0.0,0.0
1999-12-20 00:00:00-05:00,1.5502633675932884,1.68890480697155,1.5376596003770828,1.6132822036743164,144000,0.0,0.0
1999-12-21 00:00:00-05:00,1.6132821818344465,1.6510934829711914,1.56286711365212,1.6510934829711914,95200,0.0,0.0
1999-12-22 00:00:00-05:00,1.6763008038202922,1.68890456926255,1.5628669148399716,1.5880744457244873,43000,0.0,0.0
1999-12-23 00:00:00-05:00,1.600678211166745,1.613281976609003,1.5880744457244873,1.5880744457244873,16700,0.0,0.0
1999-12-27 00:00:00-05:00,1.6132818753602074,1.6132818753602074,1.5376592874526978,1.5376592874526978,17000,0.0,0.0
1999-12-28 00:00:00-05:00,1.525055522801446,1.6132818753602074,1.4872442288476913,1.5376592874526978,29100,0.0,0.0
1999-12-29 00:00:00-05:00,1.562866816755201,1.5880743460577043,1.4872442288476913,1.5376592874526978,37300,0.0,0.0
1999-12-30 00:00:00-05:00,1.5628674030303955,1.5880749417889501,1.4620372479961765,1.5628674030303955,23100,0.0,0.0
1999-12-31 00:00:00-05:00,1.562867134809494,1.6132822036743164,1.562867134809494,1.6132822036743164,42200,0.0,0.0
2000-01-03 00:00:00-05:00,1.600678615473412,1.9409803683693343,1.5880748468476371,1.865357756614685,115600,0.0,0.0
2000-01-04 00:00:00-05:00,1.833847683580483,1.9157721505445593,1.688904395874809,1.7141119241714478,78500,0.0,0.0
2000-01-05 00:00:00-05:00,1.814942717552185,1.814942717552185,1.663697491089503,1.814942717552185,39900,0.0,0.0
2000-01-06 00:00:00-05:00,1.7771313449610835,1.8149426501730213,1.7393200397491455,1.7393200397491455,38100,0.0,0.0
2000-01-07 00:00:00-05:00,1.7393200397491455,1.7393200397491455,1.6889049661332283,1.7393200397491455,41000,0.0,0.0
2000-01-10 00:00:00-05:00,1.7519234795319407,1.966187502208509,1.7141121814125462,1.9157724380493164,97200,0.0,0.0
2000-01-11 00:00:00-05:00,1.9031686720095182,2.0166025663677014,1.865357373890124,1.9157724380493164,77800,0.0,0.0
2000-01-12 00:00:00-05:00,1.865357756614685,1.9157728311177846,1.7645276076084857,1.865357756614685,36500,0.0,0.0
2000-01-13 00:00:00-05:00,1.9157728685273065,1.9157728685273065,1.814942717552185,1.814942717552185,25300,0.0,0.0
2000-01-14 00:00:00-05:00,1.764527576557104,1.9409803342128145,1.7393200397491455,1.7393200397491455,38200,0.0,0.0
2000-01-18 00:00:00-05:00,1.6889047622680664,1.6889047622680664,1.5628670934420914,1.6889047622680664,42100,0.0,0.0
2000-01-19 00:00:00-05:00,1.6384895074935186,1.6636970383780343,1.5880744457244873,1.5880744457244873,23900,0.0,0.0
2000-01-20 00:00:00-05:00,1.625885970890522,1.68890480697155,1.4116219282150269,1.6132822036743164,79900,0.0,0.0
2000-01-21 00:00:00-05:00,1.6384894046627105,1.7141119925702204,1.5376592874526978,1.5376592874526978,15300,0.0,0.0
2000-01-24 00:00:00-05:00,1.625885742051261,1.625885742051261,1.5880744457244873,1.5880744457244873,40900,0.0,0.0
2000-01-25 00:00:00-05:00,1.5628674030303955,1.5628674030303955,1.5628674030303955,1.5628674030303955,1900,0.0,0.0
2000-01-26 00:00:00-05:00,1.6132824156019423,1.814942717552185,1.6132824156019423,1.814942717552185,72900,0.0,0.0
2000-01-27 00:00:00-05:00,1.7771307188020626,1.8401495386177384,1.7645269548389273,1.7897344827651978,25000,0.0,0.0
2000-01-28 00:00:00-05:00,1.764527440071106,1.8149425097874232,1.6636973006384712,1.764527440071106,21000,0.0,0.0
2000-01-31 00:00:00-05:00,1.7267156629495217,1.8149420106914682,1.7141118989863866,1.7897344827651978,19300,0.0,0.0
2000-02-01 00:00:00-05:00,1.7141125665770638,1.8401502552959654,1.6889050288332834,1.814942717552185,13100,0.0,0.0
2000-02-02 00:00:00-05:00,1.8023382467283329,1.865357066544009,1.739319426912657,1.7897344827651978,10600,0.0,0.0
2000-02-03 00:00:00-05:00,1.8653570939512816,1.8905646222479204,1.7141119241714478,1.7141119241714478,18300,0.0,0.0
2000-02-04 00:00:00-05:00,1.7393194524680868,1.7645269807647257,1.7141119241714478,1.7141119241714478,7500,0.0,0.0
2000-02-07 00:00:00-05:00,1.7141125029411868,1.7897351133650627,1.7141125029411868,1.7393200397491455,31100,0.0,0.0
2000-02-08 00:00:00-05:00,1.7897345090613648,1.7897345090613648,1.688904395874809,1.7141119241714478,14300,0.0,0.0
2000-02-09 00:00:00-05:00,1.6636968431338457,1.7897344827651978,1.6636968431338457,1.7897344827651978,28000,0.0,0.0
2000-02-10 00:00:00-05:00,1.7897348973288465,1.7897348973288465,1.6889047622680664,1.6889047622680664,21600,0.0,0.0
2000-02-11 00:00:00-05:00,1.7141125029411868,1.7393200397491455,1.6889049661332283,1.7393200397491455,79900,0.0,0.0
2000-02-14 00:00:00-05:00,1.7141119241714478,1.7645269807647257,1.688904395874809,1.7141119241714478,28600,0.0,0.0
2000-02-15 00:00:00-05:00,1.7141122351159583,1.8023386001586914,1.7141122351159583,1.8023386001586914,21200,0.0,0.0
2000-02-16 00:00:00-05:00,2.1930549674563937,2.2056587316371776,1.9157721554791485,2.0418097972869873,133900,0.0,0.0
2000-02-17 00:00:00-05:00,2.0670175552368164,2.14264014872109,2.0670175552368164,2.0670175552368164,34900,0.0,0.0
2000-02-18 00:00:00-05:00,2.0796218743691077,2.0796218743691077,1.9661879539489746,1.9661879539489746,36700,0.0,0.0
2000-02-22 00:00:00-05:00,1.814942717552185,1.9157728685273065,1.7897351798084047,1.814942717552185,36100,0.0,0.0
2000-02-23 00:00:00-05:00,1.8653573274612427,2.0670175790786742,1.8653573274612427,2.0166025161743164,23700,0.0,0.0
2000-02-24 00:00:00-05:00,2.1174326419830325,2.1174326419830325,1.9409799218177797,2.0166025161743164,47300,0.0,0.0
2000-02-25 00:00:00-05:00,1.9409803683693343,2.0166029801239835,1.8149426821115853,1.865357756614685,20700,0.0,0.0
2000-02-28 00:00:00-05:00,1.764527650979849,2.016603029691256,1.764527650979849,1.9661879539489746,17700,0.0,0.0
2000-02-29 00:00:00-05:00,1.8653577055249897,1.9661878517695837,1.8653577055249897,1.940980315208435,13000,0.0,0.0
2000-03-01 00:00:00-05:00,1.9409802656403112,1.9661878015577179,1.7645275142184649,1.833848237991333,31200,0.0,0.0
2000-03-02 00:00:00-05:00,1.9157724380493164,1.9157724380493164,1.8149423097309314,1.9157724380493164,40400,0.0,0.0
2000-03-03 00:00:00-05:00,1.8653577930397458,1.9157728685273065,1.814942717552185,1.814942717552185,24500,0.0,0.0
2000-03-06 00:00:00-05:00,1.865357739130656,1.890565276145935,1.8401502021153768,1.890565276145935,14900,0.0,0.0
2000-03-07 00:00:00-05:00,1.9157723903656005,2.0166025161743164,1.8653573274612427,2.0166025161743164,34000,0.0,0.0
2000-03-08 00:00:00-05:00,1.865357756614685,2.0166029801239835,1.865357756614685,1.865357756614685,10300,0.0,0.0
2000-03-09 00:00:00-05:00,1.89056490596972,2.0166025663677014,1.8149423097309314,1.9157724380493164,17000,0.0,0.0
2000-03-10 00:00:00-05:00,1.966187502208509,1.966187502208509,1.8401498418105275,1.9157724380493164,39000,0.0,0.0
2000-03-13 00:00:00-05:00,1.8401502193631352,1.865357756614685,1.7141125331053861,1.865357756614685,18800,0.0,0.0
2000-03-14 00:00:00-05:00,1.8401502552959654,1.8401502552959654,1.814942717552185,1.814942717552185,7100,0.0,0.0
2000-03-15 00:00:00-05:00,1.739319426912657,1.7897344827651978,1.6889043710601161,1.7897344827651978,7300,0.0,0.0
2000-03-16 00:00:00-05:00,1.7015084153727482,1.9157724380493164,1.7015084153727482,1.9157724380493164,26700,0.0,0.0
2000-03-17 00:00:00-05:00,1.9157724380493164,1.9157724380493164,1.8149423097309314,1.9157724380493164,88100,0.0,0.0
2000-03-20 00:00:00-05:00,1.8149420373580036,1.8149420373580036,1.7141119241714478,1.7141119241714478,7700,0.0,0.0
2000-03-21 00:00:00-05:00,1.7015087644796112,1.865357756614685,1.5628673095960874,1.865357756614685,43800,0.0,0.0
2000-03-22 00:00:00-05:00,1.7645272016525269,2.0166025161743164,1.7645272016525269,2.0166025161743164,44800,0.0,0.0
2000-03-23 00:00:00-05:00,2.0670180546270833,2.0670180546270833,1.7645276076084857,1.865357756614685,47600,0.0,0.0
2000-03-24 00:00:00-05:00,1.764527440071106,1.8653575795037405,1.7519236726420266,1.764527440071106,20900,0.0,0.0
2000-03-27 00:00:00-05:00,1.7645275678566033,1.8653577145912663,1.7519237995147705,1.7519237995147705,24700,0.0,0.0
2000-03-28 00:00:00-05:00,1.8149423665933675,1.8653574323320723,1.7141122351159583,1.8023386001586914,45600,0.0,0.0
2000-03-29 00:00:00-05:00,1.8023385436911332,1.9157724380493164,1.8023385436911332,1.9157724380493164,16200,0.0,0.0
2000-03-30 00:00:00-05:00,1.8905646222479204,1.8905646222479204,1.7141119241714478,1.7141119241714478,42200,0.0,0.0
2000-03-31 00:00:00-05:00,1.7645269807647257,1.7645269807647257,1.7141119241714478,1.7141119241714478,10400,0.0,0.0
2000-04-03 00:00:00-04:00,1.6636972427368164,1.6636972427368164,1.6384897087559556,1.6636972427368164,4300,0.0,0.0
2000-04-04 00:00:00-04:00,1.7141123414039612,1.7645274102687836,1.562867134809494,1.6132822036743164,27300,0.0,0.0
2000-04-05 00:00:00-04:00,1.6132822036743164,1.6132822036743164,1.6132822036743164,1.6132822036743164,5800,0.0,0.0
2000-04-06 00:00:00-04:00,1.5124516487121582,1.5124516487121582,1.5124516487121582,1.5124516487121582,2000,0.0,0.0
2000-04-07 00:00:00-04:00,1.5124516487121582,1.5124516487121582,1.4116215387980144,1.5124516487121582,12500,0.0,0.0
2000-04-10 00:00:00-04:00,1.5124514185149094,1.5124514185149094,1.4116213239472488,1.462036371231079,3800,0.0,0.0
2000-04-11 00:00:00-04:00,1.4872441291809082,1.5628667120206154,1.4620366015676725,1.4872441291809082,11700,0.0,0.0
2000-04-12 00:00:00-04:00,1.4368290662765504,1.5124516487121582,1.4116215387980144,1.5124516487121582,19700,0.0,0.0
2000-04-13 00:00:00-04:00,1.512451656794144,1.613281767247087,1.4620366015676725,1.4872441291809082,19600,0.0,0.0
2000-04-14 00:00:00-04:00,1.3612070450415978,1.43682965865502,1.1847542799436128,1.3107919692993164,19300,0.0,0.0
2000-04-17 00:00:00-04:00,1.27298001633134,1.3107913039451422,1.083923578262329,1.083923578262329,22000,0.0,0.0
2000-04-18 00:00:00-04:00,1.1721505110080426,1.3359995071704571,1.1721505110080426,1.3107919692993164,15600,0.0,0.0
2000-04-19 00:00:00-04:00,1.335999421906053,1.4368295669555664,1.260376813118918,1.4368295669555664,14200,0.0,0.0
2000-04-20 00:00:00-04:00,1.4242250857682064,1.5124514185149094,1.310791229379588,1.462036371231079,13300,0.0,0.0
2000-04-24 00:00:00-04:00,1.5124523422934792,1.5124523422934792,1.386414647102356,1.386414647102356,11700,0.0,0.0
2000-04-25 00:00:00-04:00,1.3864144944308097,1.4368295669555664,1.3864144944308097,1.4368295669555664,4500,0.0,0.0
2000-04-26 00:00:00-04:00,1.386414647102356,1.386414647102356,1.386414647102356,1.386414647102356,500,0.0,0.0
2000-04-27 00:00:00-04:00,1.4872444059167589,1.5124519382204327,1.4116218090057373,1.4116218090057373,1700,0.0,0.0
2000-04-28 00:00:00-04:00,1.3612065823351749,1.5376592874526978,1.3612065823351749,1.5376592874526978,1800,0.0,0.0
2000-05-01 00:00:00-04:00,1.361206450829139,1.6384892463684082,1.361206450829139,1.6384892463684082,8600,0.0,0.0
2000-05-02 00:00:00-04:00,1.6889050288332834,1.9157728685273065,1.6889050288332834,1.814942717552185,52800,0.0,0.0
2000-05-03 00:00:00-04:00,1.739319426912657,1.8149420106914682,1.6889043710601161,1.7897344827651978,48100,0.0,0.0
2000-05-04 00:00:00-04:00,1.7645273635636516,1.8149424310940416,1.6889047622680664,1.6889047622680664,11300,0.0,0.0
2000-05-05 00:00:00-04:00,1.6889047622680664,1.6889047622680664,1.6889047622680664,1.6889047622680664,1000,0.0,0.0
2000-05-08 00:00:00-04:00,1.613281719501202,1.6384892463684082,1.613281719501202,1.6384892463684082,3000,0.0,0.0
2000-05-09 00:00:00-04:00,1.6132822036743164,1.6636972725391388,1.6132822036743164,1.6132822036743164,3700,0.0,0.0
2000-05-10 00:00:00-04:00,1.6132817586263022,1.6132817586263022,1.4620365937550863,1.5124516487121582,7300,0.0,0.0
2000-05-11 00:00:00-04:00,1.462036371231079,1.462036371231079,1.462036371231079,1.462036371231079,1400,0.0,0.0
2000-05-12 00:00:00-04:00,1.4620365937550863,1.5124516487121582,1.4620365937550863,1.5124516487121582,4600,0.0,0.0
2000-05-15 00:00:00-04:00,1.462036371231079,1.462036371231079,1.462036371231079,1.462036371231079,1000,0.0,0.0
2000-05-16 00:00:00-04:00,1.4620368736130849,1.4620368736130849,1.4116218090057373,1.4116218090057373,2500,0.0,0.0
2000-05-17 00:00:00-04:00,1.4116218090057373,1.4116218090057373,1.4116218090057373,1.4116218090057373,800,0.0,0.0
2000-05-18 00:00:00-04:00,1.411621711872242,1.411621711872242,1.3612066507339478,1.3612066507339478,1400,0.0,0.0
2000-05-19 00:00:00-04:00,1.3864145303765933,1.3864145303765933,1.2099617719650269,1.2099617719650269,5500,0.0,0.0
2000-05-22 00:00:00-04:00,1.2099617719650269,1.2099617719650269,1.2099617719650269,1.2099617719650269,0,0.0,0.0
2000-05-23 00:00:00-04:00,1.285583778869274,1.285583778869274,1.083923578262329,1.083923578262329,11800,0.0,0.0
2000-05-24 00:00:00-04:00,1.1469430015845732,1.1469430015845732,1.0335090783509342,1.1091316938400269,7200,0.0,0.0
2000-05-25 00:00:00-04:00,1.0965279245918447,1.1595467708327554,1.0965279245918447,1.1091316938400269,7500,0.0,0.0
2000-05-26 00:00:00-04:00,1.083923578262329,1.083923578262329,1.083923578262329,1.083923578262329,1500,0.0,0.0
2000-05-30 00:00:00-04:00,1.083923578262329,1.083923578262329,1.083923578262329,1.083923578262329,0,0.0,0.0
2000-05-31 00:00:00-04:00,1.083923578262329,1.083923578262329,1.083923578262329,1.083923578262329,500,0.0,0.0
2000-06-01 00:00:00-04:00,1.1091316938400269,1.1091316938400269,1.1091316938400269,1.1091316938400269,200,0.0,0.0
2000-06-02 00:00:00-04:00,1.1595466981331508,1.2099617719650269,1.1595466981331508,1.2099617719650269,2100,0.0,0.0
2000-06-05 00:00:00-04:00,1.1658489513904489,1.1847546100616455,1.1595470651667168,1.1847546100616455,4400,0.0,0.0
2000-06-06 00:00:00-04:00,1.1847541487735251,1.209961683853813,1.1595466136932373,1.1595466136932373,3400,0.0,0.0
2000-06-07 00:00:00-04:00,1.1595466136932373,1.1595466136932373,1.1595466136932373,1.1595466136932373,800,0.0,0.0
2000-06-08 00:00:00-04:00,1.2603765726089478,1.2603765726089478,1.20996150970459,1.2603765726089478,8000,0.0,0.0
2000-06-09 00:00:00-04:00,1.1847546100616455,1.1847546100616455,1.1847546100616455,1.1847546100616455,1000,0.0,0.0
2000-06-12 00:00:00-04:00,1.1847546100616455,1.1847546100616455,1.1847546100616455,1.1847546100616455,500,0.0,0.0
2000-06-13 00:00:00-04:00,1.2099617228788488,1.2855843305587769,1.2099617228788488,1.2855843305587769,1900,0.0,0.0
2000-06-14 00:00:00-04:00,1.2855843305587769,1.2855843305587769,1.2855843305587769,1.2855843305587769,0,0.0,0.0
2000-06-15 00:00:00-04:00,1.2099618478254839,1.2099618478254839,1.1091316938400269,1.1091316938400269,3000,0.0,0.0
2000-06-16 00:00:00-04:00,1.1091316938400269,1.1091316938400269,1.1091316938400269,1.1091316938400269,0,0.0,0.0
2000-06-19 00:00:00-04:00,1.1595461534899334,1.1595461534899334,1.083923578262329,1.083923578262329,5600,0.0,0.0
2000-06-20 00:00:00-04:00,1.0839241553436625,1.1091316938400269,1.0839241553436625,1.1091316938400269,3200,0.0,0.0
2000-06-21 00:00:00-04:00,1.0839238524436952,1.0839238524436952,0.9704899609088898,1.0083012580871582,7700,0.0,0.0
2000-06-22 00:00:00-04:00,1.0083012831838507,1.0083012831838507,0.9578862190246582,0.9578862190246582,500,0.0,0.0
2000-06-23 00:00:00-04:00,0.9578861736115956,1.0587162971496582,0.9578861736115956,1.0587162971496582,9000,0.0,0.0
2000-06-26 00:00:00-04:00,1.008301514845628,1.008301514845628,0.9830939769744873,0.9830939769744873,1300,0.0,0.0
2000-06-27 00:00:00-04:00,1.0587162971496582,1.0587162971496582,1.0587162971496582,1.0587162971496582,1000,0.0,0.0
2000-06-28 00:00:00-04:00,1.0587162971496582,1.0587162971496582,1.0587162971496582,1.0587162971496582,0,0.0,0.0
2000-06-29 00:00:00-04:00,1.0083014624459403,1.0083014624459403,0.8822637796401978,0.9704901576042175,13800,0.0,0.0
2000-06-30 00:00:00-04:00,0.9578862190246582,0.9578862190246582,0.9578862190246582,0.9578862190246582,3200,0.0,0.0
2000-07-03 00:00:00-04:00,0.9830939769744873,0.9830939769744873,0.9830939769744873,0.9830939769744873,400,0.0,0.0
2000-07-05 00:00:00-04:00,0.983093715295559,1.0335087776184082,0.983093715295559,1.0335087776184082,3700,0.0,0.0
2000-07-06 00:00:00-04:00,0.9830938594681876,0.9830938594681876,0.8570561851773942,0.882263720035553,29500,0.0,0.0
2000-07-07 00:00:00-04:00,0.8822636008262634,1.0083012580871582,0.8570560693740845,1.0083012580871582,49800,0.0,0.0
2000-07-10 00:00:00-04:00,0.9956977081795534,1.235169308880965,0.9830939397215843,1.2099617719650269,68000,0.0,0.0
2000-07-11 00:00:00-04:00,1.3486031452814737,1.4116219838460287,1.1343390941619873,1.1343390941619873,25400,0.0,0.0
2000-07-12 00:00:00-04:00,1.1343390941619873,1.1343390941619873,1.1343390941619873,1.1343390941619873,0,0.0,0.0
2000-07-13 00:00:00-04:00,1.1847536785658015,1.1847536785658015,1.0083010030347248,1.083923578262329,16700,0.0,0.0
2000-07-14 00:00:00-04:00,1.1091316243012748,1.2099617719650269,1.1091316243012748,1.2099617719650269,3000,0.0,0.0
2000-07-17 00:00:00-04:00,1.1343390941619873,1.1343390941619873,1.1343390941619873,1.1343390941619873,25000,0.0,0.0
2000-07-18 00:00:00-04:00,1.1595466136932373,1.209961683853813,1.1343390786129497,1.1595466136932373,11800,0.0,0.0
2000-07-19 00:00:00-04:00,1.1595466295878092,1.1595466295878092,1.1343390941619873,1.1343390941619873,7500,0.0,0.0
2000-07-20 00:00:00-04:00,1.1532447457313537,1.1532447457313537,1.1343390941619873,1.1343390941619873,4500,0.0,0.0
2000-07-21 00:00:00-04:00,1.1343390941619873,1.184754165013631,1.1343390941619873,1.1343390941619873,9600,0.0,0.0
2000-07-24 00:00:00-04:00,1.1343390786129497,1.1595466136932373,1.1343390786129497,1.1595466136932373,8600,0.0,0.0
2000-07-25 00:00:00-04:00,1.1595466136932373,1.1595466136932373,1.1595466136932373,1.1595466136932373,500,0.0,0.0
2000-07-26 00:00:00-04:00,1.1595460189567817,1.1595460189567817,1.1343384968055474,1.1469422578811646,5900,0.0,0.0
2000-07-27 00:00:00-04:00,1.1595466136932373,1.1721503812333813,1.1595466136932373,1.1595466136932373,33500,0.0,0.0
2000-07-28 00:00:00-04:00,1.1595466136932373,1.1595466136932373,1.1595466136932373,1.1595466136932373,10100,0.0,0.0
2000-07-31 00:00:00-04:00,1.1343390941619873,1.1343390941619873,1.1343390941619873,1.1343390941619873,3000,0.0,0.0
2000-08-01 00:00:00-04:00,1.1595460189567817,1.1595460189567817,1.1469422578811646,1.1469422578811646,1000,0.0,0.0
2000-08-02 00:00:00-04:00,1.1469422578811646,1.1469422578811646,1.1469422578811646,1.1469422578811646,2200,0.0,0.0
2000-08-03 00:00:00-04:00,1.1469422578811646,1.1469422578811646,1.1469422578811646,1.1469422578811646,1200,0.0,0.0
2000-08-04 00:00:00-04:00,1.1469422578811646,1.1469422578811646,1.1469422578811646,1.1469422578811646,0,0.0,0.0
2000-08-07 00:00:00-04:00,1.1469422578811646,1.1469422578811646,1.1469422578811646,1.1469422578811646,0,0.0,0.0
2000-08-08 00:00:00-04:00,1.1469422578811646,1.1469422578811646,1.1469422578811646,1.1469422578811646,0,0.0,0.0
2000-08-09 00:00:00-04:00,1.1469429296751819,1.2099617719650269,1.1469429296751819,1.2099617719650269,13300,0.0,0.0
2000-08-10 00:00:00-04:00,1.1595466295878092,1.1595466295878092,1.1343390941619873,1.1343390941619873,6000,0.0,0.0
2000-08-11 00:00:00-04:00,1.1343390941619873,1.1343390941619873,1.1343390941619873,1.1343390941619873,0,0.0,0.0
2000-08-14 00:00:00-04:00,1.1847546100616455,1.1847546100616455,1.1847546100616455,1.1847546100616455,2000,0.0,0.0
2000-08-15 00:00:00-04:00,1.1469426810741425,1.2603765726089478,1.1469426810741425,1.2603765726089478,9100,0.0,0.0
2000-08-16 00:00:00-04:00,1.2162636561940114,1.2162636561940114,1.2099617719650269,1.2099617719650269,1800,0.0,0.0
2000-08-17 00:00:00-04:00,1.2603769496995576,1.3107920276875398,1.2351694107055664,1.2351694107055664,14200,0.0,0.0
2000-08-18 00:00:00-04:00,1.235169386321848,1.235169386321848,1.1091316938400269,1.1091316938400269,3600,0.0,0.0
2000-08-21 00:00:00-04:00,1.1595467708327554,1.1595467708327554,1.1091316938400269,1.1091316938400269,5000,0.0,0.0
2000-08-22 00:00:00-04:00,1.1343390941619873,1.1343390941619873,1.1343390941619873,1.1343390941619873,9300,0.0,0.0
2000-08-23 00:00:00-04:00,1.1091311033381972,1.1091311033381972,1.083923578262329,1.083923578262329,12100,0.0,0.0
2000-08-24 00:00:00-04:00,1.1343390941619873,1.1343390941619873,1.1343390941619873,1.1343390941619873,3500,0.0,0.0
2000-08-25 00:00:00-04:00,1.1595466136932373,1.1595466136932373,1.1595466136932373,1.1595466136932373,900,0.0,0.0
2000-08-28 00:00:00-04:00,1.159546793723593,1.3107920276875398,1.1091317157356106,1.2351694107055664,40400,0.0,0.0
2000-08-29 00:00:00-04:00,1.2603769496995576,1.2855844886935488,1.2351694107055664,1.2351694107055664,11600,0.0,0.0
2000-08-30 00:00:00-04:00,1.134339232336391,1.134339232336391,1.1091316938400269,1.1091316938400269,6200,0.0,0.0
2000-08-31 00:00:00-04:00,1.1091316938400269,1.1091316938400269,1.1091316938400269,1.1091316938400269,700,0.0,0.0
2000-09-01 00:00:00-04:00,1.1091316938400269,1.1091316938400269,1.1091316938400269,1.1091316938400269,2300,0.0,0.0
2000-09-05 00:00:00-04:00,1.1091316938400269,1.1091316938400269,1.1091316938400269,1.1091316938400269,0,0.0,0.0
2000-09-06 00:00:00-04:00,1.1091316938400269,1.1091316938400269,1.0839241553436625,1.1091316938400269,2800,0.0,0.0
2000-09-07 00:00:00-04:00,1.083923578262329,1.083923578262329,1.083923578262329,1.083923578262329,3500,0.0,0.0
2000-09-08 00:00:00-04:00,1.0839238280341739,1.0839238280341739,1.0587162971496582,1.0587162971496582,4700,0.0,0.0
2000-09-11 00:00:00-04:00,1.0839238280341739,1.0839238280341739,1.0587162971496582,1.0587162971496582,1600,0.0,0.0
2000-09-12 00:00:00-04:00,1.0587162971496582,1.0587162971496582,1.0587162971496582,1.0587162971496582,2300,0.0,0.0
2000-09-13 00:00:00-04:00,1.0587162971496582,1.0839238280341739,1.0587162971496582,1.0587162971496582,6200,0.0,0.0
2000-09-14 00:00:00-04:00,1.1091315587361654,1.1343390941619873,1.1091315587361654,1.1343390941619873,3000,0.0,0.0
2000-09-15 00:00:00-04:00,1.1595470651667168,1.209962154956574,1.1595470651667168,1.1847546100616455,15100,0.0,0.0
2000-09-18 00:00:00-04:00,1.1847543093291195,1.1847543093291195,1.1091316938400269,1.1091316938400269,27800,0.0,0.0
2000-09-19 00:00:00-04:00,1.1091317157356106,1.2351694107055664,1.1091317157356106,1.2351694107055664,4100,0.0,0.0
2000-09-20 00:00:00-04:00,1.209962154956574,1.209962154956574,1.134339520271788,1.1847546100616455,14500,0.0,0.0
2000-09-21 00:00:00-04:00,1.1595466295878092,1.1595466295878092,1.1343390941619873,1.1343390941619873,9800,0.0,0.0
2000-09-22 00:00:00-04:00,1.1595466136932373,1.1595466136932373,1.1595466136932373,1.1595466136932373,1000,0.0,0.0
2000-09-25 00:00:00-04:00,1.1469428618748982,1.1469428618748982,1.1343390941619873,1.1343390941619873,1700,0.0,0.0
2000-09-26 00:00:00-04:00,1.1343390941619873,1.1343390941619873,1.1343390941619873,1.1343390941619873,300,0.0,0.0
2000-09-27 00:00:00-04:00,1.1343390941619873,1.1343390941619873,1.1343390941619873,1.1343390941619873,1300,0.0,0.0
2000-09-28 00:00:00-04:00,1.134339232336391,1.134339232336391,1.1091316938400269,1.1091316938400269,2600,0.0,0.0
2000-09-29 00:00:00-04:00,1.1091316938400269,1.1091316938400269,1.1091316938400269,1.1091316938400269,800,0.0,0.0
2000-10-02 00:00:00-04:00,1.109131383895874,1.109131383895874,1.0083012580871582,1.0083012580871582,8900,0.0,0.0
2000-10-03 00:00:00-04:00,1.1343386284140653,1.1343386284140653,1.083923578262329,1.083923578262329,17400,0.0,0.0
2000-10-04 00:00:00-04:00,1.0839238280341739,1.0839238280341739,1.0587162971496582,1.0587162971496582,9600,0.0,0.0
2000-10-05 00:00:00-04:00,1.0839238399412574,1.0839238399412574,1.0335087776184082,1.0335087776184082,4700,0.0,0.0
2000-10-06 00:00:00-04:00,1.0083012580871582,1.0209050238132478,1.0083012580871582,1.0083012580871582,15400,0.0,0.0
2000-10-09 00:00:00-04:00,1.0083012580871582,1.0083012580871582,1.0083012580871582,1.0083012580871582,1600,0.0,0.0
2000-10-10 00:00:00-04:00,1.0083012353806269,1.0587162971496582,1.0083012353806269,1.0587162971496582,3100,0.0,0.0
2000-10-11 00:00:00-04:00,1.0083015398545698,1.1091316938400269,1.0083015398545698,1.1091316938400269,5000,0.0,0.0
2000-10-12 00:00:00-04:00,1.0587165504693985,1.2603768457969031,1.0587165504693985,1.2099617719650269,41200,0.0,0.0
2000-10-13 00:00:00-04:00,1.2099617004394532,1.2099617004394532,1.1343390941619873,1.1343390941619873,19000,0.0,0.0
2000-10-16 00:00:00-04:00,1.1595467708327554,1.1595467708327554,1.1091316938400269,1.1091316938400269,14000,0.0,0.0
2000-10-17 00:00:00-04:00,1.0839241553436625,1.1091316938400269,1.0587166168472983,1.1091316938400269,1300,0.0,0.0
2000-10-18 00:00:00-04:00,1.0083012353806269,1.0587162971496582,1.0083012353806269,1.0587162971496582,13000,0.0,0.0
2000-10-19 00:00:00-04:00,1.0083012464569836,1.0335087776184082,1.0083012464569836,1.0335087776184082,6200,0.0,0.0
2000-10-20 00:00:00-04:00,1.0083012831838507,1.0083012831838507,0.9578862190246582,0.9578862190246582,12200,0.0,0.0
2000-10-23 00:00:00-04:00,0.9578862190246582,1.0083012831838507,0.9578862190246582,0.9578862190246582,2600,0.0,0.0
2000-10-24 00:00:00-04:00,0.9578862190246582,0.9578862190246582,0.9578862190246582,0.9578862190246582,3100,0.0,0.0
2000-10-25 00:00:00-04:00,0.9578860752722796,0.9578860752722796,0.806640905492446,0.8570559620857239,11900,0.0,0.0
2000-10-26 00:00:00-04:00,0.8570561707019806,0.8570561707019806,0.8066411018371582,0.8066411018371582,5600,0.0,0.0
2000-10-27 00:00:00-04:00,0.806640905492446,0.8822634903823628,0.806640905492446,0.8570559620857239,17300,0.0,0.0
2000-10-30 00:00:00-05:00,0.8066410873875474,0.8318486213684082,0.8066410873875474,0.8318486213684082,14000,0.0,0.0
2000-10-31 00:00:00-05:00,0.8066412402737525,0.8066412402737525,0.7814337015151978,0.7814337015151978,11000,0.0,0.0
2000-11-01 00:00:00-05:00,0.8003393555841138,0.8003393555841138,0.7814337015151978,0.7814337015151978,2000,0.0,0.0
2000-11-02 00:00:00-05:00,0.8066409883045015,0.8318485191890171,0.7562259265354702,0.7940372228622437,15100,0.0,0.0
2000-11-03 00:00:00-05:00,0.7940372228622437,0.7940372228622437,0.7940372228622437,0.7940372228622437,0,0.0,0.0
2000-11-06 00:00:00-05:00,0.8066412402737525,0.8066412402737525,0.7814337015151978,0.7814337015151978,5100,0.0,0.0
2000-11-07 00:00:00-05:00,0.806640905492446,0.8570559620857239,0.806640905492446,0.8570559620857239,14500,0.0,0.0
2000-11-08 00:00:00-05:00,0.8570559620857239,0.8570559620857239,0.8570559620857239,0.8570559620857239,0,0.0,0.0
2000-11-09 00:00:00-05:00,0.8444523811340332,0.8444523811340332,0.8444523811340332,0.8444523811340332,100,0.0,0.0
2000-11-10 00:00:00-05:00,0.762527809256599,0.8066409883045015,0.762527809256599,0.7940372228622437,24100,0.0,0.0
2000-11-13 00:00:00-05:00,0.7940372228622437,0.7940372228622437,0.7940372228622437,0.7940372228622437,0,0.0,0.0
2000-11-14 00:00:00-05:00,0.8066411018371582,0.8066411018371582,0.8066411018371582,0.8066411018371582,1000,0.0,0.0
2000-11-15 00:00:00-05:00,0.8066411018371582,0.8066411018371582,0.8066411018371582,0.8066411018371582,0,0.0,0.0
2000-11-16 00:00:00-05:00,0.8066411018371582,0.8066411018371582,0.8066411018371582,0.8066411018371582,11600,0.0,0.0
2000-11-17 00:00:00-05:00,0.8066410814595019,0.8066410814595019,0.7373203635215759,0.7373203635215759,23600,0.0,0.0
2000-11-20 00:00:00-05:00,0.7688297352620533,0.7814335014138902,0.7058109045028687,0.7058109045028687,23400,0.0,0.0
2000-11-21 00:00:00-05:00,0.7121129699291722,0.7814337015151978,0.7058110852395334,0.7814337015151978,1800,0.0,0.0
2000-11-22 00:00:00-05:00,0.7310184368065424,0.7310184368065424,0.7058109045028687,0.7058109045028687,8000,0.0,0.0
2000-11-24 00:00:00-05:00,0.7058109045028687,0.7058109045028687,0.7058109045028687,0.7058109045028687,0,0.0,0.0
2000-11-27 00:00:00-05:00,0.7310181856155396,0.7310181856155396,0.7310181856155396,0.7310181856155396,100,0.0,0.0
2000-11-28 00:00:00-05:00,0.7121129035949707,0.7121129035949707,0.7121129035949707,0.7121129035949707,6000,0.0,0.0
2000-11-29 00:00:00-05:00,0.7058109045028687,0.7058109045028687,0.7058109045028687,0.7058109045028687,10400,0.0,0.0
2000-11-30 00:00:00-05:00,0.705810855936121,0.705810855936121,0.6806033253669739,0.6806033253669739,17100,0.0,0.0
2000-12-01 00:00:00-05:00,0.7058109045028687,0.7058109045028687,0.7058109045028687,0.7058109045028687,1200,0.0,0.0
2000-12-04 00:00:00-05:00,0.7058109045028687,0.7058109045028687,0.7058109045028687,0.7058109045028687,5200,0.0,0.0
2000-12-05 00:00:00-05:00,0.7058109045028687,0.7058109045028687,0.7058109045028687,0.7058109045028687,500,0.0,0.0
2000-12-06 00:00:00-05:00,0.7058109045028687,0.7058109045028687,0.7058109045028687,0.7058109045028687,0,0.0,0.0
2000-12-07 00:00:00-05:00,0.7058106619736244,0.7310181856155396,0.7058106619736244,0.7310181856155396,21500,0.0,0.0
2000-12-08 00:00:00-05:00,0.7058109045028687,0.7310184368065424,0.7058109045028687,0.7058109045028687,30700,0.0,0.0
2000-12-11 00:00:00-05:00,0.7058109045028687,0.7058109045028687,0.7058109045028687,0.7058109045028687,3000,0.0,0.0
2000-12-12 00:00:00-05:00,0.7058109045028687,0.7814335014138902,0.7058109045028687,0.7058109045028687,31900,0.0,0.0
2000-12-13 00:00:00-05:00,0.7058109045028687,0.7058109045028687,0.7058109045028687,0.7058109045028687,5200,0.0,0.0
2000-12-14 00:00:00-05:00,0.7058109045028687,0.7058109045028687,0.7058109045028687,0.7058109045028687,2000,0.0,0.0
2000-12-15 00:00:00-05:00,0.7058106619736244,0.7310181856155396,0.7058106619736244,0.7310181856155396,2900,0.0,0.0
2000-12-18 00:00:00-05:00,0.7058110194923604,0.7121129035949707,0.7058110194923604,0.7121129035949707,8500,0.0,0.0
2000-12-19 00:00:00-05:00,0.7058109045028687,0.7310184368065424,0.7058109045028687,0.7058109045028687,25900,0.0,0.0
2000-12-20 00:00:00-05:00,0.7058109045028687,0.7184146706547055,0.7058109045028687,0.7058109045028687,23600,0.0,0.0
2000-12-21 00:00:00-05:00,0.7058109045028687,0.712112787578787,0.7058109045028687,0.7058109045028687,4800,0.0,0.0
2000-12-22 00:00:00-05:00,0.712112787578787,0.712112787578787,0.7058109045028687,0.7058109045028687,9500,0.0,0.0
2000-12-26 00:00:00-05:00,0.7058109045028687,0.7058109045028687,0.7058109045028687,0.7058109045028687,12000,0.0,0.0
2000-12-27 00:00:00-05:00,0.7058110603919396,0.7058110603919396,0.6553959846496582,0.6553959846496582,30000,0.0,0.0
2000-12-28 00:00:00-05:00,0.6932072914563693,0.7058110603919396,0.6553959846496582,0.6553959846496582,57700,0.0,0.0
2000-12-29 00:00:00-05:00,0.6553958177566529,0.7058108806610107,0.6301882863044739,0.6301882863044739,24600,0.0,0.0
2001-01-02 00:00:00-05:00,0.718414423794582,0.7562257092574547,0.718414423794582,0.7310181856155396,3600,0.0,0.0
2001-01-03 00:00:00-05:00,0.7562258243560791,0.7562258243560791,0.7562258243560791,0.7562258243560791,500,0.0,0.0
2001-01-04 00:00:00-05:00,0.7310185516089723,0.7310185516089723,0.7184147834777832,0.7184147834777832,7500,0.0,0.0
2001-01-05 00:00:00-05:00,0.7184147834777832,0.7184147834777832,0.7184147834777832,0.7184147834777832,0,0.0,0.0
2001-01-08 00:00:00-05:00,0.7184147834777832,0.7184147834777832,0.7184147834777832,0.7184147834777832,0,0.0,0.0
2001-01-09 00:00:00-05:00,0.6932070906515474,0.6932070906515474,0.6806033253669739,0.6806033253669739,10200,0.0,0.0
2001-01-10 00:00:00-05:00,0.6806033253669739,0.6806033253669739,0.6806033253669739,0.6806033253669739,0,0.0,0.0
2001-01-11 00:00:00-05:00,0.6806033253669739,0.6806033253669739,0.6806033253669739,0.6806033253669739,0,0.0,0.0
2001-01-12 00:00:00-05:00,0.7436221144238456,0.7688296437263489,0.7436221144238456,0.7688296437263489,11300,0.0,0.0
2001-01-16 00:00:00-05:00,0.7310181856155396,0.7688294710784123,0.7310181856155396,0.7310181856155396,8500,0.0,0.0
2001-01-17 00:00:00-05:00,0.7310181856155396,0.7310181856155396,0.7310181856155396,0.7310181856155396,0,0.0,0.0
2001-01-18 00:00:00-05:00,0.7814336700571908,0.9074713587760925,0.7310185945696301,0.9074713587760925,42900,0.0,0.0
2001-01-19 00:00:00-05:00,0.8570559620857239,0.8570559620857239,0.831848433789085,0.8570559620857239,6800,0.0,0.0
2001-01-22 00:00:00-05:00,0.8570559620857239,0.8570559620857239,0.8570559620857239,0.8570559620857239,2200,0.0,0.0
2001-01-23 00:00:00-05:00,0.9074711548654657,0.9578862190246582,0.8822636227858693,0.9578862190246582,5200,0.0,0.0
2001-01-24 00:00:00-05:00,0.9515843360047591,0.9578862190246582,0.9074711548654657,0.9578862190246582,7600,0.0,0.0
2001-01-25 00:00:00-05:00,0.9578862190246582,0.9578862190246582,0.9578862190246582,0.9578862190246582,300,0.0,0.0
2001-01-26 00:00:00-05:00,0.9578864342636533,0.9578864342636533,0.9074713587760925,0.9074713587760925,19500,0.0,0.0
2001-01-29 00:00:00-05:00,0.9578864342636533,0.9578864342636533,0.9074713587760925,0.9074713587760925,200,0.0,0.0
2001-01-30 00:00:00-05:00,0.9578864155588923,0.9830939528104421,0.9326788783073425,0.9326788783073425,7200,0.0,0.0
2001-01-31 00:00:00-05:00,0.9326787897518702,0.9326787897518702,0.882263720035553,0.882263720035553,7000,0.0,0.0
2001-02-01 00:00:00-05:00,0.9074711322784424,1.0587163209915162,0.9074711322784424,1.0083012580871582,12200,0.0,0.0
2001-02-02 00:00:00-05:00,0.983094144471084,1.0335092288029344,0.983094144471084,0.9956979155540466,16700,0.0,0.0
2001-02-05 00:00:00-05:00,0.9830939769744873,0.9830939769744873,0.9830939769744873,0.9830939769744873,400,0.0,0.0
2001-02-06 00:00:00-05:00,1.0335087776184082,1.0587163087798328,1.0335087776184082,1.0335087776184082,10800,0.0,0.0
2001-02-07 00:00:00-05:00,1.083923578262329,1.083923578262329,1.083923578262329,1.083923578262329,2000,0.0,0.0
2001-02-08 00:00:00-05:00,1.0335087895393371,1.0587163209915162,1.0083012580871582,1.0083012580871582,9700,0.0,0.0
2001-02-09 00:00:00-05:00,1.0146033993134131,1.0335090527167687,0.9830939769744873,0.9830939769744873,2800,0.0,0.0
2001-02-12 00:00:00-05:00,0.9830939720074335,0.9830939720074335,0.9074713587760925,0.9074713587760925,3500,0.0,0.0
2001-02-13 00:00:00-05:00,0.9074711218112853,1.0335087776184082,0.9074711218112853,1.0335087776184082,10500,0.0,0.0
2001-02-14 00:00:00-05:00,0.9326786637306214,1.0083012580871582,0.8066410064697266,1.0083012580871582,7100,0.0,0.0
2001-02-15 00:00:00-05:00,0.9326788783073425,0.9326788783073425,0.9326788783073425,0.9326788783073425,500,0.0,0.0
2001-02-16 00:00:00-05:00,0.9074713587760925,0.9578864342636533,0.9074713587760925,0.9074713587760925,2400,0.0,0.0
2001-02-20 00:00:00-05:00,1.0083014900619918,1.0083014900619918,0.9326788783073425,0.9326788783073425,20600,0.0,0.0
2001-02-21 00:00:00-05:00,0.9326788965198729,0.9326788965198729,0.9074713587760925,0.9074713587760925,3800,0.0,0.0
2001-02-22 00:00:00-05:00,0.9200749903014213,0.9200749903014213,0.8318486213684082,0.8318486213684082,6000,0.0,0.0
2001-02-23 00:00:00-05:00,0.7562259691102163,0.7562259691102163,0.7058109045028687,0.7058109045028687,10200,0.0,0.0
2001-02-26 00:00:00-05:00,0.7184148546188108,0.7814337015151978,0.7184148546188108,0.7814337015151978,17400,0.0,0.0
2001-02-27 00:00:00-05:00,0.8318487790323073,0.8318487790323073,0.7814337015151978,0.7814337015151978,4900,0.0,0.0
2001-02-28 00:00:00-05:00,0.7814332328993698,0.7814332328993698,0.7310181856155396,0.7310181856155396,4500,0.0,0.0
2001-03-01 00:00:00-05:00,0.7814337015151978,0.7814337015151978,0.7814337015151978,0.7814337015151978,200,0.0,0.0
2001-03-02 00:00:00-05:00,0.7058107693990072,0.7562258243560791,0.6553957144419352,0.7562258243560791,10300,0.0,0.0
2001-03-05 00:00:00-05:00,0.7562258243560791,0.7562258243560791,0.7562258243560791,0.7562258243560791,1000,0.0,0.0
2001-03-06 00:00:00-05:00,0.7562259691102163,0.7562259691102163,0.7058109045028687,0.7058109045028687,8400,0.0,0.0
2001-03-07 00:00:00-05:00,0.7058109045028687,0.7058109045028687,0.7058109045028687,0.7058109045028687,700,0.0,0.0
2001-03-08 00:00:00-05:00,0.7058109045028687,0.7058109045028687,0.7058109045028687,0.7058109045028687,0,0.0,0.0
2001-03-09 00:00:00-05:00,0.7562258243560791,0.7562258243560791,0.7562258243560791,0.7562258243560791,2500,0.0,0.0
2001-03-12 00:00:00-05:00,0.7058106619736244,0.7310181856155396,0.7058106619736244,0.7310181856155396,5700,0.0,0.0
2001-03-13 00:00:00-05:00,0.7058109045028687,0.7058109045028687,0.7058109045028687,0.7058109045028687,2000,0.0,0.0
2001-03-14 00:00:00-05:00,0.7058106619736244,0.7310181856155396,0.7058106619736244,0.7310181856155396,1400,0.0,0.0
2001-03-15 00:00:00-05:00,0.7058109045028687,0.7058109045028687,0.7058109045028687,0.7058109045028687,700,0.0,0.0
2001-03-16 00:00:00-05:00,0.7058109045028687,0.7058109045028687,0.7058109045028687,0.7058109045028687,100,0.0,0.0
2001-03-19 00:00:00-05:00,0.7058110603919396,0.7058110603919396,0.6553959846496582,0.6553959846496582,4200,0.0,0.0
2001-03-20 00:00:00-05:00,0.6553959846496582,0.6553959846496582,0.6553959846496582,0.6553959846496582,0,0.0,0.0
2001-03-21 00:00:00-05:00,0.693207323551178,0.693207323551178,0.693207323551178,0.693207323551178,1000,0.0,0.0
2001-03-22 00:00:00-05:00,0.6616977006196976,0.6806033492088318,0.6301882863044739,0.6301882863044739,6100,0.0,0.0
2001-03-23 00:00:00-05:00,0.7058106619736244,0.7310181856155396,0.7058106619736244,0.7310181856155396,4900,0.0,0.0
2001-03-26 00:00:00-05:00,0.7310181856155396,0.7310181856155396,0.7310181856155396,0.7310181856155396,0,0.0,0.0
2001-03-27 00:00:00-05:00,0.7058109434524386,0.7058109434524386,0.6301883423682487,0.6364902257919312,7600,0.0,0.0
2001-03-28 00:00:00-05:00,0.6301882863044739,0.6301882863044739,0.6301882863044739,0.6301882863044739,2000,0.0,0.0
2001-03-29 00:00:00-05:00,0.6301882863044739,0.6301882863044739,0.6301882863044739,0.6301882863044739,800,0.0,0.0
2001-03-30 00:00:00-05:00,0.6301882863044739,0.6301882863044739,0.6301882863044739,0.6301882863044739,0,0.0,0.0
2001-04-02 00:00:00-04:00,0.6806034967303276,0.6806034967303276,0.6049808859825134,0.6049808859825134,3600,0.0,0.0
2001-04-03 00:00:00-04:00,0.6049808859825134,0.6049808859825134,0.6049808859825134,0.6049808859825134,13600,0.0,0.0
2001-04-04 00:00:00-04:00,0.611282770211498,0.611282770211498,0.6049808859825134,0.6049808859825134,8000,0.0,0.0
2001-04-05 00:00:00-04:00,0.6049808859825134,0.6049808859825134,0.6049808859825134,0.6049808859825134,3400,0.0,0.0
2001-04-06 00:00:00-04:00,0.604981077478287,0.604981077478287,0.5545659876884298,0.5923773050308228,2700,0.0,0.0
2001-04-09 00:00:00-04:00,0.5283499506798724,0.6049808859825134,0.5283499506798724,0.6049808859825134,200,0.0,0.0
2001-04-10 00:00:00-04:00,0.5686821341514587,0.5686821341514587,0.5686821341514587,0.5686821341514587,2000,0.0,0.0
2001-04-11 00:00:00-04:00,0.5606155395507812,0.5606155395507812,0.5606155395507812,0.5606155395507812,3000,0.0,0.0
2001-04-12 00:00:00-04:00,0.5565824508666992,0.5565824508666992,0.5565824508666992,0.5565824508666992,2300,0.0,0.0
2001-04-16 00:00:00-04:00,0.5565824508666992,0.5565824508666992,0.5565824508666992,0.5565824508666992,0,0.0,0.0
2001-04-17 00:00:00-04:00,0.5565824508666992,0.5565824508666992,0.5565824508666992,0.5565824508666992,0,0.0,0.0
2001-04-18 00:00:00-04:00,0.5848147869110107,0.5848147869110107,0.5848147869110107,0.5848147869110107,1000,0.0,0.0
2001-04-19 00:00:00-04:00,0.5848148756815874,0.6049808859825134,0.5848148756815874,0.6049808859825134,8400,0.0,0.0
2001-04-20 00:00:00-04:00,0.6130472432181602,0.6453129053115845,0.6130472432181602,0.6453129053115845,7200,0.0,0.0
2001-04-23 00:00:00-04:00,0.6332132816314697,0.6332132816314697,0.6332132816314697,0.6332132816314697,6500,0.0,0.0
2001-04-24 00:00:00-04:00,0.6332132816314697,0.6332132816314697,0.6332132816314697,0.6332132816314697,0,0.0,0.0
2001-04-25 00:00:00-04:00,0.6291800737380981,0.6291800737380981,0.6291800737380981,0.6291800737380981,1800,0.0,0.0
2001-04-26 00:00:00-04:00,0.6291800737380981,0.6291800737380981,0.6291800737380981,0.6291800737380981,1500,0.0,0.0
2001-04-27 00:00:00-04:00,0.6251468062400818,0.6251468062400818,0.6251468062400818,0.6251468062400818,1900,0.0,0.0
2001-04-30 00:00:00-04:00,0.6211134791374207,0.6211134791374207,0.6211134791374207,0.6211134791374207,1000,0.0,0.0
2001-05-01 00:00:00-04:00,0.6170805096626282,0.6170805096626282,0.6170805096626282,0.6170805096626282,300,0.0,0.0
2001-05-02 00:00:00-04:00,0.6170805096626282,0.6170805096626282,0.6170805096626282,0.6170805096626282,1300,0.0,0.0
2001-05-03 00:00:00-04:00,0.6170805096626282,0.6170805096626282,0.6170805096626282,0.6170805096626282,0,0.0,0.0
2001-05-04 00:00:00-04:00,0.6170804449698936,0.6453129053115845,0.6170804449698936,0.6453129053115845,1100,0.0,0.0
2001-05-07 00:00:00-04:00,0.6453129053115845,0.6453129053115845,0.6453129053115845,0.6453129053115845,0,0.0,0.0
2001-05-08 00:00:00-04:00,0.6453129053115845,0.6453129053115845,0.6453129053115845,0.6453129053115845,0,0.0,0.0
2001-05-09 00:00:00-04:00,0.645312819492335,0.6654788255691528,0.645312819492335,0.6654788255691528,4200,0.0,0.0
2001-05-10 00:00:00-04:00,0.6654788255691528,0.6654788255691528,0.6654788255691528,0.6654788255691528,0,0.0,0.0
2001-05-11 00:00:00-04:00,0.6654788255691528,0.6654788255691528,0.6654788255691528,0.6654788255691528,0,0.0,0.0
2001-05-14 00:00:00-04:00,0.6453129053115845,0.6453129053115845,0.6453129053115845,0.6453129053115845,500,0.0,0.0
2001-05-15 00:00:00-04:00,0.6453129053115845,0.6453129053115845,0.6453129053115845,0.6453129053115845,0,0.0,0.0
2001-05-16 00:00:00-04:00,0.6453128617159403,0.6453128617159403,0.6251468062400818,0.6251468062400818,2000,0.0,0.0
2001-05-17 00:00:00-04:00,0.6251468062400818,0.6251468062400818,0.6251468062400818,0.6251468062400818,1000,0.0,0.0
2001-05-18 00:00:00-04:00,0.6251468062400818,0.6251468062400818,0.6251468062400818,0.6251468062400818,0,0.0,0.0
2001-05-21 00:00:00-04:00,0.6251468962834394,0.6251468962834394,0.6049808859825134,0.6049808859825134,5500,0.0,0.0
2001-05-22 00:00:00-04:00,0.6049808859825134,0.6049808859825134,0.6049808859825134,0.6049808859825134,2300,0.0,0.0
2001-05-23 00:00:00-04:00,0.6049808859825134,0.6049808859825134,0.6049808859825134,0.6049808859825134,0,0.0,0.0
2001-05-24 00:00:00-04:00,0.6453126934699361,0.6856447458267212,0.6453126934699361,0.6856447458267212,26600,0.0,0.0
2001-05-25 00:00:00-04:00,0.6856448797255217,0.6856448797255217,0.6654788255691528,0.6654788255691528,2000,0.0,0.0
2001-05-29 00:00:00-04:00,0.6654788255691528,0.6654788255691528,0.6654788255691528,0.6654788255691528,0,0.0,0.0
2001-05-30 00:00:00-04:00,0.6856447458267212,0.6856447458267212,0.6856447458267212,0.6856447458267212,2500,0.0,0.0
2001-05-31 00:00:00-04:00,0.6775782968917309,0.7058107479653429,0.6775782968917309,0.6856447458267212,6200,0.0,0.0
2001-06-01 00:00:00-04:00,0.6856447458267212,0.6856447458267212,0.6856447458267212,0.6856447458267212,700,0.0,0.0
2001-06-04 00:00:00-04:00,0.6856448865644459,0.6856448865644459,0.6695120334625244,0.6695120334625244,15800,0.0,0.0
2001-06-05 00:00:00-04:00,0.6695120334625244,0.6695120334625244,0.6695120334625244,0.6695120334625244,0,0.0,0.0
2001-06-06 00:00:00-04:00,0.6735453009605408,0.6735453009605408,0.6735453009605408,0.6735453009605408,3700,0.0,0.0
2001-06-07 00:00:00-04:00,0.6856448978917504,0.7058109045028687,0.6856448978917504,0.7058109045028687,3000,0.0,0.0
2001-06-08 00:00:00-04:00,0.7058109045028687,0.7058109045028687,0.7058109045028687,0.7058109045028687,1000,0.0,0.0
2001-06-11 00:00:00-04:00,0.6856447458267212,0.6856447458267212,0.6856447458267212,0.6856447458267212,1200,0.0,0.0
2001-06-12 00:00:00-04:00,0.6856448797255217,0.6856448797255217,0.6654788255691528,0.6654788255691528,3000,0.0,0.0
2001-06-13 00:00:00-04:00,0.6453129053115845,0.6453129053115845,0.6453129053115845,0.6453129053115845,12500,0.0,0.0
2001-06-14 00:00:00-04:00,0.6816115975379944,0.6816115975379944,0.6816115975379944,0.6816115975379944,100,0.0,0.0
2001-06-15 00:00:00-04:00,0.6453129053115845,0.6453129053115845,0.6453129053115845,0.6453129053115845,1000,0.0,0.0
2001-06-18 00:00:00-04:00,0.6453129053115845,0.6453129053115845,0.6453129053115845,0.6453129053115845,0,0.0,0.0
2001-06-19 00:00:00-04:00,0.6533792018890381,0.6533792018890381,0.6533792018890381,0.6533792018890381,1000,0.0,0.0
2001-06-20 00:00:00-04:00,0.6533792018890381,0.6533792018890381,0.6533792018890381,0.6533792018890381,1000,0.0,0.0
2001-06-21 00:00:00-04:00,0.6533792018890381,0.6533792018890381,0.6533792018890381,0.6533792018890381,1500,0.0,0.0
2001-06-22 00:00:00-04:00,0.6533793076921904,0.6533793076921904,0.6130472421646118,0.6130472421646118,11200,0.0,0.0
2001-06-25 00:00:00-04:00,0.6533793025575332,0.6654789076968534,0.6412796974182129,0.6412796974182129,12500,0.0,0.0
2001-06-26 00:00:00-04:00,0.657412588596344,0.657412588596344,0.657412588596344,0.657412588596344,1000,0.0,0.0
2001-06-27 00:00:00-04:00,0.6412796974182129,0.6412796974182129,0.6412796974182129,0.6412796974182129,500,0.0,0.0
2001-06-28 00:00:00-04:00,0.6412795305345913,0.6412795305345913,0.6211134791374207,0.6211134791374207,2600,0.0,0.0
2001-06-29 00:00:00-04:00,0.6170805096626282,0.6170805096626282,0.6170805096626282,0.6170805096626282,500,0.0,0.0
2001-07-02 00:00:00-04:00,0.6170805584676256,0.6170805584676256,0.5686820804654844,0.6090141534805298,11400,0.0,0.0
2001-07-03 00:00:00-04:00,0.6130473559740777,0.6130473559740777,0.6090141534805298,0.6090141534805298,2800,0.0,0.0
2001-07-05 00:00:00-04:00,0.6332132816314697,0.6493460881689791,0.6332132816314697,0.6332132816314697,51600,0.0,0.0
2001-07-06 00:00:00-04:00,0.6332132816314697,0.6332132816314697,0.6332132816314697,0.6332132816314697,0,0.0,0.0
2001-07-09 00:00:00-04:00,0.6170803984948102,0.6170803984948102,0.5848147869110107,0.5848147869110107,6200,0.0,0.0
2001-07-10 00:00:00-04:00,0.5848147869110107,0.5848147869110107,0.5848147869110107,0.5848147869110107,0,0.0,0.0
2001-07-11 00:00:00-04:00,0.6009478052254227,0.6009478052254227,0.5686821341514587,0.5686821341514587,9500,0.0,0.0
2001-07-12 00:00:00-04:00,0.5686819593223204,0.6332132816314697,0.5686819593223204,0.6332132816314697,600,0.0,0.0
2001-07-13 00:00:00-04:00,0.6332132816314697,0.6332132816314697,0.6332132816314697,0.6332132816314697,0,0.0,0.0
2001-07-16 00:00:00-04:00,0.6332132572781577,0.6453128617159403,0.6251468062400818,0.6251468062400818,6000,0.0,0.0
2001-07-17 00:00:00-04:00,0.6251468062400818,0.6251468062400818,0.6251468062400818,0.6251468062400818,0,0.0,0.0
2001-07-18 00:00:00-04:00,0.6130471970468353,0.6130471970468353,0.5848147869110107,0.5848147869110107,3600,0.0,0.0
2001-07-19 00:00:00-04:00,0.5848147869110107,0.5848147869110107,0.5848147869110107,0.5848147869110107,0,0.0,0.0
2001-07-20 00:00:00-04:00,0.5888481410127901,0.6090141534805298,0.5848149385192423,0.6090141534805298,4500,0.0,0.0
2001-07-23 00:00:00-04:00,0.5807816444515609,0.5807816444515609,0.5444827796534487,0.5525491833686829,5700,0.0,0.0
2001-07-24 00:00:00-04:00,0.5525491833686829,0.5525491833686829,0.5525491833686829,0.5525491833686829,0,0.0,0.0
2001-07-25 00:00:00-04:00,0.5364163517951965,0.5364163517951965,0.5364163517951965,0.5364163517951965,300,0.0,0.0
2001-07-26 00:00:00-04:00,0.5364163517951965,0.5364163517951965,0.5364163517951965,0.5364163517951965,0,0.0,0.0
2001-07-27 00:00:00-04:00,0.5364163517951965,0.5364163517951965,0.5364163517951965,0.5364163517951965,0,0.0,0.0
2001-07-30 00:00:00-04:00,0.6090140880426986,0.6251468962834394,0.6049808859825134,0.6049808859825134,11900,0.0,0.0
2001-07-31 00:00:00-04:00,0.6251467653359661,0.6654788255691528,0.6251467653359661,0.6654788255691528,2600,0.0,0.0
2001-08-01 00:00:00-04:00,0.6735452347181169,0.6735452347181169,0.6695120334625244,0.6695120334625244,5500,0.0,0.0
2001-08-02 00:00:00-04:00,0.6695120334625244,0.6695120334625244,0.6695120334625244,0.6695120334625244,1500,0.0,0.0
2001-08-03 00:00:00-04:00,0.6291800077193427,0.6291800077193427,0.6049807988437775,0.6251468062400818,9600,0.0,0.0
2001-08-06 00:00:00-04:00,0.6251468062400818,0.6251468062400818,0.6251468062400818,0.6251468062400818,0,0.0,0.0
2001-08-07 00:00:00-04:00,0.6170805584676256,0.6211137609611735,0.6090141534805298,0.6090141534805298,8500,0.0,0.0
2001-08-08 00:00:00-04:00,0.6090140956953962,0.6090140956953962,0.5767484307289124,0.5767484307289124,15200,0.0,0.0
2001-08-09 00:00:00-04:00,0.5767483353614807,0.584814786328956,0.5041506612906331,0.524316668510437,40000,0.0,0.0
2001-08-10 00:00:00-04:00,0.6009475921047991,0.6009475921047991,0.524316668510437,0.524316668510437,13000,0.0,0.0
2001-08-13 00:00:00-04:00,0.5444827238097946,0.5444827238097946,0.524316668510437,0.524316668510437,17700,0.0,0.0
2001-08-14 00:00:00-04:00,0.5283498361594866,0.5283498361594866,0.5041506290435791,0.5041506290435791,10500,0.0,0.0
2001-08-15 00:00:00-04:00,0.5081838302295637,0.5081838302295637,0.5041506290435791,0.5041506290435791,2700,0.0,0.0
2001-08-16 00:00:00-04:00,0.5041506988958396,0.5041506988958396,0.4436526246442503,0.45978543162345886,8200,0.0,0.0
2001-08-17 00:00:00-04:00,0.46381860765606253,0.46381860765606253,0.44365260004997253,0.44365260004997253,23500,0.0,0.0
2001-08-20 00:00:00-04:00,0.4436525191217354,0.4436525191217354,0.431552916765213,0.431552916765213,1200,0.0,0.0
2001-08-21 00:00:00-04:00,0.44365260004997253,0.44365260004997253,0.44365260004997253,0.44365260004997253,1700,0.0,0.0
2001-08-22 00:00:00-04:00,0.4436525567154432,0.4638185623517838,0.43155295333363886,0.435586154460907,10800,0.0,0.0
2001-08-23 00:00:00-04:00,0.431552916765213,0.431552916765213,0.431552916765213,0.431552916765213,5000,0.0,0.0
2001-08-24 00:00:00-04:00,0.4234864567632498,0.4234864567632498,0.41542005538940424,0.4154200553894043,6500,0.0,0.0
2001-08-27 00:00:00-04:00,0.41542005538940424,0.41542005538940424,0.41542005538940424,0.4154200553894043,3600,0.0,0.0
2001-08-28 00:00:00-04:00,0.4638185623517838,0.4638185623517838,0.42348650299955265,0.435586154460907,10700,0.0,0.0
2001-08-29 00:00:00-04:00,0.44365259256646233,0.4638185998323931,0.4275197386741638,0.4275197386741638,11200,0.0,0.0
2001-08-30 00:00:00-04:00,0.4275197386741638,0.4275197386741638,0.4275197386741638,0.4275197386741638,0,0.0,0.0
2001-08-31 00:00:00-04:00,0.46381860765606253,0.46381860765606253,0.44365260004997253,0.44365260004997253,2200,0.0,0.0
2001-09-04 00:00:00-04:00,0.48398473858833313,0.48398473858833313,0.48398473858833313,0.48398473858833313,500,0.0,0.0
2001-09-05 00:00:00-04:00,0.48398473858833313,0.48398473858833313,0.48398473858833313,0.48398473858833313,1000,0.0,0.0
2001-09-06 00:00:00-04:00,0.46381848008059046,0.5162501335144043,0.46381848008059046,0.5162501335144043,1800,0.0,0.0
2001-09-07 00:00:00-04:00,0.5162501335144043,0.5162501335144043,0.5162501335144043,0.5162501335144043,0,0.0,0.0
2001-09-10 00:00:00-04:00,0.5162501335144043,0.5162501335144043,0.5162501335144043,0.5162501335144043,0,0.0,0.0
2001-09-17 00:00:00-04:00,0.46381875872612,0.46381875872612,0.46381875872612,0.46381875872612,300,0.0,0.0
2001-09-18 00:00:00-04:00,0.42348656058311457,0.42348656058311457,0.42348656058311457,0.4234865605831146,100,0.0,0.0
2001-09-19 00:00:00-04:00,0.42348656058311457,0.42348656058311457,0.42348656058311457,0.4234865605831146,0,0.0,0.0
2001-09-20 00:00:00-04:00,0.41542015590704295,0.41542015590704295,0.4033205509185791,0.4033205509185791,2300,0.0,0.0
2001-09-21 00:00:00-04:00,0.42348656058311457,0.42348656058311457,0.42348656058311457,0.4234865605831146,5000,0.0,0.0
2001-09-24 00:00:00-04:00,0.42348656058311457,0.42348656058311457,0.42348656058311457,0.4234865605831146,0,0.0,0.0
2001-09-25 00:00:00-04:00,0.48398473858833313,0.48398473858833313,0.48398473858833313,0.48398473858833313,300,0.0,0.0
2001-09-26 00:00:00-04:00,0.48398473858833313,0.48398473858833313,0.48398473858833313,0.48398473858833313,0,0.0,0.0
2001-09-27 00:00:00-04:00,0.44365260004997253,0.44365260004997253,0.44365260004997253,0.44365260004997253,3600,0.0,0.0
2001-09-28 00:00:00-04:00,0.48398465407082936,0.524316668510437,0.48398465407082936,0.524316668510437,1300,0.0,0.0
2001-10-01 00:00:00-04:00,0.5041506290435791,0.5041506290435791,0.5041506290435791,0.5041506290435791,1500,0.0,0.0
2001-10-02 00:00:00-04:00,0.5041506290435791,0.5041506290435791,0.5041506290435791,0.5041506290435791,500,0.0,0.0
2001-10-03 00:00:00-04:00,0.4880178555147901,0.524316668510437,0.4880178555147901,0.524316668510437,5800,0.0,0.0
2001-10-04 00:00:00-04:00,0.488017935830727,0.488017935830727,0.4678518772125244,0.4678518772125244,2100,0.0,0.0
2001-10-05 00:00:00-04:00,0.4678518772125244,0.4678518772125244,0.4678518772125244,0.4678518772125244,400,0.0,0.0
2001-10-08 00:00:00-04:00,0.4678518772125244,0.4678518772125244,0.4678518772125244,0.4678518772125244,0,0.0,0.0
2001-10-09 00:00:00-04:00,0.4678518772125244,0.4678518772125244,0.4678518772125244,0.4678518772125244,0,0.0,0.0
2001-10-10 00:00:00-04:00,0.4678518772125244,0.4678518772125244,0.4678518772125244,0.4678518772125244,0,0.0,0.0
2001-10-11 00:00:00-04:00,0.4678518772125244,0.4678518772125244,0.4678518772125244,0.4678518772125244,0,0.0,0.0
2001-10-12 00:00:00-04:00,0.4678518772125244,0.4678518772125244,0.4678518772125244,0.4678518772125244,1200,0.0,0.0
2001-10-15 00:00:00-04:00,0.4678517702901672,0.5041506290435791,0.4678517702901672,0.5041506290435791,200,0.0,0.0
2001-10-16 00:00:00-04:00,0.5041506290435791,0.5041506290435791,0.5041506290435791,0.5041506290435791,0,0.0,0.0
2001-10-17 00:00:00-04:00,0.4678518772125244,0.4678518772125244,0.4678518772125244,0.4678518772125244,100,0.0,0.0
2001-10-18 00:00:00-04:00,0.4678518772125244,0.4678518772125244,0.4678518772125244,0.4678518772125244,0,0.0,0.0
2001-10-19 00:00:00-04:00,0.4718850287708611,0.4718850287708611,0.42348656058311457,0.4234865605831146,500,0.0,0.0
2001-10-22 00:00:00-04:00,0.42348656058311457,0.42348656058311457,0.42348656058311457,0.4234865605831146,0,0.0,0.0
2001-10-23 00:00:00-04:00,0.42348656058311457,0.42348656058311457,0.42348656058311457,0.4234865605831146,0,0.0,0.0
2001-10-24 00:00:00-04:00,0.46381875872612,0.46381875872612,0.46381875872612,0.46381875872612,3000,0.0,0.0
2001-10-25 00:00:00-04:00,0.4638184907527274,0.4638184907527274,0.44768568873405457,0.44768568873405457,3100,0.0,0.0
2001-10-26 00:00:00-04:00,0.44768568873405457,0.44768568873405457,0.44768568873405457,0.44768568873405457,0,0.0,0.0
2001-10-29 00:00:00-05:00,0.44768568873405457,0.44768568873405457,0.44768568873405457,0.44768568873405457,0,0.0,0.0
2001-10-30 00:00:00-05:00,0.49205102548562535,0.5041506290435791,0.49205102548562535,0.5041506290435791,4200,0.0,0.0
2001-10-31 00:00:00-05:00,0.5162504201530548,0.5444828867912292,0.5162504201530548,0.5444828867912292,8900,0.0,0.0
2001-11-01 00:00:00-05:00,0.5606156642407407,0.5646488666534424,0.5364164497645312,0.5646488666534424,6400,0.0,0.0
2001-11-02 00:00:00-05:00,0.6049807941508853,0.6372464538142386,0.5848147869110107,0.5848147869110107,14600,0.0,0.0
2001-11-05 00:00:00-05:00,0.5848147869110107,0.5848147869110107,0.5848147869110107,0.5848147869110107,0,0.0,0.0
2001-11-06 00:00:00-05:00,0.5848147869110107,0.5848147869110107,0.5848147869110107,0.5848147869110107,0,0.0,0.0
2001-11-07 00:00:00-05:00,0.5686817738887961,0.625146626437797,0.5686817738887961,0.5928810238838196,8500,0.0,0.0
2001-11-08 00:00:00-05:00,0.588848031695799,0.6130472421646118,0.588848031695799,0.6130472421646118,1100,0.0,0.0
2001-11-09 00:00:00-05:00,0.6251468302831591,0.6332132816314697,0.6251468302831591,0.6332132816314697,1900,0.0,0.0
2001-11-12 00:00:00-05:00,0.6332132816314697,0.6332132816314697,0.6332132816314697,0.6332132816314697,0,0.0,0.0
2001-11-13 00:00:00-05:00,0.6049807696233904,0.7058108978939556,0.6049807696233904,0.7017776966094971,21400,0.0,0.0
2001-11-14 00:00:00-05:00,0.6896781013326608,0.6896781013326608,0.6775784492492676,0.6775784492492676,9100,0.0,0.0
2001-11-15 00:00:00-05:00,0.6775785181610032,0.6775785181610032,0.6130472421646118,0.6130472421646118,5200,0.0,0.0
2001-11-16 00:00:00-05:00,0.6453127997056444,0.6533792018890381,0.6453127997056444,0.6533792018890381,3000,0.0,0.0
2001-11-19 00:00:00-05:00,0.6251468062400818,0.6251468062400818,0.6251468062400818,0.6251468062400818,2500,0.0,0.0
2001-11-20 00:00:00-05:00,0.6533790943253849,0.6856447458267212,0.6533790943253849,0.6856447458267212,900,0.0,0.0
2001-11-21 00:00:00-05:00,0.6695120334625244,0.6695120334625244,0.6695120334625244,0.6695120334625244,1000,0.0,0.0
2001-11-23 00:00:00-05:00,0.6372464895248413,0.6372464895248413,0.6372464895248413,0.6372464895248413,500,0.0,0.0
2001-11-26 00:00:00-05:00,0.6372464895248413,0.6372464895248413,0.6372464895248413,0.6372464895248413,200,0.0,0.0
2001-11-27 00:00:00-05:00,0.6049809374327741,0.6049809374327741,0.5243167932099115,0.5283499956130981,4600,0.0,0.0
2001-11-28 00:00:00-05:00,0.5646488666534424,0.5646488666534424,0.5646488666534424,0.5646488666534424,1700,0.0,0.0
2001-11-29 00:00:00-05:00,0.6453128567101886,0.6453128567101886,0.5646487315915822,0.5848147869110107,4200,0.0,0.0
2001-11-30 00:00:00-05:00,0.5646488666534424,0.5646488666534424,0.5646488666534424,0.5646488666534424,2000,0.0,0.0
2001-12-03 00:00:00-05:00,0.5848149937282261,0.5848149937282261,0.5686821341514587,0.5686821341514587,3200,0.0,0.0
2001-12-04 00:00:00-05:00,0.5686821341514587,0.5686821341514587,0.5686821341514587,0.5686821341514587,400,0.0,0.0
2001-12-05 00:00:00-05:00,0.5686820265071818,0.5767484307289124,0.5686820265071818,0.5767484307289124,900,0.0,0.0
2001-12-06 00:00:00-05:00,0.5727152214214708,0.6049808859825134,0.5727152214214708,0.6049808859825134,1300,0.0,0.0
2001-12-07 00:00:00-05:00,0.5767484307289124,0.5767484307289124,0.5767484307289124,0.5767484307289124,1700,0.0,0.0
2001-12-10 00:00:00-05:00,0.5807816809193393,0.5807816809193393,0.5767484307289124,0.5767484307289124,600,0.0,0.0
2001-12-11 00:00:00-05:00,0.5686819342913491,0.5686819342913491,0.48801785707473755,0.48801785707473755,29900,0.0,0.0
2001-12-12 00:00:00-05:00,0.5122171035398929,0.5243167088015697,0.4920510947704315,0.4920510947704315,6800,0.0,0.0
2001-12-13 00:00:00-05:00,0.4920510947704315,0.4920510947704315,0.4920510947704315,0.4920510947704315,0,0.0,0.0
2001-12-14 00:00:00-05:00,0.4920510947704315,0.4920510947704315,0.4920510947704315,0.4920510947704315,0,0.0,0.0
2001-12-17 00:00:00-05:00,0.5081839847960546,0.5646488666534424,0.5081839847960546,0.5646488666534424,2500,0.0,0.0
2001-12-18 00:00:00-05:00,0.5404496509022232,0.5404496509022232,0.5202835908067249,0.5283499956130981,6200,0.0,0.0
2001-12-19 00:00:00-05:00,0.5283499956130981,0.5283499956130981,0.5283499956130981,0.5283499956130981,0,0.0,0.0
2001-12-20 00:00:00-05:00,0.5283499956130981,0.5283499956130981,0.5283499956130981,0.5283499956130981,0,0.0,0.0
2001-12-21 00:00:00-05:00,0.5646487315915822,0.5848147869110107,0.5646487315915822,0.5848147869110107,6100,0.0,0.0
2001-12-24 00:00:00-05:00,0.5646488666534424,0.5646488666534424,0.5646488666534424,0.5646488666534424,1100,0.0,0.0
2001-12-26 00:00:00-05:00,0.5646488666534424,0.5646488666534424,0.5646488666534424,0.5646488666534424,0,0.0,0.0
2001-12-27 00:00:00-05:00,0.5444827551473781,0.5444827551473781,0.5364163517951965,0.5364163517951965,5300,0.0,0.0
2001-12-28 00:00:00-05:00,0.5323831740805975,0.5525491833686829,0.5323831740805975,0.5525491833686829,4700,0.0,0.0
2001-12-31 00:00:00-05:00,0.5606156642407407,0.5928813316219188,0.5606156642407407,0.5646488666534424,9600,0.0,0.0
2002-01-02 00:00:00-05:00,0.6009476839223282,0.6453129546639266,0.6009476839223282,0.6049808859825134,7300,0.0,0.0
2002-01-03 00:00:00-05:00,0.5848147869110107,0.5848147869110107,0.5848147869110107,0.5848147869110107,100,0.0,0.0
2002-01-04 00:00:00-05:00,0.6251468062400818,0.6251468062400818,0.6049807988437775,0.6251468062400818,8100,0.0,0.0
2002-01-07 00:00:00-05:00,0.6251468062400818,0.6251468062400818,0.6251468062400818,0.6251468062400818,1800,0.0,0.0
2002-01-08 00:00:00-05:00,0.6130472421646118,0.6130472421646118,0.6130472421646118,0.6130472421646118,800,0.0,0.0
2002-01-09 00:00:00-05:00,0.6130472901028838,0.6130472901028838,0.6049808859825134,0.6049808859825134,1400,0.0,0.0
2002-01-10 00:00:00-05:00,0.6211134791374207,0.6211134791374207,0.6211134791374207,0.6211134791374207,1000,0.0,0.0
2002-01-11 00:00:00-05:00,0.6049808859825134,0.6049808859825134,0.6049808859825134,0.6049808859825134,1700,0.0,0.0
2002-01-14 00:00:00-05:00,0.6211134791374207,0.6332131292075408,0.6211134791374207,0.6211134791374207,5200,0.0,0.0
2002-01-15 00:00:00-05:00,0.645312911415076,0.6533793149948363,0.645312911415076,0.649346113204956,4200,0.0,0.0
2002-01-16 00:00:00-05:00,0.6574124231384257,0.6654788255691528,0.6574124231384257,0.6654788255691528,14200,0.0,0.0
2002-01-17 00:00:00-05:00,0.6856450522890001,0.6856450522890001,0.657412588596344,0.657412588596344,7600,0.0,0.0
2002-01-18 00:00:00-05:00,0.6654789930572277,0.6654789930572277,0.657412588596344,0.657412588596344,4600,0.0,0.0
2002-01-22 00:00:00-05:00,0.6654789140702513,0.6654789140702513,0.6453129053115845,0.6453129053115845,18000,0.0,0.0
2002-01-23 00:00:00-05:00,0.6372466062412018,0.6372466062412018,0.548516057002636,0.5646488666534424,14200,0.0,0.0
2002-01-24 00:00:00-05:00,0.5646488666534424,0.5646488666534424,0.5646488666534424,0.5646488666534424,0,0.0,0.0
2002-01-25 00:00:00-05:00,0.5444828867912292,0.5444828867912292,0.5444828867912292,0.5444828867912292,100,0.0,0.0
2002-01-28 00:00:00-05:00,0.5444828533054098,0.5444828533054098,0.5283499956130981,0.5283499956130981,1000,0.0,0.0
2002-01-29 00:00:00-05:00,0.5646488666534424,0.5646488666534424,0.5646488666534424,0.5646488666534424,1700,0.0,0.0
2002-01-30 00:00:00-05:00,0.5444828867912292,0.5444828867912292,0.5444828867912292,0.5444828867912292,1500,0.0,0.0
2002-01-31 00:00:00-05:00,0.5646488666534424,0.5646488666534424,0.5646488666534424,0.5646488666534424,6000,0.0,0.0
2002-02-01 00:00:00-05:00,0.5646488666534424,0.5646488666534424,0.5646488666534424,0.5646488666534424,0,0.0,0.0
2002-02-04 00:00:00-05:00,0.5807815527749784,0.6009475588798523,0.5807815527749784,0.6009475588798523,2700,0.0,0.0
2002-02-05 00:00:00-05:00,0.5969143373674793,0.5969143373674793,0.5888479351997375,0.5888479351997375,900,0.0,0.0
2002-02-06 00:00:00-05:00,0.5888479883589857,0.5888479883589857,0.5848147869110107,0.5848147869110107,1300,0.0,0.0
2002-02-07 00:00:00-05:00,0.5807815848849952,0.5807815848849952,0.524316668510437,0.524316668510437,8600,0.0,0.0
2002-02-08 00:00:00-05:00,0.524316668510437,0.524316668510437,0.524316668510437,0.524316668510437,200,0.0,0.0
2002-02-11 00:00:00-05:00,0.5444827238097946,0.5444827238097946,0.524316668510437,0.524316668510437,4400,0.0,0.0
2002-02-12 00:00:00-05:00,0.524316668510437,0.524316668510437,0.524316668510437,0.524316668510437,400,0.0,0.0
2002-02-13 00:00:00-05:00,0.524316668510437,0.524316668510437,0.524316668510437,0.524316668510437,800,0.0,0.0
2002-02-14 00:00:00-05:00,0.524316668510437,0.524316668510437,0.524316668510437,0.524316668510437,0,0.0,0.0
2002-02-15 00:00:00-05:00,0.5243167841209615,0.5565824508666992,0.504150772454603,0.5565824508666992,9000,0.0,0.0
2002-02-19 00:00:00-05:00,0.5565824508666992,0.5565824508666992,0.5565824508666992,0.5565824508666992,0,0.0,0.0
2002-02-20 00:00:00-05:00,0.5243166620110309,0.5243166620110309,0.5041506550412039,0.5202834606170654,7200,0.0,0.0
2002-02-21 00:00:00-05:00,0.5243167932099115,0.5364164484990366,0.5041507811939785,0.5283499956130981,18200,0.0,0.0
2002-02-22 00:00:00-05:00,0.5364163209218731,0.5364163209218731,0.524316668510437,0.524316668510437,700,0.0,0.0
2002-02-25 00:00:00-05:00,0.508184015750885,0.508184015750885,0.508184015750885,0.508184015750885,3500,0.0,0.0
2002-02-26 00:00:00-05:00,0.508184015750885,0.508184015750885,0.508184015750885,0.508184015750885,0,0.0,0.0
2002-02-27 00:00:00-05:00,0.5565824508666992,0.5565824508666992,0.5444828438668842,0.5565824508666992,400,0.0,0.0
2002-02-28 00:00:00-05:00,0.5444827487887957,0.5444827487887957,0.532383143901825,0.532383143901825,2800,0.0,0.0
2002-03-01 00:00:00-05:00,0.532383143901825,0.532383143901825,0.532383143901825,0.532383143901825,3000,0.0,0.0
2002-03-04 00:00:00-05:00,0.5323831289412146,0.5606155395507812,0.5243166778303553,0.5606155395507812,7700,0.0,0.0
2002-03-05 00:00:00-05:00,0.5283498941932788,0.532383143901825,0.48398467627438635,0.532383143901825,7700,0.0,0.0
2002-03-06 00:00:00-05:00,0.5364163142724802,0.5364163142724802,0.5081838564351693,0.5202834606170654,8600,0.0,0.0
2002-03-07 00:00:00-05:00,0.5202834606170654,0.5202834606170654,0.5202834606170654,0.5202834606170654,0,0.0,0.0
2002-03-08 00:00:00-05:00,0.5202834606170654,0.5202834606170654,0.5202834606170654,0.5202834606170654,0,0.0,0.0
2002-03-11 00:00:00-05:00,0.524316668510437,0.524316668510437,0.524316668510437,0.524316668510437,700,0.0,0.0
2002-03-12 00:00:00-05:00,0.5243167841209615,0.5565824508666992,0.5243167841209615,0.5565824508666992,8500,0.0,0.0
2002-03-13 00:00:00-05:00,0.5606154923239108,0.5969143509864807,0.5404494864444556,0.5969143509864807,10000,0.0,0.0
2002-03-14 00:00:00-05:00,0.5646488666534424,0.5646488666534424,0.5646488666534424,0.5646488666534424,4700,0.0,0.0
2002-03-15 00:00:00-05:00,0.5565823286956324,0.5848147869110107,0.5565823286956324,0.5848147869110107,3000,0.0,0.0
2002-03-18 00:00:00-05:00,0.568681942582086,0.568681942582086,0.5606155395507812,0.5606155395507812,2000,0.0,0.0
2002-03-19 00:00:00-05:00,0.5606156629181562,0.5606156629181562,0.5283499956130981,0.5283499956130981,8100,0.0,0.0
2002-03-20 00:00:00-05:00,0.5444827487887957,0.5444827487887957,0.532383143901825,0.532383143901825,2600,0.0,0.0
2002-03-21 00:00:00-05:00,0.5606155395507812,0.5606155395507812,0.5606155395507812,0.5606155395507812,100,0.0,0.0
2002-03-22 00:00:00-05:00,0.5606155395507812,0.5606155395507812,0.5606155395507812,0.5606155395507812,0,0.0,0.0
2002-03-25 00:00:00-05:00,0.5565824618280392,0.5848149267965157,0.5565824618280392,0.5646488666534424,13000,0.0,0.0
2002-03-26 00:00:00-05:00,0.5404494404792786,0.5404494404792786,0.5404494404792786,0.5404494404792786,5500,0.0,0.0
2002-03-27 00:00:00-05:00,0.560615587083917,0.560615587083917,0.5444827796534487,0.5525491833686829,9400,0.0,0.0
2002-03-28 00:00:00-05:00,0.5646488555332426,0.5646488555332426,0.5565824508666992,0.5565824508666992,3000,0.0,0.0
2002-04-01 00:00:00-05:00,0.5525491833686829,0.5525491833686829,0.5525491833686829,0.5525491833686829,3000,0.0,0.0
2002-04-02 00:00:00-05:00,0.5525492920936882,0.5525492920936882,0.5444828867912292,0.5444828867912292,1600,0.0,0.0
2002-04-03 00:00:00-05:00,0.5444828867912292,0.5444828867912292,0.5444828867912292,0.5444828867912292,0,0.0,0.0
2002-04-04 00:00:00-05:00,0.5444828867912292,0.5444828867912292,0.5444828867912292,0.5444828867912292,0,0.0,0.0
2002-04-05 00:00:00-05:00,0.5444828867912292,0.5444828867912292,0.5444828867912292,0.5444828867912292,0,0.0,0.0
2002-04-08 00:00:00-04:00,0.5122170936590953,0.5727151668800137,0.5122170936590953,0.5364163517951965,25500,0.0,0.0
2002-04-09 00:00:00-04:00,0.5606156642407407,0.5646488666534424,0.5606156642407407,0.5646488666534424,4100,0.0,0.0
2002-04-10 00:00:00-04:00,0.5646488666534424,0.5646488666534424,0.5646488666534424,0.5646488666534424,0,0.0,0.0
2002-04-11 00:00:00-04:00,0.5485159158706665,0.5485159158706665,0.5485159158706665,0.5485159158706665,100,0.0,0.0
2002-04-12 00:00:00-04:00,0.5444827551473781,0.5444827551473781,0.5364163517951965,0.5364163517951965,3500,0.0,0.0
2002-04-15 00:00:00-04:00,0.5364163517951965,0.5364163517951965,0.5364163517951965,0.5364163517951965,1700,0.0,0.0
2002-04-16 00:00:00-04:00,0.5364163517951965,0.5364163517951965,0.5364163517951965,0.5364163517951965,0,0.0,0.0
2002-04-17 00:00:00-04:00,0.5364163517951965,0.5364163517951965,0.5364163517951965,0.5364163517951965,0,0.0,0.0
2002-04-18 00:00:00-04:00,0.5404496509022232,0.5404496509022232,0.5283499956130981,0.5283499956130981,3000,0.0,0.0
2002-04-19 00:00:00-04:00,0.5283499864542331,0.5565824508666992,0.5283499864542331,0.5565824508666992,300,0.0,0.0
2002-04-22 00:00:00-04:00,0.5565824618280392,0.5646488666534424,0.5565824618280392,0.5646488666534424,4100,0.0,0.0
2002-04-23 00:00:00-04:00,0.548516057002636,0.5646488666534424,0.548516057002636,0.5646488666534424,7000,0.0,0.0
2002-04-24 00:00:00-04:00,0.5646488666534424,0.5646488666534424,0.5646488666534424,0.5646488666534424,0,0.0,0.0
2002-04-25 00:00:00-04:00,0.5444827238097946,0.5444827238097946,0.524316668510437,0.524316668510437,3500,0.0,0.0
2002-04-26 00:00:00-04:00,0.524316668510437,0.524316668510437,0.524316668510437,0.524316668510437,0,0.0,0.0
2002-04-29 00:00:00-04:00,0.524316668510437,0.524316668510437,0.524316668510437,0.524316668510437,0,0.0,0.0
2002-04-30 00:00:00-04:00,0.524316668510437,0.524316668510437,0.524316668510437,0.524316668510437,0,0.0,0.0
2002-05-01 00:00:00-04:00,0.5081838302295637,0.5081838302295637,0.5041506290435791,0.5041506290435791,7100,0.0,0.0
2002-05-02 00:00:00-04:00,0.5606155295856377,0.5606155295856377,0.524316668510437,0.524316668510437,1200,0.0,0.0
2002-05-03 00:00:00-04:00,0.5606155295856377,0.5606155295856377,0.524316668510437,0.524316668510437,500,0.0,0.0
2002-05-06 00:00:00-04:00,0.524316668510437,0.524316668510437,0.524316668510437,0.524316668510437,0,0.0,0.0
2002-05-07 00:00:00-04:00,0.5243167707304145,0.5243167707304145,0.5081839618093442,0.5122171640396118,2400,0.0,0.0
2002-05-08 00:00:00-04:00,0.5122171640396118,0.5122171640396118,0.5122171640396118,0.5122171640396118,500,0.0,0.0
2002-05-09 00:00:00-04:00,0.5404496841399997,0.5444828867912292,0.5243168254555137,0.5444828867912292,1600,0.0,0.0
2002-05-10 00:00:00-04:00,0.5606155301436073,0.6251468013907601,0.5202834675843042,0.5848147869110107,107800,0.0,0.0
2002-05-13 00:00:00-04:00,0.6251467838197382,0.7017777053365016,0.6211135824851246,0.6775784492492676,35200,0.0,0.0
2002-05-14 00:00:00-04:00,0.6453129294274879,0.6453129294274879,0.6291800737380981,0.6291800737380981,3500,0.0,0.0
2002-05-15 00:00:00-04:00,0.6291800491438203,0.6291800491438203,0.6130472421646118,0.6130472421646118,3900,0.0,0.0
2002-05-16 00:00:00-04:00,0.6049808859825134,0.6049808859825134,0.6049808859825134,0.6049808859825134,2800,0.0,0.0
2002-05-17 00:00:00-04:00,0.6049808859825134,0.6049808859825134,0.6049808859825134,0.6049808859825134,0,0.0,0.0
2002-05-20 00:00:00-04:00,0.604980804302512,0.604980804302512,0.5243166778303553,0.5606155395507812,9600,0.0,0.0
2002-05-21 00:00:00-04:00,0.5646487315915822,0.5848147869110107,0.5606155301436073,0.5848147869110107,21500,0.0,0.0
2002-05-22 00:00:00-04:00,0.5848147869110107,0.5848147869110107,0.5807815854630358,0.5848147869110107,2000,0.0,0.0
2002-05-23 00:00:00-04:00,0.5727151344875322,0.5848147869110107,0.5686819330395573,0.5848147869110107,16300,0.0,0.0
2002-05-24 00:00:00-04:00,0.6049808859825134,0.6049808859825134,0.6049808859825134,0.6049808859825134,6700,0.0,0.0
2002-05-28 00:00:00-04:00,0.6251469509235317,0.6251469509235317,0.5646488666534424,0.5646488666534424,4400,0.0,0.0
2002-05-29 00:00:00-04:00,0.5646487952192172,0.6453129294274879,0.5646487952192172,0.6291800737380981,20800,0.0,0.0
2002-05-30 00:00:00-04:00,0.6291800737380981,0.6291800737380981,0.6291800737380981,0.6291800737380981,0,0.0,0.0
2002-05-31 00:00:00-04:00,0.6090138251608083,0.6130470254800554,0.5848146232453252,0.5928810238838196,9100,0.0,0.0
2002-06-03 00:00:00-04:00,0.5928810238838196,0.5928810238838196,0.5928810238838196,0.5928810238838196,0,0.0,0.0
2002-06-04 00:00:00-04:00,0.6009475588798523,0.6009475588798523,0.6009475588798523,0.6009475588798523,1000,0.0,0.0
2002-06-05 00:00:00-04:00,0.6049807988437775,0.6251468062400818,0.6049807988437775,0.6251468062400818,2000,0.0,0.0
2002-06-06 00:00:00-04:00,0.6009475588798523,0.6009475588798523,0.6009475588798523,0.6009475588798523,500,0.0,0.0
2002-06-07 00:00:00-04:00,0.6009474866541274,0.6816115975379944,0.5727150334209103,0.6816115975379944,1900,0.0,0.0
2002-06-10 00:00:00-04:00,0.6695120334625244,0.6695120334625244,0.6695120334625244,0.6695120334625244,500,0.0,0.0
2002-06-11 00:00:00-04:00,0.6735452720707662,0.6735452720707662,0.6251468062400818,0.6251468062400818,3300,0.0,0.0
2002-06-12 00:00:00-04:00,0.6251468062400818,0.6251468062400818,0.6251468062400818,0.6251468062400818,0,0.0,0.0
2002-06-13 00:00:00-04:00,0.6251468062400818,0.6251468062400818,0.6251468062400818,0.6251468062400818,0,0.0,0.0
2002-06-14 00:00:00-04:00,0.6251468473990182,0.6251468473990182,0.6130472421646118,0.6130472421646118,6800,0.0,0.0
2002-06-17 00:00:00-04:00,0.6130472421646118,0.6130472421646118,0.6130472421646118,0.6130472421646118,0,0.0,0.0
2002-06-18 00:00:00-04:00,0.6130472421646118,0.6130472421646118,0.6130472421646118,0.6130472421646118,0,0.0,0.0
2002-06-19 00:00:00-04:00,0.617080443909414,0.617080443909414,0.6130472421646118,0.6130472421646118,1000,0.0,0.0
2002-06-20 00:00:00-04:00,0.6130472421646118,0.6130472421646118,0.6130472421646118,0.6130472421646118,200,0.0,0.0
2002-06-21 00:00:00-04:00,0.6130472421646118,0.6130472421646118,0.6130472421646118,0.6130472421646118,0,0.0,0.0
2002-06-24 00:00:00-04:00,0.6170805096626282,0.6170805096626282,0.6170805096626282,0.6170805096626282,1000,0.0,0.0
2002-06-25 00:00:00-04:00,0.6130474138483202,0.6130474138483202,0.5686821341514587,0.5686821341514587,4000,0.0,0.0
2002-06-26 00:00:00-04:00,0.5888479351997375,0.5888479351997375,0.5888479351997375,0.5888479351997375,2000,0.0,0.0
2002-06-27 00:00:00-04:00,0.6251468062400818,0.6251468062400818,0.6251468062400818,0.6251468062400818,3200,0.0,0.0
2002-06-28 00:00:00-04:00,0.6251468484733603,0.6453129053115845,0.6251468484733603,0.6453129053115845,7800,0.0,0.0
2002-07-01 00:00:00-04:00,0.6453129053115845,0.6453129053115845,0.6453129053115845,0.6453129053115845,0,0.0,0.0
2002-07-02 00:00:00-04:00,0.6453128305475269,0.7017776966094971,0.6453128305475269,0.7017776966094971,35400,0.0,0.0
2002-07-03 00:00:00-04:00,0.7138773071473159,0.7138773071473159,0.6856448978917504,0.7058109045028687,19900,0.0,0.0
2002-07-05 00:00:00-04:00,0.7058109045028687,0.7058109045028687,0.7058109045028687,0.7058109045028687,0,0.0,0.0
2002-07-08 00:00:00-04:00,0.7259767501039647,0.746142800322128,0.6856447458267212,0.6856447458267212,4600,0.0,0.0
2002-07-09 00:00:00-04:00,0.6735453009605408,0.6735453009605408,0.6735453009605408,0.6735453009605408,1000,0.0,0.0
2002-07-10 00:00:00-04:00,0.6896779462544456,0.7058107479653429,0.6856447458267212,0.6856447458267212,10000,0.0,0.0
2002-07-11 00:00:00-04:00,0.7259769787937734,0.7340434302697744,0.6735453086373293,0.709844172000885,16800,0.0,0.0
2002-07-12 00:00:00-04:00,0.738076620999399,0.8268071051212134,0.7340434193611145,0.7340434193611145,15600,0.0,0.0
2002-07-15 00:00:00-04:00,0.7340433549647165,0.7340433549647165,0.6654788369698191,0.7017776966094971,13900,0.0,0.0
2002-07-16 00:00:00-04:00,0.6735452458455272,0.7663089724157754,0.6695120445233036,0.7058109045028687,21600,0.0,0.0
2002-07-17 00:00:00-04:00,0.7058109943949115,0.7622758681769574,0.7058109943949115,0.7259770035743713,5300,0.0,0.0
2002-07-18 00:00:00-04:00,0.7219436685274345,0.7259768696191314,0.6251467461676105,0.6533792018890381,15800,0.0,0.0
2002-07-19 00:00:00-04:00,0.6453126934699361,0.6856447458267212,0.6453126934699361,0.6856447458267212,6300,0.0,0.0
2002-07-22 00:00:00-04:00,0.6816116901872048,0.7017776966094971,0.6654788369698191,0.7017776966094971,3200,0.0,0.0
2002-07-23 00:00:00-04:00,0.6977445589536172,0.6977445589536172,0.6695120993082875,0.6735453009605408,5200,0.0,0.0
2002-07-24 00:00:00-04:00,0.6695120993082875,0.6775785026127942,0.6574124943515274,0.6735453009605408,11600,0.0,0.0
2002-07-25 00:00:00-04:00,0.657412402980735,0.657412402980735,0.6533792018890381,0.6533792018890381,4500,0.0,0.0
2002-07-26 00:00:00-04:00,0.6735450964640065,0.6856447458267212,0.6654786956085579,0.6856447458267212,7500,0.0,0.0
2002-07-29 00:00:00-04:00,0.6533793149948363,0.6533793149948363,0.645312911415076,0.649346113204956,2200,0.0,0.0
2002-07-30 00:00:00-04:00,0.6533793149948363,0.6533793149948363,0.649346113204956,0.649346113204956,4200,0.0,0.0
2002-07-31 00:00:00-04:00,0.7017776966094971,0.7017776966094971,0.7017776966094971,0.7017776966094971,1300,0.0,0.0
2002-08-01 00:00:00-04:00,0.7017776966094971,0.7017776966094971,0.7017776966094971,0.7017776966094971,0,0.0,0.0
2002-08-02 00:00:00-04:00,0.7017776966094971,0.7017776966094971,0.7017776966094971,0.7017776966094971,0,0.0,0.0
2002-08-05 00:00:00-04:00,0.7017776966094971,0.7017776966094971,0.7017776966094971,0.7017776966094971,0,0.0,0.0
2002-08-06 00:00:00-04:00,0.7017776966094971,0.7017776966094971,0.7017776966094971,0.7017776966094971,0,0.0,0.0
2002-08-07 00:00:00-04:00,0.6654788369698191,0.7017776966094971,0.6654788369698191,0.7017776966094971,800,0.0,0.0
2002-08-08 00:00:00-04:00,0.6856449709084755,0.6856449709084755,0.6453129053115845,0.6453129053115845,3300,0.0,0.0
2002-08-09 00:00:00-04:00,0.6533792018890381,0.6533792018890381,0.6533792018890381,0.6533792018890381,500,0.0,0.0
2002-08-12 00:00:00-04:00,0.6856448797255217,0.6856448797255217,0.6654788255691528,0.6654788255691528,2900,0.0,0.0
2002-08-13 00:00:00-04:00,0.6654787588823379,0.6735451605047408,0.6614455580711365,0.6614455580711365,11200,0.0,0.0
2002-08-14 00:00:00-04:00,0.6654788051641287,0.6654788051641287,0.6533792018890381,0.6533792018890381,5500,0.0,0.0
2002-08-15 00:00:00-04:00,0.649346113204956,0.649346113204956,0.649346113204956,0.649346113204956,1500,0.0,0.0
2002-08-16 00:00:00-04:00,0.649346113204956,0.649346113204956,0.649346113204956,0.649346113204956,2500,0.0,0.0
2002-08-19 00:00:00-04:00,0.649346113204956,0.649346113204956,0.649346113204956,0.649346113204956,0,0.0,0.0
2002-08-20 00:00:00-04:00,0.649346113204956,0.649346113204956,0.649346113204956,0.649346113204956,0,0.0,0.0
2002-08-21 00:00:00-04:00,0.6453129053115845,0.6453129053115845,0.6453129053115845,0.6453129053115845,5000,0.0,0.0
2002-08-22 00:00:00-04:00,0.6453129053115845,0.6453129053115845,0.6453129053115845,0.6453129053115845,1900,0.0,0.0
2002-08-23 00:00:00-04:00,0.6533792018890381,0.6533792018890381,0.6533792018890381,0.6533792018890381,10000,0.0,0.0
2002-08-26 00:00:00-04:00,0.6453128617159403,0.6453128617159403,0.6251468062400818,0.6251468062400818,10100,0.0,0.0
2002-08-27 00:00:00-04:00,0.6574125105667846,0.6654789140702513,0.6453129053115845,0.6453129053115845,2200,0.0,0.0
2002-08-28 00:00:00-04:00,0.649346113204956,0.649346113204956,0.649346113204956,0.649346113204956,1000,0.0,0.0
2002-08-29 00:00:00-04:00,0.6453128617159403,0.6453128617159403,0.6251468062400818,0.6251468062400818,8700,0.0,0.0
2002-08-30 00:00:00-04:00,0.6251468062400818,0.6251468062400818,0.6251468062400818,0.6251468062400818,0,0.0,0.0
2002-09-03 00:00:00-04:00,0.6251468062400818,0.6251468062400818,0.6251468062400818,0.6251468062400818,0,0.0,0.0
2002-09-04 00:00:00-04:00,0.6251468062400818,0.6251468062400818,0.6251468062400818,0.6251468062400818,0,0.0,0.0
2002-09-05 00:00:00-04:00,0.6251468062400818,0.6251468062400818,0.6251468062400818,0.6251468062400818,0,0.0,0.0
2002-09-06 00:00:00-04:00,0.6412797096251958,0.6654789203644766,0.6412797096251958,0.649346113204956,3700,0.0,0.0
2002-09-09 00:00:00-04:00,0.6453129053115845,0.6453129053115845,0.6453129053115845,0.6453129053115845,100,0.0,0.0
2002-09-10 00:00:00-04:00,0.657412588596344,0.657412588596344,0.657412588596344,0.657412588596344,10000,0.0,0.0
2002-09-11 00:00:00-04:00,0.6372464895248413,0.6372464895248413,0.6372464895248413,0.6372464895248413,3100,0.0,0.0
2002-09-12 00:00:00-04:00,0.6533792926992741,0.6735453009605408,0.6533792926992741,0.6735453009605408,3800,0.0,0.0
2002-09-13 00:00:00-04:00,0.6735453009605408,0.6735453009605408,0.6735453009605408,0.6735453009605408,0,0.0,0.0
2002-09-16 00:00:00-04:00,0.6735453009605408,0.6735453009605408,0.6735453009605408,0.6735453009605408,0,0.0,0.0
2002-09-17 00:00:00-04:00,0.6695120334625244,0.6695120334625244,0.6695120334625244,0.6695120334625244,1300,0.0,0.0
2002-09-18 00:00:00-04:00,0.6695120334625244,0.6695120334625244,0.6695120334625244,0.6695120334625244,0,0.0,0.0
2002-09-19 00:00:00-04:00,0.6412796182769714,0.6654788255691528,0.6251467653359661,0.6654788255691528,6300,0.0,0.0
2002-09-20 00:00:00-04:00,0.6654788255691528,0.6654788255691528,0.6654788255691528,0.6654788255691528,0,0.0,0.0
2002-09-23 00:00:00-04:00,0.645312819492335,0.6775784292152436,0.645312819492335,0.6654788255691528,9600,0.0,0.0
2002-09-24 00:00:00-04:00,0.6654788255691528,0.6654788255691528,0.6654788255691528,0.6654788255691528,0,0.0,0.0
2002-09-25 00:00:00-04:00,0.6614457908267859,0.6614457908267859,0.657412588596344,0.657412588596344,1200,0.0,0.0
2002-09-26 00:00:00-04:00,0.657412588596344,0.657412588596344,0.657412588596344,0.657412588596344,0,0.0,0.0
2002-09-27 00:00:00-04:00,0.657412588596344,0.657412588596344,0.657412588596344,0.657412588596344,0,0.0,0.0
2002-09-30 00:00:00-04:00,0.657412588596344,0.657412588596344,0.657412588596344,0.657412588596344,0,0.0,0.0
2002-10-01 00:00:00-04:00,0.657412588596344,0.6654789930572277,0.657412588596344,0.657412588596344,5600,0.0,0.0
2002-10-02 00:00:00-04:00,0.657412588596344,0.657412588596344,0.657412588596344,0.657412588596344,12900,0.0,0.0
2002-10-03 00:00:00-04:00,0.6654788255691528,0.6695120267845165,0.6654788255691528,0.6654788255691528,47000,0.0,0.0
2002-10-04 00:00:00-04:00,0.6654788255691528,0.6654788255691528,0.6654788255691528,0.6654788255691528,0,0.0,0.0
2002-10-07 00:00:00-04:00,0.6493459556375322,0.6614455580711365,0.6493459556375322,0.6614455580711365,300,0.0,0.0
2002-10-08 00:00:00-04:00,0.657412402980735,0.6695120062558256,0.6533792018890381,0.6533792018890381,5100,0.0,0.0
2002-10-09 00:00:00-04:00,0.657412402980735,0.657412402980735,0.6533792018890381,0.6533792018890381,2200,0.0,0.0
2002-10-10 00:00:00-04:00,0.657412588596344,0.657412588596344,0.657412588596344,0.657412588596344,5800,0.0,0.0
2002-10-11 00:00:00-04:00,0.657412588596344,0.657412588596344,0.657412588596344,0.657412588596344,1000,0.0,0.0
2002-10-14 00:00:00-04:00,0.6533792018890381,0.6533792018890381,0.6533792018890381,0.6533792018890381,200,0.0,0.0
2002-10-15 00:00:00-04:00,0.6533792018890381,0.6533792018890381,0.6533792018890381,0.6533792018890381,0,0.0,0.0
2002-10-16 00:00:00-04:00,0.6574124296957469,0.6695120334625244,0.6574124296957469,0.6695120334625244,600,0.0,0.0
2002-10-17 00:00:00-04:00,0.6695120334625244,0.6695120334625244,0.6695120334625244,0.6695120334625244,0,0.0,0.0
2002-10-18 00:00:00-04:00,0.6695120334625244,0.6695120334625244,0.6695120334625244,0.6695120334625244,0,0.0,0.0
2002-10-21 00:00:00-04:00,0.6614456309513395,0.6695120334625244,0.6614456309513395,0.6695120334625244,3100,0.0,0.0
2002-10-22 00:00:00-04:00,0.6695120334625244,0.6695120334625244,0.6695120334625244,0.6695120334625244,0,0.0,0.0
2002-10-23 00:00:00-04:00,0.6735451479859714,0.6816115975379944,0.6735451479859714,0.6816115975379944,200,0.0,0.0
2002-10-24 00:00:00-04:00,0.6816115975379944,0.6816115975379944,0.6816115975379944,0.6816115975379944,0,0.0,0.0
2002-10-25 00:00:00-04:00,0.6816115975379944,0.6816115975379944,0.6816115975379944,0.6816115975379944,0,0.0,0.0
2002-10-28 00:00:00-05:00,0.6816115975379944,0.6816115975379944,0.6816115975379944,0.6816115975379944,0,0.0,0.0
2002-10-29 00:00:00-05:00,0.6574125042706399,0.6574125042706399,0.6412796974182129,0.6412796974182129,3100,0.0,0.0
2002-10-30 00:00:00-05:00,0.649346113204956,0.649346113204956,0.649346113204956,0.649346113204956,2000,0.0,0.0
2002-10-31 00:00:00-05:00,0.649346113204956,0.649346113204956,0.649346113204956,0.649346113204956,0,0.0,0.0
2002-11-01 00:00:00-05:00,0.6654788255691528,0.6654788255691528,0.6654788255691528,0.6654788255691528,2000,0.0,0.0
2002-11-04 00:00:00-05:00,0.6654788255691528,0.6654788255691528,0.6654788255691528,0.6654788255691528,0,0.0,0.0
2002-11-05 00:00:00-05:00,0.6654788255691528,0.6654788255691528,0.6654788255691528,0.6654788255691528,0,0.0,0.0
2002-11-06 00:00:00-05:00,0.6654788255691528,0.6654788255691528,0.6654788255691528,0.6654788255691528,0,0.0,0.0
2002-11-07 00:00:00-05:00,0.6654788255691528,0.6654788255691528,0.6654788255691528,0.6654788255691528,0,0.0,0.0
2002-11-08 00:00:00-05:00,0.6654788255691528,0.6654788255691528,0.6654788255691528,0.6654788255691528,0,0.0,0.0
2002-11-11 00:00:00-05:00,0.6614455580711365,0.6614455580711365,0.6614455580711365,0.6614455580711365,1000,0.0,0.0
2002-11-12 00:00:00-05:00,0.6614455580711365,0.6614455580711365,0.6614455580711365,0.6614455580711365,0,0.0,0.0
2002-11-13 00:00:00-05:00,0.6614456960037808,0.6735453009605408,0.6614456960037808,0.6735453009605408,71000,0.0,0.0
2002-11-14 00:00:00-05:00,0.6735453009605408,0.6735453009605408,0.6735453009605408,0.6735453009605408,0,0.0,0.0
2002-11-15 00:00:00-05:00,0.6735453009605408,0.6735453009605408,0.6735453009605408,0.6735453009605408,0,0.0,0.0
2002-11-18 00:00:00-05:00,0.6735453009605408,0.6735453009605408,0.6735453009605408,0.6735453009605408,0,0.0,0.0
2002-11-19 00:00:00-05:00,0.6735453009605408,0.6735453009605408,0.6735453009605408,0.6735453009605408,0,0.0,0.0
2002-11-20 00:00:00-05:00,0.6856450522890001,0.6856450522890001,0.657412588596344,0.657412588596344,1200,0.0,0.0
2002-11-21 00:00:00-05:00,0.657412588596344,0.657412588596344,0.657412588596344,0.657412588596344,0,0.0,0.0
2002-11-22 00:00:00-05:00,0.657412588596344,0.657412588596344,0.657412588596344,0.657412588596344,0,0.0,0.0
2002-11-25 00:00:00-05:00,0.657412588596344,0.657412588596344,0.657412588596344,0.657412588596344,0,0.0,0.0
2002-11-26 00:00:00-05:00,0.6735453975181115,0.6735453975181115,0.657412588596344,0.657412588596344,2200,0.0,0.0
2002-11-27 00:00:00-05:00,0.657412588596344,0.657412588596344,0.657412588596344,0.657412588596344,0,0.0,0.0
2002-11-29 00:00:00-05:00,0.657412588596344,0.657412588596344,0.657412588596344,0.657412588596344,0,0.0,0.0
2002-12-02 00:00:00-05:00,0.657412588596344,0.657412588596344,0.657412588596344,0.657412588596344,0,0.0,0.0
2002-12-03 00:00:00-05:00,0.6654788255691528,0.6654788255691528,0.6654788255691528,0.6654788255691528,100,0.0,0.0
2002-12-04 00:00:00-05:00,0.6654788255691528,0.6654788255691528,0.6654788255691528,0.6654788255691528,0,0.0,0.0
2002-12-05 00:00:00-05:00,0.6533792018890381,0.6533792018890381,0.6533792018890381,0.6533792018890381,2300,0.0,0.0
2002-12-06 00:00:00-05:00,0.6654788051641287,0.6654788051641287,0.6533792018890381,0.6533792018890381,400,0.0,0.0
2002-12-09 00:00:00-05:00,0.6533792018890381,0.6533792018890381,0.6533792018890381,0.6533792018890381,3000,0.0,0.0
2002-12-10 00:00:00-05:00,0.6533792018890381,0.6533792018890381,0.6533792018890381,0.6533792018890381,0,0.0,0.0
2002-12-11 00:00:00-05:00,0.6533792018890381,0.6533792018890381,0.6533792018890381,0.6533792018890381,800,0.0,0.0
2002-12-12 00:00:00-05:00,0.6533792018890381,0.6533792018890381,0.6533792018890381,0.6533792018890381,5000,0.0,0.0
2002-12-13 00:00:00-05:00,0.6533792926992741,0.6735453009605408,0.6533792926992741,0.6735453009605408,6600,0.0,0.0
2002-12-16 00:00:00-05:00,0.6735453009605408,0.6735453009605408,0.6735453009605408,0.6735453009605408,0,0.0,0.0
2002-12-17 00:00:00-05:00,0.6856447458267212,0.6856447458267212,0.6856447458267212,0.6856447458267212,100,0.0,0.0
2002-12-18 00:00:00-05:00,0.6896780927561217,0.7058108978939556,0.6896780927561217,0.7017776966094971,9100,0.0,0.0
2002-12-19 00:00:00-05:00,0.6816115975379944,0.6816115975379944,0.6816115975379944,0.6816115975379944,1000,0.0,0.0
2002-12-20 00:00:00-05:00,0.6816115975379944,0.6816115975379944,0.6816115975379944,0.6816115975379944,0,0.0,0.0
2002-12-23 00:00:00-05:00,0.6896780729293823,0.6896780729293823,0.6896780729293823,0.6896780729293823,700,0.0,0.0
2002-12-24 00:00:00-05:00,0.6775784292152436,0.6775784292152436,0.6654788255691528,0.6654788255691528,3200,0.0,0.0
2002-12-26 00:00:00-05:00,0.6574125167847163,0.6574125167847163,0.649346113204956,0.649346113204956,1500,0.0,0.0
2002-12-27 00:00:00-05:00,0.6453129053115845,0.6493461070633179,0.6453129053115845,0.6453129053115845,1500,0.0,0.0
2002-12-30 00:00:00-05:00,0.6453126934699361,0.6856447458267212,0.6453126934699361,0.6856447458267212,8900,0.0,0.0
2002-12-31 00:00:00-05:00,0.6856447458267212,0.6856447458267212,0.6856447458267212,0.6856447458267212,0,0.0,0.0
2003-01-02 00:00:00-05:00,0.6775784492492676,0.6816116986634336,0.6775784492492676,0.6775784492492676,2500,0.0,0.0
2003-01-03 00:00:00-05:00,0.6775784492492676,0.6775784492492676,0.6775784492492676,0.6775784492492676,0,0.0,0.0
2003-01-06 00:00:00-05:00,0.6775784344052908,0.6977444887161255,0.6775784344052908,0.6977444887161255,200,0.0,0.0
2003-01-07 00:00:00-05:00,0.6977444887161255,0.6977444887161255,0.6977444887161255,0.6977444887161255,0,0.0,0.0
2003-01-08 00:00:00-05:00,0.657412402980735,0.657412402980735,0.6533792018890381,0.6533792018890381,700,0.0,0.0
2003-01-09 00:00:00-05:00,0.7017776966094971,0.7017776966094971,0.7017776966094971,0.7017776966094971,100,0.0,0.0
2003-01-10 00:00:00-05:00,0.7058109045028687,0.7058109045028687,0.7058109045028687,0.7058109045028687,100,0.0,0.0
2003-01-13 00:00:00-05:00,0.6856448587021626,0.6856448587021626,0.6533792018890381,0.6533792018890381,700,0.0,0.0
2003-01-14 00:00:00-05:00,0.6533792018890381,0.6533792018890381,0.6533792018890381,0.6533792018890381,0,0.0,0.0
2003-01-15 00:00:00-05:00,0.6695120062558256,0.6695120062558256,0.6533792018890381,0.6533792018890381,2500,0.0,0.0
2003-01-16 00:00:00-05:00,0.6816116705923568,0.6896780729293823,0.6816116705923568,0.6896780729293823,2800,0.0,0.0
2003-01-17 00:00:00-05:00,0.6856447458267212,0.6896779462544456,0.6856447458267212,0.6856447458267212,8700,0.0,0.0
2003-01-21 00:00:00-05:00,0.7219441504334029,0.7864755071350699,0.7219441504334029,0.7663094401359558,2100,0.0,0.0
2003-01-22 00:00:00-05:00,0.7663094401359558,0.7663094401359558,0.7663094401359558,0.7663094401359558,0,0.0,0.0
2003-01-23 00:00:00-05:00,0.7461429373681109,0.7461429373681109,0.6896780729293823,0.6896780729293823,5000,0.0,0.0
2003-01-24 00:00:00-05:00,0.6896780729293823,0.6896780729293823,0.6896780729293823,0.6896780729293823,0,0.0,0.0
2003-01-27 00:00:00-05:00,0.6695120267845165,0.6896780809408853,0.6372464170616078,0.6654788255691528,6700,0.0,0.0
2003-01-28 00:00:00-05:00,0.6654788255691528,0.6654788255691528,0.6654788255691528,0.6654788255691528,0,0.0,0.0
2003-01-29 00:00:00-05:00,0.6453128991313196,0.6453128991313196,0.6412796974182129,0.6412796974182129,3700,0.0,0.0
2003-01-30 00:00:00-05:00,0.6412796974182129,0.6412796974182129,0.6412796974182129,0.6412796974182129,0,0.0,0.0
2003-01-31 00:00:00-05:00,0.6412796974182129,0.6412796974182129,0.6412796974182129,0.6412796974182129,0,0.0,0.0
2003-02-03 00:00:00-05:00,0.6453129053115845,0.6453129053115845,0.6453129053115845,0.6453129053115845,3200,0.0,0.0
2003-02-04 00:00:00-05:00,0.6614456243537893,0.6654788255691528,0.6614456243537893,0.6654788255691528,500,0.0,0.0
2003-02-05 00:00:00-05:00,0.6654788255691528,0.6654788255691528,0.6654788255691528,0.6654788255691528,0,0.0,0.0
2003-02-06 00:00:00-05:00,0.6654788255691528,0.6654788255691528,0.6654788255691528,0.6654788255691528,0,0.0,0.0
2003-02-07 00:00:00-05:00,0.6856447458267212,0.6856447458267212,0.6856447458267212,0.6856447458267212,500,0.0,0.0
2003-02-10 00:00:00-05:00,0.6654788255691528,0.6654788255691528,0.6654788255691528,0.6654788255691528,500,0.0,0.0
2003-02-11 00:00:00-05:00,0.6856447458267212,0.6856447458267212,0.6856447458267212,0.6856447458267212,500,0.0,0.0
2003-02-12 00:00:00-05:00,0.6614455580711365,0.6614455580711365,0.6614455580711365,0.6614455580711365,100,0.0,0.0
2003-02-13 00:00:00-05:00,0.657412588596344,0.657412588596344,0.657412588596344,0.657412588596344,700,0.0,0.0
2003-02-14 00:00:00-05:00,0.657412588596344,0.657412588596344,0.657412588596344,0.657412588596344,900,0.0,0.0
2003-02-18 00:00:00-05:00,0.657412588596344,0.657412588596344,0.657412588596344,0.657412588596344,0,0.0,0.0
2003-02-19 00:00:00-05:00,0.657412588596344,0.657412588596344,0.657412588596344,0.657412588596344,0,0.0,0.0
2003-02-20 00:00:00-05:00,0.657412588596344,0.657412588596344,0.657412588596344,0.657412588596344,0,0.0,0.0
2003-02-21 00:00:00-05:00,0.6453129053115845,0.6453129053115845,0.6453129053115845,0.6453129053115845,600,0.0,0.0
2003-02-24 00:00:00-05:00,0.6453129053115845,0.6453129053115845,0.6453129053115845,0.6453129053115845,2000,0.0,0.0
2003-02-25 00:00:00-05:00,0.6533793149948363,0.6533793149948363,0.649346113204956,0.649346113204956,4000,0.0,0.0
2003-02-26 00:00:00-05:00,0.6533793149948363,0.6533793149948363,0.649346113204956,0.649346113204956,700,0.0,0.0
2003-02-27 00:00:00-05:00,0.649346113204956,0.649346113204956,0.649346113204956,0.649346113204956,1000,0.0,0.0
2003-02-28 00:00:00-05:00,0.649346113204956,0.649346113204956,0.649346113204956,0.649346113204956,2500,0.0,0.0
2003-03-03 00:00:00-05:00,0.649346113204956,0.649346113204956,0.649346113204956,0.649346113204956,0,0.0,0.0
2003-03-04 00:00:00-05:00,0.649346113204956,0.649346113204956,0.649346113204956,0.649346113204956,0,0.0,0.0
2003-03-05 00:00:00-05:00,0.6735453881860488,0.6735453881860488,0.6090141053135055,0.6170805096626282,3400,0.0,0.0
2003-03-06 00:00:00-05:00,0.6533792219230621,0.6654788255691528,0.6533792219230621,0.6654788255691528,21600,0.0,0.0
2003-03-07 00:00:00-05:00,0.649346113204956,0.649346113204956,0.649346113204956,0.649346113204956,1300,0.0,0.0
2003-03-10 00:00:00-05:00,0.6493460271845619,0.6695120334625244,0.6493460271845619,0.6695120334625244,6300,0.0,0.0
2003-03-11 00:00:00-05:00,0.649346113204956,0.649346113204956,0.649346113204956,0.649346113204956,200,0.0,0.0
2003-03-12 00:00:00-05:00,0.649346113204956,0.649346113204956,0.649346113204956,0.649346113204956,200,0.0,0.0
2003-03-13 00:00:00-05:00,0.649346113204956,0.649346113204956,0.649346113204956,0.649346113204956,1000,0.0,0.0
2003-03-14 00:00:00-05:00,0.6493460271845619,0.6695120334625244,0.6493460271845619,0.6695120334625244,900,0.0,0.0
2003-03-17 00:00:00-05:00,0.6695120334625244,0.6695120334625244,0.6695120334625244,0.6695120334625244,0,0.0,0.0
2003-03-18 00:00:00-05:00,0.657412588596344,0.657412588596344,0.657412588596344,0.657412588596344,1000,0.0,0.0
2003-03-19 00:00:00-05:00,0.657412588596344,0.657412588596344,0.657412588596344,0.657412588596344,0,0.0,0.0
2003-03-20 00:00:00-05:00,0.657412588596344,0.657412588596344,0.657412588596344,0.657412588596344,0,0.0,0.0
2003-03-21 00:00:00-05:00,0.657412588596344,0.657412588596344,0.657412588596344,0.657412588596344,0,0.0,0.0
2003-03-24 00:00:00-05:00,0.657412588596344,0.657412588596344,0.657412588596344,0.657412588596344,0,0.0,0.0
2003-03-25 00:00:00-05:00,0.649346113204956,0.649346113204956,0.649346113204956,0.649346113204956,1500,0.0,0.0
2003-03-26 00:00:00-05:00,0.6695120334625244,0.6695120334625244,0.6695120334625244,0.6695120334625244,200,0.0,0.0
2003-03-27 00:00:00-05:00,0.6695120334625244,0.6695120334625244,0.6695120334625244,0.6695120334625244,0,0.0,0.0
2003-03-28 00:00:00-05:00,0.6695120334625244,0.6695120334625244,0.6695120334625244,0.6695120334625244,0,0.0,0.0
2003-03-31 00:00:00-05:00,0.6372463532039279,0.6614455580711365,0.6251467026907773,0.6614455580711365,9000,0.0,0.0
2003-04-01 00:00:00-05:00,0.6614455580711365,0.6614455580711365,0.6614455580711365,0.6614455580711365,7300,0.0,0.0
2003-04-02 00:00:00-05:00,0.6614455580711365,0.6614455580711365,0.6614455580711365,0.6614455580711365,0,0.0,0.0
2003-04-03 00:00:00-05:00,0.6654788255691528,0.6654788255691528,0.6493460207076985,0.6654788255691528,2100,0.0,0.0
2003-04-04 00:00:00-05:00,0.649346113204956,0.649346113204956,0.649346113204956,0.649346113204956,1600,0.0,0.0
2003-04-07 00:00:00-04:00,0.6453129819050184,0.6695121952876696,0.6453129819050184,0.657412588596344,4100,0.0,0.0
2003-04-08 00:00:00-04:00,0.649346113204956,0.649346113204956,0.649346113204956,0.649346113204956,1000,0.0,0.0
2003-04-09 00:00:00-04:00,0.6453129053115845,0.6453129053115845,0.6453129053115845,0.6453129053115845,100,0.0,0.0
2003-04-10 00:00:00-04:00,0.6816116837310988,0.6977444887161255,0.6816116837310988,0.6977444887161255,9000,0.0,0.0
2003-04-11 00:00:00-04:00,0.6977445669062187,0.709844172000885,0.6977445669062187,0.709844172000885,1400,0.0,0.0
2003-04-14 00:00:00-04:00,0.6856447458267212,0.6856447458267212,0.6856447458267212,0.6856447458267212,2600,0.0,0.0
2003-04-15 00:00:00-04:00,0.6816115975379944,0.6816115975379944,0.6816115975379944,0.6816115975379944,8700,0.0,0.0
2003-04-16 00:00:00-04:00,0.6816115975379944,0.6816115975379944,0.6816115975379944,0.6816115975379944,0,0.0,0.0
2003-04-17 00:00:00-04:00,0.6816115975379944,0.6816115975379944,0.6816115975379944,0.6816115975379944,0,0.0,0.0
2003-04-21 00:00:00-04:00,0.6816115975379944,0.6816115975379944,0.6816115975379944,0.6816115975379944,0,0.0,0.0
2003-04-22 00:00:00-04:00,0.6816115975379944,0.6816115975379944,0.6816115975379944,0.6816115975379944,0,0.0,0.0
2003-04-23 00:00:00-04:00,0.6856447458267212,0.6856447458267212,0.6856447458267212,0.6856447458267212,500,0.0,0.0
2003-04-24 00:00:00-04:00,0.6856447458267212,0.6856447458267212,0.6856447458267212,0.6856447458267212,0,0.0,0.0
2003-04-25 00:00:00-04:00,0.6856447458267212,0.6856447458267212,0.6856447458267212,0.6856447458267212,500,0.0,0.0
2003-04-28 00:00:00-04:00,0.6856447458267212,0.6856447458267212,0.6856447458267212,0.6856447458267212,0,0.0,0.0
2003-04-29 00:00:00-04:00,0.6856447458267212,0.6856447458267212,0.6856447458267212,0.6856447458267212,0,0.0,0.0
2003-04-30 00:00:00-04:00,0.7058108826585701,0.7864750027656555,0.7058108826585701,0.7864750027656555,4200,0.0,0.0
2003-05-01 00:00:00-04:00,0.7542094275525368,0.7542094275525368,0.7340434193611145,0.7340434193611145,200,0.0,0.0
2003-05-02 00:00:00-04:00,0.7340434193611145,0.7340434193611145,0.7340434193611145,0.7340434193611145,0,0.0,0.0
2003-05-05 00:00:00-04:00,0.7784085603622971,0.7784085603622971,0.762275755405426,0.762275755405426,5800,0.0,0.0
2003-05-06 00:00:00-04:00,0.7461431622505188,0.7461431622505188,0.7461431622505188,0.7461431622505188,1400,0.0,0.0
2003-05-07 00:00:00-04:00,0.7864755071350699,0.7864755071350699,0.7663094401359558,0.7663094401359558,2700,0.0,0.0
2003-05-08 00:00:00-04:00,0.7663089679753925,0.7985746264457703,0.7663089679753925,0.7985746264457703,27200,0.0,0.0
2003-05-09 00:00:00-04:00,0.7743756112731005,0.9236042499542236,0.7743756112731005,0.9236042499542236,26200,0.0,0.0
2003-05-12 00:00:00-04:00,0.9639362856321757,0.9639362856321757,0.9074713587760925,0.9074713587760925,2500,0.0,0.0
2003-05-13 00:00:00-04:00,0.9357038576117173,1.020401207373307,0.907471439744232,0.9236042499542236,42100,0.0,0.0
2003-05-14 00:00:00-04:00,1.0042681221368341,1.4075886515707576,0.8510062747955714,1.1696295738220215,48700,0.0,0.0
2003-05-15 00:00:00-04:00,1.209961774952499,1.209961774952499,1.141397243600938,1.1454304456710815,7100,0.0,0.0
2003-05-16 00:00:00-04:00,1.145430131009404,1.145430131009404,1.101064920425415,1.101064920425415,2600,0.0,0.0
2003-05-19 00:00:00-04:00,1.1010647701896323,1.1010647701896323,1.012334264969473,1.0325002670288086,9500,0.0,0.0
2003-05-20 00:00:00-04:00,1.0083012580871582,1.0083012580871582,0.9357035405803344,1.0083012580871582,13100,0.0,0.0
2003-05-21 00:00:00-04:00,1.0083012580871582,1.0083012580871582,1.0083012580871582,1.0083012580871582,0,0.0,0.0
2003-05-22 00:00:00-04:00,1.0083012580871582,1.0083012580871582,1.0083012580871582,1.0083012580871582,0,0.0,0.0
2003-05-23 00:00:00-04:00,1.0083012580871582,1.0083012580871582,1.0083012580871582,1.0083012580871582,2900,0.0,0.0
2003-05-27 00:00:00-04:00,0.9679692462273124,1.0083012580871582,0.9679692462273124,1.0083012580871582,5500,0.0,0.0
2003-05-28 00:00:00-04:00,0.9478030800819397,0.9478030800819397,0.9478030800819397,0.9478030800819397,300,0.0,0.0
2003-05-29 00:00:00-04:00,1.0405669212341309,1.0405669212341309,1.0405669212341309,1.0405669212341309,100,0.0,0.0
2003-05-30 00:00:00-04:00,1.0405669212341309,1.0405669212341309,1.0405669212341309,1.0405669212341309,0,0.0,0.0
2003-06-02 00:00:00-04:00,1.0405669212341309,1.0405669212341309,1.0405669212341309,1.0405669212341309,0,0.0,0.0
2003-06-03 00:00:00-04:00,1.0405669212341309,1.0405669212341309,1.0405669212341309,1.0405669212341309,0,0.0,0.0
2003-06-04 00:00:00-04:00,1.0083013100824079,1.0405669212341309,1.0083013100824079,1.0405669212341309,2100,0.0,0.0
2003-06-05 00:00:00-04:00,0.9316705616830887,0.9679694771766663,0.9316705616830887,0.9679694771766663,1100,0.0,0.0
2003-06-06 00:00:00-04:00,0.9679694771766663,0.9679694771766663,0.9679694771766663,0.9679694771766663,0,0.0,0.0
2003-06-09 00:00:00-04:00,0.9881355080068155,1.0244343280792236,0.9881355080068155,1.0244343280792236,600,0.0,0.0
2003-06-10 00:00:00-04:00,1.0607330327020565,1.16559636592865,1.0607330327020565,1.16559636592865,1200,0.0,0.0
2003-06-11 00:00:00-04:00,1.16559636592865,1.16559636592865,1.16559636592865,1.16559636592865,0,0.0,0.0
2003-06-12 00:00:00-04:00,1.097031831741333,1.097031831741333,1.097031831741333,1.097031831741333,100,0.0,0.0
2003-06-13 00:00:00-04:00,1.0284672708313587,1.0284672708313587,1.0123344659805298,1.0123344659805298,3000,0.0,0.0
2003-06-16 00:00:00-04:00,1.068799760326311,1.0889657735824585,1.068799760326311,1.0889657735824585,1900,0.0,0.0
2003-06-17 00:00:00-04:00,1.0889658480760604,1.1494638919830322,1.0889658480760604,1.1494638919830322,700,0.0,0.0
2003-06-18 00:00:00-04:00,1.0889656371306125,1.0889656371306125,1.0728328285472015,1.0768660306930542,4200,0.0,0.0
2003-06-19 00:00:00-04:00,0.9316703432748914,1.1292973945294835,0.9316703432748914,1.068799376487732,1900,0.0,0.0
2003-06-20 00:00:00-04:00,0.984102079345323,1.08896540936349,0.984102079345323,1.0849322080612183,2600,0.0,0.0
2003-06-23 00:00:00-04:00,1.0486334770346577,1.0486334770346577,0.8510063875751507,0.8752056956291199,31300,0.0,0.0
2003-06-24 00:00:00-04:00,0.9841024532995529,0.9841024532995529,0.92763751745224,0.92763751745224,1900,0.0,0.0
2003-06-25 00:00:00-04:00,0.9679694771766663,0.9679694771766663,0.9679694771766663,0.9679694771766663,1800,0.0,0.0
2003-06-26 00:00:00-04:00,0.9478033702761791,0.9679694771766663,0.9195709552382709,0.9679694771766663,3500,0.0,0.0
2003-06-27 00:00:00-04:00,0.9679694771766663,0.9679694771766663,0.9679694771766663,0.9679694771766663,400,0.0,0.0
2003-06-30 00:00:00-04:00,0.9679692462273124,1.0163676604591274,0.9679692462273124,1.0083012580871582,3300,0.0,0.0
2003-07-01 00:00:00-04:00,1.032500243318085,1.1494631487353337,0.988135039806366,0.988135039806366,6100,0.0,0.0
2003-07-02 00:00:00-04:00,1.0123344659805298,1.0123344659805298,1.0123344659805298,1.0123344659805298,7000,0.0,0.0
2003-07-03 00:00:00-04:00,1.0123344659805298,1.0123344659805298,1.0123344659805298,1.0123344659805298,0,0.0,0.0
2003-07-07 00:00:00-04:00,1.1655963814156858,1.2704597160355762,1.1131646660261865,1.2502936124801636,13200,0.0,0.0
2003-07-08 00:00:00-04:00,1.2502935393292711,1.2502935393292711,1.1131646008982932,1.2059283256530762,700,0.0,0.0
2003-07-09 00:00:00-04:00,1.2260945802057677,1.2260945802057677,1.2059285699048417,1.2099617719650269,7500,0.0,0.0
2003-07-10 00:00:00-04:00,1.2785263061523438,1.2785263061523438,1.2785263061523438,1.2785263061523438,200,0.0,0.0
2003-07-11 00:00:00-04:00,1.2785263061523438,1.2785263061523438,1.2785263061523438,1.2785263061523438,0,0.0,0.0
2003-07-14 00:00:00-04:00,1.2099617719650269,1.2099617719650269,1.2099617719650269,1.2099617719650269,2000,0.0,0.0
2003-07-15 00:00:00-04:00,1.1736626625061035,1.1736626625061035,1.1736626625061035,1.1736626625061035,1000,0.0,0.0
2003-07-16 00:00:00-04:00,1.1696294682317334,1.177695870399475,1.1696294682317334,1.177695870399475,3500,0.0,0.0
2003-07-17 00:00:00-04:00,1.1333305910117815,1.1333305910117815,0.7421097394144226,1.0083012580871582,215400,0.0,0.0
2003-07-18 00:00:00-04:00,1.0083015191581532,1.0284675303094912,0.9760359013160128,1.0244343280792236,25700,0.0,0.0
2003-07-21 00:00:00-04:00,1.0244343280792236,1.0244343280792236,1.0244343280792236,1.0244343280792236,0,0.0,0.0
2003-07-22 00:00:00-04:00,1.0486334748086625,1.1333308124199624,0.9720026373043097,0.9800690412521362,10400,0.0,0.0
2003-07-23 00:00:00-04:00,1.0083012580871582,1.0687993720360283,1.000234855715189,1.0083012580871582,3100,0.0,0.0
2003-07-24 00:00:00-04:00,1.0042680569011737,1.048633269947004,1.0042680569011737,1.0083012580871582,3200,0.0,0.0
2003-07-25 00:00:00-04:00,1.0325002670288086,1.0325002670288086,1.0325002670288086,1.0325002670288086,300,0.0,0.0
2003-07-28 00:00:00-04:00,1.044600448259798,1.0889657735824585,1.044600448259798,1.0889657735824585,5300,0.0,0.0
2003-07-29 00:00:00-04:00,1.11719810962677,1.11719810962677,1.1091317049200815,1.11719810962677,1800,0.0,0.0
2003-07-30 00:00:00-04:00,1.1131646760702578,1.1292974821328672,1.1131646760702578,1.1212310791015625,11600,0.0,0.0
2003-07-31 00:00:00-04:00,1.1292976346022008,1.2099617719650269,1.0849324119401635,1.2099617719650269,22800,0.0,0.0
2003-08-01 00:00:00-04:00,1.153496349054581,1.250293252875594,1.153496349054581,1.1857620477676392,11900,0.0,0.0
2003-08-04 00:00:00-04:00,1.1857620477676392,1.1857620477676392,1.1857620477676392,1.1857620477676392,0,0.0,0.0
2003-08-05 00:00:00-04:00,1.1696294749715124,1.2543266982208527,1.1292973677412985,1.1817290782928467,4800,0.0,0.0
2003-08-06 00:00:00-04:00,1.2059282709898678,1.2059282709898678,1.1736626625061035,1.1736626625061035,1100,0.0,0.0
2003-08-07 00:00:00-04:00,1.1897956505479843,1.2502936758007959,1.1817292471809426,1.2139948606491089,12700,0.0,0.0
2003-08-08 00:00:00-04:00,1.213994974025212,1.213994974025212,1.2099617719650269,1.2099617719650269,1100,0.0,0.0
2003-08-11 00:00:00-04:00,1.2099616833977884,1.2341608939875566,1.2099616833977884,1.2301276922225952,10000,0.0,0.0
2003-08-12 00:00:00-04:00,1.2139949442660753,1.250293761917935,1.1575300206485073,1.189795732498169,8000,0.0,0.0
2003-08-13 00:00:00-04:00,1.2099617719650269,1.2099617719650269,1.2099617719650269,1.2099617719650269,1000,0.0,0.0
2003-08-14 00:00:00-04:00,1.2099617719650269,1.2099617719650269,1.2099617719650269,1.2099617719650269,0,0.0,0.0
2003-08-15 00:00:00-04:00,1.2099617719650269,1.2099617719650269,1.2099617719650269,1.2099617719650269,0,0.0,0.0
2003-08-18 00:00:00-04:00,1.1696295673543224,1.2301275887394105,1.16559636592865,1.16559636592865,6400,0.0,0.0
2003-08-19 00:00:00-04:00,1.2018952468749973,1.270459771156311,1.1978620452207502,1.270459771156311,10700,0.0,0.0
2003-08-20 00:00:00-04:00,1.2583601996448972,1.2785263061523438,1.213994976878584,1.2785263061523438,700,0.0,0.0
2003-08-21 00:00:00-04:00,1.222061276435852,1.222061276435852,1.222061276435852,1.222061276435852,1000,0.0,0.0
2003-08-22 00:00:00-04:00,1.2139948606491089,1.2139948606491089,1.2139948606491089,1.2139948606491089,2000,0.0,0.0
2003-08-25 00:00:00-04:00,1.1817291818798128,1.427754663297693,1.1817291818798128,1.3672566413879395,12600,0.0,0.0
2003-08-26 00:00:00-04:00,1.351124048739553,1.4922863245010376,1.351124048739553,1.4922863245010376,4000,0.0,0.0
2003-08-27 00:00:00-04:00,1.4721199785952714,1.4721199785952714,1.2946589216382043,1.44388747215271,5200,0.0,0.0
2003-08-28 00:00:00-04:00,1.3914557761859943,1.395488977432251,1.383389373693481,1.395488977432251,1400,0.0,0.0
2003-08-29 00:00:00-04:00,1.3712900884106927,1.4559873342514038,1.2906259485937475,1.4559873342514038,22900,0.0,0.0
2003-09-02 00:00:00-04:00,1.468086838722229,1.468086838722229,1.468086838722229,1.468086838722229,900,0.0,0.0
2003-09-03 00:00:00-04:00,1.460020302139105,1.460020302139105,1.3833894729614258,1.3833894729614258,1000,0.0,0.0
2003-09-04 00:00:00-04:00,1.451954218211346,1.451954218211346,1.4116221939895817,1.4317882061004639,1000,0.0,0.0
2003-09-05 00:00:00-04:00,1.3874226100894638,1.6132820779200914,1.3874226100894638,1.6092488765716553,12300,0.0,0.0
2003-09-08 00:00:00-04:00,1.5689167976379395,1.5689167976379395,1.5689167976379395,1.5689167976379395,100,0.0,0.0
2003-09-09 00:00:00-04:00,1.532618062361245,1.6052157878875732,1.532618062361245,1.6052157878875732,900,0.0,0.0
2003-09-10 00:00:00-04:00,1.524551510810852,1.524551510810852,1.524551510810852,1.524551510810852,100,0.0,0.0
2003-09-11 00:00:00-04:00,1.5729501991352313,1.693946249949802,1.5527840945070228,1.6213486194610596,19700,0.0,0.0
2003-09-12 00:00:00-04:00,1.5931162076043264,1.641514724089268,1.5931162076043264,1.6213486194610596,500,0.0,0.0
2003-09-15 00:00:00-04:00,1.6213484539732768,1.6213484539732768,1.4116217949828402,1.593116044998169,1900,0.0,0.0
2003-09-16 00:00:00-04:00,1.6132822036743164,1.637481413651244,1.6052158003486738,1.6132822036743164,3100,0.0,0.0
2003-09-17 00:00:00-04:00,1.6334483081475355,1.6334483081475355,1.6092490020114951,1.6132822036743164,1000,0.0,0.0
2003-09-18 00:00:00-04:00,1.6132820580869534,1.6132820580869534,1.5931160515926872,1.5971492528915405,3100,0.0,0.0
2003-09-19 00:00:00-04:00,1.5971501225439946,1.62941575050354,1.5971501225439946,1.62941575050354,900,0.0,0.0
2003-09-22 00:00:00-04:00,1.6011825986858526,1.6132822036743164,1.59311619536021,1.6132822036743164,17300,0.0,0.0
2003-09-23 00:00:00-04:00,1.6132822036743164,1.6132822036743164,1.6132822036743164,1.6132822036743164,0,0.0,0.0
2003-09-24 00:00:00-04:00,1.6132822036743164,1.6132822036743164,1.6132822036743164,1.6132822036743164,0,0.0,0.0
2003-09-25 00:00:00-04:00,1.3954892104582384,1.3954892104582384,1.3269246816635132,1.3269246816635132,600,0.0,0.0
2003-09-26 00:00:00-04:00,1.3269246816635132,1.3269246816635132,1.3269246816635132,1.3269246816635132,0,0.0,0.0
2003-09-29 00:00:00-04:00,1.3511234521865845,1.3511234521865845,1.3511234521865845,1.3511234521865845,500,0.0,0.0
2003-09-30 00:00:00-04:00,1.3511234521865845,1.3511234521865845,1.3511234521865845,1.3511234521865845,0,0.0,0.0
2003-10-01 00:00:00-04:00,1.3511234521865845,1.3511234521865845,1.3511234521865845,1.3511234521865845,0,0.0,0.0
2003-10-02 00:00:00-04:00,1.3632235938404227,1.6011826992034912,1.3632235938404227,1.6011826992034912,5500,0.0,0.0
2003-10-03 00:00:00-04:00,1.6132820379510198,1.6334481403526897,1.5729500254658855,1.5850496292114258,11800,0.0,0.0
2003-10-06 00:00:00-04:00,1.6011825862560611,1.6173154889412211,1.6011825862560611,1.6052157878875732,7700,0.0,0.0
2003-10-07 00:00:00-04:00,1.6334482954672693,1.6334482954672693,1.6052157878875732,1.6052157878875732,1800,0.0,0.0
2003-10-08 00:00:00-04:00,1.6052157878875732,1.6052157878875732,1.6052157878875732,1.6052157878875732,0,0.0,0.0
2003-10-09 00:00:00-04:00,1.5729506575437215,1.5729506575437215,1.5205189240846648,1.5406849384307861,1400,0.0,0.0
2003-10-10 00:00:00-04:00,1.5406849384307861,1.5406849384307861,1.5406849384307861,1.5406849384307861,0,0.0,0.0
2003-10-13 00:00:00-04:00,1.5769834252610424,1.5769834252610424,1.49631929397583,1.49631929397583,3300,0.0,0.0
2003-10-14 00:00:00-04:00,1.5124516487121582,1.5124516487121582,1.5124516487121582,1.5124516487121582,2000,0.0,0.0
2003-10-15 00:00:00-04:00,1.5124516487121582,1.5124516487121582,1.5124516487121582,1.5124516487121582,0,0.0,0.0
2003-10-16 00:00:00-04:00,1.5487507347353247,1.593116044998169,1.5487507347353247,1.593116044998169,900,0.0,0.0
2003-10-17 00:00:00-04:00,1.589083106289885,1.5931163082384736,1.544717788696289,1.544717788696289,5900,0.0,0.0
2003-10-20 00:00:00-04:00,1.4559868730632917,1.5568169918564558,1.4438872703472032,1.520518183708191,9900,0.0,0.0
2003-10-21 00:00:00-04:00,1.5527838468551636,1.5527838468551636,1.5527838468551636,1.5527838468551636,500,0.0,0.0
2003-10-22 00:00:00-04:00,1.5326188802719116,1.5326188802719116,1.4922868424328468,1.5326188802719116,800,0.0,0.0
2003-10-23 00:00:00-04:00,1.5124519938595684,1.6334482302956204,1.4922859865065956,1.6253818273544312,12200,0.0,0.0
2003-10-24 00:00:00-04:00,1.581015944480896,1.581015944480896,1.581015944480896,1.581015944480896,100,0.0,0.0
2003-10-27 00:00:00-05:00,1.6253820199863034,1.6253820199863034,1.544717788696289,1.544717788696289,4100,0.0,0.0
2003-10-28 00:00:00-05:00,1.536651372909546,1.536651372909546,1.536651372909546,1.536651372909546,300,0.0,0.0
2003-10-29 00:00:00-05:00,1.5124516487121582,1.5124516487121582,1.5124516487121582,1.5124516487121582,500,0.0,0.0
2003-10-30 00:00:00-05:00,1.5124516487121582,1.5124516487121582,1.5124516487121582,1.5124516487121582,0,0.0,0.0
2003-10-31 00:00:00-05:00,1.5487505169286935,1.5487505169286935,1.3914555928863968,1.480186104774475,4200,0.0,0.0
2003-11-03 00:00:00-05:00,1.5608502626419067,1.5850495653165937,1.5608502626419067,1.5608502626419067,500,0.0,0.0
2003-11-04 00:00:00-05:00,1.5810166901598732,1.5810166901598732,1.536651372909546,1.536651372909546,1300,0.0,0.0
2003-11-05 00:00:00-05:00,1.5326176588844578,1.5406840600239218,1.5164848566055298,1.5164848566055298,600,0.0,0.0
2003-11-06 00:00:00-05:00,1.5285851682895981,1.5850500986509375,1.48018673897342,1.508419156074524,5900,0.0,0.0
2003-11-07 00:00:00-05:00,1.6495811647653935,1.7504113055492296,1.6213486561113561,1.645547866821289,23700,0.0,0.0
2003-11-10 00:00:00-05:00,1.6052155707462503,1.6737800853661817,1.5608502626419067,1.5608502626419067,5100,0.0,0.0
2003-11-11 00:00:00-05:00,1.560850305780012,1.572950005531311,1.560850305780012,1.572950005531311,1400,0.0,0.0
2003-11-12 00:00:00-05:00,1.5326178973982176,1.572950005531311,1.52051829380602,1.572950005531311,1500,0.0,0.0
2003-11-13 00:00:00-05:00,1.5366510426528917,1.581016350368238,1.5124518363494834,1.5527838468551636,2700,0.0,0.0
2003-11-14 00:00:00-05:00,1.5164855879966241,1.5285851955413818,1.512452385481705,1.5285851955413818,1500,0.0,0.0
2003-11-17 00:00:00-05:00,1.5366515652361818,1.5366515652361818,1.4317882061004639,1.4317882061004639,900,0.0,0.0
2003-11-18 00:00:00-05:00,1.4317882061004639,1.4317882061004639,1.4317882061004639,1.4317882061004639,0,0.0,0.0
2003-11-19 00:00:00-05:00,1.4317882061004639,1.4317882061004639,1.4317882061004639,1.4317882061004639,0,0.0,0.0
2003-11-20 00:00:00-05:00,1.4317878222628884,1.4317878222628884,1.4116218155581641,1.4156550168991089,2000,0.0,0.0
2003-11-21 00:00:00-05:00,1.4156550168991089,1.4237214195809986,1.4116218155581641,1.4156550168991089,2100,0.0,0.0
2003-11-24 00:00:00-05:00,1.4721199249981964,1.4922859316093144,1.4116218090057373,1.4116218090057373,4000,0.0,0.0
2003-11-25 00:00:00-05:00,1.4519540071487427,1.4519540071487427,1.3954891814462551,1.4519540071487427,14700,0.0,0.0
2003-11-26 00:00:00-05:00,1.4922858310966431,1.5608502489562996,1.4922858310966431,1.5527838468551636,1300,0.0,0.0
2003-11-28 00:00:00-05:00,1.5729510142701397,1.593117033189672,1.5326188802719116,1.5326188802719116,4200,0.0,0.0
2003-12-01 00:00:00-05:00,1.5366510985956168,1.572950005531311,1.5366510985956168,1.572950005531311,2500,0.0,0.0
2003-12-02 00:00:00-05:00,1.6011826992034912,1.6011826992034912,1.6011826992034912,1.6011826992034912,500,0.0,0.0
2003-12-03 00:00:00-05:00,1.5810168731101943,1.5810168731101943,1.4922863245010376,1.4922863245010376,5000,0.0,0.0
2003-12-04 00:00:00-05:00,1.5689167130814219,1.5971491198211423,1.5648835121186047,1.5890827178955078,11200,0.0,0.0
2003-12-05 00:00:00-05:00,1.544717517006941,1.544717517006941,1.524551510810852,1.524551510810852,600,0.0,0.0
2003-12-08 00:00:00-05:00,1.5124518363494834,1.5527838468551636,1.5124518363494834,1.5527838468551636,600,0.0,0.0
2003-12-09 00:00:00-05:00,1.5527838468551636,1.5527838468551636,1.5527838468551636,1.5527838468551636,0,0.0,0.0
2003-12-10 00:00:00-05:00,1.4600203820099715,1.5689170217484327,1.4317879697158373,1.49631929397583,2500,0.0,0.0
2003-12-11 00:00:00-05:00,1.6217336252349954,1.6866030114872141,1.5871366742242372,1.6001105308532715,6800,0.25,0.0
2003-12-12 00:00:00-05:00,1.5784871275388923,1.5784871275388923,1.5049685179226344,1.513617753982544,10200,0.0,0.0
2003-12-15 00:00:00-05:00,1.5828111171722412,1.5828111171722412,1.5828111171722412,1.5828111171722412,100,0.0,0.0
2003-12-16 00:00:00-05:00,1.6649791036779322,1.6649791036779322,1.4963189363479614,1.4963189363479614,3800,0.0,0.0
2003-12-17 00:00:00-05:00,1.470371127128601,1.470371127128601,1.470371127128601,1.470371127128601,200,0.0,0.0
2003-12-18 00:00:00-05:00,1.4530730769394744,1.4530730769394744,1.2973867163451507,1.3838791847229004,2400,0.0,0.0
2003-12-19 00:00:00-05:00,1.3492820262908936,1.3492820262908936,1.3492820262908936,1.3492820262908936,600,0.0,0.0
2003-12-22 00:00:00-05:00,1.3838790727057793,1.3838790727057793,1.3492820262908936,1.3492820262908936,10200,0.0,0.0
2003-12-23 00:00:00-05:00,1.4919947903780177,1.4919947903780177,1.4055023193359375,1.4055023193359375,6200,0.0,0.0
2003-12-24 00:00:00-05:00,1.4055023193359375,1.4055023193359375,1.4055023193359375,1.4055023193359375,0,0.0,0.0
2003-12-26 00:00:00-05:00,1.4055023193359375,1.4055023193359375,1.4055023193359375,1.4055023193359375,0,0.0,0.0
2003-12-29 00:00:00-05:00,1.4703712510285407,1.4703712510285407,1.4141511258689006,1.4271249771118164,2700,0.0,0.0
2003-12-30 00:00:00-05:00,1.5179420389192328,1.5179420389192328,1.4271249771118164,1.4271249771118164,5600,0.0,0.0
2003-12-31 00:00:00-05:00,1.4573975232938867,1.5352407459624713,1.4530729055404663,1.4530729055404663,900,0.0,0.0
2004-01-02 00:00:00-05:00,1.5136178298118448,1.5136178298118448,1.4444238347590574,1.4919947385787964,3200,0.0,0.0
2004-01-05 00:00:00-05:00,1.4919943853933402,1.4919943853933402,1.3968527033828684,1.4833451509475708,1800,0.0,0.0
2004-01-06 00:00:00-05:00,1.4617223313627967,1.4617223313627967,1.4141514301300049,1.4141514301300049,1800,0.0,0.0
2004-01-07 00:00:00-05:00,1.4271251112354768,1.4271251112354768,1.4011774063110352,1.4011774063110352,1100,0.0,0.0
2004-01-08 00:00:00-05:00,1.4444233237222408,1.470371127128601,1.44009870700568,1.470371127128601,2400,0.0,0.0
2004-01-09 00:00:00-05:00,1.474696091554478,1.4876699447631836,1.474696091554478,1.4876699447631836,800,0.0,0.0
2004-01-12 00:00:00-05:00,1.5092931359525892,1.513617753982544,1.5006438998926797,1.513617753982544,2100,0.0,0.0
2004-01-13 00:00:00-05:00,1.5352410637625629,1.5395656824111938,1.5265918264653011,1.5395656824111938,1200,0.0,0.0
2004-01-14 00:00:00-05:00,1.5395656824111938,1.5395656824111938,1.5395656824111938,1.5395656824111938,0,0.0,0.0
2004-01-15 00:00:00-05:00,1.5395656824111938,1.5395656824111938,1.5395656824111938,1.5395656824111938,0,0.0,0.0
2004-01-16 00:00:00-05:00,1.5352408441323178,1.5352408441323178,1.4919946638327701,1.513617753982544,11000,0.0,0.0
2004-01-20 00:00:00-05:00,1.4703716765437425,1.5525394248609778,1.4703716765437425,1.5309163331985474,3600,0.0,0.0
2004-01-21 00:00:00-05:00,1.5179421766135481,1.5698376893997192,1.513617559140285,1.5698376893997192,9400,0.0,0.0
2004-01-22 00:00:00-05:00,1.569837921595813,1.5784871578216553,1.569837921595813,1.5784871578216553,2300,0.0,0.0
2004-01-23 00:00:00-05:00,1.5784871578216553,1.5784871578216553,1.5784871578216553,1.5784871578216553,0,0.0,0.0
2004-01-26 00:00:00-05:00,1.5568640232086182,1.5611886414855909,1.5568640232086182,1.5568640232086182,1900,0.0,0.0
2004-01-27 00:00:00-05:00,1.5568637338729163,1.5698376893997192,1.5568637338729163,1.5698376893997192,4100,0.0,0.0
2004-01-28 00:00:00-05:00,1.5784873951841907,1.5914612514738773,1.561188817024231,1.561188817024231,4600,0.0,0.0
2004-01-29 00:00:00-05:00,1.5784873951841907,1.5784873951841907,1.561188817024231,1.561188817024231,1800,0.0,0.0
2004-01-30 00:00:00-05:00,1.5871366327106484,1.6001104890003348,1.561188817024231,1.561188817024231,2400,0.0,0.0
2004-02-02 00:00:00-05:00,1.5568637276396642,1.569837683114523,1.5525391101837158,1.5525391101837158,5300,0.0,0.0
2004-02-03 00:00:00-05:00,1.548214378106848,1.548214378106848,1.5438897609710693,1.5438897609710693,200,0.0,0.0
2004-02-04 00:00:00-05:00,1.5438897609710693,1.5438897609710693,1.5438897609710693,1.5438897609710693,0,0.0,0.0
2004-02-05 00:00:00-05:00,1.6130843720250807,1.6174089908599854,1.6130843720250807,1.6174089908599854,300,0.0,0.0
2004-02-06 00:00:00-05:00,1.6001104785856357,1.66065514087677,1.6001104785856357,1.66065514087677,4600,0.0,0.0
2004-02-09 00:00:00-05:00,1.6433566176590544,1.6476812362670898,1.6433566176590544,1.6476812362670898,1400,0.0,0.0
2004-02-10 00:00:00-05:00,1.6433570384979248,1.6433570384979248,1.6433570384979248,1.6433570384979248,300,0.0,0.0
2004-02-11 00:00:00-05:00,1.6476812921187856,1.652005910873413,1.6433566733641578,1.652005910873413,1800,0.0,0.0
2004-02-12 00:00:00-05:00,1.647680514167021,1.6649789810180664,1.6217328138904525,1.6649789810180664,1800,0.0,0.0
2004-02-13 00:00:00-05:00,1.6649789810180664,1.6649789810180664,1.6649789810180664,1.6649789810180664,0,0.0,0.0
2004-02-17 00:00:00-05:00,1.5871364441818085,1.6649795726732906,1.5871364441818085,1.5914610624313354,6900,0.0,0.0
2004-02-18 00:00:00-05:00,1.639032006263733,1.639032006263733,1.639032006263733,1.639032006263733,200,0.0,0.0
2004-02-19 00:00:00-05:00,1.647680514167021,1.6779529342633461,1.647680514167021,1.6649789810180664,34600,0.0,0.0
2004-02-20 00:00:00-05:00,1.6649797596118512,1.6649797596118512,1.6087597160557978,1.66065514087677,1100,0.0,0.0
2004-02-23 00:00:00-05:00,1.5957856806808621,1.5957856806808621,1.5914610624313354,1.5914610624313354,500,0.0,0.0
2004-02-24 00:00:00-05:00,1.5914610624313354,1.5914610624313354,1.5914610624313354,1.5914610624313354,0,0.0,0.0
2004-02-25 00:00:00-05:00,1.6130837160580087,1.6476806526682595,1.6087590989817273,1.6217329502105713,8600,0.0,0.0
2004-02-26 00:00:00-05:00,1.6649801582120203,1.81634195328327,1.6217339605079686,1.747148036956787,188700,0.0,0.0
2004-02-27 00:00:00-05:00,1.7860690293275967,1.8163412529410445,1.7557965995000917,1.7947182655334473,43800,0.0,0.0
2004-03-01 00:00:00-05:00,1.781744278053793,1.781744278053793,1.6995765354846526,1.729848861694336,37900,0.0,0.0
2004-03-02 00:00:00-05:00,1.764445849836095,2.4304376616621886,1.686602723360053,2.356919050216675,226200,0.0,0.0
2004-03-03 00:00:00-05:00,2.4563858383839046,3.105079301223952,2.36556873708917,3.0488593578338623,710700,0.0,0.0
2004-03-04 00:00:00-05:00,3.135350963810005,3.2867126932338855,2.335295931528882,2.6509933471679688,397200,0.0,0.0
2004-03-05 00:00:00-05:00,2.473683849970829,2.8283029506725956,2.248803499973481,2.555851697921753,220700,0.0,0.0
2004-03-08 00:00:00-05:00,2.8153289162634616,2.8153289162634616,2.27042646554897,2.2747511863708496,112200,0.0,0.0
2004-03-09 00:00:00-05:00,2.4563856260188794,2.460710347713356,2.0585205097606307,2.257452964782715,76500,0.0,0.0
2004-03-10 00:00:00-05:00,2.270426598193505,2.3569189575438276,1.9460799413087186,2.0974416732788086,108800,0.0,0.0
2004-03-11 00:00:00-05:00,2.002300260859743,2.270426805547284,1.9677033139599407,2.101766586303711,70200,0.0,0.0
2004-03-12 00:00:00-05:00,2.1190648662234146,2.222855697443802,1.9547291772437507,2.0974416732788086,37300,0.0,0.0
2004-03-15 00:00:00-05:00,2.0974420890049332,2.0974420890049332,1.8812109415567115,1.9460803270339966,45100,0.0,0.0
2004-03-16 00:00:00-05:00,2.0325727862673135,2.0325727862673135,1.8163416300169994,1.9893265962600708,30600,0.0,0.0
2004-03-17 00:00:00-05:00,1.989326004762004,2.3785420115274922,1.989326004762004,2.2747511863708496,127700,0.0,0.0
2004-03-18 00:00:00-05:00,2.3958406763445024,2.3958406763445024,2.106090956670851,2.244478940963745,45200,0.0,0.0
2004-03-19 00:00:00-05:00,2.183934436718855,2.2574528457207492,2.1623112418150763,2.20123291015625,35700,0.0,0.0
2004-03-22 00:00:00-05:00,2.1623110458985764,2.1623110458985764,1.98932612098388,2.0974416732788086,11600,0.0,0.0
2004-03-23 00:00:00-05:00,1.8595869549783905,2.2142057149651855,1.8595869549783905,2.166635036468506,34300,0.0,0.0
2004-03-24 00:00:00-05:00,2.1969081886898665,2.2488036090020516,2.127714294940286,2.20123291015625,16900,0.0,0.0
2004-03-25 00:00:00-05:00,2.2358294884098324,2.3525942679682745,2.0974415175126273,2.2098817825317383,66000,0.0,0.0
2004-03-26 00:00:00-05:00,2.0109491212331934,2.292049571506914,1.9504044754895404,2.162310838699341,85200,0.0,0.0
2004-03-29 00:00:00-05:00,2.1579858745305627,2.4866571839080955,2.119064424051439,2.400164842605591,164200,0.0,0.0
2004-03-30 00:00:00-05:00,2.4390865056114626,2.482332680030916,2.209881678081346,2.4520604610443115,65300,0.0,0.0
2004-03-31 00:00:00-05:00,2.3612435151608513,2.7547840322829806,2.3612435151608513,2.560176134109497,165200,0.0,0.0
2004-04-01 00:00:00-05:00,2.6726165736672733,2.6726165736672733,2.3525946144867222,2.551527261734009,81400,0.0,0.0
2004-04-02 00:00:00-05:00,2.6163971113887965,2.681266294241559,2.309348848524521,2.568826198577881,74400,0.0,0.0
2004-04-05 00:00:00-04:00,2.5861239870027655,2.642344122988794,2.4434114927413466,2.633694887161255,73400,0.0,0.0
2004-04-06 00:00:00-04:00,2.6077474893490757,2.633695199912988,2.551527346686896,2.594773530960083,19300,0.0,0.0
2004-04-07 00:00:00-04:00,2.702887784143163,2.8542494588123857,2.5601753421346394,2.668290853500366,57400,0.0,0.0
2004-04-08 00:00:00-04:00,2.785055759115174,2.7893802725894448,2.6423433088265025,2.6899139881134033,27600,0.0,0.0
2004-04-12 00:00:00-04:00,2.8888470999985483,2.8931718204995964,2.599097631491105,2.63801908493042,15700,0.0,0.0
2004-04-13 00:00:00-04:00,2.681265255377445,2.681265255377445,2.2358293550510164,2.3698925971984863,43200,0.0,0.0
2004-04-14 00:00:00-04:00,2.4866580492427066,2.5428781937604423,2.3742177602072347,2.4909827709198,38900,0.0,0.0
2004-04-15 00:00:00-04:00,2.4909827528634074,2.5861243607149325,2.378542464642982,2.473684072494507,7800,0.0,0.0
2004-04-16 00:00:00-04:00,2.395840735160717,2.5861241409045,2.1623111477056334,2.538553237915039,106100,0.0,0.0
2004-04-19 00:00:00-04:00,2.5515271242331177,2.590448583578599,2.4044899043095853,2.57747483253479,18500,0.0,0.0
2004-04-20 00:00:00-04:00,2.542877813703922,2.586123992940917,2.439086777321084,2.4650344848632812,5600,0.0,0.0
2004-04-21 00:00:00-04:00,2.4347622711036605,2.5169301150511822,2.266101862162619,2.499631643295288,29300,0.0,0.0
2004-04-22 00:00:00-04:00,2.486657933433355,2.486657933433355,2.2747515302626575,2.3482699394226074,36900,0.0,0.0
2004-04-23 00:00:00-04:00,2.218531269814822,2.4217884253870725,2.218531269814822,2.356919050216675,7100,0.0,0.0
2004-04-26 00:00:00-04:00,2.3396206961101873,2.3958408378516247,2.274751523869834,2.300699234008789,22200,0.0,0.0
2004-04-27 00:00:00-04:00,2.378541922569275,2.378541922569275,2.032572105891768,2.162310838699341,39300,0.0,0.0
2004-04-28 00:00:00-04:00,2.1579860497127537,2.240153883727403,2.0195982923946283,2.149336814880371,37800,0.0,0.0
2004-04-29 00:00:00-04:00,2.1060906900210896,2.149336865195377,1.985001399533084,2.0628445148468018,11100,0.0,0.0
2004-04-30 00:00:00-04:00,1.9244564771652222,2.0412212489404196,1.773094766525377,1.9244564771652222,40100,0.0,0.0
2004-05-03 00:00:00-04:00,2.02824783542017,2.02824783542017,1.7860690171002467,1.8120167255401611,15800,0.0,0.0
2004-05-04 00:00:00-04:00,1.833639849290285,1.985001802444458,1.8076921389189022,1.985001802444458,22000,0.0,0.0
2004-05-05 00:00:00-04:00,2.054195735359497,2.145012826472516,1.837964605321655,1.8985092639923096,41700,0.0,0.0
2004-05-06 00:00:00-04:00,1.9417548179626465,1.9417548179626465,1.7947178375286117,1.9417548179626465,42200,0.0,0.0
2004-05-07 00:00:00-04:00,1.9460803158974649,1.9460803158974649,1.7947185547927023,1.8725616931915283,10400,0.0,0.0
2004-05-10 00:00:00-04:00,1.829314942193712,1.8941843073352818,1.794718002441949,1.8379641771316528,5500,0.0,0.0
2004-05-11 00:00:00-04:00,1.9417544707068848,1.9460791901120622,1.837963679550281,1.90715754032135,4700,0.0,0.0
2004-05-12 00:00:00-04:00,1.881210825320362,1.881210825320362,1.75579678404661,1.855263113975525,5000,0.0,0.0
2004-05-13 00:00:00-04:00,1.894184669114353,1.894184669114353,1.8422892495749623,1.8466137647628784,3000,0.0,0.0
2004-05-14 00:00:00-04:00,1.8120168184032848,1.8466137647628784,1.7557966774619116,1.8466137647628784,3700,0.0,0.0
2004-05-17 00:00:00-04:00,1.7774200685902832,1.816341534441717,1.7774200685902832,1.79904305934906,2900,0.0,0.0
2004-05-18 00:00:00-04:00,1.7557964069082355,1.8725611859864126,1.7298487011368666,1.8509382009506226,12100,0.0,0.0
2004-05-19 00:00:00-04:00,1.8509382009506226,1.8682366714648684,1.8509382009506226,1.8509382009506226,6700,0.0,0.0
2004-05-20 00:00:00-04:00,1.7860689283976683,1.8336396217346191,1.7860689283976683,1.8336396217346191,1900,0.0,0.0
2004-05-21 00:00:00-04:00,1.837963886295856,1.8595870733261108,1.8033669520186437,1.8595870733261108,2400,0.0,0.0
2004-05-24 00:00:00-04:00,1.8768858374594002,1.8768858374594002,1.8379641771316528,1.8379641771316528,3000,0.0,0.0
2004-05-25 00:00:00-04:00,1.8033675143253791,1.8379644593902402,1.7774198055267334,1.7774198055267334,2800,0.0,0.0
2004-05-26 00:00:00-04:00,1.8163412529410445,1.8163412529410445,1.7341736120924942,1.7947182655334473,6700,0.0,0.0
2004-05-27 00:00:00-04:00,1.8076927137424597,1.8076927137424597,1.747148036956787,1.747148036956787,13100,0.0,0.0
2004-05-28 00:00:00-04:00,1.747147559750755,1.747147559750755,1.6563304662704468,1.6563304662704468,22300,0.0,0.0
2004-06-01 00:00:00-04:00,1.57416257704538,1.8076920637891012,1.57416257704538,1.790393590927124,31500,0.0,0.0
2004-06-02 00:00:00-04:00,1.812016372369798,1.933105654821871,1.8033671379089355,1.8033671379089355,3400,0.0,0.0
2004-06-03 00:00:00-04:00,2.201232928420052,2.201232928420052,1.7471474813856758,1.985001802444458,19600,0.0,0.0
2004-06-04 00:00:00-04:00,1.8379646189013212,1.9460801847190459,1.8206661448676114,1.8812108039855957,6100,0.0,0.0
2004-06-07 00:00:00-04:00,1.8552632968998715,1.8768864949262687,1.7514724412870026,1.786069393157959,11100,0.0,0.0
2004-06-08 00:00:00-04:00,1.8422891551604224,1.8422891551604224,1.7947182532468848,1.8120167255401611,1200,0.0,0.0
2004-06-09 00:00:00-04:00,1.7947182655334473,1.7947182655334473,1.7947182655334473,1.7947182655334473,300,0.0,0.0
2004-06-10 00:00:00-04:00,1.7947182655334473,1.7947182655334473,1.7947182655334473,1.7947182655334473,0,0.0,0.0
2004-06-14 00:00:00-04:00,1.8163410691552344,1.8163410691552344,1.7514719072821476,1.773094892501831,6200,0.0,0.0
2004-06-15 00:00:00-04:00,1.7774198055267334,1.8336397381501033,1.6606549097187688,1.7774198055267334,9300,0.0,0.0
2004-06-16 00:00:00-04:00,1.777419582058415,1.777419582058415,1.7125502151105543,1.7255240678787231,4500,0.0,0.0
2004-06-17 00:00:00-04:00,1.7774196926805823,1.8336396217346191,1.6606548042858742,1.8336396217346191,8100,0.0,0.0
2004-06-18 00:00:00-04:00,1.8336395191670405,1.872561180823805,1.7341734170913696,1.7341734170913696,2800,0.0,0.0
2004-06-21 00:00:00-04:00,1.7774197631308652,1.7774197631308652,1.729848861694336,1.729848861694336,4500,0.0,0.0
2004-06-22 00:00:00-04:00,1.742823051807262,1.8768863317595004,1.742823051807262,1.829315423965454,5600,0.0,0.0
2004-06-23 00:00:00-04:00,1.8076919862335217,1.8076919862335217,1.6995765354846526,1.729848861694336,2700,0.0,0.0
2004-06-24 00:00:00-04:00,1.68660305342191,1.8076923849702569,1.68660305342191,1.786069393157959,4700,0.0,0.0
2004-06-25 00:00:00-04:00,1.6822776753815774,1.7644453990003974,1.6520052530465879,1.6909269094467163,19800,0.0,0.0
2004-06-28 00:00:00-04:00,1.6606551483826684,1.7211999140544991,1.652005910873413,1.652005910873413,25300,0.0,0.0
2004-06-29 00:00:00-04:00,1.6520055524596478,1.716874922812258,1.6520055524596478,1.6779533624649048,4000,0.0,0.0
2004-06-30 00:00:00-04:00,1.67362855874409,1.7255240730802182,1.6476808531295344,1.7168748378753662,11800,0.0,0.0
2004-07-01 00:00:00-04:00,1.6822779802812775,1.6822779802812775,1.6779533624649048,1.6779533624649048,500,0.0,0.0
2004-07-02 00:00:00-04:00,1.6779533624649048,1.6779533624649048,1.6779533624649048,1.6779533624649048,0,0.0,0.0
2004-07-06 00:00:00-04:00,1.6779533624649048,1.6779533624649048,1.6779533624649048,1.6779533624649048,0,0.0,0.0
2004-07-07 00:00:00-04:00,1.682278159454891,1.682278159454891,1.4790208942231102,1.5568640232086182,46900,0.0,0.0
2004-07-08 00:00:00-04:00,1.5871364542544597,1.5871364542544597,1.517942458715864,1.5568640232086182,2800,0.0,0.0
2004-07-09 00:00:00-04:00,1.5482147279241782,1.5784871578216553,1.539565491698336,1.5784871578216553,3500,0.0,0.0
2004-07-12 00:00:00-04:00,1.5784867794477577,1.6217329502105713,1.5784867794477577,1.6217329502105713,2600,0.0,0.0
2004-07-13 00:00:00-04:00,1.639031830611725,1.639031830611725,1.6347072124481201,1.6347072124481201,400,0.0,0.0
2004-07-14 00:00:00-04:00,1.64335644877533,1.64335644877533,1.6347072124481201,1.6347072124481201,800,0.0,0.0
2004-07-15 00:00:00-04:00,1.6174093202048945,1.6433570384979248,1.6174093202048945,1.6433570384979248,2800,0.0,0.0
2004-07-16 00:00:00-04:00,1.647681066938935,1.647681066938935,1.5222670370873614,1.6347072124481201,2300,0.0,0.0
2004-07-19 00:00:00-04:00,1.6476803443797994,1.712549691493675,1.6433557281126734,1.695251226425171,4500,0.0,0.0
2004-07-20 00:00:00-04:00,1.6779533624649048,1.6779533624649048,1.6736286415415105,1.6779533624649048,1500,0.0,0.0
2004-07-21 00:00:00-04:00,1.6779527613566667,1.7039004589594229,1.6606541931811776,1.695251226425171,4600,0.0,0.0
2004-07-22 00:00:00-04:00,1.6649797180261305,1.6779536770143704,1.561188767869499,1.639032006263733,3900,0.0,0.0
2004-07-23 00:00:00-04:00,1.63903241878242,1.6433570384979248,1.5395660622187366,1.6433570384979248,1400,0.0,0.0
2004-07-26 00:00:00-04:00,1.6995767701497018,1.6995767701497018,1.5265918188529688,1.639032006263733,4200,0.0,0.0
2004-07-27 00:00:00-04:00,1.6390312945027803,1.643355911251851,1.5179419224218014,1.6303820610046387,11100,0.0,0.0
2004-07-28 00:00:00-04:00,1.6130843720250807,1.639032085034508,1.5914612778505581,1.6174089908599854,900,0.0,0.0
2004-07-29 00:00:00-04:00,1.6433566248907991,1.6433566248907991,1.5395656747341675,1.639032006263733,3100,0.0,0.0
2004-07-30 00:00:00-04:00,1.630382613511068,1.6433564681548791,1.5136178186097364,1.6087595224380493,7600,0.0,0.0
2004-08-02 00:00:00-04:00,1.4487479513296722,1.6303820610046387,1.4487479513296722,1.6303820610046387,500,0.0,0.0
2004-08-03 00:00:00-04:00,1.6217336252349954,1.6217336252349954,1.552539620106432,1.6001105308532715,2100,0.0,0.0
2004-08-04 00:00:00-04:00,1.4530728542409006,1.578486970876484,1.3449573111153061,1.4660468101501465,64400,0.0,0.0
2004-08-05 00:00:00-04:00,1.435774326324463,1.4530727960345025,1.362255830056794,1.435774326324463,41600,0.0,0.0
2004-08-06 00:00:00-04:00,1.3838792825272164,1.418476231080609,1.2152189521153485,1.4098269939422607,53000,0.0,0.0
2004-08-09 00:00:00-04:00,1.4055022249642448,1.4055022249642448,1.3060359054105206,1.3709052801132202,16900,0.0,0.0
2004-08-10 00:00:00-04:00,1.3190098482938573,1.4055023193359375,1.3060359931036005,1.4055023193359375,8800,0.0,0.0
2004-08-11 00:00:00-04:00,1.4141513442676688,1.4141513442676688,1.275763473197208,1.3363081216812134,3500,0.0,0.0
2004-08-12 00:00:00-04:00,1.3319835662841797,1.3406328021867764,1.2757635329173016,1.3319835662841797,27900,0.0,0.0
2004-08-13 00:00:00-04:00,1.2844126033129197,1.3752296716946937,1.2844126033129197,1.31900954246521,4900,0.0,0.0
2004-08-16 00:00:00-04:00,1.340632946794478,1.4141515630036778,1.2844129073634116,1.3968530893325806,42900,0.0,0.0
2004-08-17 00:00:00-04:00,1.344957626080108,1.4098270083895097,1.29738682133171,1.3925285339355469,10300,0.0,0.0
2004-08-18 00:00:00-04:00,1.3190095950881027,1.392528196826812,1.280088036988971,1.3579312562942505,17300,0.0,0.0
2004-08-19 00:00:00-04:00,1.3709052189653312,1.3709052189653312,1.297386611329101,1.3492820262908936,6000,0.0,0.0
2004-08-20 00:00:00-04:00,1.3146851416232768,1.3709052801132202,1.2844128148786302,1.3709052801132202,10200,0.0,0.0
2004-08-23 00:00:00-04:00,1.3060360023346789,1.3060360023346789,1.2930621470527228,1.2973867654800415,4600,0.0,0.0
2004-08-24 00:00:00-04:00,1.4011772333528227,1.4011772333528227,1.2584647707774894,1.3882033824920654,19500,0.0,0.0
2004-08-25 00:00:00-04:00,1.4011773657596345,1.5092929029228563,1.4011773657596345,1.504968285560608,25800,0.0,0.0
2004-08-26 00:00:00-04:00,1.5136175202851048,1.5136175202851048,1.4790205813871173,1.504968285560608,3100,0.0,0.0
2004-08-27 00:00:00-04:00,1.504968825915724,1.504968825915724,1.43145020125382,1.5006442070007324,2600,0.0,0.0
2004-08-30 00:00:00-04:00,1.4314499083063765,1.5179423720124987,1.4271252902764218,1.513617753982544,30000,0.0,0.0
2004-08-31 00:00:00-04:00,1.535240526699512,1.5438897609710693,1.4919943553417252,1.5438897609710693,7900,0.0,0.0
2004-09-01 00:00:00-04:00,1.5741623005704717,1.5741623005704717,1.4055020135744516,1.5525391101837158,3500,0.0,0.0
2004-09-02 00:00:00-04:00,1.5525392108067113,1.5525392108067113,1.4314498110851062,1.4876699447631836,5800,0.0,0.0
2004-09-03 00:00:00-04:00,1.5136176972440658,1.5136176972440658,1.4703715185656159,1.5092930793762207,5800,0.0,0.0
2004-09-07 00:00:00-04:00,1.5352412462234497,1.5352412462234497,1.5352412462234497,1.5352412462234497,100,0.0,0.0
2004-09-08 00:00:00-04:00,1.5222670965335752,1.5309163331985474,1.504968623203631,1.5309163331985474,1200,0.0,0.0
2004-09-09 00:00:00-04:00,1.5352412462234497,1.5352412462234497,1.5352412462234497,1.5352412462234497,100,0.0,0.0
2004-09-10 00:00:00-04:00,1.513617859868603,1.5309163331985474,1.513617859868603,1.5309163331985474,4300,0.0,0.0
2004-09-13 00:00:00-04:00,1.5092931359525892,1.5395654621622725,1.5092931359525892,1.513617753982544,500,0.0,0.0
2004-09-14 00:00:00-04:00,1.5265918264653011,1.5395656824111938,1.5265918264653011,1.5395656824111938,200,0.0,0.0
2004-09-15 00:00:00-04:00,1.5222669839859009,1.5222669839859009,1.5222669839859009,1.5222669839859009,100,0.0,0.0
2004-09-16 00:00:00-04:00,1.5395655698635196,1.5395655698635196,1.5309163331985474,1.5309163331985474,600,0.0,0.0
2004-09-17 00:00:00-04:00,1.5222669839859009,1.5222669839859009,1.5222669839859009,1.5222669839859009,100,0.0,0.0
2004-09-20 00:00:00-04:00,1.5136175530801788,1.5568637276396642,1.4746959959766417,1.5525391101837158,14000,0.0,0.0
2004-09-21 00:00:00-04:00,1.5352409220804553,1.5914610624313354,1.5136178308328212,1.5914610624313354,15600,0.0,0.0
2004-09-22 00:00:00-04:00,1.6001101054460038,1.6563301358917586,1.5784870168130214,1.6130839586257935,18800,0.0,0.0
2004-09-23 00:00:00-04:00,1.6174089608363922,1.652005910873413,1.6001104858178816,1.652005910873413,11000,0.0,0.0
2004-09-24 00:00:00-04:00,1.639031830611725,1.6520056851025398,1.6260579761209102,1.6347072124481201,600,0.0,0.0
2004-09-27 00:00:00-04:00,1.6130843720250807,1.6347074661996033,1.5914612778505581,1.6174089908599854,1700,0.0,0.0
2004-09-28 00:00:00-04:00,1.604434481905446,1.6217329502105713,1.604434481905446,1.6217329502105713,600,0.0,0.0
2004-09-29 00:00:00-04:00,1.6174089908599854,1.6174089908599854,1.6174089908599854,1.6174089908599854,500,0.0,0.0
2004-09-30 00:00:00-04:00,1.6217336252349954,1.6217336252349954,1.5871366742242372,1.6001105308532715,1700,0.0,0.0
2004-10-01 00:00:00-04:00,1.6001103090853777,1.6001103090853777,1.5568640232086182,1.5568640232086182,11100,0.0,0.0
2004-10-04 00:00:00-04:00,1.6087595854249388,1.6087595854249388,1.5784872567374768,1.6044349670410156,300,0.0,0.0
2004-10-05 00:00:00-04:00,1.6087597686059611,1.6087597686059611,1.6001105308532715,1.6001105308532715,2400,0.0,0.0
2004-10-06 00:00:00-04:00,1.5611888578591215,1.6390321007403745,1.5568642389827767,1.6001105308532715,3800,0.0,0.0
2004-10-07 00:00:00-04:00,1.600110298930389,1.600110298930389,1.5525393950785622,1.5914610624313354,1100,0.0,0.0
2004-10-08 00:00:00-04:00,1.5828111171722412,1.5914603497982929,1.513617153056842,1.5828111171722412,2700,0.0,0.0
2004-10-11 00:00:00-04:00,1.591460766852758,1.591460766852758,1.4703713752486478,1.587136149406433,3400,0.0,0.0
2004-10-12 00:00:00-04:00,1.5828117759345763,1.5914610121604187,1.4703716018915973,1.5784871578216553,10700,0.0,0.0
2004-10-13 00:00:00-04:00,1.574162539708734,1.5784871578216553,1.4703716018915973,1.5784871578216553,2700,0.0,0.0
2004-10-14 00:00:00-04:00,1.6174089908599854,1.6174089908599854,1.6174089908599854,1.6174089908599854,100,0.0,0.0
2004-10-15 00:00:00-04:00,1.6087597686059611,1.6217336252349954,1.4055024752036627,1.6001105308532715,1300,0.0,0.0
2004-10-18 00:00:00-04:00,1.5611883368381791,1.59578537940979,1.4963190753420572,1.59578537940979,2500,0.0,0.0
2004-10-19 00:00:00-04:00,1.5136176037583207,1.5568637797657519,1.4055020606327264,1.4660468101501465,2100,0.0,0.0
2004-10-20 00:00:00-04:00,1.600109996842865,1.600109996842865,1.5222667799405059,1.59578537940979,3800,0.0,0.0
2004-10-21 00:00:00-04:00,1.600110286008842,1.6217333770818605,1.5828118131504272,1.6087595224380493,1400,0.0,0.0
2004-10-22 00:00:00-04:00,1.6001105308532715,1.6001105308532715,1.591461293100582,1.6001105308532715,3200,0.0,0.0
2004-10-25 00:00:00-04:00,1.5784871578216553,1.5784871578216553,1.4703716018915973,1.5784871578216553,6300,0.0,0.0
2004-10-26 00:00:00-04:00,1.57848709089842,1.57848709089842,1.453072964726841,1.5655131340026855,7500,0.0,0.0
2004-10-27 00:00:00-04:00,1.5568640232086182,1.5568640232086182,1.4444238449002962,1.5568640232086182,3900,0.0,0.0
2004-10-28 00:00:00-04:00,1.548214786654673,1.5568640232086182,1.548214786654673,1.5568640232086182,200,0.0,0.0
2004-10-29 00:00:00-04:00,1.5525391101837158,1.5525391101837158,1.491994465800436,1.5525391101837158,3900,0.0,0.0
2004-11-01 00:00:00-05:00,1.5525394115005315,1.5525394115005315,1.4963193736620166,1.5482147932052612,2500,0.0,0.0
2004-11-02 00:00:00-05:00,1.5092928238848398,1.548214378106848,1.5006435896132826,1.5438897609710693,9100,0.0,0.0
2004-11-03 00:00:00-05:00,1.5438899374874717,1.5741623640060425,1.5092929964456963,1.5741623640060425,8200,0.0,0.0
2004-11-04 00:00:00-05:00,1.5698379399940459,1.6347072124481201,1.5698379399940459,1.6347072124481201,12500,0.0,0.0
2004-11-05 00:00:00-05:00,1.6347077990669148,1.6433570384979248,1.6347077990669148,1.6433570384979248,700,0.0,0.0
2004-11-08 00:00:00-05:00,1.6433566176590544,1.6476812362670898,1.6217335246188775,1.6476812362670898,2500,0.0,0.0
2004-11-09 00:00:00-05:00,1.6476812362670898,1.6476812362670898,1.6476812362670898,1.6476812362670898,0,0.0,0.0
2004-11-10 00:00:00-05:00,1.643356665936446,1.66065514087677,1.643356665936446,1.66065514087677,9300,0.0,0.0
2004-11-11 00:00:00-05:00,1.6649797596118512,1.6649797596118512,1.5568641881277818,1.66065514087677,3100,0.0,0.0
2004-11-12 00:00:00-05:00,1.660654730095964,1.881210437242358,1.660654730095964,1.773094892501831,69700,0.0,0.0
2004-11-15 00:00:00-05:00,1.6909273053747735,1.721199631690979,1.6909273053747735,1.721199631690979,1800,0.0,0.0
2004-11-16 00:00:00-05:00,1.7341734061645189,1.7341734061645189,1.6995763623423854,1.7255240678787231,900,0.0,0.0
2004-11-17 00:00:00-05:00,1.777419818175553,1.777419818175553,1.686602733626973,1.7601213455200195,1800,0.0,0.0
2004-11-18 00:00:00-05:00,1.7341732373421086,1.7341732373421086,1.6866023453828505,1.7039008140563965,4300,0.0,0.0
2004-11-19 00:00:00-05:00,1.6520057496151914,1.6520057496151914,1.448748481774278,1.5309163331985474,14000,0.0,0.0
2004-11-22 00:00:00-05:00,1.6649797742739223,1.9374310663044065,1.6563305367275936,1.79904305934906,132000,0.0,0.0
2004-11-23 00:00:00-05:00,2.0066251422765777,2.4304382315631154,1.9244572752888285,2.041222095489502,899400,0.0,0.0
2004-11-24 00:00:00-05:00,2.0541947006738432,2.0974408636557618,1.8293144469538973,1.90715754032135,167100,0.0,0.0
2004-11-26 00:00:00-05:00,1.8379643601284266,1.8725613033248316,1.7644457527290418,1.8076919317245483,31400,0.0,0.0
2004-11-29 00:00:00-05:00,1.9374747531956573,1.9374747531956573,1.7937864548001572,1.8447726964950562,34500,0.28,0.0
2004-11-30 00:00:00-05:00,1.8818535063261985,1.8818535063261985,1.7381652089117872,1.7706109285354614,35600,0.0,0.0
2004-12-01 00:00:00-05:00,1.821597054352378,2.0811629053890806,1.6315576304473134,1.7659757137298584,54000,0.0,0.0
2004-12-02 00:00:00-05:00,1.7613407229286973,1.7798811341422256,1.6918141808779665,1.7706109285354614,13000,0.0,0.0
2004-12-03 00:00:00-05:00,1.7706111513732148,1.784516461533394,1.728895220892677,1.7798813581466675,8900,0.0,0.0
2004-12-06 00:00:00-05:00,1.7937866683068469,1.8864889570605385,1.7381654276661298,1.7798813581466675,18000,0.0,0.0
2004-12-07 00:00:00-05:00,1.826232272685614,1.826232272685614,1.6593683507447243,1.7706109285354614,13600,0.0,0.0
2004-12-08 00:00:00-05:00,1.7613410314985616,1.8076921781622213,1.7381655134215253,1.803057074546814,7300,0.0,0.0
2004-12-09 00:00:00-05:00,1.8030570174895735,1.826232534833227,1.7381654584177602,1.7613409757614136,9600,0.0,0.0
2004-12-10 00:00:00-05:00,1.826232534833227,1.826232534833227,1.7335303549490295,1.7613409757614136,10800,0.0,0.0
2004-12-13 00:00:00-05:00,1.5573955965174036,1.8030563163625402,1.5573955965174036,1.7381647825241089,23300,0.0,0.0
2004-12-14 00:00:00-05:00,1.7752461678375477,1.7752461678375477,1.6454631688542658,1.6871792078018188,31500,0.0,0.0
2004-12-15 00:00:00-05:00,1.6779089708206478,1.742800528655122,1.65936855729925,1.7103548049926758,14500,0.0,0.0
2004-12-16 00:00:00-05:00,1.7381648577724849,1.7381648577724849,1.6779084229917902,1.6825436353683472,5900,0.0,0.0
2004-12-17 00:00:00-05:00,1.7010844029412957,1.7010844029412957,1.654733263949499,1.6779087781906128,4500,0.0,0.0
2004-12-20 00:00:00-05:00,1.7010850253634022,1.7010850253634022,1.6361934512350744,1.6686391830444336,5200,0.0,0.0
2004-12-21 00:00:00-05:00,1.6315577030181885,1.668638524742831,1.5898417785779657,1.6315577030181885,12400,0.0,0.0
2004-12-22 00:00:00-05:00,1.6500979794930135,1.7335299320881488,1.626922467802575,1.728894829750061,14200,0.0,0.0
2004-12-23 00:00:00-05:00,1.6918139769608818,1.6918139769608818,1.6454628440042707,1.6640032529830933,9300,0.0,0.0
2004-12-27 00:00:00-05:00,1.7103543859397043,1.7381649994079382,1.6222873327807423,1.6640032529830933,17400,0.0,0.0
2004-12-28 00:00:00-05:00,1.710354246570416,1.710354246570416,1.6222872005876525,1.6825436353683472,4500,0.0,0.0
2004-12-29 00:00:00-05:00,1.6825436353683472,1.6825436353683472,1.6222872005876525,1.6825436353683472,8200,0.0,0.0
2004-12-30 00:00:00-05:00,1.664002929844945,1.6686380311895452,1.622287017743543,1.6361923217773438,19500,0.0,0.0
2004-12-31 00:00:00-05:00,1.640827423121944,1.640827423121944,1.5759360042975408,1.6361923217773438,19400,0.0,0.0
2005-01-03 00:00:00-05:00,1.6361932420307228,1.6640038657400098,1.6222879301760793,1.654733657836914,56200,0.0,0.0
2005-01-04 00:00:00-05:00,1.701084531504349,1.7335302538940625,1.6500982858109365,1.6732738018035889,12300,0.0,0.0
2005-01-05 00:00:00-05:00,1.664003357057484,1.664003357057484,1.55739588825198,1.5944768190383911,31100,0.0,0.0
2005-01-06 00:00:00-05:00,1.6500976258111444,1.664002929844945,1.5991115110205418,1.6361923217773438,9600,0.0,0.0
2005-01-07 00:00:00-05:00,1.6408281719474498,1.6408281719474498,1.5944771373482045,1.6176526546478271,200900,0.0,0.0
2005-01-10 00:00:00-05:00,1.9513809965290891,2.0301778885202144,1.7845170029607786,1.8725841045379639,826900,0.0,0.0
2005-01-11 00:00:00-05:00,1.7845161237675113,1.8494076694088575,1.738165098673379,1.7659757137298584,68700,0.0,0.0
2005-01-12 00:00:00-05:00,1.7845162369456076,1.8725833007194344,1.7381652089117872,1.7706109285354614,41300,0.0,0.0
2005-01-13 00:00:00-05:00,1.8308676962392574,1.8308676962392574,1.7428006170369326,1.803057074546814,34500,0.0,0.0
2005-01-14 00:00:00-05:00,1.7706109070827325,1.803056736822861,1.7381651878521704,1.7845162153244019,43400,0.0,0.0
2005-01-18 00:00:00-05:00,1.7984217257575155,1.8308674466421302,1.7706109973468451,1.8076919317245483,13800,0.0,0.0
2005-01-19 00:00:00-05:00,1.7381655134215253,1.8262325926238503,1.7381655134215253,1.803057074546814,15000,0.0,0.0
2005-01-20 00:00:00-05:00,1.8262324409532351,1.8262324409532351,1.807692028031408,1.8215973377227783,6000,0.0,0.0
2005-01-21 00:00:00-05:00,1.8401372819928428,1.8401372819928428,1.770610640733669,1.8123266696929932,6800,0.0,0.0
2005-01-24 00:00:00-05:00,1.8262320891738293,1.8262320891738293,1.7613405459376408,1.8169618844985962,7700,0.0,0.0
2005-01-25 00:00:00-05:00,1.8076915676430183,1.8123266696929932,1.7428000284338194,1.8123266696929932,4800,0.0,0.0
2005-01-26 00:00:00-05:00,1.8076921781622213,1.8076921781622213,1.784516549575598,1.803057074546814,2000,0.0,0.0
2005-01-27 00:00:00-05:00,1.821597134894405,1.821597134894405,1.7845162026700025,1.7984216213226318,9200,0.0,0.0
2005-01-28 00:00:00-05:00,1.79842147514813,1.8169618844985962,1.7428001365871746,1.8169618844985962,25900,0.0,0.0
2005-01-31 00:00:00-05:00,1.826232285154936,1.8447726964950562,1.8076918738148158,1.8447726964950562,10700,0.0,0.0
2005-02-01 00:00:00-05:00,1.8679489071105877,1.8679489071105877,1.8540434837341309,1.8540434837341309,10200,0.0,0.0
2005-02-02 00:00:00-05:00,1.9606504417466644,1.9606504417466644,1.8540429625587693,1.8818535804748535,10300,0.0,0.0
2005-02-03 00:00:00-05:00,1.8818535804748535,1.928204610334994,1.8818535804748535,1.8818535804748535,5800,0.0,0.0
2005-02-04 00:00:00-05:00,1.8772184566173273,1.9189342700623127,1.8679482512940941,1.895758867263794,2500,0.0,0.0
2005-02-07 00:00:00-05:00,1.9003944740904795,1.9606509386907611,1.8076923908740465,1.8864892721176147,10400,0.0,0.0
2005-02-08 00:00:00-05:00,1.8911236540926128,1.9282044753855458,1.8540428327996799,1.895758867263794,7700,0.0,0.0
2005-02-09 00:00:00-05:00,1.9142998970825447,1.9142998970825447,1.8633136408039064,1.8864892721176147,2700,0.0,0.0
2005-02-10 00:00:00-05:00,1.881854057447193,1.8864892721176147,1.8355030158389765,1.8864892721176147,13600,0.0,0.0
2005-02-11 00:00:00-05:00,1.816962066760587,1.8911237116017094,1.816962066760587,1.8586781024932861,12200,0.0,0.0
2005-02-14 00:00:00-05:00,1.854043432482263,1.8864892721176147,1.8494083283214413,1.8864892721176147,22600,0.0,0.0
2005-02-15 00:00:00-05:00,1.8864893242663925,1.8864893242663925,1.8540434837341309,1.8540434837341309,1200,0.0,0.0
2005-02-16 00:00:00-05:00,1.877219160252014,1.877219160252014,1.826232901353579,1.8308680057525635,3100,0.0,0.0
2005-02-17 00:00:00-05:00,1.8957594195577983,1.8957594195577983,1.8262327488686911,1.8494082689285278,5000,0.0,0.0
2005-02-18 00:00:00-05:00,1.8540428891811482,1.8586781024932861,1.8355024779708675,1.8586781024932861,10400,0.0,0.0
2005-02-22 00:00:00-05:00,1.858678115509715,1.8957589381899553,1.8447726964950562,1.8447726964950562,13900,0.0,0.0
2005-02-23 00:00:00-05:00,1.8911241629324196,1.8911241629324196,1.8401380199359294,1.8772189617156982,3300,0.0,0.0
2005-02-24 00:00:00-05:00,1.8725841045379639,1.891124523710084,1.854043685365844,1.8725841045379639,6200,0.0,0.0
2005-02-25 00:00:00-05:00,1.8911236540926128,1.900393859415846,1.8540428327996799,1.895758867263794,10800,0.0,0.0
2005-02-28 00:00:00-05:00,1.8911241129156124,1.9328401575008396,1.8772189120666585,1.900394320487976,9500,0.0,0.0
2005-03-01 00:00:00-05:00,1.9003943209965655,1.9328401580181123,1.8957593277187346,1.905029535293579,5600,0.0,0.0
2005-03-02 00:00:00-05:00,1.9003944740904795,1.9003944740904795,1.8864892721176147,1.8864892721176147,3300,0.0,0.0
2005-03-03 00:00:00-05:00,1.918934404362966,1.918934404362966,1.8818535804748535,1.8818535804748535,3700,0.0,0.0
2005-03-04 00:00:00-05:00,1.8772189784231206,1.88185397186355,1.840138036313328,1.8679487705230713,4200,0.0,0.0
2005-03-07 00:00:00-05:00,1.9235695552001357,1.9235695552001357,1.8447726964950562,1.8447726964950562,7500,0.0,0.0
2005-03-08 00:00:00-05:00,1.8447726964950562,1.8494077993300864,1.812326976649846,1.8447726964950562,4000,0.0,0.0
2005-03-09 00:00:00-05:00,1.8447733189495168,1.8447733189495168,1.8308680057525635,1.8308680057525635,5100,0.0,0.0
2005-03-10 00:00:00-05:00,1.8215967230279375,1.8215967230279375,1.7381647825241089,1.7381647825241089,30500,0.0,0.0
2005-03-11 00:00:00-05:00,1.8679482857935512,1.8679482857935512,1.7845162153244019,1.7845162153244019,7300,0.0,0.0
2005-03-14 00:00:00-05:00,1.8633130725367615,1.8633130725367615,1.7845162153244019,1.7845162153244019,9500,0.0,0.0
2005-03-15 00:00:00-05:00,1.7845162153244019,1.7845162153244019,1.7845162153244019,1.7845162153244019,2000,0.0,0.0
2005-03-16 00:00:00-05:00,1.7798816478340858,1.7798816478340858,1.7520710229873657,1.7520710229873657,3200,0.0,0.0
2005-03-17 00:00:00-05:00,1.7711150137196605,1.7711150137196605,1.7520707845687866,1.7520707845687866,5900,0.1,0.0
2005-03-18 00:00:00-05:00,1.761593054183602,1.7711151695970888,1.737787765649885,1.7425488233566284,25100,0.0,0.0
2005-03-21 00:00:00-05:00,1.709221305896855,1.7758762273038322,1.7044602481901117,1.7425488233566284,4400,0.0,0.0
2005-03-22 00:00:00-05:00,1.7663539045517602,1.7806370759953998,1.7282654473687216,1.7330265045166016,400,0.0,0.0
2005-03-23 00:00:00-05:00,1.7758763235971917,1.7758763235971917,1.6901771667163747,1.6996992826461792,9200,0.0,0.0
2005-03-24 00:00:00-05:00,1.713981977558688,1.713981977558688,1.647327184677124,1.647327184677124,12900,0.0,0.0
2005-03-28 00:00:00-05:00,1.6663717932863138,1.7568320035934448,1.6663717932863138,1.7568320035934448,5300,0.0,0.0
2005-03-29 00:00:00-05:00,1.7663538971369235,1.7663538971369235,1.5949556135076364,1.6663715839385986,14200,0.0,0.0
2005-03-30 00:00:00-05:00,1.7139825486448204,1.7568321861441192,1.5949559796135806,1.6282835006713867,7400,0.0,0.0
2005-03-31 00:00:00-05:00,1.76635398911501,1.76635398911501,1.556867237554119,1.6092389822006226,30800,0.0,0.0
2005-04-01 00:00:00-05:00,1.6330440044403076,1.6330440044403076,1.6330440044403076,1.6330440044403076,200,0.0,0.0
2005-04-04 00:00:00-04:00,1.6187610626220703,1.6330442344465959,1.6187610626220703,1.6187610626220703,7800,0.0,0.0
2005-04-05 00:00:00-04:00,1.6330444459161721,1.6425665616989136,1.6330444459161721,1.6425665616989136,1000,0.0,0.0
2005-04-06 00:00:00-04:00,1.6187607808341773,1.6425660630644512,1.6092386679420678,1.6139997243881226,21600,0.0,0.0
2005-04-07 00:00:00-04:00,1.5949556965606222,1.6330442690796871,1.5949556965606222,1.6092389822006226,2600,0.0,0.0
2005-04-08 00:00:00-04:00,1.5949554380936022,1.6330440044403076,1.5949554380936022,1.6330440044403076,6900,0.0,0.0
2005-04-11 00:00:00-04:00,1.618761384229894,1.633044558892133,1.5997170378343268,1.6282835006713867,2400,0.0,0.0
2005-04-12 00:00:00-04:00,1.6568495459853658,1.6616106033325195,1.5949556869598058,1.6616106033325195,2100,0.0,0.0
2005-04-13 00:00:00-04:00,1.6711325955163467,1.8663361594644292,1.6663715385182254,1.8330086469650269,49000,0.0,0.0
2005-04-14 00:00:00-04:00,1.8092033339520917,1.8092033339520917,1.666371512708186,1.7901591062545776,5200,0.0,0.0
2005-04-15 00:00:00-04:00,1.761592520087311,1.7806367451402763,1.6663712813099498,1.685415506362915,10900,0.0,0.0
2005-04-18 00:00:00-04:00,1.6663719664373573,1.7139825486448204,1.5806728049513417,1.6282835006713867,12100,0.0,0.0
2005-04-19 00:00:00-04:00,1.7520707845687866,1.7520707845687866,1.7520707845687866,1.7520707845687866,100,0.0,0.0
2005-04-20 00:00:00-04:00,1.7615930945422211,1.7758762679896831,1.5949558439633542,1.5997169017791748,14800,0.0,0.0
2005-04-21 00:00:00-04:00,1.6901772022247314,1.6901772022247314,1.6901772022247314,1.6901772022247314,100,0.0,0.0
2005-04-22 00:00:00-04:00,1.6092387214189563,1.6330440044403076,1.5854333248850616,1.6330440044403076,14800,0.0,0.0
2005-04-25 00:00:00-04:00,1.6282835006713867,1.6282835006713867,1.571150688509849,1.6282835006713867,1800,0.0,0.0
2005-04-26 00:00:00-04:00,1.5711502961484742,1.7473096333492035,1.5711502961484742,1.6758936643600464,2900,0.0,0.0
2005-04-27 00:00:00-04:00,1.5711503278681676,1.8092034112879674,1.5711503278681676,1.6663715839385986,2200,0.0,0.0
2005-04-28 00:00:00-04:00,1.6901772022247314,1.6901772022247314,1.6901772022247314,1.6901772022247314,100,0.0,0.0
2005-04-29 00:00:00-04:00,1.5949550562562038,1.6854152235934254,1.5711497789339128,1.6806541681289673,2300,0.0,0.0
2005-05-02 00:00:00-04:00,1.6806541681289673,1.6806541681289673,1.6806541681289673,1.6806541681289673,0,0.0,0.0
2005-05-03 00:00:00-04:00,1.6092389480723865,1.6901769217446985,1.6092389480723865,1.6187610626220703,7100,0.0,0.0
2005-05-04 00:00:00-04:00,1.5901946054604597,1.6854158644698567,1.5901946054604597,1.6187610626220703,7500,0.0,0.0
2005-05-05 00:00:00-04:00,1.6901768695780675,1.6901768695780675,1.6663715839385986,1.6663715839385986,500,0.0,0.0
2005-05-06 00:00:00-04:00,1.6901772022247314,1.6901772022247314,1.6901772022247314,1.6901772022247314,1600,0.0,0.0
2005-05-09 00:00:00-04:00,1.5901948113812623,1.6854160827212494,1.5330621166848144,1.6425665616989136,13000,0.0,0.0
2005-05-10 00:00:00-04:00,1.6425665616989136,1.6425665616989136,1.5711505798157797,1.6425665616989136,2200,0.0,0.0
2005-05-11 00:00:00-04:00,1.6425666753336257,1.6425666753336257,1.5283011645231321,1.6282835006713867,4100,0.0,0.0
2005-05-12 00:00:00-04:00,1.6425665356341328,1.6425665356341328,1.5378231501735065,1.5997169017791748,11700,0.0,0.0
2005-05-13 00:00:00-04:00,1.6711329090471374,1.6711329090471374,1.6425665616989136,1.6425665616989136,3700,0.0,0.0
2005-05-16 00:00:00-04:00,1.5711501028610901,1.6187607808341773,1.528300594846597,1.6139997243881226,2100,0.0,0.0
2005-05-17 00:00:00-04:00,1.6139997243881226,1.6139997243881226,1.6139997243881226,1.6139997243881226,0,0.0,0.0
2005-05-18 00:00:00-04:00,1.6139997243881226,1.6139997243881226,1.6139997243881226,1.6139997243881226,0,0.0,0.0
2005-05-19 00:00:00-04:00,1.4759290959982774,1.637805268026031,1.4759290959982774,1.5235397815704346,17800,0.0,0.0
2005-05-20 00:00:00-04:00,1.4854509733195644,1.6378050066183965,1.475928860427455,1.6139997243881226,3100,0.0,0.0
2005-05-23 00:00:00-04:00,1.5949554010141542,1.5949554010141542,1.5854332880269835,1.5901943445205688,1000,0.0,0.0
2005-05-24 00:00:00-04:00,1.5092566507317042,1.5949556827545166,1.5044955933971036,1.5949556827545166,6400,0.0,0.0
2005-05-25 00:00:00-04:00,1.623521774940778,1.685415506362915,1.5092563111104516,1.685415506362915,11300,0.0,0.0
2005-05-26 00:00:00-04:00,1.685415506362915,1.685415506362915,1.685415506362915,1.685415506362915,600,0.0,0.0
2005-05-27 00:00:00-04:00,1.685415506362915,1.685415506362915,1.685415506362915,1.685415506362915,0,0.0,0.0
2005-05-31 00:00:00-04:00,1.6806548071950147,1.6806548071950147,1.5187787463378315,1.6187610626220703,11700,0.0,0.0
2005-06-01 00:00:00-04:00,1.5378231866545529,1.6711329221725464,1.5378231866545529,1.6711329221725464,1100,0.0,0.0
2005-06-02 00:00:00-04:00,1.542584073131778,1.623522162437439,1.542584073131778,1.623522162437439,600,0.0,0.0
2005-06-03 00:00:00-04:00,1.5568666125405382,1.6806541681289673,1.5568666125405382,1.6806541681289673,8900,0.0,0.0
2005-06-06 00:00:00-04:00,1.5425834461471637,1.6806541681289673,1.5425834461471637,1.6806541681289673,1500,0.0,0.0
2005-06-07 00:00:00-04:00,1.5949558817997322,1.6758939801013113,1.5949558817997322,1.6711329221725464,900,0.0,0.0
2005-06-08 00:00:00-04:00,1.6711329221725464,1.6711329221725464,1.6711329221725464,1.6711329221725464,0,0.0,0.0
2005-06-09 00:00:00-04:00,1.6425665616989136,1.6758939669385082,1.6425665616989136,1.6425665616989136,1900,0.0,0.0
2005-06-10 00:00:00-04:00,1.6806550248298788,1.6806550248298788,1.6425665616989136,1.6425665616989136,200,0.0,0.0
2005-06-13 00:00:00-04:00,1.6663712813099498,1.685415506362915,1.5425837049531406,1.685415506362915,7800,0.0,0.0
2005-06-14 00:00:00-04:00,1.6616109406420707,1.7139825820922852,1.6616109406420707,1.7139825820922852,10400,0.0,0.0
2005-06-15 00:00:00-04:00,1.6663719989557266,1.7615932787414277,1.6663719989557266,1.7139825820922852,18500,0.0,0.0
2005-06-16 00:00:00-04:00,1.7629529237747192,1.7629529237747192,1.7629529237747192,1.7629529237747192,18400,0.1,0.0
2005-06-17 00:00:00-04:00,1.6062463521957397,1.6062463521957397,1.6062463521957397,1.6062463521957397,300,0.0,0.0
2005-06-20 00:00:00-04:00,1.75805592273409,1.75805592273409,1.5523781455258419,1.7384675741195679,1100,0.0,0.0
2005-06-21 00:00:00-04:00,1.5670695667325905,1.6894968748092651,1.5670695667325905,1.6894968748092651,200,0.0,0.0
2005-06-22 00:00:00-04:00,1.6650112867355347,1.6650112867355347,1.6650112867355347,1.6650112867355347,300,0.0,0.0
2005-06-23 00:00:00-04:00,1.5719665129475875,1.6650112867355347,1.5719665129475875,1.6650112867355347,500,0.0,0.0
2005-06-24 00:00:00-04:00,1.581760771987319,1.6601142883300781,1.5670695095647593,1.6601142883300781,4500,0.0,0.0
2005-06-27 00:00:00-04:00,1.4936130806961867,1.6601142883300781,1.4936130806961867,1.6601142883300781,3100,0.0,0.0
2005-06-28 00:00:00-04:00,1.493613527792612,1.6650118742068587,1.493613527792612,1.5621728897094727,5800,0.0,0.0
2005-06-29 00:00:00-04:00,1.5719667979766274,1.5719667979766274,1.4691278311174776,1.5572755336761475,31600,0.0,0.0
2005-06-30 00:00:00-04:00,1.4691278311174776,1.6405260313788672,1.4691278311174776,1.5572755336761475,2100,0.0,0.0
2005-07-01 00:00:00-04:00,1.5425843959593302,1.5425843959593302,1.469127951673343,1.4789221286773682,7600,0.0,0.0
2005-07-05 00:00:00-04:00,1.542584266079779,1.616040587425232,1.5278928850548985,1.616040587425232,3100,0.0,0.0
2005-07-06 00:00:00-04:00,1.5278926894703682,1.6405258178710938,1.5278926894703682,1.6405258178710938,600,0.0,0.0
2005-07-07 00:00:00-04:00,1.4691276128339155,1.6650113412474132,1.4691276128339155,1.6356287002563477,7200,0.0,0.0
2005-07-08 00:00:00-04:00,1.5278925589989925,1.6650112297606336,1.5229954719543457,1.5229954719543457,700,0.0,0.0
2005-07-11 00:00:00-04:00,1.6356289098102617,1.640525997810217,1.5278928570554606,1.6111434698104858,6300,0.0,0.0
2005-07-12 00:00:00-04:00,1.5278923768985402,1.6160400499521486,1.4250535612177067,1.513201117515564,18600,0.0,0.0
2005-07-13 00:00:00-04:00,1.5229954166941544,1.5915547495873759,1.5229954166941544,1.532789707183838,2100,0.0,0.0
2005-07-14 00:00:00-04:00,1.58665797120353,1.6013492346607368,1.5425841808319092,1.5425841808319092,12100,0.0,0.0
2005-07-15 00:00:00-04:00,1.4985106277749378,1.591555435077804,1.493613538798777,1.5034077167510986,3300,0.0,0.0
2005-07-18 00:00:00-04:00,1.5866577403059143,1.5866577403059143,1.4495391845703125,1.4495391845703125,8000,0.0,0.0
2005-07-19 00:00:00-04:00,1.5572754108305045,1.5572754108305045,1.4495393643699508,1.4985102415084839,3000,0.0,0.0
2005-07-20 00:00:00-04:00,1.542584084483072,1.557275347022672,1.4691276550292969,1.4691276550292969,25700,0.0,0.0
2005-07-21 00:00:00-04:00,1.542584084483072,1.542584084483072,1.4691276550292969,1.4691276550292969,3800,0.0,0.0
2005-07-22 00:00:00-04:00,1.5278928607166764,1.5278928607166764,1.3564946635517452,1.3956713676452637,5900,0.0,0.0
2005-07-25 00:00:00-04:00,1.508304476737976,1.508304476737976,1.508304476737976,1.508304476737976,100,0.0,0.0
2005-07-26 00:00:00-04:00,1.5180985301612964,1.5180985301612964,1.4691276550292969,1.4691276550292969,2000,0.0,0.0
2005-07-27 00:00:00-04:00,1.508304921695092,1.508304921695092,1.4201573133468628,1.4201573133468628,500,0.0,0.0
2005-07-28 00:00:00-04:00,1.4936128854751587,1.4936128854751587,1.4642303644704497,1.4936128854751587,500,0.0,0.0
2005-07-29 00:00:00-04:00,1.4201570386044042,1.4887162762784998,1.3956714798221441,1.474025011062622,3900,0.0,0.0
2005-08-01 00:00:00-04:00,1.4740247425424968,1.4887160050820967,1.3711857880095217,1.4691276550292969,6300,0.0,0.0
2005-08-02 00:00:00-04:00,1.4348480424368972,1.4691276550292969,1.4348480424368972,1.4691276550292969,1700,0.0,0.0
2005-08-03 00:00:00-04:00,1.4250541293332635,1.4691279250527591,1.3956714820978022,1.4544366598129272,4200,0.0,0.0
2005-08-04 00:00:00-04:00,1.4446423053741455,1.4446423053741455,1.4446423053741455,1.4446423053741455,100,0.0,0.0
2005-08-05 00:00:00-04:00,1.3956713676452637,1.4201569244595005,1.385877191621884,1.3956713676452637,10200,0.0,0.0
2005-08-08 00:00:00-04:00,1.385877571122287,1.4201573133468628,1.322215409537455,1.4201573133468628,9000,0.0,0.0
2005-08-09 00:00:00-04:00,1.268346706645836,1.4201566378860673,1.268346706645836,1.3124206066131592,25200,0.0,0.0
2005-08-10 00:00:00-04:00,1.3711857043578173,1.3760827915722615,1.2634496688842773,1.2634496688842773,7200,0.0,0.0
2005-08-11 00:00:00-04:00,1.2634497590368978,1.356494539506254,1.2634497590368978,1.2781410217285156,1300,0.0,0.0
2005-08-12 00:00:00-04:00,1.3467001879371814,1.3467001879371814,1.2830379411919306,1.327111840248108,3400,0.0,0.0
2005-08-15 00:00:00-04:00,1.32221519947052,1.32221519947052,1.32221519947052,1.32221519947052,1000,0.0,0.0
2005-08-16 00:00:00-04:00,1.3222149106640864,1.4299509525299072,1.3222149106640864,1.4299509525299072,2200,0.0,0.0
2005-08-17 00:00:00-04:00,1.4299505387463682,1.4397447109222412,1.3466999584957053,1.4397447109222412,1500,0.0,0.0
2005-08-18 00:00:00-04:00,1.439745217562943,1.4446423053741455,1.4348481297517404,1.4446423053741455,3500,0.0,0.0
2005-08-19 00:00:00-04:00,1.439745446107499,1.439745446107499,1.2781412891732766,1.2830383777618408,12100,0.0,0.0
2005-08-22 00:00:00-04:00,1.3760825597084778,1.3956709052657055,1.1899931601590668,1.2487581968307495,55800,0.0,0.0
2005-08-23 00:00:00-04:00,1.2928324297599942,1.366288744842177,1.175302208872722,1.2242730855941772,24900,0.0,0.0
2005-08-24 00:00:00-04:00,1.2732437541612864,1.278140841032839,1.1753020167302342,1.2683466672897339,50000,0.0,0.0
2005-08-25 00:00:00-04:00,1.2879354321340948,1.3809801044100953,1.2830382273637806,1.3760830163955688,3300,0.0,0.0
2005-08-26 00:00:00-04:00,1.376082926155345,1.376082926155345,1.2487585293715013,1.3418033123016357,8800,0.0,0.0
2005-08-29 00:00:00-04:00,1.3222149605614741,1.3662887497697371,1.2732439669076239,1.302626609802246,10700,0.0,0.0
2005-08-30 00:00:00-04:00,1.297729730606079,1.297729730606079,1.2781412599439814,1.297729730606079,14100,0.0,0.0
2005-08-31 00:00:00-04:00,1.2634497034599446,1.2879352569580078,1.2634497034599446,1.2879352569580078,1800,0.0,0.0
2005-09-01 00:00:00-04:00,1.2732436438530608,1.2732436438530608,1.1801990013545394,1.1948902606964111,24900,0.0,0.0
2005-09-02 00:00:00-04:00,1.204684575340251,1.3124206066131592,1.204684575340251,1.3124206066131592,4300,0.0,0.0
2005-09-06 00:00:00-04:00,1.3124207804485764,1.3124207804485764,1.2046847349055951,1.2242730855941772,19000,0.0,0.0
2005-09-07 00:00:00-04:00,1.312420693700299,1.312420693700299,1.2144788299753622,1.2879352569580078,23700,0.0,0.0
2005-09-08 00:00:00-04:00,1.3124204366474883,1.3124204366474883,1.2438611104414425,1.2487581968307495,8900,0.0,0.0
2005-09-09 00:00:00-04:00,1.2340674636548092,1.3075239075592284,1.22427328670166,1.297729730606079,9800,0.0,0.0
2005-09-12 00:00:00-04:00,1.2438611414229332,1.3026262963140594,1.2340669684003711,1.2536553144454956,8900,0.0,0.0
2005-09-13 00:00:00-04:00,1.2732442005847124,1.3124210260490279,1.2487587576418915,1.2830383777618408,29400,0.0,0.0
2005-09-14 00:00:00-04:00,1.2830382011969519,1.2928324937820435,1.2487585857943806,1.2928324937820435,5800,0.0,0.0
2005-09-15 00:00:00-04:00,1.2928324353677652,1.3418033123016357,1.2928324353677652,1.3418033123016357,4900,0.0,0.0
2005-09-16 00:00:00-04:00,1.3722985982894897,1.3722985982894897,1.3722985982894897,1.3722985982894897,6600,0.1,0.0
2005-09-19 00:00:00-04:00,1.3722990160845954,1.3926293521308564,1.255399462640233,1.280812382698059,11200,0.0,0.0
2005-09-20 00:00:00-04:00,1.2503164757683938,1.2503164757683938,1.2452338933944704,1.2452338933944702,4900,0.0,0.0
2005-09-21 00:00:00-04:00,1.2553993226131168,1.2655644895024256,1.2249038219451904,1.2249038219451904,8500,0.0,0.0
2005-09-22 00:00:00-04:00,1.1944081308947823,1.270646999325658,1.1944081308947823,1.235068917274475,16300,0.0,0.0
2005-09-23 00:00:00-04:00,1.2655645608901978,1.2808123120842538,1.2604819771588458,1.2655645608901978,4900,0.0,0.0
2005-09-26 00:00:00-04:00,1.235068849638094,1.280812095484566,1.235068849638094,1.2706469297409058,6300,0.0,0.0
2005-09-27 00:00:00-04:00,1.2706468842696415,1.3163901284791497,1.2706468842696415,1.2858946323394775,7900,0.0,0.0
2005-09-28 00:00:00-04:00,1.290977478027344,1.290977478027344,1.290977478027344,1.2909774780273438,3500,0.0,0.0
2005-09-29 00:00:00-04:00,1.2960598468780518,1.2960598468780518,1.2960598468780518,1.2960598468780518,1300,0.0,0.0
2005-09-30 00:00:00-04:00,1.3468855753270375,1.3570507394203626,1.2909770516354346,1.3011422157287598,6600,0.0,0.0
2005-10-03 00:00:00-04:00,1.3163901074246445,1.341803141646242,1.2858946117727208,1.3062249422073364,13000,0.0,0.0
2005-10-04 00:00:00-04:00,1.3214728832244873,1.3214728832244873,1.3214728832244873,1.3214728832244873,1700,0.0,0.0
2005-10-05 00:00:00-04:00,1.3214729986241527,1.3468860387802124,1.3214729986241527,1.3468860387802124,4900,0.0,0.0
2005-10-06 00:00:00-04:00,1.3621337865794203,1.3977118730545044,1.3468860352329557,1.3977118730545044,2700,0.0,0.0
2005-10-07 00:00:00-04:00,1.3977118730545044,1.3977118730545044,1.3977118730545044,1.3977118730545044,0,0.0,0.0
2005-10-10 00:00:00-04:00,1.3265551809209841,1.3977114537005644,1.3214725986637512,1.3367204666137695,11900,0.0,0.0
2005-10-11 00:00:00-04:00,1.418042159259879,1.4536202445074995,1.3722989067986529,1.4129595756530762,32900,0.0,0.0
2005-10-12 00:00:00-04:00,1.402794220075766,1.4231245517730713,1.402794220075766,1.4231245517730713,5700,0.0,0.0
2005-10-13 00:00:00-04:00,1.4536200493190294,1.4536200493190294,1.377381305454134,1.4231245517730713,8400,0.0,0.0
2005-10-14 00:00:00-04:00,1.4536203145980835,1.4536203145980835,1.4536203145980835,1.4536203145980835,2000,0.0,0.0
2005-10-17 00:00:00-04:00,1.4434554443531153,1.4434554443531153,1.3214732855924025,1.3316384553909302,15800,0.0,0.0
2005-10-18 00:00:00-04:00,1.3316379566293703,1.3773813247680664,1.326555373633775,1.3773813247680664,3400,0.0,0.0
2005-10-19 00:00:00-04:00,1.3316382096638235,1.4536203459151813,1.3214730417410738,1.3824641704559326,11400,0.0,0.0
2005-10-20 00:00:00-04:00,1.3824641704559326,1.3824641704559326,1.3824641704559326,1.3824641704559326,0,0.0,0.0
2005-10-21 00:00:00-04:00,1.4485375881195068,1.4485375881195068,1.4485375881195068,1.4485375881195068,3500,0.0,0.0
2005-10-24 00:00:00-04:00,1.4231245517730713,1.4231245517730713,1.4231245517730713,1.4231245517730713,1500,0.0,0.0
2005-10-25 00:00:00-04:00,1.423124671362354,1.4485375881195068,1.423124671362354,1.4485375881195068,1200,0.0,0.0
2005-10-26 00:00:00-04:00,1.4485375881195068,1.4485375881195068,1.4485375881195068,1.4485375881195068,5200,0.0,0.0
2005-10-27 00:00:00-04:00,1.4485375881195068,1.4485375881195068,1.4485375881195068,1.4485375881195068,0,0.0,0.0
2005-10-28 00:00:00-04:00,1.3367204666137695,1.3977114537005644,1.331637763178217,1.3367204666137695,7600,0.0,0.0
2005-10-31 00:00:00-05:00,1.32147254391541,1.3468855753270375,1.265564141402122,1.3011422157287598,44300,0.0,0.0
2005-11-01 00:00:00-05:00,1.3011422157287598,1.3011422157287598,1.3011422157287598,1.3011422157287598,0,0.0,0.0
2005-11-02 00:00:00-05:00,1.255399462640233,1.2909775507211898,1.2503168786286676,1.280812382698059,5600,0.0,0.0
2005-11-03 00:00:00-05:00,1.280812140510221,1.280812140510221,1.2299863100051878,1.229986310005188,1900,0.0,0.0
2005-11-04 00:00:00-05:00,1.2401514761061945,1.2401514761061945,1.2299863100051878,1.229986310005188,600,0.0,0.0
2005-11-07 00:00:00-05:00,1.2299863100051878,1.2401514761061945,1.2299863100051878,1.229986310005188,11400,0.0,0.0
2005-11-08 00:00:00-05:00,1.2706469297409058,1.2706469297409058,1.2706469297409058,1.2706469297409058,1100,0.0,0.0
2005-11-09 00:00:00-05:00,1.235068917274475,1.235068917274475,1.235068917274475,1.235068917274475,200,0.0,0.0
2005-11-10 00:00:00-05:00,1.2706469297409058,1.2706469297409058,1.2706469297409058,1.2706469297409058,12500,0.0,0.0
2005-11-11 00:00:00-05:00,1.2808120002949974,1.2808120002949974,1.2757294178009033,1.2757294178009033,400,0.0,0.0
2005-11-14 00:00:00-05:00,1.2503168369377333,1.2553994207798234,1.2198213338851929,1.2198213338851929,8900,0.0,0.0
2005-11-15 00:00:00-05:00,1.2198213338851929,1.229986501569373,1.2198213338851929,1.2198213338851929,1300,0.0,0.0
2005-11-16 00:00:00-05:00,1.2198213338851929,1.224903917727283,1.2198213338851929,1.2198213338851929,1800,0.0,0.0
2005-11-17 00:00:00-05:00,1.2198213338851929,1.2198213338851929,1.2147387500431026,1.2198213338851929,31600,0.0,0.0
2005-11-18 00:00:00-05:00,1.2198209727765716,1.2198209727765716,1.1944079399108887,1.1944079399108887,9900,0.0,0.0
2005-11-21 00:00:00-05:00,1.1944081997887304,1.3265554904937742,1.1639126991287234,1.3265554904937744,7500,0.0,0.0
2005-11-22 00:00:00-05:00,1.2198213073080297,1.2858948958156058,1.2147387235766776,1.2655645608901978,10800,0.0,0.0
2005-11-23 00:00:00-05:00,1.2706469984634792,1.2706469984634792,1.1842429637908936,1.1842429637908936,400,0.0,0.0
2005-11-25 00:00:00-05:00,1.1842429637908936,1.1842429637908936,1.1842429637908936,1.1842429637908936,0,0.0,0.0
2005-11-28 00:00:00-05:00,1.265564901204418,1.265564901204418,1.1791608333587646,1.1791608333587646,1800,0.0,0.0
2005-11-29 00:00:00-05:00,1.179160514890865,1.290977478027344,1.179160514890865,1.2909774780273438,1800,0.0,0.0
2005-11-30 00:00:00-05:00,1.2299864053898448,1.2299864053898448,1.1740778663202984,1.2249038219451904,2900,0.0,0.0
2005-12-01 00:00:00-05:00,1.1944082757312882,1.1944082757312882,1.148665021832842,1.1639127731323242,17500,0.0,0.0
2005-12-02 00:00:00-05:00,1.1435824610582115,1.1689953804016113,1.1232521255834917,1.1689953804016113,8300,0.0,0.0
2005-12-05 00:00:00-05:00,1.2909774344618739,1.2909774344618739,1.168995307991079,1.204573392868042,6800,0.0,0.0
2005-12-06 00:00:00-05:00,1.168995028223527,1.2045731045858332,1.0470129309458698,1.1944079399108887,5900,0.0,0.0
2005-12-07 00:00:00-05:00,1.2858949028735571,1.2858949028735571,1.1791605227509723,1.1893256902694702,3100,0.0,0.0
2005-12-08 00:00:00-05:00,1.2045731771062453,1.2096558809280396,1.2045731771062453,1.2096558809280396,1000,0.0,0.0
2005-12-09 00:00:00-05:00,1.1639124458860546,1.1944079399108887,1.1639124458860546,1.1944079399108887,400,0.0,0.0
2005-12-12 00:00:00-05:00,1.1893254291758495,1.2096558809280396,1.1486647680281266,1.2096558809280396,5000,0.0,0.0
2005-12-13 00:00:00-05:00,1.1740778202659907,1.2147386074066162,1.143582320794279,1.2147386074066162,3500,0.0,0.0
2005-12-14 00:00:00-05:00,1.2147386074066162,1.2147386074066162,1.2147386074066162,1.2147386074066162,0,0.0,0.0
2005-12-15 00:00:00-05:00,1.1486645936965942,1.1486645936965942,1.1486645936965942,1.1486645936965942,100,0.0,0.0
2005-12-16 00:00:00-05:00,1.1167575502331388,1.233751218880456,1.1167575502331388,1.1220754384994507,5500,0.1,0.0
2005-12-19 00:00:00-05:00,1.2497047671254735,1.2497047671254735,1.1380291239483726,1.2071616649627686,700,0.0,0.0
2005-12-20 00:00:00-05:00,1.1380292300868433,1.2018438892825851,1.1220754384994507,1.1220754384994507,8600,0.0,0.0
2005-12-21 00:00:00-05:00,1.1433467477841437,1.1858898401260376,1.1008035286538336,1.1858898401260376,9700,0.0,0.0
2005-12-22 00:00:00-05:00,1.1752546788038838,1.2390693505346102,1.1752546788038838,1.2231156826019287,12900,0.0,0.0
2005-12-23 00:00:00-05:00,1.2497050456212004,1.2497050456212004,1.2231156008440742,1.2284334897994995,2000,0.0,0.0
2005-12-27 00:00:00-05:00,1.1539828777313232,1.1539828777313232,1.1539828777313232,1.1539828777313232,2000,0.0,0.0
2005-12-28 00:00:00-05:00,1.1805725681147778,1.2284335719128225,1.1646189001820961,1.2231156826019287,11500,0.0,0.0
2005-12-29 00:00:00-05:00,1.207162014669247,1.2497051291563979,1.207162014669247,1.2231156826019287,4200,0.0,0.0
2005-12-30 00:00:00-05:00,1.2497049570083618,1.2497049570083618,1.2497049570083618,1.2497049570083618,400,0.0,0.0
2006-01-03 00:00:00-05:00,1.2497049570083618,1.2497049570083618,1.2497049570083618,1.2497049570083618,5500,0.0,0.0
2006-01-04 00:00:00-05:00,1.2497049570083618,1.2497049570083618,1.2497049570083618,1.2497049570083618,0,0.0,0.0
2006-01-05 00:00:00-05:00,1.2231156826019287,1.2231156826019287,1.2231156826019287,1.2231156826019287,200,0.0,0.0
2006-01-06 00:00:00-05:00,1.1752546788038838,1.2231156826019287,1.1752546788038838,1.2231156826019287,1100,0.0,0.0
2006-01-09 00:00:00-05:00,1.1965262360474593,1.2231156826019287,1.1965262360474593,1.2231156826019287,5900,0.0,0.0
2006-01-10 00:00:00-05:00,1.207162014669247,1.2284335719128225,1.207162014669247,1.2231156826019287,3100,0.0,0.0
2006-01-11 00:00:00-05:00,1.1965262360474593,1.2231156826019287,1.1965262360474593,1.2231156826019287,3500,0.0,0.0
2006-01-12 00:00:00-05:00,1.2231156826019287,1.2390693505346102,1.2177977932910349,1.2231156826019287,6900,0.0,0.0
2006-01-13 00:00:00-05:00,1.2231150868571063,1.2231150868571063,1.138028899325884,1.191207766532898,5100,0.0,0.0
2006-01-17 00:00:00-05:00,1.2177975221457613,1.2177975221457613,1.2018438577651978,1.2018438577651978,700,0.0,0.0
2006-01-18 00:00:00-05:00,1.2177975221457613,1.2177975221457613,1.2018438577651978,1.2018438577651978,700,0.0,0.0
2006-01-19 00:00:00-05:00,1.2177974405034449,1.2177974405034449,1.2071616649627686,1.2071616649627686,1300,0.0,0.0
2006-01-20 00:00:00-05:00,1.1965259696383432,1.2018438577651978,1.1965259696383432,1.2018438577651978,1000,0.0,0.0
2006-01-23 00:00:00-05:00,1.2018438577651978,1.2124796340189068,1.1965259696383432,1.2018438577651978,5400,0.0,0.0
2006-01-24 00:00:00-05:00,1.2018438577651978,1.2231154102726156,1.2018438577651978,1.2018438577651978,3600,0.0,0.0
2006-01-25 00:00:00-05:00,1.2231156826019287,1.2231156826019287,1.2124799039801408,1.2231156826019287,2800,0.0,0.0
2006-01-26 00:00:00-05:00,1.2231154875042058,1.2231154875042058,1.2124797105789185,1.2124797105789185,700,0.0,0.0
2006-01-27 00:00:00-05:00,1.207162014669247,1.2231156826019287,1.207162014669247,1.2231156826019287,400,0.0,0.0
2006-01-30 00:00:00-05:00,1.2284334142424564,1.2284334142424564,1.2071618597291012,1.2177976369857788,6400,0.0,0.0
2006-01-31 00:00:00-05:00,1.2071616649627686,1.223115328273783,1.2071616649627686,1.2071616649627686,8000,0.0,0.0
2006-02-01 00:00:00-05:00,1.2390693505346102,1.2390693505346102,1.2124799039801408,1.2231156826019287,12300,0.0,0.0
2006-02-02 00:00:00-05:00,1.2231156826019287,1.2231156826019287,1.2231156826019287,1.2231156826019287,3500,0.0,0.0
2006-02-03 00:00:00-05:00,1.2284335719128225,1.2390693505346102,1.2231156826019287,1.2231156826019287,9600,0.0,0.0
2006-02-06 00:00:00-05:00,1.2390691798516624,1.2497049570083618,1.2390691798516624,1.2497049570083618,3800,0.0,0.0
2006-02-07 00:00:00-05:00,1.2071618275407066,1.223115493000326,1.196526050567627,1.196526050567627,12500,0.0,0.0
2006-02-08 00:00:00-05:00,1.1593004853278788,1.1805720329284668,1.1220751502384245,1.1805720329284668,7500,0.0,0.0
2006-02-09 00:00:00-05:00,1.1593008476581745,1.1965260675936515,1.1273933894964443,1.1486650705337524,10700,0.0,0.0
2006-02-10 00:00:00-05:00,1.1699365422931005,1.1699365422931005,1.1486649895440642,1.1539828777313232,5800,0.0,0.0
2006-02-13 00:00:00-05:00,1.1539830863887346,1.1539830863887346,1.0635788440704346,1.0635788440704346,29000,0.0,0.0
2006-02-14 00:00:00-05:00,1.0635787505230523,1.1593008735708978,1.0635787505230523,1.1008039712905884,20500,0.0,0.0
2006-02-15 00:00:00-05:00,1.1273931679173559,1.1273931679173559,1.090167955298163,1.1167573928833008,17600,0.0,0.0
2006-02-16 00:00:00-05:00,1.1273931578459226,1.1327111721038818,1.11143949543736,1.1327111721038818,500,0.0,0.0
2006-02-17 00:00:00-05:00,1.1433469172505872,1.1539826919124911,1.0635784804978727,1.1114394664764404,11200,0.0,0.0
2006-02-21 00:00:00-05:00,1.1061215791454884,1.1539826919124911,1.0954858044835845,1.1114394664764404,11900,0.0,0.0
2006-02-22 00:00:00-05:00,1.1167573041353487,1.1380289793014526,1.1167573041353487,1.1380289793014526,15100,0.0,0.0
2006-02-23 00:00:00-05:00,1.1167573928833008,1.1167573928833008,1.1167573928833008,1.1167573928833008,200,0.0,0.0
2006-02-24 00:00:00-05:00,1.1167573558274337,1.1486648066592962,1.068896369762293,1.095485806465149,8300,0.0,0.0
2006-02-27 00:00:00-05:00,1.0369893911842323,1.1167577278670333,1.0369893911842323,1.079532504081726,7400,0.0,0.0
2006-02-28 00:00:00-05:00,1.0901681234778224,1.0954860118152376,1.0635786817907456,1.0742144584655762,15400,0.0,0.0
2006-03-01 00:00:00-05:00,1.0901682898144998,1.1061219572609389,1.0582609549216215,1.0635788440704346,13900,0.0,0.0
2006-03-02 00:00:00-05:00,1.0848503174912927,1.0848503174912927,1.0635787625269095,1.0688966512680054,2300,0.0,0.0
2006-03-03 00:00:00-05:00,1.0688965751793762,1.074214463541922,1.0582607984542847,1.0582607984542847,7300,0.0,0.0
2006-03-06 00:00:00-05:00,1.116757448156999,1.116757448156999,1.0103996291580684,1.0423070192337036,11200,0.0,0.0
2006-03-07 00:00:00-05:00,1.0476251024842445,1.0688966575741223,1.0476251024842445,1.0529429912567139,7700,0.0,0.0
2006-03-08 00:00:00-05:00,1.047624907013939,1.047624907013939,1.0369891314534683,1.0423070192337036,3500,0.0,0.0
2006-03-09 00:00:00-05:00,1.0423070576642546,1.047624945640564,1.0423070576642546,1.047624945640564,1200,0.0,0.0
2006-03-10 00:00:00-05:00,1.0529429850447178,1.0688966512680054,1.0529429850447178,1.0688966512680054,1900,0.0,0.0
2006-03-13 00:00:00-05:00,1.0688966392041288,1.1008039712905884,1.0688966392041288,1.1008039712905884,5200,0.0,0.0
2006-03-14 00:00:00-05:00,1.0582607934533301,1.084850235140407,1.0582607934533301,1.0742144584655762,4000,0.0,0.0
2006-03-15 00:00:00-05:00,1.0157175076321836,1.1061216624621149,1.0157175076321836,1.0901679992675781,4500,0.0,0.0
2006-03-16 00:00:00-05:00,1.063578768801653,1.063578768801653,1.0103998176827234,1.0529429912567139,10200,0.0,0.0
2006-03-17 00:00:00-05:00,1.010399889188065,1.0635788440704346,1.010399889188065,1.0635788440704346,5200,0.0,0.0
2006-03-20 00:00:00-05:00,1.0635788440704346,1.0635788440704346,1.0635788440704346,1.0635788440704346,0,0.0,0.0
2006-03-21 00:00:00-05:00,1.079532504081726,1.079532504081726,1.042307280296419,1.079532504081726,1500,0.0,0.0
2006-03-22 00:00:00-05:00,1.047624945640564,1.047624945640564,1.047624945640564,1.047624945640564,200,0.0,0.0
2006-03-23 00:00:00-05:00,1.0369893983263694,1.0635788440704346,1.0369893983263694,1.0635788440704346,6200,0.0,0.0
2006-03-24 00:00:00-05:00,1.0635785606100165,1.1008037747306025,1.0423070096839673,1.0901679992675781,9500,0.0,0.0
2006-03-27 00:00:00-05:00,1.0476251766239955,1.1008040681121258,1.0476251766239955,1.0635788440704346,4000,0.0,0.0
2006-03-28 00:00:00-05:00,1.0635788440704346,1.0635788440704346,1.0635788440704346,1.0635788440704346,0,0.0,0.0
2006-03-29 00:00:00-05:00,1.0635788440704346,1.0635788440704346,1.0635788440704346,1.0635788440704346,1000,0.0,0.0
2006-03-30 00:00:00-05:00,1.0635788440704346,1.0635788440704346,1.0635788440704346,1.0635788440704346,2500,0.0,0.0
2006-03-31 00:00:00-05:00,1.0316715091775563,1.0635788440704346,1.0316715091775563,1.0635788440704346,3200,0.0,0.0
2006-04-03 00:00:00-04:00,1.0954861789633128,1.1061219572609389,1.0635788440704346,1.0635788440704346,3000,0.0,0.0
2006-04-04 00:00:00-04:00,1.0635788440704346,1.0635788440704346,1.0635788440704346,1.0635788440704346,1300,0.0,0.0
2006-04-05 00:00:00-04:00,1.0688964052300527,1.1167573928833008,1.0688964052300527,1.1167573928833008,6400,0.0,0.0
2006-04-06 00:00:00-04:00,1.1167573928833008,1.1167573928833008,1.1167573928833008,1.1167573928833008,0,0.0,0.0
2006-04-07 00:00:00-04:00,1.0742144584655762,1.0742144584655762,1.0742144584655762,1.0742144584655762,100,0.0,0.0
2006-04-10 00:00:00-04:00,1.0742144584655762,1.0742144584655762,1.0742144584655762,1.0742144584655762,0,0.0,0.0
2006-04-11 00:00:00-04:00,1.111439846409752,1.116757735558565,1.0635788440704346,1.0635788440704346,1700,0.0,0.0
2006-04-12 00:00:00-04:00,1.0635788440704346,1.0635788440704346,1.0635788440704346,1.0635788440704346,0,0.0,0.0
2006-04-13 00:00:00-04:00,1.0582607984542847,1.0582607984542847,1.0582607984542847,1.0582607984542847,300,0.0,0.0
2006-04-17 00:00:00-04:00,1.0635785703546452,1.0795322336953515,1.031671243673233,1.0423070192337036,17900,0.0,0.0
2006-04-18 00:00:00-04:00,1.0369893911842323,1.0848503931939129,0.9040420365910866,1.079532504081726,23700,0.0,0.0
2006-04-19 00:00:00-04:00,1.0369891314534683,1.0423070192337036,1.0369891314534683,1.0423070192337036,4600,0.0,0.0
2006-04-20 00:00:00-04:00,1.0635788440704346,1.0635788440704346,1.0635788440704346,1.0635788440704346,200,0.0,0.0
2006-04-21 00:00:00-04:00,1.0635788440704346,1.0635788440704346,1.0635788440704346,1.0635788440704346,900,0.0,0.0
2006-04-24 00:00:00-04:00,0.9944461889337896,1.06889669795521,0.9944461889337896,1.0157177448272705,3300,0.0,0.0
2006-04-25 00:00:00-04:00,1.0582609549216215,1.0635788440704346,1.0582609549216215,1.0635788440704346,1100,0.0,0.0
2006-04-26 00:00:00-04:00,1.042307422697429,1.063578982052316,0.9572210584893854,1.005082130432129,5400,0.0,0.0
2006-04-27 00:00:00-04:00,1.010399707674508,1.0369892120361328,0.9678566021266726,1.0369892120361328,3100,0.0,0.0
2006-04-28 00:00:00-04:00,1.0369892120361328,1.0369892120361328,1.0369892120361328,1.0369892120361328,10300,0.0,0.0
2006-05-01 00:00:00-04:00,1.0369891727402136,1.2390690432232236,1.026353333362064,1.1646186113357544,98800,0.0,0.0
2006-05-02 00:00:00-04:00,1.191208162081087,1.2018439390541666,1.1433471657022285,1.196526050567627,18400,0.0,0.0
2006-05-03 00:00:00-04:00,1.1965259696383432,1.2124796340189068,1.1965259696383432,1.2018438577651978,2500,0.0,0.0
2006-05-04 00:00:00-04:00,1.2018439390541666,1.2018439390541666,1.196526050567627,1.196526050567627,2300,0.0,0.0
2006-05-05 00:00:00-04:00,1.0742142409874178,1.2018436620348552,1.063578466465834,1.175254225730896,1100,0.0,0.0
2006-05-08 00:00:00-04:00,1.2018436800650083,1.2018436800650083,1.0263532076435058,1.095485806465149,5500,0.0,0.0
2006-05-09 00:00:00-04:00,1.1858902244836498,1.1858902244836498,1.1167575502331388,1.1220754384994507,3000,0.0,0.0
2006-05-10 00:00:00-04:00,1.079532504081726,1.079532504081726,1.079532504081726,1.079532504081726,200,0.0,0.0
2006-05-11 00:00:00-04:00,1.0901682823060996,1.0901682823060996,1.079532504081726,1.079532504081726,1400,0.0,0.0
2006-05-12 00:00:00-04:00,1.0795325115168737,1.1433473080911085,0.9412672668592563,1.0635788440704346,10600,0.0,0.0
2006-05-15 00:00:00-04:00,1.0103998822290599,1.0954861714182864,1.005081993116873,1.079532504081726,3700,0.0,0.0
2006-05-16 00:00:00-04:00,1.079532504081726,1.079532504081726,1.079532504081726,1.079532504081726,100,0.0,0.0
2006-05-17 00:00:00-04:00,1.058260958931131,1.058260958931131,0.9625388271013486,0.9784925580024719,4500,0.0,0.0
2006-05-18 00:00:00-04:00,1.0050819360293926,1.063578776335133,0.9625387621540624,0.9944461584091187,5500,0.0,0.0
2006-05-19 00:00:00-04:00,0.989128056164962,0.989128056164962,0.9731743931770324,0.9731743931770325,2300,0.0,0.0
2006-05-22 00:00:00-04:00,1.010399889188065,1.0635788440704346,1.010399889188065,1.0635788440704346,3800,0.0,0.0
2006-05-23 00:00:00-04:00,0.9997639312875491,1.0529428766165712,0.9838102667071108,1.0369892120361328,4400,0.0,0.0
2006-05-24 00:00:00-04:00,1.0050818514345972,1.0582607984542847,0.9678566328967768,1.0582607984542847,5900,0.0,0.0
2006-05-25 00:00:00-04:00,0.9731741974327487,0.9997636303977656,0.9146773815155028,0.9146773815155029,2400,0.0,0.0
2006-05-26 00:00:00-04:00,0.9412672490259688,1.0476251567756467,0.9306314709298485,0.9838104248046875,1500,0.0,0.0
2006-05-30 00:00:00-04:00,1.063578823919827,1.063578823919827,0.9412672490259688,0.9838104248046875,1000,0.0,0.0
2006-05-31 00:00:00-04:00,1.0688966512680054,1.0688966512680054,1.0688966512680054,1.0688966512680054,600,0.0,0.0
2006-06-01 00:00:00-04:00,1.0688966512680054,1.0688966512680054,1.0688966512680054,1.0688966512680054,0,0.0,0.0
2006-06-02 00:00:00-04:00,1.0688966512680054,1.0688966512680054,1.0688966512680054,1.0688966512680054,0,0.0,0.0
2006-06-05 00:00:00-04:00,1.0369892120361328,1.06357865300353,0.9359492095715682,1.0369892120361328,13400,0.0,0.0
2006-06-06 00:00:00-04:00,1.0369892120361328,1.0369892120361328,1.0369892120361328,1.0369892120361328,0,0.0,0.0
2006-06-07 00:00:00-04:00,1.0157177448272705,1.0157177448272705,1.0157177448272705,1.0157177448272705,100,0.0,0.0
2006-06-08 00:00:00-04:00,1.0157177546464897,1.0476251521894056,0.9572209119796752,0.9572209119796753,2400,0.0,0.0
2006-06-09 00:00:00-04:00,1.0901682898144998,1.0901682898144998,0.9678567759975607,1.0635788440704346,3200,0.0,0.0
2006-06-12 00:00:00-04:00,1.0635788440704346,1.0635788440704346,1.0635788440704346,1.0635788440704346,0,0.0,0.0
2006-06-13 00:00:00-04:00,1.0103996037748832,1.0423069930489433,0.9891280531883239,0.989128053188324,500,0.0,0.0
2006-06-14 00:00:00-04:00,1.0263535371891683,1.0263535371891683,0.9838104248046875,0.9838104248046875,1000,0.0,0.0
2006-06-15 00:00:00-04:00,0.9359493599779086,1.0316714896314663,0.9359493599779086,0.9838104248046875,5700,0.0,0.0
2006-06-16 00:00:00-04:00,0.9838104248046875,0.9838104248046875,0.9838104248046875,0.9838104248046875,0,0.0,0.0
2006-06-19 00:00:00-04:00,1.010399707674508,1.0529428766165712,0.9678566021266726,1.0369892120361328,13700,0.0,0.0
2006-06-20 00:00:00-04:00,1.1965260170145888,1.1965260170145888,0.9678566283230394,1.0742144584655762,21200,0.0,0.0
2006-06-21 00:00:00-04:00,1.074214463541922,1.074214463541922,1.0582607984542847,1.0582607984542847,2300,0.0,0.0
2006-06-22 00:00:00-04:00,1.0635788440704346,1.0635788440704346,1.0635788440704346,1.0635788440704346,100,0.0,0.0
2006-06-23 00:00:00-04:00,1.0635788440704346,1.0635788440704346,1.005082000039252,1.0635788440704346,2400,0.0,0.0
2006-06-26 00:00:00-04:00,1.0263532400131226,1.0263532400131226,1.0263532400131226,1.0263532400131226,100,0.0,0.0
2006-06-27 00:00:00-04:00,1.058260721593183,1.058260721593183,1.047624945640564,1.047624945640564,200,0.0,0.0
2006-06-28 00:00:00-04:00,1.0263532400131226,1.0263532400131226,1.0263532400131226,1.0263532400131226,1000,0.0,0.0
2006-06-29 00:00:00-04:00,1.0635788440704346,1.0635788440704346,1.0635788440704346,1.0635788440704346,600,0.0,0.0
2006-06-30 00:00:00-04:00,1.0263535566345041,1.0635788440704346,1.0263535566345041,1.0635788440704346,4000,0.0,0.0
2006-07-03 00:00:00-04:00,1.0635788440704346,1.0635788440704346,1.0635788440704346,1.0635788440704346,0,0.0,0.0
2006-07-05 00:00:00-04:00,1.0635786261040572,1.0635786261040572,0.9997639060020447,0.9997639060020447,25500,0.0,0.0
2006-07-06 00:00:00-04:00,0.9997639060020447,0.9997639060020447,0.9997639060020447,0.9997639060020447,0,0.0,0.0
2006-07-07 00:00:00-04:00,1.0210356338006408,1.0210356338006408,1.00508196688053,1.0157177448272705,1200,0.0,0.0
2006-07-10 00:00:00-04:00,1.0157177448272705,1.0157177448272705,1.0157177448272705,1.0157177448272705,0,0.0,0.0
2006-07-11 00:00:00-04:00,1.0423072530883588,1.0423072530883588,1.0157177448272705,1.0157177448272705,2100,0.0,0.0
2006-07-12 00:00:00-04:00,1.0157177448272705,1.0157177448272705,1.0157177448272705,1.0157177448272705,0,0.0,0.0
2006-07-13 00:00:00-04:00,1.005082130432129,1.0104000202708507,1.005082130432129,1.005082130432129,7500,0.0,0.0
2006-07-14 00:00:00-04:00,1.0103998176827234,1.0529429912567139,1.0103998176827234,1.0529429912567139,3500,0.0,0.0
2006-07-17 00:00:00-04:00,0.9306311912276114,0.9731743542199354,0.9306311912276114,0.9678564667701721,8600,0.0,0.0
2006-07-18 00:00:00-04:00,0.9678564667701722,0.9678564667701722,0.9678564667701722,0.9678564667701721,0,0.0,0.0
2006-07-19 00:00:00-04:00,0.9731743542199354,1.005081678918514,0.9678564667701722,0.9678564667701721,6600,0.0,0.0
2006-07-20 00:00:00-04:00,0.9784922416696985,0.9784922416696985,0.9678564667701722,0.9678564667701721,200,0.0,0.0
2006-07-21 00:00:00-04:00,0.9678564667701722,0.9678564667701722,0.9678564667701722,0.9678564667701721,0,0.0,0.0
2006-07-24 00:00:00-04:00,0.9678564667701722,0.9678564667701722,0.9678564667701722,0.9678564667701721,7000,0.0,0.0
2006-07-25 00:00:00-04:00,0.9678564667701722,0.9678564667701722,0.9678564667701722,0.9678564667701721,0,0.0,0.0
2006-07-26 00:00:00-04:00,0.9678564667701722,0.9731743542199354,0.9678564667701722,0.9678564667701721,1400,0.0,0.0
2006-07-27 00:00:00-04:00,0.9678564667701722,0.9678564667701722,0.9678564667701722,0.9678564667701721,0,0.0,0.0
2006-07-28 00:00:00-04:00,0.9465847611427307,0.9465847611427307,0.9465847611427307,0.9465847611427307,3000,0.0,0.0
2006-07-31 00:00:00-04:00,0.9465847611427307,0.9465847611427307,0.9465847611427307,0.9465847611427307,2100,0.0,0.0
2006-08-01 00:00:00-04:00,0.9784924768535169,0.9784924768535169,0.9093598599961302,0.941267192363739,1700,0.0,0.0
2006-08-02 00:00:00-04:00,0.9412671923637391,0.9412671923637391,0.9412671923637391,0.941267192363739,0,0.0,0.0
2006-08-03 00:00:00-04:00,0.9412671923637391,0.9412671923637391,0.9412671923637391,0.941267192363739,0,0.0,0.0
2006-08-04 00:00:00-04:00,0.9093598895113956,0.9093598895113956,0.8774524927139281,0.8774524927139282,1400,0.0,0.0
2006-08-07 00:00:00-04:00,0.9519028483418327,0.9519028483418327,0.8827702403068542,0.8827702403068542,1300,0.0,0.0
2006-08-08 00:00:00-04:00,0.8827702403068542,0.8827702403068542,0.8827702403068542,0.8827702403068542,0,0.0,0.0
2006-08-09 00:00:00-04:00,0.9199956888062173,0.9572209119796752,0.9199956888062173,0.9572209119796753,300,0.0,0.0
2006-08-10 00:00:00-04:00,0.8827703273936209,0.9199956108052039,0.8508629959501776,0.8614987730979919,4300,0.0,0.0
2006-08-11 00:00:00-04:00,0.9040416479110719,0.9040416479110719,0.9040416479110719,0.9040416479110718,300,0.0,0.0
2006-08-14 00:00:00-04:00,0.850863005867142,0.9997640144604778,0.850863005867142,0.8880882263183594,18700,0.0,0.0
2006-08-15 00:00:00-04:00,0.8561811082711343,0.8614989982347734,0.8508632183074951,0.8508632183074951,11800,0.0,0.0
2006-08-16 00:00:00-04:00,0.8561811082711343,0.9093600713017743,0.8508632183074951,0.8508632183074951,22300,0.0,0.0
2006-08-17 00:00:00-04:00,0.9678566604342116,0.9678566604342116,0.9359492659568787,0.9359492659568787,2000,0.0,0.0
2006-08-18 00:00:00-04:00,0.8508628639143879,0.8934059659038627,0.8349092006683348,0.834909200668335,5700,0.0,0.0
2006-08-21 00:00:00-04:00,0.8561807870864869,0.8561807870864869,0.8561807870864869,0.8561807870864868,100,0.0,0.0
2006-08-22 00:00:00-04:00,0.9040416479110719,0.9040416479110719,0.9040416479110719,0.9040416479110718,200,0.0,0.0
2006-08-23 00:00:00-04:00,0.8508630956526692,0.8508630956526692,0.8242735862731935,0.8242735862731934,2700,0.0,0.0
2006-08-24 00:00:00-04:00,0.8508630956526692,0.9253136078055698,0.8242735862731935,0.8242735862731934,15200,0.0,0.0
2006-08-25 00:00:00-04:00,0.8242735172054269,0.8242735172054269,0.7976840734481812,0.7976840734481812,2900,0.0,0.0
2006-08-28 00:00:00-04:00,0.7976840974043065,0.8242735419600888,0.7498230338096619,0.7498230338096619,25900,0.0,0.0
2006-08-29 00:00:00-04:00,0.7710945513776056,0.8242734334911828,0.744505046926589,0.803001880645752,10100,0.0,0.0
2006-08-30 00:00:00-04:00,0.7764123678207397,0.7764123678207397,0.7764123678207397,0.7764123678207397,100,0.0,0.0
2006-08-31 00:00:00-04:00,0.7764123678207397,0.7764123678207397,0.7764123678207397,0.7764123678207397,200,0.0,0.0
2006-09-01 00:00:00-04:00,0.755141019821167,0.7657768624053337,0.7498231302262058,0.755141019821167,3300,0.0,0.0
2006-09-05 00:00:00-04:00,0.74982293601574,0.7551408242333232,0.7445050477981568,0.7445050477981567,19200,0.0,0.0
2006-09-06 00:00:00-04:00,0.7445050477981568,0.7445050477981568,0.7445050477981568,0.7445050477981567,24100,0.0,0.0
2006-09-07 00:00:00-04:00,0.7445050477981568,0.7445050477981568,0.7445050477981568,0.7445050477981567,200,0.0,0.0
2006-09-08 00:00:00-04:00,0.7657765923811497,0.7764123678207397,0.7285513149483623,0.7764123678207397,2800,0.0,0.0
2006-09-11 00:00:00-04:00,0.7391872559873489,0.7498230338096619,0.7391872559873489,0.7498230338096619,1400,0.0,0.0
2006-09-12 00:00:00-04:00,0.7498230338096619,0.7498230338096619,0.7498230338096619,0.7498230338096619,1800,0.0,0.0
2006-09-13 00:00:00-04:00,0.7391873002052307,0.7391873002052307,0.7391873002052307,0.7391873002052307,2000,0.0,0.0
2006-09-14 00:00:00-04:00,0.7179156067102408,0.7445050477981568,0.7179156067102408,0.7445050477981567,6500,0.0,0.0
2006-09-15 00:00:00-04:00,0.7498228610903315,0.7498228610903315,0.7179155349731445,0.7179155349731445,3000,0.0,0.0
2006-09-18 00:00:00-04:00,0.7179155349731445,0.7179155349731445,0.7179155349731445,0.7179155349731445,0,0.0,0.0
2006-09-19 00:00:00-04:00,0.7338692373218215,0.744505013263638,0.70727979746728,0.7232334613800049,2900,0.0,0.0
2006-09-20 00:00:00-04:00,0.7072798394887152,0.7179156160624324,0.7072798394887152,0.7125977277755737,2300,0.0,0.0
2006-09-21 00:00:00-04:00,0.7125977277755737,0.7179156160624324,0.7125977277755737,0.7125977277755737,5600,0.0,0.0
2006-09-22 00:00:00-04:00,0.7232335263185495,0.7604587454573294,0.707279860973358,0.7072798609733582,1200,0.0,0.0
2006-09-25 00:00:00-04:00,0.776412404483313,0.776412404483313,0.70727979746728,0.7232334613800049,3000,0.0,0.0
2006-09-26 00:00:00-04:00,0.7232334613800049,0.7232334613800049,0.7232334613800049,0.7232334613800049,0,0.0,0.0
2006-09-27 00:00:00-04:00,0.7285513281822205,0.7285513281822205,0.7285513281822205,0.7285513281822205,200,0.0,0.0
2006-09-28 00:00:00-04:00,0.7445050477981568,0.7445050477981568,0.7445050477981568,0.7445050477981567,2000,0.0,0.0
2006-09-29 00:00:00-04:00,0.7445050477981568,0.7445050477981568,0.7445050477981568,0.7445050477981567,0,0.0,0.0
2006-10-02 00:00:00-04:00,0.7338693032153437,0.744505080112138,0.707279860973358,0.7072798609733582,5700,0.0,0.0
2006-10-03 00:00:00-04:00,0.7179155349731445,0.7179155349731445,0.7179155349731445,0.7179155349731445,400,0.0,0.0
2006-10-04 00:00:00-04:00,0.7125977494217552,0.7179156378701523,0.707279860973358,0.7072798609733582,4500,0.0,0.0
2006-10-05 00:00:00-04:00,0.7445051894345012,0.7445051894345012,0.7391873002052307,0.7391873002052307,300,0.0,0.0
2006-10-06 00:00:00-04:00,0.707279759600749,0.7179155349731445,0.707279759600749,0.7179155349731445,2100,0.0,0.0
2006-10-09 00:00:00-04:00,0.7391870826485519,0.7445049703126679,0.6860081426131711,0.733869194984436,2900,0.0,0.0
2006-10-10 00:00:00-04:00,0.7125976443279722,0.733869194984436,0.7125976443279722,0.733869194984436,2700,0.0,0.0
2006-10-11 00:00:00-04:00,0.7976840974043065,0.7976840974043065,0.7498230338096619,0.7498230338096619,900,0.0,0.0
2006-10-12 00:00:00-04:00,0.7976840734481812,0.7976840734481812,0.7710946296909356,0.7976840734481812,4500,0.0,0.0
2006-10-13 00:00:00-04:00,0.7764123678207397,0.7764123678207397,0.7764123678207397,0.7764123678207397,100,0.0,0.0
2006-10-16 00:00:00-04:00,0.7710946798324585,0.7710946798324585,0.7710946798324585,0.7710946798324585,300,0.0,0.0
2006-10-17 00:00:00-04:00,0.7445050398531642,0.7445050398531642,0.7019619345664978,0.7019619345664978,12500,0.0,0.0
2006-10-18 00:00:00-04:00,0.6966441229768272,0.7391873002052307,0.6966441229768272,0.7391873002052307,8600,0.0,0.0
2006-10-19 00:00:00-04:00,0.7285514781650361,0.7498230338096619,0.7285514781650361,0.7498230338096619,1200,0.0,0.0
2006-10-20 00:00:00-04:00,0.7179155734090966,0.7285513493509131,0.7179155734090966,0.7232334613800049,5800,0.0,0.0
2006-10-23 00:00:00-04:00,0.7232334613800049,0.7285513493509131,0.7232334613800049,0.7232334613800049,800,0.0,0.0
2006-10-24 00:00:00-04:00,0.7179155734090966,0.744505013263638,0.70727979746728,0.7232334613800049,14300,0.0,0.0
2006-10-25 00:00:00-04:00,0.7285514453197404,0.8295913934707642,0.7232335566483303,0.8295913934707642,21500,0.0,0.0
2006-10-26 00:00:00-04:00,0.8295910963126333,0.8295910963126333,0.7764122286471138,0.7817301154136658,18700,0.0,0.0
2006-10-27 00:00:00-04:00,0.7817301154136658,0.7817301154136658,0.7817301154136658,0.7817301154136658,0,0.0,0.0
2006-10-30 00:00:00-05:00,0.7445050477981568,0.7445050477981568,0.7445050477981568,0.7445050477981567,200,0.0,0.0
2006-10-31 00:00:00-05:00,0.8242735521774053,1.0582609207456353,0.6328294222142462,0.6913262009620667,545500,0.0,0.0
2006-11-01 00:00:00-05:00,0.6753724375753472,0.7445050477981568,0.6594187729225975,0.7445050477981567,30900,0.0,0.0
2006-11-02 00:00:00-05:00,0.7391872226625604,0.8295913934707642,0.7232335566483303,0.8295913934707642,19500,0.0,0.0
2006-11-03 00:00:00-05:00,0.792366184696732,0.8030019621996304,0.7551409000423538,0.7976840734481812,18200,0.0,0.0
2006-11-06 00:00:00-05:00,0.8242735172054269,0.8242735172054269,0.7710946296909356,0.7976840734481812,3100,0.0,0.0
2006-11-07 00:00:00-05:00,0.7976839186999198,0.7976839186999198,0.7764123678207397,0.7764123678207397,700,0.0,0.0
2006-11-08 00:00:00-05:00,0.7976840734481812,0.7976840734481812,0.7976840734481812,0.7976840734481812,12100,0.0,0.0
2006-11-09 00:00:00-05:00,0.824273346433924,0.8987239003181458,0.824273346433924,0.8987239003181458,1700,0.0,0.0
2006-11-10 00:00:00-05:00,0.8934060931205751,0.8987240450207326,0.7976840366196758,0.893406093120575,2300,0.0,0.0
2006-11-13 00:00:00-05:00,0.8721344331778041,0.8721344331778041,0.8136376033227154,0.8455449938774109,500,0.0,0.0
2006-11-14 00:00:00-05:00,0.8189557194709778,0.8189557194709778,0.8189557194709778,0.8189557194709778,300,0.0,0.0
2006-11-15 00:00:00-05:00,0.8136376570684674,0.8136376570684674,0.803001880645752,0.803001880645752,1100,0.0,0.0
2006-11-16 00:00:00-05:00,0.8030020343507159,0.8242735912677976,0.6647367876012046,0.7391873002052307,69000,0.0,0.0
2006-11-17 00:00:00-05:00,0.733869198031738,0.733869198031738,0.6913260331479337,0.7179155349731445,2900,0.0,0.0
2006-11-20 00:00:00-05:00,0.7657768624053337,0.7710947520002948,0.755141019821167,0.755141019821167,3500,0.0,0.0
2006-11-21 00:00:00-05:00,0.7445050477981568,0.7445050477981568,0.7445050477981568,0.7445050477981567,900,0.0,0.0
2006-11-22 00:00:00-05:00,0.7710946798324585,0.7710946798324585,0.7657767907352061,0.7710946798324585,900,0.0,0.0
2006-11-24 00:00:00-05:00,0.7232336281350569,0.8349094280615276,0.7232336281350569,0.8242735862731934,9600,0.0,0.0
2006-11-27 00:00:00-05:00,0.8189555918637109,1.4836922900373029,0.8189555918637109,0.9359492659568787,759300,0.0,0.0
2006-11-28 00:00:00-05:00,0.9146777105385104,0.9359492645622144,0.7976840366196758,0.893406093120575,105200,0.0,0.0
2006-11-29 00:00:00-05:00,0.8774521503876807,1.0103994478220022,0.8508627162585009,0.9040416479110718,50500,0.0,0.0
2006-11-30 00:00:00-05:00,0.8774524549076878,0.8934061209219178,0.8083198387851241,0.8295913934707642,27000,0.0,0.0
2006-12-01 00:00:00-05:00,0.8774523210378827,0.8774523210378827,0.8136376033227154,0.8455449938774109,14000,0.0,0.0
2006-12-04 00:00:00-05:00,0.8614989982347734,0.8614989982347734,0.797684255276855,0.8508632183074951,33500,0.0,0.0
2006-12-05 00:00:00-05:00,0.8614986750551923,0.8774523389613083,0.8508628991177816,0.8561807870864868,10600,0.0,0.0
2006-12-06 00:00:00-05:00,0.8774523210378827,0.8774523210378827,0.8349092181572537,0.8455449938774109,21600,0.0,0.0
2006-12-07 00:00:00-05:00,0.8508631501020748,0.8774525977888531,0.8508631501020748,0.8668168187141418,7200,0.0,0.0
2006-12-08 00:00:00-05:00,0.8402273172585748,0.8402273172585748,0.8242735862731935,0.8242735862731934,7900,0.0,0.0
2006-12-11 00:00:00-05:00,0.8668165453177255,0.8668165453177255,0.8295912669029513,0.8455449938774109,2800,0.0,0.0
2006-12-12 00:00:00-05:00,0.8402274383802169,0.8508632183074951,0.8295915950586897,0.8508632183074951,4100,0.0,0.0
2006-12-13 00:00:00-05:00,0.8721347781620515,0.8721347781620515,0.8508632183074951,0.8508632183074951,300,0.0,0.0
2006-12-14 00:00:00-05:00,0.8295915444227467,0.8295915444227467,0.7604589157208512,0.8083199858665466,37600,0.0,0.0
2006-12-15 00:00:00-05:00,0.7976839924343941,0.8136376570684674,0.7976839924343941,0.803001880645752,8500,0.0,0.0
2006-12-18 00:00:00-05:00,0.8136376570684674,0.8136376570684674,0.803001880645752,0.803001880645752,7000,0.0,0.0
2006-12-19 00:00:00-05:00,0.7976841841993927,0.8136378526687622,0.7976841841993927,0.8136378526687622,8100,0.0,0.0
2006-12-20 00:00:00-05:00,0.797684255276855,1.1167579066721978,0.797684255276855,0.8508632183074951,557400,0.0,0.0
2006-12-21 00:00:00-05:00,0.9306312961446781,1.0157175683275226,0.8827702403068542,0.8827702403068542,250900,0.0,0.0
2006-12-22 00:00:00-05:00,0.9040417181265343,0.9040417181265343,0.8242732827550864,0.8402270078659058,48600,0.0,0.0
2006-12-26 00:00:00-05:00,0.8508631501020748,0.8668168187141418,0.8349094814900079,0.8668168187141418,19500,0.0,0.0
2006-12-27 00:00:00-05:00,0.8455452295775595,0.8508631189200275,0.8083199407860416,0.8189557194709778,22100,0.0,0.0
2006-12-28 00:00:00-05:00,0.8455452295775595,0.8561810082624955,0.8030020514435736,0.8189557194709778,51100,0.0,0.0
2006-12-29 00:00:00-05:00,0.8242733617767437,0.8508628639143879,0.8242733617767437,0.834909200668335,13400,0.0,0.0
2007-01-03 00:00:00-05:00,0.8402272704101584,0.8774524927139281,0.8295914292148452,0.8774524927139282,13100,0.0,0.0
2007-01-04 00:00:00-05:00,0.872134652440858,0.872134652440858,0.813637807879099,0.8242735862731934,7600,0.0,0.0
2007-01-05 00:00:00-05:00,0.8136376163090328,0.8721344470977783,0.8083197283640763,0.8721344470977783,32800,0.0,0.0
2007-01-08 00:00:00-05:00,0.8455447924122502,0.9146773815155028,0.8455447924122502,0.9146773815155029,11800,0.0,0.0
2007-01-09 00:00:00-05:00,0.9412671760714745,0.9412671760714745,0.8880882263183594,0.8880882263183594,7200,0.0,0.0
2007-01-10 00:00:00-05:00,0.8827702088979613,0.8827702088979613,0.8402271060173323,0.8455449938774109,6400,0.0,0.0
2007-01-11 00:00:00-05:00,0.8508628817374896,0.8561807695975682,0.845544993877411,0.8455449938774109,3500,0.0,0.0
2007-01-12 00:00:00-05:00,0.8508628817374896,0.8561807695975682,0.8402271060173323,0.8455449938774109,3600,0.0,0.0
2007-01-16 00:00:00-05:00,0.8402272188023631,0.861498773097992,0.8295913782603163,0.8614987730979919,3100,0.0,0.0
2007-01-17 00:00:00-05:00,0.8349094814900079,0.8668168187141418,0.8083199704089857,0.8668168187141418,21300,0.0,0.0
2007-01-18 00:00:00-05:00,0.8508630482112355,0.8774524927139281,0.8508630482112355,0.8774524927139282,11800,0.0,0.0
2007-01-19 00:00:00-05:00,0.8349092352116655,0.8668165630238975,0.8349092352116655,0.8561807870864868,7600,0.0,0.0
2007-01-22 00:00:00-05:00,0.8721345604106948,0.9093598442561452,0.8721345604106948,0.8880882263183594,14100,0.0,0.0
2007-01-23 00:00:00-05:00,0.8880882263183594,0.8934061149542476,0.8880882263183594,0.8880882263183594,900,0.0,0.0
2007-01-24 00:00:00-05:00,0.8614989982347734,0.8721347781620515,0.845545328343856,0.8508632183074951,4100,0.0,0.0
2007-01-25 00:00:00-05:00,0.8508631189200275,0.8668167869474317,0.8189557194709778,0.8189557194709778,7900,0.0,0.0
2007-01-26 00:00:00-05:00,0.8614986574576469,0.8827702088979613,0.818955491182794,0.8455449938774109,7000,0.0,0.0
2007-01-29 00:00:00-05:00,0.845544993877411,0.845544993877411,0.845544993877411,0.8455449938774109,700,0.0,0.0
2007-01-30 00:00:00-05:00,0.8561807870864869,0.8721344509926029,0.8561807870864869,0.8561807870864868,400,0.0,0.0
2007-01-31 00:00:00-05:00,0.8455449761657036,0.8774523026578097,0.8349092006683348,0.834909200668335,2400,0.0,0.0
2007-02-01 00:00:00-05:00,0.8561807870864869,0.8561807870864869,0.8561807870864869,0.8561807870864868,1600,0.0,0.0
2007-02-02 00:00:00-05:00,0.8508629850731672,0.8934060931205751,0.8508629850731672,0.893406093120575,3800,0.0,0.0
2007-02-05 00:00:00-05:00,0.904042051017381,0.904042051017381,0.813637807879099,0.8242735862731934,13500,0.0,0.0
2007-02-06 00:00:00-05:00,0.8721345502458064,0.8721345502458064,0.8455451073762703,0.8614987730979919,2800,0.0,0.0
2007-02-07 00:00:00-05:00,0.8721344470977783,0.8774523350427348,0.8136376163090328,0.8721344470977783,22700,0.0,0.0
2007-02-08 00:00:00-05:00,0.8614987620850191,0.8934060931205751,0.8614987620850191,0.893406093120575,6900,0.0,0.0
2007-02-09 00:00:00-05:00,0.8668167632438109,0.8987241618203338,0.8242735862731935,0.8242735862731934,8800,0.0,0.0
2007-02-12 00:00:00-05:00,0.8774523350427348,0.8880881109326476,0.8455450073729962,0.8721344470977783,1800,0.0,0.0
2007-02-13 00:00:00-05:00,0.888088204614649,0.9040419335266585,0.8508629850731672,0.893406093120575,13500,0.0,0.0
2007-02-14 00:00:00-05:00,0.8561810396394305,0.89340626640092,0.8402273710273636,0.8668168187141418,4500,0.0,0.0
2007-02-15 00:00:00-05:00,0.8668167149128511,0.8774524927139281,0.8508630482112355,0.8774524927139282,4900,0.0,0.0
2007-02-16 00:00:00-05:00,0.8934059988776041,0.8934059988776041,0.8721344470977783,0.8721344470977783,2500,0.0,0.0
2007-02-20 00:00:00-05:00,0.8987240450207326,0.9040419335266585,0.888088204614649,0.893406093120575,1300,0.0,0.0
2007-02-21 00:00:00-05:00,0.8934060931205751,0.8934060931205751,0.8934060931205751,0.893406093120575,0,0.0,0.0
2007-02-22 00:00:00-05:00,0.904042000610857,0.904042000610857,0.8774524927139281,0.8774524927139282,400,0.0,0.0
2007-02-23 00:00:00-05:00,0.8934060164054315,0.8934060164054315,0.8295912964197417,0.8827702403068542,11000,0.0,0.0
2007-02-26 00:00:00-05:00,0.8668167149128511,0.8774524927139281,0.8668167149128511,0.8774524927139282,800,0.0,0.0
2007-02-27 00:00:00-05:00,0.8508630482112355,0.8774524927139281,0.845545159310697,0.8774524927139282,15800,0.0,0.0
2007-02-28 00:00:00-05:00,0.8774524927139281,0.8774524927139281,0.8774524927139281,0.8774524927139282,700,0.0,0.0
2007-03-01 00:00:00-05:00,0.8349092181572537,0.8668165453177255,0.8295912669029513,0.8455449938774109,4100,0.0,0.0
2007-03-02 00:00:00-05:00,0.845544993877411,0.8508628817374896,0.8349092181572537,0.8455449938774109,11300,0.0,0.0
2007-03-05 00:00:00-05:00,0.8295912495254281,0.8561807516630723,0.8030018107820063,0.834909200668335,23600,0.0,0.0
2007-03-06 00:00:00-05:00,0.8349092006683348,0.8508628639143879,0.8349092006683348,0.834909200668335,13200,0.0,0.0
2007-03-07 00:00:00-05:00,0.8136378301285097,0.8189557194709778,0.8136378301285097,0.8189557194709778,700,0.0,0.0
2007-03-08 00:00:00-05:00,0.824273489686409,0.861498773097992,0.824273489686409,0.8614987730979919,12100,0.0,0.0
2007-03-09 00:00:00-05:00,0.8508630115506377,0.8508630115506377,0.8295913934707642,0.8295913934707642,200,0.0,0.0
2007-03-12 00:00:00-04:00,0.8242735047993541,0.8295913934707642,0.8083198387851241,0.8295913934707642,1300,0.0,0.0
2007-03-13 00:00:00-04:00,0.8455449761657036,0.8614986394117566,0.8083196985306906,0.834909200668335,12300,0.0,0.0
2007-03-14 00:00:00-04:00,0.8349092006683348,0.8349092006683348,0.8349092006683348,0.834909200668335,0,0.0,0.0
2007-03-15 00:00:00-04:00,0.8349092006683348,0.8349092006683348,0.8349092006683348,0.834909200668335,1000,0.0,0.0
2007-03-16 00:00:00-04:00,0.8295914754702406,0.8295914754702406,0.8242735862731935,0.8242735862731934,600,0.0,0.0
2007-03-19 00:00:00-04:00,0.8349092006683348,0.8349092006683348,0.8349092006683348,0.834909200668335,5300,0.0,0.0
2007-03-20 00:00:00-04:00,0.7870480720830126,0.8402270078659059,0.7870480720830126,0.8402270078659058,29200,0.0,0.0
2007-03-21 00:00:00-04:00,0.818955742158552,0.818955742158552,0.8136378526687622,0.8136378526687622,1300,0.0,0.0
2007-03-22 00:00:00-04:00,0.8030020514435736,0.8189557194709778,0.7976841621011055,0.8189557194709778,6100,0.0,0.0
2007-03-23 00:00:00-04:00,0.8242732827550864,0.8402270078659059,0.7976838465607481,0.8402270078659058,8000,0.0,0.0
2007-03-26 00:00:00-04:00,0.8402273402350915,0.8402273402350915,0.8189557194709778,0.8189557194709778,1800,0.0,0.0
2007-03-27 00:00:00-04:00,0.7976841841993927,0.818955742158552,0.7604588943766207,0.8136378526687622,23300,0.0,0.0
2007-03-28 00:00:00-04:00,0.7923659682273865,0.7976838555260226,0.7604585810413527,0.7923659682273865,1900,0.0,0.0
2007-03-29 00:00:00-04:00,0.813637508277351,0.8721343312991119,0.813637508277351,0.8402270078659058,12200,0.0,0.0
2007-03-30 00:00:00-04:00,0.8349093302284558,0.8668166616718992,0.8295913782603163,0.8614987730979919,7100,0.0,0.0
2007-04-02 00:00:00-04:00,0.861498773097992,0.861498773097992,0.861498773097992,0.8614987730979919,0,0.0,0.0
2007-04-03 00:00:00-04:00,0.8508628953179526,0.8721344470977783,0.8508628953179526,0.8721344470977783,5500,0.0,0.0
2007-04-04 00:00:00-04:00,0.8668166616718992,0.8721345502458064,0.861498773097992,0.8614987730979919,11400,0.0,0.0
2007-04-05 00:00:00-04:00,0.861498773097992,0.861498773097992,0.861498773097992,0.8614987730979919,0,0.0,0.0
2007-04-09 00:00:00-04:00,0.8402273710273636,0.8827704873262088,0.8402273710273636,0.8668168187141418,1200,0.0,0.0
2007-04-10 00:00:00-04:00,0.8508632183074951,0.8508632183074951,0.8508632183074951,0.8508632183074951,800,0.0,0.0
2007-04-11 00:00:00-04:00,0.8508632183074951,0.8508632183074951,0.8508632183074951,0.8508632183074951,0,0.0,0.0
2007-04-12 00:00:00-04:00,0.8508632183074951,0.8508632183074951,0.8508632183074951,0.8508632183074951,0,0.0,0.0
2007-04-13 00:00:00-04:00,0.8349092006683348,0.8349092006683348,0.8349092006683348,0.834909200668335,400,0.0,0.0
2007-04-16 00:00:00-04:00,0.8295913934707642,0.8295913934707642,0.8083198387851241,0.8295913934707642,10500,0.0,0.0
2007-04-17 00:00:00-04:00,0.8349093581025595,0.8349093581025595,0.7976840734481812,0.7976840734481812,7700,0.0,0.0
2007-04-18 00:00:00-04:00,0.8083199858665466,0.8083199858665466,0.8083199858665466,0.8083199858665466,100,0.0,0.0
2007-04-19 00:00:00-04:00,0.8295915444227467,0.8295915444227467,0.8083199858665466,0.8083199858665466,1100,0.0,0.0
2007-04-20 00:00:00-04:00,0.8402273635119546,0.8402273635119546,0.8136378526687622,0.8136378526687622,3800,0.0,0.0
2007-04-23 00:00:00-04:00,0.8136377274565342,0.8295913934707642,0.8083198387851241,0.8295913934707642,5400,0.0,0.0
2007-04-24 00:00:00-04:00,0.8295915950586897,0.8614989982347734,0.8295915950586897,0.8508632183074951,6000,0.0,0.0
2007-04-25 00:00:00-04:00,0.8349094508926234,0.8349094508926234,0.8083199407860416,0.8189557194709778,5600,0.0,0.0
2007-04-26 00:00:00-04:00,0.8242736088134458,0.8402273402350915,0.8083199407860416,0.8189557194709778,6700,0.0,0.0
2007-04-27 00:00:00-04:00,0.8189557194709778,0.8349094508926234,0.8189557194709778,0.8189557194709778,5500,0.0,0.0
2007-04-30 00:00:00-04:00,0.8136376033227154,0.845544993877411,0.8083197154626368,0.8455449938774109,8200,0.0,0.0
2007-05-01 00:00:00-04:00,0.8349092006683348,0.8349092006683348,0.8349092006683348,0.834909200668335,100,0.0,0.0
2007-05-02 00:00:00-04:00,0.8295913934707642,0.8295913934707642,0.8295913934707642,0.8295913934707642,1800,0.0,0.0
2007-05-03 00:00:00-04:00,0.8508628991177816,0.8561807870864869,0.829591283848735,0.8561807870864868,7700,0.0,0.0
2007-05-04 00:00:00-04:00,0.8349092006683348,0.8349092006683348,0.8349092006683348,0.834909200668335,300,0.0,0.0
2007-05-07 00:00:00-04:00,0.8349095484165777,0.8508632183074951,0.8349095484165777,0.8508632183074951,1000,0.0,0.0
2007-05-08 00:00:00-04:00,0.8508632183074951,0.8508632183074951,0.8508632183074951,0.8508632183074951,0,0.0,0.0
2007-05-09 00:00:00-04:00,0.8508632183074951,0.8614989982347734,0.8508632183074951,0.8508632183074951,1700,0.0,0.0
2007-05-10 00:00:00-04:00,0.8402272704101584,0.8774524927139281,0.797684095811614,0.8774524927139282,88100,0.0,0.0
2007-05-11 00:00:00-04:00,0.813637807879099,0.872134652440858,0.7976841402879574,0.8242735862731934,44400,0.0,0.0
2007-05-14 00:00:00-04:00,0.8083199407860416,0.8189557194709778,0.7976841621011055,0.8189557194709778,5500,0.0,0.0
2007-05-15 00:00:00-04:00,0.813637807879099,0.8242735862731935,0.7976841402879574,0.8242735862731934,63600,0.0,0.0
2007-05-16 00:00:00-04:00,0.7976839230333219,0.866816527160441,0.7710944842899002,0.834909200668335,13400,0.0,0.0
2007-05-17 00:00:00-04:00,0.8295913934707642,0.8508630115506377,0.8295913934707642,0.8295913934707642,5400,0.0,0.0
2007-05-18 00:00:00-04:00,0.8561811082711343,0.8561811082711343,0.8508632183074951,0.8508632183074951,7100,0.0,0.0
2007-05-21 00:00:00-04:00,0.8455452530017444,0.8561810319813241,0.8136378526687622,0.8136378526687622,3400,0.0,0.0
2007-05-22 00:00:00-04:00,0.8083199407860416,0.8189557194709778,0.8083199407860416,0.8189557194709778,1600,0.0,0.0
2007-05-23 00:00:00-04:00,0.8242736088134458,0.8242736088134458,0.8189557194709778,0.8189557194709778,1500,0.0,0.0
2007-05-24 00:00:00-04:00,0.8189557194709778,0.8189557194709778,0.8189557194709778,0.8189557194709778,0,0.0,0.0
2007-05-25 00:00:00-04:00,0.8030021452404941,0.8508632183074951,0.8030021452404941,0.8508632183074951,21600,0.0,0.0
2007-05-29 00:00:00-04:00,0.8561807870864869,0.8561807870864869,0.8561807870864869,0.8561807870864868,500,0.0,0.0
2007-05-30 00:00:00-04:00,0.8827703376824713,0.8880882263183594,0.8668166717748066,0.8880882263183594,1800,0.0,0.0
2007-05-31 00:00:00-04:00,0.8721344642082769,0.8880881283561429,0.8030018561732984,0.8827702403068542,5000,0.0,0.0
2007-06-01 00:00:00-04:00,0.8668165453177255,0.8721344331778041,0.845544993877411,0.8455449938774109,2100,0.0,0.0
2007-06-04 00:00:00-04:00,0.845544993877411,0.845544993877411,0.845544993877411,0.8455449938774109,0,0.0,0.0
2007-06-05 00:00:00-04:00,0.8455448951047735,0.8455448951047735,0.8402270078659059,0.8402270078659058,500,0.0,0.0
2007-06-06 00:00:00-04:00,0.8349092006683348,0.8349092006683348,0.8349092006683348,0.834909200668335,400,0.0,0.0
2007-06-07 00:00:00-04:00,0.8295913934707642,0.8295913934707642,0.8295913934707642,0.8295913934707642,100,0.0,0.0
2007-06-08 00:00:00-04:00,0.8402273172585748,0.8402273172585748,0.7923662510909102,0.8242735862731934,6100,0.0,0.0
2007-06-11 00:00:00-04:00,0.8402274383802169,0.8721347781620515,0.8402274383802169,0.8508632183074951,2300,0.0,0.0
2007-06-12 00:00:00-04:00,0.803001880645752,0.803001880645752,0.803001880645752,0.803001880645752,200,0.0,0.0
2007-06-13 00:00:00-04:00,0.7976840734481812,0.7976840734481812,0.7976840734481812,0.7976840734481812,1300,0.0,0.0
2007-06-14 00:00:00-04:00,0.8083197154626368,0.8774523210378827,0.8083197154626368,0.8455449938774109,14400,0.0,0.0
2007-06-15 00:00:00-04:00,0.8402271231803708,0.8561807870864869,0.8402271231803708,0.8561807870864868,4600,0.0,0.0
2007-06-18 00:00:00-04:00,0.8561807870864869,0.8561807870864869,0.8561807870864869,0.8561807870864868,0,0.0,0.0
2007-06-19 00:00:00-04:00,0.8774524927139281,0.8774524927139281,0.8508630482112355,0.8774524927139282,9000,0.0,0.0
2007-06-20 00:00:00-04:00,0.8880882263183594,0.8880882263183594,0.8880882263183594,0.8880882263183594,700,0.0,0.0
2007-06-21 00:00:00-04:00,0.8668165761589883,0.8880881283561429,0.8614986881096997,0.8827702403068542,4100,0.0,0.0
2007-06-22 00:00:00-04:00,0.8827702403068542,0.8827702403068542,0.8827702403068542,0.8827702403068542,0,0.0,0.0
2007-06-25 00:00:00-04:00,0.8827702403068542,0.8827702403068542,0.8827702403068542,0.8827702403068542,0,0.0,0.0
2007-06-26 00:00:00-04:00,0.8561811082711343,0.8561811082711343,0.8508632183074951,0.8508632183074951,300,0.0,0.0
2007-06-27 00:00:00-04:00,0.8455450073729962,0.8774523350427348,0.8455450073729962,0.8721344470977783,8000,0.0,0.0
2007-06-28 00:00:00-04:00,0.8508632183074951,0.8508632183074951,0.8508632183074951,0.8508632183074951,900,0.0,0.0
2007-06-29 00:00:00-04:00,0.8508630482112355,0.8987241117103185,0.8508630482112355,0.8774524927139282,8600,0.0,0.0
2007-07-02 00:00:00-04:00,0.9306312624497908,1.29756590493065,0.834909217634128,0.9199954867362976,118300,0.0,0.0
2007-07-03 00:00:00-04:00,0.9253134174408612,0.9253134174408612,0.8561808087076578,0.9093597531318665,8100,0.0,0.0
2007-07-05 00:00:00-04:00,0.8987237610852359,0.9731742400411506,0.8934058108651884,0.9040416479110718,16800,0.0,0.0
2007-07-06 00:00:00-04:00,0.9040418231660577,0.967856540841241,0.9040418231660577,0.9199954867362976,27100,0.0,0.0
2007-07-09 00:00:00-04:00,0.9199954867362976,0.9199954867362976,0.9199954867362976,0.9199954867362976,100,0.0,0.0
2007-07-10 00:00:00-04:00,0.9306314149078695,0.9465850810916738,0.9199956374519999,0.941267192363739,12700,0.0,0.0
2007-07-11 00:00:00-04:00,0.9199956374519999,0.9412671923637391,0.914677748724065,0.941267192363739,7400,0.0,0.0
2007-07-12 00:00:00-04:00,0.9199956374519999,0.9412671923637391,0.9199956374519999,0.941267192363739,4500,0.0,0.0
2007-07-13 00:00:00-04:00,0.9199956374519999,0.9412671923637391,0.914677748724065,0.941267192363739,1800,0.0,0.0
2007-07-16 00:00:00-04:00,0.9306313774430285,0.9359492659568787,0.9199956004153281,0.9359492659568787,3500,0.0,0.0
2007-07-17 00:00:00-04:00,0.9146777328920335,0.9146777328920335,0.8668166717748066,0.8880882263183594,5300,0.0,0.0
2007-07-18 00:00:00-04:00,0.8987239353093112,0.9199954867362976,0.8508628812043678,0.9199954867362976,8300,0.0,0.0
2007-07-19 00:00:00-04:00,0.9146775191474912,0.9253132939338683,0.9146775191474912,0.9253132939338684,400,0.0,0.0
2007-07-20 00:00:00-04:00,0.9253132939338683,0.9253132939338683,0.9253132939338683,0.9253132939338684,0,0.0,0.0
2007-07-23 00:00:00-04:00,0.8987237610852359,0.9040416479110719,0.8721342635618446,0.9040416479110718,6000,0.0,0.0
2007-07-24 00:00:00-04:00,0.9040416083294961,0.9199952681085063,0.8934057717492806,0.9146773815155029,6500,0.0,0.0
2007-07-25 00:00:00-04:00,0.8987239003181458,0.9199954509169398,0.8987239003181458,0.8987239003181458,2900,0.0,0.0
2007-07-26 00:00:00-04:00,0.8987239003181458,0.8987239003181458,0.8987239003181458,0.8987239003181458,0,0.0,0.0
2007-07-27 00:00:00-04:00,0.8827702492226488,0.9093597531318665,0.8827702492226488,0.9093597531318665,5500,0.0,0.0
2007-07-30 00:00:00-04:00,0.8721342635618446,0.9146774215627438,0.7976837846059299,0.9040416479110718,15300,0.0,0.0
2007-07-31 00:00:00-04:00,0.8668163767360088,0.9040416479110719,0.8668163767360088,0.9040416479110718,500,0.0,0.0
2007-08-01 00:00:00-04:00,0.8668168881984125,0.8934063380166081,0.8083200352041332,0.8508632183074951,27300,0.0,0.0
2007-08-02 00:00:00-04:00,0.8455450111490762,0.8721344509926029,0.8455450111490762,0.8561807870864868,7100,0.0,0.0
2007-08-03 00:00:00-04:00,0.8561807870864869,0.8561807870864869,0.8561807870864869,0.8561807870864868,0,0.0,0.0
2007-08-06 00:00:00-04:00,0.8508632183074951,0.8508632183074951,0.8508632183074951,0.8508632183074951,300,0.0,0.0
2007-08-07 00:00:00-04:00,0.845544993877411,0.845544993877411,0.7976839397424795,0.8455449938774109,11600,0.0,0.0
2007-08-08 00:00:00-04:00,0.8934060028674243,0.8934060028674243,0.8561807870864869,0.8561807870864868,800,0.0,0.0
2007-08-09 00:00:00-04:00,0.8083196985306906,0.8349092006683348,0.8030018107820063,0.834909200668335,900,0.0,0.0
2007-08-10 00:00:00-04:00,0.8136377397025286,0.8402272468540086,0.7817304071938338,0.7976840734481812,7900,0.0,0.0
2007-08-13 00:00:00-04:00,0.7976840734481812,0.7976840734481812,0.7976840734481812,0.7976840734481812,100,0.0,0.0
2007-08-14 00:00:00-04:00,0.7976840734481812,0.7976840734481812,0.7976840734481812,0.7976840734481812,600,0.0,0.0
2007-08-15 00:00:00-04:00,0.7923660309801248,0.7923660309801248,0.7764123678207397,0.7764123678207397,1300,0.0,0.0
2007-08-16 00:00:00-04:00,0.7657766640627177,0.7710945522803009,0.7179156067102408,0.7445050477981567,29600,0.0,0.0
2007-08-17 00:00:00-04:00,0.7657768624053337,0.7657768624053337,0.7019621238715559,0.755141019821167,8400,0.0,0.0
2007-08-20 00:00:00-04:00,0.755141019821167,0.760458909416128,0.755141019821167,0.755141019821167,500,0.0,0.0
2007-08-21 00:00:00-04:00,0.7551407948014496,0.7657766342163086,0.7551407948014496,0.7657766342163086,3200,0.0,0.0
2007-08-22 00:00:00-04:00,0.7604585049532472,0.7817301154136658,0.7604585049532472,0.7817301154136658,1300,0.0,0.0
2007-08-23 00:00:00-04:00,0.7817301154136658,0.7817301154136658,0.7817301154136658,0.7817301154136658,0,0.0,0.0
2007-08-24 00:00:00-04:00,0.7710946798324585,0.7710946798324585,0.7710946798324585,0.7710946798324585,100,0.0,0.0
2007-08-27 00:00:00-04:00,0.744505170951958,0.7710946798324585,0.7338693927574532,0.7710946798324585,12600,0.0,0.0
2007-08-28 00:00:00-04:00,0.7710946798324585,0.7710946798324585,0.7710946798324585,0.7710946798324585,0,0.0,0.0
2007-08-29 00:00:00-04:00,0.7285511843539355,0.7976837757133216,0.7285511843539355,0.7817301154136658,1700,0.0,0.0
2007-08-30 00:00:00-04:00,0.7764125029484523,0.7870482802391051,0.7764125029484523,0.7870482802391052,11700,0.0,0.0
2007-08-31 00:00:00-04:00,0.7817301154136658,0.7817301154136658,0.7817301154136658,0.7817301154136658,200,0.0,0.0
2007-09-04 00:00:00-04:00,0.7764123678207397,0.7764123678207397,0.7764123678207397,0.7764123678207397,100,0.0,0.0
2007-09-05 00:00:00-04:00,0.7764123678207397,0.7764123678207397,0.7764123678207397,0.7764123678207397,0,0.0,0.0
2007-09-06 00:00:00-04:00,0.7764123678207397,0.7764123678207397,0.7764123678207397,0.7764123678207397,0,0.0,0.0
2007-09-07 00:00:00-04:00,0.7604586333050157,0.7604586333050157,0.733869194984436,0.733869194984436,1200,0.0,0.0
2007-09-10 00:00:00-04:00,0.7445050477981568,0.7551408242333232,0.7445050477981568,0.7445050477981567,5300,0.0,0.0
2007-09-11 00:00:00-04:00,0.7551409227208183,0.7551409227208183,0.7445051448985054,0.7498230338096619,5700,0.0,0.0
2007-09-12 00:00:00-04:00,0.7391873510362836,0.755141019821167,0.7338694614413225,0.755141019821167,1500,0.0,0.0
2007-09-13 00:00:00-04:00,0.755141019821167,0.755141019821167,0.755141019821167,0.755141019821167,0,0.0,0.0
2007-09-14 00:00:00-04:00,0.7179157003427231,0.7498230338096619,0.7019620336092537,0.7498230338096619,2200,0.0,0.0
2007-09-17 00:00:00-04:00,0.701961972524961,0.7125977494217552,0.6806903553371416,0.7072798609733582,8200,0.0,0.0
2007-09-18 00:00:00-04:00,0.707279860973358,0.707279860973358,0.707279860973358,0.7072798609733582,1100,0.0,0.0
2007-09-19 00:00:00-04:00,0.7072797697914166,0.7072797697914166,0.6860081553459167,0.6860081553459167,10500,0.0,0.0
2007-09-20 00:00:00-04:00,0.6647365689277649,0.6700544564076494,0.6647365689277649,0.6647365689277649,700,0.0,0.0
2007-09-21 00:00:00-04:00,0.6647365689277649,0.6647365689277649,0.6647365689277649,0.6647365689277649,0,0.0,0.0
2007-09-24 00:00:00-04:00,0.6700544564076494,0.6700544564076494,0.6647365689277649,0.6647365689277649,500,0.0,0.0
2007-09-25 00:00:00-04:00,0.6487830115995935,0.6806903416483131,0.638147234916687,0.638147234916687,23000,0.0,0.0
2007-09-26 00:00:00-04:00,0.6381471965314028,0.6381471965314028,0.6328293085098265,0.6328293085098267,3800,0.0,0.0
2007-09-27 00:00:00-04:00,0.638147282579125,0.638147282579125,0.6275114417076111,0.6275114417076111,1100,0.0,0.0
2007-09-28 00:00:00-04:00,0.638147234916687,0.6434651232581403,0.638147234916687,0.638147234916687,1300,0.0,0.0
2007-10-01 00:00:00-04:00,0.638147234916687,0.638147234916687,0.638147234916687,0.638147234916687,0,0.0,0.0
2007-10-02 00:00:00-04:00,0.6541008999410468,0.6541008999410468,0.638147234916687,0.638147234916687,7100,0.0,0.0
2007-10-03 00:00:00-04:00,0.638147234916687,0.638147234916687,0.638147234916687,0.638147234916687,7000,0.0,0.0
2007-10-04 00:00:00-04:00,0.664736709942843,0.664736709942843,0.6594188213348388,0.6594188213348389,5500,0.0,0.0
2007-10-05 00:00:00-04:00,0.6700545425361186,0.6700545425361186,0.6434651017189026,0.6434651017189026,4200,0.0,0.0
2007-10-08 00:00:00-04:00,0.6594188156594262,0.6753724813461304,0.6594188156594262,0.6753724813461304,2500,0.0,0.0
2007-10-09 00:00:00-04:00,0.6913261112339104,0.7125977277755737,0.6913261112339104,0.7125977277755737,4400,0.0,0.0
2007-10-10 00:00:00-04:00,0.675372343887534,0.675372343887534,0.6647365689277649,0.6647365689277649,1000,0.0,0.0
2007-10-11 00:00:00-04:00,0.6966440899391412,0.7019620423104529,0.6913262009620665,0.6913262009620667,5100,0.0,0.0
2007-10-12 00:00:00-04:00,0.696643983011437,0.7019619345664978,0.696643983011437,0.7019619345664978,200,0.0,0.0
2007-10-15 00:00:00-04:00,0.6700545927838957,0.6806903699083651,0.6700545927838957,0.6753724813461304,6500,0.0,0.0
2007-10-16 00:00:00-04:00,0.6806903920137811,0.6806903920137811,0.6700546145439149,0.6700546145439148,1800,0.0,0.0
2007-10-17 00:00:00-04:00,0.6700546145439149,0.6700546145439149,0.6700546145439149,0.6700546145439148,0,0.0,0.0
2007-10-18 00:00:00-04:00,0.6700546145439149,0.6700546145439149,0.6700546145439149,0.6700546145439148,0,0.0,0.0
2007-10-19 00:00:00-04:00,0.6647365689277649,0.6700544564076494,0.6647365689277649,0.6647365689277649,5700,0.0,0.0
2007-10-22 00:00:00-04:00,0.6434651017189026,0.6434651017189026,0.6434651017189026,0.6434651017189026,500,0.0,0.0
2007-10-23 00:00:00-04:00,0.6434651017189026,0.6753724306995619,0.6381472135554593,0.6434651017189026,8200,0.0,0.0
2007-10-24 00:00:00-04:00,0.6434651017189026,0.6434651017189026,0.6434651017189026,0.6434651017189026,1500,0.0,0.0
2007-10-25 00:00:00-04:00,0.638147234916687,0.638147234916687,0.638147234916687,0.638147234916687,4600,0.0,0.0
2007-10-26 00:00:00-04:00,0.638147234916687,0.638147234916687,0.638147234916687,0.638147234916687,0,0.0,0.0
2007-10-29 00:00:00-04:00,0.638147234916687,0.638147234916687,0.638147234916687,0.638147234916687,0,0.0,0.0
2007-10-30 00:00:00-04:00,0.6381472046448705,0.6381472046448705,0.6168755888938905,0.6168755888938904,5400,0.0,0.0
2007-10-31 00:00:00-04:00,0.6115577093440159,0.6434651017189026,0.6115577093440159,0.6434651017189026,10200,0.0,0.0
2007-11-01 00:00:00-04:00,0.6328293253920162,0.6434651017189026,0.6168755975074591,0.6434651017189026,2000,0.0,0.0
2007-11-02 00:00:00-04:00,0.6275114417076111,0.6275114417076111,0.6221935529689712,0.6275114417076111,1400,0.0,0.0
2007-11-05 00:00:00-05:00,0.6275114417076111,0.6275114417076111,0.6275114417076111,0.6275114417076111,0,0.0,0.0
2007-11-06 00:00:00-05:00,0.638147234916687,0.638147234916687,0.638147234916687,0.638147234916687,200,0.0,0.0
2007-11-07 00:00:00-05:00,0.638147234916687,0.638147234916687,0.638147234916687,0.638147234916687,0,0.0,0.0
2007-11-08 00:00:00-05:00,0.6168755810508723,0.6328293085098265,0.6168755810508723,0.6328293085098267,300,0.0,0.0
2007-11-09 00:00:00-05:00,0.6328293085098265,0.6328293085098265,0.6328293085098265,0.6328293085098267,0,0.0,0.0
2007-11-12 00:00:00-05:00,0.6328293085098265,0.6328293085098265,0.6328293085098265,0.6328293085098267,0,0.0,0.0
2007-11-13 00:00:00-05:00,0.6594187368374057,0.7338692312036644,0.6062397941774423,0.6806902885437012,35800,0.0,0.0
2007-11-14 00:00:00-05:00,0.6806902885437011,0.6806902885437011,0.6168755700305901,0.6806902885437012,1200,0.0,0.0
2007-11-15 00:00:00-05:00,0.6806902885437011,0.6806902885437011,0.6806902885437011,0.6806902885437012,0,0.0,0.0
2007-11-16 00:00:00-05:00,0.6806902885437011,0.6806902885437011,0.6806902885437011,0.6806902885437012,0,0.0,0.0
2007-11-19 00:00:00-05:00,0.6328293938404852,0.6328293938404852,0.6275114417076111,0.6275114417076111,1500,0.0,0.0
2007-11-20 00:00:00-05:00,0.6275113738343455,0.6434651017189026,0.6115577093440159,0.6434651017189026,700,0.0,0.0
2007-11-21 00:00:00-05:00,0.6168756181566444,0.6434651232581403,0.6062398414737379,0.638147234916687,10000,0.0,0.0
2007-11-23 00:00:00-05:00,0.638147234916687,0.638147234916687,0.638147234916687,0.638147234916687,0,0.0,0.0
2007-11-26 00:00:00-05:00,0.638147234916687,0.638147234916687,0.638147234916687,0.638147234916687,0,0.0,0.0
2007-11-27 00:00:00-05:00,0.6328295147240446,0.6541010737419128,0.6275115615753312,0.6541010737419128,2300,0.0,0.0
2007-11-28 00:00:00-05:00,0.65941896349638,0.65941896349638,0.6541010737419128,0.6541010737419128,1900,0.0,0.0
2007-11-29 00:00:00-05:00,0.6541010737419128,0.6541010737419128,0.6541010737419128,0.6541010737419128,500,0.0,0.0
2007-11-30 00:00:00-05:00,0.6700546145439149,0.6700546145439149,0.6647367258089818,0.6700546145439148,1700,0.0,0.0
2007-12-03 00:00:00-05:00,0.6434651017189026,0.6434651017189026,0.6434651017189026,0.6434651017189026,2300,0.0,0.0
2007-12-04 00:00:00-05:00,0.638147234916687,0.638147234916687,0.6168756181566444,0.638147234916687,4600,0.0,0.0
2007-12-05 00:00:00-05:00,0.622193293699652,0.6487827897071838,0.622193293699652,0.6487827897071838,5400,0.0,0.0
2007-12-06 00:00:00-05:00,0.584968252921415,0.6594187486177077,0.584968252921415,0.6328293085098267,7200,0.0,0.0
2007-12-07 00:00:00-05:00,0.6541008287690009,0.6860081553459167,0.6541008287690009,0.6860081553459167,4000,0.0,0.0
2007-12-10 00:00:00-05:00,0.6806902885437011,0.7019619036442212,0.6806902885437011,0.6806902885437012,5100,0.0,0.0
2007-12-11 00:00:00-05:00,0.6700544564076494,0.6700544564076494,0.6647365689277649,0.6647365689277649,5000,0.0,0.0
2007-12-12 00:00:00-05:00,0.6647365689277649,0.6647365689277649,0.6647365689277649,0.6647365689277649,500,0.0,0.0
2007-12-13 00:00:00-05:00,0.7125977277755737,0.7125977277755737,0.7125977277755737,0.7125977277755737,100,0.0,0.0
2007-12-14 00:00:00-05:00,0.6647366540464372,0.7019619345664978,0.6647366540464372,0.7019619345664978,5100,0.0,0.0
2007-12-17 00:00:00-05:00,0.7019619345664978,0.7019619345664978,0.7019619345664978,0.7019619345664978,0,0.0,0.0
2007-12-18 00:00:00-05:00,0.6328293728454293,0.6753724813431172,0.5158356976883233,0.5743325352668762,179800,0.0,0.0
2007-12-19 00:00:00-05:00,0.5371071834289486,0.5636966228485107,0.5264714076611238,0.5636966228485107,54900,0.0,0.0
2007-12-20 00:00:00-05:00,0.5583787775334089,0.5636966658227383,0.5105177512323307,0.5530608892440796,40400,0.0,0.0
2007-12-21 00:00:00-05:00,0.5530608613977319,0.6328293085098265,0.5477429733761557,0.6328293085098267,11900,0.0,0.0
2007-12-24 00:00:00-05:00,0.6328293085098265,0.6328293085098265,0.6221934690724484,0.6328293085098267,6600,0.0,0.0
2007-12-26 00:00:00-05:00,0.6115576798816088,0.622193455696106,0.6115576798816088,0.622193455696106,5500,0.0,0.0
2007-12-27 00:00:00-05:00,0.6381472046448705,0.6381472046448705,0.6168755888938905,0.6168755888938904,10700,0.0,0.0
2007-12-28 00:00:00-05:00,0.6168755677888574,0.6487829586265734,0.5796503524381171,0.622193455696106,30600,0.0,0.0
2007-12-31 00:00:00-05:00,0.5902862470034125,0.765776773429585,0.5849683580263378,0.6913262009620667,38400,0.0,0.0
2008-01-02 00:00:00-05:00,0.6806901088431726,0.6806901088431726,0.6487827897071838,0.6487827897071838,1200,0.0,0.0
2008-01-03 00:00:00-05:00,0.638147131528342,0.6647365689277649,0.638147131528342,0.6647365689277649,300,0.0,0.0
2008-01-04 00:00:00-05:00,0.627511394839551,0.638147234916687,0.627511394839551,0.638147234916687,1000,0.0,0.0
2008-01-07 00:00:00-05:00,0.6115575434285532,0.622193316869956,0.5849681098250462,0.595603883266449,13600,0.0,0.0
2008-01-08 00:00:00-05:00,0.5849683284759521,0.5849683284759521,0.5849683284759521,0.5849683284759521,1200,0.0,0.0
2008-01-09 00:00:00-05:00,0.595603883266449,0.595603883266449,0.595603883266449,0.595603883266449,1000,0.0,0.0
2008-01-10 00:00:00-05:00,0.6328291301391895,0.6487827897071838,0.6328291301391895,0.6487827897071838,600,0.0,0.0
2008-01-11 00:00:00-05:00,0.6062398552894592,0.6062398552894592,0.6062398552894592,0.6062398552894592,5000,0.0,0.0
2008-01-14 00:00:00-05:00,0.6062398552894592,0.6062398552894592,0.6062398552894592,0.6062398552894592,200,0.0,0.0
2008-01-15 00:00:00-05:00,0.6009219668268155,0.6062398552894592,0.5902861899015281,0.6062398552894592,1400,0.0,0.0
2008-01-16 00:00:00-05:00,0.6115577437521029,0.6115577437521029,0.6062398552894592,0.6062398552894592,400,0.0,0.0
2008-01-17 00:00:00-05:00,0.6062399519900704,0.6115578413009644,0.584968394746495,0.6115578413009644,10700,0.0,0.0
2008-01-18 00:00:00-05:00,0.5956041733682828,0.6115578413009644,0.5956041733682828,0.6115578413009644,8200,0.0,0.0
2008-01-22 00:00:00-05:00,0.5956039526919329,0.5956039526919329,0.5317892412108609,0.5477429032325745,6400,0.0,0.0
2008-01-23 00:00:00-05:00,0.5477429032325745,0.5477429032325745,0.5477429032325745,0.5477429032325745,200,0.0,0.0
2008-01-24 00:00:00-05:00,0.5690144896507263,0.5690144896507263,0.5690144896507263,0.5690144896507263,100,0.0,0.0
2008-01-25 00:00:00-05:00,0.5690144896507263,0.5690144896507263,0.5690144896507263,0.5690144896507263,0,0.0,0.0
2008-01-28 00:00:00-05:00,0.5690144896507263,0.5690144896507263,0.5690144896507263,0.5690144896507263,0,0.0,0.0
2008-01-29 00:00:00-05:00,0.5690144896507263,0.5690144896507263,0.5690144896507263,0.5690144896507263,0,0.0,0.0
2008-01-30 00:00:00-05:00,0.59028615262889,0.6009219288825989,0.59028615262889,0.6009219288825989,2800,0.0,0.0
2008-01-31 00:00:00-05:00,0.6009219288825989,0.6009219288825989,0.6009219288825989,0.6009219288825989,0,0.0,0.0
2008-02-01 00:00:00-05:00,0.5690146175062964,0.5690146175062964,0.5530608892440796,0.5530608892440796,11300,0.0,0.0
2008-02-04 00:00:00-05:00,0.5371071036899998,0.5690144896507263,0.5371071036899998,0.5690144896507263,3100,0.0,0.0
2008-02-05 00:00:00-05:00,0.5477429591967735,0.5636966228485107,0.542425071312861,0.5636966228485107,5100,0.0,0.0
2008-02-06 00:00:00-05:00,0.5743325352668763,0.5796504238290873,0.5530609176238002,0.5743325352668762,3600,0.0,0.0
2008-02-07 00:00:00-05:00,0.5583786129726072,0.5796502232551575,0.5424249528063522,0.5796502232551575,6100,0.0,0.0
2008-02-08 00:00:00-05:00,0.5636966947482221,0.5743325352668763,0.5636966947482221,0.5743325352668762,8200,0.0,0.0
2008-02-11 00:00:00-05:00,0.5743325352668763,0.5743325352668763,0.5743325352668763,0.5743325352668762,0,0.0,0.0
2008-02-12 00:00:00-05:00,0.5743325352668763,0.5743325352668763,0.5743325352668763,0.5743325352668762,0,0.0,0.0
2008-02-13 00:00:00-05:00,0.5530608892440796,0.5530608892440796,0.5530608892440796,0.5530608892440796,900,0.0,0.0
2008-02-14 00:00:00-05:00,0.5690145348699251,0.5690145348699251,0.5583786964416504,0.5583786964416504,300,0.0,0.0
2008-02-15 00:00:00-05:00,0.5690146175062964,0.5849682823742844,0.5530608892440796,0.5530608892440796,10800,0.0,0.0
2008-02-19 00:00:00-05:00,0.5530608892440796,0.5530608892440796,0.5530608892440796,0.5530608892440796,0,0.0,0.0
2008-02-20 00:00:00-05:00,0.5530609176238002,0.5743325352668763,0.5424251404993782,0.5743325352668762,104400,0.0,0.0
2008-02-21 00:00:00-05:00,0.5690144498109875,0.5796502232551575,0.5690144498109875,0.5796502232551575,200,0.0,0.0
2008-02-22 00:00:00-05:00,0.5743324033296481,0.5743324033296481,0.5477429032325745,0.5477429032325745,1200,0.0,0.0
2008-02-25 00:00:00-05:00,0.5636965652542881,0.5690145159890769,0.5424250158920033,0.5477429032325745,7000,0.0,0.0
2008-02-26 00:00:00-05:00,0.5530609176238002,0.5743325352668763,0.5317893633749562,0.5743325352668762,4400,0.0,0.0
2008-02-27 00:00:00-05:00,0.5371071463735402,0.5583786964416504,0.5371071463735402,0.5583786964416504,3600,0.0,0.0
2008-02-28 00:00:00-05:00,0.5371071285514321,0.5477429032325745,0.5317892412108609,0.5477429032325745,3100,0.0,0.0
2008-02-29 00:00:00-05:00,0.5477429032325745,0.5477429032325745,0.5477429032325745,0.5477429032325745,0,0.0,0.0
2008-03-03 00:00:00-05:00,0.5477429032325745,0.5477429032325745,0.5477429032325745,0.5477429032325745,0,0.0,0.0
2008-03-04 00:00:00-05:00,0.5371071729575579,0.5371071729575579,0.5158356218366165,0.5211535096168518,9200,0.0,0.0
2008-03-05 00:00:00-05:00,0.5211536068558875,0.5317893844008265,0.5211536068558875,0.5264714956283569,3600,0.0,0.0
2008-03-06 00:00:00-05:00,0.5158356428146362,0.5158356428146362,0.5105177231210201,0.5158356428146362,9100,0.0,0.0
2008-03-07 00:00:00-05:00,0.4998819267987988,0.5211535096168518,0.4998819267987988,0.5211535096168518,12500,0.0,0.0
2008-03-10 00:00:00-04:00,0.5105177727863568,0.5105177727863568,0.457338855950739,0.46797463297843933,46900,0.0,0.0
2008-03-11 00:00:00-04:00,0.46797453933868727,0.4839282333850861,0.46797453933868727,0.48392823338508606,5800,0.0,0.0
2008-03-12 00:00:00-04:00,0.4839282333850861,0.4839282333850861,0.4839282333850861,0.48392823338508606,1300,0.0,0.0
2008-03-13 00:00:00-04:00,0.47861046896619364,0.48924627900123596,0.47861046896619364,0.48924627900123596,8500,0.0,0.0
2008-03-14 00:00:00-04:00,0.48392825130088235,0.49456402659416193,0.48392825130088235,0.494564026594162,2600,0.0,0.0
2008-03-17 00:00:00-04:00,0.49456406494204014,0.49988195300102234,0.49456406494204014,0.49988195300102234,2400,0.0,0.0
2008-03-18 00:00:00-04:00,0.49988195300102234,0.49988195300102234,0.49988195300102234,0.49988195300102234,0,0.0,0.0
2008-03-19 00:00:00-04:00,0.5051999688148499,0.5105178582186186,0.5051999688148499,0.5051999688148499,4000,0.0,0.0
2008-03-20 00:00:00-04:00,0.5051999688148499,0.5051999688148499,0.5051999688148499,0.5051999688148499,0,0.0,0.0
2008-03-24 00:00:00-04:00,0.5158356428146362,0.5158356428146362,0.5158356428146362,0.5158356428146362,500,0.0,0.0
2008-03-25 00:00:00-04:00,0.5158356428146362,0.5158356428146362,0.5158356428146362,0.5158356428146362,600,0.0,0.0
2008-03-26 00:00:00-04:00,0.5105177760124207,0.5105177760124207,0.5105177760124207,0.5105177760124207,200,0.0,0.0
2008-03-27 00:00:00-04:00,0.5051999688148499,0.5051999688148499,0.5051999688148499,0.5051999688148499,1300,0.0,0.0
2008-03-28 00:00:00-04:00,0.5158356428146362,0.5158356428146362,0.5158356428146362,0.5158356428146362,2200,0.0,0.0
2008-03-31 00:00:00-04:00,0.5211535308111397,0.5211535308111397,0.5105177231210201,0.5158356428146362,300,0.0,0.0
2008-04-01 00:00:00-04:00,0.5158357793195085,0.5158357793195085,0.5051999688148499,0.5051999688148499,1400,0.0,0.0
2008-04-02 00:00:00-04:00,0.5051999688148499,0.5051999688148499,0.5051999688148499,0.5051999688148499,200,0.0,0.0
2008-04-03 00:00:00-04:00,0.5211535308111397,0.5211535308111397,0.5051998351245166,0.5158356428146362,1000,0.0,0.0
2008-04-04 00:00:00-04:00,0.5211535096168518,0.5211535096168518,0.5211535096168518,0.5211535096168518,1100,0.0,0.0
2008-04-07 00:00:00-04:00,0.5105177760124207,0.5105177760124207,0.5105177760124207,0.5105177760124207,200,0.0,0.0
2008-04-08 00:00:00-04:00,0.5051999688148499,0.5051999688148499,0.5051999688148499,0.5051999688148499,300,0.0,0.0
2008-04-09 00:00:00-04:00,0.5051999688148499,0.5051999688148499,0.5051999688148499,0.5051999688148499,200,0.0,0.0
2008-04-10 00:00:00-04:00,0.5051999688148499,0.5051999688148499,0.5051999688148499,0.5051999688148499,0,0.0,0.0
2008-04-11 00:00:00-04:00,0.5051998842725066,0.5051998842725066,0.46797463297843933,0.46797463297843933,11000,0.0,0.0
2008-04-14 00:00:00-04:00,0.46797463297843933,0.46797463297843933,0.46797463297843933,0.46797463297843933,0,0.0,0.0
2008-04-15 00:00:00-04:00,0.46797463297843933,0.46797463297843933,0.46797463297843933,0.46797463297843933,0,0.0,0.0
2008-04-16 00:00:00-04:00,0.46265660671042436,0.47329238057136536,0.46265660671042436,0.47329238057136536,800,0.0,0.0
2008-04-17 00:00:00-04:00,0.47329238057136536,0.47329238057136536,0.47329238057136536,0.47329238057136536,0,0.0,0.0
2008-04-18 00:00:00-04:00,0.4679745829157402,0.4679745829157402,0.43606722354888916,0.43606722354888916,13900,0.0,0.0
2008-04-21 00:00:00-04:00,0.45202092794911747,0.45202092794911747,0.4413851201534271,0.4413851201534271,3600,0.0,0.0
2008-04-22 00:00:00-04:00,0.44670304656028753,0.44670304656028753,0.44670304656028753,0.4467030465602875,1100,0.0,0.0
2008-04-23 00:00:00-04:00,0.5105177760124207,0.5105177760124207,0.5105177760124207,0.5105177760124207,100,0.0,0.0
2008-04-24 00:00:00-04:00,0.4839282333850861,0.4839282333850861,0.4839282333850861,0.48392823338508606,100,0.0,0.0
2008-04-25 00:00:00-04:00,0.4573388998907188,0.4786104559898376,0.4360673120944811,0.47861045598983765,14800,0.0,0.0
2008-04-28 00:00:00-04:00,0.4786104559898376,0.4786104559898376,0.4786104559898376,0.47861045598983765,0,0.0,0.0
2008-04-29 00:00:00-04:00,0.48392838983227465,0.48924627900123596,0.48392838983227465,0.48924627900123596,10000,0.0,0.0
2008-04-30 00:00:00-04:00,0.48924627900123596,0.48924627900123596,0.48924627900123596,0.48924627900123596,0,0.0,0.0
2008-05-01 00:00:00-04:00,0.48924627900123596,0.48924627900123596,0.48924627900123596,0.48924627900123596,0,0.0,0.0
2008-05-02 00:00:00-04:00,0.45202082395553594,0.45202082395553594,0.45202082395553594,0.4520208239555359,1300,0.0,0.0
2008-05-05 00:00:00-04:00,0.45202082395553594,0.45202082395553594,0.45202082395553594,0.4520208239555359,1200,0.0,0.0
2008-05-06 00:00:00-04:00,0.45202082395553594,0.45202082395553594,0.45202082395553594,0.4520208239555359,0,0.0,0.0
2008-05-07 00:00:00-04:00,0.45202082395553594,0.45202082395553594,0.45202082395553594,0.4520208239555359,500,0.0,0.0
2008-05-08 00:00:00-04:00,0.45202096676332926,0.45202096676332926,0.44670304656028753,0.4467030465602875,2400,0.0,0.0
2008-05-09 00:00:00-04:00,0.46265664696693415,0.46265664696693415,0.46265664696693415,0.4626566469669342,100,0.0,0.0
2008-05-12 00:00:00-04:00,0.4786104900988849,0.5158357793195085,0.46265682188757856,0.5051999688148499,10600,0.0,0.0
2008-05-13 00:00:00-04:00,0.5158356962569917,0.5158356962569917,0.48924622182260064,0.5105177760124207,3000,0.0,0.0
2008-05-14 00:00:00-04:00,0.4892463006035435,0.5051999688148499,0.48392841119977476,0.5051999688148499,1400,0.0,0.0
2008-05-15 00:00:00-04:00,0.5105177231210201,0.5158356428146362,0.4998819471280132,0.5158356428146362,6200,0.0,0.0
2008-05-16 00:00:00-04:00,0.5051999688148499,0.5051999688148499,0.5051999688148499,0.5051999688148499,400,0.0,0.0
2008-05-19 00:00:00-04:00,0.5051998145790342,0.5211535096168518,0.5051998145790342,0.5211535096168518,2400,0.0,0.0
2008-05-20 00:00:00-04:00,0.5158356428146362,0.5158356428146362,0.5158356428146362,0.5158356428146362,3500,0.0,0.0
2008-05-21 00:00:00-04:00,0.5051999688148499,0.5051999688148499,0.5051999688148499,0.5051999688148499,500,0.0,0.0
2008-05-22 00:00:00-04:00,0.5105178582186186,0.5105178582186186,0.4998820794110811,0.5051999688148499,10000,0.0,0.0
2008-05-23 00:00:00-04:00,0.5051999688148499,0.5051999688148499,0.5051999688148499,0.5051999688148499,0,0.0,0.0
2008-05-27 00:00:00-04:00,0.5051999688148499,0.5051999688148499,0.5051999688148499,0.5051999688148499,0,0.0,0.0
2008-05-28 00:00:00-04:00,0.5051998410600046,0.5051998410600046,0.49988195300102234,0.49988195300102234,2400,0.0,0.0
2008-05-29 00:00:00-04:00,0.49988195300102234,0.49988195300102234,0.49988195300102234,0.49988195300102234,0,0.0,0.0
2008-05-30 00:00:00-04:00,0.4998820794110811,0.5051999688148499,0.4998820794110811,0.5051999688148499,2200,0.0,0.0
2008-06-02 00:00:00-04:00,0.5051999688148499,0.5051999688148499,0.5051999688148499,0.5051999688148499,0,0.0,0.0
2008-06-03 00:00:00-04:00,0.5211536437375912,0.5317894220352173,0.5211536437375912,0.5317894220352173,6900,0.0,0.0
2008-06-04 00:00:00-04:00,0.5530608892440796,0.5530608892440796,0.5530608892440796,0.5530608892440796,2500,0.0,0.0
2008-06-05 00:00:00-04:00,0.5530608892440796,0.5530608892440796,0.5530608892440796,0.5530608892440796,0,0.0,0.0
2008-06-06 00:00:00-04:00,0.5530608892440796,0.5530608892440796,0.5530608892440796,0.5530608892440796,0,0.0,0.0
2008-06-09 00:00:00-04:00,0.5317894220352173,0.5317894220352173,0.5317894220352173,0.5317894220352173,200,0.0,0.0
2008-06-10 00:00:00-04:00,0.5317894220352173,0.5317894220352173,0.5317894220352173,0.5317894220352173,0,0.0,0.0
2008-06-11 00:00:00-04:00,0.5317894220352173,0.5317894220352173,0.5317894220352173,0.5317894220352173,0,0.0,0.0
2008-06-12 00:00:00-04:00,0.5371073111840303,0.5371073111840303,0.5317894220352173,0.5317894220352173,7300,0.0,0.0
2008-06-13 00:00:00-04:00,0.5317894220352173,0.5317894220352173,0.5317894220352173,0.5317894220352173,0,0.0,0.0
2008-06-16 00:00:00-04:00,0.5317894220352173,0.5317894220352173,0.5317894220352173,0.5317894220352173,0,0.0,0.0
2008-06-17 00:00:00-04:00,0.5317894220352173,0.5317894220352173,0.5317894220352173,0.5317894220352173,0,0.0,0.0
2008-06-18 00:00:00-04:00,0.5317894220352173,0.5317894220352173,0.5317894220352173,0.5317894220352173,0,0.0,0.0
2008-06-19 00:00:00-04:00,0.50519994650812,0.50519994650812,0.42543154557946083,0.48924627900123596,17600,0.0,0.0
2008-06-20 00:00:00-04:00,0.45202096743688874,0.46797463297843933,0.45202096743688874,0.46797463297843933,2100,0.0,0.0
2008-06-23 00:00:00-04:00,0.4360671317809223,0.45202082395553594,0.4360671317809223,0.4520208239555359,500,0.0,0.0
2008-06-24 00:00:00-04:00,0.45202082395553594,0.45202082395553594,0.45202082395553594,0.4520208239555359,0,0.0,0.0
2008-06-25 00:00:00-04:00,0.5158356428146362,0.5158356428146362,0.5158356428146362,0.5158356428146362,100,0.0,0.0
2008-06-26 00:00:00-04:00,0.46797453933868727,0.4839282333850861,0.46797453933868727,0.48392823338508606,3400,0.0,0.0
2008-06-27 00:00:00-04:00,0.48924627900123596,0.48924627900123596,0.48924627900123596,0.48924627900123596,1500,0.0,0.0
2008-06-30 00:00:00-04:00,0.49988195300102234,0.49988195300102234,0.49456406494204014,0.49988195300102234,1200,0.0,0.0
2008-07-01 00:00:00-04:00,0.49988195300102234,0.49988195300102234,0.49988195300102234,0.49988195300102234,0,0.0,0.0
2008-07-02 00:00:00-04:00,0.49988195300102234,0.49988195300102234,0.49988195300102234,0.49988195300102234,0,0.0,0.0
2008-07-03 00:00:00-04:00,0.49988195300102234,0.49988195300102234,0.49988195300102234,0.49988195300102234,0,0.0,0.0
2008-07-07 00:00:00-04:00,0.46265664696693415,0.46265664696693415,0.46265664696693415,0.4626566469669342,100,0.0,0.0
2008-07-08 00:00:00-04:00,0.4573386907577514,0.4573386907577514,0.4573386907577514,0.45733869075775146,1000,0.0,0.0
2008-07-09 00:00:00-04:00,0.4573386907577514,0.4573386907577514,0.4573386907577514,0.45733869075775146,1300,0.0,0.0
2008-07-10 00:00:00-04:00,0.4573386907577514,0.4573386907577514,0.4573386907577514,0.45733869075775146,0,0.0,0.0
2008-07-11 00:00:00-04:00,0.4573386907577514,0.4573386907577514,0.4573386907577514,0.45733869075775146,0,0.0,0.0
2008-07-14 00:00:00-04:00,0.4573386907577514,0.4573386907577514,0.4573386907577514,0.45733869075775146,0,0.0,0.0
2008-07-15 00:00:00-04:00,0.4573386907577514,0.4573386907577514,0.4573386907577514,0.45733869075775146,0,0.0,0.0
2008-07-16 00:00:00-04:00,0.44670304656028753,0.44670304656028753,0.44670304656028753,0.4467030465602875,2000,0.0,0.0
2008-07-17 00:00:00-04:00,0.4413851201534271,0.4413851201534271,0.4413851201534271,0.4413851201534271,2200,0.0,0.0
2008-07-18 00:00:00-04:00,0.4413851201534271,0.4413851201534271,0.4413851201534271,0.4413851201534271,0,0.0,0.0
2008-07-21 00:00:00-04:00,0.4413851201534271,0.4413851201534271,0.4413851201534271,0.4413851201534271,0,0.0,0.0
2008-07-22 00:00:00-04:00,0.4413851201534271,0.4413851201534271,0.4413851201534271,0.4413851201534271,0,0.0,0.0
2008-07-23 00:00:00-04:00,0.4786102371297649,0.4786102371297649,0.4573386907577514,0.45733869075775146,2000,0.0,0.0
2008-07-24 00:00:00-04:00,0.4573386907577514,0.4573386907577514,0.4573386907577514,0.45733869075775146,0,0.0,0.0
2008-07-25 00:00:00-04:00,0.4573386907577514,0.4573386907577514,0.4573386907577514,0.45733869075775146,0,0.0,0.0
2008-07-28 00:00:00-04:00,0.4573386907577514,0.4573386907577514,0.4573386907577514,0.45733869075775146,0,0.0,0.0
2008-07-29 00:00:00-04:00,0.47329238057136536,0.47329238057136536,0.47329238057136536,0.47329238057136536,1300,0.0,0.0
2008-07-30 00:00:00-04:00,0.47329238057136536,0.47329238057136536,0.47329238057136536,0.47329238057136536,0,0.0,0.0
2008-07-31 00:00:00-04:00,0.47329238057136536,0.47329238057136536,0.47329238057136536,0.47329238057136536,0,0.0,0.0
2008-08-01 00:00:00-04:00,0.47329238057136536,0.47329238057136536,0.47329238057136536,0.47329238057136536,0,0.0,0.0
2008-08-04 00:00:00-04:00,0.5105177760124207,0.5105177760124207,0.5105177760124207,0.5105177760124207,2300,0.0,0.0
2008-08-05 00:00:00-04:00,0.5317893779973685,0.5849683284759521,0.5317893779973685,0.5849683284759521,1300,0.0,0.0
2008-08-06 00:00:00-04:00,0.5583786779137169,0.5583786779137169,0.5477429032325745,0.5477429032325745,4100,0.0,0.0
2008-08-07 00:00:00-04:00,0.5477429032325745,0.5477429032325745,0.5477429032325745,0.5477429032325745,0,0.0,0.0
2008-08-08 00:00:00-04:00,0.5051999688148499,0.5051999688148499,0.5051999688148499,0.5051999688148499,500,0.0,0.0
2008-08-11 00:00:00-04:00,0.5051999688148499,0.5051999688148499,0.5051999688148499,0.5051999688148499,0,0.0,0.0
2008-08-12 00:00:00-04:00,0.5051999688148499,0.5051999688148499,0.5051999688148499,0.5051999688148499,0,0.0,0.0
2008-08-13 00:00:00-04:00,0.5424250158920033,0.5477429032325745,0.5424250158920033,0.5477429032325745,1100,0.0,0.0
2008-08-14 00:00:00-04:00,0.5477430441226734,0.5849683284759521,0.5477430441226734,0.5849683284759521,2300,0.0,0.0
2008-08-15 00:00:00-04:00,0.5690144896507263,0.5690144896507263,0.5690144896507263,0.5690144896507263,1500,0.0,0.0
2008-08-18 00:00:00-04:00,0.5530607905731457,0.5530607905731457,0.5477429032325745,0.5477429032325745,4200,0.0,0.0
2008-08-19 00:00:00-04:00,0.5477429032325745,0.5477429032325745,0.5477429032325745,0.5477429032325745,0,0.0,0.0
2008-08-20 00:00:00-04:00,0.5477429032325745,0.5477429032325745,0.5477429032325745,0.5477429032325745,0,0.0,0.0
2008-08-21 00:00:00-04:00,0.5583787775334089,0.5583787775334089,0.5530608892440796,0.5530608892440796,4400,0.0,0.0
2008-08-22 00:00:00-04:00,0.5530608470806859,0.5849682377783846,0.5530608470806859,0.5636966228485107,17400,0.0,0.0
2008-08-25 00:00:00-04:00,0.5477430059076188,0.5477430059076188,0.5371072292327881,0.5371072292327881,8100,0.0,0.0
2008-08-26 00:00:00-04:00,0.5051998351245166,0.5158356428146362,0.4839282831385029,0.5158356428146362,11700,0.0,0.0
2008-08-27 00:00:00-04:00,0.5051998410600046,0.5051998410600046,0.49456406494204014,0.49988195300102234,22000,0.0,0.0
2008-08-28 00:00:00-04:00,0.49988195300102234,0.49988195300102234,0.49988195300102234,0.49988195300102234,0,0.0,0.0
2008-08-29 00:00:00-04:00,0.49988195300102234,0.49988195300102234,0.49988195300102234,0.49988195300102234,0,0.0,0.0
2008-09-02 00:00:00-04:00,0.5317894220352173,0.5317894220352173,0.5317894220352173,0.5317894220352173,1000,0.0,0.0
2008-09-03 00:00:00-04:00,0.5424252263383523,0.5424252263383523,0.5051999688148499,0.5051999688148499,8200,0.0,0.0
2008-09-04 00:00:00-04:00,0.5317892412108609,0.5477429032325745,0.5317892412108609,0.5477429032325745,3000,0.0,0.0
2008-09-05 00:00:00-04:00,0.5317893408953728,0.5424251175702035,0.5264714525579575,0.5371072292327881,6900,0.0,0.0
2008-09-08 00:00:00-04:00,0.531789436654286,0.5424252152442932,0.5158357687692753,0.5424252152442932,14700,0.0,0.0
2008-09-09 00:00:00-04:00,0.5158355791891474,0.5477429032325745,0.5158355791891474,0.5477429032325745,6700,0.0,0.0
2008-09-10 00:00:00-04:00,0.5477431045392968,0.5477431045392968,0.5424252152442932,0.5424252152442932,6400,0.0,0.0
2008-09-11 00:00:00-04:00,0.5796503498944722,0.5796503498944722,0.5371071834289486,0.5636966228485107,1700,0.0,0.0
2008-09-12 00:00:00-04:00,0.5530607649732557,0.5690144896507263,0.5051997494263807,0.5690144896507263,2000,0.0,0.0
2008-09-15 00:00:00-04:00,0.5690144896507263,0.5690144896507263,0.5690144896507263,0.5690144896507263,0,0.0,0.0
2008-09-16 00:00:00-04:00,0.531789436654286,0.558378883129304,0.531789436654286,0.5424252152442932,4700,0.0,0.0
2008-09-17 00:00:00-04:00,0.5424252152442932,0.558378883129304,0.531789436654286,0.5424252152442932,38400,0.0,0.0
2008-09-18 00:00:00-04:00,0.5636967839534274,0.5690147367514384,0.5051999688148499,0.5051999688148499,2600,0.0,0.0
2008-09-19 00:00:00-04:00,0.5105178477771513,0.5424252152442932,0.5105178477771513,0.5424252152442932,3200,0.0,0.0
2008-09-22 00:00:00-04:00,0.5371072243760917,0.5530608892440796,0.5158356712187745,0.5530608892440796,10800,0.0,0.0
2008-09-23 00:00:00-04:00,0.5477429032325745,0.5477429032325745,0.5317892412108609,0.5477429032325745,5100,0.0,0.0
2008-09-24 00:00:00-04:00,0.5264715328864042,0.5317894220352173,0.5264715328864042,0.5317894220352173,1300,0.0,0.0
2008-09-25 00:00:00-04:00,0.531789436654286,0.5424252152442932,0.531789436654286,0.5424252152442932,3800,0.0,0.0
2008-09-26 00:00:00-04:00,0.5477429032325745,0.5477429032325745,0.5477429032325745,0.5477429032325745,2000,0.0,0.0
2008-09-29 00:00:00-04:00,0.5477429032325745,0.5477429032325745,0.5477429032325745,0.5477429032325745,0,0.0,0.0
2008-09-30 00:00:00-04:00,0.5051998351245166,0.5158356428146362,0.45733881145887306,0.5158356428146362,64200,0.0,0.0
2008-10-01 00:00:00-04:00,0.45202090507956877,0.5211535096168518,0.44670298560222194,0.5211535096168518,17600,0.0,0.0
2008-10-02 00:00:00-04:00,0.4467029142219064,0.5158355394093422,0.31907353279929485,0.47329238057136536,62200,0.0,0.0
2008-10-03 00:00:00-04:00,0.4147955970340187,0.46797453436012276,0.3882061600680758,0.4626566469669342,7000,0.0,0.0
2008-10-06 00:00:00-04:00,0.42543160915374756,0.4307494991173867,0.42543160915374756,0.42543160915374756,2200,0.0,0.0
2008-10-07 00:00:00-04:00,0.4413852790446649,0.4413852790446649,0.37225264612310743,0.42543160915374756,24000,0.0,0.0
2008-10-08 00:00:00-04:00,0.36161684112570014,0.425431579659478,0.36161684112570014,0.3775705099105835,700,0.0,0.0
2008-10-09 00:00:00-04:00,0.3828883171081543,0.3828883171081543,0.3828883171081543,0.3828883171081543,300,0.0,0.0
2008-10-10 00:00:00-04:00,0.3775705099105835,0.3775705099105835,0.3775705099105835,0.3775705099105835,300,0.0,0.0
2008-10-13 00:00:00-04:00,0.42011356487748386,0.42011356487748386,0.3828883171081543,0.3828883171081543,1100,0.0,0.0
2008-10-14 00:00:00-04:00,0.3775705099105835,0.3775705099105835,0.3775705099105835,0.3775705099105835,400,0.0,0.0
2008-10-15 00:00:00-04:00,0.3775705099105835,0.3775705099105835,0.3775705099105835,0.3775705099105835,0,0.0,0.0
2008-10-16 00:00:00-04:00,0.3775705099105835,0.3775705099105835,0.3775705099105835,0.3775705099105835,400,0.0,0.0
2008-10-17 00:00:00-04:00,0.3775705099105835,0.3775705099105835,0.3775705099105835,0.3775705099105835,0,0.0,0.0
2008-10-20 00:00:00-04:00,0.3828884577475101,0.42543160915374756,0.3616168661958292,0.42543160915374756,5600,0.0,0.0
2008-10-21 00:00:00-04:00,0.4520209190808709,0.4520209190808709,0.43606722354888916,0.43606722354888916,300,0.0,0.0
2008-10-22 00:00:00-04:00,0.43606722354888916,0.43606722354888916,0.43606722354888916,0.43606722354888916,0,0.0,0.0
2008-10-23 00:00:00-04:00,0.3669347132986237,0.4094778597354889,0.3669347132986237,0.4094778597354889,6700,0.0,0.0
2008-10-24 00:00:00-04:00,0.3616167521746455,0.3616167521746455,0.3297093907563793,0.35629886388778687,4100,0.0,0.0
2008-10-27 00:00:00-04:00,0.35629886388778687,0.35629886388778687,0.35629886388778687,0.35629886388778687,0,0.0,0.0
2008-10-28 00:00:00-04:00,0.3297094145985884,0.4201136171039088,0.3297094145985884,0.4147956967353821,14900,0.0,0.0
2008-10-29 00:00:00-04:00,0.3722525238990784,0.3722525238990784,0.3722525238990784,0.37225252389907837,1400,0.0,0.0
2008-10-30 00:00:00-04:00,0.4254314476589763,0.43606722354888916,0.4254314476589763,0.43606722354888916,5700,0.0,0.0
2008-10-31 00:00:00-04:00,0.4201137191901084,0.4307494991173867,0.4201137191901084,0.42543160915374756,4400,0.0,0.0
2008-11-03 00:00:00-05:00,0.345663085815365,0.3988420367240906,0.345663085815365,0.3988420367240906,600,0.0,0.0
2008-11-04 00:00:00-05:00,0.3775705099105835,0.3775705099105835,0.3775705099105835,0.3775705099105835,1200,0.0,0.0
2008-11-05 00:00:00-05:00,0.42011356487748386,0.42011356487748386,0.3775703974007248,0.3828883171081543,4800,0.0,0.0
2008-11-06 00:00:00-05:00,0.3775705099105835,0.3775705099105835,0.3775705099105835,0.3775705099105835,100,0.0,0.0
2008-11-07 00:00:00-05:00,0.3775705099105835,0.3775705099105835,0.3775705099105835,0.3775705099105835,2000,0.0,0.0
2008-11-10 00:00:00-05:00,0.3775705099105835,0.3775705099105835,0.3775705099105835,0.3775705099105835,200,0.0,0.0
2008-11-11 00:00:00-05:00,0.3775705099105835,0.3775705099105835,0.3775705099105835,0.3775705099105835,0,0.0,0.0
2008-11-12 00:00:00-05:00,0.3988420367240906,0.3988420367240906,0.3988420367240906,0.3988420367240906,3000,0.0,0.0
2008-11-13 00:00:00-05:00,0.3775705099105835,0.3775705099105835,0.3775705099105835,0.3775705099105835,1800,0.0,0.0
2008-11-14 00:00:00-05:00,0.3562988427190941,0.372252506631819,0.345663035080165,0.36161673069000244,14300,0.0,0.0
2008-11-17 00:00:00-05:00,0.3243913948535919,0.3243913948535919,0.3243913948535919,0.3243913948535919,1000,0.0,0.0
2008-11-18 00:00:00-05:00,0.3243913948535919,0.3243913948535919,0.3243913948535919,0.3243913948535919,0,0.0,0.0
2008-11-19 00:00:00-05:00,0.3243913948535919,0.3243913948535919,0.3243913948535919,0.3243913948535919,1500,0.0,0.0
2008-11-20 00:00:00-05:00,0.2765304446220398,0.2765304446220398,0.2765304446220398,0.2765304446220398,100,0.0,0.0
2008-11-21 00:00:00-05:00,0.3297094106674194,0.3297094106674194,0.3297094106674194,0.32970941066741943,2000,0.0,0.0
2008-11-24 00:00:00-05:00,0.3297094106674194,0.3297094106674194,0.3297094106674194,0.32970941066741943,100,0.0,0.0
2008-11-25 00:00:00-05:00,0.28716626763343817,0.28716626763343817,0.28716626763343817,0.2871662676334381,100,0.0,0.0
2008-11-26 00:00:00-05:00,0.3509809756009283,0.35629886388778687,0.3509809756009283,0.35629886388778687,1200,0.0,0.0
2008-11-28 00:00:00-05:00,0.35629886388778687,0.35629886388778687,0.35629886388778687,0.35629886388778687,0,0.0,0.0
2008-12-01 00:00:00-05:00,0.29780205294641104,0.29780205294641104,0.2924841642379761,0.2924841642379761,200,0.0,0.0
2008-12-02 00:00:00-05:00,0.3562988554440822,0.3562988554440822,0.3509809672832489,0.3509809672832489,300,0.0,0.0
2008-12-03 00:00:00-05:00,0.34566304742530185,0.3509809672832489,0.30311991044152176,0.3509809672832489,22100,0.0,0.0
2008-12-04 00:00:00-05:00,0.3509809672832489,0.3509809672832489,0.29248413411985513,0.3509809672832489,4700,0.0,0.0
2008-12-05 00:00:00-05:00,0.2978020222806884,0.3509809672832489,0.2978020222806884,0.3509809672832489,400,0.0,0.0
2008-12-08 00:00:00-05:00,0.2978020222806884,0.3509809672832489,0.2978020222806884,0.3509809672832489,8400,0.0,0.0
2008-12-09 00:00:00-05:00,0.3509809672832489,0.3509809672832489,0.3509809672832489,0.3509809672832489,0,0.0,0.0
2008-12-10 00:00:00-05:00,0.3775705099105835,0.3775705099105835,0.3775705099105835,0.3775705099105835,200,0.0,0.0
2008-12-11 00:00:00-05:00,0.3775705099105835,0.3775705099105835,0.3775705099105835,0.3775705099105835,0,0.0,0.0
2008-12-12 00:00:00-05:00,0.3882061839103699,0.3882061839103699,0.3882061839103699,0.3882061839103699,100,0.0,0.0
2008-12-15 00:00:00-05:00,0.3722525238990784,0.3722525238990784,0.3722525238990784,0.37225252389907837,500,0.0,0.0
2008-12-16 00:00:00-05:00,0.33502729284449456,0.44670304656028753,0.33502729284449456,0.4467030465602875,7100,0.0,0.0
2008-12-17 00:00:00-05:00,0.44670304656028753,0.44670304656028753,0.44670304656028753,0.4467030465602875,0,0.0,0.0
2008-12-18 00:00:00-05:00,0.44670304656028753,0.44670304656028753,0.44670304656028753,0.4467030465602875,0,0.0,0.0
2008-12-19 00:00:00-05:00,0.4520209862289544,0.4520209862289544,0.33502730727195745,0.3350273072719574,6500,0.0,0.0
2008-12-22 00:00:00-05:00,0.34566310048103327,0.34566310048103327,0.34566310048103327,0.3456631004810333,5100,0.0,0.0
2008-12-23 00:00:00-05:00,0.3775703728204499,0.3775703728204499,0.366934597492218,0.366934597492218,600,0.0,0.0
2008-12-24 00:00:00-05:00,0.366934597492218,0.366934597492218,0.366934597492218,0.366934597492218,0,0.0,0.0
2008-12-26 00:00:00-05:00,0.366934597492218,0.366934597492218,0.366934597492218,0.366934597492218,0,0.0,0.0
2008-12-29 00:00:00-05:00,0.3031199063577569,0.30843779444694525,0.3031199063577569,0.3084377944469452,600,0.0,0.0
2008-12-30 00:00:00-05:00,0.319073692668889,0.3775705099105835,0.319073692668889,0.3775705099105835,4300,0.0,0.0
2008-12-31 00:00:00-05:00,0.3775705099105835,0.3775705099105835,0.3775705099105835,0.3775705099105835,9900,0.0,0.0
2009-01-02 00:00:00-05:00,0.3775705099105835,0.3775705099105835,0.3775705099105835,0.3775705099105835,0,0.0,0.0
2009-01-05 00:00:00-05:00,0.3882061839103699,0.3882061839103699,0.3882061839103699,0.3882061839103699,300,0.0,0.0
2009-01-06 00:00:00-05:00,0.39352414011955256,0.39352414011955256,0.39352414011955256,0.3935241401195526,300,0.0,0.0
2009-01-07 00:00:00-05:00,0.3775705099105835,0.3775705099105835,0.3775705099105835,0.3775705099105835,13100,0.0,0.0
2009-01-08 00:00:00-05:00,0.37225248515633397,0.37225248515633397,0.32439146448217976,0.366934597492218,9800,0.0,0.0
2009-01-09 00:00:00-05:00,0.366934597492218,0.366934597492218,0.366934597492218,0.366934597492218,0,0.0,0.0
2009-01-12 00:00:00-05:00,0.3775705099105835,0.3775705099105835,0.3775705099105835,0.3775705099105835,100,0.0,0.0
2009-01-13 00:00:00-05:00,0.3775705099105835,0.3775705099105835,0.3775705099105835,0.3775705099105835,0,0.0,0.0
2009-01-14 00:00:00-05:00,0.37757046604059935,0.37757046604059935,0.34566310048103327,0.3456631004810333,300,0.0,0.0
2009-01-15 00:00:00-05:00,0.34566310048103327,0.34566310048103327,0.34566310048103327,0.3456631004810333,0,0.0,0.0
2009-01-16 00:00:00-05:00,0.34566310048103327,0.34566310048103327,0.34566310048103327,0.3456631004810333,0,0.0,0.0
2009-01-20 00:00:00-05:00,0.34566310048103327,0.34566310048103327,0.34566310048103327,0.3456631004810333,0,0.0,0.0
2009-01-21 00:00:00-05:00,0.366934597492218,0.366934597492218,0.366934597492218,0.366934597492218,100,0.0,0.0
2009-01-22 00:00:00-05:00,0.366934597492218,0.366934597492218,0.366934597492218,0.366934597492218,100,0.0,0.0
2009-01-23 00:00:00-05:00,0.366934597492218,0.366934597492218,0.366934597492218,0.366934597492218,0,0.0,0.0
2009-01-26 00:00:00-05:00,0.366934597492218,0.366934597492218,0.366934597492218,0.366934597492218,100,0.0,0.0
2009-01-27 00:00:00-05:00,0.3669345187320142,0.3669345187320142,0.3243913948535919,0.3243913948535919,5000,0.0,0.0
2009-01-28 00:00:00-05:00,0.3669345187320142,0.3669345187320142,0.3243913948535919,0.3243913948535919,1200,0.0,0.0
2009-01-29 00:00:00-05:00,0.3509809672832489,0.3509809672832489,0.3509809672832489,0.3509809672832489,100,0.0,0.0
2009-01-30 00:00:00-05:00,0.366934597492218,0.366934597492218,0.366934597492218,0.366934597492218,100,0.0,0.0
2009-02-02 00:00:00-05:00,0.39352414011955256,0.39352414011955256,0.39352414011955256,0.3935241401195526,300,0.0,0.0
2009-02-03 00:00:00-05:00,0.39352414011955256,0.39352414011955256,0.39352414011955256,0.3935241401195526,0,0.0,0.0
2009-02-04 00:00:00-05:00,0.39352414011955256,0.39352414011955256,0.39352414011955256,0.3935241401195526,0,0.0,0.0
2009-02-05 00:00:00-05:00,0.39352414011955256,0.39352414011955256,0.39352414011955256,0.3935241401195526,0,0.0,0.0
2009-02-06 00:00:00-05:00,0.39352414011955256,0.39352414011955256,0.39352414011955256,0.3935241401195526,0,0.0,0.0
2009-02-09 00:00:00-05:00,0.39352414011955256,0.39352414011955256,0.39352414011955256,0.3935241401195526,0,0.0,0.0
2009-02-10 00:00:00-05:00,0.366934597492218,0.366934597492218,0.366934597492218,0.366934597492218,100,0.0,0.0
2009-02-11 00:00:00-05:00,0.366934597492218,0.366934597492218,0.366934597492218,0.366934597492218,0,0.0,0.0
2009-02-12 00:00:00-05:00,0.366934597492218,0.366934597492218,0.366934597492218,0.366934597492218,0,0.0,0.0
2009-02-13 00:00:00-05:00,0.3669345187320142,0.3669345187320142,0.3243913948535919,0.3243913948535919,200,0.0,0.0
2009-02-17 00:00:00-05:00,0.3243913948535919,0.3243913948535919,0.3243913948535919,0.3243913948535919,0,0.0,0.0
2009-02-18 00:00:00-05:00,0.366934597492218,0.366934597492218,0.366934597492218,0.366934597492218,100,0.0,0.0
2009-02-19 00:00:00-05:00,0.366934597492218,0.366934597492218,0.366934597492218,0.366934597492218,100,0.0,0.0
2009-02-20 00:00:00-05:00,0.366934597492218,0.366934597492218,0.366934597492218,0.366934597492218,0,0.0,0.0
2009-02-23 00:00:00-05:00,0.366934597492218,0.366934597492218,0.366934597492218,0.366934597492218,100,0.0,0.0
2009-02-24 00:00:00-05:00,0.366934597492218,0.366934597492218,0.366934597492218,0.366934597492218,0,0.0,0.0
2009-02-25 00:00:00-05:00,0.366934597492218,0.366934597492218,0.366934597492218,0.366934597492218,0,0.0,0.0
2009-02-26 00:00:00-05:00,0.366934597492218,0.366934597492218,0.366934597492218,0.366934597492218,0,0.0,0.0
2009-02-27 00:00:00-05:00,0.366934597492218,0.366934597492218,0.3562988221639861,0.366934597492218,400,0.0,0.0
2009-03-02 00:00:00-05:00,0.3243913948535919,0.3243913948535919,0.3243913948535919,0.3243913948535919,100,0.0,0.0
2009-03-03 00:00:00-05:00,0.34566310048103327,0.34566310048103327,0.34566310048103327,0.3456631004810333,200,0.0,0.0
2009-03-04 00:00:00-05:00,0.34566310048103327,0.34566310048103327,0.34566310048103327,0.3456631004810333,0,0.0,0.0
2009-03-05 00:00:00-05:00,0.2924841642379761,0.2924841642379761,0.2924841642379761,0.2924841642379761,200,0.0,0.0
2009-03-06 00:00:00-05:00,0.2924841642379761,0.2924841642379761,0.2924841642379761,0.2924841642379761,0,0.0,0.0
2009-03-09 00:00:00-04:00,0.2924841642379761,0.2924841642379761,0.2924841642379761,0.2924841642379761,0,0.0,0.0
2009-03-10 00:00:00-04:00,0.3190736174583435,0.3190736174583435,0.3190736174583435,0.3190736174583435,2500,0.0,0.0
2009-03-11 00:00:00-04:00,0.3190736174583435,0.3190736174583435,0.3190736174583435,0.3190736174583435,0,0.0,0.0
2009-03-12 00:00:00-04:00,0.32439150579979675,0.32439150579979675,0.3190736174583435,0.3190736174583435,5000,0.0,0.0
2009-03-13 00:00:00-04:00,0.3243913948535919,0.3243913948535919,0.3243913948535919,0.3243913948535919,5900,0.0,0.0
2009-03-16 00:00:00-04:00,0.3243913948535919,0.3243913948535919,0.3243913948535919,0.3243913948535919,0,0.0,0.0
2009-03-17 00:00:00-04:00,0.3243913948535919,0.3243913948535919,0.3243913948535919,0.3243913948535919,0,0.0,0.0
2009-03-18 00:00:00-04:00,0.35629886388778687,0.35629886388778687,0.35629886388778687,0.35629886388778687,100,0.0,0.0
2009-03-19 00:00:00-04:00,0.35629886388778687,0.35629886388778687,0.35629886388778687,0.35629886388778687,0,0.0,0.0
2009-03-20 00:00:00-04:00,0.35629886388778687,0.35629886388778687,0.35629886388778687,0.35629886388778687,0,0.0,0.0
2009-03-23 00:00:00-04:00,0.35629886388778687,0.35629886388778687,0.35629886388778687,0.35629886388778687,0,0.0,0.0
2009-03-24 00:00:00-04:00,0.35629886388778687,0.35629886388778687,0.35629886388778687,0.35629886388778687,0,0.0,0.0
2009-03-25 00:00:00-04:00,0.42011350393295294,0.42011350393295294,0.42011350393295294,0.4201135039329529,200,0.0,0.0
2009-03-26 00:00:00-04:00,0.34566310048103327,0.34566310048103327,0.34566310048103327,0.3456631004810333,5000,0.0,0.0
2009-03-27 00:00:00-04:00,0.2924841642379761,0.2924841642379761,0.2924841642379761,0.2924841642379761,1400,0.0,0.0
2009-03-30 00:00:00-04:00,0.2924841642379761,0.2924841642379761,0.2924841642379761,0.2924841642379761,0,0.0,0.0
2009-03-31 00:00:00-04:00,0.2924841642379761,0.2924841642379761,0.2924841642379761,0.2924841642379761,0,0.0,0.0
2009-04-01 00:00:00-04:00,0.3243913948535919,0.3243913948535919,0.3243913948535919,0.3243913948535919,200,0.0,0.0
2009-04-02 00:00:00-04:00,0.3243913948535919,0.3243913948535919,0.3243913948535919,0.3243913948535919,0,0.0,0.0
2009-04-03 00:00:00-04:00,0.3243913948535919,0.3243913948535919,0.3243913948535919,0.3243913948535919,0,0.0,0.0
2009-04-06 00:00:00-04:00,0.3243913948535919,0.3243913948535919,0.3243913948535919,0.3243913948535919,0,0.0,0.0
2009-04-07 00:00:00-04:00,0.32970940782824215,0.32970940782824215,0.28716626763343817,0.2871662676334381,400,0.0,0.0
2009-04-08 00:00:00-04:00,0.28716626763343817,0.28716626763343817,0.28716626763343817,0.2871662676334381,0,0.0,0.0
2009-04-09 00:00:00-04:00,0.36693467251827866,0.3988420367240906,0.36693467251827866,0.3988420367240906,10000,0.0,0.0
2009-04-13 00:00:00-04:00,0.42011367011754575,0.42543155946001376,0.4094778597354889,0.4094778597354889,10900,0.0,0.0
2009-04-14 00:00:00-04:00,0.4094778597354889,0.4094778597354889,0.4094778597354889,0.4094778597354889,100,0.0,0.0
2009-04-15 00:00:00-04:00,0.3828883171081543,0.3828883171081543,0.3828883171081543,0.3828883171081543,200,0.0,0.0
2009-04-16 00:00:00-04:00,0.3828883171081543,0.3828883171081543,0.3828883171081543,0.3828883171081543,0,0.0,0.0
2009-04-17 00:00:00-04:00,0.3828883171081543,0.3828883171081543,0.3828883171081543,0.3828883171081543,0,0.0,0.0
2009-04-20 00:00:00-04:00,0.3828883171081543,0.3828883171081543,0.3828883171081543,0.3828883171081543,100,0.0,0.0
2009-04-21 00:00:00-04:00,0.34566295381664225,0.34566295381664225,0.2924840549125231,0.2978019416332245,10000,0.0,0.0
2009-04-22 00:00:00-04:00,0.372252506631819,0.372252506631819,0.3297093711674401,0.36161673069000244,2300,0.0,0.0
2009-04-23 00:00:00-04:00,0.33502730727195745,0.33502730727195745,0.33502730727195745,0.3350273072719574,900,0.0,0.0
2009-04-24 00:00:00-04:00,0.335027274678882,0.3722525238990784,0.335027274678882,0.37225252389907837,200,0.0,0.0
2009-04-27 00:00:00-04:00,0.33502730727195745,0.33502730727195745,0.33502730727195745,0.3350273072719574,1000,0.0,0.0
2009-04-28 00:00:00-04:00,0.3350272563452767,0.34034514427185053,0.3350272563452767,0.3403451442718506,1300,0.0,0.0
2009-04-29 00:00:00-04:00,0.34034514427185053,0.34034514427185053,0.34034514427185053,0.3403451442718506,0,0.0,0.0
2009-04-30 00:00:00-04:00,0.34034514427185053,0.34034514427185053,0.34034514427185053,0.3403451442718506,0,0.0,0.0
2009-05-01 00:00:00-04:00,0.34034514427185053,0.34034514427185053,0.34034514427185053,0.3403451442718506,0,0.0,0.0
2009-05-04 00:00:00-04:00,0.37225262031562234,0.3775705099105835,0.37225262031562234,0.3775705099105835,1700,0.0,0.0
2009-05-05 00:00:00-04:00,0.3456629455162631,0.4573386907577514,0.3456629455162631,0.45733869075775146,21700,0.0,0.0
2009-05-06 00:00:00-04:00,0.49988202006889215,0.5264714956283569,0.3828883719832114,0.5264714956283569,4500,0.0,0.0
2009-05-07 00:00:00-04:00,0.5264714956283569,0.5264714956283569,0.5264714956283569,0.5264714956283569,0,0.0,0.0
2009-05-08 00:00:00-04:00,0.5264714956283569,0.5264714956283569,0.5264714956283569,0.5264714956283569,0,0.0,0.0
2009-05-11 00:00:00-04:00,0.5264714956283569,0.5264714956283569,0.5264714956283569,0.5264714956283569,0,0.0,0.0
2009-05-12 00:00:00-04:00,0.41479577221137337,0.41479577221137337,0.4041599929332733,0.4041599929332733,1200,0.0,0.0
2009-05-13 00:00:00-04:00,0.4041599929332733,0.4041599929332733,0.4041599929332733,0.4041599929332733,0,0.0,0.0
2009-05-14 00:00:00-04:00,0.45202082395553594,0.48392817660765736,0.45202082395553594,0.4520208239555359,3000,0.0,0.0
2009-05-15 00:00:00-04:00,0.49988204378607526,0.505199932810855,0.4786104559898376,0.47861045598983765,3400,0.0,0.0
2009-05-18 00:00:00-04:00,0.47861025808471563,0.47861025808471563,0.45202082395553594,0.4520208239555359,6300,0.0,0.0
2009-05-19 00:00:00-04:00,0.45202082395553594,0.45202082395553594,0.4467029054325942,0.4520208239555359,13300,0.0,0.0
2009-05-20 00:00:00-04:00,0.45202082395553594,0.45202082395553594,0.45202082395553594,0.4520208239555359,4100,0.0,0.0
2009-05-21 00:00:00-04:00,0.4413851201534271,0.4413851201534271,0.4413851201534271,0.4413851201534271,100,0.0,0.0
2009-05-22 00:00:00-04:00,0.45202087218055703,0.46265664696693415,0.45202087218055703,0.4626566469669342,7900,0.0,0.0
2009-05-26 00:00:00-04:00,0.46265664696693415,0.46265664696693415,0.46265664696693415,0.4626566469669342,0,0.0,0.0
2009-05-27 00:00:00-04:00,0.46265664696693415,0.46265664696693415,0.46265664696693415,0.4626566469669342,0,0.0,0.0
2009-05-28 00:00:00-04:00,0.46265664696693415,0.46265664696693415,0.46265664696693415,0.4626566469669342,0,0.0,0.0
2009-05-29 00:00:00-04:00,0.45202082395553594,0.45202082395553594,0.45202082395553594,0.4520208239555359,200,0.0,0.0
2009-06-01 00:00:00-04:00,0.42543160915374756,0.42543160915374756,0.42543160915374756,0.42543160915374756,1700,0.0,0.0
2009-06-02 00:00:00-04:00,0.45202082395553594,0.45202082395553594,0.45202082395553594,0.4520208239555359,2100,0.0,0.0
2009-06-03 00:00:00-04:00,0.45202082395553594,0.45202082395553594,0.45202082395553594,0.4520208239555359,0,0.0,0.0
2009-06-04 00:00:00-04:00,0.45202082395553594,0.45202082395553594,0.45202082395553594,0.4520208239555359,0,0.0,0.0
2009-06-05 00:00:00-04:00,0.4413851201534271,0.4413851201534271,0.4413851201534271,0.4413851201534271,200,0.0,0.0
2009-06-08 00:00:00-04:00,0.4254314979750888,0.44138516369681047,0.4254314979750888,0.43074938654899597,8400,0.0,0.0
2009-06-09 00:00:00-04:00,0.49456402659416193,0.49456402659416193,0.49456402659416193,0.494564026594162,200,0.0,0.0
2009-06-10 00:00:00-04:00,0.49456402659416193,0.49456402659416193,0.49456402659416193,0.494564026594162,0,0.0,0.0
2009-06-11 00:00:00-04:00,0.49988195300102234,0.49988195300102234,0.4360672328990099,0.49988195300102234,9700,0.0,0.0
2009-06-12 00:00:00-04:00,0.49988195300102234,0.49988195300102234,0.49988195300102234,0.49988195300102234,0,0.0,0.0
2009-06-15 00:00:00-04:00,0.5583786964416504,0.5583786964416504,0.5583786964416504,0.5583786964416504,400,0.0,0.0
2009-06-16 00:00:00-04:00,0.5583786964416504,0.5583786964416504,0.5583786964416504,0.5583786964416504,0,0.0,0.0
2009-06-17 00:00:00-04:00,0.5583786964416504,0.5583786964416504,0.5583786964416504,0.5583786964416504,0,0.0,0.0
2009-06-18 00:00:00-04:00,0.5583786964416504,0.5583786964416504,0.5583786964416504,0.5583786964416504,0,0.0,0.0
2009-06-19 00:00:00-04:00,0.5583786964416504,0.5583786964416504,0.5583786964416504,0.5583786964416504,0,0.0,0.0
2009-06-22 00:00:00-04:00,0.5264713841711115,0.5264713841711115,0.45202089372393284,0.494564026594162,4200,0.0,0.0
2009-06-23 00:00:00-04:00,0.49456402659416193,0.49456402659416193,0.49456402659416193,0.494564026594162,0,0.0,0.0
2009-06-24 00:00:00-04:00,0.5424249396400141,0.5796502091852466,0.4573386907577514,0.45733869075775146,21400,0.0,0.0
2009-06-25 00:00:00-04:00,0.4573386907577514,0.4573386907577514,0.4573386907577514,0.45733869075775146,0,0.0,0.0
2009-06-26 00:00:00-04:00,0.4573386907577514,0.4573386907577514,0.4573386907577514,0.45733869075775146,0,0.0,0.0
2009-06-29 00:00:00-04:00,0.5264712798610041,0.5264712798610041,0.4573386907577514,0.45733869075775146,700,0.0,0.0
2009-06-30 00:00:00-04:00,0.4573386907577514,0.4573386907577514,0.4573386907577514,0.45733869075775146,0,0.0,0.0
2009-07-01 00:00:00-04:00,0.4573386907577514,0.4573386907577514,0.4573386907577514,0.45733869075775146,0,0.0,0.0
2009-07-02 00:00:00-04:00,0.4573386907577514,0.4573386907577514,0.4573386907577514,0.45733869075775146,0,0.0,0.0
2009-07-06 00:00:00-04:00,0.4573386907577514,0.4573386907577514,0.4573386907577514,0.45733869075775146,0,0.0,0.0
2009-07-07 00:00:00-04:00,0.4573386907577514,0.4573386907577514,0.4573386907577514,0.45733869075775146,1000,0.0,0.0
2009-07-08 00:00:00-04:00,0.5264714956283569,0.5264714956283569,0.5264714956283569,0.5264714956283569,1600,0.0,0.0
2009-07-09 00:00:00-04:00,0.5211535096168518,0.5211535096168518,0.5211535096168518,0.5211535096168518,2000,0.0,0.0
2009-07-10 00:00:00-04:00,0.45733881683205174,0.49988195300102234,0.44138512095799204,0.49988195300102234,8000,0.0,0.0
2009-07-13 00:00:00-04:00,0.44138502729143586,0.47329238057136536,0.44138502729143586,0.47329238057136536,2700,0.0,0.0
2009-07-14 00:00:00-04:00,0.4786105404872632,0.4786105404872632,0.42543160915374756,0.42543160915374756,1100,0.0,0.0
2009-07-15 00:00:00-04:00,0.4786104559898376,0.4786104559898376,0.4786104559898376,0.47861045598983765,2600,0.0,0.0
2009-07-16 00:00:00-04:00,0.4786104559898376,0.4786104559898376,0.4786104559898376,0.47861045598983765,0,0.0,0.0
2009-07-17 00:00:00-04:00,0.4786104559898376,0.4786104559898376,0.4786104559898376,0.47861045598983765,1500,0.0,0.0
2009-07-20 00:00:00-04:00,0.4786104559898376,0.4786104559898376,0.4786104559898376,0.47861045598983765,3000,0.0,0.0
2009-07-21 00:00:00-04:00,0.4786104559898376,0.4786104559898376,0.4786104559898376,0.47861045598983765,2300,0.0,0.0
2009-07-22 00:00:00-04:00,0.44670304656028753,0.44670304656028753,0.44670304656028753,0.4467030465602875,800,0.0,0.0
2009-07-23 00:00:00-04:00,0.44670304656028753,0.44670304656028753,0.44670304656028753,0.4467030465602875,0,0.0,0.0
2009-07-24 00:00:00-04:00,0.44670304656028753,0.44670304656028753,0.44670304656028753,0.4467030465602875,0,0.0,0.0
2009-07-27 00:00:00-04:00,0.4786104559898376,0.4786104559898376,0.4679746779402782,0.47861045598983765,14800,0.0,0.0
2009-07-28 00:00:00-04:00,0.4786104900988849,0.5317894475308148,0.4786104900988849,0.5051999688148499,17800,0.0,0.0
2009-07-29 00:00:00-04:00,0.5051999688148499,0.5051999688148499,0.5051999688148499,0.5051999688148499,0,0.0,0.0
2009-07-30 00:00:00-04:00,0.5051999688148499,0.5051999688148499,0.5051999688148499,0.5051999688148499,0,0.0,0.0
2009-07-31 00:00:00-04:00,0.5051999445940325,0.5317894220352173,0.5051999445940325,0.5317894220352173,6500,0.0,0.0
2009-08-03 00:00:00-04:00,0.5317894220352173,0.5317894220352173,0.5317894220352173,0.5317894220352173,0,0.0,0.0
2009-08-04 00:00:00-04:00,0.5317894220352173,0.5317894220352173,0.5317894220352173,0.5317894220352173,0,0.0,0.0
2009-08-05 00:00:00-04:00,0.5051999445940325,0.5317894220352173,0.5051999445940325,0.5317894220352173,5200,0.0,0.0
2009-08-06 00:00:00-04:00,0.5317894220352173,0.5317894220352173,0.5317894220352173,0.5317894220352173,0,0.0,0.0
2009-08-07 00:00:00-04:00,0.5264714956283569,0.5264714956283569,0.5264714956283569,0.5264714956283569,4000,0.0,0.0
2009-08-10 00:00:00-04:00,0.4786104559898376,0.4786104559898376,0.4786104559898376,0.47861045598983765,200,0.0,0.0
2009-08-11 00:00:00-04:00,0.4786104559898376,0.4786104559898376,0.4786104559898376,0.47861045598983765,0,0.0,0.0
2009-08-12 00:00:00-04:00,0.4786104559898376,0.4786104559898376,0.4786104559898376,0.47861045598983765,0,0.0,0.0
2009-08-13 00:00:00-04:00,0.4786104559898376,0.4786104559898376,0.4786104559898376,0.47861045598983765,0,0.0,0.0
2009-08-14 00:00:00-04:00,0.4786104559898376,0.4786104559898376,0.4786104559898376,0.47861045598983765,0,0.0,0.0
2009-08-17 00:00:00-04:00,0.47861046896619364,0.48924627900123596,0.47861046896619364,0.48924627900123596,5300,0.0,0.0
2009-08-18 00:00:00-04:00,0.48924627900123596,0.48924627900123596,0.48924627900123596,0.48924627900123596,2500,0.0,0.0
2009-08-19 00:00:00-04:00,0.4786104559898376,0.4786104559898376,0.4732925669650579,0.47861045598983765,8600,0.0,0.0
2009-08-20 00:00:00-04:00,0.4786104559898376,0.4786104559898376,0.4786104559898376,0.47861045598983765,5800,0.0,0.0
2009-08-21 00:00:00-04:00,0.46797463297843933,0.46797463297843933,0.46797463297843933,0.46797463297843933,4600,0.0,0.0
2009-08-24 00:00:00-04:00,0.4679746322811072,0.4679746322811072,0.44670304656028753,0.4467030465602875,3300,0.0,0.0
2009-08-25 00:00:00-04:00,0.44670304656028753,0.44670304656028753,0.44670304656028753,0.4467030465602875,0,0.0,0.0
2009-08-26 00:00:00-04:00,0.4786104559898376,0.4786104559898376,0.4786104559898376,0.47861045598983765,1500,0.0,0.0
2009-08-27 00:00:00-04:00,0.4786104559898376,0.4786104559898376,0.4786104559898376,0.47861045598983765,0,0.0,0.0
2009-08-28 00:00:00-04:00,0.4786104559898376,0.4786104559898376,0.4786104559898376,0.47861045598983765,0,0.0,0.0
2009-08-31 00:00:00-04:00,0.4786104559898376,0.4786104559898376,0.4786104559898376,0.47861045598983765,9000,0.0,0.0
2009-09-01 00:00:00-04:00,0.4786104559898376,0.4786104559898376,0.4786104559898376,0.47861045598983765,3900,0.0,0.0
2009-09-02 00:00:00-04:00,0.4786104559898376,0.4786104559898376,0.4786104559898376,0.47861045598983765,0,0.0,0.0
2009-09-03 00:00:00-04:00,0.4786104559898376,0.4786104559898376,0.4786104559898376,0.47861045598983765,0,0.0,0.0
2009-09-04 00:00:00-04:00,0.4786104559898376,0.4786104559898376,0.4786104559898376,0.47861045598983765,0,0.0,0.0
2009-09-08 00:00:00-04:00,0.4786104559898376,0.4786104559898376,0.4786104559898376,0.47861045598983765,1300,0.0,0.0
2009-09-09 00:00:00-04:00,0.4786104559898376,0.4786104559898376,0.4786104559898376,0.47861045598983765,0,0.0,0.0
2009-09-10 00:00:00-04:00,0.5051999688148499,0.5051999688148499,0.5051999688148499,0.5051999688148499,7200,0.0,0.0
2009-09-11 00:00:00-04:00,0.5051999688148499,0.5051999688148499,0.5051999688148499,0.5051999688148499,600,0.0,0.0
2009-09-14 00:00:00-04:00,0.5051999688148499,0.5051999688148499,0.5051999688148499,0.5051999688148499,100,0.0,0.0
2009-09-15 00:00:00-04:00,0.5051999445940325,0.5317894220352173,0.5051999445940325,0.5317894220352173,3300,0.0,0.0
2009-09-16 00:00:00-04:00,0.5371073259492896,0.5424252152442932,0.5371073259492896,0.5424252152442932,3200,0.0,0.0
2009-09-17 00:00:00-04:00,0.5424252152442932,0.5424252152442932,0.531789436654286,0.5424252152442932,17100,0.0,0.0
2009-09-18 00:00:00-04:00,0.5424252003328434,0.5424252003328434,0.5317894220352173,0.5317894220352173,700,0.0,0.0
2009-09-21 00:00:00-04:00,0.5317894220352173,0.5317894220352173,0.5317894220352173,0.5317894220352173,3500,0.0,0.0
2009-09-22 00:00:00-04:00,0.521153564220542,0.5583787825824496,0.521153564220542,0.5371072292327881,3900,0.0,0.0
2009-09-23 00:00:00-04:00,0.5317894220352173,0.5317894220352173,0.5317894220352173,0.5317894220352173,9300,0.0,0.0
2009-09-24 00:00:00-04:00,0.5317894220352173,0.5317894220352173,0.5317894220352173,0.5317894220352173,0,0.0,0.0
2009-09-25 00:00:00-04:00,0.5317894220352173,0.5317894220352173,0.5317894220352173,0.5317894220352173,0,0.0,0.0
2009-09-28 00:00:00-04:00,0.5317894220352173,0.5317894220352173,0.5317894220352173,0.5317894220352173,0,0.0,0.0
2009-09-29 00:00:00-04:00,0.5051999688148499,0.5051999688148499,0.5051999688148499,0.5051999688148499,2500,0.0,0.0
2009-09-30 00:00:00-04:00,0.5051999688148499,0.5051999688148499,0.5051999688148499,0.5051999688148499,0,0.0,0.0
2009-10-01 00:00:00-04:00,0.5051999688148499,0.5051999688148499,0.5051999688148499,0.5051999688148499,0,0.0,0.0
2009-10-02 00:00:00-04:00,0.5051999688148499,0.5051999688148499,0.5051999688148499,0.5051999688148499,0,0.0,0.0
2009-10-05 00:00:00-04:00,0.5051999688148499,0.5051999688148499,0.5051999688148499,0.5051999688148499,0,0.0,0.0
2009-10-06 00:00:00-04:00,0.505199789574265,0.5583786964416504,0.505199789574265,0.5583786964416504,800,0.0,0.0
2009-10-07 00:00:00-04:00,0.5583786964416504,0.5583786964416504,0.5583786964416504,0.5583786964416504,0,0.0,0.0
2009-10-08 00:00:00-04:00,0.5051999688148499,0.5051999688148499,0.5051999688148499,0.5051999688148499,200,0.0,0.0
2009-10-09 00:00:00-04:00,0.5051999688148499,0.5051999688148499,0.5051999688148499,0.5051999688148499,0,0.0,0.0
2009-10-12 00:00:00-04:00,0.5051999688148499,0.5051999688148499,0.5051999688148499,0.5051999688148499,0,0.0,0.0
2009-10-13 00:00:00-04:00,0.5051999688148499,0.5051999688148499,0.5051999688148499,0.5051999688148499,0,0.0,0.0
2009-10-14 00:00:00-04:00,0.5371073111840303,0.5371073111840303,0.5317894220352173,0.5317894220352173,1300,0.0,0.0
2009-10-15 00:00:00-04:00,0.5477429032325745,0.5477429032325745,0.5477429032325745,0.5477429032325745,2500,0.0,0.0
2009-10-16 00:00:00-04:00,0.5317892588565126,0.5583786964416504,0.5317892588565126,0.5583786964416504,5900,0.0,0.0
2009-10-19 00:00:00-04:00,0.5371071463735402,0.5583786964416504,0.5211534838224575,0.5583786964416504,3000,0.0,0.0
2009-10-20 00:00:00-04:00,0.5849681509339822,0.5849681509339822,0.5690144896507263,0.5690144896507263,1100,0.0,0.0
2009-10-21 00:00:00-04:00,0.5796505054356011,0.6487831298714625,0.5796505054356011,0.6115578413009644,14700,0.0,0.0
2009-10-22 00:00:00-04:00,0.6115576350061456,0.6115576350061456,0.5371071463735402,0.5583786964416504,8500,0.0,0.0
2009-10-23 00:00:00-04:00,0.5583786964416504,0.5583786964416504,0.5583786964416504,0.5583786964416504,0,0.0,0.0
2009-10-26 00:00:00-04:00,0.5583786964416504,0.5583786964416504,0.5583786964416504,0.5583786964416504,2300,0.0,0.0
2009-10-27 00:00:00-04:00,0.5796503099039803,0.5849681974210078,0.5583786964416504,0.5583786964416504,5400,0.0,0.0
2009-10-28 00:00:00-04:00,0.5530608892440796,0.5530608892440796,0.5530608892440796,0.5530608892440796,400,0.0,0.0
2009-10-29 00:00:00-04:00,0.5743325109889252,0.5743325109889252,0.5371072292327881,0.5371072292327881,2200,0.0,0.0
2009-10-30 00:00:00-04:00,0.5371072292327881,0.5371072292327881,0.5371072292327881,0.5371072292327881,1000,0.0,0.0
2009-11-02 00:00:00-05:00,0.5743325352668763,0.5743325352668763,0.5743325352668763,0.5743325352668762,200,0.0,0.0
2009-11-03 00:00:00-05:00,0.5530608942450342,0.5530608942450342,0.5371072292327881,0.5371072292327881,5000,0.0,0.0
2009-11-04 00:00:00-05:00,0.5477430894816564,0.5477430894816564,0.5317894220352173,0.5317894220352173,8000,0.0,0.0
2009-11-05 00:00:00-05:00,0.5317894220352173,0.5317894220352173,0.5317894220352173,0.5317894220352173,0,0.0,0.0
2009-11-06 00:00:00-05:00,0.5796503099039803,0.5849681974210078,0.5583786964416504,0.5583786964416504,5000,0.0,0.0
2009-11-09 00:00:00-05:00,0.5424251175702035,0.5424251175702035,0.5371072292327881,0.5371072292327881,13400,0.0,0.0
2009-11-10 00:00:00-05:00,0.5371072292327881,0.5371072292327881,0.5371072292327881,0.5371072292327881,2000,0.0,0.0
2009-11-11 00:00:00-05:00,0.5371072292327881,0.5371072292327881,0.5371072292327881,0.5371072292327881,0,0.0,0.0
2009-11-12 00:00:00-05:00,0.5424251175702035,0.5424251175702035,0.5371072292327881,0.5371072292327881,1000,0.0,0.0
2009-11-13 00:00:00-05:00,0.5424252152442932,0.5424252152442932,0.5371073259492896,0.5424252152442932,2800,0.0,0.0
2009-11-16 00:00:00-05:00,0.5424251175702035,0.5424251175702035,0.5371072292327881,0.5371072292327881,4600,0.0,0.0
2009-11-17 00:00:00-05:00,0.5371072292327881,0.5371072292327881,0.5371072292327881,0.5371072292327881,0,0.0,0.0
2009-11-18 00:00:00-05:00,0.5371072292327881,0.5371072292327881,0.5371072292327881,0.5371072292327881,0,0.0,0.0
2009-11-19 00:00:00-05:00,0.5371073111840303,0.5371073111840303,0.5317894220352173,0.5317894220352173,16000,0.0,0.0
2009-11-20 00:00:00-05:00,0.5317894220352173,0.5317894220352173,0.5317894220352173,0.5317894220352173,0,0.0,0.0
2009-11-23 00:00:00-05:00,0.5477429032325745,0.5530607905731457,0.5424250158920033,0.5477429032325745,7400,0.0,0.0
2009-11-24 00:00:00-05:00,0.5477429032325745,0.5477429032325745,0.5477429032325745,0.5477429032325745,0,0.0,0.0
2009-11-25 00:00:00-05:00,0.5317892588565126,0.5583786964416504,0.5317892588565126,0.5583786964416504,600,0.0,0.0
2009-11-27 00:00:00-05:00,0.5424252003328434,0.5424252003328434,0.5317894220352173,0.5317894220352173,3400,0.0,0.0
2009-11-30 00:00:00-05:00,0.5317894220352173,0.5317894220352173,0.5317894220352173,0.5317894220352173,100,0.0,0.0
2009-12-01 00:00:00-05:00,0.5583787775334089,0.5583787775334089,0.5530608892440796,0.5530608892440796,1400,0.0,0.0
2009-12-02 00:00:00-05:00,0.5530608892440796,0.5530608892440796,0.5530608892440796,0.5530608892440796,0,0.0,0.0
2009-12-03 00:00:00-05:00,0.5530608892440796,0.5530608892440796,0.5530608892440796,0.5530608892440796,0,0.0,0.0
2009-12-04 00:00:00-05:00,0.5477430894816564,0.5477430894816564,0.5264715328864042,0.5317894220352173,11600,0.0,0.0
2009-12-07 00:00:00-05:00,0.5477429032325745,0.5477429032325745,0.5477429032325745,0.5477429032325745,1200,0.0,0.0
2009-12-08 00:00:00-05:00,0.5317894220352173,0.5317894220352173,0.5317894220352173,0.5317894220352173,4000,0.0,0.0
2009-12-09 00:00:00-05:00,0.5317894220352173,0.5317894220352173,0.5317894220352173,0.5317894220352173,8000,0.0,0.0
2009-12-10 00:00:00-05:00,0.5317894220352173,0.5317894220352173,0.5317894220352173,0.5317894220352173,0,0.0,0.0
2009-12-11 00:00:00-05:00,0.5317892851773226,0.5317892851773226,0.5211535096168518,0.5211535096168518,1000,0.0,0.0
2009-12-14 00:00:00-05:00,0.5211535096168518,0.5211535096168518,0.5211535096168518,0.5211535096168518,0,0.0,0.0
2009-12-15 00:00:00-05:00,0.5211534838224575,0.5583786964416504,0.5211534838224575,0.5583786964416504,2600,0.0,0.0
2009-12-16 00:00:00-05:00,0.5583787349645983,0.5636966228485107,0.5583787349645983,0.5636966228485107,3300,0.0,0.0
2009-12-17 00:00:00-05:00,0.5636966228485107,0.5636966228485107,0.5636966228485107,0.5636966228485107,0,0.0,0.0
2009-12-18 00:00:00-05:00,0.5636966228485107,0.5636966228485107,0.5636966228485107,0.5636966228485107,0,0.0,0.0
2009-12-21 00:00:00-05:00,0.563696611858735,0.563696611858735,0.5211535096168518,0.5211535096168518,2200,0.0,0.0
2009-12-22 00:00:00-05:00,0.5105177760124207,0.5105177760124207,0.5105177760124207,0.5105177760124207,200,0.0,0.0
2009-12-23 00:00:00-05:00,0.5477431045392968,0.5477431045392968,0.5424252152442932,0.5424252152442932,1600,0.0,0.0
2009-12-24 00:00:00-05:00,0.5424252152442932,0.5424252152442932,0.5424252152442932,0.5424252152442932,0,0.0,0.0
2009-12-28 00:00:00-05:00,0.5477430009547503,0.5530608892440796,0.5211535595081037,0.5530608892440796,52200,0.0,0.0
2009-12-29 00:00:00-05:00,0.5530608892440796,0.5530608892440796,0.5530608892440796,0.5530608892440796,0,0.0,0.0
2009-12-30 00:00:00-05:00,0.5317894220352173,0.5317894220352173,0.5264715328864042,0.5317894220352173,27900,0.0,0.0
2009-12-31 00:00:00-05:00,0.5317894220352173,0.5317894220352173,0.5317894220352173,0.5317894220352173,0,0.0,0.0
2010-01-04 00:00:00-05:00,0.5317892588565126,0.5636965839586779,0.5317892588565126,0.5583786964416504,21700,0.0,0.0
2010-01-05 00:00:00-05:00,0.5636965839586779,0.5636965839586779,0.5583786964416504,0.5583786964416504,3100,0.0,0.0
2010-01-06 00:00:00-05:00,0.5583786964416504,0.5583786964416504,0.5583786964416504,0.5583786964416504,0,0.0,0.0
2010-01-07 00:00:00-05:00,0.5477430059076188,0.5477430059076188,0.5371072292327881,0.5371072292327881,1000,0.0,0.0
2010-01-08 00:00:00-05:00,0.5424252003328434,0.5424252003328434,0.5317894220352173,0.5317894220352173,31000,0.0,0.0
2010-01-11 00:00:00-05:00,0.5317894220352173,0.5317894220352173,0.5317894220352173,0.5317894220352173,0,0.0,0.0
2010-01-12 00:00:00-05:00,0.5424252152442932,0.5424252152442932,0.5424252152442932,0.5424252152442932,3000,0.0,0.0
2010-01-13 00:00:00-05:00,0.5477431045392968,0.5477431045392968,0.5424252152442932,0.5424252152442932,4500,0.0,0.0
2010-01-14 00:00:00-05:00,0.5424252152442932,0.5424252152442932,0.5424252152442932,0.5424252152442932,0,0.0,0.0
2010-01-15 00:00:00-05:00,0.5743325109889252,0.584968287663756,0.5371072292327881,0.5371072292327881,7200,0.0,0.0
2010-01-19 00:00:00-05:00,0.5371072292327881,0.5371072292327881,0.5371072292327881,0.5371072292327881,10400,0.0,0.0
2010-01-20 00:00:00-05:00,0.5317894220352173,0.5317894220352173,0.5317894220352173,0.5317894220352173,200,0.0,0.0
2010-01-21 00:00:00-05:00,0.5477429032325745,0.5477429032325745,0.5477429032325745,0.5477429032325745,300,0.0,0.0
2010-01-22 00:00:00-05:00,0.5583788215395433,0.5849683284759521,0.5583788215395433,0.5849683284759521,18700,0.0,0.0
2010-01-25 00:00:00-05:00,0.5849683284759521,0.5849683284759521,0.5849683284759521,0.5849683284759521,0,0.0,0.0
2010-01-26 00:00:00-05:00,0.5849683284759521,0.5849683284759521,0.5849683284759521,0.5849683284759521,0,0.0,0.0
2010-01-27 00:00:00-05:00,0.5849683284759521,0.5849683284759521,0.5849683284759521,0.5849683284759521,0,0.0,0.0
2010-01-28 00:00:00-05:00,0.5796504238290873,0.5849683123912982,0.5743325352668763,0.5743325352668762,2400,0.0,0.0
2010-01-29 00:00:00-05:00,0.5796502232551575,0.5849681099772425,0.5796502232551575,0.5796502232551575,12100,0.0,0.0
2010-02-01 00:00:00-05:00,0.5796502232551575,0.5796502232551575,0.5796502232551575,0.5796502232551575,0,0.0,0.0
2010-02-02 00:00:00-05:00,0.6115577437521029,0.6115577437521029,0.5796504129762409,0.6062398552894592,15300,0.0,0.0
2010-02-03 00:00:00-05:00,0.5849683284759521,0.5849683284759521,0.5849683284759521,0.5849683284759521,5500,0.0,0.0
2010-02-04 00:00:00-05:00,0.5849681098250462,0.6115575434285532,0.5796502231043448,0.595603883266449,9700,0.0,0.0
2010-02-05 00:00:00-05:00,0.5849683284759521,0.5849683284759521,0.5849683284759521,0.5849683284759521,2400,0.0,0.0
2010-02-08 00:00:00-05:00,0.5849683284759521,0.5849683284759521,0.5849683284759521,0.5849683284759521,2300,0.0,0.0
2010-02-09 00:00:00-05:00,0.5849683284759521,0.5849683284759521,0.5849683284759521,0.5849683284759521,0,0.0,0.0
2010-02-10 00:00:00-05:00,0.622193455696106,0.622193455696106,0.622193455696106,0.622193455696106,2100,0.0,0.0
2010-02-11 00:00:00-05:00,0.6168756642303314,0.6275114417076111,0.6168756642303314,0.6275114417076111,700,0.0,0.0
2010-02-12 00:00:00-05:00,0.6328293938404852,0.6328293938404852,0.6275114417076111,0.6275114417076111,900,0.0,0.0
2010-02-16 00:00:00-05:00,0.6753724062476051,0.7232334613800049,0.6594187423348802,0.7232334613800049,41200,0.0,0.0
2010-02-17 00:00:00-05:00,0.760458909416128,0.7657768624053337,0.7285515718463614,0.755141019821167,33700,0.0,0.0
2010-02-18 00:00:00-05:00,0.7551408849729135,0.7870482802391051,0.7179156644556288,0.7870482802391052,24600,0.0,0.0
2010-02-19 00:00:00-05:00,0.829591405956876,0.829591405956876,0.7870482959452829,0.7976840734481812,25400,0.0,0.0
2010-02-22 00:00:00-05:00,0.8136377926104775,0.8136377926104775,0.7710946798324585,0.7710946798324585,11600,0.0,0.0
2010-02-23 00:00:00-05:00,0.7445049703126679,0.7445049703126679,0.691326030277287,0.733869194984436,9600,0.0,0.0
2010-02-24 00:00:00-05:00,0.6700544796208233,0.7710944720274691,0.6700544796208233,0.733869194984436,7800,0.0,0.0
2010-02-25 00:00:00-05:00,0.7657768624053337,0.7710947520002948,0.7445052406312447,0.755141019821167,4900,0.0,0.0
2010-02-26 00:00:00-05:00,0.7391870857179359,0.7391870857179359,0.6913260331479337,0.7179155349731445,9700,0.0,0.0
2010-03-01 00:00:00-05:00,0.7232334196562041,0.7657765843633532,0.7232334196562041,0.733869194984436,3900,0.0,0.0
2010-03-02 00:00:00-05:00,0.7551408161748309,0.7551408161748309,0.7019619345664978,0.7019619345664978,2600,0.0,0.0
2010-03-03 00:00:00-05:00,0.691326030277287,0.733869194984436,0.691326030277287,0.733869194984436,2800,0.0,0.0
2010-03-04 00:00:00-05:00,0.7338692713629904,0.7657766640627177,0.723233494927824,0.7445050477981567,13500,0.0,0.0
2010-03-05 00:00:00-05:00,0.7657766640627177,0.7657766640627177,0.7391871595805736,0.7445050477981567,16400,0.0,0.0
2010-03-08 00:00:00-05:00,0.760458909416128,0.760458909416128,0.7338694614413225,0.755141019821167,12900,0.0,0.0
2010-03-09 00:00:00-05:00,0.760458909416128,0.760458909416128,0.755141019821167,0.755141019821167,3700,0.0,0.0
2010-03-10 00:00:00-05:00,0.7498230338096619,0.7498230338096619,0.7498230338096619,0.7498230338096619,600,0.0,0.0
2010-03-11 00:00:00-05:00,0.7498230338096619,0.7498230338096619,0.7498230338096619,0.7498230338096619,0,0.0,0.0
2010-03-12 00:00:00-05:00,0.7657765843633532,0.7657765843633532,0.733869194984436,0.733869194984436,2000,0.0,0.0
2010-03-15 00:00:00-04:00,0.755141019821167,0.755141019821167,0.755141019821167,0.755141019821167,2100,0.0,0.0
2010-03-16 00:00:00-04:00,0.765776773429585,0.765776773429585,0.6381473111913208,0.6913262009620667,38200,0.0,0.0
2010-03-17 00:00:00-04:00,0.6700545422072706,0.707279822727331,0.6700545422072706,0.7019619345664978,19000,0.0,0.0
2010-03-18 00:00:00-04:00,0.7445050477981568,0.7445050477981568,0.7445050477981568,0.7445050477981567,4000,0.0,0.0
2010-03-19 00:00:00-04:00,0.7285515217466899,0.7391873002052307,0.7285515217466899,0.7391873002052307,2700,0.0,0.0
2010-03-22 00:00:00-04:00,0.7391871595805736,0.7445050477981568,0.7391871595805736,0.7445050477981567,1400,0.0,0.0
2010-03-23 00:00:00-04:00,0.7445050477981568,0.7445050477981568,0.7179156067102408,0.7445050477981567,7300,0.0,0.0
2010-03-24 00:00:00-04:00,0.7391870971315627,0.7604586482048034,0.7179155460583221,0.7604586482048035,3100,0.0,0.0
2010-03-25 00:00:00-04:00,0.7498228610903315,0.7498228610903315,0.7179155349731445,0.7179155349731445,3500,0.0,0.0
2010-03-26 00:00:00-04:00,0.733869198031738,0.733869198031738,0.7179155349731445,0.7179155349731445,4200,0.0,0.0
2010-03-29 00:00:00-04:00,0.712597820264602,0.712597820264602,0.686008311984992,0.6913262009620667,3700,0.0,0.0
2010-03-30 00:00:00-04:00,0.733869198031738,0.733869198031738,0.7179155349731445,0.7179155349731445,300,0.0,0.0
2010-03-31 00:00:00-04:00,0.7179155349731445,0.7179155349731445,0.7179155349731445,0.7179155349731445,500,0.0,0.0
2010-04-01 00:00:00-04:00,0.7125977277755737,0.7125977277755737,0.6647366697996172,0.7125977277755737,6300,0.0,0.0
2010-04-05 00:00:00-04:00,0.7125976443279722,0.7391870826485519,0.7125976443279722,0.733869194984436,2200,0.0,0.0
2010-04-06 00:00:00-04:00,0.7232334613800049,0.7232334613800049,0.70727979746728,0.7232334613800049,1700,0.0,0.0
2010-04-07 00:00:00-04:00,0.7125977108881644,0.7125977108881644,0.6913260948506037,0.7019619345664978,800,0.0,0.0
2010-04-08 00:00:00-04:00,0.696644127368927,0.696644127368927,0.696644127368927,0.696644127368927,100,0.0,0.0
2010-04-09 00:00:00-04:00,0.6700544920574588,0.6860081553459167,0.6594187165318203,0.6860081553459167,11400,0.0,0.0
2010-04-12 00:00:00-04:00,0.6860081553459167,0.6860081553459167,0.6860081553459167,0.6860081553459167,2000,0.0,0.0
2010-04-13 00:00:00-04:00,0.6647366042946395,0.6860081553459167,0.6647366042946395,0.6860081553459167,7800,0.0,0.0
2010-04-14 00:00:00-04:00,0.6860081553459167,0.6860081553459167,0.6594187165318203,0.6860081553459167,19700,0.0,0.0
2010-04-15 00:00:00-04:00,0.6860081553459167,0.6860081553459167,0.6860081553459167,0.6860081553459167,800,0.0,0.0
2010-04-16 00:00:00-04:00,0.686008176470275,0.686008176470275,0.6594187368374057,0.6806902885437012,4300,0.0,0.0
2010-04-19 00:00:00-04:00,0.6860081553459167,0.6860081553459167,0.6860081553459167,0.6860081553459167,100,0.0,0.0
2010-04-20 00:00:00-04:00,0.6860081188473032,0.6860081188473032,0.6594186814478803,0.6647365689277649,8700,0.0,0.0
2010-04-21 00:00:00-04:00,0.664736709942843,0.664736709942843,0.6594188213348388,0.6594188213348389,5700,0.0,0.0
2010-04-22 00:00:00-04:00,0.6594188213348388,0.6594188213348388,0.6487830441188306,0.6594188213348389,3900,0.0,0.0
2010-04-23 00:00:00-04:00,0.6594186814478803,0.6647365689277649,0.6594186814478803,0.6647365689277649,800,0.0,0.0
2010-04-26 00:00:00-04:00,0.6647366697996172,0.7391871692098669,0.6647366697996172,0.7125977277755737,33800,0.0,0.0
2010-04-27 00:00:00-04:00,0.7125977494217552,0.7285514147669466,0.6700545784403473,0.7072798609733582,8800,0.0,0.0
2010-04-28 00:00:00-04:00,0.6913262009620665,0.712597820264602,0.6647367560766937,0.6913262009620667,1000,0.0,0.0
2010-04-29 00:00:00-04:00,0.6753724813461304,0.6806903699083651,0.6753724813461304,0.6753724813461304,5600,0.0,0.0
2010-04-30 00:00:00-04:00,0.675372343887534,0.7072797321610608,0.6434650190082265,0.6647365689277649,3200,0.0,0.0
2010-05-03 00:00:00-04:00,0.7125977277755737,0.7125977277755737,0.7125977277755737,0.7125977277755737,400,0.0,0.0
2010-05-04 00:00:00-04:00,0.7125974913733693,0.7125974913733693,0.6381470166618542,0.6487827897071838,11200,0.0,0.0
2010-05-05 00:00:00-04:00,0.6647365689277649,0.6860081188473032,0.638147131528342,0.6647365689277649,4800,0.0,0.0
2010-05-06 00:00:00-04:00,0.6700547430053141,0.6700547430053141,0.5849684435395947,0.6541010737419128,23500,0.0,0.0
2010-05-07 00:00:00-04:00,0.6009219975955501,0.6700546145439149,0.6009219975955501,0.6700546145439148,7200,0.0,0.0
2010-05-10 00:00:00-04:00,0.7125977646760056,0.7125977646760056,0.6115577552050816,0.6753724813461304,11100,0.0,0.0
2010-05-11 00:00:00-04:00,0.6647367917921397,0.7019620800259654,0.6647367917921397,0.696644127368927,3500,0.0,0.0
2010-05-12 00:00:00-04:00,0.7019620423104529,0.7019620423104529,0.6700546450537682,0.6913262009620667,10700,0.0,0.0
2010-05-13 00:00:00-04:00,0.7072798394887152,0.7125977277755737,0.6966439995207689,0.7125977277755737,12100,0.0,0.0
2010-05-14 00:00:00-04:00,0.7391872651499749,0.7391872651499749,0.6913262009620665,0.6913262009620667,2200,0.0,0.0
2010-05-17 00:00:00-04:00,0.7179156160624324,0.7285513926361497,0.6913261112339104,0.7125977277755737,13300,0.0,0.0
2010-05-18 00:00:00-04:00,0.7232334226593424,0.7232334226593424,0.6647365947169447,0.7179155349731445,6800,0.0,0.0
2010-05-19 00:00:00-04:00,0.7072797697914166,0.7072797697914166,0.6806902675830975,0.6860081553459167,6200,0.0,0.0
2010-05-20 00:00:00-04:00,0.6806902313674186,0.6806902313674186,0.6647365689277649,0.6647365689277649,7400,0.0,0.0
2010-05-21 00:00:00-04:00,0.6860082066897705,0.7019619345664978,0.6381472132422707,0.7019619345664978,5900,0.0,0.0
2010-05-24 00:00:00-04:00,0.712597679497369,0.712597679497369,0.6541008489108318,0.6806902885437012,5300,0.0,0.0
2010-05-25 00:00:00-04:00,0.6647365689277649,0.6647365689277649,0.6594186814478803,0.6647365689277649,800,0.0,0.0
2010-05-26 00:00:00-04:00,0.6647367917921397,0.696644127368927,0.6647367917921397,0.696644127368927,4800,0.0,0.0
2010-05-27 00:00:00-04:00,0.7125977277755737,0.7125977277755737,0.7125977277755737,0.7125977277755737,500,0.0,0.0
2010-05-28 00:00:00-04:00,0.65941896349638,0.7072800346808299,0.6541010737419128,0.6541010737419128,2400,0.0,0.0
2010-06-01 00:00:00-04:00,0.6541010737419128,0.664736853250847,0.6541010737419128,0.6541010737419128,1600,0.0,0.0
2010-06-02 00:00:00-04:00,0.6541008932259,0.7125977277755737,0.6541008932259,0.7125977277755737,300,0.0,0.0
2010-06-03 00:00:00-04:00,0.707279860973358,0.707279860973358,0.707279860973358,0.7072798609733582,300,0.0,0.0
2010-06-04 00:00:00-04:00,0.7125978585515611,0.7125978585515611,0.696644127368927,0.696644127368927,700,0.0,0.0
2010-06-07 00:00:00-04:00,0.6541008777247707,0.7019619345664978,0.6541008777247707,0.7019619345664978,600,0.0,0.0
2010-06-08 00:00:00-04:00,0.7125978585515611,0.7125978585515611,0.6381473454781503,0.696644127368927,4400,0.0,0.0
2010-06-09 00:00:00-04:00,0.6647365947169447,0.7285513103455402,0.6647365947169447,0.7179155349731445,15500,0.0,0.0
2010-06-10 00:00:00-04:00,0.6594187658856039,0.7179155990489977,0.6594187658856039,0.7019619345664978,1400,0.0,0.0
2010-06-11 00:00:00-04:00,0.6594187815127586,0.7391871692098669,0.6594187815127586,0.7125977277755737,1800,0.0,0.0
2010-06-14 00:00:00-04:00,0.7338692809230083,0.7338692809230083,0.7125977277755737,0.7125977277755737,300,0.0,0.0
2010-06-15 00:00:00-04:00,0.7179155349731445,0.7179155349731445,0.6913260331479337,0.7179155349731445,1500,0.0,0.0
2010-06-16 00:00:00-04:00,0.7125976472869467,0.7179155349731445,0.7019618719145512,0.7179155349731445,3600,0.0,0.0
2010-06-17 00:00:00-04:00,0.7125976647330432,0.7285513281822205,0.7072797769166508,0.7285513281822205,4100,0.0,0.0
2010-06-18 00:00:00-04:00,0.70727979746728,0.7338692373218215,0.70727979746728,0.7232334613800049,2400,0.0,0.0
2010-06-21 00:00:00-04:00,0.7125977277755737,0.7125977277755737,0.7125977277755737,0.7125977277755737,3900,0.0,0.0
2010-06-22 00:00:00-04:00,0.7285513493509131,0.7285513493509131,0.69132607016033,0.7232334613800049,6400,0.0,0.0
2010-06-23 00:00:00-04:00,0.7338692159986129,0.7338692159986129,0.6647366109912879,0.7285513281822205,600,0.0,0.0
2010-06-24 00:00:00-04:00,0.7338692159986129,0.7338692159986129,0.6647366109912879,0.7285513281822205,1400,0.0,0.0
2010-06-25 00:00:00-04:00,0.723233440365828,0.7285513281822205,0.6647366109912879,0.7285513281822205,800,0.0,0.0
2010-06-28 00:00:00-04:00,0.7232334613800049,0.7285513493509131,0.638147190451247,0.7232334613800049,700,0.0,0.0
2010-06-29 00:00:00-04:00,0.7285513281822205,0.7285513281822205,0.7285513281822205,0.7285513281822205,1000,0.0,0.0
2010-06-30 00:00:00-04:00,0.7285513281822205,0.7285513281822205,0.7179155525494356,0.7285513281822205,1300,0.0,0.0
2010-07-01 00:00:00-04:00,0.7285513281822205,0.7285513281822205,0.7285513281822205,0.7285513281822205,100,0.0,0.0
2010-07-02 00:00:00-04:00,0.6913261470328345,0.6913261470328345,0.6753724813461304,0.6753724813461304,1300,0.0,0.0
2010-07-06 00:00:00-04:00,0.6700545126905534,0.7285513432770906,0.6700545126905534,0.6806902885437012,1000,0.0,0.0
2010-07-07 00:00:00-04:00,0.723233440365828,0.7285513281822205,0.6753723866240728,0.7285513281822205,2200,0.0,0.0
2010-07-08 00:00:00-04:00,0.7232334613800049,0.7232334613800049,0.7232334613800049,0.7232334613800049,100,0.0,0.0
2010-07-09 00:00:00-04:00,0.7232334196562041,0.733869194984436,0.7232334196562041,0.733869194984436,1000,0.0,0.0
2010-07-12 00:00:00-04:00,0.7710944801009447,0.8455449715722972,0.7710944801009447,0.7764123678207397,45400,0.0,0.0
2010-07-13 00:00:00-04:00,0.7817305853859376,0.8508632183074951,0.7817305853859376,0.8508632183074951,26400,0.0,0.0
2010-07-14 00:00:00-04:00,0.8614989982347734,0.9040421813381352,0.7923663653132159,0.8508632183074951,18000,0.0,0.0
2010-07-15 00:00:00-04:00,0.8774525416379052,0.8774525416379052,0.7976841402879574,0.8242735862731934,7100,0.0,0.0
2010-07-16 00:00:00-04:00,0.8242735172054269,0.8242735172054269,0.7976840734481812,0.7976840734481812,19300,0.0,0.0
2010-07-19 00:00:00-04:00,0.7976839622782086,0.808319738298842,0.733869242760183,0.7657766342163086,29200,0.0,0.0
2010-07-20 00:00:00-04:00,0.74982293601574,0.74982293601574,0.7445050477981568,0.7445050477981567,10800,0.0,0.0
2010-07-21 00:00:00-04:00,0.7870482802391051,0.7923661688844316,0.7817303915937788,0.7870482802391052,10000,0.0,0.0
2010-07-22 00:00:00-04:00,0.7870483618938631,0.8242735862731935,0.7870483618938631,0.8242735862731934,300,0.0,0.0
2010-07-23 00:00:00-04:00,0.7976841253187203,0.8083199035132251,0.7710946798324585,0.7710946798324585,1700,0.0,0.0
2010-07-26 00:00:00-04:00,0.813637807879099,0.8242735862731935,0.7710946943027214,0.8242735862731934,12100,0.0,0.0
2010-07-27 00:00:00-04:00,0.8242735862731935,0.8508630956526692,0.8242735862731935,0.8242735862731934,14500,0.0,0.0
2010-07-28 00:00:00-04:00,0.8242735708049823,0.8455451905882304,0.7710946798324585,0.7710946798324585,8300,0.0,0.0
2010-07-29 00:00:00-04:00,0.7976840734481812,0.7976840734481812,0.7976840734481812,0.7976840734481812,1000,0.0,0.0
2010-07-30 00:00:00-04:00,0.7976840734481812,0.7976840734481812,0.7976840734481812,0.7976840734481812,200,0.0,0.0
2010-08-02 00:00:00-04:00,0.7976840734481812,0.7976840734481812,0.7976840734481812,0.7976840734481812,500,0.0,0.0
2010-08-03 00:00:00-04:00,0.7976840734481812,0.8189556284539777,0.7976840734481812,0.7976840734481812,4500,0.0,0.0
2010-08-04 00:00:00-04:00,0.7976840734481812,0.7976840734481812,0.7976840734481812,0.7976840734481812,200,0.0,0.0
2010-08-05 00:00:00-04:00,0.8242736547836967,0.8242736547836967,0.7976842065884465,0.8083199858665466,1800,0.0,0.0
2010-08-06 00:00:00-04:00,0.8242736316483419,0.8242736316483419,0.8136378526687622,0.8136378526687622,6300,0.0,0.0
2010-08-09 00:00:00-04:00,0.824273357298895,0.824273357298895,0.7764123678207397,0.7764123678207397,12100,0.0,0.0
2010-08-10 00:00:00-04:00,0.7923659682273865,0.7923659682273865,0.7923659682273865,0.7923659682273865,600,0.0,0.0
2010-08-11 00:00:00-04:00,0.8030020294850047,0.8242735862731935,0.8030020294850047,0.8242735862731934,2900,0.0,0.0
2010-08-12 00:00:00-04:00,0.7976839186999198,0.7976839186999198,0.7764123678207397,0.7764123678207397,3600,0.0,0.0
2010-08-13 00:00:00-04:00,0.7764123678207397,0.7976839186999198,0.7710944801009447,0.7764123678207397,6400,0.0,0.0
2010-08-16 00:00:00-04:00,0.7976839186999198,0.7976839186999198,0.7551407535473375,0.7764123678207397,1200,0.0,0.0
2010-08-17 00:00:00-04:00,0.7710946798324585,0.7710946798324585,0.7710946798324585,0.7710946798324585,500,0.0,0.0
2010-08-18 00:00:00-04:00,0.7976840734481812,0.7976840734481812,0.7498230112909047,0.7976840734481812,2900,0.0,0.0
2010-08-19 00:00:00-04:00,0.7710946296909356,0.7976840734481812,0.7710946296909356,0.7976840734481812,900,0.0,0.0
2010-08-20 00:00:00-04:00,0.7976841253187203,0.7976841253187203,0.7604588382437152,0.7710946798324585,1200,0.0,0.0
2010-08-23 00:00:00-04:00,0.7710947520002948,0.7710947520002948,0.7445052406312447,0.755141019821167,9600,0.0,0.0
2010-08-24 00:00:00-04:00,0.701962058173939,0.7976841253187203,0.701962058173939,0.7710946798324585,1700,0.0,0.0
2010-08-25 00:00:00-04:00,0.7710944752293445,0.7764123629155423,0.7179155349731445,0.7179155349731445,9000,0.0,0.0
2010-08-26 00:00:00-04:00,0.7391873002052307,0.7391873002052307,0.7391873002052307,0.7391873002052307,1000,0.0,0.0
2010-08-27 00:00:00-04:00,0.7232335263185495,0.7232335263185495,0.696644020682333,0.7072798609733582,3600,0.0,0.0
2010-08-30 00:00:00-04:00,0.7232336145629484,0.7710946798324585,0.7232336145629484,0.7710946798324585,3100,0.0,0.0
2010-08-31 00:00:00-04:00,0.7710946798324585,0.7710946798324585,0.7710946798324585,0.7710946798324585,600,0.0,0.0
2010-09-01 00:00:00-04:00,0.7710946798324585,0.7710946798324585,0.7710946798324585,0.7710946798324585,0,0.0,0.0
2010-09-02 00:00:00-04:00,0.7232334226593424,0.7232334226593424,0.7179155349731445,0.7179155349731445,10900,0.0,0.0
2010-09-03 00:00:00-04:00,0.7232334613800049,0.7232334613800049,0.7232334613800049,0.7232334613800049,200,0.0,0.0
2010-09-07 00:00:00-04:00,0.7232334613800049,0.776412404483313,0.7232334613800049,0.7232334613800049,1500,0.0,0.0
2010-09-08 00:00:00-04:00,0.7710945522803009,0.7710945522803009,0.7445050477981568,0.7445050477981567,4200,0.0,0.0
2010-09-09 00:00:00-04:00,0.7445050477981568,0.7445050477981568,0.7445050477981568,0.7445050477981567,100,0.0,0.0
2010-09-10 00:00:00-04:00,0.7445050477981568,0.7445050477981568,0.7445050477981568,0.7445050477981567,4800,0.0,0.0
2010-09-13 00:00:00-04:00,0.7445050477981568,0.7445050477981568,0.7445050477981568,0.7445050477981567,300,0.0,0.0
2010-09-14 00:00:00-04:00,0.7445050477981568,0.7445050477981568,0.7445050477981568,0.7445050477981567,0,0.0,0.0
2010-09-15 00:00:00-04:00,0.7445050477981568,0.7445050477981568,0.7445050477981568,0.7445050477981567,0,0.0,0.0
2010-09-16 00:00:00-04:00,0.7604588571223124,0.7604588571223124,0.7391873002052307,0.7391873002052307,1600,0.0,0.0
2010-09-17 00:00:00-04:00,0.7391872818547056,0.7710946798324585,0.7391872818547056,0.7710946798324585,600,0.0,0.0
2010-09-20 00:00:00-04:00,0.771094614303126,0.8242735007563899,0.771094614303126,0.7870482802391052,7200,0.0,0.0
2010-09-21 00:00:00-04:00,0.7870482802391051,0.7870482802391051,0.7870482802391051,0.7870482802391052,0,0.0,0.0
2010-09-22 00:00:00-04:00,0.7498230338096619,0.7498230338096619,0.7498230338096619,0.7498230338096619,400,0.0,0.0
2010-09-23 00:00:00-04:00,0.7498230338096619,0.7498230338096619,0.7498230338096619,0.7498230338096619,0,0.0,0.0
2010-09-24 00:00:00-04:00,0.7498230786637715,0.7498230786637715,0.717915743288149,0.7391873002052307,2300,0.0,0.0
2010-09-27 00:00:00-04:00,0.7232334667395496,0.7657766342163086,0.7232334667395496,0.7657766342163086,400,0.0,0.0
2010-09-28 00:00:00-04:00,0.7657768624053337,0.7710947520002948,0.7445052406312447,0.755141019821167,1500,0.0,0.0
2010-09-29 00:00:00-04:00,0.749822872668183,0.7710944871356464,0.749822872668183,0.7604586482048035,13000,0.0,0.0
2010-09-30 00:00:00-04:00,0.7710944871356464,0.7710944871356464,0.7604586482048034,0.7604586482048035,700,0.0,0.0
2010-10-01 00:00:00-04:00,0.7657765993673363,0.7657765993673363,0.7604586482048034,0.7604586482048035,1800,0.0,0.0
2010-10-04 00:00:00-04:00,0.7445050477981568,0.7445050477981568,0.7445050477981568,0.7445050477981567,200,0.0,0.0
2010-10-05 00:00:00-04:00,0.7391872559873489,0.7498230338096619,0.7391872559873489,0.7498230338096619,2300,0.0,0.0
2010-10-06 00:00:00-04:00,0.7551409227208183,0.7551409227208183,0.7498230338096619,0.7498230338096619,600,0.0,0.0
2010-10-07 00:00:00-04:00,0.7498229012345463,0.7498229012345463,0.7232334613800049,0.7232334613800049,13200,0.0,0.0
2010-10-08 00:00:00-04:00,0.7232336325174195,0.7445051894345012,0.7232336325174195,0.7391873002052307,3200,0.0,0.0
2010-10-11 00:00:00-04:00,0.7391871595805736,0.7445050477981568,0.7391871595805736,0.7445050477981567,900,0.0,0.0
2010-10-12 00:00:00-04:00,0.7179155349731445,0.7179155349731445,0.7179155349731445,0.7179155349731445,1100,0.0,0.0
2010-10-13 00:00:00-04:00,0.7445050477981568,0.7445050477981568,0.7445050477981568,0.7445050477981567,2300,0.0,0.0
2010-10-14 00:00:00-04:00,0.7179156067102408,0.7445050477981568,0.7179156067102408,0.7445050477981567,3800,0.0,0.0
2010-10-15 00:00:00-04:00,0.7445049734041337,0.7445049734041337,0.7179155349731445,0.7179155349731445,4100,0.0,0.0
2010-10-18 00:00:00-04:00,0.7445050477981568,0.7445050477981568,0.7445050477981568,0.7445050477981567,500,0.0,0.0
2010-10-19 00:00:00-04:00,0.7445050398531642,0.7445050398531642,0.7019619345664978,0.7019619345664978,2500,0.0,0.0
2010-10-20 00:00:00-04:00,0.7445051941283484,0.7445051941283484,0.696644127368927,0.696644127368927,2300,0.0,0.0
2010-10-21 00:00:00-04:00,0.7232336370771568,0.7232336370771568,0.691326238106129,0.696644127368927,6200,0.0,0.0
2010-10-22 00:00:00-04:00,0.7445050477981568,0.7445050477981568,0.7445050477981568,0.7445050477981567,11100,0.0,0.0
2010-10-25 00:00:00-04:00,0.7976839136603335,0.7976839136603335,0.7019618719145512,0.7179155349731445,7300,0.0,0.0
2010-10-26 00:00:00-04:00,0.7179156067102408,0.7817303287154673,0.7179156067102408,0.7445050477981567,1700,0.0,0.0
2010-10-27 00:00:00-04:00,0.7604586482048034,0.7604586482048034,0.7604586482048034,0.7604586482048035,200,0.0,0.0
2010-10-28 00:00:00-04:00,0.7285513073203201,0.733869194984436,0.691326030277287,0.733869194984436,8400,0.0,0.0
2010-10-29 00:00:00-04:00,0.733869194984436,0.733869194984436,0.733869194984436,0.733869194984436,1100,0.0,0.0
2010-11-01 00:00:00-04:00,0.7179157092416766,0.7179157092416766,0.6913262009620665,0.6913262009620667,400,0.0,0.0
2010-11-02 00:00:00-04:00,0.6913262009620665,0.6913262009620665,0.6913262009620665,0.6913262009620667,500,0.0,0.0
2010-11-03 00:00:00-04:00,0.717915743288149,0.8295914804970681,0.6647367876012046,0.7391873002052307,80400,0.0,0.0
2010-11-04 00:00:00-04:00,0.7976840734481812,0.7976840734481812,0.7976840734481812,0.7976840734481812,1700,0.0,0.0
2010-11-05 00:00:00-04:00,0.733869194984436,0.733869194984436,0.733869194984436,0.733869194984436,300,0.0,0.0
2010-11-08 00:00:00-05:00,0.749822872668183,0.7923660382088871,0.7445049848998729,0.7604586482048035,2200,0.0,0.0
2010-11-09 00:00:00-05:00,0.7232335531009552,0.7870482802391051,0.7232335531009552,0.7870482802391052,500,0.0,0.0
2010-11-10 00:00:00-05:00,0.7923662362214681,0.7923662362214681,0.7232336145629484,0.7710946798324585,2600,0.0,0.0
2010-11-11 00:00:00-05:00,0.733869242760183,0.7657766342163086,0.733869242760183,0.7657766342163086,400,0.0,0.0
2010-11-12 00:00:00-05:00,0.7657766342163086,0.7657766342163086,0.7657766342163086,0.7657766342163086,1400,0.0,0.0
2010-11-15 00:00:00-05:00,0.7710946798324585,0.7710946798324585,0.7710946798324585,0.7710946798324585,200,0.0,0.0
2010-11-16 00:00:00-05:00,0.7710946989750934,0.7710946989750934,0.7391873002052307,0.7391873002052307,600,0.0,0.0
2010-11-17 00:00:00-05:00,0.7391871307704996,0.7657766342163086,0.7285513547498662,0.7657766342163086,2500,0.0,0.0
2010-11-18 00:00:00-05:00,0.7710946798324585,0.7710946798324585,0.7604588382437152,0.7710946798324585,5500,0.0,0.0
2010-11-19 00:00:00-05:00,0.7604588382437152,0.7710946798324585,0.7604588382437152,0.7710946798324585,3600,0.0,0.0
2010-11-22 00:00:00-05:00,0.7604588571223124,0.7604588571223124,0.7391873002052307,0.7391873002052307,5800,0.0,0.0
2010-11-23 00:00:00-05:00,0.7391871595805736,0.7445050477981568,0.7391871595805736,0.7445050477981567,2200,0.0,0.0
2010-11-24 00:00:00-05:00,0.7125977277755737,0.7125977277755737,0.7125977277755737,0.7125977277755737,800,0.0,0.0
2010-11-26 00:00:00-05:00,0.7285513281822205,0.7285513281822205,0.7285513281822205,0.7285513281822205,1400,0.0,0.0
2010-11-29 00:00:00-05:00,0.7232334613800049,0.7232334613800049,0.7232334613800049,0.7232334613800049,200,0.0,0.0
2010-11-30 00:00:00-05:00,0.7125977277755737,0.7125977277755737,0.7125977277755737,0.7125977277755737,700,0.0,0.0
2010-12-01 00:00:00-05:00,0.7870481804251296,0.7870481804251296,0.7232334613800049,0.7232334613800049,300,0.0,0.0
2010-12-02 00:00:00-05:00,0.7338694156027527,0.7338694156027527,0.696644127368927,0.696644127368927,5200,0.0,0.0
2010-12-03 00:00:00-05:00,0.6913261694836473,0.6913261694836473,0.6541009483391155,0.6700546145439148,52600,0.0,0.0
2010-12-06 00:00:00-05:00,0.6806902885437011,0.6806902885437011,0.6806902885437011,0.6806902885437012,800,0.0,0.0
2010-12-07 00:00:00-05:00,0.686008176470275,0.686008176470275,0.6806902885437011,0.6806902885437012,8000,0.0,0.0
2010-12-08 00:00:00-05:00,0.7125976472869467,0.7179155349731445,0.7125976472869467,0.7179155349731445,300,0.0,0.0
2010-12-09 00:00:00-05:00,0.7179155349731445,0.7179155349731445,0.7179155349731445,0.7179155349731445,0,0.0,0.0
2010-12-10 00:00:00-05:00,0.7179155349731445,0.7179155349731445,0.7179155349731445,0.7179155349731445,200,0.0,0.0
2010-12-13 00:00:00-05:00,0.7179156160624324,0.7179156160624324,0.7125977277755737,0.7125977277755737,6600,0.0,0.0
2010-12-14 00:00:00-05:00,0.717915747814359,0.717915747814359,0.696644127368927,0.696644127368927,20500,0.0,0.0
2010-12-15 00:00:00-05:00,0.7179155349731445,0.7179155349731445,0.7179155349731445,0.7179155349731445,4800,0.0,0.0
2010-12-16 00:00:00-05:00,0.7179155349731445,0.7179155349731445,0.7179155349731445,0.7179155349731445,2800,0.0,0.0
2010-12-17 00:00:00-05:00,0.707279860973358,0.707279860973358,0.707279860973358,0.7072798609733582,100,0.0,0.0
2010-12-20 00:00:00-05:00,0.7072798394887152,0.7125977277755737,0.7072798394887152,0.7125977277755737,1000,0.0,0.0
2010-12-21 00:00:00-05:00,0.7019619345664978,0.7125977108881644,0.6913260948506037,0.7019619345664978,9000,0.0,0.0
2010-12-22 00:00:00-05:00,0.7019619036442212,0.7019619036442212,0.6806902885437011,0.6806902885437012,2600,0.0,0.0
2010-12-23 00:00:00-05:00,0.7125977494217552,0.7179156378701523,0.707279860973358,0.7072798609733582,8500,0.0,0.0
2010-12-27 00:00:00-05:00,0.6806903346601931,0.7179156160624324,0.6753724463733345,0.7125977277755737,22600,0.0,0.0
2010-12-28 00:00:00-05:00,0.7072798761137709,0.7072798761137709,0.6753724813461304,0.6753724813461304,1600,0.0,0.0
2010-12-29 00:00:00-05:00,0.6753725340308429,0.6913262009620665,0.6753725340308429,0.6913262009620667,2400,0.0,0.0
2010-12-30 00:00:00-05:00,0.6753724813461304,0.6753724813461304,0.6753724813461304,0.6753724813461304,200,0.0,0.0
2010-12-31 00:00:00-05:00,0.6753724813461304,0.6753724813461304,0.6753724813461304,0.6753724813461304,0,0.0,0.0
2011-01-03 00:00:00-05:00,0.7179156532382402,0.7179156532382402,0.6700545927838957,0.6753724813461304,12300,0.0,0.0
2011-01-04 00:00:00-05:00,0.6700545126905534,0.6806902885437011,0.6700545126905534,0.6806902885437012,700,0.0,0.0
2011-01-05 00:00:00-05:00,0.6913261470328345,0.6913261470328345,0.6753724813461304,0.6753724813461304,1200,0.0,0.0
2011-01-06 00:00:00-05:00,0.6913261470328345,0.701961987551536,0.6700545927838957,0.6753724813461304,5300,0.0,0.0
2011-01-07 00:00:00-05:00,0.6860081553459167,0.6860081553459167,0.6860081553459167,0.6860081553459167,100,0.0,0.0
2011-01-10 00:00:00-05:00,0.7125977494217552,0.7391871916637409,0.707279860973358,0.7072798609733582,5000,0.0,0.0
2011-01-11 00:00:00-05:00,0.7125977277755737,0.7125977277755737,0.7019619512018566,0.7125977277755737,4200,0.0,0.0
2011-01-12 00:00:00-05:00,0.7125977277755737,0.7125977277755737,0.6913261112339104,0.7125977277755737,13100,0.0,0.0
2011-01-13 00:00:00-05:00,0.7125977277755737,0.7125977277755737,0.7125977277755737,0.7125977277755737,0,0.0,0.0
2011-01-14 00:00:00-05:00,0.7125978585515611,0.7125978585515611,0.696644127368927,0.696644127368927,2300,0.0,0.0
2011-01-18 00:00:00-05:00,0.6913260438225486,0.7976839259771973,0.6913260438225486,0.7604586482048035,25200,0.0,0.0
2011-01-19 00:00:00-05:00,0.7445050477981568,0.7445050477981568,0.7179156067102408,0.7445050477981567,7600,0.0,0.0
2011-01-20 00:00:00-05:00,0.7445050477981568,0.7445050477981568,0.7445050477981568,0.7445050477981567,0,0.0,0.0
2011-01-21 00:00:00-05:00,0.7710946798324585,0.7764125689297109,0.7710946798324585,0.7710946798324585,4300,0.0,0.0
2011-01-24 00:00:00-05:00,0.7976840734481812,0.7976840734481812,0.7019620125278626,0.7976840734481812,11800,0.0,0.0
2011-01-25 00:00:00-05:00,0.7125977277755737,0.7125977277755737,0.7125977277755737,0.7125977277755737,1000,0.0,0.0
2011-01-26 00:00:00-05:00,0.7338692026681574,0.7976839186999198,0.7338692026681574,0.7764123678207397,18100,0.0,0.0
2011-01-27 00:00:00-05:00,0.7710946989750934,0.7710946989750934,0.7391873002052307,0.7391873002052307,8500,0.0,0.0
2011-01-28 00:00:00-05:00,0.7338692159986129,0.7870481575567606,0.7285513281822205,0.7285513281822205,6200,0.0,0.0
2011-01-31 00:00:00-05:00,0.7551406937427165,0.7923659682273865,0.7551406937427165,0.7923659682273865,800,0.0,0.0
2011-02-01 00:00:00-05:00,0.7764123596915851,0.7764123596915851,0.733869194984436,0.733869194984436,8700,0.0,0.0
2011-02-02 00:00:00-05:00,0.7923660382088871,0.7923660382088871,0.7551407604364933,0.7604586482048035,5800,0.0,0.0
2011-02-03 00:00:00-05:00,0.733869194984436,0.7445049703126679,0.733869194984436,0.733869194984436,1800,0.0,0.0
2011-02-04 00:00:00-05:00,0.7817302626722668,0.7817302626722668,0.7604586482048034,0.7604586482048035,1500,0.0,0.0
2011-02-07 00:00:00-05:00,0.7338693927574532,0.7710946798324585,0.7285515036602008,0.7710946798324585,600,0.0,0.0
2011-02-08 00:00:00-05:00,0.7338692093632526,0.7657765993673363,0.7338692093632526,0.7604586482048035,6700,0.0,0.0
2011-02-09 00:00:00-05:00,0.7710944871356464,0.7923660382088871,0.7604586482048034,0.7604586482048035,2100,0.0,0.0
2011-02-10 00:00:00-05:00,0.7657767256577995,0.7923661688844316,0.76045877361824,0.7870482802391052,3100,0.0,0.0
2011-02-11 00:00:00-05:00,0.792366294709603,0.8136378526687622,0.7870484052198131,0.8136378526687622,7200,0.0,0.0
2011-02-14 00:00:00-05:00,0.8136374360129774,0.8136374360129774,0.7710943418805619,0.7817301154136658,6500,0.0,0.0
2011-02-15 00:00:00-05:00,0.7710944871356464,0.7710944871356464,0.7179155460583221,0.7604586482048035,23900,0.0,0.0
2011-02-16 00:00:00-05:00,0.7498230112909047,0.8136377397025286,0.7338693450365573,0.7976840734481812,10600,0.0,0.0
2011-02-17 00:00:00-05:00,0.7976841621011055,0.8242736088134458,0.7710947153887653,0.8189557194709778,13100,0.0,0.0
2011-02-18 00:00:00-05:00,0.8083198509510795,0.8136377397025286,0.7976840734481812,0.7976840734481812,18100,0.0,0.0
2011-02-22 00:00:00-05:00,0.7976840734481812,0.7976840734481812,0.7976840734481812,0.7976840734481812,10800,0.0,0.0
2011-02-23 00:00:00-05:00,0.7870482959452829,0.7976840734481812,0.7870482959452829,0.7976840734481812,9000,0.0,0.0
2011-02-24 00:00:00-05:00,0.7976840734481812,0.7976840734481812,0.7870482959452829,0.7976840734481812,34200,0.0,0.0
2011-02-25 00:00:00-05:00,0.7764125184423847,0.7976840734481812,0.7764125184423847,0.7976840734481812,4600,0.0,0.0
2011-02-28 00:00:00-05:00,0.8136377397025286,0.8189556284539777,0.7976840734481812,0.7976840734481812,2100,0.0,0.0
2011-03-01 00:00:00-05:00,0.8083198509510795,0.8189556284539777,0.7976840734481812,0.7976840734481812,300,0.0,0.0
2011-03-02 00:00:00-05:00,0.771094618085254,0.8295913934707642,0.771094618085254,0.8295913934707642,7500,0.0,0.0
2011-03-03 00:00:00-05:00,0.8295915950586897,0.8508632183074951,0.8295915950586897,0.8508632183074951,5600,0.0,0.0
2011-03-04 00:00:00-05:00,0.8402270078659059,0.8402270078659059,0.8402270078659059,0.8402270078659058,1000,0.0,0.0
2011-03-07 00:00:00-05:00,0.8508628817374896,0.8508628817374896,0.8402271060173323,0.8455449938774109,1600,0.0,0.0
2011-03-08 00:00:00-05:00,0.8295911699939541,0.8402270078659059,0.8295911699939541,0.8402270078659058,1700,0.0,0.0
2011-03-09 00:00:00-05:00,0.8508627162585009,0.9572205161694313,0.8508627162585009,0.9040416479110718,44900,0.0,0.0
2011-03-10 00:00:00-05:00,0.9253134080953895,0.9253134080953895,0.8774523522575656,0.8827702403068542,15900,0.0,0.0
2011-03-11 00:00:00-05:00,0.8827705580893298,0.9093600713017743,0.8508632183074951,0.8508632183074951,11400,0.0,0.0
2011-03-14 00:00:00-04:00,0.9519028144732072,0.9519028144732072,0.8402271060173323,0.8455449938774109,2200,0.0,0.0
2011-03-15 00:00:00-04:00,0.8987242193325196,0.8987242193325196,0.8668168187141418,0.8668168187141418,1000,0.0,0.0
2011-03-16 00:00:00-04:00,0.8614986347316823,0.8614986347316823,0.7710944801009447,0.7764123678207397,16800,0.0,0.0
2011-03-17 00:00:00-04:00,0.7764125834997686,0.8242735862731935,0.7710946943027214,0.8242735862731934,4500,0.0,0.0
2011-03-18 00:00:00-04:00,0.8242735862731935,0.8402273172585748,0.7976841402879574,0.8242735862731934,14900,0.0,0.0
2011-03-21 00:00:00-04:00,0.7657765923811497,0.8508628592920923,0.7657765923811497,0.7764123678207397,13900,0.0,0.0
2011-03-22 00:00:00-04:00,0.792366184696732,0.7976840734481812,0.792366184696732,0.7976840734481812,1500,0.0,0.0
2011-03-23 00:00:00-04:00,0.7976841253187203,0.7976841253187203,0.7710946798324585,0.7710946798324585,13400,0.0,0.0
2011-03-24 00:00:00-04:00,0.7923661042230364,0.840227161519484,0.7923661042230364,0.803001880645752,10800,0.0,0.0
2011-03-25 00:00:00-04:00,0.8402270078659059,0.8402270078659059,0.8030017337996157,0.8402270078659058,1600,0.0,0.0
2011-03-28 00:00:00-04:00,0.8402271060173323,0.845544993877411,0.7870481640223222,0.8455449938774109,5200,0.0,0.0
2011-03-29 00:00:00-04:00,0.8083198509510795,0.8083198509510795,0.7976840734481812,0.7976840734481812,3800,0.0,0.0
2011-03-30 00:00:00-04:00,0.8242735862731935,0.8242735862731935,0.7976841402879574,0.8242735862731934,20800,0.0,0.0
2011-03-31 00:00:00-04:00,0.8136379251677723,0.8668168881984125,0.8136379251677723,0.8508632183074951,15100,0.0,0.0
2011-04-01 00:00:00-04:00,0.8030021452404941,0.8774526681256907,0.8030021452404941,0.8508632183074951,6000,0.0,0.0
2011-04-04 00:00:00-04:00,0.8774524388197137,0.8774524388197137,0.8455451073762703,0.8614987730979919,1900,0.0,0.0
2011-04-05 00:00:00-04:00,0.8561809848497164,0.8614988740467636,0.7764125834997686,0.8242735862731934,4400,0.0,0.0
2011-04-06 00:00:00-04:00,0.8242733790428727,0.845544993877411,0.8083197154626368,0.8455449938774109,1600,0.0,0.0
2011-04-07 00:00:00-04:00,0.7764125184423847,0.8402272468540086,0.7710946296909356,0.7976840734481812,3900,0.0,0.0
2011-04-08 00:00:00-04:00,0.7976840734481812,0.7976840734481812,0.7976840734481812,0.7976840734481812,0,0.0,0.0
2011-04-11 00:00:00-04:00,0.7764122976052773,0.8402270078659059,0.7764122976052773,0.8402270078659058,3300,0.0,0.0
2011-04-12 00:00:00-04:00,0.8508630243569069,0.8774524681141525,0.7976840734481812,0.7976840734481812,8100,0.0,0.0
2011-04-13 00:00:00-04:00,0.7764123678207397,0.7976839186999198,0.7764123678207397,0.7764123678207397,4300,0.0,0.0
2011-04-14 00:00:00-04:00,0.792366184696732,0.7976840734481812,0.792366184696732,0.7976840734481812,1200,0.0,0.0
2011-04-15 00:00:00-04:00,0.7764123720385846,0.8349092006683348,0.7764123720385846,0.834909200668335,5700,0.0,0.0
2011-04-18 00:00:00-04:00,0.7976840734481812,0.7976840734481812,0.7976840734481812,0.7976840734481812,100,0.0,0.0
2011-04-19 00:00:00-04:00,0.7976841402879574,0.8242735862731935,0.7976841402879574,0.8242735862731934,700,0.0,0.0
2011-04-20 00:00:00-04:00,0.7976839924343941,0.803001880645752,0.7976839924343941,0.803001880645752,2200,0.0,0.0
2011-04-21 00:00:00-04:00,0.797684255276855,0.8614989982347734,0.797684255276855,0.8508632183074951,7800,0.0,0.0
2011-04-25 00:00:00-04:00,0.8242733958800297,0.8561807870864869,0.8242733958800297,0.8561807870864868,1100,0.0,0.0
2011-04-26 00:00:00-04:00,0.845545206455622,0.845545206455622,0.8242735862731935,0.8242735862731934,1200,0.0,0.0
2011-04-27 00:00:00-04:00,0.8455451073762703,0.861498773097992,0.8455451073762703,0.8614987730979919,5100,0.0,0.0
2011-04-28 00:00:00-04:00,0.8614989982347734,0.8614989982347734,0.797684255276855,0.8508632183074951,9700,0.0,0.0
2011-04-29 00:00:00-04:00,0.8508632183074951,0.8508632183074951,0.8508632183074951,0.8508632183074951,0,0.0,0.0
2011-05-02 00:00:00-04:00,0.8349094974560418,0.8349094974560418,0.8083199858665466,0.8083199858665466,1200,0.0,0.0
2011-05-03 00:00:00-04:00,0.861498784667908,0.861498784667908,0.7870482802391051,0.7870482802391052,6500,0.0,0.0
2011-05-04 00:00:00-04:00,0.8083198509510795,0.8083198509510795,0.7870482959452829,0.7976840734481812,5300,0.0,0.0
2011-05-05 00:00:00-04:00,0.7976840734481812,0.7976840734481812,0.7976840734481812,0.7976840734481812,0,0.0,0.0
2011-05-06 00:00:00-04:00,0.8083198509510795,0.8083198509510795,0.7976840734481812,0.7976840734481812,1000,0.0,0.0
2011-05-09 00:00:00-04:00,0.792366184696732,0.7976840734481812,0.792366184696732,0.7976840734481812,2100,0.0,0.0
2011-05-10 00:00:00-04:00,0.7923662727586375,0.8242736088134458,0.7923662727586375,0.8189557194709778,2400,0.0,0.0
2011-05-11 00:00:00-04:00,0.8189557194709778,0.8189557194709778,0.8189557194709778,0.8189557194709778,0,0.0,0.0
2011-05-12 00:00:00-04:00,0.7923662362214681,0.7923662362214681,0.7710946798324585,0.7710946798324585,12600,0.0,0.0
2011-05-13 00:00:00-04:00,0.7710946798324585,0.7710946798324585,0.7710946798324585,0.7710946798324585,100,0.0,0.0
2011-05-16 00:00:00-04:00,0.8083199858665466,0.8083199858665466,0.8083199858665466,0.8083199858665466,400,0.0,0.0
2011-05-17 00:00:00-04:00,0.7976839186999198,0.7976839186999198,0.7764123678207397,0.7764123678207397,1800,0.0,0.0
2011-05-18 00:00:00-04:00,0.7817301154136658,0.7817301154136658,0.7817301154136658,0.7817301154136658,1600,0.0,0.0
2011-05-19 00:00:00-04:00,0.7817301154136658,0.7817301154136658,0.7817301154136658,0.7817301154136658,0,0.0,0.0
2011-05-20 00:00:00-04:00,0.7870482802391051,0.7923661688844316,0.7817303915937788,0.7870482802391052,5300,0.0,0.0
2011-05-23 00:00:00-04:00,0.7870483471242157,0.7870483471242157,0.7391872818547056,0.7710946798324585,20400,0.0,0.0
2011-05-24 00:00:00-04:00,0.7710946798324585,0.7817304580269633,0.7657767907352061,0.7710946798324585,4900,0.0,0.0
2011-05-25 00:00:00-04:00,0.7710946296909356,0.9838103699316038,0.7710946296909356,0.7976840734481812,370600,0.0,0.0
2011-05-26 00:00:00-04:00,0.7817301154136658,0.7817301154136658,0.7498227314201433,0.7817301154136658,15700,0.0,0.0
2011-05-27 00:00:00-04:00,0.7817303915937788,0.7870482802391051,0.7764125029484523,0.7870482802391052,3400,0.0,0.0
2011-05-31 00:00:00-04:00,0.8242736088134458,0.8242736088134458,0.7817304940737014,0.8189557194709778,3600,0.0,0.0
2011-06-01 00:00:00-04:00,0.7764122286471138,0.7817301154136658,0.7764122286471138,0.7817301154136658,600,0.0,0.0
2011-06-02 00:00:00-04:00,0.7976840734481812,0.8030019621996304,0.7976840734481812,0.7976840734481812,4000,0.0,0.0
2011-06-03 00:00:00-04:00,0.7923661688844316,0.7976840575297579,0.7870482802391051,0.7870482802391052,1200,0.0,0.0
2011-06-06 00:00:00-04:00,0.7870480021802178,0.7870480021802178,0.7817301154136658,0.7817301154136658,3700,0.0,0.0
2011-06-07 00:00:00-04:00,0.792366074267892,0.792366074267892,0.7657766342163086,0.7657766342163086,14400,0.0,0.0
2011-06-08 00:00:00-04:00,0.7710945222266252,0.7710945222266252,0.7604586828117663,0.7657766342163086,1100,0.0,0.0
2011-06-09 00:00:00-04:00,0.7923660309801248,0.7923660309801248,0.7604586412671325,0.7764123678207397,8200,0.0,0.0
2011-06-10 00:00:00-04:00,0.7764123678207397,0.7870481432603298,0.7604586412671325,0.7764123678207397,4100,0.0,0.0
2011-06-13 00:00:00-04:00,0.776412440497884,0.776412440497884,0.7445050477981568,0.7445050477981567,8800,0.0,0.0
2011-06-14 00:00:00-04:00,0.7072798394887152,0.7338692809230083,0.6966439995207689,0.7125977277755737,4100,0.0,0.0
2011-06-15 00:00:00-04:00,0.7232334226593424,0.7285513103455402,0.7179155349731445,0.7179155349731445,6400,0.0,0.0
2011-06-16 00:00:00-04:00,0.7179155349731445,0.7179155349731445,0.7179155349731445,0.7179155349731445,0,0.0,0.0
2011-06-17 00:00:00-04:00,0.7232335892538796,0.7498230338096619,0.7232335892538796,0.7498230338096619,500,0.0,0.0
2011-06-20 00:00:00-04:00,0.7498230338096619,0.7498230338096619,0.7498230338096619,0.7498230338096619,0,0.0,0.0
2011-06-21 00:00:00-04:00,0.7498230338096619,0.7498230338096619,0.7498230338096619,0.7498230338096619,0,0.0,0.0
2011-06-22 00:00:00-04:00,0.7710946528485241,0.7710946528485241,0.7498230338096619,0.7498230338096619,3500,0.0,0.0
2011-06-23 00:00:00-04:00,0.7498230338096619,0.7498230338096619,0.7498230338096619,0.7498230338096619,300,0.0,0.0
2011-06-24 00:00:00-04:00,0.7498230338096619,0.7498230338096619,0.7498230338096619,0.7498230338096619,200,0.0,0.0
2011-06-27 00:00:00-04:00,0.7498230338096619,0.7498230338096619,0.7498230338096619,0.7498230338096619,0,0.0,0.0
2011-06-28 00:00:00-04:00,0.7232336822514003,0.755141019821167,0.7232336822514003,0.755141019821167,4900,0.0,0.0
2011-06-29 00:00:00-04:00,0.755141019821167,0.755141019821167,0.755141019821167,0.755141019821167,0,0.0,0.0
2011-06-30 00:00:00-04:00,0.7179155990489977,0.7179155990489977,0.6913260948506037,0.7019619345664978,18000,0.0,0.0
2011-07-01 00:00:00-04:00,0.7019619345664978,0.7019619345664978,0.7019619345664978,0.7019619345664978,1800,0.0,0.0
2011-07-05 00:00:00-04:00,0.7019620423104529,0.7072799312875274,0.6913262009620665,0.6913262009620667,7600,0.0,0.0
2011-07-06 00:00:00-04:00,0.6700545126905534,0.712597679497369,0.6700545126905534,0.6806902885437012,7500,0.0,0.0
2011-07-07 00:00:00-04:00,0.6806902675830975,0.6860081553459167,0.6806902675830975,0.6860081553459167,700,0.0,0.0
2011-07-08 00:00:00-04:00,0.6860081553459167,0.6860081553459167,0.6860081553459167,0.6860081553459167,0,0.0,0.0
2011-07-11 00:00:00-04:00,0.6700546145439149,0.675372503278848,0.6700546145439149,0.6700546145439148,2000,0.0,0.0
2011-07-12 00:00:00-04:00,0.6434651708692493,0.6700546145439149,0.6434651708692493,0.6700546145439148,5900,0.0,0.0
2011-07-13 00:00:00-04:00,0.691326043108736,0.7019618820285973,0.6860081553459167,0.6860081553459167,6600,0.0,0.0
2011-07-14 00:00:00-04:00,0.6966439523234227,0.7019619036442212,0.6647366247639795,0.6806902885437012,2100,0.0,0.0
2011-07-15 00:00:00-04:00,0.7019619345664978,0.7019619345664978,0.7019619345664978,0.7019619345664978,3000,0.0,0.0
2011-07-18 00:00:00-04:00,0.65941896349638,0.6806905225142482,0.6541010737419128,0.6541010737419128,3700,0.0,0.0
2011-07-19 00:00:00-04:00,0.6647365689277649,0.6647365689277649,0.6647365689277649,0.6647365689277649,5900,0.0,0.0
2011-07-20 00:00:00-04:00,0.6594187368374057,0.6806902885437011,0.6541008489108318,0.6806902885437012,500,0.0,0.0
2011-07-21 00:00:00-04:00,0.6594188370740486,0.6700546145439149,0.6594188370740486,0.6700546145439148,500,0.0,0.0
2011-07-22 00:00:00-04:00,0.6700545126905534,0.6806902885437011,0.6700545126905534,0.6806902885437012,5400,0.0,0.0
2011-07-25 00:00:00-04:00,0.6541010737419128,0.65941896349638,0.6487831839874458,0.6541010737419128,6100,0.0,0.0
2011-07-26 00:00:00-04:00,0.6541009483391155,0.6700546145439149,0.6541009483391155,0.6700546145439148,3100,0.0,0.0
2011-07-27 00:00:00-04:00,0.6700544564076494,0.6700544564076494,0.6647365689277649,0.6647365689277649,4000,0.0,0.0
2011-07-28 00:00:00-04:00,0.675372343887534,0.675372343887534,0.6594186814478803,0.6647365689277649,10100,0.0,0.0
2011-07-29 00:00:00-04:00,0.6647366042946395,0.691326043108736,0.6647366042946395,0.6860081553459167,500,0.0,0.0
2011-08-01 00:00:00-04:00,0.6487830246467587,0.7125977494217552,0.6487830246467587,0.7072798609733582,20000,0.0,0.0
2011-08-02 00:00:00-04:00,0.707279860973358,0.707279860973358,0.707279860973358,0.7072798609733582,0,0.0,0.0
2011-08-03 00:00:00-04:00,0.6806905225142482,0.6806905225142482,0.6541010737419128,0.6541010737419128,500,0.0,0.0
2011-08-04 00:00:00-04:00,0.6594187662092322,0.6647366543726754,0.5849682685267998,0.6434651017189026,17400,0.0,0.0
2011-08-05 00:00:00-04:00,0.59028615262889,0.6381472091648073,0.59028615262889,0.6009219288825989,5100,0.0,0.0
2011-08-08 00:00:00-04:00,0.579650338593664,0.579650338593664,0.489246151238328,0.5211535096168518,64900,0.0,0.0
2011-08-09 00:00:00-04:00,0.5211536580642788,0.5424252152442932,0.49988206918714406,0.5424252152442932,9700,0.0,0.0
2011-08-10 00:00:00-04:00,0.5051999088413617,0.5583788282631739,0.5051999088413617,0.5264714956283569,28600,0.0,0.0
2011-08-11 00:00:00-04:00,0.5158355791891474,0.5530607905731457,0.4998818854703249,0.5477429032325745,26600,0.0,0.0
2011-08-12 00:00:00-04:00,0.5477431045392968,0.5477431045392968,0.5424252152442932,0.5424252152442932,800,0.0,0.0
2011-08-15 00:00:00-04:00,0.5424252152442932,0.5424252152442932,0.5424252152442932,0.5424252152442932,0,0.0,0.0
2011-08-16 00:00:00-04:00,0.5211535096168518,0.5211535096168518,0.5211535096168518,0.5211535096168518,400,0.0,0.0
2011-08-17 00:00:00-04:00,0.5371072292327881,0.5424251175702035,0.5371072292327881,0.5371072292327881,6000,0.0,0.0
2011-08-18 00:00:00-04:00,0.5211536437375912,0.5317894220352173,0.5211536437375912,0.5317894220352173,1700,0.0,0.0
2011-08-19 00:00:00-04:00,0.5211535096168518,0.5211535096168518,0.5211535096168518,0.5211535096168518,4100,0.0,0.0
2011-08-22 00:00:00-04:00,0.5371073111840303,0.5371073111840303,0.5317894220352173,0.5317894220352173,2200,0.0,0.0
2011-08-23 00:00:00-04:00,0.537107273173296,0.537107273173296,0.5264714956283569,0.5264714956283569,1700,0.0,0.0
2011-08-24 00:00:00-04:00,0.5317894220352173,0.5317894220352173,0.5317894220352173,0.5317894220352173,100,0.0,0.0
2011-08-25 00:00:00-04:00,0.5371073111840303,0.5371073111840303,0.5211536437375912,0.5317894220352173,3900,0.0,0.0
2011-08-26 00:00:00-04:00,0.5211536437375912,0.5317894220352173,0.5211536437375912,0.5317894220352173,1200,0.0,0.0
2011-08-29 00:00:00-04:00,0.5317894220352173,0.5317894220352173,0.5317894220352173,0.5317894220352173,0,0.0,0.0
2011-08-30 00:00:00-04:00,0.5530607262505222,0.5796502232551575,0.5530607262505222,0.5796502232551575,21900,0.0,0.0
2011-08-31 00:00:00-04:00,0.5796502232551575,0.5796502232551575,0.5796502232551575,0.5796502232551575,0,0.0,0.0
2011-09-01 00:00:00-04:00,0.5902860164642334,0.5902860164642334,0.5902860164642334,0.5902860164642334,8200,0.0,0.0
2011-09-02 00:00:00-04:00,0.5796504129762409,0.6115577437521029,0.5796504129762409,0.6062398552894592,17800,0.0,0.0
2011-09-06 00:00:00-04:00,0.6328291538702178,0.6381470405923028,0.5583786129726072,0.5796502232551575,11600,0.0,0.0
2011-09-07 00:00:00-04:00,0.6009219531322846,0.638147234916687,0.6009219531322846,0.638147234916687,24700,0.0,0.0
2011-09-08 00:00:00-04:00,0.6381472135554593,0.6434651017189026,0.6381472135554593,0.6434651017189026,1200,0.0,0.0
2011-09-09 00:00:00-04:00,0.6434651017189026,0.6434651017189026,0.6434651017189026,0.6434651017189026,0,0.0,0.0
2011-09-12 00:00:00-04:00,0.6647366366392838,0.6647366366392838,0.6328293085098265,0.6328293085098267,2600,0.0,0.0
2011-09-13 00:00:00-04:00,0.6328293728482527,0.6753724813461304,0.6328293728482527,0.6753724813461304,8500,0.0,0.0
2011-09-14 00:00:00-04:00,0.6700545927838957,0.6753724813461304,0.6700545927838957,0.6753724813461304,2600,0.0,0.0
2011-09-15 00:00:00-04:00,0.6753724813461304,0.6753724813461304,0.6753724813461304,0.6753724813461304,0,0.0,0.0
2011-09-16 00:00:00-04:00,0.6328293085098265,0.6328293085098265,0.6328293085098265,0.6328293085098267,200,0.0,0.0
2011-09-19 00:00:00-04:00,0.6328293085098265,0.6328293085098265,0.6328293085098265,0.6328293085098267,100,0.0,0.0
2011-09-20 00:00:00-04:00,0.6806904230079174,0.6913262009620665,0.6806904230079174,0.6913262009620667,1400,0.0,0.0
2011-09-21 00:00:00-04:00,0.6913262009620665,0.6913262009620665,0.6913262009620665,0.6913262009620667,0,0.0,0.0
2011-09-22 00:00:00-04:00,0.6009219288825989,0.6009219288825989,0.6009219288825989,0.6009219288825989,100,0.0,0.0
2011-09-23 00:00:00-04:00,0.6009219288825989,0.6009219288825989,0.6009219288825989,0.6009219288825989,0,0.0,0.0
2011-09-26 00:00:00-04:00,0.6009219288825989,0.6009219288825989,0.6009219288825989,0.6009219288825989,0,0.0,0.0
2011-09-27 00:00:00-04:00,0.6009219288825989,0.6009219288825989,0.6009219288825989,0.6009219288825989,0,0.0,0.0
2011-09-28 00:00:00-04:00,0.6009219288825989,0.6009219288825989,0.6009219288825989,0.6009219288825989,0,0.0,0.0
2011-09-29 00:00:00-04:00,0.6009219288825989,0.6009219288825989,0.6009219288825989,0.6009219288825989,0,0.0,0.0
2011-09-30 00:00:00-04:00,0.6062398050077198,0.6381471965314028,0.6062398050077198,0.6328293085098267,400,0.0,0.0
2011-10-03 00:00:00-04:00,0.6115578413009644,0.6115578413009644,0.6115578413009644,0.6115578413009644,300,0.0,0.0
2011-10-04 00:00:00-04:00,0.5849682263738994,0.5849682263738994,0.5211535096168518,0.5211535096168518,4700,0.0,0.0
2011-10-05 00:00:00-04:00,0.5317893408953728,0.5371072292327881,0.5317893408953728,0.5371072292327881,400,0.0,0.0
2011-10-06 00:00:00-04:00,0.5583788247110587,0.6275114417076111,0.5583788247110587,0.6275114417076111,300,0.0,0.0
2011-10-07 00:00:00-04:00,0.6275114417076111,0.6275114417076111,0.6275114417076111,0.6275114417076111,0,0.0,0.0
2011-10-10 00:00:00-04:00,0.6275114417076111,0.6275114417076111,0.6275114417076111,0.6275114417076111,0,0.0,0.0
2011-10-11 00:00:00-04:00,0.6275114417076111,0.6275114417076111,0.6275114417076111,0.6275114417076111,0,0.0,0.0
2011-10-12 00:00:00-04:00,0.6275114381434319,0.6275114381434319,0.5849683284759521,0.5849683284759521,1800,0.0,0.0
2011-10-13 00:00:00-04:00,0.5849682377783846,0.5849682377783846,0.5636966228485107,0.5636966228485107,7100,0.0,0.0
2011-10-14 00:00:00-04:00,0.5636966228485107,0.5636966228485107,0.5636966228485107,0.5636966228485107,0,0.0,0.0
2011-10-17 00:00:00-04:00,0.5636966228485107,0.5636966228485107,0.5636966228485107,0.5636966228485107,0,0.0,0.0
2011-10-18 00:00:00-04:00,0.5636966228485107,0.5636966228485107,0.5636966228485107,0.5636966228485107,0,0.0,0.0
2011-10-19 00:00:00-04:00,0.5477430059076188,0.5477430059076188,0.5371072292327881,0.5371072292327881,1500,0.0,0.0
2011-10-20 00:00:00-04:00,0.5371072292327881,0.5371072292327881,0.5371072292327881,0.5371072292327881,0,0.0,0.0
2011-10-21 00:00:00-04:00,0.5371072292327881,0.5371072292327881,0.5371072292327881,0.5371072292327881,0,0.0,0.0
2011-10-24 00:00:00-04:00,0.5371072292327881,0.5371072292327881,0.5371072292327881,0.5371072292327881,3200,0.0,0.0
2011-10-25 00:00:00-04:00,0.5371072292327881,0.5371072292327881,0.5371072292327881,0.5371072292327881,0,0.0,0.0
2011-10-26 00:00:00-04:00,0.5371072292327881,0.5371072292327881,0.5371072292327881,0.5371072292327881,0,0.0,0.0
2011-10-27 00:00:00-04:00,0.5636966228485107,0.5636966228485107,0.5583787349645983,0.5636966228485107,2100,0.0,0.0
2011-10-28 00:00:00-04:00,0.5371072292327881,0.5424251175702035,0.5317893408953728,0.5371072292327881,7400,0.0,0.0
2011-10-31 00:00:00-04:00,0.5371072292327881,0.5371072292327881,0.5371072292327881,0.5371072292327881,0,0.0,0.0
2011-11-01 00:00:00-04:00,0.5371072292327881,0.5371072292327881,0.5371072292327881,0.5371072292327881,0,0.0,0.0
2011-11-02 00:00:00-04:00,0.5371072292327881,0.5371072292327881,0.5371072292327881,0.5371072292327881,0,0.0,0.0
2011-11-03 00:00:00-04:00,0.5371072292327881,0.5371072292327881,0.5371072292327881,0.5371072292327881,0,0.0,0.0
2011-11-04 00:00:00-04:00,0.5371072292327881,0.5371072292327881,0.5371072292327881,0.5371072292327881,0,0.0,0.0
2011-11-07 00:00:00-05:00,0.5371072292327881,0.5371072292327881,0.5371072292327881,0.5371072292327881,400,0.0,0.0
2011-11-08 00:00:00-05:00,0.6168756176882482,0.6168756176882482,0.5317893408953728,0.5371072292327881,2000,0.0,0.0
2011-11-09 00:00:00-05:00,0.5371072519371671,0.5743325352668763,0.5317893633749562,0.5743325352668762,4800,0.0,0.0
2011-11-10 00:00:00-05:00,0.5371072292327881,0.5583787825824496,0.5371072292327881,0.5371072292327881,2100,0.0,0.0
2011-11-11 00:00:00-05:00,0.5477430059076188,0.5477430059076188,0.5371072292327881,0.5371072292327881,2000,0.0,0.0
2011-11-14 00:00:00-05:00,0.5371072292327881,0.5371072292327881,0.5371072292327881,0.5371072292327881,200,0.0,0.0
2011-11-15 00:00:00-05:00,0.5371072292327881,0.5371072292327881,0.5371072292327881,0.5371072292327881,0,0.0,0.0
2011-11-16 00:00:00-05:00,0.5424251404993782,0.5743325352668763,0.5371072519371671,0.5743325352668762,1200,0.0,0.0
2011-11-17 00:00:00-05:00,0.5743325352668763,0.5743325352668763,0.5743325352668763,0.5743325352668762,0,0.0,0.0
2011-11-18 00:00:00-05:00,0.5743325352668763,0.5743325352668763,0.5743325352668763,0.5743325352668762,0,0.0,0.0
2011-11-21 00:00:00-05:00,0.5743325352668763,0.5743325352668763,0.5743325352668763,0.5743325352668762,3300,0.0,0.0
2011-11-22 00:00:00-05:00,0.5743325352668763,0.5743325352668763,0.5743325352668763,0.5743325352668762,0,0.0,0.0
2011-11-23 00:00:00-05:00,0.5743325352668763,0.5743325352668763,0.5743325352668763,0.5743325352668762,0,0.0,0.0
2011-11-25 00:00:00-05:00,0.5743325352668763,0.5743325352668763,0.5743325352668763,0.5743325352668762,0,0.0,0.0
2011-11-28 00:00:00-05:00,0.5743325352668763,0.5743325352668763,0.5743325352668763,0.5743325352668762,0,0.0,0.0
2011-11-29 00:00:00-05:00,0.5317892851773226,0.5317892851773226,0.5211535096168518,0.5211535096168518,1000,0.0,0.0
2011-11-30 00:00:00-05:00,0.5211536687232773,0.5211536687232773,0.5051999688148499,0.5051999688148499,3200,0.0,0.0
2011-12-01 00:00:00-05:00,0.5158357793195085,0.5158357793195085,0.4998820794110811,0.5051999688148499,3200,0.0,0.0
2011-12-02 00:00:00-05:00,0.5051999088413617,0.5583788282631739,0.49988202006889215,0.5264714956283569,4500,0.0,0.0
2011-12-05 00:00:00-05:00,0.5105177760124207,0.5424251389942667,0.5105177760124207,0.5105177760124207,1500,0.0,0.0
2011-12-06 00:00:00-05:00,0.5583786964416504,0.5583786964416504,0.5583786964416504,0.5583786964416504,100,0.0,0.0
2011-12-07 00:00:00-05:00,0.5583786964416504,0.5583786964416504,0.5583786964416504,0.5583786964416504,0,0.0,0.0
2011-12-08 00:00:00-05:00,0.5583786964416504,0.5583786964416504,0.5583786964416504,0.5583786964416504,0,0.0,0.0
2011-12-09 00:00:00-05:00,0.5477431157421211,0.5530610051458899,0.5051999688148499,0.5051999688148499,2200,0.0,0.0
2011-12-12 00:00:00-05:00,0.49988195300102234,0.49988195300102234,0.49988195300102234,0.49988195300102234,3300,0.0,0.0
2011-12-13 00:00:00-05:00,0.49988205544521946,0.5317894220352173,0.4732925780040347,0.5317894220352173,4100,0.0,0.0
2011-12-14 00:00:00-05:00,0.5317894220352173,0.5317894220352173,0.5317894220352173,0.5317894220352173,0,0.0,0.0
2011-12-15 00:00:00-05:00,0.5424249740616949,0.5424249740616949,0.47329238057136536,0.47329238057136536,1400,0.0,0.0
2011-12-16 00:00:00-05:00,0.4732923712588797,0.5105176107368371,0.45202082395553594,0.4520208239555359,14300,0.0,0.0
2011-12-19 00:00:00-05:00,0.4732923712588797,0.4732923712588797,0.45202082395553594,0.4520208239555359,700,0.0,0.0
2011-12-20 00:00:00-05:00,0.5051997239110011,0.5051997239110011,0.4467029054325942,0.4520208239555359,600,0.0,0.0
2011-12-21 00:00:00-05:00,0.4360671317809223,0.45202082395553594,0.4360671317809223,0.4520208239555359,700,0.0,0.0
2011-12-22 00:00:00-05:00,0.5105177727863568,0.5105177727863568,0.46797463297843933,0.46797463297843933,1700,0.0,0.0
2011-12-23 00:00:00-05:00,0.46797463297843933,0.46797463297843933,0.46797463297843933,0.46797463297843933,0,0.0,0.0
2011-12-27 00:00:00-05:00,0.4360673222652238,0.5317894220352173,0.4360673222652238,0.5317894220352173,13200,0.0,0.0
2011-12-28 00:00:00-05:00,0.4786104559898376,0.4786104559898376,0.4786104559898376,0.47861045598983765,3200,0.0,0.0
2011-12-29 00:00:00-05:00,0.5424251554142384,0.6381472789545357,0.5317893779973685,0.5849683284759521,49400,0.0,0.0
2011-12-30 00:00:00-05:00,0.584968287663756,0.584968287663756,0.4998819791737658,0.5371072292327881,11900,0.0,0.0
2012-01-03 00:00:00-05:00,0.5105177976138312,0.5264714956283569,0.5051999088413617,0.5264714956283569,5700,0.0,0.0
2012-01-04 00:00:00-05:00,0.515835648875082,0.515835648875082,0.49988195300102234,0.49988195300102234,1600,0.0,0.0
2012-01-05 00:00:00-05:00,0.47861038979924037,0.5530608892440796,0.47861038979924037,0.5530608892440796,21900,0.0,0.0
2012-01-06 00:00:00-05:00,0.5158357545887782,0.5317894220352173,0.5051999445940325,0.5317894220352173,5100,0.0,0.0
2012-01-09 00:00:00-05:00,0.5317894220352173,0.5317894220352173,0.5317894220352173,0.5317894220352173,0,0.0,0.0
2012-01-10 00:00:00-05:00,0.5477430441226734,0.5956041058928221,0.5424251554142384,0.5849683284759521,23400,0.0,0.0
2012-01-11 00:00:00-05:00,0.5743325402125401,0.6594188213348388,0.5743325402125401,0.6594188213348389,33300,0.0,0.0
2012-01-12 00:00:00-05:00,0.6594187368374057,0.7657766221573322,0.6594187368374057,0.6806902885437012,28600,0.0,0.0
2012-01-13 00:00:00-05:00,0.6913262009620665,0.6913262009620665,0.6913262009620665,0.6913262009620667,100,0.0,0.0
2012-01-17 00:00:00-05:00,0.6753724212691892,0.6806903093583775,0.5530608684294034,0.6168755888938904,18400,0.0,0.0
2012-01-18 00:00:00-05:00,0.5690144498109875,0.6115575435876675,0.5690144498109875,0.5796502232551575,6600,0.0,0.0
2012-01-19 00:00:00-05:00,0.5796502232551575,0.5796502232551575,0.5796502232551575,0.5796502232551575,0,0.0,0.0
2012-01-20 00:00:00-05:00,0.638147234916687,0.6541008999410468,0.638147234916687,0.638147234916687,1300,0.0,0.0
2012-01-23 00:00:00-05:00,0.638147234916687,0.638147234916687,0.638147234916687,0.638147234916687,0,0.0,0.0
2012-01-24 00:00:00-05:00,0.5690146001214721,0.6009219288825989,0.5636966486003906,0.6009219288825989,4900,0.0,0.0
2012-01-25 00:00:00-05:00,0.6221934769830788,0.6221934769830788,0.6168755888938905,0.6168755888938904,3800,0.0,0.0
2012-01-26 00:00:00-05:00,0.6062396568655825,0.6062396568655825,0.5690144498109875,0.5796502232551575,5200,0.0,0.0
2012-01-27 00:00:00-05:00,0.5796502232551575,0.5796502232551575,0.5796502232551575,0.5796502232551575,3100,0.0,0.0
2012-01-30 00:00:00-05:00,0.5796502232551575,0.5796502232551575,0.5796502232551575,0.5796502232551575,0,0.0,0.0
2012-01-31 00:00:00-05:00,0.5849681099772425,0.5849681099772425,0.5796502232551575,0.5796502232551575,3900,0.0,0.0
2012-02-01 00:00:00-05:00,0.5796502232551575,0.5796502232551575,0.5796502232551575,0.5796502232551575,0,0.0,0.0
2012-02-02 00:00:00-05:00,0.5796502232551575,0.5796502232551575,0.5796502232551575,0.5796502232551575,5000,0.0,0.0
2012-02-03 00:00:00-05:00,0.5796502232551575,0.5796502232551575,0.5796502232551575,0.5796502232551575,0,0.0,0.0
2012-02-06 00:00:00-05:00,0.5849683284759521,0.6381472789545357,0.5796504397675172,0.5849683284759521,7000,0.0,0.0
2012-02-07 00:00:00-05:00,0.5849683284759521,0.5849683284759521,0.5849683284759521,0.5849683284759521,0,0.0,0.0
2012-02-08 00:00:00-05:00,0.5849683284759521,0.5849683284759521,0.5849683284759521,0.5849683284759521,0,0.0,0.0
2012-02-09 00:00:00-05:00,0.5849683284759521,0.5849683284759521,0.5849683284759521,0.5849683284759521,0,0.0,0.0
2012-02-10 00:00:00-05:00,0.5849683284759521,0.5849683284759521,0.5849683284759521,0.5849683284759521,0,0.0,0.0
2012-02-13 00:00:00-05:00,0.6328292949048276,0.6328292949048276,0.622193455696106,0.622193455696106,4500,0.0,0.0
2012-02-14 00:00:00-05:00,0.6062398552894592,0.6062398552894592,0.6062398552894592,0.6062398552894592,100,0.0,0.0
2012-02-15 00:00:00-05:00,0.6062398552894592,0.6062398552894592,0.6062398552894592,0.6062398552894592,0,0.0,0.0
2012-02-16 00:00:00-05:00,0.5849683284759521,0.5849683284759521,0.5796504397675172,0.5849683284759521,3800,0.0,0.0
2012-02-17 00:00:00-05:00,0.5849683284759521,0.5849683284759521,0.5849683284759521,0.5849683284759521,1500,0.0,0.0
2012-02-21 00:00:00-05:00,0.611557772018127,0.6221935494349969,0.5849683284759521,0.5849683284759521,2800,0.0,0.0
2012-02-22 00:00:00-05:00,0.5849683284759521,0.5849683284759521,0.5849683284759521,0.5849683284759521,1400,0.0,0.0
2012-02-23 00:00:00-05:00,0.5849683284759521,0.5849683284759521,0.5849683284759521,0.5849683284759521,1000,0.0,0.0
2012-02-24 00:00:00-05:00,0.5849683284759521,0.5849683284759521,0.5849683284759521,0.5849683284759521,0,0.0,0.0
2012-02-27 00:00:00-05:00,0.6009219288825989,0.6009219288825989,0.6009219288825989,0.6009219288825989,200,0.0,0.0
2012-02-28 00:00:00-05:00,0.6009219946012571,0.6009219946012571,0.5849683284759521,0.5849683284759521,400,0.0,0.0
2012-02-29 00:00:00-05:00,0.5849683284759521,0.5849683284759521,0.5849683284759521,0.5849683284759521,0,0.0,0.0
2012-03-01 00:00:00-05:00,0.595603883266449,0.595603883266449,0.595603883266449,0.595603883266449,100,0.0,0.0
2012-03-02 00:00:00-05:00,0.595603883266449,0.595603883266449,0.595603883266449,0.595603883266449,0,0.0,0.0
2012-03-05 00:00:00-05:00,0.595603883266449,0.595603883266449,0.595603883266449,0.595603883266449,0,0.0,0.0
2012-03-06 00:00:00-05:00,0.595603883266449,0.595603883266449,0.595603883266449,0.595603883266449,0,0.0,0.0
2012-03-07 00:00:00-05:00,0.595603883266449,0.595603883266449,0.595603883266449,0.595603883266449,100,0.0,0.0
2012-03-08 00:00:00-05:00,0.595604016159863,0.6328292949048276,0.5902861282526144,0.622193455696106,5400,0.0,0.0
2012-03-09 00:00:00-05:00,0.6275113436033546,0.6275113436033546,0.622193455696106,0.622193455696106,400,0.0,0.0
2012-03-12 00:00:00-04:00,0.5902859965457476,0.595603883266449,0.5902859965457476,0.595603883266449,2100,0.0,0.0
2012-03-13 00:00:00-04:00,0.5902860164642334,0.5902860164642334,0.5902860164642334,0.5902860164642334,100,0.0,0.0
2012-03-14 00:00:00-04:00,0.5902860164642334,0.5902860164642334,0.5902860164642334,0.5902860164642334,0,0.0,0.0
2012-03-15 00:00:00-04:00,0.5902860164642334,0.5902860164642334,0.5902860164642334,0.5902860164642334,0,0.0,0.0
2012-03-16 00:00:00-04:00,0.5902860164642334,0.5902860164642334,0.5902860164642334,0.5902860164642334,0,0.0,0.0
2012-03-19 00:00:00-04:00,0.6275114417076111,0.6275114417076111,0.6275114417076111,0.6275114417076111,5000,0.0,0.0
2012-03-20 00:00:00-04:00,0.627511394839551,0.638147234916687,0.627511394839551,0.638147234916687,7900,0.0,0.0
2012-03-21 00:00:00-04:00,0.5902860164642334,0.5956039033643805,0.5849681295640864,0.5902860164642334,11000,0.0,0.0
2012-03-22 00:00:00-04:00,0.5902860164642334,0.5902860164642334,0.5902860164642334,0.5902860164642334,0,0.0,0.0
2012-03-23 00:00:00-04:00,0.5902860164642334,0.5902860164642334,0.5902860164642334,0.5902860164642334,0,0.0,0.0
2012-03-26 00:00:00-04:00,0.5902860164642334,0.5902860164642334,0.5902860164642334,0.5902860164642334,0,0.0,0.0
2012-03-27 00:00:00-04:00,0.5902860164642334,0.5902860164642334,0.5902860164642334,0.5902860164642334,0,0.0,0.0
2012-03-28 00:00:00-04:00,0.5902860164642334,0.5902860164642334,0.5902860164642334,0.5902860164642334,0,0.0,0.0
2012-03-29 00:00:00-04:00,0.5902860164642334,0.5902860164642334,0.5902860164642334,0.5902860164642334,0,0.0,0.0
2012-03-30 00:00:00-04:00,0.5902860164642334,0.5902860164642334,0.5902860164642334,0.5902860164642334,0,0.0,0.0
2012-04-02 00:00:00-04:00,0.5583786964416504,0.5583786964416504,0.5583786964416504,0.5583786964416504,3000,0.0,0.0
2012-04-03 00:00:00-04:00,0.5690144896507263,0.5690144896507263,0.5690144896507263,0.5690144896507263,700,0.0,0.0
2012-04-04 00:00:00-04:00,0.5690144896507263,0.5690144896507263,0.5690144896507263,0.5690144896507263,0,0.0,0.0
2012-04-05 00:00:00-04:00,0.5849681295640864,0.5902860164642334,0.5317891971684036,0.5902860164642334,20200,0.0,0.0
2012-04-09 00:00:00-04:00,0.5477430188061477,0.6062398552894592,0.5477430188061477,0.6062398552894592,400,0.0,0.0
2012-04-10 00:00:00-04:00,0.5477430441226734,0.5849683284759521,0.5477430441226734,0.5849683284759521,23400,0.0,0.0
2012-04-11 00:00:00-04:00,0.5849683284759521,0.5849683284759521,0.5849683284759521,0.5849683284759521,0,0.0,0.0
2012-04-12 00:00:00-04:00,0.5424250736931525,0.622193455696106,0.5424250736931525,0.622193455696106,400,0.0,0.0
2012-04-13 00:00:00-04:00,0.5477429616004011,0.622193455696106,0.5477429616004011,0.622193455696106,2300,0.0,0.0
2012-04-16 00:00:00-04:00,0.5743324223869527,0.5743324223869527,0.5583786964416504,0.5583786964416504,700,0.0,0.0
2012-04-17 00:00:00-04:00,0.5636966228485107,0.5636966228485107,0.5636966228485107,0.5636966228485107,300,0.0,0.0
2012-04-18 00:00:00-04:00,0.5477429032325745,0.5477429032325745,0.5477429032325745,0.5477429032325745,1500,0.0,0.0
2012-04-19 00:00:00-04:00,0.5690145348699251,0.5690145348699251,0.5583786964416504,0.5583786964416504,5100,0.0,0.0
2012-04-20 00:00:00-04:00,0.5583786964416504,0.5583786964416504,0.5583786964416504,0.5583786964416504,0,0.0,0.0
2012-04-23 00:00:00-04:00,0.5583786964416504,0.5583786964416504,0.5583786964416504,0.5583786964416504,0,0.0,0.0
2012-04-24 00:00:00-04:00,0.5530607905731457,0.5530607905731457,0.5477429032325745,0.5477429032325745,500,0.0,0.0
2012-04-25 00:00:00-04:00,0.5530609176238002,0.5743325352668763,0.5477430290615891,0.5743325352668762,4800,0.0,0.0
2012-04-26 00:00:00-04:00,0.5796503099039803,0.5956039724550629,0.5583786964416504,0.5583786964416504,10200,0.0,0.0
2012-04-27 00:00:00-04:00,0.5743325352668763,0.5796504238290873,0.5371072519371671,0.5743325352668762,3000,0.0,0.0
2012-04-30 00:00:00-04:00,0.5743325352668763,0.5743325352668763,0.5743325352668763,0.5743325352668762,0,0.0,0.0
2012-05-01 00:00:00-04:00,0.5743325352668763,0.5743325352668763,0.5743325352668763,0.5743325352668762,0,0.0,0.0
2012-05-02 00:00:00-04:00,0.5743325352668763,0.5743325352668763,0.5743325352668763,0.5743325352668762,0,0.0,0.0
2012-05-03 00:00:00-04:00,0.5424252152442932,0.5424252152442932,0.5424252152442932,0.5424252152442932,500,0.0,0.0
2012-05-04 00:00:00-04:00,0.5477428393859262,0.595603883266449,0.5371070659445234,0.595603883266449,500,0.0,0.0
2012-05-07 00:00:00-04:00,0.5902862171843871,0.5902862171843871,0.5849683284759521,0.5849683284759521,2800,0.0,0.0
2012-05-08 00:00:00-04:00,0.5530607262505222,0.5796502232551575,0.5317891793621822,0.5796502232551575,20600,0.0,0.0
2012-05-09 00:00:00-04:00,0.5317893633749562,0.5743325352668763,0.5317893633749562,0.5743325352668762,1000,0.0,0.0
2012-05-10 00:00:00-04:00,0.5743325352668763,0.5743325352668763,0.5743325352668763,0.5743325352668762,0,0.0,0.0
2012-05-11 00:00:00-04:00,0.5743325352668763,0.5743325352668763,0.5743325352668763,0.5743325352668762,0,0.0,0.0
2012-05-14 00:00:00-04:00,0.5211535862505342,0.5743325352668763,0.5211535862505342,0.5743325352668762,6900,0.0,0.0
2012-05-15 00:00:00-04:00,0.574332376745145,0.574332376745145,0.5690144896507263,0.5690144896507263,1100,0.0,0.0
2012-05-16 00:00:00-04:00,0.5849683284759521,0.5849683284759521,0.5849683284759521,0.5849683284759521,200,0.0,0.0
2012-05-17 00:00:00-04:00,0.5264714892889335,0.5849683284759521,0.5264714892889335,0.5849683284759521,300,0.0,0.0
2012-05-18 00:00:00-04:00,0.5264713713394851,0.5583786964416504,0.5264713713394851,0.5583786964416504,900,0.0,0.0
2012-05-21 00:00:00-04:00,0.5743325352668763,0.5743325352668763,0.5743325352668763,0.5743325352668762,300,0.0,0.0
2012-05-22 00:00:00-04:00,0.5743325352668763,0.5743325352668763,0.5743325352668763,0.5743325352668762,300,0.0,0.0
2012-05-23 00:00:00-04:00,0.5743325352668763,0.5743325352668763,0.5743325352668763,0.5743325352668762,200,0.0,0.0
2012-05-24 00:00:00-04:00,0.5743325352668763,0.5743325352668763,0.5743325352668763,0.5743325352668762,0,0.0,0.0
2012-05-25 00:00:00-04:00,0.5743325352668763,0.5743325352668763,0.5743325352668763,0.5743325352668762,0,0.0,0.0
2012-05-29 00:00:00-04:00,0.5743325352668763,0.5743325352668763,0.5743325352668763,0.5743325352668762,0,0.0,0.0
2012-05-30 00:00:00-04:00,0.5211535862505342,0.5743325352668763,0.5211535862505342,0.5743325352668762,3100,0.0,0.0
2012-05-31 00:00:00-04:00,0.5743325352668763,0.5743325352668763,0.5743325352668763,0.5743325352668762,0,0.0,0.0
2012-06-01 00:00:00-04:00,0.5743325352668763,0.5743325352668763,0.5743325352668763,0.5743325352668762,0,0.0,0.0
2012-06-04 00:00:00-04:00,0.5583787775334089,0.5583787775334089,0.5211535595081037,0.5530608892440796,1000,0.0,0.0
2012-06-05 00:00:00-04:00,0.5530608892440796,0.5530608892440796,0.5530608892440796,0.5530608892440796,0,0.0,0.0
2012-06-06 00:00:00-04:00,0.5530608892440796,0.5530608892440796,0.5530608892440796,0.5530608892440796,0,0.0,0.0
2012-06-07 00:00:00-04:00,0.5424252152442932,0.5424252152442932,0.5424252152442932,0.5424252152442932,100,0.0,0.0
2012-06-08 00:00:00-04:00,0.5477430275417217,0.5477430275417217,0.5105177760124207,0.5105177760124207,300,0.0,0.0
2012-06-11 00:00:00-04:00,0.5105178582186186,0.5424252263383523,0.5051999688148499,0.5051999688148499,2600,0.0,0.0
2012-06-12 00:00:00-04:00,0.5051999688148499,0.5051999688148499,0.5051999688148499,0.5051999688148499,0,0.0,0.0
2012-06-13 00:00:00-04:00,0.5477429032325745,0.5477429032325745,0.5477429032325745,0.5477429032325745,400,0.0,0.0
2012-06-14 00:00:00-04:00,0.5477429032325745,0.5477429032325745,0.5477429032325745,0.5477429032325745,1000,0.0,0.0
2012-06-15 00:00:00-04:00,0.5477429032325745,0.5477429032325745,0.5477429032325745,0.5477429032325745,0,0.0,0.0
2012-06-18 00:00:00-04:00,0.5317893408953728,0.5371072292327881,0.5051998675111812,0.5371072292327881,1900,0.0,0.0
2012-06-19 00:00:00-04:00,0.526471558127046,0.5317894475308148,0.5051999688148499,0.5051999688148499,5400,0.0,0.0
2012-06-20 00:00:00-04:00,0.5477429032325745,0.5477429032325745,0.5105176601514673,0.5477429032325745,6700,0.0,0.0
2012-06-21 00:00:00-04:00,0.5477429032325745,0.5477429032325745,0.5477429032325745,0.5477429032325745,100,0.0,0.0
2012-06-22 00:00:00-04:00,0.5477431045392968,0.5477431045392968,0.5424252152442932,0.5424252152442932,2900,0.0,0.0
2012-06-25 00:00:00-04:00,0.5424252152442932,0.5424252152442932,0.5424252152442932,0.5424252152442932,0,0.0,0.0
2012-06-26 00:00:00-04:00,0.5424252152442932,0.5424252152442932,0.5424252152442932,0.5424252152442932,0,0.0,0.0
2012-06-27 00:00:00-04:00,0.5211536068558875,0.5264714956283569,0.5211536068558875,0.5264714956283569,200,0.0,0.0
2012-06-28 00:00:00-04:00,0.5158357687692753,0.5424252152442932,0.5158357687692753,0.5424252152442932,1300,0.0,0.0
2012-06-29 00:00:00-04:00,0.5424252152442932,0.5424252152442932,0.5424252152442932,0.5424252152442932,0,0.0,0.0
2012-07-02 00:00:00-04:00,0.5477429032325745,0.5477429032325745,0.5477429032325745,0.5477429032325745,1200,0.0,0.0
2012-07-03 00:00:00-04:00,0.5477429032325745,0.5477429032325745,0.5477429032325745,0.5477429032325745,0,0.0,0.0
2012-07-05 00:00:00-04:00,0.5424252152442932,0.5424252152442932,0.5424252152442932,0.5424252152442932,300,0.0,0.0
2012-07-06 00:00:00-04:00,0.5424252152442932,0.5424252152442932,0.5424252152442932,0.5424252152442932,0,0.0,0.0
2012-07-09 00:00:00-04:00,0.5158356428146362,0.5158356428146362,0.5158356428146362,0.5158356428146362,400,0.0,0.0
2012-07-10 00:00:00-04:00,0.5158356428146362,0.5158356428146362,0.5158356428146362,0.5158356428146362,0,0.0,0.0
2012-07-11 00:00:00-04:00,0.49988195300102234,0.49988195300102234,0.49988195300102234,0.49988195300102234,800,0.0,0.0
2012-07-12 00:00:00-04:00,0.5211536068558875,0.5264714956283569,0.5211536068558875,0.5264714956283569,600,0.0,0.0
2012-07-13 00:00:00-04:00,0.5264714956283569,0.5264714956283569,0.5264714956283569,0.5264714956283569,0,0.0,0.0
2012-07-16 00:00:00-04:00,0.5264714956283569,0.5264714956283569,0.5264714956283569,0.5264714956283569,0,0.0,0.0
2012-07-17 00:00:00-04:00,0.49988195300102234,0.49988195300102234,0.49988195300102234,0.49988195300102234,1000,0.0,0.0
2012-07-18 00:00:00-04:00,0.49988195300102234,0.49988195300102234,0.49988195300102234,0.49988195300102234,0,0.0,0.0
2012-07-19 00:00:00-04:00,0.49988195300102234,0.49988195300102234,0.49988195300102234,0.49988195300102234,0,0.0,0.0
2012-07-20 00:00:00-04:00,0.49988195300102234,0.49988195300102234,0.49988195300102234,0.49988195300102234,200,0.0,0.0
2012-07-23 00:00:00-04:00,0.49988195300102234,0.49988195300102234,0.49988195300102234,0.49988195300102234,0,0.0,0.0
2012-07-24 00:00:00-04:00,0.49988195300102234,0.49988195300102234,0.49988195300102234,0.49988195300102234,1000,0.0,0.0
2012-07-25 00:00:00-04:00,0.49988195300102234,0.49988195300102234,0.49988195300102234,0.49988195300102234,200,0.0,0.0
2012-07-26 00:00:00-04:00,0.49988195300102234,0.49988195300102234,0.49988195300102234,0.49988195300102234,200,0.0,0.0
2012-07-27 00:00:00-04:00,0.49988195300102234,0.49988195300102234,0.49988195300102234,0.49988195300102234,0,0.0,0.0
2012-07-30 00:00:00-04:00,0.4998820794110811,0.5317894475308148,0.4998820794110811,0.5051999688148499,3200,0.0,0.0
2012-07-31 00:00:00-04:00,0.5317892851773226,0.5317892851773226,0.4998819267987988,0.5211535096168518,3500,0.0,0.0
2012-08-01 00:00:00-04:00,0.5211535096168518,0.5211535096168518,0.5211535096168518,0.5211535096168518,0,0.0,0.0
2012-08-02 00:00:00-04:00,0.49988195300102234,0.49988195300102234,0.49988195300102234,0.49988195300102234,4500,0.0,0.0
2012-08-03 00:00:00-04:00,0.49456416817019727,0.50519994650812,0.48924627900123596,0.48924627900123596,13700,0.0,0.0
2012-08-06 00:00:00-04:00,0.48924627900123596,0.48924627900123596,0.48924627900123596,0.48924627900123596,0,0.0,0.0
2012-08-07 00:00:00-04:00,0.4892463006035435,0.5051999688148499,0.44670312197915113,0.5051999688148499,47100,0.0,0.0
2012-08-08 00:00:00-04:00,0.5317894475308148,0.5317894475308148,0.48392841119977476,0.5051999688148499,19200,0.0,0.0
2012-08-09 00:00:00-04:00,0.5158356428146362,0.526471418807643,0.5158356428146362,0.5158356428146362,1800,0.0,0.0
2012-08-10 00:00:00-04:00,0.46265668064003956,0.5211535096168518,0.46265668064003956,0.5211535096168518,300,0.0,0.0
2012-08-13 00:00:00-04:00,0.4626567889154985,0.4786104559898376,0.4626567889154985,0.47861045598983765,1000,0.0,0.0
2012-08-14 00:00:00-04:00,0.4786104559898376,0.4786104559898376,0.4786104559898376,0.47861045598983765,0,0.0,0.0
2012-08-15 00:00:00-04:00,0.46265674446458915,0.46797463297843933,0.46265674446458915,0.46797463297843933,1100,0.0,0.0
2012-08-16 00:00:00-04:00,0.46797463297843933,0.46797463297843933,0.46797463297843933,0.46797463297843933,0,0.0,0.0
2012-08-17 00:00:00-04:00,0.46265674738820955,0.5105177760124207,0.46265674738820955,0.5105177760124207,6700,0.0,0.0
2012-08-20 00:00:00-04:00,0.5105177760124207,0.5105177760124207,0.5105177760124207,0.5105177760124207,0,0.0,0.0
2012-08-21 00:00:00-04:00,0.46265664696693415,0.46265664696693415,0.46265664696693415,0.4626566469669342,100,0.0,0.0
2012-08-22 00:00:00-04:00,0.4626567889154985,0.4786104559898376,0.4626567889154985,0.47861045598983765,1600,0.0,0.0
2012-08-23 00:00:00-04:00,0.48924627900123596,0.48924627900123596,0.48924627900123596,0.48924627900123596,500,0.0,0.0
2012-08-24 00:00:00-04:00,0.48924627900123596,0.48924627900123596,0.48924627900123596,0.48924627900123596,0,0.0,0.0
2012-08-27 00:00:00-04:00,0.48924627900123596,0.48924627900123596,0.48924627900123596,0.48924627900123596,0,0.0,0.0
2012-08-28 00:00:00-04:00,0.4998819267987988,0.5211535096168518,0.4998819267987988,0.5211535096168518,1600,0.0,0.0
2012-08-29 00:00:00-04:00,0.5211535308111397,0.5211535308111397,0.5158356428146362,0.5158356428146362,1100,0.0,0.0
2012-08-30 00:00:00-04:00,0.5158356428146362,0.5158356428146362,0.5158356428146362,0.5158356428146362,0,0.0,0.0
2012-08-31 00:00:00-04:00,0.5158356428146362,0.5158356428146362,0.5158356428146362,0.5158356428146362,0,0.0,0.0
2012-09-04 00:00:00-04:00,0.49456400828461233,0.49456400828461233,0.47861031423821354,0.48392823338508606,1700,0.0,0.0
2012-09-05 00:00:00-04:00,0.4839282333850861,0.4839282333850861,0.4839282333850861,0.48392823338508606,0,0.0,0.0
2012-09-06 00:00:00-04:00,0.4839282333850861,0.4839282333850861,0.4839282333850861,0.48392823338508606,700,0.0,0.0
2012-09-07 00:00:00-04:00,0.4839282333850861,0.4839282333850861,0.4839282333850861,0.48392823338508606,0,0.0,0.0
2012-09-10 00:00:00-04:00,0.4839282333850861,0.4839282333850861,0.4839282333850861,0.48392823338508606,1200,0.0,0.0
2012-09-11 00:00:00-04:00,0.4839282333850861,0.4839282333850861,0.4839282333850861,0.48392823338508606,1200,0.0,0.0
2012-09-12 00:00:00-04:00,0.4839282333850861,0.4839282333850861,0.47861031423821354,0.48392823338508606,4100,0.0,0.0
2012-09-13 00:00:00-04:00,0.489246176883058,0.49988195300102234,0.489246176883058,0.49988195300102234,4700,0.0,0.0
2012-09-14 00:00:00-04:00,0.5051998874649656,0.5211535848044466,0.5051998874649656,0.5105177760124207,12300,0.0,0.0
2012-09-17 00:00:00-04:00,0.5105177760124207,0.5105177760124207,0.5105177760124207,0.5105177760124207,0,0.0,0.0
2012-09-18 00:00:00-04:00,0.489246176883058,0.49988195300102234,0.489246176883058,0.49988195300102234,8300,0.0,0.0
2012-09-19 00:00:00-04:00,0.5317892588565126,0.5583786964416504,0.5317892588565126,0.5583786964416504,22800,0.0,0.0
2012-09-20 00:00:00-04:00,0.5583787240784995,0.5583787240784995,0.5211535096168518,0.5211535096168518,3100,0.0,0.0
2012-09-21 00:00:00-04:00,0.5211536068558875,0.5264714956283569,0.5211536068558875,0.5264714956283569,8000,0.0,0.0
2012-09-24 00:00:00-04:00,0.5424252152442932,0.5424252152442932,0.5424252152442932,0.5424252152442932,1500,0.0,0.0
2012-09-25 00:00:00-04:00,0.5424252152442932,0.5424252152442932,0.5424252152442932,0.5424252152442932,2200,0.0,0.0
2012-09-26 00:00:00-04:00,0.5424252152442932,0.5424252152442932,0.5424252152442932,0.5424252152442932,0,0.0,0.0
2012-09-27 00:00:00-04:00,0.5264714956283569,0.5264714956283569,0.5264714956283569,0.5264714956283569,2200,0.0,0.0
2012-09-28 00:00:00-04:00,0.5530608892440796,0.5530608892440796,0.5530608892440796,0.5530608892440796,1000,0.0,0.0
2012-10-01 00:00:00-04:00,0.5583788282631739,0.5636967170356434,0.5264714956283569,0.5264714956283569,7900,0.0,0.0
2012-10-02 00:00:00-04:00,0.5264714956283569,0.5264714956283569,0.5264714956283569,0.5264714956283569,100,0.0,0.0
2012-10-03 00:00:00-04:00,0.5264714956283569,0.5264714956283569,0.5264714956283569,0.5264714956283569,0,0.0,0.0
2012-10-04 00:00:00-04:00,0.5264714956283569,0.5264714956283569,0.5264714956283569,0.5264714956283569,0,0.0,0.0
2012-10-05 00:00:00-04:00,0.5477430507182349,0.5477430507182349,0.5264714956283569,0.5264714956283569,3300,0.0,0.0
2012-10-08 00:00:00-04:00,0.5636966228485107,0.5636966228485107,0.5636966228485107,0.5636966228485107,3700,0.0,0.0
2012-10-09 00:00:00-04:00,0.5796503940849551,0.5796503940849551,0.5530608892440796,0.5530608892440796,4000,0.0,0.0
2012-10-10 00:00:00-04:00,0.5796504467472866,0.5796504467472866,0.5264714956283569,0.5264714956283569,4400,0.0,0.0
2012-10-11 00:00:00-04:00,0.5264714956283569,0.5264714956283569,0.5264714956283569,0.5264714956283569,0,0.0,0.0
2012-10-12 00:00:00-04:00,0.5264714076611238,0.5690145741266474,0.5264714076611238,0.5636966228485107,9600,0.0,0.0
2012-10-15 00:00:00-04:00,0.5636966228485107,0.5636966228485107,0.5636966228485107,0.5636966228485107,1000,0.0,0.0
2012-10-16 00:00:00-04:00,0.5743323365330725,0.5796502232551575,0.5743323365330725,0.5796502232551575,7400,0.0,0.0
2012-10-17 00:00:00-04:00,0.5743325352668763,0.5743325352668763,0.5743325352668763,0.5743325352668762,9100,0.0,0.0
2012-10-18 00:00:00-04:00,0.5743325352668763,0.5743325352668763,0.5743325352668763,0.5743325352668762,1000,0.0,0.0
2012-10-19 00:00:00-04:00,0.5743325352668763,0.5743325352668763,0.5317893633749562,0.5743325352668762,6300,0.0,0.0
2012-10-22 00:00:00-04:00,0.5743325352668763,0.5743325352668763,0.5743325352668763,0.5743325352668762,0,0.0,0.0
2012-10-23 00:00:00-04:00,0.5636965839586779,0.5636965839586779,0.5211534838224575,0.5583786964416504,2900,0.0,0.0
2012-10-24 00:00:00-04:00,0.5743325057956258,0.5743325057956258,0.5530608892440796,0.5530608892440796,3300,0.0,0.0
2012-10-25 00:00:00-04:00,0.5636966228485107,0.5690145741266474,0.5636966228485107,0.5636966228485107,600,0.0,0.0
2012-10-26 00:00:00-04:00,0.5317892955450362,0.5636966228485107,0.5317892955450362,0.5636966228485107,2300,0.0,0.0
2012-10-31 00:00:00-04:00,0.5317892955450362,0.5690145741266474,0.5317892955450362,0.5636966228485107,3000,0.0,0.0
2012-11-01 00:00:00-04:00,0.5636966228485107,0.5690145741266474,0.542425071312861,0.5636966228485107,27500,0.0,0.0
2012-11-02 00:00:00-04:00,0.5636966947482221,0.5743325352668763,0.5636966947482221,0.5743325352668762,12700,0.0,0.0
2012-11-05 00:00:00-05:00,0.5743325352668763,0.5743325352668763,0.5743325352668763,0.5743325352668762,1000,0.0,0.0
2012-11-06 00:00:00-05:00,0.5849683284759521,0.5849683284759521,0.5849683284759521,0.5849683284759521,7900,0.0,0.0
2012-11-07 00:00:00-05:00,0.5849683284759521,0.5849683284759521,0.5849683284759521,0.5849683284759521,0,0.0,0.0
2012-11-08 00:00:00-05:00,0.5743324620105598,0.5956040135462095,0.5636966228485107,0.5636966228485107,4000,0.0,0.0
2012-11-09 00:00:00-05:00,0.5636966228485107,0.5636966228485107,0.5636966228485107,0.5636966228485107,0,0.0,0.0
2012-11-12 00:00:00-05:00,0.5583786129726072,0.5902859966993275,0.5211534059180122,0.5796502232551575,15700,0.0,0.0
2012-11-13 00:00:00-05:00,0.5690146623506472,0.5902862171843871,0.5690146623506472,0.5849683284759521,7700,0.0,0.0
2012-11-14 00:00:00-05:00,0.5902862171843871,0.5902862171843871,0.5477430441226734,0.5849683284759521,2000,0.0,0.0
2012-11-15 00:00:00-05:00,0.5636965839586779,0.5636965839586779,0.5583786964416504,0.5583786964416504,2000,0.0,0.0
2012-11-16 00:00:00-05:00,0.5530608892440796,0.5530608892440796,0.5530608892440796,0.5530608892440796,3700,0.0,0.0
2012-11-19 00:00:00-05:00,0.5477428393859262,0.595603883266449,0.5477428393859262,0.595603883266449,11700,0.0,0.0
2012-11-20 00:00:00-05:00,0.5477429032325745,0.5477429032325745,0.5477429032325745,0.5477429032325745,2100,0.0,0.0
2012-11-21 00:00:00-05:00,0.5477429032325745,0.5477429032325745,0.5477429032325745,0.5477429032325745,0,0.0,0.0
2012-11-23 00:00:00-05:00,0.5477429032325745,0.5477429032325745,0.5477429032325745,0.5477429032325745,0,0.0,0.0
2012-11-26 00:00:00-05:00,0.5477429032325745,0.5477429032325745,0.5477429032325745,0.5477429032325745,1000,0.0,0.0
2012-11-27 00:00:00-05:00,0.5477429032325745,0.5902860653513617,0.5477429032325745,0.5477429032325745,23900,0.0,0.0
2012-11-28 00:00:00-05:00,0.5477429032325745,0.5477429032325745,0.5477429032325745,0.5477429032325745,0,0.0,0.0
2012-11-29 00:00:00-05:00,0.5583786964416504,0.5583786964416504,0.5424250338905677,0.5583786964416504,11800,0.0,0.0
2012-11-30 00:00:00-05:00,0.5477429214075953,0.5636965839586779,0.5477429214075953,0.5583786964416504,1700,0.0,0.0
2012-12-03 00:00:00-05:00,0.5583786964416504,0.5583786964416504,0.5583786964416504,0.5583786964416504,0,0.0,0.0
2012-12-04 00:00:00-05:00,0.5849683284759521,0.5902862171843871,0.5849683284759521,0.5849683284759521,3400,0.0,0.0
2012-12-05 00:00:00-05:00,0.5902860164642334,0.5902860164642334,0.5530607447689917,0.5902860164642334,11200,0.0,0.0
2012-12-06 00:00:00-05:00,0.5690144688636453,0.5902860164642334,0.5690144688636453,0.5902860164642334,1200,0.0,0.0
2012-12-07 00:00:00-05:00,0.5743323365330725,0.5849681099772425,0.5743323365330725,0.5796502232551575,2500,0.0,0.0
2012-12-10 00:00:00-05:00,0.5796502232551575,0.5796502232551575,0.5796502232551575,0.5796502232551575,0,0.0,0.0
2012-12-11 00:00:00-05:00,0.5796502232551575,0.5796502232551575,0.5796502232551575,0.5796502232551575,0,0.0,0.0
2012-12-12 00:00:00-05:00,0.5796502232551575,0.5796502232551575,0.5796502232551575,0.5796502232551575,0,0.0,0.0
2012-12-13 00:00:00-05:00,0.5583786964416504,0.5583786964416504,0.5583786964416504,0.5583786964416504,500,0.0,0.0
2012-12-14 00:00:00-05:00,0.5583786964416504,0.5583786964416504,0.5583786964416504,0.5583786964416504,0,0.0,0.0
2012-12-17 00:00:00-05:00,0.5743325352668763,0.5743325352668763,0.5743325352668763,0.5743325352668762,200,0.0,0.0
2012-12-18 00:00:00-05:00,0.5796502232551575,0.5796502232551575,0.5796502232551575,0.5796502232551575,200,0.0,0.0
2012-12-19 00:00:00-05:00,0.5796502426639394,0.5902860164642334,0.5796502426639394,0.5902860164642334,11500,0.0,0.0
2012-12-20 00:00:00-05:00,0.5902860164642334,0.5902860164642334,0.5902860164642334,0.5902860164642334,5800,0.0,0.0
2012-12-21 00:00:00-05:00,0.5796502232551575,0.5796502232551575,0.5796502232551575,0.5796502232551575,1500,0.0,0.0
2012-12-24 00:00:00-05:00,0.5796502232551575,0.5796502232551575,0.5796502232551575,0.5796502232551575,1900,0.0,0.0
2012-12-26 00:00:00-05:00,0.5690144896507263,0.5690144896507263,0.5636965391620931,0.5690144896507263,6800,0.0,0.0
2012-12-27 00:00:00-05:00,0.5849681295640864,0.5902860164642334,0.5849681295640864,0.5902860164642334,27800,0.0,0.0
2012-12-28 00:00:00-05:00,0.5902860164642334,0.5902860164642334,0.5902860164642334,0.5902860164642334,0,0.0,0.0
2012-12-31 00:00:00-05:00,0.5849681099772425,0.5956038834214125,0.5424249528063522,0.5796502232551575,18600,0.0,0.0
2013-01-02 00:00:00-05:00,0.5796502232551575,0.5796502232551575,0.5796502232551575,0.5796502232551575,700,0.0,0.0
2013-01-03 00:00:00-05:00,0.5849683284759521,0.5849683284759521,0.5849683284759521,0.5849683284759521,900,0.0,0.0
2013-01-04 00:00:00-05:00,0.5849683929985628,0.5849683929985628,0.5424252152442932,0.5424252152442932,4500,0.0,0.0
2013-01-07 00:00:00-05:00,0.5530609328311084,0.5849683284759521,0.5477430441226734,0.5849683284759521,5600,0.0,0.0
2013-01-08 00:00:00-05:00,0.5849683284759521,0.5849683284759521,0.5849683284759521,0.5849683284759521,0,0.0,0.0
2013-01-09 00:00:00-05:00,0.574332376745145,0.574332376745145,0.5690144896507263,0.5690144896507263,1100,0.0,0.0
2013-01-10 00:00:00-05:00,0.5690144896507263,0.5690144896507263,0.5690144896507263,0.5690144896507263,0,0.0,0.0
2013-01-11 00:00:00-05:00,0.5690144896507263,0.5690144896507263,0.5690144896507263,0.5690144896507263,3000,0.0,0.0
2013-01-14 00:00:00-05:00,0.5690146623506472,0.5849683284759521,0.5690146623506472,0.5849683284759521,12200,0.0,0.0
2013-01-15 00:00:00-05:00,0.5902860164642334,0.5902860164642334,0.5902860164642334,0.5902860164642334,5000,0.0,0.0
2013-01-16 00:00:00-05:00,0.5902860164642334,0.5902860164642334,0.5902860164642334,0.5902860164642334,200,0.0,0.0
2013-01-17 00:00:00-05:00,0.5796503099039803,0.5849681974210078,0.5530608089246228,0.5583786964416504,1300,0.0,0.0
2013-01-18 00:00:00-05:00,0.5583786964416504,0.5583786964416504,0.5583786964416504,0.5583786964416504,0,0.0,0.0
2013-01-22 00:00:00-05:00,0.5849683284759521,0.5849683284759521,0.5849683284759521,0.5849683284759521,200,0.0,0.0
2013-01-23 00:00:00-05:00,0.5849683284759521,0.5849683284759521,0.5849683284759521,0.5849683284759521,0,0.0,0.0
2013-01-24 00:00:00-05:00,0.5477430009547503,0.5530608892440796,0.5477430009547503,0.5530608892440796,2300,0.0,0.0
2013-01-25 00:00:00-05:00,0.5849682881079249,0.638147234916687,0.5849682881079249,0.638147234916687,16300,0.0,0.0
2013-01-28 00:00:00-05:00,0.6434651232581403,0.6434651232581403,0.6328293465752337,0.638147234916687,7900,0.0,0.0
2013-01-29 00:00:00-05:00,0.638147234916687,0.6434651232581403,0.627511394839551,0.638147234916687,2200,0.0,0.0
2013-01-30 00:00:00-05:00,0.638147234916687,0.638147234916687,0.638147234916687,0.638147234916687,1500,0.0,0.0
2013-01-31 00:00:00-05:00,0.6381473512496748,0.6381473512496748,0.6115578413009644,0.6115578413009644,4000,0.0,0.0
2013-02-01 00:00:00-05:00,0.5902859965457476,0.595603883266449,0.5902859965457476,0.595603883266449,7100,0.0,0.0
2013-02-04 00:00:00-05:00,0.6487831839874458,0.6541010737419128,0.6487831839874458,0.6541010737419128,2200,0.0,0.0
2013-02-05 00:00:00-05:00,0.6541010737419128,0.6541010737419128,0.6541010737419128,0.6541010737419128,0,0.0,0.0
2013-02-06 00:00:00-05:00,0.6487830441188306,0.6594188213348388,0.6381472669028223,0.6594188213348389,13500,0.0,0.0
2013-02-07 00:00:00-05:00,0.654100913095156,0.7125977494217552,0.654100913095156,0.7072798609733582,7700,0.0,0.0
2013-02-08 00:00:00-05:00,0.6913261694836473,0.7179156765525472,0.6647367258089818,0.6700546145439148,5700,0.0,0.0
2013-02-11 00:00:00-05:00,0.744505080112138,0.744505080112138,0.6700545784403473,0.7072798609733582,700,0.0,0.0
2013-02-12 00:00:00-05:00,0.7179156378701523,0.7657766972999575,0.701961972524961,0.7072798609733582,5100,0.0,0.0
2013-02-13 00:00:00-05:00,0.6913262009620665,0.6913262009620665,0.6913262009620665,0.6913262009620667,2500,0.0,0.0
2013-02-14 00:00:00-05:00,0.6594187165318203,0.691326043108736,0.6381471654805431,0.6860081553459167,23300,0.0,0.0
2013-02-15 00:00:00-05:00,0.717915814189764,0.717915814189764,0.6541010737419128,0.6541010737419128,11100,0.0,0.0
2013-02-19 00:00:00-05:00,0.6647367710989337,0.7976841253187203,0.6541009929044289,0.7710946798324585,56200,0.0,0.0
2013-02-20 00:00:00-05:00,0.7817303287154673,0.7817303287154673,0.7179156067102408,0.7445050477981567,8200,0.0,0.0
2013-02-21 00:00:00-05:00,0.7338694156027527,0.7445051941283484,0.696644127368927,0.696644127368927,8500,0.0,0.0
2013-02-22 00:00:00-05:00,0.696644127368927,0.717915747814359,0.6753725703177355,0.696644127368927,6800,0.0,0.0
2013-02-25 00:00:00-05:00,0.6860081188473032,0.6860081188473032,0.6647365689277649,0.6647365689277649,2600,0.0,0.0
2013-02-26 00:00:00-05:00,0.654100878045789,0.654100878045789,0.6434651017189026,0.6434651017189026,7900,0.0,0.0
2013-02-27 00:00:00-05:00,0.6753722223205079,0.6753722223205079,0.6434649031845191,0.6487827897071838,6800,0.0,0.0
2013-02-28 00:00:00-05:00,0.707279822727331,0.7232334872098309,0.6860082066897705,0.7019619345664978,13700,0.0,0.0
2013-03-01 00:00:00-05:00,0.707279822727331,0.707279822727331,0.7019619345664978,0.7019619345664978,2000,0.0,0.0
2013-03-04 00:00:00-05:00,0.696644127368927,0.696644127368927,0.691326238106129,0.696644127368927,1100,0.0,0.0
2013-03-05 00:00:00-05:00,0.6966439904456799,0.7657766640627177,0.6966439904456799,0.7445050477981567,15000,0.0,0.0
2013-03-06 00:00:00-05:00,0.7445048446535913,0.7976837757133216,0.7285511843539355,0.7817301154136658,33000,0.0,0.0
2013-03-07 00:00:00-05:00,0.7710945522803009,0.7817303287154673,0.723233494927824,0.7445050477981567,4900,0.0,0.0
2013-03-08 00:00:00-05:00,0.7604587124509063,0.7604587124509063,0.6966439904456799,0.7445050477981567,5600,0.0,0.0
2013-03-11 00:00:00-04:00,0.717915725465696,0.7870483471242157,0.717915725465696,0.7710946798324585,1600,0.0,0.0
2013-03-12 00:00:00-04:00,0.7710946798324585,0.7710946798324585,0.7710946798324585,0.7710946798324585,0,0.0,0.0
2013-03-13 00:00:00-04:00,0.7870483195819935,0.7870483195819935,0.7179157003427231,0.7498230338096619,2800,0.0,0.0
2013-03-14 00:00:00-04:00,0.7498230338096619,0.7498230338096619,0.7498230338096619,0.7498230338096619,0,0.0,0.0
2013-03-15 00:00:00-04:00,0.7498230338096619,0.7498230338096619,0.7498230338096619,0.7498230338096619,0,0.0,0.0
2013-03-18 00:00:00-04:00,0.7232334667395496,0.7657766342163086,0.7232334667395496,0.7657766342163086,300,0.0,0.0
2013-03-19 00:00:00-04:00,0.7445050187808163,0.7817302982472586,0.6860081872731072,0.7657766342163086,8300,0.0,0.0
2013-03-20 00:00:00-04:00,0.7179155460583221,0.7710944871356464,0.7179155460583221,0.7604586482048035,5400,0.0,0.0
2013-03-21 00:00:00-04:00,0.755141019821167,0.755141019821167,0.755141019821167,0.755141019821167,100,0.0,0.0
2013-03-22 00:00:00-04:00,0.7179156160624324,0.7179156160624324,0.7125977277755737,0.7125977277755737,2300,0.0,0.0
2013-03-25 00:00:00-04:00,0.707279899082681,0.7285514540224134,0.6594188370740486,0.6700546145439148,39000,0.0,0.0
2013-03-26 00:00:00-04:00,0.6700546810549376,0.696644127368927,0.6700546810549376,0.696644127368927,200,0.0,0.0
2013-03-27 00:00:00-04:00,0.701961972524961,0.7391871916637409,0.6913261322339358,0.7072798609733582,6400,0.0,0.0
2013-03-28 00:00:00-04:00,0.7179155349731445,0.7179155349731445,0.7179155349731445,0.7179155349731445,100,0.0,0.0
2013-04-01 00:00:00-04:00,0.7179155349731445,0.7285513103455402,0.6860081454617359,0.7179155349731445,4400,0.0,0.0
2013-04-02 00:00:00-04:00,0.7232334226593424,0.7232334226593424,0.6806902577755382,0.7179155349731445,13700,0.0,0.0
2013-04-03 00:00:00-04:00,0.6700544564076494,0.7232333946007145,0.6594186814478803,0.6647365689277649,36100,0.0,0.0
2013-04-04 00:00:00-04:00,0.6806902885437011,0.6913260643968488,0.6647366247639795,0.6806902885437012,8900,0.0,0.0
2013-04-05 00:00:00-04:00,0.6806902885437011,0.6806902885437011,0.6806902885437011,0.6806902885437012,0,0.0,0.0
2013-04-08 00:00:00-04:00,0.6806902885437011,0.6806902885437011,0.6753724006171272,0.6806902885437012,1600,0.0,0.0
2013-04-09 00:00:00-04:00,0.664736704221661,0.6806903699083651,0.664736704221661,0.6753724813461304,2700,0.0,0.0
2013-04-10 00:00:00-04:00,0.6647365689277649,0.6647365689277649,0.6487829064881111,0.6647365689277649,5500,0.0,0.0
2013-04-11 00:00:00-04:00,0.6806902885437011,0.6806902885437011,0.6806902885437011,0.6806902885437012,1600,0.0,0.0
2013-04-12 00:00:00-04:00,0.6806902885437011,0.6806902885437011,0.6806902885437011,0.6806902885437012,0,0.0,0.0
2013-04-15 00:00:00-04:00,0.6806902313674186,0.6806902313674186,0.6487829064881111,0.6647365689277649,12900,0.0,0.0
2013-04-16 00:00:00-04:00,0.670054598550847,0.670054598550847,0.6594188213348388,0.6594188213348389,2200,0.0,0.0
2013-04-17 00:00:00-04:00,0.6594185627525134,0.670054335797843,0.6487827897071838,0.6487827897071838,2400,0.0,0.0
2013-04-18 00:00:00-04:00,0.6647365689277649,0.675372343887534,0.6541007939679957,0.6647365689277649,4000,0.0,0.0
2013-04-19 00:00:00-04:00,0.675372343887534,0.675372343887534,0.6647365689277649,0.6647365689277649,1500,0.0,0.0
2013-04-22 00:00:00-04:00,0.664736853250847,0.664736853250847,0.6541010737419128,0.6541010737419128,6400,0.0,0.0
2013-04-23 00:00:00-04:00,0.6647365689277649,0.6647365689277649,0.6487829064881111,0.6647365689277649,2500,0.0,0.0
2013-04-24 00:00:00-04:00,0.6487830441188306,0.6594188213348388,0.6487830441188306,0.6594188213348389,1100,0.0,0.0
2013-04-25 00:00:00-04:00,0.6594188213348388,0.6594188213348388,0.6594188213348388,0.6594188213348389,100,0.0,0.0
2013-04-26 00:00:00-04:00,0.6487829064881111,0.6647365689277649,0.6434650190082265,0.6647365689277649,2500,0.0,0.0
2013-04-29 00:00:00-04:00,0.6753724871588511,0.6753724871588511,0.6487830441188306,0.6594188213348389,1100,0.0,0.0
2013-04-30 00:00:00-04:00,0.6753724813461304,0.6806903699083651,0.6434651499727221,0.6753724813461304,7000,0.0,0.0
2013-05-01 00:00:00-04:00,0.6647365689277649,0.6647365689277649,0.6647365689277649,0.6647365689277649,200,0.0,0.0
2013-05-02 00:00:00-04:00,0.680690318863005,0.680690318863005,0.6381472135554593,0.6434651017189026,11600,0.0,0.0
2013-05-03 00:00:00-04:00,0.7179155395087723,0.7817302555405348,0.6647365989165999,0.7764123678207397,37100,0.0,0.0
2013-05-06 00:00:00-04:00,0.7923662362214681,0.7923662362214681,0.7710946798324585,0.7710946798324585,39600,0.0,0.0
2013-05-07 00:00:00-04:00,0.7657766342163086,0.7657766342163086,0.7232334667395496,0.7657766342163086,7100,0.0,0.0
2013-05-08 00:00:00-04:00,0.7445050477981568,0.7657766640627177,0.7179156067102408,0.7445050477981567,30000,0.0,0.0
2013-05-09 00:00:00-04:00,0.7604588116319748,0.7604588116319748,0.7232335892538796,0.7498230338096619,7800,0.0,0.0
2013-05-10 00:00:00-04:00,0.7604586412671325,0.7764123678207397,0.7604586412671325,0.7764123678207397,2400,0.0,0.0
2013-05-13 00:00:00-04:00,0.7817669906077863,0.787121553790188,0.7282212949523411,0.7764124274253845,12000,0.01,0.0
2013-05-14 00:00:00-04:00,0.7764124274253846,0.7817669906077863,0.7335758581347428,0.7764124274253845,3500,0.0,0.0
2013-05-15 00:00:00-04:00,0.776412428050787,0.7978306807976463,0.7710578648640721,0.7924761176109314,14900,0.0,0.0
2013-05-16 00:00:00-04:00,0.8031850410347561,0.8031850410347561,0.7603484825335941,0.7871213555335999,7000,0.0,0.0
2013-05-17 00:00:00-04:00,0.7978306807976463,0.8031852439843611,0.7603486746592143,0.7924761176109314,7200,0.0,0.0
2013-05-20 00:00:00-04:00,0.8031850841817594,0.8299578947885852,0.7710577114535685,0.7978305220603943,69900,0.0,0.0
2013-05-21 00:00:00-04:00,0.8085398246437195,0.9049220917502752,0.803185261341292,0.8781492114067078,49900,0.0,0.0
2013-05-22 00:00:00-04:00,0.8781492116799731,0.931694908552341,0.8460218318554101,0.8942129015922546,86600,0.0,0.0
2013-05-23 00:00:00-04:00,0.8942128215490059,0.9209856995043968,0.8888582587242126,0.8888582587242126,39000,0.0,0.0
2013-05-24 00:00:00-04:00,0.8995674849403141,0.9049221121951483,0.878149231246702,0.883503794670105,8800,0.0,0.0
2013-05-28 00:00:00-04:00,0.9049222461927254,0.9102768104090128,0.8353127837181092,0.8353127837181091,49700,0.0,0.0
2013-05-29 00:00:00-04:00,0.9049218998919943,0.9049218998919943,0.8353124640559184,0.8460216522216797,5000,0.0,0.0
2013-05-30 00:00:00-04:00,0.8674400667273287,0.9049220728947528,0.8085398077964784,0.8085398077964783,21200,0.0,0.0
2013-05-31 00:00:00-04:00,0.8192490960944098,0.8460219811715082,0.8031854033470154,0.8031854033470154,3500,0.0,0.0
2013-06-03 00:00:00-04:00,0.8192489335445056,0.8299580599179351,0.776412428050787,0.7924761176109314,10500,0.0,0.0
2013-06-04 00:00:00-04:00,0.8192489335445056,0.8192489335445056,0.7924761176109314,0.7924761176109314,1700,0.0,0.0
2013-06-05 00:00:00-04:00,0.7924761176109314,0.7924761176109314,0.7871215544242166,0.7924761176109314,2000,0.0,0.0
2013-06-06 00:00:00-04:00,0.7924762748487524,0.8031854033470154,0.7924762748487524,0.8031854033470154,600,0.0,0.0
2013-06-07 00:00:00-04:00,0.7978308731916651,0.8299582600593568,0.7764126152798707,0.8299582600593567,54200,0.0,0.0
2013-06-10 00:00:00-04:00,0.8353127837181092,0.840667411765837,0.8085399626366726,0.8353127837181091,8700,0.0,0.0
2013-06-11 00:00:00-04:00,0.8299579804621782,0.8299579804621782,0.7603486018674885,0.8192488551139832,11700,0.0,0.0
2013-06-12 00:00:00-04:00,0.8246037592613635,0.8246037592613635,0.8138946294784547,0.8138946294784546,500,0.0,0.0
2013-06-13 00:00:00-04:00,0.7978306807976463,0.7978306807976463,0.7657032378459292,0.7924761176109314,4800,0.0,0.0
2013-06-14 00:00:00-04:00,0.787121553790188,0.8085398065197948,0.7764124274253846,0.7764124274253845,5000,0.0,0.0
2013-06-17 00:00:00-04:00,0.7924761176109314,0.7978306807976463,0.7924761176109314,0.7924761176109314,3000,0.0,0.0
2013-06-18 00:00:00-04:00,0.8192488551139832,0.8299579804621782,0.8192488551139832,0.8192488551139832,7300,0.0,0.0
2013-06-19 00:00:00-04:00,0.8246034756149581,0.8567309177439628,0.8138943495157653,0.8513763546943665,16700,0.0,0.0
2013-06-20 00:00:00-04:00,0.8567312124415386,0.8567312124415386,0.8138946294784547,0.8138946294784546,6700,0.0,0.0
2013-06-21 00:00:00-04:00,0.808539786466169,0.8513763546943665,0.808539786466169,0.8513763546943665,7200,0.0,0.0
2013-06-24 00:00:00-04:00,0.8513765524781794,0.856731116771698,0.7817671528309976,0.856731116771698,10900,0.0,0.0
2013-06-25 00:00:00-04:00,0.8031854100050716,0.856731116771698,0.8031854100050716,0.856731116771698,2800,0.0,0.0
2013-06-26 00:00:00-04:00,0.8513765524781794,0.856731116771698,0.8513765524781794,0.856731116771698,5500,0.0,0.0
2013-06-27 00:00:00-04:00,0.8567309581969974,0.8835037747091352,0.8567309581969974,0.8781492114067078,9900,0.0,0.0
2013-06-28 00:00:00-04:00,0.8835037946701051,0.8835037946701051,0.878149231246702,0.883503794670105,9900,0.0,0.0
2013-07-01 00:00:00-04:00,0.8835038680249915,0.9102767511963162,0.7603487713986319,0.9049221873283386,9500,0.0,0.0
2013-07-02 00:00:00-04:00,0.8835040368988107,0.8835040368988107,0.8031854996955459,0.8138946294784546,3100,0.0,0.0
2013-07-03 00:00:00-04:00,0.8513763189506589,0.8995673843737994,0.8513763189506589,0.8888582587242126,3500,0.0,0.0
2013-07-05 00:00:00-04:00,0.8835037744239578,0.8835037744239578,0.8031852610820397,0.8620855212211609,7900,0.0,0.0
2013-07-08 00:00:00-04:00,0.8192491311034595,0.8781494041923378,0.8192491311034595,0.8299582600593567,6100,0.0,0.0
2013-07-09 00:00:00-04:00,0.8460218318554101,0.8942129015922546,0.8299580781116991,0.8942129015922546,5100,0.0,0.0
2013-07-10 00:00:00-04:00,0.8888583580935081,0.8888583580935081,0.8299580966046436,0.883503794670105,5200,0.0,0.0
2013-07-11 00:00:00-04:00,0.883503875175225,0.883503875175225,0.8299581722306641,0.8727947473526001,2300,0.0,0.0
2013-07-12 00:00:00-04:00,0.8727947473526002,0.8727947473526002,0.8299581722306641,0.8727947473526001,9000,0.0,0.0
2013-07-15 00:00:00-04:00,0.8513763946197623,0.86744008452186,0.8513763946197623,0.8620855212211609,4600,0.0,0.0
2013-07-16 00:00:00-04:00,0.8513763946197623,0.8620855212211608,0.8513763946197623,0.8620855212211609,2000,0.0,0.0
2013-07-17 00:00:00-04:00,0.8406672680183639,0.8620855212211608,0.8138943876834381,0.8620855212211609,4300,0.0,0.0
2013-07-18 00:00:00-04:00,0.856731116771698,0.856731116771698,0.846021988184661,0.856731116771698,6000,0.0,0.0
2013-07-19 00:00:00-04:00,0.846021988184661,0.856731116771698,0.8353127957661826,0.856731116771698,4600,0.0,0.0
2013-07-22 00:00:00-04:00,0.8567309579204616,0.8620855212211608,0.8460218313190632,0.8620855212211609,3600,0.0,0.0
2013-07-23 00:00:00-04:00,0.8138943876834381,0.8620855212211608,0.8138943876834381,0.8620855212211609,5000,0.0,0.0
2013-07-24 00:00:00-04:00,0.8567307765560248,0.8620853387231975,0.8353124640559184,0.8460216522216797,11800,0.0,0.0
2013-07-25 00:00:00-04:00,0.8246037592613635,0.8513766475500841,0.8138946294784547,0.8138946294784546,3000,0.0,0.0
2013-07-26 00:00:00-04:00,0.8192489125653617,0.8567309177439628,0.8192489125653617,0.8513763546943665,3000,0.0,0.0
2013-07-29 00:00:00-04:00,0.8299579018887457,0.8460216522216797,0.8192487775544006,0.8460216522216797,5100,0.0,0.0
2013-07-30 00:00:00-04:00,0.8299579804621782,0.8460217323158928,0.8192488551139832,0.8192488551139832,14100,0.0,0.0
2013-07-31 00:00:00-04:00,0.8567309177439628,0.8567309177439628,0.8031852234165726,0.8513763546943665,8200,0.0,0.0
2013-08-01 00:00:00-04:00,0.8406672507730459,0.8406672507730459,0.8031852446056218,0.8085398077964783,5900,0.0,0.0
2013-08-02 00:00:00-04:00,0.8085398429110314,0.8835037946701051,0.8085398429110314,0.883503794670105,9800,0.0,0.0
2013-08-05 00:00:00-04:00,0.9049221121951483,0.9049221121951483,0.8835037946701051,0.883503794670105,11400,0.0,0.0
2013-08-06 00:00:00-04:00,0.8942129214327528,0.910276675532881,0.8888583580098537,0.8995674848556519,22700,0.0,0.0
2013-08-07 00:00:00-04:00,0.910276675532881,0.910276675532881,0.8995674848556519,0.8995674848556519,10400,0.0,0.0
2013-08-08 00:00:00-04:00,0.9102767511963162,0.9102767511963162,0.8888584318929692,0.9049221873283386,3800,0.0,0.0
2013-08-09 00:00:00-04:00,0.9049221873283385,0.9102767511963162,0.8835038680249915,0.9049221873283386,7500,0.0,0.0
2013-08-12 00:00:00-04:00,0.9102767511963162,0.9102767511963162,0.9049221873283385,0.9049221873283386,7800,0.0,0.0
2013-08-13 00:00:00-04:00,0.9156949280954582,0.9156949280954582,0.8618305092290119,0.867216944694519,6300,0.01,0.0
2013-08-14 00:00:00-04:00,0.8887625106402592,0.9264676156470634,0.8456710354454694,0.8510574698448181,8600,0.0,0.0
2013-08-15 00:00:00-04:00,0.9156949520111085,0.9156949520111085,0.888762709768795,0.9156949520111084,8100,0.0,0.0
2013-08-16 00:00:00-04:00,0.8941490785030701,0.9103084483244769,0.8941490785030701,0.9049219489097595,600,0.0,0.0
2013-08-19 00:00:00-04:00,0.9156948697175025,0.9156948697175025,0.8456711489187315,0.8941490650177002,1700,0.0,0.0
2013-08-20 00:00:00-04:00,0.9049220991629545,0.9156950355697542,0.8726034825767055,0.9103085994720459,1300,0.0,0.0
2013-08-21 00:00:00-04:00,0.9156950355697542,0.9156950355697542,0.88876279086983,0.9103085994720459,3900,0.0,0.0
2013-08-22 00:00:00-04:00,0.9156949520111085,0.9156949520111085,0.9156949520111085,0.9156949520111084,2200,0.0,0.0
2013-08-23 00:00:00-04:00,0.9264677539345111,0.9426270595445453,0.9049219489097595,0.9049219489097595,28900,0.0,0.0
2013-08-26 00:00:00-04:00,0.9103085164049213,0.9264678232234829,0.9103085164049213,0.9156949520111084,14500,0.0,0.0
2013-08-27 00:00:00-04:00,0.9264677990264722,0.9372406699574863,0.8618305092290119,0.867216944694519,24200,0.0,0.0
2013-08-28 00:00:00-04:00,0.8295120495499272,0.8726036087749933,0.8187391757965088,0.8187391757965088,16500,0.0,0.0
2013-08-29 00:00:00-04:00,0.818739096698111,0.8726035244727522,0.818739096698111,0.8618306517601013,6500,0.0,0.0
2013-08-30 00:00:00-04:00,0.8510576736849711,0.9210814018595246,0.8187389953367425,0.8726034164428711,2500,0.0,0.0
2013-09-03 00:00:00-04:00,0.9264679522473935,0.9264679522473935,0.8348984057670875,0.8618306517601013,9600,0.0,0.0
2013-09-04 00:00:00-04:00,0.88876279086983,0.9156950355697542,0.88876279086983,0.9103085994720459,5300,0.0,0.0
2013-09-05 00:00:00-04:00,0.8941491606723571,0.899535596370697,0.8941491606723571,0.899535596370697,2500,0.0,0.0
2013-09-06 00:00:00-04:00,0.8833760020908681,0.9264675378799437,0.8779895681436534,0.9264675378799438,800,0.0,0.0
2013-09-09 00:00:00-04:00,0.9264675378799437,0.9318539718271585,0.9103082360382995,0.9264675378799438,5800,0.0,0.0
2013-09-10 00:00:00-04:00,0.9426274049288978,0.9480138421058655,0.9210816562210269,0.9480138421058655,19500,0.0,0.0
2013-09-11 00:00:00-04:00,0.9533997797326471,1.1365386762135723,0.9480133453779941,1.1096065044403076,59400,0.0,0.0
2013-09-12 00:00:00-04:00,1.1634711778676763,1.174244048442333,1.0880609554223304,1.1203795671463013,30500,0.0,0.0
2013-09-13 00:00:00-04:00,1.1419255045535124,1.1526985054024266,1.077288269996643,1.077288269996643,18100,0.0,0.0
2013-09-16 00:00:00-04:00,1.0611289066921719,1.066515342627756,1.0018780471893654,1.0234237909317017,21300,0.0,0.0
2013-09-17 00:00:00-04:00,1.0503560973841082,1.0503560973841082,0.9964916706085206,0.9964916706085205,28600,0.0,0.0
2013-09-18 00:00:00-04:00,0.9587864995546043,1.0288102312251903,0.9587864995546043,0.969559371471405,38600,0.0,0.0
2013-09-19 00:00:00-04:00,1.001877950482186,1.001877950482186,0.9695592737768897,0.9911050796508789,4700,0.0,0.0
2013-09-20 00:00:00-04:00,0.9911050431196413,0.9911050431196413,0.9695592380398109,0.9857186079025269,2400,0.0,0.0
2013-09-23 00:00:00-04:00,0.9857187435579876,0.9857187435579876,0.9426271916794032,0.969559371471405,9800,0.0,0.0
2013-09-24 00:00:00-04:00,0.9426270127296447,0.948013447665476,0.9426270127296447,0.9426270127296448,4500,0.0,0.0
2013-09-25 00:00:00-04:00,0.9426272623162055,1.0234238719581743,0.9426272623162055,0.9534001350402832,28700,0.0,0.0
2013-09-26 00:00:00-04:00,0.9803319299853195,1.0018776655197144,0.9587861302395678,1.0018776655197144,1500,0.0,0.0
2013-09-27 00:00:00-04:00,1.0072644444047698,1.0449695587158203,1.0072644444047698,1.0449695587158203,10600,0.0,0.0
2013-09-30 00:00:00-04:00,1.0503558279721301,1.0503558279721301,0.9695591764270672,1.0288100242614746,5200,0.0,0.0
2013-10-01 00:00:00-04:00,1.0234238747694742,1.0341967475231446,0.9803323837547931,1.0180374383926392,2800,0.0,0.0
2013-10-02 00:00:00-04:00,0.9911049801377227,1.1096066115951688,0.9911049801377227,1.0288100242614746,33400,0.0,0.0
2013-10-03 00:00:00-04:00,1.0503560348210037,1.0772882144989242,1.0072644831249493,1.0234237909317017,3800,0.0,0.0
2013-10-04 00:00:00-04:00,1.0503559372971523,1.0719016790390015,1.0126508250375408,1.0719016790390015,1300,0.0,0.0
2013-10-07 00:00:00-04:00,1.0719015227313573,1.0719015227313573,1.0665150880813599,1.0665150880813599,4300,0.0,0.0
2013-10-08 00:00:00-04:00,1.071901842409789,1.071901842409789,0.9964916706085206,0.9964916706085205,8400,0.0,0.0
2013-10-09 00:00:00-04:00,0.9964914783367557,1.0449694595021581,0.9641728028226965,0.9857186079025269,3900,0.0,0.0
2013-10-10 00:00:00-04:00,0.9749458613714544,0.9964916706085206,0.9749458613714544,0.9964916706085205,1300,0.0,0.0
2013-10-11 00:00:00-04:00,0.9911048691159755,1.0557421445846558,0.9911048691159755,1.0557421445846558,7400,0.0,0.0
2013-10-14 00:00:00-04:00,1.055742271801127,1.055742271801127,1.0018778583846955,1.012650728225708,6000,0.0,0.0
2013-10-15 00:00:00-04:00,1.0395829677581787,1.0395829677581787,1.0395829677581787,1.0395829677581787,300,0.0,0.0
2013-10-16 00:00:00-04:00,1.0557425572418717,1.0557425572418717,1.007264565638969,1.0180374383926392,2200,0.0,0.0
2013-10-17 00:00:00-04:00,1.0557423581474545,1.0557423581474545,1.0072643756866455,1.0072643756866455,2000,0.0,0.0
2013-10-18 00:00:00-04:00,1.0072642847621878,1.0449693930973083,1.0072642847621878,1.0288100242614746,3200,0.0,0.0
2013-10-21 00:00:00-04:00,1.0288100329872265,1.0288100329872265,1.012650728225708,1.012650728225708,20800,0.0,0.0
2013-10-22 00:00:00-04:00,1.0234236619873873,1.0503559024834128,1.018037226730457,1.0395829677581787,11700,0.0,0.0
2013-10-23 00:00:00-04:00,1.0288099813200113,1.0719015227313573,1.0288099813200113,1.0665150880813599,3300,0.0,0.0
2013-10-24 00:00:00-04:00,1.0719015227313573,1.0719015227313573,1.0665150880813599,1.0665150880813599,2400,0.0,0.0
2013-10-25 00:00:00-04:00,1.0719015227313573,1.0719015227313573,1.0341964159700088,1.0665150880813599,9100,0.0,0.0
2013-10-28 00:00:00-04:00,1.0665152142730163,1.131152437720958,1.0665152142730163,1.1203795671463013,28900,0.0,0.0
2013-10-29 00:00:00-04:00,1.1203795873824742,1.179630505036018,1.088060975074768,1.088060975074768,24400,0.0,0.0
2013-10-30 00:00:00-04:00,1.088060850556938,1.1688575005025734,1.088060850556938,1.1580846309661865,8100,0.0,0.0
2013-10-31 00:00:00-04:00,1.1904034253165974,1.2388813457944536,1.1688576828819948,1.1850169897079468,20500,0.0,0.0
2013-11-01 00:00:00-04:00,1.1850168614573418,1.2227219066371995,1.0880609025721093,1.2011761665344238,11600,0.0,0.0
2013-11-04 00:00:00-05:00,1.1850168048071534,1.1850168048071534,1.1580846309661867,1.1580846309661865,5500,0.0,0.0
2013-11-05 00:00:00-05:00,1.1311523460198167,1.1419252157211301,1.1311523460198167,1.1419252157211304,8000,0.0,0.0
2013-11-06 00:00:00-05:00,1.104220281228621,1.104220281228621,1.055742362767062,1.088060975074768,24200,0.0,0.0
2013-11-07 00:00:00-05:00,1.0503556925386965,1.0503556925386965,0.9480133146904288,0.9749454855918884,29900,0.0,0.0
2013-11-08 00:00:00-05:00,1.0180370404731915,1.066515013127542,1.0180370404731915,1.0557421445846558,6800,0.0,0.0
2013-11-11 00:00:00-05:00,1.0503559273824443,1.1311524581517094,1.0503559273824443,1.088060975074768,5100,0.0,0.0
2013-11-12 00:00:00-05:00,1.1257661829383288,1.1257661829383288,1.0395831403111604,1.0934475660324097,1700,0.0,0.0
2013-11-13 00:00:00-05:00,1.0988607080452306,1.0988607080452306,1.0555558932441664,1.0609689950942993,3500,0.01,0.0
2013-11-14 00:00:00-05:00,0.9905982911384595,1.098860358203201,0.9905982911384595,1.0230768918991089,9200,0.0,0.0
2013-11-15 00:00:00-05:00,0.9905981633047958,1.0663816198292646,0.9905981633047958,1.0393160581588745,12100,0.0,0.0
2013-11-18 00:00:00-05:00,1.017663656876558,1.017663656876558,0.9581194988456296,0.9743587970733643,27500,0.0,0.0
2013-11-19 00:00:00-05:00,0.9905984526451389,1.0663819313049316,0.9851853516358147,1.0663819313049316,13200,0.0,0.0
2013-11-20 00:00:00-05:00,1.0284899766562123,1.0284899766562123,0.97435891166815,0.9960113763809204,3600,0.0,0.0
2013-11-21 00:00:00-05:00,1.0501422695633666,1.0501422695633666,1.0014243125915527,1.0014243125915527,9100,0.0,0.0
2013-11-22 00:00:00-05:00,1.023076756285803,1.0393160545135376,0.9527063994363848,0.9743587970733643,25500,0.0,0.0
2013-11-25 00:00:00-05:00,0.9635328054428101,0.9743590065892519,0.9527066042963682,0.9635328054428101,25200,0.0,0.0
2013-11-26 00:00:00-05:00,0.9689458616710453,0.979772062322013,0.9472934603691101,0.9472934603691101,19800,0.0,0.0
2013-11-27 00:00:00-05:00,0.9472938881886602,0.9527069909588248,0.893162795957739,0.9256414771080017,35900,0.0,0.0
2013-11-29 00:00:00-05:00,0.9202278562456325,0.9310540556907654,0.9202278562456325,0.9310540556907654,3600,0.0,0.0
2013-12-02 00:00:00-05:00,0.9094016935614775,1.0014245281531942,0.893162392585026,0.9472934603691101,137400,0.0,0.0
2013-12-03 00:00:00-05:00,0.9581200809699949,0.9689462863661549,0.9202283620834351,0.9202283620834351,19200,0.0,0.0
2013-12-04 00:00:00-05:00,0.9256411014302636,0.9851852722649427,0.9256411014302636,0.9635328054428101,11400,0.0,0.0
2013-12-05 00:00:00-05:00,0.9851849000763914,1.006837294189315,0.9418800473213196,0.9418800473213196,2900,0.0,0.0
2013-12-06 00:00:00-05:00,0.9689458616710453,1.006837628478678,0.9472934603691101,0.9472934603691101,4400,0.0,0.0
2013-12-09 00:00:00-05:00,0.9743593555823207,0.9743593555823207,0.9310545354857646,0.9581200480461121,2300,0.0,0.0
2013-12-10 00:00:00-05:00,0.9472931458495505,0.9581193429060123,0.9418800473213196,0.9418800473213196,800,0.0,0.0
2013-12-11 00:00:00-05:00,0.9310538502648579,0.974358638490705,0.9310538502648579,0.9418800473213196,6600,0.0,0.0
2013-12-12 00:00:00-05:00,0.9527069909588248,0.9581200937289895,0.9256414771080017,0.9256414771080017,1600,0.0,0.0
2013-12-13 00:00:00-05:00,0.9527065977941683,0.9960114666136299,0.9527065977941683,0.9851852655410767,2000,0.0,0.0
2013-12-16 00:00:00-05:00,1.0014249336523953,1.0339035487566108,0.9743593565362768,1.0122511386871338,6800,0.0,0.0
2013-12-17 00:00:00-05:00,1.0014249336523953,1.017664241204503,0.9905987286176566,1.0122511386871338,1400,0.0,0.0
2013-12-18 00:00:00-05:00,0.9960112134312659,1.0014243125915527,0.9797718514211732,1.0014243125915527,800,0.0,0.0
2013-12-19 00:00:00-05:00,1.0176636100724132,1.0230767092327002,1.0014243125915527,1.0014243125915527,4600,0.0,0.0
2013-12-20 00:00:00-05:00,0.9689459800720216,0.9743590810589627,0.9635328790850803,0.9689459800720215,3200,0.0,0.0
2013-12-23 00:00:00-05:00,0.9256410590671749,0.9743589619965292,0.9256410590671749,0.9472934603691101,22100,0.0,0.0
2013-12-24 00:00:00-05:00,0.9472934603691101,0.9635327613455615,0.9472934603691101,0.9472934603691101,3200,0.0,0.0
2013-12-26 00:00:00-05:00,0.9418804031499263,0.9689459060160309,0.9418804031499263,0.9635328054428101,2000,0.0,0.0
2013-12-27 00:00:00-05:00,0.9635327613455615,0.9905983275022265,0.9256410590671749,0.9472934603691101,18200,0.0,0.0
2013-12-30 00:00:00-05:00,0.979772062322013,0.9960114278277103,0.9310541593926587,0.9472934603691101,18500,0.0,0.0
2013-12-31 00:00:00-05:00,0.9635331964991541,0.9635331964991541,0.9256414771080017,0.9256414771080017,4000,0.0,0.0
2014-01-02 00:00:00-05:00,0.9472934603691101,0.9527065606945939,0.9472934603691101,0.9472934603691101,3800,0.0,0.0
2014-01-03 00:00:00-05:00,0.9581193429060123,0.9581193429060123,0.9310538502648579,0.9418800473213196,3400,0.0,0.0
2014-01-06 00:00:00-05:00,0.9635326540261638,0.9635326540261638,0.9310540556907654,0.9310540556907654,1500,0.0,0.0
2014-01-07 00:00:00-05:00,0.9472935935166401,0.9527066946029662,0.9310542902576617,0.9527066946029663,5100,0.0,0.0
2014-01-08 00:00:00-05:00,0.9364673741503746,0.9689459800720216,0.9364673741503746,0.9689459800720215,6200,0.0,0.0
2014-01-09 00:00:00-05:00,0.9472931458495505,0.9472931458495505,0.9418800473213196,0.9418800473213196,1900,0.0,0.0
2014-01-10 00:00:00-05:00,0.9310541811386923,0.9310541811386923,0.9094017148017884,0.9094017148017883,21700,0.0,0.0
2014-01-13 00:00:00-05:00,0.8552706984131869,0.8985755014275152,0.8552706984131869,0.860683798789978,23300,0.0,0.0
2014-01-14 00:00:00-05:00,0.8877497555223884,0.8931628586726431,0.8715104460716248,0.8715104460716248,18300,0.0,0.0
2014-01-15 00:00:00-05:00,0.8985758297103538,0.9148152013028138,0.8715103179383705,0.893162727355957,17100,0.0,0.0
2014-01-16 00:00:00-05:00,0.8931627273559571,0.9202283036572104,0.8931627273559571,0.893162727355957,7500,0.0,0.0
2014-01-17 00:00:00-05:00,0.9202280433822779,0.9689459507926002,0.8877493739128114,0.8877493739128113,20300,0.0,0.0
2014-01-21 00:00:00-05:00,0.898575484752655,0.920227950387261,0.898575484752655,0.898575484752655,14500,0.0,0.0
2014-01-22 00:00:00-05:00,0.9039885850289953,0.920227950387261,0.898575484752655,0.898575484752655,6200,0.0,0.0
2014-01-23 00:00:00-05:00,0.9202280867512068,0.9310542889081672,0.9039887189865112,0.9039887189865112,1600,0.0,0.0
2014-01-24 00:00:00-05:00,0.9094016853053354,0.9148148501109209,0.8931623844763149,0.898575484752655,5200,0.0,0.0
2014-01-27 00:00:00-05:00,0.9202280907355679,0.9202280907355679,0.8823363184928894,0.8823363184928894,11800,0.0,0.0
2014-01-28 00:00:00-05:00,0.9094018200649914,0.9094018200649914,0.9039887189865112,0.9039887189865112,9900,0.0,0.0
2014-01-29 00:00:00-05:00,0.9094017148017884,0.9094017148017884,0.8985755138979602,0.9094017148017883,1100,0.0,0.0
2014-01-30 00:00:00-05:00,0.8769232135941101,0.9202280867512068,0.8769232135941101,0.9039887189865112,4400,0.0,0.0
2014-01-31 00:00:00-05:00,0.9039887189865112,0.9039887189865112,0.8877494157510705,0.9039887189865112,8200,0.0,0.0
2014-02-03 00:00:00-05:00,0.9039885850289953,0.9039885850289953,0.8931623844763149,0.898575484752655,3600,0.0,0.0
2014-02-04 00:00:00-05:00,0.9202280080355757,0.996011481181091,0.9148149074201282,0.9905983805656433,29000,0.0,0.0
2014-02-05 00:00:00-05:00,0.9905987276478012,0.9905987276478012,0.9581200480461122,0.9581200480461121,7800,0.0,0.0
2014-02-06 00:00:00-05:00,0.9743591174580167,0.9743591174580167,0.9310543079447532,0.9364674091339111,4100,0.0,0.0
2014-02-07 00:00:00-05:00,0.9743591682544395,0.9797722697257994,0.9743591682544395,0.9797722697257996,9700,0.0,0.0
2014-02-10 00:00:00-05:00,0.9960114666136299,0.9960114666136299,0.9743589999392749,0.9851852655410767,13200,0.0,0.0
2014-02-11 00:00:00-05:00,0.9905983805656433,0.9905983805656433,0.9905983805656433,0.9905983805656433,1100,0.0,0.0
2014-02-12 00:00:00-05:00,1.0069269668562557,1.034141182899475,1.0014841236476117,1.034141182899475,21100,0.01,0.0
2014-02-13 00:00:00-05:00,1.034140775233789,1.039583616296826,1.0123694109816408,1.0178122520446777,11500,0.0,0.0
2014-02-14 00:00:00-05:00,1.0014840513720848,1.0069268941879272,1.0014840513720848,1.0069268941879272,2400,0.0,0.0
2014-02-18 00:00:00-05:00,1.0232554226354547,1.0341411082671397,1.0014840513720848,1.0069268941879272,5200,0.0,0.0
2014-02-19 00:00:00-05:00,1.0178122520446777,1.034140775233789,1.0123694109816408,1.0178122520446777,3000,0.0,0.0
2014-02-20 00:00:00-05:00,1.0341411904843911,1.072241158108152,1.0014841309930045,1.061355471611023,14600,0.0,0.0
2014-02-21 00:00:00-05:00,1.077684191117953,1.0885698795318604,1.023255684164596,1.0885698795318604,16100,0.0,0.0
2014-02-24 00:00:00-05:00,1.0885696988679792,1.1103410720825195,1.0885696988679792,1.1103410720825195,25200,0.0,0.0
2014-02-25 00:00:00-05:00,1.110340922529678,1.1593266354320833,1.0994552373886108,1.0994552373886108,14900,0.0,0.0
2014-02-26 00:00:00-05:00,1.0722410827625621,1.1647695412538706,1.0722410827625621,1.077683925628662,9600,0.0,0.0
2014-02-27 00:00:00-05:00,1.1321123838424683,1.1321123838424683,1.1321123838424683,1.1321123838424683,2300,0.0,0.0
2014-02-28 00:00:00-05:00,1.0940122604370117,1.1429978375547574,1.0940122604370117,1.0940122604370117,5000,0.0,0.0
2014-03-03 00:00:00-05:00,1.1048979442409552,1.1103407861429269,1.0940122604370117,1.0940122604370117,1200,0.0,0.0
2014-03-04 00:00:00-05:00,1.0722410827625621,1.1103409828252615,1.0722410827625621,1.077683925628662,3600,0.0,0.0
2014-03-05 00:00:00-05:00,1.1048984931499475,1.1103413377559017,1.0722414255142212,1.0722414255142212,11300,0.0,0.0
2014-03-06 00:00:00-05:00,1.088569581001251,1.104898109144157,1.066798210144043,1.066798210144043,2700,0.0,0.0
2014-03-07 00:00:00-05:00,1.088569581001251,1.088569581001251,1.066798210144043,1.066798210144043,600,0.0,0.0
2014-03-10 00:00:00-04:00,1.0667983148595874,1.0994553743509743,1.04502687698152,1.061355471611023,16900,0.0,0.0
2014-03-11 00:00:00-04:00,1.0450264573598629,1.0504692984229,1.0123694109816408,1.0178122520446777,22800,0.0,0.0
2014-03-12 00:00:00-04:00,1.0178125851691928,1.0232554280136426,0.9851554632186889,0.985155463218689,12000,0.0,0.0
2014-03-13 00:00:00-04:00,1.0014840364456177,1.0014840364456177,0.9797126006229324,1.0014840364456177,1200,0.0,0.0
2014-03-14 00:00:00-04:00,0.979712724685669,0.9960413198413524,0.979712724685669,0.979712724685669,2800,0.0,0.0
2014-03-17 00:00:00-04:00,0.9797127617439196,1.0014842011470786,0.9797127617439196,0.9960413575172424,9000,0.0,0.0
2014-03-18 00:00:00-04:00,0.9960412234629431,1.001484066360243,0.9797126298872384,0.9905983805656433,7900,0.0,0.0
2014-03-19 00:00:00-04:00,0.9905985138874063,1.006927044776915,0.9797127617439196,0.9960413575172424,19900,0.0,0.0
2014-03-20 00:00:00-04:00,1.0123697519302368,1.017812594826329,1.0123697519302368,1.0123697519302368,2000,0.0,0.0
2014-03-21 00:00:00-04:00,0.9851554632186889,0.9960412137913933,0.9851554632186889,0.985155463218689,9200,0.0,0.0
2014-03-24 00:00:00-04:00,1.023255093107715,1.023255093107715,1.0014837288555667,1.0178122520446777,21700,0.0,0.0
2014-03-25 00:00:00-04:00,1.0286981511456337,1.148440744672557,1.006926782301429,1.11578369140625,61800,0.0,0.0
2014-03-26 00:00:00-04:00,1.148440975207965,1.148440975207965,1.0940125421716143,1.1103410720825195,14600,0.0,0.0
2014-03-27 00:00:00-04:00,1.1375552770909254,1.1538838068366188,1.0232555039872622,1.061355471611023,18800,0.0,0.0
2014-03-28 00:00:00-04:00,1.0776842701201756,1.0776842701201756,1.066798580908267,1.0722414255142212,5200,0.0,0.0
2014-03-31 00:00:00-04:00,1.0341411904843911,1.072241158108152,1.0341411904843911,1.061355471611023,6900,0.0,0.0
2014-04-01 00:00:00-04:00,1.028698485650632,1.0450270175933838,1.028698485650632,1.0450270175933838,9200,0.0,0.0
2014-04-02 00:00:00-04:00,1.0613553714113462,1.0613553714113462,1.0014840364456177,1.0014840364456177,4400,0.0,0.0
2014-04-03 00:00:00-04:00,1.0123699178875087,1.055912733078003,1.0123699178875087,1.055912733078003,5900,0.0,0.0
2014-04-04 00:00:00-04:00,1.0450270175933838,1.0559127704390365,1.0450270175933838,1.0450270175933838,8900,0.0,0.0
2014-04-07 00:00:00-04:00,1.055912733078003,1.055912733078003,1.055912733078003,1.055912733078003,300,0.0,0.0
2014-04-08 00:00:00-04:00,1.0504698615743011,1.0613556144199539,1.0450270175933838,1.0450270175933838,2200,0.0,0.0
2014-04-09 00:00:00-04:00,1.04502687698152,1.061355471611023,1.04502687698152,1.061355471611023,10700,0.0,0.0
2014-04-10 00:00:00-04:00,1.0559122043697204,1.0559122043697204,1.0178122520446777,1.0178122520446777,3200,0.0,0.0
2014-04-11 00:00:00-04:00,0.9797126996258751,1.0395840406417847,0.9797126996258751,1.0395840406417847,9500,0.0,0.0
2014-04-14 00:00:00-04:00,1.050469727211257,1.050469727211257,1.0069269809333667,1.0395840406417847,1400,0.0,0.0
2014-04-15 00:00:00-04:00,1.034140775233789,1.034140775233789,1.0069265699186039,1.0178122520446777,2200,0.0,0.0
2014-04-16 00:00:00-04:00,1.0178122520446777,1.0178122520446777,1.0069265699186039,1.0178122520446777,3100,0.0,0.0
2014-04-17 00:00:00-04:00,1.0450267783233815,1.0450267783233815,1.0014840364456177,1.0014840364456177,2600,0.0,0.0
2014-04-21 00:00:00-04:00,0.9960413575172424,1.006927044776915,0.9960413575172424,0.9960413575172424,2400,0.0,0.0
2014-04-22 00:00:00-04:00,0.9960411361058704,1.0559124676090015,0.9960411361058704,1.0232553482055664,9400,0.0,0.0
2014-04-23 00:00:00-04:00,1.0178122520446777,1.0178122520446777,1.0178122520446777,1.0178122520446777,200,0.0,0.0
2014-04-24 00:00:00-04:00,1.0069267801140065,1.0559124247908491,1.001483937914779,1.0504695177078247,8400,0.0,0.0
2014-04-25 00:00:00-04:00,1.0069271097269632,1.0559127704390365,1.0069271097269632,1.0450270175933838,2300,0.0,0.0
2014-04-28 00:00:00-04:00,1.0504698615743011,1.0504698615743011,1.023255641669715,1.0450270175933838,700,0.0,0.0
2014-04-29 00:00:00-04:00,1.0504696171173338,1.066798210144043,1.0450267744030317,1.066798210144043,6100,0.0,0.0
2014-04-30 00:00:00-04:00,1.0178125608315218,1.066798210144043,1.0178125608315218,1.066798210144043,400,0.0,0.0
2014-05-01 00:00:00-04:00,1.0667984584008712,1.0667984584008712,1.0341413296315494,1.0450270175933838,2300,0.0,0.0
2014-05-02 00:00:00-04:00,1.0341409346315293,1.1157836280448987,1.0341409346315293,1.0940122604370117,12700,0.0,0.0
2014-05-05 00:00:00-04:00,1.110340922529678,1.110340922529678,1.0994552373886108,1.0994552373886108,1500,0.0,0.0
2014-05-06 00:00:00-04:00,1.1157836889823494,1.1157836889823494,1.0504695177078247,1.0504695177078247,2300,0.0,0.0
2014-05-07 00:00:00-04:00,1.11578369140625,1.11578369140625,1.11578369140625,1.11578369140625,300,0.0,0.0
2014-05-08 00:00:00-04:00,1.1157839040966677,1.1375552770909254,1.0504697202300846,1.061355471611023,5900,0.0,0.0
2014-05-09 00:00:00-04:00,1.0994553854752493,1.1103410720825195,1.0994553854752493,1.1103410720825195,1800,0.0,0.0
2014-05-12 00:00:00-04:00,1.055912733078003,1.055912733078003,1.055912733078003,1.055912733078003,300,0.0,0.0
2014-05-13 00:00:00-04:00,1.1219070924140497,1.3088916952292997,1.1164075529853283,1.23739755153656,50600,0.02,0.0
2014-05-14 00:00:00-04:00,1.2373974893246487,1.2373974893246487,1.2044002544113035,1.2318979501724243,3900,0.0,0.0
2014-05-15 00:00:00-04:00,1.1989006310299177,1.2153992473274746,1.1054083408910822,1.1824020147323608,14500,0.0,0.0
2014-05-16 00:00:00-04:00,1.1219071193797745,1.198900804351826,1.1164075798188684,1.132906198501587,8500,0.0,0.0
2014-05-19 00:00:00-04:00,1.1549042453366039,1.1769025325775146,1.1549042453366039,1.1769025325775146,4400,0.0,0.0
2014-05-20 00:00:00-04:00,1.1824020282146412,1.3913846348192882,1.1824020282146412,1.3418887853622437,12300,0.0,0.0
2014-05-21 00:00:00-04:00,1.4243815289472883,1.4243815289472883,1.2703943472599586,1.314390778541565,26400,0.0,0.0
2014-05-22 00:00:00-04:00,1.330889852944185,1.347388471230349,1.2098998543929533,1.23739755153656,10400,0.0,0.0
2014-05-23 00:00:00-04:00,1.3033921540089044,1.3363895249747235,1.2483967542648315,1.2483967542648315,5200,0.0,0.0
2014-05-27 00:00:00-04:00,1.297892614034497,1.3693867648211673,1.2483967542648315,1.2483967542648315,1400,0.0,0.0
2014-05-28 00:00:00-04:00,1.270394754862331,1.3198907395448631,1.2648952155775341,1.297892451286316,11600,0.0,0.0
2014-05-29 00:00:00-04:00,1.352887910268461,1.352887910268461,1.2868933109015503,1.2923928499221802,2500,0.0,0.0
2014-05-30 00:00:00-04:00,1.2483967542648315,1.3418890649491308,1.2428972142904242,1.2483967542648315,3500,0.0,0.0
2014-06-02 00:00:00-04:00,1.2373972571524783,1.2428967952728271,1.2373972571524783,1.2428967952728271,700,0.0,0.0
2014-06-03 00:00:00-04:00,1.2373975046281713,1.314391184830886,1.2373975046281713,1.2648952007293701,3000,0.0,0.0
2014-06-04 00:00:00-04:00,1.3143912002600662,1.3143912002600662,1.2373975191535493,1.297892451286316,2600,0.0,0.0
2014-06-05 00:00:00-04:00,1.286892959820817,1.314390778541565,1.286892959820817,1.314390778541565,1000,0.0,0.0
2014-06-06 00:00:00-04:00,1.2978927405670342,1.2978927405670342,1.2428973354614183,1.259395956993103,4600,0.0,0.0
2014-06-09 00:00:00-04:00,1.2923928158950222,1.4353809577860432,1.281393738143355,1.3638869524002075,57200,0.0,0.0
2014-06-10 00:00:00-04:00,1.523373920972109,1.6113666862378488,1.4298816160722212,1.5728697776794434,77900,0.0,0.0
2014-06-11 00:00:00-04:00,1.6443636478371046,1.7488550144537551,1.5948677994436444,1.6553627252578735,85300,0.0,0.0
2014-06-12 00:00:00-04:00,1.7433559748211258,1.754355055390647,1.600367796297964,1.6443641185760498,51700,0.0,0.0
2014-06-13 00:00:00-04:00,1.6443638493125723,1.6773610856178611,1.5453720092773438,1.5453720092773438,21200,0.0,0.0
2014-06-16 00:00:00-04:00,1.600367636066488,1.7048588910151028,1.539872567871604,1.6828607320785522,45300,0.0,0.0
2014-06-17 00:00:00-04:00,1.6773609657420383,1.726856947782008,1.6498632707861398,1.704858660697937,44200,0.0,0.0
2014-06-18 00:00:00-04:00,1.6553632703664896,1.7048591350588629,1.6553632703664896,1.6938600540161133,11600,0.0,0.0
2014-06-19 00:00:00-04:00,1.6553627252578735,1.6773608800994115,1.6553627252578735,1.6553627252578735,20500,0.0,0.0
2014-06-20 00:00:00-04:00,1.6553627252578735,1.6938594962305649,1.649863186547489,1.6553627252578735,16100,0.0,0.0
2014-06-23 00:00:00-04:00,1.5948677994436444,1.7048585736513338,1.5948677994436444,1.6553627252578735,10700,0.0,0.0
2014-06-24 00:00:00-04:00,1.7048585736513338,1.7598540918745242,1.6553627252578735,1.6553627252578735,16200,0.0,0.0
2014-06-25 00:00:00-04:00,1.7598541290991527,1.7598541290991527,1.6498632214455777,1.7433555126190186,7500,0.0,0.0
2014-06-26 00:00:00-04:00,1.7433560498278755,1.7433560498278755,1.6608628108878642,1.6938600540161133,9100,0.0,0.0
2014-06-27 00:00:00-04:00,1.7048582015820153,1.8313476954350578,1.7048582015820153,1.8203486204147339,54300,0.0,0.0
2014-06-30 00:00:00-04:00,1.8588465452194214,1.864346085780214,1.7158582284000292,1.8588465452194214,51500,0.0,0.0
2014-07-01 00:00:00-04:00,1.8148496879154772,2.0348315238952637,1.8038506092284239,2.0348315238952637,52700,0.0,0.0
2014-07-02 00:00:00-04:00,2.0898271288467973,2.1998180579691287,1.9798361997244662,2.150322198867798,63900,0.0,0.0
2014-07-03 00:00:00-04:00,2.0898271326392193,2.117324832189859,1.908342184485624,1.913841724395752,48200,0.0,0.0
2014-07-07 00:00:00-04:00,1.9468391000208607,2.0733286579200136,1.930340479136543,1.9688372611999512,26600,0.0,0.0
2014-07-08 00:00:00-04:00,1.9632281551676753,2.1034587376796523,1.9520097192654617,1.980055809020996,24600,0.07,0.0
2014-07-09 00:00:00-04:00,2.0754118849476284,2.0810211008366384,1.9912735128782186,2.0249288082122803,12300,0.0,0.0
2014-07-10 00:00:00-04:00,1.996882755242547,2.086630344390869,1.996882755242547,2.086630344390869,13900,0.0,0.0
2014-07-11 00:00:00-04:00,2.0810218658752246,2.0810218658752246,1.9688373731187823,1.980055809020996,30600,0.0,0.0
2014-07-14 00:00:00-04:00,1.974446179443874,2.0473661313404574,1.862261710075279,1.8678709268569946,94800,0.0,0.0
2014-07-15 00:00:00-04:00,1.8454340266560023,2.0193198775070655,1.7949510765253218,1.8061695098876953,33600,0.0,0.0
2014-07-16 00:00:00-04:00,1.7949509092548328,1.9183537984753678,1.609846508556899,1.637892723083496,74900,0.0,0.0
2014-07-17 00:00:00-04:00,1.5986281903744364,1.6266744069034003,1.4303515598720122,1.5313175916671753,236200,0.0,0.0
2014-07-18 00:00:00-04:00,1.4864441787021219,1.5537547918775854,1.4303518673216018,1.4808349609375,54200,0.0,0.0
2014-07-21 00:00:00-04:00,1.469616075784581,1.5425360247850524,1.385477827400505,1.5313175916671753,65200,0.0,0.0
2014-07-22 00:00:00-04:00,1.5425360950057196,1.5425360950057196,1.4023055409142906,1.4079147577285767,102500,0.0,0.0
2014-07-23 00:00:00-04:00,1.4023053795111355,1.447179108860528,1.3462132178243953,1.3574316501617432,59300,0.0,0.0
2014-07-24 00:00:00-04:00,1.3630407494031755,1.4527882004030548,1.318166890168985,1.3462131023406982,151200,0.0,0.0
2014-07-25 00:00:00-04:00,1.4696157428358965,2.069802447338411,1.4696157428358965,1.72763991355896,696800,0.0,0.0
2014-07-28 00:00:00-04:00,1.559363739936028,1.6098466910861389,1.4023055359569616,1.419133186340332,772200,0.0,0.0
2014-07-29 00:00:00-04:00,1.4191329920410132,1.480834502066508,1.4191329920410132,1.4696159362792969,153400,0.0,0.0
2014-07-30 00:00:00-04:00,1.4696160688481004,1.4864438521797614,1.4135239035234672,1.4359607696533203,77100,0.0,0.0
2014-07-31 00:00:00-04:00,1.4359606469494823,1.464006727215242,1.4303514308963305,1.4471790790557861,93400,0.0,0.0
2014-08-01 00:00:00-04:00,1.430351424093965,1.480834502066508,1.430351424093965,1.4696159362792969,59200,0.0,0.0
2014-08-04 00:00:00-04:00,1.4583976357831738,1.4864438521797614,1.430351553120857,1.4359607696533203,128600,0.0,0.0
2014-08-05 00:00:00-04:00,1.4583977090571512,1.4583977090571512,1.4023055409142906,1.4079147577285767,69300,0.0,0.0
2014-08-06 00:00:00-04:00,1.4023055359569616,1.419133186340332,1.3742594519846778,1.419133186340332,111700,0.0,0.0
2014-08-07 00:00:00-04:00,1.413524318047758,1.469616499821752,1.39108744533816,1.430351972579956,38000,0.0,0.0
2014-08-08 00:00:00-04:00,1.407914773147609,1.4415700744019073,1.3518226043904449,1.3742594718933105,201400,0.0,0.0
2014-08-11 00:00:00-04:00,1.4135237774905907,1.4303514255875907,1.318166971206665,1.318166971206665,58500,0.0,0.0
2014-08-12 00:00:00-04:00,1.318166950134549,1.3630408114101247,1.318166950134549,1.3406039476394653,30800,0.0,0.0
2014-08-13 00:00:00-04:00,1.4480785632770035,1.4707047697558897,1.3406039476394653,1.3406039476394653,78800,0.02,0.0
2014-08-14 00:00:00-04:00,1.4141392483721782,1.4650482127629585,1.3575737323824224,1.4254523515701294,86400,0.0,0.0
2014-08-15 00:00:00-04:00,1.4707046966098876,1.4933310368262736,1.3971695292108042,1.4593915939331055,32400,0.0,0.0
2014-08-18 00:00:00-04:00,1.4707050091842975,1.493331354209545,1.4197960363189048,1.4537353515625,49300,0.0,0.0
2014-08-19 00:00:00-04:00,1.4537354733619294,1.527270797413636,1.4197961552747704,1.4989880323410034,81200,0.0,0.0
2014-08-20 00:00:00-04:00,1.5272706497924813,1.5725230695347374,1.4933313349857893,1.5668665170669556,62300,0.0,0.0
2014-08-21 00:00:00-04:00,1.5555531005331669,1.5555531005331669,1.4989875871861804,1.5442399978637695,34900,0.0,0.0
2014-08-22 00:00:00-04:00,1.5442403071958275,1.5838361744703016,1.5329272022602634,1.5668665170669556,50300,0.0,0.0
2014-08-25 00:00:00-04:00,1.566866882048043,1.583836543404249,1.5272710055502288,1.5385841131210327,113000,0.0,0.0
2014-08-26 00:00:00-04:00,1.5272702422142528,1.5555529970054252,1.4424218429779228,1.4480783939361572,92000,0.0,0.0
2014-08-27 00:00:00-04:00,1.482018238434562,1.4989880323410034,1.4763616854200354,1.4989880323410034,15900,0.0,0.0
2014-08-28 00:00:00-04:00,1.5159577111263025,1.5159577111263025,1.4593920453815432,1.4707051515579224,37300,0.0,0.0
2014-08-29 00:00:00-04:00,1.504644370296488,1.5159574747085571,1.4650483699914028,1.5159574747085571,20800,0.0,0.0
2014-09-02 00:00:00-04:00,1.5216141209457419,1.5725230939460744,1.4707050130825585,1.5555534362792969,34900,0.0,0.0
2014-09-03 00:00:00-04:00,1.5329267978668213,1.5498964507934916,1.5272702468912647,1.5329267978668213,28100,0.0,0.0
2014-09-04 00:00:00-04:00,1.5272702681333938,1.5385833702418563,1.504644063916469,1.5216137170791626,28000,0.0,0.0
2014-09-05 00:00:00-04:00,1.5385833488423781,1.5385833488423781,1.5216136959157078,1.5329267978668213,25500,0.0,0.0
2014-09-08 00:00:00-04:00,1.5385837798256101,1.5555534375057674,1.521614122145453,1.5272706747055054,45800,0.0,0.0
2014-09-09 00:00:00-04:00,1.5272703438596738,1.5498965491984682,1.5159572411902764,1.5442399978637695,23300,0.0,0.0
2014-09-10 00:00:00-04:00,1.566866349722844,1.617775316495714,1.5216139348136264,1.561209797859192,42800,0.0,0.0
2014-09-11 00:00:00-04:00,1.5725230939460744,1.5781796465016669,1.5216141209457419,1.5555534362792969,37300,0.0,0.0
2014-09-12 00:00:00-04:00,1.5725229015864963,1.5838360053138008,1.5272704866772786,1.561209797859192,33900,0.0,0.0
2014-09-15 00:00:00-04:00,1.5781792056712753,1.5781792056712753,1.5272702468912647,1.5329267978668213,38400,0.0,0.0
2014-09-16 00:00:00-04:00,1.5838360053138008,1.5838360053138008,1.5329270385409308,1.561209797859192,23000,0.0,0.0
2014-09-17 00:00:00-04:00,1.5725228079093507,1.578179359436035,1.5555531533292974,1.5781793594360352,22000,0.0,0.0
2014-09-18 00:00:00-04:00,1.5668661864030677,1.600805494047372,1.5668661864030677,1.5838358402252197,41400,0.0,0.0
2014-09-19 00:00:00-04:00,1.595149650975053,1.595149650975053,1.5385841131210327,1.5385841131210327,51400,0.0,0.0
2014-09-22 00:00:00-04:00,1.5329270339450758,1.5442401376384625,1.4989877228649156,1.5046442747116089,54400,0.0,0.0
2014-09-23 00:00:00-04:00,1.4989876342515123,1.5781793554237613,1.4989876342515123,1.5498965978622437,31300,0.0,0.0
2014-09-24 00:00:00-04:00,1.5781799896188469,1.5781799896188469,1.5272710055502288,1.5385841131210327,28100,0.0,0.0
2014-09-25 00:00:00-04:00,1.521614122145453,1.5612099900658198,1.5159575695854006,1.5272706747055054,35500,0.0,0.0
2014-09-26 00:00:00-04:00,1.549896601802613,1.5838359109627194,1.53292694722256,1.5781793594360352,32500,0.0,0.0
2014-09-29 00:00:00-04:00,1.5838358402252197,1.5838358402252197,1.5498965325809155,1.5838358402252197,33200,0.0,0.0
2014-09-30 00:00:00-04:00,1.5951493505717054,1.612119008732134,1.5555534815307048,1.5894927978515625,45500,0.0,0.0
2014-10-01 00:00:00-04:00,1.5668665869709908,1.5894927978515623,1.5612100342508477,1.5894927978515625,25300,0.0,0.0
2014-10-02 00:00:00-04:00,1.5838358186191064,1.5951489210128784,1.5555530626346759,1.5951489210128784,41400,0.0,0.0
2014-10-03 00:00:00-04:00,1.6008056882588064,1.6121187921794256,1.5894925843381875,1.6064622402191162,53600,0.0,0.0
2014-10-06 00:00:00-04:00,1.6064621791596452,1.6347450727490347,1.6008056274143334,1.6290885210037231,135200,0.0,0.0
2014-10-07 00:00:00-04:00,1.6064620234066507,1.6347449142538995,1.5838358186191064,1.5951489210128784,35100,0.0,0.0
2014-10-08 00:00:00-04:00,1.6183511680005875,1.6241517043688596,1.519741911444265,1.5835479497909546,43800,0.07,0.0
2014-10-09 00:00:00-04:00,1.5719472542255737,1.6241520940659906,1.5487451031853885,1.5545456409454346,67600,0.0,0.0
2014-10-10 00:00:00-04:00,1.5255428657158117,1.600949852324243,1.5255428657158117,1.5777477025985718,38500,0.0,0.0
2014-10-13 00:00:00-04:00,1.5661461664569634,1.6183509879637794,1.5255424163961067,1.548744559288025,60100,0.0,0.0
2014-10-14 00:00:00-04:00,1.5429440235650453,1.571946702179943,1.5313429521190862,1.548744559288025,17600,0.0,0.0
2014-10-15 00:00:00-04:00,1.5487449685607664,1.5487449685607664,1.5139416067300409,1.5429444313049316,26000,0.0,0.0
2014-10-16 00:00:00-04:00,1.537143561021594,1.5951489210128784,1.5139412787293933,1.5951489210128784,26300,0.0,0.0
2014-10-17 00:00:00-04:00,1.5951490912293025,1.5951490912293025,1.5661464081388192,1.589348554611206,24700,0.0,0.0
2014-10-20 00:00:00-04:00,1.5893485546112058,1.5893485546112058,1.5487447982845293,1.589348554611206,14100,0.0,0.0
2014-10-21 00:00:00-04:00,1.5951493459167665,1.6183514960936944,1.5545455831071424,1.6009498834609985,22700,0.0,0.0
2014-10-22 00:00:00-04:00,1.6183510650093922,1.6183510650093922,1.537143561021594,1.5951489210128784,18800,0.0,0.0
2014-10-23 00:00:00-04:00,1.6009498834609985,1.6241520336379265,1.5951493459167665,1.6009498834609985,33400,0.0,0.0
2014-10-24 00:00:00-04:00,1.6067504210052306,1.6183514960936944,1.5951493459167665,1.6009498834609985,22000,0.0,0.0
2014-10-27 00:00:00-04:00,1.6183509879637794,1.635752595132718,1.5371434878420658,1.548744559288025,70700,0.0,0.0
2014-10-28 00:00:00-04:00,1.589348829855521,1.62995259321398,1.5603461417423359,1.5719472169876099,38800,0.0,0.0
2014-10-29 00:00:00-04:00,1.595149361093947,1.6357531242898988,1.5777477482956819,1.612550973892212,5100,0.0,0.0
2014-10-30 00:00:00-04:00,1.6531542810041628,1.6531542810041628,1.5951489210128784,1.5951489210128784,90700,0.0,0.0
2014-10-31 00:00:00-04:00,1.5951491583020774,1.6473539900600542,1.5951491583020774,1.6357529163360596,15100,0.0,0.0
2014-11-03 00:00:00-05:00,1.6357525778162567,1.6473536491394043,1.6241515064931094,1.6473536491394043,12000,0.0,0.0
2014-11-04 00:00:00-05:00,1.653154440435818,1.653154440435818,1.600949611408983,1.6183512210845947,36500,0.0,0.0
2014-11-05 00:00:00-05:00,1.6473538368464318,1.653154373168945,1.6241516915563785,1.6531543731689453,8400,0.0,0.0
2014-11-06 00:00:00-05:00,1.6647552561241254,1.670555930081378,1.6241515064931094,1.6473536491394043,29000,0.0,0.0
2014-11-07 00:00:00-05:00,1.6473538544467006,1.670556138280341,1.600949563370812,1.6647554636001587,20900,0.0,0.0
2014-11-10 00:00:00-05:00,1.693758216859486,1.7517635784112393,1.6589548616327434,1.7111598253250122,52100,0.0,0.0
2014-11-11 00:00:00-05:00,1.734361825039267,1.7923671817446556,1.6821570040044174,1.7691650390625,105500,0.0,0.0
2014-11-12 00:00:00-05:00,1.7750038620610487,1.821714446049438,1.7282932780726594,1.7691650390625,46300,0.02,0.0
2014-11-13 00:00:00-05:00,1.7458101917795092,1.7808431386947632,1.7399713672936334,1.7808431386947632,59600,0.0,0.0
2014-11-14 00:00:00-05:00,1.798359275611497,1.798359275611497,1.7399710416793823,1.7399710416793823,31400,0.0,0.0
2014-11-17 00:00:00-05:00,1.7282934411950817,1.7458099118439938,1.6699050664901736,1.6699050664901733,38400,0.0,0.0
2014-11-18 00:00:00-05:00,1.7049381469965321,1.7399710882943564,1.6699050664901736,1.6699050664901733,37400,0.0,0.0
2014-11-19 00:00:00-05:00,1.6699052261729623,1.7516489028930664,1.6699052261729623,1.7516489028930664,38100,0.0,0.0
2014-11-20 00:00:00-05:00,1.7574880020994588,1.7574880020994588,1.6874221018364703,1.7107774019241333,28800,0.0,0.0
2014-11-21 00:00:00-05:00,1.704938313936611,1.745810082786057,1.704938313936611,1.7224547863006592,22900,0.0,0.0
2014-11-24 00:00:00-05:00,1.7458098167049052,1.7458098167049052,1.7049380540847776,1.7049380540847778,30800,0.0,0.0
2014-11-25 00:00:00-05:00,1.7282936573028564,1.7399713058623176,1.6932607116244733,1.7282936573028564,40000,0.0,0.0
2014-11-26 00:00:00-05:00,1.7399712546771298,1.7516489028930664,1.7224547823532248,1.7516489028930664,25100,0.0,0.0
2014-11-28 00:00:00-05:00,1.7516489028930664,1.7516489028930664,1.7282936064611931,1.7516489028930664,14400,0.0,0.0
2014-12-01 00:00:00-05:00,1.751648975449983,1.7983595702485788,1.739971326750334,1.7458101511001587,70300,0.0,0.0
2014-12-02 00:00:00-05:00,1.7633272409439087,1.7983601992970348,1.7633272409439087,1.7633272409439087,43600,0.0,0.0
2014-12-03 00:00:00-05:00,1.7808430156653756,1.8100371360778806,1.7691653675003736,1.8100371360778809,74100,0.0,0.0
2014-12-04 00:00:00-05:00,1.8100371360778806,1.8100371360778806,1.7808430156653756,1.8100371360778809,31900,0.0,0.0
2014-12-05 00:00:00-05:00,1.810037347270755,1.8509092598256922,1.810037347270755,1.8392316102981567,57600,0.0,0.0
2014-12-08 00:00:00-05:00,1.8392314443235347,1.8625867412709933,1.8275537958498052,1.83339262008667,31100,0.0,0.0
2014-12-09 00:00:00-05:00,1.8450699573768448,1.8976193666458128,1.8158757019077798,1.897619366645813,39400,0.0,0.0
2014-12-10 00:00:00-05:00,1.8859422510221873,1.9852024134576391,1.8567481265436916,1.950169324874878,60200,0.0,0.0
2014-12-11 00:00:00-05:00,1.973524657001036,2.0260740782221336,1.9268139211515019,2.0143964290618896,67500,0.0,0.0
2014-12-12 00:00:00-05:00,2.031912855840389,2.031912855840389,1.8976197543928277,2.0085575580596924,38400,0.0,0.0
2014-12-15 00:00:00-05:00,2.0085572230510316,2.0903007516494094,1.9793631056944678,2.055267810821533,71000,0.0,0.0
2014-12-16 00:00:00-05:00,2.072784863743756,2.0786236888559357,2.0143966126219603,2.0377519130706787,58700,0.0,0.0
2014-12-17 00:00:00-05:00,2.0377517092430883,2.1603671635427317,2.0377517092430883,2.119495391845703,55600,0.0,0.0
2014-12-18 00:00:00-05:00,2.18956127402195,2.2479495189791128,2.160367151543369,2.1778836250305176,58800,0.0,0.0
2014-12-19 00:00:00-05:00,2.1603667224099126,2.1603667224099126,2.049428939819336,2.049428939819336,67200,0.0,0.0
2014-12-22 00:00:00-05:00,2.043590683790569,2.1545284971778274,2.014396559006703,2.0611071586608887,74000,0.0,0.0
2014-12-23 00:00:00-05:00,2.0786235715963426,2.183722556895289,2.0319129733339505,2.1311731338500977,66400,0.0,0.0
2014-12-24 00:00:00-05:00,2.1662063716498747,2.2596275806427,2.1428510694016683,2.2596275806427,55800,0.0,0.0
2014-12-26 00:00:00-05:00,2.2596271089289046,2.3939202080300004,2.1778835681247486,2.2304329872131348,84100,0.0,0.0
2014-12-29 00:00:00-05:00,2.2771441375958243,2.3822429949923736,2.2771441375958243,2.300499439239502,83100,0.0,0.0
2014-12-30 00:00:00-05:00,2.335531520501228,2.335531520501228,2.265465641706284,2.31217622756958,48500,0.0,0.0
2014-12-31 00:00:00-05:00,2.306338296695744,2.3530490398406982,2.2771441692355103,2.3530490398406982,78100,0.0,0.0
2015-01-02 00:00:00-05:00,2.393920549785711,2.440631151199341,2.3472099483720807,2.440631151199341,79200,0.0,0.0
2015-01-05 00:00:00-05:00,2.458147188115553,2.592440274820812,2.3939199870607566,2.5048577785491943,231400,0.0,0.0
2015-01-06 00:00:00-05:00,2.5282133675895024,2.545729980246401,2.3530486331060816,2.4990193843841553,148100,0.0,0.0
2015-01-07 00:00:00-05:00,2.499019145965576,2.5287694887329053,2.3324180208853624,2.499019145965576,125900,0.08,0.0
2015-01-08 00:00:00-05:00,2.541375783279557,2.644241044391248,2.4264090322444227,2.505070447921753,82700,0.07,0.0
2015-01-09 00:00:00-05:00,2.5050696716545033,2.5232224779728196,2.4203572487368525,2.4506118297576904,78200,0.0,0.0
2015-01-12 00:00:00-05:00,2.480866292947134,2.5111208760496586,2.378001200897999,2.402204751968384,81900,0.0,0.0
2015-01-13 00:00:00-05:00,2.3901032203903236,2.4022049971607404,2.0088968193285077,2.1783218383789062,325700,0.0,0.0
2015-01-14 00:00:00-05:00,2.178321743524813,2.2327798808848924,2.1178128623075607,2.196474552154541,35100,0.0,0.0
2015-01-15 00:00:00-05:00,2.1541179465805524,2.2206778526306152,2.0209982787449627,2.2206778526306152,56100,0.0,0.0
2015-01-16 00:00:00-05:00,2.2267290897251333,2.2267290897251333,2.0996602893711946,2.1783218383789062,39600,0.0,0.0
2015-01-20 00:00:00-05:00,2.2206784622241114,2.2206784622241114,2.1178132033264485,2.154118537902832,60700,0.0,0.0
2015-01-21 00:00:00-05:00,2.123863773982471,2.160169103115441,2.020998530507837,2.09360933303833,90000,0.0,0.0
2015-01-22 00:00:00-05:00,2.0331002843388553,2.2146272165197165,1.9846931793650535,2.196474552154541,90200,0.0,0.0
2015-01-23 00:00:00-05:00,2.1964743676901732,2.305390344734243,2.0694055835408856,2.135965347290039,38700,0.0,0.0
2015-01-26 00:00:00-05:00,2.1178132033264485,2.2025257949359194,2.1057114251343205,2.154118537902832,38900,0.0,0.0
2015-01-27 00:00:00-05:00,2.135965526672736,2.256983433371793,2.135965526672736,2.196474552154541,44500,0.0,0.0
2015-01-28 00:00:00-05:00,2.238830327987671,2.238830327987671,2.2025250064089716,2.238830327987671,6100,0.0,0.0
2015-01-29 00:00:00-05:00,2.250932467822561,2.2932886832176695,2.1783216685949696,2.226728916168213,58700,0.0,0.0
2015-01-30 00:00:00-05:00,2.2206785097474886,2.2811874020030416,2.154118584001801,2.172271251678467,43700,0.0,0.0
2015-02-02 00:00:00-05:00,2.202525179684566,2.2509322789310833,2.154117936173513,2.2448813915252686,16900,0.0,0.0
2015-02-03 00:00:00-05:00,2.256983757019043,2.2932890909555113,2.184372944881533,2.256983757019043,48300,0.0,0.0
2015-02-04 00:00:00-05:00,2.220678041119483,2.3174922482977394,2.2025253772735596,2.2025253772735596,31400,0.0,0.0
2015-02-05 00:00:00-05:00,2.2448813915252686,2.293288490771786,2.226728729307825,2.2448813915252686,21100,0.0,0.0
2015-02-06 00:00:00-05:00,2.2630346460084545,2.2811873129766886,2.2327802010613973,2.256983757019043,10400,0.0,0.0
2015-02-09 00:00:00-05:00,2.2993393566637743,2.3477465997219036,2.24488137052098,2.293288469314575,47500,0.0,0.0
2015-02-10 00:00:00-05:00,2.238830504119454,2.2751358285543417,2.238830504119454,2.2448813915252686,37600,0.0,0.0
2015-02-11 00:00:00-05:00,2.2570493638679134,2.330053585587714,2.2570493638679134,2.2631330490112305,36000,0.02,0.0
2015-02-12 00:00:00-05:00,2.2996351598711304,2.305718845014447,2.2631330490112305,2.2631330490112305,19800,0.0,0.0
2015-02-13 00:00:00-05:00,2.275300032257782,2.275300032257782,2.1901283096929958,2.2083795070648193,16900,0.0,0.0
2015-02-17 00:00:00-05:00,2.1901280875268743,2.2205466500299478,2.044119538688652,2.1232075691223145,97400,0.0,0.0
2015-02-18 00:00:00-05:00,2.1292915512356845,2.1962120790254995,2.0502035097103364,2.1657936573028564,43700,0.0,0.0
2015-02-19 00:00:00-05:00,2.2022952594141785,2.2022952594141785,2.117123698080765,2.196211576461792,19000,0.0,0.0
2015-02-20 00:00:00-05:00,2.202295588382499,2.202295588382499,2.13537506590998,2.141458749771118,12000,0.0,0.0
2015-02-23 00:00:00-05:00,2.1414590152705895,2.1657937537321788,2.104956907578206,2.1110405921936035,19200,0.0,0.0
2015-02-24 00:00:00-05:00,2.1840442105570186,2.196211576461792,2.135374746937925,2.196211576461792,26900,0.0,0.0
2015-02-25 00:00:00-05:00,2.232714243498624,2.269216348149331,2.177960941476093,2.2083795070648193,17400,0.0,0.0
2015-02-26 00:00:00-05:00,2.2509652895737076,2.2753000259399414,2.147542514970742,2.2753000259399414,22400,0.0,0.0
2015-02-27 00:00:00-05:00,2.2752999197562045,2.2752999197562045,2.2083793978721085,2.226630449295044,22400,0.0,0.0
2015-03-02 00:00:00-05:00,2.208379370542123,2.2752998915980385,2.1597097556368143,2.2022955417633057,20400,0.0,0.0
2015-03-03 00:00:00-05:00,2.1901281589174957,2.232714089791371,2.1901281589174957,2.2205467224121094,10600,0.0,0.0
2015-03-04 00:00:00-05:00,2.2327142372990316,2.2753000259399414,2.190128303611652,2.2753000259399414,8900,0.0,0.0
2015-03-05 00:00:00-05:00,2.2813841044411802,2.2813841044411802,2.2387983084379637,2.2631330490112305,15900,0.0,0.0
2015-03-06 00:00:00-05:00,2.2387977734810014,2.2570488245498934,2.1901281589174957,2.2205467224121094,17700,0.0,0.0
2015-03-09 00:00:00-04:00,2.2570493638679134,2.2813841044411802,2.2387983084379637,2.2631330490112305,22300,0.0,0.0
2015-03-10 00:00:00-04:00,2.269216125572189,2.269216125572189,2.220546657478348,2.2448813915252686,5700,0.0,0.0
2015-03-11 00:00:00-04:00,2.2692163232696614,2.2692163232696614,2.220546850935664,2.238797903060913,8300,0.0,0.0
2015-03-12 00:00:00-04:00,2.275299875618786,2.275299875618786,2.196211842607126,2.2205467224121094,19800,0.0,0.0
2015-03-13 00:00:00-04:00,2.202295653763946,2.2692163232696614,2.202295653763946,2.238797903060913,18200,0.0,0.0
2015-03-16 00:00:00-04:00,2.2509650750369987,2.2509650750369987,2.220546657478348,2.2448813915252686,16700,0.0,0.0
2015-03-17 00:00:00-04:00,2.2509652895737076,2.2813837100315,2.2266305532074733,2.2753000259399414,14900,0.0,0.0
2015-03-18 00:00:00-04:00,2.269216299057007,2.269216299057007,2.232714195195988,2.269216299057007,14100,0.0,0.0
2015-03-19 00:00:00-04:00,2.244881890460815,2.3726394176483154,2.244881890460815,2.3726394176483154,40500,0.0,0.0
2015-03-20 00:00:00-04:00,2.3908903333227376,2.4578108629369098,2.3908903333227376,2.421308755874634,41300,0.0,0.0
2015-03-23 00:00:00-04:00,2.439560072272476,2.4760621810976464,2.342220825312382,2.348304510116577,61300,0.0,0.0
2015-03-24 00:00:00-04:00,2.3239695856208424,2.3483043228975307,2.2327143208332623,2.2874674797058105,39900,0.0,0.0
2015-03-25 00:00:00-04:00,2.311801690656239,2.311801690656239,2.2692159101175093,2.2813832759857178,15900,0.0,0.0
2015-03-26 00:00:00-04:00,2.2935510349643526,2.2935510349643526,2.2205468272423152,2.269216299057007,19000,0.0,0.0
2015-03-27 00:00:00-04:00,2.2327142372990316,2.2813837100315,2.2327142372990316,2.2753000259399414,8100,0.0,0.0
2015-03-30 00:00:00-04:00,2.2935507430571422,2.4456429681672787,2.2752996934494996,2.415224552154541,39600,0.0,0.0
2015-03-31 00:00:00-04:00,2.433475798467426,2.4395596272081965,2.3178856632290725,2.4091410636901855,30000,0.0,0.0
2015-04-01 00:00:00-04:00,2.4334761912142935,2.469978299271352,2.4334761912142935,2.4517273902893066,35400,0.0,0.0
2015-04-02 00:00:00-04:00,2.463894429827156,2.469977968642512,2.35438783022146,2.3848063945770264,48800,0.0,0.0
2015-04-06 00:00:00-04:00,2.3726389615243244,2.433475798467426,2.3726389615243244,2.4091410636901855,35600,0.0,0.0
2015-04-07 00:00:00-04:00,2.4334756313632786,2.518647197234981,2.4030572149805276,2.4395594596862793,61400,0.0,0.0
2015-04-08 00:00:00-04:00,2.507843017578125,2.5885410082621343,2.4705978594158604,2.507843017578125,26500,0.08,0.0
2015-04-09 00:00:00-04:00,2.507843017578125,2.5450881757403896,2.4643903330554826,2.507843017578125,18500,0.0,0.0
2015-04-10 00:00:00-04:00,2.4830121994018555,2.5326723960301933,2.4519745765091443,2.4830121994018555,26000,0.0,0.0
2015-04-13 00:00:00-04:00,2.5140503329107484,2.5140503329107484,2.4892202310151794,2.4954276084899902,29500,0.0,0.0
2015-04-14 00:00:00-04:00,2.507842690585966,2.507842690585966,2.4768050628310077,2.5016353130340576,19700,0.0,0.0
2015-04-15 00:00:00-04:00,2.5388805866241455,2.54508796447014,2.5078428093996323,2.5388805866241455,54400,0.0,0.0
2015-04-16 00:00:00-04:00,2.545088084789712,2.545088084789712,2.514050602096076,2.526465654373169,35300,0.0,0.0
2015-04-17 00:00:00-04:00,2.5388798388401512,2.545087214857868,2.5140497427730963,2.532672166824341,26000,0.0,0.0
2015-04-20 00:00:00-04:00,2.5699182688742965,2.638201206510537,2.545088163551701,2.631993532180786,49600,0.0,0.0
2015-04-21 00:00:00-04:00,2.631993790525806,2.7561446253230932,2.619578736645901,2.687861680984497,77900,0.0,0.0
2015-04-22 00:00:00-04:00,2.7126911027047194,2.774766356405414,2.6940686745935896,2.768558979034424,43300,0.0,0.0
2015-04-23 00:00:00-04:00,2.793389086126082,2.8740870640981715,2.774766361979385,2.8678793907165527,66100,0.0,0.0
2015-04-24 00:00:00-04:00,2.867878844835685,2.867878844835685,2.6568230220023645,2.712690591812134,97400,0.0,0.0
2015-04-27 00:00:00-04:00,2.737521526966493,2.7871817357824904,2.7313141488635897,2.774766683578491,33800,0.0,0.0
2015-04-28 00:00:00-04:00,2.7437293709116872,2.8554648476644022,2.7437293709116872,2.849257469177246,27300,0.0,0.0
2015-04-29 00:00:00-04:00,2.8554639677476357,2.8554639677476357,2.7623509511475572,2.7809736728668213,46700,0.0,0.0
2015-04-30 00:00:00-04:00,2.799596670558653,2.855464249227397,2.768558896633013,2.8368418216705322,18300,0.0,0.0
2015-05-01 00:00:00-04:00,2.8554648476644022,2.86167252214977,2.8058046357743067,2.849257469177246,29000,0.0,0.0
2015-05-04 00:00:00-04:00,2.855464817474442,2.855464817474442,2.8244273333703878,2.8430497646331787,21600,0.0,0.0
2015-05-05 00:00:00-04:00,2.8554645484448034,2.8554645484448034,2.74372908340067,2.7623515129089355,35800,0.0,0.0
2015-05-06 00:00:00-04:00,2.7995969639218266,2.7995969639218266,2.74372908340067,2.7623515129089355,13000,0.0,0.0
2015-05-07 00:00:00-04:00,2.8182191519291933,2.8182191519291933,2.7499362255878164,2.7871813774108887,24500,0.0,0.0
2015-05-08 00:00:00-04:00,2.793388843536377,2.799596516378895,2.756143694475668,2.793388843536377,25900,0.0,0.0
2015-05-11 00:00:00-04:00,2.7685587609906555,2.9423694576637685,2.7685587609906555,2.917539358139038,91300,0.0,0.0
2015-05-12 00:00:00-04:00,2.9361617440282872,2.9547844645350314,2.8306336851523075,2.8865015506744385,93500,0.0,0.0
2015-05-13 00:00:00-04:00,2.8927088809977812,2.9361616974927616,2.8244262642175073,2.8306336402893066,43400,0.0,0.0
2015-05-14 00:00:00-04:00,2.917539627647998,2.948577402920106,2.780974067646679,2.9237473011016846,53200,0.0,0.0
2015-05-15 00:00:00-04:00,2.948577611790151,2.948577611790151,2.843049523587426,2.9423699378967285,34700,0.0,0.0
2015-05-18 00:00:00-04:00,2.9609926390361494,2.967200312878119,2.4830127051371713,2.58854079246521,427500,0.0,0.0
2015-05-19 00:00:00-04:00,2.5078423504934717,2.7064834371853372,2.5078423504934717,2.613370418548584,113800,0.0,0.0
2015-05-20 00:00:00-04:00,2.6382011231777076,2.6382011231777076,2.420937560468594,2.551295757293701,198800,0.0,0.0
2015-05-21 00:00:00-04:00,2.594748020172119,2.706483774876892,2.532672765335114,2.594748020172119,146300,0.0,0.0
2015-05-22 00:00:00-04:00,2.6257858302679344,2.880294526459983,2.557502901046348,2.7251062393188477,126500,0.0,0.0
2015-05-26 00:00:00-04:00,2.7188994884490967,2.7499369754324556,2.6692392724771334,2.7188994884490967,273100,0.0,0.0
2015-05-27 00:00:00-04:00,2.7747670834184373,2.7747670834184373,2.7002767594604924,2.7188994884490967,22600,0.0,0.0
2015-05-28 00:00:00-04:00,2.712690939159689,2.7313136621462335,2.619577916223245,2.6257855892181396,40400,0.0,0.0
2015-05-29 00:00:00-04:00,2.613370343349481,2.725105784899549,2.613370343349481,2.6816532611846924,42100,0.0,0.0
2015-06-01 00:00:00-04:00,2.731313457429167,2.731313457429167,2.6444081140013367,2.6816532611846924,27300,0.0,0.0
2015-06-02 00:00:00-04:00,2.68165333834862,2.68165333834862,2.6071627458403412,2.613370418548584,40600,0.0,0.0
2015-06-03 00:00:00-04:00,2.607163221103399,2.6382009983062744,2.607163221103399,2.6382009983062744,41700,0.0,0.0
2015-06-04 00:00:00-04:00,2.656823088390152,2.656823088390152,2.563710075049724,2.619577646255493,21300,0.0,0.0
2015-06-05 00:00:00-04:00,2.631992960213032,2.631992960213032,2.5699177103963358,2.576125383377075,39800,0.0,0.0
2015-06-08 00:00:00-04:00,2.495427142966891,2.6009552043358317,2.4705970457033883,2.5450873374938965,119300,0.0,0.0
2015-06-09 00:00:00-04:00,2.520257597543011,2.5947478998944735,2.520257597543011,2.5823328495025635,28600,0.0,0.0
2015-06-10 00:00:00-04:00,2.6009557247161865,2.613370775831851,2.5823330000436058,2.6009557247161865,23400,0.0,0.0
2015-06-11 00:00:00-04:00,2.5823328495025635,2.6568234478521755,2.5823328495025635,2.5823328495025635,85000,0.0,0.0
2015-06-12 00:00:00-04:00,2.576125945577515,2.638201208941197,2.5512958402320427,2.607163429260254,20400,0.0,0.0
2015-06-15 00:00:00-04:00,2.619578067020945,2.70027604461117,2.613370689666858,2.6444084644317627,56800,0.0,0.0
2015-06-16 00:00:00-04:00,2.650615841785849,2.6630308924921793,2.631993117727275,2.6444084644317627,12900,0.0,0.0
2015-06-17 00:00:00-04:00,2.638201206510537,2.663031311833133,2.6071634268581905,2.631993532180786,18400,0.0,0.0
2015-06-18 00:00:00-04:00,2.6630313396453857,2.7002764980182614,2.644408908458051,2.6630313396453857,26400,0.0,0.0
2015-06-19 00:00:00-04:00,2.6754461542655203,2.7064839314790072,2.58854079246521,2.58854079246521,64700,0.0,0.0
2015-06-22 00:00:00-04:00,2.5823329692047183,2.619578122106921,2.5512954897852973,2.594748020172119,21300,0.0,0.0
2015-06-23 00:00:00-04:00,2.5947479656082844,2.6816536165507534,2.5947479656082844,2.6444084644317627,12700,0.0,0.0
2015-06-24 00:00:00-04:00,2.656823515138093,2.706483717963414,2.6444084644317627,2.6444084644317627,14800,0.0,0.0
2015-06-25 00:00:00-04:00,2.6692380704043246,2.7375206886160535,2.6382003014003734,2.712690591812134,34500,0.0,0.0
2015-06-26 00:00:00-04:00,2.756143928294285,2.8865021090648235,2.7126911027047194,2.768558979034424,64000,0.0,0.0
2015-06-29 00:00:00-04:00,2.812011893236564,2.812011893236564,2.681653708358157,2.7251062393188477,36700,0.0,0.0
2015-06-30 00:00:00-04:00,2.737521290450212,2.8430493730658903,2.7251062393188477,2.7251062393188477,23100,0.0,0.0
2015-07-01 00:00:00-04:00,2.743728637695312,2.793388836314536,2.737520964868843,2.7437286376953125,13200,0.0,0.0
2015-07-02 00:00:00-04:00,2.7747665645805055,2.787181616252076,2.749936461237365,2.7623515129089355,22800,0.0,0.0
2015-07-06 00:00:00-04:00,2.7747661524273353,2.880294223960037,2.743728675857688,2.7995965480804443,89100,0.0,0.0
2015-07-07 00:00:00-04:00,2.8058038859693424,2.8182189356241483,2.731313588040506,2.7437286376953125,55800,0.0,0.0
2015-07-08 00:00:00-04:00,2.813270030152532,2.813270030152532,2.5920016516216013,2.693153142929077,44900,0.08,0.0
2015-07-09 00:00:00-04:00,2.69315322061396,2.7563727160957665,2.4782066345214844,2.4782066345214844,97700,0.0,0.0
2015-07-10 00:00:00-04:00,2.5161386621876964,2.6299337689966134,2.5161386621876964,2.6046459674835205,36000,0.0,0.0
2015-07-13 00:00:00-04:00,2.61096806858898,2.6931535742337176,2.6046459674835205,2.6046459674835205,27600,0.0,0.0
2015-07-14 00:00:00-04:00,2.6741873092526487,2.6741873092526487,2.6362556107151915,2.6425774097442627,8100,0.0,0.0
2015-07-15 00:00:00-04:00,2.66154325490829,2.6805089523465417,2.6299333572387695,2.6299333572387695,14400,0.0,0.0
2015-07-16 00:00:00-04:00,2.6362556107151915,2.6552213092567487,2.623611711202706,2.6425774097442627,17500,0.0,0.0
2015-07-17 00:00:00-04:00,2.6552211547926556,2.6741871536852333,2.6236115585774606,2.6299333572387695,5000,0.0,0.0
2015-07-20 00:00:00-04:00,2.6615436716151653,2.6615436716151653,2.579358165970428,2.6046459674835205,45300,0.0,0.0
2015-07-21 00:00:00-04:00,2.6172897600638176,2.6172897600638176,2.579358059361949,2.5983240604400635,21400,0.0,0.0
2015-07-22 00:00:00-04:00,2.6046459674835205,2.636255870102073,2.5856802670758876,2.6046459674835205,33100,0.0,0.0
2015-07-23 00:00:00-04:00,2.598324167832434,2.61096806858898,2.5856802670758876,2.6046459674835205,15200,0.0,0.0
2015-07-24 00:00:00-04:00,2.6172897600638176,2.623611860907976,2.5856801602061075,2.5983240604400635,29700,0.0,0.0
2015-07-27 00:00:00-04:00,2.566714286804199,2.5856802888257406,2.566714286804199,2.566714286804199,25000,0.0,0.0
2015-07-28 00:00:00-04:00,2.560392421749251,2.592002022372525,2.541426420211792,2.541426420211792,35000,0.0,0.0
2015-07-29 00:00:00-04:00,2.5351046437322986,2.5856802463531494,2.5351046437322986,2.5856802463531494,19400,0.0,0.0
2015-07-30 00:00:00-04:00,2.5856802463531494,2.6046459466087835,2.5856802463531494,2.5856802463531494,17300,0.0,0.0
2015-07-31 00:00:00-04:00,2.604645544404264,2.6931531367779455,2.5920016457014983,2.667865037918091,57100,0.0,0.0
2015-08-03 00:00:00-04:00,2.6931536860315384,2.7879827949149822,2.636255979537964,2.636255979537964,45900,0.0,0.0
2015-08-04 00:00:00-04:00,2.636255457354404,2.6425772560157124,2.6046455596848834,2.6299333572387695,15200,0.0,0.0
2015-08-05 00:00:00-04:00,2.5920016222290485,2.6236115194268734,2.5287821292877197,2.5287821292877197,57800,0.0,0.0
2015-08-06 00:00:00-04:00,2.5287822309069297,2.6109677257604447,2.4655627354251233,2.4782066345214844,46800,0.0,0.0
2015-08-07 00:00:00-04:00,2.497172656252269,2.522460456197762,2.4529190063476562,2.4529190063476562,32300,0.0,0.0
2015-08-10 00:00:00-04:00,2.4339536727034603,2.4908513889012154,2.3833780589518723,2.4465975761413574,32400,0.0,0.0
2015-08-11 00:00:00-04:00,2.4023433817577136,2.4782069363012122,2.4023433817577136,2.421309232711792,28600,0.0,0.0
2015-08-12 00:00:00-04:00,2.3833773227474047,2.471884770200724,2.339123674384331,2.4655628204345703,31100,0.0,0.0
2015-08-13 00:00:00-04:00,2.4529189209022637,2.4655628204345703,2.3833773227474047,2.4655628204345703,30200,0.0,0.0
2015-08-14 00:00:00-04:00,2.4276310732918436,2.4402749733563445,2.3707335230015896,2.402343273162842,22200,0.0,0.0
2015-08-17 00:00:00-04:00,2.3580891668368995,2.396020859693677,2.3517672180274367,2.3644111156463623,48200,0.0,0.0
2015-08-18 00:00:00-04:00,2.3833769200859933,2.3960208174821673,2.3391232791993843,2.3707330226898193,22900,0.0,0.0
2015-08-19 00:00:00-04:00,2.37073324582537,2.37073324582537,2.2885477542877197,2.2885477542877197,24100,0.0,0.0
2015-08-20 00:00:00-04:00,2.288547004804825,2.288547004804825,2.035668965168844,2.09256649017334,120500,0.0,0.0
2015-08-21 00:00:00-04:00,2.1178551146951676,2.155786963725179,2.098889265543747,2.1115331649780273,39400,0.0,0.0
2015-08-24 00:00:00-04:00,2.0230257089402013,2.0293476581573486,1.9471621676072748,2.0293476581573486,78600,0.0,0.0
2015-08-25 00:00:00-04:00,2.0736013303965266,2.1115330262064673,2.023025735983272,2.060957431793213,47600,0.0,0.0
2015-08-26 00:00:00-04:00,2.086245561850234,2.33912387571634,2.086245561850234,2.2695822715759277,52600,0.0,0.0
2015-08-27 00:00:00-04:00,2.3138357450221734,2.3644113403033695,2.2316502519630665,2.2822258472442627,19100,0.0,0.0
2015-08-28 00:00:00-04:00,2.2695825036503687,2.389699722555624,2.2316507979099303,2.3517680168151855,33700,0.0,0.0
2015-08-31 00:00:00-04:00,2.459241089073837,2.6741875509396387,2.408665335725801,2.5856802463531494,135300,0.0,0.0
2015-09-01 00:00:00-04:00,2.528782031653573,2.598323621931253,2.528782031653573,2.579357624053955,24300,0.0,0.0
2015-09-02 00:00:00-04:00,2.6109675200313487,2.718440804609315,2.579357624053955,2.579357624053955,48600,0.0,0.0
2015-09-03 00:00:00-04:00,2.5667143717629712,2.7184414885943746,2.5667143717629712,2.636255979537964,65900,0.0,0.0
2015-09-04 00:00:00-04:00,2.6236119483187874,2.686831451594851,2.5730363456979366,2.5856802463531494,42200,0.0,0.0
2015-09-08 00:00:00-04:00,2.6488993855454384,2.71211888013216,2.6046455886075686,2.674187183380127,33700,0.0,0.0
2015-09-09 00:00:00-04:00,2.6615432153768657,2.718440909755181,2.6236115196094287,2.6488993167877197,23300,0.0,0.0
2015-09-10 00:00:00-04:00,2.674186789511136,2.674186789511136,2.6236112012908106,2.6615428924560547,20500,0.0,0.0
2015-09-11 00:00:00-04:00,2.661543162112455,2.705796957015991,2.6552210622172434,2.705796957015991,20400,0.0,0.0
2015-09-14 00:00:00-04:00,2.686831668826679,2.7310854754250538,2.655221763905784,2.680509567260742,21400,0.0,0.0
2015-09-15 00:00:00-04:00,2.718440466449153,2.718440466449153,2.59200119972229,2.59200119972229,20600,0.0,0.0
2015-09-16 00:00:00-04:00,2.604646075607226,2.648899880819382,2.5856803744122914,2.636255979537964,24300,0.0,0.0
2015-09-17 00:00:00-04:00,2.6362560229506573,2.6552217244579106,2.5793583155201167,2.6172900199890137,9500,0.0,0.0
2015-09-18 00:00:00-04:00,2.6046455503532453,2.712118840299381,2.6046455503532453,2.693153142929077,40800,0.0,0.0
2015-09-21 00:00:00-04:00,2.7184415333604623,2.7184415333604623,2.5983243184817604,2.6172900199890137,18200,0.0,0.0
2015-09-22 00:00:00-04:00,2.6172900199890137,2.7057976318708303,2.604646118499381,2.6172900199890137,21400,0.0,0.0
2015-09-23 00:00:00-04:00,2.6236115585774606,2.6931531525778105,2.6236115585774606,2.6299333572387695,32800,0.0,0.0
2015-09-24 00:00:00-04:00,2.5920017893776612,2.6678651857994056,2.5920017893776612,2.6236116886138916,12500,0.0,0.0
2015-09-25 00:00:00-04:00,2.6236119693455264,2.667865471266252,2.5920020667269745,2.6046459674835205,8500,0.0,0.0
2015-09-28 00:00:00-04:00,2.59200149714164,2.629933191075892,2.560391902923584,2.560391902923584,21500,0.0,0.0
2015-09-29 00:00:00-04:00,2.5920017893776612,2.6615433868247638,2.560392191595771,2.6236116886138916,26600,0.0,0.0
2015-09-30 00:00:00-04:00,2.6109671952403146,2.6678645788858444,2.566713406667772,2.59200119972229,12900,0.0,0.0
2015-10-01 00:00:00-04:00,2.6046454202541462,2.642577114554433,2.579357624053955,2.579357624053955,15400,0.0,0.0
2015-10-02 00:00:00-04:00,2.5667140385773886,2.68683123588562,2.5667140385773886,2.68683123588562,28800,0.0,0.0
2015-10-05 00:00:00-04:00,2.6615428924560547,2.6868306865662177,2.6046452049810465,2.6615428924560547,21200,0.0,0.0
2015-10-06 00:00:00-04:00,2.686831036699401,2.6994749354021663,2.6299333418097945,2.667865037918091,34000,0.0,0.0
2015-10-07 00:00:00-04:00,2.712974103987926,2.712974103987926,2.6227565246777926,2.7000858783721924,20400,0.08,0.0
2015-10-08 00:00:00-04:00,2.706530095144687,2.7838597634787723,2.674309681678421,2.7709715366363525,28300,0.0,0.0
2015-10-09 00:00:00-04:00,2.7387499317205046,2.783858864745921,2.7387499317205046,2.74519419670105,19700,0.0,0.0
2015-10-12 00:00:00-04:00,2.7387500605933504,2.7903029537456847,2.680752902157234,2.7194175720214844,15300,0.0,0.0
2015-10-13 00:00:00-04:00,2.7129737055773715,2.7129737055773715,2.6485325869621295,2.680752992630005,16600,0.0,0.0
2015-10-14 00:00:00-04:00,2.6485328356290285,2.745194676267077,2.6420885695227154,2.661421060562134,9800,0.0,0.0
2015-10-15 00:00:00-04:00,2.69364188347801,2.69364188347801,2.6743096967452473,2.6871979236602783,9400,0.0,0.0
2015-10-16 00:00:00-04:00,2.6871979236602783,2.7129743774903403,2.6871979236602783,2.6871979236602783,9900,0.0,0.0
2015-10-19 00:00:00-04:00,2.6549766374092694,2.7194177582629893,2.616311964897038,2.6420884132385254,25700,0.0,0.0
2015-10-20 00:00:00-04:00,2.6678651350014695,2.706529811476327,2.6292004585266113,2.6292004585266113,14400,0.0,0.0
2015-10-21 00:00:00-04:00,2.6678648615800133,2.7065295340922453,2.622756230622161,2.6420884132385254,17100,0.0,0.0
2015-10-22 00:00:00-04:00,2.6485331058502197,2.6678652915825167,2.6034241603422728,2.6485331058502197,14600,0.0,0.0
2015-10-23 00:00:00-04:00,2.6549771323832743,2.661421399309818,2.6034242260891616,2.6227567195892334,21300,0.0,0.0
2015-10-26 00:00:00-04:00,2.6098684930157052,2.642088905809746,2.6098684930157052,2.6227567195892334,11500,0.0,0.0
2015-10-27 00:00:00-04:00,2.6356449461627616,2.6356449461627616,2.5776477729421052,2.6227567195892334,28400,0.0,0.0
2015-10-28 00:00:00-04:00,2.6292004585266113,2.674309401387046,2.6227564994205688,2.6292004585266113,7600,0.0,0.0
2015-10-29 00:00:00-04:00,2.6485331058502197,2.6936417440786142,2.5969802008580243,2.6485331058502197,21900,0.0,0.0
2015-10-30 00:00:00-04:00,2.642088783033615,2.6871977275845604,2.590535879135132,2.590535879135132,19900,0.0,0.0
2015-11-02 00:00:00-05:00,2.59053551655555,2.6420884132385254,2.59053551655555,2.6420884132385254,9000,0.0,0.0
2015-11-03 00:00:00-05:00,2.674309625883346,2.68075358553033,2.5905359995156334,2.6227567195892334,6000,0.0,0.0
2015-11-04 00:00:00-05:00,2.642088716698185,2.642088716698185,2.590535814094051,2.616312265396118,12300,0.0,0.0
2015-11-05 00:00:00-05:00,2.5969802008580243,2.6678652915825167,2.5969802008580243,2.6485331058502197,15500,0.0,0.0
2015-11-06 00:00:00-05:00,2.6549769995781687,2.674309492111206,2.642088773649325,2.674309492111206,11100,0.0,0.0
2015-11-09 00:00:00-05:00,2.693641750565669,2.738750696182251,2.6356448859495525,2.738750696182251,30700,0.0,0.0
2015-11-10 00:00:00-05:00,2.751638381859084,2.790303053100069,2.7258619343650947,2.764526605606079,47000,0.0,0.0
2015-11-11 00:00:00-05:00,2.790303809452938,2.790303809452938,2.738750900490785,2.7516391277313232,6400,0.0,0.0
2015-11-12 00:00:00-05:00,2.7645271487404255,2.783859641798833,2.7258624699031637,2.738750696182251,10800,0.0,0.0
2015-11-13 00:00:00-05:00,2.764526940558812,2.764526940558812,2.7129740393246338,2.7258622646331787,10200,0.0,0.0
2015-11-16 00:00:00-05:00,2.7516394455427884,2.796748399734497,2.7129747593554425,2.796748399734497,22800,0.0,0.0
2015-11-17 00:00:00-05:00,2.803191950102619,2.803191950102619,2.7709715366363525,2.7709715366363525,38200,0.0,0.0
2015-11-18 00:00:00-05:00,2.8031923691136598,2.8031923691136598,2.732306957244873,2.732306957244873,20400,0.0,0.0
2015-11-19 00:00:00-05:00,2.7387508158905196,2.803191950102619,2.7387508158905196,2.7709715366363525,12300,0.0,0.0
2015-11-20 00:00:00-05:00,2.7194182031238436,2.777415375019513,2.7129742436240765,2.738750696182251,34900,0.0,0.0
2015-11-23 00:00:00-05:00,2.7387507631093406,2.7774154428914546,2.7129743099212646,2.7129743099212646,14900,0.0,0.0
2015-11-24 00:00:00-05:00,2.7323056667399594,2.783858864745921,2.7129734863572574,2.74519419670105,10800,0.0,0.0
2015-11-25 00:00:00-05:00,2.764526605606079,2.7838590948663176,2.751638381859084,2.764526605606079,12300,0.0,0.0
2015-11-27 00:00:00-05:00,2.764526605606079,2.764526605606079,2.7387501581120897,2.764526605606079,3100,0.0,0.0
2015-11-30 00:00:00-05:00,2.764526605606079,2.764526605606079,2.7387501581120897,2.764526605606079,6700,0.0,0.0
2015-12-01 00:00:00-05:00,2.7645272162974166,2.7645272162974166,2.7129743099212646,2.7129743099212646,20400,0.0,0.0
2015-12-02 00:00:00-05:00,2.7194182031238436,2.7516389224613382,2.7194182031238436,2.738750696182251,17900,0.0,0.0
2015-12-03 00:00:00-05:00,2.7709706420642974,2.777414599765376,2.719417444058336,2.74519419670105,7200,0.0,0.0
2015-12-04 00:00:00-05:00,2.7387508158905196,2.796747990321192,2.7387508158905196,2.7709715366363525,14900,0.0,0.0
2015-12-07 00:00:00-05:00,2.7709718723794277,2.8289687465576887,2.7451954155714,2.8225247859954834,30100,0.0,0.0
2015-12-08 00:00:00-05:00,2.822524243564982,2.8483006954193115,2.7838595657834877,2.8483006954193115,19500,0.0,0.0
2015-12-09 00:00:00-05:00,2.848300728365059,2.848300728365059,2.8354125022888184,2.8354125022888184,9900,0.0,0.0
2015-12-10 00:00:00-05:00,2.8354125022888184,2.854744687763405,2.8289682356109243,2.8354125022888184,6900,0.0,0.0
2015-12-11 00:00:00-05:00,2.7967477679399346,2.8096359937575572,2.738750598120863,2.7774152755737305,16700,0.0,0.0
2015-12-14 00:00:00-05:00,2.758082419382674,2.8225235327907923,2.7387499317205046,2.74519419670105,51100,0.0,0.0
2015-12-15 00:00:00-05:00,2.7387499317205046,2.8160792678102466,2.7387499317205046,2.74519419670105,6200,0.0,0.0
2015-12-16 00:00:00-05:00,2.777414829353074,2.777414829353074,2.745194423625333,2.764526605606079,6300,0.0,0.0
2015-12-17 00:00:00-05:00,2.7774151788587225,2.8805209818093567,2.764526953489893,2.81607985496521,23300,0.0,0.0
2015-12-18 00:00:00-05:00,2.835412657360724,2.880521297454834,2.8031919367681617,2.880521297454834,16400,0.0,0.0
2015-12-21 00:00:00-05:00,2.8805206898923132,2.9191856693599547,2.8805206898923132,2.906297445297241,30300,0.0,0.0
2015-12-22 00:00:00-05:00,2.906298212149927,2.9256303997052178,2.893409677406958,2.8998539447784424,20200,0.0,0.0
2015-12-23 00:00:00-05:00,2.893409525517609,2.951406699698086,2.893409525517609,2.944962739944458,26700,0.0,0.0
2015-12-24 00:00:00-05:00,2.951406854631993,2.951406854631993,2.8998539447784424,2.8998539447784424,6300,0.0,0.0
2015-12-28 00:00:00-05:00,2.925629627751562,2.964294299939704,2.899853179626134,2.906297445297241,67100,0.0,0.0
2015-12-29 00:00:00-05:00,2.883310079574585,2.942421322174156,2.758519852521102,2.883310079574585,45200,0.085,0.0
2015-12-30 00:00:00-05:00,2.9095821811807596,2.9095821811807596,2.837335442262906,2.8767428398132324,20600,0.0,0.0
2015-12-31 00:00:00-05:00,2.863606540829462,2.9161497283925915,2.7388163137759793,2.883310079574585,30500,0.0,0.0
2016-01-04 00:00:00-05:00,2.8373348828292824,2.9358532006892917,2.811063289642334,2.811063289642334,19000,0.0,0.0
2016-01-05 00:00:00-05:00,2.7913591861724854,2.8110630358749886,2.7913591861724854,2.7913591861724854,18300,0.0,0.0
2016-01-06 00:00:00-05:00,2.7585194351410016,2.843902258603218,2.7585194351410016,2.8241987228393555,13400,0.0,0.0
2016-01-07 00:00:00-05:00,2.7913591861724854,2.824198831282635,2.765087595357192,2.7913591861724854,29900,0.0,0.0
2016-01-08 00:00:00-05:00,2.8241987310726837,2.8439022668939877,2.7650874972446617,2.797927141189575,34800,0.0,0.0
2016-01-11 00:00:00-05:00,2.7847910334937933,2.791359087556607,2.6928404688887864,2.725680112838745,11500,0.0,0.0
2016-01-12 00:00:00-05:00,2.719112182402511,2.811063064370192,2.6928405913209073,2.7125444412231445,13000,0.0,0.0
2016-01-13 00:00:00-05:00,2.732248114249253,2.804495149918945,2.6337297993694095,2.6731371879577637,35800,0.0,0.0
2016-01-14 00:00:00-05:00,2.7256805899154815,2.7256805899154815,2.627161954003913,2.6797051429748535,24000,0.0,0.0
2016-01-15 00:00:00-05:00,2.666569222737704,2.70597661264826,2.495803709867581,2.554914951324463,50300,0.0,0.0
2016-01-19 00:00:00-05:00,2.5943224608970747,2.6862731981872763,2.5352112167137117,2.6797051429748535,29000,0.0,0.0
2016-01-20 00:00:00-05:00,2.705976386861709,2.7256802367639463,2.6534332046985023,2.7125444412231445,16500,0.0,0.0
2016-01-21 00:00:00-05:00,2.6862728168611905,2.7453837394714355,2.6534331718250033,2.7453837394714355,12500,0.0,0.0
2016-01-22 00:00:00-05:00,2.7585199393032025,2.7585199393032025,2.6797051554790223,2.699409008026123,31500,0.0,0.0
2016-01-25 00:00:00-05:00,2.7191116856164594,2.7191116856164594,2.646864979932673,2.692840099334717,9400,0.0,0.0
2016-01-26 00:00:00-05:00,2.6797051554790223,2.7256806026341835,2.6534335608709623,2.699409008026123,5300,0.0,0.0
2016-01-27 00:00:00-05:00,2.7059765218570164,2.7191123180531345,2.6665691332686623,2.6731371879577637,4700,0.0,0.0
2016-01-28 00:00:00-05:00,2.7125444412231445,2.7256802367639463,2.6665690002393037,2.7125444412231445,8100,0.0,0.0
2016-01-29 00:00:00-05:00,2.7059767500870824,2.7322483446951424,2.673137413418063,2.699409008026123,12000,0.0,0.0
2016-02-01 00:00:00-05:00,2.705976239783594,2.7322478294372563,2.699408498961205,2.732247829437256,3600,0.0,0.0
2016-02-02 00:00:00-05:00,2.732248196899394,2.8241990862358084,2.732248196899394,2.811063289642334,16900,0.0,0.0
2016-02-03 00:00:00-05:00,2.824198831282635,2.824198831282635,2.765087595357192,2.7913591861724854,18100,0.0,0.0
2016-02-04 00:00:00-05:00,2.8307678762226796,2.8504717350006104,2.7059776057816816,2.8504717350006104,18900,0.0,0.0
2016-02-05 00:00:00-05:00,2.8570381632107185,2.8898778083208687,2.771655336469982,2.7913591861724854,10200,0.0,0.0
2016-02-08 00:00:00-05:00,2.8044952444867963,2.8044952444867963,2.6862730747352703,2.738816261291504,5100,0.0,0.0
2016-02-09 00:00:00-05:00,2.679704658056106,2.7519516864083986,2.679704658056106,2.7059762477874756,7800,0.0,0.0
2016-02-10 00:00:00-05:00,2.7059762477874756,2.7059762477874756,2.679704658056106,2.7059762477874756,10200,0.0,0.0
2016-02-11 00:00:00-05:00,2.686273210722093,2.7059767500870824,2.6797051554790223,2.699409008026123,4100,0.0,0.0
2016-02-12 00:00:00-05:00,2.7059762477874756,2.738815891542714,2.686272712079975,2.7059762477874756,13400,0.0,0.0
2016-02-16 00:00:00-05:00,2.7059767374603236,2.719112534703059,2.6731374009445408,2.6797051429748535,20600,0.0,0.0
2016-02-17 00:00:00-05:00,2.653433402443094,2.6797049954825627,2.5746186233246875,2.6074581146240234,72900,0.0,0.0
2016-02-18 00:00:00-05:00,2.6337300349518955,2.640297777046385,2.614026182304201,2.627161979675293,11100,0.0,0.0
2016-02-19 00:00:00-05:00,2.633729671683708,2.6600012628022727,2.6205937195333906,2.6402974128723145,21000,0.0,0.0
2016-02-22 00:00:00-05:00,2.660001585360276,2.6731373825124356,2.594322443008423,2.594322443008423,66500,0.0,0.0
2016-02-23 00:00:00-05:00,2.646865534617961,2.646865534617961,2.614025888292799,2.620593786239624,7100,0.0,0.0
2016-02-24 00:00:00-05:00,2.640297764018795,2.6665693586313512,2.5943224734468213,2.6534335613250732,15000,0.0,0.0
2016-02-25 00:00:00-05:00,2.666569384284477,2.666569384284477,2.627161991986533,2.6468658447265625,17100,0.0,0.0
2016-02-26 00:00:00-05:00,2.633729671683708,2.6534332084315966,2.633729671683708,2.6402974128723145,7800,0.0,0.0
2016-02-29 00:00:00-05:00,2.6402974128723145,2.6534332084315966,2.627161617313032,2.6402974128723145,14300,0.0,0.0
2016-03-01 00:00:00-05:00,2.6534332332056563,2.673137083319582,2.6271616418418042,2.6337296962738037,15900,0.0,0.0
2016-03-02 00:00:00-05:00,2.6534335613250732,2.673137413875546,2.627161966712517,2.6534335613250732,4300,0.0,0.0
2016-03-03 00:00:00-05:00,2.6731371879577637,2.6862729841538817,2.6665691332686623,2.6731371879577637,9400,0.0,0.0
2016-03-04 00:00:00-05:00,2.686272359355287,2.725679738777901,2.6797043061938455,2.692840099334717,14400,0.0,0.0
2016-03-07 00:00:00-05:00,2.732248206380927,2.758519799659044,2.666569223185635,2.738816261291504,25800,0.0,0.0
2016-03-08 00:00:00-05:00,2.6928406202514346,2.7322480072972133,2.6337296962738037,2.6337296962738037,14000,0.0,0.0
2016-03-09 00:00:00-05:00,2.7125443178951727,2.75195170272589,2.705976263832359,2.725680112838745,13400,0.0,0.0
2016-03-10 00:00:00-05:00,2.745383624264087,2.771655213917749,2.7322478294372563,2.732247829437256,18200,0.0,0.0
2016-03-11 00:00:00-05:00,2.7322478294372563,2.758519419090918,2.673136909307543,2.732247829437256,9400,0.0,0.0
2016-03-14 00:00:00-04:00,2.7059767500870824,2.7191125473911124,2.6534335608709623,2.699409008026123,30400,0.0,0.0
2016-03-15 00:00:00-04:00,2.6797051429748535,2.6928409402175886,2.6600016037018057,2.6797051429748535,4300,0.0,0.0
2016-03-16 00:00:00-04:00,2.6928409527830524,2.7125448053301535,2.6797051554790223,2.699409008026123,7500,0.0,0.0
2016-03-17 00:00:00-04:00,2.712544892387068,2.7322484323844263,2.6862732969358425,2.7191126346588135,15800,0.0,0.0
2016-03-18 00:00:00-04:00,2.7322478294372563,2.7322478294372563,2.719112034610425,2.732247829437256,6100,0.0,0.0
2016-03-21 00:00:00-04:00,2.745383648663076,2.791359087556607,2.725680112838745,2.725680112838745,44600,0.0,0.0
2016-03-22 00:00:00-04:00,2.705975892475588,2.7913587044822576,2.692840099334717,2.692840099334717,8600,0.0,0.0
2016-03-23 00:00:00-04:00,2.732248206380927,2.7716555962981024,2.70597661310281,2.738816261291504,4200,0.0,0.0
2016-03-24 00:00:00-04:00,2.751951678268529,2.751951678268529,2.6928404449567633,2.732247829437256,11500,0.0,0.0
2016-03-28 00:00:00-04:00,2.758519569024916,2.791359214467955,2.7125444412231445,2.7125444412231445,21800,0.0,0.0
2016-03-29 00:00:00-04:00,2.732248071990515,2.8307666985286897,2.732248071990515,2.7782235145568848,16100,0.0,0.0
2016-03-30 00:00:00-04:00,2.7650876983713224,2.8307666778564453,2.7322480520377224,2.8307666778564453,25100,0.0,0.0
2016-03-31 00:00:00-04:00,2.83076714025791,2.9030141860840275,2.8044955441724357,2.857038736343384,51400,0.0,0.0
2016-04-01 00:00:00-04:00,2.8307665517061773,2.9621248180046513,2.8307665517061773,2.916149377822876,76600,0.0,0.0
2016-04-04 00:00:00-04:00,2.9358537197113037,2.9883972285563263,2.8898785800973648,2.9358537197113037,113000,0.0,0.0
2016-04-05 00:00:00-04:00,2.955556739016618,2.955556739016618,2.9095812992197065,2.9227170944213867,54700,0.0,0.0
2016-04-06 00:00:00-04:00,2.946153261833055,2.9528488985297376,2.8591077498109017,2.9327616691589355,17800,0.085,0.0
2016-04-07 00:00:00-04:00,2.9327620782774906,2.9327620782774906,2.885891337739255,2.899282932281494,17700,0.0,0.0
2016-04-08 00:00:00-04:00,2.9126739592672015,2.9595446906723204,2.8457159996032715,2.8457159996032715,61000,0.0,0.0
2016-04-11 00:00:00-04:00,2.8390196804207912,2.885890405823466,2.751974503645389,2.7854533195495605,49100,0.0,0.0
2016-04-12 00:00:00-04:00,2.765366186369198,2.8658032760028878,2.765366186369198,2.839019775390625,14300,0.0,0.0
2016-04-13 00:00:00-04:00,2.80554094267329,2.839019759510113,2.765366170900679,2.81893253326416,24100,0.0,0.0
2016-04-14 00:00:00-04:00,2.7787579071344375,2.8390199083115104,2.765366315841675,2.765366315841675,23100,0.0,0.0
2016-04-15 00:00:00-04:00,2.798845431592674,2.8858909438778033,2.798845431592674,2.812237024307251,22500,0.0,0.0
2016-04-18 00:00:00-04:00,2.839019775390625,2.919369638666,2.825628184724847,2.839019775390625,40300,0.0,0.0
2016-04-19 00:00:00-04:00,2.86580392768731,2.8724995649024354,2.825628827273443,2.8591079711914062,16300,0.0,0.0
2016-04-20 00:00:00-04:00,2.8591075915360578,2.9260655511999873,2.8323244076704857,2.8457159996032715,38500,0.0,0.0
2016-04-21 00:00:00-04:00,2.8390206254180694,2.9059789180755615,2.8390206254180694,2.9059789180755615,22700,0.0,0.0
2016-04-22 00:00:00-04:00,2.9126734560198595,2.9729357689457325,2.8925862312316895,2.8925862312316895,17100,0.0,0.0
2016-04-25 00:00:00-04:00,2.905977823302507,2.9729357714540363,2.8858902792167074,2.9595441818237305,24600,0.0,0.0
2016-04-26 00:00:00-04:00,2.966240198096086,2.999719336113535,2.818932693236902,2.9729361534118652,32800,0.0,0.0
2016-04-27 00:00:00-04:00,2.9595446726508596,3.0131110400558234,2.859107574126185,2.9796319007873535,31200,0.0,0.0
2016-04-28 00:00:00-04:00,2.993022914430033,2.993022914430033,2.926064968109131,2.926064968109131,20200,0.0,0.0
2016-04-29 00:00:00-04:00,2.919370215703023,2.979632225969943,2.859107886155333,2.946153402328491,8000,0.0,0.0
2016-05-02 00:00:00-04:00,2.9662398625244806,2.9662398625244806,2.832323964166077,2.8524115085601807,52700,0.0,0.0
2016-05-03 00:00:00-04:00,2.879194850563428,2.9260652579911213,2.81893253326416,2.81893253326416,58300,0.0,0.0
2016-05-04 00:00:00-04:00,2.8055415963472883,2.8591079711914062,2.8055415963472883,2.8591079711914062,27500,0.0,0.0
2016-05-05 00:00:00-04:00,2.892586731008391,2.892586731008391,2.805541223804914,2.8457159996032715,25600,0.0,0.0
2016-05-06 00:00:00-04:00,2.9126739501953125,2.919369905781218,2.8122368513718734,2.9126739501953125,12400,0.0,0.0
2016-05-09 00:00:00-04:00,2.9126745268237326,2.9126745268237326,2.8724997431970163,2.899282932281494,20400,0.0,0.0
2016-05-10 00:00:00-04:00,2.87919552139834,2.9260659397465534,2.8591079711914062,2.8591079711914062,21000,0.0,0.0
2016-05-11 00:00:00-04:00,2.8591076896368426,2.9193700150424493,2.825628549015784,2.832324504852295,13900,0.0,0.0
2016-05-12 00:00:00-04:00,2.8524113008040746,2.8524113008040746,2.82562780380249,2.8256278038024902,5700,0.0,0.0
2016-05-13 00:00:00-04:00,2.8457153467335123,2.859106935593973,2.8189321690125912,2.8256278038024902,7100,0.0,0.0
2016-05-16 00:00:00-04:00,2.852411955210033,2.9059783229411766,2.805541223804914,2.8457159996032715,39000,0.0,0.0
2016-05-17 00:00:00-04:00,2.8724997717468157,2.9126745557728295,2.8457165823961397,2.9059789180755615,25000,0.0,0.0
2016-05-18 00:00:00-04:00,2.899281866400852,2.899281866400852,2.8122363742369645,2.8925862312316895,13400,0.0,0.0
2016-05-19 00:00:00-04:00,2.8524115085601807,2.8724987336735976,2.8524115085601807,2.8524115085601807,3600,0.0,0.0
2016-05-20 00:00:00-04:00,2.8457155079248233,2.9260650456388664,2.8457155079248233,2.8925862312316895,6000,0.0,0.0
2016-05-23 00:00:00-04:00,2.9059789180755615,2.9059789180755615,2.8658041340495477,2.9059789180755615,18900,0.0,0.0
2016-05-24 00:00:00-04:00,2.905978121822689,2.9394569396972656,2.872498984667398,2.9394569396972656,15100,0.0,0.0
2016-05-25 00:00:00-04:00,2.919369693574581,3.013110829998146,2.9126737384753985,2.986327648162842,32700,0.0,0.0
2016-05-26 00:00:00-04:00,2.9595439009978546,3.013110254436262,2.9394563588181266,2.99971866607666,19100,0.0,0.0
2016-05-27 00:00:00-04:00,3.013110254436262,3.013110254436262,2.9260647704585248,2.99971866607666,49700,0.0,0.0
2016-05-31 00:00:00-04:00,2.9662400250176852,3.0064147967260153,2.952848434448242,2.952848434448242,9300,0.0,0.0
2016-06-01 00:00:00-04:00,2.9327618090157572,2.9930238192826772,2.9327618090157572,2.946153402328491,6200,0.0,0.0
2016-06-02 00:00:00-04:00,2.952848434448242,2.9662400250176852,2.932761208234429,2.952848434448242,5800,0.0,0.0
2016-06-03 00:00:00-04:00,2.952848511228355,3.006414874898964,2.952848511228355,2.986327648162842,11300,0.0,0.0
2016-06-06 00:00:00-04:00,3.0064150844898356,3.0064150844898356,2.9327614889483775,2.9796319007873535,14400,0.0,0.0
2016-06-07 00:00:00-04:00,3.0064143006161355,3.0064143006161355,2.9796311238969317,2.99971866607666,8000,0.0,0.0
2016-06-08 00:00:00-04:00,3.0064148709640897,3.1135479174458007,2.9997192351543833,3.053285598754883,78000,0.0,0.0
2016-06-09 00:00:00-04:00,3.0733731907654493,3.1068520088767104,3.0265024622728243,3.080068826675415,18600,0.0,0.0
2016-06-10 00:00:00-04:00,3.0867647356455508,3.100156326545676,3.0331983720450513,3.053285598754883,14600,0.0,0.0
2016-06-13 00:00:00-04:00,3.1135481385804975,3.120243774865751,2.9260655333823897,2.9796319007873535,63300,0.0,0.0
2016-06-14 00:00:00-04:00,3.046589384975592,3.046589384975592,2.946152312638253,2.99971866607666,6500,0.0,0.0
2016-06-15 00:00:00-04:00,3.019806826362859,3.0934604177760625,2.9662401426795513,3.080068826675415,20000,0.0,0.0
2016-06-16 00:00:00-04:00,3.0532862443179654,3.093461025512583,3.0532862443179654,3.073373794555664,15900,0.0,0.0
2016-06-17 00:00:00-04:00,3.0532862443179654,3.0867653882872035,3.0532862443179654,3.073373794555664,8900,0.0,0.0
2016-06-20 00:00:00-04:00,3.1202437353915404,3.1604185104370117,3.1068521437097165,3.1604185104370117,18100,0.0,0.0
2016-06-21 00:00:00-04:00,3.1805055938956897,3.2809426765064273,3.153722414436918,3.213984727859497,49500,0.0,0.0
2016-06-22 00:00:00-04:00,3.213984915453413,3.4282503636298385,3.2072889605575483,3.321117639541626,69000,0.0,0.0
2016-06-23 00:00:00-04:00,3.3746840798482585,3.414858852313034,3.280942944097115,3.3545968532562256,65600,0.0,0.0
2016-06-24 00:00:00-04:00,3.247464281212738,3.40146775777074,3.147027175756518,3.3746845722198486,71800,0.0,0.0
2016-06-27 00:00:00-04:00,3.3278136325182026,3.3880759559295184,3.247464080823606,3.381380319595337,40000,0.0,0.0
2016-06-28 00:00:00-04:00,3.408163164058307,3.6157329782368484,3.3278133010854,3.4617295265197754,82700,0.0,0.0
2016-06-29 00:00:00-04:00,3.4818168261606233,3.5822539175323302,3.3880756898780287,3.562166690826416,78900,0.0,0.0
2016-06-30 00:00:00-04:00,3.5152959630447627,3.6090370993273573,3.488512781249736,3.562166690826416,57700,0.0,0.0
2016-07-01 00:00:00-04:00,3.602342042939852,3.850086674032843,3.582254493722232,3.776432752609253,108100,0.0,0.0
2016-07-05 00:00:00-04:00,3.809912030987784,3.9371323291622993,3.783128843927968,3.930436372756958,61800,0.0,0.0
2016-07-06 00:00:00-04:00,3.9372357894291388,3.9780361216625963,3.8148347927287665,3.9440360069274902,129900,0.09,0.0
2016-07-07 00:00:00-04:00,3.971236066547311,3.971236066547311,3.6788332110809963,3.8080344200134277,72100,0.0,0.0
2016-07-08 00:00:00-04:00,3.8420348928773853,3.848834785908763,3.6244328035857727,3.6516330242156982,31600,0.0,0.0
2016-07-11 00:00:00-04:00,3.5972335168313174,3.780835215874138,3.542833061448599,3.6788341999053955,58800,0.0,0.0
2016-07-12 00:00:00-04:00,3.7196340560913086,3.8692356131255305,3.658433713897535,3.7196340560913086,45800,0.0,0.0
2016-07-13 00:00:00-04:00,3.746834563558897,3.746834563558897,3.6448335620137704,3.685633897781372,25000,0.0,0.0
2016-07-14 00:00:00-04:00,3.7400348743370992,3.7400348743370992,3.672034305108701,3.6788341999053955,15100,0.0,0.0
2016-07-15 00:00:00-04:00,3.71283436361912,3.7876351461944955,3.644833799574355,3.6720340251922607,26500,0.0,0.0
2016-07-18 00:00:00-04:00,3.6856337019910614,3.7604344757175117,3.644833368390878,3.706033706665039,41600,0.0,0.0
2016-07-19 00:00:00-04:00,3.6720335483904343,3.753634214648567,3.631233215261368,3.658433437347412,17700,0.0,0.0
2016-07-20 00:00:00-04:00,3.685634172368519,3.7332344055175777,3.6448338335612105,3.733234405517578,18500,0.0,0.0
2016-07-21 00:00:00-04:00,3.71283412162644,3.774034787403965,3.6788336796939825,3.685633897781372,16300,0.0,0.0
2016-07-22 00:00:00-04:00,3.712835007671844,3.8012359183907742,3.6720346621674893,3.7876358032226562,26800,0.0,0.0
2016-07-25 00:00:00-04:00,3.8012350527700884,3.8284352769122654,3.6720338259686236,3.7196340560913086,31600,0.0,0.0
2016-07-26 00:00:00-04:00,3.7604349556413865,3.8420356332560037,3.685634172368519,3.733234405517578,29900,0.0,0.0
2016-07-27 00:00:00-04:00,3.7740345869175727,3.8080347027916113,3.706033706665039,3.706033706665039,17000,0.0,0.0
2016-07-28 00:00:00-04:00,3.7264341867714283,3.7808346337786802,3.7128340750196154,3.7468345165252686,3700,0.0,0.0
2016-07-29 00:00:00-04:00,3.7332338856103036,3.8012347650713063,3.726433992215538,3.7944345474243164,6500,0.0,0.0
2016-08-01 00:00:00-04:00,3.842036263895129,3.842036263895129,3.7400352380080806,3.7876358032226562,38800,0.0,0.0
2016-08-02 00:00:00-04:00,3.787634611602859,3.8420350551605225,3.753634172253209,3.8420350551605225,26700,0.0,0.0
2016-08-03 00:00:00-04:00,3.8420350551605225,3.8420350551605225,3.8148348333816906,3.8420350551605225,27800,0.0,0.0
2016-08-04 00:00:00-04:00,3.814835110565986,3.876035451889038,3.814835110565986,3.876035451889038,19300,0.0,0.0
2016-08-05 00:00:00-04:00,3.876034739889973,3.9100351754644507,3.8624346305106187,3.9032349586486816,36000,0.0,0.0
2016-08-08 00:00:00-04:00,3.9440355438990444,4.372439144182017,3.937235327199036,4.35883903503418,136900,0.0,0.0
2016-08-09 00:00:00-04:00,4.3452393933239595,4.386039725156554,3.9508358613566683,4.086837291717529,170400,0.0,0.0
2016-08-10 00:00:00-04:00,3.9304358964444,4.0052363434179385,3.9032353507014026,3.9576361179351807,212100,0.0,0.0
2016-08-11 00:00:00-04:00,3.9984364935885157,4.005236386908939,3.950835943336669,3.9644360542297363,23000,0.0,0.0
2016-08-12 00:00:00-04:00,3.9712367003677675,4.114038042281831,3.944036475646256,4.025637149810791,174900,0.0,0.0
2016-08-15 00:00:00-04:00,4.073237425130775,4.080037643511044,3.9916367500810965,4.018836975097656,64200,0.0,0.0
2016-08-16 00:00:00-04:00,3.984837053033082,4.0256373925758036,3.984837053033082,3.9984371662139893,58100,0.0,0.0
2016-08-17 00:00:00-04:00,3.984836577270232,4.046036917151265,3.984836577270232,4.0120368003845215,26400,0.0,0.0
2016-08-18 00:00:00-04:00,4.039237023498811,4.039237023498811,4.005236582479831,4.0120368003845215,37800,0.0,0.0
2016-08-19 00:00:00-04:00,4.03923750575671,4.03923750575671,3.984837053033082,3.9984371662139893,30400,0.0,0.0
2016-08-22 00:00:00-04:00,4.005236819143529,4.066437486893058,3.984836812728523,4.025637149810791,57100,0.0,0.0
2016-08-23 00:00:00-04:00,4.025637434619102,4.025637434619102,3.9984372079732116,4.005237102508545,38100,0.0,0.0
2016-08-24 00:00:00-04:00,4.012036604481583,4.046036719588142,3.9440360500162455,3.9644360542297363,97600,0.0,0.0
2016-08-25 00:00:00-04:00,3.9644367625397092,4.012037321296157,3.9576368680043763,4.005237102508545,15500,0.0,0.0
2016-08-26 00:00:00-04:00,4.005236582479831,4.046036917151265,3.9916364709226864,4.0120368003845215,44700,0.0,0.0
2016-08-29 00:00:00-04:00,4.1004369394134415,4.250038139243868,4.039236286447633,4.1956377029418945,161300,0.0,0.0
2016-08-30 00:00:00-04:00,4.216039377990522,4.270440160139123,4.120838576672006,4.209239482879639,64200,0.0,0.0
2016-08-31 00:00:00-04:00,4.2024390725964444,4.2024390725964444,4.1276386085134344,4.188838958740234,33300,0.0,0.0
2016-09-01 00:00:00-04:00,4.216038703918457,4.229638816218107,4.188838479319157,4.216038703918457,25200,0.0,0.0
2016-09-02 00:00:00-04:00,4.216039377990522,4.250039826301859,4.195639368405565,4.209239482879639,28500,0.0,0.0
2016-09-06 00:00:00-04:00,4.243238127395959,4.284038780844015,4.127637356800447,4.2704386711120605,37200,0.0,0.0
2016-09-07 00:00:00-04:00,4.2704399101270605,4.297640137482776,4.209239236450557,4.250039577484131,34500,0.0,0.0
2016-09-08 00:00:00-04:00,4.263639933798655,4.270440153150717,4.16163891328387,4.2364397048950195,23100,0.0,0.0
2016-09-09 00:00:00-04:00,4.229638779642607,4.243238891824651,4.120837882186257,4.141238212585449,32000,0.0,0.0
2016-09-12 00:00:00-04:00,4.107237577976856,4.127637907422263,3.9984366856073192,4.093637466430664,55000,0.0,0.0
2016-09-13 00:00:00-04:00,4.0732378288363025,4.195639177794486,4.066437934034343,4.188838958740234,30500,0.0,0.0
2016-09-14 00:00:00-04:00,4.1888389038076275,4.256839796449203,4.1888389038076275,4.250039577484131,36400,0.0,0.0
2016-09-15 00:00:00-04:00,4.250038861848259,4.3860399757265105,4.209238527684784,4.263638973236084,102600,0.0,0.0
2016-09-16 00:00:00-04:00,4.290839151262297,4.352039813995361,4.277239040016308,4.352039813995361,38800,0.0,0.0
2016-09-19 00:00:00-04:00,4.386039972675974,4.413240195432706,4.345239638540876,4.372439861297607,33900,0.0,0.0
2016-09-20 00:00:00-04:00,4.413239676409878,4.440440220219899,4.379239564088691,4.433640003204346,37200,0.0,0.0
2016-09-21 00:00:00-04:00,4.454041038227115,4.590042157641521,4.447240820130271,4.583241939544678,68800,0.0,0.0
2016-09-22 00:00:00-04:00,4.583241657866587,4.76004342649163,4.5356414311230955,4.630842208862305,47700,0.0,0.0
2016-09-23 00:00:00-04:00,4.630842812110469,4.882445062465794,4.630842812110469,4.821244716644287,120800,0.0,0.0
2016-09-26 00:00:00-04:00,4.841644767933408,4.8892453255634925,4.6648432989187425,4.814444541931152,54100,0.0,0.0
2016-09-27 00:00:00-04:00,4.8552443076327885,5.038845973594677,4.814443973447061,5.01844596862793,88300,0.0,0.0
2016-09-28 00:00:00-04:00,5.03204538878859,5.08644582689676,4.79404330993925,4.862043857574463,114600,0.0,0.0
2016-09-29 00:00:00-04:00,4.862044130667198,4.923244464850314,4.664842369322499,4.7056427001953125,76500,0.0,0.0
2016-09-30 00:00:00-04:00,4.814444019843399,4.875644683837891,4.7260431327962955,4.875644683837891,48700,0.0,0.0
2016-10-03 00:00:00-04:00,4.855244353395155,4.909644799488867,4.698842908749613,4.9028449058532715,79900,0.0,0.0
2016-10-04 00:00:00-04:00,4.86884375021189,4.909644078793018,4.834843638520377,4.862043857574463,22000,0.0,0.0
2016-10-05 00:00:00-04:00,4.889244793306904,4.930045127868652,4.828044129338164,4.930045127868652,51000,0.0,0.0
2016-10-06 00:00:00-04:00,4.998996995398916,5.033472968261393,4.8955694055987315,4.992101669311523,41300,0.1,0.0
2016-10-07 00:00:00-04:00,4.96452122777641,4.992101875691715,4.902464934360604,4.909359931945801,25100,0.0,0.0
2016-10-10 00:00:00-04:00,4.895569315574139,4.998996903472395,4.819722373943787,4.9645209312438965,38400,0.0,0.0
2016-10-11 00:00:00-04:00,4.936939953746064,5.219642052205836,4.936939953746064,5.033472537994385,123300,0.0,0.0
2016-10-12 00:00:00-04:00,5.0334733711708335,5.226537914050463,5.0334733711708335,5.143795967102051,56100,0.0,0.0
2016-10-13 00:00:00-04:00,5.171376898776941,5.240328525003176,5.047263971569719,5.067949295043945,38000,0.0,0.0
2016-10-14 00:00:00-04:00,5.136900265903093,5.136900265903093,4.964521057936047,5.102424621582031,59500,0.0,0.0
2016-10-17 00:00:00-04:00,5.20585239999698,5.212747397595131,4.930045591538491,4.998997211456299,47000,0.0,0.0
2016-10-18 00:00:00-04:00,5.102424003681571,5.102424003681571,4.757665629497508,4.89556884765625,85100,0.0,0.0
2016-10-19 00:00:00-04:00,4.861093044281006,4.964520290033508,4.826617076505375,4.861093044281006,32000,0.0,0.0
2016-10-20 00:00:00-04:00,4.861093377812744,4.861093377812744,4.792141437530518,4.792141437530518,18300,0.0,0.0
2016-10-21 00:00:00-04:00,4.826617407671631,4.861093377812744,4.792141437530518,4.792141437530518,37200,0.0,0.0
2016-10-24 00:00:00-04:00,4.723190420068055,4.723190420068055,4.309480370278747,4.3646416664123535,187800,0.0,0.0
2016-10-25 00:00:00-04:00,4.309479220585811,4.309479220585811,3.654438510571636,3.861293315887451,364400,0.0,0.0
2016-10-26 00:00:00-04:00,3.6889153852923484,4.378432292030629,3.6889153852923484,4.309480667114258,126400,0.0,0.0
2016-10-27 00:00:00-04:00,4.343955862906796,4.4473831172911105,4.137100696563721,4.137100696563721,57200,0.0,0.0
2016-10-28 00:00:00-04:00,4.150890852619249,4.27500375017591,4.150890852619249,4.171576499938965,21900,0.0,0.0
2016-10-31 00:00:00-04:00,4.171576499938965,4.240528109692664,4.13710053066851,4.171576499938965,29900,0.0,0.0
2016-11-01 00:00:00-04:00,4.171576855360004,4.206052498780596,3.9647216796875,3.9647216796875,39800,0.0,0.0
2016-11-02 00:00:00-04:00,3.964721506495047,4.137100702429614,3.964721506495047,4.068149089813232,39100,0.0,0.0
2016-11-03 00:00:00-04:00,4.0681492675237525,4.1026249109443444,3.9647216796875,3.9647216796875,21100,0.0,0.0
2016-11-04 00:00:00-04:00,3.9647216796875,3.9991976518953303,3.9647216796875,3.9647216796875,25300,0.0,0.0
2016-11-07 00:00:00-05:00,3.9647212017194344,4.102624416351318,3.9647212017194344,4.102624416351318,83400,0.0,0.0
2016-11-08 00:00:00-05:00,4.102624416351318,4.137100384402888,3.971616526844628,4.102624416351318,31000,0.0,0.0
2016-11-09 00:00:00-05:00,3.964721506495047,4.137100702429614,3.826818281262283,4.068149089813232,58000,0.0,0.0
2016-11-10 00:00:00-05:00,4.068149798634778,4.3991179256474755,3.930246220586907,4.378432273864746,133000,0.0,0.0
2016-11-11 00:00:00-05:00,4.447382926940918,4.48185889611825,4.206052129061223,4.447382926940918,122600,0.0,0.0
2016-11-14 00:00:00-05:00,4.481858730316162,4.481858730316162,4.033672791527106,4.481858730316162,64500,0.0,0.0
2016-11-15 00:00:00-05:00,4.447383916947001,4.447383916947001,4.10262546357786,4.309480667114258,65400,0.0,0.0
2016-11-16 00:00:00-05:00,4.343955993652344,4.412907608246285,4.068149206489345,4.343955993652344,91100,0.0,0.0
2016-11-17 00:00:00-05:00,4.343956521232946,4.826618210797819,4.240528922386967,4.75766658782959,183000,0.0,0.0
2016-11-18 00:00:00-05:00,4.68871545791626,4.757667088135289,4.516336217975034,4.68871545791626,70000,0.0,0.0
2016-11-21 00:00:00-05:00,4.723189351763722,4.723189351763722,4.585286142621044,4.654237747192383,30300,0.0,0.0
2016-11-22 00:00:00-05:00,4.688713388592302,4.723189024092633,4.481858260441668,4.550809860229492,61300,0.0,0.0
2016-11-23 00:00:00-05:00,4.55081063290438,4.826617407671631,4.516334991550485,4.792141437530518,55600,0.0,0.0
2016-11-25 00:00:00-05:00,4.792141271955838,4.826617240905762,4.68871402268048,4.826617240905762,25100,0.0,0.0
2016-11-28 00:00:00-05:00,4.826617407671631,4.826617407671631,4.72318982603551,4.792141437530518,19200,0.0,0.0
2016-11-29 00:00:00-05:00,4.79214126964359,4.93004481658954,4.771455951313382,4.89556884765625,28400,0.0,0.0
2016-11-30 00:00:00-05:00,4.861093209855686,4.930044818968327,4.826617240905762,4.826617240905762,49400,0.0,0.0
2016-12-01 00:00:00-05:00,4.8610932075101685,4.93004481658954,4.688714020418137,4.89556884765625,15800,0.0,0.0
2016-12-02 00:00:00-05:00,4.964520630661648,4.964520630661648,4.757665796176623,4.792141437530518,22600,0.0,0.0
2016-12-05 00:00:00-05:00,4.86109289193636,4.86109289193636,4.5852861447365685,4.723189353942871,31000,0.0,0.0
2016-12-06 00:00:00-05:00,4.7576654866217565,4.7576654866217565,4.5508103368084285,4.619761943817139,17400,0.0,0.0
2016-12-07 00:00:00-05:00,4.585287848194063,4.72319110863212,4.585287848194063,4.68871545791626,15400,0.0,0.0
2016-12-08 00:00:00-05:00,4.585286142621044,4.723189351763722,4.585286142621044,4.654237747192383,44700,0.0,0.0
2016-12-09 00:00:00-05:00,4.688714876758405,4.895569741776199,4.654238901528472,4.730085849761963,50600,0.0,0.0
2016-12-12 00:00:00-05:00,4.792140958546023,4.826616925241192,4.65423774933972,4.723189353942871,9200,0.0,0.0
2016-12-13 00:00:00-05:00,4.7921422349200675,4.930045809643798,4.695609962764548,4.75766658782959,47900,0.0,0.0
2016-12-14 00:00:00-05:00,4.826617617728292,4.964520846719922,4.723190031590954,4.867988586425781,81100,0.0,0.0
2016-12-15 00:00:00-05:00,4.861093514435732,4.930045127868652,4.826617543325657,4.930045127868652,39100,0.0,0.0
2016-12-16 00:00:00-05:00,4.964520290033508,4.964520290033508,4.826617076505375,4.861093044281006,12100,0.0,0.0
2016-12-19 00:00:00-05:00,4.861093209855686,4.895568850018403,4.826617240905762,4.826617240905762,23400,0.0,0.0
2016-12-20 00:00:00-05:00,4.861093044281006,4.861093044281006,4.826617076505375,4.861093044281006,5600,0.0,0.0
2016-12-21 00:00:00-05:00,4.874883531678214,4.895568850018403,4.826617240905762,4.826617240905762,9100,0.0,0.0
2016-12-22 00:00:00-05:00,4.861093514435732,4.964520770191499,4.826617543325657,4.930045127868652,23300,0.0,0.0
2016-12-23 00:00:00-05:00,4.930046042591475,5.067949295043945,4.895570065084714,5.067949295043945,81400,0.0,0.0
2016-12-27 00:00:00-05:00,5.067948831374106,5.067948831374106,4.82661799726815,4.998997211456299,32400,0.0,0.0
2016-12-28 00:00:00-05:00,5.068912716593475,5.103870868682861,4.9989967458003495,5.103870868682861,49900,0.1,0.0
2016-12-29 00:00:00-05:00,5.173786640167236,5.173786640167236,5.06891252132477,5.173786640167236,35100,0.0,0.0
2016-12-30 00:00:00-05:00,5.138829492584152,5.313619613647461,5.138829492584152,5.313619613647461,71200,0.0,0.0
2017-01-03 00:00:00-05:00,5.3485780057789425,5.3485780057789425,4.8242076195924914,5.0339555740356445,117500,0.0,0.0
2017-01-04 00:00:00-05:00,5.068913188762089,5.12484597060672,4.957047625072825,4.998997211456299,24600,0.0,0.0
2017-01-05 00:00:00-05:00,4.998996722958736,5.054929499337667,4.89412260055542,4.89412260055542,42000,0.0,0.0
2017-01-06 00:00:00-05:00,4.894122809711137,4.998996936596365,4.894122809711137,4.929080963134766,23600,0.0,0.0
2017-01-09 00:00:00-05:00,4.9640385937109635,5.103870868682861,4.9640385937109635,5.103870868682861,35900,0.0,0.0
2017-01-10 00:00:00-05:00,4.998996907566228,5.3485771062298015,4.998996907566228,5.145820617675781,86100,0.0,0.0
2017-01-11 00:00:00-05:00,5.173786906970481,5.243702878675693,5.138828754425049,5.138828754425049,19500,0.0,0.0
2017-01-12 00:00:00-05:00,5.138829166067878,5.208745143373668,4.998997211456299,4.998997211456299,28600,0.0,0.0
2017-01-13 00:00:00-05:00,5.033955033416355,5.068913188762089,4.964039056110565,4.998997211456299,20700,0.0,0.0
2017-01-17 00:00:00-05:00,4.998997748321309,5.068913733135693,4.998997748321309,5.0339555740356445,19000,0.0,0.0
2017-01-18 00:00:00-05:00,5.068913459777832,5.068913459777832,4.964039321519083,5.068913459777832,14200,0.0,0.0
2017-01-19 00:00:00-05:00,4.998997211456299,5.138829166067878,4.998997211456299,4.998997211456299,9000,0.0,0.0
2017-01-20 00:00:00-05:00,5.033954868284063,5.033954868284063,4.929081072458464,4.957047462463379,42200,0.0,0.0
2017-01-23 00:00:00-05:00,4.964038571029082,4.964038571029082,4.859164448625766,4.89412260055542,39600,0.0,0.0
2017-01-24 00:00:00-05:00,4.859164424434779,4.894122576190396,4.404710451925613,4.6843743324279785,192100,0.0,0.0
2017-01-25 00:00:00-05:00,4.754290635939213,4.789248454309187,4.544542392176796,4.6843743324279785,38200,0.0,0.0
2017-01-26 00:00:00-05:00,4.614458084106445,4.78924816557552,4.579500267844004,4.614458084106445,26400,0.0,0.0
2017-01-27 00:00:00-05:00,4.579500869350471,4.579500869350471,4.264878481349866,4.2998366355896,107600,0.0,0.0
2017-01-30 00:00:00-05:00,4.264878485929886,4.523567760747588,4.229920665038279,4.40471076965332,79400,0.0,0.0
2017-01-31 00:00:00-05:00,4.439668388451711,4.474626541137695,4.362760652573938,4.474626541137695,33600,0.0,0.0
2017-02-01 00:00:00-05:00,4.439668163861649,4.544542283228668,4.306827657114842,4.334794044494629,24200,0.0,0.0
2017-02-02 00:00:00-05:00,4.439668585777202,4.439668585777202,4.194962506256065,4.2998366355896,50300,0.0,0.0
2017-02-03 00:00:00-05:00,4.334794254463123,4.404710559684827,4.27886147699428,4.369752407073975,21100,0.0,0.0
2017-02-06 00:00:00-05:00,4.439668292398145,4.89412260055542,4.439668292398145,4.89412260055542,168700,0.0,0.0
2017-02-07 00:00:00-05:00,4.894122802428607,4.894122802428607,4.789248675699434,4.824206829071045,33500,0.0,0.0
2017-02-08 00:00:00-05:00,4.824206829071045,4.859164649056997,4.789248675699434,4.824206829071045,13800,0.0,0.0
2017-02-09 00:00:00-05:00,4.7892482705333395,4.894122388390257,4.7892482705333395,4.859164237976074,31900,0.0,0.0
2017-02-10 00:00:00-05:00,4.894122802428607,4.894122802428607,4.824206829071045,4.824206829071045,11000,0.0,0.0
2017-02-13 00:00:00-05:00,4.8591649205934155,4.8591649205934155,4.614458833474624,4.789248943328857,41900,0.0,0.0
2017-02-14 00:00:00-05:00,4.7542901039123535,4.789247918370388,4.635432801306703,4.7542901039123535,13900,0.0,0.0
2017-02-15 00:00:00-05:00,4.754291054640215,4.754291054640215,4.614458768688637,4.649416923522949,29300,0.0,0.0
2017-02-16 00:00:00-05:00,4.649416432667399,4.684374250425417,4.474626343720397,4.54454231262207,63500,0.0,0.0
2017-02-17 00:00:00-05:00,4.509584132311116,4.509584132311116,4.2299202585132445,4.334794044494629,95700,0.0,0.0
2017-02-21 00:00:00-05:00,4.33479374668758,4.509583822495718,4.33479374668758,4.4606428146362305,23500,0.0,0.0
2017-02-22 00:00:00-05:00,4.474626541137695,4.509584360438027,4.439668388451711,4.474626541137695,11000,0.0,0.0
2017-02-23 00:00:00-05:00,4.369752328423355,4.439668299001,4.194962235286422,4.229920387268066,122200,0.0,0.0
2017-02-24 00:00:00-05:00,4.229920463401868,4.47462653152088,4.229920463401868,4.369752407073975,47000,0.0,0.0
2017-02-27 00:00:00-05:00,4.439668388451711,4.474626541137695,4.369752416465396,4.474626541137695,28000,0.0,0.0
2017-02-28 00:00:00-05:00,4.404710559684827,4.404710559684827,4.369752407073975,4.369752407073975,20400,0.0,0.0
2017-03-01 00:00:00-05:00,4.369752407073975,4.544542503356934,4.26487828262707,4.369752407073975,83100,0.0,0.0
2017-03-02 00:00:00-05:00,4.404710764923134,4.404710764923134,4.194962506256065,4.2998366355896,32100,0.0,0.0
2017-03-03 00:00:00-05:00,4.264878205864066,4.404710480405001,4.194962235286422,4.229920387268066,52200,0.0,0.0
2017-03-06 00:00:00-05:00,4.2299202585132445,4.334794044494629,4.2299202585132445,4.334794044494629,19000,0.0,0.0
2017-03-07 00:00:00-05:00,4.299835944796605,4.439667872519417,4.2299199809351995,4.264877796173096,32500,0.0,0.0
2017-03-08 00:00:00-05:00,4.2998366355896,4.2998366355896,4.250895286331105,4.2998366355896,10100,0.0,0.0
2017-03-09 00:00:00-05:00,4.264878476540844,4.285853435738167,4.020172397295634,4.194962501525879,33000,0.0,0.0
2017-03-10 00:00:00-05:00,4.125047483446444,4.194963474680639,4.055131492212249,4.090089321136475,36900,0.0,0.0
2017-03-13 00:00:00-04:00,4.09008803418971,4.09008803418971,3.7055500367036984,3.84538197517395,104300,0.0,0.0
2017-03-14 00:00:00-04:00,3.7405074159105176,3.950255632400513,3.5657173466307217,3.9502556324005127,110800,0.0,0.0
2017-03-15 00:00:00-04:00,3.9852135181427,4.194961738417835,3.915297555846191,3.9852135181427,55700,0.0,0.0
2017-03-16 00:00:00-04:00,3.9852141745223784,4.160004275745038,3.8663571857349246,4.055130481719971,29300,0.0,0.0
2017-03-17 00:00:00-04:00,4.090087988228674,4.334794044494629,4.055130170696757,4.334794044494629,23600,0.0,0.0
2017-03-20 00:00:00-04:00,4.299836908223103,4.369752887749965,4.125046792713104,4.160004615783691,23300,0.0,0.0
2017-03-21 00:00:00-04:00,4.1949627722399665,4.299836908223103,4.125046792713104,4.160004615783691,26500,0.0,0.0
2017-03-22 00:00:00-04:00,4.090087628524047,4.160003590824723,4.062121243603776,4.1250457763671875,13400,0.0,0.0
2017-03-23 00:00:00-04:00,4.111063331507921,4.194962501525879,4.090088372310599,4.194962501525879,8600,0.0,0.0
2017-03-24 00:00:00-04:00,4.194962211277174,4.194962211277174,4.020172119140625,4.020172119140625,16100,0.0,0.0
2017-03-27 00:00:00-04:00,4.0201733299022795,4.16000531237067,3.978223735161762,4.090089321136475,30400,0.0,0.0
2017-03-28 00:00:00-04:00,4.05513050531876,4.194962453756374,3.9152982234954834,3.9152982234954834,44700,0.0,0.0
2017-03-29 00:00:00-04:00,3.9502563543092424,4.118054691457879,3.9152982007104464,4.055130481719971,26300,0.0,0.0
2017-03-30 00:00:00-04:00,4.125046455531902,4.125046455531902,4.020172328121174,4.055130481719971,27200,0.0,0.0
2017-03-31 00:00:00-04:00,4.090087628524047,4.180978546207729,4.055129814066511,4.1250457763671875,25400,0.0,0.0
2017-04-03 00:00:00-04:00,4.090087628524047,4.160003590824723,4.090087628524047,4.1250457763671875,15400,0.0,0.0
2017-04-04 00:00:00-04:00,4.1949627722399665,4.1949627722399665,4.153013184523849,4.160004615783691,29500,0.0,0.0
2017-04-05 00:00:00-04:00,4.194961832311691,4.264877796173096,4.194961832311691,4.264877796173096,72900,0.0,0.0
2017-04-06 00:00:00-04:00,4.229337639576695,4.264878428726248,4.087175160862654,4.122715950012207,44000,0.1,0.0
2017-04-07 00:00:00-04:00,4.087174619278978,4.193796633657273,4.008985096875957,4.051633834838867,23500,0.0,0.0
2017-04-10 00:00:00-04:00,4.01609393948567,4.10849972053454,3.980553150177002,3.980553150177002,35900,0.0,0.0
2017-04-11 00:00:00-04:00,4.051634578300962,4.158256612244061,4.051634578300962,4.087175369262695,29700,0.0,0.0
2017-04-12 00:00:00-04:00,4.016093730926514,4.080066673841027,3.9805529434635085,4.016093730926514,27100,0.0,0.0
2017-04-13 00:00:00-04:00,3.9805534725280722,4.016094264714886,3.9094722270965576,3.9094722270965576,47100,0.0,0.0
2017-04-17 00:00:00-04:00,3.90947272637607,3.9805539808853854,3.90947272637607,3.9450135231018066,46900,0.0,0.0
2017-04-18 00:00:00-04:00,3.9094722270965576,3.945013019283372,3.838390981665043,3.9094722270965576,33300,0.0,0.0
2017-04-19 00:00:00-04:00,3.945013523101806,3.9663377299835223,3.90947272637607,3.9450135231018066,10500,0.0,0.0
2017-04-20 00:00:00-04:00,3.9805531998236288,3.9805531998236288,3.8739311695098877,3.8739311695098877,41100,0.0,0.0
2017-04-21 00:00:00-04:00,3.9094724404479466,3.9094724404479466,3.6251471042633057,3.6251471042633057,93400,0.0,0.0
2017-04-24 00:00:00-04:00,3.5185247040500833,3.639362985096289,3.305280977740983,3.589606285095215,170700,0.0,0.0
2017-04-25 00:00:00-04:00,3.6606871351835775,3.8383903908823718,3.6606871351835775,3.7317683696746826,81000,0.0,0.0
2017-04-26 00:00:00-04:00,3.8383908523598036,3.8383908523598036,3.69622802734375,3.69622802734375,19800,0.0,0.0
2017-04-27 00:00:00-04:00,3.767309156391266,3.802849604165788,3.625146348466994,3.7317683696746826,21000,0.0,0.0
2017-04-28 00:00:00-04:00,3.69622802734375,3.8028500613702647,3.6606875752963135,3.69622802734375,23600,0.0,0.0
2017-05-01 00:00:00-04:00,3.8028500583951312,4.12271616022443,3.7673096063754996,4.087175369262695,76300,0.0,0.0
2017-05-02 00:00:00-04:00,4.01609393948567,4.087175179160921,3.909471910501751,3.980553150177002,47800,0.0,0.0
2017-05-03 00:00:00-04:00,4.016093730926514,4.016093730926514,3.9165800005489952,4.016093730926514,15600,0.0,0.0
2017-05-04 00:00:00-04:00,4.087175179160921,4.087175179160921,3.909471910501751,3.980553150177002,20100,0.0,0.0
2017-05-05 00:00:00-04:00,3.980553150177002,3.980553150177002,3.909471910501751,3.980553150177002,10700,0.0,0.0
2017-05-08 00:00:00-04:00,4.016094777611122,4.016094777611122,3.90947272637607,3.9450135231018066,14000,0.0,0.0
2017-05-09 00:00:00-04:00,3.9094725554170866,3.9094725554170866,3.8383913040161133,3.8383913040161133,39800,0.0,0.0
2017-05-10 00:00:00-04:00,3.8739311695098877,3.9094719592618317,3.8383907187000346,3.8739311695098877,31700,0.0,0.0
2017-05-11 00:00:00-04:00,3.8739311695098877,3.9094719592618317,3.802849928948091,3.8739311695098877,20400,0.0,0.0
2017-05-12 00:00:00-04:00,3.8383904239461706,3.845498377985478,3.7317684018200423,3.7673091888427734,27500,0.0,0.0
2017-05-15 00:00:00-04:00,3.8383898359145205,3.8383898359145205,3.7317678301226147,3.802849054336548,32500,0.0,0.0
2017-05-16 00:00:00-04:00,3.8028497514290915,3.8028497514290915,3.696227726092522,3.7104439735412598,43900,0.0,0.0
2017-05-17 00:00:00-04:00,3.660687527198248,3.760201266142495,3.554065494572649,3.589606285095215,40100,0.0,0.0
2017-05-18 00:00:00-04:00,3.589605270899943,3.802848936959879,3.5611727820919516,3.660686492919922,46900,0.0,0.0
2017-05-19 00:00:00-04:00,3.8028496369234395,3.8383904239461706,3.7317684018200423,3.7673091888427734,16400,0.0,0.0
2017-05-22 00:00:00-04:00,3.8383913040161133,3.9094725554170866,3.7673100526151404,3.8383913040161133,27400,0.0,0.0
2017-05-23 00:00:00-04:00,3.9094725554170866,3.9094725554170866,3.8028505088445557,3.8383913040161133,21600,0.0,0.0
2017-05-24 00:00:00-04:00,3.8739302785504806,3.8739302785504806,3.7673086117005874,3.802849054336548,15400,0.0,0.0
2017-05-25 00:00:00-04:00,3.802849928948091,3.8739311695098877,3.767309478138238,3.8739311695098877,13000,0.0,0.0
2017-05-26 00:00:00-04:00,3.8739311695098877,3.8739311695098877,3.8383907187000346,3.8739311695098877,31300,0.0,0.0
2017-05-30 00:00:00-04:00,3.8383903908823718,3.8739308386568934,3.7317683696746826,3.7317683696746826,32300,0.0,0.0
2017-05-31 00:00:00-04:00,3.7317677149399002,3.7317677149399002,3.660686492919922,3.660686492919922,22600,0.0,0.0
2017-06-01 00:00:00-04:00,3.696228353573933,3.696228353573933,3.5896066490790584,3.6251471042633057,34000,0.0,0.0
2017-06-02 00:00:00-04:00,3.6606878983896856,3.696228353573933,3.6251471042633057,3.6251471042633057,17800,0.0,0.0
2017-06-05 00:00:00-04:00,3.6251469506441936,3.6251469506441936,3.554065704345703,3.554065704345703,31300,0.0,0.0
2017-06-06 00:00:00-04:00,3.554065854952679,3.64647164852756,3.554065854952679,3.6251471042633057,20900,0.0,0.0
2017-06-07 00:00:00-04:00,3.589605270899943,3.660686492919922,3.589605270899943,3.660686492919922,27800,0.0,0.0
2017-06-08 00:00:00-04:00,3.6251469232919282,3.6606877156440722,3.4474436394154404,3.5185248851776123,100700,0.0,0.0
2017-06-09 00:00:00-04:00,3.589606285095215,3.660687527198248,3.554065494572649,3.589606285095215,48400,0.0,0.0
2017-06-12 00:00:00-04:00,3.589606285095215,3.6251467366756827,3.554065494572649,3.589606285095215,36300,0.0,0.0
2017-06-13 00:00:00-04:00,3.5896064969660073,3.5896064969660073,3.554065704345703,3.554065704345703,11700,0.0,0.0
2017-06-14 00:00:00-04:00,3.554065704345703,3.6251469506441936,3.518524911725399,3.554065704345703,22000,0.0,0.0
2017-06-15 00:00:00-04:00,3.518524911725399,3.5896064969660073,3.4829844580472127,3.554065704345703,20800,0.0,0.0
2017-06-16 00:00:00-04:00,3.5540656775297563,3.5540656775297563,3.4829844317675844,3.5185248851776123,23800,0.0,0.0
2017-06-19 00:00:00-04:00,3.5185247040500833,3.6251467366756827,3.5185247040500833,3.589606285095215,24900,0.0,0.0
2017-06-20 00:00:00-04:00,3.6606878983896856,3.6606878983896856,3.5896066490790584,3.6251471042633057,25200,0.0,0.0
2017-06-21 00:00:00-04:00,3.554064490418953,3.69622693445891,3.554064490418953,3.660686492919922,28600,0.0,0.0
2017-06-22 00:00:00-04:00,3.696227582958099,3.767309156391266,3.625146348466994,3.7317683696746826,27700,0.0,0.0
2017-06-23 00:00:00-04:00,3.7673091888427734,3.7673091888427734,3.696227614797311,3.7673091888427734,22800,0.0,0.0
2017-06-26 00:00:00-04:00,3.7673086117005874,3.8383898359145205,3.753092366857801,3.802849054336548,27800,0.0,0.0
2017-06-27 00:00:00-04:00,3.7673086117005874,3.8383898359145205,3.7673086117005874,3.802849054336548,8200,0.0,0.0
2017-06-28 00:00:00-04:00,3.8383898359145205,3.8739302785504806,3.7673086117005874,3.802849054336548,37200,0.0,0.0
2017-06-29 00:00:00-04:00,3.8383906708265,3.980553150177002,3.8028498815178313,3.980553150177002,149800,0.0,0.0
2017-06-30 00:00:00-04:00,3.980553181941067,4.264878481853019,3.980553181941067,4.229337692260742,149700,0.0,0.0
2017-07-03 00:00:00-04:00,4.264877729961173,4.435472676467445,4.229336946634684,4.335958957672119,65800,0.0,0.0
2017-07-05 00:00:00-04:00,4.407039918744485,4.478121481096823,4.335958695334157,4.442580699920654,88600,0.0,0.0
2017-07-06 00:00:00-04:00,4.48088529749587,4.48088529749587,4.372477054595947,4.372477054595947,29200,0.103,0.0
2017-07-07 00:00:00-04:00,4.408613289487026,4.408613289487026,4.011115570501482,4.083387851715088,96700,0.0,0.0
2017-07-10 00:00:00-04:00,4.083387851715088,4.083387851715088,3.9027069763703617,4.083387851715088,49500,0.0,0.0
2017-07-11 00:00:00-04:00,3.989434344087054,4.148433387876036,3.989434344087054,4.047252178192139,11300,0.0,0.0
2017-07-12 00:00:00-04:00,4.083388641374193,4.227933231753913,4.047252321468519,4.191797256469727,21600,0.0,0.0
2017-07-13 00:00:00-04:00,4.155661759649637,4.191798086712604,4.054480526343507,4.11952543258667,25400,0.0,0.0
2017-07-14 00:00:00-04:00,4.155660132928694,4.191796445846207,4.047251538797575,4.083387851715088,9600,0.0,0.0
2017-07-17 00:00:00-04:00,4.155660132928694,4.155660132928694,4.047251538797575,4.083387851715088,14000,0.0,0.0
2017-07-18 00:00:00-04:00,4.0472531230822915,4.155661759649637,4.0472531230822915,4.11952543258667,20200,0.0,0.0
2017-07-19 00:00:00-04:00,4.119524470823494,4.155660789449909,4.047252178192139,4.047252178192139,28300,0.0,0.0
2017-07-20 00:00:00-04:00,4.047252178192139,4.083388496818554,3.974979885560783,4.047252178192139,9600,0.0,0.0
2017-07-21 00:00:00-04:00,4.011116789786497,4.08338909296918,4.011116789786497,4.04002571105957,6300,0.0,0.0
2017-07-24 00:00:00-04:00,3.9749796390533447,4.047251927202751,3.9749796390533447,3.9749796390533447,19600,0.0,0.0
2017-07-25 00:00:00-04:00,3.9749796390533447,4.119524215352158,3.938843322667915,3.9749796390533447,27600,0.0,0.0
2017-07-26 00:00:00-04:00,4.0111159554387745,4.0111159554387745,3.9027073509039383,3.9749796390533447,13800,0.0,0.0
2017-07-27 00:00:00-04:00,3.938843322667915,4.003888554313107,3.830435062754532,3.9749796390533447,45900,0.0,0.0
2017-07-28 00:00:00-04:00,3.83043528441994,3.938843550606856,3.83043528441994,3.902707576751709,16500,0.0,0.0
2017-07-31 00:00:00-04:00,3.938843550606856,3.938843550606856,3.794298965943319,3.902707576751709,21100,0.0,0.0
2017-08-01 00:00:00-04:00,3.9749798690834774,3.9749798690834774,3.9027075767517085,3.902707576751709,7100,0.0,0.0
2017-08-02 00:00:00-04:00,3.9388439655303955,3.9388439655303955,3.9027079878686317,3.9388439655303955,13900,0.0,0.0
2017-08-03 00:00:00-04:00,3.9027075767517085,3.9027075767517085,3.8665712582750875,3.902707576751709,18000,0.0,0.0
2017-08-04 00:00:00-04:00,3.938843550606856,3.938843550606856,3.8665712582750875,3.902707576751709,10200,0.0,0.0
2017-08-07 00:00:00-04:00,3.938843550606856,3.938843550606856,3.83043528441994,3.902707576751709,20000,0.0,0.0
2017-08-08 00:00:00-04:00,3.8665704727172856,3.9027067838522167,3.8665704727172856,3.866570472717285,13300,0.0,0.0
2017-08-09 00:00:00-04:00,3.83043528441994,3.938843550606856,3.794298965943319,3.902707576751709,19800,0.0,0.0
2017-08-10 00:00:00-04:00,3.8304356879235946,4.047252587758707,3.8304356879235946,3.9388439655303955,21900,0.0,0.0
2017-08-11 00:00:00-04:00,3.9749797107944076,4.0472520002481955,3.873798505559104,4.011116027832031,3800,0.0,0.0
2017-08-14 00:00:00-04:00,4.0472531230822915,4.11952543258667,4.01834419928054,4.11952543258667,18300,0.0,0.0
2017-08-15 00:00:00-04:00,4.047251538797575,4.141205676685972,3.974979257583968,4.083387851715088,28200,0.0,0.0
2017-08-16 00:00:00-04:00,4.0472531230822915,4.155661759649637,4.0472531230822915,4.11952543258667,6300,0.0,0.0
2017-08-17 00:00:00-04:00,4.191798086712604,4.199025145352263,4.083389450145258,4.11952543258667,26900,0.0,0.0
2017-08-18 00:00:00-04:00,4.191797256469727,4.191797256469727,4.126752018488109,4.191797256469727,11500,0.0,0.0
2017-08-21 00:00:00-04:00,4.155660132928694,4.191796445846207,4.083387851715088,4.083387851715088,28300,0.0,0.0
2017-08-22 00:00:00-04:00,4.119524312038899,4.155660629272461,4.119524312038899,4.155660629272461,3300,0.0,0.0
2017-08-23 00:00:00-04:00,4.155661759649637,4.155661759649637,4.083389450145258,4.11952543258667,7300,0.0,0.0
2017-08-24 00:00:00-04:00,4.119523820011181,4.119523820011181,4.061705995040295,4.083387851715088,4100,0.0,0.0
2017-08-25 00:00:00-04:00,4.083388308986781,4.119524281329503,4.0472519920226,4.076160907745361,7300,0.0,0.0
2017-08-28 00:00:00-04:00,4.08338831728582,4.08338831728582,4.011116027832031,4.011116027832031,6200,0.0,0.0
2017-08-29 00:00:00-04:00,3.9749796390533447,3.9749796390533447,3.938843322667915,3.9749796390533447,42600,0.0,0.0
2017-08-30 00:00:00-04:00,3.9388429446664546,4.083387851715088,3.9388429446664546,4.083387851715088,41700,0.0,0.0
2017-08-31 00:00:00-04:00,4.083388496818554,4.119524470823494,4.047252178192139,4.047252178192139,12000,0.0,0.0
2017-09-01 00:00:00-04:00,4.01111714064088,4.11952543258667,4.01111714064088,4.11952543258667,5300,0.0,0.0
2017-09-05 00:00:00-04:00,4.119524616658379,4.191797256469727,4.083388641374193,4.191797256469727,31900,0.0,0.0
2017-09-06 00:00:00-04:00,4.155661759649637,4.191798086712604,4.11952543258667,4.11952543258667,11700,0.0,0.0
2017-09-07 00:00:00-04:00,4.083388641374193,4.191797256469727,4.083388641374193,4.191797256469727,13200,0.0,0.0
2017-09-08 00:00:00-04:00,4.155660936564053,4.191797256469727,4.083388641374193,4.191797256469727,9600,0.0,0.0
2017-09-11 00:00:00-04:00,4.191797256469727,4.191797256469727,4.155660936564053,4.191797256469727,17700,0.0,0.0
2017-09-12 00:00:00-04:00,4.191796872570139,4.191796872570139,4.155660555973957,4.177342414855957,2200,0.0,0.0
2017-09-13 00:00:00-04:00,4.191796793151166,4.300205051642867,4.191796793151166,4.264069080352783,28000,0.0,0.0
2017-09-14 00:00:00-04:00,4.300205537912309,4.336341857910156,4.119524627166053,4.336341857910156,23000,0.0,0.0
2017-09-15 00:00:00-04:00,4.37247816675512,4.37247816675512,4.191797256469727,4.191797256469727,24000,0.0,0.0
2017-09-18 00:00:00-04:00,4.19179648452598,4.264068766406479,4.19179648452598,4.227932453155518,12100,0.0,0.0
2017-09-19 00:00:00-04:00,4.19179648452598,4.271295822283816,4.19179648452598,4.227932453155518,13600,0.0,0.0
2017-09-20 00:00:00-04:00,4.227932453155518,4.256841365907717,4.227932453155518,4.227932453155518,1600,0.0,0.0
2017-09-21 00:00:00-04:00,4.2423872218815735,4.264069080352783,4.22793276444125,4.264069080352783,6500,0.0,0.0
2017-09-22 00:00:00-04:00,4.155660477239634,4.264069080352783,4.0544792751573695,4.264069080352783,10800,0.0,0.0
2017-09-25 00:00:00-04:00,4.155660936564053,4.29297846973553,4.1339790756963515,4.191797256469727,17100,0.0,0.0
2017-09-26 00:00:00-04:00,4.191797256469727,4.264069551659587,4.170115395602025,4.191797256469727,11000,0.0,0.0
2017-09-27 00:00:00-04:00,4.264069236351688,4.264069236351688,4.155660629272461,4.155660629272461,15800,0.0,0.0
2017-09-28 00:00:00-04:00,4.191797256469727,4.227933231753913,4.177342797431755,4.191797256469727,10900,0.0,0.0
2017-09-29 00:00:00-04:00,4.227932453155518,4.300204735036016,4.227932453155518,4.227932453155518,12300,0.0,0.0
2017-10-02 00:00:00-04:00,4.227933242538104,4.372478177908002,4.227933242538104,4.336341857910156,43400,0.0,0.0
2017-10-03 00:00:00-04:00,4.372478177908002,4.39415969420952,4.336341857910156,4.336341857910156,31900,0.0,0.0
2017-10-04 00:00:00-04:00,4.372478183210193,4.408614158630371,4.336341863168526,4.408614158630371,37200,0.0,0.0
2017-10-05 00:00:00-04:00,4.408613774850678,4.444750091746597,4.372477802576217,4.394159317016602,44300,0.0,0.0
2017-10-06 00:00:00-04:00,4.411068861184381,4.411068861184381,4.30079206954272,4.337551116943359,32900,0.103,0.0
2017-10-09 00:00:00-04:00,4.414238561167846,4.451647147874126,4.302012087532757,4.3169755935668945,19900,0.1025,0.0
2017-10-10 00:00:00-04:00,4.339420909119049,4.361865989160793,4.114967968152917,4.302011966705322,30600,0.0,0.0
2017-10-11 00:00:00-04:00,4.302012216808807,4.4516472816467285,4.302012216808807,4.4516472816467285,9700,0.0,0.0
2017-10-12 00:00:00-04:00,4.414238567695751,4.451647154457351,4.309494025301895,4.376829624176025,15900,0.0,0.0
2017-10-13 00:00:00-04:00,4.414238437188388,4.414238437188388,4.2271944386359825,4.302011966705322,22700,0.0,0.0
2017-10-16 00:00:00-04:00,4.376829380116305,4.376829380116305,4.137413296566325,4.339420795440674,18800,0.0,0.0
2017-10-17 00:00:00-04:00,4.339421862085907,4.414239406585693,4.339421862085907,4.414239406585693,10300,0.0,0.0
2017-10-18 00:00:00-04:00,4.414238321550044,4.451646906225675,4.294529923016947,4.339420795440674,21800,0.0,0.0
2017-10-19 00:00:00-04:00,4.414239406585693,4.45164800045649,4.339421862085907,4.414239406585693,11900,0.0,0.0
2017-10-20 00:00:00-04:00,4.376829624176025,4.376829624176025,4.339421037414425,4.376829624176025,11300,0.0,0.0
2017-10-23 00:00:00-04:00,4.339421862085907,4.436684491556533,4.339421862085907,4.414239406585693,26700,0.0,0.0
2017-10-24 00:00:00-04:00,4.414239406585693,4.45164800045649,4.3768304559567035,4.414239406585693,19700,0.0,0.0
2017-10-25 00:00:00-04:00,4.3768304559567035,4.414239406585693,4.3768304559567035,4.414239406585693,17000,0.0,0.0
2017-10-26 00:00:00-04:00,4.414238209844304,4.414238209844304,4.376829269357229,4.3917927742004395,12300,0.0,0.0
2017-10-27 00:00:00-04:00,4.4142386938163165,4.4516472816467285,4.4142386938163165,4.4516472816467285,13300,0.0,0.0
2017-10-30 00:00:00-04:00,4.451648112485979,4.4890570640563965,4.436684603209453,4.4890570640563965,28400,0.0,0.0
2017-10-31 00:00:00-04:00,4.489056469340159,4.52646541595459,4.45164752272573,4.52646541595459,29800,0.0,0.0
2017-11-01 00:00:00-04:00,4.526465179946973,4.563873767852783,4.526465179946973,4.563873767852783,25800,0.0,0.0
2017-11-02 00:00:00-04:00,4.526465179946973,4.563873767852783,4.526465179946973,4.563873767852783,8700,0.0,0.0
2017-11-03 00:00:00-04:00,4.563874005553391,4.563874005553391,4.526465415699226,4.533946990966797,10700,0.0,0.0
2017-11-06 00:00:00-05:00,4.563873767852783,4.563873767852783,4.4890562352830266,4.563873767852783,19300,0.0,0.0
2017-11-07 00:00:00-05:00,4.45164800045649,4.489056951085479,4.391793964856661,4.414239406585693,15100,0.0,0.0
2017-11-08 00:00:00-05:00,4.489056465912032,4.489056465912032,4.399275422215749,4.421720504760742,5300,0.0,0.0
2017-11-09 00:00:00-05:00,4.3768304559567035,4.45164800045649,4.249640451927971,4.414239406585693,21700,0.0,0.0
2017-11-10 00:00:00-05:00,4.376829624176025,4.451647154457351,4.376829624176025,4.376829624176025,10000,0.0,0.0
2017-11-13 00:00:00-05:00,4.45164800045649,4.45164800045649,4.3768304559567035,4.414239406585693,12800,0.0,0.0
2017-11-14 00:00:00-05:00,4.414238567695751,4.436683648401086,4.376829624176025,4.376829624176025,7700,0.0,0.0
2017-11-15 00:00:00-05:00,4.4142386938163165,4.4516472816467285,4.376829749227768,4.4516472816467285,11900,0.0,0.0
2017-11-16 00:00:00-05:00,4.414239517673764,4.4890570640563965,4.414239517673764,4.4890570640563965,12800,0.0,0.0
2017-11-17 00:00:00-05:00,4.489056226235277,4.489056226235277,4.4516472816467285,4.4516472816467285,8300,0.0,0.0
2017-11-20 00:00:00-05:00,4.48905694607809,4.48905694607809,4.451647995490829,4.474093437194824,9900,0.0,0.0
2017-11-21 00:00:00-05:00,4.414238567695751,4.489056097977078,4.376829624176025,4.376829624176025,38400,0.0,0.0
2017-11-22 00:00:00-05:00,4.399275897685736,4.45164800045649,4.3768304559567035,4.414239406585693,4800,0.0,0.0
2017-11-24 00:00:00-05:00,4.466610788130521,4.489056226235277,4.4142386938163165,4.4516472816467285,6100,0.0,0.0
2017-11-27 00:00:00-05:00,4.4142386938163165,4.4516472816467285,4.4142386938163165,4.4516472816467285,26900,0.0,0.0
2017-11-28 00:00:00-05:00,4.4890570640563965,4.4890570640563965,4.421721093932926,4.4890570640563965,11700,0.0,0.0
2017-11-29 00:00:00-05:00,4.489055621970566,4.489055621970566,4.414238099622674,4.436683177947998,15700,0.0,0.0
2017-11-30 00:00:00-05:00,4.451646449599244,4.48905538719577,4.4217194422252515,4.459128379821777,4000,0.0,0.0
2017-12-01 00:00:00-05:00,4.4142386938163165,4.489056226235277,4.4142386938163165,4.4516472816467285,3900,0.0,0.0
2017-12-04 00:00:00-05:00,4.48905694607809,4.48905694607809,4.429202910545026,4.474093437194824,6800,0.0,0.0
2017-12-05 00:00:00-05:00,4.489056951085479,4.489056951085479,4.3768304559567035,4.414239406585693,27000,0.0,0.0
2017-12-06 00:00:00-05:00,4.414238929498462,4.45164751932617,4.3768299829126,4.421720504760742,2500,0.0,0.0
2017-12-07 00:00:00-05:00,4.376829624176025,4.451647154457351,4.36186611811976,4.376829624176025,27800,0.0,0.0
2017-12-08 00:00:00-05:00,4.339420795440674,4.376829380116305,4.3020118540069365,4.339420795440674,9100,0.0,0.0
2017-12-11 00:00:00-05:00,4.414238321550044,4.414238321550044,4.339420795440674,4.339420795440674,21800,0.0,0.0
2017-12-12 00:00:00-05:00,4.339420795440674,4.376829380116305,4.339420795440674,4.339420795440674,10200,0.0,0.0
2017-12-13 00:00:00-05:00,4.3020118540069365,4.376829380116305,4.3020118540069365,4.339420795440674,11200,0.0,0.0
2017-12-14 00:00:00-05:00,4.376829380116305,4.376829380116305,4.339420795440674,4.339420795440674,7200,0.0,0.0
2017-12-15 00:00:00-05:00,4.376829494774661,4.376829494774661,4.302011966705322,4.302011966705322,18700,0.0,0.0
2017-12-18 00:00:00-05:00,4.376829624176025,4.376829624176025,4.339421037414425,4.376829624176025,18700,0.0,0.0
2017-12-19 00:00:00-05:00,4.376829981429254,4.399275420724795,4.354384898891867,4.361866474151611,6700,0.0,0.0
2017-12-20 00:00:00-05:00,4.376829624176025,4.376829624176025,4.339421037414425,4.376829624176025,5700,0.0,0.0
2017-12-21 00:00:00-05:00,4.3768291600696845,4.451646682417576,4.3768291600696845,4.436683177947998,32000,0.0,0.0
2017-12-22 00:00:00-05:00,4.451647995490829,4.48905694607809,4.399275892778495,4.474093437194824,12700,0.0,0.0
2017-12-26 00:00:00-05:00,4.4516472816467285,4.489056226235277,4.421720268679144,4.4516472816467285,27200,0.0,0.0
2017-12-27 00:00:00-05:00,4.451647995490829,4.48905694607809,4.451647995490829,4.474093437194824,19300,0.0,0.0
2017-12-28 00:00:00-05:00,4.496958436548969,4.573177997146029,4.481714524429557,4.535068035125732,28900,0.11,0.0
2017-12-29 00:00:00-05:00,4.573177997146029,4.573177997146029,4.496958436548969,4.535068035125732,18400,0.0,0.0
2018-01-02 00:00:00-05:00,4.535068035125732,4.573177997146029,4.496958436548969,4.535068035125732,6300,0.0,0.0
2018-01-03 00:00:00-05:00,4.519824608271289,4.535068522027344,4.42073935057872,4.45884895324707,13100,0.0,0.0
2018-01-04 00:00:00-05:00,4.420739547692113,4.458849152059708,4.390251718820603,4.413117408752441,22500,0.0,0.0
2018-01-05 00:00:00-05:00,4.420739547692113,4.420739547692113,4.382629579880931,4.413117408752441,14300,0.0,0.0
2018-01-08 00:00:00-05:00,4.420739161303867,4.420739161303867,4.359763145446777,4.359763145446777,28200,0.0,0.0
2018-01-09 00:00:00-05:00,4.3826294875273195,4.420739454535425,4.3826294875273195,4.397873401641846,13800,0.0,0.0
2018-01-10 00:00:00-05:00,4.344518955641077,4.420738879747106,4.344518955641077,4.382628917694092,10900,0.0,0.0
2018-01-11 00:00:00-05:00,4.4207386039315795,4.496958159838639,4.382628644256294,4.481714248657227,31900,0.0,0.0
2018-01-12 00:00:00-05:00,4.496958919358994,4.496958919358994,4.45884895324707,4.45884895324707,18900,0.0,0.0
2018-01-16 00:00:00-05:00,4.496959209442139,4.496959209442139,4.458849240871874,4.496959209442139,27200,0.0,0.0
2018-01-17 00:00:00-05:00,4.496958436548969,4.573177997146029,4.458848474528672,4.535068035125732,35200,0.0,0.0
2018-01-18 00:00:00-05:00,4.496958719259115,4.649397850036621,4.496958719259115,4.649397850036621,46000,0.0,0.0
2018-01-19 00:00:00-05:00,4.649397850036621,4.649397850036621,4.611288249064023,4.649397850036621,46900,0.0,0.0
2018-01-22 00:00:00-05:00,4.649397670177059,4.649397670177059,4.573178107736821,4.611288070678711,23600,0.0,0.0
2018-01-23 00:00:00-05:00,4.611288249064023,4.649397850036621,4.611288249064023,4.649397850036621,15800,0.0,0.0
2018-01-24 00:00:00-05:00,4.649397670177059,4.687507633118949,4.611288070678711,4.611288070678711,23600,0.0,0.0
2018-01-25 00:00:00-05:00,4.649397382112772,4.649397382112772,4.611287784975593,4.641775608062744,3800,0.0,0.0
2018-01-26 00:00:00-05:00,4.611287966498426,4.649397565135786,4.573178004417533,4.603665828704834,7600,0.0,0.0
2018-01-29 00:00:00-05:00,4.61128845416103,4.61128845416103,4.573178488049852,4.596044540405273,13700,0.0,0.0
2018-01-30 00:00:00-05:00,4.649398056828635,4.649398056828635,4.573178488049852,4.596044540405273,17000,0.0,0.0
2018-01-31 00:00:00-05:00,4.611287959166326,4.611287959166326,4.535068035125732,4.535068035125732,10100,0.0,0.0
2018-02-01 00:00:00-05:00,4.535068522027344,4.550312435783399,4.45884895324707,4.45884895324707,23100,0.0,0.0
2018-02-02 00:00:00-05:00,4.466471379963366,4.535068814568807,4.420739635745206,4.496959209442139,8400,0.0,0.0
2018-02-05 00:00:00-05:00,4.4588481973205765,4.496958156971564,4.405494689941406,4.405494689941406,14300,0.0,0.0
2018-02-06 00:00:00-05:00,4.535067756070413,4.535067756070413,4.4207386039315795,4.481714248657227,22900,0.0,0.0
2018-02-07 00:00:00-05:00,4.458848389333235,4.61128787105822,4.458848389333235,4.588421821594238,20500,0.0,0.0
2018-02-08 00:00:00-05:00,4.55031186929743,4.64939747809802,4.55031186929743,4.5808000564575195,27300,0.0,0.0
2018-02-09 00:00:00-05:00,4.611288249064023,4.649397850036621,4.596044335986273,4.649397850036621,29000,0.0,0.0
2018-02-12 00:00:00-05:00,4.649397670177059,4.649397670177059,4.611288070678711,4.611288070678711,17600,0.0,0.0
2018-02-13 00:00:00-05:00,4.611287681010787,4.649397277288758,4.573177721289305,4.634153366088867,15600,0.0,0.0
2018-02-14 00:00:00-05:00,4.6875081062316895,4.6875081062316895,4.618910311390091,4.6875081062316895,24400,0.0,0.0
2018-02-15 00:00:00-05:00,4.649397477523378,4.687507438886134,4.649397477523378,4.65701961517334,5300,0.0,0.0
2018-02-16 00:00:00-05:00,4.649397943762169,4.68750790894657,4.649397943762169,4.664641857147217,4100,0.0,0.0
2018-02-20 00:00:00-05:00,4.68750790894657,4.68750790894657,4.649397943762169,4.664641857147217,8700,0.0,0.0
2018-02-21 00:00:00-05:00,4.687507814452776,4.687507814452776,4.649397850036621,4.649397850036621,1700,0.0,0.0
2018-02-22 00:00:00-05:00,4.687508491236924,4.687508491236924,4.649398521318439,4.672264575958252,9100,0.0,0.0
2018-02-23 00:00:00-05:00,4.6875081062316895,4.6875081062316895,4.664642053469964,4.6875081062316895,5600,0.0,0.0
2018-02-26 00:00:00-05:00,4.6875081062316895,4.6875081062316895,4.64939813944334,4.6875081062316895,5300,0.0,0.0
2018-02-27 00:00:00-05:00,4.687508280825376,4.7256178855896,4.664642227211967,4.7256178855896,28500,0.0,0.0
2018-02-28 00:00:00-05:00,4.725617698250499,4.76372766494751,4.702752008987154,4.76372766494751,43400,0.0,0.0
2018-03-01 00:00:00-05:00,4.76372766494751,4.8018376316445215,4.725617698250499,4.76372766494751,17200,0.0,0.0
2018-03-02 00:00:00-05:00,4.76372766494751,4.76372766494751,4.725617698250499,4.76372766494751,10200,0.0,0.0
2018-03-05 00:00:00-05:00,4.763726988485762,4.801836949771059,4.740860939025879,4.740860939025879,21700,0.0,0.0
2018-03-06 00:00:00-05:00,4.8018376316445215,4.8018376316445215,4.76372766494751,4.76372766494751,10200,0.0,0.0
2018-03-07 00:00:00-05:00,4.8018376316445215,4.8018376316445215,4.76372766494751,4.76372766494751,19600,0.0,0.0
2018-03-08 00:00:00-05:00,4.8018368719359845,4.8018368719359845,4.771349048779348,4.786592960357666,4000,0.0,0.0
2018-03-09 00:00:00-05:00,4.8018376316445215,4.8018376316445215,4.76372766494751,4.76372766494751,8000,0.0,0.0
2018-03-12 00:00:00-04:00,4.8018376204983575,4.878057190271879,4.763727653889808,4.83994722366333,26800,0.0,0.0
2018-03-13 00:00:00-04:00,4.878057190271879,4.878057190271879,4.8018376204983575,4.83994722366333,7800,0.0,0.0
2018-03-14 00:00:00-04:00,4.839946934956578,4.878056899291837,4.801837334064874,4.870434761047363,17000,0.0,0.0
2018-03-15 00:00:00-04:00,4.878055572509766,4.878055572509766,4.817079936912956,4.878055572509766,10600,0.0,0.0
2018-03-16 00:00:00-04:00,4.916165163036045,4.954275117005779,4.847567754711361,4.878055572509766,31200,0.0,0.0
2018-03-19 00:00:00-04:00,4.954275117005779,4.954275117005779,4.878055572509766,4.878055572509766,21300,0.0,0.0
2018-03-20 00:00:00-04:00,4.916166596653966,4.9542765617370605,4.8780569950144335,4.9542765617370605,27900,0.0,0.0
2018-03-21 00:00:00-04:00,4.9542766471673,5.18293571472168,4.916166681427048,5.18293571472168,52400,0.0,0.0
2018-03-22 00:00:00-04:00,5.25915544929197,5.29726505279541,5.182935878841508,5.29726505279541,51600,0.0,0.0
2018-03-23 00:00:00-04:00,5.297264849065433,5.487813949584961,5.282020935561614,5.487813949584961,68400,0.0,0.0
2018-03-26 00:00:00-04:00,5.487814160643354,5.487814160643354,5.114338083714302,5.29726505279541,59100,0.0,0.0
2018-03-27 00:00:00-04:00,5.335374841339348,5.335374841339348,5.068606171961095,5.2591552734375,33700,0.0,0.0
2018-03-28 00:00:00-04:00,5.25915526352019,5.33537483127831,5.190557470816099,5.266777038574219,15500,0.0,0.0
2018-03-29 00:00:00-04:00,5.335375019742431,5.335375019742431,5.282021138705318,5.29726505279541,17900,0.0,0.0
2018-04-02 00:00:00-04:00,5.259153854307085,5.335373401641846,5.259153854307085,5.335373401641846,20000,0.0,0.0
2018-04-03 00:00:00-04:00,5.335375019742431,5.411594590192893,5.289643277472154,5.29726505279541,47300,0.0,0.0
2018-04-04 00:00:00-04:00,5.335373882983757,5.411593437194824,5.335373882983757,5.411593437194824,23900,0.0,0.0
2018-04-05 00:00:00-04:00,5.4115942059857245,5.449704170227051,5.3734846051879535,5.449704170227051,25800,0.0,0.0
2018-04-06 00:00:00-04:00,5.449703230200599,5.6402522916520645,5.41159327253291,5.602142333984375,55400,0.0,0.0
2018-04-09 00:00:00-04:00,5.656383022180876,5.811352268209464,5.423928783662166,5.462671279907227,42900,0.12,0.0
2018-04-10 00:00:00-04:00,5.423929171224064,5.423929171224064,5.346444542673177,5.385186672210693,25900,0.0,0.0
2018-04-11 00:00:00-04:00,5.346444083362018,5.423928705256229,5.307701587677002,5.307701587677002,18100,0.0,0.0
2018-04-12 00:00:00-04:00,5.307701664402812,5.50141340667646,5.230217041388517,5.462671279907227,17400,0.0,0.0
2018-04-13 00:00:00-04:00,5.501413865740977,5.501413865740977,5.307702107303084,5.346444606781006,21500,0.0,0.0
2018-04-16 00:00:00-04:00,5.423928253065408,5.501412868499756,5.369688837523469,5.501412868499756,21500,0.0,0.0
2018-04-17 00:00:00-04:00,5.501413715010348,5.578898342367369,5.501413715010348,5.5479044914245605,18100,0.0,0.0
2018-04-18 00:00:00-04:00,5.540155450952499,5.772609301031665,5.540155450952499,5.6563825607299805,33200,0.0,0.0
2018-04-19 00:00:00-04:00,5.656382502946812,5.749364042028619,5.617640010258162,5.695124626159668,19400,0.0,0.0
2018-04-20 00:00:00-04:00,5.6563825607299805,5.69512468433861,5.617640067645555,5.6563825607299805,11100,0.0,0.0
2018-04-23 00:00:00-04:00,5.69512468433861,5.733867177423035,5.625388714052758,5.6563825607299805,23400,0.0,0.0
2018-04-24 00:00:00-04:00,5.656382031082667,5.679627229176072,5.617639541625977,5.617639541625977,10100,0.0,0.0
2018-04-25 00:00:00-04:00,5.617640010258162,5.733867118848317,5.617640010258162,5.695124626159668,21300,0.0,0.0
2018-04-26 00:00:00-04:00,5.656382502946812,5.733867118848317,5.656382502946812,5.695124626159668,11500,0.0,0.0
2018-04-27 00:00:00-04:00,5.656383022248452,5.733867645263672,5.656383022248452,5.733867645263672,11200,0.0,0.0
2018-04-30 00:00:00-04:00,5.733867630149234,5.8500947491036035,5.656383007338263,5.811352252960205,47500,0.0,0.0
2018-05-01 00:00:00-04:00,5.811352772457482,5.850095272064209,5.695125643113161,5.850095272064209,26000,0.0,0.0
2018-05-02 00:00:00-04:00,5.811351444433331,5.888836056463954,5.772608953680133,5.881087779998779,25300,0.0,0.0
2018-05-03 00:00:00-04:00,5.88883683205528,5.88883683205528,5.80360356285803,5.819100856781006,30400,0.0,0.0
2018-05-04 00:00:00-04:00,5.888837402195077,5.888837402195077,5.811352772457482,5.850095272064209,26400,0.0,0.0
2018-05-07 00:00:00-04:00,5.850093694687075,5.888835814371797,5.6641302639828295,5.7028727531433105,39300,0.0,0.0
2018-05-08 00:00:00-04:00,5.695125006108657,5.733867501382003,4.928026703293269,5.392934799194336,175500,0.0,0.0
2018-05-09 00:00:00-04:00,5.423927833294046,5.617639541625977,5.385185343837355,5.617639541625977,41800,0.0,0.0
2018-05-10 00:00:00-04:00,5.6563824688442415,5.695124591823521,5.501412868499756,5.501412868499756,29000,0.0,0.0
2018-05-11 00:00:00-04:00,5.617640496776486,5.958573205745538,5.509162025119551,5.888836860656738,67000,0.0,0.0
2018-05-14 00:00:00-04:00,5.888836875771176,5.888836875771176,5.7416159076924185,5.811352252960205,36700,0.0,0.0
2018-05-15 00:00:00-04:00,5.811351205526594,5.850093694687075,5.695124107520911,5.7028727531433105,22800,0.0,0.0
2018-05-16 00:00:00-04:00,5.772609771964404,5.811352268209464,5.462671279907227,5.462671279907227,15800,0.0,0.0
2018-05-17 00:00:00-04:00,5.462671735738913,5.578898495220962,5.230217477823099,5.346444606781006,60600,0.0,0.0
2018-05-18 00:00:00-04:00,5.5401558267965525,5.6176404487461635,5.385186213421511,5.578897953033447,38300,0.0,0.0
2018-05-21 00:00:00-04:00,5.578897052169285,5.702872796745239,5.578897052169285,5.617639541625977,12500,0.0,0.0
2018-05-22 00:00:00-04:00,5.733867645263672,5.733867645263672,5.578898029757405,5.733867645263672,10800,0.0,0.0
2018-05-23 00:00:00-04:00,5.6951243453181775,5.6951243453181775,5.5866458884054255,5.602142810821533,11000,0.0,0.0
2018-05-24 00:00:00-04:00,5.578897574561129,5.6563825607299805,5.578897574561129,5.6563825607299805,9000,0.0,0.0
2018-05-25 00:00:00-04:00,5.617640067645555,5.6563825607299805,5.5866462209683325,5.6563825607299805,9400,0.0,0.0
2018-05-29 00:00:00-04:00,5.61763973323764,5.61763973323764,5.578897242459485,5.602142810821533,10200,0.0,0.0
2018-05-30 00:00:00-04:00,5.602143524356241,5.656382944458879,5.578897953033447,5.578897953033447,8600,0.0,0.0
2018-05-31 00:00:00-04:00,5.578898708173853,5.656383710087386,5.501414075736191,5.6408867835998535,13300,0.0,0.0
2018-06-01 00:00:00-04:00,5.656383022248452,5.733867645263672,5.501413406742185,5.733867645263672,21100,0.0,0.0
2018-06-04 00:00:00-04:00,5.811351734749823,5.850094227438472,5.656382502946812,5.695124626159668,32000,0.0,0.0
2018-06-05 00:00:00-04:00,5.733868142719888,5.888837402195077,5.733868142719888,5.850095272064209,34900,0.0,0.0
2018-06-06 00:00:00-04:00,5.888836350651329,5.888836350651329,5.656382502946812,5.695124626159668,25100,0.0,0.0
2018-06-07 00:00:00-04:00,5.656382031082667,5.695124151063596,5.617639541625977,5.617639541625977,12500,0.0,0.0
2018-06-08 00:00:00-04:00,5.664130779799065,5.772609242061174,5.648633856618765,5.695124626159668,11500,0.0,0.0
2018-06-11 00:00:00-04:00,5.695125149018148,5.764861494469759,5.648634375209016,5.733867645263672,18000,0.0,0.0
2018-06-12 00:00:00-04:00,5.811351249957906,5.811351249957906,5.540154932188357,5.617639541625977,23700,0.0,0.0
2018-06-13 00:00:00-04:00,5.617639541625977,5.656382031082667,5.540154932188357,5.617639541625977,20400,0.0,0.0
2018-06-14 00:00:00-04:00,5.578897052169285,5.617639541625977,5.540154932188357,5.617639541625977,6800,0.0,0.0
2018-06-15 00:00:00-04:00,5.540155450952499,5.6563825607299805,5.540155450952499,5.6563825607299805,28700,0.0,0.0
2018-06-18 00:00:00-04:00,5.69512468433861,5.69512468433861,5.578897574561129,5.6563825607299805,6900,0.0,0.0
2018-06-19 00:00:00-04:00,5.501413331083837,5.6176404487461635,5.501413331083837,5.578897953033447,19700,0.0,0.0
2018-06-20 00:00:00-04:00,5.6176404487461635,5.6176404487461635,5.578897953033447,5.578897953033447,12600,0.0,0.0
2018-06-21 00:00:00-04:00,5.578897953033447,5.6176404487461635,5.571149675576397,5.578897953033447,6800,0.0,0.0
2018-06-22 00:00:00-04:00,5.54015588760376,5.609891863385901,5.54015588760376,5.54015588760376,11700,0.0,0.0
2018-06-25 00:00:00-04:00,5.578897953033447,5.656382944458879,5.547904104253603,5.578897953033447,17400,0.0,0.0
2018-06-26 00:00:00-04:00,5.602144326561012,5.65638375443052,5.540156620124931,5.633138179779053,8200,0.0,0.0
2018-06-27 00:00:00-04:00,5.656382502946812,5.695124626159668,5.594394440749814,5.695124626159668,10600,0.0,0.0
2018-06-28 00:00:00-04:00,5.733866637061484,5.811351246452363,5.578897048803964,5.772608757019043,37000,0.0,0.0
2018-06-29 00:00:00-04:00,5.811352772457482,5.9663220319326715,5.733868142719888,5.850095272064209,68400,0.0,0.0
2018-07-02 00:00:00-04:00,5.850094338217712,6.198775301115117,5.850094338217712,6.121290683746338,91700,0.0,0.0
2018-07-03 00:00:00-04:00,6.160033303558158,6.160033303558158,6.012812703444534,6.043806552886963,37100,0.0,0.0
2018-07-05 00:00:00-04:00,6.082547664642334,6.082547664642334,6.005063053970131,6.082547664642334,43900,0.0,0.0
2018-07-06 00:00:00-04:00,6.160033226013184,6.160033226013184,6.074800325857364,6.160033226013184,48700,0.0,0.0
2018-07-09 00:00:00-04:00,6.13643154809996,6.215103670483135,6.097095299339237,6.175767421722412,43700,0.12,0.0
2018-07-10 00:00:00-04:00,6.160033386520034,6.160033386520034,5.93975142992675,6.018423557281494,16800,0.0,0.0
2018-07-11 00:00:00-04:00,5.900415420532227,6.018423803970533,5.743071159373358,5.900415420532227,41600,0.0,0.0
2018-07-12 00:00:00-04:00,5.939751446925263,6.136431953444136,5.672265838015343,6.049892425537109,36300,0.0,0.0
2018-07-13 00:00:00-04:00,6.097095034519027,6.136431281571225,6.0184229155528834,6.026289939880371,7300,0.0,0.0
2018-07-16 00:00:00-04:00,6.136430614175032,6.136430614175032,5.664397201439866,5.703733444213867,51700,0.0,0.0
2018-07-17 00:00:00-04:00,5.782405554623657,5.782405554623657,5.5463892233942875,5.703733444213867,95600,0.0,0.0
2018-07-18 00:00:00-04:00,5.62506217883855,5.743070549750348,5.507053807926751,5.546390056610107,76300,0.0,0.0
2018-07-19 00:00:00-04:00,5.546390339427689,5.70373459190776,5.546390339427689,5.625062465667725,84700,0.0,0.0
2018-07-20 00:00:00-04:00,5.507054293597186,5.585726422763771,5.231701653944987,5.310373783111572,367800,0.0,0.0
2018-07-23 00:00:00-04:00,5.310374010329674,5.467718275395226,5.286772183000682,5.428382396697998,65400,0.0,0.0
2018-07-24 00:00:00-04:00,5.467717841623493,5.467717841623493,5.389045715332031,5.389045715332031,18300,0.0,0.0
2018-07-25 00:00:00-04:00,5.412647348672275,5.46771764755249,5.389045524053414,5.46771764755249,42900,0.0,0.0
2018-07-26 00:00:00-04:00,5.467717841623493,5.499186692140078,5.389045715332031,5.389045715332031,28200,0.0,0.0
2018-07-27 00:00:00-04:00,5.349710464477539,5.412648172860373,5.349710464477539,5.349710464477539,46300,0.0,0.0
2018-07-30 00:00:00-04:00,5.389045715332031,5.428381966046906,5.3497098397554455,5.389045715332031,31200,0.0,0.0
2018-07-31 00:00:00-04:00,5.389045715332031,5.389045715332031,5.3497098397554455,5.389045715332031,33800,0.0,0.0
2018-08-01 00:00:00-04:00,5.389045912278156,5.4126477385972835,5.310373783111572,5.310373783111572,34800,0.0,0.0
2018-08-02 00:00:00-04:00,5.349710264165222,5.428382396697998,5.310374010329674,5.428382396697998,34100,0.0,0.0
2018-08-03 00:00:00-04:00,5.4677180414447415,5.507054293597186,5.310373783111572,5.310373783111572,51200,0.0,0.0
2018-08-06 00:00:00-04:00,5.349710464477539,5.389046344647643,5.310374209169101,5.349710464477539,36300,0.0,0.0
2018-08-07 00:00:00-04:00,5.349710464477539,5.389046344647643,5.310374209169101,5.349710464477539,37600,0.0,0.0
2018-08-08 00:00:00-04:00,5.310374209169101,5.389046344647643,5.271037953860664,5.349710464477539,28200,0.0,0.0
2018-08-09 00:00:00-04:00,5.389046344647643,5.389046344647643,5.271037953860664,5.349710464477539,25000,0.0,0.0
2018-08-10 00:00:00-04:00,5.310373783111572,5.310373783111572,5.2395686792924945,5.310373783111572,40800,0.0,0.0
2018-08-13 00:00:00-04:00,5.349710464477539,5.389046344647643,5.310374209169101,5.349710464477539,35600,0.0,0.0
2018-08-14 00:00:00-04:00,5.310373783111572,5.389045912278156,5.271037530959128,5.310373783111572,20700,0.0,0.0
2018-08-15 00:00:00-04:00,5.349710333104747,5.349710333104747,5.153029811669107,5.28677225112915,26000,0.0,0.0
2018-08-16 00:00:00-04:00,5.3103734803521085,5.3103734803521085,5.1923651057610725,5.20023250579834,33000,0.0,0.0
2018-08-17 00:00:00-04:00,5.271036768541285,5.271036768541285,5.153028779429572,5.231700897216797,18300,0.0,0.0
2018-08-20 00:00:00-04:00,5.349709304671413,5.389045176313581,5.1608958453189535,5.192364692687988,43800,0.0,0.0
2018-08-21 00:00:00-04:00,5.153028821045821,5.231700939468407,5.153028821045821,5.192364692687988,13900,0.0,0.0
2018-08-22 00:00:00-04:00,5.231700939468407,5.3103730578909945,5.153028821045821,5.192364692687988,24100,0.0,0.0
2018-08-23 00:00:00-04:00,5.231700939468407,5.231700939468407,5.192364692687988,5.192364692687988,15300,0.0,0.0
2018-08-24 00:00:00-04:00,5.192364837737358,5.27103695835766,5.113692717117056,5.153028964996338,34000,0.0,0.0
2018-08-27 00:00:00-04:00,5.153029008680278,5.271037003041993,5.113692760467529,5.113692760467529,57300,0.0,0.0
2018-08-28 00:00:00-04:00,5.153028964996338,5.153028964996338,5.121560116748217,5.153028964996338,26100,0.0,0.0
2018-08-29 00:00:00-04:00,5.192364837737358,5.192364837737358,5.074356469237774,5.153028964996338,32300,0.0,0.0
2018-08-30 00:00:00-04:00,5.192365840795634,5.2710379766137745,5.1766314136320055,5.2474365234375,9200,0.0,0.0
2018-08-31 00:00:00-04:00,5.271036768541285,5.349709261466758,5.231700897216797,5.231700897216797,17800,0.0,0.0
2018-09-04 00:00:00-04:00,5.231701462749108,5.420514565848616,5.231701462749108,5.389045715332031,37400,0.0,0.0
2018-09-05 00:00:00-04:00,5.42838221347584,5.42838221347584,5.2317017012132245,5.271037578582764,14500,0.0,0.0
2018-09-06 00:00:00-04:00,5.231700939468407,5.271036811110575,5.153028821045821,5.192364692687988,13700,0.0,0.0
2018-09-07 00:00:00-04:00,5.192364837737358,5.192364837737358,5.113692717117056,5.153028964996338,35300,0.0,0.0
2018-09-10 00:00:00-04:00,5.153028714165271,5.1923645849915605,5.035020351409912,5.035020351409912,44500,0.0,0.0
2018-09-11 00:00:00-04:00,5.035020351409912,5.153028714165271,4.995684105445378,5.035020351409912,37700,0.0,0.0
2018-09-12 00:00:00-04:00,5.019286597858088,5.192365277894648,4.93274707027066,4.956348896026611,27400,0.0,0.0
2018-09-13 00:00:00-04:00,4.956348748811106,4.995684623718262,4.877676248720229,4.995684623718262,61000,0.0,0.0
2018-09-14 00:00:00-04:00,5.035020351409912,5.1923645849915605,4.995684105445378,5.035020351409912,24600,0.0,0.0
2018-09-17 00:00:00-04:00,5.035021105580493,5.153029486011735,4.877676473292737,4.979950428009033,47600,0.0,0.0
2018-09-18 00:00:00-04:00,5.035020825652214,5.113692949853068,4.75966820338009,4.799004077911377,52300,0.0,0.0
2018-09-19 00:00:00-04:00,4.759667959635227,4.932746624013663,4.680995464324951,4.680995464324951,62500,0.0,0.0
2018-09-20 00:00:00-04:00,4.680996583028668,4.9878184877337866,4.680996583028668,4.838341236114502,49300,0.0,0.0
2018-09-21 00:00:00-04:00,4.79900484341839,5.08222491085722,4.79900484341839,5.074357509613037,32800,0.0,0.0
2018-09-24 00:00:00-04:00,5.035021771118031,5.074357653035728,4.799004979058456,4.838341236114502,29700,0.0,0.0
2018-09-25 00:00:00-04:00,4.877676248720229,4.995684623718262,4.799004123767635,4.995684623718262,22100,0.0,0.0
2018-09-26 00:00:00-04:00,5.035021628807138,5.113693765557275,4.917013236112764,5.074357509613037,17200,0.0,0.0
2018-09-27 00:00:00-04:00,5.074356512254781,5.113692760467529,5.035020639180297,5.113692760467529,7900,0.0,0.0
2018-09-28 00:00:00-04:00,5.035020351409912,5.113692468200736,4.995684105445378,5.035020351409912,17600,0.0,0.0
2018-10-01 00:00:00-04:00,5.035021289407422,5.066490141986231,4.979950609825351,5.003552436828613,32500,0.0,0.0
2018-10-02 00:00:00-04:00,5.042887375519873,5.042887375519873,4.956348234619088,5.035020351409912,10500,0.0,0.0
2018-10-03 00:00:00-04:00,5.074356721386503,5.074356721386503,4.956348722161272,5.0664896965026855,31500,0.0,0.0
2018-10-04 00:00:00-04:00,5.050756056157166,5.113693765557275,4.917013236112764,5.074357509613037,41100,0.0,0.0
2018-10-05 00:00:00-04:00,5.074356748670856,5.105825598651894,4.995684623718262,4.995684623718262,24100,0.0,0.0
2018-10-08 00:00:00-04:00,5.027153888693563,5.058622741272371,4.932747330957138,5.003552436828613,19100,0.0,0.0
2018-10-09 00:00:00-04:00,5.0997743188527025,5.0997743188527025,4.931385517120361,4.931385517120361,21400,0.12,0.0
2018-10-10 00:00:00-04:00,4.963459195010968,5.075718260953573,4.931385176170224,4.971477508544922,15100,0.0,0.0
2018-10-11 00:00:00-04:00,5.011569580200917,5.083736304508584,4.931384543388186,4.947421550750732,44200,0.0,0.0
2018-10-12 00:00:00-04:00,4.9634588233484065,5.059680872665556,4.875255086964802,4.891292095184326,30700,0.0,0.0
2018-10-15 00:00:00-04:00,4.91534850659121,5.08373730832355,4.819126443416297,4.931385517120361,27300,0.0,0.0
2018-10-16 00:00:00-04:00,4.955440128062426,5.043643864446031,4.843181070525752,4.891292095184326,41800,0.0,0.0
2018-10-17 00:00:00-04:00,4.891293175548955,4.9955339431762695,4.891293175548955,4.9955339431762695,8600,0.0,0.0
2018-10-18 00:00:00-04:00,4.931385517120361,5.0035518733253,4.851200464474601,4.931385517120361,19000,0.0,0.0
2018-10-19 00:00:00-04:00,4.931385105945135,4.955440428556902,4.81110734582892,4.883274078369141,44100,0.0,0.0
2018-10-22 00:00:00-04:00,4.907329124456286,4.93138482806499,4.803088379405963,4.875255107879639,32500,0.0,0.0
2018-10-23 00:00:00-04:00,4.8592192729142125,4.915349006652832,4.811108236432194,4.915349006652832,14300,0.0,0.0
2018-10-24 00:00:00-04:00,4.899311794188058,4.915348805693072,4.8111080397342265,4.859219074249268,17800,0.0,0.0
2018-10-25 00:00:00-04:00,4.923365978710785,4.947421681566875,4.771014213562012,4.771014213562012,39000,0.0,0.0
2018-10-26 00:00:00-04:00,4.811107862086548,4.907329927563679,4.7389411218024495,4.787052154541016,16600,0.0,0.0
2018-10-29 00:00:00-04:00,4.730922033284726,4.987514165897904,4.730922033284726,4.875255107879639,26100,0.0,0.0
2018-10-30 00:00:00-04:00,4.843181407915181,4.915348141106596,4.811107389241766,4.851200103759766,13500,0.0,0.0
2018-10-31 00:00:00-04:00,4.867236794911696,4.947421836353313,4.851199786623372,4.875255107879639,11500,0.0,0.0
2018-11-01 00:00:00-04:00,4.851200759673017,4.955441143279349,4.851200759673017,4.859219074249268,41400,0.0,0.0
2018-11-02 00:00:00-04:00,4.891292435925303,4.97147748260884,4.851200103759766,4.851200103759766,29800,0.0,0.0
2018-11-05 00:00:00-05:00,4.851199634847364,4.859217947564444,4.746958893058347,4.771014213562012,27800,0.0,0.0
2018-11-06 00:00:00-05:00,4.803089342805463,4.891293097259294,4.762997005219186,4.859219074249268,10800,0.0,0.0
2018-11-07 00:00:00-05:00,4.891292435925303,4.891292435925303,4.771014674723767,4.851200103759766,15500,0.0,0.0
2018-11-08 00:00:00-05:00,4.859217947564444,4.875254955351029,4.771014213562012,4.771014213562012,18600,0.0,0.0
2018-11-09 00:00:00-05:00,4.891293146303144,4.891293146303144,4.8111080879740795,4.827145099639893,20700,0.0,0.0
2018-11-12 00:00:00-05:00,4.851200580544936,4.883274602370647,4.779033840260838,4.787052154541016,19200,0.0,0.0
2018-11-13 00:00:00-05:00,4.859218530197775,4.923366569035638,4.835163206809812,4.907329559326172,24400,0.0,0.0
2018-11-14 00:00:00-05:00,4.907328970924199,4.907328970924199,4.730921885271762,4.771014213562012,27200,0.0,0.0
2018-11-15 00:00:00-05:00,4.811106957188752,4.875254988774881,4.771014246271208,4.819125652313232,23900,0.0,0.0
2018-11-16 00:00:00-05:00,4.779034088841172,4.867237844626024,4.779034088841172,4.811108112335205,2500,0.0,0.0
2018-11-19 00:00:00-05:00,4.875255905737969,4.875255905737969,4.77101514362816,4.787052154541016,14300,0.0,0.0
2018-11-20 00:00:00-05:00,4.771014234112988,4.883273671455064,4.6587551791233395,4.754977226257324,48500,0.0,0.0
2018-11-21 00:00:00-05:00,4.754977811625155,4.754977811625155,4.44225592876545,4.474329948425293,104700,0.0,0.0
2018-11-23 00:00:00-05:00,4.474330575449522,4.8111082114257275,4.450275248509809,4.746960163116455,18800,0.0,0.0
2018-11-26 00:00:00-05:00,4.746958975683791,4.81912570315577,4.610644215948912,4.706866264343262,12100,0.0,0.0
2018-11-27 00:00:00-05:00,4.746959795102847,4.851200556700291,4.594608001003313,4.803089141845703,25300,0.0,0.0
2018-11-28 00:00:00-05:00,4.851200556700291,4.851200556700291,4.698848762600758,4.803089141845703,18900,0.0,0.0
2018-11-29 00:00:00-05:00,4.811108063774286,4.84318208694458,4.738941320464867,4.84318208694458,10600,0.0,0.0
2018-11-30 00:00:00-05:00,4.843181024078141,4.843181024078141,4.706866264343262,4.706866264343262,12600,0.0,0.0
2018-12-03 00:00:00-05:00,4.610645393425806,4.811108236618232,4.594608381264512,4.730923175811768,39000,0.0,0.0
2018-12-04 00:00:00-05:00,4.779034187271091,4.8111082114257275,4.626682381360307,4.746960163116455,15600,0.0,0.0
2018-12-06 00:00:00-05:00,4.730921885271762,4.771014213562012,4.730921885271762,4.771014213562012,13100,0.0,0.0
2018-12-07 00:00:00-05:00,4.7790329086315175,4.811106924204688,4.66677385412542,4.771014213562012,13300,0.0,0.0
2018-12-10 00:00:00-05:00,4.7629959213613695,4.787051241968652,4.490366405462653,4.754977226257324,20100,0.0,0.0
2018-12-11 00:00:00-05:00,4.787052427939875,4.795071125030518,4.554515565246544,4.795071125030518,9500,0.0,0.0
2018-12-12 00:00:00-05:00,4.730921847062162,4.746958854719224,4.570551388139126,4.6507368087768555,38200,0.0,0.0
2018-12-13 00:00:00-05:00,4.690829383010129,4.690829383010129,4.538477611093422,4.610644340515137,10700,0.0,0.0
2018-12-14 00:00:00-05:00,4.586588512674108,4.706866264343262,4.281885359425333,4.706866264343262,46900,0.0,0.0
2018-12-17 00:00:00-05:00,4.706866649331568,4.706866649331568,4.610644593066937,4.634700298309326,24200,0.0,0.0
2018-12-18 00:00:00-05:00,4.570551872253418,4.658755614886035,4.490366825474886,4.570551872253418,27100,0.0,0.0
2018-12-19 00:00:00-05:00,4.5705518502795,4.5865888595581055,4.4903668038864755,4.5865888595581055,20800,0.0,0.0
2018-12-20 00:00:00-05:00,4.570551872253418,4.570551872253418,4.490366825474886,4.570551872253418,25000,0.0,0.0
2018-12-21 00:00:00-05:00,4.602626075786223,4.682811508137116,4.554515045787175,4.64271879196167,19000,0.0,0.0
2018-12-24 00:00:00-05:00,4.69083045423227,4.730923175811768,4.650738115005303,4.730923175811768,23600,0.0,0.0
2018-12-26 00:00:00-05:00,4.7309229503819585,4.779033984573333,4.63470088199921,4.690830230712891,17200,0.0,0.0
2018-12-27 00:00:00-05:00,4.674792766571045,4.811107541421037,4.514422668131333,4.674792766571045,36300,0.0,0.0
2018-12-28 00:00:00-05:00,4.78941165503546,4.78941165503546,4.584735939945159,4.601109981536865,40200,0.12,0.0
2018-12-31 00:00:00-05:00,4.601109981536865,4.699354231087103,4.601109981536865,4.601109981536865,28800,0.0,0.0
2019-01-02 00:00:00-05:00,4.609296601302607,4.682979583740234,4.584735346898135,4.682979583740234,17000,0.0,0.0
2019-01-03 00:00:00-05:00,4.682980138682749,4.69116735458374,4.551987807370431,4.69116735458374,17200,0.0,0.0
2019-01-04 00:00:00-05:00,4.773037371226739,4.871281615791382,4.658419085901322,4.748476505279541,27800,0.0,0.0
2019-01-07 00:00:00-05:00,4.756662738042437,4.83034610748291,4.519238981387442,4.83034610748291,18000,0.0,0.0
2019-01-08 00:00:00-05:00,4.8303462145538845,4.994086605397928,4.732101980047459,4.953151702880859,31400,0.0,0.0
2019-01-09 00:00:00-05:00,5.026834942863729,5.026834942863729,4.838533288486057,4.912216663360596,36600,0.0,0.0
2019-01-10 00:00:00-05:00,4.748476505279541,4.9122169128872795,4.740289289705191,4.748476505279541,15400,0.0,0.0
2019-01-11 00:00:00-05:00,4.904029448202134,4.969525998306116,4.813972423786481,4.912216663360596,21000,0.0,0.0
2019-01-14 00:00:00-05:00,4.904029993554476,4.928591251373291,4.87128191005469,4.928591251373291,18300,0.0,0.0
2019-01-15 00:00:00-05:00,4.928590703289615,4.928590703289615,4.8876554082731145,4.912216663360596,42900,0.0,0.0
2019-01-16 00:00:00-05:00,4.912217470978627,5.035022985830687,4.879469385736474,4.887656211853027,70200,0.0,0.0
2019-01-17 00:00:00-05:00,4.813972205049559,4.953151733316145,4.813972205049559,4.871281147003174,26000,0.0,0.0
2019-01-18 00:00:00-05:00,4.8712811100221955,5.051395930077902,4.8712811100221955,4.961338520050049,27100,0.0,0.0
2019-01-22 00:00:00-05:00,4.912215863778621,5.035021338450655,4.912215863778621,4.936777114868164,34000,0.0,0.0
2019-01-23 00:00:00-05:00,4.944964743218634,5.0677702378802305,4.912216663360596,4.912216663360596,30800,0.0,0.0
2019-01-24 00:00:00-05:00,4.920403327685779,5.002273518165604,4.8958420753479,4.8958420753479,35200,0.0,0.0
2019-01-25 00:00:00-05:00,4.895842623431577,4.936777918448078,4.895842623431577,4.912216663360596,9900,0.0,0.0
2019-01-28 00:00:00-05:00,4.920403799407902,5.051396116733936,4.904029369354248,4.904029369354248,39600,0.0,0.0
2019-01-29 00:00:00-05:00,4.969526550941999,5.067770801441359,4.912217209623398,4.928591251373291,28100,0.0,0.0
2019-01-30 00:00:00-05:00,4.99408623512965,5.08414363861084,4.912216045777595,5.08414363861084,32800,0.0,0.0
2019-01-31 00:00:00-05:00,5.002273820134072,5.0841440155560935,4.953151702880859,4.953151702880859,39800,0.0,0.0
2019-02-01 00:00:00-05:00,5.035022036429058,5.051396075962653,4.961338663333934,4.994086742401123,14000,0.0,0.0
2019-02-04 00:00:00-05:00,5.0513966289228085,5.0513966289228085,4.969526422292767,5.010461330413818,20300,0.0,0.0
2019-02-05 00:00:00-05:00,4.977712984798284,5.092331268025267,4.961338944337286,5.0595831871032715,28700,0.0,0.0
2019-02-06 00:00:00-05:00,5.092331268025267,5.092331268025267,4.994087025259281,5.0595831871032715,48300,0.0,0.0
2019-02-07 00:00:00-05:00,5.09233153704386,5.09233153704386,5.010461330413818,5.010461330413818,22300,0.0,0.0
2019-02-08 00:00:00-05:00,5.043208861001907,5.043208861001907,4.994086742401123,4.994086742401123,19300,0.0,0.0
2019-02-11 00:00:00-05:00,5.043208861001907,5.051396075962653,4.994086742401123,4.994086742401123,18700,0.0,0.0
2019-02-12 00:00:00-05:00,5.051396362066732,5.0595831871032715,5.010461065720279,5.0595831871032715,19100,0.0,0.0
2019-02-13 00:00:00-05:00,5.035022354697927,5.206949975862337,5.035022354697927,5.157827854156494,35400,0.0,0.0
2019-02-14 00:00:00-05:00,5.092330462352117,5.239697193573673,5.0759564244817055,5.08414363861084,22500,0.0,0.0
2019-02-15 00:00:00-05:00,5.157827632656626,5.297006776318922,5.116892337799072,5.116892337799072,21400,0.0,0.0
2019-02-19 00:00:00-05:00,5.157827404718145,5.2724456787109375,5.149640189953288,5.2724456787109375,39200,0.0,0.0
2019-02-20 00:00:00-05:00,5.264258391800171,5.272445606452823,5.2151362750479,5.2560715675354,19500,0.0,0.0
2019-02-21 00:00:00-05:00,5.288820188210266,5.288820188210266,5.231510850923162,5.280632972717285,9100,0.0,0.0
2019-02-22 00:00:00-05:00,5.23151071020859,5.280632830681451,5.198762629893349,5.247884750366211,28400,0.0,0.0
2019-02-25 00:00:00-05:00,5.321568224385612,5.37069034576416,5.264258887583347,5.37069034576416,50200,0.0,0.0
2019-02-26 00:00:00-05:00,5.403438766203704,5.4116259821418575,5.321568558761879,5.337942600250244,26100,0.0,0.0
2019-02-27 00:00:00-05:00,5.411625642106909,5.419812467142708,5.321568224385612,5.37069034576416,16700,0.0,0.0
2019-02-28 00:00:00-05:00,5.411624860346696,5.411624860346696,5.2151360128292525,5.313380241394043,26300,0.0,0.0
2019-03-01 00:00:00-05:00,5.313380910996692,5.362503421857464,5.247884750366211,5.247884750366211,26700,0.0,0.0
2019-03-04 00:00:00-05:00,5.247884280511734,5.3379416885095665,5.239697456359863,5.239697456359863,29500,0.0,0.0
2019-03-05 00:00:00-05:00,5.239697491922046,5.239697491922046,5.125079220302805,5.149640083312988,38400,0.0,0.0
2019-03-06 00:00:00-05:00,5.223324228917822,5.223324228917822,5.157828063978956,5.2069501876831055,8400,0.0,0.0
2019-03-07 00:00:00-05:00,5.36250320209335,5.403438105615867,5.149640298379843,5.1987624168396,26400,0.0,0.0
2019-03-08 00:00:00-05:00,5.182388719815456,5.215136800952684,5.1496406386782265,5.157827854156494,23100,0.0,0.0
2019-03-11 00:00:00-04:00,5.174201336711051,5.174201336711051,5.149640083312988,5.149640083312988,11800,0.0,0.0
2019-03-12 00:00:00-04:00,5.149640083312988,5.182388160918486,5.149640083312988,5.149640083312988,21100,0.0,0.0
2019-03-13 00:00:00-04:00,5.190575411865706,5.297006469635018,5.157827334030859,5.2560715675354,24900,0.0,0.0
2019-03-14 00:00:00-04:00,5.313380071818136,5.403437473655621,5.2642579591034675,5.362502574920654,17000,0.0,0.0
2019-03-15 00:00:00-04:00,5.395251647291495,5.395251647291495,5.231510850923162,5.280632972717285,23700,0.0,0.0
2019-03-18 00:00:00-04:00,5.297007422102262,5.3952520636602825,5.14964104534716,5.264259338378906,32100,0.0,0.0
2019-03-19 00:00:00-04:00,5.264258574785942,5.280632614272528,5.149640298379843,5.1987624168396,24600,0.0,0.0
2019-03-20 00:00:00-04:00,5.198762752412699,5.239698048965428,5.149640630782176,5.166014671325684,20500,0.0,0.0
2019-03-21 00:00:00-04:00,5.223324008421921,5.231510833499714,5.166014671325684,5.166014671325684,21000,0.0,0.0
2019-03-22 00:00:00-04:00,5.174201552803669,5.1987624168396,5.116892219406672,5.1987624168396,26300,0.0,0.0
2019-03-25 00:00:00-04:00,5.198762310267538,5.198762310267538,5.07595682144165,5.07595682144165,18000,0.0,0.0
2019-03-26 00:00:00-04:00,5.059583603112686,5.149641028246839,5.035022735595703,5.035022735595703,21900,0.0,0.0
2019-03-27 00:00:00-04:00,5.035022461443175,5.1005186251061865,5.035022461443175,5.092331409454346,22200,0.0,0.0
2019-03-28 00:00:00-04:00,5.116892523910723,5.116892523910723,5.0595831871032715,5.0595831871032715,21800,0.0,0.0
2019-03-29 00:00:00-04:00,5.075956925496261,5.239697710750011,5.075956925496261,5.1987624168396,42500,0.0,0.0
2019-04-01 00:00:00-04:00,5.239698818644554,5.239698818644554,5.125080518003285,5.223324775695801,20800,0.0,0.0
2019-04-02 00:00:00-04:00,5.2396981442002835,5.321568348405865,5.1250798583124695,5.288820266723633,21000,0.0,0.0
2019-04-03 00:00:00-04:00,5.29700730133536,5.362503857676763,5.29700730133536,5.337942600250244,27400,0.0,0.0
2019-04-04 00:00:00-04:00,5.378878116607666,5.403438984639121,5.337942816037962,5.378878116607666,22700,0.0,0.0
2019-04-05 00:00:00-04:00,5.403438975900666,5.403438975900666,5.329755981537501,5.3870649337768555,37600,0.0,0.0
2019-04-08 00:00:00-04:00,5.387064334469186,5.5098698319297,5.3706902941669785,5.468934535980225,96500,0.0,0.0
2019-04-09 00:00:00-04:00,5.543966280777443,5.58564999866047,5.243841683385395,5.285525798797607,78100,0.12,0.0
2019-04-10 00:00:00-04:00,5.2938623460960414,5.3522200277564895,5.260515213012695,5.260515213012695,29900,0.0,0.0
2019-04-11 00:00:00-04:00,5.260514775952287,5.393903297203328,5.252178192138672,5.252178192138672,25800,0.0,0.0
2019-04-12 00:00:00-04:00,5.343882601734188,5.343882601734188,5.168809968827621,5.252178192138672,19800,0.0,0.0
2019-04-15 00:00:00-04:00,5.252178153030693,5.252178153030693,5.152136365308179,5.177146911621094,25600,0.0,0.0
2019-04-16 00:00:00-04:00,5.252178190693255,5.377229730567116,5.1688099674051475,5.352219581604004,41500,0.0,0.0
2019-04-17 00:00:00-04:00,5.3355460179205725,5.360556166890567,5.168809968827621,5.252178192138672,14400,0.0,0.0
2019-04-18 00:00:00-04:00,5.252178112811637,5.252178112811637,5.168809890759751,5.202157020568848,7300,0.0,0.0
2019-04-22 00:00:00-04:00,5.235504547894244,5.235504547894244,5.16880989074707,5.16880989074707,7600,0.0,0.0
2019-04-23 00:00:00-04:00,5.17714647889106,5.327208551638223,5.17714647889106,5.235504150390625,7100,0.0,0.0
2019-04-24 00:00:00-04:00,5.177146383278057,5.235504053699856,5.052094459533691,5.052094459533691,22800,0.0,0.0
2019-04-25 00:00:00-04:00,5.052095411645973,5.110453093065796,5.043758827174102,5.0687689781188965,23400,0.0,0.0
2019-04-26 00:00:00-04:00,5.027084313302282,5.11045212995549,5.0020737695417665,5.052094459533691,21900,0.0,0.0
2019-04-29 00:00:00-04:00,5.043758867475879,5.093779567294336,5.018748318802058,5.060432434082031,23400,0.0,0.0
2019-04-30 00:00:00-04:00,5.060431917561095,5.060431917561095,4.943716565702041,4.985400676727295,42700,0.0,0.0
2019-05-01 00:00:00-04:00,4.943717043324766,5.060432406459932,4.910369910294485,4.935380458831787,39400,0.0,0.0
2019-05-02 00:00:00-04:00,5.010411182925248,5.010411182925248,4.910369396767601,4.9770636558532715,37500,0.0,0.0
2019-05-03 00:00:00-04:00,5.0020742416315676,5.052094936344386,4.935379982014477,4.985400676727295,21700,0.0,0.0
2019-05-06 00:00:00-04:00,4.943716525890607,5.093779006349763,4.918706377500175,4.9270429611206055,21400,0.0,0.0
2019-05-07 00:00:00-04:00,5.002073767971985,5.127125691677106,4.91870595134494,5.035420894622803,11800,0.0,0.0
2019-05-08 00:00:00-04:00,5.002074724892349,5.027085273429651,4.935380458831787,4.935380458831787,12700,0.0,0.0
2019-05-09 00:00:00-04:00,4.943717043324766,4.968727591862068,4.918706892316647,4.935380458831787,21400,0.0,0.0
2019-05-10 00:00:00-04:00,4.960390090942383,4.968727072092428,4.927042961400486,4.960390090942383,6900,0.0,0.0
2019-05-13 00:00:00-04:00,4.927042531119696,5.002073764801025,4.927042531119696,5.002073764801025,10800,0.0,0.0
2019-05-14 00:00:00-04:00,4.99373722076416,5.002074201914673,4.952053507599023,4.99373722076416,23600,0.0,0.0
2019-05-15 00:00:00-04:00,4.960391581283335,5.143801246398025,4.960391581283335,5.02708625793457,17000,0.0,0.0
2019-05-16 00:00:00-04:00,5.027084308537837,5.060431435167516,4.9937367843790526,5.002073764801025,18700,0.0,0.0
2019-05-17 00:00:00-04:00,5.03542137151101,5.16880989074707,5.018747806606502,5.16880989074707,10400,0.0,0.0
2019-05-20 00:00:00-04:00,5.168810419994724,5.168810419994724,4.960390638583175,5.043758869171143,13800,0.0,0.0
2019-05-21 00:00:00-04:00,5.043758869171143,5.143800268841682,5.043758869171143,5.043758869171143,5100,0.0,0.0
2019-05-22 00:00:00-04:00,5.052094454745543,5.052094454745543,5.002073764801025,5.002073764801025,12500,0.0,0.0
2019-05-23 00:00:00-04:00,5.010411261774671,5.168809930831305,5.010411261774671,5.110452651977539,14200,0.0,0.0
2019-05-24 00:00:00-04:00,5.093779569006412,5.118789720159454,5.043758869171143,5.043758869171143,11200,0.0,0.0
2019-05-28 00:00:00-04:00,5.052094501351069,5.102115191757027,5.035420937882416,5.0771050453186035,8900,0.0,0.0
2019-05-29 00:00:00-04:00,5.052095424437771,5.0771059729750725,4.918706892316647,4.935380458831787,42200,0.0,0.0
2019-05-30 00:00:00-04:00,4.943716565702041,5.035421371440114,4.943716565702041,4.985400676727295,8600,0.0,0.0
2019-05-31 00:00:00-04:00,4.968727590252414,5.0020747232718925,4.927043475213476,4.952054023742676,6700,0.0,0.0
2019-06-03 00:00:00-04:00,4.9854002046465755,5.035420894622803,4.927042534243091,5.035420894622803,22700,0.0,0.0
2019-06-04 00:00:00-04:00,5.027084308537837,5.027084308537837,4.943716094434535,5.002073764801025,28800,0.0,0.0
2019-06-05 00:00:00-04:00,5.127126216888428,5.127126216888428,5.002074280373266,5.127126216888428,6400,0.0,0.0
2019-06-06 00:00:00-04:00,5.068769020324185,5.118789720159454,5.035421887100672,5.043758869171143,8000,0.0,0.0
2019-06-07 00:00:00-04:00,5.03542188540821,5.118789718438972,5.03542188540821,5.060432434082031,6600,0.0,0.0
2019-06-10 00:00:00-04:00,5.11878875522568,5.11878875522568,5.0687680648197215,5.0771050453186035,10900,0.0,0.0
2019-06-11 00:00:00-04:00,5.08544254147796,5.118789674403388,5.043758824085765,5.102116107940674,4600,0.0,0.0
2019-06-12 00:00:00-04:00,5.052095452014362,5.10211615183282,5.002074752195906,5.060432434082031,6700,0.0,0.0
2019-06-13 00:00:00-04:00,5.018747806549072,5.102115631070656,5.010411222861486,5.018747806549072,11200,0.0,0.0
2019-06-14 00:00:00-04:00,5.102115670696059,5.110452651977539,5.035421410560814,5.110452651977539,9000,0.0,0.0
2019-06-17 00:00:00-04:00,5.127126216888428,5.127126216888428,5.0687685405069125,5.127126216888428,11700,0.0,0.0
2019-06-18 00:00:00-04:00,5.127126216766302,5.15213636555125,5.060431956634244,5.143799781799316,14400,0.0,0.0
2019-06-19 00:00:00-04:00,5.0854421055403245,5.168809930707383,5.0854421055403245,5.127126216888428,10500,0.0,0.0
2019-06-20 00:00:00-04:00,5.160473307059388,5.185483455651577,5.135462760938055,5.16880989074707,15200,0.0,0.0
2019-06-21 00:00:00-04:00,5.193820042529634,5.235504150390625,5.152135934668642,5.235504150390625,17300,0.0,0.0
2019-06-24 00:00:00-04:00,5.185483455664299,5.235504547907089,5.185483455664299,5.202157020568848,19000,0.0,0.0
2019-06-25 00:00:00-04:00,5.227167646131294,5.235504627474843,5.152136404155949,5.2188310623168945,22000,0.0,0.0
2019-06-26 00:00:00-04:00,5.152136404155949,5.235504627474843,5.152136404155949,5.2188310623168945,17900,0.0,0.0
2019-06-27 00:00:00-04:00,5.2355046269822925,5.252178192138672,5.2355046269822925,5.252178192138672,11800,0.0,0.0
2019-06-28 00:00:00-04:00,5.260514304610467,5.335545539855957,5.1771464862983185,5.335545539855957,50500,0.0,0.0
2019-07-01 00:00:00-04:00,5.335545976747049,5.418913801885614,5.327208995468618,5.377229690551758,31400,0.0,0.0
2019-07-02 00:00:00-04:00,5.32720946945555,5.418914284031954,5.32720946945555,5.360556602478027,22400,0.0,0.0
2019-07-03 00:00:00-04:00,5.385566671830188,5.418913801885614,5.368893106802474,5.377229690551758,12300,0.0,0.0
2019-07-05 00:00:00-04:00,5.410576859202374,5.510618647611426,5.368893145100324,5.468934535980225,46300,0.0,0.0
2019-07-08 00:00:00-04:00,5.527292210897243,5.602323055267334,5.460597950333096,5.602323055267334,108500,0.0,0.0
2019-07-09 00:00:00-04:00,5.6023232815406585,5.6023232815406585,5.271277014361714,5.347672462463379,72100,0.12,0.0
2019-07-10 00:00:00-04:00,5.373137341992626,5.390114063264445,5.347672462463379,5.347672462463379,36900,0.0,0.0
2019-07-11 00:00:00-04:00,5.415579678112551,5.415579678112551,5.228835327966884,5.262788772583008,33800,0.0,0.0
2019-07-12 00:00:00-04:00,5.2373238914994085,5.356160947655842,5.2373238914994085,5.262788772583008,22000,0.0,0.0
2019-07-15 00:00:00-04:00,5.262788045669341,5.356160207845303,5.262788045669341,5.296741485595703,16500,0.0,0.0
2019-07-16 00:00:00-04:00,5.330696105957031,5.390114432095754,5.262788811466078,5.330696105957031,39200,0.0,0.0
2019-07-17 00:00:00-04:00,5.364649426720915,5.415579592843195,5.347672704680154,5.3901143074035645,10500,0.0,0.0
2019-07-18 00:00:00-04:00,5.46650951136611,5.46650951136611,5.330695741191561,5.347672462463379,33700,0.0,0.0
2019-07-19 00:00:00-04:00,5.33069517318291,5.356160049998764,5.33069517318291,5.339183330535889,3800,0.0,0.0
2019-07-22 00:00:00-04:00,5.347672828390523,5.347672828390523,5.330696105957031,5.330696105957031,16300,0.0,0.0
2019-07-23 00:00:00-04:00,5.347672828390523,5.347672828390523,5.330696105957031,5.330696105957031,19900,0.0,0.0
2019-07-24 00:00:00-04:00,5.330696105957031,5.339184264795282,5.330696105957031,5.330696105957031,9900,0.0,0.0
2019-07-25 00:00:00-04:00,5.339183330535889,5.356160049998764,5.33069517318291,5.339183330535889,20400,0.0,0.0
2019-07-26 00:00:00-04:00,5.364648612108661,5.441043647313142,5.339183330535889,5.339183330535889,14200,0.0,0.0
2019-07-29 00:00:00-04:00,5.415579339009377,5.4749976609885485,5.364649175274247,5.424067497253418,21000,0.0,0.0
2019-07-30 00:00:00-04:00,5.3816257648271275,5.466509368975183,5.3816257648271275,5.398602485656738,14400,0.0,0.0
2019-07-31 00:00:00-04:00,5.432556440557977,5.449533162991468,5.330696105957031,5.330696105957031,26200,0.0,0.0
2019-08-01 00:00:00-04:00,5.330696326301506,5.364649772571955,5.228835582733154,5.228835582733154,29000,0.0,0.0
2019-08-02 00:00:00-04:00,5.262788045669341,5.373136927808484,5.203369728176672,5.296741485595703,17500,0.0,0.0
2019-08-05 00:00:00-04:00,5.296741972115763,5.296741972115763,5.220346927642822,5.220346927642822,15600,0.0,0.0
2019-08-06 00:00:00-04:00,5.262788610680218,5.339184061094784,5.262788610680218,5.305230617523193,11300,0.0,0.0
2019-08-07 00:00:00-04:00,5.3476722837456885,5.3476722837456885,5.220346676083753,5.254300117492676,19000,0.0,0.0
2019-08-08 00:00:00-04:00,5.288253813732978,5.3391839783005945,5.220346927642822,5.220346927642822,12200,0.0,0.0
2019-08-09 00:00:00-04:00,5.220347169191347,5.305230780731656,5.220347169191347,5.262788772583008,13100,0.0,0.0
2019-08-12 00:00:00-04:00,5.228835327966884,5.271277336115532,5.228835327966884,5.262788772583008,11900,0.0,0.0
2019-08-13 00:00:00-04:00,5.2288351671086275,5.305230617523193,5.186393565022627,5.305230617523193,22200,0.0,0.0
2019-08-14 00:00:00-04:00,5.271276750137439,5.330695473988904,5.143951144602551,5.169416427612305,27400,0.0,0.0
2019-08-15 00:00:00-04:00,5.15243995065038,5.245811714998542,5.15243995065038,5.21185827255249,9000,0.0,0.0
2019-08-16 00:00:00-04:00,5.262789029003603,5.2882543160849425,5.2203474235440455,5.228835582733154,9600,0.0,0.0
2019-08-19 00:00:00-04:00,5.237323812260359,5.3137192638692925,5.177905082702637,5.177905082702637,21800,0.0,0.0
2019-08-20 00:00:00-04:00,5.237323056666077,5.288253215471956,5.203369617462158,5.203369617462158,5300,0.0,0.0
2019-08-21 00:00:00-04:00,5.177905227083039,5.177905227083039,5.11848690062548,5.126975059509277,27600,0.0,0.0
2019-08-22 00:00:00-04:00,5.143951782033865,5.152440345674654,5.11848690062548,5.126975059509277,23300,0.0,0.0
2019-08-23 00:00:00-04:00,5.126975426743523,5.152440714732925,5.10999870300293,5.10999870300293,14100,0.0,0.0
2019-08-26 00:00:00-04:00,5.135463012084515,5.152439732589054,5.1015095710754395,5.1015095710754395,12300,0.0,0.0
2019-08-27 00:00:00-04:00,5.1015101781008925,5.135463623150067,5.093021614460103,5.126975059509277,34000,0.0,0.0
2019-08-28 00:00:00-04:00,5.160928360651427,5.203370368157941,5.09302147244659,5.177905082702637,14200,0.0,0.0
2019-08-29 00:00:00-04:00,5.220346519836122,5.220346519836122,5.093020915985107,5.093020915985107,7400,0.0,0.0
2019-08-30 00:00:00-04:00,5.101509906246216,5.203370235965698,5.101509906246216,5.152440071105957,6300,0.0,0.0
2019-09-03 00:00:00-04:00,5.135463479953104,5.1863936461067315,5.118486757901894,5.177905082702637,3600,0.0,0.0
2019-09-04 00:00:00-04:00,5.17790485864884,5.17790485864884,5.118486536419195,5.143951416015625,16200,0.0,0.0
2019-09-05 00:00:00-04:00,5.135463479953104,5.220347090209151,5.135463479953104,5.177905082702637,17500,0.0,0.0
2019-09-06 00:00:00-04:00,5.211857774884677,5.220346337064117,5.177904335680757,5.203369617462158,3200,0.0,0.0
2019-09-09 00:00:00-04:00,5.245811970907474,5.245811970907474,5.177905082702637,5.177905082702637,17600,0.0,0.0
2019-09-10 00:00:00-04:00,5.228834585324953,5.305230027239418,5.2033697078580845,5.288253307342529,12200,0.0,0.0
2019-09-11 00:00:00-04:00,5.339184061094784,5.339184061094784,5.271277173951603,5.305230617523193,21400,0.0,0.0
2019-09-12 00:00:00-04:00,5.2712772650371695,5.339184153353754,5.186393654641439,5.313719272613525,19200,0.0,0.0
2019-09-13 00:00:00-04:00,5.347672828390523,5.347672828390523,5.3052308199283,5.330696105957031,9600,0.0,0.0
2019-09-16 00:00:00-04:00,5.339183487882122,5.339183487882122,5.271276608029397,5.296741485595703,15500,0.0,0.0
2019-09-17 00:00:00-04:00,5.288253532788279,5.33069553671833,5.288253532788279,5.322206974029541,10100,0.0,0.0
2019-09-18 00:00:00-04:00,5.330696105957031,5.339184264795282,5.288254097494809,5.330696105957031,14000,0.0,0.0
2019-09-19 00:00:00-04:00,5.271276608029397,5.330695330278997,5.177904445853435,5.296741485595703,16400,0.0,0.0
2019-09-20 00:00:00-04:00,5.33069517318291,5.339183330535889,5.262787890574488,5.339183330535889,35200,0.0,0.0
2019-09-23 00:00:00-04:00,5.339183694650171,5.34767225733896,5.30523025340891,5.322206974029541,18600,0.0,0.0
2019-09-24 00:00:00-04:00,5.347672828390523,5.364649550824013,5.330696105957031,5.330696105957031,13500,0.0,0.0
2019-09-25 00:00:00-04:00,5.364649183735198,5.373137341992626,5.126974681172775,5.347672462463379,24000,0.0,0.0
2019-09-26 00:00:00-04:00,5.330695741191561,5.347672462463379,5.279765172619142,5.347672462463379,6100,0.0,0.0
2019-09-27 00:00:00-04:00,5.390113696767507,5.390113696767507,5.35616025653251,5.364648818969727,16600,0.0,0.0
2019-09-30 00:00:00-04:00,5.381625738461411,5.474997500188349,5.364649017714972,5.4665093421936035,31000,0.0,0.0
2019-10-01 00:00:00-04:00,5.474997917607364,5.483486481006235,5.364649426720915,5.3901143074035645,49500,0.0,0.0
2019-10-02 00:00:00-04:00,5.474997917607364,5.525928488486625,5.330695982639394,5.3901143074035645,59700,0.0,0.0
2019-10-03 00:00:00-04:00,5.491973876953125,5.542904440759431,5.432555560440643,5.491973876953125,22100,0.0,0.0
2019-10-04 00:00:00-04:00,5.491973876953125,5.508950596636252,5.44953228012377,5.491973876953125,25000,0.0,0.0
2019-10-07 00:00:00-04:00,5.432555874738625,5.559881482106904,5.432555874738625,5.534416198730469,49400,0.0,0.0
2019-10-08 00:00:00-04:00,5.559882254231439,5.602323859410279,5.432556629180908,5.432556629180908,85800,0.0,0.0
2019-10-09 00:00:00-04:00,5.406604119647832,5.553663817700838,5.346050005010959,5.493109703063965,47300,0.12,0.0
2019-10-10 00:00:00-04:00,5.458507227527479,5.519061339477831,5.372001647949219,5.372001647949219,27800,0.0,0.0
2019-10-11 00:00:00-04:00,5.406604744909213,5.475809219645458,5.37200250754109,5.432556629180908,30600,0.0,0.0
2019-10-14 00:00:00-04:00,5.441206559415995,5.441206559415995,5.363351325142607,5.389303207397461,16900,0.0,0.0
2019-10-15 00:00:00-04:00,5.46715837166011,5.46715837166011,5.40660425550167,5.423905372619629,18100,0.0,0.0
2019-10-16 00:00:00-04:00,5.484459735868801,5.553664207458496,5.441206734879647,5.553664207458496,49200,0.0,0.0
2019-10-17 00:00:00-04:00,5.55366350288823,5.55366350288823,5.406603813171387,5.406603813171387,16200,0.0,0.0
2019-10-18 00:00:00-04:00,5.475808062331412,5.545012522441268,5.449856596035775,5.536362171173096,23900,0.0,0.0
2019-10-21 00:00:00-04:00,5.553664423209256,5.6228688974874315,5.441206946261619,5.449857711791992,51500,0.0,0.0
2019-10-22 00:00:00-04:00,5.449856692671356,5.553663384676818,5.406603698090184,5.484458923339844,40800,0.0,0.0
2019-10-23 00:00:00-04:00,5.484459040078218,5.501760155780721,5.389302697468883,5.406603813171387,22400,0.0,0.0
2019-10-24 00:00:00-04:00,5.449857380040545,5.449857380040545,5.320098792422213,5.346050262451172,43200,0.0,0.0
2019-10-25 00:00:00-04:00,5.276845876229375,5.449857466633189,5.276845876229375,5.320098876953125,39200,0.0,0.0
2019-10-28 00:00:00-04:00,5.337399909938578,5.363351379967538,5.337399909938578,5.346050262451172,13400,0.0,0.0
2019-10-29 00:00:00-04:00,5.36335146518569,5.36335146518569,5.320098876953125,5.320098876953125,27100,0.0,0.0
2019-10-30 00:00:00-04:00,5.346049752359512,5.363350868225098,5.33739940067229,5.363350868225098,9700,0.0,0.0
2019-10-31 00:00:00-04:00,5.3633512759229465,5.449857274317809,5.320098689216686,5.397953510284424,37500,0.0,0.0
2019-11-01 00:00:00-04:00,5.449856901106264,5.622868061065674,5.423905020866781,5.622868061065674,73300,0.0,0.0
2019-11-04 00:00:00-05:00,5.622868112752401,5.622868112752401,5.467158067357608,5.579615116119385,31200,0.0,0.0
2019-11-05 00:00:00-05:00,5.545013068369573,5.5882660664422215,5.501760482788086,5.501760482788086,5900,0.0,0.0
2019-11-06 00:00:00-05:00,5.475808159427158,5.5363622693425745,5.475808159427158,5.484458923339844,7300,0.0,0.0
2019-11-07 00:00:00-05:00,5.519061271483224,5.527711623088908,5.397953049074567,5.406603813171387,9100,0.0,0.0
2019-11-08 00:00:00-05:00,5.389303207397461,5.553664028368406,5.363351325142607,5.389303207397461,15800,0.0,0.0
2019-11-11 00:00:00-05:00,5.441206755311344,5.545013463085681,5.441206755311344,5.527712345123291,15700,0.0,0.0
2019-11-12 00:00:00-05:00,5.51906209927932,5.51906209927932,5.467158744386902,5.475809097290039,15600,0.0,0.0
2019-11-13 00:00:00-05:00,5.475809040694095,5.536363160354982,5.467158687880365,5.519062042236328,10100,0.0,0.0
2019-11-14 00:00:00-05:00,5.519062042236328,5.519062042236328,5.501760924117674,5.519062042236328,9100,0.0,0.0
2019-11-15 00:00:00-05:00,5.493110158812749,5.527712395050059,5.467158687880365,5.519062042236328,17100,0.0,0.0
2019-11-18 00:00:00-05:00,5.415255284613354,5.536363110350081,5.4066045193865655,5.527712345123291,40700,0.0,0.0
2019-11-19 00:00:00-05:00,5.4498575697617095,5.527712395050059,5.4498575697617095,5.519062042236328,13800,0.0,0.0
2019-11-20 00:00:00-05:00,5.48445994893108,5.536363304639712,5.449857711791992,5.449857711791992,13100,0.0,0.0
2019-11-21 00:00:00-05:00,5.519062222601215,5.519062222601215,5.432556629180908,5.432556629180908,9900,0.0,0.0
2019-11-22 00:00:00-05:00,5.475809219645458,5.475809219645458,5.432556629180908,5.432556629180908,8000,0.0,0.0
2019-11-25 00:00:00-05:00,5.467158830361536,5.467158830361536,5.40660470912253,5.449857711791992,21600,0.0,0.0
2019-11-26 00:00:00-05:00,5.467158336988655,5.467158336988655,5.406604221214235,5.441206455230713,12300,0.0,0.0
2019-11-27 00:00:00-05:00,5.449857200619143,5.467158317565918,5.449857200619143,5.467158317565918,9000,0.0,0.0
2019-11-29 00:00:00-05:00,5.467158302536986,5.467158302536986,5.4498571856377716,5.458507537841797,2600,0.0,0.0
2019-12-02 00:00:00-05:00,5.4498572545421515,5.458507606855545,5.415255020306234,5.423905372619629,20000,0.0,0.0
2019-12-03 00:00:00-05:00,5.458507434573605,5.458507434573605,5.259544387751187,5.268195152282715,37400,0.0,0.0
2019-12-04 00:00:00-05:00,5.397953201344583,5.406603965685431,5.285496152351598,5.311447620391846,38000,0.0,0.0
2019-12-05 00:00:00-05:00,5.389303312595889,5.4066044302731155,5.337399959564209,5.337399959564209,19500,0.0,0.0
2019-12-06 00:00:00-05:00,5.4498568086732115,5.4498568086732115,5.380651933372064,5.406603813171387,18100,0.0,0.0
2019-12-09 00:00:00-05:00,5.406604304849144,5.449857304284406,5.406604304849144,5.415255069732666,9100,0.0,0.0
2019-12-10 00:00:00-05:00,5.449857219980416,5.449857219980416,5.415254985963938,5.441206455230713,4300,0.0,0.0
2019-12-11 00:00:00-05:00,5.4498572545421515,5.4498572545421515,5.415255020306234,5.423905372619629,10000,0.0,0.0
2019-12-12 00:00:00-05:00,5.441206455230713,5.458507572238952,5.406604221214235,5.441206455230713,7900,0.0,0.0
2019-12-13 00:00:00-05:00,5.441206455230713,5.467158336988655,5.441206455230713,5.441206455230713,11800,0.0,0.0
2019-12-16 00:00:00-05:00,5.441206946261619,5.458508064831162,5.363351706453068,5.449857711791992,53600,0.0,0.0
2019-12-17 00:00:00-05:00,5.423905827692074,5.449857711791992,5.415255474652905,5.449857711791992,32400,0.0,0.0
2019-12-18 00:00:00-05:00,5.449857711791992,5.449857711791992,5.432556593222448,5.449857711791992,34400,0.0,0.0
2019-12-19 00:00:00-05:00,5.441206455230713,5.449857219980416,5.432556102972177,5.441206455230713,39900,0.0,0.0
2019-12-20 00:00:00-05:00,5.441206455230713,5.510410923263668,5.415254985963938,5.441206455230713,87300,0.0,0.0
2019-12-23 00:00:00-05:00,5.441206435900173,5.510410903687272,5.4066042020066245,5.467158317565918,56900,0.0,0.0
2019-12-24 00:00:00-05:00,5.475808601446265,5.501760482788086,5.475808601446265,5.501760482788086,12300,0.0,0.0
2019-12-26 00:00:00-05:00,5.501760980981847,5.501760980981847,5.423905742397621,5.475809097290039,33400,0.0,0.0
2019-12-27 00:00:00-05:00,5.449857219980416,5.501760571005133,5.432556102972177,5.441206455230713,32800,0.0,0.0
2019-12-30 00:00:00-05:00,5.608764330013409,5.608764330013409,5.485300664080372,5.502938270568848,24300,0.12,0.0
2019-12-31 00:00:00-05:00,5.520576141648734,5.688133188299941,5.494119522406403,5.608764171600342,29400,0.0,0.0
2020-01-02 00:00:00-05:00,5.599945281421335,5.652858100555193,5.538213869355353,5.626401901245117,35200,0.0,0.0
2020-01-03 00:00:00-05:00,5.599945265062393,5.679314703788174,5.555851459503174,5.555851459503174,12200,0.0,0.0
2020-01-06 00:00:00-05:00,5.635220352236876,5.635220352236876,5.5205761239247035,5.538213729858398,24100,0.0,0.0
2020-01-07 00:00:00-05:00,5.582307658735965,5.582307658735965,5.555851459503174,5.555851459503174,8700,0.0,0.0
2020-01-08 00:00:00-05:00,5.564669132232666,5.582306735642531,5.555850540784552,5.564669132232666,9400,0.0,0.0
2020-01-09 00:00:00-05:00,5.582307534435789,5.582307534435789,5.5293947166347035,5.538213729858398,10500,0.0,0.0
2020-01-10 00:00:00-05:00,5.547032232263991,5.547032232263991,5.520576034050997,5.529394626617432,10400,0.0,0.0
2020-01-13 00:00:00-05:00,5.529393925412937,5.582306735642531,5.529393925412937,5.564669132232666,17400,0.0,0.0
2020-01-14 00:00:00-05:00,5.502938097477313,5.573488941725789,5.502938097477313,5.538213729858398,26400,0.0,0.0
2020-01-15 00:00:00-05:00,5.573488941725789,5.582307534435789,5.538213729858398,5.538213729858398,16300,0.0,0.0
2020-01-16 00:00:00-05:00,5.573489222397668,5.591126829219565,5.547032601907965,5.582307815551758,22300,0.0,0.0
2020-01-17 00:00:00-05:00,5.51175723343025,5.582307658735965,5.51175723343025,5.555851459503174,23100,0.0,0.0
2020-01-21 00:00:00-05:00,5.573489222397668,5.582307815551758,5.529394995086068,5.582307815551758,13000,0.0,0.0
2020-01-22 00:00:00-05:00,5.582307534435789,5.582307534435789,5.5293947166347035,5.538213729858398,24800,0.0,0.0
2020-01-23 00:00:00-05:00,5.538213639697556,5.547032232263991,5.502938007890749,5.529394626617432,30300,0.0,0.0
2020-01-24 00:00:00-05:00,5.529394274900393,5.573488496468864,5.529394274900393,5.547031879425049,16300,0.0,0.0
2020-01-27 00:00:00-05:00,5.547031879425049,5.58230708847436,5.529394274900393,5.547031879425049,11500,0.0,0.0
2020-01-28 00:00:00-05:00,5.547032446083107,5.582307658735965,5.529394839756678,5.555851459503174,6800,0.0,0.0
2020-01-29 00:00:00-05:00,5.564670175532754,5.599945388966106,5.564670175532754,5.573489189147949,25900,0.0,0.0
2020-01-30 00:00:00-05:00,5.617582871388821,5.617582871388821,5.538213853176745,5.555851459503174,12100,0.0,0.0
2020-01-31 00:00:00-05:00,5.6087644360414615,5.6087644360414615,5.529394995086068,5.582307815551758,5300,0.0,0.0
2020-02-03 00:00:00-05:00,5.573488816828982,5.5911264223674335,5.520576000213623,5.520576000213623,11600,0.0,0.0
2020-02-04 00:00:00-05:00,5.599944692999016,5.599944692999016,5.538213287419552,5.547031879425049,15800,0.0,0.0
2020-02-05 00:00:00-05:00,5.564670208729861,5.591126829219565,5.538214008753875,5.582307815551758,12800,0.0,0.0
2020-02-06 00:00:00-05:00,5.591126918792725,5.591126918792725,5.573489311688263,5.591126918792725,19900,0.0,0.0
2020-02-07 00:00:00-05:00,5.582307904983632,5.591126918792725,5.555851704583802,5.591126918792725,18100,0.0,0.0
2020-02-10 00:00:00-05:00,5.5558515824312735,5.582307782249431,5.5558515824312735,5.573489189147949,25600,0.0,0.0
2020-02-11 00:00:00-05:00,5.6352196650672886,5.644038677215576,5.573488262083849,5.644038677215576,46000,0.0,0.0
2020-02-12 00:00:00-05:00,5.644038938322158,5.6881327395625485,5.617582321166992,5.617582321166992,32100,0.0,0.0
2020-02-13 00:00:00-05:00,5.635220264949919,5.679314489358006,5.617582659289423,5.66167688369751,10700,0.0,0.0
2020-02-14 00:00:00-05:00,5.688132991214955,5.714589609540605,5.635220175077337,5.652857780456543,22700,0.0,0.0
2020-02-18 00:00:00-05:00,5.65285726885022,5.661676280998508,5.6352196650672886,5.644038677215576,23700,0.0,0.0
2020-02-19 00:00:00-05:00,5.644039649685255,5.670495849661242,5.564670208729861,5.582307815551758,24900,0.0,0.0
2020-02-20 00:00:00-05:00,5.6087633510141455,5.6087633510141455,5.511756322003073,5.564669132232666,45500,0.0,0.0
2020-02-21 00:00:00-05:00,5.564669928502094,5.617582746303181,5.511757110701008,5.538213729858398,20900,0.0,0.0
2020-02-24 00:00:00-05:00,5.538213887963906,5.599945300237306,5.432387828826904,5.432387828826904,58500,0.0,0.0
2020-02-25 00:00:00-05:00,5.4588445082494195,5.494119721508405,5.203099001864918,5.300106048583984,66600,0.0,0.0
2020-02-26 00:00:00-05:00,5.220736280425742,5.494119376260468,5.220736280425742,5.388293743133545,32300,0.0,0.0
2020-02-27 00:00:00-05:00,5.388293155263932,5.388293155263932,5.247191905975342,5.247191905975342,31900,0.0,0.0
2020-02-28 00:00:00-05:00,5.123729788378962,5.15900500319804,4.400587043560405,4.726883411407471,181000,0.0,0.0
2020-03-02 00:00:00-05:00,4.68278834125313,5.405930956142021,4.68278834125313,5.203098297119141,76900,0.0,0.0
2020-03-03 00:00:00-05:00,5.300105837221573,5.40593147277832,5.1149107647404195,5.40593147277832,41800,0.0,0.0
2020-03-04 00:00:00-05:00,5.405931097776237,5.405931097776237,5.044359570601868,5.159004211425781,36800,0.0,0.0
2020-03-05 00:00:00-05:00,4.947353254274147,5.203098748189877,4.770976776064673,4.867983818054199,162600,0.0,0.0
2020-03-06 00:00:00-05:00,4.823889476882938,5.070816372207771,4.629875818102747,4.982628345489502,90100,0.0,0.0
2020-03-09 00:00:00-04:00,4.55932514154441,4.841526811248147,4.34767346875295,4.682788372039795,90900,0.0,0.0
2020-03-10 00:00:00-04:00,4.682788739991529,4.841527191672809,4.400586627600005,4.603419303894043,33500,0.0,0.0
2020-03-11 00:00:00-04:00,4.629875648346614,4.753338881225364,4.471137206073935,4.497593402862549,23500,0.0,0.0
2020-03-12 00:00:00-04:00,4.409405508493428,4.479955929347135,3.536343419658295,3.81854510307312,99800,0.0,0.0
2020-03-13 00:00:00-04:00,3.756814285511085,4.35649337752798,3.756814285511085,4.074291229248047,46600,0.0,0.0
2020-03-16 00:00:00-04:00,4.083109356848408,4.083109356848408,3.2276847142855423,3.421698570251465,103300,0.0,0.0
2020-03-17 00:00:00-04:00,3.3952422557831325,3.7039005662154736,3.3511482414723477,3.6686253547668457,47200,0.0,0.0
2020-03-18 00:00:00-04:00,3.5098873939356445,3.5363440164776367,2.751469400734764,2.989577531814575,113600,0.0,0.0
2020-03-19 00:00:00-04:00,2.857295016504651,3.30705440751664,2.6544623293564156,3.1924097537994385,100900,0.0,0.0
2020-03-20 00:00:00-04:00,3.2100475237853545,3.2982355559263588,2.795563352208928,2.8484761714935303,61900,0.0,0.0
2020-03-23 00:00:00-04:00,2.566274064999805,2.751468918540261,2.4780858292475116,2.5221798419952393,73600,0.0,0.0
2020-03-24 00:00:00-04:00,2.645643392624244,3.1306779725539866,2.645643392624244,3.0336711406707764,51900,0.0,0.0
2020-03-25 00:00:00-04:00,3.1218590515656293,3.5187055874992073,2.2399779540496056,3.3511481285095215,126600,0.0,0.0
2020-03-26 00:00:00-04:00,3.518705854266392,3.7303573421266583,2.874932587452118,3.01603364944458,106200,0.0,0.0
2020-03-27 00:00:00-04:00,3.0424896801319536,3.5098866137946736,3.0424896801319536,3.3952419757843018,83000,0.0,0.0
2020-03-30 00:00:00-04:00,3.3952419757843018,3.48343020739001,3.1130400972110577,3.3952419757843018,63700,0.0,0.0
2020-03-31 00:00:00-04:00,3.2276848518331627,3.8890954563592577,3.2276848518331627,3.60689377784729,42900,0.0,0.0
2020-04-01 00:00:00-04:00,3.6686250676145846,3.818544914793506,3.439336211145502,3.52752423286438,34400,0.0,0.0
2020-04-02 00:00:00-04:00,3.527524283025591,3.7832697599038534,3.386423236012108,3.4040608406066895,47000,0.0,0.0
2020-04-03 00:00:00-04:00,3.386423115107411,3.4922489491534554,3.2188658774411456,3.4834301471710205,31200,0.0,0.0
2020-04-06 00:00:00-04:00,3.5275242707933305,3.606893701450552,3.2188659812016467,3.3687856197357178,60900,0.0,0.0
2020-04-07 00:00:00-04:00,3.6068937025104812,3.6157122945229516,3.4128796320721837,3.465792655944824,82700,0.0,0.0
2020-04-08 00:00:00-04:00,3.4385744859949234,3.583738659723677,3.302483275916116,3.420428991317749,43200,0.11,0.0
2020-04-09 00:00:00-04:00,3.3659923554690447,3.583738498085438,3.3659923554690447,3.5655930042266846,47200,0.0,0.0
2020-04-13 00:00:00-04:00,3.5837385156453987,3.610956756566896,3.4022833598574005,3.4476470947265625,51500,0.0,0.0
2020-04-14 00:00:00-04:00,3.411356090115929,3.592811245014815,3.411356090115929,3.5655930042266846,30500,0.0,0.0
2020-04-15 00:00:00-04:00,3.5837385156453987,3.6291022505145607,3.4022833598574005,3.4476470947265625,67400,0.0,0.0
2020-04-16 00:00:00-04:00,3.5020836106462627,3.5928112975787547,3.4567198753356934,3.4567198753356934,46800,0.0,0.0
2020-04-17 00:00:00-04:00,3.6200295004770995,3.6744661985853746,3.456719838774975,3.5111563205718994,29200,0.0,0.0
2020-04-20 00:00:00-04:00,3.638175021932047,3.638175021932047,3.483937898888252,3.5202291011810303,21900,0.0,0.0
2020-04-21 00:00:00-04:00,3.5655932128975887,3.5655932128975887,3.302483320236206,3.302483320236206,55900,0.0,0.0
2020-04-22 00:00:00-04:00,3.4022833265770918,3.520229252394545,3.375065085921837,3.4385743141174316,12900,0.0,0.0
2020-04-23 00:00:00-04:00,3.502083576569557,3.5293020338024044,3.4476470947265625,3.4476470947265625,6300,0.0,0.0
2020-04-24 00:00:00-04:00,3.4022833314063887,3.4839380534880564,3.2661919116255937,3.311555862426758,33100,0.0,0.0
2020-04-27 00:00:00-04:00,3.3206286069236772,3.493010797860332,3.302483113140872,3.3750650882720947,29400,0.0,0.0
2020-04-28 00:00:00-04:00,3.4022832256740285,3.42950146552206,3.3750649858259973,3.411355972290039,24100,0.0,0.0
2020-04-29 00:00:00-04:00,3.60188410158625,3.792411792902864,3.5020836660138106,3.783339262008667,46100,0.0,0.0
2020-04-30 00:00:00-04:00,3.84684797541954,3.84684797541954,3.538374594544786,3.583738327026367,19700,0.0,0.0
2020-05-01 00:00:00-04:00,3.629102334792182,3.7198298066374442,3.5837385988695507,3.592811346054077,10700,0.0,0.0
2020-05-04 00:00:00-04:00,3.5928115436084593,3.756121001909668,3.583738795925059,3.6472480297088623,20200,0.0,0.0
2020-05-05 00:00:00-04:00,3.7379753096695456,3.837775745241985,3.6744662955420306,3.783339262008667,33600,0.0,0.0
2020-05-06 00:00:00-04:00,3.8105572577290867,3.8287027519993124,3.6744662670137473,3.710757255554199,16000,0.0,0.0
2020-05-07 00:00:00-04:00,3.629102610881108,3.7198300896285867,3.2843377590179443,3.2843377590179443,91000,0.0,0.0
2020-05-08 00:00:00-04:00,3.583738564525826,3.992012616539641,3.4476471417507697,3.964794158935547,93000,0.0,0.0
2020-05-11 00:00:00-04:00,4.282340768749034,4.5182326394093835,4.1734677973470555,4.336777687072754,86300,0.0,0.0
2020-05-12 00:00:00-04:00,4.527304784982592,4.527304784982592,3.855921085917097,3.8649940490722656,61000,0.0,0.0
2020-05-13 00:00:00-04:00,4.028303945521767,4.31863230981421,3.7561210769586806,3.91943097114563,35500,0.0,0.0
2020-05-14 00:00:00-04:00,3.9557214383229065,3.9557214383229065,3.774266072456242,3.7924115657806396,20200,0.0,0.0
2020-05-15 00:00:00-04:00,3.8559211829413336,3.946648653662471,3.7379752546925022,3.774266242980957,32200,0.0,0.0
2020-05-18 00:00:00-04:00,3.8922119820186367,3.9285029685428867,3.8105570460277316,3.9103574752807617,41200,0.0,0.0
2020-05-19 00:00:00-04:00,3.919430334212643,3.919430334212643,3.7651934292662466,3.8196299076080322,35000,0.0,0.0
2020-05-20 00:00:00-04:00,3.9103574633823244,3.955721412710946,3.828702527639879,3.90128493309021,20500,0.0,0.0
2020-05-21 00:00:00-04:00,3.8831396404690275,3.901285134613255,3.7289027239317414,3.774266242980957,37300,0.0,0.0
2020-05-22 00:00:00-04:00,3.846848045753833,3.883139465025315,3.774266072456242,3.7924115657806396,9500,0.0,0.0
2020-05-26 00:00:00-04:00,3.728902671073184,4.019230573265319,3.728902671073184,3.946648597717285,28200,0.0,0.0
2020-05-27 00:00:00-04:00,4.037375749514236,4.17346715927124,3.9194302648393204,4.17346715927124,35400,0.0,0.0
2020-05-28 00:00:00-04:00,4.309559620231189,4.309559620231189,4.1734681772782825,4.191613674163818,19800,0.0,0.0
2020-05-29 00:00:00-04:00,4.182540540869188,4.182540540869188,4.010158128922008,4.028303623199463,17300,0.0,0.0
2020-06-01 00:00:00-04:00,4.037375637396362,4.091812545885584,3.9466481776187488,3.955721139907837,23600,0.0,0.0
2020-06-02 00:00:00-04:00,3.89221211605626,4.082740018181198,3.89221211605626,3.946648597717285,46400,0.0,0.0
2020-06-03 00:00:00-04:00,3.946648530075033,4.055521491531092,3.9285030364990234,3.9285030364990234,43100,0.0,0.0
2020-06-04 00:00:00-04:00,3.946648460686523,4.0736669134854,3.9285029674295404,4.0373759269714355,31200,0.0,0.0
2020-06-05 00:00:00-04:00,4.082739583596496,4.12810352979663,3.9012846640412686,3.955721139907837,47500,0.0,0.0
2020-06-08 00:00:00-04:00,3.9829395488260686,4.309558868408203,3.9557215245574633,4.309558868408203,65600,0.0,0.0
2020-06-09 00:00:00-04:00,4.300486047279568,4.300486047279568,4.055521657657602,4.218831539154053,47000,0.0,0.0
2020-06-10 00:00:00-04:00,4.2279043363082405,4.2279043363082405,4.037376417643276,4.10088586807251,19200,0.0,0.0
2020-06-11 00:00:00-04:00,4.046448927315396,4.091812877188525,3.8559210300445557,3.8559210300445557,32600,0.0,0.0
2020-06-12 00:00:00-04:00,3.8649940607030415,4.082739985610015,3.7924116531113543,3.8740665912628174,23100,0.0,0.0
2020-06-15 00:00:00-04:00,3.8105570801714266,3.9285030037434114,3.7651935629209863,3.8559210300445557,38400,0.0,0.0
2020-06-16 00:00:00-04:00,3.94664871997821,4.055521686672972,3.8559212477325744,3.973867177963257,29200,0.0,0.0
2020-06-17 00:00:00-04:00,4.091813137173178,4.191613141038829,3.9738672061071725,4.046449184417725,23800,0.0,0.0
2020-06-18 00:00:00-04:00,4.12810416613755,4.12810416613755,3.9285032912359785,3.9920127391815186,16900,0.0,0.0
2020-06-19 00:00:00-04:00,4.119030901014251,4.119030901014251,3.801484549770414,3.8559210300445557,37200,0.0,0.0
2020-06-22 00:00:00-04:00,3.8559210774295023,3.8922120647249057,3.774266139703498,3.8105571269989014,20600,0.0,0.0
2020-06-23 00:00:00-04:00,3.8287025178563012,3.855920973908459,3.810557024695757,3.8468480110168457,7600,0.0,0.0
2020-06-24 00:00:00-04:00,3.846848020846791,3.9920123991247696,3.8105570344329673,3.90128493309021,19300,0.0,0.0
2020-06-25 00:00:00-04:00,4.010157973902413,4.010157973902413,3.8740665557709937,3.9285030364990234,6500,0.0,0.0
2020-06-26 00:00:00-04:00,4.037375637396362,4.0464485996854505,3.9194301559967917,3.955721139907837,13300,0.0,0.0
2020-06-29 00:00:00-04:00,3.9103577648450276,4.2823406205754795,3.9012852338534816,4.2369771003723145,24600,0.0,0.0
2020-06-30 00:00:00-04:00,4.26419531054566,4.26419531054566,4.082740356633276,4.227904319763184,26800,0.0,0.0
2020-07-01 00:00:00-04:00,4.282340805936899,4.282340805936899,4.091813320640263,4.227904319763184,25600,0.0,0.0
2020-07-02 00:00:00-04:00,4.227903977517798,4.38214089216934,4.200685952945585,4.264194965362549,37000,0.0,0.0
2020-07-06 00:00:00-04:00,4.282340407318991,4.49101380120542,4.282340407318991,4.436577320098877,58800,0.0,0.0
2020-07-07 00:00:00-04:00,4.491013663064951,4.527304649353027,4.382140704200721,4.527304649353027,55900,0.0,0.0
2020-07-08 00:00:00-04:00,4.4910144878036276,4.96279782881052,4.472868991327315,4.808561325073242,132000,0.0,0.0
2020-07-09 00:00:00-04:00,4.790065681314954,4.790065681314954,4.281468221550286,4.346198558807373,69900,0.1,0.0
2020-07-10 00:00:00-04:00,4.309209656423809,4.373940434439187,4.207490429325523,4.235231876373291,32600,0.0,0.0
2020-07-13 00:00:00-04:00,4.161254245633507,4.244479471647734,4.004051236914352,4.142759799957275,73800,0.0,0.0
2020-07-14 00:00:00-04:00,4.059534750472443,4.244479656219482,4.059534750472443,4.244479656219482,10000,0.0,0.0
2020-07-15 00:00:00-04:00,4.253726150486122,4.392434702979194,4.115017597993049,4.161253929138184,36400,0.0,0.0
2020-07-16 00:00:00-04:00,4.355445814440019,4.355445814440019,4.161253929138184,4.161253929138184,33800,0.0,0.0
2020-07-17 00:00:00-04:00,4.059534726255136,4.1982432945023485,4.022545833514864,4.05028772354126,21600,0.0,0.0
2020-07-20 00:00:00-04:00,4.078029148423476,4.152006933464986,3.911579132080078,3.911579132080078,19000,0.0,0.0
2020-07-21 00:00:00-04:00,3.920825958251953,4.1150178557159975,3.8930845105812955,3.920825958251953,29200,0.0,0.0
2020-07-22 00:00:00-04:00,3.9300732612609863,4.0132984831892395,3.883836928869213,3.9300732612609863,20400,0.0,0.0
2020-07-23 00:00:00-04:00,3.9115788164927463,4.03179292795748,3.9115788164927463,3.9300732612609863,30300,0.0,0.0
2020-07-24 00:00:00-04:00,3.939320760678116,4.0040510978252,3.865342539600611,3.8838369846343994,34300,0.0,0.0
2020-07-27 00:00:00-04:00,3.8838373003859137,3.9948044205524953,3.8098595142364506,3.80985951423645,19900,0.0,0.0
2020-07-28 00:00:00-04:00,3.8191068012390867,3.911579030130829,3.8098593578787283,3.846848249435425,8300,0.0,0.0
2020-07-29 00:00:00-04:00,3.8560954821880253,3.9300732612609863,3.8560954821880253,3.9300732612609863,6600,0.0,0.0
2020-07-30 00:00:00-04:00,3.865342539600611,3.9208258747019764,3.8376010925211035,3.8838369846343994,16500,0.0,0.0
2020-07-31 00:00:00-04:00,3.8838368367795204,3.8838368367795204,3.8191065020966732,3.8376009464263916,21100,0.0,0.0
2020-08-03 00:00:00-04:00,3.8468483472674997,3.930073575857815,3.8376013446143427,3.856095790863037,16100,0.0,0.0
2020-08-04 00:00:00-04:00,3.8745900602082357,3.893084505612523,3.8376011693996612,3.865342617034912,6100,0.0,0.0
2020-08-05 00:00:00-04:00,3.8653424772051506,3.9023313666756425,3.8653424772051506,3.8745899200439453,18400,0.0,0.0
2020-08-06 00:00:00-04:00,3.8745900602082357,3.9023315078434866,3.865342617034912,3.865342617034912,32100,0.0,0.0
2020-08-07 00:00:00-04:00,3.893084427622469,3.893084427622469,3.846848094566822,3.8838369846343994,34700,0.0,0.0
2020-08-10 00:00:00-04:00,3.837601037419785,3.9300732612609863,3.837601037419785,3.9300732612609863,27700,0.0,0.0
2020-08-11 00:00:00-04:00,3.930073421755545,4.013298647082513,3.883837087475593,3.9485678672790527,31000,0.0,0.0
2020-08-12 00:00:00-04:00,3.967061996459961,4.096523104800992,3.967061996459961,3.967061996459961,43300,0.0,0.0
2020-08-13 00:00:00-04:00,3.967061996459961,4.013298327052921,3.967061996459961,3.967061996459961,26600,0.0,0.0
2020-08-14 00:00:00-04:00,3.9670626324769067,4.068782311524171,3.9670626324769067,4.041040420532227,34100,0.0,0.0
2020-08-17 00:00:00-04:00,4.031793417496511,4.0595348675460565,3.976310076455021,4.041040420532227,23900,0.0,0.0
2020-08-18 00:00:00-04:00,4.041039772654836,4.041039772654836,3.967061996459961,3.967061996459961,20600,0.0,0.0
2020-08-19 00:00:00-04:00,3.96706209516197,4.022545428688573,3.96706209516197,3.9763095378875732,26200,0.0,0.0
2020-08-20 00:00:00-04:00,3.967061996459961,3.9948038830042027,3.967061996459961,3.967061996459961,11100,0.0,0.0
2020-08-21 00:00:00-04:00,4.004051263005756,4.004051263005756,3.883837144855719,3.902331590652466,42100,0.0,0.0
2020-08-24 00:00:00-04:00,3.8838371838348467,3.957815408706665,3.8376012893501303,3.957815408706665,18400,0.0,0.0
2020-08-25 00:00:00-04:00,3.976309507774226,3.976309507774226,3.8653424006190567,3.8930842876434326,17700,0.0,0.0
2020-08-26 00:00:00-04:00,3.883837144855719,3.9578153689850746,3.883837144855719,3.902331590652466,19300,0.0,0.0
2020-08-27 00:00:00-04:00,3.9208258184056937,3.967062150797467,3.9208258184056937,3.9300732612609863,13100,0.0,0.0
2020-08-28 00:00:00-04:00,3.9300735783404557,3.9670624708612108,3.911579132080078,3.911579132080078,18800,0.0,0.0
2020-08-31 00:00:00-04:00,3.9115788726562575,3.9115788726562575,3.865342539600611,3.8838369846343994,25000,0.0,0.0
2020-09-01 00:00:00-04:00,3.8838371409921217,3.8838371409921217,3.79136491210038,3.846848249435425,48700,0.0,0.0
2020-09-02 00:00:00-04:00,3.837601243088098,3.8468482454966195,3.76362346005045,3.791364908218384,49200,0.0,0.0
2020-09-03 00:00:00-04:00,3.791365146180527,3.791365146180527,3.7081403555108174,3.735881805419922,50000,0.0,0.0
2020-09-04 00:00:00-04:00,3.7081403555108174,3.735881805419922,3.652656794279014,3.735881805419922,36200,0.0,0.0
2020-09-08 00:00:00-04:00,3.72663456055505,3.72663456055505,3.671151002924389,3.6803982257843018,24700,0.0,0.0
2020-09-09 00:00:00-04:00,3.698892830969576,3.7081402746993457,3.6619039379352714,3.6711511611938477,23100,0.0,0.0
2020-09-10 00:00:00-04:00,3.6803983844524235,3.698892830969576,3.652656714676695,3.6711511611938477,27700,0.0,0.0
2020-09-11 00:00:00-04:00,3.6619036947809818,3.6803981400700834,3.606420358913677,3.6156675815582275,42500,0.0,0.0
2020-09-14 00:00:00-04:00,3.6988924677973287,3.8191065788269043,3.6988924677973287,3.8191065788269043,50500,0.0,0.0
2020-09-15 00:00:00-04:00,3.8191068792291145,3.856095771541162,3.8191068792291145,3.8283538818359375,6900,0.0,0.0
2020-09-16 00:00:00-04:00,3.791364623143834,3.9393206190366143,3.745128732692988,3.8930842876434326,46300,0.0,0.0
2020-09-17 00:00:00-04:00,3.9393210219418346,3.957815468202212,3.7913650109164343,3.911579132080078,23200,0.0,0.0
2020-09-18 00:00:00-04:00,3.9115788440909482,4.013298511505127,3.89308439919222,4.013298511505127,32700,0.0,0.0
2020-09-21 00:00:00-04:00,3.994804031294216,3.994804031294216,3.8098591429994126,3.8745899200439453,29900,0.0,0.0
2020-09-22 00:00:00-04:00,3.920826132262278,3.920826132262278,3.8376013446143427,3.856095790863037,10600,0.0,0.0
2020-09-23 00:00:00-04:00,3.809859454770111,3.856095790863037,3.8006124521169533,3.856095790863037,12700,0.0,0.0
2020-09-24 00:00:00-04:00,3.837601402873171,3.846848405666708,3.745129170225873,3.754376173019409,33700,0.0,0.0
2020-09-25 00:00:00-04:00,3.791364908218384,3.8283537997372075,3.7728704624589717,3.791364908218384,17100,0.0,0.0
2020-09-28 00:00:00-04:00,3.83760117429762,3.9300734014370793,3.83760117429762,3.920825958251953,16500,0.0,0.0
2020-09-29 00:00:00-04:00,3.930073108362523,4.031792771101641,3.930073108362523,3.967061996459961,26800,0.0,0.0
2020-09-30 00:00:00-04:00,4.031793117523193,4.115017902422141,4.022545674233107,4.031793117523193,33400,0.0,0.0
2020-10-01 00:00:00-04:00,4.050287125520256,4.299962335123981,4.050287125520256,4.253726005554199,91000,0.0,0.0
2020-10-02 00:00:00-04:00,4.253726660745074,4.299962997436523,4.216737767768869,4.299962997436523,32100,0.0,0.0
2020-10-05 00:00:00-04:00,4.299963019067954,4.558885271203927,4.281468572486813,4.438671588897705,166600,0.0,0.0
2020-10-06 00:00:00-04:00,4.5311434504019035,4.5681323405323395,4.346198558807373,4.346198558807373,43300,0.0,0.0
2020-10-07 00:00:00-04:00,4.410929330816721,4.420176773807529,4.281468215541876,4.290715217590332,97400,0.0,0.0
2020-10-08 00:00:00-04:00,4.4230278681598065,4.4230278681598065,4.158402511870311,4.252911567687988,28800,0.1,0.0
2020-10-09 00:00:00-04:00,4.3001665292326825,4.3001665292326825,4.177304525390664,4.2245588302612305,22600,0.0,0.0
2020-10-12 00:00:00-04:00,4.167853787902069,4.1867556017675405,3.9788356492473596,4.0922465324401855,68500,0.0,0.0
2020-10-13 00:00:00-04:00,4.035540607449196,4.167853288658505,4.035540607449196,4.0733442306518555,35000,0.0,0.0
2020-10-14 00:00:00-04:00,4.016639073544802,4.120599269866943,4.016639073544802,4.120599269866943,43600,0.0,0.0
2020-10-15 00:00:00-04:00,4.196206756554222,4.2151085705211635,4.0922465544086455,4.130050182342529,33700,0.0,0.0
2020-10-16 00:00:00-04:00,4.158402907781244,4.186755401898552,4.092246337082909,4.139501094818115,24100,0.0,0.0
2020-10-19 00:00:00-04:00,4.073344718574714,4.120599478565787,4.063894036969374,4.0922465324401855,16900,0.0,0.0
2020-10-20 00:00:00-04:00,4.0638934820024035,4.082795293286636,3.978835105895996,3.978835105895996,52900,0.0,0.0
2020-10-21 00:00:00-04:00,4.016638936721539,4.026090068181047,3.922129875400218,3.9504823684692383,32100,0.0,0.0
2020-10-22 00:00:00-04:00,3.9315803523580524,4.01663872846446,3.9315803523580524,3.978835105895996,70300,0.0,0.0
2020-10-23 00:00:00-04:00,3.969383974926516,4.01663872846446,3.9221296720433005,3.978835105895996,13300,0.0,0.0
2020-10-26 00:00:00-04:00,4.148951642933713,4.148951642933713,3.9504823878575106,3.9599335193634033,24800,0.0,0.0
2020-10-27 00:00:00-04:00,3.978835132972616,4.06389350965786,3.9504821905259577,4.01663875579834,33400,0.0,0.0
2020-10-28 00:00:00-04:00,4.111147991817478,4.111147991817478,3.9032280572254177,3.9221298694610596,53900,0.0,0.0
2020-10-29 00:00:00-04:00,3.9410316876644824,3.988285992997767,3.8937769316764457,3.9504823684692383,32300,0.0,0.0
2020-10-30 00:00:00-04:00,3.931580600271933,3.997737169265747,3.8843262944090005,3.997737169265747,20800,0.0,0.0
2020-11-02 00:00:00-05:00,4.03554105758667,4.09224649871577,3.9693844842753263,4.03554105758667,38400,0.0,0.0
2020-11-03 00:00:00-05:00,4.03554059416159,4.092246028778869,4.007187651525584,4.054442405700684,15400,0.0,0.0
2020-11-04 00:00:00-05:00,4.026090409238432,4.120599478565787,4.026090409238432,4.0922465324401855,17900,0.0,0.0
2020-11-05 00:00:00-05:00,4.063893576571351,4.158402635191786,4.063893576571351,4.111147880554199,22200,0.0,0.0
2020-11-06 00:00:00-05:00,4.082795850834845,4.148951974036598,4.082795850834845,4.0922465324401855,17100,0.0,0.0
2020-11-09 00:00:00-05:00,4.205657226985951,4.234010171839766,4.0922463488802325,4.158402919769287,50900,0.0,0.0
2020-11-10 00:00:00-05:00,4.196206200737717,4.413577257892647,4.196206200737717,4.347420692443848,65900,0.0,0.0
2020-11-11 00:00:00-05:00,4.394675973815698,4.470283228742067,4.356872346352514,4.423028469085693,24400,0.0,0.0
2020-11-12 00:00:00-05:00,4.347420950137376,4.423028200472063,4.347420950137376,4.356872081756592,7500,0.0,0.0
2020-11-13 00:00:00-05:00,4.526988669936845,4.526988669936845,4.375774160084106,4.423028469085693,16000,0.0,0.0
2020-11-16 00:00:00-05:00,4.441929843378765,4.612046600788293,4.441929843378765,4.479733467102051,49900,0.0,0.0
2020-11-17 00:00:00-05:00,4.5364396500467405,4.612046902438391,4.47028307887666,4.5458903312683105,34400,0.0,0.0
2020-11-18 00:00:00-05:00,4.640399347540536,4.640399347540536,4.385224648097783,4.470283031463623,21700,0.0,0.0
2020-11-19 00:00:00-05:00,4.621497761842156,4.621497761842156,4.262363299135361,4.460832118988037,18100,0.0,0.0
2020-11-20 00:00:00-05:00,4.536439526628855,4.536439526628855,4.33797026917292,4.356872081756592,13100,0.0,0.0
2020-11-23 00:00:00-05:00,4.526988752389244,4.5742435129062935,4.441930363720473,4.517538070678711,24300,0.0,0.0
2020-11-24 00:00:00-05:00,4.593144648969188,4.649850082826249,4.5458898954276075,4.602595329284668,17600,0.0,0.0
2020-11-25 00:00:00-05:00,4.612046768210898,4.69710469934862,4.583693824061817,4.6876540184021,25300,0.0,0.0
2020-11-27 00:00:00-05:00,4.697104907748201,4.697104907748201,4.6498505996095165,4.659301280975342,12900,0.0,0.0
2020-11-30 00:00:00-05:00,4.6309482715405625,4.649850082826249,4.602595329284668,4.602595329284668,12500,0.0,0.0
2020-12-01 00:00:00-05:00,4.602595829345524,4.687654214699866,4.602595829345524,4.64039945602417,6100,0.0,0.0
2020-12-02 00:00:00-05:00,4.697104440595899,4.716006252102441,4.621497194569726,4.6782026290893555,15000,0.0,0.0
2020-12-03 00:00:00-05:00,4.678202439290726,4.7443590022069655,4.668751759248243,4.725457191467285,17600,0.0,0.0
2020-12-04 00:00:00-05:00,4.725457740399042,4.85777043094688,4.725457740399042,4.838868618011475,26200,0.0,0.0
2020-12-07 00:00:00-05:00,4.848319543307889,4.9050249796989185,4.838868411915343,4.867221355438232,23900,0.0,0.0
2020-12-08 00:00:00-05:00,4.86722153837929,4.86722153837929,4.753810661334531,4.801064968109131,26500,0.0,0.0
2020-12-09 00:00:00-05:00,4.791614498644037,4.791614498644037,4.659301352259936,4.7349090576171875,13800,0.0,0.0
2020-12-10 00:00:00-05:00,4.725457925451987,4.763261552803219,4.725457925451987,4.7349090576171875,15000,0.0,0.0
2020-12-11 00:00:00-05:00,4.6782029234920675,4.75381062493102,4.65930111079602,4.744359493255615,23200,0.0,0.0
2020-12-14 00:00:00-05:00,4.7160061302949305,4.838868127241482,4.687653639094786,4.8199663162231445,28500,0.0,0.0
2020-12-15 00:00:00-05:00,4.791614346282164,4.933377719014159,4.678203017179888,4.89557409286499,24000,0.0,0.0
2020-12-16 00:00:00-05:00,4.96173066395342,4.96173066395342,4.8672215985805,4.89557409286499,15300,0.0,0.0
2020-12-17 00:00:00-05:00,4.942828410513419,4.961730221904007,4.914475468100171,4.952279090881348,11600,0.0,0.0
2020-12-18 00:00:00-05:00,4.9333772794907595,4.990083164317254,4.9333772794907595,4.952279090881348,27900,0.0,0.0
2020-12-21 00:00:00-05:00,4.961730480194092,5.008985236457842,4.95227934867944,4.961730480194092,25100,0.0,0.0
2020-12-22 00:00:00-05:00,5.18855258028702,5.18855258028702,4.961730816422024,5.103494644165039,50900,0.0,0.0
2020-12-23 00:00:00-05:00,5.131846441782436,5.16965006395487,5.037337386351353,5.150748252868652,19300,0.0,0.0
2020-12-24 00:00:00-05:00,5.188552825235071,5.188552825235071,5.056240123400764,5.131847381591797,20700,0.0,0.0
2020-12-28 00:00:00-05:00,5.15074874177661,5.198003499304925,4.961730612972883,5.169650554656982,41200,0.0,0.0
2020-12-29 00:00:00-05:00,5.179101361066684,5.188552041585783,4.99008324413732,5.027886867523193,34400,0.0,0.0
2020-12-30 00:00:00-05:00,5.14369211119816,5.211245457522935,5.027886769072422,5.182293891906738,28700,0.11,0.0
2020-12-31 00:00:00-05:00,5.182293993380947,5.191944668831823,4.960333519875659,5.027886867523193,42100,0.0,0.0
2021-01-04 00:00:00-05:00,4.960333543179562,4.979634434002458,4.728722853304813,4.8445281982421875,40200,0.0,0.0
2021-01-05 00:00:00-05:00,4.844528458437801,4.95068359375,4.844528458437801,4.95068359375,14700,0.0,0.0
2021-01-06 00:00:00-05:00,4.834878106839432,4.960333670319068,4.834878106839432,4.892780780792236,32900,0.0,0.0
2021-01-07 00:00:00-05:00,4.8927808269451605,4.912081718444824,4.854179043945832,4.912081718444824,35100,0.0,0.0
2021-01-08 00:00:00-05:00,4.969983877692966,4.969983877692966,4.863828755365409,4.902430534362793,10000,0.0,0.0
2021-01-11 00:00:00-05:00,4.854178540700815,4.9313820986955825,4.854178540700815,4.902430534362793,32700,0.0,0.0
2021-01-12 00:00:00-05:00,4.892780399632228,5.008585738516307,4.873479509818214,4.931382179260254,15500,0.0,0.0
2021-01-13 00:00:00-05:00,4.844527946476452,5.172643533583345,4.844527946476452,5.124391078948975,42100,0.0,0.0
2021-01-14 00:00:00-05:00,5.114741247465354,5.1533430299981875,5.0664887892145405,5.085789680480957,19000,0.0,0.0
2021-01-15 00:00:00-05:00,5.114741153451313,5.153342935274607,4.9313824597059,5.047187805175781,20400,0.0,0.0
2021-01-19 00:00:00-05:00,5.085789532283918,5.240196657915913,5.056837966143153,5.220895767211914,33000,0.0,0.0
2021-01-20 00:00:00-05:00,5.220895528048205,5.230546203042883,5.1147408641238075,5.124391078948975,11400,0.0,0.0
2021-01-21 00:00:00-05:00,5.153343329709522,5.153343329709522,4.950683729540975,5.008586406707764,13800,0.0,0.0
2021-01-22 00:00:00-05:00,4.969984545848352,5.06648900631569,4.931382761661417,4.979634761810303,18200,0.0,0.0
2021-01-25 00:00:00-05:00,4.931382041078905,5.12439093381077,4.931382041078905,5.066488265991211,32400,0.0,0.0
2021-01-26 00:00:00-05:00,5.0278869292147075,5.1243913840599005,4.989285147276631,5.056838035583496,17100,0.0,0.0
2021-01-27 00:00:00-05:00,5.027886772956416,5.066488553694814,4.979634316948656,4.989284992218018,12300,0.0,0.0
2021-01-28 00:00:00-05:00,4.979634269573457,5.095440070856425,4.9217315990167325,4.96998405456543,18300,0.0,0.0
2021-01-29 00:00:00-05:00,5.076139760153804,5.076139760153804,4.941033053261724,5.008586406707764,15500,0.0,0.0
2021-02-01 00:00:00-05:00,4.873479935445496,4.941032825609545,4.719072343278631,4.912081718444824,94100,0.0,0.0
2021-02-02 00:00:00-05:00,4.921731716915815,5.211245536804199,4.912081501676619,5.211245536804199,17400,0.0,0.0
2021-02-03 00:00:00-05:00,5.134042277629207,5.191944952994967,5.105090709861547,5.143692493438721,11100,0.0,0.0
2021-02-04 00:00:00-05:00,5.114741247465354,5.191944812531021,5.0664887892145405,5.085789680480957,13100,0.0,0.0
2021-02-05 00:00:00-05:00,5.172643566076022,5.201594670902896,5.066488441315285,5.134041786193848,15900,0.0,0.0
2021-02-08 00:00:00-05:00,5.134042080786117,5.2787985335656655,5.134042080786117,5.25949764251709,54000,0.0,0.0
2021-02-09 00:00:00-05:00,5.269148128585803,5.269148128585803,5.134041896105777,5.182293891906738,30200,0.0,0.0
2021-02-10 00:00:00-05:00,5.2691482087479695,5.278798423987166,5.143692189451701,5.211245536804199,15200,0.0,0.0
2021-02-11 00:00:00-05:00,5.211245844783553,5.220896060593067,5.134042277629207,5.143692493438721,28700,0.0,0.0
2021-02-12 00:00:00-05:00,5.249847125840371,5.249847125840371,5.134041786193848,5.134041786193848,14900,0.0,0.0
2021-02-16 00:00:00-05:00,5.134042020349925,5.269148256099532,5.134042020349925,5.230546474456787,10000,0.0,0.0
2021-02-17 00:00:00-05:00,5.259497533339243,5.259497533339243,5.162993080099625,5.211245536804199,6400,0.0,0.0
2021-02-18 00:00:00-05:00,5.240196642691319,5.278798423987166,5.211245536804199,5.211245536804199,10200,0.0,0.0
2021-02-19 00:00:00-05:00,5.278798657728533,5.307750225067139,5.211245767554374,5.307750225067139,13900,0.0,0.0
2021-02-22 00:00:00-05:00,5.201594829559326,5.240196610618913,5.201594829559326,5.201594829559326,24300,0.0,0.0
2021-02-23 00:00:00-05:00,5.201594829559326,5.201594829559326,5.143692157969946,5.201594829559326,27800,0.0,0.0
2021-02-24 00:00:00-05:00,5.201594969371362,5.346351882320452,5.124391405177059,5.25949764251709,45300,0.0,0.0
2021-02-25 00:00:00-05:00,5.346351655580259,5.491108562390169,5.307749875120218,5.356002330780029,28100,0.0,0.0
2021-02-26 00:00:00-05:00,5.404254714501752,5.404254714501752,5.317400932312012,5.317400932312012,7900,0.0,0.0
2021-03-01 00:00:00-05:00,5.307749957557953,5.481457972326092,5.066488595850774,5.201594829559326,44200,0.0,0.0
2021-03-02 00:00:00-05:00,5.23054644264868,5.240196657915913,5.134041989128683,5.220895767211914,17300,0.0,0.0
2021-03-03 00:00:00-05:00,5.143692204395917,5.23054644264868,5.124391313691917,5.220895767211914,25300,0.0,0.0
2021-03-04 00:00:00-05:00,5.307749860669962,5.307749860669962,5.124391173899203,5.16299295425415,28000,0.0,0.0
2021-03-05 00:00:00-05:00,5.105090445781286,5.1919446844218395,4.979634425560384,5.037537097930908,43000,0.0,0.0
2021-03-08 00:00:00-05:00,5.01823598637781,5.162992891020721,5.008585771492024,5.134041786193848,26700,0.0,0.0
2021-03-09 00:00:00-05:00,5.16299317255365,5.249847412109375,5.076139393167463,5.249847412109375,25100,0.0,0.0
2021-03-10 00:00:00-05:00,5.172643848135192,5.2594976275213785,5.114741175154555,5.249847412109375,15100,0.0,0.0
2021-03-11 00:00:00-05:00,5.259497797292779,5.336701823928571,5.1919449067195975,5.317400932312012,20900,0.0,0.0
2021-03-12 00:00:00-05:00,5.40425443649292,5.40425443649292,5.336701549394834,5.40425443649292,13700,0.0,0.0
2021-03-15 00:00:00-04:00,5.278798628813458,5.4911088943481445,5.278798628813458,5.4911088943481445,31000,0.0,0.0
2021-03-16 00:00:00-04:00,5.4911088943481445,5.549011568538637,5.394604437363991,5.4911088943481445,10300,0.0,0.0
2021-03-17 00:00:00-04:00,5.597264135542746,5.597264135542746,5.4428565412074486,5.539361000061035,12700,0.0,0.0
2021-03-18 00:00:00-04:00,5.539361031281379,5.577963275209937,5.52971081542641,5.549011707305908,26600,0.0,0.0
2021-03-19 00:00:00-04:00,5.520059851199439,5.6455158719509,5.500758960327639,5.626214981079102,26100,0.0,0.0
2021-03-22 00:00:00-04:00,5.732370252492497,5.732370252492497,5.606914228643492,5.684117794036865,16700,0.0,0.0
2021-03-23 00:00:00-04:00,5.674467438343368,5.674467438343368,5.597263874856171,5.626214981079102,10400,0.0,0.0
2021-03-24 00:00:00-04:00,5.60691407517659,5.664816747636765,5.587613184356532,5.616564750671387,19800,0.0,0.0
2021-03-25 00:00:00-04:00,5.664816809763423,5.664816809763423,5.55866213917366,5.6455159187316895,10000,0.0,0.0
2021-03-26 00:00:00-04:00,5.674467578447468,5.742020468081894,5.616564904402438,5.684117794036865,11000,0.0,0.0
2021-03-29 00:00:00-04:00,5.558662078211212,5.703418529276881,5.558662078211212,5.616564750671387,11000,0.0,0.0
2021-03-30 00:00:00-04:00,5.635865417353555,5.722719192504883,5.616564527301092,5.722719192504883,23300,0.0,0.0
2021-03-31 00:00:00-04:00,5.7323702697196826,5.886777400970459,5.693768486906988,5.886777400970459,68500,0.0,0.0
2021-04-01 00:00:00-04:00,5.886777112896282,6.012233130983022,5.799923335902754,5.963980674743652,58900,0.0,0.0
2021-04-05 00:00:00-04:00,5.9832815306445735,6.176290894317654,5.963980640294217,6.137689113616943,90400,0.0,0.0
2021-04-06 00:00:00-04:00,6.176291097258416,6.243843985619555,6.147339530696829,6.22454309463501,68800,0.0,0.0
2021-04-07 00:00:00-04:00,6.2727956185231255,6.4561543149003,6.224543160466668,6.446503639221191,118700,0.0,0.0
2021-04-08 00:00:00-04:00,6.4465039914433255,6.4465039914433255,5.946090228091416,5.995150566101074,77900,0.11,0.0
2021-04-09 00:00:00-04:00,5.995150445158915,6.054022568858424,5.7302256545741015,5.740037441253662,63900,0.0,0.0
2021-04-12 00:00:00-04:00,5.7204134758917915,5.74003751738524,5.445676894983516,5.455488681793213,77300,0.0,0.0
2021-04-13 00:00:00-04:00,5.455488683748502,5.455488683748502,5.308308138557862,5.406428813934326,72400,0.0,0.0
2021-04-14 00:00:00-04:00,5.465301136111486,5.740037727055238,5.465301136111486,5.720413684844971,58500,0.0,0.0
2021-04-15 00:00:00-04:00,5.88721828948,6.034398840291815,5.710601909230267,5.916654586791992,55200,0.0,0.0
2021-04-16 00:00:00-04:00,5.936278534509068,6.083458615103025,5.936278534509068,5.955902576446533,33900,0.0,0.0
2021-04-19 00:00:00-04:00,6.0343986602602575,6.21101503524078,5.946090238832967,6.142331123352051,75300,0.0,0.0
2021-04-20 00:00:00-04:00,6.201203046004367,6.201203046004367,5.985338126864311,6.073646545410156,32600,0.0,0.0
2021-04-21 00:00:00-04:00,6.034398548247178,6.103082458860967,5.955902383046247,5.98533821105957,16200,0.0,0.0
2021-04-22 00:00:00-04:00,5.965714454650879,6.014774794181353,5.916654582994478,5.965714454650879,12800,0.0,0.0
2021-04-23 00:00:00-04:00,5.9264659957267245,6.063834282709067,5.9264659957267245,6.024586200714111,19800,0.0,0.0
2021-04-26 00:00:00-04:00,5.955902579267662,6.054022789001465,5.936278537320901,6.054022789001465,33500,0.0,0.0
2021-04-27 00:00:00-04:00,6.073646545410156,6.083458331985225,5.9362782582408755,6.073646545410156,14800,0.0,0.0
2021-04-28 00:00:00-04:00,6.073646833733359,6.211015127423675,6.0147747078660805,6.1521430015563965,31400,0.0,0.0
2021-04-29 00:00:00-04:00,6.181579098087357,6.181579098087357,5.995150471612603,6.083458423614502,14100,0.0,0.0
2021-04-30 00:00:00-04:00,6.171766757965088,6.18157901242602,6.0638342982650535,6.171766757965088,13200,0.0,0.0
2021-05-03 00:00:00-04:00,6.181579398872533,6.181579398872533,6.132519059248913,6.1619553565979,14700,0.0,0.0
2021-05-04 00:00:00-04:00,6.171767049353908,6.211015133302576,6.14233122032944,6.201203346252441,14100,0.0,0.0
2021-05-05 00:00:00-04:00,6.211015043535273,6.358195590152623,6.201203256626948,6.338571548461914,11800,0.0,0.0
2021-05-06 00:00:00-04:00,6.318947695987847,6.318947695987847,6.230639271798288,6.260075569152832,12600,0.0,0.0
2021-05-07 00:00:00-04:00,6.260075474841987,6.318947600790066,6.2208273908766,6.299323558807373,13200,0.0,0.0
2021-05-10 00:00:00-04:00,6.328759484347834,6.358195781707764,6.230639272938192,6.358195781707764,18400,0.0,0.0
2021-05-11 00:00:00-04:00,6.21101503524078,6.240451331674563,6.0343986602602575,6.142331123352051,40100,0.0,0.0
2021-05-12 00:00:00-04:00,6.161955352737972,6.220827479524995,6.142331310475631,6.211015224456787,10800,0.0,0.0
2021-05-13 00:00:00-04:00,6.230639265451954,6.269887349968653,6.083458714577294,6.1128950119018555,19500,0.0,0.0
2021-05-14 00:00:00-04:00,6.191390997775423,6.240451335906982,6.122706617966052,6.240451335906982,13000,0.0,0.0
2021-05-17 00:00:00-04:00,6.240451528016193,6.358195781707764,6.240451528016193,6.358195781707764,25900,0.0,0.0
2021-05-18 00:00:00-04:00,6.377819829020659,6.407256126403809,6.299323659831026,6.407256126403809,25500,0.0,0.0
2021-05-19 00:00:00-04:00,6.358195583549047,6.407255921661897,6.211015037084557,6.289511203765869,27200,0.0,0.0
2021-05-20 00:00:00-04:00,6.289511311437831,6.603496451412341,6.2796995243717255,6.593684196472168,35400,0.0,0.0
2021-05-21 00:00:00-04:00,6.534812073668281,6.574060157700146,6.5053762445814165,6.544624328613281,8500,0.0,0.0
2021-05-24 00:00:00-04:00,6.475939844423273,6.475939844423273,6.377819635907205,6.436691761016846,14000,0.0,0.0
2021-05-25 00:00:00-04:00,6.426880164771618,6.475940036548105,6.377819825121057,6.456315994262695,12200,0.0,0.0
2021-05-26 00:00:00-04:00,6.417067527770996,6.45631561000591,6.377819445536082,6.417067527770996,14500,0.0,0.0
2021-05-27 00:00:00-04:00,6.426880068285532,6.426880068285532,6.3385716453899175,6.397443771362305,6900,0.0,0.0
2021-05-28 00:00:00-04:00,6.407255844962328,6.574059963226318,6.407255844962328,6.574059963226318,19100,0.0,0.0
2021-06-01 00:00:00-04:00,6.5740598783210356,6.740864462304766,6.5740598783210356,6.662368297576904,42600,0.0,0.0
2021-06-02 00:00:00-04:00,6.652556790365068,6.701616661443729,6.4759399444345025,6.593684196472168,32000,0.0,0.0
2021-06-03 00:00:00-04:00,6.642744641113428,6.691804980846724,6.613308343698635,6.652556896209717,14100,0.0,0.0
2021-06-04 00:00:00-04:00,6.672180645501039,6.672180645501039,6.623120307922363,6.623120307922363,13000,0.0,0.0
2021-06-07 00:00:00-04:00,6.623120313117039,6.7310527751503475,6.623120313117039,6.721240520477295,19800,0.0,0.0
2021-06-08 00:00:00-04:00,6.770300758014738,6.809548840378668,6.662368297576904,6.662368297576904,27200,0.0,0.0
2021-06-09 00:00:00-04:00,6.740864561949346,6.740864561949346,6.662368396061141,6.721240520477295,21200,0.0,0.0
2021-06-10 00:00:00-04:00,6.721240614314812,6.7310528691248575,6.67218074388677,6.681992530822754,10900,0.0,0.0
2021-06-11 00:00:00-04:00,6.721240520477295,6.7310527751503475,6.652556609262143,6.721240520477295,18700,0.0,0.0
2021-06-14 00:00:00-04:00,6.721240714987168,6.721240714987168,6.672180843824295,6.691804885864258,38500,0.0,0.0
2021-06-15 00:00:00-04:00,6.67218055986338,6.711428642272949,6.67218055986338,6.711428642272949,8900,0.0,0.0
2021-06-16 00:00:00-04:00,6.760488511347885,6.770300765887302,6.701616387733533,6.711428642272949,26700,0.0,0.0
2021-06-17 00:00:00-04:00,6.75067682368077,6.77030086517334,6.691804699203061,6.77030086517334,27700,0.0,0.0
2021-06-18 00:00:00-04:00,6.770300863251754,6.819360733032227,6.672180655816755,6.819360733032227,50900,0.0,0.0
2021-06-21 00:00:00-04:00,6.858609103552743,6.897857656046289,6.770301147095968,6.799736976623535,41200,0.0,0.0
2021-06-22 00:00:00-04:00,6.848797052616835,7.11372184753418,6.799736714794562,7.11372184753418,101200,0.0,0.0
2021-06-23 00:00:00-04:00,7.11372184753418,7.33939855934333,6.907669177279128,7.11372184753418,97800,0.0,0.0
2021-06-24 00:00:00-04:00,7.113721842682821,7.221654305093779,6.888045131027576,7.015601634979248,31400,0.0,0.0
2021-06-25 00:00:00-04:00,7.005789373325718,7.329586292363495,6.956729503459602,6.966541290283203,105100,0.0,0.0
2021-06-28 00:00:00-04:00,7.015601472246177,7.339398384094238,7.015601472246177,7.339398384094238,47200,0.0,0.0
2021-06-29 00:00:00-04:00,7.349210373696495,7.5062031745910645,7.329586332068931,7.5062031745910645,33300,0.0,0.0
2021-06-30 00:00:00-04:00,7.457142845138006,7.839811891251427,7.4178947618378634,7.702443599700928,58600,0.0,0.0
2021-07-01 00:00:00-04:00,7.74169168962651,7.898684490835496,7.40808298128979,7.751503944396973,106600,0.0,0.0
2021-07-02 00:00:00-04:00,7.820187755006243,7.830000009649616,7.702443506530082,7.741691589355469,41800,0.0,0.0
2021-07-06 00:00:00-04:00,7.751503851189717,7.849624058344209,7.692631726897022,7.790751934051514,72000,0.0,0.0
2021-07-07 00:00:00-04:00,6.878233309175977,7.015601599261613,6.515187840710002,6.525000095367432,1048500,0.0,0.0
2021-07-08 00:00:00-04:00,6.599999904632568,6.739999771118164,6.449999809265137,6.449999809265137,160100,0.125,0.0
2021-07-09 00:00:00-04:00,6.400000095367432,6.639999866485596,6.28000020980835,6.519999980926514,202800,0.0,0.0
2021-07-12 00:00:00-04:00,6.550000190734863,6.590000152587891,6.409999847412109,6.559999942779541,73700,0.0,0.0
2021-07-13 00:00:00-04:00,6.559999942779541,6.739999771118164,6.5,6.670000076293945,93200,0.0,0.0
2021-07-14 00:00:00-04:00,6.639999866485596,6.639999866485596,6.179999828338623,6.360000133514404,122300,0.0,0.0
2021-07-15 00:00:00-04:00,6.360000133514404,6.409999847412109,6.150000095367432,6.25,103500,0.0,0.0
2021-07-16 00:00:00-04:00,6.320000171661377,6.46999979019165,6.190000057220459,6.389999866485596,56800,0.0,0.0
2021-07-19 00:00:00-04:00,6.320000171661377,6.460000038146973,6.210000038146973,6.230000019073486,37800,0.0,0.0
2021-07-20 00:00:00-04:00,6.289999961853027,6.420000076293945,6.28000020980835,6.389999866485596,48400,0.0,0.0
2021-07-21 00:00:00-04:00,6.300000190734863,6.489999771118164,6.300000190734863,6.329999923706055,52600,0.0,0.0
2021-07-22 00:00:00-04:00,6.309999942779541,6.380000114440918,6.230000019073486,6.340000152587891,31900,0.0,0.0
2021-07-23 00:00:00-04:00,6.400000095367432,6.400000095367432,6.25,6.289999961853027,54500,0.0,0.0
2021-07-26 00:00:00-04:00,6.25,6.46999979019165,6.25,6.349999904632568,34500,0.0,0.0
2021-07-27 00:00:00-04:00,6.449999809265137,6.590000152587891,6.25,6.380000114440918,41300,0.0,0.0
2021-07-28 00:00:00-04:00,6.400000095367432,6.460000038146973,6.389999866485596,6.409999847412109,11500,0.0,0.0
2021-07-29 00:00:00-04:00,6.409999847412109,6.409999847412109,6.230000019073486,6.269999980926514,50400,0.0,0.0
2021-07-30 00:00:00-04:00,6.230000019073486,6.400000095367432,6.159999847412109,6.179999828338623,54500,0.0,0.0
2021-08-02 00:00:00-04:00,6.170000076293945,6.369999885559082,6.150000095367432,6.199999809265137,23200,0.0,0.0
2021-08-03 00:00:00-04:00,6.190000057220459,6.190000057220459,6.059999942779541,6.090000152587891,40700,0.0,0.0
2021-08-04 00:00:00-04:00,6.050000190734863,6.150000095367432,6.03000020980835,6.099999904632568,28200,0.0,0.0
2021-08-05 00:00:00-04:00,6.010000228881836,6.28000020980835,6.0,6.079999923706055,65600,0.0,0.0
2021-08-06 00:00:00-04:00,6.010000228881836,6.349999904632568,6.010000228881836,6.239999771118164,28800,0.0,0.0
2021-08-09 00:00:00-04:00,6.199999809265137,6.369999885559082,6.150000095367432,6.21999979019165,27800,0.0,0.0
2021-08-10 00:00:00-04:00,6.210000038146973,6.360000133514404,6.210000038146973,6.239999771118164,19200,0.0,0.0
2021-08-11 00:00:00-04:00,6.239999771118164,6.320000171661377,6.239999771118164,6.309999942779541,16900,0.0,0.0
2021-08-12 00:00:00-04:00,6.269999980926514,6.329999923706055,6.110000133514404,6.110000133514404,29500,0.0,0.0
2021-08-13 00:00:00-04:00,6.110000133514404,6.28000020980835,6.099999904632568,6.150000095367432,16300,0.0,0.0
2021-08-16 00:00:00-04:00,6.159999847412109,6.28000020980835,6.010000228881836,6.110000133514404,45500,0.0,0.0
2021-08-17 00:00:00-04:00,6.110000133514404,6.210000038146973,6.070000171661377,6.070000171661377,24900,0.0,0.0
2021-08-18 00:00:00-04:00,6.099999904632568,6.139999866485596,6.010000228881836,6.079999923706055,26800,0.0,0.0
2021-08-19 00:00:00-04:00,6.039999961853027,6.21999979019165,5.949999809265137,6.210000038146973,122500,0.0,0.0
2021-08-20 00:00:00-04:00,6.179999828338623,6.329999923706055,6.039999961853027,6.320000171661377,24200,0.0,0.0
2021-08-23 00:00:00-04:00,6.28000020980835,6.400000095367432,6.230000019073486,6.28000020980835,26900,0.0,0.0
2021-08-24 00:00:00-04:00,6.230000019073486,6.320000171661377,6.199999809265137,6.21999979019165,18000,0.0,0.0
2021-08-25 00:00:00-04:00,6.190000057220459,6.329999923706055,6.190000057220459,6.21999979019165,14900,0.0,0.0
2021-08-26 00:00:00-04:00,6.269999980926514,6.409999847412109,6.230000019073486,6.389999866485596,22200,0.0,0.0
2021-08-27 00:00:00-04:00,6.380000114440918,6.599999904632568,6.300000190734863,6.429999828338623,46500,0.0,0.0
2021-08-30 00:00:00-04:00,6.440000057220459,6.539999961853027,6.389999866485596,6.389999866485596,18900,0.0,0.0
2021-08-31 00:00:00-04:00,6.349999904632568,6.400000095367432,6.230000019073486,6.380000114440918,41300,0.0,0.0
2021-09-01 00:00:00-04:00,6.369999885559082,6.5,6.360000133514404,6.420000076293945,12600,0.0,0.0
2021-09-02 00:00:00-04:00,6.380000114440918,6.559999942779541,6.21999979019165,6.230000019073486,27400,0.0,0.0
2021-09-03 00:00:00-04:00,6.28000020980835,6.449999809265137,6.25,6.400000095367432,28300,0.0,0.0
2021-09-07 00:00:00-04:00,6.340000152587891,6.409999847412109,6.340000152587891,6.389999866485596,17800,0.0,0.0
2021-09-08 00:00:00-04:00,6.309999942779541,6.360000133514404,6.289999961853027,6.300000190734863,24800,0.0,0.0
2021-09-09 00:00:00-04:00,6.28000020980835,6.380000114440918,6.28000020980835,6.289999961853027,12200,0.0,0.0
2021-09-10 00:00:00-04:00,6.440000057220459,6.440000057220459,6.260000228881836,6.289999961853027,34500,0.0,0.0
2021-09-13 00:00:00-04:00,6.289999961853027,6.320000171661377,6.230000019073486,6.230000019073486,21700,0.0,0.0
2021-09-14 00:00:00-04:00,6.230000019073486,6.360000133514404,6.230000019073486,6.300000190734863,20000,0.0,0.0
2021-09-15 00:00:00-04:00,6.360000133514404,6.46999979019165,6.289999961853027,6.400000095367432,58000,0.0,0.0
2021-09-16 00:00:00-04:00,6.429999828338623,6.519999980926514,6.300000190734863,6.5,33600,0.0,0.0
2021-09-17 00:00:00-04:00,6.53000020980835,6.849999904632568,6.360000133514404,6.849999904632568,111400,0.0,0.0
2021-09-20 00:00:00-04:00,6.860000133514404,6.920000076293945,6.550000190734863,6.840000152587891,105000,0.0,0.0
2021-09-21 00:00:00-04:00,6.900000095367432,6.900000095367432,6.699999809265137,6.889999866485596,72800,0.0,0.0
2021-09-22 00:00:00-04:00,6.909999847412109,6.909999847412109,6.739999771118164,6.889999866485596,35400,0.0,0.0
2021-09-23 00:00:00-04:00,6.889999866485596,7.0,6.840000152587891,6.989999771118164,68600,0.0,0.0
2021-09-24 00:00:00-04:00,6.929999828338623,6.989999771118164,6.840000152587891,6.929999828338623,49800,0.0,0.0
2021-09-27 00:00:00-04:00,6.980000019073486,7.090000152587891,6.889999866485596,7.070000171661377,142500,0.0,0.0
2021-09-28 00:00:00-04:00,7.090000152587891,7.090000152587891,6.900000095367432,6.949999809265137,34200,0.0,0.0
2021-09-29 00:00:00-04:00,6.949999809265137,7.019999980926514,6.710000038146973,6.889999866485596,43800,0.0,0.0
2021-09-30 00:00:00-04:00,6.900000095367432,6.900000095367432,6.760000228881836,6.800000190734863,27500,0.0,0.0
2021-10-01 00:00:00-04:00,6.849999904632568,7.090000152587891,6.809999942779541,7.059999942779541,58400,0.0,0.0
2021-10-04 00:00:00-04:00,7.099999904632568,7.099999904632568,6.849999904632568,6.909999847412109,100900,0.0,0.0
2021-10-05 00:00:00-04:00,7.0,7.019999980926514,6.710000038146973,6.78000020980835,113200,0.0,0.0
2021-10-06 00:00:00-04:00,6.75,6.869999885559082,6.599999904632568,6.710000038146973,78400,0.0,0.0
2021-10-07 00:00:00-04:00,6.46999979019165,6.679999828338623,6.360000133514404,6.460000038146973,64600,0.0,0.0
2021-10-08 00:00:00-04:00,6.329999923706055,6.599999904632568,6.329999923706055,6.389999866485596,32900,0.0,0.0
2021-10-11 00:00:00-04:00,6.340000152587891,6.460000038146973,6.340000152587891,6.380000114440918,8700,0.0,0.0
2021-10-12 00:00:00-04:00,6.380000114440918,6.440000057220459,6.329999923706055,6.389999866485596,16900,0.0,0.0
2021-10-13 00:00:00-04:00,6.400000095367432,6.690000057220459,6.320000171661377,6.409999847412109,38000,0.0,0.0
2021-10-14 00:00:00-04:00,6.449999809265137,6.559999942779541,6.119999885559082,6.260000228881836,73200,0.0,0.0
2021-10-15 00:00:00-04:00,6.320000171661377,6.420000076293945,6.150000095367432,6.21999979019165,90700,0.0,0.0
2021-10-18 00:00:00-04:00,6.360000133514404,6.46999979019165,6.199999809265137,6.420000076293945,62000,0.0,0.0
2021-10-19 00:00:00-04:00,6.46999979019165,6.489999771118164,6.21999979019165,6.269999980926514,54500,0.0,0.0
2021-10-20 00:00:00-04:00,6.269999980926514,6.349999904632568,6.179999828338623,6.25,52900,0.0,0.0
2021-10-21 00:00:00-04:00,6.21999979019165,6.260000228881836,6.110000133514404,6.190000057220459,32400,0.0,0.0
2021-10-22 00:00:00-04:00,6.159999847412109,6.239999771118164,6.039999961853027,6.110000133514404,30600,0.0,0.0
2021-10-25 00:00:00-04:00,6.179999828338623,6.619999885559082,6.170000076293945,6.579999923706055,151500,0.0,0.0
2021-10-26 00:00:00-04:00,6.670000076293945,6.710000038146973,6.5,6.579999923706055,110300,0.0,0.0
2021-10-27 00:00:00-04:00,6.619999885559082,6.739999771118164,6.429999828338623,6.480000019073486,38300,0.0,0.0
2021-10-28 00:00:00-04:00,6.53000020980835,6.550000190734863,6.320000171661377,6.400000095367432,42600,0.0,0.0
2021-10-29 00:00:00-04:00,6.440000057220459,6.53000020980835,6.369999885559082,6.400000095367432,39900,0.0,0.0
2021-11-01 00:00:00-04:00,6.449999809265137,6.53000020980835,6.320000171661377,6.340000152587891,33300,0.0,0.0
2021-11-02 00:00:00-04:00,6.380000114440918,6.380000114440918,6.28000020980835,6.360000133514404,35900,0.0,0.0
2021-11-03 00:00:00-04:00,6.349999904632568,6.389999866485596,6.159999847412109,6.210000038146973,64200,0.0,0.0
2021-11-04 00:00:00-04:00,6.25,6.25,6.139999866485596,6.199999809265137,36200,0.0,0.0
2021-11-05 00:00:00-04:00,6.21999979019165,6.309999942779541,6.090000152587891,6.170000076293945,55800,0.0,0.0
2021-11-08 00:00:00-05:00,6.210000038146973,6.21999979019165,6.099999904632568,6.130000114440918,47700,0.0,0.0
2021-11-09 00:00:00-05:00,6.150000095367432,6.28000020980835,6.110000133514404,6.28000020980835,59700,0.0,0.0
2021-11-10 00:00:00-05:00,6.21999979019165,6.300000190734863,6.21999979019165,6.28000020980835,31700,0.0,0.0
2021-11-11 00:00:00-05:00,6.28000020980835,6.300000190734863,6.159999847412109,6.170000076293945,69100,0.0,0.0
2021-11-12 00:00:00-05:00,6.210000038146973,6.21999979019165,6.099999904632568,6.150000095367432,33100,0.0,0.0
2021-11-15 00:00:00-05:00,6.239999771118164,6.239999771118164,6.059999942779541,6.139999866485596,47300,0.0,0.0
2021-11-16 00:00:00-05:00,6.139999866485596,6.150000095367432,6.059999942779541,6.099999904632568,52700,0.0,0.0
2021-11-17 00:00:00-05:00,6.150000095367432,6.199999809265137,6.0,6.070000171661377,64700,0.0,0.0
2021-11-18 00:00:00-05:00,6.010000228881836,6.070000171661377,5.949999809265137,5.96999979019165,53000,0.0,0.0
2021-11-19 00:00:00-05:00,5.96999979019165,6.010000228881836,5.889999866485596,5.889999866485596,80800,0.0,0.0
2021-11-22 00:00:00-05:00,5.889999866485596,5.940000057220459,5.820000171661377,5.849999904632568,58600,0.0,0.0
2021-11-23 00:00:00-05:00,5.909999847412109,5.940000057220459,5.809999942779541,5.840000152587891,24900,0.0,0.0
2021-11-24 00:00:00-05:00,5.800000190734863,5.889999866485596,5.800000190734863,5.889999866485596,42300,0.0,0.0
2021-11-26 00:00:00-05:00,5.849999904632568,5.880000114440918,5.840000152587891,5.880000114440918,19100,0.0,0.0
2021-11-29 00:00:00-05:00,5.880000114440918,5.880000114440918,5.730000019073486,5.800000190734863,42100,0.0,0.0
2021-11-30 00:00:00-05:00,5.769999980926514,5.789999961853027,5.510000228881836,5.550000190734863,68100,0.0,0.0
2021-12-01 00:00:00-05:00,5.619999885559082,5.679999828338623,5.329999923706055,5.360000133514404,56000,0.0,0.0
2021-12-02 00:00:00-05:00,5.449999809265137,5.579999923706055,5.449999809265137,5.579999923706055,46500,0.0,0.0
2021-12-03 00:00:00-05:00,5.670000076293945,5.75,5.610000133514404,5.75,30100,0.0,0.0
2021-12-06 00:00:00-05:00,5.739999771118164,5.800000190734863,5.599999904632568,5.78000020980835,31500,0.0,0.0
2021-12-07 00:00:00-05:00,5.78000020980835,5.900000095367432,5.75,5.75,39100,0.0,0.0
2021-12-08 00:00:00-05:00,5.71999979019165,5.840000152587891,5.610000133514404,5.659999847412109,18200,0.0,0.0
2021-12-09 00:00:00-05:00,5.659999847412109,5.849999904632568,5.659999847412109,5.78000020980835,37200,0.0,0.0
2021-12-10 00:00:00-05:00,5.840000152587891,5.980000019073486,5.789999961853027,5.800000190734863,24600,0.0,0.0
2021-12-13 00:00:00-05:00,5.800000190734863,5.980000019073486,5.71999979019165,5.809999942779541,84000,0.0,0.0
2021-12-14 00:00:00-05:00,5.889999866485596,5.96999979019165,5.75,5.900000095367432,29500,0.0,0.0
2021-12-15 00:00:00-05:00,5.880000114440918,5.96999979019165,5.760000228881836,5.849999904632568,28200,0.0,0.0
2021-12-16 00:00:00-05:00,5.760000228881836,5.980000019073486,5.760000228881836,5.920000076293945,27600,0.0,0.0
2021-12-17 00:00:00-05:00,5.909999847412109,5.980000019073486,5.849999904632568,5.980000019073486,32300,0.0,0.0
2021-12-20 00:00:00-05:00,5.980000019073486,5.989999771118164,5.869999885559082,5.980000019073486,11400,0.0,0.0
2021-12-21 00:00:00-05:00,6.019999980926514,6.019999980926514,5.929999828338623,6.0,21300,0.0,0.0
2021-12-22 00:00:00-05:00,5.980000019073486,6.119999885559082,5.929999828338623,6.090000152587891,47200,0.0,0.0
2021-12-23 00:00:00-05:00,6.090000152587891,6.159999847412109,6.050000190734863,6.110000133514404,45200,0.0,0.0
2021-12-27 00:00:00-05:00,6.090000152587891,6.150000095367432,5.800000190734863,5.800000190734863,85500,0.0,0.0
2021-12-28 00:00:00-05:00,5.900000095367432,5.949999809265137,5.739999771118164,5.739999771118164,102200,0.0,0.0
2021-12-29 00:00:00-05:00,5.75,5.940000057220459,5.75,5.809999942779541,31200,0.0,0.0
2021-12-30 00:00:00-05:00,5.639999866485596,5.789999961853027,5.630000114440918,5.699999809265137,69500,0.0,0.0
2021-12-31 00:00:00-05:00,5.699999809265137,5.699999809265137,5.389999866485596,5.5,102400,0.0,0.0
2022-01-03 00:00:00-05:00,5.46999979019165,5.699999809265137,5.46999979019165,5.599999904632568,47900,0.0,0.0
2022-01-04 00:00:00-05:00,5.599999904632568,5.699999809265137,5.599999904632568,5.630000114440918,28100,0.0,0.0
2022-01-05 00:00:00-05:00,5.690000057220459,5.710000038146973,5.650000095367432,5.690000057220459,36600,0.0,0.0
2022-01-06 00:00:00-05:00,5.699999809265137,5.75,5.610000133514404,5.71999979019165,14000,0.0,0.0
2022-01-07 00:00:00-05:00,5.789999961853027,5.800000190734863,5.730000019073486,5.78000020980835,10200,0.0,0.0
2022-01-10 00:00:00-05:00,5.849999904632568,5.849999904632568,5.75,5.769999980926514,32000,0.0,0.0
2022-01-11 00:00:00-05:00,5.840000152587891,5.840000152587891,5.599999904632568,5.670000076293945,45500,0.0,0.0
2022-01-12 00:00:00-05:00,5.670000076293945,5.809999942779541,5.670000076293945,5.760000228881836,16800,0.0,0.0
2022-01-13 00:00:00-05:00,5.800000190734863,5.940000057220459,5.599999904632568,5.639999866485596,51600,0.0,0.0
2022-01-14 00:00:00-05:00,5.619999885559082,5.800000190734863,5.619999885559082,5.739999771118164,26400,0.0,0.0
2022-01-18 00:00:00-05:00,5.880000114440918,5.880000114440918,5.599999904632568,5.619999885559082,42700,0.0,0.0
2022-01-19 00:00:00-05:00,5.769999980926514,5.800000190734863,5.619999885559082,5.710000038146973,14600,0.0,0.0
2022-01-20 00:00:00-05:00,5.650000095367432,5.769999980926514,5.570000171661377,5.570000171661377,34700,0.0,0.0
2022-01-21 00:00:00-05:00,5.599999904632568,5.71999979019165,5.420000076293945,5.46999979019165,40700,0.0,0.0
2022-01-24 00:00:00-05:00,5.409999847412109,5.510000228881836,5.300000190734863,5.449999809265137,66400,0.0,0.0
2022-01-25 00:00:00-05:00,5.400000095367432,5.510000228881836,5.400000095367432,5.510000228881836,9700,0.0,0.0
2022-01-26 00:00:00-05:00,5.510000228881836,5.619999885559082,5.320000171661377,5.400000095367432,36700,0.0,0.0
2022-01-27 00:00:00-05:00,5.449999809265137,5.449999809265137,5.329999923706055,5.340000152587891,15900,0.0,0.0
2022-01-28 00:00:00-05:00,5.380000114440918,5.440000057220459,5.349999904632568,5.360000133514404,19000,0.0,0.0
2022-01-31 00:00:00-05:00,5.389999866485596,5.440000057220459,5.360000133514404,5.400000095367432,26100,0.0,0.0
2022-02-01 00:00:00-05:00,5.5,5.599999904632568,5.440000057220459,5.539999961853027,11400,0.0,0.0
2022-02-02 00:00:00-05:00,5.539999961853027,5.559999942779541,5.460000038146973,5.539999961853027,23100,0.0,0.0
2022-02-03 00:00:00-05:00,5.599999904632568,5.599999904632568,5.510000228881836,5.579999923706055,18500,0.0,0.0
2022-02-04 00:00:00-05:00,5.630000114440918,5.630000114440918,5.489999771118164,5.519999980926514,11000,0.0,0.0
2022-02-07 00:00:00-05:00,5.590000152587891,5.590000152587891,5.519999980926514,5.53000020980835,8700,0.0,0.0
2022-02-08 00:00:00-05:00,5.510000228881836,5.570000171661377,5.510000228881836,5.559999942779541,3800,0.0,0.0
2022-02-09 00:00:00-05:00,5.559999942779541,5.679999828338623,5.559999942779541,5.570000171661377,41700,0.0,0.0
2022-02-10 00:00:00-05:00,5.559999942779541,5.659999847412109,5.510000228881836,5.539999961853027,23700,0.0,0.0
2022-02-11 00:00:00-05:00,5.599999904632568,5.659999847412109,5.409999847412109,5.480000019073486,78600,0.0,0.0
2022-02-14 00:00:00-05:00,5.449999809265137,5.489999771118164,5.409999847412109,5.460000038146973,14000,0.0,0.0
2022-02-15 00:00:00-05:00,5.5,5.550000190734863,5.420000076293945,5.5,10800,0.0,0.0
2022-02-16 00:00:00-05:00,5.570000171661377,5.619999885559082,5.46999979019165,5.53000020980835,12200,0.0,0.0
2022-02-17 00:00:00-05:00,5.570000171661377,5.630000114440918,5.480000019073486,5.570000171661377,22400,0.0,0.0
2022-02-18 00:00:00-05:00,5.570000171661377,5.699999809265137,5.550000190734863,5.699999809265137,27100,0.0,0.0
2022-02-22 00:00:00-05:00,5.739999771118164,5.829999923706055,5.610000133514404,5.800000190734863,48400,0.0,0.0
2022-02-23 00:00:00-05:00,5.760000228881836,5.900000095367432,5.760000228881836,5.880000114440918,37300,0.0,0.0
2022-02-24 00:00:00-05:00,5.809999942779541,5.880000114440918,5.75,5.840000152587891,18700,0.0,0.0
2022-02-25 00:00:00-05:00,5.75,5.840000152587891,5.75,5.820000171661377,20500,0.0,0.0
2022-02-28 00:00:00-05:00,5.849999904632568,5.849999904632568,5.820000171661377,5.840000152587891,7800,0.0,0.0
2022-03-01 00:00:00-05:00,5.849999904632568,5.900000095367432,5.820000171661377,5.849999904632568,13400,0.0,0.0
2022-03-02 00:00:00-05:00,5.869999885559082,6.0,5.860000133514404,6.0,40800,0.0,0.0
2022-03-03 00:00:00-05:00,6.0,6.0,5.909999847412109,5.989999771118164,15700,0.0,0.0
2022-03-04 00:00:00-05:00,6.0,6.0,5.900000095367432,5.989999771118164,14400,0.0,0.0
2022-03-07 00:00:00-05:00,5.960000038146973,5.960000038146973,5.699999809265137,5.789999961853027,52000,0.0,0.0
2022-03-08 00:00:00-05:00,5.789999961853027,5.800000190734863,5.619999885559082,5.800000190734863,51800,0.0,0.0
2022-03-09 00:00:00-05:00,5.800000190734863,5.909999847412109,5.710000038146973,5.849999904632568,52500,0.0,0.0
2022-03-10 00:00:00-05:00,5.900000095367432,5.900000095367432,5.769999980926514,5.860000133514404,9500,0.0,0.0
2022-03-11 00:00:00-05:00,5.78000020980835,5.869999885559082,5.699999809265137,5.820000171661377,46700,0.0,0.0
2022-03-14 00:00:00-04:00,5.789999961853027,5.900000095367432,5.75,5.809999942779541,31700,0.0,0.0
2022-03-15 00:00:00-04:00,5.769999980926514,5.900000095367432,5.690000057220459,5.829999923706055,56300,0.0,0.0
2022-03-16 00:00:00-04:00,5.869999885559082,6.0,5.849999904632568,5.949999809265137,20500,0.0,0.0
2022-03-17 00:00:00-04:00,6.0,6.050000190734863,5.889999866485596,6.039999961853027,41600,0.0,0.0
2022-03-18 00:00:00-04:00,5.960000038146973,6.309999942779541,5.960000038146973,6.289999961853027,90100,0.0,0.0
2022-03-21 00:00:00-04:00,6.340000152587891,6.349999904632568,6.25,6.329999923706055,32400,0.0,0.0
2022-03-22 00:00:00-04:00,6.389999866485596,6.389999866485596,6.28000020980835,6.349999904632568,36000,0.0,0.0
2022-03-23 00:00:00-04:00,6.420000076293945,6.420000076293945,6.300000190734863,6.389999866485596,19000,0.0,0.0
2022-03-24 00:00:00-04:00,6.480000019073486,6.480000019073486,6.300000190734863,6.389999866485596,29700,0.0,0.0
2022-03-25 00:00:00-04:00,6.449999809265137,6.449999809265137,6.369999885559082,6.400000095367432,19300,0.0,0.0
2022-03-28 00:00:00-04:00,6.429999828338623,6.449999809265137,6.309999942779541,6.409999847412109,22400,0.0,0.0
2022-03-29 00:00:00-04:00,6.420000076293945,6.460000038146973,6.349999904632568,6.429999828338623,32100,0.0,0.0
2022-03-30 00:00:00-04:00,6.230000019073486,6.440000057220459,6.230000019073486,6.420000076293945,26500,0.0,0.0
2022-03-31 00:00:00-04:00,6.449999809265137,6.480000019073486,6.309999942779541,6.349999904632568,27900,0.0,0.0
2022-04-01 00:00:00-04:00,6.380000114440918,6.460000038146973,6.230000019073486,6.300000190734863,51500,0.0,0.0
2022-04-04 00:00:00-04:00,6.349999904632568,6.429999828338623,6.079999923706055,6.239999771118164,125500,0.0,0.0
2022-04-05 00:00:00-04:00,6.25,6.320000171661377,5.880000114440918,5.929999828338623,118100,0.0,0.0
2022-04-06 00:00:00-04:00,6.119999885559082,6.210000038146973,6.059999942779541,6.159999847412109,71800,0.0,0.0
2022-04-07 00:00:00-04:00,5.980000019073486,6.159999847412109,5.75,5.920000076293945,45900,0.0,0.0
2022-04-08 00:00:00-04:00,5.929999828338623,5.989999771118164,5.650000095367432,5.690000057220459,53500,0.0,0.0
2022-04-11 00:00:00-04:00,5.610000133514404,5.78000020980835,5.610000133514404,5.670000076293945,16600,0.0,0.0
2022-04-12 00:00:00-04:00,5.650000095367432,5.670000076293945,5.460000038146973,5.46999979019165,84200,0.0,0.0
2022-04-13 00:00:00-04:00,5.53000020980835,5.760000228881836,5.53000020980835,5.659999847412109,32500,0.0,0.0
2022-04-14 00:00:00-04:00,5.699999809265137,5.829999923706055,5.650000095367432,5.800000190734863,32100,0.0,0.0
2022-04-18 00:00:00-04:00,5.960000038146973,6.130000114440918,5.820000171661377,5.989999771118164,60600,0.0,0.0
2022-04-19 00:00:00-04:00,6.119999885559082,6.130000114440918,5.860000133514404,5.940000057220459,26600,0.0,0.0
2022-04-20 00:00:00-04:00,5.940000057220459,6.010000228881836,5.869999885559082,6.0,15100,0.0,0.0
2022-04-21 00:00:00-04:00,5.909999847412109,6.03000020980835,5.75,5.849999904632568,36400,0.0,0.0
2022-04-22 00:00:00-04:00,5.730000019073486,5.840000152587891,5.730000019073486,5.820000171661377,12100,0.0,0.0
2022-04-25 00:00:00-04:00,5.840000152587891,5.840000152587891,5.699999809265137,5.769999980926514,11800,0.0,0.0
2022-04-26 00:00:00-04:00,5.71999979019165,5.760000228881836,5.659999847412109,5.690000057220459,6200,0.0,0.0
2022-04-27 00:00:00-04:00,5.650000095367432,5.78000020980835,5.599999904632568,5.610000133514404,13800,0.0,0.0
2022-04-28 00:00:00-04:00,5.71999979019165,5.78000020980835,5.690000057220459,5.699999809265137,4800,0.0,0.0
2022-04-29 00:00:00-04:00,5.809999942779541,5.809999942779541,5.690000057220459,5.78000020980835,9000,0.0,0.0
2022-05-02 00:00:00-04:00,5.880000114440918,5.880000114440918,5.619999885559082,5.639999866485596,20800,0.0,0.0
2022-05-03 00:00:00-04:00,5.650000095367432,5.730000019073486,5.619999885559082,5.650000095367432,19800,0.0,0.0
2022-05-04 00:00:00-04:00,5.710000038146973,5.789999961853027,5.650000095367432,5.789999961853027,6400,0.0,0.0
2022-05-05 00:00:00-04:00,5.630000114440918,5.730000019073486,5.559999942779541,5.670000076293945,25600,0.0,0.0
2022-05-06 00:00:00-04:00,5.710000038146973,5.739999771118164,5.599999904632568,5.650000095367432,8000,0.0,0.0
2022-05-09 00:00:00-04:00,5.590000152587891,5.630000114440918,5.5,5.510000228881836,12400,0.0,0.0
2022-05-10 00:00:00-04:00,5.480000019073486,5.630000114440918,5.46999979019165,5.53000020980835,26200,0.0,0.0
2022-05-11 00:00:00-04:00,5.53000020980835,5.690000057220459,5.460000038146973,5.46999979019165,15500,0.0,0.0
2022-05-12 00:00:00-04:00,5.440000057220459,5.440000057220459,5.25,5.260000228881836,38700,0.0,0.0
2022-05-13 00:00:00-04:00,5.389999866485596,5.400000095367432,5.269999980926514,5.28000020980835,13900,0.0,0.0
2022-05-16 00:00:00-04:00,5.650000095367432,5.650000095367432,5.340000152587891,5.460000038146973,10500,0.0,0.0
2022-05-17 00:00:00-04:00,5.460000038146973,5.550000190734863,5.460000038146973,5.550000190734863,6200,0.0,0.0
2022-05-18 00:00:00-04:00,5.590000152587891,5.590000152587891,5.449999809265137,5.460000038146973,9900,0.0,0.0
2022-05-19 00:00:00-04:00,5.489999771118164,5.489999771118164,5.320000171661377,5.320000171661377,17700,0.0,0.0
2022-05-20 00:00:00-04:00,5.539999961853027,5.539999961853027,5.320000171661377,5.349999904632568,16200,0.0,0.0
2022-05-23 00:00:00-04:00,5.5,5.550000190734863,5.389999866485596,5.409999847412109,11100,0.0,0.0
2022-05-24 00:00:00-04:00,5.400000095367432,5.480000019073486,5.309999942779541,5.389999866485596,25600,0.0,0.0
2022-05-25 00:00:00-04:00,5.429999828338623,5.449999809265137,5.329999923706055,5.349999904632568,18300,0.0,0.0
2022-05-26 00:00:00-04:00,5.400000095367432,5.46999979019165,5.369999885559082,5.440000057220459,10000,0.0,0.0
2022-05-27 00:00:00-04:00,5.460000038146973,5.579999923706055,5.440000057220459,5.559999942779541,32400,0.0,0.0
2022-05-31 00:00:00-04:00,5.670000076293945,5.699999809265137,5.539999961853027,5.559999942779541,16900,0.0,0.0
2022-06-01 00:00:00-04:00,5.679999828338623,5.679999828338623,5.570000171661377,5.630000114440918,6600,0.0,0.0
2022-06-02 00:00:00-04:00,5.670000076293945,5.670000076293945,5.559999942779541,5.639999866485596,10800,0.0,0.0
2022-06-03 00:00:00-04:00,5.679999828338623,5.679999828338623,5.630000114440918,5.650000095367432,9000,0.0,0.0
2022-06-06 00:00:00-04:00,5.650000095367432,5.679999828338623,5.650000095367432,5.659999847412109,8100,0.0,0.0
2022-06-07 00:00:00-04:00,5.650000095367432,5.679999828338623,5.599999904632568,5.599999904632568,10100,0.0,0.0
2022-06-08 00:00:00-04:00,5.599999904632568,5.650000095367432,5.570000171661377,5.619999885559082,13400,0.0,0.0
2022-06-09 00:00:00-04:00,5.590000152587891,5.590000152587891,5.550000190734863,5.559999942779541,11500,0.0,0.0
2022-06-10 00:00:00-04:00,5.559999942779541,5.559999942779541,5.46999979019165,5.510000228881836,39900,0.0,0.0
2022-06-13 00:00:00-04:00,5.46999979019165,5.46999979019165,5.260000228881836,5.300000190734863,56700,0.0,0.0
2022-06-14 00:00:00-04:00,5.289999961853027,5.510000228881836,5.260000228881836,5.340000152587891,39200,0.0,0.0
2022-06-15 00:00:00-04:00,5.400000095367432,5.650000095367432,5.349999904632568,5.5,41900,0.0,0.0
2022-06-16 00:00:00-04:00,5.5,5.519999980926514,5.349999904632568,5.349999904632568,30800,0.0,0.0
2022-06-17 00:00:00-04:00,5.320000171661377,5.679999828338623,5.309999942779541,5.679999828338623,84500,0.0,0.0
2022-06-21 00:00:00-04:00,5.679999828338623,5.889999866485596,5.659999847412109,5.699999809265137,65200,0.0,0.0
2022-06-22 00:00:00-04:00,5.760000228881836,5.849999904632568,5.5,5.75,47400,0.0,0.0
2022-06-23 00:00:00-04:00,5.679999828338623,5.829999923706055,5.25,5.349999904632568,102200,0.0,0.0
2022-06-24 00:00:00-04:00,5.349999904632568,5.630000114440918,5.349999904632568,5.5,34300,0.0,0.0
2022-06-27 00:00:00-04:00,5.599999904632568,5.670000076293945,5.550000190734863,5.610000133514404,28700,0.0,0.0
2022-06-28 00:00:00-04:00,5.670000076293945,5.670000076293945,5.579999923706055,5.599999904632568,12600,0.0,0.0
2022-06-29 00:00:00-04:00,5.650000095367432,5.71999979019165,5.539999961853027,5.570000171661377,27900,0.0,0.0
2022-06-30 00:00:00-04:00,5.559999942779541,5.730000019073486,5.5,5.599999904632568,21100,0.0,0.0
2022-07-01 00:00:00-04:00,5.639999866485596,5.699999809265137,5.53000020980835,5.610000133514404,45800,0.0,0.0
2022-07-05 00:00:00-04:00,5.78000020980835,5.78000020980835,5.550000190734863,5.599999904632568,74000,0.0,0.0
2022-07-06 00:00:00-04:00,5.789999961853027,5.849999904632568,5.409999847412109,5.559999942779541,64900,0.0,0.0
2022-07-07 00:00:00-04:00,5.320000171661377,5.579999923706055,5.269999980926514,5.550000190734863,41400,0.0,0.0
2022-07-08 00:00:00-04:00,5.550000190734863,5.550000190734863,5.25,5.46999979019165,30500,0.0,0.0
2022-07-11 00:00:00-04:00,5.46999979019165,5.46999979019165,5.25,5.28000020980835,43400,0.0,0.0
2022-07-12 00:00:00-04:00,5.28000020980835,5.309999942779541,5.099999904632568,5.150000095367432,29200,0.0,0.0
2022-07-13 00:00:00-04:00,5.199999809265137,5.550000190734863,5.199999809265137,5.46999979019165,60100,0.0,0.0
2022-07-14 00:00:00-04:00,5.309999942779541,5.460000038146973,5.309999942779541,5.440000057220459,8600,0.0,0.0
2022-07-15 00:00:00-04:00,5.53000020980835,5.539999961853027,5.440000057220459,5.440000057220459,26200,0.0,0.0
2022-07-18 00:00:00-04:00,5.679999828338623,5.679999828338623,5.460000038146973,5.480000019073486,13900,0.0,0.0
2022-07-19 00:00:00-04:00,5.5,5.53000020980835,5.5,5.5,9000,0.0,0.0
2022-07-20 00:00:00-04:00,5.550000190734863,5.559999942779541,5.489999771118164,5.53000020980835,9900,0.0,0.0
2022-07-21 00:00:00-04:00,5.559999942779541,5.559999942779541,5.5,5.519999980926514,3600,0.0,0.0
2022-07-22 00:00:00-04:00,5.480000019073486,5.489999771118164,5.449999809265137,5.449999809265137,4800,0.0,0.0
2022-07-25 00:00:00-04:00,5.449999809265137,5.579999923706055,5.449999809265137,5.5,15400,0.0,0.0
2022-07-26 00:00:00-04:00,5.579999923706055,5.590000152587891,5.519999980926514,5.519999980926514,4700,0.0,0.0
2022-07-27 00:00:00-04:00,5.539999961853027,5.619999885559082,5.519999980926514,5.619999885559082,5300,0.0,0.0
2022-07-28 00:00:00-04:00,5.559999942779541,5.619999885559082,5.5,5.590000152587891,12900,0.0,0.0
2022-07-29 00:00:00-04:00,5.639999866485596,5.639999866485596,5.53000020980835,5.599999904632568,7200,0.0,0.0
2022-08-01 00:00:00-04:00,5.639999866485596,5.650000095367432,5.599999904632568,5.639999866485596,5300,0.0,0.0
2022-08-02 00:00:00-04:00,5.539999961853027,5.699999809265137,5.539999961853027,5.699999809265137,10900,0.0,0.0
2022-08-03 00:00:00-04:00,5.699999809265137,5.699999809265137,5.610000133514404,5.610000133514404,5900,0.0,0.0
2022-08-04 00:00:00-04:00,5.659999847412109,5.659999847412109,5.570000171661377,5.610000133514404,5900,0.0,0.0
2022-08-05 00:00:00-04:00,5.610000133514404,5.619999885559082,5.570000171661377,5.579999923706055,22700,0.0,0.0
2022-08-08 00:00:00-04:00,5.579999923706055,5.659999847412109,5.570000171661377,5.599999904632568,15600,0.0,0.0
2022-08-09 00:00:00-04:00,5.630000114440918,5.630000114440918,5.519999980926514,5.519999980926514,7900,0.0,0.0
2022-08-10 00:00:00-04:00,5.559999942779541,5.690000057220459,5.559999942779541,5.639999866485596,20600,0.0,0.0
2022-08-11 00:00:00-04:00,5.690000057220459,5.690000057220459,5.449999809265137,5.480000019073486,38400,0.0,0.0
2022-08-12 00:00:00-04:00,5.159999847412109,5.550000190734863,5.159999847412109,5.489999771118164,36300,0.0,0.0
2022-08-15 00:00:00-04:00,5.480000019073486,5.5,5.429999828338623,5.489999771118164,48200,0.0,0.0
2022-08-16 00:00:00-04:00,5.440000057220459,5.550000190734863,5.440000057220459,5.510000228881836,11000,0.0,0.0
2022-08-17 00:00:00-04:00,5.599999904632568,5.650000095367432,5.550000190734863,5.599999904632568,35300,0.0,0.0
2022-08-18 00:00:00-04:00,5.639999866485596,5.670000076293945,5.559999942779541,5.559999942779541,13900,0.0,0.0
2022-08-19 00:00:00-04:00,5.619999885559082,5.639999866485596,5.539999961853027,5.639999866485596,25400,0.0,0.0
2022-08-22 00:00:00-04:00,5.5,5.590000152587891,5.5,5.539999961853027,14200,0.0,0.0
2022-08-23 00:00:00-04:00,5.579999923706055,5.590000152587891,5.5,5.570000171661377,14100,0.0,0.0
2022-08-24 00:00:00-04:00,5.550000190734863,5.630000114440918,5.5,5.590000152587891,19200,0.0,0.0
2022-08-25 00:00:00-04:00,5.5,5.670000076293945,5.5,5.559999942779541,19800,0.0,0.0
2022-08-26 00:00:00-04:00,5.670000076293945,5.670000076293945,5.550000190734863,5.550000190734863,22100,0.0,0.0
2022-08-29 00:00:00-04:00,5.760000228881836,5.760000228881836,5.599999904632568,5.679999828338623,29600,0.0,0.0
2022-08-30 00:00:00-04:00,5.840000152587891,5.840000152587891,5.519999980926514,5.539999961853027,21000,0.0,0.0
2022-08-31 00:00:00-04:00,5.650000095367432,5.679999828338623,5.539999961853027,5.639999866485596,2800,0.0,0.0
2022-09-01 00:00:00-04:00,5.679999828338623,5.679999828338623,5.519999980926514,5.519999980926514,15700,0.0,0.0
2022-09-02 00:00:00-04:00,5.559999942779541,5.599999904632568,5.460000038146973,5.519999980926514,33300,0.0,0.0
2022-09-06 00:00:00-04:00,5.46999979019165,5.650000095367432,5.369999885559082,5.489999771118164,44200,0.0,0.0
2022-09-07 00:00:00-04:00,5.480000019073486,5.53000020980835,5.429999828338623,5.460000038146973,10000,0.0,0.0
2022-09-08 00:00:00-04:00,5.380000114440918,5.559999942779541,5.380000114440918,5.460000038146973,10800,0.0,0.0
2022-09-09 00:00:00-04:00,5.460000038146973,5.570000171661377,5.449999809265137,5.559999942779541,12400,0.0,0.0
2022-09-12 00:00:00-04:00,5.690000057220459,5.710000038146973,5.559999942779541,5.559999942779541,14800,0.0,0.0
2022-09-13 00:00:00-04:00,5.389999866485596,5.619999885559082,5.389999866485596,5.539999961853027,13400,0.0,0.0
2022-09-14 00:00:00-04:00,5.539999961853027,5.710000038146973,5.510000228881836,5.599999904632568,22800,0.0,0.0
2022-09-15 00:00:00-04:00,5.519999980926514,5.730000019073486,5.519999980926514,5.639999866485596,16100,0.0,0.0
2022-09-16 00:00:00-04:00,5.71999979019165,5.849999904632568,5.53000020980835,5.849999904632568,57100,0.0,0.0
2022-09-19 00:00:00-04:00,5.849999904632568,5.849999904632568,5.550000190734863,5.670000076293945,13800,0.0,0.0
2022-09-20 00:00:00-04:00,5.789999961853027,5.840000152587891,5.599999904632568,5.730000019073486,40200,0.0,0.0
2022-09-21 00:00:00-04:00,5.53000020980835,5.789999961853027,5.53000020980835,5.639999866485596,15500,0.0,0.0
2022-09-22 00:00:00-04:00,5.550000190734863,5.75,5.53000020980835,5.570000171661377,34200,0.0,0.0
2022-09-23 00:00:00-04:00,5.519999980926514,5.570000171661377,5.519999980926514,5.559999942779541,33600,0.0,0.0
2022-09-26 00:00:00-04:00,5.559999942779541,5.670000076293945,5.5,5.610000133514404,31300,0.0,0.0
2022-09-27 00:00:00-04:00,5.659999847412109,5.690000057220459,5.510000228881836,5.519999980926514,10200,0.0,0.0
2022-09-28 00:00:00-04:00,5.519999980926514,5.710000038146973,5.519999980926514,5.599999904632568,29100,0.0,0.0
2022-09-29 00:00:00-04:00,5.690000057220459,5.699999809265137,5.53000020980835,5.610000133514404,34000,0.0,0.0
2022-09-30 00:00:00-04:00,5.75,5.75,5.619999885559082,5.639999866485596,30900,0.0,0.0
2022-10-03 00:00:00-04:00,5.760000228881836,5.800000190734863,5.610000133514404,5.739999771118164,47500,0.0,0.0
2022-10-04 00:00:00-04:00,5.849999904632568,5.900000095367432,5.739999771118164,5.860000133514404,42200,0.0,0.0
2022-10-05 00:00:00-04:00,5.96999979019165,5.96999979019165,5.760000228881836,5.860000133514404,35200,0.0,0.0
2022-10-06 00:00:00-04:00,6.139999866485596,6.139999866485596,5.909999847412109,5.989999771118164,46300,0.0,0.0
2022-10-07 00:00:00-04:00,5.78000020980835,5.889999866485596,5.590000152587891,5.599999904632568,40300,0.0,0.0
2022-10-10 00:00:00-04:00,5.53000020980835,5.590000152587891,5.139999866485596,5.25,74500,0.0,0.0
2022-10-11 00:00:00-04:00,5.289999961853027,5.349999904632568,5.099999904632568,5.119999885559082,48500,0.0,0.0
2022-10-12 00:00:00-04:00,5.25,5.25,5.070000171661377,5.099999904632568,13600,0.0,0.0
2022-10-13 00:00:00-04:00,5.190000057220459,5.420000076293945,5.150000095367432,5.28000020980835,47100,0.0,0.0
2022-10-14 00:00:00-04:00,5.170000076293945,5.409999847412109,5.170000076293945,5.300000190734863,8500,0.0,0.0
2022-10-17 00:00:00-04:00,5.570000171661377,5.650000095367432,5.46999979019165,5.5,31500,0.0,0.0
2022-10-18 00:00:00-04:00,5.519999980926514,5.519999980926514,5.349999904632568,5.389999866485596,9600,0.0,0.0
2022-10-19 00:00:00-04:00,5.329999923706055,5.570000171661377,5.25,5.25,15200,0.0,0.0
2022-10-20 00:00:00-04:00,5.5,5.5,5.150000095367432,5.179999828338623,36100,0.0,0.0
2022-10-21 00:00:00-04:00,5.170000076293945,5.420000076293945,5.150000095367432,5.369999885559082,18500,0.0,0.0
2022-10-24 00:00:00-04:00,5.340000152587891,5.449999809265137,5.320000171661377,5.409999847412109,6800,0.0,0.0
2022-10-25 00:00:00-04:00,5.340000152587891,5.550000190734863,5.340000152587891,5.539999961853027,11300,0.0,0.0
2022-10-26 00:00:00-04:00,5.5,5.550000190734863,5.389999866485596,5.440000057220459,18200,0.0,0.0
2022-10-27 00:00:00-04:00,5.539999961853027,5.659999847412109,5.409999847412109,5.579999923706055,26900,0.0,0.0
2022-10-28 00:00:00-04:00,5.670000076293945,5.670000076293945,5.460000038146973,5.510000228881836,7900,0.0,0.0
2022-10-31 00:00:00-04:00,5.599999904632568,5.650000095367432,5.429999828338623,5.429999828338623,9700,0.0,0.0
2022-11-01 00:00:00-04:00,5.340000152587891,5.630000114440918,5.320000171661377,5.320000171661377,21600,0.0,0.0
2022-11-02 00:00:00-04:00,5.210000038146973,5.5,5.210000038146973,5.369999885559082,18800,0.0,0.0
2022-11-03 00:00:00-04:00,5.210000038146973,5.5,5.210000038146973,5.340000152587891,13100,0.0,0.0
2022-11-04 00:00:00-04:00,5.329999923706055,5.579999923706055,5.25,5.289999961853027,28000,0.0,0.0
2022-11-07 00:00:00-05:00,5.230000019073486,5.739999771118164,5.230000019073486,5.550000190734863,62800,0.0,0.0
2022-11-08 00:00:00-05:00,5.53000020980835,5.579999923706055,5.460000038146973,5.519999980926514,16300,0.0,0.0
2022-11-09 00:00:00-05:00,5.349999904632568,5.550000190734863,5.349999904632568,5.539999961853027,20200,0.0,0.0
2022-11-10 00:00:00-05:00,5.53000020980835,5.699999809265137,5.429999828338623,5.650000095367432,11500,0.0,0.0
2022-11-11 00:00:00-05:00,5.699999809265137,5.699999809265137,5.460000038146973,5.5,12200,0.0,0.0
2022-11-14 00:00:00-05:00,5.519999980926514,5.550000190734863,5.449999809265137,5.449999809265137,6000,0.0,0.0
2022-11-15 00:00:00-05:00,5.489999771118164,5.590000152587891,5.46999979019165,5.480000019073486,4800,0.0,0.0
2022-11-16 00:00:00-05:00,5.489999771118164,5.630000114440918,5.489999771118164,5.610000133514404,28500,0.0,0.0
2022-11-17 00:00:00-05:00,5.590000152587891,5.619999885559082,5.590000152587891,5.610000133514404,4000,0.0,0.0
2022-11-18 00:00:00-05:00,5.610000133514404,5.630000114440918,5.590000152587891,5.610000133514404,8900,0.0,0.0
2022-11-21 00:00:00-05:00,5.590000152587891,5.670000076293945,5.590000152587891,5.659999847412109,9100,0.0,0.0
2022-11-22 00:00:00-05:00,5.690000057220459,5.690000057220459,5.599999904632568,5.639999866485596,5700,0.0,0.0
2022-11-23 00:00:00-05:00,5.639999866485596,5.699999809265137,5.619999885559082,5.659999847412109,9200,0.0,0.0
2022-11-25 00:00:00-05:00,5.610000133514404,5.679999828338623,5.610000133514404,5.630000114440918,5700,0.0,0.0
2022-11-28 00:00:00-05:00,5.630000114440918,5.710000038146973,5.630000114440918,5.679999828338623,33200,0.0,0.0
2022-11-29 00:00:00-05:00,5.690000057220459,5.699999809265137,5.630000114440918,5.690000057220459,2800,0.0,0.0
2022-11-30 00:00:00-05:00,5.920000076293945,5.949999809265137,5.710000038146973,5.820000171661377,44700,0.0,0.0
2022-12-01 00:00:00-05:00,5.739999771118164,5.849999904632568,5.739999771118164,5.800000190734863,9900,0.0,0.0
2022-12-02 00:00:00-05:00,5.820000171661377,5.849999904632568,5.760000228881836,5.800000190734863,10600,0.0,0.0
2022-12-05 00:00:00-05:00,5.849999904632568,5.849999904632568,5.710000038146973,5.710000038146973,9900,0.0,0.0
2022-12-06 00:00:00-05:00,5.869999885559082,5.869999885559082,5.670000076293945,5.71999979019165,11800,0.0,0.0
2022-12-07 00:00:00-05:00,5.78000020980835,5.78000020980835,5.630000114440918,5.659999847412109,5700,0.0,0.0
2022-12-08 00:00:00-05:00,5.599999904632568,5.670000076293945,5.199999809265137,5.449999809265137,44900,0.0,0.0
2022-12-09 00:00:00-05:00,5.480000019073486,5.610000133514404,5.329999923706055,5.5,46600,0.0,0.0
2022-12-12 00:00:00-05:00,5.670000076293945,5.670000076293945,5.53000020980835,5.630000114440918,18800,0.0,0.0
2022-12-13 00:00:00-05:00,5.699999809265137,5.699999809265137,5.5,5.610000133514404,28000,0.0,0.0
2022-12-14 00:00:00-05:00,5.559999942779541,5.710000038146973,5.53000020980835,5.579999923706055,9900,0.0,0.0
2022-12-15 00:00:00-05:00,5.619999885559082,5.659999847412109,5.5,5.590000152587891,20900,0.0,0.0
2022-12-16 00:00:00-05:00,5.639999866485596,5.679999828338623,5.539999961853027,5.619999885559082,7300,0.0,0.0
2022-12-19 00:00:00-05:00,5.630000114440918,5.679999828338623,5.579999923706055,5.659999847412109,6300,0.0,0.0
2022-12-20 00:00:00-05:00,5.639999866485596,5.730000019073486,5.639999866485596,5.690000057220459,14400,0.0,0.0
2022-12-21 00:00:00-05:00,5.71999979019165,5.75,5.71999979019165,5.71999979019165,11600,0.0,0.0
2022-12-22 00:00:00-05:00,5.71999979019165,5.75,5.699999809265137,5.75,23500,0.0,0.0
2022-12-23 00:00:00-05:00,5.789999961853027,5.789999961853027,5.710000038146973,5.730000019073486,13200,0.0,0.0
2022-12-27 00:00:00-05:00,5.760000228881836,5.760000228881836,5.699999809265137,5.699999809265137,7800,0.0,0.0
2022-12-28 00:00:00-05:00,5.699999809265137,5.730000019073486,5.650000095367432,5.690000057220459,10500,0.0,0.0
2022-12-29 00:00:00-05:00,5.619999885559082,5.619999885559082,5.369999885559082,5.420000076293945,26000,0.0,0.0
2022-12-30 00:00:00-05:00,5.409999847412109,5.449999809265137,5.320000171661377,5.329999923706055,30300,0.0,0.0
2023-01-03 00:00:00-05:00,5.300000190734863,5.53000020980835,5.269999980926514,5.449999809265137,15800,0.0,0.0
2023-01-04 00:00:00-05:00,5.539999961853027,5.539999961853027,5.349999904632568,5.420000076293945,9600,0.0,0.0
2023-01-05 00:00:00-05:00,5.489999771118164,5.489999771118164,5.340000152587891,5.349999904632568,8300,0.0,0.0
2023-01-06 00:00:00-05:00,5.46999979019165,5.5,5.409999847412109,5.460000038146973,3300,0.0,0.0
2023-01-09 00:00:00-05:00,5.5,5.5,5.389999866485596,5.480000019073486,8900,0.0,0.0
2023-01-10 00:00:00-05:00,5.5,5.5,5.360000133514404,5.429999828338623,18900,0.0,0.0
2023-01-11 00:00:00-05:00,5.429999828338623,5.440000057220459,5.400000095367432,5.409999847412109,5300,0.0,0.0
2023-01-12 00:00:00-05:00,5.440000057220459,5.679999828338623,5.429999828338623,5.650000095367432,24100,0.0,0.0
2023-01-13 00:00:00-05:00,5.639999866485596,5.789999961853027,5.630000114440918,5.789999961853027,31000,0.0,0.0
2023-01-17 00:00:00-05:00,5.860000133514404,5.860000133514404,5.53000020980835,5.53000020980835,32600,0.0,0.0
2023-01-18 00:00:00-05:00,5.739999771118164,5.860000133514404,5.670000076293945,5.710000038146973,18500,0.0,0.0
2023-01-19 00:00:00-05:00,5.71999979019165,5.789999961853027,5.71999979019165,5.71999979019165,5700,0.0,0.0
2023-01-20 00:00:00-05:00,5.849999904632568,5.849999904632568,5.619999885559082,5.769999980926514,8000,0.0,0.0
2023-01-23 00:00:00-05:00,5.789999961853027,5.789999961853027,5.71999979019165,5.760000228881836,7500,0.0,0.0
2023-01-24 00:00:00-05:00,5.710000038146973,5.739999771118164,5.699999809265137,5.71999979019165,10200,0.0,0.0
2023-01-25 00:00:00-05:00,5.730000019073486,5.840000152587891,5.71999979019165,5.809999942779541,12500,0.0,0.0
2023-01-26 00:00:00-05:00,5.789999961853027,5.809999942779541,5.699999809265137,5.800000190734863,20000,0.0,0.0
2023-01-27 00:00:00-05:00,5.809999942779541,5.840000152587891,5.710000038146973,5.840000152587891,21000,0.0,0.0
2023-01-30 00:00:00-05:00,5.800000190734863,5.869999885559082,5.800000190734863,5.869999885559082,10800,0.0,0.0
2023-01-31 00:00:00-05:00,5.869999885559082,5.900000095367432,5.820000171661377,5.889999866485596,7900,0.0,0.0
2023-02-01 00:00:00-05:00,5.75,5.900000095367432,5.730000019073486,5.840000152587891,44700,0.0,0.0
2023-02-02 00:00:00-05:00,5.900000095367432,5.900000095367432,5.769999980926514,5.900000095367432,18900,0.0,0.0
2023-02-03 00:00:00-05:00,5.900000095367432,5.909999847412109,5.800000190734863,5.820000171661377,8700,0.0,0.0
2023-02-06 00:00:00-05:00,5.860000133514404,5.900000095367432,5.769999980926514,5.800000190734863,9100,0.0,0.0
2023-02-07 00:00:00-05:00,5.789999961853027,5.809999942779541,5.730000019073486,5.730000019073486,16900,0.0,0.0
2023-02-08 00:00:00-05:00,5.659999847412109,5.75,5.659999847412109,5.690000057220459,8300,0.0,0.0
2023-02-09 00:00:00-05:00,5.690000057220459,5.710000038146973,5.639999866485596,5.639999866485596,12800,0.0,0.0
2023-02-10 00:00:00-05:00,5.630000114440918,5.659999847412109,5.610000133514404,5.610000133514404,9700,0.0,0.0
2023-02-13 00:00:00-05:00,5.610000133514404,5.659999847412109,5.610000133514404,5.650000095367432,5200,0.0,0.0
2023-02-14 00:00:00-05:00,5.650000095367432,5.659999847412109,5.599999904632568,5.650000095367432,5600,0.0,0.0
2023-02-15 00:00:00-05:00,5.639999866485596,5.659999847412109,5.599999904632568,5.619999885559082,13800,0.0,0.0
2023-02-16 00:00:00-05:00,5.610000133514404,5.71999979019165,5.610000133514404,5.659999847412109,16000,0.0,0.0
2023-02-17 00:00:00-05:00,5.679999828338623,5.71999979019165,5.619999885559082,5.639999866485596,8400,0.0,0.0
2023-02-21 00:00:00-05:00,5.690000057220459,5.690000057220459,5.579999923706055,5.590000152587891,21300,0.0,0.0
2023-02-22 00:00:00-05:00,5.579999923706055,5.710000038146973,5.550000190734863,5.579999923706055,8900,0.0,0.0
2023-02-23 00:00:00-05:00,5.599999904632568,5.659999847412109,5.579999923706055,5.590000152587891,12200,0.0,0.0
2023-02-24 00:00:00-05:00,5.579999923706055,5.650000095367432,5.579999923706055,5.579999923706055,20700,0.0,0.0
2023-02-27 00:00:00-05:00,5.579999923706055,5.619999885559082,5.519999980926514,5.550000190734863,13900,0.0,0.0
2023-02-28 00:00:00-05:00,5.550000190734863,5.579999923706055,5.53000020980835,5.579999923706055,10000,0.0,0.0
2023-03-01 00:00:00-05:00,5.570000171661377,5.579999923706055,5.559999942779541,5.559999942779541,6600,0.0,0.0
2023-03-02 00:00:00-05:00,5.579999923706055,5.670000076293945,5.559999942779541,5.619999885559082,14000,0.0,0.0
2023-03-03 00:00:00-05:00,5.619999885559082,5.699999809265137,5.570000171661377,5.590000152587891,27400,0.0,0.0
2023-03-06 00:00:00-05:00,5.599999904632568,5.630000114440918,5.53000020980835,5.590000152587891,18300,0.0,0.0
2023-03-07 00:00:00-05:00,5.610000133514404,5.610000133514404,5.539999961853027,5.599999904632568,4400,0.0,0.0
2023-03-08 00:00:00-05:00,5.550000190734863,5.619999885559082,5.550000190734863,5.619999885559082,5500,0.0,0.0
2023-03-09 00:00:00-05:00,5.559999942779541,5.590000152587891,5.519999980926514,5.519999980926514,5100,0.0,0.0
2023-03-10 00:00:00-05:00,5.519999980926514,5.599999904632568,5.449999809265137,5.460000038146973,27900,0.0,0.0
2023-03-13 00:00:00-04:00,5.460000038146973,5.590000152587891,5.429999828338623,5.5,16000,0.0,0.0
2023-03-14 00:00:00-04:00,5.489999771118164,5.5,5.440000057220459,5.480000019073486,8600,0.0,0.0
2023-03-15 00:00:00-04:00,5.480000019073486,5.489999771118164,5.400000095367432,5.409999847412109,23900,0.0,0.0
2023-03-16 00:00:00-04:00,5.400000095367432,5.510000228881836,5.199999809265137,5.449999809265137,23500,0.0,0.0
2023-03-17 00:00:00-04:00,5.449999809265137,5.460000038146973,5.289999961853027,5.400000095367432,12600,0.0,0.0
2023-03-20 00:00:00-04:00,5.349999904632568,5.349999904632568,5.199999809265137,5.199999809265137,45300,0.0,0.0
2023-03-21 00:00:00-04:00,5.28000020980835,5.300000190734863,5.210000038146973,5.210000038146973,11000,0.0,0.0
2023-03-22 00:00:00-04:00,5.199999809265137,5.349999904632568,5.199999809265137,5.199999809265137,10800,0.0,0.0
2023-03-23 00:00:00-04:00,5.190000057220459,5.260000228881836,5.150000095367432,5.210000038146973,16000,0.0,0.0
2023-03-24 00:00:00-04:00,5.130000114440918,5.239999771118164,5.119999885559082,5.190000057220459,9200,0.0,0.0
2023-03-27 00:00:00-04:00,5.239999771118164,5.25,5.159999847412109,5.199999809265137,32400,0.0,0.0
2023-03-28 00:00:00-04:00,5.239999771118164,5.25,5.130000114440918,5.150000095367432,59200,0.0,0.0
2023-03-29 00:00:00-04:00,5.150000095367432,5.25,5.119999885559082,5.199999809265137,70200,0.0,0.0
2023-03-30 00:00:00-04:00,5.190000057220459,5.269999980926514,5.190000057220459,5.230000019073486,39900,0.0,0.0
2023-03-31 00:00:00-04:00,5.269999980926514,5.28000020980835,5.150000095367432,5.179999828338623,51400,0.0,0.0
2023-04-03 00:00:00-04:00,5.179999828338623,5.289999961853027,5.159999847412109,5.269999980926514,48600,0.0,0.0
2023-04-04 00:00:00-04:00,5.260000228881836,5.28000020980835,5.170000076293945,5.230000019073486,19600,0.0,0.0
2023-04-05 00:00:00-04:00,5.230000019073486,5.269999980926514,5.0,5.050000190734863,86300,0.0,0.0
2023-04-06 00:00:00-04:00,5.070000171661377,5.079999923706055,4.960000038146973,4.960000038146973,30800,0.0,0.0
2023-04-10 00:00:00-04:00,4.980000019073486,5.03000020980835,4.949999809265137,4.96999979019165,13200,0.0,0.0
2023-04-11 00:00:00-04:00,5.019999980926514,5.050000190734863,4.929999828338623,4.980000019073486,43400,0.0,0.0
2023-04-12 00:00:00-04:00,5.039999961853027,5.050000190734863,4.949999809265137,4.949999809265137,19600,0.0,0.0
2023-04-13 00:00:00-04:00,5.019999980926514,5.039999961853027,4.949999809265137,5.019999980926514,45300,0.0,0.0
2023-04-14 00:00:00-04:00,5.050000190734863,5.070000171661377,5.0,5.03000020980835,19100,0.0,0.0
2023-04-17 00:00:00-04:00,5.050000190734863,5.099999904632568,5.0,5.03000020980835,37300,0.0,0.0
2023-04-18 00:00:00-04:00,5.059999942779541,5.139999866485596,5.059999942779541,5.130000114440918,29800,0.0,0.0
2023-04-19 00:00:00-04:00,5.119999885559082,5.150000095367432,5.039999961853027,5.139999866485596,15000,0.0,0.0
2023-04-20 00:00:00-04:00,5.170000076293945,5.210000038146973,5.090000152587891,5.170000076293945,16300,0.0,0.0
2023-04-21 00:00:00-04:00,5.199999809265137,5.199999809265137,5.0,5.010000228881836,9500,0.0,0.0
2023-04-24 00:00:00-04:00,4.929999828338623,5.079999923706055,4.929999828338623,4.96999979019165,27500,0.0,0.0
2023-04-25 00:00:00-04:00,4.940000057220459,5.039999961853027,4.940000057220459,5.039999961853027,17600,0.0,0.0
2023-04-26 00:00:00-04:00,5.010000228881836,5.070000171661377,5.010000228881836,5.019999980926514,4500,0.0,0.0
2023-04-27 00:00:00-04:00,5.070000171661377,5.090000152587891,5.019999980926514,5.059999942779541,8700,0.0,0.0
2023-04-28 00:00:00-04:00,5.099999904632568,5.139999866485596,5.03000020980835,5.03000020980835,8100,0.0,0.0
2023-05-01 00:00:00-04:00,5.010000228881836,5.110000133514404,5.010000228881836,5.099999904632568,3600,0.0,0.0
2023-05-02 00:00:00-04:00,5.179999828338623,5.179999828338623,5.010000228881836,5.03000020980835,15100,0.0,0.0
2023-05-03 00:00:00-04:00,5.070000171661377,5.070000171661377,5.019999980926514,5.019999980926514,7200,0.0,0.0
2023-05-04 00:00:00-04:00,5.070000171661377,5.070000171661377,4.880000114440918,4.900000095367432,49200,0.0,0.0
2023-05-05 00:00:00-04:00,4.980000019073486,5.010000228881836,4.940000057220459,4.960000038146973,6700,0.0,0.0
2023-05-08 00:00:00-04:00,5.03000020980835,5.03000020980835,4.800000190734863,4.809999942779541,44400,0.0,0.0
2023-05-09 00:00:00-04:00,5.0,5.0,4.820000171661377,4.889999866485596,23700,0.0,0.0
2023-05-10 00:00:00-04:00,4.829999923706055,4.929999828338623,4.789999961853027,4.889999866485596,41000,0.0,0.0
2023-05-11 00:00:00-04:00,4.920000076293945,4.920000076293945,4.75,4.880000114440918,20400,0.0,0.0
2023-05-12 00:00:00-04:00,4.920000076293945,4.940000057220459,4.78000020980835,4.78000020980835,15500,0.0,0.0
2023-05-15 00:00:00-04:00,4.800000190734863,4.949999809265137,4.800000190734863,4.909999847412109,15700,0.0,0.0
2023-05-16 00:00:00-04:00,5.0,5.039999961853027,4.909999847412109,4.940000057220459,23200,0.0,0.0
2023-05-17 00:00:00-04:00,4.900000095367432,4.980000019073486,4.889999866485596,4.980000019073486,2200,0.0,0.0
2023-05-18 00:00:00-04:00,4.989999771118164,4.989999771118164,4.96999979019165,4.980000019073486,5800,0.0,0.0
2023-05-19 00:00:00-04:00,5.090000152587891,5.090000152587891,4.900000095367432,4.929999828338623,8500,0.0,0.0
2023-05-22 00:00:00-04:00,5.039999961853027,5.039999961853027,4.960000038146973,4.960000038146973,6600,0.0,0.0
2023-05-23 00:00:00-04:00,4.960000038146973,5.0,4.949999809265137,4.980000019073486,8700,0.0,0.0
2023-05-24 00:00:00-04:00,5.0,5.0,4.920000076293945,4.929999828338623,15800,0.0,0.0
2023-05-25 00:00:00-04:00,4.96999979019165,4.980000019073486,4.800000190734863,4.800000190734863,45500,0.0,0.0
2023-05-26 00:00:00-04:00,4.880000114440918,4.960000038146973,4.809999942779541,4.809999942779541,7600,0.0,0.0
2023-05-30 00:00:00-04:00,4.880000114440918,4.929999828338623,4.829999923706055,4.829999923706055,4800,0.0,0.0
2023-05-31 00:00:00-04:00,4.820000171661377,4.849999904632568,4.800000190734863,4.800000190734863,3500,0.0,0.0
2023-06-01 00:00:00-04:00,4.820000171661377,4.829999923706055,4.809999942779541,4.829999923706055,7800,0.0,0.0
2023-06-02 00:00:00-04:00,4.829999923706055,4.840000152587891,4.789999961853027,4.800000190734863,29400,0.0,0.0
2023-06-05 00:00:00-04:00,4.760000228881836,4.840000152587891,4.610000133514404,4.670000076293945,47600,0.0,0.0
2023-06-06 00:00:00-04:00,4.650000095367432,4.699999809265137,4.630000114440918,4.690000057220459,24300,0.0,0.0
2023-06-07 00:00:00-04:00,4.789999961853027,4.800000190734863,4.679999828338623,4.710000038146973,21800,0.0,0.0
2023-06-08 00:00:00-04:00,4.610000133514404,4.869999885559082,4.610000133514404,4.860000133514404,39200,0.0,0.0
2023-06-09 00:00:00-04:00,4.849999904632568,5.0,4.849999904632568,4.860000133514404,29500,0.0,0.0
2023-06-12 00:00:00-04:00,4.849999904632568,5.079999923706055,4.849999904632568,5.070000171661377,25900,0.0,0.0
2023-06-13 00:00:00-04:00,5.090000152587891,5.090000152587891,4.909999847412109,4.929999828338623,32100,0.0,0.0
2023-06-14 00:00:00-04:00,4.929999828338623,5.050000190734863,4.929999828338623,4.949999809265137,11400,0.0,0.0
2023-06-15 00:00:00-04:00,5.050000190734863,5.050000190734863,4.949999809265137,4.980000019073486,16800,0.0,0.0
2023-06-16 00:00:00-04:00,5.0,5.21999979019165,5.0,5.21999979019165,51700,0.0,0.0
2023-06-20 00:00:00-04:00,5.059999942779541,5.170000076293945,4.949999809265137,4.949999809265137,51000,0.0,0.0
2023-06-21 00:00:00-04:00,5.019999980926514,5.059999942779541,4.920000076293945,5.059999942779541,10400,0.0,0.0
2023-06-22 00:00:00-04:00,5.050000190734863,5.050000190734863,4.929999828338623,5.0,11900,0.0,0.0
2023-06-23 00:00:00-04:00,5.019999980926514,5.059999942779541,4.900000095367432,5.0,23400,0.0,0.0
2023-06-26 00:00:00-04:00,5.0,5.010000228881836,4.860000133514404,4.989999771118164,18200,0.0,0.0
2023-06-27 00:00:00-04:00,4.829999923706055,4.980000019073486,4.829999923706055,4.96999979019165,17500,0.0,0.0
2023-06-28 00:00:00-04:00,4.869999885559082,4.96999979019165,4.849999904632568,4.940000057220459,12400,0.0,0.0
2023-06-29 00:00:00-04:00,4.96999979019165,5.050000190734863,4.96999979019165,5.039999961853027,9400,0.0,0.0
2023-06-30 00:00:00-04:00,5.079999923706055,5.079999923706055,5.0,5.050000190734863,40400,0.0,0.0
2023-07-03 00:00:00-04:00,5.059999942779541,5.119999885559082,5.010000228881836,5.090000152587891,26100,0.0,0.0
2023-07-05 00:00:00-04:00,5.25,5.25,5.099999904632568,5.170000076293945,78800,0.0,0.0
2023-07-06 00:00:00-04:00,5.230000019073486,5.289999961853027,5.139999866485596,5.239999771118164,77400,0.0,0.0
2023-07-07 00:00:00-04:00,5.059999942779541,5.070000171661377,4.880000114440918,4.980000019073486,85000,0.0,0.0
2023-07-10 00:00:00-04:00,5.0,5.019999980926514,4.789999961853027,4.809999942779541,55200,0.0,0.0
2023-07-11 00:00:00-04:00,4.820000171661377,4.889999866485596,4.710000038146973,4.75,22200,0.0,0.0
2023-07-12 00:00:00-04:00,4.78000020980835,4.900000095367432,4.78000020980835,4.900000095367432,32300,0.0,0.0
2023-07-13 00:00:00-04:00,5.0,5.070000171661377,4.929999828338623,5.039999961853027,40000,0.0,0.0
2023-07-14 00:00:00-04:00,4.960000038146973,5.059999942779541,4.820000171661377,4.840000152587891,26200,0.0,0.0
2023-07-17 00:00:00-04:00,4.900000095367432,5.0,4.809999942779541,4.900000095367432,25000,0.0,0.0
2023-07-18 00:00:00-04:00,4.889999866485596,4.96999979019165,4.889999866485596,4.940000057220459,19400,0.0,0.0
2023-07-19 00:00:00-04:00,4.929999828338623,5.019999980926514,4.909999847412109,4.940000057220459,3800,0.0,0.0
2023-07-20 00:00:00-04:00,4.949999809265137,4.989999771118164,4.900000095367432,4.949999809265137,4900,0.0,0.0
2023-07-21 00:00:00-04:00,5.010000228881836,5.010000228881836,4.920000076293945,4.940000057220459,16000,0.0,0.0
2023-07-24 00:00:00-04:00,4.949999809265137,4.96999979019165,4.909999847412109,4.940000057220459,19900,0.0,0.0
2023-07-25 00:00:00-04:00,4.929999828338623,4.949999809265137,4.900000095367432,4.900000095367432,10700,0.0,0.0
2023-07-26 00:00:00-04:00,4.909999847412109,4.949999809265137,4.900000095367432,4.929999828338623,11500,0.0,0.0
2023-07-27 00:00:00-04:00,4.940000057220459,5.019999980926514,4.909999847412109,4.980000019073486,36400,0.0,0.0
2023-07-28 00:00:00-04:00,5.0,5.0,4.900000095367432,4.909999847412109,31100,0.0,0.0
2023-07-31 00:00:00-04:00,4.920000076293945,4.980000019073486,4.909999847412109,4.940000057220459,21600,0.0,0.0
2023-08-01 00:00:00-04:00,4.929999828338623,4.96999979019165,4.900000095367432,4.900000095367432,18700,0.0,0.0
2023-08-02 00:00:00-04:00,4.889999866485596,4.920000076293945,4.889999866485596,4.920000076293945,6200,0.0,0.0
2023-08-03 00:00:00-04:00,4.889999866485596,4.909999847412109,4.800000190734863,4.880000114440918,22500,0.0,0.0
2023-08-04 00:00:00-04:00,4.860000133514404,4.889999866485596,4.840000152587891,4.860000133514404,14700,0.0,0.0
2023-08-07 00:00:00-04:00,4.75,4.849999904632568,4.75,4.849999904632568,27200,0.0,0.0
2023-08-08 00:00:00-04:00,4.809999942779541,4.860000133514404,4.800000190734863,4.800000190734863,4400,0.0,0.0
2023-08-09 00:00:00-04:00,4.840000152587891,4.849999904632568,4.78000020980835,4.820000171661377,12400,0.0,0.0
2023-08-10 00:00:00-04:00,4.809999942779541,4.840000152587891,4.789999961853027,4.820000171661377,8900,0.0,0.0
2023-08-11 00:00:00-04:00,4.789999961853027,4.849999904632568,4.789999961853027,4.809999942779541,33400,0.0,0.0
2023-08-14 00:00:00-04:00,4.789999961853027,4.840000152587891,4.789999961853027,4.789999961853027,9100,0.0,0.0
2023-08-15 00:00:00-04:00,4.800000190734863,4.820000171661377,4.75,4.760000228881836,24800,0.0,0.0
2023-08-16 00:00:00-04:00,4.75,4.809999942779541,4.679999828338623,4.679999828338623,16400,0.0,0.0
2023-08-17 00:00:00-04:00,4.659999847412109,4.699999809265137,4.619999885559082,4.619999885559082,27300,0.0,0.0
2023-08-18 00:00:00-04:00,4.630000114440918,4.710000038146973,4.619999885559082,4.650000095367432,10500,0.0,0.0
2023-08-21 00:00:00-04:00,4.699999809265137,4.71999979019165,4.650000095367432,4.670000076293945,17900,0.0,0.0
2023-08-22 00:00:00-04:00,4.670000076293945,4.699999809265137,4.639999866485596,4.650000095367432,9500,0.0,0.0
2023-08-23 00:00:00-04:00,4.599999904632568,4.670000076293945,4.570000171661377,4.610000133514404,27400,0.0,0.0
2023-08-24 00:00:00-04:00,4.630000114440918,4.690000057220459,4.610000133514404,4.679999828338623,17300,0.0,0.0
2023-08-25 00:00:00-04:00,4.679999828338623,4.789999961853027,4.679999828338623,4.75,8900,0.0,0.0
2023-08-28 00:00:00-04:00,4.820000171661377,4.820000171661377,4.599999904632568,4.730000019073486,19800,0.0,0.0
2023-08-29 00:00:00-04:00,4.610000133514404,4.769999980926514,4.610000133514404,4.769999980926514,12000,0.0,0.0
2023-08-30 00:00:00-04:00,4.789999961853027,4.789999961853027,4.690000057220459,4.769999980926514,7100,0.0,0.0
2023-08-31 00:00:00-04:00,4.840000152587891,4.840000152587891,4.739999771118164,4.800000190734863,6200,0.0,0.0
2023-09-01 00:00:00-04:00,4.789999961853027,4.840000152587891,4.78000020980835,4.789999961853027,14200,0.0,0.0
2023-09-05 00:00:00-04:00,4.849999904632568,4.849999904632568,4.71999979019165,4.71999979019165,8800,0.0,0.0
2023-09-06 00:00:00-04:00,4.699999809265137,4.730000019073486,4.690000057220459,4.730000019073486,14300,0.0,0.0
2023-09-07 00:00:00-04:00,4.739999771118164,4.789999961853027,4.71999979019165,4.730000019073486,8800,0.0,0.0
2023-09-08 00:00:00-04:00,4.739999771118164,4.760000228881836,4.699999809265137,4.760000228881836,4000,0.0,0.0
2023-09-11 00:00:00-04:00,4.78000020980835,4.78000020980835,4.75,4.760000228881836,7500,0.0,0.0
2023-09-12 00:00:00-04:00,4.78000020980835,4.789999961853027,4.690000057220459,4.690000057220459,27200,0.0,0.0
2023-09-13 00:00:00-04:00,4.690000057220459,4.760000228881836,4.650000095367432,4.690000057220459,25000,0.0,0.0
2023-09-14 00:00:00-04:00,4.659999847412109,4.760000228881836,4.659999847412109,4.75,39500,0.0,0.0
2023-09-15 00:00:00-04:00,4.710000038146973,4.78000020980835,4.630000114440918,4.75,32500,0.0,0.0
2023-09-18 00:00:00-04:00,4.670000076293945,4.739999771118164,4.670000076293945,4.739999771118164,13000,0.0,0.0
2023-09-19 00:00:00-04:00,4.619999885559082,4.75,4.619999885559082,4.699999809265137,10500,0.0,0.0
2023-09-20 00:00:00-04:00,4.71999979019165,4.739999771118164,4.699999809265137,4.699999809265137,5500,0.0,0.0
2023-09-21 00:00:00-04:00,4.699999809265137,4.75,4.599999904632568,4.630000114440918,43800,0.0,0.0
2023-09-22 00:00:00-04:00,4.650000095367432,4.670000076293945,4.610000133514404,4.619999885559082,17600,0.0,0.0
2023-09-25 00:00:00-04:00,4.650000095367432,4.650000095367432,4.46999979019165,4.519999980926514,29700,0.0,0.0
2023-09-26 00:00:00-04:00,4.570000171661377,4.579999923706055,4.46999979019165,4.510000228881836,12800,0.0,0.0
2023-09-27 00:00:00-04:00,4.559999942779541,4.579999923706055,4.460000038146973,4.559999942779541,17000,0.0,0.0
2023-09-28 00:00:00-04:00,4.570000171661377,4.75,4.550000190734863,4.710000038146973,28400,0.0,0.0
2023-09-29 00:00:00-04:00,4.789999961853027,4.800000190734863,4.710000038146973,4.800000190734863,17800,0.0,0.0
2023-10-02 00:00:00-04:00,4.800000190734863,4.800000190734863,4.739999771118164,4.789999961853027,29700,0.0,0.0
2023-10-03 00:00:00-04:00,4.800000190734863,4.800000190734863,4.710000038146973,4.75,29800,0.0,0.0
2023-10-04 00:00:00-04:00,4.75,4.75,4.619999885559082,4.619999885559082,21700,0.0,0.0
2023-10-05 00:00:00-04:00,4.75,4.800000190734863,4.639999866485596,4.760000228881836,92400,0.0,0.0
2023-10-06 00:00:00-04:00,4.630000114440918,4.710000038146973,4.570000171661377,4.590000152587891,66900,0.0,0.0
2023-10-09 00:00:00-04:00,4.730000019073486,4.730000019073486,4.519999980926514,4.610000133514404,39500,0.0,0.0
2023-10-10 00:00:00-04:00,4.539999961853027,4.679999828338623,4.519999980926514,4.550000190734863,25200,0.0,0.0
2023-10-11 00:00:00-04:00,4.550000190734863,4.670000076293945,4.519999980926514,4.539999961853027,17800,0.0,0.0
2023-10-12 00:00:00-04:00,4.5,4.630000114440918,4.5,4.599999904632568,24700,0.0,0.0
2023-10-13 00:00:00-04:00,4.550000190734863,4.630000114440918,4.550000190734863,4.630000114440918,18900,0.0,0.0
2023-10-16 00:00:00-04:00,4.630000114440918,4.730000019073486,4.559999942779541,4.650000095367432,25500,0.0,0.0
2023-10-17 00:00:00-04:00,4.679999828338623,4.710000038146973,4.610000133514404,4.630000114440918,15000,0.0,0.0
2023-10-18 00:00:00-04:00,4.559999942779541,4.78000020980835,4.559999942779541,4.679999828338623,31200,0.0,0.0
2023-10-19 00:00:00-04:00,4.690000057220459,4.690000057220459,4.610000133514404,4.670000076293945,7100,0.0,0.0
2023-10-20 00:00:00-04:00,4.690000057220459,4.690000057220459,4.610000133514404,4.639999866485596,6300,0.0,0.0
2023-10-23 00:00:00-04:00,4.570000171661377,4.659999847412109,4.559999942779541,4.559999942779541,13300,0.0,0.0
2023-10-24 00:00:00-04:00,4.559999942779541,4.659999847412109,4.559999942779541,4.610000133514404,25500,0.0,0.0
2023-10-25 00:00:00-04:00,4.610000133514404,4.619999885559082,4.570000171661377,4.590000152587891,12000,0.0,0.0
2023-10-26 00:00:00-04:00,4.570000171661377,4.599999904632568,4.559999942779541,4.590000152587891,9200,0.0,0.0
2023-10-27 00:00:00-04:00,4.570000171661377,4.599999904632568,4.570000171661377,4.590000152587891,7400,0.0,0.0
2023-10-30 00:00:00-04:00,4.559999942779541,4.610000133514404,4.559999942779541,4.579999923706055,14400,0.0,0.0
2023-10-31 00:00:00-04:00,4.619999885559082,4.679999828338623,4.579999923706055,4.679999828338623,1700,0.0,0.0
2023-11-01 00:00:00-04:00,4.650000095367432,4.659999847412109,4.570000171661377,4.639999866485596,10800,0.0,0.0
2023-11-02 00:00:00-04:00,4.610000133514404,4.75,4.610000133514404,4.630000114440918,21300,0.0,0.0
2023-11-03 00:00:00-04:00,4.630000114440918,4.710000038146973,4.599999904632568,4.670000076293945,36800,0.0,0.0
2023-11-06 00:00:00-05:00,4.599999904632568,4.659999847412109,4.599999904632568,4.630000114440918,10700,0.0,0.0
2023-11-07 00:00:00-05:00,4.630000114440918,4.699999809265137,4.599999904632568,4.599999904632568,4400,0.0,0.0
2023-11-08 00:00:00-05:00,4.670000076293945,4.670000076293945,4.630000114440918,4.639999866485596,5100,0.0,0.0
2023-11-09 00:00:00-05:00,4.599999904632568,4.610000133514404,4.53000020980835,4.599999904632568,15200,0.0,0.0
2023-11-10 00:00:00-05:00,4.550000190734863,4.639999866485596,4.550000190734863,4.639999866485596,8800,0.0,0.0
2023-11-13 00:00:00-05:00,4.550000190734863,4.610000133514404,4.53000020980835,4.53000020980835,24300,0.0,0.0
2023-11-14 00:00:00-05:00,4.650000095367432,4.659999847412109,4.53000020980835,4.659999847412109,18900,0.0,0.0
2023-11-15 00:00:00-05:00,4.639999866485596,4.699999809265137,4.639999866485596,4.679999828338623,13300,0.0,0.0
2023-11-16 00:00:00-05:00,4.699999809265137,4.699999809265137,4.630000114440918,4.659999847412109,12600,0.0,0.0
2023-11-17 00:00:00-05:00,4.659999847412109,4.690000057220459,4.599999904632568,4.639999866485596,15200,0.0,0.0
2023-11-20 00:00:00-05:00,4.690000057220459,4.690000057220459,4.599999904632568,4.610000133514404,22400,0.0,0.0
2023-11-21 00:00:00-05:00,4.639999866485596,4.679999828338623,4.610000133514404,4.619999885559082,4200,0.0,0.0
2023-11-22 00:00:00-05:00,4.679999828338623,4.699999809265137,4.449999809265137,4.460000038146973,45600,0.0,0.0
2023-11-24 00:00:00-05:00,4.590000152587891,4.590000152587891,4.269999980926514,4.320000171661377,44900,0.0,0.0
2023-11-27 00:00:00-05:00,4.519999980926514,4.53000020980835,4.429999828338623,4.46999979019165,35600,0.0,0.0
2023-11-28 00:00:00-05:00,4.519999980926514,4.599999904632568,4.510000228881836,4.510000228881836,15600,0.0,0.0
2023-11-29 00:00:00-05:00,4.53000020980835,4.699999809265137,4.5,4.550000190734863,40800,0.0,0.0
2023-11-30 00:00:00-05:00,4.630000114440918,4.639999866485596,4.53000020980835,4.599999904632568,14700,0.0,0.0
2023-12-01 00:00:00-05:00,4.610000133514404,4.670000076293945,4.610000133514404,4.670000076293945,8700,0.0,0.0
2023-12-04 00:00:00-05:00,4.659999847412109,4.690000057220459,4.650000095367432,4.679999828338623,14900,0.0,0.0
2023-12-05 00:00:00-05:00,4.699999809265137,4.699999809265137,4.650000095367432,4.659999847412109,27800,0.0,0.0
2023-12-06 00:00:00-05:00,4.650000095367432,4.699999809265137,4.630000114440918,4.650000095367432,17400,0.0,0.0
2023-12-07 00:00:00-05:00,4.650000095367432,4.670000076293945,4.619999885559082,4.670000076293945,2500,0.0,0.0
2023-12-08 00:00:00-05:00,4.630000114440918,4.690000057220459,4.619999885559082,4.670000076293945,12200,0.0,0.0
2023-12-11 00:00:00-05:00,4.610000133514404,4.679999828338623,4.610000133514404,4.659999847412109,21500,0.0,0.0
2023-12-12 00:00:00-05:00,4.670000076293945,4.690000057220459,4.659999847412109,4.679999828338623,12300,0.0,0.0
2023-12-13 00:00:00-05:00,4.699999809265137,4.75,4.599999904632568,4.699999809265137,33800,0.0,0.0
2023-12-14 00:00:00-05:00,4.699999809265137,4.75,4.650000095367432,4.710000038146973,24300,0.0,0.0
2023-12-15 00:00:00-05:00,4.739999771118164,4.75,4.699999809265137,4.699999809265137,17200,0.0,0.0
2023-12-18 00:00:00-05:00,4.739999771118164,4.829999923706055,4.71999979019165,4.769999980926514,55500,0.0,0.0
2023-12-19 00:00:00-05:00,4.75,4.829999923706055,4.75,4.820000171661377,23300,0.0,0.0
2023-12-20 00:00:00-05:00,4.829999923706055,4.849999904632568,4.800000190734863,4.820000171661377,30100,0.0,0.0
2023-12-21 00:00:00-05:00,4.829999923706055,4.840000152587891,4.800000190734863,4.820000171661377,28100,0.0,0.0
2023-12-22 00:00:00-05:00,4.840000152587891,4.889999866485596,4.829999923706055,4.860000133514404,24900,0.0,0.0
2023-12-26 00:00:00-05:00,4.800000190734863,4.940000057220459,4.800000190734863,4.880000114440918,35800,0.0,0.0
2023-12-27 00:00:00-05:00,4.940000057220459,5.0,4.920000076293945,5.0,52200,0.0,0.0
2023-12-28 00:00:00-05:00,4.940000057220459,5.0,4.880000114440918,4.889999866485596,36000,0.0,0.0
2023-12-29 00:00:00-05:00,4.849999904632568,4.980000019073486,4.849999904632568,4.96999979019165,85800,0.0,0.0
2024-01-02 00:00:00-05:00,5.0,5.0,4.800000190734863,4.800000190734863,56300,0.0,0.0
2024-01-03 00:00:00-05:00,4.800000190734863,4.800000190734863,4.699999809265137,4.760000228881836,24100,0.0,0.0
2024-01-04 00:00:00-05:00,4.769999980926514,4.800000190734863,4.710000038146973,4.800000190734863,15100,0.0,0.0
2024-01-05 00:00:00-05:00,4.739999771118164,4.800000190734863,4.71999979019165,4.71999979019165,9400,0.0,0.0
2024-01-08 00:00:00-05:00,4.730000019073486,4.789999961853027,4.710000038146973,4.78000020980835,11300,0.0,0.0
2024-01-09 00:00:00-05:00,4.71999979019165,4.900000095367432,4.699999809265137,4.869999885559082,29100,0.0,0.0
2024-01-10 00:00:00-05:00,4.920000076293945,4.920000076293945,4.820000171661377,4.869999885559082,10300,0.0,0.0
2024-01-11 00:00:00-05:00,4.929999828338623,4.940000057220459,4.829999923706055,4.940000057220459,27600,0.0,0.0
2024-01-12 00:00:00-05:00,4.940000057220459,5.0,4.880000114440918,5.0,18100,0.0,0.0
2024-01-16 00:00:00-05:00,5.019999980926514,5.019999980926514,4.869999885559082,4.889999866485596,14000,0.0,0.0
2024-01-17 00:00:00-05:00,4.949999809265137,4.980000019073486,4.849999904632568,4.940000057220459,37400,0.0,0.0
2024-01-18 00:00:00-05:00,4.940000057220459,4.940000057220459,4.849999904632568,4.860000133514404,18700,0.0,0.0
2024-01-19 00:00:00-05:00,4.900000095367432,4.940000057220459,4.900000095367432,4.920000076293945,12600,0.0,0.0
2024-01-22 00:00:00-05:00,4.909999847412109,4.929999828338623,4.860000133514404,4.900000095367432,21400,0.0,0.0
2024-01-23 00:00:00-05:00,4.900000095367432,4.900000095367432,4.849999904632568,4.869999885559082,11400,0.0,0.0
2024-01-24 00:00:00-05:00,4.900000095367432,4.920000076293945,4.849999904632568,4.889999866485596,14000,0.0,0.0
2024-01-25 00:00:00-05:00,4.849999904632568,4.880000114440918,4.809999942779541,4.849999904632568,14100,0.0,0.0
2024-01-26 00:00:00-05:00,4.829999923706055,4.900000095367432,4.829999923706055,4.849999904632568,5600,0.0,0.0
2024-01-29 00:00:00-05:00,4.840000152587891,4.840000152587891,4.610000133514404,4.809999942779541,26300,0.0,0.0
2024-01-30 00:00:00-05:00,4.840000152587891,4.840000152587891,4.769999980926514,4.769999980926514,4300,0.0,0.0
2024-01-31 00:00:00-05:00,4.75,4.769999980926514,4.710000038146973,4.769999980926514,8900,0.0,0.0
2024-02-01 00:00:00-05:00,4.730000019073486,4.78000020980835,4.650000095367432,4.75,25000,0.0,0.0
2024-02-02 00:00:00-05:00,4.699999809265137,4.730000019073486,4.670000076293945,4.71999979019165,3600,0.0,0.0
2024-02-05 00:00:00-05:00,4.670000076293945,4.71999979019165,4.630000114440918,4.679999828338623,24900,0.0,0.0
2024-02-06 00:00:00-05:00,4.690000057220459,4.710000038146973,4.650000095367432,4.650000095367432,11600,0.0,0.0
2024-02-07 00:00:00-05:00,4.699999809265137,4.739999771118164,4.650000095367432,4.659999847412109,10800,0.0,0.0
2024-02-08 00:00:00-05:00,4.659999847412109,4.71999979019165,4.650000095367432,4.659999847412109,17900,0.0,0.0
2024-02-09 00:00:00-05:00,4.639999866485596,4.78000020980835,4.639999866485596,4.769999980926514,28400,0.0,0.0
2024-02-12 00:00:00-05:00,4.659999847412109,4.78000020980835,4.659999847412109,4.710000038146973,13200,0.0,0.0
2024-02-13 00:00:00-05:00,4.639999866485596,4.75,4.639999866485596,4.739999771118164,18000,0.0,0.0
2024-02-14 00:00:00-05:00,4.699999809265137,4.78000020980835,4.650000095367432,4.78000020980835,7200,0.0,0.0
2024-02-15 00:00:00-05:00,4.769999980926514,4.809999942779541,4.739999771118164,4.789999961853027,13800,0.0,0.0
2024-02-16 00:00:00-05:00,4.809999942779541,4.849999904632568,4.699999809265137,4.820000171661377,7600,0.0,0.0
2024-02-20 00:00:00-05:00,4.840000152587891,4.860000133514404,4.800000190734863,4.860000133514404,21700,0.0,0.0
2024-02-21 00:00:00-05:00,4.880000114440918,4.929999828338623,4.829999923706055,4.889999866485596,33500,0.0,0.0
2024-02-22 00:00:00-05:00,4.78000020980835,4.849999904632568,4.739999771118164,4.820000171661377,19300,0.0,0.0
2024-02-23 00:00:00-05:00,4.75,4.880000114440918,4.71999979019165,4.769999980926514,22200,0.0,0.0
2024-02-26 00:00:00-05:00,4.789999961853027,4.809999942779541,4.710000038146973,4.730000019073486,15300,0.0,0.0
2024-02-27 00:00:00-05:00,4.800000190734863,4.849999904632568,4.710000038146973,4.760000228881836,14000,0.0,0.0
2024-02-28 00:00:00-05:00,4.699999809265137,4.78000020980835,4.699999809265137,4.699999809265137,20400,0.0,0.0
2024-02-29 00:00:00-05:00,4.699999809265137,4.769999980926514,4.699999809265137,4.699999809265137,14300,0.0,0.0
2024-03-01 00:00:00-05:00,4.71999979019165,4.75,4.710000038146973,4.710000038146973,19100,0.0,0.0
2024-03-04 00:00:00-05:00,4.739999771118164,4.800000190734863,4.730000019073486,4.78000020980835,7500,0.0,0.0
2024-03-05 00:00:00-05:00,4.75,4.849999904632568,4.75,4.829999923706055,6900,0.0,0.0
2024-03-06 00:00:00-05:00,4.840000152587891,4.869999885559082,4.760000228881836,4.800000190734863,19600,0.0,0.0
2024-03-07 00:00:00-05:00,4.820000171661377,4.829999923706055,4.599999904632568,4.599999904632568,49500,0.0,0.0
2024-03-08 00:00:00-05:00,4.650000095367432,4.730000019073486,4.619999885559082,4.670000076293945,46300,0.0,0.0
2024-03-11 00:00:00-04:00,4.789999961853027,4.789999961853027,4.699999809265137,4.78000020980835,8800,0.0,0.0
2024-03-12 00:00:00-04:00,4.670000076293945,4.800000190734863,4.670000076293945,4.739999771118164,25800,0.0,0.0
2024-03-13 00:00:00-04:00,4.739999771118164,4.789999961853027,4.71999979019165,4.760000228881836,13500,0.0,0.0
2024-03-14 00:00:00-04:00,4.75,4.789999961853027,4.690000057220459,4.690000057220459,18400,0.0,0.0
2024-03-15 00:00:00-04:00,4.800000190734863,4.800000190734863,4.739999771118164,4.789999961853027,22400,0.0,0.0
2024-03-18 00:00:00-04:00,4.789999961853027,4.800000190734863,4.739999771118164,4.739999771118164,20400,0.0,0.0
2024-03-19 00:00:00-04:00,4.769999980926514,4.789999961853027,4.710000038146973,4.739999771118164,11500,0.0,0.0
2024-03-20 00:00:00-04:00,4.710000038146973,4.78000020980835,4.710000038146973,4.769999980926514,15600,0.0,0.0
2024-03-21 00:00:00-04:00,4.769999980926514,4.820000171661377,4.769999980926514,4.800000190734863,28300,0.0,0.0
2024-03-22 00:00:00-04:00,4.75,4.829999923706055,4.75,4.800000190734863,11200,0.0,0.0
2024-03-25 00:00:00-04:00,4.690000057220459,5.079999923706055,4.690000057220459,5.070000171661377,95700,0.0,0.0
2024-03-26 00:00:00-04:00,5.070000171661377,5.150000095367432,5.0,5.090000152587891,35400,0.0,0.0
2024-03-27 00:00:00-04:00,5.010000228881836,5.139999866485596,4.800000190734863,5.010000228881836,37700,0.0,0.0
2024-03-28 00:00:00-04:00,5.079999923706055,5.099999904632568,5.03000020980835,5.059999942779541,16800,0.0,0.0
2024-04-01 00:00:00-04:00,5.059999942779541,5.150000095367432,5.059999942779541,5.139999866485596,45300,0.0,0.0
2024-04-02 00:00:00-04:00,5.150000095367432,5.199999809265137,5.090000152587891,5.199999809265137,39000,0.0,0.0
2024-04-03 00:00:00-04:00,5.190000057220459,5.25,5.099999904632568,5.199999809265137,17400,0.0,0.0
2024-04-04 00:00:00-04:00,5.199999809265137,5.25,5.199999809265137,5.25,29200,0.0,0.0
2024-04-05 00:00:00-04:00,5.25,5.25,5.179999828338623,5.199999809265137,29900,0.0,0.0
2024-04-08 00:00:00-04:00,5.170000076293945,5.210000038146973,5.099999904632568,5.190000057220459,36100,0.0,0.0
2024-04-09 00:00:00-04:00,4.949999809265137,5.150000095367432,4.949999809265137,5.0,20100,0.0,0.0
2024-04-10 00:00:00-04:00,5.079999923706055,5.079999923706055,5.0,5.070000171661377,15200,0.0,0.0
2024-04-11 00:00:00-04:00,5.090000152587891,5.090000152587891,5.0,5.03000020980835,21200,0.0,0.0
2024-04-12 00:00:00-04:00,5.010000228881836,5.079999923706055,5.010000228881836,5.079999923706055,15800,0.0,0.0
2024-04-15 00:00:00-04:00,5.150000095367432,5.150000095367432,5.070000171661377,5.130000114440918,33400,0.0,0.0
2024-04-16 00:00:00-04:00,5.110000133514404,5.110000133514404,4.989999771118164,5.050000190734863,11100,0.0,0.0
2024-04-17 00:00:00-04:00,5.039999961853027,5.090000152587891,5.010000228881836,5.039999961853027,17400,0.0,0.0
2024-04-18 00:00:00-04:00,5.059999942779541,5.110000133514404,5.019999980926514,5.019999980926514,8900,0.0,0.0
2024-04-19 00:00:00-04:00,5.110000133514404,5.110000133514404,5.059999942779541,5.079999923706055,2200,0.0,0.0
2024-04-22 00:00:00-04:00,5.099999904632568,5.099999904632568,4.949999809265137,5.03000020980835,19500,0.0,0.0
2024-04-23 00:00:00-04:00,5.039999961853027,5.090000152587891,5.03000020980835,5.059999942779541,4700,0.0,0.0
2024-04-24 00:00:00-04:00,5.099999904632568,5.110000133514404,5.03000020980835,5.110000133514404,20900,0.0,0.0
2024-04-25 00:00:00-04:00,5.110000133514404,5.110000133514404,5.039999961853027,5.059999942779541,10900,0.0,0.0
2024-04-26 00:00:00-04:00,5.059999942779541,5.150000095367432,5.050000190734863,5.070000171661377,17700,0.0,0.0
2024-04-29 00:00:00-04:00,5.039999961853027,5.110000133514404,5.019999980926514,5.099999904632568,11100,0.0,0.0
2024-04-30 00:00:00-04:00,5.099999904632568,5.099999904632568,5.03000020980835,5.050000190734863,5200,0.0,0.0
2024-05-01 00:00:00-04:00,4.949999809265137,5.099999904632568,4.949999809265137,5.059999942779541,12900,0.0,0.0
2024-05-02 00:00:00-04:00,5.070000171661377,5.099999904632568,5.059999942779541,5.099999904632568,26900,0.0,0.0
2024-05-03 00:00:00-04:00,5.010000228881836,5.099999904632568,4.96999979019165,4.989999771118164,13700,0.0,0.0
2024-05-06 00:00:00-04:00,5.010000228881836,5.090000152587891,4.949999809265137,4.960000038146973,22000,0.0,0.0
2024-05-07 00:00:00-04:00,5.010000228881836,5.03000020980835,4.960000038146973,4.960000038146973,12700,0.0,0.0
2024-05-08 00:00:00-04:00,4.960000038146973,5.039999961853027,4.949999809265137,4.96999979019165,10100,0.0,0.0
2024-05-09 00:00:00-04:00,4.949999809265137,5.099999904632568,4.949999809265137,4.980000019073486,8200,0.0,0.0
2024-05-10 00:00:00-04:00,5.0,5.110000133514404,5.0,5.099999904632568,45000,0.0,0.0
2024-05-13 00:00:00-04:00,5.050000190734863,5.099999904632568,4.889999866485596,4.989999771118164,52800,0.0,0.0
2024-05-14 00:00:00-04:00,5.019999980926514,5.050000190734863,4.989999771118164,5.039999961853027,8200,0.0,0.0
2024-05-15 00:00:00-04:00,4.989999771118164,5.110000133514404,4.989999771118164,5.090000152587891,41100,0.0,0.0
2024-05-16 00:00:00-04:00,5.0,5.110000133514404,5.0,5.070000171661377,34300,0.0,0.0
2024-05-17 00:00:00-04:00,5.099999904632568,5.110000133514404,5.039999961853027,5.090000152587891,54500,0.0,0.0
2024-05-20 00:00:00-04:00,5.099999904632568,5.199999809265137,5.070000171661377,5.199999809265137,106600,0.0,0.0
2024-05-21 00:00:00-04:00,5.139999866485596,5.340000152587891,5.130000114440918,5.340000152587891,40700,0.0,0.0
2024-05-22 00:00:00-04:00,5.349999904632568,5.349999904632568,5.210000038146973,5.320000171661377,36600,0.0,0.0
2024-05-23 00:00:00-04:00,5.099999904632568,5.329999923706055,5.099999904632568,5.230000019073486,45400,0.0,0.0
2024-05-24 00:00:00-04:00,5.199999809265137,5.289999961853027,5.159999847412109,5.269999980926514,13000,0.0,0.0
2024-05-28 00:00:00-04:00,5.340000152587891,5.340000152587891,5.199999809265137,5.269999980926514,13000,0.0,0.0
2024-05-29 00:00:00-04:00,5.239999771118164,5.320000171661377,5.21999979019165,5.25,12800,0.0,0.0
2024-05-30 00:00:00-04:00,5.199999809265137,5.320000171661377,5.199999809265137,5.289999961853027,11800,0.0,0.0
2024-05-31 00:00:00-04:00,5.28000020980835,5.309999942779541,5.079999923706055,5.230000019073486,16300,0.0,0.0
2024-06-03 00:00:00-04:00,5.329999923706055,5.340000152587891,5.260000228881836,5.320000171661377,18500,0.0,0.0
2024-06-04 00:00:00-04:00,5.269999980926514,5.300000190734863,5.210000038146973,5.210000038146973,7800,0.0,0.0
2024-06-05 00:00:00-04:00,5.25,5.289999961853027,5.079999923706055,5.110000133514404,14000,0.0,0.0
2024-06-06 00:00:00-04:00,5.070000171661377,5.130000114440918,5.059999942779541,5.099999904632568,5100,0.0,0.0
2024-06-07 00:00:00-04:00,5.119999885559082,5.179999828338623,5.079999923706055,5.090000152587891,6000,0.0,0.0
2024-06-10 00:00:00-04:00,5.090000152587891,5.139999866485596,5.019999980926514,5.019999980926514,15800,0.0,0.0
2024-06-11 00:00:00-04:00,5.079999923706055,5.079999923706055,5.019999980926514,5.039999961853027,3700,0.0,0.0
2024-06-12 00:00:00-04:00,5.099999904632568,5.130000114440918,5.039999961853027,5.090000152587891,8600,0.0,0.0
2024-06-13 00:00:00-04:00,5.130000114440918,5.130000114440918,5.039999961853027,5.050000190734863,5300,0.0,0.0
2024-06-14 00:00:00-04:00,5.090000152587891,5.090000152587891,5.050000190734863,5.079999923706055,4900,0.0,0.0
2024-06-17 00:00:00-04:00,5.070000171661377,5.099999904632568,5.0,5.079999923706055,16500,0.0,0.0
2024-06-18 00:00:00-04:00,5.010000228881836,5.099999904632568,5.010000228881836,5.010000228881836,18200,0.0,0.0
2024-06-20 00:00:00-04:00,5.070000171661377,5.110000133514404,5.010000228881836,5.070000171661377,13000,0.0,0.0
2024-06-21 00:00:00-04:00,5.21999979019165,5.21999979019165,5.050000190734863,5.21999979019165,33200,0.0,0.0
2024-06-24 00:00:00-04:00,5.210000038146973,5.210000038146973,5.110000133514404,5.190000057220459,25500,0.0,0.0
2024-06-25 00:00:00-04:00,5.130000114440918,5.179999828338623,5.119999885559082,5.119999885559082,4500,0.0,0.0
2024-06-26 00:00:00-04:00,5.190000057220459,5.190000057220459,5.050000190734863,5.159999847412109,13500,0.0,0.0
2024-06-27 00:00:00-04:00,5.170000076293945,5.170000076293945,5.070000171661377,5.159999847412109,16600,0.0,0.0
2024-06-28 00:00:00-04:00,5.170000076293945,5.179999828338623,5.099999904632568,5.139999866485596,16800,0.0,0.0
2024-07-01 00:00:00-04:00,5.170000076293945,5.21999979019165,5.139999866485596,5.190000057220459,43800,0.0,0.0
2024-07-02 00:00:00-04:00,5.199999809265137,5.300000190734863,5.199999809265137,5.25,41600,0.0,0.0
2024-07-03 00:00:00-04:00,5.21999979019165,5.300000190734863,5.139999866485596,5.269999980926514,9800,0.0,0.0
2024-07-05 00:00:00-04:00,5.269999980926514,5.369999885559082,5.239999771118164,5.349999904632568,35100,0.0,0.0
2024-07-08 00:00:00-04:00,5.380000114440918,5.510000228881836,5.349999904632568,5.440000057220459,58400,0.0,0.0
2024-07-09 00:00:00-04:00,5.489999771118164,5.590000152587891,5.400000095367432,5.539999961853027,63400,0.0,0.0
2024-07-10 00:00:00-04:00,5.099999904632568,5.46999979019165,5.079999923706055,5.309999942779541,56200,0.0,0.0
2024-07-11 00:00:00-04:00,5.110000133514404,5.329999923706055,5.110000133514404,5.28000020980835,44200,0.0,0.0
2024-07-12 00:00:00-04:00,5.28000020980835,5.489999771118164,5.28000020980835,5.480000019073486,47500,0.0,0.0
2024-07-15 00:00:00-04:00,5.550000190734863,5.550000190734863,5.25,5.269999980926514,43800,0.0,0.0
2024-07-16 00:00:00-04:00,5.260000228881836,5.5,5.260000228881836,5.369999885559082,33300,0.0,0.0
2024-07-17 00:00:00-04:00,5.400000095367432,5.400000095367432,5.230000019073486,5.300000190734863,29900,0.0,0.0
2024-07-18 00:00:00-04:00,5.360000133514404,5.369999885559082,5.21999979019165,5.230000019073486,22900,0.0,0.0
2024-07-19 00:00:00-04:00,5.230000019073486,5.300000190734863,5.150000095367432,5.190000057220459,22200,0.0,0.0
2024-07-22 00:00:00-04:00,5.110000133514404,5.349999904632568,5.110000133514404,5.190000057220459,8400,0.0,0.0
2024-07-23 00:00:00-04:00,5.28000020980835,5.28000020980835,5.130000114440918,5.139999866485596,6900,0.0,0.0
2024-07-24 00:00:00-04:00,5.150000095367432,5.329999923706055,5.150000095367432,5.28000020980835,26800,0.0,0.0
2024-07-25 00:00:00-04:00,5.179999828338623,5.380000114440918,5.179999828338623,5.210000038146973,25900,0.0,0.0
2024-07-26 00:00:00-04:00,5.269999980926514,5.320000171661377,5.199999809265137,5.25,24900,0.0,0.0
2024-07-29 00:00:00-04:00,5.130000114440918,5.380000114440918,5.130000114440918,5.369999885559082,45100,0.0,0.0
2024-07-30 00:00:00-04:00,5.369999885559082,5.440000057220459,5.309999942779541,5.329999923706055,20500,0.0,0.0
2024-07-31 00:00:00-04:00,5.289999961853027,5.440000057220459,5.289999961853027,5.420000076293945,20100,0.0,0.0
2024-08-01 00:00:00-04:00,5.389999866485596,5.5,5.389999866485596,5.440000057220459,14500,0.0,0.0
2024-08-02 00:00:00-04:00,5.440000057220459,5.449999809265137,5.309999942779541,5.349999904632568,22200,0.0,0.0
2024-08-05 00:00:00-04:00,5.320000171661377,5.340000152587891,5.25,5.25,23000,0.0,0.0
2024-08-06 00:00:00-04:00,5.25,5.309999942779541,5.25,5.28000020980835,9100,0.0,0.0
2024-08-07 00:00:00-04:00,5.28000020980835,5.28000020980835,5.25,5.25,1400,0.0,0.0
2024-08-08 00:00:00-04:00,5.300000190734863,5.329999923706055,5.260000228881836,5.260000228881836,12100,0.0,0.0
2024-08-09 00:00:00-04:00,5.340000152587891,5.340000152587891,5.260000228881836,5.28000020980835,5200,0.0,0.0
2024-08-12 00:00:00-04:00,5.210000038146973,5.239999771118164,5.210000038146973,5.21999979019165,23100,0.0,0.0
2024-08-13 00:00:00-04:00,5.269999980926514,5.269999980926514,5.130000114440918,5.150000095367432,6700,0.0,0.0
2024-08-14 00:00:00-04:00,5.21999979019165,5.329999923706055,5.130000114440918,5.130000114440918,19800,0.0,0.0
2024-08-15 00:00:00-04:00,5.25,5.269999980926514,5.150000095367432,5.210000038146973,23300,0.0,0.0
2024-08-16 00:00:00-04:00,5.25,5.329999923706055,5.210000038146973,5.320000171661377,11600,0.0,0.0
2024-08-19 00:00:00-04:00,5.320000171661377,5.329999923706055,5.139999866485596,5.190000057220459,54000,0.0,0.0
2024-08-20 00:00:00-04:00,5.289999961853027,5.289999961853027,5.179999828338623,5.21999979019165,4700,0.0,0.0
2024-08-21 00:00:00-04:00,5.309999942779541,5.309999942779541,5.21999979019165,5.260000228881836,8400,0.0,0.0
2024-08-22 00:00:00-04:00,5.239999771118164,5.260000228881836,5.179999828338623,5.260000228881836,8600,0.0,0.0
2024-08-23 00:00:00-04:00,5.230000019073486,5.28000020980835,5.199999809265137,5.21999979019165,14000,0.0,0.0
2024-08-26 00:00:00-04:00,5.150000095367432,5.21999979019165,5.130000114440918,5.150000095367432,28300,0.0,0.0
2024-08-27 00:00:00-04:00,5.130000114440918,5.25,5.130000114440918,5.170000076293945,8600,0.0,0.0
2024-08-28 00:00:00-04:00,5.170000076293945,5.269999980926514,5.150000095367432,5.260000228881836,10500,0.0,0.0
2024-08-29 00:00:00-04:00,5.28000020980835,5.28000020980835,5.179999828338623,5.230000019073486,13500,0.0,0.0
2024-08-30 00:00:00-04:00,5.25,5.25,5.159999847412109,5.159999847412109,7400,0.0,0.0
2024-09-03 00:00:00-04:00,5.170000076293945,5.21999979019165,5.159999847412109,5.199999809265137,15800,0.0,0.0
2024-09-04 00:00:00-04:00,5.190000057220459,5.21999979019165,5.159999847412109,5.199999809265137,9000,0.0,0.0
2024-09-05 00:00:00-04:00,5.21999979019165,5.21999979019165,5.199999809265137,5.210000038146973,7300,0.0,0.0
2024-09-06 00:00:00-04:00,5.210000038146973,5.210000038146973,5.159999847412109,5.199999809265137,13700,0.0,0.0
2024-09-09 00:00:00-04:00,5.210000038146973,5.21999979019165,5.159999847412109,5.170000076293945,6700,0.0,0.0
2024-09-10 00:00:00-04:00,5.210000038146973,5.210000038146973,5.190000057220459,5.210000038146973,6600,0.0,0.0
2024-09-11 00:00:00-04:00,5.21999979019165,5.21999979019165,5.190000057220459,5.199999809265137,9100,0.0,0.0
2024-09-12 00:00:00-04:00,5.21999979019165,5.230000019073486,5.159999847412109,5.21999979019165,7100,0.0,0.0
2024-09-13 00:00:00-04:00,5.190000057220459,5.230000019073486,5.159999847412109,5.21999979019165,33100,0.0,0.0
2024-09-16 00:00:00-04:00,5.21999979019165,5.21999979019165,5.199999809265137,5.210000038146973,9400,0.0,0.0
2024-09-17 00:00:00-04:00,5.159999847412109,5.230000019073486,5.159999847412109,5.199999809265137,14100,0.0,0.0
2024-09-18 00:00:00-04:00,5.21999979019165,5.260000228881836,5.199999809265137,5.210000038146973,12800,0.0,0.0
2024-09-19 00:00:00-04:00,5.28000020980835,5.289999961853027,5.239999771118164,5.289999961853027,10300,0.0,0.0
2024-09-20 00:00:00-04:00,5.269999980926514,5.409999847412109,5.21999979019165,5.409999847412109,36900,0.0,0.0
2024-09-23 00:00:00-04:00,5.360000133514404,5.420000076293945,5.28000020980835,5.420000076293945,8000,0.0,0.0
2024-09-24 00:00:00-04:00,5.420000076293945,5.420000076293945,5.349999904632568,5.349999904632568,5400,0.0,0.0
2024-09-25 00:00:00-04:00,5.360000133514404,5.420000076293945,5.320000171661377,5.349999904632568,17400,0.0,0.0
2024-09-26 00:00:00-04:00,5.360000133514404,5.409999847412109,5.320000171661377,5.369999885559082,7100,0.0,0.0
2024-09-27 00:00:00-04:00,5.380000114440918,5.480000019073486,5.329999923706055,5.480000019073486,24400,0.0,0.0
2024-09-30 00:00:00-04:00,5.550000190734863,5.659999847412109,5.53000020980835,5.570000171661377,47600,0.0,0.0
2024-10-01 00:00:00-04:00,5.630000114440918,5.639999866485596,5.449999809265137,5.630000114440918,16400,0.0,0.0
2024-10-02 00:00:00-04:00,5.659999847412109,5.690000057220459,5.610000133514404,5.630000114440918,25700,0.0,0.0
2024-10-03 00:00:00-04:00,5.610000133514404,5.639999866485596,5.519999980926514,5.590000152587891,17800,0.0,0.0
2024-10-04 00:00:00-04:00,5.670000076293945,5.75,5.590000152587891,5.730000019073486,25300,0.0,0.0
