Date,Open,High,Low,Close,Volume,Dividends,Stock Splits
2022-08-12 00:00:00-04:00,70.4000015258789,99.5999984741211,38.08000183105469,38.400001525878906,570138,0.0,0.0
2022-08-15 00:00:00-04:00,34.47999954223633,36.400001525878906,28.639999389648438,31.920000076293945,118013,0.0,0.0
2022-08-16 00:00:00-04:00,37.20000076293945,41.7599983215332,32.08000183105469,32.79999923706055,320038,0.0,0.0
2022-08-17 00:00:00-04:00,30.959999084472656,35.68000030517578,30.799999237060547,33.91999816894531,81950,0.0,0.0
2022-08-18 00:00:00-04:00,32.15999984741211,33.20000076293945,30.15999984741211,31.760000228881836,70588,0.0,0.0
2022-08-19 00:00:00-04:00,29.760000228881836,32.720001220703125,27.280000686645508,29.200000762939453,69375,0.0,0.0
2022-08-22 00:00:00-04:00,33.040000915527344,33.91999816894531,27.600000381469727,28.31999969482422,96538,0.0,0.0
2022-08-23 00:00:00-04:00,27.440000534057617,28.959999084472656,25.200000762939453,27.280000686645508,47400,0.0,0.0
2022-08-24 00:00:00-04:00,27.200000762939453,28.152000427246094,23.360000610351562,26.559999465942383,143488,0.0,0.0
2022-08-25 00:00:00-04:00,24.399999618530273,26.239999771118164,21.760000228881836,23.600000381469727,50788,0.0,0.0
2022-08-26 00:00:00-04:00,23.520000457763672,25.040000915527344,21.84000015258789,22.399999618530273,27088,0.0,0.0
2022-08-29 00:00:00-04:00,22.239999771118164,22.639999389648438,19.200000762939453,19.687999725341797,23888,0.0,0.0
2022-08-30 00:00:00-04:00,20.15999984741211,20.799999237060547,18.399999618530273,18.639999389648438,12600,0.0,0.0
2022-08-31 00:00:00-04:00,18.719999313354492,22.007999420166016,18.399999618530273,20.983999252319336,36525,0.0,0.0
2022-09-01 00:00:00-04:00,20.719999313354492,22.8799991607666,20.079999923706055,20.760000228881836,44438,0.0,0.0
2022-09-02 00:00:00-04:00,22.15999984741211,22.399999618530273,18.799999237060547,19.84000015258789,86300,0.0,0.0
2022-09-06 00:00:00-04:00,19.520000457763672,19.97599983215332,17.600000381469727,18.799999237060547,22525,0.0,0.0
2022-09-07 00:00:00-04:00,18.239999771118164,19.559999465942383,16.8799991607666,17.920000076293945,11500,0.0,0.0
2022-09-08 00:00:00-04:00,17.600000381469727,18.639999389648438,17.440000534057617,18.239999771118164,9113,0.0,0.0
2022-09-09 00:00:00-04:00,18.799999237060547,20.799999237060547,18.0,18.959999084472656,45288,0.0,0.0
2022-09-12 00:00:00-04:00,20.719999313354492,24.0,20.079999923706055,20.559999465942383,48500,0.0,0.0
2022-09-13 00:00:00-04:00,20.0,22.399999618530273,18.559999465942383,19.128000259399414,70813,0.0,0.0
2022-09-14 00:00:00-04:00,18.959999084472656,21.600000381469727,18.239999771118164,19.760000228881836,38713,0.0,0.0
2022-09-15 00:00:00-04:00,19.040000915527344,19.68000030517578,17.84000015258789,18.15999984741211,19788,0.0,0.0
2022-09-16 00:00:00-04:00,17.84000015258789,18.8799991607666,16.8799991607666,16.8799991607666,12438,0.0,0.0
2022-09-19 00:00:00-04:00,16.799999237060547,18.31999969482422,15.680000305175781,16.239999771118164,15625,0.0,0.0
2022-09-20 00:00:00-04:00,17.440000534057617,19.040000915527344,16.368000030517578,18.079999923706055,19013,0.0,0.0
2022-09-21 00:00:00-04:00,16.8799991607666,18.399999618530273,16.079999923706055,16.31999969482422,5975,0.0,0.0
2022-09-22 00:00:00-04:00,16.479999542236328,16.799999237060547,15.760000228881836,16.31999969482422,4475,0.0,0.0
2022-09-23 00:00:00-04:00,16.31999969482422,16.84000015258789,15.199999809265137,15.359999656677246,7175,0.0,0.0
2022-09-26 00:00:00-04:00,14.984000205993652,16.0,14.399999618530273,15.383999824523926,2413,0.0,0.0
2022-09-27 00:00:00-04:00,15.600000381469727,16.079999923706055,14.079999923706055,14.5600004196167,8313,0.0,0.0
2022-09-28 00:00:00-04:00,14.432000160217285,16.719999313354492,14.399999618530273,15.600000381469727,15238,0.0,0.0
2022-09-29 00:00:00-04:00,15.279999732971191,17.280000686645508,14.079999923706055,14.880000114440918,13263,0.0,0.0
2022-09-30 00:00:00-04:00,14.720000267028809,16.191999435424805,14.720000267028809,14.720000267028809,2788,0.0,0.0
2022-10-03 00:00:00-04:00,14.800000190734863,15.279999732971191,13.199999809265137,13.4399995803833,4925,0.0,0.0
2022-10-04 00:00:00-04:00,14.319999694824219,14.479999542236328,13.784000396728516,13.920000076293945,3538,0.0,0.0
2022-10-05 00:00:00-04:00,13.600000381469727,13.600000381469727,12.0,12.399999618530273,5700,0.0,0.0
2022-10-06 00:00:00-04:00,12.880000114440918,13.119999885559082,12.15999984741211,12.4399995803833,4338,0.0,0.0
2022-10-07 00:00:00-04:00,12.079999923706055,13.079999923706055,12.079999923706055,12.880000114440918,3875,0.0,0.0
2022-10-10 00:00:00-04:00,12.5600004196167,13.4399995803833,12.079999923706055,12.687999725341797,3775,0.0,0.0
2022-10-11 00:00:00-04:00,12.239999771118164,12.319999694824219,8.880000114440918,10.239999771118164,9963,0.0,0.0
2022-10-12 00:00:00-04:00,10.399999618530273,11.279999732971191,9.760000228881836,10.15999984741211,6575,0.0,0.0
2022-10-13 00:00:00-04:00,10.720000267028809,11.15999984741211,10.239999771118164,10.720000267028809,9700,0.0,0.0
2022-10-14 00:00:00-04:00,10.239999771118164,10.720000267028809,9.760000228881836,10.0,3250,0.0,0.0
2022-10-17 00:00:00-04:00,9.760000228881836,10.399999618530273,9.600000381469727,10.399999618530273,5863,0.0,0.0
2022-10-18 00:00:00-04:00,10.720000267028809,10.960000038146973,9.95199966430664,10.239999771118164,2925,0.0,0.0
2022-10-19 00:00:00-04:00,10.479999542236328,11.199999809265137,10.0,10.399999618530273,12513,0.0,0.0
2022-10-20 00:00:00-04:00,10.399999618530273,10.800000190734863,9.039999961853027,9.600000381469727,5138,0.0,0.0
2022-10-21 00:00:00-04:00,9.4399995803833,9.887999534606934,9.039999961853027,9.119999885559082,5450,0.0,0.0
2022-10-24 00:00:00-04:00,9.199999809265137,9.520000457763672,8.960000038146973,9.119999885559082,7313,0.0,0.0
2022-10-25 00:00:00-04:00,10.0,10.0,9.199999809265137,9.680000305175781,3438,0.0,0.0
2022-10-26 00:00:00-04:00,9.119999885559082,9.920000076293945,9.112000465393066,9.920000076293945,2350,0.0,0.0
2022-10-27 00:00:00-04:00,9.84000015258789,9.84000015258789,8.800000190734863,9.199999809265137,2975,0.0,0.0
2022-10-28 00:00:00-04:00,9.279999732971191,9.680000305175781,8.399999618530273,9.0,9088,0.0,0.0
2022-10-31 00:00:00-04:00,9.583999633789062,9.583999633789062,8.760000228881836,8.880000114440918,5988,0.0,0.0
2022-11-01 00:00:00-04:00,8.880000114440918,9.600000381469727,8.880000114440918,9.4399995803833,4263,0.0,0.0
2022-11-02 00:00:00-04:00,9.520000457763672,9.920000076293945,9.279999732971191,9.600000381469727,18963,0.0,0.0
2022-11-03 00:00:00-04:00,9.84000015258789,9.84000015258789,8.84000015258789,9.039999961853027,5875,0.0,0.0
2022-11-04 00:00:00-04:00,9.279999732971191,9.279999732971191,8.5600004196167,8.880000114440918,3713,0.0,0.0
2022-11-07 00:00:00-05:00,9.119999885559082,9.119999885559082,8.0,8.319999694824219,6425,0.0,0.0
2022-11-08 00:00:00-05:00,8.079999923706055,8.800000190734863,8.071999549865723,8.079999923706055,4263,0.0,0.0
2022-11-09 00:00:00-05:00,8.319999694824219,8.4399995803833,7.375999927520752,7.599999904632568,13713,0.0,0.0
2022-11-10 00:00:00-05:00,7.400000095367432,7.872000217437744,7.28000020980835,7.74399995803833,5500,0.0,0.0
2022-11-11 00:00:00-05:00,7.51200008392334,7.656000137329102,7.208000183105469,7.599999904632568,19888,0.0,0.0
2022-11-14 00:00:00-05:00,7.599999904632568,7.895999908447266,7.440000057220459,7.679999828338623,14563,0.0,0.0
2022-11-15 00:00:00-05:00,7.855999946594238,8.503999710083008,7.688000202178955,8.239999771118164,8488,0.0,0.0
2022-11-16 00:00:00-05:00,8.0,8.359999656677246,7.943999767303467,7.9679999351501465,2638,0.0,0.0
2022-11-17 00:00:00-05:00,7.97599983215332,8.0,7.616000175476074,7.831999778747559,2563,0.0,0.0
2022-11-18 00:00:00-05:00,7.895999908447266,8.15999984741211,7.831999778747559,8.0,7850,0.0,0.0
2022-11-21 00:00:00-05:00,8.0,8.239999771118164,7.696000099182129,7.855999946594238,3988,0.0,0.0
2022-11-22 00:00:00-05:00,7.624000072479248,8.079999923706055,7.624000072479248,8.079999923706055,2100,0.0,0.0
2022-11-23 00:00:00-05:00,7.840000152587891,8.223999977111816,7.28000020980835,7.840000152587891,5100,0.0,0.0
2022-11-25 00:00:00-05:00,7.9120001792907715,8.079999923706055,7.76800012588501,7.920000076293945,5138,0.0,0.0
2022-11-28 00:00:00-05:00,7.823999881744385,8.319999694824219,7.823999881744385,8.239999771118164,3638,0.0,0.0
2022-11-29 00:00:00-05:00,8.15999984741211,8.15999984741211,7.375999927520752,7.688000202178955,7500,0.0,0.0
2022-11-30 00:00:00-05:00,7.519999980926514,7.760000228881836,7.375999927520752,7.375999927520752,3025,0.0,0.0
2022-12-01 00:00:00-05:00,7.383999824523926,7.703999996185303,6.71999979019165,7.248000144958496,9425,0.0,0.0
2022-12-02 00:00:00-05:00,7.28000020980835,7.28000020980835,6.880000114440918,6.888000011444092,2188,0.0,0.0
2022-12-05 00:00:00-05:00,6.888000011444092,8.319999694824219,6.888000011444092,7.840000152587891,16250,0.0,0.0
2022-12-06 00:00:00-05:00,7.920000076293945,9.119999885559082,7.464000225067139,8.15999984741211,42275,0.0,0.0
2022-12-07 00:00:00-05:00,7.8480000495910645,8.079999923706055,7.047999858856201,7.519999980926514,24038,0.0,0.0
2022-12-08 00:00:00-05:00,7.639999866485596,7.840000152587891,6.895999908447266,7.159999847412109,9638,0.0,0.0
2022-12-09 00:00:00-05:00,7.199999809265137,9.520000457763672,7.039999961853027,8.711999893188477,122963,0.0,0.0
2022-12-12 00:00:00-05:00,10.880000114440918,13.991999626159668,10.0,11.199999809265137,617050,0.0,0.0
2022-12-13 00:00:00-05:00,9.84000015258789,11.039999961853027,8.760000228881836,10.720000267028809,106113,0.0,0.0
2022-12-14 00:00:00-05:00,10.319999694824219,11.84000015258789,9.279999732971191,10.199999809265137,56788,0.0,0.0
2022-12-15 00:00:00-05:00,10.399999618530273,10.399999618530273,8.880000114440918,9.039999961853027,17638,0.0,0.0
2022-12-16 00:00:00-05:00,8.855999946594238,8.855999946594238,7.760000228881836,7.920000076293945,22175,0.0,0.0
2022-12-19 00:00:00-05:00,7.960000038146973,7.960000038146973,6.6479997634887695,7.0320000648498535,43563,0.0,0.0
2022-12-20 00:00:00-05:00,7.736000061035156,7.736000061035156,6.400000095367432,6.888000011444092,10238,0.0,0.0
2022-12-21 00:00:00-05:00,6.880000114440918,7.007999897003174,6.0,6.71999979019165,20800,0.0,0.0
2022-12-22 00:00:00-05:00,6.71999979019165,7.199999809265137,6.320000171661377,6.808000087738037,3125,0.0,0.0
2022-12-23 00:00:00-05:00,6.495999813079834,6.840000152587891,6.159999847412109,6.239999771118164,6150,0.0,0.0
2022-12-27 00:00:00-05:00,6.3520002365112305,7.199999809265137,6.239999771118164,6.800000190734863,9125,0.0,0.0
2022-12-28 00:00:00-05:00,6.880000114440918,6.880000114440918,6.239999771118164,6.335999965667725,5463,0.0,0.0
2022-12-29 00:00:00-05:00,6.696000099182129,6.71999979019165,5.840000152587891,6.320000171661377,5163,0.0,0.0
2022-12-30 00:00:00-05:00,6.360000133514404,7.02400016784668,6.079999923706055,6.559999942779541,16000,0.0,0.0
2023-01-03 00:00:00-05:00,7.119999885559082,7.119999885559082,6.216000080108643,6.639999866485596,18338,0.0,0.0
2023-01-04 00:00:00-05:00,6.895999908447266,6.895999908447266,6.199999809265137,6.559999942779541,6913,0.0,0.0
2023-01-05 00:00:00-05:00,6.415999889373779,6.631999969482422,6.176000118255615,6.400000095367432,8213,0.0,0.0
2023-01-06 00:00:00-05:00,6.776000022888184,6.776000022888184,6.400000095367432,6.4079999923706055,5175,0.0,0.0
2023-01-09 00:00:00-05:00,6.415999889373779,7.119999885559082,6.415999889373779,6.808000087738037,7850,0.0,0.0
2023-01-10 00:00:00-05:00,6.808000087738037,7.199999809265137,6.567999839782715,7.119999885559082,11413,0.0,0.0
2023-01-11 00:00:00-05:00,7.199999809265137,7.711999893188477,7.0320000648498535,7.559999942779541,16988,0.0,0.0
2023-01-12 00:00:00-05:00,7.440000057220459,7.840000152587891,7.199999809265137,7.544000148773193,8488,0.0,0.0
2023-01-13 00:00:00-05:00,7.559999942779541,7.895999908447266,7.28000020980835,7.751999855041504,10100,0.0,0.0
2023-01-17 00:00:00-05:00,8.399999618530273,9.920000076293945,7.863999843597412,9.760000228881836,66313,0.0,0.0
2023-01-18 00:00:00-05:00,9.520000457763672,10.5600004196167,9.263999938964844,9.815999984741211,67063,0.0,0.0
2023-01-19 00:00:00-05:00,10.15999984741211,10.800000190734863,9.288000106811523,9.600000381469727,20488,0.0,0.0
2023-01-20 00:00:00-05:00,9.84000015258789,9.84000015258789,9.119999885559082,9.600000381469727,8638,0.0,0.0
2023-01-23 00:00:00-05:00,9.920000076293945,9.920000076293945,9.119999885559082,9.600000381469727,35463,0.0,0.0
2023-01-24 00:00:00-05:00,9.687999725341797,9.760000228881836,9.039999961853027,9.520000457763672,8650,0.0,0.0
2023-01-25 00:00:00-05:00,9.359999656677246,9.600000381469727,8.960000038146973,9.119999885559082,4050,0.0,0.0
2023-01-26 00:00:00-05:00,9.119999885559082,9.119999885559082,8.800000190734863,8.800000190734863,2688,0.0,0.0
2023-01-27 00:00:00-05:00,8.86400032043457,9.152000427246094,8.5600004196167,8.800000190734863,5775,0.0,0.0
2023-01-30 00:00:00-05:00,8.720000267028809,8.960000038146973,8.239999771118164,8.46399974822998,10475,0.0,0.0
2023-01-31 00:00:00-05:00,8.5600004196167,8.720000267028809,8.239999771118164,8.319999694824219,8025,0.0,0.0
2023-02-01 00:00:00-05:00,8.640000343322754,9.039999961853027,8.319999694824219,8.800000190734863,12850,0.0,0.0
2023-02-02 00:00:00-05:00,9.119999885559082,9.119999885559082,8.239999771118164,8.5600004196167,10238,0.0,0.0
2023-02-03 00:00:00-05:00,8.479999542236328,8.640000343322754,8.4399995803833,8.48799991607666,9775,0.0,0.0
2023-02-06 00:00:00-05:00,8.079999923706055,8.776000022888184,8.079999923706055,8.552000045776367,8163,0.0,0.0
2023-02-07 00:00:00-05:00,8.5600004196167,8.5600004196167,8.079999923706055,8.119999885559082,6750,0.0,0.0
2023-02-08 00:00:00-05:00,8.399999618530273,8.800000190734863,8.319999694824219,8.319999694824219,3913,0.0,0.0
2023-02-09 00:00:00-05:00,8.5600004196167,8.5600004196167,8.079999923706055,8.239999771118164,4538,0.0,0.0
2023-02-10 00:00:00-05:00,8.239999771118164,8.399999618530273,7.760000228881836,8.319999694824219,4788,0.0,0.0
2023-02-13 00:00:00-05:00,8.720000267028809,8.720000267028809,7.920000076293945,8.15999984741211,7863,0.0,0.0
2023-02-14 00:00:00-05:00,8.15999984741211,8.319999694824219,7.880000114440918,8.239999771118164,6938,0.0,0.0
2023-02-15 00:00:00-05:00,8.399999618530273,8.720000267028809,8.0,8.479999542236328,8675,0.0,0.0
2023-02-16 00:00:00-05:00,8.479999542236328,8.479999542236328,7.840000152587891,7.97599983215332,19013,0.0,0.0
2023-02-17 00:00:00-05:00,8.0,8.15999984741211,7.599999904632568,8.0,8388,0.0,0.0
2023-02-21 00:00:00-05:00,8.0,8.0,7.599999904632568,7.943999767303467,1738,0.0,0.0
2023-02-22 00:00:00-05:00,7.943999767303467,7.943999767303467,7.599999904632568,7.840000152587891,3475,0.0,0.0
2023-02-23 00:00:00-05:00,7.400000095367432,8.0,7.400000095367432,7.679999828338623,9938,0.0,0.0
2023-02-24 00:00:00-05:00,8.0,8.0,7.360000133514404,7.696000099182129,8163,0.0,0.0
2023-02-27 00:00:00-05:00,7.679999828338623,8.079999923706055,7.440000057220459,7.711999893188477,1388,0.0,0.0
2023-02-28 00:00:00-05:00,7.671999931335449,7.9120001792907715,7.4720001220703125,7.9120001792907715,3538,0.0,0.0
2023-03-01 00:00:00-05:00,7.599999904632568,7.751999855041504,6.880000114440918,7.440000057220459,6788,0.0,0.0
2023-03-02 00:00:00-05:00,7.51200008392334,7.519999980926514,6.888000011444092,7.199999809265137,4025,0.0,0.0
2023-03-03 00:00:00-05:00,6.992000102996826,7.360000133514404,6.535999774932861,6.960000038146973,9475,0.0,0.0
2023-03-06 00:00:00-05:00,7.072000026702881,7.072000026702881,6.639999866485596,6.895999908447266,3600,0.0,0.0
2023-03-07 00:00:00-05:00,6.895999908447266,7.223999977111816,6.639999866485596,7.039999961853027,3388,0.0,0.0
2023-03-08 00:00:00-05:00,7.432000160217285,7.432000160217285,6.880000114440918,7.199999809265137,2163,0.0,0.0
2023-03-09 00:00:00-05:00,7.199999809265137,7.199999809265137,6.808000087738037,7.007999897003174,2713,0.0,0.0
2023-03-10 00:00:00-05:00,6.71999979019165,7.199999809265137,6.48799991607666,6.567999839782715,5025,0.0,0.0
2023-03-13 00:00:00-04:00,6.480000019073486,9.199999809265137,6.480000019073486,8.5600004196167,108563,0.0,0.0
2023-03-14 00:00:00-04:00,8.960000038146973,9.199999809265137,7.455999851226807,7.679999828338623,25863,0.0,0.0
2023-03-15 00:00:00-04:00,7.447999954223633,7.920000076293945,6.480000019073486,6.76800012588501,38163,0.0,0.0
2023-03-16 00:00:00-04:00,6.495999813079834,7.679999828338623,6.480000019073486,7.432000160217285,10050,0.0,0.0
2023-03-17 00:00:00-04:00,7.208000183105469,7.432000160217285,6.664000034332275,6.664000034332275,4600,0.0,0.0
2023-03-20 00:00:00-04:00,7.0,7.199999809265137,6.48799991607666,6.960000038146973,2200,0.0,0.0
2023-03-21 00:00:00-04:00,6.800000190734863,7.199999809265137,6.639999866485596,6.927999973297119,4550,0.0,0.0
2023-03-22 00:00:00-04:00,7.239999771118164,7.504000186920166,6.800000190734863,6.880000114440918,1325,0.0,0.0
2023-03-23 00:00:00-04:00,6.800000190734863,7.440000057220459,6.480000019073486,7.119999885559082,5838,0.0,0.0
2023-03-24 00:00:00-04:00,7.119999885559082,7.760000228881836,6.544000148773193,7.199999809265137,9725,0.0,0.0
2023-03-27 00:00:00-04:00,6.984000205993652,7.360000133514404,6.823999881744385,6.831999778747559,463,0.0,0.0
2023-03-28 00:00:00-04:00,6.639999866485596,7.28000020980835,6.639999866485596,6.880000114440918,425,0.0,0.0
2023-03-29 00:00:00-04:00,6.71999979019165,7.271999835968018,6.71999979019165,7.199999809265137,2588,0.0,0.0
2023-03-30 00:00:00-04:00,7.199999809265137,7.599999904632568,7.039999961853027,7.271999835968018,5813,0.0,0.0
2023-03-31 00:00:00-04:00,7.440000057220459,7.440000057220459,6.888000011444092,7.432000160217285,1550,0.0,0.0
2023-04-03 00:00:00-04:00,7.0960001945495605,7.679999828338623,7.0960001945495605,7.504000186920166,4275,0.0,0.0
2023-04-04 00:00:00-04:00,7.688000202178955,7.688000202178955,7.199999809265137,7.599999904632568,1800,0.0,0.0
2023-04-05 00:00:00-04:00,7.599999904632568,7.679999828338623,7.127999782562256,7.519999980926514,1888,0.0,0.0
2023-04-06 00:00:00-04:00,7.199999809265137,7.519999980926514,7.199999809265137,7.199999809265137,300,0.0,0.0
2023-04-10 00:00:00-04:00,7.559999942779541,7.559999942779541,7.047999858856201,7.440000057220459,500,0.0,0.0
2023-04-11 00:00:00-04:00,7.199999809265137,7.5279998779296875,7.199999809265137,7.432000160217285,1600,0.0,0.0
2023-04-12 00:00:00-04:00,7.5279998779296875,7.599999904632568,7.047999858856201,7.519999980926514,4988,0.0,0.0
2023-04-13 00:00:00-04:00,7.23199987411499,7.519999980926514,6.888000011444092,7.119999885559082,2750,0.0,0.0
2023-04-14 00:00:00-04:00,7.119999885559082,7.119999885559082,6.559999942779541,6.863999843597412,4600,0.0,0.0
2023-04-17 00:00:00-04:00,6.984000205993652,7.039999961853027,6.800000190734863,6.823999881744385,1975,0.0,0.0
2023-04-18 00:00:00-04:00,7.111999988555908,7.111999988555908,6.823999881744385,7.039999961853027,413,0.0,0.0
2023-04-19 00:00:00-04:00,7.392000198364258,7.392000198364258,6.6479997634887695,7.039999961853027,3038,0.0,0.0
2023-04-20 00:00:00-04:00,7.199999809265137,7.320000171661377,6.800000190734863,6.815999984741211,1563,0.0,0.0
2023-04-21 00:00:00-04:00,7.007999897003174,7.199999809265137,6.559999942779541,7.199999809265137,1125,0.0,0.0
2023-04-24 00:00:00-04:00,7.199999809265137,7.599999904632568,6.800000190734863,7.28000020980835,3088,0.0,0.0
2023-04-25 00:00:00-04:00,7.199999809265137,7.440000057220459,6.567999839782715,7.343999862670898,1600,0.0,0.0
2023-04-26 00:00:00-04:00,6.880000114440918,7.343999862670898,6.800000190734863,6.960000038146973,1538,0.0,0.0
2023-04-27 00:00:00-04:00,6.71999979019165,7.360000133514404,6.71999979019165,7.111999988555908,700,0.0,0.0
2023-04-28 00:00:00-04:00,7.199999809265137,7.360000133514404,6.888000011444092,7.199999809265137,2238,0.0,0.0
2023-05-01 00:00:00-04:00,7.047999858856201,7.047999858856201,6.400000095367432,6.960000038146973,1538,0.0,0.0
2023-05-02 00:00:00-04:00,7.168000221252441,7.199999809265137,6.664000034332275,6.960000038146973,1100,0.0,0.0
2023-05-03 00:00:00-04:00,6.800000190734863,8.0,6.800000190734863,7.760000228881836,14650,0.0,0.0
2023-05-04 00:00:00-04:00,7.760000228881836,7.920000076293945,7.127999782562256,7.400000095367432,2800,0.0,0.0
2023-05-05 00:00:00-04:00,7.28000020980835,7.920000076293945,6.960000038146973,7.840000152587891,925,0.0,0.0
2023-05-08 00:00:00-04:00,7.9039998054504395,7.9039998054504395,7.28000020980835,7.432000160217285,925,0.0,0.0
2023-05-09 00:00:00-04:00,7.519999980926514,8.800000190734863,7.519999980926514,8.5600004196167,8813,0.0,0.0
2023-05-10 00:00:00-04:00,8.319999694824219,8.479999542236328,7.74399995803833,8.15999984741211,4400,0.0,0.0
2023-05-11 00:00:00-04:00,7.71999979019165,8.0,7.519999980926514,7.840000152587891,2025,0.0,0.0
2023-05-12 00:00:00-04:00,7.74399995803833,7.783999919891357,6.880000114440918,7.28000020980835,5363,0.0,0.0
2023-05-15 00:00:00-04:00,6.895999908447266,8.079999923706055,6.895999908447266,7.599999904632568,500,0.0,0.0
2023-05-16 00:00:00-04:00,6.9679999351501465,8.0,6.079999923706055,6.552000045776367,10438,0.0,0.0
2023-05-17 00:00:00-04:00,6.935999870300293,6.935999870300293,5.920000076293945,6.71999979019165,8013,0.0,0.0
2023-05-18 00:00:00-04:00,6.76800012588501,7.432000160217285,6.343999862670898,7.199999809265137,14400,0.0,0.0
2023-05-19 00:00:00-04:00,7.960000038146973,7.960000038146973,7.199999809265137,7.208000183105469,6263,0.0,0.0
2023-05-22 00:00:00-04:00,7.791999816894531,7.791999816894531,6.71999979019165,6.992000102996826,4063,0.0,0.0
2023-05-23 00:00:00-04:00,6.736000061035156,7.808000087738037,6.736000061035156,7.248000144958496,1188,0.0,0.0
2023-05-24 00:00:00-04:00,7.248000144958496,7.248000144958496,7.159999847412109,7.159999847412109,75,0.0,0.0
2023-05-25 00:00:00-04:00,6.639999866485596,7.320000171661377,6.639999866485596,6.639999866485596,3438,0.0,0.0
2023-05-26 00:00:00-04:00,6.97599983215332,7.056000232696533,6.71999979019165,7.039999961853027,350,0.0,0.0
2023-05-30 00:00:00-04:00,7.1519999504089355,7.199999809265137,6.71999979019165,7.039999961853027,2163,0.0,0.0
2023-05-31 00:00:00-04:00,7.440000057220459,7.440000057220459,6.71999979019165,7.199999809265137,1250,0.0,0.0
2023-06-01 00:00:00-04:00,6.831999778747559,7.056000232696533,6.71999979019165,6.920000076293945,1700,0.0,0.0
2023-06-02 00:00:00-04:00,6.800000190734863,7.0,6.639999866485596,6.880000114440918,3900,0.0,0.0
2023-06-05 00:00:00-04:00,7.199999809265137,7.199999809265137,6.567999839782715,6.639999866485596,4813,0.0,0.0
2023-06-06 00:00:00-04:00,6.71999979019165,6.960000038146973,6.639999866485596,6.71999979019165,2663,0.0,0.0
2023-06-07 00:00:00-04:00,6.960000038146973,7.119999885559082,6.800000190734863,7.119999885559082,6325,0.0,0.0
2023-06-08 00:00:00-04:00,7.039999961853027,7.119999885559082,6.639999866485596,6.800000190734863,5450,0.0,0.0
2023-06-09 00:00:00-04:00,6.71999979019165,7.119999885559082,6.639999866485596,6.711999893188477,1013,0.0,0.0
2023-06-12 00:00:00-04:00,6.800000190734863,7.039999961853027,6.760000228881836,6.880000114440918,275,0.0,0.0
2023-06-13 00:00:00-04:00,6.880000114440918,7.199999809265137,6.880000114440918,6.9679999351501465,5075,0.0,0.0
2023-06-14 00:00:00-04:00,6.671999931335449,7.056000232696533,6.400000095367432,6.639999866485596,4275,0.0,0.0
2023-06-15 00:00:00-04:00,7.360000133514404,7.360000133514404,6.576000213623047,6.71999979019165,1025,0.0,0.0
2023-06-16 00:00:00-04:00,6.71999979019165,6.960000038146973,6.5279998779296875,6.960000038146973,1625,0.0,0.0
2023-06-20 00:00:00-04:00,6.935999870300293,7.039999961853027,6.5279998779296875,6.567999839782715,1063,0.0,0.0
2023-06-21 00:00:00-04:00,6.567999839782715,7.191999912261963,6.4079999923706055,6.480000019073486,2963,0.0,0.0
2023-06-22 00:00:00-04:00,6.559999942779541,6.639999866485596,6.480000019073486,6.480000019073486,888,0.0,0.0
2023-06-23 00:00:00-04:00,6.639999866485596,6.728000164031982,6.119999885559082,6.480000019073486,1950,0.0,0.0
2023-06-26 00:00:00-04:00,6.519999980926514,6.760000228881836,6.02400016784668,6.751999855041504,2763,0.0,0.0
2023-06-27 00:00:00-04:00,6.400000095367432,6.74399995803833,6.335999965667725,6.616000175476074,1450,0.0,0.0
2023-06-28 00:00:00-04:00,6.159999847412109,6.71999979019165,6.0320000648498535,6.127999782562256,1913,0.0,0.0
2023-06-29 00:00:00-04:00,6.343999862670898,6.559999942779541,6.079999923706055,6.480000019073486,488,0.0,0.0
2023-06-30 00:00:00-04:00,6.320000171661377,6.400000095367432,6.159999847412109,6.320000171661377,4038,0.0,0.0
2023-07-03 00:00:00-04:00,6.383999824523926,6.559999942779541,6.239999771118164,6.320000171661377,563,0.0,0.0
2023-07-05 00:00:00-04:00,6.71999979019165,6.71999979019165,6.159999847412109,6.239999771118164,1350,0.0,0.0
2023-07-06 00:00:00-04:00,6.239999771118164,6.559999942779541,6.0879998207092285,6.559999942779541,1325,0.0,0.0
2023-07-07 00:00:00-04:00,6.127999782562256,6.400000095367432,6.079999923706055,6.239999771118164,3175,0.0,0.0
2023-07-10 00:00:00-04:00,6.320000171661377,6.320000171661377,6.119999885559082,6.239999771118164,1213,0.0,0.0
2023-07-11 00:00:00-04:00,6.199999809265137,6.400000095367432,6.199999809265137,6.392000198364258,5750,0.0,0.0
2023-07-12 00:00:00-04:00,6.400000095367432,6.400000095367432,6.159999847412109,6.400000095367432,3300,0.0,0.0
2023-07-13 00:00:00-04:00,6.559999942779541,6.559999942779541,6.28000020980835,6.559999942779541,3425,0.0,0.0
2023-07-14 00:00:00-04:00,6.639999866485596,6.639999866485596,6.0,6.335999965667725,2288,0.0,0.0
2023-07-17 00:00:00-04:00,6.320000171661377,6.400000095367432,6.216000080108643,6.360000133514404,2863,0.0,0.0
2023-07-18 00:00:00-04:00,6.360000133514404,6.400000095367432,6.239999771118164,6.400000095367432,2175,0.0,0.0
2023-07-19 00:00:00-04:00,6.159999847412109,6.400000095367432,6.159999847412109,6.400000095367432,1775,0.0,0.0
2023-07-20 00:00:00-04:00,6.271999835968018,6.400000095367432,6.159999847412109,6.216000080108643,1900,0.0,0.0
2023-07-21 00:00:00-04:00,6.239999771118164,6.320000171661377,5.599999904632568,6.168000221252441,23038,0.0,0.0
2023-07-24 00:00:00-04:00,5.872000217437744,6.400000095367432,5.840000152587891,6.007999897003174,7888,0.0,0.0
2023-07-25 00:00:00-04:00,6.480000019073486,6.559999942779541,6.159999847412109,6.400000095367432,85963,0.0,0.0
2023-07-26 00:00:00-04:00,6.400000095367432,6.480000019073486,6.0960001945495605,6.199999809265137,11900,0.0,0.0
2023-07-27 00:00:00-04:00,5.880000114440918,6.400000095367432,5.760000228881836,6.0,6163,0.0,0.0
2023-07-28 00:00:00-04:00,6.079999923706055,6.400000095367432,6.007999897003174,6.320000171661377,4313,0.0,0.0
2023-07-31 00:00:00-04:00,6.239999771118164,6.400000095367432,6.111999988555908,6.248000144958496,2050,0.0,0.0
2023-08-01 00:00:00-04:00,6.239999771118164,6.239999771118164,5.840000152587891,5.8480000495910645,8650,0.0,0.0
2023-08-02 00:00:00-04:00,5.840000152587891,6.199999809265137,5.679999828338623,5.760000228881836,2000,0.0,0.0
2023-08-03 00:00:00-04:00,5.71999979019165,5.760000228881836,5.607999801635742,5.679999828338623,2588,0.0,0.0
2023-08-04 00:00:00-04:00,5.679999828338623,5.688000202178955,5.368000030517578,5.519999980926514,5788,0.0,0.0
2023-08-07 00:00:00-04:00,5.440000057220459,5.519999980926514,5.360000133514404,5.440000057220459,5650,0.0,0.0
2023-08-08 00:00:00-04:00,5.5920000076293945,5.5920000076293945,5.159999847412109,5.28000020980835,2013,0.0,0.0
2023-08-09 00:00:00-04:00,5.51200008392334,5.51200008392334,4.9679999351501465,5.039999961853027,7538,0.0,0.0
2023-08-10 00:00:00-04:00,4.888000011444092,5.271999835968018,4.888000011444092,5.23199987411499,1625,0.0,0.0
2023-08-11 00:00:00-04:00,5.360000133514404,5.559999942779541,4.9039998054504395,5.559999942779541,5763,0.0,0.0
2023-08-14 00:00:00-04:00,4.880000114440918,5.48799991607666,4.880000114440918,5.48799991607666,4050,0.0,0.0
2023-08-15 00:00:00-04:00,5.599999904632568,5.599999904632568,4.952000141143799,5.199999809265137,10338,0.0,0.0
2023-08-16 00:00:00-04:00,5.199999809265137,5.28000020980835,5.007999897003174,5.28000020980835,6250,0.0,0.0
2023-08-17 00:00:00-04:00,4.960000038146973,5.440000057220459,4.800000190734863,5.432000160217285,2563,0.0,0.0
2023-08-18 00:00:00-04:00,5.039999961853027,5.51200008392334,4.8480000495910645,5.423999786376953,2163,0.0,0.0
2023-08-21 00:00:00-04:00,5.519999980926514,5.552000045776367,4.960000038146973,5.007999897003174,4313,0.0,0.0
2023-08-22 00:00:00-04:00,5.199999809265137,5.519999980926514,4.9679999351501465,5.519999980926514,1463,0.0,0.0
2023-08-23 00:00:00-04:00,5.320000171661377,5.360000133514404,4.960000038146973,5.360000133514404,1950,0.0,0.0
2023-08-24 00:00:00-04:00,4.9679999351501465,5.199999809265137,4.895999908447266,4.895999908447266,1000,0.0,0.0
2023-08-25 00:00:00-04:00,5.119999885559082,5.119999885559082,4.815999984741211,4.960000038146973,625,0.0,0.0
2023-08-28 00:00:00-04:00,5.208000183105469,5.208000183105469,4.823999881744385,4.960000038146973,888,0.0,0.0
2023-08-29 00:00:00-04:00,4.800000190734863,4.960000038146973,4.800000190734863,4.888000011444092,1275,0.0,0.0
2023-08-30 00:00:00-04:00,4.880000114440918,4.960000038146973,4.800000190734863,4.960000038146973,1413,0.0,0.0
2023-08-31 00:00:00-04:00,4.960000038146973,5.104000091552734,4.800000190734863,4.9120001792907715,2713,0.0,0.0
2023-09-01 00:00:00-04:00,5.007999897003174,5.144000053405762,4.831999778747559,4.960000038146973,625,0.0,0.0
2023-09-05 00:00:00-04:00,4.808000087738037,5.039999961853027,4.800000190734863,5.0320000648498535,463,0.0,0.0
2023-09-06 00:00:00-04:00,4.960000038146973,5.039999961853027,4.960000038146973,5.039999961853027,775,0.0,0.0
2023-09-07 00:00:00-04:00,5.168000221252441,5.168000221252441,4.71999979019165,4.728000164031982,1400,0.0,0.0
2023-09-08 00:00:00-04:00,4.71999979019165,4.943999767303467,4.48799991607666,4.880000114440918,900,0.0,0.0
2023-09-11 00:00:00-04:00,4.920000076293945,4.920000076293945,4.631999969482422,4.656000137329102,1088,0.0,0.0
2023-09-12 00:00:00-04:00,4.840000152587891,4.840000152587891,4.48799991607666,4.791999816894531,1000,0.0,0.0
2023-09-13 00:00:00-04:00,4.639999866485596,4.703999996185303,4.51200008392334,4.567999839782715,525,0.0,0.0
2023-09-14 00:00:00-04:00,4.519999980926514,4.800000190734863,4.51200008392334,4.703999996185303,1313,0.0,0.0
2023-09-15 00:00:00-04:00,4.639999866485596,4.815999984741211,4.104000091552734,4.815999984741211,5163,0.0,0.0
2023-09-18 00:00:00-04:00,4.808000087738037,4.808000087738037,4.343999862670898,4.800000190734863,513,0.0,0.0
2023-09-19 00:00:00-04:00,4.800000190734863,4.800000190734863,4.3520002365112305,4.711999893188477,1800,0.0,0.0
2023-09-20 00:00:00-04:00,4.688000202178955,4.815999984741211,4.480000019073486,4.74399995803833,788,0.0,0.0
2023-09-21 00:00:00-04:00,4.480000019073486,4.584000110626221,4.400000095367432,4.400000095367432,638,0.0,0.0
2023-09-22 00:00:00-04:00,4.815999984741211,4.815999984741211,4.239999771118164,4.480000019073486,788,0.0,0.0
2023-09-25 00:00:00-04:00,4.480000019073486,4.480000019073486,4.320000171661377,4.328000068664551,250,0.0,0.0
2023-09-26 00:00:00-04:00,4.544000148773193,4.544000148773193,4.328000068664551,4.3520002365112305,300,0.0,0.0
2023-09-27 00:00:00-04:00,4.0960001945495605,4.800000190734863,4.0960001945495605,4.320000171661377,300,0.0,0.0
2023-09-28 00:00:00-04:00,4.71999979019165,4.800000190734863,4.0879998207092285,4.3520002365112305,750,0.0,0.0
2023-09-29 00:00:00-04:00,4.320000171661377,4.639999866485596,4.176000118255615,4.4079999923706055,450,0.0,0.0
2023-10-02 00:00:00-04:00,4.159999847412109,4.400000095367432,4.159999847412109,4.168000221252441,1163,0.0,0.0
2023-10-03 00:00:00-04:00,4.119999885559082,4.168000221252441,4.0879998207092285,4.0879998207092285,488,0.0,0.0
2023-10-04 00:00:00-04:00,4.320000171661377,4.800000190734863,4.296000003814697,4.400000095367432,1113,0.0,0.0
2023-10-05 00:00:00-04:00,4.400000095367432,4.791999816894531,4.239999771118164,4.248000144958496,788,0.0,0.0
2023-10-06 00:00:00-04:00,4.400000095367432,4.400000095367432,3.759999990463257,3.759999990463257,1563,0.0,0.0
2023-10-09 00:00:00-04:00,3.687999963760376,4.047999858856201,3.2880001068115234,3.9200000762939453,6838,0.0,0.0
2023-10-10 00:00:00-04:00,4.144000053405762,4.3520002365112305,3.359999895095825,3.8959999084472656,143700,0.0,0.0
2023-10-11 00:00:00-04:00,4.0,4.0,3.359999895095825,3.9200000762939453,16575,0.0,0.0
2023-10-12 00:00:00-04:00,3.799999952316284,3.9119999408721924,3.5199999809265137,3.871999979019165,4625,0.0,0.0
2023-10-13 00:00:00-04:00,3.696000099182129,3.864000082015991,3.359999895095825,3.5199999809265137,2038,0.0,0.0
2023-10-16 00:00:00-04:00,3.864000082015991,3.864000082015991,3.2799999713897705,3.2799999713897705,4338,0.0,0.0
2023-10-17 00:00:00-04:00,3.055999994277954,3.552000045776367,2.9600000381469727,3.359999895095825,5463,0.0,0.0
2023-10-18 00:00:00-04:00,3.200000047683716,3.440000057220459,3.200000047683716,3.4000000953674316,2675,0.0,0.0
2023-10-19 00:00:00-04:00,3.200000047683716,3.3919999599456787,3.119999885559082,3.3440001010894775,1075,0.0,0.0
2023-10-20 00:00:00-04:00,3.0480000972747803,3.200000047683716,2.640000104904175,3.0,5113,0.0,0.0
2023-10-23 00:00:00-04:00,2.799999952316284,2.799999952316284,2.671999931335449,2.671999931335449,3213,0.0,0.0
2023-10-24 00:00:00-04:00,2.6559998989105225,3.200000047683716,2.6559998989105225,2.7679998874664307,3100,0.0,0.0
2023-10-25 00:00:00-04:00,3.0160000324249268,3.119999885559082,2.9200000762939453,2.992000102996826,22150,0.0,0.0
2023-10-26 00:00:00-04:00,3.063999891281128,3.359999895095825,2.944000005722046,3.2799999713897705,15600,0.0,0.0
2023-10-27 00:00:00-04:00,3.119999885559082,3.119999885559082,2.9679999351501465,3.119999885559082,2550,0.0,0.0
2023-10-30 00:00:00-04:00,3.200000047683716,3.200000047683716,3.063999891281128,3.191999912261963,2825,0.0,0.0
2023-10-31 00:00:00-04:00,3.200000047683716,3.359999895095825,3.0399999618530273,3.1519999504089355,1463,0.0,0.0
2023-11-01 00:00:00-04:00,3.2799999713897705,3.2799999713897705,2.7200000286102295,2.8480000495910645,5025,0.0,0.0
2023-11-02 00:00:00-04:00,3.119999885559082,3.119999885559082,2.0880000591278076,2.640000104904175,15363,0.0,0.0
2023-11-03 00:00:00-04:00,2.9519999027252197,2.9519999027252197,2.6480000019073486,2.687999963760376,2500,0.0,0.0
2023-11-06 00:00:00-05:00,2.871999979019165,2.871999979019165,2.640000104904175,2.7279999256134033,2238,0.0,0.0
2023-11-07 00:00:00-05:00,2.799999952316284,2.9519999027252197,2.6480000019073486,2.7279999256134033,1175,0.0,0.0
2023-11-08 00:00:00-05:00,2.74399995803833,2.936000108718872,2.7200000286102295,2.759999990463257,1088,0.0,0.0
2023-11-09 00:00:00-05:00,3.119999885559082,3.119999885559082,2.640000104904175,2.799999952316284,1875,0.0,0.0
2023-11-10 00:00:00-05:00,2.944000005722046,2.944000005722046,2.7200000286102295,2.7200000286102295,400,0.0,0.0
2023-11-13 00:00:00-05:00,2.671999931335449,2.880000114440918,2.559999942779541,2.687999963760376,2288,0.0,0.0
2023-11-14 00:00:00-05:00,2.7200000286102295,2.7200000286102295,2.559999942779541,2.7200000286102295,1138,0.0,0.0
2023-11-15 00:00:00-05:00,2.799999952316284,3.5759999752044678,2.799999952316284,3.2320001125335693,34925,0.0,0.0
2023-11-16 00:00:00-05:00,2.5840001106262207,3.200000047683716,2.5840001106262207,2.7279999256134033,4513,0.0,0.0
2023-11-17 00:00:00-05:00,2.559999942779541,3.0320000648498535,2.559999942779541,2.8399999141693115,888,0.0,0.0
2023-11-20 00:00:00-05:00,3.0480000972747803,3.119999885559082,2.759999990463257,2.759999990463257,2313,0.0,0.0
2023-11-21 00:00:00-05:00,2.680000066757202,3.0160000324249268,2.640000104904175,2.7760000228881836,2913,0.0,0.0
2023-11-22 00:00:00-05:00,2.8559999465942383,2.880000114440918,2.687999963760376,2.880000114440918,1038,0.0,0.0
2023-11-24 00:00:00-05:00,2.7200000286102295,2.799999952316284,2.7200000286102295,2.799999952316284,1413,0.0,0.0
2023-11-27 00:00:00-05:00,2.880000114440918,3.5199999809265137,2.799999952316284,3.1519999504089355,6563,0.0,0.0
2023-11-28 00:00:00-05:00,3.2079999446868896,3.9119999408721924,2.9679999351501465,3.8480000495910645,209250,0.0,0.0
2023-11-29 00:00:00-05:00,3.5920000076293945,4.535999774932861,3.431999921798706,4.159999847412109,40675,0.0,0.0
2023-11-30 00:00:00-05:00,4.960000038146973,6.320000171661377,4.119999885559082,6.23199987411499,62200,0.0,0.0
2023-12-01 00:00:00-05:00,6.047999858856201,6.136000156402588,5.639999866485596,5.760000228881836,16513,0.0,0.0
2023-12-04 00:00:00-05:00,5.584000110626221,5.584000110626221,3.9760000705718994,4.271999835968018,31313,0.0,0.0
2023-12-05 00:00:00-05:00,4.320000171661377,4.400000095367432,3.4159998893737793,3.5759999752044678,30275,0.0,0.0
2023-12-06 00:00:00-05:00,3.4159998893737793,3.9200000762939453,3.4159998893737793,3.9200000762939453,5488,0.0,0.0
2023-12-07 00:00:00-05:00,3.799999952316284,4.400000095367432,3.799999952316284,4.072000026702881,8325,0.0,0.0
2023-12-08 00:00:00-05:00,4.0960001945495605,4.800000190734863,3.9600000381469727,4.400000095367432,10963,0.0,0.0
2023-12-11 00:00:00-05:00,4.047999858856201,5.400000095367432,4.007999897003174,4.808000087738037,18613,0.0,0.0
2023-12-12 00:00:00-05:00,5.216000080108643,5.216000080108643,4.800000190734863,4.800000190734863,6888,0.0,0.0
2023-12-13 00:00:00-05:00,4.960000038146973,5.599999904632568,4.552000045776367,4.880000114440918,6363,0.0,0.0
2023-12-14 00:00:00-05:00,5.199999809265137,5.4079999923706055,4.71999979019165,4.71999979019165,15163,0.0,0.0
2023-12-15 00:00:00-05:00,4.863999843597412,5.039999961853027,4.567999839782715,4.576000213623047,3663,0.0,0.0
2023-12-18 00:00:00-05:00,4.423999786376953,4.800000190734863,4.423999786376953,4.480000019073486,1875,0.0,0.0
2023-12-19 00:00:00-05:00,4.671999931335449,4.671999931335449,4.447999954223633,4.4720001220703125,2513,0.0,0.0
2023-12-20 00:00:00-05:00,4.776000022888184,4.800000190734863,4.567999839782715,4.567999839782715,650,0.0,0.0
2023-12-21 00:00:00-05:00,4.4720001220703125,4.800000190734863,4.4720001220703125,4.800000190734863,1013,0.0,0.0
2023-12-22 00:00:00-05:00,4.567999839782715,5.039999961853027,4.567999839782715,4.952000141143799,1600,0.0,0.0
2023-12-26 00:00:00-05:00,4.840000152587891,5.039999961853027,3.5999999046325684,5.039999961853027,3950,0.0,0.0
2023-12-27 00:00:00-05:00,4.728000164031982,4.952000141143799,4.191999912261963,4.800000190734863,3400,0.0,0.0
2023-12-28 00:00:00-05:00,4.880000114440918,4.880000114440918,4.440000057220459,4.631999969482422,2913,0.0,0.0
2023-12-29 00:00:00-05:00,4.480000019073486,4.800000190734863,4.223999977111816,4.559999942779541,5675,0.0,0.0
2024-01-02 00:00:00-05:00,4.783999919891357,4.783999919891357,3.9119999408721924,3.9200000762939453,5813,0.0,0.0
2024-01-03 00:00:00-05:00,4.208000183105469,4.559999942779541,4.0,4.007999897003174,6713,0.0,0.0
2024-01-04 00:00:00-05:00,4.159999847412109,4.320000171661377,4.0879998207092285,4.0879998207092285,413,0.0,0.0
2024-01-05 00:00:00-05:00,4.23199987411499,4.239999771118164,3.871999979019165,4.119999885559082,2063,0.0,0.0
2024-01-08 00:00:00-05:00,4.328000068664551,4.392000198364258,3.759999990463257,4.039999961853027,2800,0.0,0.0
2024-01-09 00:00:00-05:00,3.880000114440918,4.239999771118164,3.880000114440918,4.056000232696533,1413,0.0,0.0
2024-01-10 00:00:00-05:00,4.23199987411499,4.239999771118164,4.0,4.0,3575,0.0,0.0
2024-01-11 00:00:00-05:00,4.0,4.239999771118164,3.9200000762939453,3.9200000762939453,2113,0.0,0.0
2024-01-12 00:00:00-05:00,4.0,4.079999923706055,3.5999999046325684,3.6080000400543213,3200,0.0,0.0
2024-01-16 00:00:00-05:00,3.7839999198913574,3.7839999198913574,3.4240000247955322,3.759999990463257,9000,0.0,0.0
2024-01-17 00:00:00-05:00,3.2799999713897705,3.48799991607666,2.9119999408721924,3.200000047683716,29350,0.0,0.0
2024-01-18 00:00:00-05:00,3.5999999046325684,3.5999999046325684,3.111999988555908,3.51200008392334,19525,0.0,0.0
2024-01-19 00:00:00-05:00,3.5360000133514404,3.552000045776367,2.880000114440918,2.9600000381469727,22213,0.0,0.0
2024-01-22 00:00:00-05:00,2.430000066757202,2.9700000286102295,2.4100000858306885,2.5999999046325684,52700,0.0,0.0
2024-01-23 00:00:00-05:00,2.619999885559082,3.630000114440918,2.5999999046325684,2.759999990463257,48000,0.0,0.0
2024-01-24 00:00:00-05:00,2.759999990463257,3.368000030517578,2.759999990463257,3.184999942779541,29100,0.0,0.0
2024-01-25 00:00:00-05:00,3.130000114440918,3.312999963760376,2.7899999618530273,2.930000066757202,19000,0.0,0.0
2024-01-26 00:00:00-05:00,2.8299999237060547,2.9100000858306885,2.680000066757202,2.7850000858306885,15000,0.0,0.0
2024-01-29 00:00:00-05:00,2.7100000381469727,3.069999933242798,2.619999885559082,2.680000066757202,11000,0.0,0.0
2024-01-30 00:00:00-05:00,2.700000047683716,3.309999942779541,2.6559998989105225,2.990000009536743,77600,0.0,0.0
2024-01-31 00:00:00-05:00,3.062000036239624,3.7200000286102295,2.950000047683716,3.5,171900,0.0,0.0
2024-02-01 00:00:00-05:00,3.700000047683716,3.75,3.2699999809265137,3.5299999713897705,46000,0.0,0.0
2024-02-02 00:00:00-05:00,3.4100000858306885,4.21999979019165,3.4100000858306885,4.090000152587891,177800,0.0,0.0
2024-02-05 00:00:00-05:00,4.449999809265137,4.46999979019165,3.553999900817871,3.8459999561309814,337100,0.0,0.0
2024-02-06 00:00:00-05:00,3.4100000858306885,3.4700000286102295,2.4000000953674316,2.7200000286102295,184000,0.0,0.0
2024-02-07 00:00:00-05:00,2.75,2.7950000762939453,2.2660000324249268,2.4100000858306885,106700,0.0,0.0
2024-02-08 00:00:00-05:00,2.4700000286102295,2.569999933242798,2.309999942779541,2.3499999046325684,37200,0.0,0.0
2024-02-09 00:00:00-05:00,2.299999952316284,2.3459999561309814,2.1700000762939453,2.319999933242798,52100,0.0,0.0
2024-02-12 00:00:00-05:00,2.2699999809265137,2.2980000972747803,1.9900000095367432,2.069999933242798,89400,0.0,0.0
2024-02-13 00:00:00-05:00,2.0999999046325684,2.180000066757202,2.010999917984009,2.0299999713897705,14000,0.0,0.0
2024-02-14 00:00:00-05:00,2.010999917984009,2.1700000762939453,1.9199999570846558,2.0999999046325684,70500,0.0,0.0
2024-02-15 00:00:00-05:00,2.140000104904175,2.140000104904175,1.9600000381469727,2.009999990463257,34000,0.0,0.0
2024-02-16 00:00:00-05:00,2.0799999237060547,2.0799999237060547,1.9500000476837158,1.9600000381469727,18400,0.0,0.0
2024-02-20 00:00:00-05:00,1.9500000476837158,2.0299999713897705,1.7599999904632568,1.7899999618530273,23000,0.0,0.0
2024-02-21 00:00:00-05:00,1.8860000371932983,1.8860000371932983,1.6799999475479126,1.7400000095367432,20600,0.0,0.0
2024-02-22 00:00:00-05:00,1.8600000143051147,1.9800000190734863,1.75,1.8109999895095825,221500,0.0,0.0
2024-02-23 00:00:00-05:00,1.75,1.75,1.4600000381469727,1.5199999809265137,124400,0.0,0.0
2024-02-26 00:00:00-05:00,1.5,1.7699999809265137,1.5,1.649999976158142,97300,0.0,0.0
2024-02-27 00:00:00-05:00,1.649999976158142,1.649999976158142,1.4900000095367432,1.5299999713897705,79300,0.0,0.0
2024-02-28 00:00:00-05:00,1.5789999961853027,1.5789999961853027,1.4900000095367432,1.5199999809265137,33000,0.0,0.0
2024-02-29 00:00:00-05:00,1.5399999618530273,1.7300000190734863,1.3600000143051147,1.5299999713897705,373200,0.0,0.0
2024-03-01 00:00:00-05:00,1.559999942779541,1.559999942779541,1.2100000381469727,1.3899999856948853,207700,0.0,0.0
2024-03-04 00:00:00-05:00,1.4199999570846558,1.5,1.409999966621399,1.4800000190734863,45200,0.0,0.0
2024-03-05 00:00:00-05:00,1.49399995803833,1.5,1.2999999523162842,1.4199999570846558,62800,0.0,0.0
2024-03-06 00:00:00-05:00,1.4299999475479126,1.440000057220459,1.3200000524520874,1.399999976158142,24200,0.0,0.0
2024-03-07 00:00:00-05:00,1.3700000047683716,1.4199999570846558,1.284999966621399,1.340000033378601,59300,0.0,0.0
2024-03-08 00:00:00-05:00,1.409999966621399,1.559999942779541,1.2999999523162842,1.5,2374800,0.0,0.0
2024-03-11 00:00:00-04:00,1.440000057220459,1.4989999532699585,1.2799999713897705,1.3300000429153442,332400,0.0,0.0
2024-03-12 00:00:00-04:00,1.3200000524520874,1.3480000495910645,1.2200000286102295,1.25,109200,0.0,0.0
2024-03-13 00:00:00-04:00,1.2000000476837158,1.2899999618530273,1.149999976158142,1.2000000476837158,166600,0.0,0.0
2024-03-14 00:00:00-04:00,1.159999966621399,1.1799999475479126,0.9200000166893005,1.0499999523162842,146700,0.0,0.0
2024-03-15 00:00:00-04:00,1.0499999523162842,1.1399999856948853,0.921999990940094,1.0099999904632568,79600,0.0,0.0
2024-03-18 00:00:00-04:00,1.1200000047683716,1.1399999856948853,0.9900000095367432,1.0499999523162842,44700,0.0,0.0
2024-03-19 00:00:00-04:00,1.0700000524520874,1.0700000524520874,0.949999988079071,1.0199999809265137,23200,0.0,0.0
2024-03-20 00:00:00-04:00,1.0099999904632568,1.0920000076293945,1.0099999904632568,1.0499999523162842,30500,0.0,0.0
2024-03-21 00:00:00-04:00,1.100000023841858,1.2799999713897705,1.0700000524520874,1.25,362500,0.0,0.0
2024-03-22 00:00:00-04:00,1.2400000095367432,1.2400000095367432,1.0700000524520874,1.0800000429153442,96800,0.0,0.0
2024-03-25 00:00:00-04:00,1.090000033378601,1.1200000047683716,1.0299999713897705,1.0299999713897705,29800,0.0,0.0
2024-03-26 00:00:00-04:00,1.0499999523162842,1.0700000524520874,1.0099999904632568,1.0199999809265137,23700,0.0,0.0
2024-03-27 00:00:00-04:00,1.024999976158142,1.0499999523162842,1.0,1.0199999809265137,16600,0.0,0.0
2024-03-28 00:00:00-04:00,1.090000033378601,1.440000057220459,1.0399999618530273,1.2400000095367432,288300,0.0,0.0
2024-04-01 00:00:00-04:00,1.2599999904632568,1.2599999904632568,1.0299999713897705,1.0700000524520874,81600,0.0,0.0
2024-04-02 00:00:00-04:00,1.0499999523162842,1.309999942779541,1.0499999523162842,1.2799999713897705,117300,0.0,0.0
2024-04-03 00:00:00-04:00,1.2799999713897705,1.2799999713897705,1.159999966621399,1.190000057220459,42000,0.0,0.0
2024-04-04 00:00:00-04:00,1.1399999856948853,1.215000033378601,1.1160000562667847,1.159999966621399,34000,0.0,0.0
2024-04-05 00:00:00-04:00,1.1399999856948853,1.2300000190734863,1.1100000143051147,1.2100000381469727,29900,0.0,0.0
2024-04-08 00:00:00-04:00,1.1799999475479126,1.190000057220459,1.1200000047683716,1.1200000047683716,60800,0.0,0.0
2024-04-09 00:00:00-04:00,1.149999976158142,1.2799999713897705,1.1200000047683716,1.149999976158142,82800,0.0,0.0
2024-04-10 00:00:00-04:00,1.2999999523162842,1.2999999523162842,1.1399999856948853,1.180999994277954,34500,0.0,0.0
2024-04-11 00:00:00-04:00,1.2899999618530273,1.2899999618530273,1.149999976158142,1.2300000190734863,8300,0.0,0.0
2024-04-12 00:00:00-04:00,1.149999976158142,1.187000036239624,1.0499999523162842,1.0829999446868896,57100,0.0,0.0
2024-04-15 00:00:00-04:00,1.090000033378601,1.1549999713897705,1.0499999523162842,1.0499999523162842,18700,0.0,0.0
2024-04-16 00:00:00-04:00,1.0800000429153442,1.3600000143051147,1.0800000429153442,1.215000033378601,283400,0.0,0.0
2024-04-17 00:00:00-04:00,1.2400000095367432,1.3609999418258667,1.1699999570846558,1.309999942779541,186900,0.0,0.0
2024-04-18 00:00:00-04:00,1.2699999809265137,1.6100000143051147,1.2699999809265137,1.6100000143051147,225200,0.0,0.0
2024-04-19 00:00:00-04:00,1.5099999904632568,1.5299999713897705,1.2999999523162842,1.2999999523162842,94500,0.0,0.0
2024-04-22 00:00:00-04:00,1.2899999618530273,1.6100000143051147,1.2599999904632568,1.5199999809265137,40700,0.0,0.0
2024-04-23 00:00:00-04:00,1.5199999809265137,1.600000023841858,1.4500000476837158,1.5,30500,0.0,0.0
2024-04-24 00:00:00-04:00,1.5099999904632568,1.5199999809265137,1.3799999952316284,1.4199999570846558,24200,0.0,0.0
2024-04-25 00:00:00-04:00,1.4299999475479126,1.4500000476837158,1.284999966621399,1.3799999952316284,61900,0.0,0.0
2024-04-26 00:00:00-04:00,1.3899999856948853,1.4479999542236328,1.3660000562667847,1.3660000562667847,17500,0.0,0.0
2024-04-29 00:00:00-04:00,1.4199999570846558,1.440000057220459,1.3700000047683716,1.3700000047683716,9300,0.0,0.0
2024-04-30 00:00:00-04:00,1.409999966621399,1.4800000190734863,1.3450000286102295,1.4149999618530273,61900,0.0,0.0
2024-05-01 00:00:00-04:00,1.4900000095367432,1.4900000095367432,1.399999976158142,1.440000057220459,5600,0.0,0.0
2024-05-02 00:00:00-04:00,1.399999976158142,1.399999976158142,1.309999942779541,1.3200000524520874,28800,0.0,0.0
2024-05-03 00:00:00-04:00,1.3600000143051147,1.4800000190734863,1.3309999704360962,1.4199999570846558,101700,0.0,0.0
2024-05-06 00:00:00-04:00,1.4700000286102295,1.4800000190734863,1.3600000143051147,1.3799999952316284,43100,0.0,0.0
2024-05-07 00:00:00-04:00,1.4500000476837158,1.7760000228881836,1.3899999856948853,1.7300000190734863,636400,0.0,0.0
2024-05-08 00:00:00-04:00,3.0899999141693115,4.519999980926514,2.740000009536743,3.190000057220459,109955800,0.0,0.0
2024-05-09 00:00:00-04:00,3.0799999237060547,3.369999885559082,2.9000000953674316,3.2200000286102295,2294400,0.0,0.0
2024-05-10 00:00:00-04:00,3.119999885559082,3.450000047683716,3.0299999713897705,3.390000104904175,947600,0.0,0.0
2024-05-13 00:00:00-04:00,3.380000114440918,3.9000000953674316,3.2699999809265137,3.4100000858306885,906000,0.0,0.0
2024-05-14 00:00:00-04:00,3.4000000953674316,3.450000047683716,2.4700000286102295,2.5299999713897705,440500,0.0,0.0
2024-05-15 00:00:00-04:00,2.4700000286102295,3.940000057220459,2.4700000286102295,3.75,572100,0.0,0.0
2024-05-16 00:00:00-04:00,3.6700000762939453,4.090000152587891,3.450000047683716,3.809999942779541,392500,0.0,0.0
2024-05-17 00:00:00-04:00,3.809999942779541,4.468999862670898,3.809999942779541,4.159999847412109,315000,0.0,0.0
2024-05-20 00:00:00-04:00,4.059999942779541,4.900000095367432,3.859999895095825,3.9100000858306885,263100,0.0,0.0
2024-05-21 00:00:00-04:00,3.9000000953674316,4.019999980926514,3.690000057220459,3.9200000762939453,105200,0.0,0.0
2024-05-22 00:00:00-04:00,3.8399999141693115,4.025000095367432,3.690000057220459,3.7100000381469727,39500,0.0,0.0
2024-05-23 00:00:00-04:00,3.6600000858306885,3.819999933242798,3.3299999237060547,3.490000009536743,100900,0.0,0.0
2024-05-24 00:00:00-04:00,3.4600000381469727,3.7950000762939453,3.359999895095825,3.700000047683716,23000,0.0,0.0
2024-05-28 00:00:00-04:00,3.630000114440918,3.9140000343322754,3.5,3.7200000286102295,70300,0.0,0.0
2024-05-29 00:00:00-04:00,3.6500000953674316,4.099999904632568,3.5199999809265137,3.9000000953674316,82400,0.0,0.0
2024-05-30 00:00:00-04:00,3.819999933242798,3.9200000762939453,3.700000047683716,3.890000104904175,31200,0.0,0.0
2024-05-31 00:00:00-04:00,3.809999942779541,3.880000114440918,3.6700000762939453,3.799999952316284,21100,0.0,0.0
2024-06-03 00:00:00-04:00,3.7200000286102295,3.874000072479248,3.7200000286102295,3.809999942779541,19100,0.0,0.0
2024-06-04 00:00:00-04:00,3.7300000190734863,4.440000057220459,3.7200000286102295,4.300000190734863,129300,0.0,0.0
2024-06-05 00:00:00-04:00,4.210000038146973,4.889999866485596,4.11899995803833,4.510000228881836,155200,0.0,0.0
2024-06-06 00:00:00-04:00,4.420000076293945,4.420000076293945,4.050000190734863,4.260000228881836,58300,0.0,0.0
2024-06-07 00:00:00-04:00,4.170000076293945,4.868000030517578,4.150000095367432,4.739999771118164,44600,0.0,0.0
2024-06-10 00:00:00-04:00,4.650000095367432,4.71999979019165,4.0,4.414999961853027,162500,0.0,0.0
2024-06-11 00:00:00-04:00,4.659999847412109,5.460000038146973,4.510000228881836,5.03000020980835,316500,0.0,0.0
2024-06-12 00:00:00-04:00,5.0,5.489999771118164,4.559999942779541,5.489999771118164,74600,0.0,0.0
2024-06-13 00:00:00-04:00,5.340000152587891,7.576000213623047,5.340000152587891,6.760000228881836,494400,0.0,0.0
2024-06-14 00:00:00-04:00,6.519999980926514,8.800000190734863,6.519999980926514,7.730000019073486,486800,0.0,0.0
2024-06-17 00:00:00-04:00,8.0,8.710000038146973,6.650000095367432,7.0,294800,0.0,0.0
2024-06-18 00:00:00-04:00,7.010000228881836,8.199999809265137,6.909999847412109,7.650000095367432,250700,0.0,0.0
2024-06-20 00:00:00-04:00,7.820000171661377,7.920000076293945,6.0,6.760000228881836,218800,0.0,0.0
2024-06-21 00:00:00-04:00,6.800000190734863,7.590000152587891,6.800000190734863,7.079999923706055,83400,0.0,0.0
2024-06-24 00:00:00-04:00,7.0,7.485000133514404,5.699999809265137,6.230000019073486,158500,0.0,0.0
2024-06-25 00:00:00-04:00,6.159999847412109,6.760000228881836,5.570000171661377,6.409999847412109,121300,0.0,0.0
2024-06-26 00:00:00-04:00,6.269999980926514,6.760000228881836,6.019999980926514,6.5,42800,0.0,0.0
2024-06-27 00:00:00-04:00,6.159999847412109,6.179999828338623,5.5,5.900000095367432,82900,0.0,0.0
2024-06-28 00:00:00-04:00,6.119999885559082,7.447000026702881,6.019999980926514,6.96999979019165,89300,0.0,0.0
2024-07-01 00:00:00-04:00,6.989999771118164,7.448999881744385,6.98199987411499,7.329999923706055,70900,0.0,0.0
2024-07-02 00:00:00-04:00,7.409999847412109,7.909999847412109,7.229000091552734,7.869999885559082,39700,0.0,0.0
2024-07-03 00:00:00-04:00,7.949999809265137,8.239999771118164,7.599999904632568,7.730000019073486,44100,0.0,0.0
2024-07-05 00:00:00-04:00,7.710000038146973,7.710000038146973,7.03000020980835,7.300000190734863,33400,0.0,0.0
2024-07-08 00:00:00-04:00,7.239999771118164,7.239999771118164,6.739999771118164,6.75,39900,0.0,0.0
2024-07-09 00:00:00-04:00,6.730000019073486,6.831999778747559,5.994999885559082,6.070000171661377,53400,0.0,0.0
2024-07-10 00:00:00-04:00,6.21999979019165,6.510000228881836,6.008999824523926,6.070000171661377,16700,0.0,0.0
2024-07-11 00:00:00-04:00,6.090000152587891,6.5,6.059999942779541,6.199999809265137,67900,0.0,0.0
2024-07-12 00:00:00-04:00,6.110000133514404,6.296000003814697,6.0,6.0,14900,0.0,0.0
2024-07-15 00:00:00-04:00,6.0,6.059999942779541,4.909999847412109,5.239999771118164,80200,0.0,0.0
2024-07-16 00:00:00-04:00,6.119999885559082,6.800000190734863,5.289999961853027,5.650000095367432,146300,0.0,0.0
2024-07-17 00:00:00-04:00,5.650000095367432,5.671999931335449,5.059999942779541,5.260000228881836,37200,0.0,0.0
2024-07-18 00:00:00-04:00,5.349999904632568,5.809999942779541,5.349999904632568,5.699999809265137,43100,0.0,0.0
2024-07-19 00:00:00-04:00,5.559999942779541,5.860000133514404,5.559999942779541,5.679999828338623,31600,0.0,0.0
2024-07-22 00:00:00-04:00,5.820000171661377,5.820000171661377,5.599999904632568,5.644999980926514,12300,0.0,0.0
2024-07-23 00:00:00-04:00,5.420000076293945,5.889999866485596,5.420000076293945,5.5,19100,0.0,0.0
2024-07-24 00:00:00-04:00,5.420000076293945,5.869999885559082,4.578999996185303,5.210000038146973,75000,0.0,0.0
2024-07-25 00:00:00-04:00,5.079999923706055,5.159999847412109,4.699999809265137,4.909999847412109,35800,0.0,0.0
2024-07-26 00:00:00-04:00,4.929999828338623,5.170000076293945,4.75,5.010000228881836,10000,0.0,0.0
2024-07-29 00:00:00-04:00,4.909999847412109,4.909999847412109,4.309999942779541,4.480000019073486,26400,0.0,0.0
2024-07-30 00:00:00-04:00,4.630000114440918,4.909999847412109,4.210000038146973,4.28000020980835,29400,0.0,0.0
2024-07-31 00:00:00-04:00,4.360000133514404,4.53000020980835,4.099999904632568,4.360000133514404,15800,0.0,0.0
2024-08-01 00:00:00-04:00,4.420000076293945,4.605000019073486,4.130000114440918,4.28000020980835,10300,0.0,0.0
2024-08-02 00:00:00-04:00,4.019999980926514,4.019999980926514,3.299999952316284,3.359999895095825,112100,0.0,0.0
2024-08-05 00:00:00-04:00,3.1600000858306885,3.1600000858306885,2.7799999713897705,2.9000000953674316,86700,0.0,0.0
2024-08-06 00:00:00-04:00,2.819999933242798,3.5899999141693115,2.819999933242798,3.180000066757202,96900,0.0,0.0
2024-08-07 00:00:00-04:00,3.309999942779541,3.569999933242798,3.130000114440918,3.25,39100,0.0,0.0
2024-08-08 00:00:00-04:00,3.2899999618530273,3.5399999618530273,3.0999999046325684,3.190000057220459,26500,0.0,0.0
2024-08-09 00:00:00-04:00,3.2100000381469727,3.299999952316284,3.0209999084472656,3.0799999237060547,13200,0.0,0.0
2024-08-12 00:00:00-04:00,3.0999999046325684,3.140000104904175,2.9200000762939453,3.0,22400,0.0,0.0
2024-08-13 00:00:00-04:00,3.109999895095825,3.109999895095825,2.549999952316284,2.799999952316284,39700,0.0,0.0
2024-08-14 00:00:00-04:00,3.359999895095825,5.46999979019165,3.0999999046325684,3.7899999618530273,6267200,0.0,0.0
2024-08-15 00:00:00-04:00,3.559999942779541,3.9600000381469727,3.319999933242798,3.75,425000,0.0,0.0
2024-08-16 00:00:00-04:00,3.680000066757202,4.0,3.450000047683716,3.619999885559082,145200,0.0,0.0
2024-08-19 00:00:00-04:00,3.5999999046325684,4.239999771118164,3.5739998817443848,3.940000057220459,151700,0.0,0.0
2024-08-20 00:00:00-04:00,3.9700000286102295,4.072999954223633,3.6659998893737793,3.869999885559082,85600,0.0,0.0
2024-08-21 00:00:00-04:00,3.86299991607666,3.9700000286102295,3.690000057220459,3.75,69900,0.0,0.0
2024-08-22 00:00:00-04:00,3.75,4.039999961853027,3.75,3.9200000762939453,113300,0.0,0.0
2024-08-23 00:00:00-04:00,3.950000047683716,4.119999885559082,3.818000078201294,3.869999885559082,38200,0.0,0.0
2024-08-26 00:00:00-04:00,3.9200000762939453,3.930000066757202,3.5999999046325684,3.690000057220459,25300,0.0,0.0
2024-08-27 00:00:00-04:00,3.630000114440918,3.630000114440918,3.4000000953674316,3.4000000953674316,22100,0.0,0.0
2024-08-28 00:00:00-04:00,3.4000000953674316,3.75,3.3399999141693115,3.5299999713897705,44600,0.0,0.0
2024-08-29 00:00:00-04:00,3.5299999713897705,3.5399999618530273,3.26200008392334,3.390000104904175,15500,0.0,0.0
2024-08-30 00:00:00-04:00,3.4200000762939453,3.490000009536743,3.3450000286102295,3.4100000858306885,7600,0.0,0.0
2024-09-03 00:00:00-04:00,3.380000114440918,3.440000057220459,3.2799999713897705,3.359999895095825,8500,0.0,0.0
2024-09-04 00:00:00-04:00,3.359999895095825,3.365000009536743,3.0299999713897705,3.0999999046325684,36100,0.0,0.0
2024-09-05 00:00:00-04:00,3.0999999046325684,3.2750000953674316,3.0299999713897705,3.1500000953674316,13200,0.0,0.0
2024-09-06 00:00:00-04:00,3.049999952316284,3.25,3.0299999713897705,3.25,13300,0.0,0.0
2024-09-09 00:00:00-04:00,3.25,3.4700000286102295,3.2100000381469727,3.4000000953674316,33500,0.0,0.0
2024-09-10 00:00:00-04:00,3.359999895095825,3.4000000953674316,3.259999990463257,3.2799999713897705,7600,0.0,0.0
2024-09-11 00:00:00-04:00,3.109999895095825,3.450000047683716,3.052999973297119,3.2200000286102295,17100,0.0,0.0
2024-09-12 00:00:00-04:00,3.2300000190734863,3.450000047683716,3.180000066757202,3.299999952316284,62500,0.0,0.0
2024-09-13 00:00:00-04:00,3.2750000953674316,3.5899999141693115,3.2750000953674316,3.5,17500,0.0,0.0
2024-09-16 00:00:00-04:00,3.4749999046325684,3.5799999237060547,3.2699999809265137,3.3299999237060547,14400,0.0,0.0
2024-09-17 00:00:00-04:00,3.444999933242798,3.5399999618530273,3.313999891281128,3.5199999809265137,13300,0.0,0.0
2024-09-18 00:00:00-04:00,3.3399999141693115,3.5199999809265137,3.0799999237060547,3.0899999141693115,12700,0.0,0.0
2024-09-19 00:00:00-04:00,3.2699999809265137,3.4079999923706055,3.049999952316284,3.049999952316284,44100,0.0,0.0
2024-09-20 00:00:00-04:00,3.049999952316284,3.1700000762939453,3.0,3.0299999713897705,42900,0.0,0.0
2024-09-23 00:00:00-04:00,3.0899999141693115,3.119999885559082,2.9600000381469727,2.9630000591278076,19200,0.0,0.0
2024-09-24 00:00:00-04:00,3.0,3.119999885559082,2.990000009536743,2.990000009536743,28500,0.0,0.0
2024-09-25 00:00:00-04:00,3.0309998989105225,3.119999885559082,3.0,3.0199999809265137,53600,0.0,0.0
2024-09-26 00:00:00-04:00,3.0199999809265137,3.2300000190734863,3.0199999809265137,3.0199999809265137,42000,0.0,0.0
2024-09-27 00:00:00-04:00,3.1700000762939453,3.190000057220459,3.0,3.0299999713897705,42100,0.0,0.0
2024-09-30 00:00:00-04:00,2.9700000286102295,3.0199999809265137,2.9200000762939453,2.9800000190734863,13300,0.0,0.0
2024-10-01 00:00:00-04:00,2.946000099182129,3.0399999618530273,2.940000057220459,2.940000057220459,12800,0.0,0.0
2024-10-02 00:00:00-04:00,2.940000057220459,2.990000009536743,2.7799999713897705,2.990000009536743,7500,0.0,0.0
2024-10-03 00:00:00-04:00,2.890000104904175,3.0,2.890000104904175,2.9000000953674316,13200,0.0,0.0
2024-10-04 00:00:00-04:00,2.880000114440918,3.059999942779541,2.799999952316284,2.8399999141693115,11000,0.0,0.0
