Date,Open,High,Low,Close,Volume,Dividends,Stock Splits
2017-11-08 00:00:00-05:00,38.95000076293945,39.0,37.060001373291016,37.209999084472656,2582500,0.0,0.0
2017-11-09 00:00:00-05:00,36.81999969482422,37.16999816894531,36.5,37.02000045776367,355700,0.0,0.0
2017-11-10 00:00:00-05:00,36.75,37.04999923706055,36.349998474121094,36.9900016784668,67000,0.0,0.0
2017-11-13 00:00:00-05:00,36.95000076293945,38.22999954223633,36.95000076293945,37.939998626708984,39700,0.0,0.0
2017-11-14 00:00:00-05:00,37.84000015258789,38.16999816894531,36.900001525878906,37.099998474121094,104800,0.0,0.0
2017-11-15 00:00:00-05:00,36.79999923706055,39.04999923706055,36.770999908447266,38.7400016784668,107300,0.0,0.0
2017-11-16 00:00:00-05:00,38.849998474121094,39.290000915527344,37.66999816894531,39.13999938964844,148500,0.0,0.0
2017-11-17 00:00:00-05:00,39.060001373291016,39.650001525878906,38.65999984741211,39.59000015258789,30000,0.0,0.0
2017-11-20 00:00:00-05:00,39.75,41.75,39.75,41.31999969482422,79900,0.0,0.0
2017-11-21 00:00:00-05:00,41.349998474121094,42.3650016784668,40.93000030517578,42.06999969482422,87800,0.0,0.0
2017-11-22 00:00:00-05:00,42.189998626708984,42.20000076293945,41.7599983215332,41.939998626708984,14800,0.0,0.0
2017-11-24 00:00:00-05:00,42.0,42.349998474121094,41.79999923706055,42.150001525878906,12800,0.0,0.0
2017-11-27 00:00:00-05:00,42.150001525878906,42.689998626708984,42.0,42.540000915527344,28600,0.0,0.0
2017-11-28 00:00:00-05:00,42.52000045776367,43.290000915527344,42.34000015258789,42.4900016784668,46400,0.0,0.0
2017-11-29 00:00:00-05:00,42.45000076293945,44.525001525878906,42.45000076293945,43.650001525878906,85200,0.0,0.0
2017-11-30 00:00:00-05:00,43.95000076293945,44.3849983215332,43.470001220703125,43.7599983215332,114600,0.0,0.0
2017-12-01 00:00:00-05:00,43.86000061035156,44.20000076293945,43.150001525878906,43.95000076293945,52500,0.0,0.0
2017-12-04 00:00:00-05:00,43.9900016784668,45.13999938964844,43.9900016784668,44.65999984741211,101800,0.0,0.0
2017-12-05 00:00:00-05:00,45.0,45.04999923706055,44.25,44.58000183105469,124300,0.0,0.0
2017-12-06 00:00:00-05:00,44.599998474121094,45.63999938964844,44.599998474121094,44.63999938964844,47000,0.0,0.0
2017-12-07 00:00:00-05:00,44.63999938964844,48.869998931884766,44.63999938964844,46.0099983215332,234100,0.0,0.0
2017-12-08 00:00:00-05:00,46.5099983215332,48.209999084472656,45.880001068115234,47.2599983215332,174800,0.0,0.0
2017-12-11 00:00:00-05:00,47.9900016784668,48.26499938964844,47.52000045776367,47.81999969482422,131900,0.0,0.0
2017-12-12 00:00:00-05:00,48.25,50.15999984741211,47.939998626708984,50.029998779296875,252500,0.0,0.0
2017-12-13 00:00:00-05:00,49.95000076293945,51.29999923706055,45.0099983215332,46.15999984741211,371800,0.0,0.0
2017-12-14 00:00:00-05:00,45.93000030517578,45.93000030517578,43.0,43.459999084472656,277600,0.0,0.0
2017-12-15 00:00:00-05:00,43.5,45.630001068115234,43.09000015258789,44.54999923706055,647500,0.0,0.0
2017-12-18 00:00:00-05:00,44.709999084472656,49.5,44.66999816894531,47.4900016784668,445700,0.0,0.0
2017-12-19 00:00:00-05:00,48.349998474121094,49.0,43.060001373291016,44.5,422800,0.0,0.0
2017-12-20 00:00:00-05:00,46.20000076293945,47.34000015258789,44.560001373291016,45.75,313100,0.0,0.0
2017-12-21 00:00:00-05:00,45.95000076293945,46.78900146484375,45.060001373291016,45.5,168800,0.0,0.0
2017-12-22 00:00:00-05:00,44.5,44.75,43.02000045776367,43.18000030517578,155000,0.0,0.0
2017-12-26 00:00:00-05:00,43.29999923706055,44.65999984741211,43.29999923706055,43.75,100300,0.0,0.0
2017-12-27 00:00:00-05:00,43.939998626708984,44.0,43.31999969482422,43.41999816894531,56900,0.0,0.0
2017-12-28 00:00:00-05:00,43.47999954223633,43.47999954223633,42.2400016784668,43.11000061035156,80600,0.0,0.0
2017-12-29 00:00:00-05:00,43.5,43.54999923706055,41.619998931884766,42.099998474121094,140100,0.0,0.0
2018-01-02 00:00:00-05:00,42.45000076293945,45.4900016784668,42.20000076293945,45.4900016784668,172900,0.0,0.0
2018-01-03 00:00:00-05:00,45.689998626708984,45.900001525878906,44.209999084472656,45.209999084472656,136300,0.0,0.0
2018-01-04 00:00:00-05:00,45.22999954223633,46.290000915527344,45.130001068115234,45.9900016784668,126900,0.0,0.0
2018-01-05 00:00:00-05:00,46.220001220703125,46.70000076293945,45.7599983215332,45.81999969482422,153200,0.0,0.0
2018-01-08 00:00:00-05:00,45.959999084472656,45.959999084472656,44.599998474121094,45.58000183105469,128700,0.0,0.0
2018-01-09 00:00:00-05:00,45.47999954223633,45.75,44.52000045776367,45.66999816894531,109700,0.0,0.0
2018-01-10 00:00:00-05:00,45.599998474121094,45.9900016784668,44.86000061035156,45.2400016784668,116300,0.0,0.0
2018-01-11 00:00:00-05:00,45.279998779296875,45.45000076293945,43.95000076293945,44.86000061035156,134100,0.0,0.0
2018-01-12 00:00:00-05:00,44.880001068115234,45.0,44.375,44.95000076293945,35100,0.0,0.0
2018-01-16 00:00:00-05:00,43.9900016784668,45.349998474121094,43.7400016784668,44.81999969482422,109100,0.0,0.0
2018-01-17 00:00:00-05:00,44.93000030517578,44.93000030517578,43.09000015258789,44.060001373291016,130100,0.0,0.0
2018-01-18 00:00:00-05:00,43.91999816894531,44.25,42.90999984741211,43.0,85900,0.0,0.0
2018-01-19 00:00:00-05:00,42.939998626708984,44.349998474121094,42.689998626708984,42.93000030517578,71800,0.0,0.0
2018-01-22 00:00:00-05:00,43.0,43.59000015258789,42.34600067138672,43.36000061035156,57700,0.0,0.0
2018-01-23 00:00:00-05:00,43.349998474121094,44.34000015258789,42.91999816894531,44.209999084472656,124100,0.0,0.0
2018-01-24 00:00:00-05:00,44.29999923706055,44.54999923706055,43.720001220703125,44.209999084472656,29500,0.0,0.0
2018-01-25 00:00:00-05:00,43.959999084472656,44.279998779296875,43.14500045776367,43.650001525878906,81500,0.0,0.0
2018-01-26 00:00:00-05:00,43.81999969482422,43.93000030517578,42.75,43.15999984741211,31700,0.0,0.0
2018-01-29 00:00:00-05:00,43.15999984741211,44.400001525878906,42.630001068115234,43.5,70700,0.0,0.0
2018-01-30 00:00:00-05:00,43.380001068115234,44.70000076293945,43.380001068115234,44.54999923706055,127500,0.0,0.0
2018-01-31 00:00:00-05:00,44.70000076293945,47.7599983215332,44.500999450683594,47.4900016784668,161500,0.0,0.0
2018-02-01 00:00:00-05:00,47.310001373291016,48.45000076293945,46.63999938964844,48.040000915527344,103700,0.0,0.0
2018-02-02 00:00:00-05:00,47.810001373291016,48.83000183105469,46.55400085449219,46.70000076293945,106700,0.0,0.0
2018-02-05 00:00:00-05:00,46.29999923706055,47.209999084472656,45.6870002746582,46.220001220703125,63700,0.0,0.0
2018-02-06 00:00:00-05:00,45.40999984741211,46.36000061035156,44.68000030517578,45.279998779296875,43300,0.0,0.0
2018-02-07 00:00:00-05:00,45.11000061035156,45.29999923706055,44.66999816894531,45.060001373291016,41000,0.0,0.0
2018-02-08 00:00:00-05:00,45.0099983215332,45.50299835205078,44.720001220703125,44.90999984741211,40400,0.0,0.0
2018-02-09 00:00:00-05:00,45.439998626708984,45.439998626708984,43.900001525878906,44.70000076293945,49300,0.0,0.0
2018-02-12 00:00:00-05:00,45.150001525878906,46.13999938964844,44.3650016784668,45.5099983215332,24800,0.0,0.0
2018-02-13 00:00:00-05:00,45.5,45.5099983215332,44.81999969482422,45.0,16300,0.0,0.0
2018-02-14 00:00:00-05:00,44.79999923706055,45.81999969482422,44.54600143432617,45.189998626708984,49400,0.0,0.0
2018-02-15 00:00:00-05:00,45.25,45.599998474121094,44.599998474121094,45.130001068115234,33000,0.0,0.0
2018-02-16 00:00:00-05:00,45.189998626708984,46.09000015258789,45.150001525878906,45.65999984741211,16300,0.0,0.0
2018-02-20 00:00:00-05:00,45.63999938964844,46.09000015258789,45.11000061035156,45.45000076293945,21900,0.0,0.0
2018-02-21 00:00:00-05:00,45.40999984741211,45.88999938964844,45.40999984741211,45.56999969482422,15200,0.0,0.0
2018-02-22 00:00:00-05:00,45.75,45.75,44.689998626708984,44.95000076293945,29900,0.0,0.0
2018-02-23 00:00:00-05:00,45.08000183105469,45.380001068115234,44.68000030517578,45.2599983215332,17900,0.0,0.0
2018-02-26 00:00:00-05:00,45.41999816894531,45.5099983215332,44.69499969482422,45.16999816894531,23700,0.0,0.0
2018-02-27 00:00:00-05:00,45.25,45.72999954223633,44.939998626708984,45.04999923706055,24000,0.0,0.0
2018-02-28 00:00:00-05:00,45.25,45.25,44.11000061035156,44.41999816894531,24600,0.0,0.0
2018-03-01 00:00:00-05:00,44.68000030517578,45.630001068115234,44.029998779296875,44.63999938964844,42000,0.0,0.0
2018-03-02 00:00:00-05:00,44.290000915527344,45.4900016784668,44.0,45.29999923706055,47600,0.0,0.0
2018-03-05 00:00:00-05:00,44.84000015258789,47.45000076293945,44.40999984741211,46.5,45300,0.0,0.0
2018-03-06 00:00:00-05:00,46.40999984741211,46.689998626708984,46.099998474121094,46.43000030517578,16100,0.0,0.0
2018-03-07 00:00:00-05:00,46.130001068115234,47.43000030517578,46.130001068115234,46.720001220703125,13600,0.0,0.0
2018-03-08 00:00:00-05:00,46.75,47.25,46.16999816894531,46.20000076293945,26000,0.0,0.0
2018-03-09 00:00:00-05:00,46.25,47.099998474121094,46.220001220703125,46.790000915527344,21800,0.0,0.0
2018-03-12 00:00:00-04:00,46.720001220703125,46.720001220703125,44.540000915527344,44.560001373291016,85000,0.0,0.0
2018-03-13 00:00:00-04:00,44.869998931884766,45.810001373291016,44.709999084472656,45.41999816894531,30100,0.0,0.0
2018-03-14 00:00:00-04:00,45.369998931884766,45.41999816894531,43.814998626708984,44.09000015258789,66600,0.0,0.0
2018-03-15 00:00:00-04:00,44.279998779296875,44.63999938964844,43.31999969482422,43.689998626708984,40500,0.0,0.0
2018-03-16 00:00:00-04:00,43.619998931884766,44.099998474121094,43.244998931884766,43.880001068115234,37200,0.0,0.0
2018-03-19 00:00:00-04:00,43.7400016784668,43.90999984741211,42.810001373291016,42.900001525878906,43900,0.0,0.0
2018-03-20 00:00:00-04:00,42.900001525878906,43.11600112915039,41.95000076293945,42.58000183105469,142400,0.0,0.0
2018-03-21 00:00:00-04:00,42.52000045776367,44.040000915527344,42.52000045776367,42.66999816894531,42900,0.0,0.0
2018-03-22 00:00:00-04:00,42.470001220703125,43.06999969482422,41.95000076293945,42.099998474121094,45600,0.0,0.0
2018-03-23 00:00:00-04:00,42.27000045776367,43.11000061035156,41.5099983215332,41.66999816894531,34700,0.0,0.0
2018-03-26 00:00:00-04:00,42.27000045776367,42.70000076293945,42.029998779296875,42.43000030517578,18800,0.0,0.0
2018-03-27 00:00:00-04:00,42.349998474121094,42.349998474121094,41.63999938964844,41.650001525878906,18200,0.0,0.0
2018-03-28 00:00:00-04:00,41.65999984741211,41.68000030517578,41.16999816894531,41.45000076293945,17500,0.0,0.0
2018-03-29 00:00:00-04:00,41.209999084472656,42.79999923706055,41.09000015258789,42.11000061035156,47600,0.0,0.0
2018-04-02 00:00:00-04:00,42.34000015258789,42.59000015258789,42.119998931884766,42.5,31700,0.0,0.0
2018-04-03 00:00:00-04:00,42.709999084472656,43.5099983215332,42.599998474121094,43.099998474121094,45600,0.0,0.0
2018-04-04 00:00:00-04:00,42.790000915527344,43.93000030517578,42.720001220703125,43.779998779296875,55200,0.0,0.0
2018-04-05 00:00:00-04:00,43.93000030517578,44.459999084472656,43.75,44.189998626708984,25300,0.0,0.0
2018-04-06 00:00:00-04:00,43.880001068115234,44.448001861572266,43.529998779296875,43.65999984741211,35300,0.0,0.0
2018-04-09 00:00:00-04:00,43.95000076293945,44.36000061035156,43.709999084472656,44.279998779296875,29100,0.0,0.0
2018-04-10 00:00:00-04:00,44.689998626708984,45.150001525878906,44.150001525878906,44.279998779296875,59500,0.0,0.0
2018-04-11 00:00:00-04:00,44.0099983215332,44.0099983215332,43.15999984741211,43.279998779296875,53800,0.0,0.0
2018-04-12 00:00:00-04:00,43.400001525878906,44.630001068115234,43.38199996948242,44.25,54400,0.0,0.0
2018-04-13 00:00:00-04:00,44.43000030517578,44.43000030517578,42.88999938964844,43.5,30300,0.0,0.0
2018-04-16 00:00:00-04:00,43.650001525878906,44.79999923706055,43.619998931884766,44.66999816894531,55300,0.0,0.0
2018-04-17 00:00:00-04:00,44.83000183105469,44.98500061035156,44.2400016784668,44.290000915527344,35100,0.0,0.0
2018-04-18 00:00:00-04:00,44.540000915527344,44.540000915527344,43.900001525878906,44.06999969482422,13000,0.0,0.0
2018-04-19 00:00:00-04:00,43.95000076293945,43.95000076293945,43.4900016784668,43.54999923706055,10000,0.0,0.0
2018-04-20 00:00:00-04:00,43.47999954223633,44.36000061035156,43.310001373291016,43.93000030517578,21700,0.0,0.0
2018-04-23 00:00:00-04:00,43.90999984741211,44.4900016784668,43.58000183105469,44.25,19100,0.0,0.0
2018-04-24 00:00:00-04:00,44.2599983215332,44.959999084472656,44.224998474121094,44.95000076293945,36500,0.0,0.0
2018-04-25 00:00:00-04:00,44.97999954223633,46.689998626708984,44.779998779296875,46.529998779296875,37000,0.0,0.0
2018-04-26 00:00:00-04:00,46.72999954223633,47.040000915527344,46.0,46.97999954223633,41700,0.0,0.0
2018-04-27 00:00:00-04:00,47.04999923706055,47.2599983215332,46.57099914550781,47.220001220703125,25000,0.0,0.0
2018-04-30 00:00:00-04:00,47.40999984741211,47.900001525878906,47.0099983215332,47.33000183105469,36200,0.0,0.0
2018-05-01 00:00:00-04:00,47.33000183105469,48.58000183105469,47.034000396728516,48.45000076293945,43000,0.0,0.0
2018-05-02 00:00:00-04:00,48.41999816894531,50.474998474121094,47.900001525878906,49.25,54600,0.0,0.0
2018-05-03 00:00:00-04:00,49.16999816894531,49.16999816894531,48.150001525878906,48.36000061035156,27800,0.0,0.0
2018-05-04 00:00:00-04:00,48.290000915527344,49.150001525878906,48.09000015258789,48.599998474121094,26300,0.0,0.0
2018-05-07 00:00:00-04:00,48.84000015258789,48.95000076293945,47.709999084472656,48.709999084472656,40900,0.0,0.0
2018-05-08 00:00:00-04:00,48.75,50.18000030517578,48.54999923706055,48.58000183105469,54900,0.0,0.0
2018-05-09 00:00:00-04:00,48.7400016784668,49.86000061035156,48.400001525878906,48.72999954223633,59800,0.0,0.0
2018-05-10 00:00:00-04:00,48.849998474121094,50.09000015258789,48.04999923706055,48.7400016784668,81800,0.0,0.0
2018-05-11 00:00:00-04:00,48.88999938964844,48.88999938964844,47.900001525878906,48.599998474121094,49700,0.0,0.0
2018-05-14 00:00:00-04:00,48.599998474121094,48.84000015258789,48.310001373291016,48.4900016784668,26300,0.0,0.0
2018-05-15 00:00:00-04:00,47.869998931884766,50.040000915527344,47.869998931884766,48.689998626708984,38400,0.0,0.0
2018-05-16 00:00:00-04:00,48.810001373291016,50.70000076293945,47.93000030517578,48.65999984741211,99700,0.0,0.0
2018-05-17 00:00:00-04:00,48.61000061035156,50.06999969482422,48.61000061035156,49.279998779296875,27300,0.0,0.0
2018-05-18 00:00:00-04:00,49.38999938964844,49.810001373291016,48.119998931884766,48.72999954223633,50600,0.0,0.0
2018-05-21 00:00:00-04:00,49.06999969482422,50.36000061035156,48.900001525878906,49.84000015258789,47700,0.0,0.0
2018-05-22 00:00:00-04:00,49.91999816894531,51.41999816894531,49.91999816894531,50.65999984741211,52100,0.0,0.0
2018-05-23 00:00:00-04:00,50.72999954223633,51.470001220703125,49.529998779296875,50.29999923706055,70800,0.0,0.0
2018-05-24 00:00:00-04:00,50.18000030517578,50.72999954223633,50.150001525878906,50.33000183105469,30600,0.0,0.0
2018-05-25 00:00:00-04:00,50.279998779296875,50.63999938964844,48.959999084472656,48.9900016784668,57000,0.0,0.0
2018-05-29 00:00:00-04:00,48.81999969482422,50.27000045776367,48.209999084472656,50.209999084472656,58100,0.0,0.0
2018-05-30 00:00:00-04:00,50.45000076293945,50.80500030517578,49.7599983215332,50.20000076293945,56700,0.0,0.0
2018-05-31 00:00:00-04:00,50.15999984741211,51.41999816894531,50.130001068115234,51.060001373291016,34100,0.0,0.0
2018-06-01 00:00:00-04:00,51.36000061035156,53.150001525878906,51.349998474121094,52.70000076293945,66300,0.0,0.0
2018-06-04 00:00:00-04:00,52.959999084472656,53.08000183105469,51.959999084472656,52.58000183105469,82500,0.0,0.0
2018-06-05 00:00:00-04:00,52.45000076293945,54.09000015258789,52.209999084472656,52.95000076293945,65400,0.0,0.0
2018-06-06 00:00:00-04:00,52.97999954223633,53.290000915527344,52.790000915527344,53.060001373291016,62600,0.0,0.0
2018-06-07 00:00:00-04:00,53.34000015258789,54.0099983215332,51.86000061035156,52.380001068115234,111500,0.0,0.0
2018-06-08 00:00:00-04:00,52.529998779296875,54.099998474121094,52.529998779296875,53.38999938964844,50400,0.0,0.0
2018-06-11 00:00:00-04:00,53.470001220703125,54.7400016784668,53.22999954223633,53.349998474121094,76300,0.0,0.0
2018-06-12 00:00:00-04:00,53.400001525878906,53.45000076293945,52.7400016784668,52.939998626708984,60800,0.0,0.0
2018-06-13 00:00:00-04:00,52.959999084472656,53.15999984741211,51.189998626708984,51.86000061035156,106400,0.0,0.0
2018-06-14 00:00:00-04:00,52.02000045776367,52.84000015258789,51.119998931884766,52.61000061035156,72500,0.0,0.0
2018-06-15 00:00:00-04:00,52.540000915527344,54.04999923706055,52.400001525878906,53.61000061035156,70000,0.0,0.0
2018-06-18 00:00:00-04:00,53.86000061035156,54.33000183105469,53.40999984741211,54.16999816894531,44700,0.0,0.0
2018-06-19 00:00:00-04:00,53.83000183105469,54.61000061035156,53.22999954223633,54.33000183105469,52000,0.0,0.0
2018-06-20 00:00:00-04:00,54.43000030517578,55.0,54.33000183105469,54.619998931884766,29100,0.0,0.0
2018-06-21 00:00:00-04:00,54.869998931884766,54.869998931884766,53.810001373291016,53.9900016784668,35000,0.0,0.0
2018-06-22 00:00:00-04:00,54.5,54.75,52.72999954223633,53.349998474121094,386500,0.0,0.0
2018-06-25 00:00:00-04:00,53.349998474121094,54.7400016784668,53.119998931884766,53.220001220703125,99400,0.0,0.0
2018-06-26 00:00:00-04:00,53.439998626708984,53.439998626708984,52.470001220703125,52.86000061035156,53500,0.0,0.0
2018-06-27 00:00:00-04:00,52.61000061035156,52.61000061035156,51.47999954223633,51.630001068115234,53400,0.0,0.0
2018-06-28 00:00:00-04:00,51.709999084472656,52.599998474121094,51.529998779296875,52.29999923706055,34200,0.0,0.0
2018-06-29 00:00:00-04:00,52.560001373291016,52.599998474121094,52.06999969482422,52.47999954223633,50400,0.0,0.0
2018-07-02 00:00:00-04:00,52.310001373291016,53.65999984741211,52.310001373291016,53.470001220703125,22400,0.0,0.0
2018-07-03 00:00:00-04:00,53.86000061035156,53.900001525878906,52.83000183105469,52.83000183105469,16100,0.0,0.0
2018-07-05 00:00:00-04:00,53.16999816894531,54.2599983215332,53.060001373291016,53.9900016784668,18700,0.0,0.0
2018-07-06 00:00:00-04:00,53.95000076293945,53.95000076293945,52.470001220703125,52.810001373291016,26800,0.0,0.0
2018-07-09 00:00:00-04:00,52.84000015258789,53.60499954223633,52.779998779296875,53.5,29300,0.0,0.0
2018-07-10 00:00:00-04:00,53.66999816894531,53.70000076293945,52.290000915527344,52.91999816894531,13000,0.0,0.0
2018-07-11 00:00:00-04:00,52.77000045776367,52.849998474121094,51.75299835205078,52.36000061035156,13500,0.0,0.0
2018-07-12 00:00:00-04:00,52.68000030517578,52.91999816894531,51.935001373291016,52.38999938964844,40600,0.0,0.0
2018-07-13 00:00:00-04:00,53.04999923706055,53.04999923706055,50.970001220703125,51.40999984741211,13300,0.0,0.0
2018-07-16 00:00:00-04:00,51.43000030517578,52.59000015258789,51.13999938964844,51.7599983215332,16000,0.0,0.0
2018-07-17 00:00:00-04:00,51.88999938964844,52.2599983215332,51.56999969482422,51.90999984741211,14700,0.0,0.0
2018-07-18 00:00:00-04:00,51.97999954223633,52.34000015258789,51.16999816894531,51.43000030517578,18800,0.0,0.0
2018-07-19 00:00:00-04:00,51.5,52.08000183105469,51.34000015258789,51.77000045776367,43000,0.0,0.0
2018-07-20 00:00:00-04:00,51.7400016784668,52.83000183105469,51.7400016784668,52.54999923706055,17200,0.0,0.0
2018-07-23 00:00:00-04:00,52.45000076293945,52.45000076293945,50.93000030517578,51.470001220703125,23200,0.0,0.0
2018-07-24 00:00:00-04:00,51.220001220703125,51.60499954223633,50.470001220703125,50.88999938964844,17300,0.0,0.0
2018-07-25 00:00:00-04:00,50.66999816894531,50.66999816894531,46.959999084472656,49.5,141200,0.0,0.0
2018-07-26 00:00:00-04:00,49.5,50.84000015258789,49.5,50.63999938964844,48700,0.0,0.0
2018-07-27 00:00:00-04:00,50.61000061035156,51.099998474121094,50.220001220703125,50.41999816894531,30100,0.0,0.0
2018-07-30 00:00:00-04:00,50.470001220703125,50.84000015258789,49.0099983215332,49.040000915527344,28700,0.0,0.0
2018-07-31 00:00:00-04:00,49.119998931884766,49.2599983215332,48.25,49.13999938964844,27000,0.0,0.0
2018-08-01 00:00:00-04:00,49.04999923706055,50.36000061035156,48.869998931884766,50.0099983215332,25700,0.0,0.0
2018-08-02 00:00:00-04:00,49.720001220703125,50.959999084472656,49.720001220703125,49.95000076293945,22800,0.0,0.0
2018-08-03 00:00:00-04:00,50.08000183105469,50.349998474121094,48.06999969482422,48.5,13300,0.0,0.0
2018-08-06 00:00:00-04:00,48.36000061035156,48.36000061035156,47.279998779296875,47.349998474121094,8000,0.0,0.0
2018-08-07 00:00:00-04:00,47.52000045776367,47.52000045776367,45.61000061035156,46.04999923706055,38400,0.0,0.0
2018-08-08 00:00:00-04:00,45.95000076293945,46.13999938964844,45.58000183105469,45.86000061035156,24100,0.0,0.0
2018-08-09 00:00:00-04:00,45.86000061035156,46.20000076293945,45.63999938964844,45.779998779296875,20400,0.0,0.0
2018-08-10 00:00:00-04:00,45.900001525878906,47.016998291015625,45.834999084472656,46.41999816894531,31900,0.0,0.0
2018-08-13 00:00:00-04:00,46.599998474121094,47.040000915527344,45.58000183105469,45.93000030517578,29000,0.0,0.0
2018-08-14 00:00:00-04:00,45.720001220703125,47.119998931884766,45.720001220703125,46.66999816894531,17500,0.0,0.0
2018-08-15 00:00:00-04:00,46.41999816894531,46.41999816894531,45.22999954223633,45.22999954223633,13800,0.0,0.0
2018-08-16 00:00:00-04:00,45.34000015258789,46.59000015258789,45.34000015258789,46.11000061035156,10800,0.0,0.0
2018-08-17 00:00:00-04:00,45.939998626708984,46.70000076293945,45.492000579833984,46.439998626708984,22500,0.0,0.0
2018-08-20 00:00:00-04:00,46.25,46.4739990234375,41.779998779296875,43.25,49800,0.0,0.0
2018-08-21 00:00:00-04:00,43.34000015258789,44.310001373291016,43.34000015258789,43.650001525878906,18900,0.0,0.0
2018-08-22 00:00:00-04:00,43.52000045776367,43.689998626708984,42.7599983215332,43.11000061035156,24900,0.0,0.0
2018-08-23 00:00:00-04:00,43.11000061035156,43.400001525878906,42.790000915527344,43.130001068115234,34700,0.0,0.0
2018-08-24 00:00:00-04:00,43.0,43.0,42.099998474121094,42.349998474121094,14300,0.0,0.0
2018-08-27 00:00:00-04:00,42.356998443603516,42.356998443603516,40.61000061035156,40.75,22200,0.0,0.0
2018-08-28 00:00:00-04:00,41.0,41.20000076293945,40.5099983215332,41.16999816894531,45900,0.0,0.0
2018-08-29 00:00:00-04:00,41.27000045776367,42.349998474121094,40.79499816894531,41.150001525878906,28400,0.0,0.0
2018-08-30 00:00:00-04:00,40.9900016784668,41.220001220703125,40.75,41.150001525878906,14100,0.0,0.0
2018-08-31 00:00:00-04:00,40.93000030517578,41.25,40.56999969482422,41.2400016784668,14300,0.0,0.0
2018-09-04 00:00:00-04:00,41.209999084472656,42.2400016784668,41.0099983215332,42.06999969482422,25100,0.0,0.0
2018-09-05 00:00:00-04:00,42.06999969482422,43.36000061035156,42.0,42.5,47600,0.0,0.0
2018-09-06 00:00:00-04:00,42.66999816894531,42.72999954223633,42.279998779296875,42.68000030517578,27100,0.0,0.0
2018-09-07 00:00:00-04:00,43.13999938964844,43.13999938964844,42.43000030517578,42.619998931884766,24500,0.0,0.0
2018-09-10 00:00:00-04:00,42.810001373291016,43.45000076293945,42.599998474121094,43.060001373291016,24000,0.0,0.0
2018-09-11 00:00:00-04:00,43.369998931884766,44.2400016784668,43.369998931884766,43.70000076293945,29000,0.0,0.0
2018-09-12 00:00:00-04:00,43.47999954223633,44.0099983215332,43.25,43.66999816894531,21000,0.0,0.0
2018-09-13 00:00:00-04:00,44.11000061035156,44.31999969482422,42.47999954223633,43.33000183105469,23900,0.0,0.0
2018-09-14 00:00:00-04:00,42.62699890136719,43.880001068115234,42.62699890136719,43.599998474121094,13000,0.0,0.0
2018-09-17 00:00:00-04:00,44.099998474121094,44.70000076293945,43.630001068115234,43.95000076293945,44200,0.0,0.0
2018-09-18 00:00:00-04:00,43.84000015258789,44.61000061035156,43.25,44.47999954223633,25600,0.0,0.0
2018-09-19 00:00:00-04:00,44.41999816894531,45.220001220703125,44.41999816894531,45.0,23000,0.0,0.0
2018-09-20 00:00:00-04:00,45.25,46.41999816894531,45.0,45.779998779296875,66700,0.0,0.0
2018-09-21 00:00:00-04:00,45.810001373291016,46.130001068115234,43.02000045776367,43.13999938964844,94400,0.0,0.0
2018-09-24 00:00:00-04:00,43.11000061035156,43.11000061035156,41.43000030517578,41.70000076293945,22200,0.0,0.0
2018-09-25 00:00:00-04:00,42.15999984741211,42.25,41.5,41.68000030517578,11200,0.0,0.0
2018-09-26 00:00:00-04:00,42.29999923706055,42.880001068115234,41.04999923706055,41.310001373291016,14800,0.0,0.0
2018-09-27 00:00:00-04:00,41.5099983215332,41.5099983215332,40.06999969482422,40.75,13500,0.0,0.0
2018-09-28 00:00:00-04:00,40.619998931884766,41.349998474121094,40.06999969482422,41.119998931884766,20100,0.0,0.0
2018-10-01 00:00:00-04:00,41.380001068115234,41.380001068115234,40.0,40.20000076293945,9000,0.0,0.0
2018-10-02 00:00:00-04:00,40.029998779296875,40.459999084472656,39.029998779296875,40.15999984741211,24400,0.0,0.0
2018-10-03 00:00:00-04:00,40.2400016784668,41.654998779296875,39.93000030517578,41.43000030517578,32600,0.0,0.0
2018-10-04 00:00:00-04:00,41.189998626708984,41.7599983215332,40.79399871826172,41.63999938964844,49800,0.0,0.0
2018-10-05 00:00:00-04:00,41.52000045776367,41.52000045776367,39.43000030517578,40.18000030517578,23800,0.0,0.0
2018-10-08 00:00:00-04:00,40.04999923706055,41.75,40.0,41.220001220703125,21100,0.0,0.0
2018-10-09 00:00:00-04:00,41.0,42.43000030517578,40.810001373291016,41.709999084472656,22200,0.0,0.0
2018-10-10 00:00:00-04:00,41.619998931884766,43.04999923706055,41.334999084472656,41.75,33600,0.0,0.0
2018-10-11 00:00:00-04:00,41.70000076293945,42.29999923706055,40.58000183105469,41.65999984741211,23400,0.0,0.0
2018-10-12 00:00:00-04:00,41.19900131225586,41.29999923706055,38.88999938964844,39.45000076293945,15900,0.0,0.0
2018-10-15 00:00:00-04:00,39.33000183105469,40.65999984741211,38.939998626708984,40.599998474121094,40700,0.0,0.0
2018-10-16 00:00:00-04:00,40.630001068115234,41.400001525878906,40.43000030517578,41.27000045776367,13900,0.0,0.0
2018-10-17 00:00:00-04:00,41.2599983215332,41.97999954223633,40.849998474121094,41.40999984741211,16800,0.0,0.0
2018-10-18 00:00:00-04:00,40.672000885009766,40.88999938964844,38.4900016784668,39.02000045776367,16600,0.0,0.0
2018-10-19 00:00:00-04:00,38.95000076293945,40.0099983215332,38.0099983215332,38.220001220703125,18700,0.0,0.0
2018-10-22 00:00:00-04:00,38.0,38.43000030517578,37.0099983215332,38.43000030517578,38700,0.0,0.0
2018-10-23 00:00:00-04:00,37.970001220703125,38.189998626708984,37.52000045776367,37.7400016784668,28500,0.0,0.0
2018-10-24 00:00:00-04:00,37.290000915527344,37.290000915527344,35.362998962402344,35.650001525878906,32900,0.0,0.0
2018-10-25 00:00:00-04:00,36.0,36.595001220703125,35.0,36.36000061035156,17400,0.0,0.0
2018-10-26 00:00:00-04:00,36.0,37.13999938964844,35.654998779296875,36.70000076293945,18400,0.0,0.0
2018-10-29 00:00:00-04:00,36.27000045776367,37.8120002746582,36.20500183105469,37.08000183105469,26400,0.0,0.0
2018-10-30 00:00:00-04:00,35.959999084472656,37.290000915527344,35.70000076293945,36.81999969482422,33500,0.0,0.0
2018-10-31 00:00:00-04:00,37.20000076293945,37.20000076293945,35.790000915527344,36.86000061035156,24300,0.0,0.0
2018-11-01 00:00:00-04:00,36.91999816894531,37.380001068115234,36.43000030517578,37.209999084472656,26400,0.0,0.0
2018-11-02 00:00:00-04:00,37.41999816894531,38.70000076293945,37.41999816894531,38.04999923706055,17400,0.0,0.0
2018-11-05 00:00:00-05:00,38.310001373291016,38.38999938964844,37.63999938964844,38.150001525878906,6000,0.0,0.0
2018-11-06 00:00:00-05:00,37.5,39.630001068115234,37.5,39.279998779296875,13400,0.0,0.0
2018-11-07 00:00:00-05:00,39.36000061035156,39.36000061035156,38.36000061035156,38.86000061035156,9200,0.0,0.0
2018-11-08 00:00:00-05:00,38.75,39.7599983215332,38.5,39.5,20600,0.0,0.0
2018-11-09 00:00:00-05:00,39.36000061035156,39.36000061035156,38.150001525878906,38.7599983215332,10400,0.0,0.0
2018-11-12 00:00:00-05:00,37.279998779296875,37.9900016784668,37.279998779296875,37.33000183105469,5800,0.0,0.0
2018-11-13 00:00:00-05:00,37.369998931884766,38.93000030517578,36.65999984741211,38.75,26400,0.0,0.0
2018-11-14 00:00:00-05:00,38.11000061035156,38.220001220703125,37.150001525878906,37.150001525878906,9000,0.0,0.0
2018-11-15 00:00:00-05:00,37.04999923706055,37.650001525878906,36.5,37.470001220703125,8100,0.0,0.0
2018-11-16 00:00:00-05:00,37.27000045776367,38.185001373291016,35.83000183105469,37.33000183105469,14600,0.0,0.0
2018-11-19 00:00:00-05:00,36.310001373291016,38.720001220703125,36.310001373291016,38.720001220703125,6500,0.0,0.0
2018-11-20 00:00:00-05:00,38.15999984741211,38.25,36.334999084472656,37.15999984741211,14300,0.0,0.0
2018-11-21 00:00:00-05:00,37.29399871826172,38.060001373291016,36.93000030517578,38.04999923706055,3900,0.0,0.0
2018-11-23 00:00:00-05:00,37.779998779296875,38.900001525878906,36.70000076293945,38.040000915527344,5600,0.0,0.0
2018-11-26 00:00:00-05:00,38.869998931884766,38.904998779296875,37.95000076293945,38.5,17800,0.0,0.0
2018-11-27 00:00:00-05:00,38.41999816894531,38.41999816894531,37.130001068115234,37.34000015258789,3000,0.0,0.0
2018-11-28 00:00:00-05:00,37.52000045776367,38.439998626708984,37.38999938964844,38.060001373291016,5200,0.0,0.0
2018-11-29 00:00:00-05:00,37.70000076293945,37.779998779296875,36.4900016784668,36.4900016784668,7700,0.0,0.0
2018-11-30 00:00:00-05:00,36.529998779296875,37.790000915527344,35.80500030517578,35.97999954223633,66800,0.0,0.0
2018-12-03 00:00:00-05:00,36.810001373291016,36.810001373291016,35.66999816894531,36.0,19000,0.0,0.0
2018-12-04 00:00:00-05:00,35.7599983215332,37.349998474121094,35.7599983215332,35.95000076293945,10200,0.0,0.0
2018-12-06 00:00:00-05:00,35.5099983215332,35.5099983215332,34.06999969482422,34.5099983215332,12200,0.0,0.0
2018-12-07 00:00:00-05:00,34.66999816894531,34.66999816894531,33.22999954223633,33.9900016784668,11700,0.0,0.0
2018-12-10 00:00:00-05:00,33.790000915527344,33.790000915527344,33.20000076293945,33.75,11100,0.0,0.0
2018-12-11 00:00:00-05:00,34.029998779296875,34.26499938964844,33.54999923706055,33.93000030517578,3500,0.0,0.0
2018-12-12 00:00:00-05:00,33.310001373291016,34.22999954223633,33.310001373291016,34.189998626708984,6300,0.0,0.0
2018-12-13 00:00:00-05:00,34.83399963378906,34.83399963378906,33.459999084472656,33.91999816894531,4600,0.0,0.0
2018-12-14 00:00:00-05:00,33.849998474121094,34.400001525878906,33.310001373291016,33.41999816894531,5700,0.0,0.0
2018-12-17 00:00:00-05:00,33.38999938964844,33.38999938964844,31.885000228881836,32.77000045776367,25200,0.0,0.0
2018-12-18 00:00:00-05:00,32.91999816894531,33.4900016784668,31.84000015258789,32.880001068115234,7500,0.0,0.0
2018-12-19 00:00:00-05:00,32.709999084472656,33.279998779296875,30.829999923706055,31.1299991607666,38800,0.0,0.0
2018-12-20 00:00:00-05:00,31.09000015258789,31.09000015258789,29.959999084472656,30.770000457763672,29400,0.0,0.0
2018-12-21 00:00:00-05:00,30.690000534057617,31.73699951171875,30.0,31.139999389648438,30800,0.0,0.0
2018-12-24 00:00:00-05:00,30.940000534057617,31.399999618530273,30.079999923706055,30.079999923706055,5300,0.0,0.0
2018-12-26 00:00:00-05:00,30.3799991607666,31.25,30.0,30.75,18500,0.0,0.0
2018-12-27 00:00:00-05:00,30.239999771118164,30.239999771118164,29.15999984741211,29.979999542236328,13700,0.0,0.0
2018-12-28 00:00:00-05:00,30.0,30.829999923706055,29.049999237060547,30.700000762939453,25600,0.0,0.0
2018-12-31 00:00:00-05:00,30.6299991607666,30.989999771118164,29.579999923706055,30.850000381469727,18500,0.0,0.0
2019-01-02 00:00:00-05:00,30.46500015258789,30.8700008392334,30.03499984741211,30.309999465942383,28000,0.0,0.0
2019-01-03 00:00:00-05:00,30.280000686645508,30.989999771118164,30.1200008392334,30.75,31100,0.0,0.0
2019-01-04 00:00:00-05:00,30.75,31.25,30.5,31.100000381469727,61600,0.0,0.0
2019-01-07 00:00:00-05:00,31.15999984741211,32.060001373291016,30.799999237060547,32.060001373291016,10600,0.0,0.0
2019-01-08 00:00:00-05:00,32.31999969482422,33.08000183105469,32.0099983215332,32.93000030517578,13100,0.0,0.0
2019-01-09 00:00:00-05:00,32.70000076293945,33.20000076293945,31.850000381469727,32.650001525878906,43800,0.0,0.0
2019-01-10 00:00:00-05:00,32.26499938964844,32.70500183105469,31.59000015258789,32.63999938964844,35300,0.0,0.0
2019-01-11 00:00:00-05:00,32.5099983215332,33.119998931884766,32.29999923706055,32.72999954223633,14700,0.0,0.0
2019-01-14 00:00:00-05:00,32.560001373291016,33.09000015258789,32.19499969482422,32.650001525878906,35500,0.0,0.0
2019-01-15 00:00:00-05:00,32.31999969482422,33.36000061035156,32.31999969482422,33.36000061035156,9000,0.0,0.0
2019-01-16 00:00:00-05:00,33.369998931884766,33.959999084472656,33.0,33.70000076293945,120200,0.0,0.0
2019-01-17 00:00:00-05:00,33.54999923706055,35.21900177001953,33.54999923706055,34.400001525878906,14500,0.0,0.0
2019-01-18 00:00:00-05:00,34.560001373291016,35.70000076293945,34.560001373291016,35.470001220703125,22200,0.0,0.0
2019-01-22 00:00:00-05:00,35.470001220703125,36.689998626708984,35.470001220703125,36.09000015258789,17000,0.0,0.0
2019-01-23 00:00:00-05:00,36.0,36.7400016784668,35.40999984741211,35.869998931884766,14900,0.0,0.0
2019-01-24 00:00:00-05:00,36.439998626708984,36.733001708984375,35.63999938964844,35.900001525878906,10400,0.0,0.0
2019-01-25 00:00:00-05:00,36.0,36.5,35.13800048828125,36.5,15600,0.0,0.0
2019-01-28 00:00:00-05:00,36.91400146484375,37.03499984741211,35.06999969482422,35.599998474121094,26400,0.0,0.0
2019-01-29 00:00:00-05:00,34.9109992980957,35.650001525878906,34.685001373291016,35.150001525878906,21400,0.0,0.0
2019-01-30 00:00:00-05:00,35.189998626708984,36.099998474121094,34.96099853515625,35.5099983215332,10800,0.0,0.0
2019-01-31 00:00:00-05:00,35.40999984741211,35.5,33.36000061035156,35.0,24400,0.0,0.0
2019-02-01 00:00:00-05:00,34.97999954223633,36.099998474121094,34.733001708984375,35.380001068115234,25700,0.0,0.0
2019-02-04 00:00:00-05:00,35.400001525878906,36.91999816894531,35.34700012207031,36.06999969482422,6700,0.0,0.0
2019-02-05 00:00:00-05:00,35.380001068115234,35.619998931884766,35.380001068115234,35.619998931884766,2800,0.0,0.0
2019-02-06 00:00:00-05:00,35.63999938964844,36.150001525878906,35.45000076293945,36.099998474121094,10300,0.0,0.0
2019-02-07 00:00:00-05:00,36.369998931884766,36.939998626708984,36.0,36.61000061035156,17400,0.0,0.0
2019-02-08 00:00:00-05:00,36.61000061035156,36.869998931884766,36.09000015258789,36.72999954223633,10200,0.0,0.0
2019-02-11 00:00:00-05:00,36.7599983215332,36.9900016784668,36.560001373291016,36.720001220703125,2800,0.0,0.0
2019-02-12 00:00:00-05:00,36.75,36.75,36.45000076293945,36.45000076293945,1700,0.0,0.0
2019-02-13 00:00:00-05:00,35.9900016784668,37.349998474121094,35.9900016784668,37.09000015258789,3400,0.0,0.0
2019-02-14 00:00:00-05:00,36.93000030517578,37.13999938964844,36.34000015258789,36.43000030517578,5900,0.0,0.0
2019-02-15 00:00:00-05:00,36.650001525878906,37.5,36.599998474121094,37.29999923706055,11200,0.0,0.0
2019-02-19 00:00:00-05:00,37.04999923706055,38.119998931884766,37.04999923706055,37.88999938964844,12500,0.0,0.0
2019-02-20 00:00:00-05:00,38.29899978637695,38.43000030517578,37.75,38.11000061035156,11600,0.0,0.0
2019-02-21 00:00:00-05:00,38.54199981689453,38.54199981689453,37.63999938964844,38.04999923706055,5000,0.0,0.0
2019-02-22 00:00:00-05:00,38.869998931884766,38.9900016784668,38.11000061035156,38.720001220703125,8400,0.0,0.0
2019-02-25 00:00:00-05:00,38.720001220703125,39.316001892089844,38.290000915527344,38.290000915527344,10000,0.0,0.0
2019-02-26 00:00:00-05:00,39.082000732421875,39.082000732421875,38.08000183105469,38.45000076293945,10800,0.0,0.0
2019-02-27 00:00:00-05:00,38.80500030517578,39.220001220703125,38.5099983215332,38.70000076293945,4000,0.0,0.0
2019-02-28 00:00:00-05:00,38.59199905395508,39.150001525878906,38.15999984741211,38.529998779296875,8900,0.0,0.0
2019-03-01 00:00:00-05:00,38.369998931884766,38.91999816894531,38.369998931884766,38.779998779296875,5200,0.0,0.0
2019-03-04 00:00:00-05:00,38.7599983215332,38.7599983215332,38.349998474121094,38.349998474121094,8000,0.0,0.0
2019-03-05 00:00:00-05:00,38.349998474121094,38.69499969482422,37.75,38.27000045776367,28800,0.0,0.0
2019-03-06 00:00:00-05:00,38.16999816894531,38.720001220703125,37.52399826049805,37.779998779296875,13100,0.0,0.0
2019-03-07 00:00:00-05:00,38.16999816894531,38.31999969482422,36.880001068115234,36.939998626708984,10900,0.0,0.0
2019-03-08 00:00:00-05:00,36.75,37.474998474121094,36.41999816894531,36.689998626708984,27800,0.0,0.0
2019-03-11 00:00:00-04:00,36.84000015258789,37.540000915527344,36.84000015258789,37.43000030517578,10600,0.0,0.0
2019-03-12 00:00:00-04:00,37.709999084472656,37.77000045776367,36.90999984741211,37.459999084472656,16900,0.0,0.0
2019-03-13 00:00:00-04:00,37.630001068115234,38.45000076293945,36.880001068115234,37.34000015258789,21800,0.0,0.0
2019-03-14 00:00:00-04:00,37.380001068115234,37.474998474121094,36.7599983215332,37.2400016784668,16800,0.0,0.0
2019-03-15 00:00:00-04:00,37.27000045776367,38.16999816894531,36.470001220703125,38.16999816894531,77300,0.0,0.0
2019-03-18 00:00:00-04:00,38.02000045776367,38.279998779296875,37.31999969482422,37.349998474121094,18100,0.0,0.0
2019-03-19 00:00:00-04:00,37.540000915527344,38.08000183105469,36.0099983215332,36.31999969482422,18500,0.0,0.0
2019-03-20 00:00:00-04:00,35.9900016784668,36.290000915527344,35.56999969482422,35.900001525878906,18000,0.0,0.0
2019-03-21 00:00:00-04:00,35.779998779296875,36.099998474121094,34.95000076293945,35.06999969482422,13800,0.0,0.0
2019-03-22 00:00:00-04:00,34.83000183105469,34.83000183105469,32.599998474121094,33.630001068115234,63800,0.0,0.0
2019-03-25 00:00:00-04:00,33.720001220703125,34.0,33.2599983215332,33.88999938964844,20500,0.0,0.0
2019-03-26 00:00:00-04:00,34.040000915527344,34.529998779296875,33.70000076293945,34.029998779296875,45900,0.0,0.0
2019-03-27 00:00:00-04:00,33.91999816894531,34.400001525878906,33.611000061035156,34.099998474121094,15900,0.0,0.0
2019-03-28 00:00:00-04:00,34.150001525878906,34.7400016784668,34.150001525878906,34.5,12500,0.0,0.0
2019-03-29 00:00:00-04:00,34.66999816894531,34.86000061035156,33.38999938964844,34.790000915527344,41100,0.0,0.0
2019-04-01 00:00:00-04:00,34.9900016784668,36.38999938964844,34.529998779296875,35.79999923706055,28500,0.0,0.0
2019-04-02 00:00:00-04:00,35.7599983215332,36.17499923706055,35.40999984741211,35.40999984741211,13100,0.0,0.0
2019-04-03 00:00:00-04:00,35.20000076293945,36.25,35.20000076293945,35.91999816894531,14700,0.0,0.0
2019-04-04 00:00:00-04:00,35.77000045776367,36.724998474121094,35.77000045776367,36.52000045776367,13900,0.0,0.0
2019-04-05 00:00:00-04:00,36.43000030517578,36.869998931884766,36.15999984741211,36.349998474121094,14800,0.0,0.0
2019-04-08 00:00:00-04:00,36.54999923706055,36.970001220703125,36.2760009765625,36.29999923706055,11400,0.0,0.0
2019-04-09 00:00:00-04:00,36.20000076293945,36.72999954223633,35.86000061035156,36.38999938964844,11300,0.0,0.0
2019-04-10 00:00:00-04:00,36.880001068115234,37.11000061035156,36.244998931884766,37.11000061035156,14200,0.0,0.0
2019-04-11 00:00:00-04:00,37.150001525878906,37.150001525878906,36.61000061035156,36.91999816894531,23300,0.0,0.0
2019-04-12 00:00:00-04:00,37.220001220703125,37.310001373291016,36.599998474121094,36.9900016784668,9700,0.0,0.0
2019-04-15 00:00:00-04:00,36.790000915527344,36.970001220703125,36.599998474121094,36.779998779296875,9100,0.0,0.0
2019-04-16 00:00:00-04:00,36.2599983215332,37.310001373291016,36.2599983215332,36.97999954223633,10300,0.0,0.0
2019-04-17 00:00:00-04:00,37.09000015258789,37.09000015258789,36.75,36.75,6700,0.0,0.0
2019-04-18 00:00:00-04:00,36.779998779296875,37.16999816894531,36.779998779296875,37.0099983215332,15100,0.0,0.0
2019-04-22 00:00:00-04:00,37.03499984741211,37.25,35.86000061035156,35.95000076293945,9300,0.0,0.0
2019-04-23 00:00:00-04:00,35.29600143432617,36.849998474121094,35.29600143432617,36.7599983215332,15000,0.0,0.0
2019-04-24 00:00:00-04:00,36.54999923706055,37.279998779296875,36.54999923706055,36.61000061035156,5300,0.0,0.0
2019-04-25 00:00:00-04:00,37.150001525878906,38.880001068115234,37.150001525878906,38.7599983215332,14500,0.0,0.0
2019-04-26 00:00:00-04:00,38.709999084472656,38.72999954223633,37.959999084472656,38.459999084472656,11100,0.0,0.0
2019-04-29 00:00:00-04:00,38.52000045776367,39.79999923706055,37.72999954223633,39.470001220703125,26700,0.0,0.0
2019-04-30 00:00:00-04:00,39.540000915527344,40.67499923706055,39.10599899291992,39.90999984741211,53600,0.0,0.0
2019-05-01 00:00:00-04:00,40.0,41.470001220703125,39.810001373291016,41.22999954223633,37700,0.0,0.0
2019-05-02 00:00:00-04:00,41.150001525878906,41.79999923706055,40.78499984741211,40.810001373291016,25000,0.0,0.0
2019-05-03 00:00:00-04:00,40.96500015258789,42.0,40.900001525878906,41.900001525878906,24800,0.0,0.0
2019-05-06 00:00:00-04:00,41.43000030517578,42.0,41.43000030517578,41.72999954223633,18700,0.0,0.0
2019-05-07 00:00:00-04:00,41.59000015258789,42.4900016784668,41.415000915527344,41.61000061035156,36000,0.0,0.0
2019-05-08 00:00:00-04:00,41.79999923706055,42.150001525878906,41.560001373291016,41.959999084472656,12100,0.0,0.0
2019-05-09 00:00:00-04:00,41.7400016784668,42.04999923706055,41.33000183105469,41.65999984741211,13800,0.0,0.0
2019-05-10 00:00:00-04:00,41.65999984741211,42.58000183105469,41.63999938964844,42.33000183105469,16900,0.0,0.0
2019-05-13 00:00:00-04:00,41.689998626708984,41.83000183105469,41.34000015258789,41.5099983215332,16300,0.0,0.0
2019-05-14 00:00:00-04:00,41.65999984741211,42.349998474121094,41.119998931884766,42.099998474121094,20400,0.0,0.0
2019-05-15 00:00:00-04:00,41.84000015258789,42.029998779296875,41.060001373291016,41.459999084472656,16900,0.0,0.0
2019-05-16 00:00:00-04:00,41.90999984741211,41.95500183105469,41.040000915527344,41.25,17600,0.0,0.0
2019-05-17 00:00:00-04:00,40.939998626708984,41.02000045776367,40.10100173950195,41.0,14700,0.0,0.0
2019-05-20 00:00:00-04:00,40.849998474121094,41.244998931884766,40.560001373291016,40.95000076293945,13800,0.0,0.0
2019-05-21 00:00:00-04:00,40.803001403808594,41.5,40.803001403808594,41.09000015258789,10800,0.0,0.0
2019-05-22 00:00:00-04:00,41.029998779296875,41.029998779296875,39.16999816894531,40.0,16600,0.0,0.0
2019-05-23 00:00:00-04:00,39.60100173950195,39.93000030517578,38.79999923706055,38.95000076293945,12400,0.0,0.0
2019-05-24 00:00:00-04:00,39.02000045776367,39.720001220703125,38.540000915527344,39.66999816894531,8900,0.0,0.0
2019-05-28 00:00:00-04:00,39.689998626708984,40.33000183105469,39.689998626708984,39.959999084472656,9400,0.0,0.0
2019-05-29 00:00:00-04:00,39.56999969482422,40.29999923706055,39.36000061035156,39.939998626708984,16600,0.0,0.0
2019-05-30 00:00:00-04:00,40.14500045776367,41.064998626708984,39.970001220703125,40.61000061035156,28800,0.0,0.0
2019-05-31 00:00:00-04:00,40.08000183105469,40.43000030517578,39.650001525878906,39.72999954223633,13500,0.0,0.0
2019-06-03 00:00:00-04:00,39.869998931884766,40.560001373291016,39.75,39.88999938964844,14000,0.0,0.0
2019-06-04 00:00:00-04:00,40.349998474121094,40.5,39.79999923706055,39.79999923706055,19500,0.0,0.0
2019-06-05 00:00:00-04:00,40.060001373291016,40.060001373291016,38.93000030517578,38.939998626708984,8500,0.0,0.0
2019-06-06 00:00:00-04:00,38.939998626708984,39.564998626708984,38.66999816894531,38.689998626708984,21000,0.0,0.0
2019-06-07 00:00:00-04:00,38.900001525878906,39.34000015258789,38.130001068115234,38.79999923706055,23400,0.0,0.0
2019-06-10 00:00:00-04:00,38.93000030517578,39.7599983215332,38.599998474121094,39.66999816894531,12400,0.0,0.0
2019-06-11 00:00:00-04:00,39.849998474121094,40.720001220703125,39.38999938964844,40.630001068115234,16200,0.0,0.0
2019-06-12 00:00:00-04:00,40.560001373291016,41.369998931884766,40.505001068115234,40.93000030517578,8600,0.0,0.0
2019-06-13 00:00:00-04:00,40.65999984741211,41.400001525878906,40.25,40.779998779296875,40600,0.0,0.0
2019-06-14 00:00:00-04:00,40.369998931884766,41.25,40.369998931884766,40.869998931884766,11600,0.0,0.0
2019-06-17 00:00:00-04:00,41.040000915527344,41.40999984741211,40.91999816894531,41.38999938964844,7400,0.0,0.0
2019-06-18 00:00:00-04:00,41.5099983215332,41.849998474121094,41.060001373291016,41.75,14900,0.0,0.0
2019-06-19 00:00:00-04:00,41.70000076293945,42.0,41.20000076293945,41.369998931884766,20200,0.0,0.0
2019-06-20 00:00:00-04:00,41.119998931884766,41.97999954223633,41.099998474121094,41.90999984741211,8800,0.0,0.0
2019-06-21 00:00:00-04:00,41.5,43.34000015258789,41.27000045776367,43.34000015258789,49700,0.0,0.0
2019-06-24 00:00:00-04:00,43.119998931884766,44.130001068115234,42.90999984741211,43.25,41100,0.0,0.0
2019-06-25 00:00:00-04:00,44.0,44.0,42.95000076293945,44.0,45600,0.0,0.0
2019-06-26 00:00:00-04:00,44.119998931884766,44.119998931884766,43.41999816894531,43.52000045776367,15600,0.0,0.0
2019-06-27 00:00:00-04:00,43.18199920654297,44.95000076293945,43.18199920654297,44.380001068115234,26100,0.0,0.0
2019-06-28 00:00:00-04:00,44.560001373291016,44.79999923706055,43.900001525878906,44.0,101500,0.0,0.0
2019-07-01 00:00:00-04:00,44.310001373291016,44.95000076293945,43.91999816894531,44.439998626708984,13700,0.0,0.0
2019-07-02 00:00:00-04:00,44.290000915527344,44.47999954223633,43.880001068115234,44.130001068115234,6700,0.0,0.0
2019-07-03 00:00:00-04:00,43.5099983215332,43.5099983215332,43.2400016784668,43.459999084472656,5300,0.0,0.0
2019-07-05 00:00:00-04:00,43.560001373291016,44.560001373291016,42.72999954223633,44.099998474121094,10500,0.0,0.0
2019-07-08 00:00:00-04:00,43.91999816894531,44.7599983215332,43.59000015258789,43.720001220703125,12400,0.0,0.0
2019-07-09 00:00:00-04:00,44.46500015258789,44.505001068115234,43.849998474121094,44.43000030517578,14700,0.0,0.0
2019-07-10 00:00:00-04:00,44.59000015258789,44.9900016784668,43.470001220703125,43.9900016784668,11400,0.0,0.0
2019-07-11 00:00:00-04:00,44.369998931884766,44.369998931884766,43.33000183105469,44.119998931884766,4500,0.0,0.0
2019-07-12 00:00:00-04:00,44.02000045776367,44.15999984741211,43.689998626708984,43.959999084472656,10400,0.0,0.0
2019-07-15 00:00:00-04:00,43.755001068115234,43.755001068115234,42.97999954223633,43.189998626708984,5800,0.0,0.0
2019-07-16 00:00:00-04:00,43.150001525878906,43.52000045776367,43.150001525878906,43.5099983215332,7300,0.0,0.0
2019-07-17 00:00:00-04:00,43.380001068115234,43.4640007019043,42.650001525878906,43.369998931884766,3100,0.0,0.0
2019-07-18 00:00:00-04:00,43.4900016784668,43.4900016784668,42.880001068115234,43.09000015258789,7100,0.0,0.0
2019-07-19 00:00:00-04:00,43.0099983215332,43.29999923706055,42.4900016784668,42.630001068115234,8900,0.0,0.0
2019-07-22 00:00:00-04:00,42.61000061035156,42.7400016784668,42.18000030517578,42.7400016784668,4200,0.0,0.0
2019-07-23 00:00:00-04:00,43.5260009765625,43.5260009765625,43.040000915527344,43.040000915527344,2800,0.0,0.0
2019-07-24 00:00:00-04:00,43.02000045776367,44.29999923706055,42.78900146484375,44.29999923706055,10500,0.0,0.0
2019-07-25 00:00:00-04:00,43.72999954223633,43.72999954223633,37.849998474121094,42.65999984741211,95200,0.0,0.0
2019-07-26 00:00:00-04:00,42.959999084472656,44.0,42.959999084472656,44.0,10900,0.0,0.0
2019-07-29 00:00:00-04:00,44.130001068115234,44.599998474121094,43.400001525878906,43.52000045776367,6600,0.0,0.0
2019-07-30 00:00:00-04:00,43.25,43.650001525878906,43.25,43.33000183105469,10400,0.0,0.0
2019-07-31 00:00:00-04:00,43.349998474121094,44.15999984741211,41.970001220703125,41.970001220703125,17800,0.0,0.0
2019-08-01 00:00:00-04:00,41.849998474121094,41.849998474121094,39.83000183105469,39.91999816894531,18900,0.0,0.0
2019-08-02 00:00:00-04:00,39.5,40.25,39.25,39.91999816894531,9600,0.0,0.0
2019-08-05 00:00:00-04:00,39.31999969482422,39.54999923706055,38.5,38.79999923706055,10100,0.0,0.0
2019-08-06 00:00:00-04:00,39.0,39.29999923706055,38.119998931884766,39.29999923706055,12400,0.0,0.0
2019-08-07 00:00:00-04:00,38.630001068115234,39.0,38.11000061035156,38.75,10600,0.0,0.0
2019-08-08 00:00:00-04:00,39.0,40.04999923706055,39.0,39.77000045776367,14700,0.0,0.0
2019-08-09 00:00:00-04:00,40.02399826049805,40.0989990234375,39.59000015258789,39.59000015258789,5700,0.0,0.0
2019-08-12 00:00:00-04:00,40.150001525878906,40.150001525878906,39.04999923706055,39.209999084472656,1900,0.0,0.0
2019-08-13 00:00:00-04:00,39.18000030517578,39.380001068115234,38.63199996948242,39.380001068115234,3400,0.0,0.0
2019-08-14 00:00:00-04:00,38.65999984741211,39.1619987487793,38.040000915527344,38.099998474121094,5700,0.0,0.0
2019-08-15 00:00:00-04:00,37.97999954223633,37.97999954223633,37.08000183105469,37.25,4100,0.0,0.0
2019-08-16 00:00:00-04:00,37.459999084472656,38.63999938964844,37.060001373291016,38.31999969482422,10700,0.0,0.0
2019-08-19 00:00:00-04:00,38.72999954223633,39.130001068115234,38.33000183105469,39.130001068115234,1700,0.0,0.0
2019-08-20 00:00:00-04:00,38.900001525878906,38.915000915527344,38.27000045776367,38.529998779296875,6100,0.0,0.0
2019-08-21 00:00:00-04:00,38.28099822998047,38.93000030517578,38.28099822998047,38.81999969482422,5900,0.0,0.0
2019-08-22 00:00:00-04:00,38.630001068115234,38.75,37.77000045776367,37.900001525878906,10000,0.0,0.0
2019-08-23 00:00:00-04:00,37.70000076293945,38.03499984741211,36.650001525878906,36.689998626708984,7900,0.0,0.0
2019-08-26 00:00:00-04:00,36.9900016784668,37.45000076293945,36.72999954223633,37.45000076293945,5900,0.0,0.0
2019-08-27 00:00:00-04:00,37.61000061035156,37.61000061035156,36.04999923706055,36.7400016784668,7600,0.0,0.0
2019-08-28 00:00:00-04:00,36.599998474121094,36.869998931884766,36.209999084472656,36.310001373291016,6800,0.0,0.0
2019-08-29 00:00:00-04:00,36.630001068115234,37.0,36.19499969482422,36.540000915527344,18800,0.0,0.0
2019-08-30 00:00:00-04:00,36.75,36.75,35.709999084472656,36.20000076293945,9100,0.0,0.0
2019-09-03 00:00:00-04:00,36.29999923706055,36.59000015258789,35.119998931884766,35.41999816894531,5000,0.0,0.0
2019-09-04 00:00:00-04:00,35.11000061035156,35.369998931884766,34.63999938964844,35.369998931884766,7200,0.0,0.0
2019-09-05 00:00:00-04:00,35.380001068115234,36.38999938964844,35.380001068115234,36.36000061035156,32100,0.0,0.0
2019-09-06 00:00:00-04:00,36.34000015258789,37.150001525878906,36.34000015258789,37.150001525878906,14500,0.0,0.0
2019-09-09 00:00:00-04:00,37.099998474121094,39.040000915527344,37.099998474121094,39.029998779296875,20900,0.0,0.0
2019-09-10 00:00:00-04:00,38.91999816894531,39.834999084472656,38.529998779296875,39.459999084472656,21100,0.0,0.0
2019-09-11 00:00:00-04:00,39.7400016784668,40.05500030517578,39.38999938964844,39.720001220703125,15200,0.0,0.0
2019-09-12 00:00:00-04:00,39.744998931884766,40.150001525878906,39.560001373291016,39.88999938964844,18300,0.0,0.0
2019-09-13 00:00:00-04:00,39.959999084472656,40.5,39.88600158691406,40.2599983215332,12400,0.0,0.0
2019-09-16 00:00:00-04:00,39.86000061035156,40.150001525878906,39.86000061035156,40.0099983215332,14900,0.0,0.0
2019-09-17 00:00:00-04:00,39.90999984741211,40.459999084472656,39.689998626708984,40.06999969482422,12500,0.0,0.0
2019-09-18 00:00:00-04:00,40.529998779296875,40.95000076293945,40.0,40.290000915527344,30800,0.0,0.0
2019-09-19 00:00:00-04:00,40.16999816894531,40.939998626708984,40.029998779296875,40.18000030517578,20100,0.0,0.0
2019-09-20 00:00:00-04:00,40.15999984741211,40.93000030517578,40.0099983215332,40.209999084472656,57700,0.0,0.0
2019-09-23 00:00:00-04:00,40.16999816894531,40.650001525878906,40.0,40.599998474121094,11600,0.0,0.0
2019-09-24 00:00:00-04:00,40.41999816894531,40.849998474121094,40.04999923706055,40.369998931884766,29500,0.0,0.0
2019-09-25 00:00:00-04:00,40.349998474121094,40.869998931884766,40.0,40.81999969482422,24000,0.0,0.0
2019-09-26 00:00:00-04:00,40.52000045776367,40.82500076293945,40.43000030517578,40.43000030517578,7000,0.0,0.0
2019-09-27 00:00:00-04:00,40.5099983215332,40.939998626708984,39.61000061035156,39.81999969482422,14600,0.0,0.0
2019-09-30 00:00:00-04:00,39.560001373291016,39.91999816894531,39.33000183105469,39.33000183105469,11200,0.0,0.0
2019-10-01 00:00:00-04:00,39.86000061035156,39.86000061035156,38.779998779296875,39.099998474121094,19000,0.0,0.0
2019-10-02 00:00:00-04:00,38.869998931884766,39.88999938964844,38.869998931884766,39.290000915527344,11600,0.0,0.0
2019-10-03 00:00:00-04:00,39.43000030517578,39.63999938964844,38.709999084472656,39.400001525878906,12400,0.0,0.0
2019-10-04 00:00:00-04:00,39.40999984741211,39.65999984741211,39.20000076293945,39.58000183105469,10300,0.0,0.0
2019-10-07 00:00:00-04:00,39.88999938964844,40.349998474121094,39.0099983215332,39.040000915527344,13200,0.0,0.0
2019-10-08 00:00:00-04:00,39.150001525878906,39.599998474121094,38.29999923706055,38.29999923706055,15800,0.0,0.0
2019-10-09 00:00:00-04:00,38.599998474121094,38.97999954223633,38.099998474121094,38.5,13100,0.0,0.0
2019-10-10 00:00:00-04:00,39.150001525878906,39.38999938964844,38.92499923706055,39.02000045776367,7600,0.0,0.0
2019-10-11 00:00:00-04:00,39.7400016784668,40.790000915527344,39.46500015258789,39.79999923706055,16000,0.0,0.0
2019-10-14 00:00:00-04:00,40.08000183105469,40.08000183105469,39.54399871826172,39.79999923706055,7300,0.0,0.0
2019-10-15 00:00:00-04:00,39.59000015258789,40.84000015258789,39.59000015258789,40.720001220703125,7800,0.0,0.0
2019-10-16 00:00:00-04:00,40.56999969482422,41.0,40.56999969482422,40.70000076293945,5900,0.0,0.0
2019-10-17 00:00:00-04:00,40.9900016784668,41.0,40.584999084472656,41.0,8700,0.0,0.0
2019-10-18 00:00:00-04:00,40.70000076293945,41.06999969482422,40.529998779296875,40.529998779296875,16800,0.0,0.0
2019-10-21 00:00:00-04:00,41.0,41.29999923706055,40.86000061035156,41.29999923706055,15500,0.0,0.0
2019-10-22 00:00:00-04:00,41.02000045776367,41.36000061035156,40.540000915527344,41.16999816894531,19000,0.0,0.0
2019-10-23 00:00:00-04:00,40.73400115966797,41.21500015258789,40.279998779296875,41.11000061035156,7200,0.0,0.0
2019-10-24 00:00:00-04:00,41.5,41.5,40.54999923706055,41.25,12700,0.0,0.0
2019-10-25 00:00:00-04:00,41.31999969482422,42.560001373291016,41.31999969482422,41.9900016784668,30200,0.0,0.0
2019-10-28 00:00:00-04:00,42.29999923706055,42.310001373291016,41.86000061035156,42.06999969482422,10700,0.0,0.0
2019-10-29 00:00:00-04:00,41.59000015258789,43.720001220703125,41.59000015258789,43.02000045776367,38900,0.0,0.0
2019-10-30 00:00:00-04:00,43.0,44.310001373291016,42.44200134277344,43.310001373291016,36800,0.0,0.0
2019-10-31 00:00:00-04:00,42.95000076293945,42.95000076293945,42.0099983215332,42.939998626708984,56100,0.0,0.0
2019-11-01 00:00:00-04:00,43.2400016784668,43.529998779296875,42.470001220703125,43.279998779296875,61900,0.0,0.0
2019-11-04 00:00:00-05:00,43.70000076293945,44.08000183105469,42.59000015258789,43.77000045776367,37400,0.0,0.0
2019-11-05 00:00:00-05:00,44.0,45.0,43.77000045776367,44.84000015258789,36100,0.0,0.0
2019-11-06 00:00:00-05:00,44.7400016784668,44.900001525878906,44.29199981689453,44.45000076293945,28800,0.0,0.0
2019-11-07 00:00:00-05:00,44.88999938964844,45.0,44.59400177001953,44.88999938964844,24800,0.0,0.0
2019-11-08 00:00:00-05:00,44.88999938964844,45.2599983215332,44.650001525878906,45.189998626708984,18700,0.0,0.0
2019-11-11 00:00:00-05:00,44.7599983215332,45.9900016784668,44.69300079345703,45.650001525878906,24500,0.0,0.0
2019-11-12 00:00:00-05:00,45.65999984741211,46.779998779296875,45.58000183105469,45.7400016784668,24800,0.0,0.0
2019-11-13 00:00:00-05:00,45.400001525878906,45.95000076293945,45.334999084472656,45.65999984741211,14600,0.0,0.0
2019-11-14 00:00:00-05:00,45.84000015258789,46.290000915527344,45.349998474121094,45.75,10900,0.0,0.0
2019-11-15 00:00:00-05:00,46.04999923706055,46.70000076293945,45.3390007019043,45.86000061035156,12900,0.0,0.0
2019-11-18 00:00:00-05:00,45.459999084472656,45.95000076293945,45.099998474121094,45.349998474121094,11800,0.0,0.0
2019-11-19 00:00:00-05:00,45.2599983215332,45.970001220703125,45.10499954223633,45.619998931884766,12300,0.0,0.0
2019-11-20 00:00:00-05:00,45.400001525878906,45.59000015258789,44.79999923706055,44.97999954223633,27400,0.0,0.0
2019-11-21 00:00:00-05:00,45.150001525878906,45.375999450683594,44.52000045776367,45.08000183105469,12200,0.0,0.0
2019-11-22 00:00:00-05:00,45.060001373291016,45.47999954223633,44.93000030517578,45.290000915527344,11800,0.0,0.0
2019-11-25 00:00:00-05:00,45.27000045776367,46.0,45.2400016784668,46.0,19300,0.0,0.0
2019-11-26 00:00:00-05:00,45.93000030517578,46.290000915527344,45.470001220703125,45.9900016784668,19900,0.0,0.0
2019-11-27 00:00:00-05:00,46.0,46.595001220703125,45.52000045776367,45.7599983215332,21900,0.0,0.0
2019-11-29 00:00:00-05:00,45.29999923706055,45.29999923706055,44.90999984741211,45.09000015258789,3100,0.0,0.0
2019-12-02 00:00:00-05:00,45.119998931884766,45.119998931884766,44.380001068115234,44.529998779296875,11700,0.0,0.0
2019-12-03 00:00:00-05:00,43.790000915527344,44.61000061035156,43.54999923706055,44.400001525878906,16800,0.0,0.0
2019-12-04 00:00:00-05:00,44.36000061035156,45.54999923706055,44.36000061035156,44.900001525878906,18000,0.0,0.0
2019-12-05 00:00:00-05:00,45.31999969482422,45.810001373291016,45.04999923706055,45.22999954223633,17900,0.0,0.0
2019-12-06 00:00:00-05:00,45.95000076293945,46.91999816894531,45.79999923706055,46.84000015258789,34600,0.0,0.0
2019-12-09 00:00:00-05:00,46.86000061035156,46.95000076293945,46.505001068115234,46.66999816894531,10900,0.0,0.0
2019-12-10 00:00:00-05:00,46.66999816894531,46.66999816894531,46.029998779296875,46.47999954223633,16700,0.0,0.0
2019-12-11 00:00:00-05:00,46.130001068115234,46.75,45.900001525878906,46.75,15800,0.0,0.0
2019-12-12 00:00:00-05:00,46.5,46.75,46.150001525878906,46.70000076293945,32300,0.0,0.0
2019-12-13 00:00:00-05:00,46.29100036621094,47.77000045776367,46.09199905395508,47.65999984741211,32100,0.0,0.0
2019-12-16 00:00:00-05:00,47.54999923706055,48.5,47.29999923706055,48.16999816894531,43400,0.0,0.0
2019-12-17 00:00:00-05:00,48.47999954223633,48.7599983215332,47.65999984741211,47.97999954223633,25500,0.0,0.0
2019-12-18 00:00:00-05:00,48.09000015258789,48.41999816894531,47.29800033569336,48.02000045776367,38000,0.0,0.0
2019-12-19 00:00:00-05:00,48.0,48.43000030517578,47.36000061035156,47.869998931884766,25300,0.0,0.0
2019-12-20 00:00:00-05:00,48.13999938964844,48.52000045776367,47.810001373291016,48.06999969482422,28700,0.0,0.0
2019-12-23 00:00:00-05:00,47.97999954223633,48.47999954223633,47.777000427246094,48.209999084472656,15700,0.0,0.0
2019-12-24 00:00:00-05:00,47.83000183105469,48.40999984741211,47.83000183105469,47.970001220703125,7300,0.0,0.0
2019-12-26 00:00:00-05:00,48.220001220703125,48.29999923706055,47.349998474121094,47.86000061035156,10700,0.0,0.0
2019-12-27 00:00:00-05:00,47.900001525878906,47.952999114990234,47.270999908447266,47.86000061035156,13400,0.0,0.0
2019-12-30 00:00:00-05:00,47.7599983215332,47.90999984741211,47.27000045776367,47.400001525878906,14100,0.0,0.0
2019-12-31 00:00:00-05:00,47.5,48.25,47.45000076293945,48.22999954223633,18500,0.0,0.0
2020-01-02 00:00:00-05:00,48.25,48.25,47.290000915527344,47.599998474121094,19700,0.0,0.0
2020-01-03 00:00:00-05:00,47.290000915527344,47.68000030517578,46.900001525878906,47.029998779296875,10600,0.0,0.0
2020-01-06 00:00:00-05:00,46.65999984741211,47.56999969482422,46.5,47.040000915527344,9000,0.0,0.0
2020-01-07 00:00:00-05:00,46.7400016784668,47.11000061035156,46.130001068115234,47.0,4800,0.0,0.0
2020-01-08 00:00:00-05:00,46.959999084472656,47.707000732421875,46.86000061035156,46.95000076293945,10700,0.0,0.0
2020-01-09 00:00:00-05:00,46.97600173950195,47.29999923706055,46.720001220703125,46.900001525878906,9900,0.0,0.0
2020-01-10 00:00:00-05:00,46.79999923706055,47.90999984741211,46.220001220703125,47.79999923706055,28900,0.0,0.0
2020-01-13 00:00:00-05:00,47.619998931884766,48.209999084472656,47.45500183105469,47.68000030517578,18500,0.0,0.0
2020-01-14 00:00:00-05:00,47.65999984741211,48.2400016784668,47.097999572753906,47.380001068115234,14200,0.0,0.0
2020-01-15 00:00:00-05:00,47.869998931884766,47.869998931884766,46.9739990234375,47.47999954223633,23400,0.0,0.0
2020-01-16 00:00:00-05:00,47.70000076293945,48.45000076293945,47.54999923706055,47.66999816894531,10400,0.0,0.0
2020-01-17 00:00:00-05:00,47.84000015258789,47.900001525878906,47.34000015258789,47.47999954223633,14700,0.0,0.0
2020-01-21 00:00:00-05:00,47.459999084472656,47.47999954223633,46.784000396728516,46.90999984741211,6900,0.0,0.0
2020-01-22 00:00:00-05:00,47.06999969482422,47.06999969482422,46.15999984741211,46.43000030517578,8600,0.0,0.0
2020-01-23 00:00:00-05:00,46.83000183105469,48.349998474121094,46.83000183105469,48.2599983215332,16200,0.0,0.0
2020-01-24 00:00:00-05:00,48.63999938964844,48.63999938964844,47.41999816894531,47.79999923706055,14700,0.0,0.0
2020-01-27 00:00:00-05:00,47.150001525878906,48.63999938964844,47.150001525878906,48.2599983215332,33200,0.0,0.0
2020-01-28 00:00:00-05:00,48.36000061035156,49.22999954223633,48.36000061035156,49.08000183105469,16100,0.0,0.0
2020-01-29 00:00:00-05:00,49.310001373291016,49.7599983215332,49.119998931884766,49.650001525878906,21300,0.0,0.0
2020-01-30 00:00:00-05:00,49.52000045776367,49.790000915527344,49.34000015258789,49.790000915527344,11400,0.0,0.0
2020-01-31 00:00:00-05:00,49.790000915527344,49.790000915527344,48.95500183105469,49.150001525878906,18400,0.0,0.0
2020-02-03 00:00:00-05:00,49.400001525878906,49.68000030517578,49.0,49.54999923706055,14800,0.0,0.0
2020-02-04 00:00:00-05:00,49.689998626708984,51.09000015258789,49.459999084472656,49.91999816894531,53700,0.0,0.0
2020-02-05 00:00:00-05:00,50.41999816894531,50.9900016784668,49.619998931884766,50.779998779296875,38300,0.0,0.0
2020-02-06 00:00:00-05:00,50.779998779296875,50.779998779296875,49.04999923706055,49.220001220703125,14700,0.0,0.0
2020-02-07 00:00:00-05:00,49.31999969482422,49.31999969482422,48.310001373291016,48.45000076293945,11600,0.0,0.0
2020-02-10 00:00:00-05:00,48.349998474121094,49.130001068115234,48.11000061035156,48.9900016784668,10700,0.0,0.0
2020-02-11 00:00:00-05:00,48.7599983215332,49.654998779296875,48.7599983215332,49.06999969482422,8900,0.0,0.0
2020-02-12 00:00:00-05:00,49.06999969482422,49.505001068115234,48.97999954223633,49.34000015258789,7700,0.0,0.0
2020-02-13 00:00:00-05:00,49.619998931884766,49.880001068115234,49.29999923706055,49.880001068115234,8700,0.0,0.0
2020-02-14 00:00:00-05:00,49.70000076293945,49.83000183105469,49.040000915527344,49.400001525878906,11800,0.0,0.0
2020-02-18 00:00:00-05:00,49.25,49.45899963378906,48.28499984741211,48.41999816894531,11200,0.0,0.0
2020-02-19 00:00:00-05:00,48.54999923706055,49.0,48.470001220703125,48.470001220703125,8100,0.0,0.0
2020-02-20 00:00:00-05:00,48.959999084472656,49.630001068115234,48.22600173950195,49.560001373291016,14800,0.0,0.0
2020-02-21 00:00:00-05:00,49.47999954223633,49.529998779296875,48.650001525878906,49.0099983215332,11700,0.0,0.0
2020-02-24 00:00:00-05:00,47.88999938964844,48.38999938964844,46.65999984741211,48.150001525878906,12900,0.0,0.0
2020-02-25 00:00:00-05:00,48.2400016784668,48.2400016784668,44.7599983215332,45.290000915527344,12400,0.0,0.0
2020-02-26 00:00:00-05:00,45.34000015258789,45.880001068115234,45.0,45.099998474121094,11300,0.0,0.0
2020-02-27 00:00:00-05:00,44.40999984741211,44.72999954223633,43.06999969482422,43.90999984741211,33600,0.0,0.0
2020-02-28 00:00:00-05:00,42.779998779296875,42.779998779296875,40.900001525878906,42.75,27100,0.0,0.0
2020-03-02 00:00:00-05:00,42.869998931884766,44.43000030517578,42.257999420166016,44.43000030517578,15800,0.0,0.0
2020-03-03 00:00:00-05:00,44.369998931884766,44.369998931884766,41.63999938964844,42.630001068115234,19700,0.0,0.0
2020-03-04 00:00:00-05:00,42.790000915527344,43.95000076293945,41.93000030517578,43.95000076293945,15200,0.0,0.0
2020-03-05 00:00:00-05:00,42.900001525878906,42.900001525878906,40.400001525878906,41.34000015258789,17100,0.0,0.0
2020-03-06 00:00:00-05:00,40.12900161743164,40.529998779296875,37.380001068115234,39.77000045776367,57900,0.0,0.0
2020-03-09 00:00:00-04:00,36.95000076293945,37.97999954223633,34.959999084472656,36.369998931884766,30500,0.0,0.0
2020-03-10 00:00:00-04:00,37.02000045776367,39.349998474121094,35.189998626708984,39.040000915527344,36800,0.0,0.0
2020-03-11 00:00:00-04:00,37.81999969482422,37.81999969482422,34.41999816894531,34.9900016784668,23000,0.0,0.0
2020-03-12 00:00:00-04:00,32.18000030517578,32.189998626708984,26.940000534057617,27.799999237060547,40700,0.0,0.0
2020-03-13 00:00:00-04:00,28.899999618530273,30.139999389648438,27.899999618530273,28.350000381469727,54800,0.0,0.0
2020-03-16 00:00:00-04:00,25.43000030517578,25.43000030517578,21.104999542236328,21.690000534057617,44600,0.0,0.0
2020-03-17 00:00:00-04:00,22.219999313354492,24.43000030517578,20.6200008392334,23.850000381469727,42100,0.0,0.0
2020-03-18 00:00:00-04:00,22.170000076293945,22.170000076293945,15.520000457763672,17.709999084472656,36000,0.0,0.0
2020-03-19 00:00:00-04:00,17.649999618530273,25.40999984741211,17.389999389648438,22.709999084472656,43000,0.0,0.0
2020-03-20 00:00:00-04:00,22.739999771118164,24.489999771118164,19.790000915527344,20.3799991607666,44000,0.0,0.0
2020-03-23 00:00:00-04:00,20.520000457763672,23.770000457763672,19.0,22.170000076293945,36100,0.0,0.0
2020-03-24 00:00:00-04:00,23.610000610351562,24.760000228881836,22.75,24.200000762939453,33000,0.0,0.0
2020-03-25 00:00:00-04:00,24.09000015258789,24.360000610351562,22.452999114990234,23.670000076293945,20100,0.0,0.0
2020-03-26 00:00:00-04:00,23.8700008392334,27.600000381469727,23.538999557495117,27.239999771118164,40500,0.0,0.0
2020-03-27 00:00:00-04:00,26.309999465942383,26.889999389648438,25.5,26.739999771118164,22300,0.0,0.0
2020-03-30 00:00:00-04:00,27.350000381469727,27.84000015258789,26.239999771118164,27.5,28300,0.0,0.0
2020-03-31 00:00:00-04:00,27.360000610351562,29.399999618530273,26.219999313354492,26.93000030517578,51700,0.0,0.0
2020-04-01 00:00:00-04:00,25.690000534057617,26.613000869750977,24.190000534057617,24.979999542236328,30600,0.0,0.0
2020-04-02 00:00:00-04:00,25.15999984741211,25.875999450683594,23.059999465942383,24.6299991607666,29800,0.0,0.0
2020-04-03 00:00:00-04:00,24.399999618530273,24.825000762939453,23.200000762939453,24.299999237060547,26000,0.0,0.0
2020-04-06 00:00:00-04:00,25.229999542236328,26.44099998474121,23.8700008392334,24.850000381469727,65100,0.0,0.0
2020-04-07 00:00:00-04:00,24.520000457763672,25.3799991607666,22.729999542236328,24.0,30100,0.0,0.0
2020-04-08 00:00:00-04:00,24.3700008392334,25.809999465942383,23.829999923706055,25.1200008392334,27200,0.0,0.0
2020-04-09 00:00:00-04:00,25.100000381469727,29.68000030517578,25.100000381469727,29.290000915527344,27000,0.0,0.0
2020-04-13 00:00:00-04:00,28.420000076293945,29.969999313354492,26.3700008392334,27.0,31300,0.0,0.0
2020-04-14 00:00:00-04:00,27.829999923706055,29.7189998626709,26.645000457763672,27.350000381469727,23300,0.0,0.0
2020-04-15 00:00:00-04:00,26.309999465942383,26.868000030517578,24.1299991607666,24.18000030517578,29500,0.0,0.0
2020-04-16 00:00:00-04:00,24.049999237060547,24.049999237060547,21.010000228881836,21.549999237060547,26800,0.0,0.0
2020-04-17 00:00:00-04:00,22.56999969482422,23.381000518798828,21.690000534057617,22.170000076293945,36300,0.0,0.0
2020-04-20 00:00:00-04:00,21.510000228881836,22.1299991607666,20.790000915527344,21.440000534057617,72900,0.0,0.0
2020-04-21 00:00:00-04:00,20.489999771118164,21.540000915527344,19.270000457763672,21.18000030517578,27700,0.0,0.0
2020-04-22 00:00:00-04:00,22.229999542236328,23.83099937438965,21.360000610351562,21.8700008392334,13100,0.0,0.0
2020-04-23 00:00:00-04:00,21.940000534057617,22.5,21.349000930786133,21.739999771118164,17400,0.0,0.0
2020-04-24 00:00:00-04:00,22.020000457763672,25.2450008392334,22.020000457763672,24.0,112900,0.0,0.0
2020-04-27 00:00:00-04:00,24.170000076293945,26.969999313354492,24.170000076293945,26.31999969482422,42100,0.0,0.0
2020-04-28 00:00:00-04:00,27.399999618530273,28.389999389648438,25.40999984741211,26.040000915527344,41400,0.0,0.0
2020-04-29 00:00:00-04:00,27.200000762939453,28.510000228881836,26.25,27.899999618530273,51000,0.0,0.0
2020-04-30 00:00:00-04:00,27.059999465942383,27.059999465942383,24.790000915527344,25.09000015258789,36300,0.0,0.0
2020-05-01 00:00:00-04:00,24.270000457763672,25.06999969482422,22.739999771118164,24.520000457763672,31900,0.0,0.0
2020-05-04 00:00:00-04:00,24.389999389648438,24.482999801635742,23.299999237060547,23.899999618530273,11500,0.0,0.0
2020-05-05 00:00:00-04:00,24.535999298095703,24.535999298095703,23.040000915527344,23.040000915527344,11100,0.0,0.0
2020-05-06 00:00:00-04:00,23.479999542236328,23.479999542236328,22.309999465942383,22.559999465942383,11100,0.0,0.0
2020-05-07 00:00:00-04:00,23.190000534057617,23.709999084472656,22.049999237060547,22.440000534057617,21500,0.0,0.0
2020-05-08 00:00:00-04:00,23.0,24.5,22.139999389648438,24.489999771118164,55300,0.0,0.0
2020-05-11 00:00:00-04:00,24.299999237060547,24.299999237060547,22.139999389648438,22.530000686645508,37400,0.0,0.0
2020-05-12 00:00:00-04:00,22.510000228881836,22.510000228881836,21.0,21.209999084472656,38300,0.0,0.0
2020-05-13 00:00:00-04:00,21.0,21.899999618530273,20.06999969482422,21.479999542236328,22100,0.0,0.0
2020-05-14 00:00:00-04:00,21.0,22.18000030517578,20.350000381469727,21.809999465942383,27900,0.0,0.0
2020-05-15 00:00:00-04:00,22.0,22.389999389648438,21.260000228881836,21.899999618530273,18200,0.0,0.0
2020-05-18 00:00:00-04:00,22.899999618530273,23.649999618530273,22.465999603271484,23.25,24500,0.0,0.0
2020-05-19 00:00:00-04:00,23.25,24.110000610351562,22.6200008392334,22.790000915527344,52700,0.0,0.0
2020-05-20 00:00:00-04:00,23.649999618530273,24.40999984741211,22.45800018310547,24.25,13900,0.0,0.0
2020-05-21 00:00:00-04:00,24.5,26.030000686645508,23.520000457763672,24.860000610351562,39000,0.0,0.0
2020-05-22 00:00:00-04:00,24.729999542236328,24.729999542236328,23.110000610351562,23.489999771118164,109800,0.0,0.0
2020-05-26 00:00:00-04:00,24.610000610351562,26.34000015258789,24.360000610351562,26.139999389648438,54400,0.0,0.0
2020-05-27 00:00:00-04:00,27.1299991607666,29.25,25.905000686645508,28.649999618530273,31800,0.0,0.0
2020-05-28 00:00:00-04:00,28.950000762939453,29.6299991607666,27.93000030517578,28.510000228881836,34200,0.0,0.0
2020-05-29 00:00:00-04:00,27.81999969482422,28.510000228881836,27.5,28.0,42000,0.0,0.0
2020-06-01 00:00:00-04:00,28.520000457763672,29.170000076293945,28.399999618530273,29.0,35100,0.0,0.0
2020-06-02 00:00:00-04:00,29.329999923706055,29.940000534057617,29.06999969482422,29.5,29000,0.0,0.0
2020-06-03 00:00:00-04:00,30.479999542236328,31.950000762939453,30.350000381469727,31.5,18700,0.0,0.0
2020-06-04 00:00:00-04:00,31.170000076293945,32.10499954223633,31.170000076293945,31.600000381469727,13900,0.0,0.0
2020-06-05 00:00:00-04:00,33.79999923706055,36.720001220703125,33.79999923706055,35.02000045776367,35700,0.0,0.0
2020-06-08 00:00:00-04:00,35.650001525878906,35.650001525878906,33.4900016784668,33.790000915527344,35100,0.0,0.0
2020-06-09 00:00:00-04:00,32.880001068115234,35.22999954223633,32.880001068115234,34.380001068115234,19600,0.0,0.0
2020-06-10 00:00:00-04:00,34.209999084472656,34.209999084472656,32.25,32.619998931884766,45700,0.0,0.0
2020-06-11 00:00:00-04:00,30.469999313354492,30.469999313354492,28.5,28.549999237060547,62200,0.0,0.0
2020-06-12 00:00:00-04:00,30.260000228881836,30.979999542236328,28.65999984741211,30.280000686645508,27600,0.0,0.0
2020-06-15 00:00:00-04:00,28.940000534057617,31.434999465942383,28.389999389648438,30.920000076293945,35600,0.0,0.0
2020-06-16 00:00:00-04:00,32.5,33.75,29.885000228881836,31.860000610351562,15500,0.0,0.0
2020-06-17 00:00:00-04:00,31.8700008392334,32.275001525878906,30.09000015258789,30.09000015258789,28300,0.0,0.0
2020-06-18 00:00:00-04:00,29.579999923706055,30.739999771118164,28.68000030517578,30.100000381469727,18200,0.0,0.0
2020-06-19 00:00:00-04:00,30.329999923706055,30.329999923706055,29.170000076293945,29.459999084472656,43600,0.0,0.0
2020-06-22 00:00:00-04:00,29.420000076293945,30.420000076293945,29.322999954223633,30.1299991607666,20200,0.0,0.0
2020-06-23 00:00:00-04:00,30.030000686645508,30.100000381469727,29.040000915527344,29.229999542236328,16600,0.0,0.0
2020-06-24 00:00:00-04:00,28.8799991607666,29.479999542236328,28.290000915527344,28.90999984741211,27800,0.0,0.0
2020-06-25 00:00:00-04:00,28.649999618530273,30.389999389648438,28.649999618530273,30.290000915527344,21700,0.0,0.0
2020-06-26 00:00:00-04:00,29.829999923706055,30.84000015258789,28.940000534057617,30.0,84300,0.0,0.0
2020-06-29 00:00:00-04:00,30.110000610351562,31.739999771118164,30.110000610351562,30.739999771118164,28500,0.0,0.0
2020-06-30 00:00:00-04:00,30.479999542236328,32.349998474121094,30.479999542236328,32.08000183105469,24900,0.0,0.0
2020-07-01 00:00:00-04:00,32.66999816894531,32.66999816894531,29.31999969482422,29.520000457763672,30100,0.0,0.0
2020-07-02 00:00:00-04:00,30.3700008392334,30.860000610351562,28.770000457763672,29.010000228881836,15400,0.0,0.0
2020-07-06 00:00:00-04:00,29.84000015258789,29.844999313354492,28.709999084472656,29.510000228881836,22800,0.0,0.0
2020-07-07 00:00:00-04:00,29.290000915527344,29.81999969482422,28.899999618530273,28.899999618530273,23700,0.0,0.0
2020-07-08 00:00:00-04:00,28.290000915527344,29.440000534057617,28.110000610351562,28.940000534057617,40200,0.0,0.0
2020-07-09 00:00:00-04:00,28.850000381469727,28.899999618530273,27.579999923706055,27.969999313354492,37000,0.0,0.0
2020-07-10 00:00:00-04:00,28.209999084472656,29.724000930786133,27.600000381469727,29.440000534057617,12500,0.0,0.0
2020-07-13 00:00:00-04:00,30.0,30.100000381469727,29.0,29.229999542236328,19500,0.0,0.0
2020-07-14 00:00:00-04:00,29.290000915527344,29.290000915527344,28.479999542236328,29.190000534057617,16600,0.0,0.0
2020-07-15 00:00:00-04:00,30.06999969482422,31.25,29.979999542236328,30.940000534057617,28800,0.0,0.0
2020-07-16 00:00:00-04:00,30.440000534057617,30.440000534057617,29.610000610351562,30.260000228881836,12800,0.0,0.0
2020-07-17 00:00:00-04:00,30.06999969482422,30.344999313354492,29.8700008392334,30.030000686645508,15700,0.0,0.0
2020-07-20 00:00:00-04:00,29.899999618530273,29.899999618530273,29.040000915527344,29.309999465942383,8700,0.0,0.0
2020-07-21 00:00:00-04:00,29.68000030517578,31.190000534057617,29.68000030517578,30.719999313354492,16400,0.0,0.0
2020-07-22 00:00:00-04:00,30.979999542236328,31.610000610351562,30.649999618530273,30.729999542236328,16200,0.0,0.0
2020-07-23 00:00:00-04:00,31.290000915527344,31.350000381469727,30.530000686645508,30.770000457763672,28400,0.0,0.0
2020-07-24 00:00:00-04:00,30.940000534057617,30.959999084472656,30.479999542236328,30.59000015258789,15600,0.0,0.0
2020-07-27 00:00:00-04:00,30.3700008392334,30.43000030517578,29.700000762939453,29.959999084472656,10200,0.0,0.0
2020-07-28 00:00:00-04:00,29.56999969482422,30.0310001373291,29.34000015258789,29.440000534057617,11700,0.0,0.0
2020-07-29 00:00:00-04:00,29.399999618530273,30.040000915527344,27.6299991607666,29.719999313354492,46800,0.0,0.0
2020-07-30 00:00:00-04:00,29.34000015258789,30.43000030517578,29.010000228881836,30.299999237060547,15800,0.0,0.0
2020-07-31 00:00:00-04:00,30.049999237060547,30.049999237060547,29.1299991607666,29.579999923706055,11100,0.0,0.0
2020-08-03 00:00:00-04:00,30.0,30.68000030517578,29.59000015258789,30.020000457763672,8400,0.0,0.0
2020-08-04 00:00:00-04:00,29.94499969482422,29.94499969482422,29.5,29.75,6500,0.0,0.0
2020-08-05 00:00:00-04:00,29.989999771118164,30.200000762939453,29.559999465942383,30.0,18000,0.0,0.0
2020-08-06 00:00:00-04:00,29.81999969482422,30.149999618530273,29.6200008392334,30.1200008392334,9300,0.0,0.0
2020-08-07 00:00:00-04:00,29.43000030517578,31.729999542236328,29.43000030517578,31.5,12900,0.0,0.0
2020-08-10 00:00:00-04:00,31.549999237060547,32.529998779296875,31.549999237060547,32.20000076293945,6500,0.0,0.0
2020-08-11 00:00:00-04:00,33.0,33.0,32.2400016784668,32.2400016784668,10200,0.0,0.0
2020-08-12 00:00:00-04:00,32.56999969482422,32.849998474121094,31.75,31.760000228881836,9700,0.0,0.0
2020-08-13 00:00:00-04:00,31.540000915527344,31.649999618530273,31.0,31.59000015258789,8300,0.0,0.0
2020-08-14 00:00:00-04:00,31.34000015258789,31.540000915527344,30.850000381469727,31.1200008392334,5300,0.0,0.0
2020-08-17 00:00:00-04:00,31.125,31.15999984741211,30.450000762939453,31.15999984741211,6300,0.0,0.0
2020-08-18 00:00:00-04:00,30.709999084472656,30.71500015258789,29.56999969482422,29.6299991607666,6300,0.0,0.0
2020-08-19 00:00:00-04:00,29.920000076293945,30.889999389648438,29.75,30.110000610351562,6800,0.0,0.0
2020-08-20 00:00:00-04:00,29.510000228881836,30.295000076293945,29.25,30.0,7700,0.0,0.0
2020-08-21 00:00:00-04:00,29.649999618530273,30.200000762939453,29.100000381469727,29.799999237060547,16800,0.0,0.0
2020-08-24 00:00:00-04:00,30.309999465942383,30.850000381469727,29.579999923706055,30.850000381469727,6600,0.0,0.0
2020-08-25 00:00:00-04:00,30.920000076293945,30.979999542236328,30.229999542236328,30.979999542236328,5700,0.0,0.0
2020-08-26 00:00:00-04:00,30.610000610351562,31.29599952697754,29.889999389648438,29.93000030517578,8500,0.0,0.0
2020-08-27 00:00:00-04:00,30.167999267578125,30.711999893188477,30.110000610351562,30.110000610351562,4100,0.0,0.0
2020-08-28 00:00:00-04:00,30.600000381469727,30.6200008392334,29.299999237060547,30.350000381469727,5700,0.0,0.0
2020-08-31 00:00:00-04:00,30.844999313354492,31.520000457763672,30.510000228881836,30.969999313354492,27000,0.0,0.0
2020-09-01 00:00:00-04:00,31.0,31.489999771118164,30.520000457763672,31.299999237060547,7100,0.0,0.0
2020-09-02 00:00:00-04:00,30.969999313354492,31.729999542236328,30.634000778198242,31.709999084472656,11800,0.0,0.0
2020-09-03 00:00:00-04:00,31.450000762939453,32.099998474121094,31.200000762939453,31.200000762939453,14200,0.0,0.0
2020-09-04 00:00:00-04:00,32.029998779296875,32.709999084472656,30.829999923706055,31.110000610351562,13000,0.0,0.0
2020-09-08 00:00:00-04:00,31.0,31.200000762939453,30.31999969482422,30.510000228881836,11700,0.0,0.0
2020-09-09 00:00:00-04:00,30.989999771118164,30.989999771118164,29.940000534057617,29.940000534057617,9700,0.0,0.0
2020-09-10 00:00:00-04:00,30.209999084472656,30.43000030517578,30.0,30.0,10600,0.0,0.0
2020-09-11 00:00:00-04:00,30.059999465942383,30.34000015258789,30.0049991607666,30.1299991607666,12500,0.0,0.0
2020-09-14 00:00:00-04:00,30.3700008392334,31.239999771118164,30.3700008392334,31.100000381469727,6400,0.0,0.0
2020-09-15 00:00:00-04:00,31.100000381469727,31.18000030517578,30.479999542236328,30.479999542236328,9700,0.0,0.0
2020-09-16 00:00:00-04:00,31.0,31.790000915527344,30.989999771118164,31.5,9000,0.0,0.0
2020-09-17 00:00:00-04:00,31.149999618530273,31.360000610351562,30.239999771118164,31.360000610351562,6100,0.0,0.0
2020-09-18 00:00:00-04:00,31.43000030517578,31.43000030517578,30.549999237060547,30.850000381469727,28900,0.0,0.0
2020-09-21 00:00:00-04:00,30.25,30.850000381469727,28.75,29.0,48600,0.0,0.0
2020-09-22 00:00:00-04:00,29.0,29.200000762939453,26.100000381469727,27.209999084472656,17500,0.0,0.0
2020-09-23 00:00:00-04:00,27.270000457763672,27.665000915527344,25.510000228881836,25.979999542236328,12300,0.0,0.0
2020-09-24 00:00:00-04:00,25.829999923706055,26.479999542236328,25.6200008392334,25.920000076293945,11100,0.0,0.0
2020-09-25 00:00:00-04:00,25.889999389648438,26.889999389648438,25.889999389648438,26.450000762939453,12600,0.0,0.0
2020-09-28 00:00:00-04:00,27.0,28.375,26.809999465942383,27.959999084472656,8300,0.0,0.0
2020-09-29 00:00:00-04:00,27.725000381469727,28.229999542236328,27.43000030517578,28.229999542236328,12100,0.0,0.0
2020-09-30 00:00:00-04:00,28.079999923706055,28.399999618530273,27.514999389648438,28.0,30400,0.0,0.0
2020-10-01 00:00:00-04:00,28.010000228881836,28.489999771118164,27.899999618530273,28.270000457763672,70800,0.0,0.0
2020-10-02 00:00:00-04:00,28.049999237060547,30.459999084472656,28.049999237060547,30.1200008392334,6900,0.0,0.0
2020-10-05 00:00:00-04:00,30.0049991607666,31.209999084472656,29.6299991607666,30.899999618530273,10700,0.0,0.0
2020-10-06 00:00:00-04:00,31.149999618530273,32.459999084472656,30.59000015258789,30.6200008392334,7800,0.0,0.0
2020-10-07 00:00:00-04:00,31.200000762939453,31.729999542236328,31.149999618530273,31.5,9900,0.0,0.0
2020-10-08 00:00:00-04:00,31.540000915527344,31.540000915527344,30.049999237060547,30.170000076293945,7300,0.0,0.0
2020-10-09 00:00:00-04:00,30.420000076293945,31.1200008392334,30.229999542236328,30.850000381469727,8900,0.0,0.0
2020-10-12 00:00:00-04:00,30.631999969482422,30.631999969482422,29.860000610351562,30.43000030517578,4700,0.0,0.0
2020-10-13 00:00:00-04:00,30.1299991607666,31.0,28.864999771118164,30.84000015258789,18700,0.0,0.0
2020-10-14 00:00:00-04:00,30.565000534057617,30.84000015258789,30.0,30.0,3700,0.0,0.0
2020-10-15 00:00:00-04:00,29.489999771118164,30.209999084472656,29.434999465942383,30.209999084472656,6500,0.0,0.0
2020-10-16 00:00:00-04:00,29.959999084472656,30.8799991607666,29.764999389648438,30.100000381469727,9900,0.0,0.0
2020-10-19 00:00:00-04:00,30.56999969482422,30.7549991607666,29.84000015258789,29.850000381469727,3800,0.0,0.0
2020-10-20 00:00:00-04:00,29.709999084472656,30.040000915527344,29.709999084472656,30.040000915527344,3600,0.0,0.0
2020-10-21 00:00:00-04:00,29.860000610351562,30.402999877929688,29.510000228881836,29.510000228881836,2900,0.0,0.0
2020-10-22 00:00:00-04:00,30.09000015258789,30.540000915527344,29.510000228881836,29.510000228881836,9800,0.0,0.0
2020-10-23 00:00:00-04:00,30.020000457763672,30.1299991607666,29.729999542236328,29.729999542236328,8600,0.0,0.0
2020-10-26 00:00:00-04:00,29.5,29.5,28.510000228881836,28.68000030517578,16200,0.0,0.0
2020-10-27 00:00:00-04:00,28.489999771118164,28.489999771118164,27.170000076293945,27.170000076293945,7700,0.0,0.0
2020-10-28 00:00:00-04:00,26.770000457763672,27.1200008392334,25.739999771118164,27.0,34500,0.0,0.0
2020-10-29 00:00:00-04:00,27.0,29.43000030517578,27.0,29.280000686645508,7300,0.0,0.0
2020-10-30 00:00:00-04:00,29.200000762939453,30.3700008392334,28.719999313354492,29.950000762939453,18200,0.0,0.0
2020-11-02 00:00:00-05:00,30.43000030517578,30.829999923706055,29.780000686645508,29.780000686645508,22000,0.0,0.0
2020-11-03 00:00:00-05:00,30.239999771118164,30.5,29.209999084472656,29.209999084472656,31100,0.0,0.0
2020-11-04 00:00:00-05:00,28.600000381469727,29.540000915527344,28.600000381469727,29.540000915527344,5800,0.0,0.0
2020-11-05 00:00:00-05:00,29.290000915527344,29.93000030517578,29.177000045776367,29.700000762939453,14700,0.0,0.0
2020-11-06 00:00:00-05:00,30.010000228881836,30.010000228881836,27.780000686645508,27.84000015258789,13100,0.0,0.0
2020-11-09 00:00:00-05:00,29.559999465942383,31.489999771118164,29.559999465942383,31.200000762939453,37000,0.0,0.0
2020-11-10 00:00:00-05:00,31.5,31.8700008392334,31.18000030517578,31.520000457763672,38900,0.0,0.0
2020-11-11 00:00:00-05:00,31.5,31.59000015258789,30.350000381469727,31.59000015258789,12800,0.0,0.0
2020-11-12 00:00:00-05:00,31.15999984741211,31.25,30.75,31.239999771118164,15900,0.0,0.0
2020-11-13 00:00:00-05:00,30.614999771118164,32.38999938964844,30.614999771118164,32.16999816894531,13500,0.0,0.0
2020-11-16 00:00:00-05:00,32.70000076293945,35.91999816894531,32.70000076293945,35.630001068115234,21700,0.0,0.0
2020-11-17 00:00:00-05:00,35.119998931884766,35.25,34.400001525878906,35.25,15000,0.0,0.0
2020-11-18 00:00:00-05:00,34.959999084472656,34.959999084472656,33.630001068115234,33.630001068115234,9700,0.0,0.0
2020-11-19 00:00:00-05:00,33.7400016784668,33.7400016784668,31.860000610351562,32.0,17200,0.0,0.0
2020-11-20 00:00:00-05:00,31.459999084472656,32.380001068115234,30.469999313354492,32.20000076293945,39600,0.0,0.0
2020-11-23 00:00:00-05:00,32.22999954223633,33.86000061035156,32.22999954223633,33.36000061035156,12200,0.0,0.0
2020-11-24 00:00:00-05:00,34.09000015258789,36.02000045776367,33.5,36.0,19700,0.0,0.0
2020-11-25 00:00:00-05:00,35.9900016784668,35.9900016784668,33.56999969482422,34.869998931884766,7900,0.0,0.0
2020-11-27 00:00:00-05:00,33.439998626708984,34.40999984741211,33.439998626708984,34.04999923706055,4800,0.0,0.0
2020-11-30 00:00:00-05:00,33.650001525878906,33.91999816894531,33.08000183105469,33.08000183105469,13500,0.0,0.0
2020-12-01 00:00:00-05:00,33.470001220703125,33.4900016784668,31.260000228881836,31.75,12200,0.0,0.0
2020-12-02 00:00:00-05:00,31.93000030517578,33.099998474121094,31.329999923706055,33.060001373291016,122800,0.0,0.0
2020-12-03 00:00:00-05:00,32.130001068115234,33.027000427246094,32.060001373291016,32.400001525878906,3100,0.0,0.0
2020-12-04 00:00:00-05:00,32.0099983215332,34.630001068115234,32.0099983215332,34.61000061035156,21900,0.0,0.0
2020-12-07 00:00:00-05:00,34.09000015258789,35.59000015258789,34.09000015258789,35.099998474121094,12800,0.0,0.0
2020-12-08 00:00:00-05:00,34.869998931884766,37.25,34.224998474121094,36.70000076293945,18800,0.0,0.0
2020-12-09 00:00:00-05:00,36.689998626708984,36.95000076293945,35.15999984741211,36.20000076293945,24100,0.0,0.0
2020-12-10 00:00:00-05:00,35.75,36.220001220703125,35.189998626708984,35.220001220703125,6700,0.0,0.0
2020-12-11 00:00:00-05:00,34.93000030517578,35.090999603271484,33.27000045776367,34.31999969482422,12300,0.0,0.0
2020-12-14 00:00:00-05:00,34.71500015258789,34.71500015258789,33.29999923706055,33.29999923706055,10900,0.0,0.0
2020-12-15 00:00:00-05:00,33.59000015258789,36.25,32.70500183105469,35.91999816894531,26500,0.0,0.0
2020-12-16 00:00:00-05:00,35.029998779296875,37.61000061035156,35.029998779296875,36.189998626708984,37500,0.0,0.0
2020-12-17 00:00:00-05:00,36.779998779296875,39.060001373291016,35.84000015258789,37.70000076293945,74700,0.0,0.0
2020-12-18 00:00:00-05:00,37.650001525878906,38.27000045776367,35.08000183105469,35.4900016784668,70700,0.0,0.0
2020-12-21 00:00:00-05:00,35.0099983215332,35.290000915527344,34.68000030517578,34.900001525878906,21300,0.0,0.0
2020-12-22 00:00:00-05:00,35.0,36.099998474121094,34.80500030517578,34.84000015258789,24500,0.0,0.0
2020-12-23 00:00:00-05:00,34.91999816894531,36.0,34.91999816894531,35.9900016784668,15200,0.0,0.0
2020-12-24 00:00:00-05:00,35.79999923706055,36.0,34.709999084472656,35.84000015258789,14400,0.0,0.0
2020-12-28 00:00:00-05:00,37.22999954223633,37.2400016784668,36.5099983215332,36.630001068115234,63800,0.0,0.0
2020-12-29 00:00:00-05:00,37.0,37.34199905395508,35.88999938964844,36.09000015258789,27100,0.0,0.0
2020-12-30 00:00:00-05:00,36.16999816894531,36.5,36.0,36.150001525878906,19500,0.0,0.0
2020-12-31 00:00:00-05:00,36.16999816894531,36.60499954223633,35.84000015258789,36.27000045776367,25300,0.0,0.0
2021-01-04 00:00:00-05:00,36.41999816894531,36.564998626708984,35.470001220703125,35.900001525878906,26100,0.0,0.0
2021-01-05 00:00:00-05:00,36.345001220703125,36.74100112915039,35.380001068115234,35.599998474121094,21300,0.0,0.0
2021-01-06 00:00:00-05:00,36.20000076293945,38.56999969482422,36.07600021362305,37.779998779296875,110300,0.0,0.0
2021-01-07 00:00:00-05:00,38.2400016784668,38.678001403808594,37.571998596191406,38.279998779296875,34000,0.0,0.0
2021-01-08 00:00:00-05:00,38.0,38.0,35.79999923706055,36.84000015258789,46400,0.0,0.0
2021-01-11 00:00:00-05:00,36.5099983215332,37.68000030517578,36.5,37.630001068115234,67100,0.0,0.0
2021-01-12 00:00:00-05:00,36.7599983215332,38.95500183105469,36.7599983215332,38.79999923706055,45000,0.0,0.0
2021-01-13 00:00:00-05:00,38.61000061035156,38.61000061035156,37.29999923706055,38.150001525878906,50400,0.0,0.0
2021-01-14 00:00:00-05:00,38.279998779296875,38.95500183105469,37.40999984741211,38.77000045776367,53600,0.0,0.0
2021-01-15 00:00:00-05:00,38.0099983215332,39.11000061035156,37.63999938964844,39.029998779296875,35900,0.0,0.0
2021-01-19 00:00:00-05:00,39.38999938964844,39.849998474121094,38.35499954223633,39.220001220703125,43700,0.0,0.0
2021-01-20 00:00:00-05:00,39.15999984741211,39.64500045776367,38.095001220703125,38.709999084472656,29100,0.0,0.0
2021-01-21 00:00:00-05:00,38.709999084472656,39.40999984741211,37.5,38.13999938964844,44300,0.0,0.0
2021-01-22 00:00:00-05:00,38.2400016784668,39.5,38.2400016784668,39.5,21000,0.0,0.0
2021-01-25 00:00:00-05:00,39.34000015258789,45.0,39.34000015258789,42.97999954223633,81600,0.0,0.0
2021-01-26 00:00:00-05:00,43.47999954223633,43.47999954223633,41.5,42.310001373291016,30100,0.0,0.0
2021-01-27 00:00:00-05:00,41.540000915527344,41.540000915527344,39.65999984741211,39.849998474121094,34100,0.0,0.0
2021-01-28 00:00:00-05:00,40.43000030517578,42.97999954223633,39.96900177001953,41.029998779296875,28200,0.0,0.0
2021-01-29 00:00:00-05:00,41.08000183105469,41.08000183105469,39.400001525878906,39.65999984741211,25800,0.0,0.0
2021-02-01 00:00:00-05:00,39.63999938964844,41.02000045776367,39.25,40.189998626708984,26100,0.0,0.0
2021-02-02 00:00:00-05:00,40.709999084472656,43.439998626708984,40.040000915527344,43.0,41700,0.0,0.0
2021-02-03 00:00:00-05:00,43.0,43.4900016784668,42.83000183105469,43.36000061035156,24100,0.0,0.0
2021-02-04 00:00:00-05:00,43.34000015258789,44.56999969482422,43.33000183105469,44.470001220703125,26200,0.0,0.0
2021-02-05 00:00:00-05:00,44.7400016784668,45.290000915527344,43.93000030517578,45.290000915527344,29800,0.0,0.0
2021-02-08 00:00:00-05:00,45.349998474121094,48.25,43.96900177001953,47.29999923706055,44900,0.0,0.0
2021-02-09 00:00:00-05:00,47.310001373291016,52.5,47.310001373291016,51.20000076293945,214400,0.0,0.0
2021-02-10 00:00:00-05:00,51.25,51.849998474121094,49.83000183105469,50.0,153700,0.0,0.0
2021-02-11 00:00:00-05:00,50.25,50.630001068115234,49.630001068115234,49.68000030517578,99700,0.0,0.0
2021-02-12 00:00:00-05:00,49.68000030517578,51.0,49.63999938964844,50.34000015258789,79700,0.0,0.0
2021-02-16 00:00:00-05:00,50.72999954223633,50.887001037597656,50.06999969482422,50.75,62400,0.0,0.0
2021-02-17 00:00:00-05:00,50.5,51.0,49.52000045776367,49.7599983215332,68300,0.0,0.0
2021-02-18 00:00:00-05:00,49.54999923706055,49.59000015258789,48.470001220703125,48.63999938964844,31300,0.0,0.0
2021-02-19 00:00:00-05:00,48.5099983215332,48.81999969482422,47.70000076293945,47.95000076293945,97100,0.0,0.0
2021-02-22 00:00:00-05:00,48.0,50.599998474121094,48.0,49.95000076293945,188600,0.0,0.0
2021-02-23 00:00:00-05:00,49.959999084472656,50.849998474121094,49.849998474121094,50.79999923706055,116800,0.0,0.0
2021-02-24 00:00:00-05:00,50.75,51.470001220703125,50.650001525878906,51.29999923706055,137700,0.0,0.0
2021-02-25 00:00:00-05:00,51.29999923706055,52.349998474121094,51.060001373291016,52.099998474121094,182700,0.0,0.0
2021-02-26 00:00:00-05:00,51.75,52.38999938964844,51.400001525878906,51.72999954223633,139500,0.0,0.0
2021-03-01 00:00:00-05:00,52.15999984741211,52.779998779296875,52.0,52.060001373291016,145800,0.0,0.0
2021-03-02 00:00:00-05:00,52.099998474121094,52.099998474121094,50.18299865722656,50.29999923706055,46100,0.0,0.0
2021-03-03 00:00:00-05:00,50.29999923706055,50.54999923706055,49.165000915527344,49.84000015258789,87200,0.0,0.0
2021-03-04 00:00:00-05:00,50.02000045776367,50.834999084472656,48.029998779296875,49.27000045776367,81200,0.0,0.0
2021-03-05 00:00:00-05:00,50.099998474121094,50.340999603271484,49.29999923706055,50.29999923706055,74100,0.0,0.0
2021-03-08 00:00:00-05:00,50.54999923706055,50.900001525878906,49.43000030517578,50.5,138000,0.0,0.0
2021-03-09 00:00:00-05:00,50.5,51.18000030517578,49.5099983215332,50.849998474121094,63700,0.0,0.0
2021-03-10 00:00:00-05:00,50.86899948120117,52.25,50.86899948120117,52.22999954223633,116500,0.0,0.0
2021-03-11 00:00:00-05:00,52.25,52.5,51.2400016784668,52.2400016784668,47300,0.0,0.0
2021-03-12 00:00:00-05:00,52.25,53.0,51.928001403808594,52.45000076293945,79900,0.0,0.0
2021-03-15 00:00:00-04:00,52.5,52.5,50.130001068115234,50.95000076293945,34300,0.0,0.0
2021-03-16 00:00:00-04:00,50.630001068115234,50.630001068115234,49.779998779296875,50.459999084472656,41700,0.0,0.0
2021-03-17 00:00:00-04:00,50.43000030517578,51.15999984741211,50.09000015258789,51.0,30300,0.0,0.0
2021-03-18 00:00:00-04:00,51.439998626708984,52.18000030517578,49.939998626708984,50.52000045776367,47400,0.0,0.0
2021-03-19 00:00:00-04:00,50.02000045776367,52.099998474121094,49.47999954223633,52.099998474121094,136400,0.0,0.0
2021-03-22 00:00:00-04:00,51.540000915527344,51.540000915527344,49.54999923706055,50.25,34500,0.0,0.0
2021-03-23 00:00:00-04:00,49.84000015258789,51.12900161743164,48.689998626708984,49.0,52900,0.0,0.0
2021-03-24 00:00:00-04:00,49.709999084472656,51.25,48.75,48.779998779296875,29400,0.0,0.0
2021-03-25 00:00:00-04:00,48.369998931884766,51.77000045776367,48.2400016784668,50.939998626708984,58600,0.0,0.0
2021-03-26 00:00:00-04:00,51.5,51.91999816894531,50.91999816894531,51.5,34100,0.0,0.0
2021-03-29 00:00:00-04:00,50.75,51.5,50.0,50.209999084472656,36200,0.0,0.0
2021-03-30 00:00:00-04:00,50.58000183105469,51.933998107910156,50.0099983215332,50.63999938964844,23700,0.0,0.0
2021-03-31 00:00:00-04:00,50.63999938964844,51.470001220703125,50.36000061035156,50.36000061035156,50700,0.0,0.0
2021-04-01 00:00:00-04:00,50.41999816894531,52.77000045776367,50.16899871826172,52.7400016784668,94200,0.0,0.0
2021-04-05 00:00:00-04:00,52.7599983215332,52.97999954223633,51.810001373291016,52.83000183105469,42400,0.0,0.0
2021-04-06 00:00:00-04:00,52.86000061035156,53.08000183105469,52.0099983215332,52.459999084472656,38000,0.0,0.0
2021-04-07 00:00:00-04:00,52.54999923706055,53.459999084472656,52.27000045776367,52.75,42200,0.0,0.0
2021-04-08 00:00:00-04:00,52.75,53.72999954223633,52.060001373291016,53.72999954223633,38400,0.0,0.0
2021-04-09 00:00:00-04:00,54.20000076293945,55.0,53.9900016784668,54.29999923706055,56300,0.0,0.0
2021-04-12 00:00:00-04:00,54.66999816894531,54.9900016784668,52.91999816894531,53.95000076293945,37800,0.0,0.0
2021-04-13 00:00:00-04:00,53.790000915527344,53.790000915527344,52.0,52.43000030517578,103100,0.0,0.0
2021-04-14 00:00:00-04:00,52.75,54.810001373291016,52.75,54.2400016784668,36600,0.0,0.0
2021-04-15 00:00:00-04:00,54.70000076293945,54.70000076293945,53.0099983215332,54.45000076293945,19500,0.0,0.0
2021-04-16 00:00:00-04:00,54.43000030517578,55.189998626708984,54.150001525878906,54.86000061035156,29500,0.0,0.0
2021-04-19 00:00:00-04:00,54.9900016784668,55.0,53.060001373291016,54.0,44700,0.0,0.0
2021-04-20 00:00:00-04:00,53.16999816894531,53.16999816894531,52.0,52.13999938964844,38600,0.0,0.0
2021-04-21 00:00:00-04:00,52.4900016784668,53.25,52.279998779296875,52.86000061035156,20600,0.0,0.0
2021-04-22 00:00:00-04:00,54.040000915527344,58.72999954223633,53.369998931884766,58.25,148800,0.0,0.0
2021-04-23 00:00:00-04:00,58.0,61.470001220703125,57.97999954223633,60.90999984741211,138600,0.0,0.0
2021-04-26 00:00:00-04:00,61.68000030517578,62.3849983215332,60.689998626708984,61.349998474121094,70100,0.0,0.0
2021-04-27 00:00:00-04:00,62.23500061035156,62.23500061035156,60.099998474121094,60.43000030517578,25900,0.0,0.0
2021-04-28 00:00:00-04:00,60.630001068115234,60.9900016784668,59.880001068115234,60.2599983215332,29000,0.0,0.0
2021-04-29 00:00:00-04:00,60.470001220703125,63.08000183105469,60.470001220703125,62.869998931884766,68300,0.0,0.0
2021-04-30 00:00:00-04:00,62.369998931884766,63.4900016784668,61.99100112915039,62.849998474121094,112700,0.0,0.0
2021-05-03 00:00:00-04:00,63.959999084472656,63.959999084472656,62.68000030517578,63.56999969482422,55600,0.0,0.0
2021-05-04 00:00:00-04:00,63.400001525878906,63.58000183105469,61.599998474121094,62.09000015258789,50800,0.0,0.0
2021-05-05 00:00:00-04:00,62.310001373291016,63.38600158691406,61.599998474121094,62.7599983215332,29600,0.0,0.0
2021-05-06 00:00:00-04:00,62.779998779296875,63.33000183105469,61.869998931884766,63.33000183105469,29000,0.0,0.0
2021-05-07 00:00:00-04:00,62.63999938964844,64.02999877929688,62.63999938964844,64.0,26600,0.0,0.0
2021-05-10 00:00:00-04:00,64.33000183105469,64.33000183105469,62.38999938964844,62.400001525878906,24600,0.0,0.0
2021-05-11 00:00:00-04:00,61.119998931884766,62.68899917602539,60.858001708984375,62.11000061035156,26500,0.0,0.0
2021-05-12 00:00:00-04:00,62.31999969482422,62.9900016784668,60.4900016784668,60.66999816894531,35600,0.0,0.0
2021-05-13 00:00:00-04:00,61.650001525878906,63.130001068115234,61.5,62.41999816894531,37600,0.0,0.0
2021-05-14 00:00:00-04:00,61.56999969482422,63.599998474121094,61.56999969482422,63.189998626708984,32000,0.0,0.0
2021-05-17 00:00:00-04:00,63.29999923706055,64.5999984741211,62.70000076293945,63.9900016784668,27900,0.0,0.0
2021-05-18 00:00:00-04:00,64.33999633789062,65.19000244140625,64.12999725341797,64.44999694824219,42300,0.0,0.0
2021-05-19 00:00:00-04:00,63.849998474121094,63.849998474121094,61.400001525878906,63.029998779296875,37900,0.0,0.0
2021-05-20 00:00:00-04:00,63.31999969482422,63.36000061035156,62.040000915527344,62.63999938964844,22000,0.0,0.0
2021-05-21 00:00:00-04:00,63.04999923706055,64.86000061035156,63.04999923706055,63.66999816894531,30400,0.0,0.0
2021-05-24 00:00:00-04:00,62.70000076293945,64.13999938964844,62.61000061035156,63.369998931884766,21700,0.0,0.0
2021-05-25 00:00:00-04:00,63.369998931884766,63.91999816894531,60.560001373291016,60.84000015258789,32200,0.0,0.0
2021-05-26 00:00:00-04:00,61.29999923706055,63.01499938964844,60.40999984741211,62.90999984741211,39600,0.0,0.0
2021-05-27 00:00:00-04:00,63.56999969482422,63.83000183105469,62.720001220703125,63.72999954223633,17700,0.0,0.0
2021-05-28 00:00:00-04:00,64.31999969482422,64.44999694824219,62.68000030517578,63.810001373291016,20800,0.0,0.0
2021-06-01 00:00:00-04:00,63.599998474121094,65.94000244140625,63.599998474121094,65.55000305175781,32200,0.0,0.0
2021-06-02 00:00:00-04:00,66.23999786376953,66.33699798583984,64.52999877929688,64.68000030517578,26600,0.0,0.0
2021-06-03 00:00:00-04:00,64.16999816894531,66.18000030517578,64.16999816894531,64.98999786376953,18500,0.0,0.0
2021-06-04 00:00:00-04:00,64.82499694824219,65.37000274658203,64.51000213623047,65.13999938964844,18800,0.0,0.0
2021-06-07 00:00:00-04:00,65.51000213623047,66.27799987792969,65.51000213623047,65.7300033569336,17000,0.0,0.0
2021-06-08 00:00:00-04:00,65.25499725341797,66.4000015258789,65.1500015258789,66.22000122070312,19000,0.0,0.0
2021-06-09 00:00:00-04:00,65.94000244140625,65.94000244140625,64.69000244140625,64.98999786376953,16400,0.0,0.0
2021-06-10 00:00:00-04:00,65.87999725341797,65.87999725341797,63.900001525878906,64.04000091552734,27400,0.0,0.0
2021-06-11 00:00:00-04:00,64.01000213623047,64.36000061035156,63.79999923706055,64.0999984741211,15700,0.0,0.0
2021-06-14 00:00:00-04:00,64.13999938964844,64.47000122070312,63.04999923706055,63.68000030517578,16300,0.0,0.0
2021-06-15 00:00:00-04:00,63.61000061035156,64.97000122070312,63.150001525878906,64.1500015258789,17100,0.0,0.0
2021-06-16 00:00:00-04:00,62.790000915527344,64.83000183105469,61.79999923706055,64.37999725341797,24700,0.0,0.0
2021-06-17 00:00:00-04:00,64.4000015258789,64.5,62.05500030517578,62.540000915527344,25900,0.0,0.0
2021-06-18 00:00:00-04:00,62.0,62.75,60.89400100708008,62.54999923706055,64000,0.0,0.0
2021-06-21 00:00:00-04:00,62.5,64.41000366210938,61.9900016784668,63.66999816894531,43000,0.0,0.0
2021-06-22 00:00:00-04:00,63.93000030517578,63.93000030517578,62.060001373291016,62.880001068115234,29300,0.0,0.0
2021-06-23 00:00:00-04:00,63.040000915527344,64.0,63.040000915527344,63.119998931884766,20800,0.0,0.0
2021-06-24 00:00:00-04:00,64.13999938964844,64.13999938964844,63.099998474121094,63.83000183105469,20100,0.0,0.0
2021-06-25 00:00:00-04:00,64.22000122070312,65.29000091552734,61.939998626708984,61.97999954223633,151600,0.0,0.0
2021-06-28 00:00:00-04:00,62.15999984741211,62.689998626708984,61.18000030517578,61.63999938964844,39900,0.0,0.0
2021-06-29 00:00:00-04:00,61.900001525878906,62.20000076293945,59.3650016784668,60.16999816894531,81500,0.0,0.0
2021-06-30 00:00:00-04:00,60.150001525878906,60.93000030517578,59.900001525878906,60.220001220703125,58700,0.0,0.0
2021-07-01 00:00:00-04:00,60.63999938964844,61.63999938964844,60.39500045776367,61.40999984741211,26300,0.0,0.0
2021-07-02 00:00:00-04:00,61.84000015258789,61.84000015258789,60.119998931884766,60.439998626708984,52200,0.0,0.0
2021-07-06 00:00:00-04:00,60.27000045776367,60.40999984741211,59.45000076293945,59.90999984741211,51500,0.0,0.0
2021-07-07 00:00:00-04:00,59.07500076293945,60.310001373291016,58.06999969482422,58.72999954223633,46600,0.0,0.0
2021-07-08 00:00:00-04:00,57.900001525878906,57.97999954223633,55.95000076293945,57.02000045776367,60200,0.0,0.0
2021-07-09 00:00:00-04:00,58.150001525878906,60.75,58.150001525878906,60.36000061035156,35600,0.0,0.0
2021-07-12 00:00:00-04:00,60.029998779296875,61.130001068115234,60.029998779296875,60.959999084472656,16300,0.0,0.0
2021-07-13 00:00:00-04:00,60.900001525878906,60.900001525878906,59.939998626708984,60.11000061035156,24100,0.0,0.0
2021-07-14 00:00:00-04:00,60.15999984741211,60.779998779296875,60.040000915527344,60.47999954223633,31400,0.0,0.0
2021-07-15 00:00:00-04:00,59.9900016784668,61.15999984741211,59.41999816894531,60.310001373291016,79500,0.0,0.0
2021-07-16 00:00:00-04:00,60.84000015258789,60.84000015258789,59.75,59.95000076293945,30800,0.0,0.0
2021-07-19 00:00:00-04:00,58.33000183105469,58.33000183105469,56.5,56.90999984741211,36700,0.0,0.0
2021-07-20 00:00:00-04:00,57.310001373291016,60.22999954223633,57.310001373291016,59.08000183105469,41300,0.0,0.0
2021-07-21 00:00:00-04:00,59.31999969482422,61.119998931884766,59.31999969482422,60.150001525878906,24000,0.0,0.0
2021-07-22 00:00:00-04:00,62.0,67.25,62.0,65.58000183105469,51500,0.0,0.0
2021-07-23 00:00:00-04:00,66.23999786376953,67.2300033569336,66.0,67.20999908447266,41300,0.0,0.0
2021-07-26 00:00:00-04:00,67.26000213623047,70.47000122070312,67.26000213623047,69.9000015258789,31200,0.0,0.0
2021-07-27 00:00:00-04:00,69.9000015258789,71.37999725341797,69.2699966430664,70.2300033569336,43000,0.0,0.0
2021-07-28 00:00:00-04:00,71.18000030517578,71.18000030517578,68.58000183105469,69.93000030517578,21000,0.0,0.0
2021-07-29 00:00:00-04:00,71.17500305175781,72.54000091552734,70.25,71.08000183105469,21300,0.0,0.0
2021-07-30 00:00:00-04:00,70.81999969482422,71.77999877929688,70.81999969482422,71.02999877929688,28300,0.0,0.0
2021-08-02 00:00:00-04:00,71.12000274658203,72.38999938964844,69.86000061035156,71.0199966430664,38800,0.0,0.0
2021-08-03 00:00:00-04:00,70.83999633789062,72.88999938964844,70.52999877929688,72.19000244140625,25800,0.0,0.0
2021-08-04 00:00:00-04:00,71.06999969482422,72.93000030517578,71.06999969482422,72.19999694824219,40800,0.0,0.0
2021-08-05 00:00:00-04:00,73.23999786376953,74.88999938964844,73.23999786376953,74.56999969482422,33200,0.0,0.0
2021-08-06 00:00:00-04:00,75.5,76.54000091552734,74.76000213623047,76.52999877929688,28700,0.0,0.0
2021-08-09 00:00:00-04:00,75.94999694824219,77.26000213623047,75.75,76.04000091552734,38200,0.0,0.0
2021-08-10 00:00:00-04:00,76.37999725341797,76.91999816894531,75.5,76.19000244140625,65100,0.0,0.0
2021-08-11 00:00:00-04:00,76.0,76.01000213623047,75.29499816894531,75.7699966430664,32000,0.0,0.0
2021-08-12 00:00:00-04:00,75.0,75.45999908447266,74.61299896240234,75.12000274658203,22700,0.0,0.0
2021-08-13 00:00:00-04:00,75.58999633789062,77.6449966430664,75.54000091552734,77.44000244140625,30700,0.0,0.0
2021-08-16 00:00:00-04:00,77.0,77.44000244140625,76.41000366210938,76.7699966430664,16900,0.0,0.0
2021-08-17 00:00:00-04:00,76.31999969482422,76.58999633789062,75.30000305175781,75.5199966430664,13400,0.0,0.0
2021-08-18 00:00:00-04:00,75.51000213623047,75.98999786376953,74.56999969482422,75.69999694824219,19800,0.0,0.0
2021-08-19 00:00:00-04:00,75.1500015258789,76.13999938964844,73.87200164794922,74.9800033569336,29100,0.0,0.0
2021-08-20 00:00:00-04:00,74.5199966430664,77.15499877929688,74.5199966430664,77.01000213623047,40700,0.0,0.0
2021-08-23 00:00:00-04:00,77.66000366210938,77.73999786376953,76.5,77.55000305175781,24600,0.0,0.0
2021-08-24 00:00:00-04:00,77.3499984741211,78.87999725341797,77.19999694824219,77.93000030517578,33800,0.0,0.0
2021-08-25 00:00:00-04:00,78.41999816894531,78.6500015258789,77.81500244140625,77.94999694824219,27400,0.0,0.0
2021-08-26 00:00:00-04:00,78.29000091552734,78.73999786376953,76.2300033569336,76.48999786376953,25300,0.0,0.0
2021-08-27 00:00:00-04:00,77.04000091552734,79.52999877929688,75.89399719238281,79.37999725341797,26700,0.0,0.0
2021-08-30 00:00:00-04:00,79.33999633789062,79.58999633789062,77.0,77.2300033569336,29100,0.0,0.0
2021-08-31 00:00:00-04:00,76.76000213623047,78.69000244140625,74.32099914550781,78.30000305175781,29600,0.0,0.0
2021-09-01 00:00:00-04:00,78.01000213623047,79.34500122070312,78.0,79.0,18500,0.0,0.0
2021-09-02 00:00:00-04:00,79.04000091552734,80.12000274658203,78.29399871826172,79.4000015258789,34800,0.0,0.0
2021-09-03 00:00:00-04:00,79.7699966430664,79.7699966430664,77.6449966430664,78.0199966430664,13100,0.0,0.0
2021-09-07 00:00:00-04:00,77.81999969482422,78.98799896240234,77.12000274658203,77.41000366210938,27000,0.0,0.0
2021-09-08 00:00:00-04:00,77.19999694824219,77.97000122070312,75.41500091552734,76.36000061035156,15100,0.0,0.0
2021-09-09 00:00:00-04:00,76.69000244140625,77.86000061035156,75.91000366210938,77.16000366210938,31700,0.0,0.0
2021-09-10 00:00:00-04:00,77.83000183105469,77.83000183105469,75.98999786376953,76.2699966430664,15000,0.0,0.0
2021-09-13 00:00:00-04:00,76.75,78.9749984741211,76.6500015258789,78.44999694824219,56200,0.0,0.0
2021-09-14 00:00:00-04:00,72.16000366210938,76.37000274658203,72.16000366210938,75.95999908447266,72500,0.0,0.0
2021-09-15 00:00:00-04:00,75.94999694824219,76.66999816894531,75.01000213623047,75.19000244140625,71600,0.0,0.0
2021-09-16 00:00:00-04:00,78.0,82.5999984741211,77.5,79.58999633789062,673700,0.0,0.0
2021-09-17 00:00:00-04:00,80.29000091552734,80.5999984741211,78.05999755859375,79.30999755859375,214600,0.0,0.0
2021-09-20 00:00:00-04:00,77.5199966430664,78.08000183105469,76.05000305175781,77.45999908447266,85600,0.0,0.0
2021-09-21 00:00:00-04:00,77.86000061035156,78.05999755859375,76.62999725341797,76.95999908447266,69800,0.0,0.0
2021-09-22 00:00:00-04:00,77.45999908447266,79.52999877929688,76.06999969482422,78.3499984741211,77700,0.0,0.0
2021-09-23 00:00:00-04:00,79.23999786376953,82.33999633789062,79.22000122070312,81.62000274658203,198100,0.0,0.0
2021-09-24 00:00:00-04:00,81.37999725341797,83.80000305175781,81.37999725341797,81.61000061035156,212800,0.0,0.0
2021-09-27 00:00:00-04:00,82.31999969482422,87.7300033569336,82.31999969482422,86.94999694824219,319500,0.0,0.0
2021-09-28 00:00:00-04:00,86.98999786376953,87.55000305175781,83.66000366210938,84.5,149600,0.0,0.0
2021-09-29 00:00:00-04:00,84.87000274658203,85.81999969482422,84.04000091552734,84.68000030517578,36000,0.0,0.0
2021-09-30 00:00:00-04:00,85.26000213623047,86.77999877929688,83.30000305175781,84.30000305175781,77300,0.0,0.0
2021-10-01 00:00:00-04:00,84.70999908447266,87.19999694824219,84.08999633789062,86.47000122070312,46100,0.0,0.0
2021-10-04 00:00:00-04:00,87.08999633789062,87.76000213623047,84.84500122070312,85.38999938964844,55900,0.0,0.0
2021-10-05 00:00:00-04:00,85.87000274658203,87.9000015258789,85.04000091552734,86.44999694824219,59900,0.0,0.0
2021-10-06 00:00:00-04:00,85.41000366210938,85.91999816894531,82.93000030517578,85.31999969482422,52900,0.0,0.0
2021-10-07 00:00:00-04:00,87.0,87.44000244140625,85.55500030517578,86.44999694824219,53100,0.0,0.0
2021-10-08 00:00:00-04:00,86.76000213623047,87.66000366210938,86.23999786376953,86.83000183105469,53600,0.0,0.0
2021-10-11 00:00:00-04:00,87.20999908447266,87.69000244140625,85.44000244140625,85.54000091552734,32600,0.0,0.0
2021-10-12 00:00:00-04:00,86.0,87.1500015258789,84.4800033569336,85.98999786376953,38400,0.0,0.0
2021-10-13 00:00:00-04:00,86.41999816894531,86.63999938964844,85.25,86.43000030517578,35700,0.0,0.0
2021-10-14 00:00:00-04:00,87.63999938964844,87.83000183105469,85.59500122070312,87.56999969482422,42000,0.0,0.0
2021-10-15 00:00:00-04:00,88.88999938964844,89.01000213623047,87.52999877929688,87.6500015258789,52200,0.0,0.0
2021-10-18 00:00:00-04:00,87.66000366210938,89.3499984741211,87.30999755859375,88.4000015258789,80400,0.0,0.0
2021-10-19 00:00:00-04:00,89.06999969482422,89.22000122070312,86.66500091552734,87.75,73400,0.0,0.0
2021-10-20 00:00:00-04:00,87.58000183105469,88.37699890136719,86.81999969482422,88.0199966430664,90700,0.0,0.0
2021-10-21 00:00:00-04:00,88.73999786376953,94.19999694824219,87.30000305175781,92.43000030517578,220700,0.0,0.0
2021-10-22 00:00:00-04:00,92.87000274658203,97.29000091552734,92.87000274658203,95.19999694824219,229100,0.0,0.0
2021-10-25 00:00:00-04:00,95.05000305175781,97.52999877929688,93.58999633789062,97.43000030517578,118200,0.0,0.0
2021-10-26 00:00:00-04:00,97.62999725341797,97.62999725341797,92.91000366210938,92.97000122070312,79400,0.0,0.0
2021-10-27 00:00:00-04:00,92.38999938964844,92.75,87.2699966430664,87.97000122070312,101800,0.0,0.0
2021-10-28 00:00:00-04:00,87.91000366210938,89.77999877929688,85.61000061035156,89.5,73300,0.0,0.0
2021-10-29 00:00:00-04:00,89.52999877929688,91.16000366210938,89.05999755859375,90.86000061035156,95700,0.0,0.0
2021-11-01 00:00:00-04:00,91.9000015258789,93.29000091552734,91.9000015258789,93.1500015258789,133000,0.0,0.0
2021-11-02 00:00:00-04:00,93.20999908447266,93.66999816894531,92.53500366210938,93.55000305175781,134200,0.0,0.0
2021-11-03 00:00:00-04:00,93.7300033569336,99.29000091552734,93.7300033569336,98.13999938964844,112500,0.0,0.0
2021-11-04 00:00:00-04:00,98.94999694824219,99.47000122070312,96.86000061035156,98.56999969482422,125400,0.0,0.0
2021-11-05 00:00:00-04:00,99.45999908447266,101.33999633789062,98.55000305175781,99.26000213623047,94400,0.0,0.0
2021-11-08 00:00:00-05:00,100.22000122070312,101.33999633789062,99.45500183105469,101.19999694824219,64000,0.0,0.0
2021-11-09 00:00:00-05:00,101.4800033569336,102.87000274658203,99.7300033569336,102.30000305175781,75000,0.0,0.0
2021-11-10 00:00:00-05:00,101.62000274658203,102.93499755859375,99.88999938964844,101.0999984741211,96000,0.0,0.0
2021-11-11 00:00:00-05:00,101.30000305175781,101.30000305175781,97.95999908447266,98.79000091552734,100500,0.0,0.0
2021-11-12 00:00:00-05:00,98.76000213623047,101.56999969482422,98.55000305175781,100.55000305175781,212200,0.0,0.0
2021-11-15 00:00:00-05:00,100.55000305175781,102.93000030517578,99.44999694824219,101.93000030517578,145600,0.0,0.0
2021-11-16 00:00:00-05:00,100.91999816894531,104.91999816894531,100.91999816894531,102.66999816894531,177500,0.0,0.0
2021-11-17 00:00:00-05:00,102.62999725341797,103.04000091552734,100.66000366210938,101.36000061035156,97900,0.0,0.0
2021-11-18 00:00:00-05:00,101.2699966430664,103.55999755859375,100.51000213623047,101.22000122070312,70800,0.0,0.0
2021-11-19 00:00:00-05:00,100.26000213623047,100.94999694824219,98.0250015258789,99.41000366210938,115000,0.0,0.0
2021-11-22 00:00:00-05:00,100.98999786376953,103.08999633789062,98.61000061035156,98.95999908447266,119200,0.0,0.0
2021-11-23 00:00:00-05:00,98.69999694824219,100.13500213623047,98.27999877929688,100.0,82000,0.0,0.0
2021-11-24 00:00:00-05:00,99.4000015258789,100.68000030517578,99.16799926757812,100.11000061035156,73200,0.0,0.0
2021-11-26 00:00:00-05:00,97.5,98.4000015258789,93.94999694824219,97.0,77800,0.0,0.0
2021-11-29 00:00:00-05:00,98.0,99.41999816894531,95.80000305175781,97.01000213623047,102900,0.0,0.0
2021-11-30 00:00:00-05:00,96.08000183105469,97.0199966430664,94.04000091552734,94.93000030517578,259800,0.0,0.0
2021-12-01 00:00:00-05:00,96.68000030517578,98.0,92.27999877929688,92.45999908447266,84500,0.0,0.0
2021-12-02 00:00:00-05:00,92.5,96.86000061035156,92.0,96.0999984741211,118100,0.0,0.0
2021-12-03 00:00:00-05:00,96.45999908447266,97.3499984741211,90.87000274658203,92.5999984741211,72900,0.0,0.0
2021-12-06 00:00:00-05:00,94.2699966430664,95.69999694824219,91.6500015258789,94.7300033569336,106100,0.0,0.0
2021-12-07 00:00:00-05:00,95.93000030517578,96.97000122070312,93.72000122070312,94.36000061035156,56200,0.0,0.0
2021-12-08 00:00:00-05:00,94.68000030517578,95.29000091552734,92.84300231933594,94.55999755859375,56300,0.0,0.0
2021-12-09 00:00:00-05:00,94.16999816894531,94.81999969482422,93.36000061035156,93.86000061035156,53400,0.0,0.0
2021-12-10 00:00:00-05:00,95.0199966430664,95.0199966430664,92.94000244140625,94.26000213623047,45100,0.0,0.0
2021-12-13 00:00:00-05:00,93.88999938964844,94.61499786376953,91.58999633789062,93.16999816894531,137400,0.0,0.0
2021-12-14 00:00:00-05:00,92.76000213623047,94.7750015258789,92.25,93.62999725341797,135500,0.0,0.0
2021-12-15 00:00:00-05:00,94.48999786376953,97.87000274658203,92.95999908447266,96.93000030517578,115700,0.0,0.0
2021-12-16 00:00:00-05:00,98.05000305175781,100.75,97.48999786376953,98.5199966430664,202100,0.0,0.0
2021-12-17 00:00:00-05:00,98.5,98.5,91.93000030517578,92.94999694824219,735000,0.0,0.0
2021-12-20 00:00:00-05:00,91.41999816894531,92.13999938964844,86.80500030517578,91.87999725341797,147400,0.0,0.0
2021-12-21 00:00:00-05:00,92.54000091552734,98.37999725341797,92.54000091552734,98.2300033569336,138400,0.0,0.0
2021-12-22 00:00:00-05:00,97.98999786376953,100.63999938964844,97.12000274658203,100.29000091552734,89200,0.0,0.0
2021-12-23 00:00:00-05:00,100.62000274658203,101.58999633789062,99.94000244140625,100.41000366210938,78500,0.0,0.0
2021-12-27 00:00:00-05:00,101.12000274658203,104.7699966430664,100.43000030517578,104.1500015258789,107400,0.0,0.0
2021-12-28 00:00:00-05:00,104.0,105.23999786376953,102.7699966430664,104.63999938964844,68100,0.0,0.0
2021-12-29 00:00:00-05:00,104.27999877929688,105.62999725341797,103.0999984741211,104.0,68900,0.0,0.0
2021-12-30 00:00:00-05:00,104.33999633789062,106.0009994506836,103.44000244140625,105.20999908447266,93300,0.0,0.0
2021-12-31 00:00:00-05:00,104.91999816894531,107.13999938964844,104.9000015258789,106.52999877929688,71900,0.0,0.0
2022-01-03 00:00:00-05:00,107.5999984741211,109.78700256347656,106.01000213623047,106.48999786376953,115100,0.0,0.0
2022-01-04 00:00:00-05:00,107.62000274658203,110.44000244140625,106.93499755859375,107.01000213623047,126100,0.0,0.0
2022-01-05 00:00:00-05:00,106.9000015258789,109.53900146484375,105.73999786376953,106.29000091552734,60000,0.0,0.0
2022-01-06 00:00:00-05:00,106.4800033569336,110.37999725341797,105.97000122070312,110.3499984741211,56800,0.0,0.0
2022-01-07 00:00:00-05:00,110.44999694824219,111.20099639892578,107.86000061035156,110.45999908447266,96800,0.0,0.0
2022-01-10 00:00:00-05:00,110.5,110.98400115966797,107.32499694824219,110.29000091552734,86300,0.0,0.0
2022-01-11 00:00:00-05:00,110.05999755859375,110.81999969482422,105.43000030517578,107.54000091552734,127700,0.0,0.0
2022-01-12 00:00:00-05:00,108.31999969482422,111.91000366210938,107.08999633789062,111.68000030517578,135400,0.0,0.0
2022-01-13 00:00:00-05:00,112.66999816894531,115.77999877929688,111.71499633789062,112.2300033569336,134000,0.0,0.0
2022-01-14 00:00:00-05:00,110.41000366210938,112.68000030517578,108.29100036621094,110.29000091552734,88400,0.0,0.0
2022-01-18 00:00:00-05:00,110.52999877929688,111.7300033569336,107.46299743652344,108.18000030517578,165700,0.0,0.0
2022-01-19 00:00:00-05:00,108.75,108.75,104.56700134277344,106.08000183105469,177100,0.0,0.0
2022-01-20 00:00:00-05:00,106.5,106.63800048828125,98.19499969482422,98.69999694824219,226700,0.0,0.0
2022-01-21 00:00:00-05:00,99.73999786376953,107.98500061035156,97.7509994506836,102.44999694824219,262700,0.0,0.0
2022-01-24 00:00:00-05:00,101.26000213623047,107.37999725341797,100.14800262451172,106.98999786376953,131400,0.0,0.0
2022-01-25 00:00:00-05:00,105.56999969482422,105.86499786376953,101.16000366210938,103.98999786376953,94500,0.0,0.0
2022-01-26 00:00:00-05:00,105.88999938964844,107.7699966430664,100.58000183105469,101.72000122070312,271400,0.0,0.0
2022-01-27 00:00:00-05:00,102.94999694824219,104.88999938964844,97.5999984741211,99.08000183105469,208800,0.0,0.0
2022-01-28 00:00:00-05:00,98.66999816894531,99.87999725341797,96.0,99.5199966430664,201100,0.0,0.0
2022-01-31 00:00:00-05:00,97.88999938964844,100.30999755859375,97.61399841308594,100.0,89000,0.0,0.0
2022-02-01 00:00:00-05:00,100.80999755859375,103.36000061035156,99.25,103.2300033569336,118200,0.0,0.0
2022-02-02 00:00:00-05:00,103.43000030517578,103.43000030517578,101.02400207519531,102.87999725341797,64500,0.0,0.0
2022-02-03 00:00:00-05:00,102.0,103.7300033569336,100.44999694824219,101.66999816894531,78300,0.0,0.0
2022-02-04 00:00:00-05:00,101.54000091552734,106.20999908447266,101.30000305175781,105.61000061035156,67500,0.0,0.0
2022-02-07 00:00:00-05:00,105.25,106.26899719238281,104.33499908447266,105.86000061035156,55300,0.0,0.0
2022-02-08 00:00:00-05:00,106.87999725341797,108.06999969482422,105.59500122070312,107.66000366210938,134800,0.0,0.0
2022-02-09 00:00:00-05:00,108.06999969482422,108.45999908447266,106.0,106.62000274658203,58600,0.0,0.0
2022-02-10 00:00:00-05:00,105.91999816894531,109.41999816894531,104.7300033569336,106.22000122070312,102800,0.0,0.0
2022-02-11 00:00:00-05:00,105.87000274658203,107.55999755859375,104.66999816894531,105.94000244140625,99900,0.0,0.0
2022-02-14 00:00:00-05:00,106.52999877929688,107.12000274658203,103.4000015258789,104.66999816894531,67600,0.0,0.0
2022-02-15 00:00:00-05:00,106.6500015258789,106.88999938964844,105.28800201416016,106.55999755859375,128900,0.0,0.0
2022-02-16 00:00:00-05:00,105.5199966430664,107.3550033569336,104.98999786376953,105.83000183105469,46500,0.0,0.0
2022-02-17 00:00:00-05:00,104.3499984741211,104.61000061035156,101.45999908447266,102.06999969482422,59500,0.0,0.0
2022-02-18 00:00:00-05:00,100.98999786376953,103.91100311279297,100.5,101.79000091552734,85100,0.0,0.0
2022-02-22 00:00:00-05:00,101.5199966430664,102.42500305175781,99.3499984741211,100.31999969482422,46600,0.0,0.0
2022-02-23 00:00:00-05:00,101.94000244140625,103.1500015258789,98.30999755859375,98.97000122070312,67500,0.0,0.0
2022-02-24 00:00:00-05:00,95.20999908447266,98.16000366210938,93.91000366210938,97.81999969482422,109500,0.0,0.0
2022-02-25 00:00:00-05:00,98.8499984741211,102.125,98.8499984741211,101.91000366210938,85300,0.0,0.0
2022-02-28 00:00:00-05:00,99.58000183105469,102.30000305175781,99.41000366210938,102.25,97100,0.0,0.0
2022-03-01 00:00:00-05:00,100.87000274658203,100.87000274658203,95.1500015258789,96.3499984741211,103400,0.0,0.0
2022-03-02 00:00:00-05:00,96.83000183105469,102.27999877929688,96.83000183105469,101.86000061035156,59800,0.0,0.0
2022-03-03 00:00:00-05:00,102.41999816894531,102.86000061035156,98.94000244140625,99.5199966430664,74500,0.0,0.0
2022-03-04 00:00:00-05:00,97.8499984741211,98.30999755859375,93.62300109863281,95.33000183105469,95500,0.0,0.0
2022-03-07 00:00:00-05:00,94.94000244140625,95.82499694824219,92.41000366210938,92.43000030517578,82900,0.0,0.0
2022-03-08 00:00:00-05:00,93.29000091552734,97.33999633789062,92.73999786376953,94.41000366210938,132300,0.0,0.0
2022-03-09 00:00:00-05:00,97.16000366210938,100.75,97.11000061035156,100.0,87800,0.0,0.0
2022-03-10 00:00:00-05:00,98.9800033569336,100.9800033569336,98.9800033569336,99.75,70600,0.0,0.0
2022-03-11 00:00:00-05:00,100.37000274658203,102.58999633789062,100.05000305175781,100.58999633789062,64100,0.0,0.0
2022-03-14 00:00:00-04:00,102.0,105.44000244140625,101.30999755859375,101.83000183105469,71600,0.0,0.0
2022-03-15 00:00:00-04:00,102.69000244140625,104.11499786376953,100.5999984741211,102.43000030517578,53400,0.0,0.0
2022-03-16 00:00:00-04:00,104.2300033569336,106.5199966430664,103.58000183105469,106.36000061035156,70000,0.0,0.0
2022-03-17 00:00:00-04:00,106.27999877929688,106.55000305175781,104.01000213623047,104.44000244140625,59300,0.0,0.0
2022-03-18 00:00:00-04:00,105.05000305175781,105.88999938964844,102.11000061035156,104.20999908447266,174600,0.0,0.0
2022-03-21 00:00:00-04:00,103.91000366210938,106.37000274658203,103.62999725341797,104.16999816894531,100100,0.0,0.0
2022-03-22 00:00:00-04:00,105.0,106.73999786376953,104.5,105.4800033569336,70200,0.0,0.0
2022-03-23 00:00:00-04:00,104.0999984741211,104.48999786376953,100.11000061035156,100.4800033569336,75400,0.0,0.0
2022-03-24 00:00:00-04:00,101.55000305175781,101.9800033569336,99.80000305175781,101.2699966430664,43100,0.0,0.0
2022-03-25 00:00:00-04:00,101.0,103.87000274658203,100.8499984741211,103.66000366210938,62400,0.0,0.0
2022-03-28 00:00:00-04:00,103.43000030517578,103.95999908447266,101.53199768066406,103.69000244140625,59100,0.0,0.0
2022-03-29 00:00:00-04:00,105.4800033569336,107.3499984741211,104.29000091552734,106.7300033569336,108300,0.0,0.0
2022-03-30 00:00:00-04:00,106.08000183105469,107.30000305175781,101.9000015258789,102.98999786376953,212400,0.0,0.0
2022-03-31 00:00:00-04:00,102.33999633789062,104.70999908447266,101.52999877929688,101.7699966430664,337600,0.0,0.0
2022-04-01 00:00:00-04:00,103.79000091552734,103.79000091552734,100.0,101.18000030517578,115200,0.0,0.0
2022-04-04 00:00:00-04:00,101.76000213623047,101.76000213623047,95.16999816894531,95.70999908447266,137400,0.0,0.0
2022-04-05 00:00:00-04:00,95.94000244140625,96.94999694824219,94.72000122070312,94.7699966430664,82400,0.0,0.0
2022-04-06 00:00:00-04:00,94.48999786376953,94.48999786376953,92.62999725341797,92.91000366210938,91600,0.0,0.0
2022-04-07 00:00:00-04:00,93.33999633789062,93.33999633789062,90.5,91.83000183105469,88000,0.0,0.0
2022-04-08 00:00:00-04:00,92.04000091552734,92.94999694824219,90.9000015258789,92.25,61500,0.0,0.0
2022-04-11 00:00:00-04:00,92.16000366210938,95.66999816894531,90.80699920654297,94.52999877929688,84100,0.0,0.0
2022-04-12 00:00:00-04:00,94.61000061035156,96.41500091552734,93.69999694824219,94.26000213623047,67500,0.0,0.0
2022-04-13 00:00:00-04:00,93.5,96.37999725341797,93.19000244140625,96.11000061035156,61900,0.0,0.0
2022-04-14 00:00:00-04:00,96.11000061035156,97.375,94.86000061035156,95.38999938964844,82800,0.0,0.0
2022-04-18 00:00:00-04:00,94.27999877929688,97.58499908447266,94.20999908447266,96.54000091552734,61600,0.0,0.0
2022-04-19 00:00:00-04:00,97.16000366210938,101.5199966430664,96.66999816894531,100.94000244140625,72800,0.0,0.0
2022-04-20 00:00:00-04:00,102.16000366210938,104.83899688720703,101.58000183105469,102.5199966430664,67100,0.0,0.0
2022-04-21 00:00:00-04:00,103.5999984741211,103.66999816894531,98.33000183105469,100.04000091552734,105300,0.0,0.0
2022-04-22 00:00:00-04:00,97.5199966430664,99.29000091552734,93.28500366210938,95.02999877929688,203100,0.0,0.0
2022-04-25 00:00:00-04:00,94.31999969482422,94.31999969482422,91.91600036621094,93.06999969482422,124400,0.0,0.0
2022-04-26 00:00:00-04:00,91.36000061035156,93.16999816894531,87.62000274658203,87.70999908447266,115900,0.0,0.0
2022-04-27 00:00:00-04:00,87.4000015258789,88.75,85.68000030517578,86.45999908447266,91100,0.0,0.0
2022-04-28 00:00:00-04:00,87.94999694824219,89.16000366210938,85.37000274658203,88.72000122070312,57700,0.0,0.0
2022-04-29 00:00:00-04:00,88.26000213623047,90.62000274658203,87.79000091552734,89.05000305175781,116400,0.0,0.0
2022-05-02 00:00:00-04:00,89.18000030517578,91.63999938964844,88.13999938964844,91.41000366210938,95600,0.0,0.0
2022-05-03 00:00:00-04:00,91.2699966430664,93.5,90.41999816894531,92.73999786376953,68800,0.0,0.0
2022-05-04 00:00:00-04:00,92.7300033569336,94.5999984741211,90.30000305175781,94.20999908447266,72600,0.0,0.0
2022-05-05 00:00:00-04:00,93.05999755859375,93.36499786376953,88.86000061035156,91.43000030517578,58800,0.0,0.0
2022-05-06 00:00:00-04:00,90.83999633789062,91.29000091552734,88.55999755859375,90.56999969482422,75200,0.0,0.0
2022-05-09 00:00:00-04:00,89.44999694824219,90.22000122070312,87.4000015258789,89.4000015258789,102800,0.0,0.0
2022-05-10 00:00:00-04:00,90.06999969482422,91.0199966430664,86.94000244140625,87.69000244140625,108800,0.0,0.0
2022-05-11 00:00:00-04:00,88.5199966430664,89.94999694824219,84.5,84.98999786376953,125100,0.0,0.0
2022-05-12 00:00:00-04:00,84.7300033569336,84.7300033569336,73.26000213623047,73.80000305175781,479000,0.0,0.0
2022-05-13 00:00:00-04:00,75.51000213623047,80.4800033569336,74.98999786376953,80.19999694824219,246500,0.0,0.0
2022-05-16 00:00:00-04:00,79.38999938964844,80.9800033569336,77.86000061035156,79.4800033569336,129300,0.0,0.0
2022-05-17 00:00:00-04:00,81.4800033569336,83.13999938964844,80.8290023803711,83.04000091552734,70000,0.0,0.0
2022-05-18 00:00:00-04:00,81.62999725341797,82.45999908447266,76.38999938964844,77.62999725341797,111700,0.0,0.0
2022-05-19 00:00:00-04:00,77.4000015258789,78.0,74.63999938964844,74.88999938964844,125600,0.0,0.0
2022-05-20 00:00:00-04:00,76.0,76.77999877929688,72.54000091552734,73.70999908447266,160500,0.0,0.0
2022-05-23 00:00:00-04:00,74.62000274658203,78.05999755859375,74.0,76.62000274658203,71600,0.0,0.0
2022-05-24 00:00:00-04:00,75.29000091552734,75.29000091552734,71.81999969482422,72.79000091552734,86400,0.0,0.0
2022-05-25 00:00:00-04:00,72.7699966430664,76.28500366210938,72.7699966430664,74.48999786376953,71400,0.0,0.0
2022-05-26 00:00:00-04:00,74.72000122070312,76.41999816894531,74.50499725341797,75.55999755859375,62900,0.0,0.0
2022-05-27 00:00:00-04:00,76.22000122070312,77.56999969482422,73.95999908447266,77.55999755859375,110000,0.0,0.0
2022-05-31 00:00:00-04:00,76.4800033569336,77.88999938964844,75.94000244140625,77.2300033569336,81600,0.0,0.0
2022-06-01 00:00:00-04:00,76.94000244140625,76.94000244140625,74.91000366210938,75.41999816894531,69600,0.0,0.0
2022-06-02 00:00:00-04:00,75.79000091552734,77.69000244140625,74.77999877929688,77.45999908447266,84800,0.0,0.0
2022-06-03 00:00:00-04:00,76.77999877929688,76.77999877929688,75.23500061035156,75.58000183105469,44600,0.0,0.0
2022-06-06 00:00:00-04:00,77.20999908447266,79.31999969482422,76.54000091552734,78.87000274658203,96000,0.0,0.0
2022-06-07 00:00:00-04:00,77.6500015258789,79.12999725341797,77.5,78.41999816894531,61700,0.0,0.0
2022-06-08 00:00:00-04:00,77.25,78.83000183105469,77.13999938964844,77.29000091552734,64400,0.0,0.0
2022-06-09 00:00:00-04:00,77.51000213623047,77.51000213623047,75.05999755859375,75.19000244140625,109900,0.0,0.0
2022-06-10 00:00:00-04:00,73.3499984741211,74.80000305175781,72.71499633789062,73.76000213623047,99000,0.0,0.0
2022-06-13 00:00:00-04:00,71.54000091552734,71.7699966430664,68.25,68.91000366210938,148700,0.0,0.0
2022-06-14 00:00:00-04:00,69.11000061035156,70.01000213623047,68.70999908447266,69.16000366210938,98200,0.0,0.0
2022-06-15 00:00:00-04:00,70.61000061035156,72.06999969482422,69.72000122070312,70.66000366210938,54400,0.0,0.0
2022-06-16 00:00:00-04:00,69.04000091552734,69.04000091552734,66.88999938964844,68.48999786376953,72300,0.0,0.0
2022-06-17 00:00:00-04:00,69.3499984741211,70.90499877929688,68.56999969482422,70.08000183105469,109300,0.0,0.0
2022-06-21 00:00:00-04:00,71.54000091552734,72.24500274658203,69.91999816894531,70.0,65200,0.0,0.0
2022-06-22 00:00:00-04:00,69.16999816894531,71.52999877929688,69.0999984741211,70.75,100900,0.0,0.0
2022-06-23 00:00:00-04:00,70.55000305175781,71.69999694824219,69.44100189208984,70.52999877929688,89700,0.0,0.0
2022-06-24 00:00:00-04:00,70.4000015258789,73.23999786376953,70.4000015258789,72.3499984741211,191200,0.0,0.0
2022-06-27 00:00:00-04:00,73.06999969482422,73.25499725341797,71.5199966430664,72.37000274658203,56500,0.0,0.0
2022-06-28 00:00:00-04:00,72.95999908447266,73.69000244140625,70.49500274658203,71.20999908447266,53800,0.0,0.0
2022-06-29 00:00:00-04:00,71.29000091552734,71.73899841308594,69.2750015258789,69.80000305175781,67900,0.0,0.0
2022-06-30 00:00:00-04:00,68.27999877929688,70.52999877929688,67.05000305175781,69.41999816894531,91700,0.0,0.0
2022-07-01 00:00:00-04:00,68.68000030517578,71.16999816894531,68.41000366210938,69.95999908447266,72000,0.0,0.0
2022-07-05 00:00:00-04:00,68.69000244140625,68.69000244140625,66.5999984741211,67.47000122070312,118300,0.0,0.0
2022-07-06 00:00:00-04:00,67.37999725341797,68.66000366210938,65.94999694824219,66.80000305175781,135100,0.0,0.0
2022-07-07 00:00:00-04:00,67.80999755859375,68.58000183105469,66.87000274658203,67.04000091552734,136900,0.0,0.0
2022-07-08 00:00:00-04:00,66.69999694824219,66.83000183105469,64.87999725341797,65.05999755859375,100500,0.0,0.0
2022-07-11 00:00:00-04:00,64.77999877929688,65.91000366210938,64.20999908447266,64.25,140000,0.0,0.0
2022-07-12 00:00:00-04:00,64.08999633789062,65.12000274658203,63.755001068115234,63.97999954223633,169100,0.0,0.0
2022-07-13 00:00:00-04:00,63.0099983215332,63.599998474121094,62.2599983215332,62.4900016784668,76600,0.0,0.0
2022-07-14 00:00:00-04:00,61.599998474121094,62.58000183105469,60.5099983215332,61.7599983215332,57200,0.0,0.0
2022-07-15 00:00:00-04:00,63.25,65.6500015258789,61.290000915527344,65.47000122070312,119600,0.0,0.0
2022-07-18 00:00:00-04:00,66.72000122070312,67.58999633789062,65.29000091552734,65.72000122070312,109700,0.0,0.0
2022-07-19 00:00:00-04:00,66.63999938964844,67.11000061035156,65.70500183105469,66.79000091552734,238800,0.0,0.0
2022-07-20 00:00:00-04:00,66.30000305175781,68.73500061035156,66.30000305175781,68.08999633789062,156400,0.0,0.0
2022-07-21 00:00:00-04:00,68.29000091552734,69.7699966430664,67.41999816894531,69.7699966430664,129300,0.0,0.0
2022-07-22 00:00:00-04:00,70.91000366210938,74.05999755859375,68.71499633789062,70.20999908447266,156100,0.0,0.0
2022-07-25 00:00:00-04:00,71.45999908447266,74.02999877929688,71.29000091552734,73.75,90200,0.0,0.0
2022-07-26 00:00:00-04:00,72.97000122070312,73.04000091552734,70.38999938964844,71.5199966430664,66400,0.0,0.0
2022-07-27 00:00:00-04:00,72.30999755859375,72.47000122070312,70.23999786376953,70.9800033569336,120100,0.0,0.0
2022-07-28 00:00:00-04:00,71.3499984741211,71.3499984741211,69.30000305175781,69.5,87400,0.0,0.0
2022-07-29 00:00:00-04:00,69.70999908447266,70.08999633789062,68.08499908447266,69.37999725341797,188100,0.0,0.0
2022-08-01 00:00:00-04:00,69.11000061035156,71.02999877929688,68.0999984741211,70.87000274658203,211600,0.0,0.0
2022-08-02 00:00:00-04:00,70.19999694824219,71.31999969482422,68.91999816894531,70.7300033569336,113100,0.0,0.0
2022-08-03 00:00:00-04:00,71.01000213623047,72.61000061035156,70.41000366210938,72.4800033569336,87000,0.0,0.0
2022-08-04 00:00:00-04:00,72.0,73.77999877929688,71.33000183105469,73.30999755859375,111800,0.0,0.0
2022-08-05 00:00:00-04:00,72.58999633789062,75.83000183105469,72.58999633789062,74.80000305175781,69900,0.0,0.0
2022-08-08 00:00:00-04:00,74.63999938964844,74.81999969482422,72.80000305175781,73.25,47700,0.0,0.0
2022-08-09 00:00:00-04:00,72.95999908447266,74.80000305175781,72.30000305175781,74.41000366210938,81100,0.0,0.0
2022-08-10 00:00:00-04:00,75.97000122070312,78.05999755859375,75.97000122070312,77.02999877929688,91800,0.0,0.0
2022-08-11 00:00:00-04:00,78.23999786376953,78.45999908447266,77.52999877929688,77.69999694824219,45100,0.0,0.0
2022-08-12 00:00:00-04:00,77.9000015258789,79.48999786376953,77.2699966430664,79.44000244140625,61400,0.0,0.0
2022-08-15 00:00:00-04:00,78.80999755859375,79.67500305175781,78.03500366210938,79.02999877929688,56100,0.0,0.0
2022-08-16 00:00:00-04:00,78.80000305175781,80.37000274658203,78.80000305175781,79.69999694824219,110100,0.0,0.0
2022-08-17 00:00:00-04:00,78.37999725341797,79.81999969482422,77.83000183105469,79.22000122070312,71400,0.0,0.0
2022-08-18 00:00:00-04:00,78.81999969482422,79.69999694824219,78.5,79.36000061035156,60800,0.0,0.0
2022-08-19 00:00:00-04:00,78.80999755859375,78.80999755859375,77.32499694824219,78.16000366210938,72800,0.0,0.0
2022-08-22 00:00:00-04:00,77.19000244140625,78.41000366210938,76.2249984741211,76.95999908447266,90100,0.0,0.0
2022-08-23 00:00:00-04:00,76.6500015258789,77.95999908447266,75.72000122070312,75.80000305175781,59800,0.0,0.0
2022-08-24 00:00:00-04:00,75.76000213623047,75.88500213623047,74.81999969482422,75.27999877929688,44100,0.0,0.0
2022-08-25 00:00:00-04:00,75.19000244140625,76.86000061035156,75.19000244140625,76.80999755859375,55200,0.0,0.0
2022-08-26 00:00:00-04:00,76.7300033569336,76.7300033569336,74.08999633789062,74.30999755859375,43700,0.0,0.0
2022-08-29 00:00:00-04:00,73.30999755859375,73.7699966430664,72.69000244140625,72.8499984741211,57800,0.0,0.0
2022-08-30 00:00:00-04:00,72.87000274658203,73.04000091552734,71.5999984741211,72.7300033569336,54300,0.0,0.0
2022-08-31 00:00:00-04:00,73.25,73.30000305175781,71.5199966430664,71.58999633789062,53400,0.0,0.0
2022-09-01 00:00:00-04:00,71.44999694824219,71.52999877929688,70.0,71.41000366210938,41400,0.0,0.0
2022-09-02 00:00:00-04:00,72.36000061035156,72.91999816894531,70.11000061035156,70.26000213623047,40800,0.0,0.0
2022-09-06 00:00:00-04:00,71.52999877929688,71.52999877929688,68.62999725341797,69.41999816894531,43500,0.0,0.0
2022-09-07 00:00:00-04:00,68.2699966430664,71.93000030517578,68.2699966430664,71.30999755859375,52300,0.0,0.0
2022-09-08 00:00:00-04:00,70.80000305175781,72.4000015258789,69.44000244140625,72.19999694824219,35200,0.0,0.0
2022-09-09 00:00:00-04:00,73.12999725341797,73.23999786376953,72.2300033569336,72.55000305175781,36000,0.0,0.0
2022-09-12 00:00:00-04:00,72.58999633789062,73.69999694824219,72.31099700927734,73.54000091552734,47800,0.0,0.0
2022-09-13 00:00:00-04:00,72.23999786376953,72.23999786376953,70.30999755859375,70.51000213623047,49600,0.0,0.0
2022-09-14 00:00:00-04:00,70.51000213623047,71.37999725341797,69.6500015258789,71.33000183105469,51500,0.0,0.0
2022-09-15 00:00:00-04:00,70.66999816894531,73.33000183105469,70.66999816894531,71.38999938964844,44900,0.0,0.0
2022-09-16 00:00:00-04:00,70.62000274658203,70.62000274658203,68.37999725341797,69.20999908447266,93900,0.0,0.0
2022-09-19 00:00:00-04:00,68.27999877929688,70.93000030517578,68.27999877929688,69.95999908447266,71200,0.0,0.0
2022-09-20 00:00:00-04:00,69.66999816894531,69.66999816894531,69.0,69.43000030517578,46800,0.0,0.0
2022-09-21 00:00:00-04:00,69.77999877929688,70.33999633789062,68.4749984741211,68.56999969482422,54400,0.0,0.0
2022-09-22 00:00:00-04:00,68.4000015258789,68.6500015258789,67.05999755859375,67.7699966430664,44000,0.0,0.0
2022-09-23 00:00:00-04:00,66.37000274658203,66.91000366210938,65.51000213623047,66.30000305175781,61600,0.0,0.0
2022-09-26 00:00:00-04:00,66.0,66.9800033569336,65.7699966430664,65.91000366210938,42800,0.0,0.0
2022-09-27 00:00:00-04:00,66.70999908447266,66.7300033569336,64.5999984741211,65.30000305175781,44500,0.0,0.0
2022-09-28 00:00:00-04:00,64.87999725341797,67.45500183105469,64.87999725341797,66.83000183105469,42800,0.0,0.0
2022-09-29 00:00:00-04:00,65.7699966430664,65.7699966430664,64.55999755859375,65.55999755859375,37000,0.0,0.0
2022-09-30 00:00:00-04:00,65.02999877929688,66.55999755859375,64.26000213623047,64.36000061035156,59600,0.0,0.0
2022-10-03 00:00:00-04:00,64.94499969482422,66.62999725341797,64.94499969482422,66.16000366210938,33500,0.0,0.0
2022-10-04 00:00:00-04:00,67.37999725341797,68.48999786376953,67.2300033569336,67.91000366210938,51400,0.0,0.0
2022-10-05 00:00:00-04:00,66.91999816894531,67.5,66.01000213623047,66.25,31900,0.0,0.0
2022-10-06 00:00:00-04:00,65.13999938964844,65.9000015258789,64.0199966430664,64.70999908447266,65200,0.0,0.0
2022-10-07 00:00:00-04:00,64.01000213623047,64.01000213623047,62.970001220703125,63.41999816894531,44800,0.0,0.0
2022-10-10 00:00:00-04:00,63.65999984741211,63.81999969482422,62.65999984741211,63.13999938964844,40100,0.0,0.0
2022-10-11 00:00:00-04:00,63.04999923706055,64.86000061035156,62.58000183105469,64.16000366210938,68000,0.0,0.0
2022-10-12 00:00:00-04:00,63.81999969482422,65.30999755859375,63.22999954223633,64.66000366210938,44900,0.0,0.0
2022-10-13 00:00:00-04:00,63.33000183105469,67.70999908447266,62.93000030517578,67.62000274658203,48500,0.0,0.0
2022-10-14 00:00:00-04:00,68.2699966430664,68.2699966430664,65.77999877929688,65.95999908447266,56200,0.0,0.0
2022-10-17 00:00:00-04:00,67.62999725341797,67.83999633789062,65.87999725341797,67.01000213623047,60000,0.0,0.0
2022-10-18 00:00:00-04:00,68.19000244140625,68.19000244140625,63.720001220703125,64.1500015258789,81100,0.0,0.0
2022-10-19 00:00:00-04:00,64.19999694824219,64.3550033569336,62.380001068115234,63.79999923706055,86300,0.0,0.0
2022-10-20 00:00:00-04:00,64.20999908447266,64.69000244140625,59.470001220703125,59.939998626708984,106300,0.0,0.0
2022-10-21 00:00:00-04:00,62.459999084472656,62.5,59.290000915527344,60.529998779296875,153200,0.0,0.0
2022-10-24 00:00:00-04:00,60.70000076293945,62.79999923706055,60.099998474121094,61.689998626708984,91000,0.0,0.0
2022-10-25 00:00:00-04:00,61.529998779296875,64.72000122070312,61.529998779296875,64.16999816894531,89100,0.0,0.0
2022-10-26 00:00:00-04:00,63.81999969482422,64.88999938964844,63.5099983215332,64.30999755859375,55800,0.0,0.0
2022-10-27 00:00:00-04:00,64.73999786376953,65.4800033569336,64.1500015258789,64.43000030517578,69400,0.0,0.0
2022-10-28 00:00:00-04:00,64.41000366210938,66.62000274658203,64.09500122070312,66.62000274658203,97400,0.0,0.0
2022-10-31 00:00:00-04:00,66.0,66.62999725341797,65.30000305175781,66.0,86000,0.0,0.0
2022-11-01 00:00:00-04:00,66.38999938964844,66.8499984741211,65.66999816894531,66.43000030517578,49000,0.0,0.0
2022-11-02 00:00:00-04:00,66.0,67.55000305175781,65.875,66.37999725341797,78900,0.0,0.0
2022-11-03 00:00:00-04:00,66.0,66.88999938964844,65.5,66.55999755859375,46700,0.0,0.0
2022-11-04 00:00:00-04:00,66.87999725341797,68.77999877929688,66.77999877929688,68.62000274658203,39300,0.0,0.0
2022-11-07 00:00:00-05:00,68.70999908447266,68.70999908447266,67.1500015258789,68.47000122070312,40400,0.0,0.0
2022-11-08 00:00:00-05:00,68.69999694824219,70.27999877929688,67.0,67.41999816894531,95400,0.0,0.0
2022-11-09 00:00:00-05:00,66.87000274658203,67.46499633789062,66.19000244140625,66.81999969482422,64200,0.0,0.0
2022-11-10 00:00:00-05:00,69.19999694824219,71.95999908447266,69.19999694824219,71.30000305175781,50000,0.0,0.0
2022-11-11 00:00:00-05:00,71.33000183105469,71.98999786376953,69.9749984741211,70.81999969482422,66800,0.0,0.0
2022-11-14 00:00:00-05:00,70.05000305175781,70.94000244140625,69.43499755859375,70.37000274658203,51000,0.0,0.0
2022-11-15 00:00:00-05:00,70.80000305175781,71.80999755859375,70.80000305175781,71.55000305175781,41100,0.0,0.0
2022-11-16 00:00:00-05:00,71.33000183105469,71.41999816894531,70.38500213623047,70.81999969482422,50500,0.0,0.0
2022-11-17 00:00:00-05:00,70.1500015258789,70.19999694824219,68.33999633789062,68.94999694824219,98300,0.0,0.0
2022-11-18 00:00:00-05:00,70.30000305175781,70.30000305175781,66.26000213623047,67.27999877929688,74700,0.0,0.0
2022-11-21 00:00:00-05:00,66.81999969482422,68.0250015258789,66.5,67.9000015258789,46500,0.0,0.0
2022-11-22 00:00:00-05:00,68.08000183105469,68.1500015258789,67.41999816894531,67.63999938964844,30700,0.0,0.0
2022-11-23 00:00:00-05:00,67.33000183105469,67.7699966430664,66.33000183105469,66.62000274658203,18900,0.0,0.0
2022-11-25 00:00:00-05:00,66.58000183105469,68.0999984741211,66.58000183105469,67.43000030517578,16100,0.0,0.0
2022-11-28 00:00:00-05:00,67.1500015258789,67.1500015258789,64.91999816894531,65.41000366210938,52400,0.0,0.0
2022-11-29 00:00:00-05:00,65.2699966430664,66.09500122070312,65.09500122070312,65.56999969482422,32400,0.0,0.0
2022-11-30 00:00:00-05:00,65.37000274658203,65.37000274658203,62.90599822998047,63.540000915527344,170400,0.0,0.0
2022-12-01 00:00:00-05:00,64.30000305175781,64.30000305175781,61.6349983215332,62.709999084472656,114000,0.0,0.0
2022-12-02 00:00:00-05:00,62.540000915527344,63.03799819946289,61.29999923706055,61.4900016784668,88000,0.0,0.0
2022-12-05 00:00:00-05:00,61.0,61.27000045776367,55.90999984741211,57.0,195600,0.0,0.0
2022-12-06 00:00:00-05:00,57.0,57.5,55.29999923706055,56.40999984741211,123200,0.0,0.0
2022-12-07 00:00:00-05:00,56.45000076293945,56.95000076293945,55.349998474121094,55.900001525878906,123200,0.0,0.0
2022-12-08 00:00:00-05:00,56.130001068115234,56.86000061035156,55.11000061035156,56.34000015258789,140200,0.0,0.0
2022-12-09 00:00:00-05:00,56.150001525878906,57.560001373291016,56.0099983215332,57.4900016784668,80400,0.0,0.0
2022-12-12 00:00:00-05:00,57.29999923706055,60.42499923706055,57.119998931884766,60.16999816894531,121800,0.0,0.0
2022-12-13 00:00:00-05:00,61.040000915527344,61.040000915527344,56.11000061035156,56.150001525878906,169000,0.0,0.0
2022-12-14 00:00:00-05:00,55.900001525878906,56.900001525878906,55.685001373291016,56.22999954223633,97000,0.0,0.0
2022-12-15 00:00:00-05:00,55.290000915527344,56.25,54.470001220703125,54.689998626708984,134100,0.0,0.0
2022-12-16 00:00:00-05:00,54.11000061035156,55.52000045776367,53.66999816894531,55.5,229600,0.0,0.0
2022-12-19 00:00:00-05:00,55.380001068115234,56.060001373291016,55.04999923706055,55.599998474121094,93100,0.0,0.0
2022-12-20 00:00:00-05:00,55.83000183105469,56.470001220703125,55.64500045776367,55.95000076293945,89900,0.0,0.0
2022-12-21 00:00:00-05:00,56.72999954223633,57.26499938964844,56.40999984741211,56.619998931884766,60300,0.0,0.0
2022-12-22 00:00:00-05:00,56.41999816894531,56.5,55.130001068115234,56.43000030517578,45700,0.0,0.0
2022-12-23 00:00:00-05:00,56.650001525878906,57.959999084472656,56.41999816894531,57.849998474121094,61200,0.0,0.0
2022-12-27 00:00:00-05:00,57.779998779296875,58.7400016784668,57.345001220703125,57.77000045776367,54300,0.0,0.0
2022-12-28 00:00:00-05:00,57.970001220703125,58.2400016784668,57.380001068115234,57.599998474121094,34300,0.0,0.0
2022-12-29 00:00:00-05:00,57.7599983215332,58.619998931884766,57.22999954223633,58.31999969482422,45700,0.0,0.0
2022-12-30 00:00:00-05:00,58.15999984741211,59.040000915527344,58.060001373291016,58.66999816894531,58000,0.0,0.0
2023-01-03 00:00:00-05:00,58.619998931884766,58.810001373291016,57.27000045776367,58.0099983215332,59400,0.0,0.0
2023-01-04 00:00:00-05:00,58.689998626708984,59.689998626708984,58.52000045776367,58.779998779296875,39000,0.0,0.0
2023-01-05 00:00:00-05:00,57.29999923706055,57.29999923706055,55.97999954223633,56.119998931884766,65000,0.0,0.0
2023-01-06 00:00:00-05:00,55.97999954223633,58.25,55.97999954223633,58.22999954223633,69100,0.0,0.0
2023-01-09 00:00:00-05:00,58.630001068115234,59.27000045776367,57.81999969482422,59.119998931884766,51600,0.0,0.0
2023-01-10 00:00:00-05:00,58.56999969482422,59.689998626708984,58.310001373291016,58.970001220703125,57800,0.0,0.0
2023-01-11 00:00:00-05:00,59.08000183105469,59.33000183105469,57.959999084472656,58.31999969482422,60400,0.0,0.0
2023-01-12 00:00:00-05:00,58.65999984741211,61.040000915527344,58.06999969482422,60.79999923706055,42100,0.0,0.0
2023-01-13 00:00:00-05:00,59.959999084472656,60.31999969482422,58.880001068115234,59.29999923706055,84000,0.0,0.0
2023-01-17 00:00:00-05:00,59.81999969482422,59.849998474121094,58.86000061035156,59.25,61300,0.0,0.0
2023-01-18 00:00:00-05:00,59.43000030517578,59.43000030517578,58.58000183105469,58.91999816894531,52400,0.0,0.0
2023-01-19 00:00:00-05:00,58.939998626708984,59.2599983215332,57.86000061035156,59.11000061035156,48000,0.0,0.0
2023-01-20 00:00:00-05:00,60.20000076293945,60.5,56.560001373291016,57.13999938964844,89200,0.0,0.0
2023-01-23 00:00:00-05:00,56.65999984741211,57.04999923706055,55.11000061035156,56.380001068115234,102000,0.0,0.0
2023-01-24 00:00:00-05:00,56.130001068115234,57.779998779296875,55.845001220703125,56.779998779296875,59100,0.0,0.0
2023-01-25 00:00:00-05:00,56.34000015258789,57.939998626708984,55.92300033569336,57.630001068115234,159200,0.0,0.0
2023-01-26 00:00:00-05:00,58.06999969482422,59.36000061035156,56.189998626708984,58.970001220703125,192400,0.0,0.0
2023-01-27 00:00:00-05:00,58.810001373291016,60.2760009765625,58.77000045776367,59.040000915527344,179200,0.0,0.0
2023-01-30 00:00:00-05:00,58.939998626708984,59.650001525878906,57.10499954223633,58.970001220703125,182500,0.0,0.0
2023-01-31 00:00:00-05:00,59.16999816894531,59.709999084472656,58.619998931884766,59.380001068115234,84200,0.0,0.0
2023-02-01 00:00:00-05:00,59.54999923706055,59.58000183105469,57.20000076293945,58.349998474121094,104700,0.0,0.0
2023-02-02 00:00:00-05:00,58.9900016784668,59.939998626708984,58.650001525878906,59.08000183105469,88600,0.0,0.0
2023-02-03 00:00:00-05:00,58.77000045776367,60.13999938964844,58.66999816894531,59.15999984741211,53400,0.0,0.0
2023-02-06 00:00:00-05:00,59.02000045776367,59.33000183105469,57.75,58.790000915527344,80000,0.0,0.0
2023-02-07 00:00:00-05:00,58.25,59.29999923706055,57.55500030517578,58.849998474121094,69000,0.0,0.0
2023-02-08 00:00:00-05:00,58.439998626708984,59.709999084472656,58.34199905395508,58.95000076293945,77400,0.0,0.0
2023-02-09 00:00:00-05:00,59.400001525878906,60.0,58.189998626708984,58.189998626708984,74700,0.0,0.0
2023-02-10 00:00:00-05:00,58.130001068115234,58.31999969482422,57.3129997253418,57.720001220703125,91800,0.0,0.0
2023-02-13 00:00:00-05:00,57.52000045776367,59.09000015258789,57.470001220703125,58.939998626708984,43700,0.0,0.0
2023-02-14 00:00:00-05:00,58.959999084472656,59.119998931884766,57.630001068115234,58.119998931884766,70400,0.0,0.0
2023-02-15 00:00:00-05:00,57.849998474121094,60.70000076293945,57.75,60.61000061035156,64200,0.0,0.0
2023-02-16 00:00:00-05:00,59.95000076293945,61.02000045776367,59.33000183105469,60.209999084472656,87600,0.0,0.0
2023-02-17 00:00:00-05:00,60.65999984741211,60.65999984741211,58.720001220703125,58.9900016784668,70600,0.0,0.0
2023-02-21 00:00:00-05:00,58.56999969482422,58.900001525878906,56.619998931884766,57.279998779296875,52500,0.0,0.0
2023-02-22 00:00:00-05:00,57.290000915527344,57.84000015258789,56.25,56.849998474121094,128400,0.0,0.0
2023-02-23 00:00:00-05:00,57.0,57.27000045776367,55.900001525878906,56.0,83600,0.0,0.0
2023-02-24 00:00:00-05:00,55.84000015258789,55.97999954223633,55.11000061035156,55.79999923706055,58100,0.0,0.0
2023-02-27 00:00:00-05:00,56.0,56.619998931884766,55.6349983215332,55.97999954223633,85500,0.0,0.0
2023-02-28 00:00:00-05:00,56.0,56.369998931884766,55.54999923706055,55.810001373291016,127300,0.0,0.0
2023-03-01 00:00:00-05:00,55.650001525878906,55.93000030517578,55.040000915527344,55.90999984741211,90300,0.0,0.0
2023-03-02 00:00:00-05:00,55.209999084472656,55.7400016784668,54.90999984741211,55.529998779296875,62000,0.0,0.0
2023-03-03 00:00:00-05:00,55.880001068115234,56.0,55.29999923706055,55.91999816894531,97000,0.0,0.0
2023-03-06 00:00:00-05:00,55.970001220703125,56.25,55.2599983215332,55.38999938964844,95400,0.0,0.0
2023-03-07 00:00:00-05:00,55.099998474121094,55.099998474121094,53.974998474121094,54.27000045776367,70400,0.0,0.0
2023-03-08 00:00:00-05:00,54.22999954223633,54.90999984741211,53.75,54.7400016784668,67200,0.0,0.0
2023-03-09 00:00:00-05:00,54.540000915527344,54.540000915527344,50.36000061035156,50.369998931884766,137500,0.0,0.0
2023-03-10 00:00:00-05:00,48.04999923706055,48.52899932861328,42.86000061035156,43.7599983215332,546400,0.0,0.0
2023-03-13 00:00:00-04:00,30.139999389648438,30.139999389648438,13.979999542236328,24.600000381469727,3014600,0.0,0.0
2023-03-14 00:00:00-04:00,33.529998779296875,38.47999954223633,31.760000228881836,34.189998626708984,1771800,0.0,0.0
2023-03-15 00:00:00-04:00,30.790000915527344,39.612998962402344,30.649999618530273,39.310001373291016,742000,0.0,0.0
2023-03-16 00:00:00-04:00,38.70000076293945,41.91999816894531,35.13100051879883,39.790000915527344,417500,0.0,0.0
2023-03-17 00:00:00-04:00,38.16999816894531,38.28900146484375,34.2400016784668,35.630001068115234,581800,0.0,0.0
2023-03-20 00:00:00-04:00,36.290000915527344,37.689998626708984,32.939998626708984,35.31999969482422,240700,0.0,0.0
2023-03-21 00:00:00-04:00,36.54999923706055,39.36000061035156,36.54999923706055,37.869998931884766,211200,0.0,0.0
2023-03-22 00:00:00-04:00,38.0,38.0,34.84000015258789,34.90999984741211,163300,0.0,0.0
2023-03-23 00:00:00-04:00,35.279998779296875,36.189998626708984,33.29999923706055,34.310001373291016,255000,0.0,0.0
2023-03-24 00:00:00-04:00,33.540000915527344,36.25,33.540000915527344,35.779998779296875,199400,0.0,0.0
2023-03-27 00:00:00-04:00,36.77000045776367,38.29999923706055,36.52000045776367,37.209999084472656,129300,0.0,0.0
2023-03-28 00:00:00-04:00,37.13999938964844,37.44499969482422,36.0,36.810001373291016,158800,0.0,0.0
2023-03-29 00:00:00-04:00,37.16999816894531,37.22999954223633,34.93000030517578,35.02000045776367,282000,0.0,0.0
2023-03-30 00:00:00-04:00,35.02000045776367,35.02000045776367,22.049999237060547,25.360000610351562,6584500,0.0,0.0
2023-03-31 00:00:00-04:00,31.0,34.645999908447266,29.079999923706055,33.88999938964844,3300500,0.0,0.0
2023-04-03 00:00:00-04:00,33.099998474121094,33.4900016784668,29.600000381469727,30.8799991607666,993300,0.0,0.0
2023-04-04 00:00:00-04:00,30.31999969482422,30.690000534057617,27.93000030517578,28.770000457763672,721600,0.0,0.0
2023-04-05 00:00:00-04:00,27.450000762939453,28.0,25.780000686645508,27.639999389648438,586300,0.0,0.0
2023-04-06 00:00:00-04:00,27.540000915527344,29.915000915527344,26.84000015258789,29.450000762939453,626400,0.0,0.0
2023-04-10 00:00:00-04:00,28.450000762939453,29.90999984741211,28.08799934387207,29.309999465942383,367600,0.0,0.0
2023-04-11 00:00:00-04:00,29.6299991607666,30.290000915527344,29.25,29.579999923706055,227500,0.0,0.0
2023-04-12 00:00:00-04:00,29.719999313354492,30.25,28.700000762939453,28.850000381469727,176700,0.0,0.0
2023-04-13 00:00:00-04:00,29.239999771118164,31.329999923706055,28.76300048828125,30.469999313354492,248300,0.0,0.0
2023-04-14 00:00:00-04:00,31.049999237060547,31.75,29.440000534057617,29.75,280100,0.0,0.0
2023-04-17 00:00:00-04:00,29.139999389648438,31.299999237060547,28.5,31.15999984741211,296900,0.0,0.0
2023-04-18 00:00:00-04:00,31.280000686645508,31.530000686645508,30.225000381469727,30.799999237060547,294100,0.0,0.0
2023-04-19 00:00:00-04:00,35.220001220703125,37.5,33.439998626708984,36.279998779296875,1069200,0.0,0.0
2023-04-20 00:00:00-04:00,35.16999816894531,36.869998931884766,33.939998626708984,34.41999816894531,482700,0.0,0.0
2023-04-21 00:00:00-04:00,34.15999984741211,34.808998107910156,33.6150016784668,33.91999816894531,235400,0.0,0.0
2023-04-24 00:00:00-04:00,33.900001525878906,34.470001220703125,32.439998626708984,33.15999984741211,308700,0.0,0.0
2023-04-25 00:00:00-04:00,32.54999923706055,32.68000030517578,30.3700008392334,30.760000228881836,311400,0.0,0.0
2023-04-26 00:00:00-04:00,31.079999923706055,31.84000015258789,30.18000030517578,30.829999923706055,297800,0.0,0.0
2023-04-27 00:00:00-04:00,30.780000686645508,31.940000534057617,30.780000686645508,31.6299991607666,139600,0.0,0.0
2023-04-28 00:00:00-04:00,31.790000915527344,32.79999923706055,31.440000534057617,32.09000015258789,164300,0.0,0.0
2023-05-01 00:00:00-04:00,32.13999938964844,32.13999938964844,26.209999084472656,26.700000762939453,1425600,0.0,0.0
2023-05-02 00:00:00-04:00,25.709999084472656,26.0,19.389999389648438,21.239999771118164,2081500,0.0,0.0
2023-05-03 00:00:00-04:00,21.0,24.25,20.950000762939453,21.219999313354492,1383900,0.0,0.0
2023-05-04 00:00:00-04:00,19.649999618530273,21.698999404907227,15.75,19.860000610351562,2185100,0.0,0.0
2023-05-05 00:00:00-04:00,23.770000457763672,25.5,22.610000610351562,23.079999923706055,945700,0.0,0.0
2023-05-08 00:00:00-04:00,24.0,24.15999984741211,21.959999084472656,22.84000015258789,665200,0.0,0.0
2023-05-09 00:00:00-04:00,22.149999618530273,23.3799991607666,21.690000534057617,23.010000228881836,305400,0.0,0.0
2023-05-10 00:00:00-04:00,23.31999969482422,23.31999969482422,20.610000610351562,21.670000076293945,525300,0.0,0.0
2023-05-11 00:00:00-04:00,20.450000762939453,22.100000381469727,20.270000457763672,21.559999465942383,572500,0.0,0.0
2023-05-12 00:00:00-04:00,21.770000457763672,21.770000457763672,20.315000534057617,21.31999969482422,334500,0.0,0.0
2023-05-15 00:00:00-04:00,21.549999237060547,23.889999389648438,21.399999618530273,23.520000457763672,580800,0.0,0.0
2023-05-16 00:00:00-04:00,23.729999542236328,24.899999618530273,22.5049991607666,22.729999542236328,307800,0.0,0.0
2023-05-17 00:00:00-04:00,24.18000030517578,26.399999618530273,23.110000610351562,25.030000686645508,703500,0.0,0.0
2023-05-18 00:00:00-04:00,25.15999984741211,26.170000076293945,24.423999786376953,25.399999618530273,426300,0.0,0.0
2023-05-19 00:00:00-04:00,25.700000762939453,25.899999618530273,24.0,24.989999771118164,448300,0.0,0.0
2023-05-22 00:00:00-04:00,25.239999771118164,27.68000030517578,24.84000015258789,27.469999313354492,626500,0.0,0.0
2023-05-23 00:00:00-04:00,28.0,31.440000534057617,27.510000228881836,28.450000762939453,659000,0.0,0.0
2023-05-24 00:00:00-04:00,28.0,28.295000076293945,27.100000381469727,27.65999984741211,292300,0.0,0.0
2023-05-25 00:00:00-04:00,27.43000030517578,29.700000762939453,27.3799991607666,29.260000228881836,643500,0.0,0.0
2023-05-26 00:00:00-04:00,29.260000228881836,30.329999923706055,28.510000228881836,29.510000228881836,580400,0.0,0.0
2023-05-30 00:00:00-04:00,29.979999542236328,30.690000534057617,29.020000457763672,30.579999923706055,372500,0.0,0.0
2023-05-31 00:00:00-04:00,30.3700008392334,30.709999084472656,27.889999389648438,28.299999237060547,409000,0.0,0.0
2023-06-01 00:00:00-04:00,28.3799991607666,29.18000030517578,27.65999984741211,28.170000076293945,294200,0.0,0.0
2023-06-02 00:00:00-04:00,28.579999923706055,30.190000534057617,28.579999923706055,30.149999618530273,707200,0.0,0.0
2023-06-05 00:00:00-04:00,30.8700008392334,31.350000381469727,29.270000457763672,31.059999465942383,249600,0.0,0.0
2023-06-06 00:00:00-04:00,30.90999984741211,34.810001373291016,30.520000457763672,33.459999084472656,465800,0.0,0.0
2023-06-07 00:00:00-04:00,34.150001525878906,36.720001220703125,33.97999954223633,35.95000076293945,509700,0.0,0.0
2023-06-08 00:00:00-04:00,35.41999816894531,37.630001068115234,34.459999084472656,37.439998626708984,339100,0.0,0.0
2023-06-09 00:00:00-04:00,37.25,38.18000030517578,35.72999954223633,35.81999969482422,249700,0.0,0.0
2023-06-12 00:00:00-04:00,35.939998626708984,37.632999420166016,34.9379997253418,35.63999938964844,242100,0.0,0.0
2023-06-13 00:00:00-04:00,35.779998779296875,39.439998626708984,34.869998931884766,39.13999938964844,384900,0.0,0.0
2023-06-14 00:00:00-04:00,39.369998931884766,39.7599983215332,36.38999938964844,36.970001220703125,327900,0.0,0.0
2023-06-15 00:00:00-04:00,36.790000915527344,38.2400016784668,36.400001525878906,37.95000076293945,210700,0.0,0.0
2023-06-16 00:00:00-04:00,38.459999084472656,38.939998626708984,36.34000015258789,38.38999938964844,808400,0.0,0.0
2023-06-20 00:00:00-04:00,38.04999923706055,38.04999923706055,36.71500015258789,37.29999923706055,213400,0.0,0.0
2023-06-21 00:00:00-04:00,37.2599983215332,37.29999923706055,35.65999984741211,35.83000183105469,186900,0.0,0.0
2023-06-22 00:00:00-04:00,35.54999923706055,35.54999923706055,33.20000076293945,33.279998779296875,263200,0.0,0.0
2023-06-23 00:00:00-04:00,32.040000915527344,33.0,31.540000915527344,31.959999084472656,523900,0.0,0.0
2023-06-26 00:00:00-04:00,31.920000076293945,34.34000015258789,31.920000076293945,33.4900016784668,236600,0.0,0.0
2023-06-27 00:00:00-04:00,33.540000915527344,34.75,32.60599899291992,34.349998474121094,161700,0.0,0.0
2023-06-28 00:00:00-04:00,34.349998474121094,34.84000015258789,33.33000183105469,33.75,163800,0.0,0.0
2023-06-29 00:00:00-04:00,34.77000045776367,36.380001068115234,34.36000061035156,35.43000030517578,203600,0.0,0.0
2023-06-30 00:00:00-04:00,35.400001525878906,36.060001373291016,34.66999816894531,34.72999954223633,164800,0.0,0.0
2023-07-03 00:00:00-04:00,34.810001373291016,35.81999969482422,34.279998779296875,35.470001220703125,106200,0.0,0.0
2023-07-05 00:00:00-04:00,34.939998626708984,35.76499938964844,34.47999954223633,34.75,121200,0.0,0.0
2023-07-06 00:00:00-04:00,34.47999954223633,34.97999954223633,33.05699920654297,34.45000076293945,172600,0.0,0.0
2023-07-07 00:00:00-04:00,34.150001525878906,36.66899871826172,34.150001525878906,36.13999938964844,171700,0.0,0.0
2023-07-10 00:00:00-04:00,36.06999969482422,38.099998474121094,35.939998626708984,37.95000076293945,173100,0.0,0.0
2023-07-11 00:00:00-04:00,38.15999984741211,39.584999084472656,38.060001373291016,39.029998779296875,133400,0.0,0.0
2023-07-12 00:00:00-04:00,39.83000183105469,41.18000030517578,39.58000183105469,40.279998779296875,217600,0.0,0.0
2023-07-13 00:00:00-04:00,40.619998931884766,41.64500045776367,40.31999969482422,41.36000061035156,171300,0.0,0.0
2023-07-14 00:00:00-04:00,42.0,42.0,39.86000061035156,40.88999938964844,147900,0.0,0.0
2023-07-17 00:00:00-04:00,40.54999923706055,43.58000183105469,40.5,42.650001525878906,168900,0.0,0.0
2023-07-18 00:00:00-04:00,42.77000045776367,46.0099983215332,42.77000045776367,45.52000045776367,260200,0.0,0.0
2023-07-19 00:00:00-04:00,46.11000061035156,47.810001373291016,45.58000183105469,47.5099983215332,241000,0.0,0.0
2023-07-20 00:00:00-04:00,47.130001068115234,47.63999938964844,45.459999084472656,46.13999938964844,218800,0.0,0.0
2023-07-21 00:00:00-04:00,44.459999084472656,44.4900016784668,41.35499954223633,41.83000183105469,415800,0.0,0.0
2023-07-24 00:00:00-04:00,42.20000076293945,46.349998474121094,42.025001525878906,46.34000015258789,343900,0.0,0.0
2023-07-25 00:00:00-04:00,46.86000061035156,47.97999954223633,43.0099983215332,44.380001068115234,550700,0.0,0.0
2023-07-26 00:00:00-04:00,44.75,48.58000183105469,44.75,47.0,326800,0.0,0.0
2023-07-27 00:00:00-04:00,47.849998474121094,47.849998474121094,43.959999084472656,44.119998931884766,303800,0.0,0.0
2023-07-28 00:00:00-04:00,45.4900016784668,46.97999954223633,44.630001068115234,45.779998779296875,116400,0.0,0.0
2023-07-31 00:00:00-04:00,45.540000915527344,46.084999084472656,44.54999923706055,45.290000915527344,119800,0.0,0.0
2023-08-01 00:00:00-04:00,44.720001220703125,46.22999954223633,44.30500030517578,46.060001373291016,132900,0.0,0.0
2023-08-02 00:00:00-04:00,44.540000915527344,46.47999954223633,43.9900016784668,46.41999816894531,112300,0.0,0.0
2023-08-03 00:00:00-04:00,45.97999954223633,47.58000183105469,45.290000915527344,47.43000030517578,137500,0.0,0.0
2023-08-04 00:00:00-04:00,47.79999923706055,49.70000076293945,47.79999923706055,48.29999923706055,95400,0.0,0.0
2023-08-07 00:00:00-04:00,48.29999923706055,48.744998931884766,47.80500030517578,48.619998931884766,74200,0.0,0.0
2023-08-08 00:00:00-04:00,46.63999938964844,48.439998626708984,45.755001068115234,48.099998474121094,75400,0.0,0.0
2023-08-09 00:00:00-04:00,47.599998474121094,47.755001068115234,46.540000915527344,46.61000061035156,88500,0.0,0.0
2023-08-10 00:00:00-04:00,47.20000076293945,47.84000015258789,45.650001525878906,45.790000915527344,71600,0.0,0.0
2023-08-11 00:00:00-04:00,45.310001373291016,46.334999084472656,45.310001373291016,46.11000061035156,52900,0.0,0.0
2023-08-14 00:00:00-04:00,45.689998626708984,45.689998626708984,45.060001373291016,45.2400016784668,62400,0.0,0.0
2023-08-15 00:00:00-04:00,44.75,45.060001373291016,44.084999084472656,44.599998474121094,119900,0.0,0.0
2023-08-16 00:00:00-04:00,44.5,45.14899826049805,42.869998931884766,43.619998931884766,105500,0.0,0.0
2023-08-17 00:00:00-04:00,44.060001373291016,44.31999969482422,42.54999923706055,42.709999084472656,78700,0.0,0.0
2023-08-18 00:00:00-04:00,42.11000061035156,43.09000015258789,41.72999954223633,42.5,69200,0.0,0.0
2023-08-21 00:00:00-04:00,42.599998474121094,43.2400016784668,41.75,42.060001373291016,92200,0.0,0.0
2023-08-22 00:00:00-04:00,41.83000183105469,42.4900016784668,40.79499816894531,41.18000030517578,174300,0.0,0.0
2023-08-23 00:00:00-04:00,41.13999938964844,42.34000015258789,41.13999938964844,41.880001068115234,61200,0.0,0.0
2023-08-24 00:00:00-04:00,41.810001373291016,42.86000061035156,40.939998626708984,41.099998474121094,55900,0.0,0.0
2023-08-25 00:00:00-04:00,41.349998474121094,41.459999084472656,39.59000015258789,40.540000915527344,79000,0.0,0.0
2023-08-28 00:00:00-04:00,41.04999923706055,41.540000915527344,40.709999084472656,41.11000061035156,45500,0.0,0.0
2023-08-29 00:00:00-04:00,41.099998474121094,42.0099983215332,40.345001220703125,41.47999954223633,71000,0.0,0.0
2023-08-30 00:00:00-04:00,41.439998626708984,41.599998474121094,40.060001373291016,40.119998931884766,101500,0.0,0.0
2023-08-31 00:00:00-04:00,40.08000183105469,40.68000030517578,39.5,39.810001373291016,89200,0.0,0.0
2023-09-01 00:00:00-04:00,40.279998779296875,41.25,40.279998779296875,40.790000915527344,103000,0.0,0.0
2023-09-05 00:00:00-04:00,40.279998779296875,40.290000915527344,39.31999969482422,39.81999969482422,124300,0.0,0.0
2023-09-06 00:00:00-04:00,39.560001373291016,40.060001373291016,38.11000061035156,38.41999816894531,139300,0.0,0.0
2023-09-07 00:00:00-04:00,38.11000061035156,38.77000045776367,37.70000076293945,37.83000183105469,150800,0.0,0.0
2023-09-08 00:00:00-04:00,37.900001525878906,38.060001373291016,37.24399948120117,37.77000045776367,96900,0.0,0.0
2023-09-11 00:00:00-04:00,38.040000915527344,38.18000030517578,37.25,37.52000045776367,82800,0.0,0.0
2023-09-12 00:00:00-04:00,37.54999923706055,38.369998931884766,36.77399826049805,37.349998474121094,104600,0.0,0.0
2023-09-13 00:00:00-04:00,37.38999938964844,37.4900016784668,35.91999816894531,36.45000076293945,178100,0.0,0.0
2023-09-14 00:00:00-04:00,36.810001373291016,37.689998626708984,36.380001068115234,37.52000045776367,192700,0.0,0.0
2023-09-15 00:00:00-04:00,36.90999984741211,37.06999969482422,36.27000045776367,36.529998779296875,597100,0.0,0.0
2023-09-18 00:00:00-04:00,36.5099983215332,36.5099983215332,35.599998474121094,35.91999816894531,99900,0.0,0.0
2023-09-19 00:00:00-04:00,36.08000183105469,36.349998474121094,35.36000061035156,35.56999969482422,50900,0.0,0.0
2023-09-20 00:00:00-04:00,36.11000061035156,36.11000061035156,34.77000045776367,34.779998779296875,72600,0.0,0.0
2023-09-21 00:00:00-04:00,34.279998779296875,35.0,33.900001525878906,33.90999984741211,106400,0.0,0.0
2023-09-22 00:00:00-04:00,34.290000915527344,34.290000915527344,33.5,33.720001220703125,56200,0.0,0.0
2023-09-25 00:00:00-04:00,33.619998931884766,34.70000076293945,33.599998474121094,34.43000030517578,54700,0.0,0.0
2023-09-26 00:00:00-04:00,33.63999938964844,34.84000015258789,33.599998474121094,33.90999984741211,87300,0.0,0.0
2023-09-27 00:00:00-04:00,34.779998779296875,35.08000183105469,34.189998626708984,34.220001220703125,63300,0.0,0.0
2023-09-28 00:00:00-04:00,34.27000045776367,35.137001037597656,34.16999816894531,34.959999084472656,74900,0.0,0.0
2023-09-29 00:00:00-04:00,35.599998474121094,36.9900016784668,35.599998474121094,36.279998779296875,120600,0.0,0.0
2023-10-02 00:00:00-04:00,36.220001220703125,36.2599983215332,34.709999084472656,35.119998931884766,92700,0.0,0.0
2023-10-03 00:00:00-04:00,34.7400016784668,35.029998779296875,33.79999923706055,34.27000045776367,70100,0.0,0.0
2023-10-04 00:00:00-04:00,34.43000030517578,34.7599983215332,33.459999084472656,34.709999084472656,56600,0.0,0.0
2023-10-05 00:00:00-04:00,33.060001373291016,34.099998474121094,32.7400016784668,33.54999923706055,267500,0.0,0.0
2023-10-06 00:00:00-04:00,32.4900016784668,33.279998779296875,31.075000762939453,32.709999084472656,150600,0.0,0.0
2023-10-09 00:00:00-04:00,32.13999938964844,32.76900100708008,31.420000076293945,31.780000686645508,104300,0.0,0.0
2023-10-10 00:00:00-04:00,31.829999923706055,32.88999938964844,31.700000762939453,32.34000015258789,100100,0.0,0.0
2023-10-11 00:00:00-04:00,32.849998474121094,33.14500045776367,31.690000534057617,32.04999923706055,53600,0.0,0.0
2023-10-12 00:00:00-04:00,31.709999084472656,31.780000686645508,31.100000381469727,31.25,69600,0.0,0.0
2023-10-13 00:00:00-04:00,31.65999984741211,32.40800094604492,30.200000762939453,30.260000228881836,61100,0.0,0.0
2023-10-16 00:00:00-04:00,30.670000076293945,32.779998779296875,30.520000457763672,32.459999084472656,106900,0.0,0.0
2023-10-17 00:00:00-04:00,32.13999938964844,35.310001373291016,32.13999938964844,33.79999923706055,138900,0.0,0.0
2023-10-18 00:00:00-04:00,33.81999969482422,34.81999969482422,32.970001220703125,33.2400016784668,106700,0.0,0.0
2023-10-19 00:00:00-04:00,33.31999969482422,33.900001525878906,32.189998626708984,32.209999084472656,108000,0.0,0.0
2023-10-20 00:00:00-04:00,34.25,36.06999969482422,33.099998474121094,33.099998474121094,218100,0.0,0.0
2023-10-23 00:00:00-04:00,33.099998474121094,33.790000915527344,31.5,31.6200008392334,125400,0.0,0.0
2023-10-24 00:00:00-04:00,32.2599983215332,32.849998474121094,31.829999923706055,32.619998931884766,90600,0.0,0.0
2023-10-25 00:00:00-04:00,32.08000183105469,32.08000183105469,30.719999313354492,31.729999542236328,99200,0.0,0.0
2023-10-26 00:00:00-04:00,31.600000381469727,32.88999938964844,31.600000381469727,32.68000030517578,58600,0.0,0.0
2023-10-27 00:00:00-04:00,32.54999923706055,33.106998443603516,31.350000381469727,32.0099983215332,70900,0.0,0.0
2023-10-30 00:00:00-04:00,32.56999969482422,33.08000183105469,31.93000030517578,32.59000015258789,60500,0.0,0.0
2023-10-31 00:00:00-04:00,32.540000915527344,32.875,31.950000762939453,32.40999984741211,67900,0.0,0.0
2023-11-01 00:00:00-04:00,32.630001068115234,33.040000915527344,31.809999465942383,32.65999984741211,62200,0.0,0.0
2023-11-02 00:00:00-04:00,33.459999084472656,35.25,33.459999084472656,35.209999084472656,84800,0.0,0.0
2023-11-03 00:00:00-04:00,35.959999084472656,37.79999923706055,35.900001525878906,37.34000015258789,106500,0.0,0.0
2023-11-06 00:00:00-05:00,37.709999084472656,37.790000915527344,36.93000030517578,37.25,83800,0.0,0.0
2023-11-07 00:00:00-05:00,36.65999984741211,37.560001373291016,36.2599983215332,36.45000076293945,63700,0.0,0.0
2023-11-08 00:00:00-05:00,36.209999084472656,36.209999084472656,34.380001068115234,34.63999938964844,66600,0.0,0.0
2023-11-09 00:00:00-05:00,34.380001068115234,34.540000915527344,33.61000061035156,33.689998626708984,60900,0.0,0.0
2023-11-10 00:00:00-05:00,33.810001373291016,34.43000030517578,33.45000076293945,34.20000076293945,42200,0.0,0.0
2023-11-13 00:00:00-05:00,33.849998474121094,35.0,33.58000183105469,34.79999923706055,72900,0.0,0.0
2023-11-14 00:00:00-05:00,36.70000076293945,38.619998931884766,36.459999084472656,37.52000045776367,146900,0.0,0.0
2023-11-15 00:00:00-05:00,37.93000030517578,38.79999923706055,37.52000045776367,37.7599983215332,72400,0.0,0.0
2023-11-16 00:00:00-05:00,37.75,37.75,36.119998931884766,36.59000015258789,53300,0.0,0.0
2023-11-17 00:00:00-05:00,37.27000045776367,37.93000030517578,36.65999984741211,37.61000061035156,79400,0.0,0.0
2023-11-20 00:00:00-05:00,37.88999938964844,38.31999969482422,37.45000076293945,38.25,56200,0.0,0.0
2023-11-21 00:00:00-05:00,37.619998931884766,38.040000915527344,36.255001068115234,36.290000915527344,60400,0.0,0.0
2023-11-22 00:00:00-05:00,37.130001068115234,37.176998138427734,36.52000045776367,37.02000045776367,65400,0.0,0.0
2023-11-24 00:00:00-05:00,36.83000183105469,37.72999954223633,36.28799819946289,37.720001220703125,21800,0.0,0.0
2023-11-27 00:00:00-05:00,37.119998931884766,37.16999816894531,36.3849983215332,36.810001373291016,79900,0.0,0.0
2023-11-28 00:00:00-05:00,37.20000076293945,37.5,36.143001556396484,37.40999984741211,65000,0.0,0.0
2023-11-29 00:00:00-05:00,37.66999816894531,39.27000045776367,37.529998779296875,38.77000045776367,106300,0.0,0.0
2023-11-30 00:00:00-05:00,39.22999954223633,39.88999938964844,38.560001373291016,38.970001220703125,104200,0.0,0.0
2023-12-01 00:00:00-05:00,38.75,42.11000061035156,38.540000915527344,41.88999938964844,126800,0.0,0.0
2023-12-04 00:00:00-05:00,41.529998779296875,42.790000915527344,41.529998779296875,42.16999816894531,78000,0.0,0.0
2023-12-05 00:00:00-05:00,42.16999816894531,43.77000045776367,41.849998474121094,42.959999084472656,103700,0.0,0.0
2023-12-06 00:00:00-05:00,43.33000183105469,45.58000183105469,43.33000183105469,43.970001220703125,150600,0.0,0.0
2023-12-07 00:00:00-05:00,43.84000015258789,46.61000061035156,43.70000076293945,46.13999938964844,124600,0.0,0.0
2023-12-08 00:00:00-05:00,46.5,47.0,45.6150016784668,45.959999084472656,81500,0.0,0.0
2023-12-11 00:00:00-05:00,46.0,46.25,45.13999938964844,45.59000015258789,92500,0.0,0.0
2023-12-12 00:00:00-05:00,45.66999816894531,45.66999816894531,44.65999984741211,45.279998779296875,85100,0.0,0.0
2023-12-13 00:00:00-05:00,45.400001525878906,49.400001525878906,44.51499938964844,49.349998474121094,170400,0.0,0.0
2023-12-14 00:00:00-05:00,51.31999969482422,54.5,50.7400016784668,52.16999816894531,321500,0.0,0.0
2023-12-15 00:00:00-05:00,52.959999084472656,53.380001068115234,51.18000030517578,52.66999816894531,640500,0.0,0.0
2023-12-18 00:00:00-05:00,53.27000045776367,53.59400177001953,52.09000015258789,52.93000030517578,119900,0.0,0.0
2023-12-19 00:00:00-05:00,53.2400016784668,55.0,52.83000183105469,54.68000030517578,109100,0.0,0.0
2023-12-20 00:00:00-05:00,54.630001068115234,56.08000183105469,53.310001373291016,53.310001373291016,104900,0.0,0.0
2023-12-21 00:00:00-05:00,54.130001068115234,54.279998779296875,53.15999984741211,53.689998626708984,94800,0.0,0.0
2023-12-22 00:00:00-05:00,54.13999938964844,57.0,53.89500045776367,54.130001068115234,147500,0.0,0.0
2023-12-26 00:00:00-05:00,54.61000061035156,56.5099983215332,54.20000076293945,56.369998931884766,88900,0.0,0.0
2023-12-27 00:00:00-05:00,56.4900016784668,57.150001525878906,56.11000061035156,56.63999938964844,60100,0.0,0.0
2023-12-28 00:00:00-05:00,56.08000183105469,57.04499816894531,56.08000183105469,56.459999084472656,45700,0.0,0.0
2023-12-29 00:00:00-05:00,56.15999984741211,56.43000030517578,54.88999938964844,55.380001068115234,124500,0.0,0.0
2024-01-02 00:00:00-05:00,54.4900016784668,54.61000061035156,49.47999954223633,51.150001525878906,204000,0.0,0.0
2024-01-03 00:00:00-05:00,50.81999969482422,52.39699935913086,49.9900016784668,51.869998931884766,175200,0.0,0.0
2024-01-04 00:00:00-05:00,51.970001220703125,52.97999954223633,50.26499938964844,50.630001068115234,105300,0.0,0.0
2024-01-05 00:00:00-05:00,50.91999816894531,52.34000015258789,50.380001068115234,51.4900016784668,133200,0.0,0.0
2024-01-08 00:00:00-05:00,51.02000045776367,52.474998474121094,50.45000076293945,52.290000915527344,73900,0.0,0.0
2024-01-09 00:00:00-05:00,51.47999954223633,51.4900016784668,50.369998931884766,50.47999954223633,61500,0.0,0.0
2024-01-10 00:00:00-05:00,50.189998626708984,50.869998931884766,49.36000061035156,50.869998931884766,61900,0.0,0.0
2024-01-11 00:00:00-05:00,50.27000045776367,51.775001525878906,49.18000030517578,50.810001373291016,69600,0.0,0.0
2024-01-12 00:00:00-05:00,51.380001068115234,51.53499984741211,48.86000061035156,49.83000183105469,61500,0.0,0.0
2024-01-16 00:00:00-05:00,48.88999938964844,49.41999816894531,48.15999984741211,48.2400016784668,53100,0.0,0.0
2024-01-17 00:00:00-05:00,47.04999923706055,48.09000015258789,46.96500015258789,47.970001220703125,52700,0.0,0.0
2024-01-18 00:00:00-05:00,48.4900016784668,48.4900016784668,46.83000183105469,46.959999084472656,103200,0.0,0.0
2024-01-19 00:00:00-05:00,46.470001220703125,46.84000015258789,41.40999984741211,45.939998626708984,169500,0.0,0.0
2024-01-22 00:00:00-05:00,45.720001220703125,48.9900016784668,45.720001220703125,48.959999084472656,103600,0.0,0.0
2024-01-23 00:00:00-05:00,49.880001068115234,49.94499969482422,48.5,49.31999969482422,115200,0.0,0.0
2024-01-24 00:00:00-05:00,50.0,51.154998779296875,50.0,50.70000076293945,91100,0.0,0.0
2024-01-25 00:00:00-05:00,51.83000183105469,52.27000045776367,49.83000183105469,50.15999984741211,128900,0.0,0.0
2024-01-26 00:00:00-05:00,50.459999084472656,51.27000045776367,49.66999816894531,50.25,45800,0.0,0.0
2024-01-29 00:00:00-05:00,50.31999969482422,53.08000183105469,49.5099983215332,53.040000915527344,104200,0.0,0.0
2024-01-30 00:00:00-05:00,52.599998474121094,52.90999984741211,51.209999084472656,51.459999084472656,115300,0.0,0.0
2024-01-31 00:00:00-05:00,48.81999969482422,51.900001525878906,45.61000061035156,48.4900016784668,162600,0.0,0.0
2024-02-01 00:00:00-05:00,48.939998626708984,48.939998626708984,40.91999816894531,45.209999084472656,328000,0.0,0.0
2024-02-02 00:00:00-05:00,43.81999969482422,45.01499938964844,43.13999938964844,44.560001373291016,105200,0.0,0.0
2024-02-05 00:00:00-05:00,43.5,44.13999938964844,42.4739990234375,43.79999923706055,89700,0.0,0.0
2024-02-06 00:00:00-05:00,43.7400016784668,44.349998474121094,42.41999816894531,43.4900016784668,161900,0.0,0.0
2024-02-07 00:00:00-05:00,43.58000183105469,43.58000183105469,40.650001525878906,41.04999923706055,203000,0.0,0.0
2024-02-08 00:00:00-05:00,40.70000076293945,42.029998779296875,40.494998931884766,41.95000076293945,121000,0.0,0.0
2024-02-09 00:00:00-05:00,42.099998474121094,42.52000045776367,41.19599914550781,42.5,104100,0.0,0.0
2024-02-12 00:00:00-05:00,42.61000061035156,44.88999938964844,42.61000061035156,43.869998931884766,83800,0.0,0.0
2024-02-13 00:00:00-05:00,42.0099983215332,42.4900016784668,40.630001068115234,41.220001220703125,96900,0.0,0.0
2024-02-14 00:00:00-05:00,41.88999938964844,43.279998779296875,41.150001525878906,43.130001068115234,75500,0.0,0.0
2024-02-15 00:00:00-05:00,43.630001068115234,46.5,43.630001068115234,45.59000015258789,92600,0.0,0.0
2024-02-16 00:00:00-05:00,44.77000045776367,45.310001373291016,43.70899963378906,44.810001373291016,62700,0.0,0.0
2024-02-20 00:00:00-05:00,43.75,44.81999969482422,43.599998474121094,43.7400016784668,44000,0.0,0.0
2024-02-21 00:00:00-05:00,43.25,43.58000183105469,42.255001068115234,42.7400016784668,48100,0.0,0.0
2024-02-22 00:00:00-05:00,42.619998931884766,43.61000061035156,41.779998779296875,42.470001220703125,74400,0.0,0.0
2024-02-23 00:00:00-05:00,42.7400016784668,43.08000183105469,41.72999954223633,42.060001373291016,69900,0.0,0.0
2024-02-26 00:00:00-05:00,41.880001068115234,42.599998474121094,40.53099822998047,41.130001068115234,65000,0.0,0.0
2024-02-27 00:00:00-05:00,41.5099983215332,42.709999084472656,41.3650016784668,41.4900016784668,45000,0.0,0.0
2024-02-28 00:00:00-05:00,40.939998626708984,41.56999969482422,40.630001068115234,40.81999969482422,42800,0.0,0.0
2024-02-29 00:00:00-05:00,41.869998931884766,42.83100128173828,38.349998474121094,39.209999084472656,175500,0.0,0.0
2024-03-01 00:00:00-05:00,38.5099983215332,38.5099983215332,36.8849983215332,38.0,130000,0.0,0.0
2024-03-04 00:00:00-05:00,38.439998626708984,39.22999954223633,36.83000183105469,37.119998931884766,108300,0.0,0.0
2024-03-05 00:00:00-05:00,36.650001525878906,40.2400016784668,36.650001525878906,40.0099983215332,141500,0.0,0.0
2024-03-06 00:00:00-05:00,39.849998474121094,40.512001037597656,37.5,39.5,118000,0.0,0.0
2024-03-07 00:00:00-05:00,40.20000076293945,40.84000015258789,39.2599983215332,39.83000183105469,68500,0.0,0.0
2024-03-08 00:00:00-05:00,40.59000015258789,40.97999954223633,39.42100143432617,39.900001525878906,51200,0.0,0.0
2024-03-11 00:00:00-04:00,38.790000915527344,40.15999984741211,38.790000915527344,39.68000030517578,74900,0.0,0.0
2024-03-12 00:00:00-04:00,39.38999938964844,39.90999984741211,38.72999954223633,38.880001068115234,93400,0.0,0.0
2024-03-13 00:00:00-04:00,38.91999816894531,39.7400016784668,38.47999954223633,38.72999954223633,101400,0.0,0.0
2024-03-14 00:00:00-04:00,38.4900016784668,38.4900016784668,36.650001525878906,37.11000061035156,115200,0.0,0.0
2024-03-15 00:00:00-04:00,37.029998779296875,38.11000061035156,36.95000076293945,37.369998931884766,287800,0.0,0.0
2024-03-18 00:00:00-04:00,37.54999923706055,37.97999954223633,36.689998626708984,36.97999954223633,77200,0.0,0.0
2024-03-19 00:00:00-04:00,36.65999984741211,37.0,35.880001068115234,36.18000030517578,66800,0.0,0.0
2024-03-20 00:00:00-04:00,36.18000030517578,39.09000015258789,35.86000061035156,38.790000915527344,138300,0.0,0.0
2024-03-21 00:00:00-04:00,38.95000076293945,40.09000015258789,38.939998626708984,39.02000045776367,98800,0.0,0.0
2024-03-22 00:00:00-04:00,38.47999954223633,38.80500030517578,37.08000183105469,37.13999938964844,81900,0.0,0.0
2024-03-25 00:00:00-04:00,37.13999938964844,37.79999923706055,36.560001373291016,36.709999084472656,64000,0.0,0.0
2024-03-26 00:00:00-04:00,37.20000076293945,37.2400016784668,36.0,36.20000076293945,81600,0.0,0.0
2024-03-27 00:00:00-04:00,36.29999923706055,38.09000015258789,36.279998779296875,38.04999923706055,174600,0.0,0.0
2024-03-28 00:00:00-04:00,37.91999816894531,38.56999969482422,37.814998626708984,38.5,174200,0.0,0.0
2024-04-01 00:00:00-04:00,38.59000015258789,38.59000015258789,36.0099983215332,36.43000030517578,97300,0.0,0.0
2024-04-02 00:00:00-04:00,35.47999954223633,35.86000061035156,35.0,35.060001373291016,93700,0.0,0.0
2024-04-03 00:00:00-04:00,34.9900016784668,35.25,34.68000030517578,34.959999084472656,76300,0.0,0.0
2024-04-04 00:00:00-04:00,35.20000076293945,36.869998931884766,35.08000183105469,35.7400016784668,104100,0.0,0.0
2024-04-05 00:00:00-04:00,35.40999984741211,35.75,34.970001220703125,35.310001373291016,70900,0.0,0.0
2024-04-08 00:00:00-04:00,35.709999084472656,37.20500183105469,35.709999084472656,37.029998779296875,65500,0.0,0.0
2024-04-09 00:00:00-04:00,37.25,37.79999923706055,37.08000183105469,37.18000030517578,52800,0.0,0.0
2024-04-10 00:00:00-04:00,35.869998931884766,35.97100067138672,34.560001373291016,34.810001373291016,223700,0.0,0.0
2024-04-11 00:00:00-04:00,35.5,35.56999969482422,34.60499954223633,35.0,66900,0.0,0.0
2024-04-12 00:00:00-04:00,34.599998474121094,34.900001525878906,34.41999816894531,34.470001220703125,39700,0.0,0.0
2024-04-15 00:00:00-04:00,34.529998779296875,34.599998474121094,33.189998626708984,33.310001373291016,71800,0.0,0.0
2024-04-16 00:00:00-04:00,33.04999923706055,33.47999954223633,32.7400016784668,33.04999923706055,72400,0.0,0.0
2024-04-17 00:00:00-04:00,33.33000183105469,33.619998931884766,32.54999923706055,32.65999984741211,54600,0.0,0.0
2024-04-18 00:00:00-04:00,32.54999923706055,33.64400100708008,32.459999084472656,33.099998474121094,129400,0.0,0.0
2024-04-19 00:00:00-04:00,35.16999816894531,40.11000061035156,35.16999816894531,39.060001373291016,303500,0.0,0.0
2024-04-22 00:00:00-04:00,39.5,43.08000183105469,39.5,42.310001373291016,233800,0.0,0.0
2024-04-23 00:00:00-04:00,42.54999923706055,44.0,41.709999084472656,42.689998626708984,128200,0.0,0.0
2024-04-24 00:00:00-04:00,41.65999984741211,42.790000915527344,41.19499969482422,42.25,133100,0.0,0.0
2024-04-25 00:00:00-04:00,41.77000045776367,42.2400016784668,40.68000030517578,41.36000061035156,117700,0.0,0.0
2024-04-26 00:00:00-04:00,41.16999816894531,42.20000076293945,40.880001068115234,42.130001068115234,67500,0.0,0.0
2024-04-29 00:00:00-04:00,41.88999938964844,42.15999984741211,40.36000061035156,40.459999084472656,80600,0.0,0.0
2024-04-30 00:00:00-04:00,40.09000015258789,40.34000015258789,39.66999816894531,39.70000076293945,71000,0.0,0.0
2024-05-01 00:00:00-04:00,39.880001068115234,41.720001220703125,39.79999923706055,40.90999984741211,86900,0.0,0.0
2024-05-02 00:00:00-04:00,41.33000183105469,42.650001525878906,41.33000183105469,42.630001068115234,58500,0.0,0.0
2024-05-03 00:00:00-04:00,43.540000915527344,44.209999084472656,42.689998626708984,42.689998626708984,53300,0.0,0.0
2024-05-06 00:00:00-04:00,42.939998626708984,43.61000061035156,42.810001373291016,43.40999984741211,86200,0.0,0.0
2024-05-07 00:00:00-04:00,43.36000061035156,43.70000076293945,42.2400016784668,42.2400016784668,40400,0.0,0.0
2024-05-08 00:00:00-04:00,41.93000030517578,42.43000030517578,41.150001525878906,41.91999816894531,64600,0.0,0.0
2024-05-09 00:00:00-04:00,42.08000183105469,43.0,41.79999923706055,42.13999938964844,86700,0.0,0.0
2024-05-10 00:00:00-04:00,42.540000915527344,43.077999114990234,41.720001220703125,42.630001068115234,40300,0.0,0.0
2024-05-13 00:00:00-04:00,43.04999923706055,43.744998931884766,42.77000045776367,42.77000045776367,42300,0.0,0.0
2024-05-14 00:00:00-04:00,43.47999954223633,43.95000076293945,42.25,42.83000183105469,62700,0.0,0.0
2024-05-15 00:00:00-04:00,43.68000030517578,43.68000030517578,42.83000183105469,43.529998779296875,49300,0.0,0.0
2024-05-16 00:00:00-04:00,43.08000183105469,44.70000076293945,43.08000183105469,44.22999954223633,94500,0.0,0.0
2024-05-17 00:00:00-04:00,44.38999938964844,45.13999938964844,44.22999954223633,44.70000076293945,154800,0.0,0.0
2024-05-20 00:00:00-04:00,44.88999938964844,45.619998931884766,43.720001220703125,43.7400016784668,138500,0.0,0.0
2024-05-21 00:00:00-04:00,43.7400016784668,44.494998931884766,43.7400016784668,44.310001373291016,158800,0.0,0.0
2024-05-22 00:00:00-04:00,44.2400016784668,45.060001373291016,44.07500076293945,44.970001220703125,106100,0.0,0.0
2024-05-23 00:00:00-04:00,45.16999816894531,45.25,43.45000076293945,43.5,78200,0.0,0.0
2024-05-24 00:00:00-04:00,43.75,43.75,43.150001525878906,43.45000076293945,33500,0.0,0.0
2024-05-28 00:00:00-04:00,43.63999938964844,44.029998779296875,42.28300094604492,42.95000076293945,53700,0.0,0.0
2024-05-29 00:00:00-04:00,41.61000061035156,41.88999938964844,40.880001068115234,40.95000076293945,61100,0.0,0.0
2024-05-30 00:00:00-04:00,41.9900016784668,42.323001861572266,41.349998474121094,42.02000045776367,50300,0.0,0.0
2024-05-31 00:00:00-04:00,42.310001373291016,42.619998931884766,41.65999984741211,42.04999923706055,59800,0.0,0.0
2024-06-03 00:00:00-04:00,42.709999084472656,42.97999954223633,41.119998931884766,41.150001525878906,55000,0.0,0.0
2024-06-04 00:00:00-04:00,40.59000015258789,40.95000076293945,40.08000183105469,40.45000076293945,55000,0.0,0.0
2024-06-05 00:00:00-04:00,40.88999938964844,42.11000061035156,40.584999084472656,40.97999954223633,81700,0.0,0.0
2024-06-06 00:00:00-04:00,40.9900016784668,41.13999938964844,40.185001373291016,40.31999969482422,72300,0.0,0.0
2024-06-07 00:00:00-04:00,39.7599983215332,40.29999923706055,39.33000183105469,40.0,89500,0.0,0.0
2024-06-10 00:00:00-04:00,39.310001373291016,40.0,38.810001373291016,39.209999084472656,51100,0.0,0.0
2024-06-11 00:00:00-04:00,38.7599983215332,39.345001220703125,38.650001525878906,38.95000076293945,76500,0.0,0.0
2024-06-12 00:00:00-04:00,40.709999084472656,41.7400016784668,39.90999984741211,40.0,139000,0.0,0.0
2024-06-13 00:00:00-04:00,40.31999969482422,41.060001373291016,39.630001068115234,40.36000061035156,118500,0.0,0.0
2024-06-14 00:00:00-04:00,39.540000915527344,39.599998474121094,38.652000427246094,38.880001068115234,64200,0.0,0.0
2024-06-17 00:00:00-04:00,38.52000045776367,39.474998474121094,37.099998474121094,38.97999954223633,165400,0.0,0.0
2024-06-18 00:00:00-04:00,38.7400016784668,39.349998474121094,38.7400016784668,39.2400016784668,66300,0.0,0.0
2024-06-20 00:00:00-04:00,39.130001068115234,39.63999938964844,38.93000030517578,39.439998626708984,47400,0.0,0.0
2024-06-21 00:00:00-04:00,39.29999923706055,39.5099983215332,38.810001373291016,38.9900016784668,156100,0.0,0.0
2024-06-24 00:00:00-04:00,38.959999084472656,40.459999084472656,38.560001373291016,40.27000045776367,70400,0.0,0.0
2024-06-25 00:00:00-04:00,39.97999954223633,40.0099983215332,39.2599983215332,39.52000045776367,49400,0.0,0.0
2024-06-26 00:00:00-04:00,39.09000015258789,39.54499816894531,38.900001525878906,39.31999969482422,52500,0.0,0.0
2024-06-27 00:00:00-04:00,39.150001525878906,39.58000183105469,38.88999938964844,38.9900016784668,90200,0.0,0.0
2024-06-28 00:00:00-04:00,39.400001525878906,42.09000015258789,39.400001525878906,42.09000015258789,282100,0.0,0.0
2024-07-01 00:00:00-04:00,41.90999984741211,42.880001068115234,41.27000045776367,42.54999923706055,84100,0.0,0.0
2024-07-02 00:00:00-04:00,42.779998779296875,43.439998626708984,42.779998779296875,43.15999984741211,39200,0.0,0.0
2024-07-03 00:00:00-04:00,43.400001525878906,43.47999954223633,42.25,42.25,42000,0.0,0.0
2024-07-05 00:00:00-04:00,41.9900016784668,42.125,40.779998779296875,41.31999969482422,51400,0.0,0.0
2024-07-08 00:00:00-04:00,41.81999969482422,43.03799819946289,41.36000061035156,41.4900016784668,61400,0.0,0.0
2024-07-09 00:00:00-04:00,41.47999954223633,42.66999816894531,41.435001373291016,42.400001525878906,72600,0.0,0.0
2024-07-10 00:00:00-04:00,42.65999984741211,43.97999954223633,42.41600036621094,43.93000030517578,46900,0.0,0.0
2024-07-11 00:00:00-04:00,45.29999923706055,47.81999969482422,44.90999984741211,47.599998474121094,114900,0.0,0.0
2024-07-12 00:00:00-04:00,48.52000045776367,48.66999816894531,47.099998474121094,47.4900016784668,65000,0.0,0.0
2024-07-15 00:00:00-04:00,48.439998626708984,50.85300064086914,47.439998626708984,50.38999938964844,194100,0.0,0.0
2024-07-16 00:00:00-04:00,51.0099983215332,55.54999923706055,50.2400016784668,55.459999084472656,176900,0.0,0.0
2024-07-17 00:00:00-04:00,54.20000076293945,57.689998626708984,54.20000076293945,56.47999954223633,158800,0.0,0.0
2024-07-18 00:00:00-04:00,55.790000915527344,57.56999969482422,53.58000183105469,54.18000030517578,124500,0.0,0.0
2024-07-19 00:00:00-04:00,53.65999984741211,57.2599983215332,52.02000045776367,55.900001525878906,152300,0.0,0.0
2024-07-22 00:00:00-04:00,56.04999923706055,56.654998779296875,54.84000015258789,55.0,119800,0.0,0.0
2024-07-23 00:00:00-04:00,54.38999938964844,55.540000915527344,53.750999450683594,54.869998931884766,194100,0.0,0.0
2024-07-24 00:00:00-04:00,54.7599983215332,56.20000076293945,53.25,53.2599983215332,76400,0.0,0.0
2024-07-25 00:00:00-04:00,53.02000045776367,55.150001525878906,52.560001373291016,54.099998474121094,163700,0.0,0.0
2024-07-26 00:00:00-04:00,54.66999816894531,55.150001525878906,52.834999084472656,54.7400016784668,113600,0.0,0.0
2024-07-29 00:00:00-04:00,55.08000183105469,55.310001373291016,52.150001525878906,52.970001220703125,97500,0.0,0.0
2024-07-30 00:00:00-04:00,53.2599983215332,53.779998779296875,51.94499969482422,52.630001068115234,151800,0.0,0.0
2024-07-31 00:00:00-04:00,52.709999084472656,54.20000076293945,52.119998931884766,52.72999954223633,95200,0.0,0.0
2024-08-01 00:00:00-04:00,52.47999954223633,52.47999954223633,47.7599983215332,48.09000015258789,148700,0.0,0.0
2024-08-02 00:00:00-04:00,46.04999923706055,46.439998626708984,44.83000183105469,45.83000183105469,156600,0.0,0.0
2024-08-05 00:00:00-04:00,43.459999084472656,45.20000076293945,40.209999084472656,44.459999084472656,129200,0.0,0.0
2024-08-06 00:00:00-04:00,44.40999984741211,45.224998474121094,43.16999816894531,44.529998779296875,116600,0.0,0.0
2024-08-07 00:00:00-04:00,45.83000183105469,45.9900016784668,44.06999969482422,44.220001220703125,49300,0.0,0.0
2024-08-08 00:00:00-04:00,45.09000015258789,45.11000061035156,44.0,44.38999938964844,48400,0.0,0.0
2024-08-09 00:00:00-04:00,44.65999984741211,44.65999984741211,43.21500015258789,43.9900016784668,83400,0.0,0.0
2024-08-12 00:00:00-04:00,44.70000076293945,45.56999969482422,43.0,43.400001525878906,46000,0.0,0.0
2024-08-13 00:00:00-04:00,43.9900016784668,43.9900016784668,42.93000030517578,43.529998779296875,95000,0.0,0.0
2024-08-14 00:00:00-04:00,43.810001373291016,44.2400016784668,42.91999816894531,43.130001068115234,82100,0.0,0.0
2024-08-15 00:00:00-04:00,44.59000015258789,46.66999816894531,44.54600143432617,46.25,90500,0.0,0.0
2024-08-16 00:00:00-04:00,46.189998626708984,47.90999984741211,46.189998626708984,47.720001220703125,102400,0.0,0.0
2024-08-19 00:00:00-04:00,47.77000045776367,48.720001220703125,46.97999954223633,48.63999938964844,43300,0.0,0.0
2024-08-20 00:00:00-04:00,48.25,48.43000030517578,46.939998626708984,47.75,49400,0.0,0.0
2024-08-21 00:00:00-04:00,48.150001525878906,48.88999938964844,47.439998626708984,48.779998779296875,49700,0.0,0.0
2024-08-22 00:00:00-04:00,48.689998626708984,49.25,48.10499954223633,48.2599983215332,42300,0.0,0.0
2024-08-23 00:00:00-04:00,49.02000045776367,54.0,49.02000045776367,52.119998931884766,76700,0.0,0.0
2024-08-26 00:00:00-04:00,52.310001373291016,52.959999084472656,52.0,52.7599983215332,83200,0.0,0.0
2024-08-27 00:00:00-04:00,52.15999984741211,52.75,51.4900016784668,52.119998931884766,52100,0.0,0.0
2024-08-28 00:00:00-04:00,51.68000030517578,52.5,50.05500030517578,51.130001068115234,46700,0.0,0.0
2024-08-29 00:00:00-04:00,51.5,52.59000015258789,50.79999923706055,51.9900016784668,38700,0.0,0.0
2024-08-30 00:00:00-04:00,52.25,52.38999938964844,51.01499938964844,51.709999084472656,54500,0.0,0.0
2024-09-03 00:00:00-04:00,51.0,51.540000915527344,49.77000045776367,50.439998626708984,47900,0.0,0.0
2024-09-04 00:00:00-04:00,50.04999923706055,50.939998626708984,49.810001373291016,50.7400016784668,48700,0.0,0.0
2024-09-05 00:00:00-04:00,51.34000015258789,51.439998626708984,49.599998474121094,50.75,49900,0.0,0.0
2024-09-06 00:00:00-04:00,51.029998779296875,51.31999969482422,49.939998626708984,50.400001525878906,59500,0.0,0.0
2024-09-09 00:00:00-04:00,50.65999984741211,50.93000030517578,49.310001373291016,49.70000076293945,57400,0.0,0.0
2024-09-10 00:00:00-04:00,48.689998626708984,49.86000061035156,48.0,49.720001220703125,41700,0.0,0.0
2024-09-11 00:00:00-04:00,48.88999938964844,49.7400016784668,47.5,49.45000076293945,52600,0.0,0.0
2024-09-12 00:00:00-04:00,49.880001068115234,50.21500015258789,48.83000183105469,49.400001525878906,40300,0.0,0.0
2024-09-13 00:00:00-04:00,50.18000030517578,50.875,49.939998626708984,50.7400016784668,42300,0.0,0.0
2024-09-16 00:00:00-04:00,50.970001220703125,51.900001525878906,49.779998779296875,51.15999984741211,42100,0.0,0.0
2024-09-17 00:00:00-04:00,52.099998474121094,52.5,50.435001373291016,50.650001525878906,114600,0.0,0.0
2024-09-18 00:00:00-04:00,50.599998474121094,53.8489990234375,49.810001373291016,51.5,106700,0.0,0.0
2024-09-19 00:00:00-04:00,53.47999954223633,54.52000045776367,52.060001373291016,54.380001068115234,94800,0.0,0.0
2024-09-20 00:00:00-04:00,53.72999954223633,54.86000061035156,52.38999938964844,52.41999816894531,342300,0.0,0.0
2024-09-23 00:00:00-04:00,53.06999969482422,53.5099983215332,51.939998626708984,52.810001373291016,61800,0.0,0.0
2024-09-24 00:00:00-04:00,52.95000076293945,53.224998474121094,51.70000076293945,51.880001068115234,37700,0.0,0.0
2024-09-25 00:00:00-04:00,51.84000015258789,51.84000015258789,50.59000015258789,50.65999984741211,42600,0.0,0.0
2024-09-26 00:00:00-04:00,51.66999816894531,51.939998626708984,50.880001068115234,51.06999969482422,37700,0.0,0.0
2024-09-27 00:00:00-04:00,52.060001373291016,52.5,50.88999938964844,51.099998474121094,35700,0.0,0.0
2024-09-30 00:00:00-04:00,51.0,52.75,51.0,52.58000183105469,33800,0.0,0.0
2024-10-01 00:00:00-04:00,51.83000183105469,51.83000183105469,49.35100173950195,50.15999984741211,53600,0.0,0.0
2024-10-02 00:00:00-04:00,50.16999816894531,52.0099983215332,50.16999816894531,52.0,135700,0.0,0.0
2024-10-03 00:00:00-04:00,51.279998779296875,54.060001373291016,51.279998779296875,53.880001068115234,105500,0.0,0.0
2024-10-04 00:00:00-04:00,55.06999969482422,55.70000076293945,53.29999923706055,53.630001068115234,76600,0.0,0.0
2024-10-07 00:00:00-04:00,53.47999954223633,53.81999969482422,52.7599983215332,53.79999923706055,30900,0.0,0.0
2024-10-08 00:00:00-04:00,54.09000015258789,54.5099983215332,53.0,53.56999969482422,55000,0.0,0.0
2024-10-09 00:00:00-04:00,53.2599983215332,55.22999954223633,53.2599983215332,54.20000076293945,43600,0.0,0.0
2024-10-10 00:00:00-04:00,53.54999923706055,55.2400016784668,52.599998474121094,54.61000061035156,92300,0.0,0.0
2024-10-11 00:00:00-04:00,55.11000061035156,57.2140007019043,55.11000061035156,56.029998779296875,91600,0.0,0.0
2024-10-14 00:00:00-04:00,56.0099983215332,57.665000915527344,56.0099983215332,57.290000915527344,29100,0.0,0.0
2024-10-15 00:00:00-04:00,57.77000045776367,60.29999923706055,57.66999816894531,58.9900016784668,211800,0.0,0.0
2024-10-16 00:00:00-04:00,59.54999923706055,61.0,58.63999938964844,60.41999816894531,160400,0.0,0.0
2024-10-17 00:00:00-04:00,60.41999816894531,62.9900016784668,59.597999572753906,62.529998779296875,132200,0.0,0.0
2024-10-18 00:00:00-04:00,63.0,64.0999984741211,58.310001373291016,58.310001373291016,227200,0.0,0.0
2024-10-21 00:00:00-04:00,57.91999816894531,57.91999816894531,55.487998962402344,55.93000030517578,107400,0.0,0.0
2024-10-22 00:00:00-04:00,55.9900016784668,56.16999816894531,55.0099983215332,55.61000061035156,56900,0.0,0.0
2024-10-23 00:00:00-04:00,55.130001068115234,55.66999816894531,54.310001373291016,54.970001220703125,30600,0.0,0.0
2024-10-24 00:00:00-04:00,54.939998626708984,55.03300094604492,53.52000045776367,54.119998931884766,89800,0.0,0.0
2024-10-25 00:00:00-04:00,54.93000030517578,54.93000030517578,52.54999923706055,52.779998779296875,37900,0.0,0.0
2024-10-28 00:00:00-04:00,53.709999084472656,56.34000015258789,53.68000030517578,56.209999084472656,50600,0.0,0.0
2024-10-29 00:00:00-04:00,55.70000076293945,56.18899917602539,54.040000915527344,54.04999923706055,63200,0.0,0.0
2024-10-30 00:00:00-04:00,54.20000076293945,57.06999969482422,54.20000076293945,55.47999954223633,70200,0.0,0.0
2024-10-31 00:00:00-04:00,55.849998474121094,55.849998474121094,53.41999816894531,53.5,42200,0.0,0.0
2024-11-01 00:00:00-04:00,54.279998779296875,55.27000045776367,52.72999954223633,53.22999954223633,54000,0.0,0.0
2024-11-04 00:00:00-05:00,52.63999938964844,53.81999969482422,52.2599983215332,53.150001525878906,53600,0.0,0.0
2024-11-05 00:00:00-05:00,53.310001373291016,54.73099899291992,53.1150016784668,54.369998931884766,48500,0.0,0.0
2024-11-06 00:00:00-05:00,58.90999984741211,63.90999984741211,58.90999984741211,62.84000015258789,308800,0.0,0.0
2024-11-07 00:00:00-05:00,62.52000045776367,62.75,59.66600036621094,61.310001373291016,117300,0.0,0.0
2024-11-08 00:00:00-05:00,62.0,62.86000061035156,61.56999969482422,61.88999938964844,70900,0.0,0.0
2024-11-11 00:00:00-05:00,63.20000076293945,65.55000305175781,63.064998626708984,64.26000213623047,82400,0.0,0.0
2024-11-12 00:00:00-05:00,63.150001525878906,65.43000030517578,62.959999084472656,64.69999694824219,113500,0.0,0.0
2024-11-13 00:00:00-05:00,65.87000274658203,66.58999633789062,64.01499938964844,65.19000244140625,104300,0.0,0.0
2024-11-14 00:00:00-05:00,65.38999938964844,66.1500015258789,64.0,64.91999816894531,101400,0.0,0.0
2024-11-15 00:00:00-05:00,65.23999786376953,65.33799743652344,63.150001525878906,64.51000213623047,58000,0.0,0.0
2024-11-18 00:00:00-05:00,64.0999984741211,66.03800201416016,63.79499816894531,64.01000213623047,84000,0.0,0.0
2024-11-19 00:00:00-05:00,63.060001373291016,63.974998474121094,62.2599983215332,63.25,47000,0.0,0.0
2024-11-20 00:00:00-05:00,62.66999816894531,63.154998779296875,61.845001220703125,62.560001373291016,99900,0.0,0.0
2024-11-21 00:00:00-05:00,63.13999938964844,64.12000274658203,62.41999816894531,63.150001525878906,84800,0.0,0.0
2024-11-22 00:00:00-05:00,64.08999633789062,67.3499984741211,63.61000061035156,66.5199966430664,165500,0.0,0.0
2024-11-25 00:00:00-05:00,67.63999938964844,69.55999755859375,67.30000305175781,67.30000305175781,191600,0.0,0.0
2024-11-26 00:00:00-05:00,67.30000305175781,68.29499816894531,66.16000366210938,66.26000213623047,59300,0.0,0.0
2024-11-27 00:00:00-05:00,66.79000091552734,69.12000274658203,66.70999908447266,67.29000091552734,59700,0.0,0.0
2024-11-29 00:00:00-05:00,68.0999984741211,68.0999984741211,64.94000244140625,64.94000244140625,57200,0.0,0.0
2024-12-02 00:00:00-05:00,65.05999755859375,67.19999694824219,64.49500274658203,65.9800033569336,81800,0.0,0.0
2024-12-03 00:00:00-05:00,65.68000030517578,66.86000061035156,62.93000030517578,63.9900016784668,77300,0.0,0.0
2024-12-04 00:00:00-05:00,64.12000274658203,67.0999984741211,64.12000274658203,66.69000244140625,87400,0.0,0.0
2024-12-05 00:00:00-05:00,66.62000274658203,67.3499984741211,65.5199966430664,65.55000305175781,44300,0.0,0.0
2024-12-06 00:00:00-05:00,65.81999969482422,66.5999984741211,63.630001068115234,65.44999694824219,41000,0.0,0.0
2024-12-09 00:00:00-05:00,65.55000305175781,66.02999877929688,64.70500183105469,64.95999908447266,69600,0.0,0.0
2024-12-10 00:00:00-05:00,65.2300033569336,66.98500061035156,64.51000213623047,65.5,89700,0.0,0.0
2024-12-11 00:00:00-05:00,66.2300033569336,68.47000122070312,65.43000030517578,66.41999816894531,109600,0.0,0.0
2024-12-12 00:00:00-05:00,65.94999694824219,66.90499877929688,65.05000305175781,65.56999969482422,59600,0.0,0.0
2024-12-13 00:00:00-05:00,65.58000183105469,65.58999633789062,64.5,65.0,53400,0.0,0.0
2024-12-16 00:00:00-05:00,65.33000183105469,66.33999633789062,64.0199966430664,65.91000366210938,44300,0.0,0.0
2024-12-17 00:00:00-05:00,65.8499984741211,66.31999969482422,62.72999954223633,62.880001068115234,68600,0.0,0.0
2024-12-18 00:00:00-05:00,63.68000030517578,65.34500122070312,58.82500076293945,58.90999984741211,76600,0.0,0.0
2024-12-19 00:00:00-05:00,59.91999816894531,62.40999984741211,58.119998931884766,58.47999954223633,70900,0.0,0.0
2024-12-20 00:00:00-05:00,57.84000015258789,60.5,57.5099983215332,59.16999816894531,185900,0.0,0.0
2024-12-23 00:00:00-05:00,58.56999969482422,59.51499938964844,58.470001220703125,59.33000183105469,54600,0.0,0.0
2024-12-24 00:00:00-05:00,59.16999816894531,59.45000076293945,57.959999084472656,59.45000076293945,35300,0.0,0.0
2024-12-26 00:00:00-05:00,59.15999984741211,59.84000015258789,58.40999984741211,59.52000045776367,34300,0.0,0.0
2024-12-27 00:00:00-05:00,58.939998626708984,59.599998474121094,57.709999084472656,58.15999984741211,45300,0.0,0.0
2024-12-30 00:00:00-05:00,57.849998474121094,58.72100067138672,57.5,58.099998474121094,88300,0.0,0.0
2024-12-31 00:00:00-05:00,58.369998931884766,59.040000915527344,57.095001220703125,58.400001525878906,70300,0.0,0.0
2025-01-02 00:00:00-05:00,58.88999938964844,60.11000061035156,57.11199951171875,58.09000015258789,81800,0.0,0.0
2025-01-03 00:00:00-05:00,58.0,59.5,57.400001525878906,59.5,65700,0.0,0.0
2025-01-06 00:00:00-05:00,59.599998474121094,60.849998474121094,59.040000915527344,59.220001220703125,61500,0.0,0.0
2025-01-07 00:00:00-05:00,59.220001220703125,59.63999938964844,57.400001525878906,58.279998779296875,85900,0.0,0.0
2025-01-08 00:00:00-05:00,57.84000015258789,58.09000015258789,56.7599983215332,56.880001068115234,112200,0.0,0.0
2025-01-10 00:00:00-05:00,55.40999984741211,56.4900016784668,54.84000015258789,56.34000015258789,81800,0.0,0.0
2025-01-13 00:00:00-05:00,56.099998474121094,57.547000885009766,56.099998474121094,57.52000045776367,63600,0.0,0.0
2025-01-14 00:00:00-05:00,57.93000030517578,59.470001220703125,57.888999938964844,59.43000030517578,76800,0.0,0.0
2025-01-15 00:00:00-05:00,61.880001068115234,63.0,60.20000076293945,61.31999969482422,65200,0.0,0.0
2025-01-16 00:00:00-05:00,60.709999084472656,60.900001525878906,59.459999084472656,60.47999954223633,62100,0.0,0.0
2025-01-17 00:00:00-05:00,61.060001373291016,61.68000030517578,60.369998931884766,61.0,82400,0.0,0.0
2025-01-21 00:00:00-05:00,61.5,63.275001525878906,60.91999816894531,61.349998474121094,139900,0.0,0.0
2025-01-22 00:00:00-05:00,61.400001525878906,61.63999938964844,59.95000076293945,60.349998474121094,105300,0.0,0.0
2025-01-23 00:00:00-05:00,60.0099983215332,61.89500045776367,60.0099983215332,60.97999954223633,110200,0.0,0.0
2025-01-24 00:00:00-05:00,63.290000915527344,68.01499938964844,63.099998474121094,65.79000091552734,195500,0.0,0.0
2025-01-27 00:00:00-05:00,65.98999786376953,67.16999816894531,62.59000015258789,64.3499984741211,116200,0.0,0.0
2025-01-28 00:00:00-05:00,63.7400016784668,65.7300033569336,63.7400016784668,64.66000366210938,98300,0.0,0.0
2025-01-29 00:00:00-05:00,64.12000274658203,65.47000122070312,63.31999969482422,64.16999816894531,110000,0.0,0.0
2025-01-30 00:00:00-05:00,64.87000274658203,65.23500061035156,63.33000183105469,64.13999938964844,74100,0.0,0.0
2025-01-31 00:00:00-05:00,63.90999984741211,65.30999755859375,63.32500076293945,64.12999725341797,59100,0.0,0.0
2025-02-03 00:00:00-05:00,62.22999954223633,63.2599983215332,61.11399841308594,61.88999938964844,91200,0.0,0.0
2025-02-04 00:00:00-05:00,61.34000015258789,64.45999908447266,61.34000015258789,64.44999694824219,67800,0.0,0.0
2025-02-05 00:00:00-05:00,64.58999633789062,64.87999725341797,62.73500061035156,64.75,59700,0.0,0.0
2025-02-06 00:00:00-05:00,64.79000091552734,65.58000183105469,64.06999969482422,65.45999908447266,55700,0.0,0.0
2025-02-07 00:00:00-05:00,65.62000274658203,66.28500366210938,63.349998474121094,63.66999816894531,77200,0.0,0.0
2025-02-10 00:00:00-05:00,63.58000183105469,66.08999633789062,62.59000015258789,62.779998779296875,70900,0.0,0.0
2025-02-11 00:00:00-05:00,62.130001068115234,64.05000305175781,62.130001068115234,63.79999923706055,45100,0.0,0.0
2025-02-12 00:00:00-05:00,61.810001373291016,63.150001525878906,61.09000015258789,62.369998931884766,66600,0.0,0.0
2025-02-13 00:00:00-05:00,62.88999938964844,62.88999938964844,61.244998931884766,62.72999954223633,34700,0.0,0.0
2025-02-14 00:00:00-05:00,63.0,64.04900360107422,61.45000076293945,61.88999938964844,33300,0.0,0.0
2025-02-18 00:00:00-05:00,61.56999969482422,62.290000915527344,61.029998779296875,61.97999954223633,48800,0.0,0.0
2025-02-19 00:00:00-05:00,61.11000061035156,62.4900016784668,61.11000061035156,62.08000183105469,36300,0.0,0.0
2025-02-20 00:00:00-05:00,62.0,62.0,59.790000915527344,61.380001068115234,58100,0.0,0.0
2025-02-21 00:00:00-05:00,62.45000076293945,62.75,59.0,59.41999816894531,85100,0.0,0.0
2025-02-24 00:00:00-05:00,59.630001068115234,59.652000427246094,58.16999816894531,58.18000030517578,42100,0.0,0.0
2025-02-25 00:00:00-05:00,58.45000076293945,59.05500030517578,57.04999923706055,57.90999984741211,115300,0.0,0.0
2025-02-26 00:00:00-05:00,57.72999954223633,58.939998626708984,57.5,58.939998626708984,67600,0.0,0.0
2025-02-27 00:00:00-05:00,58.790000915527344,61.77000045776367,58.310001373291016,61.209999084472656,170800,0.0,0.0
2025-02-28 00:00:00-05:00,61.18000030517578,61.82600021362305,59.54499816894531,60.43000030517578,113400,0.0,0.0
2025-03-03 00:00:00-05:00,61.0,61.86000061035156,58.709999084472656,59.58000183105469,107300,0.0,0.0
2025-03-04 00:00:00-05:00,58.88999938964844,60.400001525878906,57.358001708984375,59.5099983215332,189400,0.0,0.0
2025-03-05 00:00:00-05:00,59.470001220703125,60.060001373291016,57.334999084472656,58.45000076293945,82900,0.0,0.0
2025-03-06 00:00:00-05:00,58.13999938964844,58.13999938964844,56.08000183105469,56.650001525878906,106500,0.0,0.0
2025-03-07 00:00:00-05:00,56.18000030517578,56.65999984741211,54.1879997253418,55.9900016784668,110700,0.0,0.0
2025-03-10 00:00:00-04:00,55.08000183105469,55.5,52.25600051879883,52.529998779296875,77700,0.0,0.0
2025-03-11 00:00:00-04:00,53.02000045776367,53.790000915527344,51.959999084472656,52.970001220703125,89700,0.0,0.0
2025-03-12 00:00:00-04:00,53.130001068115234,53.9900016784668,52.654998779296875,52.72999954223633,79900,0.0,0.0
2025-03-13 00:00:00-04:00,53.93000030517578,54.5,52.779998779296875,53.0,221100,0.0,0.0
2025-03-14 00:00:00-04:00,53.540000915527344,54.720001220703125,53.34000015258789,54.68000030517578,362300,0.0,0.0
2025-03-17 00:00:00-04:00,54.91999816894531,55.619998931884766,54.224998474121094,55.119998931884766,152700,0.0,0.0
2025-03-18 00:00:00-04:00,54.970001220703125,55.525001525878906,54.119998931884766,55.13999938964844,86900,0.0,0.0
2025-03-19 00:00:00-04:00,55.349998474121094,56.209999084472656,54.5,55.560001373291016,110300,0.0,0.0
2025-03-20 00:00:00-04:00,54.630001068115234,56.70000076293945,54.630001068115234,55.13999938964844,79400,0.0,0.0
2025-03-21 00:00:00-04:00,54.7599983215332,55.34000015258789,54.31999969482422,55.130001068115234,149100,0.0,0.0
2025-03-24 00:00:00-04:00,56.25,56.959999084472656,55.79999923706055,56.810001373291016,60800,0.0,0.0
2025-03-25 00:00:00-04:00,56.560001373291016,57.369998931884766,56.54999923706055,56.70000076293945,90800,0.0,0.0
2025-03-26 00:00:00-04:00,57.11000061035156,58.525001525878906,56.880001068115234,57.22999954223633,103100,0.0,0.0
2025-03-27 00:00:00-04:00,56.970001220703125,57.584999084472656,56.65999984741211,57.060001373291016,96500,0.0,0.0
2025-03-28 00:00:00-04:00,56.54999923706055,57.29999923706055,55.35499954223633,55.61000061035156,162100,0.0,0.0
2025-03-31 00:00:00-04:00,54.5,56.41999816894531,54.40999984741211,55.9900016784668,151200,0.0,0.0
2025-04-01 00:00:00-04:00,55.650001525878906,56.11000061035156,54.68000030517578,55.34000015258789,91000,0.0,0.0
2025-04-02 00:00:00-04:00,54.43000030517578,56.63999938964844,54.43000030517578,56.470001220703125,118700,0.0,0.0
2025-04-03 00:00:00-04:00,54.220001220703125,54.48400115966797,50.619998931884766,50.63999938964844,149900,0.0,0.0
2025-04-04 00:00:00-04:00,48.0099983215332,49.7400016784668,47.08000183105469,49.290000915527344,209700,0.0,0.0
2025-04-07 00:00:00-04:00,47.38999938964844,52.13999938964844,47.099998474121094,49.15999984741211,134600,0.0,0.0
2025-04-08 00:00:00-04:00,51.13999938964844,51.95000076293945,48.31999969482422,48.93000030517578,139400,0.0,0.0
2025-04-09 00:00:00-04:00,48.380001068115234,53.75,47.25,52.33000183105469,189700,0.0,0.0
2025-04-10 00:00:00-04:00,50.880001068115234,50.900001525878906,48.369998931884766,49.5,135500,0.0,0.0
2025-04-11 00:00:00-04:00,49.0099983215332,50.65800094604492,47.84000015258789,49.5099983215332,97100,0.0,0.0
