Date,Open,High,Low,Close,Volume,Dividends,Stock Splits
2012-10-05 00:00:00+08:00,2.172747850418091,2.172747850418091,2.172747850418091,2.172747850418091,0,0.0,0.0
2012-10-08 00:00:00+08:00,2.172747850418091,2.172747850418091,2.172747850418091,2.172747850418091,0,0.0,0.0
2012-10-09 00:00:00+08:00,2.172747850418091,2.172747850418091,2.172747850418091,2.172747850418091,0,0.0,0.0
2012-10-11 00:00:00+08:00,2.172747850418091,2.172747850418091,2.172747850418091,2.172747850418091,0,0.0,0.0
2012-10-12 00:00:00+08:00,2.172747850418091,2.172747850418091,2.172747850418091,2.172747850418091,0,0.0,0.0
2012-10-15 00:00:00+08:00,2.172747850418091,2.172747850418091,2.172747850418091,2.172747850418091,0,0.0,0.0
2012-10-16 00:00:00+08:00,2.172747850418091,2.172747850418091,2.172747850418091,2.172747850418091,0,0.0,0.0
2012-10-17 00:00:00+08:00,2.172747850418091,2.172747850418091,2.172747850418091,2.172747850418091,0,0.0,0.0
2012-10-18 00:00:00+08:00,2.172747850418091,2.172747850418091,2.172747850418091,2.172747850418091,0,0.0,0.0
2012-10-19 00:00:00+08:00,2.172747850418091,2.172747850418091,2.172747850418091,2.172747850418091,0,0.0,0.0
2012-10-22 00:00:00+08:00,2.172747850418091,2.172747850418091,2.172747850418091,2.172747850418091,0,0.0,0.0
2012-10-23 00:00:00+08:00,2.172747850418091,2.172747850418091,2.172747850418091,2.172747850418091,0,0.0,0.0
2012-10-24 00:00:00+08:00,2.172747850418091,2.172747850418091,2.172747850418091,2.172747850418091,0,0.0,0.0
2012-10-25 00:00:00+08:00,2.172747850418091,2.172747850418091,2.172747850418091,2.172747850418091,0,0.0,0.0
2012-10-26 00:00:00+08:00,2.172747850418091,2.172747850418091,2.172747850418091,2.172747850418091,0,0.0,0.0
2012-10-29 00:00:00+08:00,2.172747850418091,2.172747850418091,2.172747850418091,2.172747850418091,0,0.0,0.0
2012-10-30 00:00:00+08:00,2.172747850418091,2.172747850418091,2.172747850418091,2.172747850418091,0,0.0,0.0
2012-10-31 00:00:00+08:00,2.172747850418091,2.172747850418091,2.172747850418091,2.172747850418091,0,0.0,0.0
2012-11-01 00:00:00+08:00,2.172747850418091,2.172747850418091,2.172747850418091,2.172747850418091,0,0.0,0.0
2012-11-02 00:00:00+08:00,2.172747850418091,2.172747850418091,2.172747850418091,2.172747850418091,0,0.0,0.0
2012-11-05 00:00:00+08:00,2.172747850418091,2.172747850418091,2.172747850418091,2.172747850418091,0,0.0,0.0
2012-11-06 00:00:00+08:00,2.172747850418091,2.172747850418091,2.172747850418091,2.172747850418091,0,0.0,0.0
2012-11-07 00:00:00+08:00,2.172747850418091,2.172747850418091,2.172747850418091,2.172747850418091,0,0.0,0.0
2012-11-08 00:00:00+08:00,2.172747850418091,2.172747850418091,2.172747850418091,2.172747850418091,0,0.0,0.0
2012-11-09 00:00:00+08:00,2.172747850418091,2.172747850418091,2.172747850418091,2.172747850418091,0,0.0,0.0
2012-11-12 00:00:00+08:00,2.172747850418091,2.172747850418091,2.172747850418091,2.172747850418091,0,0.0,0.0
2012-11-13 00:00:00+08:00,2.172747850418091,2.172747850418091,2.172747850418091,2.172747850418091,0,0.0,0.0
2012-11-14 00:00:00+08:00,2.172747850418091,2.172747850418091,2.172747850418091,2.172747850418091,0,0.0,0.0
2012-11-15 00:00:00+08:00,2.172747850418091,2.172747850418091,2.172747850418091,2.172747850418091,0,0.0,0.0
2012-11-16 00:00:00+08:00,2.172747850418091,2.172747850418091,2.172747850418091,2.172747850418091,0,0.0,0.0
2012-11-19 00:00:00+08:00,2.172747850418091,2.172747850418091,2.172747850418091,2.172747850418091,0,0.0,0.0
2012-11-20 00:00:00+08:00,2.172747850418091,2.172747850418091,2.172747850418091,2.172747850418091,0,0.0,0.0
2012-11-21 00:00:00+08:00,2.172747850418091,2.172747850418091,2.172747850418091,2.172747850418091,0,0.0,0.0
2012-11-22 00:00:00+08:00,2.172747850418091,2.172747850418091,2.172747850418091,2.172747850418091,0,0.0,0.0
2012-11-23 00:00:00+08:00,2.172747850418091,2.172747850418091,2.172747850418091,2.172747850418091,0,0.0,0.0
2012-11-26 00:00:00+08:00,2.172747850418091,2.172747850418091,2.172747850418091,2.172747850418091,0,0.0,0.0
2012-11-27 00:00:00+08:00,2.172747850418091,2.172747850418091,2.172747850418091,2.172747850418091,0,0.0,0.0
2012-11-28 00:00:00+08:00,2.172747850418091,2.172747850418091,2.172747850418091,2.172747850418091,0,0.0,0.0
2012-11-29 00:00:00+08:00,2.172747850418091,2.172747850418091,2.172747850418091,2.172747850418091,0,0.0,0.0
2012-11-30 00:00:00+08:00,2.172747850418091,2.172747850418091,2.172747850418091,2.172747850418091,0,0.0,0.0
2012-12-03 00:00:00+08:00,2.172747850418091,2.172747850418091,2.172747850418091,2.172747850418091,0,0.0,0.0
2012-12-04 00:00:00+08:00,2.172747850418091,2.172747850418091,2.172747850418091,2.172747850418091,0,0.0,0.0
2012-12-05 00:00:00+08:00,2.172747850418091,2.172747850418091,2.172747850418091,2.172747850418091,0,0.0,0.0
2012-12-06 00:00:00+08:00,2.172747850418091,2.172747850418091,2.172747850418091,2.172747850418091,0,0.0,0.0
2012-12-07 00:00:00+08:00,2.172747850418091,2.172747850418091,2.172747850418091,2.172747850418091,0,0.0,0.0
2012-12-10 00:00:00+08:00,2.172747850418091,2.172747850418091,2.172747850418091,2.172747850418091,0,0.0,0.0
2012-12-11 00:00:00+08:00,2.172747850418091,2.172747850418091,2.172747850418091,2.172747850418091,0,0.0,0.0
2012-12-12 00:00:00+08:00,2.172747850418091,2.172747850418091,2.172747850418091,2.172747850418091,0,0.0,0.0
2012-12-13 00:00:00+08:00,2.172747850418091,2.172747850418091,2.172747850418091,2.172747850418091,0,0.0,0.0
2012-12-14 00:00:00+08:00,2.172747850418091,2.172747850418091,2.172747850418091,2.172747850418091,0,0.0,0.0
2012-12-17 00:00:00+08:00,2.172747850418091,2.172747850418091,2.172747850418091,2.172747850418091,0,0.0,0.0
2012-12-18 00:00:00+08:00,2.172747850418091,2.172747850418091,2.172747850418091,2.172747850418091,0,0.0,0.0
2012-12-19 00:00:00+08:00,2.172747850418091,2.172747850418091,2.172747850418091,2.172747850418091,0,0.0,0.0
2012-12-20 00:00:00+08:00,2.172747850418091,2.172747850418091,2.172747850418091,2.172747850418091,0,0.0,0.0
2012-12-21 00:00:00+08:00,2.172747850418091,2.172747850418091,2.172747850418091,2.172747850418091,0,0.0,0.0
2012-12-24 00:00:00+08:00,2.172747850418091,2.172747850418091,2.172747850418091,2.172747850418091,0,0.0,0.0
2012-12-25 00:00:00+08:00,2.172747850418091,2.172747850418091,2.172747850418091,2.172747850418091,0,0.0,0.0
2012-12-26 00:00:00+08:00,2.172747850418091,2.172747850418091,2.172747850418091,2.172747850418091,0,0.0,0.0
2012-12-27 00:00:00+08:00,2.172747850418091,2.172747850418091,2.172747850418091,2.172747850418091,0,0.0,0.0
2012-12-28 00:00:00+08:00,2.172747850418091,2.172747850418091,2.172747850418091,2.172747850418091,0,0.0,0.0
2013-01-02 00:00:00+08:00,2.172747850418091,2.172747850418091,2.172747850418091,2.172747850418091,0,0.0,0.0
2013-01-03 00:00:00+08:00,2.172747850418091,2.172747850418091,2.172747850418091,2.172747850418091,0,0.0,0.0
2013-01-04 00:00:00+08:00,2.172747850418091,2.172747850418091,2.172747850418091,2.172747850418091,0,0.0,0.0
2013-01-07 00:00:00+08:00,2.172747850418091,2.172747850418091,2.172747850418091,2.172747850418091,0,0.0,0.0
2013-01-08 00:00:00+08:00,2.172747850418091,2.172747850418091,2.172747850418091,2.172747850418091,0,0.0,0.0
2013-01-09 00:00:00+08:00,2.172747850418091,2.172747850418091,2.172747850418091,2.172747850418091,0,0.0,0.0
2013-01-10 00:00:00+08:00,2.172747850418091,2.172747850418091,2.172747850418091,2.172747850418091,0,0.0,0.0
2013-01-11 00:00:00+08:00,2.172747850418091,2.172747850418091,2.172747850418091,2.172747850418091,0,0.0,0.0
2013-01-14 00:00:00+08:00,2.172747850418091,2.172747850418091,2.172747850418091,2.172747850418091,0,0.0,0.0
2013-01-15 00:00:00+08:00,2.172747850418091,2.172747850418091,2.172747850418091,2.172747850418091,0,0.0,0.0
2013-01-16 00:00:00+08:00,2.172747850418091,2.172747850418091,2.172747850418091,2.172747850418091,0,0.0,0.0
2013-01-17 00:00:00+08:00,2.172747850418091,2.172747850418091,2.172747850418091,2.172747850418091,0,0.0,0.0
2013-01-18 00:00:00+08:00,2.172747850418091,2.172747850418091,2.172747850418091,2.172747850418091,0,0.0,0.0
2013-01-21 00:00:00+08:00,2.172747850418091,2.172747850418091,2.172747850418091,2.172747850418091,0,0.0,0.0
2013-01-22 00:00:00+08:00,2.172747850418091,2.172747850418091,2.172747850418091,2.172747850418091,0,0.0,0.0
2013-01-23 00:00:00+08:00,2.172747850418091,2.172747850418091,2.172747850418091,2.172747850418091,0,0.0,0.0
2013-01-24 00:00:00+08:00,2.172747850418091,2.172747850418091,2.172747850418091,2.172747850418091,0,0.0,0.0
2013-01-25 00:00:00+08:00,2.172747850418091,2.172747850418091,2.172747850418091,2.172747850418091,0,0.0,0.0
2013-01-28 00:00:00+08:00,2.172747850418091,2.172747850418091,2.172747850418091,2.172747850418091,0,0.0,0.0
2013-01-29 00:00:00+08:00,2.172747850418091,2.172747850418091,2.172747850418091,2.172747850418091,0,0.0,0.0
2013-01-30 00:00:00+08:00,2.172747850418091,2.172747850418091,2.172747850418091,2.172747850418091,0,0.0,0.0
2013-01-31 00:00:00+08:00,2.172747850418091,2.172747850418091,2.172747850418091,2.172747850418091,0,0.0,0.0
2013-02-01 00:00:00+08:00,2.172747850418091,2.172747850418091,2.172747850418091,2.172747850418091,0,0.0,0.0
2013-02-04 00:00:00+08:00,2.172747850418091,2.172747850418091,2.172747850418091,2.172747850418091,0,0.0,0.0
2013-02-05 00:00:00+08:00,2.172747850418091,2.172747850418091,2.172747850418091,2.172747850418091,0,0.0,0.0
2013-02-06 00:00:00+08:00,2.172747850418091,2.172747850418091,2.172747850418091,2.172747850418091,0,0.0,0.0
2013-02-18 00:00:00+08:00,2.172747850418091,2.172747850418091,2.172747850418091,2.172747850418091,0,0.0,0.0
2013-02-19 00:00:00+08:00,2.172747850418091,2.172747850418091,2.172747850418091,2.172747850418091,0,0.0,0.0
2013-02-20 00:00:00+08:00,2.172747850418091,2.172747850418091,2.172747850418091,2.172747850418091,0,0.0,0.0
2013-02-21 00:00:00+08:00,2.172747850418091,2.172747850418091,2.172747850418091,2.172747850418091,0,0.0,0.0
2013-02-22 00:00:00+08:00,2.172747850418091,2.172747850418091,2.172747850418091,2.172747850418091,0,0.0,0.0
2013-02-25 00:00:00+08:00,2.172747850418091,2.172747850418091,2.172747850418091,2.172747850418091,0,0.0,0.0
2013-02-26 00:00:00+08:00,2.172747850418091,2.172747850418091,2.172747850418091,2.172747850418091,0,0.0,0.0
2013-02-27 00:00:00+08:00,2.172747850418091,2.172747850418091,2.172747850418091,2.172747850418091,0,0.0,0.0
2013-03-01 00:00:00+08:00,2.172747850418091,2.172747850418091,2.172747850418091,2.172747850418091,0,0.0,0.0
2013-03-04 00:00:00+08:00,2.172747850418091,2.172747850418091,2.172747850418091,2.172747850418091,0,0.0,0.0
2013-03-05 00:00:00+08:00,2.172747850418091,2.172747850418091,2.172747850418091,2.172747850418091,0,0.0,0.0
2013-03-06 00:00:00+08:00,2.172747850418091,2.172747850418091,2.172747850418091,2.172747850418091,0,0.0,0.0
2013-03-07 00:00:00+08:00,2.172747850418091,2.172747850418091,2.172747850418091,2.172747850418091,0,0.0,0.0
2013-03-08 00:00:00+08:00,2.172747850418091,2.172747850418091,2.172747850418091,2.172747850418091,0,0.0,0.0
2013-03-11 00:00:00+08:00,2.172747850418091,2.172747850418091,2.172747850418091,2.172747850418091,0,0.0,0.0
2013-03-12 00:00:00+08:00,1.5637201070785522,1.61310077343429,1.494587205575882,1.5637201070785522,111000,0.0,0.0
2013-03-13 00:00:00+08:00,1.5637201070785522,1.5637201070785522,1.5637201070785522,1.5637201070785522,0,0.0,0.0
2013-03-14 00:00:00+08:00,1.662481427192688,1.7414903671817346,1.6131007612111292,1.662481427192688,153000,0.0,0.0
2013-03-15 00:00:00+08:00,1.8270835876464844,1.9423050398005839,1.695401860766022,1.8270835876464844,163000,0.0,0.0
2013-03-18 00:00:00+08:00,1.7842867374420166,1.9028002899632785,1.6756493797045224,1.7842867374420166,153000,0.0,0.0
2013-03-19 00:00:00+08:00,1.744782567024231,1.8106233534498628,1.711862016834598,1.744782567024231,126000,0.0,0.0
2013-03-20 00:00:00+08:00,1.7019858360290527,1.761242538891542,1.7019858360290527,1.7019858360290527,126000,0.0,0.0
2013-03-21 00:00:00+08:00,1.7019858360290527,1.7019858360290527,1.7019858360290527,1.7019858360290527,0,0.0,0.0
2013-03-22 00:00:00+08:00,1.5637201070785522,1.5637201070785522,1.5143394407228148,1.5637201070785522,42000,0.0,0.0
2013-03-25 00:00:00+08:00,1.6460210084915161,1.6789413972659872,1.5637199580669403,1.6460210084915161,81000,0.0,0.0
2013-03-26 00:00:00+08:00,1.5143394470214844,1.764534740543572,1.5011712902020915,1.5143394470214844,150000,0.0,0.0
2013-03-27 00:00:00+08:00,1.5143394470214844,1.5143394470214844,1.5044634078953456,1.5143394470214844,14000,0.0,0.0
2013-03-28 00:00:00+08:00,1.4550825357437134,1.5143392330585255,1.4550825357437134,1.4550825357437134,27000,0.0,0.0
2013-03-29 00:00:00+08:00,1.4682507514953613,1.4682507514953613,1.4550825959912876,1.4682507514953613,10000,0.0,0.0
2013-04-01 00:00:00+08:00,1.4484986066818235,1.4550826848358718,1.4386224109623487,1.4484986066818237,22000,0.0,0.0
2013-04-02 00:00:00+08:00,1.425454258918762,1.4912951976330235,1.425454258918762,1.4254542589187622,50000,0.0,0.0
2013-04-03 00:00:00+08:00,1.425454258918762,1.425454258918762,1.425454258918762,1.4254542589187622,0,0.0,0.0
2013-04-08 00:00:00+08:00,1.4155782461166382,1.4155782461166382,1.3826576976671465,1.4155782461166382,13000,0.0,0.0
2013-04-09 00:00:00+08:00,1.418870210647583,1.418870210647583,1.4155782499797354,1.418870210647583,10000,0.0,0.0
2013-04-10 00:00:00+08:00,1.418870210647583,1.418870210647583,1.418870210647583,1.418870210647583,0,0.0,0.0
2013-04-11 00:00:00+08:00,1.4155782461166382,1.4155782461166382,1.4155782461166382,1.4155782461166382,7000,0.0,0.0
2013-04-12 00:00:00+08:00,1.4155782461166382,1.4155782461166382,1.4155782461166382,1.4155782461166382,5000,0.0,0.0
2013-04-15 00:00:00+08:00,1.3629052639007568,1.4122859223922826,1.3629052639007568,1.3629052639007568,20000,0.0,0.0
2013-04-16 00:00:00+08:00,1.3497371673583984,1.3497371673583984,1.3497371673583984,1.3497371673583984,9000,0.0,0.0
2013-04-17 00:00:00+08:00,1.3168169260025024,1.349737317757203,1.283896534247802,1.3168169260025024,40000,0.0,0.0
2013-04-18 00:00:00+08:00,1.3991179466247559,1.4089941423766077,1.333277164868431,1.3991179466247559,38000,0.0,0.0
2013-04-19 00:00:00+08:00,1.3991179466247559,1.4089941423766077,1.3991179466247559,1.3991179466247559,10000,0.0,0.0
2013-04-22 00:00:00+08:00,1.3629052639007568,1.38265749590201,1.3629052639007568,1.3629052639007568,9000,0.0,0.0
2013-04-23 00:00:00+08:00,1.3629052639007568,1.3629052639007568,1.3629052639007568,1.3629052639007568,0,0.0,0.0
2013-04-24 00:00:00+08:00,1.3234009742736816,1.3398612482653094,1.3135248569717473,1.3234009742736816,15000,0.0,0.0
2013-04-25 00:00:00+08:00,1.2871886491775513,1.293772727915981,1.2838966098083364,1.2871886491775513,24000,0.0,0.0
2013-04-26 00:00:00+08:00,1.2773123979568481,1.2937725930875494,1.2476839682331842,1.2773123979568481,16000,0.0,0.0
2013-04-29 00:00:00+08:00,1.3003568649291992,1.3003568649291992,1.2937727858957075,1.3003568649291992,11000,0.0,0.0
2013-04-30 00:00:00+08:00,1.3003568649291992,1.3003568649291992,1.3003568649291992,1.3003568649291992,0,0.0,0.0
2013-05-02 00:00:00+08:00,1.2838964462280273,1.2838964462280273,1.2838964462280273,1.2838964462280273,10000,0.0,0.0
2013-05-03 00:00:00+08:00,1.231223702430725,1.2509759354537964,1.231223702430725,1.231223702430725,8000,0.0,0.0
2013-05-06 00:00:00+08:00,1.2411000728607178,1.2411000728607178,1.2312239543286128,1.2411000728607178,10000,0.0,0.0
2013-05-07 00:00:00+08:00,1.2411000728607178,1.2411000728607178,1.2411000728607178,1.2411000728607178,0,0.0,0.0
2013-05-08 00:00:00+08:00,1.2411000728607178,1.2411000728607178,1.2411000728607178,1.2411000728607178,0,0.0,0.0
2013-05-09 00:00:00+08:00,1.2838964462280273,1.2838964462280273,1.2312237445431709,1.2838964462280273,4000,0.0,0.0
2013-05-10 00:00:00+08:00,1.2838964462280273,1.2838964462280273,1.2838964462280273,1.2838964462280273,0,0.0,0.0
2013-05-13 00:00:00+08:00,1.2937726974487305,1.2937726974487305,1.2838965795736603,1.2937726974487305,13000,0.0,0.0
2013-05-14 00:00:00+08:00,1.2937726974487305,1.2937726974487305,1.2937726974487305,1.2937726974487305,5000,0.0,0.0
2013-05-15 00:00:00+08:00,1.4089943170547485,1.5999327647962294,1.3168170541915376,1.4089943170547485,126000,0.0,0.0
2013-05-16 00:00:00+08:00,1.4550825357437134,1.5505517376837499,1.415578070867172,1.4550825357437134,131000,0.0,0.0
2013-05-17 00:00:00+08:00,1.4781270027160645,1.4781270027160645,1.455082805750372,1.4781270027160645,28000,0.0,0.0
2013-05-20 00:00:00+08:00,1.3464454412460327,1.481419134366877,1.3464454412460327,1.3464454412460327,49000,0.0,0.0
2013-05-21 00:00:00+08:00,1.3168169260025024,1.4155782582434142,1.3168169260025024,1.3168169260025024,15000,0.0,0.0
2013-05-22 00:00:00+08:00,1.3234009742736816,1.3234009742736816,1.3003567005691679,1.3234009742736816,40000,0.0,0.0
2013-05-23 00:00:00+08:00,1.2838964462280273,1.3168168357258128,1.2838964462280273,1.2838964462280273,14000,0.0,0.0
2013-05-24 00:00:00+08:00,1.2838964462280273,1.2838964462280273,1.237807822442728,1.2838964462280273,28000,0.0,0.0
2013-05-27 00:00:00+08:00,1.2838964462280273,1.2838964462280273,1.2838964462280273,1.2838964462280273,0,0.0,0.0
2013-05-28 00:00:00+08:00,1.2509758472442627,1.2509758472442627,1.2509758472442627,1.2509758472442627,4000,0.0,0.0
2013-05-29 00:00:00+08:00,1.2509758472442627,1.2509758472442627,1.2509758472442627,1.2509758472442627,0,0.0,0.0
2013-05-30 00:00:00+08:00,1.2509758472442627,1.2509758472442627,1.2509758472442627,1.2509758472442627,0,0.0,0.0
2013-05-31 00:00:00+08:00,1.3234009742736816,1.3332771700640196,1.316816896072392,1.3234009742736816,17000,0.0,0.0
2013-06-03 00:00:00+08:00,1.3332772254943848,1.3661976178694828,1.3332772254943848,1.3332772254943848,10000,0.0,0.0
2013-06-04 00:00:00+08:00,1.3332772254943848,1.3332772254943848,1.3332772254943848,1.3332772254943848,0,0.0,0.0
2013-06-05 00:00:00+08:00,1.3661974668502808,1.3661974668502808,1.3661974668502808,1.3661974668502808,5000,0.0,0.0
2013-06-06 00:00:00+08:00,1.3661974668502808,1.3661974668502808,1.3661974668502808,1.3661974668502808,0,0.0,0.0
2013-06-07 00:00:00+08:00,1.3727816343307495,1.3727816343307495,1.3727816343307495,1.3727816343307495,3000,0.0,0.0
2013-06-10 00:00:00+08:00,1.3661974668502808,1.3727815445974978,1.3661974668502808,1.3661974668502808,3000,0.0,0.0
2013-06-11 00:00:00+08:00,1.3661974668502808,1.3661974668502808,1.3661974668502808,1.3661974668502808,0,0.0,0.0
2013-06-13 00:00:00+08:00,1.3332772254943848,1.3332772254943848,1.3069408331058996,1.3332772254943848,11000,0.0,0.0
2013-06-14 00:00:00+08:00,1.3332772254943848,1.3332772254943848,1.3332772254943848,1.3332772254943848,0,0.0,0.0
2013-06-17 00:00:00+08:00,1.3497371673583984,1.3497371673583984,1.3332770518035746,1.3497371673583984,10000,0.0,0.0
2013-06-18 00:00:00+08:00,1.3661974668502808,1.3661974668502808,1.3168168052577558,1.3661974668502808,14000,0.0,0.0
2013-06-19 00:00:00+08:00,1.3661974668502808,1.3661974668502808,1.3661974668502808,1.3661974668502808,0,0.0,0.0
2013-06-20 00:00:00+08:00,1.3661974668502808,1.3661974668502808,1.3661974668502808,1.3661974668502808,0,0.0,0.0
2013-06-21 00:00:00+08:00,1.3991179466247559,1.4188701811516535,1.3991179466247559,1.3991179466247559,22000,0.0,0.0
2013-06-24 00:00:00+08:00,1.3760733604431152,1.399117708626247,1.3760733604431152,1.3760733604431152,16000,0.0,0.0
2013-06-25 00:00:00+08:00,1.3760733604431152,1.3760733604431152,1.3760733604431152,1.3760733604431152,0,0.0,0.0
2013-06-26 00:00:00+08:00,1.3760733604431152,1.3760733604431152,1.3760733604431152,1.3760733604431152,0,0.0,0.0
2013-06-27 00:00:00+08:00,1.3760733604431152,1.3760733604431152,1.3760733604431152,1.3760733604431152,0,0.0,0.0
2013-06-28 00:00:00+08:00,1.3760733604431152,1.3760733604431152,1.3760733604431152,1.3760733604431152,0,0.0,0.0
2013-07-01 00:00:00+08:00,1.385949730873108,1.385949730873108,1.3661974971927708,1.385949730873108,16000,0.0,0.0
2013-07-02 00:00:00+08:00,1.5044633150100708,1.5044633150100708,1.4287463394849076,1.5044633150100708,32000,0.0,0.0
2013-07-03 00:00:00+08:00,1.425454258918762,1.471542806134981,1.425454258918762,1.4254542589187622,14000,0.0,0.0
2013-07-04 00:00:00+08:00,1.4057021141052246,1.4057021141052246,1.4057021141052246,1.4057021141052246,3000,0.0,0.0
2013-07-05 00:00:00+08:00,1.4517908096313474,1.4517908096313474,1.3925340963526422,1.4517908096313477,28000,0.0,0.0
2013-07-08 00:00:00+08:00,1.4386224746704102,1.4386224746704102,1.4386224746704102,1.4386224746704102,5000,0.0,0.0
2013-07-09 00:00:00+08:00,1.4386224746704102,1.4386224746704102,1.4386224746704102,1.4386224746704102,0,0.0,0.0
2013-07-10 00:00:00+08:00,1.4550825357437134,1.4550825357437134,1.415578070867172,1.4550825357437134,9000,0.0,0.0
2013-07-11 00:00:00+08:00,1.4550825357437134,1.4550825357437134,1.4550825357437134,1.4550825357437134,0,0.0,0.0
2013-07-12 00:00:00+08:00,1.4550825357437134,1.4550825357437134,1.4550825357437134,1.4550825357437134,0,0.0,0.0
2013-07-15 00:00:00+08:00,1.4484986066818235,1.4550826848358718,1.3925338638840123,1.4484986066818237,21000,0.0,0.0
2013-07-16 00:00:00+08:00,1.4386224746704102,1.4386224746704102,1.4386224746704102,1.4386224746704102,5000,0.0,0.0
2013-07-17 00:00:00+08:00,1.4320383071899414,1.4386223852262041,1.4320383071899414,1.4320383071899414,7000,0.0,0.0
2013-07-18 00:00:00+08:00,1.4320383071899414,1.4320383071899414,1.4320383071899414,1.4320383071899414,0,0.0,0.0
2013-07-19 00:00:00+08:00,1.4320383071899414,1.4320383071899414,1.4320383071899414,1.4320383071899414,0,0.0,0.0
2013-07-22 00:00:00+08:00,1.4320383071899414,1.4320383071899414,1.4320383071899414,1.4320383071899414,0,0.0,0.0
2013-07-23 00:00:00+08:00,1.4320383071899414,1.4320383071899414,1.4320383071899414,1.4320383071899414,0,0.0,0.0
2013-07-24 00:00:00+08:00,1.4320383071899414,1.4320383071899414,1.4320383071899414,1.4320383071899414,0,0.0,0.0
2013-07-25 00:00:00+08:00,1.382657527923584,1.382657527923584,1.3661974126963923,1.382657527923584,15500,0.0,0.0
2013-07-26 00:00:00+08:00,1.3629052639007568,1.3629052639007568,1.3629052639007568,1.3629052639007568,10000,0.0,0.0
2013-07-29 00:00:00+08:00,1.3069409132003784,1.3168170315181553,1.3069409132003784,1.3069409132003784,13000,0.0,0.0
2013-07-30 00:00:00+08:00,1.3069409132003784,1.3069409132003784,1.3069409132003784,1.3069409132003784,0,0.0,0.0
2013-07-31 00:00:00+08:00,1.3069409132003784,1.3069409132003784,1.3069409132003784,1.3069409132003784,0,0.0,0.0
2013-08-01 00:00:00+08:00,1.3069409132003784,1.3069409132003784,1.3069409132003784,1.3069409132003784,0,0.0,0.0
2013-08-02 00:00:00+08:00,1.3069409132003784,1.3069409132003784,1.3069409132003784,1.3069409132003784,0,0.0,0.0
2013-08-05 00:00:00+08:00,1.3069409132003784,1.3069409132003784,1.3069409132003784,1.3069409132003784,0,0.0,0.0
2013-08-06 00:00:00+08:00,1.3069409132003784,1.3069409132003784,1.3069409132003784,1.3069409132003784,0,0.0,0.0
2013-08-07 00:00:00+08:00,1.3069409132003784,1.3069409132003784,1.3069409132003784,1.3069409132003784,0,0.0,0.0
2013-08-08 00:00:00+08:00,1.3069409132003784,1.3069409132003784,1.3069409132003784,1.3069409132003784,0,0.0,0.0
2013-08-09 00:00:00+08:00,1.3069409132003784,1.3069409132003784,1.3069409132003784,1.3069409132003784,0,0.0,0.0
2013-08-12 00:00:00+08:00,1.3069409132003784,1.3069409132003784,1.3069409132003784,1.3069409132003784,0,0.0,0.0
2013-08-13 00:00:00+08:00,1.3069409132003784,1.3069409132003784,1.3069409132003784,1.3069409132003784,0,0.0,0.0
2013-08-14 00:00:00+08:00,1.3332772254943848,1.3332772254943848,1.3332772254943848,1.3332772254943848,5000,0.0,0.0
2013-08-15 00:00:00+08:00,1.3102327585220337,1.3102327585220337,1.28389644690982,1.3102327585220337,16000,0.0,0.0
2013-08-16 00:00:00+08:00,1.2937726974487305,1.2937726974487305,1.2937726974487305,1.2937726974487305,1000,0.0,0.0
2013-08-19 00:00:00+08:00,1.3003568649291992,1.3003568649291992,1.2937727858957075,1.3003568649291992,8000,0.0,0.0
2013-08-20 00:00:00+08:00,1.3168169260025024,1.3168169260025024,1.3102328476515623,1.3168169260025024,6000,0.0,0.0
2013-08-22 00:00:00+08:00,1.3168169260025024,1.3168169260025024,1.3168169260025024,1.3168169260025024,0,0.0,0.0
2013-08-23 00:00:00+08:00,1.290480613708496,1.3168169271349046,1.290480613708496,1.290480613708496,13000,0.0,0.0
2013-08-26 00:00:00+08:00,1.290480613708496,1.290480613708496,1.290480613708496,1.290480613708496,0,0.0,0.0
2013-08-27 00:00:00+08:00,1.290480613708496,1.290480613708496,1.290480613708496,1.290480613708496,0,0.0,0.0
2013-08-28 00:00:00+08:00,1.290480613708496,1.290480613708496,1.290480613708496,1.290480613708496,0,0.0,0.0
2013-08-29 00:00:00+08:00,1.290480613708496,1.290480613708496,1.290480613708496,1.290480613708496,0,0.0,0.0
2013-08-30 00:00:00+08:00,1.2838964462280273,1.3332771089631053,1.2838964462280273,1.2838964462280273,4000,0.0,0.0
2013-09-02 00:00:00+08:00,1.2838964462280273,1.2838964462280273,1.2838964462280273,1.2838964462280273,0,0.0,0.0
2013-09-03 00:00:00+08:00,1.2838964462280273,1.2838964462280273,1.2838964462280273,1.2838964462280273,0,0.0,0.0
2013-09-04 00:00:00+08:00,1.2838964462280273,1.2838964462280273,1.2838964462280273,1.2838964462280273,0,0.0,0.0
2013-09-05 00:00:00+08:00,1.290480613708496,1.3266931231582129,1.283896535351894,1.290480613708496,9000,0.0,0.0
2013-09-06 00:00:00+08:00,1.290480613708496,1.290480613708496,1.290480613708496,1.290480613708496,0,0.0,0.0
2013-09-09 00:00:00+08:00,1.290480613708496,1.290480613708496,1.290480613708496,1.290480613708496,0,0.0,0.0
2013-09-10 00:00:00+08:00,1.290480613708496,1.290480613708496,1.290480613708496,1.290480613708496,0,0.0,0.0
2013-09-11 00:00:00+08:00,1.2838964462280273,1.2838964462280273,1.2838964462280273,1.2838964462280273,5000,0.0,0.0
2013-09-12 00:00:00+08:00,1.2838964462280273,1.2838964462280273,1.2838964462280273,1.2838964462280273,3000,0.0,0.0
2013-09-13 00:00:00+08:00,1.2838964462280273,1.2838964462280273,1.2838964462280273,1.2838964462280273,0,0.0,0.0
2013-09-16 00:00:00+08:00,1.3497371673583984,1.3497371673583984,1.3497371673583984,1.3497371673583984,5000,0.0,0.0
2013-09-17 00:00:00+08:00,1.3497371673583984,1.3497371673583984,1.3497371673583984,1.3497371673583984,0,0.0,0.0
2013-09-18 00:00:00+08:00,1.2937726974487305,1.3003567760321106,1.2937726974487305,1.2937726974487305,5000,0.0,0.0
2013-09-23 00:00:00+08:00,1.2937726974487305,1.2937726974487305,1.2937726974487305,1.2937726974487305,0,0.0,0.0
2013-09-24 00:00:00+08:00,1.290480613708496,1.290480613708496,1.290480613708496,1.290480613708496,1000,0.0,0.0
2013-09-25 00:00:00+08:00,1.290480613708496,1.290480613708496,1.290480613708496,1.290480613708496,0,0.0,0.0
2013-09-26 00:00:00+08:00,1.290480613708496,1.290480613708496,1.290480613708496,1.290480613708496,0,0.0,0.0
2013-09-27 00:00:00+08:00,1.3168169260025024,1.3168169260025024,1.3168169260025024,1.3168169260025024,5000,0.0,0.0
2013-09-30 00:00:00+08:00,1.2937726974487305,1.2937726974487305,1.2937726974487305,1.2937726974487305,3000,0.0,0.0
2013-10-01 00:00:00+08:00,1.2937726974487305,1.3003567760321106,1.2937726974487305,1.2937726974487305,15000,0.0,0.0
2013-10-02 00:00:00+08:00,1.2937726974487305,1.2937726974487305,1.2937726974487305,1.2937726974487305,0,0.0,0.0
2013-10-03 00:00:00+08:00,1.2937726974487305,1.2937726974487305,1.2937726974487305,1.2937726974487305,0,0.0,0.0
2013-10-04 00:00:00+08:00,1.3168169260025024,1.3168169260025024,1.3168169260025024,1.3168169260025024,5000,0.0,0.0
2013-10-07 00:00:00+08:00,1.3168169260025024,1.3168169260025024,1.3168169260025024,1.3168169260025024,0,0.0,0.0
2013-10-08 00:00:00+08:00,1.2279317378997803,1.3003566751887787,1.1884271909746893,1.2279317378997803,67000,0.0,0.0
2013-10-09 00:00:00+08:00,1.2838964462280273,1.2838964462280273,1.2806044072782488,1.2838964462280273,19000,0.0,0.0
2013-10-11 00:00:00+08:00,1.2838964462280273,1.2838964462280273,1.2838964462280273,1.2838964462280273,0,0.0,0.0
2013-10-14 00:00:00+08:00,1.2806044816970825,1.2806044816970825,1.2674362466443325,1.2806044816970825,10000,0.0,0.0
2013-10-15 00:00:00+08:00,1.2674362659454346,1.2806045011987166,1.2674362659454346,1.2674362659454346,2,0.0,0.0
2013-10-16 00:00:00+08:00,1.2674362659454346,1.2674362659454346,1.2674362659454346,1.2674362659454346,0,0.0,0.0
2013-10-17 00:00:00+08:00,1.2674362659454346,1.2674362659454346,1.2674362659454346,1.2674362659454346,0,0.0,0.0
2013-10-18 00:00:00+08:00,1.2674362659454346,1.2838965403899356,1.2674362659454346,1.2674362659454346,15000,0.0,0.0
2013-10-21 00:00:00+08:00,1.2838964462280273,1.2838964462280273,1.2773123683284702,1.2838964462280273,15000,0.0,0.0
2013-10-22 00:00:00+08:00,1.2773123979568481,1.2838964760091287,1.2773123979568481,1.2773123979568481,15000,0.0,0.0
2013-10-23 00:00:00+08:00,1.2773123979568481,1.2773123979568481,1.2773123979568481,1.2773123979568481,0,0.0,0.0
2013-10-24 00:00:00+08:00,1.2773123979568481,1.2773123979568481,1.2773123979568481,1.2773123979568481,0,0.0,0.0
2013-10-25 00:00:00+08:00,1.2773123979568481,1.2773123979568481,1.2773123979568481,1.2773123979568481,0,0.0,0.0
2013-10-28 00:00:00+08:00,1.2773123979568481,1.2773123979568481,1.270728241416166,1.2773123979568481,10000,0.0,0.0
2013-10-29 00:00:00+08:00,1.2773123979568481,1.2773123979568481,1.2773123979568481,1.2773123979568481,0,0.0,0.0
2013-10-30 00:00:00+08:00,1.2674362659454346,1.2674362659454346,1.2674362659454346,1.2674362659454346,200,0.0,0.0
2013-10-31 00:00:00+08:00,1.2773123979568481,1.2904805540614093,1.2773123979568481,1.2773123979568481,3000,0.0,0.0
2013-11-01 00:00:00+08:00,1.2773123979568481,1.2773123979568481,1.2773123979568481,1.2773123979568481,0,0.0,0.0
2013-11-04 00:00:00+08:00,1.290480613708496,1.290480613708496,1.2674362609719836,1.290480613708496,15000,0.0,0.0
2013-11-05 00:00:00+08:00,1.290480613708496,1.290480613708496,1.290480613708496,1.290480613708496,0,0.0,0.0
2013-11-06 00:00:00+08:00,1.2509758472442627,1.2740201174796015,1.2509758472442627,1.2509758472442627,3000,0.0,0.0
2013-11-07 00:00:00+08:00,1.3003568649291992,1.3003568649291992,1.2838966673454701,1.3003568649291992,14000,0.0,0.0
2013-11-08 00:00:00+08:00,1.2674362659454346,1.2674362659454346,1.250976069989339,1.2674362659454346,7000,0.0,0.0
2013-11-11 00:00:00+08:00,1.0172408819198608,1.250975860893775,0.9744443795872751,1.0172408819198608,189500,0.0,0.0
2013-11-12 00:00:00+08:00,1.0600377321243286,1.0896660874223867,1.0205331799051722,1.0600377321243286,62000,0.0,0.0
2013-11-13 00:00:00+08:00,1.1061261892318726,1.1061261892318726,1.053453562142225,1.1061261892318726,28000,0.0,0.0
2013-11-14 00:00:00+08:00,1.0600377321243286,1.1423387975517914,1.0402854952589566,1.0600377321243286,70000,0.0,0.0
2013-11-15 00:00:00+08:00,1.0699137449264526,1.0699137449264526,1.0699137449264526,1.0699137449264526,1000,0.0,0.0
2013-11-18 00:00:00+08:00,1.0172408819198608,1.0172408819198608,1.0172408819198608,1.0172408819198608,6000,0.0,0.0
2013-11-19 00:00:00+08:00,1.0205330848693848,1.0205330848693848,1.0172410456983896,1.0205330848693848,7000,0.0,0.0
2013-11-20 00:00:00+08:00,1.0205330848693848,1.0205330848693848,1.0205330848693848,1.0205330848693848,0,0.0,0.0
2013-11-21 00:00:00+08:00,1.0205330848693848,1.0205330848693848,1.0205330848693848,1.0205330848693848,0,0.0,0.0
2013-11-22 00:00:00+08:00,1.0205330848693848,1.0205330848693848,1.0205330848693848,1.0205330848693848,0,0.0,0.0
2013-11-25 00:00:00+08:00,1.0205330848693848,1.0205330848693848,1.0205330848693848,1.0205330848693848,0,0.0,0.0
2013-11-26 00:00:00+08:00,1.0205330848693848,1.0205330848693848,1.0205330848693848,1.0205330848693848,0,0.0,0.0
2013-11-27 00:00:00+08:00,1.0271172523498535,1.0271172523498535,1.0271172523498535,1.0271172523498535,2000,0.0,0.0
2013-11-28 00:00:00+08:00,1.0271172523498535,1.0271172523498535,1.0271172523498535,1.0271172523498535,15000,0.0,0.0
2013-11-29 00:00:00+08:00,1.0271172523498535,1.0271172523498535,1.0271172523498535,1.0271172523498535,0,0.0,0.0
2013-12-02 00:00:00+08:00,1.1061261892318726,1.1061261892318726,1.066621718914637,1.1061261892318726,18000,0.0,0.0
2013-12-03 00:00:00+08:00,1.0567455291748047,1.0567455291748047,1.0567455291748047,1.0567455291748047,2000,0.0,0.0
2013-12-04 00:00:00+08:00,1.0567455291748047,1.0567455291748047,1.0567455291748047,1.0567455291748047,1000,0.0,0.0
2013-12-05 00:00:00+08:00,1.0633296966552734,1.1061262068471551,1.0633296966552734,1.0633296966552734,33000,0.0,0.0
2013-12-06 00:00:00+08:00,1.0633296966552734,1.0633296966552734,1.0633296966552734,1.0633296966552734,0,0.0,0.0
2013-12-09 00:00:00+08:00,1.0896658897399902,1.0896658897399902,1.0699136564579814,1.0896658897399902,12000,0.0,0.0
2013-12-10 00:00:00+08:00,1.0896658897399902,1.0896658897399902,1.0896658897399902,1.0896658897399902,0,0.0,0.0
2013-12-11 00:00:00+08:00,1.0863739252090454,1.092958003420317,1.0863739252090454,1.0863739252090454,10000,0.0,0.0
2013-12-12 00:00:00+08:00,1.1127102375030518,1.1127102375030518,1.0863738480403229,1.1127102375030518,15000,0.0,0.0
2013-12-13 00:00:00+08:00,1.0863739252090454,1.112710316542535,1.0863739252090454,1.0863739252090454,9000,0.0,0.0
2013-12-16 00:00:00+08:00,1.0863739252090454,1.1028341207372243,1.0863739252090454,1.0863739252090454,25000,0.0,0.0
2013-12-17 00:00:00+08:00,1.0863739252090454,1.0995420816315884,1.0863739252090454,1.0863739252090454,30000,0.0,0.0
2013-12-18 00:00:00+08:00,1.0929580926895142,1.10283421081307,1.0929580926895142,1.0929580926895142,20000,0.0,0.0
2013-12-19 00:00:00+08:00,1.1028341054916382,1.1028341054916382,1.1028341054916382,1.1028341054916382,5000,0.0,0.0
2013-12-20 00:00:00+08:00,1.0863739252090454,1.1160023556481706,1.0863739252090454,1.0863739252090454,20000,0.0,0.0
2013-12-23 00:00:00+08:00,1.073205828666687,1.073205828666687,1.073205828666687,1.073205828666687,5000,0.0,0.0
2013-12-24 00:00:00+08:00,1.0633296966552734,1.0699137751463321,1.0271171864660436,1.0633296966552734,37000,0.0,0.0
2013-12-25 00:00:00+08:00,1.0633296966552734,1.0633296966552734,1.0633296966552734,1.0633296966552734,0,0.0,0.0
2013-12-26 00:00:00+08:00,1.0633296966552734,1.0633296966552734,1.0633296966552734,1.0633296966552734,0,0.0,0.0
2013-12-27 00:00:00+08:00,1.0600377321243286,1.0600377321243286,1.0600377321243286,1.0600377321243286,3000,0.0,0.0
2013-12-30 00:00:00+08:00,0.9941967129707338,1.0205330247882152,0.9876126350163633,0.9941967129707336,32000,0.0,0.0
2013-12-31 00:00:00+08:00,0.9876126646995544,1.0040728600801998,0.9810285865472963,0.9876126646995544,33000,0.0,0.0
2014-01-02 00:00:00+08:00,0.9909046888351439,0.9909046888351439,0.9810285717556657,0.990904688835144,10000,0.0,0.0
2014-01-03 00:00:00+08:00,1.0205330848693848,1.0205330848693848,1.0205330848693848,1.0205330848693848,1000,0.0,0.0
2014-01-06 00:00:00+08:00,1.0205330848693848,1.0205330848693848,1.0205330848693848,1.0205330848693848,0,0.0,0.0
2014-01-07 00:00:00+08:00,1.0205330848693848,1.0271171632113751,1.0205330848693848,1.0205330848693848,20000,0.0,0.0
2014-01-08 00:00:00+08:00,1.0205330848693848,1.0271171632113751,1.0205330848693848,1.0205330848693848,11000,0.0,0.0
2014-01-09 00:00:00+08:00,1.0271172523498535,1.0271172523498535,0.9876127788695107,1.0271172523498535,21000,0.0,0.0
2014-01-10 00:00:00+08:00,1.0271172523498535,1.0271172523498535,1.0271172523498535,1.0271172523498535,0,0.0,0.0
2014-01-13 00:00:00+08:00,1.0304090976715088,1.0304090976715088,1.027116980597423,1.0304090976715088,10000,0.0,0.0
2014-01-14 00:00:00+08:00,1.0567455291748047,1.0567455291748047,1.02053302203506,1.0567455291748047,3000,0.0,0.0
2014-01-15 00:00:00+08:00,1.0764977931976318,1.0764977931976318,1.0567455588334411,1.0764977931976318,18010,0.0,0.0
2014-01-16 00:00:00+08:00,1.1192944049835205,1.1258784832549669,1.0962500525450545,1.1192944049835205,43000,0.0,0.0
2014-01-17 00:00:00+08:00,1.1028341054916382,1.1028341054916382,1.1028341054916382,1.1028341054916382,5000,0.0,0.0
2014-01-20 00:00:00+08:00,1.1225862503051758,1.1225862503051758,1.1225862503051758,1.1225862503051758,1000,0.0,0.0
2014-01-21 00:00:00+08:00,1.1225862503051758,1.1225862503051758,1.1225862503051758,1.1225862503051758,0,0.0,0.0
2014-01-22 00:00:00+08:00,1.1258784532546997,1.1423386484947153,1.1192943751586935,1.1258784532546997,40000,0.0,0.0
2014-01-23 00:00:00+08:00,1.1192944049835205,1.1258784832549669,1.1192944049835205,1.1192944049835205,8000,0.0,0.0
2014-01-24 00:00:00+08:00,1.1884273290634155,1.1884273290634155,1.135754698360893,1.1884273290634155,20000,0.0,0.0
2014-01-27 00:00:00+08:00,1.4057021141052246,1.4353305462662804,1.178551167149701,1.4057021141052246,165500,0.0,0.0
2014-02-05 00:00:00+08:00,1.2838964462280273,1.4155781611959686,1.2838964462280273,1.2838964462280273,194000,0.0,0.0
2014-02-06 00:00:00+08:00,1.3234009742736816,1.3497372870788404,1.316816896072392,1.3234009742736816,25000,0.0,0.0
2014-02-07 00:00:00+08:00,1.3661974668502808,1.3661974668502808,1.3497371939938405,1.3661974668502808,26000,0.0,0.0
2014-02-10 00:00:00+08:00,1.382657527923584,1.382657527923584,1.382657527923584,1.382657527923584,1000,0.0,0.0
2014-02-11 00:00:00+08:00,1.464958906173706,1.5242157739228288,1.4024102344024711,1.464958906173706,36000,0.0,0.0
2014-02-12 00:00:00+08:00,1.6460210084915161,1.6460210084915161,1.524215491537575,1.6460210084915161,105000,0.0,0.0
2014-02-13 00:00:00+08:00,1.5768882036209106,1.6558972981680502,1.5768882036209106,1.5768882036209106,24000,0.0,0.0
2014-02-14 00:00:00+08:00,1.5703041553497314,1.5966404683739672,1.5703041553497314,1.5703041553497314,27000,0.0,0.0
2014-02-17 00:00:00+08:00,1.5834722518920898,1.6624813449493476,1.5834722518920898,1.5834722518920898,91000,0.0,0.0
2014-02-18 00:00:00+08:00,1.5966405868530273,1.5966405868530273,1.5472599177798783,1.5966405868530273,56000,0.0,0.0
2014-02-19 00:00:00+08:00,1.5966405868530273,1.6098087443422913,1.5703042718744997,1.5966405868530273,31500,0.0,0.0
2014-02-20 00:00:00+08:00,1.5801804065704343,1.5801804065704343,1.563720131865337,1.5801804065704346,15000,0.0,0.0
2014-02-21 00:00:00+08:00,1.5801804065704343,1.5801804065704343,1.5801804065704343,1.5801804065704346,0,0.0,0.0
2014-02-24 00:00:00+08:00,1.5637201070785522,1.5637201070785522,1.5505519503139304,1.5637201070785522,30000,0.0,0.0
2014-02-25 00:00:00+08:00,1.5209234952926636,1.5472598084095706,1.5209234952926636,1.5209234952926636,11000,0.0,0.0
2014-02-26 00:00:00+08:00,1.488003134727478,1.5143394483900652,1.4649587817843084,1.488003134727478,17000,0.0,0.0
2014-02-27 00:00:00+08:00,1.488003134727478,1.488003134727478,1.488003134727478,1.488003134727478,3000,0.0,0.0
2014-03-03 00:00:00+08:00,1.4978792667388916,1.5242155792744387,1.4814189929157722,1.4978792667388916,20500,0.0,0.0
2014-03-04 00:00:00+08:00,1.4781270027160645,1.4814191205550598,1.4484987270491998,1.4781270027160645,86000,0.0,0.0
2014-03-05 00:00:00+08:00,1.6098086833953857,1.6098086833953857,1.481419074247448,1.6098086833953857,57000,0.0,0.0
2014-03-06 00:00:00+08:00,1.6789417266845703,1.7217383189767326,1.5966406601120244,1.6789417266845703,28000,0.0,0.0
2014-03-07 00:00:00+08:00,1.682233452796936,1.7480742279257282,1.6756493752840569,1.682233452796936,67050,0.0,0.0
2014-03-10 00:00:00+08:00,1.7118618488311768,1.7118618488311768,1.6921096148419865,1.7118618488311768,16000,0.0,0.0
2014-03-11 00:00:00+08:00,1.705277919769287,1.705277919769287,1.6855256840549884,1.705277919769287,10000,0.0,0.0
2014-03-12 00:00:00+08:00,1.695401906967163,1.695401906967163,1.6888178282925588,1.695401906967163,7000,0.0,0.0
2014-03-13 00:00:00+08:00,1.695401906967163,1.695401906967163,1.6855257104668477,1.695401906967163,9000,0.0,0.0
2014-03-14 00:00:00+08:00,1.6888177394866943,1.6888177394866943,1.6855256218340982,1.6888177394866943,20000,0.0,0.0
2014-03-17 00:00:00+08:00,1.6196848154067993,1.6921096759841405,1.6196848154067993,1.6196848154067993,9748,0.0,0.0
2014-03-18 00:00:00+08:00,1.6196848154067993,1.6196848154067993,1.6196848154067993,1.6196848154067993,0,0.0,0.0
2014-03-19 00:00:00+08:00,1.5999325513839722,1.6196847857249095,1.5999325513839722,1.5999325513839722,30000,0.0,0.0
2014-03-20 00:00:00+08:00,1.5999325513839722,1.5999325513839722,1.5999325513839722,1.5999325513839722,0,0.0,0.0
2014-03-21 00:00:00+08:00,1.5999325513839722,1.5999325513839722,1.5999325513839722,1.5999325513839722,0,0.0,0.0
2014-03-24 00:00:00+08:00,1.5999325513839722,1.5999325513839722,1.5999325513839722,1.5999325513839722,0,0.0,0.0
2014-03-25 00:00:00+08:00,1.8501275777816775,1.939012706052988,1.6131006213837813,1.8501275777816772,87000,0.0,0.0
2014-03-26 00:00:00+08:00,1.7513666152954102,1.8369596361644172,1.7480744975428104,1.7513666152954102,27000,0.0,0.0
2014-03-27 00:00:00+08:00,1.7480744123458862,1.7480744123458862,1.7480744123458862,1.7480744123458862,3000,0.0,0.0
2014-03-28 00:00:00+08:00,1.7513666152954102,1.7777029294089508,1.7381984582386398,1.7513666152954102,18000,0.0,0.0
2014-03-31 00:00:00+08:00,1.6657731533050537,1.6657731533050537,1.6657731533050537,1.6657731533050537,3000,0.0,0.0
2014-04-01 00:00:00+08:00,1.6723573207855225,1.6723573207855225,1.6591891652656992,1.6723573207855225,22000,0.0,0.0
2014-04-02 00:00:00+08:00,1.6723573207855225,1.6723573207855225,1.6723573207855225,1.6723573207855225,0,0.0,0.0
2014-04-03 00:00:00+08:00,1.6723573207855225,1.6723573207855225,1.6723573207855225,1.6723573207855225,0,0.0,0.0
2014-04-07 00:00:00+08:00,1.6723573207855225,1.6723573207855225,1.6723573207855225,1.6723573207855225,0,0.0,0.0
2014-04-08 00:00:00+08:00,1.6723573207855225,1.6723573207855225,1.6723573207855225,1.6723573207855225,0,0.0,0.0
2014-04-09 00:00:00+08:00,1.6723573207855225,1.6723573207855225,1.6723573207855225,1.6723573207855225,0,0.0,0.0
2014-04-10 00:00:00+08:00,1.6723573207855225,1.6723573207855225,1.6723573207855225,1.6723573207855225,0,0.0,0.0
2014-04-11 00:00:00+08:00,1.6723573207855225,1.6723573207855225,1.6723573207855225,1.6723573207855225,0,0.0,0.0
2014-04-14 00:00:00+08:00,1.5801804065704343,1.6591893484105495,1.5801804065704343,1.5801804065704346,25000,0.0,0.0
2014-04-15 00:00:00+08:00,1.5801804065704343,1.5801804065704343,1.5801804065704343,1.5801804065704346,0,0.0,0.0
2014-04-16 00:00:00+08:00,1.5801804065704343,1.5801804065704343,1.5801804065704343,1.5801804065704346,0,0.0,0.0
2014-04-17 00:00:00+08:00,1.5801804065704343,1.5801804065704343,1.5801804065704343,1.5801804065704346,0,0.0,0.0
2014-04-18 00:00:00+08:00,1.5801804065704343,1.5801804065704343,1.5801804065704343,1.5801804065704346,0,0.0,0.0
2014-04-21 00:00:00+08:00,1.5801804065704343,1.5801804065704343,1.5801804065704343,1.5801804065704346,0,0.0,0.0
2014-04-22 00:00:00+08:00,1.5801804065704343,1.5801804065704343,1.5801804065704343,1.5801804065704346,0,0.0,0.0
2014-04-23 00:00:00+08:00,1.5867646932601929,1.5867646932601929,1.5867646932601929,1.5867646932601929,5000,0.0,0.0
2014-04-24 00:00:00+08:00,1.5867646932601929,1.5867646932601929,1.5867646932601929,1.5867646932601929,0,0.0,0.0
2014-04-25 00:00:00+08:00,1.5801804065704343,1.5801804065704343,1.5801804065704343,1.5801804065704346,5000,0.0,0.0
2014-04-28 00:00:00+08:00,1.5801804065704343,1.5801804065704343,1.5801804065704343,1.5801804065704346,0,0.0,0.0
2014-04-29 00:00:00+08:00,1.5801804065704343,1.5801804065704343,1.5801804065704343,1.5801804065704346,0,0.0,0.0
2014-04-30 00:00:00+08:00,1.5801804065704343,1.5801804065704343,1.5801804065704343,1.5801804065704346,0,0.0,0.0
2014-05-02 00:00:00+08:00,1.5801804065704343,1.5801804065704343,1.5801804065704343,1.5801804065704346,0,0.0,0.0
2014-05-05 00:00:00+08:00,1.5801804065704343,1.5801804065704343,1.5801804065704343,1.5801804065704346,0,0.0,0.0
2014-05-06 00:00:00+08:00,1.5801804065704343,1.5801804065704343,1.5801804065704343,1.5801804065704346,0,0.0,0.0
2014-05-07 00:00:00+08:00,1.5801804065704343,1.5801804065704343,1.5801804065704343,1.5801804065704346,0,0.0,0.0
2014-05-08 00:00:00+08:00,1.5801804065704343,1.5801804065704343,1.5801804065704343,1.5801804065704346,0,0.0,0.0
2014-05-09 00:00:00+08:00,1.5801804065704343,1.5801804065704343,1.5801804065704343,1.5801804065704346,0,0.0,0.0
2014-05-12 00:00:00+08:00,1.5801804065704343,1.5801804065704343,1.5801804065704343,1.5801804065704346,0,0.0,0.0
2014-05-13 00:00:00+08:00,1.5801804065704343,1.5801804065704343,1.5801804065704343,1.5801804065704346,0,0.0,0.0
2014-05-14 00:00:00+08:00,1.5801804065704343,1.5801804065704343,1.5801804065704343,1.5801804065704346,0,0.0,0.0
2014-05-15 00:00:00+08:00,1.5801804065704343,1.5801804065704343,1.5801804065704343,1.5801804065704346,0,0.0,0.0
2014-05-16 00:00:00+08:00,1.5801804065704343,1.5801804065704343,1.5801804065704343,1.5801804065704346,0,0.0,0.0
2014-05-19 00:00:00+08:00,1.5801804065704343,1.5801804065704343,1.5801804065704343,1.5801804065704346,0,0.0,0.0
2014-05-20 00:00:00+08:00,1.5801804065704343,1.5801804065704343,1.5801804065704343,1.5801804065704346,0,0.0,0.0
2014-05-21 00:00:00+08:00,1.5801804065704343,1.5801804065704343,1.5801804065704343,1.5801804065704346,0,0.0,0.0
2014-05-22 00:00:00+08:00,1.488003134727478,1.5143394483900652,1.488003134727478,1.488003134727478,15000,0.0,0.0
2014-05-23 00:00:00+08:00,1.488003134727478,1.488003134727478,1.488003134727478,1.488003134727478,0,0.0,0.0
2014-05-26 00:00:00+08:00,1.488003134727478,1.488003134727478,1.488003134727478,1.488003134727478,0,0.0,0.0
2014-05-27 00:00:00+08:00,1.488003134727478,1.488003134727478,1.488003134727478,1.488003134727478,0,0.0,0.0
2014-05-28 00:00:00+08:00,1.4517908096313474,1.4517908096313474,1.4517908096313474,1.4517908096313477,50,0.0,0.0
2014-05-29 00:00:00+08:00,1.488003134727478,1.488003134727478,1.488003134727478,1.488003134727478,5000,0.0,0.0
2014-05-30 00:00:00+08:00,1.5143394470214844,1.5143394470214844,1.5143394470214844,1.5143394470214844,2000,0.0,0.0
2014-06-03 00:00:00+08:00,1.5143394470214844,1.5143394470214844,1.5143394470214844,1.5143394470214844,0,0.0,0.0
2014-06-04 00:00:00+08:00,1.5143394470214844,1.5143394470214844,1.5143394470214844,1.5143394470214844,0,0.0,0.0
2014-06-05 00:00:00+08:00,1.5143394470214844,1.5143394470214844,1.5143394470214844,1.5143394470214844,0,0.0,0.0
2014-06-06 00:00:00+08:00,1.5143394470214844,1.5472598390699666,1.5143394470214844,1.5143394470214844,6000,0.0,0.0
2014-06-09 00:00:00+08:00,1.5242154598236086,1.5242154598236086,1.5242154598236086,1.5242154598236084,23000,0.0,0.0
2014-06-10 00:00:00+08:00,1.5242154598236086,1.5242154598236086,1.5242154598236086,1.5242154598236084,0,0.0,0.0
2014-06-11 00:00:00+08:00,1.4616667032241824,1.5143393263028486,1.4484985474545156,1.4616667032241821,27000,0.0,0.0
2014-06-12 00:00:00+08:00,1.4616667032241824,1.4616667032241824,1.389241689514217,1.4616667032241821,2000,0.0,0.0
2014-06-13 00:00:00+08:00,1.4616667032241824,1.4616667032241824,1.4616667032241824,1.4616667032241821,0,0.0,0.0
2014-06-16 00:00:00+08:00,1.3892415761947632,1.3892415761947632,1.3892415761947632,1.3892415761947632,9000,0.0,0.0
2014-06-17 00:00:00+08:00,1.3892415761947632,1.3892415761947632,1.3892415761947632,1.3892415761947632,0,0.0,0.0
2014-06-18 00:00:00+08:00,1.3892415761947632,1.3892415761947632,1.3892415761947632,1.3892415761947632,0,0.0,0.0
2014-06-19 00:00:00+08:00,1.3892415761947632,1.3892415761947632,1.3892415761947632,1.3892415761947632,2000,0.0,0.0
2014-06-20 00:00:00+08:00,1.3892415761947632,1.3892415761947632,1.3892415761947632,1.3892415761947632,0,0.0,0.0
2014-06-23 00:00:00+08:00,1.3892415761947632,1.3892415761947632,1.3892415761947632,1.3892415761947632,0,0.0,0.0
2014-06-24 00:00:00+08:00,1.3892415761947632,1.3892415761947632,1.3892415761947632,1.3892415761947632,0,0.0,0.0
2014-06-25 00:00:00+08:00,1.3892415761947632,1.3892415761947632,1.3892415761947632,1.3892415761947632,0,0.0,0.0
2014-06-26 00:00:00+08:00,1.3892415761947632,1.3892415761947632,1.3892415761947632,1.3892415761947632,0,0.0,0.0
2014-06-27 00:00:00+08:00,1.3497371673583984,1.3497371673583984,1.3497371673583984,1.3497371673583984,2000,0.0,0.0
2014-06-30 00:00:00+08:00,1.3497371673583984,1.3497371673583984,1.3497371673583984,1.3497371673583984,0,0.0,0.0
2014-07-01 00:00:00+08:00,1.3497371673583984,1.3497371673583984,1.3497371673583984,1.3497371673583984,5,0.0,0.0
2014-07-02 00:00:00+08:00,1.3497371673583984,1.3497371673583984,1.3497371673583984,1.3497371673583984,0,0.0,0.0
2014-07-03 00:00:00+08:00,1.4550825357437134,1.4550825357437134,1.3991177986802183,1.4550825357437134,19000,0.0,0.0
2014-07-04 00:00:00+08:00,1.5406756401062012,1.5406756401062012,1.43203827635841,1.5406756401062012,40000,0.0,0.0
2014-07-07 00:00:00+08:00,1.5143394470214844,1.5406757606602701,1.5011712902020915,1.5143394470214844,10000,0.0,0.0
2014-07-08 00:00:00+08:00,1.6394368410110474,1.6394368410110474,1.5735960670655385,1.6394368410110474,18001,0.0,0.0
2014-07-09 00:00:00+08:00,1.6131006479263306,1.6131006479263306,1.6131006479263306,1.6131006479263306,5000,0.0,0.0
2014-07-10 00:00:00+08:00,1.5999325513839722,1.6131007076112636,1.5999325513839722,1.5999325513839722,22000,0.0,0.0
2014-07-11 00:00:00+08:00,1.5999325513839722,1.5999325513839722,1.5999325513839722,1.5999325513839722,0,0.0,0.0
2014-07-14 00:00:00+08:00,1.606516718864441,1.606516718864441,1.5999326403845382,1.606516718864441,20000,0.0,0.0
2014-07-15 00:00:00+08:00,1.5801804065704343,1.6032246027853947,1.5801804065704343,1.5801804065704346,17000,0.0,0.0
2014-07-16 00:00:00+08:00,1.606516718864441,1.606516718864441,1.606516718864441,1.606516718864441,1000,0.0,0.0
2014-07-17 00:00:00+08:00,1.606516718864441,1.606516718864441,1.606516718864441,1.606516718864441,0,0.0,0.0
2014-07-18 00:00:00+08:00,1.5307996273040771,1.5307996273040771,1.5307996273040771,1.5307996273040771,2000,0.0,0.0
2014-07-21 00:00:00+08:00,1.4386224746704102,1.5143394552834217,1.4386224746704102,1.4386224746704102,24000,0.0,0.0
2014-07-22 00:00:00+08:00,1.4386224746704102,1.4386224746704102,1.4386224746704102,1.4386224746704102,0,0.0,0.0
2014-07-23 00:00:00+08:00,1.4386224746704102,1.4386224746704102,1.4386224746704102,1.4386224746704102,0,0.0,0.0
2014-07-24 00:00:00+08:00,1.4386224746704102,1.4386224746704102,1.4386224746704102,1.4386224746704102,0,0.0,0.0
2014-07-25 00:00:00+08:00,1.4386224746704102,1.4386224746704102,1.4386224746704102,1.4386224746704102,0,0.0,0.0
2014-07-28 00:00:00+08:00,1.4583746194839475,1.4583746194839475,1.4583746194839475,1.4583746194839478,1004,0.0,0.0
2014-07-29 00:00:00+08:00,1.47483491897583,1.47483491897583,1.47483491897583,1.47483491897583,4,0.0,0.0
2014-07-30 00:00:00+08:00,1.4814189672470093,1.4814189672470093,1.4814189672470093,1.4814189672470093,3,0.0,0.0
2014-07-31 00:00:00+08:00,1.4814189672470093,1.4814189672470093,1.4814189672470093,1.4814189672470093,3,0.0,0.0
2014-08-01 00:00:00+08:00,1.4814189672470093,1.4814189672470093,1.4814189672470093,1.4814189672470093,0,0.0,0.0
2014-08-04 00:00:00+08:00,1.4089943170547485,1.4089943170547485,1.4089943170547485,1.4089943170547485,11000,0.0,0.0
2014-08-05 00:00:00+08:00,1.3530293703079224,1.3530293703079224,1.3530293703079224,1.3530293703079224,5000,0.0,0.0
2014-08-06 00:00:00+08:00,1.3629052639007568,1.3629052639007568,1.3629052639007568,1.3629052639007568,7,0.0,0.0
2014-08-07 00:00:00+08:00,1.3332772254943848,1.3332772254943848,1.3036487938683898,1.3332772254943848,12000,0.0,0.0
2014-08-08 00:00:00+08:00,1.3629052639007568,1.3629052639007568,1.3629052639007568,1.3629052639007568,7,0.0,0.0
2014-08-11 00:00:00+08:00,1.3596135377883911,1.3596135377883911,1.3596135377883911,1.3596135377883911,7,0.0,0.0
2014-08-12 00:00:00+08:00,1.3530293703079224,1.3629054088706531,1.3530293703079224,1.3530293703079224,39007,0.0,0.0
2014-08-13 00:00:00+08:00,1.3661974668502808,1.3661974668502808,1.283896416521671,1.3661974668502808,41006,0.0,0.0
2014-08-14 00:00:00+08:00,1.3168169260025024,1.3168169260025024,1.3168169260025024,1.3168169260025024,5000,0.0,0.0
2014-08-15 00:00:00+08:00,1.2773123979568481,1.3168168662705313,1.2773123979568481,1.2773123979568481,9000,0.0,0.0
2014-08-18 00:00:00+08:00,1.1851351261138916,1.27731237410107,1.152214736467328,1.1851351261138916,86000,0.0,0.0
2014-08-19 00:00:00+08:00,1.1851351261138916,1.1950113214962608,1.16867493129061,1.1851351261138916,35000,0.0,0.0
2014-08-20 00:00:00+08:00,1.0633296966552734,1.1818431879827374,1.0633296966552734,1.0633296966552734,26005,0.0,0.0
2014-08-21 00:00:00+08:00,0.9612764120101929,1.023825158355524,0.9514002941661932,0.9612764120101929,331019,0.0,0.0
2014-08-22 00:00:00+08:00,0.9843205213546752,0.9843205213546752,0.938231900682618,0.9843205213546753,37240,0.0,0.0
2014-08-25 00:00:00+08:00,0.9843205213546752,0.9843205213546752,0.938231900682618,0.9843205213546753,43015,0.0,0.0
2014-08-26 00:00:00+08:00,0.9876126646995544,0.9876126646995544,0.9546922739382637,0.9876126646995544,16010,0.0,0.0
2014-08-27 00:00:00+08:00,0.9876126646995544,0.9876126646995544,0.9843206256234254,0.9876126646995544,5010,0.0,0.0
2014-08-28 00:00:00+08:00,0.9546924829483033,0.9876128809168296,0.9546924829483033,0.9546924829483032,10010,0.0,0.0
2014-08-29 00:00:00+08:00,1.1851351261138916,1.1851351261138916,0.9876126312577098,1.1851351261138916,324407,0.0,0.0
2014-09-01 00:00:00+08:00,1.1851351261138916,1.1851351261138916,1.1851351261138916,1.1851351261138916,0,0.0,0.0
2014-09-02 00:00:00+08:00,1.1851351261138916,1.1851351261138916,1.1851351261138916,1.1851351261138916,0,0.0,0.0
2014-09-03 00:00:00+08:00,1.1851351261138916,1.1851351261138916,1.1851351261138916,1.1851351261138916,0,0.0,0.0
2014-09-04 00:00:00+08:00,1.1851351261138916,1.1851351261138916,1.1851351261138916,1.1851351261138916,0,0.0,0.0
2014-09-05 00:00:00+08:00,1.1851351261138916,1.1851351261138916,1.1851351261138916,1.1851351261138916,0,0.0,0.0
2014-09-09 00:00:00+08:00,1.1851351261138916,1.1851351261138916,1.1851351261138916,1.1851351261138916,0,0.0,0.0
2014-09-10 00:00:00+08:00,1.1851351261138916,1.1851351261138916,1.1851351261138916,1.1851351261138916,0,0.0,0.0
2014-09-11 00:00:00+08:00,1.1851351261138916,1.1851351261138916,1.1851351261138916,1.1851351261138916,0,0.0,0.0
2014-09-12 00:00:00+08:00,1.1851351261138916,1.1851351261138916,1.1851351261138916,1.1851351261138916,0,0.0,0.0
2014-09-15 00:00:00+08:00,1.1851351261138916,1.1851351261138916,1.1851351261138916,1.1851351261138916,0,0.0,0.0
2014-09-16 00:00:00+08:00,1.1851351261138916,1.1851351261138916,1.1851351261138916,1.1851351261138916,0,0.0,0.0
2014-09-17 00:00:00+08:00,1.1851351261138916,1.1851351261138916,1.1851351261138916,1.1851351261138916,0,0.0,0.0
2014-09-18 00:00:00+08:00,1.1851351261138916,1.1851351261138916,1.1851351261138916,1.1851351261138916,0,0.0,0.0
2014-09-19 00:00:00+08:00,1.1851351261138916,1.1851351261138916,1.1851351261138916,1.1851351261138916,0,0.0,0.0
2014-09-22 00:00:00+08:00,1.1851351261138916,1.1851351261138916,1.1851351261138916,1.1851351261138916,0,0.0,0.0
2014-09-23 00:00:00+08:00,1.1851351261138916,1.1851351261138916,1.1851351261138916,1.1851351261138916,0,0.0,0.0
2014-09-24 00:00:00+08:00,1.1851351261138916,1.1851351261138916,1.1851351261138916,1.1851351261138916,0,0.0,0.0
2014-09-25 00:00:00+08:00,1.1851351261138916,1.1851351261138916,1.1851351261138916,1.1851351261138916,0,0.0,0.0
2014-09-26 00:00:00+08:00,1.1851351261138916,1.1851351261138916,1.1851351261138916,1.1851351261138916,0,0.0,0.0
2014-09-29 00:00:00+08:00,1.1851351261138916,1.1851351261138916,1.1851351261138916,1.1851351261138916,0,0.0,0.0
2014-09-30 00:00:00+08:00,1.1851351261138916,1.1851351261138916,1.1851351261138916,1.1851351261138916,0,0.0,0.0
2014-10-01 00:00:00+08:00,1.1851351261138916,1.1851351261138916,1.1851351261138916,1.1851351261138916,0,0.0,0.0
2014-10-02 00:00:00+08:00,1.1851351261138916,1.1851351261138916,1.1851351261138916,1.1851351261138916,0,0.0,0.0
2014-10-03 00:00:00+08:00,1.1851351261138916,1.1851351261138916,1.1851351261138916,1.1851351261138916,0,0.0,0.0
2014-10-06 00:00:00+08:00,1.1851351261138916,1.1851351261138916,1.1851351261138916,1.1851351261138916,0,0.0,0.0
2014-10-07 00:00:00+08:00,1.1851351261138916,1.1851351261138916,1.1851351261138916,1.1851351261138916,0,0.0,0.0
2014-10-08 00:00:00+08:00,1.1851351261138916,1.1851351261138916,1.1851351261138916,1.1851351261138916,0,0.0,0.0
2014-10-09 00:00:00+08:00,1.1851351261138916,1.1851351261138916,1.1851351261138916,1.1851351261138916,0,0.0,0.0
2014-10-13 00:00:00+08:00,1.1851351261138916,1.1851351261138916,1.1851351261138916,1.1851351261138916,0,0.0,0.0
2014-10-14 00:00:00+08:00,1.1851351261138916,1.1851351261138916,1.1851351261138916,1.1851351261138916,0,0.0,0.0
2014-10-15 00:00:00+08:00,1.1851351261138916,1.1851351261138916,1.1851351261138916,1.1851351261138916,0,0.0,0.0
2014-10-16 00:00:00+08:00,1.1851351261138916,1.1851351261138916,1.1851351261138916,1.1851351261138916,0,0.0,0.0
2014-10-17 00:00:00+08:00,1.1851351261138916,1.1851351261138916,1.1851351261138916,1.1851351261138916,0,0.0,0.0
2014-10-20 00:00:00+08:00,1.1851351261138916,1.1851351261138916,1.1851351261138916,1.1851351261138916,0,0.0,0.0
2014-10-21 00:00:00+08:00,1.1851351261138916,1.1851351261138916,1.1851351261138916,1.1851351261138916,0,0.0,0.0
2014-10-22 00:00:00+08:00,1.1851351261138916,1.1851351261138916,1.1851351261138916,1.1851351261138916,0,0.0,0.0
2014-10-23 00:00:00+08:00,1.1851351261138916,1.1851351261138916,1.1851351261138916,1.1851351261138916,0,0.0,0.0
2014-10-24 00:00:00+08:00,1.1851351261138916,1.1851351261138916,1.1851351261138916,1.1851351261138916,0,0.0,0.0
2014-10-27 00:00:00+08:00,1.1851351261138916,1.1851351261138916,1.1851351261138916,1.1851351261138916,0,0.0,0.0
2014-10-28 00:00:00+08:00,1.1851351261138916,1.1851351261138916,1.1851351261138916,1.1851351261138916,0,0.0,0.0
2014-10-29 00:00:00+08:00,1.1851351261138916,1.1851351261138916,1.1851351261138916,1.1851351261138916,0,0.0,0.0
2014-10-30 00:00:00+08:00,1.1851351261138916,1.1851351261138916,1.1851351261138916,1.1851351261138916,0,0.0,0.0
2014-10-31 00:00:00+08:00,1.1851351261138916,1.1851351261138916,1.1851351261138916,1.1851351261138916,0,0.0,0.0
2014-11-03 00:00:00+08:00,1.1851351261138916,1.1851351261138916,1.1851351261138916,1.1851351261138916,0,0.0,0.0
2014-11-04 00:00:00+08:00,1.1851351261138916,1.1851351261138916,1.1851351261138916,1.1851351261138916,0,0.0,0.0
2014-11-05 00:00:00+08:00,1.1851351261138916,1.1851351261138916,1.1851351261138916,1.1851351261138916,0,0.0,0.0
2014-11-06 00:00:00+08:00,1.1851351261138916,1.1851351261138916,1.1851351261138916,1.1851351261138916,0,0.0,0.0
2014-11-07 00:00:00+08:00,1.1851351261138916,1.1851351261138916,1.1851351261138916,1.1851351261138916,0,0.0,0.0
2014-11-10 00:00:00+08:00,1.1851351261138916,1.1851351261138916,1.1851351261138916,1.1851351261138916,0,0.0,0.0
2014-11-11 00:00:00+08:00,1.1851351261138916,1.1851351261138916,1.1851351261138916,1.1851351261138916,0,0.0,0.0
2014-11-12 00:00:00+08:00,1.1851351261138916,1.1851351261138916,1.1851351261138916,1.1851351261138916,0,0.0,0.0
2014-11-13 00:00:00+08:00,1.1851351261138916,1.1851351261138916,1.1851351261138916,1.1851351261138916,0,0.0,0.0
2014-11-14 00:00:00+08:00,1.1851351261138916,1.1851351261138916,1.1851351261138916,1.1851351261138916,0,0.0,0.0
2014-11-17 00:00:00+08:00,1.1851351261138916,1.1851351261138916,1.1851351261138916,1.1851351261138916,0,0.0,0.0
2014-11-18 00:00:00+08:00,1.1851351261138916,1.1851351261138916,1.1851351261138916,1.1851351261138916,0,0.0,0.0
2014-11-19 00:00:00+08:00,1.1851351261138916,1.1851351261138916,1.1851351261138916,1.1851351261138916,0,0.0,0.0
2014-11-20 00:00:00+08:00,1.1851351261138916,1.1851351261138916,1.1851351261138916,1.1851351261138916,0,0.0,0.0
2014-11-21 00:00:00+08:00,1.1851351261138916,1.1851351261138916,1.1851351261138916,1.1851351261138916,0,0.0,0.0
2014-11-24 00:00:00+08:00,1.1851351261138916,1.1851351261138916,1.1851351261138916,1.1851351261138916,0,0.0,0.0
2014-11-25 00:00:00+08:00,1.1851351261138916,1.1851351261138916,1.1851351261138916,1.1851351261138916,0,0.0,0.0
2014-11-26 00:00:00+08:00,1.1851351261138916,1.1851351261138916,1.1851351261138916,1.1851351261138916,0,0.0,0.0
2014-11-27 00:00:00+08:00,1.1851351261138916,1.1851351261138916,1.1851351261138916,1.1851351261138916,0,0.0,0.0
2014-11-28 00:00:00+08:00,1.1851351261138916,1.1851351261138916,1.1851351261138916,1.1851351261138916,0,0.0,0.0
2014-12-01 00:00:00+08:00,1.1851351261138916,1.1851351261138916,1.1851351261138916,1.1851351261138916,0,0.0,0.0
2014-12-02 00:00:00+08:00,1.1851351261138916,1.1851351261138916,1.1851351261138916,1.1851351261138916,0,0.0,0.0
2014-12-03 00:00:00+08:00,1.1851351261138916,1.1851351261138916,1.1851351261138916,1.1851351261138916,0,0.0,0.0
2014-12-04 00:00:00+08:00,1.1851351261138916,1.1851351261138916,1.1851351261138916,1.1851351261138916,0,0.0,0.0
2014-12-05 00:00:00+08:00,1.1851351261138916,1.1851351261138916,1.1851351261138916,1.1851351261138916,0,0.0,0.0
2014-12-08 00:00:00+08:00,1.1851351261138916,1.1851351261138916,1.1851351261138916,1.1851351261138916,0,0.0,0.0
2014-12-09 00:00:00+08:00,1.1851351261138916,1.1851351261138916,1.1851351261138916,1.1851351261138916,0,0.0,0.0
2014-12-10 00:00:00+08:00,1.1851351261138916,1.1851351261138916,1.1851351261138916,1.1851351261138916,0,0.0,0.0
2014-12-11 00:00:00+08:00,1.1851351261138916,1.1851351261138916,1.1851351261138916,1.1851351261138916,0,0.0,0.0
2014-12-12 00:00:00+08:00,1.1851351261138916,1.1851351261138916,1.1851351261138916,1.1851351261138916,0,0.0,0.0
2014-12-15 00:00:00+08:00,1.1851351261138916,1.1851351261138916,1.1851351261138916,1.1851351261138916,0,0.0,0.0
2014-12-16 00:00:00+08:00,1.1851351261138916,1.1851351261138916,1.1851351261138916,1.1851351261138916,0,0.0,0.0
2014-12-17 00:00:00+08:00,1.1851351261138916,1.1851351261138916,1.1851351261138916,1.1851351261138916,0,0.0,0.0
2014-12-18 00:00:00+08:00,1.1851351261138916,1.1851351261138916,1.1851351261138916,1.1851351261138916,0,0.0,0.0
2014-12-19 00:00:00+08:00,1.1851351261138916,1.1851351261138916,1.1851351261138916,1.1851351261138916,0,0.0,0.0
2014-12-22 00:00:00+08:00,1.1851351261138916,1.1851351261138916,1.1851351261138916,1.1851351261138916,0,0.0,0.0
2014-12-23 00:00:00+08:00,1.1851351261138916,1.1851351261138916,1.1851351261138916,1.1851351261138916,0,0.0,0.0
2014-12-24 00:00:00+08:00,1.1851351261138916,1.1851351261138916,1.1851351261138916,1.1851351261138916,0,0.0,0.0
2014-12-25 00:00:00+08:00,1.1851351261138916,1.1851351261138916,1.1851351261138916,1.1851351261138916,0,0.0,0.0
2014-12-26 00:00:00+08:00,1.1851351261138916,1.1851351261138916,1.1851351261138916,1.1851351261138916,0,0.0,0.0
2014-12-29 00:00:00+08:00,1.1851351261138916,1.1851351261138916,1.1851351261138916,1.1851351261138916,0,0.0,0.0
2014-12-30 00:00:00+08:00,1.1851351261138916,1.1851351261138916,1.1851351261138916,1.1851351261138916,0,0.0,0.0
2014-12-31 00:00:00+08:00,1.1851351261138916,1.1851351261138916,1.1851351261138916,1.1851351261138916,0,0.0,0.0
2015-01-05 00:00:00+08:00,1.1851351261138916,1.1851351261138916,1.1851351261138916,1.1851351261138916,0,0.0,0.0
2015-01-06 00:00:00+08:00,1.1851351261138916,1.1851351261138916,1.1851351261138916,1.1851351261138916,0,0.0,0.0
2015-01-07 00:00:00+08:00,1.1851351261138916,1.1851351261138916,1.1851351261138916,1.1851351261138916,0,0.0,0.0
2015-01-08 00:00:00+08:00,1.1851351261138916,1.1851351261138916,1.1851351261138916,1.1851351261138916,0,0.0,0.0
2015-01-09 00:00:00+08:00,1.1851351261138916,1.1851351261138916,1.1851351261138916,1.1851351261138916,0,0.0,0.0
2015-01-12 00:00:00+08:00,1.1851351261138916,1.1851351261138916,1.1851351261138916,1.1851351261138916,0,0.0,0.0
2015-01-13 00:00:00+08:00,1.1851351261138916,1.1851351261138916,1.1851351261138916,1.1851351261138916,0,0.0,0.0
2015-01-14 00:00:00+08:00,1.1851351261138916,1.1851351261138916,1.1851351261138916,1.1851351261138916,0,0.0,0.0
2015-01-15 00:00:00+08:00,1.1851351261138916,1.1851351261138916,1.1851351261138916,1.1851351261138916,0,0.0,0.0
2015-01-16 00:00:00+08:00,1.1851351261138916,1.1851351261138916,1.1851351261138916,1.1851351261138916,0,0.0,0.0
2015-01-19 00:00:00+08:00,1.1851351261138916,1.1851351261138916,1.1851351261138916,1.1851351261138916,0,0.0,0.0
2015-01-20 00:00:00+08:00,1.1851351261138916,1.1851351261138916,1.1851351261138916,1.1851351261138916,0,0.0,0.0
2015-01-21 00:00:00+08:00,1.1851351261138916,1.1851351261138916,1.1851351261138916,1.1851351261138916,0,0.0,0.0
2015-01-22 00:00:00+08:00,1.1851351261138916,1.1851351261138916,1.1851351261138916,1.1851351261138916,0,0.0,0.0
2015-01-23 00:00:00+08:00,1.1851351261138916,1.1851351261138916,1.1851351261138916,1.1851351261138916,0,0.0,0.0
2015-01-26 00:00:00+08:00,1.1851351261138916,1.1851351261138916,1.1851351261138916,1.1851351261138916,0,0.0,0.0
2015-01-27 00:00:00+08:00,1.1851351261138916,1.1851351261138916,1.1851351261138916,1.1851351261138916,0,0.0,0.0
2015-01-28 00:00:00+08:00,1.1851351261138916,1.1851351261138916,1.1851351261138916,1.1851351261138916,0,0.0,0.0
2015-01-29 00:00:00+08:00,1.1851351261138916,1.1851351261138916,1.1851351261138916,1.1851351261138916,0,0.0,0.0
2015-01-30 00:00:00+08:00,1.1851351261138916,1.1851351261138916,1.1851351261138916,1.1851351261138916,0,0.0,0.0
2015-02-02 00:00:00+08:00,1.1851351261138916,1.1851351261138916,1.1851351261138916,1.1851351261138916,0,0.0,0.0
2015-02-03 00:00:00+08:00,1.1851351261138916,1.1851351261138916,1.1851351261138916,1.1851351261138916,0,0.0,0.0
2015-02-04 00:00:00+08:00,1.1851351261138916,1.1851351261138916,1.1851351261138916,1.1851351261138916,0,0.0,0.0
2015-02-05 00:00:00+08:00,1.1851351261138916,1.1851351261138916,1.1851351261138916,1.1851351261138916,0,0.0,0.0
2015-02-06 00:00:00+08:00,1.1851351261138916,1.1851351261138916,1.1851351261138916,1.1851351261138916,0,0.0,0.0
2015-02-09 00:00:00+08:00,1.1851351261138916,1.1851351261138916,1.1851351261138916,1.1851351261138916,0,0.0,0.0
2015-02-10 00:00:00+08:00,1.1851351261138916,1.1851351261138916,1.1851351261138916,1.1851351261138916,0,0.0,0.0
2015-02-11 00:00:00+08:00,1.1851351261138916,1.1851351261138916,1.1851351261138916,1.1851351261138916,0,0.0,0.0
2015-02-12 00:00:00+08:00,1.1851351261138916,1.1851351261138916,1.1851351261138916,1.1851351261138916,0,0.0,0.0
2015-02-13 00:00:00+08:00,1.1851351261138916,1.1851351261138916,1.1851351261138916,1.1851351261138916,0,0.0,0.0
2015-02-24 00:00:00+08:00,1.1851351261138916,1.1851351261138916,1.1851351261138916,1.1851351261138916,0,0.0,0.0
2015-02-25 00:00:00+08:00,1.1851351261138916,1.1851351261138916,1.1851351261138916,1.1851351261138916,0,0.0,0.0
2015-02-26 00:00:00+08:00,1.1851351261138916,1.1851351261138916,1.1851351261138916,1.1851351261138916,0,0.0,0.0
2015-03-02 00:00:00+08:00,1.1851351261138916,1.1851351261138916,1.1851351261138916,1.1851351261138916,0,0.0,0.0
2015-03-03 00:00:00+08:00,1.1851351261138916,1.1851351261138916,1.1851351261138916,1.1851351261138916,0,0.0,0.0
2015-03-04 00:00:00+08:00,1.1851351261138916,1.1851351261138916,1.1851351261138916,1.1851351261138916,0,0.0,0.0
2015-03-05 00:00:00+08:00,1.1851351261138916,1.1851351261138916,1.1851351261138916,1.1851351261138916,0,0.0,0.0
2015-03-06 00:00:00+08:00,1.1851351261138916,1.1851351261138916,1.1851351261138916,1.1851351261138916,0,0.0,0.0
2015-03-09 00:00:00+08:00,1.1851351261138916,1.1851351261138916,1.1851351261138916,1.1851351261138916,0,0.0,0.0
2015-03-10 00:00:00+08:00,1.1851351261138916,1.1851351261138916,1.1851351261138916,1.1851351261138916,0,0.0,0.0
2015-03-11 00:00:00+08:00,1.1851351261138916,1.1851351261138916,1.1851351261138916,1.1851351261138916,0,0.0,0.0
2015-03-12 00:00:00+08:00,1.1851351261138916,1.1851351261138916,1.1851351261138916,1.1851351261138916,0,0.0,0.0
2015-03-13 00:00:00+08:00,1.1851351261138916,1.1851351261138916,1.1851351261138916,1.1851351261138916,0,0.0,0.0
2015-03-16 00:00:00+08:00,1.1851351261138916,1.1851351261138916,1.1851351261138916,1.1851351261138916,0,0.0,0.0
2015-03-17 00:00:00+08:00,1.1851351261138916,1.1851351261138916,1.1851351261138916,1.1851351261138916,0,0.0,0.0
2015-03-18 00:00:00+08:00,1.1851351261138916,1.1851351261138916,1.1851351261138916,1.1851351261138916,0,0.0,0.0
2015-03-19 00:00:00+08:00,1.1851351261138916,1.1851351261138916,1.1851351261138916,1.1851351261138916,0,0.0,0.0
2015-03-20 00:00:00+08:00,1.1851351261138916,1.1851351261138916,1.1851351261138916,1.1851351261138916,0,0.0,0.0
2015-03-23 00:00:00+08:00,1.1851351261138916,1.1851351261138916,1.1851351261138916,1.1851351261138916,0,0.0,0.0
2015-03-24 00:00:00+08:00,1.1851351261138916,1.1851351261138916,1.1851351261138916,1.1851351261138916,0,0.0,0.0
2015-03-25 00:00:00+08:00,1.1851351261138916,1.1851351261138916,1.1851351261138916,1.1851351261138916,0,0.0,0.0
2015-03-26 00:00:00+08:00,1.1851351261138916,1.1851351261138916,1.1851351261138916,1.1851351261138916,0,0.0,0.0
2015-03-27 00:00:00+08:00,1.1851351261138916,1.1851351261138916,1.1851351261138916,1.1851351261138916,0,0.0,0.0
2015-03-30 00:00:00+08:00,1.1851351261138916,1.1851351261138916,1.1851351261138916,1.1851351261138916,0,0.0,0.0
2015-03-31 00:00:00+08:00,1.1851351261138916,1.1851351261138916,1.1851351261138916,1.1851351261138916,0,0.0,0.0
2015-04-01 00:00:00+08:00,1.1851351261138916,1.1851351261138916,1.1851351261138916,1.1851351261138916,0,0.0,0.0
2015-04-02 00:00:00+08:00,1.1851351261138916,1.1851351261138916,1.1851351261138916,1.1851351261138916,0,0.0,0.0
2015-04-07 00:00:00+08:00,1.1851351261138916,1.1851351261138916,1.1851351261138916,1.1851351261138916,0,0.0,0.0
2015-04-08 00:00:00+08:00,1.1851351261138916,1.1851351261138916,1.1851351261138916,1.1851351261138916,0,0.0,0.0
2015-04-09 00:00:00+08:00,1.1851351261138916,1.1851351261138916,1.1851351261138916,1.1851351261138916,0,0.0,0.0
2015-04-10 00:00:00+08:00,1.1851351261138916,1.1851351261138916,1.1851351261138916,1.1851351261138916,0,0.0,0.0
2015-04-13 00:00:00+08:00,1.1851351261138916,1.1851351261138916,1.1851351261138916,1.1851351261138916,0,0.0,0.0
2015-04-14 00:00:00+08:00,1.1851351261138916,1.1851351261138916,1.1851351261138916,1.1851351261138916,0,0.0,0.0
2015-04-15 00:00:00+08:00,1.1851351261138916,1.1851351261138916,1.1851351261138916,1.1851351261138916,0,0.0,0.0
2015-04-16 00:00:00+08:00,1.1851351261138916,1.1851351261138916,1.1851351261138916,1.1851351261138916,0,0.0,0.0
2015-04-17 00:00:00+08:00,1.1851351261138916,1.1851351261138916,1.1851351261138916,1.1851351261138916,0,0.0,0.0
2015-04-20 00:00:00+08:00,1.1851351261138916,1.1851351261138916,1.1851351261138916,1.1851351261138916,0,0.0,0.0
2015-04-21 00:00:00+08:00,1.1851351261138916,1.1851351261138916,1.1851351261138916,1.1851351261138916,0,0.0,0.0
2015-04-22 00:00:00+08:00,1.1851351261138916,1.1851351261138916,1.1851351261138916,1.1851351261138916,0,0.0,0.0
2015-04-23 00:00:00+08:00,1.1851351261138916,1.1851351261138916,1.1851351261138916,1.1851351261138916,0,0.0,0.0
2015-04-24 00:00:00+08:00,1.1851351261138916,1.1851351261138916,1.1851351261138916,1.1851351261138916,0,0.0,0.0
2015-04-27 00:00:00+08:00,1.1851351261138916,1.1851351261138916,1.1851351261138916,1.1851351261138916,0,0.0,0.0
2015-04-28 00:00:00+08:00,1.1851351261138916,1.1851351261138916,1.1851351261138916,1.1851351261138916,0,0.0,0.0
2015-04-29 00:00:00+08:00,1.1851351261138916,1.1851351261138916,1.1851351261138916,1.1851351261138916,0,0.0,0.0
2015-04-30 00:00:00+08:00,1.1851351261138916,1.1851351261138916,1.1851351261138916,1.1851351261138916,0,0.0,0.0
2015-05-04 00:00:00+08:00,1.1851351261138916,1.1851351261138916,1.1851351261138916,1.1851351261138916,0,0.0,0.0
2015-05-05 00:00:00+08:00,1.1851351261138916,1.1851351261138916,1.1851351261138916,1.1851351261138916,0,0.0,0.0
2015-05-06 00:00:00+08:00,1.1851351261138916,1.1851351261138916,1.1851351261138916,1.1851351261138916,0,0.0,0.0
2015-05-07 00:00:00+08:00,1.1851351261138916,1.1851351261138916,1.1851351261138916,1.1851351261138916,0,0.0,0.0
2015-05-08 00:00:00+08:00,1.1851351261138916,1.1851351261138916,1.1851351261138916,1.1851351261138916,0,0.0,0.0
2015-05-11 00:00:00+08:00,1.1851351261138916,1.1851351261138916,1.1851351261138916,1.1851351261138916,0,0.0,0.0
2015-05-12 00:00:00+08:00,1.1851351261138916,1.1851351261138916,1.1851351261138916,1.1851351261138916,0,0.0,0.0
2015-05-13 00:00:00+08:00,1.1851351261138916,1.1851351261138916,1.1851351261138916,1.1851351261138916,0,0.0,0.0
2015-05-14 00:00:00+08:00,1.1851351261138916,1.1851351261138916,1.1851351261138916,1.1851351261138916,0,0.0,0.0
2015-05-15 00:00:00+08:00,1.1851351261138916,1.1851351261138916,1.1851351261138916,1.1851351261138916,0,0.0,0.0
2015-05-18 00:00:00+08:00,1.1851351261138916,1.1851351261138916,1.1851351261138916,1.1851351261138916,0,0.0,0.0
2015-05-19 00:00:00+08:00,1.1851351261138916,1.1851351261138916,1.1851351261138916,1.1851351261138916,0,0.0,0.0
2015-05-20 00:00:00+08:00,1.1851351261138916,1.1851351261138916,1.1851351261138916,1.1851351261138916,0,0.0,0.0
2015-05-21 00:00:00+08:00,1.1851351261138916,1.1851351261138916,1.1851351261138916,1.1851351261138916,0,0.0,0.0
2015-05-22 00:00:00+08:00,1.1851351261138916,1.1851351261138916,1.1851351261138916,1.1851351261138916,0,0.0,0.0
2015-05-25 00:00:00+08:00,1.1851351261138916,1.1851351261138916,1.1851351261138916,1.1851351261138916,0,0.0,0.0
2015-05-26 00:00:00+08:00,1.1851351261138916,1.1851351261138916,1.1851351261138916,1.1851351261138916,0,0.0,0.0
2015-05-27 00:00:00+08:00,1.1851351261138916,1.1851351261138916,1.1851351261138916,1.1851351261138916,0,0.0,0.0
2015-05-28 00:00:00+08:00,1.1851351261138916,1.1851351261138916,1.1851351261138916,1.1851351261138916,0,0.0,0.0
2015-05-29 00:00:00+08:00,1.1851351261138916,1.1851351261138916,1.1851351261138916,1.1851351261138916,0,0.0,0.0
2015-06-01 00:00:00+08:00,1.1851351261138916,1.1851351261138916,1.1851351261138916,1.1851351261138916,0,0.0,0.0
2015-06-02 00:00:00+08:00,1.1851351261138916,1.1851351261138916,1.1851351261138916,1.1851351261138916,0,0.0,0.0
2015-06-03 00:00:00+08:00,1.1851351261138916,1.1851351261138916,1.1851351261138916,1.1851351261138916,0,0.0,0.0
2015-06-04 00:00:00+08:00,1.1851351261138916,1.1851351261138916,1.1851351261138916,1.1851351261138916,0,0.0,0.0
2015-06-05 00:00:00+08:00,1.1851351261138916,1.1851351261138916,1.1851351261138916,1.1851351261138916,0,0.0,0.0
2015-06-08 00:00:00+08:00,1.1851351261138916,1.1851351261138916,1.1851351261138916,1.1851351261138916,0,0.0,0.0
2015-06-09 00:00:00+08:00,1.1851351261138916,1.1851351261138916,1.1851351261138916,1.1851351261138916,0,0.0,0.0
2015-06-10 00:00:00+08:00,1.1851351261138916,1.1851351261138916,1.1851351261138916,1.1851351261138916,0,0.0,0.0
2015-06-11 00:00:00+08:00,1.1851351261138916,1.1851351261138916,1.1851351261138916,1.1851351261138916,0,0.0,0.0
2015-06-12 00:00:00+08:00,1.1851351261138916,1.1851351261138916,1.1851351261138916,1.1851351261138916,0,0.0,0.0
2015-06-15 00:00:00+08:00,1.1851351261138916,1.1851351261138916,1.1851351261138916,1.1851351261138916,0,0.0,0.0
2015-06-16 00:00:00+08:00,1.1851351261138916,1.1851351261138916,1.1851351261138916,1.1851351261138916,0,0.0,0.0
2015-06-17 00:00:00+08:00,1.1851351261138916,1.1851351261138916,1.1851351261138916,1.1851351261138916,0,0.0,0.0
2015-06-18 00:00:00+08:00,1.1851351261138916,1.1851351261138916,1.1851351261138916,1.1851351261138916,0,0.0,0.0
2015-06-22 00:00:00+08:00,1.1851351261138916,1.1851351261138916,1.1851351261138916,1.1851351261138916,0,0.0,0.0
2015-06-23 00:00:00+08:00,1.1851351261138916,1.1851351261138916,1.1851351261138916,1.1851351261138916,0,0.0,0.0
2015-06-24 00:00:00+08:00,1.1851351261138916,1.1851351261138916,1.1851351261138916,1.1851351261138916,0,0.0,0.0
2015-06-25 00:00:00+08:00,1.1851351261138916,1.1851351261138916,1.1851351261138916,1.1851351261138916,0,0.0,0.0
2015-06-26 00:00:00+08:00,1.1851351261138916,1.1851351261138916,1.1851351261138916,1.1851351261138916,0,0.0,0.0
2015-06-29 00:00:00+08:00,1.1851351261138916,1.1851351261138916,1.1851351261138916,1.1851351261138916,0,0.0,0.0
2015-06-30 00:00:00+08:00,1.1851351261138916,1.1851351261138916,1.1851351261138916,1.1851351261138916,0,0.0,0.0
2015-07-01 00:00:00+08:00,1.1851351261138916,1.1851351261138916,1.1851351261138916,1.1851351261138916,0,0.0,0.0
2015-07-02 00:00:00+08:00,1.1851351261138916,1.1851351261138916,1.1851351261138916,1.1851351261138916,0,0.0,0.0
2015-07-03 00:00:00+08:00,1.1851351261138916,1.1851351261138916,1.1851351261138916,1.1851351261138916,0,0.0,0.0
2015-07-06 00:00:00+08:00,1.1851351261138916,1.1851351261138916,1.1851351261138916,1.1851351261138916,0,0.0,0.0
2015-07-07 00:00:00+08:00,1.1851351261138916,1.1851351261138916,1.1851351261138916,1.1851351261138916,0,0.0,0.0
2015-07-08 00:00:00+08:00,1.1851351261138916,1.1851351261138916,1.1851351261138916,1.1851351261138916,0,0.0,0.0
2015-07-09 00:00:00+08:00,1.1851351261138916,1.1851351261138916,1.1851351261138916,1.1851351261138916,0,0.0,0.0
2015-07-10 00:00:00+08:00,1.1851351261138916,1.1851351261138916,1.1851351261138916,1.1851351261138916,0,0.0,0.0
2015-07-13 00:00:00+08:00,1.1851351261138916,1.1851351261138916,1.1851351261138916,1.1851351261138916,0,0.0,0.0
2015-07-14 00:00:00+08:00,1.1851351261138916,1.1851351261138916,1.1851351261138916,1.1851351261138916,0,0.0,0.0
2015-07-15 00:00:00+08:00,1.1851351261138916,1.1851351261138916,1.1851351261138916,1.1851351261138916,0,0.0,0.0
2015-07-16 00:00:00+08:00,1.1851351261138916,1.1851351261138916,1.1851351261138916,1.1851351261138916,0,0.0,0.0
2015-07-17 00:00:00+08:00,1.1851351261138916,1.1851351261138916,1.1851351261138916,1.1851351261138916,0,0.0,0.0
2015-07-20 00:00:00+08:00,1.1851351261138916,1.1851351261138916,1.1851351261138916,1.1851351261138916,0,0.0,0.0
2015-07-21 00:00:00+08:00,1.1851351261138916,1.1851351261138916,1.1851351261138916,1.1851351261138916,0,0.0,0.0
2015-07-22 00:00:00+08:00,1.1851351261138916,1.1851351261138916,1.1851351261138916,1.1851351261138916,0,0.0,0.0
2015-07-23 00:00:00+08:00,1.1851351261138916,1.1851351261138916,1.1851351261138916,1.1851351261138916,0,0.0,0.0
2015-07-24 00:00:00+08:00,1.1851351261138916,1.1851351261138916,1.1851351261138916,1.1851351261138916,0,0.0,0.0
2015-07-27 00:00:00+08:00,1.1851351261138916,1.1851351261138916,1.1851351261138916,1.1851351261138916,0,0.0,0.0
2015-07-28 00:00:00+08:00,1.1851351261138916,1.1851351261138916,1.1851351261138916,1.1851351261138916,0,0.0,0.0
2015-07-29 00:00:00+08:00,1.1851351261138916,1.1851351261138916,1.1851351261138916,1.1851351261138916,0,0.0,0.0
2015-07-30 00:00:00+08:00,1.1851351261138916,1.1851351261138916,1.1851351261138916,1.1851351261138916,0,0.0,0.0
2015-07-31 00:00:00+08:00,1.1851351261138916,1.1851351261138916,1.1851351261138916,1.1851351261138916,0,0.0,0.0
2015-08-03 00:00:00+08:00,1.1851351261138916,1.1851351261138916,1.1851351261138916,1.1851351261138916,0,0.0,0.0
2015-08-04 00:00:00+08:00,1.1851351261138916,1.1851351261138916,1.1851351261138916,1.1851351261138916,0,0.0,0.0
2015-08-05 00:00:00+08:00,1.1851351261138916,1.1851351261138916,1.1851351261138916,1.1851351261138916,0,0.0,0.0
2015-08-06 00:00:00+08:00,1.1851351261138916,1.1851351261138916,1.1851351261138916,1.1851351261138916,0,0.0,0.0
2015-08-07 00:00:00+08:00,1.1851351261138916,1.1851351261138916,1.1851351261138916,1.1851351261138916,0,0.0,0.0
2015-08-10 00:00:00+08:00,1.1851351261138916,1.1851351261138916,1.1851351261138916,1.1851351261138916,0,0.0,0.0
2015-08-11 00:00:00+08:00,1.1851351261138916,1.1851351261138916,1.1851351261138916,1.1851351261138916,0,0.0,0.0
2015-08-12 00:00:00+08:00,1.1851351261138916,1.1851351261138916,1.1851351261138916,1.1851351261138916,0,0.0,0.0
2015-08-13 00:00:00+08:00,1.1851351261138916,1.1851351261138916,1.1851351261138916,1.1851351261138916,0,0.0,0.0
2015-08-14 00:00:00+08:00,1.1851351261138916,1.1851351261138916,1.1851351261138916,1.1851351261138916,0,0.0,0.0
2015-08-17 00:00:00+08:00,1.1851351261138916,1.1851351261138916,1.1851351261138916,1.1851351261138916,0,0.0,0.0
2015-08-18 00:00:00+08:00,1.1851351261138916,1.1851351261138916,1.1851351261138916,1.1851351261138916,0,0.0,0.0
2015-08-19 00:00:00+08:00,1.1851351261138916,1.1851351261138916,1.1851351261138916,1.1851351261138916,0,0.0,0.0
2015-08-20 00:00:00+08:00,1.1851351261138916,1.1851351261138916,1.1851351261138916,1.1851351261138916,0,0.0,0.0
2015-08-21 00:00:00+08:00,1.1851351261138916,1.1851351261138916,1.1851351261138916,1.1851351261138916,0,0.0,0.0
2015-08-24 00:00:00+08:00,1.1851351261138916,1.1851351261138916,1.1851351261138916,1.1851351261138916,0,0.0,0.0
2015-08-25 00:00:00+08:00,1.1851351261138916,1.1851351261138916,1.1851351261138916,1.1851351261138916,0,0.0,0.0
2015-08-26 00:00:00+08:00,1.1851351261138916,1.1851351261138916,1.1851351261138916,1.1851351261138916,0,0.0,0.0
2015-08-27 00:00:00+08:00,1.1851351261138916,1.1851351261138916,1.1851351261138916,1.1851351261138916,0,0.0,0.0
2015-08-28 00:00:00+08:00,1.1851351261138916,1.1851351261138916,1.1851351261138916,1.1851351261138916,0,0.0,0.0
2015-08-31 00:00:00+08:00,1.1851351261138916,1.1851351261138916,1.1851351261138916,1.1851351261138916,0,0.0,0.0
2015-09-01 00:00:00+08:00,1.1851351261138916,1.1851351261138916,1.1851351261138916,1.1851351261138916,0,0.0,0.0
2015-09-02 00:00:00+08:00,1.1851351261138916,1.1851351261138916,1.1851351261138916,1.1851351261138916,0,0.0,0.0
2015-09-03 00:00:00+08:00,1.1851351261138916,1.1851351261138916,1.1851351261138916,1.1851351261138916,0,0.0,0.0
2015-09-04 00:00:00+08:00,1.1851351261138916,1.1851351261138916,1.1851351261138916,1.1851351261138916,0,0.0,0.0
2015-09-07 00:00:00+08:00,1.1851351261138916,1.1851351261138916,1.1851351261138916,1.1851351261138916,0,0.0,0.0
2015-09-08 00:00:00+08:00,1.1851351261138916,1.1851351261138916,1.1851351261138916,1.1851351261138916,0,0.0,0.0
2015-09-09 00:00:00+08:00,1.1851351261138916,1.1851351261138916,1.1851351261138916,1.1851351261138916,0,0.0,0.0
2015-09-10 00:00:00+08:00,1.1851351261138916,1.1851351261138916,1.1851351261138916,1.1851351261138916,0,0.0,0.0
2015-09-11 00:00:00+08:00,1.1851351261138916,1.1851351261138916,1.1851351261138916,1.1851351261138916,0,0.0,0.0
2015-09-14 00:00:00+08:00,1.1851351261138916,1.1851351261138916,1.1851351261138916,1.1851351261138916,0,0.0,0.0
2015-09-15 00:00:00+08:00,1.1851351261138916,1.1851351261138916,1.1851351261138916,1.1851351261138916,0,0.0,0.0
2015-09-16 00:00:00+08:00,1.1851351261138916,1.1851351261138916,1.1851351261138916,1.1851351261138916,0,0.0,0.0
2015-09-17 00:00:00+08:00,1.1851351261138916,1.1851351261138916,1.1851351261138916,1.1851351261138916,0,0.0,0.0
2015-09-18 00:00:00+08:00,1.1851351261138916,1.1851351261138916,1.1851351261138916,1.1851351261138916,0,0.0,0.0
2015-09-21 00:00:00+08:00,1.1851351261138916,1.1851351261138916,1.1851351261138916,1.1851351261138916,0,0.0,0.0
2015-09-22 00:00:00+08:00,1.1851351261138916,1.1851351261138916,1.1851351261138916,1.1851351261138916,0,0.0,0.0
2015-09-23 00:00:00+08:00,1.1851351261138916,1.1851351261138916,1.1851351261138916,1.1851351261138916,0,0.0,0.0
2015-09-24 00:00:00+08:00,1.1851351261138916,1.1851351261138916,1.1851351261138916,1.1851351261138916,0,0.0,0.0
2015-09-25 00:00:00+08:00,1.1851351261138916,1.1851351261138916,1.1851351261138916,1.1851351261138916,0,0.0,0.0
2015-09-29 00:00:00+08:00,1.1851351261138916,1.1851351261138916,1.1851351261138916,1.1851351261138916,0,0.0,0.0
2015-09-30 00:00:00+08:00,1.1851351261138916,1.1851351261138916,1.1851351261138916,1.1851351261138916,0,0.0,0.0
2015-10-01 00:00:00+08:00,1.1851351261138916,1.1851351261138916,1.1851351261138916,1.1851351261138916,0,0.0,0.0
2015-10-02 00:00:00+08:00,1.1851351261138916,1.1851351261138916,1.1851351261138916,1.1851351261138916,0,0.0,0.0
2015-10-05 00:00:00+08:00,1.1851351261138916,1.1851351261138916,1.1851351261138916,1.1851351261138916,0,0.0,0.0
2015-10-06 00:00:00+08:00,1.1851351261138916,1.1851351261138916,1.1851351261138916,1.1851351261138916,0,0.0,0.0
2015-10-07 00:00:00+08:00,1.1851351261138916,1.1851351261138916,1.1851351261138916,1.1851351261138916,0,0.0,0.0
2015-10-08 00:00:00+08:00,1.1851351261138916,1.1851351261138916,1.1851351261138916,1.1851351261138916,0,0.0,0.0
2015-10-12 00:00:00+08:00,1.1851351261138916,1.1851351261138916,1.1851351261138916,1.1851351261138916,0,0.0,0.0
2015-10-13 00:00:00+08:00,1.1851351261138916,1.1851351261138916,1.1851351261138916,1.1851351261138916,0,0.0,0.0
2015-10-14 00:00:00+08:00,1.1851351261138916,1.1851351261138916,1.1851351261138916,1.1851351261138916,0,0.0,0.0
2015-10-15 00:00:00+08:00,1.1851351261138916,1.1851351261138916,1.1851351261138916,1.1851351261138916,0,0.0,0.0
2015-10-16 00:00:00+08:00,1.1851351261138916,1.1851351261138916,1.1851351261138916,1.1851351261138916,0,0.0,0.0
2015-10-19 00:00:00+08:00,1.1851351261138916,1.1851351261138916,1.1851351261138916,1.1851351261138916,0,0.0,0.0
2015-10-20 00:00:00+08:00,1.1851351261138916,1.1851351261138916,1.1851351261138916,1.1851351261138916,0,0.0,0.0
2015-10-21 00:00:00+08:00,1.1851351261138916,1.1851351261138916,1.1851351261138916,1.1851351261138916,0,0.0,0.0
2015-10-22 00:00:00+08:00,1.1851351261138916,1.1851351261138916,1.1851351261138916,1.1851351261138916,0,0.0,0.0
2015-10-23 00:00:00+08:00,1.1851351261138916,1.1851351261138916,1.1851351261138916,1.1851351261138916,0,0.0,0.0
2015-10-26 00:00:00+08:00,1.1851351261138916,1.1851351261138916,1.1851351261138916,1.1851351261138916,0,0.0,0.0
2015-10-27 00:00:00+08:00,1.1851351261138916,1.1851351261138916,1.1851351261138916,1.1851351261138916,0,0.0,0.0
2015-10-28 00:00:00+08:00,1.1851351261138916,1.1851351261138916,1.1851351261138916,1.1851351261138916,0,0.0,0.0
2015-10-29 00:00:00+08:00,1.1851351261138916,1.1851351261138916,1.1851351261138916,1.1851351261138916,0,0.0,0.0
2015-10-30 00:00:00+08:00,1.1851351261138916,1.1851351261138916,1.1851351261138916,1.1851351261138916,0,0.0,0.0
2015-11-02 00:00:00+08:00,1.1851351261138916,1.1851351261138916,1.1851351261138916,1.1851351261138916,0,0.0,0.0
2015-11-03 00:00:00+08:00,1.1851351261138916,1.1851351261138916,1.1851351261138916,1.1851351261138916,0,0.0,0.0
2015-11-04 00:00:00+08:00,1.1851351261138916,1.1851351261138916,1.1851351261138916,1.1851351261138916,0,0.0,0.0
2015-11-05 00:00:00+08:00,1.1851351261138916,1.1851351261138916,1.1851351261138916,1.1851351261138916,0,0.0,0.0
2015-11-06 00:00:00+08:00,1.1851351261138916,1.1851351261138916,1.1851351261138916,1.1851351261138916,0,0.0,0.0
2015-11-09 00:00:00+08:00,1.1851351261138916,1.1851351261138916,1.1851351261138916,1.1851351261138916,0,0.0,0.0
2015-11-10 00:00:00+08:00,1.1851351261138916,1.1851351261138916,1.1851351261138916,1.1851351261138916,0,0.0,0.0
2015-11-11 00:00:00+08:00,1.1851351261138916,1.1851351261138916,1.1851351261138916,1.1851351261138916,0,0.0,0.0
2015-11-12 00:00:00+08:00,1.1851351261138916,1.1851351261138916,1.1851351261138916,1.1851351261138916,0,0.0,0.0
2015-11-13 00:00:00+08:00,1.1851351261138916,1.1851351261138916,1.1851351261138916,1.1851351261138916,0,0.0,0.0
2015-11-16 00:00:00+08:00,1.1851351261138916,1.1851351261138916,1.1851351261138916,1.1851351261138916,0,0.0,0.0
2015-11-17 00:00:00+08:00,1.1851351261138916,1.1851351261138916,1.1851351261138916,1.1851351261138916,0,0.0,0.0
2015-11-18 00:00:00+08:00,1.1851351261138916,1.1851351261138916,1.1851351261138916,1.1851351261138916,0,0.0,0.0
2015-11-19 00:00:00+08:00,1.1851351261138916,1.1851351261138916,1.1851351261138916,1.1851351261138916,0,0.0,0.0
2015-11-20 00:00:00+08:00,1.1851351261138916,1.1851351261138916,1.1851351261138916,1.1851351261138916,0,0.0,0.0
2015-11-23 00:00:00+08:00,1.1851351261138916,1.1851351261138916,1.1851351261138916,1.1851351261138916,0,0.0,0.0
2015-11-24 00:00:00+08:00,1.1851351261138916,1.1851351261138916,1.1851351261138916,1.1851351261138916,0,0.0,0.0
2015-11-25 00:00:00+08:00,1.1851351261138916,1.1851351261138916,1.1851351261138916,1.1851351261138916,0,0.0,0.0
2015-11-26 00:00:00+08:00,1.1851351261138916,1.1851351261138916,1.1851351261138916,1.1851351261138916,0,0.0,0.0
2015-11-27 00:00:00+08:00,1.1851351261138916,1.1851351261138916,1.1851351261138916,1.1851351261138916,0,0.0,0.0
2015-11-30 00:00:00+08:00,1.1851351261138916,1.1851351261138916,1.1851351261138916,1.1851351261138916,0,0.0,0.0
2015-12-01 00:00:00+08:00,1.1851351261138916,1.1851351261138916,1.1851351261138916,1.1851351261138916,0,0.0,0.0
2015-12-02 00:00:00+08:00,1.1851351261138916,1.1851351261138916,1.1851351261138916,1.1851351261138916,0,0.0,0.0
2015-12-03 00:00:00+08:00,1.1851351261138916,1.1851351261138916,1.1851351261138916,1.1851351261138916,0,0.0,0.0
2015-12-04 00:00:00+08:00,1.1851351261138916,1.1851351261138916,1.1851351261138916,1.1851351261138916,0,0.0,0.0
2015-12-07 00:00:00+08:00,1.1851351261138916,1.1851351261138916,1.1851351261138916,1.1851351261138916,0,0.0,0.0
2015-12-08 00:00:00+08:00,1.1851351261138916,1.1851351261138916,1.1851351261138916,1.1851351261138916,0,0.0,0.0
2015-12-09 00:00:00+08:00,1.1851351261138916,1.1851351261138916,1.1851351261138916,1.1851351261138916,0,0.0,0.0
2015-12-10 00:00:00+08:00,1.1851351261138916,1.1851351261138916,1.1851351261138916,1.1851351261138916,0,0.0,0.0
2015-12-11 00:00:00+08:00,1.1851351261138916,1.1851351261138916,1.1851351261138916,1.1851351261138916,0,0.0,0.0
2015-12-14 00:00:00+08:00,1.1851351261138916,1.1851351261138916,1.1851351261138916,1.1851351261138916,0,0.0,0.0
2015-12-15 00:00:00+08:00,1.1851351261138916,1.1851351261138916,1.1851351261138916,1.1851351261138916,0,0.0,0.0
2015-12-16 00:00:00+08:00,1.1851351261138916,1.1851351261138916,1.1851351261138916,1.1851351261138916,0,0.0,0.0
2015-12-17 00:00:00+08:00,1.1851351261138916,1.1851351261138916,1.1851351261138916,1.1851351261138916,0,0.0,0.0
2015-12-18 00:00:00+08:00,1.1851351261138916,1.1851351261138916,1.1851351261138916,1.1851351261138916,0,0.0,0.0
2015-12-21 00:00:00+08:00,1.1851351261138916,1.1851351261138916,1.1851351261138916,1.1851351261138916,0,0.0,0.0
2015-12-22 00:00:00+08:00,1.1851351261138916,1.1851351261138916,1.1851351261138916,1.1851351261138916,0,0.0,0.0
2015-12-23 00:00:00+08:00,1.1851351261138916,1.1851351261138916,1.1851351261138916,1.1851351261138916,0,0.0,0.0
2015-12-24 00:00:00+08:00,1.1851351261138916,1.1851351261138916,1.1851351261138916,1.1851351261138916,0,0.0,0.0
2015-12-25 00:00:00+08:00,1.1851351261138916,1.1851351261138916,1.1851351261138916,1.1851351261138916,0,0.0,0.0
2015-12-28 00:00:00+08:00,1.1851351261138916,1.1851351261138916,1.1851351261138916,1.1851351261138916,0,0.0,0.0
2015-12-29 00:00:00+08:00,1.1851351261138916,1.1851351261138916,1.1851351261138916,1.1851351261138916,0,0.0,0.0
2015-12-30 00:00:00+08:00,1.1851351261138916,1.1851351261138916,1.1851351261138916,1.1851351261138916,0,0.0,0.0
2015-12-31 00:00:00+08:00,1.1851351261138916,1.1851351261138916,1.1851351261138916,1.1851351261138916,0,0.0,0.0
2016-01-04 00:00:00+08:00,1.1851351261138916,1.1851351261138916,1.1851351261138916,1.1851351261138916,0,0.0,0.0
2016-01-05 00:00:00+08:00,1.1851351261138916,1.1851351261138916,1.1851351261138916,1.1851351261138916,0,0.0,0.0
2016-01-06 00:00:00+08:00,1.1851351261138916,1.1851351261138916,1.1851351261138916,1.1851351261138916,0,0.0,0.0
2016-01-07 00:00:00+08:00,1.1851351261138916,1.1851351261138916,1.1851351261138916,1.1851351261138916,0,0.0,0.0
2016-01-08 00:00:00+08:00,1.1851351261138916,1.1851351261138916,1.1851351261138916,1.1851351261138916,0,0.0,0.0
2016-01-11 00:00:00+08:00,1.1851351261138916,1.1851351261138916,1.1851351261138916,1.1851351261138916,0,0.0,0.0
2016-01-12 00:00:00+08:00,1.1851351261138916,1.1851351261138916,1.1851351261138916,1.1851351261138916,0,0.0,0.0
2016-01-13 00:00:00+08:00,1.1851351261138916,1.1851351261138916,1.1851351261138916,1.1851351261138916,0,0.0,0.0
2016-01-14 00:00:00+08:00,1.1851351261138916,1.1851351261138916,1.1851351261138916,1.1851351261138916,0,0.0,0.0
2016-01-15 00:00:00+08:00,1.1851351261138916,1.1851351261138916,1.1851351261138916,1.1851351261138916,0,0.0,0.0
2016-01-18 00:00:00+08:00,1.1851351261138916,1.1851351261138916,1.1851351261138916,1.1851351261138916,0,0.0,0.0
2016-01-19 00:00:00+08:00,1.1851351261138916,1.1851351261138916,1.1851351261138916,1.1851351261138916,0,0.0,0.0
2016-01-20 00:00:00+08:00,1.1851351261138916,1.1851351261138916,1.1851351261138916,1.1851351261138916,0,0.0,0.0
2016-01-21 00:00:00+08:00,1.1851351261138916,1.1851351261138916,1.1851351261138916,1.1851351261138916,0,0.0,0.0
2016-01-22 00:00:00+08:00,1.1851351261138916,1.1851351261138916,1.1851351261138916,1.1851351261138916,0,0.0,0.0
2016-01-25 00:00:00+08:00,1.1851351261138916,1.1851351261138916,1.1851351261138916,1.1851351261138916,0,0.0,0.0
2016-01-26 00:00:00+08:00,1.1851351261138916,1.1851351261138916,1.1851351261138916,1.1851351261138916,0,0.0,0.0
2016-01-27 00:00:00+08:00,1.1851351261138916,1.1851351261138916,1.1851351261138916,1.1851351261138916,0,0.0,0.0
2016-01-28 00:00:00+08:00,1.1851351261138916,1.1851351261138916,1.1851351261138916,1.1851351261138916,0,0.0,0.0
2016-01-29 00:00:00+08:00,1.1851351261138916,1.1851351261138916,1.1851351261138916,1.1851351261138916,0,0.0,0.0
2016-02-01 00:00:00+08:00,1.1851351261138916,1.1851351261138916,1.1851351261138916,1.1851351261138916,0,0.0,0.0
2016-02-02 00:00:00+08:00,1.1851351261138916,1.1851351261138916,1.1851351261138916,1.1851351261138916,0,0.0,0.0
2016-02-03 00:00:00+08:00,1.1851351261138916,1.1851351261138916,1.1851351261138916,1.1851351261138916,0,0.0,0.0
2016-02-15 00:00:00+08:00,1.1851351261138916,1.1851351261138916,1.1851351261138916,1.1851351261138916,0,0.0,0.0
2016-02-16 00:00:00+08:00,1.1851351261138916,1.1851351261138916,1.1851351261138916,1.1851351261138916,0,0.0,0.0
2016-02-17 00:00:00+08:00,1.1851351261138916,1.1851351261138916,1.1851351261138916,1.1851351261138916,0,0.0,0.0
2016-02-18 00:00:00+08:00,1.1851351261138916,1.1851351261138916,1.1851351261138916,1.1851351261138916,0,0.0,0.0
2016-02-19 00:00:00+08:00,1.1851351261138916,1.1851351261138916,1.1851351261138916,1.1851351261138916,0,0.0,0.0
2016-02-22 00:00:00+08:00,1.1851351261138916,1.1851351261138916,1.1851351261138916,1.1851351261138916,0,0.0,0.0
2016-02-23 00:00:00+08:00,1.1851351261138916,1.1851351261138916,1.1851351261138916,1.1851351261138916,0,0.0,0.0
2016-02-24 00:00:00+08:00,1.1851351261138916,1.1851351261138916,1.1851351261138916,1.1851351261138916,0,0.0,0.0
2016-02-25 00:00:00+08:00,1.1851351261138916,1.1851351261138916,1.1851351261138916,1.1851351261138916,0,0.0,0.0
2016-02-26 00:00:00+08:00,1.1851351261138916,1.1851351261138916,1.1851351261138916,1.1851351261138916,0,0.0,0.0
2016-03-01 00:00:00+08:00,1.1851351261138916,1.1851351261138916,1.1851351261138916,1.1851351261138916,0,0.0,0.0
2016-03-02 00:00:00+08:00,1.1851351261138916,1.1851351261138916,1.1851351261138916,1.1851351261138916,0,0.0,0.0
2016-03-03 00:00:00+08:00,1.1851351261138916,1.1851351261138916,1.1851351261138916,1.1851351261138916,0,0.0,0.0
2016-03-04 00:00:00+08:00,1.1851351261138916,1.1851351261138916,1.1851351261138916,1.1851351261138916,0,0.0,0.0
2016-03-07 00:00:00+08:00,1.1851351261138916,1.1851351261138916,1.1851351261138916,1.1851351261138916,0,0.0,0.0
2016-03-08 00:00:00+08:00,1.1851351261138916,1.1851351261138916,1.1851351261138916,1.1851351261138916,0,0.0,0.0
2016-03-09 00:00:00+08:00,1.1851351261138916,1.1851351261138916,1.1851351261138916,1.1851351261138916,0,0.0,0.0
2016-03-10 00:00:00+08:00,1.1851351261138916,1.1851351261138916,1.1851351261138916,1.1851351261138916,0,0.0,0.0
2016-03-11 00:00:00+08:00,1.1851351261138916,1.1851351261138916,1.1851351261138916,1.1851351261138916,0,0.0,0.0
2016-03-14 00:00:00+08:00,1.1851351261138916,1.1851351261138916,1.1851351261138916,1.1851351261138916,0,0.0,0.0
2016-03-15 00:00:00+08:00,1.1851351261138916,1.1851351261138916,1.1851351261138916,1.1851351261138916,0,0.0,0.0
2016-03-16 00:00:00+08:00,1.1851351261138916,1.1851351261138916,1.1851351261138916,1.1851351261138916,0,0.0,0.0
2016-03-17 00:00:00+08:00,1.1851351261138916,1.1851351261138916,1.1851351261138916,1.1851351261138916,0,0.0,0.0
2016-03-18 00:00:00+08:00,1.1851351261138916,1.1851351261138916,1.1851351261138916,1.1851351261138916,0,0.0,0.0
2016-03-21 00:00:00+08:00,1.1851351261138916,1.1851351261138916,1.1851351261138916,1.1851351261138916,0,0.0,0.0
2016-03-22 00:00:00+08:00,1.1851351261138916,1.1851351261138916,1.1851351261138916,1.1851351261138916,0,0.0,0.0
2016-03-23 00:00:00+08:00,1.1851351261138916,1.1851351261138916,1.1851351261138916,1.1851351261138916,0,0.0,0.0
2016-03-24 00:00:00+08:00,1.1851351261138916,1.1851351261138916,1.1851351261138916,1.1851351261138916,0,0.0,0.0
2016-03-25 00:00:00+08:00,1.1851351261138916,1.1851351261138916,1.1851351261138916,1.1851351261138916,0,0.0,0.0
2016-03-28 00:00:00+08:00,1.1851351261138916,1.1851351261138916,1.1851351261138916,1.1851351261138916,0,0.0,0.0
2016-03-29 00:00:00+08:00,1.1851351261138916,1.1851351261138916,1.1851351261138916,1.1851351261138916,0,0.0,0.0
2016-03-30 00:00:00+08:00,1.1851351261138916,1.1851351261138916,1.1851351261138916,1.1851351261138916,0,0.0,0.0
2016-03-31 00:00:00+08:00,1.1851351261138916,1.1851351261138916,1.1851351261138916,1.1851351261138916,0,0.0,0.0
2016-04-01 00:00:00+08:00,1.1851351261138916,1.1851351261138916,1.1851351261138916,1.1851351261138916,0,0.0,0.0
2016-04-06 00:00:00+08:00,1.1851351261138916,1.1851351261138916,1.1851351261138916,1.1851351261138916,0,0.0,0.0
2016-04-07 00:00:00+08:00,1.1851351261138916,1.1851351261138916,1.1851351261138916,1.1851351261138916,0,0.0,0.0
2016-04-08 00:00:00+08:00,1.1851351261138916,1.1851351261138916,1.1851351261138916,1.1851351261138916,0,0.0,0.0
2016-04-11 00:00:00+08:00,1.1851351261138916,1.1851351261138916,1.1851351261138916,1.1851351261138916,0,0.0,0.0
2016-04-12 00:00:00+08:00,1.1851351261138916,1.1851351261138916,1.1851351261138916,1.1851351261138916,0,0.0,0.0
2016-04-13 00:00:00+08:00,1.1851351261138916,1.1851351261138916,1.1851351261138916,1.1851351261138916,0,0.0,0.0
2016-04-14 00:00:00+08:00,1.1851351261138916,1.1851351261138916,1.1851351261138916,1.1851351261138916,0,0.0,0.0
2016-04-15 00:00:00+08:00,1.1851351261138916,1.1851351261138916,1.1851351261138916,1.1851351261138916,0,0.0,0.0
2016-04-18 00:00:00+08:00,1.1851351261138916,1.1851351261138916,1.1851351261138916,1.1851351261138916,0,0.0,0.0
2016-04-19 00:00:00+08:00,1.1851351261138916,1.1851351261138916,1.1851351261138916,1.1851351261138916,0,0.0,0.0
2016-04-20 00:00:00+08:00,1.1851351261138916,1.1851351261138916,1.1851351261138916,1.1851351261138916,0,0.0,0.0
2016-04-21 00:00:00+08:00,1.1851351261138916,1.1851351261138916,1.1851351261138916,1.1851351261138916,0,0.0,0.0
2016-04-22 00:00:00+08:00,1.1851351261138916,1.1851351261138916,1.1851351261138916,1.1851351261138916,0,0.0,0.0
2016-04-25 00:00:00+08:00,1.1851351261138916,1.1851351261138916,1.1851351261138916,1.1851351261138916,0,0.0,0.0
2016-04-26 00:00:00+08:00,1.1851351261138916,1.1851351261138916,1.1851351261138916,1.1851351261138916,0,0.0,0.0
2016-04-27 00:00:00+08:00,1.1851351261138916,1.1851351261138916,1.1851351261138916,1.1851351261138916,0,0.0,0.0
2016-04-28 00:00:00+08:00,1.1851351261138916,1.1851351261138916,1.1851351261138916,1.1851351261138916,0,0.0,0.0
2016-04-29 00:00:00+08:00,1.1851351261138916,1.1851351261138916,1.1851351261138916,1.1851351261138916,0,0.0,0.0
2016-05-03 00:00:00+08:00,1.1851351261138916,1.1851351261138916,1.1851351261138916,1.1851351261138916,0,0.0,0.0
2016-05-04 00:00:00+08:00,1.1851351261138916,1.1851351261138916,1.1851351261138916,1.1851351261138916,0,0.0,0.0
2016-05-05 00:00:00+08:00,1.1851351261138916,1.1851351261138916,1.1851351261138916,1.1851351261138916,0,0.0,0.0
2016-05-06 00:00:00+08:00,1.1851351261138916,1.1851351261138916,1.1851351261138916,1.1851351261138916,0,0.0,0.0
2016-05-09 00:00:00+08:00,1.1851351261138916,1.1851351261138916,1.1851351261138916,1.1851351261138916,0,0.0,0.0
2016-05-10 00:00:00+08:00,1.1851351261138916,1.1851351261138916,1.1851351261138916,1.1851351261138916,0,0.0,0.0
2016-05-11 00:00:00+08:00,1.1851351261138916,1.1851351261138916,1.1851351261138916,1.1851351261138916,0,0.0,0.0
2016-05-12 00:00:00+08:00,1.1851351261138916,1.1851351261138916,1.1851351261138916,1.1851351261138916,0,0.0,0.0
2016-05-13 00:00:00+08:00,1.1851351261138916,1.1851351261138916,1.1851351261138916,1.1851351261138916,0,0.0,0.0
2016-05-16 00:00:00+08:00,1.1851351261138916,1.1851351261138916,1.1851351261138916,1.1851351261138916,0,0.0,0.0
2016-05-17 00:00:00+08:00,1.1851351261138916,1.1851351261138916,1.1851351261138916,1.1851351261138916,0,0.0,0.0
2016-05-18 00:00:00+08:00,1.1851351261138916,1.1851351261138916,1.1851351261138916,1.1851351261138916,0,0.0,0.0
2016-05-19 00:00:00+08:00,1.1851351261138916,1.1851351261138916,1.1851351261138916,1.1851351261138916,0,0.0,0.0
2016-05-20 00:00:00+08:00,1.1851351261138916,1.1851351261138916,1.1851351261138916,1.1851351261138916,0,0.0,0.0
2016-05-23 00:00:00+08:00,1.1851351261138916,1.1851351261138916,1.1851351261138916,1.1851351261138916,0,0.0,0.0
2016-05-24 00:00:00+08:00,1.1851351261138916,1.1851351261138916,1.1851351261138916,1.1851351261138916,0,0.0,0.0
2016-05-25 00:00:00+08:00,1.1851351261138916,1.1851351261138916,1.1851351261138916,1.1851351261138916,0,0.0,0.0
2016-05-26 00:00:00+08:00,1.1851351261138916,1.1851351261138916,1.1851351261138916,1.1851351261138916,0,0.0,0.0
2016-05-27 00:00:00+08:00,1.1851351261138916,1.1851351261138916,1.1851351261138916,1.1851351261138916,0,0.0,0.0
2016-05-30 00:00:00+08:00,1.1851351261138916,1.1851351261138916,1.1851351261138916,1.1851351261138916,0,0.0,0.0
2016-05-31 00:00:00+08:00,1.1851351261138916,1.1851351261138916,1.1851351261138916,1.1851351261138916,0,0.0,0.0
2016-06-01 00:00:00+08:00,1.1851351261138916,1.1851351261138916,1.1851351261138916,1.1851351261138916,0,0.0,0.0
2016-06-02 00:00:00+08:00,1.1851351261138916,1.1851351261138916,1.1851351261138916,1.1851351261138916,0,0.0,0.0
2016-06-03 00:00:00+08:00,1.1851351261138916,1.1851351261138916,1.1851351261138916,1.1851351261138916,0,0.0,0.0
2016-06-06 00:00:00+08:00,1.1851351261138916,1.1851351261138916,1.1851351261138916,1.1851351261138916,0,0.0,0.0
2016-06-07 00:00:00+08:00,1.1851351261138916,1.1851351261138916,1.1851351261138916,1.1851351261138916,0,0.0,0.0
2016-06-08 00:00:00+08:00,1.1851351261138916,1.1851351261138916,1.1851351261138916,1.1851351261138916,0,0.0,0.0
2016-06-13 00:00:00+08:00,1.1851351261138916,1.1851351261138916,1.1851351261138916,1.1851351261138916,0,0.0,0.0
2016-06-14 00:00:00+08:00,1.1851351261138916,1.1851351261138916,1.1851351261138916,1.1851351261138916,0,0.0,0.0
2016-06-15 00:00:00+08:00,1.1851351261138916,1.1851351261138916,1.1851351261138916,1.1851351261138916,0,0.0,0.0
2016-06-16 00:00:00+08:00,1.1851351261138916,1.1851351261138916,1.1851351261138916,1.1851351261138916,0,0.0,0.0
2016-06-17 00:00:00+08:00,1.1851351261138916,1.1851351261138916,1.1851351261138916,1.1851351261138916,0,0.0,0.0
2016-06-20 00:00:00+08:00,1.1851351261138916,1.1851351261138916,1.1851351261138916,1.1851351261138916,0,0.0,0.0
2016-06-21 00:00:00+08:00,1.1851351261138916,1.1851351261138916,1.1851351261138916,1.1851351261138916,0,0.0,0.0
2016-06-22 00:00:00+08:00,1.1851351261138916,1.1851351261138916,1.1851351261138916,1.1851351261138916,0,0.0,0.0
2016-06-23 00:00:00+08:00,1.1851351261138916,1.1851351261138916,1.1851351261138916,1.1851351261138916,0,0.0,0.0
2016-06-24 00:00:00+08:00,1.1851351261138916,1.1851351261138916,1.1851351261138916,1.1851351261138916,0,0.0,0.0
2016-06-27 00:00:00+08:00,1.1851351261138916,1.1851351261138916,1.1851351261138916,1.1851351261138916,0,0.0,0.0
2016-06-28 00:00:00+08:00,1.1851351261138916,1.1851351261138916,1.1851351261138916,1.1851351261138916,0,0.0,0.0
2016-06-29 00:00:00+08:00,1.1851351261138916,1.1851351261138916,1.1851351261138916,1.1851351261138916,0,0.0,0.0
2016-06-30 00:00:00+08:00,1.1851351261138916,1.1851351261138916,1.1851351261138916,1.1851351261138916,0,0.0,0.0
2016-07-01 00:00:00+08:00,1.1851351261138916,1.1851351261138916,1.1851351261138916,1.1851351261138916,0,0.0,0.0
2016-07-04 00:00:00+08:00,1.1851351261138916,1.1851351261138916,1.1851351261138916,1.1851351261138916,0,0.0,0.0
2016-07-05 00:00:00+08:00,1.1851351261138916,1.1851351261138916,1.1851351261138916,1.1851351261138916,0,0.0,0.0
2016-07-06 00:00:00+08:00,1.1851351261138916,1.1851351261138916,1.1851351261138916,1.1851351261138916,0,0.0,0.0
2016-07-07 00:00:00+08:00,1.1851351261138916,1.1851351261138916,1.1851351261138916,1.1851351261138916,0,0.0,0.0
2016-07-08 00:00:00+08:00,1.1851351261138916,1.1851351261138916,1.1851351261138916,1.1851351261138916,0,0.0,0.0
2016-07-11 00:00:00+08:00,1.1851351261138916,1.1851351261138916,1.1851351261138916,1.1851351261138916,0,0.0,0.0
2016-07-12 00:00:00+08:00,1.1851351261138916,1.1851351261138916,1.1851351261138916,1.1851351261138916,0,0.0,0.0
2016-07-13 00:00:00+08:00,1.1851351261138916,1.1851351261138916,1.1851351261138916,1.1851351261138916,0,0.0,0.0
2016-07-14 00:00:00+08:00,1.1851351261138916,1.1851351261138916,1.1851351261138916,1.1851351261138916,0,0.0,0.0
2016-07-15 00:00:00+08:00,1.1851351261138916,1.1851351261138916,1.1851351261138916,1.1851351261138916,0,0.0,0.0
2016-07-18 00:00:00+08:00,1.1851351261138916,1.1851351261138916,1.1851351261138916,1.1851351261138916,0,0.0,0.0
2016-07-19 00:00:00+08:00,1.1851351261138916,1.1851351261138916,1.1851351261138916,1.1851351261138916,0,0.0,0.0
2016-07-20 00:00:00+08:00,1.1851351261138916,1.1851351261138916,1.1851351261138916,1.1851351261138916,0,0.0,0.0
2016-07-21 00:00:00+08:00,1.1851351261138916,1.1851351261138916,1.1851351261138916,1.1851351261138916,0,0.0,0.0
2016-07-22 00:00:00+08:00,1.1851351261138916,1.1851351261138916,1.1851351261138916,1.1851351261138916,0,0.0,0.0
2016-07-25 00:00:00+08:00,1.1851351261138916,1.1851351261138916,1.1851351261138916,1.1851351261138916,0,0.0,0.0
2016-07-26 00:00:00+08:00,1.1851351261138916,1.1851351261138916,1.1851351261138916,1.1851351261138916,0,0.0,0.0
2016-07-27 00:00:00+08:00,1.1851351261138916,1.1851351261138916,1.1851351261138916,1.1851351261138916,0,0.0,0.0
2016-07-28 00:00:00+08:00,1.1851351261138916,1.1851351261138916,1.1851351261138916,1.1851351261138916,0,0.0,0.0
2016-07-29 00:00:00+08:00,1.1851351261138916,1.1851351261138916,1.1851351261138916,1.1851351261138916,0,0.0,0.0
2016-08-01 00:00:00+08:00,1.1851351261138916,1.1851351261138916,1.1851351261138916,1.1851351261138916,0,0.0,0.0
2016-08-02 00:00:00+08:00,1.1851351261138916,1.1851351261138916,1.1851351261138916,1.1851351261138916,0,0.0,0.0
2016-08-03 00:00:00+08:00,1.1851351261138916,1.1851351261138916,1.1851351261138916,1.1851351261138916,0,0.0,0.0
2016-08-04 00:00:00+08:00,1.1851351261138916,1.1851351261138916,1.1851351261138916,1.1851351261138916,0,0.0,0.0
2016-08-05 00:00:00+08:00,1.1851351261138916,1.1851351261138916,1.1851351261138916,1.1851351261138916,0,0.0,0.0
2016-08-08 00:00:00+08:00,1.1851351261138916,1.1851351261138916,1.1851351261138916,1.1851351261138916,0,0.0,0.0
2016-08-09 00:00:00+08:00,1.1851351261138916,1.1851351261138916,1.1851351261138916,1.1851351261138916,0,0.0,0.0
2016-08-10 00:00:00+08:00,1.1851351261138916,1.1851351261138916,1.1851351261138916,1.1851351261138916,0,0.0,0.0
2016-08-11 00:00:00+08:00,1.1851351261138916,1.1851351261138916,1.1851351261138916,1.1851351261138916,0,0.0,0.0
2016-08-12 00:00:00+08:00,1.1851351261138916,1.1851351261138916,1.1851351261138916,1.1851351261138916,0,0.0,0.0
2016-08-15 00:00:00+08:00,1.1851351261138916,1.1851351261138916,1.1851351261138916,1.1851351261138916,0,0.0,0.0
2016-08-16 00:00:00+08:00,1.1851351261138916,1.1851351261138916,1.1851351261138916,1.1851351261138916,0,0.0,0.0
2016-08-17 00:00:00+08:00,1.1851351261138916,1.1851351261138916,1.1851351261138916,1.1851351261138916,0,0.0,0.0
2016-08-18 00:00:00+08:00,1.1851351261138916,1.1851351261138916,1.1851351261138916,1.1851351261138916,0,0.0,0.0
2016-08-19 00:00:00+08:00,1.1851351261138916,1.1851351261138916,1.1851351261138916,1.1851351261138916,0,0.0,0.0
2016-08-22 00:00:00+08:00,1.1851351261138916,1.1851351261138916,1.1851351261138916,1.1851351261138916,0,0.0,0.0
2016-08-23 00:00:00+08:00,1.1851351261138916,1.1851351261138916,1.1851351261138916,1.1851351261138916,0,0.0,0.0
2016-08-24 00:00:00+08:00,1.1851351261138916,1.1851351261138916,1.1851351261138916,1.1851351261138916,0,0.0,0.0
2016-08-25 00:00:00+08:00,1.1851351261138916,1.1851351261138916,1.1851351261138916,1.1851351261138916,0,0.0,0.0
2016-08-26 00:00:00+08:00,1.1851351261138916,1.1851351261138916,1.1851351261138916,1.1851351261138916,0,0.0,0.0
2016-08-29 00:00:00+08:00,1.1851351261138916,1.1851351261138916,1.1851351261138916,1.1851351261138916,0,0.0,0.0
2016-08-30 00:00:00+08:00,1.1851351261138916,1.1851351261138916,1.1851351261138916,1.1851351261138916,0,0.0,0.0
2016-08-31 00:00:00+08:00,1.1851351261138916,1.1851351261138916,1.1851351261138916,1.1851351261138916,0,0.0,0.0
2016-09-01 00:00:00+08:00,1.1851351261138916,1.1851351261138916,1.1851351261138916,1.1851351261138916,0,0.0,0.0
2016-09-02 00:00:00+08:00,1.1851351261138916,1.1851351261138916,1.1851351261138916,1.1851351261138916,0,0.0,0.0
2016-09-05 00:00:00+08:00,1.1851351261138916,1.1851351261138916,1.1851351261138916,1.1851351261138916,0,0.0,0.0
2016-09-06 00:00:00+08:00,1.1851351261138916,1.1851351261138916,1.1851351261138916,1.1851351261138916,0,0.0,0.0
2016-09-07 00:00:00+08:00,1.1851351261138916,1.1851351261138916,1.1851351261138916,1.1851351261138916,0,0.0,0.0
2016-09-08 00:00:00+08:00,1.1851351261138916,1.1851351261138916,1.1851351261138916,1.1851351261138916,0,0.0,0.0
2016-09-09 00:00:00+08:00,1.1851351261138916,1.1851351261138916,1.1851351261138916,1.1851351261138916,0,0.0,0.0
2016-09-12 00:00:00+08:00,1.1851351261138916,1.1851351261138916,1.1851351261138916,1.1851351261138916,0,0.0,0.0
2016-09-13 00:00:00+08:00,1.1851351261138916,1.1851351261138916,1.1851351261138916,1.1851351261138916,0,0.0,0.0
2016-09-14 00:00:00+08:00,1.1851351261138916,1.1851351261138916,1.1851351261138916,1.1851351261138916,0,0.0,0.0
2016-09-19 00:00:00+08:00,1.1851351261138916,1.1851351261138916,1.1851351261138916,1.1851351261138916,0,0.0,0.0
2016-09-20 00:00:00+08:00,1.1851351261138916,1.1851351261138916,1.1851351261138916,1.1851351261138916,0,0.0,0.0
2016-09-21 00:00:00+08:00,1.1851351261138916,1.1851351261138916,1.1851351261138916,1.1851351261138916,0,0.0,0.0
2016-09-22 00:00:00+08:00,1.1851351261138916,1.1851351261138916,1.1851351261138916,1.1851351261138916,0,0.0,0.0
2016-09-23 00:00:00+08:00,1.1851351261138916,1.1851351261138916,1.1851351261138916,1.1851351261138916,0,0.0,0.0
2016-09-26 00:00:00+08:00,1.1851351261138916,1.1851351261138916,1.1851351261138916,1.1851351261138916,0,0.0,0.0
2016-09-27 00:00:00+08:00,1.1851351261138916,1.1851351261138916,1.1851351261138916,1.1851351261138916,0,0.0,0.0
2016-09-28 00:00:00+08:00,1.1851351261138916,1.1851351261138916,1.1851351261138916,1.1851351261138916,0,0.0,0.0
2016-09-29 00:00:00+08:00,1.1851351261138916,1.1851351261138916,1.1851351261138916,1.1851351261138916,0,0.0,0.0
2016-09-30 00:00:00+08:00,1.1851351261138916,1.1851351261138916,1.1851351261138916,1.1851351261138916,0,0.0,0.0
2016-10-03 00:00:00+08:00,1.1851351261138916,1.1851351261138916,1.1851351261138916,1.1851351261138916,0,0.0,0.0
2016-10-04 00:00:00+08:00,1.1851351261138916,1.1851351261138916,1.1851351261138916,1.1851351261138916,0,0.0,0.0
2016-10-05 00:00:00+08:00,1.1851351261138916,1.1851351261138916,1.1851351261138916,1.1851351261138916,0,0.0,0.0
2016-10-06 00:00:00+08:00,1.1851351261138916,1.1851351261138916,1.1851351261138916,1.1851351261138916,0,0.0,0.0
2016-10-07 00:00:00+08:00,1.1851351261138916,1.1851351261138916,1.1851351261138916,1.1851351261138916,0,0.0,0.0
2016-10-11 00:00:00+08:00,1.1851351261138916,1.1851351261138916,1.1851351261138916,1.1851351261138916,0,0.0,0.0
2016-10-12 00:00:00+08:00,1.1851351261138916,1.1851351261138916,1.1851351261138916,1.1851351261138916,0,0.0,0.0
2016-10-13 00:00:00+08:00,1.1851351261138916,1.1851351261138916,1.1851351261138916,1.1851351261138916,0,0.0,0.0
2016-10-14 00:00:00+08:00,1.1851351261138916,1.1851351261138916,1.1851351261138916,1.1851351261138916,0,0.0,0.0
2016-10-17 00:00:00+08:00,1.1851351261138916,1.1851351261138916,1.1851351261138916,1.1851351261138916,0,0.0,0.0
2016-10-18 00:00:00+08:00,1.1851351261138916,1.1851351261138916,1.1851351261138916,1.1851351261138916,0,0.0,0.0
2016-10-19 00:00:00+08:00,1.1851351261138916,1.1851351261138916,1.1851351261138916,1.1851351261138916,0,0.0,0.0
2016-10-20 00:00:00+08:00,1.1851351261138916,1.1851351261138916,1.1851351261138916,1.1851351261138916,0,0.0,0.0
2016-10-21 00:00:00+08:00,1.1851351261138916,1.1851351261138916,1.1851351261138916,1.1851351261138916,0,0.0,0.0
2016-10-24 00:00:00+08:00,1.1851351261138916,1.1851351261138916,1.1851351261138916,1.1851351261138916,0,0.0,0.0
2016-10-25 00:00:00+08:00,1.1851351261138916,1.1851351261138916,1.1851351261138916,1.1851351261138916,0,0.0,0.0
2016-10-26 00:00:00+08:00,1.1851351261138916,1.1851351261138916,1.1851351261138916,1.1851351261138916,0,0.0,0.0
2016-10-27 00:00:00+08:00,1.1851351261138916,1.1851351261138916,1.1851351261138916,1.1851351261138916,0,0.0,0.0
2016-10-28 00:00:00+08:00,1.1851351261138916,1.1851351261138916,1.1851351261138916,1.1851351261138916,0,0.0,0.0
2016-10-31 00:00:00+08:00,1.1851351261138916,1.1851351261138916,1.1851351261138916,1.1851351261138916,0,0.0,0.0
2016-11-01 00:00:00+08:00,1.1851351261138916,1.1851351261138916,1.1851351261138916,1.1851351261138916,0,0.0,0.0
2016-11-02 00:00:00+08:00,1.1851351261138916,1.1851351261138916,1.1851351261138916,1.1851351261138916,0,0.0,0.0
2016-11-03 00:00:00+08:00,1.1851351261138916,1.1851351261138916,1.1851351261138916,1.1851351261138916,0,0.0,0.0
2016-11-04 00:00:00+08:00,1.1851351261138916,1.1851351261138916,1.1851351261138916,1.1851351261138916,0,0.0,0.0
2016-11-07 00:00:00+08:00,1.1851351261138916,1.1851351261138916,1.1851351261138916,1.1851351261138916,0,0.0,0.0
2016-11-08 00:00:00+08:00,1.1851351261138916,1.1851351261138916,1.1851351261138916,1.1851351261138916,0,0.0,0.0
2016-11-09 00:00:00+08:00,1.1851351261138916,1.1851351261138916,1.1851351261138916,1.1851351261138916,0,0.0,0.0
2016-11-10 00:00:00+08:00,1.1851351261138916,1.1851351261138916,1.1851351261138916,1.1851351261138916,0,0.0,0.0
2016-11-11 00:00:00+08:00,1.1851351261138916,1.1851351261138916,1.1851351261138916,1.1851351261138916,0,0.0,0.0
2016-11-14 00:00:00+08:00,1.1851351261138916,1.1851351261138916,1.1851351261138916,1.1851351261138916,0,0.0,0.0
2016-11-15 00:00:00+08:00,1.1851351261138916,1.1851351261138916,1.1851351261138916,1.1851351261138916,0,0.0,0.0
2016-11-16 00:00:00+08:00,1.1851351261138916,1.1851351261138916,1.1851351261138916,1.1851351261138916,0,0.0,0.0
2016-11-17 00:00:00+08:00,1.1851351261138916,1.1851351261138916,1.1851351261138916,1.1851351261138916,0,0.0,0.0
2016-11-18 00:00:00+08:00,1.1851351261138916,1.1851351261138916,1.1851351261138916,1.1851351261138916,0,0.0,0.0
2016-11-21 00:00:00+08:00,1.1851351261138916,1.1851351261138916,1.1851351261138916,1.1851351261138916,0,0.0,0.0
2016-11-22 00:00:00+08:00,1.1851351261138916,1.1851351261138916,1.1851351261138916,1.1851351261138916,0,0.0,0.0
2016-11-23 00:00:00+08:00,1.1851351261138916,1.1851351261138916,1.1851351261138916,1.1851351261138916,0,0.0,0.0
2016-11-24 00:00:00+08:00,1.1851351261138916,1.1851351261138916,1.1851351261138916,1.1851351261138916,0,0.0,0.0
2016-11-25 00:00:00+08:00,1.1851351261138916,1.1851351261138916,1.1851351261138916,1.1851351261138916,0,0.0,0.0
2016-11-28 00:00:00+08:00,1.1851351261138916,1.1851351261138916,1.1851351261138916,1.1851351261138916,0,0.0,0.0
2016-11-29 00:00:00+08:00,1.1851351261138916,1.1851351261138916,1.1851351261138916,1.1851351261138916,0,0.0,0.0
2016-11-30 00:00:00+08:00,1.1851351261138916,1.1851351261138916,1.1851351261138916,1.1851351261138916,0,0.0,0.0
2016-12-01 00:00:00+08:00,1.1851351261138916,1.1851351261138916,1.1851351261138916,1.1851351261138916,0,0.0,0.0
2016-12-02 00:00:00+08:00,1.1851351261138916,1.1851351261138916,1.1851351261138916,1.1851351261138916,0,0.0,0.0
2016-12-05 00:00:00+08:00,1.1851351261138916,1.1851351261138916,1.1851351261138916,1.1851351261138916,0,0.0,0.0
2016-12-06 00:00:00+08:00,1.1851351261138916,1.1851351261138916,1.1851351261138916,1.1851351261138916,0,0.0,0.0
2016-12-07 00:00:00+08:00,1.1851351261138916,1.1851351261138916,1.1851351261138916,1.1851351261138916,0,0.0,0.0
2016-12-08 00:00:00+08:00,1.1851351261138916,1.1851351261138916,1.1851351261138916,1.1851351261138916,0,0.0,0.0
2016-12-09 00:00:00+08:00,1.1851351261138916,1.1851351261138916,1.1851351261138916,1.1851351261138916,0,0.0,0.0
2016-12-12 00:00:00+08:00,1.1851351261138916,1.1851351261138916,1.1851351261138916,1.1851351261138916,0,0.0,0.0
2016-12-13 00:00:00+08:00,1.1851351261138916,1.1851351261138916,1.1851351261138916,1.1851351261138916,0,0.0,0.0
2016-12-14 00:00:00+08:00,1.1851351261138916,1.1851351261138916,1.1851351261138916,1.1851351261138916,0,0.0,0.0
2016-12-15 00:00:00+08:00,1.1851351261138916,1.1851351261138916,1.1851351261138916,1.1851351261138916,0,0.0,0.0
2016-12-16 00:00:00+08:00,1.1851351261138916,1.1851351261138916,1.1851351261138916,1.1851351261138916,0,0.0,0.0
2016-12-19 00:00:00+08:00,1.1851351261138916,1.1851351261138916,1.1851351261138916,1.1851351261138916,0,0.0,0.0
2016-12-20 00:00:00+08:00,1.1851351261138916,1.1851351261138916,1.1851351261138916,1.1851351261138916,0,0.0,0.0
2016-12-21 00:00:00+08:00,1.1851351261138916,1.1851351261138916,1.1851351261138916,1.1851351261138916,0,0.0,0.0
2016-12-22 00:00:00+08:00,1.1851351261138916,1.1851351261138916,1.1851351261138916,1.1851351261138916,0,0.0,0.0
2016-12-23 00:00:00+08:00,1.1851351261138916,1.1851351261138916,1.1851351261138916,1.1851351261138916,0,0.0,0.0
2016-12-26 00:00:00+08:00,1.1851351261138916,1.1851351261138916,1.1851351261138916,1.1851351261138916,0,0.0,0.0
2016-12-27 00:00:00+08:00,1.1851351261138916,1.1851351261138916,1.1851351261138916,1.1851351261138916,0,0.0,0.0
2016-12-28 00:00:00+08:00,1.1851351261138916,1.1851351261138916,1.1851351261138916,1.1851351261138916,0,0.0,0.0
2016-12-29 00:00:00+08:00,1.1851351261138916,1.1851351261138916,1.1851351261138916,1.1851351261138916,0,0.0,0.0
2016-12-30 00:00:00+08:00,1.1851351261138916,1.1851351261138916,1.1851351261138916,1.1851351261138916,0,0.0,0.0
2017-01-03 00:00:00+08:00,1.1851351261138916,1.1851351261138916,1.1851351261138916,1.1851351261138916,0,0.0,0.0
2017-01-04 00:00:00+08:00,1.1851351261138916,1.1851351261138916,1.1851351261138916,1.1851351261138916,0,0.0,0.0
2017-01-05 00:00:00+08:00,1.1851351261138916,1.1851351261138916,1.1851351261138916,1.1851351261138916,0,0.0,0.0
2017-01-06 00:00:00+08:00,1.1851351261138916,1.1851351261138916,1.1851351261138916,1.1851351261138916,0,0.0,0.0
2017-01-09 00:00:00+08:00,1.1851351261138916,1.1851351261138916,1.1851351261138916,1.1851351261138916,0,0.0,0.0
2017-01-10 00:00:00+08:00,1.1851351261138916,1.1851351261138916,1.1851351261138916,1.1851351261138916,0,0.0,0.0
2017-01-11 00:00:00+08:00,1.1851351261138916,1.1851351261138916,1.1851351261138916,1.1851351261138916,0,0.0,0.0
2017-01-12 00:00:00+08:00,1.1851351261138916,1.1851351261138916,1.1851351261138916,1.1851351261138916,0,0.0,0.0
2017-01-13 00:00:00+08:00,1.1851351261138916,1.1851351261138916,1.1851351261138916,1.1851351261138916,0,0.0,0.0
2017-01-16 00:00:00+08:00,1.1851351261138916,1.1851351261138916,1.1851351261138916,1.1851351261138916,0,0.0,0.0
2017-01-17 00:00:00+08:00,1.1851351261138916,1.1851351261138916,1.1851351261138916,1.1851351261138916,0,0.0,0.0
2017-01-18 00:00:00+08:00,1.1851351261138916,1.1851351261138916,1.1851351261138916,1.1851351261138916,0,0.0,0.0
2017-01-19 00:00:00+08:00,1.1851351261138916,1.1851351261138916,1.1851351261138916,1.1851351261138916,0,0.0,0.0
2017-01-20 00:00:00+08:00,1.1851351261138916,1.1851351261138916,1.1851351261138916,1.1851351261138916,0,0.0,0.0
2017-01-23 00:00:00+08:00,1.1851351261138916,1.1851351261138916,1.1851351261138916,1.1851351261138916,0,0.0,0.0
2017-01-24 00:00:00+08:00,1.1851351261138916,1.1851351261138916,1.1851351261138916,1.1851351261138916,0,0.0,0.0
2017-02-02 00:00:00+08:00,1.1851351261138916,1.1851351261138916,1.1851351261138916,1.1851351261138916,0,0.0,0.0
2017-02-03 00:00:00+08:00,1.1851351261138916,1.1851351261138916,1.1851351261138916,1.1851351261138916,0,0.0,0.0
2017-02-06 00:00:00+08:00,1.1851351261138916,1.1851351261138916,1.1851351261138916,1.1851351261138916,0,0.0,0.0
2017-02-07 00:00:00+08:00,1.1851351261138916,1.1851351261138916,1.1851351261138916,1.1851351261138916,0,0.0,0.0
2017-02-08 00:00:00+08:00,1.1851351261138916,1.1851351261138916,1.1851351261138916,1.1851351261138916,0,0.0,0.0
2017-02-09 00:00:00+08:00,1.1851351261138916,1.1851351261138916,1.1851351261138916,1.1851351261138916,0,0.0,0.0
2017-02-10 00:00:00+08:00,1.1851351261138916,1.1851351261138916,1.1851351261138916,1.1851351261138916,0,0.0,0.0
2017-02-13 00:00:00+08:00,1.1851351261138916,1.1851351261138916,1.1851351261138916,1.1851351261138916,0,0.0,0.0
2017-02-14 00:00:00+08:00,1.1851351261138916,1.1851351261138916,1.1851351261138916,1.1851351261138916,0,0.0,0.0
2017-02-15 00:00:00+08:00,1.1851351261138916,1.1851351261138916,1.1851351261138916,1.1851351261138916,0,0.0,0.0
2017-02-16 00:00:00+08:00,1.1851351261138916,1.1851351261138916,1.1851351261138916,1.1851351261138916,0,0.0,0.0
2017-02-17 00:00:00+08:00,1.1851351261138916,1.1851351261138916,1.1851351261138916,1.1851351261138916,0,0.0,0.0
2017-02-20 00:00:00+08:00,1.1851351261138916,1.1851351261138916,1.1851351261138916,1.1851351261138916,0,0.0,0.0
2017-02-21 00:00:00+08:00,1.1851351261138916,1.1851351261138916,1.1851351261138916,1.1851351261138916,0,0.0,0.0
2017-02-22 00:00:00+08:00,1.1851351261138916,1.1851351261138916,1.1851351261138916,1.1851351261138916,0,0.0,0.0
2017-02-23 00:00:00+08:00,1.1851351261138916,1.1851351261138916,1.1851351261138916,1.1851351261138916,0,0.0,0.0
2017-02-24 00:00:00+08:00,1.1851351261138916,1.1851351261138916,1.1851351261138916,1.1851351261138916,0,0.0,0.0
2017-03-01 00:00:00+08:00,1.1851351261138916,1.1851351261138916,1.1851351261138916,1.1851351261138916,0,0.0,0.0
2017-03-02 00:00:00+08:00,1.1851351261138916,1.1851351261138916,1.1851351261138916,1.1851351261138916,0,0.0,0.0
2017-03-03 00:00:00+08:00,1.1851351261138916,1.1851351261138916,1.1851351261138916,1.1851351261138916,0,0.0,0.0
2017-03-06 00:00:00+08:00,1.1851351261138916,1.1851351261138916,1.1851351261138916,1.1851351261138916,0,0.0,0.0
2017-03-07 00:00:00+08:00,1.1851351261138916,1.1851351261138916,1.1851351261138916,1.1851351261138916,0,0.0,0.0
2017-03-08 00:00:00+08:00,1.1851351261138916,1.1851351261138916,1.1851351261138916,1.1851351261138916,0,0.0,0.0
2017-03-09 00:00:00+08:00,1.1851351261138916,1.1851351261138916,1.1851351261138916,1.1851351261138916,0,0.0,0.0
2017-03-10 00:00:00+08:00,1.1851351261138916,1.1851351261138916,1.1851351261138916,1.1851351261138916,0,0.0,0.0
2017-03-13 00:00:00+08:00,1.1851351261138916,1.1851351261138916,1.1851351261138916,1.1851351261138916,0,0.0,0.0
2017-03-14 00:00:00+08:00,1.1851351261138916,1.1851351261138916,1.1851351261138916,1.1851351261138916,0,0.0,0.0
2017-03-15 00:00:00+08:00,1.1851351261138916,1.1851351261138916,1.1851351261138916,1.1851351261138916,0,0.0,0.0
2017-03-16 00:00:00+08:00,1.1851351261138916,1.1851351261138916,1.1851351261138916,1.1851351261138916,0,0.0,0.0
2017-03-17 00:00:00+08:00,1.1851351261138916,1.1851351261138916,1.1851351261138916,1.1851351261138916,0,0.0,0.0
2017-03-20 00:00:00+08:00,1.1851351261138916,1.1851351261138916,1.1851351261138916,1.1851351261138916,0,0.0,0.0
2017-03-21 00:00:00+08:00,1.1851351261138916,1.1851351261138916,1.1851351261138916,1.1851351261138916,0,0.0,0.0
2017-03-22 00:00:00+08:00,1.1851351261138916,1.1851351261138916,1.1851351261138916,1.1851351261138916,0,0.0,0.0
2017-03-23 00:00:00+08:00,1.1851351261138916,1.1851351261138916,1.1851351261138916,1.1851351261138916,0,0.0,0.0
2017-03-24 00:00:00+08:00,1.1851351261138916,1.1851351261138916,1.1851351261138916,1.1851351261138916,0,0.0,0.0
2017-03-27 00:00:00+08:00,1.1851351261138916,1.1851351261138916,1.1851351261138916,1.1851351261138916,0,0.0,0.0
2017-03-28 00:00:00+08:00,1.1851351261138916,1.1851351261138916,1.1851351261138916,1.1851351261138916,0,0.0,0.0
2017-03-29 00:00:00+08:00,1.1851351261138916,1.1851351261138916,1.1851351261138916,1.1851351261138916,0,0.0,0.0
2017-03-30 00:00:00+08:00,1.1851351261138916,1.1851351261138916,1.1851351261138916,1.1851351261138916,0,0.0,0.0
2017-03-31 00:00:00+08:00,1.1851351261138916,1.1851351261138916,1.1851351261138916,1.1851351261138916,0,0.0,0.0
2017-04-05 00:00:00+08:00,1.1851351261138916,1.1851351261138916,1.1851351261138916,1.1851351261138916,0,0.0,0.0
2017-04-06 00:00:00+08:00,1.1851351261138916,1.1851351261138916,1.1851351261138916,1.1851351261138916,0,0.0,0.0
2017-04-07 00:00:00+08:00,1.1851351261138916,1.1851351261138916,1.1851351261138916,1.1851351261138916,0,0.0,0.0
2017-04-10 00:00:00+08:00,1.1851351261138916,1.1851351261138916,1.1851351261138916,1.1851351261138916,0,0.0,0.0
2017-04-11 00:00:00+08:00,1.1851351261138916,1.1851351261138916,1.1851351261138916,1.1851351261138916,0,0.0,0.0
2017-04-12 00:00:00+08:00,1.1851351261138916,1.1851351261138916,1.1851351261138916,1.1851351261138916,0,0.0,0.0
2017-04-13 00:00:00+08:00,1.1851351261138916,1.1851351261138916,1.1851351261138916,1.1851351261138916,0,0.0,0.0
2017-04-14 00:00:00+08:00,1.1851351261138916,1.1851351261138916,1.1851351261138916,1.1851351261138916,0,0.0,0.0
2017-04-17 00:00:00+08:00,1.1851351261138916,1.1851351261138916,1.1851351261138916,1.1851351261138916,0,0.0,0.0
2017-04-18 00:00:00+08:00,1.1851351261138916,1.1851351261138916,1.1851351261138916,1.1851351261138916,0,0.0,0.0
2017-04-19 00:00:00+08:00,1.1851351261138916,1.1851351261138916,1.1851351261138916,1.1851351261138916,0,0.0,0.0
2017-04-20 00:00:00+08:00,1.1851351261138916,1.1851351261138916,1.1851351261138916,1.1851351261138916,0,0.0,0.0
2017-04-21 00:00:00+08:00,1.1851351261138916,1.1851351261138916,1.1851351261138916,1.1851351261138916,0,0.0,0.0
2017-04-24 00:00:00+08:00,1.1851351261138916,1.1851351261138916,1.1851351261138916,1.1851351261138916,0,0.0,0.0
2017-04-25 00:00:00+08:00,1.1851351261138916,1.1851351261138916,1.1851351261138916,1.1851351261138916,0,0.0,0.0
2017-04-26 00:00:00+08:00,1.1851351261138916,1.1851351261138916,1.1851351261138916,1.1851351261138916,0,0.0,0.0
2017-04-27 00:00:00+08:00,1.1851351261138916,1.1851351261138916,1.1851351261138916,1.1851351261138916,0,0.0,0.0
2017-04-28 00:00:00+08:00,1.1851351261138916,1.1851351261138916,1.1851351261138916,1.1851351261138916,0,0.0,0.0
2017-05-02 00:00:00+08:00,1.1851351261138916,1.1851351261138916,1.1851351261138916,1.1851351261138916,0,0.0,0.0
2017-05-03 00:00:00+08:00,1.1851351261138916,1.1851351261138916,1.1851351261138916,1.1851351261138916,0,0.0,0.0
2017-05-04 00:00:00+08:00,1.1851351261138916,1.1851351261138916,1.1851351261138916,1.1851351261138916,0,0.0,0.0
2017-05-05 00:00:00+08:00,1.1851351261138916,1.1851351261138916,1.1851351261138916,1.1851351261138916,0,0.0,0.0
2017-05-08 00:00:00+08:00,1.1851351261138916,1.1851351261138916,1.1851351261138916,1.1851351261138916,0,0.0,0.0
2017-05-09 00:00:00+08:00,1.1851351261138916,1.1851351261138916,1.1851351261138916,1.1851351261138916,0,0.0,0.0
2017-05-10 00:00:00+08:00,1.1851351261138916,1.1851351261138916,1.1851351261138916,1.1851351261138916,0,0.0,0.0
2017-05-11 00:00:00+08:00,1.1851351261138916,1.1851351261138916,1.1851351261138916,1.1851351261138916,0,0.0,0.0
2017-05-12 00:00:00+08:00,1.1851351261138916,1.1851351261138916,1.1851351261138916,1.1851351261138916,0,0.0,0.0
2017-05-15 00:00:00+08:00,1.1851351261138916,1.1851351261138916,1.1851351261138916,1.1851351261138916,0,0.0,0.0
2017-05-16 00:00:00+08:00,1.1851351261138916,1.1851351261138916,1.1851351261138916,1.1851351261138916,0,0.0,0.0
2017-05-17 00:00:00+08:00,1.1851351261138916,1.1851351261138916,1.1851351261138916,1.1851351261138916,0,0.0,0.0
2017-05-18 00:00:00+08:00,1.1851351261138916,1.1851351261138916,1.1851351261138916,1.1851351261138916,0,0.0,0.0
2017-05-19 00:00:00+08:00,1.1851351261138916,1.1851351261138916,1.1851351261138916,1.1851351261138916,0,0.0,0.0
2017-05-22 00:00:00+08:00,1.1851351261138916,1.1851351261138916,1.1851351261138916,1.1851351261138916,0,0.0,0.0
2017-05-23 00:00:00+08:00,1.1851351261138916,1.1851351261138916,1.1851351261138916,1.1851351261138916,0,0.0,0.0
2017-05-24 00:00:00+08:00,1.1851351261138916,1.1851351261138916,1.1851351261138916,1.1851351261138916,0,0.0,0.0
2017-05-25 00:00:00+08:00,1.1851351261138916,1.1851351261138916,1.1851351261138916,1.1851351261138916,0,0.0,0.0
2017-05-26 00:00:00+08:00,1.1851351261138916,1.1851351261138916,1.1851351261138916,1.1851351261138916,0,0.0,0.0
2017-05-31 00:00:00+08:00,1.1851351261138916,1.1851351261138916,1.1851351261138916,1.1851351261138916,0,0.0,0.0
2017-06-01 00:00:00+08:00,1.1851351261138916,1.1851351261138916,1.1851351261138916,1.1851351261138916,0,0.0,0.0
2017-06-02 00:00:00+08:00,1.1851351261138916,1.1851351261138916,1.1851351261138916,1.1851351261138916,0,0.0,0.0
2017-06-05 00:00:00+08:00,1.1851351261138916,1.1851351261138916,1.1851351261138916,1.1851351261138916,0,0.0,0.0
2017-06-06 00:00:00+08:00,1.1851351261138916,1.1851351261138916,1.1851351261138916,1.1851351261138916,0,0.0,0.0
2017-06-07 00:00:00+08:00,1.1851351261138916,1.1851351261138916,1.1851351261138916,1.1851351261138916,0,0.0,0.0
2017-06-08 00:00:00+08:00,1.1851351261138916,1.1851351261138916,1.1851351261138916,1.1851351261138916,0,0.0,0.0
2017-06-09 00:00:00+08:00,1.1851351261138916,1.1851351261138916,1.1851351261138916,1.1851351261138916,0,0.0,0.0
2017-06-12 00:00:00+08:00,1.1851351261138916,1.1851351261138916,1.1851351261138916,1.1851351261138916,0,0.0,0.0
2017-06-13 00:00:00+08:00,1.1851351261138916,1.1851351261138916,1.1851351261138916,1.1851351261138916,0,0.0,0.0
2017-06-14 00:00:00+08:00,1.1851351261138916,1.1851351261138916,1.1851351261138916,1.1851351261138916,0,0.0,0.0
2017-06-15 00:00:00+08:00,1.1851351261138916,1.1851351261138916,1.1851351261138916,1.1851351261138916,0,0.0,0.0
2017-06-16 00:00:00+08:00,1.1851351261138916,1.1851351261138916,1.1851351261138916,1.1851351261138916,0,0.0,0.0
2017-06-19 00:00:00+08:00,1.1851351261138916,1.1851351261138916,1.1851351261138916,1.1851351261138916,0,0.0,0.0
2017-06-20 00:00:00+08:00,1.1851351261138916,1.1851351261138916,1.1851351261138916,1.1851351261138916,0,0.0,0.0
2017-06-21 00:00:00+08:00,1.1851351261138916,1.1851351261138916,1.1851351261138916,1.1851351261138916,0,0.0,0.0
2017-06-22 00:00:00+08:00,1.1851351261138916,1.1851351261138916,1.1851351261138916,1.1851351261138916,0,0.0,0.0
2017-06-23 00:00:00+08:00,1.1851351261138916,1.1851351261138916,1.1851351261138916,1.1851351261138916,0,0.0,0.0
2017-06-26 00:00:00+08:00,1.1851351261138916,1.1851351261138916,1.1851351261138916,1.1851351261138916,0,0.0,0.0
2017-06-27 00:00:00+08:00,1.1851351261138916,1.1851351261138916,1.1851351261138916,1.1851351261138916,0,0.0,0.0
2017-06-28 00:00:00+08:00,1.1851351261138916,1.1851351261138916,1.1851351261138916,1.1851351261138916,0,0.0,0.0
2017-06-29 00:00:00+08:00,1.1851351261138916,1.1851351261138916,1.1851351261138916,1.1851351261138916,0,0.0,0.0
2017-06-30 00:00:00+08:00,1.1851351261138916,1.1851351261138916,1.1851351261138916,1.1851351261138916,0,0.0,0.0
2017-07-03 00:00:00+08:00,1.1851351261138916,1.1851351261138916,1.1851351261138916,1.1851351261138916,0,0.0,0.0
2017-07-04 00:00:00+08:00,1.1851351261138916,1.1851351261138916,1.1851351261138916,1.1851351261138916,0,0.0,0.0
2017-07-05 00:00:00+08:00,1.1851351261138916,1.1851351261138916,1.1851351261138916,1.1851351261138916,0,0.0,0.0
2017-07-06 00:00:00+08:00,1.1851351261138916,1.1851351261138916,1.1851351261138916,1.1851351261138916,0,0.0,0.0
2017-07-07 00:00:00+08:00,1.1851351261138916,1.1851351261138916,1.1851351261138916,1.1851351261138916,0,0.0,0.0
2017-07-10 00:00:00+08:00,1.1851351261138916,1.1851351261138916,1.1851351261138916,1.1851351261138916,0,0.0,0.0
2017-07-11 00:00:00+08:00,1.1851351261138916,1.1851351261138916,1.1851351261138916,1.1851351261138916,0,0.0,0.0
2017-07-12 00:00:00+08:00,1.1851351261138916,1.1851351261138916,1.1851351261138916,1.1851351261138916,0,0.0,0.0
2017-07-13 00:00:00+08:00,1.1851351261138916,1.1851351261138916,1.1851351261138916,1.1851351261138916,0,0.0,0.0
2017-07-14 00:00:00+08:00,1.1851351261138916,1.1851351261138916,1.1851351261138916,1.1851351261138916,0,0.0,0.0
2017-07-17 00:00:00+08:00,1.1851351261138916,1.1851351261138916,1.1851351261138916,1.1851351261138916,0,0.0,0.0
2017-07-18 00:00:00+08:00,1.1851351261138916,1.1851351261138916,1.1851351261138916,1.1851351261138916,0,0.0,0.0
2017-07-19 00:00:00+08:00,1.1851351261138916,1.1851351261138916,1.1851351261138916,1.1851351261138916,0,0.0,0.0
2017-07-20 00:00:00+08:00,1.1851351261138916,1.1851351261138916,1.1851351261138916,1.1851351261138916,0,0.0,0.0
2017-07-21 00:00:00+08:00,1.1851351261138916,1.1851351261138916,1.1851351261138916,1.1851351261138916,0,0.0,0.0
2017-07-24 00:00:00+08:00,1.1851351261138916,1.1851351261138916,1.1851351261138916,1.1851351261138916,0,0.0,0.0
2017-07-25 00:00:00+08:00,1.1851351261138916,1.1851351261138916,1.1851351261138916,1.1851351261138916,0,0.0,0.0
2017-07-26 00:00:00+08:00,1.1851351261138916,1.1851351261138916,1.1851351261138916,1.1851351261138916,0,0.0,0.0
2017-07-27 00:00:00+08:00,1.1851351261138916,1.1851351261138916,1.1851351261138916,1.1851351261138916,0,0.0,0.0
2017-07-28 00:00:00+08:00,1.1851351261138916,1.1851351261138916,1.1851351261138916,1.1851351261138916,0,0.0,0.0
2017-07-31 00:00:00+08:00,1.1851351261138916,1.1851351261138916,1.1851351261138916,1.1851351261138916,0,0.0,0.0
2017-08-01 00:00:00+08:00,1.1851351261138916,1.1851351261138916,1.1851351261138916,1.1851351261138916,0,0.0,0.0
2017-08-02 00:00:00+08:00,1.1851351261138916,1.1851351261138916,1.1851351261138916,1.1851351261138916,0,0.0,0.0
2017-08-03 00:00:00+08:00,1.1851351261138916,1.1851351261138916,1.1851351261138916,1.1851351261138916,0,0.0,0.0
2017-08-04 00:00:00+08:00,1.1851351261138916,1.1851351261138916,1.1851351261138916,1.1851351261138916,0,0.0,0.0
2017-08-07 00:00:00+08:00,1.1851351261138916,1.1851351261138916,1.1851351261138916,1.1851351261138916,0,0.0,0.0
2017-08-08 00:00:00+08:00,1.1851351261138916,1.1851351261138916,1.1851351261138916,1.1851351261138916,0,0.0,0.0
2017-08-09 00:00:00+08:00,1.1851351261138916,1.1851351261138916,1.1851351261138916,1.1851351261138916,0,0.0,0.0
2017-08-10 00:00:00+08:00,1.1851351261138916,1.1851351261138916,1.1851351261138916,1.1851351261138916,0,0.0,0.0
2017-08-11 00:00:00+08:00,1.1851351261138916,1.1851351261138916,1.1851351261138916,1.1851351261138916,0,0.0,0.0
2017-08-14 00:00:00+08:00,1.1851351261138916,1.1851351261138916,1.1851351261138916,1.1851351261138916,0,0.0,0.0
2017-08-15 00:00:00+08:00,1.1851351261138916,1.1851351261138916,1.1851351261138916,1.1851351261138916,0,0.0,0.0
2017-08-16 00:00:00+08:00,1.1851351261138916,1.1851351261138916,1.1851351261138916,1.1851351261138916,0,0.0,0.0
2017-08-17 00:00:00+08:00,1.1851351261138916,1.1851351261138916,1.1851351261138916,1.1851351261138916,0,0.0,0.0
2017-08-18 00:00:00+08:00,1.1851351261138916,1.1851351261138916,1.1851351261138916,1.1851351261138916,0,0.0,0.0
2017-08-21 00:00:00+08:00,1.1851351261138916,1.1851351261138916,1.1851351261138916,1.1851351261138916,0,0.0,0.0
2017-08-22 00:00:00+08:00,1.1851351261138916,1.1851351261138916,1.1851351261138916,1.1851351261138916,0,0.0,0.0
2017-08-23 00:00:00+08:00,1.1851351261138916,1.1851351261138916,1.1851351261138916,1.1851351261138916,0,0.0,0.0
2017-08-24 00:00:00+08:00,1.1851351261138916,1.1851351261138916,1.1851351261138916,1.1851351261138916,0,0.0,0.0
2017-08-25 00:00:00+08:00,1.1851351261138916,1.1851351261138916,1.1851351261138916,1.1851351261138916,0,0.0,0.0
2017-08-28 00:00:00+08:00,1.1851351261138916,1.1851351261138916,1.1851351261138916,1.1851351261138916,0,0.0,0.0
2017-08-29 00:00:00+08:00,1.1851351261138916,1.1851351261138916,1.1851351261138916,1.1851351261138916,0,0.0,0.0
2017-08-30 00:00:00+08:00,1.1851351261138916,1.1851351261138916,1.1851351261138916,1.1851351261138916,0,0.0,0.0
2017-08-31 00:00:00+08:00,1.1851351261138916,1.1851351261138916,1.1851351261138916,1.1851351261138916,0,0.0,0.0
2017-09-01 00:00:00+08:00,1.1851351261138916,1.1851351261138916,1.1851351261138916,1.1851351261138916,0,0.0,0.0
2017-09-04 00:00:00+08:00,1.1851351261138916,1.1851351261138916,1.1851351261138916,1.1851351261138916,0,0.0,0.0
2017-09-05 00:00:00+08:00,1.1851351261138916,1.1851351261138916,1.1851351261138916,1.1851351261138916,0,0.0,0.0
2017-09-06 00:00:00+08:00,1.1851351261138916,1.1851351261138916,1.1851351261138916,1.1851351261138916,0,0.0,0.0
2017-09-07 00:00:00+08:00,1.1851351261138916,1.1851351261138916,1.1851351261138916,1.1851351261138916,0,0.0,0.0
2017-09-08 00:00:00+08:00,1.1851351261138916,1.1851351261138916,1.1851351261138916,1.1851351261138916,0,0.0,0.0
2017-09-11 00:00:00+08:00,1.1851351261138916,1.1851351261138916,1.1851351261138916,1.1851351261138916,0,0.0,0.0
2017-09-12 00:00:00+08:00,1.1851351261138916,1.1851351261138916,1.1851351261138916,1.1851351261138916,0,0.0,0.0
2017-09-13 00:00:00+08:00,1.1851351261138916,1.1851351261138916,1.1851351261138916,1.1851351261138916,0,0.0,0.0
2017-09-14 00:00:00+08:00,1.1851351261138916,1.1851351261138916,1.1851351261138916,1.1851351261138916,0,0.0,0.0
2017-09-15 00:00:00+08:00,1.1851351261138916,1.1851351261138916,1.1851351261138916,1.1851351261138916,0,0.0,0.0
2017-09-18 00:00:00+08:00,1.1851351261138916,1.1851351261138916,1.1851351261138916,1.1851351261138916,0,0.0,0.0
2017-09-19 00:00:00+08:00,1.1851351261138916,1.1851351261138916,1.1851351261138916,1.1851351261138916,0,0.0,0.0
2017-09-20 00:00:00+08:00,1.1851351261138916,1.1851351261138916,1.1851351261138916,1.1851351261138916,0,0.0,0.0
2017-09-21 00:00:00+08:00,1.1851351261138916,1.1851351261138916,1.1851351261138916,1.1851351261138916,0,0.0,0.0
2017-09-22 00:00:00+08:00,1.1851351261138916,1.1851351261138916,1.1851351261138916,1.1851351261138916,0,0.0,0.0
2017-09-25 00:00:00+08:00,1.1851351261138916,1.1851351261138916,1.1851351261138916,1.1851351261138916,0,0.0,0.0
2017-09-26 00:00:00+08:00,1.1851351261138916,1.1851351261138916,1.1851351261138916,1.1851351261138916,0,0.0,0.0
2017-09-27 00:00:00+08:00,1.1851351261138916,1.1851351261138916,1.1851351261138916,1.1851351261138916,0,0.0,0.0
2017-09-28 00:00:00+08:00,1.1851351261138916,1.1851351261138916,1.1851351261138916,1.1851351261138916,0,0.0,0.0
2017-09-29 00:00:00+08:00,1.1851351261138916,1.1851351261138916,1.1851351261138916,1.1851351261138916,0,0.0,0.0
2017-10-02 00:00:00+08:00,1.1851351261138916,1.1851351261138916,1.1851351261138916,1.1851351261138916,0,0.0,0.0
2017-10-03 00:00:00+08:00,1.1851351261138916,1.1851351261138916,1.1851351261138916,1.1851351261138916,0,0.0,0.0
2017-10-05 00:00:00+08:00,1.1851351261138916,1.1851351261138916,1.1851351261138916,1.1851351261138916,0,0.0,0.0
2017-10-06 00:00:00+08:00,1.1851351261138916,1.1851351261138916,1.1851351261138916,1.1851351261138916,0,0.0,0.0
2017-10-11 00:00:00+08:00,1.1851351261138916,1.1851351261138916,1.1851351261138916,1.1851351261138916,0,0.0,0.0
2017-10-12 00:00:00+08:00,1.1851351261138916,1.1851351261138916,1.1851351261138916,1.1851351261138916,0,0.0,0.0
2017-10-13 00:00:00+08:00,1.1851351261138916,1.1851351261138916,1.1851351261138916,1.1851351261138916,0,0.0,0.0
2017-10-16 00:00:00+08:00,1.1851351261138916,1.1851351261138916,1.1851351261138916,1.1851351261138916,0,0.0,0.0
2017-10-17 00:00:00+08:00,1.1851351261138916,1.1851351261138916,1.1851351261138916,1.1851351261138916,0,0.0,0.0
2017-10-18 00:00:00+08:00,1.1851351261138916,1.1851351261138916,1.1851351261138916,1.1851351261138916,0,0.0,0.0
2017-10-19 00:00:00+08:00,1.1851351261138916,1.1851351261138916,1.1851351261138916,1.1851351261138916,0,0.0,0.0
2017-10-20 00:00:00+08:00,1.1851351261138916,1.1851351261138916,1.1851351261138916,1.1851351261138916,0,0.0,0.0
2017-10-23 00:00:00+08:00,1.1851351261138916,1.1851351261138916,1.1851351261138916,1.1851351261138916,0,0.0,0.0
2017-10-24 00:00:00+08:00,1.1851351261138916,1.1851351261138916,1.1851351261138916,1.1851351261138916,0,0.0,0.0
2017-10-25 00:00:00+08:00,1.1851351261138916,1.1851351261138916,1.1851351261138916,1.1851351261138916,0,0.0,0.0
2017-10-26 00:00:00+08:00,1.1851351261138916,1.1851351261138916,1.1851351261138916,1.1851351261138916,0,0.0,0.0
2017-10-27 00:00:00+08:00,1.1851351261138916,1.1851351261138916,1.1851351261138916,1.1851351261138916,0,0.0,0.0
2017-10-30 00:00:00+08:00,1.1851351261138916,1.1851351261138916,1.1851351261138916,1.1851351261138916,0,0.0,0.0
2017-10-31 00:00:00+08:00,1.1851351261138916,1.1851351261138916,1.1851351261138916,1.1851351261138916,0,0.0,0.0
2017-11-01 00:00:00+08:00,1.1851351261138916,1.1851351261138916,1.1851351261138916,1.1851351261138916,0,0.0,0.0
2017-11-02 00:00:00+08:00,1.1851351261138916,1.1851351261138916,1.1851351261138916,1.1851351261138916,0,0.0,0.0
2017-11-03 00:00:00+08:00,1.1851351261138916,1.1851351261138916,1.1851351261138916,1.1851351261138916,0,0.0,0.0
2017-11-06 00:00:00+08:00,1.1851351261138916,1.1851351261138916,1.1851351261138916,1.1851351261138916,0,0.0,0.0
2017-11-07 00:00:00+08:00,1.1851351261138916,1.1851351261138916,1.1851351261138916,1.1851351261138916,0,0.0,0.0
2017-11-08 00:00:00+08:00,1.1851351261138916,1.1851351261138916,1.1851351261138916,1.1851351261138916,0,0.0,0.0
2017-11-09 00:00:00+08:00,1.1851351261138916,1.1851351261138916,1.1851351261138916,1.1851351261138916,0,0.0,0.0
2017-11-10 00:00:00+08:00,1.1851351261138916,1.1851351261138916,1.1851351261138916,1.1851351261138916,0,0.0,0.0
2017-11-13 00:00:00+08:00,1.1851351261138916,1.1851351261138916,1.1851351261138916,1.1851351261138916,0,0.0,0.0
2017-11-14 00:00:00+08:00,1.1851351261138916,1.1851351261138916,1.1851351261138916,1.1851351261138916,0,0.0,0.0
2017-11-15 00:00:00+08:00,1.1851351261138916,1.1851351261138916,1.1851351261138916,1.1851351261138916,0,0.0,0.0
2017-11-16 00:00:00+08:00,1.1851351261138916,1.1851351261138916,1.1851351261138916,1.1851351261138916,0,0.0,0.0
2017-11-17 00:00:00+08:00,1.1851351261138916,1.1851351261138916,1.1851351261138916,1.1851351261138916,0,0.0,0.0
2017-11-20 00:00:00+08:00,1.1851351261138916,1.1851351261138916,1.1851351261138916,1.1851351261138916,0,0.0,0.0
2017-11-21 00:00:00+08:00,1.1851351261138916,1.1851351261138916,1.1851351261138916,1.1851351261138916,0,0.0,0.0
2017-11-22 00:00:00+08:00,1.1851351261138916,1.1851351261138916,1.1851351261138916,1.1851351261138916,0,0.0,0.0
2017-11-23 00:00:00+08:00,1.1851351261138916,1.1851351261138916,1.1851351261138916,1.1851351261138916,0,0.0,0.0
2017-11-24 00:00:00+08:00,1.1851351261138916,1.1851351261138916,1.1851351261138916,1.1851351261138916,0,0.0,0.0
2017-11-27 00:00:00+08:00,1.1851351261138916,1.1851351261138916,1.1851351261138916,1.1851351261138916,0,0.0,0.0
2017-11-28 00:00:00+08:00,1.1851351261138916,1.1851351261138916,1.1851351261138916,1.1851351261138916,0,0.0,0.0
2017-11-29 00:00:00+08:00,1.1851351261138916,1.1851351261138916,1.1851351261138916,1.1851351261138916,0,0.0,0.0
2017-11-30 00:00:00+08:00,1.1851351261138916,1.1851351261138916,1.1851351261138916,1.1851351261138916,0,0.0,0.0
2017-12-01 00:00:00+08:00,1.1851351261138916,1.1851351261138916,1.1851351261138916,1.1851351261138916,0,0.0,0.0
2017-12-04 00:00:00+08:00,1.1851351261138916,1.1851351261138916,1.1851351261138916,1.1851351261138916,0,0.0,0.0
2017-12-05 00:00:00+08:00,1.1851351261138916,1.1851351261138916,1.1851351261138916,1.1851351261138916,0,0.0,0.0
2017-12-06 00:00:00+08:00,1.1851351261138916,1.1851351261138916,1.1851351261138916,1.1851351261138916,0,0.0,0.0
2017-12-07 00:00:00+08:00,1.1851351261138916,1.1851351261138916,1.1851351261138916,1.1851351261138916,0,0.0,0.0
2017-12-08 00:00:00+08:00,1.1851351261138916,1.1851351261138916,1.1851351261138916,1.1851351261138916,0,0.0,0.0
2017-12-11 00:00:00+08:00,1.1851351261138916,1.1851351261138916,1.1851351261138916,1.1851351261138916,0,0.0,0.0
2017-12-12 00:00:00+08:00,1.1851351261138916,1.1851351261138916,1.1851351261138916,1.1851351261138916,0,0.0,0.0
2017-12-13 00:00:00+08:00,1.1851351261138916,1.1851351261138916,1.1851351261138916,1.1851351261138916,0,0.0,0.0
2017-12-14 00:00:00+08:00,1.1851351261138916,1.1851351261138916,1.1851351261138916,1.1851351261138916,0,0.0,0.0
2017-12-15 00:00:00+08:00,1.1851351261138916,1.1851351261138916,1.1851351261138916,1.1851351261138916,0,0.0,0.0
2017-12-18 00:00:00+08:00,1.1851351261138916,1.1851351261138916,1.1851351261138916,1.1851351261138916,0,0.0,0.0
2017-12-19 00:00:00+08:00,1.1851351261138916,1.1851351261138916,1.1851351261138916,1.1851351261138916,0,0.0,0.0
2017-12-20 00:00:00+08:00,1.1851351261138916,1.1851351261138916,1.1851351261138916,1.1851351261138916,0,0.0,0.0
2017-12-21 00:00:00+08:00,1.1851351261138916,1.1851351261138916,1.1851351261138916,1.1851351261138916,0,0.0,0.0
2017-12-22 00:00:00+08:00,1.1851351261138916,1.1851351261138916,1.1851351261138916,1.1851351261138916,0,0.0,0.0
2017-12-25 00:00:00+08:00,1.1851351261138916,1.1851351261138916,1.1851351261138916,1.1851351261138916,0,0.0,0.0
2017-12-26 00:00:00+08:00,1.1851351261138916,1.1851351261138916,1.1851351261138916,1.1851351261138916,0,0.0,0.0
2017-12-27 00:00:00+08:00,1.1851351261138916,1.1851351261138916,1.1851351261138916,1.1851351261138916,0,0.0,0.0
2017-12-28 00:00:00+08:00,1.1851351261138916,1.1851351261138916,1.1851351261138916,1.1851351261138916,0,0.0,0.0
2017-12-29 00:00:00+08:00,1.1851351261138916,1.1851351261138916,1.1851351261138916,1.1851351261138916,0,0.0,0.0
2018-01-02 00:00:00+08:00,1.1851351261138916,1.1851351261138916,1.1851351261138916,1.1851351261138916,0,0.0,0.0
2018-01-03 00:00:00+08:00,1.1851351261138916,1.1851351261138916,1.1851351261138916,1.1851351261138916,0,0.0,0.0
2018-01-04 00:00:00+08:00,1.1851351261138916,1.1851351261138916,1.1851351261138916,1.1851351261138916,0,0.0,0.0
2018-01-05 00:00:00+08:00,1.1851351261138916,1.1851351261138916,1.1851351261138916,1.1851351261138916,0,0.0,0.0
2018-01-08 00:00:00+08:00,1.1851351261138916,1.1851351261138916,1.1851351261138916,1.1851351261138916,0,0.0,0.0
2018-01-09 00:00:00+08:00,1.1851351261138916,1.1851351261138916,1.1851351261138916,1.1851351261138916,0,0.0,0.0
2018-01-10 00:00:00+08:00,1.1851351261138916,1.1851351261138916,1.1851351261138916,1.1851351261138916,0,0.0,0.0
2018-01-11 00:00:00+08:00,1.1851351261138916,1.1851351261138916,1.1851351261138916,1.1851351261138916,0,0.0,0.0
2018-01-12 00:00:00+08:00,1.1851351261138916,1.1851351261138916,1.1851351261138916,1.1851351261138916,0,0.0,0.0
2018-01-15 00:00:00+08:00,1.1851351261138916,1.1851351261138916,1.1851351261138916,1.1851351261138916,0,0.0,0.0
2018-01-16 00:00:00+08:00,1.1851351261138916,1.1851351261138916,1.1851351261138916,1.1851351261138916,0,0.0,0.0
2018-01-17 00:00:00+08:00,1.1851351261138916,1.1851351261138916,1.1851351261138916,1.1851351261138916,0,0.0,0.0
2018-01-18 00:00:00+08:00,1.1851351261138916,1.1851351261138916,1.1851351261138916,1.1851351261138916,0,0.0,0.0
2018-01-19 00:00:00+08:00,1.1851351261138916,1.1851351261138916,1.1851351261138916,1.1851351261138916,0,0.0,0.0
2018-01-22 00:00:00+08:00,1.1851351261138916,1.1851351261138916,1.1851351261138916,1.1851351261138916,0,0.0,0.0
2018-01-23 00:00:00+08:00,1.1851351261138916,1.1851351261138916,1.1851351261138916,1.1851351261138916,0,0.0,0.0
2018-01-24 00:00:00+08:00,1.1851351261138916,1.1851351261138916,1.1851351261138916,1.1851351261138916,0,0.0,0.0
2018-01-25 00:00:00+08:00,1.1851351261138916,1.1851351261138916,1.1851351261138916,1.1851351261138916,0,0.0,0.0
2018-01-26 00:00:00+08:00,1.1851351261138916,1.1851351261138916,1.1851351261138916,1.1851351261138916,0,0.0,0.0
2018-01-29 00:00:00+08:00,1.1851351261138916,1.1851351261138916,1.1851351261138916,1.1851351261138916,0,0.0,0.0
2018-01-30 00:00:00+08:00,1.1851351261138916,1.1851351261138916,1.1851351261138916,1.1851351261138916,0,0.0,0.0
2018-01-31 00:00:00+08:00,1.1851351261138916,1.1851351261138916,1.1851351261138916,1.1851351261138916,0,0.0,0.0
2018-02-01 00:00:00+08:00,1.1851351261138916,1.1851351261138916,1.1851351261138916,1.1851351261138916,0,0.0,0.0
2018-02-02 00:00:00+08:00,1.1851351261138916,1.1851351261138916,1.1851351261138916,1.1851351261138916,0,0.0,0.0
2018-02-05 00:00:00+08:00,1.1851351261138916,1.1851351261138916,1.1851351261138916,1.1851351261138916,0,0.0,0.0
2018-02-06 00:00:00+08:00,1.1851351261138916,1.1851351261138916,1.1851351261138916,1.1851351261138916,0,0.0,0.0
2018-02-07 00:00:00+08:00,1.1851351261138916,1.1851351261138916,1.1851351261138916,1.1851351261138916,0,0.0,0.0
2018-02-08 00:00:00+08:00,1.1851351261138916,1.1851351261138916,1.1851351261138916,1.1851351261138916,0,0.0,0.0
2018-02-09 00:00:00+08:00,1.1851351261138916,1.1851351261138916,1.1851351261138916,1.1851351261138916,0,0.0,0.0
2018-02-12 00:00:00+08:00,1.1851351261138916,1.1851351261138916,1.1851351261138916,1.1851351261138916,0,0.0,0.0
2018-02-21 00:00:00+08:00,1.1851351261138916,1.1851351261138916,1.1851351261138916,1.1851351261138916,0,0.0,0.0
2018-02-22 00:00:00+08:00,1.1851351261138916,1.1851351261138916,1.1851351261138916,1.1851351261138916,0,0.0,0.0
2018-02-23 00:00:00+08:00,1.1851351261138916,1.1851351261138916,1.1851351261138916,1.1851351261138916,0,0.0,0.0
2018-02-26 00:00:00+08:00,1.1851351261138916,1.1851351261138916,1.1851351261138916,1.1851351261138916,0,0.0,0.0
2018-02-27 00:00:00+08:00,1.1851351261138916,1.1851351261138916,1.1851351261138916,1.1851351261138916,0,0.0,0.0
2018-03-01 00:00:00+08:00,2.851700782775879,2.851700782775879,2.851700782775879,2.851700782775879,0,2.10388,0.0
2018-03-02 00:00:00+08:00,2.851700782775879,2.851700782775879,2.851700782775879,2.851700782775879,0,0.0,0.0
2018-03-05 00:00:00+08:00,2.851700782775879,2.851700782775879,2.851700782775879,2.851700782775879,0,0.0,0.0
2018-03-06 00:00:00+08:00,2.851700782775879,2.851700782775879,2.851700782775879,2.851700782775879,0,0.0,0.0
2018-03-07 00:00:00+08:00,2.851700782775879,2.851700782775879,2.851700782775879,2.851700782775879,0,0.0,0.0
2018-03-08 00:00:00+08:00,2.851700782775879,2.851700782775879,2.851700782775879,2.851700782775879,0,0.0,0.0
2018-03-09 00:00:00+08:00,2.851700782775879,2.851700782775879,2.851700782775879,2.851700782775879,0,0.0,0.0
2018-03-12 00:00:00+08:00,11.96130084991455,14.258503964190352,11.882086636825292,11.96130084991455,577955,0.0,0.0
2018-03-13 00:00:00+08:00,12.674225807189941,13.33962278293825,11.961300907712598,12.674225807189941,166416,0.0,0.0
2018-03-14 00:00:00+08:00,12.785124778747559,12.832654213284828,12.444505474433786,12.785124778747559,41388,0.0,0.0
2018-03-15 00:00:00+08:00,12.206862449645996,12.674224602742967,12.206862449645996,12.206862449645996,35948,0.0,0.0
2018-03-16 00:00:00+08:00,12.278156280517578,12.436583952403453,12.119728608631704,12.278156280517578,51064,0.0,0.0
2018-03-19 00:00:00+08:00,12.119728088378906,12.198941543200155,11.588994843761494,12.119728088378906,104631,0.0,0.0
2018-03-20 00:00:00+08:00,11.63652229309082,11.723658071931746,11.406801999183896,11.63652229309082,78480,0.0,0.0
2018-03-21 00:00:00+08:00,11.486016273498535,11.636522361239258,11.327588613918124,11.486016273498535,16000,0.0,0.0
2018-03-22 00:00:00+08:00,11.486016273498535,11.636522361239258,11.248374406406583,11.486016273498535,40572,0.0,0.0
2018-03-23 00:00:00+08:00,11.501860618591309,11.557310116375698,11.248375581342499,11.501860618591309,70614,0.0,0.0
2018-03-26 00:00:00+08:00,11.644444465637207,11.715737104569627,11.565231009945512,11.644444465637207,45000,0.0,0.0
2018-03-27 00:00:00+08:00,11.882087707519531,12.040515392531233,11.48601811726888,11.882087707519531,27368,0.0,0.0
2018-03-28 00:00:00+08:00,11.882087707519531,11.882087707519531,11.882087707519531,11.882087707519531,0,0.0,0.0
2018-03-29 00:00:00+08:00,11.882087707519531,11.992987464749119,11.81871663351485,11.882087707519531,71228,0.0,0.0
2018-03-30 00:00:00+08:00,11.882087707519531,11.992987464749119,11.802873487292285,11.882087707519531,60948,0.0,0.0
2018-04-02 00:00:00+08:00,11.921693801879883,11.921693801879883,11.921693801879883,11.921693801879883,4579,0.0,0.0
2018-04-03 00:00:00+08:00,11.921693801879883,12.080121473393216,11.921693801879883,11.921693801879883,5000,0.0,0.0
2018-04-09 00:00:00+08:00,11.874165534973145,11.88208710768453,11.802872891456198,11.874165534973145,32312,0.0,0.0
2018-04-10 00:00:00+08:00,12.674225807189941,12.713832158483228,11.88208669424057,12.674225807189941,117726,0.0,0.0
2018-04-11 00:00:00+08:00,12.674225807189941,12.824732661698249,12.436583922216585,12.674225807189941,52316,0.0,0.0
2018-04-12 00:00:00+08:00,13.307934761047363,14.100073770892688,12.674224157525206,13.307934761047363,185579,0.0,0.0
2018-04-13 00:00:00+08:00,12.91186809539795,13.537658776009796,12.832655385703033,12.91186809539795,61000,0.0,0.0
2018-04-16 00:00:00+08:00,13.070295333862305,13.505971240636867,12.880182128494198,13.070295333862305,19157,0.0,0.0
2018-04-17 00:00:00+08:00,13.149507522583008,13.466362816078396,12.911864919297551,13.149507522583008,7000,0.0,0.0
2018-04-18 00:00:00+08:00,13.537657737731934,13.783220442900907,13.315858239294666,13.537657737731934,156267,0.0,0.0
2018-04-19 00:00:00+08:00,13.466363906860352,13.466363906860352,13.30793549183727,13.466363906860352,26496,0.0,0.0
2018-04-20 00:00:00+08:00,13.307934761047363,13.466363167370531,13.307934761047363,13.307934761047363,6000,0.0,0.0
2018-04-23 00:00:00+08:00,13.505970001220703,13.505970001220703,12.674224615202185,13.505970001220703,43100,0.0,0.0
2018-04-24 00:00:00+08:00,12.832653999328613,13.505971024307202,12.832653999328613,12.832653999328613,60800,0.0,0.0
2018-04-25 00:00:00+08:00,12.4365816116333,12.515795810388182,12.4365816116333,12.4365816116333,5319,0.0,0.0
2018-04-26 00:00:00+08:00,12.515798568725586,12.515798568725586,12.428662779802979,12.515798568725586,24700,0.0,0.0
2018-04-27 00:00:00+08:00,12.515798568725586,12.515798568725586,12.515798568725586,12.515798568725586,0,0.0,0.0
2018-04-30 00:00:00+08:00,12.515798568725586,12.515798568725586,12.515798568725586,12.515798568725586,0,0.0,0.0
2018-05-02 00:00:00+08:00,12.468268394470215,12.832653141049082,12.468268394470215,12.468268394470215,1213,0.0,0.0
2018-05-03 00:00:00+08:00,12.4365816116333,12.4365816116333,12.4365816116333,12.4365816116333,3000,0.0,0.0
2018-05-04 00:00:00+08:00,12.515798568725586,12.67422624570839,12.476191460619196,12.515798568725586,11000,0.0,0.0
2018-05-07 00:00:00+08:00,12.444504737854004,12.832653453730847,12.444504737854004,12.444504737854004,10000,0.0,0.0
2018-05-08 00:00:00+08:00,12.753438949584961,12.951473711190673,12.67422474276561,12.753438949584961,10000,0.0,0.0
2018-05-09 00:00:00+08:00,12.840574264526367,13.07029533194928,12.840574264526367,12.840574264526367,30000,0.0,0.0
2018-05-10 00:00:00+08:00,13.070295333862305,13.244565394395039,12.832654204873533,13.070295333862305,34000,0.0,0.0
2018-05-11 00:00:00+08:00,13.252486228942871,13.252486228942871,12.991080397255557,13.252486228942871,28216,0.0,0.0
2018-05-14 00:00:00+08:00,12.991079330444336,13.228721937572214,12.911865128068376,12.991079330444336,25480,0.0,0.0
2018-05-15 00:00:00+08:00,13.22080135345459,13.22872292537222,12.999001872416995,13.22080135345459,39000,0.0,0.0
2018-05-16 00:00:00+08:00,12.991079330444336,13.220800366246094,12.991079330444336,12.991079330444336,35000,0.0,0.0
2018-05-17 00:00:00+08:00,13.070295333862305,13.070295333862305,12.832654204873533,13.070295333862305,9000,0.0,0.0
2018-05-18 00:00:00+08:00,14.076311111450195,14.892213356149483,13.149508373685569,14.076311111450195,71619,0.0,0.0
2018-05-21 00:00:00+08:00,13.86243152618408,13.86243152618408,13.63271050709674,13.862431526184082,10000,0.0,0.0
2018-05-22 00:00:00+08:00,13.664400100708008,13.97333388037109,13.664400100708008,13.664400100708008,23011,0.0,0.0
2018-05-23 00:00:00+08:00,13.981256484985353,14.020864351253723,13.704007464649202,13.981256484985352,32996,0.0,0.0
2018-05-24 00:00:00+08:00,14.020862579345703,14.100075280100597,13.711927305037026,14.020862579345703,8044,0.0,0.0
2018-05-25 00:00:00+08:00,13.86243152618408,14.179286801748406,13.751532557457852,13.862431526184082,43068,0.0,0.0
2018-05-28 00:00:00+08:00,13.86243152618408,13.86243152618408,13.86243152618408,13.862431526184082,0,0.0,0.0
2018-05-29 00:00:00+08:00,14.258503913879395,14.258503913879395,14.258503913879395,14.258503913879395,1000,0.0,0.0
2018-05-30 00:00:00+08:00,14.179288864135742,14.25058150036792,14.179288864135742,14.179288864135742,22368,0.0,0.0
2018-05-31 00:00:00+08:00,14.258503913879395,14.329796554319627,14.10007548825989,14.258503913879395,31020,0.0,0.0
2018-06-01 00:00:00+08:00,14.21889591217041,14.575357562102612,14.21889591217041,14.21889591217041,9568,0.0,0.0
2018-06-04 00:00:00+08:00,14.97142696380615,15.668510137630212,14.218895811994233,14.971426963806152,174690,0.0,0.0
2018-06-05 00:00:00+08:00,15.842780113220215,16.15963541330757,15.446710610389708,15.842780113220215,131107,0.0,0.0
2018-06-06 00:00:00+08:00,16.238849639892578,17.007223932593195,16.159635437033124,16.238849639892578,63720,0.0,0.0
2018-06-07 00:00:00+08:00,18.21919822692871,18.330097210913664,16.634920120239258,18.21919822692871,204866,0.0,0.0
2018-06-08 00:00:00+08:00,17.90234375,19.011338174679207,17.823129538761755,17.90234375,257367,0.0,0.0
2018-06-11 00:00:00+08:00,18.258804321289062,19.01133701585408,18.21919797352683,18.258804321289062,100975,0.0,0.0
2018-06-12 00:00:00+08:00,17.038911819458008,18.686561048067485,16.634920706703255,17.038911819458008,121150,0.0,0.0
2018-06-13 00:00:00+08:00,16.793350219726562,16.793350219726562,16.563629145989356,16.793350219726562,15789,0.0,0.0
2018-06-14 00:00:00+08:00,17.110204696655273,17.347845820002192,16.56362829989486,17.110204696655273,29737,0.0,0.0
2018-06-15 00:00:00+08:00,16.848800659179688,17.030992307296366,16.634922718754588,16.848800659179688,14000,0.0,0.0
2018-06-19 00:00:00+08:00,16.563629150390625,17.387454573947174,16.563629150390625,16.563629150390625,40000,0.0,0.0
2018-06-20 00:00:00+08:00,16.563629150390625,16.563629150390625,16.563629150390625,16.563629150390625,0,0.0,0.0
2018-06-21 00:00:00+08:00,16.63492202758789,16.840878386378574,16.563629383741674,16.63492202758789,52000,0.0,0.0
2018-06-22 00:00:00+08:00,16.9517765045166,16.9517765045166,16.563628525295755,16.9517765045166,4000,0.0,0.0
2018-06-25 00:00:00+08:00,16.563629150390625,16.95177714425979,16.563629150390625,16.563629150390625,7000,0.0,0.0
2018-06-26 00:00:00+08:00,16.63492202758789,16.63492202758789,16.563629383741674,16.63492202758789,21000,0.0,0.0
2018-06-27 00:00:00+08:00,17.030988693237305,17.030988693237305,16.563626557063696,17.030988693237305,42579,0.0,0.0
2018-06-28 00:00:00+08:00,16.714134216308594,16.951775326373394,16.634920009325217,16.714134216308594,14000,0.0,0.0
2018-06-29 00:00:00+08:00,16.832956314086914,16.951776880009255,16.4844146779473,16.832956314086914,10000,0.0,0.0
2018-07-02 00:00:00+08:00,16.801267623901367,17.35576553350716,16.634919157550783,16.801267623901367,24000,0.0,0.0
2018-07-03 00:00:00+08:00,16.63492202758789,16.642843600335862,16.63492202758789,16.63492202758789,3000,0.0,0.0
2018-07-04 00:00:00+08:00,16.63492202758789,17.427061171758744,16.63492202758789,16.63492202758789,2000,0.0,0.0
2018-07-05 00:00:00+08:00,16.714134216308594,17.427059057388323,16.642841581112087,16.714134216308594,18579,0.0,0.0
2018-07-06 00:00:00+08:00,17.34784507751465,17.34784507751465,16.71413443512206,17.34784507751465,13000,0.0,0.0
2018-07-09 00:00:00+08:00,17.030988693237305,17.506272400807028,17.030988693237305,17.030988693237305,24658,0.0,0.0
2018-07-10 00:00:00+08:00,17.030988693237305,17.347843994655367,16.634919188743414,17.030988693237305,12948,0.0,0.0
2018-07-11 00:00:00+08:00,17.18941879272461,17.42705991447695,16.63492082745527,17.18941879272461,17000,0.0,0.0
2018-07-12 00:00:00+08:00,17.030988693237305,17.427058197731196,17.030988693237305,17.030988693237305,4000,0.0,0.0
2018-07-13 00:00:00+08:00,17.030988693237305,17.030988693237305,17.030988693237305,17.030988693237305,0,0.0,0.0
2018-07-16 00:00:00+08:00,17.590694427490234,17.6706524344478,17.430778413575105,17.590694427490234,41000,0.2,0.0
2018-07-17 00:00:00+08:00,17.7506103515625,17.7506103515625,17.59069433845677,17.7506103515625,12896,0.0,0.0
2018-07-18 00:00:00+08:00,17.19090461730957,17.782591383919957,17.19090461730957,17.19090461730957,25579,0.0,0.0
2018-07-19 00:00:00+08:00,17.19090461730957,17.19090461730957,17.19090461730957,17.19090461730957,0,0.0,0.0
2018-07-20 00:00:00+08:00,17.038984298706055,17.19090434552387,17.038984298706055,17.038984298706055,14000,0.0,0.0
2018-07-23 00:00:00+08:00,17.430776596069336,17.590692593310035,17.11094612665991,17.430776596069336,44000,0.0,0.0
2018-07-24 00:00:00+08:00,17.51073455810547,17.51073455810547,17.19090408936425,17.51073455810547,2000,0.0,0.0
2018-07-25 00:00:00+08:00,17.030988693237305,17.190904695785047,16.87907016839618,17.030988693237305,71000,0.0,0.0
2018-07-26 00:00:00+08:00,17.19090461730957,17.422782667438085,16.95902656718106,17.19090461730957,17948,0.0,0.0
2018-07-27 00:00:00+08:00,17.42278289794922,17.42278289794922,17.42278289794922,17.42278289794922,2000,0.0,0.0
2018-07-30 00:00:00+08:00,17.030988693237305,17.110946694511174,17.030988693237305,17.030988693237305,10000,0.0,0.0
2018-07-31 00:00:00+08:00,16.991012573242188,17.15092859572512,16.991012573242188,16.991012573242188,27000,0.0,0.0
2018-08-01 00:00:00+08:00,17.19090461730957,17.19090461730957,16.95103213965499,17.19090461730957,45000,0.0,0.0
2018-08-02 00:00:00+08:00,17.030988693237305,17.110946694511174,17.030988693237305,17.030988693237305,12000,0.0,0.0
2018-08-03 00:00:00+08:00,17.030988693237305,17.110946694511174,17.030988693237305,17.030988693237305,25000,0.0,0.0
2018-08-06 00:00:00+08:00,17.270862579345703,17.350820580074604,17.070968340059462,17.270862579345703,24100,0.0,0.0
2018-08-07 00:00:00+08:00,17.430776596069336,17.7426126381815,17.190904125280262,17.430776596069336,72046,0.0,0.0
2018-08-08 00:00:00+08:00,17.590694427490234,17.822572495159957,17.430778413575105,17.590694427490234,23050,0.0,0.0
2018-08-09 00:00:00+08:00,17.7506103515625,17.83056683304324,17.43077832535104,17.7506103515625,11361,0.0,0.0
2018-08-10 00:00:00+08:00,17.430776596069336,17.750608590550733,17.430776596069336,17.430776596069336,6000,0.0,0.0
2018-08-13 00:00:00+08:00,17.070968627929688,17.19090486850953,17.070968627929688,17.070968627929688,7200,0.0,0.0
2018-08-14 00:00:00+08:00,17.19090461730957,17.422782667438085,17.07096837848228,17.19090461730957,12150,0.0,0.0
2018-08-15 00:00:00+08:00,17.110946655273438,17.27086265745447,16.999006368789928,17.110946655273438,27138,0.0,0.0
2018-08-16 00:00:00+08:00,17.110946655273438,17.110946655273438,17.110946655273438,17.110946655273438,0,0.0,0.0
2018-08-17 00:00:00+08:00,17.350820541381836,17.430777016860414,17.030988539179468,17.350820541381836,31000,0.0,0.0
2018-08-20 00:00:00+08:00,17.18290901184082,17.190904964600442,16.791116477051595,17.18290901184082,41653,0.0,0.0
2018-08-21 00:00:00+08:00,16.79111671447754,17.06297301186056,16.79111671447754,16.79111671447754,7000,0.0,0.0
2018-08-22 00:00:00+08:00,16.711158752441406,16.783120803402724,16.63120074858749,16.711158752441406,50050,0.0,0.0
2018-08-23 00:00:00+08:00,16.711158752441406,16.711158752441406,16.711158752441406,16.711158752441406,0,0.0,0.0
2018-08-24 00:00:00+08:00,16.391326904296875,16.68717103652804,16.231410909835933,16.391326904296875,26100,0.0,0.0
2018-08-27 00:00:00+08:00,16.391326904296875,16.703161415916572,16.231410909835933,16.391326904296875,33000,0.0,0.0
2018-08-28 00:00:00+08:00,16.23141098022461,16.407318879908875,16.23141098022461,16.23141098022461,13050,0.0,0.0
2018-08-29 00:00:00+08:00,16.391326904296875,16.543246946527578,16.22341648267764,16.391326904296875,32000,0.0,0.0
2018-08-30 00:00:00+08:00,16.279390335083008,16.791119193922267,16.279390335083008,16.279390335083008,5000,0.0,0.0
2018-08-31 00:00:00+08:00,16.279390335083008,16.279390335083008,16.279390335083008,16.279390335083008,0,0.0,0.0
2018-09-03 00:00:00+08:00,16.279390335083008,16.279390335083008,16.279390335083008,16.279390335083008,0,0.0,0.0
2018-09-04 00:00:00+08:00,16.711158752441406,16.711158752441406,16.711158752441406,16.711158752441406,1000,0.0,0.0
2018-09-05 00:00:00+08:00,16.391326904296875,16.63119937091634,16.27139067098714,16.391326904296875,7158,0.0,0.0
2018-09-06 00:00:00+08:00,16.383331298828125,16.463289297750947,16.183437064057056,16.383331298828125,37000,0.0,0.0
2018-09-07 00:00:00+08:00,16.23141098022461,16.23141098022461,16.071496510142133,16.23141098022461,27720,0.0,0.0
2018-09-10 00:00:00+08:00,16.071496963500977,16.231411438094458,16.071496963500977,16.071496963500977,9000,0.0,0.0
2018-09-11 00:00:00+08:00,15.799642562866213,15.799642562866213,15.511794339177692,15.799642562866211,11000,0.0,0.0
2018-09-12 00:00:00+08:00,15.51179313659668,15.983543677702988,15.351878655334648,15.51179313659668,24000,0.0,0.0
2018-09-13 00:00:00+08:00,15.591751098632812,15.911581585385228,15.591751098632812,15.591751098632812,17000,0.0,0.0
2018-09-14 00:00:00+08:00,15.743672370910646,15.743672370910646,15.511794296888787,15.743672370910645,14789,0.0,0.0
2018-09-17 00:00:00+08:00,15.191962242126467,15.191962242126467,15.127996146320394,15.191962242126465,29000,0.0,0.0
2018-09-18 00:00:00+08:00,14.952089309692383,15.191961780406858,14.89611764312516,14.952089309692383,15737,0.0,0.0
2018-09-19 00:00:00+08:00,14.7841796875,15.11200616078403,14.7841796875,14.7841796875,23000,0.0,0.0
2018-09-20 00:00:00+08:00,14.432365417480469,14.832153950098457,14.432365417480469,14.432365417480469,25000,0.0,0.0
2018-09-21 00:00:00+08:00,14.232470512390137,14.712217035014197,14.136522122908616,14.232470512390137,49100,0.0,0.0
2018-09-25 00:00:00+08:00,14.312427520751953,14.392385523117012,14.152513041093881,14.312427520751953,23000,0.0,0.0
2018-09-26 00:00:00+08:00,14.312427520751953,14.312427520751953,14.312427520751953,14.312427520751953,0,0.0,0.0
2018-09-27 00:00:00+08:00,14.392385482788086,14.5443055343488,14.128525143273187,14.392385482788086,62800,0.0,0.0
2018-09-28 00:00:00+08:00,14.232470512390137,14.392386528288874,14.232470512390137,14.232470512390137,25000,0.0,0.0
2018-10-01 00:00:00+08:00,14.472346305847168,14.472346305847168,14.152515760014504,14.472346305847168,44000,0.0,0.0
2018-10-02 00:00:00+08:00,14.472346305847168,14.472346305847168,14.472346305847168,14.472346305847168,0,0.0,0.0
2018-10-03 00:00:00+08:00,14.328421592712402,14.328421592712402,14.160509609850097,14.328421592712402,2000,0.0,0.0
2018-10-04 00:00:00+08:00,14.328421592712402,14.328421592712402,14.328421592712402,14.328421592712402,0,0.0,0.0
2018-10-05 00:00:00+08:00,14.152514457702637,14.232470942998967,14.152514457702637,14.152514457702637,18000,0.0,0.0
2018-10-08 00:00:00+08:00,14.056564331054688,14.224476302836933,14.056564331054688,14.056564331054688,12000,0.0,0.0
2018-10-09 00:00:00+08:00,13.480868339538574,13.992597117527968,13.193020139383512,13.480868339538574,60368,0.0,0.0
2018-10-11 00:00:00+08:00,13.03310489654541,13.272978919071658,13.001122608585197,13.03310489654541,54425,0.0,0.0
2018-10-12 00:00:00+08:00,12.921164512634277,13.073084573353832,12.921164512634277,12.921164512634277,20002,0.0,0.0
2018-10-15 00:00:00+08:00,12.921164512634277,12.921164512634277,12.921164512634277,12.921164512634277,0,0.0,0.0
2018-10-16 00:00:00+08:00,13.113061904907227,13.416902005275016,13.113061904907227,13.113061904907227,9000,0.0,0.0
2018-10-17 00:00:00+08:00,13.432891845703125,13.432891845703125,13.432891845703125,13.432891845703125,10000,0.0,0.0
2018-10-18 00:00:00+08:00,13.63278579711914,13.63278579711914,13.63278579711914,13.63278579711914,2000,0.0,0.0
2018-10-19 00:00:00+08:00,13.63278579711914,13.63278579711914,13.63278579711914,13.63278579711914,0,0.0,0.0
2018-10-22 00:00:00+08:00,13.63278579711914,13.63278579711914,13.63278579711914,13.63278579711914,0,0.0,0.0
2018-10-23 00:00:00+08:00,13.63278579711914,13.63278579711914,13.63278579711914,13.63278579711914,0,0.0,0.0
2018-10-24 00:00:00+08:00,13.113061904907227,13.193019906323594,13.113061904907227,13.113061904907227,10000,0.0,0.0
2018-10-25 00:00:00+08:00,13.113061904907227,13.113061904907227,13.113061904907227,13.113061904907227,0,0.0,0.0
2018-10-26 00:00:00+08:00,13.113061904907227,13.113061904907227,13.113061904907227,13.113061904907227,0,0.0,0.0
2018-10-29 00:00:00+08:00,12.761248588562012,12.761248588562012,12.761248588562012,12.761248588562012,5000,0.0,0.0
2018-10-30 00:00:00+08:00,12.39344310760498,12.39344310760498,12.233527865175347,12.39344310760498,4789,0.0,0.0
2018-10-31 00:00:00+08:00,12.785235404968262,12.785235404968262,12.785235404968262,12.785235404968262,1000,0.0,0.0
2018-11-01 00:00:00+08:00,12.785235404968262,12.785235404968262,12.785235404968262,12.785235404968262,0,0.0,0.0
2018-11-02 00:00:00+08:00,12.801227569580078,12.801227569580078,12.785235664041771,12.801227569580078,14000,0.0,0.0
2018-11-05 00:00:00+08:00,12.825215339660645,12.825215339660645,12.39344304352893,12.825215339660645,3000,0.0,0.0
2018-11-06 00:00:00+08:00,12.633317947387695,12.633317947387695,12.53736878981699,12.633317947387695,7000,0.0,0.0
2018-11-07 00:00:00+08:00,13.376922607421875,13.376922607421875,12.777239868026813,13.376922607421875,52000,0.0,0.0
2018-11-08 00:00:00+08:00,14.152514457702637,15.143989821084677,13.840678369772595,14.152514457702637,73120,0.0,0.0
2018-11-09 00:00:00+08:00,14.392385482788086,14.392385482788086,14.392385482788086,14.392385482788086,5000,0.0,0.0
2018-11-12 00:00:00+08:00,14.472346305847168,14.472346305847168,14.232472252668414,14.472346305847168,28050,0.0,0.0
2018-11-13 00:00:00+08:00,14.472346305847168,14.472346305847168,14.472346305847168,14.472346305847168,0,0.0,0.0
2018-11-14 00:00:00+08:00,14.392385482788086,14.392385482788086,14.232469478506069,14.392385482788086,6000,0.0,0.0
2018-11-15 00:00:00+08:00,14.392385482788086,14.392385482788086,13.760718943453362,14.392385482788086,7000,0.0,0.0
2018-11-16 00:00:00+08:00,13.752724647521973,13.832681125356729,13.752724647521973,13.752724647521973,2000,0.0,0.0
2018-11-19 00:00:00+08:00,14.376395225524902,14.376395225524902,14.376395225524902,14.376395225524902,5000,0.0,0.0
2018-11-20 00:00:00+08:00,14.376395225524902,14.376395225524902,14.376395225524902,14.376395225524902,0,0.0,0.0
2018-11-21 00:00:00+08:00,14.376395225524902,14.376395225524902,14.376395225524902,14.376395225524902,0,0.0,0.0
2018-11-22 00:00:00+08:00,14.232470512390137,14.232470512390137,13.672767506888862,14.232470512390137,12540,0.0,0.0
2018-11-23 00:00:00+08:00,13.672767639160156,13.672767639160156,13.672767639160156,13.672767639160156,5000,0.0,0.0
2018-11-26 00:00:00+08:00,13.672767639160156,13.672767639160156,13.672767639160156,13.672767639160156,0,0.0,0.0
2018-11-27 00:00:00+08:00,13.672767639160156,13.672767639160156,13.672767639160156,13.672767639160156,0,0.0,0.0
2018-11-28 00:00:00+08:00,13.672767639160156,13.832682131533764,13.672767639160156,13.672767639160156,10000,0.0,0.0
2018-11-29 00:00:00+08:00,13.672767639160156,13.672767639160156,13.672767639160156,13.672767639160156,0,0.0,0.0
2018-11-30 00:00:00+08:00,13.672767639160156,14.07255615770243,13.672767639160156,13.672767639160156,23475,0.0,0.0
2018-12-03 00:00:00+08:00,13.680764198303223,14.152514793077282,13.672768244569669,13.680764198303223,6948,0.0,0.0
2018-12-04 00:00:00+08:00,14.296435356140137,14.384389309654733,13.680762256754027,14.296435356140137,35000,0.0,0.0
2018-12-05 00:00:00+08:00,14.296435356140137,14.296435356140137,14.296435356140137,14.296435356140137,0,0.0,0.0
2018-12-06 00:00:00+08:00,14.296435356140137,14.296435356140137,14.296435356140137,14.296435356140137,0,0.0,0.0
2018-12-07 00:00:00+08:00,14.296435356140137,14.296435356140137,14.296435356140137,14.296435356140137,0,0.0,0.0
2018-12-10 00:00:00+08:00,14.296435356140137,14.296435356140137,14.296435356140137,14.296435356140137,0,0.0,0.0
2018-12-11 00:00:00+08:00,14.288442611694336,14.288442611694336,13.992598430979012,14.288442611694336,10000,0.0,0.0
2018-12-12 00:00:00+08:00,14.392385482788086,14.392385482788086,14.392385482788086,14.392385482788086,1,0.0,0.0
2018-12-13 00:00:00+08:00,14.072556495666504,14.296437095380666,14.072556495666504,14.072556495666504,10000,0.0,0.0
2018-12-14 00:00:00+08:00,13.952619552612305,13.952619552612305,13.952619552612305,13.952619552612305,4000,0.0,0.0
2018-12-17 00:00:00+08:00,13.952619552612305,13.952619552612305,13.952619552612305,13.952619552612305,4579,0.0,0.0
2018-12-18 00:00:00+08:00,13.952619552612305,13.952619552612305,13.952619552612305,13.952619552612305,1000,0.0,0.0
2018-12-19 00:00:00+08:00,13.992597579956055,13.992597579956055,13.67276708314291,13.992597579956055,6393,0.0,0.0
2018-12-20 00:00:00+08:00,14.224475860595703,14.304432342216252,13.920635740177952,14.224475860595703,28053,0.0,0.0
2018-12-21 00:00:00+08:00,14.312427520751953,14.552301527847131,14.22447509071523,14.312427520751953,10896,0.0,0.0
2018-12-24 00:00:00+08:00,14.472346305847168,14.552304323573418,14.472346305847168,14.472346305847168,6000,0.0,0.0
2018-12-25 00:00:00+08:00,14.472346305847168,14.472346305847168,14.472346305847168,14.472346305847168,0,0.0,0.0
2018-12-26 00:00:00+08:00,14.872133255004883,14.872133255004883,14.79217524595824,14.872133255004883,20000,0.0,0.0
2018-12-27 00:00:00+08:00,14.872133255004883,14.872133255004883,14.872133255004883,14.872133255004883,0,0.0,0.0
2018-12-28 00:00:00+08:00,14.744200706481934,14.744200706481934,14.744200706481934,14.744200706481934,1000,0.0,0.0
2019-01-02 00:00:00+08:00,14.744200706481934,14.744200706481934,14.744200706481934,14.744200706481934,0,0.0,0.0
2019-01-03 00:00:00+08:00,15.191962242126467,15.191962242126467,15.191962242126467,15.191962242126465,2,0.0,0.0
2019-01-04 00:00:00+08:00,14.79217529296875,14.79217529296875,14.584285078815663,14.79217529296875,32000,0.0,0.0
2019-01-07 00:00:00+08:00,15.183968544006348,15.183968544006348,14.440361616681257,15.183968544006348,22003,0.0,0.0
2019-01-08 00:00:00+08:00,14.79217529296875,14.79217529296875,14.560297218503782,14.79217529296875,10000,0.0,0.0
2019-01-09 00:00:00+08:00,14.712214469909668,15.143986722512597,14.432362253415757,14.712214469909668,37001,0.0,0.0
2019-01-10 00:00:00+08:00,14.832151412963867,15.191961640801098,14.40038066463115,14.832151412963867,52003,0.0,0.0
2019-01-11 00:00:00+08:00,14.712214469909668,14.712214469909668,14.712214469909668,14.712214469909668,4789,0.0,0.0
2019-01-14 00:00:00+08:00,14.79217529296875,14.952091311570257,14.584285078815663,14.79217529296875,32000,0.0,0.0
2019-01-15 00:00:00+08:00,14.552301406860352,14.552301406860352,14.440359594451126,14.552301406860352,5000,0.0,0.0
2019-01-16 00:00:00+08:00,14.6322603225708,14.6322603225708,14.432366047535284,14.6322603225708,22000,0.0,0.0
2019-01-17 00:00:00+08:00,14.312427520751953,14.632258005140145,14.312427520751953,14.312427520751953,44100,0.0,0.0
2019-01-18 00:00:00+08:00,14.592281341552734,14.632259584514404,14.392387076599956,14.592281341552734,40000,0.0,0.0
2019-01-21 00:00:00+08:00,14.392385482788086,14.552301487070105,14.232469478506069,14.392385482788086,160000,0.0,0.0
2019-01-22 00:00:00+08:00,14.472346305847168,14.472346305847168,14.344414087514101,14.472346305847168,40000,0.0,0.0
2019-01-23 00:00:00+08:00,14.392385482788086,14.472343484929095,14.392385482788086,14.392385482788086,17158,0.0,0.0
2019-01-24 00:00:00+08:00,14.352408409118652,14.352408409118652,14.352408409118652,14.352408409118652,1000,0.0,0.0
2019-01-25 00:00:00+08:00,14.552301406860352,14.552301406860352,14.3444112124684,14.552301406860352,4000,0.0,0.0
2019-01-28 00:00:00+08:00,14.712214469909668,14.784176512010156,14.552300006964495,14.712214469909668,42000,0.0,0.0
2019-01-29 00:00:00+08:00,14.6322603225708,14.6322603225708,14.392387802557097,14.6322603225708,20000,0.0,0.0
2019-01-30 00:00:00+08:00,14.6322603225708,14.6322603225708,14.6322603225708,14.6322603225708,0,0.0,0.0
2019-02-11 00:00:00+08:00,14.7841796875,14.7841796875,14.576289468453894,14.7841796875,21000,0.0,0.0
2019-02-12 00:00:00+08:00,14.7841796875,14.7841796875,14.7841796875,14.7841796875,0,0.0,0.0
2019-02-13 00:00:00+08:00,14.7841796875,14.7841796875,14.7841796875,14.7841796875,0,0.0,0.0
2019-02-14 00:00:00+08:00,14.79217529296875,14.79217529296875,14.552302790138668,14.79217529296875,45000,0.0,0.0
2019-02-15 00:00:00+08:00,15.032047271728516,15.22394709738889,14.872132783774374,15.032047271728516,51000,0.0,0.0
2019-02-18 00:00:00+08:00,14.872133255004883,15.23194200810651,14.79217524595824,14.872133255004883,43000,0.0,0.0
2019-02-19 00:00:00+08:00,14.952089309692383,15.03204578321589,14.872131311096899,14.952089309692383,35000,0.0,0.0
2019-02-20 00:00:00+08:00,15.032047271728516,15.191963284754786,14.872132783774374,15.032047271728516,52000,0.0,0.0
2019-02-21 00:00:00+08:00,16.47128677368164,16.551244780000275,15.112005241481224,16.47128677368164,266080,0.0,0.0
2019-02-22 00:00:00+08:00,15.751666069030762,16.87107346161042,15.751666069030762,15.751666069030762,132890,0.0,0.0
2019-02-25 00:00:00+08:00,15.831623077392578,16.14345912646651,15.519788553390654,15.831623077392578,128160,0.0,0.0
2019-02-26 00:00:00+08:00,15.91158390045166,15.975550007108934,15.839621839828192,15.91158390045166,27000,0.0,0.0
2019-02-27 00:00:00+08:00,16.071496963500977,16.39132743775994,15.911580963835494,16.071496963500977,149600,0.0,0.0
2019-03-04 00:00:00+08:00,16.14345932006836,16.391327751732934,15.471814548723296,16.14345932006836,50154,0.0,0.0
2019-03-05 00:00:00+08:00,15.991539001464844,16.151455001508292,15.67970447895932,15.991539001464844,76308,0.0,0.0
2019-03-06 00:00:00+08:00,16.071496963500977,16.11947115337182,15.67170848940927,16.071496963500977,82198,0.0,0.0
2019-03-07 00:00:00+08:00,15.831623077392578,16.3913275551585,15.679704554201493,15.831623077392578,188518,0.0,0.0
2019-03-08 00:00:00+08:00,15.807634353637694,16.071494647511646,15.695692559974475,15.807634353637695,23962,0.0,0.0
2019-03-11 00:00:00+08:00,16.071496963500977,16.231411438094458,15.80763663160333,16.071496963500977,99990,0.0,0.0
2019-03-12 00:00:00+08:00,16.12746810913086,16.12746810913086,15.911581953674064,16.12746810913086,40090,0.0,0.0
2019-03-13 00:00:00+08:00,16.12746810913086,16.12746810913086,15.911581953674064,16.12746810913086,67077,0.0,0.0
2019-03-14 00:00:00+08:00,16.79111671447754,16.951032721787108,16.12746787676536,16.79111671447754,468293,0.0,0.0
2019-03-15 00:00:00+08:00,17.430776596069336,17.750608590550733,16.71115765863014,17.430776596069336,462040,0.0,0.0
2019-03-18 00:00:00+08:00,16.871074676513672,17.670651660944916,16.55124418775559,16.871074676513672,220403,0.0,0.0
2019-03-19 00:00:00+08:00,16.391326904296875,16.63119937091634,15.83162244875552,16.391326904296875,112399,0.0,0.0
2019-03-20 00:00:00+08:00,16.303375244140625,16.471287214409852,15.991540688733416,16.303375244140625,70388,0.0,0.0
2019-03-21 00:00:00+08:00,16.19942855834961,16.303372886764862,15.991538376447163,16.19942855834961,47074,0.0,0.0
2019-03-22 00:00:00+08:00,16.623205184936523,16.791115608991895,16.231411145330043,16.623205184936523,76399,0.0,0.0
2019-03-25 00:00:00+08:00,16.19942855834961,16.431305071770684,15.99953432864402,16.19942855834961,83200,0.0,0.0
2019-03-26 00:00:00+08:00,16.191434860229492,16.495273460648963,15.991540602695796,16.191434860229492,115132,0.0,0.0
2019-03-27 00:00:00+08:00,16.79111671447754,16.79111671447754,16.391328221275693,16.79111671447754,26600,0.0,0.0
2019-03-28 00:00:00+08:00,16.47128677368164,16.943037333382247,16.151456273479226,16.47128677368164,31148,0.0,0.0
2019-03-29 00:00:00+08:00,16.527257919311523,16.551245780178316,16.391329757877457,16.527257919311523,17390,0.0,0.0
2019-04-01 00:00:00+08:00,16.391326904296875,16.527255042067093,16.175440769296184,16.391326904296875,41211,0.0,0.0
2019-04-02 00:00:00+08:00,16.615209579467773,16.615209579467773,16.255399341734503,16.615209579467773,33121,0.0,0.0
2019-04-03 00:00:00+08:00,16.607213973999023,16.63120030696782,16.359344016126535,16.607213973999023,68006,0.0,0.0
2019-04-08 00:00:00+08:00,16.551244735717773,16.711159222855073,16.359344911037628,16.551244735717773,43086,0.0,0.0
2019-04-09 00:00:00+08:00,16.14345932006836,16.543247801817945,15.99153926998335,16.14345932006836,98284,0.0,0.0
2019-04-10 00:00:00+08:00,16.311370849609375,16.311370849609375,15.671709845731412,16.311370849609375,75165,0.0,0.0
2019-04-11 00:00:00+08:00,16.391326904296875,16.399322856527117,15.991538443216465,16.391326904296875,27171,0.0,0.0
2019-04-12 00:00:00+08:00,16.151456832885742,16.431307577085423,15.991540814709776,16.151456832885742,47000,0.0,0.0
2019-04-15 00:00:00+08:00,16.19942855834961,16.19942855834961,15.919576331747395,16.19942855834961,48072,0.0,0.0
2019-04-16 00:00:00+08:00,16.23141098022461,16.471284972956255,15.999534464829836,16.23141098022461,37022,0.0,0.0
2019-04-17 00:00:00+08:00,19.269805908203125,19.509678396969168,16.279388126235602,19.269805908203125,700038,0.0,0.0
2019-04-18 00:00:00+08:00,17.9904842376709,19.52567228695504,17.470759442485967,17.9904842376709,259419,0.0,0.0
2019-04-19 00:00:00+08:00,18.846031188964844,18.846031188964844,17.43877537074029,18.846031188964844,174417,0.0,0.0
2019-04-22 00:00:00+08:00,19.42972183227539,20.3892149085909,18.790060798113185,19.42972183227539,290138,0.0,0.0
2019-04-23 00:00:00+08:00,19.469701766967773,19.94145235560815,18.949976981622065,19.469701766967773,244172,0.0,0.0
2019-04-24 00:00:00+08:00,19.269805908203125,19.469700157198858,18.230354898382057,19.269805908203125,195633,0.0,0.0
2019-04-25 00:00:00+08:00,18.79006004333496,18.870018050661454,18.39027153177464,18.79006004333496,44648,0.0,0.0
2019-04-26 00:00:00+08:00,19.18185043334961,19.18185043334961,18.158391410420467,19.18185043334961,139058,0.0,0.0
2019-04-29 00:00:00+08:00,19.74955177307129,21.37269204645742,19.18984728392791,19.74955177307129,475284,0.0,0.0
2019-04-30 00:00:00+08:00,19.829509735107422,20.269278016675916,19.197844674408746,19.829509735107422,248735,0.0,0.0
2019-05-02 00:00:00+08:00,19.989425659179688,20.381218219090954,19.1898486328125,19.989425659179688,186740,0.0,0.0
2019-05-03 00:00:00+08:00,19.885480880737305,20.069383226751853,19.493686804345106,19.885480880737305,182319,0.0,0.0
2019-05-06 00:00:00+08:00,19.709575653076172,20.069385966193977,19.189850831406705,19.709575653076172,166621,0.0,0.0
2019-05-07 00:00:00+08:00,20.14933967590332,21.196785049529815,19.829507677022317,20.14933967590332,620760,0.0,0.0
2019-05-08 00:00:00+08:00,19.66959571838379,20.229298737867243,19.50967969849012,19.66959571838379,193868,0.0,0.0
2019-05-09 00:00:00+08:00,19.349763870239258,19.909466851152505,19.109889856928934,19.349763870239258,147285,0.0,0.0
2019-05-10 00:00:00+08:00,19.309785842895508,19.42972209780597,19.02993356472295,19.309785842895508,107188,0.0,0.0
2019-05-13 00:00:00+08:00,19.66959571838379,19.829510213205264,19.029933163881307,19.66959571838379,130453,0.0,0.0
2019-05-14 00:00:00+08:00,19.70157814025879,20.149342388953546,18.838034982164906,19.70157814025879,102693,0.0,0.0
2019-05-15 00:00:00+08:00,19.125883102416992,19.709573983064896,19.10989119539514,19.125883102416992,77782,0.0,0.0
2019-05-16 00:00:00+08:00,19.10988998413086,19.429720478934772,18.909995734244404,19.10988998413086,189288,0.0,0.0
2019-05-17 00:00:00+08:00,19.269805908203125,19.269805908203125,18.710101400986233,19.269805908203125,93132,0.0,0.0
2019-05-20 00:00:00+08:00,19.253814697265625,19.52567100771871,18.710102076359455,19.253814697265625,76393,0.0,0.0
2019-05-21 00:00:00+08:00,19.349763870239258,19.421725921725145,19.125881762830705,19.349763870239258,68055,0.0,0.0
2019-05-22 00:00:00+08:00,19.413732528686523,19.413732528686523,19.12588428478704,19.413732528686523,16162,0.0,0.0
2019-05-23 00:00:00+08:00,19.269805908203125,19.269805908203125,18.638139349342,19.269805908203125,21055,0.0,0.0
2019-05-24 00:00:00+08:00,18.933982849121094,19.589635718968935,18.390270266787166,18.933982849121094,157353,0.0,0.0
2019-05-27 00:00:00+08:00,19.02993392944336,19.18984995577035,18.23035684795293,19.02993392944336,130199,0.0,0.0
2019-05-28 00:00:00+08:00,18.949975967407227,19.029932449279386,18.390271443869306,18.949975967407227,30792,0.0,0.0
2019-05-29 00:00:00+08:00,19.10988998413086,19.165860130087534,18.310312984585032,19.10988998413086,16066,0.0,0.0
2019-05-30 00:00:00+08:00,19.06191635131836,19.06191635131836,18.949976056115613,19.06191635131836,14011,0.0,0.0
2019-05-31 00:00:00+08:00,19.10189437866211,19.25381443836,18.41425918359105,19.10189437866211,57011,0.0,0.0
2019-06-03 00:00:00+08:00,19.269805908203125,19.269805908203125,18.790059405598946,19.269805908203125,35166,0.0,0.0
2019-06-04 00:00:00+08:00,19.901470184326172,20.61309472070785,19.189847173016524,19.901470184326172,292907,0.0,0.0
2019-06-05 00:00:00+08:00,19.829509735107422,20.06938375916446,19.109890713080617,19.829509735107422,119235,0.0,0.0
2019-06-06 00:00:00+08:00,19.74155616760254,20.109360848312697,19.349763628339606,19.74155616760254,207446,0.0,0.0
2019-06-10 00:00:00+08:00,20.061386108398438,20.581110828938247,19.82950805727045,20.061386108398438,267338,0.0,0.0
2019-06-11 00:00:00+08:00,20.14134407043457,20.38121654865603,19.669593541536607,20.14134407043457,389901,0.0,0.0
2019-06-12 00:00:00+08:00,20.269277572631836,20.781006372627502,19.949447072634545,20.269277572631836,500405,0.0,0.0
2019-06-13 00:00:00+08:00,20.14933967590332,20.389212149992076,19.98942367646282,20.14933967590332,151366,0.0,0.0
2019-06-14 00:00:00+08:00,20.061386108398438,20.293262634454404,19.917462011156516,20.061386108398438,131356,0.0,0.0
2019-06-17 00:00:00+08:00,19.989425659179688,20.389214172363282,19.74955316129839,19.989425659179688,354544,0.0,0.0
2019-06-18 00:00:00+08:00,20.093368530273438,20.10136448296028,19.909466193692232,20.093368530273438,116544,0.0,0.0
2019-06-19 00:00:00+08:00,20.053394317626953,20.389216772530347,19.909470190515165,20.053394317626953,304563,0.0,0.0
2019-06-20 00:00:00+08:00,21.932395935058594,21.932395935058594,19.917461659400825,21.932395935058594,674001,0.0,0.0
2019-06-21 00:00:00+08:00,21.268747329711914,21.932396142036062,20.89294518443245,21.268747329711914,527732,0.0,0.0
2019-06-24 00:00:00+08:00,21.50062370300293,21.588577655548576,21.0688529429294,21.50062370300293,239873,0.0,0.0
2019-06-25 00:00:00+08:00,21.260751724243164,21.50062420487517,20.94891719440715,21.260751724243164,194721,0.0,0.0
2019-06-26 00:00:00+08:00,20.956913893079854,21.49263058127949,20.94891946458822,21.172800064086914,90644,0.0,0.0
2019-06-27 00:00:00+08:00,21.188791183906265,21.500625735948212,21.036871121982585,21.34870719909668,90830,0.0,0.0
2019-06-28 00:00:00+08:00,21.508621781708467,21.508621781708467,21.02887525914631,21.188791275024414,200492,0.0,0.0
2019-07-01 00:00:00+08:00,21.188790717550948,21.508621215820312,21.116828664806327,21.508621215820312,202077,0.0,0.0
2019-07-02 00:00:00+08:00,21.188790717550948,21.580583268564936,21.188790717550948,21.508621215820312,127115,0.0,0.0
2019-07-03 00:00:00+08:00,21.508621992694838,21.508621992694838,21.308727733422447,21.420669555664062,102666,0.0,0.0
2019-07-04 00:00:00+08:00,21.42066879689007,23.34764926601165,21.42066879689007,22.867902755737305,513909,0.0,0.0
2019-07-05 00:00:00+08:00,22.947860209701346,23.58752119130102,22.78794420176539,23.187732696533203,328335,0.0,0.0
2019-07-08 00:00:00+08:00,23.507564759455573,23.98731129027552,23.027818228635628,23.467586517333984,280687,0.0,0.0
2019-07-09 00:00:00+08:00,23.74744058057566,23.827397070856367,22.46811691014454,23.155752182006836,262146,0.0,0.0
2019-07-10 00:00:00+08:00,22.94786262512207,23.107777124818053,22.436132260907108,22.94786262512207,187132,0.0,0.0
2019-07-11 00:00:00+08:00,23.027818063995348,23.4276065826416,22.907881813415905,23.4276065826416,151107,0.0,0.0
2019-07-12 00:00:00+08:00,23.427607061602508,23.427607061602508,23.10777654516123,23.26769256591797,115332,0.0,0.0
2019-07-15 00:00:00+08:00,23.26769126012057,23.26769126012057,22.548072257245114,22.867902755737305,227151,0.0,0.0
2019-07-16 00:00:00+08:00,22.867905035617156,23.187735565995748,22.388158477513137,22.58805274963379,269121,0.0,0.0
2019-07-17 00:00:00+08:00,22.396148995704483,23.107771943715008,22.396148995704483,22.468111038208008,191829,0.0,0.0
2019-07-18 00:00:00+08:00,23.214286538631516,23.214286538631516,22.385204876537532,22.882654190063477,152534,1.0,0.0
2019-07-19 00:00:00+08:00,22.882655419345458,23.21428778572916,22.235971118886344,22.302297592163086,159085,0.0,0.0
2019-07-22 00:00:00+08:00,22.219386356945463,22.30229483362352,21.63903018289439,22.028697967529297,216783,0.0,0.0
2019-07-23 00:00:00+08:00,22.028700833381865,22.38520622253418,21.473216023124323,22.38520622253418,227480,0.0,0.0
2019-07-24 00:00:00+08:00,22.13648457058298,22.8743668624864,22.053576074770138,22.79974937438965,41111,0.0,0.0
2019-07-25 00:00:00+08:00,22.88265376897522,22.88265376897522,22.219387502696843,22.46811294555664,121711,0.0,0.0
2019-07-26 00:00:00+08:00,22.468114566028866,22.468114566028866,22.219389105230196,22.302297592163086,33171,0.0,0.0
2019-07-29 00:00:00+08:00,22.144769861837442,22.459821770826693,21.14158183573759,21.274234771728516,276000,0.0,0.0
2019-07-30 00:00:00+08:00,21.639033225583134,21.804848620907073,21.49808926981645,21.68048667907715,80000,0.0,0.0
2019-07-31 00:00:00+08:00,21.498090445269135,21.88775830600157,21.498090445269135,21.721942901611328,103180,0.0,0.0
2019-08-01 00:00:00+08:00,21.962372809157074,21.970663815452937,21.63903147035716,21.76339340209961,42011,0.0,0.0
2019-08-02 00:00:00+08:00,21.639034123826132,21.879467010498047,21.564416639361205,21.879467010498047,74022,0.0,0.0
2019-08-05 00:00:00+08:00,21.804847752612577,21.879465231008755,21.481506400461022,21.6390323638916,82455,0.0,0.0
2019-08-06 00:00:00+08:00,21.473216819516484,21.556125310055513,21.06696695535796,21.299110412597656,169314,0.0,0.0
2019-08-07 00:00:00+08:00,21.30740037465434,21.556124252723546,21.05867491523728,21.34056282043457,173044,0.0,0.0
2019-08-08 00:00:00+08:00,21.340563346193246,22.799747367473284,21.0586754340512,22.551023483276367,370548,0.0,0.0
2019-08-12 00:00:00+08:00,22.874364710547283,22.88265571748338,22.30229788273953,22.79145622253418,244255,0.0,0.0
2019-08-13 00:00:00+08:00,22.799745968409947,23.62053663351097,22.5510220994755,23.21428680419922,388856,0.0,0.0
2019-08-14 00:00:00+08:00,23.504466504634586,25.04655739088274,23.504466504634586,24.04336929321289,540882,0.0,0.0
2019-08-15 00:00:00+08:00,24.043367147376863,24.126275626223563,23.471300382817088,24.035076141357422,304904,0.0,0.0
2019-08-16 00:00:00+08:00,24.292093424827723,26.613521575927734,24.043369544834103,26.613521575927734,1271553,0.0,0.0
2019-08-19 00:00:00+08:00,26.787630312915088,33.33737371016998,26.530613852647143,33.080360412597656,3376197,0.0,0.0
2019-08-20 00:00:00+08:00,32.334182988940775,39.79591752485018,32.2927295407248,36.31377410888672,3379721,0.0,0.0
2019-08-21 00:00:00+08:00,35.899236475102775,37.723216822117934,32.209822329191674,33.57780838012695,2572163,0.0,0.0
2019-08-22 00:00:00+08:00,32.74872745376035,35.31887948252149,31.190052957748097,34.406890869140625,1608629,0.0,0.0
2019-08-23 00:00:00+08:00,34.82142727598472,34.82142727598472,32.997447119465505,33.743621826171875,576794,0.0,0.0
2019-08-26 00:00:00+08:00,33.16326173311183,34.199613662271574,32.533161151768546,33.329078674316406,576207,0.0,0.0
2019-08-27 00:00:00+08:00,33.66071593809841,33.702172553480565,32.839926821741386,33.1218147277832,506559,0.0,0.0
2019-08-28 00:00:00+08:00,33.08035958575637,33.08035958575637,32.0854609586104,32.251277923583984,667718,0.0,0.0
2019-08-29 00:00:00+08:00,32.25127439856119,33.74362059482086,32.25127439856119,32.748722076416016,916628,0.0,0.0
2019-08-30 00:00:00+08:00,32.99744591534343,33.163262862193434,32.425380769540865,32.748722076416016,491780,0.0,0.0
2019-09-02 00:00:00+08:00,32.91454374890905,35.6505126953125,32.91454374890905,35.6505126953125,1192762,0.0,0.0
2019-09-03 00:00:00+08:00,35.65051578340076,35.94898572389779,34.07525916975352,34.821434020996094,803054,0.0,0.0
2019-09-04 00:00:00+08:00,34.82143239411048,34.97895678303716,33.163268946771886,33.950897216796875,485472,0.0,0.0
2019-09-05 00:00:00+08:00,33.57781164603337,33.9508990746396,33.01403579007195,33.246177673339844,411018,0.0,0.0
2019-09-06 00:00:00+08:00,33.99235180989327,34.32398577555595,33.08865257429315,34.15816879272461,292015,0.0,0.0
2019-09-10 00:00:00+08:00,33.32908218695193,33.99234685897827,32.74872441291809,33.163265228271484,414255,0.0,0.0
2019-09-11 00:00:00+08:00,33.16326648689539,33.329083451868975,32.251277923583984,32.251277923583984,464641,0.0,0.0
2019-09-12 00:00:00+08:00,32.74872504890739,32.74872504890739,31.51339200357778,31.91964340209961,853447,0.0,0.0
2019-09-16 00:00:00+08:00,31.919643190171985,31.96109663969805,29.18367440641062,29.846939086914062,1058332,0.0,0.0
2019-09-17 00:00:00+08:00,27.85714463209228,29.681125055517604,27.60842074769241,27.732784271240234,2844112,0.0,0.0
2019-09-18 00:00:00+08:00,27.732780443517886,32.74872354360727,27.691326995622006,32.33418273925781,2904316,0.0,0.0
2019-09-19 00:00:00+08:00,32.334186839392004,33.32908552852783,31.91964598247672,32.500003814697266,2481444,0.0,0.0
2019-09-20 00:00:00+08:00,32.500006655745416,32.70727710232198,31.09056698648553,31.505107879638672,1713693,0.0,0.0
2019-09-23 00:00:00+08:00,31.71237349694348,32.20982122789575,30.966198737819536,31.21492576599121,883608,0.0,0.0
2019-09-24 00:00:00+08:00,30.67602165965639,31.007655591325495,28.893494811652182,29.100765228271484,1253400,0.0,0.0
2019-09-25 00:00:00+08:00,29.432399930473373,30.054211196610133,29.183676056557797,29.3494930267334,453157,0.0,0.0
2019-09-26 00:00:00+08:00,29.349491587864417,29.5567619997485,28.022959054188984,28.18877601623535,871652,0.0,0.0
2019-09-27 00:00:00+08:00,28.105870843027272,28.105870843027272,25.701532652401735,25.86734962463379,1469687,0.0,0.0
2019-10-01 00:00:00+08:00,26.03316527418163,28.437501907348633,25.99171182138566,28.437501907348633,648649,0.0,0.0
2019-10-02 00:00:00+08:00,28.437501309152427,30.841839473090907,28.39604785722845,29.929847717285156,1625670,0.0,0.0
2019-10-03 00:00:00+08:00,28.437500119926504,29.846939565270027,28.354593219545627,28.68622398376465,724255,0.0,0.0
2019-10-04 00:00:00+08:00,28.893495448816683,29.515306712386874,28.43750115473767,28.644771575927734,401050,0.0,0.0
2019-10-07 00:00:00+08:00,29.183676072588003,29.183676072588003,27.401149176938578,27.5255126953125,483080,0.0,0.0
2019-10-08 00:00:00+08:00,27.774237721028825,27.774237721028825,26.28189125213957,26.69643211364746,477301,0.0,0.0
2019-10-09 00:00:00+08:00,25.825895720516698,28.022962001277087,25.825895720516698,27.110973358154297,537113,0.0,0.0
2019-10-14 00:00:00+08:00,27.359695545911254,28.06441371156102,27.11097167348755,27.60841941833496,498050,0.0,0.0
2019-10-15 00:00:00+08:00,27.35969959088226,28.022964402970487,27.35969959088226,27.774240493774414,263490,0.0,0.0
2019-10-16 00:00:00+08:00,27.774236274488043,28.603317954323508,27.359695434570312,27.359695434570312,343500,0.0,0.0
2019-10-17 00:00:00+08:00,27.359697528145855,27.649874873214515,27.193880546951252,27.276790618896484,164000,0.0,0.0
2019-10-18 00:00:00+08:00,27.35969608442789,27.52551305687265,26.696431357344533,26.903701782226562,190500,0.0,0.0
2019-10-21 00:00:00+08:00,27.401148474586975,27.401148474586975,26.820790674877262,26.945154190063477,154213,0.0,0.0
2019-10-22 00:00:00+08:00,27.193880546951252,27.359697528145855,26.945156656507283,27.276790618896484,151450,0.0,0.0
2019-10-23 00:00:00+08:00,27.276792675382268,28.520415384058733,26.9866121457401,27.774240493774414,326100,0.0,0.0
2019-10-24 00:00:00+08:00,28.188778209378913,28.76913604034645,27.815690806421514,28.354595184326172,471600,0.0,0.0
2019-10-25 00:00:00+08:00,28.561867674304246,31.173473358154297,28.561867674304246,31.173473358154297,2325432,0.0,0.0
2019-10-28 00:00:00+08:00,31.049108801441943,31.753826947406914,29.971303275914998,31.21492576599121,1526020,0.0,0.0
2019-10-29 00:00:00+08:00,31.173469232603445,33.08035958575637,30.92474536649084,32.251277923583984,2384222,0.0,0.0
2019-10-30 00:00:00+08:00,31.753829378006074,32.66582117148777,31.670922470733093,31.878192901611328,1224261,0.0,0.0
2019-10-31 00:00:00+08:00,32.334183597564696,33.577806043624875,31.795279272527115,33.163265228271484,1746959,0.0,0.0
2019-11-01 00:00:00+08:00,33.163269431727706,34.365438581167005,32.00255373653891,32.54145812988281,1331211,0.0,0.0
2019-11-04 00:00:00+08:00,32.044010991514526,32.29273488466566,30.012760065837735,30.344390869140625,1237000,0.0,0.0
2019-11-05 00:00:00+08:00,30.178579540673674,31.09056827842913,29.349497719915565,30.92475128173828,566000,0.0,0.0
2019-11-06 00:00:00+08:00,30.800385550174212,30.88329245275437,30.178574292736204,30.302934646606445,335000,0.0,0.0
2019-11-07 00:00:00+08:00,30.0956645766219,30.261481546401583,29.34949295665678,29.681123733520508,406000,0.0,0.0
2019-11-08 00:00:00+08:00,29.639673775862114,30.676026005787364,29.639673775862114,29.9713077545166,285700,0.0,0.0
2019-11-11 00:00:00+08:00,29.97130307853686,29.97130307853686,28.520410183002898,28.68622398376465,395000,0.0,0.0
2019-11-12 00:00:00+08:00,28.893498026971955,31.546560287475586,28.893498026971955,31.546560287475586,839000,0.0,0.0
2019-11-13 00:00:00+08:00,31.50510512556144,32.914544671612546,30.924747293340893,32.500003814697266,1268000,0.0,0.0
2019-11-14 00:00:00+08:00,32.12691815113199,32.29273513541895,31.505106832077825,31.546560287475586,594000,0.0,0.0
2019-11-15 00:00:00+08:00,31.049112989987705,32.00255513004878,31.049112989987705,31.173473358154297,392150,0.0,0.0
2019-11-18 00:00:00+08:00,31.50510257869572,32.3341842255035,30.51020396998728,31.91964340209961,529000,0.0,0.0
2019-11-19 00:00:00+08:00,31.878195316015702,32.62436702607374,31.505107879638672,31.505107879638672,469000,0.0,0.0
2019-11-20 00:00:00+08:00,32.085461463227595,32.085461463227595,31.090562820434567,31.09056282043457,300000,0.0,0.0
2019-11-21 00:00:00+08:00,30.510205540129988,31.0076564514322,30.261481665826707,30.385845184326172,427000,0.0,0.0
2019-11-22 00:00:00+08:00,30.302935047339293,31.505104126822985,30.302935047339293,30.71747589111328,297100,0.0,0.0
2019-11-25 00:00:00+08:00,30.75893038977449,30.841840458968363,30.385846147837192,30.676023483276367,232000,0.0,0.0
2019-11-26 00:00:00+08:00,30.67602145793153,31.21492580267611,30.427297592163086,30.427297592163086,290000,0.0,0.0
2019-11-27 00:00:00+08:00,30.510206117781916,30.676023091355415,29.764034480744755,30.26148223876953,542000,0.0,0.0
2019-11-28 00:00:00+08:00,30.261479160703463,30.46874956591376,29.888391798785847,30.054208755493164,304000,0.0,0.0
2019-11-29 00:00:00+08:00,29.722575751424888,30.302933536308537,29.722575751424888,29.7640323638916,324100,0.0,0.0
2019-12-02 00:00:00+08:00,29.846941856076178,30.510206598116497,29.43240099696401,29.888395309448242,345000,0.0,0.0
2019-12-03 00:00:00+08:00,29.888392659499527,30.344386931554638,29.846939209802787,30.09566307067871,259000,0.0,0.0
2019-12-04 00:00:00+08:00,29.88839358102684,30.30293441616645,29.764033228102306,29.80548667907715,387000,0.0,0.0
2019-12-05 00:00:00+08:00,30.05421352091361,30.92474872829055,29.929849992990093,30.344390869140625,368000,0.0,0.0
2019-12-06 00:00:00+08:00,30.59311395512605,30.59311395512605,30.054209620981972,30.09566307067871,210000,0.0,0.0
2019-12-09 00:00:00+08:00,30.095659657003427,30.17856970968811,29.681118881665377,29.722572326660156,384000,0.0,0.0
2019-12-10 00:00:00+08:00,29.84694311622471,29.84694311622471,29.266585256425607,29.30803871154785,336000,0.0,0.0
2019-12-11 00:00:00+08:00,29.266584493184048,29.63967190494631,28.852043627380603,29.515308380126953,353000,0.0,0.0
2019-12-12 00:00:00+08:00,29.51530798647705,29.72257841661438,29.18367719587479,29.556764602661133,147000,0.0,0.0
2019-12-13 00:00:00+08:00,29.225131801303363,29.515309149854968,29.18367834618112,29.30803871154785,244200,0.0,0.0
2019-12-16 00:00:00+08:00,29.26658516544599,29.390948693122017,29.017861272789826,29.059314727783203,244000,0.0,0.0
2019-12-17 00:00:00+08:00,29.01785659790039,29.01785659790039,28.810586193629675,29.01785659790039,412000,0.0,0.0
2019-12-18 00:00:00+08:00,29.100767505690733,29.100767505690733,28.893497072850497,28.934953689575195,165000,0.0,0.0
2019-12-19 00:00:00+08:00,28.85204217932565,28.85204217932565,28.354594430406244,28.561864852905273,478000,0.0,0.0
2019-12-20 00:00:00+08:00,28.561868318391085,28.561868318391085,28.022963889428674,28.147327423095703,417599,0.0,0.0
2019-12-23 00:00:00+08:00,28.064412504026702,28.271682915910787,28.064412504026702,28.18877601623535,235000,0.0,0.0
2019-12-24 00:00:00+08:00,28.188780019359303,28.188780019359303,27.85714604817082,28.105873107910156,124000,0.0,0.0
2019-12-25 00:00:00+08:00,28.18877810951602,28.18877810951602,27.442603306244656,27.649873733520508,560000,0.0,0.0
2019-12-26 00:00:00+08:00,27.940054123714383,27.981507576473717,27.235332776022798,27.40114974975586,513000,0.0,0.0
2019-12-27 00:00:00+08:00,27.401148474586975,27.401148474586975,26.862247288403047,26.945154190063477,606630,0.0,0.0
2019-12-30 00:00:00+08:00,26.94515459465258,27.608419305981826,26.94515459465258,27.359695434570312,751000,0.0,0.0
2019-12-31 00:00:00+08:00,27.649872159516093,27.649872159516093,26.945154011973468,27.028060913085938,479001,0.0,0.0
2020-01-02 00:00:00+08:00,27.566965854529176,27.566965854529176,27.152425014611445,27.359695434570312,362000,0.0,0.0
2020-01-03 00:00:00+08:00,27.52551240307653,27.52551240307653,27.318241983117662,27.359695434570312,481150,0.0,0.0
2020-01-06 00:00:00+08:00,27.318241572926546,27.318241572926546,26.862247288403047,26.945154190063477,337000,0.0,0.0
2020-01-07 00:00:00+08:00,27.0280623495304,27.815690602740656,27.0280623495304,27.40114974975586,399000,0.0,0.0
2020-01-08 00:00:00+08:00,27.442601954636125,30.09566392563705,27.193878086694443,28.769134521484375,994000,0.0,0.0
2020-01-09 00:00:00+08:00,29.142221129236727,30.38584359854648,29.142221129236727,29.7640323638916,1287000,0.0,0.0
2020-01-10 00:00:00+08:00,30.095664760175396,30.13711821219923,29.473853491730882,29.598217010498047,718000,0.0,0.0
2020-01-13 00:00:00+08:00,29.556763267297868,29.68112362214425,29.059312359825462,29.43239974975586,226000,0.0,0.0
2020-01-14 00:00:00+08:00,29.43239974975586,29.764033688070796,29.22512932898293,29.43239974975586,337000,0.0,0.0
2020-01-15 00:00:00+08:00,29.43239974975586,29.68112362214425,29.059312359825462,29.43239974975586,300000,0.0,0.0
2020-01-16 00:00:00+08:00,29.515308552696432,30.59311734024375,29.515308552696432,30.468753814697266,1066000,0.0,0.0
2020-01-17 00:00:00+08:00,30.551659570501364,30.551659570501364,29.888394838903093,30.26148223876953,501015,0.0,0.0
2020-01-20 00:00:00+08:00,30.676021278962285,31.007655206515764,30.178573550327595,30.510204315185547,603385,0.0,0.0
2020-01-30 00:00:00+08:00,27.608420564852846,29.390947522855857,27.608420564852846,27.815690994262695,724000,0.0,0.0
2020-01-31 00:00:00+08:00,28.18877745986789,28.769135275404302,27.691329710948484,28.561864852905273,327263,0.0,0.0
2020-02-03 00:00:00+08:00,28.230230565858424,28.230230565858424,26.90370114319993,27.359695434570312,438000,0.0,0.0
2020-02-04 00:00:00+08:00,27.359696960449217,28.064415162533987,27.359696960449217,27.981508255004883,195000,0.0,0.0
2020-02-05 00:00:00+08:00,27.981509212379265,28.396050089599697,27.359697896548614,27.69133186340332,263000,0.0,0.0
2020-02-06 00:00:00+08:00,27.4840626231623,28.188780880086036,27.4840626231623,28.147327423095703,170000,0.0,0.0
2020-02-07 00:00:00+08:00,28.147327423095703,28.147327423095703,28.147327423095703,28.147327423095703,0,0.0,0.0
2020-02-10 00:00:00+08:00,27.857144930953787,27.857144930953787,27.359697156817255,27.442604064941406,143400,0.0,0.0
2020-02-11 00:00:00+08:00,28.022959620004002,28.06441307067871,27.732782302585477,28.06441307067871,124000,0.0,0.0
2020-02-12 00:00:00+08:00,28.06441450679347,28.852042760699767,28.0229610539975,28.437501907348633,155000,0.0,0.0
2020-02-13 00:00:00+08:00,28.520411762717412,28.68622557266341,27.774236967177647,27.940053939819336,149000,0.0,0.0
2020-02-14 00:00:00+08:00,28.354596592952657,29.349495329365993,28.313143137830412,29.30803871154785,420035,0.0,0.0
2020-02-17 00:00:00+08:00,29.017861272789826,29.349495238128636,28.47895686978823,29.059314727783203,248000,0.0,0.0
2020-02-18 00:00:00+08:00,29.059312712073265,29.059312712073265,28.72768193243403,28.810588836669922,117000,0.0,0.0
2020-02-19 00:00:00+08:00,28.810587972358725,29.266582257367734,28.686224457040097,28.769134521484375,207000,0.0,0.0
2020-02-20 00:00:00+08:00,28.85204247078576,28.976405990619746,28.437501621600056,28.72768211364746,306000,0.0,0.0
2020-02-21 00:00:00+08:00,28.727680328546572,29.142221151973246,28.727680328546572,28.976404190063477,212688,0.0,0.0
2020-02-24 00:00:00+08:00,28.437501224542544,28.68622509804203,28.188777351043058,28.313140869140625,215000,0.0,0.0
2020-02-25 00:00:00+08:00,27.85714209214262,28.520409940328083,27.774235192467184,28.18877601623535,119000,0.0,0.0
2020-02-26 00:00:00+08:00,28.10587091246103,28.18877781743403,27.857143872150644,27.940053939819336,118000,0.0,0.0
2020-02-27 00:00:00+08:00,28.147325031042552,28.47895582147815,27.193879787811696,27.484060287475586,300000,0.0,0.0
2020-03-02 00:00:00+08:00,27.02806203160312,27.069518646570526,26.157526883114173,26.654977798461914,462000,0.0,0.0
2020-03-03 00:00:00+08:00,27.35969783377928,27.56696827191397,26.820793429550722,26.986610412597656,214000,0.0,0.0
2020-03-04 00:00:00+08:00,26.654976871556407,26.98660764089369,26.572066807200407,26.945154190063477,142000,0.0,0.0
2020-03-05 00:00:00+08:00,27.359698390012557,27.359698390012557,27.028064417176445,27.31824493408203,258000,0.0,0.0
2020-03-06 00:00:00+08:00,27.193878466064096,27.442602337475613,26.94515459465258,27.359695434570312,132000,0.0,0.0
2020-03-09 00:00:00+08:00,26.945155564611973,26.945155564611973,26.406252769589308,26.44770622253418,225000,0.0,0.0
2020-03-10 00:00:00+08:00,23.960459586955785,25.369899037331678,23.960459586955785,24.789541244506836,405000,0.0,0.0
2020-03-11 00:00:00+08:00,25.204084552854347,25.577171967995678,24.209187414723996,24.250640869140625,269000,0.0,0.0
2020-03-12 00:00:00+08:00,24.043368080365255,24.043368080365255,21.84630200308419,22.012117385864258,512000,0.0,0.0
2020-03-13 00:00:00+08:00,19.815050277742408,20.063775710994683,19.815050277742408,19.897958755493164,518000,0.0,0.0
2020-03-16 00:00:00+08:00,19.897960735286418,20.685588980263976,17.908164978027344,17.908164978027344,570000,0.0,0.0
2020-03-17 00:00:00+08:00,17.86670959708767,17.86670959708767,16.58163362378357,16.705995559692383,374000,0.0,0.0
2020-03-18 00:00:00+08:00,16.871812719748853,18.364159130269314,16.871812719748853,17.82525634765625,495000,0.0,0.0
2020-03-19 00:00:00+08:00,16.66453990452172,16.996172216874136,16.084182171894295,16.374361038208008,463000,0.0,0.0
2020-03-20 00:00:00+08:00,17.410715783089643,17.991073608398438,17.410715783089643,17.991073608398438,226000,0.0,0.0
2020-03-23 00:00:00+08:00,16.747452900272698,18.944519341898822,16.747452900272698,18.23979949951172,275000,0.0,0.0
2020-03-24 00:00:00+08:00,18.90306282043457,20.022323472735494,18.61288547987514,18.90306282043457,369000,0.0,0.0
2020-03-25 00:00:00+08:00,19.773598469600508,20.146684278401835,19.48341956407871,19.566328048706055,306000,0.0,0.0
2020-03-26 00:00:00+08:00,19.64923608859601,20.188138854454596,19.06887829068813,19.317602157592773,178000,0.0,0.0
2020-03-27 00:00:00+08:00,20.436862095985358,21.10012835634791,19.60778045654297,19.60778045654297,512000,0.0,0.0
2020-03-30 00:00:00+08:00,18.94451577752815,20.10522975647795,18.94451577752815,19.60778045654297,195000,0.0,0.0
2020-03-31 00:00:00+08:00,19.980867233243924,20.685586922103845,19.649234903588574,19.897958755493164,196000,0.0,0.0
2020-04-01 00:00:00+08:00,20.14668638347111,20.14668638347111,19.56633009313557,19.64923858642578,183000,0.0,0.0
2020-04-06 00:00:00+08:00,20.14668493270868,20.39541039466861,19.89796105209662,20.312501907348633,230000,0.0,0.0
2020-04-07 00:00:00+08:00,20.727043525845396,21.30740137710824,20.47831963607442,21.141584396362305,447000,0.0,0.0
2020-04-08 00:00:00+08:00,21.390309014355157,22.385207770005714,21.141585116116506,21.970666885375977,387000,0.0,0.0
2020-04-09 00:00:00+08:00,22.63392862932198,22.965562557577645,21.929210485148108,22.012117385864258,428000,0.0,0.0
2020-04-10 00:00:00+08:00,22.012118574454146,22.385205973213512,21.887756635316975,22.053573608398438,305000,0.0,0.0
2020-04-13 00:00:00+08:00,22.012119478789415,22.177936458683224,21.55612515610332,21.92921257019043,320000,0.0,0.0
2020-04-14 00:00:00+08:00,22.012118819619463,22.55102319746247,22.012118819619463,22.38520622253418,270000,0.0,0.0
2020-04-15 00:00:00+08:00,22.385202994729543,23.0484676361084,22.385202994729543,23.0484676361084,380000,0.0,0.0
2020-04-16 00:00:00+08:00,22.88265535562214,25.328445434570312,22.88265535562214,25.328445434570312,621000,0.0,0.0
2020-04-17 00:00:00+08:00,25.660077322456285,26.40625048020695,24.12627597625631,25.07971954345703,790000,0.0,0.0
2020-04-20 00:00:00+08:00,24.872450533776767,25.867349187666964,24.623726660978125,25.618623733520508,467000,0.0,0.0
2020-04-21 00:00:00+08:00,25.53571583207225,26.11607365698892,24.126277885106955,24.29209327697754,555000,0.0,0.0
2020-04-22 00:00:00+08:00,24.250640487670896,25.53571653054678,23.50446725047368,24.872451782226562,509000,0.0,0.0
2020-04-23 00:00:00+08:00,25.038266720382207,25.24553713501667,24.58227085937773,24.62372589111328,106000,0.0,0.0
2020-04-24 00:00:00+08:00,24.457912580929413,24.872453472131607,24.375004086419374,24.540821075439453,119000,0.0,0.0
2020-04-27 00:00:00+08:00,25.70153149923022,26.033163847466863,24.74808790504446,25.660078048706055,937000,0.0,0.0
2020-04-28 00:00:00+08:00,26.07461922597943,26.364796546201802,24.913903619698765,25.038267135620117,637000,0.0,0.0
2020-04-29 00:00:00+08:00,25.121174203883946,25.535715042768814,24.416456042857913,24.49936294555664,730000,0.0,0.0
2020-04-30 00:00:00+08:00,24.913906146484482,24.913906146484482,24.499365268297733,24.748090744018555,239000,0.0,0.0
2020-05-04 00:00:00+08:00,24.2920925594091,24.457909527729438,23.670281300229536,24.333547592163086,160000,0.0,0.0
2020-05-05 00:00:00+08:00,24.333547592163086,24.78954188302231,24.250639108002918,24.333547592163086,180000,0.0,0.0
2020-05-06 00:00:00+08:00,24.83099688174278,24.95535881713868,24.49936294555664,24.49936294555664,177000,0.0,0.0
2020-05-07 00:00:00+08:00,25.12117469039308,26.77933807804537,25.03826778608873,25.784440994262695,1162000,0.0,0.0
2020-05-08 00:00:00+08:00,26.07461889951036,27.276787941814437,25.82589345212963,27.028060913085938,1140000,0.0,0.0
2020-05-11 00:00:00+08:00,27.85714463209228,29.0178603095527,27.359696863292545,27.732784271240234,2351000,0.0,0.0
2020-05-12 00:00:00+08:00,27.193878173828125,27.732782525008147,26.945154305089492,27.193878173828125,384000,0.0,0.0
2020-05-13 00:00:00+08:00,26.86224909449281,28.02296160925745,26.86224909449281,27.732784271240234,354000,0.0,0.0
2020-05-14 00:00:00+08:00,28.022959416714187,28.022959416714187,26.77933692932129,26.77933692932129,413000,0.0,0.0
2020-05-15 00:00:00+08:00,26.77933804031425,27.27678895352645,25.867349443468715,25.95025634765625,325000,0.0,0.0
2020-05-18 00:00:00+08:00,25.95025792851091,26.323345345474127,25.038269276108263,25.369901657104492,176000,0.0,0.0
2020-05-19 00:00:00+08:00,25.57717057080616,25.99171141771923,25.53571553730615,25.784440994262695,131000,0.0,0.0
2020-05-20 00:00:00+08:00,26.28189314612531,26.364800059323205,25.618626771106133,25.825897216796875,93000,0.0,0.0
2020-05-21 00:00:00+08:00,25.950256384219223,25.950256384219223,25.411353599501794,25.784440994262695,148000,0.0,0.0
2020-05-22 00:00:00+08:00,25.53571663065343,25.53571663065343,25.12117576599121,25.12117576599121,157000,0.0,0.0
2020-05-25 00:00:00+08:00,24.87244945461467,25.204081797739985,23.75318891288746,24.457908630371094,558000,0.0,0.0
2020-05-26 00:00:00+08:00,24.49936208025635,24.70663249237814,24.33354669936757,24.457908630371094,338000,0.0,0.0
2020-05-27 00:00:00+08:00,24.49936409233988,24.87245149733912,24.375002151122764,24.706634521484375,300000,0.0,0.0
2020-05-28 00:00:00+08:00,24.70663547682722,24.913905913986333,24.416458129882812,24.416458129882812,308000,0.0,0.0
2020-05-29 00:00:00+08:00,24.41645503097917,24.41645503097917,24.001914209273906,24.375,236000,0.0,0.0
2020-06-01 00:00:00+08:00,24.49936475833623,24.54081979410078,24.209187414723996,24.250640869140625,409000,0.0,0.0
2020-06-02 00:00:00+08:00,24.209187782741054,25.286993427436894,24.209187782741054,24.66518211364746,578000,0.0,0.0
2020-06-03 00:00:00+08:00,24.955361183111933,24.996814638391424,24.665182252111617,24.748090744018555,397000,0.0,0.0
2020-06-04 00:00:00+08:00,24.955360412597656,25.121175809943917,24.66518149055682,24.955360412597656,346000,0.0,0.0
2020-06-05 00:00:00+08:00,25.121173142881823,25.162628173828125,24.830995832996408,25.162628173828125,229000,0.0,0.0
2020-06-08 00:00:00+08:00,25.16262903799147,25.701531808019084,25.038267103577063,25.204082489013672,453000,0.0,0.0
2020-06-09 00:00:00+08:00,23.297195798449298,24.457909847839936,23.214287313204004,23.877552032470703,734000,0.0,0.0
2020-06-10 00:00:00+08:00,23.87755101882872,23.960459500554407,23.587373704810442,23.753189086914062,279000,0.0,0.0
2020-06-11 00:00:00+08:00,23.7531894556873,23.79464448786762,22.88265433742171,22.96556282043457,363000,0.0,0.0
2020-06-12 00:00:00+08:00,22.38520622253418,22.633930103578745,21.846303426039043,22.38520622253418,383000,0.0,0.0
2020-06-15 00:00:00+08:00,22.63392862932198,23.50446531897145,22.012117385864258,22.012117385864258,431000,0.0,0.0
2020-06-16 00:00:00+08:00,22.63392804834006,22.63392804834006,22.053571851485128,22.1364803314209,551000,0.0,0.0
2020-06-17 00:00:00+08:00,22.385203709685882,22.92410644568656,22.260841783123833,22.841197967529297,228000,0.0,0.0
2020-06-18 00:00:00+08:00,23.131375812816493,23.380101236131367,22.716835021972656,22.716835021972656,199000,0.0,0.0
2020-06-19 00:00:00+08:00,23.131378173828125,23.297195139629586,22.799745823572984,23.131378173828125,180000,0.0,0.0
2020-06-22 00:00:00+08:00,23.131378320771805,23.463010673133663,22.924107902877168,23.21428680419922,225000,0.0,0.0
2020-06-23 00:00:00+08:00,23.380101538145468,23.380101538145468,23.007014189027583,23.0484676361084,95000,0.0,0.0
2020-06-24 00:00:00+08:00,23.089923983024363,23.338647842407227,23.089923983024363,23.338647842407227,140000,0.0,0.0
2020-06-29 00:00:00+08:00,23.007014923843826,23.297193806720404,22.5924741144052,22.841197967529297,178000,0.0,0.0
2020-06-30 00:00:00+08:00,22.841199274349457,23.214286656728856,22.841199274349457,23.131378173828125,63000,0.0,0.0
2020-07-01 00:00:00+08:00,23.214285938507626,23.255739388001583,22.965562078848425,23.172832489013672,179000,0.0,0.0
2020-07-02 00:00:00+08:00,23.25574187893415,24.45791101919653,23.25574187893415,24.084823608398438,539000,0.0,0.0
2020-07-03 00:00:00+08:00,24.292092877349347,24.292092877349347,23.83609858052197,23.877552032470703,341000,0.0,0.0
2020-07-06 00:00:00+08:00,23.8775524252793,24.457910250195972,23.8775524252793,24.29209327697754,340000,0.0,0.0
2020-07-07 00:00:00+08:00,24.375001656849708,24.540818629342038,24.04336929321289,24.04336929321289,536000,0.0,0.0
2020-07-08 00:00:00+08:00,23.52998682483475,24.214494879667935,23.52998682483475,23.701114654541016,252000,0.9,0.0
2020-07-09 00:00:00+08:00,23.35886107968448,23.401643856926967,22.888261953989666,23.102170944213867,536000,0.0,0.0
2020-07-10 00:00:00+08:00,22.931040477854438,23.102168303269607,21.9042784213511,22.246532440185547,400000,0.0,0.0
2020-07-13 00:00:00+08:00,22.246533830758192,22.50322395293008,22.118188769672248,22.417661666870117,106000,0.0,0.0
2020-07-14 00:00:00+08:00,22.332098464238854,22.332098464238854,21.39089859946326,21.6475887298584,166000,0.0,0.0
2020-07-15 00:00:00+08:00,21.733149980941,22.332095720949503,21.733149980941,21.904277801513672,222000,0.0,0.0
2020-07-16 00:00:00+08:00,21.904279451797493,21.989843368530273,21.43367872576518,21.989843368530273,243000,0.0,0.0
2020-07-17 00:00:00+08:00,21.94706245173837,21.989845229723826,21.262554323932132,21.476463317871094,145000,0.0,0.0
2020-07-20 00:00:00+08:00,21.47646079555751,21.47646079555751,20.70638883421795,21.134206771850586,121000,0.0,0.0
2020-07-21 00:00:00+08:00,20.834736968548764,21.13420989555384,20.834736968548764,21.005863189697266,151000,0.0,0.0
2020-07-22 00:00:00+08:00,20.620823789789444,20.877513885498047,20.578041019174126,20.877513885498047,325000,0.0,0.0
2020-07-23 00:00:00+08:00,21.09142468497554,21.2625525183936,20.877515709200946,21.17698860168457,198000,0.0,0.0
2020-07-24 00:00:00+08:00,21.176988247743587,21.519242276863487,20.663606388065766,20.749170303344727,229000,0.0,0.0
2020-07-27 00:00:00+08:00,20.706387351981796,20.79194962778674,18.866769046251086,19.12346076965332,449000,0.0,0.0
2020-07-28 00:00:00+08:00,19.123464698340534,19.551282693238548,18.738427850133867,18.823991775512695,221000,0.0,0.0
2020-07-29 00:00:00+08:00,18.781209888448515,19.679626989519456,18.781209888448515,19.508499145507812,93000,0.0,0.0
2020-07-30 00:00:00+08:00,19.807973448220487,19.807973448220487,19.46571936814681,19.679628372192383,46000,0.0,0.0
2020-07-31 00:00:00+08:00,19.679626372055505,19.97909927368164,19.679626372055505,19.97909927368164,65000,0.0,0.0
2020-08-03 00:00:00+08:00,19.97909717701984,19.97909717701984,19.508496486137474,19.765188217163086,80000,0.0,0.0
2020-08-04 00:00:00+08:00,20.27857260545592,20.27857260545592,19.979099697477377,20.107444763183594,98000,0.0,0.0
2020-08-05 00:00:00+08:00,20.535262207312535,20.535262207312535,19.765190200937518,20.27857208251953,103000,0.0,0.0
2020-08-06 00:00:00+08:00,20.27857208251953,20.36413436945319,19.936316406800845,20.27857208251953,97000,0.0,0.0
2020-08-07 00:00:00+08:00,19.979099697477377,20.23578982888981,19.93631692091127,20.107444763183594,78000,0.0,0.0
2020-08-10 00:00:00+08:00,19.936315282064534,20.449697134683362,19.936315282064534,20.021879196166992,61000,0.0,0.0
2020-08-11 00:00:00+08:00,19.765188906332373,20.107442927637663,19.765188906332373,19.80797004699707,53000,0.0,0.0
2020-08-12 00:00:00+08:00,19.636847224181743,19.722409520203023,19.422938220136174,19.679628372192383,98000,0.0,0.0
2020-08-13 00:00:00+08:00,19.679624116265295,19.765188025778656,19.337370110207672,19.551279067993164,96000,0.0,0.0
2020-08-14 00:00:00+08:00,19.55127975755951,19.80796986315713,19.508496985295977,19.59406089782715,107000,0.0,0.0
2020-08-17 00:00:00+08:00,19.422938220136174,19.85075622822731,19.422938220136174,19.679628372192383,169000,0.0,0.0
2020-08-18 00:00:00+08:00,19.551280543799955,19.551280543799955,19.380152711855835,19.422935485839844,101000,0.0,0.0
2020-08-19 00:00:00+08:00,19.422935485839844,19.508497769815946,19.294588795883772,19.422935485839844,78000,0.0,0.0
2020-08-20 00:00:00+08:00,19.337371371888832,19.337371371888832,18.39617156982422,18.39617156982422,168000,0.0,0.0
2020-08-21 00:00:00+08:00,18.738426377033225,18.99511813299018,18.48173625307228,18.952335357666016,74000,0.0,0.0
2020-08-24 00:00:00+08:00,19.59406295889882,19.59406295889882,18.524518019745,18.56730079650879,105000,0.0,0.0
2020-08-25 00:00:00+08:00,18.610080284364482,18.73842533923678,18.353390174619893,18.481735229492188,176000,0.0,0.0
2020-08-26 00:00:00+08:00,19.380153917633493,19.380153917633493,18.82399087720616,19.29458999633789,125000,0.0,0.0
2020-08-27 00:00:00+08:00,19.508497686810713,21.21976947098695,19.508497686810713,20.449697494506836,565000,0.0,0.0
2020-08-28 00:00:00+08:00,20.44969881573219,20.44969881573219,19.893535776341217,20.107444763183594,149000,0.0,0.0
2020-08-31 00:00:00+08:00,20.10744638028352,20.10744638028352,19.636847224181743,19.679628372192383,88000,0.0,0.0
2020-09-01 00:00:00+08:00,19.679624306821214,19.765188217163086,19.551279257306334,19.765188217163086,58000,0.0,0.0
2020-09-02 00:00:00+08:00,19.72240631280635,20.10744311026945,19.67962517175308,20.021879196166992,76000,0.0,0.0
2020-09-03 00:00:00+08:00,19.893534753220678,19.893534753220678,19.55128071827414,19.636844635009766,144000,0.0,0.0
2020-09-04 00:00:00+08:00,19.337374000580002,19.337374000580002,18.866773219577023,19.25181007385254,144000,0.0,0.0
2020-09-07 00:00:00+08:00,19.166243391555494,20.107443186247096,19.123462250340573,19.7224063873291,173000,0.0,0.0
2020-09-08 00:00:00+08:00,19.722405815796627,20.877514547080978,19.722405815796627,20.19300651550293,145000,0.0,0.0
2020-09-09 00:00:00+08:00,18.781208731645435,19.636844635009766,18.781208731645435,19.636844635009766,173000,0.0,0.0
2020-09-10 00:00:00+08:00,19.67962560176007,19.85075343370419,19.33737156986778,19.422935485839844,111000,0.0,0.0
2020-09-11 00:00:00+08:00,19.33737156986778,19.508497769815946,19.20902651190767,19.422935485839844,34000,0.0,0.0
2020-09-14 00:00:00+08:00,19.294589477682685,19.465717315673828,18.866771514700844,19.465717315673828,63000,0.0,0.0
2020-09-15 00:00:00+08:00,19.59406071195807,19.59406071195807,19.380151748657227,19.380151748657227,24000,0.0,0.0
2020-09-16 00:00:00+08:00,19.166244930392516,19.4657178389291,19.166244930392516,19.29458999633789,37000,0.0,0.0
2020-09-17 00:00:00+08:00,19.251808334182908,19.465717315673828,19.166244415187336,19.465717315673828,39000,0.0,0.0
2020-09-18 00:00:00+08:00,19.294589051620807,19.42293574327803,19.25180790906572,19.337371826171875,33000,0.0,0.0
2020-09-21 00:00:00+08:00,19.29459122121819,19.337374000580002,19.209028926486887,19.25181007385254,17000,0.0,0.0
2020-09-22 00:00:00+08:00,19.25181007385254,19.29459122121819,19.25181007385254,19.25181007385254,17000,0.0,0.0
2020-09-23 00:00:00+08:00,19.337370421266776,19.337370421266776,19.166242599487305,19.166242599487305,42000,0.0,0.0
2020-09-24 00:00:00+08:00,19.380149666464522,19.42293243372566,18.86676788330078,18.86676788330078,70000,0.0,0.0
2020-09-25 00:00:00+08:00,18.823991775512695,18.823991775512695,18.43895492730603,18.823991775512695,59000,0.0,0.0
2020-09-28 00:00:00+08:00,18.82399071745563,18.9523357823118,18.610081732029997,19.08068084716797,29000,0.0,0.0
2020-09-29 00:00:00+08:00,18.823990295685544,18.952335357666016,18.65286245838091,18.952335357666016,14000,0.0,0.0
2020-09-30 00:00:00+08:00,18.695646551024033,18.781210475705294,18.567301480000204,18.610082626342773,37000,0.0,0.0
2020-10-05 00:00:00+08:00,18.5672994976442,18.90955352783203,18.5672994976442,18.90955352783203,21000,0.0,0.0
2020-10-06 00:00:00+08:00,18.78120744847728,19.209025370930103,18.78120744847728,19.166242599487305,149000,0.0,0.0
2020-10-07 00:00:00+08:00,19.03789970288126,19.25180868830689,18.99511855859455,19.08068084716797,55000,0.0,0.0
2020-10-08 00:00:00+08:00,19.251807305981263,20.535261126380014,19.209026164766343,19.7224063873291,376000,0.0,0.0
2020-10-12 00:00:00+08:00,19.722405255024057,20.193005941349643,19.422934019721037,19.551279067993164,131000,0.0,0.0
2020-10-13 00:00:00+08:00,19.893534753220678,20.193007645797387,19.55128071827414,19.636844635009766,69000,0.0,0.0
2020-10-14 00:00:00+08:00,19.679628372192383,19.722409520203023,19.337374292118707,19.679628372192383,68000,0.0,0.0
2020-10-15 00:00:00+08:00,19.679628372192383,19.765192300209847,19.46571936814681,19.679628372192383,74000,0.0,0.0
2020-10-16 00:00:00+08:00,19.508499145507812,19.679626989519456,19.20902786648155,19.508499145507812,77000,0.0,0.0
2020-10-19 00:00:00+08:00,20.193005941349643,20.235787080108405,19.508496297238565,19.551279067993164,54000,0.0,0.0
2020-10-20 00:00:00+08:00,19.679625777379595,19.679625777379595,19.337371742433056,19.636844635009766,28000,0.0,0.0
2020-10-21 00:00:00+08:00,19.42293617217405,19.63684515366497,19.42293617217405,19.465717315673828,36000,0.0,0.0
2020-10-22 00:00:00+08:00,19.337374000580002,19.551283001400588,19.29459122121819,19.25181007385254,32000,0.0,0.0
2020-10-23 00:00:00+08:00,19.209024677454064,19.465714768860497,19.12346076965332,19.12346076965332,44000,0.0,0.0
2020-10-26 00:00:00+08:00,19.1662440775685,19.1662440775685,18.952335099845644,19.037899017333984,28000,0.0,0.0
2020-10-27 00:00:00+08:00,19.251805815356537,19.29458695325901,18.995115723950104,19.12346076965332,23000,0.0,0.0
2020-10-28 00:00:00+08:00,18.995117874587805,19.08068016008016,18.866771182357308,19.037899017333984,61000,0.0,0.0
2020-10-29 00:00:00+08:00,18.82399003961113,19.12346293482232,18.82399003961113,19.037899017333984,32000,0.0,0.0
2020-10-30 00:00:00+08:00,19.080680072452218,19.080680072452218,18.524517059326172,18.524517059326172,85000,0.0,0.0
2020-11-02 00:00:00+08:00,18.61007856530373,18.82398751433021,18.56729742829674,18.695642471313477,55000,0.0,0.0
2020-11-03 00:00:00+08:00,18.69564532435974,19.1234632876998,18.567300261756927,18.652862548828125,53000,0.0,0.0
2020-11-04 00:00:00+08:00,18.99511813299018,19.166244338298807,18.695645233705072,18.952335357666016,191000,0.0,0.0
2020-11-05 00:00:00+08:00,18.823990295685544,18.90955421433786,18.781209152357388,18.952335357666016,105000,0.0,0.0
2020-11-06 00:00:00+08:00,18.823991090813948,18.99511893534705,18.69564602341216,18.78120994567871,88000,0.0,0.0
2020-11-09 00:00:00+08:00,18.95233501519217,19.42293574327803,18.823989955530926,19.337371826171875,158000,0.0,0.0
2020-11-10 00:00:00+08:00,19.59406020675193,19.85075193529202,19.38015124896644,19.551279067993164,158000,0.0,0.0
2020-11-11 00:00:00+08:00,19.679626989519456,19.679626989519456,19.337372933492244,19.508499145507812,83000,0.0,0.0
2020-11-12 00:00:00+08:00,19.508500222038773,19.508500222038773,19.25181007385254,19.25181007385254,45000,0.0,0.0
2020-11-13 00:00:00+08:00,19.25180868830689,19.25180868830689,18.82399071745563,19.08068084716797,46000,0.0,0.0
2020-11-16 00:00:00+08:00,19.422934332156515,19.422934332156515,19.166242599487305,19.166242599487305,37000,0.0,0.0
2020-11-17 00:00:00+08:00,19.080681009096914,19.679626826170075,19.080681009096914,19.29458999633789,114000,0.0,0.0
2020-11-18 00:00:00+08:00,19.209026766510632,19.380152968726964,19.209026766510632,19.337371826171875,48000,0.0,0.0
2020-11-19 00:00:00+08:00,19.33737156986778,19.59406168578801,19.25180765389572,19.422935485839844,84000,0.0,0.0
2020-11-20 00:00:00+08:00,19.508498028388207,19.55128080293927,19.209026766510632,19.337371826171875,45000,0.0,0.0
2020-11-23 00:00:00+08:00,19.337371826171875,19.42293574327803,19.209026766510632,19.337371826171875,78000,0.0,0.0
2020-11-24 00:00:00+08:00,19.55127957209625,19.55127957209625,19.380151748657227,19.380151748657227,51000,0.0,0.0
2020-11-25 00:00:00+08:00,19.508497417262642,20.15022432746202,19.465716276047722,19.7224063873291,300000,0.0,0.0
2020-11-26 00:00:00+08:00,19.807972654107974,21.690372467041016,19.807972654107974,21.690372467041016,1083000,0.0,0.0
2020-11-27 00:00:00+08:00,22.588789195264344,23.70111693121058,22.374880203581924,23.31608009338379,3480000,0.0,0.0
2020-11-30 00:00:00+08:00,23.05938894753591,23.743897038180545,22.80269718954716,22.84547996520996,911000,0.0,0.0
2020-12-01 00:00:00+08:00,22.63157098288401,23.701115894513766,22.63157098288401,22.84547996520996,625000,0.0,0.0
2020-12-02 00:00:00+08:00,23.444420931974634,23.529984839608737,22.88825798034668,22.88825798034668,371000,0.0,0.0
2020-12-03 00:00:00+08:00,22.931039828962156,23.059386510389583,21.818713891227336,21.904277801513672,455000,0.0,0.0
2020-12-04 00:00:00+08:00,21.73315411756784,21.73315411756784,21.005863189697266,21.005863189697266,556000,0.0,0.0
2020-12-07 00:00:00+08:00,21.348118895986588,21.348118895986588,20.96308204240918,21.005863189697266,278000,0.0,0.0
2020-12-08 00:00:00+08:00,21.219771545946674,21.90428130574902,21.134209253967974,21.476463317871094,253000,0.0,0.0
2020-12-09 00:00:00+08:00,21.476463969847003,21.64759019099551,21.005863189697266,21.005863189697266,289000,0.0,0.0
2020-12-10 00:00:00+08:00,20.749171622907344,20.963080608710513,20.406917572021484,20.406917572021484,245000,0.0,0.0
2020-12-11 00:00:00+08:00,20.79195070513543,20.79195070513543,19.679624742077245,19.89353370666504,246000,0.0,0.0
2020-12-14 00:00:00+08:00,19.893535776341217,20.193008684319757,19.893535776341217,20.107444763183594,157000,0.0,0.0
2020-12-15 00:00:00+08:00,20.7491707464375,20.7491707464375,19.25180790906572,19.337371826171875,302000,0.0,0.0
2020-12-16 00:00:00+08:00,19.679624675821454,20.278570427449154,19.508496851929003,20.19300651550293,208000,0.0,0.0
2020-12-17 00:00:00+08:00,19.979098232743286,20.535261231360103,19.979098232743286,20.235788345336914,76000,0.0,0.0
2020-12-18 00:00:00+08:00,20.021879374176912,20.235788345336914,20.021879374176912,20.235788345336914,69000,0.0,0.0
2020-12-21 00:00:00+08:00,20.10744482479737,20.7491717872909,20.064663680096224,20.620826721191406,140000,0.0,0.0
2020-12-22 00:00:00+08:00,20.920299778613675,20.920299778613675,18.65286318944175,19.508499145507812,120000,0.0,0.0
2020-12-23 00:00:00+08:00,20.40691820644254,20.449699352134758,19.807972374774906,19.936317443847656,73000,0.0,0.0
2020-12-24 00:00:00+08:00,19.936317443847656,20.193009213989257,19.807972374774906,19.936317443847656,140000,0.0,0.0
2020-12-25 00:00:00+08:00,19.979099697477377,20.492481592298297,19.979099697477377,20.107444763183594,186000,0.0,0.0
2020-12-28 00:00:00+08:00,20.06466361861354,20.27857260545592,20.02188084204743,20.107444763183594,74000,0.0,0.0
2020-12-29 00:00:00+08:00,20.06466146358153,20.449696619345726,20.06466146358153,20.19300651550293,86000,0.0,0.0
2020-12-30 00:00:00+08:00,20.235790517063577,20.278573295084634,20.107445446992635,20.150226593017578,49000,0.0,0.0
2020-12-31 00:00:00+08:00,20.193008845622074,20.321353912353516,19.594063024880597,20.321353912353516,167000,0.0,0.0
2021-01-04 00:00:00+08:00,20.064661969216182,20.449697134683362,19.850752999957997,20.021879196166992,149000,0.0,0.0
2021-01-05 00:00:00+08:00,20.021880744777363,20.406917572021484,19.979099600415147,20.406917572021484,156000,0.0,0.0
2021-01-06 00:00:00+08:00,20.406915993630093,20.406915993630093,19.807970226908807,20.021879196166992,276000,0.0,0.0
2021-01-07 00:00:00+08:00,20.107442671252837,20.107442671252837,19.76518865431154,19.89353370666504,85000,0.0,0.0
2021-01-08 00:00:00+08:00,19.89353737623795,20.10744638028352,19.50850051615745,19.679628372192383,120000,0.0,0.0
2021-01-11 00:00:00+08:00,19.765188535397094,19.765188535397094,19.08067887363687,19.380151748657227,229000,0.0,0.0
2021-01-12 00:00:00+08:00,19.4657178389291,19.50849898357887,19.166244930392516,19.29458999633789,153000,0.0,0.0
2021-01-13 00:00:00+08:00,19.42293617217405,19.5512812346694,19.33737225317848,19.465717315673828,50000,0.0,0.0
2021-01-14 00:00:00+08:00,19.936315895590504,19.936315895590504,19.380152884802882,19.636844635009766,130000,0.0,0.0
2021-01-15 00:00:00+08:00,19.67962629716475,19.67962629716475,19.080680496191764,19.465717315673828,196000,0.0,0.0
2021-01-18 00:00:00+08:00,19.251808334182908,19.465717315673828,18.823990371201063,19.465717315673828,57000,0.0,0.0
2021-01-19 00:00:00+08:00,19.337374000580002,19.380155147945658,19.25181007385254,19.25181007385254,104000,0.0,0.0
2021-01-20 00:00:00+08:00,19.251809770410713,19.251809770410713,18.78121062882135,18.823991775512695,515000,0.0,0.0
2021-01-21 00:00:00+08:00,18.9095551718636,19.59406329175166,18.866772394373044,18.995119094848633,187000,0.0,0.0
2021-01-22 00:00:00+08:00,18.995119626270355,19.209028623719362,18.695646703442517,18.823991775512695,229000,0.0,0.0
2021-01-25 00:00:00+08:00,18.995117443377975,18.995117443377975,18.652861781194197,18.90955352783203,119000,0.0,0.0
2021-01-26 00:00:00+08:00,18.909553167063784,18.909553167063784,18.43895245653748,18.481735229492188,107000,0.0,0.0
2021-01-27 00:00:00+08:00,18.52451785690152,18.52451785690152,18.310608870951167,18.353391647338867,61000,0.0,0.0
2021-01-28 00:00:00+08:00,18.096700199542376,19.20902792501539,18.096700199542376,18.78120994567871,459000,0.0,0.0
2021-01-29 00:00:00+08:00,18.65286275423355,18.695645530236288,18.096699722166207,18.139482498168945,343000,0.0,0.0
2021-02-01 00:00:00+08:00,18.13948091270517,18.39617101830172,17.754444122314453,17.754444122314453,224000,0.0,0.0
2021-02-02 00:00:00+08:00,17.797227333855215,18.011136324079416,17.754446188608807,17.968355178833008,63000,0.0,0.0
2021-02-03 00:00:00+08:00,17.968355178833008,18.053919101321906,17.840010111097705,17.968355178833008,164000,0.0,0.0
2021-02-04 00:00:00+08:00,17.840008470504216,18.011134667748912,17.797225697196094,17.882789611816406,56000,0.0,0.0
2021-02-05 00:00:00+08:00,17.882789611816406,17.882789611816406,17.840008470504216,17.882789611816406,54000,0.0,0.0
2021-02-17 00:00:00+08:00,17.882789611816406,18.396171467542356,17.840008470504216,17.882789611816406,115000,0.0,0.0
2021-02-18 00:00:00+08:00,17.96835481982981,18.48173671250987,17.96835481982981,18.353391647338867,101000,0.0,0.0
2021-02-19 00:00:00+08:00,18.396172423622495,18.652862548828125,18.396172423622495,18.652862548828125,73000,0.0,0.0
2021-02-22 00:00:00+08:00,18.823990386962556,18.90955430602977,18.567300261756927,18.652862548828125,194000,0.0,0.0
2021-02-23 00:00:00+08:00,18.78120811219149,18.78120811219149,18.396171315578684,18.481735229492188,110000,0.0,0.0
2021-02-24 00:00:00+08:00,18.652862118971264,18.652862118971264,18.39617199968108,18.524517059326172,92000,0.0,0.0
2021-02-25 00:00:00+08:00,18.524518019745,18.652863086044245,18.43895409821348,18.56730079650879,69000,0.0,0.0
2021-02-26 00:00:00+08:00,18.567298172466153,18.738424359348542,18.43895149230957,18.43895149230957,110000,0.0,0.0
2021-03-02 00:00:00+08:00,18.481735046995837,18.56729896006445,18.267826080322266,18.267826080322266,113000,0.0,0.0
2021-03-03 00:00:00+08:00,18.267826334915384,18.267826334915384,18.01113459213212,18.182262420654297,56000,0.0,0.0
2021-03-04 00:00:00+08:00,18.096699722166207,18.267827562185097,18.0539185781595,18.139482498168945,70000,0.0,0.0
2021-03-05 00:00:00+08:00,17.882790996014386,18.139482759744272,17.840009851390768,18.053918838500977,50000,0.0,0.0
2021-03-08 00:00:00+08:00,18.05391631032548,19.850751876831055,18.05391631032548,19.850751876831055,939000,0.0,0.0
2021-03-09 00:00:00+08:00,19.850754668761283,21.39089872409791,18.396172902724203,19.29458999633789,1982000,0.0,0.0
2021-03-10 00:00:00+08:00,19.166243737923658,19.979098491664306,19.166243737923658,19.422935485839844,319000,0.0,0.0
2021-03-11 00:00:00+08:00,19.251808851688118,19.679626826170075,19.251808851688118,19.29458999633789,259000,0.0,0.0
2021-03-12 00:00:00+08:00,19.63684403069981,20.53526104878582,18.866770435773606,20.021879196166992,479000,0.0,0.0
2021-03-15 00:00:00+08:00,20.449697494506836,20.834734298744866,20.27857129528678,20.449697494506836,595000,0.0,0.0
2021-03-16 00:00:00+08:00,20.620826126242203,20.877516251035207,20.27857208251953,20.27857208251953,316000,0.0,0.0
2021-03-17 00:00:00+08:00,20.32135112424574,20.53526008344833,19.93631434488275,20.064661026000977,135000,0.0,0.0
2021-03-18 00:00:00+08:00,20.150225907753647,20.44969881573219,20.02188084204743,20.107444763183594,165000,0.0,0.0
2021-03-19 00:00:00+08:00,20.15022643630094,20.15022643630094,19.722408451394372,19.936317443847656,153000,0.0,0.0
2021-03-22 00:00:00+08:00,20.364132846615906,20.406915618879438,19.55127975755951,19.59406089782715,270000,0.0,0.0
2021-03-23 00:00:00+08:00,19.76519021616032,19.76519021616032,19.42293617217405,19.465717315673828,107000,0.0,0.0
2021-03-24 00:00:00+08:00,19.636843483815763,19.636843483815763,19.294587836937712,19.380151748657227,94000,0.0,0.0
2021-03-25 00:00:00+08:00,19.59406168578801,19.893534575692243,19.33737156986778,19.422935485839844,224000,0.0,0.0
2021-03-26 00:00:00+08:00,19.508498028388207,19.508498028388207,19.294589051620807,19.337371826171875,106000,0.0,0.0
2021-03-29 00:00:00+08:00,19.59406194549436,19.679625862600513,19.25180790906572,19.337371826171875,135000,0.0,0.0
2021-03-30 00:00:00+08:00,19.465716627827895,19.551280543799955,19.25180765389572,19.422935485839844,135000,0.0,0.0
2021-03-31 00:00:00+08:00,19.42293574327803,19.465716885833118,19.25180790906572,19.337371826171875,109000,0.0,0.0
2021-04-01 00:00:00+08:00,19.551279010414156,20.19300588188073,19.465715101152778,19.850751876831055,438000,0.0,0.0
2021-04-07 00:00:00+08:00,20.021879014312365,20.064661786972966,19.765188906332373,19.80797004699707,228000,0.0,0.0
2021-04-08 00:00:00+08:00,19.807969727742854,20.278570427449154,19.679624675821454,20.19300651550293,330000,0.0,0.0
2021-04-09 00:00:00+08:00,20.107442927637663,20.193006840962962,19.72240613367177,19.80797004699707,351000,0.0,0.0
2021-04-12 00:00:00+08:00,20.02187831619285,20.235787276049603,19.679624306821214,19.765188217163086,396000,0.0,0.0
2021-04-13 00:00:00+08:00,19.76518933742069,19.936315535807726,19.209026336669922,19.209026336669922,460000,0.0,0.0
2021-04-14 00:00:00+08:00,19.251809770410713,19.29459091710206,18.48173770599351,18.823991775512695,353000,0.0,0.0
2021-04-15 00:00:00+08:00,18.823989612286088,19.080679726927972,18.73842569674014,18.90955352783203,198000,0.0,0.0
2021-04-16 00:00:00+08:00,18.82399003961113,19.1662440775685,18.82399003961113,19.037899017333984,71000,0.0,0.0
2021-04-19 00:00:00+08:00,19.209027190683127,19.594062378169177,19.037899352691987,19.465717315673828,273000,0.0,0.0
2021-04-20 00:00:00+08:00,19.67962481035832,19.8935337756883,19.4229347047607,19.59406089782715,291000,0.0,0.0
2021-04-21 00:00:00+08:00,19.59406444417492,19.679628372192383,19.46571936814681,19.679628372192383,160000,0.0,0.0
2021-04-22 00:00:00+08:00,19.72240922285936,19.76519200222117,19.25181007385254,19.25181007385254,387000,0.0,0.0
2021-04-23 00:00:00+08:00,19.25180651037704,19.465715471603453,19.123461460040367,19.166242599487305,279000,0.0,0.0
2021-04-26 00:00:00+08:00,19.337371393459186,19.508497591846222,19.209026336669922,19.209026336669922,187000,0.0,0.0
2021-04-27 00:00:00+08:00,19.46571907467312,19.46571907467312,19.166246147125072,19.25181007385254,245000,0.0,0.0
2021-04-28 00:00:00+08:00,19.465717315673828,19.465717315673828,19.251808334182908,19.465717315673828,170000,0.0,0.0
2021-04-29 00:00:00+08:00,19.59406071195807,19.59406071195807,19.251806697075896,19.380151748657227,113000,0.0,0.0
2021-05-03 00:00:00+08:00,19.33737200167927,19.33737200167927,18.738426208496094,18.738426208496094,206000,0.0,0.0
2021-05-04 00:00:00+08:00,18.738426208496094,18.909554044261572,18.13948204730891,18.738426208496094,468000,0.0,0.0
2021-05-05 00:00:00+08:00,18.738426208496094,18.99511796214431,18.738426208496094,18.738426208496094,60000,0.0,0.0
2021-05-06 00:00:00+08:00,18.82399012637883,18.99511796214431,18.69564506555272,18.738426208496094,72000,0.0,0.0
2021-05-07 00:00:00+08:00,18.738424858754694,19.508496800238557,18.13948074070986,19.380151748657227,156000,0.0,0.0
2021-05-10 00:00:00+08:00,19.636843293382924,19.636843293382924,19.123461460040367,19.166242599487305,123000,0.0,0.0
2021-05-11 00:00:00+08:00,18.90955468441058,19.166244814752588,18.225044950171817,18.353391647338867,175000,0.0,0.0
2021-05-12 00:00:00+08:00,18.053914847779307,18.396168825103015,17.11271518614234,17.5405330657959,503000,0.0,0.0
2021-05-13 00:00:00+08:00,17.112716425943773,17.412189289796952,16.556553468499764,17.198280334472656,197000,0.0,0.0
2021-05-14 00:00:00+08:00,17.198283028615265,17.454973162417076,16.856028972880825,16.941591262817383,117000,0.0,0.0
2021-05-17 00:00:00+08:00,15.658136999213797,16.257082808100108,15.273101806640625,15.273101806640625,282000,0.0,0.0
2021-05-18 00:00:00+08:00,15.273098589171981,16.428207187545535,15.273098589171981,16.214298248291016,114000,0.0,0.0
2021-05-19 00:00:00+08:00,16.21430058945642,16.642118529737637,16.21430058945642,16.3426456451416,19000,0.0,0.0
2021-05-20 00:00:00+08:00,16.299860304551988,16.299860304551988,15.957606332634057,16.000389099121094,48000,0.0,0.0
2021-05-21 00:00:00+08:00,16.21430232694458,16.257083472758662,16.000393333881966,16.128738403320312,38000,0.0,0.0
2021-05-24 00:00:00+08:00,16.257083892822266,16.29986503974176,16.085956041151995,16.257083892822266,37000,0.0,0.0
2021-05-25 00:00:00+08:00,16.257079990713052,16.984370737749366,16.257079990713052,16.85602569580078,94000,0.0,0.0
2021-05-26 00:00:00+08:00,16.85602881131422,16.85602881131422,16.42821083774783,16.72768211364746,33000,0.0,0.0
2021-05-27 00:00:00+08:00,16.513771585942074,16.513771585942074,16.171517565424352,16.42820930480957,55000,0.0,0.0
2021-05-28 00:00:00+08:00,16.642118271632633,16.642118271632633,16.342645391681163,16.42820930480957,58000,0.0,0.0
2021-05-31 00:00:00+08:00,16.470990625847644,16.684899595014496,16.470990625847644,16.642118453979492,78000,0.0,0.0
2021-06-01 00:00:00+08:00,16.68490070964048,16.89880969309741,16.68490070964048,16.81324577331543,24000,0.0,0.0
2021-06-02 00:00:00+08:00,17.02715518475001,17.02715518475001,16.72768227398385,16.941591262817383,50000,0.0,0.0
2021-06-03 00:00:00+08:00,17.02715492248535,17.112718843100062,16.94159100187064,17.02715492248535,50000,0.0,0.0
2021-06-04 00:00:00+08:00,17.02715492248535,17.02715492248535,16.94159100187064,17.02715492248535,22000,0.0,0.0
2021-06-07 00:00:00+08:00,16.770463943481445,16.770463943481445,16.68490002719918,16.770463943481445,26000,0.0,0.0
2021-06-08 00:00:00+08:00,16.51377202062323,16.68489985138452,16.342645821857875,16.556554794311523,42000,0.0,0.0
2021-06-09 00:00:00+08:00,16.385426007544186,16.513771057128906,16.385426007544186,16.513771057128906,48000,0.0,0.0
2021-06-10 00:00:00+08:00,16.470989917932616,16.513771057128906,16.342644868347893,16.513771057128906,43000,0.0,0.0
2021-06-11 00:00:00+08:00,16.428208778736323,16.513771057128906,16.385426007544186,16.513771057128906,47000,0.0,0.0
2021-06-15 00:00:00+08:00,16.42821083774783,16.72768211364746,16.085955153297874,16.72768211364746,42000,0.0,0.0
2021-06-16 00:00:00+08:00,16.38542653224742,16.42820930480957,16.214300337986508,16.42820930480957,72000,0.0,0.0
2021-06-17 00:00:00+08:00,16.385428965576896,16.385428965576896,16.21430274590277,16.257083892822266,74000,0.0,0.0
2021-06-18 00:00:00+08:00,16.25708267160181,16.299863815307617,16.12873760848837,16.299863815307617,91000,0.0,0.0
2021-06-21 00:00:00+08:00,16.257081807454426,16.257081807454426,15.914827780012468,16.04317283630371,97000,0.0,0.0
2021-06-22 00:00:00+08:00,16.04317432232981,16.04317432232981,15.78648418597097,15.91482925415039,98000,0.0,0.0
2021-06-23 00:00:00+08:00,15.91482664220166,15.957607780574847,15.7009176863441,15.829262733459473,98000,0.0,0.0
2021-06-24 00:00:00+08:00,15.829265895642731,16.59933796416666,15.7009208228881,16.257083892822266,224000,0.0,0.0
2021-06-25 00:00:00+08:00,16.257082503180097,16.2998636464427,16.085954666137695,16.085954666137695,72000,0.0,0.0
2021-06-28 00:00:00+08:00,16.00039254537493,16.299863815307617,16.00039254537493,16.299863815307617,103000,0.0,0.0
2021-06-29 00:00:00+08:00,16.428207187545535,16.428207187545535,16.08595157914175,16.214298248291016,118000,0.0,0.0
2021-06-30 00:00:00+08:00,16.171517565424352,16.684899412198885,16.171517565424352,16.42820930480957,61000,0.0,0.0
2021-07-01 00:00:00+08:00,16.428210340222503,16.428210340222503,16.085954666137695,16.085954666137695,115000,0.0,0.0
2021-07-02 00:00:00+08:00,16.385426007544186,16.684898877905766,16.214299818763173,16.513771057128906,230000,0.0,0.0
2021-07-05 00:00:00+08:00,17.112718722047674,18.139482498168945,16.727681898003187,18.139482498168945,812000,0.0,0.0
2021-07-06 00:00:00+08:00,18.139483212836947,19.936317443847656,18.011136511768097,19.936317443847656,2438000,0.0,0.0
2021-07-07 00:00:00+08:00,20.62082458420942,20.62082458420942,19.209025739430718,19.59406089782715,1707000,0.0,0.0
2021-07-08 00:00:00+08:00,19.20902786648155,19.850754833531095,19.20902786648155,19.508499145507812,353000,0.0,0.0
2021-07-09 00:00:00+08:00,19.166245308822603,19.59406329175166,18.652863402908515,18.995119094848633,257000,0.0,0.0
2021-07-12 00:00:00+08:00,19.03789773377505,19.765188535397094,18.39617084387252,19.380151748657227,625000,0.0,0.0
2021-07-13 00:00:00+08:00,20.44969597766903,20.963077801241454,19.679624058308306,19.850751876831055,1438000,0.0,0.0
2021-07-14 00:00:00+08:00,19.850755152463222,20.53526327551529,19.679627305702155,19.936317443847656,473000,0.0,0.0
2021-07-15 00:00:00+08:00,19.936315717680298,19.936315717680298,19.20902651190767,19.422935485839844,303000,0.0,0.0
2021-07-16 00:00:00+08:00,19.33737277298372,19.5512817602247,18.866772021855933,19.29458999633789,221000,0.0,0.0
2021-07-19 00:00:00+08:00,18.995119094848633,19.20902808631316,18.823991248878574,18.995119094848633,355000,0.0,0.0
2021-07-20 00:00:00+08:00,19.636846928128055,20.107446077134874,18.9951199256663,19.25181007385254,486000,0.0,0.0
2021-07-21 00:00:00+08:00,19.380155147945658,19.59406414876624,19.12346499975942,19.25181007385254,329000,0.0,0.0
2021-07-22 00:00:00+08:00,19.59406071195807,20.19300646199878,19.380151748657227,19.380151748657227,557000,0.0,0.0
2021-07-23 00:00:00+08:00,19.6796254222292,19.6796254222292,19.08067964788472,19.209026336669922,175000,0.0,0.0
2021-07-26 00:00:00+08:00,19.25181007385254,19.508500222038773,19.25181007385254,19.25181007385254,158000,0.0,0.0
2021-07-27 00:00:00+08:00,19.5940618545534,21.17698860168457,19.5940618545534,21.17698860168457,2699000,0.0,0.0
2021-07-28 00:00:00+08:00,20.706389140535187,20.791951423730737,19.08067964788472,19.209026336669922,2716000,0.0,0.0
2021-07-29 00:00:00+08:00,19.20902651190767,19.508497769815946,19.037898679963547,19.422935485839844,398000,0.0,0.0
2021-07-30 00:00:00+08:00,19.508499204954205,19.508499204954205,18.69564602341216,18.78120994567871,412000,0.0,0.0
2021-08-02 00:00:00+08:00,19.080681919653053,19.080681919653053,18.56730163137234,18.823991775512695,166000,0.0,0.0
2021-08-03 00:00:00+08:00,19.166245308822603,19.25180923180763,18.9095551718636,18.995119094848633,159000,0.0,0.0
2021-08-04 00:00:00+08:00,19.209024677454064,19.251805815356537,18.90955181614936,19.12346076965332,150000,0.0,0.0
2021-08-05 00:00:00+08:00,19.08068007485341,19.508498028388207,19.08068007485341,19.337371826171875,318000,0.0,0.0
2021-08-06 00:00:00+08:00,19.422935659168683,20.10744372906176,19.080679992226173,19.636844635009766,533000,0.0,0.0
2021-08-09 00:00:00+08:00,19.209024636643573,19.209024636643573,17.968352056158146,18.011133193969727,661000,0.0,0.0
2021-08-10 00:00:00+08:00,18.011134667748912,18.43895260885455,17.882789611816406,17.882789611816406,263000,0.0,0.0
2021-08-11 00:00:00+08:00,17.540535661480597,18.13948143442709,17.540535661480597,17.583316802978516,320000,0.0,0.0
2021-08-12 00:00:00+08:00,17.88279040466078,17.88279040466078,17.66888142462418,17.7116641998291,168000,0.0,0.0
2021-08-13 00:00:00+08:00,17.882790496695293,17.882790496695293,17.41219139099121,17.41219139099121,189000,0.0,0.0
2021-08-16 00:00:00+08:00,17.412188632241815,17.412188632241815,16.6848978852055,16.85602569580078,209000,0.0,0.0
2021-08-17 00:00:00+08:00,17.19828189289681,17.19828189289681,16.599336110916916,16.770463943481445,39000,0.0,0.0
2021-08-18 00:00:00+08:00,16.72768192238032,17.326627731323242,16.513772938042997,17.326627731323242,145000,0.0,0.0
2021-08-19 00:00:00+08:00,17.198282157406933,17.198282157406933,16.684900283813477,16.684900283813477,80000,0.0,0.0
2021-08-20 00:00:00+08:00,16.770464201411716,16.856028119009956,16.385427388217625,16.684900283813477,119000,0.0,0.0
2021-08-23 00:00:00+08:00,17.283845809179073,17.283845809179073,16.428209910348347,16.770463943481445,116000,0.0,0.0
2021-08-24 00:00:00+08:00,16.770464027127176,16.770464027127176,16.470991134643555,16.470991134643555,100000,0.0,0.0
2021-08-25 00:00:00+08:00,16.556554968773764,16.770463943481445,16.4709910524915,16.770463943481445,59000,0.0,0.0
2021-08-26 00:00:00+08:00,16.556555223414108,16.684900283813477,16.556555223414108,16.684900283813477,28000,0.0,0.0
2021-08-27 00:00:00+08:00,16.68489994690018,17.54053584161301,16.68489994690018,17.069936752319336,123000,0.0,0.0
2021-08-30 00:00:00+08:00,16.856027778641128,17.112717894256594,16.856027778641128,17.069936752319336,25000,0.0,0.0
2021-08-31 00:00:00+08:00,16.898808920578386,17.069936752319336,16.770463862770654,17.069936752319336,33000,0.0,0.0
2021-09-01 00:00:00+08:00,17.19828189289681,17.19828189289681,16.770463943481445,16.770463943481445,70000,0.0,0.0
2021-09-02 00:00:00+08:00,16.898809261811085,16.898809261811085,16.556555223414108,16.684900283813477,44000,0.0,0.0
2021-09-03 00:00:00+08:00,16.98437387698493,16.98437387698493,16.599337047976753,16.72768211364746,49000,0.0,0.0
2021-09-06 00:00:00+08:00,16.727680017102056,16.770462788294196,16.513771057128906,16.513771057128906,143000,0.0,0.0
2021-09-07 00:00:00+08:00,16.428211744492536,16.428211744492536,16.257083892822266,16.257083892822266,74000,0.0,0.0
2021-09-08 00:00:00+08:00,16.25708173068617,16.770463585422817,16.128736675000994,16.3426456451416,62000,0.0,0.0
2021-09-09 00:00:00+08:00,16.257082077783817,16.770463943481445,16.257082077783817,16.770463943481445,55000,0.0,0.0
2021-09-10 00:00:00+08:00,16.898809001906862,16.898809001906862,16.599336110916916,16.770463943481445,53000,0.0,0.0
2021-09-13 00:00:00+08:00,16.599337047976753,16.81324603475995,16.470991982306046,16.72768211364746,49000,0.0,0.0
2021-09-14 00:00:00+08:00,16.72768227398385,17.02715518475001,16.68490112901557,16.941591262817383,56000,0.0,0.0
2021-09-15 00:00:00+08:00,16.81324603475995,16.941591100430657,16.68490096908924,16.72768211364746,81000,0.0,0.0
2021-09-16 00:00:00+08:00,16.642116748554557,16.94158796910267,16.642116748554557,16.85602569580078,25000,0.0,0.0
2021-09-17 00:00:00+08:00,16.856026387228955,16.898807525634766,16.727679708019885,16.898807525634766,26000,0.0,0.0
2021-09-22 00:00:00+08:00,16.770464201411716,16.770464201411716,16.42821016301474,16.684900283813477,117000,0.0,0.0
2021-09-23 00:00:00+08:00,16.898809001906862,17.112717976614544,16.68490002719918,16.770463943481445,37000,0.0,0.0
2021-09-24 00:00:00+08:00,16.856028713251977,17.069937698790728,16.77046479263727,17.02715492248535,91000,0.0,0.0
2021-09-27 00:00:00+08:00,17.02715603029308,17.28384780883789,17.02715603029308,17.28384780883789,143000,0.0,0.0
2021-09-28 00:00:00+08:00,17.275098810433853,17.275098810433853,17.006574630737305,17.006574630737305,48000,0.890228,0.0
2021-09-29 00:00:00+08:00,16.82755795154604,16.961821753247253,16.64854239466969,16.782804489135742,57000,0.0,0.0
2021-09-30 00:00:00+08:00,16.82755680982535,17.006574061790847,16.693294724468743,16.961820602416992,65000,0.0,0.0
2021-10-01 00:00:00+08:00,16.961821753247253,17.006575215657552,16.60378722502423,16.782804489135742,92000,0.0,0.0
2021-10-04 00:00:00+08:00,16.648543567617455,17.00657641382998,16.42477282533022,16.469526290893555,145000,0.0,0.0
2021-10-05 00:00:00+08:00,15.663951423417355,16.559034361898348,15.663951423417355,16.424772262573242,33000,0.0,0.0
2021-10-06 00:00:00+08:00,16.782805671542743,16.782805671542743,16.021984806319082,16.469526290893555,47000,0.0,0.0
2021-10-07 00:00:00+08:00,16.559033772067945,16.738051036281664,16.42477167752524,16.648542404174805,38000,0.0,0.0
2021-10-08 00:00:00+08:00,16.559033008134662,16.648541636112135,16.559033008134662,16.60378646850586,27000,0.0,0.0
2021-10-12 00:00:00+08:00,16.20100077997959,16.55903359739516,16.20100077997959,16.24575424194336,30000,0.0,0.0
2021-10-13 00:00:00+08:00,16.55903359739516,16.55903359739516,15.977230055690466,16.24575424194336,83000,0.0,0.0
2021-10-14 00:00:00+08:00,16.469524966232484,16.55903359739516,16.11149214881691,16.24575424194336,38000,0.0,0.0
2021-10-15 00:00:00+08:00,16.514282672302194,16.514282672302194,16.066741154974064,16.156248092651367,29000,0.0,0.0
2021-10-18 00:00:00+08:00,16.066736221313477,16.156243131505626,15.663948296509286,16.066736221313477,90000,0.0,0.0
2021-10-19 00:00:00+08:00,15.84296664977684,16.11149081377916,15.753458026031067,15.887720108032227,66000,0.0,0.0
2021-10-20 00:00:00+08:00,15.932471672537844,16.02198028564453,15.887718219601897,16.02198028564453,40000,0.0,0.0
2021-10-21 00:00:00+08:00,16.021982763300937,16.021982763300937,15.842967216639202,15.932474136352539,42000,0.0,0.0
2021-10-22 00:00:00+08:00,15.932472441555495,16.066736221313477,15.932472441555495,16.066736221313477,49000,0.0,0.0
2021-10-25 00:00:00+08:00,15.932475594648565,17.00657580187137,15.932475594648565,16.693296432495117,127000,0.0,0.0
2021-10-26 00:00:00+08:00,16.6932952829346,17.588378158236562,16.514279732215265,17.006574630737305,259000,0.0,0.0
2021-10-27 00:00:00+08:00,17.45411684298051,17.45411684298051,17.096084018417688,17.185592651367188,129000,0.0,0.0
2021-10-28 00:00:00+08:00,17.051328096547554,17.051328096547554,16.782803916773222,16.872312545776367,46000,0.0,0.0
2021-10-29 00:00:00+08:00,16.9618206008829,18.080674157478473,16.91706543427805,17.498868942260742,381000,0.0,0.0
2021-11-01 00:00:00+08:00,18.751986699091105,18.751986699091105,17.94641075504159,18.304445266723633,331000,0.0,0.0
2021-11-02 00:00:00+08:00,18.304444267908956,18.304444267908956,17.096082125006205,17.319852828979492,178000,0.0,0.0
2021-11-03 00:00:00+08:00,17.096084018417688,17.633134108879506,16.961821922611026,17.185592651367188,243000,0.0,0.0
2021-11-04 00:00:00+08:00,17.364607053604765,17.901657108300803,17.096082879874277,17.633132934570312,1239000,0.0,0.0
2021-11-05 00:00:00+08:00,17.633133507828152,18.170181872748714,17.18559206557094,17.543624877929688,619000,0.0,0.0
2021-11-08 00:00:00+08:00,17.36460743941107,17.36460743941107,16.961821169866244,17.006574630737305,120000,0.0,0.0
2021-11-09 00:00:00+08:00,17.096084018417688,17.767396204686168,16.961821922611026,17.185592651367188,203000,0.0,0.0
2021-11-10 00:00:00+08:00,17.812147706959585,17.812147706959585,17.543623544902726,17.722639083862305,177000,0.0,0.0
2021-11-11 00:00:00+08:00,17.364606290883483,17.722639075876288,17.3198528329725,17.45411491394043,86000,0.0,0.0
2021-11-12 00:00:00+08:00,17.54362410886559,17.67788619421005,17.454115482890934,17.498868942260742,90000,0.0,0.0
2021-11-15 00:00:00+08:00,17.454115482890934,17.54362410886559,17.185591312202014,17.498868942260742,102000,0.0,0.0
2021-11-16 00:00:00+08:00,17.40936202390564,17.543624109253066,17.31985339792901,17.364606857299805,54000,0.0,0.0
2021-11-17 00:00:00+08:00,17.364606290883483,17.49886837185141,17.230344209915554,17.45411491394043,60000,0.0,0.0
2021-11-18 00:00:00+08:00,17.454116254316542,17.58837834559503,17.364607624385844,17.40936279296875,91000,0.0,0.0
2021-11-19 00:00:00+08:00,17.409360675493847,17.409360675493847,17.18558998150156,17.275096893310547,57000,0.0,0.0
2021-11-22 00:00:00+08:00,17.364608779900358,17.364608779900358,17.2303466796875,17.2303466796875,37000,0.0,0.0
2021-11-23 00:00:00+08:00,17.230345349562796,17.230345349562796,16.917066001760087,17.006574630737305,127000,0.0,0.0
2021-11-24 00:00:00+08:00,17.096083828653175,17.14083729101358,16.827557932785286,17.051328659057617,56000,0.0,0.0
2021-11-25 00:00:00+08:00,17.051328086746548,17.185591883791638,17.051328086746548,17.140836715698242,63000,0.0,0.0
2021-11-26 00:00:00+08:00,17.185591888691736,17.588378158236562,16.6932952829346,17.006574630737305,93000,0.0,0.0
2021-11-29 00:00:00+08:00,16.782803151264723,17.051327318790953,16.64854106750161,16.827556610107422,85000,0.0,0.0
2021-11-30 00:00:00+08:00,16.82755680982535,17.0513275211647,16.82755680982535,16.961820602416992,55000,0.0,0.0
2021-12-01 00:00:00+08:00,17.454116649241875,17.454116649241875,17.051328659057617,17.051328659057617,39000,0.0,0.0
2021-12-02 00:00:00+08:00,17.409361818472615,17.409361818472615,17.09608248486867,16.827556610107422,81000,0.0,0.0
2021-12-03 00:00:00+08:00,17.185591313358607,17.275098232104245,17.09608268737793,17.09608268737793,57000,0.0,0.0
2021-12-06 00:00:00+08:00,17.096081066500723,18.08067244446912,17.096081066500723,18.035917282104492,394000,0.0,0.0
2021-12-07 00:00:00+08:00,18.572968305056325,19.826083897444455,18.438706225020983,18.751985549926758,1447000,0.0,0.0
2021-12-08 00:00:00+08:00,18.75198591029157,18.84149282721191,18.08067378997901,18.259689331054688,472000,0.0,0.0
2021-12-09 00:00:00+08:00,18.617721531239322,18.617721531239322,18.080673217773438,18.080673217773438,99000,0.0,0.0
2021-12-10 00:00:00+08:00,18.975756619482038,18.975756619482038,18.21493587491712,18.393951416015625,395000,0.0,0.0
2021-12-13 00:00:00+08:00,18.662478641314934,18.75198727196996,18.259690656984883,18.483461380004883,162000,0.0,0.0
2021-12-14 00:00:00+08:00,18.259689333382994,18.572968664349137,18.259689333382994,18.393951416015625,80000,0.0,0.0
2021-12-15 00:00:00+08:00,18.707230394780602,19.736575285231297,18.6624769371573,19.020509719848633,524000,0.0,0.0
2021-12-16 00:00:00+08:00,19.378544264378274,19.378544264378274,18.57297000327367,18.61772346496582,154000,0.0,0.0
2021-12-17 00:00:00+08:00,18.93100030750787,18.93100030750787,18.483458921007756,18.707229614257812,80000,0.0,0.0
2021-12-20 00:00:00+08:00,18.707230952243055,18.707230952243055,18.572968868137263,18.662477493286133,31000,0.0,0.0
2021-12-21 00:00:00+08:00,18.528213500976562,18.66247557125483,18.528213500976562,18.528213500976562,43000,0.0,0.0
2021-12-22 00:00:00+08:00,18.528213500976562,18.528213500976562,18.438704885046103,18.528213500976562,70000,0.0,0.0
2021-12-23 00:00:00+08:00,18.52821598290737,18.707231531513308,18.304445266723633,18.304445266723633,73000,0.0,0.0
2021-12-24 00:00:00+08:00,18.349198727066348,18.393952187409063,18.25969009914584,18.304445266723633,67000,0.0,0.0
2021-12-27 00:00:00+08:00,18.84149190822646,18.97575569152832,18.349197060236047,18.97575569152832,173000,0.0,0.0
2021-12-28 00:00:00+08:00,19.02050916538682,19.33378848132253,19.02050916538682,19.244279861450195,176000,0.0,0.0
2021-12-29 00:00:00+08:00,19.244279861450195,20.094609189384986,19.065262621705525,19.244279861450195,543000,0.0,0.0
2021-12-30 00:00:00+08:00,19.333789044916664,19.333789044916664,18.931001097367055,19.020509719848633,113000,0.0,0.0
2022-01-03 00:00:00+08:00,19.020509719848633,19.24428042243509,18.97575626222533,19.020509719848633,88000,0.0,0.0
2022-01-04 00:00:00+08:00,19.065263391483693,19.602313425166685,19.065263391483693,19.557559967041016,164000,0.0,0.0
2022-01-05 00:00:00+08:00,19.781333344402405,20.407890378978408,19.691824708824342,19.87084197998047,534000,0.0,0.0
2022-01-06 00:00:00+08:00,19.960348908323308,20.049857543901375,19.691824708824342,19.87084197998047,203000,0.0,0.0
2022-01-07 00:00:00+08:00,20.005102897095163,21.21346513787664,19.78133217499619,20.58690643310547,1493000,0.0,0.0
2022-01-10 00:00:00+08:00,21.30297127145168,21.92952995300293,20.13936424255371,20.13936424255371,2091000,0.0,0.0
2022-01-11 00:00:00+08:00,20.228874045143545,20.5421534041257,19.512806695007882,19.691823959350586,342000,0.0,0.0
2022-01-12 00:00:00+08:00,19.691820705393276,20.139362085061308,19.468050015559264,19.602312088012695,193000,0.0,0.0
2022-01-13 00:00:00+08:00,19.870839077608743,19.870839077608743,19.0652631823053,19.15477180480957,227000,0.0,0.0
2022-01-14 00:00:00+08:00,19.289034496864407,20.989693256691453,19.154772412466226,20.900184631347656,1619000,0.0,0.0
2022-01-17 00:00:00+08:00,21.481987452843313,22.958873748779297,21.481987452843313,22.958873748779297,5346000,0.0,0.0
2022-01-18 00:00:00+08:00,23.58543357661547,23.98821983712551,21.213464351717267,22.377071380615234,7934000,0.0,0.0
2022-01-19 00:00:00+08:00,21.974283221202427,22.645595356765455,21.12395554049695,21.43723487854004,2448000,0.0,0.0
2022-01-20 00:00:00+08:00,21.75051088544521,21.75051088544521,20.45264187793053,20.542150497436523,1539000,0.0,0.0
2022-01-21 00:00:00+08:00,20.40788975430545,21.0344484769381,20.13936556302584,20.363136291503906,1389000,0.0,0.0
2022-01-24 00:00:00+08:00,20.31837931982247,20.31837931982247,19.512803470632115,19.602312088012695,1163000,0.0,0.0
2022-01-25 00:00:00+08:00,19.46805191153673,19.647069163732233,19.154772573812117,19.199527740478516,612000,0.0,0.0
2022-01-26 00:00:00+08:00,19.199526422389685,19.602312651324862,19.020509182484098,19.51280403137207,355000,0.0,0.0
2022-02-07 00:00:00+08:00,19.87084006522759,20.76592292028766,19.602314184368534,20.407888412475586,666000,0.0,0.0
2022-02-08 00:00:00+08:00,20.765924285658492,20.810677748460034,19.915594834547775,20.363136291503906,446000,0.0,0.0
2022-02-09 00:00:00+08:00,20.184119015311733,20.58690700925647,20.049856919741877,20.497398376464844,278000,0.0,0.0
2022-02-10 00:00:00+08:00,20.76592292028766,20.85542984000562,20.273626325663585,20.407888412475586,349000,0.0,0.0
2022-02-11 00:00:00+08:00,20.40788900257602,20.40788900257602,19.73657684186977,19.91559410095215,322000,0.0,0.0
2022-02-14 00:00:00+08:00,21.884777069091797,21.884777069091797,21.884777069091797,21.884777069091797,742000,0.0,0.0
2022-02-15 00:00:00+08:00,23.182644211689354,24.032973555798762,21.929528631345192,22.15329933166504,9793000,0.0,0.0
2022-02-16 00:00:00+08:00,22.556089168385345,24.256746292114258,22.556089168385345,24.256746292114258,5471000,0.0,0.0
2022-02-17 00:00:00+08:00,24.43575970656954,24.704285570355164,23.540676908420693,23.988218307495117,5983000,0.0,0.0
2022-02-18 00:00:00+08:00,23.853957750288828,26.225926975187033,23.630187036482678,24.614778518676758,7151000,0.0,0.0
2022-02-21 00:00:00+08:00,24.614778150463902,26.181173123675244,24.3462539808074,25.375598907470703,3579000,0.0,0.0
2022-02-22 00:00:00+08:00,24.928057662571966,25.15182837461079,23.585433390339023,23.674942016601562,3042000,0.0,0.0
2022-02-23 00:00:00+08:00,23.316908078722772,23.943466770566204,22.73510455471678,23.451171875,1901000,0.0,0.0
2022-02-24 00:00:00+08:00,22.645595558131205,23.04838352594465,21.92952995672404,22.10854721069336,2082000,0.0,0.0
2022-02-25 00:00:00+08:00,22.958872947883098,23.09313502333278,22.332316026706266,22.51133155822754,911000,0.0,0.0
2022-03-01 00:00:00+08:00,22.645595552572274,24.749040603637695,22.645595552572274,24.749040603637695,3366000,0.0,0.0
2022-03-02 00:00:00+08:00,24.391007608946275,25.017566285464603,23.809204099170714,24.211990356445312,2556000,0.0,0.0
2022-03-03 00:00:00+08:00,24.435761261053802,26.13642005151221,24.435761261053802,24.883302688598633,5148000,0.0,0.0
2022-03-04 00:00:00+08:00,24.52526897984434,26.31543462373422,24.3910068979996,25.599369049072266,4651000,0.0,0.0
2022-03-07 00:00:00+08:00,25.778385547574725,26.136420055452618,24.07772846409498,24.614778518676758,2866000,0.0,0.0
2022-03-08 00:00:00+08:00,24.167235889500933,24.88330145518475,22.82461167341755,23.093135833740234,2146000,0.0,0.0
2022-03-09 00:00:00+08:00,23.63018684985277,24.346254152718036,22.86936608747376,23.674942016601562,1232000,0.0,0.0
2022-03-10 00:00:00+08:00,24.256746874991894,25.509862590628362,23.8092054260335,24.032976150512695,3003000,0.0,0.0
2022-03-11 00:00:00+08:00,24.032974110668622,26.091663918247985,23.6301861578994,25.599369049072266,6466000,0.0,0.0
2022-03-14 00:00:00+08:00,26.315434994632312,28.105600663753354,24.614777950414325,24.704286575317383,13435000,0.0,0.0
2022-03-15 00:00:00+08:00,24.659532987180096,24.659532987180096,23.361663818359375,23.361663818359375,3513000,0.0,0.0
2022-03-16 00:00:00+08:00,24.167238812176997,24.167238812176997,23.36166452655147,24.077730178833008,1755000,0.0,0.0
2022-03-17 00:00:00+08:00,24.88330177612164,26.225926009521764,24.614777612335615,26.002155303955078,6532000,0.0,0.0
2022-03-18 00:00:00+08:00,26.00215566489161,26.00215566489161,24.614777954013924,25.107072830200195,3710000,0.0,0.0
2022-03-21 00:00:00+08:00,24.883303061743657,26.13642044344873,24.883303061743657,25.82314109802246,2831000,0.0,0.0
2022-03-22 00:00:00+08:00,25.599369412387045,26.04691082971117,24.928057286400854,24.972810745239258,2219000,0.0,0.0
2022-03-23 00:00:00+08:00,25.15182876298065,25.59937019396879,24.74904079219729,25.286090850830078,1765000,0.0,0.0
2022-03-24 00:00:00+08:00,25.10707359842414,26.13642025560314,24.88330288290437,25.15182876586914,3321000,0.0,0.0
2022-03-25 00:00:00+08:00,25.196581451431662,25.286090076334716,24.614777950414325,24.704286575317383,1364000,0.0,0.0
2022-03-28 00:00:00+08:00,24.391007610570604,24.435761070081302,23.63018684824341,23.943466186523438,1352000,0.0,0.0
2022-03-29 00:00:00+08:00,22.421822635294053,23.674939875152354,22.421822635294053,23.272151947021484,3197000,0.0,0.0
2022-03-30 00:00:00+08:00,23.45117075172505,24.83854845076571,23.406415586031315,24.301498413085938,2007000,0.0,0.0
2022-03-31 00:00:00+08:00,24.301500336993673,25.151829772908677,23.98822098127577,24.032976150512695,1304000,0.0,0.0
2022-04-01 00:00:00+08:00,23.9434667623268,23.9434667623268,23.5406787881039,23.719696044921875,712000,0.0,0.0
2022-04-06 00:00:00+08:00,23.764450095344372,23.809205264277235,23.182646557098177,23.361663818359375,579000,0.0,0.0
2022-04-07 00:00:00+08:00,22.421824836768025,23.853957746337166,22.28756274995359,22.64559555053711,3525000,0.0,0.0
2022-04-08 00:00:00+08:00,23.27215423233126,24.883302688598633,22.82461280478643,24.883302688598633,3997000,0.0,0.0
2022-04-11 00:00:00+08:00,25.062319020496606,26.04691046632026,24.435760362090193,25.86789321899414,6340000,0.0,0.0
2022-04-12 00:00:00+08:00,25.1070730609877,27.926585381971005,25.1070730609877,27.747568130493164,11431000,0.0,0.0
2022-04-13 00:00:00+08:00,28.46363301045428,29.806257241272597,27.434288108273904,29.53773307800293,13770000,0.0,0.0
2022-04-14 00:00:00+08:00,29.090192794799805,31.327899932861328,29.090192794799805,31.327899932861328,11522000,0.0,0.0
2022-04-15 00:00:00+08:00,30.701342683745203,31.864949766933684,28.19511125507687,28.77691650390625,18346000,0.0,0.0
2022-04-18 00:00:00+08:00,28.95592843402678,31.05937515131978,28.463633556182057,29.045438766479492,10886000,0.0,0.0
2022-04-19 00:00:00+08:00,29.090191932231292,31.909704208374027,29.090191932231292,31.909704208374023,16133000,0.0,0.0
2022-04-20 00:00:00+08:00,32.9838040528699,35.08725095186002,32.043967674988096,34.371185302734375,37017000,0.0,0.0
2022-04-21 00:00:00+08:00,34.013150393394426,35.669052402021556,32.715279498120836,34.102657318115234,23011000,0.0,0.0
2022-04-22 00:00:00+08:00,33.07331142631969,34.6397063871044,32.84954071763616,33.655113220214844,12543000,0.0,0.0
2022-04-25 00:00:00+08:00,33.11806483116323,33.61035970657029,30.611833580888128,31.41740608215332,8069000,0.0,0.0
2022-04-26 00:00:00+08:00,32.31248867744983,33.38658875236282,29.6719970703125,29.6719970703125,8946000,0.0,0.0
2022-04-27 00:00:00+08:00,27.434288446829566,30.835604231217918,27.434288446829566,29.179698944091797,6584000,0.0,0.0
2022-04-28 00:00:00+08:00,29.940521604186287,30.343309564048354,28.95592843402678,29.045438766479492,4074000,0.0,0.0
2022-04-29 00:00:00+08:00,29.895767843834935,31.909704208374027,29.80625751228452,31.909704208374023,10057000,0.0,0.0
2022-05-03 00:00:00+08:00,31.596419929703316,32.49150266660409,30.611830284900336,31.685930252075195,12031000,0.0,0.0
2022-05-04 00:00:00+08:00,32.04396593581217,32.40200044817796,30.432817459106445,30.432817459106445,5963000,0.0,0.0
2022-05-05 00:00:00+08:00,31.327900653863566,33.47610092163086,30.969866137745615,33.47610092163086,17411000,0.0,0.0
2022-05-06 00:00:00+08:00,32.67052496760058,35.355773595074595,32.222983529688236,33.47610092163086,32504000,0.0,0.0
2022-05-09 00:00:00+08:00,33.11806564331055,33.252329437382286,30.790851585514613,31.327899932861328,11101000,0.0,0.0
2022-05-10 00:00:00+08:00,29.985273943734512,30.611832589631902,28.41887903622599,30.298551559448242,11449000,0.0,0.0
2022-05-11 00:00:00+08:00,30.2985515359748,31.551668826798746,29.3587152750918,29.761503219604492,8642000,0.0,0.0
2022-05-12 00:00:00+08:00,29.448226363641876,30.79085060366561,29.045438408740754,29.6719970703125,8842000,0.0,0.0
2022-05-13 00:00:00+08:00,30.030025246649863,31.820190726801503,30.030025246649863,31.193632125854492,9830000,0.0,0.0
2022-05-16 00:00:00+08:00,31.50691759673556,31.68593485300369,29.806258783893547,29.895769119262695,9815000,0.0,0.0
2022-05-17 00:00:00+08:00,30.074781263500082,30.70133991783758,29.76150364356632,30.567079544067383,4354000,0.0,0.0
2022-05-18 00:00:00+08:00,30.567080119337845,31.327899161764105,30.432816328570844,31.148881912231445,5594000,0.0,0.0
2022-05-19 00:00:00+08:00,31.730688077379,34.23691940307617,31.551670822442745,34.23691940307617,36588000,0.0,0.0
2022-05-20 00:00:00+08:00,34.86347418027288,37.63822937011719,34.371179345232086,37.63822937011719,62426000,0.0,0.0
2022-05-23 00:00:00+08:00,40.457746671069714,41.3975830078125,39.383646537162164,41.3975830078125,27084000,0.0,0.0
2022-05-24 00:00:00+08:00,43.41151203098915,43.85905339213337,38.13052260369953,38.57806396484375,79020000,0.0,0.0
2022-05-25 00:00:00+08:00,39.74167860467735,42.42692706676446,38.757085453230076,39.65216827392578,85973000,0.0,0.0
2022-05-26 00:00:00+08:00,40.41299285649845,41.97938787551823,38.84659783747867,40.05495834350586,56092000,0.0,0.0
2022-05-27 00:00:00+08:00,40.05496009913358,40.05496009913358,38.130530482772556,39.38364791870117,36186000,0.0,0.0
2022-05-30 00:00:00+08:00,40.323484045897445,40.412994384765625,38.80184242984144,40.412994384765625,30806000,0.0,0.0
2022-05-31 00:00:00+08:00,40.2787298905222,40.2787298905222,38.175286473138584,38.264793395996094,23410000,0.0,0.0
2022-06-01 00:00:00+08:00,38.264792614780546,41.75561716647842,36.922168312507544,39.786434173583984,71269000,0.0,0.0
2022-06-02 00:00:00+08:00,39.56266149887424,40.99479265131177,38.13052693196671,38.35429763793945,35941000,0.0,0.0
2022-06-06 00:00:00+08:00,38.48856276671171,38.75708694032963,36.250855629112195,36.340362548828125,18470000,0.0,0.0
2022-06-07 00:00:00+08:00,36.4746261596545,38.578069492644076,36.34036236628491,37.90675735473633,21157000,0.0,0.0
2022-06-08 00:00:00+08:00,37.72774173467644,40.45774361702824,37.50397103260712,40.14446258544922,57743000,0.0,0.0
2022-06-09 00:00:00+08:00,40.18922564711203,41.35283279418945,39.56266690192558,41.35283279418945,56453000,0.0,0.0
2022-06-10 00:00:00+08:00,40.860533706791465,42.426928703434534,40.27872848510742,40.27872848510742,43827000,0.0,0.0
2022-06-13 00:00:00+08:00,38.443805219798314,39.65216557985025,37.63822937011719,37.63822937011719,17318000,0.0,0.0
2022-06-14 00:00:00+08:00,38.08577072685532,39.47314832093226,36.87741036753955,39.20462417602539,30647000,0.0,0.0
2022-06-15 00:00:00+08:00,38.667576387313986,39.60741261390246,38.30954191315181,38.44380569458008,17241000,0.0,0.0
2022-06-16 00:00:00+08:00,40.72626725903358,42.11364491133744,37.95151195442584,37.99626541137695,37948000,0.0,0.0
2022-06-17 00:00:00+08:00,37.59347915818017,38.264791286004815,36.519379070766725,37.862003326416016,16420000,0.0,0.0
2022-06-20 00:00:00+08:00,37.638237129098606,37.817254400872564,34.281676087601035,34.460693359375,16266000,0.0,0.0
2022-06-21 00:00:00+08:00,34.99773882846337,36.34036313259066,34.550197393754274,35.84806823730469,14105000,0.0,0.0
2022-06-22 00:00:00+08:00,35.624299629890444,35.982334164651306,32.80479047291259,33.07331466674805,11658000,0.0,0.0
2022-06-23 00:00:00+08:00,33.11806318124175,34.37118045118479,32.98379939715148,33.25232696533203,9497000,0.0,0.0
2022-06-24 00:00:00+08:00,33.386592299865335,34.594956292963786,33.073314643027054,33.34183883666992,10389000,0.0,0.0
2022-06-27 00:00:00+08:00,34.32642296319078,35.66904712208173,33.69986775395085,35.0424919128418,10578000,0.0,0.0
2022-06-28 00:00:00+08:00,34.90823212682325,35.35577356434663,33.87888545473141,34.281673431396484,6112000,0.0,0.0
2022-06-29 00:00:00+08:00,33.923639576247844,36.474624197262266,33.162817145537105,35.66904830932617,13666000,0.0,0.0
2022-06-30 00:00:00+08:00,35.266265470459395,36.47462594582127,34.37118262516317,34.72921371459961,15484000,0.0,0.0
2022-07-01 00:00:00+08:00,34.23692067765612,35.7138088177745,31.28314781188965,31.28314781188965,15004000,0.0,0.0
2022-07-04 00:00:00+08:00,30.432815898548473,31.462162507963843,29.09019166773016,29.53773307800293,13308000,0.0,0.0
2022-07-05 00:00:00+08:00,30.3433095686343,30.83560444655343,28.866421520406856,29.851011276245117,9311000,0.0,0.0
2022-07-06 00:00:00+08:00,29.403470233033417,30.074782369992814,27.97133903997475,28.15035629272461,6934000,0.0,0.0
2022-07-07 00:00:00+08:00,28.911173658893365,29.71674954194475,27.837075326883102,29.358715057373047,7105000,0.0,0.0
2022-07-08 00:00:00+08:00,29.35871507097667,30.656585810063103,28.553140894786967,29.627239227294922,10403000,0.0,0.0
2022-07-11 00:00:00+08:00,29.716751098632812,30.253799439153312,28.776914795486896,29.716751098632812,5923000,0.0,0.0
2022-07-12 00:00:00+08:00,29.00068526115658,29.22445597022578,26.85248508830422,26.941993713378906,6663000,0.0,0.0
2022-07-13 00:00:00+08:00,28.19510955195273,28.463633721934457,27.568550879015323,27.747568130493164,4359000,0.0,0.0
2022-07-14 00:00:00+08:00,27.07625618975366,28.597897716369374,27.07625618975366,28.284618377685547,5487000,0.0,0.0
2022-07-15 00:00:00+08:00,27.881831899684542,28.91117688977207,27.881831899684542,28.77691650390625,4450000,0.0,0.0
2022-07-18 00:00:00+08:00,28.82166881118594,29.537734417193576,28.50838946834445,29.49298095703125,4532000,0.0,0.0
2022-07-19 00:00:00+08:00,29.134946446792362,29.851012052799994,29.134946446792362,29.49298095703125,3159000,0.0,0.0
2022-07-20 00:00:00+08:00,29.985273698138577,30.253797854332408,28.955927115847356,29.358715057373047,3139000,0.0,0.0
2022-07-21 00:00:00+08:00,29.71675020076017,32.267734862861296,29.71675020076017,31.104127883911133,21378000,0.0,0.0
2022-07-22 00:00:00+08:00,30.70133913538711,31.641175385705818,30.164290825053527,30.3880615234375,8629000,0.0,0.0
2022-07-25 00:00:00+08:00,30.298554077219,30.298554077219,29.09019355680148,29.269210815429688,3471000,0.0,0.0
2022-07-26 00:00:00+08:00,28.642652330659175,29.090193773325723,27.792322906698683,28.239864349365234,4294000,0.0,0.0
2022-07-27 00:00:00+08:00,27.344779812571378,28.463633351665706,27.344779812571378,28.374126434326172,3809000,0.0,0.0
2022-07-28 00:00:00+08:00,28.463633922213326,28.955928806388773,28.150356290775342,28.418880462646484,3585000,0.0,0.0
2022-07-29 00:00:00+08:00,28.195107982568253,30.79084944833868,28.195107982568253,30.119537353515625,8891000,0.0,0.0
2022-08-01 00:00:00+08:00,30.074780222669204,32.894292362375005,29.851009526326518,31.820192337036133,18255000,0.0,0.0
2022-08-02 00:00:00+08:00,31.730685713741337,32.536258179241706,30.11953736827071,30.3880615234375,11845000,0.0,0.0
2022-08-03 00:00:00+08:00,30.61183314555158,31.283145260960737,29.313962372866545,29.53773307800293,5324000,0.0,0.0
2022-08-04 00:00:00+08:00,29.045438568035106,29.448226525145245,27.702814320648,29.179698944091797,3816000,0.0,0.0
2022-08-05 00:00:00+08:00,28.86642171408362,31.104128823702506,28.86642171408362,29.716751098632812,5773000,0.0,0.0
2022-08-08 00:00:00+08:00,28.911173873293237,29.761503219604492,28.553141093301377,29.761503219604492,2343000,0.0,0.0
2022-08-09 00:00:00+08:00,29.94052200186289,31.596423907826495,29.94052200186289,30.925111770629883,10955000,0.0,0.0
2022-08-10 00:00:00+08:00,30.522319962528456,32.043961298153704,30.522319962528456,31.685930252075195,9101000,0.0,0.0
2022-08-11 00:00:00+08:00,32.4915069617593,32.670524215698244,30.880358505249024,31.327899932861328,7956000,0.0,0.0
2022-08-12 00:00:00+08:00,30.925111201071086,31.41740607638781,30.611833575270452,30.88035774230957,3015000,0.0,0.0
2022-08-15 00:00:00+08:00,30.969863742615622,32.13347412277321,30.969863742615622,31.462162017822266,4477000,0.0,0.0
2022-08-16 00:00:00+08:00,31.32789801280661,32.04396357020535,30.925110069747973,31.05937385559082,3417000,0.0,0.0
2022-08-17 00:00:00+08:00,30.969864309587496,31.775440216064453,30.880357393076725,31.775440216064453,3245000,0.0,0.0
2022-08-18 00:00:00+08:00,31.506912307118526,32.536255382523656,31.506912307118526,32.04396057128906,8664000,0.0,0.0
2022-08-19 00:00:00+08:00,32.401999157790584,35.22150802612305,31.954457742391458,35.22150802612305,25411000,0.0,0.0
2022-08-22 00:00:00+08:00,36.429870156027725,36.47462361253563,34.908228733469684,35.62429428100586,25343000,0.0,0.0
2022-08-23 00:00:00+08:00,34.01314961154802,35.266267015656304,33.34183744816221,35.087249755859375,9237000,0.0,0.0
2022-08-24 00:00:00+08:00,35.08725147594572,35.93758094081427,34.95298767089844,34.95298767089844,11496000,0.0,0.0
2022-08-25 00:00:00+08:00,35.13199875922422,38.44380569458008,35.08724530357139,38.44380569458008,33474000,0.0,0.0
2022-08-26 00:00:00+08:00,38.44380811102872,39.56266164502566,36.78790283203125,36.78790283203125,40540000,0.0,0.0
2022-08-29 00:00:00+08:00,35.31101558359397,37.01167077981275,35.176751803734966,36.071834564208984,9067000,0.0,0.0
2022-08-30 00:00:00+08:00,36.429871598815076,38.130526914758384,35.982330187071575,37.54872512817383,18163000,0.0,0.0
2022-08-31 00:00:00+08:00,37.45921743239755,38.93610556083813,37.19069324935479,38.264793395996094,17024000,0.0,0.0
2022-09-01 00:00:00+08:00,37.95151423360709,38.891350543901986,37.14593830222855,37.36970901489258,10703000,0.0,0.0
2022-09-02 00:00:00+08:00,37.638232061720686,39.15987354522931,37.59347860342014,38.35429763793945,15844000,0.0,0.0
2022-09-05 00:00:00+08:00,38.26479112345174,39.115120497978005,37.45921520769632,38.622825622558594,12330000,0.0,0.0
2022-09-06 00:00:00+08:00,38.84659531467687,39.51790742208854,36.877412450041966,37.503971099853516,17299000,0.0,0.0
2022-09-07 00:00:00+08:00,39.383647004066155,39.696924648537674,38.13052959723959,38.264793395996094,47718000,0.0,0.0
2022-09-08 00:00:00+08:00,38.80183733160117,39.33888905083518,38.39905281026298,38.48855972290039,16072000,0.0,0.0
2022-09-12 00:00:00+08:00,39.20463177836425,39.96545432001612,38.57807304243636,39.4731559753418,14374000,0.0,0.0
2022-09-13 00:00:00+08:00,40.27872691075454,41.442333894171234,38.62282505910041,38.846595764160156,21572000,0.0,0.0
2022-09-14 00:00:00+08:00,37.324952209855056,38.22003498028578,37.145934972874954,38.1752815246582,7007000,0.0,0.0
2022-09-15 00:00:00+08:00,38.30954416234978,38.801839032373636,37.41446133886278,37.54872512817383,10165000,0.0,0.0
2022-09-16 00:00:00+08:00,37.50397075996156,38.041019075235745,34.99773618342892,35.13199996948242,16240000,0.0,0.0
2022-09-19 00:00:00+08:00,35.13200406392416,35.13200406392416,33.29708478933938,33.565608978271484,7951000,0.0,0.0
2022-09-20 00:00:00+08:00,34.01315041220429,34.371184940226144,33.34183823301605,33.83413314819336,6807000,0.0,0.0
2022-09-21 00:00:00+08:00,33.655114178150875,34.550197038362015,33.2970830827485,34.23691940307617,6482000,0.0,0.0
2022-09-22 00:00:00+08:00,33.834129780913486,35.44527816772461,33.69986940712004,35.44527816772461,6140000,0.0,0.0
2022-09-23 00:00:00+08:00,35.13200322984227,36.161349913192616,34.46069106621471,34.8187255859375,7939000,0.0,0.0
2022-09-26 00:00:00+08:00,34.23691901612418,34.371182809426436,32.267736063021715,32.625770568847656,5803000,0.0,0.0
2022-09-27 00:00:00+08:00,33.073312186934956,35.57954349893443,32.44675350531756,35.5347900390625,10855000,0.0,0.0
2022-09-28 00:00:00+08:00,36.47462750573774,37.593481110208224,35.57954462216136,35.892822265625,48653000,0.0,0.0
2022-09-29 00:00:00+08:00,37.95151252445066,38.17528322703712,36.877412469141696,38.041019439697266,32729000,0.0,0.0
2022-09-30 00:00:00+08:00,37.10118427900549,37.77249640680003,36.161347982987145,37.59347915649414,17898000,0.0,0.0
2022-10-03 00:00:00+08:00,36.877413004851135,38.130526908857,36.38511813490348,37.28020095825195,16589000,0.0,0.0
2022-10-04 00:00:00+08:00,38.220041087035426,40.99479675292969,37.90676001864715,40.99479675292969,45688000,0.0,0.0
2022-10-05 00:00:00+08:00,41.84512750625172,43.142998454045596,38.75709067583745,39.74168395996094,63354000,0.0,0.0
2022-10-06 00:00:00+08:00,40.77102544417918,42.6059447077286,39.96545288222764,41.21856689453125,55276000,0.0,0.0
2022-10-07 00:00:00+08:00,41.44233609823133,41.93463099265088,39.78643415851007,40.323482513427734,31686000,0.0,0.0
2022-10-11 00:00:00+08:00,39.4731494197913,39.696920115854674,37.45921315522093,38.48855972290039,18946000,0.0,0.0
2022-10-12 00:00:00+08:00,39.33889387499135,39.87594224561413,38.66758170447774,39.607418060302734,19767000,0.0,0.0
2022-10-13 00:00:00+08:00,39.473152549617225,39.56266288382176,35.803314208984375,35.803314208984375,20003000,0.0,0.0
2022-10-14 00:00:00+08:00,38.488565011457965,39.38364791870117,38.130530482772556,39.38364791870117,9960000,0.0,0.0
2022-10-17 00:00:00+08:00,39.38364741141679,42.2479133605957,38.757088701522925,42.2479133605957,61329000,0.0,0.0
2022-10-18 00:00:00+08:00,42.874467198231464,43.00872756864904,41.173808523849715,41.934627532958984,52055000,0.0,0.0
2022-10-19 00:00:00+08:00,41.88987905249516,42.337420502659576,41.35283067808598,41.487091064453125,27018000,0.0,0.0
2022-10-20 00:00:00+08:00,40.994795240945315,40.994795240945315,38.75708803986238,40.36823654174805,25985000,0.0,0.0
2022-10-21 00:00:00+08:00,40.50249307717678,41.12905166402703,39.07036209106445,39.07036209106445,23042000,0.0,0.0
2022-10-24 00:00:00+08:00,40.54725382376359,41.442336704705255,39.8311882019043,39.8311882019043,22760000,0.0,0.0
2022-10-25 00:00:00+08:00,40.01020230535206,40.09970922059866,37.86200219473411,38.041019439697266,17530000,0.0,0.0
2022-10-26 00:00:00+08:00,38.30954592776156,38.44380972325987,36.608890533447266,36.608890533447266,11660000,0.0,0.0
2022-10-27 00:00:00+08:00,37.414465684248846,40.233978271484375,37.10118802543174,40.233978271484375,16533000,0.0,0.0
2022-10-28 00:00:00+08:00,40.23397912345972,40.95004479768359,39.249385833740234,39.249385833740234,29963000,0.0,0.0
2022-10-31 00:00:00+08:00,40.18922305476355,42.42693027575328,40.099712717241815,41.17381286621094,32611000,0.0,0.0
2022-11-01 00:00:00+08:00,40.36823154362972,45.29118677648553,40.323478088043174,43.94856262207031,47844000,0.0,0.0
2022-11-02 00:00:00+08:00,44.66463205341253,48.334470082800166,43.76954927410142,45.02266311645508,87864000,0.0,0.0
2022-11-03 00:00:00+08:00,45.02266843983928,46.72332728740059,44.39610973734457,45.649227142333984,55997000,0.0,0.0
2022-11-04 00:00:00+08:00,45.82824181909448,50.21414566040039,45.738731486943315,50.21414566040039,65675000,0.0,0.0
2022-11-07 00:00:00+08:00,53.34693999655939,53.794481450941504,49.94562562614942,51.01972579956055,101596000,0.0,0.0
2022-11-08 00:00:00+08:00,50.124640698702834,51.37775808195847,47.43939208984375,47.43939208984375,39207000,0.0,0.0
2022-11-09 00:00:00+08:00,47.88692804483267,49.67709357921894,46.0967625104464,46.54430389404297,41829000,0.0,0.0
2022-11-10 00:00:00+08:00,47.08135871541293,47.886934683350866,46.27578616194526,47.2603759765625,25833000,0.0,0.0
2022-11-11 00:00:00+08:00,48.96103042940144,49.40857183476257,46.09676475219623,46.18627166748047,25679000,0.0,0.0
2022-11-14 00:00:00+08:00,46.18627471448966,47.170867919921875,45.291191844716835,47.170867919921875,14933000,0.0,0.0
2022-11-15 00:00:00+08:00,47.43938830188889,49.677095297261005,47.43938830188889,47.976436614990234,32684000,0.0,0.0
2022-11-16 00:00:00+08:00,47.52889901101765,47.9764404458275,46.18627470658811,47.43939208984375,13829000,0.0,0.0
2022-11-17 00:00:00+08:00,47.886932376308266,48.782015224463564,47.26037369970554,47.349884033203125,12258000,0.0,0.0
2022-11-18 00:00:00+08:00,47.618410868564084,49.85611811413128,47.528900530059225,47.797428131103516,29668000,0.0,0.0
2022-11-21 00:00:00+08:00,47.886932369857824,49.76660498494271,47.79742545084239,48.423980712890625,20829000,0.0,0.0
2022-11-22 00:00:00+08:00,48.42397915095049,49.677096463567196,46.45479968036705,47.52889633178711,24976000,0.0,0.0
2022-11-23 00:00:00+08:00,47.886934683350866,48.42398305232931,46.90234486873362,47.2603759765625,11923000,0.0,0.0
2022-11-24 00:00:00+08:00,47.79742923876043,48.4239845504628,47.08136017200852,48.155460357666016,9560000,0.0,0.0
2022-11-25 00:00:00+08:00,48.513493405178274,48.513493405178274,46.991851806640625,46.991851806640625,8632000,0.0,0.0
2022-11-28 00:00:00+08:00,46.991846902814466,48.42397801406466,45.380698549040524,47.976436614990234,11084000,0.0,0.0
2022-11-29 00:00:00+08:00,47.70791478691421,51.10922890299339,47.61840786851873,50.751197814941406,29918000,0.0,0.0
2022-11-30 00:00:00+08:00,51.198741192355214,51.646282630374984,47.976440789930784,49.050540924072266,29306000,0.0,0.0
2022-12-01 00:00:00+08:00,49.587592718812616,50.57218251707376,48.513492584228516,48.513492584228516,17609000,0.0,0.0
2022-12-02 00:00:00+08:00,49.05053707616748,49.408571564284365,48.15545427034519,48.244964599609375,9218000,0.0,0.0
2022-12-05 00:00:00+08:00,48.69250672827548,48.69250672827548,47.439389415658766,47.52889633178711,7226000,0.0,0.0
2022-12-06 00:00:00+08:00,47.618408203125,48.871522141817444,47.439390950606054,47.618408203125,9152000,0.0,0.0
2022-12-07 00:00:00+08:00,47.707914292716104,47.797424624654425,44.84364854562036,45.201683044433594,10749000,0.0,0.0
2022-12-08 00:00:00+08:00,45.20168080625414,46.186270507533116,45.02266356571163,45.82823944091797,5894000,0.0,0.0
2022-12-09 00:00:00+08:00,46.544308463969124,46.544308463969124,45.11217726163505,45.29119110107422,3741000,0.0,0.0
2022-12-12 00:00:00+08:00,45.20168191279,45.91774747801942,44.66463359248543,45.380699157714844,2991000,0.0,0.0
2022-12-13 00:00:00+08:00,46.096764291447755,46.18627120583736,44.84364700317383,44.84364700317383,2936000,0.0,0.0
2022-12-14 00:00:00+08:00,45.20167925529299,46.00725510285839,44.93315511092777,45.4702033996582,3674000,0.0,0.0
2022-12-15 00:00:00+08:00,45.470208001837825,48.602997970274075,45.470208001837825,47.618408203125,14517000,0.0,0.0
2022-12-16 00:00:00+08:00,46.72332384322206,48.33447223482214,46.36528934976872,47.52889633178711,7150000,0.0,0.0
2022-12-19 00:00:00+08:00,47.26037445797545,48.42398149635283,46.27578467499539,46.365291595458984,5628000,0.0,0.0
2022-12-20 00:00:00+08:00,46.09676603881908,47.349883374594405,43.76955203177351,43.903812408447266,6885000,0.0,0.0
2022-12-21 00:00:00+08:00,44.39610684681226,44.57512409507965,41.934629072928175,42.024139404296875,8551000,0.0,0.0
2022-12-22 00:00:00+08:00,42.69545385049823,42.74020731138575,41.57660025595934,41.666107177734375,4419000,0.0,0.0
2022-12-23 00:00:00+08:00,41.62135465070184,42.33742028437899,40.81577867877111,42.2479133605957,4457000,0.0,0.0
2022-12-26 00:00:00+08:00,42.382171641100896,42.382171641100896,41.26331807703308,41.308074951171875,2253000,0.0,0.0
2022-12-27 00:00:00+08:00,41.62135276409348,41.88987693774199,40.27872848138078,40.5472526550293,4050000,0.0,0.0
2022-12-28 00:00:00+08:00,40.547249925882504,40.86053095277794,39.562660217285156,39.562660217285156,3653000,0.0,0.0
2022-12-29 00:00:00+08:00,39.294141328300455,40.18922424316406,38.66758260500186,40.18922424316406,3141000,0.0,0.0
2022-12-30 00:00:00+08:00,40.36823655313784,40.99479525251189,39.607417470343066,40.09971237182617,2827000,0.0,0.0
2023-01-03 00:00:00+08:00,40.09971386037516,41.084307114360854,39.83118966909555,40.72627258300781,2370000,0.0,0.0
2023-01-04 00:00:00+08:00,41.084303840257846,41.979386682838886,40.860533129612584,41.039546966552734,3785000,0.0,0.0
2023-01-05 00:00:00+08:00,41.08430737384623,41.88987995277299,39.69692611694336,39.69692611694336,2913000,0.0,0.0
2023-01-06 00:00:00+08:00,39.74168418583521,39.965454922434574,38.84660123943775,39.249385833740234,2938000,0.0,0.0
2023-01-09 00:00:00+08:00,39.383644667935656,39.6074153762762,38.62282562536582,38.89134979248047,4268000,0.0,0.0
2023-01-10 00:00:00+08:00,39.29413498769661,39.920690195422274,38.13052465456083,38.1752815246582,4526000,0.0,0.0
2023-01-11 00:00:00+08:00,38.309544582222586,38.80183945764199,37.59347899847889,38.622825622558594,4164000,0.0,0.0
2023-01-12 00:00:00+08:00,38.62282578490045,38.8465964941653,37.59347915649414,37.59347915649414,2802000,0.0,0.0
2023-01-13 00:00:00+08:00,37.99626320113584,38.130523564179256,36.74314599257909,37.056427001953125,2896000,0.0,0.0
2023-01-16 00:00:00+08:00,37.145937737964445,37.59347915649414,36.96692048765856,37.59347915649414,2166000,0.0,0.0
2023-01-17 00:00:00+08:00,37.45921536682722,38.130527494651865,37.414461907866254,37.862003326416016,1705000,0.0,0.0
2023-01-30 00:00:00+08:00,38.57806874931771,38.93610324842457,38.17528420591004,38.622825622558594,2437000,0.0,0.0
2023-01-31 00:00:00+08:00,38.62282586620657,41.88987617966886,38.354298282947425,41.53184509277344,8431000,0.0,0.0
2023-02-01 00:00:00+08:00,41.710859502660206,41.93463021547377,40.994793904550825,41.308074951171875,6576000,0.0,0.0
2023-02-02 00:00:00+08:00,41.84512116689861,41.84512116689861,40.994791818581014,41.44233322143555,3062000,0.0,0.0
2023-02-03 00:00:00+08:00,41.531848615459474,41.531848615459474,40.0997139029955,40.18922424316406,2382000,0.0,0.0
2023-02-06 00:00:00+08:00,39.741681257021,40.63676413745417,39.65217092029555,40.36823654174805,1724000,0.0,0.0
2023-02-07 00:00:00+08:00,40.32347971429922,41.88987462429008,40.23397279951629,41.44233322143555,4143000,0.0,0.0
2023-02-08 00:00:00+08:00,41.80036653645115,42.38216829515281,41.08430099487305,41.08430099487305,6372000,0.0,0.0
2023-02-09 00:00:00+08:00,41.62135076975335,44.61987682501211,41.35282660897151,43.545780181884766,19357000,0.0,0.0
2023-02-10 00:00:00+08:00,44.843648551595045,47.43939013216172,44.75414163411483,45.738731384277344,28401000,0.0,0.0
2023-02-13 00:00:00+08:00,46.096764291447755,46.90234017883384,44.575122845535105,44.84364700317383,15867000,0.0,0.0
2023-02-14 00:00:00+08:00,44.440864154239556,44.57512453090028,43.32201060971661,43.366764068603516,7353000,0.0,0.0
2023-02-15 00:00:00+08:00,43.63528554954153,44.306597634919086,43.27725107155223,43.456268310546875,4910000,0.0,0.0
2023-02-16 00:00:00+08:00,43.545784527404614,44.172339826930774,43.501027650749634,44.127586364746094,2603000,0.0,0.0
2023-02-17 00:00:00+08:00,43.94856262207031,44.35135055128884,43.501021237265235,43.94856262207031,2584000,0.0,0.0
2023-02-20 00:00:00+08:00,44.21709174899011,44.575122820819914,43.859057262690385,44.30659866333008,2675000,0.0,0.0
2023-02-21 00:00:00+08:00,44.709389293956676,46.72332571787842,44.664635834096885,45.29119110107422,13338000,0.0,0.0
2023-02-22 00:00:00+08:00,44.30660094428308,44.57512511559684,43.32201117797594,43.41151809692383,5350000,0.0,0.0
2023-02-23 00:00:00+08:00,43.635292053222656,44.17234043578187,43.54578512761957,43.635292053222656,2058000,0.0,0.0
2023-02-24 00:00:00+08:00,43.9485681986318,43.9485681986318,42.695454210853896,42.74020767211914,2310000,0.0,0.0
2023-03-01 00:00:00+08:00,42.426931441309215,42.740209095066064,41.218567460096345,41.26332092285156,3543000,0.0,0.0
2023-03-02 00:00:00+08:00,41.621352010879775,41.934629638722036,41.3528278420907,41.53184509277344,1749000,0.0,0.0
2023-03-03 00:00:00+08:00,42.11364632119557,42.3374170279123,41.934629072928175,42.024139404296875,2043000,0.0,0.0
2023-03-06 00:00:00+08:00,42.561186505926166,44.12758140772291,42.426926134454106,44.0380744934082,4561000,0.0,0.0
2023-03-07 00:00:00+08:00,44.440866297269416,45.20168537844526,43.59053687953333,43.769554138183594,5289000,0.0,0.0
2023-03-08 00:00:00+08:00,43.23249696413323,44.53036765920502,43.14299005321922,44.440860748291016,3757000,0.0,0.0
2023-03-09 00:00:00+08:00,44.66463544901482,44.75414236796271,43.41151809692383,43.41151809692383,3480000,0.0,0.0
2023-03-10 00:00:00+08:00,42.695453268422,43.09824123985875,41.531846228859294,41.62135314941406,2724000,0.0,0.0
2023-03-13 00:00:00+08:00,41.17381230887866,41.845124466088635,40.45774669074872,40.86053466796875,2372000,0.0,0.0
2023-03-14 00:00:00+08:00,40.86053369928027,41.442335506387245,40.59200611118615,40.81577682495117,1264000,0.0,0.0
2023-03-15 00:00:00+08:00,41.53184643369772,41.710860275690166,40.323482513427734,40.323482513427734,1909000,0.0,0.0
2023-03-16 00:00:00+08:00,40.72626715288559,40.72626715288559,38.39905325279437,39.29413604736328,2586000,0.0,0.0
2023-03-17 00:00:00+08:00,39.78643472937426,40.09971237182617,39.56266400920283,40.09971237182617,933000,0.0,0.0
2023-03-20 00:00:00+08:00,40.32348137538192,41.21856421796296,39.83118649485636,41.039546966552734,1404000,0.0,0.0
2023-03-21 00:00:00+08:00,41.442337602330745,41.66610832741295,41.218566877248534,41.487091064453125,1387000,0.0,0.0
2023-03-22 00:00:00+08:00,42.24791183670787,42.33741875726264,41.62135314941406,41.62135314941406,1669000,0.0,0.0
2023-03-23 00:00:00+08:00,41.17381399734113,41.93463310759082,41.17381399734113,41.26332092285156,958000,0.0,0.0
2023-03-24 00:00:00+08:00,41.889872909784586,41.889872909784586,41.263314288538595,41.576595306396484,860000,0.0,0.0
2023-03-27 00:00:00+08:00,41.44233152524742,41.889872909784586,41.30807115856815,41.576595306396484,827000,0.0,0.0
2023-03-28 00:00:00+08:00,41.80037001801586,41.934630397605055,40.45774573530317,40.5472526550293,1315000,0.0,0.0
2023-03-29 00:00:00+08:00,41.17381379273463,41.979389776206695,40.81577926353141,41.755619049072266,2216000,0.0,0.0
2023-03-30 00:00:00+08:00,42.24791279356638,42.47168351449155,41.97938861135022,42.20315933227539,2171000,0.0,0.0
2023-03-31 00:00:00+08:00,42.51643756251752,42.561191024426115,41.66610812837311,41.97938919067383,1663000,0.0,0.0
2023-04-06 00:00:00+08:00,41.621352404907725,42.87446975708008,41.576598945430874,42.87446975708008,2368000,0.0,0.0
2023-04-07 00:00:00+08:00,43.1429946874208,43.18774814768499,42.15840148925781,42.15840148925781,1441000,0.0,0.0
2023-04-10 00:00:00+08:00,42.51643485097563,42.605941769084396,41.71085893011649,41.80036926269531,881000,0.0,0.0
2023-04-11 00:00:00+08:00,42.24790738320223,42.24790738320223,41.53184185083673,41.576595306396484,733000,0.0,0.0
2023-04-12 00:00:00+08:00,42.024139404296875,42.426927359281,41.80036869758014,42.024139404296875,1419000,0.0,0.0
2023-04-13 00:00:00+08:00,42.337421123098586,42.38217458587681,40.99479675292969,40.99479675292969,1461000,0.0,0.0
2023-04-14 00:00:00+08:00,41.26331981709067,41.397583616228694,40.63676452636719,40.63676452636719,1209000,0.0,0.0
2023-04-17 00:00:00+08:00,40.905286809867846,42.91922321655693,40.6815160980135,42.87446975708008,3371000,0.0,0.0
2023-04-18 00:00:00+08:00,43.09823947943121,43.14299293788055,41.934629072928175,42.024139404296875,2399000,0.0,0.0
2023-04-19 00:00:00+08:00,41.97938482871783,42.74020384552028,41.755614127955944,42.4716796875,1991000,0.0,0.0
2023-04-20 00:00:00+08:00,42.516436183415294,44.575126094665585,41.75561711223698,43.993324279785156,10619000,0.0,0.0
2023-04-21 00:00:00+08:00,44.17233950487106,45.649227647489724,41.53184769605327,42.78496170043945,18298000,0.0,0.0
2023-04-24 00:00:00+08:00,42.20315665256427,42.426927359281,41.35282728414667,42.024139404296875,2857000,0.0,0.0
2023-04-25 00:00:00+08:00,41.97938786761916,42.20315858457988,40.27872905292962,40.323482513427734,2986000,0.0,0.0
2023-04-26 00:00:00+08:00,40.01020815945991,40.189225430616034,39.02561487533642,39.74168395996094,1581000,0.0,0.0
2023-04-27 00:00:00+08:00,40.278730786883116,40.68151877764601,39.65217206952643,39.92069625854492,1151000,0.0,0.0
2023-04-28 00:00:00+08:00,40.45774688988855,40.54725381216903,40.09971237182617,40.09971237182617,872000,0.0,0.0
2023-05-02 00:00:00+08:00,40.27872848138078,40.771023368814745,39.92069397353602,40.5472526550293,533000,0.0,0.0
2023-05-03 00:00:00+08:00,40.27872637247879,40.63676086157769,40.05495567040946,40.14446258544922,739000,0.0,0.0
2023-05-04 00:00:00+08:00,40.18921945743904,40.50249707454812,40.01020221288959,40.14446258544922,615000,0.0,0.0
2023-05-05 00:00:00+08:00,40.323482521015215,40.41299285649845,40.010204882999325,40.05495834350586,627000,0.0,0.0
2023-05-08 00:00:00+08:00,40.18922483356572,40.457749029075494,39.875943760078975,39.9654541015625,701000,0.0,0.0
2023-05-09 00:00:00+08:00,40.50250183342849,42.91922638262658,40.50250183342849,40.99479675292969,5612000,0.0,0.0
2023-05-10 00:00:00+08:00,40.90528545192095,41.88987518560626,40.726268205486356,40.95003890991211,1999000,0.0,0.0
2023-05-11 00:00:00+08:00,41.263320064590545,41.53184766447725,39.24938355226187,39.33889389038086,2204000,0.0,0.0
2023-05-12 00:00:00+08:00,39.87593884577452,41.12905615634671,39.47315089491417,40.95003890991211,1835000,0.0,0.0
2023-05-15 00:00:00+08:00,40.36823597392584,40.99479466430989,40.01020487547079,40.323482513427734,839000,0.0,0.0
2023-05-16 00:00:00+08:00,40.68151644537423,41.800370014199316,40.68151644537423,40.81577682495117,1714000,0.0,0.0
2023-05-17 00:00:00+08:00,41.26332245089398,41.62135699513494,40.994798249948495,41.35283279418945,1378000,0.0,0.0
2023-05-18 00:00:00+08:00,42.51643260320028,44.21709127311624,41.44233257033072,42.96397399902344,11108000,0.0,0.0
2023-05-19 00:00:00+08:00,43.59053711911741,44.57512692540007,41.71086101466383,42.20315933227539,8787000,0.0,0.0
2023-05-22 00:00:00+08:00,42.20315282266148,43.68003730428382,42.06888904502776,43.59053039550781,3888000,0.0,0.0
2023-05-23 00:00:00+08:00,43.948564871078865,44.306599363032774,43.05348205566406,43.05348205566406,4065000,0.0,0.0
2023-05-24 00:00:00+08:00,43.05348471818017,44.03807792470771,42.963977796891385,43.50102615356445,3251000,0.0,0.0
2023-05-25 00:00:00+08:00,43.85906009970551,43.948567019835224,42.69545306566857,43.187747955322266,2567000,0.0,0.0
2023-05-26 00:00:00+08:00,43.7695499922282,44.12758106114496,41.88987407615313,41.934627532958984,3599000,0.0,0.0
2023-05-29 00:00:00+08:00,42.38217371477343,43.142996224247085,42.15840299101122,42.78496170043945,1828000,0.0,0.0
2023-05-30 00:00:00+08:00,42.695453075553736,43.142994505246186,42.2926651059365,42.650699615478516,1742000,0.0,0.0
2023-05-31 00:00:00+08:00,43.14299774169922,43.36676847333203,42.96398047349889,43.14299774169922,1494000,0.0,0.0
2023-06-01 00:00:00+08:00,43.14299507944773,43.41151925794303,42.60594330798694,42.69545364379883,1467000,0.0,0.0
2023-06-02 00:00:00+08:00,43.00873242420165,43.41152040986768,42.78496170043945,42.78496170043945,1778000,0.0,0.0
2023-06-05 00:00:00+08:00,43.41152024042039,46.991851806640625,43.23250297921532,46.991851806640625,17215000,0.0,0.0
2023-06-06 00:00:00+08:00,46.99184597642934,47.170863215423985,43.456268310546875,43.456268310546875,19016000,0.0,0.0
2023-06-07 00:00:00+08:00,43.63528609275818,43.99332057520466,42.96397399902344,42.96397399902344,4734000,0.0,0.0
2023-06-08 00:00:00+08:00,39.74168220837065,41.129060023359536,39.74168220837065,40.412994384765625,6254000,0.0,0.0
2023-06-09 00:00:00+08:00,40.726270870738674,40.99479505072863,40.502500151668684,40.86053466796875,1910000,0.0,0.0
2023-06-12 00:00:00+08:00,41.173812511543076,41.173812511543076,39.92069511279498,40.09971237182617,1959000,0.0,0.0
2023-06-13 00:00:00+08:00,40.27872848510742,40.63676299298532,40.09971123116848,40.27872848510742,1137000,0.0,0.0
2023-06-14 00:00:00+08:00,40.547253800728726,40.86053485756247,40.323483080620434,40.36823654174805,986000,0.0,0.0
2023-06-15 00:00:00+08:00,40.41299341734588,40.81577798196464,40.323483080620434,40.36823654174805,889000,0.0,0.0
2023-06-16 00:00:00+08:00,40.72626990523321,40.99479407885721,40.457745731609215,40.81577682495117,1094000,0.0,0.0
2023-06-19 00:00:00+08:00,40.726268764491316,40.99479293059395,40.32348080810234,40.45774459838867,904000,0.0,0.0
2023-06-20 00:00:00+08:00,40.45774687847349,40.81577798196464,40.27872961949282,40.36823654174805,563000,0.0,0.0
2023-06-21 00:00:00+08:00,40.09971236051214,40.726271059709404,40.09971236051214,40.36823654174805,615000,0.0,0.0
2023-06-26 00:00:00+08:00,40.45774361702824,40.50249707454812,40.099709127929344,40.14446258544922,787000,0.0,0.0
2023-06-27 00:00:00+08:00,40.18921945743904,40.77102123413732,40.099709127929344,40.14446258544922,807000,0.0,0.0
2023-06-28 00:00:00+08:00,40.3234830919976,40.63676414891973,40.09971237182617,40.09971237182617,509000,0.0,0.0
2023-06-29 00:00:00+08:00,40.1444667826314,40.771025496827434,40.1444667826314,40.412994384765625,686000,0.0,0.0
2023-06-30 00:00:00+08:00,40.41299488709144,41.30807780007712,40.41299488709144,41.26332092285156,1429000,0.0,0.0
2023-07-03 00:00:00+08:00,41.800372719325175,41.84512618208039,41.218567460096345,41.26332092285156,1066000,0.0,0.0
2023-07-04 00:00:00+08:00,41.710862400792365,41.710862400792365,40.90528982737323,40.99479675292969,1114000,0.0,0.0
2023-07-05 00:00:00+08:00,41.442338209652654,41.800372740819164,40.950043290151456,40.99479675292969,979000,0.0,0.0
2023-07-06 00:00:00+08:00,41.44233609053649,41.44233609053649,40.54725322285981,40.59200668334961,895000,0.0,0.0
2023-07-07 00:00:00+08:00,40.1892200150252,40.23397347316599,39.473151026892644,39.65216827392578,1191000,0.0,0.0
2023-07-10 00:00:00+08:00,39.65216555569342,39.831182790454584,39.20462417602539,39.20462417602539,1037000,0.0,0.0
2023-07-11 00:00:00+08:00,40.4188689215756,40.60729899496009,39.570919215052314,39.61802673339844,969000,2.188777,0.0
2023-07-12 00:00:00+08:00,39.90067431136328,39.9948929394695,39.2882694020021,39.382484436035156,631000,0.0,0.0
2023-07-13 00:00:00+08:00,39.57092039252673,39.66513543202244,38.15767323565077,38.251888275146484,1923000,0.0,0.0
2023-07-14 00:00:00+08:00,38.251885042605906,38.864293529795546,38.11056249530504,38.34610366821289,807000,0.0,0.0
2023-07-17 00:00:00+08:00,38.346106415546316,39.28827117467977,37.309723024055515,38.95851135253906,1585000,0.0,0.0
2023-07-18 00:00:00+08:00,39.570921707153325,39.570921707153325,37.45105090141296,37.68659210205078,2029000,0.0,0.0
2023-07-19 00:00:00+08:00,37.82791971574225,37.87502723886788,36.32045381720639,36.36756134033203,1978000,0.0,0.0
2023-07-20 00:00:00+08:00,36.46177269108453,37.356829827823056,35.99069036586141,37.21550369262695,1224000,0.0,0.0
2023-07-21 00:00:00+08:00,37.215508180117034,37.215508180117034,36.414669568300816,36.555992126464844,818000,0.0,0.0
2023-07-24 00:00:00+08:00,36.555990352253836,36.93285767721371,34.86009457808076,35.3782844543457,1606000,0.0,0.0
2023-07-25 00:00:00+08:00,35.47250536068741,37.02707508931763,35.47250536068741,36.650211334228516,1310000,0.0,0.0
2023-07-26 00:00:00+08:00,37.21550517985174,38.2989960087931,37.21550517985174,37.54526138305664,3347000,0.0,0.0
2023-07-27 00:00:00+08:00,37.403942284754145,37.87502467223449,36.83864126333369,37.4510498046875,1327000,0.0,0.0
2023-07-28 00:00:00+08:00,37.30972160466659,37.451047750789414,36.83863924302144,37.02707290649414,598000,0.0,0.0
2023-07-31 00:00:00+08:00,37.639481049038956,37.92212974446881,36.88574999653495,36.932857513427734,1113000,0.0,0.0
2023-08-01 00:00:00+08:00,37.215507329101804,38.06345703498913,37.12129229248022,37.168399810791016,943000,0.0,0.0
2023-08-02 00:00:00+08:00,37.12129372364495,37.4510499586071,36.55599269990118,36.650211334228516,770000,0.0,0.0
2023-08-04 00:00:00+08:00,36.979969923186225,36.979969923186225,36.08491260750457,36.36756134033203,590000,0.0,0.0
2023-08-07 00:00:00+08:00,36.367556224807885,36.50888236837925,35.37828400202772,36.08490753173828,779000,0.0,0.0
2023-08-08 00:00:00+08:00,34.954309410123294,35.23696169924504,33.729496002197266,33.729496002197266,2604000,0.0,0.0
2023-08-09 00:00:00+08:00,33.72949711358014,34.200579485540956,33.63528207681728,33.96503829956055,700000,0.0,0.0
2023-08-10 00:00:00+08:00,34.29479920372549,34.29479920372549,32.7873334092113,33.35263442993164,1021000,0.0,0.0
2023-08-11 00:00:00+08:00,33.39973735860846,33.68238603307846,33.02287006326654,33.2113037109375,480000,0.0,0.0
2023-08-14 00:00:00+08:00,32.83444082758199,32.83444082758199,31.326978631801353,31.703845977783203,1114000,0.0,0.0
2023-08-15 00:00:00+08:00,31.845168565970976,32.64601077839334,31.845168565970976,32.55179214477539,613000,0.0,0.0
2023-08-16 00:00:00+08:00,32.5517906719046,32.69311681890025,31.703844572150345,32.2220344543457,688000,0.0,0.0
2023-08-17 00:00:00+08:00,32.222032316416495,32.92865581636391,31.562516330984316,32.59889602661133,621000,0.0,0.0
2023-08-18 00:00:00+08:00,32.50468495686849,32.8344411927146,31.79806137084961,31.79806137084961,653000,0.0,0.0
2023-08-21 00:00:00+08:00,31.89227608574326,33.06998205041729,31.89227608574326,32.55179214477539,817000,0.0,0.0
2023-08-22 00:00:00+08:00,32.69311685479258,32.834439407870164,31.798059642341652,31.84516716003418,721000,0.0,0.0
2023-08-23 00:00:00+08:00,31.845166373331768,32.316248726765885,31.845166373331768,32.08070755004883,469000,0.0,0.0
2023-08-24 00:00:00+08:00,32.26914552084936,32.50468672903074,31.75095558166504,31.75095558166504,514000,0.0,0.0
2023-08-25 00:00:00+08:00,31.75095494289631,32.22203734978179,31.421195101632346,32.03360366821289,383000,0.0,0.0
2023-08-28 00:00:00+08:00,32.31625174674738,32.31625174674738,31.37408695183304,31.468305587768555,439000,0.0,0.0
2023-08-29 00:00:00+08:00,31.51541094211326,31.84516716003418,31.468303424420732,31.84516716003418,291000,0.0,0.0
2023-08-30 00:00:00+08:00,32.03360096729585,32.457575816559995,32.03360096729585,32.269142150878906,497000,0.0,0.0
2023-08-31 00:00:00+08:00,32.316250776104376,32.74022563989612,32.17492821755603,32.50468444824219,346000,0.0,0.0
2023-09-01 00:00:00+08:00,32.59889913118193,32.646010244256786,32.17492786609478,32.41046905517578,352000,0.0,0.0
2023-09-04 00:00:00+08:00,32.41046690634208,33.02287180090589,32.41046690634208,32.787330627441406,462000,0.0,0.0
2023-09-05 00:00:00+08:00,32.78733501147462,33.35263605982029,32.74022748929753,32.881553649902344,420000,0.0,0.0
2023-09-06 00:00:00+08:00,32.97576869425651,33.30552494356965,32.69311996712045,32.881553649902344,467000,0.0,0.0
2023-09-07 00:00:00+08:00,32.97576349092678,34.10636181514458,32.78732983787831,33.39973831176758,1599000,0.0,0.0
2023-09-08 00:00:00+08:00,32.50468300222038,32.69311666597543,30.10216367304482,30.196378707885742,3309000,0.0,0.0
2023-09-11 00:00:00+08:00,30.14927194371971,30.667461836437734,29.866623238061997,30.337705612182617,729000,0.0,0.0
2023-09-12 00:00:00+08:00,30.33770517575234,30.85589506101582,30.33770517575234,30.667461395263672,582000,0.0,0.0
2023-09-13 00:00:00+08:00,30.667460932307808,31.75095179847136,30.667460932307808,31.37408447265625,620000,0.0,0.0
2023-09-14 00:00:00+08:00,31.75095118587664,31.986492361448317,31.326976351033,31.6567325592041,533000,0.0,0.0
2023-09-15 00:00:00+08:00,31.892278403999402,32.033604567662664,31.326980937493637,31.42119598388672,386000,0.0,0.0
2023-09-18 00:00:00+08:00,31.185653621046335,31.798062182184477,31.138546099591135,31.56252098083496,223000,0.0,0.0
2023-09-19 00:00:00+08:00,31.89227693308335,31.89227693308335,31.09143829345703,31.09143829345703,469000,0.0,0.0
2023-09-20 00:00:00+08:00,30.714570470470406,31.515412692002947,30.52614038923773,30.5732479095459,358000,0.0,0.0
2023-09-21 00:00:00+08:00,30.714568587657226,30.714568587657226,30.14927119046528,30.196378707885742,350000,0.0,0.0
2023-09-22 00:00:00+08:00,30.102164731194815,30.85589581863693,29.86662354173957,30.808788299560547,424000,0.0,0.0
2023-09-25 00:00:00+08:00,31.091438854441925,32.881553438236175,30.997223810694244,32.03360366821289,1436000,0.0,0.0
2023-09-26 00:00:00+08:00,32.03360220996229,32.36335844214137,31.703845977783203,31.703845977783203,432000,0.0,0.0
2023-09-27 00:00:00+08:00,31.51541310869958,31.892276870221238,31.421194472764064,31.468305587768555,237000,0.0,0.0
2023-09-28 00:00:00+08:00,31.421194472764064,31.750954307428167,31.421194472764064,31.468305587768555,195000,0.0,0.0
2023-10-02 00:00:00+08:00,31.89227467772671,32.174926972028324,31.656733495190846,31.84516716003418,279000,0.0,0.0
2023-10-03 00:00:00+08:00,31.939384845148606,31.939384845148606,31.515410010304965,31.6567325592041,216000,0.0,0.0
2023-10-04 00:00:00+08:00,31.42119453469764,31.468305649794992,30.997223251409277,31.09143829345703,341000,0.0,0.0
2023-10-05 00:00:00+08:00,31.279870809679256,31.46830448084853,31.18565217705795,31.232763290405273,224000,0.0,0.0
2023-10-06 00:00:00+08:00,31.232763290405273,31.374085848227224,31.09143713850998,31.232763290405273,215000,0.0,0.0
2023-10-11 00:00:00+08:00,31.232764625031287,31.232764625031287,30.196381186350628,30.290599822998047,555000,0.0,0.0
2023-10-12 00:00:00+08:00,30.290596348694798,30.808786211562484,30.290596348694798,30.76167869567871,240000,0.0,0.0
2023-10-13 00:00:00+08:00,30.903000839594615,31.468301805033725,30.714567184448242,30.714567184448242,305000,0.0,0.0
2023-10-16 00:00:00+08:00,31.18565386940108,31.18565386940108,30.384815216064453,30.384815216064453,282000,0.0,0.0
2023-10-17 00:00:00+08:00,30.66746233714712,30.76168096995353,29.63108253479004,29.63108253479004,340000,0.0,0.0
2023-10-18 00:00:00+08:00,29.63108339650087,29.678190917237348,28.50048492845809,28.594701766967773,529000,0.0,0.0
2023-10-19 00:00:00+08:00,28.73602612621394,28.877350485460106,28.50048492845809,28.594701766967773,220000,0.0,0.0
2023-10-20 00:00:00+08:00,28.45337682198867,28.45337682198867,27.32277837722006,28.076509475708008,539000,0.0,0.0
2023-10-23 00:00:00+08:00,27.652535622507827,28.78313223817752,27.652535622507827,28.312049865722656,367000,0.0,0.0
2023-10-24 00:00:00+08:00,28.453377865834636,28.73602658887775,28.406268547302947,28.688919067382812,213000,0.0,0.0
2023-10-25 00:00:00+08:00,28.73602516420426,29.348431898460294,28.73602516420426,29.207107543945312,278000,0.0,0.0
2023-10-26 00:00:00+08:00,28.83024038596367,28.924457216046,28.312048719029114,28.4533748626709,150000,0.0,0.0
2023-10-27 00:00:00+08:00,28.547591051950086,28.688917201315856,28.264942347291825,28.312049865722656,120000,0.0,0.0
2023-10-30 00:00:00+08:00,28.453377122557217,28.688918317952435,28.406267805256146,28.547592163085938,115000,0.0,0.0
2023-10-31 00:00:00+08:00,28.83024119461365,29.112889895752005,27.416994094848633,27.416994094848633,391000,0.0,0.0
2023-11-01 00:00:00+08:00,27.9351861010999,27.9351861010999,27.416996177308228,27.46410369873047,160000,0.0,0.0
2023-11-02 00:00:00+08:00,27.888077599604365,28.170726312278173,27.7938607630342,28.076509475708008,268000,0.0,0.0
2023-11-03 00:00:00+08:00,28.123619079589844,28.312050957616947,28.076509762305538,28.123619079589844,123000,0.0,0.0
2023-11-06 00:00:00+08:00,28.264942481869557,28.736024856567383,28.264942481869557,28.736024856567383,250000,0.0,0.0
2023-11-07 00:00:00+08:00,28.971564915554584,29.018672432375,28.453375042383684,28.5004825592041,136000,0.0,0.0
2023-11-08 00:00:00+08:00,28.641806725799,28.78313107240422,28.26494120250623,28.4533748626709,177000,0.0,0.0
2023-11-09 00:00:00+08:00,28.217834328314815,28.217834328314815,27.793859481811523,27.793859481811523,343000,0.0,0.0
2023-11-10 00:00:00+08:00,27.60542776855929,27.60542776855929,26.851696651541246,26.99302101135254,553000,0.0,0.0
2023-11-13 00:00:00+08:00,27.275669892459533,27.275669892459533,26.474829505501322,27.040128707885742,337000,0.0,0.0
2023-11-14 00:00:00+08:00,27.416996177308228,27.652537378492944,27.228562497545756,27.46410369873047,230000,0.0,0.0
2023-11-15 00:00:00+08:00,27.746752606977253,28.07650883185581,27.652535772567674,27.935184478759766,263000,0.0,0.0
2023-11-16 00:00:00+08:00,27.982292045213352,28.45337439077562,27.60542473113431,28.35915756225586,309000,0.0,0.0
2023-11-17 00:00:00+08:00,30.055055157693925,31.185651779174805,29.34843159537963,31.185651779174805,4178000,0.0,0.0
2023-11-20 00:00:00+08:00,32.127816450461125,33.682389721385135,31.84516774504038,33.16419982910156,6952000,0.0,0.0
2023-11-21 00:00:00+08:00,32.504684270968184,33.91793141318419,32.08070940948871,32.457576751708984,2965000,0.0,0.0
2023-11-22 00:00:00+08:00,32.69312041439056,32.92866162257195,31.75095558166504,31.75095558166504,1483000,0.0,0.0
2023-11-23 00:00:00+08:00,31.750954307428167,32.457577903613924,31.279871909970993,31.468305587768555,994000,0.0,0.0
2023-11-24 00:00:00+08:00,31.656735733890496,31.89227693308335,31.09143829345703,31.09143829345703,578000,0.0,0.0
2023-11-27 00:00:00+08:00,31.374083590313948,31.374083590313948,30.620352553954305,30.76167869567871,603000,0.0,0.0
2023-11-28 00:00:00+08:00,31.37408695183304,31.468305587768555,30.80878951251382,31.468305587768555,406000,0.0,0.0
2023-11-29 00:00:00+08:00,31.562519519396496,32.080709419556996,31.232763290405273,31.232763290405273,562000,0.0,0.0
2023-11-30 00:00:00+08:00,31.562519749490686,31.65673478872549,30.85589617300955,30.903003692626953,410000,0.0,0.0
2023-12-01 00:00:00+08:00,31.09143829345703,31.562520691842742,30.808789573240297,31.09143829345703,342000,0.0,0.0
2023-12-04 00:00:00+08:00,31.091438578135932,31.84516970363968,31.091438578135932,31.56252098083496,576000,0.0,0.0
2023-12-05 00:00:00+08:00,31.89227561461067,31.89227561461067,30.714569667334455,30.808788299560547,486000,0.0,0.0
2023-12-06 00:00:00+08:00,30.808788299560547,31.23276315939465,30.714569667334455,30.808788299560547,315000,0.0,0.0
2023-12-07 00:00:00+08:00,31.091437821082593,31.091437821082593,30.24348807924188,30.5732479095459,358000,0.0,0.0
2023-12-08 00:00:00+08:00,30.52614172557482,30.714571815056363,30.149274358464584,30.47903060913086,292000,0.0,0.0
2023-12-11 00:00:00+08:00,30.526139637618915,30.714569714212036,30.243487334582568,30.431921005249023,177000,0.0,0.0
2023-12-12 00:00:00+08:00,30.431920511711766,30.573246660937947,29.91373062133789,29.91373062133789,355000,0.0,0.0
2023-12-13 00:00:00+08:00,30.055055779615248,30.055055779615248,29.678190231323242,29.678190231323242,322000,0.0,0.0
2023-12-14 00:00:00+08:00,30.055056248103956,30.52614043710793,29.678190693937488,29.77240753173828,399000,0.0,0.0
2023-12-15 00:00:00+08:00,29.866623725696044,30.055055600198845,29.63108253479004,29.63108253479004,271000,0.0,0.0
2023-12-18 00:00:00+08:00,29.63108258418571,29.67819010363077,29.207107721033456,29.254215240478516,351000,0.0,0.0
2023-12-19 00:00:00+08:00,29.536866037969297,29.772407231578246,28.971566813900488,29.30132484436035,226000,0.0,0.0
2023-12-20 00:00:00+08:00,29.678189435343103,30.055054973527437,29.395540730964015,29.91373062133789,284000,0.0,0.0
2023-12-21 00:00:00+08:00,29.91372902577065,29.91372902577065,29.39553916303648,29.58397102355957,269000,0.0,0.0
2023-12-22 00:00:00+08:00,29.58397355787641,29.72529791463444,29.207108007509433,29.30132484436035,298000,0.0,0.0
2023-12-25 00:00:00+08:00,28.73602388770824,29.30132307769342,27.840966687145315,28.924457550048828,534000,0.0,0.0
2023-12-26 00:00:00+08:00,28.924458054593654,29.207106755998346,28.264942021933884,28.641807556152344,259000,0.0,0.0
2023-12-27 00:00:00+08:00,28.924457729223363,29.348430776561145,28.924457729223363,28.97156524658203,265000,0.0,0.0
2023-12-28 00:00:00+08:00,28.971564595570726,29.159998254844346,28.783130936297106,28.83024024963379,179000,0.0,0.0
2023-12-29 00:00:00+08:00,28.73602519167905,28.73602519167905,28.264942811487593,28.406267166137695,327000,0.0,0.0
2024-01-02 00:00:00+08:00,28.406266834871573,29.159999712610084,28.406266834871573,28.736024856567383,208000,0.0,0.0
2024-01-03 00:00:00+08:00,28.73602373737934,28.73602373737934,28.453375042383684,28.5004825592041,126000,0.0,0.0
2024-01-04 00:00:00+08:00,28.359160274901253,28.406267795148853,28.076509762305538,28.123619079589844,273000,0.0,0.0
2024-01-05 00:00:00+08:00,28.641808698092312,28.641808698092312,28.076509475708008,28.076509475708008,132000,0.0,0.0
2024-01-08 00:00:00+08:00,27.982293002326262,28.97156524302971,27.982293002326262,28.170724868774414,176000,0.0,0.0
2024-01-09 00:00:00+08:00,28.264941368167143,28.264941368167143,27.699642181396484,27.699642181396484,234000,0.0,0.0
2024-01-10 00:00:00+08:00,27.793859628711978,28.02940081200615,27.32277726212364,27.416994094848633,195000,0.0,0.0
2024-01-11 00:00:00+08:00,27.51121092757362,27.793859628711978,27.416994094848633,27.416994094848633,183000,0.0,0.0
2024-01-12 00:00:00+08:00,27.511213017189466,27.511213017189466,27.369886858849235,27.46410369873047,127000,0.0,0.0
2024-01-15 00:00:00+08:00,27.74675306828351,28.029401779174805,27.605426915801186,28.029401779174805,134000,0.0,0.0
2024-01-16 00:00:00+08:00,28.217835713166533,29.913731588336276,27.982294519557588,29.30132484436035,1247000,0.0,0.0
2024-01-17 00:00:00+08:00,29.63108278652402,29.63108278652402,28.076509475708008,28.076509475708008,571000,0.0,0.0
2024-01-18 00:00:00+08:00,28.359158678137046,28.359158678137046,27.746751964216315,27.793859481811523,169000,0.0,0.0
2024-01-19 00:00:00+08:00,28.029401469434426,28.264942658253204,27.51121157284778,27.558319091796875,216000,0.0,0.0
2024-01-22 00:00:00+08:00,27.558319221950768,28.029401601813177,27.558319221950768,27.9822940826416,146000,0.0,0.0
2024-01-23 00:00:00+08:00,27.982294721810337,28.21783591712175,27.93518540452603,28.123619079589844,140000,0.0,0.0
2024-01-24 00:00:00+08:00,28.170726609860928,28.736025838216797,28.170726609860928,28.547592163085938,187000,0.0,0.0
2024-01-25 00:00:00+08:00,28.40626750518524,28.500484341755406,28.076509475708008,28.076509475708008,176000,0.0,0.0
2024-01-26 00:00:00+08:00,28.076509461000533,28.170726297521345,27.605427075433163,27.652536392211914,262000,0.0,0.0
2024-01-29 00:00:00+08:00,27.69964219400097,28.54759007602452,27.69964219400097,28.5004825592041,356000,0.0,0.0
2024-01-30 00:00:00+08:00,28.783133820395996,28.83024313845308,28.217836380004883,28.217836380004883,264000,0.0,0.0
2024-01-31 00:00:00+08:00,28.217833685983347,28.594699209276115,28.170724372423898,28.4533748626709,226000,0.0,0.0
2024-02-01 00:00:00+08:00,28.594699209276115,28.641806725799,28.312048719029114,28.4533748626709,163000,0.0,0.0
2024-02-02 00:00:00+08:00,28.547592621220787,28.64180946029822,28.217836380004883,28.217836380004883,251000,0.0,0.0
2024-02-05 00:00:00+08:00,28.26494343736935,28.359160274901253,27.793861046746525,28.123619079589844,311000,0.0,0.0
2024-02-15 00:00:00+08:00,29.960837636693856,30.620353665220954,28.924457873346434,29.395540237426758,1053000,0.0,0.0
2024-02-16 00:00:00+08:00,29.489754528890476,30.149270540784766,29.44264701248512,30.0550537109375,572000,0.0,0.0
2024-02-19 00:00:00+08:00,30.055052985508983,31.091434494740984,30.055052985508983,30.714567184448242,687000,0.0,0.0
2024-02-20 00:00:00+08:00,31.091438467096904,31.27987214631825,30.24348870763759,30.290599822998047,526000,0.0,0.0
2024-02-21 00:00:00+08:00,30.43192148225994,31.091437542893573,30.149272768866496,30.950111389160156,548000,0.0,0.0
2024-02-22 00:00:00+08:00,31.232763795776197,31.232763795776197,30.479029098903077,30.526140213012695,330000,0.0,0.0
2024-02-23 00:00:00+08:00,30.950109101895112,30.950109101895112,30.0550537109375,30.0550537109375,404000,0.0,0.0
2024-02-26 00:00:00+08:00,30.33770547494316,30.33770547494316,29.81951378753265,29.91373062133789,307000,0.0,0.0
2024-02-27 00:00:00+08:00,29.913731588336276,30.055055945094303,29.207108007509433,29.30132484436035,361000,0.0,0.0
2024-02-29 00:00:00+08:00,29.395541343884034,29.77240688992631,29.34843202748083,29.63108253479004,220000,0.0,0.0
2024-03-01 00:00:00+08:00,29.866623903987588,29.866623903987588,29.6310827116755,29.678190231323242,150000,0.0,0.0
2024-03-04 00:00:00+08:00,29.960838317871094,30.055055152236555,29.725297130475766,29.960838317871094,179000,0.0,0.0
2024-03-05 00:00:00+08:00,30.33770529398434,30.620353996677483,29.819513609664746,29.866622924804688,281000,0.0,0.0
2024-03-06 00:00:00+08:00,29.866621848279532,30.337704200479294,29.631080672179653,30.0550537109375,349000,0.0,0.0
2024-03-07 00:00:00+08:00,30.055055945094303,30.14927278194522,29.207108007509433,29.30132484436035,366000,0.0,0.0
2024-03-08 00:00:00+08:00,29.348431926520618,29.631082432857493,28.217835292283112,28.406267166137695,603000,0.0,0.0
2024-03-11 00:00:00+08:00,29.77240543650831,29.77240543650831,28.877348235945387,28.924457550048828,284000,0.0,0.0
2024-03-12 00:00:00+08:00,29.112889917692286,29.583972284635646,29.112889917692286,29.44264793395996,166000,0.0,0.0
2024-03-13 00:00:00+08:00,29.725295779154425,29.772405092713875,28.4533748626709,28.4533748626709,284000,0.0,0.0
2024-03-14 00:00:00+08:00,28.641808199225192,30.00794781310621,28.26494265654525,28.783132553100586,563000,0.0,0.0
2024-03-15 00:00:00+08:00,28.500482379193784,29.06578156265122,28.312048719029114,28.4533748626709,323000,0.0,0.0
2024-03-18 00:00:00+08:00,28.4533748626709,28.4533748626709,28.4533748626709,28.4533748626709,0,0.0,0.0
2024-03-19 00:00:00+08:00,28.783134110372682,29.11289215194748,28.641809748851124,28.688919067382812,192000,0.0,0.0
2024-03-20 00:00:00+08:00,28.73602658887775,29.01867531192086,28.688919067382812,28.688919067382812,176000,0.0,0.0
2024-03-21 00:00:00+08:00,29.112888941507663,29.112888941507663,28.688915903696852,28.83024024963379,157000,0.0,0.0
2024-03-22 00:00:00+08:00,29.018674803971177,30.431921988522436,28.924459762630473,30.243488311767578,843000,0.0,0.0
2024-03-25 00:00:00+08:00,30.5261400889172,30.667462648451355,29.960839068560432,30.10216522216797,761000,0.0,0.0
2024-03-26 00:00:00+08:00,30.10216522216797,30.10216522216797,30.10216522216797,30.10216522216797,0,0.0,0.0
2024-03-27 00:00:00+08:00,29.48975620098185,31.13854452716856,29.48975620098185,30.808788299560547,1297000,0.0,0.0
2024-03-28 00:00:00+08:00,30.903002398673337,31.09143606332632,30.290597481142658,30.62035369873047,515000,0.0,0.0
2024-03-29 00:00:00+08:00,30.714569667334455,31.939386727760382,30.714569667334455,30.808788299560547,1029000,0.0,0.0
2024-04-01 00:00:00+08:00,31.09143524518429,31.46830256457335,30.0550537109375,30.0550537109375,747000,0.0,0.0
2024-04-02 00:00:00+08:00,30.14927101135254,30.431919708269334,29.77240548311795,30.14927101135254,418000,0.0,0.0
2024-04-03 00:00:00+08:00,30.290597336799866,30.431919889061255,30.055054358587757,30.196378707885742,252000,0.0,0.0
2024-04-08 00:00:00+08:00,30.24348807924188,30.667462950162236,30.055056200972498,30.5732479095459,335000,0.0,0.0
2024-04-09 00:00:00+08:00,30.526138663440584,30.903002398673337,30.337704998787597,30.62035369873047,417000,0.0,0.0
2024-04-10 00:00:00+08:00,30.85589581863693,31.13854452716856,30.66746214825807,30.808788299560547,397000,0.0,0.0
2024-04-11 00:00:00+08:00,31.091436244687696,31.091436244687696,30.620353877343945,30.667461395263672,387000,0.0,0.0
2024-04-12 00:00:00+08:00,30.526139329606767,31.892275341489096,30.526139329606767,31.185651779174805,1075000,0.0,0.0
2024-04-15 00:00:00+08:00,31.27986883473329,31.845166218476066,30.808786483589934,31.6567325592041,943000,0.0,0.0
2024-04-16 00:00:00+08:00,31.750954370011723,31.750954370011723,30.526140853023566,31.09143829345703,1018000,0.0,0.0
2024-04-17 00:00:00+08:00,31.18565282533721,31.892276411356093,31.18565282533721,31.79806137084961,633000,0.0,0.0
2024-04-18 00:00:00+08:00,31.98649649412121,32.55179395090073,31.703847765731446,32.1278190612793,975000,0.0,0.0
2024-04-19 00:00:00+08:00,31.56251759738405,31.70384374067323,29.207105836385242,30.0550537109375,976000,0.0,0.0
2024-04-22 00:00:00+08:00,30.055054794254573,30.573246478574166,29.63108174021486,29.866622924804688,282000,0.0,0.0
2024-04-23 00:00:00+08:00,29.72529821431953,30.43192180227042,29.72529821431953,29.77240753173828,169000,0.0,0.0
2024-04-24 00:00:00+08:00,30.055055958462987,30.2905989492134,29.583973571035553,29.725297927856445,327000,0.0,0.0
2024-04-25 00:00:00+08:00,29.631081779061642,29.72529681539179,29.25421444559454,29.489755630493164,163000,0.0,0.0
2024-04-26 00:00:00+08:00,29.536865234375,29.725297105913572,29.442648400087393,29.536865234375,175000,0.0,0.0
2024-04-29 00:00:00+08:00,29.536865542438242,30.00794792175293,29.536865542438242,30.00794792175293,162000,0.0,0.0
2024-04-30 00:00:00+08:00,30.196378851779556,31.42119228091413,30.00794698416318,30.62035369873047,790000,0.0,0.0
2024-05-02 00:00:00+08:00,30.620354675915475,30.667462195063756,30.196379815434288,30.431921005249023,281000,0.0,0.0
2024-05-03 00:00:00+08:00,30.667461070236765,30.9972208803264,30.10216367304482,30.196378707885742,191000,0.0,0.0
2024-05-06 00:00:00+08:00,30.761680511459186,30.761680511459186,29.960838317871094,29.960838317871094,316000,0.0,0.0
2024-05-07 00:00:00+08:00,30.149271667023964,30.149271667023964,29.44264811232809,29.489755630493164,370000,0.0,0.0
2024-05-08 00:00:00+08:00,30.10216446793761,30.149271986602017,29.77240644617682,29.960838317871094,280000,0.0,0.0
2024-05-09 00:00:00+08:00,29.81951427820135,30.007947948912438,29.11289070858977,29.207107543945312,291000,0.0,0.0
2024-05-10 00:00:00+08:00,28.641808199225192,28.877349388029735,28.26494265654525,28.783132553100586,516000,0.0,0.0
2024-05-13 00:00:00+08:00,28.500484642821576,28.736025838216797,28.453377122557217,28.547592163085938,146000,0.0,0.0
2024-05-14 00:00:00+08:00,28.641808199225192,28.783132553100586,28.547591364296043,28.783132553100586,130000,0.0,0.0
2024-05-15 00:00:00+08:00,29.018672432375,29.065781746231995,28.453375042383684,28.5004825592041,359000,0.0,0.0
2024-05-16 00:00:00+08:00,28.50048320545,28.830241221779886,28.50048320545,28.641807556152344,401000,0.0,0.0
2024-05-17 00:00:00+08:00,28.641808022220488,28.924458525261173,28.500483669218468,28.736024856567383,244000,0.0,0.0
2024-05-20 00:00:00+08:00,28.73602373737934,28.78313125419976,28.40626572852669,28.5004825592041,332000,0.0,0.0
2024-05-21 00:00:00+08:00,28.45337472812311,29.018672111870853,28.45337472812311,28.83024024963379,229000,0.0,0.0
2024-05-22 00:00:00+08:00,28.830241539015436,29.4897557818956,28.830241539015436,29.112890243530273,228000,0.0,0.0
2024-05-23 00:00:00+08:00,29.207106755998346,29.395540421625885,28.59470003826377,28.641807556152344,211000,0.0,0.0
2024-05-24 00:00:00+08:00,28.641809748851124,28.73602658887775,28.641809748851124,28.688919067382812,119000,0.0,0.0
2024-05-27 00:00:00+08:00,28.830241999559803,29.30132437930086,28.7831326833637,29.207107543945312,288000,0.0,0.0
2024-05-28 00:00:00+08:00,29.536865699020304,29.67819005415657,29.207107672344563,29.63108253479004,277000,0.0,0.0
2024-05-29 00:00:00+08:00,29.86662260150708,29.913730119100467,29.395540237426758,29.395540237426758,243000,0.0,0.0
2024-05-30 00:00:00+08:00,29.44264760831507,29.489755125673735,28.97156524658203,28.97156524658203,182000,0.0,0.0
2024-05-31 00:00:00+08:00,29.207107411763428,29.395541081621726,28.783132553100586,28.783132553100586,162000,0.0,0.0
2024-06-03 00:00:00+08:00,28.971567790425926,29.11289215194748,28.5475929088245,28.688919067382812,259000,0.0,0.0
2024-06-04 00:00:00+08:00,28.68891603935845,28.83024038596367,28.4533748626709,28.4533748626709,203000,0.0,0.0
2024-06-05 00:00:00+08:00,28.736023555881335,28.736023555881335,28.312048719029114,28.4533748626709,129000,0.0,0.0
2024-06-06 00:00:00+08:00,28.5475908720667,28.87734889011457,27.98229346631221,28.264942169189453,344000,0.0,0.0
2024-06-07 00:00:00+08:00,28.264941381028862,28.73602373737934,28.264941381028862,28.5004825592041,164000,0.0,0.0
2024-06-11 00:00:00+08:00,28.50048155719549,28.547589072359717,27.840965562677187,27.88807487487793,444000,0.0,0.0
2024-06-12 00:00:00+08:00,28.264940387301312,28.264940387301312,27.88807487487793,27.88807487487793,108000,0.0,0.0
2024-06-13 00:00:00+08:00,28.029401779174805,28.07650929864446,27.74675306828351,28.029401779174805,268000,0.0,0.0
2024-06-14 00:00:00+08:00,27.935184766433363,28.264942791744378,27.888077247261787,27.9822940826416,174000,0.0,0.0
2024-06-17 00:00:00+08:00,28.07650803703204,28.406266049612054,28.02940051967915,28.170724868774414,201000,0.0,0.0
2024-06-18 00:00:00+08:00,28.312050019361436,28.312050019361436,27.746752606977253,27.935184478759766,148000,0.0,0.0
2024-06-19 00:00:00+08:00,28.076509168998076,28.217835320827813,27.605426788330078,27.605426788330078,402000,0.0,0.0
2024-06-20 00:00:00+08:00,27.652534989746247,28.170724868774414,27.652534989746247,28.170724868774414,201000,0.0,0.0
2024-06-21 00:00:00+08:00,28.2178356290816,28.40626750518524,27.98229443617453,28.076509475708008,163000,0.0,0.0
2024-06-24 00:00:00+08:00,28.076508361907834,28.170725194740402,27.840967178344727,27.840967178344727,127000,0.0,0.0
2024-06-25 00:00:00+08:00,27.746750532348724,27.935182390042158,27.464100050253805,27.88807487487793,200000,0.0,0.0
2024-06-26 00:00:00+08:00,27.793859012031024,27.88807584266556,27.699642181396484,27.699642181396484,116000,0.0,0.0
2024-06-27 00:00:00+08:00,27.935183979281156,27.935183979281156,27.416994094848633,27.416994094848633,166000,0.0,0.0
2024-06-28 00:00:00+08:00,27.746752606977253,28.029401313169345,27.746752606977253,27.935184478759766,143000,0.0,0.0
2024-07-01 00:00:00+08:00,28.07650912098475,28.07650912098475,27.935184766433363,27.9822940826416,71000,0.0,0.0
2024-07-02 00:00:00+08:00,28.029401294520643,28.736024856567383,27.982293775865518,28.736024856567383,562000,0.0,0.0
2024-07-03 00:00:00+08:00,29.112889923184575,29.207106755998346,28.547590723338576,28.641807556152344,320000,0.0,0.0
2024-07-04 00:00:00+08:00,28.971564732568886,28.971564732568886,28.40626554911145,28.4533748626709,279000,0.0,0.0
2024-07-05 00:00:00+08:00,28.406267468312965,29.018674209669086,28.406267468312965,28.877349853515625,462000,0.0,0.0
2024-07-08 00:00:00+08:00,29.207108521725644,29.207108521725644,28.453377407721607,28.594701766967773,365000,0.0,0.0
2024-07-09 00:00:00+08:00,28.594700367417555,28.736024719746688,28.029401161064392,28.312049865722656,268000,0.0,0.0
2024-07-10 00:00:00+08:00,28.406266372636228,28.783131906854692,28.35915885474765,28.641807556152344,165000,0.0,0.0
2024-07-11 00:00:00+08:00,28.641807556152344,28.736024388966115,28.50048320545,28.641807556152344,189000,0.0,0.0
2024-07-12 00:00:00+08:00,28.594699389881512,28.83024056805675,28.5004825592041,28.5004825592041,210000,0.0,0.0
2024-07-15 00:00:00+08:00,28.594701480387005,28.78313335848116,28.453377122557217,28.547592163085938,195000,0.0,0.0
2024-07-16 00:00:00+08:00,28.641807056537942,29.159998729456273,28.641807056537942,28.924457550048828,274000,0.0,0.0
2024-07-17 00:00:00+08:00,29.01867356257142,29.01867356257142,28.641808022220488,28.736024856567383,206000,0.0,0.0
2024-07-18 00:00:00+08:00,28.877350485460106,28.877350485460106,28.453377407721607,28.594701766967773,100000,0.0,0.0
2024-07-19 00:00:00+08:00,28.59469937686974,28.59469937686974,27.605425350761944,27.699642181396484,604000,0.0,0.0
2024-07-22 00:00:00+08:00,27.982294941742527,27.982294941742527,26.616155279384223,26.945913314819336,392000,0.0,0.0
2024-07-23 00:00:00+08:00,27.33362435635832,28.01211745036368,27.13976813021394,27.236696243286133,268000,0.8,0.0
2024-07-26 00:00:00+08:00,26.752057558808456,27.624406880006017,26.31588197383468,26.84898567199707,275000,0.0,0.0
2024-07-29 00:00:00+08:00,26.70359283029638,27.575944008491184,26.558201583513913,26.606666564941406,192000,0.0,0.0
2024-07-30 00:00:00+08:00,26.606665593077196,26.655128723984465,25.78277942640405,26.412809371948242,419000,0.0,0.0
2024-07-31 00:00:00+08:00,26.897448276202752,27.236695741328273,26.8489851449348,26.945911407470703,118000,0.0,0.0
2024-08-01 00:00:00+08:00,27.62440659424573,27.818262818617615,27.13976788206598,27.479015350341797,203000,0.0,0.0
2024-08-02 00:00:00+08:00,27.139768162812928,27.624406880006017,26.800520691027767,26.84898567199707,176000,0.0,0.0
2024-08-05 00:00:00+08:00,26.848985274717272,26.848985274717272,24.183472369596423,24.231935501098633,1128000,0.0,0.0
2024-08-06 00:00:00+08:00,24.37732773885505,24.765038352939715,22.923411549475027,23.65036964416504,635000,0.0,0.0
2024-08-07 00:00:00+08:00,23.98961518030352,25.976633071899414,23.844223942900143,25.976633071899414,299000,0.0,0.0
2024-08-08 00:00:00+08:00,26.75205590863197,28.54521942138672,26.315880350563294,28.54521942138672,1764000,0.0,0.0
2024-08-09 00:00:00+08:00,28.545220804480557,29.514498226041866,28.35136458066831,29.417570114135742,1835000,0.0,0.0
2024-08-12 00:00:00+08:00,29.36910656498735,29.659890914875874,28.981395947219376,29.51449966430664,517000,0.0,0.0
2024-08-13 00:00:00+08:00,29.756817332285973,29.950671705725163,29.223713645640817,29.659889221191406,496000,0.0,0.0
2024-08-14 00:00:00+08:00,29.950673488140996,31.162272175802503,29.659890986302273,30.823022842407227,1555000,0.0,0.0
2024-08-15 00:00:00+08:00,31.21073530985894,31.307661577971807,30.48377720651207,30.823022842407227,856000,0.0,0.0
2024-08-16 00:00:00+08:00,31.11380392135886,32.71311315458289,30.580702076117497,31.88922882080078,2261000,0.0,0.0
2024-08-19 00:00:00+08:00,32.3738671977873,32.71311281464289,31.986154752095267,32.519256591796875,931000,0.0,0.0
2024-08-20 00:00:00+08:00,32.95543293732975,35.18477030829618,31.792299270629883,31.792299270629883,3464000,0.0,0.0
2024-08-21 00:00:00+08:00,31.74383631825306,33.24621561824289,31.259197595836984,32.325401306152344,1404000,0.0,0.0
2024-08-22 00:00:00+08:00,32.95543426582736,33.34314673619009,32.56772179546462,33.05236053466797,1035000,0.0,0.0
2024-08-23 00:00:00+08:00,32.66464947225646,33.39160753010712,32.56771951270977,33.149288177490234,878000,0.0,0.0
2024-08-26 00:00:00+08:00,33.82778327075502,33.82778327075502,33.05235838056586,33.294677734375,809000,0.0,0.0
2024-08-27 00:00:00+08:00,33.197752529038056,33.48853502336904,32.85850690190191,33.100826263427734,408000,0.0,0.0
2024-08-28 00:00:00+08:00,33.53699927387131,33.53699927387131,32.810041165066295,33.05236053466797,469000,0.0,0.0
2024-08-29 00:00:00+08:00,32.85850656049475,33.77931716672544,32.85850656049475,33.73085403442383,740000,0.0,0.0
2024-08-30 00:00:00+08:00,34.50627257679814,34.79705874313328,33.82778138201535,34.45780944824219,946000,0.0,0.0
2024-09-02 00:00:00+08:00,34.65166565996571,35.03937808341276,34.02163389623918,34.45780944824219,928000,0.0,0.0
2024-09-03 00:00:00+08:00,34.5062781666472,34.70013440977449,33.924713134765625,33.924713134765625,589000,0.0,0.0
2024-09-04 00:00:00+08:00,32.95543201623213,32.95543201623213,30.774557838687354,31.21073341369629,812000,0.0,0.0
2024-09-05 00:00:00+08:00,31.889230105436997,33.440072571795596,31.889230105436997,32.76157760620117,727000,0.0,0.0
2024-09-06 00:00:00+08:00,32.858504034509906,33.440068972421706,32.5677178680543,32.90696716308594,376000,0.0,0.0
2024-09-09 00:00:00+08:00,31.792299721087677,33.24621590068772,31.792299721087677,32.470794677734375,492000,0.0,0.0
2024-09-10 00:00:00+08:00,32.95543047370408,33.052356731391555,31.695370636268276,32.27693557739258,358000,0.0,0.0
2024-09-11 00:00:00+08:00,32.276936592116044,33.246213989461864,32.276936592116044,32.85850524902344,423000,0.0,0.0
2024-09-12 00:00:00+08:00,33.58546321182221,33.58546321182221,32.08308029174805,32.08308029174805,478000,0.0,0.0
2024-09-13 00:00:00+08:00,32.373865801857164,33.197750091552734,32.08307963137661,33.197750091552734,472000,0.0,0.0
2024-09-16 00:00:00+08:00,33.29467616597882,34.45780974897147,33.29467616597882,33.827781677246094,738000,0.0,0.0
2024-09-18 00:00:00+08:00,34.11856728592344,34.26395668622918,33.14928982721823,33.39160919189453,420000,0.0,0.0
2024-09-19 00:00:00+08:00,33.246213920284916,34.55474062247897,33.246213920284916,34.40934753417969,800000,0.0,0.0
2024-09-20 00:00:00+08:00,34.89398761679562,37.123324975035345,34.40934889989568,36.05712127685547,3770000,0.0,0.0
2024-09-23 00:00:00+08:00,36.057122664030715,36.34790516585755,33.44007275258895,33.68239212036133,2565000,0.0,0.0
2024-09-24 00:00:00+08:00,33.97317546822669,34.70013358964738,33.44007358535156,34.26395797729492,753000,0.0,0.0
2024-09-25 00:00:00+08:00,34.215490206370376,36.3479011464628,34.16702707767504,36.0086555480957,2946000,0.0,0.0
2024-09-26 00:00:00+08:00,36.25097825844522,36.34790452484479,34.60320584715225,34.94245147705078,1485000,0.0,0.0
2024-09-27 00:00:00+08:00,35.23323397374953,35.814802664647075,34.797062077451436,34.94245147705078,664000,0.0,0.0
2024-09-30 00:00:00+08:00,34.94245014858104,35.18476950286731,33.92470960007866,34.07010269165039,497000,0.0,0.0
2024-10-01 00:00:00+08:00,33.87624640201686,34.50627450342067,32.761575895494886,33.294677734375,805000,0.0,0.0
2024-10-04 00:00:00+08:00,33.39160602829716,33.87624471173399,32.27693557739258,32.27693557739258,614000,0.0,0.0
2024-10-07 00:00:00+08:00,32.2769388732766,32.955433838871016,32.08308264060675,32.76157760620117,214000,0.0,0.0
2024-10-08 00:00:00+08:00,32.761575945979416,32.761575945979416,32.13154784360476,32.519256591796875,196000,0.0,0.0
2024-10-09 00:00:00+08:00,33.44007266651501,33.536998934374424,31.743837096474387,31.986156463623047,494000,0.0,0.0
2024-10-11 00:00:00+08:00,32.27693808618082,32.27693808618082,31.259197511357556,31.404590606689453,512000,0.0,0.0
2024-10-14 00:00:00+08:00,31.40459088243807,33.2462158203125,31.40459088243807,33.2462158203125,733000,0.0,0.0
2024-10-15 00:00:00+08:00,33.14928925311042,35.08784413694728,33.14928925311042,34.651668548583984,1586000,0.0,0.0
2024-10-16 00:00:00+08:00,34.603204200858315,35.28169912587512,34.118565496917725,34.700130462646484,1207000,0.0,0.0
2024-10-17 00:00:00+08:00,35.37862492950869,35.37862492950869,34.021635097048154,34.40934753417969,535000,0.0,0.0
2024-10-18 00:00:00+08:00,34.409347080981796,34.65166642662251,33.5369959576753,34.11856460571289,416000,0.0,0.0
2024-10-21 00:00:00+08:00,34.11856292501252,34.60320159242037,33.585461130363804,33.876243591308594,389000,0.0,0.0
2024-10-22 00:00:00+08:00,33.92470838970036,34.11856460571289,33.34314343916255,34.11856460571289,278000,0.0,0.0
2024-10-23 00:00:00+08:00,34.312421717993935,34.700130462646484,33.97317240673559,34.700130462646484,279000,0.0,0.0
2024-10-24 00:00:00+08:00,34.748592220344705,34.990911562739015,33.73085172178853,33.827781677246094,306000,0.0,0.0
2024-10-25 00:00:00+08:00,34.167030253354106,36.83254325184272,34.167030253354106,34.94245147705078,2945000,0.0,0.0
2024-10-28 00:00:00+08:00,35.86326748058787,36.2509799593781,33.77931937771578,35.18477249145508,1599000,0.0,0.0
2024-10-29 00:00:00+08:00,35.184768710942926,35.184768710942926,33.92470883651519,34.40934753417969,571000,0.0,0.0
2024-10-30 00:00:00+08:00,34.31242007678911,34.84552188612488,32.810037208434174,32.90696716308594,547000,0.0,0.0
2024-11-01 00:00:00+08:00,32.664648719118105,33.633926107237336,32.22847315496449,33.48853302001953,229000,0.0,0.0
2024-11-04 00:00:00+08:00,33.4885344606347,34.02163630753338,32.81003952026367,32.81003952026367,291000,0.0,0.0
2024-11-05 00:00:00+08:00,33.24621757873273,33.391610683031224,32.71311569213867,32.71311569213867,249000,0.0,0.0
2024-11-06 00:00:00+08:00,32.71311447240873,33.246216339125745,32.18001260569172,32.76157760620117,271000,0.0,0.0
2024-11-07 00:00:00+08:00,33.149289477752426,34.021636962890625,33.149289477752426,34.021636962890625,387000,0.0,0.0
2024-11-08 00:00:00+08:00,35.475551190041664,35.76633736664022,34.021635097048154,34.40934753417969,2705000,0.0,0.0
2024-11-11 00:00:00+08:00,35.717873396582696,37.850284576416016,35.039382123567655,37.850284576416016,5610000,0.0,0.0
2024-11-12 00:00:00+08:00,38.38338484413373,41.63046646118164,38.38338484413373,41.63046646118164,40641000,0.0,0.0
2024-11-13 00:00:00+08:00,43.61748584460427,45.74989700317383,43.18131024665821,45.74989700317383,41036000,0.0,0.0
2024-11-14 00:00:00+08:00,48.02769694361805,50.30550117130732,46.089142042180384,47.00995635986328,118833000,0.0,0.0
2024-11-15 00:00:00+08:00,47.4945941445448,47.591520408696944,44.87754433993723,45.6529655456543,34161000,0.0,0.0
2024-11-18 00:00:00+08:00,45.07139875634336,46.71917106327954,45.07139875634336,45.265254974365234,5001000,0.0,0.0
2024-11-19 00:00:00+08:00,46.57377977499554,47.97923278808594,46.04067792796125,47.97923278808594,7524000,0.0,0.0
2024-11-20 00:00:00+08:00,48.07616132456067,48.27001755923635,46.2345363388921,46.96149444580078,4430962,0.0,0.0
2024-11-21 00:00:00+08:00,47.78537602663564,50.88706450754808,47.78537602663564,50.790138244628906,11377000,0.0,0.0
2024-11-22 00:00:00+08:00,50.79013674466588,50.79013674466588,48.94850822359028,50.693206787109375,6695000,0.0,0.0
2024-11-25 00:00:00+08:00,52.728694759901245,54.279537200927734,50.88706612586975,54.279537200927734,7865000,0.0,0.0
2024-11-26 00:00:00+08:00,53.6010426716877,55.05495885824794,53.50411640491704,54.57032012939453,6264000,0.0,0.0
2024-11-27 00:00:00+08:00,55.539596119277505,58.44742841554858,54.27953619706003,55.24881362915039,8221000,0.0,0.0
2024-11-28 00:00:00+08:00,55.73345041765125,55.73345041765125,49.72392980703062,54.08567810058594,7983000,0.0,0.0
2024-11-29 00:00:00+08:00,53.310259038751774,59.12592366116106,52.63176409330403,58.64128494262695,9347000,0.0,0.0
2024-12-02 00:00:00+08:00,59.22284701372007,62.71224413658254,57.86586088705125,61.54911422729492,8575000,0.0,0.0
2024-12-03 00:00:00+08:00,60.482915997467316,63.97231343299422,58.932069816955256,62.712249755859375,9109000,0.0,0.0
2024-12-04 00:00:00+08:00,64.74773068067695,68.91561889648438,64.16615834800668,68.91561889648438,40630000,0.0,0.0
2024-12-05 00:00:00+08:00,72.40501890235089,73.66508248174911,66.78321441311196,67.55863189697266,59096000,0.0,0.0
2024-12-06 00:00:00+08:00,68.62484584582508,70.56340072966194,66.10471858083713,69.30333709716797,30485000,0.0,0.0
2024-12-09 00:00:00+08:00,69.30333497531169,69.78797368143275,62.42146682739258,62.42146682739258,19084000,0.0,0.0
2024-12-10 00:00:00+08:00,59.51363474663281,62.32454072850142,56.21809005737305,56.21809005737305,23058000,0.0,0.0
2024-12-11 00:00:00+08:00,57.0904412436249,57.962788698947755,53.891822814941406,53.891822814941406,28675000,0.0,0.0
2024-12-12 00:00:00+08:00,54.86109828686592,55.248810718274775,51.75941362559417,51.95326614379883,14582000,0.0,0.0
2024-12-13 00:00:00+08:00,52.72869330984236,56.89658549079499,51.46862970147302,55.73345184326172,33231000,0.0,0.0
2024-12-16 00:00:00+08:00,55.73345444419167,56.50887567956736,51.371705835515804,53.31026077270508,21183000,0.0,0.0
2024-12-17 00:00:00+08:00,53.31025784472617,54.473391482656545,51.85634172168819,53.891822814941406,10675000,0.0,0.0
2024-12-18 00:00:00+08:00,55.9273060809878,59.22284698486328,55.34573742912756,59.22284698486328,23784000,0.0,0.0
2024-12-19 00:00:00+08:00,58.738207508449804,64.74773167683875,57.86586008852219,63.29381561279297,78970000,0.0,0.0
2024-12-20 00:00:00+08:00,63.003033253200734,64.94158812252999,60.385983440106244,61.74297332763672,50319000,0.0,0.0
2024-12-23 00:00:00+08:00,62.22760784585671,64.16616269955941,60.28905668965396,60.67676544189453,30290000,0.0,0.0
2024-12-24 00:00:00+08:00,61.064476501464846,62.809178788078015,59.51363413280854,60.579837799072266,25467000,0.0,0.0
2024-12-25 00:00:00+08:00,62.1306808376619,66.58935546875,61.549115867519944,66.58935546875,62334000,0.0,0.0
2024-12-26 00:00:00+08:00,68.43098212881645,73.1804428100586,68.14020334935242,73.1804428100586,86777000,0.0,0.0
2024-12-27 00:00:00+08:00,75.60364001051892,76.28213125774153,66.88014308622827,67.46170806884766,103454000,0.0,0.0
2024-12-30 00:00:00+08:00,67.4617010241728,68.91561702639635,65.91085876746752,67.75248718261719,33869000,0.0,0.0
2024-12-31 00:00:00+08:00,68.04326869250966,69.49718475341797,66.49242637320734,69.49718475341797,26875000,0.0,0.0
2025-01-02 00:00:00+08:00,69.78797194458477,71.53267420119923,66.10471491173183,66.97706604003906,35578000,0.0,0.0
2025-01-03 00:00:00+08:00,66.9770705279088,67.7524954483622,64.94158935546875,64.94158935546875,16308000,0.0,0.0
2025-01-06 00:00:00+08:00,66.10472377888593,71.04804503738082,64.26310241042769,67.84942626953125,39720000,0.0,0.0
2025-01-07 00:00:00+08:00,67.5586297015349,69.49718444068941,66.58935233195764,67.65556335449219,28153000,0.0,0.0
2025-01-08 00:00:00+08:00,68.81870007704954,74.24665240694355,67.6555700760009,70.46646881103516,71721000,0.0,0.0
2025-01-09 00:00:00+08:00,69.98183219743122,75.11900588013756,67.36478591831691,68.52791595458984,90785000,0.0,0.0
2025-01-10 00:00:00+08:00,68.52790589763293,69.40025699431412,66.39549867907833,67.07398986816406,35202000,0.0,0.0
2025-01-13 00:00:00+08:00,66.68629620576809,67.84942626953125,63.681529983545516,67.84942626953125,18097000,0.0,0.0
2025-01-14 00:00:00+08:00,67.75249999671775,68.33406502859933,66.20165744670001,67.84942626953125,22074000,0.0,0.0
2025-01-15 00:00:00+08:00,67.94634354907197,69.88489832876017,63.87538146972656,63.87538146972656,29604000,0.0,0.0
2025-01-16 00:00:00+08:00,65.52315387758313,69.49718992760666,64.45695016586951,66.20165252685547,35388000,0.0,0.0
2025-01-17 00:00:00+08:00,66.39550018310547,68.14020241598979,64.65079795022115,66.39550018310547,30945000,0.0,0.0
2025-01-20 00:00:00+08:00,66.3955055167714,72.9865951538086,65.1354418701319,72.9865951538086,58199000,0.0,0.0
2025-01-21 00:00:00+08:00,73.18045202609103,73.18045202609103,68.33406447469427,69.10948944091797,62786000,0.0,0.0
2025-01-22 00:00:00+08:00,69.787976687702,73.95587269788425,69.10948542790494,69.88490295410156,69590000,0.0,0.0
2025-02-03 00:00:00+08:00,64.45694821255562,68.43098414214931,64.36002194988257,65.03851318359375,18286352,0.0,0.0
2025-02-04 00:00:00+08:00,65.8139380749778,67.75249290843813,62.61531964176835,65.03851318359375,36836131,0.0,0.0
2025-02-05 00:00:00+08:00,65.03851515453148,68.14020741906208,65.03851515453148,66.20165252685547,25806000,0.0,0.0
2025-02-06 00:00:00+08:00,66.78321974122079,67.65557095078687,65.42622979245137,66.10472106933594,15362001,0.0,0.0
2025-02-07 00:00:00+08:00,65.81394415322595,68.72177667196937,65.0385191902275,67.26786041259766,18585150,0.0,0.0
2025-02-10 00:00:00+08:00,66.88014276765357,68.23713265063493,66.29857778780439,67.17092895507812,10435529,0.0,0.0
2025-02-11 00:00:00+08:00,67.46170964688265,68.33406083871738,66.68629211691858,66.78321838378906,10477318,0.0,0.0
2025-02-12 00:00:00+08:00,66.88013831428181,68.72176679034162,64.55387115478516,64.55387115478516,15332020,0.0,0.0
2025-02-13 00:00:00+08:00,65.03851418705598,65.23237411039293,63.77845796286559,64.0692367553711,5984041,0.0,0.0
2025-02-14 00:00:00+08:00,64.26309884701588,64.36002511445479,61.355262756347656,61.355262756347656,8953058,0.0,0.0
2025-02-17 00:00:00+08:00,61.93682580735034,63.778454300808235,61.35525716323217,63.29381561279297,6429319,0.0,0.0
2025-02-18 00:00:00+08:00,63.39074453315241,65.91086433765085,63.003032087460376,65.03851318359375,10300157,0.0,0.0
2025-02-19 00:00:00+08:00,65.81394386407315,67.2678601170571,64.65080642468571,65.42623138427734,20334261,0.0,0.0
2025-02-20 00:00:00+08:00,65.52315290289843,66.10471788290937,64.0692367553711,64.0692367553711,6391370,0.0,0.0
2025-02-21 00:00:00+08:00,64.06923432300736,64.84465919691654,63.29381684409784,64.1661605834961,3491839,0.0,0.0
2025-02-24 00:00:00+08:00,69.98182789120399,70.56340026855469,68.33405920871026,70.56340026855469,24777485,0.0,0.0
2025-02-25 00:00:00+08:00,72.40502324587716,74.92515055585426,70.85418079012211,71.72653198242188,68094442,0.0,0.0
2025-02-26 00:00:00+08:00,73.3742934896598,74.2466445961748,71.82345118641062,72.0173110961914,31751523,0.0,0.0
2025-02-27 00:00:00+08:00,72.40501847307682,72.6958046496754,68.33405637069487,68.81869506835938,17154301,0.0,0.0
2025-03-03 00:00:00+08:00,68.81869795829286,69.88490165892838,66.78321682162503,67.46170806884766,8780291,0.0,0.0
2025-03-04 00:00:00+08:00,66.78321132117152,70.27260832449122,65.13543537863211,70.1756820678711,10288323,0.0,0.0
2025-03-05 00:00:00+08:00,69.7879762199885,71.14496612548828,68.91562503823863,71.14496612548828,10577309,0.0,0.0
2025-03-06 00:00:00+08:00,71.14496271962756,74.63435988458211,70.272611579639,72.21116638183594,48634662,0.0,0.0
2025-03-07 00:00:00+08:00,71.82345492321424,72.59887981268207,69.98182635697802,71.24188995361328,14745328,0.0,0.0
2025-03-10 00:00:00+08:00,74.73128839473543,78.31761932373047,73.56815843641267,78.31761932373047,59580986,0.0,0.0
2025-03-11 00:00:00+08:00,78.51146973011106,83.35785675048828,74.82821263662447,83.35785675048828,154591951,0.0,0.0
2025-03-12 00:00:00+08:00,84.2302092433615,91.69364241638094,82.87321937690346,85.78105163574219,131226997,0.0,0.0
2025-03-13 00:00:00+08:00,85.97490801388908,89.85201786605995,85.68412921197637,86.55648040771484,93976174,0.0,0.0
2025-03-14 00:00:00+08:00,86.75033288345712,87.42882414912656,84.13328669301771,85.00563049316406,51987929,0.0,0.0
2025-03-17 00:00:00+08:00,88.01038923424494,90.14279651641846,84.9086971751749,85.2964096069336,56079182,0.0,0.0
2025-03-18 00:00:00+08:00,86.16876431912081,93.82605743408203,85.97490439766618,93.82605743408203,108971064,0.0,0.0
2025-03-19 00:00:00+08:00,94.89225887606035,95.66767635854622,84.52098626593954,84.617919921875,93434682,0.0,0.0
2025-03-20 00:00:00+08:00,86.55647938435459,89.94895046489479,84.71485074734703,87.5257568359375,68462677,0.0,0.0
2025-03-21 00:00:00+08:00,88.01038970743417,91.20900064789183,85.87797501879614,88.68888092041016,58902542,0.0,0.0
2025-03-24 00:00:00+08:00,90.04587214604683,90.82128963082997,85.58719757479471,86.45954132080078,37835813,0.0,0.0
2025-03-25 00:00:00+08:00,87.81653667267028,90.14280406297284,84.81177801623788,86.55648040771484,40936165,0.0,0.0
2025-03-26 00:00:00+08:00,87.71960968320076,88.10732214422598,84.90870358451805,87.81653594970703,28521222,0.0,0.0
2025-03-27 00:00:00+08:00,86.26569110792775,88.68888467837516,85.3933399435667,87.91345977783203,33392329,0.0,0.0
2025-03-28 00:00:00+08:00,87.23497324976428,87.62268572098552,82.97015085633129,84.32714080810547,39723759,0.0,0.0
2025-03-31 00:00:00+08:00,79.96539254872205,82.48551253186353,79.09304133282684,81.22545623779297,24681909,0.0,0.0
2025-04-01 00:00:00+08:00,82.29164827553659,83.64863804093399,80.45001983642578,80.45001983642578,30468650,0.0,0.0
2025-04-02 00:00:00+08:00,80.740806576759,82.77628754192952,79.2868905452087,82.2916488647461,21720418,0.0,0.0
2025-04-07 00:00:00+08:00,74.14972686767578,74.14972686767578,74.14972686767578,74.14972686767578,365003,0.0,0.0
2025-04-08 00:00:00+08:00,66.78321838378906,69.01255210181097,66.78321838378906,66.78321838378906,8508556,0.0,0.0
2025-04-09 00:00:00+08:00,66.49243055458015,66.6862904785585,60.1921272277832,60.1921272277832,15965173,0.0,0.0
2025-04-10 00:00:00+08:00,66.20165252685547,66.20165252685547,66.20165252685547,66.20165252685547,1330047,0.0,0.0
2025-04-11 00:00:00+08:00,62.033751995894164,66.97706512906709,60.870618406471195,66.39550018310547,16345512,0.0,0.0
2025-04-14 00:00:00+08:00,69.78797099538093,72.40501694970791,66.39550018310547,66.39550018310547,9181485,0.0,0.0
2025-04-15 00:00:00+08:00,68.62484661621048,72.9865951538086,68.14020788981068,72.9865951538086,9525235,0.0,0.0
2025-04-16 00:00:00+08:00,75.60363669191908,78.12375643598311,71.92037963867188,71.92037963867188,23795924,0.0,0.0
2025-04-17 00:00:00+08:00,72.69581030665769,76.37906765352844,72.01731903512898,72.30809783935547,22592909,0.0,0.0
2025-04-18 00:00:00+08:00,74.246653650236,75.79749614260379,72.50195861944736,72.88966369628906,16706581,0.0,0.0
2025-04-21 00:00:00+08:00,71.92038139416682,72.69580628588284,67.65556667472822,68.14020538330078,13060589,0.0,0.0
2025-04-22 00:00:00+08:00,66.29857064600064,71.43573604211672,66.29857064600064,69.01254272460938,17975231,0.0,0.0
2025-04-23 00:00:00+08:00,71.72652824008031,74.73128672789453,71.53267571635027,72.501953125,27126579,0.0,0.0
2025-04-24 00:00:00+08:00,72.88965859998265,73.47123096458341,71.24188995361328,71.24188995361328,15260570,0.0,0.0
2025-04-25 00:00:00+08:00,73.66508496879075,75.11900111949056,70.66032640301111,72.11424255371094,14887004,0.0,0.0
2025-04-28 00:00:00+08:00,72.88965703215801,73.37429572890109,71.24188842123144,71.92037963867188,8086841,0.0,0.0
2025-04-29 00:00:00+08:00,72.21116490852441,79.09303283691406,71.4357400454666,79.09303283691406,38104433,0.0,0.0
2025-04-30 00:00:00+08:00,81.03158721399834,86.75032521559021,79.67459740760371,80.35309600830078,101370586,0.0,0.0
2025-05-02 00:00:00+08:00,83.93942201513049,88.3011703491211,82.67936582231083,88.3011703491211,67328505,0.0,0.0
2025-05-05 00:00:00+08:00,91.79056867934226,93.05063228283898,80.93466453767765,85.78105163574219,124254814,0.0,0.0
2025-05-06 00:00:00+08:00,84.32713636964974,88.39809861570183,84.32713636964974,86.36261749267578,47035277,0.0,0.0
2025-05-07 00:00:00+08:00,86.75033152048911,88.30117395693918,84.42406416831398,85.68412780761719,33611493,0.0,0.0
2025-05-08 00:00:00+08:00,84.90870495806305,86.65340736340006,83.74557495117188,83.74557495117188,27889227,0.0,0.0
2025-05-09 00:00:00+08:00,85.00562343436468,86.26568698883057,81.71008625191462,85.2964096069336,28842794,0.0,0.0
2025-05-12 00:00:00+08:00,86.55648040771484,90.6274427944942,85.49026928236772,86.55648040771484,48090431,0.0,0.0
2025-05-13 00:00:00+08:00,89.27044828333834,90.04587317195575,85.49026489257812,85.49026489257812,29253623,0.0,0.0
2025-05-14 00:00:00+08:00,87.23496733208918,88.68888345429067,85.78105120988769,87.0411148071289,24320802,0.0,0.0
2025-05-15 00:00:00+08:00,86.94418214622632,87.81653330854631,84.52098858144856,86.07183837890625,15229662,0.0,0.0
2025-05-16 00:00:00+08:00,86.26568887903377,88.30116994661778,84.81177277433096,84.90869903564453,25132845,0.0,0.0
2025-05-19 00:00:00+08:00,84.81177476743493,85.6841259297571,82.77629365201646,82.97014617919922,12005288,0.0,0.0
2025-05-20 00:00:00+08:00,84.23020889082211,84.71484759860014,82.00086787704323,82.38858032226562,8148000,0.0,0.0
2025-05-21 00:00:00+08:00,82.87322219118492,84.5209909024833,82.58243599742634,84.42406463623047,7586880,0.0,0.0
2025-05-22 00:00:00+08:00,83.74557545736718,84.23021419566791,82.38858551112506,82.48551177978516,6826994,0.0,0.0
2025-05-23 00:00:00+08:00,82.87322163216281,84.13328526995011,80.64388054838531,80.74081420898438,3937480,0.0,0.0
2025-05-26 00:00:00+08:00,80.54695667372918,88.10732393487355,79.96539166787198,85.58720397949219,35913252,0.0,0.0
2025-05-27 00:00:00+08:00,86.26569135393416,87.23496878487724,84.42406275614232,84.81177520751953,26650059,0.0,0.0
2025-05-28 00:00:00+08:00,85.87797845693984,87.52575451799281,81.5162300403289,82.97014617919922,21384653,0.0,0.0
2025-05-29 00:00:00+08:00,82.97014965704841,84.13328705389968,81.90394592285156,81.90394592285156,10653462,0.0,0.0
2025-06-02 00:00:00+08:00,81.22545148815178,81.32237775202786,78.60839799349776,79.86846160888672,7729538,0.0,0.0
2025-06-03 00:00:00+08:00,80.45002018007614,81.7100836951132,78.99610415272535,79.18995666503906,6013828,0.0,0.0
2025-06-04 00:00:00+08:00,80.25617013150077,81.12851385869135,79.09303283691406,79.09303283691406,4610913,0.0,0.0
2025-06-05 00:00:00+08:00,79.77153894224246,82.77629762789796,79.09304027451364,80.64388275146484,12575335,0.0,0.0
2025-06-06 00:00:00+08:00,79.86846732984768,80.25617980812373,78.22069114592459,78.70532989501953,6672617,0.0,0.0
2025-06-09 00:00:00+08:00,78.31762239457429,78.31762239457429,73.66508758885692,73.85894012451172,12653688,0.0,0.0
2025-06-10 00:00:00+08:00,74.24664784742232,76.08827639848758,74.14972158578726,75.6036376953125,7829617,0.0,0.0
2025-06-11 00:00:00+08:00,75.99135620165363,77.0575599547316,75.7005699985413,76.28213500976562,4473360,0.0,0.0
2025-06-12 00:00:00+08:00,76.5729179602827,83.84249877929688,75.89442670850805,83.84249877929688,17907648,0.0,0.0
2025-06-13 00:00:00+08:00,82.19472856139147,88.68888434799909,82.00086863947787,84.52098846435547,70500981,0.0,0.0
2025-06-16 00:00:00+08:00,84.52099074529788,85.97490692138672,82.87322203706388,85.97490692138672,14739720,0.0,0.0
2025-06-17 00:00:00+08:00,86.45954140166093,89.1735210884394,83.93942163250932,84.90869903564453,24558751,0.0,0.0
2025-06-18 00:00:00+08:00,84.61792578717099,85.68412952136782,81.90394592285156,81.90394592285156,12101765,0.0,0.0
2025-06-19 00:00:00+08:00,82.00086899416043,82.67936763129292,79.77153534501063,79.86846160888672,6507880,0.0,0.0
2025-06-20 00:00:00+08:00,80.45003021497104,82.3885851599101,79.3838264742546,80.64388275146484,12300400,0.0,0.0
2025-06-23 00:00:00+08:00,78.51147075787604,80.9346642997858,77.44526707843572,80.83773803710938,5620260,0.0,0.0
2025-06-24 00:00:00+08:00,81.80701349994163,84.42405950469703,81.80701349994163,82.77629089355469,18830982,0.0,0.0
2025-06-25 00:00:00+08:00,86.55647728728154,91.01515197753906,86.55647728728154,91.01515197753906,39823609,0.0,0.0
2025-06-26 00:00:00+08:00,95.27997778988674,99.83557891845703,94.98919159231833,99.83557891845703,16358679,0.0,0.0
2025-06-27 00:00:00+08:00,103.7126832806893,105.16659940144663,97.89701879766,101.28948974609375,90397209,0.0,0.0
2025-06-30 00:00:00+08:00,103.71268565091876,104.1973243689137,91.88750388984202,93.1475601196289,31714180,0.0,0.0
2025-07-01 00:00:00+08:00,94.6984065265739,102.25877380371094,94.6984065265739,102.25877380371094,23560489,0.0,0.0
2025-07-02 00:00:00+08:00,107.10516118777306,108.5590774029917,101.28949632689852,102.25877380371094,67729046,0.0,0.0
2025-07-03 00:00:00+08:00,103.22804117202759,103.71267986297607,97.89701557159424,100.80484771728516,17522457,0.0,0.0
2025-07-04 00:00:00+08:00,100.80485120619485,102.7434060370832,94.79533418844085,95.08611297607422,17554795,0.0,0.0
2025-07-07 00:00:00+08:00,95.95845929314109,98.38165270963455,90.43358126153576,90.62743377685547,25399316,0.0,0.0
2025-07-08 00:00:00+08:00,89.65816380928054,92.66292241469965,88.78581262835239,92.17828369140625,14930410,0.0,0.0
2025-07-09 00:00:00+08:00,91.20900782380059,101.28949492181366,90.14280409309733,96.44310760498047,45032129,0.0,0.0
2025-07-10 00:00:00+08:00,96.9277433069741,100.32021432271819,96.8308170426671,99.35093688964844,31312221,0.0,0.0
2025-07-11 00:00:00+08:00,100.32020902633667,102.25876379013062,97.41237688064575,100.80484771728516,24297335,0.0,0.0
2025-07-14 00:00:00+08:00,101.77413588303786,101.77413588303786,94.50455474853516,94.50455474853516,9693279,0.0,0.0
2025-07-15 00:00:00+08:00,96.15231743941852,102.74340687627378,95.47382620106572,100.3202133178711,20248606,0.0,0.0
2025-07-16 00:00:00+08:00,101.28949050919617,106.62051632546965,95.27997345612418,95.37689971923828,28938639,0.0,0.0
2025-07-17 00:00:00+08:00,98.14914456127488,104.87711334228516,98.14914456127488,104.87711334228516,26238924,2.001936,0.0
2025-07-18 00:00:00+08:00,107.84533657039609,114.77118387308207,107.84533657039609,109.82415008544922,39523148,0.0,0.0
2025-07-21 00:00:00+08:00,111.30825775679543,116.25529143487523,108.34003754994755,113.28707122802734,39789822,0.0,0.0
2025-07-22 00:00:00+08:00,113.28707832760281,113.7817817264133,102.89830695258247,106.8559341430664,30694955,0.0,0.0
2025-07-23 00:00:00+08:00,108.83474367474197,112.29766733712013,104.87711663202408,107.8453369140625,29773418,0.0,0.0
2025-07-24 00:00:00+08:00,109.32944400116097,115.26588439941406,106.85592716855552,115.26588439941406,48088592,0.0,0.0
2025-07-25 00:00:00+08:00,116.74999702926232,116.74999702926232,109.82414974786539,111.80296325683594,26248904,0.0,0.0
2025-07-28 00:00:00+08:00,114.77118285089477,117.7394030970386,112.29766597910825,115.76058959960938,43902317,0.0,0.0
2025-07-29 00:00:00+08:00,114.27648162841797,115.26588839576358,106.36122748965309,114.27648162841797,24082951,0.0,0.0
2025-07-30 00:00:00+08:00,115.76059500778777,118.72881539260284,113.78178141791106,117.24470520019531,38189499,0.0,0.0
2025-07-31 00:00:00+08:00,115.76059141767786,120.21292185681932,114.7711846534242,116.25529479980469,18227385,0.0,0.0
2025-08-04 00:00:00+08:00,116.75000080309417,119.22351776926142,111.80296687075968,112.79237365722656,20549853,0.0,0.0
2025-08-05 00:00:00+08:00,114.27647947653746,115.76058959960938,112.79236935346555,115.76058959960938,13858243,0.0,0.0
2025-08-06 00:00:00+08:00,117.24470327058191,127.1387710571289,116.74999988125455,127.1387710571289,42414740,0.0,0.0
2025-08-07 00:00:00+08:00,130.6016871675532,139.50634765625,129.61228044658688,139.50634765625,75475660,0.0,0.0
2025-08-08 00:00:00+08:00,140.00105905875887,141.4851692254595,134.55932178085658,137.5275421142578,47654311,0.0,0.0
2025-08-11 00:00:00+08:00,139.01165591648646,142.9692831311907,133.56991849626814,138.51695251464844,30498561,0.0,0.0
2025-08-12 00:00:00+08:00,139.50635382586867,142.4745741200361,135.05402338461755,137.0328369140625,19074163,0.0,0.0
2025-08-13 00:00:00+08:00,140.9904670715332,150.38983154296875,140.0010602850663,150.38983154296875,38947116,0.0,0.0
2025-08-14 00:00:00+08:00,153.3580406240169,157.8103708356819,145.4427869143902,147.42160034179688,48525617,0.0,0.0
2025-08-15 00:00:00+08:00,147.4216011168465,161.76799854096913,147.4216011168465,155.83155822753906,54520683,0.0,0.0
2025-08-18 00:00:00+08:00,157.3156792471342,167.70445051817137,155.83156906555746,158.79978942871094,41930281,0.0,0.0
2025-08-19 00:00:00+08:00,159.2944836194002,165.2309240027319,154.84215333190144,156.32626342773438,25843693,0.0,0.0
2025-08-20 00:00:00+08:00,154.3474505535968,155.83156065507367,145.44278994473544,152.36863708496094,20560586,0.0,0.0
2025-08-21 00:00:00+08:00,158.30508621486686,167.20974731445312,158.30508621486686,167.20974731445312,23343401,0.0,0.0
2025-08-22 00:00:00+08:00,169.18855416701615,172.65147779031764,161.27330017089844,161.27330017089844,72060562,0.0,0.0
2025-08-25 00:00:00+08:00,168.19915307691394,170.1779666425247,161.27330559727633,162.75741577148438,19518543,0.0,0.0
2025-08-26 00:00:00+08:00,162.26271685431985,162.7574202593635,158.79979301901423,159.78919982910156,9888751,0.0,0.0
2025-08-27 00:00:00+08:00,164.73622855800548,171.1673726158255,164.24152516894242,166.7150421142578,24926201,0.0,0.0
2025-08-28 00:00:00+08:00,170.17795959829587,182.54554387142784,166.71503600181893,169.1885528564453,37580679,0.0,0.0
2025-08-29 00:00:00+08:00,170.17796583769936,173.6408895611409,166.7150421142578,166.7150421142578,16475702,0.0,0.0
2025-09-01 00:00:00+08:00,162.7574128536595,162.7574128536595,150.38982829031153,157.8103790283203,5679517,0.0,0.0
2025-09-02 00:00:00+08:00,157.81037475585939,157.81037475585939,143.95868041992188,148.4110107421875,3254108,0.0,0.0
2025-09-03 00:00:00+08:00,146.43220085497722,150.88453128637858,144.45338732990996,149.40042114257812,1345542,0.0,0.0
2025-09-04 00:00:00+08:00,152.86334934750118,152.86334934750118,146.4322052001953,146.4322052001953,1131507,0.0,0.0
2025-09-05 00:00:00+08:00,148.4110215130974,159.78919982910156,148.4110215130974,159.78919982910156,3173325,0.0,0.0
2025-09-08 00:00:00+08:00,161.27330270605776,161.27330270605776,155.33686211565072,157.8103790283203,1586899,0.0,0.0
2025-09-09 00:00:00+08:00,158.3050870028409,164.24152776544744,158.3050870028409,163.2521209716797,2611768,0.0,0.0
2025-09-10 00:00:00+08:00,167.20973755956746,169.6832543873717,165.7256274628849,168.69384765625,3485102,0.0,0.0
2025-09-11 00:00:00+08:00,171.6620703600124,171.6620703600124,165.23092651367188,165.23092651367188,3009375,0.0,0.0
2025-09-12 00:00:00+08:00,169.68325253654928,169.68325253654928,162.75740549424114,168.1991424560547,1962059,0.0,0.0
2025-09-15 00:00:00+08:00,164.73623387953813,165.72564068962546,151.37924194335938,151.37924194335938,11796088,0.0,0.0
2025-09-16 00:00:00+08:00,149.4004274104982,150.88453761656277,145.44280019432608,146.92691040039062,5360473,0.0,0.0
2025-09-17 00:00:00+08:00,146.92691129796646,155.33686918370864,146.92691129796646,151.37924194335938,8297119,0.0,0.0
2025-09-18 00:00:00+08:00,152.3686469406378,153.35805373895363,146.43220615074281,150.88453674316406,4229201,0.0,0.0
2025-09-19 00:00:00+08:00,150.38983334400615,151.37924014232198,147.42161294905864,150.88453674316406,2751944,0.0,0.0
2025-09-22 00:00:00+08:00,150.38982180120115,152.86333860714194,148.4110083564485,151.87393188476562,3875005,0.0,0.0
2025-09-23 00:00:00+08:00,153.35804443359376,153.85274780273437,146.92690063476562,148.4110107421875,4733798,0.0,0.0
2025-09-24 00:00:00+08:00,148.9057158019645,163.25211366992787,145.442792178663,161.27330017089844,22845320,0.0,0.0
2025-09-25 00:00:00+08:00,161.2732989675239,168.69384953351425,155.83156188579764,156.8209686279297,27609372,0.0,0.0
2025-09-26 00:00:00+08:00,154.84215644506918,154.84215644506918,147.4216058167112,148.9057159423828,6873013,0.0,0.0
2025-09-30 00:00:00+08:00,148.90571294856977,162.26270381106605,148.90571294856977,156.32626342773438,13004500,0.0,0.0
2025-10-01 00:00:00+08:00,159.2944917923365,159.7891951829959,153.85275449508276,154.3474578857422,6542775,0.0,0.0
2025-10-02 00:00:00+08:00,155.83156622491083,161.27330345816168,151.37923576134193,153.85275268554688,9497609,0.0,0.0
2025-10-03 00:00:00+08:00,152.8633477137639,154.3474578857422,150.38983076046674,154.3474578857422,3908109,0.0,0.0
2025-10-07 00:00:00+08:00,154.3474623736213,154.84216577866496,147.4216147030101,151.37924194335938,5833392,0.0,0.0
2025-10-08 00:00:00+08:00,148.4110143800445,154.34745495524626,148.4110143800445,149.40042114257812,4553282,0.0,0.0
2025-10-09 00:00:00+08:00,142.47456728178878,146.43219415072736,140.4957538473195,143.46397399902344,8680412,0.0,0.0
2025-10-13 00:00:00+08:00,133.07520396996898,139.50634765625,133.07520396996898,139.50634765625,3372529,0.0,0.0
2025-10-14 00:00:00+08:00,140.49576606315352,141.97987626804598,130.10699462890625,130.10699462890625,5544933,0.0,0.0
2025-10-15 00:00:00+08:00,130.601689453125,131.09639282226564,123.18113891601563,123.67584228515625,9042787,0.0,0.0
2025-10-16 00:00:00+08:00,124.66525268554688,126.6440662202381,122.19173576718286,124.66525268554688,3428592,0.0,0.0
2025-10-17 00:00:00+08:00,123.6758466626777,123.6758466626777,118.72881279617059,120.70762634277344,3845620,0.0,0.0
2025-10-20 00:00:00+08:00,122.68643988937627,124.17055004932841,120.70762634277344,120.70762634277344,2042833,0.0,0.0
2025-10-21 00:00:00+08:00,121.69702880859376,125.65465576171876,121.20232543945313,123.67584228515625,2446866,0.0,0.0
2025-10-22 00:00:00+08:00,122.686435546875,136.04342651367188,121.69702880859376,136.04342651367188,9037129,0.0,0.0
2025-10-23 00:00:00+08:00,137.03284319709329,140.99047043744255,134.06462276683135,134.559326171875,26824093,0.0,0.0
2025-10-27 00:00:00+08:00,135.5487338571786,140.4957679395574,132.58051340775134,139.01165771484375,10989802,0.0,0.0
2025-10-28 00:00:00+08:00,138.02224731445312,140.99046768680697,136.53813712827622,138.02224731445312,4978214,0.0,0.0
2025-10-29 00:00:00+08:00,139.01165591648646,141.97987632751466,134.5593252999442,138.51695251464844,4470158,0.0,0.0
2025-10-30 00:00:00+08:00,138.02224442152286,138.51694780654623,131.59110041621892,133.07521057128906,3986660,0.0,0.0
2025-10-31 00:00:00+08:00,132.58049933464974,136.53812618046018,132.08579597892341,135.05401611328125,3020118,0.0,0.0
2025-11-03 00:00:00+08:00,136.0434283380923,139.50635196851647,133.07520808344302,136.5381317138672,4852203,0.0,0.0
2025-11-04 00:00:00+08:00,137.03283388516428,145.93749457084283,132.08580017089844,132.08580017089844,17636630,0.0,0.0
2025-11-05 00:00:00+08:00,128.62287709410762,144.45338504415162,127.138766973791,140.49575805664062,11458819,0.0,0.0
2025-11-06 00:00:00+08:00,140.49575564459838,148.90571284867644,140.00105227965258,143.95867919921875,16171653,0.0,0.0
2025-11-07 00:00:00+08:00,142.96927966101694,147.42161016949154,139.01165254237287,145.9375,7897907,0.0,0.0
2025-11-10 00:00:00+08:00,147.42160648697472,149.400419996867,141.48516595729788,144.94808959960938,11230541,0.0,0.0
2025-11-11 00:00:00+08:00,144.94808652628438,147.4216033612039,138.5169427554936,140.0010528564453,9425601,0.0,0.0
2025-11-12 00:00:00+08:00,140.0010534667969,141.48516357421875,136.04342651367188,136.04342651367188,4799239,0.0,0.0
2025-11-13 00:00:00+08:00,136.04343014934003,138.5169470611462,134.55932000225633,137.0328369140625,2826793,0.0,0.0
2025-11-14 00:00:00+08:00,133.5699147191541,135.05402488270025,129.11758422851562,129.11758422851562,2185544,0.0,0.0
2025-11-17 00:00:00+08:00,131.09640003174775,134.06462040982504,127.63347625732422,127.63347625732422,2208380,0.0,0.0
2025-11-18 00:00:00+08:00,126.14936390142331,137.52754182194386,125.6546605135746,129.11758422851562,11106605,0.0,0.0
2025-11-19 00:00:00+08:00,128.62288122511094,133.0752117290571,127.1387710571289,127.1387710571289,3680709,0.0,0.0
2025-11-20 00:00:00+08:00,132.0858064025413,133.56991658683953,128.62288263917878,129.61228942871094,2678095,0.0,0.0
2025-11-21 00:00:00+08:00,125.65465673879415,127.13876685775628,116.74999602502133,117.7394027709961,3306292,0.0,0.0
2025-11-24 00:00:00+08:00,118.23411158011662,120.21292516304743,117.7394081843839,119.22351837158203,2217452,0.0,0.0
2025-11-25 00:00:00+08:00,120.7076259736092,124.17054966957339,120.7076259736092,122.68643951416016,2367230,0.0,0.0
2025-11-26 00:00:00+08:00,124.66525892777877,131.5911066459887,123.67585211089163,130.60169982910156,3787737,0.0,0.0
2025-11-27 00:00:00+08:00,132.085796750825,143.46397399902344,130.10698331635572,143.46397399902344,10224877,0.0,0.0
2025-11-28 00:00:00+08:00,154.3474553505829,157.8103790283203,154.3474553505829,157.8103790283203,9351618,0.0,0.0
2025-12-01 00:00:00+08:00,158.79978090578373,169.68325498655395,154.3474506000141,164.73622131347656,49192691,0.0,0.0
2025-12-02 00:00:00+08:00,167.20974066798672,167.7044440427441,159.78919004662637,161.27330017089844,20855930,0.0,0.0
2025-12-03 00:00:00+08:00,163.2521209716797,169.18856173428622,158.3050870028409,163.2521209716797,22824384,0.0,0.0
2025-12-04 00:00:00+08:00,169.18856008893493,172.6514838334453,162.2627125999142,171.16737365722656,31540287,0.0,0.0
2025-12-05 00:00:00+08:00,167.20974000485356,169.18855349603527,163.25211302249016,165.23092651367188,2960308,0.0,0.0
2025-12-08 00:00:00+08:00,166.2203405256102,167.20974731445312,162.26271337023854,167.20974731445312,1998759,0.0,0.0
2025-12-09 00:00:00+08:00,165.72562619864223,166.2203295604292,162.26270266613326,164.24151611328125,2006322,0.0,0.0
2025-12-10 00:00:00+08:00,167.20974828186917,171.66207885742188,167.20974828186917,171.66207885742188,4138329,0.0,0.0
2025-12-11 00:00:00+08:00,172.65147878858778,178.0932159423828,171.66207203335233,178.0932159423828,5421624,0.0,0.0
2025-12-12 00:00:00+08:00,176.11441040039062,176.11441040039062,169.68326620037635,176.11441040039062,3226097,0.0,0.0
2025-12-15 00:00:00+08:00,171.16737640037965,179.5773342003983,171.16737640037965,176.11441040039062,2026177,0.0,0.0
2025-12-16 00:00:00+08:00,176.1144019480002,178.09321545303388,162.2627074127642,169.68325805664062,2311499,0.0,0.0
2025-12-17 00:00:00+08:00,172.15678225470552,176.1144094329746,169.68326526828733,171.66207885742188,1830667,0.0,0.0
2025-12-18 00:00:00+08:00,171.1673693223433,175.6196997382424,171.1673693223433,174.13558959960938,1326741,0.0,0.0
2025-12-19 00:00:00+08:00,176.60910691672223,186.50317453110443,175.12499677456492,182.54554748535156,3751208,0.0,0.0
2025-12-22 00:00:00+08:00,186.0084740631184,196.89194860936468,185.01906728618692,187.49258422851562,3946476,0.0,0.0
2025-12-23 00:00:00+08:00,184.02966480040817,189.96610560042134,174.13559680038622,176.11441040039062,17388582,0.0,0.0
2025-12-24 00:00:00+08:00,177.10380736964657,179.08262085981022,175.12499387948293,177.5985107421875,1420033,0.0,0.0
2025-12-26 00:00:00+08:00,178.58792372881356,178.58792372881356,175.125,175.125,961511,0.0,0.0
2025-12-29 00:00:00+08:00,175.125,178.09322033898306,173.64088983050848,175.125,852350,0.0,0.0
2025-12-30 00:00:00+08:00,176.11440243191188,178.0932159423828,174.13558892144098,178.0932159423828,481064,0.0,0.0
2025-12-31 00:00:00+08:00,180.07202945285374,180.07202945285374,175.61969905429416,178.0932159423828,804210,0.0,0.0
2026-01-02 00:00:00+08:00,180.07203311814789,180.07203311814789,178.093219567399,179.08262634277344,519357,0.0,0.0
2026-01-05 00:00:00+08:00,181.06144149868476,181.06144149868476,171.16737365722656,171.16737365722656,1207204,0.0,0.0
2026-01-06 00:00:00+08:00,170.17795839789193,179.08261901173512,170.17795839789193,177.1038055419922,826231,0.0,0.0
2026-01-07 00:00:00+08:00,177.10381172331466,177.59851510801667,174.6302947998047,174.6302947998047,595001,0.0,0.0
2026-01-08 00:00:00+08:00,171.16736698721698,173.14618047839866,165.23092651367188,165.23092651367188,1441302,0.0,0.0
2026-01-09 00:00:00+08:00,166.71503600181893,178.5879169040256,166.22033263089364,169.1885528564453,14297608,0.0,0.0
2026-01-12 00:00:00+08:00,170.67265901111423,170.67265901111423,152.86333807082403,155.83155822753906,12476170,0.0,0.0
2026-01-13 00:00:00+08:00,158.30508583470396,159.7891960144043,149.8951281497353,150.38983154296875,6320722,0.0,0.0
2026-01-14 00:00:00+08:00,152.8633404521199,155.3368572879147,150.3898236163251,152.36863708496094,3879558,0.0,0.0
2026-01-15 00:00:00+08:00,153.358055563534,155.33686918370864,150.38983513327204,151.37924194335938,2221506,0.0,0.0
2026-01-16 00:00:00+08:00,153.35804196833013,155.83155877427092,150.38982180120115,151.87393188476562,3331593,0.0,0.0
2026-01-19 00:00:00+08:00,152.368641430179,152.8633448114458,148.9057177613113,149.40042114257812,1982257,0.0,0.0
2026-01-20 00:00:00+08:00,149.40042045347153,154.8421576223066,148.90571707448652,153.35804748535156,4342450,0.0,0.0
2026-01-21 00:00:00+08:00,153.358055563534,158.79979301901423,151.37924194335938,151.37924194335938,5848743,0.0,0.0
2026-01-22 00:00:00+08:00,156.32626232468937,166.2203295604292,154.3474488775414,164.24151611328125,15881493,0.0,0.0
2026-01-23 00:00:00+08:00,168.19914358633537,175.61969403867369,158.79977968004016,160.2838897705078,20804279,0.0,0.0
2026-01-26 00:00:00+08:00,158.3050750248016,161.27329518151663,154.84215150863406,155.83155822753906,4784721,0.0,0.0
2026-01-27 00:00:00+08:00,156.8209673893916,157.31567075655056,152.36863708496094,152.36863708496094,2924942,0.0,0.0
2026-01-28 00:00:00+08:00,153.35804323606854,160.77859371523314,152.8633398707909,156.32626342773438,7938433,0.0,0.0
2026-01-29 00:00:00+08:00,158.3050820053808,158.3050820053808,145.9374974737104,149.40042114257812,5093398,0.0,0.0
2026-01-30 00:00:00+08:00,148.41101324192087,149.400419996867,143.46397946719017,144.94808959960938,3422518,0.0,0.0
2026-02-02 00:00:00+08:00,140.99046687215878,150.88453472283658,140.49576347962488,141.97987365722656,6561479,0.0,0.0
2026-02-03 00:00:00+08:00,149.40041376920354,151.8739305534619,143.46397348698355,147.42160034179688,5170391,0.0,0.0
2026-02-04 00:00:00+08:00,145.4427984083021,146.9269085961419,141.48517124072924,146.4322052001953,2700446,0.0,0.0
2026-02-05 00:00:00+08:00,144.9480914161319,149.40042186918714,141.97987111409506,145.4427947998047,3845120,0.0,0.0
2026-02-06 00:00:00+08:00,142.96928498074678,143.46398838898466,137.5275474901301,139.01165771484375,2715824,0.0,0.0
2026-02-09 00:00:00+08:00,142.969274923835,146.926901911346,140.49575805664062,140.49575805664062,2630473,0.0,0.0
2026-02-10 00:00:00+08:00,141.97987632751466,142.47457972935268,138.51695251464844,138.51695251464844,1469130,0.0,0.0
2026-02-11 00:00:00+08:00,138.02224550315802,139.50635566985866,137.5275421142578,137.5275421142578,1335075,0.0,0.0
2026-02-23 00:00:00+08:00,138.5169499094893,144.453390619896,136.53813633935377,141.97987365722656,2519563,0.0,0.0
2026-02-24 00:00:00+08:00,142.96928318421848,149.4004274104982,140.99046957613243,146.92691040039062,2873380,0.0,0.0
2026-02-25 00:00:00+08:00,148.41102060645517,148.90572400847668,144.45339339028303,146.92691040039062,2360548,0.0,0.0
2026-02-26 00:00:00+08:00,148.41101256715893,153.35804631939757,146.92690244148736,148.9057159423828,6838113,0.0,0.0
2026-03-02 00:00:00+08:00,143.4639812651135,147.9163117181687,140.99046434674946,145.4427947998047,1518503,0.0,0.0
2026-03-03 00:00:00+08:00,145.44278989326827,151.37923029707514,139.5063494894614,140.0010528564453,3506330,0.0,0.0
2026-03-04 00:00:00+08:00,138.51694901165794,139.0116524009853,126.64406766780155,127.1387710571289,2607780,0.0,0.0
2026-03-05 00:00:00+08:00,135.05402411138257,137.52754103649949,133.07521057128906,133.07521057128906,2552283,0.0,0.0
2026-03-06 00:00:00+08:00,131.5911066459887,137.52754754731149,130.106996420658,130.60169982910156,4161100,0.0,0.0
2026-03-09 00:00:00+08:00,118.72881497584932,120.70762855878014,117.7394081843839,119.22351837158203,1583543,0.0,0.0
2026-03-10 00:00:00+08:00,122.19173612902242,125.65465982498662,121.20232935874694,122.68643951416016,1609518,0.0,0.0
2026-03-11 00:00:00+08:00,124.66525587924691,128.12817965367043,124.17055248290069,127.63347625732422,1328319,0.0,0.0
2026-03-12 00:00:00+08:00,126.64406483208955,140.001056044849,124.1705479408378,132.58050537109375,4449220,0.0,0.0
2026-03-13 00:00:00+08:00,132.58050682431175,145.4427947998047,129.61228652227493,145.4427947998047,8011478,0.0,0.0
2026-03-16 00:00:00+08:00,147.42160462679928,147.91630799803016,138.51694394464363,144.45338439941406,6683965,0.0,0.0
2026-03-17 00:00:00+08:00,141.48517108219926,143.95868805916078,137.0328405236685,138.02224731445312,4531419,0.0,0.0
2026-03-18 00:00:00+08:00,141.4851729256766,142.47457972935268,138.0222491128104,138.51695251464844,1938066,0.0,0.0
2026-03-19 00:00:00+08:00,136.53813979204963,138.51695341222427,134.559326171875,134.559326171875,1355731,0.0,0.0
2026-03-20 00:00:00+08:00,135.05402870178222,144.4533933367048,133.0752150944301,138.51695251464844,6459767,0.0,0.0
2026-03-23 00:00:00+08:00,135.54872827054896,140.99046553688487,129.11758422851562,129.11758422851562,2649349,0.0,0.0
2026-03-24 00:00:00+08:00,135.0540261617521,141.97987365722656,133.5699159841504,141.97987365722656,6450059,0.0,0.0
2026-03-25 00:00:00+08:00,148.4110083564485,155.83155877427092,148.4110083564485,151.87393188476562,14514786,0.0,0.0
2026-03-26 00:00:00+08:00,153.8527445299872,162.757404985099,143.46397399902344,143.46397399902344,14853836,0.0,0.0
2026-03-27 00:00:00+08:00,143.95867735764077,149.89511766104863,141.97986392317145,143.46397399902344,5774723,0.0,0.0
2026-03-30 00:00:00+08:00,141.48517108219926,145.4427982453377,137.52754391906083,138.02224731445312,3817510,0.0,0.0
2026-03-31 00:00:00+08:00,137.03283843409514,143.46398247612848,128.6228808406669,129.11758422851562,5882446,0.0,0.0
2026-04-01 00:00:00+08:00,136.04342282473388,138.02223624763909,132.58049933464974,135.05401611328125,2503426,0.0,0.0
2026-04-02 00:00:00+08:00,135.54872827054896,136.04343165839768,129.11758422851562,129.11758422851562,2079300,0.0,0.0
2026-04-07 00:00:00+08:00,131.09639961300914,133.56991658683953,129.11758603394486,129.61228942871094,2212021,0.0,0.0
2026-04-08 00:00:00+08:00,134.06461365660476,136.04342714231112,131.09639342804525,132.08580017089844,5571011,0.0,0.0
2026-04-09 00:00:00+08:00,136.53813612196183,138.51694968894677,131.59110220449944,133.56991577148438,5688071,0.0,0.0
2026-04-10 00:00:00+08:00,135.54873116693813,136.5381379637771,132.58051077642125,134.0646209716797,3034736,0.0,0.0
2026-04-13 00:00:00+08:00,132.58051340775134,141.48517475603313,132.08580999951346,139.01165771484375,4615001,0.0,0.0
2026-04-14 00:00:00+08:00,141.48517108219926,143.95868805916078,135.5487303374916,138.02224731445312,4159621,0.0,0.0
2026-04-15 00:00:00+08:00,139.01164859274158,140.49575872006622,136.5381317138672,136.5381317138672,4522002,0.0,0.0
2026-04-16 00:00:00+08:00,137.5275474901301,140.4957679395574,137.5275474901301,139.01165771484375,3004606,0.0,0.0
2026-04-17 00:00:00+08:00,140.99045720593682,144.45338071625807,139.50634713008486,143.46397399902344,4597091,0.0,0.0
2026-04-20 00:00:00+08:00,145.44279367547287,150.38982747395835,140.00105649713885,140.99046325683594,6517247,0.0,0.0
2026-04-21 00:00:00+08:00,142.9692706404061,145.93749079211005,138.5169404128502,143.46397399902344,4217006,0.0,0.0
2026-04-22 00:00:00+08:00,144.45338769990448,157.8103790283203,143.95868431737057,157.8103790283203,20319092,0.0,0.0
2026-04-23 00:00:00+08:00,163.25212276954306,172.65148741385008,150.88453771124435,163.746826171875,55749774,0.0,0.0
2026-04-24 00:00:00+08:00,171.16736572265626,177.10380615234376,160.77859497070312,160.77859497070312,34057274,0.0,0.0
2026-04-27 00:00:00+08:00,165.2309246807843,167.20973815001526,149.89512029424444,164.73622131347656,16733100,0.0,0.0
2026-04-28 00:00:00+08:00,164.73622004191083,165.23092340540003,158.79977968004016,160.2838897705078,9818944,0.0,0.0
2026-04-29 00:00:00+08:00,156.32626888071857,159.29448917592208,153.85275196804895,157.8103790283203,4413239,0.0,0.0
2026-04-30 00:00:00+08:00,156.820970451307,160.77859746585102,152.86334343676296,157.315673828125,5375089,0.0,0.0
2026-05-04 00:00:00+08:00,157.31567075655056,159.29448422518644,151.379230350643,152.36863708496094,5868805,0.0,0.0
2026-05-05 00:00:00+08:00,151.3792375417856,155.33686466706104,150.38983076046674,154.3474578857422,3946991,0.0,0.0
2026-05-06 00:00:00+08:00,155.33685733462957,167.20973815001526,151.37923039616766,164.73622131347656,11691251,0.0,0.0
2026-05-07 00:00:00+08:00,164.73622750072943,169.1885579737221,162.26271057128906,162.26271057128906,12909401,0.0,0.0
2026-05-08 00:00:00+08:00,163.252108854406,171.1673626170439,157.81037189259249,168.1991424560547,18421253,0.0,0.0
2026-05-11 00:00:00+08:00,172.1567707571754,185.01905822753906,170.17795730019637,185.01905822753906,15677860,0.0,0.0
2026-05-12 00:00:00+08:00,195.9025431315104,203.32309400770401,189.96610243055557,200.35487365722656,31793928,0.0,0.0
2026-05-13 00:00:00+08:00,197.8813519937738,213.7118601532757,193.92372495389833,194.9131317138672,27192243,0.0,0.0
2026-05-14 00:00:00+08:00,199.3654676768882,201.3442812518449,188.97669640836548,196.39724731445312,11717531,0.0,0.0
2026-05-15 00:00:00+08:00,196.8919415798759,211.23833933318343,180.56673034335353,181.55613708496094,24559880,0.0,0.0
2026-05-18 00:00:00+08:00,179.57732299804687,186.50317016601562,173.6408825683594,185.51376342773438,8326294,0.0,0.0
2026-05-19 00:00:00+08:00,183.0402453479871,188.97668573765156,174.6302881292958,181.06143188476562,6504510,0.0,0.0
2026-05-20 00:00:00+08:00,180.56673678999525,187.98728761698135,178.5879232361323,187.49258422851562,5591853,0.0,0.0
2026-05-21 00:00:00+08:00,190.95550537109375,199.86016624332092,189.47139522572255,190.95550537109375,9650413,0.0,0.0
2026-05-22 00:00:00+08:00,194.4184223750852,209.7542266845703,193.429015645441,209.7542266845703,12087395,0.0,0.0
2026-05-25 00:00:00+08:00,229.04767002728696,230.53178020024993,217.66949203457077,221.13241577148438,13979758,0.0,0.0
2026-05-26 00:00:00+08:00,226.57415281783705,235.4788138456123,212.22775449531025,212.7224578857422,16412942,0.0,0.0
2026-05-27 00:00:00+08:00,216.68008666107622,225.58474775673687,203.32309501758522,204.8072052001953,11450576,0.0,0.0
2026-05-28 00:00:00+08:00,207.7754174921501,219.64829849170155,204.80719724226225,206.7860107421875,11069094,0.0,0.0
2026-05-29 00:00:00+08:00,218.65889033564815,227.06884765625,216.6800768484477,227.06884765625,10876815,0.0,0.0
2026-06-01 00:00:00+08:00,238.94173100309553,246.85698503218356,230.53177359718947,235.9735107421875,18195247,0.0,0.0
2026-06-02 00:00:00+08:00,232.5105903262184,236.96292077927365,223.6059294201079,228.55296325683594,7539786,0.0,0.0
2026-06-03 00:00:00+08:00,233.99469303521585,251.30931091308594,229.04765935582438,251.30931091308594,10667723,0.0,0.0
2026-06-04 00:00:00+08:00,255.76164791400618,271.097452721229,254.2775377713717,257.2457580566406,24011668,0.0,0.0
2026-06-05 00:00:00+08:00,256.2563484742469,263.1821957303077,235.47880670606474,239.93113708496094,13214700,0.0,0.0
2026-06-08 00:00:00+08:00,220.63771489413548,263.6769104003906,220.63771489413548,263.6769104003906,25981289,0.0,0.0
2026-06-09 00:00:00+08:00,275.0550744563394,283.95973514017777,259.7192699452845,276.5391845703125,40249191,0.0,0.0
2026-06-10 00:00:00+08:00,260.21397981189546,267.13982718331476,249.33050537109375,249.33050537109375,15172203,0.0,0.0
2026-06-11 00:00:00+08:00,245.8675770555806,246.36228042993793,226.57414545564572,231.52117919921875,9440113,0.0,0.0
2026-06-12 00:00:00+08:00,243.3940677966102,246.85699152542372,232.510593220339,233.5,6509930,0.0,0.0
2026-06-15 00:00:00+08:00,245.86758168538412,255.76164935884023,237.95232754661924,249.33050537109375,10267061,0.0,0.0
2026-06-16 00:00:00+08:00,251.8040167528712,259.22456734480255,245.3728729065307,247.8463897705078,8547174,0.0,0.0
2026-06-17 00:00:00+08:00,249.82521238063163,254.27754289830625,247.35169542636794,250.31991577148438,4395823,0.0,0.0
2026-06-18 00:00:00+08:00,252.29871469063693,265.65570546837654,251.30930796635994,258.7298583984375,7511864,0.0,0.0
2026-06-22 00:00:00+08:00,260.21397337038417,269.6133374274893,252.2987194275588,264.1716003417969,8161430,0.0,0.0
2026-06-23 00:00:00+08:00,269.61333236548455,280.00210297039314,257.245748312022,258.7298583984375,11167380,0.0,0.0
2026-06-24 00:00:00+08:00,255.2669488929125,266.64512684744153,249.3305082209843,254.2775421142578,4953873,0.0,0.0
2026-06-25 00:00:00+08:00,258.72987261820396,259.71927939685867,250.81461838896635,254.2775421142578,3218106,0.0,0.0
2026-06-26 00:00:00+08:00,252.29872767405172,253.78283783684026,229.04766845703125,229.04766845703125,5515403,0.0,0.0
2026-06-29 00:00:00+08:00,229.54237546202958,243.88877392840644,228.05826527585265,230.03707885742188,2687017,0.0,0.0
2026-06-30 00:00:00+08:00,234.98410580048503,242.40465650997402,234.48940241985244,236.4682159423828,2089450,0.0,0.0
2026-07-01 00:00:00+08:00,241.41525423728814,243.8887711864407,230.03707627118644,233.5,2432274,0.0,0.0
2026-07-02 00:00:00+08:00,231.0,240.0,230.0,236.5,1574462,2.5,0.0
2026-07-03 00:00:00+08:00,233.0,241.0,233.0,237.5,1347708,0.0,0.0
2026-07-06 00:00:00+08:00,248.0,261.0,248.0,261.0,7844653,0.0,0.0
2026-07-07 00:00:00+08:00,270.5,273.0,243.5,247.5,15507495,0.0,0.0
2026-07-08 00:00:00+08:00,260.0,272.0,259.0,272.0,16435112,0.0,0.0
2026-07-09 00:00:00+08:00,274.5,275.0,255.0,255.0,19337880,0.0,0.0
2026-07-10 00:00:00+08:00,255.0,255.0,255.0,255.0,0,0.0,0.0
2026-07-13 00:00:00+08:00,260.5,264.5,233.5,237.0,8334826,0.0,0.0
2026-07-14 00:00:00+08:00,233.5,235.5,213.5,221.0,5799946,0.0,0.0
2026-07-15 00:00:00+08:00,225.0,228.5,220.0,224.0,3364608,0.0,0.0
2026-07-16 00:00:00+08:00,221.5,227.5,215.0,221.0,2477250,0.0,0.0
2026-07-17 00:00:00+08:00,209.5,211.5,199.0,199.0,3064321,0.0,0.0
