Date,Open,High,Low,Close,Volume,Dividends,Stock Splits
2000-09-14 00:00:00+09:00,2289.999755859375,2289.999755859375,2289.999755859375,2289.999755859375,37050,0.0,0.0
2000-09-15 00:00:00+09:00,2199.999755859375,2199.999755859375,2199.999755859375,2199.999755859375,9705,0.0,0.0
2000-09-18 00:00:00+09:00,1959.9998779296875,1959.9998779296875,1959.9998779296875,1959.9998779296875,39980,0.0,0.0
2000-09-19 00:00:00+09:00,1729.9998779296875,1729.9998779296875,1729.9998779296875,1729.9998779296875,21895,0.0,0.0
2000-09-20 00:00:00+09:00,1775.9998779296875,1775.9998779296875,1775.9998779296875,1775.9998779296875,36370,0.0,0.0
2000-09-21 00:00:00+09:00,1721.9998779296875,1721.9998779296875,1721.9998779296875,1721.9998779296875,3380,0.0,0.0
2000-09-22 00:00:00+09:00,1789.9998779296875,1789.9998779296875,1789.9998779296875,1789.9998779296875,23465,0.0,0.0
2000-09-25 00:00:00+09:00,1779.9998779296875,1779.9998779296875,1779.9998779296875,1779.9998779296875,10520,0.0,0.0
2000-09-26 00:00:00+09:00,1791.9998779296875,1791.9998779296875,1791.9998779296875,1791.9998779296875,8740,0.0,0.0
2000-09-27 00:00:00+09:00,1785.9998779296875,1785.9998779296875,1785.9998779296875,1785.9998779296875,41005,0.0,0.0
2000-09-28 00:00:00+09:00,1979.9998779296875,1979.9998779296875,1979.9998779296875,1979.9998779296875,126155,0.0,0.0
2000-09-29 00:00:00+09:00,2209.999755859375,2209.999755859375,2209.999755859375,2209.999755859375,60000,0.0,0.0
2000-10-02 00:00:00+09:00,2469.999755859375,2469.999755859375,2469.999755859375,2469.999755859375,93095,0.0,0.0
2000-10-03 00:00:00+09:00,2469.999755859375,2469.999755859375,2469.999755859375,2469.999755859375,0,0.0,0.0
2000-10-04 00:00:00+09:00,2759.999755859375,2759.999755859375,2759.999755859375,2759.999755859375,1360515,0.0,0.0
2000-10-05 00:00:00+09:00,3089.999755859375,3089.999755859375,3089.999755859375,3089.999755859375,15845,0.0,0.0
2000-10-06 00:00:00+09:00,3459.999755859375,3459.999755859375,3459.999755859375,3459.999755859375,22600,0.0,0.0
2000-10-09 00:00:00+09:00,3869.999755859375,3869.999755859375,3869.999755859375,3869.999755859375,323620,0.0,0.0
2000-10-10 00:00:00+09:00,4329.99951171875,4329.99951171875,4329.99951171875,4329.99951171875,262330,0.0,0.0
2000-10-11 00:00:00+09:00,4099.99951171875,4099.99951171875,4099.99951171875,4099.99951171875,577785,0.0,0.0
2000-10-12 00:00:00+09:00,4589.99951171875,4589.99951171875,4589.99951171875,4589.99951171875,202490,0.0,0.0
2000-10-13 00:00:00+09:00,4829.99951171875,4829.99951171875,4829.99951171875,4829.99951171875,693295,0.0,0.0
2000-10-16 00:00:00+09:00,4969.99951171875,4969.99951171875,4969.99951171875,4969.99951171875,305635,0.0,0.0
2000-10-17 00:00:00+09:00,4999.99951171875,4999.99951171875,4999.99951171875,4999.99951171875,261200,0.0,0.0
2000-10-18 00:00:00+09:00,4779.99951171875,4779.99951171875,4779.99951171875,4779.99951171875,98410,0.0,0.0
2000-10-19 00:00:00+09:00,4899.99951171875,4899.99951171875,4899.99951171875,4899.99951171875,240530,0.0,0.0
2000-10-20 00:00:00+09:00,5199.99951171875,5199.99951171875,5199.99951171875,5199.99951171875,109600,0.0,0.0
2000-10-23 00:00:00+09:00,5239.99951171875,5239.99951171875,5239.99951171875,5239.99951171875,205230,0.0,0.0
2000-10-24 00:00:00+09:00,5199.99951171875,5199.99951171875,5199.99951171875,5199.99951171875,81110,0.0,0.0
2000-10-25 00:00:00+09:00,5019.99951171875,5019.99951171875,5019.99951171875,5019.99951171875,140945,0.0,0.0
2000-10-26 00:00:00+09:00,5299.99951171875,5299.99951171875,5299.99951171875,5299.99951171875,53195,0.0,0.0
2000-10-27 00:00:00+09:00,5339.99951171875,5339.99951171875,5339.99951171875,5339.99951171875,27405,0.0,0.0
2000-10-30 00:00:00+09:00,5289.99951171875,5289.99951171875,5289.99951171875,5289.99951171875,32590,0.0,0.0
2000-10-31 00:00:00+09:00,5299.99951171875,5299.99951171875,5299.99951171875,5299.99951171875,127910,0.0,0.0
2000-11-01 00:00:00+09:00,5929.99951171875,5929.99951171875,5929.99951171875,5929.99951171875,111460,0.0,0.0
2000-11-02 00:00:00+09:00,6099.99951171875,6099.99951171875,6099.99951171875,6099.99951171875,155460,0.0,0.0
2000-11-03 00:00:00+09:00,6199.99951171875,6199.99951171875,6199.99951171875,6199.99951171875,205230,0.0,0.0
2000-11-06 00:00:00+09:00,6079.99951171875,6079.99951171875,6079.99951171875,6079.99951171875,66890,0.0,0.0
2000-11-07 00:00:00+09:00,5979.99951171875,5979.99951171875,5979.99951171875,5979.99951171875,65635,0.0,0.0
2000-11-08 00:00:00+09:00,5929.99951171875,5929.99951171875,5929.99951171875,5929.99951171875,50700,0.0,0.0
2000-11-09 00:00:00+09:00,5929.99951171875,5929.99951171875,5929.99951171875,5929.99951171875,70895,0.0,0.0
2000-11-10 00:00:00+09:00,6039.99951171875,6039.99951171875,6039.99951171875,6039.99951171875,116740,0.0,0.0
2000-11-13 00:00:00+09:00,6039.99951171875,6039.99951171875,6039.99951171875,6039.99951171875,65900,0.0,0.0
2000-11-14 00:00:00+09:00,6129.99951171875,6129.99951171875,6129.99951171875,6129.99951171875,40995,0.0,0.0
2000-11-15 00:00:00+09:00,6099.99951171875,6099.99951171875,6099.99951171875,6099.99951171875,43550,0.0,0.0
2000-11-16 00:00:00+09:00,6169.99951171875,6169.99951171875,6169.99951171875,6169.99951171875,44930,0.0,0.0
2000-11-17 00:00:00+09:00,6129.99951171875,6129.99951171875,6129.99951171875,6129.99951171875,22595,0.0,0.0
2000-11-20 00:00:00+09:00,6159.99951171875,6159.99951171875,6159.99951171875,6159.99951171875,34695,0.0,0.0
2000-11-21 00:00:00+09:00,6079.99951171875,6079.99951171875,6079.99951171875,6079.99951171875,53285,0.0,0.0
2000-11-22 00:00:00+09:00,6069.99951171875,6069.99951171875,6069.99951171875,6069.99951171875,34860,0.0,0.0
2000-11-23 00:00:00+09:00,6459.99951171875,6459.99951171875,6459.99951171875,6459.99951171875,198525,0.0,0.0
2000-11-24 00:00:00+09:00,6579.99951171875,6579.99951171875,6579.99951171875,6579.99951171875,193975,0.0,0.0
2000-11-27 00:00:00+09:00,6939.99951171875,6939.99951171875,6939.99951171875,6939.99951171875,82735,0.0,0.0
2000-11-28 00:00:00+09:00,7119.99951171875,7119.99951171875,7119.99951171875,7119.99951171875,270500,0.0,0.0
2000-11-29 00:00:00+09:00,6819.99951171875,6819.99951171875,6819.99951171875,6819.99951171875,39335,0.0,0.0
2000-11-30 00:00:00+09:00,6919.99951171875,6919.99951171875,6919.99951171875,6919.99951171875,129305,0.0,0.0
2000-12-01 00:00:00+09:00,6959.99951171875,6959.99951171875,6959.99951171875,6959.99951171875,54470,0.0,0.0
2000-12-04 00:00:00+09:00,6939.99951171875,6939.99951171875,6939.99951171875,6939.99951171875,30630,0.0,0.0
2000-12-05 00:00:00+09:00,6939.99951171875,6939.99951171875,6939.99951171875,6939.99951171875,20095,0.0,0.0
2000-12-06 00:00:00+09:00,6969.99951171875,6969.99951171875,6969.99951171875,6969.99951171875,45410,0.0,0.0
2000-12-07 00:00:00+09:00,7029.99951171875,7029.99951171875,7029.99951171875,7029.99951171875,32555,0.0,0.0
2000-12-08 00:00:00+09:00,7529.99951171875,7529.99951171875,7529.99951171875,7529.99951171875,155190,0.0,0.0
2000-12-11 00:00:00+09:00,7749.99951171875,7749.99951171875,7749.99951171875,7749.99951171875,39480,0.0,0.0
2000-12-12 00:00:00+09:00,7979.99951171875,7979.99951171875,7979.99951171875,7979.99951171875,146470,0.0,0.0
2000-12-13 00:00:00+09:00,7999.99951171875,7999.99951171875,7999.99951171875,7999.99951171875,40530,0.0,0.0
2000-12-14 00:00:00+09:00,7979.99951171875,7979.99951171875,7979.99951171875,7979.99951171875,73870,0.0,0.0
2000-12-15 00:00:00+09:00,8919.9990234375,8919.9990234375,8919.9990234375,8919.9990234375,65750,0.0,0.0
2000-12-18 00:00:00+09:00,9989.9990234375,9989.9990234375,9989.9990234375,9989.9990234375,113410,0.0,0.0
2000-12-19 00:00:00+09:00,10799.9990234375,10799.9990234375,10799.9990234375,10799.9990234375,281915,0.0,0.0
2000-12-20 00:00:00+09:00,11079.9990234375,11079.9990234375,11079.9990234375,11079.9990234375,171405,0.0,0.0
2000-12-21 00:00:00+09:00,10639.9990234375,10639.9990234375,10639.9990234375,10639.9990234375,126535,0.0,0.0
2000-12-22 00:00:00+09:00,10299.9990234375,10299.9990234375,10299.9990234375,10299.9990234375,86525,0.0,0.0
2000-12-25 00:00:00+09:00,10299.9990234375,10299.9990234375,10299.9990234375,10299.9990234375,0,0.0,0.0
2000-12-26 00:00:00+09:00,10499.9990234375,10499.9990234375,10499.9990234375,10499.9990234375,99940,0.0,0.0
2000-12-27 00:00:00+09:00,10499.9990234375,10499.9990234375,10499.9990234375,10499.9990234375,0,0.0,0.0
2001-01-02 00:00:00+09:00,10700.0,10700.0,10700.0,10700.0,126670,0.0,0.2
2001-01-03 00:00:00+09:00,10500.0,10500.0,10500.0,10500.0,48768,0.0,0.0
2001-01-04 00:00:00+09:00,11100.0,11100.0,11100.0,11100.0,126699,0.0,0.0
2001-01-05 00:00:00+09:00,11800.0,11800.0,11800.0,11800.0,121488,0.0,0.0
2001-01-08 00:00:00+09:00,11600.0,11600.0,11600.0,11600.0,30052,0.0,0.0
2001-01-09 00:00:00+09:00,11950.0,11950.0,11950.0,11950.0,111662,0.0,0.0
2001-01-10 00:00:00+09:00,12900.0,12900.0,12900.0,12900.0,307225,0.0,0.0
2001-01-11 00:00:00+09:00,12900.0,12900.0,12900.0,12900.0,48826,0.0,0.0
2001-01-12 00:00:00+09:00,12400.0,12400.0,12400.0,12400.0,144515,0.0,0.0
2001-01-15 00:00:00+09:00,10950.0,10950.0,10950.0,10950.0,227289,0.0,0.0
2001-01-16 00:00:00+09:00,9650.0,9650.0,9650.0,9650.0,53133,0.0,0.0
2001-01-17 00:00:00+09:00,9700.0,9700.0,9700.0,9700.0,233031,0.0,0.0
2001-01-18 00:00:00+09:00,9600.0,9600.0,9600.0,9600.0,93000,0.0,0.0
2001-01-19 00:00:00+09:00,9490.0,9490.0,9490.0,9490.0,118546,0.0,0.0
2001-01-22 00:00:00+09:00,9990.0,9990.0,9990.0,9990.0,162601,0.0,0.0
2001-01-23 00:00:00+09:00,9990.0,9990.0,9990.0,9990.0,0,0.0,0.0
2001-01-24 00:00:00+09:00,9990.0,9990.0,9990.0,9990.0,0,0.0,0.0
2001-01-25 00:00:00+09:00,9990.0,9990.0,9990.0,9990.0,0,0.0,0.0
2001-01-26 00:00:00+09:00,9980.0,9980.0,9980.0,9980.0,63701,0.0,0.0
2001-01-29 00:00:00+09:00,9800.0,9800.0,9800.0,9800.0,107076,0.0,0.0
2001-01-30 00:00:00+09:00,9880.0,9880.0,9880.0,9880.0,188443,0.0,0.0
2001-01-31 00:00:00+09:00,9680.0,9680.0,9680.0,9680.0,27407,0.0,0.0
2001-02-01 00:00:00+09:00,9400.0,9400.0,9400.0,9400.0,59377,0.0,0.0
2001-02-02 00:00:00+09:00,9300.0,9300.0,9300.0,9300.0,50603,0.0,0.0
2001-02-05 00:00:00+09:00,9300.0,9300.0,9300.0,9300.0,65634,0.0,0.0
2001-02-06 00:00:00+09:00,9210.0,9210.0,9210.0,9210.0,20388,0.0,0.0
2001-02-07 00:00:00+09:00,9350.0,9350.0,9350.0,9350.0,72683,0.0,0.0
2001-02-08 00:00:00+09:00,9410.0,9410.0,9410.0,9410.0,36765,0.0,0.0
2001-02-09 00:00:00+09:00,9580.0,9580.0,9580.0,9580.0,50909,0.0,0.0
2001-02-12 00:00:00+09:00,10700.0,10700.0,10700.0,10700.0,39275,0.0,0.0
2001-02-13 00:00:00+09:00,10600.0,10600.0,10600.0,10600.0,302218,0.0,0.0
2001-02-14 00:00:00+09:00,10600.0,10600.0,10600.0,10600.0,184676,0.0,0.0
2001-02-15 00:00:00+09:00,11000.0,11000.0,11000.0,11000.0,285407,0.0,0.0
2001-02-16 00:00:00+09:00,11000.0,11000.0,11000.0,11000.0,234146,0.0,0.0
2001-02-19 00:00:00+09:00,10900.0,10900.0,10900.0,10900.0,240010,0.0,0.0
2001-02-20 00:00:00+09:00,11100.0,11100.0,11100.0,11100.0,207199,0.0,0.0
2001-02-21 00:00:00+09:00,11350.0,11350.0,11350.0,11350.0,177886,0.0,0.0
2001-02-22 00:00:00+09:00,11150.0,11150.0,11150.0,11150.0,557623,0.0,0.0
2001-02-23 00:00:00+09:00,9850.0,9850.0,9850.0,9850.0,603870,0.0,0.0
2001-02-26 00:00:00+09:00,8670.0,8670.0,8670.0,8670.0,50959,0.0,0.0
2001-02-27 00:00:00+09:00,7630.0,7630.0,7630.0,7630.0,69682,0.0,0.0
2001-02-28 00:00:00+09:00,7120.0,7120.0,7120.0,7120.0,1024615,0.0,0.0
2001-03-01 00:00:00+09:00,7120.0,7120.0,7120.0,7120.0,0,0.0,0.0
2001-03-02 00:00:00+09:00,6270.0,6270.0,6270.0,6270.0,458747,0.0,0.0
2001-03-05 00:00:00+09:00,5520.0,5520.0,5520.0,5520.0,82898,0.0,0.0
2001-03-06 00:00:00+09:00,5560.0,5560.0,5560.0,5560.0,1765164,0.0,0.0
2001-03-07 00:00:00+09:00,5220.0,5220.0,5220.0,5220.0,1109149,0.0,0.0
2001-03-08 00:00:00+09:00,5840.0,5840.0,5840.0,5840.0,1463508,0.0,0.0
2001-03-09 00:00:00+09:00,5900.0,5900.0,5900.0,5900.0,2202616,0.0,0.0
2001-03-12 00:00:00+09:00,5200.0,5200.0,5200.0,5200.0,1163764,0.0,0.0
2001-03-13 00:00:00+09:00,4580.0,4580.0,4580.0,4580.0,706417,0.0,0.0
2001-03-14 00:00:00+09:00,4820.0,4820.0,4820.0,4820.0,978338,0.0,0.0
2001-03-15 00:00:00+09:00,4420.0,4420.0,4420.0,4420.0,992821,0.0,0.0
2001-03-16 00:00:00+09:00,4400.0,4400.0,4400.0,4400.0,620579,0.0,0.0
2001-03-19 00:00:00+09:00,4530.0,4530.0,4530.0,4530.0,894536,0.0,0.0
2001-03-20 00:00:00+09:00,4500.0,4500.0,4500.0,4500.0,513468,0.0,0.0
2001-03-21 00:00:00+09:00,4350.0,4350.0,4350.0,4350.0,410445,0.0,0.0
2001-03-22 00:00:00+09:00,4600.0,4600.0,4600.0,4600.0,857000,0.0,0.0
2001-03-23 00:00:00+09:00,4400.0,4400.0,4400.0,4400.0,359174,0.0,0.0
2001-03-26 00:00:00+09:00,4490.0,4490.0,4490.0,4490.0,325398,0.0,0.0
2001-03-27 00:00:00+09:00,4190.0,4190.0,4190.0,4190.0,301936,0.0,0.0
2001-03-28 00:00:00+09:00,4040.0,4040.0,4040.0,4040.0,349375,0.0,0.0
2001-03-29 00:00:00+09:00,3880.0,3880.0,3880.0,3880.0,357109,0.0,0.0
2001-03-30 00:00:00+09:00,4030.0,4030.0,4030.0,4030.0,497323,0.0,0.0
2001-04-02 00:00:00+09:00,4200.0,4200.0,4200.0,4200.0,1027302,0.0,0.0
2001-04-03 00:00:00+09:00,3700.0,3700.0,3700.0,3700.0,248292,0.0,0.0
2001-04-04 00:00:00+09:00,3370.0,3370.0,3370.0,3370.0,257285,0.0,0.0
2001-04-05 00:00:00+09:00,3370.0,3370.0,3370.0,3370.0,0,0.0,0.0
2001-04-06 00:00:00+09:00,3350.0,3350.0,3350.0,3350.0,265820,0.0,0.0
2001-04-09 00:00:00+09:00,3320.0,3320.0,3320.0,3320.0,175694,0.0,0.0
2001-04-10 00:00:00+09:00,3280.0,3280.0,3280.0,3280.0,179558,0.0,0.0
2001-04-11 00:00:00+09:00,3480.0,3480.0,3480.0,3480.0,303721,0.0,0.0
2001-04-12 00:00:00+09:00,3490.0,3490.0,3490.0,3490.0,252506,0.0,0.0
2001-04-13 00:00:00+09:00,3590.0,3590.0,3590.0,3590.0,250370,0.0,0.0
2001-04-16 00:00:00+09:00,3550.0,3550.0,3550.0,3550.0,203660,0.0,0.0
2001-04-17 00:00:00+09:00,3560.0,3560.0,3560.0,3560.0,174597,0.0,0.0
2001-04-18 00:00:00+09:00,3890.0,3890.0,3890.0,3890.0,545184,0.0,0.0
2001-04-19 00:00:00+09:00,3970.0,3970.0,3970.0,3970.0,500353,0.0,0.0
2001-04-20 00:00:00+09:00,3860.0,3860.0,3860.0,3860.0,163505,0.0,0.0
2001-04-23 00:00:00+09:00,4050.0,4050.0,4050.0,4050.0,457023,0.0,0.0
2001-04-24 00:00:00+09:00,3820.0,3820.0,3820.0,3820.0,229057,0.0,0.0
2001-04-25 00:00:00+09:00,4270.0,4270.0,4270.0,4270.0,583757,0.0,0.0
2001-04-26 00:00:00+09:00,4780.0,4780.0,4780.0,4780.0,1417102,0.0,0.0
2001-04-27 00:00:00+09:00,4290.0,4290.0,4290.0,4290.0,620254,0.0,0.0
2001-04-30 00:00:00+09:00,4800.0,4800.0,4800.0,4800.0,609249,0.0,0.0
2001-05-01 00:00:00+09:00,4800.0,4800.0,4800.0,4800.0,0,0.0,0.0
2001-05-02 00:00:00+09:00,4990.0,4990.0,4990.0,4990.0,751697,0.0,0.0
2001-05-03 00:00:00+09:00,4820.0,4820.0,4820.0,4820.0,340061,0.0,0.0
2001-05-04 00:00:00+09:00,5100.0,5100.0,5100.0,5100.0,581581,0.0,0.0
2001-05-07 00:00:00+09:00,5190.0,5190.0,5190.0,5190.0,341996,0.0,0.0
2001-05-08 00:00:00+09:00,4980.0,4980.0,4980.0,4980.0,392750,0.0,0.0
2001-05-09 00:00:00+09:00,4830.0,4830.0,4830.0,4830.0,253517,0.0,0.0
2001-05-10 00:00:00+09:00,4810.0,4810.0,4810.0,4810.0,191636,0.0,0.0
2001-05-11 00:00:00+09:00,4760.0,4760.0,4760.0,4760.0,161754,0.0,0.0
2001-05-14 00:00:00+09:00,4710.0,4710.0,4710.0,4710.0,203039,0.0,0.0
2001-05-15 00:00:00+09:00,4650.0,4650.0,4650.0,4650.0,216243,0.0,0.0
2001-05-16 00:00:00+09:00,4570.0,4570.0,4570.0,4570.0,191569,0.0,0.0
2001-05-17 00:00:00+09:00,4650.0,4650.0,4650.0,4650.0,282492,0.0,0.0
2001-05-18 00:00:00+09:00,4280.0,4280.0,4280.0,4280.0,459614,0.0,0.0
2001-05-21 00:00:00+09:00,4230.0,4230.0,4230.0,4230.0,292551,0.0,0.0
2001-05-22 00:00:00+09:00,4100.0,4100.0,4100.0,4100.0,242061,0.0,0.0
2001-05-23 00:00:00+09:00,4390.0,4390.0,4390.0,4390.0,423726,0.0,0.0
2001-05-24 00:00:00+09:00,4250.0,4250.0,4250.0,4250.0,198044,0.0,0.0
2001-05-25 00:00:00+09:00,4250.0,4250.0,4250.0,4250.0,189834,0.0,0.0
2001-05-28 00:00:00+09:00,4400.0,4400.0,4400.0,4400.0,350289,0.0,0.0
2001-05-29 00:00:00+09:00,4690.0,4690.0,4690.0,4690.0,491445,0.0,0.0
2001-05-30 00:00:00+09:00,4700.0,4700.0,4700.0,4700.0,725121,0.0,0.0
2001-05-31 00:00:00+09:00,4500.0,4500.0,4500.0,4500.0,305084,0.0,0.0
2001-06-01 00:00:00+09:00,4480.0,4480.0,4480.0,4480.0,173186,0.0,0.0
2001-06-04 00:00:00+09:00,4480.0,4480.0,4480.0,4480.0,229571,0.0,0.0
2001-06-05 00:00:00+09:00,4220.0,4220.0,4220.0,4220.0,180469,0.0,0.0
2001-06-06 00:00:00+09:00,4220.0,4220.0,4220.0,4220.0,0,0.0,0.0
2001-06-07 00:00:00+09:00,4010.0,4010.0,4010.0,4010.0,190815,0.0,0.0
2001-06-08 00:00:00+09:00,4100.0,4100.0,4100.0,4100.0,154715,0.0,0.0
2001-06-11 00:00:00+09:00,4060.0,4060.0,4060.0,4060.0,79980,0.0,0.0
2001-06-12 00:00:00+09:00,4120.0,4120.0,4120.0,4120.0,99834,0.0,0.0
2001-06-13 00:00:00+09:00,4290.0,4290.0,4290.0,4290.0,181180,0.0,0.0
2001-06-14 00:00:00+09:00,4470.0,4470.0,4470.0,4470.0,323221,0.0,0.0
2001-06-15 00:00:00+09:00,4360.0,4360.0,4360.0,4360.0,199065,0.0,0.0
2001-06-18 00:00:00+09:00,4220.0,4220.0,4220.0,4220.0,170815,0.0,0.0
2001-06-19 00:00:00+09:00,4120.0,4120.0,4120.0,4120.0,126832,0.0,0.0
2001-06-20 00:00:00+09:00,4040.0,4040.0,4040.0,4040.0,150208,0.0,0.0
2001-06-21 00:00:00+09:00,4100.0,4100.0,4100.0,4100.0,64044,0.0,0.0
2001-06-22 00:00:00+09:00,4070.0,4070.0,4070.0,4070.0,93081,0.0,0.0
2001-06-25 00:00:00+09:00,4100.0,4100.0,4100.0,4100.0,82566,0.0,0.0
2001-06-26 00:00:00+09:00,4000.0,4000.0,4000.0,4000.0,126089,0.0,0.0
2001-06-27 00:00:00+09:00,3900.0,3900.0,3900.0,3900.0,44933,0.0,0.0
2001-06-28 00:00:00+09:00,3850.0,3850.0,3850.0,3850.0,73461,0.0,0.0
2001-06-29 00:00:00+09:00,3880.0,3880.0,3880.0,3880.0,74411,0.0,0.0
2001-07-02 00:00:00+09:00,3910.0,3910.0,3910.0,3910.0,54587,0.0,0.0
2001-07-03 00:00:00+09:00,3950.0,3950.0,3950.0,3950.0,63648,0.0,0.0
2001-07-04 00:00:00+09:00,4070.0,4070.0,4070.0,4070.0,102825,0.0,0.0
2001-07-05 00:00:00+09:00,4020.0,4020.0,4020.0,4020.0,72334,0.0,0.0
2001-07-06 00:00:00+09:00,3820.0,3820.0,3820.0,3820.0,105128,0.0,0.0
2001-07-09 00:00:00+09:00,3370.0,3370.0,3370.0,3370.0,206314,0.0,0.0
2001-07-10 00:00:00+09:00,3350.0,3350.0,3350.0,3350.0,56095,0.0,0.0
2001-07-11 00:00:00+09:00,3120.0,3120.0,3120.0,3120.0,77971,0.0,0.0
2001-07-12 00:00:00+09:00,3340.0,3340.0,3340.0,3340.0,74744,0.0,0.0
2001-07-13 00:00:00+09:00,3200.0,3200.0,3200.0,3200.0,93194,0.0,0.0
2001-07-16 00:00:00+09:00,3120.0,3120.0,3120.0,3120.0,64298,0.0,0.0
2001-07-17 00:00:00+09:00,3120.0,3120.0,3120.0,3120.0,0,0.0,0.0
2001-07-18 00:00:00+09:00,3020.0,3020.0,3020.0,3020.0,51673,0.0,0.0
2001-07-19 00:00:00+09:00,3020.0,3020.0,3020.0,3020.0,79019,0.0,0.0
2001-07-20 00:00:00+09:00,2980.0,2980.0,2980.0,2980.0,44575,0.0,0.0
2001-07-23 00:00:00+09:00,2670.0,2670.0,2670.0,2670.0,39502,0.0,0.0
2001-07-24 00:00:00+09:00,2730.0,2730.0,2730.0,2730.0,54438,0.0,0.0
2001-07-25 00:00:00+09:00,3050.0,3050.0,3050.0,3050.0,76630,0.0,0.0
2001-07-26 00:00:00+09:00,3400.0,3400.0,3400.0,3400.0,285495,0.0,0.0
2001-07-27 00:00:00+09:00,3580.0,3580.0,3580.0,3580.0,224165,0.0,0.0
2001-07-30 00:00:00+09:00,3390.0,3390.0,3390.0,3390.0,73105,0.0,0.0
2001-07-31 00:00:00+09:00,3790.0,3790.0,3790.0,3790.0,96203,0.0,0.0
2001-08-01 00:00:00+09:00,3900.0,3900.0,3900.0,3900.0,421606,0.0,0.0
2001-08-02 00:00:00+09:00,3800.0,3800.0,3800.0,3800.0,126122,0.0,0.0
2001-08-03 00:00:00+09:00,3770.0,3770.0,3770.0,3770.0,64100,0.0,0.0
2001-08-06 00:00:00+09:00,3650.0,3650.0,3650.0,3650.0,89714,0.0,0.0
2001-08-07 00:00:00+09:00,3510.0,3510.0,3510.0,3510.0,56187,0.0,0.0
2001-08-08 00:00:00+09:00,3930.0,3930.0,3930.0,3930.0,205447,0.0,0.0
2001-08-09 00:00:00+09:00,3860.0,3860.0,3860.0,3860.0,499734,0.0,0.0
2001-08-10 00:00:00+09:00,3960.0,3960.0,3960.0,3960.0,177410,0.0,0.0
2001-08-13 00:00:00+09:00,3990.0,3990.0,3990.0,3990.0,323606,0.0,0.0
2001-08-14 00:00:00+09:00,3980.0,3980.0,3980.0,3980.0,148997,0.0,0.0
2001-08-15 00:00:00+09:00,3980.0,3980.0,3980.0,3980.0,0,0.0,0.0
2001-08-16 00:00:00+09:00,3740.0,3740.0,3740.0,3740.0,104840,0.0,0.0
2001-08-17 00:00:00+09:00,3720.0,3720.0,3720.0,3720.0,47653,0.0,0.0
2001-08-20 00:00:00+09:00,3690.0,3690.0,3690.0,3690.0,85326,0.0,0.0
2001-08-21 00:00:00+09:00,3560.0,3560.0,3560.0,3560.0,74382,0.0,0.0
2001-08-22 00:00:00+09:00,3380.0,3380.0,3380.0,3380.0,90364,0.0,0.0
2001-08-23 00:00:00+09:00,3420.0,3420.0,3420.0,3420.0,83224,0.0,0.0
2001-08-24 00:00:00+09:00,3300.0,3300.0,3300.0,3300.0,56761,0.0,0.0
2001-08-27 00:00:00+09:00,3390.0,3390.0,3390.0,3390.0,53294,0.0,0.0
2001-08-28 00:00:00+09:00,3330.0,3330.0,3330.0,3330.0,23299,0.0,0.0
2001-08-29 00:00:00+09:00,3200.0,3200.0,3200.0,3200.0,51523,0.0,0.0
2001-08-30 00:00:00+09:00,3290.0,3290.0,3290.0,3290.0,68272,0.0,0.0
2001-08-31 00:00:00+09:00,3040.0,3040.0,3040.0,3040.0,33532,0.0,0.0
2001-09-03 00:00:00+09:00,3090.0,3090.0,3090.0,3090.0,17703,0.0,0.0
2001-09-04 00:00:00+09:00,3120.0,3120.0,3120.0,3120.0,30063,0.0,0.0
2001-09-05 00:00:00+09:00,3130.0,3130.0,3130.0,3130.0,25176,0.0,0.0
2001-09-06 00:00:00+09:00,3160.0,3160.0,3160.0,3160.0,42399,0.0,0.0
2001-09-07 00:00:00+09:00,3120.0,3120.0,3120.0,3120.0,27998,0.0,0.0
2001-09-10 00:00:00+09:00,3140.0,3140.0,3140.0,3140.0,63267,0.0,0.0
2001-09-11 00:00:00+09:00,3060.0,3060.0,3060.0,3060.0,41356,0.0,0.0
2001-09-12 00:00:00+09:00,2700.0,2700.0,2700.0,2700.0,107054,0.0,0.0
2001-09-13 00:00:00+09:00,2900.0,2900.0,2900.0,2900.0,80996,0.0,0.0
2001-09-14 00:00:00+09:00,2560.0,2560.0,2560.0,2560.0,59143,0.0,0.0
2001-09-17 00:00:00+09:00,2260.0,2260.0,2260.0,2260.0,62507,0.0,0.0
2001-09-18 00:00:00+09:00,2380.0,2380.0,2380.0,2380.0,43865,0.0,0.0
2001-09-19 00:00:00+09:00,2360.0,2360.0,2360.0,2360.0,43352,0.0,0.0
2001-09-20 00:00:00+09:00,2260.0,2260.0,2260.0,2260.0,18702,0.0,0.0
2001-09-21 00:00:00+09:00,2040.0,2040.0,2040.0,2040.0,62496,0.0,0.0
2001-09-24 00:00:00+09:00,2120.0,2120.0,2120.0,2120.0,153304,0.0,0.0
2001-09-25 00:00:00+09:00,2060.0,2060.0,2060.0,2060.0,89342,0.0,0.0
2001-09-26 00:00:00+09:00,2010.0,2010.0,2010.0,2010.0,65124,0.0,0.0
2001-09-27 00:00:00+09:00,2040.0,2040.0,2040.0,2040.0,28066,0.0,0.0
2001-09-28 00:00:00+09:00,2140.0,2140.0,2140.0,2140.0,92054,0.0,0.0
2001-10-01 00:00:00+09:00,2140.0,2140.0,2140.0,2140.0,0,0.0,0.0
2001-10-02 00:00:00+09:00,2140.0,2140.0,2140.0,2140.0,0,0.0,0.0
2001-10-03 00:00:00+09:00,2140.0,2140.0,2140.0,2140.0,0,0.0,0.0
2001-10-04 00:00:00+09:00,2390.0,2390.0,2390.0,2390.0,116291,0.0,0.0
2001-10-05 00:00:00+09:00,2370.0,2370.0,2370.0,2370.0,50098,0.0,0.0
2001-10-08 00:00:00+09:00,2370.0,2370.0,2370.0,2370.0,0,0.0,0.0
2001-10-09 00:00:00+09:00,2360.0,2360.0,2360.0,2360.0,152987,0.0,0.0
2001-10-10 00:00:00+09:00,2480.0,2480.0,2480.0,2480.0,133951,0.0,0.0
2001-10-11 00:00:00+09:00,2560.0,2560.0,2560.0,2560.0,95625,0.0,0.0
2001-10-12 00:00:00+09:00,2450.0,2450.0,2450.0,2450.0,64152,0.0,0.0
2001-10-15 00:00:00+09:00,2480.0,2480.0,2480.0,2480.0,64271,0.0,0.0
2001-10-16 00:00:00+09:00,2610.0,2610.0,2610.0,2610.0,119359,0.0,0.0
2001-10-17 00:00:00+09:00,2590.0,2590.0,2590.0,2590.0,55840,0.0,0.0
2001-10-18 00:00:00+09:00,2500.0,2500.0,2500.0,2500.0,56337,0.0,0.0
2001-10-19 00:00:00+09:00,2550.0,2550.0,2550.0,2550.0,33150,0.0,0.0
2001-10-22 00:00:00+09:00,2850.0,2850.0,2850.0,2850.0,158959,0.0,0.0
2001-10-23 00:00:00+09:00,2770.0,2770.0,2770.0,2770.0,179526,0.0,0.0
2001-10-24 00:00:00+09:00,2620.0,2620.0,2620.0,2620.0,109084,0.0,0.0
2001-10-25 00:00:00+09:00,2580.0,2580.0,2580.0,2580.0,64326,0.0,0.0
2001-10-26 00:00:00+09:00,2520.0,2520.0,2520.0,2520.0,81737,0.0,0.0
2001-10-29 00:00:00+09:00,2560.0,2560.0,2560.0,2560.0,41941,0.0,0.0
2001-10-30 00:00:00+09:00,2440.0,2440.0,2440.0,2440.0,55966,0.0,0.0
2001-10-31 00:00:00+09:00,2510.0,2510.0,2510.0,2510.0,24778,0.0,0.0
2001-11-01 00:00:00+09:00,2670.0,2670.0,2670.0,2670.0,71369,0.0,0.0
2001-11-02 00:00:00+09:00,2620.0,2620.0,2620.0,2620.0,44162,0.0,0.0
2001-11-05 00:00:00+09:00,2650.0,2650.0,2650.0,2650.0,49568,0.0,0.0
2001-11-06 00:00:00+09:00,2660.0,2660.0,2660.0,2660.0,63238,0.0,0.0
2001-11-07 00:00:00+09:00,2790.0,2790.0,2790.0,2790.0,162715,0.0,0.0
2001-11-08 00:00:00+09:00,2740.0,2740.0,2740.0,2740.0,51975,0.0,0.0
2001-11-09 00:00:00+09:00,2780.0,2780.0,2780.0,2780.0,89024,0.0,0.0
2001-11-12 00:00:00+09:00,2740.0,2740.0,2740.0,2740.0,65718,0.0,0.0
2001-11-13 00:00:00+09:00,2680.0,2680.0,2680.0,2680.0,75265,0.0,0.0
2001-11-14 00:00:00+09:00,2730.0,2730.0,2730.0,2730.0,65026,0.0,0.0
2001-11-15 00:00:00+09:00,2860.0,2860.0,2860.0,2860.0,184126,0.0,0.0
2001-11-16 00:00:00+09:00,3200.0,3200.0,3200.0,3200.0,538855,0.0,0.0
2001-11-19 00:00:00+09:00,3580.0,3580.0,3580.0,3580.0,946072,0.0,0.0
2001-11-20 00:00:00+09:00,3260.0,3260.0,3260.0,3260.0,497674,0.0,0.0
2001-11-21 00:00:00+09:00,3650.0,3650.0,3650.0,3650.0,194313,0.0,0.0
2001-11-22 00:00:00+09:00,3640.0,3640.0,3640.0,3640.0,1141024,0.0,0.0
2001-11-23 00:00:00+09:00,3750.0,3750.0,3750.0,3750.0,759150,0.0,0.0
2001-11-26 00:00:00+09:00,3500.0,3500.0,3500.0,3500.0,320436,0.0,0.0
2001-11-27 00:00:00+09:00,3350.0,3350.0,3350.0,3350.0,170490,0.0,0.0
2001-11-28 00:00:00+09:00,3050.0,3050.0,3050.0,3050.0,263772,0.0,0.0
2001-11-29 00:00:00+09:00,3010.0,3010.0,3010.0,3010.0,110215,0.0,0.0
2001-11-30 00:00:00+09:00,3140.0,3140.0,3140.0,3140.0,92777,0.0,0.0
2001-12-03 00:00:00+09:00,3000.0,3000.0,3000.0,3000.0,83836,0.0,0.0
2001-12-04 00:00:00+09:00,2930.0,2930.0,2930.0,2930.0,73154,0.0,0.0
2001-12-05 00:00:00+09:00,2830.0,2830.0,2830.0,2830.0,153053,0.0,0.0
2001-12-06 00:00:00+09:00,2880.0,2880.0,2880.0,2880.0,104053,0.0,0.0
2001-12-07 00:00:00+09:00,2840.0,2840.0,2840.0,2840.0,54040,0.0,0.0
2001-12-10 00:00:00+09:00,2760.0,2760.0,2760.0,2760.0,46905,0.0,0.0
2001-12-11 00:00:00+09:00,2870.0,2870.0,2870.0,2870.0,97897,0.0,0.0
2001-12-12 00:00:00+09:00,2950.0,2950.0,2950.0,2950.0,103459,0.0,0.0
2001-12-13 00:00:00+09:00,2860.0,2860.0,2860.0,2860.0,58705,0.0,0.0
2001-12-14 00:00:00+09:00,2840.0,2840.0,2840.0,2840.0,54974,0.0,0.0
2001-12-17 00:00:00+09:00,2800.0,2800.0,2800.0,2800.0,44838,0.0,0.0
2001-12-18 00:00:00+09:00,2730.0,2730.0,2730.0,2730.0,33002,0.0,0.0
2001-12-19 00:00:00+09:00,2490.0,2490.0,2490.0,2490.0,77186,0.0,0.0
2001-12-20 00:00:00+09:00,2570.0,2570.0,2570.0,2570.0,25677,0.0,0.0
2001-12-21 00:00:00+09:00,2450.0,2450.0,2450.0,2450.0,56962,0.0,0.0
2001-12-24 00:00:00+09:00,2430.0,2430.0,2430.0,2430.0,22002,0.0,0.0
2001-12-25 00:00:00+09:00,2430.0,2430.0,2430.0,2430.0,0,0.0,0.0
2001-12-26 00:00:00+09:00,2430.0,2430.0,2430.0,2430.0,35125,0.0,0.0
2001-12-27 00:00:00+09:00,2450.0,2450.0,2450.0,2450.0,49915,0.0,0.0
2001-12-28 00:00:00+09:00,2620.0,2620.0,2620.0,2620.0,71371,0.0,0.0
2001-12-31 00:00:00+09:00,2620.0,2620.0,2620.0,2620.0,0,0.0,0.0
2002-01-01 00:00:00+09:00,2620.0,2620.0,2620.0,2620.0,0,0.0,0.0
2002-01-02 00:00:00+09:00,2660.0,2660.0,2660.0,2660.0,51827,0.0,0.0
2002-01-03 00:00:00+09:00,2640.0,2640.0,2640.0,2640.0,29361,0.0,0.0
2002-01-04 00:00:00+09:00,2640.0,2640.0,2640.0,2640.0,34497,0.0,0.0
2002-01-07 00:00:00+09:00,2570.0,2570.0,2570.0,2570.0,44066,0.0,0.0
2002-01-08 00:00:00+09:00,2480.0,2480.0,2480.0,2480.0,47598,0.0,0.0
2002-01-09 00:00:00+09:00,2450.0,2450.0,2450.0,2450.0,54617,0.0,0.0
2002-01-10 00:00:00+09:00,2430.0,2430.0,2430.0,2430.0,55579,0.0,0.0
2002-01-11 00:00:00+09:00,2470.0,2470.0,2470.0,2470.0,56721,0.0,0.0
2002-01-14 00:00:00+09:00,2400.0,2400.0,2400.0,2400.0,49206,0.0,0.0
2002-01-15 00:00:00+09:00,2420.0,2420.0,2420.0,2420.0,33328,0.0,0.0
2002-01-16 00:00:00+09:00,2350.0,2350.0,2350.0,2350.0,25898,0.0,0.0
2002-01-17 00:00:00+09:00,2320.0,2320.0,2320.0,2320.0,29446,0.0,0.0
2002-01-18 00:00:00+09:00,2270.0,2270.0,2270.0,2270.0,42620,0.0,0.0
2002-01-21 00:00:00+09:00,2380.0,2380.0,2380.0,2380.0,60353,0.0,0.0
2002-01-22 00:00:00+09:00,2530.0,2530.0,2530.0,2530.0,169964,0.0,0.0
2002-01-23 00:00:00+09:00,2370.0,2370.0,2370.0,2370.0,53660,0.0,0.0
2002-01-24 00:00:00+09:00,2330.0,2330.0,2330.0,2330.0,57663,0.0,0.0
2002-01-25 00:00:00+09:00,2430.0,2430.0,2430.0,2430.0,49360,0.0,0.0
2002-01-28 00:00:00+09:00,2480.0,2480.0,2480.0,2480.0,51330,0.0,0.0
2002-01-29 00:00:00+09:00,2510.0,2510.0,2510.0,2510.0,53834,0.0,0.0
2002-01-30 00:00:00+09:00,2490.0,2490.0,2490.0,2490.0,32652,0.0,0.0
2002-01-31 00:00:00+09:00,2530.0,2530.0,2530.0,2530.0,47445,0.0,0.0
2002-02-01 00:00:00+09:00,2490.0,2490.0,2490.0,2490.0,49553,0.0,0.0
2002-02-04 00:00:00+09:00,2480.0,2480.0,2480.0,2480.0,51267,0.0,0.0
2002-02-05 00:00:00+09:00,2460.0,2460.0,2460.0,2460.0,37299,0.0,0.0
2002-02-06 00:00:00+09:00,2450.0,2450.0,2450.0,2450.0,32917,0.0,0.0
2002-02-07 00:00:00+09:00,2390.0,2390.0,2390.0,2390.0,48569,0.0,0.0
2002-02-08 00:00:00+09:00,2390.0,2390.0,2390.0,2390.0,18127,0.0,0.0
2002-02-11 00:00:00+09:00,2390.0,2390.0,2390.0,2390.0,0,0.0,0.0
2002-02-12 00:00:00+09:00,2390.0,2390.0,2390.0,2390.0,0,0.0,0.0
2002-02-13 00:00:00+09:00,2390.0,2390.0,2390.0,2390.0,0,0.0,0.0
2002-02-14 00:00:00+09:00,2490.0,2490.0,2490.0,2490.0,44099,0.0,0.0
2002-02-15 00:00:00+09:00,2390.0,2390.0,2390.0,2390.0,37010,0.0,0.0
2002-02-18 00:00:00+09:00,2400.0,2400.0,2400.0,2400.0,21315,0.0,0.0
2002-02-19 00:00:00+09:00,2390.0,2390.0,2390.0,2390.0,37359,0.0,0.0
2002-02-20 00:00:00+09:00,2340.0,2340.0,2340.0,2340.0,12520,0.0,0.0
2002-02-21 00:00:00+09:00,2370.0,2370.0,2370.0,2370.0,12628,0.0,0.0
2002-02-22 00:00:00+09:00,2320.0,2320.0,2320.0,2320.0,34185,0.0,0.0
2002-02-25 00:00:00+09:00,2350.0,2350.0,2350.0,2350.0,20057,0.0,0.0
2002-02-26 00:00:00+09:00,2330.0,2330.0,2330.0,2330.0,15839,0.0,0.0
2002-02-27 00:00:00+09:00,2320.0,2320.0,2320.0,2320.0,16443,0.0,0.0
2002-02-28 00:00:00+09:00,2320.0,2320.0,2320.0,2320.0,22492,0.0,0.0
2002-03-01 00:00:00+09:00,2320.0,2320.0,2320.0,2320.0,0,0.0,0.0
2002-03-04 00:00:00+09:00,2410.0,2410.0,2410.0,2410.0,39068,0.0,0.0
2002-03-05 00:00:00+09:00,2380.0,2380.0,2380.0,2380.0,32905,0.0,0.0
2002-03-06 00:00:00+09:00,2660.0,2660.0,2660.0,2660.0,203015,0.0,0.0
2002-03-07 00:00:00+09:00,2630.0,2630.0,2630.0,2630.0,130951,0.0,0.0
2002-03-08 00:00:00+09:00,2600.0,2600.0,2600.0,2600.0,112085,0.0,0.0
2002-03-11 00:00:00+09:00,2720.0,2720.0,2720.0,2720.0,115949,0.0,0.0
2002-03-12 00:00:00+09:00,2660.0,2660.0,2660.0,2660.0,64774,0.0,0.0
2002-03-13 00:00:00+09:00,2570.0,2570.0,2570.0,2570.0,73538,0.0,0.0
2002-03-14 00:00:00+09:00,2570.0,2570.0,2570.0,2570.0,32201,0.0,0.0
2002-03-15 00:00:00+09:00,2590.0,2590.0,2590.0,2590.0,48941,0.0,0.0
2002-03-18 00:00:00+09:00,2600.0,2600.0,2600.0,2600.0,59899,0.0,0.0
2002-03-19 00:00:00+09:00,2700.0,2700.0,2700.0,2700.0,66876,0.0,0.0
2002-03-20 00:00:00+09:00,2620.0,2620.0,2620.0,2620.0,63389,0.0,0.0
2002-03-21 00:00:00+09:00,2520.0,2520.0,2520.0,2520.0,79012,0.0,0.0
2002-03-22 00:00:00+09:00,2470.0,2470.0,2470.0,2470.0,218603,0.0,0.0
2002-03-25 00:00:00+09:00,2380.0,2380.0,2380.0,2380.0,75117,0.0,0.0
2002-03-26 00:00:00+09:00,2380.0,2380.0,2380.0,2380.0,66241,0.0,0.0
2002-03-27 00:00:00+09:00,2480.0,2480.0,2480.0,2480.0,61806,0.0,0.0
2002-03-28 00:00:00+09:00,2480.0,2480.0,2480.0,2480.0,53060,0.0,0.0
2002-03-29 00:00:00+09:00,2400.0,2400.0,2400.0,2400.0,33270,0.0,0.0
2002-04-01 00:00:00+09:00,2380.0,2380.0,2380.0,2380.0,43312,0.0,0.0
2002-04-02 00:00:00+09:00,2320.0,2320.0,2320.0,2320.0,55455,0.0,0.0
2002-04-03 00:00:00+09:00,2430.0,2430.0,2430.0,2430.0,234577,0.0,0.0
2002-04-04 00:00:00+09:00,2400.0,2400.0,2400.0,2400.0,61570,0.0,0.0
2002-04-05 00:00:00+09:00,2400.0,2400.0,2400.0,2400.0,0,0.0,0.0
2002-04-08 00:00:00+09:00,2490.0,2490.0,2490.0,2490.0,74337,0.0,0.0
2002-04-09 00:00:00+09:00,2430.0,2430.0,2430.0,2430.0,31348,0.0,0.0
2002-04-10 00:00:00+09:00,2360.0,2360.0,2360.0,2360.0,47292,0.0,0.0
2002-04-11 00:00:00+09:00,2400.0,2400.0,2400.0,2400.0,24718,0.0,0.0
2002-04-12 00:00:00+09:00,2630.0,2630.0,2630.0,2630.0,234714,0.0,0.0
2002-04-15 00:00:00+09:00,2570.0,2570.0,2570.0,2570.0,693369,0.0,0.0
2002-04-16 00:00:00+09:00,2600.0,2600.0,2600.0,2600.0,152738,0.0,0.0
2002-04-17 00:00:00+09:00,2910.0,2910.0,2910.0,2910.0,128188,0.0,0.0
2002-04-18 00:00:00+09:00,3250.0,3250.0,3250.0,3250.0,725027,0.0,0.0
2002-04-19 00:00:00+09:00,3200.0,3200.0,3200.0,3200.0,809072,0.0,0.0
2002-04-22 00:00:00+09:00,2820.0,2820.0,2820.0,2820.0,290169,0.0,0.0
2002-04-23 00:00:00+09:00,2530.0,2530.0,2530.0,2530.0,458367,0.0,0.0
2002-04-24 00:00:00+09:00,2400.0,2400.0,2400.0,2400.0,361011,0.0,0.0
2002-04-25 00:00:00+09:00,2450.0,2450.0,2450.0,2450.0,119869,0.0,0.0
2002-04-26 00:00:00+09:00,2400.0,2400.0,2400.0,2400.0,78145,0.0,0.0
2002-04-29 00:00:00+09:00,2320.0,2320.0,2320.0,2320.0,57125,0.0,0.0
2002-04-30 00:00:00+09:00,2400.0,2400.0,2400.0,2400.0,45916,0.0,0.0
2002-05-01 00:00:00+09:00,2400.0,2400.0,2400.0,2400.0,0,0.0,0.0
2002-05-02 00:00:00+09:00,2400.0,2400.0,2400.0,2400.0,31695,0.0,0.0
2002-05-03 00:00:00+09:00,2390.0,2390.0,2390.0,2390.0,53732,0.0,0.0
2002-05-06 00:00:00+09:00,2320.0,2320.0,2320.0,2320.0,16959,0.0,0.0
2002-05-07 00:00:00+09:00,2350.0,2350.0,2350.0,2350.0,19581,0.0,0.0
2002-05-08 00:00:00+09:00,2360.0,2360.0,2360.0,2360.0,38277,0.0,0.0
2002-05-09 00:00:00+09:00,2380.0,2380.0,2380.0,2380.0,46455,0.0,0.0
2002-05-10 00:00:00+09:00,2360.0,2360.0,2360.0,2360.0,47384,0.0,0.0
2002-05-13 00:00:00+09:00,2370.0,2370.0,2370.0,2370.0,25254,0.0,0.0
2002-05-14 00:00:00+09:00,2470.0,2470.0,2470.0,2470.0,194325,0.0,0.0
2002-05-15 00:00:00+09:00,2420.0,2420.0,2420.0,2420.0,53773,0.0,0.0
2002-05-16 00:00:00+09:00,2480.0,2480.0,2480.0,2480.0,47455,0.0,0.0
2002-05-17 00:00:00+09:00,2410.0,2410.0,2410.0,2410.0,59038,0.0,0.0
2002-05-20 00:00:00+09:00,2430.0,2430.0,2430.0,2430.0,52777,0.0,0.0
2002-05-21 00:00:00+09:00,2350.0,2350.0,2350.0,2350.0,59854,0.0,0.0
2002-05-22 00:00:00+09:00,2360.0,2360.0,2360.0,2360.0,18214,0.0,0.0
2002-05-23 00:00:00+09:00,2320.0,2320.0,2320.0,2320.0,40082,0.0,0.0
2002-05-24 00:00:00+09:00,2330.0,2330.0,2330.0,2330.0,19825,0.0,0.0
2002-05-27 00:00:00+09:00,2330.0,2330.0,2330.0,2330.0,18068,0.0,0.0
2002-05-28 00:00:00+09:00,2310.0,2310.0,2310.0,2310.0,16817,0.0,0.0
2002-05-29 00:00:00+09:00,2240.0,2240.0,2240.0,2240.0,19545,0.0,0.0
2002-05-30 00:00:00+09:00,2130.0,2130.0,2130.0,2130.0,67115,0.0,0.0
2002-05-31 00:00:00+09:00,2080.0,2080.0,2080.0,2080.0,23431,0.0,0.0
2002-06-03 00:00:00+09:00,2060.0,2060.0,2060.0,2060.0,31214,0.0,0.0
2002-06-04 00:00:00+09:00,2120.0,2120.0,2120.0,2120.0,8886,0.0,0.0
2002-06-05 00:00:00+09:00,2170.0,2170.0,2170.0,2170.0,13211,0.0,0.0
2002-06-06 00:00:00+09:00,2170.0,2170.0,2170.0,2170.0,0,0.0,0.0
2002-06-07 00:00:00+09:00,2050.0,2050.0,2050.0,2050.0,9358,0.0,0.0
2002-06-10 00:00:00+09:00,2080.0,2080.0,2080.0,2080.0,46199,0.0,0.0
2002-06-11 00:00:00+09:00,2110.0,2110.0,2110.0,2110.0,12078,0.0,0.0
2002-06-12 00:00:00+09:00,2100.0,2100.0,2100.0,2100.0,24442,0.0,0.0
2002-06-13 00:00:00+09:00,2100.0,2100.0,2100.0,2100.0,0,0.0,0.0
2002-06-14 00:00:00+09:00,2100.0,2100.0,2100.0,2100.0,14595,0.0,0.0
2002-06-17 00:00:00+09:00,2090.0,2090.0,2090.0,2090.0,18660,0.0,0.0
2002-06-18 00:00:00+09:00,2100.0,2100.0,2100.0,2100.0,4706,0.0,0.0
2002-06-19 00:00:00+09:00,2050.0,2050.0,2050.0,2050.0,14082,0.0,0.0
2002-06-20 00:00:00+09:00,2100.0,2100.0,2100.0,2100.0,9623,0.0,0.0
2002-06-21 00:00:00+09:00,2050.0,2050.0,2050.0,2050.0,7981,0.0,0.0
2002-06-24 00:00:00+09:00,1990.0,1990.0,1990.0,1990.0,10776,0.0,0.0
2002-06-25 00:00:00+09:00,1930.0,1930.0,1930.0,1930.0,15233,0.0,0.0
2002-06-26 00:00:00+09:00,1760.0,1760.0,1760.0,1760.0,20156,0.0,0.0
2002-06-27 00:00:00+09:00,1850.0,1850.0,1850.0,1850.0,8137,0.0,0.0
2002-06-28 00:00:00+09:00,1970.0,1970.0,1970.0,1970.0,10063,0.0,0.0
2002-07-01 00:00:00+09:00,1970.0,1970.0,1970.0,1970.0,0,0.0,0.0
2002-07-02 00:00:00+09:00,1920.0,1920.0,1920.0,1920.0,18500,0.0,0.0
2002-07-03 00:00:00+09:00,2020.0,2020.0,2020.0,2020.0,10621,0.0,0.0
2002-07-04 00:00:00+09:00,2100.0,2100.0,2100.0,2100.0,11026,0.0,0.0
2002-07-05 00:00:00+09:00,2100.0,2100.0,2100.0,2100.0,7180,0.0,0.0
2002-07-08 00:00:00+09:00,2130.0,2130.0,2130.0,2130.0,11604,0.0,0.0
2002-07-09 00:00:00+09:00,2130.0,2130.0,2130.0,2130.0,11290,0.0,0.0
2002-07-10 00:00:00+09:00,2130.0,2130.0,2130.0,2130.0,13959,0.0,0.0
2002-07-11 00:00:00+09:00,2120.0,2120.0,2120.0,2120.0,11567,0.0,0.0
2002-07-12 00:00:00+09:00,2130.0,2130.0,2130.0,2130.0,4910,0.0,0.0
2002-07-15 00:00:00+09:00,2380.0,2380.0,2380.0,2380.0,127525,0.0,0.0
2002-07-16 00:00:00+09:00,2500.0,2500.0,2500.0,2500.0,227007,0.0,0.0
2002-07-17 00:00:00+09:00,2500.0,2500.0,2500.0,2500.0,0,0.0,0.0
2002-07-18 00:00:00+09:00,2400.0,2400.0,2400.0,2400.0,41115,0.0,0.0
2002-07-19 00:00:00+09:00,2170.0,2170.0,2170.0,2170.0,54438,0.0,0.0
2002-07-22 00:00:00+09:00,1920.0,1920.0,1920.0,1920.0,37386,0.0,0.0
2002-07-23 00:00:00+09:00,1960.0,1960.0,1960.0,1960.0,14757,0.0,0.0
2002-07-24 00:00:00+09:00,2010.0,2010.0,2010.0,2010.0,23858,0.0,0.0
2002-07-25 00:00:00+09:00,2150.0,2150.0,2150.0,2150.0,37079,0.0,0.0
2002-07-26 00:00:00+09:00,2180.0,2180.0,2180.0,2180.0,30629,0.0,0.0
2002-07-29 00:00:00+09:00,2160.0,2160.0,2160.0,2160.0,78041,0.0,0.0
2002-07-30 00:00:00+09:00,2160.0,2160.0,2160.0,2160.0,18205,0.0,0.0
2002-07-31 00:00:00+09:00,2190.0,2190.0,2190.0,2190.0,9501,0.0,0.0
2002-08-01 00:00:00+09:00,2200.0,2200.0,2200.0,2200.0,7445,0.0,0.0
2002-08-02 00:00:00+09:00,2220.0,2220.0,2220.0,2220.0,7572,0.0,0.0
2002-08-05 00:00:00+09:00,2280.0,2280.0,2280.0,2280.0,9104,0.0,0.0
2002-08-06 00:00:00+09:00,2300.0,2300.0,2300.0,2300.0,14745,0.0,0.0
2002-08-07 00:00:00+09:00,2330.0,2330.0,2330.0,2330.0,30806,0.0,0.0
2002-08-08 00:00:00+09:00,2290.0,2290.0,2290.0,2290.0,7662,0.0,0.0
2002-08-09 00:00:00+09:00,2310.0,2310.0,2310.0,2310.0,12582,0.0,0.0
2002-08-12 00:00:00+09:00,2340.0,2340.0,2340.0,2340.0,9703,0.0,0.0
2002-08-13 00:00:00+09:00,2390.0,2390.0,2390.0,2390.0,96276,0.0,0.0
2002-08-14 00:00:00+09:00,2370.0,2370.0,2370.0,2370.0,14751,0.0,0.0
2002-08-15 00:00:00+09:00,2370.0,2370.0,2370.0,2370.0,0,0.0,0.0
2002-08-16 00:00:00+09:00,2320.0,2320.0,2320.0,2320.0,3882,0.0,0.0
2002-08-19 00:00:00+09:00,2370.0,2370.0,2370.0,2370.0,19113,0.0,0.0
2002-08-20 00:00:00+09:00,2400.0,2400.0,2400.0,2400.0,17861,0.0,0.0
2002-08-21 00:00:00+09:00,2430.0,2430.0,2430.0,2430.0,27619,0.0,0.0
2002-08-22 00:00:00+09:00,2430.0,2430.0,2430.0,2430.0,20583,0.0,0.0
2002-08-23 00:00:00+09:00,2450.0,2450.0,2450.0,2450.0,31206,0.0,0.0
2002-08-26 00:00:00+09:00,2530.0,2530.0,2530.0,2530.0,12059,0.0,0.0
2002-08-27 00:00:00+09:00,2460.0,2460.0,2460.0,2460.0,23954,0.0,0.0
2002-08-28 00:00:00+09:00,2430.0,2430.0,2430.0,2430.0,17642,0.0,0.0
2002-08-29 00:00:00+09:00,2450.0,2450.0,2450.0,2450.0,5101,0.0,0.0
2002-08-30 00:00:00+09:00,2700.0,2700.0,2700.0,2700.0,98371,0.0,0.0
2002-09-02 00:00:00+09:00,2780.0,2780.0,2780.0,2780.0,34784,0.0,0.0
2002-09-03 00:00:00+09:00,2740.0,2740.0,2740.0,2740.0,52092,0.0,0.0
2002-09-04 00:00:00+09:00,2600.0,2600.0,2600.0,2600.0,33992,0.0,0.0
2002-09-05 00:00:00+09:00,2460.0,2460.0,2460.0,2460.0,45185,0.0,0.0
2002-09-06 00:00:00+09:00,2480.0,2480.0,2480.0,2480.0,11716,0.0,0.0
2002-09-09 00:00:00+09:00,2260.0,2260.0,2260.0,2260.0,22061,0.0,0.0
2002-09-10 00:00:00+09:00,2330.0,2330.0,2330.0,2330.0,24458,0.0,0.0
2002-09-11 00:00:00+09:00,2410.0,2410.0,2410.0,2410.0,18059,0.0,0.0
2002-09-12 00:00:00+09:00,2440.0,2440.0,2440.0,2440.0,8708,0.0,0.0
2002-09-13 00:00:00+09:00,2450.0,2450.0,2450.0,2450.0,5284,0.0,0.0
2002-09-16 00:00:00+09:00,2480.0,2480.0,2480.0,2480.0,2982,0.0,0.0
2002-09-17 00:00:00+09:00,2500.0,2500.0,2500.0,2500.0,13851,0.0,0.0
2002-09-18 00:00:00+09:00,2470.0,2470.0,2470.0,2470.0,7544,0.0,0.0
2002-09-19 00:00:00+09:00,2500.0,2500.0,2500.0,2500.0,10449,0.0,0.0
2002-09-20 00:00:00+09:00,2500.0,2500.0,2500.0,2500.0,0,0.0,0.0
2002-09-23 00:00:00+09:00,2500.0,2500.0,2500.0,2500.0,12615,0.0,0.0
2002-09-24 00:00:00+09:00,2420.0,2420.0,2420.0,2420.0,16415,0.0,0.0
2002-09-25 00:00:00+09:00,2450.0,2450.0,2450.0,2450.0,13364,0.0,0.0
2002-09-26 00:00:00+09:00,2420.0,2420.0,2420.0,2420.0,23230,0.0,0.0
2002-09-27 00:00:00+09:00,2450.0,2450.0,2450.0,2450.0,15662,0.0,0.0
2002-09-30 00:00:00+09:00,2400.0,2400.0,2400.0,2400.0,18378,0.0,0.0
2002-10-01 00:00:00+09:00,2470.0,2470.0,2470.0,2470.0,67195,0.0,0.0
2002-10-02 00:00:00+09:00,2410.0,2410.0,2410.0,2410.0,176166,0.0,0.0
2002-10-03 00:00:00+09:00,2410.0,2410.0,2410.0,2410.0,0,0.0,0.0
2002-10-04 00:00:00+09:00,2380.0,2380.0,2380.0,2380.0,20311,0.0,0.0
2002-10-07 00:00:00+09:00,2300.0,2300.0,2300.0,2300.0,29515,0.0,0.0
2002-10-08 00:00:00+09:00,2340.0,2340.0,2340.0,2340.0,13514,0.0,0.0
2002-10-09 00:00:00+09:00,2230.0,2230.0,2230.0,2230.0,19263,0.0,0.0
2002-10-10 00:00:00+09:00,2300.0,2300.0,2300.0,2300.0,31583,0.0,0.0
2002-10-11 00:00:00+09:00,2350.0,2350.0,2350.0,2350.0,36771,0.0,0.0
2002-10-14 00:00:00+09:00,2400.0,2400.0,2400.0,2400.0,7458,0.0,0.0
2002-10-15 00:00:00+09:00,2400.0,2400.0,2400.0,2400.0,8267,0.0,0.0
2002-10-16 00:00:00+09:00,2380.0,2380.0,2380.0,2380.0,17057,0.0,0.0
2002-10-17 00:00:00+09:00,2310.0,2310.0,2310.0,2310.0,11947,0.0,0.0
2002-10-18 00:00:00+09:00,2280.0,2280.0,2280.0,2280.0,94334,0.0,0.0
2002-10-21 00:00:00+09:00,2300.0,2300.0,2300.0,2300.0,14281,0.0,0.0
2002-10-22 00:00:00+09:00,2220.0,2220.0,2220.0,2220.0,22342,0.0,0.0
2002-10-23 00:00:00+09:00,2260.0,2260.0,2260.0,2260.0,10169,0.0,0.0
2002-10-24 00:00:00+09:00,2260.0,2260.0,2260.0,2260.0,16052,0.0,0.0
2002-10-25 00:00:00+09:00,2240.0,2240.0,2240.0,2240.0,4907,0.0,0.0
2002-10-28 00:00:00+09:00,2190.0,2190.0,2190.0,2190.0,116029,0.0,0.0
2002-10-29 00:00:00+09:00,2020.0,2020.0,2020.0,2020.0,81518,0.0,0.0
2002-10-30 00:00:00+09:00,2050.0,2050.0,2050.0,2050.0,31920,0.0,0.0
2002-10-31 00:00:00+09:00,2030.0,2030.0,2030.0,2030.0,20319,0.0,0.0
2002-11-01 00:00:00+09:00,2040.0,2040.0,2040.0,2040.0,6558,0.0,0.0
2002-11-04 00:00:00+09:00,2040.0,2040.0,2040.0,2040.0,117275,0.0,0.0
2002-11-05 00:00:00+09:00,2050.0,2050.0,2050.0,2050.0,23807,0.0,0.0
2002-11-06 00:00:00+09:00,2010.0,2010.0,2010.0,2010.0,21620,0.0,0.0
2002-11-07 00:00:00+09:00,2050.0,2050.0,2050.0,2050.0,121062,0.0,0.0
2002-11-08 00:00:00+09:00,2060.0,2060.0,2060.0,2060.0,20306,0.0,0.0
2002-11-11 00:00:00+09:00,2000.0,2000.0,2000.0,2000.0,22096,0.0,0.0
2002-11-12 00:00:00+09:00,1970.0,1970.0,1970.0,1970.0,21193,0.0,0.0
2002-11-13 00:00:00+09:00,1900.0,1900.0,1900.0,1900.0,25784,0.0,0.0
2002-11-14 00:00:00+09:00,1920.0,1920.0,1920.0,1920.0,10616,0.0,0.0
2002-11-15 00:00:00+09:00,1900.0,1900.0,1900.0,1900.0,8518,0.0,0.0
2002-11-18 00:00:00+09:00,1930.0,1930.0,1930.0,1930.0,22009,0.0,0.0
2002-11-19 00:00:00+09:00,1910.0,1910.0,1910.0,1910.0,29943,0.0,0.0
2002-11-20 00:00:00+09:00,1950.0,1950.0,1950.0,1950.0,12935,0.0,0.0
2002-11-21 00:00:00+09:00,1920.0,1920.0,1920.0,1920.0,11446,0.0,0.0
2002-11-22 00:00:00+09:00,1920.0,1920.0,1920.0,1920.0,25699,0.0,0.0
2002-11-25 00:00:00+09:00,1940.0,1940.0,1940.0,1940.0,94730,0.0,0.0
2002-11-26 00:00:00+09:00,1950.0,1950.0,1950.0,1950.0,12542,0.0,0.0
2002-11-27 00:00:00+09:00,1920.0,1920.0,1920.0,1920.0,10900,0.0,0.0
2002-11-28 00:00:00+09:00,1980.0,1980.0,1980.0,1980.0,37723,0.0,0.0
2002-11-29 00:00:00+09:00,2030.0,2030.0,2030.0,2030.0,23347,0.0,0.0
2002-12-02 00:00:00+09:00,2040.0,2040.0,2040.0,2040.0,10918,0.0,0.0
2002-12-03 00:00:00+09:00,2040.0,2040.0,2040.0,2040.0,14851,0.0,0.0
2002-12-04 00:00:00+09:00,1990.0,1990.0,1990.0,1990.0,27305,0.0,0.0
2002-12-05 00:00:00+09:00,2020.0,2020.0,2020.0,2020.0,5978,0.0,0.0
2002-12-06 00:00:00+09:00,2010.0,2010.0,2010.0,2010.0,11247,0.0,0.0
2002-12-09 00:00:00+09:00,2000.0,2000.0,2000.0,2000.0,39726,0.0,0.0
2002-12-10 00:00:00+09:00,1990.0,1990.0,1990.0,1990.0,18460,0.0,0.0
2002-12-11 00:00:00+09:00,1980.0,1980.0,1980.0,1980.0,20187,0.0,0.0
2002-12-12 00:00:00+09:00,2060.0,2060.0,2060.0,2060.0,138595,0.0,0.0
2002-12-13 00:00:00+09:00,2030.0,2030.0,2030.0,2030.0,40709,0.0,0.0
2002-12-16 00:00:00+09:00,1960.0,1960.0,1960.0,1960.0,16571,0.0,0.0
2002-12-17 00:00:00+09:00,1990.0,1990.0,1990.0,1990.0,17417,0.0,0.0
2002-12-18 00:00:00+09:00,1980.0,1980.0,1980.0,1980.0,16894,0.0,0.0
2002-12-19 00:00:00+09:00,1980.0,1980.0,1980.0,1980.0,0,0.0,0.0
2002-12-20 00:00:00+09:00,1960.0,1960.0,1960.0,1960.0,9660,0.0,0.0
2002-12-23 00:00:00+09:00,1910.0,1910.0,1910.0,1910.0,13453,0.0,0.0
2002-12-24 00:00:00+09:00,1910.0,1910.0,1910.0,1910.0,8790,0.0,0.0
2002-12-25 00:00:00+09:00,1910.0,1910.0,1910.0,1910.0,0,0.0,0.0
2002-12-26 00:00:00+09:00,1900.0,1900.0,1900.0,1900.0,11005,0.0,0.0
2002-12-27 00:00:00+09:00,1820.0,1820.0,1820.0,1820.0,8180,0.0,0.0
2002-12-30 00:00:00+09:00,1820.0,1820.0,1820.0,1820.0,5400,0.0,0.0
2002-12-31 00:00:00+09:00,1820.0,1820.0,1820.0,1820.0,0,0.0,0.0
2003-01-01 00:00:00+09:00,1820.0,1820.0,1820.0,1820.0,0,0.0,0.0
2003-01-02 00:00:00+09:00,1750.0,1750.0,1750.0,1750.0,2052,0.0,0.0
2003-01-03 00:00:00+09:00,1790.0,1790.0,1790.0,1790.0,21808,0.0,0.0
2003-01-06 00:00:00+09:00,1830.0,1830.0,1830.0,1830.0,14934,0.0,0.0
2003-01-07 00:00:00+09:00,1800.0,1800.0,1800.0,1800.0,43671,0.0,0.0
2003-01-08 00:00:00+09:00,1790.0,1790.0,1790.0,1790.0,8923,0.0,0.0
2003-01-09 00:00:00+09:00,1760.0,1760.0,1760.0,1760.0,14739,0.0,0.0
2003-01-10 00:00:00+09:00,1670.0,1670.0,1670.0,1670.0,11652,0.0,0.0
2003-01-13 00:00:00+09:00,1740.0,1740.0,1740.0,1740.0,13166,0.0,0.0
2003-01-14 00:00:00+09:00,1730.0,1730.0,1730.0,1730.0,2890,0.0,0.0
2003-01-15 00:00:00+09:00,1700.0,1700.0,1700.0,1700.0,15311,0.0,0.0
2003-01-16 00:00:00+09:00,1700.0,1700.0,1700.0,1700.0,703,0.0,0.0
2003-01-17 00:00:00+09:00,1690.0,1690.0,1690.0,1690.0,10360,0.0,0.0
2003-01-20 00:00:00+09:00,1710.0,1710.0,1710.0,1710.0,21265,0.0,0.0
2003-01-21 00:00:00+09:00,1750.0,1750.0,1750.0,1750.0,284334,0.0,0.0
2003-01-22 00:00:00+09:00,1700.0,1700.0,1700.0,1700.0,39272,0.0,0.0
2003-01-23 00:00:00+09:00,1670.0,1670.0,1670.0,1670.0,18402,0.0,0.0
2003-01-24 00:00:00+09:00,1610.0,1610.0,1610.0,1610.0,17642,0.0,0.0
2003-01-27 00:00:00+09:00,1490.0,1490.0,1490.0,1490.0,28006,0.0,0.0
2003-01-28 00:00:00+09:00,1530.0,1530.0,1530.0,1530.0,6871,0.0,0.0
2003-01-29 00:00:00+09:00,1480.0,1480.0,1480.0,1480.0,26463,0.0,0.0
2003-01-30 00:00:00+09:00,1540.0,1540.0,1540.0,1540.0,1878,0.0,0.0
2003-01-31 00:00:00+09:00,1540.0,1540.0,1540.0,1540.0,0,0.0,0.0
2003-02-03 00:00:00+09:00,1570.0,1570.0,1570.0,1570.0,9984,0.0,0.0
2003-02-04 00:00:00+09:00,1560.0,1560.0,1560.0,1560.0,8023,0.0,0.0
2003-02-05 00:00:00+09:00,1550.0,1550.0,1550.0,1550.0,2707,0.0,0.0
2003-02-06 00:00:00+09:00,1530.0,1530.0,1530.0,1530.0,3104,0.0,0.0
2003-02-07 00:00:00+09:00,1520.0,1520.0,1520.0,1520.0,4279,0.0,0.0
2003-02-10 00:00:00+09:00,1500.0,1550.0,1480.0,1500.0,19999,0.0,0.0
2003-02-11 00:00:00+09:00,1520.0,1560.0,1470.0,1520.0,26737,0.0,0.0
2003-02-12 00:00:00+09:00,1500.0,1500.0,1470.0,1500.0,3261,0.0,0.0
2003-02-13 00:00:00+09:00,1460.0,1520.0,1450.0,1460.0,6360,0.0,0.0
2003-02-14 00:00:00+09:00,1470.0,1550.0,1430.0,1470.0,6088,0.0,0.0
2003-02-17 00:00:00+09:00,1510.0,1570.0,1470.0,1510.0,2269,0.0,0.0
2003-02-18 00:00:00+09:00,1520.0,1530.0,1500.0,1520.0,2974,0.0,0.0
2003-02-19 00:00:00+09:00,1510.0,1590.0,1510.0,1510.0,22635,0.0,0.0
2003-02-20 00:00:00+09:00,1540.0,1550.0,1520.0,1540.0,2771,0.0,0.0
2003-02-21 00:00:00+09:00,1530.0,1550.0,1490.0,1530.0,1491,0.0,0.0
2003-02-24 00:00:00+09:00,1530.0,1550.0,1500.0,1530.0,4610,0.0,0.0
2003-02-25 00:00:00+09:00,1530.0,1540.0,1500.0,1530.0,3307,0.0,0.0
2003-02-26 00:00:00+09:00,1520.0,1530.0,1480.0,1520.0,1955,0.0,0.0
2003-02-27 00:00:00+09:00,1470.0,1550.0,1460.0,1470.0,1208,0.0,0.0
2003-02-28 00:00:00+09:00,1490.0,1500.0,1470.0,1490.0,9177,0.0,0.0
2003-03-03 00:00:00+09:00,1460.0,1480.0,1450.0,1460.0,2473,0.0,0.0
2003-03-04 00:00:00+09:00,1460.0,1500.0,1430.0,1460.0,2436,0.0,0.0
2003-03-05 00:00:00+09:00,1360.0,1450.0,1350.0,1360.0,5094,0.0,0.0
2003-03-06 00:00:00+09:00,1340.0,1390.0,1340.0,1340.0,5219,0.0,0.0
2003-03-07 00:00:00+09:00,1320.0,1460.0,1280.0,1320.0,4726,0.0,0.0
2003-03-10 00:00:00+09:00,1290.0,1330.0,1270.0,1290.0,4995,0.0,0.0
2003-03-11 00:00:00+09:00,1290.0,1290.0,1150.0,1290.0,2833,0.0,0.0
2003-03-12 00:00:00+09:00,1360.0,1380.0,1280.0,1360.0,144,0.0,0.0
2003-03-13 00:00:00+09:00,1350.0,1350.0,1260.0,1350.0,3437,0.0,0.0
2003-03-14 00:00:00+09:00,1430.0,1500.0,1340.0,1430.0,7424,0.0,0.0
2003-03-17 00:00:00+09:00,1390.0,1500.0,1320.0,1390.0,2123,0.0,0.0
2003-03-18 00:00:00+09:00,1440.0,1480.0,1300.0,1440.0,6695,0.0,0.0
2003-03-19 00:00:00+09:00,1400.0,1460.0,1390.0,1400.0,13808,0.0,0.0
2003-03-20 00:00:00+09:00,1450.0,1480.0,1400.0,1450.0,10715,0.0,0.0
2003-03-21 00:00:00+09:00,1440.0,1490.0,1430.0,1440.0,7468,0.0,0.0
2003-03-24 00:00:00+09:00,1440.0,1520.0,1400.0,1440.0,16070,0.0,0.0
2003-03-25 00:00:00+09:00,1420.0,1440.0,1380.0,1420.0,3277,0.0,0.0
2003-03-26 00:00:00+09:00,1410.0,1450.0,1380.0,1410.0,19824,0.0,0.0
2003-03-27 00:00:00+09:00,1400.0,1450.0,1380.0,1400.0,3214,0.0,0.0
2003-03-28 00:00:00+09:00,1420.0,1450.0,1370.0,1420.0,6057,0.0,0.0
2003-03-31 00:00:00+09:00,1470.0,1490.0,1430.0,1470.0,1160,0.0,0.0
2003-04-01 00:00:00+09:00,1370.0,1450.0,1370.0,1370.0,3147,0.0,0.0
2003-04-02 00:00:00+09:00,1410.0,1450.0,1360.0,1410.0,333,0.0,0.0
2003-04-03 00:00:00+09:00,1450.0,1500.0,1410.0,1450.0,3159,0.0,0.0
2003-04-04 00:00:00+09:00,1450.0,1450.0,1400.0,1450.0,502,0.0,0.0
2003-04-07 00:00:00+09:00,1460.0,1530.0,1400.0,1460.0,28559,0.0,0.0
2003-04-08 00:00:00+09:00,1530.0,1550.0,1460.0,1530.0,22986,0.0,0.0
2003-04-09 00:00:00+09:00,1480.0,1540.0,1460.0,1480.0,19559,0.0,0.0
2003-04-10 00:00:00+09:00,1460.0,1510.0,1440.0,1460.0,6252,0.0,0.0
2003-04-11 00:00:00+09:00,1510.0,1540.0,1470.0,1510.0,12708,0.0,0.0
2003-04-14 00:00:00+09:00,1510.0,1530.0,1490.0,1510.0,7216,0.0,0.0
2003-04-15 00:00:00+09:00,1510.0,1540.0,1470.0,1510.0,7923,0.0,0.0
2003-04-16 00:00:00+09:00,1530.0,1570.0,1500.0,1530.0,29141,0.0,0.0
2003-04-17 00:00:00+09:00,1520.0,1580.0,1500.0,1520.0,36626,0.0,0.0
2003-04-18 00:00:00+09:00,1520.0,1580.0,1500.0,1520.0,29469,0.0,0.0
2003-04-21 00:00:00+09:00,1560.0,1570.0,1530.0,1560.0,12080,0.0,0.0
2003-04-22 00:00:00+09:00,1600.0,1650.0,1530.0,1600.0,18174,0.0,0.0
2003-04-23 00:00:00+09:00,1620.0,1640.0,1530.0,1620.0,5915,0.0,0.0
2003-04-24 00:00:00+09:00,1510.0,1610.0,1510.0,1510.0,23368,0.0,0.0
2003-04-25 00:00:00+09:00,1410.0,1510.0,1390.0,1410.0,22136,0.0,0.0
2003-04-28 00:00:00+09:00,1400.0,1440.0,1330.0,1400.0,29694,0.0,0.0
2003-04-29 00:00:00+09:00,1500.0,1510.0,1410.0,1500.0,26800,0.0,0.0
2003-04-30 00:00:00+09:00,1410.0,1470.0,1400.0,1410.0,12840,0.0,0.0
2003-05-01 00:00:00+09:00,1410.0,1410.0,1410.0,1410.0,0,0.0,0.0
2003-05-02 00:00:00+09:00,1440.0,1440.0,1400.0,1440.0,13396,0.0,0.0
2003-05-05 00:00:00+09:00,1440.0,1440.0,1440.0,1440.0,0,0.0,0.0
2003-05-06 00:00:00+09:00,1450.0,1480.0,1420.0,1450.0,8413,0.0,0.0
2003-05-07 00:00:00+09:00,1420.0,1490.0,1410.0,1420.0,18722,0.0,0.0
2003-05-08 00:00:00+09:00,1420.0,1420.0,1420.0,1420.0,0,0.0,0.0
2003-05-09 00:00:00+09:00,1470.0,1490.0,1420.0,1470.0,8863,0.0,0.0
2003-05-12 00:00:00+09:00,1490.0,1500.0,1460.0,1490.0,19446,0.0,0.0
2003-05-13 00:00:00+09:00,1450.0,1500.0,1450.0,1450.0,28192,0.0,0.0
2003-05-14 00:00:00+09:00,1420.0,1480.0,1420.0,1420.0,6698,0.0,0.0
2003-05-15 00:00:00+09:00,1480.0,1480.0,1430.0,1480.0,13244,0.0,0.0
2003-05-16 00:00:00+09:00,1460.0,1490.0,1430.0,1460.0,28852,0.0,0.0
2003-05-19 00:00:00+09:00,1450.0,1480.0,1400.0,1450.0,15945,0.0,0.0
2003-05-20 00:00:00+09:00,1450.0,1480.0,1420.0,1450.0,42629,0.0,0.0
2003-05-21 00:00:00+09:00,1440.0,1470.0,1420.0,1440.0,19185,0.0,0.0
2003-05-22 00:00:00+09:00,1420.0,1460.0,1400.0,1420.0,18235,0.0,0.0
2003-05-23 00:00:00+09:00,1400.0,1500.0,1400.0,1400.0,7613,0.0,0.0
2003-05-26 00:00:00+09:00,1440.0,1440.0,1360.0,1440.0,16667,0.0,0.0
2003-05-27 00:00:00+09:00,1410.0,1460.0,1390.0,1410.0,8318,0.0,0.0
2003-05-28 00:00:00+09:00,1430.0,1430.0,1400.0,1430.0,29685,0.0,0.0
2003-05-29 00:00:00+09:00,1440.0,1520.0,1420.0,1440.0,10410,0.0,0.0
2003-05-30 00:00:00+09:00,1430.0,1450.0,1400.0,1430.0,5475,0.0,0.0
2003-06-02 00:00:00+09:00,1450.0,1460.0,1400.0,1450.0,11356,0.0,0.0
2003-06-03 00:00:00+09:00,1390.0,1430.0,1390.0,1390.0,9092,0.0,0.0
2003-06-04 00:00:00+09:00,1420.0,1460.0,1390.0,1420.0,14956,0.0,0.0
2003-06-05 00:00:00+09:00,1400.0,1440.0,1400.0,1400.0,1775,0.0,0.0
2003-06-06 00:00:00+09:00,1400.0,1400.0,1400.0,1400.0,0,0.0,0.0
2003-06-09 00:00:00+09:00,1430.0,1430.0,1390.0,1430.0,5419,0.0,0.0
2003-06-10 00:00:00+09:00,1410.0,1440.0,1400.0,1410.0,7352,0.0,0.0
2003-06-11 00:00:00+09:00,1420.0,1430.0,1410.0,1420.0,3639,0.0,0.0
2003-06-12 00:00:00+09:00,1440.0,1450.0,1410.0,1440.0,13376,0.0,0.0
2003-06-13 00:00:00+09:00,1410.0,1440.0,1410.0,1410.0,9316,0.0,0.0
2003-06-16 00:00:00+09:00,1420.0,1440.0,1400.0,1420.0,17516,0.0,0.0
2003-06-17 00:00:00+09:00,1450.0,1450.0,1420.0,1450.0,18584,0.0,0.0
2003-06-18 00:00:00+09:00,1420.0,1460.0,1410.0,1420.0,21082,0.0,0.0
2003-06-19 00:00:00+09:00,1470.0,1480.0,1420.0,1470.0,41805,0.0,0.0
2003-06-20 00:00:00+09:00,1460.0,1470.0,1440.0,1460.0,6710,0.0,0.0
2003-06-23 00:00:00+09:00,1510.0,1560.0,1460.0,1510.0,76498,0.0,0.0
2003-06-24 00:00:00+09:00,1470.0,1520.0,1430.0,1470.0,26899,0.0,0.0
2003-06-25 00:00:00+09:00,1460.0,1490.0,1440.0,1460.0,33083,0.0,0.0
2003-06-26 00:00:00+09:00,1470.0,1490.0,1430.0,1470.0,10861,0.0,0.0
2003-06-27 00:00:00+09:00,1540.0,1550.0,1460.0,1540.0,69528,0.0,0.0
2003-06-30 00:00:00+09:00,1720.0,1720.0,1560.0,1720.0,232673,0.0,0.0
2003-07-01 00:00:00+09:00,1650.0,1800.0,1580.0,1650.0,314887,0.0,0.0
2003-07-02 00:00:00+09:00,1700.0,1840.0,1670.0,1700.0,416758,0.0,0.0
2003-07-03 00:00:00+09:00,1780.0,1780.0,1640.0,1780.0,158757,0.0,0.0
2003-07-04 00:00:00+09:00,1850.0,1980.0,1760.0,1850.0,239834,0.0,0.0
2003-07-07 00:00:00+09:00,1760.0,1970.0,1710.0,1760.0,73428,0.0,0.0
2003-07-08 00:00:00+09:00,1690.0,1790.0,1610.0,1690.0,75214,0.0,0.0
2003-07-09 00:00:00+09:00,1650.0,1710.0,1610.0,1650.0,31978,0.0,0.0
2003-07-10 00:00:00+09:00,1590.0,1680.0,1560.0,1590.0,36006,0.0,0.0
2003-07-11 00:00:00+09:00,1600.0,1690.0,1580.0,1600.0,45545,0.0,0.0
2003-07-14 00:00:00+09:00,1550.0,1600.0,1410.0,1550.0,42060,0.0,0.0
2003-07-15 00:00:00+09:00,1450.0,1540.0,1450.0,1450.0,31972,0.0,0.0
2003-07-16 00:00:00+09:00,1440.0,1500.0,1440.0,1440.0,21372,0.0,0.0
2003-07-17 00:00:00+09:00,1440.0,1440.0,1440.0,1440.0,0,0.0,0.0
2003-07-18 00:00:00+09:00,1430.0,1500.0,1350.0,1430.0,57864,0.0,0.0
2003-07-21 00:00:00+09:00,1425.0,1500.0,1425.0,1425.0,28479,0.0,0.0
2003-07-22 00:00:00+09:00,1405.0,1445.0,1400.0,1405.0,14447,0.0,0.0
2003-07-23 00:00:00+09:00,1430.0,1435.0,1400.0,1430.0,16005,0.0,0.0
2003-07-24 00:00:00+09:00,1435.0,1435.0,1400.0,1435.0,12476,0.0,0.0
2003-07-25 00:00:00+09:00,1440.0,1470.0,1410.0,1440.0,6876,0.0,0.0
2003-07-28 00:00:00+09:00,1415.0,1490.0,1410.0,1415.0,21092,0.0,0.0
2003-07-29 00:00:00+09:00,1415.0,1435.0,1395.0,1415.0,7930,0.0,0.0
2003-07-30 00:00:00+09:00,1410.0,1500.0,1395.0,1410.0,16323,0.0,0.0
2003-07-31 00:00:00+09:00,1400.0,1410.0,1380.0,1400.0,18154,0.0,0.0
2003-08-01 00:00:00+09:00,1395.0,1420.0,1385.0,1395.0,14171,0.0,0.0
2003-08-04 00:00:00+09:00,1400.0,1445.0,1355.0,1400.0,4835,0.0,0.0
2003-08-05 00:00:00+09:00,1360.0,1440.0,1350.0,1360.0,11180,0.0,0.0
2003-08-06 00:00:00+09:00,1350.0,1375.0,1290.0,1350.0,34588,0.0,0.0
2003-08-07 00:00:00+09:00,1350.0,1380.0,1310.0,1350.0,9359,0.0,0.0
2003-08-08 00:00:00+09:00,1340.0,1350.0,1300.0,1340.0,19905,0.0,0.0
2003-08-11 00:00:00+09:00,1380.0,1380.0,1315.0,1380.0,5717,0.0,0.0
2003-08-12 00:00:00+09:00,1360.0,1400.0,1355.0,1360.0,10535,0.0,0.0
2003-08-13 00:00:00+09:00,1400.0,1430.0,1360.0,1400.0,961,0.0,0.0
2003-08-14 00:00:00+09:00,1405.0,1420.0,1380.0,1405.0,2083,0.0,0.0
2003-08-15 00:00:00+09:00,1405.0,1405.0,1405.0,1405.0,0,0.0,0.0
2003-08-18 00:00:00+09:00,1400.0,1420.0,1360.0,1400.0,10287,0.0,0.0
2003-08-19 00:00:00+09:00,1400.0,1450.0,1350.0,1400.0,12985,0.0,0.0
2003-08-20 00:00:00+09:00,1370.0,1400.0,1360.0,1370.0,6677,0.0,0.0
2003-08-21 00:00:00+09:00,1395.0,1395.0,1355.0,1395.0,3649,0.0,0.0
2003-08-22 00:00:00+09:00,1420.0,1430.0,1370.0,1420.0,18231,0.0,0.0
2003-08-25 00:00:00+09:00,1380.0,1420.0,1370.0,1380.0,4821,0.0,0.0
2003-08-26 00:00:00+09:00,1400.0,1400.0,1360.0,1400.0,18690,0.0,0.0
2003-08-27 00:00:00+09:00,1390.0,1400.0,1360.0,1390.0,18003,0.0,0.0
2003-08-28 00:00:00+09:00,1385.0,1395.0,1355.0,1385.0,11188,0.0,0.0
2003-08-29 00:00:00+09:00,1465.0,1550.0,1355.0,1465.0,27875,0.0,0.0
2003-09-01 00:00:00+09:00,1395.0,1445.0,1370.0,1395.0,9367,0.0,0.0
2003-09-02 00:00:00+09:00,1390.0,1440.0,1355.0,1390.0,4331,0.0,0.0
2003-09-03 00:00:00+09:00,1380.0,1400.0,1350.0,1380.0,3186,0.0,0.0
2003-09-04 00:00:00+09:00,1385.0,1390.0,1355.0,1385.0,4418,0.0,0.0
2003-09-05 00:00:00+09:00,1385.0,1385.0,1360.0,1385.0,2329,0.0,0.0
2003-09-08 00:00:00+09:00,1380.0,1420.0,1360.0,1380.0,10576,0.0,0.0
2003-09-09 00:00:00+09:00,1385.0,1390.0,1360.0,1385.0,5120,0.0,0.0
2003-09-10 00:00:00+09:00,1385.0,1385.0,1385.0,1385.0,0,0.0,0.0
2003-09-11 00:00:00+09:00,1385.0,1385.0,1385.0,1385.0,0,0.0,0.0
2003-09-12 00:00:00+09:00,1385.0,1385.0,1385.0,1385.0,0,0.0,0.0
2003-09-15 00:00:00+09:00,1370.0,1375.0,1330.0,1370.0,5341,0.0,0.0
2003-09-16 00:00:00+09:00,1390.0,1400.0,1350.0,1390.0,1368,0.0,0.0
2003-09-17 00:00:00+09:00,1350.0,1385.0,1350.0,1350.0,5108,0.0,0.0
2003-09-18 00:00:00+09:00,1365.0,1370.0,1340.0,1365.0,2500,0.0,0.0
2003-09-19 00:00:00+09:00,1370.0,1375.0,1350.0,1370.0,3045,0.0,0.0
2003-09-22 00:00:00+09:00,1340.0,1365.0,1315.0,1340.0,7630,0.0,0.0
2003-09-23 00:00:00+09:00,1315.0,1340.0,1305.0,1315.0,931,0.0,0.0
2003-09-24 00:00:00+09:00,1335.0,1335.0,1280.0,1335.0,5706,0.0,0.0
2003-09-25 00:00:00+09:00,1320.0,1330.0,1270.0,1320.0,2614,0.0,0.0
2003-09-26 00:00:00+09:00,1295.0,1320.0,1260.0,1295.0,1189,0.0,0.0
2003-09-29 00:00:00+09:00,1320.0,1320.0,1280.0,1320.0,6471,0.0,0.0
2003-09-30 00:00:00+09:00,1320.0,1325.0,1305.0,1320.0,1752,0.0,0.0
2003-10-01 00:00:00+09:00,1350.0,1450.0,1270.0,1350.0,466,0.0,0.0
2003-10-02 00:00:00+09:00,1225.0,1340.0,1190.0,1225.0,26000,0.0,0.0
2003-10-03 00:00:00+09:00,1225.0,1225.0,1225.0,1225.0,0,0.0,0.0
2003-10-06 00:00:00+09:00,1135.0,1215.0,1105.0,1135.0,42713,0.0,0.0
2003-10-07 00:00:00+09:00,1205.0,1205.0,1130.0,1205.0,46391,0.0,0.0
2003-10-08 00:00:00+09:00,1260.0,1290.0,1195.0,1260.0,5851,0.0,0.0
2003-10-09 00:00:00+09:00,1275.0,1280.0,1240.0,1275.0,5321,0.0,0.0
2003-10-10 00:00:00+09:00,1275.0,1320.0,1150.0,1275.0,3015,0.0,0.0
2003-10-13 00:00:00+09:00,1250.0,1300.0,1250.0,1250.0,2322,0.0,0.0
2003-10-14 00:00:00+09:00,1250.0,1300.0,1200.0,1250.0,5325,0.0,0.0
2003-10-15 00:00:00+09:00,1210.0,1265.0,1200.0,1210.0,6401,0.0,0.0
2003-10-16 00:00:00+09:00,1240.0,1250.0,1190.0,1240.0,8154,0.0,0.0
2003-10-17 00:00:00+09:00,1230.0,1245.0,1200.0,1230.0,3632,0.0,0.0
2003-10-20 00:00:00+09:00,1285.0,1290.0,1200.0,1285.0,9311,0.0,0.0
2003-10-21 00:00:00+09:00,1250.0,1275.0,1220.0,1250.0,12156,0.0,0.0
2003-10-22 00:00:00+09:00,1270.0,1270.0,1225.0,1270.0,3002,0.0,0.0
2003-10-23 00:00:00+09:00,1220.0,1400.0,1215.0,1220.0,4863,0.0,0.0
2003-10-24 00:00:00+09:00,1275.0,1300.0,1210.0,1275.0,1403,0.0,0.0
2003-10-27 00:00:00+09:00,1230.0,1245.0,1230.0,1230.0,1772,0.0,0.0
2003-10-28 00:00:00+09:00,1155.0,1250.0,1150.0,1155.0,30776,0.0,0.0
2003-10-29 00:00:00+09:00,1180.0,1240.0,1155.0,1180.0,13897,0.0,0.0
2003-10-30 00:00:00+09:00,1235.0,1250.0,1160.0,1235.0,619,0.0,0.0
2003-10-31 00:00:00+09:00,1160.0,1200.0,1130.0,1160.0,10179,0.0,0.0
2003-11-03 00:00:00+09:00,1255.0,1290.0,1190.0,1255.0,23588,0.0,0.0
2003-11-04 00:00:00+09:00,1260.0,1280.0,1190.0,1260.0,11715,0.0,0.0
2003-11-05 00:00:00+09:00,1245.0,1260.0,1195.0,1245.0,9400,0.0,0.0
2003-11-06 00:00:00+09:00,1140.0,1290.0,1140.0,1140.0,32609,0.0,0.0
2003-11-07 00:00:00+09:00,1180.0,1190.0,1140.0,1180.0,4446,0.0,0.0
2003-11-10 00:00:00+09:00,1195.0,1195.0,1150.0,1195.0,3832,0.0,0.0
2003-11-11 00:00:00+09:00,1185.0,1200.0,1150.0,1185.0,1379,0.0,0.0
2003-11-12 00:00:00+09:00,1170.0,1195.0,1160.0,1170.0,5959,0.0,0.0
2003-11-13 00:00:00+09:00,1165.0,1285.0,1150.0,1165.0,39393,0.0,0.0
2003-11-14 00:00:00+09:00,1185.0,1200.0,1160.0,1185.0,6387,0.0,0.0
2003-11-17 00:00:00+09:00,1195.0,1195.0,1180.0,1195.0,730,0.0,0.0
2003-11-18 00:00:00+09:00,1175.0,1205.0,1155.0,1175.0,2578,0.0,0.0
2003-11-19 00:00:00+09:00,1190.0,1240.0,1170.0,1190.0,6802,0.0,0.0
2003-11-20 00:00:00+09:00,1185.0,1185.0,1160.0,1185.0,220,0.0,0.0
2003-11-21 00:00:00+09:00,1185.0,1190.0,1155.0,1185.0,1360,0.0,0.0
2003-11-24 00:00:00+09:00,1185.0,1190.0,1170.0,1185.0,1280,0.0,0.0
2003-11-25 00:00:00+09:00,1185.0,1185.0,1185.0,1185.0,5000,0.0,0.0
2003-11-26 00:00:00+09:00,1190.0,1205.0,1185.0,1190.0,5138,0.0,0.0
2003-11-27 00:00:00+09:00,1200.0,1205.0,1190.0,1200.0,5703,0.0,0.0
2003-11-28 00:00:00+09:00,1240.0,1245.0,1205.0,1240.0,2380,0.0,0.0
2003-12-01 00:00:00+09:00,1235.0,1250.0,1200.0,1235.0,3134,0.0,0.0
2003-12-02 00:00:00+09:00,1210.0,1245.0,1160.0,1210.0,7295,0.0,0.0
2003-12-03 00:00:00+09:00,1190.0,1240.0,1170.0,1190.0,4541,0.0,0.0
2003-12-04 00:00:00+09:00,1185.0,1190.0,1170.0,1185.0,2697,0.0,0.0
2003-12-05 00:00:00+09:00,1185.0,1185.0,1160.0,1185.0,2811,0.0,0.0
2003-12-08 00:00:00+09:00,1170.0,1180.0,1160.0,1170.0,1203,0.0,0.0
2003-12-09 00:00:00+09:00,1175.0,1180.0,1150.0,1175.0,1983,0.0,0.0
2003-12-10 00:00:00+09:00,1180.0,1190.0,1160.0,1180.0,3276,0.0,0.0
2003-12-11 00:00:00+09:00,1180.0,1180.0,1150.0,1180.0,849,0.0,0.0
2003-12-12 00:00:00+09:00,1195.0,1195.0,1170.0,1195.0,1346,0.0,0.0
2003-12-15 00:00:00+09:00,1190.0,1220.0,1150.0,1190.0,17565,0.0,0.0
2003-12-16 00:00:00+09:00,1175.0,1185.0,1120.0,1175.0,21240,0.0,0.0
2003-12-17 00:00:00+09:00,1165.0,1180.0,1135.0,1165.0,12072,0.0,0.0
2003-12-18 00:00:00+09:00,1170.0,1170.0,1140.0,1170.0,3451,0.0,0.0
2003-12-19 00:00:00+09:00,1170.0,1175.0,1140.0,1170.0,4680,0.0,0.0
2003-12-22 00:00:00+09:00,1175.0,1175.0,1140.0,1175.0,1201,0.0,0.0
2003-12-23 00:00:00+09:00,1115.0,1165.0,1115.0,1115.0,8009,0.0,0.0
2003-12-24 00:00:00+09:00,1140.0,1150.0,1080.0,1140.0,9698,0.0,0.0
2003-12-25 00:00:00+09:00,1140.0,1140.0,1140.0,1140.0,0,0.0,0.0
2003-12-26 00:00:00+09:00,1140.0,1140.0,1070.0,1140.0,5798,0.0,0.0
2003-12-29 00:00:00+09:00,1135.0,1135.0,1060.0,1135.0,2191,0.0,0.0
2003-12-30 00:00:00+09:00,1190.0,1245.0,1105.0,1190.0,1648,0.0,0.0
2003-12-31 00:00:00+09:00,1190.0,1190.0,1190.0,1190.0,0,0.0,0.0
2004-01-01 00:00:00+09:00,1190.0,1190.0,1190.0,1190.0,0,0.0,0.0
2004-01-02 00:00:00+09:00,1125.0,1185.0,1120.0,1125.0,5841,0.0,0.0
2004-01-05 00:00:00+09:00,1125.0,1125.0,1090.0,1125.0,4502,0.0,0.0
2004-01-06 00:00:00+09:00,1130.0,1155.0,1090.0,1130.0,6731,0.0,0.0
2004-01-07 00:00:00+09:00,1100.0,1150.0,1065.0,1100.0,5675,0.0,0.0
2004-01-08 00:00:00+09:00,1130.0,1130.0,1100.0,1130.0,7483,0.0,0.0
2004-01-09 00:00:00+09:00,1160.0,1160.0,1105.0,1160.0,7173,0.0,0.0
2004-01-12 00:00:00+09:00,1165.0,1170.0,1130.0,1165.0,12211,0.0,0.0
2004-01-13 00:00:00+09:00,1180.0,1210.0,1150.0,1180.0,10306,0.0,0.0
2004-01-14 00:00:00+09:00,1190.0,1190.0,1160.0,1190.0,2103,0.0,0.0
2004-01-15 00:00:00+09:00,1175.0,1200.0,1135.0,1175.0,7227,0.0,0.0
2004-01-16 00:00:00+09:00,1170.0,1170.0,1135.0,1170.0,897,0.0,0.0
2004-01-19 00:00:00+09:00,1160.0,1180.0,1155.0,1160.0,1650,0.0,0.0
2004-01-20 00:00:00+09:00,1175.0,1185.0,1120.0,1175.0,17457,0.0,0.0
2004-01-21 00:00:00+09:00,1175.0,1175.0,1175.0,1175.0,0,0.0,0.0
2004-01-22 00:00:00+09:00,1175.0,1175.0,1175.0,1175.0,0,0.0,0.0
2004-01-23 00:00:00+09:00,1175.0,1175.0,1175.0,1175.0,0,0.0,0.0
2004-01-26 00:00:00+09:00,1195.0,1200.0,1180.0,1195.0,1071,0.0,0.0
2004-01-27 00:00:00+09:00,1170.0,1175.0,1135.0,1170.0,4940,0.0,0.0
2004-01-28 00:00:00+09:00,1180.0,1180.0,1125.0,1180.0,111,0.0,0.0
2004-01-29 00:00:00+09:00,1175.0,1180.0,1160.0,1175.0,30,0.0,0.0
2004-01-30 00:00:00+09:00,1135.0,1160.0,1125.0,1135.0,4410,0.0,0.0
2004-02-02 00:00:00+09:00,1145.0,1155.0,1125.0,1145.0,4257,0.0,0.0
2004-02-03 00:00:00+09:00,1100.0,1170.0,1090.0,1100.0,16314,0.0,0.0
2004-02-04 00:00:00+09:00,1070.0,1110.0,1070.0,1070.0,4011,0.0,0.0
2004-02-05 00:00:00+09:00,1085.0,1090.0,1060.0,1085.0,14754,0.0,0.0
2004-02-06 00:00:00+09:00,1065.0,1080.0,1035.0,1065.0,12992,0.0,0.0
2004-02-09 00:00:00+09:00,1040.0,1070.0,1040.0,1040.0,6305,0.0,0.0
2004-02-10 00:00:00+09:00,1040.0,1040.0,1000.0,1040.0,15307,0.0,0.0
2004-02-11 00:00:00+09:00,1040.0,1045.0,1010.0,1040.0,13661,0.0,0.0
2004-02-12 00:00:00+09:00,1020.0,1035.0,1010.0,1020.0,4230,0.0,0.0
2004-02-13 00:00:00+09:00,1095.0,1095.0,990.0,1095.0,21671,0.0,0.0
2004-02-16 00:00:00+09:00,1080.0,1100.0,1035.0,1080.0,14477,0.0,0.0
2004-02-17 00:00:00+09:00,1050.0,1080.0,1030.0,1050.0,8288,0.0,0.0
2004-02-18 00:00:00+09:00,1095.0,1100.0,1060.0,1095.0,4148,0.0,0.0
2004-02-19 00:00:00+09:00,1120.0,1190.0,1065.0,1120.0,13222,0.0,0.0
2004-02-20 00:00:00+09:00,1100.0,1115.0,1075.0,1100.0,1514,0.0,0.0
2004-02-23 00:00:00+09:00,1105.0,1105.0,1075.0,1105.0,2561,0.0,0.0
2004-02-24 00:00:00+09:00,1120.0,1135.0,1100.0,1120.0,6783,0.0,0.0
2004-02-25 00:00:00+09:00,1130.0,1130.0,1085.0,1130.0,5692,0.0,0.0
2004-02-26 00:00:00+09:00,1130.0,1140.0,1085.0,1130.0,3032,0.0,0.0
2004-02-27 00:00:00+09:00,1130.0,1130.0,1070.0,1130.0,3006,0.0,0.0
2004-03-01 00:00:00+09:00,1130.0,1130.0,1130.0,1130.0,0,0.0,0.0
2004-03-02 00:00:00+09:00,1090.0,1125.0,1050.0,1090.0,6749,0.0,0.0
2004-03-03 00:00:00+09:00,1130.0,1130.0,1075.0,1130.0,13808,0.0,0.0
2004-03-04 00:00:00+09:00,1105.0,1135.0,1100.0,1105.0,5922,0.0,0.0
2004-03-05 00:00:00+09:00,1130.0,1140.0,1075.0,1130.0,16792,0.0,0.0
2004-03-08 00:00:00+09:00,1120.0,1170.0,1070.0,1120.0,57636,0.0,0.0
2004-03-09 00:00:00+09:00,1150.0,1150.0,1120.0,1150.0,8941,0.0,0.0
2004-03-10 00:00:00+09:00,1150.0,1170.0,1150.0,1150.0,12579,0.0,0.0
2004-03-11 00:00:00+09:00,1120.0,1145.0,1100.0,1120.0,9119,0.0,0.0
2004-03-12 00:00:00+09:00,1060.0,1150.0,1060.0,1060.0,5515,0.0,0.0
2004-03-15 00:00:00+09:00,1130.0,1135.0,1120.0,1130.0,2511,0.0,0.0
2004-03-16 00:00:00+09:00,1140.0,1140.0,1115.0,1140.0,611,0.0,0.0
2004-03-17 00:00:00+09:00,1145.0,1145.0,1140.0,1145.0,2510,0.0,0.0
2004-03-18 00:00:00+09:00,1140.0,1150.0,1095.0,1140.0,6836,0.0,0.0
2004-03-19 00:00:00+09:00,1140.0,1140.0,1140.0,1140.0,500,0.0,0.0
2004-03-22 00:00:00+09:00,1135.0,1150.0,1095.0,1135.0,5011,0.0,0.0
2004-03-23 00:00:00+09:00,1145.0,1145.0,1090.0,1145.0,1521,0.0,0.0
2004-03-24 00:00:00+09:00,1135.0,1140.0,1100.0,1135.0,3650,0.0,0.0
2004-03-25 00:00:00+09:00,1130.0,1140.0,1120.0,1130.0,1082,0.0,0.0
2004-03-26 00:00:00+09:00,1100.0,1140.0,1100.0,1100.0,878,0.0,0.0
2004-03-29 00:00:00+09:00,1135.0,1135.0,1100.0,1135.0,10696,0.0,0.0
2004-03-30 00:00:00+09:00,1150.0,1160.0,1105.0,1150.0,2605,0.0,0.0
2004-03-31 00:00:00+09:00,1150.0,1165.0,1120.0,1150.0,2764,0.0,0.0
2004-04-01 00:00:00+09:00,1145.0,1150.0,1100.0,1145.0,6460,0.0,0.0
2004-04-02 00:00:00+09:00,1150.0,1150.0,1115.0,1150.0,2325,0.0,0.0
2004-04-05 00:00:00+09:00,1150.0,1150.0,1150.0,1150.0,0,0.0,0.0
2004-04-06 00:00:00+09:00,1165.0,1165.0,1110.0,1165.0,12412,0.0,0.0
2004-04-07 00:00:00+09:00,1165.0,1180.0,1125.0,1165.0,16422,0.0,0.0
2004-04-08 00:00:00+09:00,1170.0,1180.0,1145.0,1170.0,4026,0.0,0.0
2004-04-09 00:00:00+09:00,1180.0,1270.0,1140.0,1180.0,1954,0.0,0.0
2004-04-12 00:00:00+09:00,1190.0,1200.0,1180.0,1190.0,5510,0.0,0.0
2004-04-13 00:00:00+09:00,1200.0,1200.0,1160.0,1200.0,10550,0.0,0.0
2004-04-14 00:00:00+09:00,1200.0,1200.0,1155.0,1200.0,12779,0.0,0.0
2004-04-15 00:00:00+09:00,1200.0,1200.0,1200.0,1200.0,0,0.0,0.0
2004-04-16 00:00:00+09:00,1200.0,1200.0,1170.0,1200.0,8105,0.0,0.0
2004-04-19 00:00:00+09:00,1200.0,1230.0,1180.0,1200.0,3232,0.0,0.0
2004-04-20 00:00:00+09:00,1215.0,1220.0,1185.0,1215.0,5402,0.0,0.0
2004-04-21 00:00:00+09:00,1215.0,1215.0,1180.0,1215.0,411,0.0,0.0
2004-04-22 00:00:00+09:00,1210.0,1210.0,1175.0,1210.0,9249,0.0,0.0
2004-04-23 00:00:00+09:00,1225.0,1225.0,1190.0,1225.0,8245,0.0,0.0
2004-04-26 00:00:00+09:00,1250.0,1290.0,1225.0,1250.0,30847,0.0,0.0
2004-04-27 00:00:00+09:00,1250.0,1280.0,1205.0,1250.0,15848,0.0,0.0
2004-04-28 00:00:00+09:00,1235.0,1250.0,1190.0,1235.0,4280,0.0,0.0
2004-04-29 00:00:00+09:00,1230.0,1230.0,1210.0,1230.0,4420,0.0,0.0
2004-04-30 00:00:00+09:00,1140.0,1300.0,1130.0,1140.0,17763,0.0,0.0
2004-05-03 00:00:00+09:00,1110.0,1200.0,1110.0,1110.0,13670,0.0,0.0
2004-05-04 00:00:00+09:00,1150.0,1170.0,1120.0,1150.0,3603,0.0,0.0
2004-05-05 00:00:00+09:00,1150.0,1150.0,1150.0,1150.0,0,0.0,0.0
2004-05-06 00:00:00+09:00,1135.0,1160.0,1125.0,1125.0,3609,0.0,0.0
2004-05-07 00:00:00+09:00,1170.0,1170.0,1110.0,1145.0,19553,0.0,0.0
2004-05-10 00:00:00+09:00,1145.0,1150.0,1110.0,1130.0,15490,0.0,0.0
2004-05-11 00:00:00+09:00,1130.0,1130.0,1100.0,1130.0,4171,0.0,0.0
2004-05-12 00:00:00+09:00,1130.0,1140.0,1110.0,1140.0,4180,0.0,0.0
2004-05-13 00:00:00+09:00,1125.0,1140.0,1105.0,1130.0,5911,0.0,0.0
2004-05-14 00:00:00+09:00,1170.0,1170.0,1120.0,1130.0,2163,0.0,0.0
2004-05-17 00:00:00+09:00,1190.0,1190.0,1100.0,1130.0,10186,0.0,0.0
2004-05-18 00:00:00+09:00,1140.0,1140.0,1070.0,1120.0,7644,0.0,0.0
2004-05-19 00:00:00+09:00,1130.0,1130.0,1080.0,1100.0,8932,0.0,0.0
2004-05-20 00:00:00+09:00,1120.0,1120.0,1070.0,1100.0,3543,0.0,0.0
2004-05-21 00:00:00+09:00,1100.0,1120.0,1100.0,1100.0,2031,0.0,0.0
2004-05-24 00:00:00+09:00,1140.0,1140.0,1070.0,1070.0,7734,0.0,0.0
2004-05-25 00:00:00+09:00,1080.0,1120.0,1070.0,1100.0,2930,0.0,0.0
2004-05-26 00:00:00+09:00,1100.0,1100.0,1100.0,1100.0,0,0.0,0.0
2004-05-27 00:00:00+09:00,1070.0,1140.0,1070.0,1140.0,101,0.0,0.0
2004-05-28 00:00:00+09:00,1135.0,1135.0,1135.0,1135.0,0,0.0,0.0
2004-05-31 00:00:00+09:00,1135.0,1135.0,1070.0,1110.0,1175,0.0,0.0
2004-06-01 00:00:00+09:00,1110.0,1120.0,1080.0,1120.0,723,0.0,0.0
2004-06-02 00:00:00+09:00,1105.0,1170.0,1100.0,1120.0,3022,0.0,0.0
2004-06-03 00:00:00+09:00,1120.0,1150.0,1090.0,1090.0,7527,0.0,0.0
2004-06-04 00:00:00+09:00,1150.0,1150.0,1080.0,1100.0,5261,0.0,0.0
2004-06-07 00:00:00+09:00,1120.0,1120.0,1090.0,1120.0,1201,0.0,0.0
2004-06-08 00:00:00+09:00,1090.0,1090.0,1070.0,1090.0,7638,0.0,0.0
2004-06-09 00:00:00+09:00,1140.0,1210.0,1105.0,1140.0,2341,0.0,0.0
2004-06-10 00:00:00+09:00,1100.0,1130.0,1080.0,1130.0,4422,0.0,0.0
2004-06-11 00:00:00+09:00,1105.0,1105.0,1050.0,1100.0,8547,0.0,0.0
2004-06-14 00:00:00+09:00,1090.0,1095.0,1055.0,1070.0,3934,0.0,0.0
2004-06-15 00:00:00+09:00,1070.0,1100.0,1070.0,1100.0,4620,0.0,0.0
2004-06-16 00:00:00+09:00,1090.0,1100.0,1080.0,1100.0,9600,0.0,0.0
2004-06-17 00:00:00+09:00,1070.0,1100.0,970.0,1055.0,13135,0.0,0.0
2004-06-18 00:00:00+09:00,1050.0,1100.0,1050.0,1090.0,7000,0.0,0.0
2004-06-21 00:00:00+09:00,1100.0,1100.0,1070.0,1095.0,5348,0.0,0.0
2004-06-22 00:00:00+09:00,1060.0,1080.0,1055.0,1080.0,3577,0.0,0.0
2004-06-23 00:00:00+09:00,1075.0,1075.0,1070.0,1070.0,800,0.0,0.0
2004-06-24 00:00:00+09:00,1010.0,1050.0,1000.0,1045.0,6001,0.0,0.0
2004-06-25 00:00:00+09:00,1045.0,1050.0,1045.0,1050.0,301,0.0,0.0
2004-06-28 00:00:00+09:00,1060.0,1065.0,1025.0,1050.0,5624,0.0,0.0
2004-06-29 00:00:00+09:00,1070.0,1160.0,1070.0,1160.0,19001,0.0,0.0
2004-06-30 00:00:00+09:00,1150.0,1290.0,1100.0,1290.0,51841,0.0,0.0
2004-07-01 00:00:00+09:00,1250.0,1250.0,1140.0,1140.0,32344,0.0,0.0
2004-07-02 00:00:00+09:00,1100.0,1170.0,1100.0,1150.0,15185,0.0,0.0
2004-07-05 00:00:00+09:00,1150.0,1150.0,1100.0,1110.0,8320,0.0,0.0
2004-07-06 00:00:00+09:00,1140.0,1140.0,1110.0,1140.0,1311,0.0,0.0
2004-07-07 00:00:00+09:00,1125.0,1130.0,1085.0,1100.0,1164,0.0,0.0
2004-07-08 00:00:00+09:00,1100.0,1140.0,1090.0,1100.0,4301,0.0,0.0
2004-07-09 00:00:00+09:00,1100.0,1130.0,1080.0,1090.0,1384,0.0,0.0
2004-07-12 00:00:00+09:00,1130.0,1140.0,1100.0,1140.0,3002,0.0,0.0
2004-07-13 00:00:00+09:00,1090.0,1125.0,1090.0,1125.0,903,0.0,0.0
2004-07-14 00:00:00+09:00,1090.0,1130.0,1075.0,1075.0,464,0.0,0.0
2004-07-15 00:00:00+09:00,1120.0,1120.0,1060.0,1115.0,4003,0.0,0.0
2004-07-16 00:00:00+09:00,1115.0,1115.0,1070.0,1115.0,4467,0.0,0.0
2004-07-19 00:00:00+09:00,1095.0,1115.0,1070.0,1105.0,5375,0.0,0.0
2004-07-20 00:00:00+09:00,1110.0,1110.0,1110.0,1110.0,1,0.0,0.0
2004-07-21 00:00:00+09:00,1055.0,1100.0,1055.0,1055.0,2988,0.0,0.0
2004-07-22 00:00:00+09:00,1095.0,1100.0,1005.0,1060.0,2013,0.0,0.0
2004-07-23 00:00:00+09:00,1060.0,1100.0,1010.0,1100.0,5809,0.0,0.0
2004-07-26 00:00:00+09:00,1050.0,1095.0,1050.0,1095.0,1000,0.0,0.0
2004-07-27 00:00:00+09:00,1060.0,1095.0,1060.0,1095.0,1011,0.0,0.0
2004-07-28 00:00:00+09:00,1100.0,1100.0,1060.0,1100.0,7355,0.0,0.0
2004-07-29 00:00:00+09:00,1085.0,1090.0,1060.0,1090.0,3021,0.0,0.0
2004-07-30 00:00:00+09:00,1100.0,1100.0,1100.0,1100.0,300,0.0,0.0
2004-08-02 00:00:00+09:00,1095.0,1095.0,1095.0,1095.0,0,0.0,0.0
2004-08-03 00:00:00+09:00,1090.0,1090.0,1090.0,1090.0,10,0.0,0.0
2004-08-04 00:00:00+09:00,1075.0,1095.0,1010.0,1050.0,7351,0.0,0.0
2004-08-05 00:00:00+09:00,1010.0,1050.0,975.0,1000.0,825,0.0,0.0
2004-08-06 00:00:00+09:00,1055.0,1100.0,1055.0,1100.0,115,0.0,0.0
2004-08-09 00:00:00+09:00,1100.0,1100.0,1100.0,1100.0,10,0.0,0.0
2004-08-10 00:00:00+09:00,1100.0,1100.0,1005.0,1095.0,8918,0.0,0.0
2004-08-11 00:00:00+09:00,1095.0,1095.0,1045.0,1095.0,9511,0.0,0.0
2004-08-12 00:00:00+09:00,1095.0,1100.0,1045.0,1090.0,7169,0.0,0.0
2004-08-13 00:00:00+09:00,1090.0,1100.0,1060.0,1090.0,8501,0.0,0.0
2004-08-16 00:00:00+09:00,1060.0,1150.0,1035.0,1100.0,6403,0.0,0.0
2004-08-17 00:00:00+09:00,1040.0,1090.0,1040.0,1090.0,5008,0.0,0.0
2004-08-18 00:00:00+09:00,1095.0,1100.0,1095.0,1100.0,4010,0.0,0.0
2004-08-19 00:00:00+09:00,1030.0,1100.0,1030.0,1100.0,5240,0.0,0.0
2004-08-20 00:00:00+09:00,1085.0,1100.0,1045.0,1045.0,7610,0.0,0.0
2004-08-23 00:00:00+09:00,1045.0,1090.0,1030.0,1090.0,11200,0.0,0.0
2004-08-24 00:00:00+09:00,1030.0,1090.0,1030.0,1070.0,7811,0.0,0.0
2004-08-25 00:00:00+09:00,1085.0,1135.0,1030.0,1100.0,5261,0.0,0.0
2004-08-26 00:00:00+09:00,1040.0,1135.0,1040.0,1135.0,514,0.0,0.0
2004-08-27 00:00:00+09:00,1060.0,1080.0,1050.0,1080.0,1576,0.0,0.0
2004-08-30 00:00:00+09:00,1130.0,1130.0,1130.0,1130.0,10,0.0,0.0
2004-08-31 00:00:00+09:00,1085.0,1090.0,1040.0,1090.0,248,0.0,0.0
2004-09-01 00:00:00+09:00,1085.0,1085.0,1020.0,1070.0,18,0.0,0.0
2004-09-02 00:00:00+09:00,1085.0,1095.0,1025.0,1035.0,11157,0.0,0.0
2004-09-03 00:00:00+09:00,1060.0,1065.0,985.0,1050.0,10106,0.0,0.0
2004-09-06 00:00:00+09:00,1005.0,1070.0,1005.0,1055.0,1329,0.0,0.0
2004-09-07 00:00:00+09:00,1060.0,1065.0,1025.0,1050.0,4197,0.0,0.0
2004-09-08 00:00:00+09:00,1010.0,1055.0,1010.0,1055.0,10523,0.0,0.0
2004-09-09 00:00:00+09:00,1055.0,1055.0,1005.0,1055.0,12001,0.0,0.0
2004-09-10 00:00:00+09:00,1055.0,1060.0,1005.0,1005.0,7525,0.0,0.0
2004-09-13 00:00:00+09:00,1065.0,1065.0,1000.0,1000.0,8021,0.0,0.0
2004-09-14 00:00:00+09:00,1035.0,1050.0,1005.0,1050.0,10539,0.0,0.0
2004-09-15 00:00:00+09:00,1015.0,1050.0,1000.0,1000.0,14225,0.0,0.0
2004-09-16 00:00:00+09:00,1000.0,1020.0,1000.0,1005.0,4219,0.0,0.0
2004-09-17 00:00:00+09:00,1000.0,1005.0,980.0,995.0,801,0.0,0.0
2004-09-20 00:00:00+09:00,1020.0,1050.0,990.0,1000.0,8562,0.0,0.0
2004-09-21 00:00:00+09:00,980.0,1000.0,970.0,995.0,3756,0.0,0.0
2004-09-22 00:00:00+09:00,960.0,1020.0,960.0,1005.0,1311,0.0,0.0
2004-09-23 00:00:00+09:00,1010.0,1010.0,1010.0,1010.0,600,0.0,0.0
2004-09-24 00:00:00+09:00,1010.0,1015.0,1000.0,1015.0,1417,0.0,0.0
2004-09-27 00:00:00+09:00,1015.0,1015.0,1015.0,1015.0,0,0.0,0.0
2004-09-28 00:00:00+09:00,1015.0,1015.0,1015.0,1015.0,0,0.0,0.0
2004-09-29 00:00:00+09:00,1015.0,1015.0,1015.0,1015.0,0,0.0,0.0
2004-09-30 00:00:00+09:00,975.0,1030.0,975.0,1030.0,102,0.0,0.0
2004-10-01 00:00:00+09:00,1000.0,1030.0,990.0,1030.0,7377,0.0,0.0
2004-10-04 00:00:00+09:00,1035.0,1040.0,1000.0,1025.0,12320,0.0,0.0
2004-10-05 00:00:00+09:00,1020.0,1035.0,1020.0,1030.0,10128,0.0,0.0
2004-10-06 00:00:00+09:00,1065.0,1065.0,1000.0,1055.0,11500,0.0,0.0
2004-10-07 00:00:00+09:00,1015.0,1040.0,1005.0,1040.0,6207,0.0,0.0
2004-10-08 00:00:00+09:00,1000.0,1040.0,995.0,1035.0,2312,0.0,0.0
2004-10-11 00:00:00+09:00,1080.0,1090.0,1005.0,1035.0,12,0.0,0.0
2004-10-12 00:00:00+09:00,1025.0,1050.0,1020.0,1045.0,4500,0.0,0.0
2004-10-13 00:00:00+09:00,1025.0,1030.0,1020.0,1020.0,3037,0.0,0.0
2004-10-14 00:00:00+09:00,1020.0,1025.0,980.0,1010.0,3556,0.0,0.0
2004-10-15 00:00:00+09:00,1020.0,1030.0,975.0,975.0,6515,0.0,0.0
2004-10-18 00:00:00+09:00,1065.0,1075.0,970.0,1040.0,9000,0.0,0.0
2004-10-19 00:00:00+09:00,1010.0,1040.0,970.0,1035.0,6600,0.0,0.0
2004-10-20 00:00:00+09:00,1045.0,1045.0,975.0,1035.0,3130,0.0,0.0
2004-10-21 00:00:00+09:00,985.0,1035.0,985.0,1035.0,2006,0.0,0.0
2004-10-22 00:00:00+09:00,1000.0,1035.0,975.0,1035.0,3130,0.0,0.0
2004-10-25 00:00:00+09:00,1040.0,1040.0,935.0,1030.0,7686,0.0,0.0
2004-10-26 00:00:00+09:00,1030.0,1035.0,1030.0,1035.0,800,0.0,0.0
2004-10-27 00:00:00+09:00,1020.0,1020.0,1020.0,1020.0,10,0.0,0.0
2004-10-28 00:00:00+09:00,1030.0,1030.0,970.0,1020.0,1021,0.0,0.0
2004-10-29 00:00:00+09:00,1005.0,1035.0,960.0,1035.0,2638,0.0,0.0
2004-11-01 00:00:00+09:00,1020.0,1030.0,970.0,1010.0,10320,0.0,0.0
2004-11-02 00:00:00+09:00,1020.0,1030.0,985.0,1020.0,4201,0.0,0.0
2004-11-03 00:00:00+09:00,980.0,1030.0,980.0,1025.0,9202,0.0,0.0
2004-11-04 00:00:00+09:00,1020.0,1130.0,980.0,1040.0,18759,0.0,0.0
2004-11-05 00:00:00+09:00,1005.0,1060.0,1000.0,1060.0,3101,0.0,0.0
2004-11-08 00:00:00+09:00,1005.0,1050.0,1000.0,1005.0,16983,0.0,0.0
2004-11-09 00:00:00+09:00,1005.0,1075.0,1005.0,1050.0,38740,0.0,0.0
2004-11-10 00:00:00+09:00,1010.0,1050.0,995.0,1045.0,19803,0.0,0.0
2004-11-11 00:00:00+09:00,1015.0,1050.0,1015.0,1015.0,8349,0.0,0.0
2004-11-12 00:00:00+09:00,1015.0,1045.0,1015.0,1035.0,1483,0.0,0.0
2004-11-15 00:00:00+09:00,1015.0,1065.0,1015.0,1055.0,4280,0.0,0.0
2004-11-16 00:00:00+09:00,1015.0,1050.0,1010.0,1050.0,1110,0.0,0.0
2004-11-17 00:00:00+09:00,1010.0,1040.0,1005.0,1040.0,3878,0.0,0.0
2004-11-18 00:00:00+09:00,1040.0,1040.0,1040.0,1040.0,90,0.0,0.0
2004-11-19 00:00:00+09:00,1035.0,1040.0,1035.0,1040.0,1532,0.0,0.0
2004-11-22 00:00:00+09:00,1000.0,1035.0,1000.0,1035.0,860,0.0,0.0
2004-11-23 00:00:00+09:00,1005.0,1060.0,1000.0,1010.0,6001,0.0,0.0
2004-11-24 00:00:00+09:00,1040.0,1040.0,1000.0,1030.0,4186,0.0,0.0
2004-11-25 00:00:00+09:00,1030.0,1030.0,1015.0,1025.0,13,0.0,0.0
2004-11-26 00:00:00+09:00,1015.0,1025.0,1005.0,1025.0,2431,0.0,0.0
2004-11-29 00:00:00+09:00,1005.0,1025.0,1000.0,1000.0,3106,0.0,0.0
2004-11-30 00:00:00+09:00,1000.0,1040.0,1000.0,1040.0,701,0.0,0.0
2004-12-01 00:00:00+09:00,1005.0,1045.0,1005.0,1040.0,7711,0.0,0.0
2004-12-02 00:00:00+09:00,1020.0,1045.0,1005.0,1035.0,16488,0.0,0.0
2004-12-03 00:00:00+09:00,1010.0,1065.0,1010.0,1015.0,11733,0.0,0.0
2004-12-06 00:00:00+09:00,1045.0,1045.0,1030.0,1030.0,5822,0.0,0.0
2004-12-07 00:00:00+09:00,1020.0,1030.0,1000.0,1010.0,14700,0.0,0.0
2004-12-08 00:00:00+09:00,1040.0,1040.0,1000.0,1020.0,21702,0.0,0.0
2004-12-09 00:00:00+09:00,1000.0,1025.0,980.0,1025.0,4003,0.0,0.0
2004-12-10 00:00:00+09:00,1000.0,1020.0,1000.0,1020.0,2178,0.0,0.0
2004-12-13 00:00:00+09:00,1020.0,1030.0,1000.0,1020.0,10990,0.0,0.0
2004-12-14 00:00:00+09:00,1020.0,1030.0,1005.0,1020.0,3305,0.0,0.0
2004-12-15 00:00:00+09:00,1010.0,1030.0,1005.0,1005.0,6190,0.0,0.0
2004-12-16 00:00:00+09:00,1025.0,1025.0,1010.0,1010.0,181,0.0,0.0
2004-12-17 00:00:00+09:00,1010.0,1025.0,1005.0,1025.0,2193,0.0,0.0
2004-12-20 00:00:00+09:00,1035.0,1035.0,1005.0,1025.0,938,0.0,0.0
2004-12-21 00:00:00+09:00,1025.0,1030.0,990.0,1020.0,6192,0.0,0.0
2004-12-22 00:00:00+09:00,1025.0,1025.0,980.0,1025.0,4315,0.0,0.0
2004-12-23 00:00:00+09:00,1000.0,1025.0,1000.0,1025.0,2589,0.0,0.0
2004-12-24 00:00:00+09:00,1000.0,1000.0,960.0,980.0,29222,0.0,0.0
2004-12-27 00:00:00+09:00,1000.0,1015.0,985.0,1005.0,11553,0.0,0.0
2004-12-28 00:00:00+09:00,1000.0,1025.0,1000.0,1025.0,3626,0.0,0.0
2004-12-29 00:00:00+09:00,975.0,1045.0,970.0,1045.0,1570,0.0,0.0
2004-12-30 00:00:00+09:00,1035.0,1050.0,1035.0,1050.0,4002,0.0,0.0
2005-01-03 00:00:00+09:00,1010.0,1050.0,1000.0,1030.0,16789,0.0,0.0
2005-01-04 00:00:00+09:00,1040.0,1040.0,990.0,1000.0,5609,0.0,0.0
2005-01-05 00:00:00+09:00,1000.0,1010.0,1000.0,1000.0,5944,0.0,0.0
2005-01-06 00:00:00+09:00,1000.0,1025.0,985.0,1000.0,20184,0.0,0.0
2005-01-07 00:00:00+09:00,1030.0,1030.0,990.0,1005.0,8221,0.0,0.0
2005-01-10 00:00:00+09:00,1005.0,1020.0,1000.0,1015.0,3644,0.0,0.0
2005-01-11 00:00:00+09:00,1020.0,1020.0,990.0,1000.0,6826,0.0,0.0
2005-01-12 00:00:00+09:00,995.0,1010.0,960.0,995.0,8136,0.0,0.0
2005-01-13 00:00:00+09:00,1000.0,1050.0,985.0,1000.0,15232,0.0,0.0
2005-01-14 00:00:00+09:00,1020.0,1020.0,985.0,1005.0,6270,0.0,0.0
2005-01-17 00:00:00+09:00,1030.0,1040.0,990.0,1030.0,79181,0.0,0.0
2005-01-18 00:00:00+09:00,1045.0,1080.0,1020.0,1055.0,57071,0.0,0.0
2005-01-19 00:00:00+09:00,1055.0,1150.0,1045.0,1110.0,71097,0.0,0.0
2005-01-20 00:00:00+09:00,1095.0,1155.0,1050.0,1070.0,37515,0.0,0.0
2005-01-21 00:00:00+09:00,1065.0,1110.0,1060.0,1095.0,41824,0.0,0.0
2005-01-24 00:00:00+09:00,1105.0,1125.0,1065.0,1080.0,28313,0.0,0.0
2005-01-25 00:00:00+09:00,1085.0,1100.0,1045.0,1070.0,26793,0.0,0.0
2005-01-26 00:00:00+09:00,1050.0,1080.0,1030.0,1035.0,56019,0.0,0.0
2005-01-27 00:00:00+09:00,1040.0,1045.0,1035.0,1040.0,41375,0.0,0.0
2005-01-28 00:00:00+09:00,1040.0,1090.0,1040.0,1065.0,40938,0.0,0.0
2005-01-31 00:00:00+09:00,1095.0,1180.0,1085.0,1120.0,53383,0.0,0.0
2005-02-01 00:00:00+09:00,1130.0,1170.0,1100.0,1125.0,50836,0.0,0.0
2005-02-02 00:00:00+09:00,1150.0,1150.0,1090.0,1120.0,58358,0.0,0.0
2005-02-03 00:00:00+09:00,1145.0,1145.0,1090.0,1120.0,71927,0.0,0.0
2005-02-04 00:00:00+09:00,1110.0,1140.0,1100.0,1100.0,33621,0.0,0.0
2005-02-07 00:00:00+09:00,1105.0,1145.0,1090.0,1110.0,0,0.0,0.0
2005-02-11 00:00:00+09:00,1105.0,1140.0,1105.0,1125.0,42947,0.0,0.0
2005-02-14 00:00:00+09:00,1125.0,1260.0,1125.0,1260.0,104245,0.0,0.0
2005-02-15 00:00:00+09:00,1330.0,1360.0,1230.0,1280.0,46486,0.0,0.0
2005-02-16 00:00:00+09:00,1240.0,1300.0,1205.0,1280.0,16635,0.0,0.0
2005-02-17 00:00:00+09:00,1250.0,1280.0,1225.0,1235.0,38636,0.0,0.0
2005-02-18 00:00:00+09:00,1205.0,1250.0,1200.0,1250.0,44041,0.0,0.0
2005-02-21 00:00:00+09:00,1230.0,1400.0,1230.0,1305.0,202047,0.0,0.0
2005-02-22 00:00:00+09:00,1305.0,1320.0,1185.0,1185.0,87434,0.0,0.0
2005-02-23 00:00:00+09:00,1195.0,1235.0,1120.0,1220.0,71397,0.0,0.0
2005-02-24 00:00:00+09:00,1180.0,1240.0,1175.0,1230.0,55690,0.0,0.0
2005-02-25 00:00:00+09:00,1185.0,1240.0,1135.0,1200.0,20640,0.0,0.0
2005-02-28 00:00:00+09:00,1190.0,1280.0,1180.0,1240.0,45758,0.0,0.0
2005-03-02 00:00:00+09:00,1245.0,1300.0,1210.0,1300.0,26729,0.0,0.0
2005-03-03 00:00:00+09:00,1275.0,1350.0,1265.0,1265.0,26539,0.0,0.0
2005-03-04 00:00:00+09:00,1265.0,1295.0,1205.0,1225.0,24564,0.0,0.0
2005-03-07 00:00:00+09:00,1285.0,1340.0,1240.0,1320.0,91797,0.0,0.0
2005-03-08 00:00:00+09:00,1365.0,1370.0,1250.0,1250.0,60723,0.0,0.0
2005-03-09 00:00:00+09:00,1235.0,1310.0,1200.0,1220.0,39600,0.0,0.0
2005-03-10 00:00:00+09:00,1220.0,1245.0,1200.0,1210.0,20724,0.0,0.0
2005-03-11 00:00:00+09:00,1235.0,1260.0,1215.0,1225.0,11877,0.0,0.0
2005-03-14 00:00:00+09:00,1255.0,1255.0,1225.0,1240.0,13224,0.0,0.0
2005-03-15 00:00:00+09:00,1250.0,1250.0,1195.0,1240.0,23211,0.0,0.0
2005-03-16 00:00:00+09:00,1205.0,1260.0,1205.0,1260.0,9205,0.0,0.0
2005-03-17 00:00:00+09:00,1290.0,1290.0,1200.0,1200.0,30224,0.0,0.0
2005-03-18 00:00:00+09:00,1200.0,1230.0,1165.0,1205.0,6917,0.0,0.0
2005-03-21 00:00:00+09:00,1195.0,1245.0,1160.0,1210.0,8610,0.0,0.0
2005-03-22 00:00:00+09:00,1165.0,1190.0,1160.0,1180.0,11435,0.0,0.0
2005-03-23 00:00:00+09:00,1150.0,1175.0,1130.0,1130.0,6936,0.0,0.0
2005-03-24 00:00:00+09:00,1115.0,1245.0,1070.0,1095.0,50687,0.0,0.0
2005-03-25 00:00:00+09:00,1100.0,1125.0,1080.0,1125.0,10632,0.0,0.0
2005-03-28 00:00:00+09:00,1100.0,1170.0,1100.0,1155.0,20720,0.0,0.0
2005-03-29 00:00:00+09:00,1160.0,1160.0,1110.0,1110.0,3770,0.0,0.0
2005-03-30 00:00:00+09:00,1080.0,1135.0,1080.0,1100.0,6169,0.0,0.0
2005-03-31 00:00:00+09:00,1100.0,1180.0,1100.0,1145.0,3297,0.0,0.0
2005-04-01 00:00:00+09:00,1110.0,1220.0,1110.0,1215.0,22368,0.0,0.0
2005-04-04 00:00:00+09:00,1235.0,1255.0,1185.0,1235.0,12134,0.0,0.0
2005-04-06 00:00:00+09:00,1260.0,1260.0,1200.0,1200.0,22553,0.0,0.0
2005-04-07 00:00:00+09:00,1175.0,1250.0,1160.0,1200.0,7141,0.0,0.0
2005-04-08 00:00:00+09:00,1200.0,1220.0,1180.0,1190.0,5877,0.0,0.0
2005-04-11 00:00:00+09:00,1175.0,1200.0,1170.0,1190.0,7430,0.0,0.0
2005-04-12 00:00:00+09:00,1190.0,1190.0,1150.0,1180.0,10432,0.0,0.0
2005-04-13 00:00:00+09:00,1155.0,1190.0,1150.0,1190.0,7171,0.0,0.0
2005-04-14 00:00:00+09:00,1160.0,1195.0,1135.0,1150.0,13649,0.0,0.0
2005-04-15 00:00:00+09:00,1135.0,1185.0,1125.0,1175.0,4022,0.0,0.0
2005-04-18 00:00:00+09:00,1300.0,1300.0,1125.0,1160.0,5954,0.0,0.0
2005-04-19 00:00:00+09:00,1180.0,1180.0,1140.0,1165.0,4304,0.0,0.0
2005-04-20 00:00:00+09:00,1140.0,1170.0,1140.0,1155.0,6882,0.0,0.0
2005-04-21 00:00:00+09:00,1170.0,1270.0,1150.0,1200.0,32783,0.0,0.0
2005-04-22 00:00:00+09:00,1245.0,1380.0,1230.0,1380.0,643575,0.0,0.0
2005-04-25 00:00:00+09:00,1460.0,1585.0,1450.0,1585.0,492636,0.0,0.0
2005-04-26 00:00:00+09:00,1750.0,1820.0,1550.0,1750.0,1073098,0.0,0.0
2005-04-27 00:00:00+09:00,1745.0,1745.0,1540.0,1590.0,277397,0.0,0.0
2005-04-28 00:00:00+09:00,1550.0,1595.0,1385.0,1395.0,271574,0.0,0.0
2005-04-29 00:00:00+09:00,1320.0,1600.0,1320.0,1600.0,513059,0.0,0.0
2005-05-02 00:00:00+09:00,1625.0,1840.0,1625.0,1840.0,476942,0.0,0.0
2005-05-03 00:00:00+09:00,1950.0,2035.0,1685.0,1790.0,528080,0.0,0.0
2005-05-04 00:00:00+09:00,1750.0,1850.0,1680.0,1790.0,272747,0.0,0.0
2005-05-06 00:00:00+09:00,1840.0,1905.0,1730.0,1740.0,264758,0.0,0.0
2005-05-09 00:00:00+09:00,1670.0,1740.0,1480.0,1510.0,204529,0.0,0.0
2005-05-10 00:00:00+09:00,1500.0,1590.0,1485.0,1500.0,122326,0.0,0.0
2005-05-11 00:00:00+09:00,1470.0,1590.0,1450.0,1485.0,115854,0.0,0.0
2005-05-12 00:00:00+09:00,1540.0,1585.0,1480.0,1490.0,95362,0.0,0.0
2005-05-13 00:00:00+09:00,1540.0,1540.0,1475.0,1520.0,25383,0.0,0.0
2005-05-16 00:00:00+09:00,1520.0,1550.0,1450.0,1450.0,61453,0.0,0.0
2005-05-17 00:00:00+09:00,1440.0,1440.0,1295.0,1315.0,136770,0.0,0.0
2005-05-18 00:00:00+09:00,1320.0,1345.0,1250.0,1285.0,90258,0.0,0.0
2005-05-19 00:00:00+09:00,1300.0,1470.0,1270.0,1450.0,203733,0.0,0.0
2005-05-20 00:00:00+09:00,1450.0,1475.0,1330.0,1350.0,115188,0.0,0.0
2005-05-23 00:00:00+09:00,1395.0,1520.0,1350.0,1450.0,216970,0.0,0.0
2005-05-24 00:00:00+09:00,1485.0,1665.0,1455.0,1665.0,403340,0.0,0.0
2005-05-25 00:00:00+09:00,1700.0,1715.0,1560.0,1655.0,263013,0.0,0.0
2005-05-26 00:00:00+09:00,1705.0,1900.0,1670.0,1820.0,910094,0.0,0.0
2005-05-27 00:00:00+09:00,1825.0,1870.0,1550.0,1580.0,783141,0.0,0.0
2005-05-30 00:00:00+09:00,1595.0,1675.0,1490.0,1490.0,322555,0.0,0.0
2005-05-31 00:00:00+09:00,1455.0,1700.0,1455.0,1660.0,311207,0.0,0.0
2005-06-01 00:00:00+09:00,1700.0,1710.0,1560.0,1600.0,165761,0.0,0.0
2005-06-02 00:00:00+09:00,1600.0,1820.0,1550.0,1730.0,500808,0.0,0.0
2005-06-03 00:00:00+09:00,1760.0,1810.0,1640.0,1735.0,252177,0.0,0.0
2005-06-07 00:00:00+09:00,1815.0,1995.0,1760.0,1835.0,521627,0.0,0.0
2005-06-08 00:00:00+09:00,1790.0,1850.0,1735.0,1815.0,245994,0.0,0.0
2005-06-09 00:00:00+09:00,1805.0,1850.0,1700.0,1790.0,203264,0.0,0.0
2005-06-10 00:00:00+09:00,1770.0,1835.0,1715.0,1720.0,147536,0.0,0.0
2005-06-13 00:00:00+09:00,1660.0,1750.0,1555.0,1620.0,223051,0.0,0.0
2005-06-14 00:00:00+09:00,1670.0,1670.0,1600.0,1650.0,87930,0.0,0.0
2005-06-15 00:00:00+09:00,1625.0,1645.0,1550.0,1620.0,93400,0.0,0.0
2005-06-16 00:00:00+09:00,1610.0,1665.0,1550.0,1605.0,114032,0.0,0.0
2005-06-17 00:00:00+09:00,1605.0,1720.0,1570.0,1620.0,106541,0.0,0.0
2005-06-20 00:00:00+09:00,1580.0,1640.0,1520.0,1520.0,110814,0.0,0.0
2005-06-21 00:00:00+09:00,1510.0,1545.0,1440.0,1500.0,96000,0.0,0.0
2005-06-22 00:00:00+09:00,1475.0,1535.0,1470.0,1520.0,57335,0.0,0.0
2005-06-23 00:00:00+09:00,1530.0,1565.0,1500.0,1520.0,35098,0.0,0.0
2005-06-24 00:00:00+09:00,1500.0,1590.0,1500.0,1570.0,48348,0.0,0.0
2005-06-27 00:00:00+09:00,1600.0,1600.0,1510.0,1565.0,31850,0.0,0.0
2005-06-28 00:00:00+09:00,1570.0,1605.0,1525.0,1545.0,56805,0.0,0.0
2005-06-29 00:00:00+09:00,1620.0,1620.0,1510.0,1545.0,18319,0.0,0.0
2005-06-30 00:00:00+09:00,1545.0,1580.0,1520.0,1530.0,13944,0.0,0.0
2005-07-01 00:00:00+09:00,1550.0,1550.0,1465.0,1520.0,28361,0.0,0.0
2005-07-04 00:00:00+09:00,1550.0,1590.0,1500.0,1580.0,43055,0.0,0.0
2005-07-05 00:00:00+09:00,1555.0,1615.0,1555.0,1605.0,26759,0.0,0.0
2005-07-06 00:00:00+09:00,1580.0,1640.0,1580.0,1635.0,39719,0.0,0.0
2005-07-07 00:00:00+09:00,1620.0,1715.0,1620.0,1690.0,69479,0.0,0.0
2005-07-08 00:00:00+09:00,1690.0,1700.0,1600.0,1635.0,10974,0.0,0.0
2005-07-11 00:00:00+09:00,1655.0,1655.0,1410.0,1610.0,107740,0.0,0.0
2005-07-12 00:00:00+09:00,1555.0,1650.0,1520.0,1580.0,29881,0.0,0.0
2005-07-13 00:00:00+09:00,1585.0,1635.0,1500.0,1595.0,72461,0.0,0.0
2005-07-14 00:00:00+09:00,1545.0,1625.0,1545.0,1600.0,19005,0.0,0.0
2005-07-15 00:00:00+09:00,1600.0,1620.0,1570.0,1600.0,57532,0.0,0.0
2005-07-18 00:00:00+09:00,1600.0,1640.0,1520.0,1590.0,14429,0.0,0.0
2005-07-19 00:00:00+09:00,1615.0,1615.0,1500.0,1515.0,32741,0.0,0.0
2005-07-20 00:00:00+09:00,1510.0,1580.0,1490.0,1540.0,47560,0.0,0.0
2005-07-21 00:00:00+09:00,1510.0,1545.0,1500.0,1530.0,52241,0.0,0.0
2005-07-22 00:00:00+09:00,1530.0,1565.0,1480.0,1520.0,40592,0.0,0.0
2005-07-25 00:00:00+09:00,1520.0,1675.0,1485.0,1610.0,96232,0.0,0.0
2005-07-26 00:00:00+09:00,1580.0,1625.0,1550.0,1595.0,12553,0.0,0.0
2005-07-27 00:00:00+09:00,1555.0,1600.0,1525.0,1550.0,67398,0.0,0.0
2005-07-28 00:00:00+09:00,1545.0,1630.0,1525.0,1570.0,46642,0.0,0.0
2005-07-29 00:00:00+09:00,1550.0,1600.0,1540.0,1585.0,54669,0.0,0.0
2005-08-01 00:00:00+09:00,1560.0,1620.0,1560.0,1580.0,63867,0.0,0.0
2005-08-02 00:00:00+09:00,1590.0,1815.0,1580.0,1815.0,413964,0.0,0.0
2005-08-03 00:00:00+09:00,1895.0,2000.0,1750.0,1800.0,506916,0.0,0.0
2005-08-04 00:00:00+09:00,1800.0,2070.0,1745.0,2070.0,621904,0.0,0.0
2005-08-05 00:00:00+09:00,2050.0,2050.0,1770.0,1850.0,422350,0.0,0.0
2005-08-08 00:00:00+09:00,1800.0,2045.0,1800.0,1905.0,337631,0.0,0.0
2005-08-09 00:00:00+09:00,1800.0,1970.0,1755.0,1815.0,374266,0.0,0.0
2005-08-10 00:00:00+09:00,1810.0,1995.0,1810.0,1920.0,269556,0.0,0.0
2005-08-11 00:00:00+09:00,1940.0,2205.0,1875.0,1900.0,590357,0.0,0.0
2005-08-12 00:00:00+09:00,1885.0,1960.0,1770.0,1815.0,375811,0.0,0.0
2005-08-16 00:00:00+09:00,1845.0,1845.0,1730.0,1790.0,144636,0.0,0.0
2005-08-17 00:00:00+09:00,1760.0,1820.0,1720.0,1770.0,73721,0.0,0.0
2005-08-18 00:00:00+09:00,1750.0,1820.0,1735.0,1780.0,85721,0.0,0.0
2005-08-19 00:00:00+09:00,1725.0,1780.0,1655.0,1655.0,75970,0.0,0.0
2005-08-22 00:00:00+09:00,1655.0,1690.0,1595.0,1665.0,64070,0.0,0.0
2005-08-23 00:00:00+09:00,1690.0,1690.0,1615.0,1645.0,42605,0.0,0.0
2005-08-24 00:00:00+09:00,1610.0,1770.0,1610.0,1630.0,36242,0.0,0.0
2005-08-25 00:00:00+09:00,1605.0,1660.0,1580.0,1600.0,54379,0.0,0.0
2005-08-26 00:00:00+09:00,1580.0,1635.0,1535.0,1535.0,49723,0.0,0.0
2005-08-29 00:00:00+09:00,1500.0,1570.0,1485.0,1495.0,70362,0.0,0.0
2005-08-30 00:00:00+09:00,1485.0,1580.0,1475.0,1530.0,40238,0.0,0.0
2005-08-31 00:00:00+09:00,1480.0,1550.0,1480.0,1535.0,33159,0.0,0.0
2005-09-01 00:00:00+09:00,1505.0,1565.0,1505.0,1540.0,34349,0.0,0.0
2005-09-02 00:00:00+09:00,1555.0,1600.0,1540.0,1580.0,29758,0.0,0.0
2005-09-05 00:00:00+09:00,1650.0,1650.0,1570.0,1570.0,28901,0.0,0.0
2005-09-06 00:00:00+09:00,1570.0,1625.0,1570.0,1610.0,23198,0.0,0.0
2005-09-07 00:00:00+09:00,1640.0,1640.0,1590.0,1610.0,23007,0.0,0.0
2005-09-08 00:00:00+09:00,1680.0,1680.0,1580.0,1620.0,16166,0.0,0.0
2005-09-09 00:00:00+09:00,1670.0,1670.0,1590.0,1630.0,27146,0.0,0.0
2005-09-12 00:00:00+09:00,1630.0,1710.0,1630.0,1650.0,30254,0.0,0.0
2005-09-13 00:00:00+09:00,1600.0,1690.0,1600.0,1645.0,17276,0.0,0.0
2005-09-14 00:00:00+09:00,1670.0,1670.0,1635.0,1645.0,15846,0.0,0.0
2005-09-15 00:00:00+09:00,1585.0,1670.0,1580.0,1645.0,17545,0.0,0.0
2005-09-16 00:00:00+09:00,1590.0,1675.0,1570.0,1650.0,15299,0.0,0.0
2005-09-20 00:00:00+09:00,1615.0,1650.0,1600.0,1605.0,23771,0.0,0.0
2005-09-21 00:00:00+09:00,1630.0,1695.0,1620.0,1640.0,24013,0.0,0.0
2005-09-22 00:00:00+09:00,1650.0,1660.0,1615.0,1660.0,13343,0.0,0.0
2005-09-23 00:00:00+09:00,1630.0,1700.0,1630.0,1665.0,34079,0.0,0.0
2005-09-26 00:00:00+09:00,1695.0,1790.0,1660.0,1750.0,112934,0.0,0.0
2005-09-27 00:00:00+09:00,1800.0,1860.0,1745.0,1750.0,23791,0.0,0.0
2005-09-28 00:00:00+09:00,1750.0,1835.0,1720.0,1750.0,56838,0.0,0.0
2005-09-29 00:00:00+09:00,1750.0,1795.0,1600.0,1760.0,27036,0.0,0.0
2005-09-30 00:00:00+09:00,1735.0,1780.0,1715.0,1760.0,24767,0.0,0.0
2005-10-04 00:00:00+09:00,1760.0,1850.0,1730.0,1780.0,38440,0.0,0.0
2005-10-05 00:00:00+09:00,1755.0,1835.0,1745.0,1775.0,26791,0.0,0.0
2005-10-06 00:00:00+09:00,1740.0,1775.0,1705.0,1750.0,16106,0.0,0.0
2005-10-07 00:00:00+09:00,1750.0,1810.0,1730.0,1760.0,20193,0.0,0.0
2005-10-10 00:00:00+09:00,1725.0,1800.0,1725.0,1770.0,56621,0.0,0.0
2005-10-11 00:00:00+09:00,1780.0,1895.0,1750.0,1855.0,63384,0.0,0.0
2005-10-12 00:00:00+09:00,1930.0,1930.0,1825.0,1835.0,89129,0.0,0.0
2005-10-13 00:00:00+09:00,1825.0,1890.0,1770.0,1785.0,43229,0.0,0.0
2005-10-14 00:00:00+09:00,1765.0,1865.0,1750.0,1785.0,40158,0.0,0.0
2005-10-17 00:00:00+09:00,1760.0,1850.0,1745.0,1760.0,26158,0.0,0.0
2005-10-18 00:00:00+09:00,1800.0,1800.0,1720.0,1765.0,23898,0.0,0.0
2005-10-19 00:00:00+09:00,1715.0,1765.0,1675.0,1710.0,34384,0.0,0.0
2005-10-20 00:00:00+09:00,1760.0,1760.0,1575.0,1710.0,12030,0.0,0.0
2005-10-21 00:00:00+09:00,1635.0,1725.0,1630.0,1675.0,25595,0.0,0.0
2005-10-24 00:00:00+09:00,1675.0,1730.0,1615.0,1700.0,8781,0.0,0.0
2005-10-25 00:00:00+09:00,1810.0,1810.0,1690.0,1720.0,27223,0.0,0.0
2005-10-26 00:00:00+09:00,1790.0,1790.0,1680.0,1720.0,19238,0.0,0.0
2005-10-27 00:00:00+09:00,1700.0,1740.0,1665.0,1720.0,33205,0.0,0.0
2005-10-28 00:00:00+09:00,1725.0,1725.0,1625.0,1720.0,2789,0.0,0.0
2005-10-31 00:00:00+09:00,1720.0,1745.0,1695.0,1745.0,8902,0.0,0.0
2005-11-01 00:00:00+09:00,1780.0,1790.0,1690.0,1710.0,28216,0.0,0.0
2005-11-02 00:00:00+09:00,1700.0,1790.0,1670.0,1760.0,25589,0.0,0.0
2005-11-03 00:00:00+09:00,1760.0,1890.0,1725.0,1780.0,40838,0.0,0.0
2005-11-04 00:00:00+09:00,1790.0,1820.0,1755.0,1795.0,23693,0.0,0.0
2005-11-07 00:00:00+09:00,1800.0,1835.0,1785.0,1830.0,24874,0.0,0.0
2005-11-08 00:00:00+09:00,1820.0,1835.0,1775.0,1820.0,29767,0.0,0.0
2005-11-09 00:00:00+09:00,1800.0,1800.0,1760.0,1760.0,17620,0.0,0.0
2005-11-10 00:00:00+09:00,1750.0,1795.0,1705.0,1735.0,56315,0.0,0.0
2005-11-11 00:00:00+09:00,1710.0,1750.0,1705.0,1720.0,58003,0.0,0.0
2005-11-14 00:00:00+09:00,1720.0,1760.0,1700.0,1745.0,21933,0.0,0.0
2005-11-15 00:00:00+09:00,1720.0,1745.0,1715.0,1730.0,20196,0.0,0.0
2005-11-16 00:00:00+09:00,1720.0,1770.0,1720.0,1740.0,33108,0.0,0.0
2005-11-17 00:00:00+09:00,1740.0,1805.0,1730.0,1790.0,42593,0.0,0.0
2005-11-18 00:00:00+09:00,1790.0,2055.0,1790.0,1870.0,712566,0.0,0.0
2005-11-21 00:00:00+09:00,1955.0,1955.0,1855.0,1920.0,158260,0.0,0.0
2005-11-22 00:00:00+09:00,1940.0,2040.0,1865.0,1950.0,175887,0.0,0.0
2005-11-23 00:00:00+09:00,1920.0,2030.0,1890.0,1945.0,159554,0.0,0.0
2005-11-24 00:00:00+09:00,1985.0,1985.0,1910.0,1945.0,58878,0.0,0.0
2005-11-25 00:00:00+09:00,1920.0,1975.0,1845.0,1880.0,100385,0.0,0.0
2005-11-28 00:00:00+09:00,1890.0,1990.0,1880.0,1970.0,96928,0.0,0.0
2005-11-29 00:00:00+09:00,2030.0,2255.0,2000.0,2015.0,462134,0.0,0.0
2005-11-30 00:00:00+09:00,2045.0,2045.0,1960.0,2040.0,179439,0.0,0.0
2005-12-01 00:00:00+09:00,2060.0,2060.0,1985.0,2030.0,119701,0.0,0.0
2005-12-02 00:00:00+09:00,2035.0,2125.0,2030.0,2120.0,96694,0.0,0.0
2005-12-05 00:00:00+09:00,2080.0,2245.0,2080.0,2135.0,110413,0.0,0.0
2005-12-06 00:00:00+09:00,2105.0,2140.0,2005.0,2035.0,123153,0.0,0.0
2005-12-07 00:00:00+09:00,2010.0,2140.0,2005.0,2035.0,91436,0.0,0.0
2005-12-08 00:00:00+09:00,2005.0,2035.0,1940.0,1975.0,67872,0.0,0.0
2005-12-09 00:00:00+09:00,1950.0,2030.0,1950.0,1965.0,31970,0.0,0.0
2005-12-12 00:00:00+09:00,1950.0,2140.0,1950.0,2040.0,86958,0.0,0.0
2005-12-13 00:00:00+09:00,2030.0,2035.0,1920.0,2035.0,87347,0.0,0.0
2005-12-14 00:00:00+09:00,2030.0,2320.0,1980.0,2275.0,239879,0.0,0.0
2005-12-15 00:00:00+09:00,2260.0,2270.0,2155.0,2270.0,152190,0.0,0.0
2005-12-16 00:00:00+09:00,2140.0,2390.0,2070.0,2220.0,129765,0.0,0.0
2005-12-19 00:00:00+09:00,2260.0,2535.0,2250.0,2290.0,335070,0.0,0.0
2005-12-20 00:00:00+09:00,2330.0,2440.0,2220.0,2440.0,164797,0.0,0.0
2005-12-21 00:00:00+09:00,2470.0,2600.0,2390.0,2390.0,207980,0.0,0.0
2005-12-22 00:00:00+09:00,2390.0,2390.0,2055.0,2080.0,207576,0.0,0.0
2005-12-23 00:00:00+09:00,2040.0,2130.0,2000.0,2020.0,104761,0.0,0.0
2005-12-26 00:00:00+09:00,2090.0,2180.0,2040.0,2085.0,100457,0.0,0.0
2005-12-27 00:00:00+09:00,2040.0,2100.0,1990.0,2080.0,70032,0.0,0.0
2005-12-28 00:00:00+09:00,2050.0,2060.0,1990.0,2020.0,21672,0.0,0.0
2005-12-29 00:00:00+09:00,1975.0,2015.0,1910.0,1970.0,93324,0.0,0.0
2006-01-02 00:00:00+09:00,1940.0,2070.0,1940.0,2060.0,32882,0.0,0.0
2006-01-03 00:00:00+09:00,2075.0,2095.0,2000.0,2045.0,35137,0.0,0.0
2006-01-04 00:00:00+09:00,2010.0,2085.0,2010.0,2060.0,12633,0.0,0.0
2006-01-05 00:00:00+09:00,2025.0,2060.0,1935.0,1990.0,42666,0.0,0.0
2006-01-06 00:00:00+09:00,1995.0,2065.0,1940.0,1990.0,35239,0.0,0.0
2006-01-09 00:00:00+09:00,1990.0,2085.0,1955.0,1985.0,30238,0.0,0.0
2006-01-10 00:00:00+09:00,2010.0,2020.0,1965.0,1995.0,41446,0.0,0.0
2006-01-11 00:00:00+09:00,1995.0,2010.0,1970.0,2010.0,20777,0.0,0.0
2006-01-12 00:00:00+09:00,2020.0,2025.0,1960.0,1990.0,27257,0.0,0.0
2006-01-13 00:00:00+09:00,2025.0,2025.0,1935.0,1975.0,12490,0.0,0.0
2006-01-16 00:00:00+09:00,1920.0,1995.0,1920.0,1995.0,39593,0.0,0.0
2006-01-17 00:00:00+09:00,1960.0,2040.0,1955.0,1975.0,28657,0.0,0.0
2006-01-18 00:00:00+09:00,2000.0,2000.0,1855.0,1950.0,23601,0.0,0.0
2006-01-19 00:00:00+09:00,1950.0,1950.0,1840.0,1855.0,53543,0.0,0.0
2006-01-20 00:00:00+09:00,1805.0,1890.0,1665.0,1800.0,54011,0.0,0.0
2006-01-23 00:00:00+09:00,1700.0,1760.0,1570.0,1570.0,77167,0.0,0.0
2006-01-24 00:00:00+09:00,1530.0,1690.0,1520.0,1620.0,30298,0.0,0.0
2006-01-25 00:00:00+09:00,1650.0,1685.0,1610.0,1680.0,26714,0.0,0.0
2006-01-26 00:00:00+09:00,1685.0,1700.0,1645.0,1700.0,17712,0.0,0.0
2006-01-27 00:00:00+09:00,1745.0,1795.0,1670.0,1705.0,26074,0.0,0.0
2006-01-31 00:00:00+09:00,1725.0,1835.0,1685.0,1830.0,52183,0.0,0.0
2006-02-01 00:00:00+09:00,1830.0,1830.0,1700.0,1740.0,31596,0.0,0.0
2006-02-02 00:00:00+09:00,1705.0,1765.0,1650.0,1750.0,10595,0.0,0.0
2006-02-03 00:00:00+09:00,1795.0,1795.0,1650.0,1700.0,23655,0.0,0.0
2006-02-06 00:00:00+09:00,1590.0,1740.0,1590.0,1690.0,25026,0.0,0.0
2006-02-07 00:00:00+09:00,1620.0,1690.0,1620.0,1685.0,9348,0.0,0.0
2006-02-08 00:00:00+09:00,1650.0,1800.0,1650.0,1750.0,51252,0.0,0.0
2006-02-09 00:00:00+09:00,1720.0,1760.0,1660.0,1685.0,14578,0.0,0.0
2006-02-10 00:00:00+09:00,1705.0,1750.0,1625.0,1675.0,40457,0.0,0.0
2006-02-13 00:00:00+09:00,1690.0,1690.0,1620.0,1665.0,26826,0.0,0.0
2006-02-14 00:00:00+09:00,1645.0,1690.0,1610.0,1650.0,19478,0.0,0.0
2006-02-15 00:00:00+09:00,1645.0,1695.0,1565.0,1585.0,24522,0.0,0.0
2006-02-16 00:00:00+09:00,1610.0,1630.0,1560.0,1615.0,22667,0.0,0.0
2006-02-17 00:00:00+09:00,1670.0,1670.0,1590.0,1600.0,17459,0.0,0.0
2006-02-20 00:00:00+09:00,1575.0,1630.0,1565.0,1630.0,47351,0.0,0.0
2006-02-21 00:00:00+09:00,1650.0,1650.0,1580.0,1610.0,15920,0.0,0.0
2006-02-22 00:00:00+09:00,1605.0,1695.0,1585.0,1635.0,12681,0.0,0.0
2006-02-23 00:00:00+09:00,1610.0,1655.0,1590.0,1630.0,28065,0.0,0.0
2006-02-24 00:00:00+09:00,1640.0,1655.0,1595.0,1615.0,24242,0.0,0.0
2006-02-27 00:00:00+09:00,1625.0,1635.0,1610.0,1625.0,23348,0.0,0.0
2006-02-28 00:00:00+09:00,1675.0,1675.0,1625.0,1635.0,15447,0.0,0.0
2006-03-02 00:00:00+09:00,1610.0,1730.0,1610.0,1690.0,41779,0.0,0.0
2006-03-03 00:00:00+09:00,1665.0,1755.0,1650.0,1675.0,38268,0.0,0.0
2006-03-06 00:00:00+09:00,1670.0,1725.0,1635.0,1670.0,33698,0.0,0.0
2006-03-07 00:00:00+09:00,1680.0,1735.0,1670.0,1690.0,63623,0.0,0.0
2006-03-08 00:00:00+09:00,1710.0,1775.0,1640.0,1720.0,148545,0.0,0.0
2006-03-09 00:00:00+09:00,1730.0,1780.0,1715.0,1740.0,60531,0.0,0.0
2006-03-10 00:00:00+09:00,1735.0,1770.0,1695.0,1745.0,50926,0.0,0.0
2006-03-13 00:00:00+09:00,1715.0,1750.0,1680.0,1715.0,43011,0.0,0.0
2006-03-14 00:00:00+09:00,1675.0,1720.0,1675.0,1700.0,18781,0.0,0.0
2006-03-15 00:00:00+09:00,1680.0,1715.0,1675.0,1715.0,21520,0.0,0.0
2006-03-16 00:00:00+09:00,1685.0,1725.0,1670.0,1705.0,24697,0.0,0.0
2006-03-17 00:00:00+09:00,1730.0,1740.0,1675.0,1675.0,14432,0.0,0.0
2006-03-20 00:00:00+09:00,1675.0,1710.0,1655.0,1675.0,38107,0.0,0.0
2006-03-21 00:00:00+09:00,1695.0,1730.0,1665.0,1715.0,43072,0.0,0.0
2006-03-22 00:00:00+09:00,1710.0,1870.0,1710.0,1725.0,61338,0.0,0.0
2006-03-23 00:00:00+09:00,1705.0,1775.0,1695.0,1720.0,47662,0.0,0.0
2006-03-24 00:00:00+09:00,1720.0,1730.0,1665.0,1690.0,38809,0.0,0.0
2006-03-27 00:00:00+09:00,1705.0,1705.0,1615.0,1680.0,22923,0.0,0.0
2006-03-28 00:00:00+09:00,1630.0,1675.0,1595.0,1600.0,24238,0.0,0.0
2006-03-29 00:00:00+09:00,1600.0,1625.0,1560.0,1600.0,31707,0.0,0.0
2006-03-30 00:00:00+09:00,1625.0,1625.0,1585.0,1600.0,16114,0.0,0.0
2006-03-31 00:00:00+09:00,1600.0,1650.0,1600.0,1635.0,18058,0.0,0.0
2006-04-03 00:00:00+09:00,1620.0,1660.0,1620.0,1650.0,28509,0.0,0.0
2006-04-04 00:00:00+09:00,1660.0,1690.0,1635.0,1665.0,21832,0.0,0.0
2006-04-05 00:00:00+09:00,1670.0,1910.0,1655.0,1870.0,1395963,0.0,0.0
2006-04-06 00:00:00+09:00,1820.0,1890.0,1775.0,1830.0,161083,0.0,0.0
2006-04-07 00:00:00+09:00,1810.0,1870.0,1785.0,1815.0,105468,0.0,0.0
2006-04-10 00:00:00+09:00,1820.0,1930.0,1820.0,1855.0,194986,0.0,0.0
2006-04-11 00:00:00+09:00,1875.0,1890.0,1770.0,1770.0,129516,0.0,0.0
2006-04-12 00:00:00+09:00,1750.0,1790.0,1720.0,1740.0,74158,0.0,0.0
2006-04-13 00:00:00+09:00,1760.0,2000.0,1755.0,2000.0,552712,0.0,0.0
2006-04-14 00:00:00+09:00,1970.0,2070.0,1910.0,1940.0,496257,0.0,0.0
2006-04-17 00:00:00+09:00,1940.0,2080.0,1890.0,1980.0,303249,0.0,0.0
2006-04-18 00:00:00+09:00,2000.0,2010.0,1910.0,1910.0,140671,0.0,0.0
2006-04-19 00:00:00+09:00,1915.0,1970.0,1845.0,1910.0,140021,0.0,0.0
2006-04-20 00:00:00+09:00,1890.0,1960.0,1875.0,1875.0,170616,0.0,0.0
2006-04-21 00:00:00+09:00,1870.0,1920.0,1855.0,1855.0,101167,0.0,0.0
2006-04-24 00:00:00+09:00,1835.0,1880.0,1800.0,1820.0,88944,0.0,0.0
2006-04-25 00:00:00+09:00,1800.0,1880.0,1730.0,1730.0,90163,0.0,0.0
2006-04-26 00:00:00+09:00,1735.0,1985.0,1735.0,1985.0,385818,0.0,0.0
2006-04-27 00:00:00+09:00,1990.0,2095.0,1925.0,2045.0,249818,0.0,0.0
2006-04-28 00:00:00+09:00,2000.0,2020.0,1810.0,1870.0,304216,0.0,0.0
2006-05-02 00:00:00+09:00,1860.0,1890.0,1820.0,1835.0,98871,0.0,0.0
2006-05-03 00:00:00+09:00,1870.0,1880.0,1780.0,1800.0,149453,0.0,0.0
2006-05-04 00:00:00+09:00,1760.0,1845.0,1760.0,1825.0,102072,0.0,0.0
2006-05-08 00:00:00+09:00,1890.0,1910.0,1845.0,1850.0,99333,0.0,0.0
2006-05-09 00:00:00+09:00,1835.0,1840.0,1780.0,1780.0,99241,0.0,0.0
2006-05-10 00:00:00+09:00,1760.0,1825.0,1760.0,1820.0,33095,0.0,0.0
2006-05-11 00:00:00+09:00,1800.0,1890.0,1775.0,1825.0,35858,0.0,0.0
2006-05-12 00:00:00+09:00,1825.0,1825.0,1790.0,1810.0,30278,0.0,0.0
2006-05-15 00:00:00+09:00,1810.0,1810.0,1760.0,1770.0,40308,0.0,0.0
2006-05-16 00:00:00+09:00,1780.0,1780.0,1710.0,1750.0,45042,0.0,0.0
2006-05-17 00:00:00+09:00,1730.0,1760.0,1700.0,1750.0,40621,0.0,0.0
2006-05-18 00:00:00+09:00,1700.0,1700.0,1590.0,1625.0,90168,0.0,0.0
2006-05-19 00:00:00+09:00,1615.0,1685.0,1600.0,1630.0,37556,0.0,0.0
2006-05-22 00:00:00+09:00,1630.0,1650.0,1590.0,1635.0,45731,0.0,0.0
2006-05-23 00:00:00+09:00,1620.0,1690.0,1610.0,1620.0,81609,0.0,0.0
2006-05-24 00:00:00+09:00,1660.0,1660.0,1570.0,1585.0,38772,0.0,0.0
2006-05-25 00:00:00+09:00,1570.0,1640.0,1535.0,1580.0,26185,0.0,0.0
2006-05-26 00:00:00+09:00,1550.0,1620.0,1550.0,1565.0,22241,0.0,0.0
2006-05-29 00:00:00+09:00,1560.0,1625.0,1560.0,1570.0,26873,0.0,0.0
2006-05-30 00:00:00+09:00,1575.0,1630.0,1575.0,1575.0,14084,0.0,0.0
2006-06-01 00:00:00+09:00,1625.0,1625.0,1525.0,1590.0,28055,0.0,0.0
2006-06-02 00:00:00+09:00,1565.0,1605.0,1510.0,1520.0,27784,0.0,0.0
2006-06-05 00:00:00+09:00,1505.0,1570.0,1470.0,1490.0,38967,0.0,0.0
2006-06-07 00:00:00+09:00,1470.0,1470.0,1270.0,1270.0,106235,0.0,0.0
2006-06-08 00:00:00+09:00,1245.0,1360.0,1245.0,1320.0,75486,0.0,0.0
2006-06-09 00:00:00+09:00,1300.0,1400.0,1285.0,1320.0,31852,0.0,0.0
2006-06-12 00:00:00+09:00,1280.0,1350.0,1265.0,1315.0,20029,0.0,0.0
2006-06-13 00:00:00+09:00,1255.0,1350.0,1255.0,1350.0,22549,0.0,0.0
2006-06-14 00:00:00+09:00,1350.0,1360.0,1300.0,1350.0,75992,0.0,0.0
2006-06-15 00:00:00+09:00,1400.0,1450.0,1355.0,1440.0,108497,0.0,0.0
2006-06-16 00:00:00+09:00,1410.0,1445.0,1370.0,1415.0,109050,0.0,0.0
2006-06-19 00:00:00+09:00,1400.0,1420.0,1350.0,1400.0,37639,0.0,0.0
2006-06-20 00:00:00+09:00,1335.0,1420.0,1310.0,1310.0,61015,0.0,0.0
2006-06-21 00:00:00+09:00,1315.0,1440.0,1315.0,1355.0,253600,0.0,0.0
2006-06-22 00:00:00+09:00,1405.0,1405.0,1330.0,1360.0,24365,0.0,0.0
2006-06-23 00:00:00+09:00,1390.0,1390.0,1290.0,1330.0,26802,0.0,0.0
2006-06-26 00:00:00+09:00,1305.0,1350.0,1300.0,1300.0,33959,0.0,0.0
2006-06-27 00:00:00+09:00,1320.0,1320.0,1270.0,1270.0,11794,0.0,0.0
2006-06-28 00:00:00+09:00,1250.0,1300.0,1250.0,1260.0,5988,0.0,0.0
2006-06-29 00:00:00+09:00,1295.0,1310.0,1265.0,1310.0,45402,0.0,0.0
2006-06-30 00:00:00+09:00,1305.0,1350.0,1305.0,1345.0,107056,0.0,0.0
2006-07-03 00:00:00+09:00,1320.0,1390.0,1320.0,1365.0,107854,0.0,0.0
2006-07-04 00:00:00+09:00,1365.0,1470.0,1360.0,1420.0,329850,0.0,0.0
2006-07-05 00:00:00+09:00,1390.0,1415.0,1350.0,1370.0,19747,0.0,0.0
2006-07-06 00:00:00+09:00,1365.0,1420.0,1345.0,1415.0,75687,0.0,0.0
2006-07-07 00:00:00+09:00,1440.0,1620.0,1425.0,1540.0,757255,0.0,0.0
2006-07-10 00:00:00+09:00,1700.0,1700.0,1500.0,1530.0,651861,0.0,0.0
2006-07-11 00:00:00+09:00,1530.0,1600.0,1410.0,1410.0,487625,0.0,0.0
2006-07-12 00:00:00+09:00,1415.0,1430.0,1350.0,1350.0,186281,0.0,0.0
2006-07-13 00:00:00+09:00,1345.0,1350.0,1310.0,1310.0,97661,0.0,0.0
2006-07-14 00:00:00+09:00,1280.0,1335.0,1280.0,1305.0,36130,0.0,0.0
2006-07-18 00:00:00+09:00,1290.0,1355.0,1290.0,1325.0,125239,0.0,0.0
2006-07-19 00:00:00+09:00,1355.0,1380.0,1325.0,1330.0,84242,0.0,0.0
2006-07-20 00:00:00+09:00,1360.0,1365.0,1315.0,1315.0,57470,0.0,0.0
2006-07-21 00:00:00+09:00,1315.0,1330.0,1285.0,1325.0,34466,0.0,0.0
2006-07-24 00:00:00+09:00,1320.0,1355.0,1295.0,1295.0,23189,0.0,0.0
2006-07-25 00:00:00+09:00,1310.0,1335.0,1300.0,1300.0,22881,0.0,0.0
2006-07-26 00:00:00+09:00,1310.0,1325.0,1300.0,1305.0,12235,0.0,0.0
2006-07-27 00:00:00+09:00,1300.0,1345.0,1300.0,1305.0,47323,0.0,0.0
2006-07-28 00:00:00+09:00,1310.0,1360.0,1305.0,1325.0,28730,0.0,0.0
2006-07-31 00:00:00+09:00,1320.0,1380.0,1320.0,1380.0,57413,0.0,0.0
2006-08-01 00:00:00+09:00,1380.0,1400.0,1340.0,1345.0,9675,0.0,0.0
2006-08-02 00:00:00+09:00,1380.0,1395.0,1330.0,1360.0,33642,0.0,0.0
2006-08-03 00:00:00+09:00,1400.0,1490.0,1360.0,1380.0,100007,0.0,0.0
2006-08-04 00:00:00+09:00,1440.0,1445.0,1350.0,1385.0,49165,0.0,0.0
2006-08-07 00:00:00+09:00,1350.0,1465.0,1345.0,1365.0,46226,0.0,0.0
2006-08-08 00:00:00+09:00,1365.0,1515.0,1350.0,1455.0,193003,0.0,0.0
2006-08-09 00:00:00+09:00,1440.0,1540.0,1385.0,1385.0,428652,0.0,0.0
2006-08-10 00:00:00+09:00,1375.0,1435.0,1370.0,1400.0,169917,0.0,0.0
2006-08-11 00:00:00+09:00,1410.0,1435.0,1380.0,1380.0,14764,0.0,0.0
2006-08-14 00:00:00+09:00,1370.0,1405.0,1350.0,1380.0,22526,0.0,0.0
2006-08-16 00:00:00+09:00,1365.0,1375.0,1355.0,1355.0,24423,0.0,0.0
2006-08-17 00:00:00+09:00,1350.0,1390.0,1330.0,1360.0,43376,0.0,0.0
2006-08-18 00:00:00+09:00,1355.0,1530.0,1355.0,1390.0,699134,0.0,0.0
2006-08-21 00:00:00+09:00,1430.0,1455.0,1365.0,1365.0,368976,0.0,0.0
2006-08-22 00:00:00+09:00,1365.0,1420.0,1365.0,1380.0,339437,0.0,0.0
2006-08-23 00:00:00+09:00,1375.0,1390.0,1355.0,1355.0,96726,0.0,0.0
2006-08-24 00:00:00+09:00,1355.0,1365.0,1325.0,1340.0,72489,0.0,0.0
2006-08-25 00:00:00+09:00,1330.0,1355.0,1330.0,1335.0,27142,0.0,0.0
2006-08-28 00:00:00+09:00,1360.0,1360.0,1325.0,1335.0,27303,0.0,0.0
2006-08-29 00:00:00+09:00,1355.0,1450.0,1330.0,1365.0,154349,0.0,0.0
2006-08-30 00:00:00+09:00,1390.0,1415.0,1365.0,1380.0,133510,0.0,0.0
2006-08-31 00:00:00+09:00,1400.0,1415.0,1375.0,1375.0,102155,0.0,0.0
2006-09-01 00:00:00+09:00,1400.0,1415.0,1375.0,1390.0,193965,0.0,0.0
2006-09-04 00:00:00+09:00,1390.0,1430.0,1380.0,1400.0,190309,0.0,0.0
2006-09-05 00:00:00+09:00,1400.0,1400.0,1350.0,1375.0,112820,0.0,0.0
2006-09-06 00:00:00+09:00,1375.0,1425.0,1370.0,1390.0,114522,0.0,0.0
2006-09-07 00:00:00+09:00,1390.0,1450.0,1355.0,1365.0,199825,0.0,0.0
2006-09-08 00:00:00+09:00,1455.0,1550.0,1395.0,1395.0,768042,0.0,0.0
2006-09-11 00:00:00+09:00,1410.0,1420.0,1355.0,1360.0,175383,0.0,0.0
2006-09-12 00:00:00+09:00,1380.0,1425.0,1360.0,1410.0,179121,0.0,0.0
2006-09-13 00:00:00+09:00,1425.0,1470.0,1395.0,1395.0,172185,0.0,0.0
2006-09-14 00:00:00+09:00,1395.0,1430.0,1395.0,1405.0,77177,0.0,0.0
2006-09-15 00:00:00+09:00,1420.0,1470.0,1420.0,1425.0,142183,0.0,0.0
2006-09-18 00:00:00+09:00,1430.0,1455.0,1420.0,1420.0,131683,0.0,0.0
2006-09-19 00:00:00+09:00,1420.0,1445.0,1400.0,1410.0,111539,0.0,0.0
2006-09-20 00:00:00+09:00,1415.0,1415.0,1375.0,1410.0,120081,0.0,0.0
2006-09-21 00:00:00+09:00,1410.0,1450.0,1395.0,1410.0,76501,0.0,0.0
2006-09-22 00:00:00+09:00,1410.0,1435.0,1385.0,1435.0,80834,0.0,0.0
2006-09-25 00:00:00+09:00,1440.0,1495.0,1430.0,1430.0,110340,0.0,0.0
2006-09-26 00:00:00+09:00,1450.0,1455.0,1420.0,1450.0,55588,0.0,0.0
2006-09-27 00:00:00+09:00,1450.0,1520.0,1435.0,1510.0,356756,0.0,0.0
2006-09-28 00:00:00+09:00,1530.0,1600.0,1455.0,1455.0,570359,0.0,0.0
2006-09-29 00:00:00+09:00,1455.0,1470.0,1390.0,1435.0,238041,0.0,0.0
2006-10-02 00:00:00+09:00,1445.0,1455.0,1405.0,1450.0,156408,0.0,0.0
2006-10-04 00:00:00+09:00,1425.0,1480.0,1420.0,1475.0,173151,0.0,0.0
2006-10-09 00:00:00+09:00,1450.0,1490.0,1260.0,1365.0,122190,0.0,0.0
2006-10-10 00:00:00+09:00,1320.0,1390.0,1320.0,1380.0,72162,0.0,0.0
2006-10-11 00:00:00+09:00,1355.0,1380.0,1325.0,1345.0,65696,0.0,0.0
2006-10-12 00:00:00+09:00,1345.0,1400.0,1345.0,1385.0,62553,0.0,0.0
2006-10-13 00:00:00+09:00,1390.0,1445.0,1390.0,1425.0,72653,0.0,0.0
2006-10-16 00:00:00+09:00,1435.0,1490.0,1415.0,1480.0,178520,0.0,0.0
2006-10-17 00:00:00+09:00,1480.0,1480.0,1370.0,1405.0,151107,0.0,0.0
2006-10-18 00:00:00+09:00,1400.0,1470.0,1395.0,1460.0,182526,0.0,0.0
2006-10-19 00:00:00+09:00,1460.0,1515.0,1445.0,1510.0,224121,0.0,0.0
2006-10-20 00:00:00+09:00,1520.0,1550.0,1480.0,1495.0,170842,0.0,0.0
2006-10-23 00:00:00+09:00,1500.0,1715.0,1475.0,1715.0,1447803,0.0,0.0
2006-10-24 00:00:00+09:00,1885.0,1970.0,1745.0,1970.0,1740699,0.0,0.0
2006-10-25 00:00:00+09:00,2030.0,2050.0,1725.0,1805.0,1304198,0.0,0.0
2006-10-26 00:00:00+09:00,1815.0,1900.0,1705.0,1800.0,418012,0.0,0.0
2006-10-27 00:00:00+09:00,1790.0,1830.0,1690.0,1820.0,258003,0.0,0.0
2006-10-30 00:00:00+09:00,1770.0,1900.0,1735.0,1810.0,310785,0.0,0.0
2006-10-31 00:00:00+09:00,1800.0,1860.0,1795.0,1810.0,126264,0.0,0.0
2006-11-01 00:00:00+09:00,1850.0,1960.0,1825.0,1880.0,229377,0.0,0.0
2006-11-02 00:00:00+09:00,1890.0,1920.0,1815.0,1920.0,86879,0.0,0.0
2006-11-03 00:00:00+09:00,1940.0,1940.0,1855.0,1860.0,110706,0.0,0.0
2006-11-06 00:00:00+09:00,1820.0,1850.0,1790.0,1830.0,56561,0.0,0.0
2006-11-07 00:00:00+09:00,1830.0,2100.0,1825.0,2100.0,1780462,0.0,0.0
2006-11-08 00:00:00+09:00,2415.0,2415.0,1785.0,1785.0,6379785,0.0,0.0
2006-11-09 00:00:00+09:00,1675.0,1730.0,1590.0,1620.0,2645132,0.0,0.0
2006-11-10 00:00:00+09:00,1625.0,1625.0,1525.0,1575.0,1335392,0.0,0.0
2006-11-13 00:00:00+09:00,1570.0,1600.0,1530.0,1560.0,806730,0.0,0.0
2006-11-14 00:00:00+09:00,1570.0,1640.0,1560.0,1560.0,1585130,0.0,0.0
2006-11-15 00:00:00+09:00,1575.0,1590.0,1495.0,1495.0,922784,0.0,0.0
2006-11-16 00:00:00+09:00,1510.0,1605.0,1485.0,1520.0,1519980,0.0,0.0
2006-11-17 00:00:00+09:00,1540.0,1550.0,1490.0,1495.0,429384,0.0,0.0
2006-11-20 00:00:00+09:00,1480.0,1505.0,1430.0,1430.0,536179,0.0,0.0
2006-11-21 00:00:00+09:00,1435.0,1460.0,1395.0,1410.0,501311,0.0,0.0
2006-11-22 00:00:00+09:00,1415.0,1440.0,1395.0,1420.0,422224,0.0,0.0
2006-11-23 00:00:00+09:00,1430.0,1450.0,1405.0,1405.0,467370,0.0,0.0
2006-11-24 00:00:00+09:00,1405.0,1420.0,1385.0,1395.0,335938,0.0,0.0
2006-11-27 00:00:00+09:00,1385.0,1430.0,1380.0,1410.0,374924,0.0,0.0
2006-11-28 00:00:00+09:00,1385.0,1390.0,1345.0,1375.0,294763,0.0,0.0
2006-11-29 00:00:00+09:00,1375.0,1400.0,1365.0,1380.0,256306,0.0,0.0
2006-11-30 00:00:00+09:00,1390.0,1425.0,1385.0,1390.0,180794,0.0,0.0
2006-12-01 00:00:00+09:00,1375.0,1390.0,1355.0,1355.0,236857,0.0,0.0
2006-12-04 00:00:00+09:00,1340.0,1375.0,1340.0,1360.0,115715,0.0,0.0
2006-12-05 00:00:00+09:00,1355.0,1370.0,1335.0,1340.0,112630,0.0,0.0
2006-12-06 00:00:00+09:00,1340.0,1440.0,1340.0,1410.0,607422,0.0,0.0
2006-12-07 00:00:00+09:00,1420.0,1425.0,1390.0,1410.0,193354,0.0,0.0
2006-12-08 00:00:00+09:00,1415.0,1535.0,1390.0,1480.0,491838,0.0,0.0
2006-12-11 00:00:00+09:00,1500.0,1670.0,1475.0,1640.0,1099974,0.0,0.0
2006-12-12 00:00:00+09:00,1650.0,1750.0,1500.0,1625.0,836051,0.0,0.0
2006-12-13 00:00:00+09:00,1630.0,1710.0,1580.0,1680.0,486024,0.0,0.0
2006-12-14 00:00:00+09:00,1680.0,1720.0,1600.0,1610.0,251356,0.0,0.0
2006-12-15 00:00:00+09:00,1590.0,1770.0,1590.0,1715.0,544175,0.0,0.0
2006-12-18 00:00:00+09:00,1745.0,1810.0,1715.0,1765.0,444696,0.0,0.0
2006-12-19 00:00:00+09:00,1770.0,1885.0,1710.0,1755.0,829852,0.0,0.0
2006-12-20 00:00:00+09:00,1750.0,1780.0,1700.0,1730.0,215682,0.0,0.0
2006-12-21 00:00:00+09:00,1725.0,1760.0,1685.0,1730.0,182179,0.0,0.0
2006-12-22 00:00:00+09:00,1700.0,1920.0,1700.0,1870.0,412698,0.0,0.0
2006-12-26 00:00:00+09:00,1865.0,1925.0,1815.0,1895.0,185238,0.0,0.0
2006-12-27 00:00:00+09:00,1895.0,1895.0,1820.0,1840.0,112705,0.0,0.0
2006-12-28 00:00:00+09:00,1840.0,1900.0,1780.0,1800.0,143993,0.0,0.0
2007-01-02 00:00:00+09:00,1800.0,1875.0,1785.0,1850.0,56093,0.0,0.0
2007-01-03 00:00:00+09:00,1850.0,1850.0,1720.0,1720.0,80029,0.0,0.0
2007-01-04 00:00:00+09:00,1700.0,1820.0,1700.0,1800.0,113908,0.0,0.0
2007-01-05 00:00:00+09:00,1775.0,1815.0,1700.0,1735.0,59771,0.0,0.0
2007-01-08 00:00:00+09:00,1775.0,1795.0,1760.0,1765.0,49866,0.0,0.0
2007-01-09 00:00:00+09:00,1795.0,1795.0,1740.0,1785.0,60656,0.0,0.0
2007-01-10 00:00:00+09:00,1800.0,1800.0,1725.0,1775.0,66409,0.0,0.0
2007-01-11 00:00:00+09:00,1775.0,1890.0,1765.0,1850.0,139903,0.0,0.0
2007-01-12 00:00:00+09:00,1875.0,2030.0,1860.0,1920.0,236504,0.0,0.0
2007-01-15 00:00:00+09:00,1890.0,1925.0,1820.0,1870.0,60930,0.0,0.0
2007-01-16 00:00:00+09:00,1900.0,1900.0,1820.0,1830.0,56436,0.0,0.0
2007-01-17 00:00:00+09:00,1805.0,1835.0,1745.0,1765.0,153800,0.0,0.0
2007-01-18 00:00:00+09:00,1740.0,1840.0,1740.0,1810.0,186021,0.0,0.0
2007-01-19 00:00:00+09:00,1825.0,1850.0,1760.0,1760.0,67708,0.0,0.0
2007-01-22 00:00:00+09:00,1800.0,1815.0,1755.0,1790.0,25381,0.0,0.0
2007-01-23 00:00:00+09:00,1745.0,1750.0,1690.0,1700.0,135863,0.0,0.0
2007-01-24 00:00:00+09:00,1720.0,1800.0,1690.0,1720.0,40904,0.0,0.0
2007-01-25 00:00:00+09:00,1795.0,1795.0,1690.0,1690.0,35062,0.0,0.0
2007-01-26 00:00:00+09:00,1615.0,1720.0,1615.0,1685.0,45684,0.0,0.0
2007-01-29 00:00:00+09:00,1680.0,1680.0,1645.0,1645.0,37474,0.0,0.0
2007-01-30 00:00:00+09:00,1645.0,1665.0,1580.0,1625.0,71522,0.0,0.0
2007-01-31 00:00:00+09:00,1630.0,1630.0,1590.0,1595.0,51122,0.0,0.0
2007-02-01 00:00:00+09:00,1575.0,1630.0,1575.0,1595.0,48424,0.0,0.0
2007-02-02 00:00:00+09:00,1575.0,1590.0,1575.0,1580.0,76856,0.0,0.0
2007-02-05 00:00:00+09:00,1565.0,1615.0,1560.0,1560.0,121393,0.0,0.0
2007-02-06 00:00:00+09:00,1555.0,1720.0,1525.0,1655.0,368162,0.0,0.0
2007-02-07 00:00:00+09:00,1655.0,1750.0,1655.0,1680.0,115934,0.0,0.0
2007-02-08 00:00:00+09:00,1720.0,1720.0,1635.0,1675.0,97750,0.0,0.0
2007-02-09 00:00:00+09:00,1675.0,1720.0,1675.0,1710.0,47902,0.0,0.0
2007-02-12 00:00:00+09:00,1760.0,1760.0,1710.0,1740.0,32870,0.0,0.0
2007-02-13 00:00:00+09:00,1800.0,1830.0,1720.0,1785.0,44177,0.0,0.0
2007-02-14 00:00:00+09:00,1800.0,1840.0,1780.0,1785.0,44177,0.0,0.0
2007-02-15 00:00:00+09:00,1755.0,1785.0,1720.0,1785.0,64218,0.0,0.0
2007-02-16 00:00:00+09:00,1785.0,1850.0,1730.0,1850.0,71829,0.0,0.0
2007-02-20 00:00:00+09:00,1850.0,1870.0,1805.0,1840.0,64364,0.0,0.0
2007-02-21 00:00:00+09:00,1865.0,1865.0,1805.0,1820.0,53143,0.0,0.0
2007-02-22 00:00:00+09:00,1815.0,1820.0,1765.0,1765.0,52889,0.0,0.0
2007-02-23 00:00:00+09:00,1825.0,1825.0,1765.0,1810.0,72037,0.0,0.0
2007-02-26 00:00:00+09:00,1830.0,1830.0,1730.0,1780.0,53438,0.0,0.0
2007-02-27 00:00:00+09:00,1780.0,1780.0,1700.0,1730.0,48790,0.0,0.0
2007-02-28 00:00:00+09:00,1695.0,1695.0,1620.0,1680.0,52825,0.0,0.0
2007-03-05 00:00:00+09:00,1645.0,1680.0,1630.0,1645.0,33654,0.0,0.0
2007-03-06 00:00:00+09:00,1620.0,1745.0,1620.0,1725.0,25593,0.0,0.0
2007-03-07 00:00:00+09:00,1800.0,1800.0,1720.0,1720.0,45114,0.0,0.0
2007-03-08 00:00:00+09:00,1720.0,1755.0,1710.0,1715.0,33787,0.0,0.0
2007-03-09 00:00:00+09:00,1710.0,1760.0,1710.0,1745.0,30658,0.0,0.0
2007-03-12 00:00:00+09:00,1725.0,1815.0,1725.0,1780.0,42871,0.0,0.0
2007-03-13 00:00:00+09:00,1775.0,1965.0,1750.0,1845.0,129547,0.0,0.0
2007-03-14 00:00:00+09:00,1800.0,1915.0,1745.0,1850.0,43227,0.0,0.0
2007-03-15 00:00:00+09:00,1870.0,2020.0,1850.0,1960.0,317925,0.0,0.0
2007-03-16 00:00:00+09:00,1885.0,1990.0,1880.0,1900.0,429541,0.0,0.0
2007-03-19 00:00:00+09:00,1885.0,2185.0,1800.0,2185.0,429541,0.0,0.0
2007-03-20 00:00:00+09:00,2190.0,2370.0,2120.0,2180.0,454154,0.0,0.0
2007-03-21 00:00:00+09:00,2120.0,2250.0,2045.0,2175.0,175305,0.0,0.0
2007-03-22 00:00:00+09:00,2210.0,2230.0,2020.0,2050.0,152487,0.0,0.0
2007-03-23 00:00:00+09:00,2025.0,2100.0,1940.0,1940.0,109660,0.0,0.0
2007-03-26 00:00:00+09:00,1910.0,2000.0,1880.0,1905.0,150871,0.0,0.0
2007-03-27 00:00:00+09:00,1900.0,1975.0,1825.0,1950.0,685421,0.0,0.0
2007-03-28 00:00:00+09:00,1955.0,2180.0,1925.0,2140.0,529332,0.0,0.0
2007-03-29 00:00:00+09:00,2110.0,2165.0,2020.0,2140.0,159346,0.0,0.0
2007-03-30 00:00:00+09:00,2140.0,2340.0,2070.0,2250.0,434656,0.0,0.0
2007-04-02 00:00:00+09:00,2290.0,2380.0,2250.0,2300.0,205616,0.0,0.0
2007-04-03 00:00:00+09:00,2350.0,2645.0,2345.0,2590.0,1052939,0.0,0.0
2007-04-04 00:00:00+09:00,2530.0,2710.0,2450.0,2660.0,398236,0.0,0.0
2007-04-05 00:00:00+09:00,2610.0,2820.0,2550.0,2690.0,488472,0.0,0.0
2007-04-06 00:00:00+09:00,2710.0,3085.0,2630.0,2970.0,806564,0.0,0.0
2007-04-09 00:00:00+09:00,3000.0,3415.0,2985.0,3270.0,1258140,0.0,0.0
2007-04-10 00:00:00+09:00,3390.0,3400.0,2950.0,2990.0,788430,0.0,0.0
2007-04-11 00:00:00+09:00,2660.0,2990.0,2595.0,2660.0,756789,0.0,0.0
2007-04-12 00:00:00+09:00,2660.0,3055.0,2580.0,3055.0,756789,0.0,0.0
2007-04-13 00:00:00+09:00,3055.0,3280.0,2865.0,3050.0,720264,0.0,0.0
2007-04-16 00:00:00+09:00,3040.0,3070.0,2915.0,2940.0,300323,0.0,0.0
2007-04-17 00:00:00+09:00,2850.0,2975.0,2745.0,2800.0,292794,0.0,0.0
2007-04-18 00:00:00+09:00,2800.0,2895.0,2750.0,2785.0,209946,0.0,0.0
2007-04-19 00:00:00+09:00,2760.0,2870.0,2700.0,2705.0,120347,0.0,0.0
2007-04-20 00:00:00+09:00,2705.0,2840.0,2635.0,2745.0,167447,0.0,0.0
2007-04-23 00:00:00+09:00,2840.0,2855.0,2765.0,2810.0,118533,0.0,0.0
2007-04-24 00:00:00+09:00,2785.0,2825.0,2685.0,2810.0,166544,0.0,0.0
2007-04-25 00:00:00+09:00,2800.0,3065.0,2765.0,2975.0,192750,0.0,0.0
2007-04-26 00:00:00+09:00,3020.0,3040.0,2810.0,2825.0,158622,0.0,0.0
2007-04-27 00:00:00+09:00,2800.0,2865.0,2650.0,2710.0,140602,0.0,0.0
2007-04-30 00:00:00+09:00,2655.0,2695.0,2500.0,2580.0,132141,0.0,0.0
2007-05-02 00:00:00+09:00,2560.0,2640.0,2550.0,2585.0,65771,0.0,0.0
2007-05-03 00:00:00+09:00,2590.0,2640.0,2590.0,2620.0,47907,0.0,0.0
2007-05-04 00:00:00+09:00,2580.0,3000.0,2550.0,2815.0,175141,0.0,0.0
2007-05-07 00:00:00+09:00,2915.0,2915.0,2750.0,2800.0,59712,0.0,0.0
2007-05-08 00:00:00+09:00,2745.0,2815.0,2720.0,2720.0,41253,0.0,0.0
2007-05-09 00:00:00+09:00,2735.0,2800.0,2730.0,2730.0,19102,0.0,0.0
2007-05-10 00:00:00+09:00,2715.0,2805.0,2715.0,2760.0,38915,0.0,0.0
2007-05-11 00:00:00+09:00,2720.0,2800.0,2640.0,2800.0,104025,0.0,0.0
2007-05-14 00:00:00+09:00,2830.0,2865.0,2760.0,2840.0,70764,0.0,0.0
2007-05-15 00:00:00+09:00,2890.0,2890.0,2770.0,2780.0,23562,0.0,0.0
2007-05-16 00:00:00+09:00,2695.0,2840.0,2650.0,2780.0,51579,0.0,0.0
2007-05-17 00:00:00+09:00,2785.0,2885.0,2785.0,2880.0,75312,0.0,0.0
2007-05-18 00:00:00+09:00,2810.0,2955.0,2710.0,2870.0,60641,0.0,0.0
2007-05-21 00:00:00+09:00,2895.0,2925.0,2760.0,2825.0,30901,0.0,0.0
2007-05-22 00:00:00+09:00,2795.0,2870.0,2670.0,2670.0,44031,0.0,0.0
2007-05-23 00:00:00+09:00,2690.0,2760.0,2650.0,2735.0,56544,0.0,0.0
2007-05-25 00:00:00+09:00,2770.0,2840.0,2670.0,2790.0,29479,0.0,0.0
2007-05-28 00:00:00+09:00,2750.0,2830.0,2745.0,2820.0,42425,0.0,0.0
2007-05-29 00:00:00+09:00,2890.0,2950.0,2800.0,2880.0,41063,0.0,0.0
2007-05-30 00:00:00+09:00,2900.0,3280.0,2780.0,3185.0,260831,0.0,0.0
2007-05-31 00:00:00+09:00,3205.0,3305.0,3040.0,3070.0,122577,0.0,0.0
2007-06-01 00:00:00+09:00,3195.0,3425.0,3115.0,3350.0,209827,0.0,0.0
2007-06-04 00:00:00+09:00,3410.0,3730.0,3375.0,3420.0,232039,0.0,0.0
2007-06-05 00:00:00+09:00,3400.0,3495.0,3165.0,3165.0,155589,0.0,0.0
2007-06-07 00:00:00+09:00,3430.0,3360.0,3105.0,3255.0,45803,0.0,0.0
2007-06-08 00:00:00+09:00,3430.0,3430.0,3170.0,3260.0,45803,0.0,0.0
2007-06-11 00:00:00+09:00,3205.0,3290.0,3050.0,3150.0,72618,0.0,0.0
2007-06-12 00:00:00+09:00,3150.0,3290.0,3025.0,3070.0,39682,0.0,0.0
2007-06-13 00:00:00+09:00,3110.0,3150.0,2970.0,3130.0,57263,0.0,0.0
2007-06-14 00:00:00+09:00,3290.0,3290.0,2980.0,3040.0,92054,0.0,0.0
2007-06-15 00:00:00+09:00,3010.0,3100.0,2960.0,3000.0,59660,0.0,0.0
2007-06-18 00:00:00+09:00,3000.0,3000.0,2920.0,2940.0,111168,0.0,0.0
2007-06-19 00:00:00+09:00,2945.0,3150.0,2945.0,3075.0,59979,0.0,0.0
2007-06-20 00:00:00+09:00,3055.0,3150.0,2950.0,2980.0,106506,0.0,0.0
2007-06-21 00:00:00+09:00,2895.0,3070.0,2895.0,2955.0,85543,0.0,0.0
2007-06-22 00:00:00+09:00,2920.0,2990.0,2900.0,2965.0,48895,0.0,0.0
2007-06-25 00:00:00+09:00,2965.0,3050.0,2965.0,2985.0,52804,0.0,0.0
2007-06-26 00:00:00+09:00,2975.0,3000.0,2710.0,2950.0,163353,0.0,0.0
2007-06-27 00:00:00+09:00,2830.0,2940.0,2800.0,2855.0,53023,0.0,0.0
2007-06-28 00:00:00+09:00,2805.0,2900.0,2805.0,2855.0,27019,0.0,0.0
2007-06-29 00:00:00+09:00,2890.0,2890.0,2810.0,2825.0,18336,0.0,0.0
2007-07-02 00:00:00+09:00,2805.0,2805.0,2700.0,2740.0,69201,0.0,0.0
2007-07-03 00:00:00+09:00,2775.0,2815.0,2720.0,2815.0,25432,0.0,0.0
2007-07-04 00:00:00+09:00,2815.0,2850.0,2750.0,2830.0,55449,0.0,0.0
2007-07-05 00:00:00+09:00,2805.0,2885.0,2785.0,2885.0,52206,0.0,0.0
2007-07-06 00:00:00+09:00,2890.0,2900.0,2805.0,2900.0,65272,0.0,0.0
2007-07-09 00:00:00+09:00,2870.0,3020.0,2870.0,2965.0,32701,0.0,0.0
2007-07-10 00:00:00+09:00,2875.0,2960.0,2815.0,2815.0,47817,0.0,0.0
2007-07-11 00:00:00+09:00,2795.0,2860.0,2725.0,2730.0,50709,0.0,0.0
2007-07-12 00:00:00+09:00,2730.0,2750.0,2570.0,2685.0,156303,0.0,0.0
2007-07-13 00:00:00+09:00,2685.0,2750.0,2610.0,2640.0,47511,0.0,0.0
2007-07-16 00:00:00+09:00,2605.0,2675.0,2555.0,2675.0,72048,0.0,0.0
2007-07-18 00:00:00+09:00,2610.0,2710.0,2565.0,2600.0,29540,0.0,0.0
2007-07-19 00:00:00+09:00,2570.0,2670.0,2570.0,2650.0,21062,0.0,0.0
2007-07-20 00:00:00+09:00,2700.0,2730.0,2630.0,2700.0,22126,0.0,0.0
2007-07-23 00:00:00+09:00,2740.0,2740.0,2635.0,2700.0,27290,0.0,0.0
2007-07-24 00:00:00+09:00,2670.0,2745.0,2600.0,2700.0,47274,0.0,0.0
2007-07-25 00:00:00+09:00,2580.0,2700.0,2580.0,2645.0,37834,0.0,0.0
2007-07-26 00:00:00+09:00,2695.0,2750.0,2625.0,2700.0,41386,0.0,0.0
2007-07-27 00:00:00+09:00,2750.0,2750.0,2645.0,2660.0,48703,0.0,0.0
2007-07-30 00:00:00+09:00,2700.0,2700.0,2595.0,2605.0,23888,0.0,0.0
2007-07-31 00:00:00+09:00,2630.0,2670.0,2580.0,2630.0,32888,0.0,0.0
2007-08-01 00:00:00+09:00,2580.0,2640.0,2550.0,2615.0,22417,0.0,0.0
2007-08-02 00:00:00+09:00,2680.0,2740.0,2600.0,2720.0,37743,0.0,0.0
2007-08-03 00:00:00+09:00,2735.0,2830.0,2735.0,2830.0,34341,0.0,0.0
2007-08-06 00:00:00+09:00,2830.0,2860.0,2700.0,2790.0,39351,0.0,0.0
2007-08-07 00:00:00+09:00,2830.0,2830.0,2740.0,2790.0,39351,0.0,0.0
2007-08-08 00:00:00+09:00,2790.0,2940.0,2775.0,2840.0,77442,0.0,0.0
2007-08-09 00:00:00+09:00,2890.0,2890.0,2810.0,2860.0,52961,0.0,0.0
2007-08-10 00:00:00+09:00,2845.0,2890.0,2615.0,2865.0,48431,0.0,0.0
2007-08-13 00:00:00+09:00,2765.0,2920.0,2765.0,2865.0,45636,0.0,0.0
2007-08-14 00:00:00+09:00,2895.0,2995.0,2710.0,2830.0,61693,0.0,0.0
2007-08-16 00:00:00+09:00,2705.0,2830.0,2600.0,2600.0,51827,0.0,0.0
2007-08-17 00:00:00+09:00,2610.0,2650.0,2450.0,2600.0,29587,0.0,0.0
2007-08-20 00:00:00+09:00,2685.0,2970.0,2605.0,2910.0,107352,0.0,0.0
2007-08-21 00:00:00+09:00,2930.0,2990.0,2835.0,2900.0,33308,0.0,0.0
2007-08-22 00:00:00+09:00,2990.0,2990.0,2865.0,2890.0,13770,0.0,0.0
2007-08-23 00:00:00+09:00,2755.0,3000.0,2755.0,2965.0,40045,0.0,0.0
2007-08-24 00:00:00+09:00,2965.0,2970.0,2840.0,2870.0,43823,0.0,0.0
2007-08-27 00:00:00+09:00,2870.0,3285.0,2805.0,3185.0,306972,0.0,0.0
2007-08-28 00:00:00+09:00,3000.0,3530.0,3005.0,3105.0,320377,0.0,0.0
2007-08-29 00:00:00+09:00,3000.0,3570.0,2780.0,3570.0,320377,0.0,0.0
2007-08-30 00:00:00+09:00,3640.0,3930.0,3410.0,3585.0,539833,0.0,0.0
2007-08-31 00:00:00+09:00,3550.0,3605.0,3430.0,3430.0,146828,0.0,0.0
2007-09-03 00:00:00+09:00,3490.0,3490.0,3220.0,3280.0,79513,0.0,0.0
2007-09-04 00:00:00+09:00,3350.0,3400.0,3195.0,3340.0,169820,0.0,0.0
2007-09-05 00:00:00+09:00,3440.0,3740.0,3370.0,3450.0,225329,0.0,0.0
2007-09-06 00:00:00+09:00,3390.0,3435.0,3270.0,3315.0,38394,0.0,0.0
2007-09-07 00:00:00+09:00,3250.0,3330.0,3080.0,3315.0,134079,0.0,0.0
2007-09-10 00:00:00+09:00,3200.0,3350.0,3080.0,3130.0,46764,0.0,0.0
2007-09-11 00:00:00+09:00,3130.0,3215.0,2970.0,3015.0,76081,0.0,0.0
2007-09-12 00:00:00+09:00,3050.0,3120.0,2975.0,2980.0,30638,0.0,0.0
2007-09-13 00:00:00+09:00,3000.0,3080.0,2920.0,3080.0,85665,0.0,0.0
2007-09-14 00:00:00+09:00,3100.0,3140.0,3030.0,3040.0,32948,0.0,0.0
2007-09-17 00:00:00+09:00,3075.0,3075.0,2900.0,2925.0,43067,0.0,0.0
2007-09-18 00:00:00+09:00,2995.0,2995.0,2760.0,2760.0,69392,0.0,0.0
2007-09-19 00:00:00+09:00,2870.0,2870.0,2750.0,2775.0,46000,0.0,0.0
2007-09-20 00:00:00+09:00,2800.0,2850.0,2700.0,2850.0,44930,0.0,0.0
2007-09-21 00:00:00+09:00,3040.0,3040.0,2800.0,2890.0,21964,0.0,0.0
2007-09-27 00:00:00+09:00,3150.0,3150.0,2850.0,3000.0,17664,0.0,0.0
2007-09-28 00:00:00+09:00,3000.0,3100.0,2850.0,3040.0,31323,0.0,0.0
2007-10-01 00:00:00+09:00,3150.0,3150.0,2950.0,3050.0,25991,0.0,0.0
2007-10-02 00:00:00+09:00,2975.0,3035.0,2920.0,3000.0,45062,0.0,0.0
2007-10-04 00:00:00+09:00,3000.0,3030.0,2905.0,2910.0,65419,0.0,0.0
2007-10-05 00:00:00+09:00,3000.0,3000.0,2830.0,2900.0,32822,0.0,0.0
2007-10-08 00:00:00+09:00,2900.0,2900.0,2830.0,2895.0,20230,0.0,0.0
2007-10-09 00:00:00+09:00,2970.0,2970.0,2800.0,2890.0,12242,0.0,0.0
2007-10-10 00:00:00+09:00,2980.0,2980.0,2840.0,2900.0,14002,0.0,0.0
2007-10-11 00:00:00+09:00,2950.0,2950.0,2825.0,2940.0,30147,0.0,0.0
2007-10-12 00:00:00+09:00,2950.0,2950.0,2815.0,2905.0,12303,0.0,0.0
2007-10-15 00:00:00+09:00,2820.0,2905.0,2820.0,2900.0,22670,0.0,0.0
2007-10-16 00:00:00+09:00,2850.0,2900.0,2800.0,2890.0,18951,0.0,0.0
2007-10-17 00:00:00+09:00,2905.0,2905.0,2740.0,2800.0,12698,0.0,0.0
2007-10-18 00:00:00+09:00,2735.0,2910.0,2680.0,2705.0,34185,0.0,0.0
2007-10-19 00:00:00+09:00,2780.0,2840.0,2720.0,2840.0,11071,0.0,0.0
2007-10-22 00:00:00+09:00,2750.0,2870.0,2680.0,2840.0,10007,0.0,0.0
2007-10-23 00:00:00+09:00,2895.0,2895.0,2805.0,2805.0,13671,0.0,0.0
2007-10-24 00:00:00+09:00,2830.0,2840.0,2770.0,2800.0,13659,0.0,0.0
2007-10-25 00:00:00+09:00,2800.0,2810.0,2720.0,2740.0,21125,0.0,0.0
2007-10-26 00:00:00+09:00,2980.0,2980.0,2710.0,2810.0,15368,0.0,0.0
2007-10-29 00:00:00+09:00,2740.0,2810.0,2695.0,2720.0,7385,0.0,0.0
2007-10-30 00:00:00+09:00,2745.0,2750.0,2630.0,2745.0,17585,0.0,0.0
2007-10-31 00:00:00+09:00,2745.0,2745.0,2650.0,2730.0,17585,0.0,0.0
2007-11-01 00:00:00+09:00,2700.0,2780.0,2650.0,2700.0,13420,0.0,0.0
2007-11-02 00:00:00+09:00,2770.0,2770.0,2670.0,2770.0,31381,0.0,0.0
2007-11-05 00:00:00+09:00,2770.0,2770.0,2670.0,2720.0,7880,0.0,0.0
2007-11-06 00:00:00+09:00,2750.0,2800.0,2415.0,2685.0,42156,0.0,0.0
2007-11-07 00:00:00+09:00,2715.0,2770.0,2690.0,2700.0,22257,0.0,0.0
2007-11-08 00:00:00+09:00,2705.0,2735.0,2690.0,2705.0,16360,0.0,0.0
2007-11-09 00:00:00+09:00,2750.0,2750.0,2655.0,2710.0,28232,0.0,0.0
2007-11-12 00:00:00+09:00,2550.0,2800.0,2505.0,2650.0,11386,0.0,0.0
2007-11-13 00:00:00+09:00,2850.0,2850.0,2595.0,2735.0,8155,0.0,0.0
2007-11-14 00:00:00+09:00,2805.0,2805.0,2700.0,2730.0,21431,0.0,0.0
2007-11-15 00:00:00+09:00,2810.0,2810.0,2700.0,2725.0,11951,0.0,0.0
2007-11-16 00:00:00+09:00,2535.0,2835.0,2535.0,2710.0,21778,0.0,0.0
2007-11-19 00:00:00+09:00,2620.0,2810.0,2620.0,2710.0,17946,0.0,0.0
2007-11-20 00:00:00+09:00,2705.0,2705.0,2375.0,2705.0,12216,0.0,0.0
2007-11-21 00:00:00+09:00,2780.0,2780.0,2690.0,2700.0,24842,0.0,0.0
2007-11-22 00:00:00+09:00,2750.0,2750.0,2610.0,2610.0,23007,0.0,0.0
2007-11-23 00:00:00+09:00,2610.0,2695.0,2450.0,2580.0,19336,0.0,0.0
2007-11-26 00:00:00+09:00,2420.0,2740.0,2420.0,2620.0,25486,0.0,0.0
2007-11-27 00:00:00+09:00,2600.0,2670.0,2520.0,2625.0,15969,0.0,0.0
2007-11-28 00:00:00+09:00,2690.0,2690.0,2585.0,2655.0,7622,0.0,0.0
2007-11-29 00:00:00+09:00,2720.0,2720.0,2605.0,2660.0,11368,0.0,0.0
2007-11-30 00:00:00+09:00,2690.0,2720.0,2595.0,2700.0,6865,0.0,0.0
2007-12-03 00:00:00+09:00,2700.0,2700.0,2650.0,2700.0,10741,0.0,0.0
2007-12-04 00:00:00+09:00,2800.0,3105.0,2695.0,2980.0,629583,0.0,0.0
2007-12-05 00:00:00+09:00,3805.0,3170.0,2815.0,2900.0,441866,0.0,0.0
2007-12-06 00:00:00+09:00,3200.0,3335.0,3150.0,3335.0,1548697,0.0,0.0
2007-12-07 00:00:00+09:00,3805.0,3835.0,3510.0,3835.0,441866,0.0,0.0
2007-12-10 00:00:00+09:00,3690.0,4410.0,3400.0,3700.0,732059,0.0,0.0
2007-12-11 00:00:00+09:00,3690.0,3690.0,3145.0,3145.0,732059,0.0,0.0
2007-12-12 00:00:00+09:00,3030.0,3270.0,2815.0,2995.0,1616850,0.0,0.0
2007-12-13 00:00:00+09:00,3110.0,3270.0,2930.0,2980.0,730027,0.0,0.0
2007-12-14 00:00:00+09:00,2980.0,3010.0,2865.0,2950.0,459266,0.0,0.0
2007-12-17 00:00:00+09:00,2925.0,2955.0,2740.0,2880.0,1019082,0.0,0.0
2007-12-18 00:00:00+09:00,2925.0,3310.0,2925.0,3310.0,1019082,0.0,0.0
2007-12-20 00:00:00+09:00,3400.0,3400.0,2815.0,2985.0,780950,0.0,0.0
2007-12-21 00:00:00+09:00,2865.0,3155.0,2795.0,2935.0,323757,0.0,0.0
2007-12-24 00:00:00+09:00,2945.0,3060.0,2600.0,2720.0,417221,0.0,0.0
2007-12-26 00:00:00+09:00,2715.0,2755.0,2535.0,2600.0,412489,0.0,0.0
2007-12-27 00:00:00+09:00,2600.0,2665.0,2540.0,2595.0,222777,0.0,0.0
2007-12-28 00:00:00+09:00,2550.0,2600.0,2225.0,2495.0,378884,0.0,0.0
2008-01-02 00:00:00+09:00,2495.0,2730.0,2495.0,2570.0,384178,0.0,0.0
2008-01-03 00:00:00+09:00,2505.0,2570.0,2375.0,2380.0,304819,0.0,0.0
2008-01-04 00:00:00+09:00,2355.0,2425.0,2260.0,2330.0,173339,0.0,0.0
2008-01-07 00:00:00+09:00,2265.0,2320.0,2225.0,2260.0,147949,0.0,0.0
2008-01-08 00:00:00+09:00,2275.0,2305.0,2230.0,2230.0,106033,0.0,0.0
2008-01-09 00:00:00+09:00,2230.0,2250.0,2130.0,2170.0,96171,0.0,0.0
2008-01-10 00:00:00+09:00,2200.0,2420.0,2180.0,2280.0,125663,0.0,0.0
2008-01-11 00:00:00+09:00,2210.0,2400.0,2205.0,2350.0,105326,0.0,0.0
2008-01-14 00:00:00+09:00,2355.0,2480.0,2290.0,2290.0,92728,0.0,0.0
2008-01-15 00:00:00+09:00,2225.0,2340.0,2205.0,2275.0,62327,0.0,0.0
2008-01-16 00:00:00+09:00,2080.0,2270.0,2080.0,2105.0,44599,0.0,0.0
2008-01-17 00:00:00+09:00,2080.0,2170.0,2050.0,2110.0,44599,0.0,0.0
2008-01-18 00:00:00+09:00,2050.0,2195.0,2050.0,2195.0,64625,0.0,0.0
2008-01-21 00:00:00+09:00,2160.0,2240.0,2015.0,2035.0,50075,0.0,0.0
2008-01-22 00:00:00+09:00,2130.0,2050.0,1755.0,1755.0,146342,0.0,0.0
2008-01-23 00:00:00+09:00,1740.0,2015.0,1740.0,2015.0,69841,0.0,0.0
2008-01-24 00:00:00+09:00,2130.0,2315.0,2130.0,2315.0,146342,0.0,0.0
2008-01-25 00:00:00+09:00,2600.0,2600.0,2265.0,2400.0,245607,0.0,0.0
2008-01-28 00:00:00+09:00,2300.0,2500.0,2265.0,2265.0,92740,0.0,0.0
2008-01-29 00:00:00+09:00,2275.0,2390.0,2110.0,2155.0,40369,0.0,0.0
2008-01-30 00:00:00+09:00,2120.0,2265.0,2000.0,2030.0,38394,0.0,0.0
2008-01-31 00:00:00+09:00,1980.0,2140.0,1940.0,2030.0,33290,0.0,0.0
2008-02-01 00:00:00+09:00,2020.0,2120.0,1905.0,2050.0,70467,0.0,0.0
2008-02-04 00:00:00+09:00,2020.0,2150.0,2020.0,2115.0,45587,0.0,0.0
2008-02-05 00:00:00+09:00,2120.0,2185.0,2080.0,2180.0,46626,0.0,0.0
2008-02-11 00:00:00+09:00,2170.0,2250.0,2085.0,2240.0,23591,0.0,0.0
2008-02-12 00:00:00+09:00,2230.0,2570.0,2225.0,2450.0,155444,0.0,0.0
2008-02-13 00:00:00+09:00,2450.0,2545.0,2340.0,2400.0,51018,0.0,0.0
2008-02-14 00:00:00+09:00,2430.0,2485.0,2350.0,2485.0,38276,0.0,0.0
2008-02-15 00:00:00+09:00,2510.0,2660.0,2315.0,2445.0,65363,0.0,0.0
2008-02-18 00:00:00+09:00,2450.0,2500.0,2405.0,2415.0,61550,0.0,0.0
2008-02-19 00:00:00+09:00,2480.0,2480.0,2400.0,2430.0,22366,0.0,0.0
2008-02-20 00:00:00+09:00,2500.0,2500.0,2370.0,2400.0,13853,0.0,0.0
2008-02-21 00:00:00+09:00,2370.0,2480.0,2370.0,2370.0,12395,0.0,0.0
2008-02-22 00:00:00+09:00,2400.0,2400.0,2220.0,2300.0,29371,0.0,0.0
2008-02-25 00:00:00+09:00,2270.0,2340.0,2230.0,2270.0,16959,0.0,0.0
2008-02-26 00:00:00+09:00,2230.0,2280.0,2105.0,2220.0,60737,0.0,0.0
2008-02-27 00:00:00+09:00,2380.0,2380.0,2190.0,2275.0,21275,0.0,0.0
2008-02-28 00:00:00+09:00,2410.0,2410.0,2275.0,2370.0,41881,0.0,0.0
2008-02-29 00:00:00+09:00,2365.0,2500.0,2345.0,2440.0,53297,0.0,0.0
2008-03-03 00:00:00+09:00,2430.0,2430.0,2265.0,2380.0,27214,0.0,0.0
2008-03-04 00:00:00+09:00,2440.0,2440.0,2365.0,2390.0,35963,0.0,0.0
2008-03-05 00:00:00+09:00,2390.0,2390.0,2310.0,2330.0,10205,0.0,0.0
2008-03-06 00:00:00+09:00,2410.0,2410.0,2260.0,2310.0,57957,0.0,0.0
2008-03-07 00:00:00+09:00,2345.0,2345.0,2270.0,2300.0,12977,0.0,0.0
2008-03-10 00:00:00+09:00,2330.0,2330.0,2230.0,2280.0,19128,0.0,0.0
2008-03-11 00:00:00+09:00,2170.0,2295.0,2170.0,2285.0,16639,0.0,0.0
2008-03-12 00:00:00+09:00,2290.0,2335.0,2285.0,2320.0,16968,0.0,0.0
2008-03-13 00:00:00+09:00,2440.0,2400.0,2240.0,2350.0,856343,0.0,0.0
2008-03-14 00:00:00+09:00,2440.0,2700.0,2440.0,2700.0,856343,0.0,0.0
2008-03-17 00:00:00+09:00,2680.0,2825.0,2575.0,2800.0,840998,0.0,0.0
2008-03-18 00:00:00+09:00,2875.0,3220.0,2630.0,2655.0,2452005,0.0,0.0
2008-03-19 00:00:00+09:00,2690.0,2750.0,2500.0,2535.0,729371,0.0,0.0
2008-03-20 00:00:00+09:00,2580.0,2800.0,2500.0,2780.0,549540,0.0,0.0
2008-03-21 00:00:00+09:00,3040.0,3150.0,2760.0,3040.0,1563188,0.0,0.0
2008-03-24 00:00:00+09:00,3040.0,3495.0,3040.0,3495.0,1563188,0.0,0.0
2008-03-25 00:00:00+09:00,3420.0,3815.0,3200.0,3400.0,2993676,0.0,0.0
2008-03-26 00:00:00+09:00,3420.0,3710.0,2890.0,2890.0,2993676,0.0,0.0
2008-03-27 00:00:00+09:00,2850.0,2980.0,2765.0,2955.0,1412315,0.0,0.0
2008-03-28 00:00:00+09:00,2950.0,2955.0,2760.0,2760.0,621714,0.0,0.0
2008-03-31 00:00:00+09:00,2740.0,2825.0,2690.0,2800.0,457829,0.0,0.0
2008-04-01 00:00:00+09:00,2820.0,2980.0,2765.0,2780.0,720801,0.0,0.0
2008-04-02 00:00:00+09:00,2825.0,2830.0,2670.0,2670.0,332238,0.0,0.0
2008-04-03 00:00:00+09:00,2615.0,2700.0,2570.0,2630.0,335704,0.0,0.0
2008-04-04 00:00:00+09:00,2470.0,2635.0,2420.0,2430.0,633565,0.0,0.0
2008-04-07 00:00:00+09:00,2470.0,2790.0,2470.0,2790.0,633565,0.0,0.0
2008-04-08 00:00:00+09:00,2810.0,2970.0,2640.0,2840.0,785424,0.0,0.0
2008-04-10 00:00:00+09:00,2840.0,2895.0,2530.0,2530.0,346808,0.0,0.0
2008-04-11 00:00:00+09:00,2560.0,2695.0,2545.0,2600.0,204231,0.0,0.0
2008-04-14 00:00:00+09:00,2560.0,2605.0,2485.0,2485.0,108868,0.0,0.0
2008-04-15 00:00:00+09:00,2365.0,2535.0,2365.0,2500.0,139616,0.0,0.0
2008-04-16 00:00:00+09:00,2405.0,2555.0,2405.0,2545.0,68180,0.0,0.0
2008-04-17 00:00:00+09:00,2540.0,2570.0,2490.0,2535.0,44121,0.0,0.0
2008-04-18 00:00:00+09:00,2490.0,2550.0,2460.0,2530.0,73122,0.0,0.0
2008-04-21 00:00:00+09:00,2580.0,2580.0,2440.0,2440.0,60471,0.0,0.0
2008-04-22 00:00:00+09:00,2400.0,2485.0,2395.0,2450.0,78087,0.0,0.0
2008-04-23 00:00:00+09:00,2550.0,2550.0,2300.0,2325.0,84040,0.0,0.0
2008-04-24 00:00:00+09:00,2395.0,2440.0,2280.0,2390.0,80919,0.0,0.0
2008-04-25 00:00:00+09:00,2390.0,2460.0,2350.0,2450.0,69839,0.0,0.0
2008-04-28 00:00:00+09:00,2410.0,2500.0,2360.0,2415.0,82376,0.0,0.0
2008-04-29 00:00:00+09:00,2400.0,2450.0,2370.0,2400.0,91392,0.0,0.0
2008-04-30 00:00:00+09:00,2355.0,2410.0,2350.0,2360.0,85868,0.0,0.0
2008-05-02 00:00:00+09:00,2360.0,2425.0,2340.0,2380.0,29734,0.0,0.0
2008-05-06 00:00:00+09:00,2350.0,2400.0,2240.0,2250.0,83888,0.0,0.0
2008-05-07 00:00:00+09:00,2260.0,2585.0,2260.0,2585.0,324969,0.0,0.0
2008-05-08 00:00:00+09:00,2580.0,2685.0,2470.0,2470.0,217280,0.0,0.0
2008-05-09 00:00:00+09:00,2475.0,2505.0,2400.0,2500.0,77779,0.0,0.0
2008-05-13 00:00:00+09:00,2480.0,2605.0,2455.0,2555.0,47316,0.0,0.0
2008-05-14 00:00:00+09:00,2600.0,2640.0,2470.0,2470.0,70324,0.0,0.0
2008-05-15 00:00:00+09:00,2455.0,2500.0,2420.0,2465.0,37093,0.0,0.0
2008-05-16 00:00:00+09:00,2480.0,2480.0,2370.0,2410.0,61676,0.0,0.0
2008-05-19 00:00:00+09:00,2410.0,2490.0,2370.0,2490.0,29068,0.0,0.0
2008-05-20 00:00:00+09:00,2490.0,2545.0,2440.0,2495.0,23074,0.0,0.0
2008-05-21 00:00:00+09:00,2495.0,2495.0,2400.0,2430.0,23294,0.0,0.0
2008-05-22 00:00:00+09:00,2350.0,2450.0,2350.0,2400.0,25792,0.0,0.0
2008-05-23 00:00:00+09:00,2370.0,2490.0,2300.0,2360.0,50016,0.0,0.0
2008-05-26 00:00:00+09:00,2430.0,2500.0,2320.0,2400.0,53760,0.0,0.0
2008-05-27 00:00:00+09:00,2445.0,2600.0,2370.0,2450.0,99300,0.0,0.0
2008-05-28 00:00:00+09:00,2405.0,2520.0,2405.0,2420.0,32847,0.0,0.0
2008-05-29 00:00:00+09:00,2410.0,2485.0,2405.0,2410.0,21346,0.0,0.0
2008-05-30 00:00:00+09:00,2415.0,2440.0,2300.0,2370.0,74115,0.0,0.0
2008-06-02 00:00:00+09:00,2370.0,2400.0,2325.0,2380.0,16043,0.0,0.0
2008-06-03 00:00:00+09:00,2380.0,2470.0,2310.0,2380.0,29617,0.0,0.0
2008-06-04 00:00:00+09:00,2330.0,2470.0,2330.0,2440.0,19301,0.0,0.0
2008-06-05 00:00:00+09:00,2500.0,2500.0,2425.0,2455.0,34453,0.0,0.0
2008-06-09 00:00:00+09:00,2450.0,2450.0,2310.0,2410.0,15010,0.0,0.0
2008-06-10 00:00:00+09:00,2445.0,2445.0,2370.0,2400.0,26876,0.0,0.0
2008-06-11 00:00:00+09:00,2365.0,2440.0,2335.0,2430.0,33855,0.0,0.0
2008-06-12 00:00:00+09:00,2435.0,2610.0,2435.0,2540.0,129538,0.0,0.0
2008-06-13 00:00:00+09:00,2550.0,2615.0,2480.0,2560.0,95549,0.0,0.0
2008-06-16 00:00:00+09:00,2550.0,2610.0,2495.0,2540.0,35777,0.0,0.0
2008-06-17 00:00:00+09:00,2530.0,2590.0,2500.0,2570.0,28385,0.0,0.0
2008-06-18 00:00:00+09:00,2570.0,2590.0,2515.0,2575.0,13727,0.0,0.0
2008-06-19 00:00:00+09:00,2530.0,2600.0,2400.0,2445.0,90339,0.0,0.0
2008-06-20 00:00:00+09:00,2450.0,2460.0,2380.0,2395.0,19010,0.0,0.0
2008-06-23 00:00:00+09:00,2350.0,2450.0,2300.0,2350.0,49891,0.0,0.0
2008-06-24 00:00:00+09:00,2275.0,2350.0,2200.0,2320.0,37513,0.0,0.0
2008-06-25 00:00:00+09:00,2400.0,2400.0,2270.0,2285.0,14053,0.0,0.0
2008-06-26 00:00:00+09:00,2330.0,2330.0,2275.0,2300.0,16215,0.0,0.0
2008-06-27 00:00:00+09:00,2300.0,2300.0,2220.0,2290.0,23303,0.0,0.0
2008-06-30 00:00:00+09:00,2260.0,2320.0,2200.0,2320.0,18794,0.0,0.0
2008-07-01 00:00:00+09:00,2350.0,2350.0,2270.0,2300.0,8349,0.0,0.0
2008-07-02 00:00:00+09:00,2380.0,2380.0,2225.0,2230.0,15871,0.0,0.0
2008-07-03 00:00:00+09:00,2255.0,2255.0,1930.0,2180.0,31751,0.0,0.0
2008-07-04 00:00:00+09:00,2195.0,2195.0,2065.0,2160.0,8927,0.0,0.0
2008-07-07 00:00:00+09:00,2160.0,2190.0,2100.0,2140.0,12621,0.0,0.0
2008-07-08 00:00:00+09:00,2170.0,2170.0,1865.0,1985.0,43516,0.0,0.0
2008-07-09 00:00:00+09:00,2005.0,2130.0,2005.0,2050.0,21921,0.0,0.0
2008-07-10 00:00:00+09:00,2050.0,2200.0,2000.0,2200.0,20960,0.0,0.0
2008-07-11 00:00:00+09:00,2250.0,2250.0,2080.0,2215.0,12069,0.0,0.0
2008-07-14 00:00:00+09:00,2120.0,2280.0,2120.0,2200.0,6662,0.0,0.0
2008-07-15 00:00:00+09:00,2200.0,2200.0,2060.0,2145.0,10184,0.0,0.0
2008-07-16 00:00:00+09:00,2110.0,2160.0,2030.0,2105.0,17009,0.0,0.0
2008-07-17 00:00:00+09:00,2120.0,2155.0,2085.0,2115.0,17977,0.0,0.0
2008-07-18 00:00:00+09:00,2200.0,2200.0,2050.0,2120.0,39425,0.0,0.0
2008-07-21 00:00:00+09:00,2200.0,2235.0,2075.0,2200.0,37692,0.0,0.0
2008-07-22 00:00:00+09:00,2195.0,2195.0,2130.0,2140.0,10214,0.0,0.0
2008-07-23 00:00:00+09:00,2130.0,2200.0,2100.0,2100.0,16444,0.0,0.0
2008-07-24 00:00:00+09:00,2165.0,2165.0,2060.0,2140.0,18404,0.0,0.0
2008-07-25 00:00:00+09:00,2200.0,2200.0,2070.0,2150.0,30026,0.0,0.0
2008-07-28 00:00:00+09:00,2160.0,2160.0,2090.0,2095.0,18562,0.0,0.0
2008-07-29 00:00:00+09:00,2095.0,2300.0,2080.0,2175.0,31751,0.0,0.0
2008-07-30 00:00:00+09:00,2140.0,2230.0,2105.0,2125.0,15804,0.0,0.0
2008-07-31 00:00:00+09:00,2165.0,2280.0,2155.0,2225.0,52373,0.0,0.0
2008-08-01 00:00:00+09:00,2290.0,2290.0,2160.0,2205.0,3213,0.0,0.0
2008-08-04 00:00:00+09:00,2290.0,2290.0,2170.0,2230.0,20307,0.0,0.0
2008-08-05 00:00:00+09:00,2250.0,2250.0,2150.0,2195.0,4188,0.0,0.0
2008-08-06 00:00:00+09:00,2270.0,2270.0,2120.0,2180.0,24770,0.0,0.0
2008-08-07 00:00:00+09:00,2270.0,2270.0,2145.0,2200.0,14419,0.0,0.0
2008-08-08 00:00:00+09:00,2205.0,2205.0,2135.0,2200.0,9718,0.0,0.0
2008-08-11 00:00:00+09:00,2230.0,2230.0,2110.0,2115.0,12809,0.0,0.0
2008-08-12 00:00:00+09:00,2100.0,2180.0,2070.0,2115.0,14959,0.0,0.0
2008-08-13 00:00:00+09:00,2280.0,2280.0,2060.0,2070.0,21811,0.0,0.0
2008-08-14 00:00:00+09:00,2040.0,2110.0,2040.0,2105.0,27310,0.0,0.0
2008-08-18 00:00:00+09:00,2105.0,2120.0,2010.0,2010.0,23183,0.0,0.0
2008-08-19 00:00:00+09:00,1950.0,2140.0,1950.0,2100.0,19152,0.0,0.0
2008-08-20 00:00:00+09:00,2115.0,2145.0,2000.0,2025.0,20165,0.0,0.0
2008-08-21 00:00:00+09:00,2045.0,2045.0,1930.0,2025.0,14632,0.0,0.0
2008-08-22 00:00:00+09:00,1925.0,2005.0,1920.0,1920.0,10158,0.0,0.0
2008-08-25 00:00:00+09:00,1960.0,1990.0,1920.0,1960.0,12585,0.0,0.0
2008-08-26 00:00:00+09:00,1880.0,2130.0,1880.0,2100.0,31082,0.0,0.0
2008-08-27 00:00:00+09:00,2105.0,2105.0,1955.0,2010.0,6344,0.0,0.0
2008-08-28 00:00:00+09:00,2030.0,2030.0,1950.0,1950.0,8069,0.0,0.0
2008-08-29 00:00:00+09:00,1950.0,2060.0,1880.0,1945.0,18353,0.0,0.0
2008-09-01 00:00:00+09:00,2020.0,2020.0,1810.0,1845.0,32900,0.0,0.0
2008-09-02 00:00:00+09:00,1960.0,1960.0,1720.0,1880.0,28228,0.0,0.0
2008-09-03 00:00:00+09:00,1920.0,1920.0,1700.0,1770.0,29839,0.0,0.0
2008-09-04 00:00:00+09:00,1670.0,1800.0,1650.0,1730.0,75337,0.0,0.0
2008-09-05 00:00:00+09:00,1670.0,1790.0,1635.0,1790.0,25630,0.0,0.0
2008-09-08 00:00:00+09:00,1860.0,1870.0,1800.0,1850.0,11485,0.0,0.0
2008-09-09 00:00:00+09:00,1890.0,1890.0,1820.0,1850.0,18522,0.0,0.0
2008-09-10 00:00:00+09:00,1800.0,1895.0,1790.0,1855.0,14589,0.0,0.0
2008-09-11 00:00:00+09:00,1870.0,1880.0,1770.0,1805.0,19517,0.0,0.0
2008-09-12 00:00:00+09:00,1790.0,1900.0,1790.0,1900.0,11901,0.0,0.0
2008-09-16 00:00:00+09:00,1795.0,1795.0,1685.0,1720.0,71296,0.0,0.0
2008-09-17 00:00:00+09:00,1740.0,1780.0,1695.0,1700.0,142958,0.0,0.0
2008-09-18 00:00:00+09:00,1720.0,1720.0,1680.0,1700.0,13161,0.0,0.0
2008-09-19 00:00:00+09:00,1770.0,1770.0,1710.0,1740.0,24305,0.0,0.0
2008-09-22 00:00:00+09:00,1725.0,1820.0,1725.0,1785.0,22367,0.0,0.0
2008-09-23 00:00:00+09:00,1810.0,1980.0,1770.0,1895.0,15800,0.0,0.0
2008-09-24 00:00:00+09:00,1895.0,1950.0,1835.0,1950.0,49539,0.0,0.0
2008-09-25 00:00:00+09:00,1875.0,1970.0,1875.0,1955.0,20980,0.0,0.0
2008-09-26 00:00:00+09:00,1955.0,1955.0,1920.0,1930.0,18537,0.0,0.0
2008-09-29 00:00:00+09:00,1930.0,1950.0,1850.0,1875.0,18715,0.0,0.0
2008-09-30 00:00:00+09:00,1660.0,1880.0,1660.0,1880.0,25466,0.0,0.0
2008-10-01 00:00:00+09:00,1890.0,1920.0,1770.0,1770.0,77589,0.0,0.0
2008-10-02 00:00:00+09:00,1775.0,1865.0,1760.0,1790.0,28227,0.0,0.0
2008-10-06 00:00:00+09:00,1800.0,1835.0,1725.0,1770.0,16682,0.0,0.0
2008-10-07 00:00:00+09:00,1670.0,1750.0,1565.0,1720.0,67994,0.0,0.0
2008-10-08 00:00:00+09:00,1500.0,1690.0,1515.0,1600.0,54834,0.0,0.0
2008-10-09 00:00:00+09:00,1500.0,1645.0,1500.0,1605.0,54834,0.0,0.0
2008-10-10 00:00:00+09:00,1610.0,1610.0,1380.0,1590.0,28431,0.0,0.0
2008-10-13 00:00:00+09:00,1590.0,1675.0,1480.0,1560.0,49632,0.0,0.0
2008-10-14 00:00:00+09:00,1630.0,1690.0,1560.0,1600.0,45499,0.0,0.0
2008-10-15 00:00:00+09:00,1610.0,1610.0,1535.0,1600.0,24744,0.0,0.0
2008-10-16 00:00:00+09:00,1600.0,1600.0,1445.0,1540.0,10727,0.0,0.0
2008-10-17 00:00:00+09:00,1470.0,1565.0,1420.0,1520.0,14376,0.0,0.0
2008-10-20 00:00:00+09:00,1500.0,1530.0,1410.0,1530.0,19143,0.0,0.0
2008-10-21 00:00:00+09:00,1560.0,1610.0,1475.0,1540.0,13909,0.0,0.0
2008-10-22 00:00:00+09:00,1680.0,1690.0,1315.0,1450.0,44559,0.0,0.0
2008-10-23 00:00:00+09:00,1310.0,1510.0,1270.0,1370.0,23459,0.0,0.0
2008-10-24 00:00:00+09:00,1280.0,1380.0,1165.0,1295.0,60643,0.0,0.0
2008-10-27 00:00:00+09:00,1105.0,1275.0,1105.0,1200.0,31621,0.0,0.0
2008-10-28 00:00:00+09:00,1100.0,1180.0,1020.0,1180.0,138539,0.0,0.0
2008-10-29 00:00:00+09:00,1165.0,1195.0,1005.0,1125.0,397732,0.0,0.0
2008-10-30 00:00:00+09:00,1100.0,1225.0,1075.0,1165.0,199071,0.0,0.0
2008-10-31 00:00:00+09:00,1165.0,1325.0,1115.0,1220.0,192322,0.0,0.0
2008-11-03 00:00:00+09:00,1245.0,1250.0,1165.0,1185.0,54061,0.0,0.0
2008-11-04 00:00:00+09:00,1190.0,1235.0,1170.0,1175.0,54494,0.0,0.0
2008-11-05 00:00:00+09:00,1185.0,1235.0,1175.0,1220.0,175195,0.0,0.0
2008-11-06 00:00:00+09:00,1175.0,1195.0,1120.0,1120.0,46440,0.0,0.0
2008-11-07 00:00:00+09:00,1090.0,1190.0,1040.0,1105.0,45512,0.0,0.0
2008-11-10 00:00:00+09:00,1120.0,1125.0,1090.0,1105.0,39645,0.0,0.0
2008-11-11 00:00:00+09:00,1110.0,1130.0,1070.0,1070.0,54138,0.0,0.0
2008-11-12 00:00:00+09:00,1125.0,1125.0,1055.0,1100.0,58710,0.0,0.0
2008-11-13 00:00:00+09:00,1050.0,1090.0,1030.0,1040.0,51905,0.0,0.0
2008-11-14 00:00:00+09:00,1060.0,1080.0,1000.0,1000.0,93825,0.0,0.0
2008-11-17 00:00:00+09:00,965.0,1015.0,930.0,960.0,122524,0.0,0.0
2008-11-18 00:00:00+09:00,925.0,960.0,905.0,920.0,94935,0.0,0.0
2008-11-19 00:00:00+09:00,920.0,935.0,855.0,915.0,47840,0.0,0.0
2008-11-20 00:00:00+09:00,920.0,920.0,780.0,810.0,97196,0.0,0.0
2008-11-21 00:00:00+09:00,720.0,915.0,720.0,910.0,164392,0.0,0.0
2008-11-24 00:00:00+09:00,905.0,905.0,840.0,870.0,38621,0.0,0.0
2008-11-25 00:00:00+09:00,875.0,905.0,840.0,880.0,40479,0.0,0.0
2008-11-26 00:00:00+09:00,880.0,910.0,840.0,895.0,50990,0.0,0.0
2008-11-27 00:00:00+09:00,910.0,950.0,865.0,905.0,55513,0.0,0.0
2008-11-28 00:00:00+09:00,900.0,930.0,875.0,910.0,116147,0.0,0.0
2008-12-01 00:00:00+09:00,925.0,925.0,880.0,915.0,28809,0.0,0.0
2008-12-02 00:00:00+09:00,910.0,910.0,860.0,910.0,32611,0.0,0.0
2008-12-03 00:00:00+09:00,910.0,910.0,870.0,900.0,16496,0.0,0.0
2008-12-04 00:00:00+09:00,905.0,920.0,855.0,900.0,25941,0.0,0.0
2008-12-05 00:00:00+09:00,905.0,905.0,825.0,890.0,41525,0.0,0.0
2008-12-08 00:00:00+09:00,890.0,900.0,850.0,890.0,151114,0.0,0.0
2008-12-09 00:00:00+09:00,905.0,905.0,890.0,900.0,5145,0.0,0.0
2008-12-10 00:00:00+09:00,900.0,935.0,900.0,930.0,45930,0.0,0.0
2008-12-11 00:00:00+09:00,915.0,950.0,910.0,950.0,35315,0.0,0.0
2008-12-12 00:00:00+09:00,950.0,975.0,915.0,935.0,61417,0.0,0.0
2008-12-15 00:00:00+09:00,950.0,1075.0,945.0,1065.0,61417,0.0,0.0
2008-12-16 00:00:00+09:00,1210.0,1215.0,1065.0,1125.0,144247,0.0,0.0
2008-12-17 00:00:00+09:00,1145.0,1175.0,1070.0,1075.0,80260,0.0,0.0
2008-12-18 00:00:00+09:00,1075.0,1175.0,1060.0,1090.0,25431,0.0,0.0
2008-12-19 00:00:00+09:00,1145.0,1200.0,1110.0,1110.0,48066,0.0,0.0
2008-12-22 00:00:00+09:00,1120.0,1160.0,1070.0,1110.0,36805,0.0,0.0
2008-12-23 00:00:00+09:00,1065.0,1100.0,1030.0,1030.0,19737,0.0,0.0
2008-12-24 00:00:00+09:00,1050.0,1050.0,975.0,990.0,49318,0.0,0.0
2008-12-26 00:00:00+09:00,1040.0,1040.0,985.0,985.0,33555,0.0,0.0
2008-12-29 00:00:00+09:00,990.0,1030.0,925.0,950.0,33887,0.0,0.0
2008-12-30 00:00:00+09:00,1000.0,1025.0,955.0,1020.0,52367,0.0,0.0
2009-01-02 00:00:00+09:00,1005.0,1100.0,1005.0,1020.0,13760,0.0,0.0
2009-01-05 00:00:00+09:00,1060.0,1060.0,995.0,995.0,33068,0.0,0.0
2009-01-06 00:00:00+09:00,1000.0,1020.0,985.0,1000.0,36554,0.0,0.0
2009-01-07 00:00:00+09:00,1020.0,1040.0,990.0,1025.0,40414,0.0,0.0
2009-01-08 00:00:00+09:00,1035.0,1045.0,1005.0,1020.0,67392,0.0,0.0
2009-01-09 00:00:00+09:00,1035.0,1035.0,1000.0,1020.0,67392,0.0,0.0
2009-01-12 00:00:00+09:00,1020.0,1020.0,975.0,1000.0,22761,0.0,0.0
2009-01-13 00:00:00+09:00,1000.0,1040.0,970.0,995.0,25667,0.0,0.0
2009-01-14 00:00:00+09:00,1030.0,1030.0,985.0,1010.0,25051,0.0,0.0
2009-01-15 00:00:00+09:00,1010.0,1010.0,975.0,1000.0,25747,0.0,0.0
2009-01-16 00:00:00+09:00,1050.0,1050.0,985.0,1010.0,11937,0.0,0.0
2009-01-19 00:00:00+09:00,1000.0,1100.0,1000.0,1040.0,39940,0.0,0.0
2009-01-20 00:00:00+09:00,1050.0,1050.0,1010.0,1035.0,23113,0.0,0.0
2009-01-21 00:00:00+09:00,1000.0,1045.0,980.0,1000.0,17976,0.0,0.0
2009-01-22 00:00:00+09:00,1000.0,1035.0,995.0,1000.0,17976,0.0,0.0
2009-01-23 00:00:00+09:00,1000.0,1030.0,995.0,1005.0,9266,0.0,0.0
2009-01-28 00:00:00+09:00,1005.0,1095.0,995.0,1050.0,38830,0.0,0.0
2009-01-29 00:00:00+09:00,1080.0,1080.0,1000.0,1000.0,39670,0.0,0.0
2009-01-30 00:00:00+09:00,990.0,1065.0,990.0,1045.0,25481,0.0,0.0
2009-02-02 00:00:00+09:00,1025.0,1085.0,1025.0,1075.0,42715,0.0,0.0
2009-02-03 00:00:00+09:00,1075.0,1235.0,1045.0,1190.0,397239,0.0,0.0
2009-02-04 00:00:00+09:00,1180.0,1180.0,1115.0,1120.0,111125,0.0,0.0
2009-02-05 00:00:00+09:00,1120.0,1240.0,1090.0,1180.0,124729,0.0,0.0
2009-02-06 00:00:00+09:00,1130.0,1230.0,1130.0,1205.0,117233,0.0,0.0
2009-02-09 00:00:00+09:00,1180.0,1220.0,1155.0,1160.0,76682,0.0,0.0
2009-02-10 00:00:00+09:00,1145.0,1170.0,1110.0,1110.0,61428,0.0,0.0
2009-02-11 00:00:00+09:00,1120.0,1180.0,1070.0,1115.0,64091,0.0,0.0
2009-02-12 00:00:00+09:00,1140.0,1180.0,1115.0,1150.0,66534,0.0,0.0
2009-02-13 00:00:00+09:00,1170.0,1180.0,1140.0,1180.0,21480,0.0,0.0
2009-02-16 00:00:00+09:00,1190.0,1265.0,1165.0,1210.0,131208,0.0,0.0
2009-02-17 00:00:00+09:00,1240.0,1245.0,1180.0,1235.0,59289,0.0,0.0
2009-02-18 00:00:00+09:00,1200.0,1200.0,1150.0,1180.0,35268,0.0,0.0
2009-02-19 00:00:00+09:00,1210.0,1225.0,1175.0,1210.0,32293,0.0,0.0
2009-02-20 00:00:00+09:00,1230.0,1230.0,1080.0,1125.0,67635,0.0,0.0
2009-02-23 00:00:00+09:00,1100.0,1130.0,1055.0,1130.0,28404,0.0,0.0
2009-02-24 00:00:00+09:00,1120.0,1260.0,1060.0,1150.0,140277,0.0,0.0
2009-02-25 00:00:00+09:00,1150.0,1185.0,1070.0,1085.0,60009,0.0,0.0
2009-02-26 00:00:00+09:00,1125.0,1125.0,1085.0,1085.0,14613,0.0,0.0
2009-02-27 00:00:00+09:00,1085.0,1110.0,1055.0,1095.0,7416,0.0,0.0
2009-03-02 00:00:00+09:00,1095.0,1095.0,1040.0,1070.0,11760,0.0,0.0
2009-03-03 00:00:00+09:00,1065.0,1065.0,1000.0,1020.0,24155,0.0,0.0
2009-03-04 00:00:00+09:00,1035.0,1045.0,990.0,1045.0,25700,0.0,0.0
2009-03-05 00:00:00+09:00,1090.0,1090.0,1025.0,1050.0,17750,0.0,0.0
2009-03-06 00:00:00+09:00,1055.0,1050.0,1000.0,1045.0,26811,0.0,0.0
2009-03-09 00:00:00+09:00,1055.0,1085.0,1020.0,1035.0,26811,0.0,0.0
2009-03-10 00:00:00+09:00,1050.0,1055.0,1025.0,1040.0,24611,0.0,0.0
2009-03-11 00:00:00+09:00,1045.0,1110.0,1030.0,1035.0,34227,0.0,0.0
2009-03-12 00:00:00+09:00,1045.0,1065.0,1025.0,1050.0,28239,0.0,0.0
2009-03-13 00:00:00+09:00,1050.0,1070.0,1030.0,1040.0,48592,0.0,0.0
2009-03-16 00:00:00+09:00,1055.0,1085.0,1040.0,1070.0,27846,0.0,0.0
2009-03-17 00:00:00+09:00,1110.0,1110.0,1065.0,1075.0,23057,0.0,0.0
2009-03-18 00:00:00+09:00,1080.0,1120.0,1070.0,1120.0,35473,0.0,0.0
2009-03-19 00:00:00+09:00,1145.0,1145.0,1105.0,1110.0,35630,0.0,0.0
2009-03-20 00:00:00+09:00,1080.0,1120.0,1060.0,1100.0,99148,0.0,0.0
2009-03-23 00:00:00+09:00,1125.0,1125.0,1095.0,1100.0,18556,0.0,0.0
2009-03-24 00:00:00+09:00,1145.0,1160.0,1090.0,1160.0,105946,0.0,0.0
2009-03-25 00:00:00+09:00,1290.0,1330.0,1240.0,1320.0,309582,0.0,0.0
2009-03-26 00:00:00+09:00,1280.0,1345.0,1245.0,1330.0,309582,0.0,0.0
2009-03-27 00:00:00+09:00,1310.0,1340.0,1260.0,1260.0,104860,0.0,0.0
2009-03-30 00:00:00+09:00,1260.0,1300.0,1180.0,1180.0,80187,0.0,0.0
2009-03-31 00:00:00+09:00,1160.0,1210.0,1150.0,1200.0,54674,0.0,0.0
2009-04-01 00:00:00+09:00,1220.0,1250.0,1210.0,1240.0,42586,0.0,0.0
2009-04-02 00:00:00+09:00,1245.0,1280.0,1200.0,1255.0,59427,0.0,0.0
2009-04-03 00:00:00+09:00,1300.0,1300.0,1220.0,1240.0,40962,0.0,0.0
2009-04-06 00:00:00+09:00,1265.0,1285.0,1205.0,1260.0,58325,0.0,0.0
2009-04-07 00:00:00+09:00,1270.0,1270.0,1215.0,1255.0,67777,0.0,0.0
2009-04-08 00:00:00+09:00,1250.0,1290.0,1225.0,1255.0,21847,0.0,0.0
2009-04-09 00:00:00+09:00,1265.0,1360.0,1260.0,1355.0,140755,0.0,0.0
2009-04-10 00:00:00+09:00,1370.0,1520.0,1345.0,1430.0,169005,0.0,0.0
2009-04-13 00:00:00+09:00,1480.0,1480.0,1400.0,1430.0,90508,0.0,0.0
2009-04-14 00:00:00+09:00,1450.0,1595.0,1415.0,1565.0,173683,0.0,0.0
2009-04-15 00:00:00+09:00,1525.0,1560.0,1415.0,1485.0,105836,0.0,0.0
2009-04-16 00:00:00+09:00,1525.0,1565.0,1455.0,1460.0,59520,0.0,0.0
2009-04-17 00:00:00+09:00,1430.0,1510.0,1400.0,1445.0,38463,0.0,0.0
2009-04-20 00:00:00+09:00,1510.0,1510.0,1360.0,1445.0,48995,0.0,0.0
2009-04-21 00:00:00+09:00,1430.0,1430.0,1385.0,1430.0,11271,0.0,0.0
2009-04-22 00:00:00+09:00,1430.0,1490.0,1425.0,1430.0,61664,0.0,0.0
2009-04-23 00:00:00+09:00,1480.0,1570.0,1430.0,1470.0,100191,0.0,0.0
2009-04-24 00:00:00+09:00,1470.0,1645.0,1470.0,1535.0,117657,0.0,0.0
2009-04-27 00:00:00+09:00,1540.0,1640.0,1415.0,1500.0,95209,0.0,0.0
2009-04-28 00:00:00+09:00,1475.0,1515.0,1400.0,1435.0,80728,0.0,0.0
2009-04-29 00:00:00+09:00,1435.0,1510.0,1385.0,1435.0,43329,0.0,0.0
2009-04-30 00:00:00+09:00,1450.0,1595.0,1450.0,1550.0,120597,0.0,0.0
2009-05-04 00:00:00+09:00,1560.0,1590.0,1485.0,1520.0,80899,0.0,0.0
2009-05-06 00:00:00+09:00,1500.0,1545.0,1470.0,1470.0,77835,0.0,0.0
2009-05-07 00:00:00+09:00,1490.0,1550.0,1490.0,1530.0,54681,0.0,0.0
2009-05-08 00:00:00+09:00,1550.0,1550.0,1455.0,1510.0,108595,0.0,0.0
2009-05-11 00:00:00+09:00,1510.0,1540.0,1465.0,1510.0,47725,0.0,0.0
2009-05-12 00:00:00+09:00,1480.0,1520.0,1455.0,1455.0,62401,0.0,0.0
2009-05-13 00:00:00+09:00,1490.0,1500.0,1420.0,1455.0,56757,0.0,0.0
2009-05-14 00:00:00+09:00,1440.0,1460.0,1400.0,1430.0,63117,0.0,0.0
2009-05-15 00:00:00+09:00,1430.0,1490.0,1410.0,1440.0,74393,0.0,0.0
2009-05-18 00:00:00+09:00,1440.0,1455.0,1400.0,1405.0,44006,0.0,0.0
2009-05-19 00:00:00+09:00,1445.0,1480.0,1410.0,1430.0,62764,0.0,0.0
2009-05-20 00:00:00+09:00,1435.0,1630.0,1425.0,1530.0,332155,0.0,0.0
2009-05-21 00:00:00+09:00,1550.0,1595.0,1480.0,1515.0,157125,0.0,0.0
2009-05-22 00:00:00+09:00,1480.0,1525.0,1470.0,1495.0,199728,0.0,0.0
2009-05-25 00:00:00+09:00,1515.0,1715.0,1495.0,1670.0,744588,0.0,0.0
2009-05-26 00:00:00+09:00,1705.0,1705.0,1605.0,1705.0,353864,0.0,0.0
2009-05-27 00:00:00+09:00,1705.0,1770.0,1605.0,1605.0,225007,0.0,0.0
2009-05-28 00:00:00+09:00,1590.0,1615.0,1550.0,1585.0,199764,0.0,0.0
2009-05-29 00:00:00+09:00,1590.0,1650.0,1565.0,1640.0,91991,0.0,0.0
2009-06-01 00:00:00+09:00,1615.0,1650.0,1580.0,1615.0,154135,0.0,0.0
2009-06-02 00:00:00+09:00,1620.0,1670.0,1550.0,1555.0,107714,0.0,0.0
2009-06-03 00:00:00+09:00,1550.0,1625.0,1550.0,1595.0,68554,0.0,0.0
2009-06-04 00:00:00+09:00,1610.0,1615.0,1565.0,1595.0,63344,0.0,0.0
2009-06-05 00:00:00+09:00,1620.0,1625.0,1565.0,1580.0,54338,0.0,0.0
2009-06-08 00:00:00+09:00,1575.0,1605.0,1565.0,1585.0,67988,0.0,0.0
2009-06-09 00:00:00+09:00,1600.0,1670.0,1570.0,1650.0,174759,0.0,0.0
2009-06-10 00:00:00+09:00,1635.0,1720.0,1625.0,1670.0,190221,0.0,0.0
2009-06-11 00:00:00+09:00,1650.0,1685.0,1610.0,1610.0,80083,0.0,0.0
2009-06-12 00:00:00+09:00,1605.0,1650.0,1600.0,1615.0,91390,0.0,0.0
2009-06-15 00:00:00+09:00,1595.0,1625.0,1505.0,1595.0,114515,0.0,0.0
2009-06-16 00:00:00+09:00,1555.0,1600.0,1515.0,1530.0,116341,0.0,0.0
2009-06-17 00:00:00+09:00,1520.0,1555.0,1510.0,1520.0,32612,0.0,0.0
2009-06-18 00:00:00+09:00,1540.0,1540.0,1505.0,1510.0,40741,0.0,0.0
2009-06-19 00:00:00+09:00,1565.0,1565.0,1505.0,1520.0,40741,0.0,0.0
2009-06-22 00:00:00+09:00,1500.0,1525.0,1490.0,1495.0,34254,0.0,0.0
2009-06-23 00:00:00+09:00,1500.0,1500.0,1410.0,1440.0,71148,0.0,0.0
2009-06-24 00:00:00+09:00,1440.0,1455.0,1385.0,1390.0,62173,0.0,0.0
2009-06-25 00:00:00+09:00,1410.0,1440.0,1390.0,1410.0,87129,0.0,0.0
2009-06-26 00:00:00+09:00,1445.0,1445.0,1395.0,1400.0,62495,0.0,0.0
2009-06-29 00:00:00+09:00,1405.0,1440.0,1385.0,1440.0,81375,0.0,0.0
2009-06-30 00:00:00+09:00,1470.0,1470.0,1375.0,1420.0,36756,0.0,0.0
2009-07-01 00:00:00+09:00,1410.0,1430.0,1370.0,1425.0,39126,0.0,0.0
2009-07-02 00:00:00+09:00,1425.0,1445.0,1405.0,1420.0,32224,0.0,0.0
2009-07-03 00:00:00+09:00,1385.0,1435.0,1385.0,1415.0,48887,0.0,0.0
2009-07-06 00:00:00+09:00,1400.0,1425.0,1390.0,1400.0,61164,0.0,0.0
2009-07-07 00:00:00+09:00,1385.0,1415.0,1385.0,1415.0,66302,0.0,0.0
2009-07-08 00:00:00+09:00,1415.0,1420.0,1385.0,1390.0,50861,0.0,0.0
2009-07-09 00:00:00+09:00,1400.0,1410.0,1375.0,1400.0,30605,0.0,0.0
2009-07-10 00:00:00+09:00,1390.0,1405.0,1375.0,1405.0,36719,0.0,0.0
2009-07-13 00:00:00+09:00,1390.0,1420.0,1380.0,1405.0,39794,0.0,0.0
2009-07-14 00:00:00+09:00,1420.0,1420.0,1380.0,1400.0,20803,0.0,0.0
2009-07-15 00:00:00+09:00,1410.0,1430.0,1380.0,1430.0,62963,0.0,0.0
2009-07-16 00:00:00+09:00,1430.0,1500.0,1430.0,1430.0,67974,0.0,0.0
2009-07-17 00:00:00+09:00,1435.0,1435.0,1395.0,1405.0,41440,0.0,0.0
2009-07-20 00:00:00+09:00,1385.0,1420.0,1385.0,1410.0,87912,0.0,0.0
2009-07-21 00:00:00+09:00,1430.0,1430.0,1390.0,1415.0,44575,0.0,0.0
2009-07-22 00:00:00+09:00,1410.0,1425.0,1390.0,1400.0,56735,0.0,0.0
2009-07-23 00:00:00+09:00,1395.0,1470.0,1395.0,1455.0,61185,0.0,0.0
2009-07-24 00:00:00+09:00,1460.0,1460.0,1415.0,1440.0,53053,0.0,0.0
2009-07-27 00:00:00+09:00,1440.0,1450.0,1420.0,1445.0,15169,0.0,0.0
2009-07-28 00:00:00+09:00,1455.0,1460.0,1425.0,1460.0,70327,0.0,0.0
2009-07-29 00:00:00+09:00,1440.0,1490.0,1440.0,1470.0,65996,0.0,0.0
2009-07-30 00:00:00+09:00,1470.0,1560.0,1440.0,1540.0,109527,0.0,0.0
2009-07-31 00:00:00+09:00,1510.0,1590.0,1510.0,1555.0,52190,0.0,0.0
2009-08-03 00:00:00+09:00,1565.0,1565.0,1515.0,1535.0,31653,0.0,0.0
2009-08-04 00:00:00+09:00,1550.0,1550.0,1485.0,1500.0,80508,0.0,0.0
2009-08-05 00:00:00+09:00,1525.0,1525.0,1465.0,1500.0,33533,0.0,0.0
2009-08-06 00:00:00+09:00,1465.0,1495.0,1445.0,1485.0,55787,0.0,0.0
2009-08-07 00:00:00+09:00,1485.0,1520.0,1455.0,1510.0,36519,0.0,0.0
2009-08-10 00:00:00+09:00,1480.0,1600.0,1480.0,1520.0,35529,0.0,0.0
2009-08-11 00:00:00+09:00,1515.0,1695.0,1495.0,1580.0,480681,0.0,0.0
2009-08-12 00:00:00+09:00,1580.0,1620.0,1525.0,1610.0,88455,0.0,0.0
2009-08-13 00:00:00+09:00,1580.0,1610.0,1560.0,1605.0,50606,0.0,0.0
2009-08-14 00:00:00+09:00,1605.0,1625.0,1555.0,1555.0,71204,0.0,0.0
2009-08-17 00:00:00+09:00,1555.0,1580.0,1500.0,1500.0,69442,0.0,0.0
2009-08-18 00:00:00+09:00,1500.0,1510.0,1425.0,1460.0,84199,0.0,0.0
2009-08-19 00:00:00+09:00,1500.0,1510.0,1455.0,1465.0,45631,0.0,0.0
2009-08-20 00:00:00+09:00,1455.0,1500.0,1450.0,1490.0,32795,0.0,0.0
2009-08-21 00:00:00+09:00,1465.0,1490.0,1415.0,1435.0,78313,0.0,0.0
2009-08-24 00:00:00+09:00,1440.0,1470.0,1420.0,1435.0,42265,0.0,0.0
2009-08-25 00:00:00+09:00,1435.0,1630.0,1435.0,1520.0,228106,0.0,0.0
2009-08-26 00:00:00+09:00,1520.0,1570.0,1465.0,1510.0,60431,0.0,0.0
2009-08-27 00:00:00+09:00,1485.0,1560.0,1480.0,1480.0,37461,0.0,0.0
2009-08-28 00:00:00+09:00,1465.0,1495.0,1455.0,1465.0,44257,0.0,0.0
2009-08-31 00:00:00+09:00,1455.0,1490.0,1430.0,1470.0,61928,0.0,0.0
2009-09-01 00:00:00+09:00,1470.0,1520.0,1455.0,1495.0,37593,0.0,0.0
2009-09-02 00:00:00+09:00,1455.0,1490.0,1455.0,1490.0,51838,0.0,0.0
2009-09-03 00:00:00+09:00,1465.0,1495.0,1455.0,1470.0,33193,0.0,0.0
2009-09-04 00:00:00+09:00,1455.0,1485.0,1455.0,1485.0,19120,0.0,0.0
2009-09-07 00:00:00+09:00,1450.0,1490.0,1450.0,1480.0,21142,0.0,0.0
2009-09-08 00:00:00+09:00,1470.0,1490.0,1465.0,1485.0,17929,0.0,0.0
2009-09-09 00:00:00+09:00,1465.0,1495.0,1460.0,1470.0,18249,0.0,0.0
2009-09-10 00:00:00+09:00,1495.0,1500.0,1450.0,1490.0,42903,0.0,0.0
2009-09-11 00:00:00+09:00,1480.0,1495.0,1465.0,1485.0,37264,0.0,0.0
2009-09-14 00:00:00+09:00,1495.0,1625.0,1495.0,1520.0,216204,0.0,0.0
2009-09-15 00:00:00+09:00,1520.0,1550.0,1500.0,1545.0,97030,0.0,0.0
2009-09-16 00:00:00+09:00,1550.0,1565.0,1505.0,1550.0,78780,0.0,0.0
2009-09-17 00:00:00+09:00,1560.0,1560.0,1460.0,1485.0,125684,0.0,0.0
2009-09-18 00:00:00+09:00,1485.0,1510.0,1470.0,1510.0,60791,0.0,0.0
2009-09-21 00:00:00+09:00,1500.0,1520.0,1465.0,1485.0,85730,0.0,0.0
2009-09-22 00:00:00+09:00,1485.0,1485.0,1455.0,1460.0,110322,0.0,0.0
2009-09-23 00:00:00+09:00,1470.0,1470.0,1435.0,1440.0,52988,0.0,0.0
2009-09-24 00:00:00+09:00,1430.0,1450.0,1400.0,1425.0,78157,0.0,0.0
2009-09-25 00:00:00+09:00,1435.0,1435.0,1390.0,1415.0,53002,0.0,0.0
2009-09-28 00:00:00+09:00,1415.0,1420.0,1400.0,1420.0,14349,0.0,0.0
2009-09-29 00:00:00+09:00,1410.0,1430.0,1375.0,1380.0,92428,0.0,0.0
2009-09-30 00:00:00+09:00,1395.0,1400.0,1365.0,1375.0,25733,0.0,0.0
2009-10-01 00:00:00+09:00,1380.0,1385.0,1345.0,1350.0,22294,0.0,0.0
2009-10-05 00:00:00+09:00,1325.0,1355.0,1315.0,1350.0,32301,0.0,0.0
2009-10-06 00:00:00+09:00,1330.0,1370.0,1330.0,1345.0,41591,0.0,0.0
2009-10-07 00:00:00+09:00,1350.0,1360.0,1330.0,1345.0,34604,0.0,0.0
2009-10-08 00:00:00+09:00,1360.0,1385.0,1330.0,1380.0,25790,0.0,0.0
2009-10-09 00:00:00+09:00,1400.0,1405.0,1355.0,1375.0,22336,0.0,0.0
2009-10-12 00:00:00+09:00,1395.0,1400.0,1365.0,1400.0,18521,0.0,0.0
2009-10-13 00:00:00+09:00,1390.0,1420.0,1370.0,1400.0,6763,0.0,0.0
2009-10-14 00:00:00+09:00,1400.0,1400.0,1370.0,1390.0,24908,0.0,0.0
2009-10-15 00:00:00+09:00,1390.0,1390.0,1370.0,1390.0,13570,0.0,0.0
2009-10-16 00:00:00+09:00,1390.0,1395.0,1375.0,1395.0,9120,0.0,0.0
2009-10-19 00:00:00+09:00,1395.0,1395.0,1360.0,1360.0,21282,0.0,0.0
2009-10-20 00:00:00+09:00,1375.0,1390.0,1350.0,1375.0,14710,0.0,0.0
2009-10-21 00:00:00+09:00,1375.0,1380.0,1340.0,1340.0,29765,0.0,0.0
2009-10-22 00:00:00+09:00,1320.0,1360.0,1315.0,1345.0,21562,0.0,0.0
2009-10-23 00:00:00+09:00,1350.0,1355.0,1290.0,1315.0,21561,0.0,0.0
2009-10-26 00:00:00+09:00,1330.0,1330.0,1280.0,1310.0,22599,0.0,0.0
2009-10-27 00:00:00+09:00,1310.0,1335.0,1285.0,1315.0,13952,0.0,0.0
2009-10-28 00:00:00+09:00,1315.0,1330.0,1275.0,1285.0,40517,0.0,0.0
2009-10-29 00:00:00+09:00,1290.0,1290.0,1245.0,1275.0,13508,0.0,0.0
2009-10-30 00:00:00+09:00,1260.0,1305.0,1260.0,1300.0,7536,0.0,0.0
2009-11-02 00:00:00+09:00,1300.0,1300.0,1205.0,1205.0,51695,0.0,0.0
2009-11-03 00:00:00+09:00,1210.0,1260.0,1210.0,1260.0,22435,0.0,0.0
2009-11-04 00:00:00+09:00,1260.0,1260.0,1230.0,1260.0,7222,0.0,0.0
2009-11-05 00:00:00+09:00,1265.0,1270.0,1230.0,1265.0,13769,0.0,0.0
2009-11-06 00:00:00+09:00,1280.0,1280.0,1235.0,1275.0,7354,0.0,0.0
2009-11-09 00:00:00+09:00,1275.0,1275.0,1240.0,1260.0,20712,0.0,0.0
2009-11-10 00:00:00+09:00,1230.0,1260.0,1230.0,1260.0,19677,0.0,0.0
2009-11-11 00:00:00+09:00,1250.0,1270.0,1235.0,1250.0,17282,0.0,0.0
2009-11-12 00:00:00+09:00,1250.0,1280.0,1225.0,1260.0,18974,0.0,0.0
2009-11-13 00:00:00+09:00,1265.0,1335.0,1250.0,1255.0,24805,0.0,0.0
2009-11-16 00:00:00+09:00,1260.0,1270.0,1230.0,1260.0,13539,0.0,0.0
2009-11-17 00:00:00+09:00,1235.0,1255.0,1210.0,1210.0,32227,0.0,0.0
2009-11-18 00:00:00+09:00,1260.0,1260.0,1205.0,1245.0,7849,0.0,0.0
2009-11-19 00:00:00+09:00,1250.0,1265.0,1210.0,1215.0,25789,0.0,0.0
2009-11-20 00:00:00+09:00,1200.0,1240.0,1195.0,1220.0,33977,0.0,0.0
2009-11-23 00:00:00+09:00,1240.0,1265.0,1220.0,1260.0,16494,0.0,0.0
2009-11-24 00:00:00+09:00,1255.0,1265.0,1225.0,1230.0,37184,0.0,0.0
2009-11-25 00:00:00+09:00,1230.0,1250.0,1225.0,1240.0,21950,0.0,0.0
2009-11-26 00:00:00+09:00,1260.0,1260.0,1225.0,1225.0,18452,0.0,0.0
2009-11-27 00:00:00+09:00,1220.0,1245.0,1190.0,1190.0,27132,0.0,0.0
2009-11-30 00:00:00+09:00,1195.0,1225.0,1195.0,1205.0,14245,0.0,0.0
2009-12-01 00:00:00+09:00,1190.0,1235.0,1185.0,1225.0,28542,0.0,0.0
2009-12-02 00:00:00+09:00,1235.0,1240.0,1200.0,1240.0,17615,0.0,0.0
2009-12-03 00:00:00+09:00,1230.0,1290.0,1230.0,1265.0,16317,0.0,0.0
2009-12-04 00:00:00+09:00,1275.0,1285.0,1245.0,1270.0,9241,0.0,0.0
2009-12-07 00:00:00+09:00,1250.0,1270.0,1245.0,1265.0,17318,0.0,0.0
2009-12-08 00:00:00+09:00,1250.0,1270.0,1240.0,1255.0,14396,0.0,0.0
2009-12-09 00:00:00+09:00,1255.0,1270.0,1235.0,1265.0,17814,0.0,0.0
2009-12-10 00:00:00+09:00,1245.0,1285.0,1245.0,1260.0,21784,0.0,0.0
2009-12-11 00:00:00+09:00,1270.0,1290.0,1250.0,1270.0,15999,0.0,0.0
2009-12-14 00:00:00+09:00,1290.0,1290.0,1245.0,1255.0,28518,0.0,0.0
2009-12-15 00:00:00+09:00,1270.0,1285.0,1255.0,1275.0,51854,0.0,0.0
2009-12-16 00:00:00+09:00,1290.0,1305.0,1265.0,1300.0,29816,0.0,0.0
2009-12-17 00:00:00+09:00,1315.0,1320.0,1270.0,1320.0,10535,0.0,0.0
2009-12-18 00:00:00+09:00,1315.0,1315.0,1285.0,1310.0,4407,0.0,0.0
2009-12-21 00:00:00+09:00,1320.0,1320.0,1280.0,1280.0,22499,0.0,0.0
2009-12-22 00:00:00+09:00,1290.0,1325.0,1290.0,1320.0,35567,0.0,0.0
2009-12-23 00:00:00+09:00,1325.0,1325.0,1290.0,1310.0,20663,0.0,0.0
2009-12-24 00:00:00+09:00,1315.0,1320.0,1285.0,1320.0,30152,0.0,0.0
2009-12-28 00:00:00+09:00,1320.0,1335.0,1290.0,1305.0,22697,0.0,0.0
2009-12-29 00:00:00+09:00,1300.0,1310.0,1290.0,1305.0,14795,0.0,0.0
2009-12-30 00:00:00+09:00,1325.0,1350.0,1310.0,1335.0,12259,0.0,0.0
2010-01-04 00:00:00+09:00,1340.0,1340.0,1290.0,1295.0,54741,0.0,0.0
2010-01-05 00:00:00+09:00,1310.0,1315.0,1285.0,1290.0,37814,0.0,0.0
2010-01-06 00:00:00+09:00,1295.0,1305.0,1280.0,1290.0,42734,0.0,0.0
2010-01-07 00:00:00+09:00,1295.0,1315.0,1270.0,1315.0,33969,0.0,0.0
2010-01-08 00:00:00+09:00,1315.0,1330.0,1240.0,1240.0,16531,0.0,0.0
2010-01-11 00:00:00+09:00,1270.0,1290.0,1240.0,1290.0,27749,0.0,0.0
2010-01-12 00:00:00+09:00,1305.0,1305.0,1270.0,1285.0,5726,0.0,0.0
2010-01-13 00:00:00+09:00,1290.0,1290.0,1250.0,1255.0,5158,0.0,0.0
2010-01-14 00:00:00+09:00,1250.0,1300.0,1250.0,1275.0,21116,0.0,0.0
2010-01-15 00:00:00+09:00,1275.0,1295.0,1265.0,1285.0,6407,0.0,0.0
2010-01-18 00:00:00+09:00,1280.0,1290.0,1260.0,1280.0,3425,0.0,0.0
2010-01-19 00:00:00+09:00,1250.0,1280.0,1235.0,1250.0,17604,0.0,0.0
2010-01-20 00:00:00+09:00,1280.0,1280.0,1250.0,1275.0,3000,0.0,0.0
2010-01-21 00:00:00+09:00,1275.0,1285.0,1240.0,1275.0,10592,0.0,0.0
2010-01-22 00:00:00+09:00,1250.0,1285.0,1250.0,1270.0,14647,0.0,0.0
2010-01-25 00:00:00+09:00,1250.0,1280.0,1250.0,1275.0,4783,0.0,0.0
2010-01-26 00:00:00+09:00,1275.0,1275.0,1240.0,1265.0,8892,0.0,0.0
2010-01-27 00:00:00+09:00,1235.0,1265.0,1220.0,1230.0,25647,0.0,0.0
2010-01-28 00:00:00+09:00,1210.0,1275.0,1210.0,1270.0,6962,0.0,0.0
2010-01-29 00:00:00+09:00,1265.0,1265.0,1210.0,1245.0,4107,0.0,0.0
2010-02-01 00:00:00+09:00,1205.0,1240.0,1205.0,1220.0,8089,0.0,0.0
2010-02-02 00:00:00+09:00,1220.0,1250.0,1215.0,1250.0,4250,0.0,0.0
2010-02-03 00:00:00+09:00,1250.0,1290.0,1220.0,1290.0,21939,0.0,0.0
2010-02-04 00:00:00+09:00,1290.0,1300.0,1240.0,1255.0,9554,0.0,0.0
2010-02-05 00:00:00+09:00,1250.0,1250.0,1220.0,1220.0,3840,0.0,0.0
2010-02-08 00:00:00+09:00,1245.0,1250.0,1195.0,1235.0,12462,0.0,0.0
2010-02-09 00:00:00+09:00,1230.0,1245.0,1180.0,1185.0,21630,0.0,0.0
2010-02-10 00:00:00+09:00,1225.0,1235.0,1150.0,1195.0,26443,0.0,0.0
2010-02-11 00:00:00+09:00,1210.0,1210.0,1135.0,1200.0,18795,0.0,0.0
2010-02-12 00:00:00+09:00,1195.0,1225.0,1185.0,1210.0,2765,0.0,0.0
2010-02-16 00:00:00+09:00,1250.0,1270.0,1230.0,1245.0,16238,0.0,0.0
2010-02-17 00:00:00+09:00,1255.0,1255.0,1200.0,1250.0,16330,0.0,0.0
2010-02-18 00:00:00+09:00,1250.0,1255.0,1210.0,1255.0,3641,0.0,0.0
2010-02-19 00:00:00+09:00,1255.0,1265.0,1220.0,1260.0,6561,0.0,0.0
2010-02-22 00:00:00+09:00,1265.0,1265.0,1210.0,1210.0,22560,0.0,0.0
2010-02-23 00:00:00+09:00,1230.0,1235.0,1210.0,1215.0,10882,0.0,0.0
2010-02-24 00:00:00+09:00,1215.0,1235.0,1210.0,1230.0,5496,0.0,0.0
2010-02-25 00:00:00+09:00,1240.0,1255.0,1210.0,1235.0,12730,0.0,0.0
2010-02-26 00:00:00+09:00,1210.0,1235.0,1195.0,1200.0,10325,0.0,0.0
2010-03-02 00:00:00+09:00,1245.0,1260.0,1205.0,1245.0,22087,0.0,0.0
2010-03-03 00:00:00+09:00,1250.0,1250.0,1220.0,1220.0,3107,0.0,0.0
2010-03-04 00:00:00+09:00,1220.0,1240.0,1200.0,1235.0,16041,0.0,0.0
2010-03-05 00:00:00+09:00,1235.0,1240.0,1200.0,1235.0,13430,0.0,0.0
2010-03-08 00:00:00+09:00,1235.0,1245.0,1215.0,1230.0,4083,0.0,0.0
2010-03-09 00:00:00+09:00,1225.0,1245.0,1160.0,1235.0,20825,0.0,0.0
2010-03-10 00:00:00+09:00,1235.0,1240.0,1215.0,1215.0,7164,0.0,0.0
2010-03-11 00:00:00+09:00,1250.0,1265.0,1215.0,1215.0,12720,0.0,0.0
2010-03-12 00:00:00+09:00,1235.0,1240.0,1215.0,1235.0,13336,0.0,0.0
2010-03-15 00:00:00+09:00,1235.0,1245.0,1230.0,1235.0,12522,0.0,0.0
2010-03-16 00:00:00+09:00,1250.0,1250.0,1235.0,1250.0,25791,0.0,0.0
2010-03-17 00:00:00+09:00,1255.0,1435.0,1255.0,1435.0,332253,0.0,0.0
2010-03-18 00:00:00+09:00,1510.0,1650.0,1425.0,1425.0,864349,0.0,0.0
2010-03-19 00:00:00+09:00,1450.0,1520.0,1400.0,1400.0,177045,0.0,0.0
2010-03-22 00:00:00+09:00,1405.0,1440.0,1340.0,1405.0,169558,0.0,0.0
2010-03-23 00:00:00+09:00,1425.0,1425.0,1360.0,1385.0,82704,0.0,0.0
2010-03-24 00:00:00+09:00,1385.0,1390.0,1340.0,1340.0,66050,0.0,0.0
2010-03-25 00:00:00+09:00,1370.0,1430.0,1350.0,1380.0,61651,0.0,0.0
2010-03-26 00:00:00+09:00,1410.0,1445.0,1365.0,1380.0,83612,0.0,0.0
2010-03-29 00:00:00+09:00,1350.0,1385.0,1340.0,1375.0,26980,0.0,0.0
2010-03-30 00:00:00+09:00,1385.0,1385.0,1345.0,1350.0,21912,0.0,0.0
2010-03-31 00:00:00+09:00,1435.0,1435.0,1360.0,1385.0,39907,0.0,0.0
2010-04-01 00:00:00+09:00,1410.0,1430.0,1355.0,1385.0,65169,0.0,0.0
2010-04-02 00:00:00+09:00,1415.0,1540.0,1385.0,1505.0,229318,0.0,0.0
2010-04-05 00:00:00+09:00,1550.0,1610.0,1480.0,1535.0,259595,0.0,0.0
2010-04-06 00:00:00+09:00,1580.0,1735.0,1555.0,1645.0,566019,0.0,0.0
2010-04-07 00:00:00+09:00,1680.0,1680.0,1620.0,1655.0,121168,0.0,0.0
2010-04-08 00:00:00+09:00,1655.0,1655.0,1560.0,1580.0,133737,0.0,0.0
2010-04-09 00:00:00+09:00,1555.0,1630.0,1540.0,1615.0,80998,0.0,0.0
2010-04-12 00:00:00+09:00,1620.0,1620.0,1580.0,1600.0,56121,0.0,0.0
2010-04-13 00:00:00+09:00,1575.0,1640.0,1575.0,1605.0,40491,0.0,0.0
2010-04-14 00:00:00+09:00,1620.0,1625.0,1590.0,1620.0,55966,0.0,0.0
2010-04-15 00:00:00+09:00,1640.0,1765.0,1630.0,1700.0,241284,0.0,0.0
2010-04-16 00:00:00+09:00,1730.0,1790.0,1690.0,1735.0,91610,0.0,0.0
2010-04-19 00:00:00+09:00,1750.0,1995.0,1710.0,1995.0,613317,0.0,0.0
2010-04-20 00:00:00+09:00,2040.0,2225.0,1800.0,1800.0,1969828,0.0,0.0
2010-04-21 00:00:00+09:00,1810.0,2070.0,1810.0,2070.0,1015303,0.0,0.0
2010-04-22 00:00:00+09:00,2075.0,2200.0,1980.0,1990.0,924588,0.0,0.0
2010-04-23 00:00:00+09:00,1980.0,2030.0,1900.0,1900.0,238525,0.0,0.0
2010-04-26 00:00:00+09:00,1940.0,1970.0,1865.0,1870.0,188697,0.0,0.0
2010-04-27 00:00:00+09:00,1940.0,1940.0,1860.0,1860.0,112978,0.0,0.0
2010-04-28 00:00:00+09:00,1855.0,1860.0,1730.0,1745.0,177729,0.0,0.0
2010-04-29 00:00:00+09:00,1745.0,1795.0,1715.0,1795.0,70331,0.0,0.0
2010-04-30 00:00:00+09:00,1770.0,1820.0,1765.0,1800.0,51431,0.0,0.0
2010-05-03 00:00:00+09:00,1800.0,1840.0,1760.0,1820.0,33036,0.0,0.0
2010-05-04 00:00:00+09:00,1830.0,1830.0,1770.0,1775.0,16095,0.0,0.0
2010-05-06 00:00:00+09:00,1775.0,1775.0,1650.0,1670.0,80906,0.0,0.0
2010-05-07 00:00:00+09:00,1600.0,1910.0,1525.0,1710.0,119643,0.0,0.0
2010-05-10 00:00:00+09:00,1760.0,1800.0,1710.0,1780.0,22729,0.0,0.0
2010-05-11 00:00:00+09:00,1785.0,1835.0,1760.0,1760.0,53141,0.0,0.0
2010-05-12 00:00:00+09:00,1795.0,1815.0,1750.0,1765.0,14681,0.0,0.0
2010-05-13 00:00:00+09:00,1830.0,1895.0,1765.0,1885.0,102359,0.0,0.0
2010-05-14 00:00:00+09:00,1910.0,1910.0,1830.0,1840.0,52229,0.0,0.0
2010-05-17 00:00:00+09:00,1865.0,1865.0,1790.0,1850.0,79474,0.0,0.0
2010-05-18 00:00:00+09:00,1820.0,1900.0,1770.0,1825.0,71353,0.0,0.0
2010-05-19 00:00:00+09:00,1825.0,1865.0,1715.0,1725.0,29223,0.0,0.0
2010-05-20 00:00:00+09:00,1780.0,1780.0,1600.0,1610.0,45729,0.0,0.0
2010-05-24 00:00:00+09:00,1740.0,1740.0,1580.0,1605.0,72862,0.0,0.0
2010-05-25 00:00:00+09:00,1690.0,1690.0,1550.0,1650.0,30408,0.0,0.0
2010-05-26 00:00:00+09:00,1650.0,1670.0,1585.0,1605.0,27115,0.0,0.0
2010-05-27 00:00:00+09:00,1610.0,1665.0,1610.0,1610.0,16810,0.0,0.0
2010-05-28 00:00:00+09:00,1665.0,1745.0,1615.0,1710.0,23629,0.0,0.0
2010-05-31 00:00:00+09:00,1670.0,1740.0,1655.0,1695.0,30683,0.0,0.0
2010-06-01 00:00:00+09:00,1695.0,1720.0,1670.0,1685.0,14127,0.0,0.0
2010-06-03 00:00:00+09:00,1700.0,1755.0,1660.0,1725.0,30195,0.0,0.0
2010-06-04 00:00:00+09:00,1800.0,1800.0,1705.0,1720.0,15704,0.0,0.0
2010-06-07 00:00:00+09:00,1750.0,1750.0,1670.0,1680.0,12170,0.0,0.0
2010-06-08 00:00:00+09:00,1665.0,1710.0,1655.0,1690.0,13683,0.0,0.0
2010-06-09 00:00:00+09:00,1690.0,1760.0,1630.0,1760.0,24244,0.0,0.0
2010-06-10 00:00:00+09:00,1760.0,1760.0,1665.0,1730.0,28416,0.0,0.0
2010-06-11 00:00:00+09:00,1740.0,1750.0,1685.0,1695.0,13483,0.0,0.0
2010-06-14 00:00:00+09:00,1750.0,1750.0,1675.0,1750.0,15306,0.0,0.0
2010-06-15 00:00:00+09:00,1785.0,1785.0,1700.0,1705.0,12110,0.0,0.0
2010-06-16 00:00:00+09:00,1705.0,1740.0,1690.0,1720.0,18475,0.0,0.0
2010-06-17 00:00:00+09:00,1790.0,1790.0,1685.0,1725.0,31845,0.0,0.0
2010-06-18 00:00:00+09:00,1750.0,1750.0,1675.0,1720.0,41993,0.0,0.0
2010-06-21 00:00:00+09:00,1665.0,1735.0,1665.0,1695.0,19507,0.0,0.0
2010-06-22 00:00:00+09:00,1720.0,1725.0,1680.0,1715.0,21854,0.0,0.0
2010-06-23 00:00:00+09:00,1780.0,1780.0,1680.0,1680.0,11972,0.0,0.0
2010-06-24 00:00:00+09:00,1660.0,1740.0,1660.0,1740.0,27473,0.0,0.0
2010-06-25 00:00:00+09:00,1755.0,1770.0,1710.0,1740.0,38123,0.0,0.0
2010-06-28 00:00:00+09:00,1745.0,1745.0,1700.0,1735.0,20077,0.0,0.0
2010-06-29 00:00:00+09:00,1745.0,1745.0,1690.0,1720.0,20974,0.0,0.0
2010-06-30 00:00:00+09:00,1710.0,1740.0,1665.0,1695.0,19501,0.0,0.0
2010-07-01 00:00:00+09:00,1655.0,1740.0,1655.0,1740.0,33044,0.0,0.0
2010-07-02 00:00:00+09:00,1750.0,1750.0,1700.0,1700.0,8164,0.0,0.0
2010-07-05 00:00:00+09:00,1710.0,1710.0,1635.0,1680.0,18484,0.0,0.0
2010-07-06 00:00:00+09:00,1640.0,1680.0,1545.0,1665.0,44963,0.0,0.0
2010-07-07 00:00:00+09:00,1660.0,1660.0,1570.0,1620.0,15691,0.0,0.0
2010-07-08 00:00:00+09:00,1660.0,1660.0,1615.0,1630.0,18390,0.0,0.0
2010-07-09 00:00:00+09:00,1620.0,1675.0,1555.0,1640.0,36497,0.0,0.0
2010-07-12 00:00:00+09:00,1650.0,1650.0,1600.0,1640.0,2903,0.0,0.0
2010-07-13 00:00:00+09:00,1690.0,1690.0,1605.0,1630.0,8684,0.0,0.0
2010-07-14 00:00:00+09:00,1640.0,1640.0,1595.0,1615.0,17767,0.0,0.0
2010-07-15 00:00:00+09:00,1600.0,1615.0,1595.0,1610.0,2768,0.0,0.0
2010-07-16 00:00:00+09:00,1605.0,1610.0,1595.0,1610.0,19724,0.0,0.0
2010-07-19 00:00:00+09:00,1615.0,1620.0,1590.0,1610.0,3372,0.0,0.0
2010-07-20 00:00:00+09:00,1580.0,1610.0,1580.0,1610.0,2393,0.0,0.0
2010-07-21 00:00:00+09:00,1620.0,1620.0,1590.0,1610.0,6581,0.0,0.0
2010-07-22 00:00:00+09:00,1605.0,1610.0,1550.0,1550.0,15768,0.0,0.0
2010-07-23 00:00:00+09:00,1535.0,1585.0,1515.0,1585.0,31174,0.0,0.0
2010-07-26 00:00:00+09:00,1575.0,1575.0,1530.0,1535.0,17397,0.0,0.0
2010-07-27 00:00:00+09:00,1520.0,1550.0,1520.0,1550.0,4418,0.0,0.0
2010-07-28 00:00:00+09:00,1550.0,1550.0,1495.0,1500.0,23494,0.0,0.0
2010-07-29 00:00:00+09:00,1510.0,1570.0,1510.0,1550.0,22622,0.0,0.0
2010-07-30 00:00:00+09:00,1555.0,1775.0,1535.0,1685.0,54476,0.0,0.0
2010-08-02 00:00:00+09:00,1685.0,1700.0,1630.0,1640.0,15104,0.0,0.0
2010-08-03 00:00:00+09:00,1610.0,1650.0,1610.0,1640.0,11298,0.0,0.0
2010-08-04 00:00:00+09:00,1670.0,1670.0,1610.0,1630.0,18611,0.0,0.0
2010-08-05 00:00:00+09:00,1665.0,1665.0,1635.0,1655.0,7530,0.0,0.0
2010-08-06 00:00:00+09:00,1630.0,1680.0,1625.0,1650.0,12176,0.0,0.0
2010-08-09 00:00:00+09:00,1690.0,1690.0,1635.0,1665.0,5099,0.0,0.0
2010-08-10 00:00:00+09:00,1690.0,1690.0,1625.0,1660.0,10233,0.0,0.0
2010-08-11 00:00:00+09:00,1620.0,1710.0,1605.0,1640.0,27419,0.0,0.0
2010-08-12 00:00:00+09:00,1730.0,1750.0,1540.0,1645.0,17210,0.0,0.0
2010-08-13 00:00:00+09:00,1655.0,1655.0,1600.0,1610.0,24474,0.0,0.0
2010-08-16 00:00:00+09:00,1600.0,1635.0,1600.0,1600.0,7604,0.0,0.0
2010-08-17 00:00:00+09:00,1630.0,1645.0,1545.0,1580.0,19259,0.0,0.0
2010-08-18 00:00:00+09:00,1590.0,1705.0,1555.0,1585.0,9732,0.0,0.0
2010-08-19 00:00:00+09:00,1635.0,1635.0,1585.0,1610.0,4773,0.0,0.0
2010-08-20 00:00:00+09:00,1565.0,1640.0,1565.0,1640.0,5384,0.0,0.0
2010-08-23 00:00:00+09:00,1555.0,1650.0,1555.0,1610.0,6975,0.0,0.0
2010-08-24 00:00:00+09:00,1585.0,1620.0,1580.0,1585.0,6316,0.0,0.0
2010-08-25 00:00:00+09:00,1555.0,1610.0,1535.0,1605.0,11160,0.0,0.0
2010-08-26 00:00:00+09:00,1615.0,1615.0,1555.0,1610.0,6264,0.0,0.0
2010-08-27 00:00:00+09:00,1610.0,1635.0,1560.0,1560.0,18859,0.0,0.0
2010-08-30 00:00:00+09:00,1550.0,1585.0,1540.0,1580.0,13041,0.0,0.0
2010-08-31 00:00:00+09:00,1580.0,1650.0,1550.0,1570.0,10401,0.0,0.0
2010-09-01 00:00:00+09:00,1555.0,1605.0,1555.0,1595.0,3127,0.0,0.0
2010-09-02 00:00:00+09:00,1610.0,1610.0,1560.0,1595.0,2003,0.0,0.0
2010-09-03 00:00:00+09:00,1610.0,1610.0,1565.0,1590.0,3291,0.0,0.0
2010-09-06 00:00:00+09:00,1565.0,1630.0,1565.0,1620.0,10765,0.0,0.0
2010-09-07 00:00:00+09:00,1630.0,1630.0,1590.0,1590.0,3300,0.0,0.0
2010-09-08 00:00:00+09:00,1570.0,1615.0,1570.0,1580.0,1444,0.0,0.0
2010-09-09 00:00:00+09:00,1565.0,1650.0,1555.0,1600.0,32948,0.0,0.0
2010-09-10 00:00:00+09:00,1630.0,1630.0,1585.0,1630.0,4344,0.0,0.0
2010-09-13 00:00:00+09:00,1745.0,1745.0,1605.0,1675.0,16740,0.0,0.0
2010-09-14 00:00:00+09:00,1675.0,1680.0,1625.0,1675.0,5495,0.0,0.0
2010-09-15 00:00:00+09:00,1650.0,1675.0,1630.0,1630.0,4535,0.0,0.0
2010-09-16 00:00:00+09:00,1635.0,1660.0,1635.0,1660.0,1879,0.0,0.0
2010-09-17 00:00:00+09:00,1675.0,1690.0,1625.0,1630.0,8681,0.0,0.0
2010-09-20 00:00:00+09:00,1640.0,1655.0,1620.0,1650.0,2402,0.0,0.0
2010-09-24 00:00:00+09:00,1665.0,1700.0,1650.0,1700.0,30150,0.0,0.0
2010-09-27 00:00:00+09:00,1670.0,1705.0,1650.0,1685.0,19742,0.0,0.0
2010-09-28 00:00:00+09:00,1685.0,1685.0,1650.0,1655.0,7419,0.0,0.0
2010-09-29 00:00:00+09:00,1640.0,1700.0,1640.0,1645.0,8774,0.0,0.0
2010-09-30 00:00:00+09:00,1680.0,1695.0,1640.0,1650.0,5133,0.0,0.0
2010-10-01 00:00:00+09:00,1685.0,1685.0,1635.0,1650.0,3543,0.0,0.0
2010-10-04 00:00:00+09:00,1660.0,1685.0,1630.0,1685.0,5809,0.0,0.0
2010-10-05 00:00:00+09:00,1685.0,1690.0,1645.0,1645.0,7129,0.0,0.0
2010-10-06 00:00:00+09:00,1640.0,1675.0,1635.0,1670.0,7792,0.0,0.0
2010-10-07 00:00:00+09:00,1680.0,1685.0,1630.0,1685.0,33750,0.0,0.0
2010-10-08 00:00:00+09:00,1685.0,1685.0,1645.0,1685.0,10814,0.0,0.0
2010-10-11 00:00:00+09:00,1695.0,1720.0,1670.0,1685.0,4752,0.0,0.0
2010-10-12 00:00:00+09:00,1685.0,1700.0,1670.0,1685.0,5570,0.0,0.0
2010-10-13 00:00:00+09:00,1690.0,1695.0,1665.0,1665.0,11606,0.0,0.0
2010-10-14 00:00:00+09:00,1670.0,1695.0,1665.0,1665.0,6432,0.0,0.0
2010-10-15 00:00:00+09:00,1660.0,1685.0,1660.0,1685.0,9985,0.0,0.0
2010-10-18 00:00:00+09:00,1695.0,1695.0,1650.0,1660.0,8957,0.0,0.0
2010-10-19 00:00:00+09:00,1665.0,1695.0,1640.0,1665.0,32734,0.0,0.0
2010-10-20 00:00:00+09:00,1640.0,1685.0,1640.0,1675.0,9907,0.0,0.0
2010-10-21 00:00:00+09:00,1685.0,1685.0,1650.0,1650.0,11126,0.0,0.0
2010-10-22 00:00:00+09:00,1650.0,1675.0,1650.0,1665.0,17593,0.0,0.0
2010-10-25 00:00:00+09:00,1685.0,1690.0,1660.0,1690.0,4355,0.0,0.0
2010-10-26 00:00:00+09:00,1665.0,1715.0,1660.0,1685.0,8180,0.0,0.0
2010-10-27 00:00:00+09:00,1690.0,1690.0,1650.0,1690.0,17303,0.0,0.0
2010-10-28 00:00:00+09:00,1670.0,1690.0,1650.0,1680.0,11490,0.0,0.0
2010-10-29 00:00:00+09:00,1680.0,1710.0,1660.0,1690.0,33820,0.0,0.0
2010-11-01 00:00:00+09:00,1705.0,1705.0,1665.0,1670.0,16876,0.0,0.0
2010-11-02 00:00:00+09:00,1615.0,1680.0,1615.0,1670.0,37008,0.0,0.0
2010-11-03 00:00:00+09:00,1685.0,1690.0,1640.0,1650.0,52140,0.0,0.0
2010-11-04 00:00:00+09:00,1660.0,1670.0,1600.0,1610.0,45970,0.0,0.0
2010-11-05 00:00:00+09:00,1615.0,1640.0,1575.0,1625.0,26116,0.0,0.0
2010-11-08 00:00:00+09:00,1620.0,1620.0,1580.0,1580.0,11390,0.0,0.0
2010-11-09 00:00:00+09:00,1615.0,1615.0,1550.0,1550.0,14476,0.0,0.0
2010-11-10 00:00:00+09:00,1560.0,1585.0,1555.0,1585.0,19642,0.0,0.0
2010-11-11 00:00:00+09:00,1625.0,1625.0,1575.0,1590.0,6083,0.0,0.0
2010-11-12 00:00:00+09:00,1560.0,1620.0,1540.0,1545.0,17605,0.0,0.0
2010-11-15 00:00:00+09:00,1520.0,1630.0,1490.0,1540.0,25421,0.0,0.0
2010-11-16 00:00:00+09:00,1535.0,1555.0,1495.0,1500.0,18558,0.0,0.0
2010-11-17 00:00:00+09:00,1490.0,1545.0,1490.0,1505.0,7077,0.0,0.0
2010-11-18 00:00:00+09:00,1500.0,1570.0,1500.0,1560.0,14955,0.0,0.0
2010-11-19 00:00:00+09:00,1600.0,1600.0,1515.0,1550.0,9177,0.0,0.0
2010-11-22 00:00:00+09:00,1575.0,1575.0,1495.0,1495.0,19180,0.0,0.0
2010-11-23 00:00:00+09:00,1505.0,1505.0,1495.0,1505.0,2931,0.0,0.0
2010-11-24 00:00:00+09:00,1455.0,1540.0,1410.0,1515.0,11485,0.0,0.0
2010-11-25 00:00:00+09:00,1590.0,1590.0,1470.0,1480.0,20119,0.0,0.0
2010-11-26 00:00:00+09:00,1460.0,1600.0,1460.0,1510.0,31338,0.0,0.0
2010-11-29 00:00:00+09:00,1570.0,1570.0,1475.0,1545.0,8371,0.0,0.0
2010-11-30 00:00:00+09:00,1500.0,1540.0,1495.0,1535.0,13130,0.0,0.0
2010-12-01 00:00:00+09:00,1530.0,1570.0,1500.0,1545.0,10036,0.0,0.0
2010-12-02 00:00:00+09:00,1570.0,1590.0,1510.0,1590.0,17198,0.0,0.0
2010-12-03 00:00:00+09:00,1525.0,1600.0,1525.0,1590.0,10180,0.0,0.0
2010-12-06 00:00:00+09:00,1640.0,1640.0,1530.0,1600.0,6923,0.0,0.0
2010-12-07 00:00:00+09:00,1600.0,1615.0,1555.0,1570.0,13718,0.0,0.0
2010-12-08 00:00:00+09:00,1570.0,1605.0,1550.0,1600.0,12462,0.0,0.0
2010-12-09 00:00:00+09:00,1610.0,1610.0,1560.0,1565.0,7352,0.0,0.0
2010-12-10 00:00:00+09:00,1610.0,1795.0,1565.0,1630.0,30133,0.0,0.0
2010-12-13 00:00:00+09:00,1630.0,1680.0,1595.0,1650.0,48609,0.0,0.0
2010-12-14 00:00:00+09:00,1645.0,1680.0,1605.0,1650.0,9215,0.0,0.0
2010-12-15 00:00:00+09:00,1690.0,1690.0,1620.0,1650.0,9241,0.0,0.0
2010-12-16 00:00:00+09:00,1670.0,1670.0,1600.0,1625.0,2774,0.0,0.0
2010-12-17 00:00:00+09:00,1675.0,1675.0,1585.0,1625.0,11715,0.0,0.0
2010-12-20 00:00:00+09:00,1680.0,1680.0,1550.0,1630.0,9001,0.0,0.0
2010-12-21 00:00:00+09:00,1670.0,1670.0,1550.0,1555.0,44881,0.0,0.0
2010-12-22 00:00:00+09:00,1585.0,1590.0,1550.0,1575.0,6668,0.0,0.0
2010-12-23 00:00:00+09:00,1600.0,1620.0,1540.0,1600.0,23675,0.0,0.0
2010-12-24 00:00:00+09:00,1620.0,1620.0,1560.0,1600.0,7846,0.0,0.0
2010-12-27 00:00:00+09:00,1640.0,1640.0,1560.0,1580.0,4620,0.0,0.0
2010-12-28 00:00:00+09:00,1560.0,1655.0,1560.0,1590.0,11605,0.0,0.0
2010-12-29 00:00:00+09:00,1565.0,1620.0,1565.0,1575.0,11242,0.0,0.0
2010-12-30 00:00:00+09:00,1630.0,1630.0,1565.0,1590.0,4646,0.0,0.0
2011-01-03 00:00:00+09:00,1640.0,1640.0,1565.0,1595.0,13499,0.0,0.0
2011-01-04 00:00:00+09:00,1570.0,1615.0,1565.0,1580.0,1758,0.0,0.0
2011-01-05 00:00:00+09:00,1570.0,1595.0,1515.0,1585.0,24308,0.0,0.0
2011-01-06 00:00:00+09:00,1550.0,1600.0,1550.0,1590.0,4542,0.0,0.0
2011-01-07 00:00:00+09:00,1620.0,1620.0,1570.0,1600.0,1599,0.0,0.0
2011-01-10 00:00:00+09:00,1555.0,1615.0,1555.0,1600.0,2494,0.0,0.0
2011-01-11 00:00:00+09:00,1565.0,1600.0,1555.0,1600.0,8520,0.0,0.0
2011-01-12 00:00:00+09:00,1565.0,1620.0,1560.0,1615.0,5254,0.0,0.0
2011-01-13 00:00:00+09:00,1590.0,1600.0,1560.0,1585.0,6222,0.0,0.0
2011-01-14 00:00:00+09:00,1565.0,1635.0,1525.0,1545.0,37390,0.0,0.0
2011-01-17 00:00:00+09:00,1550.0,1570.0,1490.0,1535.0,27380,0.0,0.0
2011-01-18 00:00:00+09:00,1505.0,1560.0,1505.0,1535.0,11628,0.0,0.0
2011-01-19 00:00:00+09:00,1500.0,1540.0,1500.0,1520.0,21217,0.0,0.0
2011-01-20 00:00:00+09:00,1510.0,1560.0,1490.0,1520.0,6745,0.0,0.0
2011-01-21 00:00:00+09:00,1500.0,1575.0,1495.0,1520.0,12594,0.0,0.0
2011-01-24 00:00:00+09:00,1515.0,1545.0,1470.0,1475.0,14764,0.0,0.0
2011-01-25 00:00:00+09:00,1475.0,1500.0,1415.0,1455.0,44045,0.0,0.0
2011-01-26 00:00:00+09:00,1500.0,1500.0,1435.0,1455.0,23554,0.0,0.0
2011-01-27 00:00:00+09:00,1425.0,1490.0,1425.0,1455.0,19037,0.0,0.0
2011-01-28 00:00:00+09:00,1430.0,1470.0,1430.0,1455.0,7633,0.0,0.0
2011-01-31 00:00:00+09:00,1455.0,1545.0,1425.0,1440.0,33591,0.0,0.0
2011-02-01 00:00:00+09:00,1505.0,1505.0,1415.0,1440.0,21212,0.0,0.0
2011-02-07 00:00:00+09:00,1430.0,1510.0,1430.0,1450.0,29423,0.0,0.0
2011-02-08 00:00:00+09:00,1505.0,1505.0,1450.0,1495.0,2757,0.0,0.0
2011-02-09 00:00:00+09:00,1455.0,1480.0,1450.0,1460.0,1823,0.0,0.0
2011-02-10 00:00:00+09:00,1515.0,1515.0,1445.0,1470.0,2435,0.0,0.0
2011-02-11 00:00:00+09:00,1490.0,1490.0,1430.0,1480.0,5428,0.0,0.0
2011-02-14 00:00:00+09:00,1480.0,1480.0,1470.0,1470.0,1530,0.0,0.0
2011-02-15 00:00:00+09:00,1420.0,1475.0,1420.0,1475.0,5383,0.0,0.0
2011-02-16 00:00:00+09:00,1475.0,1475.0,1415.0,1460.0,10290,0.0,0.0
2011-02-17 00:00:00+09:00,1500.0,1505.0,1395.0,1440.0,7934,0.0,0.0
2011-02-18 00:00:00+09:00,1450.0,1450.0,1390.0,1440.0,2123,0.0,0.0
2011-02-21 00:00:00+09:00,1450.0,1475.0,1410.0,1440.0,14196,0.0,0.0
2011-02-22 00:00:00+09:00,1450.0,1465.0,1400.0,1440.0,1535,0.0,0.0
2011-02-23 00:00:00+09:00,1460.0,1460.0,1360.0,1360.0,33951,0.0,0.0
2011-02-24 00:00:00+09:00,1350.0,1520.0,1350.0,1400.0,26878,0.0,0.0
2011-02-25 00:00:00+09:00,1515.0,1515.0,1385.0,1420.0,3206,0.0,0.0
2011-02-28 00:00:00+09:00,1500.0,1510.0,1390.0,1410.0,1566,0.0,0.0
2011-03-02 00:00:00+09:00,1460.0,1460.0,1395.0,1410.0,15466,0.0,0.0
2011-03-03 00:00:00+09:00,1460.0,1460.0,1390.0,1405.0,7668,0.0,0.0
2011-03-04 00:00:00+09:00,1410.0,1415.0,1395.0,1415.0,9148,0.0,0.0
2011-03-07 00:00:00+09:00,1420.0,1425.0,1350.0,1420.0,4331,0.0,0.0
2011-03-08 00:00:00+09:00,1420.0,1450.0,1360.0,1420.0,11166,0.0,0.0
2011-03-09 00:00:00+09:00,1430.0,1485.0,1415.0,1430.0,6785,0.0,0.0
2011-03-10 00:00:00+09:00,1435.0,1470.0,1425.0,1450.0,20134,0.0,0.0
2011-03-11 00:00:00+09:00,1460.0,1470.0,1415.0,1465.0,5421,0.0,0.0
2011-03-14 00:00:00+09:00,1465.0,1500.0,1385.0,1500.0,13777,0.0,0.0
2011-03-15 00:00:00+09:00,1490.0,1510.0,1410.0,1485.0,20921,0.0,0.0
2011-03-16 00:00:00+09:00,1485.0,1520.0,1400.0,1445.0,33368,0.0,0.0
2011-03-17 00:00:00+09:00,1455.0,1455.0,1415.0,1415.0,6678,0.0,0.0
2011-03-18 00:00:00+09:00,1445.0,1500.0,1400.0,1480.0,9347,0.0,0.0
2011-03-21 00:00:00+09:00,1455.0,1510.0,1430.0,1500.0,4902,0.0,0.0
2011-03-22 00:00:00+09:00,1500.0,1500.0,1430.0,1450.0,15067,0.0,0.0
2011-03-23 00:00:00+09:00,1480.0,1490.0,1420.0,1450.0,9681,0.0,0.0
2011-03-24 00:00:00+09:00,1450.0,1460.0,1430.0,1445.0,9182,0.0,0.0
2011-03-25 00:00:00+09:00,1470.0,1485.0,1425.0,1445.0,11186,0.0,0.0
2011-03-28 00:00:00+09:00,1455.0,1455.0,1420.0,1440.0,5224,0.0,0.0
2011-03-29 00:00:00+09:00,1430.0,1450.0,1405.0,1450.0,17680,0.0,0.0
2011-03-30 00:00:00+09:00,1475.0,1475.0,1415.0,1435.0,7634,0.0,0.0
2011-03-31 00:00:00+09:00,1420.0,1480.0,1415.0,1435.0,19200,0.0,0.0
2011-04-01 00:00:00+09:00,1445.0,1445.0,1400.0,1440.0,28881,0.0,0.0
2011-04-04 00:00:00+09:00,1420.0,1460.0,1420.0,1450.0,19467,0.0,0.0
2011-04-05 00:00:00+09:00,1450.0,1470.0,1430.0,1470.0,10451,0.0,0.0
2011-04-06 00:00:00+09:00,1440.0,1460.0,1440.0,1450.0,7491,0.0,0.0
2011-04-07 00:00:00+09:00,1465.0,1490.0,1435.0,1480.0,11941,0.0,0.0
2011-04-08 00:00:00+09:00,1500.0,1530.0,1455.0,1490.0,11802,0.0,0.0
2011-04-11 00:00:00+09:00,1500.0,1500.0,1440.0,1445.0,13595,0.0,0.0
2011-04-12 00:00:00+09:00,1435.0,1465.0,1430.0,1430.0,3314,0.0,0.0
2011-04-13 00:00:00+09:00,1440.0,1460.0,1415.0,1460.0,12341,0.0,0.0
2011-04-14 00:00:00+09:00,1465.0,1500.0,1455.0,1500.0,1355,0.0,0.0
2011-04-15 00:00:00+09:00,1495.0,1495.0,1430.0,1440.0,10318,0.0,0.0
2011-04-18 00:00:00+09:00,1475.0,1505.0,1435.0,1455.0,27714,0.0,0.0
2011-04-19 00:00:00+09:00,1415.0,1490.0,1415.0,1490.0,7777,0.0,0.0
2011-04-20 00:00:00+09:00,1490.0,1500.0,1445.0,1460.0,12603,0.0,0.0
2011-04-21 00:00:00+09:00,1480.0,1490.0,1445.0,1475.0,16674,0.0,0.0
2011-04-22 00:00:00+09:00,1450.0,1500.0,1435.0,1475.0,9648,0.0,0.0
2011-04-25 00:00:00+09:00,1500.0,1500.0,1450.0,1470.0,4409,0.0,0.0
2011-04-26 00:00:00+09:00,1500.0,1500.0,1450.0,1495.0,20879,0.0,0.0
2011-04-27 00:00:00+09:00,1470.0,1530.0,1470.0,1515.0,19227,0.0,0.0
2011-04-28 00:00:00+09:00,1515.0,1740.0,1515.0,1645.0,713647,0.0,0.0
2011-04-29 00:00:00+09:00,1640.0,1790.0,1630.0,1750.0,307815,0.0,0.0
2011-05-02 00:00:00+09:00,1750.0,1780.0,1655.0,1665.0,165071,0.0,0.0
2011-05-03 00:00:00+09:00,1665.0,1720.0,1635.0,1700.0,87250,0.0,0.0
2011-05-04 00:00:00+09:00,1690.0,1830.0,1690.0,1780.0,153662,0.0,0.0
2011-05-06 00:00:00+09:00,1750.0,1800.0,1660.0,1685.0,68764,0.0,0.0
2011-05-09 00:00:00+09:00,1660.0,1710.0,1620.0,1685.0,28095,0.0,0.0
2011-05-11 00:00:00+09:00,1650.0,1935.0,1630.0,1885.0,596850,0.0,0.0
2011-05-12 00:00:00+09:00,1880.0,1900.0,1740.0,1765.0,248149,0.0,0.0
2011-05-13 00:00:00+09:00,1800.0,1845.0,1670.0,1725.0,212522,0.0,0.0
2011-05-16 00:00:00+09:00,1590.0,1675.0,1525.0,1530.0,417507,0.0,0.0
2011-05-17 00:00:00+09:00,1510.0,1565.0,1460.0,1460.0,100012,0.0,0.0
2011-05-18 00:00:00+09:00,1500.0,1585.0,1480.0,1550.0,110029,0.0,0.0
2011-05-19 00:00:00+09:00,1520.0,1565.0,1490.0,1490.0,57772,0.0,0.0
2011-05-20 00:00:00+09:00,1500.0,1520.0,1455.0,1515.0,39477,0.0,0.0
2011-05-23 00:00:00+09:00,1515.0,1520.0,1440.0,1455.0,37723,0.0,0.0
2011-05-24 00:00:00+09:00,1440.0,1470.0,1380.0,1455.0,20793,0.0,0.0
2011-05-25 00:00:00+09:00,1470.0,1475.0,1425.0,1475.0,11400,0.0,0.0
2011-05-26 00:00:00+09:00,1480.0,1495.0,1420.0,1495.0,18533,0.0,0.0
2011-05-27 00:00:00+09:00,1500.0,1550.0,1430.0,1445.0,23757,0.0,0.0
2011-05-30 00:00:00+09:00,1495.0,1500.0,1445.0,1445.0,7599,0.0,0.0
2011-05-31 00:00:00+09:00,1445.0,1480.0,1415.0,1420.0,25262,0.0,0.0
2011-06-01 00:00:00+09:00,1420.0,1480.0,1410.0,1455.0,22841,0.0,0.0
2011-06-02 00:00:00+09:00,1450.0,1460.0,1430.0,1450.0,6445,0.0,0.0
2011-06-03 00:00:00+09:00,1470.0,1470.0,1430.0,1460.0,5054,0.0,0.0
2011-06-07 00:00:00+09:00,1425.0,1490.0,1425.0,1450.0,5467,0.0,0.0
2011-06-08 00:00:00+09:00,1420.0,1465.0,1415.0,1415.0,9069,0.0,0.0
2011-06-09 00:00:00+09:00,1450.0,1550.0,1400.0,1480.0,25021,0.0,0.0
2011-06-10 00:00:00+09:00,1460.0,1540.0,1460.0,1480.0,7373,0.0,0.0
2011-06-13 00:00:00+09:00,1430.0,1510.0,1430.0,1490.0,7567,0.0,0.0
2011-06-14 00:00:00+09:00,1450.0,1600.0,1445.0,1535.0,29692,0.0,0.0
2011-06-15 00:00:00+09:00,1535.0,1560.0,1475.0,1500.0,17232,0.0,0.0
2011-06-16 00:00:00+09:00,1490.0,1580.0,1455.0,1455.0,55911,0.0,0.0
2011-06-17 00:00:00+09:00,1480.0,1510.0,1445.0,1495.0,32677,0.0,0.0
2011-06-20 00:00:00+09:00,1455.0,1530.0,1455.0,1495.0,9164,0.0,0.0
2011-06-21 00:00:00+09:00,1510.0,1510.0,1470.0,1485.0,18690,0.0,0.0
2011-06-22 00:00:00+09:00,1510.0,1520.0,1465.0,1480.0,10732,0.0,0.0
2011-06-23 00:00:00+09:00,1450.0,1485.0,1450.0,1485.0,14473,0.0,0.0
2011-06-24 00:00:00+09:00,1485.0,1510.0,1440.0,1470.0,11768,0.0,0.0
2011-06-27 00:00:00+09:00,1440.0,1545.0,1440.0,1465.0,15077,0.0,0.0
2011-06-28 00:00:00+09:00,1465.0,1485.0,1450.0,1475.0,14452,0.0,0.0
2011-06-29 00:00:00+09:00,1490.0,1490.0,1445.0,1470.0,5642,0.0,0.0
2011-06-30 00:00:00+09:00,1460.0,1495.0,1450.0,1470.0,8971,0.0,0.0
2011-07-01 00:00:00+09:00,1490.0,1490.0,1470.0,1485.0,8640,0.0,0.0
2011-07-04 00:00:00+09:00,1490.0,1615.0,1475.0,1530.0,82634,0.0,0.0
2011-07-05 00:00:00+09:00,1590.0,1635.0,1535.0,1550.0,65511,0.0,0.0
2011-07-06 00:00:00+09:00,1585.0,1590.0,1540.0,1585.0,8051,0.0,0.0
2011-07-07 00:00:00+09:00,1600.0,1650.0,1595.0,1630.0,32829,0.0,0.0
2011-07-08 00:00:00+09:00,1650.0,1820.0,1595.0,1600.0,286155,0.0,0.0
2011-07-11 00:00:00+09:00,1600.0,1640.0,1565.0,1625.0,25246,0.0,0.0
2011-07-12 00:00:00+09:00,1605.0,1625.0,1525.0,1565.0,53679,0.0,0.0
2011-07-13 00:00:00+09:00,1550.0,1590.0,1500.0,1545.0,47009,0.0,0.0
2011-07-14 00:00:00+09:00,1545.0,1595.0,1505.0,1560.0,26843,0.0,0.0
2011-07-15 00:00:00+09:00,1595.0,1790.0,1545.0,1790.0,500942,0.0,0.0
2011-07-18 00:00:00+09:00,1910.0,1995.0,1770.0,1845.0,843912,0.0,0.0
2011-07-19 00:00:00+09:00,1925.0,2120.0,1725.0,1790.0,1495711,0.0,0.0
2011-07-20 00:00:00+09:00,1830.0,1885.0,1790.0,1870.0,393937,0.0,0.0
2011-07-21 00:00:00+09:00,1910.0,2050.0,1890.0,1920.0,546908,0.0,0.0
2011-07-22 00:00:00+09:00,1900.0,1935.0,1840.0,1840.0,201581,0.0,0.0
2011-07-25 00:00:00+09:00,1905.0,2070.0,1805.0,1850.0,428467,0.0,0.0
2011-07-26 00:00:00+09:00,1835.0,1885.0,1765.0,1780.0,233107,0.0,0.0
2011-07-27 00:00:00+09:00,1780.0,1800.0,1725.0,1800.0,162070,0.0,0.0
2011-07-28 00:00:00+09:00,1795.0,2000.0,1755.0,2000.0,299361,0.0,0.0
2011-07-29 00:00:00+09:00,2030.0,2125.0,1925.0,2000.0,310742,0.0,0.0
2011-08-01 00:00:00+09:00,2000.0,2080.0,1960.0,1960.0,264724,0.0,0.0
2011-08-02 00:00:00+09:00,1970.0,2165.0,1960.0,2050.0,598616,0.0,0.0
2011-08-03 00:00:00+09:00,2045.0,2045.0,1915.0,2000.0,205893,0.0,0.0
2011-08-04 00:00:00+09:00,2000.0,2030.0,1925.0,1925.0,141453,0.0,0.0
2011-08-05 00:00:00+09:00,1720.0,1820.0,1695.0,1730.0,282013,0.0,0.0
2011-08-08 00:00:00+09:00,1780.0,1780.0,1480.0,1540.0,218288,0.0,0.0
2011-08-09 00:00:00+09:00,1540.0,1580.0,1385.0,1570.0,155645,0.0,0.0
2011-08-10 00:00:00+09:00,1575.0,1700.0,1575.0,1690.0,184110,0.0,0.0
2011-08-11 00:00:00+09:00,1600.0,1760.0,1515.0,1730.0,103789,0.0,0.0
2011-08-12 00:00:00+09:00,1745.0,1820.0,1710.0,1710.0,123071,0.0,0.0
2011-08-16 00:00:00+09:00,1780.0,1830.0,1725.0,1790.0,137920,0.0,0.0
2011-08-17 00:00:00+09:00,1830.0,1830.0,1730.0,1760.0,128642,0.0,0.0
2011-08-18 00:00:00+09:00,1760.0,1820.0,1700.0,1735.0,172377,0.0,0.0
2011-08-19 00:00:00+09:00,1640.0,1730.0,1615.0,1720.0,90210,0.0,0.0
2011-08-22 00:00:00+09:00,1740.0,1950.0,1670.0,1925.0,296092,0.0,0.0
2011-08-23 00:00:00+09:00,1930.0,2040.0,1850.0,1990.0,215480,0.0,0.0
2011-08-24 00:00:00+09:00,1995.0,2040.0,1905.0,1980.0,128669,0.0,0.0
2011-08-25 00:00:00+09:00,2000.0,2040.0,1790.0,1900.0,168412,0.0,0.0
2011-08-26 00:00:00+09:00,1895.0,2090.0,1840.0,2035.0,507962,0.0,0.0
2011-08-29 00:00:00+09:00,2030.0,2090.0,1980.0,1990.0,233405,0.0,0.0
2011-08-30 00:00:00+09:00,2050.0,2190.0,1990.0,2080.0,751654,0.0,0.0
2011-08-31 00:00:00+09:00,2100.0,2100.0,1990.0,2040.0,202330,0.0,0.0
2011-09-01 00:00:00+09:00,2050.0,2050.0,1895.0,1895.0,253068,0.0,0.0
2011-09-02 00:00:00+09:00,1915.0,1935.0,1840.0,1885.0,92673,0.0,0.0
2011-09-05 00:00:00+09:00,1880.0,1880.0,1745.0,1800.0,85022,0.0,0.0
2011-09-06 00:00:00+09:00,1795.0,1820.0,1680.0,1680.0,95223,0.0,0.0
2011-09-07 00:00:00+09:00,1700.0,1775.0,1700.0,1775.0,82704,0.0,0.0
2011-09-08 00:00:00+09:00,1815.0,1825.0,1725.0,1760.0,59840,0.0,0.0
2011-09-09 00:00:00+09:00,1770.0,1775.0,1725.0,1735.0,51456,0.0,0.0
2011-09-14 00:00:00+09:00,1740.0,1740.0,1625.0,1650.0,125453,0.0,0.0
2011-09-15 00:00:00+09:00,1665.0,1695.0,1630.0,1650.0,62116,0.0,0.0
2011-09-16 00:00:00+09:00,1635.0,1845.0,1635.0,1750.0,197101,0.0,0.0
2011-09-19 00:00:00+09:00,1790.0,1800.0,1715.0,1730.0,69898,0.0,0.0
2011-09-20 00:00:00+09:00,1700.0,1730.0,1680.0,1695.0,25373,0.0,0.0
2011-09-21 00:00:00+09:00,1700.0,1745.0,1685.0,1705.0,40826,0.0,0.0
2011-09-22 00:00:00+09:00,1660.0,1710.0,1645.0,1660.0,72336,0.0,0.0
2011-09-23 00:00:00+09:00,1575.0,1690.0,1575.0,1620.0,62302,0.0,0.0
2011-09-26 00:00:00+09:00,1735.0,1735.0,1380.0,1380.0,306161,0.0,0.0
2011-09-27 00:00:00+09:00,1380.0,1470.0,1380.0,1425.0,98420,0.0,0.0
2011-09-28 00:00:00+09:00,1430.0,1470.0,1410.0,1415.0,487684,0.0,0.0
2011-09-29 00:00:00+09:00,1425.0,1485.0,1410.0,1485.0,132193,0.0,0.0
2011-09-30 00:00:00+09:00,1520.0,1520.0,1455.0,1500.0,22834,0.0,0.0
2011-10-04 00:00:00+09:00,1500.0,1500.0,1315.0,1390.0,37003,0.0,0.0
2011-10-05 00:00:00+09:00,1440.0,1440.0,1360.0,1400.0,24468,0.0,0.0
2011-10-06 00:00:00+09:00,1480.0,1480.0,1400.0,1415.0,19119,0.0,0.0
2011-10-07 00:00:00+09:00,1445.0,1490.0,1395.0,1455.0,43901,0.0,0.0
2011-10-10 00:00:00+09:00,1435.0,1540.0,1435.0,1500.0,49099,0.0,0.0
2011-10-11 00:00:00+09:00,1560.0,1560.0,1520.0,1520.0,31093,0.0,0.0
2011-10-12 00:00:00+09:00,1520.0,1585.0,1515.0,1540.0,32378,0.0,0.0
2011-10-13 00:00:00+09:00,1550.0,1560.0,1500.0,1540.0,38433,0.0,0.0
2011-10-14 00:00:00+09:00,1555.0,1670.0,1525.0,1540.0,18725,0.0,0.0
2011-10-17 00:00:00+09:00,1540.0,1575.0,1540.0,1560.0,9654,0.0,0.0
2011-10-18 00:00:00+09:00,1500.0,1630.0,1500.0,1580.0,22734,0.0,0.0
2011-10-19 00:00:00+09:00,1610.0,1610.0,1520.0,1560.0,31638,0.0,0.0
2011-10-20 00:00:00+09:00,1535.0,1560.0,1500.0,1500.0,25323,0.0,0.0
2011-10-21 00:00:00+09:00,1550.0,1560.0,1495.0,1520.0,27761,0.0,0.0
2011-10-24 00:00:00+09:00,1555.0,1560.0,1490.0,1520.0,35644,0.0,0.0
2011-10-25 00:00:00+09:00,1540.0,1550.0,1515.0,1520.0,19700,0.0,0.0
2011-10-26 00:00:00+09:00,1570.0,1570.0,1500.0,1515.0,11900,0.0,0.0
2011-10-27 00:00:00+09:00,1545.0,1545.0,1480.0,1510.0,54315,0.0,0.0
2011-10-28 00:00:00+09:00,1515.0,1630.0,1505.0,1525.0,44569,0.0,0.0
2011-10-31 00:00:00+09:00,1525.0,1540.0,1480.0,1495.0,47196,0.0,0.0
2011-11-01 00:00:00+09:00,1535.0,1535.0,1460.0,1510.0,31722,0.0,0.0
2011-11-02 00:00:00+09:00,1470.0,1520.0,1470.0,1500.0,18428,0.0,0.0
2011-11-03 00:00:00+09:00,1505.0,1530.0,1495.0,1525.0,14982,0.0,0.0
2011-11-04 00:00:00+09:00,1535.0,1535.0,1500.0,1530.0,14114,0.0,0.0
2011-11-07 00:00:00+09:00,1570.0,1570.0,1530.0,1540.0,32990,0.0,0.0
2011-11-08 00:00:00+09:00,1550.0,1645.0,1525.0,1595.0,140614,0.0,0.0
2011-11-09 00:00:00+09:00,1620.0,1620.0,1570.0,1600.0,56594,0.0,0.0
2011-11-10 00:00:00+09:00,1575.0,1700.0,1515.0,1660.0,156264,0.0,0.0
2011-11-11 00:00:00+09:00,1660.0,1695.0,1635.0,1670.0,37982,0.0,0.0
2011-11-14 00:00:00+09:00,1680.0,1720.0,1670.0,1685.0,38970,0.0,0.0
2011-11-15 00:00:00+09:00,1680.0,1725.0,1670.0,1690.0,42340,0.0,0.0
2011-11-16 00:00:00+09:00,1720.0,1720.0,1635.0,1645.0,53721,0.0,0.0
2011-11-17 00:00:00+09:00,1645.0,1660.0,1610.0,1655.0,32028,0.0,0.0
2011-11-18 00:00:00+09:00,1660.0,1660.0,1625.0,1655.0,31156,0.0,0.0
2011-11-21 00:00:00+09:00,1625.0,1685.0,1625.0,1650.0,31692,0.0,0.0
2011-11-22 00:00:00+09:00,1645.0,1655.0,1605.0,1640.0,55008,0.0,0.0
2011-11-23 00:00:00+09:00,1665.0,1665.0,1450.0,1475.0,150550,0.0,0.0
2011-11-24 00:00:00+09:00,1560.0,1560.0,1400.0,1460.0,78743,0.0,0.0
2011-11-25 00:00:00+09:00,1460.0,1460.0,1390.0,1395.0,75097,0.0,0.0
2011-11-28 00:00:00+09:00,1400.0,1445.0,1370.0,1400.0,25892,0.0,0.0
2011-11-29 00:00:00+09:00,1405.0,1445.0,1390.0,1400.0,19976,0.0,0.0
2011-11-30 00:00:00+09:00,1405.0,1455.0,1405.0,1415.0,50547,0.0,0.0
2011-12-01 00:00:00+09:00,1425.0,1490.0,1425.0,1475.0,49057,0.0,0.0
2011-12-02 00:00:00+09:00,1470.0,1490.0,1435.0,1440.0,24496,0.0,0.0
2011-12-05 00:00:00+09:00,1445.0,1490.0,1430.0,1490.0,32835,0.0,0.0
2011-12-06 00:00:00+09:00,1500.0,1520.0,1410.0,1430.0,66408,0.0,0.0
2011-12-07 00:00:00+09:00,1435.0,1440.0,1410.0,1415.0,54179,0.0,0.0
2011-12-08 00:00:00+09:00,1420.0,1500.0,1420.0,1480.0,45749,0.0,0.0
2011-12-09 00:00:00+09:00,1465.0,1520.0,1425.0,1450.0,49445,0.0,0.0
2011-12-12 00:00:00+09:00,1480.0,1500.0,1445.0,1455.0,55432,0.0,0.0
2011-12-13 00:00:00+09:00,1440.0,1470.0,1425.0,1450.0,27843,0.0,0.0
2011-12-14 00:00:00+09:00,1450.0,1475.0,1425.0,1430.0,32663,0.0,0.0
2011-12-15 00:00:00+09:00,1445.0,1450.0,1400.0,1440.0,22211,0.0,0.0
2011-12-16 00:00:00+09:00,1470.0,1470.0,1425.0,1445.0,35516,0.0,0.0
2011-12-19 00:00:00+09:00,1430.0,1450.0,1325.0,1360.0,35017,0.0,0.0
2011-12-20 00:00:00+09:00,1345.0,1420.0,1345.0,1410.0,9130,0.0,0.0
2011-12-21 00:00:00+09:00,1410.0,1435.0,1390.0,1390.0,33013,0.0,0.0
2011-12-22 00:00:00+09:00,1410.0,1415.0,1360.0,1400.0,11928,0.0,0.0
2011-12-23 00:00:00+09:00,1400.0,1435.0,1390.0,1425.0,30351,0.0,0.0
2011-12-26 00:00:00+09:00,1445.0,1475.0,1400.0,1410.0,6535,0.0,0.0
2011-12-27 00:00:00+09:00,1425.0,1435.0,1390.0,1405.0,33001,0.0,0.0
2011-12-28 00:00:00+09:00,1390.0,1430.0,1385.0,1410.0,12584,0.0,0.0
2011-12-29 00:00:00+09:00,1415.0,1440.0,1390.0,1420.0,9763,0.0,0.0
2012-01-02 00:00:00+09:00,1445.0,1450.0,1405.0,1425.0,4850,0.0,0.0
2012-01-03 00:00:00+09:00,1430.0,1450.0,1405.0,1440.0,14556,0.0,0.0
2012-01-04 00:00:00+09:00,1440.0,1485.0,1430.0,1475.0,29448,0.0,0.0
2012-01-05 00:00:00+09:00,1475.0,1570.0,1455.0,1520.0,91585,0.0,0.0
2012-01-06 00:00:00+09:00,1530.0,1585.0,1500.0,1580.0,30061,0.0,0.0
2012-01-09 00:00:00+09:00,1580.0,1580.0,1535.0,1565.0,24170,0.0,0.0
2012-01-10 00:00:00+09:00,1545.0,1575.0,1520.0,1520.0,24948,0.0,0.0
2012-01-11 00:00:00+09:00,1510.0,1555.0,1480.0,1520.0,25534,0.0,0.0
2012-01-12 00:00:00+09:00,1520.0,1540.0,1485.0,1520.0,11536,0.0,0.0
2012-01-13 00:00:00+09:00,1530.0,1535.0,1495.0,1520.0,6997,0.0,0.0
2012-01-16 00:00:00+09:00,1525.0,1585.0,1490.0,1520.0,80632,0.0,0.0
2012-01-17 00:00:00+09:00,1540.0,1545.0,1480.0,1500.0,71708,0.0,0.0
2012-01-18 00:00:00+09:00,1500.0,1570.0,1490.0,1505.0,35910,0.0,0.0
2012-01-19 00:00:00+09:00,1550.0,1730.0,1520.0,1730.0,1509856,0.0,0.0
2012-01-20 00:00:00+09:00,1985.0,1985.0,1660.0,1660.0,2450978,0.0,0.0
2012-01-25 00:00:00+09:00,1650.0,1780.0,1630.0,1655.0,321860,0.0,0.0
2012-01-26 00:00:00+09:00,1675.0,1790.0,1615.0,1690.0,514714,0.0,0.0
2012-01-27 00:00:00+09:00,1690.0,1760.0,1650.0,1715.0,214865,0.0,0.0
2012-01-30 00:00:00+09:00,1730.0,1780.0,1690.0,1700.0,286444,0.0,0.0
2012-01-31 00:00:00+09:00,1715.0,1750.0,1650.0,1660.0,264573,0.0,0.0
2012-02-01 00:00:00+09:00,1690.0,1690.0,1610.0,1675.0,130001,0.0,0.0
2012-02-02 00:00:00+09:00,1690.0,1925.0,1650.0,1925.0,906900,0.0,0.0
2012-02-03 00:00:00+09:00,2055.0,2110.0,1855.0,1925.0,1553877,0.0,0.0
2012-02-06 00:00:00+09:00,1905.0,2075.0,1905.0,1970.0,928277,0.0,0.0
2012-02-07 00:00:00+09:00,1995.0,2025.0,1885.0,1955.0,481411,0.0,0.0
2012-02-08 00:00:00+09:00,1970.0,1975.0,1755.0,1790.0,590529,0.0,0.0
2012-02-09 00:00:00+09:00,1800.0,1850.0,1745.0,1840.0,359416,0.0,0.0
2012-02-10 00:00:00+09:00,1870.0,1880.0,1785.0,1795.0,217068,0.0,0.0
2012-02-13 00:00:00+09:00,1795.0,2035.0,1785.0,1935.0,876783,0.0,0.0
2012-02-14 00:00:00+09:00,1940.0,2065.0,1905.0,1965.0,555889,0.0,0.0
2012-02-15 00:00:00+09:00,1975.0,2005.0,1920.0,1980.0,230979,0.0,0.0
2012-02-16 00:00:00+09:00,1980.0,2100.0,1940.0,1940.0,353844,0.0,0.0
2012-02-17 00:00:00+09:00,1985.0,2230.0,1930.0,2230.0,1159925,0.0,0.0
2012-02-20 00:00:00+09:00,2560.0,2560.0,2480.0,2560.0,1141480,0.0,0.0
2012-02-21 00:00:00+09:00,2870.0,2940.0,2550.0,2740.0,5254655,0.0,0.0
2012-02-22 00:00:00+09:00,2700.0,3090.0,2605.0,2900.0,1902239,0.0,0.0
2012-02-23 00:00:00+09:00,3150.0,3280.0,2800.0,2880.0,1845718,0.0,0.0
2012-02-24 00:00:00+09:00,2910.0,2960.0,2450.0,2595.0,1711183,0.0,0.0
2012-02-27 00:00:00+09:00,2980.0,2980.0,2980.0,2980.0,311232,0.0,0.0
2012-02-28 00:00:00+09:00,2750.0,2795.0,2535.0,2540.0,1995094,0.0,0.0
2012-02-29 00:00:00+09:00,2540.0,2640.0,2480.0,2640.0,609495,0.0,0.0
2012-03-02 00:00:00+09:00,2620.0,2710.0,2535.0,2565.0,447518,0.0,0.0
2012-03-05 00:00:00+09:00,2515.0,2780.0,2485.0,2605.0,385504,0.0,0.0
2012-03-06 00:00:00+09:00,2650.0,2705.0,2340.0,2600.0,456363,0.0,0.0
2012-03-07 00:00:00+09:00,2595.0,2650.0,2480.0,2610.0,206666,0.0,0.0
2012-03-08 00:00:00+09:00,2615.0,2660.0,2550.0,2660.0,379192,0.0,0.0
2012-03-09 00:00:00+09:00,2690.0,2825.0,2675.0,2770.0,627366,0.0,0.0
2012-03-12 00:00:00+09:00,2780.0,2800.0,2675.0,2740.0,186217,0.0,0.0
2012-03-13 00:00:00+09:00,2700.0,2760.0,2660.0,2665.0,171359,0.0,0.0
2012-03-14 00:00:00+09:00,2705.0,2740.0,2650.0,2725.0,203428,0.0,0.0
2012-03-15 00:00:00+09:00,2880.0,2880.0,2675.0,2675.0,329901,0.0,0.0
2012-03-16 00:00:00+09:00,2650.0,2705.0,2620.0,2700.0,170609,0.0,0.0
2012-03-19 00:00:00+09:00,2780.0,2900.0,2670.0,2675.0,474478,0.0,0.0
2012-03-20 00:00:00+09:00,2675.0,2710.0,2470.0,2520.0,402785,0.0,0.0
2012-03-21 00:00:00+09:00,2495.0,2510.0,2300.0,2300.0,337151,0.0,0.0
2012-03-22 00:00:00+09:00,2295.0,2380.0,2260.0,2295.0,151508,0.0,0.0
2012-03-23 00:00:00+09:00,2340.0,2380.0,2280.0,2360.0,241832,0.0,0.0
2012-03-26 00:00:00+09:00,2350.0,2385.0,2165.0,2195.0,278022,0.0,0.0
2012-03-27 00:00:00+09:00,2250.0,2260.0,2140.0,2165.0,110431,0.0,0.0
2012-03-28 00:00:00+09:00,2135.0,2365.0,2135.0,2265.0,251093,0.0,0.0
2012-03-29 00:00:00+09:00,2305.0,2305.0,2180.0,2190.0,74475,0.0,0.0
2012-03-30 00:00:00+09:00,2165.0,2295.0,2140.0,2220.0,163548,0.0,0.0
2012-04-02 00:00:00+09:00,2240.0,2365.0,2175.0,2295.0,136038,0.0,0.0
2012-04-03 00:00:00+09:00,2290.0,2360.0,2245.0,2350.0,232082,0.0,0.0
2012-04-04 00:00:00+09:00,2430.0,2690.0,2330.0,2380.0,1100504,0.0,0.0
2012-04-05 00:00:00+09:00,2315.0,2370.0,2240.0,2320.0,264509,0.0,0.0
2012-04-06 00:00:00+09:00,2370.0,2395.0,2180.0,2200.0,258555,0.0,0.0
2012-04-09 00:00:00+09:00,2150.0,2150.0,1945.0,1950.0,475089,0.0,0.0
2012-04-10 00:00:00+09:00,2000.0,2115.0,1960.0,2045.0,220456,0.0,0.0
2012-04-12 00:00:00+09:00,2165.0,2170.0,2020.0,2050.0,230592,0.0,0.0
2012-04-13 00:00:00+09:00,2015.0,2100.0,1990.0,2100.0,98574,0.0,0.0
2012-04-16 00:00:00+09:00,2100.0,2100.0,2035.0,2070.0,50790,0.0,0.0
2012-04-17 00:00:00+09:00,2095.0,2095.0,1980.0,1980.0,89701,0.0,0.0
2012-04-18 00:00:00+09:00,1995.0,2080.0,1995.0,2035.0,74176,0.0,0.0
2012-04-19 00:00:00+09:00,2000.0,2045.0,1980.0,2015.0,90818,0.0,0.0
2012-04-20 00:00:00+09:00,2055.0,2055.0,1945.0,2015.0,70301,0.0,0.0
2012-04-23 00:00:00+09:00,2000.0,2020.0,1970.0,1995.0,44138,0.0,0.0
2012-04-24 00:00:00+09:00,1940.0,2000.0,1880.0,2000.0,153028,0.0,0.0
2012-04-25 00:00:00+09:00,2000.0,2035.0,1910.0,1915.0,44882,0.0,0.0
2012-04-26 00:00:00+09:00,1935.0,1950.0,1830.0,1865.0,121855,0.0,0.0
2012-04-27 00:00:00+09:00,1900.0,1945.0,1865.0,1880.0,38650,0.0,0.0
2012-04-30 00:00:00+09:00,1900.0,2095.0,1895.0,2020.0,128145,0.0,0.0
2012-05-02 00:00:00+09:00,2120.0,2120.0,1995.0,2040.0,49951,0.0,0.0
2012-05-03 00:00:00+09:00,2080.0,2080.0,1980.0,1980.0,57851,0.0,0.0
2012-05-04 00:00:00+09:00,1975.0,2010.0,1945.0,1980.0,60414,0.0,0.0
2012-05-07 00:00:00+09:00,1990.0,1990.0,1925.0,1940.0,26279,0.0,0.0
2012-05-08 00:00:00+09:00,1980.0,2015.0,1925.0,2015.0,96377,0.0,0.0
2012-05-09 00:00:00+09:00,2100.0,2315.0,2095.0,2315.0,290348,0.0,0.0
2012-05-10 00:00:00+09:00,2335.0,2610.0,2210.0,2260.0,1902391,0.0,0.0
2012-05-11 00:00:00+09:00,2305.0,2305.0,2040.0,2060.0,721740,0.0,0.0
2012-05-14 00:00:00+09:00,2040.0,2085.0,1950.0,1970.0,248696,0.0,0.0
2012-05-15 00:00:00+09:00,1900.0,1940.0,1720.0,1790.0,310689,0.0,0.0
2012-05-16 00:00:00+09:00,1755.0,1960.0,1755.0,1810.0,233432,0.0,0.0
2012-05-17 00:00:00+09:00,1750.0,1860.0,1750.0,1845.0,155356,0.0,0.0
2012-05-18 00:00:00+09:00,1865.0,2100.0,1820.0,1900.0,604888,0.0,0.0
2012-05-21 00:00:00+09:00,1830.0,1885.0,1780.0,1805.0,199675,0.0,0.0
2012-05-22 00:00:00+09:00,1815.0,2015.0,1815.0,1960.0,199716,0.0,0.0
2012-05-23 00:00:00+09:00,1960.0,2035.0,1955.0,1955.0,158560,0.0,0.0
2012-05-24 00:00:00+09:00,1985.0,2080.0,1945.0,2000.0,187981,0.0,0.0
2012-05-25 00:00:00+09:00,2020.0,2075.0,1990.0,2045.0,71445,0.0,0.0
2012-05-29 00:00:00+09:00,2050.0,2050.0,1950.0,2010.0,65777,0.0,0.0
2012-05-30 00:00:00+09:00,2020.0,2030.0,1715.0,1895.0,95078,0.0,0.0
2012-05-31 00:00:00+09:00,1845.0,1925.0,1825.0,1920.0,30263,0.0,0.0
2012-06-01 00:00:00+09:00,1960.0,1960.0,1870.0,1900.0,45417,0.0,0.0
2012-06-04 00:00:00+09:00,1795.0,1850.0,1775.0,1810.0,46922,0.0,0.0
2012-06-05 00:00:00+09:00,1760.0,1920.0,1760.0,1890.0,86197,0.0,0.0
2012-06-07 00:00:00+09:00,1915.0,1950.0,1875.0,1880.0,54934,0.0,0.0
2012-06-08 00:00:00+09:00,1920.0,2050.0,1885.0,1955.0,76705,0.0,0.0
2012-06-11 00:00:00+09:00,2000.0,2115.0,1990.0,2080.0,243607,0.0,0.0
2012-06-12 00:00:00+09:00,2075.0,2165.0,2040.0,2145.0,128159,0.0,0.0
2012-06-13 00:00:00+09:00,2175.0,2175.0,2055.0,2055.0,78367,0.0,0.0
2012-06-14 00:00:00+09:00,2015.0,2120.0,2015.0,2030.0,65390,0.0,0.0
2012-06-15 00:00:00+09:00,2030.0,2150.0,2020.0,2070.0,96066,0.0,0.0
2012-06-18 00:00:00+09:00,2105.0,2380.0,2105.0,2240.0,534372,0.0,0.0
2012-06-19 00:00:00+09:00,2300.0,2300.0,2205.0,2260.0,214703,0.0,0.0
2012-06-20 00:00:00+09:00,2315.0,2495.0,2250.0,2260.0,648694,0.0,0.0
2012-06-21 00:00:00+09:00,2295.0,2595.0,2295.0,2380.0,1514249,0.0,0.0
2012-06-22 00:00:00+09:00,2420.0,2485.0,2295.0,2420.0,401371,0.0,0.0
2012-06-25 00:00:00+09:00,2425.0,2470.0,2290.0,2300.0,209227,0.0,0.0
2012-06-26 00:00:00+09:00,2235.0,2275.0,2165.0,2200.0,314974,0.0,0.0
2012-06-27 00:00:00+09:00,2210.0,2230.0,2170.0,2220.0,180799,0.0,0.0
2012-06-28 00:00:00+09:00,2240.0,2275.0,2170.0,2200.0,173184,0.0,0.0
2012-06-29 00:00:00+09:00,2165.0,2230.0,2130.0,2230.0,232444,0.0,0.0
2012-07-02 00:00:00+09:00,2230.0,2340.0,2230.0,2230.0,157046,0.0,0.0
2012-07-03 00:00:00+09:00,2250.0,2330.0,2190.0,2330.0,207858,0.0,0.0
2012-07-04 00:00:00+09:00,2380.0,2380.0,2280.0,2345.0,241333,0.0,0.0
2012-07-05 00:00:00+09:00,2340.0,2450.0,2315.0,2350.0,219973,0.0,0.0
2012-07-06 00:00:00+09:00,2365.0,2390.0,2270.0,2325.0,225755,0.0,0.0
2012-07-09 00:00:00+09:00,2310.0,2310.0,2175.0,2190.0,189349,0.0,0.0
2012-07-10 00:00:00+09:00,2170.0,2210.0,2080.0,2125.0,199610,0.0,0.0
2012-07-11 00:00:00+09:00,2145.0,2215.0,2100.0,2210.0,124283,0.0,0.0
2012-07-12 00:00:00+09:00,2205.0,2320.0,2145.0,2320.0,177611,0.0,0.0
2012-07-13 00:00:00+09:00,2500.0,2560.0,2215.0,2255.0,689848,0.0,0.0
2012-07-16 00:00:00+09:00,2290.0,2340.0,2280.0,2330.0,112726,0.0,0.0
2012-07-17 00:00:00+09:00,2365.0,2370.0,2290.0,2300.0,133085,0.0,0.0
2012-07-18 00:00:00+09:00,2285.0,2335.0,2200.0,2260.0,146362,0.0,0.0
2012-07-19 00:00:00+09:00,2260.0,2290.0,2195.0,2200.0,117132,0.0,0.0
2012-07-20 00:00:00+09:00,2230.0,2230.0,2125.0,2125.0,96105,0.0,0.0
2012-07-23 00:00:00+09:00,2140.0,2140.0,2000.0,2105.0,62589,0.0,0.0
2012-07-24 00:00:00+09:00,2060.0,2135.0,2010.0,2100.0,50022,0.0,0.0
2012-07-25 00:00:00+09:00,2085.0,2160.0,2035.0,2150.0,60545,0.0,0.0
2012-07-26 00:00:00+09:00,2170.0,2170.0,2105.0,2110.0,16886,0.0,0.0
2012-07-27 00:00:00+09:00,2190.0,2190.0,2100.0,2100.0,28131,0.0,0.0
2012-07-30 00:00:00+09:00,2100.0,2145.0,2050.0,2050.0,48818,0.0,0.0
2012-07-31 00:00:00+09:00,2050.0,2100.0,2025.0,2035.0,38458,0.0,0.0
2012-08-01 00:00:00+09:00,2045.0,2050.0,1930.0,2030.0,40928,0.0,0.0
2012-08-02 00:00:00+09:00,2055.0,2080.0,2005.0,2045.0,28863,0.0,0.0
2012-08-03 00:00:00+09:00,2095.0,2095.0,2000.0,2080.0,32960,0.0,0.0
2012-08-06 00:00:00+09:00,2080.0,2145.0,2050.0,2055.0,22439,0.0,0.0
2012-08-07 00:00:00+09:00,2090.0,2090.0,2015.0,2050.0,23137,0.0,0.0
2012-08-08 00:00:00+09:00,2030.0,2085.0,1970.0,2005.0,79267,0.0,0.0
2012-08-09 00:00:00+09:00,2000.0,2070.0,1960.0,2070.0,120493,0.0,0.0
2012-08-10 00:00:00+09:00,2080.0,2130.0,2020.0,2130.0,51117,0.0,0.0
2012-08-13 00:00:00+09:00,2155.0,2200.0,2090.0,2190.0,90605,0.0,0.0
2012-08-14 00:00:00+09:00,2165.0,2230.0,2150.0,2215.0,40219,0.0,0.0
2012-08-16 00:00:00+09:00,2215.0,2245.0,2140.0,2200.0,81972,0.0,0.0
2012-08-17 00:00:00+09:00,2175.0,2225.0,2145.0,2220.0,52714,0.0,0.0
2012-08-20 00:00:00+09:00,2265.0,2285.0,2185.0,2240.0,69983,0.0,0.0
2012-08-21 00:00:00+09:00,2275.0,2305.0,2220.0,2300.0,71308,0.0,0.0
2012-08-22 00:00:00+09:00,2300.0,2400.0,1970.0,2370.0,209414,0.0,0.0
2012-08-23 00:00:00+09:00,2385.0,2400.0,2230.0,2260.0,168336,0.0,0.0
2012-08-24 00:00:00+09:00,2260.0,2280.0,2160.0,2265.0,72398,0.0,0.0
2012-08-27 00:00:00+09:00,2265.0,2265.0,2170.0,2180.0,74299,0.0,0.0
2012-08-28 00:00:00+09:00,2230.0,2230.0,2085.0,2100.0,108354,0.0,0.0
2012-08-29 00:00:00+09:00,2090.0,2120.0,2050.0,2080.0,102162,0.0,0.0
2012-08-30 00:00:00+09:00,2075.0,2180.0,2040.0,2130.0,128695,0.0,0.0
2012-08-31 00:00:00+09:00,2100.0,2185.0,2050.0,2080.0,124878,0.0,0.0
2012-09-03 00:00:00+09:00,2080.0,2135.0,2060.0,2115.0,67160,0.0,0.0
2012-09-04 00:00:00+09:00,2140.0,2195.0,2100.0,2150.0,86935,0.0,0.0
2012-09-05 00:00:00+09:00,2150.0,2180.0,2105.0,2175.0,52757,0.0,0.0
2012-09-06 00:00:00+09:00,2210.0,2210.0,2125.0,2160.0,39269,0.0,0.0
2012-09-07 00:00:00+09:00,2220.0,2220.0,2130.0,2155.0,115747,0.0,0.0
2012-09-10 00:00:00+09:00,2115.0,2160.0,2080.0,2120.0,93413,0.0,0.0
2012-09-11 00:00:00+09:00,2120.0,2120.0,2045.0,2085.0,101552,0.0,0.0
2012-09-12 00:00:00+09:00,2055.0,2110.0,2035.0,2100.0,86298,0.0,0.0
2012-09-13 00:00:00+09:00,2135.0,2230.0,2070.0,2210.0,171092,0.0,0.0
2012-09-14 00:00:00+09:00,2235.0,2260.0,2150.0,2165.0,96062,0.0,0.0
2012-09-17 00:00:00+09:00,2210.0,2285.0,1865.0,2215.0,192738,0.0,0.0
2012-09-18 00:00:00+09:00,2270.0,2350.0,2250.0,2280.0,337510,0.0,0.0
2012-09-19 00:00:00+09:00,2280.0,2295.0,2190.0,2255.0,82721,0.0,0.0
2012-09-20 00:00:00+09:00,2255.0,2270.0,2165.0,2190.0,106670,0.0,0.0
2012-09-21 00:00:00+09:00,2220.0,2220.0,2115.0,2200.0,95254,0.0,0.0
2012-09-24 00:00:00+09:00,2190.0,2240.0,2165.0,2240.0,147487,0.0,0.0
2012-09-25 00:00:00+09:00,2225.0,2250.0,2165.0,2190.0,234027,0.0,0.0
2012-09-26 00:00:00+09:00,2190.0,2190.0,2020.0,2050.0,194764,0.0,0.0
2012-09-27 00:00:00+09:00,2055.0,2090.0,1950.0,2020.0,104885,0.0,0.0
2012-09-28 00:00:00+09:00,2080.0,2080.0,2000.0,2040.0,103181,0.0,0.0
2012-10-02 00:00:00+09:00,2035.0,2130.0,1935.0,2090.0,120858,0.0,0.0
2012-10-04 00:00:00+09:00,2110.0,2200.0,2055.0,2100.0,437851,0.0,0.0
2012-10-05 00:00:00+09:00,2110.0,2115.0,2055.0,2070.0,60785,0.0,0.0
2012-10-08 00:00:00+09:00,2070.0,2135.0,2025.0,2040.0,121719,0.0,0.0
2012-10-09 00:00:00+09:00,2020.0,2235.0,2020.0,2205.0,188956,0.0,0.0
2012-10-10 00:00:00+09:00,2345.0,2345.0,2110.0,2120.0,345583,0.0,0.0
2012-10-11 00:00:00+09:00,2135.0,2155.0,2055.0,2060.0,70990,0.0,0.0
2012-10-12 00:00:00+09:00,2090.0,2100.0,2045.0,2090.0,74793,0.0,0.0
2012-10-15 00:00:00+09:00,2090.0,2100.0,1995.0,2020.0,108453,0.0,0.0
2012-10-16 00:00:00+09:00,2070.0,2070.0,1985.0,2000.0,74405,0.0,0.0
2012-10-17 00:00:00+09:00,2020.0,2050.0,2000.0,2020.0,32668,0.0,0.0
2012-10-18 00:00:00+09:00,2020.0,2150.0,1920.0,1950.0,109238,0.0,0.0
2012-10-19 00:00:00+09:00,1920.0,1950.0,1905.0,1950.0,50187,0.0,0.0
2012-10-22 00:00:00+09:00,1915.0,1965.0,1895.0,1955.0,62149,0.0,0.0
2012-10-23 00:00:00+09:00,2030.0,2030.0,1945.0,1960.0,51119,0.0,0.0
2012-10-24 00:00:00+09:00,1915.0,1930.0,1880.0,1900.0,49069,0.0,0.0
2012-10-25 00:00:00+09:00,1900.0,1950.0,1865.0,1880.0,63874,0.0,0.0
2012-10-26 00:00:00+09:00,1890.0,1945.0,1795.0,1800.0,48214,0.0,0.0
2012-10-29 00:00:00+09:00,1750.0,1800.0,1670.0,1670.0,70461,0.0,0.0
2012-10-30 00:00:00+09:00,1600.0,1810.0,1595.0,1730.0,98811,0.0,0.0
2012-10-31 00:00:00+09:00,1735.0,1790.0,1710.0,1725.0,36689,0.0,0.0
2012-11-01 00:00:00+09:00,1770.0,1840.0,1715.0,1775.0,31605,0.0,0.0
2012-11-02 00:00:00+09:00,1815.0,1815.0,1750.0,1800.0,17861,0.0,0.0
2012-11-05 00:00:00+09:00,1835.0,1840.0,1770.0,1805.0,6993,0.0,0.0
2012-11-06 00:00:00+09:00,1760.0,1780.0,1705.0,1780.0,44477,0.0,0.0
2012-11-07 00:00:00+09:00,1845.0,1845.0,1710.0,1770.0,73543,0.0,0.0
2012-11-08 00:00:00+09:00,1730.0,1755.0,1710.0,1740.0,14635,0.0,0.0
2012-11-09 00:00:00+09:00,1840.0,1840.0,1695.0,1735.0,37037,0.0,0.0
2012-11-12 00:00:00+09:00,1710.0,1740.0,1695.0,1715.0,31767,0.0,0.0
2012-11-13 00:00:00+09:00,1720.0,1720.0,1640.0,1640.0,64604,0.0,0.0
2012-11-14 00:00:00+09:00,1600.0,1660.0,1585.0,1610.0,87037,0.0,0.0
2012-11-15 00:00:00+09:00,1540.0,1610.0,1515.0,1515.0,48445,0.0,0.0
2012-11-16 00:00:00+09:00,1475.0,1555.0,1475.0,1510.0,38398,0.0,0.0
2012-11-19 00:00:00+09:00,1475.0,1560.0,1475.0,1525.0,38548,0.0,0.0
2012-11-20 00:00:00+09:00,1515.0,1565.0,1490.0,1525.0,50228,0.0,0.0
2012-11-21 00:00:00+09:00,1505.0,1550.0,1490.0,1535.0,15475,0.0,0.0
2012-11-22 00:00:00+09:00,1535.0,1550.0,1515.0,1515.0,9239,0.0,0.0
2012-11-23 00:00:00+09:00,1540.0,1540.0,1465.0,1470.0,34416,0.0,0.0
2012-11-26 00:00:00+09:00,1455.0,1565.0,1455.0,1530.0,69732,0.0,0.0
2012-11-27 00:00:00+09:00,1530.0,1535.0,1485.0,1520.0,42302,0.0,0.0
2012-11-28 00:00:00+09:00,1510.0,1530.0,1455.0,1475.0,43205,0.0,0.0
2012-11-29 00:00:00+09:00,1485.0,1495.0,1380.0,1390.0,101220,0.0,0.0
2012-11-30 00:00:00+09:00,1390.0,1470.0,1335.0,1410.0,98719,0.0,0.0
2012-12-03 00:00:00+09:00,1450.0,1490.0,1400.0,1410.0,71834,0.0,0.0
2012-12-04 00:00:00+09:00,1425.0,1540.0,1380.0,1465.0,169240,0.0,0.0
2012-12-05 00:00:00+09:00,1465.0,1495.0,1390.0,1390.0,68753,0.0,0.0
2012-12-06 00:00:00+09:00,1335.0,1445.0,1335.0,1425.0,103814,0.0,0.0
2012-12-07 00:00:00+09:00,1460.0,1550.0,1415.0,1500.0,134325,0.0,0.0
2012-12-10 00:00:00+09:00,1590.0,1590.0,1430.0,1485.0,45842,0.0,0.0
2012-12-11 00:00:00+09:00,1510.0,1510.0,1440.0,1455.0,41936,0.0,0.0
2012-12-12 00:00:00+09:00,1425.0,1580.0,1425.0,1455.0,59434,0.0,0.0
2012-12-13 00:00:00+09:00,1450.0,1480.0,1440.0,1470.0,35829,0.0,0.0
2012-12-14 00:00:00+09:00,1470.0,1470.0,1430.0,1460.0,8751,0.0,0.0
2012-12-17 00:00:00+09:00,1460.0,1480.0,1425.0,1425.0,46216,0.0,0.0
2012-12-18 00:00:00+09:00,1425.0,1450.0,1405.0,1420.0,32947,0.0,0.0
2012-12-20 00:00:00+09:00,1400.0,1465.0,1400.0,1460.0,62263,0.0,0.0
2012-12-21 00:00:00+09:00,1480.0,1520.0,1450.0,1515.0,69268,0.0,0.0
2012-12-24 00:00:00+09:00,1500.0,1670.0,1480.0,1590.0,191693,0.0,0.0
2012-12-26 00:00:00+09:00,1580.0,1675.0,1575.0,1610.0,61287,0.0,0.0
2012-12-27 00:00:00+09:00,1670.0,1670.0,1560.0,1580.0,62170,0.0,0.0
2012-12-28 00:00:00+09:00,1630.0,1630.0,1550.0,1580.0,27424,0.0,0.0
2013-01-02 00:00:00+09:00,1600.0,1620.0,1570.0,1595.0,30232,0.0,0.0
2013-01-03 00:00:00+09:00,1610.0,1610.0,1580.0,1610.0,13054,0.0,0.0
2013-01-04 00:00:00+09:00,1630.0,1635.0,1570.0,1600.0,58419,0.0,0.0
2013-01-07 00:00:00+09:00,1655.0,1655.0,1580.0,1600.0,28796,0.0,0.0
2013-01-08 00:00:00+09:00,1600.0,1625.0,1545.0,1600.0,38664,0.0,0.0
2013-01-09 00:00:00+09:00,1580.0,1620.0,1580.0,1600.0,27029,0.0,0.0
2013-01-10 00:00:00+09:00,1635.0,1635.0,1575.0,1605.0,23547,0.0,0.0
2013-01-11 00:00:00+09:00,1570.0,1645.0,1570.0,1610.0,41430,0.0,0.0
2013-01-14 00:00:00+09:00,1610.0,1610.0,1570.0,1585.0,25151,0.0,0.0
2013-01-15 00:00:00+09:00,1610.0,1610.0,1515.0,1520.0,57129,0.0,0.0
2013-01-16 00:00:00+09:00,1505.0,1545.0,1485.0,1495.0,45159,0.0,0.0
2013-01-17 00:00:00+09:00,1510.0,1510.0,1455.0,1465.0,44525,0.0,0.0
2013-01-18 00:00:00+09:00,1500.0,1500.0,1460.0,1465.0,34005,0.0,0.0
2013-01-21 00:00:00+09:00,1465.0,1515.0,1415.0,1450.0,61516,0.0,0.0
2013-01-22 00:00:00+09:00,1435.0,1495.0,1430.0,1465.0,45948,0.0,0.0
2013-01-23 00:00:00+09:00,1455.0,1480.0,1450.0,1450.0,32301,0.0,0.0
2013-01-24 00:00:00+09:00,1475.0,1490.0,1450.0,1450.0,27692,0.0,0.0
2013-01-25 00:00:00+09:00,1490.0,1490.0,1440.0,1460.0,10631,0.0,0.0
2013-01-28 00:00:00+09:00,1445.0,1470.0,1440.0,1470.0,9484,0.0,0.0
2013-01-29 00:00:00+09:00,1475.0,1690.0,1475.0,1690.0,584108,0.0,0.0
2013-01-30 00:00:00+09:00,1685.0,1940.0,1625.0,1675.0,2143566,0.0,0.0
2013-01-31 00:00:00+09:00,1715.0,1750.0,1630.0,1670.0,373604,0.0,0.0
2013-02-01 00:00:00+09:00,1680.0,1885.0,1655.0,1780.0,1002382,0.0,0.0
2013-02-04 00:00:00+09:00,1765.0,1815.0,1725.0,1755.0,442301,0.0,0.0
2013-02-05 00:00:00+09:00,1795.0,1840.0,1640.0,1640.0,363085,0.0,0.0
2013-02-06 00:00:00+09:00,1640.0,1680.0,1615.0,1625.0,206825,0.0,0.0
2013-02-07 00:00:00+09:00,1625.0,1655.0,1575.0,1595.0,105984,0.0,0.0
2013-02-08 00:00:00+09:00,1595.0,1630.0,1595.0,1630.0,49376,0.0,0.0
2013-02-12 00:00:00+09:00,1635.0,1635.0,1560.0,1560.0,68533,0.0,0.0
2013-02-13 00:00:00+09:00,1560.0,1605.0,1555.0,1575.0,58235,0.0,0.0
2013-02-14 00:00:00+09:00,1575.0,1590.0,1550.0,1580.0,49516,0.0,0.0
2013-02-15 00:00:00+09:00,1585.0,1630.0,1580.0,1600.0,48459,0.0,0.0
2013-02-18 00:00:00+09:00,1600.0,1640.0,1580.0,1610.0,72721,0.0,0.0
2013-02-19 00:00:00+09:00,1625.0,1625.0,1590.0,1615.0,39710,0.0,0.0
2013-02-20 00:00:00+09:00,1615.0,1625.0,1580.0,1615.0,64273,0.0,0.0
2013-02-21 00:00:00+09:00,1685.0,1710.0,1650.0,1650.0,122981,0.0,0.0
2013-02-22 00:00:00+09:00,1610.0,1640.0,1565.0,1585.0,118128,0.0,0.0
2013-02-25 00:00:00+09:00,1585.0,1750.0,1565.0,1605.0,125225,0.0,0.0
2013-02-26 00:00:00+09:00,1590.0,1625.0,1580.0,1600.0,51403,0.0,0.0
2013-02-27 00:00:00+09:00,1605.0,1660.0,1595.0,1615.0,26551,0.0,0.0
2013-02-28 00:00:00+09:00,1640.0,1640.0,1595.0,1600.0,63662,0.0,0.0
2013-03-04 00:00:00+09:00,1585.0,1605.0,1580.0,1600.0,18501,0.0,0.0
2013-03-05 00:00:00+09:00,1585.0,1600.0,1550.0,1570.0,63113,0.0,0.0
2013-03-06 00:00:00+09:00,1560.0,1580.0,1520.0,1530.0,71750,0.0,0.0
2013-03-07 00:00:00+09:00,1530.0,1570.0,1520.0,1530.0,78584,0.0,0.0
2013-03-08 00:00:00+09:00,1550.0,1550.0,1505.0,1550.0,42454,0.0,0.0
2013-03-11 00:00:00+09:00,1555.0,1780.0,1545.0,1780.0,1129427,0.0,0.0
2013-03-12 00:00:00+09:00,1850.0,1860.0,1725.0,1755.0,1370942,0.0,0.0
2013-03-13 00:00:00+09:00,1755.0,1795.0,1710.0,1755.0,452014,0.0,0.0
2013-03-14 00:00:00+09:00,1770.0,1785.0,1650.0,1670.0,409471,0.0,0.0
2013-03-15 00:00:00+09:00,1660.0,1705.0,1645.0,1650.0,351617,0.0,0.0
2013-03-18 00:00:00+09:00,1650.0,1680.0,1595.0,1595.0,301230,0.0,0.0
2013-03-19 00:00:00+09:00,1610.0,1645.0,1600.0,1640.0,146092,0.0,0.0
2013-03-20 00:00:00+09:00,1630.0,1665.0,1605.0,1605.0,112644,0.0,0.0
2013-03-21 00:00:00+09:00,1615.0,1655.0,1595.0,1595.0,186109,0.0,0.0
2013-03-22 00:00:00+09:00,1610.0,1655.0,1585.0,1655.0,170346,0.0,0.0
2013-03-25 00:00:00+09:00,1665.0,1750.0,1665.0,1675.0,403754,0.0,0.0
2013-03-26 00:00:00+09:00,1680.0,1680.0,1645.0,1655.0,104599,0.0,0.0
2013-03-27 00:00:00+09:00,1690.0,1740.0,1665.0,1680.0,259036,0.0,0.0
2013-03-28 00:00:00+09:00,1730.0,1730.0,1660.0,1700.0,85330,0.0,0.0
2013-03-29 00:00:00+09:00,1690.0,1760.0,1670.0,1720.0,172481,0.0,0.0
2013-04-01 00:00:00+09:00,1730.0,1775.0,1655.0,1660.0,174024,0.0,0.0
2013-04-02 00:00:00+09:00,1685.0,1685.0,1640.0,1640.0,159464,0.0,0.0
2013-04-03 00:00:00+09:00,1690.0,1690.0,1615.0,1630.0,95798,0.0,0.0
2013-04-04 00:00:00+09:00,1625.0,1685.0,1575.0,1685.0,182560,0.0,0.0
2013-04-05 00:00:00+09:00,1700.0,1705.0,1600.0,1600.0,146220,0.0,0.0
2013-04-08 00:00:00+09:00,1610.0,1625.0,1540.0,1585.0,122673,0.0,0.0
2013-04-09 00:00:00+09:00,1550.0,1590.0,1540.0,1545.0,98356,0.0,0.0
2013-04-10 00:00:00+09:00,1555.0,1575.0,1535.0,1555.0,41330,0.0,0.0
2013-04-11 00:00:00+09:00,1575.0,1605.0,1565.0,1580.0,27430,0.0,0.0
2013-04-12 00:00:00+09:00,1610.0,1650.0,1575.0,1575.0,46742,0.0,0.0
2013-04-15 00:00:00+09:00,1580.0,1650.0,1575.0,1600.0,37535,0.0,0.0
2013-04-16 00:00:00+09:00,1625.0,1630.0,1590.0,1590.0,56678,0.0,0.0
2013-04-17 00:00:00+09:00,1625.0,1650.0,1600.0,1640.0,77469,0.0,0.0
2013-04-18 00:00:00+09:00,1620.0,1735.0,1620.0,1705.0,305142,0.0,0.0
2013-04-19 00:00:00+09:00,1730.0,1730.0,1680.0,1695.0,134720,0.0,0.0
2013-04-22 00:00:00+09:00,1680.0,1720.0,1665.0,1690.0,120555,0.0,0.0
2013-04-23 00:00:00+09:00,1695.0,1735.0,1680.0,1725.0,131958,0.0,0.0
2013-04-24 00:00:00+09:00,1730.0,1745.0,1710.0,1715.0,64233,0.0,0.0
2013-04-25 00:00:00+09:00,1720.0,1730.0,1680.0,1695.0,59155,0.0,0.0
2013-04-26 00:00:00+09:00,1670.0,1705.0,1670.0,1685.0,30154,0.0,0.0
2013-04-29 00:00:00+09:00,1700.0,1700.0,1675.0,1675.0,75024,0.0,0.0
2013-04-30 00:00:00+09:00,1670.0,1725.0,1670.0,1725.0,74587,0.0,0.0
2013-05-02 00:00:00+09:00,1745.0,1835.0,1725.0,1760.0,197176,0.0,0.0
2013-05-03 00:00:00+09:00,1780.0,1780.0,1670.0,1685.0,288436,0.0,0.0
2013-05-06 00:00:00+09:00,1685.0,1700.0,1670.0,1680.0,64291,0.0,0.0
2013-05-07 00:00:00+09:00,1695.0,1745.0,1675.0,1700.0,99941,0.0,0.0
2013-05-08 00:00:00+09:00,1710.0,1720.0,1685.0,1685.0,86286,0.0,0.0
2013-05-09 00:00:00+09:00,1690.0,1730.0,1690.0,1730.0,63671,0.0,0.0
2013-05-10 00:00:00+09:00,1745.0,1745.0,1720.0,1720.0,52781,0.0,0.0
2013-05-13 00:00:00+09:00,1730.0,1840.0,1720.0,1810.0,245344,0.0,0.0
2013-05-14 00:00:00+09:00,1850.0,1870.0,1765.0,1805.0,168069,0.0,0.0
2013-05-15 00:00:00+09:00,1820.0,1845.0,1770.0,1805.0,144923,0.0,0.0
2013-05-16 00:00:00+09:00,1805.0,1880.0,1800.0,1865.0,156396,0.0,0.0
2013-05-20 00:00:00+09:00,1865.0,1890.0,1825.0,1850.0,107153,0.0,0.0
2013-05-21 00:00:00+09:00,1865.0,1880.0,1775.0,1785.0,112933,0.0,0.0
2013-05-22 00:00:00+09:00,1775.0,1800.0,1770.0,1800.0,44579,0.0,0.0
2013-05-23 00:00:00+09:00,1785.0,1885.0,1775.0,1835.0,71981,0.0,0.0
2013-05-24 00:00:00+09:00,1810.0,1860.0,1795.0,1795.0,51176,0.0,0.0
2013-05-27 00:00:00+09:00,1795.0,1835.0,1775.0,1780.0,19752,0.0,0.0
2013-05-28 00:00:00+09:00,1775.0,1775.0,1695.0,1715.0,152354,0.0,0.0
2013-05-29 00:00:00+09:00,1720.0,1765.0,1720.0,1755.0,58218,0.0,0.0
2013-05-30 00:00:00+09:00,1795.0,1795.0,1735.0,1735.0,72373,0.0,0.0
2013-05-31 00:00:00+09:00,1760.0,1760.0,1685.0,1750.0,101350,0.0,0.0
2013-06-03 00:00:00+09:00,1745.0,1745.0,1685.0,1700.0,42021,0.0,0.0
2013-06-04 00:00:00+09:00,1725.0,1725.0,1630.0,1640.0,130793,0.0,0.0
2013-06-05 00:00:00+09:00,1680.0,1685.0,1635.0,1685.0,69099,0.0,0.0
2013-06-07 00:00:00+09:00,1690.0,1690.0,1645.0,1660.0,39128,0.0,0.0
2013-06-10 00:00:00+09:00,1660.0,1690.0,1655.0,1670.0,20813,0.0,0.0
2013-06-11 00:00:00+09:00,1660.0,1680.0,1625.0,1650.0,39270,0.0,0.0
2013-06-12 00:00:00+09:00,1650.0,1695.0,1625.0,1680.0,29522,0.0,0.0
2013-06-13 00:00:00+09:00,1685.0,1685.0,1645.0,1680.0,32159,0.0,0.0
2013-06-14 00:00:00+09:00,1695.0,1695.0,1645.0,1650.0,25948,0.0,0.0
2013-06-17 00:00:00+09:00,1660.0,1660.0,1575.0,1580.0,105689,0.0,0.0
2013-06-18 00:00:00+09:00,1610.0,1610.0,1565.0,1580.0,30585,0.0,0.0
2013-06-19 00:00:00+09:00,1580.0,1600.0,1570.0,1585.0,50726,0.0,0.0
2013-06-20 00:00:00+09:00,1560.0,1685.0,1560.0,1600.0,70489,0.0,0.0
2013-06-21 00:00:00+09:00,1570.0,1625.0,1570.0,1600.0,96079,0.0,0.0
2013-06-24 00:00:00+09:00,1665.0,1665.0,1605.0,1630.0,13136,0.0,0.0
2013-06-25 00:00:00+09:00,1630.0,1675.0,1580.0,1580.0,54102,0.0,0.0
2013-06-26 00:00:00+09:00,1625.0,1635.0,1580.0,1625.0,9514,0.0,0.0
2013-06-27 00:00:00+09:00,1660.0,1665.0,1625.0,1650.0,36764,0.0,0.0
2013-06-28 00:00:00+09:00,1670.0,1670.0,1635.0,1665.0,25916,0.0,0.0
2013-07-01 00:00:00+09:00,1695.0,1695.0,1650.0,1665.0,18745,0.0,0.0
2013-07-02 00:00:00+09:00,1665.0,1680.0,1630.0,1650.0,30703,0.0,0.0
2013-07-03 00:00:00+09:00,1675.0,1695.0,1635.0,1645.0,32894,0.0,0.0
2013-07-04 00:00:00+09:00,1680.0,1680.0,1630.0,1655.0,12249,0.0,0.0
2013-07-05 00:00:00+09:00,1680.0,1680.0,1615.0,1645.0,14768,0.0,0.0
2013-07-08 00:00:00+09:00,1660.0,1700.0,1650.0,1670.0,30206,0.0,0.0
2013-07-09 00:00:00+09:00,1700.0,1700.0,1655.0,1670.0,12274,0.0,0.0
2013-07-10 00:00:00+09:00,1670.0,1700.0,1645.0,1650.0,14032,0.0,0.0
2013-07-11 00:00:00+09:00,1760.0,1760.0,1650.0,1675.0,6474,0.0,0.0
2013-07-12 00:00:00+09:00,1730.0,1730.0,1660.0,1670.0,6802,0.0,0.0
2013-07-15 00:00:00+09:00,1670.0,1675.0,1620.0,1660.0,30405,0.0,0.0
2013-07-16 00:00:00+09:00,1635.0,1675.0,1635.0,1660.0,18885,0.0,0.0
2013-07-17 00:00:00+09:00,1660.0,1690.0,1645.0,1680.0,15513,0.0,0.0
2013-07-18 00:00:00+09:00,1650.0,1670.0,1645.0,1650.0,23774,0.0,0.0
2013-07-19 00:00:00+09:00,1695.0,1695.0,1635.0,1635.0,17218,0.0,0.0
2013-07-22 00:00:00+09:00,1640.0,1665.0,1600.0,1635.0,32213,0.0,0.0
2013-07-23 00:00:00+09:00,1650.0,1650.0,1625.0,1635.0,13452,0.0,0.0
2013-07-24 00:00:00+09:00,1640.0,1650.0,1615.0,1645.0,12834,0.0,0.0
2013-07-25 00:00:00+09:00,1620.0,1640.0,1605.0,1635.0,19698,0.0,0.0
2013-07-26 00:00:00+09:00,1645.0,1650.0,1630.0,1640.0,5845,0.0,0.0
2013-07-29 00:00:00+09:00,1670.0,1670.0,1615.0,1640.0,8305,0.0,0.0
2013-07-30 00:00:00+09:00,1620.0,1640.0,1615.0,1620.0,13799,0.0,0.0
2013-07-31 00:00:00+09:00,1605.0,1655.0,1605.0,1625.0,15543,0.0,0.0
2013-08-01 00:00:00+09:00,1650.0,1650.0,1580.0,1600.0,20169,0.0,0.0
2013-08-02 00:00:00+09:00,1600.0,1620.0,1585.0,1610.0,11547,0.0,0.0
2013-08-05 00:00:00+09:00,1610.0,1620.0,1590.0,1590.0,22348,0.0,0.0
2013-08-06 00:00:00+09:00,1590.0,1605.0,1575.0,1590.0,14042,0.0,0.0
2013-08-07 00:00:00+09:00,1605.0,1605.0,1580.0,1590.0,7838,0.0,0.0
2013-08-08 00:00:00+09:00,1575.0,1590.0,1565.0,1580.0,12815,0.0,0.0
2013-08-09 00:00:00+09:00,1600.0,1600.0,1570.0,1585.0,19280,0.0,0.0
2013-08-12 00:00:00+09:00,1570.0,1595.0,1570.0,1585.0,12664,0.0,0.0
2013-08-13 00:00:00+09:00,1595.0,1595.0,1545.0,1555.0,37348,0.0,0.0
2013-08-14 00:00:00+09:00,1550.0,1585.0,1535.0,1580.0,37052,0.0,0.0
2013-08-16 00:00:00+09:00,1555.0,1610.0,1550.0,1600.0,38585,0.0,0.0
2013-08-19 00:00:00+09:00,1615.0,1645.0,1590.0,1645.0,21287,0.0,0.0
2013-08-20 00:00:00+09:00,1620.0,1645.0,1610.0,1630.0,19406,0.0,0.0
2013-08-21 00:00:00+09:00,1615.0,1655.0,1565.0,1610.0,19566,0.0,0.0
2013-08-22 00:00:00+09:00,1615.0,1635.0,1560.0,1570.0,57588,0.0,0.0
2013-08-23 00:00:00+09:00,1575.0,1645.0,1575.0,1630.0,54770,0.0,0.0
2013-08-26 00:00:00+09:00,1630.0,1695.0,1610.0,1675.0,77239,0.0,0.0
2013-08-27 00:00:00+09:00,1660.0,1710.0,1650.0,1695.0,59516,0.0,0.0
2013-08-28 00:00:00+09:00,1660.0,1720.0,1660.0,1700.0,65064,0.0,0.0
2013-08-29 00:00:00+09:00,1740.0,1740.0,1700.0,1715.0,33139,0.0,0.0
2013-08-30 00:00:00+09:00,1730.0,1730.0,1665.0,1705.0,63037,0.0,0.0
2013-09-02 00:00:00+09:00,1700.0,1735.0,1695.0,1730.0,62049,0.0,0.0
2013-09-03 00:00:00+09:00,1710.0,1760.0,1710.0,1750.0,42819,0.0,0.0
2013-09-04 00:00:00+09:00,1770.0,1775.0,1705.0,1730.0,78590,0.0,0.0
2013-09-05 00:00:00+09:00,1720.0,1800.0,1715.0,1790.0,101235,0.0,0.0
2013-09-06 00:00:00+09:00,1795.0,2010.0,1755.0,1905.0,387656,0.0,0.0
2013-09-09 00:00:00+09:00,1965.0,2020.0,1790.0,1800.0,276765,0.0,0.0
2013-09-10 00:00:00+09:00,1840.0,1860.0,1750.0,1760.0,169311,0.0,0.0
2013-09-11 00:00:00+09:00,1795.0,1890.0,1750.0,1750.0,94467,0.0,0.0
2013-09-12 00:00:00+09:00,1750.0,1780.0,1730.0,1735.0,53890,0.0,0.0
2013-09-13 00:00:00+09:00,1715.0,1760.0,1715.0,1760.0,24391,0.0,0.0
2013-09-16 00:00:00+09:00,1725.0,1760.0,1720.0,1720.0,20897,0.0,0.0
2013-09-17 00:00:00+09:00,1700.0,1720.0,1680.0,1685.0,36774,0.0,0.0
2013-09-23 00:00:00+09:00,1700.0,1750.0,1700.0,1735.0,19746,0.0,0.0
2013-09-24 00:00:00+09:00,1740.0,1750.0,1700.0,1730.0,6432,0.0,0.0
2013-09-25 00:00:00+09:00,1790.0,1790.0,1685.0,1695.0,12057,0.0,0.0
2013-09-26 00:00:00+09:00,1735.0,1735.0,1665.0,1680.0,36226,0.0,0.0
2013-09-27 00:00:00+09:00,1690.0,1720.0,1670.0,1720.0,12753,0.0,0.0
2013-09-30 00:00:00+09:00,1725.0,1735.0,1685.0,1725.0,18820,0.0,0.0
2013-10-01 00:00:00+09:00,1765.0,1765.0,1685.0,1725.0,4405,0.0,0.0
2013-10-02 00:00:00+09:00,1725.0,1755.0,1700.0,1720.0,22514,0.0,0.0
2013-10-04 00:00:00+09:00,1745.0,1745.0,1695.0,1720.0,15618,0.0,0.0
2013-10-07 00:00:00+09:00,1700.0,1720.0,1680.0,1680.0,9431,0.0,0.0
2013-10-08 00:00:00+09:00,1730.0,1730.0,1675.0,1710.0,5003,0.0,0.0
2013-10-10 00:00:00+09:00,1680.0,1720.0,1680.0,1710.0,1250,0.0,0.0
2013-10-11 00:00:00+09:00,1690.0,1720.0,1690.0,1715.0,10077,0.0,0.0
2013-10-14 00:00:00+09:00,1725.0,1725.0,1700.0,1715.0,14296,0.0,0.0
2013-10-15 00:00:00+09:00,1725.0,1730.0,1685.0,1710.0,6017,0.0,0.0
2013-10-16 00:00:00+09:00,1740.0,1740.0,1630.0,1700.0,29345,0.0,0.0
2013-10-17 00:00:00+09:00,1690.0,1700.0,1660.0,1690.0,29055,0.0,0.0
2013-10-18 00:00:00+09:00,1665.0,1690.0,1655.0,1680.0,9608,0.0,0.0
2013-10-21 00:00:00+09:00,1665.0,1750.0,1665.0,1720.0,30471,0.0,0.0
2013-10-22 00:00:00+09:00,1755.0,1755.0,1700.0,1735.0,7652,0.0,0.0
2013-10-23 00:00:00+09:00,1745.0,1745.0,1655.0,1705.0,28285,0.0,0.0
2013-10-24 00:00:00+09:00,1705.0,1705.0,1675.0,1675.0,5443,0.0,0.0
2013-10-25 00:00:00+09:00,1690.0,1700.0,1675.0,1695.0,1576,0.0,0.0
2013-10-28 00:00:00+09:00,1670.0,1725.0,1660.0,1695.0,9753,0.0,0.0
2013-10-29 00:00:00+09:00,1700.0,1700.0,1660.0,1665.0,13781,0.0,0.0
2013-10-30 00:00:00+09:00,1690.0,1690.0,1605.0,1675.0,22681,0.0,0.0
2013-10-31 00:00:00+09:00,1685.0,1685.0,1650.0,1670.0,209,0.0,0.0
2013-11-01 00:00:00+09:00,1645.0,1685.0,1635.0,1650.0,18730,0.0,0.0
2013-11-04 00:00:00+09:00,1670.0,1725.0,1665.0,1690.0,12729,0.0,0.0
2013-11-05 00:00:00+09:00,1695.0,1695.0,1650.0,1675.0,17484,0.0,0.0
2013-11-06 00:00:00+09:00,1675.0,1675.0,1645.0,1645.0,13618,0.0,0.0
2013-11-07 00:00:00+09:00,1690.0,1690.0,1630.0,1645.0,8171,0.0,0.0
2013-11-08 00:00:00+09:00,1645.0,1660.0,1640.0,1645.0,5578,0.0,0.0
2013-11-11 00:00:00+09:00,1690.0,1690.0,1635.0,1660.0,3986,0.0,0.0
2013-11-12 00:00:00+09:00,1665.0,1670.0,1620.0,1630.0,21186,0.0,0.0
2013-11-13 00:00:00+09:00,1660.0,1665.0,1630.0,1665.0,11282,0.0,0.0
2013-11-14 00:00:00+09:00,1700.0,1700.0,1630.0,1665.0,15985,0.0,0.0
2013-11-15 00:00:00+09:00,1635.0,1655.0,1620.0,1635.0,11603,0.0,0.0
2013-11-18 00:00:00+09:00,1650.0,1660.0,1630.0,1630.0,6224,0.0,0.0
2013-11-19 00:00:00+09:00,1645.0,1645.0,1595.0,1635.0,48055,0.0,0.0
2013-11-20 00:00:00+09:00,1680.0,1680.0,1590.0,1600.0,9028,0.0,0.0
2013-11-21 00:00:00+09:00,1590.0,1625.0,1580.0,1615.0,3531,0.0,0.0
2013-11-22 00:00:00+09:00,1635.0,1635.0,1585.0,1615.0,8000,0.0,0.0
2013-11-25 00:00:00+09:00,1585.0,1625.0,1550.0,1575.0,16302,0.0,0.0
2013-11-26 00:00:00+09:00,1570.0,1625.0,1570.0,1610.0,1530,0.0,0.0
2013-11-27 00:00:00+09:00,1605.0,1610.0,1580.0,1605.0,5320,0.0,0.0
2013-11-28 00:00:00+09:00,1670.0,1670.0,1570.0,1585.0,15063,0.0,0.0
2013-11-29 00:00:00+09:00,1580.0,1615.0,1570.0,1590.0,14317,0.0,0.0
2013-12-02 00:00:00+09:00,1695.0,1695.0,1580.0,1615.0,7120,0.0,0.0
2013-12-03 00:00:00+09:00,1615.0,1615.0,1575.0,1580.0,14516,0.0,0.0
2013-12-04 00:00:00+09:00,1585.0,1615.0,1575.0,1610.0,14309,0.0,0.0
2013-12-05 00:00:00+09:00,1620.0,1620.0,1580.0,1620.0,1267,0.0,0.0
2013-12-06 00:00:00+09:00,1660.0,1660.0,1580.0,1605.0,3118,0.0,0.0
2013-12-09 00:00:00+09:00,1590.0,1635.0,1580.0,1605.0,8802,0.0,0.0
2013-12-10 00:00:00+09:00,1585.0,1615.0,1560.0,1615.0,42098,0.0,0.0
2013-12-11 00:00:00+09:00,1565.0,1615.0,1565.0,1575.0,17229,0.0,0.0
2013-12-12 00:00:00+09:00,1630.0,1630.0,1565.0,1580.0,12206,0.0,0.0
2013-12-13 00:00:00+09:00,1625.0,1625.0,1565.0,1575.0,10705,0.0,0.0
2013-12-16 00:00:00+09:00,1585.0,1600.0,1565.0,1590.0,4381,0.0,0.0
2013-12-17 00:00:00+09:00,1575.0,1820.0,1575.0,1695.0,64463,0.0,0.0
2013-12-18 00:00:00+09:00,1715.0,1770.0,1635.0,1665.0,28063,0.0,0.0
2013-12-19 00:00:00+09:00,1665.0,1710.0,1655.0,1695.0,17397,0.0,0.0
2013-12-20 00:00:00+09:00,1665.0,1700.0,1660.0,1680.0,5179,0.0,0.0
2013-12-23 00:00:00+09:00,1680.0,1725.0,1675.0,1690.0,7675,0.0,0.0
2013-12-24 00:00:00+09:00,1695.0,1740.0,1685.0,1700.0,25551,0.0,0.0
2013-12-26 00:00:00+09:00,1700.0,1730.0,1685.0,1700.0,5326,0.0,0.0
2013-12-27 00:00:00+09:00,1705.0,1740.0,1690.0,1700.0,18234,0.0,0.0
2013-12-30 00:00:00+09:00,1700.0,1715.0,1685.0,1690.0,4142,0.0,0.0
2014-01-02 00:00:00+09:00,1670.0,1705.0,1670.0,1700.0,11867,0.0,0.0
2014-01-03 00:00:00+09:00,1725.0,1725.0,1665.0,1680.0,8989,0.0,0.0
2014-01-06 00:00:00+09:00,1670.0,1730.0,1670.0,1710.0,723,0.0,0.0
2014-01-07 00:00:00+09:00,1705.0,1715.0,1655.0,1710.0,30305,0.0,0.0
2014-01-08 00:00:00+09:00,1700.0,1735.0,1700.0,1725.0,18770,0.0,0.0
2014-01-09 00:00:00+09:00,1710.0,1750.0,1710.0,1745.0,18620,0.0,0.0
2014-01-10 00:00:00+09:00,1725.0,1740.0,1715.0,1720.0,6136,0.0,0.0
2014-01-13 00:00:00+09:00,1735.0,1740.0,1700.0,1725.0,11527,0.0,0.0
2014-01-14 00:00:00+09:00,1710.0,1740.0,1700.0,1725.0,4934,0.0,0.0
2014-01-15 00:00:00+09:00,1735.0,1735.0,1695.0,1705.0,14990,0.0,0.0
2014-01-16 00:00:00+09:00,1730.0,1735.0,1695.0,1725.0,22441,0.0,0.0
2014-01-17 00:00:00+09:00,1725.0,1730.0,1705.0,1720.0,5773,0.0,0.0
2014-01-20 00:00:00+09:00,1735.0,1740.0,1690.0,1710.0,20532,0.0,0.0
2014-01-21 00:00:00+09:00,1720.0,1725.0,1695.0,1710.0,12755,0.0,0.0
2014-01-22 00:00:00+09:00,1720.0,1720.0,1680.0,1705.0,13366,0.0,0.0
2014-01-23 00:00:00+09:00,1705.0,1705.0,1675.0,1705.0,7878,0.0,0.0
2014-01-24 00:00:00+09:00,1735.0,1735.0,1660.0,1660.0,6565,0.0,0.0
2014-01-27 00:00:00+09:00,1690.0,1690.0,1625.0,1660.0,8603,0.0,0.0
2014-01-28 00:00:00+09:00,1790.0,1790.0,1610.0,1630.0,16036,0.0,0.0
2014-01-29 00:00:00+09:00,1630.0,1685.0,1630.0,1650.0,23205,0.0,0.0
2014-02-03 00:00:00+09:00,1660.0,1670.0,1630.0,1660.0,8435,0.0,0.0
2014-02-04 00:00:00+09:00,1645.0,1720.0,1600.0,1650.0,20495,0.0,0.0
2014-02-05 00:00:00+09:00,1670.0,1670.0,1615.0,1660.0,13662,0.0,0.0
2014-02-06 00:00:00+09:00,1690.0,1690.0,1625.0,1665.0,4950,0.0,0.0
2014-02-07 00:00:00+09:00,1690.0,1690.0,1640.0,1660.0,45114,0.0,0.0
2014-02-10 00:00:00+09:00,1675.0,1680.0,1630.0,1645.0,14742,0.0,0.0
2014-02-11 00:00:00+09:00,1680.0,1680.0,1640.0,1665.0,5099,0.0,0.0
2014-02-12 00:00:00+09:00,1695.0,1700.0,1655.0,1685.0,2939,0.0,0.0
2014-02-13 00:00:00+09:00,1670.0,1695.0,1435.0,1625.0,53807,0.0,0.0
2014-02-14 00:00:00+09:00,1625.0,1770.0,1625.0,1770.0,11177,0.0,0.0
2014-02-17 00:00:00+09:00,1675.0,2010.0,1640.0,1725.0,293962,0.0,0.0
2014-02-18 00:00:00+09:00,1735.0,1955.0,1710.0,1780.0,292621,0.0,0.0
2014-02-19 00:00:00+09:00,1805.0,1870.0,1735.0,1750.0,80742,0.0,0.0
2014-02-20 00:00:00+09:00,1730.0,1765.0,1715.0,1725.0,44848,0.0,0.0
2014-02-21 00:00:00+09:00,1725.0,1745.0,1690.0,1700.0,51606,0.0,0.0
2014-02-24 00:00:00+09:00,1700.0,1740.0,1695.0,1720.0,34801,0.0,0.0
2014-02-25 00:00:00+09:00,1725.0,1760.0,1690.0,1690.0,31570,0.0,0.0
2014-02-26 00:00:00+09:00,1700.0,1710.0,1685.0,1700.0,19214,0.0,0.0
2014-02-27 00:00:00+09:00,1705.0,1765.0,1700.0,1725.0,19837,0.0,0.0
2014-02-28 00:00:00+09:00,1725.0,1745.0,1710.0,1725.0,10301,0.0,0.0
2014-03-03 00:00:00+09:00,1740.0,1900.0,1735.0,1800.0,194978,0.0,0.0
2014-03-04 00:00:00+09:00,1800.0,1830.0,1750.0,1830.0,104883,0.0,0.0
2014-03-05 00:00:00+09:00,1860.0,2035.0,1830.0,1900.0,1086223,0.0,0.0
2014-03-06 00:00:00+09:00,1935.0,1935.0,1850.0,1860.0,179292,0.0,0.0
2014-03-07 00:00:00+09:00,1860.0,1875.0,1800.0,1805.0,150414,0.0,0.0
2014-03-10 00:00:00+09:00,1835.0,1985.0,1830.0,1910.0,492071,0.0,0.0
2014-03-11 00:00:00+09:00,1925.0,1960.0,1895.0,1910.0,147104,0.0,0.0
2014-03-12 00:00:00+09:00,1920.0,1920.0,1835.0,1875.0,90839,0.0,0.0
2014-03-13 00:00:00+09:00,1880.0,1970.0,1845.0,1930.0,197331,0.0,0.0
2014-03-14 00:00:00+09:00,1920.0,1990.0,1890.0,1910.0,194591,0.0,0.0
2014-03-17 00:00:00+09:00,1910.0,1935.0,1860.0,1895.0,87245,0.0,0.0
2014-03-18 00:00:00+09:00,1885.0,1975.0,1885.0,1890.0,93883,0.0,0.0
2014-03-19 00:00:00+09:00,1925.0,1925.0,1810.0,1890.0,107418,0.0,0.0
2014-03-20 00:00:00+09:00,1885.0,1950.0,1850.0,1940.0,100805,0.0,0.0
2014-03-21 00:00:00+09:00,1920.0,2075.0,1910.0,2020.0,452744,0.0,0.0
2014-03-24 00:00:00+09:00,2020.0,2095.0,1980.0,2020.0,243599,0.0,0.0
2014-03-25 00:00:00+09:00,2020.0,2145.0,2020.0,2100.0,310695,0.0,0.0
2014-03-26 00:00:00+09:00,2120.0,2135.0,2035.0,2055.0,136246,0.0,0.0
2014-03-27 00:00:00+09:00,2035.0,2080.0,1990.0,1990.0,122455,0.0,0.0
2014-03-28 00:00:00+09:00,2020.0,2035.0,1940.0,1970.0,76759,0.0,0.0
2014-03-31 00:00:00+09:00,1960.0,2000.0,1940.0,1965.0,51363,0.0,0.0
2014-04-01 00:00:00+09:00,1975.0,1995.0,1940.0,1940.0,23809,0.0,0.0
2014-04-02 00:00:00+09:00,1965.0,1965.0,1815.0,1860.0,289701,0.0,0.0
2014-04-03 00:00:00+09:00,1880.0,1880.0,1830.0,1855.0,109594,0.0,0.0
2014-04-04 00:00:00+09:00,1855.0,1895.0,1855.0,1865.0,65329,0.0,0.0
2014-04-07 00:00:00+09:00,1890.0,1905.0,1850.0,1870.0,53026,0.0,0.0
2014-04-08 00:00:00+09:00,1880.0,1880.0,1830.0,1870.0,65904,0.0,0.0
2014-04-09 00:00:00+09:00,1875.0,1915.0,1855.0,1880.0,46546,0.0,0.0
2014-04-10 00:00:00+09:00,1910.0,1945.0,1875.0,1935.0,82322,0.0,0.0
2014-04-11 00:00:00+09:00,1955.0,2090.0,1930.0,2035.0,331131,0.0,0.0
2014-04-14 00:00:00+09:00,2050.0,2300.0,2050.0,2250.0,1088448,0.0,0.0
2014-04-15 00:00:00+09:00,2265.0,2340.0,2170.0,2200.0,357965,0.0,0.0
2014-04-16 00:00:00+09:00,2215.0,2215.0,2155.0,2155.0,123402,0.0,0.0
2014-04-17 00:00:00+09:00,2155.0,2175.0,2125.0,2165.0,121669,0.0,0.0
2014-04-18 00:00:00+09:00,2165.0,2285.0,2160.0,2165.0,486530,0.0,0.0
2014-04-21 00:00:00+09:00,2185.0,2205.0,2110.0,2160.0,90243,0.0,0.0
2014-04-22 00:00:00+09:00,2180.0,2325.0,2160.0,2235.0,410462,0.0,0.0
2014-04-23 00:00:00+09:00,2285.0,2440.0,2250.0,2275.0,393874,0.0,0.0
2014-04-24 00:00:00+09:00,2300.0,2400.0,2255.0,2340.0,294212,0.0,0.0
2014-04-25 00:00:00+09:00,2360.0,2590.0,2230.0,2470.0,935803,0.0,0.0
2014-04-28 00:00:00+09:00,2540.0,2665.0,2480.0,2565.0,570367,0.0,0.0
2014-04-29 00:00:00+09:00,2575.0,2690.0,2495.0,2660.0,524128,0.0,0.0
2014-04-30 00:00:00+09:00,2710.0,2830.0,2675.0,2720.0,658492,0.0,0.0
2014-05-02 00:00:00+09:00,2780.0,2990.0,2580.0,2595.0,928909,0.0,0.0
2014-05-07 00:00:00+09:00,2605.0,2630.0,2400.0,2400.0,347110,0.0,0.0
2014-05-08 00:00:00+09:00,2435.0,2525.0,2350.0,2495.0,328833,0.0,0.0
2014-05-09 00:00:00+09:00,2495.0,2575.0,2485.0,2520.0,82276,0.0,0.0
2014-05-12 00:00:00+09:00,2540.0,2600.0,2460.0,2485.0,104214,0.0,0.0
2014-05-13 00:00:00+09:00,2560.0,2565.0,2480.0,2525.0,52642,0.0,0.0
2014-05-14 00:00:00+09:00,2525.0,2685.0,2515.0,2645.0,155928,0.0,0.0
2014-05-15 00:00:00+09:00,2640.0,2645.0,2550.0,2590.0,104253,0.0,0.0
2014-05-16 00:00:00+09:00,2570.0,2655.0,2540.0,2620.0,173757,0.0,0.0
2014-05-19 00:00:00+09:00,2620.0,2750.0,2480.0,2500.0,274835,0.0,0.0
2014-05-20 00:00:00+09:00,2500.0,2540.0,2350.0,2445.0,128581,0.0,0.0
2014-05-21 00:00:00+09:00,2460.0,2560.0,2440.0,2480.0,81280,0.0,0.0
2014-05-22 00:00:00+09:00,2520.0,2745.0,2495.0,2700.0,428303,0.0,0.0
2014-05-23 00:00:00+09:00,2780.0,2930.0,2530.0,2600.0,1707182,0.0,0.0
2014-05-26 00:00:00+09:00,2590.0,2590.0,2375.0,2475.0,536936,0.0,0.0
2014-05-27 00:00:00+09:00,2515.0,2540.0,2335.0,2370.0,403726,0.0,0.0
2014-05-28 00:00:00+09:00,2370.0,2370.0,2200.0,2280.0,517018,0.0,0.0
2014-05-29 00:00:00+09:00,2285.0,2325.0,2250.0,2265.0,273297,0.0,0.0
2014-05-30 00:00:00+09:00,2270.0,2345.0,2220.0,2310.0,271199,0.0,0.0
2014-06-02 00:00:00+09:00,2285.0,2285.0,2120.0,2140.0,275873,0.0,0.0
2014-06-03 00:00:00+09:00,2120.0,2170.0,2050.0,2050.0,297968,0.0,0.0
2014-06-05 00:00:00+09:00,2030.0,2065.0,1955.0,1980.0,232674,0.0,0.0
2014-06-09 00:00:00+09:00,1995.0,2055.0,1985.0,2035.0,116769,0.0,0.0
2014-06-10 00:00:00+09:00,2035.0,2150.0,2025.0,2115.0,135657,0.0,0.0
2014-06-11 00:00:00+09:00,2100.0,2135.0,2070.0,2135.0,26318,0.0,0.0
2014-06-12 00:00:00+09:00,2135.0,2290.0,2105.0,2195.0,116584,0.0,0.0
2014-06-13 00:00:00+09:00,2200.0,2200.0,2140.0,2170.0,62178,0.0,0.0
2014-06-16 00:00:00+09:00,2170.0,2195.0,2105.0,2150.0,41153,0.0,0.0
2014-06-17 00:00:00+09:00,2150.0,2175.0,2090.0,2135.0,70833,0.0,0.0
2014-06-18 00:00:00+09:00,2150.0,2190.0,2100.0,2130.0,30280,0.0,0.0
2014-06-19 00:00:00+09:00,2140.0,2195.0,2100.0,2140.0,38114,0.0,0.0
2014-06-20 00:00:00+09:00,2140.0,2170.0,2090.0,2170.0,68400,0.0,0.0
2014-06-23 00:00:00+09:00,2185.0,2185.0,2090.0,2125.0,45494,0.0,0.0
2014-06-24 00:00:00+09:00,2140.0,2150.0,2095.0,2125.0,40499,0.0,0.0
2014-06-25 00:00:00+09:00,2165.0,2250.0,2040.0,2065.0,92938,0.0,0.0
2014-06-26 00:00:00+09:00,2080.0,2095.0,2035.0,2080.0,44664,0.0,0.0
2014-06-27 00:00:00+09:00,2090.0,2095.0,2025.0,2075.0,44870,0.0,0.0
2014-06-30 00:00:00+09:00,2130.0,2130.0,2050.0,2100.0,47233,0.0,0.0
2014-07-01 00:00:00+09:00,2130.0,2205.0,2095.0,2200.0,95600,0.0,0.0
2014-07-02 00:00:00+09:00,2210.0,2260.0,2200.0,2230.0,82557,0.0,0.0
2014-07-03 00:00:00+09:00,2260.0,2260.0,2180.0,2210.0,36704,0.0,0.0
2014-07-04 00:00:00+09:00,2270.0,2270.0,2185.0,2215.0,54026,0.0,0.0
2014-07-07 00:00:00+09:00,2220.0,2220.0,2155.0,2215.0,80938,0.0,0.0
2014-07-08 00:00:00+09:00,2215.0,2340.0,2165.0,2340.0,164654,0.0,0.0
2014-07-09 00:00:00+09:00,2340.0,2435.0,2295.0,2340.0,490447,0.0,0.0
2014-07-10 00:00:00+09:00,2325.0,2370.0,2305.0,2320.0,83690,0.0,0.0
2014-07-11 00:00:00+09:00,2345.0,2350.0,2285.0,2310.0,94600,0.0,0.0
2014-07-14 00:00:00+09:00,2320.0,2320.0,2220.0,2280.0,124214,0.0,0.0
2014-07-15 00:00:00+09:00,2280.0,2310.0,2250.0,2255.0,87831,0.0,0.0
2014-07-16 00:00:00+09:00,2280.0,2280.0,2220.0,2255.0,47977,0.0,0.0
2014-07-17 00:00:00+09:00,2285.0,2290.0,2250.0,2265.0,35360,0.0,0.0
2014-07-18 00:00:00+09:00,2260.0,2380.0,2240.0,2315.0,140468,0.0,0.0
2014-07-21 00:00:00+09:00,2320.0,2450.0,2315.0,2420.0,215132,0.0,0.0
2014-07-22 00:00:00+09:00,2460.0,2490.0,2320.0,2390.0,153326,0.0,0.0
2014-07-23 00:00:00+09:00,2410.0,2410.0,2340.0,2365.0,39146,0.0,0.0
2014-07-24 00:00:00+09:00,2400.0,2400.0,2315.0,2340.0,54740,0.0,0.0
2014-07-25 00:00:00+09:00,2330.0,2415.0,2325.0,2350.0,27731,0.0,0.0
2014-07-28 00:00:00+09:00,2310.0,2410.0,2250.0,2275.0,138938,0.0,0.0
2014-07-29 00:00:00+09:00,2280.0,2280.0,2205.0,2265.0,45333,0.0,0.0
2014-07-30 00:00:00+09:00,2200.0,2230.0,2130.0,2160.0,92478,0.0,0.0
2014-07-31 00:00:00+09:00,2160.0,2190.0,2100.0,2170.0,53049,0.0,0.0
2014-08-01 00:00:00+09:00,2195.0,2200.0,2135.0,2200.0,8322,0.0,0.0
2014-08-04 00:00:00+09:00,2205.0,2240.0,2150.0,2240.0,15869,0.0,0.0
2014-08-05 00:00:00+09:00,2270.0,2275.0,2170.0,2225.0,27385,0.0,0.0
2014-08-06 00:00:00+09:00,2235.0,2270.0,2150.0,2200.0,41157,0.0,0.0
2014-08-07 00:00:00+09:00,2205.0,2230.0,2130.0,2220.0,38773,0.0,0.0
2014-08-08 00:00:00+09:00,2250.0,2250.0,2135.0,2180.0,21747,0.0,0.0
2014-08-11 00:00:00+09:00,2210.0,2230.0,2170.0,2200.0,7636,0.0,0.0
2014-08-12 00:00:00+09:00,2215.0,2250.0,2155.0,2240.0,35244,0.0,0.0
2014-08-13 00:00:00+09:00,2245.0,2280.0,2185.0,2245.0,62287,0.0,0.0
2014-08-14 00:00:00+09:00,2260.0,2390.0,2215.0,2265.0,95237,0.0,0.0
2014-08-18 00:00:00+09:00,2280.0,2285.0,2210.0,2270.0,39251,0.0,0.0
2014-08-19 00:00:00+09:00,2295.0,2305.0,2240.0,2280.0,24090,0.0,0.0
2014-08-20 00:00:00+09:00,2310.0,2345.0,2245.0,2250.0,21003,0.0,0.0
2014-08-21 00:00:00+09:00,2270.0,2295.0,2170.0,2285.0,39797,0.0,0.0
2014-08-22 00:00:00+09:00,2305.0,2400.0,2260.0,2285.0,48423,0.0,0.0
2014-08-25 00:00:00+09:00,2285.0,2330.0,2230.0,2230.0,19199,0.0,0.0
2014-08-26 00:00:00+09:00,2250.0,2250.0,2205.0,2210.0,27248,0.0,0.0
2014-08-27 00:00:00+09:00,2225.0,2225.0,2190.0,2205.0,11529,0.0,0.0
2014-08-28 00:00:00+09:00,2205.0,2245.0,2185.0,2205.0,22257,0.0,0.0
2014-08-29 00:00:00+09:00,2195.0,2235.0,2195.0,2230.0,16656,0.0,0.0
2014-09-01 00:00:00+09:00,2265.0,2270.0,2195.0,2215.0,20832,0.0,0.0
2014-09-02 00:00:00+09:00,2235.0,2235.0,2135.0,2150.0,49836,0.0,0.0
2014-09-03 00:00:00+09:00,2140.0,2185.0,2140.0,2150.0,34716,0.0,0.0
2014-09-04 00:00:00+09:00,2185.0,2330.0,2155.0,2330.0,50269,0.0,0.0
2014-09-05 00:00:00+09:00,2350.0,2350.0,2255.0,2275.0,33974,0.0,0.0
2014-09-11 00:00:00+09:00,2295.0,2310.0,2245.0,2265.0,63807,0.0,0.0
2014-09-12 00:00:00+09:00,2290.0,2545.0,2265.0,2465.0,974085,0.0,0.0
2014-09-15 00:00:00+09:00,2565.0,2830.0,2520.0,2830.0,2348005,0.0,0.0
2014-09-16 00:00:00+09:00,2830.0,2960.0,2635.0,2720.0,3578811,0.0,0.0
2014-09-17 00:00:00+09:00,2725.0,2800.0,2640.0,2750.0,1666826,0.0,0.0
2014-09-18 00:00:00+09:00,2835.0,2970.0,2695.0,2705.0,2386180,0.0,0.0
2014-09-19 00:00:00+09:00,2665.0,2710.0,2575.0,2640.0,1246251,0.0,0.0
2014-09-22 00:00:00+09:00,2690.0,2965.0,2635.0,2695.0,2768158,0.0,0.0
2014-09-23 00:00:00+09:00,2635.0,2935.0,2630.0,2910.0,1513782,0.0,0.0
2014-09-24 00:00:00+09:00,3015.0,3200.0,2895.0,2995.0,1650777,0.0,0.0
2014-09-25 00:00:00+09:00,3010.0,3075.0,2945.0,3065.0,580574,0.0,0.0
2014-09-26 00:00:00+09:00,3040.0,3085.0,2960.0,2960.0,531065,0.0,0.0
2014-09-29 00:00:00+09:00,2930.0,2940.0,2600.0,2715.0,1110436,0.0,0.0
2014-09-30 00:00:00+09:00,2755.0,2775.0,2650.0,2665.0,486319,0.0,0.0
2014-10-01 00:00:00+09:00,2715.0,2790.0,2440.0,2515.0,742374,0.0,0.0
2014-10-02 00:00:00+09:00,2485.0,2595.0,2465.0,2580.0,266303,0.0,0.0
2014-10-06 00:00:00+09:00,2535.0,2570.0,2400.0,2440.0,461428,0.0,0.0
2014-10-07 00:00:00+09:00,2440.0,2570.0,2405.0,2550.0,499955,0.0,0.0
2014-10-08 00:00:00+09:00,2550.0,2560.0,2485.0,2500.0,203300,0.0,0.0
2014-10-10 00:00:00+09:00,2485.0,2585.0,2440.0,2500.0,315481,0.0,0.0
2014-10-13 00:00:00+09:00,2520.0,2530.0,2340.0,2340.0,355324,0.0,0.0
2014-10-14 00:00:00+09:00,2270.0,2420.0,2270.0,2390.0,169518,0.0,0.0
2014-10-15 00:00:00+09:00,2370.0,2395.0,2345.0,2380.0,113193,0.0,0.0
2014-10-16 00:00:00+09:00,2340.0,2450.0,2320.0,2450.0,105682,0.0,0.0
2014-10-17 00:00:00+09:00,2485.0,2485.0,2335.0,2335.0,133523,0.0,0.0
2014-10-20 00:00:00+09:00,2345.0,2355.0,2285.0,2285.0,142987,0.0,0.0
2014-10-21 00:00:00+09:00,2260.0,2300.0,2155.0,2190.0,286157,0.0,0.0
2014-10-22 00:00:00+09:00,2230.0,2235.0,2175.0,2200.0,178771,0.0,0.0
2014-10-23 00:00:00+09:00,2200.0,2390.0,2165.0,2245.0,171496,0.0,0.0
2014-10-24 00:00:00+09:00,2250.0,2275.0,2190.0,2230.0,90042,0.0,0.0
2014-10-27 00:00:00+09:00,2200.0,2250.0,2185.0,2200.0,89011,0.0,0.0
2014-10-28 00:00:00+09:00,2215.0,2265.0,2180.0,2245.0,128751,0.0,0.0
2014-10-29 00:00:00+09:00,2255.0,2290.0,2225.0,2240.0,89391,0.0,0.0
2014-10-30 00:00:00+09:00,2240.0,2260.0,2195.0,2195.0,85382,0.0,0.0
2014-10-31 00:00:00+09:00,2170.0,2220.0,2170.0,2210.0,42067,0.0,0.0
2014-11-03 00:00:00+09:00,2240.0,2240.0,2145.0,2195.0,114670,0.0,0.0
2014-11-04 00:00:00+09:00,2195.0,2215.0,2135.0,2215.0,125899,0.0,0.0
2014-11-05 00:00:00+09:00,2220.0,2310.0,2215.0,2255.0,98927,0.0,0.0
2014-11-06 00:00:00+09:00,2255.0,2285.0,2220.0,2260.0,44053,0.0,0.0
2014-11-07 00:00:00+09:00,2320.0,2325.0,2250.0,2320.0,51296,0.0,0.0
2014-11-10 00:00:00+09:00,2340.0,2340.0,2270.0,2300.0,114048,0.0,0.0
2014-11-11 00:00:00+09:00,2270.0,2320.0,2250.0,2280.0,61195,0.0,0.0
2014-11-12 00:00:00+09:00,2280.0,2335.0,2245.0,2305.0,77044,0.0,0.0
2014-11-13 00:00:00+09:00,2310.0,2315.0,2230.0,2255.0,196503,0.0,0.0
2014-11-14 00:00:00+09:00,2270.0,2460.0,2255.0,2440.0,379629,0.0,0.0
2014-11-17 00:00:00+09:00,2440.0,2450.0,2360.0,2370.0,98933,0.0,0.0
2014-11-18 00:00:00+09:00,2370.0,2430.0,2340.0,2430.0,81484,0.0,0.0
2014-11-19 00:00:00+09:00,2445.0,2470.0,2380.0,2430.0,88631,0.0,0.0
2014-11-20 00:00:00+09:00,2430.0,2440.0,2330.0,2400.0,98215,0.0,0.0
2014-11-21 00:00:00+09:00,2415.0,2475.0,2380.0,2465.0,147203,0.0,0.0
2014-11-24 00:00:00+09:00,2485.0,2530.0,2370.0,2410.0,213197,0.0,0.0
2014-11-25 00:00:00+09:00,2395.0,2420.0,2370.0,2410.0,93472,0.0,0.0
2014-11-26 00:00:00+09:00,2420.0,2420.0,2370.0,2385.0,43828,0.0,0.0
2014-11-27 00:00:00+09:00,2405.0,2465.0,2365.0,2405.0,119513,0.0,0.0
2014-11-28 00:00:00+09:00,2410.0,2450.0,2360.0,2395.0,72878,0.0,0.0
2014-12-01 00:00:00+09:00,2430.0,2430.0,2370.0,2380.0,81318,0.0,0.0
2014-12-02 00:00:00+09:00,2360.0,2400.0,2335.0,2345.0,113707,0.0,0.0
2014-12-03 00:00:00+09:00,2340.0,2375.0,2320.0,2360.0,31972,0.0,0.0
2014-12-04 00:00:00+09:00,2400.0,2410.0,2350.0,2360.0,23635,0.0,0.0
2014-12-05 00:00:00+09:00,2385.0,2385.0,2280.0,2335.0,96221,0.0,0.0
2014-12-08 00:00:00+09:00,2335.0,2335.0,2280.0,2285.0,23064,0.0,0.0
2014-12-09 00:00:00+09:00,2280.0,2295.0,2220.0,2295.0,87322,0.0,0.0
2014-12-10 00:00:00+09:00,2315.0,2315.0,2250.0,2290.0,34486,0.0,0.0
2014-12-11 00:00:00+09:00,2310.0,2310.0,2245.0,2275.0,68149,0.0,0.0
2014-12-12 00:00:00+09:00,2320.0,2340.0,2255.0,2280.0,63496,0.0,0.0
2014-12-15 00:00:00+09:00,2250.0,2340.0,2245.0,2315.0,88503,0.0,0.0
2014-12-16 00:00:00+09:00,2310.0,2350.0,2280.0,2320.0,45266,0.0,0.0
2014-12-17 00:00:00+09:00,2320.0,2325.0,2295.0,2320.0,28503,0.0,0.0
2014-12-18 00:00:00+09:00,2340.0,2385.0,2280.0,2310.0,44217,0.0,0.0
2014-12-19 00:00:00+09:00,2335.0,2515.0,2305.0,2430.0,208805,0.0,0.0
2014-12-22 00:00:00+09:00,2445.0,2515.0,2410.0,2455.0,98422,0.0,0.0
2014-12-23 00:00:00+09:00,2475.0,2475.0,2420.0,2460.0,75673,0.0,0.0
2014-12-24 00:00:00+09:00,2480.0,2510.0,2440.0,2495.0,99855,0.0,0.0
2014-12-26 00:00:00+09:00,2480.0,2510.0,2470.0,2490.0,46644,0.0,0.0
2014-12-29 00:00:00+09:00,2495.0,2545.0,2410.0,2465.0,63814,0.0,0.0
2014-12-30 00:00:00+09:00,2465.0,2485.0,2425.0,2445.0,26680,0.0,0.0
2015-01-02 00:00:00+09:00,2470.0,2470.0,2405.0,2445.0,30925,0.0,0.0
2015-01-05 00:00:00+09:00,2400.0,2445.0,2380.0,2435.0,56244,0.0,0.0
2015-01-06 00:00:00+09:00,2440.0,2440.0,2380.0,2405.0,29440,0.0,0.0
2015-01-07 00:00:00+09:00,2405.0,2415.0,2370.0,2390.0,52988,0.0,0.0
2015-01-08 00:00:00+09:00,2430.0,2430.0,2360.0,2390.0,73867,0.0,0.0
2015-01-09 00:00:00+09:00,2435.0,2545.0,2390.0,2535.0,225700,0.0,0.0
2015-01-12 00:00:00+09:00,2600.0,2665.0,2560.0,2565.0,157857,0.0,0.0
2015-01-13 00:00:00+09:00,2590.0,2630.0,2555.0,2600.0,57841,0.0,0.0
2015-01-14 00:00:00+09:00,2640.0,2640.0,2555.0,2570.0,45252,0.0,0.0
2015-01-15 00:00:00+09:00,2585.0,2595.0,2530.0,2585.0,79084,0.0,0.0
2015-01-16 00:00:00+09:00,2555.0,2585.0,2465.0,2520.0,136045,0.0,0.0
2015-01-19 00:00:00+09:00,2510.0,2540.0,2485.0,2530.0,66696,0.0,0.0
2015-01-20 00:00:00+09:00,2590.0,2620.0,2520.0,2545.0,36914,0.0,0.0
2015-01-21 00:00:00+09:00,2540.0,2735.0,2490.0,2645.0,419686,0.0,0.0
2015-01-22 00:00:00+09:00,2670.0,2695.0,2570.0,2625.0,113145,0.0,0.0
2015-01-23 00:00:00+09:00,2640.0,2895.0,2630.0,2830.0,697497,0.0,0.0
2015-01-26 00:00:00+09:00,2830.0,2855.0,2730.0,2740.0,214001,0.0,0.0
2015-01-27 00:00:00+09:00,2780.0,2780.0,2640.0,2760.0,218426,0.0,0.0
2015-01-28 00:00:00+09:00,2675.0,2915.0,2675.0,2915.0,292212,0.0,0.0
2015-01-29 00:00:00+09:00,2960.0,3085.0,2815.0,2880.0,803709,0.0,0.0
2015-01-30 00:00:00+09:00,2920.0,2920.0,2700.0,2850.0,338060,0.0,0.0
2015-02-02 00:00:00+09:00,2835.0,2905.0,2725.0,2800.0,260550,0.0,0.0
2015-02-03 00:00:00+09:00,2790.0,2820.0,2690.0,2725.0,162259,0.0,0.0
2015-02-04 00:00:00+09:00,2725.0,2820.0,2710.0,2745.0,104252,0.0,0.0
2015-02-05 00:00:00+09:00,2845.0,2890.0,2745.0,2790.0,234527,0.0,0.0
2015-02-06 00:00:00+09:00,2830.0,2915.0,2765.0,2820.0,177888,0.0,0.0
2015-02-09 00:00:00+09:00,2835.0,2840.0,2725.0,2745.0,253560,0.0,0.0
2015-02-10 00:00:00+09:00,2665.0,2705.0,2545.0,2675.0,273088,0.0,0.0
2015-02-11 00:00:00+09:00,2685.0,2685.0,2605.0,2630.0,94716,0.0,0.0
2015-02-12 00:00:00+09:00,2645.0,2720.0,2595.0,2715.0,133422,0.0,0.0
2015-02-13 00:00:00+09:00,2740.0,2740.0,2690.0,2725.0,80903,0.0,0.0
2015-02-16 00:00:00+09:00,2720.0,2775.0,2690.0,2755.0,80971,0.0,0.0
2015-02-17 00:00:00+09:00,2690.0,2790.0,2630.0,2740.0,249416,0.0,0.0
2015-02-23 00:00:00+09:00,2740.0,2740.0,2610.0,2630.0,249110,0.0,0.0
2015-02-24 00:00:00+09:00,2625.0,2635.0,2550.0,2585.0,177950,0.0,0.0
2015-02-25 00:00:00+09:00,2610.0,2625.0,2530.0,2545.0,115997,0.0,0.0
2015-02-26 00:00:00+09:00,2575.0,2605.0,2485.0,2545.0,224431,0.0,0.0
2015-02-27 00:00:00+09:00,2525.0,2580.0,2500.0,2510.0,242938,0.0,0.0
2015-03-02 00:00:00+09:00,2520.0,2545.0,2480.0,2530.0,128855,0.0,0.0
2015-03-03 00:00:00+09:00,2535.0,2535.0,2450.0,2510.0,84533,0.0,0.0
2015-03-04 00:00:00+09:00,2510.0,2560.0,2480.0,2560.0,56045,0.0,0.0
2015-03-05 00:00:00+09:00,2565.0,2585.0,2530.0,2530.0,64704,0.0,0.0
2015-03-06 00:00:00+09:00,2535.0,2590.0,2515.0,2565.0,62000,0.0,0.0
2015-03-09 00:00:00+09:00,2580.0,2595.0,2555.0,2565.0,53921,0.0,0.0
2015-03-10 00:00:00+09:00,2565.0,2610.0,2515.0,2565.0,95113,0.0,0.0
2015-03-11 00:00:00+09:00,2525.0,2590.0,2520.0,2580.0,73368,0.0,0.0
2015-03-12 00:00:00+09:00,2600.0,2620.0,2570.0,2580.0,46920,0.0,0.0
2015-03-13 00:00:00+09:00,2580.0,2630.0,2580.0,2625.0,59071,0.0,0.0
2015-03-16 00:00:00+09:00,2620.0,2640.0,2580.0,2620.0,88042,0.0,0.0
2015-03-17 00:00:00+09:00,2625.0,2630.0,2575.0,2620.0,49999,0.0,0.0
2015-03-18 00:00:00+09:00,2605.0,2615.0,2480.0,2540.0,127851,0.0,0.0
2015-03-19 00:00:00+09:00,2540.0,2565.0,2460.0,2540.0,121344,0.0,0.0
2015-03-20 00:00:00+09:00,2540.0,2540.0,2490.0,2515.0,91425,0.0,0.0
2015-03-23 00:00:00+09:00,2500.0,2545.0,2495.0,2500.0,50757,0.0,0.0
2015-03-24 00:00:00+09:00,2510.0,2530.0,2470.0,2485.0,60477,0.0,0.0
2015-03-25 00:00:00+09:00,2520.0,2620.0,2510.0,2585.0,171926,0.0,0.0
2015-03-26 00:00:00+09:00,2585.0,2830.0,2550.0,2660.0,427387,0.0,0.0
2015-03-27 00:00:00+09:00,2660.0,2755.0,2630.0,2670.0,162649,0.0,0.0
2015-03-30 00:00:00+09:00,2675.0,2675.0,2540.0,2575.0,188285,0.0,0.0
2015-03-31 00:00:00+09:00,2595.0,2620.0,2555.0,2585.0,80525,0.0,0.0
2015-04-01 00:00:00+09:00,2585.0,2585.0,2520.0,2540.0,76561,0.0,0.0
2015-04-02 00:00:00+09:00,2550.0,2650.0,2540.0,2600.0,151001,0.0,0.0
2015-04-03 00:00:00+09:00,2600.0,2675.0,2595.0,2655.0,123033,0.0,0.0
2015-04-06 00:00:00+09:00,2665.0,2690.0,2615.0,2650.0,107338,0.0,0.0
2015-04-07 00:00:00+09:00,2650.0,2715.0,2615.0,2695.0,169091,0.0,0.0
2015-04-08 00:00:00+09:00,2720.0,2720.0,2620.0,2655.0,118544,0.0,0.0
2015-04-09 00:00:00+09:00,2675.0,2685.0,2575.0,2660.0,168756,0.0,0.0
2015-04-10 00:00:00+09:00,2660.0,2690.0,2630.0,2660.0,72653,0.0,0.0
2015-04-13 00:00:00+09:00,2670.0,2705.0,2635.0,2705.0,197910,0.0,0.0
2015-04-14 00:00:00+09:00,2710.0,2860.0,2705.0,2785.0,303289,0.0,0.0
2015-04-15 00:00:00+09:00,2785.0,2845.0,2735.0,2735.0,149230,0.0,0.0
2015-04-16 00:00:00+09:00,2745.0,2775.0,2660.0,2740.0,91547,0.0,0.0
2015-04-17 00:00:00+09:00,2760.0,2870.0,2720.0,2815.0,227205,0.0,0.0
2015-04-20 00:00:00+09:00,2775.0,2835.0,2770.0,2785.0,119286,0.0,0.0
2015-04-21 00:00:00+09:00,2785.0,2990.0,2785.0,2860.0,272040,0.0,0.0
2015-04-22 00:00:00+09:00,2895.0,2945.0,2570.0,2775.0,209938,0.0,0.0
2015-04-23 00:00:00+09:00,2755.0,2775.0,2580.0,2625.0,242355,0.0,0.0
2015-04-24 00:00:00+09:00,2630.0,2710.0,2625.0,2690.0,83069,0.0,0.0
2015-04-27 00:00:00+09:00,2685.0,2765.0,2685.0,2745.0,67217,0.0,0.0
2015-04-28 00:00:00+09:00,2720.0,2800.0,2695.0,2745.0,78115,0.0,0.0
2015-04-29 00:00:00+09:00,2745.0,2820.0,2720.0,2760.0,62466,0.0,0.0
2015-04-30 00:00:00+09:00,2845.0,3040.0,2735.0,2735.0,545428,0.0,0.0
2015-05-04 00:00:00+09:00,2820.0,3100.0,2780.0,3035.0,1198197,0.0,0.0
2015-05-06 00:00:00+09:00,2970.0,3235.0,2880.0,3000.0,1256910,0.0,0.0
2015-05-07 00:00:00+09:00,3010.0,3055.0,2890.0,2925.0,444676,0.0,0.0
2015-05-08 00:00:00+09:00,2950.0,3360.0,2900.0,3255.0,1238569,0.0,0.0
2015-05-11 00:00:00+09:00,3255.0,3375.0,3150.0,3300.0,904515,0.0,0.0
2015-05-12 00:00:00+09:00,3300.0,3410.0,3215.0,3270.0,709539,0.0,0.0
2015-05-13 00:00:00+09:00,3300.0,3475.0,3225.0,3225.0,583576,0.0,0.0
2015-05-14 00:00:00+09:00,3240.0,3400.0,3105.0,3225.0,814653,0.0,0.0
2015-05-15 00:00:00+09:00,3225.0,3345.0,3130.0,3200.0,454350,0.0,0.0
2015-05-18 00:00:00+09:00,3200.0,3325.0,3120.0,3175.0,658722,0.0,0.0
2015-05-19 00:00:00+09:00,3210.0,3300.0,3155.0,3175.0,374399,0.0,0.0
2015-05-20 00:00:00+09:00,3175.0,3195.0,2980.0,2985.0,567947,0.0,0.0
2015-05-21 00:00:00+09:00,3000.0,3025.0,2810.0,2870.0,555845,0.0,0.0
2015-05-22 00:00:00+09:00,2835.0,3050.0,2810.0,3035.0,459078,0.0,0.0
2015-05-26 00:00:00+09:00,3050.0,3115.0,2930.0,2945.0,195050,0.0,0.0
2015-05-27 00:00:00+09:00,2945.0,2995.0,2915.0,2945.0,80811,0.0,0.0
2015-05-28 00:00:00+09:00,3020.0,3070.0,2960.0,2990.0,137706,0.0,0.0
2015-05-29 00:00:00+09:00,3010.0,3180.0,2785.0,2930.0,421911,0.0,0.0
2015-06-01 00:00:00+09:00,2910.0,2910.0,2645.0,2705.0,356305,0.0,0.0
2015-06-02 00:00:00+09:00,2705.0,2770.0,2630.0,2630.0,253268,0.0,0.0
2015-06-03 00:00:00+09:00,2585.0,2695.0,2560.0,2680.0,135457,0.0,0.0
2015-06-04 00:00:00+09:00,2680.0,2925.0,2645.0,2925.0,282491,0.0,0.0
2015-06-05 00:00:00+09:00,2945.0,3205.0,2675.0,2955.0,837082,0.0,0.0
2015-06-08 00:00:00+09:00,3030.0,3160.0,2920.0,3095.0,359287,0.0,0.0
2015-06-09 00:00:00+09:00,3080.0,3100.0,2985.0,3040.0,206249,0.0,0.0
2015-06-10 00:00:00+09:00,3050.0,3200.0,3040.0,3090.0,257479,0.0,0.0
2015-06-11 00:00:00+09:00,3130.0,3245.0,3075.0,3100.0,272337,0.0,0.0
2015-06-12 00:00:00+09:00,3110.0,3175.0,2995.0,3025.0,162806,0.0,0.0
2015-06-15 00:00:00+09:00,3025.0,3065.0,2900.0,2955.0,46554,0.0,0.0
2015-06-16 00:00:00+09:00,2940.0,2995.0,2830.0,2930.0,105148,0.0,0.0
2015-06-17 00:00:00+09:00,2930.0,3020.0,2865.0,3020.0,80882,0.0,0.0
2015-06-18 00:00:00+09:00,3080.0,3330.0,3035.0,3125.0,767642,0.0,0.0
2015-06-19 00:00:00+09:00,3150.0,3250.0,3105.0,3160.0,177450,0.0,0.0
2015-06-22 00:00:00+09:00,3250.0,3250.0,3070.0,3150.0,160766,0.0,0.0
2015-06-23 00:00:00+09:00,3105.0,3165.0,3070.0,3100.0,103367,0.0,0.0
2015-06-24 00:00:00+09:00,3125.0,3160.0,3045.0,3140.0,123465,0.0,0.0
2015-06-25 00:00:00+09:00,3165.0,3250.0,3095.0,3180.0,163387,0.0,0.0
2015-06-26 00:00:00+09:00,3200.0,3215.0,3050.0,3080.0,133532,0.0,0.0
2015-06-29 00:00:00+09:00,3030.0,3080.0,2865.0,2875.0,178882,0.0,0.0
2015-06-30 00:00:00+09:00,2850.0,2920.0,2780.0,2900.0,130912,0.0,0.0
2015-07-01 00:00:00+09:00,2915.0,2990.0,2880.0,2920.0,79621,0.0,0.0
2015-07-02 00:00:00+09:00,2980.0,2980.0,2835.0,2880.0,131168,0.0,0.0
2015-07-03 00:00:00+09:00,2900.0,2900.0,2800.0,2850.0,149889,0.0,0.0
2015-07-06 00:00:00+09:00,2790.0,2830.0,2715.0,2780.0,171379,0.0,0.0
2015-07-07 00:00:00+09:00,2785.0,2900.0,2730.0,2840.0,187966,0.0,0.0
2015-07-08 00:00:00+09:00,2865.0,2920.0,2795.0,2895.0,86081,0.0,0.0
2015-07-09 00:00:00+09:00,2890.0,2890.0,2795.0,2845.0,66165,0.0,0.0
2015-07-10 00:00:00+09:00,2880.0,2940.0,2795.0,2860.0,80211,0.0,0.0
2015-07-13 00:00:00+09:00,2885.0,2900.0,2810.0,2890.0,51431,0.0,0.0
2015-07-14 00:00:00+09:00,2930.0,3070.0,2860.0,3005.0,224026,0.0,0.0
2015-07-15 00:00:00+09:00,3045.0,3045.0,2980.0,2985.0,120101,0.0,0.0
2015-07-16 00:00:00+09:00,3000.0,3165.0,3000.0,3100.0,296774,0.0,0.0
2015-07-17 00:00:00+09:00,3100.0,3135.0,3025.0,3100.0,103431,0.0,0.0
2015-07-20 00:00:00+09:00,3065.0,3280.0,3065.0,3240.0,354914,0.0,0.0
2015-07-21 00:00:00+09:00,3270.0,3410.0,3240.0,3255.0,362496,0.0,0.0
2015-07-22 00:00:00+09:00,3350.0,3990.0,3250.0,3640.0,1405572,0.0,0.0
2015-07-23 00:00:00+09:00,3650.0,3790.0,3550.0,3670.0,318424,0.0,0.0
2015-07-24 00:00:00+09:00,3685.0,3770.0,3535.0,3570.0,272001,0.0,0.0
2015-07-27 00:00:00+09:00,3470.0,3735.0,3460.0,3665.0,322603,0.0,0.0
2015-07-28 00:00:00+09:00,3655.0,3795.0,3565.0,3770.0,185338,0.0,0.0
2015-07-29 00:00:00+09:00,3850.0,3980.0,3655.0,3740.0,249642,0.0,0.0
2015-07-30 00:00:00+09:00,3770.0,3895.0,3680.0,3750.0,190918,0.0,0.0
2015-07-31 00:00:00+09:00,3750.0,3790.0,3670.0,3700.0,99456,0.0,0.0
2015-08-03 00:00:00+09:00,3760.0,3940.0,3720.0,3800.0,206287,0.0,0.0
2015-08-04 00:00:00+09:00,3840.0,3880.0,3700.0,3840.0,86249,0.0,0.0
2015-08-05 00:00:00+09:00,3840.0,3865.0,3750.0,3750.0,29506,0.0,0.0
2015-08-06 00:00:00+09:00,3705.0,3790.0,3700.0,3745.0,57348,0.0,0.0
2015-08-07 00:00:00+09:00,3745.0,3775.0,3600.0,3705.0,74257,0.0,0.0
2015-08-10 00:00:00+09:00,3680.0,3745.0,3620.0,3670.0,53505,0.0,0.0
2015-08-11 00:00:00+09:00,3680.0,3700.0,3420.0,3530.0,172805,0.0,0.0
2015-08-12 00:00:00+09:00,3460.0,3510.0,3120.0,3240.0,203271,0.0,0.0
2015-08-13 00:00:00+09:00,3170.0,3475.0,3170.0,3345.0,381265,0.0,0.0
2015-08-17 00:00:00+09:00,3400.0,3400.0,3250.0,3265.0,124762,0.0,0.0
2015-08-18 00:00:00+09:00,3300.0,3360.0,3000.0,3105.0,214562,0.0,0.0
2015-08-19 00:00:00+09:00,3105.0,3110.0,2955.0,3025.0,129020,0.0,0.0
2015-08-20 00:00:00+09:00,2950.0,3105.0,2940.0,3040.0,94040,0.0,0.0
2015-08-21 00:00:00+09:00,2810.0,2955.0,2650.0,2740.0,268000,0.0,0.0
2015-08-24 00:00:00+09:00,2525.0,2815.0,2525.0,2630.0,181729,0.0,0.0
2015-08-25 00:00:00+09:00,2745.0,2895.0,2655.0,2870.0,181821,0.0,0.0
2015-08-26 00:00:00+09:00,2865.0,3010.0,2865.0,2985.0,89452,0.0,0.0
2015-08-27 00:00:00+09:00,2975.0,3065.0,2975.0,3000.0,82415,0.0,0.0
2015-08-28 00:00:00+09:00,3075.0,3075.0,3000.0,3040.0,39117,0.0,0.0
2015-08-31 00:00:00+09:00,3100.0,3100.0,3040.0,3085.0,35623,0.0,0.0
2015-09-01 00:00:00+09:00,3035.0,3085.0,2965.0,2965.0,49189,0.0,0.0
2015-09-02 00:00:00+09:00,2885.0,3135.0,2860.0,3070.0,70080,0.0,0.0
2015-09-03 00:00:00+09:00,3030.0,3120.0,3010.0,3040.0,54933,0.0,0.0
2015-09-04 00:00:00+09:00,2955.0,3010.0,2870.0,2905.0,141490,0.0,0.0
2015-09-07 00:00:00+09:00,2940.0,2940.0,2885.0,2920.0,31818,0.0,0.0
2015-09-08 00:00:00+09:00,2950.0,2955.0,2840.0,2895.0,52594,0.0,0.0
2015-09-09 00:00:00+09:00,2975.0,2985.0,2915.0,2985.0,39166,0.0,0.0
2015-09-10 00:00:00+09:00,2985.0,3020.0,2930.0,2995.0,39159,0.0,0.0
2015-09-11 00:00:00+09:00,3005.0,3005.0,2895.0,2950.0,137533,0.0,0.0
2015-09-14 00:00:00+09:00,3000.0,3000.0,2935.0,2960.0,31648,0.0,0.0
2015-09-15 00:00:00+09:00,3030.0,3030.0,2890.0,2895.0,67302,0.0,0.0
2015-09-16 00:00:00+09:00,2895.0,2930.0,2880.0,2900.0,27009,0.0,0.0
2015-09-17 00:00:00+09:00,2900.0,2930.0,2835.0,2915.0,84824,0.0,0.0
2015-09-18 00:00:00+09:00,2950.0,2950.0,2875.0,2910.0,51350,0.0,0.0
2015-09-21 00:00:00+09:00,2940.0,2940.0,2815.0,2815.0,77071,0.0,0.0
2015-09-22 00:00:00+09:00,2825.0,2860.0,2805.0,2860.0,33645,0.0,0.0
2015-09-23 00:00:00+09:00,2860.0,2860.0,2745.0,2770.0,51830,0.0,0.0
2015-09-24 00:00:00+09:00,2750.0,2855.0,2750.0,2820.0,21121,0.0,0.0
2015-09-25 00:00:00+09:00,2780.0,2850.0,2780.0,2845.0,37423,0.0,0.0
2015-09-30 00:00:00+09:00,2780.0,2835.0,2660.0,2695.0,173569,0.0,0.0
2015-10-01 00:00:00+09:00,2695.0,2730.0,2670.0,2705.0,29079,0.0,0.0
2015-10-02 00:00:00+09:00,2710.0,2745.0,2600.0,2675.0,95038,0.0,0.0
2015-10-05 00:00:00+09:00,2680.0,2830.0,2680.0,2750.0,100044,0.0,0.0
2015-10-06 00:00:00+09:00,2795.0,2795.0,2715.0,2745.0,49942,0.0,0.0
2015-10-07 00:00:00+09:00,2755.0,2755.0,2680.0,2700.0,37150,0.0,0.0
2015-10-08 00:00:00+09:00,2700.0,2800.0,2700.0,2780.0,59488,0.0,0.0
2015-10-12 00:00:00+09:00,2740.0,2880.0,2740.0,2800.0,33316,0.0,0.0
2015-10-13 00:00:00+09:00,2815.0,2855.0,2770.0,2790.0,50022,0.0,0.0
2015-10-14 00:00:00+09:00,2800.0,2810.0,2720.0,2745.0,58978,0.0,0.0
2015-10-15 00:00:00+09:00,2745.0,2785.0,2725.0,2750.0,55261,0.0,0.0
2015-10-16 00:00:00+09:00,2750.0,2775.0,2740.0,2745.0,18388,0.0,0.0
2015-10-19 00:00:00+09:00,2785.0,3110.0,2750.0,3065.0,439100,0.0,0.0
2015-10-20 00:00:00+09:00,3065.0,3645.0,3065.0,3370.0,1092601,0.0,0.0
2015-10-21 00:00:00+09:00,3365.0,3400.0,3265.0,3300.0,185343,0.0,0.0
2015-10-22 00:00:00+09:00,3265.0,3600.0,3265.0,3470.0,707407,0.0,0.0
2015-10-23 00:00:00+09:00,3520.0,3610.0,3365.0,3500.0,121508,0.0,0.0
2015-10-26 00:00:00+09:00,3585.0,3600.0,3435.0,3520.0,161663,0.0,0.0
2015-10-27 00:00:00+09:00,3490.0,3580.0,3475.0,3520.0,98811,0.0,0.0
2015-10-28 00:00:00+09:00,3485.0,3775.0,3485.0,3600.0,194138,0.0,0.0
2015-10-29 00:00:00+09:00,3510.0,3720.0,3510.0,3680.0,100513,0.0,0.0
2015-10-30 00:00:00+09:00,3650.0,3935.0,3535.0,3535.0,556890,0.0,0.0
2015-11-02 00:00:00+09:00,3525.0,3690.0,3500.0,3620.0,142850,0.0,0.0
2015-11-03 00:00:00+09:00,3625.0,3785.0,3570.0,3595.0,135635,0.0,0.0
2015-11-04 00:00:00+09:00,3580.0,3700.0,3480.0,3595.0,100592,0.0,0.0
2015-11-05 00:00:00+09:00,3525.0,3645.0,3515.0,3525.0,70760,0.0,0.0
2015-11-06 00:00:00+09:00,3505.0,3505.0,3340.0,3385.0,148067,0.0,0.0
2015-11-09 00:00:00+09:00,3490.0,3490.0,3195.0,3200.0,107637,0.0,0.0
2015-11-10 00:00:00+09:00,3190.0,3235.0,3090.0,3160.0,130565,0.0,0.0
2015-11-11 00:00:00+09:00,3160.0,3235.0,3095.0,3205.0,46633,0.0,0.0
2015-11-12 00:00:00+09:00,3250.0,3370.0,3200.0,3370.0,79651,0.0,0.0
2015-11-13 00:00:00+09:00,3320.0,3370.0,3245.0,3330.0,57913,0.0,0.0
2015-11-16 00:00:00+09:00,3300.0,3300.0,3095.0,3145.0,74478,0.0,0.0
2015-11-17 00:00:00+09:00,3095.0,3280.0,3095.0,3155.0,93676,0.0,0.0
2015-11-18 00:00:00+09:00,3230.0,3545.0,3160.0,3330.0,162527,0.0,0.0
2015-11-19 00:00:00+09:00,3395.0,3420.0,3285.0,3370.0,71551,0.0,0.0
2015-11-20 00:00:00+09:00,3335.0,3385.0,3280.0,3285.0,65118,0.0,0.0
2015-11-23 00:00:00+09:00,3260.0,3295.0,3160.0,3160.0,72266,0.0,0.0
2015-11-24 00:00:00+09:00,3155.0,3225.0,3135.0,3225.0,45210,0.0,0.0
2015-11-25 00:00:00+09:00,3225.0,3250.0,3175.0,3210.0,50797,0.0,0.0
2015-11-26 00:00:00+09:00,3165.0,3440.0,3165.0,3305.0,158325,0.0,0.0
2015-11-27 00:00:00+09:00,3300.0,3595.0,3275.0,3455.0,280875,0.0,0.0
2015-11-30 00:00:00+09:00,3455.0,3595.0,3350.0,3430.0,108119,0.0,0.0
2015-12-01 00:00:00+09:00,3450.0,4350.0,3375.0,3810.0,4908660,0.0,0.0
2015-12-02 00:00:00+09:00,3740.0,3840.0,3650.0,3760.0,796801,0.0,0.0
2015-12-03 00:00:00+09:00,3750.0,4100.0,3705.0,3710.0,1764236,0.0,0.0
2015-12-04 00:00:00+09:00,3625.0,3670.0,3525.0,3635.0,588733,0.0,0.0
2015-12-07 00:00:00+09:00,3660.0,3790.0,3615.0,3640.0,317238,0.0,0.0
2015-12-08 00:00:00+09:00,3660.0,3685.0,3430.0,3510.0,381140,0.0,0.0
2015-12-09 00:00:00+09:00,3510.0,3600.0,3450.0,3580.0,172441,0.0,0.0
2015-12-10 00:00:00+09:00,3600.0,3705.0,3430.0,3465.0,307319,0.0,0.0
2015-12-11 00:00:00+09:00,3465.0,3515.0,3340.0,3425.0,198734,0.0,0.0
2015-12-14 00:00:00+09:00,3375.0,3490.0,3295.0,3335.0,191221,0.0,0.0
2015-12-15 00:00:00+09:00,3335.0,3530.0,3335.0,3470.0,135680,0.0,0.0
2015-12-16 00:00:00+09:00,3475.0,3550.0,3430.0,3545.0,114654,0.0,0.0
2015-12-17 00:00:00+09:00,3600.0,3620.0,3445.0,3540.0,102141,0.0,0.0
2015-12-18 00:00:00+09:00,3535.0,3545.0,3400.0,3535.0,81604,0.0,0.0
2015-12-21 00:00:00+09:00,3465.0,3655.0,3465.0,3655.0,104190,0.0,0.0
2015-12-22 00:00:00+09:00,3650.0,3760.0,3420.0,3720.0,589440,0.0,0.0
2015-12-23 00:00:00+09:00,3720.0,4195.0,3675.0,3800.0,1000860,0.0,0.0
2015-12-24 00:00:00+09:00,3840.0,4180.0,3755.0,4100.0,944032,0.0,0.0
2015-12-28 00:00:00+09:00,4100.0,4135.0,3900.0,3985.0,410105,0.0,0.0
2015-12-29 00:00:00+09:00,3980.0,3985.0,3820.0,3915.0,207121,0.0,0.0
2015-12-30 00:00:00+09:00,3900.0,3950.0,3825.0,3885.0,142872,0.0,0.0
2016-01-04 00:00:00+09:00,3935.0,3935.0,3630.0,3630.0,217894,0.0,0.0
2016-01-05 00:00:00+09:00,3515.0,3745.0,3515.0,3695.0,126680,0.0,0.0
2016-01-06 00:00:00+09:00,3695.0,3730.0,3530.0,3665.0,190270,0.0,0.0
2016-01-07 00:00:00+09:00,3600.0,3645.0,3535.0,3615.0,115000,0.0,0.0
2016-01-08 00:00:00+09:00,3500.0,3725.0,3475.0,3720.0,202778,0.0,0.0
2016-01-11 00:00:00+09:00,3685.0,3750.0,3645.0,3665.0,96933,0.0,0.0
2016-01-12 00:00:00+09:00,3665.0,3735.0,3495.0,3575.0,156482,0.0,0.0
2016-01-13 00:00:00+09:00,3585.0,3630.0,3530.0,3570.0,50793,0.0,0.0
2016-01-14 00:00:00+09:00,3590.0,3610.0,3450.0,3510.0,69434,0.0,0.0
2016-01-15 00:00:00+09:00,3505.0,3575.0,3465.0,3495.0,60929,0.0,0.0
2016-01-18 00:00:00+09:00,3390.0,3475.0,3370.0,3400.0,69207,0.0,0.0
2016-01-19 00:00:00+09:00,3345.0,3400.0,3285.0,3315.0,125065,0.0,0.0
2016-01-20 00:00:00+09:00,3300.0,3345.0,3150.0,3305.0,81844,0.0,0.0
2016-01-21 00:00:00+09:00,3240.0,3305.0,3150.0,3170.0,71846,0.0,0.0
2016-01-22 00:00:00+09:00,3170.0,3275.0,3135.0,3265.0,118892,0.0,0.0
2016-01-25 00:00:00+09:00,3230.0,3295.0,3210.0,3250.0,30842,0.0,0.0
2016-01-26 00:00:00+09:00,3190.0,3255.0,3140.0,3190.0,53925,0.0,0.0
2016-01-27 00:00:00+09:00,3190.0,3225.0,3100.0,3145.0,72089,0.0,0.0
2016-01-28 00:00:00+09:00,3145.0,3185.0,3100.0,3115.0,42975,0.0,0.0
2016-01-29 00:00:00+09:00,3130.0,3150.0,3055.0,3100.0,55354,0.0,0.0
2016-02-01 00:00:00+09:00,3070.0,3120.0,3000.0,3055.0,97533,0.0,0.0
2016-02-02 00:00:00+09:00,3020.0,3140.0,3000.0,3065.0,109822,0.0,0.0
2016-02-03 00:00:00+09:00,3030.0,3085.0,2995.0,3030.0,67211,0.0,0.0
2016-02-04 00:00:00+09:00,2995.0,3030.0,2955.0,3010.0,75803,0.0,0.0
2016-02-05 00:00:00+09:00,3015.0,3220.0,3015.0,3140.0,96836,0.0,0.0
2016-02-11 00:00:00+09:00,3040.0,3075.0,2985.0,3000.0,78393,0.0,0.0
2016-02-12 00:00:00+09:00,2890.0,2950.0,2780.0,2805.0,162234,0.0,0.0
2016-02-15 00:00:00+09:00,2760.0,2930.0,2745.0,2900.0,76199,0.0,0.0
2016-02-16 00:00:00+09:00,2880.0,2960.0,2880.0,2945.0,20942,0.0,0.0
2016-02-17 00:00:00+09:00,2970.0,2970.0,2880.0,2915.0,27670,0.0,0.0
2016-02-18 00:00:00+09:00,2900.0,3045.0,2900.0,2990.0,73067,0.0,0.0
2016-02-19 00:00:00+09:00,2945.0,3010.0,2920.0,3010.0,57139,0.0,0.0
2016-02-22 00:00:00+09:00,2960.0,3000.0,2950.0,2965.0,108308,0.0,0.0
2016-02-23 00:00:00+09:00,2990.0,3110.0,2975.0,3050.0,81566,0.0,0.0
2016-02-24 00:00:00+09:00,3055.0,3150.0,3040.0,3070.0,25691,0.0,0.0
2016-02-25 00:00:00+09:00,3045.0,3170.0,3045.0,3070.0,65992,0.0,0.0
2016-02-26 00:00:00+09:00,3075.0,3085.0,3000.0,3075.0,53749,0.0,0.0
2016-02-29 00:00:00+09:00,3075.0,3075.0,2925.0,2945.0,72071,0.0,0.0
2016-03-02 00:00:00+09:00,2960.0,3020.0,2960.0,2990.0,36019,0.0,0.0
2016-03-03 00:00:00+09:00,2960.0,3020.0,2960.0,2990.0,9892,0.0,0.0
2016-03-04 00:00:00+09:00,2990.0,3070.0,2865.0,2950.0,190963,0.0,0.0
2016-03-07 00:00:00+09:00,2950.0,2950.0,2845.0,2850.0,134148,0.0,0.0
2016-03-08 00:00:00+09:00,2850.0,2875.0,2815.0,2820.0,67118,0.0,0.0
2016-03-09 00:00:00+09:00,2785.0,2905.0,2760.0,2900.0,71310,0.0,0.0
2016-03-10 00:00:00+09:00,2905.0,2940.0,2855.0,2870.0,63062,0.0,0.0
2016-03-11 00:00:00+09:00,2895.0,2895.0,2830.0,2875.0,25726,0.0,0.0
2016-03-14 00:00:00+09:00,2880.0,3390.0,2880.0,3120.0,891547,0.0,0.0
2016-03-15 00:00:00+09:00,3150.0,3360.0,3135.0,3150.0,352970,0.0,0.0
2016-03-16 00:00:00+09:00,3150.0,3160.0,3050.0,3075.0,159268,0.0,0.0
2016-03-17 00:00:00+09:00,3075.0,3120.0,3050.0,3080.0,154907,0.0,0.0
2016-03-18 00:00:00+09:00,3085.0,3145.0,3050.0,3055.0,113269,0.0,0.0
2016-03-21 00:00:00+09:00,3195.0,3510.0,3110.0,3185.0,1536805,0.0,0.0
2016-03-22 00:00:00+09:00,3155.0,3265.0,3115.0,3245.0,215128,0.0,0.0
2016-03-23 00:00:00+09:00,3245.0,3290.0,3175.0,3245.0,144848,0.0,0.0
2016-03-24 00:00:00+09:00,3260.0,3260.0,3200.0,3260.0,75904,0.0,0.0
2016-03-25 00:00:00+09:00,3315.0,3480.0,3145.0,3145.0,373094,0.0,0.0
2016-03-28 00:00:00+09:00,3125.0,3180.0,3095.0,3140.0,115016,0.0,0.0
2016-03-29 00:00:00+09:00,3110.0,3160.0,3110.0,3150.0,49124,0.0,0.0
2016-03-30 00:00:00+09:00,3130.0,3150.0,3050.0,3085.0,94458,0.0,0.0
2016-03-31 00:00:00+09:00,3095.0,3130.0,3065.0,3115.0,82447,0.0,0.0
2016-04-01 00:00:00+09:00,3135.0,3185.0,3000.0,3030.0,143424,0.0,0.0
2016-04-04 00:00:00+09:00,3030.0,3070.0,3005.0,3050.0,76276,0.0,0.0
2016-04-05 00:00:00+09:00,3055.0,3070.0,3005.0,3005.0,43443,0.0,0.0
2016-04-06 00:00:00+09:00,3000.0,3040.0,2980.0,3035.0,68072,0.0,0.0
2016-04-07 00:00:00+09:00,3035.0,3050.0,2970.0,2985.0,124169,0.0,0.0
2016-04-08 00:00:00+09:00,2960.0,3015.0,2955.0,2985.0,67441,0.0,0.0
2016-04-11 00:00:00+09:00,3015.0,3165.0,2970.0,3165.0,204741,0.0,0.0
2016-04-12 00:00:00+09:00,3175.0,3200.0,3120.0,3175.0,149562,0.0,0.0
2016-04-14 00:00:00+09:00,2895.0,2990.0,2720.0,2735.0,635797,0.0,0.0
2016-04-15 00:00:00+09:00,2780.0,2845.0,2680.0,2735.0,307285,0.0,0.0
2016-04-18 00:00:00+09:00,2735.0,2770.0,2710.0,2720.0,134435,0.0,0.0
2016-04-19 00:00:00+09:00,2715.0,2750.0,2710.0,2745.0,104896,0.0,0.0
2016-04-20 00:00:00+09:00,2750.0,2835.0,2750.0,2770.0,216047,0.0,0.0
2016-04-21 00:00:00+09:00,2800.0,2830.0,2775.0,2790.0,101397,0.0,0.0
2016-04-22 00:00:00+09:00,2795.0,2825.0,2765.0,2795.0,83725,0.0,0.0
2016-04-25 00:00:00+09:00,2780.0,2820.0,2760.0,2780.0,72041,0.0,0.0
2016-04-26 00:00:00+09:00,2795.0,2795.0,2735.0,2740.0,123111,0.0,0.0
2016-04-27 00:00:00+09:00,2745.0,2760.0,2720.0,2735.0,53548,0.0,0.0
2016-04-28 00:00:00+09:00,2735.0,2810.0,2735.0,2775.0,62265,0.0,0.0
2016-04-29 00:00:00+09:00,2770.0,2805.0,2730.0,2735.0,48671,0.0,0.0
2016-05-02 00:00:00+09:00,2790.0,2790.0,2650.0,2650.0,148101,0.0,0.0
2016-05-03 00:00:00+09:00,2650.0,2730.0,2625.0,2655.0,73032,0.0,0.0
2016-05-04 00:00:00+09:00,2670.0,2670.0,2550.0,2570.0,176743,0.0,0.0
2016-05-09 00:00:00+09:00,2570.0,2595.0,2455.0,2525.0,96882,0.0,0.0
2016-05-10 00:00:00+09:00,2540.0,2660.0,2525.0,2635.0,82990,0.0,0.0
2016-05-11 00:00:00+09:00,2640.0,2680.0,2615.0,2640.0,46066,0.0,0.0
2016-05-12 00:00:00+09:00,2640.0,2695.0,2640.0,2655.0,49186,0.0,0.0
2016-05-13 00:00:00+09:00,2655.0,2710.0,2655.0,2665.0,44365,0.0,0.0
2016-05-16 00:00:00+09:00,2685.0,2750.0,2670.0,2740.0,106158,0.0,0.0
2016-05-17 00:00:00+09:00,2750.0,2775.0,2710.0,2775.0,113683,0.0,0.0
2016-05-18 00:00:00+09:00,2775.0,2775.0,2715.0,2735.0,100133,0.0,0.0
2016-05-19 00:00:00+09:00,2735.0,2760.0,2660.0,2675.0,82353,0.0,0.0
2016-05-20 00:00:00+09:00,2675.0,2695.0,2640.0,2690.0,33258,0.0,0.0
2016-05-23 00:00:00+09:00,2690.0,2745.0,2685.0,2740.0,66328,0.0,0.0
2016-05-24 00:00:00+09:00,2740.0,2780.0,2645.0,2645.0,130054,0.0,0.0
2016-05-25 00:00:00+09:00,2650.0,2820.0,2625.0,2765.0,229501,0.0,0.0
2016-05-26 00:00:00+09:00,2745.0,2745.0,2645.0,2670.0,96512,0.0,0.0
2016-05-27 00:00:00+09:00,2675.0,2695.0,2640.0,2685.0,85085,0.0,0.0
2016-05-30 00:00:00+09:00,2650.0,2700.0,2650.0,2650.0,61317,0.0,0.0
2016-05-31 00:00:00+09:00,2685.0,2830.0,2645.0,2785.0,150945,0.0,0.0
2016-06-01 00:00:00+09:00,2780.0,2815.0,2700.0,2715.0,88593,0.0,0.0
2016-06-02 00:00:00+09:00,2725.0,2845.0,2690.0,2830.0,174235,0.0,0.0
2016-06-03 00:00:00+09:00,2840.0,2970.0,2785.0,2880.0,370745,0.0,0.0
2016-06-07 00:00:00+09:00,2895.0,2940.0,2825.0,2830.0,72616,0.0,0.0
2016-06-08 00:00:00+09:00,2810.0,2840.0,2800.0,2820.0,54235,0.0,0.0
2016-06-09 00:00:00+09:00,2815.0,2850.0,2735.0,2780.0,92283,0.0,0.0
2016-06-10 00:00:00+09:00,2780.0,2780.0,2730.0,2745.0,41535,0.0,0.0
2016-06-13 00:00:00+09:00,2730.0,2740.0,2640.0,2670.0,106336,0.0,0.0
2016-06-14 00:00:00+09:00,2670.0,2685.0,2625.0,2650.0,47389,0.0,0.0
2016-06-15 00:00:00+09:00,2650.0,2665.0,2600.0,2645.0,55352,0.0,0.0
2016-06-16 00:00:00+09:00,2640.0,2665.0,2545.0,2570.0,73484,0.0,0.0
2016-06-17 00:00:00+09:00,2555.0,2625.0,2530.0,2570.0,70549,0.0,0.0
2016-06-20 00:00:00+09:00,2570.0,2620.0,2530.0,2605.0,48822,0.0,0.0
2016-06-21 00:00:00+09:00,2645.0,2645.0,2575.0,2605.0,40364,0.0,0.0
2016-06-22 00:00:00+09:00,2605.0,2625.0,2570.0,2620.0,42947,0.0,0.0
2016-06-23 00:00:00+09:00,2595.0,2620.0,2520.0,2520.0,57783,0.0,0.0
2016-06-24 00:00:00+09:00,2535.0,2585.0,2160.0,2330.0,193348,0.0,0.0
2016-06-27 00:00:00+09:00,2200.0,2350.0,2200.0,2345.0,86947,0.0,0.0
2016-06-28 00:00:00+09:00,2345.0,2440.0,2305.0,2420.0,42129,0.0,0.0
2016-06-29 00:00:00+09:00,2445.0,2510.0,2430.0,2500.0,36148,0.0,0.0
2016-06-30 00:00:00+09:00,2525.0,2570.0,2485.0,2505.0,32076,0.0,0.0
2016-07-01 00:00:00+09:00,2510.0,2560.0,2480.0,2530.0,61910,0.0,0.0
2016-07-04 00:00:00+09:00,2580.0,2665.0,2540.0,2570.0,129680,0.0,0.0
2016-07-05 00:00:00+09:00,2600.0,2610.0,2545.0,2595.0,40168,0.0,0.0
2016-07-06 00:00:00+09:00,2595.0,2640.0,2550.0,2605.0,42494,0.0,0.0
2016-07-07 00:00:00+09:00,2630.0,2630.0,2600.0,2610.0,34913,0.0,0.0
2016-07-08 00:00:00+09:00,2630.0,2650.0,2590.0,2620.0,58309,0.0,0.0
2016-07-11 00:00:00+09:00,2600.0,2645.0,2600.0,2640.0,20424,0.0,0.0
2016-07-12 00:00:00+09:00,2640.0,2660.0,2600.0,2650.0,48488,0.0,0.0
2016-07-13 00:00:00+09:00,2635.0,2670.0,2625.0,2640.0,46645,0.0,0.0
2016-07-14 00:00:00+09:00,2640.0,2650.0,2615.0,2625.0,29313,0.0,0.0
2016-07-15 00:00:00+09:00,2675.0,2745.0,2640.0,2640.0,80089,0.0,0.0
2016-07-18 00:00:00+09:00,2685.0,2685.0,2620.0,2645.0,26797,0.0,0.0
2016-07-19 00:00:00+09:00,2660.0,2680.0,2630.0,2665.0,26755,0.0,0.0
2016-07-20 00:00:00+09:00,2665.0,2700.0,2640.0,2700.0,39731,0.0,0.0
2016-07-21 00:00:00+09:00,2720.0,2740.0,2665.0,2685.0,35853,0.0,0.0
2016-07-22 00:00:00+09:00,2715.0,2715.0,2600.0,2665.0,45424,0.0,0.0
2016-07-25 00:00:00+09:00,2645.0,2680.0,2640.0,2670.0,22704,0.0,0.0
2016-07-26 00:00:00+09:00,2670.0,2800.0,2645.0,2705.0,131249,0.0,0.0
2016-07-27 00:00:00+09:00,2730.0,2765.0,2650.0,2690.0,63211,0.0,0.0
2016-07-28 00:00:00+09:00,2690.0,2705.0,2615.0,2645.0,59870,0.0,0.0
2016-07-29 00:00:00+09:00,2655.0,2670.0,2640.0,2670.0,26232,0.0,0.0
2016-08-01 00:00:00+09:00,2660.0,2710.0,2655.0,2710.0,67439,0.0,0.0
2016-08-02 00:00:00+09:00,2710.0,2735.0,2675.0,2705.0,52426,0.0,0.0
2016-08-03 00:00:00+09:00,2665.0,2700.0,2620.0,2660.0,64215,0.0,0.0
2016-08-04 00:00:00+09:00,2660.0,2680.0,2610.0,2645.0,48557,0.0,0.0
2016-08-05 00:00:00+09:00,2650.0,2670.0,2600.0,2610.0,50201,0.0,0.0
2016-08-08 00:00:00+09:00,2600.0,2660.0,2595.0,2660.0,35023,0.0,0.0
2016-08-09 00:00:00+09:00,2680.0,2740.0,2670.0,2740.0,107789,0.0,0.0
2016-08-10 00:00:00+09:00,2720.0,2740.0,2595.0,2600.0,215966,0.0,0.0
2016-08-11 00:00:00+09:00,2615.0,2625.0,2555.0,2585.0,48251,0.0,0.0
2016-08-12 00:00:00+09:00,2585.0,2625.0,2565.0,2625.0,47071,0.0,0.0
2016-08-16 00:00:00+09:00,2640.0,2685.0,2625.0,2655.0,105623,0.0,0.0
2016-08-17 00:00:00+09:00,2655.0,2675.0,2595.0,2665.0,86658,0.0,0.0
2016-08-18 00:00:00+09:00,2665.0,2665.0,2630.0,2650.0,36775,0.0,0.0
2016-08-19 00:00:00+09:00,2620.0,2655.0,2615.0,2630.0,28226,0.0,0.0
2016-08-22 00:00:00+09:00,2605.0,2625.0,2560.0,2575.0,91997,0.0,0.0
2016-08-23 00:00:00+09:00,2570.0,2590.0,2540.0,2560.0,69717,0.0,0.0
2016-08-24 00:00:00+09:00,2555.0,2565.0,2530.0,2545.0,66719,0.0,0.0
2016-08-25 00:00:00+09:00,2545.0,2570.0,2540.0,2545.0,20862,0.0,0.0
2016-08-26 00:00:00+09:00,2545.0,2565.0,2540.0,2550.0,17518,0.0,0.0
2016-08-29 00:00:00+09:00,2550.0,2550.0,2485.0,2520.0,48738,0.0,0.0
2016-08-30 00:00:00+09:00,2520.0,2550.0,2520.0,2550.0,24851,0.0,0.0
2016-08-31 00:00:00+09:00,2555.0,2555.0,2515.0,2550.0,17793,0.0,0.0
2016-09-01 00:00:00+09:00,2530.0,2560.0,2530.0,2545.0,17447,0.0,0.0
2016-09-02 00:00:00+09:00,2530.0,2550.0,2510.0,2540.0,31111,0.0,0.0
2016-09-05 00:00:00+09:00,2540.0,2570.0,2535.0,2570.0,39688,0.0,0.0
2016-09-06 00:00:00+09:00,2570.0,2685.0,2555.0,2685.0,172179,0.0,0.0
2016-09-07 00:00:00+09:00,2710.0,3380.0,2710.0,3120.0,6873424,0.0,0.0
2016-09-08 00:00:00+09:00,3120.0,3130.0,2900.0,2900.0,1368401,0.0,0.0
2016-09-09 00:00:00+09:00,2935.0,2955.0,2730.0,2790.0,792652,0.0,0.0
2016-09-12 00:00:00+09:00,2730.0,2800.0,2640.0,2680.0,480538,0.0,0.0
2016-09-13 00:00:00+09:00,2725.0,2760.0,2685.0,2710.0,326223,0.0,0.0
2016-09-19 00:00:00+09:00,2715.0,2790.0,2705.0,2780.0,338145,0.0,0.0
2016-09-20 00:00:00+09:00,2780.0,2870.0,2745.0,2825.0,402502,0.0,0.0
2016-09-21 00:00:00+09:00,2825.0,2935.0,2800.0,2870.0,267011,0.0,0.0
2016-09-22 00:00:00+09:00,2860.0,2925.0,2800.0,2815.0,243373,0.0,0.0
2016-09-23 00:00:00+09:00,2860.0,2860.0,2760.0,2805.0,113197,0.0,0.0
2016-09-26 00:00:00+09:00,2775.0,2825.0,2770.0,2800.0,117458,0.0,0.0
2016-09-27 00:00:00+09:00,2800.0,2840.0,2765.0,2835.0,87359,0.0,0.0
2016-09-28 00:00:00+09:00,2840.0,2875.0,2810.0,2870.0,141536,0.0,0.0
2016-09-29 00:00:00+09:00,2870.0,2880.0,2820.0,2850.0,78762,0.0,0.0
2016-09-30 00:00:00+09:00,2835.0,2860.0,2775.0,2775.0,96879,0.0,0.0
2016-10-04 00:00:00+09:00,2755.0,2840.0,2755.0,2825.0,51156,0.0,0.0
2016-10-05 00:00:00+09:00,2785.0,2855.0,2785.0,2850.0,69872,0.0,0.0
2016-10-06 00:00:00+09:00,2875.0,2900.0,2830.0,2845.0,105088,0.0,0.0
2016-10-07 00:00:00+09:00,2875.0,2920.0,2845.0,2870.0,208578,0.0,0.0
2016-10-10 00:00:00+09:00,2960.0,3690.0,2940.0,3140.0,11517470,0.0,0.0
2016-10-11 00:00:00+09:00,3395.0,3505.0,3090.0,3110.0,6168956,0.0,0.0
2016-10-12 00:00:00+09:00,3065.0,3130.0,2965.0,3000.0,1082666,0.0,0.0
2016-10-13 00:00:00+09:00,2985.0,3025.0,2860.0,2860.0,694276,0.0,0.0
2016-10-14 00:00:00+09:00,2850.0,2950.0,2850.0,2860.0,463889,0.0,0.0
2016-10-17 00:00:00+09:00,2875.0,2890.0,2825.0,2860.0,290876,0.0,0.0
2016-10-18 00:00:00+09:00,2870.0,3005.0,2860.0,2995.0,799792,0.0,0.0
2016-10-19 00:00:00+09:00,2975.0,3010.0,2890.0,2955.0,344985,0.0,0.0
2016-10-20 00:00:00+09:00,3095.0,3420.0,3010.0,3220.0,7509034,0.0,0.0
2016-10-21 00:00:00+09:00,3170.0,3180.0,2950.0,2995.0,1591628,0.0,0.0
2016-10-24 00:00:00+09:00,2990.0,3195.0,2950.0,3170.0,1268320,0.0,0.0
2016-10-25 00:00:00+09:00,3150.0,3335.0,3025.0,3160.0,1259242,0.0,0.0
2016-10-26 00:00:00+09:00,3175.0,3390.0,3090.0,3335.0,1873257,0.0,0.0
2016-10-27 00:00:00+09:00,3280.0,3345.0,3225.0,3310.0,589794,0.0,0.0
2016-10-28 00:00:00+09:00,3525.0,3700.0,2965.0,2975.0,4422363,0.0,0.0
2016-10-31 00:00:00+09:00,2945.0,3110.0,2860.0,2950.0,1050364,0.0,0.0
2016-11-01 00:00:00+09:00,2900.0,3030.0,2880.0,2950.0,634469,0.0,0.0
2016-11-02 00:00:00+09:00,2895.0,2930.0,2640.0,2640.0,915772,0.0,0.0
2016-11-03 00:00:00+09:00,2600.0,2745.0,2600.0,2685.0,423010,0.0,0.0
2016-11-04 00:00:00+09:00,2700.0,2730.0,2630.0,2675.0,295568,0.0,0.0
2016-11-07 00:00:00+09:00,2740.0,2825.0,2675.0,2740.0,263456,0.0,0.0
2016-11-08 00:00:00+09:00,2790.0,2790.0,2680.0,2715.0,214423,0.0,0.0
2016-11-09 00:00:00+09:00,2730.0,2780.0,2425.0,2525.0,786693,0.0,0.0
2016-11-10 00:00:00+09:00,2565.0,2630.0,2560.0,2620.0,240348,0.0,0.0
2016-11-11 00:00:00+09:00,2620.0,2765.0,2610.0,2720.0,303809,0.0,0.0
2016-11-14 00:00:00+09:00,2750.0,2750.0,2690.0,2725.0,101859,0.0,0.0
2016-11-15 00:00:00+09:00,2725.0,2770.0,2690.0,2750.0,152571,0.0,0.0
2016-11-16 00:00:00+09:00,2750.0,2815.0,2740.0,2815.0,200693,0.0,0.0
2016-11-17 00:00:00+09:00,2815.0,2880.0,2790.0,2810.0,205401,0.0,0.0
2016-11-18 00:00:00+09:00,2855.0,2870.0,2785.0,2815.0,158943,0.0,0.0
2016-11-21 00:00:00+09:00,2785.0,2820.0,2705.0,2785.0,125067,0.0,0.0
2016-11-22 00:00:00+09:00,2755.0,2875.0,2755.0,2785.0,159450,0.0,0.0
2016-11-23 00:00:00+09:00,2785.0,2800.0,2520.0,2570.0,790273,0.0,0.0
2016-11-24 00:00:00+09:00,2570.0,2610.0,2490.0,2510.0,248176,0.0,0.0
2016-11-25 00:00:00+09:00,2465.0,2585.0,2465.0,2550.0,96818,0.0,0.0
2016-11-28 00:00:00+09:00,2520.0,2585.0,2440.0,2440.0,171578,0.0,0.0
2016-11-29 00:00:00+09:00,2440.0,2500.0,2410.0,2470.0,176851,0.0,0.0
2016-11-30 00:00:00+09:00,2450.0,2565.0,2425.0,2525.0,149032,0.0,0.0
2016-12-01 00:00:00+09:00,2520.0,2520.0,2450.0,2470.0,80564,0.0,0.0
2016-12-02 00:00:00+09:00,2450.0,2490.0,2410.0,2430.0,113941,0.0,0.0
2016-12-05 00:00:00+09:00,2410.0,2410.0,2300.0,2335.0,254054,0.0,0.0
2016-12-06 00:00:00+09:00,2330.0,2385.0,2330.0,2365.0,87575,0.0,0.0
2016-12-07 00:00:00+09:00,2345.0,2420.0,2345.0,2380.0,87964,0.0,0.0
2016-12-08 00:00:00+09:00,2390.0,2480.0,2375.0,2420.0,140323,0.0,0.0
2016-12-09 00:00:00+09:00,2420.0,2450.0,2360.0,2395.0,144990,0.0,0.0
2016-12-12 00:00:00+09:00,2395.0,2480.0,2380.0,2465.0,130205,0.0,0.0
2016-12-13 00:00:00+09:00,2490.0,2570.0,2480.0,2530.0,293125,0.0,0.0
2016-12-14 00:00:00+09:00,2520.0,2575.0,2520.0,2540.0,99537,0.0,0.0
2016-12-15 00:00:00+09:00,2525.0,2625.0,2505.0,2580.0,92603,0.0,0.0
2016-12-16 00:00:00+09:00,2595.0,2610.0,2555.0,2580.0,88049,0.0,0.0
2016-12-19 00:00:00+09:00,2570.0,2580.0,2540.0,2575.0,66165,0.0,0.0
2016-12-20 00:00:00+09:00,2600.0,2645.0,2555.0,2600.0,99357,0.0,0.0
2016-12-21 00:00:00+09:00,2605.0,2655.0,2570.0,2615.0,178490,0.0,0.0
2016-12-22 00:00:00+09:00,2630.0,2645.0,2530.0,2610.0,67738,0.0,0.0
2016-12-23 00:00:00+09:00,2605.0,2610.0,2570.0,2575.0,45513,0.0,0.0
2016-12-26 00:00:00+09:00,2575.0,2670.0,2550.0,2665.0,193220,0.0,0.0
2016-12-27 00:00:00+09:00,2645.0,2845.0,2620.0,2735.0,1145057,0.0,0.0
2016-12-28 00:00:00+09:00,2725.0,2735.0,2660.0,2690.0,185456,0.0,0.0
2016-12-29 00:00:00+09:00,2690.0,2690.0,2625.0,2655.0,107888,0.0,0.0
2017-01-02 00:00:00+09:00,2655.0,2670.0,2620.0,2625.0,65939,0.0,0.0
2017-01-03 00:00:00+09:00,2605.0,2655.0,2580.0,2655.0,121519,0.0,0.0
2017-01-04 00:00:00+09:00,2660.0,2690.0,2640.0,2670.0,43673,0.0,0.0
2017-01-05 00:00:00+09:00,2670.0,2695.0,2640.0,2680.0,80083,0.0,0.0
2017-01-06 00:00:00+09:00,2670.0,2690.0,2640.0,2650.0,81354,0.0,0.0
2017-01-09 00:00:00+09:00,2650.0,2650.0,2585.0,2605.0,136693,0.0,0.0
2017-01-10 00:00:00+09:00,2595.0,2640.0,2580.0,2605.0,88403,0.0,0.0
2017-01-11 00:00:00+09:00,2635.0,2690.0,2620.0,2685.0,146191,0.0,0.0
2017-01-12 00:00:00+09:00,2690.0,2700.0,2645.0,2690.0,94949,0.0,0.0
2017-01-13 00:00:00+09:00,2665.0,2755.0,2665.0,2715.0,253389,0.0,0.0
2017-01-16 00:00:00+09:00,2730.0,2750.0,2675.0,2745.0,121078,0.0,0.0
2017-01-17 00:00:00+09:00,2790.0,3065.0,2785.0,2810.0,1897620,0.0,0.0
2017-01-18 00:00:00+09:00,2845.0,2855.0,2745.0,2790.0,205728,0.0,0.0
2017-01-19 00:00:00+09:00,2820.0,2855.0,2750.0,2760.0,230190,0.0,0.0
2017-01-20 00:00:00+09:00,2760.0,2820.0,2645.0,2670.0,354043,0.0,0.0
2017-01-23 00:00:00+09:00,2670.0,2700.0,2650.0,2670.0,114853,0.0,0.0
2017-01-24 00:00:00+09:00,2670.0,2720.0,2655.0,2695.0,103055,0.0,0.0
2017-01-25 00:00:00+09:00,2695.0,2720.0,2650.0,2655.0,74345,0.0,0.0
2017-01-26 00:00:00+09:00,2635.0,2695.0,2635.0,2675.0,54315,0.0,0.0
2017-01-31 00:00:00+09:00,2655.0,2675.0,2635.0,2655.0,59448,0.0,0.0
2017-02-01 00:00:00+09:00,2630.0,2720.0,2630.0,2690.0,60271,0.0,0.0
2017-02-02 00:00:00+09:00,2720.0,2730.0,2655.0,2660.0,70521,0.0,0.0
2017-02-03 00:00:00+09:00,2640.0,2720.0,2640.0,2680.0,100008,0.0,0.0
2017-02-06 00:00:00+09:00,2680.0,2800.0,2660.0,2800.0,227073,0.0,0.0
2017-02-07 00:00:00+09:00,2810.0,2880.0,2735.0,2775.0,489098,0.0,0.0
2017-02-08 00:00:00+09:00,2800.0,2820.0,2710.0,2745.0,156951,0.0,0.0
2017-02-09 00:00:00+09:00,2800.0,2800.0,2725.0,2735.0,124374,0.0,0.0
2017-02-10 00:00:00+09:00,2745.0,2830.0,2660.0,2695.0,202210,0.0,0.0
2017-02-13 00:00:00+09:00,2690.0,2715.0,2685.0,2715.0,54027,0.0,0.0
2017-02-14 00:00:00+09:00,2715.0,2750.0,2640.0,2685.0,87920,0.0,0.0
2017-02-15 00:00:00+09:00,2705.0,2750.0,2655.0,2735.0,110223,0.0,0.0
2017-02-16 00:00:00+09:00,2735.0,2765.0,2725.0,2760.0,62868,0.0,0.0
2017-02-17 00:00:00+09:00,2770.0,2790.0,2750.0,2750.0,70805,0.0,0.0
2017-02-20 00:00:00+09:00,2755.0,2780.0,2740.0,2760.0,28831,0.0,0.0
2017-02-21 00:00:00+09:00,2735.0,2780.0,2735.0,2760.0,46486,0.0,0.0
2017-02-22 00:00:00+09:00,2770.0,2880.0,2745.0,2815.0,371389,0.0,0.0
2017-02-23 00:00:00+09:00,2830.0,2830.0,2745.0,2745.0,169380,0.0,0.0
2017-02-24 00:00:00+09:00,2750.0,2785.0,2740.0,2740.0,55188,0.0,0.0
2017-02-27 00:00:00+09:00,2740.0,2770.0,2720.0,2750.0,64159,0.0,0.0
2017-02-28 00:00:00+09:00,2800.0,2800.0,2660.0,2665.0,142403,0.0,0.0
2017-03-02 00:00:00+09:00,2670.0,2720.0,2670.0,2695.0,56627,0.0,0.0
2017-03-03 00:00:00+09:00,2675.0,2710.0,2605.0,2665.0,143347,0.0,0.0
2017-03-06 00:00:00+09:00,2665.0,2700.0,2610.0,2615.0,87021,0.0,0.0
2017-03-07 00:00:00+09:00,2605.0,2670.0,2605.0,2635.0,41145,0.0,0.0
2017-03-08 00:00:00+09:00,2635.0,2685.0,2615.0,2650.0,36167,0.0,0.0
2017-03-09 00:00:00+09:00,2650.0,2660.0,2630.0,2630.0,55409,0.0,0.0
2017-03-10 00:00:00+09:00,2630.0,2650.0,2580.0,2640.0,47112,0.0,0.0
2017-03-13 00:00:00+09:00,2630.0,2675.0,2620.0,2670.0,37613,0.0,0.0
2017-03-14 00:00:00+09:00,2665.0,2690.0,2650.0,2680.0,34985,0.0,0.0
2017-03-15 00:00:00+09:00,2675.0,2695.0,2625.0,2640.0,69150,0.0,0.0
2017-03-16 00:00:00+09:00,2630.0,2730.0,2630.0,2705.0,104524,0.0,0.0
2017-03-17 00:00:00+09:00,2735.0,2750.0,2685.0,2725.0,126623,0.0,0.0
2017-03-20 00:00:00+09:00,2730.0,2745.0,2670.0,2675.0,34370,0.0,0.0
2017-03-21 00:00:00+09:00,2660.0,2710.0,2655.0,2655.0,28376,0.0,0.0
2017-03-22 00:00:00+09:00,2650.0,2675.0,2625.0,2645.0,27343,0.0,0.0
2017-03-23 00:00:00+09:00,2645.0,2665.0,2615.0,2635.0,35799,0.0,0.0
2017-03-24 00:00:00+09:00,2620.0,2650.0,2595.0,2625.0,35929,0.0,0.0
2017-03-27 00:00:00+09:00,2590.0,2625.0,2525.0,2530.0,106019,0.0,0.0
2017-03-28 00:00:00+09:00,2520.0,2570.0,2505.0,2565.0,58216,0.0,0.0
2017-03-29 00:00:00+09:00,2565.0,2590.0,2530.0,2545.0,38440,0.0,0.0
2017-03-30 00:00:00+09:00,2530.0,2600.0,2530.0,2540.0,51252,0.0,0.0
2017-03-31 00:00:00+09:00,2540.0,2560.0,2530.0,2555.0,28924,0.0,0.0
2017-04-03 00:00:00+09:00,2555.0,2585.0,2550.0,2580.0,61516,0.0,0.0
2017-04-04 00:00:00+09:00,2555.0,2625.0,2540.0,2555.0,104548,0.0,0.0
2017-04-05 00:00:00+09:00,2545.0,2585.0,2535.0,2560.0,51007,0.0,0.0
2017-04-06 00:00:00+09:00,2580.0,2580.0,2490.0,2520.0,113933,0.0,0.0
2017-04-07 00:00:00+09:00,2495.0,2520.0,2480.0,2515.0,33860,0.0,0.0
2017-04-10 00:00:00+09:00,2515.0,2545.0,2460.0,2470.0,70921,0.0,0.0
2017-04-11 00:00:00+09:00,2430.0,2475.0,2430.0,2475.0,42126,0.0,0.0
2017-04-12 00:00:00+09:00,2475.0,2490.0,2455.0,2460.0,16112,0.0,0.0
2017-04-13 00:00:00+09:00,2460.0,2460.0,2410.0,2455.0,60807,0.0,0.0
2017-04-14 00:00:00+09:00,2435.0,2470.0,2390.0,2430.0,60037,0.0,0.0
2017-04-17 00:00:00+09:00,2425.0,2460.0,2405.0,2440.0,45677,0.0,0.0
2017-04-18 00:00:00+09:00,2425.0,2450.0,2405.0,2440.0,62613,0.0,0.0
2017-04-19 00:00:00+09:00,2425.0,2470.0,2425.0,2450.0,23265,0.0,0.0
2017-04-20 00:00:00+09:00,2470.0,2490.0,2440.0,2470.0,18853,0.0,0.0
2017-04-21 00:00:00+09:00,2460.0,2530.0,2450.0,2525.0,43037,0.0,0.0
2017-04-24 00:00:00+09:00,2505.0,2545.0,2460.0,2465.0,61939,0.0,0.0
2017-04-25 00:00:00+09:00,2465.0,2510.0,2460.0,2480.0,19762,0.0,0.0
2017-04-26 00:00:00+09:00,2500.0,2515.0,2485.0,2515.0,25896,0.0,0.0
2017-04-27 00:00:00+09:00,2520.0,2550.0,2495.0,2550.0,30377,0.0,0.0
2017-04-28 00:00:00+09:00,2555.0,2555.0,2520.0,2545.0,20674,0.0,0.0
2017-05-02 00:00:00+09:00,2530.0,2565.0,2515.0,2515.0,38473,0.0,0.0
2017-05-04 00:00:00+09:00,2515.0,2540.0,2500.0,2535.0,12462,0.0,0.0
2017-05-08 00:00:00+09:00,2535.0,2555.0,2500.0,2530.0,30442,0.0,0.0
2017-05-10 00:00:00+09:00,2510.0,2540.0,2505.0,2505.0,23219,0.0,0.0
2017-05-11 00:00:00+09:00,2505.0,2555.0,2490.0,2550.0,29060,0.0,0.0
2017-05-12 00:00:00+09:00,2565.0,2565.0,2515.0,2550.0,26084,0.0,0.0
2017-05-15 00:00:00+09:00,2550.0,2565.0,2500.0,2520.0,44296,0.0,0.0
2017-05-16 00:00:00+09:00,2510.0,2520.0,2470.0,2490.0,71633,0.0,0.0
2017-05-17 00:00:00+09:00,2475.0,2510.0,2455.0,2480.0,28296,0.0,0.0
2017-05-18 00:00:00+09:00,2455.0,2520.0,2435.0,2455.0,53956,0.0,0.0
2017-05-19 00:00:00+09:00,2435.0,2480.0,2405.0,2470.0,40245,0.0,0.0
2017-05-22 00:00:00+09:00,2470.0,2490.0,2365.0,2445.0,220333,0.0,0.0
2017-05-23 00:00:00+09:00,2440.0,2480.0,2420.0,2455.0,56473,0.0,0.0
2017-05-24 00:00:00+09:00,2450.0,2470.0,2435.0,2455.0,23374,0.0,0.0
2017-05-25 00:00:00+09:00,2495.0,2495.0,2440.0,2450.0,29999,0.0,0.0
2017-05-26 00:00:00+09:00,2450.0,2465.0,2420.0,2435.0,41851,0.0,0.0
2017-05-29 00:00:00+09:00,2435.0,2455.0,2400.0,2400.0,26611,0.0,0.0
2017-05-30 00:00:00+09:00,2405.0,2435.0,2405.0,2435.0,30499,0.0,0.0
2017-05-31 00:00:00+09:00,2455.0,2455.0,2410.0,2440.0,29480,0.0,0.0
2017-06-01 00:00:00+09:00,2420.0,2450.0,2410.0,2430.0,39703,0.0,0.0
2017-06-02 00:00:00+09:00,2455.0,2460.0,2400.0,2445.0,68896,0.0,0.0
2017-06-05 00:00:00+09:00,2445.0,2460.0,2370.0,2400.0,174355,0.0,0.0
2017-06-07 00:00:00+09:00,2405.0,2480.0,2400.0,2460.0,66899,0.0,0.0
2017-06-08 00:00:00+09:00,2455.0,2495.0,2425.0,2465.0,55396,0.0,0.0
2017-06-09 00:00:00+09:00,2460.0,2495.0,2430.0,2495.0,65464,0.0,0.0
2017-06-12 00:00:00+09:00,2495.0,2525.0,2460.0,2515.0,71182,0.0,0.0
2017-06-13 00:00:00+09:00,2500.0,2570.0,2490.0,2530.0,91319,0.0,0.0
2017-06-14 00:00:00+09:00,2530.0,2545.0,2495.0,2505.0,29263,0.0,0.0
2017-06-15 00:00:00+09:00,2530.0,2530.0,2465.0,2510.0,18508,0.0,0.0
2017-06-16 00:00:00+09:00,2510.0,2525.0,2460.0,2480.0,62085,0.0,0.0
2017-06-19 00:00:00+09:00,2465.0,2490.0,2450.0,2485.0,14281,0.0,0.0
2017-06-20 00:00:00+09:00,2485.0,2525.0,2460.0,2485.0,27682,0.0,0.0
2017-06-21 00:00:00+09:00,2485.0,2485.0,2415.0,2440.0,46058,0.0,0.0
2017-06-22 00:00:00+09:00,2440.0,2475.0,2405.0,2440.0,47104,0.0,0.0
2017-06-23 00:00:00+09:00,2435.0,2490.0,2430.0,2485.0,23759,0.0,0.0
2017-06-26 00:00:00+09:00,2490.0,2490.0,2455.0,2460.0,33830,0.0,0.0
2017-06-27 00:00:00+09:00,2460.0,2475.0,2440.0,2440.0,21865,0.0,0.0
2017-06-28 00:00:00+09:00,2450.0,2480.0,2415.0,2455.0,24731,0.0,0.0
2017-06-29 00:00:00+09:00,2455.0,2510.0,2435.0,2460.0,55149,0.0,0.0
2017-06-30 00:00:00+09:00,2435.0,2465.0,2425.0,2460.0,16358,0.0,0.0
2017-07-03 00:00:00+09:00,2465.0,2470.0,2430.0,2440.0,23951,0.0,0.0
2017-07-04 00:00:00+09:00,2440.0,2460.0,2410.0,2410.0,29502,0.0,0.0
2017-07-05 00:00:00+09:00,2410.0,2450.0,2405.0,2430.0,37465,0.0,0.0
2017-07-06 00:00:00+09:00,2420.0,2470.0,2400.0,2465.0,67210,0.0,0.0
2017-07-07 00:00:00+09:00,2470.0,2520.0,2435.0,2500.0,69417,0.0,0.0
2017-07-10 00:00:00+09:00,2490.0,2520.0,2445.0,2460.0,22664,0.0,0.0
2017-07-11 00:00:00+09:00,2480.0,2480.0,2410.0,2430.0,47142,0.0,0.0
2017-07-12 00:00:00+09:00,2430.0,2435.0,2400.0,2400.0,42978,0.0,0.0
2017-07-13 00:00:00+09:00,2400.0,2435.0,2375.0,2405.0,56437,0.0,0.0
2017-07-14 00:00:00+09:00,2395.0,2405.0,2340.0,2365.0,96383,0.0,0.0
2017-07-17 00:00:00+09:00,2355.0,2385.0,2320.0,2370.0,118017,0.0,0.0
2017-07-18 00:00:00+09:00,2315.0,2390.0,2315.0,2345.0,59001,0.0,0.0
2017-07-19 00:00:00+09:00,2345.0,2360.0,2325.0,2360.0,34646,0.0,0.0
2017-07-20 00:00:00+09:00,2360.0,2400.0,2360.0,2375.0,19901,0.0,0.0
2017-07-21 00:00:00+09:00,2375.0,2400.0,2360.0,2370.0,9089,0.0,0.0
2017-07-24 00:00:00+09:00,2380.0,2380.0,2335.0,2350.0,36613,0.0,0.0
2017-07-25 00:00:00+09:00,2340.0,2370.0,2320.0,2330.0,32364,0.0,0.0
2017-07-26 00:00:00+09:00,2360.0,2360.0,2315.0,2325.0,38679,0.0,0.0
2017-07-27 00:00:00+09:00,2360.0,2360.0,2310.0,2325.0,19313,0.0,0.0
2017-07-28 00:00:00+09:00,2325.0,2325.0,2285.0,2320.0,46180,0.0,0.0
2017-07-31 00:00:00+09:00,2300.0,2340.0,2275.0,2335.0,23950,0.0,0.0
2017-08-01 00:00:00+09:00,2290.0,2335.0,2290.0,2330.0,19217,0.0,0.0
2017-08-02 00:00:00+09:00,2340.0,2340.0,2305.0,2330.0,32004,0.0,0.0
2017-08-03 00:00:00+09:00,2320.0,2340.0,2280.0,2280.0,35702,0.0,0.0
2017-08-04 00:00:00+09:00,2285.0,2340.0,2280.0,2330.0,27297,0.0,0.0
2017-08-07 00:00:00+09:00,2350.0,2350.0,2300.0,2335.0,8881,0.0,0.0
2017-08-08 00:00:00+09:00,2340.0,2345.0,2305.0,2335.0,23919,0.0,0.0
2017-08-09 00:00:00+09:00,2335.0,2350.0,2230.0,2285.0,112301,0.0,0.0
2017-08-10 00:00:00+09:00,2280.0,2285.0,2215.0,2265.0,49938,0.0,0.0
2017-08-11 00:00:00+09:00,2260.0,2260.0,2185.0,2210.0,36060,0.0,0.0
2017-08-14 00:00:00+09:00,2210.0,2225.0,2175.0,2180.0,34053,0.0,0.0
2017-08-16 00:00:00+09:00,2180.0,2195.0,2105.0,2115.0,84268,0.0,0.0
2017-08-17 00:00:00+09:00,2130.0,2165.0,2115.0,2155.0,27143,0.0,0.0
2017-08-18 00:00:00+09:00,2135.0,2155.0,2120.0,2150.0,4637,0.0,0.0
2017-08-21 00:00:00+09:00,2150.0,2195.0,2140.0,2190.0,35641,0.0,0.0
2017-08-22 00:00:00+09:00,2170.0,2225.0,2155.0,2180.0,41043,0.0,0.0
2017-08-23 00:00:00+09:00,2195.0,2195.0,2140.0,2170.0,23774,0.0,0.0
2017-08-24 00:00:00+09:00,2165.0,2285.0,2145.0,2195.0,89994,0.0,0.0
2017-08-25 00:00:00+09:00,2195.0,2205.0,2170.0,2185.0,13862,0.0,0.0
2017-08-28 00:00:00+09:00,2190.0,2215.0,2170.0,2200.0,25257,0.0,0.0
2017-08-29 00:00:00+09:00,2225.0,2245.0,2165.0,2230.0,37612,0.0,0.0
2017-08-30 00:00:00+09:00,2255.0,2255.0,2185.0,2205.0,16429,0.0,0.0
2017-08-31 00:00:00+09:00,2245.0,2245.0,2165.0,2205.0,33988,0.0,0.0
2017-09-01 00:00:00+09:00,2240.0,2340.0,2175.0,2250.0,100762,0.0,0.0
2017-09-04 00:00:00+09:00,2170.0,2250.0,2170.0,2195.0,51083,0.0,0.0
2017-09-05 00:00:00+09:00,2200.0,2220.0,2160.0,2180.0,93684,0.0,0.0
2017-09-06 00:00:00+09:00,2170.0,2240.0,2170.0,2175.0,49590,0.0,0.0
2017-09-07 00:00:00+09:00,2180.0,2210.0,2175.0,2195.0,21348,0.0,0.0
2017-09-08 00:00:00+09:00,2195.0,2225.0,2130.0,2160.0,57657,0.0,0.0
2017-09-11 00:00:00+09:00,2160.0,2200.0,2145.0,2190.0,32031,0.0,0.0
2017-09-12 00:00:00+09:00,2195.0,2200.0,2160.0,2180.0,10575,0.0,0.0
2017-09-13 00:00:00+09:00,2180.0,2190.0,2160.0,2180.0,18526,0.0,0.0
2017-09-14 00:00:00+09:00,2180.0,2205.0,2160.0,2205.0,13860,0.0,0.0
2017-09-15 00:00:00+09:00,2205.0,2210.0,2170.0,2190.0,8897,0.0,0.0
2017-09-18 00:00:00+09:00,2190.0,2195.0,2160.0,2180.0,20975,0.0,0.0
2017-09-19 00:00:00+09:00,2170.0,2195.0,2150.0,2175.0,36099,0.0,0.0
2017-09-20 00:00:00+09:00,2175.0,2220.0,2150.0,2215.0,34451,0.0,0.0
2017-09-21 00:00:00+09:00,2185.0,2200.0,2145.0,2150.0,23552,0.0,0.0
2017-09-25 00:00:00+09:00,2100.0,2110.0,2025.0,2025.0,64541,0.0,0.0
2017-09-26 00:00:00+09:00,2005.0,2045.0,2005.0,2030.0,28252,0.0,0.0
2017-09-27 00:00:00+09:00,2030.0,2095.0,2005.0,2040.0,32648,0.0,0.0
2017-09-28 00:00:00+09:00,2040.0,2085.0,2025.0,2060.0,9915,0.0,0.0
2017-09-29 00:00:00+09:00,2060.0,2085.0,2020.0,2080.0,17580,0.0,0.0
2017-10-10 00:00:00+09:00,2080.0,2105.0,2055.0,2070.0,28330,0.0,0.0
2017-10-11 00:00:00+09:00,2070.0,2100.0,2055.0,2085.0,5875,0.0,0.0
2017-10-12 00:00:00+09:00,2055.0,2085.0,2045.0,2080.0,34837,0.0,0.0
2017-10-13 00:00:00+09:00,2065.0,2080.0,2050.0,2075.0,14212,0.0,0.0
2017-10-16 00:00:00+09:00,2075.0,2090.0,2035.0,2060.0,19856,0.0,0.0
2017-10-17 00:00:00+09:00,2060.0,2085.0,2035.0,2075.0,17850,0.0,0.0
2017-10-18 00:00:00+09:00,2075.0,2095.0,2025.0,2095.0,20263,0.0,0.0
2017-10-19 00:00:00+09:00,2075.0,2205.0,2065.0,2120.0,88027,0.0,0.0
2017-10-20 00:00:00+09:00,2120.0,2150.0,2100.0,2130.0,9478,0.0,0.0
2017-10-23 00:00:00+09:00,2105.0,2145.0,2105.0,2130.0,13153,0.0,0.0
2017-10-24 00:00:00+09:00,2130.0,2145.0,2090.0,2120.0,17560,0.0,0.0
2017-10-25 00:00:00+09:00,2115.0,2190.0,2105.0,2125.0,20839,0.0,0.0
2017-10-26 00:00:00+09:00,2125.0,2135.0,2080.0,2110.0,20650,0.0,0.0
2017-10-27 00:00:00+09:00,2110.0,2145.0,2075.0,2095.0,31389,0.0,0.0
2017-10-30 00:00:00+09:00,2110.0,2120.0,2070.0,2090.0,12951,0.0,0.0
2017-10-31 00:00:00+09:00,2090.0,2145.0,2065.0,2120.0,53151,0.0,0.0
2017-11-01 00:00:00+09:00,2120.0,2145.0,2095.0,2130.0,13069,0.0,0.0
2017-11-02 00:00:00+09:00,2145.0,2145.0,2085.0,2105.0,37550,0.0,0.0
2017-11-03 00:00:00+09:00,2105.0,2140.0,2100.0,2120.0,6355,0.0,0.0
2017-11-06 00:00:00+09:00,2120.0,2130.0,2095.0,2120.0,25603,0.0,0.0
2017-11-07 00:00:00+09:00,2115.0,2125.0,2095.0,2105.0,6310,0.0,0.0
2017-11-08 00:00:00+09:00,2105.0,2120.0,2080.0,2105.0,18305,0.0,0.0
2017-11-09 00:00:00+09:00,2090.0,2115.0,2060.0,2110.0,30059,0.0,0.0
2017-11-10 00:00:00+09:00,2100.0,2135.0,2055.0,2105.0,20399,0.0,0.0
2017-11-13 00:00:00+09:00,2105.0,2110.0,2070.0,2080.0,8578,0.0,0.0
2017-11-14 00:00:00+09:00,2080.0,2100.0,2065.0,2100.0,40195,0.0,0.0
2017-11-15 00:00:00+09:00,2100.0,2120.0,2045.0,2090.0,56218,0.0,0.0
2017-11-16 00:00:00+09:00,2100.0,2110.0,2070.0,2085.0,15203,0.0,0.0
2017-11-17 00:00:00+09:00,2085.0,2180.0,2075.0,2170.0,40269,0.0,0.0
2017-11-20 00:00:00+09:00,2170.0,2170.0,2140.0,2170.0,24072,0.0,0.0
2017-11-21 00:00:00+09:00,2155.0,2175.0,2145.0,2155.0,4968,0.0,0.0
2017-11-22 00:00:00+09:00,2150.0,2185.0,2115.0,2150.0,23736,0.0,0.0
2017-11-23 00:00:00+09:00,2125.0,2155.0,2115.0,2120.0,13276,0.0,0.0
2017-11-24 00:00:00+09:00,2125.0,2200.0,2100.0,2150.0,23091,0.0,0.0
2017-11-27 00:00:00+09:00,2175.0,2180.0,2100.0,2150.0,30517,0.0,0.0
2017-11-28 00:00:00+09:00,2150.0,2165.0,2100.0,2105.0,22082,0.0,0.0
2017-11-29 00:00:00+09:00,2105.0,2120.0,2045.0,2075.0,38626,0.0,0.0
2017-11-30 00:00:00+09:00,2075.0,2180.0,2055.0,2100.0,49078,0.0,0.0
2017-12-01 00:00:00+09:00,2105.0,2125.0,2090.0,2100.0,16862,0.0,0.0
2017-12-04 00:00:00+09:00,2100.0,2150.0,2085.0,2110.0,31889,0.0,0.0
2017-12-05 00:00:00+09:00,2105.0,2130.0,2090.0,2115.0,12509,0.0,0.0
2017-12-06 00:00:00+09:00,2115.0,2135.0,2105.0,2125.0,27763,0.0,0.0
2017-12-07 00:00:00+09:00,2125.0,2145.0,2070.0,2125.0,59013,0.0,0.0
2017-12-08 00:00:00+09:00,2125.0,2165.0,2070.0,2070.0,31437,0.0,0.0
2017-12-11 00:00:00+09:00,2070.0,2100.0,2060.0,2090.0,34476,0.0,0.0
2017-12-12 00:00:00+09:00,2085.0,2090.0,2045.0,2085.0,70734,0.0,0.0
2017-12-13 00:00:00+09:00,2080.0,2100.0,2045.0,2070.0,26659,0.0,0.0
2017-12-14 00:00:00+09:00,2070.0,2105.0,2060.0,2085.0,18515,0.0,0.0
2017-12-15 00:00:00+09:00,2085.0,2095.0,2000.0,2055.0,70501,0.0,0.0
2017-12-18 00:00:00+09:00,2055.0,2070.0,2020.0,2070.0,71125,0.0,0.0
2017-12-19 00:00:00+09:00,2070.0,2085.0,2025.0,2040.0,55085,0.0,0.0
2017-12-21 00:00:00+09:00,2030.0,2035.0,2000.0,2020.0,16717,0.0,0.0
2017-12-22 00:00:00+09:00,2020.0,2045.0,1985.0,2045.0,25390,0.0,0.0
2017-12-26 00:00:00+09:00,2050.0,2055.0,2000.0,2005.0,19923,0.0,0.0
2017-12-27 00:00:00+09:00,2005.0,2025.0,1980.0,2025.0,14564,0.0,0.0
2017-12-28 00:00:00+09:00,2020.0,2045.0,1985.0,2035.0,19051,0.0,0.0
2018-01-02 00:00:00+09:00,2035.0,2050.0,2005.0,2050.0,9962,0.0,0.0
2018-01-03 00:00:00+09:00,2045.0,2045.0,2020.0,2045.0,3555,0.0,0.0
2018-01-04 00:00:00+09:00,2045.0,2050.0,2005.0,2050.0,21981,0.0,0.0
2018-01-05 00:00:00+09:00,2050.0,2050.0,2005.0,2025.0,7379,0.0,0.0
2018-01-08 00:00:00+09:00,2025.0,2400.0,1940.0,2140.0,782550,0.0,0.0
2018-01-09 00:00:00+09:00,2155.0,2160.0,2085.0,2110.0,105185,0.0,0.0
2018-01-10 00:00:00+09:00,2070.0,2125.0,2050.0,2060.0,54367,0.0,0.0
2018-01-11 00:00:00+09:00,2055.0,2080.0,2020.0,2040.0,68114,0.0,0.0
2018-01-12 00:00:00+09:00,2050.0,2055.0,1990.0,2005.0,69978,0.0,0.0
2018-01-15 00:00:00+09:00,2005.0,2030.0,1950.0,2010.0,91935,0.0,0.0
2018-01-16 00:00:00+09:00,2010.0,2030.0,1990.0,2010.0,14166,0.0,0.0
2018-01-17 00:00:00+09:00,2010.0,2020.0,1995.0,2020.0,18933,0.0,0.0
2018-01-18 00:00:00+09:00,2020.0,2055.0,2005.0,2050.0,20012,0.0,0.0
2018-01-19 00:00:00+09:00,2060.0,2065.0,2020.0,2065.0,30311,0.0,0.0
2018-01-22 00:00:00+09:00,2115.0,2115.0,2040.0,2040.0,41284,0.0,0.0
2018-01-23 00:00:00+09:00,2065.0,2085.0,2030.0,2070.0,11056,0.0,0.0
2018-01-24 00:00:00+09:00,2070.0,2090.0,2040.0,2075.0,19401,0.0,0.0
2018-01-25 00:00:00+09:00,2075.0,2090.0,2060.0,2090.0,16962,0.0,0.0
2018-01-26 00:00:00+09:00,2095.0,2105.0,2050.0,2090.0,11190,0.0,0.0
2018-01-29 00:00:00+09:00,2105.0,2140.0,2080.0,2135.0,83199,0.0,0.0
2018-01-30 00:00:00+09:00,2150.0,2160.0,2085.0,2120.0,77842,0.0,0.0
2018-01-31 00:00:00+09:00,2120.0,2130.0,2090.0,2120.0,21751,0.0,0.0
2018-02-01 00:00:00+09:00,2140.0,2140.0,2090.0,2140.0,44461,0.0,0.0
2018-02-02 00:00:00+09:00,2140.0,2160.0,2080.0,2140.0,49434,0.0,0.0
2018-02-05 00:00:00+09:00,2095.0,2130.0,2090.0,2130.0,25779,0.0,0.0
2018-02-07 00:00:00+09:00,2150.0,2150.0,2085.0,2105.0,40306,0.0,0.0
2018-02-08 00:00:00+09:00,2105.0,2175.0,2100.0,2175.0,68014,0.0,0.0
2018-02-09 00:00:00+09:00,2150.0,2200.0,2125.0,2155.0,38682,0.0,0.0
2018-02-12 00:00:00+09:00,2165.0,2185.0,2145.0,2170.0,89452,0.0,0.0
2018-02-13 00:00:00+09:00,2175.0,2215.0,2130.0,2150.0,63097,0.0,0.0
2018-02-14 00:00:00+09:00,2150.0,2190.0,2105.0,2165.0,76792,0.0,0.0
2018-02-19 00:00:00+09:00,2145.0,2175.0,2120.0,2165.0,35914,0.0,0.0
2018-02-20 00:00:00+09:00,2165.0,2170.0,2140.0,2165.0,29942,0.0,0.0
2018-02-21 00:00:00+09:00,2180.0,2180.0,2140.0,2160.0,22652,0.0,0.0
2018-02-22 00:00:00+09:00,2150.0,2230.0,2140.0,2195.0,87861,0.0,0.0
2018-02-23 00:00:00+09:00,2195.0,2410.0,2180.0,2230.0,728894,0.0,0.0
2018-02-26 00:00:00+09:00,2245.0,2255.0,2205.0,2245.0,110266,0.0,0.0
2018-02-27 00:00:00+09:00,2215.0,2255.0,2200.0,2245.0,106105,0.0,0.0
2018-02-28 00:00:00+09:00,2245.0,2340.0,2240.0,2325.0,233079,0.0,0.0
2018-03-07 00:00:00+09:00,2275.0,2275.0,2085.0,2105.0,660997,0.0,0.0
2018-03-08 00:00:00+09:00,2105.0,2155.0,2100.0,2140.0,43092,0.0,0.0
2018-03-09 00:00:00+09:00,2140.0,2150.0,2105.0,2130.0,64727,0.0,0.0
2018-03-12 00:00:00+09:00,2135.0,2190.0,2125.0,2190.0,175749,0.0,0.0
2018-03-13 00:00:00+09:00,2185.0,2195.0,2140.0,2175.0,108145,0.0,0.0
2018-03-14 00:00:00+09:00,2170.0,2170.0,2140.0,2160.0,42185,0.0,0.0
2018-03-15 00:00:00+09:00,2160.0,2160.0,2075.0,2130.0,98575,0.0,0.0
2018-03-16 00:00:00+09:00,2130.0,2175.0,2110.0,2135.0,51465,0.0,0.0
2018-03-19 00:00:00+09:00,2140.0,2155.0,2120.0,2130.0,40231,0.0,0.0
2018-03-20 00:00:00+09:00,2130.0,2180.0,2115.0,2150.0,84298,0.0,0.0
2018-03-21 00:00:00+09:00,2170.0,2170.0,2135.0,2145.0,34383,0.0,0.0
2018-03-22 00:00:00+09:00,2125.0,2160.0,2125.0,2145.0,84176,0.0,0.0
2018-03-23 00:00:00+09:00,2125.0,2145.0,2090.0,2090.0,44816,0.0,0.0
2018-03-26 00:00:00+09:00,2065.0,2130.0,2065.0,2115.0,44072,0.0,0.0
2018-03-27 00:00:00+09:00,2120.0,2130.0,2095.0,2110.0,27751,0.0,0.0
2018-03-28 00:00:00+09:00,2110.0,2110.0,2065.0,2095.0,81208,0.0,0.0
2018-03-29 00:00:00+09:00,2070.0,2105.0,2030.0,2060.0,127737,0.0,0.0
2018-03-30 00:00:00+09:00,2060.0,2085.0,2030.0,2055.0,79182,0.0,0.0
2018-04-02 00:00:00+09:00,2055.0,2070.0,2030.0,2045.0,85080,0.0,0.0
2018-04-03 00:00:00+09:00,2040.0,2070.0,2015.0,2070.0,46477,0.0,0.0
2018-04-04 00:00:00+09:00,2070.0,2095.0,2035.0,2045.0,35444,0.0,0.0
2018-04-05 00:00:00+09:00,2045.0,2075.0,2040.0,2055.0,46080,0.0,0.0
2018-04-06 00:00:00+09:00,2055.0,2070.0,2025.0,2055.0,74181,0.0,0.0
2018-04-09 00:00:00+09:00,2060.0,2160.0,2040.0,2130.0,248608,0.0,0.0
2018-04-10 00:00:00+09:00,2105.0,2175.0,2085.0,2155.0,222076,0.0,0.0
2018-04-11 00:00:00+09:00,2165.0,2180.0,2125.0,2160.0,120041,0.0,0.0
2018-04-12 00:00:00+09:00,2180.0,2210.0,2125.0,2140.0,102641,0.0,0.0
2018-04-13 00:00:00+09:00,2150.0,2150.0,2105.0,2110.0,125931,0.0,0.0
2018-04-16 00:00:00+09:00,2110.0,2140.0,2110.0,2130.0,44492,0.0,0.0
2018-04-17 00:00:00+09:00,2130.0,2165.0,2130.0,2140.0,54503,0.0,0.0
2018-04-18 00:00:00+09:00,2155.0,2190.0,2135.0,2155.0,70563,0.0,0.0
2018-04-19 00:00:00+09:00,2160.0,2295.0,2160.0,2290.0,424134,0.0,0.0
2018-04-20 00:00:00+09:00,2460.0,2705.0,2290.0,2420.0,3323751,0.0,0.0
2018-04-23 00:00:00+09:00,2480.0,2480.0,2350.0,2415.0,508720,0.0,0.0
2018-04-24 00:00:00+09:00,2385.0,2490.0,2375.0,2415.0,324325,0.0,0.0
2018-04-25 00:00:00+09:00,2375.0,2460.0,2355.0,2395.0,147846,0.0,0.0
2018-04-26 00:00:00+09:00,2370.0,2420.0,2340.0,2395.0,132805,0.0,0.0
2018-04-27 00:00:00+09:00,2420.0,2420.0,2340.0,2345.0,123944,0.0,0.0
2018-04-30 00:00:00+09:00,2355.0,2465.0,2300.0,2420.0,405280,0.0,0.0
2018-05-02 00:00:00+09:00,2440.0,2530.0,2435.0,2495.0,368730,0.0,0.0
2018-05-03 00:00:00+09:00,2495.0,2500.0,2410.0,2480.0,188089,0.0,0.0
2018-05-04 00:00:00+09:00,2460.0,2500.0,2420.0,2485.0,172521,0.0,0.0
2018-05-08 00:00:00+09:00,2510.0,2510.0,2420.0,2460.0,153884,0.0,0.0
2018-05-09 00:00:00+09:00,2425.0,2465.0,2310.0,2385.0,109080,0.0,0.0
2018-05-10 00:00:00+09:00,2395.0,2550.0,2355.0,2550.0,380719,0.0,0.0
2018-05-11 00:00:00+09:00,2520.0,2555.0,2475.0,2530.0,180583,0.0,0.0
2018-05-14 00:00:00+09:00,2535.0,2615.0,2520.0,2595.0,276277,0.0,0.0
2018-05-15 00:00:00+09:00,2620.0,2655.0,2550.0,2625.0,290209,0.0,0.0
2018-05-16 00:00:00+09:00,2490.0,2590.0,2430.0,2490.0,221032,0.0,0.0
2018-05-17 00:00:00+09:00,2485.0,2605.0,2460.0,2540.0,239105,0.0,0.0
2018-05-18 00:00:00+09:00,2540.0,2570.0,2515.0,2565.0,150219,0.0,0.0
2018-05-21 00:00:00+09:00,2600.0,2600.0,2530.0,2580.0,86024,0.0,0.0
2018-05-23 00:00:00+09:00,2580.0,2580.0,2480.0,2510.0,242557,0.0,0.0
2018-05-24 00:00:00+09:00,2520.0,2550.0,2455.0,2490.0,106229,0.0,0.0
2018-05-25 00:00:00+09:00,2350.0,2420.0,2300.0,2375.0,163253,0.0,0.0
2018-05-28 00:00:00+09:00,2440.0,2520.0,2425.0,2500.0,212985,0.0,0.0
2018-05-29 00:00:00+09:00,2525.0,2525.0,2455.0,2490.0,43799,0.0,0.0
2018-05-30 00:00:00+09:00,2490.0,2520.0,2430.0,2445.0,89384,0.0,0.0
2018-05-31 00:00:00+09:00,2430.0,2500.0,2430.0,2490.0,68669,0.0,0.0
2018-06-01 00:00:00+09:00,2490.0,2515.0,2445.0,2475.0,45568,0.0,0.0
2018-06-04 00:00:00+09:00,2540.0,2630.0,2510.0,2600.0,498169,0.0,0.0
2018-06-05 00:00:00+09:00,2660.0,2660.0,2555.0,2560.0,288766,0.0,0.0
2018-06-07 00:00:00+09:00,2605.0,2605.0,2555.0,2600.0,110688,0.0,0.0
2018-06-08 00:00:00+09:00,2600.0,2640.0,2505.0,2560.0,89120,0.0,0.0
2018-06-11 00:00:00+09:00,2585.0,2630.0,2530.0,2560.0,49736,0.0,0.0
2018-06-12 00:00:00+09:00,2560.0,2575.0,2490.0,2530.0,55022,0.0,0.0
2018-06-14 00:00:00+09:00,2550.0,2550.0,2370.0,2400.0,91594,0.0,0.0
2018-06-15 00:00:00+09:00,2380.0,2425.0,2375.0,2400.0,41487,0.0,0.0
2018-06-18 00:00:00+09:00,2400.0,2415.0,2320.0,2320.0,62375,0.0,0.0
2018-06-19 00:00:00+09:00,2365.0,3000.0,2350.0,2730.0,18584240,0.0,0.0
2018-06-20 00:00:00+09:00,2660.0,2870.0,2640.0,2855.0,3596777,0.0,0.0
2018-06-21 00:00:00+09:00,2860.0,2875.0,2610.0,2620.0,1341879,0.0,0.0
2018-06-22 00:00:00+09:00,2590.0,2835.0,2520.0,2810.0,2594487,0.0,0.0
2018-06-25 00:00:00+09:00,2740.0,2875.0,2650.0,2805.0,980590,0.0,0.0
2018-06-26 00:00:00+09:00,2690.0,3170.0,2690.0,2825.0,6553441,0.0,0.0
2018-06-27 00:00:00+09:00,2850.0,3055.0,2750.0,2870.0,2236127,0.0,0.0
2018-06-28 00:00:00+09:00,2890.0,3060.0,2750.0,2760.0,3038886,0.0,0.0
2018-06-29 00:00:00+09:00,2790.0,2955.0,2650.0,2955.0,1303338,0.0,0.0
2018-07-02 00:00:00+09:00,2950.0,3070.0,2865.0,2985.0,1275681,0.0,0.0
2018-07-03 00:00:00+09:00,2985.0,3030.0,2805.0,2915.0,770236,0.0,0.0
2018-07-04 00:00:00+09:00,2875.0,2910.0,2775.0,2820.0,557931,0.0,0.0
2018-07-05 00:00:00+09:00,2820.0,2825.0,2590.0,2645.0,510814,0.0,0.0
2018-07-06 00:00:00+09:00,2635.0,2670.0,2450.0,2565.0,531549,0.0,0.0
2018-07-09 00:00:00+09:00,2540.0,2545.0,2465.0,2545.0,240400,0.0,0.0
2018-07-10 00:00:00+09:00,2570.0,2665.0,2525.0,2665.0,327002,0.0,0.0
2018-07-11 00:00:00+09:00,2665.0,2750.0,2595.0,2680.0,238211,0.0,0.0
2018-07-12 00:00:00+09:00,2740.0,2885.0,2655.0,2655.0,566428,0.0,0.0
2018-07-13 00:00:00+09:00,2650.0,2750.0,2615.0,2700.0,175591,0.0,0.0
2018-07-16 00:00:00+09:00,2730.0,2795.0,2635.0,2780.0,197601,0.0,0.0
2018-07-17 00:00:00+09:00,2780.0,2780.0,2550.0,2600.0,292576,0.0,0.0
2018-07-18 00:00:00+09:00,2600.0,2600.0,2420.0,2450.0,295815,0.0,0.0
2018-07-19 00:00:00+09:00,2445.0,2480.0,2350.0,2385.0,155785,0.0,0.0
2018-07-20 00:00:00+09:00,2330.0,2390.0,2305.0,2340.0,142536,0.0,0.0
2018-07-23 00:00:00+09:00,2330.0,2345.0,2220.0,2270.0,383056,0.0,0.0
2018-07-24 00:00:00+09:00,2240.0,2445.0,2240.0,2375.0,162392,0.0,0.0
2018-07-25 00:00:00+09:00,2375.0,2440.0,2330.0,2370.0,90783,0.0,0.0
2018-07-26 00:00:00+09:00,2350.0,2485.0,2350.0,2480.0,55912,0.0,0.0
2018-07-27 00:00:00+09:00,2480.0,2480.0,2400.0,2460.0,49672,0.0,0.0
2018-07-30 00:00:00+09:00,2455.0,2480.0,2405.0,2475.0,37978,0.0,0.0
2018-07-31 00:00:00+09:00,2450.0,2465.0,2355.0,2430.0,90526,0.0,0.0
2018-08-01 00:00:00+09:00,2425.0,2425.0,2375.0,2420.0,69227,0.0,0.0
2018-08-02 00:00:00+09:00,2390.0,2430.0,2375.0,2430.0,63289,0.0,0.0
2018-08-03 00:00:00+09:00,2430.0,2430.0,2395.0,2425.0,52965,0.0,0.0
2018-08-06 00:00:00+09:00,2425.0,2510.0,2405.0,2480.0,79122,0.0,0.0
2018-08-07 00:00:00+09:00,2460.0,2490.0,2420.0,2490.0,54298,0.0,0.0
2018-08-08 00:00:00+09:00,2490.0,2520.0,2470.0,2500.0,121938,0.0,0.0
2018-08-09 00:00:00+09:00,2500.0,2515.0,2440.0,2490.0,73121,0.0,0.0
2018-08-10 00:00:00+09:00,2450.0,2500.0,2450.0,2475.0,39920,0.0,0.0
2018-08-13 00:00:00+09:00,2475.0,2475.0,2345.0,2410.0,125053,0.0,0.0
2018-08-14 00:00:00+09:00,2410.0,2415.0,2340.0,2370.0,106194,0.0,0.0
2018-08-16 00:00:00+09:00,2405.0,2480.0,2350.0,2480.0,88194,0.0,0.0
2018-08-17 00:00:00+09:00,2505.0,2505.0,2445.0,2485.0,40560,0.0,0.0
2018-08-20 00:00:00+09:00,2485.0,2500.0,2365.0,2375.0,92657,0.0,0.0
2018-08-21 00:00:00+09:00,2405.0,2445.0,2380.0,2425.0,38027,0.0,0.0
2018-08-22 00:00:00+09:00,2425.0,2460.0,2400.0,2420.0,103834,0.0,0.0
2018-08-23 00:00:00+09:00,2420.0,2460.0,2405.0,2425.0,92946,0.0,0.0
2018-08-24 00:00:00+09:00,2425.0,2425.0,2380.0,2410.0,117585,0.0,0.0
2018-08-27 00:00:00+09:00,2395.0,2410.0,2305.0,2315.0,182754,0.0,0.0
2018-08-28 00:00:00+09:00,2315.0,2385.0,2305.0,2360.0,149614,0.0,0.0
2018-08-29 00:00:00+09:00,2360.0,2375.0,2320.0,2350.0,173928,0.0,0.0
2018-08-30 00:00:00+09:00,2350.0,2360.0,2310.0,2340.0,129584,0.0,0.0
2018-08-31 00:00:00+09:00,2330.0,2335.0,2290.0,2295.0,167203,0.0,0.0
2018-09-03 00:00:00+09:00,2295.0,2335.0,2295.0,2335.0,109093,0.0,0.0
2018-09-04 00:00:00+09:00,2320.0,2365.0,2315.0,2355.0,63078,0.0,0.0
2018-09-05 00:00:00+09:00,2355.0,2375.0,2325.0,2370.0,102873,0.0,0.0
2018-09-06 00:00:00+09:00,2370.0,2395.0,2330.0,2355.0,65973,0.0,0.0
2018-09-07 00:00:00+09:00,2355.0,2420.0,2345.0,2390.0,72645,0.0,0.0
2018-09-10 00:00:00+09:00,2390.0,2450.0,2380.0,2450.0,117858,0.0,0.0
2018-09-11 00:00:00+09:00,2455.0,2550.0,2445.0,2490.0,307802,0.0,0.0
2018-09-12 00:00:00+09:00,2490.0,2530.0,2440.0,2455.0,85960,0.0,0.0
2018-09-13 00:00:00+09:00,2455.0,2475.0,2435.0,2445.0,46146,0.0,0.0
2018-09-14 00:00:00+09:00,2425.0,2465.0,2425.0,2455.0,42806,0.0,0.0
2018-09-17 00:00:00+09:00,2500.0,2500.0,2430.0,2480.0,60216,0.0,0.0
2018-09-18 00:00:00+09:00,2510.0,2510.0,2405.0,2410.0,132582,0.0,0.0
2018-09-19 00:00:00+09:00,2410.0,2450.0,2390.0,2400.0,76947,0.0,0.0
2018-09-20 00:00:00+09:00,2400.0,2435.0,2365.0,2400.0,111834,0.0,0.0
2018-09-21 00:00:00+09:00,2400.0,2460.0,2390.0,2460.0,55571,0.0,0.0
2018-09-27 00:00:00+09:00,2490.0,2490.0,2440.0,2440.0,60485,0.0,0.0
2018-09-28 00:00:00+09:00,2410.0,2465.0,2360.0,2435.0,73636,0.0,0.0
2018-10-01 00:00:00+09:00,2400.0,2500.0,2400.0,2440.0,68792,0.0,0.0
2018-10-02 00:00:00+09:00,2400.0,2455.0,2400.0,2440.0,136104,0.0,0.0
2018-10-04 00:00:00+09:00,2440.0,2490.0,2400.0,2400.0,114783,0.0,0.0
2018-10-05 00:00:00+09:00,2400.0,2440.0,2365.0,2375.0,93479,0.0,0.0
2018-10-08 00:00:00+09:00,2390.0,2415.0,2370.0,2370.0,53932,0.0,0.0
2018-10-10 00:00:00+09:00,2330.0,2390.0,2270.0,2270.0,91260,0.0,0.0
2018-10-11 00:00:00+09:00,2245.0,2245.0,2120.0,2130.0,200977,0.0,0.0
2018-10-12 00:00:00+09:00,2100.0,2260.0,2100.0,2180.0,79169,0.0,0.0
2018-10-15 00:00:00+09:00,2180.0,2215.0,2175.0,2195.0,42629,0.0,0.0
2018-10-16 00:00:00+09:00,2170.0,2215.0,2170.0,2195.0,37579,0.0,0.0
2018-10-17 00:00:00+09:00,2195.0,2270.0,2195.0,2250.0,54144,0.0,0.0
2018-10-18 00:00:00+09:00,2250.0,2280.0,2170.0,2215.0,76465,0.0,0.0
2018-10-19 00:00:00+09:00,2210.0,2225.0,2135.0,2225.0,73922,0.0,0.0
2018-10-22 00:00:00+09:00,2225.0,2240.0,2175.0,2235.0,82817,0.0,0.0
2018-10-23 00:00:00+09:00,2300.0,2525.0,2150.0,2150.0,841276,0.0,0.0
2018-10-24 00:00:00+09:00,2155.0,2200.0,2035.0,2035.0,204928,0.0,0.0
2018-10-25 00:00:00+09:00,1990.0,2040.0,1935.0,1945.0,141430,0.0,0.0
2018-10-26 00:00:00+09:00,1945.0,2000.0,1890.0,1970.0,222475,0.0,0.0
2018-10-29 00:00:00+09:00,1970.0,1975.0,1730.0,1730.0,197425,0.0,0.0
2018-10-30 00:00:00+09:00,1525.0,1885.0,1525.0,1840.0,344788,0.0,0.0
2018-10-31 00:00:00+09:00,1880.0,1925.0,1790.0,1925.0,69019,0.0,0.0
2018-11-01 00:00:00+09:00,1995.0,2050.0,1925.0,1925.0,77811,0.0,0.0
2018-11-02 00:00:00+09:00,2000.0,2040.0,1950.0,1995.0,43943,0.0,0.0
2018-11-05 00:00:00+09:00,1990.0,2010.0,1925.0,1980.0,54250,0.0,0.0
2018-11-06 00:00:00+09:00,2020.0,2030.0,1965.0,2025.0,23065,0.0,0.0
2018-11-07 00:00:00+09:00,2035.0,2110.0,1995.0,2035.0,155117,0.0,0.0
2018-11-08 00:00:00+09:00,2025.0,2100.0,2025.0,2055.0,62024,0.0,0.0
2018-11-09 00:00:00+09:00,2090.0,2090.0,1990.0,2020.0,61887,0.0,0.0
2018-11-12 00:00:00+09:00,2010.0,2010.0,1940.0,2000.0,75994,0.0,0.0
2018-11-13 00:00:00+09:00,1980.0,1990.0,1930.0,1970.0,28220,0.0,0.0
2018-11-14 00:00:00+09:00,1950.0,2005.0,1950.0,1980.0,74987,0.0,0.0
2018-11-15 00:00:00+09:00,1980.0,1990.0,1950.0,1985.0,34795,0.0,0.0
2018-11-16 00:00:00+09:00,2035.0,2035.0,1990.0,2020.0,27270,0.0,0.0
2018-11-19 00:00:00+09:00,2020.0,2080.0,2000.0,2060.0,61633,0.0,0.0
2018-11-20 00:00:00+09:00,2055.0,2105.0,2035.0,2070.0,57980,0.0,0.0
2018-11-21 00:00:00+09:00,2070.0,2070.0,2030.0,2055.0,39776,0.0,0.0
2018-11-22 00:00:00+09:00,2060.0,2070.0,2015.0,2030.0,52348,0.0,0.0
2018-11-23 00:00:00+09:00,2030.0,2065.0,1995.0,2015.0,62631,0.0,0.0
2018-11-26 00:00:00+09:00,1985.0,2060.0,1980.0,2035.0,37553,0.0,0.0
2018-11-27 00:00:00+09:00,2045.0,2055.0,1995.0,2035.0,58587,0.0,0.0
2018-11-28 00:00:00+09:00,2055.0,2055.0,2015.0,2040.0,61194,0.0,0.0
2018-11-29 00:00:00+09:00,2060.0,2060.0,2025.0,2045.0,18250,0.0,0.0
2018-11-30 00:00:00+09:00,2030.0,2055.0,1990.0,2055.0,89039,0.0,0.0
2018-12-03 00:00:00+09:00,2055.0,2135.0,2020.0,2130.0,168253,0.0,0.0
2018-12-04 00:00:00+09:00,2130.0,2150.0,2045.0,2135.0,93897,0.0,0.0
2018-12-05 00:00:00+09:00,2115.0,2260.0,2080.0,2260.0,200739,0.0,0.0
2018-12-06 00:00:00+09:00,2260.0,2280.0,2110.0,2255.0,230935,0.0,0.0
2018-12-07 00:00:00+09:00,2255.0,2255.0,2165.0,2170.0,98476,0.0,0.0
2018-12-10 00:00:00+09:00,2170.0,2170.0,2095.0,2125.0,65185,0.0,0.0
2018-12-11 00:00:00+09:00,2115.0,2140.0,2075.0,2125.0,57424,0.0,0.0
2018-12-12 00:00:00+09:00,2125.0,2140.0,2035.0,2035.0,118879,0.0,0.0
2018-12-13 00:00:00+09:00,2040.0,2080.0,2040.0,2080.0,58327,0.0,0.0
2018-12-14 00:00:00+09:00,2085.0,2095.0,2025.0,2090.0,60285,0.0,0.0
2018-12-17 00:00:00+09:00,2110.0,2110.0,2025.0,2070.0,35828,0.0,0.0
2018-12-18 00:00:00+09:00,2025.0,2060.0,1990.0,2050.0,124845,0.0,0.0
2018-12-19 00:00:00+09:00,2050.0,2070.0,2010.0,2050.0,37294,0.0,0.0
2018-12-20 00:00:00+09:00,2050.0,2060.0,2015.0,2040.0,50650,0.0,0.0
2018-12-21 00:00:00+09:00,2040.0,2070.0,2005.0,2040.0,66804,0.0,0.0
2018-12-24 00:00:00+09:00,2055.0,2055.0,2005.0,2010.0,88097,0.0,0.0
2018-12-26 00:00:00+09:00,2030.0,2070.0,2000.0,2020.0,71613,0.0,0.0
2018-12-27 00:00:00+09:00,2005.0,2040.0,1990.0,2020.0,50475,0.0,0.0
2018-12-28 00:00:00+09:00,2020.0,2030.0,1970.0,1980.0,47953,0.0,0.0
2019-01-02 00:00:00+09:00,1980.0,2010.0,1965.0,1985.0,44895,0.0,0.0
2019-01-03 00:00:00+09:00,1970.0,2000.0,1920.0,1960.0,61451,0.0,0.0
2019-01-04 00:00:00+09:00,1935.0,1960.0,1925.0,1950.0,28158,0.0,0.0
2019-01-07 00:00:00+09:00,1950.0,2030.0,1950.0,1985.0,30655,0.0,0.0
2019-01-08 00:00:00+09:00,1995.0,2015.0,1960.0,1985.0,120383,0.0,0.0
2019-01-09 00:00:00+09:00,1995.0,2285.0,1985.0,2075.0,1029032,0.0,0.0
2019-01-10 00:00:00+09:00,2080.0,2090.0,2030.0,2060.0,119270,0.0,0.0
2019-01-11 00:00:00+09:00,2060.0,2085.0,2045.0,2060.0,62139,0.0,0.0
2019-01-14 00:00:00+09:00,2065.0,2105.0,2060.0,2105.0,102427,0.0,0.0
2019-01-15 00:00:00+09:00,2110.0,2140.0,2065.0,2105.0,102673,0.0,0.0
2019-01-16 00:00:00+09:00,2120.0,2160.0,2090.0,2110.0,101175,0.0,0.0
2019-01-17 00:00:00+09:00,2115.0,2135.0,2080.0,2130.0,114645,0.0,0.0
2019-01-18 00:00:00+09:00,2130.0,2155.0,2100.0,2150.0,87427,0.0,0.0
2019-01-21 00:00:00+09:00,2200.0,2200.0,2095.0,2145.0,61439,0.0,0.0
2019-01-22 00:00:00+09:00,2130.0,2165.0,2115.0,2140.0,37073,0.0,0.0
2019-01-23 00:00:00+09:00,2140.0,2145.0,2115.0,2130.0,36619,0.0,0.0
2019-01-24 00:00:00+09:00,2130.0,2160.0,2120.0,2130.0,40833,0.0,0.0
2019-01-25 00:00:00+09:00,2130.0,2145.0,2105.0,2130.0,254052,0.0,0.0
2019-01-28 00:00:00+09:00,2115.0,2145.0,2110.0,2115.0,208452,0.0,0.0
2019-01-29 00:00:00+09:00,2120.0,2155.0,2090.0,2130.0,232544,0.0,0.0
2019-01-30 00:00:00+09:00,2130.0,2170.0,2125.0,2165.0,119052,0.0,0.0
2019-01-31 00:00:00+09:00,2170.0,2175.0,2125.0,2140.0,125934,0.0,0.0
2019-02-01 00:00:00+09:00,2145.0,2205.0,2140.0,2200.0,122050,0.0,0.0
2019-02-07 00:00:00+09:00,2210.0,2230.0,2175.0,2220.0,56732,0.0,0.0
2019-02-08 00:00:00+09:00,2230.0,2240.0,2210.0,2230.0,26952,0.0,0.0
2019-02-11 00:00:00+09:00,2240.0,2315.0,2220.0,2285.0,169638,0.0,0.0
2019-02-12 00:00:00+09:00,2300.0,2430.0,2260.0,2385.0,325912,0.0,0.0
2019-02-13 00:00:00+09:00,2410.0,2425.0,2345.0,2405.0,151962,0.0,0.0
2019-02-14 00:00:00+09:00,2385.0,2385.0,2250.0,2350.0,176713,0.0,0.0
2019-02-15 00:00:00+09:00,2350.0,2350.0,2255.0,2285.0,89795,0.0,0.0
2019-02-18 00:00:00+09:00,2285.0,2305.0,2260.0,2285.0,47240,0.0,0.0
2019-02-19 00:00:00+09:00,2285.0,2310.0,2250.0,2260.0,53195,0.0,0.0
2019-02-20 00:00:00+09:00,2260.0,2290.0,2250.0,2290.0,80182,0.0,0.0
2019-02-21 00:00:00+09:00,2290.0,2295.0,2165.0,2165.0,234244,0.0,0.0
2019-02-22 00:00:00+09:00,2165.0,2195.0,2155.0,2190.0,47295,0.0,0.0
2019-02-25 00:00:00+09:00,2195.0,2210.0,2165.0,2185.0,55953,0.0,0.0
2019-02-26 00:00:00+09:00,2185.0,2215.0,2180.0,2195.0,46935,0.0,0.0
2019-02-27 00:00:00+09:00,2195.0,2340.0,2170.0,2280.0,377891,0.0,0.0
2019-02-28 00:00:00+09:00,2300.0,2350.0,2175.0,2180.0,284103,0.0,0.0
2019-03-04 00:00:00+09:00,2210.0,2280.0,2185.0,2230.0,106697,0.0,0.0
2019-03-05 00:00:00+09:00,2230.0,2250.0,2210.0,2230.0,57893,0.0,0.0
2019-03-06 00:00:00+09:00,2230.0,2270.0,2220.0,2250.0,62621,0.0,0.0
2019-03-07 00:00:00+09:00,2250.0,2285.0,2210.0,2250.0,92239,0.0,0.0
2019-03-08 00:00:00+09:00,2250.0,2265.0,2205.0,2220.0,197643,0.0,0.0
2019-03-11 00:00:00+09:00,2200.0,2230.0,2165.0,2185.0,98553,0.0,0.0
2019-03-12 00:00:00+09:00,2185.0,2230.0,2180.0,2230.0,83892,0.0,0.0
2019-03-13 00:00:00+09:00,2235.0,2235.0,2195.0,2200.0,34969,0.0,0.0
2019-03-14 00:00:00+09:00,2250.0,2250.0,2190.0,2215.0,26134,0.0,0.0
2019-03-15 00:00:00+09:00,2215.0,2225.0,2165.0,2195.0,80556,0.0,0.0
2019-03-18 00:00:00+09:00,2195.0,2225.0,2170.0,2205.0,33439,0.0,0.0
2019-03-19 00:00:00+09:00,2205.0,2225.0,2175.0,2205.0,24676,0.0,0.0
2019-03-20 00:00:00+09:00,2205.0,2205.0,2135.0,2175.0,58531,0.0,0.0
2019-03-21 00:00:00+09:00,2150.0,2225.0,2130.0,2180.0,85169,0.0,0.0
2019-03-22 00:00:00+09:00,2180.0,2180.0,2085.0,2085.0,81228,0.0,0.0
2019-03-25 00:00:00+09:00,2045.0,2105.0,2020.0,2020.0,60544,0.0,0.0
2019-03-26 00:00:00+09:00,2020.0,2105.0,2000.0,2050.0,66318,0.0,0.0
2019-03-27 00:00:00+09:00,2050.0,2060.0,2030.0,2050.0,52461,0.0,0.0
2019-03-28 00:00:00+09:00,2065.0,2065.0,2030.0,2030.0,54987,0.0,0.0
2019-03-29 00:00:00+09:00,2025.0,2090.0,2015.0,2075.0,45850,0.0,0.0
2019-04-01 00:00:00+09:00,2090.0,2100.0,2050.0,2080.0,44571,0.0,0.0
2019-04-02 00:00:00+09:00,2080.0,2115.0,2075.0,2115.0,55962,0.0,0.0
2019-04-03 00:00:00+09:00,2210.0,2210.0,2090.0,2125.0,164223,0.0,0.0
2019-04-04 00:00:00+09:00,2125.0,2150.0,2080.0,2085.0,72730,0.0,0.0
2019-04-05 00:00:00+09:00,2095.0,2120.0,2085.0,2115.0,50770,0.0,0.0
2019-04-08 00:00:00+09:00,2130.0,2130.0,2075.0,2085.0,97389,0.0,0.0
2019-04-09 00:00:00+09:00,2085.0,2085.0,2035.0,2060.0,122832,0.0,0.0
2019-04-10 00:00:00+09:00,2055.0,2100.0,2030.0,2090.0,82167,0.0,0.0
2019-04-11 00:00:00+09:00,2095.0,2150.0,2075.0,2145.0,76595,0.0,0.0
2019-04-12 00:00:00+09:00,2115.0,2135.0,2095.0,2125.0,58649,0.0,0.0
2019-04-15 00:00:00+09:00,2125.0,2160.0,2105.0,2160.0,72150,0.0,0.0
2019-04-16 00:00:00+09:00,2160.0,2175.0,2120.0,2165.0,42411,0.0,0.0
2019-04-17 00:00:00+09:00,2165.0,2215.0,2125.0,2215.0,113072,0.0,0.0
2019-04-18 00:00:00+09:00,2235.0,2240.0,2120.0,2125.0,150585,0.0,0.0
2019-04-19 00:00:00+09:00,2125.0,2185.0,2100.0,2180.0,70421,0.0,0.0
2019-04-22 00:00:00+09:00,2175.0,2650.0,2170.0,2515.0,14668450,0.0,0.0
2019-04-23 00:00:00+09:00,2480.0,2525.0,2430.0,2505.0,2141535,0.0,0.0
2019-04-24 00:00:00+09:00,2495.0,2525.0,2390.0,2415.0,1100670,0.0,0.0
2019-04-25 00:00:00+09:00,2365.0,2410.0,2310.0,2390.0,830326,0.0,0.0
2019-04-26 00:00:00+09:00,2380.0,2445.0,2340.0,2350.0,525561,0.0,0.0
2019-04-29 00:00:00+09:00,2350.0,2390.0,2330.0,2340.0,215778,0.0,0.0
2019-04-30 00:00:00+09:00,2340.0,2410.0,2335.0,2355.0,354194,0.0,0.0
2019-05-02 00:00:00+09:00,2355.0,2410.0,2310.0,2405.0,299931,0.0,0.0
2019-05-03 00:00:00+09:00,2405.0,2425.0,2370.0,2395.0,190211,0.0,0.0
2019-05-07 00:00:00+09:00,2375.0,2400.0,2340.0,2370.0,115661,0.0,0.0
2019-05-08 00:00:00+09:00,2360.0,2420.0,2355.0,2385.0,205498,0.0,0.0
2019-05-09 00:00:00+09:00,2370.0,2410.0,2295.0,2305.0,303457,0.0,0.0
2019-05-10 00:00:00+09:00,2300.0,2355.0,2215.0,2280.0,234734,0.0,0.0
2019-05-13 00:00:00+09:00,2275.0,2285.0,2210.0,2220.0,111614,0.0,0.0
2019-05-14 00:00:00+09:00,2200.0,2250.0,2120.0,2250.0,149084,0.0,0.0
2019-05-15 00:00:00+09:00,2220.0,2335.0,2220.0,2315.0,122603,0.0,0.0
2019-05-16 00:00:00+09:00,2315.0,2370.0,2250.0,2335.0,106597,0.0,0.0
2019-05-17 00:00:00+09:00,2335.0,2355.0,2260.0,2295.0,99901,0.0,0.0
2019-05-20 00:00:00+09:00,2295.0,2325.0,2255.0,2265.0,61032,0.0,0.0
2019-05-21 00:00:00+09:00,2220.0,2275.0,2220.0,2270.0,76070,0.0,0.0
2019-05-22 00:00:00+09:00,2255.0,2325.0,2255.0,2280.0,78435,0.0,0.0
2019-05-23 00:00:00+09:00,2300.0,2315.0,2255.0,2310.0,102157,0.0,0.0
2019-05-24 00:00:00+09:00,2320.0,2320.0,2235.0,2310.0,131427,0.0,0.0
2019-05-27 00:00:00+09:00,2280.0,2310.0,2230.0,2265.0,98025,0.0,0.0
2019-05-28 00:00:00+09:00,2250.0,2320.0,2230.0,2315.0,65765,0.0,0.0
2019-05-29 00:00:00+09:00,2315.0,2335.0,2285.0,2310.0,64945,0.0,0.0
2019-05-30 00:00:00+09:00,2310.0,2335.0,2255.0,2310.0,77577,0.0,0.0
2019-05-31 00:00:00+09:00,2300.0,2375.0,2280.0,2375.0,126638,0.0,0.0
2019-06-03 00:00:00+09:00,2375.0,2395.0,2340.0,2380.0,102419,0.0,0.0
2019-06-04 00:00:00+09:00,2380.0,2415.0,2350.0,2395.0,136234,0.0,0.0
2019-06-05 00:00:00+09:00,2385.0,2440.0,2355.0,2400.0,206942,0.0,0.0
2019-06-07 00:00:00+09:00,2400.0,2415.0,2355.0,2410.0,121875,0.0,0.0
2019-06-10 00:00:00+09:00,2430.0,2450.0,2390.0,2415.0,138655,0.0,0.0
2019-06-11 00:00:00+09:00,2420.0,2450.0,2355.0,2435.0,202560,0.0,0.0
2019-06-12 00:00:00+09:00,2445.0,2445.0,2380.0,2400.0,111479,0.0,0.0
2019-06-13 00:00:00+09:00,2400.0,2435.0,2380.0,2410.0,115935,0.0,0.0
2019-06-14 00:00:00+09:00,2410.0,2420.0,2360.0,2415.0,103221,0.0,0.0
2019-06-17 00:00:00+09:00,2415.0,2515.0,2385.0,2400.0,261945,0.0,0.0
2019-06-18 00:00:00+09:00,2400.0,2480.0,2360.0,2400.0,107139,0.0,0.0
2019-06-19 00:00:00+09:00,2400.0,2440.0,2380.0,2430.0,95568,0.0,0.0
2019-06-20 00:00:00+09:00,2430.0,2450.0,2385.0,2400.0,101912,0.0,0.0
2019-06-21 00:00:00+09:00,2400.0,2440.0,2355.0,2430.0,147050,0.0,0.0
2019-06-24 00:00:00+09:00,2430.0,2480.0,2425.0,2430.0,156703,0.0,0.0
2019-06-25 00:00:00+09:00,2435.0,2455.0,2415.0,2440.0,146705,0.0,0.0
2019-06-26 00:00:00+09:00,2440.0,2465.0,2420.0,2465.0,135200,0.0,0.0
2019-06-27 00:00:00+09:00,2465.0,2510.0,2420.0,2485.0,247851,0.0,0.0
2019-06-28 00:00:00+09:00,2470.0,2490.0,2320.0,2490.0,359724,0.0,0.0
2019-07-01 00:00:00+09:00,2490.0,2490.0,2400.0,2490.0,145802,0.0,0.0
2019-07-02 00:00:00+09:00,2480.0,2480.0,2420.0,2465.0,119272,0.0,0.0
2019-07-03 00:00:00+09:00,2440.0,2460.0,2375.0,2395.0,85986,0.0,0.0
2019-07-04 00:00:00+09:00,2390.0,2415.0,2365.0,2400.0,55037,0.0,0.0
2019-07-05 00:00:00+09:00,2415.0,2430.0,2360.0,2395.0,47655,0.0,0.0
2019-07-08 00:00:00+09:00,2385.0,2395.0,2280.0,2330.0,73947,0.0,0.0
2019-07-09 00:00:00+09:00,2330.0,2330.0,2250.0,2290.0,72335,0.0,0.0
2019-07-10 00:00:00+09:00,2270.0,2400.0,2255.0,2320.0,62647,0.0,0.0
2019-07-11 00:00:00+09:00,2315.0,2345.0,2295.0,2305.0,54153,0.0,0.0
2019-07-12 00:00:00+09:00,2305.0,2335.0,2300.0,2330.0,31996,0.0,0.0
2019-07-15 00:00:00+09:00,2305.0,2330.0,2245.0,2270.0,111747,0.0,0.0
2019-07-16 00:00:00+09:00,2295.0,2295.0,2165.0,2170.0,135858,0.0,0.0
2019-07-17 00:00:00+09:00,2170.0,2215.0,2095.0,2150.0,74195,0.0,0.0
2019-07-18 00:00:00+09:00,2110.0,2170.0,2110.0,2155.0,28758,0.0,0.0
2019-07-19 00:00:00+09:00,2125.0,2195.0,2125.0,2190.0,27741,0.0,0.0
2019-07-22 00:00:00+09:00,2175.0,2220.0,2165.0,2205.0,69835,0.0,0.0
2019-07-23 00:00:00+09:00,2060.0,2200.0,2060.0,2120.0,74314,0.0,0.0
2019-07-24 00:00:00+09:00,2120.0,2145.0,2045.0,2055.0,140102,0.0,0.0
2019-07-25 00:00:00+09:00,2055.0,2065.0,2000.0,2050.0,93939,0.0,0.0
2019-07-26 00:00:00+09:00,2050.0,2065.0,1930.0,2065.0,121766,0.0,0.0
2019-07-29 00:00:00+09:00,2095.0,2095.0,1975.0,2090.0,114342,0.0,0.0
2019-07-30 00:00:00+09:00,2000.0,2230.0,2000.0,2190.0,178172,0.0,0.0
2019-07-31 00:00:00+09:00,2165.0,2170.0,2060.0,2080.0,77996,0.0,0.0
2019-08-01 00:00:00+09:00,2080.0,2150.0,2060.0,2100.0,40398,0.0,0.0
2019-08-02 00:00:00+09:00,2055.0,2190.0,2050.0,2175.0,63656,0.0,0.0
2019-08-05 00:00:00+09:00,2170.0,2200.0,2020.0,2180.0,113080,0.0,0.0
2019-08-06 00:00:00+09:00,2050.0,2130.0,2005.0,2025.0,101846,0.0,0.0
2019-08-07 00:00:00+09:00,1970.0,2165.0,1970.0,2150.0,164244,0.0,0.0
2019-08-08 00:00:00+09:00,2150.0,2155.0,2085.0,2110.0,93939,0.0,0.0
2019-08-09 00:00:00+09:00,2120.0,2180.0,2050.0,2130.0,96618,0.0,0.0
2019-08-12 00:00:00+09:00,2130.0,2130.0,2080.0,2080.0,27544,0.0,0.0
2019-08-13 00:00:00+09:00,2075.0,2085.0,2015.0,2060.0,56104,0.0,0.0
2019-08-14 00:00:00+09:00,2060.0,2105.0,2060.0,2070.0,25416,0.0,0.0
2019-08-16 00:00:00+09:00,2075.0,2075.0,1975.0,1975.0,97662,0.0,0.0
2019-08-19 00:00:00+09:00,1980.0,2030.0,1980.0,2005.0,65805,0.0,0.0
2019-08-20 00:00:00+09:00,2025.0,2070.0,2020.0,2070.0,46944,0.0,0.0
2019-08-21 00:00:00+09:00,2070.0,2100.0,2055.0,2095.0,15519,0.0,0.0
2019-08-22 00:00:00+09:00,2090.0,2090.0,2020.0,2065.0,91562,0.0,0.0
2019-08-23 00:00:00+09:00,2045.0,2065.0,2030.0,2045.0,47169,0.0,0.0
2019-08-26 00:00:00+09:00,2000.0,2030.0,1990.0,2005.0,33577,0.0,0.0
2019-08-27 00:00:00+09:00,2005.0,2050.0,1990.0,2000.0,53490,0.0,0.0
2019-08-28 00:00:00+09:00,1980.0,2010.0,1980.0,2000.0,29885,0.0,0.0
2019-08-29 00:00:00+09:00,1995.0,2030.0,1990.0,2010.0,36393,0.0,0.0
2019-08-30 00:00:00+09:00,2005.0,2030.0,1980.0,2010.0,124198,0.0,0.0
2019-09-02 00:00:00+09:00,1940.0,2010.0,1940.0,1995.0,212538,0.0,0.0
2019-09-03 00:00:00+09:00,1995.0,2040.0,1985.0,2000.0,74017,0.0,0.0
2019-09-04 00:00:00+09:00,2000.0,2015.0,1990.0,2010.0,20584,0.0,0.0
2019-09-05 00:00:00+09:00,2020.0,2020.0,2000.0,2015.0,68525,0.0,0.0
2019-09-06 00:00:00+09:00,2020.0,2045.0,1990.0,2000.0,35819,0.0,0.0
2019-09-09 00:00:00+09:00,1995.0,2030.0,1995.0,2020.0,37080,0.0,0.0
2019-09-10 00:00:00+09:00,2015.0,2045.0,2005.0,2015.0,61769,0.0,0.0
2019-09-11 00:00:00+09:00,2120.0,2125.0,2015.0,2065.0,137153,0.0,0.0
2019-09-16 00:00:00+09:00,2065.0,2085.0,2050.0,2065.0,28528,0.0,0.0
2019-09-17 00:00:00+09:00,2045.0,2140.0,2045.0,2140.0,95925,0.0,0.0
2019-09-18 00:00:00+09:00,2115.0,2135.0,2090.0,2100.0,62951,0.0,0.0
2019-09-19 00:00:00+09:00,2100.0,2155.0,2065.0,2100.0,74532,0.0,0.0
2019-09-20 00:00:00+09:00,2110.0,2130.0,2080.0,2110.0,150066,0.0,0.0
2019-09-23 00:00:00+09:00,2095.0,2105.0,2075.0,2090.0,142712,0.0,0.0
2019-09-24 00:00:00+09:00,2090.0,2180.0,2080.0,2150.0,106762,0.0,0.0
2019-09-25 00:00:00+09:00,2150.0,2150.0,2060.0,2080.0,88860,0.0,0.0
2019-09-26 00:00:00+09:00,2080.0,2100.0,2040.0,2075.0,74223,0.0,0.0
2019-09-27 00:00:00+09:00,2045.0,2075.0,2045.0,2065.0,12034,0.0,0.0
2019-09-30 00:00:00+09:00,2055.0,2065.0,2030.0,2035.0,37685,0.0,0.0
2019-10-01 00:00:00+09:00,2035.0,2065.0,2020.0,2040.0,28030,0.0,0.0
2019-10-02 00:00:00+09:00,2060.0,2060.0,2030.0,2050.0,24580,0.0,0.0
2019-10-04 00:00:00+09:00,2050.0,2090.0,2050.0,2060.0,3906,0.0,0.0
2019-10-07 00:00:00+09:00,2060.0,2065.0,2020.0,2025.0,38734,0.0,0.0
2019-10-08 00:00:00+09:00,2045.0,2050.0,2020.0,2030.0,11869,0.0,0.0
2019-10-10 00:00:00+09:00,2050.0,2050.0,2020.0,2025.0,16557,0.0,0.0
2019-10-11 00:00:00+09:00,2025.0,2045.0,2005.0,2015.0,27398,0.0,0.0
2019-10-14 00:00:00+09:00,2035.0,2040.0,2010.0,2040.0,27644,0.0,0.0
2019-10-15 00:00:00+09:00,2040.0,2040.0,2015.0,2020.0,15087,0.0,0.0
2019-10-16 00:00:00+09:00,2025.0,2035.0,2000.0,2025.0,42723,0.0,0.0
2019-10-17 00:00:00+09:00,2025.0,2035.0,2000.0,2025.0,24428,0.0,0.0
2019-10-18 00:00:00+09:00,2020.0,2035.0,2000.0,2010.0,18436,0.0,0.0
2019-10-21 00:00:00+09:00,2000.0,2020.0,1990.0,2000.0,61861,0.0,0.0
2019-10-22 00:00:00+09:00,2015.0,2020.0,1990.0,2000.0,22808,0.0,0.0
2019-10-23 00:00:00+09:00,1990.0,2010.0,1935.0,1975.0,67250,0.0,0.0
2019-10-24 00:00:00+09:00,1960.0,1995.0,1960.0,1995.0,27334,0.0,0.0
2019-10-25 00:00:00+09:00,1995.0,2010.0,1950.0,1990.0,22743,0.0,0.0
2019-10-28 00:00:00+09:00,1990.0,2005.0,1965.0,1985.0,44932,0.0,0.0
2019-10-29 00:00:00+09:00,1985.0,2000.0,1975.0,1990.0,26534,0.0,0.0
2019-10-30 00:00:00+09:00,1995.0,2000.0,1975.0,1985.0,16460,0.0,0.0
2019-10-31 00:00:00+09:00,1990.0,2010.0,1975.0,2005.0,18979,0.0,0.0
2019-11-01 00:00:00+09:00,2005.0,2015.0,1980.0,2005.0,36960,0.0,0.0
2019-11-04 00:00:00+09:00,2005.0,2010.0,1990.0,2000.0,11098,0.0,0.0
2019-11-05 00:00:00+09:00,2020.0,2020.0,1985.0,2000.0,18806,0.0,0.0
2019-11-06 00:00:00+09:00,2000.0,2020.0,1995.0,2005.0,27085,0.0,0.0
2019-11-07 00:00:00+09:00,2005.0,2010.0,1990.0,2010.0,43664,0.0,0.0
2019-11-08 00:00:00+09:00,2000.0,2030.0,1995.0,1995.0,39745,0.0,0.0
2019-11-11 00:00:00+09:00,2000.0,2020.0,1990.0,2015.0,22633,0.0,0.0
2019-11-12 00:00:00+09:00,2015.0,2020.0,1995.0,2015.0,12587,0.0,0.0
2019-11-13 00:00:00+09:00,2015.0,2015.0,1990.0,2015.0,36009,0.0,0.0
2019-11-14 00:00:00+09:00,2000.0,2015.0,1990.0,2015.0,15009,0.0,0.0
2019-11-15 00:00:00+09:00,2015.0,2015.0,1990.0,2010.0,20575,0.0,0.0
2019-11-18 00:00:00+09:00,2010.0,2010.0,1995.0,2000.0,25077,0.0,0.0
2019-11-19 00:00:00+09:00,2005.0,2010.0,1985.0,2005.0,57190,0.0,0.0
2019-11-20 00:00:00+09:00,2005.0,2020.0,1985.0,1995.0,35511,0.0,0.0
2019-11-21 00:00:00+09:00,2005.0,2005.0,1965.0,1995.0,90217,0.0,0.0
2019-11-22 00:00:00+09:00,1995.0,1995.0,1960.0,1990.0,17106,0.0,0.0
2019-11-25 00:00:00+09:00,1990.0,2000.0,1965.0,1985.0,58471,0.0,0.0
2019-11-26 00:00:00+09:00,1985.0,2005.0,1975.0,1995.0,16130,0.0,0.0
2019-11-27 00:00:00+09:00,1995.0,2000.0,1970.0,1985.0,35747,0.0,0.0
2019-11-28 00:00:00+09:00,1985.0,1995.0,1975.0,1980.0,16712,0.0,0.0
2019-11-29 00:00:00+09:00,1975.0,1995.0,1965.0,1985.0,47644,0.0,0.0
2019-12-02 00:00:00+09:00,1985.0,1990.0,1965.0,1990.0,22327,0.0,0.0
2019-12-03 00:00:00+09:00,1990.0,1990.0,1970.0,1985.0,19235,0.0,0.0
2019-12-04 00:00:00+09:00,1985.0,2060.0,1985.0,2000.0,97326,0.0,0.0
2019-12-05 00:00:00+09:00,2030.0,2030.0,1980.0,1990.0,84873,0.0,0.0
2019-12-06 00:00:00+09:00,2045.0,2045.0,1985.0,2000.0,50009,0.0,0.0
2019-12-09 00:00:00+09:00,2000.0,2025.0,1980.0,2005.0,66969,0.0,0.0
2019-12-10 00:00:00+09:00,2005.0,2010.0,1985.0,1995.0,25858,0.0,0.0
2019-12-11 00:00:00+09:00,1985.0,2000.0,1980.0,1995.0,33791,0.0,0.0
2019-12-12 00:00:00+09:00,1995.0,2005.0,1985.0,1995.0,16916,0.0,0.0
2019-12-13 00:00:00+09:00,1995.0,2020.0,1990.0,2000.0,39683,0.0,0.0
2019-12-16 00:00:00+09:00,1990.0,2000.0,1990.0,2000.0,20588,0.0,0.0
2019-12-17 00:00:00+09:00,2000.0,2020.0,1990.0,2010.0,69468,0.0,0.0
2019-12-18 00:00:00+09:00,2010.0,2010.0,1995.0,2010.0,60025,0.0,0.0
2019-12-19 00:00:00+09:00,2000.0,2015.0,1990.0,2005.0,79423,0.0,0.0
2019-12-20 00:00:00+09:00,2005.0,2010.0,1990.0,2005.0,33788,0.0,0.0
2019-12-23 00:00:00+09:00,1995.0,2015.0,1980.0,2015.0,96938,0.0,0.0
2019-12-24 00:00:00+09:00,2015.0,2015.0,1995.0,2000.0,18040,0.0,0.0
2019-12-26 00:00:00+09:00,2000.0,2050.0,2000.0,2045.0,71769,0.0,0.0
2019-12-27 00:00:00+09:00,2040.0,2045.0,2000.0,2000.0,32414,0.0,0.0
2019-12-30 00:00:00+09:00,2000.0,2020.0,1990.0,2000.0,14292,0.0,0.0
2020-01-02 00:00:00+09:00,2000.0,2020.0,1995.0,2015.0,27314,0.0,0.0
2020-01-03 00:00:00+09:00,2025.0,2025.0,1995.0,2010.0,52364,0.0,0.0
2020-01-06 00:00:00+09:00,2005.0,2005.0,1980.0,1980.0,55854,0.0,0.0
2020-01-07 00:00:00+09:00,1980.0,2010.0,1980.0,2005.0,26654,0.0,0.0
2020-01-08 00:00:00+09:00,1995.0,2005.0,1945.0,1975.0,78712,0.0,0.0
2020-01-09 00:00:00+09:00,1980.0,2005.0,1980.0,2005.0,18532,0.0,0.0
2020-01-10 00:00:00+09:00,2005.0,2020.0,1990.0,2000.0,24426,0.0,0.0
2020-01-13 00:00:00+09:00,2000.0,2025.0,2000.0,2025.0,28060,0.0,0.0
2020-01-14 00:00:00+09:00,2025.0,2030.0,2010.0,2025.0,26747,0.0,0.0
2020-01-15 00:00:00+09:00,2010.0,2070.0,2010.0,2045.0,66647,0.0,0.0
2020-01-16 00:00:00+09:00,2045.0,2060.0,2035.0,2050.0,22986,0.0,0.0
2020-01-17 00:00:00+09:00,2050.0,2060.0,2035.0,2055.0,18795,0.0,0.0
2020-01-20 00:00:00+09:00,2045.0,2075.0,2035.0,2075.0,54974,0.0,0.0
2020-01-21 00:00:00+09:00,2070.0,2070.0,2035.0,2050.0,33290,0.0,0.0
2020-01-22 00:00:00+09:00,2050.0,2070.0,2050.0,2060.0,27637,0.0,0.0
2020-01-23 00:00:00+09:00,2070.0,2085.0,2030.0,2070.0,60764,0.0,0.0
2020-01-28 00:00:00+09:00,2035.0,2095.0,2030.0,2080.0,89642,0.0,0.0
2020-01-29 00:00:00+09:00,2080.0,2105.0,2040.0,2050.0,41370,0.0,0.0
2020-01-30 00:00:00+09:00,2050.0,2065.0,2030.0,2035.0,60974,0.0,0.0
2020-01-31 00:00:00+09:00,2035.0,2060.0,1990.0,2000.0,104175,0.0,0.0
2020-02-03 00:00:00+09:00,2000.0,2020.0,1960.0,1995.0,76701,0.0,0.0
2020-02-04 00:00:00+09:00,1995.0,2030.0,1995.0,2020.0,25387,0.0,0.0
2020-02-05 00:00:00+09:00,2020.0,2045.0,2010.0,2045.0,20903,0.0,0.0
2020-02-06 00:00:00+09:00,2030.0,2050.0,2025.0,2050.0,38955,0.0,0.0
2020-02-07 00:00:00+09:00,2050.0,2100.0,2045.0,2070.0,100153,0.0,0.0
2020-02-10 00:00:00+09:00,2075.0,2090.0,2050.0,2075.0,26794,0.0,0.0
2020-02-11 00:00:00+09:00,2085.0,2085.0,2050.0,2065.0,36734,0.0,0.0
2020-02-12 00:00:00+09:00,2065.0,2065.0,2045.0,2065.0,63008,0.0,0.0
2020-02-13 00:00:00+09:00,2065.0,2075.0,2040.0,2055.0,26246,0.0,0.0
2020-02-14 00:00:00+09:00,2055.0,2070.0,2040.0,2070.0,34924,0.0,0.0
2020-02-17 00:00:00+09:00,2070.0,2070.0,2040.0,2070.0,34279,0.0,0.0
2020-02-18 00:00:00+09:00,2070.0,2070.0,2035.0,2040.0,60685,0.0,0.0
2020-02-19 00:00:00+09:00,2055.0,2055.0,2030.0,2045.0,28074,0.0,0.0
2020-02-20 00:00:00+09:00,2045.0,2065.0,2030.0,2050.0,37261,0.0,0.0
2020-02-21 00:00:00+09:00,2030.0,2050.0,1985.0,1990.0,109400,0.0,0.0
2020-02-24 00:00:00+09:00,1980.0,2175.0,1940.0,2025.0,688717,0.0,0.0
2020-02-25 00:00:00+09:00,2020.0,2070.0,1970.0,2020.0,222202,0.0,0.0
2020-02-26 00:00:00+09:00,2045.0,2100.0,2010.0,2020.0,219529,0.0,0.0
2020-02-27 00:00:00+09:00,2020.0,2105.0,1975.0,1995.0,187932,0.0,0.0
2020-02-28 00:00:00+09:00,1975.0,1990.0,1910.0,1920.0,140630,0.0,0.0
2020-03-02 00:00:00+09:00,1925.0,1950.0,1895.0,1950.0,68926,0.0,0.0
2020-03-03 00:00:00+09:00,1965.0,2050.0,1965.0,2015.0,172591,0.0,0.0
2020-03-04 00:00:00+09:00,2015.0,2085.0,2015.0,2075.0,126316,0.0,0.0
2020-03-05 00:00:00+09:00,2075.0,2090.0,2055.0,2080.0,46514,0.0,0.0
2020-03-06 00:00:00+09:00,2080.0,2085.0,2035.0,2035.0,48137,0.0,0.0
2020-03-09 00:00:00+09:00,2030.0,2045.0,1985.0,1990.0,120274,0.0,0.0
2020-03-10 00:00:00+09:00,1985.0,2010.0,1980.0,2010.0,68478,0.0,0.0
2020-03-11 00:00:00+09:00,2010.0,2020.0,1990.0,1995.0,73663,0.0,0.0
2020-03-12 00:00:00+09:00,1995.0,2015.0,1925.0,1940.0,224329,0.0,0.0
2020-03-13 00:00:00+09:00,1750.0,1890.0,1505.0,1640.0,461259,0.0,0.0
2020-03-16 00:00:00+09:00,1575.0,1635.0,1535.0,1570.0,237146,0.0,0.0
2020-03-17 00:00:00+09:00,1535.0,1600.0,1460.0,1545.0,156150,0.0,0.0
2020-03-18 00:00:00+09:00,1555.0,1600.0,1500.0,1500.0,91779,0.0,0.0
2020-03-19 00:00:00+09:00,1515.0,1545.0,1285.0,1310.0,191086,0.0,0.0
2020-03-20 00:00:00+09:00,1210.0,1450.0,1200.0,1445.0,245233,0.0,0.0
2020-03-23 00:00:00+09:00,1330.0,1380.0,1285.0,1310.0,185101,0.0,0.0
2020-03-24 00:00:00+09:00,1345.0,1425.0,1280.0,1400.0,42508,0.0,0.0
2020-03-25 00:00:00+09:00,1405.0,1530.0,1400.0,1530.0,58046,0.0,0.0
2020-03-26 00:00:00+09:00,1500.0,1555.0,1465.0,1500.0,120903,0.0,0.0
2020-03-27 00:00:00+09:00,1515.0,1550.0,1470.0,1485.0,108951,0.0,0.0
2020-03-30 00:00:00+09:00,1485.0,1550.0,1440.0,1535.0,38944,0.0,0.0
2020-03-31 00:00:00+09:00,1580.0,1600.0,1550.0,1595.0,35502,0.0,0.0
2020-04-01 00:00:00+09:00,1600.0,1670.0,1570.0,1620.0,50844,0.0,0.0
2020-04-02 00:00:00+09:00,1615.0,1650.0,1570.0,1625.0,42665,0.0,0.0
2020-04-03 00:00:00+09:00,1740.0,1755.0,1640.0,1640.0,34764,0.0,0.0
2020-04-06 00:00:00+09:00,1665.0,1685.0,1605.0,1680.0,51875,0.0,0.0
2020-04-07 00:00:00+09:00,1680.0,1725.0,1670.0,1695.0,26192,0.0,0.0
2020-04-08 00:00:00+09:00,1695.0,1725.0,1665.0,1710.0,48487,0.0,0.0
2020-04-09 00:00:00+09:00,1740.0,1800.0,1710.0,1775.0,81074,0.0,0.0
2020-04-10 00:00:00+09:00,1800.0,1800.0,1720.0,1770.0,32943,0.0,0.0
2020-04-13 00:00:00+09:00,1770.0,1785.0,1710.0,1745.0,37202,0.0,0.0
2020-04-14 00:00:00+09:00,1745.0,1785.0,1730.0,1760.0,41139,0.0,0.0
2020-04-16 00:00:00+09:00,1800.0,1800.0,1755.0,1800.0,19945,0.0,0.0
2020-04-17 00:00:00+09:00,1805.0,1855.0,1800.0,1845.0,73982,0.0,0.0
2020-04-20 00:00:00+09:00,1865.0,1875.0,1845.0,1865.0,35324,0.0,0.0
2020-04-21 00:00:00+09:00,1865.0,1870.0,1705.0,1805.0,66856,0.0,0.0
2020-04-22 00:00:00+09:00,1795.0,1825.0,1765.0,1800.0,60332,0.0,0.0
2020-04-23 00:00:00+09:00,1800.0,1860.0,1800.0,1850.0,65170,0.0,0.0
2020-04-24 00:00:00+09:00,1850.0,1860.0,1790.0,1810.0,56391,0.0,0.0
2020-04-27 00:00:00+09:00,1810.0,1835.0,1790.0,1820.0,66587,0.0,0.0
2020-04-28 00:00:00+09:00,1820.0,1840.0,1805.0,1830.0,45892,0.0,0.0
2020-04-29 00:00:00+09:00,1830.0,1870.0,1815.0,1820.0,76616,0.0,0.0
2020-05-04 00:00:00+09:00,1820.0,1855.0,1820.0,1840.0,15363,0.0,0.0
2020-05-06 00:00:00+09:00,1840.0,1875.0,1830.0,1840.0,26568,0.0,0.0
2020-05-07 00:00:00+09:00,1870.0,1880.0,1825.0,1880.0,57812,0.0,0.0
2020-05-08 00:00:00+09:00,1880.0,1900.0,1865.0,1900.0,49690,0.0,0.0
2020-05-11 00:00:00+09:00,1945.0,1960.0,1880.0,1930.0,109828,0.0,0.0
2020-05-12 00:00:00+09:00,1940.0,1950.0,1900.0,1900.0,97976,0.0,0.0
2020-05-13 00:00:00+09:00,1900.0,1950.0,1890.0,1940.0,57122,0.0,0.0
2020-05-14 00:00:00+09:00,1930.0,1930.0,1905.0,1920.0,26359,0.0,0.0
2020-05-15 00:00:00+09:00,1915.0,1970.0,1895.0,1945.0,77373,0.0,0.0
2020-05-18 00:00:00+09:00,1945.0,1970.0,1910.0,1920.0,65267,0.0,0.0
2020-05-19 00:00:00+09:00,1920.0,1935.0,1895.0,1930.0,51591,0.0,0.0
2020-05-20 00:00:00+09:00,1915.0,1955.0,1895.0,1930.0,65237,0.0,0.0
2020-05-21 00:00:00+09:00,1920.0,1940.0,1910.0,1935.0,33252,0.0,0.0
2020-05-22 00:00:00+09:00,1935.0,1935.0,1895.0,1900.0,50648,0.0,0.0
2020-05-25 00:00:00+09:00,1900.0,1920.0,1895.0,1910.0,17213,0.0,0.0
2020-05-26 00:00:00+09:00,1910.0,1940.0,1900.0,1935.0,64440,0.0,0.0
2020-05-27 00:00:00+09:00,1935.0,1940.0,1905.0,1920.0,26977,0.0,0.0
2020-05-28 00:00:00+09:00,1905.0,1910.0,1855.0,1865.0,103222,0.0,0.0
2020-05-29 00:00:00+09:00,1845.0,1885.0,1810.0,1875.0,34375,0.0,0.0
2020-06-01 00:00:00+09:00,1875.0,1945.0,1875.0,1945.0,36354,0.0,0.0
2020-06-02 00:00:00+09:00,1945.0,1965.0,1915.0,1965.0,44667,0.0,0.0
2020-06-03 00:00:00+09:00,1950.0,1980.0,1925.0,1955.0,38743,0.0,0.0
2020-06-04 00:00:00+09:00,1940.0,1980.0,1925.0,1925.0,27838,0.0,0.0
2020-06-05 00:00:00+09:00,1930.0,1945.0,1910.0,1930.0,26512,0.0,0.0
2020-06-08 00:00:00+09:00,1930.0,1980.0,1930.0,1950.0,24742,0.0,0.0
2020-06-09 00:00:00+09:00,1950.0,1960.0,1900.0,1950.0,49475,0.0,0.0
2020-06-10 00:00:00+09:00,1950.0,1950.0,1915.0,1940.0,24323,0.0,0.0
2020-06-11 00:00:00+09:00,1940.0,1950.0,1910.0,1940.0,37417,0.0,0.0
2020-06-12 00:00:00+09:00,1870.0,1900.0,1815.0,1900.0,38060,0.0,0.0
2020-06-15 00:00:00+09:00,1870.0,1890.0,1800.0,1815.0,82431,0.0,0.0
2020-06-16 00:00:00+09:00,1805.0,1880.0,1800.0,1870.0,44057,0.0,0.0
2020-06-17 00:00:00+09:00,1870.0,1870.0,1820.0,1840.0,17075,0.0,0.0
2020-06-18 00:00:00+09:00,1835.0,1855.0,1825.0,1855.0,14078,0.0,0.0
2020-06-22 00:00:00+09:00,1895.0,1895.0,1835.0,1860.0,14400,0.0,0.0
2020-06-23 00:00:00+09:00,1860.0,1860.0,1825.0,1835.0,20942,0.0,0.0
2020-06-24 00:00:00+09:00,1835.0,1845.0,1805.0,1840.0,44810,0.0,0.0
2020-06-25 00:00:00+09:00,1785.0,1825.0,1775.0,1805.0,54644,0.0,0.0
2020-06-26 00:00:00+09:00,1805.0,1845.0,1775.0,1820.0,24144,0.0,0.0
2020-06-29 00:00:00+09:00,1815.0,1830.0,1790.0,1830.0,22496,0.0,0.0
2020-06-30 00:00:00+09:00,1815.0,1825.0,1795.0,1795.0,33372,0.0,0.0
2020-07-01 00:00:00+09:00,1795.0,1820.0,1790.0,1790.0,28929,0.0,0.0
2020-07-02 00:00:00+09:00,1790.0,1805.0,1790.0,1805.0,10965,0.0,0.0
2020-07-06 00:00:00+09:00,1855.0,1855.0,1810.0,1825.0,12104,0.0,0.0
2020-07-07 00:00:00+09:00,1850.0,1850.0,1805.0,1820.0,30991,0.0,0.0
2020-07-08 00:00:00+09:00,1820.0,1850.0,1805.0,1835.0,21388,0.0,0.0
2020-07-09 00:00:00+09:00,1820.0,1850.0,1810.0,1850.0,46449,0.0,0.0
2020-07-10 00:00:00+09:00,1855.0,1860.0,1825.0,1845.0,18917,0.0,0.0
2020-07-13 00:00:00+09:00,1845.0,1905.0,1840.0,1870.0,57390,0.0,0.0
2020-07-14 00:00:00+09:00,1850.0,1855.0,1815.0,1815.0,66531,0.0,0.0
2020-07-15 00:00:00+09:00,1815.0,1845.0,1815.0,1835.0,10752,0.0,0.0
2020-07-16 00:00:00+09:00,1835.0,1850.0,1830.0,1845.0,10827,0.0,0.0
2020-07-17 00:00:00+09:00,1845.0,1870.0,1840.0,1850.0,7208,0.0,0.0
2020-07-20 00:00:00+09:00,1850.0,1865.0,1840.0,1850.0,24327,0.0,0.0
2020-07-21 00:00:00+09:00,1835.0,1860.0,1830.0,1850.0,10878,0.0,0.0
2020-07-22 00:00:00+09:00,1965.0,1965.0,1840.0,1855.0,20174,0.0,0.0
2020-07-23 00:00:00+09:00,1885.0,1885.0,1820.0,1830.0,14985,0.0,0.0
2020-07-24 00:00:00+09:00,1875.0,1875.0,1800.0,1830.0,27512,0.0,0.0
2020-07-27 00:00:00+09:00,1830.0,1830.0,1800.0,1830.0,15064,0.0,0.0
2020-07-28 00:00:00+09:00,1830.0,1860.0,1830.0,1840.0,25067,0.0,0.0
2020-07-29 00:00:00+09:00,1840.0,1865.0,1835.0,1850.0,13056,0.0,0.0
2020-07-30 00:00:00+09:00,1850.0,1860.0,1840.0,1850.0,6785,0.0,0.0
2020-07-31 00:00:00+09:00,1850.0,1880.0,1820.0,1850.0,23611,0.0,0.0
2020-08-03 00:00:00+09:00,1850.0,1870.0,1825.0,1855.0,15504,0.0,0.0
2020-08-04 00:00:00+09:00,1875.0,1875.0,1835.0,1855.0,10839,0.0,0.0
2020-08-05 00:00:00+09:00,1855.0,1855.0,1835.0,1845.0,7919,0.0,0.0
2020-08-06 00:00:00+09:00,1850.0,1850.0,1820.0,1830.0,22473,0.0,0.0
2020-08-07 00:00:00+09:00,1815.0,1825.0,1795.0,1805.0,31561,0.0,0.0
2020-08-10 00:00:00+09:00,1790.0,1830.0,1750.0,1830.0,51910,0.0,0.0
2020-08-11 00:00:00+09:00,1830.0,1845.0,1805.0,1835.0,22253,0.0,0.0
2020-08-12 00:00:00+09:00,1840.0,1840.0,1800.0,1820.0,19446,0.0,0.0
2020-08-13 00:00:00+09:00,1820.0,1890.0,1800.0,1880.0,87894,0.0,0.0
2020-08-14 00:00:00+09:00,1880.0,1950.0,1850.0,1880.0,158371,0.0,0.0
2020-08-18 00:00:00+09:00,1895.0,1925.0,1800.0,1850.0,124245,0.0,0.0
2020-08-19 00:00:00+09:00,1815.0,1855.0,1800.0,1835.0,35478,0.0,0.0
2020-08-20 00:00:00+09:00,1845.0,1855.0,1745.0,1760.0,38721,0.0,0.0
2020-08-21 00:00:00+09:00,1755.0,1800.0,1755.0,1795.0,40517,0.0,0.0
2020-08-24 00:00:00+09:00,1800.0,1825.0,1785.0,1810.0,14330,0.0,0.0
2020-08-25 00:00:00+09:00,1810.0,1905.0,1795.0,1890.0,112262,0.0,0.0
2020-08-26 00:00:00+09:00,1930.0,2120.0,1860.0,1925.0,804754,0.0,0.0
2020-08-27 00:00:00+09:00,1925.0,1990.0,1900.0,1990.0,240048,0.0,0.0
2020-08-28 00:00:00+09:00,2060.0,2140.0,2005.0,2070.0,1129345,0.0,0.0
2020-08-31 00:00:00+09:00,2075.0,2080.0,1950.0,1975.0,230469,0.0,0.0
2020-09-01 00:00:00+09:00,2000.0,2015.0,1865.0,1905.0,146666,0.0,0.0
2020-09-02 00:00:00+09:00,1900.0,1995.0,1880.0,1960.0,168518,0.0,0.0
2020-09-03 00:00:00+09:00,1955.0,1985.0,1915.0,1955.0,129340,0.0,0.0
2020-09-04 00:00:00+09:00,1915.0,1920.0,1880.0,1910.0,522464,0.0,0.0
2020-09-07 00:00:00+09:00,1940.0,1950.0,1885.0,1895.0,335367,0.0,0.0
2020-09-08 00:00:00+09:00,1890.0,1925.0,1875.0,1885.0,98366,0.0,0.0
2020-09-09 00:00:00+09:00,1870.0,1890.0,1850.0,1860.0,58512,0.0,0.0
2020-09-10 00:00:00+09:00,1900.0,1915.0,1860.0,1865.0,41480,0.0,0.0
2020-09-11 00:00:00+09:00,1855.0,1915.0,1850.0,1910.0,63479,0.0,0.0
2020-09-14 00:00:00+09:00,1910.0,1935.0,1890.0,1925.0,46574,0.0,0.0
2020-09-15 00:00:00+09:00,1915.0,1950.0,1905.0,1920.0,106163,0.0,0.0
2020-09-16 00:00:00+09:00,1925.0,1960.0,1910.0,1925.0,62453,0.0,0.0
2020-09-17 00:00:00+09:00,1915.0,1940.0,1915.0,1935.0,59299,0.0,0.0
2020-09-18 00:00:00+09:00,1930.0,1970.0,1915.0,1940.0,77047,0.0,0.0
2020-09-21 00:00:00+09:00,1960.0,1960.0,1870.0,1875.0,75861,0.0,0.0
2020-09-22 00:00:00+09:00,1865.0,1890.0,1850.0,1860.0,73702,0.0,0.0
2020-09-23 00:00:00+09:00,1855.0,1895.0,1815.0,1865.0,62329,0.0,0.0
2020-09-24 00:00:00+09:00,1855.0,1870.0,1815.0,1815.0,53137,0.0,0.0
2020-09-25 00:00:00+09:00,1800.0,1830.0,1785.0,1810.0,31836,0.0,0.0
2020-09-28 00:00:00+09:00,1850.0,1850.0,1810.0,1845.0,24766,0.0,0.0
2020-09-29 00:00:00+09:00,1835.0,1850.0,1805.0,1805.0,30630,0.0,0.0
2020-10-05 00:00:00+09:00,1805.0,1825.0,1790.0,1810.0,40144,0.0,0.0
2020-10-06 00:00:00+09:00,1810.0,1840.0,1810.0,1835.0,37405,0.0,0.0
2020-10-07 00:00:00+09:00,1840.0,1845.0,1820.0,1845.0,19511,0.0,0.0
2020-10-08 00:00:00+09:00,1850.0,1860.0,1845.0,1850.0,19789,0.0,0.0
2020-10-12 00:00:00+09:00,1860.0,1880.0,1840.0,1865.0,16850,0.0,0.0
2020-10-13 00:00:00+09:00,1865.0,1890.0,1865.0,1890.0,22879,0.0,0.0
2020-10-14 00:00:00+09:00,1890.0,1895.0,1855.0,1860.0,32836,0.0,0.0
2020-10-15 00:00:00+09:00,1860.0,1875.0,1825.0,1825.0,59702,0.0,0.0
2020-10-16 00:00:00+09:00,1825.0,1840.0,1805.0,1815.0,33576,0.0,0.0
2020-10-19 00:00:00+09:00,1815.0,1850.0,1780.0,1810.0,31593,0.0,0.0
2020-10-20 00:00:00+09:00,1800.0,1840.0,1800.0,1835.0,14315,0.0,0.0
2020-10-21 00:00:00+09:00,1835.0,1860.0,1830.0,1845.0,10448,0.0,0.0
2020-10-22 00:00:00+09:00,1845.0,1870.0,1830.0,1860.0,12625,0.0,0.0
2020-10-23 00:00:00+09:00,1860.0,1875.0,1830.0,1845.0,23749,0.0,0.0
2020-10-26 00:00:00+09:00,1845.0,1845.0,1800.0,1800.0,30817,0.0,0.0
2020-10-27 00:00:00+09:00,1780.0,1820.0,1780.0,1800.0,33863,0.0,0.0
2020-10-28 00:00:00+09:00,1800.0,1830.0,1790.0,1830.0,14644,0.0,0.0
2020-10-29 00:00:00+09:00,1830.0,1835.0,1790.0,1805.0,21896,0.0,0.0
2020-10-30 00:00:00+09:00,1805.0,1820.0,1785.0,1785.0,13191,0.0,0.0
2020-11-02 00:00:00+09:00,1785.0,1840.0,1785.0,1805.0,13559,0.0,0.0
2020-11-03 00:00:00+09:00,1820.0,1830.0,1790.0,1820.0,16547,0.0,0.0
2020-11-04 00:00:00+09:00,1830.0,1850.0,1805.0,1835.0,39427,0.0,0.0
2020-11-05 00:00:00+09:00,1835.0,1845.0,1825.0,1840.0,4826,0.0,0.0
2020-11-06 00:00:00+09:00,1840.0,1860.0,1810.0,1845.0,16104,0.0,0.0
2020-11-09 00:00:00+09:00,1830.0,1860.0,1825.0,1830.0,25304,0.0,0.0
2020-11-10 00:00:00+09:00,1855.0,1855.0,1810.0,1830.0,51063,0.0,0.0
2020-11-11 00:00:00+09:00,1845.0,1860.0,1825.0,1855.0,21735,0.0,0.0
2020-11-12 00:00:00+09:00,1855.0,1945.0,1830.0,1915.0,82772,0.0,0.0
2020-11-13 00:00:00+09:00,1915.0,1965.0,1905.0,1915.0,73032,0.0,0.0
2020-11-16 00:00:00+09:00,1935.0,1950.0,1910.0,1935.0,33253,0.0,0.0
2020-11-17 00:00:00+09:00,1960.0,1975.0,1920.0,1940.0,37657,0.0,0.0
2020-11-18 00:00:00+09:00,1925.0,1945.0,1910.0,1935.0,65139,0.0,0.0
2020-11-19 00:00:00+09:00,1935.0,1945.0,1890.0,1925.0,54493,0.0,0.0
2020-11-20 00:00:00+09:00,1925.0,1945.0,1895.0,1945.0,65153,0.0,0.0
2020-11-23 00:00:00+09:00,1960.0,1960.0,1910.0,1935.0,61244,0.0,0.0
2020-11-24 00:00:00+09:00,1935.0,1945.0,1895.0,1935.0,45166,0.0,0.0
2020-11-25 00:00:00+09:00,1935.0,1950.0,1900.0,1915.0,122379,0.0,0.0
2020-11-26 00:00:00+09:00,1900.0,1915.0,1895.0,1895.0,47055,0.0,0.0
2020-11-27 00:00:00+09:00,1895.0,1915.0,1885.0,1900.0,31860,0.0,0.0
2020-11-30 00:00:00+09:00,1915.0,2195.0,1900.0,2000.0,1052211,0.0,0.0
2020-12-01 00:00:00+09:00,2025.0,2030.0,1955.0,1965.0,210430,0.0,0.0
2020-12-02 00:00:00+09:00,1975.0,1980.0,1920.0,1955.0,220359,0.0,0.0
2020-12-03 00:00:00+09:00,1955.0,1975.0,1940.0,1965.0,96520,0.0,0.0
2020-12-04 00:00:00+09:00,1970.0,1970.0,1905.0,1955.0,130374,0.0,0.0
2020-12-07 00:00:00+09:00,1960.0,1985.0,1935.0,1960.0,88842,0.0,0.0
2020-12-08 00:00:00+09:00,1960.0,2020.0,1930.0,1975.0,158842,0.0,0.0
2020-12-09 00:00:00+09:00,1985.0,2020.0,1975.0,2020.0,113334,0.0,0.0
2020-12-10 00:00:00+09:00,2020.0,2020.0,1970.0,1990.0,483484,0.0,0.0
2020-12-11 00:00:00+09:00,2400.0,2500.0,2150.0,2150.0,7205358,0.0,0.0
2020-12-14 00:00:00+09:00,2150.0,2200.0,2050.0,2080.0,763331,0.0,0.0
2020-12-15 00:00:00+09:00,2080.0,2090.0,2010.0,2055.0,441654,0.0,0.0
2020-12-16 00:00:00+09:00,2045.0,2085.0,2040.0,2080.0,448906,0.0,0.0
2020-12-17 00:00:00+09:00,2085.0,2120.0,2055.0,2090.0,298795,0.0,0.0
2020-12-18 00:00:00+09:00,2110.0,2135.0,2065.0,2075.0,288735,0.0,0.0
2020-12-21 00:00:00+09:00,2075.0,2080.0,2030.0,2030.0,295377,0.0,0.0
2020-12-22 00:00:00+09:00,2030.0,2055.0,2000.0,2010.0,197250,0.0,0.0
2020-12-23 00:00:00+09:00,2010.0,2040.0,2005.0,2025.0,147904,0.0,0.0
2020-12-24 00:00:00+09:00,2025.0,2045.0,2010.0,2030.0,124028,0.0,0.0
2020-12-28 00:00:00+09:00,2035.0,2045.0,1990.0,1995.0,160006,0.0,0.0
2020-12-29 00:00:00+09:00,1995.0,2005.0,1975.0,1995.0,132050,0.0,0.0
2020-12-30 00:00:00+09:00,2005.0,2020.0,1985.0,2020.0,96906,0.0,0.0
2021-01-04 00:00:00+09:00,2035.0,2035.0,1990.0,2015.0,83646,0.0,0.0
2021-01-05 00:00:00+09:00,2030.0,2060.0,2010.0,2045.0,100802,0.0,0.0
2021-01-06 00:00:00+09:00,2045.0,2075.0,2025.0,2050.0,153900,0.0,0.0
2021-01-07 00:00:00+09:00,2050.0,2060.0,2025.0,2050.0,111804,0.0,0.0
2021-01-08 00:00:00+09:00,2050.0,2050.0,2000.0,2040.0,142795,0.0,0.0
2021-01-11 00:00:00+09:00,2040.0,2040.0,1980.0,1985.0,210343,0.0,0.0
2021-01-12 00:00:00+09:00,1985.0,2100.0,1975.0,2090.0,543820,0.0,0.0
2021-01-13 00:00:00+09:00,2095.0,2450.0,2040.0,2200.0,3085639,0.0,0.0
2021-01-14 00:00:00+09:00,2190.0,2270.0,2155.0,2190.0,633552,0.0,0.0
2021-01-15 00:00:00+09:00,2200.0,2250.0,2115.0,2155.0,483645,0.0,0.0
2021-01-18 00:00:00+09:00,2155.0,2155.0,2060.0,2060.0,272214,0.0,0.0
2021-01-19 00:00:00+09:00,2060.0,2150.0,2035.0,2140.0,194511,0.0,0.0
2021-01-20 00:00:00+09:00,2160.0,2160.0,2100.0,2120.0,192838,0.0,0.0
2021-01-21 00:00:00+09:00,2130.0,2190.0,2125.0,2160.0,150129,0.0,0.0
2021-01-22 00:00:00+09:00,2170.0,2210.0,2145.0,2160.0,145105,0.0,0.0
2021-01-25 00:00:00+09:00,2170.0,2170.0,2080.0,2130.0,257622,0.0,0.0
2021-01-26 00:00:00+09:00,2125.0,2135.0,2070.0,2075.0,158323,0.0,0.0
2021-01-27 00:00:00+09:00,2085.0,2110.0,2060.0,2110.0,156705,0.0,0.0
2021-01-28 00:00:00+09:00,2095.0,2100.0,2050.0,2075.0,91634,0.0,0.0
2021-01-29 00:00:00+09:00,2060.0,2075.0,1995.0,2020.0,213806,0.0,0.0
2021-02-01 00:00:00+09:00,2000.0,2025.0,1965.0,2025.0,133080,0.0,0.0
2021-02-02 00:00:00+09:00,2025.0,2075.0,2020.0,2055.0,81443,0.0,0.0
2021-02-03 00:00:00+09:00,2055.0,2080.0,2045.0,2070.0,86829,0.0,0.0
2021-02-04 00:00:00+09:00,2070.0,2090.0,2060.0,2080.0,51714,0.0,0.0
2021-02-05 00:00:00+09:00,2080.0,2270.0,2080.0,2210.0,926807,0.0,0.0
2021-02-08 00:00:00+09:00,2210.0,2270.0,2195.0,2210.0,386639,0.0,0.0
2021-02-09 00:00:00+09:00,2195.0,2225.0,2165.0,2185.0,191551,0.0,0.0
2021-02-10 00:00:00+09:00,2185.0,2355.0,2155.0,2210.0,933205,0.0,0.0
2021-02-15 00:00:00+09:00,2305.0,2330.0,2210.0,2240.0,727954,0.0,0.0
2021-02-16 00:00:00+09:00,2260.0,2280.0,2170.0,2210.0,316421,0.0,0.0
2021-02-17 00:00:00+09:00,2225.0,2485.0,2220.0,2270.0,3173026,0.0,0.0
2021-02-18 00:00:00+09:00,2290.0,2380.0,2200.0,2200.0,965780,0.0,0.0
2021-02-19 00:00:00+09:00,2180.0,2200.0,2065.0,2135.0,479433,0.0,0.0
2021-02-22 00:00:00+09:00,2120.0,2330.0,2080.0,2240.0,895519,0.0,0.0
2021-02-23 00:00:00+09:00,2215.0,2215.0,2140.0,2150.0,215468,0.0,0.0
2021-02-24 00:00:00+09:00,2150.0,2160.0,2095.0,2100.0,253247,0.0,0.0
2021-02-25 00:00:00+09:00,2105.0,2185.0,2105.0,2165.0,185635,0.0,0.0
2021-02-26 00:00:00+09:00,2165.0,2180.0,2010.0,2050.0,386491,0.0,0.0
2021-03-02 00:00:00+09:00,2075.0,2380.0,2060.0,2280.0,1881102,0.0,0.0
2021-03-03 00:00:00+09:00,2280.0,2315.0,2220.0,2265.0,712616,0.0,0.0
2021-03-04 00:00:00+09:00,2285.0,2320.0,2230.0,2245.0,657396,0.0,0.0
2021-03-05 00:00:00+09:00,2245.0,2275.0,2230.0,2255.0,220246,0.0,0.0
2021-03-08 00:00:00+09:00,2245.0,2245.0,2190.0,2190.0,223100,0.0,0.0
2021-03-09 00:00:00+09:00,2170.0,2185.0,2110.0,2140.0,185372,0.0,0.0
2021-03-10 00:00:00+09:00,2140.0,2175.0,2110.0,2115.0,172125,0.0,0.0
2021-03-11 00:00:00+09:00,2115.0,2160.0,2115.0,2120.0,138779,0.0,0.0
2021-03-12 00:00:00+09:00,2120.0,2150.0,2080.0,2150.0,330781,0.0,0.0
2021-03-15 00:00:00+09:00,2155.0,2210.0,2135.0,2170.0,125190,0.0,0.0
2021-03-16 00:00:00+09:00,2190.0,2215.0,2155.0,2195.0,146853,0.0,0.0
2021-03-17 00:00:00+09:00,2195.0,2205.0,2180.0,2185.0,65014,0.0,0.0
2021-03-18 00:00:00+09:00,2185.0,2200.0,2175.0,2185.0,76360,0.0,0.0
2021-03-19 00:00:00+09:00,2180.0,2205.0,2160.0,2195.0,84939,0.0,0.0
2021-03-22 00:00:00+09:00,2195.0,2245.0,2190.0,2205.0,115291,0.0,0.0
2021-03-23 00:00:00+09:00,2205.0,2250.0,2185.0,2220.0,216777,0.0,0.0
2021-03-24 00:00:00+09:00,2220.0,2435.0,2205.0,2240.0,845069,0.0,0.0
2021-03-25 00:00:00+09:00,2225.0,2300.0,2220.0,2255.0,320021,0.0,0.0
2021-03-26 00:00:00+09:00,2255.0,2335.0,2195.0,2260.0,309407,0.0,0.0
2021-03-29 00:00:00+09:00,2265.0,2305.0,2220.0,2220.0,129436,0.0,0.0
2021-03-30 00:00:00+09:00,2220.0,2250.0,2210.0,2235.0,82590,0.0,0.0
2021-03-31 00:00:00+09:00,2235.0,2330.0,2225.0,2280.0,233053,0.0,0.0
2021-04-01 00:00:00+09:00,2280.0,2455.0,2265.0,2320.0,743971,0.0,0.0
2021-04-02 00:00:00+09:00,2415.0,2450.0,2325.0,2450.0,697271,0.0,0.0
2021-04-05 00:00:00+09:00,2455.0,2475.0,2360.0,2460.0,435878,0.0,0.0
2021-04-06 00:00:00+09:00,2460.0,2540.0,2380.0,2450.0,530699,0.0,0.0
2021-04-07 00:00:00+09:00,2450.0,2520.0,2430.0,2470.0,202797,0.0,0.0
2021-04-08 00:00:00+09:00,2500.0,2500.0,2390.0,2450.0,246181,0.0,0.0
2021-04-09 00:00:00+09:00,2450.0,2490.0,2435.0,2460.0,358769,0.0,0.0
2021-04-12 00:00:00+09:00,2460.0,2510.0,2420.0,2445.0,252913,0.0,0.0
2021-04-13 00:00:00+09:00,2445.0,2465.0,2400.0,2450.0,209704,0.0,0.0
2021-04-14 00:00:00+09:00,2450.0,2465.0,2375.0,2425.0,225609,0.0,0.0
2021-04-15 00:00:00+09:00,2425.0,2470.0,2370.0,2430.0,202881,0.0,0.0
2021-04-16 00:00:00+09:00,2430.0,2460.0,2385.0,2425.0,171386,0.0,0.0
2021-04-19 00:00:00+09:00,2420.0,2760.0,2385.0,2700.0,2825684,0.0,0.0
2021-04-20 00:00:00+09:00,2660.0,3355.0,2590.0,3070.0,14925110,0.0,0.0
2021-04-21 00:00:00+09:00,3000.0,3165.0,2980.0,3080.0,1815431,0.0,0.0
2021-04-22 00:00:00+09:00,3080.0,3305.0,2985.0,3075.0,2080126,0.0,0.0
2021-04-23 00:00:00+09:00,3050.0,3250.0,3040.0,3135.0,602673,0.0,0.0
2021-04-26 00:00:00+09:00,3200.0,3300.0,3100.0,3250.0,591055,0.0,0.0
2021-04-27 00:00:00+09:00,3205.0,3300.0,3175.0,3250.0,442982,0.0,0.0
2021-04-28 00:00:00+09:00,3250.0,3250.0,2985.0,3030.0,544188,0.0,0.0
2021-04-29 00:00:00+09:00,3005.0,3120.0,2990.0,3070.0,320291,0.0,0.0
2021-04-30 00:00:00+09:00,3070.0,3715.0,3060.0,3440.0,3932731,0.0,0.0
2021-05-03 00:00:00+09:00,3415.0,3475.0,3300.0,3300.0,645141,0.0,0.0
2021-05-04 00:00:00+09:00,3300.0,4285.0,3300.0,3695.0,23605760,0.0,0.0
2021-05-06 00:00:00+09:00,3655.0,3815.0,3655.0,3815.0,993296,0.0,0.0
2021-05-07 00:00:00+09:00,3830.0,3900.0,3800.0,3900.0,515793,0.0,0.0
2021-05-10 00:00:00+09:00,3940.0,4020.0,3940.0,3940.0,970192,0.0,0.0
2021-05-11 00:00:00+09:00,3860.0,4170.0,3755.0,3900.0,1661844,0.0,0.0
2021-05-12 00:00:00+09:00,3890.0,3900.0,3590.0,3665.0,691733,0.0,0.0
2021-05-13 00:00:00+09:00,3580.0,3705.0,3450.0,3495.0,612816,0.0,0.0
2021-05-14 00:00:00+09:00,3495.0,3675.0,3460.0,3600.0,415981,0.0,0.0
2021-05-17 00:00:00+09:00,3600.0,4045.0,3520.0,4045.0,955636,0.0,0.0
2021-05-18 00:00:00+09:00,3960.0,3975.0,3790.0,3800.0,657571,0.0,0.0
2021-05-20 00:00:00+09:00,3805.0,3890.0,3710.0,3745.0,260852,0.0,0.0
2021-05-21 00:00:00+09:00,3745.0,3850.0,3630.0,3720.0,427389,0.0,0.0
2021-05-24 00:00:00+09:00,3715.0,3715.0,3430.0,3500.0,348194,0.0,0.0
2021-05-25 00:00:00+09:00,3500.0,3680.0,3335.0,3660.0,542041,0.0,0.0
2021-05-26 00:00:00+09:00,3640.0,3640.0,3445.0,3460.0,306631,0.0,0.0
2021-05-27 00:00:00+09:00,3460.0,3510.0,3350.0,3450.0,184988,0.0,0.0
2021-05-28 00:00:00+09:00,3450.0,3610.0,3450.0,3610.0,200591,0.0,0.0
2021-05-31 00:00:00+09:00,3610.0,3700.0,3560.0,3580.0,208133,0.0,0.0
2021-06-01 00:00:00+09:00,3580.0,3635.0,3530.0,3585.0,213810,0.0,0.0
2021-06-02 00:00:00+09:00,3630.0,3970.0,3630.0,3695.0,835437,0.0,0.0
2021-06-03 00:00:00+09:00,3695.0,3910.0,3635.0,3860.0,623151,0.0,0.0
2021-06-04 00:00:00+09:00,3860.0,3905.0,3800.0,3850.0,348289,0.0,0.0
2021-06-07 00:00:00+09:00,3850.0,3850.0,3720.0,3720.0,393244,0.0,0.0
2021-06-08 00:00:00+09:00,3720.0,3760.0,3645.0,3715.0,160531,0.0,0.0
2021-06-09 00:00:00+09:00,3790.0,3790.0,3665.0,3690.0,114902,0.0,0.0
2021-06-10 00:00:00+09:00,3685.0,3975.0,3645.0,3975.0,722725,0.0,0.0
2021-06-11 00:00:00+09:00,3965.0,4270.0,3770.0,3825.0,1231013,0.0,0.0
2021-06-14 00:00:00+09:00,3840.0,3900.0,3655.0,3730.0,714149,0.0,0.0
2021-06-15 00:00:00+09:00,3730.0,3730.0,3360.0,3570.0,1259115,0.0,0.0
2021-06-16 00:00:00+09:00,3555.0,3555.0,3380.0,3410.0,682845,0.0,0.0
2021-06-17 00:00:00+09:00,3410.0,3435.0,3330.0,3405.0,350970,0.0,0.0
2021-06-18 00:00:00+09:00,3405.0,3500.0,3375.0,3490.0,358636,0.0,0.0
2021-06-21 00:00:00+09:00,3475.0,3570.0,3340.0,3560.0,398138,0.0,0.0
2021-06-22 00:00:00+09:00,3540.0,3890.0,3355.0,3410.0,1328689,0.0,0.0
2021-06-23 00:00:00+09:00,3470.0,3800.0,3385.0,3645.0,2275065,0.0,0.0
2021-06-24 00:00:00+09:00,3570.0,3575.0,3295.0,3355.0,1198964,0.0,0.0
2021-06-25 00:00:00+09:00,3330.0,3425.0,3130.0,3160.0,698997,0.0,0.0
2021-06-28 00:00:00+09:00,3260.0,3270.0,3115.0,3115.0,516806,0.0,0.0
2021-06-29 00:00:00+09:00,3140.0,3215.0,3070.0,3095.0,516621,0.0,0.0
2021-06-30 00:00:00+09:00,3095.0,3200.0,3080.0,3130.0,288829,0.0,0.0
2021-07-01 00:00:00+09:00,3180.0,3325.0,3145.0,3275.0,296500,0.0,0.0
2021-07-02 00:00:00+09:00,3290.0,3345.0,3125.0,3125.0,476854,0.0,0.0
2021-07-05 00:00:00+09:00,3090.0,3145.0,2935.0,3035.0,746769,0.0,0.0
2021-07-06 00:00:00+09:00,3035.0,3055.0,2955.0,3000.0,297260,0.0,0.0
2021-07-07 00:00:00+09:00,3000.0,3035.0,2950.0,3030.0,204193,0.0,0.0
2021-07-08 00:00:00+09:00,3030.0,3030.0,2895.0,2930.0,295224,0.0,0.0
2021-07-09 00:00:00+09:00,2915.0,2960.0,2840.0,2960.0,174819,0.0,0.0
2021-07-12 00:00:00+09:00,2935.0,3035.0,2915.0,2970.0,131423,0.0,0.0
2021-07-13 00:00:00+09:00,2980.0,3000.0,2920.0,2985.0,79110,0.0,0.0
2021-07-14 00:00:00+09:00,2985.0,2995.0,2940.0,2970.0,65956,0.0,0.0
2021-07-15 00:00:00+09:00,2970.0,2970.0,2905.0,2920.0,152818,0.0,0.0
2021-07-16 00:00:00+09:00,2920.0,3015.0,2865.0,2980.0,133006,0.0,0.0
2021-07-19 00:00:00+09:00,2970.0,2970.0,2895.0,2930.0,101812,0.0,0.0
2021-07-20 00:00:00+09:00,2900.0,2935.0,2870.0,2925.0,56121,0.0,0.0
2021-07-21 00:00:00+09:00,2925.0,2945.0,2865.0,2900.0,82881,0.0,0.0
2021-07-22 00:00:00+09:00,2900.0,3005.0,2850.0,2990.0,172073,0.0,0.0
2021-07-23 00:00:00+09:00,3015.0,3025.0,2920.0,2960.0,131679,0.0,0.0
2021-07-26 00:00:00+09:00,2990.0,2995.0,2815.0,2825.0,207696,0.0,0.0
2021-07-27 00:00:00+09:00,2805.0,2865.0,2730.0,2830.0,216301,0.0,0.0
2021-07-28 00:00:00+09:00,2800.0,2825.0,2780.0,2780.0,60226,0.0,0.0
2021-07-29 00:00:00+09:00,2780.0,2840.0,2780.0,2835.0,61191,0.0,0.0
2021-07-30 00:00:00+09:00,2850.0,2870.0,2815.0,2850.0,73875,0.0,0.0
2021-08-02 00:00:00+09:00,2825.0,2835.0,2660.0,2830.0,82879,0.0,0.0
2021-08-03 00:00:00+09:00,2830.0,2855.0,2810.0,2835.0,51260,0.0,0.0
2021-08-04 00:00:00+09:00,2820.0,2850.0,2790.0,2835.0,67132,0.0,0.0
2021-08-05 00:00:00+09:00,2835.0,3010.0,2815.0,2935.0,168772,0.0,0.0
2021-08-06 00:00:00+09:00,2940.0,2975.0,2900.0,2940.0,157728,0.0,0.0
2021-08-09 00:00:00+09:00,2970.0,2970.0,2895.0,2925.0,122920,0.0,0.0
2021-08-10 00:00:00+09:00,2930.0,2945.0,2880.0,2915.0,383039,0.0,0.0
2021-08-11 00:00:00+09:00,3390.0,3785.0,3120.0,3500.0,27391340,0.0,0.0
2021-08-12 00:00:00+09:00,3470.0,4550.0,3465.0,4295.0,21554350,0.0,0.0
2021-08-13 00:00:00+09:00,4640.0,5220.0,4360.0,4480.0,15849000,0.0,0.0
2021-08-17 00:00:00+09:00,4490.0,5650.0,4490.0,5200.0,28492820,0.0,0.0
2021-08-18 00:00:00+09:00,4970.0,5160.0,4940.0,5160.0,1446423,0.0,0.0
2021-08-19 00:00:00+09:00,5210.0,5220.0,4985.0,4985.0,1103149,0.0,0.0
2021-08-20 00:00:00+09:00,4830.0,4890.0,4595.0,4765.0,1130076,0.0,0.0
2021-08-23 00:00:00+09:00,4970.0,6190.0,4770.0,6190.0,31337930,0.0,0.0
2021-08-24 00:00:00+09:00,6500.0,6830.0,6010.0,6190.0,19612840,0.0,0.0
2021-08-25 00:00:00+09:00,6490.0,6560.0,5920.0,5920.0,5975454,0.0,0.0
2021-08-26 00:00:00+09:00,5840.0,7010.0,5790.0,6600.0,30342520,0.0,0.0
2021-08-27 00:00:00+09:00,6420.0,6640.0,6020.0,6240.0,4951850,0.0,0.0
2021-08-30 00:00:00+09:00,6240.0,6550.0,6000.0,6200.0,2966190,0.0,0.0
2021-08-31 00:00:00+09:00,5930.0,5990.0,5610.0,5790.0,3190502,0.0,0.0
2021-09-01 00:00:00+09:00,5880.0,6340.0,5810.0,6330.0,2919888,0.0,0.0
2021-09-02 00:00:00+09:00,6250.0,6530.0,6100.0,6530.0,2001170,0.0,0.0
2021-09-03 00:00:00+09:00,6770.0,7540.0,6590.0,7200.0,6937824,0.0,0.0
2021-09-06 00:00:00+09:00,7830.0,7920.0,6610.0,7200.0,3643206,0.0,0.0
2021-09-07 00:00:00+09:00,7390.0,8450.0,7010.0,8150.0,7187069,0.0,0.0
2021-09-08 00:00:00+09:00,7940.0,8970.0,7710.0,8700.0,4861522,0.0,0.0
2021-09-09 00:00:00+09:00,8550.0,8990.0,8410.0,8710.0,3247913,0.0,0.0
2021-09-10 00:00:00+09:00,8730.0,8760.0,8600.0,8710.0,1527374,0.0,0.0
2021-09-13 00:00:00+09:00,9030.0,9300.0,8130.0,9070.0,4534469,0.0,0.0
2021-09-14 00:00:00+09:00,8850.0,9030.0,8270.0,8790.0,2655784,0.0,0.0
2021-09-15 00:00:00+09:00,8660.0,8680.0,7900.0,8100.0,1837323,0.0,0.0
2021-09-16 00:00:00+09:00,8060.0,8500.0,7770.0,8500.0,3606252,0.0,0.0
2021-09-17 00:00:00+09:00,7920.0,7960.0,7270.0,7790.0,3154532,0.0,0.0
2021-09-23 00:00:00+09:00,7590.0,8460.0,7360.0,8150.0,5606101,0.0,0.0
2021-09-24 00:00:00+09:00,8050.0,8320.0,7650.0,7790.0,1833285,0.0,0.0
2021-09-27 00:00:00+09:00,7500.0,8210.0,7360.0,7820.0,3016093,0.0,0.0
2021-09-28 00:00:00+09:00,8000.0,8280.0,7710.0,8280.0,3779932,0.0,0.0
2021-09-29 00:00:00+09:00,8070.0,8420.0,8000.0,8280.0,1926129,0.0,0.0
2021-09-30 00:00:00+09:00,8380.0,8550.0,7930.0,7980.0,1589117,0.0,0.0
2021-10-01 00:00:00+09:00,7940.0,8090.0,7320.0,7320.0,1229539,0.0,0.0
2021-10-05 00:00:00+09:00,7230.0,7240.0,6350.0,6580.0,2366763,0.0,0.0
2021-10-06 00:00:00+09:00,6570.0,6630.0,5300.0,5400.0,3493585,0.0,0.0
2021-10-07 00:00:00+09:00,5580.0,6250.0,5470.0,6030.0,6630139,0.0,0.0
2021-10-08 00:00:00+09:00,6030.0,6250.0,4880.0,5200.0,7037563,0.0,0.0
2021-10-12 00:00:00+09:00,6150.0,6760.0,5900.0,6760.0,7271028,0.0,0.0
2021-10-13 00:00:00+09:00,7060.0,7690.0,6670.0,7470.0,15863790,0.0,0.0
2021-10-14 00:00:00+09:00,7400.0,8020.0,7130.0,7600.0,7482707,0.0,0.0
2021-10-15 00:00:00+09:00,7530.0,7930.0,7510.0,7760.0,5445740,0.0,0.0
2021-10-18 00:00:00+09:00,7770.0,7970.0,7250.0,7460.0,2543446,0.0,0.0
2021-10-19 00:00:00+09:00,7500.0,7510.0,6930.0,7160.0,1969752,0.0,0.0
2021-10-20 00:00:00+09:00,7420.0,7490.0,7080.0,7330.0,1829956,0.0,0.0
2021-10-21 00:00:00+09:00,7290.0,7300.0,6400.0,6500.0,3053728,0.0,0.0
2021-10-22 00:00:00+09:00,6380.0,6730.0,6120.0,6250.0,2133400,0.0,0.0
2021-10-25 00:00:00+09:00,6010.0,6090.0,5130.0,5760.0,5570255,0.0,0.0
2021-10-26 00:00:00+09:00,6190.0,6300.0,5770.0,5910.0,5088765,0.0,0.0
2021-10-27 00:00:00+09:00,5810.0,6110.0,5410.0,5610.0,3424905,0.0,0.0
2021-10-28 00:00:00+09:00,5430.0,5490.0,5140.0,5170.0,1943337,0.0,0.0
2021-10-29 00:00:00+09:00,5110.0,5330.0,4815.0,4920.0,2615744,0.0,0.0
2021-11-01 00:00:00+09:00,5050.0,5100.0,4550.0,4740.0,2887923,0.0,0.0
2021-11-02 00:00:00+09:00,4660.0,5230.0,4655.0,4935.0,3352473,0.0,0.0
2021-11-03 00:00:00+09:00,4840.0,4950.0,4460.0,4460.0,1529826,0.0,0.0
2021-11-04 00:00:00+09:00,4520.0,4885.0,4080.0,4215.0,2494652,0.0,0.0
2021-11-05 00:00:00+09:00,4210.0,4660.0,2955.0,2955.0,10869220,0.0,0.0
2021-11-08 00:00:00+09:00,2945.0,2960.0,2790.0,2910.0,2303512,0.0,0.0
2021-11-09 00:00:00+09:00,2980.0,2980.0,2770.0,2795.0,1484779,0.0,0.0
2021-11-10 00:00:00+09:00,2775.0,2820.0,2680.0,2705.0,1191570,0.0,0.0
2021-11-11 00:00:00+09:00,2650.0,2765.0,2400.0,2515.0,1737555,0.0,0.0
2021-11-12 00:00:00+09:00,2550.0,2725.0,2535.0,2670.0,1593431,0.0,0.0
2021-11-15 00:00:00+09:00,2685.0,2715.0,2600.0,2690.0,658350,0.0,0.0
2021-11-16 00:00:00+09:00,2690.0,2700.0,2570.0,2575.0,625153,0.0,0.0
2021-11-17 00:00:00+09:00,2600.0,2610.0,2460.0,2500.0,532924,0.0,0.0
2021-11-18 00:00:00+09:00,2505.0,2515.0,2405.0,2455.0,373178,0.0,0.0
2021-11-19 00:00:00+09:00,2450.0,2505.0,2435.0,2440.0,309659,0.0,0.0
2021-11-22 00:00:00+09:00,2445.0,2460.0,2330.0,2415.0,534261,0.0,0.0
2021-11-23 00:00:00+09:00,2415.0,2465.0,2390.0,2400.0,324679,0.0,0.0
2021-11-24 00:00:00+09:00,2390.0,2400.0,2315.0,2340.0,393700,0.0,0.0
2021-11-25 00:00:00+09:00,2355.0,2400.0,2340.0,2345.0,288196,0.0,0.0
2021-11-26 00:00:00+09:00,2340.0,2365.0,2285.0,2335.0,497710,0.0,0.0
2021-11-29 00:00:00+09:00,2240.0,2295.0,2210.0,2265.0,337347,0.0,0.0
2021-11-30 00:00:00+09:00,2250.0,2320.0,2135.0,2135.0,498743,0.0,0.0
2021-12-01 00:00:00+09:00,2125.0,2205.0,2125.0,2200.0,290048,0.0,0.0
2021-12-02 00:00:00+09:00,2190.0,2250.0,2165.0,2250.0,202387,0.0,0.0
2021-12-03 00:00:00+09:00,2275.0,2440.0,2265.0,2400.0,629810,0.0,0.0
2021-12-06 00:00:00+09:00,2410.0,2625.0,2385.0,2485.0,2215760,0.0,0.0
2021-12-07 00:00:00+09:00,2505.0,2675.0,2500.0,2560.0,1106134,0.0,0.0
2021-12-08 00:00:00+09:00,2560.0,2775.0,2395.0,2580.0,2033388,0.0,0.0
2021-12-09 00:00:00+09:00,2590.0,3220.0,2590.0,3000.0,13710230,0.0,0.0
2021-12-10 00:00:00+09:00,2970.0,3140.0,2840.0,2855.0,3580836,0.0,0.0
2021-12-13 00:00:00+09:00,2960.0,3185.0,2785.0,2815.0,4757933,0.0,0.0
2021-12-14 00:00:00+09:00,2815.0,2840.0,2660.0,2710.0,1131859,0.0,0.0
2021-12-15 00:00:00+09:00,2690.0,2740.0,2620.0,2710.0,881262,0.0,0.0
2021-12-16 00:00:00+09:00,2715.0,2820.0,2615.0,2670.0,1489960,0.0,0.0
2021-12-17 00:00:00+09:00,2670.0,2705.0,2640.0,2650.0,365837,0.0,0.0
2021-12-20 00:00:00+09:00,2645.0,2665.0,2595.0,2620.0,390831,0.0,0.0
2021-12-21 00:00:00+09:00,2600.0,2645.0,2500.0,2625.0,531085,0.0,0.0
2021-12-22 00:00:00+09:00,2645.0,2780.0,2615.0,2770.0,972750,0.0,0.0
2021-12-23 00:00:00+09:00,2770.0,2875.0,2695.0,2775.0,1618215,0.0,0.0
2021-12-24 00:00:00+09:00,2885.0,3200.0,2830.0,2850.0,9858042,0.0,0.0
2021-12-27 00:00:00+09:00,2805.0,2825.0,2690.0,2690.0,1667303,0.0,0.0
2021-12-28 00:00:00+09:00,2700.0,2750.0,2590.0,2590.0,851681,0.0,0.0
2021-12-29 00:00:00+09:00,2600.0,2750.0,2570.0,2745.0,720196,0.0,0.0
2021-12-30 00:00:00+09:00,2765.0,2960.0,2755.0,2865.0,2463453,0.0,0.0
2022-01-04 00:00:00+09:00,2900.0,3040.0,2820.0,2915.0,3256167,0.0,0.0
2022-01-05 00:00:00+09:00,2920.0,3550.0,2910.0,3510.0,21221930,0.0,0.0
2022-01-06 00:00:00+09:00,3370.0,3450.0,3185.0,3220.0,3771921,0.0,0.0
2022-01-07 00:00:00+09:00,2985.0,2995.0,2790.0,2810.0,3096643,0.0,0.0
2022-01-10 00:00:00+09:00,2810.0,2940.0,2735.0,2820.0,1759798,0.0,0.0
2022-01-11 00:00:00+09:00,2820.0,2830.0,2665.0,2695.0,684733,0.0,0.0
2022-01-12 00:00:00+09:00,2695.0,2765.0,2665.0,2700.0,604160,0.0,0.0
2022-01-13 00:00:00+09:00,2715.0,3085.0,2715.0,2870.0,11396820,0.0,0.0
2022-01-14 00:00:00+09:00,2815.0,2885.0,2800.0,2825.0,1146389,0.0,0.0
2022-01-17 00:00:00+09:00,2760.0,2790.0,2585.0,2610.0,1264621,0.0,0.0
2022-01-18 00:00:00+09:00,2610.0,2685.0,2600.0,2620.0,536393,0.0,0.0
2022-01-19 00:00:00+09:00,2550.0,2625.0,2405.0,2490.0,474641,0.0,0.0
2022-01-20 00:00:00+09:00,2500.0,2660.0,2495.0,2645.0,454259,0.0,0.0
2022-01-21 00:00:00+09:00,2630.0,2725.0,2545.0,2685.0,508471,0.0,0.0
2022-01-24 00:00:00+09:00,2630.0,2655.0,2445.0,2490.0,701481,0.0,0.0
2022-01-25 00:00:00+09:00,2490.0,2550.0,2360.0,2395.0,482253,0.0,0.0
2022-01-26 00:00:00+09:00,2340.0,2545.0,2340.0,2465.0,351262,0.0,0.0
2022-01-27 00:00:00+09:00,2455.0,2490.0,2360.0,2410.0,387084,0.0,0.0
2022-01-28 00:00:00+09:00,2425.0,2585.0,2390.0,2560.0,430183,0.0,0.0
2022-02-03 00:00:00+09:00,2580.0,2680.0,2560.0,2645.0,369885,0.0,0.0
2022-02-04 00:00:00+09:00,2620.0,2695.0,2610.0,2670.0,263547,0.0,0.0
2022-02-07 00:00:00+09:00,2700.0,2710.0,2580.0,2670.0,201479,0.0,0.0
2022-02-08 00:00:00+09:00,2660.0,2735.0,2625.0,2680.0,288026,0.0,0.0
2022-02-09 00:00:00+09:00,2710.0,2760.0,2685.0,2745.0,234246,0.0,0.0
2022-02-10 00:00:00+09:00,2745.0,2770.0,2675.0,2695.0,200772,0.0,0.0
2022-02-11 00:00:00+09:00,2665.0,2670.0,2630.0,2630.0,171251,0.0,0.0
2022-02-14 00:00:00+09:00,2555.0,2600.0,2475.0,2545.0,213783,0.0,0.0
2022-02-15 00:00:00+09:00,2505.0,2600.0,2505.0,2540.0,164386,0.0,0.0
2022-02-16 00:00:00+09:00,2570.0,2675.0,2570.0,2660.0,232774,0.0,0.0
2022-02-17 00:00:00+09:00,2685.0,2740.0,2555.0,2640.0,383164,0.0,0.0
2022-02-18 00:00:00+09:00,2600.0,2740.0,2575.0,2695.0,387260,0.0,0.0
2022-02-21 00:00:00+09:00,2690.0,2720.0,2650.0,2680.0,188893,0.0,0.0
2022-02-22 00:00:00+09:00,2670.0,2680.0,2570.0,2585.0,218129,0.0,0.0
2022-02-23 00:00:00+09:00,2570.0,2660.0,2565.0,2590.0,505361,0.0,0.0
2022-02-24 00:00:00+09:00,2610.0,2610.0,2430.0,2445.0,399858,0.0,0.0
2022-02-25 00:00:00+09:00,2495.0,2920.0,2455.0,2580.0,7345281,0.0,0.0
2022-02-28 00:00:00+09:00,2595.0,2685.0,2565.0,2670.0,663157,0.0,0.0
2022-03-02 00:00:00+09:00,2670.0,2780.0,2670.0,2725.0,721292,0.0,0.0
2022-03-03 00:00:00+09:00,2795.0,2865.0,2745.0,2830.0,673905,0.0,0.0
2022-03-04 00:00:00+09:00,2890.0,3010.0,2810.0,2835.0,1043774,0.0,0.0
2022-03-07 00:00:00+09:00,2820.0,2925.0,2755.0,2780.0,431743,0.0,0.0
2022-03-08 00:00:00+09:00,2710.0,2820.0,2685.0,2715.0,371438,0.0,0.0
2022-03-10 00:00:00+09:00,2730.0,2790.0,2690.0,2740.0,242714,0.0,0.0
2022-03-11 00:00:00+09:00,2765.0,2910.0,2735.0,2875.0,717752,0.0,0.0
2022-03-14 00:00:00+09:00,2875.0,2965.0,2840.0,2935.0,689381,0.0,0.0
2022-03-15 00:00:00+09:00,2900.0,2905.0,2720.0,2820.0,632282,0.0,0.0
2022-03-16 00:00:00+09:00,2825.0,2955.0,2760.0,2890.0,389794,0.0,0.0
2022-03-17 00:00:00+09:00,2980.0,2980.0,2880.0,2955.0,286988,0.0,0.0
2022-03-18 00:00:00+09:00,2965.0,3050.0,2905.0,3030.0,647572,0.0,0.0
2022-03-21 00:00:00+09:00,3020.0,3130.0,2990.0,3030.0,518466,0.0,0.0
2022-03-22 00:00:00+09:00,3025.0,3030.0,2850.0,2930.0,570193,0.0,0.0
2022-03-23 00:00:00+09:00,2900.0,3180.0,2900.0,2975.0,2597229,0.0,0.0
2022-03-24 00:00:00+09:00,2965.0,2975.0,2880.0,2915.0,489822,0.0,0.0
2022-03-25 00:00:00+09:00,2915.0,2925.0,2800.0,2820.0,534761,0.0,0.0
2022-03-28 00:00:00+09:00,2820.0,3100.0,2785.0,3015.0,1734859,0.0,0.0
2022-03-29 00:00:00+09:00,3065.0,3065.0,2960.0,2985.0,664925,0.0,0.0
2022-03-30 00:00:00+09:00,2990.0,3195.0,2965.0,3080.0,2110498,0.0,0.0
2022-03-31 00:00:00+09:00,3060.0,3145.0,3025.0,3115.0,639867,0.0,0.0
2022-04-01 00:00:00+09:00,3115.0,3120.0,2990.0,3025.0,534779,0.0,0.0
2022-04-04 00:00:00+09:00,3040.0,3070.0,2985.0,3030.0,353477,0.0,0.0
2022-04-05 00:00:00+09:00,3040.0,3115.0,3025.0,3035.0,349040,0.0,0.0
2022-04-06 00:00:00+09:00,3000.0,3040.0,2910.0,2945.0,368235,0.0,0.0
2022-04-07 00:00:00+09:00,2945.0,2945.0,2790.0,2810.0,329696,0.0,0.0
2022-04-08 00:00:00+09:00,2810.0,2860.0,2770.0,2810.0,192578,0.0,0.0
2022-04-11 00:00:00+09:00,2815.0,2820.0,2740.0,2745.0,234576,0.0,0.0
2022-04-12 00:00:00+09:00,2700.0,2755.0,2620.0,2665.0,273188,0.0,0.0
2022-04-13 00:00:00+09:00,2645.0,2740.0,2645.0,2710.0,140539,0.0,0.0
2022-04-14 00:00:00+09:00,2750.0,2750.0,2680.0,2695.0,158382,0.0,0.0
2022-04-15 00:00:00+09:00,2700.0,2725.0,2665.0,2705.0,111137,0.0,0.0
2022-04-18 00:00:00+09:00,2675.0,2705.0,2645.0,2655.0,163347,0.0,0.0
2022-04-19 00:00:00+09:00,2665.0,2715.0,2660.0,2715.0,183820,0.0,0.0
2022-04-20 00:00:00+09:00,2725.0,2815.0,2685.0,2795.0,185465,0.0,0.0
2022-04-21 00:00:00+09:00,2795.0,2795.0,2740.0,2780.0,153801,0.0,0.0
2022-04-22 00:00:00+09:00,2775.0,2775.0,2730.0,2765.0,108911,0.0,0.0
2022-04-25 00:00:00+09:00,2700.0,2730.0,2630.0,2670.0,361146,0.0,0.0
2022-04-26 00:00:00+09:00,2670.0,2750.0,2665.0,2705.0,179647,0.0,0.0
2022-04-27 00:00:00+09:00,2655.0,2675.0,2620.0,2660.0,206609,0.0,0.0
2022-04-28 00:00:00+09:00,2685.0,2735.0,2675.0,2700.0,148148,0.0,0.0
2022-04-29 00:00:00+09:00,2730.0,2850.0,2700.0,2835.0,345975,0.0,0.0
2022-05-03 00:00:00+09:00,2810.0,2865.0,2800.0,2860.0,202938,0.0,0.0
2022-05-04 00:00:00+09:00,2890.0,3150.0,2835.0,2890.0,2412423,0.0,0.0
2022-05-06 00:00:00+09:00,2840.0,3060.0,2795.0,2920.0,944211,0.0,0.0
2022-05-10 00:00:00+09:00,2700.0,2770.0,2630.0,2740.0,248220,0.0,0.0
2022-05-11 00:00:00+09:00,2685.0,2865.0,2685.0,2810.0,291881,0.0,0.0
2022-05-12 00:00:00+09:00,2750.0,2790.0,2640.0,2650.0,269679,0.0,0.0
2022-05-13 00:00:00+09:00,2655.0,2710.0,2600.0,2655.0,138974,0.0,0.0
2022-05-16 00:00:00+09:00,2680.0,2780.0,2670.0,2750.0,123732,0.0,0.0
2022-05-17 00:00:00+09:00,2775.0,2815.0,2710.0,2760.0,181146,0.0,0.0
2022-05-18 00:00:00+09:00,2780.0,2950.0,2780.0,2820.0,289372,0.0,0.0
2022-05-19 00:00:00+09:00,2780.0,2780.0,2700.0,2725.0,172657,0.0,0.0
2022-05-20 00:00:00+09:00,2725.0,2770.0,2685.0,2695.0,173406,0.0,0.0
2022-05-23 00:00:00+09:00,2675.0,2695.0,2620.0,2685.0,193420,0.0,0.0
2022-05-24 00:00:00+09:00,2685.0,2705.0,2580.0,2590.0,172061,0.0,0.0
2022-05-25 00:00:00+09:00,2590.0,2615.0,2555.0,2575.0,106479,0.0,0.0
2022-05-26 00:00:00+09:00,2575.0,2640.0,2565.0,2595.0,89341,0.0,0.0
2022-05-27 00:00:00+09:00,2640.0,2640.0,2595.0,2615.0,64417,0.0,0.0
2022-05-30 00:00:00+09:00,2640.0,2690.0,2630.0,2645.0,87479,0.0,0.0
2022-05-31 00:00:00+09:00,2680.0,2680.0,2615.0,2680.0,109747,0.0,0.0
2022-06-02 00:00:00+09:00,2680.0,2690.0,2625.0,2680.0,123290,0.0,0.0
2022-06-03 00:00:00+09:00,2695.0,2740.0,2670.0,2705.0,146466,0.0,0.0
2022-06-07 00:00:00+09:00,2720.0,3030.0,2720.0,2835.0,3743537,0.0,0.0
2022-06-08 00:00:00+09:00,2840.0,2905.0,2800.0,2835.0,670508,0.0,0.0
2022-06-09 00:00:00+09:00,2850.0,2850.0,2710.0,2780.0,387237,0.0,0.0
2022-06-10 00:00:00+09:00,2780.0,2790.0,2720.0,2735.0,148879,0.0,0.0
2022-06-13 00:00:00+09:00,2635.0,2680.0,2570.0,2580.0,303266,0.0,0.0
2022-06-14 00:00:00+09:00,2530.0,2620.0,2450.0,2500.0,241056,0.0,0.0
2022-06-15 00:00:00+09:00,2485.0,2515.0,2270.0,2355.0,382621,0.0,0.0
2022-06-16 00:00:00+09:00,2355.0,2480.0,2320.0,2340.0,120757,0.0,0.0
2022-06-17 00:00:00+09:00,2230.0,2335.0,2185.0,2320.0,205937,0.0,0.0
2022-06-20 00:00:00+09:00,2340.0,2355.0,2080.0,2095.0,351403,0.0,0.0
2022-06-21 00:00:00+09:00,2090.0,2230.0,2090.0,2185.0,275521,0.0,0.0
2022-06-22 00:00:00+09:00,2210.0,2280.0,1990.0,2060.0,193386,0.0,0.0
2022-06-23 00:00:00+09:00,2040.0,2110.0,1900.0,1955.0,228456,0.0,0.0
2022-06-24 00:00:00+09:00,1905.0,2035.0,1905.0,1975.0,238134,0.0,0.0
2022-06-27 00:00:00+09:00,2055.0,2125.0,2030.0,2110.0,116971,0.0,0.0
2022-06-28 00:00:00+09:00,2130.0,2170.0,2095.0,2140.0,119576,0.0,0.0
2022-06-29 00:00:00+09:00,2135.0,2170.0,2080.0,2160.0,104008,0.0,0.0
2022-06-30 00:00:00+09:00,2160.0,2170.0,2060.0,2060.0,89372,0.0,0.0
2022-07-01 00:00:00+09:00,2045.0,2105.0,1975.0,1995.0,125352,0.0,0.0
2022-07-04 00:00:00+09:00,1995.0,2040.0,1930.0,1990.0,89425,0.0,0.0
2022-07-05 00:00:00+09:00,1990.0,2085.0,1990.0,2075.0,66431,0.0,0.0
2022-07-06 00:00:00+09:00,2095.0,2115.0,2045.0,2065.0,99630,0.0,0.0
2022-07-07 00:00:00+09:00,2065.0,2150.0,2065.0,2150.0,169449,0.0,0.0
2022-07-08 00:00:00+09:00,2165.0,2180.0,2115.0,2155.0,109805,0.0,0.0
2022-07-11 00:00:00+09:00,2155.0,2200.0,2125.0,2155.0,102901,0.0,0.0
2022-07-12 00:00:00+09:00,2155.0,2165.0,2080.0,2110.0,82931,0.0,0.0
2022-07-13 00:00:00+09:00,2090.0,2160.0,2085.0,2130.0,103893,0.0,0.0
2022-07-14 00:00:00+09:00,2130.0,2175.0,2100.0,2120.0,72880,0.0,0.0
2022-07-15 00:00:00+09:00,2130.0,2260.0,2100.0,2140.0,161874,0.0,0.0
2022-07-18 00:00:00+09:00,2170.0,2200.0,2040.0,2195.0,162716,0.0,0.0
2022-07-19 00:00:00+09:00,2200.0,2250.0,2195.0,2250.0,90677,0.0,0.0
2022-07-20 00:00:00+09:00,2255.0,2285.0,2220.0,2260.0,150613,0.0,0.0
2022-07-21 00:00:00+09:00,2265.0,2310.0,2250.0,2295.0,117301,0.0,0.0
2022-07-22 00:00:00+09:00,2295.0,2315.0,2220.0,2240.0,106850,0.0,0.0
2022-07-25 00:00:00+09:00,2240.0,2280.0,2225.0,2240.0,30927,0.0,0.0
2022-07-26 00:00:00+09:00,2240.0,2275.0,2220.0,2225.0,59336,0.0,0.0
2022-07-27 00:00:00+09:00,2225.0,2345.0,2190.0,2345.0,219072,0.0,0.0
2022-07-28 00:00:00+09:00,2345.0,2350.0,2300.0,2335.0,114249,0.0,0.0
2022-07-29 00:00:00+09:00,2360.0,2370.0,2320.0,2345.0,82113,0.0,0.0
2022-08-01 00:00:00+09:00,2345.0,2385.0,2320.0,2380.0,134637,0.0,0.0
2022-08-02 00:00:00+09:00,2480.0,2480.0,2315.0,2340.0,276298,0.0,0.0
2022-08-03 00:00:00+09:00,2330.0,2400.0,2305.0,2380.0,94517,0.0,0.0
2022-08-04 00:00:00+09:00,2415.0,2425.0,2380.0,2405.0,72709,0.0,0.0
2022-08-05 00:00:00+09:00,2405.0,2430.0,2400.0,2420.0,58810,0.0,0.0
2022-08-08 00:00:00+09:00,2435.0,2435.0,2360.0,2395.0,44959,0.0,0.0
2022-08-09 00:00:00+09:00,2395.0,2420.0,2340.0,2380.0,88676,0.0,0.0
2022-08-10 00:00:00+09:00,2400.0,2425.0,2375.0,2405.0,133750,0.0,0.0
2022-08-11 00:00:00+09:00,2405.0,2425.0,2395.0,2410.0,52122,0.0,0.0
2022-08-12 00:00:00+09:00,2410.0,2430.0,2380.0,2415.0,84175,0.0,0.0
2022-08-16 00:00:00+09:00,2415.0,2435.0,2375.0,2425.0,112621,0.0,0.0
2022-08-17 00:00:00+09:00,2425.0,2425.0,2370.0,2375.0,95310,0.0,0.0
2022-08-18 00:00:00+09:00,2330.0,2390.0,2300.0,2385.0,83332,0.0,0.0
2022-08-19 00:00:00+09:00,2360.0,2415.0,2350.0,2355.0,68453,0.0,0.0
2022-08-22 00:00:00+09:00,2290.0,2330.0,2275.0,2275.0,95344,0.0,0.0
2022-08-23 00:00:00+09:00,2245.0,2310.0,2225.0,2245.0,67400,0.0,0.0
2022-08-24 00:00:00+09:00,2205.0,2295.0,2205.0,2295.0,59388,0.0,0.0
2022-08-25 00:00:00+09:00,2295.0,2345.0,2295.0,2345.0,47416,0.0,0.0
2022-08-26 00:00:00+09:00,2360.0,2380.0,2335.0,2345.0,58765,0.0,0.0
2022-08-29 00:00:00+09:00,2295.0,2295.0,2245.0,2250.0,84873,0.0,0.0
2022-08-30 00:00:00+09:00,2225.0,2275.0,2220.0,2265.0,55117,0.0,0.0
2022-08-31 00:00:00+09:00,2270.0,2335.0,2245.0,2285.0,161997,0.0,0.0
2022-09-01 00:00:00+09:00,2285.0,2285.0,2180.0,2220.0,134360,0.0,0.0
2022-09-02 00:00:00+09:00,2195.0,2200.0,2130.0,2140.0,129654,0.0,0.0
2022-09-05 00:00:00+09:00,2105.0,2155.0,2050.0,2100.0,123495,0.0,0.0
2022-09-06 00:00:00+09:00,2100.0,2195.0,2095.0,2170.0,99923,0.0,0.0
2022-09-07 00:00:00+09:00,2200.0,2205.0,2080.0,2105.0,115012,0.0,0.0
2022-09-08 00:00:00+09:00,2105.0,2155.0,2100.0,2145.0,94934,0.0,0.0
2022-09-13 00:00:00+09:00,2165.0,2255.0,2165.0,2255.0,88370,0.0,0.0
2022-09-14 00:00:00+09:00,2210.0,2255.0,2150.0,2225.0,76117,0.0,0.0
2022-09-15 00:00:00+09:00,2235.0,2290.0,2205.0,2240.0,74652,0.0,0.0
2022-09-16 00:00:00+09:00,2215.0,2295.0,2205.0,2220.0,86011,0.0,0.0
2022-09-19 00:00:00+09:00,2210.0,2220.0,2130.0,2135.0,44493,0.0,0.0
2022-09-20 00:00:00+09:00,2120.0,2195.0,2120.0,2160.0,40229,0.0,0.0
2022-09-21 00:00:00+09:00,2160.0,2205.0,2140.0,2140.0,26697,0.0,0.0
2022-09-22 00:00:00+09:00,2125.0,2140.0,2080.0,2125.0,37190,0.0,0.0
2022-09-23 00:00:00+09:00,2100.0,2175.0,2100.0,2115.0,50278,0.0,0.0
2022-09-26 00:00:00+09:00,2095.0,2095.0,1930.0,1945.0,143696,0.0,0.0
2022-09-27 00:00:00+09:00,1900.0,1975.0,1820.0,1940.0,212307,0.0,0.0
2022-09-28 00:00:00+09:00,1920.0,1995.0,1800.0,1850.0,158797,0.0,0.0
2022-09-29 00:00:00+09:00,1870.0,1920.0,1830.0,1830.0,66825,0.0,0.0
2022-09-30 00:00:00+09:00,1775.0,1885.0,1775.0,1870.0,65585,0.0,0.0
2022-10-04 00:00:00+09:00,1875.0,1995.0,1875.0,1985.0,105752,0.0,0.0
2022-10-05 00:00:00+09:00,2015.0,2040.0,1970.0,1975.0,121256,0.0,0.0
2022-10-06 00:00:00+09:00,1975.0,2040.0,1970.0,2035.0,52513,0.0,0.0
2022-10-07 00:00:00+09:00,2035.0,2055.0,1880.0,1960.0,65802,0.0,0.0
2022-10-11 00:00:00+09:00,1960.0,1960.0,1870.0,1885.0,74146,0.0,0.0
2022-10-12 00:00:00+09:00,1850.0,1865.0,1820.0,1820.0,77550,0.0,0.0
2022-10-13 00:00:00+09:00,1805.0,1810.0,1710.0,1720.0,98341,0.0,0.0
2022-10-14 00:00:00+09:00,1720.0,1860.0,1720.0,1855.0,146414,0.0,0.0
2022-10-17 00:00:00+09:00,1855.0,1925.0,1855.0,1895.0,54879,0.0,0.0
2022-10-18 00:00:00+09:00,1915.0,1960.0,1915.0,1955.0,57877,0.0,0.0
2022-10-19 00:00:00+09:00,1960.0,2000.0,1945.0,1965.0,46040,0.0,0.0
2022-10-20 00:00:00+09:00,1960.0,2010.0,1935.0,1935.0,51227,0.0,0.0
2022-10-21 00:00:00+09:00,1915.0,1945.0,1895.0,1895.0,46022,0.0,0.0
2022-10-24 00:00:00+09:00,1910.0,1950.0,1880.0,1880.0,48939,0.0,0.0
2022-10-25 00:00:00+09:00,1905.0,1970.0,1900.0,1970.0,63106,0.0,0.0
2022-10-26 00:00:00+09:00,1990.0,2000.0,1950.0,1990.0,54221,0.0,0.0
2022-10-27 00:00:00+09:00,1990.0,2040.0,1990.0,2005.0,52227,0.0,0.0
2022-10-28 00:00:00+09:00,2005.0,2020.0,1985.0,1990.0,34934,0.0,0.0
2022-10-31 00:00:00+09:00,1995.0,2030.0,1945.0,2030.0,39344,0.0,0.0
2022-11-01 00:00:00+09:00,2030.0,2045.0,2000.0,2030.0,49687,0.0,0.0
2022-11-02 00:00:00+09:00,2030.0,2030.0,1955.0,1960.0,31511,0.0,0.0
2022-11-03 00:00:00+09:00,1925.0,1925.0,1850.0,1905.0,99096,0.0,0.0
2022-11-04 00:00:00+09:00,1895.0,1900.0,1845.0,1895.0,58033,0.0,0.0
2022-11-07 00:00:00+09:00,1895.0,1930.0,1885.0,1885.0,69813,0.0,0.0
2022-11-08 00:00:00+09:00,1910.0,1960.0,1895.0,1910.0,63594,0.0,0.0
2022-11-09 00:00:00+09:00,1915.0,1930.0,1890.0,1915.0,41983,0.0,0.0
2022-11-10 00:00:00+09:00,1895.0,1925.0,1870.0,1900.0,45753,0.0,0.0
2022-11-11 00:00:00+09:00,1930.0,1960.0,1925.0,1935.0,78867,0.0,0.0
2022-11-14 00:00:00+09:00,1940.0,2030.0,1940.0,1980.0,57583,0.0,0.0
2022-11-15 00:00:00+09:00,1960.0,1985.0,1905.0,1985.0,89382,0.0,0.0
2022-11-16 00:00:00+09:00,1985.0,1995.0,1950.0,1975.0,86722,0.0,0.0
2022-11-17 00:00:00+09:00,1960.0,2020.0,1945.0,2020.0,91937,0.0,0.0
2022-11-18 00:00:00+09:00,2130.0,2130.0,1960.0,1975.0,254113,0.0,0.0
2022-11-21 00:00:00+09:00,1975.0,1990.0,1920.0,1930.0,95354,0.0,0.0
2022-11-22 00:00:00+09:00,1910.0,1995.0,1900.0,1910.0,90487,0.0,0.0
2022-11-23 00:00:00+09:00,1915.0,1940.0,1910.0,1920.0,45562,0.0,0.0
2022-11-24 00:00:00+09:00,1935.0,1975.0,1920.0,1970.0,63780,0.0,0.0
2022-11-25 00:00:00+09:00,1970.0,1995.0,1960.0,1990.0,47500,0.0,0.0
2022-11-28 00:00:00+09:00,1990.0,2000.0,1850.0,1950.0,58686,0.0,0.0
2022-11-29 00:00:00+09:00,1920.0,1945.0,1920.0,1940.0,30528,0.0,0.0
2022-11-30 00:00:00+09:00,1960.0,1980.0,1940.0,1970.0,50847,0.0,0.0
2022-12-01 00:00:00+09:00,1990.0,2020.0,1975.0,2020.0,64080,0.0,0.0
2022-12-02 00:00:00+09:00,2020.0,2035.0,1995.0,2005.0,67552,0.0,0.0
2022-12-05 00:00:00+09:00,2000.0,2015.0,1965.0,1965.0,63725,0.0,0.0
2022-12-06 00:00:00+09:00,1960.0,1995.0,1940.0,1985.0,46228,0.0,0.0
2022-12-07 00:00:00+09:00,1950.0,1965.0,1910.0,1930.0,50875,0.0,0.0
2022-12-08 00:00:00+09:00,1915.0,1915.0,1880.0,1895.0,72266,0.0,0.0
2022-12-09 00:00:00+09:00,1895.0,2030.0,1895.0,2010.0,201204,0.0,0.0
2022-12-12 00:00:00+09:00,2010.0,2040.0,2000.0,2000.0,74203,0.0,0.0
2022-12-13 00:00:00+09:00,1980.0,2000.0,1940.0,1965.0,59592,0.0,0.0
2022-12-14 00:00:00+09:00,1970.0,2010.0,1955.0,1995.0,124427,0.0,0.0
2022-12-15 00:00:00+09:00,1995.0,2010.0,1985.0,2000.0,40860,0.0,0.0
2022-12-16 00:00:00+09:00,2000.0,2130.0,1980.0,2060.0,346968,0.0,0.0
2022-12-19 00:00:00+09:00,2075.0,2100.0,2010.0,2010.0,123563,0.0,0.0
2022-12-20 00:00:00+09:00,2010.0,2080.0,2010.0,2010.0,85091,0.0,0.0
2022-12-21 00:00:00+09:00,2030.0,2035.0,2010.0,2025.0,60063,0.0,0.0
2022-12-22 00:00:00+09:00,2025.0,2050.0,2005.0,2025.0,49976,0.0,0.0
2022-12-23 00:00:00+09:00,2025.0,2030.0,1950.0,1975.0,91862,0.0,0.0
2022-12-26 00:00:00+09:00,1955.0,2025.0,1950.0,2025.0,90476,0.0,0.0
2022-12-27 00:00:00+09:00,2025.0,2025.0,1975.0,1995.0,39558,0.0,0.0
2022-12-28 00:00:00+09:00,1995.0,2005.0,1975.0,1995.0,62561,0.0,0.0
2022-12-29 00:00:00+09:00,1995.0,1995.0,1945.0,1965.0,51375,0.0,0.0
2023-01-02 00:00:00+09:00,1965.0,1975.0,1880.0,1890.0,77334,0.0,0.0
2023-01-03 00:00:00+09:00,1885.0,1905.0,1835.0,1895.0,77491,0.0,0.0
2023-01-04 00:00:00+09:00,1875.0,1980.0,1850.0,1900.0,43701,0.0,0.0
2023-01-05 00:00:00+09:00,1930.0,1935.0,1900.0,1915.0,26168,0.0,0.0
2023-01-06 00:00:00+09:00,1915.0,1955.0,1900.0,1955.0,26910,0.0,0.0
2023-01-09 00:00:00+09:00,1955.0,1975.0,1940.0,1960.0,16412,0.0,0.0
2023-01-10 00:00:00+09:00,1960.0,1975.0,1940.0,1950.0,28090,0.0,0.0
2023-01-11 00:00:00+09:00,1955.0,1980.0,1950.0,1980.0,33224,0.0,0.0
2023-01-12 00:00:00+09:00,2005.0,2015.0,1950.0,1985.0,59531,0.0,0.0
2023-01-13 00:00:00+09:00,1980.0,2005.0,1970.0,1990.0,27202,0.0,0.0
2023-01-16 00:00:00+09:00,1990.0,2005.0,1985.0,1990.0,28952,0.0,0.0
2023-01-17 00:00:00+09:00,1990.0,2010.0,1970.0,2010.0,58676,0.0,0.0
2023-01-18 00:00:00+09:00,2010.0,2010.0,1990.0,1995.0,28602,0.0,0.0
2023-01-19 00:00:00+09:00,1995.0,2005.0,1965.0,1985.0,43361,0.0,0.0
2023-01-20 00:00:00+09:00,2000.0,2005.0,1980.0,2000.0,29346,0.0,0.0
2023-01-25 00:00:00+09:00,2000.0,2010.0,1975.0,2000.0,156078,0.0,0.0
2023-01-26 00:00:00+09:00,2010.0,2010.0,1994.0,2005.0,51107,0.0,0.0
2023-01-27 00:00:00+09:00,2005.0,2015.0,1997.0,2010.0,55016,0.0,0.0
2023-01-30 00:00:00+09:00,2025.0,2025.0,1990.0,2005.0,51151,0.0,0.0
2023-01-31 00:00:00+09:00,2010.0,2020.0,1989.0,2010.0,59254,0.0,0.0
2023-02-01 00:00:00+09:00,2010.0,2020.0,1996.0,2005.0,31335,0.0,0.0
2023-02-02 00:00:00+09:00,2005.0,2020.0,1999.0,2015.0,50531,0.0,0.0
2023-02-03 00:00:00+09:00,2015.0,2050.0,2000.0,2040.0,59099,0.0,0.0
2023-02-06 00:00:00+09:00,2040.0,2045.0,2015.0,2035.0,40313,0.0,0.0
2023-02-07 00:00:00+09:00,2040.0,2055.0,2010.0,2020.0,49337,0.0,0.0
2023-02-08 00:00:00+09:00,2040.0,2075.0,2025.0,2070.0,75773,0.0,0.0
2023-02-09 00:00:00+09:00,2070.0,2090.0,2045.0,2065.0,35713,0.0,0.0
2023-02-10 00:00:00+09:00,2065.0,2065.0,1998.0,2005.0,58501,0.0,0.0
2023-02-13 00:00:00+09:00,2005.0,2025.0,1988.0,1999.0,35174,0.0,0.0
2023-02-14 00:00:00+09:00,1999.0,2020.0,1999.0,2015.0,19472,0.0,0.0
2023-02-15 00:00:00+09:00,2015.0,2020.0,1986.0,1994.0,48450,0.0,0.0
2023-02-16 00:00:00+09:00,1978.0,2010.0,1978.0,1998.0,32178,0.0,0.0
2023-02-17 00:00:00+09:00,1998.0,2005.0,1980.0,1992.0,21841,0.0,0.0
2023-02-20 00:00:00+09:00,1992.0,2035.0,1992.0,2020.0,41941,0.0,0.0
2023-02-21 00:00:00+09:00,2030.0,2035.0,2000.0,2020.0,29284,0.0,0.0
2023-02-22 00:00:00+09:00,2010.0,2040.0,2000.0,2020.0,49240,0.0,0.0
2023-02-23 00:00:00+09:00,2000.0,2025.0,2000.0,2025.0,35895,0.0,0.0
2023-02-24 00:00:00+09:00,2025.0,2040.0,2000.0,2005.0,48345,0.0,0.0
2023-02-27 00:00:00+09:00,2005.0,2005.0,1975.0,1981.0,26757,0.0,0.0
2023-02-28 00:00:00+09:00,1981.0,2010.0,1981.0,2010.0,29834,0.0,0.0
2023-03-02 00:00:00+09:00,2030.0,2035.0,1998.0,2020.0,48788,0.0,0.0
2023-03-03 00:00:00+09:00,2025.0,2035.0,2000.0,2020.0,37132,0.0,0.0
2023-03-06 00:00:00+09:00,2020.0,2025.0,1998.0,2005.0,51649,0.0,0.0
2023-03-07 00:00:00+09:00,2015.0,2015.0,1998.0,2000.0,60149,0.0,0.0
2023-03-08 00:00:00+09:00,1980.0,1993.0,1974.0,1991.0,28995,0.0,0.0
2023-03-09 00:00:00+09:00,1985.0,2005.0,1981.0,1985.0,18573,0.0,0.0
2023-03-10 00:00:00+09:00,1985.0,1995.0,1976.0,1986.0,23188,0.0,0.0
2023-03-13 00:00:00+09:00,1961.0,1975.0,1951.0,1963.0,38029,0.0,0.0
2023-03-14 00:00:00+09:00,1945.0,1952.0,1901.0,1903.0,40271,0.0,0.0
2023-03-15 00:00:00+09:00,1903.0,1945.0,1903.0,1912.0,35150,0.0,0.0
2023-03-16 00:00:00+09:00,1912.0,1918.0,1884.0,1907.0,31148,0.0,0.0
2023-03-17 00:00:00+09:00,1902.0,1926.0,1902.0,1915.0,23894,0.0,0.0
2023-03-20 00:00:00+09:00,1917.0,2025.0,1917.0,1954.0,68966,0.0,0.0
2023-03-21 00:00:00+09:00,1957.0,1968.0,1945.0,1947.0,21150,0.0,0.0
2023-03-22 00:00:00+09:00,1947.0,1967.0,1940.0,1944.0,25408,0.0,0.0
2023-03-23 00:00:00+09:00,1935.0,1959.0,1925.0,1938.0,36255,0.0,0.0
2023-03-24 00:00:00+09:00,1931.0,1949.0,1921.0,1930.0,27982,0.0,0.0
2023-03-27 00:00:00+09:00,1930.0,1935.0,1919.0,1924.0,18740,0.0,0.0
2023-03-28 00:00:00+09:00,1916.0,1924.0,1901.0,1906.0,64737,0.0,0.0
2023-03-29 00:00:00+09:00,1906.0,1913.0,1897.0,1913.0,48015,0.0,0.0
2023-03-30 00:00:00+09:00,1907.0,1929.0,1900.0,1922.0,39902,0.0,0.0
2023-03-31 00:00:00+09:00,1937.0,1937.0,1908.0,1914.0,33393,0.0,0.0
2023-04-03 00:00:00+09:00,1968.0,1980.0,1938.0,1976.0,87341,0.0,0.0
2023-04-04 00:00:00+09:00,1995.0,1995.0,1931.0,1981.0,98187,0.0,0.0
2023-04-05 00:00:00+09:00,1982.0,2080.0,1973.0,1999.0,111594,0.0,0.0
2023-04-06 00:00:00+09:00,1999.0,2035.0,1992.0,2015.0,65705,0.0,0.0
2023-04-07 00:00:00+09:00,2015.0,2040.0,1999.0,2020.0,57841,0.0,0.0
2023-04-10 00:00:00+09:00,2020.0,2020.0,1986.0,2000.0,72450,0.0,0.0
2023-04-11 00:00:00+09:00,2000.0,2015.0,1977.0,2015.0,45581,0.0,0.0
2023-04-12 00:00:00+09:00,2025.0,2030.0,2000.0,2020.0,51249,0.0,0.0
2023-04-13 00:00:00+09:00,2020.0,2035.0,2000.0,2030.0,45553,0.0,0.0
2023-04-14 00:00:00+09:00,2040.0,2055.0,1988.0,2005.0,56343,0.0,0.0
2023-04-17 00:00:00+09:00,2025.0,2045.0,2005.0,2040.0,63495,0.0,0.0
2023-04-18 00:00:00+09:00,2045.0,2050.0,2015.0,2050.0,73101,0.0,0.0
2023-04-19 00:00:00+09:00,2050.0,2075.0,2045.0,2070.0,66697,0.0,0.0
2023-04-20 00:00:00+09:00,2070.0,2080.0,2055.0,2055.0,64276,0.0,0.0
2023-04-21 00:00:00+09:00,2030.0,2045.0,1994.0,1998.0,71765,0.0,0.0
2023-04-24 00:00:00+09:00,1998.0,2005.0,1968.0,1971.0,69457,0.0,0.0
2023-04-25 00:00:00+09:00,1952.0,1989.0,1938.0,1970.0,65584,0.0,0.0
2023-04-26 00:00:00+09:00,1961.0,1981.0,1949.0,1980.0,31112,0.0,0.0
2023-04-27 00:00:00+09:00,1970.0,2035.0,1940.0,2035.0,71212,0.0,0.0
2023-04-28 00:00:00+09:00,2040.0,2060.0,2000.0,2005.0,78504,0.0,0.0
2023-05-02 00:00:00+09:00,2040.0,2080.0,2025.0,2080.0,128409,0.0,0.0
2023-05-03 00:00:00+09:00,2080.0,2090.0,2040.0,2040.0,81264,0.0,0.0
2023-05-04 00:00:00+09:00,2030.0,2060.0,2025.0,2055.0,43201,0.0,0.0
2023-05-08 00:00:00+09:00,2055.0,2075.0,2045.0,2055.0,48345,0.0,0.0
2023-05-09 00:00:00+09:00,2070.0,2085.0,2040.0,2045.0,42702,0.0,0.0
2023-05-10 00:00:00+09:00,2065.0,2075.0,2045.0,2075.0,51318,0.0,0.0
2023-05-11 00:00:00+09:00,2055.0,2095.0,2050.0,2080.0,50113,0.0,0.0
2023-05-12 00:00:00+09:00,2075.0,2090.0,2050.0,2065.0,42052,0.0,0.0
2023-05-15 00:00:00+09:00,2065.0,2065.0,2010.0,2035.0,38585,0.0,0.0
2023-05-16 00:00:00+09:00,2035.0,2040.0,2015.0,2025.0,51064,0.0,0.0
2023-05-17 00:00:00+09:00,2085.0,2190.0,2050.0,2190.0,289188,0.0,0.0
2023-05-18 00:00:00+09:00,2190.0,2240.0,2155.0,2185.0,179772,0.0,0.0
2023-05-19 00:00:00+09:00,2185.0,2240.0,2185.0,2210.0,73285,0.0,0.0
2023-05-22 00:00:00+09:00,2225.0,2265.0,2210.0,2220.0,75132,0.0,0.0
2023-05-23 00:00:00+09:00,2220.0,2265.0,2205.0,2210.0,83982,0.0,0.0
2023-05-24 00:00:00+09:00,2195.0,2230.0,2180.0,2205.0,58697,0.0,0.0
2023-05-25 00:00:00+09:00,2205.0,2235.0,2190.0,2210.0,50763,0.0,0.0
2023-05-26 00:00:00+09:00,2190.0,2215.0,2175.0,2200.0,47295,0.0,0.0
2023-05-30 00:00:00+09:00,2200.0,2210.0,2175.0,2195.0,70078,0.0,0.0
2023-05-31 00:00:00+09:00,2195.0,2235.0,2195.0,2230.0,61973,0.0,0.0
2023-06-01 00:00:00+09:00,2230.0,2250.0,2200.0,2230.0,71326,0.0,0.0
2023-06-02 00:00:00+09:00,2230.0,2250.0,2205.0,2250.0,69483,0.0,0.0
2023-06-05 00:00:00+09:00,2250.0,2260.0,2225.0,2250.0,54219,0.0,0.0
2023-06-07 00:00:00+09:00,2250.0,2265.0,2225.0,2230.0,52800,0.0,0.0
2023-06-08 00:00:00+09:00,2225.0,2250.0,2200.0,2235.0,40743,0.0,0.0
2023-06-09 00:00:00+09:00,2235.0,2250.0,2210.0,2215.0,34957,0.0,0.0
2023-06-12 00:00:00+09:00,2215.0,2240.0,2175.0,2180.0,55020,0.0,0.0
2023-06-13 00:00:00+09:00,2180.0,2220.0,2150.0,2155.0,38559,0.0,0.0
2023-06-14 00:00:00+09:00,2175.0,2185.0,2070.0,2085.0,86213,0.0,0.0
2023-06-15 00:00:00+09:00,2095.0,2110.0,2065.0,2105.0,61956,0.0,0.0
2023-06-16 00:00:00+09:00,2120.0,2170.0,2100.0,2140.0,46773,0.0,0.0
2023-06-19 00:00:00+09:00,2140.0,2180.0,2135.0,2150.0,41623,0.0,0.0
2023-06-20 00:00:00+09:00,2150.0,2160.0,2110.0,2110.0,42380,0.0,0.0
2023-06-21 00:00:00+09:00,2115.0,2130.0,2075.0,2095.0,40403,0.0,0.0
2023-06-22 00:00:00+09:00,2070.0,2180.0,2070.0,2140.0,78234,0.0,0.0
2023-06-23 00:00:00+09:00,2130.0,2135.0,2085.0,2085.0,44328,0.0,0.0
2023-06-26 00:00:00+09:00,2085.0,2120.0,2085.0,2120.0,74713,0.0,0.0
2023-06-27 00:00:00+09:00,2150.0,2160.0,2130.0,2155.0,73259,0.0,0.0
2023-06-28 00:00:00+09:00,2150.0,2180.0,2140.0,2180.0,39929,0.0,0.0
2023-06-29 00:00:00+09:00,2155.0,2200.0,2150.0,2165.0,36615,0.0,0.0
2023-06-30 00:00:00+09:00,2145.0,2210.0,2105.0,2185.0,81647,0.0,0.0
2023-07-03 00:00:00+09:00,2185.0,2225.0,2170.0,2195.0,119568,0.0,0.0
2023-07-04 00:00:00+09:00,2210.0,2225.0,2170.0,2200.0,80081,0.0,0.0
2023-07-05 00:00:00+09:00,2200.0,2220.0,2170.0,2170.0,37635,0.0,0.0
2023-07-06 00:00:00+09:00,2170.0,2190.0,2070.0,2095.0,79522,0.0,0.0
2023-07-07 00:00:00+09:00,2080.0,2095.0,2040.0,2070.0,89533,0.0,0.0
2023-07-10 00:00:00+09:00,2050.0,2070.0,2020.0,2030.0,62423,0.0,0.0
2023-07-13 00:00:00+09:00,2155.0,2210.0,2150.0,2180.0,61153,0.0,0.0
2023-07-14 00:00:00+09:00,2195.0,2205.0,2120.0,2145.0,77998,0.0,0.0
2023-07-17 00:00:00+09:00,2145.0,2195.0,2125.0,2195.0,39028,0.0,0.0
2023-07-18 00:00:00+09:00,2195.0,2195.0,2100.0,2110.0,47158,0.0,0.0
2023-07-19 00:00:00+09:00,2095.0,2125.0,2080.0,2095.0,57956,0.0,0.0
2023-07-20 00:00:00+09:00,2095.0,2095.0,2070.0,2070.0,27303,0.0,0.0
2023-07-21 00:00:00+09:00,2070.0,2105.0,2065.0,2070.0,27957,0.0,0.0
2023-07-24 00:00:00+09:00,2070.0,2070.0,1990.0,2015.0,99130,0.0,0.0
2023-07-25 00:00:00+09:00,1995.0,2020.0,1995.0,2010.0,47182,0.0,0.0
2023-07-26 00:00:00+09:00,2000.0,2010.0,1890.0,1897.0,148341,0.0,0.0
2023-07-27 00:00:00+09:00,1891.0,1931.0,1878.0,1927.0,64262,0.0,0.0
2023-07-28 00:00:00+09:00,1927.0,1977.0,1918.0,1977.0,42863,0.0,0.0
2023-07-31 00:00:00+09:00,1977.0,2045.0,1977.0,2035.0,46116,0.0,0.0
2023-08-01 00:00:00+09:00,2035.0,2040.0,2005.0,2015.0,45320,0.0,0.0
2023-08-02 00:00:00+09:00,2015.0,2015.0,1955.0,1970.0,65263,0.0,0.0
2023-08-03 00:00:00+09:00,1962.0,1985.0,1945.0,1972.0,40465,0.0,0.0
2023-08-04 00:00:00+09:00,1972.0,2020.0,1964.0,2020.0,30492,0.0,0.0
2023-08-07 00:00:00+09:00,2020.0,2065.0,1984.0,1990.0,37721,0.0,0.0
2023-08-08 00:00:00+09:00,1970.0,1985.0,1952.0,1952.0,43417,0.0,0.0
2023-08-09 00:00:00+09:00,1951.0,1960.0,1930.0,1949.0,30340,0.0,0.0
2023-08-10 00:00:00+09:00,1969.0,1979.0,1959.0,1977.0,25871,0.0,0.0
2023-08-11 00:00:00+09:00,1977.0,1984.0,1961.0,1961.0,36670,0.0,0.0
2023-08-14 00:00:00+09:00,1961.0,1968.0,1940.0,1949.0,56129,0.0,0.0
2023-08-16 00:00:00+09:00,1922.0,1929.0,1884.0,1884.0,90485,0.0,0.0
2023-08-17 00:00:00+09:00,1865.0,1865.0,1810.0,1825.0,128216,0.0,0.0
2023-08-18 00:00:00+09:00,1806.0,1829.0,1801.0,1825.0,68928,0.0,0.0
2023-08-21 00:00:00+09:00,1817.0,1853.0,1815.0,1851.0,55465,0.0,0.0
2023-08-22 00:00:00+09:00,1870.0,1880.0,1851.0,1858.0,25348,0.0,0.0
2023-08-23 00:00:00+09:00,1858.0,1862.0,1849.0,1849.0,27868,0.0,0.0
2023-08-24 00:00:00+09:00,1850.0,1910.0,1850.0,1886.0,42301,0.0,0.0
2023-08-25 00:00:00+09:00,1886.0,1903.0,1868.0,1885.0,43202,0.0,0.0
2023-08-28 00:00:00+09:00,1885.0,1899.0,1876.0,1877.0,32181,0.0,0.0
2023-08-29 00:00:00+09:00,1877.0,1900.0,1877.0,1877.0,48780,0.0,0.0
2023-08-30 00:00:00+09:00,1878.0,1895.0,1875.0,1884.0,42438,0.0,0.0
2023-08-31 00:00:00+09:00,1884.0,1901.0,1866.0,1867.0,61474,0.0,0.0
2023-09-01 00:00:00+09:00,1867.0,1881.0,1850.0,1855.0,65885,0.0,0.0
2023-09-04 00:00:00+09:00,1854.0,1855.0,1833.0,1839.0,49122,0.0,0.0
2023-09-05 00:00:00+09:00,1839.0,1867.0,1831.0,1845.0,67084,0.0,0.0
2023-09-06 00:00:00+09:00,1836.0,1871.0,1836.0,1865.0,30249,0.0,0.0
2023-09-07 00:00:00+09:00,1863.0,1865.0,1851.0,1851.0,25552,0.0,0.0
2023-09-08 00:00:00+09:00,1845.0,1851.0,1837.0,1848.0,24210,0.0,0.0
2023-09-11 00:00:00+09:00,1848.0,1874.0,1848.0,1861.0,23387,0.0,0.0
2023-09-12 00:00:00+09:00,1861.0,1867.0,1855.0,1867.0,25598,0.0,0.0
2023-09-13 00:00:00+09:00,1858.0,1859.0,1851.0,1851.0,16686,0.0,0.0
2023-09-14 00:00:00+09:00,1838.0,1853.0,1838.0,1852.0,27343,0.0,0.0
2023-09-15 00:00:00+09:00,1852.0,1868.0,1846.0,1864.0,22668,0.0,0.0
2023-09-18 00:00:00+09:00,1864.0,1882.0,1860.0,1870.0,22481,0.0,0.0
2023-09-19 00:00:00+09:00,1870.0,1870.0,1852.0,1855.0,15972,0.0,0.0
2023-09-20 00:00:00+09:00,1855.0,1855.0,1841.0,1847.0,29940,0.0,0.0
2023-09-21 00:00:00+09:00,1847.0,1848.0,1840.0,1847.0,32983,0.0,0.0
2023-09-22 00:00:00+09:00,1827.0,1845.0,1803.0,1845.0,28910,0.0,0.0
2023-09-25 00:00:00+09:00,1826.0,1845.0,1815.0,1845.0,39992,0.0,0.0
2023-09-26 00:00:00+09:00,1845.0,1853.0,1813.0,1844.0,38911,0.0,0.0
2023-09-27 00:00:00+09:00,1836.0,1844.0,1807.0,1820.0,54356,0.0,0.0
2023-10-04 00:00:00+09:00,1820.0,1825.0,1806.0,1810.0,65248,0.0,0.0
2023-10-05 00:00:00+09:00,1810.0,1831.0,1801.0,1830.0,43308,0.0,0.0
2023-10-06 00:00:00+09:00,1828.0,1866.0,1812.0,1860.0,22107,0.0,0.0
2023-10-10 00:00:00+09:00,1865.0,1880.0,1805.0,1806.0,29675,0.0,0.0
2023-10-11 00:00:00+09:00,1806.0,1839.0,1800.0,1831.0,33890,0.0,0.0
2023-10-12 00:00:00+09:00,1834.0,1865.0,1834.0,1851.0,20778,0.0,0.0
2023-10-13 00:00:00+09:00,1851.0,1868.0,1851.0,1856.0,30369,0.0,0.0
2023-10-16 00:00:00+09:00,1859.0,1870.0,1803.0,1830.0,48170,0.0,0.0
2023-10-17 00:00:00+09:00,1813.0,1845.0,1811.0,1838.0,13863,0.0,0.0
2023-10-18 00:00:00+09:00,1838.0,1857.0,1835.0,1843.0,21548,0.0,0.0
2023-10-19 00:00:00+09:00,1843.0,1843.0,1808.0,1829.0,27790,0.0,0.0
2023-10-20 00:00:00+09:00,1829.0,1842.0,1800.0,1812.0,38994,0.0,0.0
2023-10-23 00:00:00+09:00,1791.0,1810.0,1784.0,1788.0,36920,0.0,0.0
2023-10-24 00:00:00+09:00,1782.0,1813.0,1771.0,1813.0,31142,0.0,0.0
2023-10-25 00:00:00+09:00,1832.0,1832.0,1803.0,1826.0,40368,0.0,0.0
2023-10-26 00:00:00+09:00,1817.0,1830.0,1808.0,1812.0,44048,0.0,0.0
2023-10-27 00:00:00+09:00,1812.0,1848.0,1812.0,1844.0,32377,0.0,0.0
2023-10-30 00:00:00+09:00,1844.0,1861.0,1843.0,1845.0,41777,0.0,0.0
2023-10-31 00:00:00+09:00,1845.0,1881.0,1845.0,1868.0,43078,0.0,0.0
2023-11-01 00:00:00+09:00,1864.0,1877.0,1859.0,1869.0,71520,0.0,0.0
2023-11-02 00:00:00+09:00,1872.0,1913.0,1872.0,1904.0,51037,0.0,0.0
2023-11-03 00:00:00+09:00,1905.0,1919.0,1905.0,1912.0,32041,0.0,0.0
2023-11-06 00:00:00+09:00,1914.0,1950.0,1914.0,1931.0,35080,0.0,0.0
2023-11-07 00:00:00+09:00,1931.0,1945.0,1915.0,1919.0,33940,0.0,0.0
2023-11-08 00:00:00+09:00,1948.0,1948.0,1919.0,1920.0,15777,0.0,0.0
2023-11-09 00:00:00+09:00,1920.0,1933.0,1917.0,1918.0,20526,0.0,0.0
2023-11-10 00:00:00+09:00,1917.0,1918.0,1890.0,1894.0,36062,0.0,0.0
2023-11-13 00:00:00+09:00,1894.0,1900.0,1879.0,1892.0,16804,0.0,0.0
2023-11-14 00:00:00+09:00,1892.0,1892.0,1870.0,1885.0,40057,0.0,0.0
2023-11-15 00:00:00+09:00,1888.0,1919.0,1888.0,1919.0,46826,0.0,0.0
2023-11-16 00:00:00+09:00,1919.0,1922.0,1900.0,1902.0,79277,0.0,0.0
2023-11-17 00:00:00+09:00,1902.0,1922.0,1884.0,1892.0,63773,0.0,0.0
2023-11-20 00:00:00+09:00,1892.0,1967.0,1892.0,1950.0,63042,0.0,0.0
2023-11-21 00:00:00+09:00,1950.0,1989.0,1950.0,1966.0,40191,0.0,0.0
2023-11-22 00:00:00+09:00,1964.0,1998.0,1959.0,1970.0,50688,0.0,0.0
2023-11-23 00:00:00+09:00,1970.0,2005.0,1968.0,1995.0,41302,0.0,0.0
2023-11-24 00:00:00+09:00,1995.0,2000.0,1977.0,1994.0,36335,0.0,0.0
2023-11-27 00:00:00+09:00,1994.0,2010.0,1973.0,1990.0,26186,0.0,0.0
2023-11-28 00:00:00+09:00,1990.0,1998.0,1969.0,1980.0,35411,0.0,0.0
2023-11-29 00:00:00+09:00,1980.0,1980.0,1957.0,1970.0,24538,0.0,0.0
2023-11-30 00:00:00+09:00,1970.0,1988.0,1946.0,1976.0,28738,0.0,0.0
2023-12-01 00:00:00+09:00,1976.0,1976.0,1951.0,1951.0,39881,0.0,0.0
2023-12-04 00:00:00+09:00,1952.0,1970.0,1950.0,1951.0,40733,0.0,0.0
2023-12-05 00:00:00+09:00,1957.0,1970.0,1935.0,1935.0,35756,0.0,0.0
2023-12-06 00:00:00+09:00,1935.0,1950.0,1916.0,1946.0,22817,0.0,0.0
2023-12-07 00:00:00+09:00,1946.0,1946.0,1935.0,1939.0,21074,0.0,0.0
2023-12-08 00:00:00+09:00,1919.0,1958.0,1919.0,1956.0,21627,0.0,0.0
2023-12-11 00:00:00+09:00,1956.0,1975.0,1921.0,1958.0,44747,0.0,0.0
2023-12-12 00:00:00+09:00,1959.0,1977.0,1951.0,1974.0,16238,0.0,0.0
2023-12-13 00:00:00+09:00,1974.0,1988.0,1960.0,1970.0,17439,0.0,0.0
2023-12-14 00:00:00+09:00,1970.0,1970.0,1944.0,1954.0,24534,0.0,0.0
2023-12-15 00:00:00+09:00,1954.0,1967.0,1950.0,1966.0,27888,0.0,0.0
2023-12-18 00:00:00+09:00,1969.0,1970.0,1947.0,1963.0,22616,0.0,0.0
2023-12-19 00:00:00+09:00,1963.0,1969.0,1945.0,1960.0,14692,0.0,0.0
2023-12-20 00:00:00+09:00,1960.0,1978.0,1959.0,1972.0,20370,0.0,0.0
2023-12-21 00:00:00+09:00,1972.0,1982.0,1934.0,1936.0,25621,0.0,0.0
2023-12-22 00:00:00+09:00,1922.0,1950.0,1922.0,1944.0,41344,0.0,0.0
2023-12-26 00:00:00+09:00,1938.0,1952.0,1922.0,1938.0,46618,0.0,0.0
2023-12-27 00:00:00+09:00,1921.0,1946.0,1921.0,1939.0,28330,0.0,0.0
2023-12-28 00:00:00+09:00,1939.0,1958.0,1936.0,1944.0,28128,0.0,0.0
2024-01-02 00:00:00+09:00,1944.0,1959.0,1940.0,1953.0,37933,0.0,0.0
2024-01-03 00:00:00+09:00,1947.0,1958.0,1936.0,1939.0,23762,0.0,0.0
2024-01-04 00:00:00+09:00,1939.0,1944.0,1934.0,1942.0,11712,0.0,0.0
2024-01-05 00:00:00+09:00,1939.0,1939.0,1930.0,1936.0,17671,0.0,0.0
2024-01-08 00:00:00+09:00,1935.0,1935.0,1922.0,1927.0,13600,0.0,0.0
2024-01-09 00:00:00+09:00,1927.0,1939.0,1917.0,1932.0,14014,0.0,0.0
2024-01-10 00:00:00+09:00,1932.0,1943.0,1921.0,1931.0,32597,0.0,0.0
2024-01-11 00:00:00+09:00,1931.0,1947.0,1929.0,1934.0,21749,0.0,0.0
2024-01-12 00:00:00+09:00,1934.0,1944.0,1927.0,1937.0,26060,0.0,0.0
2024-01-15 00:00:00+09:00,1925.0,2115.0,1921.0,2110.0,410180,0.0,0.0
2024-01-16 00:00:00+09:00,2085.0,2085.0,2025.0,2055.0,107441,0.0,0.0
2024-01-17 00:00:00+09:00,2050.0,2095.0,2000.0,2000.0,118391,0.0,0.0
2024-01-18 00:00:00+09:00,2000.0,2035.0,1962.0,1991.0,63599,0.0,0.0
2024-01-19 00:00:00+09:00,1991.0,2050.0,1991.0,2050.0,57180,0.0,0.0
2024-01-22 00:00:00+09:00,2055.0,2090.0,2030.0,2030.0,57873,0.0,0.0
2024-01-23 00:00:00+09:00,2030.0,2050.0,2010.0,2040.0,16521,0.0,0.0
2024-01-24 00:00:00+09:00,2050.0,2050.0,1961.0,1961.0,60549,0.0,0.0
2024-01-25 00:00:00+09:00,1961.0,1983.0,1956.0,1958.0,31485,0.0,0.0
2024-01-26 00:00:00+09:00,1958.0,1989.0,1951.0,1989.0,23163,0.0,0.0
2024-01-29 00:00:00+09:00,1989.0,1989.0,1960.0,1963.0,21600,0.0,0.0
2024-01-30 00:00:00+09:00,1954.0,1975.0,1945.0,1964.0,29009,0.0,0.0
2024-01-31 00:00:00+09:00,1964.0,1964.0,1943.0,1943.0,28395,0.0,0.0
2024-02-01 00:00:00+09:00,1941.0,1960.0,1937.0,1940.0,36955,0.0,0.0
2024-02-02 00:00:00+09:00,1940.0,1960.0,1937.0,1945.0,43017,0.0,0.0
2024-02-05 00:00:00+09:00,1941.0,1964.0,1940.0,1942.0,31109,0.0,0.0
2024-02-06 00:00:00+09:00,1942.0,1942.0,1925.0,1925.0,31714,0.0,0.0
2024-02-07 00:00:00+09:00,1925.0,1936.0,1920.0,1921.0,27191,0.0,0.0
2024-02-08 00:00:00+09:00,1921.0,1944.0,1921.0,1928.0,21506,0.0,0.0
2024-02-13 00:00:00+09:00,1937.0,1950.0,1929.0,1931.0,19325,0.0,0.0
2024-02-14 00:00:00+09:00,1931.0,1945.0,1928.0,1931.0,25552,0.0,0.0
2024-02-15 00:00:00+09:00,1931.0,1943.0,1931.0,1933.0,25708,0.0,0.0
2024-02-16 00:00:00+09:00,1937.0,1968.0,1937.0,1955.0,42800,0.0,0.0
2024-02-19 00:00:00+09:00,1955.0,1955.0,1930.0,1945.0,40924,0.0,0.0
2024-02-20 00:00:00+09:00,1940.0,1953.0,1936.0,1947.0,20878,0.0,0.0
2024-02-21 00:00:00+09:00,1947.0,1947.0,1936.0,1936.0,38777,0.0,0.0
2024-02-22 00:00:00+09:00,1936.0,1952.0,1931.0,1935.0,25342,0.0,0.0
2024-02-23 00:00:00+09:00,1935.0,1939.0,1920.0,1922.0,29484,0.0,0.0
2024-02-26 00:00:00+09:00,1925.0,1934.0,1800.0,1846.0,80876,0.0,0.0
2024-02-27 00:00:00+09:00,1859.0,1859.0,1830.0,1843.0,43379,0.0,0.0
2024-02-28 00:00:00+09:00,1842.0,1857.0,1834.0,1841.0,27929,0.0,0.0
2024-02-29 00:00:00+09:00,1841.0,1849.0,1821.0,1832.0,45254,0.0,0.0
2024-03-04 00:00:00+09:00,1832.0,1846.0,1820.0,1828.0,50769,0.0,0.0
2024-03-05 00:00:00+09:00,1834.0,1841.0,1797.0,1830.0,41601,0.0,0.0
2024-03-06 00:00:00+09:00,1806.0,1822.0,1803.0,1807.0,26811,0.0,0.0
2024-03-07 00:00:00+09:00,1793.0,1807.0,1783.0,1807.0,45529,0.0,0.0
2024-03-08 00:00:00+09:00,1800.0,1807.0,1771.0,1788.0,25656,0.0,0.0
2024-03-11 00:00:00+09:00,1788.0,1820.0,1787.0,1800.0,38516,0.0,0.0
2024-03-12 00:00:00+09:00,1783.0,1800.0,1782.0,1782.0,28491,0.0,0.0
2024-03-13 00:00:00+09:00,1782.0,1800.0,1768.0,1772.0,54749,0.0,0.0
2024-03-14 00:00:00+09:00,1772.0,1779.0,1759.0,1770.0,33007,0.0,0.0
2024-03-15 00:00:00+09:00,1770.0,1784.0,1758.0,1782.0,29362,0.0,0.0
2024-03-18 00:00:00+09:00,1782.0,1816.0,1778.0,1808.0,55518,0.0,0.0
2024-03-19 00:00:00+09:00,1808.0,1851.0,1796.0,1833.0,54767,0.0,0.0
2024-03-20 00:00:00+09:00,1833.0,1836.0,1812.0,1832.0,38153,0.0,0.0
2024-03-21 00:00:00+09:00,1832.0,1850.0,1828.0,1842.0,25902,0.0,0.0
2024-03-22 00:00:00+09:00,1839.0,1872.0,1833.0,1872.0,32943,0.0,0.0
2024-03-25 00:00:00+09:00,1872.0,1872.0,1854.0,1863.0,21321,0.0,0.0
2024-03-26 00:00:00+09:00,1862.0,1862.0,1855.0,1861.0,29960,0.0,0.0
2024-03-27 00:00:00+09:00,1859.0,1860.0,1841.0,1841.0,25010,0.0,0.0
2024-03-28 00:00:00+09:00,1836.0,1841.0,1821.0,1830.0,37022,0.0,0.0
2024-03-29 00:00:00+09:00,1821.0,1837.0,1809.0,1819.0,37515,0.0,0.0
2024-04-01 00:00:00+09:00,1821.0,1830.0,1798.0,1801.0,103245,0.0,0.0
2024-04-02 00:00:00+09:00,1793.0,1801.0,1779.0,1801.0,81972,0.0,0.0
2024-04-03 00:00:00+09:00,1782.0,1808.0,1782.0,1801.0,57281,0.0,0.0
2024-04-04 00:00:00+09:00,1801.0,1835.0,1801.0,1826.0,30781,0.0,0.0
2024-04-05 00:00:00+09:00,1826.0,1867.0,1809.0,1841.0,58821,0.0,0.0
2024-04-08 00:00:00+09:00,1841.0,1863.0,1830.0,1839.0,45887,0.0,0.0
2024-04-09 00:00:00+09:00,1842.0,1864.0,1842.0,1861.0,57989,0.0,0.0
2024-04-11 00:00:00+09:00,1860.0,1860.0,1725.0,1757.0,91266,0.0,0.0
2024-04-12 00:00:00+09:00,1757.0,1812.0,1751.0,1805.0,96094,0.0,0.0
2024-04-15 00:00:00+09:00,1800.0,1802.0,1772.0,1792.0,94545,0.0,0.0
2024-04-16 00:00:00+09:00,1781.0,1792.0,1765.0,1773.0,38260,0.0,0.0
2024-04-17 00:00:00+09:00,1763.0,1794.0,1750.0,1774.0,40147,0.0,0.0
2024-04-18 00:00:00+09:00,1763.0,1790.0,1763.0,1789.0,34003,0.0,0.0
2024-04-19 00:00:00+09:00,1793.0,1805.0,1730.0,1765.0,49334,0.0,0.0
2024-04-22 00:00:00+09:00,1741.0,1769.0,1741.0,1768.0,32922,0.0,0.0
2024-04-23 00:00:00+09:00,1768.0,1775.0,1758.0,1770.0,14563,0.0,0.0
2024-04-24 00:00:00+09:00,1772.0,1776.0,1763.0,1774.0,33780,0.0,0.0
2024-04-25 00:00:00+09:00,1760.0,1774.0,1746.0,1772.0,19808,0.0,0.0
2024-04-26 00:00:00+09:00,1772.0,1794.0,1762.0,1794.0,39614,0.0,0.0
2024-04-29 00:00:00+09:00,1794.0,1804.0,1784.0,1803.0,41056,0.0,0.0
2024-04-30 00:00:00+09:00,1803.0,1803.0,1783.0,1793.0,28266,0.0,0.0
2024-05-02 00:00:00+09:00,1793.0,1793.0,1766.0,1789.0,19389,0.0,0.0
2024-05-03 00:00:00+09:00,1789.0,1792.0,1773.0,1789.0,31192,0.0,0.0
2024-05-07 00:00:00+09:00,1789.0,1794.0,1772.0,1794.0,28434,0.0,0.0
2024-05-08 00:00:00+09:00,1793.0,1804.0,1793.0,1799.0,16693,0.0,0.0
2024-05-09 00:00:00+09:00,1799.0,1809.0,1799.0,1802.0,4736,0.0,0.0
2024-05-10 00:00:00+09:00,1788.0,1804.0,1788.0,1800.0,35546,0.0,0.0
2024-05-13 00:00:00+09:00,1797.0,1803.0,1790.0,1800.0,20567,0.0,0.0
2024-05-14 00:00:00+09:00,1801.0,1804.0,1780.0,1804.0,25462,0.0,0.0
2024-05-16 00:00:00+09:00,1819.0,1819.0,1787.0,1812.0,9579,0.0,0.0
2024-05-17 00:00:00+09:00,1797.0,1815.0,1797.0,1802.0,29215,0.0,0.0
2024-05-20 00:00:00+09:00,1797.0,1810.0,1790.0,1803.0,50174,0.0,0.0
2024-05-21 00:00:00+09:00,1804.0,1810.0,1790.0,1801.0,19599,0.0,0.0
2024-05-22 00:00:00+09:00,1800.0,1800.0,1784.0,1792.0,17279,0.0,0.0
2024-05-23 00:00:00+09:00,1786.0,1792.0,1775.0,1789.0,28560,0.0,0.0
2024-05-24 00:00:00+09:00,1788.0,1789.0,1767.0,1781.0,39770,0.0,0.0
2024-05-27 00:00:00+09:00,1781.0,1781.0,1755.0,1767.0,28457,0.0,0.0
2024-05-28 00:00:00+09:00,1766.0,1766.0,1747.0,1747.0,26410,0.0,0.0
2024-05-29 00:00:00+09:00,1747.0,1747.0,1728.0,1744.0,23516,0.0,0.0
2024-05-30 00:00:00+09:00,1751.0,1780.0,1744.0,1778.0,54461,0.0,0.0
2024-05-31 00:00:00+09:00,1767.0,1786.0,1758.0,1784.0,32477,0.0,0.0
2024-06-03 00:00:00+09:00,1771.0,1828.0,1767.0,1808.0,116548,0.0,0.0
2024-06-04 00:00:00+09:00,1805.0,1826.0,1800.0,1826.0,75702,0.0,0.0
2024-06-05 00:00:00+09:00,1819.0,1825.0,1799.0,1818.0,55387,0.0,0.0
2024-06-07 00:00:00+09:00,1818.0,1818.0,1789.0,1805.0,30158,0.0,0.0
2024-06-10 00:00:00+09:00,1799.0,1804.0,1769.0,1804.0,41808,0.0,0.0
2024-06-11 00:00:00+09:00,1803.0,1822.0,1787.0,1815.0,69686,0.0,0.0
2024-06-12 00:00:00+09:00,1816.0,1816.0,1799.0,1800.0,21314,0.0,0.0
2024-06-13 00:00:00+09:00,1800.0,1824.0,1800.0,1807.0,35221,0.0,0.0
2024-06-14 00:00:00+09:00,1807.0,1825.0,1805.0,1821.0,94315,0.0,0.0
2024-06-17 00:00:00+09:00,1820.0,1833.0,1812.0,1830.0,51927,0.0,0.0
2024-06-18 00:00:00+09:00,1830.0,1837.0,1795.0,1829.0,74136,0.0,0.0
2024-06-19 00:00:00+09:00,1820.0,1828.0,1795.0,1810.0,123141,0.0,0.0
2024-06-20 00:00:00+09:00,1810.0,1950.0,1788.0,1929.0,530558,0.0,0.0
2024-06-21 00:00:00+09:00,1907.0,1930.0,1882.0,1882.0,195511,0.0,0.0
2024-06-24 00:00:00+09:00,1887.0,1944.0,1859.0,1859.0,197555,0.0,0.0
2024-06-25 00:00:00+09:00,1859.0,1920.0,1815.0,1861.0,156207,0.0,0.0
2024-06-26 00:00:00+09:00,1870.0,1883.0,1803.0,1851.0,147525,0.0,0.0
2024-06-27 00:00:00+09:00,1851.0,1859.0,1799.0,1823.0,87625,0.0,0.0
2024-06-28 00:00:00+09:00,1825.0,1910.0,1815.0,1853.0,121490,0.0,0.0
2024-07-01 00:00:00+09:00,1866.0,1950.0,1853.0,1929.0,286864,0.0,0.0
2024-07-02 00:00:00+09:00,1910.0,1947.0,1860.0,1905.0,158039,0.0,0.0
2024-07-03 00:00:00+09:00,1904.0,1904.0,1852.0,1853.0,70932,0.0,0.0
2024-07-04 00:00:00+09:00,1886.0,1894.0,1839.0,1845.0,66613,0.0,0.0
2024-07-05 00:00:00+09:00,1860.0,1871.0,1821.0,1862.0,75866,0.0,0.0
2024-07-08 00:00:00+09:00,1862.0,1865.0,1755.0,1790.0,144531,0.0,0.0
2024-07-09 00:00:00+09:00,1790.0,1807.0,1755.0,1769.0,57015,0.0,0.0
2024-07-10 00:00:00+09:00,1765.0,1779.0,1726.0,1779.0,102170,0.0,0.0
2024-07-11 00:00:00+09:00,1779.0,1788.0,1746.0,1756.0,52528,0.0,0.0
2024-07-12 00:00:00+09:00,1756.0,1763.0,1743.0,1752.0,29217,0.0,0.0
2024-07-15 00:00:00+09:00,1752.0,1756.0,1722.0,1756.0,44296,0.0,0.0
2024-07-16 00:00:00+09:00,1757.0,1818.0,1732.0,1800.0,58286,0.0,0.0
2024-07-17 00:00:00+09:00,1783.0,1815.0,1775.0,1799.0,60840,0.0,0.0
2024-07-18 00:00:00+09:00,1781.0,1794.0,1758.0,1769.0,26816,0.0,0.0
2024-07-19 00:00:00+09:00,1768.0,1768.0,1744.0,1757.0,27933,0.0,0.0
2024-07-22 00:00:00+09:00,1758.0,1774.0,1737.0,1767.0,17316,0.0,0.0
2024-07-23 00:00:00+09:00,1767.0,1767.0,1725.0,1744.0,40282,0.0,0.0
2024-07-24 00:00:00+09:00,1743.0,1786.0,1720.0,1720.0,32729,0.0,0.0
2024-07-25 00:00:00+09:00,1720.0,1720.0,1665.0,1677.0,63197,0.0,0.0
2024-07-26 00:00:00+09:00,1685.0,1693.0,1671.0,1676.0,20368,0.0,0.0
2024-07-29 00:00:00+09:00,1682.0,1708.0,1670.0,1670.0,17343,0.0,0.0
2024-07-30 00:00:00+09:00,1670.0,1691.0,1652.0,1653.0,44318,0.0,0.0
2024-07-31 00:00:00+09:00,1658.0,1700.0,1650.0,1690.0,44190,0.0,0.0
2024-08-01 00:00:00+09:00,1690.0,1722.0,1689.0,1719.0,23293,0.0,0.0
2024-08-02 00:00:00+09:00,1702.0,1719.0,1681.0,1685.0,33542,0.0,0.0
2024-08-05 00:00:00+09:00,1668.0,1669.0,1510.0,1514.0,77900,0.0,0.0
2024-08-06 00:00:00+09:00,1514.0,1574.0,1510.0,1556.0,50942,0.0,0.0
2024-08-07 00:00:00+09:00,1541.0,1670.0,1538.0,1616.0,33527,0.0,0.0
2024-08-08 00:00:00+09:00,1608.0,1644.0,1552.0,1621.0,22751,0.0,0.0
2024-08-09 00:00:00+09:00,1621.0,1685.0,1611.0,1659.0,13329,0.0,0.0
2024-08-12 00:00:00+09:00,1659.0,1684.0,1648.0,1682.0,53400,0.0,0.0
2024-08-13 00:00:00+09:00,1682.0,1687.0,1667.0,1680.0,8966,0.0,0.0
2024-08-14 00:00:00+09:00,1686.0,1686.0,1674.0,1684.0,5041,0.0,0.0
2024-08-16 00:00:00+09:00,1671.0,1717.0,1663.0,1690.0,30774,0.0,0.0
