Date,Open,High,Low,Close,Volume,Dividends,Stock Splits,Capital Gains
2017-07-27 00:00:00+09:00,1410.0,1410.0,1410.0,1410.0,6,0.0,0.0,0.0
2017-07-28 00:00:00+09:00,1620.0,1620.0,1620.0,1620.0,3,0.0,0.0,0.0
2017-07-31 00:00:00+09:00,1378.3333740234375,1378.3333740234375,1378.3333740234375,1378.3333740234375,3,0.0,0.0,0.0
2017-08-01 00:00:00+09:00,1585.0,1585.0,1585.0,1585.0,303,0.0,0.0,0.0
2017-08-02 00:00:00+09:00,1820.0,1820.0,1820.0,1820.0,363,0.0,0.0,0.0
2017-08-03 00:00:00+09:00,2090.0,2090.0,2090.0,2090.0,3,0.0,0.0,0.0
2017-08-04 00:00:00+09:00,2403.333251953125,2403.333251953125,2403.333251953125,2403.333251953125,3,0.0,0.0,0.0
2017-08-07 00:00:00+09:00,2763.333251953125,2763.333251953125,2763.333251953125,2763.333251953125,603,0.0,0.0,0.0
2017-08-08 00:00:00+09:00,2366.666748046875,2366.666748046875,2353.333251953125,2353.333251953125,6,0.0,0.0,0.0
2017-08-09 00:00:00+09:00,2010.0,2700.0,2006.6666259765625,2006.6666259765625,606,0.0,0.0,0.0
2017-08-10 00:00:00+09:00,2306.666748046875,2306.666748046875,2306.666748046875,2306.666748046875,600,0.0,0.0,0.0
2017-08-11 00:00:00+09:00,1966.6666259765625,1966.6666259765625,1966.6666259765625,1966.6666259765625,3,0.0,0.0,0.0
2017-08-14 00:00:00+09:00,1676.6666259765625,1676.6666259765625,1676.6666259765625,1676.6666259765625,3,0.0,0.0,0.0
2017-08-16 00:00:00+09:00,1676.6666259765625,1676.6666259765625,1676.6666259765625,1676.6666259765625,0,0.0,0.0,0.0
2017-08-17 00:00:00+09:00,1433.3333740234375,1433.3333740234375,1433.3333740234375,1433.3333740234375,6,0.0,0.0,0.0
2017-08-18 00:00:00+09:00,1433.3333740234375,1433.3333740234375,1433.3333740234375,1433.3333740234375,0,0.0,0.0,0.0
2017-08-21 00:00:00+09:00,1433.3333740234375,1433.3333740234375,1433.3333740234375,1433.3333740234375,0,0.0,0.0,0.0
2017-08-22 00:00:00+09:00,1433.3333740234375,1433.3333740234375,1433.3333740234375,1433.3333740234375,0,0.0,0.0,0.0
2017-08-23 00:00:00+09:00,1763.3333740234375,1763.3333740234375,1763.3333740234375,1763.3333740234375,303,0.0,0.0,0.0
2017-08-24 00:00:00+09:00,2026.6666259765625,2026.6666259765625,1763.3333740234375,1763.3333740234375,303,0.0,0.0,0.0
2017-08-25 00:00:00+09:00,1503.3333740234375,1503.3333740234375,1503.3333740234375,1503.3333740234375,3,0.0,0.0,0.0
2017-08-28 00:00:00+09:00,1503.3333740234375,1503.3333740234375,1503.3333740234375,1503.3333740234375,0,0.0,0.0,0.0
2017-08-29 00:00:00+09:00,1416.6666259765625,1916.6666259765625,1416.6666259765625,1916.6666259765625,453,0.0,0.0,0.0
2017-08-30 00:00:00+09:00,1630.0,2200.0,1630.0,1733.3333740234375,39,0.0,0.0,0.0
2017-08-31 00:00:00+09:00,1833.3333740234375,1993.3333740234375,1476.6666259765625,1993.3333740234375,9,0.0,0.0,0.0
2017-09-01 00:00:00+09:00,1700.0,2286.666748046875,1700.0,2286.666748046875,6,0.0,0.0,0.0
2017-09-04 00:00:00+09:00,1950.0,2626.666748046875,1950.0,1953.3333740234375,486,0.0,0.0,0.0
2017-09-05 00:00:00+09:00,1700.0,1700.0,1700.0,1700.0,3,0.0,0.0,0.0
2017-09-06 00:00:00+09:00,1466.6666259765625,1466.6666259765625,1466.6666259765625,1466.6666259765625,3,0.0,0.0,0.0
2017-09-07 00:00:00+09:00,1266.6666259765625,1266.6666259765625,1266.6666259765625,1266.6666259765625,3,0.0,0.0,0.0
2017-09-08 00:00:00+09:00,1101.6666259765625,1101.6666259765625,1101.6666259765625,1101.6666259765625,3,0.0,0.0,0.0
2017-09-11 00:00:00+09:00,1266.6666259765625,1266.6666259765625,950.0,950.0,12,0.0,0.0,0.0
2017-09-12 00:00:00+09:00,833.3333129882812,833.3333129882812,833.3333129882812,833.3333129882812,3,0.0,0.0,0.0
2017-09-13 00:00:00+09:00,933.3333129882812,933.3333129882812,736.6666870117188,736.6666870117188,9,0.0,0.0,0.0
2017-09-14 00:00:00+09:00,736.6666870117188,736.6666870117188,736.6666870117188,736.6666870117188,0,0.0,0.0,0.0
2017-09-15 00:00:00+09:00,733.3333129882812,733.3333129882812,733.3333129882812,733.3333129882812,3,0.0,0.0,0.0
2017-09-18 00:00:00+09:00,635.0,833.3333129882812,635.0,650.0,9,0.0,0.0,0.0
2017-09-19 00:00:00+09:00,566.6666870117188,566.6666870117188,566.6666870117188,566.6666870117188,3,0.0,0.0,0.0
2017-09-20 00:00:00+09:00,501.6666564941406,651.6666870117188,500.0,500.0,9,0.0,0.0,0.0
2017-09-21 00:00:00+09:00,500.0,500.0,500.0,500.0,0,0.0,0.0,0.0
2017-09-25 00:00:00+09:00,436.6666564941406,436.6666564941406,436.6666564941406,436.6666564941406,3,0.0,0.0,0.0
2017-09-26 00:00:00+09:00,371.6666564941406,371.6666564941406,371.6666564941406,371.6666564941406,3,0.0,0.0,0.0
2017-09-27 00:00:00+09:00,371.6666564941406,371.6666564941406,371.6666564941406,371.6666564941406,0,0.0,0.0,0.0
2017-09-28 00:00:00+09:00,370.0,370.0,370.0,370.0,3,0.0,0.0,0.0
2017-09-29 00:00:00+09:00,370.0,370.0,370.0,370.0,0,0.0,0.0,0.0
2017-10-10 00:00:00+09:00,370.0,370.0,370.0,370.0,0,0.0,0.0,0.0
2017-10-11 00:00:00+09:00,560.0,560.0,560.0,560.0,3,0.0,0.0,0.0
2017-10-12 00:00:00+09:00,560.0,560.0,560.0,560.0,0,0.0,0.0,0.0
2017-10-13 00:00:00+09:00,560.0,560.0,560.0,560.0,0,0.0,0.0,0.0
2017-10-16 00:00:00+09:00,848.3333129882812,848.3333129882812,848.3333129882812,848.3333129882812,3,0.0,0.0,0.0
2017-10-17 00:00:00+09:00,975.0,975.0,975.0,975.0,3,0.0,0.0,0.0
2017-10-18 00:00:00+09:00,1120.0,1120.0,836.6666870117188,836.6666870117188,9,0.0,0.0,0.0
2017-10-19 00:00:00+09:00,836.6666870117188,836.6666870117188,836.6666870117188,836.6666870117188,0,0.0,0.0,0.0
2017-10-20 00:00:00+09:00,836.6666870117188,836.6666870117188,836.6666870117188,836.6666870117188,0,0.0,0.0,0.0
2017-10-23 00:00:00+09:00,836.6666870117188,836.6666870117188,836.6666870117188,836.6666870117188,0,0.0,0.0,0.0
2017-10-24 00:00:00+09:00,1270.0,1270.0,1270.0,1270.0,3,0.0,0.0,0.0
2017-10-25 00:00:00+09:00,1460.0,1460.0,1460.0,1460.0,3,0.0,0.0,0.0
2017-10-26 00:00:00+09:00,1460.0,1460.0,1460.0,1460.0,0,0.0,0.0,0.0
2017-10-27 00:00:00+09:00,1676.6666259765625,1676.6666259765625,1676.6666259765625,1676.6666259765625,3,0.0,0.0,0.0
2017-10-30 00:00:00+09:00,1926.6666259765625,1926.6666259765625,1926.6666259765625,1926.6666259765625,309,0.0,0.0,0.0
2017-10-31 00:00:00+09:00,2213.333251953125,2213.333251953125,2213.333251953125,2213.333251953125,3,0.0,0.0,0.0
2017-11-01 00:00:00+09:00,2213.333251953125,2213.333251953125,2213.333251953125,2213.333251953125,0,0.0,0.0,0.0
2017-11-02 00:00:00+09:00,2543.333251953125,2543.333251953125,2543.333251953125,2543.333251953125,6,0.0,0.0,0.0
2017-11-03 00:00:00+09:00,2923.333251953125,2923.333251953125,2923.333251953125,2923.333251953125,3,0.0,0.0,0.0
2017-11-06 00:00:00+09:00,3350.0,3350.0,3350.0,3350.0,3,0.0,0.0,0.0
2017-11-07 00:00:00+09:00,3350.0,3350.0,3350.0,3350.0,0,0.0,0.0,0.0
2017-11-08 00:00:00+09:00,3850.0,3850.0,3850.0,3850.0,3,0.0,0.0,0.0
2017-11-09 00:00:00+09:00,4416.66650390625,4416.66650390625,4416.66650390625,4416.66650390625,3,0.0,0.0,0.0
2017-11-10 00:00:00+09:00,5066.66650390625,5066.66650390625,3766.666748046875,3766.666748046875,33,0.0,0.0,0.0
2017-11-13 00:00:00+09:00,4316.66650390625,4316.66650390625,4316.66650390625,4316.66650390625,3,0.0,0.0,0.0
2017-11-14 00:00:00+09:00,4950.0,4950.0,4950.0,4950.0,3,0.0,0.0,0.0
2017-11-15 00:00:00+09:00,5683.33349609375,5683.33349609375,5683.33349609375,5683.33349609375,3,0.0,0.0,0.0
2017-11-16 00:00:00+09:00,5683.33349609375,5683.33349609375,5683.33349609375,5683.33349609375,0,0.0,0.0,0.0
2017-11-17 00:00:00+09:00,6533.33349609375,6533.33349609375,6533.33349609375,6533.33349609375,3,0.0,0.0,0.0
2017-11-20 00:00:00+09:00,7500.0,7500.0,7500.0,7500.0,3,0.0,0.0,0.0
2017-11-21 00:00:00+09:00,7500.0,7500.0,7500.0,7500.0,0,0.0,0.0,0.0
2017-11-22 00:00:00+09:00,7500.0,7500.0,7500.0,7500.0,0,0.0,0.0,0.0
2017-11-23 00:00:00+09:00,7500.0,7500.0,7500.0,7500.0,0,0.0,0.0,0.0
2017-11-24 00:00:00+09:00,7500.0,7500.0,7500.0,7500.0,0,0.0,0.0,0.0
2017-11-27 00:00:00+09:00,7500.0,7500.0,7500.0,7500.0,0,0.0,0.0,0.0
2017-11-28 00:00:00+09:00,7500.0,7500.0,7500.0,7500.0,0,0.0,0.0,0.0
2017-11-29 00:00:00+09:00,7500.0,7500.0,7500.0,7500.0,0,0.0,0.0,0.0
2017-11-30 00:00:00+09:00,7500.0,7500.0,7500.0,7500.0,0,0.0,0.0,0.0
2017-12-01 00:00:00+09:00,7500.0,7500.0,7500.0,7500.0,0,0.0,0.0,0.0
2017-12-04 00:00:00+09:00,7500.0,7500.0,7500.0,7500.0,0,0.0,0.0,0.0
2017-12-05 00:00:00+09:00,7500.0,7500.0,7500.0,7500.0,0,0.0,0.0,0.0
2017-12-06 00:00:00+09:00,7500.0,7500.0,7500.0,7500.0,0,0.0,0.0,0.0
2017-12-07 00:00:00+09:00,7500.0,7500.0,7500.0,7500.0,0,0.0,0.0,0.0
2017-12-08 00:00:00+09:00,7500.0,7500.0,7500.0,7500.0,0,0.0,0.0,0.0
2017-12-11 00:00:00+09:00,7500.0,7500.0,7500.0,7500.0,0,0.0,0.0,0.0
2017-12-12 00:00:00+09:00,7500.0,7500.0,7500.0,7500.0,0,0.0,0.0,0.0
2017-12-13 00:00:00+09:00,7500.0,7500.0,7500.0,7500.0,0,0.0,0.0,0.0
2017-12-14 00:00:00+09:00,7500.0,7500.0,7500.0,7500.0,0,0.0,0.0,0.0
2017-12-15 00:00:00+09:00,7500.0,7500.0,7500.0,7500.0,0,0.0,0.0,0.0
2017-12-18 00:00:00+09:00,7500.0,7500.0,7500.0,7500.0,0,0.0,0.0,0.0
2017-12-19 00:00:00+09:00,7500.0,7500.0,7500.0,7500.0,0,0.0,0.0,0.0
2017-12-21 00:00:00+09:00,7500.0,7500.0,7500.0,7500.0,0,0.0,0.0,0.0
2017-12-22 00:00:00+09:00,7500.0,7500.0,7500.0,7500.0,0,0.0,0.0,0.0
2017-12-26 00:00:00+09:00,7500.0,7500.0,7500.0,7500.0,0,0.0,0.0,0.0
2017-12-27 00:00:00+09:00,7500.0,7500.0,7500.0,7500.0,0,0.0,0.0,0.0
2017-12-28 00:00:00+09:00,1200.0,1200.0,1200.0,1200.0,30,0.0,0.0,0.0
2018-01-02 00:00:00+09:00,1200.0,1200.0,1200.0,1200.0,0,0.0,0.0,0.0
2018-01-03 00:00:00+09:00,1200.0,1200.0,1200.0,1200.0,0,0.0,0.0,0.0
2018-01-04 00:00:00+09:00,1200.0,1200.0,1200.0,1200.0,0,0.0,0.0,0.0
2018-01-05 00:00:00+09:00,1200.0,1200.0,1200.0,1200.0,0,0.0,0.0,0.0
2018-01-08 00:00:00+09:00,1200.0,1200.0,1200.0,1200.0,0,0.0,0.0,0.0
2018-01-09 00:00:00+09:00,1200.0,1200.0,1200.0,1200.0,0,0.0,0.0,0.0
2018-01-10 00:00:00+09:00,1200.0,1200.0,1200.0,1200.0,0,0.0,0.0,0.0
2018-01-11 00:00:00+09:00,1200.0,1200.0,1200.0,1200.0,0,0.0,0.0,0.0
2018-01-12 00:00:00+09:00,1200.0,1200.0,1200.0,1200.0,0,0.0,0.0,0.0
2018-01-15 00:00:00+09:00,1200.0,1200.0,1200.0,1200.0,0,0.0,0.0,0.0
2018-01-16 00:00:00+09:00,1200.0,1200.0,1200.0,1200.0,0,0.0,0.0,0.0
2018-01-17 00:00:00+09:00,1200.0,1200.0,1200.0,1200.0,0,0.0,0.0,0.0
2018-01-18 00:00:00+09:00,1200.0,1200.0,1200.0,1200.0,0,0.0,0.0,0.0
2018-01-19 00:00:00+09:00,1200.0,1200.0,1200.0,1200.0,0,0.0,0.0,0.0
2018-01-22 00:00:00+09:00,1200.0,1200.0,1200.0,1200.0,0,0.0,0.0,0.0
2018-01-23 00:00:00+09:00,1200.0,1200.0,1200.0,1200.0,0,0.0,0.0,0.0
2018-01-24 00:00:00+09:00,1200.0,1200.0,1200.0,1200.0,0,0.0,0.0,0.0
2018-01-25 00:00:00+09:00,1200.0,1200.0,1200.0,1200.0,0,0.0,0.0,0.0
2018-01-26 00:00:00+09:00,1200.0,1200.0,1200.0,1200.0,0,0.0,0.0,0.0
2018-01-29 00:00:00+09:00,1200.0,1200.0,1200.0,1200.0,0,0.0,0.0,0.0
2018-01-30 00:00:00+09:00,1200.0,1200.0,1200.0,1200.0,0,0.0,0.0,0.0
2018-01-31 00:00:00+09:00,1200.0,1200.0,1200.0,1200.0,0,0.0,0.0,0.0
2018-02-01 00:00:00+09:00,1200.0,1200.0,1200.0,1200.0,0,0.0,0.0,0.0
2018-02-02 00:00:00+09:00,1200.0,1200.0,1200.0,1200.0,0,0.0,0.0,0.0
2018-02-05 00:00:00+09:00,1200.0,1200.0,1200.0,1200.0,0,0.0,0.0,0.0
2018-02-06 00:00:00+09:00,1200.0,1200.0,1200.0,1200.0,0,0.0,0.0,0.0
2018-02-07 00:00:00+09:00,1200.0,1200.0,1200.0,1200.0,0,0.0,0.0,0.0
2018-02-08 00:00:00+09:00,1200.0,1200.0,1200.0,1200.0,0,0.0,0.0,0.0
2018-02-09 00:00:00+09:00,1200.0,1200.0,1200.0,1200.0,0,0.0,0.0,0.0
2018-02-12 00:00:00+09:00,1200.0,1200.0,1200.0,1200.0,0,0.0,0.0,0.0
2018-02-13 00:00:00+09:00,1200.0,1200.0,1200.0,1200.0,0,0.0,0.0,0.0
2018-02-14 00:00:00+09:00,1200.0,1200.0,1200.0,1200.0,0,0.0,0.0,0.0
2018-02-19 00:00:00+09:00,1200.0,1200.0,1200.0,1200.0,0,0.0,0.0,0.0
2018-02-20 00:00:00+09:00,1200.0,1200.0,1200.0,1200.0,0,0.0,0.0,0.0
2018-02-21 00:00:00+09:00,1200.0,1200.0,1200.0,1200.0,0,0.0,0.0,0.0
2018-02-22 00:00:00+09:00,1200.0,1200.0,1200.0,1200.0,0,0.0,0.0,0.0
2018-02-23 00:00:00+09:00,1200.0,1200.0,1200.0,1200.0,0,0.0,0.0,0.0
2018-02-26 00:00:00+09:00,1200.0,1200.0,1200.0,1200.0,0,0.0,0.0,0.0
2018-02-27 00:00:00+09:00,1200.0,1200.0,1200.0,1200.0,0,0.0,0.0,0.0
2018-02-28 00:00:00+09:00,1200.0,1200.0,1200.0,1200.0,0,0.0,0.0,0.0
2018-03-02 00:00:00+09:00,1200.0,1200.0,1200.0,1200.0,0,0.0,0.0,0.0
2018-03-05 00:00:00+09:00,1200.0,1200.0,1200.0,1200.0,0,0.0,0.0,0.0
2018-03-06 00:00:00+09:00,1200.0,1200.0,1200.0,1200.0,0,0.0,0.0,0.0
2018-03-07 00:00:00+09:00,1200.0,1200.0,1200.0,1200.0,0,0.0,0.0,0.0
2018-03-08 00:00:00+09:00,1200.0,1200.0,1200.0,1200.0,0,0.0,0.0,0.0
2018-03-09 00:00:00+09:00,1200.0,1200.0,1200.0,1200.0,0,0.0,0.0,0.0
2018-03-12 00:00:00+09:00,1200.0,1200.0,1200.0,1200.0,0,0.0,0.0,0.0
2018-03-13 00:00:00+09:00,1200.0,1200.0,1200.0,1200.0,0,0.0,0.0,0.0
2018-03-14 00:00:00+09:00,1200.0,1200.0,1200.0,1200.0,0,0.0,0.0,0.0
2018-03-15 00:00:00+09:00,1200.0,1200.0,1200.0,1200.0,0,0.0,0.0,0.0
2018-03-16 00:00:00+09:00,1200.0,1200.0,1200.0,1200.0,0,0.0,0.0,0.0
2018-03-19 00:00:00+09:00,1200.0,1200.0,1200.0,1200.0,0,0.0,0.0,0.0
2018-03-20 00:00:00+09:00,1200.0,1200.0,1200.0,1200.0,0,0.0,0.0,0.0
2018-03-21 00:00:00+09:00,1200.0,1200.0,1200.0,1200.0,0,0.0,0.0,0.0
2018-03-22 00:00:00+09:00,1200.0,1200.0,1200.0,1200.0,0,0.0,0.0,0.0
2018-03-23 00:00:00+09:00,1200.0,1200.0,1200.0,1200.0,0,0.0,0.0,0.0
2018-03-26 00:00:00+09:00,1200.0,1200.0,1200.0,1200.0,0,0.0,0.0,0.0
2018-03-27 00:00:00+09:00,1200.0,1200.0,1200.0,1200.0,0,0.0,0.0,0.0
2018-03-28 00:00:00+09:00,1266.6666259765625,1266.6666259765625,1266.6666259765625,1266.6666259765625,12,0.0,0.0,0.0
2018-03-29 00:00:00+09:00,1266.6666259765625,1266.6666259765625,1266.6666259765625,1266.6666259765625,0,0.0,0.0,0.0
2018-03-30 00:00:00+09:00,1266.6666259765625,1266.6666259765625,1266.6666259765625,1266.6666259765625,0,0.0,0.0,0.0
2018-04-02 00:00:00+09:00,1266.6666259765625,1266.6666259765625,1266.6666259765625,1266.6666259765625,0,0.0,0.0,0.0
2018-04-03 00:00:00+09:00,1266.6666259765625,1266.6666259765625,1266.6666259765625,1266.6666259765625,0,0.0,0.0,0.0
2018-04-04 00:00:00+09:00,1266.6666259765625,1266.6666259765625,1266.6666259765625,1266.6666259765625,0,0.0,0.0,0.0
2018-04-05 00:00:00+09:00,1266.6666259765625,1266.6666259765625,1266.6666259765625,1266.6666259765625,0,0.0,0.0,0.0
2018-04-06 00:00:00+09:00,1266.6666259765625,1266.6666259765625,1266.6666259765625,1266.6666259765625,0,0.0,0.0,0.0
2018-04-09 00:00:00+09:00,1266.6666259765625,1266.6666259765625,1266.6666259765625,1266.6666259765625,0,0.0,0.0,0.0
2018-04-10 00:00:00+09:00,1266.6666259765625,1266.6666259765625,1266.6666259765625,1266.6666259765625,0,0.0,0.0,0.0
2018-04-11 00:00:00+09:00,1266.6666259765625,1266.6666259765625,1266.6666259765625,1266.6666259765625,0,0.0,0.0,0.0
2018-04-12 00:00:00+09:00,1266.6666259765625,1266.6666259765625,1266.6666259765625,1266.6666259765625,0,0.0,0.0,0.0
2018-04-13 00:00:00+09:00,1266.6666259765625,1266.6666259765625,1266.6666259765625,1266.6666259765625,0,0.0,0.0,0.0
2018-04-16 00:00:00+09:00,1266.6666259765625,1266.6666259765625,1266.6666259765625,1266.6666259765625,0,0.0,0.0,0.0
2018-04-17 00:00:00+09:00,1266.6666259765625,1266.6666259765625,1266.6666259765625,1266.6666259765625,0,0.0,0.0,0.0
2018-04-18 00:00:00+09:00,1266.6666259765625,1266.6666259765625,1266.6666259765625,1266.6666259765625,0,0.0,0.0,0.0
2018-04-19 00:00:00+09:00,1266.6666259765625,1266.6666259765625,1266.6666259765625,1266.6666259765625,0,0.0,0.0,0.0
2018-04-20 00:00:00+09:00,1266.6666259765625,1266.6666259765625,1266.6666259765625,1266.6666259765625,0,0.0,0.0,0.0
2018-04-23 00:00:00+09:00,1266.6666259765625,1266.6666259765625,1266.6666259765625,1266.6666259765625,0,0.0,0.0,0.0
2018-04-24 00:00:00+09:00,1266.6666259765625,1266.6666259765625,1266.6666259765625,1266.6666259765625,0,0.0,0.0,0.0
2018-04-25 00:00:00+09:00,1266.6666259765625,1266.6666259765625,1266.6666259765625,1266.6666259765625,0,0.0,0.0,0.0
2018-04-26 00:00:00+09:00,1648.3333740234375,1648.3333740234375,1648.3333740234375,1648.3333740234375,15,0.0,0.0,0.0
2018-04-27 00:00:00+09:00,1648.3333740234375,1648.3333740234375,1648.3333740234375,1648.3333740234375,0,0.0,0.0,0.0
2018-04-30 00:00:00+09:00,1648.3333740234375,1648.3333740234375,1648.3333740234375,1648.3333740234375,0,0.0,0.0,0.0
2018-05-02 00:00:00+09:00,1648.3333740234375,1648.3333740234375,1648.3333740234375,1648.3333740234375,0,0.0,0.0,0.0
2018-05-03 00:00:00+09:00,1648.3333740234375,1648.3333740234375,1648.3333740234375,1648.3333740234375,0,0.0,0.0,0.0
2018-05-04 00:00:00+09:00,1648.3333740234375,1648.3333740234375,1648.3333740234375,1648.3333740234375,0,0.0,0.0,0.0
2018-05-08 00:00:00+09:00,1648.3333740234375,1648.3333740234375,1648.3333740234375,1648.3333740234375,0,0.0,0.0,0.0
2018-05-09 00:00:00+09:00,1648.3333740234375,1648.3333740234375,1648.3333740234375,1648.3333740234375,0,0.0,0.0,0.0
2018-05-10 00:00:00+09:00,1648.3333740234375,1648.3333740234375,1648.3333740234375,1648.3333740234375,0,0.0,0.0,0.0
2018-05-11 00:00:00+09:00,1648.3333740234375,1648.3333740234375,1648.3333740234375,1648.3333740234375,0,0.0,0.0,0.0
2018-05-14 00:00:00+09:00,1648.3333740234375,1648.3333740234375,1648.3333740234375,1648.3333740234375,0,0.0,0.0,0.0
2018-05-15 00:00:00+09:00,1648.3333740234375,1648.3333740234375,1648.3333740234375,1648.3333740234375,0,0.0,0.0,0.0
2018-05-16 00:00:00+09:00,1600.0,1600.0,1600.0,1600.0,30,0.0,0.0,0.0
2018-05-17 00:00:00+09:00,1645.0,1645.0,1645.0,1645.0,30,0.0,0.0,0.0
2018-05-18 00:00:00+09:00,1645.0,1645.0,1645.0,1645.0,0,0.0,0.0,0.0
2018-05-21 00:00:00+09:00,1645.0,1645.0,1645.0,1645.0,0,0.0,0.0,0.0
2018-05-23 00:00:00+09:00,1645.0,1645.0,1645.0,1645.0,0,0.0,0.0,0.0
2018-05-24 00:00:00+09:00,1645.0,1645.0,1645.0,1645.0,0,0.0,0.0,0.0
2018-05-25 00:00:00+09:00,1645.0,1645.0,1645.0,1645.0,0,0.0,0.0,0.0
2018-05-28 00:00:00+09:00,1645.0,1645.0,1645.0,1645.0,0,0.0,0.0,0.0
2018-05-29 00:00:00+09:00,1645.0,1645.0,1645.0,1645.0,0,0.0,0.0,0.0
2018-05-30 00:00:00+09:00,1645.0,1645.0,1645.0,1645.0,0,0.0,0.0,0.0
2018-05-31 00:00:00+09:00,1645.0,1645.0,1645.0,1645.0,0,0.0,0.0,0.0
2018-06-01 00:00:00+09:00,1645.0,1645.0,1645.0,1645.0,0,0.0,0.0,0.0
2018-06-04 00:00:00+09:00,1645.0,1645.0,1645.0,1645.0,0,0.0,0.0,0.0
2018-06-05 00:00:00+09:00,1645.0,1645.0,1645.0,1645.0,0,0.0,0.0,0.0
2018-06-07 00:00:00+09:00,1645.0,1645.0,1645.0,1645.0,0,0.0,0.0,0.0
2018-06-08 00:00:00+09:00,1645.0,1645.0,1645.0,1645.0,0,0.0,0.0,0.0
2018-06-11 00:00:00+09:00,1645.0,1645.0,1645.0,1645.0,0,0.0,0.0,0.0
2018-06-12 00:00:00+09:00,1645.0,1645.0,1645.0,1645.0,0,0.0,0.0,0.0
2018-06-14 00:00:00+09:00,1645.0,1645.0,1645.0,1645.0,0,0.0,0.0,0.0
2018-06-15 00:00:00+09:00,1645.0,1645.0,1645.0,1645.0,0,0.0,0.0,0.0
2018-06-18 00:00:00+09:00,1645.0,1645.0,1645.0,1645.0,0,0.0,0.0,0.0
2018-06-19 00:00:00+09:00,1645.0,1645.0,1645.0,1645.0,0,0.0,0.0,0.0
2018-06-20 00:00:00+09:00,1645.0,1645.0,1645.0,1645.0,0,0.0,0.0,0.0
2018-06-21 00:00:00+09:00,1645.0,1645.0,1645.0,1645.0,0,0.0,0.0,0.0
2018-06-22 00:00:00+09:00,1645.0,1645.0,1645.0,1645.0,0,0.0,0.0,0.0
2018-06-25 00:00:00+09:00,1645.0,1645.0,1645.0,1645.0,0,0.0,0.0,0.0
2018-06-26 00:00:00+09:00,1645.0,1645.0,1645.0,1645.0,0,0.0,0.0,0.0
2018-06-27 00:00:00+09:00,1645.0,1645.0,1645.0,1645.0,0,0.0,0.0,0.0
2018-06-28 00:00:00+09:00,1645.0,1645.0,1645.0,1645.0,0,0.0,0.0,0.0
2018-06-29 00:00:00+09:00,1645.0,1645.0,1645.0,1645.0,0,0.0,0.0,0.0
2018-07-02 00:00:00+09:00,1645.0,1645.0,1645.0,1645.0,0,0.0,0.0,0.0
2018-07-03 00:00:00+09:00,3173.333251953125,3173.333251953125,3173.333251953125,3173.333251953125,600,0.0,0.0,0.0
2018-07-04 00:00:00+09:00,3173.333251953125,3173.333251953125,3173.333251953125,3173.333251953125,0,0.0,0.0,0.0
2018-07-05 00:00:00+09:00,3080.0,3080.0,3080.0,3080.0,450,0.0,0.0,0.0
2018-07-06 00:00:00+09:00,3080.0,3080.0,3080.0,3080.0,0,0.0,0.0,0.0
2018-07-09 00:00:00+09:00,3080.0,3080.0,3080.0,3080.0,0,0.0,0.0,0.0
2018-07-10 00:00:00+09:00,3080.0,3080.0,3080.0,3080.0,0,0.0,0.0,0.0
2018-07-11 00:00:00+09:00,3080.0,3080.0,3080.0,3080.0,0,0.0,0.0,0.0
2018-07-12 00:00:00+09:00,3080.0,3080.0,3080.0,3080.0,0,0.0,0.0,0.0
2018-07-13 00:00:00+09:00,3166.666748046875,3166.666748046875,3166.666748046875,3166.666748046875,600,0.0,0.0,0.0
2018-07-16 00:00:00+09:00,3166.666748046875,3166.666748046875,3166.666748046875,3166.666748046875,0,0.0,0.0,0.0
2018-07-17 00:00:00+09:00,3256.666748046875,3256.666748046875,3256.666748046875,3256.666748046875,30,0.0,0.0,0.0
2018-07-18 00:00:00+09:00,3256.666748046875,3256.666748046875,3256.666748046875,3256.666748046875,0,0.0,0.0,0.0
2018-07-19 00:00:00+09:00,3256.666748046875,3256.666748046875,3256.666748046875,3256.666748046875,0,0.0,0.0,0.0
2018-07-20 00:00:00+09:00,3256.666748046875,3256.666748046875,3256.666748046875,3256.666748046875,0,0.0,0.0,0.0
2018-07-23 00:00:00+09:00,3256.666748046875,3256.666748046875,3256.666748046875,3256.666748046875,0,0.0,0.0,0.0
2018-07-24 00:00:00+09:00,3256.666748046875,3256.666748046875,3256.666748046875,3256.666748046875,0,0.0,0.0,0.0
2018-07-25 00:00:00+09:00,3256.666748046875,3256.666748046875,3256.666748046875,3256.666748046875,0,0.0,0.0,0.0
2018-07-26 00:00:00+09:00,3256.666748046875,3256.666748046875,3256.666748046875,3256.666748046875,0,0.0,0.0,0.0
2018-07-27 00:00:00+09:00,3256.666748046875,3256.666748046875,3256.666748046875,3256.666748046875,0,0.0,0.0,0.0
2018-07-30 00:00:00+09:00,3256.666748046875,3256.666748046875,3256.666748046875,3256.666748046875,0,0.0,0.0,0.0
2018-07-31 00:00:00+09:00,3256.666748046875,3256.666748046875,3256.666748046875,3256.666748046875,0,0.0,0.0,0.0
2018-08-01 00:00:00+09:00,3256.666748046875,3256.666748046875,3256.666748046875,3256.666748046875,0,0.0,0.0,0.0
2018-08-02 00:00:00+09:00,3256.666748046875,3256.666748046875,3256.666748046875,3256.666748046875,0,0.0,0.0,0.0
2018-08-03 00:00:00+09:00,3256.666748046875,3256.666748046875,3256.666748046875,3256.666748046875,0,0.0,0.0,0.0
2018-08-06 00:00:00+09:00,3256.666748046875,3256.666748046875,3256.666748046875,3256.666748046875,0,0.0,0.0,0.0
2018-08-07 00:00:00+09:00,3256.666748046875,3256.666748046875,3256.666748046875,3256.666748046875,0,0.0,0.0,0.0
2018-08-08 00:00:00+09:00,3256.666748046875,3256.666748046875,3256.666748046875,3256.666748046875,0,0.0,0.0,0.0
2018-08-09 00:00:00+09:00,3256.666748046875,3256.666748046875,3256.666748046875,3256.666748046875,0,0.0,0.0,0.0
2018-08-10 00:00:00+09:00,3256.666748046875,3256.666748046875,3256.666748046875,3256.666748046875,0,0.0,0.0,0.0
2018-08-13 00:00:00+09:00,3256.666748046875,3256.666748046875,3256.666748046875,3256.666748046875,0,0.0,0.0,0.0
2018-08-14 00:00:00+09:00,3256.666748046875,3256.666748046875,3256.666748046875,3256.666748046875,0,0.0,0.0,0.0
2018-08-16 00:00:00+09:00,3256.666748046875,3256.666748046875,3256.666748046875,3256.666748046875,0,0.0,0.0,0.0
2018-08-17 00:00:00+09:00,3256.666748046875,3256.666748046875,3256.666748046875,3256.666748046875,0,0.0,0.0,0.0
2018-08-20 00:00:00+09:00,3256.666748046875,3256.666748046875,3256.666748046875,3256.666748046875,0,0.0,0.0,0.0
2018-08-21 00:00:00+09:00,3256.666748046875,3256.666748046875,3256.666748046875,3256.666748046875,0,0.0,0.0,0.0
2018-08-22 00:00:00+09:00,3256.666748046875,3256.666748046875,3256.666748046875,3256.666748046875,0,0.0,0.0,0.0
2018-08-23 00:00:00+09:00,3256.666748046875,3256.666748046875,3256.666748046875,3256.666748046875,0,0.0,0.0,0.0
2018-08-24 00:00:00+09:00,3256.666748046875,3256.666748046875,3256.666748046875,3256.666748046875,0,0.0,0.0,0.0
2018-08-27 00:00:00+09:00,3256.666748046875,3256.666748046875,3256.666748046875,3256.666748046875,0,0.0,0.0,0.0
2018-08-28 00:00:00+09:00,3256.666748046875,3256.666748046875,3256.666748046875,3256.666748046875,0,0.0,0.0,0.0
2018-08-29 00:00:00+09:00,3256.666748046875,3256.666748046875,3256.666748046875,3256.666748046875,0,0.0,0.0,0.0
2018-08-30 00:00:00+09:00,3256.666748046875,3256.666748046875,3256.666748046875,3256.666748046875,0,0.0,0.0,0.0
2018-08-31 00:00:00+09:00,3256.666748046875,3256.666748046875,3256.666748046875,3256.666748046875,0,0.0,0.0,0.0
2018-09-03 00:00:00+09:00,3256.666748046875,3256.666748046875,3256.666748046875,3256.666748046875,0,0.0,0.0,0.0
2018-09-04 00:00:00+09:00,3256.666748046875,3256.666748046875,3256.666748046875,3256.666748046875,0,0.0,0.0,0.0
2018-09-05 00:00:00+09:00,3256.666748046875,3256.666748046875,3256.666748046875,3256.666748046875,0,0.0,0.0,0.0
2018-09-06 00:00:00+09:00,3256.666748046875,3256.666748046875,3256.666748046875,3256.666748046875,0,0.0,0.0,0.0
2018-09-07 00:00:00+09:00,3256.666748046875,3256.666748046875,3256.666748046875,3256.666748046875,0,0.0,0.0,0.0
2018-09-10 00:00:00+09:00,3256.666748046875,3256.666748046875,3256.666748046875,3256.666748046875,0,0.0,0.0,0.0
2018-09-11 00:00:00+09:00,3256.666748046875,3256.666748046875,3256.666748046875,3256.666748046875,0,0.0,0.0,0.0
2018-09-12 00:00:00+09:00,3256.666748046875,3256.666748046875,3256.666748046875,3256.666748046875,0,0.0,0.0,0.0
2018-09-13 00:00:00+09:00,3256.666748046875,3256.666748046875,3256.666748046875,3256.666748046875,0,0.0,0.0,0.0
2018-09-14 00:00:00+09:00,3256.666748046875,3256.666748046875,3256.666748046875,3256.666748046875,0,0.0,0.0,0.0
2018-09-17 00:00:00+09:00,3256.666748046875,3256.666748046875,3256.666748046875,3256.666748046875,0,0.0,0.0,0.0
2018-09-18 00:00:00+09:00,3256.666748046875,3256.666748046875,3256.666748046875,3256.666748046875,0,0.0,0.0,0.0
2018-09-19 00:00:00+09:00,3256.666748046875,3256.666748046875,3256.666748046875,3256.666748046875,0,0.0,0.0,0.0
2018-09-20 00:00:00+09:00,3256.666748046875,3256.666748046875,3256.666748046875,3256.666748046875,0,0.0,0.0,0.0
2018-09-21 00:00:00+09:00,3256.666748046875,3256.666748046875,3256.666748046875,3256.666748046875,0,0.0,0.0,0.0
2018-09-27 00:00:00+09:00,3256.666748046875,3256.666748046875,3256.666748046875,3256.666748046875,0,0.0,0.0,0.0
2018-09-28 00:00:00+09:00,3256.666748046875,3256.666748046875,3256.666748046875,3256.666748046875,0,0.0,0.0,0.0
2018-10-01 00:00:00+09:00,3256.666748046875,3256.666748046875,3256.666748046875,3256.666748046875,0,0.0,0.0,0.0
2018-10-02 00:00:00+09:00,3256.666748046875,3256.666748046875,3256.666748046875,3256.666748046875,0,0.0,0.0,0.0
2018-10-04 00:00:00+09:00,3256.666748046875,3256.666748046875,3256.666748046875,3256.666748046875,0,0.0,0.0,0.0
2018-10-05 00:00:00+09:00,3256.666748046875,3256.666748046875,3256.666748046875,3256.666748046875,0,0.0,0.0,0.0
2018-10-08 00:00:00+09:00,3163.333251953125,3163.333251953125,3163.333251953125,3163.333251953125,600,0.0,0.0,0.0
2018-10-10 00:00:00+09:00,3163.333251953125,3163.333251953125,3163.333251953125,3163.333251953125,0,0.0,0.0,0.0
2018-10-11 00:00:00+09:00,3163.333251953125,3163.333251953125,3163.333251953125,3163.333251953125,0,0.0,0.0,0.0
2018-10-12 00:00:00+09:00,3163.333251953125,3163.333251953125,3163.333251953125,3163.333251953125,0,0.0,0.0,0.0
2018-10-15 00:00:00+09:00,3073.333251953125,3073.333251953125,3073.333251953125,3073.333251953125,600,0.0,0.0,0.0
2018-10-16 00:00:00+09:00,3073.333251953125,3073.333251953125,3073.333251953125,3073.333251953125,0,0.0,0.0,0.0
2018-10-17 00:00:00+09:00,3073.333251953125,3073.333251953125,3073.333251953125,3073.333251953125,0,0.0,0.0,0.0
2018-10-18 00:00:00+09:00,3073.333251953125,3073.333251953125,3073.333251953125,3073.333251953125,0,0.0,0.0,0.0
2018-10-19 00:00:00+09:00,3073.333251953125,3073.333251953125,3073.333251953125,3073.333251953125,0,0.0,0.0,0.0
2018-10-22 00:00:00+09:00,3073.333251953125,3073.333251953125,3073.333251953125,3073.333251953125,0,0.0,0.0,0.0
2018-10-23 00:00:00+09:00,3073.333251953125,3073.333251953125,3073.333251953125,3073.333251953125,0,0.0,0.0,0.0
2018-10-24 00:00:00+09:00,3073.333251953125,3073.333251953125,3073.333251953125,3073.333251953125,0,0.0,0.0,0.0
2018-10-25 00:00:00+09:00,2983.333251953125,2983.333251953125,2983.333251953125,2983.333251953125,30,0.0,0.0,0.0
2018-10-26 00:00:00+09:00,2983.333251953125,2983.333251953125,2983.333251953125,2983.333251953125,0,0.0,0.0,0.0
2018-10-29 00:00:00+09:00,2983.333251953125,2983.333251953125,2983.333251953125,2983.333251953125,0,0.0,0.0,0.0
2018-10-30 00:00:00+09:00,2983.333251953125,2983.333251953125,2983.333251953125,2983.333251953125,0,0.0,0.0,0.0
2018-10-31 00:00:00+09:00,2983.333251953125,2983.333251953125,2983.333251953125,2983.333251953125,0,0.0,0.0,0.0
2018-11-01 00:00:00+09:00,2983.333251953125,2983.333251953125,2983.333251953125,2983.333251953125,0,0.0,0.0,0.0
2018-11-02 00:00:00+09:00,2983.333251953125,2983.333251953125,2983.333251953125,2983.333251953125,0,0.0,0.0,0.0
2018-11-05 00:00:00+09:00,2983.333251953125,2983.333251953125,2983.333251953125,2983.333251953125,0,0.0,0.0,0.0
2018-11-06 00:00:00+09:00,3166.666748046875,3166.666748046875,3166.666748046875,3166.666748046875,600,0.0,0.0,0.0
2018-11-07 00:00:00+09:00,3166.666748046875,3166.666748046875,3166.666748046875,3166.666748046875,0,0.0,0.0,0.0
2018-11-08 00:00:00+09:00,3166.666748046875,3166.666748046875,3166.666748046875,3166.666748046875,0,0.0,0.0,0.0
2018-11-09 00:00:00+09:00,3066.666748046875,3066.666748046875,3066.666748046875,3066.666748046875,600,0.0,0.0,0.0
2018-11-12 00:00:00+09:00,3066.666748046875,3066.666748046875,3066.666748046875,3066.666748046875,0,0.0,0.0,0.0
2018-11-13 00:00:00+09:00,3066.666748046875,3066.666748046875,3066.666748046875,3066.666748046875,0,0.0,0.0,0.0
2018-11-14 00:00:00+09:00,3066.666748046875,3066.666748046875,3066.666748046875,3066.666748046875,0,0.0,0.0,0.0
2018-11-15 00:00:00+09:00,3066.666748046875,3066.666748046875,3066.666748046875,3066.666748046875,0,0.0,0.0,0.0
2018-11-16 00:00:00+09:00,3066.666748046875,3066.666748046875,3066.666748046875,3066.666748046875,0,0.0,0.0,0.0
2018-11-19 00:00:00+09:00,3066.666748046875,3066.666748046875,3066.666748046875,3066.666748046875,0,0.0,0.0,0.0
2018-11-20 00:00:00+09:00,3066.666748046875,3066.666748046875,3066.666748046875,3066.666748046875,0,0.0,0.0,0.0
2018-11-21 00:00:00+09:00,3066.666748046875,3066.666748046875,3066.666748046875,3066.666748046875,0,0.0,0.0,0.0
2018-11-22 00:00:00+09:00,3066.666748046875,3066.666748046875,3066.666748046875,3066.666748046875,0,0.0,0.0,0.0
2018-11-23 00:00:00+09:00,3066.666748046875,3066.666748046875,3066.666748046875,3066.666748046875,0,0.0,0.0,0.0
2018-11-26 00:00:00+09:00,3066.666748046875,3066.666748046875,3066.666748046875,3066.666748046875,0,0.0,0.0,0.0
2018-11-27 00:00:00+09:00,3066.666748046875,3066.666748046875,3066.666748046875,3066.666748046875,0,0.0,0.0,0.0
2018-11-28 00:00:00+09:00,3066.666748046875,3066.666748046875,3066.666748046875,3066.666748046875,0,0.0,0.0,0.0
2018-11-29 00:00:00+09:00,3066.666748046875,3066.666748046875,3066.666748046875,3066.666748046875,0,0.0,0.0,0.0
2018-11-30 00:00:00+09:00,3066.666748046875,3066.666748046875,3066.666748046875,3066.666748046875,0,0.0,0.0,0.0
2018-12-03 00:00:00+09:00,3066.666748046875,3066.666748046875,3066.666748046875,3066.666748046875,0,0.0,0.0,0.0
2018-12-04 00:00:00+09:00,3066.666748046875,3066.666748046875,3066.666748046875,3066.666748046875,0,0.0,0.0,0.0
2018-12-05 00:00:00+09:00,3066.666748046875,3066.666748046875,3066.666748046875,3066.666748046875,0,0.0,0.0,0.0
2018-12-06 00:00:00+09:00,3066.666748046875,3066.666748046875,3066.666748046875,3066.666748046875,0,0.0,0.0,0.0
2018-12-07 00:00:00+09:00,3066.666748046875,3066.666748046875,3066.666748046875,3066.666748046875,0,0.0,0.0,0.0
2018-12-10 00:00:00+09:00,3066.666748046875,3066.666748046875,3066.666748046875,3066.666748046875,0,0.0,0.0,0.0
2018-12-11 00:00:00+09:00,3066.666748046875,3066.666748046875,3066.666748046875,3066.666748046875,0,0.0,0.0,0.0
2018-12-12 00:00:00+09:00,3066.666748046875,3066.666748046875,3066.666748046875,3066.666748046875,0,0.0,0.0,0.0
2018-12-13 00:00:00+09:00,3066.666748046875,3066.666748046875,3066.666748046875,3066.666748046875,0,0.0,0.0,0.0
2018-12-14 00:00:00+09:00,3066.666748046875,3066.666748046875,3066.666748046875,3066.666748046875,0,0.0,0.0,0.0
2018-12-17 00:00:00+09:00,3066.666748046875,3066.666748046875,3066.666748046875,3066.666748046875,0,0.0,0.0,0.0
2018-12-18 00:00:00+09:00,3066.666748046875,3066.666748046875,3066.666748046875,3066.666748046875,0,0.0,0.0,0.0
2018-12-19 00:00:00+09:00,3066.666748046875,3066.666748046875,3066.666748046875,3066.666748046875,0,0.0,0.0,0.0
2018-12-20 00:00:00+09:00,3066.666748046875,3066.666748046875,3066.666748046875,3066.666748046875,0,0.0,0.0,0.0
2018-12-21 00:00:00+09:00,3066.666748046875,3066.666748046875,3066.666748046875,3066.666748046875,0,0.0,0.0,0.0
2018-12-24 00:00:00+09:00,3066.666748046875,3066.666748046875,3066.666748046875,3066.666748046875,0,0.0,0.0,0.0
2018-12-26 00:00:00+09:00,3066.666748046875,3066.666748046875,3066.666748046875,3066.666748046875,0,0.0,0.0,0.0
2018-12-27 00:00:00+09:00,3066.666748046875,3066.666748046875,3066.666748046875,3066.666748046875,0,0.0,0.0,0.0
2018-12-28 00:00:00+09:00,3066.666748046875,3066.666748046875,3066.666748046875,3066.666748046875,0,0.0,0.0,0.0
2019-01-02 00:00:00+09:00,3066.666748046875,3066.666748046875,3066.666748046875,3066.666748046875,0,0.0,0.0,0.0
2019-01-03 00:00:00+09:00,3066.666748046875,3066.666748046875,3066.666748046875,3066.666748046875,0,0.0,0.0,0.0
2019-01-04 00:00:00+09:00,2976.666748046875,2976.666748046875,2976.666748046875,2976.666748046875,600,0.0,0.0,0.0
2019-01-07 00:00:00+09:00,2976.666748046875,2976.666748046875,2976.666748046875,2976.666748046875,0,0.0,0.0,0.0
2019-01-08 00:00:00+09:00,2976.666748046875,2976.666748046875,2976.666748046875,2976.666748046875,0,0.0,0.0,0.0
2019-01-09 00:00:00+09:00,2976.666748046875,2976.666748046875,2976.666748046875,2976.666748046875,0,0.0,0.0,0.0
2019-01-10 00:00:00+09:00,2976.666748046875,2976.666748046875,2976.666748046875,2976.666748046875,0,0.0,0.0,0.0
2019-01-11 00:00:00+09:00,2890.0,2890.0,2890.0,2890.0,300,0.0,0.0,0.0
2019-01-14 00:00:00+09:00,2890.0,2890.0,2890.0,2890.0,0,0.0,0.0,0.0
2019-01-15 00:00:00+09:00,2890.0,2890.0,2890.0,2890.0,0,0.0,0.0,0.0
2019-01-16 00:00:00+09:00,2890.0,2890.0,2890.0,2890.0,0,0.0,0.0,0.0
2019-01-17 00:00:00+09:00,2890.0,2890.0,2890.0,2890.0,0,0.0,0.0,0.0
2019-01-18 00:00:00+09:00,2890.0,2890.0,2890.0,2890.0,0,0.0,0.0,0.0
2019-01-21 00:00:00+09:00,2890.0,2890.0,2890.0,2890.0,0,0.0,0.0,0.0
2019-01-22 00:00:00+09:00,2890.0,2890.0,2890.0,2890.0,0,0.0,0.0,0.0
2019-01-23 00:00:00+09:00,2890.0,2890.0,2890.0,2890.0,0,0.0,0.0,0.0
2019-01-24 00:00:00+09:00,2890.0,2890.0,2890.0,2890.0,0,0.0,0.0,0.0
2019-01-25 00:00:00+09:00,2890.0,2890.0,2890.0,2890.0,0,0.0,0.0,0.0
2019-01-28 00:00:00+09:00,2890.0,2890.0,2890.0,2890.0,0,0.0,0.0,0.0
2019-01-29 00:00:00+09:00,2890.0,2890.0,2890.0,2890.0,0,0.0,0.0,0.0
2019-01-30 00:00:00+09:00,2890.0,2890.0,2890.0,2890.0,0,0.0,0.0,0.0
2019-01-31 00:00:00+09:00,2890.0,2890.0,2890.0,2890.0,0,0.0,0.0,0.0
2019-02-01 00:00:00+09:00,2890.0,2890.0,2890.0,2890.0,0,0.0,0.0,0.0
2019-02-07 00:00:00+09:00,2890.0,2890.0,2890.0,2890.0,0,0.0,0.0,0.0
2019-02-08 00:00:00+09:00,2890.0,2890.0,2890.0,2890.0,0,0.0,0.0,0.0
2019-02-11 00:00:00+09:00,2890.0,2890.0,2890.0,2890.0,0,0.0,0.0,0.0
2019-02-12 00:00:00+09:00,2890.0,2890.0,2890.0,2890.0,0,0.0,0.0,0.0
2019-02-13 00:00:00+09:00,2890.0,2890.0,2890.0,2890.0,0,0.0,0.0,0.0
2019-02-14 00:00:00+09:00,2890.0,2890.0,2890.0,2890.0,0,0.0,0.0,0.0
2019-02-15 00:00:00+09:00,2890.0,2890.0,2890.0,2890.0,0,0.0,0.0,0.0
2019-02-18 00:00:00+09:00,2890.0,2890.0,2890.0,2890.0,0,0.0,0.0,0.0
2019-02-19 00:00:00+09:00,2890.0,2890.0,2890.0,2890.0,0,0.0,0.0,0.0
2019-02-20 00:00:00+09:00,2890.0,2890.0,2890.0,2890.0,0,0.0,0.0,0.0
2019-02-21 00:00:00+09:00,2890.0,2890.0,2890.0,2890.0,0,0.0,0.0,0.0
2019-02-22 00:00:00+09:00,2890.0,2890.0,2890.0,2890.0,0,0.0,0.0,0.0
2019-02-25 00:00:00+09:00,2890.0,2890.0,2890.0,2890.0,0,0.0,0.0,0.0
2019-02-26 00:00:00+09:00,2890.0,2890.0,2890.0,2890.0,0,0.0,0.0,0.0
2019-02-27 00:00:00+09:00,2890.0,2890.0,2890.0,2890.0,0,0.0,0.0,0.0
2019-02-28 00:00:00+09:00,2890.0,2890.0,2890.0,2890.0,0,0.0,0.0,0.0
2019-03-04 00:00:00+09:00,2890.0,2890.0,2890.0,2890.0,0,0.0,0.0,0.0
2019-03-05 00:00:00+09:00,2890.0,2890.0,2890.0,2890.0,0,0.0,0.0,0.0
2019-03-06 00:00:00+09:00,2633.333251953125,2633.333251953125,2633.333251953125,2633.333251953125,600,0.0,0.0,0.0
2019-03-07 00:00:00+09:00,2556.666748046875,2556.666748046875,2556.666748046875,2556.666748046875,30,0.0,0.0,0.0
2019-03-08 00:00:00+09:00,2556.666748046875,2556.666748046875,2556.666748046875,2556.666748046875,0,0.0,0.0,0.0
2019-03-11 00:00:00+09:00,2556.666748046875,2556.666748046875,2556.666748046875,2556.666748046875,0,0.0,0.0,0.0
2019-03-12 00:00:00+09:00,2556.666748046875,2556.666748046875,2556.666748046875,2556.666748046875,0,0.0,0.0,0.0
2019-03-13 00:00:00+09:00,2500.0,2500.0,2500.0,2500.0,600,0.0,0.0,0.0
2019-03-14 00:00:00+09:00,2426.666748046875,2426.666748046875,2426.666748046875,2426.666748046875,600,0.0,0.0,0.0
2019-03-15 00:00:00+09:00,2426.666748046875,2426.666748046875,2426.666748046875,2426.666748046875,0,0.0,0.0,0.0
2019-03-18 00:00:00+09:00,2356.666748046875,2356.666748046875,2356.666748046875,2356.666748046875,600,0.0,0.0,0.0
2019-03-19 00:00:00+09:00,2356.666748046875,2356.666748046875,2356.666748046875,2356.666748046875,0,0.0,0.0,0.0
2019-03-20 00:00:00+09:00,2356.666748046875,2356.666748046875,2356.666748046875,2356.666748046875,0,0.0,0.0,0.0
2019-03-21 00:00:00+09:00,2356.666748046875,2356.666748046875,2356.666748046875,2356.666748046875,0,0.0,0.0,0.0
2019-03-22 00:00:00+09:00,2356.666748046875,2356.666748046875,2356.666748046875,2356.666748046875,0,0.0,0.0,0.0
2019-03-25 00:00:00+09:00,2356.666748046875,2356.666748046875,2356.666748046875,2356.666748046875,0,0.0,0.0,0.0
2019-03-26 00:00:00+09:00,2333.333251953125,2333.333251953125,2333.333251953125,2333.333251953125,420,0.0,0.0,0.0
2019-03-27 00:00:00+09:00,2333.333251953125,2333.333251953125,2333.333251953125,2333.333251953125,0,0.0,0.0,0.0
2019-03-28 00:00:00+09:00,2333.333251953125,2333.333251953125,2333.333251953125,2333.333251953125,0,0.0,0.0,0.0
2019-03-29 00:00:00+09:00,2333.333251953125,2333.333251953125,2333.333251953125,2333.333251953125,0,0.0,0.0,0.0
2019-04-01 00:00:00+09:00,2263.333251953125,2263.333251953125,2263.333251953125,2263.333251953125,600,0.0,0.0,0.0
2019-04-02 00:00:00+09:00,2263.333251953125,2263.333251953125,2263.333251953125,2263.333251953125,0,0.0,0.0,0.0
2019-04-03 00:00:00+09:00,2200.0,2200.0,2200.0,2200.0,930,0.0,0.0,0.0
2019-04-04 00:00:00+09:00,2200.0,2200.0,2200.0,2200.0,0,0.0,0.0,0.0
2019-04-05 00:00:00+09:00,2200.0,2200.0,2200.0,2200.0,0,0.0,0.0,0.0
2019-04-08 00:00:00+09:00,2200.0,2200.0,2200.0,2200.0,0,0.0,0.0,0.0
2019-04-09 00:00:00+09:00,2200.0,2200.0,2200.0,2200.0,0,0.0,0.0,0.0
2019-04-10 00:00:00+09:00,2200.0,2200.0,2200.0,2200.0,0,0.0,0.0,0.0
2019-04-11 00:00:00+09:00,2200.0,2200.0,2200.0,2200.0,0,0.0,0.0,0.0
2019-04-12 00:00:00+09:00,2200.0,2200.0,2200.0,2200.0,0,0.0,0.0,0.0
2019-04-15 00:00:00+09:00,2200.0,2200.0,2200.0,2200.0,0,0.0,0.0,0.0
2019-04-16 00:00:00+09:00,2200.0,2200.0,2200.0,2200.0,0,0.0,0.0,0.0
2019-04-17 00:00:00+09:00,2200.0,2200.0,2200.0,2200.0,0,0.0,0.0,0.0
2019-04-18 00:00:00+09:00,2200.0,2200.0,2200.0,2200.0,0,0.0,0.0,0.0
2019-04-19 00:00:00+09:00,2133.333251953125,2133.333251953125,2133.333251953125,2133.333251953125,6,0.0,0.0,0.0
2019-04-22 00:00:00+09:00,2133.333251953125,2133.333251953125,2133.333251953125,2133.333251953125,0,0.0,0.0,0.0
2019-04-23 00:00:00+09:00,2133.333251953125,2133.333251953125,2133.333251953125,2133.333251953125,0,0.0,0.0,0.0
2019-04-24 00:00:00+09:00,2133.333251953125,2133.333251953125,2133.333251953125,2133.333251953125,0,0.0,0.0,0.0
2019-04-25 00:00:00+09:00,2133.333251953125,2133.333251953125,2133.333251953125,2133.333251953125,0,0.0,0.0,0.0
2019-04-26 00:00:00+09:00,2133.333251953125,2133.333251953125,2133.333251953125,2133.333251953125,0,0.0,0.0,0.0
2019-04-29 00:00:00+09:00,2133.333251953125,2133.333251953125,2133.333251953125,2133.333251953125,0,0.0,0.0,0.0
2019-04-30 00:00:00+09:00,2133.333251953125,2133.333251953125,2133.333251953125,2133.333251953125,0,0.0,0.0,0.0
2019-05-02 00:00:00+09:00,2133.333251953125,2133.333251953125,2133.333251953125,2133.333251953125,0,0.0,0.0,0.0
2019-05-03 00:00:00+09:00,2133.333251953125,2133.333251953125,2133.333251953125,2133.333251953125,0,0.0,0.0,0.0
2019-05-07 00:00:00+09:00,2133.333251953125,2133.333251953125,2133.333251953125,2133.333251953125,0,0.0,0.0,0.0
2019-05-08 00:00:00+09:00,2133.333251953125,2133.333251953125,2133.333251953125,2133.333251953125,0,0.0,0.0,0.0
2019-05-09 00:00:00+09:00,2133.333251953125,2133.333251953125,2133.333251953125,2133.333251953125,0,0.0,0.0,0.0
2019-05-10 00:00:00+09:00,2133.333251953125,2133.333251953125,2133.333251953125,2133.333251953125,0,0.0,0.0,0.0
2019-05-13 00:00:00+09:00,2133.333251953125,2133.333251953125,2133.333251953125,2133.333251953125,0,0.0,0.0,0.0
2019-05-14 00:00:00+09:00,2133.333251953125,2133.333251953125,2133.333251953125,2133.333251953125,0,0.0,0.0,0.0
2019-05-15 00:00:00+09:00,2133.333251953125,2133.333251953125,2133.333251953125,2133.333251953125,0,0.0,0.0,0.0
2019-05-16 00:00:00+09:00,2133.333251953125,2133.333251953125,2133.333251953125,2133.333251953125,0,0.0,0.0,0.0
2019-05-17 00:00:00+09:00,2133.333251953125,2133.333251953125,2133.333251953125,2133.333251953125,0,0.0,0.0,0.0
2019-05-20 00:00:00+09:00,2133.333251953125,2133.333251953125,2133.333251953125,2133.333251953125,0,0.0,0.0,0.0
2019-05-21 00:00:00+09:00,2040.0,2040.0,2040.0,2040.0,600,0.0,0.0,0.0
2019-05-22 00:00:00+09:00,2040.0,2040.0,2040.0,2040.0,0,0.0,0.0,0.0
2019-05-23 00:00:00+09:00,2040.0,2040.0,2040.0,2040.0,0,0.0,0.0,0.0
2019-05-24 00:00:00+09:00,2040.0,2040.0,2040.0,2040.0,2436,0.0,0.0,0.0
2019-05-27 00:00:00+09:00,2040.0,2040.0,2040.0,2040.0,0,0.0,0.0,0.0
2019-05-28 00:00:00+09:00,2000.0,2000.0,2000.0,2000.0,750,0.0,0.0,0.0
2019-05-29 00:00:00+09:00,2000.0,2000.0,2000.0,2000.0,0,0.0,0.0,0.0
2019-05-30 00:00:00+09:00,2000.0,2000.0,2000.0,2000.0,0,0.0,0.0,0.0
2019-05-31 00:00:00+09:00,2000.0,2000.0,2000.0,2000.0,0,0.0,0.0,0.0
2019-06-03 00:00:00+09:00,2000.0,2000.0,2000.0,2000.0,0,0.0,0.0,0.0
2019-06-04 00:00:00+09:00,2000.0,2000.0,2000.0,2000.0,0,0.0,0.0,0.0
2019-06-05 00:00:00+09:00,2000.0,2000.0,2000.0,2000.0,0,0.0,0.0,0.0
2019-06-07 00:00:00+09:00,2000.0,2000.0,2000.0,2000.0,0,0.0,0.0,0.0
2019-06-10 00:00:00+09:00,2000.0,2000.0,2000.0,2000.0,0,0.0,0.0,0.0
2019-06-11 00:00:00+09:00,2000.0,2000.0,2000.0,2000.0,0,0.0,0.0,0.0
2019-06-12 00:00:00+09:00,2000.0,2000.0,2000.0,2000.0,0,0.0,0.0,0.0
2019-06-13 00:00:00+09:00,2000.0,2000.0,2000.0,2000.0,0,0.0,0.0,0.0
2019-06-14 00:00:00+09:00,2000.0,2000.0,2000.0,2000.0,0,0.0,0.0,0.0
2019-06-17 00:00:00+09:00,2000.0,2000.0,2000.0,2000.0,0,0.0,0.0,0.0
2019-06-18 00:00:00+09:00,2000.0,2000.0,2000.0,2000.0,0,0.0,0.0,0.0
2019-06-19 00:00:00+09:00,1940.0,1940.0,1940.0,1940.0,600,0.0,0.0,0.0
2019-06-20 00:00:00+09:00,1940.0,1940.0,1940.0,1940.0,0,0.0,0.0,0.0
2019-06-21 00:00:00+09:00,1940.0,1940.0,1940.0,1940.0,0,0.0,0.0,0.0
2019-06-24 00:00:00+09:00,1940.0,1940.0,1940.0,1940.0,0,0.0,0.0,0.0
2019-06-25 00:00:00+09:00,1940.0,1940.0,1940.0,1940.0,0,0.0,0.0,0.0
2019-06-26 00:00:00+09:00,1940.0,1940.0,1940.0,1940.0,0,0.0,0.0,0.0
2019-06-27 00:00:00+09:00,1940.0,1940.0,1940.0,1940.0,0,0.0,0.0,0.0
2019-06-28 00:00:00+09:00,1940.0,1940.0,1940.0,1940.0,0,0.0,0.0,0.0
2019-07-01 00:00:00+09:00,1940.0,1940.0,1940.0,1940.0,0,0.0,0.0,0.0
2019-07-02 00:00:00+09:00,1940.0,1940.0,1940.0,1940.0,0,0.0,0.0,0.0
2019-07-03 00:00:00+09:00,1940.0,1940.0,1940.0,1940.0,0,0.0,0.0,0.0
2019-07-04 00:00:00+09:00,1940.0,1940.0,1940.0,1940.0,0,0.0,0.0,0.0
2019-07-05 00:00:00+09:00,1940.0,1940.0,1940.0,1940.0,0,0.0,0.0,0.0
2019-07-08 00:00:00+09:00,1940.0,1940.0,1940.0,1940.0,0,0.0,0.0,0.0
2019-07-09 00:00:00+09:00,1940.0,1940.0,1940.0,1940.0,0,0.0,0.0,0.0
2019-07-10 00:00:00+09:00,1940.0,1940.0,1940.0,1940.0,0,0.0,0.0,0.0
2019-07-11 00:00:00+09:00,1940.0,1940.0,1940.0,1940.0,0,0.0,0.0,0.0
2019-07-12 00:00:00+09:00,1940.0,1940.0,1940.0,1940.0,0,0.0,0.0,0.0
2019-07-15 00:00:00+09:00,1940.0,1940.0,1940.0,1940.0,0,0.0,0.0,0.0
2019-07-16 00:00:00+09:00,1940.0,1940.0,1940.0,1940.0,0,0.0,0.0,0.0
2019-07-17 00:00:00+09:00,1940.0,1940.0,1940.0,1940.0,0,0.0,0.0,0.0
2019-07-18 00:00:00+09:00,1940.0,1940.0,1940.0,1940.0,606,0.0,0.0,0.0
2019-07-19 00:00:00+09:00,1940.0,1940.0,1940.0,1940.0,0,0.0,0.0,0.0
2019-07-22 00:00:00+09:00,1940.0,1940.0,1940.0,1940.0,0,0.0,0.0,0.0
2019-07-23 00:00:00+09:00,1940.0,1940.0,1940.0,1940.0,0,0.0,0.0,0.0
2019-07-24 00:00:00+09:00,1940.0,1940.0,1940.0,1940.0,0,0.0,0.0,0.0
2019-07-25 00:00:00+09:00,1940.0,1940.0,1940.0,1940.0,0,0.0,0.0,0.0
2019-07-26 00:00:00+09:00,1940.0,1940.0,1940.0,1940.0,0,0.0,0.0,0.0
2019-07-29 00:00:00+09:00,1940.0,1940.0,1883.3333740234375,1940.0,774,0.0,0.0,0.0
2019-07-30 00:00:00+09:00,1883.3333740234375,1906.6666259765625,1883.3333740234375,1906.6666259765625,603,0.0,0.0,0.0
2019-07-31 00:00:00+09:00,2000.0,2000.0,1633.3333740234375,1633.3333740234375,18,0.0,0.0,0.0
2019-08-01 00:00:00+09:00,1633.3333740234375,1633.3333740234375,1633.3333740234375,1633.3333740234375,0,0.0,0.0,0.0
2019-08-02 00:00:00+09:00,1633.3333740234375,1633.3333740234375,1633.3333740234375,1633.3333740234375,0,0.0,0.0,0.0
2019-08-05 00:00:00+09:00,1633.3333740234375,1633.3333740234375,1633.3333740234375,1633.3333740234375,0,0.0,0.0,0.0
2019-08-06 00:00:00+09:00,1633.3333740234375,1633.3333740234375,1633.3333740234375,1633.3333740234375,0,0.0,0.0,0.0
2019-08-07 00:00:00+09:00,1666.6666259765625,1666.6666259765625,1666.6666259765625,1666.6666259765625,3,0.0,0.0,0.0
2019-08-08 00:00:00+09:00,1666.6666259765625,1666.6666259765625,1666.6666259765625,1666.6666259765625,0,0.0,0.0,0.0
2019-08-09 00:00:00+09:00,1666.6666259765625,1666.6666259765625,1666.6666259765625,1666.6666259765625,0,0.0,0.0,0.0
2019-08-12 00:00:00+09:00,1833.3333740234375,1833.3333740234375,1833.3333740234375,1833.3333740234375,3,0.0,0.0,0.0
2019-08-13 00:00:00+09:00,1833.3333740234375,1833.3333740234375,1833.3333740234375,1833.3333740234375,0,0.0,0.0,0.0
2019-08-14 00:00:00+09:00,1666.6666259765625,1666.6666259765625,1560.0,1560.0,3177,0.0,0.0,0.0
2019-08-16 00:00:00+09:00,1350.0,1666.6666259765625,1350.0,1368.3333740234375,9,0.0,0.0,0.0
2019-08-19 00:00:00+09:00,1300.0,1300.0,1300.0,1300.0,3,0.0,0.0,0.0
2019-08-20 00:00:00+09:00,1338.3333740234375,1338.3333740234375,1266.6666259765625,1266.6666259765625,903,0.0,0.0,0.0
2019-08-21 00:00:00+09:00,1118.3333740234375,1333.3333740234375,1118.3333740234375,1171.6666259765625,1515,0.0,0.0,0.0
2019-08-22 00:00:00+09:00,1205.0,1205.0,1205.0,1205.0,1800,0.0,0.0,0.0
2019-08-23 00:00:00+09:00,1240.0,1383.3333740234375,1240.0,1383.3333740234375,903,0.0,0.0,0.0
2019-08-26 00:00:00+09:00,1500.0,1500.0,1216.6666259765625,1500.0,6009,0.0,0.0,0.0
2019-08-27 00:00:00+09:00,1455.0,1455.0,1283.3333740234375,1283.3333740234375,903,0.0,0.0,0.0
2019-08-28 00:00:00+09:00,1320.0,1320.0,1320.0,1320.0,30,0.0,0.0,0.0
2019-08-29 00:00:00+09:00,1500.0,1500.0,1500.0,1500.0,3,0.0,0.0,0.0
2019-08-30 00:00:00+09:00,1455.0,1455.0,1276.6666259765625,1276.6666259765625,903,0.0,0.0,0.0
2019-09-02 00:00:00+09:00,1311.6666259765625,1311.6666259765625,1283.3333740234375,1283.3333740234375,906,0.0,0.0,0.0
2019-09-03 00:00:00+09:00,1320.0,1320.0,1320.0,1320.0,900,0.0,0.0,0.0
2019-09-04 00:00:00+09:00,1273.3333740234375,1273.3333740234375,1273.3333740234375,1273.3333740234375,3,0.0,0.0,0.0
2019-09-05 00:00:00+09:00,1133.3333740234375,1433.3333740234375,1133.3333740234375,1283.3333740234375,1506,0.0,0.0,0.0
2019-09-06 00:00:00+09:00,1320.0,1320.0,1320.0,1320.0,900,0.0,0.0,0.0
2019-09-09 00:00:00+09:00,1433.3333740234375,1433.3333740234375,1433.3333740234375,1433.3333740234375,1200,0.0,0.0,0.0
2019-09-10 00:00:00+09:00,1433.3333740234375,1433.3333740234375,1433.3333740234375,1433.3333740234375,600,0.0,0.0,0.0
2019-09-11 00:00:00+09:00,1391.6666259765625,1400.0,1283.3333740234375,1283.3333740234375,1803,0.0,0.0,0.0
2019-09-16 00:00:00+09:00,1333.3333740234375,1333.3333740234375,1333.3333740234375,1333.3333740234375,900,0.0,0.0,0.0
2019-09-17 00:00:00+09:00,1333.3333740234375,1333.3333740234375,1333.3333740234375,1333.3333740234375,21,0.0,0.0,0.0
2019-09-18 00:00:00+09:00,1273.3333740234375,1273.3333740234375,1273.3333740234375,1273.3333740234375,3,0.0,0.0,0.0
2019-09-19 00:00:00+09:00,1316.6666259765625,1316.6666259765625,1316.6666259765625,1316.6666259765625,900,0.0,0.0,0.0
2019-09-20 00:00:00+09:00,1355.0,1355.0,1355.0,1355.0,900,0.0,0.0,0.0
2019-09-23 00:00:00+09:00,1273.3333740234375,1273.3333740234375,1273.3333740234375,1273.3333740234375,3,0.0,0.0,0.0
2019-09-24 00:00:00+09:00,1333.3333740234375,1333.3333740234375,1333.3333740234375,1333.3333740234375,3,0.0,0.0,0.0
2019-09-25 00:00:00+09:00,1370.0,1531.6666259765625,1370.0,1531.6666259765625,900,0.0,0.0,0.0
2019-09-26 00:00:00+09:00,1333.3333740234375,1723.3333740234375,1333.3333740234375,1723.3333740234375,6,0.0,0.0,0.0
2019-09-27 00:00:00+09:00,1673.3333740234375,1673.3333740234375,1666.6666259765625,1666.6666259765625,3186,0.0,0.0,0.0
2019-09-30 00:00:00+09:00,1533.3333740234375,1733.3333740234375,1533.3333740234375,1733.3333740234375,6,0.0,0.0,0.0
2019-10-01 00:00:00+09:00,1733.3333740234375,1733.3333740234375,1733.3333740234375,1733.3333740234375,6,0.0,0.0,0.0
2019-10-02 00:00:00+09:00,1666.6666259765625,1833.3333740234375,1666.6666259765625,1833.3333740234375,6,0.0,0.0,0.0
2019-10-04 00:00:00+09:00,1780.0,1833.3333740234375,1780.0,1833.3333740234375,603,0.0,0.0,0.0
2019-10-07 00:00:00+09:00,1780.0,1833.3333740234375,1780.0,1833.3333740234375,603,0.0,0.0,0.0
2019-10-08 00:00:00+09:00,1780.0,1780.0,1583.3333740234375,1583.3333740234375,603,0.0,0.0,0.0
2019-10-10 00:00:00+09:00,1366.6666259765625,1366.6666259765625,1366.6666259765625,1366.6666259765625,3,0.0,0.0,0.0
2019-10-11 00:00:00+09:00,1571.6666259765625,1571.6666259765625,1451.6666259765625,1451.6666259765625,903,0.0,0.0,0.0
2019-10-14 00:00:00+09:00,1283.3333740234375,1566.6666259765625,1283.3333740234375,1450.0,906,0.0,0.0,0.0
2019-10-15 00:00:00+09:00,1501.6666259765625,1666.6666259765625,1501.6666259765625,1501.6666259765625,1653,0.0,0.0,0.0
2019-10-16 00:00:00+09:00,1290.0,1716.6666259765625,1290.0,1481.6666259765625,1656,0.0,0.0,0.0
2019-10-17 00:00:00+09:00,1290.0,1290.0,1290.0,1290.0,3,0.0,0.0,0.0
2019-10-18 00:00:00+09:00,1483.3333740234375,1483.3333740234375,1483.3333740234375,1483.3333740234375,3,0.0,0.0,0.0
2019-10-21 00:00:00+09:00,1525.0,1525.0,1525.0,1525.0,900,0.0,0.0,0.0
2019-10-22 00:00:00+09:00,1616.6666259765625,1753.3333740234375,1616.6666259765625,1753.3333740234375,906,0.0,0.0,0.0
2019-10-23 00:00:00+09:00,1623.3333740234375,1623.3333740234375,1623.3333740234375,1623.3333740234375,3,0.0,0.0,0.0
2019-10-24 00:00:00+09:00,1383.3333740234375,1648.3333740234375,1383.3333740234375,1648.3333740234375,1803,0.0,0.0,0.0
2019-10-25 00:00:00+09:00,1516.6666259765625,1833.3333740234375,1516.6666259765625,1833.3333740234375,732,0.0,0.0,0.0
2019-10-28 00:00:00+09:00,1780.0,2103.333251953125,1780.0,2103.333251953125,879,0.0,0.0,0.0
2019-10-29 00:00:00+09:00,1993.3333740234375,1993.3333740234375,1993.3333740234375,1993.3333740234375,600,0.0,0.0,0.0
2019-10-30 00:00:00+09:00,1933.3333740234375,1933.3333740234375,1733.3333740234375,1733.3333740234375,603,0.0,0.0,0.0
2019-10-31 00:00:00+09:00,1600.0,1600.0,1600.0,1600.0,3,0.0,0.0,0.0
2019-11-01 00:00:00+09:00,1686.6666259765625,1686.6666259765625,1686.6666259765625,1686.6666259765625,900,0.0,0.0,0.0
2019-11-04 00:00:00+09:00,1736.6666259765625,1936.6666259765625,1733.3333740234375,1936.6666259765625,5670,0.0,0.0,0.0
2019-11-05 00:00:00+09:00,1996.6666259765625,2000.0,1833.3333740234375,1833.3333740234375,9,0.0,0.0,0.0
2019-11-06 00:00:00+09:00,2000.0,2000.0,1870.0,1873.3333740234375,27,0.0,0.0,0.0
2019-11-07 00:00:00+09:00,2000.0,2000.0,1903.3333740234375,1903.3333740234375,2424,0.0,0.0,0.0
2019-11-08 00:00:00+09:00,2000.0,2000.0,2000.0,2000.0,6,0.0,0.0,0.0
2019-11-11 00:00:00+09:00,1940.0,2000.0,1833.3333740234375,1900.0,1179,0.0,0.0,0.0
2019-11-12 00:00:00+09:00,2163.333251953125,2163.333251953125,1733.3333740234375,1733.3333740234375,6,0.0,0.0,0.0
2019-11-13 00:00:00+09:00,1833.3333740234375,1966.6666259765625,1833.3333740234375,1966.6666259765625,5721,0.0,0.0,0.0
2019-11-14 00:00:00+09:00,1966.6666259765625,2163.333251953125,1966.6666259765625,2163.333251953125,891,0.0,0.0,0.0
2019-11-15 00:00:00+09:00,2050.0,2050.0,2050.0,2050.0,600,0.0,0.0,0.0
2019-11-18 00:00:00+09:00,1903.3333740234375,1983.3333740234375,1900.0,1983.3333740234375,12063,0.0,0.0,0.0
2019-11-19 00:00:00+09:00,2000.0,2000.0,2000.0,2000.0,3,0.0,0.0,0.0
2019-11-20 00:00:00+09:00,2000.0,2000.0,2000.0,2000.0,0,0.0,0.0,0.0
2019-11-21 00:00:00+09:00,1940.0,2053.333251953125,1916.6666259765625,2053.333251953125,4272,0.0,0.0,0.0
2019-11-22 00:00:00+09:00,1993.3333740234375,2110.0,1993.3333740234375,2110.0,903,0.0,0.0,0.0
2019-11-25 00:00:00+09:00,2046.6666259765625,2166.666748046875,2046.6666259765625,2166.666748046875,603,0.0,0.0,0.0
2019-11-26 00:00:00+09:00,2103.333251953125,2166.666748046875,2103.333251953125,2166.666748046875,603,0.0,0.0,0.0
2019-11-27 00:00:00+09:00,2103.333251953125,2166.666748046875,2103.333251953125,2166.666748046875,603,0.0,0.0,0.0
2019-11-28 00:00:00+09:00,2103.333251953125,2166.666748046875,2103.333251953125,2166.666748046875,603,0.0,0.0,0.0
2019-11-29 00:00:00+09:00,2066.666748046875,2486.666748046875,2066.666748046875,2486.666748046875,1509,0.0,0.0,0.0
2019-12-02 00:00:00+09:00,2833.333251953125,2833.333251953125,2833.333251953125,2833.333251953125,3,0.0,0.0,0.0
2019-12-03 00:00:00+09:00,2750.0,2913.333251953125,2750.0,2913.333251953125,603,0.0,0.0,0.0
2019-12-04 00:00:00+09:00,2830.0,2996.666748046875,2830.0,2996.666748046875,603,0.0,0.0,0.0
2019-12-05 00:00:00+09:00,2906.666748046875,3080.0,2906.666748046875,3080.0,606,0.0,0.0,0.0
2019-12-06 00:00:00+09:00,2990.0,3133.333251953125,2990.0,3133.333251953125,603,0.0,0.0,0.0
2019-12-09 00:00:00+09:00,3043.333251953125,3133.333251953125,2666.666748046875,3133.333251953125,903,0.0,0.0,0.0
2019-12-10 00:00:00+09:00,2663.333251953125,3000.0,2663.333251953125,3000.0,894,0.0,0.0,0.0
2019-12-11 00:00:00+09:00,2910.0,2966.666748046875,2573.333251953125,2966.666748046875,1203,0.0,0.0,0.0
2019-12-12 00:00:00+09:00,2556.666748046875,2933.333251953125,2556.666748046875,2933.333251953125,9,0.0,0.0,0.0
2019-12-13 00:00:00+09:00,2850.0,2900.0,2850.0,2900.0,603,0.0,0.0,0.0
2019-12-16 00:00:00+09:00,2640.0,2833.333251953125,2640.0,2833.333251953125,603,0.0,0.0,0.0
2019-12-17 00:00:00+09:00,2750.0,2833.333251953125,2750.0,2833.333251953125,603,0.0,0.0,0.0
2019-12-18 00:00:00+09:00,2750.0,2833.333251953125,2750.0,2833.333251953125,603,0.0,0.0,0.0
2019-12-19 00:00:00+09:00,2750.0,2833.333251953125,2750.0,2833.333251953125,603,0.0,0.0,0.0
2019-12-20 00:00:00+09:00,2750.0,2833.333251953125,2750.0,2833.333251953125,603,0.0,0.0,0.0
2019-12-23 00:00:00+09:00,2750.0,2833.333251953125,2750.0,2833.333251953125,603,0.0,0.0,0.0
2019-12-24 00:00:00+09:00,2746.666748046875,2746.666748046875,2746.666748046875,2746.666748046875,600,0.0,0.0,0.0
2019-12-26 00:00:00+09:00,2666.666748046875,2746.666748046875,2666.666748046875,2746.666748046875,603,0.0,0.0,0.0
2019-12-27 00:00:00+09:00,2666.666748046875,2746.666748046875,2666.666748046875,2746.666748046875,603,0.0,0.0,0.0
2019-12-30 00:00:00+09:00,2666.666748046875,2746.666748046875,2666.666748046875,2746.666748046875,603,0.0,0.0,0.0
2020-01-02 00:00:00+09:00,2666.666748046875,2746.666748046875,2666.666748046875,2746.666748046875,603,0.0,0.0,0.0
2020-01-03 00:00:00+09:00,2666.666748046875,2746.666748046875,2666.666748046875,2746.666748046875,603,0.0,0.0,0.0
2020-01-06 00:00:00+09:00,2666.666748046875,2746.666748046875,2666.666748046875,2746.666748046875,603,0.0,0.0,0.0
2020-01-07 00:00:00+09:00,2663.333251953125,2663.333251953125,2663.333251953125,2663.333251953125,600,0.0,0.0,0.0
2020-01-08 00:00:00+09:00,2583.333251953125,2736.666748046875,2583.333251953125,2736.666748046875,603,0.0,0.0,0.0
2020-01-09 00:00:00+09:00,2656.666748046875,2813.333251953125,2656.666748046875,2813.333251953125,603,0.0,0.0,0.0
2020-01-10 00:00:00+09:00,2733.333251953125,2733.333251953125,2733.333251953125,2733.333251953125,600,0.0,0.0,0.0
2020-01-13 00:00:00+09:00,2653.333251953125,2810.0,2653.333251953125,2810.0,603,0.0,0.0,0.0
2020-01-14 00:00:00+09:00,2646.666748046875,2646.666748046875,2646.666748046875,2646.666748046875,600,0.0,0.0,0.0
2020-01-15 00:00:00+09:00,2570.0,2570.0,2253.333251953125,2253.333251953125,600,0.0,0.0,0.0
2020-01-16 00:00:00+09:00,1926.6666259765625,1926.6666259765625,1926.6666259765625,1926.6666259765625,3,0.0,0.0,0.0
2020-01-17 00:00:00+09:00,2213.333251953125,2213.333251953125,1853.3333740234375,1853.3333740234375,1503,0.0,0.0,0.0
2020-01-20 00:00:00+09:00,1906.6666259765625,1906.6666259765625,1906.6666259765625,1906.6666259765625,600,0.0,0.0,0.0
2020-01-21 00:00:00+09:00,1963.3333740234375,2166.666748046875,1853.3333740234375,1853.3333740234375,903,0.0,0.0,0.0
2020-01-22 00:00:00+09:00,1906.6666259765625,1906.6666259765625,1856.6666259765625,1856.6666259765625,606,0.0,0.0,0.0
2020-01-23 00:00:00+09:00,2133.333251953125,2133.333251953125,2133.333251953125,2133.333251953125,600,0.0,0.0,0.0
2020-01-28 00:00:00+09:00,2196.666748046875,2433.333251953125,2196.666748046875,2433.333251953125,603,0.0,0.0,0.0
2020-01-29 00:00:00+09:00,2363.333251953125,2503.333251953125,2363.333251953125,2503.333251953125,603,0.0,0.0,0.0
2020-01-30 00:00:00+09:00,2430.0,2573.333251953125,2430.0,2573.333251953125,603,0.0,0.0,0.0
2020-01-31 00:00:00+09:00,2500.0,2650.0,2500.0,2650.0,603,0.0,0.0,0.0
2020-02-03 00:00:00+09:00,2573.333251953125,2650.0,2573.333251953125,2650.0,603,0.0,0.0,0.0
2020-02-04 00:00:00+09:00,2573.333251953125,2650.0,2573.333251953125,2650.0,603,0.0,0.0,0.0
2020-02-05 00:00:00+09:00,2573.333251953125,2633.333251953125,2573.333251953125,2633.333251953125,603,0.0,0.0,0.0
2020-02-06 00:00:00+09:00,2556.666748046875,2600.0,2556.666748046875,2600.0,603,0.0,0.0,0.0
2020-02-07 00:00:00+09:00,2526.666748046875,2650.0,2526.666748046875,2650.0,603,0.0,0.0,0.0
2020-02-10 00:00:00+09:00,2573.333251953125,2573.333251953125,2573.333251953125,2573.333251953125,600,0.0,0.0,0.0
2020-02-11 00:00:00+09:00,2500.0,2500.0,2500.0,2500.0,600,0.0,0.0,0.0
2020-02-12 00:00:00+09:00,2426.666748046875,2426.666748046875,2426.666748046875,2426.666748046875,3,0.0,0.0,0.0
2020-02-13 00:00:00+09:00,2356.666748046875,2356.666748046875,2356.666748046875,2356.666748046875,3,0.0,0.0,0.0
2020-02-14 00:00:00+09:00,2566.666748046875,2566.666748046875,2020.0,2020.0,12,0.0,0.0,0.0
2020-02-17 00:00:00+09:00,2320.0,2320.0,2133.333251953125,2136.666748046875,1503,0.0,0.0,0.0
2020-02-18 00:00:00+09:00,2456.666748046875,2456.666748046875,2456.666748046875,2456.666748046875,3,0.0,0.0,0.0
2020-02-19 00:00:00+09:00,2386.666748046875,2386.666748046875,2386.666748046875,2386.666748046875,597,0.0,0.0,0.0
2020-02-20 00:00:00+09:00,2386.666748046875,2386.666748046875,2386.666748046875,2386.666748046875,0,0.0,0.0,0.0
2020-02-21 00:00:00+09:00,2386.666748046875,2386.666748046875,2386.666748046875,2386.666748046875,0,0.0,0.0,0.0
2020-02-24 00:00:00+09:00,2263.333251953125,2263.333251953125,2020.0,2020.0,600,0.0,0.0,0.0
2020-02-25 00:00:00+09:00,2080.0,2080.0,1963.3333740234375,1966.6666259765625,606,0.0,0.0,0.0
2020-02-26 00:00:00+09:00,2023.3333740234375,2023.3333740234375,1910.0,1910.0,603,0.0,0.0,0.0
2020-02-27 00:00:00+09:00,1966.6666259765625,1966.6666259765625,1856.6666259765625,1856.6666259765625,603,0.0,0.0,0.0
2020-02-28 00:00:00+09:00,1910.0,1910.0,1803.3333740234375,1803.3333740234375,603,0.0,0.0,0.0
2020-03-02 00:00:00+09:00,1856.6666259765625,1856.6666259765625,1753.3333740234375,1753.3333740234375,603,0.0,0.0,0.0
2020-03-03 00:00:00+09:00,1803.3333740234375,1803.3333740234375,1716.6666259765625,1716.6666259765625,603,0.0,0.0,0.0
2020-03-04 00:00:00+09:00,1763.3333740234375,1763.3333740234375,1665.0,1665.0,903,0.0,0.0,0.0
2020-03-05 00:00:00+09:00,1913.3333740234375,1913.3333740234375,1680.0,1680.0,6,0.0,0.0,0.0
2020-03-06 00:00:00+09:00,1726.6666259765625,1726.6666259765625,1666.6666259765625,1666.6666259765625,903,0.0,0.0,0.0
2020-03-09 00:00:00+09:00,1713.3333740234375,1713.3333740234375,1666.6666259765625,1666.6666259765625,903,0.0,0.0,0.0
2020-03-10 00:00:00+09:00,1713.3333740234375,1713.3333740234375,1666.6666259765625,1666.6666259765625,903,0.0,0.0,0.0
2020-03-11 00:00:00+09:00,1713.3333740234375,1916.6666259765625,1666.6666259765625,1666.6666259765625,1203,0.0,0.0,0.0
2020-03-12 00:00:00+09:00,1736.6666259765625,1736.6666259765625,1736.6666259765625,1736.6666259765625,900,0.0,0.0,0.0
2020-03-13 00:00:00+09:00,1786.6666259765625,1786.6666259765625,1686.6666259765625,1686.6666259765625,603,0.0,0.0,0.0
2020-03-16 00:00:00+09:00,1733.3333740234375,1733.3333740234375,1638.3333740234375,1638.3333740234375,903,0.0,0.0,0.0
2020-03-17 00:00:00+09:00,1883.3333740234375,1883.3333740234375,1396.6666259765625,1396.6666259765625,6003,0.0,0.0,0.0
2020-03-18 00:00:00+09:00,1500.0,1605.0,1500.0,1508.3333740234375,24006,0.0,0.0,0.0
2020-03-19 00:00:00+09:00,1551.6666259765625,1551.6666259765625,1465.0,1465.0,903,0.0,0.0,0.0
2020-03-20 00:00:00+09:00,1508.3333740234375,1508.3333740234375,1508.3333740234375,1508.3333740234375,900,0.0,0.0,0.0
2020-03-23 00:00:00+09:00,1551.6666259765625,1666.6666259765625,1551.6666259765625,1666.6666259765625,903,0.0,0.0,0.0
2020-03-24 00:00:00+09:00,1833.3333740234375,1833.3333740234375,1666.6666259765625,1833.3333740234375,606,0.0,0.0,0.0
2020-03-25 00:00:00+09:00,1763.3333740234375,1763.3333740234375,1763.3333740234375,1763.3333740234375,600,0.0,0.0,0.0
2020-03-26 00:00:00+09:00,2000.0,2000.0,2000.0,2000.0,3,0.0,0.0,0.0
2020-03-27 00:00:00+09:00,1700.0,2000.0,1700.0,2000.0,1197,0.0,0.0,0.0
2020-03-30 00:00:00+09:00,1940.0,2000.0,1940.0,2000.0,603,0.0,0.0,0.0
2020-03-31 00:00:00+09:00,1940.0,2000.0,1940.0,2000.0,603,0.0,0.0,0.0
2020-04-01 00:00:00+09:00,1940.0,2000.0,1940.0,2000.0,603,0.0,0.0,0.0
2020-04-02 00:00:00+09:00,1940.0,2000.0,1940.0,2000.0,603,0.0,0.0,0.0
2020-04-03 00:00:00+09:00,1940.0,2000.0,1940.0,2000.0,603,0.0,0.0,0.0
2020-04-06 00:00:00+09:00,1940.0,2000.0,1940.0,2000.0,603,0.0,0.0,0.0
2020-04-07 00:00:00+09:00,1940.0,2000.0,1940.0,2000.0,603,0.0,0.0,0.0
2020-04-08 00:00:00+09:00,1940.0,2000.0,1940.0,2000.0,603,0.0,0.0,0.0
2020-04-09 00:00:00+09:00,1940.0,2000.0,1940.0,2000.0,603,0.0,0.0,0.0
2020-04-10 00:00:00+09:00,1940.0,2050.0,1940.0,2050.0,603,0.0,0.0,0.0
2020-04-13 00:00:00+09:00,1990.0,2050.0,1990.0,2050.0,603,0.0,0.0,0.0
2020-04-14 00:00:00+09:00,2050.0,2330.0,2050.0,2330.0,1284,0.0,0.0,0.0
2020-04-16 00:00:00+09:00,2260.0,2393.333251953125,2260.0,2393.333251953125,603,0.0,0.0,0.0
2020-04-17 00:00:00+09:00,2323.333251953125,2460.0,2323.333251953125,2460.0,603,0.0,0.0,0.0
2020-04-20 00:00:00+09:00,2390.0,2390.0,2390.0,2390.0,600,0.0,0.0,0.0
2020-04-21 00:00:00+09:00,2320.0,2320.0,2320.0,2320.0,600,0.0,0.0,0.0
2020-04-22 00:00:00+09:00,2253.333251953125,2386.666748046875,2253.333251953125,2386.666748046875,603,0.0,0.0,0.0
2020-04-23 00:00:00+09:00,2316.666748046875,2453.333251953125,2316.666748046875,2453.333251953125,603,0.0,0.0,0.0
2020-04-24 00:00:00+09:00,2383.333251953125,2453.333251953125,2383.333251953125,2453.333251953125,603,0.0,0.0,0.0
2020-04-27 00:00:00+09:00,2383.333251953125,2523.333251953125,2383.333251953125,2523.333251953125,603,0.0,0.0,0.0
2020-04-28 00:00:00+09:00,2450.0,2450.0,2450.0,2450.0,600,0.0,0.0,0.0
2020-04-29 00:00:00+09:00,2380.0,2520.0,2380.0,2520.0,603,0.0,0.0,0.0
2020-05-04 00:00:00+09:00,2446.666748046875,2593.333251953125,2446.666748046875,2593.333251953125,603,0.0,0.0,0.0
2020-05-06 00:00:00+09:00,2520.0,2670.0,2520.0,2670.0,603,0.0,0.0,0.0
2020-05-07 00:00:00+09:00,2593.333251953125,2650.0,2593.333251953125,2650.0,603,0.0,0.0,0.0
2020-05-08 00:00:00+09:00,2573.333251953125,2650.0,2573.333251953125,2650.0,603,0.0,0.0,0.0
2020-05-11 00:00:00+09:00,2573.333251953125,2650.0,2573.333251953125,2650.0,603,0.0,0.0,0.0
2020-05-12 00:00:00+09:00,2650.0,2650.0,2650.0,2650.0,0,0.0,0.0,0.0
2020-05-13 00:00:00+09:00,1920.0,1920.0,1920.0,1920.0,2451,0.0,0.0,0.0
2020-05-14 00:00:00+09:00,1733.3333740234375,1733.3333740234375,1635.0,1635.0,1203,0.0,0.0,0.0
2020-05-15 00:00:00+09:00,1633.3333740234375,1766.6666259765625,1633.3333740234375,1635.0,36,0.0,0.0,0.0
2020-05-18 00:00:00+09:00,1588.3333740234375,1588.3333740234375,1588.3333740234375,1588.3333740234375,3,0.0,0.0,0.0
2020-05-19 00:00:00+09:00,1633.3333740234375,1633.3333740234375,1588.3333740234375,1588.3333740234375,903,0.0,0.0,0.0
2020-05-20 00:00:00+09:00,1655.0,1655.0,1655.0,1655.0,900,0.0,0.0,0.0
2020-05-21 00:00:00+09:00,1700.0,1700.0,1700.0,1700.0,900,0.0,0.0,0.0
2020-05-22 00:00:00+09:00,1746.6666259765625,1746.6666259765625,1746.6666259765625,1746.6666259765625,9000,0.0,0.0,0.0
2020-05-25 00:00:00+09:00,1746.6666259765625,1746.6666259765625,1746.6666259765625,1746.6666259765625,0,0.0,0.0,0.0
2020-05-26 00:00:00+09:00,1746.6666259765625,1746.6666259765625,1746.6666259765625,1746.6666259765625,0,0.0,0.0,0.0
2020-05-27 00:00:00+09:00,1746.6666259765625,1746.6666259765625,1746.6666259765625,1746.6666259765625,0,0.0,0.0,0.0
2020-05-28 00:00:00+09:00,1746.6666259765625,1746.6666259765625,1746.6666259765625,1746.6666259765625,0,0.0,0.0,0.0
2020-05-29 00:00:00+09:00,1486.6666259765625,1793.3333740234375,1486.6666259765625,1486.6666259765625,9,0.0,0.0,0.0
2020-06-01 00:00:00+09:00,1530.0,1530.0,1530.0,1530.0,906,0.0,0.0,0.0
2020-06-02 00:00:00+09:00,1573.3333740234375,1573.3333740234375,1338.3333740234375,1338.3333740234375,996,0.0,0.0,0.0
2020-06-03 00:00:00+09:00,1533.3333740234375,1533.3333740234375,1500.0,1500.0,3006,0.0,0.0,0.0
2020-06-04 00:00:00+09:00,1541.6666259765625,1700.0,1500.0,1500.0,1899,0.0,0.0,0.0
2020-06-05 00:00:00+09:00,1623.3333740234375,1623.3333740234375,1623.3333740234375,1623.3333740234375,900,0.0,0.0,0.0
2020-06-08 00:00:00+09:00,1380.0,1380.0,1380.0,1380.0,3,0.0,0.0,0.0
2020-06-09 00:00:00+09:00,1586.6666259765625,1586.6666259765625,1586.6666259765625,1586.6666259765625,300,0.0,0.0,0.0
2020-06-10 00:00:00+09:00,1636.6666259765625,1636.6666259765625,1381.6666259765625,1381.6666259765625,906,0.0,0.0,0.0
2020-06-11 00:00:00+09:00,1588.3333740234375,1588.3333740234375,1381.6666259765625,1381.6666259765625,903,0.0,0.0,0.0
2020-06-12 00:00:00+09:00,1588.3333740234375,1588.3333740234375,1588.3333740234375,1588.3333740234375,900,0.0,0.0,0.0
2020-06-15 00:00:00+09:00,1633.3333740234375,1633.3333740234375,1353.3333740234375,1353.3333740234375,903,0.0,0.0,0.0
2020-06-16 00:00:00+09:00,1555.0,1555.0,1156.6666259765625,1156.6666259765625,6,0.0,0.0,0.0
2020-06-17 00:00:00+09:00,1330.0,1330.0,1330.0,1330.0,900,0.0,0.0,0.0
2020-06-18 00:00:00+09:00,1528.3333740234375,1528.3333740234375,1528.3333740234375,1528.3333740234375,930,0.0,0.0,0.0
2020-06-19 00:00:00+09:00,1571.6666259765625,1571.6666259765625,1528.3333740234375,1528.3333740234375,903,0.0,0.0,0.0
2020-06-22 00:00:00+09:00,1571.6666259765625,1756.6666259765625,1528.3333740234375,1756.6666259765625,906,0.0,0.0,0.0
2020-06-23 00:00:00+09:00,1756.6666259765625,1756.6666259765625,1756.6666259765625,1756.6666259765625,2400,0.0,0.0,0.0
2020-06-24 00:00:00+09:00,1756.6666259765625,1756.6666259765625,1756.6666259765625,1756.6666259765625,0,0.0,0.0,0.0
2020-06-25 00:00:00+09:00,1756.6666259765625,1756.6666259765625,1756.6666259765625,1756.6666259765625,0,0.0,0.0,0.0
2020-06-26 00:00:00+09:00,2020.0,2020.0,2020.0,2020.0,51,0.0,0.0,0.0
2020-06-29 00:00:00+09:00,2000.0,2320.0,1750.0,2320.0,1266,0.0,0.0,0.0
2020-06-30 00:00:00+09:00,1976.6666259765625,2116.666748046875,1976.6666259765625,2113.333251953125,177,0.0,0.0,0.0
2020-07-01 00:00:00+09:00,2113.333251953125,2113.333251953125,2113.333251953125,2113.333251953125,0,0.0,0.0,0.0
2020-07-02 00:00:00+09:00,2113.333251953125,2113.333251953125,2113.333251953125,2113.333251953125,0,0.0,0.0,0.0
2020-07-03 00:00:00+09:00,2113.333251953125,2113.333251953125,2113.333251953125,2113.333251953125,0,0.0,0.0,0.0
2020-07-06 00:00:00+09:00,2113.333251953125,2113.333251953125,2113.333251953125,2113.333251953125,0,0.0,0.0,0.0
2020-07-07 00:00:00+09:00,2113.333251953125,2113.333251953125,2113.333251953125,2113.333251953125,0,0.0,0.0,0.0
2020-07-08 00:00:00+09:00,2113.333251953125,2113.333251953125,2113.333251953125,2113.333251953125,0,0.0,0.0,0.0
2020-07-09 00:00:00+09:00,2113.333251953125,2113.333251953125,2113.333251953125,2113.333251953125,0,0.0,0.0,0.0
2020-07-10 00:00:00+09:00,2370.0,2370.0,2366.666748046875,2366.666748046875,12,0.0,0.0,0.0
2020-07-13 00:00:00+09:00,2033.3333740234375,2720.0,2033.3333740234375,2716.666748046875,627,0.0,0.0,0.0
2020-07-14 00:00:00+09:00,2316.666748046875,2316.666748046875,2316.666748046875,2316.666748046875,600,0.0,0.0,0.0
2020-07-15 00:00:00+09:00,2646.666748046875,2646.666748046875,2333.333251953125,2636.666748046875,6606,0.0,0.0,0.0
2020-07-16 00:00:00+09:00,2243.333251953125,2333.333251953125,2243.333251953125,2333.333251953125,603,0.0,0.0,0.0
2020-07-17 00:00:00+09:00,2620.0,2620.0,2003.3333740234375,2336.666748046875,1803,0.0,0.0,0.0
2020-07-20 00:00:00+09:00,2000.0,2226.666748046875,2000.0,2226.666748046875,603,0.0,0.0,0.0
2020-07-21 00:00:00+09:00,2556.666748046875,2556.666748046875,1900.0,2546.666748046875,606,0.0,0.0,0.0
2020-07-22 00:00:00+09:00,2166.666748046875,2166.666748046875,2166.666748046875,2166.666748046875,150,0.0,0.0,0.0
2020-07-23 00:00:00+09:00,2483.333251953125,2483.333251953125,2483.333251953125,2483.333251953125,45,0.0,0.0,0.0
2020-07-24 00:00:00+09:00,2113.333251953125,2400.0,2113.333251953125,2396.666748046875,1149,0.0,0.0,0.0
2020-07-27 00:00:00+09:00,2396.666748046875,2396.666748046875,2396.666748046875,2396.666748046875,0,0.0,0.0,0.0
2020-07-28 00:00:00+09:00,2753.333251953125,2753.333251953125,2746.666748046875,2746.666748046875,30,0.0,0.0,0.0
2020-07-29 00:00:00+09:00,2746.666748046875,2746.666748046875,2746.666748046875,2746.666748046875,0,0.0,0.0,0.0
2020-07-30 00:00:00+09:00,2746.666748046875,2746.666748046875,2746.666748046875,2746.666748046875,0,0.0,0.0,0.0
2020-07-31 00:00:00+09:00,2746.666748046875,2746.666748046875,2746.666748046875,2746.666748046875,0,0.0,0.0,0.0
2020-08-03 00:00:00+09:00,2400.0,3140.0,2336.666748046875,3136.666748046875,1956,0.0,0.0,0.0
2020-08-04 00:00:00+09:00,3136.666748046875,3136.666748046875,3136.666748046875,3136.666748046875,0,0.0,0.0,0.0
2020-08-05 00:00:00+09:00,2543.333251953125,2543.333251953125,2543.333251953125,2543.333251953125,3,0.0,0.0,0.0
2020-08-06 00:00:00+09:00,2466.666748046875,2466.666748046875,2163.333251953125,2163.333251953125,1338,0.0,0.0,0.0
2020-08-07 00:00:00+09:00,2000.0,2133.333251953125,1840.0,2133.333251953125,5529,0.0,0.0,0.0
2020-08-10 00:00:00+09:00,1836.6666259765625,2033.3333740234375,1816.6666259765625,2033.3333740234375,8121,0.0,0.0,0.0
2020-08-11 00:00:00+09:00,1933.3333740234375,1933.3333740234375,1866.6666259765625,1913.3333740234375,1542,0.0,0.0,0.0
2020-08-12 00:00:00+09:00,1933.3333740234375,2200.0,1903.3333740234375,2046.6666259765625,6009,0.0,0.0,0.0
2020-08-13 00:00:00+09:00,1900.0,1920.0,1900.0,1916.6666259765625,6264,0.0,0.0,0.0
2020-08-14 00:00:00+09:00,1996.6666259765625,1996.6666259765625,1933.3333740234375,1933.3333740234375,1767,0.0,0.0,0.0
2020-08-18 00:00:00+09:00,1966.6666259765625,1966.6666259765625,1933.3333740234375,1936.6666259765625,19158,0.0,0.0,0.0
2020-08-19 00:00:00+09:00,1936.6666259765625,1936.6666259765625,1936.6666259765625,1936.6666259765625,0,0.0,0.0,0.0
2020-08-20 00:00:00+09:00,1646.6666259765625,1933.3333740234375,1646.6666259765625,1933.3333740234375,3159,0.0,0.0,0.0
2020-08-21 00:00:00+09:00,1866.6666259765625,1866.6666259765625,1866.6666259765625,1866.6666259765625,360,0.0,0.0,0.0
2020-08-24 00:00:00+09:00,1866.6666259765625,1866.6666259765625,1866.6666259765625,1866.6666259765625,0,0.0,0.0,0.0
2020-08-25 00:00:00+09:00,1866.6666259765625,1866.6666259765625,1866.6666259765625,1866.6666259765625,900,0.0,0.0,0.0
2020-08-26 00:00:00+09:00,1866.6666259765625,1866.6666259765625,1866.6666259765625,1866.6666259765625,0,0.0,0.0,0.0
2020-08-27 00:00:00+09:00,1866.6666259765625,1866.6666259765625,1866.6666259765625,1866.6666259765625,0,0.0,0.0,0.0
2020-08-28 00:00:00+09:00,1866.6666259765625,1896.6666259765625,1866.6666259765625,1896.6666259765625,600,0.0,0.0,0.0
2020-08-31 00:00:00+09:00,1896.6666259765625,1896.6666259765625,1896.6666259765625,1896.6666259765625,0,0.0,0.0,0.0
2020-09-01 00:00:00+09:00,1850.0,1850.0,1610.0,1610.0,19758,0.0,0.0,0.0
2020-09-02 00:00:00+09:00,1610.0,1610.0,1610.0,1610.0,0,0.0,0.0,0.0
2020-09-03 00:00:00+09:00,1610.0,1610.0,1610.0,1610.0,0,0.0,0.0,0.0
2020-09-04 00:00:00+09:00,1800.0,1800.0,1800.0,1800.0,30,0.0,0.0,0.0
2020-09-07 00:00:00+09:00,2066.666748046875,2066.666748046875,1900.0,1900.0,600,0.0,0.0,0.0
2020-09-08 00:00:00+09:00,1616.6666259765625,1700.0,1616.6666259765625,1700.0,5103,0.0,0.0,0.0
2020-09-09 00:00:00+09:00,1455.0,1653.3333740234375,1453.3333740234375,1566.6666259765625,9195,0.0,0.0,0.0
2020-09-10 00:00:00+09:00,1566.6666259765625,1796.6666259765625,1566.6666259765625,1793.3333740234375,11616,0.0,0.0,0.0
2020-09-11 00:00:00+09:00,1793.3333740234375,1833.3333740234375,1793.3333740234375,1793.3333740234375,7491,0.0,0.0,0.0
2020-09-14 00:00:00+09:00,1793.3333740234375,1793.3333740234375,1793.3333740234375,1793.3333740234375,0,0.0,0.0,0.0
2020-09-15 00:00:00+09:00,2000.0,2000.0,2000.0,2000.0,12000,0.0,0.0,0.0
2020-09-16 00:00:00+09:00,2073.333251953125,2166.666748046875,2033.3333740234375,2033.3333740234375,5001,0.0,0.0,0.0
2020-09-17 00:00:00+09:00,2033.3333740234375,2033.3333740234375,2033.3333740234375,2033.3333740234375,0,0.0,0.0,0.0
2020-09-18 00:00:00+09:00,2066.666748046875,2066.666748046875,2066.666748046875,2066.666748046875,12060,0.0,0.0,0.0
2020-09-21 00:00:00+09:00,2066.666748046875,2066.666748046875,2066.666748046875,2066.666748046875,0,0.0,0.0,0.0
2020-09-22 00:00:00+09:00,2063.333251953125,2066.666748046875,2063.333251953125,2066.666748046875,3204,0.0,0.0,0.0
2020-09-23 00:00:00+09:00,2066.666748046875,2066.666748046875,2066.666748046875,2066.666748046875,0,0.0,0.0,0.0
2020-09-24 00:00:00+09:00,1900.0,1900.0,1900.0,1900.0,300,0.0,0.0,0.0
2020-09-25 00:00:00+09:00,1900.0,1900.0,1900.0,1900.0,0,0.0,0.0,0.0
2020-09-28 00:00:00+09:00,2063.333251953125,2063.333251953125,2063.333251953125,2063.333251953125,6,0.0,0.0,0.0
2020-09-29 00:00:00+09:00,2033.3333740234375,2033.3333740234375,2033.3333740234375,2033.3333740234375,90,0.0,0.0,0.0
2020-10-05 00:00:00+09:00,2033.3333740234375,2033.3333740234375,2033.3333740234375,2033.3333740234375,270,0.0,0.0,0.0
2020-10-06 00:00:00+09:00,2033.3333740234375,2033.3333740234375,2033.3333740234375,2033.3333740234375,0,0.0,0.0,0.0
2020-10-07 00:00:00+09:00,2033.3333740234375,2033.3333740234375,2033.3333740234375,2033.3333740234375,0,0.0,0.0,0.0
2020-10-08 00:00:00+09:00,2263.333251953125,2263.333251953125,2263.333251953125,2263.333251953125,3,0.0,0.0,0.0
2020-10-12 00:00:00+09:00,2263.333251953125,2263.333251953125,2263.333251953125,2263.333251953125,0,0.0,0.0,0.0
2020-10-13 00:00:00+09:00,2263.333251953125,2263.333251953125,2263.333251953125,2263.333251953125,0,0.0,0.0,0.0
2020-10-14 00:00:00+09:00,2263.333251953125,2263.333251953125,2263.333251953125,2263.333251953125,3,0.0,0.0,0.0
2020-10-15 00:00:00+09:00,2263.333251953125,2263.333251953125,2263.333251953125,2263.333251953125,303,0.0,0.0,0.0
2020-10-16 00:00:00+09:00,1933.3333740234375,1933.3333740234375,1933.3333740234375,1933.3333740234375,1500,0.0,0.0,0.0
2020-10-19 00:00:00+09:00,2163.333251953125,2163.333251953125,1666.6666259765625,2163.333251953125,2556,0.0,0.0,0.0
2020-10-20 00:00:00+09:00,2263.333251953125,2263.333251953125,2263.333251953125,2263.333251953125,3,0.0,0.0,0.0
2020-10-21 00:00:00+09:00,1926.6666259765625,2000.0,1926.6666259765625,1933.3333740234375,4068,0.0,0.0,0.0
2020-10-22 00:00:00+09:00,1933.3333740234375,2166.666748046875,1933.3333740234375,2166.666748046875,5040,0.0,0.0,0.0
2020-10-23 00:00:00+09:00,2333.333251953125,2333.333251953125,2333.333251953125,2333.333251953125,1719,0.0,0.0,0.0
2020-10-26 00:00:00+09:00,2016.6666259765625,2590.0,2016.6666259765625,2590.0,123,0.0,0.0,0.0
2020-10-27 00:00:00+09:00,2590.0,2590.0,2590.0,2590.0,27,0.0,0.0,0.0
2020-10-28 00:00:00+09:00,2590.0,2666.666748046875,2590.0,2666.666748046875,342,0.0,0.0,0.0
2020-10-29 00:00:00+09:00,2666.666748046875,3066.666748046875,2666.666748046875,3003.333251953125,6336,0.0,0.0,0.0
2020-10-30 00:00:00+09:00,3166.666748046875,3450.0,3166.666748046875,3450.0,2394,0.0,0.0,0.0
2020-11-02 00:00:00+09:00,3450.0,3450.0,3450.0,3450.0,0,0.0,0.0,0.0
2020-11-03 00:00:00+09:00,3883.333251953125,3883.333251953125,3833.333251953125,3833.333251953125,210,0.0,0.0,0.0
2020-11-04 00:00:00+09:00,3883.333251953125,4066.666748046875,3883.333251953125,4066.666748046875,2316,0.0,0.0,0.0
2020-11-05 00:00:00+09:00,4066.666748046875,4066.666748046875,4066.666748046875,4066.666748046875,0,0.0,0.0,0.0
2020-11-06 00:00:00+09:00,4066.666748046875,4066.666748046875,4066.666748046875,4066.666748046875,270,0.0,0.0,0.0
2020-11-09 00:00:00+09:00,4066.666748046875,4066.666748046875,4066.666748046875,4066.666748046875,0,0.0,0.0,0.0
2020-11-10 00:00:00+09:00,3833.333251953125,3833.333251953125,3833.333251953125,3833.333251953125,2490,0.0,0.0,0.0
2020-11-11 00:00:00+09:00,3833.333251953125,3833.333251953125,3833.333251953125,3833.333251953125,600,0.0,0.0,0.0
2020-11-12 00:00:00+09:00,3966.666748046875,3966.666748046875,3966.666748046875,3966.666748046875,3,0.0,0.0,0.0
2020-11-13 00:00:00+09:00,3966.666748046875,3966.666748046875,3966.666748046875,3966.666748046875,0,0.0,0.0,0.0
2020-11-16 00:00:00+09:00,3933.333251953125,3933.333251953125,3833.333251953125,3833.333251953125,5151,0.0,0.0,0.0
2020-11-17 00:00:00+09:00,3666.666748046875,3666.666748046875,3666.666748046875,3666.666748046875,3,0.0,0.0,0.0
2020-11-18 00:00:00+09:00,4000.0,4000.0,3666.666748046875,3666.666748046875,33,0.0,0.0,0.0
2020-11-19 00:00:00+09:00,3666.666748046875,3666.666748046875,3666.666748046875,3666.666748046875,0,0.0,0.0,0.0
2020-11-20 00:00:00+09:00,3666.666748046875,3666.666748046875,3666.666748046875,3666.666748046875,0,0.0,0.0,0.0
2020-11-23 00:00:00+09:00,3466.666748046875,3466.666748046875,3466.666748046875,3466.666748046875,17271,0.0,0.0,0.0
2020-11-24 00:00:00+09:00,3990.0,3990.0,3990.0,3990.0,264,0.0,3.0,0.0
2020-11-25 00:00:00+09:00,4250.0,4585.0,4250.0,4585.0,5745,0.0,0.0,0.0
2020-11-26 00:00:00+09:00,4910.0,5270.0,4910.0,5270.0,2128,0.0,0.0,0.0
2020-11-27 00:00:00+09:00,6060.0,6060.0,6060.0,6060.0,200,0.0,0.0,0.0
2020-11-30 00:00:00+09:00,6960.0,6960.0,6960.0,6960.0,920,0.0,0.0,0.0
2020-12-01 00:00:00+09:00,7470.0,7470.0,7000.0,7100.0,1021,0.0,0.0,0.0
2020-12-02 00:00:00+09:00,7090.0,7090.0,6220.0,6220.0,9,0.0,0.0,0.0
2020-12-03 00:00:00+09:00,7140.0,7140.0,6030.0,6050.0,9,0.0,0.0,0.0
2020-12-04 00:00:00+09:00,6950.0,6950.0,5150.0,5310.0,1231,0.0,0.0,0.0
2020-12-07 00:00:00+09:00,6000.0,6000.0,5000.0,5000.0,997,0.0,0.0,0.0
2020-12-08 00:00:00+09:00,5690.0,5750.0,5690.0,5750.0,1051,0.0,0.0,0.0
2020-12-09 00:00:00+09:00,6610.0,6610.0,6610.0,6610.0,925,0.0,0.0,0.0
2020-12-10 00:00:00+09:00,7600.0,7600.0,5750.0,5750.0,6520,0.0,0.0,0.0
2020-12-11 00:00:00+09:00,6610.0,6610.0,5500.0,5500.0,864,0.0,0.0,0.0
2020-12-14 00:00:00+09:00,5500.0,5500.0,5500.0,5500.0,0,0.0,0.0,0.0
2020-12-15 00:00:00+09:00,7250.0,7260.0,7250.0,7260.0,1839,0.0,0.0,0.0
2020-12-16 00:00:00+09:00,7970.0,7970.0,7260.0,7260.0,2517,0.0,0.0,0.0
2020-12-17 00:00:00+09:00,7090.0,7090.0,6180.0,6180.0,1110,0.0,0.0,0.0
2020-12-18 00:00:00+09:00,6790.0,6790.0,5460.0,6300.0,285,0.0,0.0,0.0
2020-12-21 00:00:00+09:00,6960.0,7240.0,6850.0,7240.0,17788,0.0,0.0,0.0
2020-12-22 00:00:00+09:00,8320.0,8320.0,7840.0,7840.0,947,0.0,0.0,0.0
2020-12-23 00:00:00+09:00,8600.0,8600.0,7700.0,7700.0,507,0.0,0.0,0.0
2020-12-24 00:00:00+09:00,6800.0,7300.0,6800.0,7200.0,3899,0.0,0.0,0.0
2020-12-28 00:00:00+09:00,7200.0,7250.0,7200.0,7200.0,2127,0.0,0.0,0.0
2020-12-29 00:00:00+09:00,7400.0,7400.0,7190.0,7190.0,302,0.0,0.0,0.0
2020-12-30 00:00:00+09:00,7190.0,7190.0,7000.0,7150.0,199,0.0,0.0,0.0
2021-01-04 00:00:00+09:00,7100.0,7100.0,7100.0,7100.0,241,0.0,0.0,0.0
2021-01-05 00:00:00+09:00,7100.0,7160.0,6900.0,7110.0,7137,0.0,0.0,0.0
2021-01-06 00:00:00+09:00,7300.0,7700.0,7200.0,7620.0,8298,0.0,0.0,0.0
2021-01-07 00:00:00+09:00,7620.0,7980.0,7450.0,7810.0,6572,0.0,0.0,0.0
2021-01-08 00:00:00+09:00,7810.0,8900.0,7810.0,8700.0,10238,0.0,0.0,0.0
2021-01-11 00:00:00+09:00,9470.0,9470.0,7400.0,8100.0,13986,0.0,0.0,0.0
2021-01-12 00:00:00+09:00,8590.0,8590.0,8480.0,8500.0,7194,0.0,0.0,0.0
2021-01-13 00:00:00+09:00,8500.0,8500.0,8150.0,8450.0,2770,0.0,0.0,0.0
2021-01-14 00:00:00+09:00,8420.0,8460.0,8120.0,8440.0,1464,0.0,0.0,0.0
2021-01-15 00:00:00+09:00,8500.0,8870.0,8450.0,8870.0,1935,0.0,0.0,0.0
2021-01-18 00:00:00+09:00,9070.0,9600.0,8350.0,8890.0,15958,0.0,0.0,0.0
2021-01-19 00:00:00+09:00,8610.0,9200.0,8400.0,8500.0,6558,0.0,0.0,0.0
2021-01-20 00:00:00+09:00,8500.0,8500.0,7500.0,7510.0,6426,0.0,0.0,0.0
2021-01-21 00:00:00+09:00,8450.0,8450.0,6390.0,7100.0,16311,0.0,0.0,0.0
2021-01-22 00:00:00+09:00,8140.0,8140.0,6810.0,7650.0,18930,0.0,0.0,0.0
2021-01-25 00:00:00+09:00,7650.0,7650.0,7000.0,7190.0,7779,0.0,0.0,0.0
2021-01-26 00:00:00+09:00,7180.0,7180.0,7000.0,7170.0,301954,0.0,0.0,0.0
2021-01-27 00:00:00+09:00,7710.0,8190.0,7600.0,8000.0,69375,0.0,0.0,0.0
2021-01-28 00:00:00+09:00,8000.0,8200.0,7740.0,8170.0,13077,0.0,0.0,0.0
2021-01-29 00:00:00+09:00,8300.0,8300.0,7850.0,7860.0,19893,0.0,0.0,0.0
2021-02-01 00:00:00+09:00,7860.0,8140.0,7540.0,7880.0,19472,0.0,0.0,0.0
2021-02-02 00:00:00+09:00,7890.0,8380.0,7890.0,8360.0,16375,0.0,0.0,0.0
2021-02-03 00:00:00+09:00,9400.0,9400.0,8550.0,9070.0,51160,0.0,0.0,0.0
2021-02-04 00:00:00+09:00,9070.0,9070.0,8700.0,9020.0,25929,0.0,0.0,0.0
2021-02-05 00:00:00+09:00,9970.0,9970.0,8900.0,9110.0,46804,0.0,0.0,0.0
2021-02-08 00:00:00+09:00,9380.0,9700.0,9280.0,9370.0,44275,0.0,0.0,0.0
2021-02-09 00:00:00+09:00,9450.0,10300.0,9250.0,10300.0,77723,0.0,0.0,0.0
2021-02-10 00:00:00+09:00,10900.0,11000.0,10700.0,10800.0,77072,0.0,0.0,0.0
2021-02-15 00:00:00+09:00,11500.0,11500.0,10800.0,11000.0,85728,0.0,0.0,0.0
2021-02-16 00:00:00+09:00,11250.0,11250.0,9800.0,9980.0,70814,0.0,0.0,0.0
2021-02-17 00:00:00+09:00,9980.0,10400.0,9400.0,9850.0,40927,0.0,0.0,0.0
2021-02-18 00:00:00+09:00,9600.0,9850.0,9110.0,9490.0,70712,0.0,0.0,0.0
2021-02-19 00:00:00+09:00,9400.0,9500.0,8900.0,9100.0,29012,0.0,0.0,0.0
2021-02-22 00:00:00+09:00,9100.0,9490.0,9040.0,9060.0,38337,0.0,0.0,0.0
2021-02-23 00:00:00+09:00,9300.0,9300.0,8800.0,8990.0,14218,0.0,0.0,0.0
2021-02-24 00:00:00+09:00,9150.0,9150.0,8840.0,9030.0,12303,0.0,0.0,0.0
2021-02-25 00:00:00+09:00,9190.0,9190.0,8800.0,9000.0,39745,0.0,0.0,0.0
2021-02-26 00:00:00+09:00,8800.0,9040.0,8200.0,8840.0,32217,0.0,0.0,0.0
2021-03-02 00:00:00+09:00,9000.0,9030.0,8730.0,8900.0,23693,0.0,0.0,0.0
2021-03-03 00:00:00+09:00,9000.0,9000.0,8790.0,8900.0,17048,0.0,0.0,0.0
2021-03-04 00:00:00+09:00,9000.0,9000.0,8860.0,8890.0,9441,0.0,0.0,0.0
2021-03-05 00:00:00+09:00,8800.0,9090.0,8660.0,8890.0,31722,0.0,0.0,0.0
2021-03-08 00:00:00+09:00,9020.0,9200.0,8810.0,8980.0,23767,0.0,0.0,0.0
2021-03-09 00:00:00+09:00,8650.0,9090.0,8650.0,9090.0,11035,0.0,0.0,0.0
2021-03-10 00:00:00+09:00,8920.0,9390.0,8920.0,9090.0,9639,0.0,0.0,0.0
2021-03-11 00:00:00+09:00,9250.0,9280.0,9010.0,9020.0,10572,0.0,0.0,0.0
2021-03-12 00:00:00+09:00,9400.0,9400.0,8840.0,9000.0,29770,0.0,0.0,0.0
2021-03-15 00:00:00+09:00,8920.0,9000.0,8010.0,8200.0,57035,0.0,0.0,0.0
2021-03-16 00:00:00+09:00,8200.0,8490.0,7870.0,8150.0,27413,0.0,0.0,0.0
2021-03-17 00:00:00+09:00,7950.0,8150.0,7600.0,7990.0,32913,0.0,0.0,0.0
2021-03-18 00:00:00+09:00,8170.0,8180.0,7900.0,7990.0,8866,0.0,0.0,0.0
2021-03-19 00:00:00+09:00,7990.0,7990.0,7750.0,7900.0,15034,0.0,0.0,0.0
2021-03-22 00:00:00+09:00,8300.0,8330.0,7830.0,7900.0,9990,0.0,0.0,0.0
2021-03-23 00:00:00+09:00,8000.0,8200.0,7860.0,8070.0,8497,0.0,0.0,0.0
2021-03-24 00:00:00+09:00,8450.0,8450.0,7800.0,7870.0,15859,0.0,0.0,0.0
2021-03-25 00:00:00+09:00,7900.0,8200.0,7820.0,7890.0,14712,0.0,0.0,0.0
2021-03-26 00:00:00+09:00,8200.0,8200.0,6710.0,7730.0,18893,0.0,0.0,0.0
2021-03-29 00:00:00+09:00,7700.0,8000.0,7600.0,7790.0,10296,0.0,0.0,0.0
2021-03-30 00:00:00+09:00,7790.0,7980.0,7650.0,7810.0,6111,0.0,0.0,0.0
2021-03-31 00:00:00+09:00,7900.0,8600.0,7600.0,8110.0,13915,0.0,0.0,0.0
2021-04-01 00:00:00+09:00,8150.0,8580.0,8110.0,8110.0,8231,0.0,0.0,0.0
2021-04-02 00:00:00+09:00,8400.0,8400.0,8040.0,8240.0,9667,0.0,0.0,0.0
2021-04-05 00:00:00+09:00,8390.0,8550.0,8110.0,8300.0,4769,0.0,0.0,0.0
2021-04-06 00:00:00+09:00,8380.0,8390.0,7800.0,8290.0,31767,0.0,0.0,0.0
2021-04-07 00:00:00+09:00,8290.0,8480.0,8020.0,8450.0,5200,0.0,0.0,0.0
2021-04-08 00:00:00+09:00,8600.0,8800.0,8230.0,8410.0,7308,0.0,0.0,0.0
2021-04-09 00:00:00+09:00,8490.0,8700.0,8450.0,8680.0,7564,0.0,0.0,0.0
2021-04-12 00:00:00+09:00,8750.0,9800.0,8500.0,9570.0,29553,0.0,0.0,0.0
2021-04-13 00:00:00+09:00,9590.0,11000.0,9500.0,10300.0,42855,0.0,0.0,0.0
2021-04-14 00:00:00+09:00,10150.0,10550.0,9700.0,9800.0,75611,0.0,0.0,0.0
2021-04-15 00:00:00+09:00,9600.0,9900.0,9400.0,9570.0,45127,0.0,0.0,0.0
2021-04-16 00:00:00+09:00,9590.0,10050.0,9590.0,9890.0,28431,0.0,0.0,0.0
2021-04-19 00:00:00+09:00,10450.0,10450.0,9890.0,10150.0,50470,0.0,0.0,0.0
2021-04-20 00:00:00+09:00,10100.0,10100.0,9650.0,9800.0,39154,0.0,0.0,0.0
2021-04-21 00:00:00+09:00,9840.0,9850.0,9770.0,9800.0,19964,0.0,0.0,0.0
2021-04-22 00:00:00+09:00,10000.0,10100.0,9510.0,9800.0,34990,0.0,0.0,0.0
2021-04-23 00:00:00+09:00,9800.0,9890.0,9370.0,9490.0,48509,0.0,0.0,0.0
2021-04-26 00:00:00+09:00,9450.0,9790.0,9300.0,9510.0,40460,0.0,0.0,0.0
2021-04-27 00:00:00+09:00,9520.0,9600.0,9320.0,9600.0,15215,0.0,0.0,0.0
2021-04-28 00:00:00+09:00,9700.0,9770.0,9300.0,9390.0,29123,0.0,0.0,0.0
2021-04-29 00:00:00+09:00,9480.0,9880.0,9020.0,9320.0,40755,0.0,0.0,0.0
2021-04-30 00:00:00+09:00,9100.0,9370.0,8900.0,9020.0,12919,0.0,0.0,0.0
2021-05-03 00:00:00+09:00,8860.0,9000.0,7670.0,7790.0,113343,0.0,0.0,0.0
2021-05-04 00:00:00+09:00,7810.0,8950.0,6630.0,8940.0,163190,0.0,0.0,0.0
2021-05-06 00:00:00+09:00,7600.0,7600.0,7600.0,7600.0,7597,0.0,0.0,0.0
2021-05-07 00:00:00+09:00,6460.0,6460.0,6460.0,6460.0,746,0.0,0.0,0.0
2021-05-10 00:00:00+09:00,5500.0,5500.0,5500.0,5500.0,2476,0.0,0.0,0.0
2021-05-11 00:00:00+09:00,4680.0,4680.0,4680.0,4680.0,41129,0.0,0.0,0.0
2021-05-12 00:00:00+09:00,3980.0,3980.0,3980.0,3980.0,151580,0.0,0.0,0.0
2021-05-13 00:00:00+09:00,4150.0,4275.0,3415.0,4000.0,156191,0.0,0.0,0.0
2021-05-14 00:00:00+09:00,4000.0,4200.0,3810.0,3875.0,90070,0.0,0.0,0.0
2021-05-17 00:00:00+09:00,3975.0,3975.0,3785.0,3825.0,24225,0.0,0.0,0.0
2021-05-18 00:00:00+09:00,3875.0,3875.0,3730.0,3795.0,28668,0.0,0.0,0.0
2021-05-20 00:00:00+09:00,3935.0,3935.0,3700.0,3785.0,37742,0.0,0.0,0.0
2021-05-21 00:00:00+09:00,3700.0,3895.0,3575.0,3620.0,66880,0.0,0.0,0.0
2021-05-24 00:00:00+09:00,3450.0,3680.0,3450.0,3610.0,23693,0.0,0.0,0.0
2021-05-25 00:00:00+09:00,3500.0,3675.0,3460.0,3460.0,35852,0.0,0.0,0.0
2021-05-26 00:00:00+09:00,3450.0,3975.0,3450.0,3855.0,68745,0.0,0.0,0.0
2021-05-27 00:00:00+09:00,3975.0,4105.0,3680.0,3835.0,22232,0.0,0.0,0.0
2021-05-28 00:00:00+09:00,3960.0,4155.0,3870.0,3925.0,71359,0.0,0.0,0.0
2021-05-31 00:00:00+09:00,3900.0,4050.0,3900.0,4030.0,22474,0.0,0.0,0.0
2021-06-01 00:00:00+09:00,4000.0,4100.0,3990.0,4000.0,13123,0.0,0.0,0.0
2021-06-02 00:00:00+09:00,4090.0,4090.0,3950.0,4000.0,13820,0.0,0.0,0.0
2021-06-03 00:00:00+09:00,4000.0,4000.0,3835.0,3910.0,8969,0.0,0.0,0.0
2021-06-04 00:00:00+09:00,3985.0,3985.0,3870.0,3920.0,6410,0.0,0.0,0.0
2021-06-07 00:00:00+09:00,3995.0,3995.0,3615.0,3790.0,33147,0.0,0.0,0.0
2021-06-08 00:00:00+09:00,3780.0,3780.0,3695.0,3720.0,10870,0.0,0.0,0.0
2021-06-09 00:00:00+09:00,3890.0,3890.0,3700.0,3775.0,2582,0.0,0.0,0.0
2021-06-10 00:00:00+09:00,4000.0,4005.0,3780.0,3960.0,9181,0.0,0.0,0.0
2021-06-11 00:00:00+09:00,3990.0,4100.0,3915.0,3960.0,8836,0.0,0.0,0.0
2021-06-14 00:00:00+09:00,4000.0,4000.0,3820.0,3960.0,5636,0.0,0.0,0.0
2021-06-15 00:00:00+09:00,3905.0,3930.0,3880.0,3930.0,3899,0.0,0.0,0.0
2021-06-16 00:00:00+09:00,3930.0,3930.0,3880.0,3905.0,4469,0.0,0.0,0.0
2021-06-17 00:00:00+09:00,3910.0,4085.0,3805.0,3875.0,16828,0.0,0.0,0.0
2021-06-18 00:00:00+09:00,3865.0,3915.0,3765.0,3900.0,14720,0.0,0.0,0.0
2021-06-21 00:00:00+09:00,3950.0,3950.0,3835.0,3915.0,2216,0.0,0.0,0.0
2021-06-22 00:00:00+09:00,3915.0,3930.0,3815.0,3915.0,13767,0.0,0.0,0.0
2021-06-23 00:00:00+09:00,3925.0,3925.0,3850.0,3850.0,16246,0.0,0.0,0.0
2021-06-24 00:00:00+09:00,3885.0,3890.0,3830.0,3830.0,7539,0.0,0.0,0.0
2021-06-25 00:00:00+09:00,3845.0,3895.0,3825.0,3845.0,16884,0.0,0.0,0.0
2021-06-28 00:00:00+09:00,3980.0,3980.0,3845.0,3890.0,25755,0.0,0.0,0.0
2021-06-29 00:00:00+09:00,3985.0,3985.0,3310.0,3895.0,16468,0.0,0.0,0.0
2021-06-30 00:00:00+09:00,3895.0,3895.0,3855.0,3880.0,16957,0.0,0.0,0.0
2021-07-01 00:00:00+09:00,3880.0,3880.0,3830.0,3860.0,12723,0.0,0.0,0.0
2021-07-02 00:00:00+09:00,4000.0,4000.0,3850.0,3890.0,19366,0.0,0.0,0.0
2021-07-05 00:00:00+09:00,3980.0,3980.0,3890.0,3895.0,8337,0.0,0.0,0.0
2021-07-06 00:00:00+09:00,3870.0,3990.0,3870.0,3920.0,14903,0.0,0.0,0.0
2021-07-07 00:00:00+09:00,3985.0,3985.0,3920.0,3975.0,6846,0.0,0.0,0.0
2021-07-08 00:00:00+09:00,4000.0,4000.0,3900.0,3940.0,5714,0.0,0.0,0.0
2021-07-09 00:00:00+09:00,4000.0,4000.0,3830.0,3940.0,9193,0.0,0.0,0.0
2021-07-12 00:00:00+09:00,3940.0,3940.0,3900.0,3935.0,6506,0.0,0.0,0.0
2021-07-13 00:00:00+09:00,3940.0,3940.0,3830.0,3885.0,8175,0.0,0.0,0.0
2021-07-14 00:00:00+09:00,3845.0,3950.0,3835.0,3845.0,12181,0.0,0.0,0.0
2021-07-15 00:00:00+09:00,3845.0,3845.0,3775.0,3845.0,15052,0.0,0.0,0.0
2021-07-16 00:00:00+09:00,3990.0,3990.0,3835.0,3875.0,11537,0.0,0.0,0.0
2021-07-19 00:00:00+09:00,3985.0,3985.0,3850.0,3865.0,3434,0.0,0.0,0.0
2021-07-20 00:00:00+09:00,3975.0,3975.0,3795.0,3860.0,2954,0.0,0.0,0.0
2021-07-21 00:00:00+09:00,3985.0,3985.0,3800.0,3855.0,6487,0.0,0.0,0.0
2021-07-22 00:00:00+09:00,3855.0,3925.0,3840.0,3855.0,7038,0.0,0.0,0.0
2021-07-23 00:00:00+09:00,3990.0,3990.0,3780.0,3875.0,8997,0.0,0.0,0.0
2021-07-26 00:00:00+09:00,3900.0,3900.0,3800.0,3840.0,2152,0.0,0.0,0.0
2021-07-27 00:00:00+09:00,3985.0,3985.0,3770.0,3845.0,3371,0.0,0.0,0.0
2021-07-28 00:00:00+09:00,3950.0,3950.0,3775.0,3835.0,3534,0.0,0.0,0.0
2021-07-29 00:00:00+09:00,3860.0,3870.0,3820.0,3835.0,6328,0.0,0.0,0.0
2021-07-30 00:00:00+09:00,3975.0,3975.0,3800.0,3855.0,7008,0.0,0.0,0.0
2021-08-02 00:00:00+09:00,3975.0,3975.0,3810.0,3835.0,7734,0.0,0.0,0.0
2021-08-03 00:00:00+09:00,3800.0,3870.0,3775.0,3825.0,13924,0.0,0.0,0.0
2021-08-04 00:00:00+09:00,3855.0,3855.0,3705.0,3795.0,8968,0.0,0.0,0.0
2021-08-05 00:00:00+09:00,3830.0,3830.0,3730.0,3775.0,10100,0.0,0.0,0.0
2021-08-06 00:00:00+09:00,3975.0,3975.0,3705.0,3765.0,12992,0.0,0.0,0.0
2021-08-09 00:00:00+09:00,3765.0,3765.0,3670.0,3740.0,8223,0.0,0.0,0.0
2021-08-10 00:00:00+09:00,3875.0,3875.0,3710.0,3710.0,876,0.0,0.0,0.0
2021-08-11 00:00:00+09:00,3800.0,3800.0,3665.0,3710.0,5212,0.0,0.0,0.0
2021-08-12 00:00:00+09:00,3870.0,3870.0,3665.0,3690.0,9308,0.0,0.0,0.0
2021-08-13 00:00:00+09:00,3860.0,3860.0,3640.0,3680.0,10861,0.0,0.0,0.0
2021-08-17 00:00:00+09:00,3680.0,3850.0,3595.0,3690.0,6586,0.0,0.0,0.0
2021-08-18 00:00:00+09:00,3770.0,3770.0,3615.0,3650.0,9467,0.0,0.0,0.0
2021-08-19 00:00:00+09:00,3650.0,3650.0,3470.0,3505.0,8714,0.0,0.0,0.0
2021-08-20 00:00:00+09:00,3790.0,3790.0,3470.0,3580.0,12842,0.0,0.0,0.0
2021-08-23 00:00:00+09:00,3645.0,3645.0,3485.0,3550.0,1154,0.0,0.0,0.0
2021-08-24 00:00:00+09:00,3550.0,3550.0,3415.0,3550.0,11653,0.0,0.0,0.0
2021-08-25 00:00:00+09:00,3550.0,3550.0,3500.0,3500.0,1861,0.0,0.0,0.0
2021-08-26 00:00:00+09:00,3690.0,3690.0,3445.0,3480.0,5099,0.0,0.0,0.0
2021-08-27 00:00:00+09:00,3600.0,3600.0,3460.0,3500.0,1169,0.0,0.0,0.0
2021-08-30 00:00:00+09:00,3695.0,3695.0,3400.0,3500.0,11596,0.0,0.0,0.0
2021-08-31 00:00:00+09:00,3595.0,3595.0,3420.0,3495.0,15829,0.0,0.0,0.0
2021-09-01 00:00:00+09:00,3600.0,3600.0,3545.0,3575.0,6942,0.0,0.0,0.0
2021-09-02 00:00:00+09:00,3595.0,3595.0,3485.0,3550.0,1352,0.0,0.0,0.0
2021-09-03 00:00:00+09:00,3595.0,3595.0,3455.0,3595.0,6561,0.0,0.0,0.0
2021-09-06 00:00:00+09:00,3600.0,3700.0,3505.0,3580.0,20218,0.0,0.0,0.0
2021-09-07 00:00:00+09:00,3590.0,3590.0,3460.0,3580.0,7757,0.0,0.0,0.0
2021-09-08 00:00:00+09:00,3570.0,3570.0,3425.0,3510.0,1007,0.0,0.0,0.0
2021-09-09 00:00:00+09:00,3595.0,3595.0,3460.0,3520.0,7150,0.0,0.0,0.0
2021-09-10 00:00:00+09:00,3575.0,3575.0,3510.0,3550.0,7036,0.0,0.0,0.0
2021-09-13 00:00:00+09:00,3540.0,3540.0,3425.0,3490.0,5750,0.0,0.0,0.0
2021-09-14 00:00:00+09:00,3485.0,3485.0,3400.0,3480.0,5510,0.0,0.0,0.0
2021-09-15 00:00:00+09:00,3480.0,4000.0,3355.0,4000.0,60578,0.0,0.0,0.0
2021-09-16 00:00:00+09:00,4085.0,4170.0,3790.0,3885.0,30089,0.0,0.0,0.0
2021-09-17 00:00:00+09:00,3995.0,3995.0,3805.0,3990.0,13242,0.0,0.0,0.0
2021-09-23 00:00:00+09:00,4000.0,4585.0,4000.0,4585.0,55248,0.0,0.0,0.0
2021-09-24 00:00:00+09:00,4775.0,5270.0,4775.0,5100.0,105712,0.0,0.0,0.0
2021-09-27 00:00:00+09:00,5100.0,5700.0,5000.0,5090.0,34181,0.0,0.0,0.0
2021-09-28 00:00:00+09:00,5200.0,5390.0,4995.0,5050.0,17324,0.0,0.0,0.0
2021-09-29 00:00:00+09:00,5050.0,5050.0,4805.0,4950.0,23428,0.0,0.0,0.0
2021-09-30 00:00:00+09:00,4950.0,5080.0,4860.0,4950.0,8171,0.0,0.0,0.0
2021-10-01 00:00:00+09:00,5290.0,5290.0,4900.0,4970.0,23347,0.0,0.0,0.0
2021-10-05 00:00:00+09:00,5000.0,5080.0,4810.0,4945.0,19913,0.0,0.0,0.0
2021-10-06 00:00:00+09:00,5100.0,5100.0,4900.0,4995.0,14842,0.0,0.0,0.0
2021-10-07 00:00:00+09:00,5100.0,5740.0,4890.0,5000.0,13624,0.0,0.0,0.0
2021-10-08 00:00:00+09:00,5170.0,5170.0,4940.0,4955.0,4746,0.0,0.0,0.0
2021-10-12 00:00:00+09:00,5110.0,5110.0,4925.0,5020.0,6138,0.0,0.0,0.0
2021-10-13 00:00:00+09:00,5190.0,5190.0,4350.0,4995.0,17485,0.0,0.0,0.0
2021-10-14 00:00:00+09:00,5000.0,5090.0,4975.0,4995.0,6431,0.0,0.0,0.0
2021-10-15 00:00:00+09:00,5090.0,5090.0,4850.0,5000.0,2681,0.0,0.0,0.0
2021-10-18 00:00:00+09:00,5090.0,5090.0,4700.0,4945.0,8521,0.0,0.0,0.0
2021-10-19 00:00:00+09:00,5000.0,5060.0,4955.0,5020.0,6399,0.0,0.0,0.0
2021-10-20 00:00:00+09:00,5080.0,5080.0,4830.0,5000.0,7846,0.0,0.0,0.0
2021-10-21 00:00:00+09:00,5080.0,5080.0,4950.0,5000.0,4129,0.0,0.0,0.0
2021-10-22 00:00:00+09:00,5070.0,5070.0,4900.0,4950.0,2774,0.0,0.0,0.0
2021-10-25 00:00:00+09:00,5050.0,5050.0,4870.0,4930.0,4073,0.0,0.0,0.0
2021-10-26 00:00:00+09:00,5060.0,5060.0,4800.0,4900.0,8210,0.0,0.0,0.0
2021-10-27 00:00:00+09:00,5000.0,5050.0,4860.0,4975.0,2149,0.0,0.0,0.0
2021-10-28 00:00:00+09:00,5050.0,5050.0,4830.0,4975.0,4301,0.0,0.0,0.0
2021-10-29 00:00:00+09:00,5040.0,5040.0,4840.0,4975.0,3362,0.0,0.0,0.0
2021-11-01 00:00:00+09:00,5000.0,5000.0,4840.0,4980.0,2666,0.0,0.0,0.0
2021-11-02 00:00:00+09:00,5050.0,5050.0,4700.0,4850.0,14200,0.0,0.0,0.0
2021-11-03 00:00:00+09:00,4900.0,4945.0,4610.0,4845.0,10083,0.0,0.0,0.0
2021-11-04 00:00:00+09:00,4895.0,4895.0,4655.0,4680.0,11121,0.0,0.0,0.0
2021-11-05 00:00:00+09:00,4900.0,4900.0,4600.0,4700.0,1262,0.0,0.0,0.0
2021-11-08 00:00:00+09:00,4795.0,4950.0,4730.0,4890.0,5151,0.0,0.0,0.0
2021-11-09 00:00:00+09:00,5000.0,5000.0,4650.0,4700.0,5309,0.0,0.0,0.0
2021-11-10 00:00:00+09:00,4900.0,4900.0,4600.0,4870.0,1036,0.0,0.0,0.0
2021-11-11 00:00:00+09:00,4890.0,4890.0,4700.0,4795.0,1750,0.0,0.0,0.0
2021-11-12 00:00:00+09:00,4845.0,4845.0,4630.0,4820.0,242,0.0,0.0,0.0
2021-11-15 00:00:00+09:00,4895.0,4895.0,4600.0,4700.0,3404,0.0,0.0,0.0
2021-11-16 00:00:00+09:00,4700.0,4800.0,4655.0,4775.0,1671,0.0,0.0,0.0
2021-11-17 00:00:00+09:00,4890.0,4890.0,4510.0,4730.0,3634,0.0,0.0,0.0
2021-11-18 00:00:00+09:00,4785.0,4785.0,4415.0,4500.0,8073,0.0,0.0,0.0
2021-11-19 00:00:00+09:00,4600.0,4600.0,4415.0,4500.0,8297,0.0,0.0,0.0
2021-11-22 00:00:00+09:00,4500.0,4600.0,4330.0,4400.0,5725,0.0,0.0,0.0
2021-11-23 00:00:00+09:00,4400.0,4400.0,4100.0,4290.0,4859,0.0,0.0,0.0
2021-11-24 00:00:00+09:00,4290.0,4290.0,4100.0,4200.0,4578,0.0,0.0,0.0
2021-11-25 00:00:00+09:00,4300.0,4300.0,4145.0,4200.0,1938,0.0,0.0,0.0
2021-11-26 00:00:00+09:00,4295.0,4295.0,4015.0,4115.0,15189,0.0,0.0,0.0
2021-11-29 00:00:00+09:00,4295.0,4295.0,4100.0,4195.0,1514,0.0,0.0,0.0
2021-11-30 00:00:00+09:00,4100.0,4300.0,4100.0,4100.0,4263,0.0,0.0,0.0
2021-12-01 00:00:00+09:00,4100.0,4150.0,4070.0,4145.0,5184,0.0,0.0,0.0
2021-12-02 00:00:00+09:00,4275.0,4275.0,4150.0,4275.0,1356,0.0,0.0,0.0
2021-12-03 00:00:00+09:00,4295.0,4300.0,4255.0,4290.0,729,0.0,0.0,0.0
2021-12-06 00:00:00+09:00,4290.0,4290.0,4140.0,4275.0,663,0.0,0.0,0.0
2021-12-07 00:00:00+09:00,4270.0,4270.0,3765.0,4055.0,5438,0.0,0.0,0.0
2021-12-08 00:00:00+09:00,4000.0,4200.0,4000.0,4165.0,3940,0.0,0.0,0.0
2021-12-09 00:00:00+09:00,3865.0,4195.0,3865.0,4065.0,16475,0.0,0.0,0.0
2021-12-10 00:00:00+09:00,4400.0,4500.0,3900.0,4000.0,11470,0.0,0.0,0.0
2021-12-13 00:00:00+09:00,4000.0,4500.0,4000.0,4285.0,15645,0.0,0.0,0.0
2021-12-14 00:00:00+09:00,4250.0,4390.0,4100.0,4250.0,7947,0.0,0.0,0.0
2021-12-15 00:00:00+09:00,4350.0,4350.0,4040.0,4125.0,13164,0.0,0.0,0.0
2021-12-16 00:00:00+09:00,4130.0,4295.0,4040.0,4125.0,7285,0.0,0.0,0.0
2021-12-17 00:00:00+09:00,4120.0,4700.0,4035.0,4120.0,13844,0.0,0.0,0.0
2021-12-20 00:00:00+09:00,4295.0,4295.0,3615.0,3980.0,17574,0.0,0.0,0.0
2021-12-21 00:00:00+09:00,4000.0,4000.0,3900.0,3975.0,2484,0.0,0.0,0.0
2021-12-22 00:00:00+09:00,3950.0,4100.0,3945.0,4095.0,8830,0.0,0.0,0.0
2021-12-23 00:00:00+09:00,4150.0,4150.0,3990.0,4100.0,3859,0.0,0.0,0.0
2021-12-24 00:00:00+09:00,3915.0,4085.0,3815.0,3970.0,8637,0.0,0.0,0.0
2021-12-27 00:00:00+09:00,3950.0,4095.0,3905.0,4020.0,1811,0.0,0.0,0.0
2021-12-28 00:00:00+09:00,4020.0,4090.0,3930.0,4030.0,7454,0.0,0.0,0.0
2021-12-29 00:00:00+09:00,4070.0,4070.0,3945.0,4025.0,3538,0.0,0.0,0.0
2021-12-30 00:00:00+09:00,3995.0,4000.0,3995.0,4000.0,490,0.0,0.0,0.0
2022-01-04 00:00:00+09:00,4050.0,4100.0,4000.0,4080.0,7583,0.0,0.0,0.0
2022-01-05 00:00:00+09:00,4095.0,4395.0,4080.0,4310.0,14487,0.0,0.0,0.0
2022-01-06 00:00:00+09:00,4300.0,4300.0,4265.0,4290.0,4310,0.0,0.0,0.0
2022-01-07 00:00:00+09:00,4290.0,4310.0,4290.0,4305.0,6679,0.0,0.0,0.0
2022-01-10 00:00:00+09:00,4300.0,4300.0,4200.0,4295.0,4635,0.0,0.0,0.0
2022-01-11 00:00:00+09:00,4290.0,4290.0,4100.0,4260.0,3397,0.0,0.0,0.0
2022-01-12 00:00:00+09:00,4280.0,4285.0,4150.0,4255.0,4116,0.0,0.0,0.0
2022-01-13 00:00:00+09:00,4290.0,4290.0,4160.0,4185.0,4914,0.0,0.0,0.0
2022-01-14 00:00:00+09:00,4180.0,4220.0,4040.0,4055.0,11341,0.0,0.0,0.0
2022-01-17 00:00:00+09:00,4060.0,4240.0,4045.0,4050.0,9972,0.0,0.0,0.0
2022-01-18 00:00:00+09:00,4060.0,4060.0,3710.0,3755.0,48493,0.0,0.0,0.0
2022-01-19 00:00:00+09:00,3550.0,3830.0,3550.0,3765.0,14361,0.0,0.0,0.0
2022-01-20 00:00:00+09:00,3745.0,3970.0,3745.0,3835.0,9050,0.0,0.0,0.0
2022-01-21 00:00:00+09:00,3840.0,3880.0,3770.0,3880.0,4857,0.0,0.0,0.0
2022-01-24 00:00:00+09:00,3930.0,3930.0,3860.0,3890.0,4283,0.0,0.0,0.0
2022-01-25 00:00:00+09:00,3995.0,4095.0,3885.0,4055.0,14497,0.0,0.0,0.0
2022-01-26 00:00:00+09:00,4055.0,4055.0,4055.0,4055.0,0,0.0,0.0,0.0
2022-01-27 00:00:00+09:00,4090.0,4190.0,3980.0,4000.0,3910,0.0,0.0,0.0
2022-01-28 00:00:00+09:00,4000.0,4000.0,3980.0,3995.0,21698,0.0,0.0,0.0
2022-02-03 00:00:00+09:00,4195.0,4195.0,3995.0,4060.0,17178,0.0,0.0,0.0
2022-02-04 00:00:00+09:00,3830.0,4190.0,3830.0,4095.0,5719,0.0,0.0,0.0
2022-02-07 00:00:00+09:00,4150.0,4150.0,4095.0,4125.0,16707,0.0,0.0,0.0
2022-02-08 00:00:00+09:00,4125.0,4125.0,4125.0,4125.0,0,0.0,0.0,0.0
2022-02-09 00:00:00+09:00,4125.0,4125.0,4125.0,4125.0,0,0.0,0.0,0.0
2022-02-10 00:00:00+09:00,4095.0,4150.0,3995.0,4060.0,8974,0.0,0.0,0.0
2022-02-11 00:00:00+09:00,4170.0,4170.0,4015.0,4080.0,41129,0.0,0.0,0.0
2022-02-14 00:00:00+09:00,4190.0,4195.0,3965.0,4095.0,19491,0.0,0.0,0.0
2022-02-15 00:00:00+09:00,4180.0,4180.0,4040.0,4085.0,18289,0.0,0.0,0.0
2022-02-16 00:00:00+09:00,4095.0,4250.0,4080.0,4250.0,8573,0.0,0.0,0.0
2022-02-17 00:00:00+09:00,4080.0,4240.0,4020.0,4205.0,45927,0.0,0.0,0.0
2022-02-18 00:00:00+09:00,4100.0,4190.0,4050.0,4165.0,429,0.0,0.0,0.0
2022-02-21 00:00:00+09:00,4090.0,4155.0,4040.0,4080.0,16472,0.0,0.0,0.0
2022-02-22 00:00:00+09:00,4040.0,4180.0,4030.0,4035.0,3121,0.0,0.0,0.0
2022-02-23 00:00:00+09:00,4020.0,4195.0,4000.0,4065.0,9401,0.0,0.0,0.0
2022-02-24 00:00:00+09:00,4065.0,4065.0,3995.0,4060.0,8101,0.0,0.0,0.0
2022-02-25 00:00:00+09:00,4090.0,4090.0,4010.0,4070.0,3371,0.0,0.0,0.0
2022-02-28 00:00:00+09:00,4070.0,4070.0,4070.0,4070.0,0,0.0,0.0,0.0
2022-03-02 00:00:00+09:00,4060.0,4200.0,4030.0,4150.0,12824,0.0,0.0,0.0
2022-03-03 00:00:00+09:00,4195.0,4300.0,4035.0,4150.0,26978,0.0,0.0,0.0
2022-03-04 00:00:00+09:00,4150.0,4150.0,4150.0,4150.0,0,0.0,0.0,0.0
2022-03-07 00:00:00+09:00,4050.0,4130.0,4035.0,4105.0,6981,0.0,0.0,0.0
2022-03-08 00:00:00+09:00,4100.0,4200.0,4085.0,4110.0,17753,0.0,0.0,0.0
2022-03-10 00:00:00+09:00,4110.0,4110.0,4110.0,4110.0,0,0.0,0.0,0.0
2022-03-11 00:00:00+09:00,4290.0,4290.0,4115.0,4160.0,3910,0.0,0.0,0.0
2022-03-14 00:00:00+09:00,4295.0,4295.0,4050.0,4095.0,16818,0.0,0.0,0.0
2022-03-15 00:00:00+09:00,4095.0,4095.0,4095.0,4095.0,0,0.0,0.0,0.0
2022-03-16 00:00:00+09:00,4095.0,4095.0,4095.0,4095.0,0,0.0,0.0,0.0
2022-03-17 00:00:00+09:00,4095.0,4095.0,4095.0,4095.0,0,0.0,0.0,0.0
2022-03-18 00:00:00+09:00,4175.0,4195.0,4100.0,4195.0,4284,0.0,0.0,0.0
2022-03-21 00:00:00+09:00,4195.0,4195.0,4195.0,4195.0,0,0.0,0.0,0.0
2022-03-22 00:00:00+09:00,4200.0,4255.0,4180.0,4240.0,22697,0.0,0.0,0.0
2022-03-23 00:00:00+09:00,4235.0,4300.0,4185.0,4300.0,4603,0.0,0.0,0.0
2022-03-24 00:00:00+09:00,4310.0,4500.0,4310.0,4500.0,2463,0.0,0.0,0.0
2022-03-25 00:00:00+09:00,4590.0,4590.0,4500.0,4590.0,11217,0.0,0.0,0.0
2022-03-28 00:00:00+09:00,4600.0,5270.0,4600.0,5270.0,114799,0.0,0.0,0.0
2022-03-29 00:00:00+09:00,5270.0,6000.0,5270.0,5650.0,65715,0.0,0.0,0.0
2022-03-30 00:00:00+09:00,5600.0,6340.0,5600.0,6200.0,32395,0.0,0.0,0.0
2022-03-31 00:00:00+09:00,6380.0,7000.0,6380.0,6430.0,26605,0.0,0.0,0.0
2022-04-01 00:00:00+09:00,6580.0,6580.0,5900.0,6180.0,17906,0.0,0.0,0.0
2022-04-04 00:00:00+09:00,6400.0,6490.0,5900.0,6110.0,8040,0.0,0.0,0.0
2022-04-05 00:00:00+09:00,6200.0,6480.0,5970.0,6110.0,34820,0.0,0.0,0.0
2022-04-06 00:00:00+09:00,6090.0,6390.0,5850.0,5950.0,20287,0.0,0.0,0.0
2022-04-07 00:00:00+09:00,5710.0,5940.0,5510.0,5720.0,33912,0.0,0.0,0.0
2022-04-08 00:00:00+09:00,5790.0,5850.0,5510.0,5520.0,15005,0.0,0.0,0.0
2022-04-11 00:00:00+09:00,5780.0,5780.0,5480.0,5590.0,7508,0.0,0.0,0.0
2022-04-12 00:00:00+09:00,5780.0,5780.0,5510.0,5690.0,3455,0.0,0.0,0.0
2022-04-13 00:00:00+09:00,5780.0,5780.0,5550.0,5690.0,2284,0.0,0.0,0.0
2022-04-14 00:00:00+09:00,5800.0,5800.0,5590.0,5670.0,4781,0.0,0.0,0.0
2022-04-15 00:00:00+09:00,5670.0,5990.0,5610.0,5900.0,9509,0.0,0.0,0.0
2022-04-18 00:00:00+09:00,5810.0,5990.0,5800.0,5800.0,19224,0.0,0.0,0.0
2022-04-19 00:00:00+09:00,5980.0,5980.0,5720.0,5900.0,9622,0.0,0.0,0.0
2022-04-20 00:00:00+09:00,5890.0,6130.0,5820.0,6000.0,10822,0.0,0.0,0.0
2022-04-21 00:00:00+09:00,6000.0,6130.0,5940.0,6100.0,4179,0.0,0.0,0.0
2022-04-22 00:00:00+09:00,6400.0,6600.0,6050.0,6140.0,2761,0.0,0.0,0.0
2022-04-25 00:00:00+09:00,6400.0,6400.0,5890.0,6120.0,17265,0.0,0.0,0.0
2022-04-26 00:00:00+09:00,6400.0,6400.0,5950.0,6000.0,6203,0.0,0.0,0.0
2022-04-27 00:00:00+09:00,6000.0,6280.0,5800.0,6000.0,3782,0.0,0.0,0.0
2022-04-28 00:00:00+09:00,6190.0,6190.0,5810.0,5920.0,14473,0.0,0.0,0.0
2022-04-29 00:00:00+09:00,5920.0,5920.0,5790.0,5880.0,2265,0.0,0.0,0.0
2022-05-02 00:00:00+09:00,5760.0,5840.0,5620.0,5830.0,2832,0.0,0.0,0.0
2022-05-03 00:00:00+09:00,5620.0,5830.0,5620.0,5790.0,6266,0.0,0.0,0.0
2022-05-04 00:00:00+09:00,5800.0,5800.0,5630.0,5730.0,6347,0.0,0.0,0.0
2022-05-06 00:00:00+09:00,5890.0,5890.0,5500.0,5600.0,6182,0.0,0.0,0.0
2022-05-10 00:00:00+09:00,5420.0,5800.0,5420.0,5640.0,968,0.0,0.0,0.0
2022-05-11 00:00:00+09:00,4900.0,5790.0,4900.0,5700.0,6827,0.0,0.0,0.0
2022-05-12 00:00:00+09:00,5410.0,5780.0,5410.0,5560.0,3714,0.0,0.0,0.0
2022-05-13 00:00:00+09:00,5410.0,5790.0,5410.0,5600.0,2083,0.0,0.0,0.0
2022-05-16 00:00:00+09:00,5800.0,5800.0,5420.0,5650.0,2108,0.0,0.0,0.0
2022-05-17 00:00:00+09:00,5600.0,5750.0,5600.0,5740.0,3077,0.0,0.0,0.0
2022-05-18 00:00:00+09:00,5800.0,5800.0,5700.0,5700.0,7,0.0,0.0,0.0
2022-05-19 00:00:00+09:00,5460.0,5880.0,5450.0,5830.0,10755,0.0,0.0,0.0
2022-05-20 00:00:00+09:00,5880.0,6000.0,5660.0,5740.0,2303,0.0,0.0,0.0
2022-05-23 00:00:00+09:00,5990.0,5990.0,5710.0,5790.0,1095,0.0,0.0,0.0
2022-05-24 00:00:00+09:00,5970.0,5970.0,5650.0,5800.0,4594,0.0,0.0,0.0
2022-05-25 00:00:00+09:00,5800.0,5800.0,5700.0,5780.0,245,0.0,0.0,0.0
2022-05-26 00:00:00+09:00,5980.0,5980.0,5680.0,5890.0,72,0.0,0.0,0.0
2022-05-27 00:00:00+09:00,5980.0,5980.0,5550.0,5790.0,992,0.0,0.0,0.0
2022-05-30 00:00:00+09:00,5750.0,5750.0,5620.0,5750.0,1164,0.0,0.0,0.0
2022-05-31 00:00:00+09:00,5750.0,5750.0,5660.0,5740.0,863,0.0,0.0,0.0
2022-06-02 00:00:00+09:00,5880.0,5880.0,5650.0,5770.0,37,0.0,0.0,0.0
2022-06-03 00:00:00+09:00,5860.0,5860.0,5710.0,5770.0,768,0.0,0.0,0.0
2022-06-07 00:00:00+09:00,5930.0,5930.0,5630.0,5700.0,3511,0.0,0.0,0.0
2022-06-08 00:00:00+09:00,5870.0,5870.0,5280.0,5690.0,3874,0.0,0.0,0.0
2022-06-09 00:00:00+09:00,5730.0,5730.0,5530.0,5710.0,203,0.0,0.0,0.0
2022-06-10 00:00:00+09:00,5780.0,5780.0,5600.0,5620.0,352,0.0,0.0,0.0
2022-06-13 00:00:00+09:00,5790.0,5790.0,5010.0,5200.0,12132,0.0,0.0,0.0
2022-06-14 00:00:00+09:00,5340.0,5340.0,4550.0,4925.0,9552,0.0,0.0,0.0
2022-06-15 00:00:00+09:00,5000.0,5000.0,4710.0,4875.0,1065,0.0,0.0,0.0
2022-06-16 00:00:00+09:00,5200.0,5200.0,4750.0,4985.0,3004,0.0,0.0,0.0
2022-06-17 00:00:00+09:00,4945.0,5050.0,4610.0,5050.0,1217,0.0,0.0,0.0
2022-06-20 00:00:00+09:00,5070.0,5150.0,5050.0,5050.0,630,0.0,0.0,0.0
2022-06-21 00:00:00+09:00,5190.0,5190.0,4810.0,4990.0,2943,0.0,0.0,0.0
2022-06-22 00:00:00+09:00,5100.0,5400.0,4700.0,4950.0,433,0.0,0.0,0.0
2022-06-23 00:00:00+09:00,5000.0,5000.0,4755.0,4825.0,618,0.0,0.0,0.0
2022-06-24 00:00:00+09:00,5000.0,5000.0,4600.0,4650.0,3832,0.0,0.0,0.0
2022-06-27 00:00:00+09:00,4850.0,4850.0,4200.0,4400.0,33851,0.0,0.0,0.0
2022-06-28 00:00:00+09:00,4400.0,4590.0,4400.0,4495.0,1424,0.0,0.0,0.0
2022-06-29 00:00:00+09:00,4590.0,4950.0,4090.0,4760.0,2097,0.0,0.0,0.0
2022-06-30 00:00:00+09:00,4800.0,5200.0,4795.0,4870.0,293,0.0,0.0,0.0
2022-07-01 00:00:00+09:00,5200.0,5200.0,5000.0,5100.0,87,0.0,0.0,0.0
2022-07-04 00:00:00+09:00,5100.0,5100.0,5050.0,5050.0,2,0.0,0.0,0.0
2022-07-05 00:00:00+09:00,5100.0,5200.0,4415.0,4745.0,5543,0.0,0.0,0.0
2022-07-06 00:00:00+09:00,4720.0,4800.0,4650.0,4800.0,2243,0.0,0.0,0.0
2022-07-07 00:00:00+09:00,5000.0,5000.0,4465.0,4685.0,2835,0.0,0.0,0.0
2022-07-08 00:00:00+09:00,4675.0,5000.0,4525.0,4800.0,2232,0.0,0.0,0.0
2022-07-11 00:00:00+09:00,4750.0,4870.0,4750.0,4870.0,400,0.0,0.0,0.0
2022-07-12 00:00:00+09:00,4845.0,4845.0,4600.0,4775.0,724,0.0,0.0,0.0
2022-07-13 00:00:00+09:00,4750.0,4800.0,4745.0,4800.0,561,0.0,0.0,0.0
2022-07-14 00:00:00+09:00,4800.0,4800.0,4750.0,4800.0,313,0.0,0.0,0.0
2022-07-15 00:00:00+09:00,4900.0,4900.0,4900.0,4900.0,97,0.0,0.0,0.0
2022-07-18 00:00:00+09:00,5000.0,5000.0,4700.0,4980.0,816,0.0,0.0,0.0
2022-07-19 00:00:00+09:00,4885.0,4890.0,4880.0,4880.0,46,0.0,0.0,0.0
2022-07-20 00:00:00+09:00,4895.0,4895.0,4670.0,4890.0,199,0.0,0.0,0.0
2022-07-21 00:00:00+09:00,4895.0,4895.0,4350.0,4650.0,5343,0.0,0.0,0.0
2022-07-22 00:00:00+09:00,4650.0,4800.0,4505.0,4800.0,3071,0.0,0.0,0.0
2022-07-25 00:00:00+09:00,4600.0,4900.0,4600.0,4895.0,415,0.0,0.0,0.0
2022-07-26 00:00:00+09:00,4900.0,4900.0,4710.0,4895.0,258,0.0,0.0,0.0
2022-07-27 00:00:00+09:00,4890.0,4890.0,4410.0,4780.0,6849,0.0,0.0,0.0
2022-07-28 00:00:00+09:00,4850.0,4850.0,4645.0,4780.0,114,0.0,0.0,0.0
2022-07-29 00:00:00+09:00,4800.0,4800.0,4560.0,4785.0,486,0.0,0.0,0.0
2022-08-01 00:00:00+09:00,4900.0,4900.0,4595.0,4825.0,171,0.0,0.0,0.0
2022-08-02 00:00:00+09:00,4780.0,4825.0,4675.0,4825.0,968,0.0,0.0,0.0
2022-08-03 00:00:00+09:00,4855.0,4890.0,4810.0,4890.0,869,0.0,0.0,0.0
2022-08-04 00:00:00+09:00,4900.0,4900.0,4890.0,4890.0,1694,0.0,0.0,0.0
2022-08-05 00:00:00+09:00,4900.0,5000.0,4900.0,4900.0,4343,0.0,0.0,0.0
2022-08-08 00:00:00+09:00,5000.0,5000.0,4800.0,4995.0,1592,0.0,0.0,0.0
2022-08-09 00:00:00+09:00,5000.0,5100.0,4600.0,5090.0,12611,0.0,0.0,0.0
2022-08-10 00:00:00+09:00,5100.0,5100.0,4730.0,5020.0,577,0.0,0.0,0.0
2022-08-11 00:00:00+09:00,5100.0,5100.0,4940.0,5050.0,380,0.0,0.0,0.0
2022-08-12 00:00:00+09:00,5080.0,5080.0,4825.0,5050.0,58,0.0,0.0,0.0
2022-08-16 00:00:00+09:00,5100.0,5100.0,4825.0,4985.0,11957,0.0,0.0,0.0
2022-08-17 00:00:00+09:00,4980.0,4985.0,4800.0,4900.0,1500,0.0,0.0,0.0
2022-08-18 00:00:00+09:00,4720.0,4930.0,4705.0,4780.0,7637,0.0,0.0,0.0
2022-08-19 00:00:00+09:00,4825.0,4995.0,4780.0,4990.0,4899,0.0,0.0,0.0
2022-08-22 00:00:00+09:00,4990.0,4990.0,4985.0,4990.0,2516,0.0,0.0,0.0
2022-08-23 00:00:00+09:00,4985.0,4985.0,4750.0,4840.0,5637,0.0,0.0,0.0
2022-08-24 00:00:00+09:00,4955.0,4955.0,4770.0,4840.0,1925,0.0,0.0,0.0
2022-08-25 00:00:00+09:00,5000.0,5000.0,4740.0,4840.0,7349,0.0,0.0,0.0
2022-08-26 00:00:00+09:00,4995.0,4995.0,4900.0,4970.0,55,0.0,0.0,0.0
2022-08-29 00:00:00+09:00,4700.0,4950.0,4700.0,4785.0,1473,0.0,0.0,0.0
2022-08-30 00:00:00+09:00,4940.0,4950.0,4700.0,4800.0,3641,0.0,0.0,0.0
2022-08-31 00:00:00+09:00,4800.0,4800.0,4700.0,4800.0,1022,0.0,0.0,0.0
2022-09-01 00:00:00+09:00,4800.0,4900.0,4505.0,4785.0,7190,0.0,0.0,0.0
2022-09-02 00:00:00+09:00,5000.0,5000.0,4700.0,4795.0,13198,0.0,0.0,0.0
2022-09-05 00:00:00+09:00,4700.0,4795.0,4660.0,4785.0,4070,0.0,0.0,0.0
2022-09-06 00:00:00+09:00,5000.0,5000.0,4700.0,4750.0,7174,0.0,0.0,0.0
2022-09-07 00:00:00+09:00,4740.0,4740.0,4625.0,4725.0,385,0.0,0.0,0.0
2022-09-08 00:00:00+09:00,4860.0,4860.0,4815.0,4815.0,2,0.0,0.0,0.0
2022-09-13 00:00:00+09:00,4855.0,4855.0,4630.0,4790.0,950,0.0,0.0,0.0
2022-09-14 00:00:00+09:00,4605.0,4785.0,4550.0,4685.0,3088,0.0,0.0,0.0
2022-09-15 00:00:00+09:00,4670.0,4800.0,4505.0,4745.0,4695,0.0,0.0,0.0
2022-09-16 00:00:00+09:00,4530.0,4700.0,4530.0,4690.0,933,0.0,0.0,0.0
2022-09-19 00:00:00+09:00,5000.0,5000.0,4510.0,4765.0,1254,0.0,0.0,0.0
2022-09-20 00:00:00+09:00,4795.0,4795.0,4510.0,4655.0,1922,0.0,0.0,0.0
2022-09-21 00:00:00+09:00,4500.0,4625.0,4500.0,4500.0,6992,0.0,0.0,0.0
2022-09-22 00:00:00+09:00,4500.0,4795.0,4310.0,4485.0,5337,0.0,0.0,0.0
2022-09-23 00:00:00+09:00,4595.0,4595.0,4210.0,4500.0,1509,0.0,0.0,0.0
2022-09-26 00:00:00+09:00,4350.0,4460.0,4210.0,4330.0,2622,0.0,0.0,0.0
2022-09-27 00:00:00+09:00,4490.0,4490.0,4480.0,4480.0,16,0.0,0.0,0.0
2022-09-28 00:00:00+09:00,4480.0,4480.0,4200.0,4330.0,3705,0.0,0.0,0.0
2022-09-29 00:00:00+09:00,4385.0,4800.0,4200.0,4400.0,8520,0.0,0.0,0.0
2022-09-30 00:00:00+09:00,4595.0,4595.0,4215.0,4500.0,72,0.0,0.0,0.0
2022-10-04 00:00:00+09:00,4245.0,4300.0,4100.0,4195.0,5340,0.0,0.0,0.0
2022-10-05 00:00:00+09:00,4290.0,4290.0,4010.0,4260.0,48,0.0,0.0,0.0
2022-10-06 00:00:00+09:00,4200.0,4200.0,4180.0,4200.0,252,0.0,0.0,0.0
2022-10-07 00:00:00+09:00,4030.0,4140.0,4010.0,4100.0,1063,0.0,0.0,0.0
2022-10-11 00:00:00+09:00,4285.0,4285.0,4045.0,4265.0,119,0.0,0.0,0.0
2022-10-12 00:00:00+09:00,4265.0,4265.0,4265.0,4265.0,0,0.0,0.0,0.0
2022-10-13 00:00:00+09:00,4290.0,4290.0,4000.0,4145.0,220,0.0,0.0,0.0
2022-10-14 00:00:00+09:00,3920.0,4095.0,3920.0,4095.0,239,0.0,0.0,0.0
2022-10-17 00:00:00+09:00,4200.0,4200.0,3970.0,3995.0,1155,0.0,0.0,0.0
2022-10-18 00:00:00+09:00,3995.0,4195.0,3995.0,4185.0,510,0.0,0.0,0.0
2022-10-19 00:00:00+09:00,4185.0,4185.0,3800.0,4000.0,1023,0.0,0.0,0.0
2022-10-20 00:00:00+09:00,4090.0,4090.0,4090.0,4090.0,1,0.0,0.0,0.0
2022-10-21 00:00:00+09:00,3995.0,4095.0,3975.0,4095.0,1600,0.0,0.0,0.0
2022-10-24 00:00:00+09:00,4050.0,4250.0,3900.0,3995.0,1147,0.0,0.0,0.0
2022-10-25 00:00:00+09:00,3990.0,3995.0,3980.0,3995.0,447,0.0,0.0,0.0
2022-10-26 00:00:00+09:00,4095.0,4095.0,4075.0,4075.0,11,0.0,0.0,0.0
2022-10-27 00:00:00+09:00,4070.0,4070.0,4070.0,4070.0,12,0.0,0.0,0.0
2022-10-28 00:00:00+09:00,4090.0,4090.0,4090.0,4090.0,10,0.0,0.0,0.0
2022-10-31 00:00:00+09:00,3800.0,4040.0,3605.0,3735.0,4395,0.0,0.0,0.0
2022-11-01 00:00:00+09:00,3735.0,3985.0,3735.0,3955.0,3094,0.0,0.0,0.0
2022-11-02 00:00:00+09:00,3755.0,3995.0,3755.0,3990.0,196,0.0,0.0,0.0
2022-11-03 00:00:00+09:00,3990.0,3990.0,3715.0,3990.0,270,0.0,0.0,0.0
2022-11-04 00:00:00+09:00,4000.0,4000.0,3780.0,3930.0,2741,0.0,0.0,0.0
2022-11-07 00:00:00+09:00,3995.0,3995.0,3725.0,3785.0,1812,0.0,0.0,0.0
2022-11-08 00:00:00+09:00,3785.0,3785.0,3740.0,3780.0,4188,0.0,0.0,0.0
2022-11-09 00:00:00+09:00,3775.0,3775.0,3705.0,3770.0,346,0.0,0.0,0.0
2022-11-10 00:00:00+09:00,3750.0,3890.0,3700.0,3790.0,1323,0.0,0.0,0.0
2022-11-11 00:00:00+09:00,3875.0,3875.0,3740.0,3740.0,6160,0.0,0.0,0.0
2022-11-14 00:00:00+09:00,3885.0,3885.0,3660.0,3660.0,943,0.0,0.0,0.0
2022-11-15 00:00:00+09:00,3890.0,3890.0,3550.0,3720.0,1113,0.0,0.0,0.0
2022-11-16 00:00:00+09:00,3785.0,3785.0,3720.0,3720.0,326,0.0,0.0,0.0
2022-11-17 00:00:00+09:00,3750.0,3750.0,3620.0,3695.0,1118,0.0,0.0,0.0
2022-11-18 00:00:00+09:00,3790.0,3790.0,3610.0,3695.0,2052,0.0,0.0,0.0
2022-11-21 00:00:00+09:00,3695.0,3990.0,3680.0,3900.0,821,0.0,0.0,0.0
2022-11-22 00:00:00+09:00,3715.0,3885.0,3715.0,3885.0,1089,0.0,0.0,0.0
2022-11-23 00:00:00+09:00,3880.0,3995.0,3775.0,3935.0,2294,0.0,0.0,0.0
2022-11-24 00:00:00+09:00,4510.0,4510.0,3760.0,4310.0,2595,0.0,0.0,0.0
2022-11-25 00:00:00+09:00,3995.0,4100.0,3770.0,3965.0,3956,0.0,0.0,0.0
2022-11-28 00:00:00+09:00,3980.0,3980.0,3850.0,3960.0,746,0.0,0.0,0.0
2022-11-29 00:00:00+09:00,3950.0,3950.0,3950.0,3950.0,12,0.0,0.0,0.0
2022-11-30 00:00:00+09:00,3990.0,3990.0,3990.0,3990.0,3,0.0,0.0,0.0
2022-12-01 00:00:00+09:00,3990.0,3995.0,3790.0,3985.0,244,0.0,0.0,0.0
2022-12-02 00:00:00+09:00,4555.0,4555.0,3710.0,3960.0,1089,0.0,0.0,0.0
2022-12-05 00:00:00+09:00,3985.0,3985.0,3800.0,3845.0,6338,0.0,0.0,0.0
2022-12-06 00:00:00+09:00,3985.0,3985.0,3790.0,3835.0,166,0.0,0.0,0.0
2022-12-07 00:00:00+09:00,3990.0,3990.0,3700.0,3825.0,10326,0.0,0.0,0.0
2022-12-08 00:00:00+09:00,3865.0,3865.0,3600.0,3700.0,3230,0.0,0.0,0.0
2022-12-09 00:00:00+09:00,3785.0,3785.0,3680.0,3695.0,754,0.0,0.0,0.0
2022-12-12 00:00:00+09:00,3695.0,3730.0,3645.0,3730.0,205,0.0,0.0,0.0
2022-12-13 00:00:00+09:00,3795.0,3795.0,3405.0,3715.0,10114,0.0,0.0,0.0
2022-12-14 00:00:00+09:00,3785.0,3785.0,3540.0,3715.0,232,0.0,0.0,0.0
2022-12-15 00:00:00+09:00,3775.0,3775.0,3520.0,3665.0,502,0.0,0.0,0.0
2022-12-16 00:00:00+09:00,3785.0,3785.0,3595.0,3695.0,2455,0.0,0.0,0.0
2022-12-19 00:00:00+09:00,3780.0,3780.0,3520.0,3705.0,327,0.0,0.0,0.0
2022-12-20 00:00:00+09:00,3700.0,3700.0,3675.0,3675.0,21,0.0,0.0,0.0
2022-12-21 00:00:00+09:00,3795.0,3795.0,3600.0,3600.0,282,0.0,0.0,0.0
2022-12-22 00:00:00+09:00,3790.0,3790.0,3580.0,3580.0,1072,0.0,0.0,0.0
2022-12-23 00:00:00+09:00,3790.0,3790.0,3600.0,3695.0,104,0.0,0.0,0.0
2022-12-26 00:00:00+09:00,3775.0,3775.0,3545.0,3730.0,4,0.0,0.0,0.0
2022-12-27 00:00:00+09:00,3755.0,3755.0,3730.0,3730.0,5,0.0,0.0,0.0
2022-12-28 00:00:00+09:00,3700.0,3700.0,3700.0,3700.0,1,0.0,0.0,0.0
2022-12-29 00:00:00+09:00,3785.0,3785.0,3700.0,3700.0,1031,0.0,0.0,0.0
2023-01-02 00:00:00+09:00,3695.0,3695.0,3630.0,3635.0,1089,0.0,0.0,0.0
2023-01-03 00:00:00+09:00,3790.0,3790.0,3505.0,3620.0,2766,0.0,0.0,0.0
2023-01-04 00:00:00+09:00,3610.0,3730.0,3165.0,3525.0,2763,0.0,0.0,0.0
2023-01-05 00:00:00+09:00,3525.0,3595.0,3310.0,3400.0,5062,0.0,0.0,0.0
2023-01-06 00:00:00+09:00,3400.0,3600.0,3365.0,3575.0,3415,0.0,0.0,0.0
2023-01-09 00:00:00+09:00,3660.0,3660.0,3420.0,3580.0,1854,0.0,0.0,0.0
2023-01-10 00:00:00+09:00,3685.0,3795.0,3500.0,3700.0,2218,0.0,0.0,0.0
2023-01-11 00:00:00+09:00,3790.0,3790.0,3600.0,3650.0,422,0.0,0.0,0.0
2023-01-12 00:00:00+09:00,3520.0,3755.0,3520.0,3640.0,272,0.0,0.0,0.0
2023-01-13 00:00:00+09:00,3780.0,3780.0,3640.0,3700.0,161,0.0,0.0,0.0
2023-01-16 00:00:00+09:00,3785.0,3785.0,3705.0,3720.0,363,0.0,0.0,0.0
2023-01-17 00:00:00+09:00,3785.0,3785.0,3600.0,3600.0,1353,0.0,0.0,0.0
2023-01-18 00:00:00+09:00,3780.0,3780.0,3600.0,3745.0,473,0.0,0.0,0.0
2023-01-19 00:00:00+09:00,3525.0,3715.0,3525.0,3625.0,2580,0.0,0.0,0.0
2023-01-20 00:00:00+09:00,3795.0,3795.0,3560.0,3710.0,678,0.0,0.0,0.0
2023-01-25 00:00:00+09:00,3780.0,3780.0,3520.0,3695.0,1781,0.0,0.0,0.0
2023-01-26 00:00:00+09:00,3600.0,3760.0,3600.0,3715.0,2669,0.0,0.0,0.0
2023-01-27 00:00:00+09:00,3705.0,3705.0,3485.0,3685.0,5017,0.0,0.0,0.0
2023-01-30 00:00:00+09:00,3695.0,3695.0,3360.0,3490.0,16926,0.0,0.0,0.0
2023-01-31 00:00:00+09:00,3585.0,3585.0,3300.0,3495.0,5240,0.0,0.0,0.0
2023-02-01 00:00:00+09:00,3480.0,3490.0,3465.0,3465.0,31,0.0,0.0,0.0
2023-02-02 00:00:00+09:00,3490.0,3585.0,3410.0,3500.0,1238,0.0,0.0,0.0
2023-02-03 00:00:00+09:00,3400.0,3600.0,3400.0,3585.0,4461,0.0,0.0,0.0
2023-02-06 00:00:00+09:00,3525.0,3525.0,3410.0,3500.0,747,0.0,0.0,0.0
2023-02-07 00:00:00+09:00,3685.0,3685.0,3685.0,3685.0,1,0.0,0.0,0.0
2023-02-08 00:00:00+09:00,3690.0,4235.0,3500.0,4235.0,13633,0.0,0.0,0.0
2023-02-09 00:00:00+09:00,4400.0,4865.0,4350.0,4350.0,1935,0.0,0.0,0.0
2023-02-10 00:00:00+09:00,4480.0,4590.0,4360.0,4495.0,1241,0.0,0.0,0.0
2023-02-13 00:00:00+09:00,4580.0,4580.0,4405.0,4555.0,3384,0.0,0.0,0.0
2023-02-14 00:00:00+09:00,4575.0,4575.0,4450.0,4470.0,1898,0.0,0.0,0.0
2023-02-15 00:00:00+09:00,4565.0,4565.0,4400.0,4495.0,2273,0.0,0.0,0.0
2023-02-16 00:00:00+09:00,4500.0,4770.0,4495.0,4770.0,2948,0.0,0.0,0.0
2023-02-17 00:00:00+09:00,4800.0,4995.0,4500.0,4940.0,1629,0.0,0.0,0.0
2023-02-20 00:00:00+09:00,4980.0,4980.0,4750.0,4895.0,1989,0.0,0.0,0.0
2023-02-21 00:00:00+09:00,4985.0,4985.0,4820.0,4920.0,1860,0.0,0.0,0.0
2023-02-22 00:00:00+09:00,4990.0,4990.0,4740.0,4940.0,3898,0.0,0.0,0.0
2023-02-23 00:00:00+09:00,4995.0,4995.0,4920.0,4930.0,263,0.0,0.0,0.0
2023-02-24 00:00:00+09:00,4930.0,4930.0,4875.0,4880.0,385,0.0,0.0,0.0
2023-02-27 00:00:00+09:00,4970.0,4970.0,4875.0,4915.0,562,0.0,0.0,0.0
2023-02-28 00:00:00+09:00,4950.0,4950.0,4860.0,4920.0,1852,0.0,0.0,0.0
2023-03-02 00:00:00+09:00,4950.0,4950.0,4870.0,4930.0,382,0.0,0.0,0.0
2023-03-03 00:00:00+09:00,4995.0,4995.0,4890.0,4920.0,741,0.0,0.0,0.0
2023-03-06 00:00:00+09:00,4920.0,4950.0,4910.0,4930.0,894,0.0,0.0,0.0
2023-03-07 00:00:00+09:00,4950.0,4950.0,4785.0,4920.0,994,0.0,0.0,0.0
2023-03-08 00:00:00+09:00,4920.0,4930.0,4450.0,4600.0,5902,0.0,0.0,0.0
2023-03-09 00:00:00+09:00,4800.0,4900.0,4650.0,4870.0,522,0.0,0.0,0.0
2023-03-10 00:00:00+09:00,4935.0,4935.0,4710.0,4850.0,864,0.0,0.0,0.0
2023-03-13 00:00:00+09:00,4720.0,4940.0,4720.0,4845.0,1649,0.0,0.0,0.0
2023-03-14 00:00:00+09:00,4870.0,4870.0,4600.0,4775.0,578,0.0,0.0,0.0
2023-03-15 00:00:00+09:00,4880.0,4880.0,4215.0,4215.0,6314,0.0,0.0,0.0
2023-03-16 00:00:00+09:00,4385.0,4700.0,4350.0,4485.0,5625,0.0,0.0,0.0
2023-03-17 00:00:00+09:00,4595.0,4595.0,4315.0,4525.0,187,0.0,0.0,0.0
2023-03-20 00:00:00+09:00,4595.0,4595.0,4505.0,4530.0,10787,0.0,0.0,0.0
2023-03-21 00:00:00+09:00,4530.0,5200.0,4530.0,4835.0,4342,0.0,0.0,0.0
2023-03-22 00:00:00+09:00,5100.0,5100.0,4835.0,4835.0,4055,0.0,0.0,0.0
2023-03-23 00:00:00+09:00,5090.0,5090.0,4830.0,4895.0,4632,0.0,0.0,0.0
2023-03-24 00:00:00+09:00,5100.0,5100.0,4805.0,4825.0,1029,0.0,0.0,0.0
2023-03-27 00:00:00+09:00,4800.0,5000.0,4715.0,4820.0,932,0.0,0.0,0.0
2023-03-28 00:00:00+09:00,4820.0,5000.0,4820.0,4880.0,4259,0.0,0.0,0.0
2023-03-29 00:00:00+09:00,5090.0,5090.0,4825.0,5080.0,11140,0.0,0.0,0.0
2023-03-30 00:00:00+09:00,5080.0,5200.0,5000.0,5180.0,10856,0.0,0.0,0.0
2023-03-31 00:00:00+09:00,5200.0,5490.0,5200.0,5490.0,13813,0.0,0.0,0.0
2023-04-03 00:00:00+09:00,5600.0,5600.0,5300.0,5520.0,2568,0.0,0.0,0.0
2023-04-04 00:00:00+09:00,5470.0,5600.0,5460.0,5600.0,4921,0.0,0.0,0.0
2023-04-05 00:00:00+09:00,5780.0,6270.0,5600.0,6190.0,21706,0.0,0.0,0.0
2023-04-06 00:00:00+09:00,6400.0,6860.0,6190.0,6280.0,26215,0.0,0.0,0.0
2023-04-07 00:00:00+09:00,6280.0,6850.0,6280.0,6690.0,6372,0.0,0.0,0.0
2023-04-10 00:00:00+09:00,6850.0,6850.0,5770.0,6500.0,15686,0.0,0.0,0.0
2023-04-11 00:00:00+09:00,6670.0,6840.0,6000.0,6460.0,6856,0.0,0.0,0.0
2023-04-12 00:00:00+09:00,6600.0,6800.0,6100.0,6170.0,8807,0.0,0.0,0.0
2023-04-13 00:00:00+09:00,6200.0,6200.0,5990.0,6180.0,3288,0.0,0.0,0.0
2023-04-14 00:00:00+09:00,6100.0,6390.0,6060.0,6150.0,7389,0.0,0.0,0.0
2023-04-17 00:00:00+09:00,6370.0,6370.0,6000.0,6130.0,1451,0.0,0.0,0.0
2023-04-18 00:00:00+09:00,6180.0,6180.0,5800.0,6130.0,8645,0.0,0.0,0.0
2023-04-19 00:00:00+09:00,6180.0,6180.0,5400.0,5570.0,6730,0.0,0.0,0.0
2023-04-20 00:00:00+09:00,5600.0,5870.0,5490.0,5660.0,3756,0.0,0.0,0.0
2023-04-21 00:00:00+09:00,5800.0,5800.0,5220.0,5360.0,5562,0.0,0.0,0.0
2023-04-24 00:00:00+09:00,5570.0,5570.0,4670.0,5250.0,6791,0.0,0.0,0.0
2023-04-25 00:00:00+09:00,5370.0,5370.0,4900.0,5000.0,6302,0.0,0.0,0.0
2023-04-26 00:00:00+09:00,5090.0,5090.0,4850.0,5000.0,2633,0.0,0.0,0.0
2023-04-27 00:00:00+09:00,5050.0,5050.0,4710.0,4990.0,2446,0.0,0.0,0.0
2023-04-28 00:00:00+09:00,4995.0,5200.0,4915.0,5140.0,475,0.0,0.0,0.0
2023-05-02 00:00:00+09:00,5090.0,5320.0,5050.0,5100.0,1747,0.0,0.0,0.0
2023-05-03 00:00:00+09:00,5100.0,5290.0,4910.0,5090.0,1496,0.0,0.0,0.0
2023-05-04 00:00:00+09:00,5090.0,5090.0,4900.0,4995.0,1223,0.0,0.0,0.0
2023-05-08 00:00:00+09:00,5090.0,5090.0,4995.0,5000.0,646,0.0,0.0,0.0
2023-05-09 00:00:00+09:00,4950.0,4985.0,4800.0,4935.0,2194,0.0,0.0,0.0
2023-05-10 00:00:00+09:00,4995.0,4995.0,4810.0,4905.0,5072,0.0,0.0,0.0
2023-05-11 00:00:00+09:00,4990.0,4990.0,4830.0,4920.0,829,0.0,0.0,0.0
2023-05-12 00:00:00+09:00,4805.0,4890.0,4750.0,4870.0,4829,0.0,0.0,0.0
2023-05-15 00:00:00+09:00,4715.0,4880.0,4705.0,4805.0,1736,0.0,0.0,0.0
2023-05-16 00:00:00+09:00,4780.0,5000.0,4780.0,4905.0,500,0.0,0.0,0.0
2023-05-17 00:00:00+09:00,4945.0,5150.0,4775.0,4945.0,11471,0.0,0.0,0.0
2023-05-18 00:00:00+09:00,4985.0,5100.0,4910.0,4990.0,2499,0.0,0.0,0.0
2023-05-19 00:00:00+09:00,5090.0,5090.0,4900.0,5010.0,1546,0.0,0.0,0.0
2023-05-22 00:00:00+09:00,5100.0,5100.0,4260.0,4300.0,59116,0.0,0.0,0.0
2023-05-23 00:00:00+09:00,4485.0,4590.0,4400.0,4590.0,2431,0.0,0.0,0.0
2023-05-24 00:00:00+09:00,4600.0,4600.0,4580.0,4590.0,795,0.0,0.0,0.0
2023-05-25 00:00:00+09:00,4695.0,4695.0,4610.0,4680.0,1702,0.0,0.0,0.0
2023-05-26 00:00:00+09:00,4695.0,4695.0,4500.0,4680.0,4066,0.0,0.0,0.0
2023-05-30 00:00:00+09:00,4700.0,4700.0,4600.0,4670.0,1003,0.0,0.0,0.0
2023-05-31 00:00:00+09:00,4670.0,4695.0,4570.0,4610.0,1429,0.0,0.0,0.0
2023-06-01 00:00:00+09:00,4700.0,4700.0,4505.0,4595.0,1675,0.0,0.0,0.0
2023-06-02 00:00:00+09:00,4650.0,4650.0,4500.0,4575.0,4806,0.0,0.0,0.0
2023-06-05 00:00:00+09:00,4690.0,4690.0,4570.0,4575.0,1332,0.0,0.0,0.0
2023-06-07 00:00:00+09:00,4570.0,4690.0,4530.0,4575.0,2861,0.0,0.0,0.0
2023-06-08 00:00:00+09:00,4690.0,4690.0,4300.0,4655.0,7085,0.0,0.0,0.0
2023-06-09 00:00:00+09:00,4700.0,4700.0,4625.0,4680.0,3203,0.0,0.0,0.0
2023-06-12 00:00:00+09:00,4680.0,4680.0,4550.0,4635.0,5817,0.0,0.0,0.0
2023-06-13 00:00:00+09:00,4700.0,4700.0,4490.0,4575.0,5138,0.0,0.0,0.0
2023-06-14 00:00:00+09:00,4570.0,4620.0,4460.0,4460.0,1999,0.0,0.0,0.0
2023-06-15 00:00:00+09:00,4575.0,4575.0,4315.0,4475.0,7583,0.0,0.0,0.0
2023-06-16 00:00:00+09:00,4470.0,4475.0,4420.0,4475.0,886,0.0,0.0,0.0
2023-06-19 00:00:00+09:00,4470.0,4470.0,4360.0,4460.0,1493,0.0,0.0,0.0
2023-06-20 00:00:00+09:00,4540.0,4540.0,4385.0,4490.0,2365,0.0,0.0,0.0
2023-06-21 00:00:00+09:00,4550.0,4565.0,4355.0,4505.0,4426,0.0,0.0,0.0
2023-06-22 00:00:00+09:00,4495.0,4550.0,4410.0,4540.0,7242,0.0,0.0,0.0
2023-06-23 00:00:00+09:00,4600.0,4600.0,4375.0,4585.0,2875,0.0,0.0,0.0
2023-06-26 00:00:00+09:00,4695.0,4695.0,4465.0,4465.0,1288,0.0,0.0,0.0
2023-06-27 00:00:00+09:00,4500.0,4695.0,4500.0,4690.0,1843,0.0,0.0,0.0
2023-06-28 00:00:00+09:00,4415.0,5100.0,4415.0,5060.0,12205,0.0,0.0,0.0
2023-06-29 00:00:00+09:00,5070.0,5150.0,4825.0,4935.0,5252,0.0,0.0,0.0
2023-06-30 00:00:00+09:00,5040.0,5040.0,4810.0,5020.0,3416,0.0,0.0,0.0
2023-07-03 00:00:00+09:00,4900.0,5090.0,4900.0,5080.0,3101,0.0,0.0,0.0
2023-07-04 00:00:00+09:00,5080.0,5150.0,5000.0,5110.0,5973,0.0,0.0,0.0
2023-07-05 00:00:00+09:00,5200.0,5370.0,4520.0,4990.0,6242,0.0,0.0,0.0
2023-07-06 00:00:00+09:00,5000.0,5090.0,4990.0,5060.0,1112,0.0,0.0,0.0
2023-07-07 00:00:00+09:00,5100.0,5100.0,4800.0,4940.0,1854,0.0,0.0,0.0
2023-07-10 00:00:00+09:00,4865.0,4995.0,4700.0,4845.0,3739,0.0,0.0,0.0
2023-07-11 00:00:00+09:00,4995.0,4995.0,4780.0,4900.0,2697,0.0,0.0,0.0
2023-07-12 00:00:00+09:00,4990.0,4990.0,4800.0,4885.0,674,0.0,0.0,0.0
2023-07-13 00:00:00+09:00,4715.0,4885.0,4715.0,4880.0,1859,0.0,0.0,0.0
2023-07-14 00:00:00+09:00,4950.0,4950.0,4800.0,4875.0,3275,0.0,0.0,0.0
2023-07-17 00:00:00+09:00,4995.0,4995.0,4660.0,4795.0,5293,0.0,0.0,0.0
2023-07-18 00:00:00+09:00,4885.0,4885.0,4720.0,4750.0,5192,0.0,0.0,0.0
2023-07-19 00:00:00+09:00,4615.0,4895.0,4510.0,4680.0,8725,0.0,0.0,0.0
2023-07-20 00:00:00+09:00,4520.0,4675.0,4520.0,4650.0,931,0.0,0.0,0.0
2023-07-21 00:00:00+09:00,4795.0,4795.0,4480.0,4550.0,9281,0.0,0.0,0.0
2023-07-24 00:00:00+09:00,4590.0,4590.0,4310.0,4400.0,15029,0.0,0.0,0.0
2023-07-25 00:00:00+09:00,4500.0,4500.0,4325.0,4480.0,4216,0.0,0.0,0.0
2023-07-26 00:00:00+09:00,4480.0,4480.0,4300.0,4420.0,8459,0.0,0.0,0.0
2023-07-27 00:00:00+09:00,4490.0,4490.0,4300.0,4395.0,13079,0.0,0.0,0.0
2023-07-28 00:00:00+09:00,4310.0,4585.0,4310.0,4480.0,6548,0.0,0.0,0.0
2023-07-31 00:00:00+09:00,4580.0,4580.0,4455.0,4565.0,635,0.0,0.0,0.0
2023-08-01 00:00:00+09:00,4590.0,4590.0,4400.0,4495.0,12626,0.0,0.0,0.0
2023-08-02 00:00:00+09:00,4595.0,4600.0,4340.0,4490.0,4740,0.0,0.0,0.0
2023-08-03 00:00:00+09:00,4600.0,4600.0,4320.0,4450.0,12914,0.0,0.0,0.0
2023-08-04 00:00:00+09:00,4590.0,4590.0,4305.0,4470.0,3262,0.0,0.0,0.0
2023-08-07 00:00:00+09:00,4465.0,4485.0,4430.0,4480.0,2588,0.0,0.0,0.0
2023-08-08 00:00:00+09:00,4590.0,4590.0,4400.0,4460.0,5677,0.0,0.0,0.0
2023-08-09 00:00:00+09:00,4370.0,4460.0,4370.0,4445.0,2405,0.0,0.0,0.0
2023-08-10 00:00:00+09:00,4590.0,4590.0,4370.0,4430.0,3398,0.0,0.0,0.0
2023-08-11 00:00:00+09:00,4580.0,4580.0,4370.0,4440.0,1735,0.0,0.0,0.0
2023-08-14 00:00:00+09:00,4445.0,4500.0,4330.0,4410.0,3377,0.0,0.0,0.0
2023-08-16 00:00:00+09:00,4410.0,4600.0,4350.0,4520.0,15590,0.0,0.0,0.0
2023-08-17 00:00:00+09:00,4550.0,4550.0,4445.0,4515.0,1190,0.0,0.0,0.0
2023-08-18 00:00:00+09:00,4695.0,4695.0,4480.0,4510.0,1965,0.0,0.0,0.0
2023-08-21 00:00:00+09:00,4510.0,4510.0,4355.0,4435.0,5286,0.0,0.0,0.0
2023-08-22 00:00:00+09:00,4495.0,4495.0,4360.0,4400.0,3520,0.0,0.0,0.0
2023-08-23 00:00:00+09:00,4585.0,4585.0,4300.0,4365.0,4338,0.0,0.0,0.0
2023-08-24 00:00:00+09:00,4490.0,4490.0,4310.0,4325.0,4483,0.0,0.0,0.0
2023-08-25 00:00:00+09:00,4485.0,4485.0,4265.0,4280.0,4513,0.0,0.0,0.0
2023-08-28 00:00:00+09:00,4790.0,4790.0,4270.0,4320.0,2779,0.0,0.0,0.0
2023-08-29 00:00:00+09:00,4460.0,4460.0,4250.0,4300.0,3878,0.0,0.0,0.0
2023-08-30 00:00:00+09:00,4255.0,4435.0,4230.0,4300.0,1331,0.0,0.0,0.0
2023-08-31 00:00:00+09:00,4445.0,4445.0,4235.0,4300.0,1942,0.0,0.0,0.0
2023-09-01 00:00:00+09:00,4480.0,4480.0,4240.0,4350.0,1791,0.0,0.0,0.0
2023-09-04 00:00:00+09:00,4485.0,4485.0,4255.0,4350.0,3239,0.0,0.0,0.0
2023-09-05 00:00:00+09:00,4485.0,4485.0,4260.0,4340.0,1693,0.0,0.0,0.0
2023-09-06 00:00:00+09:00,4455.0,4465.0,4285.0,4365.0,10612,0.0,0.0,0.0
2023-09-07 00:00:00+09:00,4300.0,4415.0,4275.0,4350.0,11377,0.0,0.0,0.0
2023-09-08 00:00:00+09:00,4420.0,4420.0,4300.0,4340.0,4121,0.0,0.0,0.0
2023-09-11 00:00:00+09:00,4415.0,4415.0,4305.0,4390.0,13886,0.0,0.0,0.0
2023-09-12 00:00:00+09:00,4460.0,4460.0,4240.0,4380.0,5383,0.0,0.0,0.0
2023-09-13 00:00:00+09:00,4480.0,4480.0,4265.0,4300.0,7145,0.0,0.0,0.0
2023-09-14 00:00:00+09:00,4415.0,4415.0,4250.0,4320.0,10840,0.0,0.0,0.0
2023-09-15 00:00:00+09:00,4420.0,4420.0,4240.0,4365.0,534,0.0,0.0,0.0
2023-09-18 00:00:00+09:00,4400.0,4400.0,4255.0,4325.0,1198,0.0,0.0,0.0
2023-09-19 00:00:00+09:00,4490.0,4490.0,4305.0,4340.0,785,0.0,0.0,0.0
2023-09-20 00:00:00+09:00,4440.0,4440.0,4240.0,4380.0,96,0.0,0.0,0.0
2023-09-21 00:00:00+09:00,4435.0,4435.0,4120.0,4230.0,15261,0.0,0.0,0.0
2023-09-22 00:00:00+09:00,4385.0,4385.0,4115.0,4340.0,1803,0.0,0.0,0.0
2023-09-25 00:00:00+09:00,4345.0,4435.0,4305.0,4360.0,3243,0.0,0.0,0.0
2023-09-26 00:00:00+09:00,4430.0,4430.0,4270.0,4340.0,1339,0.0,0.0,0.0
2023-09-27 00:00:00+09:00,4405.0,4410.0,4295.0,4350.0,4809,0.0,0.0,0.0
2023-10-04 00:00:00+09:00,4400.0,4400.0,4285.0,4285.0,429,0.0,0.0,0.0
2023-10-05 00:00:00+09:00,4400.0,4400.0,4290.0,4345.0,541,0.0,0.0,0.0
2023-10-06 00:00:00+09:00,4415.0,4415.0,4350.0,4415.0,11001,0.0,0.0,0.0
2023-10-10 00:00:00+09:00,4420.0,4495.0,4310.0,4450.0,5583,0.0,0.0,0.0
2023-10-11 00:00:00+09:00,4315.0,4475.0,4300.0,4395.0,6235,0.0,0.0,0.0
2023-10-12 00:00:00+09:00,4480.0,4480.0,4300.0,4370.0,460,0.0,0.0,0.0
2023-10-13 00:00:00+09:00,4445.0,4445.0,4370.0,4375.0,224,0.0,0.0,0.0
2023-10-16 00:00:00+09:00,4455.0,4485.0,4315.0,4405.0,566,0.0,0.0,0.0
2023-10-17 00:00:00+09:00,4495.0,4495.0,4250.0,4350.0,4252,0.0,0.0,0.0
2023-10-18 00:00:00+09:00,4400.0,4400.0,4280.0,4285.0,5556,0.0,0.0,0.0
2023-10-19 00:00:00+09:00,4485.0,4485.0,4210.0,4265.0,2313,0.0,0.0,0.0
2023-10-20 00:00:00+09:00,4385.0,4385.0,4250.0,4315.0,1268,0.0,0.0,0.0
2023-10-23 00:00:00+09:00,4865.0,4885.0,4260.0,4320.0,9233,0.0,0.0,0.0
2023-10-24 00:00:00+09:00,4490.0,4490.0,4235.0,4290.0,3184,0.0,0.0,0.0
2023-10-25 00:00:00+09:00,4465.0,4465.0,3710.0,4295.0,1795,0.0,0.0,0.0
2023-10-26 00:00:00+09:00,4395.0,4395.0,4125.0,4290.0,1239,0.0,0.0,0.0
2023-10-27 00:00:00+09:00,4290.0,4375.0,4160.0,4275.0,8321,0.0,0.0,0.0
2023-10-30 00:00:00+09:00,4280.0,4330.0,4200.0,4315.0,11376,0.0,0.0,0.0
2023-10-31 00:00:00+09:00,4390.0,4400.0,4265.0,4335.0,4905,0.0,0.0,0.0
2023-11-01 00:00:00+09:00,4385.0,4695.0,4380.0,4680.0,10650,0.0,0.0,0.0
2023-11-02 00:00:00+09:00,4700.0,4795.0,4580.0,4685.0,5011,0.0,0.0,0.0
2023-11-03 00:00:00+09:00,4790.0,4800.0,4510.0,4795.0,10149,0.0,0.0,0.0
2023-11-06 00:00:00+09:00,4895.0,4895.0,4615.0,4860.0,1412,0.0,0.0,0.0
2023-11-07 00:00:00+09:00,4895.0,4895.0,4655.0,4880.0,2156,0.0,0.0,0.0
2023-11-08 00:00:00+09:00,4890.0,4890.0,4685.0,4740.0,1402,0.0,0.0,0.0
2023-11-09 00:00:00+09:00,4900.0,4900.0,4600.0,4705.0,18514,0.0,0.0,0.0
2023-11-10 00:00:00+09:00,4990.0,4990.0,4705.0,4885.0,3094,0.0,0.0,0.0
2023-11-13 00:00:00+09:00,4945.0,4945.0,4700.0,4855.0,4116,0.0,0.0,0.0
2023-11-14 00:00:00+09:00,4875.0,4875.0,4750.0,4845.0,910,0.0,0.0,0.0
2023-11-15 00:00:00+09:00,4845.0,4845.0,4640.0,4780.0,1499,0.0,0.0,0.0
2023-11-16 00:00:00+09:00,4630.0,4890.0,4630.0,4745.0,972,0.0,0.0,0.0
2023-11-17 00:00:00+09:00,4690.0,4885.0,4685.0,4830.0,1021,0.0,0.0,0.0
2023-11-20 00:00:00+09:00,4870.0,4870.0,4835.0,4840.0,2216,0.0,0.0,0.0
2023-11-21 00:00:00+09:00,4150.0,4830.0,4115.0,4115.0,70426,0.0,0.0,0.0
2023-11-22 00:00:00+09:00,4090.0,4260.0,4000.0,4150.0,1994,0.0,0.0,0.0
2023-11-23 00:00:00+09:00,4200.0,4475.0,4200.0,4300.0,4075,0.0,0.0,0.0
2023-11-24 00:00:00+09:00,4375.0,4375.0,4090.0,4245.0,2710,0.0,0.0,0.0
2023-11-27 00:00:00+09:00,4240.0,4240.0,4125.0,4210.0,1077,0.0,0.0,0.0
2023-11-28 00:00:00+09:00,4290.0,4290.0,4120.0,4190.0,925,0.0,0.0,0.0
2023-11-29 00:00:00+09:00,4275.0,4275.0,4150.0,4250.0,764,0.0,0.0,0.0
2023-11-30 00:00:00+09:00,4115.0,4235.0,4095.0,4115.0,9148,0.0,0.0,0.0
2023-12-01 00:00:00+09:00,4285.0,4285.0,4050.0,4100.0,996,0.0,0.0,0.0
2023-12-04 00:00:00+09:00,4280.0,4280.0,3960.0,4070.0,2942,0.0,0.0,0.0
2023-12-05 00:00:00+09:00,4185.0,4185.0,4050.0,4075.0,1267,0.0,0.0,0.0
2023-12-06 00:00:00+09:00,4085.0,4085.0,4000.0,4010.0,828,0.0,0.0,0.0
2023-12-07 00:00:00+09:00,4200.0,4200.0,3950.0,4075.0,8149,0.0,0.0,0.0
2023-12-08 00:00:00+09:00,4075.0,4110.0,4000.0,4080.0,6467,0.0,0.0,0.0
2023-12-11 00:00:00+09:00,4185.0,4185.0,4060.0,4130.0,6671,0.0,0.0,0.0
2023-12-12 00:00:00+09:00,4195.0,4300.0,4130.0,4185.0,13257,0.0,0.0,0.0
2023-12-13 00:00:00+09:00,4395.0,4395.0,4175.0,4235.0,3684,0.0,0.0,0.0
2023-12-14 00:00:00+09:00,4395.0,4395.0,4250.0,4260.0,3618,0.0,0.0,0.0
2023-12-15 00:00:00+09:00,4260.0,4400.0,4205.0,4235.0,10411,0.0,0.0,0.0
2023-12-18 00:00:00+09:00,4375.0,4375.0,4230.0,4285.0,13186,0.0,0.0,0.0
2023-12-19 00:00:00+09:00,4425.0,4425.0,4205.0,4295.0,1845,0.0,0.0,0.0
2023-12-20 00:00:00+09:00,4440.0,4440.0,4230.0,4260.0,1933,0.0,0.0,0.0
2023-12-21 00:00:00+09:00,4390.0,4700.0,4215.0,4500.0,7248,0.0,0.0,0.0
2023-12-22 00:00:00+09:00,4500.0,4550.0,4275.0,4500.0,76827,0.0,0.0,0.0
2023-12-26 00:00:00+09:00,4580.0,4600.0,4390.0,4490.0,8691,0.0,0.0,0.0
2023-12-27 00:00:00+09:00,4535.0,4535.0,4400.0,4445.0,7681,0.0,0.0,0.0
2023-12-28 00:00:00+09:00,4495.0,4695.0,4490.0,4690.0,13198,0.0,0.0,0.0
2024-01-02 00:00:00+09:00,4650.0,4700.0,4550.0,4615.0,8847,0.0,0.0,0.0
2024-01-03 00:00:00+09:00,4800.0,4800.0,4580.0,4585.0,4749,0.0,0.0,0.0
2024-01-04 00:00:00+09:00,4790.0,4790.0,4610.0,4620.0,8614,0.0,0.0,0.0
2024-01-05 00:00:00+09:00,4790.0,4790.0,4600.0,4715.0,5775,0.0,0.0,0.0
2024-01-08 00:00:00+09:00,4740.0,4740.0,4350.0,4385.0,37819,0.0,0.0,0.0
2024-01-09 00:00:00+09:00,4485.0,4595.0,4300.0,4370.0,16146,0.0,0.0,0.0
2024-01-10 00:00:00+09:00,4550.0,4550.0,4360.0,4380.0,7570,0.0,0.0,0.0
2024-01-11 00:00:00+09:00,4655.0,4655.0,4300.0,4400.0,8365,0.0,0.0,0.0
2024-01-12 00:00:00+09:00,4590.0,4590.0,4355.0,4435.0,3890,0.0,0.0,0.0
2024-01-15 00:00:00+09:00,4450.0,4450.0,4350.0,4400.0,2250,0.0,0.0,0.0
2024-01-16 00:00:00+09:00,4445.0,4700.0,4350.0,4420.0,27628,0.0,0.0,0.0
2024-01-17 00:00:00+09:00,4545.0,4545.0,4350.0,4450.0,2632,0.0,0.0,0.0
2024-01-18 00:00:00+09:00,4440.0,4450.0,4365.0,4450.0,4260,0.0,0.0,0.0
2024-01-19 00:00:00+09:00,4550.0,4560.0,4410.0,4440.0,5845,0.0,0.0,0.0
2024-01-22 00:00:00+09:00,4600.0,4600.0,4440.0,4525.0,7723,0.0,0.0,0.0
2024-01-23 00:00:00+09:00,4550.0,4550.0,4455.0,4530.0,13888,0.0,0.0,0.0
2024-01-24 00:00:00+09:00,4590.0,4590.0,4450.0,4490.0,1656,0.0,0.0,0.0
2024-01-25 00:00:00+09:00,4690.0,4690.0,4460.0,4550.0,4951,0.0,0.0,0.0
2024-01-26 00:00:00+09:00,4640.0,4670.0,4470.0,4580.0,7987,0.0,0.0,0.0
2024-01-29 00:00:00+09:00,4600.0,4695.0,4510.0,4640.0,11194,0.0,0.0,0.0
2024-01-30 00:00:00+09:00,4690.0,4700.0,4525.0,4650.0,11307,0.0,0.0,0.0
2024-01-31 00:00:00+09:00,4750.0,4750.0,4500.0,4585.0,10762,0.0,0.0,0.0
2024-02-01 00:00:00+09:00,4590.0,4600.0,4530.0,4595.0,7544,0.0,0.0,0.0
2024-02-02 00:00:00+09:00,4750.0,4750.0,4530.0,4600.0,6289,0.0,0.0,0.0
2024-02-05 00:00:00+09:00,4605.0,4695.0,4535.0,4670.0,10997,0.0,0.0,0.0
2024-02-06 00:00:00+09:00,4665.0,4665.0,4520.0,4550.0,10121,0.0,0.0,0.0
2024-02-07 00:00:00+09:00,4590.0,4600.0,4490.0,4500.0,22125,0.0,0.0,0.0
2024-02-08 00:00:00+09:00,4550.0,4560.0,4400.0,4410.0,19118,0.0,0.0,0.0
2024-02-13 00:00:00+09:00,4580.0,4580.0,4450.0,4500.0,1248,0.0,0.0,0.0
2024-02-14 00:00:00+09:00,4570.0,4570.0,4460.0,4530.0,2486,0.0,0.0,0.0
2024-02-15 00:00:00+09:00,4595.0,4625.0,4530.0,4595.0,17550,0.0,0.0,0.0
2024-02-16 00:00:00+09:00,4645.0,4645.0,4510.0,4610.0,5093,0.0,0.0,0.0
2024-02-19 00:00:00+09:00,4630.0,4630.0,4525.0,4605.0,5508,0.0,0.0,0.0
2024-02-20 00:00:00+09:00,4705.0,4705.0,4600.0,4655.0,5110,0.0,0.0,0.0
2024-02-21 00:00:00+09:00,4695.0,5100.0,4650.0,4775.0,99112,0.0,0.0,0.0
2024-02-22 00:00:00+09:00,4800.0,4890.0,4655.0,4870.0,23607,0.0,0.0,0.0
2024-02-23 00:00:00+09:00,4800.0,4890.0,4755.0,4870.0,43978,0.0,0.0,0.0
2024-02-26 00:00:00+09:00,4720.0,5600.0,4720.0,5110.0,18188,0.0,0.0,0.0
2024-02-27 00:00:00+09:00,5110.0,5290.0,4980.0,5000.0,29004,0.0,0.0,0.0
2024-02-28 00:00:00+09:00,5000.0,5190.0,4980.0,5060.0,9316,0.0,0.0,0.0
2024-02-29 00:00:00+09:00,5150.0,5150.0,5000.0,5100.0,106325,0.0,0.0,0.0
2024-03-04 00:00:00+09:00,5440.0,5440.0,5070.0,5120.0,32539,0.0,0.0,0.0
2024-03-05 00:00:00+09:00,5200.0,5200.0,4925.0,5040.0,17743,0.0,0.0,0.0
2024-03-06 00:00:00+09:00,5150.0,5150.0,4700.0,4805.0,37286,0.0,0.0,0.0
2024-03-07 00:00:00+09:00,4895.0,4895.0,4725.0,4725.0,9751,0.0,0.0,0.0
2024-03-08 00:00:00+09:00,4790.0,4790.0,4670.0,4695.0,9584,0.0,0.0,0.0
2024-03-11 00:00:00+09:00,4855.0,4855.0,4650.0,4690.0,16496,0.0,0.0,0.0
2024-03-12 00:00:00+09:00,4890.0,4890.0,4600.0,4610.0,13564,0.0,0.0,0.0
2024-03-13 00:00:00+09:00,4750.0,4750.0,4520.0,4545.0,8751,0.0,0.0,0.0
2024-03-14 00:00:00+09:00,4695.0,4695.0,4515.0,4630.0,10938,0.0,0.0,0.0
2024-03-15 00:00:00+09:00,4740.0,4740.0,4595.0,4740.0,13471,0.0,0.0,0.0
2024-03-18 00:00:00+09:00,4800.0,4865.0,4700.0,4780.0,7996,0.0,0.0,0.0
2024-03-19 00:00:00+09:00,4875.0,4875.0,4710.0,4850.0,3794,0.0,0.0,0.0
2024-03-20 00:00:00+09:00,4850.0,4850.0,4700.0,4705.0,12377,0.0,0.0,0.0
2024-03-21 00:00:00+09:00,4700.0,4700.0,4300.0,4565.0,18795,0.0,0.0,0.0
2024-03-22 00:00:00+09:00,4695.0,4790.0,4515.0,4735.0,5568,0.0,0.0,0.0
2024-03-25 00:00:00+09:00,4795.0,4795.0,4700.0,4765.0,1563,0.0,0.0,0.0
2024-03-26 00:00:00+09:00,4800.0,4870.0,4150.0,4560.0,24368,0.0,0.0,0.0
2024-03-27 00:00:00+09:00,4560.0,4660.0,4560.0,4655.0,1472,0.0,0.0,0.0
2024-03-28 00:00:00+09:00,4790.0,4865.0,4725.0,4830.0,7890,0.0,0.0,0.0
2024-03-29 00:00:00+09:00,4880.0,4880.0,4765.0,4845.0,3476,0.0,0.0,0.0
2024-04-01 00:00:00+09:00,4880.0,4880.0,4800.0,4820.0,6118,0.0,0.0,0.0
2024-04-02 00:00:00+09:00,4900.0,4900.0,4780.0,4825.0,6848,0.0,0.0,0.0
2024-04-03 00:00:00+09:00,4900.0,4900.0,4700.0,4875.0,11199,0.0,0.0,0.0
2024-04-04 00:00:00+09:00,4895.0,4895.0,4860.0,4870.0,9993,0.0,0.0,0.0
2024-04-05 00:00:00+09:00,4890.0,4890.0,4730.0,4860.0,3653,0.0,0.0,0.0
2024-04-08 00:00:00+09:00,4900.0,4900.0,4730.0,4840.0,3970,0.0,0.0,0.0
2024-04-09 00:00:00+09:00,4900.0,4970.0,4800.0,4880.0,3484,0.0,0.0,0.0
2024-04-11 00:00:00+09:00,4900.0,4900.0,4705.0,4750.0,13592,0.0,0.0,0.0
2024-04-12 00:00:00+09:00,4795.0,4795.0,4740.0,4790.0,3573,0.0,0.0,0.0
2024-04-15 00:00:00+09:00,4900.0,4900.0,4705.0,4885.0,17070,0.0,0.0,0.0
2024-04-16 00:00:00+09:00,4900.0,4950.0,4810.0,4890.0,6909,0.0,0.0,0.0
2024-04-17 00:00:00+09:00,4895.0,4985.0,4850.0,4905.0,5023,0.0,0.0,0.0
2024-04-18 00:00:00+09:00,4990.0,5100.0,4905.0,5100.0,16333,0.0,0.0,0.0
2024-04-19 00:00:00+09:00,5150.0,5150.0,4920.0,5060.0,12356,0.0,0.0,0.0
2024-04-22 00:00:00+09:00,5080.0,5080.0,4960.0,4995.0,1423,0.0,0.0,0.0
2024-04-23 00:00:00+09:00,5090.0,5090.0,4815.0,4915.0,8541,0.0,0.0,0.0
2024-04-24 00:00:00+09:00,4965.0,4965.0,4900.0,4915.0,4447,0.0,0.0,0.0
2024-04-25 00:00:00+09:00,5070.0,5070.0,4920.0,4975.0,1279,0.0,0.0,0.0
2024-04-26 00:00:00+09:00,5050.0,5050.0,4860.0,4965.0,2500,0.0,0.0,0.0
2024-04-29 00:00:00+09:00,4995.0,4995.0,4900.0,4980.0,390,0.0,0.0,0.0
2024-04-30 00:00:00+09:00,5000.0,5010.0,4910.0,4980.0,1191,0.0,0.0,0.0
2024-05-02 00:00:00+09:00,4950.0,4950.0,4850.0,4935.0,6215,0.0,0.0,0.0
2024-05-03 00:00:00+09:00,4930.0,4930.0,4710.0,4800.0,4977,0.0,0.0,0.0
2024-05-07 00:00:00+09:00,4900.0,4900.0,4725.0,4790.0,4374,0.0,0.0,0.0
2024-05-08 00:00:00+09:00,4900.0,4900.0,4700.0,4740.0,3766,0.0,0.0,0.0
2024-05-09 00:00:00+09:00,4895.0,4895.0,4720.0,4730.0,338,0.0,0.0,0.0
2024-05-10 00:00:00+09:00,4885.0,4885.0,4700.0,4750.0,4583,0.0,0.0,0.0
2024-05-13 00:00:00+09:00,4895.0,4895.0,4615.0,4790.0,450,0.0,0.0,0.0
2024-05-14 00:00:00+09:00,4880.0,4880.0,4700.0,4730.0,104,0.0,0.0,0.0
2024-05-16 00:00:00+09:00,4885.0,4885.0,4665.0,4770.0,1698,0.0,0.0,0.0
2024-05-17 00:00:00+09:00,4800.0,4800.0,4630.0,4705.0,1298,0.0,0.0,0.0
2024-05-20 00:00:00+09:00,4795.0,4795.0,4690.0,4700.0,1864,0.0,0.0,0.0
2024-05-21 00:00:00+09:00,4700.0,4785.0,4660.0,4700.0,671,0.0,0.0,0.0
2024-05-22 00:00:00+09:00,4800.0,4800.0,4670.0,4695.0,2961,0.0,0.0,0.0
2024-05-23 00:00:00+09:00,4700.0,4700.0,4600.0,4690.0,4184,0.0,0.0,0.0
2024-05-24 00:00:00+09:00,4605.0,4690.0,4510.0,4600.0,6673,0.0,0.0,0.0
2024-05-27 00:00:00+09:00,4795.0,4795.0,4465.0,4615.0,9990,0.0,0.0,0.0
2024-05-28 00:00:00+09:00,4610.0,4610.0,4515.0,4550.0,6038,0.0,0.0,0.0
2024-05-29 00:00:00+09:00,4590.0,4685.0,4530.0,4635.0,7375,0.0,0.0,0.0
2024-05-30 00:00:00+09:00,4690.0,4695.0,4600.0,4660.0,1651,0.0,0.0,0.0
2024-05-31 00:00:00+09:00,4700.0,4700.0,4655.0,4665.0,2213,0.0,0.0,0.0
2024-06-03 00:00:00+09:00,4770.0,4770.0,4645.0,4670.0,4068,0.0,0.0,0.0
2024-06-04 00:00:00+09:00,4740.0,4740.0,4695.0,4710.0,4382,0.0,0.0,0.0
2024-06-05 00:00:00+09:00,4750.0,4895.0,4700.0,4770.0,18158,0.0,0.0,0.0
2024-06-07 00:00:00+09:00,4770.0,4835.0,4710.0,4780.0,6575,0.0,0.0,0.0
2024-06-10 00:00:00+09:00,4830.0,4830.0,4770.0,4800.0,1734,0.0,0.0,0.0
2024-06-11 00:00:00+09:00,4825.0,4825.0,4750.0,4805.0,11746,0.0,0.0,0.0
2024-06-12 00:00:00+09:00,4830.0,4830.0,4780.0,4820.0,11643,0.0,0.0,0.0
2024-06-13 00:00:00+09:00,4835.0,4985.0,4830.0,4945.0,17298,0.0,0.0,0.0
2024-06-14 00:00:00+09:00,5000.0,5400.0,4960.0,5300.0,22861,0.0,0.0,0.0
2024-06-17 00:00:00+09:00,5400.0,5530.0,5260.0,5410.0,20961,0.0,0.0,0.0
2024-06-18 00:00:00+09:00,5520.0,5520.0,5200.0,5390.0,6536,0.0,0.0,0.0
2024-06-19 00:00:00+09:00,5350.0,5400.0,4935.0,5250.0,8868,0.0,0.0,0.0
2024-06-20 00:00:00+09:00,5250.0,5260.0,5000.0,5210.0,13093,0.0,0.0,0.0
2024-06-21 00:00:00+09:00,5100.0,5180.0,5020.0,5180.0,17239,0.0,0.0,0.0
2024-06-24 00:00:00+09:00,5160.0,5160.0,4960.0,5000.0,18490,0.0,0.0,0.0
2024-06-25 00:00:00+09:00,5100.0,5100.0,4915.0,4980.0,4980,0.0,0.0,0.0
2024-06-26 00:00:00+09:00,5180.0,5180.0,4980.0,5050.0,7510,0.0,0.0,0.0
2024-06-27 00:00:00+09:00,5090.0,5090.0,5000.0,5050.0,7596,0.0,0.0,0.0
2024-06-28 00:00:00+09:00,5050.0,5130.0,4830.0,5100.0,15770,0.0,0.0,0.0
2024-07-01 00:00:00+09:00,5100.0,5190.0,4950.0,5140.0,35075,0.0,0.0,0.0
2024-07-02 00:00:00+09:00,5190.0,5500.0,5100.0,5320.0,13404,0.0,0.0,0.0
2024-07-03 00:00:00+09:00,5390.0,5430.0,5320.0,5400.0,19023,0.0,0.0,0.0
2024-07-04 00:00:00+09:00,5480.0,5480.0,5290.0,5400.0,17900,0.0,0.0,0.0
2024-07-05 00:00:00+09:00,5520.0,5520.0,5440.0,5480.0,2599,0.0,0.0,0.0
2024-07-08 00:00:00+09:00,5500.0,5500.0,5330.0,5430.0,17138,0.0,0.0,0.0
2024-07-09 00:00:00+09:00,5500.0,5500.0,5370.0,5430.0,4005,0.0,0.0,0.0
2024-07-10 00:00:00+09:00,5540.0,5540.0,5370.0,5430.0,5601,0.0,0.0,0.0
2024-07-11 00:00:00+09:00,5390.0,5590.0,5350.0,5570.0,13257,0.0,0.0,0.0
2024-07-12 00:00:00+09:00,5590.0,5980.0,5500.0,5900.0,20974,0.0,0.0,0.0
2024-07-15 00:00:00+09:00,5990.0,6400.0,5980.0,6160.0,31401,0.0,0.0,0.0
2024-07-16 00:00:00+09:00,6400.0,6400.0,6130.0,6280.0,21760,0.0,0.0,0.0
2024-07-17 00:00:00+09:00,6300.0,6430.0,6200.0,6290.0,8846,0.0,0.0,0.0
2024-07-18 00:00:00+09:00,6300.0,6350.0,5900.0,6110.0,10193,0.0,0.0,0.0
2024-07-19 00:00:00+09:00,6000.0,6160.0,5900.0,6070.0,3647,0.0,0.0,0.0
2024-07-22 00:00:00+09:00,6180.0,6180.0,5610.0,5750.0,10611,0.0,0.0,0.0
2024-07-23 00:00:00+09:00,5850.0,5850.0,5620.0,5790.0,1789,0.0,0.0,0.0
2024-07-24 00:00:00+09:00,5800.0,5980.0,5800.0,5940.0,3272,0.0,0.0,0.0
2024-07-25 00:00:00+09:00,5980.0,5980.0,5800.0,5910.0,1245,0.0,0.0,0.0
2024-07-26 00:00:00+09:00,6000.0,6000.0,5710.0,5780.0,8486,0.0,0.0,0.0
2024-07-29 00:00:00+09:00,5880.0,5880.0,5560.0,5600.0,6633,0.0,0.0,0.0
2024-07-30 00:00:00+09:00,5750.0,5750.0,5400.0,5530.0,22764,0.0,0.0,0.0
2024-07-31 00:00:00+09:00,5600.0,5600.0,5540.0,5570.0,2789,0.0,0.0,0.0
2024-08-01 00:00:00+09:00,5600.0,5800.0,5460.0,5650.0,4158,0.0,0.0,0.0
2024-08-02 00:00:00+09:00,5650.0,5650.0,5470.0,5530.0,1704,0.0,0.0,0.0
2024-08-05 00:00:00+09:00,5700.0,5700.0,4950.0,5190.0,10292,0.0,0.0,0.0
2024-08-06 00:00:00+09:00,5200.0,5600.0,5020.0,5280.0,6528,0.0,0.0,0.0
2024-08-07 00:00:00+09:00,5390.0,5400.0,5220.0,5280.0,4527,0.0,0.0,0.0
2024-08-08 00:00:00+09:00,5380.0,5380.0,5200.0,5270.0,4617,0.0,0.0,0.0
2024-08-09 00:00:00+09:00,5390.0,5390.0,5200.0,5230.0,4812,0.0,0.0,0.0
2024-08-12 00:00:00+09:00,5290.0,5290.0,5100.0,5150.0,5758,0.0,0.0,0.0
2024-08-13 00:00:00+09:00,5180.0,5180.0,5000.0,5000.0,5673,0.0,0.0,0.0
2024-08-14 00:00:00+09:00,5200.0,5200.0,4950.0,4950.0,14360,0.0,0.0,0.0
2024-08-16 00:00:00+09:00,5190.0,5190.0,4635.0,4725.0,24655,0.0,0.0,0.0
