Date,Open,High,Low,Close,Volume,Dividends,Stock Splits,Capital Gains
2018-03-22 00:00:00-04:00,25.399999618530273,25.719999313354492,25.360000610351562,25.51300048828125,5400,0.0,0.0,0.0
2018-03-23 00:00:00-04:00,25.520000457763672,25.520000457763672,24.10099983215332,24.10099983215332,205000,0.0,0.0,0.0
2018-03-26 00:00:00-04:00,24.350000381469727,24.850000381469727,24.350000381469727,24.84000015258789,102400,0.0,0.0,0.0
2018-03-27 00:00:00-04:00,24.649999618530273,24.649999618530273,23.459999084472656,24.079999923706055,8500,0.0,0.0,0.0
2018-03-28 00:00:00-04:00,23.899999618530273,23.899999618530273,23.100000381469727,23.3799991607666,2200,0.0,0.0,0.0
2018-03-29 00:00:00-04:00,22.899999618530273,22.899999618530273,22.780000686645508,22.780000686645508,1100,0.0,0.0,0.0
2018-04-02 00:00:00-04:00,24.459999084472656,24.459999084472656,22.950000762939453,23.0,1900,0.0,0.0,0.0
2018-04-03 00:00:00-04:00,22.0,22.0,21.25,21.25,2000,0.0,0.0,0.0
2018-04-04 00:00:00-04:00,20.5,20.5,19.0,19.25,75900,0.0,0.0,0.0
2018-04-05 00:00:00-04:00,20.25,20.43899917602539,20.200000762939453,20.25,800,0.0,0.0,0.0
2018-04-06 00:00:00-04:00,20.030000686645508,20.450000762939453,20.030000686645508,20.450000762939453,3100,0.0,0.0,0.0
2018-04-09 00:00:00-04:00,21.799999237060547,21.799999237060547,21.459999084472656,21.459999084472656,200,0.0,0.0,0.0
2018-04-10 00:00:00-04:00,21.5,21.5,21.5,21.5,300,0.0,0.0,0.0
2018-04-11 00:00:00-04:00,20.75,20.75,20.450000762939453,20.450000762939453,300,0.0,0.0,0.0
2018-04-12 00:00:00-04:00,21.0,22.579999923706055,21.0,22.25,11500,0.0,0.0,0.0
2018-04-13 00:00:00-04:00,21.989999771118164,21.990999221801758,21.510000228881836,21.582000732421875,11500,0.0,0.0,0.0
2018-04-16 00:00:00-04:00,20.5,20.5,20.25,20.25,1400,0.0,0.0,0.0
2018-04-17 00:00:00-04:00,21.25,21.399999618530273,21.25,21.399999618530273,600,0.0,0.0,0.0
2018-04-18 00:00:00-04:00,22.450000762939453,22.5,22.25,22.270000457763672,3600,0.0,0.0,0.0
2018-04-19 00:00:00-04:00,21.5,21.81999969482422,21.5,21.809999465942383,6800,0.0,0.0,0.0
2018-04-20 00:00:00-04:00,22.316999435424805,22.5,22.280000686645508,22.5,900,0.0,0.0,0.0
2018-04-23 00:00:00-04:00,22.700000762939453,22.700000762939453,22.700000762939453,22.700000762939453,300,0.0,0.0,0.0
2018-04-24 00:00:00-04:00,22.75,22.920000076293945,22.75,22.790000915527344,500,0.0,0.0,0.0
2018-04-25 00:00:00-04:00,22.75,22.75,22.75,22.75,200,0.0,0.0,0.0
2018-04-26 00:00:00-04:00,22.0,22.0,22.0,22.0,100,0.0,0.0,0.0
2018-04-27 00:00:00-04:00,21.5,21.75,21.5,21.75,200,0.0,0.0,0.0
2018-04-30 00:00:00-04:00,21.5,21.5,21.5,21.5,100,0.0,0.0,0.0
2018-05-01 00:00:00-04:00,21.75,22.0,21.75,21.760000228881836,300,0.0,0.0,0.0
2018-05-02 00:00:00-04:00,22.299999237060547,22.530000686645508,22.25,22.5,5400,0.0,0.0,0.0
2018-05-03 00:00:00-04:00,22.25,22.25,22.25,22.25,100,0.0,0.0,0.0
2018-05-04 00:00:00-04:00,23.25,23.25,23.0,23.0,200,0.0,0.0,0.0
2018-05-07 00:00:00-04:00,23.0,23.0,23.0,23.0,0,0.0,0.0,0.0
2018-05-08 00:00:00-04:00,22.75,23.5,22.739999771118164,23.5,2400,0.0,0.0,0.0
2018-05-09 00:00:00-04:00,22.25,23.520000457763672,22.25,23.25,500,0.0,0.0,0.0
2018-05-10 00:00:00-04:00,22.75,22.75,22.75,22.75,200,0.0,0.0,0.0
2018-05-11 00:00:00-04:00,23.25,24.0,23.25,23.75,4400,0.0,0.0,0.0
2018-05-14 00:00:00-04:00,23.25,23.25,23.0,23.010000228881836,400,0.0,0.0,0.0
2018-05-15 00:00:00-04:00,21.399999618530273,21.399999618530273,21.399999618530273,21.399999618530273,200,0.0,0.0,0.0
2018-05-16 00:00:00-04:00,21.0,21.0,21.0,21.0,100,0.0,0.0,0.0
2018-05-17 00:00:00-04:00,21.0,21.0,21.0,21.0,0,0.0,0.0,0.0
2018-05-18 00:00:00-04:00,21.0,21.0,21.0,21.0,0,0.0,0.0,0.0
2018-05-21 00:00:00-04:00,22.5,22.5,22.5,22.5,300,0.0,0.0,0.0
2018-05-22 00:00:00-04:00,21.25,21.25,21.0,21.0,200,0.0,0.0,0.0
2018-05-23 00:00:00-04:00,20.5,20.5,20.0,20.0,900,0.0,0.0,0.0
2018-05-24 00:00:00-04:00,19.5,19.5,19.5,19.5,1100,0.0,0.0,0.0
2018-05-25 00:00:00-04:00,19.5,19.5,19.5,19.5,0,0.0,0.0,0.0
2018-05-29 00:00:00-04:00,19.25,19.25,18.73200035095215,18.73200035095215,1100,0.0,0.0,0.0
2018-05-30 00:00:00-04:00,19.496000289916992,19.496000289916992,19.496000289916992,19.496000289916992,100,0.0,0.0,0.0
2018-05-31 00:00:00-04:00,19.459999084472656,20.499000549316406,19.459999084472656,20.23699951171875,600,0.0,0.0,0.0
2018-06-01 00:00:00-04:00,20.75,21.0,20.75,21.0,200,0.0,0.0,0.0
2018-06-04 00:00:00-04:00,21.25,21.25,21.246000289916992,21.246000289916992,500,0.0,0.0,0.0
2018-06-05 00:00:00-04:00,21.5,22.1299991607666,21.5,22.1299991607666,600,0.0,0.0,0.0
2018-06-06 00:00:00-04:00,22.5,22.5,22.0,22.0,600,0.0,0.0,0.0
2018-06-07 00:00:00-04:00,22.010000228881836,22.010000228881836,21.916000366210938,21.969999313354492,1200,0.0,0.0,0.0
2018-06-08 00:00:00-04:00,21.969999313354492,21.969999313354492,21.969999313354492,21.969999313354492,0,0.0,0.0,0.0
2018-06-11 00:00:00-04:00,21.969999313354492,21.969999313354492,21.969999313354492,21.969999313354492,0,0.0,0.0,0.0
2018-06-12 00:00:00-04:00,22.190000534057617,22.190000534057617,22.190000534057617,22.190000534057617,100,0.0,0.0,0.0
2018-06-13 00:00:00-04:00,22.476999282836914,22.476999282836914,22.06999969482422,22.253999710083008,5500,0.0,0.0,0.0
2018-06-14 00:00:00-04:00,22.531999588012695,22.531999588012695,22.531999588012695,22.531999588012695,100,0.0,0.0,0.0
2018-06-15 00:00:00-04:00,22.25,22.25,22.25,22.25,100,0.0,0.0,0.0
2018-06-18 00:00:00-04:00,22.25,22.25,22.25,22.25,0,0.0,0.0,0.0
2018-06-19 00:00:00-04:00,21.350000381469727,21.350000381469727,21.299999237060547,21.299999237060547,400,0.0,0.0,0.0
2018-06-20 00:00:00-04:00,20.702999114990234,20.79400062561035,20.702999114990234,20.79400062561035,400,0.0,0.0,0.0
2018-06-21 00:00:00-04:00,21.395000457763672,21.399999618530273,21.395000457763672,21.399999618530273,200,0.0,0.0,0.0
2018-06-22 00:00:00-04:00,21.399999618530273,21.399999618530273,21.399999618530273,21.399999618530273,100,0.0,0.0,0.0
2018-06-25 00:00:00-04:00,21.399999618530273,21.399999618530273,21.399999618530273,21.399999618530273,0,0.0,0.0,0.0
2018-06-26 00:00:00-04:00,21.399999618530273,21.399999618530273,21.399999618530273,21.399999618530273,0,0.0,0.0,0.0
2018-06-27 00:00:00-04:00,21.040000915527344,21.040000915527344,21.040000915527344,21.040000915527344,100,0.0,0.0,0.0
2018-06-28 00:00:00-04:00,21.43000030517578,21.579999923706055,21.43000030517578,21.579999923706055,4000,0.0,0.0,0.0
2018-06-29 00:00:00-04:00,22.040000915527344,22.040000915527344,22.0,22.040000915527344,1400,0.0,0.0,0.0
2018-07-02 00:00:00-04:00,22.030000686645508,22.03499984741211,21.841999053955078,21.841999053955078,300,0.0,0.0,0.0
2018-07-03 00:00:00-04:00,21.9950008392334,21.9950008392334,21.9950008392334,21.9950008392334,100,0.0,0.0,0.0
2018-07-05 00:00:00-04:00,22.25,22.25,22.25,22.25,100,0.0,0.0,0.0
2018-07-06 00:00:00-04:00,22.639999389648438,22.670000076293945,22.584999084472656,22.670000076293945,1000,0.0,0.0,0.0
2018-07-09 00:00:00-04:00,22.020000457763672,22.020000457763672,22.020000457763672,22.020000457763672,100,0.0,0.0,0.0
2018-07-10 00:00:00-04:00,22.299999237060547,22.299999237060547,22.200000762939453,22.229999542236328,6600,0.0,0.0,0.0
2018-07-11 00:00:00-04:00,22.229999542236328,22.229999542236328,22.229999542236328,22.229999542236328,0,0.0,0.0,0.0
2018-07-12 00:00:00-04:00,23.0,23.469999313354492,23.0,23.469999313354492,300,0.0,0.0,0.0
2018-07-13 00:00:00-04:00,23.469999313354492,23.469999313354492,23.469999313354492,23.469999313354492,0,0.0,0.0,0.0
2018-07-16 00:00:00-04:00,23.469999313354492,23.469999313354492,23.469999313354492,23.469999313354492,0,0.0,0.0,0.0
2018-07-17 00:00:00-04:00,23.469999313354492,23.469999313354492,23.469999313354492,23.469999313354492,0,0.0,0.0,0.0
2018-07-18 00:00:00-04:00,23.010000228881836,23.010000228881836,23.010000228881836,23.010000228881836,100,0.0,0.0,0.0
2018-07-19 00:00:00-04:00,23.010000228881836,23.010000228881836,23.010000228881836,23.010000228881836,100,0.0,0.0,0.0
2018-07-20 00:00:00-04:00,24.100000381469727,24.100000381469727,24.100000381469727,24.100000381469727,300,0.0,0.0,0.0
2018-07-23 00:00:00-04:00,24.290000915527344,24.715999603271484,24.290000915527344,24.5939998626709,1000,0.0,0.0,0.0
2018-07-24 00:00:00-04:00,24.81399917602539,24.81399917602539,24.540000915527344,24.540000915527344,4100,0.0,0.0,0.0
2018-07-25 00:00:00-04:00,24.639999389648438,24.639999389648438,24.639999389648438,24.639999389648438,200,0.0,0.0,0.0
2018-07-26 00:00:00-04:00,24.5,24.5,24.5,24.5,300,0.0,0.0,0.0
2018-07-27 00:00:00-04:00,24.302000045776367,24.302000045776367,24.302000045776367,24.302000045776367,300,0.0,0.0,0.0
2018-07-30 00:00:00-04:00,24.601999282836914,24.601999282836914,24.600000381469727,24.600000381469727,200,0.0,0.0,0.0
2018-07-31 00:00:00-04:00,24.600000381469727,24.600000381469727,24.600000381469727,24.600000381469727,0,0.0,0.0,0.0
2018-08-01 00:00:00-04:00,24.698999404907227,24.91699981689453,24.66900062561035,24.66900062561035,500,0.0,0.0,0.0
2018-08-02 00:00:00-04:00,24.850000381469727,24.850000381469727,24.850000381469727,24.850000381469727,200,0.0,0.0,0.0
2018-08-03 00:00:00-04:00,25.26099967956543,25.26099967956543,25.26099967956543,25.26099967956543,200,0.0,0.0,0.0
2018-08-06 00:00:00-04:00,24.81999969482422,24.81999969482422,24.802000045776367,24.802000045776367,300,0.0,0.0,0.0
2018-08-07 00:00:00-04:00,24.802000045776367,24.802000045776367,24.802000045776367,24.802000045776367,0,0.0,0.0,0.0
2018-08-08 00:00:00-04:00,24.802000045776367,24.802000045776367,24.802000045776367,24.802000045776367,0,0.0,0.0,0.0
2018-08-09 00:00:00-04:00,24.802000045776367,24.802000045776367,24.802000045776367,24.802000045776367,0,0.0,0.0,0.0
2018-08-10 00:00:00-04:00,24.829999923706055,24.829999923706055,24.829999923706055,24.829999923706055,100,0.0,0.0,0.0
2018-08-13 00:00:00-04:00,25.3700008392334,25.3700008392334,25.3700008392334,25.3700008392334,200,0.0,0.0,0.0
2018-08-14 00:00:00-04:00,25.113000869750977,25.200000762939453,25.113000869750977,25.200000762939453,300,0.0,0.0,0.0
2018-08-15 00:00:00-04:00,25.235000610351562,25.235000610351562,25.235000610351562,25.235000610351562,300,0.0,0.0,0.0
2018-08-16 00:00:00-04:00,25.235000610351562,25.235000610351562,25.235000610351562,25.235000610351562,0,0.0,0.0,0.0
2018-08-17 00:00:00-04:00,25.235000610351562,25.235000610351562,25.235000610351562,25.235000610351562,0,0.0,0.0,0.0
2018-08-20 00:00:00-04:00,25.469999313354492,25.469999313354492,25.469999313354492,25.469999313354492,200,0.0,0.0,0.0
2018-08-21 00:00:00-04:00,25.579999923706055,25.600000381469727,25.579999923706055,25.579999923706055,400,0.0,0.0,0.0
2018-08-22 00:00:00-04:00,25.599000930786133,25.599000930786133,25.569000244140625,25.569000244140625,200,0.0,0.0,0.0
2018-08-23 00:00:00-04:00,25.374000549316406,25.450000762939453,25.374000549316406,25.450000762939453,300,0.0,0.0,0.0
2018-08-24 00:00:00-04:00,25.434999465942383,25.434999465942383,25.434999465942383,25.434999465942383,200,0.0,0.0,0.0
2018-08-27 00:00:00-04:00,25.434999465942383,25.434999465942383,25.434999465942383,25.434999465942383,0,0.0,0.0,0.0
2018-08-28 00:00:00-04:00,25.434999465942383,25.434999465942383,25.434999465942383,25.434999465942383,0,0.0,0.0,0.0
2018-08-29 00:00:00-04:00,25.434999465942383,25.434999465942383,25.434999465942383,25.434999465942383,0,0.0,0.0,0.0
2018-08-30 00:00:00-04:00,25.434999465942383,25.434999465942383,25.434999465942383,25.434999465942383,0,0.0,0.0,0.0
2018-08-31 00:00:00-04:00,25.434999465942383,25.434999465942383,25.434999465942383,25.434999465942383,0,0.0,0.0,0.0
2018-09-04 00:00:00-04:00,24.559999465942383,24.559999465942383,24.559999465942383,24.559999465942383,200,0.0,0.0,0.0
2018-09-05 00:00:00-04:00,24.559999465942383,24.559999465942383,24.559999465942383,24.559999465942383,0,0.0,0.0,0.0
2018-09-06 00:00:00-04:00,24.559999465942383,24.559999465942383,24.559999465942383,24.559999465942383,0,0.0,0.0,0.0
2018-09-07 00:00:00-04:00,24.559999465942383,24.559999465942383,24.559999465942383,24.559999465942383,0,0.0,0.0,0.0
2018-09-10 00:00:00-04:00,24.559999465942383,24.559999465942383,24.559999465942383,24.559999465942383,0,0.0,0.0,0.0
2018-09-11 00:00:00-04:00,23.420000076293945,23.420000076293945,23.420000076293945,23.420000076293945,4400,0.0,0.0,0.0
2018-09-12 00:00:00-04:00,22.639999389648438,22.829999923706055,22.639999389648438,22.799999237060547,1700,0.0,0.0,0.0
2018-09-13 00:00:00-04:00,23.059999465942383,23.059999465942383,23.049999237060547,23.049999237060547,300,0.0,0.0,0.0
2018-09-14 00:00:00-04:00,22.700000762939453,22.700000762939453,22.700000762939453,22.700000762939453,100,0.0,0.0,0.0
2018-09-17 00:00:00-04:00,22.700000762939453,22.700000762939453,22.700000762939453,22.700000762939453,0,0.0,0.0,0.0
2018-09-18 00:00:00-04:00,22.700000762939453,22.700000762939453,22.700000762939453,22.700000762939453,0,0.0,0.0,0.0
2018-09-19 00:00:00-04:00,22.540000915527344,22.540000915527344,22.280000686645508,22.280000686645508,200,0.0,0.0,0.0
2018-09-20 00:00:00-04:00,22.15999984741211,22.15999984741211,22.040000915527344,22.139999389648438,600,0.0,0.0,0.0
2018-09-21 00:00:00-04:00,22.735000610351562,22.735000610351562,22.735000610351562,22.735000610351562,200,0.0,0.0,0.0
2018-09-24 00:00:00-04:00,22.950000762939453,22.950000762939453,22.950000762939453,22.950000762939453,100,0.0,0.0,0.0
2018-09-25 00:00:00-04:00,22.459999084472656,22.535999298095703,22.459999084472656,22.535999298095703,300,0.0,0.0,0.0
2018-09-26 00:00:00-04:00,22.6299991607666,22.8799991607666,22.6200008392334,22.8799991607666,1000,0.0,0.0,0.0
2018-09-27 00:00:00-04:00,22.8799991607666,22.8799991607666,22.8799991607666,22.8799991607666,0,0.0,0.0,0.0
2018-09-28 00:00:00-04:00,22.940000534057617,22.940000534057617,22.940000534057617,22.940000534057617,200,0.0,0.0,0.0
2018-10-01 00:00:00-04:00,22.940000534057617,22.940000534057617,22.940000534057617,22.940000534057617,0,0.0,0.0,0.0
2018-10-02 00:00:00-04:00,22.940000534057617,22.940000534057617,22.940000534057617,22.940000534057617,0,0.0,0.0,0.0
2018-10-03 00:00:00-04:00,22.940000534057617,22.940000534057617,22.940000534057617,22.940000534057617,0,0.0,0.0,0.0
2018-10-04 00:00:00-04:00,22.940000534057617,22.940000534057617,22.940000534057617,22.940000534057617,0,0.0,0.0,0.0
2018-10-05 00:00:00-04:00,21.825000762939453,21.825000762939453,21.825000762939453,21.825000762939453,100,0.0,0.0,0.0
2018-10-08 00:00:00-04:00,21.825000762939453,21.825000762939453,21.825000762939453,21.825000762939453,0,0.0,0.0,0.0
2018-10-09 00:00:00-04:00,21.360000610351562,21.360000610351562,21.32699966430664,21.32699966430664,700,0.0,0.0,0.0
2018-10-10 00:00:00-04:00,21.32699966430664,21.32699966430664,21.32699966430664,21.32699966430664,0,0.0,0.0,0.0
2018-10-11 00:00:00-04:00,22.40999984741211,22.40999984741211,22.40999984741211,22.40999984741211,100,0.0,0.0,0.0
2018-10-12 00:00:00-04:00,23.200000762939453,23.200000762939453,22.950000762939453,23.149999618530273,1200,0.0,0.0,0.0
2018-10-15 00:00:00-04:00,22.649999618530273,22.649999618530273,22.649999618530273,22.649999618530273,200,0.0,0.0,0.0
2018-10-16 00:00:00-04:00,22.649999618530273,22.649999618530273,22.649999618530273,22.649999618530273,0,0.0,0.0,0.0
2018-10-17 00:00:00-04:00,22.260000228881836,22.260000228881836,22.260000228881836,22.260000228881836,200,0.0,0.0,0.0
2018-10-18 00:00:00-04:00,22.260000228881836,22.260000228881836,22.260000228881836,22.260000228881836,0,0.0,0.0,0.0
2018-10-19 00:00:00-04:00,22.18000030517578,22.209999084472656,22.18000030517578,22.209999084472656,300,0.0,0.0,0.0
2018-10-22 00:00:00-04:00,22.3700008392334,22.3700008392334,22.3700008392334,22.3700008392334,200,0.0,0.0,0.0
2018-10-23 00:00:00-04:00,22.3700008392334,22.3700008392334,22.3700008392334,22.3700008392334,0,0.0,0.0,0.0
2018-10-24 00:00:00-04:00,21.375,21.375,21.375,21.375,200,0.0,0.0,0.0
2018-10-25 00:00:00-04:00,21.375,21.375,21.375,21.375,0,0.0,0.0,0.0
2018-10-26 00:00:00-04:00,21.375,21.375,21.375,21.375,0,0.0,0.0,0.0
2018-10-29 00:00:00-04:00,21.375,21.375,21.375,21.375,0,0.0,0.0,0.0
2018-10-30 00:00:00-04:00,21.375,21.375,21.375,21.375,0,0.0,0.0,0.0
2018-10-31 00:00:00-04:00,21.375,21.375,21.375,21.375,0,0.0,0.0,0.0
2018-11-01 00:00:00-04:00,21.375,21.375,21.375,21.375,0,0.0,0.0,0.0
2018-11-02 00:00:00-04:00,21.375,21.375,21.375,21.375,100,0.0,0.0,0.0
2018-11-05 00:00:00-05:00,18.9689998626709,18.9689998626709,18.829999923706055,18.829999923706055,400,0.0,0.0,0.0
2018-11-06 00:00:00-05:00,18.288999557495117,18.288999557495117,18.010000228881836,18.010000228881836,3700,0.0,0.0,0.0
2018-11-07 00:00:00-05:00,17.100000381469727,17.360000610351562,16.84000015258789,17.360000610351562,3100,0.0,0.0,0.0
2018-11-08 00:00:00-05:00,17.149999618530273,17.149999618530273,17.100000381469727,17.100000381469727,1000,0.0,0.0,0.0
2018-11-09 00:00:00-05:00,16.010000228881836,16.06999969482422,16.010000228881836,16.06999969482422,700,0.0,0.0,0.0
2018-11-12 00:00:00-05:00,17.010000228881836,17.100000381469727,16.6299991607666,16.6299991607666,6600,0.0,0.0,0.0
2018-11-13 00:00:00-05:00,16.6299991607666,16.6299991607666,16.6299991607666,16.6299991607666,0,0.0,0.0,0.0
2018-11-14 00:00:00-05:00,14.729999542236328,14.729999542236328,14.449999809265137,14.66100025177002,11800,0.0,0.0,0.0
2018-11-15 00:00:00-05:00,16.054000854492188,16.054000854492188,16.020000457763672,16.020000457763672,200,0.0,0.0,0.0
2018-11-16 00:00:00-05:00,15.890000343322754,15.890000343322754,15.890000343322754,15.890000343322754,700,0.0,0.0,0.0
2018-11-19 00:00:00-05:00,15.810999870300293,15.902999877929688,15.760000228881836,15.902999877929688,600,0.0,0.0,0.0
2018-11-20 00:00:00-05:00,15.039999961853027,15.039999961853027,15.039999961853027,15.039999961853027,500,0.0,0.0,0.0
2018-11-21 00:00:00-05:00,15.350000381469727,15.553999900817871,15.350000381469727,15.553999900817871,200,0.0,0.0,0.0
2018-11-23 00:00:00-05:00,16.75,16.75,16.75,16.75,100,0.0,0.0,0.0
2018-11-26 00:00:00-05:00,17.979999542236328,17.979999542236328,17.979999542236328,17.979999542236328,300,0.0,0.0,0.0
2018-11-27 00:00:00-05:00,18.149999618530273,18.520000457763672,18.149999618530273,18.520000457763672,300,0.0,0.0,0.0
2018-11-28 00:00:00-05:00,17.319000244140625,17.319000244140625,17.049999237060547,17.059999465942383,800,0.0,0.0,0.0
2018-11-29 00:00:00-05:00,16.389999389648438,16.389999389648438,16.389999389648438,16.389999389648438,100,0.0,0.0,0.0
2018-11-30 00:00:00-05:00,16.402000427246094,16.402000427246094,16.402000427246094,16.402000427246094,200,0.0,0.0,0.0
2018-12-03 00:00:00-05:00,17.649999618530273,17.649999618530273,17.649999618530273,17.649999618530273,100,0.0,0.0,0.0
2018-12-04 00:00:00-05:00,18.2450008392334,18.540000915527344,18.07200050354004,18.540000915527344,2800,0.0,0.0,0.0
2018-12-06 00:00:00-05:00,18.540000915527344,18.540000915527344,18.540000915527344,18.540000915527344,100,0.0,0.0,0.0
2018-12-07 00:00:00-05:00,18.540000915527344,18.540000915527344,18.540000915527344,18.540000915527344,0,0.0,0.0,0.0
2018-12-10 00:00:00-05:00,18.540000915527344,18.540000915527344,18.540000915527344,18.540000915527344,0,0.0,0.0,0.0
2018-12-11 00:00:00-05:00,17.84000015258789,18.049999237060547,17.84000015258789,18.049999237060547,100,0.0,0.0,0.0
2018-12-12 00:00:00-05:00,17.809999465942383,18.145000457763672,17.809999465942383,18.145000457763672,100,0.0,0.0,0.0
2018-12-13 00:00:00-05:00,18.34000015258789,18.34000015258789,17.969999313354492,18.209999084472656,200,0.0,0.0,0.0
2018-12-14 00:00:00-05:00,18.209999084472656,18.209999084472656,18.209999084472656,18.209999084472656,0,0.0,0.0,0.0
2018-12-17 00:00:00-05:00,18.50200080871582,18.614999771118164,18.5,18.614999771118164,1200,0.0,0.0,0.0
2018-12-18 00:00:00-05:00,18.614999771118164,18.614999771118164,18.614999771118164,18.614999771118164,0,0.0,0.0,0.0
2018-12-19 00:00:00-05:00,18.614999771118164,18.614999771118164,18.614999771118164,18.614999771118164,0,0.0,0.0,0.0
2018-12-20 00:00:00-05:00,18.614999771118164,18.614999771118164,18.614999771118164,18.614999771118164,0,0.0,0.0,0.0
2018-12-21 00:00:00-05:00,18.614999771118164,18.614999771118164,18.614999771118164,18.614999771118164,0,0.0,0.0,0.0
2018-12-24 00:00:00-05:00,17.65999984741211,17.889999389648438,17.65999984741211,17.889999389648438,100,0.0,0.0,0.0
2018-12-26 00:00:00-05:00,17.889999389648438,17.889999389648438,17.889999389648438,17.889999389648438,0,0.0,0.0,0.0
2018-12-27 00:00:00-05:00,17.649999618530273,17.885000228881836,17.649999618530273,17.885000228881836,100,0.0,0.0,0.0
2018-12-28 00:00:00-05:00,17.979999542236328,18.170000076293945,17.979999542236328,18.170000076293945,600,0.0,0.0,0.0
2018-12-31 00:00:00-05:00,18.170000076293945,18.170000076293945,18.170000076293945,18.170000076293945,0,0.0,0.0,0.0
2019-01-02 00:00:00-05:00,18.459999084472656,18.489999771118164,18.459999084472656,18.489999771118164,100,0.0,0.0,0.0
2019-01-03 00:00:00-05:00,18.489999771118164,18.489999771118164,18.489999771118164,18.489999771118164,0,0.0,0.0,0.0
2019-01-04 00:00:00-05:00,18.09000015258789,18.09000015258789,17.920000076293945,17.920000076293945,200,0.0,0.0,0.0
2019-01-07 00:00:00-05:00,17.920000076293945,17.920000076293945,17.920000076293945,17.920000076293945,0,0.0,0.0,0.0
2019-01-08 00:00:00-05:00,17.920000076293945,17.920000076293945,17.920000076293945,17.920000076293945,0,0.0,0.0,0.0
2019-01-09 00:00:00-05:00,17.920000076293945,17.920000076293945,17.920000076293945,17.920000076293945,0,0.0,0.0,0.0
2019-01-10 00:00:00-05:00,17.26300048828125,17.26300048828125,17.110000610351562,17.110000610351562,100,0.0,0.0,0.0
2019-01-11 00:00:00-05:00,17.110000610351562,17.110000610351562,17.110000610351562,17.110000610351562,0,0.0,0.0,0.0
2019-01-14 00:00:00-05:00,17.135000228881836,17.135000228881836,17.135000228881836,17.135000228881836,100,0.0,0.0,0.0
2019-01-15 00:00:00-05:00,17.135000228881836,17.135000228881836,17.135000228881836,17.135000228881836,0,0.0,0.0,0.0
2019-01-16 00:00:00-05:00,16.809999465942383,16.809999465942383,16.665000915527344,16.665000915527344,100,0.0,0.0,0.0
2019-01-17 00:00:00-05:00,16.665000915527344,16.665000915527344,16.665000915527344,16.665000915527344,0,0.0,0.0,0.0
2019-01-18 00:00:00-05:00,17.06100082397461,17.270000457763672,17.06100082397461,17.270000457763672,300,0.0,0.0,0.0
2019-01-22 00:00:00-05:00,15.682999610900879,15.682999610900879,15.604999542236328,15.604999542236328,300,0.0,0.0,0.0
2019-01-23 00:00:00-05:00,15.604999542236328,15.604999542236328,15.604999542236328,15.604999542236328,0,0.0,0.0,0.0
2019-01-24 00:00:00-05:00,15.265000343322754,15.265000343322754,15.265000343322754,15.265000343322754,100,0.0,0.0,0.0
2019-01-25 00:00:00-05:00,15.199999809265137,15.199999809265137,15.095000267028809,15.095000267028809,100,0.0,0.0,0.0
2019-01-28 00:00:00-05:00,13.170000076293945,13.4350004196167,13.0,13.4350004196167,4600,0.0,0.0,0.0
2019-01-29 00:00:00-05:00,13.75,13.75,12.555000305175781,12.555000305175781,9300,0.0,0.0,0.0
2019-01-30 00:00:00-05:00,11.89900016784668,12.25,11.680000305175781,12.21500015258789,3300,0.0,0.0,0.0
2019-01-31 00:00:00-05:00,12.25,12.25,12.175000190734863,12.175000190734863,900,0.0,0.0,0.0
2019-02-01 00:00:00-05:00,12.859999656677246,12.859999656677246,12.859999656677246,12.859999656677246,100,0.0,0.0,0.0
2019-02-04 00:00:00-05:00,12.579999923706055,12.579999923706055,12.520000457763672,12.520000457763672,1400,0.0,0.0,0.0
2019-02-05 00:00:00-05:00,12.630000114440918,12.630000114440918,12.199999809265137,12.376999855041504,2000,0.0,0.0,0.0
2019-02-06 00:00:00-05:00,11.890000343322754,11.890000343322754,11.75,11.75,1500,0.0,0.0,0.0
2019-02-07 00:00:00-05:00,11.220000267028809,11.220000267028809,10.760000228881836,10.869999885559082,1700,0.0,0.0,0.0
2019-02-08 00:00:00-05:00,11.020000457763672,11.020000457763672,11.020000457763672,11.020000457763672,200,0.0,0.0,0.0
2019-02-11 00:00:00-05:00,11.395000457763672,11.399999618530273,11.180000305175781,11.399999618530273,9300,0.0,0.0,0.0
2019-02-12 00:00:00-05:00,11.59000015258789,11.670000076293945,11.579999923706055,11.670000076293945,1100,0.0,0.0,0.0
2019-02-13 00:00:00-05:00,11.739999771118164,11.75,11.635000228881836,11.635000228881836,1400,0.0,0.0,0.0
2019-02-14 00:00:00-05:00,11.239999771118164,11.239999771118164,11.085000038146973,11.085000038146973,400,0.0,0.0,0.0
2019-02-15 00:00:00-05:00,11.010000228881836,11.199999809265137,10.791000366210938,11.1899995803833,10500,0.0,0.0,0.0
2019-02-19 00:00:00-05:00,10.979999542236328,11.09000015258789,10.979999542236328,10.989999771118164,1600,0.0,0.0,0.0
2019-02-20 00:00:00-05:00,10.729999542236328,11.100000381469727,10.729999542236328,10.890000343322754,96000,0.0,0.0,0.0
2019-02-21 00:00:00-05:00,10.649999618530273,10.694999694824219,10.649999618530273,10.694999694824219,700,0.0,0.0,0.0
2019-02-22 00:00:00-05:00,10.88599967956543,10.9350004196167,10.88599967956543,10.925000190734863,1600,0.0,0.0,0.0
2019-02-25 00:00:00-05:00,11.015000343322754,11.130000114440918,11.015000343322754,11.09000015258789,5800,0.0,0.0,0.0
2019-02-26 00:00:00-05:00,11.140000343322754,11.289999961853027,11.140000343322754,11.154999732971191,7400,0.0,0.0,0.0
2019-02-27 00:00:00-05:00,11.140000343322754,11.170000076293945,11.071999549865723,11.100000381469727,6900,0.0,0.0,0.0
2019-02-28 00:00:00-05:00,11.069999694824219,11.069999694824219,11.020000457763672,11.039999961853027,4800,0.0,0.0,0.0
2019-03-01 00:00:00-05:00,10.819999694824219,10.819999694824219,10.710000038146973,10.710000038146973,4200,0.0,0.0,0.0
2019-03-04 00:00:00-05:00,10.520000457763672,10.645000457763672,10.520000457763672,10.61400032043457,1500,0.0,0.0,0.0
2019-03-05 00:00:00-05:00,10.25,10.359999656677246,10.244000434875488,10.25,7700,0.0,0.0,0.0
2019-03-06 00:00:00-05:00,10.050000190734863,10.050000190734863,9.869000434875488,9.911999702453613,16400,0.0,0.0,0.0
2019-03-07 00:00:00-05:00,9.649999618530273,9.649999618530273,9.522000312805176,9.555000305175781,7100,0.0,0.0,0.0
2019-03-08 00:00:00-05:00,9.619999885559082,9.767999649047852,9.574000358581543,9.574000358581543,2000,0.0,0.0,0.0
2019-03-11 00:00:00-04:00,9.569999694824219,9.600000381469727,9.569999694824219,9.600000381469727,600,0.0,0.0,0.0
2019-03-12 00:00:00-04:00,9.850000381469727,10.020000457763672,9.850000381469727,9.991999626159668,53500,0.0,0.0,0.0
2019-03-13 00:00:00-04:00,10.050000190734863,10.09000015258789,10.050000190734863,10.09000015258789,20000,0.0,0.0,0.0
2019-03-14 00:00:00-04:00,10.760000228881836,11.020000457763672,10.720000267028809,11.020000457763672,3400,0.0,0.0,0.0
2019-03-15 00:00:00-04:00,10.979999542236328,11.029999732971191,10.96500015258789,10.96500015258789,8700,0.0,0.0,0.0
2019-03-18 00:00:00-04:00,10.470000267028809,10.479999542236328,10.279999732971191,10.279999732971191,8800,0.0,0.0,0.0
2019-03-19 00:00:00-04:00,10.109000205993652,10.119999885559082,9.770000457763672,9.982999801635742,35900,0.0,0.0,0.0
2019-03-20 00:00:00-04:00,10.883000373840332,10.916999816894531,10.588000297546387,10.631999969482422,2100,0.0,0.0,0.0
2019-03-21 00:00:00-04:00,10.329999923706055,10.354999542236328,10.329999923706055,10.354999542236328,1900,0.0,0.0,0.0
2019-03-22 00:00:00-04:00,10.4399995803833,10.442999839782715,10.4399995803833,10.442999839782715,10000,0.0,0.0,0.0
2019-03-25 00:00:00-04:00,10.40999984741211,10.4350004196167,10.40999984741211,10.4350004196167,100,0.0,0.0,0.0
2019-03-26 00:00:00-04:00,10.079999923706055,10.079999923706055,9.972999572753906,9.972999572753906,2100,0.0,0.0,0.0
2019-03-27 00:00:00-04:00,10.100000381469727,10.100000381469727,9.973999977111816,9.973999977111816,500,0.0,0.0,0.0
2019-03-28 00:00:00-04:00,10.015999794006348,10.045000076293945,10.015999794006348,10.045000076293945,400,0.0,0.0,0.0
2019-03-29 00:00:00-04:00,9.395999908447266,9.456999778747559,9.319999694824219,9.359000205993652,8000,0.0,0.0,0.0
2019-04-01 00:00:00-04:00,9.390000343322754,9.390000343322754,9.300000190734863,9.300000190734863,300,0.0,0.0,0.0
2019-04-02 00:00:00-04:00,9.460000038146973,9.460000038146973,9.4350004196167,9.4350004196167,900,0.0,0.0,0.0
2019-04-03 00:00:00-04:00,9.329999923706055,9.5600004196167,9.289999961853027,9.5600004196167,1000,0.0,0.0,0.0
2019-04-04 00:00:00-04:00,9.59000015258789,9.600000381469727,9.430000305175781,9.430000305175781,3600,0.0,0.0,0.0
2019-04-05 00:00:00-04:00,9.640000343322754,9.649999618530273,9.489999771118164,9.545000076293945,4600,0.0,0.0,0.0
2019-04-08 00:00:00-04:00,9.649999618530273,9.654999732971191,9.579999923706055,9.654999732971191,700,0.0,0.0,0.0
2019-04-09 00:00:00-04:00,9.800000190734863,9.84000015258789,9.800000190734863,9.84000015258789,100,0.0,0.0,0.0
2019-04-10 00:00:00-04:00,9.680000305175781,9.704999923706055,9.670000076293945,9.704999923706055,900,0.0,0.0,0.0
2019-04-11 00:00:00-04:00,9.210000038146973,9.350000381469727,9.199999809265137,9.255000114440918,6300,0.0,0.0,0.0
2019-04-12 00:00:00-04:00,9.61299991607666,9.664999961853027,9.609999656677246,9.664999961853027,800,0.0,0.0,0.0
2019-04-15 00:00:00-04:00,10.0,10.140000343322754,10.0,10.130999565124512,3700,0.0,0.0,0.0
2019-04-16 00:00:00-04:00,10.15999984741211,10.15999984741211,10.0,10.074000358581543,3000,0.0,0.0,0.0
2019-04-17 00:00:00-04:00,10.375,10.4350004196167,10.244999885559082,10.4350004196167,4300,0.0,0.0,0.0
2019-04-18 00:00:00-04:00,10.687999725341797,10.819999694824219,10.65999984741211,10.725000381469727,17800,0.0,0.0,0.0
2019-04-22 00:00:00-04:00,10.781999588012695,10.8100004196167,10.755999565124512,10.770000457763672,6000,0.0,0.0,0.0
2019-04-23 00:00:00-04:00,11.020000457763672,11.149999618530273,10.960000038146973,11.088000297546387,6100,0.0,0.0,0.0
2019-04-24 00:00:00-04:00,11.104000091552734,11.130000114440918,11.0,11.0,2300,0.0,0.0,0.0
2019-04-25 00:00:00-04:00,11.128000259399414,11.128000259399414,10.979999542236328,11.055000305175781,400,0.0,0.0,0.0
2019-04-26 00:00:00-04:00,11.413000106811523,11.460000038146973,11.319999694824219,11.406000137329102,2500,0.0,0.0,0.0
2019-04-29 00:00:00-04:00,11.949999809265137,12.010000228881836,11.843999862670898,12.010000228881836,3000,0.0,0.0,0.0
2019-04-30 00:00:00-04:00,12.378999710083008,12.399999618530273,12.291000366210938,12.385000228881836,3300,0.0,0.0,0.0
2019-05-01 00:00:00-04:00,12.340999603271484,12.380000114440918,12.229999542236328,12.25100040435791,1600,0.0,0.0,0.0
2019-05-02 00:00:00-04:00,12.25,12.350000381469727,12.220000267028809,12.281999588012695,5700,0.0,0.0,0.0
2019-05-03 00:00:00-04:00,12.220000267028809,12.25100040435791,12.220000267028809,12.25100040435791,3300,0.0,0.0,0.0
2019-05-06 00:00:00-04:00,11.3100004196167,11.3100004196167,11.149999618530273,11.21500015258789,6200,0.0,0.0,0.0
2019-05-07 00:00:00-04:00,11.220000267028809,11.220000267028809,11.0,11.104999542236328,1000,0.0,0.0,0.0
2019-05-08 00:00:00-04:00,11.694000244140625,11.789999961853027,11.59000015258789,11.789999961853027,4100,0.0,0.0,0.0
2019-05-09 00:00:00-04:00,11.829000473022461,11.845000267028809,11.795999526977539,11.845000267028809,1400,0.0,0.0,0.0
2019-05-10 00:00:00-04:00,12.180000305175781,12.25,12.149999618530273,12.25,4200,0.0,0.0,0.0
2019-05-13 00:00:00-04:00,12.40999984741211,12.40999984741211,12.114999771118164,12.114999771118164,3000,0.0,0.0,0.0
2019-05-14 00:00:00-04:00,12.152000427246094,12.1850004196167,12.152000427246094,12.1850004196167,800,0.0,0.0,0.0
2019-05-15 00:00:00-04:00,11.920000076293945,11.920000076293945,11.800000190734863,11.800000190734863,1300,0.0,0.0,0.0
2019-05-16 00:00:00-04:00,11.87399959564209,11.890000343322754,11.835000038146973,11.835000038146973,200,0.0,0.0,0.0
2019-05-17 00:00:00-04:00,12.024999618530273,12.024999618530273,11.899999618530273,12.024999618530273,4600,0.0,0.0,0.0
2019-05-20 00:00:00-04:00,11.979999542236328,11.979999542236328,11.75,11.835000038146973,11100,0.0,0.0,0.0
2019-05-21 00:00:00-04:00,12.039999961853027,12.039999961853027,11.951000213623047,11.96500015258789,1300,0.0,0.0,0.0
2019-05-22 00:00:00-04:00,12.072999954223633,12.072999954223633,12.041999816894531,12.045000076293945,600,0.0,0.0,0.0
2019-05-23 00:00:00-04:00,12.079999923706055,12.234999656677246,12.079999923706055,12.234999656677246,900,0.0,0.0,0.0
2019-05-24 00:00:00-04:00,12.291000366210938,12.293000221252441,12.140000343322754,12.204999923706055,1500,0.0,0.0,0.0
2019-05-28 00:00:00-04:00,12.520000457763672,12.529999732971191,12.364999771118164,12.364999771118164,1700,0.0,0.0,0.0
2019-05-29 00:00:00-04:00,12.413999557495117,12.520000457763672,12.395000457763672,12.515999794006348,2300,0.0,0.0,0.0
2019-05-30 00:00:00-04:00,12.25100040435791,12.260000228881836,12.180000305175781,12.180000305175781,1000,0.0,0.0,0.0
2019-05-31 00:00:00-04:00,12.274999618530273,12.274999618530273,12.210000038146973,12.25,1000,0.0,0.0,0.0
2019-06-03 00:00:00-04:00,12.270000457763672,12.444999694824219,12.210000038146973,12.444999694824219,1600,0.0,0.0,0.0
2019-06-04 00:00:00-04:00,12.649999618530273,12.649999618530273,12.489999771118164,12.489999771118164,900,0.0,0.0,0.0
2019-06-05 00:00:00-04:00,12.600000381469727,12.600000381469727,12.496999740600586,12.5,700,0.0,0.0,0.0
2019-06-06 00:00:00-04:00,12.470000267028809,12.470000267028809,12.425000190734863,12.425000190734863,300,0.0,0.0,0.0
2019-06-07 00:00:00-04:00,12.350000381469727,12.350000381469727,12.229999542236328,12.295000076293945,2400,0.0,0.0,0.0
2019-06-10 00:00:00-04:00,12.149999618530273,12.149999618530273,12.010000228881836,12.085000038146973,1800,0.0,0.0,0.0
2019-06-11 00:00:00-04:00,12.095999717712402,12.095999717712402,11.932000160217285,12.010000228881836,600,0.0,0.0,0.0
2019-06-12 00:00:00-04:00,11.859999656677246,11.859999656677246,11.859999656677246,11.859999656677246,0,0.0,0.0,0.0
2019-06-13 00:00:00-04:00,11.90999984741211,12.109000205993652,11.90999984741211,12.085000038146973,3800,0.0,0.0,0.0
2019-06-14 00:00:00-04:00,12.321000099182129,12.385000228881836,12.321000099182129,12.385000228881836,1500,0.0,0.0,0.0
2019-06-17 00:00:00-04:00,12.406000137329102,12.406000137329102,12.3100004196167,12.369999885559082,600,0.0,0.0,0.0
2019-06-18 00:00:00-04:00,12.470000267028809,12.470000267028809,12.380000114440918,12.385000228881836,500,0.0,0.0,0.0
2019-06-19 00:00:00-04:00,12.508000373840332,12.508000373840332,12.444999694824219,12.444999694824219,200,0.0,0.0,0.0
2019-06-20 00:00:00-04:00,12.404999732971191,12.404999732971191,12.404999732971191,12.404999732971191,0,0.0,0.0,0.0
2019-06-21 00:00:00-04:00,12.607000350952148,12.6899995803833,12.598999977111816,12.6899995803833,1500,0.0,0.0,0.0
2019-06-24 00:00:00-04:00,12.770000457763672,12.960000038146973,12.75,12.960000038146973,1400,0.0,0.0,0.0
2019-06-25 00:00:00-04:00,12.84000015258789,13.005000114440918,12.84000015258789,13.005000114440918,2100,0.0,0.0,0.0
2019-06-26 00:00:00-04:00,13.062999725341797,13.062999725341797,12.994999885559082,12.994999885559082,800,0.0,0.0,0.0
2019-06-27 00:00:00-04:00,13.005999565124512,13.005999565124512,12.930000305175781,12.930000305175781,100,0.0,0.0,0.0
2019-06-28 00:00:00-04:00,12.925000190734863,13.149999618530273,12.907999992370605,13.149999618530273,1100,0.0,0.0,0.0
2019-07-01 00:00:00-04:00,13.350000381469727,13.4399995803833,13.350000381469727,13.420000076293945,4900,0.0,0.0,0.0
2019-07-02 00:00:00-04:00,14.279999732971191,14.336000442504883,14.220000267028809,14.302000045776367,8200,0.0,0.0,0.0
2019-07-03 00:00:00-04:00,14.949999809265137,15.100000381469727,14.949999809265137,15.020000457763672,5200,0.0,0.0,0.0
2019-07-05 00:00:00-04:00,15.039999961853027,15.104999542236328,14.899999618530273,14.899999618530273,100800,0.0,0.0,0.0
2019-07-08 00:00:00-04:00,14.529999732971191,15.138999938964844,14.34000015258789,15.065999984741211,8700,0.0,0.0,0.0
2019-07-09 00:00:00-04:00,15.600000381469727,15.84000015258789,15.600000381469727,15.774999618530273,9600,0.0,0.0,0.0
2019-07-10 00:00:00-04:00,15.449999809265137,15.779999732971191,15.222999572753906,15.779999732971191,4700,0.0,0.0,0.0
2019-07-11 00:00:00-04:00,16.149999618530273,16.350000381469727,16.139999389648438,16.30500030517578,4100,0.0,0.0,0.0
2019-07-12 00:00:00-04:00,16.559999465942383,16.604999542236328,16.5,16.604999542236328,11100,0.0,0.0,0.0
2019-07-15 00:00:00-04:00,16.989999771118164,17.18000030517578,16.868999481201172,17.125,17600,0.0,0.0,0.0
2019-07-16 00:00:00-04:00,17.1200008392334,17.1200008392334,16.506999969482422,16.575000762939453,11800,0.0,0.0,0.0
2019-07-17 00:00:00-04:00,16.979999542236328,17.010000228881836,16.790000915527344,16.975000381469727,3200,0.0,0.0,0.0
2019-07-18 00:00:00-04:00,17.1200008392334,17.25,17.1200008392334,17.19499969482422,52200,0.0,0.0,0.0
2019-07-19 00:00:00-04:00,17.270000457763672,17.565000534057617,17.270000457763672,17.565000534057617,20200,0.0,0.0,0.0
2019-07-22 00:00:00-04:00,17.770000457763672,18.0,17.770000457763672,17.988000869750977,6900,0.0,0.0,0.0
2019-07-23 00:00:00-04:00,17.3700008392334,17.3700008392334,16.979999542236328,17.065000534057617,18100,0.0,0.0,0.0
2019-07-24 00:00:00-04:00,16.25,16.520000457763672,16.139999389648438,16.350000381469727,35000,0.0,0.0,0.0
2019-07-25 00:00:00-04:00,16.860000610351562,16.91699981689453,16.600000381469727,16.899999618530273,11000,0.0,0.0,0.0
2019-07-26 00:00:00-04:00,16.756999969482422,16.756999969482422,16.5,16.594999313354492,43300,0.0,0.0,0.0
2019-07-29 00:00:00-04:00,16.17099952697754,16.465999603271484,16.128000259399414,16.389999389648438,2500,0.0,0.0,0.0
2019-07-30 00:00:00-04:00,16.163000106811523,16.285999298095703,16.149999618530273,16.190000534057617,2800,0.0,0.0,0.0
2019-07-31 00:00:00-04:00,16.260000228881836,16.260000228881836,16.010000228881836,16.1200008392334,1200,0.0,0.0,0.0
2019-08-01 00:00:00-04:00,15.98900032043457,15.98900032043457,15.9350004196167,15.9350004196167,2300,0.0,0.0,0.0
2019-08-02 00:00:00-04:00,15.46399974822998,15.574999809265137,15.46399974822998,15.574999809265137,1000,0.0,0.0,0.0
2019-08-05 00:00:00-04:00,14.84000015258789,14.859999656677246,14.619999885559082,14.680000305175781,17900,0.0,0.0,0.0
2019-08-06 00:00:00-04:00,15.020000457763672,15.869999885559082,15.020000457763672,15.75,8200,0.0,0.0,0.0
2019-08-07 00:00:00-04:00,15.52400016784668,15.579999923706055,15.52400016784668,15.579999923706055,600,0.0,0.0,0.0
2019-08-08 00:00:00-04:00,15.989999771118164,16.145000457763672,15.979999542236328,16.145000457763672,800,0.0,0.0,0.0
2019-08-09 00:00:00-04:00,16.93600082397461,17.09000015258789,16.780000686645508,17.079999923706055,1400,0.0,0.0,0.0
2019-08-12 00:00:00-04:00,17.09000015258789,17.100000381469727,17.06999969482422,17.070999145507812,2000,0.0,0.0,0.0
2019-08-13 00:00:00-04:00,18.054000854492188,18.054000854492188,17.893999099731445,17.920000076293945,30400,0.0,0.0,0.0
2019-08-14 00:00:00-04:00,18.31999969482422,18.530000686645508,18.19300079345703,18.39900016784668,5500,0.0,0.0,0.0
2019-08-15 00:00:00-04:00,18.56999969482422,18.56999969482422,18.110000610351562,18.320999145507812,18300,0.0,0.0,0.0
2019-08-16 00:00:00-04:00,18.304000854492188,18.33099937438965,18.184999465942383,18.184999465942383,3000,0.0,0.0,0.0
2019-08-19 00:00:00-04:00,17.604000091552734,17.788000106811523,17.59000015258789,17.75,3800,0.0,0.0,0.0
2019-08-20 00:00:00-04:00,17.885000228881836,18.094999313354492,17.885000228881836,18.094999313354492,1900,0.0,0.0,0.0
2019-08-21 00:00:00-04:00,18.500999450683594,18.954999923706055,18.500999450683594,18.924999237060547,6300,0.0,0.0,0.0
2019-08-22 00:00:00-04:00,19.6299991607666,19.639999389648438,19.433000564575195,19.459999084472656,2900,0.0,0.0,0.0
2019-08-23 00:00:00-04:00,19.388999938964844,19.709999084472656,19.327999114990234,19.5310001373291,5100,0.0,0.0,0.0
2019-08-26 00:00:00-04:00,19.60700035095215,19.6299991607666,19.514999389648438,19.549999237060547,4000,0.0,0.0,0.0
2019-08-27 00:00:00-04:00,20.239999771118164,20.6299991607666,20.239999771118164,20.440000534057617,6400,0.0,0.0,0.0
2019-08-28 00:00:00-04:00,20.43000030517578,20.510000228881836,20.40999984741211,20.40999984741211,3600,0.0,0.0,0.0
2019-08-29 00:00:00-04:00,20.336000442504883,20.56800079345703,20.190000534057617,20.405000686645508,3800,0.0,0.0,0.0
2019-08-30 00:00:00-04:00,21.290000915527344,21.360000610351562,21.06999969482422,21.135000228881836,5700,0.0,0.0,0.0
2019-09-03 00:00:00-04:00,22.110000610351562,22.110000610351562,21.40399932861328,21.59000015258789,33600,0.0,0.0,0.0
2019-09-04 00:00:00-04:00,21.209999084472656,21.40999984741211,20.899999618530273,21.066999435424805,11900,0.0,0.0,0.0
2019-09-05 00:00:00-04:00,20.850000381469727,20.850000381469727,20.459999084472656,20.59000015258789,19400,0.0,0.0,0.0
2019-09-06 00:00:00-04:00,20.530000686645508,20.589000701904297,20.110000610351562,20.450000762939453,31000,0.0,0.0,0.0
2019-09-09 00:00:00-04:00,20.389999389648438,20.389999389648438,20.190000534057617,20.190000534057617,2100,0.0,0.0,0.0
2019-09-10 00:00:00-04:00,20.459999084472656,20.469999313354492,20.200000762939453,20.33799934387207,2200,0.0,0.0,0.0
2019-09-11 00:00:00-04:00,20.506999969482422,20.81100082397461,20.447999954223633,20.80500030517578,2400,0.0,0.0,0.0
2019-09-12 00:00:00-04:00,20.8700008392334,21.229000091552734,20.860000610351562,21.19499969482422,16900,0.0,0.0,0.0
2019-09-13 00:00:00-04:00,21.25,21.299999237060547,21.114999771118164,21.114999771118164,900,0.0,0.0,0.0
2019-09-16 00:00:00-04:00,21.149999618530273,21.298999786376953,20.920000076293945,21.270000457763672,10100,0.0,0.0,0.0
2019-09-17 00:00:00-04:00,20.940000534057617,20.940000534057617,20.309999465942383,20.40999984741211,10400,0.0,0.0,0.0
2019-09-18 00:00:00-04:00,19.760000228881836,19.909000396728516,19.649999618530273,19.649999618530273,8600,0.0,0.0,0.0
2019-09-19 00:00:00-04:00,19.40999984741211,19.514999389648438,19.18000030517578,19.514999389648438,3700,0.0,0.0,0.0
2019-09-20 00:00:00-04:00,20.100000381469727,20.100000381469727,19.96299934387207,20.010000228881836,6300,0.0,0.0,0.0
2019-09-23 00:00:00-04:00,20.700000762939453,20.989999771118164,20.5,20.860000610351562,6200,0.0,0.0,0.0
2019-09-24 00:00:00-04:00,21.270000457763672,21.270000457763672,20.5,20.570999145507812,4300,0.0,0.0,0.0
2019-09-25 00:00:00-04:00,20.170000076293945,20.170000076293945,19.520000457763672,19.520000457763672,2400,0.0,0.0,0.0
2019-09-26 00:00:00-04:00,19.15999984741211,19.15999984741211,18.667999267578125,18.71500015258789,9200,0.0,0.0,0.0
2019-09-27 00:00:00-04:00,18.889999389648438,18.924999237060547,18.805999755859375,18.924999237060547,3500,0.0,0.0,0.0
2019-09-30 00:00:00-04:00,19.610000610351562,19.760000228881836,19.600000381469727,19.709999084472656,5400,0.0,0.0,0.0
2019-10-01 00:00:00-04:00,19.829999923706055,19.875,19.829999923706055,19.875,300,0.0,0.0,0.0
2019-10-02 00:00:00-04:00,20.139999389648438,20.190000534057617,20.115999221801758,20.115999221801758,1300,0.0,0.0,0.0
2019-10-03 00:00:00-04:00,19.378999710083008,19.41900062561035,19.364999771118164,19.374000549316406,2300,0.0,0.0,0.0
2019-10-04 00:00:00-04:00,20.441999435424805,20.441999435424805,20.246999740600586,20.405000686645508,1400,0.0,0.0,0.0
2019-10-07 00:00:00-04:00,20.55299949645996,20.719999313354492,20.45800018310547,20.639999389648438,8200,0.0,0.0,0.0
2019-10-08 00:00:00-04:00,21.25,21.53499984741211,21.239999771118164,21.489999771118164,2500,0.0,0.0,0.0
2019-10-09 00:00:00-04:00,22.0,22.18600082397461,21.719999313354492,21.91200065612793,9200,0.0,0.0,0.0
2019-10-10 00:00:00-04:00,21.788000106811523,21.799999237060547,21.4950008392334,21.4950008392334,1100,0.0,0.0,0.0
2019-10-11 00:00:00-04:00,21.332000732421875,21.332000732421875,20.700000762939453,21.19499969482422,2400,0.0,0.0,0.0
2019-10-14 00:00:00-04:00,20.889999389648438,20.93000030517578,20.6299991607666,20.90999984741211,3000,0.0,0.0,0.0
2019-10-15 00:00:00-04:00,20.56100082397461,20.989999771118164,20.56100082397461,20.885000228881836,4700,0.0,0.0,0.0
2019-10-16 00:00:00-04:00,20.530000686645508,20.530000686645508,20.075000762939453,20.075000762939453,3300,0.0,0.0,0.0
2019-10-17 00:00:00-04:00,20.125,20.200000762939453,20.049999237060547,20.200000762939453,1200,0.0,0.0,0.0
2019-10-18 00:00:00-04:00,20.610000610351562,20.610000610351562,20.415000915527344,20.479999542236328,1800,0.0,0.0,0.0
2019-10-21 00:00:00-04:00,20.059999465942383,20.059999465942383,19.40999984741211,19.489999771118164,8600,0.0,0.0,0.0
2019-10-22 00:00:00-04:00,19.030000686645508,19.05900001525879,19.030000686645508,19.05500030517578,300,0.0,0.0,0.0
2019-10-23 00:00:00-04:00,18.969999313354492,19.295000076293945,18.969999313354492,19.295000076293945,2600,0.0,0.0,0.0
2019-10-24 00:00:00-04:00,19.93199920654297,19.950000762939453,19.84000015258789,19.84000015258789,300,0.0,0.0,0.0
2019-10-25 00:00:00-04:00,19.815000534057617,19.815000534057617,19.815000534057617,19.815000534057617,0,0.0,0.0,0.0
2019-10-28 00:00:00-04:00,20.0,20.0,19.78499984741211,19.78499984741211,200,0.0,0.0,0.0
2019-10-29 00:00:00-04:00,19.360000610351562,19.457000732421875,19.360000610351562,19.420000076293945,1400,0.0,0.0,0.0
2019-10-30 00:00:00-04:00,19.09000015258789,19.09000015258789,18.479999542236328,18.545000076293945,2600,0.0,0.0,0.0
2019-10-31 00:00:00-04:00,18.040000915527344,18.059999465942383,18.018999099731445,18.030000686645508,4100,0.0,0.0,0.0
2019-11-01 00:00:00-04:00,18.049999237060547,18.16900062561035,18.030000686645508,18.1200008392334,3100,0.0,0.0,0.0
2019-11-04 00:00:00-05:00,18.500999450683594,18.600000381469727,18.049999237060547,18.049999237060547,2800,0.0,0.0,0.0
2019-11-05 00:00:00-05:00,17.8700008392334,17.8700008392334,17.600000381469727,17.600000381469727,600,0.0,0.0,0.0
2019-11-06 00:00:00-05:00,16.639999389648438,16.940000534057617,16.40999984741211,16.774999618530273,21300,0.0,0.0,0.0
2019-11-07 00:00:00-05:00,16.420000076293945,16.420000076293945,15.861000061035156,16.299999237060547,4000,0.0,0.0,0.0
2019-11-08 00:00:00-05:00,16.299999237060547,16.299999237060547,16.16699981689453,16.2450008392334,400,0.0,0.0,0.0
2019-11-11 00:00:00-05:00,16.6299991607666,16.736000061035156,16.545000076293945,16.545000076293945,300,0.0,0.0,0.0
2019-11-12 00:00:00-05:00,16.975000381469727,16.975000381469727,16.975000381469727,16.975000381469727,0,0.0,0.0,0.0
2019-11-13 00:00:00-05:00,16.8700008392334,16.924999237060547,16.6200008392334,16.709999084472656,1300,0.0,0.0,0.0
2019-11-14 00:00:00-05:00,16.459999084472656,16.584999084472656,16.459999084472656,16.584999084472656,9400,0.0,0.0,0.0
2019-11-15 00:00:00-05:00,16.788999557495117,16.788999557495117,16.774999618530273,16.774999618530273,4100,0.0,0.0,0.0
2019-11-18 00:00:00-05:00,16.770000457763672,16.93000030517578,16.584999084472656,16.584999084472656,1400,0.0,0.0,0.0
2019-11-19 00:00:00-05:00,16.354999542236328,16.354999542236328,16.354999542236328,16.354999542236328,0,0.0,0.0,0.0
2019-11-20 00:00:00-05:00,16.409000396728516,16.530000686645508,16.389999389648438,16.530000686645508,1300,0.0,0.0,0.0
2019-11-21 00:00:00-05:00,16.56999969482422,16.674999237060547,16.559999465942383,16.674999237060547,5000,0.0,0.0,0.0
2019-11-22 00:00:00-05:00,17.094999313354492,17.094999313354492,17.094999313354492,17.094999313354492,200,0.0,0.0,0.0
2019-11-25 00:00:00-05:00,17.920000076293945,17.920000076293945,17.80500030517578,17.80500030517578,1100,0.0,0.0,0.0
2019-11-26 00:00:00-05:00,18.450000762939453,18.450000762939453,18.34000015258789,18.36199951171875,8500,0.0,0.0,0.0
2019-11-27 00:00:00-05:00,18.100000381469727,18.100000381469727,18.05500030517578,18.05500030517578,300,0.0,0.0,0.0
2019-11-29 00:00:00-05:00,18.209999084472656,18.34000015258789,18.209999084472656,18.329999923706055,1900,0.0,0.0,0.0
2019-12-02 00:00:00-05:00,19.055999755859375,19.100000381469727,19.04800033569336,19.05500030517578,500,0.0,0.0,0.0
2019-12-03 00:00:00-05:00,18.350000381469727,18.350000381469727,18.200000762939453,18.315000534057617,800,0.0,0.0,0.0
2019-12-04 00:00:00-05:00,17.809999465942383,18.079999923706055,17.799999237060547,17.975000381469727,1400,0.0,0.0,0.0
2019-12-05 00:00:00-05:00,17.889999389648438,17.889999389648438,17.889999389648438,17.889999389648438,100,0.0,0.0,0.0
2019-12-06 00:00:00-05:00,18.139999389648438,18.204999923706055,18.1299991607666,18.204999923706055,400,0.0,0.0,0.0
2019-12-09 00:00:00-05:00,17.979999542236328,17.979999542236328,17.829999923706055,17.899999618530273,400,0.0,0.0,0.0
2019-12-10 00:00:00-05:00,17.600000381469727,17.770000457763672,17.510000228881836,17.739999771118164,4600,0.0,0.0,0.0
2019-12-11 00:00:00-05:00,17.399999618530273,17.399999618530273,17.15999984741211,17.334999084472656,2500,0.0,0.0,0.0
2019-12-12 00:00:00-05:00,16.722000122070312,16.84000015258789,16.722000122070312,16.84000015258789,600,0.0,0.0,0.0
2019-12-13 00:00:00-05:00,16.84000015258789,16.9950008392334,16.84000015258789,16.9950008392334,1000,0.0,0.0,0.0
2019-12-16 00:00:00-05:00,16.5,16.674999237060547,16.479999542236328,16.674999237060547,2100,0.0,0.0,0.0
2019-12-17 00:00:00-05:00,16.197999954223633,16.197999954223633,16.1200008392334,16.1200008392334,700,0.0,0.0,0.0
2019-12-18 00:00:00-05:00,15.75,15.75,15.520000457763672,15.6850004196167,800,0.0,0.0,0.0
2019-12-19 00:00:00-05:00,15.359999656677246,15.4399995803833,15.324999809265137,15.324999809265137,11600,0.0,0.0,0.0
2019-12-20 00:00:00-05:00,15.149999618530273,15.255000114440918,15.149999618530273,15.225000381469727,1100,0.0,0.0,0.0
2019-12-23 00:00:00-05:00,15.229999542236328,15.335000038146973,15.229999542236328,15.335000038146973,300,0.0,0.0,0.0
2019-12-24 00:00:00-05:00,15.345000267028809,15.345000267028809,15.345000267028809,15.345000267028809,100,0.0,0.0,0.0
2019-12-26 00:00:00-05:00,15.37399959564209,15.37399959564209,15.37399959564209,15.37399959564209,200,0.0,0.0,0.0
2019-12-27 00:00:00-05:00,15.289999961853027,15.289999961853027,15.289999961853027,15.289999961853027,100,0.0,0.0,0.0
2019-12-30 00:00:00-05:00,15.100000381469727,15.100000381469727,15.097999572753906,15.100000381469727,1200,0.0,0.0,0.0
2019-12-31 00:00:00-05:00,15.109999656677246,15.449999809265137,15.109999656677246,15.449999809265137,500,0.0,0.0,0.0
2020-01-02 00:00:00-05:00,14.949999809265137,14.949999809265137,13.861000061035156,13.961000442504883,4000,0.0,0.0,0.0
2020-01-03 00:00:00-05:00,12.989999771118164,13.050000190734863,12.980999946594238,13.050000190734863,8200,0.0,0.0,0.0
2020-01-06 00:00:00-05:00,11.899999618530273,11.9399995803833,11.899999618530273,11.920000076293945,3900,0.0,0.0,0.0
2020-01-07 00:00:00-05:00,11.989999771118164,11.989999771118164,11.895000457763672,11.895000457763672,3200,0.0,0.0,0.0
2020-01-08 00:00:00-05:00,13.305000305175781,13.760000228881836,13.199999809265137,13.654999732971191,7700,0.0,0.0,0.0
2020-01-09 00:00:00-05:00,13.149999618530273,13.359999656677246,13.149999618530273,13.3100004196167,3000,0.0,0.0,0.0
2020-01-10 00:00:00-05:00,13.8100004196167,13.850000381469727,13.75,13.845000267028809,3000,0.0,0.0,0.0
2020-01-13 00:00:00-05:00,12.979999542236328,13.02400016784668,12.75,12.994999885559082,7000,0.0,0.0,0.0
2020-01-14 00:00:00-05:00,13.3100004196167,13.760000228881836,13.0,13.664999961853027,8700,0.0,0.0,0.0
2020-01-15 00:00:00-05:00,13.609999656677246,13.65999984741211,13.350000381469727,13.350000381469727,9100,0.0,0.0,0.0
2020-01-16 00:00:00-05:00,13.010000228881836,13.010000228881836,12.619999885559082,12.630000114440918,5900,0.0,0.0,0.0
2020-01-17 00:00:00-05:00,12.390000343322754,12.390000343322754,12.010000228881836,12.104999542236328,9200,0.0,0.0,0.0
2020-01-21 00:00:00-05:00,11.5,11.5,11.170000076293945,11.369999885559082,18800,0.0,0.0,0.0
2020-01-22 00:00:00-05:00,10.90999984741211,11.09000015258789,10.850000381469727,11.031999588012695,30000,0.0,0.0,0.0
2020-01-23 00:00:00-05:00,11.029999732971191,11.09000015258789,11.029999732971191,11.045000076293945,21800,0.0,0.0,0.0
2020-01-24 00:00:00-05:00,11.210000038146973,11.229999542236328,11.029999732971191,11.135000228881836,12300,0.0,0.0,0.0
2020-01-27 00:00:00-05:00,10.550000190734863,10.555000305175781,10.350000381469727,10.4399995803833,33800,0.0,0.0,0.0
2020-01-28 00:00:00-05:00,10.579999923706055,10.619999885559082,10.220000267028809,10.279999732971191,47500,0.0,0.0,0.0
2020-01-29 00:00:00-05:00,10.170000076293945,10.170000076293945,10.050000190734863,10.085000038146973,11400,0.0,0.0,0.0
2020-01-30 00:00:00-05:00,10.039999961853027,10.039999961853027,9.5,9.550000190734863,48700,0.0,0.0,0.0
2020-01-31 00:00:00-05:00,9.850000381469727,9.906999588012695,9.529999732971191,9.819999694824219,18700,0.0,0.0,0.0
2020-02-03 00:00:00-05:00,9.84000015258789,10.239999771118164,9.119999885559082,9.293000221252441,47900,0.0,0.0,0.0
2020-02-04 00:00:00-05:00,9.210000038146973,9.5,9.199999809265137,9.350000381469727,44700,0.0,0.0,0.0
2020-02-05 00:00:00-05:00,9.399999618530273,9.670000076293945,9.399999618530273,9.550000190734863,40300,0.0,0.0,0.0
2020-02-06 00:00:00-05:00,9.489999771118164,10.039999961853027,9.25,9.449999809265137,173200,0.0,0.0,0.0
2020-02-07 00:00:00-05:00,9.25,9.289999961853027,9.1899995803833,9.225000381469727,54100,0.0,0.0,0.0
2020-02-10 00:00:00-05:00,9.25,9.25,8.631999969482422,8.800000190734863,81200,0.0,0.0,0.0
2020-02-11 00:00:00-05:00,9.100000381469727,9.420000076293945,9.100000381469727,9.300000190734863,65000,0.0,0.0,0.0
2020-02-12 00:00:00-05:00,9.470000267028809,10.020000457763672,9.399999618530273,9.399999618530273,155700,0.0,0.0,0.0
2020-02-13 00:00:00-05:00,9.09000015258789,9.227999687194824,9.069999694824219,9.140000343322754,63700,0.0,0.0,0.0
2020-02-14 00:00:00-05:00,9.15999984741211,9.300000190734863,9.130000114440918,9.225000381469727,109200,0.0,0.0,0.0
2020-02-18 00:00:00-05:00,9.239999771118164,9.380000114440918,9.140000343322754,9.270000457763672,259500,0.0,0.0,0.0
2020-02-19 00:00:00-05:00,9.25,9.34000015258789,9.100000381469727,9.100000381469727,280300,0.0,0.0,0.0
2020-02-20 00:00:00-05:00,9.119999885559082,9.140000343322754,9.029999732971191,9.029999732971191,150800,0.0,0.0,0.0
2020-02-21 00:00:00-05:00,9.010000228881836,9.100000381469727,8.880000114440918,9.010000228881836,104900,0.0,0.0,0.0
2020-02-24 00:00:00-05:00,8.699999809265137,8.699999809265137,8.369999885559082,8.369999885559082,118600,0.0,0.0,0.0
2020-02-25 00:00:00-05:00,8.149999618530273,8.289999961853027,8.100000381469727,8.220000267028809,87900,0.0,0.0,0.0
2020-02-26 00:00:00-05:00,8.260000228881836,8.279999732971191,8.149999618530273,8.180000305175781,124300,0.0,0.0,0.0
2020-02-27 00:00:00-05:00,8.300000190734863,8.359999656677246,8.199999809265137,8.300000190734863,153100,0.0,0.0,0.0
2020-02-28 00:00:00-05:00,8.350000381469727,8.350000381469727,8.13599967956543,8.1899995803833,211600,0.0,0.0,0.0
2020-03-02 00:00:00-05:00,8.09000015258789,8.09000015258789,7.699999809265137,7.909999847412109,148000,0.0,0.0,0.0
2020-03-03 00:00:00-05:00,8.130000114440918,8.140000343322754,8.029999732971191,8.100000381469727,44500,0.0,0.0,0.0
2020-03-04 00:00:00-05:00,8.25,8.350000381469727,8.180000305175781,8.3100004196167,138700,0.0,0.0,0.0
2020-03-05 00:00:00-05:00,8.510000228881836,8.65999984741211,8.36299991607666,8.369999885559082,92800,0.0,0.0,0.0
2020-03-06 00:00:00-05:00,8.449999809265137,8.449999809265137,8.199999809265137,8.25,81200,0.0,0.0,0.0
2020-03-09 00:00:00-04:00,7.739999771118164,7.789999961853027,7.409999847412109,7.5,74700,0.0,0.0,0.0
2020-03-10 00:00:00-04:00,7.869999885559082,7.929999828338623,7.699999809265137,7.809999942779541,40100,0.0,0.0,0.0
2020-03-11 00:00:00-04:00,7.5,7.619999885559082,7.4670000076293945,7.5,62000,0.0,0.0,0.0
2020-03-12 00:00:00-04:00,7.230000019073486,7.230000019073486,6.869999885559082,6.909999847412109,119200,0.0,0.0,0.0
2020-03-13 00:00:00-04:00,7.0,7.0,6.78000020980835,6.840000152587891,178100,0.0,0.0,0.0
2020-03-16 00:00:00-04:00,6.510000228881836,6.510000228881836,6.0,6.099999904632568,102800,0.0,0.0,0.0
2020-03-17 00:00:00-04:00,6.199999809265137,6.210000038146973,6.0,6.059999942779541,63600,0.0,0.0,0.0
2020-03-18 00:00:00-04:00,6.099999904632568,6.099999904632568,5.119999885559082,5.389999866485596,193300,0.0,0.0,0.0
2020-03-19 00:00:00-04:00,5.239999771118164,5.889999866485596,5.170000076293945,5.559999942779541,133800,0.0,0.0,0.0
2020-03-20 00:00:00-04:00,5.570000171661377,5.900000095367432,5.570000171661377,5.820000171661377,32000,0.0,0.0,0.0
2020-03-23 00:00:00-04:00,5.53000020980835,5.78000020980835,5.409999847412109,5.739999771118164,22400,0.0,0.0,0.0
2020-03-24 00:00:00-04:00,5.900000095367432,5.900000095367432,5.320000171661377,5.369999885559082,58000,0.0,0.0,0.0
2020-03-25 00:00:00-04:00,5.25,5.25,5.010000228881836,5.03000020980835,61600,0.0,0.0,0.0
2020-03-26 00:00:00-04:00,5.059999942779541,5.46999979019165,5.010000228881836,5.389999866485596,160800,0.0,0.0,0.0
2020-03-27 00:00:00-04:00,5.570000171661377,5.650000095367432,5.309999942779541,5.400000095367432,94600,0.0,0.0,0.0
2020-03-30 00:00:00-04:00,5.400000095367432,5.860000133514404,5.400000095367432,5.804999828338623,160300,0.0,0.0,0.0
2020-03-31 00:00:00-04:00,6.349999904632568,7.039999961853027,6.010000228881836,6.389999866485596,305800,0.0,0.0,0.0
2020-04-01 00:00:00-04:00,6.389999866485596,6.5,6.260000228881836,6.289999961853027,61300,0.0,0.0,0.0
2020-04-02 00:00:00-04:00,6.730000019073486,6.730000019073486,6.210000038146973,6.380000114440918,51200,0.0,0.0,0.0
2020-04-03 00:00:00-04:00,6.460000038146973,6.460000038146973,6.195000171661377,6.239999771118164,24600,0.0,0.0,0.0
2020-04-06 00:00:00-04:00,6.260000228881836,6.260000228881836,6.099999904632568,6.099999904632568,28600,0.0,0.0,0.0
2020-04-07 00:00:00-04:00,6.21999979019165,6.340000152587891,6.099999904632568,6.289999961853027,44000,0.0,0.0,0.0
2020-04-08 00:00:00-04:00,6.519999980926514,6.940000057220459,6.5,6.869999885559082,33400,0.0,0.0,0.0
2020-04-09 00:00:00-04:00,7.03000020980835,7.567999839782715,7.03000020980835,7.349999904632568,218800,0.0,0.0,0.0
2020-04-13 00:00:00-04:00,7.349999904632568,7.440000057220459,7.199999809265137,7.320000171661377,95800,0.0,0.0,0.0
2020-04-14 00:00:00-04:00,7.320000171661377,7.329999923706055,7.139999866485596,7.230000019073486,104300,0.0,0.0,0.0
2020-04-15 00:00:00-04:00,7.25,7.400000095367432,7.235000133514404,7.25,36000,0.0,0.0,0.0
2020-04-16 00:00:00-04:00,7.409999847412109,7.409999847412109,7.010000228881836,7.230000019073486,28700,0.0,0.0,0.0
2020-04-17 00:00:00-04:00,7.230000019073486,7.320000171661377,7.0,7.25,48800,0.0,0.0,0.0
2020-04-20 00:00:00-04:00,7.099999904632568,7.170000076293945,6.800000190734863,6.809999942779541,585000,0.0,0.0,0.0
2020-04-21 00:00:00-04:00,6.510000228881836,6.510000228881836,6.150000095367432,6.150000095367432,198700,0.0,0.0,0.0
2020-04-22 00:00:00-04:00,6.110000133514404,6.269999980926514,6.03000020980835,6.150000095367432,191500,0.0,0.0,0.0
2020-04-23 00:00:00-04:00,6.099999904632568,6.159999847412109,6.0,6.110000133514404,40600,0.0,0.0,0.0
2020-04-24 00:00:00-04:00,6.110000133514404,6.150000095367432,6.019999980926514,6.019999980926514,25600,0.0,0.0,0.0
2020-04-27 00:00:00-04:00,6.0,6.26200008392334,5.809999942779541,5.809999942779541,42200,0.0,0.0,0.0
2020-04-28 00:00:00-04:00,5.699999809265137,5.75,5.5,5.550000190734863,76600,0.0,0.0,0.0
2020-04-29 00:00:00-04:00,5.659999847412109,5.75,5.480000019073486,5.679999828338623,133200,0.0,0.0,0.0
2020-04-30 00:00:00-04:00,5.650000095367432,5.679999828338623,5.442999839782715,5.539999961853027,76400,0.0,0.0,0.0
2020-05-01 00:00:00-04:00,5.300000190734863,5.5,5.300000190734863,5.349999904632568,45100,0.0,0.0,0.0
2020-05-04 00:00:00-04:00,5.360000133514404,5.360000133514404,5.050000190734863,5.099999904632568,75800,0.0,0.0,0.0
2020-05-05 00:00:00-04:00,5.050000190734863,5.050000190734863,4.714000225067139,4.789999961853027,145200,0.0,0.0,0.0
2020-05-06 00:00:00-04:00,4.800000190734863,4.800000190734863,4.400000095367432,4.449999809265137,188900,0.0,0.0,0.0
2020-05-07 00:00:00-04:00,4.550000190734863,4.610000133514404,4.449999809265137,4.579999923706055,56600,0.0,0.0,0.0
2020-05-08 00:00:00-04:00,4.650000095367432,4.659999847412109,4.5,4.599999904632568,119000,0.0,0.0,0.0
2020-05-11 00:00:00-04:00,4.349999904632568,4.480000019073486,4.284999847412109,4.429999828338623,162400,0.0,0.0,0.0
2020-05-12 00:00:00-04:00,4.360000133514404,4.360000133514404,4.119999885559082,4.130000114440918,100000,0.0,0.0,0.0
2020-05-13 00:00:00-04:00,3.9600000381469727,4.059999942779541,3.75,3.9100000858306885,873900,0.0,0.0,0.0
2020-05-14 00:00:00-04:00,3.950000047683716,4.099999904632568,3.950000047683716,4.013000011444092,78200,0.0,0.0,0.0
2020-05-15 00:00:00-04:00,4.070000171661377,4.190000057220459,4.070000171661377,4.170000076293945,131300,0.0,0.0,0.0
2020-05-18 00:00:00-04:00,4.659999847412109,4.789999961853027,4.400000095367432,4.590000152587891,726000,0.0,0.0,0.0
2020-05-19 00:00:00-04:00,4.639999866485596,4.699999809265137,4.559999942779541,4.619999885559082,427000,0.0,0.0,0.0
2020-05-20 00:00:00-04:00,4.849999904632568,5.150000095367432,4.699999809265137,4.909999847412109,253300,0.0,0.0,0.0
2020-05-21 00:00:00-04:00,4.989999771118164,4.989999771118164,4.920000076293945,4.940000057220459,256300,0.0,0.0,0.0
2020-05-22 00:00:00-04:00,4.849999904632568,4.929999828338623,4.699999809265137,4.880000114440918,45700,0.0,0.0,0.0
2020-05-26 00:00:00-04:00,4.599999904632568,4.900000095367432,4.599999904632568,4.800000190734863,110800,0.0,0.0,0.0
2020-05-27 00:00:00-04:00,4.739999771118164,4.800000190734863,4.53000020980835,4.650000095367432,365800,0.0,0.0,0.0
2020-05-28 00:00:00-04:00,4.579999923706055,4.739999771118164,4.550000190734863,4.550000190734863,100600,0.0,0.0,0.0
2020-05-29 00:00:00-04:00,4.679999828338623,4.679999828338623,4.619999885559082,4.650000095367432,53200,0.0,0.0,0.0
2020-06-01 00:00:00-04:00,4.690000057220459,4.75,4.570000171661377,4.639999866485596,92400,0.0,0.0,0.0
2020-06-02 00:00:00-04:00,4.889999866485596,5.0,4.820000171661377,5.0,324300,0.0,0.0,0.0
2020-06-03 00:00:00-04:00,5.079999923706055,5.099999904632568,4.960000038146973,5.03000020980835,305100,0.0,0.0,0.0
2020-06-04 00:00:00-04:00,5.03000020980835,5.135000228881836,5.0,5.050000190734863,144300,0.0,0.0,0.0
2020-06-05 00:00:00-04:00,5.440000057220459,5.5,5.239999771118164,5.449999809265137,340300,0.0,0.0,0.0
2020-06-08 00:00:00-04:00,5.449999809265137,5.519999980926514,5.329999923706055,5.510000228881836,207600,0.0,0.0,0.0
2020-06-09 00:00:00-04:00,5.079999923706055,5.420000076293945,5.079999923706055,5.269999980926514,284600,0.0,0.0,0.0
2020-06-10 00:00:00-04:00,5.360000133514404,5.873000144958496,5.360000133514404,5.78000020980835,231200,0.0,0.0,0.0
2020-06-11 00:00:00-04:00,6.099999904632568,6.199999809265137,5.650000095367432,5.78000020980835,506400,0.0,0.0,0.0
2020-06-12 00:00:00-04:00,6.0,6.360000133514404,6.0,6.360000133514404,312200,0.0,0.0,0.0
2020-06-15 00:00:00-04:00,6.190000057220459,6.550000190734863,6.1570000648498535,6.420000076293945,332800,0.0,0.0,0.0
2020-06-16 00:00:00-04:00,6.989999771118164,7.460000038146973,6.989999771118164,7.21999979019165,512900,0.0,0.0,0.0
2020-06-17 00:00:00-04:00,7.730000019073486,7.829999923706055,7.5,7.820000171661377,725400,0.0,0.0,0.0
2020-06-18 00:00:00-04:00,7.800000190734863,7.869999885559082,7.230000019073486,7.260000228881836,504800,0.0,0.0,0.0
2020-06-19 00:00:00-04:00,7.349999904632568,7.400000095367432,7.170000076293945,7.275000095367432,230500,0.0,0.0,0.0
2020-06-22 00:00:00-04:00,7.610000133514404,7.650000095367432,7.389999866485596,7.429999828338623,267500,0.0,0.0,0.0
2020-06-23 00:00:00-04:00,7.869999885559082,8.239999771118164,7.849999904632568,8.180000305175781,343300,0.0,0.0,0.0
2020-06-24 00:00:00-04:00,8.0,8.0,7.369999885559082,7.440000057220459,398300,0.0,0.0,0.0
2020-06-25 00:00:00-04:00,7.46999979019165,7.599999904632568,7.000999927520752,7.239999771118164,487500,0.0,0.0,0.0
2020-06-26 00:00:00-04:00,7.239999771118164,7.690000057220459,7.210000038146973,7.610000133514404,228400,0.0,0.0,0.0
2020-06-29 00:00:00-04:00,7.510000228881836,7.699999809265137,7.510000228881836,7.559999942779541,210300,0.0,0.0,0.0
2020-06-30 00:00:00-04:00,7.429999828338623,7.449999809265137,7.25,7.389999866485596,168000,0.0,0.0,0.0
2020-07-01 00:00:00-04:00,7.269999980926514,7.460000038146973,7.170000076293945,7.199999809265137,286700,0.0,0.0,0.0
2020-07-02 00:00:00-04:00,7.730000019073486,8.180000305175781,7.630000114440918,8.050000190734863,527100,0.0,0.0,0.0
2020-07-06 00:00:00-04:00,9.180000305175781,9.477999687194824,9.039999961853027,9.420000076293945,609800,0.0,0.0,0.0
2020-07-07 00:00:00-04:00,8.949999809265137,9.029999732971191,8.600000381469727,8.930000305175781,374800,0.0,0.0,0.0
2020-07-08 00:00:00-04:00,8.600000381469727,9.0,8.270000457763672,9.0,317200,0.0,0.0,0.0
2020-07-09 00:00:00-04:00,8.859999656677246,8.869999885559082,8.399999618530273,8.75,170300,0.0,0.0,0.0
2020-07-10 00:00:00-04:00,8.75,8.800000190734863,8.3100004196167,8.489999771118164,244000,0.0,0.0,0.0
2020-07-13 00:00:00-04:00,8.369999885559082,8.46500015258789,8.020000457763672,8.100000381469727,330000,0.0,0.0,0.0
2020-07-14 00:00:00-04:00,7.800000190734863,8.0,7.599999904632568,7.820000171661377,201100,0.0,0.0,0.0
2020-07-15 00:00:00-04:00,7.909999847412109,7.909999847412109,7.449999809265137,7.519999980926514,165500,0.0,0.0,0.0
2020-07-16 00:00:00-04:00,7.849999904632568,8.119999885559082,7.8470001220703125,7.980000019073486,91400,0.0,0.0,0.0
2020-07-17 00:00:00-04:00,8.100000381469727,8.100000381469727,8.0,8.0,35600,0.0,0.0,0.0
2020-07-20 00:00:00-04:00,7.900000095367432,7.900000095367432,7.480000019073486,7.5,44700,0.0,0.0,0.0
2020-07-21 00:00:00-04:00,7.150000095367432,7.269999980926514,7.110000133514404,7.110000133514404,216400,0.0,0.0,0.0
2020-07-22 00:00:00-04:00,6.949999809265137,6.949999809265137,6.849999904632568,6.909999847412109,252000,0.0,0.0,0.0
2020-07-23 00:00:00-04:00,6.800000190734863,7.199999809265137,6.639999866485596,7.150000095367432,225500,0.0,0.0,0.0
2020-07-24 00:00:00-04:00,7.380000114440918,7.480000019073486,7.15500020980835,7.389999866485596,166600,0.0,0.0,0.0
2020-07-27 00:00:00-04:00,7.489999771118164,7.590000152587891,7.329999923706055,7.550000190734863,155400,0.0,0.0,0.0
2020-07-28 00:00:00-04:00,7.800000190734863,8.038999557495117,7.800000190734863,7.900000095367432,188600,0.0,0.0,0.0
2020-07-29 00:00:00-04:00,8.399999618530273,8.600000381469727,8.399999618530273,8.510000228881836,141000,0.0,0.0,0.0
2020-07-30 00:00:00-04:00,8.430000305175781,8.505000114440918,8.079999923706055,8.1899995803833,212400,0.0,0.0,0.0
2020-07-31 00:00:00-04:00,8.520000457763672,8.520000457763672,7.980000019073486,8.149999618530273,78900,0.0,0.0,0.0
2020-08-03 00:00:00-04:00,8.630000114440918,8.630000114440918,8.350000381469727,8.420000076293945,109800,0.0,0.0,0.0
2020-08-04 00:00:00-04:00,8.630000114440918,8.789999961853027,8.600000381469727,8.6899995803833,58400,0.0,0.0,0.0
2020-08-05 00:00:00-04:00,8.520000457763672,8.600000381469727,8.350000381469727,8.510000228881836,265900,0.0,0.0,0.0
2020-08-06 00:00:00-04:00,9.0,9.0,8.6899995803833,8.800000190734863,66300,0.0,0.0,0.0
2020-08-07 00:00:00-04:00,8.829999923706055,8.829999923706055,8.479999542236328,8.5,35600,0.0,0.0,0.0
2020-08-10 00:00:00-04:00,8.529999732971191,8.75,8.529999732971191,8.609999656677246,97800,0.0,0.0,0.0
2020-08-11 00:00:00-04:00,8.90999984741211,9.34000015258789,8.90999984741211,9.319999694824219,244800,0.0,0.0,0.0
2020-08-12 00:00:00-04:00,9.180000305175781,9.300000190734863,9.10099983215332,9.15999984741211,134300,0.0,0.0,0.0
2020-08-13 00:00:00-04:00,9.130000114440918,9.399999618530273,9.020000457763672,9.020000457763672,81400,0.0,0.0,0.0
2020-08-14 00:00:00-04:00,9.09000015258789,9.09000015258789,8.850000381469727,8.850000381469727,33900,0.0,0.0,0.0
2020-08-17 00:00:00-04:00,8.800999641418457,8.970000267028809,8.739999771118164,8.899999618530273,50100,0.0,0.0,0.0
2020-08-18 00:00:00-04:00,8.770000457763672,8.845000267028809,8.75,8.84000015258789,65300,0.0,0.0,0.0
2020-08-19 00:00:00-04:00,8.729999542236328,8.729999542236328,8.430000305175781,8.470000267028809,158600,0.0,0.0,0.0
2020-08-20 00:00:00-04:00,8.069999694824219,8.168000221252441,7.909999847412109,8.050000190734863,179800,0.0,0.0,0.0
2020-08-21 00:00:00-04:00,8.050000190734863,8.149999618530273,8.050000190734863,8.109999656677246,40400,0.0,0.0,0.0
2020-08-24 00:00:00-04:00,9.0,9.0,8.579999923706055,8.65999984741211,45900,0.0,0.0,0.0
2020-08-25 00:00:00-04:00,8.770000457763672,8.880000114440918,8.760000228881836,8.760000228881836,90200,0.0,0.0,0.0
2020-08-26 00:00:00-04:00,8.75,8.949999809265137,8.75,8.789999961853027,33700,0.0,0.0,0.0
2020-08-27 00:00:00-04:00,8.770000457763672,8.899999618530273,8.75,8.770000457763672,39600,0.0,0.0,0.0
2020-08-28 00:00:00-04:00,8.850000381469727,8.989999771118164,8.649999618530273,8.770000457763672,121400,0.0,0.0,0.0
2020-08-31 00:00:00-04:00,8.850000381469727,8.850000381469727,8.5,8.520000457763672,48000,0.0,0.0,0.0
2020-09-01 00:00:00-04:00,8.5,8.5,8.130000114440918,8.130000114440918,87100,0.0,0.0,0.0
2020-09-02 00:00:00-04:00,8.0,8.100000381469727,7.789999961853027,7.820000171661377,112900,0.0,0.0,0.0
2020-09-03 00:00:00-04:00,7.769999980926514,7.769999980926514,7.366000175476074,7.409999847412109,91900,0.0,0.0,0.0
2020-09-04 00:00:00-04:00,7.75,7.78000020980835,7.599999904632568,7.769999980926514,55100,0.0,0.0,0.0
2020-09-08 00:00:00-04:00,7.590000152587891,7.739999771118164,7.400000095367432,7.40500020980835,75200,0.0,0.0,0.0
2020-09-09 00:00:00-04:00,7.25,7.25,7.139999866485596,7.139999866485596,58100,0.0,0.0,0.0
2020-09-10 00:00:00-04:00,7.019999980926514,7.550000190734863,7.019999980926514,7.485000133514404,39900,0.0,0.0,0.0
2020-09-11 00:00:00-04:00,7.5,7.690000057220459,7.489999771118164,7.690000057220459,43400,0.0,0.0,0.0
2020-09-14 00:00:00-04:00,7.869999885559082,7.900000095367432,7.690000057220459,7.849999904632568,19300,0.0,0.0,0.0
2020-09-15 00:00:00-04:00,7.849999904632568,7.849999904632568,7.53000020980835,7.550000190734863,80900,0.0,0.0,0.0
2020-09-16 00:00:00-04:00,7.650000095367432,7.664999961853027,7.599999904632568,7.599999904632568,25300,0.0,0.0,0.0
2020-09-17 00:00:00-04:00,7.699999809265137,7.699999809265137,7.599999904632568,7.639999866485596,19500,0.0,0.0,0.0
2020-09-18 00:00:00-04:00,7.670000076293945,7.699999809265137,7.552999973297119,7.570000171661377,13500,0.0,0.0,0.0
2020-09-21 00:00:00-04:00,7.510000228881836,7.650000095367432,7.510000228881836,7.625,101800,0.0,0.0,0.0
2020-09-22 00:00:00-04:00,7.769999980926514,7.827000141143799,7.650000095367432,7.679999828338623,33100,0.0,0.0,0.0
2020-09-23 00:00:00-04:00,8.0,8.109999656677246,8.0,8.109999656677246,48900,0.0,0.0,0.0
2020-09-24 00:00:00-04:00,8.449999809265137,8.449999809265137,8.27400016784668,8.430000305175781,119200,0.0,0.0,0.0
2020-09-25 00:00:00-04:00,8.3100004196167,8.3100004196167,8.100000381469727,8.210000038146973,44500,0.0,0.0,0.0
2020-09-28 00:00:00-04:00,8.109999656677246,8.109999656677246,7.940000057220459,8.09000015258789,66700,0.0,0.0,0.0
2020-09-29 00:00:00-04:00,8.149999618530273,8.3100004196167,8.130000114440918,8.229999542236328,52100,0.0,0.0,0.0
2020-09-30 00:00:00-04:00,8.149999618530273,8.25,8.100000381469727,8.239999771118164,63200,0.0,0.0,0.0
2020-10-01 00:00:00-04:00,8.300000190734863,8.399999618530273,8.29699993133545,8.359999656677246,21200,0.0,0.0,0.0
2020-10-02 00:00:00-04:00,8.550000190734863,8.75,8.550000190734863,8.649999618530273,134300,0.0,0.0,0.0
2020-10-05 00:00:00-04:00,8.739999771118164,8.845000267028809,8.699999809265137,8.729999542236328,59300,0.0,0.0,0.0
2020-10-06 00:00:00-04:00,8.529999732971191,8.680000305175781,8.510000228881836,8.520000457763672,110900,0.0,0.0,0.0
2020-10-07 00:00:00-04:00,8.390000343322754,8.390000343322754,8.130000114440918,8.15999984741211,68400,0.0,0.0,0.0
2020-10-08 00:00:00-04:00,8.100000381469727,8.15999984741211,8.0600004196167,8.130000114440918,79000,0.0,0.0,0.0
2020-10-09 00:00:00-04:00,8.039999961853027,8.085000038146973,7.860000133514404,7.880000114440918,54900,0.0,0.0,0.0
2020-10-12 00:00:00-04:00,7.900000095367432,7.989999771118164,7.900000095367432,7.949999809265137,37200,0.0,0.0,0.0
2020-10-13 00:00:00-04:00,7.900000095367432,7.949999809265137,7.900000095367432,7.940000057220459,59500,0.0,0.0,0.0
2020-10-14 00:00:00-04:00,7.699999809265137,7.699999809265137,7.460000038146973,7.489999771118164,53500,0.0,0.0,0.0
2020-10-15 00:00:00-04:00,7.440000057220459,7.440000057220459,7.130000114440918,7.400000095367432,112100,0.0,0.0,0.0
2020-10-16 00:00:00-04:00,7.28000020980835,7.329999923706055,7.0,7.0,103100,0.0,0.0,0.0
2020-10-19 00:00:00-04:00,7.0,7.170000076293945,6.829999923706055,7.110000133514404,195600,0.0,0.0,0.0
2020-10-20 00:00:00-04:00,7.099999904632568,7.449999809265137,7.099999904632568,7.389999866485596,51200,0.0,0.0,0.0
2020-10-21 00:00:00-04:00,7.5,7.869999885559082,7.5,7.670000076293945,54800,0.0,0.0,0.0
2020-10-22 00:00:00-04:00,7.670000076293945,7.800000190734863,7.489999771118164,7.510000228881836,44200,0.0,0.0,0.0
2020-10-23 00:00:00-04:00,7.400000095367432,7.5,7.334000110626221,7.389999866485596,10700,0.0,0.0,0.0
2020-10-26 00:00:00-04:00,7.090000152587891,7.289999961853027,7.090000152587891,7.179999828338623,141900,0.0,0.0,0.0
2020-10-27 00:00:00-04:00,7.394999980926514,7.460000038146973,7.119999885559082,7.119999885559082,33100,0.0,0.0,0.0
2020-10-28 00:00:00-04:00,7.03000020980835,7.09499979019165,6.849999904632568,6.860000133514404,33300,0.0,0.0,0.0
2020-10-29 00:00:00-04:00,6.800000190734863,6.800000190734863,6.5,6.5,81100,0.0,0.0,0.0
2020-10-30 00:00:00-04:00,6.749000072479248,6.820000171661377,6.630000114440918,6.769999980926514,71900,0.0,0.0,0.0
2020-11-02 00:00:00-05:00,6.670000076293945,6.710000038146973,6.5,6.519999980926514,22900,0.0,0.0,0.0
2020-11-03 00:00:00-05:00,6.630000114440918,6.630000114440918,6.309999942779541,6.559999942779541,28700,0.0,0.0,0.0
2020-11-04 00:00:00-05:00,6.550000190734863,6.550000190734863,6.349999904632568,6.360000133514404,27000,0.0,0.0,0.0
2020-11-05 00:00:00-05:00,6.289999961853027,6.690000057220459,6.289999961853027,6.539999961853027,44500,0.0,0.0,0.0
2020-11-06 00:00:00-05:00,6.599999904632568,6.880000114440918,6.559999942779541,6.800000190734863,26400,0.0,0.0,0.0
2020-11-09 00:00:00-05:00,7.03000020980835,7.050000190734863,6.920000076293945,7.010000228881836,57700,0.0,0.0,0.0
2020-11-10 00:00:00-05:00,6.900000095367432,6.900000095367432,6.650000095367432,6.670000076293945,77900,0.0,0.0,0.0
2020-11-11 00:00:00-05:00,6.349999904632568,6.458000183105469,6.210000038146973,6.21999979019165,98900,0.0,0.0,0.0
2020-11-12 00:00:00-05:00,6.5,6.5,6.260000228881836,6.409999847412109,46700,0.0,0.0,0.0
2020-11-13 00:00:00-05:00,6.5,6.5,6.23199987411499,6.309999942779541,63500,0.0,0.0,0.0
2020-11-16 00:00:00-05:00,6.510000228881836,6.510000228881836,6.25,6.28000020980835,14100,0.0,0.0,0.0
2020-11-17 00:00:00-05:00,6.480000019073486,6.480000019073486,6.25,6.25,24300,0.0,0.0,0.0
2020-11-18 00:00:00-05:00,6.449999809265137,6.46999979019165,6.335999965667725,6.369999885559082,14600,0.0,0.0,0.0
2020-11-19 00:00:00-05:00,6.400000095367432,6.710000038146973,6.400000095367432,6.599999904632568,93100,0.0,0.0,0.0
2020-11-20 00:00:00-05:00,6.539999961853027,6.71999979019165,6.539999961853027,6.610000133514404,13600,0.0,0.0,0.0
2020-11-23 00:00:00-05:00,6.550000190734863,6.800000190734863,6.5,6.610000133514404,43400,0.0,0.0,0.0
2020-11-24 00:00:00-05:00,6.630000114440918,6.659999847412109,6.353000164031982,6.590000152587891,89800,0.0,0.0,0.0
2020-11-25 00:00:00-05:00,6.75,6.800000190734863,6.659999847412109,6.699999809265137,35400,0.0,0.0,0.0
2020-11-27 00:00:00-05:00,6.400000095367432,6.71999979019165,6.360000133514404,6.619999885559082,59000,0.0,0.0,0.0
2020-11-30 00:00:00-05:00,6.570000171661377,6.570000171661377,6.369999885559082,6.420000076293945,39100,0.0,0.0,0.0
2020-12-01 00:00:00-05:00,6.420000076293945,6.454999923706055,6.349999904632568,6.409999847412109,22700,0.0,0.0,0.0
2020-12-02 00:00:00-05:00,6.25,6.25,6.129000186920166,6.170000076293945,46500,0.0,0.0,0.0
2020-12-03 00:00:00-05:00,6.099999904632568,6.289999961853027,6.099999904632568,6.239999771118164,37900,0.0,0.0,0.0
2020-12-04 00:00:00-05:00,6.420000076293945,6.550000190734863,6.420000076293945,6.539999961853027,54200,0.0,0.0,0.0
2020-12-07 00:00:00-05:00,6.559999942779541,6.559999942779541,6.260000228881836,6.400000095367432,15600,0.0,0.0,0.0
2020-12-08 00:00:00-05:00,6.474999904632568,6.494999885559082,6.449999809265137,6.460000038146973,14400,0.0,0.0,0.0
2020-12-09 00:00:00-05:00,6.639999866485596,6.78000020980835,6.619999885559082,6.710000038146973,75800,0.0,0.0,0.0
2020-12-10 00:00:00-05:00,6.989999771118164,7.119999885559082,6.985000133514404,7.044000148773193,50100,0.0,0.0,0.0
2020-12-11 00:00:00-05:00,7.099999904632568,7.199999809265137,7.090000152587891,7.179999828338623,54100,0.0,0.0,0.0
2020-12-14 00:00:00-05:00,7.269999980926514,7.559999942779541,7.269999980926514,7.300000190734863,83300,0.0,0.0,0.0
2020-12-15 00:00:00-05:00,7.300000190734863,7.300000190734863,7.269999980926514,7.300000190734863,42500,0.0,0.0,0.0
2020-12-16 00:00:00-05:00,7.260000228881836,7.28000020980835,7.03000020980835,7.090000152587891,42000,0.0,0.0,0.0
2020-12-17 00:00:00-05:00,7.210000038146973,7.46999979019165,7.210000038146973,7.409999847412109,68300,0.0,0.0,0.0
2020-12-18 00:00:00-05:00,7.409999847412109,7.525000095367432,7.360000133514404,7.460000038146973,39400,0.0,0.0,0.0
2020-12-21 00:00:00-05:00,7.389999866485596,7.5,7.25,7.269999980926514,57600,0.0,0.0,0.0
2020-12-22 00:00:00-05:00,7.440000057220459,7.550000190734863,7.440000057220459,7.51200008392334,54200,0.0,0.0,0.0
2020-12-23 00:00:00-05:00,7.599999904632568,7.800000190734863,7.590000152587891,7.730000019073486,95700,0.0,0.0,0.0
2020-12-24 00:00:00-05:00,7.769999980926514,7.769999980926514,7.559999942779541,7.559999942779541,13200,0.0,0.0,0.0
2020-12-28 00:00:00-05:00,7.75,7.760000228881836,7.599999904632568,7.635000228881836,34600,0.0,0.0,0.0
2020-12-29 00:00:00-05:00,7.570000171661377,7.585000038146973,7.110000133514404,7.199999809265137,133000,0.0,0.0,0.0
2020-12-30 00:00:00-05:00,7.440000057220459,7.690000057220459,7.34499979019165,7.510000228881836,176900,0.0,0.0,0.0
2020-12-31 00:00:00-05:00,7.590000152587891,7.75,7.590000152587891,7.699999809265137,24700,0.0,0.0,0.0
2021-01-04 00:00:00-05:00,8.0,8.600000381469727,8.0,8.470000267028809,191700,0.0,0.0,0.0
2021-01-05 00:00:00-05:00,8.489999771118164,8.9399995803833,8.489999771118164,8.5600004196167,219900,0.0,0.0,0.0
2021-01-06 00:00:00-05:00,8.5,8.739999771118164,8.380000114440918,8.529999732971191,83000,0.0,0.0,0.0
2021-01-07 00:00:00-05:00,9.0,9.34000015258789,9.0,9.319999694824219,294500,0.0,0.0,0.0
2021-01-08 00:00:00-05:00,10.010000228881836,10.569999694824219,10.010000228881836,10.34000015258789,364900,0.0,0.0,0.0
2021-01-11 00:00:00-05:00,11.350000381469727,12.100000381469727,11.319999694824219,11.800000190734863,428100,0.0,0.0,0.0
2021-01-12 00:00:00-05:00,10.3100004196167,11.5,10.3100004196167,10.59000015258789,477200,0.0,0.0,0.0
2021-01-13 00:00:00-05:00,9.899999618530273,9.989999771118164,9.508999824523926,9.960000038146973,308100,0.0,0.0,0.0
2021-01-14 00:00:00-05:00,10.390000343322754,10.539999961853027,10.100000381469727,10.470000267028809,111700,0.0,0.0,0.0
2021-01-15 00:00:00-05:00,11.5,11.5,11.0,11.039999961853027,128700,0.0,0.0,0.0
2021-01-19 00:00:00-05:00,11.130000114440918,11.199999809265137,10.550000190734863,10.710000038146973,158200,0.0,0.0,0.0
2021-01-20 00:00:00-05:00,10.710000038146973,10.850000381469727,10.710000038146973,10.800000190734863,43300,0.0,0.0,0.0
2021-01-21 00:00:00-05:00,10.84000015258789,11.5,10.84000015258789,11.329999923706055,182300,0.0,0.0,0.0
2021-01-22 00:00:00-05:00,11.039999961853027,11.0600004196167,10.720000267028809,11.0,133400,0.0,0.0,0.0
2021-01-25 00:00:00-05:00,10.680000305175781,10.710000038146973,10.3100004196167,10.699999809265137,94400,0.0,0.0,0.0
2021-01-26 00:00:00-05:00,10.170000076293945,10.170000076293945,9.579999923706055,9.600000381469727,299400,0.0,0.0,0.0
2021-01-27 00:00:00-05:00,9.630000114440918,10.100000381469727,9.630000114440918,10.02299976348877,130800,0.0,0.0,0.0
2021-01-28 00:00:00-05:00,10.0,10.0,9.571000099182129,9.760000228881836,59200,0.0,0.0,0.0
2021-01-29 00:00:00-05:00,9.859999656677246,10.529999732971191,9.859999656677246,10.34000015258789,116600,0.0,0.0,0.0
2021-02-01 00:00:00-05:00,10.460000038146973,10.460000038146973,10.0,10.1899995803833,38500,0.0,0.0,0.0
2021-02-02 00:00:00-05:00,9.369999885559082,9.369999885559082,9.210000038146973,9.229999542236328,104500,0.0,0.0,0.0
2021-02-03 00:00:00-05:00,9.359999656677246,9.550000190734863,9.359999656677246,9.449999809265137,87700,0.0,0.0,0.0
2021-02-04 00:00:00-05:00,9.449999809265137,9.949999809265137,9.449999809265137,9.8100004196167,41200,0.0,0.0,0.0
2021-02-05 00:00:00-05:00,10.25,10.350000381469727,10.02299976348877,10.239999771118164,85000,0.0,0.0,0.0
2021-02-08 00:00:00-05:00,10.010000228881836,10.045999526977539,9.574000358581543,9.789999961853027,85200,0.0,0.0,0.0
2021-02-09 00:00:00-05:00,10.210000038146973,10.300000190734863,9.980999946594238,10.100000381469727,63700,0.0,0.0,0.0
2021-02-10 00:00:00-05:00,10.550000190734863,10.84000015258789,10.550000190734863,10.75,83700,0.0,0.0,0.0
2021-02-11 00:00:00-05:00,10.739999771118164,11.550000190734863,10.574999809265137,11.550000190734863,131500,0.0,0.0,0.0
2021-02-12 00:00:00-05:00,12.0600004196167,12.755000114440918,12.0600004196167,12.430000305175781,368900,0.0,0.0,0.0
2021-02-16 00:00:00-05:00,14.970000267028809,16.190000534057617,14.920000076293945,15.819999694824219,517500,0.0,0.0,0.0
2021-02-17 00:00:00-05:00,17.25,17.350000381469727,15.899999618530273,16.65999984741211,352400,0.0,0.0,0.0
2021-02-18 00:00:00-05:00,13.90999984741211,14.0,13.0,13.520000457763672,361100,0.0,0.0,0.0
2021-02-19 00:00:00-05:00,13.789999961853027,14.5,13.789999961853027,14.5,202300,0.0,0.0,0.0
2021-02-22 00:00:00-05:00,14.5,14.800000190734863,13.604999542236328,13.739999771118164,226700,0.0,0.0,0.0
2021-02-23 00:00:00-05:00,12.800000190734863,13.489999771118164,12.510000228881836,13.34000015258789,210700,0.0,0.0,0.0
2021-02-24 00:00:00-05:00,12.65999984741211,13.359999656677246,12.510000228881836,13.170000076293945,147700,0.0,0.0,0.0
2021-02-25 00:00:00-05:00,13.170000076293945,13.640000343322754,13.039999961853027,13.3100004196167,118500,0.0,0.0,0.0
2021-02-26 00:00:00-05:00,13.430000305175781,13.430000305175781,12.66100025177002,12.710000038146973,98400,0.0,0.0,0.0
2021-03-01 00:00:00-05:00,13.0,13.350000381469727,12.970000267028809,13.020000457763672,49300,0.0,0.0,0.0
2021-03-02 00:00:00-05:00,14.34000015258789,14.899999618530273,14.140000343322754,14.890000343322754,238000,0.0,0.0,0.0
2021-03-03 00:00:00-05:00,15.5,15.5,14.890000343322754,15.279999732971191,217400,0.0,0.0,0.0
2021-03-04 00:00:00-05:00,15.630000114440918,15.630000114440918,14.75,15.260000228881836,178100,0.0,0.0,0.0
2021-03-05 00:00:00-05:00,16.0,16.350000381469727,15.59000015258789,16.25,293700,0.0,0.0,0.0
2021-03-08 00:00:00-05:00,16.65999984741211,16.65999984741211,16.450000762939453,16.5,404500,0.0,0.0,0.0
2021-03-09 00:00:00-05:00,16.579999923706055,16.65999984741211,15.510000228881836,16.329999923706055,415800,0.0,0.0,0.0
2021-03-10 00:00:00-05:00,15.699999809265137,15.800000190734863,15.25,15.319999694824219,290900,0.0,0.0,0.0
2021-03-11 00:00:00-05:00,16.34000015258789,16.38800048828125,15.609999656677246,16.200000762939453,110100,0.0,0.0,0.0
2021-03-12 00:00:00-05:00,16.350000381469727,16.600000381469727,16.149999618530273,16.59000015258789,103500,0.0,0.0,0.0
2021-03-15 00:00:00-04:00,17.459999084472656,17.969999313354492,17.020000457763672,17.950000762939453,309700,0.0,0.0,0.0
2021-03-16 00:00:00-04:00,17.670000076293945,18.190000534057617,17.5,18.0,350100,0.0,0.0,0.0
2021-03-17 00:00:00-04:00,18.59000015258789,19.540000915527344,18.540000915527344,19.5,330400,0.0,0.0,0.0
2021-03-18 00:00:00-04:00,20.809999465942383,20.84000015258789,19.719999313354492,20.329999923706055,682100,0.0,0.0,0.0
2021-03-19 00:00:00-04:00,20.399999618530273,20.700000762939453,19.299999237060547,19.56999969482422,420700,0.0,0.0,0.0
2021-03-22 00:00:00-04:00,19.799999237060547,19.799999237060547,18.8700008392334,19.059999465942383,250500,0.0,0.0,0.0
2021-03-23 00:00:00-04:00,17.799999237060547,17.799999237060547,16.610000610351562,16.700000762939453,531000,0.0,0.0,0.0
2021-03-24 00:00:00-04:00,16.780000686645508,17.454999923706055,15.739999771118164,17.239999771118164,468000,0.0,0.0,0.0
2021-03-25 00:00:00-04:00,18.790000915527344,19.43000030517578,18.06999969482422,19.299999237060547,446600,0.0,0.0,0.0
2021-03-26 00:00:00-04:00,19.0,19.0,18.209999084472656,18.420000076293945,229400,0.0,0.0,0.0
2021-03-29 00:00:00-04:00,17.8799991607666,17.8799991607666,16.649999618530273,16.8700008392334,248400,0.0,0.0,0.0
2021-03-30 00:00:00-04:00,16.18000030517578,16.5,16.170000076293945,16.5,180100,0.0,0.0,0.0
2021-03-31 00:00:00-04:00,16.270000457763672,17.0,16.270000457763672,16.920000076293945,171000,0.0,0.0,0.0
2021-04-01 00:00:00-04:00,17.399999618530273,18.020000457763672,17.329999923706055,17.93000030517578,185500,0.0,0.0,0.0
2021-04-05 00:00:00-04:00,18.139999389648438,18.270000457763672,17.68000030517578,18.209999084472656,677200,0.0,0.0,0.0
2021-04-06 00:00:00-04:00,18.06999969482422,18.18000030517578,17.309999465942383,17.56999969482422,370300,0.0,0.0,0.0
2021-04-07 00:00:00-04:00,17.399999618530273,17.709999084472656,16.850000381469727,16.969999313354492,163500,0.0,0.0,0.0
2021-04-08 00:00:00-04:00,16.09000015258789,16.690000534057617,15.569999694824219,16.530000686645508,357600,0.0,0.0,0.0
2021-04-09 00:00:00-04:00,16.84000015258789,17.59000015258789,16.799999237060547,17.520000457763672,142700,0.0,0.0,0.0
2021-04-12 00:00:00-04:00,18.010000228881836,18.299999237060547,17.909000396728516,18.079999923706055,184600,0.0,0.0,0.0
2021-04-13 00:00:00-04:00,17.760000228881836,17.760000228881836,17.010000228881836,17.06999969482422,219300,0.0,0.0,0.0
2021-04-14 00:00:00-04:00,18.5,18.899999618530273,17.850000381469727,18.790000915527344,335000,0.0,0.0,0.0
2021-04-15 00:00:00-04:00,19.489999771118164,20.41900062561035,19.3700008392334,20.299999237060547,395300,0.0,0.0,0.0
2021-04-16 00:00:00-04:00,19.770000457763672,20.170000076293945,19.700000762939453,19.790000915527344,285800,0.0,0.0,0.0
2021-04-19 00:00:00-04:00,20.06999969482422,20.100000381469727,19.899999618530273,20.0,234000,0.0,0.0,0.0
2021-04-20 00:00:00-04:00,20.100000381469727,20.479999542236328,20.030000686645508,20.450000762939453,281900,0.0,0.0,0.0
2021-04-21 00:00:00-04:00,21.25,22.149999618530273,21.25,21.8799991607666,571100,0.0,0.0,0.0
2021-04-22 00:00:00-04:00,21.110000610351562,21.110000610351562,20.309999465942383,20.469999313354492,289300,0.0,0.0,0.0
2021-04-23 00:00:00-04:00,20.989999771118164,21.371999740600586,20.850000381469727,20.920000076293945,180700,0.0,0.0,0.0
2021-04-26 00:00:00-04:00,21.670000076293945,21.690000534057617,21.298999786376953,21.399999618530273,273600,0.0,0.0,0.0
2021-04-27 00:00:00-04:00,22.399999618530273,23.0,22.336000442504883,22.979999542236328,566500,0.0,0.0,0.0
2021-04-28 00:00:00-04:00,23.24799919128418,23.559999465942383,22.84000015258789,23.520000457763672,626000,0.0,0.0,0.0
2021-04-29 00:00:00-04:00,23.850000381469727,24.100000381469727,23.600000381469727,24.010000228881836,481600,0.0,0.0,0.0
2021-04-30 00:00:00-04:00,24.030000686645508,24.780000686645508,24.030000686645508,24.700000762939453,613000,0.0,0.0,0.0
2021-05-03 00:00:00-04:00,24.90999984741211,25.389999389648438,24.75,25.079999923706055,880600,0.0,0.0,0.0
2021-05-04 00:00:00-04:00,26.1299991607666,26.31999969482422,25.452999114990234,26.209999084472656,1040600,0.0,0.0,0.0
2021-05-05 00:00:00-04:00,27.219999313354492,27.5,26.200000762939453,26.670000076293945,1619100,0.0,0.0,0.0
2021-05-06 00:00:00-04:00,24.889999389648438,24.920000076293945,23.290000915527344,23.559999465942383,1408400,0.0,0.0,0.0
2021-05-07 00:00:00-04:00,25.5,26.110000610351562,25.18000030517578,25.899999618530273,641400,0.0,0.0,0.0
2021-05-10 00:00:00-04:00,27.5,27.739999771118164,27.051000595092773,27.59000015258789,1143200,0.0,0.0,0.0
2021-05-11 00:00:00-04:00,25.780000686645508,25.989999771118164,25.25,25.989999771118164,959500,0.0,0.0,0.0
2021-05-12 00:00:00-04:00,24.549999237060547,24.549999237060547,23.579999923706055,24.200000762939453,859100,0.0,0.0,0.0
2021-05-13 00:00:00-04:00,23.799999237060547,24.200000762939453,23.649999618530273,23.959999084472656,492600,0.0,0.0,0.0
2021-05-14 00:00:00-04:00,23.010000228881836,23.375,22.6299991607666,22.950000762939453,854300,0.0,0.0,0.0
2021-05-17 00:00:00-04:00,22.350000381469727,22.700000762939453,21.75,21.93000030517578,806600,0.0,0.0,0.0
2021-05-18 00:00:00-04:00,23.139999389648438,24.260000228881836,23.139999389648438,24.079999923706055,599800,0.0,0.0,0.0
2021-05-19 00:00:00-04:00,24.510000228881836,25.350000381469727,24.1200008392334,24.450000762939453,606800,0.0,0.0,0.0
2021-05-20 00:00:00-04:00,25.15999984741211,25.75,25.014999389648438,25.6200008392334,463400,0.0,0.0,0.0
2021-05-21 00:00:00-04:00,26.399999618530273,26.8700008392334,26.128000259399414,26.860000610351562,652300,0.0,0.0,0.0
2021-05-24 00:00:00-04:00,25.579999923706055,25.579999923706055,24.549999237060547,25.239999771118164,790100,0.0,0.0,0.0
2021-05-25 00:00:00-04:00,24.309999465942383,24.63800048828125,23.829999923706055,23.959999084472656,767800,0.0,0.0,0.0
2021-05-26 00:00:00-04:00,23.06999969482422,24.479999542236328,22.899999618530273,23.959999084472656,597100,0.0,0.0,0.0
2021-05-27 00:00:00-04:00,23.81999969482422,24.0,23.510000228881836,23.920000076293945,242000,0.0,0.0,0.0
2021-05-28 00:00:00-04:00,23.059999465942383,23.430999755859375,23.0,23.0,382900,0.0,0.0,0.0
2021-06-01 00:00:00-04:00,24.0,24.3700008392334,23.780000686645508,23.850000381469727,282700,0.0,0.0,0.0
2021-06-02 00:00:00-04:00,23.299999237060547,23.5,22.450000762939453,22.579999923706055,595400,0.0,0.0,0.0
2021-06-03 00:00:00-04:00,22.549999237060547,22.989999771118164,22.440000534057617,22.709999084472656,320300,0.0,0.0,0.0
2021-06-04 00:00:00-04:00,23.18000030517578,23.690000534057617,22.93000030517578,23.5,291700,0.0,0.0,0.0
2021-06-07 00:00:00-04:00,23.010000228881836,23.059999465942383,22.340999603271484,22.65999984741211,436600,0.0,0.0,0.0
2021-06-08 00:00:00-04:00,23.0,23.18000030517578,22.899999618530273,23.110000610351562,445700,0.0,0.0,0.0
2021-06-09 00:00:00-04:00,24.5,25.208999633789062,24.459999084472656,24.989999771118164,700200,0.0,0.0,0.0
2021-06-10 00:00:00-04:00,26.25,27.239999771118164,26.25,27.049999237060547,577200,0.0,0.0,0.0
2021-06-11 00:00:00-04:00,27.75,28.0,27.5049991607666,27.81999969482422,481700,0.0,0.0,0.0
2021-06-14 00:00:00-04:00,27.829999923706055,27.829999923706055,26.93000030517578,27.0,439200,0.0,0.0,0.0
2021-06-15 00:00:00-04:00,28.18000030517578,29.329999923706055,28.100000381469727,28.989999771118164,563800,0.0,0.0,0.0
2021-06-16 00:00:00-04:00,29.950000762939453,30.200000762939453,29.273000717163086,30.139999389648438,531700,0.0,0.0,0.0
2021-06-17 00:00:00-04:00,29.06999969482422,29.06999969482422,28.020000457763672,28.06999969482422,559200,0.0,0.0,0.0
2021-06-18 00:00:00-04:00,26.540000915527344,27.309999465942383,26.5,27.06999969482422,421000,0.0,0.0,0.0
2021-06-21 00:00:00-04:00,26.450000762939453,26.600000381469727,26.0,26.559999465942383,242200,0.0,0.0,0.0
2021-06-22 00:00:00-04:00,26.25,27.100000381469727,26.010000228881836,27.049999237060547,328300,0.0,0.0,0.0
2021-06-23 00:00:00-04:00,28.030000686645508,28.25,27.780000686645508,27.8799991607666,305800,0.0,0.0,0.0
2021-06-24 00:00:00-04:00,28.5,28.860000610351562,28.47800064086914,28.84000015258789,486200,0.0,0.0,0.0
2021-06-25 00:00:00-04:00,29.489999771118164,29.989999771118164,29.489999771118164,29.959999084472656,472000,0.0,0.0,0.0
2021-06-28 00:00:00-04:00,29.959999084472656,29.959999084472656,28.81999969482422,28.93000030517578,431800,0.0,0.0,0.0
2021-06-29 00:00:00-04:00,28.59000015258789,29.1200008392334,28.5,28.81999969482422,382600,0.0,0.0,0.0
2021-06-30 00:00:00-04:00,28.5,29.382999420166016,28.25,29.350000381469727,211500,0.0,0.0,0.0
2021-07-01 00:00:00-04:00,27.969999313354492,28.079999923706055,27.0,27.31999969482422,399400,0.0,0.0,0.0
2021-07-02 00:00:00-04:00,27.0,27.06999969482422,26.43000030517578,26.8700008392334,273800,0.0,0.0,0.0
2021-07-06 00:00:00-04:00,25.350000381469727,25.5,25.030000686645508,25.260000228881836,849100,0.0,0.0,0.0
2021-07-07 00:00:00-04:00,27.5,27.69700050354004,26.832000732421875,26.920000076293945,459500,0.0,0.0,0.0
2021-07-08 00:00:00-04:00,26.690000534057617,26.707000732421875,26.0,26.34000015258789,164700,0.0,0.0,0.0
2021-07-09 00:00:00-04:00,26.90999984741211,27.059999465942383,26.6200008392334,26.790000915527344,240100,0.0,0.0,0.0
2021-07-12 00:00:00-04:00,26.09000015258789,26.195999145507812,25.22100067138672,25.34000015258789,288400,0.0,0.0,0.0
2021-07-13 00:00:00-04:00,23.780000686645508,24.670000076293945,23.6299991607666,24.489999771118164,535300,0.0,0.0,0.0
2021-07-14 00:00:00-04:00,23.5,23.5,23.0,23.149999618530273,649800,0.0,0.0,0.0
2021-07-15 00:00:00-04:00,24.149999618530273,24.809999465942383,24.149999618530273,24.450000762939453,259100,0.0,0.0,0.0
2021-07-16 00:00:00-04:00,24.600000381469727,24.899999618530273,24.5,24.510000228881836,184200,0.0,0.0,0.0
2021-07-19 00:00:00-04:00,25.75,26.0,25.229999542236328,25.329999923706055,425100,0.0,0.0,0.0
2021-07-20 00:00:00-04:00,25.8700008392334,25.920000076293945,25.309999465942383,25.479999542236328,146200,0.0,0.0,0.0
2021-07-21 00:00:00-04:00,26.299999237060547,26.450000762939453,25.90999984741211,26.100000381469727,173100,0.0,0.0,0.0
2021-07-22 00:00:00-04:00,26.459999084472656,26.579999923706055,26.1200008392334,26.579999923706055,161900,0.0,0.0,0.0
2021-07-23 00:00:00-04:00,27.0,27.118000030517578,26.899999618530273,27.09000015258789,96500,0.0,0.0,0.0
2021-07-26 00:00:00-04:00,26.389999389648438,26.389999389648438,25.290000915527344,25.6299991607666,310300,0.0,0.0,0.0
2021-07-27 00:00:00-04:00,24.5,24.6299991607666,24.257999420166016,24.6299991607666,179500,0.0,0.0,0.0
2021-07-28 00:00:00-04:00,25.100000381469727,25.489999771118164,25.010000228881836,25.489999771118164,102900,0.0,0.0,0.0
2021-07-29 00:00:00-04:00,25.940000534057617,26.798999786376953,25.940000534057617,26.649999618530273,204700,0.0,0.0,0.0
2021-07-30 00:00:00-04:00,26.450000762939453,26.559999465942383,25.760000228881836,25.799999237060547,185600,0.0,0.0,0.0
2021-08-02 00:00:00-04:00,26.489999771118164,26.777000427246094,26.3700008392334,26.549999237060547,78800,0.0,0.0,0.0
2021-08-03 00:00:00-04:00,26.610000610351562,26.829999923706055,26.479999542236328,26.6299991607666,109200,0.0,0.0,0.0
2021-08-04 00:00:00-04:00,27.030000686645508,27.5,27.030000686645508,27.190000534057617,150100,0.0,0.0,0.0
2021-08-05 00:00:00-04:00,27.219999313354492,27.219999313354492,26.62299919128418,26.729999542236328,95300,0.0,0.0,0.0
2021-08-06 00:00:00-04:00,26.690000534057617,26.690000534057617,26.3799991607666,26.600000381469727,46500,0.0,0.0,0.0
2021-08-09 00:00:00-04:00,26.809999465942383,26.809999465942383,26.329999923706055,26.420000076293945,122700,0.0,0.0,0.0
2021-08-10 00:00:00-04:00,27.0,27.1299991607666,26.841999053955078,27.010000228881836,78400,0.0,0.0,0.0
2021-08-11 00:00:00-04:00,27.5,27.8799991607666,27.5,27.770000457763672,129300,0.0,0.0,0.0
2021-08-12 00:00:00-04:00,28.030000686645508,28.489999771118164,28.010000228881836,28.25,164200,0.0,0.0,0.0
2021-08-13 00:00:00-04:00,28.100000381469727,28.459999084472656,27.90999984741211,27.969999313354492,109700,0.0,0.0,0.0
2021-08-16 00:00:00-04:00,28.360000610351562,28.889999389648438,28.360000610351562,28.780000686645508,170400,0.0,0.0,0.0
2021-08-17 00:00:00-04:00,29.040000915527344,29.59000015258789,29.040000915527344,29.209999084472656,389600,0.0,0.0,0.0
2021-08-18 00:00:00-04:00,30.020000457763672,30.131000518798828,29.600000381469727,29.600000381469727,191800,0.0,0.0,0.0
2021-08-19 00:00:00-04:00,29.530000686645508,29.700000762939453,29.219999313354492,29.270000457763672,213400,0.0,0.0,0.0
2021-08-20 00:00:00-04:00,29.65999984741211,30.0,29.649999618530273,29.979999542236328,112000,0.0,0.0,0.0
2021-08-23 00:00:00-04:00,30.420000076293945,30.43000030517578,30.149999618530273,30.329999923706055,148000,0.0,0.0,0.0
2021-08-24 00:00:00-04:00,30.6200008392334,30.6200008392334,30.059999465942383,30.3700008392334,179100,0.0,0.0,0.0
2021-08-25 00:00:00-04:00,29.489999771118164,29.649999618530273,29.309999465942383,29.399999618530273,201800,0.0,0.0,0.0
2021-08-26 00:00:00-04:00,30.290000915527344,30.799999237060547,30.239999771118164,30.739999771118164,105700,0.0,0.0,0.0
2021-08-27 00:00:00-04:00,30.280000686645508,30.280000686645508,29.81999969482422,30.0,103300,0.0,0.0,0.0
2021-08-30 00:00:00-04:00,30.030000686645508,30.030000686645508,29.81999969482422,29.940000534057617,103900,0.0,0.0,0.0
2021-08-31 00:00:00-04:00,28.600000381469727,28.600000381469727,28.170000076293945,28.329999923706055,279600,0.0,0.0,0.0
2021-09-01 00:00:00-04:00,27.940000534057617,28.079999923706055,27.631000518798828,27.729999542236328,198600,0.0,0.0,0.0
2021-09-02 00:00:00-04:00,28.270000457763672,28.520000457763672,28.05500030517578,28.260000228881836,132800,0.0,0.0,0.0
2021-09-03 00:00:00-04:00,27.5,27.5,27.26300048828125,27.360000610351562,171800,0.0,0.0,0.0
2021-09-07 00:00:00-04:00,27.100000381469727,27.100000381469727,26.690000534057617,26.899999618530273,227100,0.0,0.0,0.0
2021-09-08 00:00:00-04:00,27.479999542236328,27.940000534057617,27.479999542236328,27.670000076293945,127200,0.0,0.0,0.0
2021-09-09 00:00:00-04:00,28.479999542236328,29.5,28.479999542236328,29.350000381469727,386400,0.0,0.0,0.0
2021-09-10 00:00:00-04:00,29.790000915527344,30.179000854492188,29.790000915527344,30.1200008392334,356700,0.0,0.0,0.0
2021-09-13 00:00:00-04:00,30.809999465942383,31.0,30.75,30.829999923706055,284100,0.0,0.0,0.0
2021-09-14 00:00:00-04:00,29.8799991607666,30.049999237060547,29.610000610351562,29.8799991607666,226400,0.0,0.0,0.0
2021-09-15 00:00:00-04:00,30.1200008392334,30.200000762939453,29.610000610351562,30.200000762939453,105800,0.0,0.0,0.0
2021-09-16 00:00:00-04:00,30.59000015258789,30.84000015258789,30.450000762939453,30.649999618530273,84400,0.0,0.0,0.0
2021-09-17 00:00:00-04:00,30.6200008392334,30.940000534057617,30.610000610351562,30.729999542236328,167500,0.0,0.0,0.0
2021-09-20 00:00:00-04:00,29.360000610351562,29.649999618530273,28.8700008392334,28.899999618530273,546600,0.0,0.0,0.0
2021-09-21 00:00:00-04:00,30.920000076293945,31.0,30.7549991607666,30.899999618530273,241700,0.0,0.0,0.0
2021-09-22 00:00:00-04:00,30.780000686645508,31.0,30.450000762939453,30.739999771118164,130600,0.0,0.0,0.0
2021-09-23 00:00:00-04:00,31.989999771118164,32.10900115966797,31.68000030517578,31.860000610351562,192800,0.0,0.0,0.0
2021-09-24 00:00:00-04:00,32.0,32.56999969482422,32.0,32.47999954223633,229200,0.0,0.0,0.0
2021-09-27 00:00:00-04:00,33.650001525878906,34.45000076293945,33.650001525878906,34.349998474121094,414600,0.0,0.0,0.0
2021-09-28 00:00:00-04:00,36.7400016784668,36.7400016784668,35.880001068115234,36.56999969482422,602700,0.0,0.0,0.0
2021-09-29 00:00:00-04:00,36.0,36.380001068115234,35.30500030517578,35.68000030517578,550000,0.0,0.0,0.0
2021-09-30 00:00:00-04:00,35.400001525878906,36.15999984741211,34.939998626708984,36.0099983215332,244100,0.0,0.0,0.0
2021-10-01 00:00:00-04:00,36.25,36.95000076293945,36.25,36.900001525878906,221600,0.0,0.0,0.0
2021-10-04 00:00:00-04:00,37.59000015258789,37.819000244140625,37.130001068115234,37.77000045776367,295700,0.0,0.0,0.0
2021-10-05 00:00:00-04:00,41.279998779296875,41.459999084472656,40.7599983215332,41.25,407000,0.0,0.0,0.0
2021-10-06 00:00:00-04:00,42.029998779296875,42.220001220703125,40.47999954223633,41.5099983215332,506900,0.0,0.0,0.0
2021-10-07 00:00:00-04:00,39.29999923706055,39.29999923706055,38.119998931884766,38.84000015258789,554200,0.0,0.0,0.0
2021-10-08 00:00:00-04:00,38.86000061035156,39.327999114990234,38.71799850463867,39.22999954223633,264800,0.0,0.0,0.0
2021-10-11 00:00:00-04:00,40.63999938964844,41.207000732421875,40.29999923706055,40.959999084472656,420000,0.0,0.0,0.0
2021-10-12 00:00:00-04:00,38.16999816894531,38.41999816894531,37.45000076293945,37.630001068115234,556700,0.0,0.0,0.0
2021-10-13 00:00:00-04:00,36.7599983215332,37.15299987792969,36.61000061035156,36.88999938964844,667700,0.0,0.0,0.0
2021-10-14 00:00:00-04:00,37.33000183105469,37.7400016784668,37.13100051879883,37.279998779296875,184600,0.0,0.0,0.0
2021-10-15 00:00:00-04:00,35.779998779296875,35.970001220703125,35.150001525878906,35.29999923706055,709500,0.0,0.0,0.0
2021-10-18 00:00:00-04:00,35.880001068115234,37.29999923706055,35.880001068115234,37.290000915527344,153200,0.0,0.0,0.0
2021-10-19 00:00:00-04:00,38.810001373291016,39.060001373291016,38.33000183105469,38.47999954223633,404100,0.0,0.0,0.0
2021-10-20 00:00:00-04:00,38.70000076293945,38.70000076293945,36.650001525878906,37.310001373291016,343500,0.0,0.0,0.0
2021-10-21 00:00:00-04:00,34.88999938964844,34.95000076293945,33.91999816894531,34.56999969482422,426200,0.0,0.0,0.0
2021-10-22 00:00:00-04:00,32.72999954223633,33.06999969482422,31.899999618530273,32.20000076293945,564300,0.0,0.0,0.0
2021-10-25 00:00:00-04:00,32.380001068115234,32.3849983215332,30.600000381469727,30.610000610351562,785000,0.0,0.0,0.0
2021-10-26 00:00:00-04:00,27.920000076293945,28.0,27.280000686645508,27.760000228881836,779200,0.0,0.0,0.0
2021-10-27 00:00:00-04:00,28.030000686645508,29.479999542236328,27.91900062561035,29.479999542236328,277900,0.0,0.0,0.0
2021-10-28 00:00:00-04:00,29.899999618530273,30.3700008392334,29.420000076293945,30.3700008392334,226300,0.0,0.0,0.0
2021-10-29 00:00:00-04:00,30.979999542236328,30.979999542236328,30.040000915527344,30.040000915527344,236100,0.0,0.0,0.0
2021-11-01 00:00:00-04:00,27.889999389648438,27.899999618530273,25.75200080871582,26.399999618530273,418100,0.0,0.0,0.0
2021-11-02 00:00:00-04:00,23.5,23.799999237060547,22.350000381469727,22.8799991607666,568500,0.0,0.0,0.0
2021-11-03 00:00:00-04:00,22.059999465942383,22.200000762939453,20.75,20.81999969482422,416300,0.0,0.0,0.0
2021-11-04 00:00:00-04:00,22.270000457763672,23.06999969482422,22.270000457763672,23.06999969482422,497700,0.0,0.0,0.0
2021-11-05 00:00:00-04:00,23.530000686645508,23.530000686645508,22.799999237060547,23.049999237060547,245700,0.0,0.0,0.0
2021-11-08 00:00:00-05:00,24.34000015258789,25.170000076293945,24.34000015258789,25.15999984741211,316900,0.0,0.0,0.0
2021-11-09 00:00:00-05:00,25.059999465942383,25.059999465942383,23.530000686645508,24.219999313354492,498100,0.0,0.0,0.0
2021-11-10 00:00:00-05:00,23.049999237060547,23.107999801635742,22.18000030517578,22.700000762939453,412500,0.0,0.0,0.0
2021-11-11 00:00:00-05:00,22.270000457763672,22.33099937438965,21.5,21.940000534057617,253600,0.0,0.0,0.0
2021-11-12 00:00:00-05:00,21.790000915527344,22.788000106811523,21.790000915527344,22.6299991607666,218100,0.0,0.0,0.0
2021-11-15 00:00:00-05:00,21.600000381469727,21.981000900268555,21.200000762939453,21.670000076293945,244700,0.0,0.0,0.0
2021-11-16 00:00:00-05:00,19.229999542236328,20.1299991607666,19.1200008392334,19.649999618530273,850800,0.0,0.0,0.0
2021-11-17 00:00:00-05:00,19.799999237060547,20.743000030517578,19.709999084472656,20.450000762939453,201600,0.0,0.0,0.0
2021-11-18 00:00:00-05:00,21.889999389648438,22.25,21.5,22.229999542236328,203200,0.0,0.0,0.0
2021-11-19 00:00:00-05:00,23.8700008392334,24.8700008392334,23.68000030517578,24.790000915527344,371600,0.0,0.0,0.0
2021-11-22 00:00:00-05:00,25.6299991607666,25.75,24.510000228881836,24.889999389648438,368700,0.0,0.0,0.0
2021-11-23 00:00:00-05:00,23.68000030517578,23.790000915527344,23.09000015258789,23.389999389648438,252900,0.0,0.0,0.0
2021-11-24 00:00:00-05:00,24.110000610351562,25.260000228881836,24.030000686645508,25.200000762939453,329000,0.0,0.0,0.0
2021-11-26 00:00:00-05:00,24.93000030517578,25.899999618530273,24.56999969482422,24.729999542236328,487500,0.0,0.0,0.0
2021-11-29 00:00:00-05:00,26.260000228881836,27.079999923706055,26.079999923706055,26.959999084472656,320300,0.0,0.0,0.0
2021-11-30 00:00:00-05:00,27.5,27.690000534057617,26.290000915527344,26.649999618530273,240000,0.0,0.0,0.0
2021-12-01 00:00:00-05:00,27.0,28.1299991607666,27.0,27.790000915527344,156500,0.0,0.0,0.0
2021-12-02 00:00:00-05:00,28.299999237060547,29.0,28.246000289916992,28.719999313354492,277600,0.0,0.0,0.0
2021-12-03 00:00:00-05:00,29.280000686645508,29.799999237060547,29.280000686645508,29.59000015258789,169400,0.0,0.0,0.0
2021-12-06 00:00:00-05:00,30.0,30.238000869750977,29.5,29.600000381469727,289700,0.0,0.0,0.0
2021-12-07 00:00:00-05:00,29.75,30.454999923706055,29.5,30.440000534057617,300000,0.0,0.0,0.0
2021-12-08 00:00:00-05:00,28.639999389648438,28.940000534057617,28.149999618530273,28.459999084472656,331700,0.0,0.0,0.0
2021-12-09 00:00:00-05:00,26.510000228881836,27.5,26.40999984741211,27.170000076293945,675100,0.0,0.0,0.0
2021-12-10 00:00:00-05:00,27.889999389648438,28.520999908447266,27.520000457763672,28.139999389648438,232300,0.0,0.0,0.0
2021-12-13 00:00:00-05:00,28.149999618530273,28.399999618530273,27.719999313354492,27.829999923706055,69300,0.0,0.0,0.0
2021-12-14 00:00:00-05:00,25.65999984741211,25.700000762939453,23.610000610351562,23.610000610351562,593900,0.0,0.0,0.0
2021-12-15 00:00:00-05:00,24.290000915527344,24.790000915527344,23.809999465942383,24.790000915527344,68200,0.0,0.0,0.0
2021-12-16 00:00:00-05:00,24.239999771118164,24.540000915527344,24.1200008392334,24.280000686645508,89700,0.0,0.0,0.0
2021-12-17 00:00:00-05:00,23.969999313354492,24.260000228881836,23.809999465942383,23.950000762939453,58300,0.0,0.0,0.0
2021-12-20 00:00:00-05:00,24.90999984741211,25.788999557495117,24.857999801635742,25.719999313354492,195400,0.0,0.0,0.0
2021-12-21 00:00:00-05:00,25.559999465942383,25.71500015258789,24.979000091552734,25.040000915527344,176600,0.0,0.0,0.0
2021-12-22 00:00:00-05:00,26.030000686645508,26.3799991607666,25.889999389648438,26.270000457763672,90600,0.0,0.0,0.0
2021-12-23 00:00:00-05:00,26.25,26.8799991607666,26.25,26.770000457763672,99200,0.0,0.0,0.0
2021-12-27 00:00:00-05:00,26.829999923706055,26.829999923706055,26.420000076293945,26.700000762939453,93100,0.0,0.0,0.0
2021-12-28 00:00:00-05:00,26.489999771118164,26.709999084472656,26.3700008392334,26.489999771118164,58100,0.0,0.0,0.0
2021-12-29 00:00:00-05:00,28.059999465942383,28.34000015258789,27.91699981689453,28.25,103800,0.0,0.0,0.0
2021-12-30 00:00:00-05:00,29.020000457763672,29.850000381469727,29.020000457763672,29.600000381469727,149900,0.0,0.0,0.0
2021-12-31 00:00:00-05:00,29.790000915527344,29.790000915527344,29.3799991607666,29.489999771118164,63100,0.0,0.0,0.0
2022-01-03 00:00:00-05:00,29.600000381469727,29.670000076293945,29.030000686645508,29.219999313354492,145700,0.0,0.0,0.0
2022-01-04 00:00:00-05:00,27.670000076293945,27.760000228881836,26.510000228881836,26.84000015258789,170000,0.0,0.0,0.0
2022-01-05 00:00:00-05:00,27.0,27.0,26.0,26.219999313354492,149300,0.0,0.0,0.0
2022-01-06 00:00:00-05:00,26.219999313354492,26.56999969482422,25.791000366210938,26.479999542236328,68100,0.0,0.0,0.0
2022-01-07 00:00:00-05:00,27.139999389648438,27.469999313354492,26.5,26.860000610351562,70400,0.0,0.0,0.0
2022-01-10 00:00:00-05:00,25.0,25.264999389648438,23.75,24.079999923706055,183300,0.0,0.0,0.0
2022-01-11 00:00:00-05:00,23.729999542236328,24.8700008392334,23.309999465942383,24.700000762939453,137200,0.0,0.0,0.0
2022-01-12 00:00:00-05:00,23.31999969482422,23.6200008392334,23.23200035095215,23.5,197500,0.0,0.0,0.0
2022-01-13 00:00:00-05:00,22.399999618530273,22.84000015258789,22.110000610351562,22.360000610351562,164400,0.0,0.0,0.0
2022-01-14 00:00:00-05:00,22.579999923706055,23.39900016784668,22.579999923706055,23.190000534057617,81600,0.0,0.0,0.0
2022-01-18 00:00:00-05:00,21.25,21.25,20.459999084472656,21.0,385700,0.0,0.0,0.0
2022-01-19 00:00:00-05:00,19.68000030517578,19.979999542236328,19.290000915527344,19.90999984741211,252800,0.0,0.0,0.0
2022-01-20 00:00:00-05:00,21.040000915527344,21.889999389648438,21.024999618530273,21.530000686645508,307600,0.0,0.0,0.0
2022-01-21 00:00:00-05:00,20.540000915527344,20.799999237060547,20.0,20.110000610351562,169200,0.0,0.0,0.0
2022-01-24 00:00:00-05:00,20.6299991607666,21.229999542236328,20.628999710083008,21.079999923706055,160500,0.0,0.0,0.0
2022-01-25 00:00:00-05:00,19.739999771118164,19.989999771118164,19.399999618530273,19.940000534057617,126200,0.0,0.0,0.0
2022-01-26 00:00:00-05:00,19.65999984741211,19.81999969482422,19.299999237060547,19.639999389648438,221700,0.0,0.0,0.0
2022-01-27 00:00:00-05:00,20.56999969482422,20.93000030517578,20.31999969482422,20.5,292800,0.0,0.0,0.0
2022-01-28 00:00:00-05:00,22.399999618530273,22.719999313354492,21.93000030517578,22.010000228881836,224300,0.0,0.0,0.0
2022-01-31 00:00:00-05:00,21.6299991607666,22.1200008392334,21.55500030517578,21.940000534057617,132000,0.0,0.0,0.0
2022-02-01 00:00:00-05:00,21.75,21.940000534057617,21.00200080871582,21.5,186000,0.0,0.0,0.0
2022-02-02 00:00:00-05:00,21.719999313354492,22.489999771118164,21.700000762939453,22.290000915527344,342400,0.0,0.0,0.0
2022-02-03 00:00:00-05:00,21.690000534057617,21.84000015258789,21.450000762939453,21.829999923706055,153200,0.0,0.0,0.0
2022-02-04 00:00:00-05:00,21.65999984741211,21.889999389648438,21.5,21.700000762939453,88200,0.0,0.0,0.0
2022-02-07 00:00:00-05:00,21.25,21.8799991607666,21.110000610351562,21.780000686645508,134700,0.0,0.0,0.0
2022-02-08 00:00:00-05:00,22.3799991607666,22.8799991607666,22.350000381469727,22.780000686645508,76600,0.0,0.0,0.0
2022-02-09 00:00:00-05:00,24.75,25.020000457763672,24.520000457763672,24.850000381469727,562600,0.0,0.0,0.0
2022-02-10 00:00:00-05:00,25.170000076293945,25.489999771118164,24.200000762939453,25.43000030517578,274900,0.0,0.0,0.0
2022-02-11 00:00:00-05:00,24.399999618530273,24.8799991607666,24.25,24.729999542236328,339200,0.0,0.0,0.0
2022-02-14 00:00:00-05:00,23.489999771118164,23.489999771118164,22.700000762939453,22.780000686645508,308000,0.0,0.0,0.0
2022-02-15 00:00:00-05:00,22.850000381469727,22.920000076293945,22.549999237060547,22.65999984741211,144100,0.0,0.0,0.0
2022-02-16 00:00:00-05:00,22.25,22.33799934387207,22.011999130249023,22.170000076293945,71200,0.0,0.0,0.0
2022-02-17 00:00:00-05:00,22.809999465942383,23.777999877929688,22.809999465942383,23.530000686645508,155300,0.0,0.0,0.0
2022-02-18 00:00:00-05:00,23.799999237060547,24.15999984741211,23.5,23.56999969482422,175900,0.0,0.0,0.0
2022-02-22 00:00:00-05:00,24.5,24.760000228881836,23.594999313354492,23.860000610351562,112500,0.0,0.0,0.0
2022-02-23 00:00:00-05:00,25.030000686645508,25.190000534057617,24.700000762939453,24.940000534057617,187400,0.0,0.0,0.0
2022-02-24 00:00:00-05:00,22.700000762939453,23.0,22.31999969482422,22.6200008392334,368600,0.0,0.0,0.0
2022-02-25 00:00:00-05:00,22.700000762939453,22.889999389648438,22.420000076293945,22.610000610351562,141000,0.0,0.0,0.0
2022-02-28 00:00:00-05:00,21.579999923706055,21.6200008392334,21.200000762939453,21.43000030517578,195900,0.0,0.0,0.0
2022-03-01 00:00:00-05:00,23.309999465942383,23.8799991607666,23.09000015258789,23.8799991607666,232800,0.0,0.0,0.0
2022-03-02 00:00:00-05:00,23.760000228881836,24.0,23.34000015258789,23.670000076293945,203200,0.0,0.0,0.0
2022-03-03 00:00:00-05:00,23.700000762939453,23.780000686645508,23.510000228881836,23.579999923706055,69200,0.0,0.0,0.0
2022-03-04 00:00:00-05:00,24.670000076293945,25.260000228881836,24.670000076293945,24.899999618530273,219200,0.0,0.0,0.0
2022-03-07 00:00:00-05:00,26.0,26.43000030517578,25.969999313354492,26.280000686645508,216200,0.0,0.0,0.0
2022-03-08 00:00:00-05:00,26.510000228881836,27.0,26.450000762939453,26.829999923706055,422100,0.0,0.0,0.0
2022-03-09 00:00:00-05:00,27.899999618530273,28.200000762939453,27.6200008392334,27.84000015258789,378300,0.0,0.0,0.0
2022-03-10 00:00:00-05:00,27.350000381469727,27.6200008392334,27.059999465942383,27.56999969482422,532500,0.0,0.0,0.0
2022-03-11 00:00:00-05:00,27.389999389648438,27.389999389648438,26.90999984741211,27.049999237060547,429300,0.0,0.0,0.0
2022-03-14 00:00:00-04:00,25.309999465942383,25.549999237060547,24.649999618530273,24.700000762939453,406000,0.0,0.0,0.0
2022-03-15 00:00:00-04:00,24.219999313354492,24.219999313354492,23.540000915527344,23.729999542236328,684600,0.0,0.0,0.0
2022-03-16 00:00:00-04:00,24.6299991607666,25.559999465942383,24.420000076293945,25.540000915527344,218200,0.0,0.0,0.0
2022-03-17 00:00:00-04:00,25.989999771118164,26.5,25.829999923706055,26.040000915527344,471300,0.0,0.0,0.0
2022-03-18 00:00:00-04:00,26.18000030517578,26.469999313354492,25.860000610351562,26.350000381469727,180800,0.0,0.0,0.0
2022-03-21 00:00:00-04:00,26.059999465942383,26.299999237060547,25.6299991607666,25.760000228881836,60400,0.0,0.0,0.0
2022-03-22 00:00:00-04:00,25.149999618530273,25.489999771118164,25.020999908447266,25.049999237060547,163300,0.0,0.0,0.0
2022-03-23 00:00:00-04:00,25.670000076293945,25.959999084472656,25.53499984741211,25.950000762939453,166700,0.0,0.0,0.0
2022-03-24 00:00:00-04:00,25.219999313354492,25.399999618530273,24.81999969482422,24.8799991607666,177500,0.0,0.0,0.0
2022-03-25 00:00:00-04:00,24.540000915527344,24.65999984741211,24.34000015258789,24.389999389648438,83400,0.0,0.0,0.0
2022-03-28 00:00:00-04:00,23.780000686645508,23.959999084472656,23.549999237060547,23.770000457763672,181900,0.0,0.0,0.0
2022-03-29 00:00:00-04:00,23.459999084472656,24.459999084472656,23.100000381469727,24.260000228881836,318800,0.0,0.0,0.0
2022-03-30 00:00:00-04:00,24.25,25.100000381469727,24.25,25.010000228881836,1207800,0.0,0.0,0.0
2022-03-31 00:00:00-04:00,24.200000762939453,24.979999542236328,23.8799991607666,24.18000030517578,648300,0.0,0.0,0.0
2022-04-01 00:00:00-04:00,23.93000030517578,23.979999542236328,23.75,23.959999084472656,125000,0.0,0.0,0.0
2022-04-04 00:00:00-04:00,23.0,23.0,22.309999465942383,22.399999618530273,553900,0.0,0.0,0.0
2022-04-05 00:00:00-04:00,21.760000228881836,22.08799934387207,21.40999984741211,21.770000457763672,1346500,0.0,0.0,0.0
2022-04-06 00:00:00-04:00,21.0,21.0,20.510000228881836,20.6200008392334,600000,0.0,0.0,0.0
2022-04-07 00:00:00-04:00,21.06999969482422,21.700000762939453,21.06999969482422,21.65999984741211,160400,0.0,0.0,0.0
2022-04-08 00:00:00-04:00,22.059999465942383,22.579999923706055,22.059999465942383,22.450000762939453,174100,0.0,0.0,0.0
2022-04-11 00:00:00-04:00,21.079999923706055,21.139999389648438,20.81999969482422,21.0,233900,0.0,0.0,0.0
2022-04-12 00:00:00-04:00,21.200000762939453,21.440000534057617,21.0,21.280000686645508,142300,0.0,0.0,0.0
2022-04-13 00:00:00-04:00,21.270000457763672,21.43000030517578,21.040000915527344,21.239999771118164,131000,0.0,0.0,0.0
2022-04-14 00:00:00-04:00,21.75,22.170000076293945,21.75,22.15999984741211,349500,0.0,0.0,0.0
2022-04-18 00:00:00-04:00,21.829999923706055,22.25,21.780000686645508,22.219999313354492,128500,0.0,0.0,0.0
2022-04-19 00:00:00-04:00,21.670000076293945,21.790000915527344,20.940000534057617,21.229999542236328,284300,0.0,0.0,0.0
2022-04-20 00:00:00-04:00,20.479999542236328,20.525999069213867,20.05500030517578,20.290000915527344,257800,0.0,0.0,0.0
2022-04-21 00:00:00-04:00,21.3700008392334,21.84000015258789,21.360000610351562,21.739999771118164,183400,0.0,0.0,0.0
2022-04-22 00:00:00-04:00,22.0,22.399999618530273,22.0,22.309999465942383,178700,0.0,0.0,0.0
2022-04-25 00:00:00-04:00,21.520000457763672,21.649999618530273,20.857999801635742,20.920000076293945,190500,0.0,0.0,0.0
2022-04-26 00:00:00-04:00,21.0,21.030000686645508,20.5,20.739999771118164,189500,0.0,0.0,0.0
2022-04-27 00:00:00-04:00,21.0,21.68000030517578,21.0,21.549999237060547,178200,0.0,0.0,0.0
2022-04-28 00:00:00-04:00,21.18000030517578,21.219999313354492,20.8799991607666,21.010000228881836,69900,0.0,0.0,0.0
2022-04-29 00:00:00-04:00,21.3799991607666,21.579999923706055,21.329999923706055,21.479999542236328,38500,0.0,0.0,0.0
2022-05-02 00:00:00-04:00,21.459999084472656,21.56999969482422,21.23200035095215,21.489999771118164,82500,0.0,0.0,0.0
2022-05-03 00:00:00-04:00,21.6299991607666,22.15999984741211,21.6299991607666,22.1200008392334,107000,0.0,0.0,0.0
2022-05-04 00:00:00-04:00,22.93000030517578,23.3799991607666,22.905000686645508,23.290000915527344,143600,0.0,0.0,0.0
2022-05-05 00:00:00-04:00,24.030000686645508,24.3799991607666,23.360000610351562,23.690000534057617,135500,0.0,0.0,0.0
2022-05-06 00:00:00-04:00,23.209999084472656,23.899999618530273,23.1299991607666,23.75,142800,0.0,0.0,0.0
2022-05-09 00:00:00-04:00,24.079999923706055,24.200000762939453,23.809999465942383,23.8799991607666,246500,0.0,0.0,0.0
2022-05-10 00:00:00-04:00,23.610000610351562,23.75,23.200000762939453,23.389999389648438,89800,0.0,0.0,0.0
2022-05-11 00:00:00-04:00,23.940000534057617,24.18000030517578,23.760000228881836,23.899999618530273,201100,0.0,0.0,0.0
2022-05-12 00:00:00-04:00,23.229999542236328,23.389999389648438,22.989999771118164,23.190000534057617,222500,0.0,0.0,0.0
2022-05-13 00:00:00-04:00,23.18000030517578,23.18000030517578,22.780000686645508,23.1200008392334,118900,0.0,0.0,0.0
2022-05-16 00:00:00-04:00,23.389999389648438,23.6299991607666,23.18000030517578,23.34000015258789,96200,0.0,0.0,0.0
2022-05-17 00:00:00-04:00,24.399999618530273,24.760000228881836,24.399999618530273,24.6299991607666,90400,0.0,0.0,0.0
2022-05-18 00:00:00-04:00,25.729999542236328,26.06999969482422,25.020000457763672,25.780000686645508,490400,0.0,0.0,0.0
2022-05-19 00:00:00-04:00,24.940000534057617,25.209999084472656,24.780000686645508,24.969999313354492,259100,0.0,0.0,0.0
2022-05-20 00:00:00-04:00,24.989999771118164,25.489999771118164,24.170000076293945,25.420000076293945,212000,0.0,0.0,0.0
2022-05-23 00:00:00-04:00,24.5,24.770000457763672,24.18000030517578,24.600000381469727,160000,0.0,0.0,0.0
2022-05-24 00:00:00-04:00,23.260000228881836,23.549999237060547,23.18000030517578,23.389999389648438,57000,0.0,0.0,0.0
2022-05-25 00:00:00-04:00,22.549999237060547,23.209999084472656,22.43000030517578,22.969999313354492,115500,0.0,0.0,0.0
2022-05-26 00:00:00-04:00,22.299999237060547,22.610000610351562,22.18000030517578,22.549999237060547,225500,0.0,0.0,0.0
2022-05-27 00:00:00-04:00,21.420000076293945,21.780000686645508,21.280000686645508,21.479999542236328,228100,0.0,0.0,0.0
2022-05-31 00:00:00-04:00,21.90999984741211,22.709999084472656,21.90999984741211,22.190000534057617,500200,0.0,0.0,0.0
2022-06-01 00:00:00-04:00,22.100000381469727,22.280000686645508,21.700000762939453,21.889999389648438,240900,0.0,0.0,0.0
2022-06-02 00:00:00-04:00,21.799999237060547,22.0,21.799999237060547,22.0,82000,0.0,0.0,0.0
2022-06-03 00:00:00-04:00,21.809999465942383,22.200000762939453,21.809999465942383,22.010000228881836,187400,0.0,0.0,0.0
2022-06-06 00:00:00-04:00,21.709999084472656,21.81999969482422,21.25,21.459999084472656,185900,0.0,0.0,0.0
2022-06-07 00:00:00-04:00,20.6299991607666,20.6299991607666,20.260000228881836,20.350000381469727,186400,0.0,0.0,0.0
2022-06-08 00:00:00-04:00,19.59000015258789,19.649999618530273,19.100000381469727,19.239999771118164,468200,0.0,0.0,0.0
2022-06-09 00:00:00-04:00,19.010000228881836,19.450000762939453,19.010000228881836,19.360000610351562,146800,0.0,0.0,0.0
2022-06-10 00:00:00-04:00,19.520000457763672,20.020000457763672,19.520000457763672,19.850000381469727,265600,0.0,0.0,0.0
2022-06-13 00:00:00-04:00,19.149999618530273,19.31999969482422,19.059999465942383,19.139999389648438,65200,0.0,0.0,0.0
2022-06-14 00:00:00-04:00,19.65999984741211,20.0,19.65999984741211,19.8799991607666,38200,0.0,0.0,0.0
2022-06-15 00:00:00-04:00,19.700000762939453,19.81999969482422,19.3700008392334,19.549999237060547,69700,0.0,0.0,0.0
2022-06-16 00:00:00-04:00,19.549999237060547,19.860000610351562,19.549999237060547,19.690000534057617,97100,0.0,0.0,0.0
2022-06-17 00:00:00-04:00,20.0,20.299999237060547,20.0,20.15999984741211,80100,0.0,0.0,0.0
2022-06-21 00:00:00-04:00,17.920000076293945,18.3700008392334,17.75,18.290000915527344,231600,0.0,0.0,0.0
2022-06-22 00:00:00-04:00,17.110000610351562,17.18000030517578,16.579999923706055,16.790000915527344,687700,0.0,0.0,0.0
2022-06-23 00:00:00-04:00,17.309999465942383,17.799999237060547,17.309999465942383,17.579999923706055,185900,0.0,0.0,0.0
2022-06-24 00:00:00-04:00,16.829999923706055,17.099000930786133,16.6200008392334,16.899999618530273,94300,0.0,0.0,0.0
2022-06-27 00:00:00-04:00,16.6299991607666,16.700000762939453,16.25,16.3700008392334,295400,0.0,0.0,0.0
2022-06-28 00:00:00-04:00,15.6899995803833,16.18000030517578,15.600000381469727,16.030000686645508,113800,0.0,0.0,0.0
2022-06-29 00:00:00-04:00,16.34000015258789,16.920000076293945,16.34000015258789,16.729999542236328,228100,0.0,0.0,0.0
2022-06-30 00:00:00-04:00,17.100000381469727,17.399999618530273,17.079999923706055,17.170000076293945,200700,0.0,0.0,0.0
2022-07-01 00:00:00-04:00,16.899999618530273,17.15999984741211,16.899999618530273,17.110000610351562,14100,0.0,0.0,0.0
2022-07-05 00:00:00-04:00,15.960000038146973,16.020999908447266,15.789999961853027,15.899999618530273,54800,0.0,0.0,0.0
2022-07-06 00:00:00-04:00,15.300000190734863,15.479000091552734,14.920000076293945,14.949999809265137,266000,0.0,0.0,0.0
2022-07-07 00:00:00-04:00,15.520000457763672,15.970000267028809,15.510000228881836,15.90999984741211,226100,0.0,0.0,0.0
2022-07-08 00:00:00-04:00,15.569999694824219,15.59000015258789,15.260000228881836,15.289999961853027,353500,0.0,0.0,0.0
2022-07-11 00:00:00-04:00,15.020000457763672,15.197999954223633,14.920000076293945,15.020000457763672,159300,0.0,0.0,0.0
2022-07-12 00:00:00-04:00,14.380000114440918,14.420000076293945,13.800000190734863,13.859999656677246,173200,0.0,0.0,0.0
2022-07-13 00:00:00-04:00,14.319999694824219,14.5,14.100000381469727,14.479999542236328,232300,0.0,0.0,0.0
2022-07-14 00:00:00-04:00,14.859999656677246,15.180000305175781,14.649999618530273,15.180000305175781,100100,0.0,0.0,0.0
2022-07-15 00:00:00-04:00,15.5600004196167,16.06999969482422,15.5600004196167,15.989999771118164,80800,0.0,0.0,0.0
2022-07-18 00:00:00-04:00,15.630000114440918,15.65999984741211,15.0,15.279999732971191,161200,0.0,0.0,0.0
2022-07-19 00:00:00-04:00,15.350000381469727,15.350000381469727,14.6899995803833,14.8100004196167,191400,0.0,0.0,0.0
2022-07-20 00:00:00-04:00,14.800000190734863,15.109999656677246,14.470000267028809,14.539999961853027,186300,0.0,0.0,0.0
2022-07-21 00:00:00-04:00,14.720000267028809,14.859000205993652,14.510000228881836,14.649999618530273,85800,0.0,0.0,0.0
2022-07-22 00:00:00-04:00,14.649999618530273,14.770000457763672,14.489999771118164,14.600000381469727,245800,0.0,0.0,0.0
2022-07-25 00:00:00-04:00,13.8100004196167,13.987000465393066,13.170000076293945,13.279999732971191,238200,0.0,0.0,0.0
2022-07-26 00:00:00-04:00,13.039999961853027,13.489999771118164,13.039999961853027,13.470000267028809,198100,0.0,0.0,0.0
2022-07-27 00:00:00-04:00,12.949999809265137,13.40999984741211,12.949999809265137,13.3100004196167,141000,0.0,0.0,0.0
2022-07-28 00:00:00-04:00,12.720000267028809,12.84000015258789,12.529999732971191,12.789999961853027,328100,0.0,0.0,0.0
2022-07-29 00:00:00-04:00,12.229999542236328,12.420000076293945,12.079999923706055,12.420000076293945,233000,0.0,0.0,0.0
2022-08-01 00:00:00-04:00,12.640000343322754,12.6899995803833,12.529999732971191,12.649999618530273,124300,0.0,0.0,0.0
2022-08-02 00:00:00-04:00,12.050000190734863,12.1899995803833,11.579999923706055,11.779999732971191,552500,0.0,0.0,0.0
2022-08-03 00:00:00-04:00,11.300000190734863,11.388999938964844,10.6899995803833,10.829999923706055,395400,0.0,0.0,0.0
2022-08-04 00:00:00-04:00,10.5600004196167,11.109999656677246,10.5,10.819999694824219,282600,0.0,0.0,0.0
2022-08-05 00:00:00-04:00,11.170000076293945,11.350000381469727,10.850000381469727,11.100000381469727,297000,0.0,0.0,0.0
2022-08-08 00:00:00-04:00,11.430000305175781,11.729999542236328,11.210000038146973,11.229999542236328,297500,0.0,0.0,0.0
2022-08-09 00:00:00-04:00,11.34000015258789,11.720000267028809,11.34000015258789,11.5600004196167,287600,0.0,0.0,0.0
2022-08-10 00:00:00-04:00,11.550000190734863,11.699999809265137,11.399999618530273,11.579999923706055,230800,0.0,0.0,0.0
2022-08-11 00:00:00-04:00,10.989999771118164,11.029999732971191,10.670000076293945,10.890000343322754,352200,0.0,0.0,0.0
2022-08-12 00:00:00-04:00,10.399999618530273,10.574000358581543,10.25,10.539999961853027,309700,0.0,0.0,0.0
2022-08-15 00:00:00-04:00,10.25,10.359999656677246,9.663000106811523,9.890000343322754,382100,0.0,0.0,0.0
2022-08-16 00:00:00-04:00,9.850000381469727,10.029999732971191,9.850000381469727,9.989999771118164,70000,0.0,0.0,0.0
2022-08-17 00:00:00-04:00,9.819999694824219,10.0,9.640000343322754,9.770000457763672,92800,0.0,0.0,0.0
2022-08-18 00:00:00-04:00,9.3100004196167,9.460000038146973,9.260000228881836,9.420000076293945,256300,0.0,0.0,0.0
2022-08-19 00:00:00-04:00,9.199999809265137,9.420000076293945,9.199999809265137,9.3100004196167,100600,0.0,0.0,0.0
2022-08-22 00:00:00-04:00,9.15999984741211,9.260000228881836,9.045999526977539,9.210000038146973,129200,0.0,0.0,0.0
2022-08-23 00:00:00-04:00,8.9399995803833,8.979999542236328,8.579999923706055,8.699999809265137,275500,0.0,0.0,0.0
2022-08-24 00:00:00-04:00,8.369999885559082,8.579999923706055,8.210000038146973,8.550000190734863,216300,0.0,0.0,0.0
2022-08-25 00:00:00-04:00,8.029999732971191,8.0600004196167,7.889999866485596,7.96999979019165,549600,0.0,0.0,0.0
2022-08-26 00:00:00-04:00,8.0,8.0,7.920000076293945,7.920000076293945,281900,0.0,0.0,0.0
2022-08-29 00:00:00-04:00,7.900000095367432,8.069999694824219,7.813000202178955,7.860000133514404,449400,0.0,0.0,0.0
2022-08-30 00:00:00-04:00,7.480000019073486,7.480000019073486,6.75,7.199999809265137,1201400,0.0,0.0,0.0
2022-08-31 00:00:00-04:00,7.289999961853027,7.949999809265137,7.239999771118164,7.840000152587891,649500,0.0,0.0,0.0
2022-09-01 00:00:00-04:00,8.479999542236328,8.845999717712402,8.399999618530273,8.729999542236328,997000,0.0,0.0,0.0
2022-09-02 00:00:00-04:00,9.020000457763672,9.039999961853027,8.75,8.779999732971191,403400,0.0,0.0,0.0
2022-09-06 00:00:00-04:00,8.029999732971191,8.09000015258789,7.769999980926514,7.989999771118164,533600,0.0,0.0,0.0
2022-09-07 00:00:00-04:00,8.550000190734863,8.680000305175781,8.100000381469727,8.25,348300,0.0,0.0,0.0
2022-09-08 00:00:00-04:00,8.449999809265137,8.880000114440918,8.449999809265137,8.779999732971191,263800,0.0,0.0,0.0
2022-09-09 00:00:00-04:00,8.470000267028809,8.75,8.470000267028809,8.630000114440918,236600,0.0,0.0,0.0
2022-09-12 00:00:00-04:00,9.130000114440918,9.640000343322754,9.130000114440918,9.550000190734863,519900,0.0,0.0,0.0
2022-09-13 00:00:00-04:00,9.800000190734863,9.90999984741211,9.65999984741211,9.75,346300,0.0,0.0,0.0
2022-09-14 00:00:00-04:00,9.579999923706055,9.649999618530273,9.15999984741211,9.390000343322754,472000,0.0,0.0,0.0
2022-09-15 00:00:00-04:00,9.260000228881836,9.260000228881836,9.0,9.140000343322754,110300,0.0,0.0,0.0
2022-09-16 00:00:00-04:00,8.859999656677246,9.09000015258789,8.6899995803833,9.069999694824219,228000,0.0,0.0,0.0
2022-09-19 00:00:00-04:00,9.069999694824219,9.260000228881836,9.069999694824219,9.180000305175781,131700,0.0,0.0,0.0
2022-09-20 00:00:00-04:00,10.199999809265137,10.5,10.164999961853027,10.25,500500,0.0,0.0,0.0
2022-09-21 00:00:00-04:00,10.100000381469727,10.149999618530273,9.739999771118164,10.050000190734863,246900,0.0,0.0,0.0
2022-09-22 00:00:00-04:00,9.859999656677246,10.09000015258789,9.859999656677246,9.9399995803833,127700,0.0,0.0,0.0
2022-09-23 00:00:00-04:00,10.25,10.470000267028809,10.119999885559082,10.270000457763672,804800,0.0,0.0,0.0
2022-09-26 00:00:00-04:00,9.989999771118164,10.199999809265137,9.989999771118164,10.050000190734863,182700,0.0,0.0,0.0
2022-09-27 00:00:00-04:00,10.020000457763672,10.406999588012695,10.020000457763672,10.390000343322754,145500,0.0,0.0,0.0
2022-09-28 00:00:00-04:00,9.680000305175781,9.6850004196167,9.289999961853027,9.579999923706055,244200,0.0,0.0,0.0
2022-09-29 00:00:00-04:00,9.130000114440918,9.182000160217285,8.6899995803833,8.960000038146973,444000,0.0,0.0,0.0
2022-09-30 00:00:00-04:00,8.920000076293945,9.510000228881836,8.899999618530273,9.039999961853027,93600,0.0,0.0,0.0
2022-10-03 00:00:00-04:00,9.079999923706055,9.260000228881836,8.972999572753906,9.140000343322754,205200,0.0,0.0,0.0
2022-10-04 00:00:00-04:00,9.960000038146973,10.39900016784668,9.949999809265137,10.350000381469727,195700,0.0,0.0,0.0
2022-10-05 00:00:00-04:00,10.079999923706055,10.229999542236328,9.960000038146973,10.100000381469727,172900,0.0,0.0,0.0
2022-10-06 00:00:00-04:00,9.729999542236328,9.930000305175781,9.550000190734863,9.6899995803833,212400,0.0,0.0,0.0
2022-10-07 00:00:00-04:00,9.550000190734863,9.819999694824219,9.550000190734863,9.699999809265137,98300,0.0,0.0,0.0
2022-10-10 00:00:00-04:00,9.34000015258789,9.390000343322754,9.010000228881836,9.199999809265137,127500,0.0,0.0,0.0
2022-10-11 00:00:00-04:00,9.350000381469727,9.479999542236328,9.145000457763672,9.34000015258789,197600,0.0,0.0,0.0
2022-10-12 00:00:00-04:00,9.15999984741211,9.239999771118164,8.979999542236328,9.09000015258789,149000,0.0,0.0,0.0
2022-10-13 00:00:00-04:00,8.869999885559082,8.890000343322754,8.670000076293945,8.6899995803833,155500,0.0,0.0,0.0
2022-10-14 00:00:00-04:00,9.1899995803833,9.350000381469727,9.041000366210938,9.210000038146973,373700,0.0,0.0,0.0
2022-10-17 00:00:00-04:00,8.989999771118164,9.029999732971191,8.800000190734863,8.829999923706055,212500,0.0,0.0,0.0
2022-10-18 00:00:00-04:00,9.319999694824219,9.494000434875488,9.010000228881836,9.1899995803833,181100,0.0,0.0,0.0
2022-10-19 00:00:00-04:00,9.100000381469727,9.210000038146973,8.649999618530273,8.949999809265137,145100,0.0,0.0,0.0
2022-10-20 00:00:00-04:00,8.880000114440918,8.890000343322754,8.65999984741211,8.710000038146973,113200,0.0,0.0,0.0
2022-10-21 00:00:00-04:00,8.699999809265137,9.0,8.668000221252441,8.8100004196167,95300,0.0,0.0,0.0
2022-10-24 00:00:00-04:00,8.729999542236328,8.8100004196167,8.42199993133545,8.479999542236328,117400,0.0,0.0,0.0
2022-10-25 00:00:00-04:00,8.359999656677246,8.449999809265137,8.25,8.350000381469727,120600,0.0,0.0,0.0
2022-10-26 00:00:00-04:00,8.09000015258789,8.1899995803833,7.940000057220459,8.09000015258789,191100,0.0,0.0,0.0
2022-10-27 00:00:00-04:00,7.820000171661377,7.900000095367432,7.639999866485596,7.75,148900,0.0,0.0,0.0
2022-10-28 00:00:00-04:00,7.639999866485596,7.71999979019165,7.52400016784668,7.710000038146973,73500,0.0,0.0,0.0
2022-10-31 00:00:00-04:00,7.090000152587891,7.130000114440918,6.934999942779541,7.099999904632568,433400,0.0,0.0,0.0
2022-11-01 00:00:00-04:00,7.21999979019165,7.449999809265137,7.210000038146973,7.409999847412109,112200,0.0,0.0,0.0
2022-11-02 00:00:00-04:00,7.480000019073486,8.010000228881836,7.414999961853027,7.670000076293945,398200,0.0,0.0,0.0
2022-11-03 00:00:00-04:00,7.440000057220459,7.550000190734863,7.309999942779541,7.369999885559082,188200,0.0,0.0,0.0
2022-11-04 00:00:00-04:00,7.710000038146973,7.925000190734863,7.660999774932861,7.71999979019165,262800,0.0,0.0,0.0
2022-11-07 00:00:00-05:00,7.619999885559082,8.170000076293945,7.53000020980835,7.570000171661377,478900,0.0,0.0,0.0
2022-11-08 00:00:00-05:00,7.599999904632568,7.789999961853027,7.599999904632568,7.699999809265137,204200,0.0,0.0,0.0
2022-11-09 00:00:00-05:00,7.760000228881836,7.96999979019165,7.760000228881836,7.900000095367432,191500,0.0,0.0,0.0
2022-11-10 00:00:00-05:00,7.800000190734863,7.980000019073486,7.610000133514404,7.889999866485596,196900,0.0,0.0,0.0
2022-11-11 00:00:00-05:00,8.119999885559082,8.289999961853027,8.109999656677246,8.199999809265137,228500,0.0,0.0,0.0
2022-11-14 00:00:00-05:00,8.199999809265137,8.300000190734863,8.1899995803833,8.199999809265137,191700,0.0,0.0,0.0
2022-11-15 00:00:00-05:00,7.900000095367432,8.100000381469727,7.690000057220459,7.710000038146973,915800,0.0,0.0,0.0
2022-11-16 00:00:00-05:00,7.710000038146973,7.710000038146973,7.210000038146973,7.349999904632568,341200,0.0,0.0,0.0
2022-11-17 00:00:00-05:00,7.119999885559082,7.300000190734863,7.110000133514404,7.190000057220459,226000,0.0,0.0,0.0
2022-11-18 00:00:00-05:00,7.050000190734863,7.190000057220459,7.050000190734863,7.090000152587891,111000,0.0,0.0,0.0
2022-11-21 00:00:00-05:00,7.210000038146973,7.380000114440918,7.150000095367432,7.369999885559082,230200,0.0,0.0,0.0
2022-11-22 00:00:00-05:00,7.019999980926514,7.079999923706055,6.820000171661377,7.070000171661377,400500,0.0,0.0,0.0
2022-11-23 00:00:00-05:00,7.190000057220459,7.420000076293945,7.190000057220459,7.380000114440918,316900,0.0,0.0,0.0
2022-11-25 00:00:00-05:00,7.690000057220459,7.880000114440918,7.679999828338623,7.820000171661377,365500,0.0,0.0,0.0
2022-11-28 00:00:00-05:00,7.730000019073486,7.800000190734863,7.519999980926514,7.659999847412109,547600,0.0,0.0,0.0
2022-11-29 00:00:00-05:00,7.380000114440918,7.599999904632568,7.25,7.539999961853027,152300,0.0,0.0,0.0
2022-11-30 00:00:00-05:00,7.730000019073486,7.940000057220459,7.7220001220703125,7.860000133514404,217700,0.0,0.0,0.0
2022-12-01 00:00:00-05:00,7.699999809265137,7.764999866485596,7.550000190734863,7.710000038146973,258600,0.0,0.0,0.0
2022-12-02 00:00:00-05:00,7.610000133514404,7.699999809265137,7.590000152587891,7.699999809265137,126700,0.0,0.0,0.0
2022-12-05 00:00:00-05:00,7.880000114440918,8.0,7.880000114440918,7.96999979019165,526000,0.0,0.0,0.0
2022-12-06 00:00:00-05:00,8.119999885559082,8.468999862670898,8.0600004196167,8.4399995803833,793600,0.0,0.0,0.0
2022-12-07 00:00:00-05:00,8.25,8.449999809265137,8.25,8.399999618530273,155200,0.0,0.0,0.0
2022-12-08 00:00:00-05:00,8.8100004196167,9.039999961853027,8.789999961853027,9.010000228881836,236200,0.0,0.0,0.0
2022-12-09 00:00:00-05:00,9.079999923706055,9.319999694824219,9.079999923706055,9.1899995803833,183500,0.0,0.0,0.0
2022-12-12 00:00:00-05:00,8.539999961853027,8.850000381469727,8.402000427246094,8.739999771118164,299900,0.0,0.0,0.0
2022-12-13 00:00:00-05:00,9.039999961853027,9.350000381469727,9.039999961853027,9.289999961853027,426500,0.0,0.0,0.0
2022-12-14 00:00:00-05:00,9.649999618530273,9.840999603271484,9.649999618530273,9.819999694824219,275900,0.0,0.0,0.0
2022-12-15 00:00:00-05:00,10.069999694824219,10.220000267028809,9.6899995803833,9.760000228881836,507700,0.0,0.0,0.0
2022-12-16 00:00:00-05:00,9.170000076293945,9.319999694824219,8.8100004196167,9.029999732971191,230300,0.0,0.0,0.0
2022-12-19 00:00:00-05:00,8.970000267028809,9.039999961853027,8.819999694824219,8.850000381469727,295800,0.0,0.0,0.0
2022-12-20 00:00:00-05:00,9.739999771118164,10.010000228881836,9.739999771118164,9.979999542236328,326400,0.0,0.0,0.0
2022-12-21 00:00:00-05:00,10.25,10.329999923706055,9.869999885559082,9.979999542236328,219600,0.0,0.0,0.0
2022-12-22 00:00:00-05:00,9.510000228881836,9.84000015258789,9.487000465393066,9.739999771118164,204000,0.0,0.0,0.0
2022-12-23 00:00:00-05:00,9.5600004196167,9.630000114440918,9.350000381469727,9.460000038146973,251400,0.0,0.0,0.0
2022-12-27 00:00:00-05:00,9.489999771118164,9.699999809265137,9.420000076293945,9.5,465800,0.0,0.0,0.0
2022-12-28 00:00:00-05:00,9.420000076293945,9.60099983215332,9.359999656677246,9.449999809265137,102600,0.0,0.0,0.0
2022-12-29 00:00:00-05:00,9.34000015258789,9.460000038146973,9.329999923706055,9.399999618530273,93000,0.0,0.0,0.0
2022-12-30 00:00:00-05:00,9.239999771118164,9.340999603271484,9.119999885559082,9.1899995803833,148000,0.0,0.0,0.0
2023-01-03 00:00:00-05:00,9.010000228881836,9.180000305175781,8.75,8.819999694824219,75000,0.0,0.0,0.0
2023-01-04 00:00:00-05:00,9.010000228881836,9.279999732971191,9.010000228881836,9.25,45200,0.0,0.0,0.0
2023-01-05 00:00:00-05:00,9.373000144958496,9.555000305175781,9.361000061035156,9.510000228881836,56200,0.0,0.0,0.0
2023-01-06 00:00:00-05:00,9.670000076293945,10.279999732971191,9.5,10.039999961853027,83700,0.0,0.0,0.0
2023-01-09 00:00:00-05:00,10.100000381469727,10.100000381469727,9.491000175476074,9.739999771118164,56100,0.0,0.0,0.0
2023-01-10 00:00:00-05:00,9.149999618530273,9.180000305175781,9.010000228881836,9.119999885559082,48800,0.0,0.0,0.0
2023-01-11 00:00:00-05:00,9.079999923706055,9.170000076293945,8.970000267028809,8.979999542236328,44300,0.0,0.0,0.0
2023-01-12 00:00:00-05:00,9.079999923706055,9.307999610900879,8.942999839782715,9.09000015258789,53500,0.0,0.0,0.0
2023-01-13 00:00:00-05:00,9.220000267028809,9.4399995803833,9.220000267028809,9.359999656677246,115500,0.0,0.0,0.0
2023-01-17 00:00:00-05:00,9.5,9.550000190734863,9.399999618530273,9.40999984741211,71100,0.0,0.0,0.0
2023-01-18 00:00:00-05:00,9.09000015258789,9.279999732971191,8.880000114440918,8.9399995803833,65900,0.0,0.0,0.0
2023-01-19 00:00:00-05:00,8.720000267028809,8.859000205993652,8.65999984741211,8.774999618530273,123200,0.0,0.0,0.0
2023-01-20 00:00:00-05:00,8.951000213623047,9.149999618530273,8.885000228881836,8.949999809265137,72800,0.0,0.0,0.0
2023-01-23 00:00:00-05:00,8.800000190734863,8.800000190734863,8.609999656677246,8.640000343322754,100700,0.0,0.0,0.0
2023-01-24 00:00:00-05:00,8.569999694824219,8.630000114440918,8.399999618530273,8.4399995803833,44600,0.0,0.0,0.0
2023-01-25 00:00:00-05:00,8.489999771118164,8.539999961853027,8.420000076293945,8.449999809265137,31200,0.0,0.0,0.0
2023-01-26 00:00:00-05:00,8.239999771118164,8.239999771118164,8.100000381469727,8.119999885559082,134800,0.0,0.0,0.0
2023-01-27 00:00:00-05:00,8.229999542236328,8.75,8.210000038146973,8.270000457763672,144100,0.0,0.0,0.0
2023-01-30 00:00:00-05:00,8.029999732971191,8.170000076293945,7.900000095367432,8.0,283400,0.0,0.0,0.0
2023-01-31 00:00:00-05:00,7.730000019073486,7.980000019073486,7.659999847412109,7.800000190734863,208900,0.0,0.0,0.0
2023-02-01 00:00:00-05:00,7.599999904632568,7.715000152587891,7.53000020980835,7.53000020980835,514600,0.0,0.0,0.0
2023-02-02 00:00:00-05:00,7.460000038146973,7.539999961853027,7.300000190734863,7.309999942779541,486400,0.0,0.0,0.0
2023-02-03 00:00:00-05:00,7.28000020980835,7.329999923706055,7.099999904632568,7.110000133514404,393400,0.0,0.0,0.0
2023-02-06 00:00:00-05:00,6.900000095367432,7.039999961853027,6.75,6.800000190734863,630100,0.0,0.0,0.0
2023-02-07 00:00:00-05:00,6.889999866485596,7.400000095367432,6.860000133514404,7.159999847412109,905500,0.0,0.0,0.0
2023-02-08 00:00:00-05:00,7.5,7.800000190734863,7.440999984741211,7.619999885559082,752700,0.0,0.0,0.0
2023-02-09 00:00:00-05:00,7.440000057220459,7.449999809265137,7.059999942779541,7.119999885559082,766500,0.0,0.0,0.0
2023-02-10 00:00:00-05:00,7.199999809265137,7.383999824523926,7.199999809265137,7.230000019073486,276600,0.0,0.0,0.0
2023-02-13 00:00:00-05:00,7.079999923706055,7.242000102996826,6.949999809265137,7.0,960500,0.0,0.0,0.0
2023-02-14 00:00:00-05:00,6.75,7.0,6.71999979019165,6.730000019073486,842200,0.0,0.0,0.0
2023-02-15 00:00:00-05:00,6.579999923706055,6.71999979019165,6.300000190734863,6.53000020980835,756000,0.0,0.0,0.0
2023-02-16 00:00:00-05:00,6.619999885559082,6.849999904632568,6.579999923706055,6.75,840600,0.0,0.0,0.0
2023-02-17 00:00:00-05:00,6.619999885559082,6.699999809265137,6.550000190734863,6.599999904632568,549000,0.0,0.0,0.0
2023-02-21 00:00:00-05:00,7.090000152587891,7.150000095367432,7.010000228881836,7.059999942779541,1312000,0.0,0.0,0.0
2023-02-22 00:00:00-05:00,7.269999980926514,7.364999771118164,7.25,7.289999961853027,958500,0.0,0.0,0.0
2023-02-23 00:00:00-05:00,7.760000228881836,8.039999961853027,7.760000228881836,7.960000038146973,1597000,0.0,0.0,0.0
2023-02-24 00:00:00-05:00,8.010000228881836,8.069999694824219,7.900000095367432,7.949999809265137,629900,0.0,0.0,0.0
2023-02-27 00:00:00-05:00,7.989999771118164,8.149999618530273,7.901000022888184,8.149999618530273,574200,0.0,0.0,0.0
2023-02-28 00:00:00-05:00,8.845000267028809,9.210000038146973,8.800000190734863,9.050000190734863,1039600,0.0,0.0,0.0
2023-03-01 00:00:00-05:00,8.779999732971191,8.979999542236328,8.75,8.819999694824219,860200,0.0,0.0,0.0
2023-03-02 00:00:00-05:00,8.824999809265137,8.984999656677246,8.739999771118164,8.979999542236328,460900,0.0,0.0,0.0
2023-03-03 00:00:00-05:00,9.34000015258789,9.399999618530273,9.289999961853027,9.390000343322754,406300,0.0,0.0,0.0
2023-03-06 00:00:00-05:00,9.4399995803833,9.6899995803833,9.109999656677246,9.149999618530273,407600,0.0,0.0,0.0
2023-03-07 00:00:00-05:00,9.069999694824219,9.350000381469727,9.029999732971191,9.180000305175781,448100,0.0,0.0,0.0
2023-03-08 00:00:00-05:00,9.460000038146973,9.680000305175781,9.460000038146973,9.600000381469727,407800,0.0,0.0,0.0
2023-03-09 00:00:00-05:00,10.0,10.050000190734863,9.850000381469727,9.920000076293945,599200,0.0,0.0,0.0
2023-03-10 00:00:00-05:00,10.039999961853027,10.270000457763672,10.039999961853027,10.1899995803833,414300,0.0,0.0,0.0
2023-03-13 00:00:00-04:00,10.390000343322754,10.4399995803833,10.199999809265137,10.260000228881836,313500,0.0,0.0,0.0
2023-03-14 00:00:00-04:00,10.520000457763672,10.720000267028809,10.460000038146973,10.569999694824219,400400,0.0,0.0,0.0
2023-03-15 00:00:00-04:00,10.039999961853027,10.119999885559082,9.505000114440918,9.6899995803833,902500,0.0,0.0,0.0
2023-03-16 00:00:00-04:00,9.699999809265137,9.979999542236328,9.649999618530273,9.979999542236328,330800,0.0,0.0,0.0
2023-03-17 00:00:00-04:00,9.9399995803833,10.0,9.795000076293945,9.970000267028809,288800,0.0,0.0,0.0
2023-03-20 00:00:00-04:00,9.680000305175781,9.710000038146973,9.442000389099121,9.5,456200,0.0,0.0,0.0
2023-03-21 00:00:00-04:00,9.239999771118164,9.329999923706055,9.119999885559082,9.3100004196167,362200,0.0,0.0,0.0
2023-03-22 00:00:00-04:00,9.100000381469727,9.539999961853027,9.100000381469727,9.489999771118164,291800,0.0,0.0,0.0
2023-03-23 00:00:00-04:00,9.890000343322754,10.199999809265137,9.880000114440918,10.1899995803833,293800,0.0,0.0,0.0
2023-03-24 00:00:00-04:00,9.779999732971191,9.880000114440918,9.60099983215332,9.760000228881836,259600,0.0,0.0,0.0
2023-03-27 00:00:00-04:00,9.5,9.619999885559082,9.430000305175781,9.449999809265137,152900,0.0,0.0,0.0
2023-03-28 00:00:00-04:00,9.289999961853027,9.515000343322754,9.239999771118164,9.460000038146973,132900,0.0,0.0,0.0
2023-03-29 00:00:00-04:00,9.859999656677246,10.09000015258789,9.859999656677246,10.020000457763672,277000,0.0,0.0,0.0
2023-03-30 00:00:00-04:00,9.710000038146973,9.9399995803833,9.569999694824219,9.649999618530273,195400,0.0,0.0,0.0
2023-03-31 00:00:00-04:00,9.829999923706055,10.100000381469727,9.829999923706055,10.100000381469727,136200,0.0,0.0,0.0
2023-04-03 00:00:00-04:00,10.020000457763672,10.100000381469727,9.930000305175781,10.010000228881836,148900,0.0,0.0,0.0
2023-04-04 00:00:00-04:00,10.199999809265137,10.350000381469727,10.199999809265137,10.3100004196167,196600,0.0,0.0,0.0
2023-04-05 00:00:00-04:00,10.300000190734863,10.300000190734863,10.020000457763672,10.020000457763672,80400,0.0,0.0,0.0
2023-04-06 00:00:00-04:00,9.84000015258789,9.864999771118164,9.680000305175781,9.8100004196167,524800,0.0,0.0,0.0
2023-04-10 00:00:00-04:00,9.699999809265137,10.0,9.680000305175781,9.90999984741211,298000,0.0,0.0,0.0
2023-04-11 00:00:00-04:00,9.539999961853027,9.539999961853027,9.210000038146973,9.279999732971191,366200,0.0,0.0,0.0
2023-04-12 00:00:00-04:00,9.350000381469727,9.470000267028809,9.21500015258789,9.40999984741211,358100,0.0,0.0,0.0
2023-04-13 00:00:00-04:00,9.210000038146973,9.399999618530273,9.130000114440918,9.369999885559082,162100,0.0,0.0,0.0
2023-04-14 00:00:00-04:00,9.34000015258789,9.359999656677246,9.170000076293945,9.1899995803833,493500,0.0,0.0,0.0
2023-04-17 00:00:00-04:00,9.100000381469727,9.109999656677246,8.949999809265137,8.960000038146973,377100,0.0,0.0,0.0
2023-04-18 00:00:00-04:00,8.770000457763672,8.770000457763672,8.34000015258789,8.619999885559082,700500,0.0,0.0,0.0
2023-04-19 00:00:00-04:00,9.0,9.199999809265137,9.0,9.15999984741211,194800,0.0,0.0,0.0
2023-04-20 00:00:00-04:00,9.199999809265137,9.300000190734863,9.170000076293945,9.25,65100,0.0,0.0,0.0
2023-04-21 00:00:00-04:00,9.270000457763672,9.270000457763672,9.100000381469727,9.15999984741211,56300,0.0,0.0,0.0
2023-04-24 00:00:00-04:00,8.850000381469727,8.850000381469727,8.720000267028809,8.779999732971191,177500,0.0,0.0,0.0
2023-04-25 00:00:00-04:00,8.800000190734863,8.800000190734863,8.699999809265137,8.760000228881836,222500,0.0,0.0,0.0
2023-04-26 00:00:00-04:00,8.770000457763672,8.854000091552734,8.770000457763672,8.819999694824219,108500,0.0,0.0,0.0
2023-04-27 00:00:00-04:00,9.069999694824219,9.074999809265137,8.789999961853027,8.850000381469727,157800,0.0,0.0,0.0
2023-04-28 00:00:00-04:00,8.789999961853027,8.789999961853027,8.654999732971191,8.760000228881836,127400,0.0,0.0,0.0
2023-05-01 00:00:00-04:00,8.880000114440918,9.050000190734863,8.710000038146973,8.779999732971191,124300,0.0,0.0,0.0
2023-05-02 00:00:00-04:00,8.520000457763672,8.520000457763672,8.229999542236328,8.279999732971191,286200,0.0,0.0,0.0
2023-05-03 00:00:00-04:00,8.319999694824219,8.5,8.319999694824219,8.449999809265137,231100,0.0,0.0,0.0
2023-05-04 00:00:00-04:00,8.130000114440918,8.130000114440918,7.804999828338623,7.929999828338623,563400,0.0,0.0,0.0
2023-05-05 00:00:00-04:00,8.239999771118164,8.319999694824219,8.180000305175781,8.300000190734863,69700,0.0,0.0,0.0
2023-05-08 00:00:00-04:00,8.390000343322754,8.399999618530273,8.300000190734863,8.350000381469727,233200,0.0,0.0,0.0
2023-05-09 00:00:00-04:00,8.949999809265137,8.989999771118164,8.881999969482422,8.989999771118164,233100,0.0,0.0,0.0
2023-05-10 00:00:00-04:00,8.539999961853027,8.75,8.510000228881836,8.600000381469727,87500,0.0,0.0,0.0
2023-05-11 00:00:00-04:00,8.069999694824219,8.15999984741211,8.010000228881836,8.09000015258789,191800,0.0,0.0,0.0
2023-05-12 00:00:00-04:00,7.71999979019165,7.741000175476074,7.650000095367432,7.71999979019165,280900,0.0,0.0,0.0
2023-05-15 00:00:00-04:00,7.400000095367432,7.400000095367432,7.093999862670898,7.289999961853027,364400,0.0,0.0,0.0
2023-05-16 00:00:00-04:00,7.360000133514404,7.409999847412109,7.199999809265137,7.21999979019165,188900,0.0,0.0,0.0
2023-05-17 00:00:00-04:00,7.150000095367432,7.269999980926514,7.070000171661377,7.21999979019165,311400,0.0,0.0,0.0
2023-05-18 00:00:00-04:00,7.460000038146973,7.519999980926514,7.400000095367432,7.489999771118164,132000,0.0,0.0,0.0
2023-05-19 00:00:00-04:00,7.309999942779541,7.440000057220459,7.309999942779541,7.409999847412109,62800,0.0,0.0,0.0
2023-05-22 00:00:00-04:00,7.389999866485596,7.400000095367432,7.28000020980835,7.389999866485596,100000,0.0,0.0,0.0
2023-05-23 00:00:00-04:00,7.130000114440918,7.150000095367432,7.050000190734863,7.090000152587891,181100,0.0,0.0,0.0
2023-05-24 00:00:00-04:00,6.639999866485596,6.639999866485596,6.489999771118164,6.559999942779541,668100,0.0,0.0,0.0
2023-05-25 00:00:00-04:00,6.230000019073486,6.480000019073486,6.150000095367432,6.440000057220459,494800,0.0,0.0,0.0
2023-05-26 00:00:00-04:00,6.440000057220459,6.607999801635742,6.440000057220459,6.570000171661377,204900,0.0,0.0,0.0
2023-05-30 00:00:00-04:00,6.28000020980835,6.309999942779541,6.039999961853027,6.079999923706055,515800,0.0,0.0,0.0
2023-05-31 00:00:00-04:00,5.630000114440918,5.789999961853027,5.579999923706055,5.78000020980835,841400,0.0,0.0,0.0
2023-06-01 00:00:00-04:00,5.829999923706055,5.849999904632568,5.789999961853027,5.840000152587891,314300,0.0,0.0,0.0
2023-06-02 00:00:00-04:00,6.099999904632568,6.190000057220459,6.090000152587891,6.139999866485596,295800,0.0,0.0,0.0
2023-06-05 00:00:00-04:00,6.579999923706055,6.614999771118164,6.449999809265137,6.550000190734863,192000,0.0,0.0,0.0
2023-06-06 00:00:00-04:00,6.650000095367432,6.660999774932861,6.5,6.550000190734863,242700,0.0,0.0,0.0
2023-06-07 00:00:00-04:00,6.150000095367432,6.159999847412109,6.065000057220459,6.139999866485596,320900,0.0,0.0,0.0
2023-06-08 00:00:00-04:00,6.199999809265137,6.429999828338623,6.170000076293945,6.369999885559082,315300,0.0,0.0,0.0
2023-06-09 00:00:00-04:00,6.349999904632568,6.380000114440918,6.291999816894531,6.329999923706055,141500,0.0,0.0,0.0
2023-06-12 00:00:00-04:00,6.090000152587891,6.230000019073486,6.039999961853027,6.190000057220459,205400,0.0,0.0,0.0
2023-06-13 00:00:00-04:00,6.329999923706055,6.380000114440918,6.2210001945495605,6.300000190734863,309600,0.0,0.0,0.0
2023-06-14 00:00:00-04:00,6.460000038146973,6.480000019073486,6.369999885559082,6.400000095367432,258100,0.0,0.0,0.0
2023-06-15 00:00:00-04:00,6.400000095367432,6.619999885559082,6.25,6.340000152587891,274300,0.0,0.0,0.0
2023-06-16 00:00:00-04:00,6.170000076293945,6.170000076293945,6.050000190734863,6.139999866485596,408700,0.0,0.0,0.0
2023-06-20 00:00:00-04:00,6.079999923706055,6.159999847412109,5.988999843597412,6.159999847412109,268500,0.0,0.0,0.0
2023-06-21 00:00:00-04:00,6.119999885559082,6.179999828338623,6.019999980926514,6.119999885559082,339800,0.0,0.0,0.0
2023-06-22 00:00:00-04:00,6.190000057220459,6.210999965667725,6.159999847412109,6.170000076293945,164200,0.0,0.0,0.0
2023-06-23 00:00:00-04:00,6.159999847412109,6.178999900817871,6.054999828338623,6.159999847412109,131600,0.0,0.0,0.0
2023-06-26 00:00:00-04:00,5.980000019073486,6.0,5.849999904632568,5.920000076293945,291700,0.0,0.0,0.0
2023-06-27 00:00:00-04:00,5.650000095367432,5.71999979019165,5.579999923706055,5.659999847412109,544400,0.0,0.0,0.0
2023-06-28 00:00:00-04:00,5.599999904632568,5.599999904632568,5.480999946594238,5.570000171661377,299100,0.0,0.0,0.0
2023-06-29 00:00:00-04:00,5.570000171661377,5.710000038146973,5.560999870300293,5.610000133514404,385200,0.0,0.0,0.0
2023-06-30 00:00:00-04:00,5.610000133514404,5.610000133514404,5.539999961853027,5.550000190734863,721200,0.0,0.0,0.0
2023-07-03 00:00:00-04:00,5.309999942779541,5.309999942779541,5.170000076293945,5.170000076293945,375900,0.0,0.0,0.0
2023-07-05 00:00:00-04:00,4.949999809265137,5.079999923706055,4.880000114440918,5.050000190734863,654900,0.0,0.0,0.0
2023-07-06 00:00:00-04:00,5.099999904632568,5.329999923706055,4.949999809265137,5.199999809265137,459100,0.0,0.0,0.0
2023-07-07 00:00:00-04:00,5.070000171661377,5.079999923706055,5.0,5.010000228881836,231500,0.0,0.0,0.0
2023-07-10 00:00:00-04:00,5.099999904632568,5.130000114440918,4.949999809265137,5.039999961853027,301200,0.0,0.0,0.0
2023-07-11 00:00:00-04:00,5.199999809265137,5.289999961853027,4.949999809265137,5.21999979019165,228000,0.0,0.0,0.0
2023-07-12 00:00:00-04:00,5.400000095367432,5.480000019073486,5.28000020980835,5.369999885559082,452400,0.0,0.0,0.0
2023-07-13 00:00:00-04:00,5.210000038146973,5.210000038146973,5.144999980926514,5.170000076293945,370600,0.0,0.0,0.0
2023-07-14 00:00:00-04:00,5.150000095367432,5.150000095367432,5.050000190734863,5.079999923706055,141900,0.0,0.0,0.0
2023-07-17 00:00:00-04:00,4.869999885559082,4.934000015258789,4.809999942779541,4.840000152587891,696400,0.0,0.0,0.0
2023-07-18 00:00:00-04:00,4.760000228881836,4.78000020980835,4.585000038146973,4.610000133514404,632300,0.0,0.0,0.0
2023-07-19 00:00:00-04:00,4.599999904632568,4.599999904632568,4.480000019073486,4.5,631000,0.0,0.0,0.0
2023-07-20 00:00:00-04:00,4.630000114440918,4.78000020980835,4.559999942779541,4.730000019073486,1202700,0.0,0.0,0.0
2023-07-21 00:00:00-04:00,4.75,4.769999980926514,4.710000038146973,4.730000019073486,537400,0.0,0.0,0.0
2023-07-24 00:00:00-04:00,4.659999847412109,4.670000076293945,4.489999771118164,4.559999942779541,564100,0.0,0.0,0.0
2023-07-25 00:00:00-04:00,4.599999904632568,4.829999923706055,4.599999904632568,4.789999961853027,875300,0.0,0.0,0.0
2023-07-26 00:00:00-04:00,4.949999809265137,5.0,4.869999885559082,4.869999885559082,834400,0.0,0.0,0.0
2023-07-27 00:00:00-04:00,4.880000114440918,4.949999809265137,4.730000019073486,4.800000190734863,338800,0.0,0.0,0.0
2023-07-28 00:00:00-04:00,4.71999979019165,4.800000190734863,4.699999809265137,4.760000228881836,296700,0.0,0.0,0.0
2023-07-31 00:00:00-04:00,4.909999847412109,4.949999809265137,4.889999866485596,4.949999809265137,325200,0.0,0.0,0.0
2023-08-01 00:00:00-04:00,4.949999809265137,5.039999961853027,4.929999828338623,4.949999809265137,289700,0.0,0.0,0.0
2023-08-02 00:00:00-04:00,4.909999847412109,4.909999847412109,4.769999980926514,4.820000171661377,384300,0.0,0.0,0.0
2023-08-03 00:00:00-04:00,4.849999904632568,4.900000095367432,4.849999904632568,4.889999866485596,91200,0.0,0.0,0.0
2023-08-04 00:00:00-04:00,4.889999866485596,4.90500020980835,4.843999862670898,4.889999866485596,228400,0.0,0.0,0.0
2023-08-07 00:00:00-04:00,4.920000076293945,5.25,4.915999889373779,5.210000038146973,491500,0.0,0.0,0.0
2023-08-08 00:00:00-04:00,5.130000114440918,5.130000114440918,4.989999771118164,5.070000171661377,289800,0.0,0.0,0.0
2023-08-09 00:00:00-04:00,5.110000133514404,5.110000133514404,5.03000020980835,5.059999942779541,112700,0.0,0.0,0.0
2023-08-10 00:00:00-04:00,5.130000114440918,5.239999771118164,5.130000114440918,5.21999979019165,245700,0.0,0.0,0.0
2023-08-11 00:00:00-04:00,5.28000020980835,5.369999885559082,5.230999946594238,5.329999923706055,195400,0.0,0.0,0.0
2023-08-14 00:00:00-04:00,5.300000190734863,5.380000114440918,5.300000190734863,5.340000152587891,173400,0.0,0.0,0.0
2023-08-15 00:00:00-04:00,5.53000020980835,5.609000205993652,5.53000020980835,5.590000152587891,545700,0.0,0.0,0.0
2023-08-16 00:00:00-04:00,5.889999866485596,5.889999866485596,5.610000133514404,5.659999847412109,808000,0.0,0.0,0.0
2023-08-17 00:00:00-04:00,5.599999904632568,5.599999904632568,5.429999828338623,5.449999809265137,388800,0.0,0.0,0.0
2023-08-18 00:00:00-04:00,5.329999923706055,5.349999904632568,5.25,5.329999923706055,328200,0.0,0.0,0.0
2023-08-21 00:00:00-04:00,5.170000076293945,5.170000076293945,5.019999980926514,5.090000152587891,408900,0.0,0.0,0.0
2023-08-22 00:00:00-04:00,4.989999771118164,4.989999771118164,4.920000076293945,4.940000057220459,189900,0.0,0.0,0.0
2023-08-23 00:00:00-04:00,4.860000133514404,4.889999866485596,4.760000228881836,4.829999923706055,359000,0.0,0.0,0.0
2023-08-24 00:00:00-04:00,5.0,5.059999942779541,4.980000019073486,5.059999942779541,222400,0.0,0.0,0.0
2023-08-25 00:00:00-04:00,5.019999980926514,5.019999980926514,4.900000095367432,4.940000057220459,171300,0.0,0.0,0.0
2023-08-28 00:00:00-04:00,4.940000057220459,5.050000190734863,4.940000057220459,4.96999979019165,93000,0.0,0.0,0.0
2023-08-29 00:00:00-04:00,5.199999809265137,5.230000019073486,5.050000190734863,5.050000190734863,181400,0.0,0.0,0.0
2023-08-30 00:00:00-04:00,4.96999979019165,4.96999979019165,4.869999885559082,4.880000114440918,231600,0.0,0.0,0.0
2023-08-31 00:00:00-04:00,4.880000114440918,4.929999828338623,4.880000114440918,4.889999866485596,150200,0.0,0.0,0.0
2023-09-01 00:00:00-04:00,4.849999904632568,4.889999866485596,4.849999904632568,4.860000133514404,171000,0.0,0.0,0.0
2023-09-05 00:00:00-04:00,4.869999885559082,4.940000057220459,4.860000133514404,4.900000095367432,149700,0.0,0.0,0.0
2023-09-06 00:00:00-04:00,5.0,5.0879998207092285,4.974999904632568,5.070000171661377,143900,0.0,0.0,0.0
2023-09-07 00:00:00-04:00,5.21999979019165,5.329999923706055,5.150000095367432,5.239999771118164,243400,0.0,0.0,0.0
2023-09-08 00:00:00-04:00,5.380000114440918,5.380000114440918,5.28000020980835,5.300000190734863,159300,0.0,0.0,0.0
2023-09-11 00:00:00-04:00,5.190000057220459,5.190000057220459,5.070000171661377,5.099999904632568,298800,0.0,0.0,0.0
2023-09-12 00:00:00-04:00,5.260000228881836,5.295000076293945,5.21999979019165,5.269999980926514,199700,0.0,0.0,0.0
2023-09-13 00:00:00-04:00,5.360000133514404,5.380000114440918,5.28000020980835,5.300000190734863,287000,0.0,0.0,0.0
2023-09-14 00:00:00-04:00,5.380000114440918,5.460000038146973,5.36299991607666,5.460000038146973,204600,0.0,0.0,0.0
2023-09-15 00:00:00-04:00,5.510000228881836,5.53000020980835,5.449999809265137,5.480000019073486,111100,0.0,0.0,0.0
2023-09-18 00:00:00-04:00,5.639999866485596,5.695000171661377,5.629000186920166,5.670000076293945,308800,0.0,0.0,0.0
2023-09-19 00:00:00-04:00,5.75,5.820000171661377,5.690000057220459,5.699999809265137,746900,0.0,0.0,0.0
2023-09-20 00:00:00-04:00,5.570000171661377,5.570000171661377,5.420000076293945,5.460000038146973,225500,0.0,0.0,0.0
2023-09-21 00:00:00-04:00,5.409999847412109,5.409999847412109,5.340000152587891,5.369999885559082,242000,0.0,0.0,0.0
2023-09-22 00:00:00-04:00,5.539999961853027,5.599999904632568,5.519999980926514,5.53000020980835,174700,0.0,0.0,0.0
2023-09-25 00:00:00-04:00,5.610000133514404,5.650000095367432,5.554999828338623,5.590000152587891,195400,0.0,0.0,0.0
2023-09-26 00:00:00-04:00,5.599999904632568,5.650000095367432,5.519999980926514,5.539999961853027,152200,0.0,0.0,0.0
2023-09-27 00:00:00-04:00,5.5,5.650000095367432,5.46999979019165,5.53000020980835,733200,0.0,0.0,0.0
2023-09-28 00:00:00-04:00,5.329999923706055,5.369999885559082,5.230000019073486,5.369999885559082,295000,0.0,0.0,0.0
2023-09-29 00:00:00-04:00,5.489999771118164,5.489999771118164,5.420000076293945,5.489999771118164,184600,0.0,0.0,0.0
2023-10-02 00:00:00-04:00,5.619999885559082,5.639999866485596,5.570000171661377,5.630000114440918,580600,0.0,0.0,0.0
2023-10-03 00:00:00-04:00,5.690000057220459,5.710000038146973,5.550000190734863,5.590000152587891,353800,0.0,0.0,0.0
2023-10-04 00:00:00-04:00,5.539999961853027,5.650000095367432,5.489999771118164,5.550000190734863,238200,0.0,0.0,0.0
2023-10-05 00:00:00-04:00,5.690000057220459,5.75,5.670000076293945,5.75,299200,0.0,0.0,0.0
2023-10-06 00:00:00-04:00,5.849999904632568,5.980000019073486,5.809999942779541,5.909999847412109,553900,0.0,0.0,0.0
2023-10-09 00:00:00-04:00,6.050000190734863,6.079999923706055,5.920000076293945,5.96999979019165,238000,0.0,0.0,0.0
2023-10-10 00:00:00-04:00,5.739999771118164,5.78000020980835,5.579999923706055,5.670000076293945,237200,0.0,0.0,0.0
2023-10-11 00:00:00-04:00,5.659999847412109,5.78000020980835,5.639999866485596,5.78000020980835,254900,0.0,0.0,0.0
2023-10-12 00:00:00-04:00,5.659999847412109,5.684999942779541,5.570000171661377,5.599999904632568,272000,0.0,0.0,0.0
2023-10-13 00:00:00-04:00,5.599999904632568,5.875,5.599999904632568,5.869999885559082,498100,0.0,0.0,0.0
2023-10-16 00:00:00-04:00,5.869999885559082,5.869999885559082,5.769999980926514,5.809999942779541,140700,0.0,0.0,0.0
2023-10-17 00:00:00-04:00,5.96999979019165,6.090000152587891,5.96999979019165,6.090000152587891,347300,0.0,0.0,0.0
2023-10-18 00:00:00-04:00,5.949999809265137,5.949999809265137,5.809999942779541,5.829999923706055,165900,0.0,0.0,0.0
2023-10-19 00:00:00-04:00,5.690000057220459,5.730000019073486,5.599999904632568,5.670000076293945,288300,0.0,0.0,0.0
2023-10-20 00:00:00-04:00,5.75,5.78000020980835,5.710000038146973,5.760000228881836,198500,0.0,0.0,0.0
2023-10-23 00:00:00-04:00,5.599999904632568,5.650000095367432,5.46999979019165,5.539999961853027,766600,0.0,0.0,0.0
2023-10-24 00:00:00-04:00,5.449999809265137,5.449999809265137,5.320000171661377,5.409999847412109,425700,0.0,0.0,0.0
2023-10-25 00:00:00-04:00,5.300000190734863,5.369999885559082,5.25,5.289999961853027,327200,0.0,0.0,0.0
2023-10-26 00:00:00-04:00,5.099999904632568,5.239999771118164,5.074999809265137,5.179999828338623,393700,0.0,0.0,0.0
2023-10-27 00:00:00-04:00,5.070000171661377,5.119999885559082,5.039999961853027,5.059999942779541,128500,0.0,0.0,0.0
2023-10-30 00:00:00-04:00,4.980000019073486,4.980000019073486,4.860000133514404,4.940000057220459,245100,0.0,0.0,0.0
2023-10-31 00:00:00-04:00,5.0,5.090000152587891,4.960000038146973,5.010000228881836,143000,0.0,0.0,0.0
2023-11-01 00:00:00-04:00,4.860000133514404,4.860000133514404,4.789999961853027,4.800000190734863,175000,0.0,0.0,0.0
2023-11-02 00:00:00-04:00,5.0,5.090000152587891,4.940000057220459,5.010000228881836,237500,0.0,0.0,0.0
2023-11-03 00:00:00-04:00,5.170000076293945,5.230000019073486,5.130000114440918,5.150000095367432,132800,0.0,0.0,0.0
2023-11-06 00:00:00-05:00,5.260000228881836,5.28000020980835,5.190000057220459,5.269999980926514,100400,0.0,0.0,0.0
2023-11-07 00:00:00-05:00,5.199999809265137,5.230000019073486,5.159999847412109,5.199999809265137,75800,0.0,0.0,0.0
2023-11-08 00:00:00-05:00,5.28000020980835,5.400000095367432,5.275000095367432,5.400000095367432,273600,0.0,0.0,0.0
2023-11-09 00:00:00-05:00,5.579999923706055,5.800000190734863,5.579999923706055,5.800000190734863,442500,0.0,0.0,0.0
2023-11-10 00:00:00-05:00,5.800000190734863,5.800000190734863,5.668000221252441,5.699999809265137,62200,0.0,0.0,0.0
2023-11-13 00:00:00-05:00,5.809999942779541,5.980000019073486,5.809999942779541,5.949999809265137,413200,0.0,0.0,0.0
2023-11-14 00:00:00-05:00,5.96999979019165,5.96999979019165,5.909999847412109,5.929999828338623,122300,0.0,0.0,0.0
2023-11-15 00:00:00-05:00,6.119999885559082,6.210000038146973,6.070000171661377,6.150000095367432,301900,0.0,0.0,0.0
2023-11-16 00:00:00-05:00,6.429999828338623,6.4679999351501465,6.349999904632568,6.440000057220459,449300,0.0,0.0,0.0
2023-11-17 00:00:00-05:00,6.449999809265137,6.460000038146973,6.389999866485596,6.420000076293945,87000,0.0,0.0,0.0
2023-11-20 00:00:00-05:00,6.409999847412109,6.460000038146973,6.400000095367432,6.420000076293945,129000,0.0,0.0,0.0
2023-11-21 00:00:00-05:00,6.5,6.639999866485596,6.449999809265137,6.550000190734863,252900,0.0,0.0,0.0
2023-11-22 00:00:00-05:00,6.599999904632568,6.679999828338623,6.539999961853027,6.619999885559082,111800,0.0,0.0,0.0
2023-11-24 00:00:00-05:00,7.260000228881836,7.599999904632568,7.019999980926514,7.519999980926514,870300,0.0,0.0,0.0
2023-11-27 00:00:00-05:00,7.710000038146973,7.849999904632568,7.650000095367432,7.769999980926514,442000,0.0,0.0,0.0
2023-11-28 00:00:00-05:00,7.829999923706055,7.849999904632568,7.659999847412109,7.800000190734863,325100,0.0,0.0,0.0
2023-11-29 00:00:00-05:00,8.300000190734863,8.75,8.255000114440918,8.710000038146973,570400,0.0,0.0,0.0
2023-11-30 00:00:00-05:00,9.479999542236328,9.479999542236328,8.899999618530273,9.329999923706055,840400,0.0,0.0,0.0
2023-12-01 00:00:00-05:00,9.619999885559082,10.149999618530273,9.619999885559082,10.039999961853027,928000,0.0,0.0,0.0
2023-12-04 00:00:00-05:00,9.619999885559082,9.720000267028809,8.970000267028809,9.34000015258789,1482400,0.0,0.0,0.0
2023-12-05 00:00:00-05:00,7.559999942779541,8.489999771118164,7.269999980926514,8.300000190734863,813100,0.0,0.0,0.0
2023-12-06 00:00:00-05:00,7.909999847412109,8.350000381469727,7.820000171661377,8.229999542236328,394800,0.0,0.0,0.0
2023-12-07 00:00:00-05:00,7.900000095367432,8.5,7.820000171661377,8.34000015258789,305500,0.0,0.0,0.0
2023-12-08 00:00:00-05:00,8.65999984741211,8.699999809265137,8.581000328063965,8.699999809265137,202600,0.0,0.0,0.0
2023-12-11 00:00:00-05:00,8.800000190734863,8.800000190734863,8.510000228881836,8.600000381469727,180000,0.0,0.0,0.0
2023-12-12 00:00:00-05:00,8.770000457763672,9.489999771118164,8.699999809265137,9.4399995803833,547900,0.0,0.0,0.0
2023-12-13 00:00:00-05:00,8.850000381469727,8.989999771118164,8.807999610900879,8.869999885559082,139300,0.0,0.0,0.0
2023-12-14 00:00:00-05:00,9.170000076293945,9.25,9.109999656677246,9.239999771118164,230100,0.0,0.0,0.0
2023-12-15 00:00:00-05:00,9.470000267028809,9.989999771118164,9.470000267028809,9.920000076293945,351300,0.0,0.0,0.0
2023-12-18 00:00:00-05:00,10.390000343322754,10.729999542236328,10.319999694824219,10.600000381469727,456000,0.0,0.0,0.0
2023-12-19 00:00:00-05:00,10.300000190734863,10.300000190734863,9.510000228881836,9.779999732971191,319300,0.0,0.0,0.0
2023-12-20 00:00:00-05:00,9.890000343322754,10.119000434875488,9.809000015258789,10.039999961853027,173900,0.0,0.0,0.0
2023-12-21 00:00:00-05:00,10.15999984741211,10.15999984741211,9.90999984741211,9.970000267028809,263200,0.0,0.0,0.0
2023-12-22 00:00:00-05:00,10.149999618530273,10.609999656677246,10.09000015258789,10.4399995803833,317500,0.0,0.0,0.0
2023-12-26 00:00:00-05:00,10.420000076293945,10.470000267028809,10.350000381469727,10.399999618530273,193000,0.0,0.0,0.0
2023-12-27 00:00:00-05:00,10.630000114440918,10.930000305175781,10.630000114440918,10.869999885559082,267300,0.0,0.0,0.0
2023-12-28 00:00:00-05:00,11.100000381469727,11.6899995803833,11.09000015258789,11.649999618530273,343500,0.0,0.0,0.0
2023-12-29 00:00:00-05:00,11.729999542236328,11.779999732971191,11.550000190734863,11.5600004196167,169000,0.0,0.0,0.0
2024-01-02 00:00:00-05:00,11.399999618530273,11.399999618530273,10.354999542236328,10.619999885559082,485700,0.0,0.0,0.0
2024-01-03 00:00:00-05:00,10.600000381469727,10.600000381469727,9.930000305175781,10.140000343322754,366400,0.0,0.0,0.0
2024-01-04 00:00:00-05:00,10.479999542236328,11.0,10.414999961853027,10.899999618530273,209500,0.0,0.0,0.0
2024-01-05 00:00:00-05:00,10.800000190734863,10.829999923706055,10.520000457763672,10.609999656677246,124400,0.0,0.0,0.0
2024-01-08 00:00:00-05:00,9.75,9.878000259399414,9.581999778747559,9.609999656677246,250800,0.0,0.0,0.0
2024-01-09 00:00:00-05:00,9.109999656677246,9.175999641418457,9.0,9.0,436400,0.0,0.0,0.0
2024-01-10 00:00:00-05:00,9.260000228881836,9.609999656677246,9.260000228881836,9.550000190734863,221800,0.0,0.0,0.0
2024-01-11 00:00:00-05:00,9.430000305175781,9.5,9.3100004196167,9.4399995803833,199600,0.0,0.0,0.0
2024-01-12 00:00:00-05:00,9.569999694824219,9.600000381469727,9.430000305175781,9.5,85800,0.0,0.0,0.0
2024-01-16 00:00:00-05:00,9.579999923706055,9.899999618530273,9.539999961853027,9.770000457763672,224900,0.0,0.0,0.0
2024-01-17 00:00:00-05:00,10.0,10.32699966430664,9.949999809265137,10.0600004196167,279900,0.0,0.0,0.0
2024-01-18 00:00:00-05:00,10.880000114440918,11.300000190734863,10.760000228881836,11.1899995803833,336700,0.0,0.0,0.0
2024-01-19 00:00:00-05:00,11.109999656677246,11.23799991607666,11.010000228881836,11.050000190734863,163800,0.0,0.0,0.0
2024-01-22 00:00:00-05:00,10.8100004196167,10.8100004196167,10.430000305175781,10.430000305175781,209200,0.0,0.0,0.0
2024-01-23 00:00:00-05:00,10.449999809265137,10.779999732971191,10.449999809265137,10.720000267028809,200100,0.0,0.0,0.0
2024-01-24 00:00:00-05:00,11.140000343322754,11.869999885559082,11.140000343322754,11.75,413200,0.0,0.0,0.0
2024-01-25 00:00:00-05:00,11.289999961853027,11.413999557495117,11.100000381469727,11.100000381469727,211900,0.0,0.0,0.0
2024-01-26 00:00:00-05:00,11.0600004196167,11.210000038146973,11.050000190734863,11.0600004196167,101400,0.0,0.0,0.0
2024-01-29 00:00:00-05:00,10.680000305175781,10.949999809265137,10.630000114440918,10.75,364300,0.0,0.0,0.0
2024-01-30 00:00:00-05:00,10.850000381469727,11.0600004196167,10.8100004196167,10.979999542236328,193900,0.0,0.0,0.0
2024-01-31 00:00:00-05:00,11.100000381469727,11.300000190734863,11.0,11.239999771118164,134900,0.0,0.0,0.0
2024-02-01 00:00:00-05:00,11.0600004196167,11.25,11.0,11.109999656677246,137800,0.0,0.0,0.0
2024-02-02 00:00:00-05:00,11.119999885559082,11.279999732971191,11.119999885559082,11.170000076293945,65500,0.0,0.0,0.0
2024-02-05 00:00:00-05:00,11.789999961853027,11.970000267028809,11.770000457763672,11.8100004196167,223000,0.0,0.0,0.0
2024-02-06 00:00:00-05:00,12.5,12.65999984741211,12.460000038146973,12.640000343322754,251500,0.0,0.0,0.0
2024-02-07 00:00:00-05:00,12.1899995803833,12.199999809265137,11.649999618530273,11.800000190734863,275300,0.0,0.0,0.0
2024-02-08 00:00:00-05:00,12.270000457763672,12.640000343322754,12.199999809265137,12.550000190734863,414900,0.0,0.0,0.0
2024-02-09 00:00:00-05:00,12.680000305175781,12.770000457763672,12.260000228881836,12.350000381469727,139100,0.0,0.0,0.0
2024-02-12 00:00:00-05:00,12.449999809265137,12.5,12.229999542236328,12.5,84600,0.0,0.0,0.0
2024-02-13 00:00:00-05:00,12.770000457763672,12.770000457763672,12.204999923706055,12.260000228881836,90200,0.0,0.0,0.0
2024-02-14 00:00:00-05:00,12.5,12.960000038146973,12.454000473022461,12.75,129600,0.0,0.0,0.0
2024-02-15 00:00:00-05:00,12.739999771118164,12.899999618530273,12.739999771118164,12.789999961853027,80500,0.0,0.0,0.0
2024-02-16 00:00:00-05:00,12.949999809265137,12.949999809265137,12.800000190734863,12.819999694824219,48300,0.0,0.0,0.0
2024-02-20 00:00:00-05:00,12.760000228881836,12.760000228881836,12.5,12.5,85400,0.0,0.0,0.0
2024-02-21 00:00:00-05:00,12.899999618530273,13.050000190734863,12.800000190734863,12.949999809265137,113400,0.0,0.0,0.0
2024-02-22 00:00:00-05:00,13.34000015258789,13.800000190734863,13.34000015258789,13.510000228881836,191600,0.0,0.0,0.0
2024-02-23 00:00:00-05:00,14.119999885559082,14.399999618530273,14.020000457763672,14.336999893188477,189500,0.0,0.0,0.0
2024-02-26 00:00:00-05:00,13.930000305175781,13.930000305175781,13.569999694824219,13.732999801635742,220300,0.0,0.0,0.0
2024-02-27 00:00:00-05:00,14.1899995803833,14.5,14.1899995803833,14.449999809265137,136200,0.0,0.0,0.0
2024-02-28 00:00:00-05:00,15.109999656677246,15.300000190734863,14.930000305175781,15.029999732971191,183100,0.0,0.0,0.0
2024-02-29 00:00:00-05:00,15.239999771118164,15.270000457763672,14.979999542236328,15.25,189600,0.0,0.0,0.0
2024-03-01 00:00:00-05:00,15.9399995803833,16.299999237060547,15.600000381469727,16.100000381469727,263700,0.0,0.0,0.0
2024-03-04 00:00:00-05:00,16.489999771118164,16.5,16.100000381469727,16.229999542236328,215900,0.0,0.0,0.0
2024-03-05 00:00:00-05:00,15.579999923706055,15.75,15.199999809265137,15.75,392400,0.0,0.0,0.0
2024-03-06 00:00:00-05:00,15.0,15.680000305175781,14.850000381469727,15.569999694824219,273300,0.0,0.0,0.0
2024-03-07 00:00:00-05:00,16.3799991607666,16.450000762939453,16.079999923706055,16.43000030517578,171400,0.0,0.0,0.0
2024-03-08 00:00:00-05:00,16.700000762939453,16.989999771118164,16.649999618530273,16.84000015258789,141000,0.0,0.0,0.0
2024-03-11 00:00:00-04:00,16.299999237060547,16.450000762939453,15.800999641418457,16.040000915527344,151600,0.0,0.0,0.0
2024-03-12 00:00:00-04:00,16.43000030517578,16.610000610351562,16.224000930786133,16.479999542236328,228800,0.0,0.0,0.0
2024-03-13 00:00:00-04:00,16.639999389648438,16.649999618530273,16.1200008392334,16.25,121700,0.0,0.0,0.0
2024-03-14 00:00:00-04:00,16.139999389648438,16.270000457763672,15.899999618530273,16.059999465942383,163000,0.0,0.0,0.0
2024-03-15 00:00:00-04:00,16.100000381469727,16.100000381469727,15.5600004196167,15.6899995803833,204500,0.0,0.0,0.0
2024-03-18 00:00:00-04:00,16.549999237060547,16.799999237060547,16.1200008392334,16.190000534057617,262300,0.0,0.0,0.0
2024-03-19 00:00:00-04:00,15.729999542236328,15.819999694824219,15.050000190734863,15.489999771118164,732100,0.0,0.0,0.0
2024-03-20 00:00:00-04:00,14.859999656677246,14.859999656677246,14.420000076293945,14.680000305175781,599700,0.0,0.0,0.0
2024-03-21 00:00:00-04:00,15.390000343322754,15.470000267028809,15.079999923706055,15.270000457763672,513800,0.0,0.0,0.0
2024-03-22 00:00:00-04:00,15.0,15.010000228881836,14.710000038146973,14.729999542236328,190400,0.0,0.0,0.0
2024-03-25 00:00:00-04:00,13.989999771118164,14.100000381469727,13.880999565124512,14.069999694824219,311400,0.0,0.0,0.0
2024-03-26 00:00:00-04:00,13.109999656677246,13.380000114440918,12.859999656677246,13.380000114440918,859000,0.0,0.0,0.0
2024-03-27 00:00:00-04:00,12.949999809265137,13.489999771118164,12.920000076293945,13.350000381469727,384400,0.0,0.0,0.0
2024-03-28 00:00:00-04:00,13.760000228881836,13.880000114440918,13.614999771118164,13.859999656677246,476300,0.0,0.0,0.0
2024-04-01 00:00:00-04:00,13.9399995803833,14.045000076293945,13.760000228881836,13.890000343322754,241700,0.0,0.0,0.0
2024-04-02 00:00:00-04:00,12.899999618530273,12.970000267028809,12.640000343322754,12.699999809265137,241800,0.0,0.0,0.0
2024-04-03 00:00:00-04:00,13.329999923706055,13.460000038146973,13.170000076293945,13.319999694824219,215900,0.0,0.0,0.0
2024-04-04 00:00:00-04:00,13.079999923706055,13.079999923706055,12.380000114440918,12.710000038146973,165400,0.0,0.0,0.0
2024-04-05 00:00:00-04:00,12.6899995803833,12.90999984741211,12.5600004196167,12.850000381469727,114400,0.0,0.0,0.0
2024-04-08 00:00:00-04:00,12.84000015258789,12.84000015258789,12.319999694824219,12.510000228881836,169800,0.0,0.0,0.0
2024-04-09 00:00:00-04:00,12.670000076293945,12.899999618530273,12.40999984741211,12.779999732971191,296500,0.0,0.0,0.0
2024-04-10 00:00:00-04:00,13.300000190734863,13.609999656677246,13.300000190734863,13.5,337900,0.0,0.0,0.0
2024-04-11 00:00:00-04:00,13.800000190734863,14.0,13.5,13.539999961853027,160200,0.0,0.0,0.0
2024-04-12 00:00:00-04:00,13.699999809265137,13.770000457763672,13.510000228881836,13.670000076293945,132200,0.0,0.0,0.0
2024-04-15 00:00:00-04:00,13.489999771118164,13.6899995803833,13.199999809265137,13.5600004196167,125800,0.0,0.0,0.0
2024-04-16 00:00:00-04:00,13.600000381469727,13.739999771118164,13.359999656677246,13.399999618530273,84200,0.0,0.0,0.0
2024-04-17 00:00:00-04:00,13.920000076293945,13.920000076293945,13.779999732971191,13.8100004196167,128500,0.0,0.0,0.0
2024-04-18 00:00:00-04:00,13.699999809265137,13.699999809265137,13.399999618530273,13.430000305175781,135300,0.0,0.0,0.0
2024-04-19 00:00:00-04:00,13.5,13.699000358581543,13.5,13.609999656677246,89200,0.0,0.0,0.0
2024-04-22 00:00:00-04:00,13.15999984741211,13.395000457763672,12.899999618530273,13.029999732971191,594900,0.0,0.0,0.0
2024-04-23 00:00:00-04:00,13.039999961853027,13.399999618530273,13.039999961853027,13.399999618530273,180500,0.0,0.0,0.0
2024-04-24 00:00:00-04:00,13.100000381469727,13.260000228881836,12.869999885559082,13.15999984741211,423400,0.0,0.0,0.0
2024-04-25 00:00:00-04:00,12.829999923706055,13.114999771118164,12.770000457763672,13.020000457763672,149800,0.0,0.0,0.0
2024-04-26 00:00:00-04:00,12.819999694824219,12.918999671936035,12.65999984741211,12.819999694824219,119300,0.0,0.0,0.0
2024-04-29 00:00:00-04:00,12.5,12.649999618530273,12.430000305175781,12.600000381469727,147700,0.0,0.0,0.0
2024-04-30 00:00:00-04:00,12.960000038146973,12.960000038146973,12.640000343322754,12.710000038146973,289000,0.0,0.0,0.0
2024-05-01 00:00:00-04:00,12.550000190734863,12.770000457763672,12.510000228881836,12.6899995803833,77900,0.0,0.0,0.0
2024-05-02 00:00:00-04:00,13.100000381469727,13.510000228881836,13.079999923706055,13.460000038146973,227000,0.0,0.0,0.0
2024-05-03 00:00:00-04:00,13.520000457763672,13.75,13.420000076293945,13.449999809265137,77900,0.0,0.0,0.0
2024-05-06 00:00:00-04:00,13.529999732971191,13.75,13.510000228881836,13.569999694824219,67500,0.0,0.0,0.0
2024-05-07 00:00:00-04:00,14.210000038146973,14.600000381469727,14.149999618530273,14.600000381469727,209500,0.0,0.0,0.0
2024-05-08 00:00:00-04:00,14.210000038146973,14.239999771118164,13.760000228881836,13.930000305175781,255300,0.0,0.0,0.0
2024-05-09 00:00:00-04:00,13.720000267028809,13.8100004196167,13.538999557495117,13.65999984741211,157700,0.0,0.0,0.0
2024-05-10 00:00:00-04:00,13.59000015258789,13.8100004196167,13.59000015258789,13.739999771118164,52400,0.0,0.0,0.0
2024-05-13 00:00:00-04:00,13.329999923706055,13.329999923706055,13.050000190734863,13.270000457763672,155500,0.0,0.0,0.0
2024-05-14 00:00:00-04:00,12.859999656677246,13.0,12.699999809265137,12.949999809265137,389200,0.0,0.0,0.0
2024-05-15 00:00:00-04:00,12.5600004196167,12.619999885559082,12.40999984741211,12.619999885559082,366800,0.0,0.0,0.0
2024-05-16 00:00:00-04:00,12.6899995803833,12.84000015258789,12.619999885559082,12.75,189200,0.0,0.0,0.0
2024-05-17 00:00:00-04:00,12.960000038146973,12.960000038146973,12.649999618530273,12.729999542236328,525700,0.0,0.0,0.0
2024-05-20 00:00:00-04:00,12.729999542236328,12.850000381469727,12.640000343322754,12.829999923706055,90100,0.0,0.0,0.0
2024-05-21 00:00:00-04:00,12.800000190734863,12.800000190734863,12.3100004196167,12.380000114440918,506700,0.0,0.0,0.0
2024-05-22 00:00:00-04:00,12.289999961853027,12.293000221252441,12.0,12.140000343322754,357600,0.0,0.0,0.0
2024-05-23 00:00:00-04:00,12.270000457763672,12.390000343322754,12.100000381469727,12.100000381469727,111500,0.0,0.0,0.0
2024-05-24 00:00:00-04:00,12.390000343322754,12.390000343322754,12.210000038146973,12.260000228881836,71200,0.0,0.0,0.0
2024-05-28 00:00:00-04:00,12.039999961853027,12.180000305175781,11.989999771118164,12.0,63000,0.0,0.0,0.0
2024-05-29 00:00:00-04:00,12.010000228881836,12.289999961853027,11.899999618530273,12.079999923706055,42200,0.0,0.0,0.0
2024-05-30 00:00:00-04:00,12.199999809265137,12.300000190734863,12.010000228881836,12.15999984741211,43200,0.0,0.0,0.0
2024-05-31 00:00:00-04:00,12.350000381469727,12.350000381469727,11.9399995803833,11.9399995803833,28800,0.0,0.0,0.0
2024-06-03 00:00:00-04:00,12.260000228881836,12.260000228881836,12.020000457763672,12.119999885559082,108900,0.0,0.0,0.0
2024-06-04 00:00:00-04:00,12.010000228881836,12.260000228881836,11.989999771118164,12.25,34700,0.0,0.0,0.0
2024-06-05 00:00:00-04:00,12.3100004196167,12.329999923706055,12.010000228881836,12.0600004196167,62000,0.0,0.0,0.0
2024-06-06 00:00:00-04:00,12.220000267028809,12.220000267028809,12.0600004196167,12.0600004196167,28300,0.0,0.0,0.0
2024-06-07 00:00:00-04:00,11.800000190734863,11.949999809265137,11.800000190734863,11.84000015258789,37800,0.0,0.0,0.0
2024-06-10 00:00:00-04:00,11.579999923706055,11.800000190734863,11.460000038146973,11.460000038146973,264000,0.0,0.0,0.0
2024-06-11 00:00:00-04:00,11.350000381469727,11.600000381469727,11.289999961853027,11.420000076293945,120700,0.0,0.0,0.0
2024-06-12 00:00:00-04:00,11.90999984741211,12.0,11.84000015258789,11.9399995803833,75400,0.0,0.0,0.0
2024-06-13 00:00:00-04:00,12.100000381469727,12.300000190734863,11.934000015258789,12.119999885559082,41500,0.0,0.0,0.0
2024-06-14 00:00:00-04:00,11.960000038146973,11.960000038146973,11.710000038146973,11.770000457763672,41500,0.0,0.0,0.0
2024-06-17 00:00:00-04:00,11.819999694824219,11.979999542236328,11.770000457763672,11.960000038146973,45800,0.0,0.0,0.0
2024-06-18 00:00:00-04:00,11.680000305175781,11.869999885559082,11.680000305175781,11.869999885559082,36900,0.0,0.0,0.0
2024-06-20 00:00:00-04:00,11.8100004196167,12.109999656677246,11.8100004196167,11.920000076293945,46900,0.0,0.0,0.0
2024-06-21 00:00:00-04:00,11.920000076293945,12.0,11.779999732971191,11.779999732971191,19500,0.0,0.0,0.0
2024-06-24 00:00:00-04:00,11.529999732971191,11.585000038146973,11.430000305175781,11.4399995803833,76200,0.0,0.0,0.0
2024-06-25 00:00:00-04:00,11.199999809265137,11.461999893188477,11.199999809265137,11.399999618530273,26200,0.0,0.0,0.0
2024-06-26 00:00:00-04:00,11.800000190734863,11.968000411987305,11.729999542236328,11.800000190734863,61900,0.0,0.0,0.0
2024-06-27 00:00:00-04:00,12.0,12.039999961853027,11.850000381469727,11.920000076293945,84000,0.0,0.0,0.0
2024-06-28 00:00:00-04:00,11.949999809265137,12.300000190734863,11.949999809265137,12.239999771118164,76400,0.0,0.0,0.0
2024-07-01 00:00:00-04:00,12.479999542236328,12.5,12.331999778747559,12.5,125600,0.0,0.0,0.0
2024-07-02 00:00:00-04:00,12.050000190734863,12.1899995803833,11.710000038146973,11.859999656677246,81500,0.0,0.0,0.0
2024-07-03 00:00:00-04:00,11.5,12.001999855041504,11.489999771118164,12.0,27700,0.0,0.0,0.0
2024-07-05 00:00:00-04:00,11.5600004196167,11.5600004196167,11.300000190734863,11.329999923706055,37800,0.0,0.0,0.0
2024-07-08 00:00:00-04:00,11.350000381469727,11.626999855041504,11.350000381469727,11.520000457763672,54900,0.0,0.0,0.0
2024-07-09 00:00:00-04:00,11.460000038146973,11.65999984741211,11.460000038146973,11.65999984741211,19100,0.0,0.0,0.0
2024-07-10 00:00:00-04:00,11.770000457763672,12.0,11.770000457763672,11.979999542236328,44300,0.0,0.0,0.0
2024-07-11 00:00:00-04:00,11.859999656677246,12.045000076293945,11.859999656677246,11.9399995803833,20400,0.0,0.0,0.0
2024-07-12 00:00:00-04:00,12.029999732971191,12.289999961853027,12.020000457763672,12.079999923706055,19200,0.0,0.0,0.0
2024-07-15 00:00:00-04:00,11.800000190734863,11.869999885559082,11.65999984741211,11.720000267028809,60900,0.0,0.0,0.0
2024-07-16 00:00:00-04:00,11.710000038146973,11.710000038146973,11.460000038146973,11.600000381469727,23400,0.0,0.0,0.0
2024-07-17 00:00:00-04:00,11.630000114440918,11.850000381469727,11.609999656677246,11.6899995803833,39900,0.0,0.0,0.0
2024-07-18 00:00:00-04:00,11.789999961853027,11.84000015258789,11.710000038146973,11.800000190734863,34100,0.0,0.0,0.0
2024-07-19 00:00:00-04:00,11.850000381469727,11.850000381469727,11.710000038146973,11.760000228881836,26300,0.0,0.0,0.0
2024-07-22 00:00:00-04:00,11.760000228881836,11.8149995803833,11.699999809265137,11.770000457763672,35200,0.0,0.0,0.0
2024-07-23 00:00:00-04:00,11.590999603271484,11.765000343322754,11.489999771118164,11.489999771118164,28800,0.0,0.0,0.0
2024-07-24 00:00:00-04:00,11.680000305175781,11.930000305175781,11.579999923706055,11.640000343322754,19100,0.0,0.0,0.0
2024-07-25 00:00:00-04:00,11.460000038146973,11.475000381469727,11.300000190734863,11.359999656677246,23200,0.0,0.0,0.0
2024-07-26 00:00:00-04:00,11.199999809265137,11.260000228881836,11.010000228881836,11.0600004196167,105500,0.0,0.0,0.0
2024-07-29 00:00:00-04:00,11.140000343322754,11.510000228881836,11.109999656677246,11.229999542236328,39500,0.0,0.0,0.0
2024-07-30 00:00:00-04:00,10.899999618530273,10.989999771118164,10.779999732971191,10.829999923706055,58500,0.0,0.0,0.0
2024-07-31 00:00:00-04:00,11.0,11.010000228881836,10.699999809265137,10.720000267028809,10900,0.0,0.0,0.0
2024-08-01 00:00:00-04:00,11.0,11.039999961853027,10.699999809265137,10.890000343322754,164100,0.0,0.0,0.0
2024-08-02 00:00:00-04:00,11.010000228881836,11.010000228881836,10.760000228881836,10.9399995803833,347100,0.0,0.0,0.0
2024-08-05 00:00:00-04:00,11.0,11.0,10.600000381469727,10.770000457763672,47400,0.0,0.0,0.0
2024-08-06 00:00:00-04:00,10.9399995803833,10.979999542236328,10.904999732971191,10.979999542236328,14700,0.0,0.0,0.0
2024-08-07 00:00:00-04:00,10.770000457763672,10.890000343322754,10.75,10.770000457763672,37000,0.0,0.0,0.0
2024-08-08 00:00:00-04:00,10.779999732971191,10.899999618530273,10.765000343322754,10.899999618530273,5900,0.0,0.0,0.0
2024-08-09 00:00:00-04:00,10.899999618530273,10.899999618530273,10.65999984741211,10.710000038146973,7000,0.0,0.0,0.0
2024-08-12 00:00:00-04:00,10.460000038146973,10.619999885559082,10.460000038146973,10.579999923706055,14800,0.0,0.0,0.0
2024-08-13 00:00:00-04:00,10.732000350952148,10.899999618530273,10.732000350952148,10.829999923706055,28600,0.0,0.0,0.0
2024-08-14 00:00:00-04:00,10.899999618530273,11.069999694824219,10.899999618530273,10.899999618530273,11300,0.0,0.0,0.0
2024-08-15 00:00:00-04:00,10.819999694824219,10.819999694824219,10.60099983215332,10.770000457763672,15700,0.0,0.0,0.0
2024-08-16 00:00:00-04:00,10.829999923706055,10.829999923706055,10.649999618530273,10.6899995803833,23100,0.0,0.0,0.0
2024-08-19 00:00:00-04:00,10.5600004196167,10.720000267028809,10.420000076293945,10.449999809265137,24400,0.0,0.0,0.0
2024-08-20 00:00:00-04:00,10.699999809265137,10.779999732971191,10.609999656677246,10.6899995803833,12100,0.0,0.0,0.0
2024-08-21 00:00:00-04:00,10.8149995803833,10.8149995803833,10.699999809265137,10.800000190734863,22000,0.0,0.0,0.0
2024-08-22 00:00:00-04:00,10.739999771118164,10.739999771118164,10.479999542236328,10.592000007629395,4200,0.0,0.0,0.0
2024-08-23 00:00:00-04:00,10.600000381469727,10.609999656677246,10.40999984741211,10.40999984741211,10100,0.0,0.0,0.0
2024-08-26 00:00:00-04:00,10.40999984741211,10.65999984741211,10.40999984741211,10.65999984741211,11700,0.0,0.0,0.0
2024-08-27 00:00:00-04:00,10.479999542236328,10.75,10.479999542236328,10.6899995803833,13900,0.0,0.0,0.0
2024-08-28 00:00:00-04:00,10.8100004196167,10.8100004196167,10.630000114440918,10.694999694824219,8800,0.0,0.0,0.0
2024-08-29 00:00:00-04:00,10.829999923706055,11.168000221252441,10.829999923706055,11.140000343322754,15900,0.0,0.0,0.0
2024-08-30 00:00:00-04:00,11.130000114440918,11.145000457763672,10.880000114440918,11.109999656677246,16600,0.0,0.0,0.0
2024-09-03 00:00:00-04:00,10.9399995803833,10.9399995803833,10.489999771118164,10.5,19700,0.0,0.0,0.0
2024-09-04 00:00:00-04:00,10.5,10.699999809265137,10.5,10.619999885559082,36300,0.0,0.0,0.0
2024-09-05 00:00:00-04:00,10.72599983215332,10.800000190734863,10.710000038146973,10.739999771118164,23900,0.0,0.0,0.0
2024-09-06 00:00:00-04:00,10.75,10.885000228881836,10.6899995803833,10.739999771118164,20500,0.0,0.0,0.0
2024-09-09 00:00:00-04:00,10.5600004196167,10.729999542236328,10.541000366210938,10.569999694824219,8900,0.0,0.0,0.0
2024-09-10 00:00:00-04:00,10.3100004196167,10.600000381469727,10.3100004196167,10.5600004196167,5500,0.0,0.0,0.0
2024-09-11 00:00:00-04:00,10.619999885559082,10.75,10.619999885559082,10.75,20000,0.0,0.0,0.0
2024-09-12 00:00:00-04:00,10.579999923706055,10.654999732971191,10.574999809265137,10.619999885559082,7200,0.0,0.0,0.0
2024-09-13 00:00:00-04:00,10.319999694824219,10.449999809265137,10.25,10.270000457763672,18900,0.0,0.0,0.0
2024-09-16 00:00:00-04:00,10.270000457763672,10.569999694824219,10.270000457763672,10.369999885559082,3800,0.0,0.0,0.0
2024-09-17 00:00:00-04:00,10.300000190734863,10.430000305175781,10.300000190734863,10.350000381469727,7800,0.0,0.0,0.0
2024-09-18 00:00:00-04:00,10.4399995803833,10.699999809265137,10.420000076293945,10.680000305175781,29200,0.0,0.0,0.0
2024-09-19 00:00:00-04:00,10.710000038146973,10.819999694824219,10.529999732971191,10.569999694824219,24200,0.0,0.0,0.0
2024-09-20 00:00:00-04:00,10.630000114440918,10.630000114440918,10.369999885559082,10.399999618530273,2900,0.0,0.0,0.0
2024-09-23 00:00:00-04:00,10.489999771118164,10.680000305175781,10.489999771118164,10.619999885559082,24000,0.0,0.0,0.0
2024-09-24 00:00:00-04:00,10.770000457763672,10.800000190734863,10.460000038146973,10.739999771118164,30100,0.0,0.0,0.0
2024-09-25 00:00:00-04:00,10.65999984741211,10.65999984741211,10.479999542236328,10.649999618530273,28400,0.0,0.0,0.0
2024-09-26 00:00:00-04:00,10.6899995803833,10.770000457763672,10.59000015258789,10.720000267028809,41800,0.0,0.0,0.0
2024-09-27 00:00:00-04:00,10.569999694824219,10.569999694824219,10.430000305175781,10.449999809265137,27000,0.0,0.0,0.0
2024-09-30 00:00:00-04:00,10.649999618530273,10.920000076293945,10.640000343322754,10.739999771118164,48900,0.0,0.0,0.0
2024-10-01 00:00:00-04:00,10.279999732971191,10.369999885559082,10.109999656677246,10.1899995803833,252800,0.0,0.0,0.0
2024-10-02 00:00:00-04:00,10.199999809265137,10.239999771118164,10.020000457763672,10.079999923706055,34400,0.0,0.0,0.0
2024-10-03 00:00:00-04:00,10.142999649047852,10.350000381469727,10.109999656677246,10.350000381469727,60600,0.0,0.0,0.0
2024-10-04 00:00:00-04:00,10.380000114440918,10.449999809265137,10.220000267028809,10.260000228881836,14100,0.0,0.0,0.0
2024-10-07 00:00:00-04:00,10.0600004196167,10.300000190734863,10.0600004196167,10.220000267028809,16900,0.0,0.0,0.0
2024-10-08 00:00:00-04:00,9.920000076293945,9.920000076293945,9.619999885559082,9.789999961853027,51600,0.0,0.0,0.0
2024-10-09 00:00:00-04:00,9.5,9.529999732971191,9.329999923706055,9.329999923706055,107200,0.0,0.0,0.0
2024-10-10 00:00:00-04:00,9.420000076293945,9.619999885559082,9.399999618530273,9.539999961853027,147700,0.0,0.0,0.0
2024-10-11 00:00:00-04:00,9.460000038146973,9.569999694824219,9.40999984741211,9.40999984741211,16900,0.0,0.0,0.0
2024-10-14 00:00:00-04:00,9.279999732971191,9.279999732971191,8.989999771118164,9.039999961853027,25200,0.0,0.0,0.0
2024-10-15 00:00:00-04:00,8.699999809265137,8.699999809265137,8.420000076293945,8.520000457763672,57600,0.0,0.0,0.0
2024-10-16 00:00:00-04:00,8.010000228881836,8.1899995803833,8.010000228881836,8.100000381469727,80000,0.0,0.0,0.0
2024-10-17 00:00:00-04:00,8.270000457763672,8.59000015258789,8.204000473022461,8.420000076293945,254000,0.0,0.0,0.0
2024-10-18 00:00:00-04:00,8.345000267028809,8.45300006866455,8.201000213623047,8.220000267028809,20600,0.0,0.0,0.0
2024-10-21 00:00:00-04:00,8.0,8.020000457763672,7.909999847412109,7.929999828338623,286600,0.0,0.0,0.0
2024-10-22 00:00:00-04:00,7.815000057220459,8.029999732971191,7.775000095367432,7.929999828338623,66400,0.0,0.0,0.0
2024-10-23 00:00:00-04:00,7.96999979019165,8.100000381469727,7.965000152587891,8.0600004196167,30200,0.0,0.0,0.0
2024-10-24 00:00:00-04:00,7.880000114440918,7.9679999351501465,7.829999923706055,7.929999828338623,49100,0.0,0.0,0.0
2024-10-25 00:00:00-04:00,7.760000228881836,7.900000095367432,7.760000228881836,7.809999942779541,29800,0.0,0.0,0.0
2024-10-28 00:00:00-04:00,7.630000114440918,7.639999866485596,7.5,7.53000020980835,38200,0.0,0.0,0.0
2024-10-29 00:00:00-04:00,7.900000095367432,7.920000076293945,7.75,7.869999885559082,32400,0.0,0.0,0.0
2024-10-30 00:00:00-04:00,7.539999961853027,7.699999809265137,7.420000076293945,7.480000019073486,74900,0.0,0.0,0.0
2024-10-31 00:00:00-04:00,7.599999904632568,7.630000114440918,7.440000057220459,7.480000019073486,66600,0.0,0.0,0.0
2024-11-01 00:00:00-04:00,7.400000095367432,7.53000020980835,7.400000095367432,7.46999979019165,23400,0.0,0.0,0.0
2024-11-04 00:00:00-05:00,7.519999980926514,7.789999961853027,7.519999980926514,7.78000020980835,46000,0.0,0.0,0.0
2024-11-05 00:00:00-05:00,7.800000190734863,8.0600004196167,7.760000228881836,7.849999904632568,68200,0.0,0.0,0.0
2024-11-06 00:00:00-05:00,7.769999980926514,7.769999980926514,7.650000095367432,7.650000095367432,33800,0.0,0.0,0.0
2024-11-07 00:00:00-05:00,7.800000190734863,7.915999889373779,7.800000190734863,7.889999866485596,32600,0.0,0.0,0.0
2024-11-08 00:00:00-05:00,8.100000381469727,8.180000305175781,8.020000457763672,8.149999618530273,49700,0.0,0.0,0.0
2024-11-11 00:00:00-05:00,8.5,8.609999656677246,8.430000305175781,8.460000038146973,97200,0.0,0.0,0.0
2024-11-12 00:00:00-05:00,8.550000190734863,8.649999618530273,8.279999732971191,8.300000190734863,132400,0.0,0.0,0.0
2024-11-13 00:00:00-05:00,8.350000381469727,8.510000228881836,8.350000381469727,8.489999771118164,25800,0.0,0.0,0.0
2024-11-14 00:00:00-05:00,8.5,8.5,8.270000457763672,8.449999809265137,44000,0.0,0.0,0.0
2024-11-15 00:00:00-05:00,8.390000343322754,8.550000190734863,8.350000381469727,8.5,38100,0.0,0.0,0.0
2024-11-18 00:00:00-05:00,8.020000457763672,8.104999542236328,7.880000114440918,7.989999771118164,149100,0.0,0.0,0.0
2024-11-19 00:00:00-05:00,7.699999809265137,7.820000171661377,7.5,7.800000190734863,102400,0.0,0.0,0.0
2024-11-20 00:00:00-05:00,7.75,7.75,7.6570000648498535,7.664000034332275,28600,0.0,0.0,0.0
2024-11-21 00:00:00-05:00,7.5,7.570000171661377,7.409999847412109,7.5,77500,0.0,0.0,0.0
2024-11-22 00:00:00-05:00,7.320000171661377,7.320000171661377,7.199999809265137,7.230000019073486,359200,0.0,0.0,0.0
2024-11-25 00:00:00-05:00,7.25,7.5,7.25,7.451000213623047,72800,0.0,0.0,0.0
2024-11-26 00:00:00-05:00,7.25,7.409999847412109,7.25,7.409999847412109,31900,0.0,0.0,0.0
2024-11-27 00:00:00-05:00,6.989999771118164,6.989999771118164,6.699999809265137,6.800000190734863,428300,0.0,0.0,0.0
2024-11-29 00:00:00-05:00,6.570000171661377,6.690000057220459,6.510000228881836,6.650000095367432,205700,0.0,0.0,0.0
2024-12-02 00:00:00-05:00,6.400000095367432,6.440000057220459,6.263999938964844,6.349999904632568,214500,0.0,0.0,0.0
2024-12-03 00:00:00-05:00,6.269999980926514,6.460000038146973,6.224999904632568,6.349999904632568,192300,0.0,0.0,0.0
2024-12-04 00:00:00-05:00,6.349999904632568,6.46999979019165,6.306000232696533,6.440000057220459,195600,0.0,0.0,0.0
2024-12-05 00:00:00-05:00,6.53000020980835,6.690000057220459,6.53000020980835,6.619999885559082,120900,0.0,0.0,0.0
2024-12-06 00:00:00-05:00,6.480000019073486,6.510000228881836,6.460000038146973,6.489999771118164,58400,0.0,0.0,0.0
2024-12-09 00:00:00-05:00,6.21999979019165,6.28000020980835,6.199999809265137,6.199999809265137,266200,0.0,0.0,0.0
2024-12-10 00:00:00-05:00,6.150000095367432,6.150000095367432,6.005000114440918,6.019999980926514,101500,0.0,0.0,0.0
2024-12-11 00:00:00-05:00,5.889999866485596,5.889999866485596,5.710000038146973,5.710000038146973,484200,0.0,0.0,0.0
2024-12-12 00:00:00-05:00,5.710000038146973,5.929999828338623,5.710000038146973,5.900000095367432,520800,0.0,0.0,0.0
2024-12-13 00:00:00-05:00,6.0,6.138999938964844,6.0,6.099999904632568,149400,0.0,0.0,0.0
2024-12-16 00:00:00-05:00,6.199999809265137,6.25,6.050000190734863,6.070000171661377,161500,0.0,0.0,0.0
2024-12-17 00:00:00-05:00,5.900000095367432,5.96999979019165,5.775000095367432,5.849999904632568,211300,0.0,0.0,0.0
2024-12-18 00:00:00-05:00,5.940000057220459,6.110000133514404,5.940000057220459,6.059999942779541,89800,0.0,0.0,0.0
2024-12-19 00:00:00-05:00,6.010000228881836,6.03000020980835,5.989999771118164,6.010000228881836,56400,0.0,0.0,0.0
2024-12-20 00:00:00-05:00,6.059999942779541,6.260000228881836,6.059999942779541,6.21999979019165,103200,0.0,0.0,0.0
2024-12-23 00:00:00-05:00,6.289999961853027,6.320000171661377,6.223999977111816,6.25,121800,0.0,0.0,0.0
2024-12-24 00:00:00-05:00,6.190000057220459,6.190000057220459,6.119999885559082,6.130000114440918,77300,0.0,0.0,0.0
2024-12-26 00:00:00-05:00,6.099999904632568,6.130000114440918,6.050000190734863,6.065000057220459,72900,0.0,0.0,0.0
2024-12-27 00:00:00-05:00,6.076000213623047,6.099999904632568,6.050000190734863,6.099999904632568,37000,0.0,0.0,0.0
2024-12-30 00:00:00-05:00,5.960000038146973,5.989999771118164,5.880000114440918,5.920000076293945,71700,0.0,0.0,0.0
2024-12-31 00:00:00-05:00,5.949999809265137,6.119999885559082,5.949999809265137,6.079999923706055,32600,0.0,0.0,0.0
2025-01-02 00:00:00-05:00,6.210000038146973,6.269999980926514,6.119999885559082,6.25,44200,0.0,0.0,0.0
2025-01-03 00:00:00-05:00,6.28000020980835,6.380000114440918,6.260000228881836,6.260000228881836,123000,0.0,0.0,0.0
2025-01-06 00:00:00-05:00,5.989999771118164,6.0,5.699999809265137,5.820000171661377,393300,0.0,0.0,0.0
2025-01-07 00:00:00-05:00,5.679999828338623,5.71999979019165,5.5,5.630000114440918,380100,0.0,0.0,0.0
2025-01-08 00:00:00-05:00,5.599999904632568,5.630000114440918,5.5,5.550000190734863,181500,0.0,0.0,0.0
2025-01-10 00:00:00-05:00,6.070000171661377,6.96999979019165,6.010000228881836,6.699999809265137,173700,0.0,0.0,0.0
2025-01-13 00:00:00-05:00,6.050000190734863,6.050000190734863,5.769999980926514,5.840000152587891,247900,0.0,0.0,0.0
2025-01-14 00:00:00-05:00,5.914999961853027,6.150000095367432,5.9070000648498535,6.130000114440918,132700,0.0,0.0,0.0
2025-01-15 00:00:00-05:00,5.949999809265137,6.139999866485596,5.840000152587891,5.889999866485596,161000,0.0,0.0,0.0
2025-01-16 00:00:00-05:00,5.800000190734863,5.800000190734863,5.71999979019165,5.730000019073486,102500,0.0,0.0,0.0
2025-01-17 00:00:00-05:00,5.699999809265137,5.730000019073486,5.639999866485596,5.71999979019165,99700,0.0,0.0,0.0
2025-01-21 00:00:00-05:00,5.53000020980835,5.619999885559082,5.458000183105469,5.610000133514404,329800,0.0,0.0,0.0
2025-01-22 00:00:00-05:00,5.420000076293945,5.440000057220459,5.235000133514404,5.28000020980835,727000,0.0,0.0,0.0
2025-01-23 00:00:00-05:00,5.179999828338623,5.249000072479248,5.099999904632568,5.139999866485596,420600,0.0,0.0,0.0
2025-01-24 00:00:00-05:00,5.130000114440918,5.210000038146973,5.059999942779541,5.139999866485596,659200,0.0,0.0,0.0
2025-01-27 00:00:00-05:00,5.28000020980835,5.349999904632568,5.150000095367432,5.320000171661377,351400,0.0,0.0,0.0
2025-01-28 00:00:00-05:00,5.320000171661377,5.329999923706055,5.260000228881836,5.28000020980835,354300,0.0,0.0,0.0
2025-01-29 00:00:00-05:00,5.289999961853027,5.389999866485596,5.260000228881836,5.320000171661377,421400,0.0,0.0,0.0
2025-01-30 00:00:00-05:00,5.449999809265137,5.539999961853027,5.409999847412109,5.489999771118164,490800,0.0,0.0,0.0
2025-01-31 00:00:00-05:00,5.710000038146973,5.78000020980835,5.690000057220459,5.769999980926514,388200,0.0,0.0,0.0
2025-02-03 00:00:00-05:00,5.659999847412109,5.659999847412109,5.440000057220459,5.46999979019165,265500,0.0,0.0,0.0
2025-02-04 00:00:00-05:00,5.880000114440918,5.920000076293945,5.800000190734863,5.869999885559082,210300,0.0,0.0,0.0
2025-02-05 00:00:00-05:00,6.0,6.0,5.869999885559082,5.989999771118164,177900,0.0,0.0,0.0
2025-02-06 00:00:00-05:00,5.869999885559082,5.869999885559082,5.7210001945495605,5.800000190734863,198300,0.0,0.0,0.0
2025-02-07 00:00:00-05:00,5.840000152587891,5.860000133514404,5.789999961853027,5.860000133514404,103200,0.0,0.0,0.0
2025-02-10 00:00:00-05:00,5.75,5.800000190734863,5.699999809265137,5.78000020980835,131500,0.0,0.0,0.0
2025-02-11 00:00:00-05:00,5.699999809265137,5.699999809265137,5.550000190734863,5.679999828338623,194000,0.0,0.0,0.0
2025-02-12 00:00:00-05:00,5.5,5.53000020980835,5.400000095367432,5.510000228881836,359700,0.0,0.0,0.0
2025-02-13 00:00:00-05:00,5.599999904632568,5.619999885559082,5.5,5.5,237100,0.0,0.0,0.0
2025-02-14 00:00:00-05:00,5.610000133514404,5.730000019073486,5.604000091552734,5.639999866485596,174000,0.0,0.0,0.0
2025-02-18 00:00:00-05:00,6.0,6.110000133514404,5.960000038146973,6.079999923706055,434800,0.0,0.0,0.0
2025-02-19 00:00:00-05:00,6.050000190734863,6.1539998054504395,5.909999847412109,5.989999771118164,313700,0.0,0.0,0.0
2025-02-20 00:00:00-05:00,6.260000228881836,6.480000019073486,6.21999979019165,6.449999809265137,504900,0.0,0.0,0.0
2025-02-21 00:00:00-05:00,6.300000190734863,6.34499979019165,6.25,6.320000171661377,229100,0.0,0.0,0.0
2025-02-24 00:00:00-05:00,6.21999979019165,6.21999979019165,6.050000190734863,6.090000152587891,304100,0.0,0.0,0.0
2025-02-25 00:00:00-05:00,6.309999942779541,6.340000152587891,6.210000038146973,6.260000228881836,166700,0.0,0.0,0.0
2025-02-26 00:00:00-05:00,6.349999904632568,6.420000076293945,6.21999979019165,6.400000095367432,332500,0.0,0.0,0.0
2025-02-27 00:00:00-05:00,6.28000020980835,6.28000020980835,6.139999866485596,6.170000076293945,117300,0.0,0.0,0.0
2025-02-28 00:00:00-05:00,6.440000057220459,6.440000057220459,6.340000152587891,6.400000095367432,110000,0.0,0.0,0.0
2025-03-03 00:00:00-05:00,6.300000190734863,6.349999904632568,6.150000095367432,6.150000095367432,118100,0.0,0.0,0.0
2025-03-04 00:00:00-05:00,5.96999979019165,6.079999923706055,5.877999782562256,6.0,168600,0.0,0.0,0.0
2025-03-05 00:00:00-05:00,6.230000019073486,6.289999961853027,6.110000133514404,6.289999961853027,340500,0.0,0.0,0.0
2025-03-06 00:00:00-05:00,6.409999847412109,6.5,6.400000095367432,6.5,172400,0.0,0.0,0.0
2025-03-07 00:00:00-05:00,6.599999904632568,6.599999904632568,6.53000020980835,6.570000171661377,148800,0.0,0.0,0.0
2025-03-10 00:00:00-04:00,6.570000171661377,6.699999809265137,6.519999980926514,6.550000190734863,282000,0.0,0.0,0.0
2025-03-11 00:00:00-04:00,6.539999961853027,6.699999809265137,6.53000020980835,6.679999828338623,194300,0.0,0.0,0.0
2025-03-12 00:00:00-04:00,7.050000190734863,7.199999809265137,7.010000228881836,7.139999866485596,435700,0.0,0.0,0.0
2025-03-13 00:00:00-04:00,7.059999942779541,7.09499979019165,6.78000020980835,6.849999904632568,178300,0.0,0.0,0.0
2025-03-14 00:00:00-04:00,6.980000019073486,6.995999813079834,6.896999835968018,6.949999809265137,117300,0.0,0.0,0.0
2025-03-17 00:00:00-04:00,6.960000038146973,6.960000038146973,6.659999847412109,6.860000133514404,200900,0.0,0.0,0.0
2025-03-18 00:00:00-04:00,6.650000095367432,6.760000228881836,6.539999961853027,6.730000019073486,385300,0.0,0.0,0.0
2025-03-19 00:00:00-04:00,6.559999942779541,6.559999942779541,6.380000114440918,6.5,158600,0.0,0.0,0.0
2025-03-20 00:00:00-04:00,6.670000076293945,6.849999904632568,6.622000217437744,6.775000095367432,111000,0.0,0.0,0.0
2025-03-21 00:00:00-04:00,6.769999980926514,6.953999996185303,6.769999980926514,6.909999847412109,125300,0.0,0.0,0.0
2025-03-24 00:00:00-04:00,6.829999923706055,6.829999923706055,6.670000076293945,6.75,91000,0.0,0.0,0.0
2025-03-25 00:00:00-04:00,6.670000076293945,6.724999904632568,6.5,6.510000228881836,156500,0.0,0.0,0.0
2025-03-26 00:00:00-04:00,6.489999771118164,6.507999897003174,6.369999885559082,6.400000095367432,112400,0.0,0.0,0.0
2025-03-27 00:00:00-04:00,6.380000114440918,6.480000019073486,6.340000152587891,6.349999904632568,73900,0.0,0.0,0.0
2025-03-28 00:00:00-04:00,6.429999828338623,6.442999839782715,6.159999847412109,6.360000133514404,158100,0.0,0.0,0.0
2025-03-31 00:00:00-04:00,6.260000228881836,6.300000190734863,6.210000038146973,6.25,107000,0.0,0.0,0.0
2025-04-01 00:00:00-04:00,6.400000095367432,6.550000190734863,6.369999885559082,6.5,69300,0.0,0.0,0.0
2025-04-02 00:00:00-04:00,6.449999809265137,6.539999961853027,6.340000152587891,6.369999885559082,66900,0.0,0.0,0.0
2025-04-03 00:00:00-04:00,6.190000057220459,6.190000057220459,5.929999828338623,6.019999980926514,419500,0.0,0.0,0.0
2025-04-04 00:00:00-04:00,5.760000228881836,5.849999904632568,5.559999942779541,5.619999885559082,611800,0.0,0.0,0.0
2025-04-07 00:00:00-04:00,5.269999980926514,5.546999931335449,5.25,5.380000114440918,592500,0.0,0.0,0.0
2025-04-08 00:00:00-04:00,5.449999809265137,5.449999809265137,5.315000057220459,5.360000133514404,245500,0.0,0.0,0.0
2025-04-09 00:00:00-04:00,5.21999979019165,5.449999809265137,5.109000205993652,5.329999923706055,435900,0.0,0.0,0.0
2025-04-10 00:00:00-04:00,5.570000171661377,5.639999866485596,5.449999809265137,5.599999904632568,284600,0.0,0.0,0.0
2025-04-11 00:00:00-04:00,5.599999904632568,5.710000038146973,5.53000020980835,5.630000114440918,83200,0.0,0.0,0.0
2025-04-14 00:00:00-04:00,5.820000171661377,5.869999885559082,5.710000038146973,5.75,220800,0.0,0.0,0.0
2025-04-15 00:00:00-04:00,5.760000228881836,5.760000228881836,5.681000232696533,5.690000057220459,57700,0.0,0.0,0.0
2025-04-16 00:00:00-04:00,5.71999979019165,5.75,5.690000057220459,5.71999979019165,182100,0.0,0.0,0.0
2025-04-17 00:00:00-04:00,5.760000228881836,5.769999980926514,5.71999979019165,5.739999771118164,36700,0.0,0.0,0.0
2025-04-21 00:00:00-04:00,5.75,5.769999980926514,5.699999809265137,5.730000019073486,76000,0.0,0.0,0.0
2025-04-22 00:00:00-04:00,5.739999771118164,5.739999771118164,5.590000152587891,5.599999904632568,78600,0.0,0.0,0.0
2025-04-23 00:00:00-04:00,5.908999919891357,6.03000020980835,5.880000114440918,5.880000114440918,174800,0.0,0.0,0.0
2025-04-24 00:00:00-04:00,5.949999809265137,5.96999979019165,5.809999942779541,5.829999923706055,43100,0.0,0.0,0.0
2025-04-25 00:00:00-04:00,5.900000095367432,6.0,5.900000095367432,5.920000076293945,116000,0.0,0.0,0.0
2025-04-28 00:00:00-04:00,5.929999828338623,5.929999828338623,5.78000020980835,5.78000020980835,73600,0.0,0.0,0.0
2025-04-29 00:00:00-04:00,5.75,5.764999866485596,5.570000171661377,5.570000171661377,87600,0.0,0.0,0.0
2025-04-30 00:00:00-04:00,5.650000095367432,5.800000190734863,5.650000095367432,5.764999866485596,35000,0.0,0.0,0.0
2025-05-01 00:00:00-04:00,5.880000114440918,5.949999809265137,5.800000190734863,5.949999809265137,67300,0.0,0.0,0.0
2025-05-02 00:00:00-04:00,5.829999923706055,5.940000057220459,5.78000020980835,5.840000152587891,107100,0.0,0.0,0.0
2025-05-05 00:00:00-04:00,5.840000152587891,5.914000034332275,5.840000152587891,5.914000034332275,25900,0.0,0.0,0.0
2025-05-06 00:00:00-04:00,5.71999979019165,5.71999979019165,5.599999904632568,5.619999885559082,66000,0.0,0.0,0.0
2025-05-07 00:00:00-04:00,5.668000221252441,5.668000221252441,5.570000171661377,5.619999885559082,20100,0.0,0.0,0.0
2025-05-08 00:00:00-04:00,5.480000019073486,5.53000020980835,5.389999866485596,5.420000076293945,250500,0.0,0.0,0.0
2025-05-09 00:00:00-04:00,5.429999828338623,5.46999979019165,5.389999866485596,5.429999828338623,137000,0.0,0.0,0.0
2025-05-12 00:00:00-04:00,5.590000152587891,5.590000152587891,5.525000095367432,5.539999961853027,237900,0.0,0.0,0.0
2025-05-13 00:00:00-04:00,5.369999885559082,5.425000190734863,5.300000190734863,5.300000190734863,414300,0.0,0.0,0.0
2025-05-14 00:00:00-04:00,5.409999847412109,5.480000019073486,5.359000205993652,5.460000038146973,126400,0.0,0.0,0.0
2025-05-15 00:00:00-04:00,5.53000020980835,5.550000190734863,5.480000019073486,5.550000190734863,107700,0.0,0.0,0.0
2025-05-16 00:00:00-04:00,5.599999904632568,5.605000019073486,5.46999979019165,5.504000186920166,86900,0.0,0.0,0.0
2025-05-19 00:00:00-04:00,5.360000133514404,5.369999885559082,5.300000190734863,5.309999942779541,286600,0.0,0.0,0.0
2025-05-20 00:00:00-04:00,5.400000095367432,5.400000095367432,5.349999904632568,5.360000133514404,31200,0.0,0.0,0.0
2025-05-21 00:00:00-04:00,5.289999961853027,5.369999885559082,5.261000156402588,5.340000152587891,96100,0.0,0.0,0.0
2025-05-22 00:00:00-04:00,5.25,5.271999835968018,5.199999809265137,5.210000038146973,145800,0.0,0.0,0.0
2025-05-23 00:00:00-04:00,5.199999809265137,5.210000038146973,5.150000095367432,5.150000095367432,112100,0.0,0.0,0.0
2025-05-27 00:00:00-04:00,5.039999961853027,5.150000095367432,5.03000020980835,5.150000095367432,217800,0.0,0.0,0.0
2025-05-28 00:00:00-04:00,5.119999885559082,5.179999828338623,5.119999885559082,5.166999816894531,79400,0.0,0.0,0.0
2025-05-29 00:00:00-04:00,5.239999771118164,5.239999771118164,5.109000205993652,5.190000057220459,170700,0.0,0.0,0.0
2025-05-30 00:00:00-04:00,5.230000019073486,5.230000019073486,5.120999813079834,5.190000057220459,53500,0.0,0.0,0.0
2025-06-02 00:00:00-04:00,5.210000038146973,5.239999771118164,5.099999904632568,5.099999904632568,45500,0.0,0.0,0.0
2025-06-03 00:00:00-04:00,5.21999979019165,5.230000019073486,5.159999847412109,5.199999809265137,92800,0.0,0.0,0.0
2025-06-04 00:00:00-04:00,5.360000133514404,5.46999979019165,5.360000133514404,5.420000076293945,100000,0.0,0.0,0.0
2025-06-05 00:00:00-04:00,5.449999809265137,5.53000020980835,5.420000076293945,5.489999771118164,100600,0.0,0.0,0.0
2025-06-06 00:00:00-04:00,5.380000114440918,5.480000019073486,5.334000110626221,5.409999847412109,167100,0.0,0.0,0.0
2025-06-09 00:00:00-04:00,5.420000076293945,5.420000076293945,5.3470001220703125,5.372000217437744,34500,0.0,0.0,0.0
2025-06-10 00:00:00-04:00,5.400000095367432,5.519999980926514,5.400000095367432,5.519999980926514,200100,0.0,0.0,0.0
2025-06-11 00:00:00-04:00,5.650000095367432,5.710000038146973,5.650000095367432,5.650000095367432,149100,0.0,0.0,0.0
2025-06-12 00:00:00-04:00,5.739999771118164,5.78000020980835,5.699999809265137,5.730000019073486,57400,0.0,0.0,0.0
2025-06-13 00:00:00-04:00,5.820000171661377,5.889999866485596,5.760000228881836,5.869999885559082,225300,0.0,0.0,0.0
2025-06-16 00:00:00-04:00,5.639999866485596,5.75,5.539999961853027,5.679999828338623,266200,0.0,0.0,0.0
2025-06-17 00:00:00-04:00,5.519999980926514,5.630000114440918,5.519999980926514,5.630000114440918,108200,0.0,0.0,0.0
2025-06-18 00:00:00-04:00,5.599999904632568,5.690000057220459,5.599999904632568,5.619999885559082,45300,0.0,0.0,0.0
2025-06-20 00:00:00-04:00,5.639999866485596,5.760000228881836,5.619999885559082,5.730000019073486,80700,0.0,0.0,0.0
2025-06-23 00:00:00-04:00,5.659999847412109,5.864999771118164,5.659999847412109,5.78000020980835,181900,0.0,0.0,0.0
2025-06-24 00:00:00-04:00,5.739999771118164,5.739999771118164,5.679999828338623,5.735000133514404,97100,0.0,0.0,0.0
2025-06-25 00:00:00-04:00,5.75,5.840000152587891,5.739999771118164,5.800000190734863,104100,0.0,0.0,0.0
2025-06-26 00:00:00-04:00,5.699999809265137,5.699999809265137,5.610000133514404,5.659999847412109,42900,0.0,0.0,0.0
2025-06-27 00:00:00-04:00,5.679999828338623,5.710000038146973,5.559000015258789,5.584000110626221,97300,0.0,0.0,0.0
2025-06-30 00:00:00-04:00,5.599999904632568,5.630000114440918,5.550000190734863,5.550000190734863,138900,0.0,0.0,0.0
2025-07-01 00:00:00-04:00,5.630000114440918,5.670000076293945,5.510000228881836,5.630000114440918,137800,0.0,0.0,0.0
2025-07-02 00:00:00-04:00,5.630000114440918,5.769999980926514,5.610000133514404,5.769999980926514,166200,0.0,0.0,0.0
2025-07-03 00:00:00-04:00,5.920000076293945,5.98799991607666,5.869999885559082,5.929999828338623,96700,0.0,0.0,0.0
2025-07-07 00:00:00-04:00,6.039999961853027,6.099999904632568,5.945000171661377,6.070000171661377,245000,0.0,0.0,0.0
2025-07-08 00:00:00-04:00,6.199999809265137,6.318999767303467,6.150000095367432,6.179999828338623,187200,0.0,0.0,0.0
2025-07-09 00:00:00-04:00,6.210000038146973,6.360000133514404,6.139999866485596,6.25,70300,0.0,0.0,0.0
2025-07-10 00:00:00-04:00,6.71999979019165,6.855000019073486,6.619999885559082,6.659999847412109,2067500,0.0,0.0,0.0
2025-07-11 00:00:00-04:00,7.0,7.090000152587891,6.96999979019165,7.090000152587891,1083700,0.0,0.0,0.0
2025-07-14 00:00:00-04:00,7.230000019073486,7.300000190734863,7.210000038146973,7.260000228881836,203800,0.0,0.0,0.0
2025-07-15 00:00:00-04:00,7.0,7.050000190734863,6.769999980926514,6.78000020980835,270300,0.0,0.0,0.0
2025-07-16 00:00:00-04:00,7.139999866485596,7.364999771118164,7.139999866485596,7.25,370300,0.0,0.0,0.0
2025-07-17 00:00:00-04:00,7.420000076293945,7.650000095367432,7.309999942779541,7.610000133514404,418800,0.0,0.0,0.0
2025-07-18 00:00:00-04:00,7.329999923706055,7.460000038146973,7.269999980926514,7.400000095367432,602300,0.0,0.0,0.0
2025-07-21 00:00:00-04:00,7.289999961853027,7.380000114440918,7.179999828338623,7.349999904632568,355000,0.0,0.0,0.0
2025-07-22 00:00:00-04:00,7.650000095367432,7.739999771118164,7.53000020980835,7.670000076293945,655500,0.0,0.0,0.0
2025-07-23 00:00:00-04:00,7.619999885559082,7.650000095367432,7.429999828338623,7.519999980926514,264900,0.0,0.0,0.0
2025-07-24 00:00:00-04:00,7.519999980926514,7.519999980926514,7.300000190734863,7.420000076293945,129500,0.0,0.0,0.0
2025-07-25 00:00:00-04:00,7.179999828338623,7.195000171661377,7.090000152587891,7.150000095367432,135100,0.0,0.0,0.0
2025-07-28 00:00:00-04:00,7.25,7.348999977111816,7.239999771118164,7.245999813079834,34500,0.0,0.0,0.0
2025-07-29 00:00:00-04:00,7.090000152587891,7.090000152587891,6.860000133514404,6.940000057220459,160200,0.0,0.0,0.0
2025-07-30 00:00:00-04:00,6.980000019073486,7.199999809265137,6.945000171661377,7.019999980926514,73700,0.0,0.0,0.0
2025-07-31 00:00:00-04:00,7.389999866485596,7.409999847412109,7.300000190734863,7.400000095367432,85200,0.0,0.0,0.0
2025-08-01 00:00:00-04:00,7.510000228881836,7.510000228881836,7.380000114440918,7.460000038146973,148500,0.0,0.0,0.0
2025-08-04 00:00:00-04:00,7.320000171661377,7.360000133514404,7.260000228881836,7.309999942779541,54500,0.0,0.0,0.0
2025-08-05 00:00:00-04:00,7.650000095367432,7.920000076293945,7.650000095367432,7.769999980926514,215900,0.0,0.0,0.0
2025-08-06 00:00:00-04:00,7.820000171661377,7.900000095367432,7.630000114440918,7.730000019073486,98200,0.0,0.0,0.0
2025-08-07 00:00:00-04:00,7.789999961853027,7.789999961853027,7.610000133514404,7.75,133400,0.0,0.0,0.0
2025-08-08 00:00:00-04:00,7.900000095367432,7.929999828338623,7.800000190734863,7.800000190734863,81200,0.0,0.0,0.0
2025-08-11 00:00:00-04:00,7.739999771118164,7.949999809265137,7.650000095367432,7.900000095367432,108500,0.0,0.0,0.0
2025-08-12 00:00:00-04:00,7.849999904632568,8.09000015258789,7.829999923706055,8.020000457763672,106800,0.0,0.0,0.0
2025-08-13 00:00:00-04:00,8.180000305175781,8.289999961853027,7.980000019073486,8.166999816894531,489200,0.0,0.0,0.0
2025-08-14 00:00:00-04:00,8.170000076293945,8.220000267028809,8.010000228881836,8.130000114440918,334400,0.0,0.0,0.0
2025-08-15 00:00:00-04:00,8.130000114440918,8.130000114440918,7.940000057220459,8.020000457763672,174700,0.0,0.0,0.0
2025-08-18 00:00:00-04:00,7.96999979019165,8.199999809265137,7.949999809265137,8.079999923706055,214100,0.0,0.0,0.0
2025-08-19 00:00:00-04:00,7.889999866485596,7.929999828338623,7.739999771118164,7.7729997634887695,350500,0.0,0.0,0.0
2025-08-20 00:00:00-04:00,7.849999904632568,8.119999885559082,7.849999904632568,8.039999961853027,72400,0.0,0.0,0.0
2025-08-21 00:00:00-04:00,8.0600004196167,8.15999984741211,8.03499984741211,8.15999984741211,234700,0.0,0.0,0.0
2025-08-22 00:00:00-04:00,8.4399995803833,8.4399995803833,8.319999694824219,8.40999984741211,159300,0.0,0.0,0.0
2025-08-25 00:00:00-04:00,8.420000076293945,8.550000190734863,8.420000076293945,8.5,126300,0.0,0.0,0.0
2025-08-26 00:00:00-04:00,8.619999885559082,8.65999984741211,8.550000190734863,8.600000381469727,115100,0.0,0.0,0.0
2025-08-27 00:00:00-04:00,8.390000343322754,8.399999618530273,8.260000228881836,8.300000190734863,87000,0.0,0.0,0.0
2025-08-28 00:00:00-04:00,8.274999618530273,8.369999885559082,8.119999885559082,8.350000381469727,92200,0.0,0.0,0.0
2025-08-29 00:00:00-04:00,8.210000038146973,8.579999923706055,8.130000114440918,8.369999885559082,687800,0.0,0.0,0.0
2025-09-02 00:00:00-04:00,7.920000076293945,8.050000190734863,7.730000019073486,8.020000457763672,1075800,0.0,0.0,0.0
2025-09-03 00:00:00-04:00,8.050000190734863,8.149999618530273,8.010000228881836,8.140000343322754,839900,0.0,0.0,0.0
2025-09-04 00:00:00-04:00,8.34000015258789,8.369999885559082,8.039999961853027,8.062999725341797,523800,0.0,0.0,0.0
2025-09-05 00:00:00-04:00,8.050000190734863,8.100000381469727,8.029999732971191,8.039999961853027,74400,0.0,0.0,0.0
2025-09-08 00:00:00-04:00,8.170000076293945,8.388999938964844,8.149999618530273,8.149999618530273,294200,0.0,0.0,0.0
2025-09-09 00:00:00-04:00,8.539999961853027,8.545000076293945,8.329999923706055,8.390000343322754,285800,0.0,0.0,0.0
2025-09-10 00:00:00-04:00,8.319999694824219,8.40999984741211,8.15999984741211,8.220000267028809,187900,0.0,0.0,0.0
2025-09-11 00:00:00-04:00,8.135000228881836,8.199000358581543,8.09000015258789,8.114999771118164,119300,0.0,0.0,0.0
2025-09-12 00:00:00-04:00,8.170000076293945,8.28499984741211,8.09000015258789,8.100000381469727,1149300,0.0,0.0,0.0
2025-09-15 00:00:00-04:00,8.210000038146973,8.239999771118164,8.121000289916992,8.210000038146973,192600,0.0,0.0,0.0
2025-09-16 00:00:00-04:00,8.130000114440918,8.130000114440918,7.980000019073486,8.039999961853027,109300,0.0,0.0,0.0
2025-09-17 00:00:00-04:00,8.09000015258789,8.180000305175781,8.0600004196167,8.140000343322754,70500,0.0,0.0,0.0
2025-09-18 00:00:00-04:00,8.199999809265137,8.260000228881836,8.1899995803833,8.199999809265137,106700,0.0,0.0,0.0
2025-09-19 00:00:00-04:00,8.199999809265137,8.25,8.149999618530273,8.15999984741211,60300,0.0,0.0,0.0
2025-09-22 00:00:00-04:00,8.152000427246094,8.152000427246094,8.024999618530273,8.0600004196167,70100,0.0,0.0,0.0
2025-09-23 00:00:00-04:00,8.199999809265137,8.3100004196167,8.199999809265137,8.25,227500,0.0,0.0,0.0
2025-09-24 00:00:00-04:00,8.319999694824219,8.414999961853027,8.305000305175781,8.380000114440918,241900,0.0,0.0,0.0
2025-09-25 00:00:00-04:00,8.289999961853027,8.289999961853027,8.09000015258789,8.199999809265137,62800,0.0,0.0,0.0
2025-09-26 00:00:00-04:00,8.079999923706055,8.100000381469727,8.029999732971191,8.050000190734863,75100,0.0,0.0,0.0
2025-09-29 00:00:00-04:00,7.900000095367432,7.945000171661377,7.739999771118164,7.769999980926514,275700,0.0,0.0,0.0
2025-09-30 00:00:00-04:00,7.610000133514404,7.690000057220459,7.460000038146973,7.510000228881836,249400,0.0,0.0,0.0
2025-10-01 00:00:00-04:00,7.440000057220459,7.650000095367432,7.409999847412109,7.579999923706055,163200,0.0,0.0,0.0
2025-10-02 00:00:00-04:00,7.71999979019165,7.789999961853027,7.671000003814697,7.78000020980835,53200,0.0,0.0,0.0
2025-10-03 00:00:00-04:00,7.789999961853027,7.820000171661377,7.699999809265137,7.71999979019165,45300,0.0,0.0,0.0
2025-10-06 00:00:00-04:00,7.75,7.900000095367432,7.75,7.866000175476074,45300,0.0,0.0,0.0
2025-10-07 00:00:00-04:00,7.940000057220459,8.010000228881836,7.889999866485596,8.0,40500,0.0,0.0,0.0
2025-10-08 00:00:00-04:00,7.800000190734863,7.800000190734863,7.599999904632568,7.599999904632568,83100,0.0,0.0,0.0
2025-10-09 00:00:00-04:00,7.679999828338623,7.699999809265137,7.650000095367432,7.699999809265137,71900,0.0,0.0,0.0
2025-10-10 00:00:00-04:00,8.149999618530273,8.199999809265137,8.01200008392334,8.180000305175781,354300,0.0,0.0,0.0
2025-10-13 00:00:00-04:00,8.850000381469727,8.880000114440918,8.579999923706055,8.640000343322754,303100,0.0,0.0,0.0
2025-10-14 00:00:00-04:00,8.220000267028809,8.319999694824219,8.069999694824219,8.199999809265137,83800,0.0,0.0,0.0
2025-10-15 00:00:00-04:00,8.289999961853027,8.529999732971191,8.25,8.520000457763672,46000,0.0,0.0,0.0
2025-10-16 00:00:00-04:00,8.59000015258789,8.59000015258789,8.329999923706055,8.329999923706055,37700,0.0,0.0,0.0
2025-10-17 00:00:00-04:00,8.260000228881836,8.274999618530273,8.140000343322754,8.15999984741211,25800,0.0,0.0,0.0
2025-10-20 00:00:00-04:00,8.1899995803833,8.369999885559082,8.100000381469727,8.239999771118164,14700,0.0,0.0,0.0
2025-10-21 00:00:00-04:00,8.359999656677246,8.40999984741211,8.359999656677246,8.380000114440918,55400,0.0,0.0,0.0
2025-10-22 00:00:00-04:00,8.359999656677246,8.359999656677246,8.031000137329102,8.229999542236328,44500,0.0,0.0,0.0
2025-10-23 00:00:00-04:00,7.900000095367432,7.925000190734863,7.570000171661377,7.820000171661377,69400,0.0,0.0,0.0
2025-10-24 00:00:00-04:00,7.909999847412109,7.909999847412109,7.789999961853027,7.849999904632568,17300,0.0,0.0,0.0
2025-10-27 00:00:00-04:00,7.920000076293945,8.0,7.829999923706055,7.96999979019165,38400,0.0,0.0,0.0
2025-10-28 00:00:00-04:00,7.940000057220459,7.978000164031982,7.869999885559082,7.953000068664551,15300,0.0,0.0,0.0
2025-10-29 00:00:00-04:00,8.109999656677246,8.199999809265137,8.109999656677246,8.199999809265137,29700,0.0,0.0,0.0
2025-10-30 00:00:00-04:00,8.140000343322754,8.369999885559082,8.140000343322754,8.25,56900,0.0,0.0,0.0
2025-10-31 00:00:00-04:00,8.079999923706055,8.12399959564209,8.050000190734863,8.100000381469727,16300,0.0,0.0,0.0
2025-11-03 00:00:00-05:00,8.0,8.0,7.920000076293945,7.920000076293945,43700,0.0,0.0,0.0
2025-11-04 00:00:00-05:00,8.100000381469727,8.279999732971191,8.09000015258789,8.180000305175781,107200,0.0,0.0,0.0
2025-11-05 00:00:00-05:00,8.3100004196167,8.380000114440918,8.279999732971191,8.300000190734863,49400,0.0,0.0,0.0
2025-11-06 00:00:00-05:00,8.470000267028809,8.600000381469727,8.430000305175781,8.5,79600,0.0,0.0,0.0
2025-11-07 00:00:00-05:00,8.369999885559082,8.420000076293945,8.300000190734863,8.350000381469727,40100,0.0,0.0,0.0
2025-11-10 00:00:00-05:00,8.350000381469727,8.449000358581543,8.34000015258789,8.369999885559082,12200,0.0,0.0,0.0
2025-11-11 00:00:00-05:00,8.437999725341797,8.519000053405762,8.390000343322754,8.420000076293945,23000,0.0,0.0,0.0
2025-11-12 00:00:00-05:00,8.369999885559082,8.479999542236328,8.3149995803833,8.479999542236328,27200,0.0,0.0,0.0
2025-11-13 00:00:00-05:00,8.649999618530273,8.720000267028809,8.630000114440918,8.699999809265137,60300,0.0,0.0,0.0
2025-11-14 00:00:00-05:00,8.539999961853027,8.75,8.539999961853027,8.600000381469727,23300,0.0,0.0,0.0
2025-11-17 00:00:00-05:00,8.460000038146973,8.90999984741211,8.460000038146973,8.800000190734863,110900,0.0,0.0,0.0
2025-11-18 00:00:00-05:00,8.930000305175781,8.989999771118164,8.880000114440918,8.989999771118164,84400,0.0,0.0,0.0
2025-11-19 00:00:00-05:00,8.989999771118164,8.989999771118164,8.6899995803833,8.899999618530273,41300,0.0,0.0,0.0
2025-11-20 00:00:00-05:00,8.963000297546387,8.989999771118164,8.850000381469727,8.920000076293945,52300,0.0,0.0,0.0
2025-11-21 00:00:00-05:00,8.90999984741211,8.979999542236328,8.819999694824219,8.949999809265137,34600,0.0,0.0,0.0
2025-11-24 00:00:00-05:00,9.039999961853027,9.194999694824219,9.039999961853027,9.1899995803833,47300,0.0,0.0,0.0
2025-11-25 00:00:00-05:00,9.199999809265137,9.300000190734863,9.09000015258789,9.229999542236328,61800,0.0,0.0,0.0
2025-11-26 00:00:00-05:00,9.229999542236328,9.260000228881836,9.100000381469727,9.199999809265137,74300,0.0,0.0,0.0
2025-11-28 00:00:00-05:00,9.199999809265137,9.229999542236328,8.770000457763672,8.770000457763672,155100,0.0,0.0,0.0
2025-12-01 00:00:00-05:00,9.210000038146973,9.4399995803833,9.180000305175781,9.34000015258789,199700,0.0,0.0,0.0
2025-12-02 00:00:00-05:00,9.270000457763672,9.329999923706055,9.029999732971191,9.25,124500,0.0,0.0,0.0
2025-12-03 00:00:00-05:00,9.399999618530273,9.489999771118164,9.300000190734863,9.300000190734863,78800,0.0,0.0,0.0
2025-12-04 00:00:00-05:00,9.100000381469727,9.336000442504883,9.086000442504883,9.270000457763672,29900,0.0,0.0,0.0
2025-12-05 00:00:00-05:00,9.029999732971191,9.100000381469727,8.880000114440918,9.0,67300,0.0,0.0,0.0
2025-12-08 00:00:00-05:00,9.229999542236328,9.319999694824219,9.210000038146973,9.25,46600,0.0,0.0,0.0
2025-12-09 00:00:00-05:00,8.970000267028809,8.970000267028809,8.710000038146973,8.829999923706055,144500,0.0,0.0,0.0
2025-12-10 00:00:00-05:00,9.0,9.072999954223633,8.880000114440918,9.012999534606934,106400,0.0,0.0,0.0
2025-12-11 00:00:00-05:00,8.859999656677246,8.890000343322754,8.609999656677246,8.84000015258789,87500,0.0,0.0,0.0
2025-12-12 00:00:00-05:00,8.710000038146973,8.734999656677246,8.64799976348877,8.680000305175781,70400,0.0,0.0,0.0
2025-12-15 00:00:00-05:00,8.8100004196167,8.920000076293945,8.8100004196167,8.920000076293945,43600,0.0,0.0,0.0
2025-12-16 00:00:00-05:00,8.800000190734863,8.869999885559082,8.748000144958496,8.770000457763672,16000,0.0,0.0,0.0
2025-12-17 00:00:00-05:00,8.520000457763672,8.520000457763672,8.270000457763672,8.420000076293945,129300,0.0,0.0,0.0
2025-12-18 00:00:00-05:00,8.489999771118164,8.668000221252441,8.489999771118164,8.656000137329102,25200,0.0,0.0,0.0
2025-12-19 00:00:00-05:00,8.699999809265137,8.800000190734863,8.699999809265137,8.699999809265137,18000,0.0,0.0,0.0
2025-12-22 00:00:00-05:00,8.732000350952148,9.050000190734863,8.732000350952148,8.880000114440918,96300,0.0,0.0,0.0
2025-12-23 00:00:00-05:00,8.880000114440918,8.899999618530273,8.739999771118164,8.739999771118164,14000,0.0,0.0,0.0
2025-12-24 00:00:00-05:00,8.729999542236328,8.859000205993652,8.729999542236328,8.770000457763672,19100,0.0,0.0,0.0
2025-12-26 00:00:00-05:00,8.75,8.800000190734863,8.699999809265137,8.75,33100,0.0,0.0,0.0
2025-12-29 00:00:00-05:00,8.670000076293945,8.848999977111816,8.670000076293945,8.739999771118164,9700,0.0,0.0,0.0
2025-12-30 00:00:00-05:00,8.649999618530273,8.722999572753906,8.649999618530273,8.680000305175781,12100,0.0,0.0,0.0
2025-12-31 00:00:00-05:00,8.600000381469727,8.819999694824219,8.59000015258789,8.770000457763672,77900,0.0,0.0,0.0
2026-01-02 00:00:00-05:00,8.5,8.576000213623047,8.449999809265137,8.460000038146973,30700,0.0,0.0,0.0
2026-01-05 00:00:00-05:00,8.65999984741211,8.720000267028809,8.609999656677246,8.720000267028809,22400,0.0,0.0,0.0
2026-01-06 00:00:00-05:00,8.800000190734863,8.899999618530273,8.760000228881836,8.8100004196167,21500,0.0,0.0,0.0
2026-01-07 00:00:00-05:00,8.619999885559082,8.789999961853027,8.609999656677246,8.789999961853027,18600,0.0,0.0,0.0
2026-01-08 00:00:00-05:00,8.932000160217285,9.149999618530273,8.869999885559082,9.140000343322754,19200,0.0,0.0,0.0
2026-01-09 00:00:00-05:00,9.039999961853027,9.039999961853027,8.850000381469727,8.850000381469727,18400,0.0,0.0,0.0
2026-01-12 00:00:00-05:00,8.84000015258789,8.84000015258789,8.520000457763672,8.729999542236328,39600,0.0,0.0,0.0
2026-01-13 00:00:00-05:00,8.609999656677246,8.789999961853027,8.609999656677246,8.720999717712402,8700,0.0,0.0,0.0
2026-01-14 00:00:00-05:00,8.970000267028809,9.09000015258789,8.890000343322754,9.039999961853027,42200,0.0,0.0,0.0
2026-01-15 00:00:00-05:00,9.220000267028809,9.5,9.220000267028809,9.479999542236328,63600,0.0,0.0,0.0
2026-01-16 00:00:00-05:00,9.630000114440918,9.800000190734863,9.600000381469727,9.800000190734863,108200,0.0,0.0,0.0
2026-01-20 00:00:00-05:00,10.0,10.239999771118164,9.979999542236328,10.239999771118164,119400,0.0,0.0,0.0
2026-01-21 00:00:00-05:00,10.399999618530273,10.399999618530273,10.029999732971191,10.069999694824219,68800,0.0,0.0,0.0
2026-01-22 00:00:00-05:00,9.800000190734863,10.039999961853027,9.800000190734863,10.0,51200,0.0,0.0,0.0
2026-01-23 00:00:00-05:00,10.390000343322754,10.470000267028809,10.149999618530273,10.359999656677246,26000,0.0,0.0,0.0
2026-01-26 00:00:00-05:00,10.449999809265137,11.0,10.319999694824219,10.979999542236328,127700,0.0,0.0,0.0
2026-01-27 00:00:00-05:00,11.020000457763672,11.399999618530273,11.020000457763672,11.260000228881836,86400,0.0,0.0,0.0
2026-01-28 00:00:00-05:00,11.09000015258789,11.170000076293945,10.850000381469727,11.010000228881836,59500,0.0,0.0,0.0
2026-01-29 00:00:00-05:00,11.289999961853027,11.479999542236328,10.930000305175781,11.479999542236328,82800,0.0,0.0,0.0
2026-01-30 00:00:00-05:00,11.5,11.550000190734863,11.413999557495117,11.529999732971191,84100,0.0,0.0,0.0
2026-02-02 00:00:00-05:00,11.149999618530273,11.460000038146973,10.899999618530273,11.199999809265137,184000,0.0,0.0,0.0
2026-02-03 00:00:00-05:00,10.970000267028809,10.970000267028809,10.5,10.550000190734863,125600,0.0,0.0,0.0
2026-02-04 00:00:00-05:00,10.5,10.850000381469727,10.5,10.850000381469727,30100,0.0,0.0,0.0
2026-02-05 00:00:00-05:00,10.725000381469727,10.850000381469727,10.649999618530273,10.710000038146973,32200,0.0,0.0,0.0
2026-02-06 00:00:00-05:00,10.710000038146973,10.87399959564209,10.609999656677246,10.649999618530273,22900,0.0,0.0,0.0
2026-02-09 00:00:00-05:00,10.699999809265137,11.0,10.699999809265137,10.949999809265137,128900,0.0,0.0,0.0
2026-02-10 00:00:00-05:00,11.100000381469727,11.180000305175781,11.029999732971191,11.180000305175781,135500,0.0,0.0,0.0
2026-02-11 00:00:00-05:00,11.430000305175781,11.529999732971191,11.173999786376953,11.4399995803833,64400,0.0,0.0,0.0
2026-02-12 00:00:00-05:00,11.449999809265137,11.449999809265137,11.1899995803833,11.300000190734863,44000,0.0,0.0,0.0
2026-02-13 00:00:00-05:00,11.399999618530273,11.569999694824219,11.399999618530273,11.489999771118164,29500,0.0,0.0,0.0
2026-02-17 00:00:00-05:00,11.5,11.800000190734863,11.420000076293945,11.680000305175781,110900,0.0,0.0,0.0
2026-02-18 00:00:00-05:00,11.460000038146973,11.819000244140625,11.460000038146973,11.760000228881836,85800,0.0,0.0,0.0
2026-02-19 00:00:00-05:00,11.84000015258789,11.869999885559082,11.600000381469727,11.65999984741211,55900,0.0,0.0,0.0
2026-02-20 00:00:00-05:00,11.770000457763672,12.100000381469727,11.65999984741211,11.729999542236328,89300,0.0,0.0,0.0
2026-02-23 00:00:00-05:00,11.850000381469727,11.979999542236328,11.609999656677246,11.770000457763672,90500,0.0,0.0,0.0
2026-02-24 00:00:00-05:00,11.720000267028809,11.989999771118164,11.699999809265137,11.869999885559082,79200,0.0,0.0,0.0
2026-02-25 00:00:00-05:00,11.960000038146973,11.960000038146973,11.25,11.680000305175781,74800,0.0,0.0,0.0
2026-02-26 00:00:00-05:00,11.670000076293945,11.90999984741211,11.670000076293945,11.90999984741211,52200,0.0,0.0,0.0
2026-02-27 00:00:00-05:00,11.989999771118164,12.069999694824219,11.845999717712402,12.069999694824219,61500,0.0,0.0,0.0
2026-03-02 00:00:00-05:00,12.59000015258789,12.649999618530273,11.989999771118164,12.220000267028809,306200,0.0,0.0,0.0
2026-03-03 00:00:00-05:00,12.479999542236328,12.619999885559082,12.3100004196167,12.5,207500,0.0,0.0,0.0
2026-03-04 00:00:00-05:00,11.800000190734863,12.180000305175781,11.520000457763672,11.90999984741211,1277700,0.0,0.0,0.0
2026-03-05 00:00:00-05:00,11.300000190734863,11.640000343322754,11.0,11.520000457763672,631100,0.0,0.0,0.0
2026-03-06 00:00:00-05:00,10.15999984741211,10.640000343322754,9.729999542236328,10.460000038146973,1109400,0.0,0.0,0.0
2026-03-09 00:00:00-04:00,10.199999809265137,10.390000343322754,9.579999923706055,10.260000228881836,1267400,0.0,0.0,0.0
2026-03-10 00:00:00-04:00,9.850000381469727,10.229999542236328,9.850000381469727,10.229999542236328,203900,0.0,0.0,0.0
2026-03-11 00:00:00-04:00,10.350000381469727,10.800000190734863,10.350000381469727,10.699999809265137,245800,0.0,0.0,0.0
2026-03-12 00:00:00-04:00,10.739999771118164,10.739999771118164,10.270000457763672,10.399999618530273,76300,0.0,0.0,0.0
2026-03-13 00:00:00-04:00,10.630000114440918,10.640000343322754,10.220000267028809,10.489999771118164,217400,0.0,0.0,0.0
2026-03-16 00:00:00-04:00,10.75,10.819999694824219,10.569999694824219,10.670000076293945,140400,0.0,0.0,0.0
2026-03-17 00:00:00-04:00,10.630000114440918,10.65999984741211,10.149999618530273,10.430000305175781,86900,0.0,0.0,0.0
2026-03-18 00:00:00-04:00,10.550000190734863,10.699999809265137,10.550000190734863,10.699999809265137,56800,0.0,0.0,0.0
2026-03-19 00:00:00-04:00,10.260000228881836,10.260000228881836,9.930000305175781,10.020000457763672,104800,0.0,0.0,0.0
2026-03-20 00:00:00-04:00,10.107999801635742,10.369000434875488,9.970999717712402,10.010000228881836,164200,0.0,0.0,0.0
2026-03-23 00:00:00-04:00,9.850000381469727,10.069999694824219,9.770000457763672,9.989999771118164,79200,0.0,0.0,0.0
2026-03-24 00:00:00-04:00,9.899999618530273,9.90999984741211,9.630999565124512,9.800000190734863,266400,0.0,0.0,0.0
2026-03-25 00:00:00-04:00,9.979999542236328,10.180000305175781,9.949999809265137,10.0,50700,0.0,0.0,0.0
2026-03-26 00:00:00-04:00,10.130000114440918,10.149999618530273,9.9399995803833,10.0,34200,0.0,0.0,0.0
2026-03-27 00:00:00-04:00,9.890000343322754,10.100000381469727,9.850000381469727,9.930000305175781,71800,0.0,0.0,0.0
2026-03-30 00:00:00-04:00,9.789999961853027,10.020000457763672,9.5,9.9399995803833,167900,0.0,0.0,0.0
2026-03-31 00:00:00-04:00,9.930000305175781,10.199999809265137,9.930000305175781,9.970000267028809,60200,0.0,0.0,0.0
2026-04-01 00:00:00-04:00,10.225000381469727,10.350000381469727,10.225000381469727,10.324999809265137,29400,0.0,0.0,0.0
2026-04-02 00:00:00-04:00,10.550000190734863,10.550000190734863,10.319999694824219,10.449999809265137,29300,0.0,0.0,0.0
2026-04-06 00:00:00-04:00,10.40999984741211,10.699999809265137,9.8100004196167,9.9399995803833,192300,0.0,0.0,0.0
2026-04-07 00:00:00-04:00,10.404999732971191,10.449999809265137,10.25,10.4399995803833,35900,0.0,0.0,0.0
2026-04-08 00:00:00-04:00,10.59000015258789,10.65999984741211,10.520000457763672,10.600000381469727,43900,0.0,0.0,0.0
2026-04-09 00:00:00-04:00,10.300000190734863,10.444999694824219,10.180999755859375,10.300000190734863,17000,0.0,0.0,0.0
2026-04-10 00:00:00-04:00,10.569999694824219,10.75,10.569999694824219,10.699999809265137,22900,0.0,0.0,0.0
2026-04-13 00:00:00-04:00,11.039999961853027,11.0600004196167,10.791000366210938,11.0600004196167,94300,0.0,0.0,0.0
2026-04-14 00:00:00-04:00,11.279999732971191,11.470000267028809,11.279999732971191,11.420000076293945,53800,0.0,0.0,0.0
2026-04-15 00:00:00-04:00,11.470000267028809,11.470000267028809,11.300000190734863,11.399999618530273,95700,0.0,0.0,0.0
2026-04-16 00:00:00-04:00,11.399999618530273,11.399999618530273,11.100000381469727,11.130000114440918,23100,0.0,0.0,0.0
2026-04-17 00:00:00-04:00,11.449999809265137,11.680000305175781,11.34000015258789,11.4399995803833,604500,0.0,0.0,0.0
2026-04-20 00:00:00-04:00,11.579999923706055,11.579999923706055,11.300000190734863,11.303999900817871,20600,0.0,0.0,0.0
2026-04-21 00:00:00-04:00,11.312999725341797,11.350000381469727,11.199999809265137,11.350000381469727,27400,0.0,0.0,0.0
2026-04-22 00:00:00-04:00,11.385000228881836,11.470000267028809,11.3149995803833,11.399999618530273,34600,0.0,0.0,0.0
2026-04-23 00:00:00-04:00,11.350000381469727,11.454999923706055,11.239999771118164,11.34000015258789,20900,0.0,0.0,0.0
2026-04-24 00:00:00-04:00,10.920000076293945,11.100000381469727,10.5,10.899999618530273,54900,0.0,0.0,0.0
2026-04-27 00:00:00-04:00,11.050000190734863,11.279999732971191,11.050000190734863,11.270000457763672,28200,0.0,0.0,0.0
2026-04-28 00:00:00-04:00,11.239999771118164,11.449999809265137,11.199999809265137,11.449999809265137,26400,0.0,0.0,0.0
2026-04-29 00:00:00-04:00,11.449999809265137,11.899999618530273,11.289999961853027,11.850000381469727,514900,0.0,0.0,0.0
2026-04-30 00:00:00-04:00,11.779999732971191,11.779999732971191,11.604999542236328,11.720000267028809,126300,0.0,0.0,0.0
2026-05-01 00:00:00-04:00,11.699999809265137,11.8100004196167,11.59000015258789,11.729999542236328,24600,0.0,0.0,0.0
2026-05-04 00:00:00-04:00,11.829999923706055,11.829999923706055,11.569999694824219,11.789999961853027,81000,0.0,0.0,0.0
2026-05-05 00:00:00-04:00,12.0,12.180000305175781,11.942000389099121,12.180000305175781,104500,0.0,0.0,0.0
2026-05-06 00:00:00-04:00,12.1899995803833,12.300000190734863,12.020000457763672,12.109999656677246,129400,0.0,0.0,0.0
2026-05-07 00:00:00-04:00,12.050000190734863,12.15999984741211,11.979999542236328,12.100000381469727,217500,0.0,0.0,0.0
2026-05-08 00:00:00-04:00,11.890000343322754,12.15999984741211,11.890000343322754,12.105999946594238,36900,0.0,0.0,0.0
2026-05-11 00:00:00-04:00,12.5,12.6850004196167,12.5,12.649999618530273,72900,0.0,0.0,0.0
2026-05-12 00:00:00-04:00,13.010000228881836,13.34000015258789,12.949999809265137,13.289999961853027,123500,0.0,0.0,0.0
2026-05-13 00:00:00-04:00,13.260000228881836,13.329999923706055,12.581000328063965,13.329999923706055,182100,0.0,0.0,0.0
2026-05-14 00:00:00-04:00,13.119999885559082,13.14799976348877,12.949999809265137,12.949999809265137,20900,0.0,0.0,0.0
2026-05-15 00:00:00-04:00,12.710000038146973,13.199999809265137,12.710000038146973,13.180000305175781,95600,0.0,0.0,0.0
2026-05-18 00:00:00-04:00,12.8100004196167,12.899999618530273,12.628999710083008,12.850000381469727,71400,0.0,0.0,0.0
2026-05-19 00:00:00-04:00,12.8100004196167,12.8100004196167,12.5600004196167,12.649999618530273,50800,0.0,0.0,0.0
2026-05-20 00:00:00-04:00,12.220000267028809,12.380000114440918,12.039999961853027,12.109999656677246,109800,0.0,0.0,0.0
2026-05-21 00:00:00-04:00,12.300000190734863,12.579999923706055,12.300000190734863,12.5,53400,0.0,0.0,0.0
2026-05-22 00:00:00-04:00,12.529999732971191,12.755000114440918,12.529999732971191,12.675000190734863,44300,0.0,0.0,0.0
2026-05-26 00:00:00-04:00,13.039999961853027,13.039999961853027,12.729999542236328,12.880000114440918,112000,0.0,0.0,0.0
2026-05-27 00:00:00-04:00,12.8100004196167,12.89799976348877,12.75,12.875,39500,0.0,0.0,0.0
2026-05-28 00:00:00-04:00,12.899999618530273,13.149999618530273,12.899999618530273,13.149999618530273,86000,0.0,0.0,0.0
2026-05-29 00:00:00-04:00,13.0,13.149999618530273,12.869999885559082,12.9399995803833,67600,0.0,0.0,0.0
2026-06-01 00:00:00-04:00,13.0,13.199999809265137,12.930000305175781,13.03499984741211,59500,0.0,0.0,0.0
2026-06-02 00:00:00-04:00,12.949999809265137,13.0,12.579999923706055,12.9399995803833,194800,0.0,0.0,0.0
2026-06-03 00:00:00-04:00,12.34000015258789,12.789999961853027,12.34000015258789,12.619999885559082,52200,0.0,0.0,0.0
2026-06-04 00:00:00-04:00,12.449999809265137,12.760000228881836,12.3100004196167,12.65999984741211,57200,0.0,0.0,0.0
2026-06-05 00:00:00-04:00,12.630000114440918,12.800000190734863,12.630000114440918,12.699999809265137,22800,0.0,0.0,0.0
2026-06-08 00:00:00-04:00,12.5,12.586000442504883,12.119999885559082,12.369999885559082,194900,0.0,0.0,0.0
2026-06-09 00:00:00-04:00,12.369999885559082,12.53600025177002,12.369999885559082,12.369999885559082,25800,0.0,0.0,0.0
2026-06-10 00:00:00-04:00,12.489999771118164,12.770000457763672,12.399999618530273,12.5,103100,0.0,0.0,0.0
2026-06-11 00:00:00-04:00,12.5,12.630000114440918,12.399999618530273,12.520000457763672,26900,0.0,0.0,0.0
2026-06-12 00:00:00-04:00,12.520000457763672,12.579999923706055,12.319999694824219,12.319999694824219,46900,0.0,0.0,0.0
2026-06-15 00:00:00-04:00,12.09000015258789,12.310999870300293,11.850000381469727,11.989999771118164,201100,0.0,0.0,0.0
2026-06-16 00:00:00-04:00,11.90999984741211,12.329999923706055,11.399999618530273,12.130000114440918,56600,0.0,0.0,0.0
2026-06-17 00:00:00-04:00,11.989999771118164,12.21500015258789,11.880000114440918,11.880000114440918,20100,0.0,0.0,0.0
2026-06-18 00:00:00-04:00,11.739999771118164,11.800000190734863,11.1850004196167,11.569999694824219,101000,0.0,0.0,0.0
2026-06-22 00:00:00-04:00,11.550000190734863,11.6899995803833,11.550000190734863,11.579999923706055,42400,0.0,0.0,0.0
2026-06-23 00:00:00-04:00,11.699999809265137,11.899999618530273,11.699999809265137,11.770000457763672,42400,0.0,0.0,0.0
2026-06-24 00:00:00-04:00,11.699999809265137,11.859999656677246,11.574999809265137,11.699999809265137,33100,0.0,0.0,0.0
2026-06-25 00:00:00-04:00,11.430000305175781,11.5649995803833,11.319999694824219,11.399999618530273,71700,0.0,0.0,0.0
2026-06-26 00:00:00-04:00,,,,,28530,0.0,0.0,0.0
