Date,Open,High,Low,Close,Volume,Dividends,Stock Splits
1992-05-19 00:00:00-04:00,4.25,4.34375,4.21875,4.28125,7799600,0.0,0.0
1992-05-20 00:00:00-04:00,4.34375,4.375,4.3125,4.375,2560400,0.0,0.0
1992-05-21 00:00:00-04:00,4.375,4.375,4.3125,4.375,1854000,0.0,0.0
1992-05-22 00:00:00-04:00,4.40625,4.59375,4.375,4.53125,3206400,0.0,0.0
1992-05-26 00:00:00-04:00,4.5,4.53125,4.375,4.375,1727600,0.0,0.0
1992-05-27 00:00:00-04:00,4.40625,4.46875,4.40625,4.4375,794000,0.0,0.0
1992-05-28 00:00:00-04:00,4.46875,4.5,4.4375,4.46875,250800,0.0,0.0
1992-05-29 00:00:00-04:00,4.5,4.59375,4.46875,4.5625,1041600,0.0,0.0
1992-06-01 00:00:00-04:00,4.5625,4.65625,4.5625,4.625,859600,0.0,0.0
1992-06-02 00:00:00-04:00,4.6875,4.6875,4.5625,4.65625,1385600,0.0,0.0
1992-06-03 00:00:00-04:00,4.625,4.625,4.46875,4.5,1222000,0.0,0.0
1992-06-04 00:00:00-04:00,4.5,4.5,4.375,4.375,464000,0.0,0.0
1992-06-05 00:00:00-04:00,4.34375,4.34375,4.25,4.3125,940800,0.0,0.0
1992-06-08 00:00:00-04:00,4.34375,4.34375,4.3125,4.3125,844000,0.0,0.0
1992-06-09 00:00:00-04:00,4.3125,4.34375,4.125,4.125,1579200,0.0,0.0
1992-06-10 00:00:00-04:00,4.125,4.15625,4.125,4.125,676800,0.0,0.0
1992-06-11 00:00:00-04:00,4.15625,4.15625,4.03125,4.09375,1413600,0.0,0.0
1992-06-12 00:00:00-04:00,4.15625,4.21875,4.15625,4.1875,208400,0.0,0.0
1992-06-15 00:00:00-04:00,4.15625,4.15625,4.125,4.15625,1178000,0.0,0.0
1992-06-16 00:00:00-04:00,4.15625,4.15625,4.09375,4.125,256000,0.0,0.0
1992-06-17 00:00:00-04:00,4.09375,4.09375,3.875,3.9375,1033200,0.0,0.0
1992-06-18 00:00:00-04:00,3.9375,3.9375,3.90625,3.9375,277200,0.0,0.0
1992-06-19 00:00:00-04:00,3.90625,3.9375,3.875,3.9375,394800,0.0,0.0
1992-06-22 00:00:00-04:00,3.875,3.875,3.5,3.59375,752400,0.0,0.0
1992-06-23 00:00:00-04:00,3.65625,4.0,3.65625,3.96875,1240000,0.0,0.0
1992-06-24 00:00:00-04:00,4.0,4.0,3.84375,3.9375,368000,0.0,0.0
1992-06-25 00:00:00-04:00,3.96875,3.96875,3.8125,3.875,344400,0.0,0.0
1992-06-26 00:00:00-04:00,3.84375,3.875,3.8125,3.875,290000,0.0,0.0
1992-06-29 00:00:00-04:00,3.875,4.25,3.875,4.21875,474400,0.0,0.0
1992-06-30 00:00:00-04:00,4.25,4.28125,4.1875,4.28125,532400,0.0,0.0
1992-07-01 00:00:00-04:00,4.25,4.25,4.21875,4.21875,191200,0.0,0.0
1992-07-02 00:00:00-04:00,4.25,4.46875,4.25,4.4375,1210400,0.0,0.0
1992-07-06 00:00:00-04:00,4.4375,4.59375,4.40625,4.59375,1128400,0.0,0.0
1992-07-07 00:00:00-04:00,4.625,4.71875,4.59375,4.59375,784000,0.0,0.0
1992-07-08 00:00:00-04:00,4.625,4.625,4.40625,4.46875,355200,0.0,0.0
1992-07-09 00:00:00-04:00,4.46875,4.5625,4.21875,4.53125,102400,0.0,0.0
1992-07-10 00:00:00-04:00,4.53125,4.53125,4.4375,4.46875,129600,0.0,0.0
1992-07-13 00:00:00-04:00,4.46875,4.59375,4.46875,4.53125,219200,0.0,0.0
1992-07-14 00:00:00-04:00,4.5625,4.65625,4.53125,4.65625,225600,0.0,0.0
1992-07-15 00:00:00-04:00,4.65625,4.65625,4.5625,4.5625,335600,0.0,0.0
1992-07-16 00:00:00-04:00,4.5625,4.75,4.5625,4.75,765600,0.0,0.0
1992-07-17 00:00:00-04:00,4.78125,4.78125,4.625,4.65625,440000,0.0,0.0
1992-07-20 00:00:00-04:00,4.59375,4.65625,4.4375,4.5,201600,0.0,0.0
1992-07-21 00:00:00-04:00,4.53125,4.90625,4.53125,4.75,700400,0.0,0.0
1992-07-22 00:00:00-04:00,4.75,4.90625,4.71875,4.84375,218800,0.0,0.0
1992-07-23 00:00:00-04:00,4.8125,4.90625,4.78125,4.8125,330800,0.0,0.0
1992-07-24 00:00:00-04:00,4.75,4.78125,4.6875,4.71875,308800,0.0,0.0
1992-07-27 00:00:00-04:00,4.71875,4.71875,4.625,4.625,71200,0.0,0.0
1992-07-28 00:00:00-04:00,4.6875,4.875,4.6875,4.84375,453200,0.0,0.0
1992-07-29 00:00:00-04:00,4.875,5.09375,4.875,5.0,1081600,0.0,0.0
1992-07-30 00:00:00-04:00,4.96875,5.0,4.90625,5.0,422800,0.0,0.0
1992-07-31 00:00:00-04:00,4.9375,5.0,4.9375,5.0,154400,0.0,0.0
1992-08-03 00:00:00-04:00,5.0,5.0,4.96875,4.96875,63600,0.0,0.0
1992-08-04 00:00:00-04:00,5.0,5.0,4.9375,4.96875,201200,0.0,0.0
1992-08-05 00:00:00-04:00,4.9375,4.96875,4.90625,4.9375,750400,0.0,0.0
1992-08-06 00:00:00-04:00,4.9375,5.0,4.90625,5.0,208000,0.0,0.0
1992-08-07 00:00:00-04:00,4.96875,5.0625,4.90625,4.90625,643200,0.0,0.0
1992-08-10 00:00:00-04:00,4.9375,5.03125,4.8125,4.84375,277200,0.0,0.0
1992-08-11 00:00:00-04:00,4.8125,4.8125,4.5625,4.625,764400,0.0,0.0
1992-08-12 00:00:00-04:00,4.59375,4.59375,4.5,4.5625,319200,0.0,0.0
1992-08-13 00:00:00-04:00,4.59375,4.59375,4.5,4.5,251600,0.0,0.0
1992-08-14 00:00:00-04:00,4.5,4.5,4.3125,4.34375,984400,0.0,0.0
1992-08-17 00:00:00-04:00,4.34375,4.4375,4.3125,4.4375,472800,0.0,0.0
1992-08-18 00:00:00-04:00,4.40625,4.4375,4.40625,4.40625,565600,0.0,0.0
1992-08-19 00:00:00-04:00,4.4375,4.5625,4.4375,4.53125,782800,0.0,0.0
1992-08-20 00:00:00-04:00,4.59375,4.59375,4.5,4.5625,254800,0.0,0.0
1992-08-21 00:00:00-04:00,4.59375,4.65625,4.5625,4.5625,297600,0.0,0.0
1992-08-24 00:00:00-04:00,4.59375,4.59375,4.46875,4.5,164400,0.0,0.0
1992-08-25 00:00:00-04:00,4.5625,4.625,4.5,4.625,221600,0.0,0.0
1992-08-26 00:00:00-04:00,4.625,4.8125,4.625,4.75,418000,0.0,0.0
1992-08-27 00:00:00-04:00,4.75,4.84375,4.75,4.8125,94000,0.0,0.0
1992-08-28 00:00:00-04:00,4.75,4.84375,4.75,4.84375,263200,0.0,0.0
1992-08-31 00:00:00-04:00,4.84375,4.84375,4.78125,4.84375,204000,0.0,0.0
1992-09-01 00:00:00-04:00,4.71875,4.78125,4.65625,4.78125,586800,0.0,0.0
1992-09-02 00:00:00-04:00,4.78125,4.78125,4.65625,4.78125,454400,0.0,0.0
1992-09-03 00:00:00-04:00,4.78125,4.78125,4.5,4.5,788400,0.0,0.0
1992-09-04 00:00:00-04:00,4.53125,4.59375,4.5,4.59375,38000,0.0,0.0
1992-09-08 00:00:00-04:00,4.59375,4.65625,4.59375,4.625,210400,0.0,0.0
1992-09-09 00:00:00-04:00,4.625,4.78125,4.625,4.78125,521200,0.0,0.0
1992-09-10 00:00:00-04:00,4.875,4.90625,4.8125,4.90625,1064800,0.0,0.0
1992-09-11 00:00:00-04:00,4.90625,4.96875,4.90625,4.96875,210800,0.0,0.0
1992-09-14 00:00:00-04:00,4.96875,5.0,4.90625,4.9375,340000,0.0,0.0
1992-09-15 00:00:00-04:00,4.96875,5.0,4.90625,4.96875,446000,0.0,0.0
1992-09-16 00:00:00-04:00,4.96875,4.96875,4.9375,4.9375,122400,0.0,0.0
1992-09-17 00:00:00-04:00,4.96875,5.125,4.9375,5.09375,611600,0.0,0.0
1992-09-18 00:00:00-04:00,5.09375,5.09375,4.875,4.90625,263200,0.0,0.0
1992-09-21 00:00:00-04:00,4.875,4.90625,4.875,4.90625,59200,0.0,0.0
1992-09-22 00:00:00-04:00,4.875,4.90625,4.78125,4.78125,220000,0.0,0.0
1992-09-23 00:00:00-04:00,4.8125,4.8125,4.6875,4.71875,176800,0.0,0.0
1992-09-24 00:00:00-04:00,4.6875,4.78125,4.6875,4.71875,154400,0.0,0.0
1992-09-25 00:00:00-04:00,4.71875,4.75,4.59375,4.59375,192000,0.0,0.0
1992-09-28 00:00:00-04:00,4.59375,4.59375,4.4375,4.4375,175600,0.0,0.0
1992-09-29 00:00:00-04:00,4.4375,4.46875,4.375,4.46875,333200,0.0,0.0
1992-09-30 00:00:00-04:00,4.46875,4.46875,4.34375,4.4375,341200,0.0,0.0
1992-10-01 00:00:00-04:00,4.46875,4.5,4.46875,4.46875,252800,0.0,0.0
1992-10-02 00:00:00-04:00,4.46875,4.46875,4.1875,4.1875,196800,0.0,0.0
1992-10-05 00:00:00-04:00,4.1875,4.1875,4.0,4.125,418800,0.0,0.0
1992-10-06 00:00:00-04:00,4.1875,4.4375,4.1875,4.21875,342400,0.0,0.0
1992-10-07 00:00:00-04:00,4.21875,4.4375,4.21875,4.375,303600,0.0,0.0
1992-10-08 00:00:00-04:00,4.375,4.5625,4.375,4.5625,404400,0.0,0.0
1992-10-09 00:00:00-04:00,4.5,4.53125,4.4375,4.4375,155600,0.0,0.0
1992-10-12 00:00:00-04:00,4.5,4.5,4.4375,4.4375,76000,0.0,0.0
1992-10-13 00:00:00-04:00,4.4375,4.46875,4.4375,4.4375,98800,0.0,0.0
1992-10-14 00:00:00-04:00,4.53125,4.625,4.5,4.5,190800,0.0,0.0
1992-10-15 00:00:00-04:00,4.5,4.53125,4.46875,4.46875,119200,0.0,0.0
1992-10-16 00:00:00-04:00,4.46875,4.53125,4.46875,4.5,344400,0.0,0.0
1992-10-19 00:00:00-04:00,4.5,4.59375,4.5,4.5625,201600,0.0,0.0
1992-10-20 00:00:00-04:00,4.5625,4.75,4.5625,4.65625,560800,0.0,0.0
1992-10-21 00:00:00-04:00,4.625,4.65625,4.5625,4.5625,53600,0.0,0.0
1992-10-22 00:00:00-04:00,4.625,4.625,4.5625,4.59375,242400,0.0,0.0
1992-10-23 00:00:00-04:00,4.5625,4.59375,4.5625,4.5625,343200,0.0,0.0
1992-10-26 00:00:00-05:00,4.5,4.65625,4.5,4.65625,322000,0.0,0.0
1992-10-27 00:00:00-05:00,4.625,4.84375,4.625,4.78125,346000,0.0,0.0
1992-10-28 00:00:00-05:00,4.78125,4.96875,4.78125,4.96875,440000,0.0,0.0
1992-10-29 00:00:00-05:00,4.96875,5.15625,4.875,5.125,360400,0.0,0.0
1992-10-30 00:00:00-05:00,5.125,5.21875,5.0625,5.1875,449600,0.0,0.0
1992-11-02 00:00:00-05:00,5.21875,5.21875,4.8125,4.96875,239200,0.0,0.0
1992-11-03 00:00:00-05:00,4.96875,5.0,4.90625,4.90625,266800,0.0,0.0
1992-11-04 00:00:00-05:00,4.90625,5.03125,4.90625,4.9375,220400,0.0,0.0
1992-11-05 00:00:00-05:00,4.96875,5.0,4.90625,5.0,396400,0.0,0.0
1992-11-06 00:00:00-05:00,5.0,5.03125,4.90625,4.9375,332800,0.0,0.0
1992-11-09 00:00:00-05:00,4.90625,4.90625,4.75,4.84375,148800,0.0,0.0
1992-11-10 00:00:00-05:00,4.84375,4.90625,4.84375,4.90625,148800,0.0,0.0
1992-11-11 00:00:00-05:00,4.90625,5.0625,4.90625,5.03125,329600,0.0,0.0
1992-11-12 00:00:00-05:00,5.0625,5.09375,5.03125,5.03125,436400,0.0,0.0
1992-11-13 00:00:00-05:00,5.03125,5.03125,4.875,4.90625,237600,0.0,0.0
1992-11-16 00:00:00-05:00,4.75,4.78125,4.75,4.75,3570800,0.0,0.0
1992-11-17 00:00:00-05:00,4.78125,4.78125,4.75,4.75,592400,0.0,0.0
1992-11-18 00:00:00-05:00,4.75,4.8125,4.71875,4.8125,651200,0.0,0.0
1992-11-19 00:00:00-05:00,4.8125,4.875,4.8125,4.84375,1478400,0.0,0.0
1992-11-20 00:00:00-05:00,4.875,4.875,4.8125,4.8125,1189600,0.0,0.0
1992-11-23 00:00:00-05:00,4.84375,4.875,4.84375,4.84375,327200,0.0,0.0
1992-11-24 00:00:00-05:00,4.84375,4.84375,4.75,4.75,834400,0.0,0.0
1992-11-25 00:00:00-05:00,4.78125,4.78125,4.71875,4.75,265600,0.0,0.0
1992-11-27 00:00:00-05:00,4.75,4.75,4.65625,4.71875,158800,0.0,0.0
1992-11-30 00:00:00-05:00,4.6875,4.71875,4.65625,4.6875,220800,0.0,0.0
1992-12-01 00:00:00-05:00,4.71875,4.75,4.71875,4.75,380000,0.0,0.0
1992-12-02 00:00:00-05:00,4.71875,4.75,4.71875,4.71875,798400,0.0,0.0
1992-12-03 00:00:00-05:00,4.75,4.8125,4.75,4.78125,954800,0.0,0.0
1992-12-04 00:00:00-05:00,4.78125,4.84375,4.75,4.8125,420800,0.0,0.0
1992-12-07 00:00:00-05:00,4.84375,4.875,4.8125,4.875,446000,0.0,0.0
1992-12-08 00:00:00-05:00,4.875,4.875,4.71875,4.71875,668400,0.0,0.0
1992-12-09 00:00:00-05:00,4.71875,4.75,4.71875,4.75,438800,0.0,0.0
1992-12-10 00:00:00-05:00,4.71875,4.75,4.6875,4.6875,323600,0.0,0.0
1992-12-11 00:00:00-05:00,4.6875,4.71875,4.6875,4.71875,204000,0.0,0.0
1992-12-14 00:00:00-05:00,4.71875,4.71875,4.59375,4.6875,1136800,0.0,0.0
1992-12-15 00:00:00-05:00,4.6875,4.71875,4.625,4.65625,150800,0.0,0.0
1992-12-16 00:00:00-05:00,4.65625,4.65625,4.5625,4.5625,614000,0.0,0.0
1992-12-17 00:00:00-05:00,4.59375,4.71875,4.59375,4.6875,508000,0.0,0.0
1992-12-18 00:00:00-05:00,4.71875,4.75,4.6875,4.71875,162000,0.0,0.0
1992-12-21 00:00:00-05:00,4.75,4.78125,4.71875,4.75,1321600,0.0,0.0
1992-12-22 00:00:00-05:00,4.78125,4.8125,4.75,4.78125,540800,0.0,0.0
1992-12-23 00:00:00-05:00,4.65625,4.75,4.65625,4.6875,353200,0.0,0.0
1992-12-24 00:00:00-05:00,4.6875,4.6875,4.65625,4.65625,11600,0.0,0.0
1992-12-28 00:00:00-05:00,4.6875,4.875,4.6875,4.875,292400,0.0,0.0
1992-12-29 00:00:00-05:00,4.84375,4.96875,4.84375,4.90625,359200,0.0,0.0
1992-12-30 00:00:00-05:00,4.9375,4.96875,4.9375,4.96875,60000,0.0,0.0
1992-12-31 00:00:00-05:00,4.96875,5.21875,4.96875,5.21875,242400,0.0,0.0
1993-01-04 00:00:00-05:00,5.21875,5.46875,5.1875,5.28125,385200,0.0,0.0
1993-01-05 00:00:00-05:00,5.28125,5.3125,5.15625,5.21875,390000,0.0,0.0
1993-01-06 00:00:00-05:00,5.21875,5.25,5.15625,5.25,450400,0.0,0.0
1993-01-07 00:00:00-05:00,5.25,5.28125,5.15625,5.15625,508000,0.0,0.0
1993-01-08 00:00:00-05:00,5.1875,5.21875,5.1875,5.1875,145200,0.0,0.0
1993-01-11 00:00:00-05:00,5.1875,5.28125,5.15625,5.25,676400,0.0,0.0
1993-01-12 00:00:00-05:00,5.03125,5.1875,4.90625,5.15625,816400,0.0,0.0
1993-01-13 00:00:00-05:00,5.1875,5.3125,5.15625,5.25,891200,0.0,0.0
1993-01-14 00:00:00-05:00,5.3125,5.34375,5.21875,5.21875,310000,0.0,0.0
1993-01-15 00:00:00-05:00,5.15625,5.21875,5.15625,5.1875,218000,0.0,0.0
1993-01-18 00:00:00-05:00,5.1875,5.1875,5.15625,5.15625,124400,0.0,0.0
1993-01-19 00:00:00-05:00,5.125,5.25,5.125,5.21875,234400,0.0,0.0
1993-01-20 00:00:00-05:00,5.25,5.3125,5.21875,5.25,1157600,0.0,0.0
1993-01-21 00:00:00-05:00,5.25,5.3125,5.1875,5.28125,970800,0.0,0.0
1993-01-22 00:00:00-05:00,5.25,5.46875,5.25,5.46875,310000,0.0,0.0
1993-01-25 00:00:00-05:00,5.46875,5.75,5.46875,5.6875,943200,0.0,0.0
1993-01-26 00:00:00-05:00,5.6875,5.90625,5.6875,5.78125,801600,0.0,0.0
1993-01-27 00:00:00-05:00,5.71875,5.75,5.65625,5.65625,464800,0.0,0.0
1993-01-28 00:00:00-05:00,5.65625,5.6875,5.53125,5.5625,514800,0.0,0.0
1993-01-29 00:00:00-05:00,5.5625,5.625,5.5625,5.625,123600,0.0,0.0
1993-02-01 00:00:00-05:00,5.59375,5.625,5.5625,5.625,349200,0.0,0.0
1993-02-02 00:00:00-05:00,5.5625,5.59375,5.5625,5.59375,638000,0.0,0.0
1993-02-03 00:00:00-05:00,5.53125,5.59375,5.46875,5.5625,584400,0.0,0.0
1993-02-04 00:00:00-05:00,5.59375,5.59375,5.4375,5.4375,441200,0.0,0.0
1993-02-05 00:00:00-05:00,5.4375,5.4375,5.28125,5.3125,357600,0.0,0.0
1993-02-08 00:00:00-05:00,5.28125,5.28125,5.25,5.28125,162800,0.0,0.0
1993-02-09 00:00:00-05:00,5.25,5.28125,5.21875,5.25,305600,0.0,0.0
1993-02-10 00:00:00-05:00,5.21875,5.25,5.1875,5.25,266000,0.0,0.0
1993-02-11 00:00:00-05:00,5.25,5.28125,5.21875,5.21875,205200,0.0,0.0
1993-02-12 00:00:00-05:00,5.21875,5.25,5.21875,5.25,255200,0.0,0.0
1993-02-16 00:00:00-05:00,5.1875,5.21875,4.9375,5.03125,301600,0.0,0.0
1993-02-17 00:00:00-05:00,4.96875,4.96875,4.59375,4.71875,312000,0.0,0.0
1993-02-18 00:00:00-05:00,4.71875,4.71875,4.625,4.625,321200,0.0,0.0
1993-02-19 00:00:00-05:00,4.65625,4.65625,4.5,4.5,324000,0.0,0.0
1993-02-22 00:00:00-05:00,4.4375,4.4375,3.9375,4.0,2292800,0.0,0.0
1993-02-23 00:00:00-05:00,4.0,4.1875,3.90625,4.1875,725600,0.0,0.0
1993-02-24 00:00:00-05:00,4.25,4.65625,4.25,4.59375,517600,0.0,0.0
1993-02-25 00:00:00-05:00,4.59375,4.59375,4.5,4.59375,412400,0.0,0.0
1993-02-26 00:00:00-05:00,4.65625,4.65625,4.5625,4.65625,259600,0.0,0.0
1993-03-01 00:00:00-05:00,4.65625,4.6875,4.5625,4.5625,964400,0.0,0.0
1993-03-02 00:00:00-05:00,4.59375,4.65625,4.5,4.65625,102400,0.0,0.0
1993-03-03 00:00:00-05:00,4.625,4.65625,4.5625,4.59375,115200,0.0,0.0
1993-03-04 00:00:00-05:00,4.625,4.625,4.40625,4.40625,234000,0.0,0.0
1993-03-05 00:00:00-05:00,4.40625,4.53125,4.3125,4.5,232800,0.0,0.0
1993-03-08 00:00:00-05:00,4.4375,4.46875,4.40625,4.4375,152000,0.0,0.0
1993-03-09 00:00:00-05:00,4.4375,4.4375,4.375,4.40625,192400,0.0,0.0
1993-03-10 00:00:00-05:00,4.5,4.5,4.4375,4.46875,523600,0.0,0.0
1993-03-11 00:00:00-05:00,4.4375,4.46875,4.25,4.3125,651200,0.0,0.0
1993-03-12 00:00:00-05:00,4.21875,4.21875,4.03125,4.03125,485200,0.0,0.0
1993-03-15 00:00:00-05:00,4.0625,4.125,4.03125,4.03125,726400,0.0,0.0
1993-03-16 00:00:00-05:00,4.03125,4.03125,3.84375,3.84375,1013600,0.0,0.0
1993-03-17 00:00:00-05:00,3.75,3.78125,3.6875,3.71875,422000,0.0,0.0
1993-03-18 00:00:00-05:00,3.71875,3.875,3.6875,3.84375,851200,0.0,0.0
1993-03-19 00:00:00-05:00,3.8125,4.0,3.625,3.6875,986000,0.0,0.0
1993-03-22 00:00:00-05:00,3.6875,3.78125,3.6875,3.78125,225200,0.0,0.0
1993-03-23 00:00:00-05:00,3.78125,3.78125,3.6875,3.6875,306400,0.0,0.0
1993-03-24 00:00:00-05:00,3.53125,3.625,3.53125,3.625,728000,0.0,0.0
1993-03-25 00:00:00-05:00,3.625,3.6875,3.59375,3.6875,388400,0.0,0.0
1993-03-26 00:00:00-05:00,3.6875,3.6875,3.65625,3.6875,218400,0.0,0.0
1993-03-29 00:00:00-05:00,3.6875,3.6875,3.625,3.65625,559200,0.0,0.0
1993-03-30 00:00:00-05:00,3.6875,3.71875,3.6875,3.71875,2000400,0.0,0.0
1993-03-31 00:00:00-05:00,3.9375,4.125,3.90625,4.0,2236400,0.0,0.0
1993-04-01 00:00:00-05:00,3.9375,3.9375,3.25,3.375,9892400,0.0,0.0
1993-04-02 00:00:00-05:00,3.34375,3.46875,3.3125,3.4375,3388400,0.0,0.0
1993-04-05 00:00:00-04:00,3.4375,3.5,3.4375,3.4375,774400,0.0,0.0
1993-04-06 00:00:00-04:00,3.46875,3.46875,3.4375,3.46875,782400,0.0,0.0
1993-04-07 00:00:00-04:00,3.46875,3.46875,3.375,3.375,1932400,0.0,0.0
1993-04-08 00:00:00-04:00,3.34375,3.34375,3.21875,3.25,1130800,0.0,0.0
1993-04-12 00:00:00-04:00,3.28125,3.34375,3.28125,3.34375,2305200,0.0,0.0
1993-04-13 00:00:00-04:00,3.34375,3.34375,3.3125,3.3125,1691200,0.0,0.0
1993-04-14 00:00:00-04:00,3.3125,3.34375,3.3125,3.3125,67600,0.0,0.0
1993-04-15 00:00:00-04:00,3.25,3.25,3.1875,3.25,998000,0.0,0.0
1993-04-16 00:00:00-04:00,3.25,3.25,3.21875,3.21875,101200,0.0,0.0
1993-04-19 00:00:00-04:00,3.21875,3.25,3.21875,3.21875,720400,0.0,0.0
1993-04-20 00:00:00-04:00,3.21875,3.28125,3.21875,3.28125,139600,0.0,0.0
1993-04-21 00:00:00-04:00,3.28125,3.3125,3.25,3.25,1420800,0.0,0.0
1993-04-22 00:00:00-04:00,3.28125,3.4375,3.28125,3.34375,1586800,0.0,0.0
1993-04-23 00:00:00-04:00,3.34375,3.4375,3.3125,3.4375,356000,0.0,0.0
1993-04-26 00:00:00-04:00,3.40625,3.46875,3.40625,3.46875,245200,0.0,0.0
1993-04-27 00:00:00-04:00,3.46875,3.5625,3.46875,3.5625,1304000,0.0,0.0
1993-04-28 00:00:00-04:00,3.53125,3.5625,3.53125,3.5625,728000,0.0,0.0
1993-04-29 00:00:00-04:00,3.59375,3.625,3.5625,3.59375,343200,0.0,0.0
1993-04-30 00:00:00-04:00,3.59375,3.59375,3.53125,3.59375,531200,0.0,0.0
1993-05-03 00:00:00-04:00,3.65625,3.6875,3.625,3.65625,582400,0.0,0.0
1993-05-04 00:00:00-04:00,3.65625,3.8125,3.65625,3.8125,475200,0.0,0.0
1993-05-05 00:00:00-04:00,3.875,3.96875,3.875,3.9375,371600,0.0,0.0
1993-05-06 00:00:00-04:00,3.9375,3.9375,3.71875,3.71875,397200,0.0,0.0
1993-05-07 00:00:00-04:00,3.75,3.8125,3.71875,3.75,202800,0.0,0.0
1993-05-10 00:00:00-04:00,3.78125,3.78125,3.625,3.625,738000,0.0,0.0
1993-05-11 00:00:00-04:00,3.5625,3.59375,3.53125,3.5625,728800,0.0,0.0
1993-05-12 00:00:00-04:00,3.5625,3.5625,3.5,3.5,386000,0.0,0.0
1993-05-13 00:00:00-04:00,3.53125,3.53125,3.4375,3.5,696400,0.0,0.0
1993-05-14 00:00:00-04:00,3.46875,3.5,3.4375,3.46875,275200,0.0,0.0
1993-05-17 00:00:00-04:00,3.5,3.5625,3.5,3.53125,586800,0.0,0.0
1993-05-18 00:00:00-04:00,3.53125,3.6875,3.46875,3.65625,582400,0.0,0.0
1993-05-19 00:00:00-04:00,3.65625,3.71875,3.65625,3.71875,172400,0.0,0.0
1993-05-20 00:00:00-04:00,3.75,4.0,3.75,4.0,696400,0.0,0.0
1993-05-21 00:00:00-04:00,4.0,4.09375,4.0,4.0625,601600,0.0,0.0
1993-05-24 00:00:00-04:00,4.0,4.0,3.96875,3.96875,64400,0.0,0.0
1993-05-25 00:00:00-04:00,3.96875,4.03125,3.875,3.90625,1109200,0.0,0.0
1993-05-26 00:00:00-04:00,3.875,3.9375,3.84375,3.875,943200,0.0,0.0
1993-05-27 00:00:00-04:00,3.875,3.9375,3.875,3.90625,246800,0.0,0.0
1993-05-28 00:00:00-04:00,3.90625,3.90625,3.84375,3.875,604000,0.0,0.0
1993-06-01 00:00:00-04:00,3.90625,4.0,3.90625,3.96875,221200,0.0,0.0
1993-06-02 00:00:00-04:00,4.0,4.0,3.96875,3.96875,312800,0.0,0.0
1993-06-03 00:00:00-04:00,3.9375,3.9375,3.875,3.90625,264800,0.0,0.0
1993-06-04 00:00:00-04:00,3.875,3.9375,3.84375,3.9375,224000,0.0,0.0
1993-06-07 00:00:00-04:00,3.9375,3.9375,3.90625,3.9375,280800,0.0,0.0
1993-06-08 00:00:00-04:00,3.9375,3.9375,3.84375,3.875,133600,0.0,0.0
1993-06-09 00:00:00-04:00,3.90625,3.96875,3.8125,3.8125,254400,0.0,0.0
1993-06-10 00:00:00-04:00,3.84375,3.84375,3.6875,3.6875,1647200,0.0,0.0
1993-06-11 00:00:00-04:00,3.71875,3.75,3.6875,3.71875,1234800,0.0,0.0
1993-06-14 00:00:00-04:00,3.75,3.75,3.6875,3.6875,323600,0.0,0.0
1993-06-15 00:00:00-04:00,3.6875,3.6875,3.59375,3.65625,127600,0.0,0.0
1993-06-16 00:00:00-04:00,3.65625,3.65625,3.59375,3.625,117200,0.0,0.0
1993-06-17 00:00:00-04:00,3.6875,3.6875,3.65625,3.65625,127600,0.0,0.0
1993-06-18 00:00:00-04:00,3.6875,3.6875,3.5625,3.5625,254000,0.0,0.0
1993-06-21 00:00:00-04:00,3.59375,3.75,3.59375,3.6875,295200,0.0,0.0
1993-06-22 00:00:00-04:00,3.6875,3.71875,3.59375,3.59375,432000,0.0,0.0
1993-06-23 00:00:00-04:00,3.5625,3.5625,3.4375,3.4375,743200,0.0,0.0
1993-06-24 00:00:00-04:00,3.5,3.53125,3.4375,3.5,475200,0.0,0.0
1993-06-25 00:00:00-04:00,3.5,3.625,3.46875,3.59375,464800,0.0,0.0
1993-06-28 00:00:00-04:00,3.59375,3.75,3.59375,3.75,542800,0.0,0.0
1993-06-29 00:00:00-04:00,3.75,3.75,3.65625,3.65625,304000,0.0,0.0
1993-06-30 00:00:00-04:00,3.625,3.65625,3.4375,3.5,1140800,0.0,0.0
1993-07-01 00:00:00-04:00,3.5,3.71875,3.5,3.6875,1960800,0.0,0.0
1993-07-02 00:00:00-04:00,3.625,3.71875,3.625,3.71875,598000,0.0,0.0
1993-07-06 00:00:00-04:00,3.71875,3.71875,3.6875,3.6875,97600,0.0,0.0
1993-07-07 00:00:00-04:00,3.6875,3.875,3.6875,3.875,247600,0.0,0.0
1993-07-08 00:00:00-04:00,3.875,3.875,3.6875,3.6875,492400,0.0,0.0
1993-07-09 00:00:00-04:00,3.625,3.75,3.625,3.71875,436800,0.0,0.0
1993-07-12 00:00:00-04:00,3.75,3.8125,3.71875,3.78125,126800,0.0,0.0
1993-07-13 00:00:00-04:00,3.75,3.78125,3.6875,3.75,628400,0.0,0.0
1993-07-14 00:00:00-04:00,3.78125,3.78125,3.71875,3.75,58000,0.0,0.0
1993-07-15 00:00:00-04:00,3.78125,3.8125,3.71875,3.71875,309200,0.0,0.0
1993-07-16 00:00:00-04:00,3.625,3.625,3.59375,3.59375,881600,0.0,0.0
1993-07-19 00:00:00-04:00,3.59375,3.59375,3.5625,3.5625,172000,0.0,0.0
1993-07-20 00:00:00-04:00,3.53125,3.5625,3.4375,3.4375,702400,0.0,0.0
1993-07-21 00:00:00-04:00,3.4375,3.5,3.40625,3.4375,778800,0.0,0.0
1993-07-22 00:00:00-04:00,3.46875,3.46875,3.28125,3.28125,1377600,0.0,0.0
1993-07-23 00:00:00-04:00,3.28125,3.375,3.28125,3.34375,893600,0.0,0.0
1993-07-26 00:00:00-04:00,3.34375,3.46875,3.34375,3.4375,824400,0.0,0.0
1993-07-27 00:00:00-04:00,3.5,3.5,3.46875,3.46875,54400,0.0,0.0
1993-07-28 00:00:00-04:00,3.46875,3.59375,3.46875,3.59375,385200,0.0,0.0
1993-07-29 00:00:00-04:00,3.5625,3.65625,3.53125,3.65625,519600,0.0,0.0
1993-07-30 00:00:00-04:00,3.65625,3.6875,3.65625,3.6875,140400,0.0,0.0
1993-08-02 00:00:00-04:00,3.625,3.625,3.59375,3.59375,196800,0.0,0.0
1993-08-03 00:00:00-04:00,3.59375,3.59375,3.46875,3.53125,571200,0.0,0.0
1993-08-04 00:00:00-04:00,3.53125,3.5625,3.53125,3.5625,126400,0.0,0.0
1993-08-05 00:00:00-04:00,3.53125,3.5625,3.46875,3.5,37200,0.0,0.0
1993-08-06 00:00:00-04:00,3.5,3.53125,3.40625,3.40625,291600,0.0,0.0
1993-08-09 00:00:00-04:00,3.4375,3.46875,3.375,3.375,862000,0.0,0.0
1993-08-10 00:00:00-04:00,3.375,3.4375,3.34375,3.4375,232000,0.0,0.0
1993-08-11 00:00:00-04:00,3.375,3.375,3.34375,3.375,832000,0.0,0.0
1993-08-12 00:00:00-04:00,3.34375,3.40625,3.34375,3.375,85200,0.0,0.0
1993-08-13 00:00:00-04:00,3.34375,3.4375,3.34375,3.34375,334000,0.0,0.0
1993-08-16 00:00:00-04:00,3.34375,3.40625,3.34375,3.40625,563600,0.0,0.0
1993-08-17 00:00:00-04:00,3.40625,3.5,3.40625,3.5,282000,0.0,0.0
1993-08-18 00:00:00-04:00,3.59375,3.625,3.53125,3.5625,523600,0.0,0.0
1993-08-19 00:00:00-04:00,3.625,3.6875,3.625,3.625,405200,0.0,0.0
1993-08-20 00:00:00-04:00,3.65625,3.65625,3.625,3.625,82000,0.0,0.0
1993-08-23 00:00:00-04:00,3.625,3.625,3.5625,3.5625,91200,0.0,0.0
1993-08-24 00:00:00-04:00,3.59375,3.59375,3.53125,3.5625,681200,0.0,0.0
1993-08-25 00:00:00-04:00,3.53125,3.53125,3.46875,3.5,257600,0.0,0.0
1993-08-26 00:00:00-04:00,3.4375,3.4375,3.34375,3.375,499200,0.0,0.0
1993-08-27 00:00:00-04:00,3.375,3.40625,3.375,3.40625,342000,0.0,0.0
1993-08-30 00:00:00-04:00,3.375,3.375,3.3125,3.34375,74400,0.0,0.0
1993-08-31 00:00:00-04:00,3.34375,3.34375,3.3125,3.3125,40800,0.0,0.0
1993-09-01 00:00:00-04:00,3.34375,3.40625,3.34375,3.34375,496400,0.0,0.0
1993-09-02 00:00:00-04:00,3.34375,3.4375,3.34375,3.4375,2604400,0.0,0.0
1993-09-03 00:00:00-04:00,3.4375,3.4375,3.40625,3.40625,3510400,0.0,0.0
1993-09-07 00:00:00-04:00,3.4375,3.53125,3.4375,3.4375,636800,0.0,0.0
1993-09-08 00:00:00-04:00,3.375,3.5625,3.375,3.5625,425200,0.0,0.0
1993-09-09 00:00:00-04:00,3.53125,3.53125,3.5,3.53125,312800,0.0,0.0
1993-09-10 00:00:00-04:00,3.5,3.5,3.46875,3.5,127200,0.0,0.0
1993-09-13 00:00:00-04:00,3.46875,3.46875,3.4375,3.4375,574800,0.0,0.0
1993-09-14 00:00:00-04:00,3.375,3.375,3.3125,3.34375,662000,0.0,0.0
1993-09-15 00:00:00-04:00,2.9375,3.0,2.75,2.8125,3160400,0.0,0.0
1993-09-16 00:00:00-04:00,2.75,2.75,2.5,2.53125,11683200,0.0,0.0
1993-09-17 00:00:00-04:00,2.53125,2.625,2.53125,2.59375,4363200,0.0,0.0
1993-09-20 00:00:00-04:00,2.59375,2.6875,2.5625,2.65625,3564400,0.0,0.0
1993-09-21 00:00:00-04:00,2.65625,2.71875,2.65625,2.6875,1794000,0.0,0.0
1993-09-22 00:00:00-04:00,2.71875,2.75,2.6875,2.71875,1162400,0.0,0.0
1993-09-23 00:00:00-04:00,2.75,2.75,2.6875,2.6875,458400,0.0,0.0
1993-09-24 00:00:00-04:00,2.71875,2.71875,2.625,2.625,1009200,0.0,0.0
1993-09-27 00:00:00-04:00,2.625,2.6875,2.625,2.65625,435600,0.0,0.0
1993-09-28 00:00:00-04:00,2.65625,2.65625,2.59375,2.625,1324800,0.0,0.0
1993-09-29 00:00:00-04:00,2.59375,2.59375,2.53125,2.59375,1776400,0.0,0.0
1993-09-30 00:00:00-04:00,2.59375,2.59375,2.5625,2.5625,1858800,0.0,0.0
1993-10-01 00:00:00-04:00,2.5625,2.5625,2.5,2.53125,1136000,0.0,0.0
1993-10-04 00:00:00-04:00,2.53125,2.5625,2.46875,2.5,1064800,0.0,0.0
1993-10-05 00:00:00-04:00,2.46875,2.5,2.4375,2.4375,638400,0.0,0.0
1993-10-06 00:00:00-04:00,2.46875,2.5,2.40625,2.4375,1296400,0.0,0.0
1993-10-07 00:00:00-04:00,2.4375,2.4375,2.34375,2.40625,1230400,0.0,0.0
1993-10-08 00:00:00-04:00,2.4375,2.5,2.375,2.4375,559600,0.0,0.0
1993-10-11 00:00:00-04:00,2.46875,2.59375,2.46875,2.59375,631600,0.0,0.0
1993-10-12 00:00:00-04:00,2.625,2.625,2.59375,2.625,279200,0.0,0.0
1993-10-13 00:00:00-04:00,2.6875,3.09375,2.6875,3.0625,2574400,0.0,0.0
1993-10-14 00:00:00-04:00,3.03125,3.03125,2.90625,3.0,1299600,0.0,0.0
1993-10-15 00:00:00-04:00,3.0,3.21875,3.0,3.1875,1420400,0.0,0.0
1993-10-18 00:00:00-04:00,3.21875,3.3125,3.15625,3.15625,998800,0.0,0.0
1993-10-19 00:00:00-04:00,3.1875,3.1875,3.03125,3.03125,182000,0.0,0.0
1993-10-20 00:00:00-04:00,3.0,3.0,2.8125,2.9375,1027600,0.0,0.0
1993-10-21 00:00:00-04:00,2.90625,2.96875,2.90625,2.96875,1116800,0.0,0.0
1993-10-22 00:00:00-04:00,3.0,3.03125,2.96875,3.0,769200,0.0,0.0
1993-10-25 00:00:00-04:00,3.0,3.0625,3.0,3.0625,941200,0.0,0.0
1993-10-26 00:00:00-04:00,3.0625,3.1875,3.0625,3.1875,714000,0.0,0.0
1993-10-27 00:00:00-04:00,3.1875,3.28125,3.1875,3.1875,1584000,0.0,0.0
1993-10-28 00:00:00-04:00,3.21875,3.25,3.09375,3.09375,902800,0.0,0.0
1993-10-29 00:00:00-04:00,3.125,3.21875,3.09375,3.1875,162800,0.0,0.0
1993-11-01 00:00:00-05:00,3.21875,3.3125,3.1875,3.3125,934800,0.0,0.0
1993-11-02 00:00:00-05:00,3.3125,3.3125,3.1875,3.1875,931200,0.0,0.0
1993-11-03 00:00:00-05:00,3.28125,3.3125,3.21875,3.25,962400,0.0,0.0
1993-11-04 00:00:00-05:00,3.28125,3.3125,3.21875,3.25,336400,0.0,0.0
1993-11-05 00:00:00-05:00,3.15625,3.28125,3.15625,3.25,462000,0.0,0.0
1993-11-08 00:00:00-05:00,3.21875,3.34375,3.21875,3.34375,375200,0.0,0.0
1993-11-09 00:00:00-05:00,3.3125,3.34375,3.25,3.3125,262800,0.0,0.0
1993-11-10 00:00:00-05:00,3.3125,3.3125,3.25,3.3125,764400,0.0,0.0
1993-11-11 00:00:00-05:00,3.21875,3.40625,3.21875,3.375,845200,0.0,0.0
1993-11-12 00:00:00-05:00,3.375,3.375,3.28125,3.34375,143200,0.0,0.0
1993-11-15 00:00:00-05:00,3.34375,3.34375,3.28125,3.34375,398800,0.0,0.0
1993-11-16 00:00:00-05:00,3.34375,3.34375,3.25,3.25,95600,0.0,0.0
1993-11-17 00:00:00-05:00,3.28125,3.34375,3.28125,3.3125,324800,0.0,0.0
1993-11-18 00:00:00-05:00,3.34375,3.375,3.3125,3.375,320400,0.0,0.0
1993-11-19 00:00:00-05:00,3.34375,3.34375,3.25,3.3125,176000,0.0,0.0
1993-11-22 00:00:00-05:00,3.28125,3.28125,3.15625,3.21875,258800,0.0,0.0
1993-11-23 00:00:00-05:00,3.21875,3.21875,3.0625,3.125,226000,0.0,0.0
1993-11-24 00:00:00-05:00,3.125,3.1875,3.125,3.1875,52000,0.0,0.0
1993-11-26 00:00:00-05:00,3.1875,3.1875,3.15625,3.1875,21600,0.0,0.0
1993-11-29 00:00:00-05:00,3.1875,3.1875,3.09375,3.09375,40000,0.0,0.0
1993-11-30 00:00:00-05:00,3.125,3.125,3.09375,3.09375,180800,0.0,0.0
1993-12-01 00:00:00-05:00,3.125,3.15625,3.09375,3.15625,186400,0.0,0.0
1993-12-02 00:00:00-05:00,3.15625,3.15625,3.0625,3.0625,140000,0.0,0.0
1993-12-03 00:00:00-05:00,3.09375,3.15625,3.03125,3.15625,272800,0.0,0.0
1993-12-06 00:00:00-05:00,3.15625,3.25,3.125,3.125,356400,0.0,0.0
1993-12-07 00:00:00-05:00,3.15625,3.1875,3.0625,3.125,195200,0.0,0.0
1993-12-08 00:00:00-05:00,3.15625,3.15625,3.09375,3.125,78400,0.0,0.0
1993-12-09 00:00:00-05:00,3.09375,3.15625,3.03125,3.09375,189200,0.0,0.0
1993-12-10 00:00:00-05:00,3.0625,3.09375,3.0,3.0,328400,0.0,0.0
1993-12-13 00:00:00-05:00,3.0,3.0,2.90625,2.90625,378400,0.0,0.0
1993-12-14 00:00:00-05:00,2.9375,2.9375,2.90625,2.90625,166800,0.0,0.0
1993-12-15 00:00:00-05:00,2.875,2.875,2.8125,2.8125,879600,0.0,0.0
1993-12-16 00:00:00-05:00,2.8125,2.96875,2.8125,2.96875,442800,0.0,0.0
1993-12-17 00:00:00-05:00,3.0,3.03125,2.9375,2.96875,147200,0.0,0.0
1993-12-20 00:00:00-05:00,2.90625,3.0,2.90625,2.9375,415200,0.0,0.0
1993-12-21 00:00:00-05:00,2.96875,2.96875,2.9375,2.96875,146000,0.0,0.0
1993-12-22 00:00:00-05:00,2.9375,2.96875,2.90625,2.9375,256800,0.0,0.0
1993-12-23 00:00:00-05:00,2.96875,3.0625,2.9375,3.03125,405200,0.0,0.0
1993-12-27 00:00:00-05:00,3.125,3.1875,3.0625,3.0625,384800,0.0,0.0
1993-12-28 00:00:00-05:00,3.0625,3.15625,3.03125,3.15625,220800,0.0,0.0
1993-12-29 00:00:00-05:00,3.125,3.15625,3.09375,3.125,563600,0.0,0.0
1993-12-30 00:00:00-05:00,3.15625,3.15625,3.09375,3.09375,118000,0.0,0.0
1993-12-31 00:00:00-05:00,3.125,3.125,3.0625,3.125,162000,0.0,0.0
1994-01-03 00:00:00-05:00,3.09375,3.125,2.96875,3.0,612400,0.0,0.0
1994-01-04 00:00:00-05:00,3.0,3.0,2.96875,3.0,1177200,0.0,0.0
1994-01-05 00:00:00-05:00,3.0,3.125,3.0,3.09375,452400,0.0,0.0
1994-01-06 00:00:00-05:00,3.15625,3.21875,3.125,3.21875,818000,0.0,0.0
1994-01-07 00:00:00-05:00,3.21875,3.21875,3.15625,3.21875,280400,0.0,0.0
1994-01-10 00:00:00-05:00,3.25,3.375,3.21875,3.375,489600,0.0,0.0
1994-01-11 00:00:00-05:00,3.46875,3.59375,3.4375,3.5625,860000,0.0,0.0
1994-01-12 00:00:00-05:00,3.5625,3.625,3.46875,3.53125,2423600,0.0,0.0
1994-01-13 00:00:00-05:00,3.53125,3.65625,3.5,3.625,524000,0.0,0.0
1994-01-14 00:00:00-05:00,3.625,3.625,3.5625,3.625,294400,0.0,0.0
1994-01-17 00:00:00-05:00,3.625,3.75,3.625,3.65625,1195600,0.0,0.0
1994-01-18 00:00:00-05:00,3.65625,3.875,3.65625,3.84375,2803200,0.0,0.0
1994-01-19 00:00:00-05:00,3.875,3.875,3.71875,3.84375,1871600,0.0,0.0
1994-01-20 00:00:00-05:00,3.84375,3.84375,3.78125,3.84375,337600,0.0,0.0
1994-01-21 00:00:00-05:00,3.8125,3.84375,3.75,3.75,236800,0.0,0.0
1994-01-24 00:00:00-05:00,3.71875,3.8125,3.6875,3.8125,514000,0.0,0.0
1994-01-25 00:00:00-05:00,3.8125,3.8125,3.71875,3.75,620000,0.0,0.0
1994-01-26 00:00:00-05:00,3.75,3.75,3.6875,3.75,837200,0.0,0.0
1994-01-27 00:00:00-05:00,3.75,3.75,3.6875,3.6875,284400,0.0,0.0
1994-01-28 00:00:00-05:00,3.6875,3.71875,3.6875,3.6875,130800,0.0,0.0
1994-01-31 00:00:00-05:00,3.71875,3.8125,3.71875,3.8125,971200,0.0,0.0
1994-02-01 00:00:00-05:00,3.84375,3.875,3.78125,3.78125,1362800,0.0,0.0
1994-02-02 00:00:00-05:00,3.78125,3.875,3.75,3.84375,379200,0.0,0.0
1994-02-03 00:00:00-05:00,3.8125,3.84375,3.75,3.78125,334000,0.0,0.0
1994-02-04 00:00:00-05:00,3.78125,3.78125,3.59375,3.625,204400,0.0,0.0
1994-02-07 00:00:00-05:00,3.625,3.65625,3.53125,3.65625,929600,0.0,0.0
1994-02-08 00:00:00-05:00,3.65625,3.6875,3.625,3.625,335600,0.0,0.0
1994-02-09 00:00:00-05:00,3.65625,3.6875,3.625,3.65625,302000,0.0,0.0
1994-02-10 00:00:00-05:00,3.65625,3.71875,3.65625,3.71875,500000,0.0,0.0
1994-02-11 00:00:00-05:00,3.71875,3.71875,3.6875,3.6875,153600,0.0,0.0
1994-02-14 00:00:00-05:00,3.6875,3.8125,3.65625,3.65625,430000,0.0,0.0
1994-02-15 00:00:00-05:00,3.6875,3.71875,3.65625,3.6875,38400,0.0,0.0
1994-02-16 00:00:00-05:00,3.75,3.75,3.6875,3.71875,563200,0.0,0.0
1994-02-17 00:00:00-05:00,3.71875,3.75,3.6875,3.75,183200,0.0,0.0
1994-02-18 00:00:00-05:00,3.71875,3.75,3.71875,3.75,105200,0.0,0.0
1994-02-22 00:00:00-05:00,3.8125,3.9375,3.78125,3.9375,2741200,0.0,0.0
1994-02-23 00:00:00-05:00,3.90625,3.90625,3.84375,3.90625,514000,0.0,0.0
1994-02-24 00:00:00-05:00,3.90625,3.90625,3.84375,3.84375,277600,0.0,0.0
1994-02-25 00:00:00-05:00,3.875,3.90625,3.84375,3.875,952000,0.0,0.0
1994-02-28 00:00:00-05:00,3.84375,3.90625,3.71875,3.90625,1121200,0.0,0.0
1994-03-01 00:00:00-05:00,3.90625,3.90625,3.875,3.875,1186000,0.0,0.0
1994-03-02 00:00:00-05:00,3.8125,3.90625,3.75,3.90625,704400,0.0,0.0
1994-03-03 00:00:00-05:00,3.875,4.0,3.875,3.96875,749600,0.0,0.0
1994-03-04 00:00:00-05:00,3.96875,4.0,3.90625,3.9375,783600,0.0,0.0
1994-03-07 00:00:00-05:00,3.96875,4.125,3.9375,4.0625,1618800,0.0,0.0
1994-03-08 00:00:00-05:00,4.09375,4.09375,3.96875,4.0,654800,0.0,0.0
1994-03-09 00:00:00-05:00,4.03125,4.09375,4.03125,4.0625,722800,0.0,0.0
1994-03-10 00:00:00-05:00,4.09375,4.09375,3.9375,3.9375,1167600,0.0,0.0
1994-03-11 00:00:00-05:00,4.03125,4.0625,3.96875,3.96875,1723200,0.0,0.0
1994-03-14 00:00:00-05:00,4.0,4.03125,3.9375,3.9375,998400,0.0,0.0
1994-03-15 00:00:00-05:00,3.96875,3.96875,3.90625,3.9375,243600,0.0,0.0
1994-03-16 00:00:00-05:00,3.96875,3.96875,3.90625,3.90625,836000,0.0,0.0
1994-03-17 00:00:00-05:00,3.9375,3.9375,3.875,3.90625,710400,0.0,0.0
1994-03-18 00:00:00-05:00,3.9375,3.9375,3.875,3.875,794400,0.0,0.0
1994-03-21 00:00:00-05:00,3.875,3.90625,3.875,3.875,161600,0.0,0.0
1994-03-22 00:00:00-05:00,3.875,3.90625,3.84375,3.90625,461200,0.0,0.0
1994-03-23 00:00:00-05:00,3.875,3.875,3.75,3.78125,682000,0.0,0.0
1994-03-24 00:00:00-05:00,3.65625,3.65625,3.59375,3.625,1246000,0.0,0.0
1994-03-25 00:00:00-05:00,3.65625,3.6875,3.5,3.53125,1395200,0.0,0.0
1994-03-28 00:00:00-05:00,3.59375,3.59375,3.46875,3.59375,826000,0.0,0.0
1994-03-29 00:00:00-05:00,3.59375,3.59375,3.5,3.53125,193200,0.0,0.0
1994-03-30 00:00:00-05:00,3.53125,3.53125,3.40625,3.4375,456800,0.0,0.0
1994-03-31 00:00:00-05:00,3.40625,3.4375,3.25,3.375,692400,0.0,0.0
1994-04-04 00:00:00-04:00,3.34375,3.4375,3.28125,3.375,471200,0.0,0.0
1994-04-05 00:00:00-04:00,3.5,3.53125,3.4375,3.5,380800,0.0,0.0
1994-04-06 00:00:00-04:00,3.5,3.59375,3.5,3.53125,262400,0.0,0.0
1994-04-07 00:00:00-04:00,3.5625,3.59375,3.5625,3.5625,66400,0.0,0.0
1994-04-08 00:00:00-04:00,3.5625,3.625,3.5625,3.59375,117200,0.0,0.0
1994-04-11 00:00:00-04:00,3.59375,3.6875,3.53125,3.625,1323600,0.0,0.0
1994-04-12 00:00:00-04:00,3.625,3.625,3.5625,3.59375,158400,0.0,0.0
1994-04-13 00:00:00-04:00,3.59375,3.625,3.5625,3.59375,124800,0.0,0.0
1994-04-14 00:00:00-04:00,3.5625,3.59375,3.5625,3.5625,44000,0.0,0.0
1994-04-15 00:00:00-04:00,3.53125,3.53125,3.53125,3.53125,32800,0.0,0.0
1994-04-18 00:00:00-04:00,3.5625,3.5625,3.5,3.5,144000,0.0,0.0
1994-04-19 00:00:00-04:00,3.5,3.5625,3.5,3.5625,66000,0.0,0.0
1994-04-20 00:00:00-04:00,3.5625,3.5625,3.4375,3.46875,658000,0.0,0.0
1994-04-21 00:00:00-04:00,3.4375,3.5,3.40625,3.4375,348800,0.0,0.0
1994-04-22 00:00:00-04:00,3.46875,3.46875,3.40625,3.40625,232000,0.0,0.0
1994-04-25 00:00:00-04:00,3.46875,3.53125,3.4375,3.5,298800,0.0,0.0
1994-04-26 00:00:00-04:00,3.5,3.5,3.46875,3.46875,52400,0.0,0.0
1994-04-28 00:00:00-04:00,3.46875,3.46875,3.4375,3.46875,252000,0.0,0.0
1994-04-29 00:00:00-04:00,3.4375,3.5,3.4375,3.46875,144400,0.0,0.0
1994-05-02 00:00:00-04:00,3.46875,3.5625,3.4375,3.53125,218400,0.0,0.0
1994-05-03 00:00:00-04:00,3.5625,3.65625,3.5625,3.5625,275600,0.0,0.0
1994-05-04 00:00:00-04:00,3.53125,3.65625,3.53125,3.625,305200,0.0,0.0
1994-05-05 00:00:00-04:00,3.59375,3.625,3.5625,3.59375,201600,0.0,0.0
1994-05-06 00:00:00-04:00,3.59375,3.59375,3.53125,3.5625,137600,0.0,0.0
1994-05-09 00:00:00-04:00,3.59375,3.65625,3.59375,3.65625,156800,0.0,0.0
1994-05-10 00:00:00-04:00,3.625,3.65625,3.59375,3.59375,80400,0.0,0.0
1994-05-11 00:00:00-04:00,3.625,3.75,3.59375,3.75,484800,0.0,0.0
1994-05-12 00:00:00-04:00,3.75,3.8125,3.71875,3.75,128400,0.0,0.0
1994-05-13 00:00:00-04:00,3.75,3.75,3.6875,3.71875,72400,0.0,0.0
1994-05-16 00:00:00-04:00,3.65625,3.6875,3.65625,3.6875,487200,0.0,0.0
1994-05-17 00:00:00-04:00,3.65625,3.71875,3.65625,3.71875,49200,0.0,0.0
1994-05-18 00:00:00-04:00,3.75,3.75,3.625,3.65625,99600,0.0,0.0
1994-05-19 00:00:00-04:00,3.65625,3.71875,3.65625,3.6875,74400,0.0,0.0
1994-05-20 00:00:00-04:00,3.6875,3.75,3.6875,3.75,66000,0.0,0.0
1994-05-23 00:00:00-04:00,3.78125,3.78125,3.71875,3.75,92800,0.0,0.0
1994-05-24 00:00:00-04:00,3.75,3.75,3.625,3.71875,65200,0.0,0.0
1994-05-25 00:00:00-04:00,3.71875,3.71875,3.59375,3.65625,112400,0.0,0.0
1994-05-26 00:00:00-04:00,3.71875,3.75,3.65625,3.71875,160400,0.0,0.0
1994-05-27 00:00:00-04:00,3.71875,3.71875,3.65625,3.71875,262800,0.0,0.0
1994-05-31 00:00:00-04:00,3.71875,3.75,3.6875,3.6875,182400,0.0,0.0
1994-06-01 00:00:00-04:00,3.6875,3.71875,3.65625,3.71875,208400,0.0,0.0
1994-06-02 00:00:00-04:00,3.6875,3.75,3.6875,3.75,90000,0.0,0.0
1994-06-03 00:00:00-04:00,3.75,3.8125,3.71875,3.8125,782000,0.0,0.0
1994-06-06 00:00:00-04:00,3.8125,3.84375,3.78125,3.84375,284800,0.0,0.0
1994-06-07 00:00:00-04:00,3.8125,3.875,3.78125,3.875,190000,0.0,0.0
1994-06-08 00:00:00-04:00,3.875,3.875,3.78125,3.78125,671600,0.0,0.0
1994-06-09 00:00:00-04:00,3.78125,3.8125,3.78125,3.8125,58800,0.0,0.0
1994-06-10 00:00:00-04:00,3.78125,3.84375,3.6875,3.75,169200,0.0,0.0
1994-06-13 00:00:00-04:00,3.8125,3.8125,3.78125,3.78125,75600,0.0,0.0
1994-06-14 00:00:00-04:00,3.78125,3.8125,3.78125,3.78125,130400,0.0,0.0
1994-06-15 00:00:00-04:00,3.75,3.78125,3.625,3.625,398800,0.0,0.0
1994-06-16 00:00:00-04:00,3.6875,3.6875,3.625,3.65625,99200,0.0,0.0
1994-06-17 00:00:00-04:00,3.71875,3.71875,3.5625,3.5625,235600,0.0,0.0
1994-06-20 00:00:00-04:00,3.5625,3.5625,3.3125,3.34375,310800,0.0,0.0
1994-06-21 00:00:00-04:00,3.375,3.375,3.34375,3.34375,566400,0.0,0.0
1994-06-22 00:00:00-04:00,3.34375,3.34375,3.25,3.28125,508000,0.0,0.0
1994-06-23 00:00:00-04:00,3.28125,3.3125,3.15625,3.21875,111600,0.0,0.0
1994-06-24 00:00:00-04:00,3.0,3.125,3.0,3.0625,402800,0.0,0.0
1994-06-27 00:00:00-04:00,3.09375,3.09375,3.03125,3.03125,333600,0.0,0.0
1994-06-28 00:00:00-04:00,3.0625,3.15625,3.0,3.15625,464800,0.0,0.0
1994-06-29 00:00:00-04:00,3.0625,3.34375,3.0625,3.3125,417600,0.0,0.0
1994-06-30 00:00:00-04:00,3.28125,3.3125,3.15625,3.15625,138800,0.0,0.0
1994-07-01 00:00:00-04:00,3.15625,3.28125,3.15625,3.21875,99600,0.0,0.0
1994-07-05 00:00:00-04:00,3.21875,3.34375,3.21875,3.28125,137200,0.0,0.0
1994-07-06 00:00:00-04:00,3.28125,3.28125,3.15625,3.28125,2030800,0.0,0.0
1994-07-07 00:00:00-04:00,3.25,3.40625,3.25,3.34375,240000,0.0,0.0
1994-07-08 00:00:00-04:00,3.34375,3.375,3.3125,3.3125,465600,0.0,0.0
1994-07-11 00:00:00-04:00,3.28125,3.3125,3.28125,3.28125,54400,0.0,0.0
1994-07-12 00:00:00-04:00,3.28125,3.5,3.28125,3.5,143600,0.0,0.0
1994-07-13 00:00:00-04:00,3.46875,3.5,3.40625,3.40625,280800,0.0,0.0
1994-07-14 00:00:00-04:00,3.40625,3.46875,3.40625,3.4375,74000,0.0,0.0
1994-07-15 00:00:00-04:00,3.4375,3.46875,3.34375,3.375,135200,0.0,0.0
1994-07-18 00:00:00-04:00,3.40625,3.5,3.40625,3.5,101200,0.0,0.0
1994-07-19 00:00:00-04:00,3.46875,3.5,3.4375,3.46875,80000,0.0,0.0
1994-07-20 00:00:00-04:00,3.46875,3.46875,3.40625,3.40625,157200,0.0,0.0
1994-07-21 00:00:00-04:00,3.40625,3.46875,3.40625,3.46875,88000,0.0,0.0
1994-07-22 00:00:00-04:00,3.4375,3.46875,3.4375,3.46875,92800,0.0,0.0
1994-07-25 00:00:00-04:00,3.4375,3.46875,3.34375,3.34375,229600,0.0,0.0
1994-07-26 00:00:00-04:00,3.34375,3.375,3.3125,3.34375,259600,0.0,0.0
1994-07-27 00:00:00-04:00,3.375,3.46875,3.3125,3.4375,238800,0.0,0.0
1994-07-28 00:00:00-04:00,3.46875,3.46875,3.34375,3.40625,80400,0.0,0.0
1994-07-29 00:00:00-04:00,3.46875,3.46875,3.40625,3.40625,146800,0.0,0.0
1994-08-01 00:00:00-04:00,3.40625,3.4375,3.40625,3.4375,500400,0.0,0.0
1994-08-02 00:00:00-04:00,3.40625,3.421875,3.375,3.375,195600,0.0,0.0
1994-08-03 00:00:00-04:00,3.40625,3.4375,3.375,3.375,682800,0.0,0.0
1994-08-04 00:00:00-04:00,3.34375,3.375,3.34375,3.375,47600,0.0,0.0
1994-08-05 00:00:00-04:00,3.34375,3.375,3.3125,3.375,249200,0.0,0.0
1994-08-08 00:00:00-04:00,3.34375,3.40625,3.28125,3.34375,457600,0.0,0.0
1994-08-09 00:00:00-04:00,3.375,3.4375,3.375,3.40625,598400,0.0,0.0
1994-08-10 00:00:00-04:00,3.375,3.59375,3.375,3.59375,496400,0.0,0.0
1994-08-11 00:00:00-04:00,3.53125,3.59375,3.4375,3.4375,141600,0.0,0.0
1994-08-12 00:00:00-04:00,3.46875,3.59375,3.46875,3.53125,204800,0.0,0.0
1994-08-15 00:00:00-04:00,3.59375,3.59375,3.40625,3.40625,168400,0.0,0.0
1994-08-16 00:00:00-04:00,3.40625,3.4375,3.34375,3.4375,417200,0.0,0.0
1994-08-17 00:00:00-04:00,3.5,3.5625,3.4375,3.46875,584800,0.0,0.0
1994-08-18 00:00:00-04:00,3.5,3.75,3.5,3.6875,1693600,0.0,0.0
1994-08-19 00:00:00-04:00,3.6875,3.78125,3.6875,3.75,1328000,0.0,0.0
1994-08-22 00:00:00-04:00,3.78125,3.8125,3.75,3.75,639200,0.0,0.0
1994-08-23 00:00:00-04:00,3.75,3.8125,3.75,3.78125,748800,0.0,0.0
1994-08-24 00:00:00-04:00,3.8125,3.96875,3.8125,3.96875,880000,0.0,0.0
1994-08-25 00:00:00-04:00,4.0,4.0,3.90625,3.9375,199200,0.0,0.0
1994-08-26 00:00:00-04:00,3.9375,3.96875,3.90625,3.96875,98800,0.0,0.0
1994-08-29 00:00:00-04:00,3.96875,4.03125,3.96875,4.0,144400,0.0,0.0
1994-08-30 00:00:00-04:00,4.0,4.15625,4.0,4.125,197200,0.0,0.0
1994-08-31 00:00:00-04:00,4.15625,4.1875,4.0625,4.15625,757200,0.0,0.0
1994-09-01 00:00:00-04:00,4.15625,4.1875,4.09375,4.125,510400,0.0,0.0
1994-09-02 00:00:00-04:00,4.125,4.125,4.0,4.03125,156000,0.0,0.0
1994-09-06 00:00:00-04:00,4.0,4.03125,3.90625,4.03125,382800,0.0,0.0
1994-09-07 00:00:00-04:00,4.03125,4.03125,4.0,4.03125,202800,0.0,0.0
1994-09-08 00:00:00-04:00,4.0625,4.125,4.0,4.125,477600,0.0,0.0
1994-09-09 00:00:00-04:00,4.125,4.125,4.03125,4.125,275200,0.0,0.0
1994-09-12 00:00:00-04:00,4.125,4.125,3.96875,3.96875,182800,0.0,0.0
1994-09-13 00:00:00-04:00,4.03125,4.0625,4.0,4.0,209600,0.0,0.0
1994-09-14 00:00:00-04:00,4.0,4.15625,4.0,4.125,232400,0.0,0.0
1994-09-15 00:00:00-04:00,4.09375,4.15625,4.0625,4.0625,259600,0.0,0.0
1994-09-16 00:00:00-04:00,4.09375,4.09375,4.0,4.0625,122400,0.0,0.0
1994-09-19 00:00:00-04:00,4.0625,4.0625,3.96875,3.96875,106400,0.0,0.0
1994-09-20 00:00:00-04:00,3.96875,4.0,3.75,4.0,554400,0.0,0.0
1994-09-21 00:00:00-04:00,3.96875,4.09375,3.96875,4.03125,319600,0.0,0.0
1994-09-22 00:00:00-04:00,3.96875,4.03125,3.9375,4.0,154400,0.0,0.0
1994-09-23 00:00:00-04:00,4.03125,4.03125,3.9375,4.0,211600,0.0,0.0
1994-09-26 00:00:00-04:00,4.03125,4.03125,3.9375,3.96875,148000,0.0,0.0
1994-09-27 00:00:00-04:00,3.96875,3.96875,3.90625,3.9375,139600,0.0,0.0
1994-09-28 00:00:00-04:00,3.9375,4.03125,3.9375,4.0,386800,0.0,0.0
1994-09-29 00:00:00-04:00,3.96875,4.0,3.875,3.9375,89200,0.0,0.0
1994-09-30 00:00:00-04:00,3.96875,3.96875,3.9375,3.96875,99600,0.0,0.0
1994-10-03 00:00:00-04:00,3.9375,4.0,3.9375,4.0,177200,0.0,0.0
1994-10-04 00:00:00-04:00,4.0,4.21875,4.0,4.0,927200,0.0,0.0
1994-10-05 00:00:00-04:00,3.96875,4.0,3.9375,3.96875,89200,0.0,0.0
1994-10-06 00:00:00-04:00,3.9375,4.03125,3.9375,4.0,34400,0.0,0.0
1994-10-07 00:00:00-04:00,3.9375,4.0625,3.8125,4.0625,333200,0.0,0.0
1994-10-10 00:00:00-04:00,4.03125,4.1875,4.0,4.1875,282800,0.0,0.0
1994-10-11 00:00:00-04:00,4.1875,4.1875,4.15625,4.15625,249600,0.0,0.0
1994-10-12 00:00:00-04:00,4.125,4.15625,4.09375,4.125,85200,0.0,0.0
1994-10-13 00:00:00-04:00,4.15625,4.25,4.15625,4.15625,319200,0.0,0.0
1994-10-14 00:00:00-04:00,4.1875,4.25,4.125,4.25,466800,0.0,0.0
1994-10-17 00:00:00-04:00,4.21875,4.21875,4.09375,4.125,971600,0.0,0.0
1994-10-18 00:00:00-04:00,4.125,4.125,3.96875,4.0,488000,0.0,0.0
1994-10-19 00:00:00-04:00,4.0,4.15625,3.96875,4.125,1607600,0.0,0.0
1994-10-20 00:00:00-04:00,4.1875,4.21875,4.125,4.15625,1390400,0.0,0.0
1994-10-21 00:00:00-04:00,4.15625,4.21875,4.125,4.1875,279600,0.0,0.0
1994-10-24 00:00:00-04:00,4.15625,4.25,4.15625,4.21875,361200,0.0,0.0
1994-10-25 00:00:00-04:00,4.1875,4.21875,4.125,4.15625,880400,0.0,0.0
1994-10-26 00:00:00-04:00,4.125,4.21875,4.125,4.15625,553200,0.0,0.0
1994-10-27 00:00:00-04:00,4.1875,4.1875,4.15625,4.15625,179600,0.0,0.0
1994-10-28 00:00:00-04:00,4.15625,4.25,4.15625,4.21875,574000,0.0,0.0
1994-10-31 00:00:00-05:00,4.28125,4.46875,4.25,4.40625,908800,0.0,0.0
1994-11-01 00:00:00-05:00,4.375,4.4375,4.375,4.40625,810400,0.0,0.0
1994-11-02 00:00:00-05:00,4.375,4.40625,4.25,4.3125,580800,0.0,0.0
1994-11-03 00:00:00-05:00,4.34375,4.34375,4.21875,4.25,160400,0.0,0.0
1994-11-04 00:00:00-05:00,4.25,4.25,4.1875,4.21875,151200,0.0,0.0
1994-11-07 00:00:00-05:00,4.1875,4.28125,4.15625,4.28125,570400,0.0,0.0
1994-11-08 00:00:00-05:00,4.25,4.25,4.15625,4.15625,411200,0.0,0.0
1994-11-09 00:00:00-05:00,4.09375,4.09375,4.0,4.03125,13506400,0.0,0.0
1994-11-10 00:00:00-05:00,4.03125,4.0625,4.0,4.0,4418000,0.0,0.0
1994-11-11 00:00:00-05:00,4.0,4.0625,3.96875,4.03125,5046800,0.0,0.0
1994-11-14 00:00:00-05:00,4.0,4.03125,4.0,4.0,2068800,0.0,0.0
1994-11-15 00:00:00-05:00,4.03125,4.09375,4.03125,4.0625,3658800,0.0,0.0
1994-11-16 00:00:00-05:00,4.03125,4.0625,4.03125,4.0625,2020800,0.0,0.0
1994-11-17 00:00:00-05:00,4.0625,4.0625,3.9375,3.96875,2613600,0.0,0.0
1994-11-18 00:00:00-05:00,3.96875,4.0,3.96875,4.0,1607600,0.0,0.0
1994-11-21 00:00:00-05:00,4.03125,4.09375,4.03125,4.0625,1763200,0.0,0.0
1994-11-22 00:00:00-05:00,4.03125,4.03125,3.96875,3.96875,1387200,0.0,0.0
1994-11-23 00:00:00-05:00,3.96875,4.0,3.9375,3.96875,1243200,0.0,0.0
1994-11-25 00:00:00-05:00,3.96875,4.0,3.96875,4.0,234000,0.0,0.0
1994-11-28 00:00:00-05:00,4.0,4.03125,3.96875,4.0,865200,0.0,0.0
1994-11-29 00:00:00-05:00,3.96875,4.0,3.96875,4.0,893600,0.0,0.0
1994-11-30 00:00:00-05:00,4.03125,4.03125,4.0,4.0,148400,0.0,0.0
1994-12-01 00:00:00-05:00,4.03125,4.03125,4.0,4.03125,236800,0.0,0.0
1994-12-02 00:00:00-05:00,4.0,4.0,3.96875,4.0,452000,0.0,0.0
1994-12-05 00:00:00-05:00,4.0,4.0,3.9375,3.96875,3383600,0.0,0.0
1994-12-06 00:00:00-05:00,4.0,4.03125,3.96875,4.0,1853600,0.0,0.0
1994-12-07 00:00:00-05:00,4.0,4.0,3.96875,4.0,154800,0.0,0.0
1994-12-08 00:00:00-05:00,3.9375,3.96875,3.90625,3.90625,397200,0.0,0.0
1994-12-09 00:00:00-05:00,3.90625,3.90625,3.8125,3.84375,288400,0.0,0.0
1994-12-12 00:00:00-05:00,3.84375,3.875,3.84375,3.875,597200,0.0,0.0
1994-12-13 00:00:00-05:00,3.875,3.9375,3.84375,3.9375,1610400,0.0,0.0
1994-12-14 00:00:00-05:00,3.9375,3.96875,3.9375,3.96875,694400,0.0,0.0
1994-12-15 00:00:00-05:00,3.96875,4.0,3.96875,4.0,663600,0.0,0.0
1994-12-16 00:00:00-05:00,4.0,4.0,3.96875,4.0,191200,0.0,0.0
1994-12-19 00:00:00-05:00,3.96875,4.0,3.96875,3.96875,722000,0.0,0.0
1994-12-20 00:00:00-05:00,3.96875,4.03125,3.96875,4.03125,754400,0.0,0.0
1994-12-21 00:00:00-05:00,4.03125,4.28125,4.0,4.09375,1072000,0.0,0.0
1994-12-22 00:00:00-05:00,4.15625,4.1875,4.09375,4.125,288400,0.0,0.0
1994-12-23 00:00:00-05:00,4.125,4.15625,4.0625,4.15625,302800,0.0,0.0
1994-12-27 00:00:00-05:00,4.09375,4.125,4.0625,4.125,983200,0.0,0.0
1994-12-28 00:00:00-05:00,4.125,4.125,4.09375,4.125,903600,0.0,0.0
1994-12-29 00:00:00-05:00,4.15625,4.1875,4.125,4.1875,846400,0.0,0.0
1994-12-30 00:00:00-05:00,4.15625,4.34375,4.15625,4.34375,564400,0.0,0.0
1995-01-03 00:00:00-05:00,4.28125,4.28125,4.15625,4.1875,183200,0.0,0.0
1995-01-04 00:00:00-05:00,4.28125,4.5625,4.28125,4.53125,1617200,0.0,0.0
1995-01-05 00:00:00-05:00,4.5,4.75,4.5,4.71875,2748800,0.0,0.0
1995-01-06 00:00:00-05:00,4.71875,4.78125,4.625,4.78125,3340800,0.0,0.0
1995-01-09 00:00:00-05:00,4.65625,4.699219226837158,4.625,4.6875,5877200,0.0,0.0
1995-01-10 00:00:00-05:00,4.71875,4.71875,4.53125,4.59375,2648400,0.0,0.0
1995-01-11 00:00:00-05:00,4.59375,4.59375,4.53125,4.53125,1518000,0.0,0.0
1995-01-12 00:00:00-05:00,4.5625,4.5625,4.46875,4.53125,600400,0.0,0.0
1995-01-13 00:00:00-05:00,4.5,4.5625,4.5,4.5625,1197200,0.0,0.0
1995-01-16 00:00:00-05:00,4.5625,4.59375,4.53125,4.59375,744800,0.0,0.0
1995-01-17 00:00:00-05:00,4.59375,4.625,4.53125,4.59375,1040400,0.0,0.0
1995-01-18 00:00:00-05:00,4.59375,4.625,4.5625,4.59375,791600,0.0,0.0
1995-01-19 00:00:00-05:00,4.59375,4.6875,4.59375,4.65625,1763200,0.0,0.0
1995-01-20 00:00:00-05:00,4.65625,4.65625,4.5,4.5625,1242000,0.0,0.0
1995-01-23 00:00:00-05:00,4.53125,4.53125,4.5,4.5,1820000,0.0,0.0
1995-01-24 00:00:00-05:00,4.5,4.5625,4.5,4.5625,1086000,0.0,0.0
1995-01-25 00:00:00-05:00,4.53125,4.5625,4.5,4.5625,358000,0.0,0.0
1995-01-26 00:00:00-05:00,4.5625,4.6875,4.5625,4.65625,443600,0.0,0.0
1995-01-27 00:00:00-05:00,4.65625,4.65625,4.5625,4.5625,585200,0.0,0.0
1995-01-30 00:00:00-05:00,4.53125,4.53125,4.4375,4.46875,213600,0.0,0.0
1995-01-31 00:00:00-05:00,4.4375,4.625,4.4375,4.625,1411600,0.0,0.0
1995-02-01 00:00:00-05:00,4.625,4.65625,4.578125,4.59375,871600,0.0,0.0
1995-02-02 00:00:00-05:00,4.59375,4.59375,4.53125,4.53125,651200,0.0,0.0
1995-02-03 00:00:00-05:00,4.53125,4.53125,4.46875,4.46875,283200,0.0,0.0
1995-02-06 00:00:00-05:00,4.46875,4.5,4.4375,4.5,225200,0.0,0.0
1995-02-07 00:00:00-05:00,4.46875,4.5,4.46875,4.5,197200,0.0,0.0
1995-02-08 00:00:00-05:00,4.5,4.5,4.46875,4.5,580400,0.0,0.0
1995-02-09 00:00:00-05:00,4.5,4.5,4.46875,4.5,346400,0.0,0.0
1995-02-10 00:00:00-05:00,4.46875,4.5625,4.46875,4.5625,1468800,0.0,0.0
1995-02-13 00:00:00-05:00,4.5625,4.65625,4.5625,4.625,669600,0.0,0.0
1995-02-14 00:00:00-05:00,4.625,4.625,4.5625,4.625,1426800,0.0,0.0
1995-02-15 00:00:00-05:00,4.625,4.6875,4.625,4.6875,1749200,0.0,0.0
1995-02-16 00:00:00-05:00,4.6875,4.6875,4.625,4.6875,755200,0.0,0.0
1995-02-17 00:00:00-05:00,4.6875,4.78125,4.625,4.6875,1295200,0.0,0.0
1995-02-21 00:00:00-05:00,4.71875,4.75,4.53125,4.59375,670800,0.0,0.0
1995-02-22 00:00:00-05:00,4.8125,4.875,4.78125,4.84375,7724400,0.0,0.0
1995-02-23 00:00:00-05:00,4.875,5.125,4.84375,5.125,25613600,0.0,0.0
1995-02-24 00:00:00-05:00,5.09375,5.21875,5.03125,5.125,6236400,0.0,0.0
1995-02-27 00:00:00-05:00,5.15625,5.40625,5.15625,5.34375,7538400,0.0,0.0
1995-02-28 00:00:00-05:00,5.3125,5.4375,5.1875,5.40625,3380800,0.0,0.0
1995-03-01 00:00:00-05:00,5.375,5.75,5.34375,5.59375,4790400,0.0,0.0
1995-03-02 00:00:00-05:00,5.53125,5.5625,5.40625,5.5,3606400,0.0,0.0
1995-03-03 00:00:00-05:00,5.4375,5.5,5.40625,5.5,3386400,0.0,0.0
1995-03-06 00:00:00-05:00,5.5,5.5,5.4375,5.5,1824800,0.0,0.0
1995-03-07 00:00:00-05:00,5.4375,5.46875,5.3125,5.375,2735200,0.0,0.0
1995-03-08 00:00:00-05:00,5.4375,5.5,5.21875,5.5,1660400,0.0,0.0
1995-03-09 00:00:00-05:00,5.46875,5.46875,5.3125,5.46875,1571600,0.0,0.0
1995-03-10 00:00:00-05:00,5.5,5.6875,5.5,5.65625,3932800,0.0,0.0
1995-03-13 00:00:00-05:00,5.625,5.65625,5.5625,5.65625,1262000,0.0,0.0
1995-03-14 00:00:00-05:00,5.6875,5.9375,5.6875,5.9375,2035600,0.0,0.0
1995-03-15 00:00:00-05:00,5.9375,6.1875,5.9375,6.15625,3489600,0.0,0.0
1995-03-16 00:00:00-05:00,6.125,6.1875,6.0625,6.125,2826000,0.0,0.0
1995-03-17 00:00:00-05:00,6.125,6.125,6.0,6.0625,2758800,0.0,0.0
1995-03-20 00:00:00-05:00,6.03125,6.09375,6.0,6.0625,1243200,0.0,0.0
1995-03-21 00:00:00-05:00,6.125,6.28125,6.0625,6.1875,2352800,0.0,0.0
1995-03-22 00:00:00-05:00,6.1875,6.25,6.15625,6.21875,1401200,0.0,0.0
1995-03-23 00:00:00-05:00,6.1875,6.34375,6.15625,6.34375,4037200,0.0,0.0
1995-03-24 00:00:00-05:00,6.34375,6.4375,6.3125,6.375,2610400,0.0,0.0
1995-03-27 00:00:00-05:00,6.34375,6.53125,6.3125,6.53125,2321200,0.0,0.0
1995-03-28 00:00:00-05:00,6.5,6.59375,6.375,6.46875,1970000,0.0,0.0
1995-03-29 00:00:00-05:00,6.46875,6.5,6.34375,6.34375,2391600,0.0,0.0
1995-03-30 00:00:00-05:00,6.34375,6.375,6.15625,6.21875,2684400,0.0,0.0
1995-03-31 00:00:00-05:00,6.15625,6.15625,5.9375,6.15625,5808800,0.0,0.0
1995-04-03 00:00:00-04:00,6.1875,6.34375,6.15625,6.3125,2276400,0.0,0.0
1995-04-04 00:00:00-04:00,6.34375,6.4375,6.28125,6.4375,1496000,0.0,0.0
1995-04-05 00:00:00-04:00,6.375,6.96875,6.375,6.90625,4793200,0.0,0.0
1995-04-06 00:00:00-04:00,7.03125,7.21875,7.0,7.0,5490000,0.0,0.0
1995-04-07 00:00:00-04:00,7.03125,7.03125,6.625,6.71875,2470400,0.0,0.0
1995-04-10 00:00:00-04:00,6.625,6.875,6.625,6.875,1927200,0.0,0.0
1995-04-11 00:00:00-04:00,6.875,6.90625,6.71875,6.84375,3732000,0.0,0.0
1995-04-12 00:00:00-04:00,6.8125,6.875,6.6875,6.8125,1948800,0.0,0.0
1995-04-13 00:00:00-04:00,6.84375,6.9375,6.78125,6.90625,1567600,0.0,0.0
1995-04-17 00:00:00-04:00,6.96875,7.0,6.875,6.9375,1874000,0.0,0.0
1995-04-18 00:00:00-04:00,6.875,6.96875,6.8125,6.90625,1340400,0.0,0.0
1995-04-19 00:00:00-04:00,6.90625,6.90625,6.1875,6.71875,3645600,0.0,0.0
1995-04-20 00:00:00-04:00,6.5625,6.78125,6.34375,6.59375,2193200,0.0,0.0
1995-04-21 00:00:00-04:00,6.78125,6.78125,6.59375,6.59375,1706400,0.0,0.0
1995-04-24 00:00:00-04:00,6.625,6.71875,6.5625,6.65625,1359600,0.0,0.0
1995-04-25 00:00:00-04:00,6.65625,6.71875,6.46875,6.5,2762400,0.0,0.0
1995-04-26 00:00:00-04:00,6.5,6.6875,6.4375,6.5625,1416000,0.0,0.0
1995-04-27 00:00:00-04:00,6.5625,6.6875,6.5625,6.6875,974800,0.0,0.0
1995-04-28 00:00:00-04:00,6.71875,6.875,6.65625,6.8125,1957200,0.0,0.0
1995-05-01 00:00:00-04:00,6.78125,6.78125,6.65625,6.78125,1210400,0.0,0.0
1995-05-02 00:00:00-04:00,6.8125,7.3125,6.8125,7.09375,4980000,0.0,0.0
1995-05-03 00:00:00-04:00,7.1875,7.1875,7.0,7.125,3418800,0.0,0.0
1995-05-04 00:00:00-04:00,7.0625,7.15625,7.0,7.125,1982000,0.0,0.0
1995-05-05 00:00:00-04:00,7.09375,7.09375,6.71875,6.8125,2748000,0.0,0.0
1995-05-08 00:00:00-04:00,6.875,6.9375,6.84375,6.9375,1505600,0.0,0.0
1995-05-09 00:00:00-04:00,6.96875,7.0,6.90625,6.9375,1602000,0.0,0.0
1995-05-10 00:00:00-04:00,6.96875,7.09375,6.9375,7.09375,2290400,0.0,0.0
1995-05-11 00:00:00-04:00,7.125,7.15625,6.96875,7.0,1420800,0.0,0.0
1995-05-12 00:00:00-04:00,7.0,7.0625,6.90625,6.9375,1431600,0.0,0.0
1995-05-15 00:00:00-04:00,6.9375,6.9375,6.84375,6.90625,1322800,0.0,0.0
1995-05-16 00:00:00-04:00,6.90625,7.03125,6.90625,6.96875,1401600,0.0,0.0
1995-05-17 00:00:00-04:00,7.0,7.0,6.78125,6.8125,790000,0.0,0.0
1995-05-18 00:00:00-04:00,6.78125,6.875,6.46875,6.46875,1763600,0.0,0.0
1995-05-19 00:00:00-04:00,6.40625,6.53125,6.375,6.5,3326400,0.0,0.0
1995-05-22 00:00:00-04:00,6.5,6.71875,6.5,6.65625,875600,0.0,0.0
1995-05-23 00:00:00-04:00,6.65625,6.8125,6.65625,6.8125,1187600,0.0,0.0
1995-05-24 00:00:00-04:00,6.8125,6.9375,6.78125,6.875,2333200,0.0,0.0
1995-05-25 00:00:00-04:00,6.84375,6.9375,6.71875,6.78125,1202800,0.0,0.0
1995-05-26 00:00:00-04:00,6.8125,6.9375,6.78125,6.9375,812400,0.0,0.0
1995-05-30 00:00:00-04:00,6.875,6.96875,6.84375,6.90625,1109200,0.0,0.0
1995-05-31 00:00:00-04:00,6.9375,7.25,6.90625,7.1875,2588400,0.0,0.0
1995-06-01 00:00:00-04:00,7.1875,7.1875,7.03125,7.0625,1210400,0.0,0.0
1995-06-02 00:00:00-04:00,7.03125,7.125,6.96875,7.0,677600,0.0,0.0
1995-06-05 00:00:00-04:00,7.125,7.15625,7.0,7.09375,934000,0.0,0.0
1995-06-06 00:00:00-04:00,7.125,7.4375,7.09375,7.09375,1537600,0.0,0.0
1995-06-07 00:00:00-04:00,7.09375,7.15625,7.0,7.09375,516800,0.0,0.0
1995-06-08 00:00:00-04:00,7.125,7.125,7.03125,7.03125,1123200,0.0,0.0
1995-06-09 00:00:00-04:00,7.0625,7.09375,7.0,7.09375,607600,0.0,0.0
1995-06-12 00:00:00-04:00,7.125,7.25,7.125,7.21875,1570000,0.0,0.0
1995-06-13 00:00:00-04:00,7.375,7.46875,7.3125,7.4375,2348800,0.0,0.0
1995-06-14 00:00:00-04:00,7.46875,7.5,7.3125,7.5,1261600,0.0,0.0
1995-06-15 00:00:00-04:00,7.46875,7.59375,7.375,7.59375,2203200,0.0,0.0
1995-06-16 00:00:00-04:00,7.75,7.84375,7.625,7.8125,2721200,0.0,0.0
1995-06-19 00:00:00-04:00,7.84375,8.0,7.78125,8.0,1594400,0.0,0.0
1995-06-20 00:00:00-04:00,8.0,8.09375,7.90625,8.0625,944000,0.0,0.0
1995-06-21 00:00:00-04:00,8.125,8.1875,8.09375,8.1875,1437200,0.0,0.0
1995-06-22 00:00:00-04:00,8.125,8.3125,8.0625,8.1875,1691600,0.0,0.0
1995-06-23 00:00:00-04:00,8.21875,8.25,8.125,8.15625,1655200,0.0,0.0
1995-06-26 00:00:00-04:00,8.125,8.15625,7.75,7.75,1338400,0.0,0.0
1995-06-27 00:00:00-04:00,7.75,7.875,7.71875,7.8125,1729600,0.0,0.0
1995-06-28 00:00:00-04:00,7.875,8.0,7.75,8.0,1264400,0.0,0.0
1995-06-29 00:00:00-04:00,8.03125,8.125,7.9375,7.9375,1436000,0.0,0.0
1995-06-30 00:00:00-04:00,7.9375,7.96875,7.6875,7.96875,1408800,0.0,0.0
1995-07-03 00:00:00-04:00,7.96875,8.03125,7.875,7.96875,436800,0.0,0.0
1995-07-05 00:00:00-04:00,7.96875,8.03125,7.875,7.9375,901600,0.0,0.0
1995-07-06 00:00:00-04:00,8.0,8.25,8.0,8.25,1990400,0.0,0.0
1995-07-07 00:00:00-04:00,8.25,8.25,7.9375,8.09375,1358400,0.0,0.0
1995-07-10 00:00:00-04:00,8.0625,8.0625,7.625,7.625,1223600,0.0,0.0
1995-07-11 00:00:00-04:00,7.71875,8.21875,7.71875,8.21875,2225200,0.0,0.0
1995-07-12 00:00:00-04:00,8.21875,8.3125,8.15625,8.15625,1665200,0.0,0.0
1995-07-13 00:00:00-04:00,8.15625,8.15625,8.03125,8.09375,1136000,0.0,0.0
1995-07-14 00:00:00-04:00,8.0,8.3125,8.0,8.28125,1238000,0.0,0.0
1995-07-17 00:00:00-04:00,8.28125,8.28125,8.15625,8.25,1002400,0.0,0.0
1995-07-18 00:00:00-04:00,8.1875,8.1875,8.0,8.09375,1045200,0.0,0.0
1995-07-19 00:00:00-04:00,8.03125,8.0625,7.75,7.8125,3436800,0.0,0.0
1995-07-20 00:00:00-04:00,7.875,8.15625,7.8125,8.15625,1931200,0.0,0.0
1995-07-21 00:00:00-04:00,8.15625,8.4375,8.15625,8.28125,2121600,0.0,0.0
1995-07-24 00:00:00-04:00,8.3125,8.46875,8.3125,8.375,1600000,0.0,0.0
1995-07-25 00:00:00-04:00,8.5,8.75,8.40625,8.75,2162800,0.0,0.0
1995-07-26 00:00:00-04:00,8.71875,8.75,8.59375,8.75,1972800,0.0,0.0
1995-07-27 00:00:00-04:00,8.8125,9.375,8.65625,9.375,1258800,0.0,0.0
1995-07-28 00:00:00-04:00,9.34375,9.34375,8.96875,8.96875,1564800,0.0,0.0
1995-07-31 00:00:00-04:00,9.0,9.1875,8.875,9.125,1466800,0.0,0.0
1995-08-01 00:00:00-04:00,9.0,9.046875,8.96875,9.03125,622400,0.0,0.0
1995-08-02 00:00:00-04:00,9.125,9.25,9.125,9.25,1226000,0.0,0.0
1995-08-03 00:00:00-04:00,9.1875,9.21875,9.09375,9.1875,966400,0.0,0.0
1995-08-04 00:00:00-04:00,9.25,9.34375,9.25,9.28125,442800,0.0,0.0
1995-08-07 00:00:00-04:00,9.25,9.25,9.1875,9.25,972000,0.0,0.0
1995-08-08 00:00:00-04:00,9.25,9.46875,9.25,9.4375,927200,0.0,0.0
1995-08-09 00:00:00-04:00,9.375,9.5,9.375,9.5,1157600,0.0,0.0
1995-08-10 00:00:00-04:00,9.5625,9.875,9.5625,9.6875,1586800,0.0,0.0
1995-08-11 00:00:00-04:00,9.6875,9.75,9.46875,9.53125,1141600,0.0,0.0
1995-08-14 00:00:00-04:00,9.59375,9.75,9.40625,9.75,1028400,0.0,0.0
1995-08-15 00:00:00-04:00,9.75,9.8125,9.4375,9.5,808400,0.0,0.0
1995-08-16 00:00:00-04:00,9.5,9.625,9.4375,9.59375,420400,0.0,0.0
1995-08-17 00:00:00-04:00,9.59375,9.75,9.5,9.75,1060800,0.0,0.0
1995-08-18 00:00:00-04:00,9.75,9.8125,9.65625,9.65625,681200,0.0,0.0
1995-08-21 00:00:00-04:00,9.6875,9.71875,9.4375,9.4375,649600,0.0,0.0
1995-08-22 00:00:00-04:00,9.4375,9.4375,9.21875,9.28125,992400,0.0,0.0
1995-08-23 00:00:00-04:00,9.28125,9.59375,9.28125,9.5,917600,0.0,0.0
1995-08-24 00:00:00-04:00,9.5625,9.8125,9.53125,9.78125,575600,0.0,0.0
1995-08-25 00:00:00-04:00,9.71875,9.75,9.625,9.6875,560400,0.0,0.0
1995-08-28 00:00:00-04:00,9.6875,9.71875,9.59375,9.71875,741600,0.0,0.0
1995-08-29 00:00:00-04:00,9.75,9.75,9.5,9.75,460000,0.0,0.0
1995-08-30 00:00:00-04:00,9.9375,10.15625,9.8125,9.96875,6189200,0.0,0.0
1995-08-31 00:00:00-04:00,9.96875,9.96875,9.90625,9.9375,1356800,0.0,0.0
1995-09-01 00:00:00-04:00,9.9375,9.96875,9.90625,9.96875,601200,0.0,0.0
1995-09-05 00:00:00-04:00,9.90625,9.96875,9.90625,9.96875,694000,0.0,0.0
1995-09-06 00:00:00-04:00,9.96875,10.03125,9.90625,9.9375,849200,0.0,0.0
1995-09-07 00:00:00-04:00,9.90625,9.96875,9.875,9.96875,665200,0.0,0.0
1995-09-08 00:00:00-04:00,9.9375,9.96875,9.8125,9.90625,629200,0.0,0.0
1995-09-11 00:00:00-04:00,9.90625,10.0,9.875,9.875,747200,0.0,0.0
1995-09-12 00:00:00-04:00,9.90625,9.90625,9.75,9.75,844800,0.0,0.0
1995-09-13 00:00:00-04:00,9.78125,9.96875,9.71875,9.9375,686400,0.0,0.0
1995-09-14 00:00:00-04:00,9.9375,10.125,9.875,10.125,1625600,0.0,0.0
1995-09-15 00:00:00-04:00,10.46875,10.46875,10.25,10.34375,2554800,0.0,0.0
1995-09-18 00:00:00-04:00,10.3125,10.34375,10.21875,10.34375,1073600,0.0,0.0
1995-09-19 00:00:00-04:00,10.375,10.59375,10.375,10.53125,1331600,0.0,0.0
1995-09-20 00:00:00-04:00,10.46875,10.46875,10.34375,10.46875,873600,0.0,0.0
1995-09-21 00:00:00-04:00,10.40625,10.5,10.28125,10.3125,1023200,0.0,0.0
1995-09-22 00:00:00-04:00,10.1875,10.21875,10.0625,10.21875,1482000,0.0,0.0
1995-09-25 00:00:00-04:00,10.25,10.28125,10.0625,10.15625,840800,0.0,0.0
1995-09-26 00:00:00-04:00,10.21875,10.3125,10.1875,10.25,643200,0.0,0.0
1995-09-27 00:00:00-04:00,10.25,10.25,10.15625,10.21875,777200,0.0,0.0
1995-09-28 00:00:00-04:00,10.21875,10.5,10.15625,10.5,979200,0.0,0.0
1995-09-29 00:00:00-04:00,10.5,10.875,10.40625,10.875,1270000,0.0,0.0
1995-10-02 00:00:00-04:00,10.65625,10.65625,10.59375,10.625,1147600,0.0,0.0
1995-10-03 00:00:00-04:00,10.625,10.625,10.28125,10.28125,1068400,0.0,0.0
1995-10-04 00:00:00-04:00,10.28125,10.4375,10.25,10.4375,1947600,0.0,0.0
1995-10-05 00:00:00-04:00,10.375,10.59375,10.375,10.59375,2334000,0.0,0.0
1995-10-06 00:00:00-04:00,10.5625,10.5625,10.40625,10.4375,584400,0.0,0.0
1995-10-09 00:00:00-04:00,10.34375,10.40625,10.125,10.15625,976800,0.0,0.0
1995-10-10 00:00:00-04:00,10.0,10.03125,9.90625,10.03125,1596400,0.0,0.0
1995-10-11 00:00:00-04:00,10.03125,10.0625,9.96875,10.0625,1080800,0.0,0.0
1995-10-12 00:00:00-04:00,10.0625,10.5625,10.0625,10.5625,2092400,0.0,0.0
1995-10-13 00:00:00-04:00,10.5625,10.59375,10.40625,10.40625,974400,0.0,0.0
1995-10-16 00:00:00-04:00,10.40625,10.4375,10.34375,10.40625,396000,0.0,0.0
1995-10-17 00:00:00-04:00,10.40625,10.59375,10.3125,10.53125,1214800,0.0,0.0
1995-10-18 00:00:00-04:00,10.5625,10.625,10.53125,10.53125,1092000,0.0,0.0
1995-10-19 00:00:00-04:00,10.5625,10.5625,10.40625,10.4375,1246400,0.0,0.0
1995-10-20 00:00:00-04:00,10.4375,10.4375,10.0,10.0,2410000,0.0,0.0
1995-10-23 00:00:00-04:00,10.0,10.5625,9.84375,10.53125,3053200,0.0,0.0
1995-10-24 00:00:00-04:00,10.5625,10.6875,10.34375,10.6875,3154800,0.0,0.0
1995-10-25 00:00:00-04:00,10.71875,10.71875,10.40625,10.53125,1575200,0.0,0.0
1995-10-26 00:00:00-04:00,10.5625,10.5625,10.40625,10.46875,1054400,0.0,0.0
1995-10-27 00:00:00-04:00,10.375,10.5,10.28125,10.46875,1147600,0.0,0.0
1995-10-30 00:00:00-05:00,10.46875,10.65625,10.4375,10.65625,1236000,0.0,0.0
1995-10-31 00:00:00-05:00,10.625,10.65625,10.53125,10.53125,840400,0.0,0.0
1995-11-01 00:00:00-05:00,10.5625,10.5625,10.3125,10.3125,714800,0.0,0.0
1995-11-02 00:00:00-05:00,10.3125,10.34375,10.0625,10.15625,1004000,0.0,0.0
1995-11-03 00:00:00-05:00,10.1875,10.40625,10.1875,10.375,1022000,0.0,0.0
1995-11-06 00:00:00-05:00,10.375,10.375,10.1875,10.1875,582400,0.0,0.0
1995-11-07 00:00:00-05:00,10.1875,10.28125,10.15625,10.28125,544000,0.0,0.0
1995-11-08 00:00:00-05:00,10.25,10.375,10.1875,10.25,1072400,0.0,0.0
1995-11-09 00:00:00-05:00,10.25,10.4375,10.21875,10.4375,1474000,0.0,0.0
1995-11-10 00:00:00-05:00,10.40625,10.46875,10.34375,10.375,815600,0.0,0.0
1995-11-13 00:00:00-05:00,10.375,10.59375,10.34375,10.5625,1564000,0.0,0.0
1995-11-14 00:00:00-05:00,10.5625,10.5625,10.40625,10.40625,780000,0.0,0.0
1995-11-15 00:00:00-05:00,10.34375,10.375,10.09375,10.1875,1566800,0.0,0.0
1995-11-16 00:00:00-05:00,10.21875,10.375,10.09375,10.09375,2365200,0.0,0.0
1995-11-17 00:00:00-05:00,10.125,10.3125,10.125,10.3125,1967200,0.0,0.0
1995-11-20 00:00:00-05:00,10.21875,10.59375,10.21875,10.53125,1998400,0.0,0.0
1995-11-21 00:00:00-05:00,10.59375,10.59375,10.34375,10.53125,2184800,0.0,0.0
1995-11-22 00:00:00-05:00,10.5,10.5,10.34375,10.375,1157200,0.0,0.0
1995-11-24 00:00:00-05:00,10.40625,10.40625,10.3125,10.375,117600,0.0,0.0
1995-11-27 00:00:00-05:00,10.375,10.4375,10.125,10.1875,992400,0.0,0.0
1995-11-28 00:00:00-05:00,10.125,10.21875,9.96875,10.1875,1346800,0.0,0.0
1995-11-29 00:00:00-05:00,10.1875,10.28125,10.1875,10.28125,1005200,0.0,0.0
1995-11-30 00:00:00-05:00,10.28125,10.28125,10.09375,10.125,2027200,0.0,0.0
1995-12-01 00:00:00-05:00,10.0,10.0625,9.90625,9.9375,857600,0.0,0.0
1995-12-04 00:00:00-05:00,9.75,9.875,9.34375,9.65625,3909200,0.0,0.0
1995-12-05 00:00:00-05:00,9.78125,10.15625,9.78125,10.125,1815200,0.0,0.0
1995-12-06 00:00:00-05:00,10.1875,10.28125,10.125,10.25,1131200,0.0,0.0
1995-12-07 00:00:00-05:00,10.1875,10.40625,10.09375,10.34375,1918000,0.0,0.0
1995-12-08 00:00:00-05:00,10.3125,10.5,10.3125,10.4375,883600,0.0,0.0
1995-12-11 00:00:00-05:00,10.4375,10.8125,10.4375,10.75,1724400,0.0,0.0
1995-12-12 00:00:00-05:00,10.71875,10.8125,10.6875,10.8125,1263600,0.0,0.0
1995-12-13 00:00:00-05:00,10.8125,11.15625,10.8125,11.0625,1812800,0.0,0.0
1995-12-14 00:00:00-05:00,11.09375,11.625,11.09375,11.59375,2565600,0.0,0.0
1995-12-15 00:00:00-05:00,11.96875,11.96875,11.625,11.71875,3306800,0.0,0.0
1995-12-18 00:00:00-05:00,11.3125,11.34375,11.09375,11.09375,2043600,0.0,0.0
1995-12-19 00:00:00-05:00,11.21875,11.375,11.0625,11.34375,1040400,0.0,0.0
1995-12-20 00:00:00-05:00,11.46875,11.78125,11.46875,11.5625,1531200,0.0,0.0
1995-12-21 00:00:00-05:00,11.625,11.71875,11.5625,11.6875,823600,0.0,0.0
1995-12-22 00:00:00-05:00,11.6875,11.8125,11.65625,11.8125,800800,0.0,0.0
1995-12-26 00:00:00-05:00,11.8125,11.84375,11.6875,11.75,452800,0.0,0.0
1995-12-27 00:00:00-05:00,11.75,11.78125,11.6875,11.78125,433600,0.0,0.0
1995-12-28 00:00:00-05:00,12.0,12.0,11.75,11.84375,1321600,0.0,0.0
1995-12-29 00:00:00-05:00,11.875,12.34375,11.84375,12.3125,2849200,0.0,0.0
1996-01-02 00:00:00-05:00,12.21875,12.21875,11.8125,11.9375,2133200,0.0,0.0
1996-01-03 00:00:00-05:00,11.71875,12.21875,11.71875,12.21875,1514800,0.0,0.0
1996-01-04 00:00:00-05:00,12.34375,12.4375,11.65625,11.8125,2151200,0.0,0.0
1996-01-05 00:00:00-05:00,11.6875,12.09375,11.375,12.09375,1946800,0.0,0.0
1996-01-08 00:00:00-05:00,11.96875,11.96875,11.84375,11.84375,310000,0.0,0.0
1996-01-09 00:00:00-05:00,11.84375,11.84375,11.125,11.125,2938800,0.0,0.0
1996-01-10 00:00:00-05:00,10.8125,11.15625,10.25,10.40625,4256400,0.0,0.0
1996-01-11 00:00:00-05:00,10.375,11.0,9.96875,11.0,2521600,0.0,0.0
1996-01-12 00:00:00-05:00,11.0,11.1875,10.625,11.0,1616800,0.0,0.0
1996-01-15 00:00:00-05:00,11.0,11.0,10.4375,10.4375,1462400,0.0,0.0
1996-01-16 00:00:00-05:00,10.53125,10.8125,10.34375,10.75,2298400,0.0,0.0
1996-01-17 00:00:00-05:00,10.75,10.8125,10.65625,10.6875,955200,0.0,0.0
1996-01-18 00:00:00-05:00,10.75,11.625,10.75,11.625,1714400,0.0,0.0
1996-01-19 00:00:00-05:00,11.59375,11.78125,11.4375,11.46875,2127200,0.0,0.0
1996-01-22 00:00:00-05:00,11.46875,11.46875,11.125,11.25,1596800,0.0,0.0
1996-01-23 00:00:00-05:00,11.15625,11.15625,10.9375,11.0625,620800,0.0,0.0
1996-01-24 00:00:00-05:00,11.09375,11.625,11.03125,11.53125,1162000,0.0,0.0
1996-01-25 00:00:00-05:00,11.53125,11.96875,11.53125,11.75,910800,0.0,0.0
1996-01-26 00:00:00-05:00,11.71875,12.40625,11.6875,12.375,3092800,0.0,0.0
1996-01-29 00:00:00-05:00,12.25,12.3125,11.96875,12.25,2356800,0.0,0.0
1996-01-30 00:00:00-05:00,12.25,12.59375,12.15625,12.53125,1320000,0.0,0.0
1996-01-31 00:00:00-05:00,12.53125,12.90625,12.34375,12.8125,1524000,0.0,0.0
1996-02-01 00:00:00-05:00,12.875,12.875,12.46875,12.5625,3555600,0.0,0.0
1996-02-02 00:00:00-05:00,12.5,12.53125,12.25,12.375,2602400,0.0,0.0
1996-02-05 00:00:00-05:00,12.40625,12.40625,12.09375,12.125,1756000,0.0,0.0
1996-02-06 00:00:00-05:00,12.15625,12.40625,12.09375,12.34375,1234400,0.0,0.0
1996-02-07 00:00:00-05:00,12.25,12.25,12.0625,12.125,1830400,0.0,0.0
1996-02-08 00:00:00-05:00,12.15625,12.15625,11.9375,12.15625,1618000,0.0,0.0
1996-02-09 00:00:00-05:00,12.09375,12.5,12.0625,12.375,1729200,0.0,0.0
1996-02-12 00:00:00-05:00,12.5,12.53125,12.40625,12.46875,1034400,0.0,0.0
1996-02-13 00:00:00-05:00,12.375,12.5,12.28125,12.3125,909200,0.0,0.0
1996-02-14 00:00:00-05:00,12.25,12.3125,11.71875,11.78125,1195200,0.0,0.0
1996-02-15 00:00:00-05:00,11.625,11.75,11.46875,11.75,2176800,0.0,0.0
1996-02-16 00:00:00-05:00,11.71875,11.71875,11.4375,11.5625,1016000,0.0,0.0
1996-02-20 00:00:00-05:00,11.40625,11.46875,11.15625,11.28125,1865600,0.0,0.0
1996-02-21 00:00:00-05:00,11.25,11.4375,11.125,11.28125,2306000,0.0,0.0
1996-02-22 00:00:00-05:00,11.5,11.59375,11.34375,11.46875,1714000,0.0,0.0
1996-02-23 00:00:00-05:00,11.46875,11.46875,10.9375,11.15625,3022400,0.0,0.0
1996-02-26 00:00:00-05:00,11.09375,11.15625,10.65625,10.78125,3145200,0.0,0.0
1996-02-27 00:00:00-05:00,10.875,10.90625,10.40625,10.625,4374400,0.0,0.0
1996-02-28 00:00:00-05:00,11.125,12.21875,11.125,11.875,11712400,0.0,0.0
1996-02-29 00:00:00-05:00,12.0,12.3125,11.90625,12.0,2678800,0.0,0.0
1996-03-01 00:00:00-05:00,12.03125,12.1875,11.96875,12.09375,1504800,0.0,0.0
1996-03-04 00:00:00-05:00,12.0625,12.21875,11.84375,11.84375,1231200,0.0,0.0
1996-03-05 00:00:00-05:00,11.84375,12.0625,11.6875,11.875,1694400,0.0,0.0
1996-03-06 00:00:00-05:00,11.875,11.90625,11.75,11.75,1193600,0.0,0.0
1996-03-07 00:00:00-05:00,11.71875,12.125,11.71875,12.09375,1653200,0.0,0.0
1996-03-08 00:00:00-05:00,11.875,11.9375,11.625,11.65625,1256000,0.0,0.0
1996-03-11 00:00:00-05:00,11.375,11.71875,11.28125,11.65625,2867200,0.0,0.0
1996-03-12 00:00:00-05:00,11.625,11.90625,11.59375,11.71875,1136000,0.0,0.0
1996-03-13 00:00:00-05:00,11.84375,11.84375,11.71875,11.75,1727200,0.0,0.0
1996-03-14 00:00:00-05:00,11.75,12.03125,11.65625,11.65625,2347200,0.0,0.0
1996-03-15 00:00:00-05:00,11.625,11.78125,11.53125,11.625,3353200,0.0,0.0
1996-03-18 00:00:00-05:00,11.65625,11.75,11.59375,11.65625,1257600,0.0,0.0
1996-03-19 00:00:00-05:00,11.9375,11.9375,11.65625,11.65625,3010800,0.0,0.0
1996-03-20 00:00:00-05:00,11.71875,11.78125,11.625,11.75,1618400,0.0,0.0
1996-03-21 00:00:00-05:00,11.78125,12.5,11.75,12.34375,2798000,0.0,0.0
1996-03-22 00:00:00-05:00,12.34375,12.4375,12.1875,12.21875,864000,0.0,0.0
1996-03-25 00:00:00-05:00,12.28125,12.46875,12.15625,12.3125,962800,0.0,0.0
1996-03-26 00:00:00-05:00,12.375,12.40625,12.0,12.03125,1680400,0.0,0.0
1996-03-27 00:00:00-05:00,12.09375,12.09375,11.59375,11.65625,2100000,0.0,0.0
1996-03-28 00:00:00-05:00,11.625,11.65625,11.4375,11.53125,2387600,0.0,0.0
1996-03-29 00:00:00-05:00,11.59375,11.71875,11.5,11.5,2518000,0.0,0.0
1996-04-01 00:00:00-05:00,11.625,11.625,11.53125,11.59375,2017600,0.0,0.0
1996-04-02 00:00:00-05:00,11.59375,11.8125,11.53125,11.71875,1510000,0.0,0.0
1996-04-03 00:00:00-05:00,11.625,11.78125,11.5,11.53125,1500000,0.0,0.0
1996-04-04 00:00:00-05:00,11.53125,11.84375,11.0,11.3125,2607200,0.0,0.0
1996-04-08 00:00:00-04:00,10.9375,10.9375,10.625,10.8125,3146000,0.0,0.0
1996-04-09 00:00:00-04:00,10.875,10.90625,10.625,10.6875,1670400,0.0,0.0
1996-04-10 00:00:00-04:00,10.6875,10.6875,9.84375,9.9375,3601200,0.0,0.0
1996-04-11 00:00:00-04:00,9.9375,10.6875,9.4375,10.53125,13078400,0.0,0.0
1996-04-12 00:00:00-04:00,10.53125,11.03125,10.5,10.90625,5232800,0.0,0.0
1996-04-15 00:00:00-04:00,10.875,10.96875,10.84375,10.9375,3684800,0.0,0.0
1996-04-16 00:00:00-04:00,10.90625,10.9375,10.71875,10.84375,2438800,0.0,0.0
1996-04-17 00:00:00-04:00,10.8125,10.8125,10.5,10.65625,4750800,0.0,0.0
1996-04-18 00:00:00-04:00,10.6875,10.75,10.59375,10.65625,3472800,0.0,0.0
1996-04-19 00:00:00-04:00,10.71875,11.0,10.53125,10.625,2889600,0.0,0.0
1996-04-22 00:00:00-04:00,10.71875,10.71875,10.5625,10.59375,1414400,0.0,0.0
1996-04-23 00:00:00-04:00,10.625,10.75,10.59375,10.65625,2116800,0.0,0.0
1996-04-24 00:00:00-04:00,10.65625,10.75,10.53125,10.53125,2592400,0.0,0.0
1996-04-25 00:00:00-04:00,10.5625,10.5625,10.03125,10.25,2872800,0.0,0.0
1996-04-26 00:00:00-04:00,10.28125,10.28125,9.96875,10.0,8873200,0.0,0.0
1996-04-29 00:00:00-04:00,10.0,10.96875,9.9375,10.9375,6096400,0.0,0.0
1996-04-30 00:00:00-04:00,10.84375,11.1875,10.625,10.78125,3208000,0.0,0.0
1996-05-01 00:00:00-04:00,10.9375,11.53125,10.9375,11.28125,7229200,0.0,0.0
1996-05-02 00:00:00-04:00,11.40625,11.4375,11.0625,11.0625,3331600,0.0,0.0
1996-05-03 00:00:00-04:00,11.09375,11.125,10.5625,10.59375,1720400,0.0,0.0
1996-05-06 00:00:00-04:00,11.0,11.0,10.46875,10.625,2141200,0.0,0.0
1996-05-07 00:00:00-04:00,10.75,10.78125,10.625,10.65625,1860800,0.0,0.0
1996-05-08 00:00:00-04:00,10.625,10.625,10.375,10.5625,2329200,0.0,0.0
1996-05-09 00:00:00-04:00,10.5,10.53125,10.21875,10.34375,2052400,0.0,0.0
1996-05-10 00:00:00-04:00,10.375,10.53125,10.375,10.4375,2804000,0.0,0.0
1996-05-13 00:00:00-04:00,10.4375,10.53125,10.21875,10.5,1784000,0.0,0.0
1996-05-14 00:00:00-04:00,10.625,10.96875,10.4375,10.46875,3024400,0.0,0.0
1996-05-15 00:00:00-04:00,10.46875,10.71875,10.375,10.5625,1868400,0.0,0.0
1996-05-16 00:00:00-04:00,10.5,10.59375,10.40625,10.5,1473600,0.0,0.0
1996-05-17 00:00:00-04:00,10.5,10.65625,10.46875,10.625,1727600,0.0,0.0
1996-05-20 00:00:00-04:00,10.65625,10.65625,10.40625,10.46875,1211200,0.0,0.0
1996-05-21 00:00:00-04:00,10.5,10.625,10.46875,10.5625,1100000,0.0,0.0
1996-05-22 00:00:00-04:00,10.5,10.875,10.40625,10.84375,2616400,0.0,0.0
1996-05-23 00:00:00-04:00,10.8125,10.9375,10.71875,10.875,1352000,0.0,0.0
1996-05-24 00:00:00-04:00,11.09375,11.25,10.84375,11.25,2163200,0.0,0.0
1996-05-28 00:00:00-04:00,11.0625,11.0625,10.75,10.75,1905200,0.0,0.0
1996-05-29 00:00:00-04:00,10.78125,10.9375,10.75,10.84375,2164000,0.0,0.0
1996-05-30 00:00:00-04:00,10.78125,11.0625,10.75,10.9375,1138000,0.0,0.0
1996-05-31 00:00:00-04:00,10.9375,10.9375,10.65625,10.71875,1302000,0.0,0.0
1996-06-03 00:00:00-04:00,10.65625,10.75,10.53125,10.625,924000,0.0,0.0
1996-06-04 00:00:00-04:00,10.71875,10.9375,10.65625,10.8125,968000,0.0,0.0
1996-06-05 00:00:00-04:00,10.875,11.15625,10.84375,11.125,4832800,0.0,0.0
1996-06-06 00:00:00-04:00,11.15625,11.28125,11.0,11.25,2084400,0.0,0.0
1996-06-07 00:00:00-04:00,11.0,11.1875,10.9375,11.1875,1288400,0.0,0.0
1996-06-10 00:00:00-04:00,11.125,11.15625,11.0,11.125,1348800,0.0,0.0
1996-06-11 00:00:00-04:00,11.09375,11.09375,10.8125,10.8125,2072000,0.0,0.0
1996-06-12 00:00:00-04:00,10.84375,10.90625,10.34375,10.375,3978400,0.0,0.0
1996-06-13 00:00:00-04:00,10.40625,10.46875,10.1875,10.375,4777600,0.0,0.0
1996-06-14 00:00:00-04:00,10.28125,10.34375,10.0625,10.21875,1806800,0.0,0.0
1996-06-17 00:00:00-04:00,10.1875,10.21875,9.9375,9.9375,3098000,0.0,0.0
1996-06-18 00:00:00-04:00,9.96875,10.0,9.71875,9.875,3164800,0.0,0.0
1996-06-19 00:00:00-04:00,9.75,10.0625,9.5625,9.78125,5496800,0.0,0.0
1996-06-20 00:00:00-04:00,9.5625,9.90625,9.4375,9.875,4979600,0.0,0.0
1996-06-21 00:00:00-04:00,10.0,10.125,10.0,10.0,4940000,0.0,0.0
1996-06-24 00:00:00-04:00,10.0625,10.46875,10.03125,10.4375,2390800,0.0,0.0
1996-06-25 00:00:00-04:00,10.46875,10.875,10.46875,10.625,3178800,0.0,0.0
1996-06-26 00:00:00-04:00,10.59375,10.59375,10.3125,10.46875,2260400,0.0,0.0
1996-06-27 00:00:00-04:00,10.46875,10.5,10.28125,10.5,934000,0.0,0.0
1996-06-28 00:00:00-04:00,10.5,11.25,10.4375,11.25,2125200,0.0,0.0
1996-07-01 00:00:00-04:00,10.9375,10.9375,10.75,10.875,976400,0.0,0.0
1996-07-02 00:00:00-04:00,10.90625,10.9375,10.46875,10.59375,1449200,0.0,0.0
1996-07-03 00:00:00-04:00,10.65625,10.65625,10.1875,10.25,1380400,0.0,0.0
1996-07-05 00:00:00-04:00,10.09375,10.15625,10.03125,10.09375,598000,0.0,0.0
1996-07-08 00:00:00-04:00,10.03125,10.0625,9.90625,9.96875,1719200,0.0,0.0
1996-07-09 00:00:00-04:00,10.4375,10.875,10.4375,10.78125,6962400,0.0,0.0
1996-07-10 00:00:00-04:00,10.9375,11.1875,10.8125,11.1875,2866800,0.0,0.0
1996-07-11 00:00:00-04:00,11.1875,11.1875,10.875,11.1875,4471600,0.0,0.0
1996-07-12 00:00:00-04:00,11.15625,11.34375,11.125,11.3125,3108400,0.0,0.0
1996-07-15 00:00:00-04:00,11.34375,11.34375,11.03125,11.125,2201200,0.0,0.0
1996-07-16 00:00:00-04:00,11.125,11.15625,10.5,10.90625,2282400,0.0,0.0
1996-07-17 00:00:00-04:00,11.1875,11.40625,10.953125,11.3125,2613200,0.0,0.0
1996-07-18 00:00:00-04:00,11.84375,12.25,11.8125,12.09375,5803200,0.0,0.0
1996-07-19 00:00:00-04:00,11.875,11.875,11.59375,11.71875,1719200,0.0,0.0
1996-07-22 00:00:00-04:00,11.6875,11.6875,11.46875,11.59375,941200,0.0,0.0
1996-07-23 00:00:00-04:00,11.6875,12.125,11.375,11.375,4566800,0.0,0.0
1996-07-24 00:00:00-04:00,11.0625,11.71875,10.9375,11.34375,2386800,0.0,0.0
1996-07-25 00:00:00-04:00,11.5,11.59375,11.125,11.34375,1863600,0.0,0.0
1996-07-26 00:00:00-04:00,11.40625,11.40625,11.0625,11.3125,1604800,0.0,0.0
1996-07-29 00:00:00-04:00,11.3125,11.3125,11.15625,11.15625,1098800,0.0,0.0
1996-07-30 00:00:00-04:00,11.15625,11.28125,11.125,11.28125,1958400,0.0,0.0
1996-07-31 00:00:00-04:00,11.34375,12.0,11.34375,11.9375,3371600,0.0,0.0
1996-08-01 00:00:00-04:00,11.875,12.15625,11.84375,12.0625,1389600,0.0,0.0
1996-08-02 00:00:00-04:00,12.09375,12.21875,12.0625,12.15625,2018400,0.0,0.0
1996-08-05 00:00:00-04:00,12.1875,12.34375,11.90625,11.9375,1483200,0.0,0.0
1996-08-06 00:00:00-04:00,12.0,12.25,12.0,12.15625,1175600,0.0,0.0
1996-08-07 00:00:00-04:00,12.21875,12.21875,12.0,12.09375,1803600,0.0,0.0
1996-08-08 00:00:00-04:00,12.0625,12.28125,12.0625,12.15625,2538800,0.0,0.0
1996-08-09 00:00:00-04:00,12.15625,12.1875,11.9375,12.0,841600,0.0,0.0
1996-08-12 00:00:00-04:00,12.03125,12.21875,11.875,12.15625,885200,0.0,0.0
1996-08-13 00:00:00-04:00,12.15625,12.15625,11.9375,12.03125,1109200,0.0,0.0
1996-08-14 00:00:00-04:00,11.875,12.0625,11.8125,11.84375,623600,0.0,0.0
1996-08-15 00:00:00-04:00,11.875,12.0625,11.78125,12.0,1091200,0.0,0.0
1996-08-16 00:00:00-04:00,12.0625,12.0625,11.90625,11.9375,697600,0.0,0.0
1996-08-19 00:00:00-04:00,12.0,12.03125,11.875,11.9375,1418400,0.0,0.0
1996-08-20 00:00:00-04:00,11.90625,11.90625,11.5625,11.5625,1013200,0.0,0.0
1996-08-21 00:00:00-04:00,11.5625,11.78125,11.53125,11.78125,431200,0.0,0.0
1996-08-22 00:00:00-04:00,11.6875,11.875,11.40625,11.71875,423600,0.0,0.0
1996-08-23 00:00:00-04:00,11.59375,11.6875,11.40625,11.5625,527200,0.0,0.0
1996-08-26 00:00:00-04:00,11.5625,11.5625,11.4375,11.5,587200,0.0,0.0
1996-08-27 00:00:00-04:00,11.5625,11.5625,11.5,11.5625,797600,0.0,0.0
1996-08-28 00:00:00-04:00,11.5625,11.625,11.5625,11.59375,957200,0.0,0.0
1996-08-29 00:00:00-04:00,11.59375,11.59375,11.40625,11.53125,763600,0.0,0.0
1996-08-30 00:00:00-04:00,11.5,11.5625,11.375,11.46875,840400,0.0,0.0
1996-09-03 00:00:00-04:00,11.1875,11.8125,11.0,11.71875,1544400,0.0,0.0
1996-09-04 00:00:00-04:00,11.71875,11.71875,11.5,11.65625,754400,0.0,0.0
1996-09-05 00:00:00-04:00,11.625,11.65625,11.375,11.4375,642400,0.0,0.0
1996-09-06 00:00:00-04:00,11.46875,11.78125,11.46875,11.65625,1110400,0.0,0.0
1996-09-09 00:00:00-04:00,11.8125,12.25,11.625,12.25,2461600,0.0,0.0
1996-09-10 00:00:00-04:00,12.25,12.28125,12.0625,12.25,1372400,0.0,0.0
1996-09-11 00:00:00-04:00,12.3125,12.46875,12.25,12.4375,2078800,0.0,0.0
1996-09-12 00:00:00-04:00,12.625,13.46875,12.59375,13.34375,6978000,0.0,0.0
1996-09-13 00:00:00-04:00,13.4375,13.625,13.1875,13.625,5107600,0.0,0.0
1996-09-16 00:00:00-04:00,13.59375,14.125,13.5625,13.90625,3345600,0.0,0.0
1996-09-17 00:00:00-04:00,14.0,14.0625,13.75,13.90625,2243600,0.0,0.0
1996-09-18 00:00:00-04:00,13.875,13.9375,13.53125,13.53125,1442400,0.0,0.0
1996-09-19 00:00:00-04:00,13.375,13.5625,13.25,13.5625,2128400,0.0,0.0
1996-09-20 00:00:00-04:00,13.625,13.8125,13.5,13.6875,1949600,0.0,0.0
1996-09-23 00:00:00-04:00,13.6875,13.8125,13.625,13.8125,942000,0.0,0.0
1996-09-24 00:00:00-04:00,13.75,14.1875,13.75,14.125,2054400,0.0,0.0
1996-09-25 00:00:00-04:00,14.1875,14.21875,14.09375,14.09375,889600,0.0,0.0
1996-09-26 00:00:00-04:00,14.125,14.15625,13.9375,14.09375,1015200,0.0,0.0
1996-09-27 00:00:00-04:00,14.125,14.125,13.75,14.03125,1557600,0.0,0.0
1996-09-30 00:00:00-04:00,14.03125,14.40625,14.03125,14.375,2857600,0.0,0.0
1996-10-01 00:00:00-04:00,14.34375,14.375,14.0625,14.3125,2236400,0.0,0.0
1996-10-02 00:00:00-04:00,14.34375,14.4375,14.0625,14.09375,844800,0.0,0.0
1996-10-03 00:00:00-04:00,14.125,14.125,13.625,13.8125,1494800,0.0,0.0
1996-10-04 00:00:00-04:00,13.96875,14.1875,13.96875,14.15625,1580800,0.0,0.0
1996-10-07 00:00:00-04:00,14.28125,14.3125,14.0,14.0,571600,0.0,0.0
1996-10-08 00:00:00-04:00,13.9375,14.21875,13.9375,14.15625,1069200,0.0,0.0
1996-10-09 00:00:00-04:00,14.1875,14.3125,14.03125,14.125,1128800,0.0,0.0
1996-10-10 00:00:00-04:00,14.125,14.25,14.03125,14.21875,606400,0.0,0.0
1996-10-11 00:00:00-04:00,13.5625,13.9375,13.5625,13.78125,6497200,0.0,0.0
1996-10-14 00:00:00-04:00,13.84375,14.0,13.71875,13.75,2753200,0.0,0.0
1996-10-15 00:00:00-04:00,13.78125,13.78125,13.21875,13.25,2460400,0.0,0.0
1996-10-16 00:00:00-04:00,13.375,13.59375,13.375,13.5625,2407200,0.0,0.0
1996-10-17 00:00:00-04:00,13.75,13.75,13.625,13.65625,1379200,0.0,0.0
1996-10-18 00:00:00-04:00,13.78125,13.8125,13.59375,13.6875,428800,0.0,0.0
1996-10-21 00:00:00-04:00,13.71875,13.78125,13.625,13.6875,972800,0.0,0.0
1996-10-22 00:00:00-04:00,13.6875,13.6875,13.21875,13.40625,2328800,0.0,0.0
1996-10-23 00:00:00-04:00,13.375,13.65625,13.3125,13.65625,1280000,0.0,0.0
1996-10-24 00:00:00-04:00,13.65625,13.6875,13.40625,13.4375,556400,0.0,0.0
1996-10-25 00:00:00-04:00,13.4375,13.46875,13.21875,13.4375,1108400,0.0,0.0
1996-10-28 00:00:00-05:00,13.4375,13.625,13.4375,13.4375,712400,0.0,0.0
1996-10-29 00:00:00-05:00,13.46875,13.53125,13.34375,13.40625,816800,0.0,0.0
1996-10-30 00:00:00-05:00,13.375,13.5,13.375,13.46875,1385600,0.0,0.0
1996-10-31 00:00:00-05:00,13.4375,13.6875,13.40625,13.59375,1342800,0.0,0.0
1996-11-01 00:00:00-05:00,13.6875,13.8125,13.5625,13.65625,1926000,0.0,0.0
1996-11-04 00:00:00-05:00,13.65625,13.65625,13.4375,13.59375,1906000,0.0,0.0
1996-11-05 00:00:00-05:00,13.65625,13.84375,13.59375,13.8125,844400,0.0,0.0
1996-11-06 00:00:00-05:00,13.84375,14.46875,13.8125,14.4375,3086800,0.0,0.0
1996-11-07 00:00:00-05:00,14.375,14.90625,14.25,14.78125,3328800,0.0,0.0
1996-11-08 00:00:00-05:00,14.8125,14.8125,14.375,14.65625,2868000,0.0,0.0
1996-11-11 00:00:00-05:00,14.625,14.78125,14.625,14.6875,1352000,0.0,0.0
1996-11-12 00:00:00-05:00,14.6875,14.6875,14.34375,14.34375,1557200,0.0,0.0
1996-11-13 00:00:00-05:00,14.25,14.34375,14.09375,14.25,1675200,0.0,0.0
1996-11-14 00:00:00-05:00,14.28125,14.34375,14.15625,14.21875,934800,0.0,0.0
1996-11-15 00:00:00-05:00,14.25,14.3125,14.09375,14.25,2344000,0.0,0.0
1996-11-18 00:00:00-05:00,14.25,14.28125,14.1875,14.28125,599200,0.0,0.0
1996-11-19 00:00:00-05:00,14.28125,14.75,14.28125,14.625,2925200,0.0,0.0
1996-11-20 00:00:00-05:00,14.625,14.875,14.625,14.6875,2630000,0.0,0.0
1996-11-21 00:00:00-05:00,14.71875,14.71875,14.5625,14.71875,1090800,0.0,0.0
1996-11-22 00:00:00-05:00,14.71875,15.0,14.71875,14.84375,1647600,0.0,0.0
1996-11-25 00:00:00-05:00,14.8125,14.90625,14.75,14.78125,1182000,0.0,0.0
1996-11-26 00:00:00-05:00,14.8125,14.8125,14.625,14.625,1827200,0.0,0.0
1996-11-27 00:00:00-05:00,14.65625,14.6875,14.53125,14.5625,975600,0.0,0.0
1996-11-29 00:00:00-05:00,14.59375,14.625,14.5625,14.59375,518800,0.0,0.0
1996-12-02 00:00:00-05:00,14.59375,14.625,14.53125,14.59375,600000,0.0,0.0
1996-12-03 00:00:00-05:00,14.625,14.75,14.28125,14.375,1178800,0.0,0.0
1996-12-04 00:00:00-05:00,14.28125,14.28125,14.0,14.21875,1539200,0.0,0.0
1996-12-05 00:00:00-05:00,14.28125,14.28125,14.1875,14.1875,544400,0.0,0.0
1996-12-06 00:00:00-05:00,14.03125,14.40625,13.6875,14.28125,1479600,0.0,0.0
1996-12-09 00:00:00-05:00,14.375,14.5,14.25,14.46875,648400,0.0,0.0
1996-12-10 00:00:00-05:00,14.46875,14.53125,14.40625,14.40625,1140000,0.0,0.0
1996-12-11 00:00:00-05:00,14.3125,14.375,14.15625,14.375,1439200,0.0,0.0
1996-12-12 00:00:00-05:00,14.46875,14.46875,14.28125,14.3125,1196800,0.0,0.0
1996-12-13 00:00:00-05:00,14.21875,14.34375,14.15625,14.25,1138800,0.0,0.0
1996-12-16 00:00:00-05:00,14.25,14.4375,14.21875,14.34375,1216400,0.0,0.0
1996-12-17 00:00:00-05:00,14.28125,14.40625,14.21875,14.3125,1615200,0.0,0.0
1996-12-18 00:00:00-05:00,14.3125,14.5,14.3125,14.3125,1990800,0.0,0.0
1996-12-19 00:00:00-05:00,14.4375,14.9375,14.34375,14.90625,2460000,0.0,0.0
1996-12-20 00:00:00-05:00,15.1875,15.1875,14.84375,14.875,4059600,0.0,0.0
1996-12-23 00:00:00-05:00,14.875,15.21875,14.84375,15.01171875,1810000,0.0,0.0
1996-12-24 00:00:00-05:00,15.0625,15.15625,15.0,15.125,496000,0.0,0.0
1996-12-26 00:00:00-05:00,15.125,15.15625,15.03125,15.125,882400,0.0,0.0
1996-12-27 00:00:00-05:00,15.125,15.34375,15.0625,15.21875,1288800,0.0,0.0
1996-12-30 00:00:00-05:00,15.21875,15.375,15.15625,15.25,2064000,0.0,0.0
1996-12-31 00:00:00-05:00,15.21875,15.25,15.0,15.0,931600,0.0,0.0
1997-01-02 00:00:00-05:00,15.0625,15.125,14.65625,14.84375,1234400,0.0,0.0
1997-01-03 00:00:00-05:00,14.84375,15.0,14.78125,15.0,1348800,0.0,0.0
1997-01-06 00:00:00-05:00,15.0625,15.1875,14.875,14.9375,1262400,0.0,0.0
1997-01-07 00:00:00-05:00,14.875,15.09375,14.84375,15.09375,1068000,0.0,0.0
1997-01-08 00:00:00-05:00,15.375,15.65625,15.28125,15.4375,2850400,0.0,0.0
1997-01-09 00:00:00-05:00,15.4375,16.3125,15.4375,16.28125,7876000,0.0,0.0
1997-01-10 00:00:00-05:00,16.21875,16.6875,16.15625,16.6875,3028400,0.0,0.0
1997-01-13 00:00:00-05:00,16.75,16.96875,16.71875,16.84375,2435600,0.0,0.0
1997-01-14 00:00:00-05:00,16.90625,17.0,16.75,16.78125,1418000,0.0,0.0
1997-01-15 00:00:00-05:00,16.6875,16.84375,16.625,16.75,1297200,0.0,0.0
1997-01-16 00:00:00-05:00,16.75,17.0,16.65625,16.96875,1474800,0.0,0.0
1997-01-17 00:00:00-05:00,17.09375,17.875,17.0625,17.875,2646000,0.0,0.0
1997-01-20 00:00:00-05:00,17.8125,17.8125,16.6875,16.71875,4405200,0.0,0.0
1997-01-21 00:00:00-05:00,16.71875,17.25,16.71875,17.234375,17494800,0.0,0.0
1997-01-22 00:00:00-05:00,17.15625,17.21875,16.9375,17.1875,5970000,0.0,0.0
1997-01-23 00:00:00-05:00,17.1875,17.34375,17.125,17.25,3124800,0.0,0.0
1997-01-24 00:00:00-05:00,17.25,17.25,16.9375,17.0,1838400,0.0,0.0
1997-01-27 00:00:00-05:00,17.0,17.0,16.84375,16.875,2600400,0.0,0.0
1997-01-28 00:00:00-05:00,16.96875,16.96875,16.75,16.8125,2372000,0.0,0.0
1997-01-29 00:00:00-05:00,16.78125,16.8125,16.40625,16.75,3623200,0.0,0.0
1997-01-30 00:00:00-05:00,16.8125,16.8125,16.5625,16.6875,2336000,0.0,0.0
1997-01-31 00:00:00-05:00,16.78125,17.125,16.78125,17.0625,2745600,0.0,0.0
1997-02-03 00:00:00-05:00,17.09375,17.125,16.65625,16.65625,2331200,0.0,0.0
1997-02-04 00:00:00-05:00,16.625,16.6875,16.4375,16.5,1340400,0.0,0.0
1997-02-05 00:00:00-05:00,16.53125,16.53125,15.96875,16.21875,1541600,0.0,0.0
1997-02-06 00:00:00-05:00,16.15625,16.15625,16.03125,16.0625,1891200,0.0,0.0
1997-02-07 00:00:00-05:00,16.21875,16.25,15.90625,16.125,1396000,0.0,0.0
1997-02-10 00:00:00-05:00,16.21875,16.5625,16.21875,16.5625,2566800,0.0,0.0
1997-02-11 00:00:00-05:00,16.59375,16.71875,16.21875,16.5,1964800,0.0,0.0
1997-02-12 00:00:00-05:00,16.4375,16.96875,16.34375,16.8125,2322800,0.0,0.0
1997-02-13 00:00:00-05:00,16.84375,17.3125,16.84375,17.3125,1613600,0.0,0.0
1997-02-14 00:00:00-05:00,17.34375,17.4375,17.1875,17.25,1568800,0.0,0.0
1997-02-18 00:00:00-05:00,17.125,17.125,16.53125,16.9375,2195600,0.0,0.0
1997-02-19 00:00:00-05:00,16.9375,17.125,16.90625,17.0625,1450400,0.0,0.0
1997-02-20 00:00:00-05:00,17.0625,17.0625,16.6875,16.84375,1245600,0.0,0.0
1997-02-21 00:00:00-05:00,16.8125,16.875,16.65625,16.6875,1853600,0.0,0.0
1997-02-24 00:00:00-05:00,16.59375,16.75,16.15625,16.21875,2274000,0.0,0.0
1997-02-25 00:00:00-05:00,16.25,16.46875,16.03125,16.03125,3990800,0.0,0.0
1997-02-26 00:00:00-05:00,16.5625,17.25,16.5,17.125,7688400,0.0,0.0
1997-02-27 00:00:00-05:00,17.125,17.375,17.125,17.140625,4318000,0.0,0.0
1997-02-28 00:00:00-05:00,16.75,16.8125,16.53125,16.5625,2616400,0.0,0.0
1997-03-03 00:00:00-05:00,16.5,16.6875,16.28125,16.40625,1880000,0.0,0.0
1997-03-04 00:00:00-05:00,16.46875,16.6875,16.375,16.53125,1718000,0.0,0.0
1997-03-05 00:00:00-05:00,16.59375,16.78125,16.59375,16.75,1127200,0.0,0.0
1997-03-06 00:00:00-05:00,16.9375,16.9375,16.6875,16.8125,1078800,0.0,0.0
1997-03-07 00:00:00-05:00,16.8125,16.90625,16.75,16.8125,1390400,0.0,0.0
1997-03-10 00:00:00-05:00,16.96875,17.0,16.78125,16.96875,977600,0.0,0.0
1997-03-11 00:00:00-05:00,16.96875,16.96875,16.59375,16.75,1466800,0.0,0.0
1997-03-12 00:00:00-05:00,16.6875,16.6875,16.25,16.34375,1331200,0.0,0.0
1997-03-13 00:00:00-05:00,16.28125,16.34375,15.875,15.9375,1626400,0.0,0.0
1997-03-14 00:00:00-05:00,15.75,16.21875,15.71875,16.1875,3166400,0.0,0.0
1997-03-17 00:00:00-05:00,16.1875,16.25,16.125,16.15625,2227200,0.0,0.0
1997-03-18 00:00:00-05:00,16.15625,16.15625,16.0625,16.15625,2406000,0.0,0.0
1997-03-19 00:00:00-05:00,16.125,16.25,15.84375,15.96875,2304000,0.0,0.0
1997-03-20 00:00:00-05:00,16.0,16.0,15.71875,15.9375,1107600,0.0,0.0
1997-03-21 00:00:00-05:00,16.375,16.375,16.21875,16.3125,2078800,0.0,0.0
1997-03-24 00:00:00-05:00,16.3125,16.4375,16.09375,16.4375,1759600,0.0,0.0
1997-03-25 00:00:00-05:00,16.4375,16.4375,16.0,16.0,2242000,0.0,0.0
1997-03-26 00:00:00-05:00,16.0,16.1875,15.875,15.875,2011600,0.0,0.0
1997-03-27 00:00:00-05:00,16.03125,16.1875,15.90625,15.9375,3112000,0.0,0.0
1997-03-31 00:00:00-05:00,15.78125,15.8125,15.4375,15.4375,3067600,0.0,0.0
1997-04-01 00:00:00-05:00,15.1875,15.34375,14.5625,14.9375,5280000,0.0,0.0
1997-04-02 00:00:00-05:00,14.875,15.34375,14.8125,15.15625,2766400,0.0,0.0
1997-04-03 00:00:00-05:00,15.0625,15.0625,14.34375,14.96875,4062400,0.0,0.0
1997-04-04 00:00:00-05:00,14.8125,15.40625,14.78125,15.21875,2618400,0.0,0.0
1997-04-07 00:00:00-04:00,15.3125,15.3125,14.96875,14.96875,1967600,0.0,0.0
1997-04-08 00:00:00-04:00,14.9375,15.09375,14.625,14.84375,2878800,0.0,0.0
1997-04-09 00:00:00-04:00,14.90625,15.03125,14.78125,14.8125,3080400,0.0,0.0
1997-04-10 00:00:00-04:00,14.84375,15.21875,14.84375,15.125,1498000,0.0,0.0
1997-04-11 00:00:00-04:00,12.5,12.5,11.21875,11.53125,40624400,0.0,0.0
1997-04-14 00:00:00-04:00,11.6875,11.875,11.5,11.59375,15291200,0.0,0.0
1997-04-15 00:00:00-04:00,11.75,11.78125,11.375,11.375,12907200,0.0,0.0
1997-04-16 00:00:00-04:00,11.40625,11.40625,10.53125,10.625,9786000,0.0,0.0
1997-04-17 00:00:00-04:00,10.78125,11.28125,10.78125,11.125,13920400,0.0,0.0
1997-04-18 00:00:00-04:00,11.25,11.3125,10.9375,11.03125,7781600,0.0,0.0
1997-04-21 00:00:00-04:00,11.03125,11.0625,10.34375,10.40625,7144400,0.0,0.0
1997-04-22 00:00:00-04:00,10.40625,10.4375,10.25,10.4375,8517600,0.0,0.0
1997-04-23 00:00:00-04:00,10.3125,10.71875,10.3125,10.6875,5332000,0.0,0.0
1997-04-24 00:00:00-04:00,10.75,10.84375,10.59375,10.65625,3616400,0.0,0.0
1997-04-25 00:00:00-04:00,10.625,10.78125,10.5625,10.71875,2170800,0.0,0.0
1997-04-28 00:00:00-04:00,10.75,10.96875,10.71875,10.84375,3029600,0.0,0.0
1997-04-29 00:00:00-04:00,11.0,11.15625,10.625,10.625,4905200,0.0,0.0
1997-04-30 00:00:00-04:00,11.625,12.4375,11.5625,12.0625,13672400,0.0,0.0
1997-05-01 00:00:00-04:00,12.09375,12.125,11.890625,11.96875,5769600,0.0,0.0
1997-05-02 00:00:00-04:00,11.96875,12.6875,11.96875,12.53125,2792000,0.0,0.0
1997-05-05 00:00:00-04:00,12.625,12.65625,12.25,12.40625,4393600,0.0,0.0
1997-05-06 00:00:00-04:00,12.46875,12.53125,12.3125,12.53125,3595200,0.0,0.0
1997-05-07 00:00:00-04:00,12.5625,13.28125,12.5625,13.03125,4251600,0.0,0.0
1997-05-08 00:00:00-04:00,12.75,13.1875,12.75,13.15625,5804800,0.0,0.0
1997-05-09 00:00:00-04:00,13.15625,13.15625,12.65625,12.71875,2192000,0.0,0.0
1997-05-12 00:00:00-04:00,12.78125,13.125,12.78125,13.125,3238800,0.0,0.0
1997-05-13 00:00:00-04:00,13.1875,13.65625,13.15625,13.53125,6479200,0.0,0.0
1997-05-14 00:00:00-04:00,13.6875,13.75,12.125,12.59375,19771200,0.0,0.0
1997-05-15 00:00:00-04:00,12.375,12.8125,12.03125,12.5,12566800,0.0,0.0
1997-05-16 00:00:00-04:00,12.5,12.5,12.21875,12.25,6850800,0.0,0.0
1997-05-19 00:00:00-04:00,12.21875,12.3125,12.03125,12.25,4325600,0.0,0.0
1997-05-20 00:00:00-04:00,12.21875,12.53125,12.15625,12.46875,3830800,0.0,0.0
1997-05-21 00:00:00-04:00,12.75,13.09375,12.65625,12.8125,4318400,0.0,0.0
1997-05-22 00:00:00-04:00,12.875,13.0625,12.78125,12.875,4418000,0.0,0.0
1997-05-23 00:00:00-04:00,12.875,12.9375,12.84375,12.84375,3922800,0.0,0.0
1997-05-27 00:00:00-04:00,12.84375,13.3125,12.84375,13.25,2184800,0.0,0.0
1997-05-28 00:00:00-04:00,13.1875,13.34375,13.15625,13.21875,1770800,0.0,0.0
1997-05-29 00:00:00-04:00,13.21875,13.59375,13.1875,13.5625,2087600,0.0,0.0
1997-05-30 00:00:00-04:00,13.3125,13.46875,13.3125,13.34375,3281200,0.0,0.0
1997-06-02 00:00:00-04:00,13.40625,13.40625,13.15625,13.1875,1168000,0.0,0.0
1997-06-03 00:00:00-04:00,13.125,13.1875,12.9375,12.96875,2759200,0.0,0.0
1997-06-04 00:00:00-04:00,12.9375,13.34375,12.9375,13.1875,4960800,0.0,0.0
1997-06-05 00:00:00-04:00,13.25,13.59375,13.25,13.5,5654800,0.0,0.0
1997-06-06 00:00:00-04:00,13.53125,14.5,13.53125,14.3125,6942800,0.0,0.0
1997-06-09 00:00:00-04:00,14.375,14.375,13.9375,14.0,3978000,0.0,0.0
1997-06-10 00:00:00-04:00,14.0,14.15625,13.8125,14.0625,1555200,0.0,0.0
1997-06-11 00:00:00-04:00,14.125,14.59375,14.125,14.59375,3880400,0.0,0.0
1997-06-12 00:00:00-04:00,14.96875,14.96875,14.53125,14.78125,3802400,0.0,0.0
1997-06-13 00:00:00-04:00,14.75,15.125,14.6875,14.875,3258000,0.0,0.0
1997-06-16 00:00:00-04:00,14.8125,14.8125,14.4375,14.5,2087600,0.0,0.0
1997-06-17 00:00:00-04:00,14.5,15.0625,14.5,14.90625,5560800,0.0,0.0
1997-06-18 00:00:00-04:00,14.90625,15.28125,14.625,15.21875,3475200,0.0,0.0
1997-06-19 00:00:00-04:00,15.4375,15.59375,15.03125,15.5,3045600,0.0,0.0
1997-06-20 00:00:00-04:00,15.5,15.625,14.96875,15.09375,3657200,0.0,0.0
1997-06-23 00:00:00-04:00,15.03125,15.0625,14.6875,14.71875,1988000,0.0,0.0
1997-06-24 00:00:00-04:00,14.875,15.4375,14.8125,15.40625,3817600,0.0,0.0
1997-06-25 00:00:00-04:00,15.5,15.734375,15.3125,15.46875,3612000,0.0,0.0
1997-06-26 00:00:00-04:00,15.4375,15.53125,15.046875,15.046875,2624000,0.0,0.0
1997-06-27 00:00:00-04:00,15.1875,15.5,15.0625,15.109375,2038800,0.0,0.0
1997-06-30 00:00:00-04:00,15.109375,15.5,14.96875,15.359375,1580800,0.0,0.0
1997-07-01 00:00:00-04:00,15.375,15.59375,15.09375,15.34375,2112000,0.0,0.0
1997-07-02 00:00:00-04:00,15.375,15.4375,15.15625,15.21875,3117200,0.0,0.0
1997-07-03 00:00:00-04:00,15.46875,16.0625,15.4375,16.03125,2454400,0.0,0.0
1997-07-07 00:00:00-04:00,16.03125,16.03125,15.65625,15.8125,3009600,0.0,0.0
1997-07-08 00:00:00-04:00,16.375,17.75,16.375,17.421875,13782800,0.0,0.0
1997-07-09 00:00:00-04:00,17.484375,17.484375,16.84375,17.109375,3705200,0.0,0.0
1997-07-10 00:00:00-04:00,17.109375,17.671875,17.109375,17.453125,2912800,0.0,0.0
1997-07-11 00:00:00-04:00,17.5,17.734375,17.4375,17.734375,2251200,0.0,0.0
1997-07-14 00:00:00-04:00,17.6875,17.84375,17.484375,17.75,3888800,0.0,0.0
1997-07-15 00:00:00-04:00,17.75,17.75,17.59375,17.71875,1752000,0.0,0.0
1997-07-16 00:00:00-04:00,17.75,18.5625,17.75,18.46875,3993200,0.0,0.0
1997-07-17 00:00:00-04:00,18.3125,18.3125,17.859375,18.0625,3698400,0.0,0.0
1997-07-18 00:00:00-04:00,18.03125,18.125,17.625,17.90625,2242400,0.0,0.0
1997-07-21 00:00:00-04:00,17.75,18.125,17.40625,17.828125,2345200,0.0,0.0
1997-07-22 00:00:00-04:00,17.828125,18.0625,17.65625,18.0625,1424400,0.0,0.0
1997-07-23 00:00:00-04:00,18.84375,19.1875,18.734375,19.09375,10072800,0.0,0.0
1997-07-24 00:00:00-04:00,19.09375,19.140625,18.75,19.0,3968800,0.0,0.0
1997-07-25 00:00:00-04:00,18.9375,19.0625,18.65625,18.65625,2092400,0.0,0.0
1997-07-28 00:00:00-04:00,18.5625,18.625,18.421875,18.5,2053200,0.0,0.0
1997-07-29 00:00:00-04:00,18.4375,18.484375,18.125,18.390625,2174400,0.0,0.0
1997-07-30 00:00:00-04:00,18.34375,18.375,18.25,18.28125,2114000,0.0,0.0
1997-07-31 00:00:00-04:00,18.25,18.25,17.890625,17.9375,1485600,0.0,0.0
1997-08-01 00:00:00-04:00,17.921875,18.0625,17.375,17.734375,4247200,0.0,0.0
1997-08-04 00:00:00-04:00,18.0,18.203125,17.875,18.125,4302400,0.0,0.0
1997-08-05 00:00:00-04:00,18.234375,18.59375,18.21875,18.25,3684000,0.0,0.0
1997-08-06 00:00:00-04:00,18.25,19.25,18.203125,19.25,4168400,0.0,0.0
1997-08-07 00:00:00-04:00,19.25,19.609375,18.59375,18.84375,3314800,0.0,0.0
1997-08-08 00:00:00-04:00,18.65625,19.03125,18.265625,18.90625,2446800,0.0,0.0
1997-08-11 00:00:00-04:00,18.9375,19.03125,18.34375,18.75,2615200,0.0,0.0
1997-08-12 00:00:00-04:00,18.75,18.75,18.28125,18.296875,2425200,0.0,0.0
1997-08-13 00:00:00-04:00,18.484375,18.53125,17.828125,18.171875,2168800,0.0,0.0
1997-08-14 00:00:00-04:00,18.21875,18.421875,18.03125,18.25,2171600,0.0,0.0
1997-08-15 00:00:00-04:00,18.3125,18.3125,17.765625,17.78125,2333600,0.0,0.0
1997-08-18 00:00:00-04:00,17.78125,17.8125,17.328125,17.8125,3200000,0.0,0.0
1997-08-19 00:00:00-04:00,17.84375,18.4375,17.828125,18.3125,1866800,0.0,0.0
1997-08-20 00:00:00-04:00,18.328125,18.546875,18.25,18.5,2098000,0.0,0.0
1997-08-21 00:00:00-04:00,18.5,18.5,18.125,18.28125,1932000,0.0,0.0
1997-08-22 00:00:00-04:00,17.875,18.453125,17.875,18.453125,1632000,0.0,0.0
1997-08-25 00:00:00-04:00,18.265625,18.65625,18.265625,18.484375,1648400,0.0,0.0
1997-08-26 00:00:00-04:00,18.328125,18.390625,18.1875,18.1875,932800,0.0,0.0
1997-08-27 00:00:00-04:00,18.203125,18.34375,18.015625,18.203125,1309600,0.0,0.0
1997-08-28 00:00:00-04:00,18.0625,18.234375,17.84375,17.84375,1980800,0.0,0.0
1997-08-29 00:00:00-04:00,17.734375,17.828125,17.5625,17.625,1414800,0.0,0.0
1997-09-02 00:00:00-04:00,17.734375,18.15625,17.65625,18.125,1636000,0.0,0.0
1997-09-03 00:00:00-04:00,18.21875,18.46875,17.953125,18.453125,3150800,0.0,0.0
1997-09-04 00:00:00-04:00,18.5,18.96875,18.21875,18.96875,3658400,0.0,0.0
1997-09-05 00:00:00-04:00,16.25,16.5625,15.5,15.65625,39290000,0.0,0.0
1997-09-08 00:00:00-04:00,15.75,15.875,15.6875,15.859375,15077600,0.0,0.0
1997-09-09 00:00:00-04:00,15.875,15.984375,15.703125,15.765625,7250800,0.0,0.0
1997-09-10 00:00:00-04:00,15.6875,15.6875,15.015625,15.1875,5566400,0.0,0.0
1997-09-11 00:00:00-04:00,15.46875,16.0,15.390625,15.671875,9450400,0.0,0.0
1997-09-12 00:00:00-04:00,15.734375,16.0,15.5625,15.890625,5361200,0.0,0.0
1997-09-15 00:00:00-04:00,16.0,16.0,15.5,15.6875,4277200,0.0,0.0
1997-09-16 00:00:00-04:00,15.90625,16.0,15.65625,16.0,4474000,0.0,0.0
1997-09-17 00:00:00-04:00,16.0,16.234375,15.65625,15.84375,4244000,0.0,0.0
1997-09-18 00:00:00-04:00,15.859375,15.96875,15.4375,15.5,4553600,0.0,0.0
1997-09-19 00:00:00-04:00,15.375,15.921875,15.34375,15.828125,5547600,0.0,0.0
1997-09-22 00:00:00-04:00,16.0,16.265625,15.9375,16.125,4252000,0.0,0.0
1997-09-23 00:00:00-04:00,16.0625,16.125,15.75,15.875,3537600,0.0,0.0
1997-09-24 00:00:00-04:00,16.0,16.078125,15.9375,15.9375,4175600,0.0,0.0
1997-09-25 00:00:00-04:00,15.953125,15.953125,15.71875,15.78125,2411200,0.0,0.0
1997-09-26 00:00:00-04:00,15.8125,15.84375,14.375,14.703125,13000800,0.0,0.0
1997-09-29 00:00:00-04:00,14.46875,14.46875,13.625,13.78125,11048000,0.0,0.0
1997-09-30 00:00:00-04:00,13.734375,14.125,13.3125,13.796875,13048400,0.0,0.0
1997-10-01 00:00:00-04:00,13.96875,14.1875,13.609375,13.734375,11071200,0.0,0.0
1997-10-02 00:00:00-04:00,13.875,13.96875,13.625,13.875,6424800,0.0,0.0
1997-10-03 00:00:00-04:00,14.0,14.1875,13.84375,14.15625,5272000,0.0,0.0
1997-10-06 00:00:00-04:00,14.359375,14.625,14.140625,14.5,4230000,0.0,0.0
1997-10-07 00:00:00-04:00,14.671875,14.75,14.328125,14.34375,5222000,0.0,0.0
1997-10-08 00:00:00-04:00,14.34375,14.5,13.5,13.8125,9906800,0.0,0.0
1997-10-09 00:00:00-04:00,13.6875,14.203125,13.5625,14.0,7272000,0.0,0.0
1997-10-10 00:00:00-04:00,14.15625,14.25,13.84375,14.125,6155200,0.0,0.0
1997-10-13 00:00:00-04:00,14.15625,14.296875,14.125,14.265625,2879200,0.0,0.0
1997-10-14 00:00:00-04:00,14.28125,14.34375,14.109375,14.234375,2709200,0.0,0.0
1997-10-15 00:00:00-04:00,14.234375,14.609375,14.125,14.59375,2743200,0.0,0.0
1997-10-16 00:00:00-04:00,14.84375,14.9375,14.59375,14.6875,2849200,0.0,0.0
1997-10-17 00:00:00-04:00,14.6875,14.796875,13.984375,14.625,5054000,0.0,0.0
1997-10-20 00:00:00-04:00,14.625,14.625,14.328125,14.5,1842800,0.0,0.0
1997-10-21 00:00:00-04:00,14.5625,14.78125,14.3125,14.359375,3170800,0.0,0.0
1997-10-22 00:00:00-04:00,12.78125,12.984375,12.5625,12.75,22633600,0.0,0.0
1997-10-23 00:00:00-04:00,12.640625,12.875,12.25,12.34375,15544400,0.0,0.0
1997-10-24 00:00:00-04:00,12.625,12.625,11.796875,12.15625,8810800,0.0,0.0
1997-10-27 00:00:00-05:00,12.09375,12.09375,11.09375,11.203125,4936000,0.0,0.0
1997-10-28 00:00:00-05:00,10.75,12.109375,10.546875,12.0,8666400,0.0,0.0
1997-10-29 00:00:00-05:00,12.25,12.453125,11.703125,11.84375,3784800,0.0,0.0
1997-10-30 00:00:00-05:00,11.625,11.875,11.390625,11.40625,2725200,0.0,0.0
1997-10-31 00:00:00-05:00,11.609375,11.625,11.0,11.375,5141600,0.0,0.0
1997-11-03 00:00:00-05:00,11.5,11.875,11.5,11.640625,3870400,0.0,0.0
1997-11-04 00:00:00-05:00,11.875,12.15625,11.703125,12.109375,4989600,0.0,0.0
1997-11-05 00:00:00-05:00,12.3125,13.34375,12.3125,13.34375,6447600,0.0,0.0
1997-11-06 00:00:00-05:00,13.25,13.625,13.046875,13.34375,5071200,0.0,0.0
1997-11-07 00:00:00-05:00,13.34375,13.875,13.046875,13.71875,5631600,0.0,0.0
1997-11-10 00:00:00-05:00,13.375,13.796875,13.375,13.5,3709200,0.0,0.0
1997-11-11 00:00:00-05:00,13.5625,13.59375,13.328125,13.46875,2159200,0.0,0.0
1997-11-12 00:00:00-05:00,12.9375,13.109375,12.6875,12.859375,5712400,0.0,0.0
1997-11-13 00:00:00-05:00,13.21875,13.359375,12.9375,13.328125,3187200,0.0,0.0
1997-11-14 00:00:00-05:00,13.390625,13.75,13.3125,13.75,2603600,0.0,0.0
1997-11-17 00:00:00-05:00,14.25,14.3125,14.0,14.0625,4395200,0.0,0.0
1997-11-18 00:00:00-05:00,14.0,14.046875,13.5625,13.625,2171200,0.0,0.0
1997-11-19 00:00:00-05:00,13.640625,13.65625,12.96875,13.234375,5122800,0.0,0.0
1997-11-20 00:00:00-05:00,13.171875,13.40625,13.140625,13.171875,3448400,0.0,0.0
1997-11-21 00:00:00-05:00,13.171875,13.3125,12.890625,13.1875,5410400,0.0,0.0
1997-11-24 00:00:00-05:00,12.96875,12.984375,12.375,12.5,6056800,0.0,0.0
1997-11-25 00:00:00-05:00,12.5,12.5,10.90625,11.125,15788400,0.0,0.0
1997-11-26 00:00:00-05:00,11.25,11.453125,10.875,11.328125,14528800,0.0,0.0
1997-11-28 00:00:00-05:00,11.5,11.5,11.28125,11.296875,2696000,0.0,0.0
1997-12-01 00:00:00-05:00,11.75,11.78125,11.4375,11.5625,4329600,0.0,0.0
1997-12-02 00:00:00-05:00,11.53125,11.5625,11.34375,11.375,3324800,0.0,0.0
1997-12-03 00:00:00-05:00,11.4375,11.671875,11.1875,11.5625,3946400,0.0,0.0
1997-12-04 00:00:00-05:00,11.640625,11.65625,11.375,11.46875,3867200,0.0,0.0
1997-12-05 00:00:00-05:00,11.46875,11.78125,11.3125,11.578125,4090400,0.0,0.0
1997-12-08 00:00:00-05:00,11.578125,11.578125,11.203125,11.328125,4180400,0.0,0.0
1997-12-09 00:00:00-05:00,11.453125,11.453125,11.0,11.0625,4160400,0.0,0.0
1997-12-10 00:00:00-05:00,11.03125,11.3125,10.8125,11.25,6466800,0.0,0.0
1997-12-11 00:00:00-05:00,11.25,11.4375,10.765625,10.78125,10758000,0.0,0.0
1997-12-12 00:00:00-05:00,10.78125,10.875,10.375,10.546875,11202000,0.0,0.0
1997-12-15 00:00:00-05:00,10.5625,10.9375,10.5625,10.828125,5777600,0.0,0.0
1997-12-16 00:00:00-05:00,11.21875,11.234375,10.90625,10.96875,3520800,0.0,0.0
1997-12-17 00:00:00-05:00,11.03125,11.15625,10.765625,10.875,4039200,0.0,0.0
1997-12-18 00:00:00-05:00,10.40625,10.859375,10.328125,10.65625,5518400,0.0,0.0
1997-12-19 00:00:00-05:00,10.28125,10.53125,10.25,10.390625,4871600,0.0,0.0
1997-12-22 00:00:00-05:00,10.5625,11.125,10.375,10.96875,4615600,0.0,0.0
1997-12-23 00:00:00-05:00,11.09375,11.5,10.96875,11.0625,4725200,0.0,0.0
1997-12-24 00:00:00-05:00,11.078125,11.28125,10.9375,11.03125,1753200,0.0,0.0
1997-12-26 00:00:00-05:00,11.03125,11.046875,10.765625,10.9375,870000,0.0,0.0
1997-12-29 00:00:00-05:00,11.0,11.0,10.59375,10.71875,3244800,0.0,0.0
1997-12-30 00:00:00-05:00,10.75,11.296875,10.703125,11.296875,3458000,0.0,0.0
1997-12-31 00:00:00-05:00,11.5625,11.8125,11.421875,11.46875,3684000,0.0,0.0
1998-01-02 00:00:00-05:00,11.5625,11.796875,11.5,11.5625,2093600,0.0,0.0
1998-01-05 00:00:00-05:00,11.71875,11.84375,11.5,11.75,2594800,0.0,0.0
1998-01-06 00:00:00-05:00,11.65625,11.71875,11.53125,11.53125,2496800,0.0,0.0
1998-01-07 00:00:00-05:00,11.59375,11.625,11.265625,11.5625,3419200,0.0,0.0
1998-01-08 00:00:00-05:00,11.640625,12.390625,11.609375,12.3125,7064000,0.0,0.0
1998-01-09 00:00:00-05:00,12.25,12.25,11.53125,11.828125,6381600,0.0,0.0
1998-01-12 00:00:00-05:00,11.5,11.859375,11.4375,11.46875,4246800,0.0,0.0
1998-01-13 00:00:00-05:00,11.25,11.390625,11.03125,11.0625,4209200,0.0,0.0
1998-01-14 00:00:00-05:00,11.0625,11.21875,10.703125,10.8125,7105600,0.0,0.0
1998-01-15 00:00:00-05:00,10.828125,10.859375,10.5625,10.765625,6543600,0.0,0.0
1998-01-16 00:00:00-05:00,11.625,12.234375,11.59375,11.640625,13245200,0.0,0.0
1998-01-20 00:00:00-05:00,12.125,12.25,11.75,12.234375,5362000,0.0,0.0
1998-01-21 00:00:00-05:00,11.84375,12.1875,11.84375,12.125,3994000,0.0,0.0
1998-01-22 00:00:00-05:00,12.03125,12.203125,11.890625,12.171875,5202800,0.0,0.0
1998-01-23 00:00:00-05:00,12.140625,12.375,12.0,12.328125,2937600,0.0,0.0
1998-01-26 00:00:00-05:00,12.3125,12.3125,12.15625,12.234375,2690400,0.0,0.0
1998-01-27 00:00:00-05:00,12.21875,12.734375,12.21875,12.515625,5971600,0.0,0.0
1998-01-28 00:00:00-05:00,12.6875,13.0625,12.4375,12.75,6176800,0.0,0.0
1998-01-29 00:00:00-05:00,12.90625,13.125,12.71875,12.859375,2790400,0.0,0.0
1998-01-30 00:00:00-05:00,12.859375,12.859375,12.609375,12.6875,3537600,0.0,0.0
1998-02-02 00:00:00-05:00,13.03125,13.3125,13.015625,13.25,4046800,0.0,0.0
1998-02-03 00:00:00-05:00,13.25,13.484375,12.4375,12.84375,6639200,0.0,0.0
1998-02-04 00:00:00-05:00,12.84375,13.671875,12.71875,13.5625,5428400,0.0,0.0
1998-02-05 00:00:00-05:00,13.8125,13.984375,13.4375,13.59375,4938400,0.0,0.0
1998-02-06 00:00:00-05:00,13.609375,14.078125,13.609375,14.078125,4889200,0.0,0.0
1998-02-09 00:00:00-05:00,14.078125,14.203125,13.875,14.203125,3480400,0.0,0.0
1998-02-10 00:00:00-05:00,14.90625,15.625,14.359375,14.5,13608800,0.0,0.0
1998-02-11 00:00:00-05:00,14.5,14.6875,14.21875,14.609375,8743600,0.0,0.0
1998-02-12 00:00:00-05:00,14.6875,14.71875,14.390625,14.46875,6234000,0.0,0.0
1998-02-13 00:00:00-05:00,14.5625,14.8125,14.34375,14.375,5338000,0.0,0.0
1998-02-17 00:00:00-05:00,14.59375,14.71875,14.34375,14.625,3316800,0.0,0.0
1998-02-18 00:00:00-05:00,14.625,14.875,14.625,14.8125,2276800,0.0,0.0
1998-02-19 00:00:00-05:00,14.84375,15.09375,14.3125,14.9375,4042000,0.0,0.0
1998-02-20 00:00:00-05:00,14.84375,14.859375,14.484375,14.5,3976400,0.0,0.0
1998-02-23 00:00:00-05:00,14.0,14.21875,13.8125,13.828125,5874800,0.0,0.0
1998-02-24 00:00:00-05:00,13.765625,14.40625,13.6875,13.953125,5902800,0.0,0.0
1998-02-25 00:00:00-05:00,14.625,15.09375,14.5625,14.703125,9158000,0.0,0.0
1998-02-26 00:00:00-05:00,14.703125,14.9375,14.625,14.828125,4058000,0.0,0.0
1998-02-27 00:00:00-05:00,14.921875,15.25,14.84375,14.9375,4687200,0.0,0.0
1998-03-02 00:00:00-05:00,14.8125,14.984375,14.765625,14.875,2122000,0.0,0.0
1998-03-03 00:00:00-05:00,14.765625,15.0625,14.765625,14.90625,2387200,0.0,0.0
1998-03-04 00:00:00-05:00,15.109375,15.109375,14.6875,14.71875,2534000,0.0,0.0
1998-03-05 00:00:00-05:00,14.625,14.625,14.484375,14.5,3290400,0.0,0.0
1998-03-06 00:00:00-05:00,14.5,14.734375,14.40625,14.53125,3810000,0.0,0.0
1998-03-09 00:00:00-05:00,14.375,14.96875,14.375,14.90625,3137200,0.0,0.0
1998-03-10 00:00:00-05:00,14.84375,15.609375,14.8125,15.453125,5446000,0.0,0.0
1998-03-11 00:00:00-05:00,15.5,15.609375,15.1875,15.28125,2728400,0.0,0.0
1998-03-12 00:00:00-05:00,15.25,16.375,15.25,16.34375,8413600,0.0,0.0
1998-03-13 00:00:00-05:00,17.25,17.328125,16.890625,17.03125,14826800,0.0,0.0
1998-03-16 00:00:00-05:00,17.09375,17.609375,17.09375,17.515625,6010400,0.0,0.0
1998-03-17 00:00:00-05:00,17.53125,17.625,17.34375,17.4375,4654000,0.0,0.0
1998-03-18 00:00:00-05:00,17.375,17.546875,17.15625,17.515625,4011600,0.0,0.0
1998-03-19 00:00:00-05:00,17.515625,17.921875,17.5,17.734375,4235200,0.0,0.0
1998-03-20 00:00:00-05:00,17.84375,17.875,17.640625,17.75,3769600,0.0,0.0
1998-03-23 00:00:00-05:00,17.75,17.75,17.40625,17.5625,2563600,0.0,0.0
1998-03-24 00:00:00-05:00,17.5,17.5625,17.15625,17.34375,3089200,0.0,0.0
1998-03-25 00:00:00-05:00,16.875,17.25,16.59375,16.90625,5230400,0.0,0.0
1998-03-26 00:00:00-05:00,16.875,16.984375,16.40625,16.6875,2686000,0.0,0.0
1998-03-27 00:00:00-05:00,17.0,17.0,16.65625,16.765625,2083200,0.0,0.0
1998-03-30 00:00:00-05:00,16.78125,16.90625,16.546875,16.625,949600,0.0,0.0
1998-03-31 00:00:00-05:00,16.625,17.171875,16.625,16.875,2443200,0.0,0.0
1998-04-01 00:00:00-05:00,16.6875,17.078125,16.65625,16.96875,2054400,0.0,0.0
1998-04-02 00:00:00-05:00,17.015625,17.03125,16.8125,16.8125,2622000,0.0,0.0
1998-04-03 00:00:00-05:00,17.25,18.25,17.140625,17.8125,5670400,0.0,0.0
1998-04-06 00:00:00-04:00,17.65625,17.6875,17.25,17.4375,2830000,0.0,0.0
1998-04-07 00:00:00-04:00,17.4375,17.75,17.359375,17.453125,2516400,0.0,0.0
1998-04-08 00:00:00-04:00,17.53125,17.53125,17.078125,17.25,1664000,0.0,0.0
1998-04-09 00:00:00-04:00,17.1875,17.2265625,17.0625,17.125,2179600,0.0,0.0
1998-04-13 00:00:00-04:00,17.0625,17.125,16.78125,16.921875,1782800,0.0,0.0
1998-04-14 00:00:00-04:00,16.90625,17.09375,16.703125,17.09375,1689200,0.0,0.0
1998-04-15 00:00:00-04:00,17.0,17.0,16.703125,16.78125,885600,0.0,0.0
1998-04-16 00:00:00-04:00,16.75,16.953125,16.6875,16.796875,2492400,0.0,0.0
1998-04-17 00:00:00-04:00,16.796875,17.5625,16.796875,17.515625,3601200,0.0,0.0
1998-04-20 00:00:00-04:00,17.515625,17.59375,17.375,17.484375,3432800,0.0,0.0
1998-04-21 00:00:00-04:00,17.421875,17.484375,17.203125,17.421875,1633200,0.0,0.0
1998-04-22 00:00:00-04:00,17.265625,17.515625,17.25,17.46875,1876000,0.0,0.0
1998-04-23 00:00:00-04:00,17.4375,17.65625,17.359375,17.421875,2183200,0.0,0.0
1998-04-24 00:00:00-04:00,17.359375,17.375,17.046875,17.125,2046800,0.0,0.0
1998-04-27 00:00:00-04:00,16.75,16.875,16.515625,16.59375,1887600,0.0,0.0
1998-04-28 00:00:00-04:00,16.875,17.125,16.75,17.125,3811600,0.0,0.0
1998-04-29 00:00:00-04:00,17.75,18.34375,17.5,18.125,6358400,0.0,0.0
1998-04-30 00:00:00-04:00,18.46875,18.46875,17.875,18.078125,4546800,0.0,0.0
1998-05-01 00:00:00-04:00,18.078125,18.59375,17.9375,18.5,2302800,0.0,0.0
1998-05-04 00:00:00-04:00,18.5,18.640625,18.28125,18.453125,2072000,0.0,0.0
1998-05-05 00:00:00-04:00,18.328125,18.421875,18.0625,18.34375,1452000,0.0,0.0
1998-05-06 00:00:00-04:00,18.375,18.40625,18.125,18.1875,1148000,0.0,0.0
1998-05-07 00:00:00-04:00,18.125,18.125,17.953125,18.046875,1452400,0.0,0.0
1998-05-08 00:00:00-04:00,17.984375,18.171875,17.9375,18.046875,1177600,0.0,0.0
1998-05-11 00:00:00-04:00,17.75,18.0,17.625,17.6875,1558000,0.0,0.0
1998-05-12 00:00:00-04:00,17.625,17.96875,17.609375,17.75,1990400,0.0,0.0
1998-05-13 00:00:00-04:00,17.796875,18.015625,17.75,17.9375,1084400,0.0,0.0
1998-05-14 00:00:00-04:00,17.9375,17.953125,17.21875,17.453125,3222400,0.0,0.0
1998-05-15 00:00:00-04:00,17.484375,17.5,17.09375,17.15625,2061600,0.0,0.0
1998-05-18 00:00:00-04:00,17.1875,17.296875,16.96875,17.21875,2564000,0.0,0.0
1998-05-19 00:00:00-04:00,17.25,17.4375,17.078125,17.34375,2049200,0.0,0.0
1998-05-20 00:00:00-04:00,17.3125,17.3125,16.8125,17.1875,2785600,0.0,0.0
1998-05-21 00:00:00-04:00,17.34375,17.5,17.125,17.125,1970000,0.0,0.0
1998-05-22 00:00:00-04:00,17.0625,17.0625,16.65625,16.890625,1786000,0.0,0.0
1998-05-26 00:00:00-04:00,17.0,17.0,16.546875,16.859375,1468800,0.0,0.0
1998-05-27 00:00:00-04:00,16.28125,16.53125,15.9375,16.375,4316400,0.0,0.0
1998-05-28 00:00:00-04:00,16.375,16.4375,15.375,15.8125,14648000,0.0,0.0
1998-05-29 00:00:00-04:00,15.9375,16.1875,15.875,15.90625,9308400,0.0,0.0
1998-06-01 00:00:00-04:00,15.9375,16.046875,15.125,15.265625,2322400,0.0,0.0
1998-06-02 00:00:00-04:00,15.5,15.8125,15.421875,15.75,2867600,0.0,0.0
1998-06-03 00:00:00-04:00,15.75,16.21875,15.75,15.984375,2948400,0.0,0.0
1998-06-04 00:00:00-04:00,15.9375,16.203125,15.890625,16.125,1251600,0.0,0.0
1998-06-05 00:00:00-04:00,16.125,16.6875,16.015625,16.3125,3638400,0.0,0.0
1998-06-08 00:00:00-04:00,16.5,16.890625,16.375,16.609375,2673600,0.0,0.0
1998-06-09 00:00:00-04:00,16.671875,16.6875,16.0625,16.09375,2446800,0.0,0.0
1998-06-10 00:00:00-04:00,16.109375,16.34375,16.0,16.078125,2527200,0.0,0.0
1998-06-11 00:00:00-04:00,16.015625,16.0625,15.640625,15.75,2171600,0.0,0.0
1998-06-12 00:00:00-04:00,15.703125,15.9375,15.453125,15.53125,1194000,0.0,0.0
1998-06-15 00:00:00-04:00,15.53125,15.53125,15.1875,15.25,1675200,0.0,0.0
1998-06-16 00:00:00-04:00,15.25,16.25,15.109375,15.6875,8441600,0.0,0.0
1998-06-17 00:00:00-04:00,15.625,16.28125,15.5625,16.28125,6428000,0.0,0.0
1998-06-18 00:00:00-04:00,16.28125,17.234375,16.25,17.15625,4692400,0.0,0.0
1998-06-19 00:00:00-04:00,17.15625,17.15625,16.890625,16.9375,2396800,0.0,0.0
1998-06-22 00:00:00-04:00,16.875,17.0625,16.875,17.03125,1973600,0.0,0.0
1998-06-23 00:00:00-04:00,17.15625,17.21875,16.765625,16.953125,2368400,0.0,0.0
1998-06-24 00:00:00-04:00,16.8125,17.75,16.8125,17.5,3546400,0.0,0.0
1998-06-25 00:00:00-04:00,17.46875,17.8125,17.375,17.5,2903200,0.0,0.0
1998-06-26 00:00:00-04:00,17.5,17.703125,17.46875,17.5,1260000,0.0,0.0
1998-06-29 00:00:00-04:00,17.375,18.25,17.34375,17.984375,2877200,0.0,0.0
1998-06-30 00:00:00-04:00,17.96875,18.1875,17.8125,17.90625,1955600,0.0,0.0
1998-07-01 00:00:00-04:00,18.15625,18.375,18.015625,18.109375,2125200,0.0,0.0
1998-07-02 00:00:00-04:00,18.125,18.5,18.0,18.5,2396800,0.0,0.0
1998-07-06 00:00:00-04:00,18.71875,19.59375,18.625,19.5,4299200,0.0,0.0
1998-07-07 00:00:00-04:00,19.4375,19.4375,18.96875,19.078125,3326000,0.0,0.0
1998-07-08 00:00:00-04:00,19.28125,19.390625,19.078125,19.15625,2609600,0.0,0.0
1998-07-09 00:00:00-04:00,19.0,19.0625,18.25,18.671875,5788800,0.0,0.0
1998-07-10 00:00:00-04:00,18.5,18.78125,18.390625,18.59375,4258400,0.0,0.0
1998-07-13 00:00:00-04:00,18.59375,18.59375,18.375,18.4375,1824400,0.0,0.0
1998-07-14 00:00:00-04:00,18.46875,18.75,18.40625,18.484375,2406800,0.0,0.0
1998-07-15 00:00:00-04:00,18.5,18.609375,18.375,18.53125,3207600,0.0,0.0
1998-07-16 00:00:00-04:00,18.5625,19.28125,18.5625,18.796875,3498400,0.0,0.0
1998-07-17 00:00:00-04:00,18.75,18.75,18.6875,18.75,1159600,0.0,0.0
1998-07-20 00:00:00-04:00,18.75,19.125,18.75,19.046875,1441600,0.0,0.0
1998-07-21 00:00:00-04:00,19.234375,19.3125,18.71875,18.765625,2696400,0.0,0.0
1998-07-22 00:00:00-04:00,18.828125,19.40625,18.765625,19.3125,2285600,0.0,0.0
1998-07-23 00:00:00-04:00,19.3125,19.3125,18.625,18.625,1537600,0.0,0.0
1998-07-24 00:00:00-04:00,18.625,18.625,17.90625,18.15625,3050400,0.0,0.0
1998-07-27 00:00:00-04:00,18.21875,18.59375,18.0625,18.515625,1084800,0.0,0.0
1998-07-28 00:00:00-04:00,18.375,18.390625,17.46875,17.609375,2205200,0.0,0.0
1998-07-29 00:00:00-04:00,18.53125,19.0625,18.34375,19.03125,5584000,0.0,0.0
1998-07-30 00:00:00-04:00,19.28125,19.40625,18.828125,19.28125,2822000,0.0,0.0
1998-07-31 00:00:00-04:00,19.28125,19.546875,18.984375,19.15625,2938800,0.0,0.0
1998-08-03 00:00:00-04:00,18.96875,19.1875,18.78125,19.109375,1588000,0.0,0.0
1998-08-04 00:00:00-04:00,19.3125,19.359375,18.65625,18.78125,2748800,0.0,0.0
1998-08-05 00:00:00-04:00,18.796875,18.9375,18.34375,18.578125,2149600,0.0,0.0
1998-08-06 00:00:00-04:00,18.4375,18.65625,17.875,17.96875,2278800,0.0,0.0
1998-08-07 00:00:00-04:00,17.96875,18.8125,17.859375,18.6875,3448400,0.0,0.0
1998-08-10 00:00:00-04:00,18.625,18.984375,18.453125,18.78125,3080800,0.0,0.0
1998-08-11 00:00:00-04:00,18.375,18.421875,17.875,18.078125,2254000,0.0,0.0
1998-08-12 00:00:00-04:00,18.625,18.84375,18.171875,18.59375,4782800,0.0,0.0
1998-08-13 00:00:00-04:00,18.59375,19.625,18.59375,19.21875,4890800,0.0,0.0
1998-08-14 00:00:00-04:00,19.15625,19.5625,18.875,19.5,2954000,0.0,0.0
1998-08-17 00:00:00-04:00,19.4375,19.625,19.03125,19.515625,2905600,0.0,0.0
1998-08-18 00:00:00-04:00,19.53125,20.0,19.375,19.953125,5722400,0.0,0.0
1998-08-19 00:00:00-04:00,20.0625,20.375,19.859375,20.28125,3325200,0.0,0.0
1998-08-20 00:00:00-04:00,20.265625,20.265625,19.9375,20.0625,1951600,0.0,0.0
1998-08-21 00:00:00-04:00,19.75,20.28125,19.15625,20.203125,4416400,0.0,0.0
1998-08-24 00:00:00-04:00,20.1875,20.421875,19.875,19.921875,3330800,0.0,0.0
1998-08-25 00:00:00-04:00,19.984375,20.15625,19.71875,19.796875,2992000,0.0,0.0
1998-08-26 00:00:00-04:00,19.625,19.859375,19.515625,19.53125,1473600,0.0,0.0
1998-08-27 00:00:00-04:00,19.28125,19.40625,18.75,18.90625,4244800,0.0,0.0
1998-08-28 00:00:00-04:00,18.90625,18.921875,18.0625,18.234375,3299600,0.0,0.0
1998-08-31 00:00:00-04:00,17.5625,17.90625,17.046875,17.3125,5354800,0.0,0.0
1998-09-01 00:00:00-04:00,17.3125,18.234375,17.0,18.046875,3527200,0.0,0.0
1998-09-02 00:00:00-04:00,17.984375,18.0,17.4375,18.0,3653600,0.0,0.0
1998-09-03 00:00:00-04:00,17.78125,18.03125,17.5625,17.71875,2710000,0.0,0.0
1998-09-04 00:00:00-04:00,17.75,17.75,16.75,17.390625,5006800,0.0,0.0
1998-09-08 00:00:00-04:00,17.625,17.90625,17.28125,17.828125,3796400,0.0,0.0
1998-09-09 00:00:00-04:00,17.828125,18.0,17.4375,17.4375,2812400,0.0,0.0
1998-09-10 00:00:00-04:00,17.3125,17.3125,16.9375,17.0625,3358400,0.0,0.0
1998-09-11 00:00:00-04:00,17.0,17.078125,16.484375,16.640625,3689600,0.0,0.0
1998-09-14 00:00:00-04:00,16.640625,17.3125,16.640625,17.09375,3228400,0.0,0.0
1998-09-15 00:00:00-04:00,16.90625,16.9375,15.75,16.21875,6036400,0.0,0.0
1998-09-16 00:00:00-04:00,16.53125,16.78125,16.375,16.75,5182000,0.0,0.0
1998-09-17 00:00:00-04:00,16.3125,16.5625,16.03125,16.1875,2728000,0.0,0.0
1998-09-18 00:00:00-04:00,16.21875,16.3125,15.90625,15.921875,3429200,0.0,0.0
1998-09-21 00:00:00-04:00,15.25,15.28125,14.46875,14.546875,7890800,0.0,0.0
1998-09-22 00:00:00-04:00,15.0,15.34375,14.9375,15.09375,9026000,0.0,0.0
1998-09-23 00:00:00-04:00,15.0625,15.09375,14.515625,14.9375,4120400,0.0,0.0
1998-09-24 00:00:00-04:00,13.75,14.375,13.671875,13.875,10711200,0.0,0.0
1998-09-25 00:00:00-04:00,13.53125,13.9375,13.46875,13.65625,6524400,0.0,0.0
1998-09-28 00:00:00-04:00,13.375,13.59375,13.03125,13.25,5216400,0.0,0.0
1998-09-29 00:00:00-04:00,13.21875,13.234375,12.6875,12.875,6672400,0.0,0.0
1998-09-30 00:00:00-04:00,12.8125,13.53125,12.5625,12.84375,5264800,0.0,0.0
1998-10-01 00:00:00-04:00,12.625,12.875,11.96875,12.046875,6487600,0.0,0.0
1998-10-02 00:00:00-04:00,12.4375,13.0625,12.15625,12.875,8810400,0.0,0.0
1998-10-05 00:00:00-04:00,12.890625,13.109375,12.375,12.5,4494000,0.0,0.0
1998-10-06 00:00:00-04:00,12.3125,13.453125,11.96875,13.15625,8029200,0.0,0.0
1998-10-07 00:00:00-04:00,13.21875,13.8125,13.0,13.5,4988800,0.0,0.0
1998-10-08 00:00:00-04:00,13.28125,13.28125,12.828125,13.046875,3260000,0.0,0.0
1998-10-09 00:00:00-04:00,12.71875,12.71875,12.28125,12.5,6693200,0.0,0.0
1998-10-12 00:00:00-04:00,12.5,12.59375,11.53125,11.734375,7234000,0.0,0.0
1998-10-13 00:00:00-04:00,11.625,12.296875,11.515625,12.234375,5532800,0.0,0.0
1998-10-14 00:00:00-04:00,12.296875,12.5625,12.1875,12.25,2811200,0.0,0.0
1998-10-15 00:00:00-04:00,12.0,12.4375,11.890625,12.09375,4360800,0.0,0.0
1998-10-16 00:00:00-04:00,12.34375,12.5,12.15625,12.375,3472400,0.0,0.0
1998-10-19 00:00:00-04:00,12.5,13.375,12.5,12.8125,3756800,0.0,0.0
1998-10-20 00:00:00-04:00,13.09375,13.578125,13.0625,13.515625,3169600,0.0,0.0
1998-10-21 00:00:00-04:00,13.515625,14.21875,13.375,14.171875,3140000,0.0,0.0
1998-10-22 00:00:00-04:00,14.171875,14.75,14.15625,14.328125,6250800,0.0,0.0
1998-10-23 00:00:00-04:00,14.0,14.0,13.34375,13.625,7745200,0.0,0.0
1998-10-26 00:00:00-05:00,13.609375,14.234375,13.546875,14.203125,3711200,0.0,0.0
1998-10-27 00:00:00-05:00,14.5,14.65625,14.1875,14.1875,2296400,0.0,0.0
1998-10-28 00:00:00-05:00,14.203125,14.203125,13.734375,13.75,2306000,0.0,0.0
1998-10-29 00:00:00-05:00,13.75,13.78125,13.40625,13.5,3095600,0.0,0.0
1998-10-30 00:00:00-05:00,13.8125,13.90625,13.515625,13.625,3168800,0.0,0.0
1998-11-02 00:00:00-05:00,13.6875,14.125,13.0625,13.0625,9591600,0.0,0.0
1998-11-03 00:00:00-05:00,11.25,11.8125,11.25,11.59375,6618400,0.0,0.0
1998-11-04 00:00:00-05:00,10.0625,11.0,10.0625,10.875,51273200,0.0,0.0
1998-11-05 00:00:00-05:00,10.859375,11.1875,10.71875,11.09375,15573600,0.0,0.0
1998-11-06 00:00:00-05:00,11.125,11.1875,10.921875,10.9375,11767200,0.0,0.0
1998-11-09 00:00:00-05:00,11.0625,11.0625,10.359375,10.59375,10873600,0.0,0.0
1998-11-10 00:00:00-05:00,10.65625,10.796875,10.4375,10.59375,7298400,0.0,0.0
1998-11-11 00:00:00-05:00,10.75,11.0,10.6875,10.921875,6609600,0.0,0.0
1998-11-12 00:00:00-05:00,10.9375,11.21875,10.828125,11.21875,8362800,0.0,0.0
1998-11-13 00:00:00-05:00,11.171875,12.1875,10.953125,12.0,19364800,0.0,0.0
1998-11-16 00:00:00-05:00,12.375,12.375,12.09375,12.25,7103600,0.0,0.0
1998-11-17 00:00:00-05:00,12.25,12.359375,11.75,12.0625,5514400,0.0,0.0
1998-11-18 00:00:00-05:00,12.25,12.296875,12.09375,12.203125,3129200,0.0,0.0
1998-11-19 00:00:00-05:00,12.265625,12.703125,12.1875,12.671875,4380800,0.0,0.0
1998-11-20 00:00:00-05:00,12.671875,12.90625,12.4375,12.859375,4738000,0.0,0.0
1998-11-23 00:00:00-05:00,13.0,13.625,12.96875,13.359375,5099200,0.0,0.0
1998-11-24 00:00:00-05:00,13.34375,13.34375,12.65625,12.859375,4421600,0.0,0.0
1998-11-25 00:00:00-05:00,12.8125,12.828125,12.125,12.375,7713200,0.0,0.0
1998-11-27 00:00:00-05:00,12.5625,12.84375,12.46875,12.84375,2236800,0.0,0.0
1998-11-30 00:00:00-05:00,12.84375,13.125,12.1875,12.375,6137600,0.0,0.0
1998-12-01 00:00:00-05:00,12.625,13.75,12.5625,13.53125,5523000,0.0,2.0
1998-12-02 00:00:00-05:00,14.25,14.34375,13.625,14.0625,5105000,0.0,0.0
1998-12-03 00:00:00-05:00,13.625,13.9375,13.09375,13.1875,3762200,0.0,0.0
1998-12-04 00:00:00-05:00,13.4375,13.8125,13.375,13.59375,2573800,0.0,0.0
1998-12-07 00:00:00-05:00,13.71875,13.90625,13.34375,13.4375,1877200,0.0,0.0
1998-12-08 00:00:00-05:00,13.375,13.5,12.53125,12.75,4399400,0.0,0.0
1998-12-09 00:00:00-05:00,12.75,13.6875,12.75,13.53125,3680200,0.0,0.0
1998-12-10 00:00:00-05:00,13.71875,13.84375,13.15625,13.21875,2985400,0.0,0.0
1998-12-11 00:00:00-05:00,13.25,13.5,13.03125,13.28125,1981400,0.0,0.0
1998-12-14 00:00:00-05:00,13.0,13.1875,12.5625,12.78125,1903200,0.0,0.0
1998-12-15 00:00:00-05:00,12.78125,12.78125,12.53125,12.75,1570600,0.0,0.0
1998-12-16 00:00:00-05:00,12.6875,13.21875,12.5625,13.0625,3215800,0.0,0.0
1998-12-17 00:00:00-05:00,13.3125,13.40625,12.8125,12.84375,3660600,0.0,0.0
1998-12-18 00:00:00-05:00,12.5,12.5625,10.875,11.5625,20966400,0.0,0.0
1998-12-21 00:00:00-05:00,11.25,12.1875,11.0625,11.4375,9726400,0.0,0.0
1998-12-22 00:00:00-05:00,12.875,12.875,12.375,12.5625,9350400,0.0,0.0
1998-12-23 00:00:00-05:00,12.6875,12.75,12.1875,12.4375,3862400,0.0,0.0
1998-12-24 00:00:00-05:00,12.5,13.0625,12.5,12.9375,4223400,0.0,0.0
1998-12-28 00:00:00-05:00,13.25,13.8125,12.875,13.28125,2692200,0.0,0.0
1998-12-29 00:00:00-05:00,13.28125,13.5625,13.0625,13.21875,1689800,0.0,0.0
1998-12-30 00:00:00-05:00,13.40625,13.625,13.1875,13.34375,2407200,0.0,0.0
1998-12-31 00:00:00-05:00,13.15625,13.53125,12.96875,13.40625,1570800,0.0,0.0
1999-01-04 00:00:00-05:00,13.71875,13.78125,12.5625,13.21875,2592600,0.0,0.0
1999-01-05 00:00:00-05:00,13.125,13.125,12.65625,13.0625,2183600,0.0,0.0
1999-01-06 00:00:00-05:00,13.0625,13.65625,12.625,13.65625,3344400,0.0,0.0
1999-01-07 00:00:00-05:00,13.0625,13.75,13.0625,13.59375,3772400,0.0,0.0
1999-01-08 00:00:00-05:00,13.6875,13.6875,12.8125,13.03125,6510800,0.0,0.0
1999-01-11 00:00:00-05:00,13.03125,13.03125,12.71875,12.84375,2956800,0.0,0.0
1999-01-12 00:00:00-05:00,12.75,12.75,12.53125,12.5625,4035000,0.0,0.0
1999-01-13 00:00:00-05:00,12.0625,12.59375,12.0625,12.375,2946000,0.0,0.0
1999-01-14 00:00:00-05:00,12.375,12.5,12.0,12.03125,1856600,0.0,0.0
1999-01-15 00:00:00-05:00,12.15625,12.46875,11.96875,12.25,2970600,0.0,0.0
1999-01-19 00:00:00-05:00,12.125,12.21875,11.78125,11.875,3395600,0.0,0.0
1999-01-20 00:00:00-05:00,11.78125,12.8125,11.6875,12.3125,4881600,0.0,0.0
1999-01-21 00:00:00-05:00,12.25,12.59375,11.9375,12.0625,2696600,0.0,0.0
1999-01-22 00:00:00-05:00,11.75,12.1875,11.5,11.65625,3342600,0.0,0.0
1999-01-25 00:00:00-05:00,11.84375,12.125,11.6875,11.8125,2092800,0.0,0.0
1999-01-26 00:00:00-05:00,11.8125,12.0625,11.59375,11.90625,2880200,0.0,0.0
1999-01-27 00:00:00-05:00,12.125,12.125,11.5,11.875,6757600,0.0,0.0
1999-01-28 00:00:00-05:00,11.96875,12.15625,11.6875,12.125,2695600,0.0,0.0
1999-01-29 00:00:00-05:00,12.0625,12.25,11.875,12.1875,4244800,0.0,0.0
1999-02-01 00:00:00-05:00,12.125,12.375,11.875,12.0625,2700600,0.0,0.0
1999-02-02 00:00:00-05:00,11.96875,12.09375,11.75,11.90625,2065800,0.0,0.0
1999-02-03 00:00:00-05:00,12.0,13.09375,11.84375,12.75,5917600,0.0,0.0
1999-02-04 00:00:00-05:00,12.78125,12.96875,12.1875,12.75,2684600,0.0,0.0
1999-02-05 00:00:00-05:00,12.75,12.875,12.375,12.59375,2275000,0.0,0.0
1999-02-08 00:00:00-05:00,12.65625,13.1875,12.53125,13.0,2078600,0.0,0.0
1999-02-09 00:00:00-05:00,13.09375,13.21875,12.8125,12.8125,2381400,0.0,0.0
1999-02-10 00:00:00-05:00,12.78125,12.875,12.53125,12.6875,1523800,0.0,0.0
1999-02-11 00:00:00-05:00,12.6875,13.1875,12.65625,13.0,1857000,0.0,0.0
1999-02-12 00:00:00-05:00,13.125,13.59375,13.125,13.40625,3039800,0.0,0.0
1999-02-16 00:00:00-05:00,13.5625,13.6875,13.40625,13.625,2558600,0.0,0.0
1999-02-17 00:00:00-05:00,13.8125,14.0,13.4375,13.53125,3008000,0.0,0.0
1999-02-18 00:00:00-05:00,13.75,14.09375,13.65625,14.0,2711000,0.0,0.0
1999-02-19 00:00:00-05:00,13.75,14.03125,13.4375,13.71875,4932000,0.0,0.0
1999-02-22 00:00:00-05:00,14.0,14.5,13.875,14.25,4282800,0.0,0.0
1999-02-23 00:00:00-05:00,14.5,14.625,13.78125,13.8125,2836800,0.0,0.0
1999-02-24 00:00:00-05:00,13.4375,14.0,13.1875,13.28125,4749400,0.0,0.0
1999-02-25 00:00:00-05:00,13.25,13.25,12.53125,13.09375,4106600,0.0,0.0
1999-02-26 00:00:00-05:00,13.3125,13.375,12.6875,13.25,2622600,0.0,0.0
1999-03-01 00:00:00-05:00,13.75,13.9375,13.375,13.9375,3063600,0.0,0.0
1999-03-02 00:00:00-05:00,13.875,15.625,13.875,14.8125,8593200,0.0,0.0
1999-03-03 00:00:00-05:00,14.78125,15.40625,14.78125,14.96875,4860000,0.0,0.0
1999-03-04 00:00:00-05:00,14.625,15.09375,14.5625,15.03125,3026400,0.0,0.0
1999-03-05 00:00:00-05:00,15.1875,15.59375,15.15625,15.375,4423800,0.0,0.0
1999-03-08 00:00:00-05:00,15.0,15.125,14.5625,15.0625,1890600,0.0,0.0
1999-03-09 00:00:00-05:00,14.9375,15.40625,14.875,15.1875,1345400,0.0,0.0
1999-03-10 00:00:00-05:00,15.125,15.125,14.75,14.90625,1353200,0.0,0.0
1999-03-11 00:00:00-05:00,15.0,16.75,14.96875,16.0625,5753600,0.0,0.0
1999-03-12 00:00:00-05:00,16.3125,16.6875,16.0625,16.375,2360000,0.0,0.0
1999-03-15 00:00:00-05:00,16.46875,16.9375,16.09375,16.9375,4034600,0.0,0.0
1999-03-16 00:00:00-05:00,17.0625,17.375,16.125,17.15625,5047400,0.0,0.0
1999-03-17 00:00:00-05:00,17.09375,17.125,16.34375,17.0,1633600,0.0,0.0
1999-03-18 00:00:00-05:00,18.625,19.625,18.5,19.25,21155600,0.0,0.0
1999-03-19 00:00:00-05:00,19.9375,21.625,19.75,20.75,19135400,0.0,0.0
1999-03-22 00:00:00-05:00,20.3125,20.34375,19.6875,19.8125,4212200,0.0,0.0
1999-03-23 00:00:00-05:00,19.78125,19.90625,19.1875,19.28125,4394400,0.0,0.0
1999-03-24 00:00:00-05:00,19.375,19.5,19.0625,19.125,2462000,0.0,0.0
1999-03-25 00:00:00-05:00,19.15625,19.46875,19.03125,19.1875,2944200,0.0,0.0
1999-03-26 00:00:00-05:00,19.0625,19.34375,18.8125,18.875,2451800,0.0,0.0
1999-03-29 00:00:00-05:00,19.0,19.8125,18.9375,19.625,1908400,0.0,0.0
1999-03-30 00:00:00-05:00,19.625,19.8125,19.53125,19.65625,2259000,0.0,0.0
1999-03-31 00:00:00-05:00,20.25,20.8125,19.875,20.3125,5598000,0.0,0.0
1999-04-01 00:00:00-05:00,20.1875,20.5,19.78125,19.875,3088200,0.0,0.0
1999-04-05 00:00:00-04:00,20.0,20.3125,19.8125,20.03125,1646600,0.0,0.0
1999-04-06 00:00:00-04:00,20.0625,20.6875,20.0625,20.5,3336800,0.0,0.0
1999-04-07 00:00:00-04:00,20.75,20.75,19.78125,20.0,1959000,0.0,0.0
1999-04-08 00:00:00-04:00,20.125,20.375,19.71875,19.9375,1513800,0.0,0.0
1999-04-09 00:00:00-04:00,19.5,20.0,19.5,19.9375,2108800,0.0,0.0
1999-04-12 00:00:00-04:00,19.25,20.375,19.25,20.3125,2875000,0.0,0.0
1999-04-13 00:00:00-04:00,20.21875,20.71875,19.75,20.5625,2289400,0.0,0.0
1999-04-14 00:00:00-04:00,20.4375,20.4375,19.78125,20.0,2054200,0.0,0.0
1999-04-15 00:00:00-04:00,19.875,19.875,18.6875,19.75,3015000,0.0,0.0
1999-04-16 00:00:00-04:00,19.4375,19.4375,17.6875,18.34375,2784800,0.0,0.0
1999-04-19 00:00:00-04:00,18.5,18.90625,16.8125,17.875,4751400,0.0,0.0
1999-04-20 00:00:00-04:00,17.9375,19.375,17.0625,19.375,3448200,0.0,0.0
1999-04-21 00:00:00-04:00,20.6875,22.46875,20.28125,21.9375,11032200,0.0,0.0
1999-04-22 00:00:00-04:00,22.0,22.3125,21.5,21.875,5179000,0.0,0.0
1999-04-23 00:00:00-04:00,21.8125,21.84375,21.21875,21.625,2370600,0.0,0.0
1999-04-26 00:00:00-04:00,21.6875,22.3125,21.34375,21.96875,3232000,0.0,0.0
1999-04-27 00:00:00-04:00,22.0,22.4375,21.5625,21.90625,1961000,0.0,0.0
1999-04-28 00:00:00-04:00,21.8125,22.15625,21.5,21.84375,1669400,0.0,0.0
1999-04-29 00:00:00-04:00,21.84375,22.25,21.125,21.21875,1864200,0.0,0.0
1999-04-30 00:00:00-04:00,21.21875,21.71875,20.65625,21.28125,2137000,0.0,0.0
1999-05-03 00:00:00-04:00,20.75,20.78125,20.0,20.5,2767800,0.0,0.0
1999-05-04 00:00:00-04:00,20.46875,20.9375,20.1875,20.625,2377000,0.0,0.0
1999-05-05 00:00:00-04:00,20.59375,20.59375,19.5,20.1875,2180000,0.0,0.0
1999-05-06 00:00:00-04:00,20.0,20.46875,19.75,20.375,2136000,0.0,0.0
1999-05-07 00:00:00-04:00,20.4375,20.75,19.96875,20.40625,2146200,0.0,0.0
1999-05-10 00:00:00-04:00,20.4375,20.4375,19.5,20.03125,2178000,0.0,0.0
1999-05-11 00:00:00-04:00,20.0625,20.1875,19.5625,20.0,1667600,0.0,0.0
1999-05-12 00:00:00-04:00,20.1875,21.25,19.875,21.25,4636600,0.0,0.0
1999-05-13 00:00:00-04:00,21.5,21.71875,21.0625,21.65625,3885600,0.0,0.0
1999-05-14 00:00:00-04:00,21.3125,21.4375,20.75,21.125,1939400,0.0,0.0
1999-05-17 00:00:00-04:00,21.0,21.125,20.59375,20.90625,1379200,0.0,0.0
1999-05-18 00:00:00-04:00,21.0,21.25,20.90625,21.125,1771600,0.0,0.0
1999-05-19 00:00:00-04:00,21.0,21.0,20.25,20.46875,3704600,0.0,0.0
1999-05-20 00:00:00-04:00,20.34375,21.8125,20.1875,21.625,3871600,0.0,0.0
1999-05-21 00:00:00-04:00,21.8125,21.9375,20.625,20.625,2635400,0.0,0.0
1999-05-24 00:00:00-04:00,20.5,20.53125,19.5,19.5,1700200,0.0,0.0
1999-05-25 00:00:00-04:00,19.5,20.09375,18.90625,19.0,2350800,0.0,0.0
1999-05-26 00:00:00-04:00,18.90625,19.1875,18.5,19.0,1825000,0.0,0.0
1999-05-27 00:00:00-04:00,19.0,19.46875,18.8125,18.9375,1401400,0.0,0.0
1999-05-28 00:00:00-04:00,19.0625,19.75,18.96875,19.0,1342400,0.0,0.0
1999-06-01 00:00:00-04:00,18.90625,18.90625,17.625,17.90625,4221600,0.0,0.0
1999-06-02 00:00:00-04:00,18.0,18.25,17.75,18.03125,2157800,0.0,0.0
1999-06-03 00:00:00-04:00,18.09375,19.90625,18.0625,19.6875,3424800,0.0,0.0
1999-06-04 00:00:00-04:00,19.96875,20.84375,19.90625,20.71875,3870000,0.0,0.0
1999-06-07 00:00:00-04:00,20.75,20.9375,20.0,20.28125,1376000,0.0,0.0
1999-06-08 00:00:00-04:00,20.0,20.28125,19.75,20.0625,777400,0.0,0.0
1999-06-09 00:00:00-04:00,20.125,20.53125,20.0625,20.34375,974400,0.0,0.0
1999-06-10 00:00:00-04:00,20.625,20.625,19.84375,20.3125,1042000,0.0,0.0
1999-06-11 00:00:00-04:00,20.28125,20.6875,19.8125,20.4375,1724200,0.0,0.0
1999-06-14 00:00:00-04:00,20.5,20.5625,19.8125,20.15625,1718200,0.0,0.0
1999-06-15 00:00:00-04:00,20.4375,20.84375,20.40625,20.59375,1789400,0.0,0.0
1999-06-16 00:00:00-04:00,20.59375,21.46875,20.59375,21.40625,2039600,0.0,0.0
1999-06-17 00:00:00-04:00,21.40625,21.59375,21.0,21.03125,1865000,0.0,0.0
1999-06-18 00:00:00-04:00,21.03125,21.0625,20.28125,20.375,1989800,0.0,0.0
1999-06-21 00:00:00-04:00,20.46875,20.46875,19.5625,20.0625,2072600,0.0,0.0
1999-06-22 00:00:00-04:00,19.5,20.125,19.4375,19.875,1754200,0.0,0.0
1999-06-23 00:00:00-04:00,20.0,20.34375,19.8125,19.875,1770200,0.0,0.0
1999-06-24 00:00:00-04:00,20.0,20.0,19.71875,19.9375,2265000,0.0,0.0
1999-06-25 00:00:00-04:00,20.4375,20.59375,20.25,20.5,12679800,0.0,0.0
1999-06-28 00:00:00-04:00,20.125,20.96875,19.96875,20.21875,6285000,0.0,0.0
1999-06-29 00:00:00-04:00,20.21875,21.46875,20.21875,21.375,3213200,0.0,0.0
1999-06-30 00:00:00-04:00,21.3125,21.96875,21.03125,21.96875,2507000,0.0,0.0
1999-07-01 00:00:00-04:00,21.6875,21.9375,21.28125,21.875,7133800,0.0,0.0
1999-07-02 00:00:00-04:00,21.90625,22.21875,21.78125,22.15625,1932600,0.0,0.0
1999-07-06 00:00:00-04:00,22.25,22.625,22.03125,22.0625,3254000,0.0,0.0
1999-07-07 00:00:00-04:00,21.5625,22.6875,21.5625,22.5625,2321400,0.0,0.0
1999-07-08 00:00:00-04:00,22.0,22.5625,21.8125,22.5625,2140000,0.0,0.0
1999-07-09 00:00:00-04:00,22.53125,22.96875,22.5,22.9375,1788400,0.0,0.0
1999-07-12 00:00:00-04:00,22.8125,23.0,22.625,23.0,1487200,0.0,0.0
1999-07-13 00:00:00-04:00,22.75,22.8125,22.3125,22.53125,1143600,0.0,0.0
1999-07-14 00:00:00-04:00,22.59375,23.0,22.53125,22.65625,1281800,0.0,0.0
1999-07-15 00:00:00-04:00,22.65625,23.21875,22.625,22.71875,1619600,0.0,0.0
1999-07-16 00:00:00-04:00,22.6875,23.40625,22.5625,23.25,2733000,0.0,0.0
1999-07-19 00:00:00-04:00,23.375,23.53125,22.96875,23.03125,2586800,0.0,0.0
1999-07-20 00:00:00-04:00,23.0,23.1875,22.375,22.6875,2609000,0.0,0.0
1999-07-21 00:00:00-04:00,22.0,22.0,20.8125,21.34375,5586600,0.0,0.0
1999-07-22 00:00:00-04:00,21.25,22.09375,20.96875,21.125,3178800,0.0,0.0
1999-07-23 00:00:00-04:00,21.25,21.53125,20.9375,21.375,879800,0.0,0.0
1999-07-26 00:00:00-04:00,21.03125,21.5,21.0,21.34375,995400,0.0,0.0
1999-07-27 00:00:00-04:00,21.34375,21.4375,20.5,21.0,893400,0.0,0.0
1999-07-28 00:00:00-04:00,20.75,21.125,20.4375,21.125,1417000,0.0,0.0
1999-07-29 00:00:00-04:00,20.875,21.5,20.75,21.46875,1554600,0.0,0.0
1999-07-30 00:00:00-04:00,21.46875,21.46875,20.125,20.28125,1033600,0.0,0.0
1999-08-02 00:00:00-04:00,20.0,21.0,20.0,20.1875,1513800,0.0,0.0
1999-08-03 00:00:00-04:00,19.9375,20.0625,19.5,19.5,1232400,0.0,0.0
1999-08-04 00:00:00-04:00,19.25,19.3125,18.625,18.65625,1871000,0.0,0.0
1999-08-05 00:00:00-04:00,18.65625,18.65625,17.875,18.25,2890800,0.0,0.0
1999-08-06 00:00:00-04:00,15.03125,15.6875,14.875,15.0,21778000,0.0,0.0
1999-08-09 00:00:00-04:00,15.6875,16.625,15.53125,16.625,8175400,0.0,0.0
1999-08-10 00:00:00-04:00,16.5625,16.9375,15.5,15.84375,6931600,0.0,0.0
1999-08-11 00:00:00-04:00,16.25,16.59375,16.0,16.4375,2853200,0.0,0.0
1999-08-12 00:00:00-04:00,16.75,17.21875,16.46875,17.1875,4663800,0.0,0.0
1999-08-13 00:00:00-04:00,17.375,17.59375,17.25,17.46875,3918000,0.0,0.0
1999-08-16 00:00:00-04:00,17.53125,17.875,17.3125,17.5,3698400,0.0,0.0
1999-08-17 00:00:00-04:00,17.875,17.96875,17.625,17.9375,3390600,0.0,0.0
1999-08-18 00:00:00-04:00,18.0,18.0,17.1875,17.28125,2931200,0.0,0.0
1999-08-19 00:00:00-04:00,17.28125,17.46875,16.9375,17.0,2641600,0.0,0.0
1999-08-20 00:00:00-04:00,17.6875,17.96875,17.375,17.90625,2783800,0.0,0.0
1999-08-23 00:00:00-04:00,18.0625,18.4375,18.0,18.0,2441200,0.0,0.0
1999-08-24 00:00:00-04:00,17.9375,18.0625,17.5,17.625,1382600,0.0,0.0
1999-08-25 00:00:00-04:00,17.625,18.0625,17.4375,17.8125,3376200,0.0,0.0
1999-08-26 00:00:00-04:00,17.875,18.21875,17.8125,18.0625,2291400,0.0,0.0
1999-08-27 00:00:00-04:00,18.0625,18.25,17.875,18.0625,1134000,0.0,0.0
1999-08-30 00:00:00-04:00,17.875,18.1875,17.5,17.5625,985400,0.0,0.0
1999-08-31 00:00:00-04:00,17.8125,17.875,16.78125,16.96875,1910200,0.0,0.0
1999-09-01 00:00:00-04:00,16.875,17.09375,16.84375,17.0,4403200,0.0,0.0
1999-09-02 00:00:00-04:00,16.5625,16.75,16.40625,16.65625,4444600,0.0,0.0
1999-09-03 00:00:00-04:00,17.0,17.625,16.9375,17.59375,3910000,0.0,0.0
1999-09-07 00:00:00-04:00,17.46875,17.984375,17.46875,17.90625,1861000,0.0,0.0
1999-09-08 00:00:00-04:00,17.6875,18.0625,17.40625,17.40625,2514200,0.0,0.0
1999-09-09 00:00:00-04:00,17.4375,17.5625,17.1875,17.375,2477800,0.0,0.0
1999-09-10 00:00:00-04:00,17.375,17.84375,17.3125,17.71875,2369600,0.0,0.0
1999-09-13 00:00:00-04:00,17.71875,17.78125,17.5,17.625,1498000,0.0,0.0
1999-09-14 00:00:00-04:00,17.5625,17.75,17.40625,17.65625,1503200,0.0,0.0
1999-09-15 00:00:00-04:00,14.5,15.0,13.125,13.5,28147800,0.0,0.0
1999-09-16 00:00:00-04:00,13.875,13.96875,13.0625,13.1875,12543400,0.0,0.0
1999-09-17 00:00:00-04:00,13.5625,14.0625,13.53125,13.8125,9884400,0.0,0.0
1999-09-20 00:00:00-04:00,14.15625,14.1875,13.84375,13.90625,4308000,0.0,0.0
1999-09-21 00:00:00-04:00,13.875,13.90625,13.0,13.625,5802000,0.0,0.0
1999-09-22 00:00:00-04:00,13.90625,13.90625,13.4375,13.75,3469000,0.0,0.0
1999-09-23 00:00:00-04:00,13.75,13.75,12.125,12.375,6807400,0.0,0.0
1999-09-24 00:00:00-04:00,12.625,12.875,11.875,11.96875,8023400,0.0,0.0
1999-09-27 00:00:00-04:00,12.03125,12.25,11.375,11.40625,6708600,0.0,0.0
1999-09-28 00:00:00-04:00,11.25,11.28125,10.75,11.0,9288600,0.0,0.0
1999-09-29 00:00:00-04:00,11.15625,11.90625,11.03125,11.875,4804000,0.0,0.0
1999-09-30 00:00:00-04:00,12.03125,12.40625,11.78125,12.375,6001600,0.0,0.0
1999-10-01 00:00:00-04:00,12.0,12.3125,11.4375,11.59375,3952200,0.0,0.0
1999-10-04 00:00:00-04:00,11.625,12.09375,11.59375,11.96875,1573000,0.0,0.0
1999-10-05 00:00:00-04:00,12.0,12.25,12.0,12.125,2335400,0.0,0.0
1999-10-06 00:00:00-04:00,12.03125,12.28125,11.75,12.0,2232800,0.0,0.0
1999-10-07 00:00:00-04:00,12.125,12.3125,11.96875,12.28125,2518200,0.0,0.0
1999-10-08 00:00:00-04:00,12.21875,13.0,12.21875,12.65625,2505200,0.0,0.0
1999-10-11 00:00:00-04:00,12.59375,12.8125,12.375,12.40625,1556400,0.0,0.0
1999-10-12 00:00:00-04:00,12.1875,12.25,11.5,11.625,5748200,0.0,0.0
1999-10-13 00:00:00-04:00,11.5,11.5,10.25,10.5,12109000,0.0,0.0
1999-10-14 00:00:00-04:00,9.9375,10.28125,9.84375,10.125,16240200,0.0,0.0
1999-10-15 00:00:00-04:00,9.6875,10.15625,9.6875,9.90625,8692600,0.0,0.0
1999-10-18 00:00:00-04:00,9.9375,10.0,9.53125,9.65625,6706400,0.0,0.0
1999-10-19 00:00:00-04:00,9.6875,9.75,9.09375,9.25,9289200,0.0,0.0
1999-10-20 00:00:00-04:00,9.625,9.625,9.0,9.21875,5023200,0.0,0.0
1999-10-21 00:00:00-04:00,9.0625,9.34375,8.96875,9.0625,6440000,0.0,0.0
1999-10-22 00:00:00-04:00,9.25,9.71875,9.25,9.46875,3976200,0.0,0.0
1999-10-25 00:00:00-04:00,9.5,9.5625,8.8125,8.90625,5502400,0.0,0.0
1999-10-26 00:00:00-04:00,8.96875,9.0625,8.78125,9.0,4898000,0.0,0.0
1999-10-27 00:00:00-04:00,9.53125,9.8125,9.21875,9.5625,10991400,0.0,0.0
1999-10-28 00:00:00-04:00,9.84375,10.09375,9.78125,10.0625,6527600,0.0,0.0
1999-10-29 00:00:00-04:00,10.15625,10.25,9.875,10.09375,5718200,0.0,0.0
1999-11-01 00:00:00-05:00,10.15625,10.6875,9.9375,10.4375,5763000,0.0,0.0
1999-11-02 00:00:00-05:00,10.5,10.8125,10.5,10.5625,5152600,0.0,0.0
1999-11-03 00:00:00-05:00,10.71875,10.8125,10.25,10.34375,5696800,0.0,0.0
1999-11-04 00:00:00-05:00,10.28125,10.375,10.09375,10.25,5060000,0.0,0.0
1999-11-05 00:00:00-05:00,10.5,11.0,10.46875,10.59375,4715200,0.0,0.0
1999-11-08 00:00:00-05:00,10.875,10.90625,10.03125,10.15625,7680600,0.0,0.0
1999-11-09 00:00:00-05:00,10.28125,10.5,10.125,10.25,2603400,0.0,0.0
1999-11-10 00:00:00-05:00,10.1875,10.375,10.125,10.25,3551200,0.0,0.0
1999-11-11 00:00:00-05:00,10.375,10.5,10.3125,10.5,3383800,0.0,0.0
1999-11-12 00:00:00-05:00,10.5,10.8125,10.375,10.625,2854400,0.0,0.0
1999-11-15 00:00:00-05:00,10.71875,11.15625,10.5625,11.125,3671800,0.0,0.0
1999-11-16 00:00:00-05:00,11.125,11.40625,11.0,11.0,4627600,0.0,0.0
1999-11-17 00:00:00-05:00,11.3125,11.3125,10.625,10.90625,2669600,0.0,0.0
1999-11-18 00:00:00-05:00,11.125,11.125,10.75,10.8125,4273200,0.0,0.0
1999-11-19 00:00:00-05:00,10.8125,10.9375,10.625,10.84375,3093000,0.0,0.0
1999-11-22 00:00:00-05:00,10.84375,11.0,10.75,11.0,3393000,0.0,0.0
1999-11-23 00:00:00-05:00,11.0,11.0,10.75,10.9375,3762600,0.0,0.0
1999-11-24 00:00:00-05:00,10.96875,11.25,10.8125,11.21875,10072200,0.0,0.0
1999-11-26 00:00:00-05:00,11.21875,11.25,11.03125,11.25,1158600,0.0,0.0
1999-11-29 00:00:00-05:00,11.1875,11.21875,10.90625,11.125,3486800,0.0,0.0
1999-11-30 00:00:00-05:00,11.125,11.15625,10.53125,10.5625,3873000,0.0,0.0
1999-12-01 00:00:00-05:00,10.4375,10.71875,10.125,10.46875,3763000,0.0,0.0
1999-12-02 00:00:00-05:00,10.40625,10.53125,10.25,10.5,1796400,0.0,0.0
1999-12-03 00:00:00-05:00,10.5625,10.71875,10.25,10.25,2609400,0.0,0.0
1999-12-06 00:00:00-05:00,10.25,10.40625,10.0,10.0,1964600,0.0,0.0
1999-12-07 00:00:00-05:00,10.09375,10.4375,10.0625,10.25,3170600,0.0,0.0
1999-12-08 00:00:00-05:00,10.25,10.625,10.21875,10.5,2640600,0.0,0.0
1999-12-09 00:00:00-05:00,10.28125,10.375,10.09375,10.1875,2869400,0.0,0.0
1999-12-10 00:00:00-05:00,10.0625,10.21875,10.0,10.0,2444200,0.0,0.0
1999-12-13 00:00:00-05:00,10.0,10.28125,9.875,10.25,4049200,0.0,0.0
1999-12-14 00:00:00-05:00,10.25,10.65625,9.5,9.5,5348000,0.0,0.0
1999-12-15 00:00:00-05:00,10.0625,10.3125,9.8125,10.0,5069200,0.0,0.0
1999-12-16 00:00:00-05:00,9.84375,9.9375,9.53125,9.625,4427200,0.0,0.0
1999-12-17 00:00:00-05:00,9.5,9.65625,9.28125,9.59375,5895800,0.0,0.0
1999-12-20 00:00:00-05:00,9.71875,9.90625,9.59375,9.8125,4877400,0.0,0.0
1999-12-21 00:00:00-05:00,9.875,10.09375,9.71875,10.0,3930800,0.0,0.0
1999-12-22 00:00:00-05:00,10.0,10.21875,10.0,10.15625,2947400,0.0,0.0
1999-12-23 00:00:00-05:00,10.21875,10.625,10.15625,10.625,4491000,0.0,0.0
1999-12-27 00:00:00-05:00,10.5,10.5625,10.25,10.375,4138000,0.0,0.0
1999-12-28 00:00:00-05:00,10.375,10.59375,10.3125,10.5,2610800,0.0,0.0
1999-12-29 00:00:00-05:00,10.40625,10.59375,10.3125,10.40625,2169200,0.0,0.0
1999-12-30 00:00:00-05:00,10.28125,11.25,10.28125,11.1875,5349200,0.0,0.0
1999-12-31 00:00:00-05:00,10.9375,11.15625,10.84375,10.9375,1531000,0.0,0.0
2000-01-03 00:00:00-05:00,11.0625,11.59375,11.0,11.5,4971400,0.0,0.0
2000-01-04 00:00:00-05:00,11.4375,12.0,11.21875,11.6875,6709600,0.0,0.0
2000-01-05 00:00:00-05:00,11.78125,12.59375,11.5,12.53125,7865600,0.0,0.0
2000-01-06 00:00:00-05:00,12.5625,12.9375,12.53125,12.875,5055000,0.0,0.0
2000-01-07 00:00:00-05:00,12.875,12.875,12.25,12.40625,6017800,0.0,0.0
2000-01-10 00:00:00-05:00,12.125,12.3125,11.75,12.0,3811600,0.0,0.0
2000-01-11 00:00:00-05:00,11.9375,12.0,11.75,11.84375,3700000,0.0,0.0
2000-01-12 00:00:00-05:00,11.875,11.875,11.34375,11.4375,2574400,0.0,0.0
2000-01-13 00:00:00-05:00,11.25,11.46875,11.09375,11.34375,5666600,0.0,0.0
2000-01-14 00:00:00-05:00,11.34375,11.71875,11.125,11.5,5893800,0.0,0.0
2000-01-18 00:00:00-05:00,11.34375,11.625,11.1875,11.625,2849400,0.0,0.0
2000-01-19 00:00:00-05:00,11.59375,11.59375,11.0625,11.34375,5204200,0.0,0.0
2000-01-20 00:00:00-05:00,11.125,11.15625,10.53125,10.5625,4937400,0.0,0.0
2000-01-21 00:00:00-05:00,10.6875,10.6875,10.25,10.34375,5543400,0.0,0.0
2000-01-24 00:00:00-05:00,10.5625,10.84375,10.4375,10.5625,3930400,0.0,0.0
2000-01-25 00:00:00-05:00,10.5625,10.6875,10.34375,10.40625,2151400,0.0,0.0
2000-01-26 00:00:00-05:00,10.4375,10.6875,10.3125,10.59375,2543200,0.0,0.0
2000-01-27 00:00:00-05:00,10.71875,10.71875,10.40625,10.5625,2382000,0.0,0.0
2000-01-28 00:00:00-05:00,10.4375,10.71875,10.34375,10.4375,2215800,0.0,0.0
2000-01-31 00:00:00-05:00,10.40625,10.4375,10.125,10.375,3185000,0.0,0.0
2000-02-01 00:00:00-05:00,10.375,10.375,10.0,10.1875,1916000,0.0,0.0
2000-02-02 00:00:00-05:00,10.1875,10.875,10.1875,10.5,4037400,0.0,0.0
2000-02-03 00:00:00-05:00,10.125,10.25,9.75,9.96875,5177800,0.0,0.0
2000-02-04 00:00:00-05:00,9.78125,9.9375,9.625,9.75,4558000,0.0,0.0
2000-02-07 00:00:00-05:00,9.75,9.875,9.5,9.5625,4417200,0.0,0.0
2000-02-08 00:00:00-05:00,9.625,9.6875,9.28125,9.625,4282400,0.0,0.0
2000-02-09 00:00:00-05:00,9.84375,10.65625,9.5625,10.53125,12934400,0.0,0.0
2000-02-10 00:00:00-05:00,10.4375,10.59375,9.75,9.96875,8131800,0.0,0.0
2000-02-11 00:00:00-05:00,9.78125,9.90625,9.46875,9.5,5154800,0.0,0.0
2000-02-14 00:00:00-05:00,9.5,9.71875,9.5,9.6875,4690000,0.0,0.0
2000-02-15 00:00:00-05:00,9.6875,9.8125,9.59375,9.8125,3967000,0.0,0.0
2000-02-16 00:00:00-05:00,9.71875,9.75,9.375,9.46875,4312600,0.0,0.0
2000-02-17 00:00:00-05:00,9.46875,9.8125,9.3125,9.8125,4494200,0.0,0.0
2000-02-18 00:00:00-05:00,9.625,9.75,9.53125,9.625,3751400,0.0,0.0
2000-02-22 00:00:00-05:00,9.625,9.78125,9.5,9.71875,2405800,0.0,0.0
2000-02-23 00:00:00-05:00,9.625,9.6875,9.4375,9.5,3220200,0.0,0.0
2000-02-24 00:00:00-05:00,9.5,9.5625,9.03125,9.3125,3934200,0.0,0.0
2000-02-25 00:00:00-05:00,9.4375,9.4375,8.90625,8.9375,3895200,0.0,0.0
2000-02-28 00:00:00-05:00,9.0625,9.21875,8.875,9.0,1783200,0.0,0.0
2000-02-29 00:00:00-05:00,9.0,9.15625,8.875,9.125,2373000,0.0,0.0
2000-03-01 00:00:00-05:00,9.0625,9.09375,8.8125,8.953125,3366600,0.0,0.0
2000-03-02 00:00:00-05:00,9.03125,9.03125,8.875,8.90625,1550800,0.0,0.0
2000-03-03 00:00:00-05:00,9.0,9.3125,8.875,9.0,2277600,0.0,0.0
2000-03-06 00:00:00-05:00,9.25,9.40625,9.1875,9.375,2571400,0.0,0.0
2000-03-07 00:00:00-05:00,9.40625,9.4375,9.0,9.03125,2052800,0.0,0.0
2000-03-08 00:00:00-05:00,9.1875,9.5625,9.15625,9.5625,3159200,0.0,0.0
2000-03-09 00:00:00-05:00,9.84375,10.875,9.625,10.65625,10391200,0.0,0.0
2000-03-10 00:00:00-05:00,10.96875,11.09375,10.4375,10.6875,7961400,0.0,0.0
2000-03-13 00:00:00-05:00,10.40625,10.71875,10.25,10.46875,2777200,0.0,0.0
2000-03-14 00:00:00-05:00,10.5,10.65625,10.34375,10.34375,2558200,0.0,0.0
2000-03-15 00:00:00-05:00,10.59375,10.6875,10.4375,10.65625,3220600,0.0,0.0
2000-03-16 00:00:00-05:00,11.0,12.375,10.75,12.375,4426600,0.0,0.0
2000-03-17 00:00:00-05:00,11.4375,11.5,10.6875,11.5,4237000,0.0,0.0
2000-03-20 00:00:00-05:00,11.34375,11.34375,10.78125,10.96875,2880400,0.0,0.0
2000-03-21 00:00:00-05:00,10.96875,10.96875,10.59375,10.84375,2274600,0.0,0.0
2000-03-22 00:00:00-05:00,10.96875,11.09375,10.6875,11.03125,2488800,0.0,0.0
2000-03-23 00:00:00-05:00,10.78125,11.09375,10.5625,11.03125,2679800,0.0,0.0
2000-03-24 00:00:00-05:00,10.875,11.1875,10.65625,11.15625,3060200,0.0,0.0
2000-03-27 00:00:00-05:00,11.15625,11.21875,10.90625,10.96875,1312800,0.0,0.0
2000-03-28 00:00:00-05:00,10.875,10.9375,10.59375,10.6875,2322400,0.0,0.0
2000-03-29 00:00:00-05:00,10.6875,10.6875,10.28125,10.46875,2292800,0.0,0.0
2000-03-30 00:00:00-05:00,10.5,10.53125,10.03125,10.125,2788000,0.0,0.0
2000-03-31 00:00:00-05:00,10.4375,10.65625,10.15625,10.65625,2495400,0.0,0.0
2000-04-03 00:00:00-04:00,10.46875,10.625,10.25,10.34375,2554200,0.0,0.0
2000-04-04 00:00:00-04:00,10.4375,10.8125,9.6875,10.5625,4836400,0.0,0.0
2000-04-05 00:00:00-04:00,9.9375,10.59375,9.9375,10.5,2719000,0.0,0.0
2000-04-06 00:00:00-04:00,10.625,10.71875,10.46875,10.625,1874400,0.0,0.0
2000-04-07 00:00:00-04:00,10.625,10.6875,10.4375,10.5,1232400,0.0,0.0
2000-04-10 00:00:00-04:00,10.375,10.71875,10.34375,10.5625,1540600,0.0,0.0
2000-04-11 00:00:00-04:00,10.5,10.71875,10.375,10.53125,2848200,0.0,0.0
2000-04-12 00:00:00-04:00,10.53125,11.03125,10.53125,10.90625,4648600,0.0,0.0
2000-04-13 00:00:00-04:00,10.90625,11.75,10.875,11.25,5708600,0.0,0.0
2000-04-14 00:00:00-04:00,11.0,11.59375,10.53125,10.875,4051400,0.0,0.0
2000-04-17 00:00:00-04:00,10.46875,10.6875,10.3125,10.5625,2638200,0.0,0.0
2000-04-18 00:00:00-04:00,10.28125,11.75,10.125,11.53125,4616600,0.0,0.0
2000-04-19 00:00:00-04:00,11.875,12.875,11.875,12.625,12817200,0.0,0.0
2000-04-20 00:00:00-04:00,12.6875,13.0,12.03125,12.15625,4724200,0.0,0.0
2000-04-24 00:00:00-04:00,12.03125,12.8125,11.9375,12.6875,4621600,0.0,0.0
2000-04-25 00:00:00-04:00,12.78125,14.0,12.78125,13.9375,8023800,0.0,0.0
2000-04-26 00:00:00-04:00,13.96875,13.96875,13.40625,13.625,2877200,0.0,0.0
2000-04-27 00:00:00-04:00,13.03125,13.5,13.03125,13.5,3036200,0.0,0.0
2000-04-28 00:00:00-04:00,13.375,13.4375,13.0,13.25,1990800,0.0,0.0
2000-05-01 00:00:00-04:00,13.0,13.375,12.9375,13.28125,2574200,0.0,0.0
2000-05-02 00:00:00-04:00,12.84375,13.875,12.8125,13.75,4888600,0.0,0.0
2000-05-03 00:00:00-04:00,13.71875,13.71875,13.34375,13.46875,2615200,0.0,0.0
2000-05-04 00:00:00-04:00,13.46875,13.46875,12.90625,13.15625,2415800,0.0,0.0
2000-05-05 00:00:00-04:00,13.4375,13.5,13.09375,13.28125,2342400,0.0,0.0
2000-05-08 00:00:00-04:00,13.0,13.75,13.0,13.6875,2370400,0.0,0.0
2000-05-09 00:00:00-04:00,13.6875,14.59375,13.5,14.15625,7047200,0.0,0.0
2000-05-10 00:00:00-04:00,14.03125,14.03125,13.25,13.34375,3333400,0.0,0.0
2000-05-11 00:00:00-04:00,13.5,13.78125,12.375,12.625,6327400,0.0,0.0
2000-05-12 00:00:00-04:00,12.625,12.625,11.8125,12.03125,7141400,0.0,0.0
2000-05-15 00:00:00-04:00,12.03125,12.6875,11.9375,12.5625,3847200,0.0,0.0
2000-05-16 00:00:00-04:00,12.65625,12.65625,12.28125,12.5,3202400,0.0,0.0
2000-05-17 00:00:00-04:00,12.1875,12.8125,12.15625,12.65625,1773200,0.0,0.0
2000-05-18 00:00:00-04:00,12.71875,13.4375,12.625,13.125,8017600,0.0,0.0
2000-05-19 00:00:00-04:00,12.65625,13.125,12.40625,12.96875,4410800,0.0,0.0
2000-05-22 00:00:00-04:00,13.09375,13.09375,12.375,12.5,2660600,0.0,0.0
2000-05-23 00:00:00-04:00,12.5,12.59375,12.3125,12.375,1252200,0.0,0.0
2000-05-24 00:00:00-04:00,12.28125,12.4375,12.03125,12.375,1761000,0.0,0.0
2000-05-25 00:00:00-04:00,12.25,13.21875,11.96875,12.90625,5114400,0.0,0.0
2000-05-26 00:00:00-04:00,12.9375,12.96875,12.40625,12.53125,1830400,0.0,0.0
2000-05-30 00:00:00-04:00,12.5625,13.21875,12.5625,13.0625,2959000,0.0,0.0
2000-05-31 00:00:00-04:00,13.0625,13.0625,12.78125,12.8125,1226800,0.0,0.0
2000-06-01 00:00:00-04:00,12.78125,12.78125,11.875,11.96875,4797000,0.0,0.0
2000-06-02 00:00:00-04:00,12.25,12.375,11.21875,11.375,9455800,0.0,0.0
2000-06-05 00:00:00-04:00,10.9375,11.875,10.9375,11.59375,3376800,0.0,0.0
2000-06-06 00:00:00-04:00,11.875,11.90625,11.4375,11.5,2783400,0.0,0.0
2000-06-07 00:00:00-04:00,11.46875,11.625,11.25,11.5,2429600,0.0,0.0
2000-06-08 00:00:00-04:00,11.53125,12.0625,11.125,11.71875,3187200,0.0,0.0
2000-06-09 00:00:00-04:00,11.59375,11.9375,11.5,11.78125,1658000,0.0,0.0
2000-06-12 00:00:00-04:00,11.8125,12.03125,11.6875,11.84375,1662200,0.0,0.0
2000-06-13 00:00:00-04:00,11.90625,12.28125,11.8125,12.21875,2782400,0.0,0.0
2000-06-14 00:00:00-04:00,12.25,12.5,12.09375,12.34375,1869400,0.0,0.0
2000-06-15 00:00:00-04:00,12.3125,12.6875,12.3125,12.4375,2601200,0.0,0.0
2000-06-16 00:00:00-04:00,12.40625,12.46875,12.125,12.15625,2800400,0.0,0.0
2000-06-19 00:00:00-04:00,12.1875,12.21875,11.59375,11.65625,2783400,0.0,0.0
2000-06-20 00:00:00-04:00,11.78125,11.78125,11.3125,11.4375,2564400,0.0,0.0
2000-06-21 00:00:00-04:00,11.25,11.59375,11.15625,11.5,2101600,0.0,0.0
2000-06-22 00:00:00-04:00,11.4375,11.46875,11.0,11.0,1944400,0.0,0.0
2000-06-23 00:00:00-04:00,11.0625,11.21875,10.75,10.84375,2413600,0.0,0.0
2000-06-26 00:00:00-04:00,10.875,11.125,10.71875,10.9375,2255400,0.0,0.0
2000-06-27 00:00:00-04:00,10.9375,11.03125,10.5625,10.625,2662400,0.0,0.0
2000-06-28 00:00:00-04:00,10.90625,10.96875,10.5,10.851563453674316,2315200,0.0,0.0
2000-06-29 00:00:00-04:00,10.59375,11.09375,10.5625,10.90625,1983000,0.0,0.0
2000-06-30 00:00:00-04:00,10.6875,11.03125,10.6875,10.96875,1844200,0.0,0.0
2000-07-03 00:00:00-04:00,11.0625,11.09375,10.65625,10.90625,792000,0.0,0.0
2000-07-05 00:00:00-04:00,10.53125,11.0625,10.53125,10.8125,2414000,0.0,0.0
2000-07-06 00:00:00-04:00,10.75,11.375,10.65625,11.21875,3153000,0.0,0.0
2000-07-07 00:00:00-04:00,11.4375,12.28125,11.4375,11.6875,4723400,0.0,0.0
2000-07-10 00:00:00-04:00,11.75,12.25,11.75,12.03125,3651400,0.0,0.0
2000-07-11 00:00:00-04:00,12.0,12.15625,11.53125,11.90625,2283600,0.0,0.0
2000-07-12 00:00:00-04:00,11.625,13.0,11.625,13.0,7790000,0.0,0.0
2000-07-13 00:00:00-04:00,13.125,13.21875,12.6875,12.9375,10714600,0.0,0.0
2000-07-14 00:00:00-04:00,12.9375,12.9375,12.5625,12.71875,2916000,0.0,0.0
2000-07-17 00:00:00-04:00,12.75,13.40625,12.59375,13.28125,4133600,0.0,0.0
2000-07-18 00:00:00-04:00,13.1875,13.21875,12.84375,12.875,3034600,0.0,0.0
2000-07-19 00:00:00-04:00,10.375,10.375,9.1875,9.4375,26268400,0.0,0.0
2000-07-20 00:00:00-04:00,9.5,9.5,8.78125,8.84375,9620200,0.0,0.0
2000-07-21 00:00:00-04:00,8.9375,9.09375,8.75,8.75,4260200,0.0,0.0
2000-07-24 00:00:00-04:00,8.75,8.8125,8.5,8.53125,5783800,0.0,0.0
2000-07-25 00:00:00-04:00,8.59375,8.625,8.3125,8.5,7209000,0.0,0.0
2000-07-26 00:00:00-04:00,8.3125,8.90625,8.3125,8.75,4924600,0.0,0.0
2000-07-27 00:00:00-04:00,8.8125,9.15625,8.6875,9.09375,3240400,0.0,0.0
2000-07-28 00:00:00-04:00,8.90625,8.96875,8.5625,8.5625,2323200,0.0,0.0
2000-07-31 00:00:00-04:00,8.65625,8.6875,8.125,8.28125,4121600,0.0,0.0
2000-08-01 00:00:00-04:00,8.40625,8.875,8.34375,8.75,4668600,0.0,0.0
2000-08-02 00:00:00-04:00,8.75,9.34375,8.6875,9.0625,8402800,0.0,0.0
2000-08-03 00:00:00-04:00,9.1875,9.1875,8.6875,8.875,5918400,0.0,0.0
2000-08-04 00:00:00-04:00,8.96875,8.96875,8.78125,8.875,1530800,0.0,0.0
2000-08-07 00:00:00-04:00,8.78125,8.875,8.6875,8.796875,1482000,0.0,0.0
2000-08-08 00:00:00-04:00,8.8125,8.84375,8.53125,8.5625,4654000,0.0,0.0
2000-08-09 00:00:00-04:00,8.59375,8.59375,8.21875,8.3125,4220400,0.0,0.0
2000-08-10 00:00:00-04:00,8.375,8.53125,8.15625,8.28125,3144600,0.0,0.0
2000-08-11 00:00:00-04:00,8.40625,8.59375,8.21875,8.3125,7580000,0.0,0.0
2000-08-14 00:00:00-04:00,8.3125,8.40625,8.1875,8.21875,2896800,0.0,0.0
2000-08-15 00:00:00-04:00,8.25,8.25,7.96875,8.0625,3237000,0.0,0.0
2000-08-16 00:00:00-04:00,7.9375,8.1875,7.75,8.125,6857200,0.0,0.0
2000-08-17 00:00:00-04:00,8.15625,8.375,8.03125,8.1875,3514600,0.0,0.0
2000-08-18 00:00:00-04:00,8.375,8.375,8.1875,8.1875,4649400,0.0,0.0
2000-08-21 00:00:00-04:00,8.40625,9.0,8.0,8.90625,12321000,0.0,0.0
2000-08-22 00:00:00-04:00,8.84375,8.875,8.5,8.59375,4154200,0.0,0.0
2000-08-23 00:00:00-04:00,8.9375,9.09375,8.65625,8.90625,4233200,0.0,0.0
2000-08-24 00:00:00-04:00,9.03125,9.09375,8.8125,8.84375,3017400,0.0,0.0
2000-08-25 00:00:00-04:00,8.84375,8.9375,8.71875,8.875,3547600,0.0,0.0
2000-08-28 00:00:00-04:00,8.875,9.3125,8.875,9.09375,3755000,0.0,0.0
2000-08-29 00:00:00-04:00,9.21875,9.375,9.0,9.0,3625200,0.0,0.0
2000-08-30 00:00:00-04:00,9.25,9.65625,9.15625,9.40625,6941000,0.0,0.0
2000-08-31 00:00:00-04:00,9.46875,9.9375,9.4375,9.476563453674316,4476200,0.0,0.0
2000-09-01 00:00:00-04:00,9.5,9.5625,9.1875,9.28125,1454600,0.0,0.0
2000-09-05 00:00:00-04:00,9.28125,9.4375,8.9375,9.3125,3381000,0.0,0.0
2000-09-06 00:00:00-04:00,9.25,9.375,8.9375,9.28125,1280600,0.0,0.0
2000-09-07 00:00:00-04:00,9.15625,9.40625,9.15625,9.15625,1010400,0.0,0.0
2000-09-08 00:00:00-04:00,9.125,9.375,9.125,9.34375,1956200,0.0,0.0
2000-09-11 00:00:00-04:00,9.53125,9.59375,9.3125,9.53125,3517800,0.0,0.0
2000-09-12 00:00:00-04:00,9.6875,9.6875,9.375,9.5,2467800,0.0,0.0
2000-09-13 00:00:00-04:00,9.5,9.5,9.3125,9.375,1867600,0.0,0.0
2000-09-14 00:00:00-04:00,9.1875,9.3125,9.15625,9.21875,2807800,0.0,0.0
2000-09-15 00:00:00-04:00,9.125,9.5625,9.125,9.53125,4199800,0.0,0.0
2000-09-18 00:00:00-04:00,9.53125,9.6875,9.4375,9.5625,1859400,0.0,0.0
2000-09-19 00:00:00-04:00,9.0625,9.625,9.0625,9.375,2069600,0.0,0.0
2000-09-20 00:00:00-04:00,9.25,9.25,9.03125,9.125,1550800,0.0,0.0
2000-09-21 00:00:00-04:00,9.03125,9.28125,8.9375,9.28125,1104400,0.0,0.0
2000-09-22 00:00:00-04:00,9.3125,9.5,9.0,9.0,2707800,0.0,0.0
2000-09-25 00:00:00-04:00,9.03125,9.03125,8.875,9.0,3281200,0.0,0.0
2000-09-26 00:00:00-04:00,8.875,8.96875,8.125,8.5,3314200,0.0,0.0
2000-09-27 00:00:00-04:00,8.3125,8.53125,8.03125,8.1875,3880600,0.0,0.0
2000-09-28 00:00:00-04:00,8.375,9.46875,8.28125,8.40625,3868600,0.0,0.0
2000-09-29 00:00:00-04:00,8.3125,8.375,8.15625,8.21875,4380000,0.0,0.0
2000-10-02 00:00:00-04:00,8.3125,8.34375,7.9375,8.0,3445600,0.0,0.0
2000-10-03 00:00:00-04:00,8.25,8.3125,7.8125,8.1875,3490400,0.0,0.0
2000-10-04 00:00:00-04:00,7.59375,7.9375,7.59375,7.78125,4240600,0.0,0.0
2000-10-05 00:00:00-04:00,7.9375,8.3125,7.84375,7.90625,3074000,0.0,0.0
2000-10-06 00:00:00-04:00,8.25,8.25,7.40625,7.625,5786000,0.0,0.0
2000-10-09 00:00:00-04:00,7.625,7.78125,7.5,7.53125,1127800,0.0,0.0
2000-10-10 00:00:00-04:00,7.46875,7.6875,7.34375,7.46875,3117200,0.0,0.0
2000-10-11 00:00:00-04:00,7.5,7.65625,7.28125,7.5,4805400,0.0,0.0
2000-10-12 00:00:00-04:00,7.4375,7.5625,7.1875,7.25,1948800,0.0,0.0
2000-10-13 00:00:00-04:00,7.34375,7.65625,7.25,7.4375,4924800,0.0,0.0
2000-10-16 00:00:00-04:00,7.4375,7.9375,7.4375,7.84375,6350600,0.0,0.0
2000-10-17 00:00:00-04:00,7.78125,7.84375,7.5625,7.75,3216800,0.0,0.0
2000-10-18 00:00:00-04:00,7.6875,8.1875,7.375,8.03125,7075800,0.0,0.0
2000-10-19 00:00:00-04:00,7.90625,7.9375,7.75,7.875,3257400,0.0,0.0
2000-10-20 00:00:00-04:00,7.875,8.0,7.78125,7.90625,1626400,0.0,0.0
2000-10-23 00:00:00-04:00,7.875,8.1875,7.75,8.0,1503600,0.0,0.0
2000-10-24 00:00:00-04:00,8.09375,8.3125,7.90625,7.96875,2153200,0.0,0.0
2000-10-25 00:00:00-04:00,7.9375,8.21875,7.84375,7.96875,3334200,0.0,0.0
2000-10-26 00:00:00-04:00,7.90625,8.25,7.75,8.03125,2846600,0.0,0.0
2000-10-27 00:00:00-04:00,7.96875,8.09375,7.9375,8.03125,1939000,0.0,0.0
2000-10-30 00:00:00-05:00,8.03125,8.21875,7.9375,8.125,2542000,0.0,0.0
2000-10-31 00:00:00-05:00,8.0625,8.09375,7.875,7.96875,3499600,0.0,0.0
2000-11-01 00:00:00-05:00,7.9375,8.03125,7.75,7.78125,4631200,0.0,0.0
2000-11-02 00:00:00-05:00,7.84375,8.21875,7.78125,8.0625,4287800,0.0,0.0
2000-11-03 00:00:00-05:00,8.0625,8.4375,7.9375,8.25,4477800,0.0,0.0
2000-11-06 00:00:00-05:00,7.875,8.1875,7.8125,8.03125,3737200,0.0,0.0
2000-11-07 00:00:00-05:00,8.09375,8.21875,8.0,8.03125,2041800,0.0,0.0
2000-11-08 00:00:00-05:00,8.0,8.1875,7.875,7.875,1990000,0.0,0.0
2000-11-09 00:00:00-05:00,7.875,7.96875,7.625,7.6875,2287000,0.0,0.0
2000-11-10 00:00:00-05:00,7.5625,7.75,7.40625,7.46875,4235400,0.0,0.0
2000-11-13 00:00:00-05:00,7.46875,7.59375,7.28125,7.4375,1527400,0.0,0.0
2000-11-14 00:00:00-05:00,7.375,7.625,7.34375,7.5,2261400,0.0,0.0
2000-11-15 00:00:00-05:00,7.375,7.4375,7.03125,7.28125,3789800,0.0,0.0
2000-11-16 00:00:00-05:00,7.46875,7.5625,7.34375,7.46875,3043600,0.0,0.0
2000-11-17 00:00:00-05:00,7.5,7.65625,7.46875,7.5,4442200,0.0,0.0
2000-11-20 00:00:00-05:00,7.625,7.65625,7.40625,7.59375,3581200,0.0,0.0
2000-11-21 00:00:00-05:00,7.90625,7.9375,7.15625,7.1875,8038400,0.0,0.0
2000-11-22 00:00:00-05:00,7.0,7.3125,7.0,7.09375,5036200,0.0,0.0
2000-11-24 00:00:00-05:00,7.25,7.34375,7.1875,7.3125,991400,0.0,0.0
2000-11-27 00:00:00-05:00,7.375,7.5,7.0,7.0,5517600,0.0,0.0
2000-11-28 00:00:00-05:00,7.15625,7.15625,6.8125,6.8125,6620400,0.0,0.0
2000-11-29 00:00:00-05:00,6.84375,6.84375,6.28125,6.5625,11101600,0.0,0.0
2000-11-30 00:00:00-05:00,6.46875,6.5,6.40625,6.4375,4999200,0.0,0.0
2000-12-01 00:00:00-05:00,6.46875,6.75,6.46875,6.53125,4313400,0.0,0.0
2000-12-04 00:00:00-05:00,6.375,6.59375,6.375,6.5,2406400,0.0,0.0
2000-12-05 00:00:00-05:00,6.59375,6.65625,6.40625,6.5,4339200,0.0,0.0
2000-12-06 00:00:00-05:00,6.4375,6.46875,6.09375,6.125,3675000,0.0,0.0
2000-12-07 00:00:00-05:00,6.15625,6.5625,6.125,6.375,5814200,0.0,0.0
2000-12-08 00:00:00-05:00,6.4375,6.53125,6.375,6.40625,5147000,0.0,0.0
2000-12-11 00:00:00-05:00,6.46875,6.875,6.21875,6.53125,10905000,0.0,0.0
2000-12-12 00:00:00-05:00,6.875,6.875,6.5,6.71875,5957200,0.0,0.0
2000-12-13 00:00:00-05:00,6.625,6.75,6.46875,6.5,4075800,0.0,0.0
2000-12-14 00:00:00-05:00,6.5,6.71875,6.4375,6.59375,4782000,0.0,0.0
2000-12-15 00:00:00-05:00,6.53125,6.8125,6.53125,6.53125,6637200,0.0,0.0
2000-12-18 00:00:00-05:00,6.59375,6.90625,6.4375,6.71875,7207000,0.0,0.0
2000-12-19 00:00:00-05:00,6.625,6.84375,6.625,6.65625,4307600,0.0,0.0
2000-12-20 00:00:00-05:00,6.59375,6.8125,6.5,6.71875,4633800,0.0,0.0
2000-12-21 00:00:00-05:00,6.65625,6.6875,6.53125,6.65625,2652800,0.0,0.0
2000-12-22 00:00:00-05:00,6.75,6.78125,6.40625,6.46875,4848200,0.0,0.0
2000-12-26 00:00:00-05:00,6.46875,6.59375,6.375,6.59375,5003600,0.0,0.0
2000-12-27 00:00:00-05:00,6.46875,6.71875,6.46875,6.53125,5288400,0.0,0.0
2000-12-28 00:00:00-05:00,6.4375,6.9375,6.40625,6.78125,7771400,0.0,0.0
2000-12-29 00:00:00-05:00,6.78125,6.9375,6.59375,6.84375,7503400,0.0,0.0
2001-01-02 00:00:00-05:00,6.75,6.875,6.625,6.75,4629400,0.0,0.0
2001-01-03 00:00:00-05:00,6.78125,6.84375,6.65625,6.75,3948800,0.0,0.0
2001-01-04 00:00:00-05:00,6.71875,7.5,6.65625,7.5,13234000,0.0,0.0
2001-01-05 00:00:00-05:00,7.3125,7.8125,7.03125,7.78125,9583000,0.0,0.0
2001-01-08 00:00:00-05:00,7.625,7.96875,7.53125,7.75,4270400,0.0,0.0
2001-01-09 00:00:00-05:00,7.75,8.21875,7.75,7.875,3450200,0.0,0.0
2001-01-10 00:00:00-05:00,7.84375,7.96875,7.4375,7.46875,4247400,0.0,0.0
2001-01-11 00:00:00-05:00,7.46875,7.71875,7.375,7.4375,3775000,0.0,0.0
2001-01-12 00:00:00-05:00,7.5,7.6875,7.46875,7.5,3637200,0.0,0.0
2001-01-16 00:00:00-05:00,7.5,7.5625,7.4375,7.5,3735800,0.0,0.0
2001-01-17 00:00:00-05:00,7.5625,7.96875,7.53125,7.84375,4353200,0.0,0.0
2001-01-18 00:00:00-05:00,7.78125,7.875,7.6875,7.75,1874200,0.0,0.0
2001-01-19 00:00:00-05:00,7.71875,7.78125,7.125,7.25,5244800,0.0,0.0
2001-01-22 00:00:00-05:00,7.71875,7.8125,7.4375,7.78125,3815400,0.0,0.0
2001-01-23 00:00:00-05:00,7.65625,8.09375,7.65625,8.03125,3340200,0.0,0.0
2001-01-24 00:00:00-05:00,8.0,8.3125,8.0,8.0,6094800,0.0,0.0
2001-01-25 00:00:00-05:00,7.875,8.3125,7.875,8.28125,3895200,0.0,0.0
2001-01-26 00:00:00-05:00,8.15625,8.75,8.0,8.625,4956600,0.0,0.0
2001-01-29 00:00:00-05:00,8.625,8.75,8.505000114440918,8.725000381469727,2657200,0.0,0.0
2001-01-30 00:00:00-05:00,8.600000381469727,8.734999656677246,8.289999961853027,8.479999542236328,2322800,0.0,0.0
2001-01-31 00:00:00-05:00,8.479999542236328,8.479999542236328,8.255000114440918,8.380000114440918,4547000,0.0,0.0
2001-02-01 00:00:00-05:00,8.199999809265137,9.0,8.199999809265137,8.795000076293945,6991400,0.0,0.0
2001-02-02 00:00:00-05:00,8.774999618530273,8.869999885559082,8.279999732971191,8.375,1735000,0.0,0.0
2001-02-05 00:00:00-05:00,8.274999618530273,8.350000381469727,8.0,8.015000343322754,4145200,0.0,0.0
2001-02-06 00:00:00-05:00,8.050000190734863,8.244999885559082,8.0,8.0600004196167,2953200,0.0,0.0
2001-02-07 00:00:00-05:00,7.650000095367432,8.050000190734863,7.510000228881836,7.960000038146973,6865600,0.0,0.0
2001-02-08 00:00:00-05:00,8.050000190734863,8.125,7.855000019073486,7.994999885559082,2530400,0.0,0.0
2001-02-09 00:00:00-05:00,8.0,8.104999542236328,7.849999904632568,7.949999809265137,6763000,0.0,0.0
2001-02-12 00:00:00-05:00,7.800000190734863,8.3149995803833,7.769999980926514,8.255000114440918,3997600,0.0,0.0
2001-02-13 00:00:00-05:00,8.25,8.25,8.050000190734863,8.125,2132000,0.0,0.0
2001-02-14 00:00:00-05:00,8.050000190734863,8.220000267028809,8.039999961853027,8.149999618530273,2795200,0.0,0.0
2001-02-15 00:00:00-05:00,8.024999618530273,8.154999732971191,7.954999923706055,8.130000114440918,5904200,0.0,0.0
2001-02-16 00:00:00-05:00,8.0,8.024999618530273,7.78000020980835,7.864999771118164,2990200,0.0,0.0
2001-02-20 00:00:00-05:00,7.864999771118164,8.024999618530273,7.840000152587891,7.925000190734863,3240600,0.0,0.0
2001-02-21 00:00:00-05:00,7.925000190734863,8.149999618530273,7.894999980926514,7.929999828338623,2519800,0.0,0.0
2001-02-22 00:00:00-05:00,7.929999828338623,8.024999618530273,7.900000095367432,8.0,3100000,0.0,0.0
2001-02-23 00:00:00-05:00,8.0,8.0,7.625,7.875,2760800,0.0,0.0
2001-02-26 00:00:00-05:00,7.800000190734863,8.0,7.800000190734863,8.0,1999600,0.0,0.0
2001-02-27 00:00:00-05:00,7.974999904632568,7.989999771118164,7.824999809265137,7.90500020980835,1656000,0.0,0.0
2001-02-28 00:00:00-05:00,7.90500020980835,8.489999771118164,7.90500020980835,8.244999885559082,4419400,0.0,0.0
2001-03-01 00:00:00-05:00,8.75,8.760000228881836,8.399999618530273,8.729999542236328,8462600,0.0,0.0
2001-03-02 00:00:00-05:00,8.729999542236328,8.880000114440918,8.53499984741211,8.779999732971191,4494200,0.0,0.0
2001-03-05 00:00:00-05:00,8.779999732971191,9.470000267028809,8.699999809265137,9.354999542236328,6693800,0.0,0.0
2001-03-06 00:00:00-05:00,9.25,9.4399995803833,8.994999885559082,9.104999542236328,3082200,0.0,0.0
2001-03-07 00:00:00-05:00,8.800000190734863,9.100000381469727,8.800000190734863,9.0649995803833,2320600,0.0,0.0
2001-03-08 00:00:00-05:00,9.050000190734863,9.050000190734863,8.824999809265137,8.885000228881836,2204800,0.0,0.0
2001-03-09 00:00:00-05:00,8.8149995803833,9.0,8.75,9.0,2260000,0.0,0.0
2001-03-12 00:00:00-05:00,8.949999809265137,9.34000015258789,8.789999961853027,8.975000381469727,3010000,0.0,0.0
2001-03-13 00:00:00-05:00,8.899999618530273,9.524999618530273,8.800000190734863,9.229999542236328,4375200,0.0,0.0
2001-03-14 00:00:00-05:00,8.949999809265137,9.239999771118164,8.899999618530273,9.0,1873800,0.0,0.0
2001-03-15 00:00:00-05:00,9.0,9.199999809265137,8.824999809265137,9.145000457763672,3518600,0.0,0.0
2001-03-16 00:00:00-05:00,9.050000190734863,9.399999618530273,9.029999732971191,9.225000381469727,4792200,0.0,0.0
2001-03-19 00:00:00-05:00,9.125,9.600000381469727,9.125,9.600000381469727,3712000,0.0,0.0
2001-03-20 00:00:00-05:00,9.5,9.550000190734863,9.265000343322754,9.289999961853027,3009400,0.0,0.0
2001-03-21 00:00:00-05:00,9.125,9.125,8.5649995803833,8.59000015258789,7880400,0.0,0.0
2001-03-22 00:00:00-05:00,8.75,8.75,8.255000114440918,8.539999961853027,3626000,0.0,0.0
2001-03-23 00:00:00-05:00,8.75,9.024999618530273,8.5,8.975000381469727,3497200,0.0,0.0
2001-03-26 00:00:00-05:00,9.350000381469727,9.550000190734863,9.149999618530273,9.414999961853027,3807000,0.0,0.0
2001-03-27 00:00:00-05:00,9.300000190734863,9.53499984741211,9.255000114440918,9.460000038146973,2608200,0.0,0.0
2001-03-28 00:00:00-05:00,9.399999618530273,9.640000343322754,9.354999542236328,9.574999809265137,2533200,0.0,0.0
2001-03-29 00:00:00-05:00,9.574999809265137,10.09000015258789,9.574999809265137,10.050000190734863,4901000,0.0,0.0
2001-03-30 00:00:00-05:00,10.350000381469727,10.395000457763672,9.899999618530273,10.09000015258789,4028400,0.0,0.0
2001-04-02 00:00:00-04:00,10.095000267028809,10.25,9.880000114440918,9.970000267028809,3838600,0.0,0.0
2001-04-03 00:00:00-04:00,9.970000267028809,10.0,9.300000190734863,9.6850004196167,4348800,0.0,0.0
2001-04-04 00:00:00-04:00,9.625,9.625,9.354999542236328,9.494999885559082,4631400,0.0,0.0
2001-04-05 00:00:00-04:00,9.5,9.640000343322754,8.449999809265137,8.899999618530273,4440200,0.0,0.0
2001-04-06 00:00:00-04:00,7.599999904632568,7.809999942779541,7.25,7.585000038146973,23080200,0.0,0.0
2001-04-09 00:00:00-04:00,7.599999904632568,7.875,7.574999809265137,7.775000095367432,5360200,0.0,0.0
2001-04-10 00:00:00-04:00,7.875,8.024999618530273,7.625,8.0,5116600,0.0,0.0
2001-04-11 00:00:00-04:00,8.0,8.104999542236328,7.695000171661377,7.974999904632568,5771000,0.0,0.0
2001-04-12 00:00:00-04:00,7.75,8.024999618530273,7.75,8.024999618530273,3669000,0.0,0.0
2001-04-16 00:00:00-04:00,7.949999809265137,7.954999923706055,7.679999828338623,7.824999809265137,4132200,0.0,0.0
2001-04-17 00:00:00-04:00,7.724999904632568,8.0600004196167,7.724999904632568,7.989999771118164,2231400,0.0,0.0
2001-04-18 00:00:00-04:00,7.864999771118164,8.225000381469727,7.75,8.100000381469727,3317600,0.0,0.0
2001-04-19 00:00:00-04:00,7.849999904632568,8.125,7.849999904632568,8.050000190734863,2790400,0.0,0.0
2001-04-20 00:00:00-04:00,8.0,8.03499984741211,7.75,7.96999979019165,3425400,0.0,0.0
2001-04-23 00:00:00-04:00,7.5,7.650000095367432,7.425000190734863,7.545000076293945,4306400,0.0,0.0
2001-04-24 00:00:00-04:00,7.574999809265137,7.59499979019165,7.425000190734863,7.5,3283000,0.0,0.0
2001-04-25 00:00:00-04:00,7.574999809265137,7.869999885559082,7.525000095367432,7.75,1761600,0.0,0.0
2001-04-26 00:00:00-04:00,7.574999809265137,7.885000228881836,7.429999828338623,7.565000057220459,2159200,0.0,0.0
2001-04-27 00:00:00-04:00,7.565000057220459,7.565000057220459,7.409999847412109,7.505000114440918,3255400,0.0,0.0
2001-04-30 00:00:00-04:00,7.574999809265137,8.055000305175781,7.460000038146973,7.940000057220459,3633200,0.0,0.0
2001-05-01 00:00:00-04:00,7.925000190734863,8.229999542236328,7.840000152587891,8.149999618530273,3025200,0.0,0.0
2001-05-02 00:00:00-04:00,8.149999618530273,8.175000190734863,7.885000228881836,7.934999942779541,2066400,0.0,0.0
2001-05-03 00:00:00-04:00,7.974999904632568,8.0,7.760000228881836,7.855000019073486,1143600,0.0,0.0
2001-05-04 00:00:00-04:00,7.824999809265137,7.894999980926514,7.675000190734863,7.795000076293945,1244400,0.0,0.0
2001-05-07 00:00:00-04:00,7.875,7.875,7.639999866485596,7.684999942779541,2496800,0.0,0.0
2001-05-08 00:00:00-04:00,7.684999942779541,7.900000095367432,7.565000057220459,7.764999866485596,3191400,0.0,0.0
2001-05-09 00:00:00-04:00,7.755000114440918,7.84499979019165,7.650000095367432,7.755000114440918,2049600,0.0,0.0
2001-05-10 00:00:00-04:00,7.75,7.755000114440918,7.585000038146973,7.644999980926514,1997400,0.0,0.0
2001-05-11 00:00:00-04:00,7.639999866485596,7.71999979019165,7.434999942779541,7.704999923706055,2473000,0.0,0.0
2001-05-14 00:00:00-04:00,7.579999923706055,7.699999809265137,7.574999809265137,7.639999866485596,2242400,0.0,0.0
2001-05-15 00:00:00-04:00,7.599999904632568,8.020000457763672,7.590000152587891,7.965000152587891,1999400,0.0,0.0
2001-05-16 00:00:00-04:00,7.804999828338623,8.100000381469727,7.804999828338623,8.024999618530273,3544800,0.0,0.0
2001-05-17 00:00:00-04:00,8.029999732971191,8.175000190734863,8.0,8.154999732971191,1771200,0.0,0.0
2001-05-18 00:00:00-04:00,8.180000305175781,8.239999771118164,7.994999885559082,8.1899995803833,1371400,0.0,0.0
2001-05-21 00:00:00-04:00,8.194999694824219,8.869999885559082,8.069999694824219,8.744999885559082,4351800,0.0,0.0
2001-05-22 00:00:00-04:00,8.800000190734863,8.800000190734863,8.479999542236328,8.574999809265137,2440800,0.0,0.0
2001-05-23 00:00:00-04:00,8.579999923706055,8.75,8.470000267028809,8.604999542236328,1816600,0.0,0.0
2001-05-24 00:00:00-04:00,8.5,8.675000190734863,8.324999809265137,8.625,1810000,0.0,0.0
2001-05-25 00:00:00-04:00,8.625,8.675000190734863,8.404999732971191,8.489999771118164,995400,0.0,0.0
2001-05-29 00:00:00-04:00,8.489999771118164,8.630000114440918,8.385000228881836,8.399999618530273,1839200,0.0,0.0
2001-05-30 00:00:00-04:00,8.449999809265137,8.675000190734863,8.399999618530273,8.614999771118164,3403800,0.0,0.0
2001-05-31 00:00:00-04:00,8.699999809265137,8.824999809265137,8.574999809265137,8.65999984741211,3482200,0.0,0.0
2001-06-01 00:00:00-04:00,8.640000343322754,8.640000343322754,8.5,8.630000114440918,3236800,0.0,0.0
2001-06-04 00:00:00-04:00,8.649999618530273,8.824999809265137,8.649999618530273,8.774999618530273,1543200,0.0,0.0
2001-06-05 00:00:00-04:00,8.774999618530273,9.125,8.774999618530273,8.984999656677246,3217000,0.0,0.0
2001-06-06 00:00:00-04:00,8.925000190734863,9.0,8.760000228881836,8.914999961853027,882600,0.0,0.0
2001-06-07 00:00:00-04:00,8.899999618530273,9.015000343322754,8.805000305175781,8.850000381469727,1327400,0.0,0.0
2001-06-08 00:00:00-04:00,8.824999809265137,8.850000381469727,8.75,8.765000343322754,1059000,0.0,0.0
2001-06-11 00:00:00-04:00,8.899999618530273,8.970000267028809,8.680000305175781,8.680000305175781,1360000,0.0,0.0
2001-06-12 00:00:00-04:00,8.600000381469727,9.024999618530273,8.600000381469727,8.859999656677246,2321600,0.0,0.0
2001-06-13 00:00:00-04:00,8.975000381469727,8.975000381469727,8.75,8.78499984741211,1032400,0.0,0.0
2001-06-14 00:00:00-04:00,8.789999961853027,8.854999542236328,8.609999656677246,8.680000305175781,1346400,0.0,0.0
2001-06-15 00:00:00-04:00,8.59000015258789,8.800000190734863,8.550000190734863,8.569999694824219,2981200,0.0,0.0
2001-06-18 00:00:00-04:00,8.539999961853027,8.604999542236328,8.475000381469727,8.585000038146973,1703600,0.0,0.0
2001-06-19 00:00:00-04:00,8.550000190734863,8.675000190734863,8.4399995803833,8.515000343322754,1880200,0.0,0.0
2001-06-20 00:00:00-04:00,8.550000190734863,9.390000343322754,8.524999618530273,9.199999809265137,3184400,0.0,0.0
2001-06-21 00:00:00-04:00,9.100000381469727,9.194999694824219,8.949999809265137,9.024999618530273,2075800,0.0,0.0
2001-06-22 00:00:00-04:00,9.005000114440918,9.100000381469727,8.789999961853027,8.859999656677246,1344200,0.0,0.0
2001-06-25 00:00:00-04:00,8.949999809265137,9.0,8.760000228881836,8.819999694824219,887200,0.0,0.0
2001-06-26 00:00:00-04:00,8.824999809265137,8.925000190734863,8.774999618530273,8.904999732971191,1074800,0.0,0.0
2001-06-27 00:00:00-04:00,8.875,8.899999618530273,8.774999618530273,8.854999542236328,709600,0.0,0.0
2001-06-28 00:00:00-04:00,8.850000381469727,9.09000015258789,8.649999618530273,8.755000114440918,1411600,0.0,0.0
2001-06-29 00:00:00-04:00,8.75,8.9350004196167,8.5,8.5,5201200,0.0,0.0
2001-07-02 00:00:00-04:00,8.604999542236328,8.819999694824219,8.574999809265137,8.779999732971191,2276600,0.0,0.0
2001-07-03 00:00:00-04:00,8.675000190734863,8.739999771118164,8.574999809265137,8.720000267028809,1253400,0.0,0.0
2001-07-05 00:00:00-04:00,8.699999809265137,8.805000305175781,8.664999961853027,8.6899995803833,2438000,0.0,0.0
2001-07-06 00:00:00-04:00,8.739999771118164,8.914999961853027,8.585000038146973,8.585000038146973,1820000,0.0,0.0
2001-07-09 00:00:00-04:00,8.585000038146973,8.84000015258789,8.515000343322754,8.755000114440918,1652800,0.0,0.0
2001-07-10 00:00:00-04:00,8.774999618530273,8.850000381469727,8.680000305175781,8.734999656677246,2319200,0.0,0.0
2001-07-11 00:00:00-04:00,8.739999771118164,9.079999923706055,8.720000267028809,8.979999542236328,3121200,0.0,0.0
2001-07-12 00:00:00-04:00,9.050000190734863,9.069999694824219,8.774999618530273,8.890000343322754,1340200,0.0,0.0
2001-07-13 00:00:00-04:00,8.925000190734863,9.079999923706055,8.899999618530273,8.994999885559082,1130000,0.0,0.0
2001-07-16 00:00:00-04:00,9.0,9.085000038146973,8.925000190734863,9.010000228881836,1484600,0.0,0.0
2001-07-17 00:00:00-04:00,9.0600004196167,9.074999809265137,8.949999809265137,8.989999771118164,1089600,0.0,0.0
2001-07-18 00:00:00-04:00,8.899999618530273,9.100000381469727,8.850000381469727,8.984999656677246,1895000,0.0,0.0
2001-07-19 00:00:00-04:00,9.024999618530273,9.300000190734863,8.975000381469727,9.005000114440918,2813000,0.0,0.0
2001-07-20 00:00:00-04:00,9.050000190734863,9.199999809265137,9.0,9.130000114440918,2037800,0.0,0.0
2001-07-23 00:00:00-04:00,9.125,9.220000267028809,8.975000381469727,9.0,907800,0.0,0.0
2001-07-24 00:00:00-04:00,9.0,9.175000190734863,8.904999732971191,9.0,923400,0.0,0.0
2001-07-25 00:00:00-04:00,9.0,9.239999771118164,8.960000038146973,9.239999771118164,960800,0.0,0.0
2001-07-26 00:00:00-04:00,9.175000190734863,9.34000015258789,8.949999809265137,9.074999809265137,1415600,0.0,0.0
2001-07-27 00:00:00-04:00,9.125,9.335000038146973,9.100000381469727,9.125,1701200,0.0,0.0
2001-07-30 00:00:00-04:00,9.225000381469727,9.399999618530273,9.024999618530273,9.1850004196167,1117000,0.0,0.0
2001-07-31 00:00:00-04:00,9.239999771118164,9.25,9.005000114440918,9.005000114440918,2499000,0.0,0.0
2001-08-01 00:00:00-04:00,9.050000190734863,9.194999694824219,8.944999694824219,8.989999771118164,1529400,0.0,0.0
2001-08-02 00:00:00-04:00,9.25,9.319999694824219,9.03499984741211,9.074999809265137,2939200,0.0,0.0
2001-08-03 00:00:00-04:00,9.074999809265137,9.25,8.979999542236328,9.130000114440918,1173800,0.0,0.0
2001-08-06 00:00:00-04:00,9.104999542236328,9.46500015258789,9.104999542236328,9.1899995803833,2047200,0.0,0.0
2001-08-07 00:00:00-04:00,9.350000381469727,9.550000190734863,9.300000190734863,9.449999809265137,3399200,0.0,0.0
2001-08-08 00:00:00-04:00,9.449999809265137,9.449999809265137,9.119999885559082,9.140000343322754,2452600,0.0,0.0
2001-08-09 00:00:00-04:00,9.199999809265137,9.364999771118164,9.119999885559082,9.244999885559082,1094200,0.0,0.0
2001-08-10 00:00:00-04:00,9.345000267028809,9.489999771118164,9.210000038146973,9.225000381469727,1948200,0.0,0.0
2001-08-13 00:00:00-04:00,9.289999961853027,9.625,9.274999618530273,9.550000190734863,1559800,0.0,0.0
2001-08-14 00:00:00-04:00,9.5,9.619999885559082,9.295000076293945,9.319999694824219,3072000,0.0,0.0
2001-08-15 00:00:00-04:00,9.350000381469727,9.494999885559082,9.300000190734863,9.425000190734863,1630200,0.0,0.0
2001-08-16 00:00:00-04:00,9.350000381469727,9.399999618530273,9.25,9.364999771118164,1687600,0.0,0.0
2001-08-17 00:00:00-04:00,9.350000381469727,9.369999885559082,9.220000267028809,9.274999618530273,984200,0.0,0.0
2001-08-20 00:00:00-04:00,9.210000038146973,9.274999618530273,9.0,9.25,2682400,0.0,0.0
2001-08-21 00:00:00-04:00,9.274999618530273,9.699999809265137,9.199999809265137,9.3149995803833,4607000,0.0,0.0
2001-08-22 00:00:00-04:00,9.329999923706055,9.5,9.3100004196167,9.359999656677246,1892800,0.0,0.0
2001-08-23 00:00:00-04:00,9.3100004196167,9.739999771118164,9.300000190734863,9.550000190734863,1449800,0.0,0.0
2001-08-24 00:00:00-04:00,9.925000190734863,9.925000190734863,9.699999809265137,9.800000190734863,3069000,0.0,0.0
2001-08-27 00:00:00-04:00,9.800000190734863,9.925000190734863,9.779999732971191,9.78499984741211,1534200,0.0,0.0
2001-08-28 00:00:00-04:00,9.75,9.895000457763672,9.725000381469727,9.739999771118164,2758600,0.0,0.0
2001-08-29 00:00:00-04:00,9.774999618530273,9.774999618530273,9.494999885559082,9.505000114440918,1407600,0.0,0.0
2001-08-30 00:00:00-04:00,9.505000114440918,9.574999809265137,9.324999809265137,9.449999809265137,2583200,0.0,0.0
2001-08-31 00:00:00-04:00,9.4399995803833,9.600000381469727,9.4399995803833,9.550000190734863,2035400,0.0,0.0
2001-09-04 00:00:00-04:00,9.475000381469727,9.975000381469727,9.454999923706055,9.824999809265137,6962800,0.0,0.0
2001-09-05 00:00:00-04:00,9.899999618530273,10.024999618530273,9.710000038146973,9.880000114440918,5444400,0.0,0.0
2001-09-06 00:00:00-04:00,9.774999618530273,9.850000381469727,9.5600004196167,9.699999809265137,2389000,0.0,0.0
2001-09-07 00:00:00-04:00,9.625,9.694999694824219,8.494999885559082,9.149999618530273,8324200,0.0,0.0
2001-09-10 00:00:00-04:00,9.375,9.449999809265137,9.260000228881836,9.449999809265137,2870400,0.0,0.0
2001-09-17 00:00:00-04:00,8.600000381469727,9.050000190734863,8.505000114440918,8.84000015258789,3037400,0.0,0.0
2001-09-18 00:00:00-04:00,8.84000015258789,9.369999885559082,8.84000015258789,9.039999961853027,3649600,0.0,0.0
2001-09-19 00:00:00-04:00,9.149999618530273,9.399999618530273,8.720000267028809,9.024999618530273,4376800,0.0,0.0
2001-09-20 00:00:00-04:00,8.800000190734863,9.34000015258789,8.699999809265137,9.050000190734863,4452000,0.0,0.0
2001-09-21 00:00:00-04:00,8.774999618530273,9.484999656677246,8.649999618530273,9.25,7246800,0.0,0.0
2001-09-24 00:00:00-04:00,9.625,10.5,9.3149995803833,10.300000190734863,15142000,0.0,0.0
2001-09-25 00:00:00-04:00,10.5,10.5,9.774999618530273,9.824999809265137,13148800,0.0,0.0
2001-09-26 00:00:00-04:00,9.725000381469727,9.984999656677246,9.694999694824219,9.949999809265137,4682000,0.0,0.0
2001-09-27 00:00:00-04:00,9.899999618530273,10.199999809265137,9.899999618530273,10.180000305175781,5141200,0.0,0.0
2001-09-28 00:00:00-04:00,10.25,10.324999809265137,10.079999923706055,10.25,6970000,0.0,0.0
2001-10-01 00:00:00-04:00,10.399999618530273,10.479999542236328,10.149999618530273,10.270000457763672,3895000,0.0,0.0
2001-10-02 00:00:00-04:00,10.324999809265137,10.494999885559082,10.154999732971191,10.494999885559082,4079000,0.0,0.0
2001-10-03 00:00:00-04:00,10.25,10.739999771118164,10.199999809265137,10.675000190734863,6557000,0.0,0.0
2001-10-04 00:00:00-04:00,10.75,11.234999656677246,10.75,10.949999809265137,9523400,0.0,0.0
2001-10-05 00:00:00-04:00,10.949999809265137,11.375,10.824999809265137,11.3149995803833,6715200,0.0,0.0
2001-10-08 00:00:00-04:00,11.0,11.15999984741211,10.9350004196167,11.050000190734863,2562000,0.0,0.0
2001-10-09 00:00:00-04:00,11.0600004196167,11.289999961853027,10.975000381469727,11.0,5480800,0.0,0.0
2001-10-10 00:00:00-04:00,11.125,11.154999732971191,10.850000381469727,10.850000381469727,5351400,0.0,0.0
2001-10-11 00:00:00-04:00,10.800000190734863,11.0,10.600000381469727,10.989999771118164,4781400,0.0,0.0
2001-10-12 00:00:00-04:00,10.989999771118164,11.095000267028809,10.90999984741211,11.079999923706055,3014200,0.0,0.0
2001-10-15 00:00:00-04:00,11.0,11.425000190734863,10.899999618530273,11.350000381469727,3328600,0.0,0.0
2001-10-16 00:00:00-04:00,11.300000190734863,11.75,11.25,11.720000267028809,4088600,0.0,0.0
2001-10-17 00:00:00-04:00,11.720000267028809,11.75,10.84000015258789,11.074999809265137,4262000,0.0,0.0
2001-10-18 00:00:00-04:00,11.079999923706055,11.130000114440918,10.744999885559082,10.914999961853027,2938200,0.0,0.0
2001-10-19 00:00:00-04:00,10.824999809265137,11.470000267028809,10.824999809265137,11.345000267028809,2588200,0.0,0.0
2001-10-22 00:00:00-04:00,11.350000381469727,11.444999694824219,10.949999809265137,11.119999885559082,3501400,0.0,0.0
2001-10-23 00:00:00-04:00,11.425000190734863,11.75,11.175000190734863,11.375,5872200,0.0,0.0
2001-10-24 00:00:00-04:00,11.375,11.699999809265137,11.369999885559082,11.555000305175781,4456000,0.0,0.0
2001-10-25 00:00:00-04:00,11.475000381469727,11.574999809265137,11.390000343322754,11.550000190734863,2222400,0.0,0.0
2001-10-26 00:00:00-04:00,11.449999809265137,11.75,11.449999809265137,11.680000305175781,2646400,0.0,0.0
2001-10-29 00:00:00-05:00,11.53499984741211,11.720000267028809,11.425000190734863,11.470000267028809,2456400,0.0,0.0
2001-10-30 00:00:00-05:00,11.475000381469727,11.5,11.300000190734863,11.380000114440918,2386800,0.0,0.0
2001-10-31 00:00:00-05:00,11.380000114440918,11.494999885559082,11.265000343322754,11.369999885559082,2981800,0.0,0.0
2001-11-01 00:00:00-05:00,11.5,11.774999618530273,11.425000190734863,11.75,5761000,0.0,0.0
2001-11-02 00:00:00-05:00,11.75,12.225000381469727,11.75,11.895000457763672,4968000,0.0,0.0
2001-11-05 00:00:00-05:00,12.050000190734863,12.350000381469727,11.925000190734863,12.135000228881836,3697600,0.0,0.0
2001-11-06 00:00:00-05:00,12.100000381469727,12.149999618530273,11.875,12.104999542236328,1728200,0.0,0.0
2001-11-07 00:00:00-05:00,12.085000038146973,12.145000457763672,11.880000114440918,11.925000190734863,1635000,0.0,0.0
2001-11-08 00:00:00-05:00,11.975000381469727,12.024999618530273,11.739999771118164,11.800000190734863,1804600,0.0,0.0
2001-11-09 00:00:00-05:00,11.800000190734863,11.819999694824219,11.5,11.614999771118164,1579600,0.0,0.0
2001-11-12 00:00:00-05:00,11.600000381469727,11.614999771118164,11.25,11.550000190734863,2234400,0.0,0.0
2001-11-13 00:00:00-05:00,11.699999809265137,11.899999618530273,11.25,11.5649995803833,3364200,0.0,0.0
2001-11-14 00:00:00-05:00,11.6899995803833,11.725000381469727,11.454999923706055,11.550000190734863,1589800,0.0,0.0
2001-11-15 00:00:00-05:00,11.649999618530273,11.845000267028809,11.649999618530273,11.800000190734863,2022000,0.0,0.0
2001-11-16 00:00:00-05:00,11.850000381469727,12.305000305175781,11.850000381469727,12.274999618530273,3358600,0.0,0.0
2001-11-19 00:00:00-05:00,12.475000381469727,12.524999618530273,12.180000305175781,12.5,3806000,0.0,0.0
2001-11-20 00:00:00-05:00,12.5,13.28499984741211,12.460000038146973,13.25,6432800,0.0,0.0
2001-11-21 00:00:00-05:00,13.125,13.494999885559082,13.125,13.329999923706055,4245800,0.0,0.0
2001-11-23 00:00:00-05:00,13.335000038146973,13.944999694824219,13.335000038146973,13.84000015258789,2290800,0.0,0.0
2001-11-26 00:00:00-05:00,13.84000015258789,13.84000015258789,13.25,13.454999923706055,5811600,0.0,0.0
2001-11-27 00:00:00-05:00,13.300000190734863,13.524999618530273,13.175000190734863,13.475000381469727,4817400,0.0,0.0
2001-11-28 00:00:00-05:00,13.375,13.545000076293945,13.279999732971191,13.399999618530273,4644000,0.0,0.0
2001-11-29 00:00:00-05:00,13.399999618530273,13.505000114440918,13.225000381469727,13.324999809265137,3311000,0.0,0.0
2001-11-30 00:00:00-05:00,13.449999809265137,13.75,13.274999618530273,13.300000190734863,5167600,0.0,0.0
2001-12-03 00:00:00-05:00,13.375,13.625,13.279999732971191,13.414999961853027,3455800,0.0,0.0
2001-12-04 00:00:00-05:00,13.489999771118164,13.524999618530273,13.274999618530273,13.399999618530273,2770800,0.0,0.0
2001-12-05 00:00:00-05:00,13.399999618530273,13.619999885559082,13.180000305175781,13.25,5998800,0.0,0.0
2001-12-06 00:00:00-05:00,13.274999618530273,13.300000190734863,12.949999809265137,13.130000114440918,4983000,0.0,0.0
2001-12-07 00:00:00-05:00,13.350000381469727,13.350000381469727,12.225000381469727,12.574999809265137,12024000,0.0,0.0
2001-12-10 00:00:00-05:00,12.550000190734863,13.015000343322754,12.5,12.78499984741211,6253400,0.0,0.0
2001-12-11 00:00:00-05:00,12.925000190734863,13.164999961853027,12.850000381469727,12.949999809265137,3336400,0.0,0.0
2001-12-12 00:00:00-05:00,12.824999809265137,12.899999618530273,12.510000228881836,12.585000038146973,2535000,0.0,0.0
2001-12-13 00:00:00-05:00,12.385000228881836,12.725000381469727,12.324999809265137,12.494999885559082,1534200,0.0,0.0
2001-12-14 00:00:00-05:00,12.300000190734863,12.430000305175781,12.0,12.430000305175781,3709000,0.0,0.0
2001-12-17 00:00:00-05:00,12.475000381469727,12.550000190734863,12.425000190734863,12.5,3544200,0.0,0.0
2001-12-18 00:00:00-05:00,12.574999809265137,12.574999809265137,12.074999809265137,12.28499984741211,2091800,0.0,0.0
2001-12-19 00:00:00-05:00,12.175000190734863,12.404999732971191,11.899999618530273,12.329999923706055,2576200,0.0,0.0
2001-12-20 00:00:00-05:00,12.289999961853027,12.329999923706055,12.03499984741211,12.229999542236328,2162600,0.0,0.0
2001-12-21 00:00:00-05:00,12.324999809265137,12.5,11.925000190734863,12.399999618530273,5175600,0.0,0.0
2001-12-24 00:00:00-05:00,12.5,12.5,12.399999618530273,12.454999923706055,964200,0.0,0.0
2001-12-26 00:00:00-05:00,12.460000038146973,12.489999771118164,12.300000190734863,12.319999694824219,1301800,0.0,0.0
2001-12-27 00:00:00-05:00,12.300000190734863,12.449999809265137,11.984999656677246,12.199999809265137,1943000,0.0,0.0
2001-12-28 00:00:00-05:00,12.199999809265137,12.385000228881836,12.154999732971191,12.295000076293945,1598800,0.0,0.0
2001-12-31 00:00:00-05:00,12.295000076293945,12.305000305175781,12.0600004196167,12.0600004196167,2362200,0.0,0.0
2002-01-02 00:00:00-05:00,11.899999618530273,12.0,11.074999809265137,11.375,7152600,0.0,0.0
2002-01-03 00:00:00-05:00,11.449999809265137,11.449999809265137,10.90999984741211,11.104999542236328,6767200,0.0,0.0
2002-01-04 00:00:00-05:00,11.074999809265137,11.425000190734863,11.0600004196167,11.354999542236328,6517800,0.0,0.0
2002-01-07 00:00:00-05:00,11.354999542236328,11.524999618530273,11.354999542236328,11.5,4785200,0.0,0.0
2002-01-08 00:00:00-05:00,11.364999771118164,11.5,11.180000305175781,11.479999542236328,3277400,0.0,0.0
2002-01-09 00:00:00-05:00,11.375,11.449999809265137,11.244999885559082,11.375,5730200,0.0,0.0
2002-01-10 00:00:00-05:00,11.125,11.295000076293945,11.0649995803833,11.170000076293945,2267600,0.0,0.0
2002-01-11 00:00:00-05:00,11.149999618530273,11.244999885559082,11.104999542236328,11.194999694824219,1479400,0.0,0.0
2002-01-14 00:00:00-05:00,11.149999618530273,11.199999809265137,10.944999694824219,11.024999618530273,1981600,0.0,0.0
2002-01-15 00:00:00-05:00,11.024999618530273,11.425000190734863,10.954999923706055,11.34000015258789,3660200,0.0,0.0
2002-01-16 00:00:00-05:00,10.699999809265137,11.0,10.239999771118164,10.6899995803833,13693200,0.0,0.0
2002-01-17 00:00:00-05:00,10.675000190734863,11.220000267028809,10.505000114440918,10.670000076293945,7212000,0.0,0.0
2002-01-18 00:00:00-05:00,10.550000190734863,10.664999961853027,10.375,10.555000305175781,2264400,0.0,0.0
2002-01-22 00:00:00-05:00,10.574999809265137,11.145000457763672,10.569999694824219,11.0,6130000,0.0,0.0
2002-01-23 00:00:00-05:00,11.0,11.045000076293945,10.885000228881836,10.925000190734863,3504600,0.0,0.0
2002-01-24 00:00:00-05:00,11.199999809265137,11.239999771118164,10.975000381469727,11.09000015258789,3674000,0.0,0.0
2002-01-25 00:00:00-05:00,11.199999809265137,11.324999809265137,11.09000015258789,11.100000381469727,3837800,0.0,0.0
2002-01-28 00:00:00-05:00,11.074999809265137,11.125,10.925000190734863,11.020000457763672,2431600,0.0,0.0
2002-01-29 00:00:00-05:00,11.024999618530273,11.024999618530273,10.6899995803833,10.899999618530273,3256400,0.0,0.0
2002-01-30 00:00:00-05:00,11.024999618530273,11.260000228881836,10.875,11.024999618530273,2211400,0.0,0.0
2002-01-31 00:00:00-05:00,11.024999618530273,11.279999732971191,11.024999618530273,11.234999656677246,1573400,0.0,0.0
2002-02-01 00:00:00-05:00,11.100000381469727,11.449999809265137,11.045000076293945,11.079999923706055,1970400,0.0,0.0
2002-02-04 00:00:00-05:00,10.9399995803833,11.024999618530273,10.6850004196167,10.755000114440918,1991600,0.0,0.0
2002-02-05 00:00:00-05:00,10.649999618530273,11.079999923706055,10.649999618530273,10.970000267028809,2047800,0.0,0.0
2002-02-06 00:00:00-05:00,11.0,11.274999618530273,10.899999618530273,10.970000267028809,3349800,0.0,0.0
2002-02-07 00:00:00-05:00,10.800000190734863,11.079999923706055,10.774999618530273,10.864999771118164,1890800,0.0,0.0
2002-02-08 00:00:00-05:00,11.625,11.994999885559082,11.475000381469727,11.734999656677246,7459400,0.0,0.0
2002-02-11 00:00:00-05:00,11.824999809265137,11.975000381469727,11.795000076293945,11.824999809265137,4383800,0.0,0.0
2002-02-12 00:00:00-05:00,11.824999809265137,11.850000381469727,11.4399995803833,11.795000076293945,4631200,0.0,0.0
2002-02-13 00:00:00-05:00,11.850000381469727,12.039999961853027,11.800000190734863,11.850000381469727,5892200,0.0,0.0
2002-02-14 00:00:00-05:00,12.0,12.529999732971191,12.0,12.375,6221200,0.0,0.0
2002-02-15 00:00:00-05:00,12.5,12.524999618530273,12.324999809265137,12.4350004196167,2931000,0.0,0.0
2002-02-19 00:00:00-05:00,12.395000457763672,12.550000190734863,12.225000381469727,12.345000267028809,3906800,0.0,0.0
2002-02-20 00:00:00-05:00,12.300000190734863,12.375,11.944999694824219,12.28499984741211,2942600,0.0,0.0
2002-02-21 00:00:00-05:00,12.125,12.300000190734863,11.720000267028809,11.770000457763672,3338200,0.0,0.0
2002-02-22 00:00:00-05:00,11.5,11.864999771118164,11.5,11.670000076293945,3540400,0.0,0.0
2002-02-25 00:00:00-05:00,11.819999694824219,11.819999694824219,11.274999618530273,11.380000114440918,4835800,0.0,0.0
2002-02-26 00:00:00-05:00,11.0,11.25,10.875,11.125,9247400,0.0,0.0
2002-02-27 00:00:00-05:00,11.25,11.4350004196167,11.170000076293945,11.4350004196167,3139000,0.0,0.0
2002-02-28 00:00:00-05:00,11.475000381469727,11.649999618530273,11.140000343322754,11.180000305175781,2721800,0.0,0.0
2002-03-01 00:00:00-05:00,11.300000190734863,11.645000457763672,11.175000190734863,11.619999885559082,3814400,0.0,0.0
2002-03-04 00:00:00-05:00,11.800000190734863,11.875,11.364999771118164,11.524999618530273,2801600,0.0,0.0
2002-03-05 00:00:00-05:00,11.524999618530273,11.524999618530273,10.824999809265137,10.824999809265137,5346000,0.0,0.0
2002-03-06 00:00:00-05:00,11.0,11.149999618530273,10.925000190734863,11.0,3833000,0.0,0.0
2002-03-07 00:00:00-05:00,11.0,11.225000381469727,10.710000038146973,10.8100004196167,5540800,0.0,0.0
2002-03-08 00:00:00-05:00,11.0,11.199999809265137,10.805000305175781,11.199999809265137,3082600,0.0,0.0
2002-03-11 00:00:00-05:00,11.300000190734863,11.529999732971191,11.085000038146973,11.5,5099200,0.0,0.0
2002-03-12 00:00:00-05:00,11.574999809265137,11.930000305175781,11.574999809265137,11.930000305175781,6027400,0.0,0.0
2002-03-13 00:00:00-05:00,11.850000381469727,12.170000076293945,11.729999542236328,11.954999923706055,3655400,0.0,0.0
2002-03-14 00:00:00-05:00,11.925000190734863,12.050000190734863,11.625,11.720000267028809,2366200,0.0,0.0
2002-03-15 00:00:00-05:00,11.850000381469727,12.104999542236328,11.824999809265137,12.029999732971191,5178600,0.0,0.0
2002-03-18 00:00:00-05:00,12.199999809265137,12.454999923706055,12.0600004196167,12.170000076293945,3393800,0.0,0.0
2002-03-19 00:00:00-05:00,12.0,12.75,11.800000190734863,12.324999809265137,6603600,0.0,0.0
2002-03-20 00:00:00-05:00,12.25,12.489999771118164,12.180000305175781,12.34000015258789,2759400,0.0,0.0
2002-03-21 00:00:00-05:00,12.324999809265137,12.5,12.319999694824219,12.350000381469727,4005400,0.0,0.0
2002-03-22 00:00:00-05:00,12.625,12.680000305175781,12.329999923706055,12.375,6641600,0.0,0.0
2002-03-25 00:00:00-05:00,12.399999618530273,12.425000190734863,12.180000305175781,12.234999656677246,4720600,0.0,0.0
2002-03-26 00:00:00-05:00,12.100000381469727,12.274999618530273,12.100000381469727,12.199999809265137,2773000,0.0,0.0
2002-03-27 00:00:00-05:00,12.074999809265137,12.4350004196167,12.074999809265137,12.390000343322754,3325200,0.0,0.0
2002-03-28 00:00:00-05:00,12.270000457763672,12.739999771118164,12.270000457763672,12.545000076293945,7923400,0.0,0.0
2002-04-01 00:00:00-05:00,12.5,12.5,12.175000190734863,12.395000457763672,1428200,0.0,0.0
2002-04-02 00:00:00-05:00,12.350000381469727,12.600000381469727,12.199999809265137,12.454999923706055,2247600,0.0,0.0
2002-04-03 00:00:00-05:00,12.454999923706055,12.454999923706055,12.15999984741211,12.270000457763672,1918400,0.0,0.0
2002-04-04 00:00:00-05:00,12.225000381469727,12.324999809265137,12.140000343322754,12.244999885559082,2863600,0.0,0.0
2002-04-05 00:00:00-05:00,12.244999885559082,12.289999961853027,12.145000457763672,12.175000190734863,1967000,0.0,0.0
2002-04-08 00:00:00-04:00,12.175000190734863,12.350000381469727,12.130000114440918,12.225000381469727,2476200,0.0,0.0
2002-04-09 00:00:00-04:00,12.1899995803833,12.350000381469727,12.100000381469727,12.3100004196167,2160000,0.0,0.0
2002-04-10 00:00:00-04:00,12.324999809265137,12.574999809265137,12.25,12.420000076293945,2116000,0.0,0.0
2002-04-11 00:00:00-04:00,12.420000076293945,12.75,12.375,12.654999732971191,1995800,0.0,0.0
2002-04-12 00:00:00-04:00,12.925000190734863,13.1899995803833,12.824999809265137,13.0,4402800,0.0,0.0
2002-04-15 00:00:00-04:00,12.949999809265137,13.300000190734863,12.850000381469727,13.125,7945200,0.0,0.0
2002-04-16 00:00:00-04:00,13.100000381469727,13.175000190734863,12.930000305175781,13.010000228881836,2654400,0.0,0.0
2002-04-17 00:00:00-04:00,13.25,13.25,12.324999809265137,12.444999694824219,13353400,0.0,0.0
2002-04-18 00:00:00-04:00,12.5,12.625,12.375,12.569999694824219,2903200,0.0,0.0
2002-04-19 00:00:00-04:00,12.675000190734863,12.739999771118164,12.375,12.630000114440918,2758800,0.0,0.0
2002-04-22 00:00:00-04:00,12.375,12.479999542236328,12.25,12.295000076293945,2969400,0.0,0.0
2002-04-23 00:00:00-04:00,12.350000381469727,12.425000190734863,12.260000228881836,12.28499984741211,2229000,0.0,0.0
2002-04-24 00:00:00-04:00,12.350000381469727,12.425000190734863,12.149999618530273,12.199999809265137,3118800,0.0,0.0
2002-04-25 00:00:00-04:00,12.225000381469727,12.350000381469727,12.020000457763672,12.319999694824219,2069800,0.0,0.0
2002-04-26 00:00:00-04:00,12.5,12.524999618530273,12.25,12.345000267028809,1535600,0.0,0.0
2002-04-29 00:00:00-04:00,12.274999618530273,12.289999961853027,12.03499984741211,12.114999771118164,3111200,0.0,0.0
2002-04-30 00:00:00-04:00,12.114999771118164,12.494999885559082,11.96500015258789,12.460000038146973,2058000,0.0,0.0
2002-05-01 00:00:00-04:00,12.414999961853027,12.579999923706055,12.300000190734863,12.579999923706055,2066000,0.0,0.0
2002-05-02 00:00:00-04:00,12.574999809265137,13.0,12.449999809265137,12.5,3784600,0.0,0.0
2002-05-03 00:00:00-04:00,12.625,12.625,12.350000381469727,12.390000343322754,1453000,0.0,0.0
2002-05-06 00:00:00-04:00,12.350000381469727,12.350000381469727,12.100000381469727,12.140000343322754,1942600,0.0,0.0
2002-05-07 00:00:00-04:00,12.239999771118164,12.425000190734863,12.119999885559082,12.34000015258789,2222600,0.0,0.0
2002-05-08 00:00:00-04:00,12.46500015258789,12.625,12.399999618530273,12.600000381469727,2604600,0.0,0.0
2002-05-09 00:00:00-04:00,12.510000228881836,12.625,12.375,12.454999923706055,1837200,0.0,0.0
2002-05-10 00:00:00-04:00,12.460000038146973,12.725000381469727,12.404999732971191,12.449999809265137,2425400,0.0,0.0
2002-05-13 00:00:00-04:00,12.449999809265137,12.539999961853027,12.399999618530273,12.460000038146973,1085400,0.0,0.0
2002-05-14 00:00:00-04:00,12.475000381469727,12.625,12.34000015258789,12.5649995803833,1693400,0.0,0.0
2002-05-15 00:00:00-04:00,12.489999771118164,12.569999694824219,12.444999694824219,12.470000267028809,1289600,0.0,0.0
2002-05-16 00:00:00-04:00,12.449999809265137,12.854999542236328,12.03499984741211,12.65999984741211,4214600,0.0,0.0
2002-05-17 00:00:00-04:00,12.670000076293945,12.869999885559082,12.585000038146973,12.800000190734863,3306800,0.0,0.0
2002-05-20 00:00:00-04:00,12.774999618530273,13.265000343322754,12.609999656677246,13.149999618530273,4190200,0.0,0.0
2002-05-21 00:00:00-04:00,13.335000038146973,13.404999732971191,13.154999732971191,13.364999771118164,3728200,0.0,0.0
2002-05-22 00:00:00-04:00,13.210000038146973,13.210000038146973,12.914999961853027,13.074999809265137,5724600,0.0,0.0
2002-05-23 00:00:00-04:00,13.324999809265137,13.774999618530273,13.175000190734863,13.765000343322754,4353200,0.0,0.0
2002-05-24 00:00:00-04:00,13.699999809265137,13.850000381469727,13.300000190734863,13.475000381469727,5077800,0.0,0.0
2002-05-28 00:00:00-04:00,13.399999618530273,13.430000305175781,13.09000015258789,13.305000305175781,3736600,0.0,0.0
2002-05-29 00:00:00-04:00,13.324999809265137,13.984999656677246,13.324999809265137,13.569999694824219,6808600,0.0,0.0
2002-05-30 00:00:00-04:00,13.5,13.71500015258789,13.399999618530273,13.699999809265137,5203800,0.0,0.0
2002-05-31 00:00:00-04:00,13.625,13.954999923706055,13.550000190734863,13.925000190734863,5137400,0.0,0.0
2002-06-03 00:00:00-04:00,13.875,13.925000190734863,13.425000190734863,13.595000267028809,3098800,0.0,0.0
2002-06-04 00:00:00-04:00,13.524999618530273,13.649999618530273,13.029999732971191,13.274999618530273,3725600,0.0,0.0
2002-06-05 00:00:00-04:00,13.260000228881836,13.579999923706055,13.079999923706055,13.199999809265137,4158800,0.0,0.0
2002-06-06 00:00:00-04:00,13.25,13.274999618530273,12.925000190734863,13.145000457763672,1647400,0.0,0.0
2002-06-07 00:00:00-04:00,13.145000457763672,13.145000457763672,12.850000381469727,13.010000228881836,2401400,0.0,0.0
2002-06-10 00:00:00-04:00,13.024999618530273,13.274999618530273,12.975000381469727,13.175000190734863,2219400,0.0,0.0
2002-06-11 00:00:00-04:00,13.149999618530273,13.324999809265137,12.75,13.0,3669400,0.0,0.0
2002-06-12 00:00:00-04:00,12.774999618530273,12.800000190734863,12.225000381469727,12.5600004196167,5072000,0.0,0.0
2002-06-13 00:00:00-04:00,12.5,13.774999618530273,12.449999809265137,13.430000305175781,11551600,0.0,0.0
2002-06-14 00:00:00-04:00,13.375,13.739999771118164,12.850000381469727,13.625,5795400,0.0,0.0
2002-06-17 00:00:00-04:00,13.824999809265137,14.295000076293945,13.704999923706055,14.194999694824219,6492200,0.0,0.0
2002-06-18 00:00:00-04:00,14.194999694824219,14.414999961853027,14.100000381469727,14.375,4024800,0.0,0.0
2002-06-19 00:00:00-04:00,14.375,15.020000457763672,14.199999809265137,14.755000114440918,5859800,0.0,0.0
2002-06-20 00:00:00-04:00,15.850000381469727,16.25,15.595000267028809,15.824999809265137,12168200,0.0,0.0
2002-06-21 00:00:00-04:00,15.550000190734863,15.774999618530273,15.420000076293945,15.53499984741211,6482200,0.0,0.0
2002-06-24 00:00:00-04:00,15.350000381469727,16.0,15.0,15.765000343322754,4483000,0.0,0.0
2002-06-25 00:00:00-04:00,15.75,15.755000114440918,15.300000190734863,15.444999694824219,4462800,0.0,0.0
2002-06-26 00:00:00-04:00,15.444999694824219,15.899999618530273,15.029999732971191,15.835000038146973,7105400,0.0,0.0
2002-06-27 00:00:00-04:00,16.075000762939453,16.075000762939453,15.109999656677246,15.425000190734863,6310400,0.0,0.0
2002-06-28 00:00:00-04:00,15.375,15.380000114440918,14.65999984741211,14.65999984741211,6676600,0.0,0.0
2002-07-01 00:00:00-04:00,14.774999618530273,14.949999809265137,14.319999694824219,14.364999771118164,4706400,0.0,0.0
2002-07-02 00:00:00-04:00,14.489999771118164,14.489999771118164,13.96500015258789,14.0,3702400,0.0,0.0
2002-07-03 00:00:00-04:00,13.800000190734863,14.600000381469727,13.800000190734863,14.225000381469727,3695600,0.0,0.0
2002-07-05 00:00:00-04:00,14.5,14.699999809265137,14.279999732971191,14.675000190734863,1262400,0.0,0.0
2002-07-08 00:00:00-04:00,14.5,14.649999618530273,14.25,14.255000114440918,3608600,0.0,0.0
2002-07-09 00:00:00-04:00,14.255000114440918,14.600000381469727,13.850000381469727,13.9350004196167,6384200,0.0,0.0
2002-07-10 00:00:00-04:00,13.930000305175781,13.949999809265137,13.149999618530273,13.300000190734863,3777600,0.0,0.0
2002-07-11 00:00:00-04:00,13.289999961853027,13.555000305175781,12.805000305175781,13.539999961853027,5753200,0.0,0.0
2002-07-12 00:00:00-04:00,13.539999961853027,13.899999618530273,13.385000228881836,13.5600004196167,4185000,0.0,0.0
2002-07-15 00:00:00-04:00,13.699999809265137,13.725000381469727,12.3100004196167,13.300000190734863,7410000,0.0,0.0
2002-07-16 00:00:00-04:00,13.050000190734863,13.75,13.020000457763672,13.494999885559082,5057200,0.0,0.0
2002-07-17 00:00:00-04:00,13.9350004196167,14.100000381469727,13.149999618530273,13.46500015258789,6279200,0.0,0.0
2002-07-18 00:00:00-04:00,13.550000190734863,13.585000038146973,12.875,13.0,3355000,0.0,0.0
2002-07-19 00:00:00-04:00,13.0,13.0,12.345000267028809,12.350000381469727,3649800,0.0,0.0
2002-07-22 00:00:00-04:00,12.350000381469727,12.875,12.135000228881836,12.199999809265137,4653200,0.0,0.0
2002-07-23 00:00:00-04:00,12.109999656677246,12.225000381469727,11.5,11.649999618530273,5559600,0.0,0.0
2002-07-24 00:00:00-04:00,12.0,13.595000267028809,11.949999809265137,13.550000190734863,8113000,0.0,0.0
2002-07-25 00:00:00-04:00,13.449999809265137,14.5,13.25,14.135000228881836,8521600,0.0,0.0
2002-07-26 00:00:00-04:00,14.175000190734863,14.319999694824219,13.744999885559082,13.824999809265137,4748800,0.0,0.0
2002-07-29 00:00:00-04:00,14.25,14.760000228881836,14.140000343322754,14.75,3377000,0.0,0.0
2002-07-30 00:00:00-04:00,14.625,14.675000190734863,13.25,14.335000038146973,9365200,0.0,0.0
2002-07-31 00:00:00-04:00,14.5,14.994999885559082,14.25,14.994999885559082,4616600,0.0,0.0
2002-08-01 00:00:00-04:00,14.859999656677246,14.949999809265137,13.789999961853027,14.095000267028809,4490800,0.0,0.0
2002-08-02 00:00:00-04:00,14.149999618530273,14.199999809265137,13.630000114440918,13.949999809265137,2121000,0.0,0.0
2002-08-05 00:00:00-04:00,14.100000381469727,14.125,13.40999984741211,13.5,2877400,0.0,0.0
2002-08-06 00:00:00-04:00,13.5,13.850000381469727,13.470000267028809,13.529999732971191,3247800,0.0,0.0
2002-08-07 00:00:00-04:00,13.9350004196167,13.949999809265137,13.3100004196167,13.925000190734863,2351200,0.0,0.0
2002-08-08 00:00:00-04:00,14.140000343322754,14.800000190734863,13.8100004196167,14.699999809265137,3432600,0.0,0.0
2002-08-09 00:00:00-04:00,14.699999809265137,14.845000267028809,14.5,14.8149995803833,3367800,0.0,0.0
2002-08-12 00:00:00-04:00,14.359999656677246,14.609999656677246,14.149999618530273,14.505000114440918,2627800,0.0,0.0
2002-08-13 00:00:00-04:00,14.5,14.5,13.800000190734863,13.824999809265137,2740600,0.0,0.0
2002-08-14 00:00:00-04:00,13.829999923706055,14.145000457763672,13.279999732971191,13.954999923706055,3616400,0.0,0.0
2002-08-15 00:00:00-04:00,14.225000381469727,14.425000190734863,13.5,13.760000228881836,4331800,0.0,0.0
2002-08-16 00:00:00-04:00,13.760000228881836,14.295000076293945,13.675000190734863,14.180000305175781,3734000,0.0,0.0
2002-08-19 00:00:00-04:00,14.074999809265137,14.300000190734863,13.96500015258789,14.09000015258789,2271000,0.0,0.0
2002-08-20 00:00:00-04:00,14.050000190734863,14.350000381469727,14.024999618530273,14.09000015258789,2083600,0.0,0.0
2002-08-21 00:00:00-04:00,15.0,15.0,13.774999618530273,14.050000190734863,3005600,0.0,0.0
2002-08-22 00:00:00-04:00,14.074999809265137,14.550000190734863,14.029999732971191,14.375,3091000,0.0,0.0
2002-08-23 00:00:00-04:00,14.375,14.8100004196167,14.335000038146973,14.65999984741211,3617200,0.0,0.0
2002-08-26 00:00:00-04:00,14.6899995803833,14.725000381469727,14.350000381469727,14.625,2143800,0.0,0.0
2002-08-27 00:00:00-04:00,14.649999618530273,14.875,14.574999809265137,14.645000457763672,2486200,0.0,0.0
2002-08-28 00:00:00-04:00,14.635000228881836,14.699999809265137,14.375,14.470000267028809,2923000,0.0,0.0
2002-08-29 00:00:00-04:00,14.274999618530273,14.5,14.149999618530273,14.359999656677246,3327600,0.0,0.0
2002-08-30 00:00:00-04:00,14.274999618530273,14.75,14.265000343322754,14.574999809265137,1797000,0.0,0.0
2002-09-03 00:00:00-04:00,13.765000343322754,14.425000190734863,13.765000343322754,13.854999542236328,2801000,0.0,0.0
2002-09-04 00:00:00-04:00,13.875,14.170000076293945,13.729999542236328,14.069999694824219,3034400,0.0,0.0
2002-09-05 00:00:00-04:00,14.010000228881836,14.100000381469727,13.850000381469727,13.954999923706055,2765600,0.0,0.0
2002-09-06 00:00:00-04:00,14.25,14.300000190734863,13.960000038146973,14.260000228881836,4056600,0.0,0.0
2002-09-09 00:00:00-04:00,14.265000343322754,14.944999694824219,14.265000343322754,14.875,6882800,0.0,0.0
2002-09-10 00:00:00-04:00,14.875,15.104999542236328,14.6850004196167,15.079999923706055,3997000,0.0,0.0
2002-09-11 00:00:00-04:00,15.149999618530273,15.420000076293945,15.050000190734863,15.350000381469727,3265200,0.0,0.0
2002-09-12 00:00:00-04:00,15.274999618530273,15.399999618530273,14.864999771118164,15.199999809265137,4221000,0.0,0.0
2002-09-13 00:00:00-04:00,15.03499984741211,15.100000381469727,14.869999885559082,15.09000015258789,2643800,0.0,0.0
2002-09-16 00:00:00-04:00,15.09000015258789,15.5,15.079999923706055,15.350000381469727,3003400,0.0,0.0
2002-09-17 00:00:00-04:00,15.574999809265137,15.600000381469727,15.029999732971191,15.15999984741211,3197600,0.0,0.0
2002-09-18 00:00:00-04:00,14.75,14.850000381469727,14.4399995803833,14.46500015258789,5092200,0.0,0.0
2002-09-19 00:00:00-04:00,14.375,14.989999771118164,14.364999771118164,14.529999732971191,3603000,0.0,0.0
2002-09-20 00:00:00-04:00,14.529999732971191,14.664999961853027,14.199999809265137,14.649999618530273,4076800,0.0,0.0
2002-09-23 00:00:00-04:00,14.399999618530273,14.774999618530273,14.399999618530273,14.670000076293945,2589600,0.0,0.0
2002-09-24 00:00:00-04:00,14.670000076293945,14.670000076293945,14.25,14.390000343322754,3597400,0.0,0.0
2002-09-25 00:00:00-04:00,14.600000381469727,15.09000015258789,14.600000381469727,15.029999732971191,6928200,0.0,0.0
2002-09-26 00:00:00-04:00,15.055000305175781,15.675000190734863,14.819999694824219,14.994999885559082,10850200,0.0,0.0
2002-09-27 00:00:00-04:00,14.994999885559082,15.899999618530273,14.949999809265137,15.739999771118164,6691800,0.0,0.0
2002-09-30 00:00:00-04:00,15.524999618530273,15.850000381469727,15.050000190734863,15.779999732971191,5706600,0.0,0.0
2002-10-01 00:00:00-04:00,15.899999618530273,16.139999389648438,15.600000381469727,16.139999389648438,5252200,0.0,0.0
2002-10-02 00:00:00-04:00,18.5,18.5,17.5,17.799999237060547,25402600,0.0,0.0
2002-10-03 00:00:00-04:00,17.5,17.665000915527344,17.075000762939453,17.19499969482422,10406600,0.0,0.0
2002-10-04 00:00:00-04:00,17.2549991607666,17.700000762939453,17.2549991607666,17.56999969482422,7493200,0.0,0.0
2002-10-07 00:00:00-04:00,17.799999237060547,18.0,17.5,17.530000686645508,6166600,0.0,0.0
2002-10-08 00:00:00-04:00,17.850000381469727,17.850000381469727,17.469999313354492,17.600000381469727,6501800,0.0,0.0
2002-10-09 00:00:00-04:00,17.604999542236328,17.875,17.5,17.71500015258789,4148400,0.0,0.0
2002-10-10 00:00:00-04:00,17.625,18.5,17.375,18.415000915527344,6332600,0.0,0.0
2002-10-11 00:00:00-04:00,18.5,18.565000534057617,17.815000534057617,18.145000457763672,8026800,0.0,0.0
2002-10-14 00:00:00-04:00,17.850000381469727,18.170000076293945,17.80500030517578,18.040000915527344,3900200,0.0,0.0
2002-10-15 00:00:00-04:00,18.174999237060547,18.350000381469727,17.485000610351562,17.594999313354492,5115400,0.0,0.0
2002-10-16 00:00:00-04:00,17.625,18.049999237060547,17.565000534057617,17.799999237060547,5018800,0.0,0.0
2002-10-17 00:00:00-04:00,18.25,18.30500030517578,18.049999237060547,18.200000762939453,4992200,0.0,0.0
2002-10-18 00:00:00-04:00,18.174999237060547,18.2450008392334,17.799999237060547,18.049999237060547,3719400,0.0,0.0
2002-10-21 00:00:00-04:00,18.0,18.274999618530273,17.934999465942383,18.25,3533800,0.0,0.0
2002-10-22 00:00:00-04:00,18.25,18.364999771118164,17.424999237060547,18.024999618530273,7402000,0.0,0.0
2002-10-23 00:00:00-04:00,18.5,19.299999237060547,18.5,19.075000762939453,17027400,0.0,0.0
2002-10-24 00:00:00-04:00,19.350000381469727,19.6299991607666,19.149999618530273,19.375,8841800,0.0,0.0
2002-10-25 00:00:00-04:00,19.299999237060547,19.424999237060547,19.020000457763672,19.049999237060547,5959400,0.0,0.0
2002-10-28 00:00:00-05:00,19.100000381469727,19.19499969482422,18.375,18.7549991607666,4993800,0.0,0.0
2002-10-29 00:00:00-05:00,18.975000381469727,18.975000381469727,18.405000686645508,18.725000381469727,3976200,0.0,0.0
2002-10-30 00:00:00-05:00,18.700000762939453,19.06999969482422,18.674999237060547,18.96500015258789,3015000,0.0,0.0
2002-10-31 00:00:00-05:00,18.875,19.1200008392334,18.579999923706055,18.815000534057617,4828800,0.0,0.0
2002-11-01 00:00:00-05:00,18.725000381469727,19.299999237060547,18.649999618530273,19.200000762939453,5164800,0.0,0.0
2002-11-04 00:00:00-05:00,19.25,19.549999237060547,19.100000381469727,19.399999618530273,4553800,0.0,0.0
2002-11-05 00:00:00-05:00,19.55500030517578,20.09000015258789,19.280000686645508,20.059999465942383,6128200,0.0,0.0
2002-11-06 00:00:00-05:00,19.825000762939453,20.110000610351562,19.559999465942383,19.7549991607666,5434000,0.0,0.0
2002-11-07 00:00:00-05:00,19.760000228881836,19.864999771118164,19.450000762939453,19.584999084472656,3499200,0.0,0.0
2002-11-08 00:00:00-05:00,19.5,19.725000381469727,19.260000228881836,19.44499969482422,2157000,0.0,0.0
2002-11-11 00:00:00-05:00,19.165000915527344,19.594999313354492,19.149999618530273,19.5,2167200,0.0,0.0
2002-11-12 00:00:00-05:00,19.549999237060547,19.899999618530273,19.399999618530273,19.625,3022200,0.0,0.0
2002-11-13 00:00:00-05:00,19.325000762939453,19.889999389648438,19.325000762939453,19.6200008392334,3278600,0.0,0.0
2002-11-14 00:00:00-05:00,19.690000534057617,19.729999542236328,19.28499984741211,19.524999618530273,3910000,0.0,0.0
2002-11-15 00:00:00-05:00,19.5,19.9950008392334,19.479999542236328,19.875,4263600,0.0,0.0
2002-11-18 00:00:00-05:00,19.825000762939453,20.049999237060547,19.799999237060547,19.885000228881836,3295200,0.0,0.0
2002-11-19 00:00:00-05:00,19.885000228881836,20.079999923706055,19.844999313354492,20.0,3615400,0.0,0.0
2002-11-20 00:00:00-05:00,19.924999237060547,20.450000762939453,19.709999084472656,20.325000762939453,4401200,0.0,0.0
2002-11-21 00:00:00-05:00,20.424999237060547,20.735000610351562,20.125,20.545000076293945,4292000,0.0,0.0
2002-11-22 00:00:00-05:00,20.5,20.625,19.80500030517578,19.979999542236328,8031200,0.0,0.0
2002-11-25 00:00:00-05:00,19.875,20.0,19.790000915527344,20.0,3206200,0.0,0.0
2002-11-26 00:00:00-05:00,19.969999313354492,19.979999542236328,19.56999969482422,19.600000381469727,4918000,0.0,0.0
2002-11-27 00:00:00-05:00,19.725000381469727,20.969999313354492,19.674999237060547,20.950000762939453,9441800,0.0,0.0
2002-11-29 00:00:00-05:00,20.989999771118164,21.149999618530273,20.829999923706055,21.0,2668200,0.0,0.0
2002-12-02 00:00:00-05:00,21.0049991607666,21.5,21.0049991607666,21.395000457763672,4308400,0.0,0.0
2002-12-03 00:00:00-05:00,21.280000686645508,21.280000686645508,20.885000228881836,21.110000610351562,3383600,0.0,0.0
2002-12-04 00:00:00-05:00,21.325000762939453,21.78499984741211,21.010000228881836,21.59000015258789,2713800,0.0,0.0
2002-12-05 00:00:00-05:00,21.549999237060547,21.825000762939453,21.3799991607666,21.719999313354492,4069000,0.0,0.0
2002-12-06 00:00:00-05:00,21.475000381469727,21.75,21.125,21.3700008392334,5307600,0.0,0.0
2002-12-09 00:00:00-05:00,21.290000915527344,21.84000015258789,21.149999618530273,21.2549991607666,3643000,0.0,0.0
2002-12-10 00:00:00-05:00,21.260000228881836,21.260000228881836,20.5049991607666,21.200000762939453,4998400,0.0,0.0
2002-12-11 00:00:00-05:00,20.93000030517578,21.1299991607666,20.825000762939453,21.110000610351562,2909400,0.0,0.0
2002-12-12 00:00:00-05:00,21.110000610351562,21.219999313354492,20.690000534057617,21.100000381469727,2180800,0.0,0.0
2002-12-13 00:00:00-05:00,21.049999237060547,21.049999237060547,20.774999618530273,20.875,2331000,0.0,0.0
2002-12-16 00:00:00-05:00,20.875,21.565000534057617,20.780000686645508,21.565000534057617,2756800,0.0,0.0
2002-12-17 00:00:00-05:00,21.5,21.56999969482422,20.780000686645508,21.334999084472656,2461800,0.0,0.0
2002-12-18 00:00:00-05:00,21.139999389648438,21.6299991607666,21.040000915527344,21.625,2628000,0.0,0.0
2002-12-19 00:00:00-05:00,21.594999313354492,21.969999313354492,21.5049991607666,21.850000381469727,3936200,0.0,0.0
2002-12-20 00:00:00-05:00,21.899999618530273,22.114999771118164,21.670000076293945,22.09000015258789,4228600,0.0,0.0
2002-12-23 00:00:00-05:00,21.954999923706055,22.149999618530273,21.889999389648438,22.104999542236328,3322600,0.0,0.0
2002-12-24 00:00:00-05:00,22.104999542236328,22.104999542236328,21.885000228881836,21.93000030517578,934800,0.0,0.0
2002-12-26 00:00:00-05:00,21.93000030517578,21.950000762939453,21.604999542236328,21.670000076293945,1590400,0.0,0.0
2002-12-27 00:00:00-05:00,21.575000762939453,21.594999313354492,21.03499984741211,21.040000915527344,2559200,0.0,0.0
2002-12-30 00:00:00-05:00,20.950000762939453,21.31999969482422,20.825000762939453,21.170000076293945,4170800,0.0,0.0
2002-12-31 00:00:00-05:00,21.170000076293945,21.489999771118164,21.0049991607666,21.260000228881836,3451400,0.0,0.0
2003-01-02 00:00:00-05:00,21.360000610351562,21.5,20.84000015258789,21.4950008392334,6040000,0.0,0.0
2003-01-03 00:00:00-05:00,21.600000381469727,22.135000228881836,21.40999984741211,21.899999618530273,7762800,0.0,0.0
2003-01-06 00:00:00-05:00,21.899999618530273,22.344999313354492,21.899999618530273,22.334999084472656,5512000,0.0,0.0
2003-01-07 00:00:00-05:00,22.334999084472656,22.459999084472656,22.155000686645508,22.459999084472656,4134600,0.0,0.0
2003-01-08 00:00:00-05:00,22.454999923706055,22.459999084472656,21.975000381469727,22.094999313354492,3981600,0.0,0.0
2003-01-09 00:00:00-05:00,22.100000381469727,22.40999984741211,22.094999313354492,22.40999984741211,2718800,0.0,0.0
2003-01-10 00:00:00-05:00,22.299999237060547,22.59000015258789,22.21500015258789,22.510000228881836,2644400,0.0,0.0
2003-01-13 00:00:00-05:00,22.510000228881836,22.584999084472656,21.985000610351562,22.135000228881836,3901000,0.0,0.0
2003-01-14 00:00:00-05:00,21.924999237060547,22.020000457763672,21.655000686645508,21.700000762939453,4556600,0.0,0.0
2003-01-15 00:00:00-05:00,21.700000762939453,21.8799991607666,21.559999465942383,21.8700008392334,6767000,0.0,0.0
2003-01-16 00:00:00-05:00,21.875,22.600000381469727,21.875,22.584999084472656,6262600,0.0,0.0
2003-01-17 00:00:00-05:00,22.549999237060547,22.975000381469727,22.450000762939453,22.885000228881836,7138200,0.0,0.0
2003-01-21 00:00:00-05:00,23.25,23.405000686645508,21.8700008392334,22.030000686645508,15206200,0.0,0.0
2003-01-22 00:00:00-05:00,22.399999618530273,22.9950008392334,22.274999618530273,22.5,13632400,0.0,0.0
2003-01-23 00:00:00-05:00,22.6200008392334,22.6200008392334,22.325000762939453,22.440000534057617,5252600,0.0,0.0
2003-01-24 00:00:00-05:00,22.450000762939453,22.489999771118164,21.860000610351562,21.885000228881836,3770200,0.0,0.0
2003-01-27 00:00:00-05:00,21.325000762939453,21.549999237060547,20.799999237060547,20.850000381469727,8739600,0.0,0.0
2003-01-28 00:00:00-05:00,21.049999237060547,21.094999313354492,20.0049991607666,20.5,9343600,0.0,0.0
2003-01-29 00:00:00-05:00,20.125,20.540000915527344,19.875,20.43000030517578,9566800,0.0,0.0
2003-01-30 00:00:00-05:00,20.434999465942383,20.434999465942383,19.100000381469727,19.875,13357200,0.0,0.0
2003-01-31 00:00:00-05:00,19.655000686645508,20.350000381469727,19.655000686645508,20.225000381469727,5921600,0.0,0.0
2003-02-03 00:00:00-05:00,20.350000381469727,20.549999237060547,20.125,20.510000228881836,4526200,0.0,0.0
2003-02-04 00:00:00-05:00,20.510000228881836,20.53499984741211,20.100000381469727,20.53499984741211,3641000,0.0,0.0
2003-02-05 00:00:00-05:00,20.53499984741211,21.25,19.739999771118164,20.235000610351562,6674800,0.0,0.0
2003-02-06 00:00:00-05:00,20.239999771118164,20.350000381469727,19.940000534057617,20.350000381469727,3914400,0.0,0.0
2003-02-07 00:00:00-05:00,20.385000228881836,20.385000228881836,20.19499969482422,20.260000228881836,4049200,0.0,0.0
2003-02-10 00:00:00-05:00,20.260000228881836,20.274999618530273,19.895000457763672,20.075000762939453,3313200,0.0,0.0
2003-02-11 00:00:00-05:00,20.100000381469727,20.295000076293945,19.825000762939453,19.834999084472656,3619400,0.0,0.0
2003-02-12 00:00:00-05:00,19.950000762939453,20.075000762939453,19.799999237060547,19.975000381469727,4582000,0.0,0.0
2003-02-13 00:00:00-05:00,19.950000762939453,20.09000015258789,19.885000228881836,19.989999771118164,5425000,0.0,0.0
2003-02-14 00:00:00-05:00,20.0,20.475000381469727,19.809999465942383,20.475000381469727,3043200,0.0,0.0
2003-02-18 00:00:00-05:00,20.524999618530273,21.079999923706055,20.524999618530273,20.924999237060547,3292800,0.0,0.0
2003-02-19 00:00:00-05:00,20.975000381469727,20.979999542236328,20.799999237060547,20.895000457763672,2857800,0.0,0.0
2003-02-20 00:00:00-05:00,21.100000381469727,21.375,21.075000762939453,21.19499969482422,4428200,0.0,0.0
2003-02-21 00:00:00-05:00,21.170000076293945,21.600000381469727,20.924999237060547,21.479999542236328,4217000,0.0,0.0
2003-02-24 00:00:00-05:00,21.405000686645508,21.489999771118164,21.190000534057617,21.260000228881836,4128800,0.0,0.0
2003-02-25 00:00:00-05:00,21.219999313354492,21.780000686645508,21.135000228881836,21.780000686645508,3528600,0.0,0.0
2003-02-26 00:00:00-05:00,21.735000610351562,21.825000762939453,21.639999389648438,21.700000762939453,3059600,0.0,0.0
2003-02-27 00:00:00-05:00,21.639999389648438,21.780000686645508,21.274999618530273,21.725000381469727,4581400,0.0,0.0
2003-02-28 00:00:00-05:00,21.725000381469727,22.104999542236328,21.549999237060547,22.084999084472656,4977600,0.0,0.0
2003-03-03 00:00:00-05:00,22.149999618530273,22.469999313354492,21.540000915527344,21.540000915527344,3405600,0.0,0.0
2003-03-04 00:00:00-05:00,21.604999542236328,21.774999618530273,21.334999084472656,21.360000610351562,3167400,0.0,0.0
2003-03-05 00:00:00-05:00,21.5,21.864999771118164,21.280000686645508,21.81999969482422,2931400,0.0,0.0
2003-03-06 00:00:00-05:00,21.825000762939453,21.825000762939453,20.75,21.084999084472656,9250400,0.0,0.0
2003-03-07 00:00:00-05:00,21.09000015258789,21.239999771118164,20.8799991607666,21.030000686645508,6286400,0.0,0.0
2003-03-10 00:00:00-05:00,20.989999771118164,21.040000915527344,20.7450008392334,20.780000686645508,2461400,0.0,0.0
2003-03-11 00:00:00-05:00,21.024999618530273,21.174999237060547,20.75,20.809999465942383,4103400,0.0,0.0
2003-03-12 00:00:00-05:00,20.790000915527344,21.020000457763672,20.639999389648438,20.75,3090800,0.0,0.0
2003-03-13 00:00:00-05:00,21.200000762939453,22.024999618530273,21.170000076293945,22.024999618530273,7121800,0.0,0.0
2003-03-14 00:00:00-05:00,22.0,22.114999771118164,21.6299991607666,21.774999618530273,3460600,0.0,0.0
2003-03-17 00:00:00-05:00,21.864999771118164,22.989999771118164,21.864999771118164,22.985000610351562,5634400,0.0,0.0
2003-03-18 00:00:00-05:00,22.989999771118164,23.350000381469727,22.684999465942383,22.985000610351562,4679800,0.0,0.0
2003-03-19 00:00:00-05:00,23.059999465942383,23.184999465942383,22.799999237060547,23.184999465942383,3606200,0.0,0.0
2003-03-20 00:00:00-05:00,22.875,23.604999542236328,22.84000015258789,23.40999984741211,4652200,0.0,0.0
2003-03-21 00:00:00-05:00,23.549999237060547,23.774999618530273,23.450000762939453,23.700000762939453,6010200,0.0,0.0
2003-03-24 00:00:00-05:00,22.950000762939453,23.114999771118164,22.81999969482422,22.84000015258789,4309600,0.0,0.0
2003-03-25 00:00:00-05:00,22.674999237060547,23.125,22.649999618530273,22.975000381469727,3843800,0.0,0.0
2003-03-26 00:00:00-05:00,22.174999237060547,22.200000762939453,21.299999237060547,21.625,15837400,0.0,0.0
2003-03-27 00:00:00-05:00,21.600000381469727,21.75,21.354999542236328,21.475000381469727,7645600,0.0,0.0
2003-03-28 00:00:00-05:00,21.450000762939453,21.450000762939453,20.274999618530273,20.93000030517578,13995400,0.0,0.0
2003-03-31 00:00:00-05:00,20.93000030517578,20.93000030517578,20.375,20.3799991607666,10257400,0.0,0.0
2003-04-01 00:00:00-05:00,20.549999237060547,20.854999542236328,20.3799991607666,20.854999542236328,5774800,0.0,0.0
2003-04-02 00:00:00-05:00,20.899999618530273,21.5,20.899999618530273,21.235000610351562,5061800,0.0,0.0
2003-04-03 00:00:00-05:00,21.5,21.799999237060547,20.860000610351562,21.399999618530273,4318400,0.0,0.0
2003-04-04 00:00:00-05:00,21.399999618530273,21.450000762939453,20.575000762939453,20.625,4869400,0.0,0.0
2003-04-07 00:00:00-04:00,20.899999618530273,21.46500015258789,20.899999618530273,20.979999542236328,4929800,0.0,0.0
2003-04-08 00:00:00-04:00,20.979999542236328,21.434999465942383,20.924999237060547,21.329999923706055,4125600,0.0,0.0
2003-04-09 00:00:00-04:00,21.420000076293945,21.94499969482422,21.2549991607666,21.540000915527344,4377000,0.0,0.0
2003-04-10 00:00:00-04:00,21.774999618530273,21.790000915527344,21.385000228881836,21.625,3305800,0.0,0.0
2003-04-11 00:00:00-04:00,21.625,21.825000762939453,21.299999237060547,21.450000762939453,3335800,0.0,0.0
2003-04-14 00:00:00-04:00,21.450000762939453,21.5,21.075000762939453,21.360000610351562,3194000,0.0,0.0
2003-04-15 00:00:00-04:00,21.299999237060547,21.55500030517578,21.010000228881836,21.55500030517578,4603400,0.0,0.0
2003-04-16 00:00:00-04:00,21.625,21.7450008392334,21.209999084472656,21.3799991607666,4055000,0.0,0.0
2003-04-17 00:00:00-04:00,21.174999237060547,21.225000381469727,20.4950008392334,21.094999313354492,7350200,0.0,0.0
2003-04-21 00:00:00-04:00,21.100000381469727,21.149999618530273,20.389999389648438,20.84000015258789,4902800,0.0,0.0
2003-04-22 00:00:00-04:00,20.844999313354492,21.18000030517578,20.270000457763672,21.104999542236328,9639800,0.0,0.0
2003-04-23 00:00:00-04:00,21.5,21.850000381469727,21.2450008392334,21.815000534057617,6359000,0.0,0.0
2003-04-24 00:00:00-04:00,21.450000762939453,21.950000762939453,21.399999618530273,21.829999923706055,7167000,0.0,0.0
2003-04-25 00:00:00-04:00,21.825000762939453,21.825000762939453,21.375,21.454999923706055,3978400,0.0,0.0
2003-04-28 00:00:00-04:00,21.5,21.649999618530273,21.399999618530273,21.56999969482422,4349400,0.0,0.0
2003-04-29 00:00:00-04:00,21.825000762939453,21.90999984741211,21.450000762939453,21.780000686645508,3861400,0.0,0.0
2003-04-30 00:00:00-04:00,21.75,21.75,21.450000762939453,21.524999618530273,5488600,0.0,0.0
2003-05-01 00:00:00-04:00,21.700000762939453,22.0049991607666,21.450000762939453,21.809999465942383,4464200,0.0,0.0
2003-05-02 00:00:00-04:00,21.825000762939453,23.09000015258789,21.735000610351562,22.940000534057617,8449800,0.0,0.0
2003-05-05 00:00:00-04:00,23.225000381469727,23.469999313354492,22.860000610351562,22.934999465942383,5496400,0.0,0.0
2003-05-06 00:00:00-04:00,23.149999618530273,23.600000381469727,22.93000030517578,23.2549991607666,7141200,0.0,0.0
2003-05-07 00:00:00-04:00,23.25,23.489999771118164,22.799999237060547,22.96500015258789,4141200,0.0,0.0
2003-05-08 00:00:00-04:00,22.850000381469727,23.135000228881836,22.674999237060547,23.05500030517578,5363400,0.0,0.0
2003-05-09 00:00:00-04:00,23.139999389648438,23.46500015258789,22.875,23.454999923706055,5686600,0.0,0.0
2003-05-12 00:00:00-04:00,23.274999618530273,24.145000457763672,23.2549991607666,24.0,8496600,0.0,0.0
2003-05-13 00:00:00-04:00,23.674999237060547,24.059999465942383,23.65999984741211,24.0,6084800,0.0,0.0
2003-05-14 00:00:00-04:00,24.100000381469727,24.184999465942383,23.704999923706055,23.725000381469727,5237200,0.0,0.0
2003-05-15 00:00:00-04:00,24.0,24.2549991607666,23.600000381469727,24.225000381469727,5654200,0.0,0.0
2003-05-16 00:00:00-04:00,24.290000915527344,24.625,24.024999618530273,24.350000381469727,4960800,0.0,0.0
2003-05-19 00:00:00-04:00,24.225000381469727,24.549999237060547,23.75,23.795000076293945,6757800,0.0,0.0
2003-05-20 00:00:00-04:00,23.709999084472656,24.1200008392334,23.510000228881836,24.0049991607666,5400800,0.0,0.0
2003-05-21 00:00:00-04:00,24.010000228881836,25.25,23.709999084472656,25.040000915527344,12140800,0.0,0.0
2003-05-22 00:00:00-04:00,25.264999389648438,25.625,25.110000610351562,25.389999389648438,8269400,0.0,0.0
2003-05-23 00:00:00-04:00,25.475000381469727,25.485000610351562,24.844999313354492,25.2549991607666,5965800,0.0,0.0
2003-05-27 00:00:00-04:00,25.200000762939453,25.3700008392334,24.959999084472656,25.084999084472656,6961800,0.0,0.0
2003-05-28 00:00:00-04:00,25.209999084472656,25.385000228881836,24.799999237060547,25.024999618530273,6143800,0.0,0.0
2003-05-29 00:00:00-04:00,25.225000381469727,25.844999313354492,24.875,25.575000762939453,7553400,0.0,0.0
2003-05-30 00:00:00-04:00,25.540000915527344,26.125,25.540000915527344,26.049999237060547,5073800,0.0,0.0
2003-06-02 00:00:00-04:00,26.06999969482422,26.420000076293945,25.399999618530273,25.399999618530273,5751400,0.0,0.0
2003-06-03 00:00:00-04:00,25.405000686645508,26.43000030517578,25.405000686645508,25.924999237060547,10917400,0.0,0.0
2003-06-04 00:00:00-04:00,26.075000762939453,27.8700008392334,26.075000762939453,27.600000381469727,18267000,0.0,0.0
2003-06-05 00:00:00-04:00,27.600000381469727,29.209999084472656,27.424999237060547,28.424999237060547,12490200,0.0,0.0
2003-06-06 00:00:00-04:00,28.424999237060547,28.815000534057617,27.875,28.030000686645508,7606800,0.0,0.0
2003-06-09 00:00:00-04:00,27.700000762939453,28.325000762939453,27.674999237060547,28.049999237060547,5423800,0.0,0.0
2003-06-10 00:00:00-04:00,27.875,28.049999237060547,27.110000610351562,27.4950008392334,9101800,0.0,0.0
2003-06-11 00:00:00-04:00,27.4950008392334,30.21500015258789,26.934999465942383,29.875,29830800,0.0,0.0
2003-06-12 00:00:00-04:00,31.0,31.200000762939453,30.024999618530273,30.424999237060547,17008000,0.0,0.0
2003-06-13 00:00:00-04:00,30.424999237060547,31.209999084472656,30.405000686645508,30.875,8495600,0.0,0.0
2003-06-16 00:00:00-04:00,31.25,31.774999618530273,31.100000381469727,31.635000228881836,7509400,0.0,0.0
2003-06-17 00:00:00-04:00,31.760000228881836,32.8650016784668,31.71500015258789,32.29999923706055,7645800,0.0,0.0
2003-06-18 00:00:00-04:00,32.29499816894531,32.34000015258789,31.25,31.549999237060547,5766000,0.0,0.0
2003-06-19 00:00:00-04:00,31.549999237060547,31.81999969482422,30.530000686645508,30.844999313354492,5680200,0.0,0.0
2003-06-20 00:00:00-04:00,30.844999313354492,30.959999084472656,29.125,30.0,10022600,0.0,0.0
2003-06-23 00:00:00-04:00,30.25,30.25,29.649999618530273,29.899999618530273,7180200,0.0,0.0
2003-06-24 00:00:00-04:00,30.125,30.604999542236328,29.170000076293945,29.895000457763672,10367000,0.0,0.0
2003-06-25 00:00:00-04:00,29.5,30.75,29.5,30.170000076293945,5598400,0.0,0.0
2003-06-26 00:00:00-04:00,30.600000381469727,31.530000686645508,30.5,31.5049991607666,6102600,0.0,0.0
2003-06-27 00:00:00-04:00,31.899999618530273,32.125,31.014999389648438,31.229999542236328,6778800,0.0,0.0
2003-06-30 00:00:00-04:00,31.299999237060547,31.299999237060547,30.114999771118164,30.549999237060547,7837000,0.0,0.0
2003-07-01 00:00:00-04:00,30.274999618530273,30.59000015258789,29.6200008392334,30.46500015258789,8083600,0.0,0.0
2003-07-02 00:00:00-04:00,30.469999313354492,31.020000457763672,30.469999313354492,31.014999389648438,5737600,0.0,0.0
2003-07-03 00:00:00-04:00,30.5,31.469999313354492,30.2450008392334,31.280000686645508,10325000,0.0,0.0
2003-07-07 00:00:00-04:00,31.350000381469727,31.424999237060547,30.594999313354492,31.200000762939453,11068800,0.0,0.0
2003-07-08 00:00:00-04:00,31.125,31.4950008392334,30.915000915527344,31.204999923706055,4379000,0.0,0.0
2003-07-09 00:00:00-04:00,31.204999923706055,31.25,30.690000534057617,30.690000534057617,4788200,0.0,0.0
2003-07-10 00:00:00-04:00,30.649999618530273,30.655000686645508,30.014999389648438,30.135000228881836,7006800,0.0,0.0
2003-07-11 00:00:00-04:00,30.075000762939453,30.600000381469727,30.049999237060547,30.325000762939453,4319000,0.0,0.0
2003-07-14 00:00:00-04:00,30.399999618530273,31.375,29.774999618530273,30.53499984741211,8348000,0.0,0.0
2003-07-15 00:00:00-04:00,30.700000762939453,30.860000610351562,29.899999618530273,29.905000686645508,6333000,0.0,0.0
2003-07-16 00:00:00-04:00,29.989999771118164,30.024999618530273,28.850000381469727,28.850000381469727,8217800,0.0,0.0
2003-07-17 00:00:00-04:00,28.2549991607666,28.59000015258789,27.9950008392334,28.329999923706055,9935800,0.0,0.0
2003-07-18 00:00:00-04:00,28.25,29.084999084472656,28.104999542236328,28.774999618530273,6827400,0.0,0.0
2003-07-21 00:00:00-04:00,28.774999618530273,29.299999237060547,28.375,28.924999237060547,6505800,0.0,0.0
2003-07-22 00:00:00-04:00,29.049999237060547,29.354999542236328,28.825000762939453,28.875,4983200,0.0,0.0
2003-07-23 00:00:00-04:00,29.0,29.56999969482422,28.375,29.15999984741211,5889200,0.0,0.0
2003-07-24 00:00:00-04:00,29.15999984741211,30.149999618530273,29.15999984741211,29.5,5251000,0.0,0.0
2003-07-25 00:00:00-04:00,29.5049991607666,30.594999313354492,29.5,30.399999618530273,6344000,0.0,0.0
2003-07-28 00:00:00-04:00,30.399999618530273,30.940000534057617,30.219999313354492,30.780000686645508,5042400,0.0,0.0
2003-07-29 00:00:00-04:00,31.625,32.35499954223633,31.524999618530273,31.899999618530273,11616400,0.0,0.0
2003-07-30 00:00:00-04:00,31.5,32.16999816894531,31.5,31.799999237060547,6771200,0.0,0.0
2003-07-31 00:00:00-04:00,31.795000076293945,32.125,31.549999237060547,31.614999771118164,5017000,0.0,0.0
2003-08-01 00:00:00-04:00,31.540000915527344,32.40999984741211,31.450000762939453,31.920000076293945,5541200,0.0,0.0
2003-08-04 00:00:00-04:00,31.850000381469727,32.224998474121094,31.5049991607666,32.11000061035156,4342200,0.0,0.0
2003-08-05 00:00:00-04:00,32.11000061035156,32.23500061035156,31.834999084472656,32.04999923706055,4386600,0.0,0.0
2003-08-06 00:00:00-04:00,32.005001068115234,32.0099983215332,31.5,31.600000381469727,4070200,0.0,0.0
2003-08-07 00:00:00-04:00,31.450000762939453,31.690000534057617,31.280000686645508,31.514999389648438,4679000,0.0,0.0
2003-08-08 00:00:00-04:00,31.600000381469727,32.404998779296875,31.600000381469727,32.1150016784668,3906600,0.0,0.0
2003-08-11 00:00:00-04:00,32.2400016784668,32.630001068115234,32.1150016784668,32.56999969482422,4612000,0.0,0.0
2003-08-12 00:00:00-04:00,32.57500076293945,32.9900016784668,31.739999771118164,31.75,8839000,0.0,0.0
2003-08-13 00:00:00-04:00,31.0,31.524999618530273,30.950000762939453,31.049999237060547,11362800,0.0,0.0
2003-08-14 00:00:00-04:00,31.05500030517578,31.485000610351562,31.040000915527344,31.225000381469727,6114200,0.0,0.0
2003-08-15 00:00:00-04:00,31.225000381469727,31.799999237060547,31.149999618530273,31.625,3903800,0.0,0.0
2003-08-18 00:00:00-04:00,31.924999237060547,32.29499816894531,31.799999237060547,32.084999084472656,3466600,0.0,0.0
2003-08-19 00:00:00-04:00,32.584999084472656,33.0,32.08000183105469,32.474998474121094,4012000,0.0,0.0
2003-08-20 00:00:00-04:00,32.57500076293945,32.59000015258789,32.099998474121094,32.275001525878906,4684800,0.0,0.0
2003-08-21 00:00:00-04:00,32.41999816894531,33.314998626708984,32.33000183105469,33.25,6249800,0.0,0.0
2003-08-22 00:00:00-04:00,33.32500076293945,33.59000015258789,32.76499938964844,32.80500030517578,4655200,0.0,0.0
2003-08-25 00:00:00-04:00,32.650001525878906,32.93000030517578,32.45000076293945,32.875,3021600,0.0,0.0
2003-08-26 00:00:00-04:00,32.875,32.994998931884766,32.48500061035156,32.689998626708984,2871000,0.0,0.0
2003-08-27 00:00:00-04:00,32.18000030517578,32.310001373291016,31.53499984741211,31.625,9181800,0.0,0.0
2003-08-28 00:00:00-04:00,31.790000915527344,31.920000076293945,31.264999389648438,31.344999313354492,3906000,0.0,0.0
2003-08-29 00:00:00-04:00,31.125,31.15999984741211,29.450000762939453,30.049999237060547,20489800,0.0,0.0
2003-09-02 00:00:00-04:00,30.325000762939453,31.049999237060547,30.309999465942383,30.75,7564600,0.0,0.0
2003-09-03 00:00:00-04:00,30.774999618530273,30.825000762939453,30.0,30.0,6334400,0.0,0.0
2003-09-04 00:00:00-04:00,30.0049991607666,30.0049991607666,29.0,29.34000015258789,14742000,0.0,0.0
2003-09-05 00:00:00-04:00,29.34000015258789,30.049999237060547,29.229999542236328,29.485000610351562,9303000,0.0,0.0
2003-09-08 00:00:00-04:00,28.950000762939453,29.795000076293945,28.625,29.549999237060547,9322200,0.0,0.0
2003-09-09 00:00:00-04:00,29.325000762939453,29.545000076293945,28.600000381469727,28.950000762939453,12077400,0.0,0.0
2003-09-10 00:00:00-04:00,28.299999237060547,29.399999618530273,28.045000076293945,29.0,12659600,0.0,0.0
2003-09-11 00:00:00-04:00,29.524999618530273,30.3700008392334,29.209999084472656,30.0,12661000,0.0,0.0
2003-09-12 00:00:00-04:00,30.350000381469727,31.0,30.274999618530273,30.700000762939453,13800600,0.0,0.0
2003-09-15 00:00:00-04:00,33.494998931884766,33.75,32.93000030517578,33.0099983215332,28311800,0.0,0.0
2003-09-16 00:00:00-04:00,33.20000076293945,33.650001525878906,32.6349983215332,33.25,25820200,0.0,0.0
2003-09-17 00:00:00-04:00,33.255001068115234,33.654998779296875,33.22999954223633,33.540000915527344,8077800,0.0,0.0
2003-09-18 00:00:00-04:00,33.349998474121094,34.279998779296875,33.345001220703125,34.07500076293945,9021400,0.0,0.0
2003-09-19 00:00:00-04:00,34.07500076293945,34.369998931884766,33.92499923706055,34.20500183105469,8141600,0.0,0.0
2003-09-22 00:00:00-04:00,33.849998474121094,34.1150016784668,33.275001525878906,33.560001373291016,6056800,0.0,0.0
2003-09-23 00:00:00-04:00,33.2599983215332,33.45000076293945,32.755001068115234,32.79499816894531,7186200,0.0,0.0
2003-09-24 00:00:00-04:00,32.779998779296875,33.060001373291016,32.349998474121094,32.5,7475400,0.0,0.0
2003-09-25 00:00:00-04:00,32.45000076293945,32.650001525878906,32.029998779296875,32.404998779296875,6280200,0.0,0.0
2003-09-26 00:00:00-04:00,32.25,32.29999923706055,31.799999237060547,31.875,8211200,0.0,0.0
2003-09-29 00:00:00-04:00,31.875,32.07500076293945,31.299999237060547,31.709999084472656,8364600,0.0,0.0
2003-09-30 00:00:00-04:00,31.625,32.26499938964844,31.625,31.899999618530273,7655200,0.0,0.0
2003-10-01 00:00:00-04:00,31.950000762939453,32.89500045776367,31.844999313354492,32.89500045776367,6973800,0.0,0.0
2003-10-02 00:00:00-04:00,32.77000045776367,33.04499816894531,32.45000076293945,32.900001525878906,4426800,0.0,0.0
2003-10-03 00:00:00-04:00,32.900001525878906,33.625,32.875,33.15999984741211,7468600,0.0,0.0
2003-10-06 00:00:00-04:00,33.154998779296875,33.15999984741211,32.17499923706055,32.59000015258789,5416400,0.0,0.0
2003-10-07 00:00:00-04:00,31.55500030517578,31.655000686645508,31.25,31.479999542236328,12512600,0.0,0.0
2003-10-08 00:00:00-04:00,31.56999969482422,31.80500030517578,31.440000534057617,31.4950008392334,5322400,0.0,0.0
2003-10-09 00:00:00-04:00,31.684999465942383,31.96500015258789,31.514999389648438,31.799999237060547,5374200,0.0,0.0
2003-10-10 00:00:00-04:00,31.774999618530273,31.809999465942383,31.530000686645508,31.690000534057617,4174200,0.0,0.0
2003-10-13 00:00:00-04:00,31.799999237060547,31.989999771118164,31.05500030517578,31.084999084472656,5343000,0.0,0.0
2003-10-14 00:00:00-04:00,31.264999389648438,31.950000762939453,31.1200008392334,31.915000915527344,5347000,0.0,0.0
2003-10-15 00:00:00-04:00,32.04999923706055,32.54499816894531,31.815000534057617,32.375,6202000,0.0,0.0
2003-10-16 00:00:00-04:00,32.375,32.45500183105469,32.20000076293945,32.404998779296875,3767000,0.0,0.0
2003-10-17 00:00:00-04:00,32.45000076293945,32.45000076293945,31.450000762939453,31.739999771118164,4276800,0.0,0.0
2003-10-20 00:00:00-04:00,32.0,32.0,31.2450008392334,31.799999237060547,4100200,0.0,0.0
2003-10-21 00:00:00-04:00,31.799999237060547,32.96500015258789,31.799999237060547,31.920000076293945,3480400,0.0,0.0
2003-10-22 00:00:00-04:00,32.20000076293945,32.494998931884766,32.07500076293945,32.27000045776367,5244400,0.0,0.0
2003-10-23 00:00:00-04:00,32.29999923706055,32.654998779296875,32.07500076293945,32.6150016784668,4873200,0.0,0.0
2003-10-24 00:00:00-04:00,32.21500015258789,32.33000183105469,31.934999465942383,32.28499984741211,3440200,0.0,0.0
2003-10-27 00:00:00-05:00,32.400001525878906,32.814998626708984,32.28499984741211,32.75,3632200,0.0,0.0
2003-10-28 00:00:00-05:00,32.75,32.85499954223633,32.30500030517578,32.30500030517578,3826400,0.0,0.0
2003-10-29 00:00:00-05:00,32.650001525878906,34.07500076293945,32.63999938964844,33.92499923706055,15343200,0.0,0.0
2003-10-30 00:00:00-05:00,34.08000183105469,34.084999084472656,33.720001220703125,33.904998779296875,6055600,0.0,0.0
2003-10-31 00:00:00-05:00,33.900001525878906,34.029998779296875,33.400001525878906,33.86000061035156,3863200,0.0,0.0
2003-11-03 00:00:00-05:00,33.7599983215332,34.470001220703125,33.65999984741211,34.25,5177400,0.0,0.0
2003-11-04 00:00:00-05:00,33.95000076293945,34.400001525878906,33.70000076293945,33.849998474121094,3438800,0.0,0.0
2003-11-05 00:00:00-05:00,34.125,34.900001525878906,34.11000061035156,34.86000061035156,6218400,0.0,0.0
2003-11-06 00:00:00-05:00,34.959999084472656,35.7599983215332,34.91999816894531,35.709999084472656,5051000,0.0,2.0
2003-11-07 00:00:00-05:00,36.0,36.0099983215332,34.54999923706055,34.54999923706055,4215800,0.0,0.0
2003-11-10 00:00:00-05:00,34.54999923706055,34.7599983215332,33.77000045776367,33.79999923706055,4095100,0.0,0.0
2003-11-11 00:00:00-05:00,33.75,34.349998474121094,33.290000915527344,34.029998779296875,4750800,0.0,0.0
2003-11-12 00:00:00-05:00,34.0,34.4900016784668,33.72999954223633,34.41999816894531,4172900,0.0,0.0
2003-11-13 00:00:00-05:00,34.5,34.790000915527344,34.369998931884766,34.720001220703125,2276700,0.0,0.0
2003-11-14 00:00:00-05:00,34.63999938964844,34.9900016784668,34.43000030517578,34.650001525878906,2291700,0.0,0.0
2003-11-17 00:00:00-05:00,34.400001525878906,34.63999938964844,33.70000076293945,34.63999938964844,4322300,0.0,0.0
2003-11-18 00:00:00-05:00,34.63999938964844,34.970001220703125,33.619998931884766,33.869998931884766,4614700,0.0,0.0
2003-11-19 00:00:00-05:00,34.150001525878906,34.58000183105469,33.95000076293945,34.45000076293945,3517000,0.0,0.0
2003-11-20 00:00:00-05:00,34.5,35.779998779296875,34.25,35.13999938964844,7705500,0.0,0.0
2003-11-21 00:00:00-05:00,35.5,35.5,33.630001068115234,33.90999984741211,6941900,0.0,0.0
2003-11-24 00:00:00-05:00,35.72999954223633,36.099998474121094,35.18000030517578,35.70000076293945,9732600,0.0,0.0
2003-11-25 00:00:00-05:00,35.5,36.0099983215332,35.060001373291016,35.470001220703125,5551700,0.0,0.0
2003-11-26 00:00:00-05:00,35.45000076293945,35.45000076293945,34.810001373291016,35.2400016784668,3334700,0.0,0.0
2003-11-28 00:00:00-05:00,35.22999954223633,36.20000076293945,35.22999954223633,35.88999938964844,1903300,0.0,0.0
2003-12-01 00:00:00-05:00,35.88999938964844,36.470001220703125,35.79999923706055,36.16999816894531,2720100,0.0,0.0
2003-12-02 00:00:00-05:00,35.97999954223633,36.25,35.5,35.93000030517578,3354100,0.0,0.0
2003-12-03 00:00:00-05:00,36.20000076293945,36.4900016784668,36.119998931884766,36.13999938964844,3315800,0.0,0.0
2003-12-04 00:00:00-05:00,36.2599983215332,36.29999923706055,35.29999923706055,35.75,2404900,0.0,0.0
2003-12-05 00:00:00-05:00,35.5,35.970001220703125,35.29999923706055,35.40999984741211,2362700,0.0,0.0
2003-12-08 00:00:00-05:00,35.29999923706055,35.400001525878906,34.72999954223633,35.220001220703125,3354000,0.0,0.0
2003-12-09 00:00:00-05:00,35.22999954223633,35.470001220703125,34.25,34.380001068115234,3337400,0.0,0.0
2003-12-10 00:00:00-05:00,34.0,34.220001220703125,33.70000076293945,34.0,3475800,0.0,0.0
2003-12-11 00:00:00-05:00,34.0099983215332,34.810001373291016,33.79999923706055,34.790000915527344,3067000,0.0,0.0
2003-12-12 00:00:00-05:00,34.650001525878906,34.77000045776367,34.40999984741211,34.689998626708984,4117700,0.0,0.0
2003-12-15 00:00:00-05:00,34.959999084472656,35.400001525878906,34.220001220703125,34.290000915527344,2850600,0.0,0.0
2003-12-16 00:00:00-05:00,34.25,34.52000045776367,33.36000061035156,33.79999923706055,3304600,0.0,0.0
2003-12-17 00:00:00-05:00,34.75,35.900001525878906,34.349998474121094,35.779998779296875,6131800,0.0,0.0
2003-12-18 00:00:00-05:00,35.7599983215332,35.77000045776367,35.209999084472656,35.45000076293945,5506200,0.0,0.0
2003-12-19 00:00:00-05:00,35.45000076293945,35.4900016784668,34.810001373291016,35.27000045776367,5109200,0.0,0.0
2003-12-22 00:00:00-05:00,35.43000030517578,35.5,34.5,34.65999984741211,3685700,0.0,0.0
2003-12-23 00:00:00-05:00,34.630001068115234,35.02000045776367,33.810001373291016,34.72999954223633,4792300,0.0,0.0
2003-12-24 00:00:00-05:00,34.599998474121094,34.900001525878906,34.5099983215332,34.70000076293945,1379600,0.0,0.0
2003-12-26 00:00:00-05:00,34.900001525878906,35.369998931884766,34.79999923706055,35.130001068115234,1324700,0.0,0.0
2003-12-29 00:00:00-05:00,35.54999923706055,36.08000183105469,35.2400016784668,36.08000183105469,3386300,0.0,0.0
2003-12-30 00:00:00-05:00,36.20000076293945,36.650001525878906,36.11000061035156,36.540000915527344,3327200,0.0,0.0
2003-12-31 00:00:00-05:00,36.75,36.849998474121094,36.540000915527344,36.7599983215332,2710400,0.0,0.0
2004-01-02 00:00:00-05:00,36.970001220703125,36.970001220703125,36.02000045776367,36.25,2355700,0.0,0.0
2004-01-05 00:00:00-05:00,36.5,36.58000183105469,35.75,36.099998474121094,3243500,0.0,0.0
2004-01-06 00:00:00-05:00,35.869998931884766,36.54999923706055,35.70000076293945,35.86000061035156,2767600,0.0,0.0
2004-01-07 00:00:00-05:00,35.25,35.970001220703125,35.16999816894531,35.91999816894531,3789200,0.0,0.0
2004-01-08 00:00:00-05:00,35.91999816894531,36.20000076293945,35.599998474121094,36.04999923706055,2498600,0.0,0.0
2004-01-09 00:00:00-05:00,35.900001525878906,36.54999923706055,35.880001068115234,36.310001373291016,2583200,0.0,0.0
2004-01-12 00:00:00-05:00,36.25,36.70000076293945,36.060001373291016,36.400001525878906,2771200,0.0,0.0
2004-01-13 00:00:00-05:00,36.61000061035156,37.45000076293945,36.11000061035156,36.43000030517578,4631300,0.0,0.0
2004-01-14 00:00:00-05:00,36.779998779296875,37.45000076293945,36.75,37.400001525878906,3361200,0.0,0.0
2004-01-15 00:00:00-05:00,37.38999938964844,37.400001525878906,36.5,37.119998931884766,2937100,0.0,0.0
2004-01-16 00:00:00-05:00,37.119998931884766,37.650001525878906,37.0,37.54999923706055,3169700,0.0,0.0
2004-01-20 00:00:00-05:00,37.63999938964844,37.66999816894531,37.029998779296875,37.18000030517578,2873100,0.0,0.0
2004-01-21 00:00:00-05:00,37.25,38.0,36.900001525878906,37.93000030517578,2718600,0.0,0.0
2004-01-22 00:00:00-05:00,38.02000045776367,39.38999938964844,37.95000076293945,39.2599983215332,6263700,0.0,0.0
2004-01-23 00:00:00-05:00,38.79999923706055,38.97999954223633,38.52000045776367,38.81999969482422,3160100,0.0,0.0
2004-01-26 00:00:00-05:00,39.0,40.0,38.939998626708984,40.0,4313200,0.0,0.0
2004-01-27 00:00:00-05:00,40.0,40.38999938964844,39.900001525878906,40.0099983215332,3704700,0.0,0.0
2004-01-28 00:00:00-05:00,40.0,40.0099983215332,38.86000061035156,38.880001068115234,2675500,0.0,0.0
2004-01-29 00:00:00-05:00,38.900001525878906,40.0099983215332,38.900001525878906,39.959999084472656,3353400,0.0,0.0
2004-01-30 00:00:00-05:00,39.810001373291016,40.97999954223633,39.529998779296875,40.790000915527344,4442900,0.0,0.0
2004-02-02 00:00:00-05:00,41.25,41.75,39.9900016784668,41.0,5141500,0.0,0.0
2004-02-03 00:00:00-05:00,41.75,42.47999954223633,41.29999923706055,42.2599983215332,7985100,0.0,0.0
2004-02-04 00:00:00-05:00,42.20000076293945,42.47999954223633,41.54999923706055,41.880001068115234,3271000,0.0,0.0
2004-02-05 00:00:00-05:00,41.0,42.029998779296875,41.0,42.029998779296875,4763700,0.0,0.0
2004-02-06 00:00:00-05:00,41.93000030517578,42.41999816894531,41.47999954223633,42.08000183105469,4817500,0.0,0.0
2004-02-09 00:00:00-05:00,41.75,42.060001373291016,41.560001373291016,41.599998474121094,2640400,0.0,0.0
2004-02-10 00:00:00-05:00,41.650001525878906,41.97999954223633,41.38999938964844,41.959999084472656,2438000,0.0,0.0
2004-02-11 00:00:00-05:00,41.849998474121094,43.189998626708984,41.66999816894531,42.939998626708984,4732000,0.0,0.0
2004-02-12 00:00:00-05:00,42.939998626708984,43.599998474121094,41.40999984741211,42.41999816894531,3558200,0.0,0.0
2004-02-13 00:00:00-05:00,42.41999816894531,42.810001373291016,41.79999923706055,42.599998474121094,2694800,0.0,0.0
2004-02-17 00:00:00-05:00,42.849998474121094,43.189998626708984,42.7400016784668,43.099998474121094,2582700,0.0,0.0
2004-02-18 00:00:00-05:00,43.29999923706055,43.31999969482422,41.310001373291016,41.779998779296875,5511800,0.0,0.0
2004-02-19 00:00:00-05:00,42.029998779296875,42.11000061035156,41.459999084472656,41.5,3115000,0.0,0.0
2004-02-20 00:00:00-05:00,42.150001525878906,42.2599983215332,41.36000061035156,41.939998626708984,4564700,0.0,0.0
2004-02-23 00:00:00-05:00,42.099998474121094,42.56999969482422,40.150001525878906,41.29999923706055,7169700,0.0,0.0
2004-02-24 00:00:00-05:00,39.54999923706055,41.70000076293945,39.0,41.27000045776367,15409900,0.0,0.0
2004-02-25 00:00:00-05:00,41.27000045776367,41.45000076293945,40.56999969482422,41.25,5464700,0.0,0.0
2004-02-26 00:00:00-05:00,41.04999923706055,41.29999923706055,40.77000045776367,40.849998474121094,3909100,0.0,0.0
2004-02-27 00:00:00-05:00,40.900001525878906,41.18000030517578,40.599998474121094,40.849998474121094,4751500,0.0,0.0
2004-03-01 00:00:00-05:00,41.70000076293945,42.439998626708984,40.68000030517578,41.97999954223633,4458400,0.0,0.0
2004-03-02 00:00:00-05:00,41.97999954223633,42.5,41.58000183105469,42.20000076293945,4272800,0.0,0.0
2004-03-03 00:00:00-05:00,42.20000076293945,43.2599983215332,41.75,43.150001525878906,4904100,0.0,0.0
2004-03-04 00:00:00-05:00,43.0,44.400001525878906,42.81999969482422,44.119998931884766,5086700,0.0,0.0
2004-03-05 00:00:00-05:00,45.29999923706055,45.310001373291016,43.29999923706055,43.529998779296875,12415900,0.0,0.0
2004-03-08 00:00:00-05:00,43.56999969482422,44.099998474121094,43.310001373291016,43.41999816894531,3273200,0.0,0.0
2004-03-09 00:00:00-05:00,43.97999954223633,43.97999954223633,42.599998474121094,42.779998779296875,2971200,0.0,0.0
2004-03-10 00:00:00-05:00,42.650001525878906,42.709999084472656,41.59000015258789,42.04999923706055,4503200,0.0,0.0
2004-03-11 00:00:00-05:00,41.52000045776367,42.4900016784668,40.9900016784668,41.18000030517578,4463300,0.0,0.0
2004-03-12 00:00:00-05:00,41.5,41.56999969482422,40.880001068115234,41.2400016784668,3279600,0.0,0.0
2004-03-15 00:00:00-05:00,41.29999923706055,41.29999923706055,40.06999969482422,40.290000915527344,4376000,0.0,0.0
2004-03-16 00:00:00-05:00,40.45000076293945,40.95000076293945,39.599998474121094,39.849998474121094,5741700,0.0,0.0
2004-03-17 00:00:00-05:00,40.29999923706055,41.209999084472656,40.150001525878906,41.0099983215332,3062000,0.0,0.0
2004-03-18 00:00:00-05:00,40.70000076293945,40.79999923706055,40.0099983215332,40.220001220703125,3497700,0.0,0.0
2004-03-19 00:00:00-05:00,40.099998474121094,40.15999984741211,39.83000183105469,39.97999954223633,6194000,0.0,0.0
2004-03-22 00:00:00-05:00,39.650001525878906,39.970001220703125,39.150001525878906,39.7599983215332,5312000,0.0,0.0
2004-03-23 00:00:00-05:00,40.150001525878906,42.16999816894531,40.08000183105469,41.65999984741211,6536100,0.0,0.0
2004-03-24 00:00:00-05:00,41.540000915527344,41.599998474121094,41.04999923706055,41.349998474121094,3687000,0.0,0.0
2004-03-25 00:00:00-05:00,41.95000076293945,42.20000076293945,41.2400016784668,41.810001373291016,3235900,0.0,0.0
2004-03-26 00:00:00-05:00,41.650001525878906,42.369998931884766,41.630001068115234,42.209999084472656,2415400,0.0,0.0
2004-03-29 00:00:00-05:00,42.29999923706055,43.52000045776367,42.20000076293945,43.13999938964844,4822700,0.0,0.0
2004-03-30 00:00:00-05:00,42.93000030517578,43.040000915527344,42.54999923706055,42.939998626708984,3127500,0.0,0.0
2004-03-31 00:00:00-05:00,42.939998626708984,42.95000076293945,42.29999923706055,42.380001068115234,3693400,0.0,0.0
2004-04-01 00:00:00-05:00,42.33000183105469,43.599998474121094,42.09000015258789,43.439998626708984,4429500,0.0,0.0
2004-04-02 00:00:00-05:00,44.04999923706055,45.04999923706055,43.689998626708984,44.91999816894531,5145500,0.0,0.0
2004-04-05 00:00:00-04:00,44.75,45.93000030517578,44.75,45.810001373291016,5175800,0.0,0.0
2004-04-06 00:00:00-04:00,46.099998474121094,46.099998474121094,45.0,45.45000076293945,6925400,0.0,0.0
2004-04-07 00:00:00-04:00,45.45000076293945,45.470001220703125,44.54999923706055,44.900001525878906,5959600,0.0,0.0
2004-04-08 00:00:00-04:00,44.95000076293945,45.0,43.630001068115234,43.88999938964844,5146700,0.0,0.0
2004-04-12 00:00:00-04:00,44.0,44.900001525878906,43.95000076293945,44.66999816894531,2406700,0.0,0.0
2004-04-13 00:00:00-04:00,44.54999923706055,44.70000076293945,43.58000183105469,43.75,3398800,0.0,0.0
2004-04-14 00:00:00-04:00,43.20000076293945,43.849998474121094,43.0099983215332,43.400001525878906,2498700,0.0,0.0
2004-04-15 00:00:00-04:00,43.369998931884766,43.47999954223633,42.2599983215332,42.56999969482422,4853200,0.0,0.0
2004-04-16 00:00:00-04:00,42.650001525878906,43.599998474121094,42.540000915527344,43.599998474121094,3891500,0.0,0.0
2004-04-19 00:00:00-04:00,43.599998474121094,44.5,43.060001373291016,43.400001525878906,4823400,0.0,0.0
2004-04-20 00:00:00-04:00,43.400001525878906,43.400001525878906,41.25,41.70000076293945,8953600,0.0,0.0
2004-04-21 00:00:00-04:00,40.75,41.95000076293945,40.650001525878906,41.45000076293945,6224000,0.0,0.0
2004-04-22 00:00:00-04:00,41.45000076293945,42.290000915527344,41.25,42.25,6109100,0.0,0.0
2004-04-23 00:00:00-04:00,41.75,42.150001525878906,41.29999923706055,41.810001373291016,3749400,0.0,0.0
2004-04-26 00:00:00-04:00,41.810001373291016,42.029998779296875,41.04999923706055,41.20000076293945,3915200,0.0,0.0
2004-04-27 00:00:00-04:00,41.150001525878906,41.22999954223633,39.77000045776367,40.25,8880400,0.0,0.0
2004-04-28 00:00:00-04:00,40.25,40.790000915527344,39.849998474121094,40.209999084472656,5842100,0.0,0.0
2004-04-29 00:00:00-04:00,39.90999984741211,40.84000015258789,39.75,40.779998779296875,5584500,0.0,0.0
2004-04-30 00:00:00-04:00,40.900001525878906,41.70000076293945,40.84000015258789,41.189998626708984,5895700,0.0,0.0
2004-05-03 00:00:00-04:00,41.349998474121094,41.45000076293945,40.34000015258789,40.470001220703125,3834500,0.0,0.0
2004-05-04 00:00:00-04:00,40.650001525878906,40.72999954223633,39.41999816894531,40.400001525878906,5491500,0.0,0.0
2004-05-05 00:00:00-04:00,41.70000076293945,41.75,40.400001525878906,40.56999969482422,6114300,0.0,0.0
2004-05-06 00:00:00-04:00,40.5,40.5,38.5099983215332,39.5,6392500,0.0,0.0
2004-05-07 00:00:00-04:00,39.25,40.119998931884766,39.16999816894531,39.77000045776367,4574600,0.0,0.0
2004-05-10 00:00:00-04:00,39.150001525878906,39.5099983215332,38.029998779296875,38.9900016784668,3930800,0.0,0.0
2004-05-11 00:00:00-04:00,38.9900016784668,39.439998626708984,38.70000076293945,39.29999923706055,3782200,0.0,0.0
2004-05-12 00:00:00-04:00,39.09000015258789,39.400001525878906,38.29999923706055,39.33000183105469,3065400,0.0,0.0
2004-05-13 00:00:00-04:00,39.09000015258789,39.70000076293945,38.95000076293945,39.130001068115234,3029700,0.0,0.0
2004-05-14 00:00:00-04:00,39.130001068115234,39.70000076293945,38.880001068115234,39.56999969482422,3390200,0.0,0.0
2004-05-17 00:00:00-04:00,39.31999969482422,39.849998474121094,38.5099983215332,39.630001068115234,3290400,0.0,0.0
2004-05-18 00:00:00-04:00,40.0,40.400001525878906,38.61000061035156,38.97999954223633,4887100,0.0,0.0
2004-05-19 00:00:00-04:00,38.97999954223633,39.400001525878906,38.04999923706055,38.2400016784668,7253000,0.0,0.0
2004-05-20 00:00:00-04:00,38.5,38.5099983215332,37.31999969482422,37.31999969482422,6489600,0.0,0.0
2004-05-21 00:00:00-04:00,37.77000045776367,38.220001220703125,37.52000045776367,37.900001525878906,7596300,0.0,0.0
2004-05-24 00:00:00-04:00,38.25,38.5,37.38999938964844,37.4900016784668,7196400,0.0,0.0
2004-05-25 00:00:00-04:00,37.9900016784668,40.650001525878906,37.91999816894531,40.36000061035156,13762200,0.0,0.0
2004-05-26 00:00:00-04:00,41.0,45.099998474121094,40.369998931884766,44.81999969482422,18863600,0.0,0.0
2004-05-27 00:00:00-04:00,45.20000076293945,45.5,44.2599983215332,45.119998931884766,14398200,0.0,0.0
2004-05-28 00:00:00-04:00,44.900001525878906,44.90999984741211,44.16999816894531,44.29999923706055,7136300,0.0,0.0
2004-06-01 00:00:00-04:00,44.25,45.70000076293945,44.040000915527344,45.599998474121094,8402200,0.0,0.0
2004-06-02 00:00:00-04:00,45.599998474121094,45.7599983215332,44.369998931884766,44.70000076293945,6177900,0.0,0.0
2004-06-03 00:00:00-04:00,44.70000076293945,44.70000076293945,43.70000076293945,43.70000076293945,5983400,0.0,0.0
2004-06-04 00:00:00-04:00,44.0,44.0,42.31999969482422,42.900001525878906,8944600,0.0,0.0
2004-06-07 00:00:00-04:00,43.0,43.349998474121094,42.61000061035156,43.20000076293945,4198700,0.0,0.0
2004-06-08 00:00:00-04:00,42.95000076293945,43.040000915527344,42.2400016784668,43.02000045776367,5054300,0.0,0.0
2004-06-09 00:00:00-04:00,42.880001068115234,42.88999938964844,41.41999816894531,41.880001068115234,7034500,0.0,0.0
2004-06-10 00:00:00-04:00,42.5,42.5,41.709999084472656,41.709999084472656,4231500,0.0,0.0
2004-06-14 00:00:00-04:00,41.709999084472656,42.34000015258789,41.61000061035156,42.0,4147400,0.0,0.0
2004-06-15 00:00:00-04:00,42.150001525878906,42.43000030517578,41.709999084472656,41.97999954223633,4529400,0.0,0.0
2004-06-16 00:00:00-04:00,42.0,42.04999923706055,40.349998474121094,40.4900016784668,6776300,0.0,0.0
2004-06-17 00:00:00-04:00,40.4900016784668,41.70000076293945,40.25,41.41999816894531,5211200,0.0,0.0
2004-06-18 00:00:00-04:00,41.16999816894531,41.849998474121094,40.84000015258789,40.959999084472656,4677000,0.0,0.0
2004-06-21 00:00:00-04:00,41.150001525878906,41.599998474121094,40.790000915527344,40.849998474121094,2369200,0.0,0.0
2004-06-22 00:00:00-04:00,40.88999938964844,41.13999938964844,40.54999923706055,41.040000915527344,3604600,0.0,0.0
2004-06-23 00:00:00-04:00,41.040000915527344,42.209999084472656,40.400001525878906,42.04999923706055,3669000,0.0,0.0
2004-06-24 00:00:00-04:00,42.119998931884766,42.70000076293945,41.689998626708984,41.849998474121094,3776300,0.0,0.0
2004-06-25 00:00:00-04:00,41.79999923706055,41.88999938964844,41.5,41.560001373291016,3087400,0.0,0.0
2004-06-28 00:00:00-04:00,41.79999923706055,42.0,41.150001525878906,41.38999938964844,2908300,0.0,0.0
2004-06-29 00:00:00-04:00,41.599998474121094,41.599998474121094,40.91999816894531,40.9900016784668,4539900,0.0,0.0
2004-06-30 00:00:00-04:00,41.70000076293945,43.08000183105469,41.0,42.79999923706055,5185900,0.0,0.0
2004-07-01 00:00:00-04:00,42.97999954223633,43.20000076293945,41.900001525878906,42.70000076293945,3896500,0.0,0.0
2004-07-02 00:00:00-04:00,43.400001525878906,44.0,41.0,42.66999816894531,10719600,0.0,0.0
2004-07-06 00:00:00-04:00,42.0,42.40999984741211,41.849998474121094,42.34000015258789,2877700,0.0,0.0
2004-07-07 00:00:00-04:00,42.34000015258789,42.779998779296875,42.060001373291016,42.369998931884766,2645400,0.0,0.0
2004-07-08 00:00:00-04:00,42.11000061035156,42.43000030517578,41.52000045776367,41.650001525878906,2405300,0.0,0.0
2004-07-09 00:00:00-04:00,41.95000076293945,41.95000076293945,41.380001068115234,41.400001525878906,2367700,0.0,0.0
2004-07-12 00:00:00-04:00,41.40999984741211,41.58000183105469,40.84000015258789,41.400001525878906,2033600,0.0,0.0
2004-07-13 00:00:00-04:00,41.400001525878906,41.95000076293945,40.810001373291016,41.150001525878906,2746300,0.0,0.0
2004-07-14 00:00:00-04:00,40.900001525878906,41.15999984741211,40.400001525878906,40.52000045776367,3254800,0.0,0.0
2004-07-15 00:00:00-04:00,40.47999954223633,41.25,39.93000030517578,40.4900016784668,4611300,0.0,0.0
2004-07-16 00:00:00-04:00,35.04999923706055,37.400001525878906,34.93000030517578,37.400001525878906,11912600,0.0,0.0
2004-07-19 00:00:00-04:00,36.150001525878906,37.15999984741211,35.599998474121094,36.150001525878906,25108500,0.0,0.0
2004-07-20 00:00:00-04:00,34.810001373291016,35.209999084472656,34.04999923706055,34.70000076293945,26356300,0.0,0.0
2004-07-21 00:00:00-04:00,35.0,35.61000061035156,34.849998474121094,35.349998474121094,9396200,0.0,0.0
2004-07-22 00:00:00-04:00,35.20000076293945,35.310001373291016,32.79999923706055,33.27000045776367,13879300,0.0,0.0
2004-07-23 00:00:00-04:00,33.27000045776367,33.61000061035156,31.850000381469727,33.59000015258789,18460100,0.0,0.0
2004-07-26 00:00:00-04:00,34.5,36.029998779296875,34.20000076293945,35.709999084472656,14947400,0.0,0.0
2004-07-27 00:00:00-04:00,36.349998474121094,37.70000076293945,35.97999954223633,37.599998474121094,10260500,0.0,0.0
2004-07-28 00:00:00-04:00,37.599998474121094,37.599998474121094,36.0099983215332,36.529998779296875,7592900,0.0,0.0
2004-07-29 00:00:00-04:00,36.75,37.40999984741211,36.290000915527344,37.27000045776367,6194000,0.0,0.0
2004-07-30 00:00:00-04:00,38.7400016784668,38.7400016784668,37.70000076293945,38.2599983215332,7422300,0.0,0.0
2004-08-02 00:00:00-04:00,38.27000045776367,38.290000915527344,37.36000061035156,37.439998626708984,5242700,0.0,0.0
2004-08-03 00:00:00-04:00,37.099998474121094,37.36000061035156,36.47999954223633,36.68000030517578,4612500,0.0,0.0
2004-08-04 00:00:00-04:00,35.75,36.47999954223633,35.70000076293945,36.310001373291016,4024900,0.0,0.0
2004-08-05 00:00:00-04:00,36.349998474121094,36.47999954223633,31.75,33.900001525878906,25944600,0.0,0.0
2004-08-06 00:00:00-04:00,32.5,33.25,31.25,33.209999084472656,22946600,0.0,0.0
2004-08-09 00:00:00-04:00,33.04999923706055,33.43000030517578,32.04999923706055,32.119998931884766,8510200,0.0,0.0
2004-08-10 00:00:00-04:00,32.130001068115234,33.560001373291016,32.130001068115234,33.34000015258789,8064700,0.0,0.0
2004-08-11 00:00:00-04:00,32.90999984741211,33.790000915527344,32.630001068115234,33.619998931884766,4121600,0.0,0.0
2004-08-12 00:00:00-04:00,34.0,34.0,33.150001525878906,33.290000915527344,4049400,0.0,0.0
2004-08-13 00:00:00-04:00,33.25,33.25,32.16999816894531,32.369998931884766,3690400,0.0,0.0
2004-08-16 00:00:00-04:00,31.5,32.869998931884766,31.459999084472656,32.75,3528200,0.0,0.0
2004-08-17 00:00:00-04:00,32.95000076293945,33.130001068115234,32.5,33.0099983215332,3156600,0.0,0.0
2004-08-18 00:00:00-04:00,33.150001525878906,33.93000030517578,33.0099983215332,33.900001525878906,3206400,0.0,0.0
2004-08-19 00:00:00-04:00,33.90999984741211,35.900001525878906,33.5,35.0,7480100,0.0,0.0
2004-08-20 00:00:00-04:00,34.900001525878906,35.040000915527344,34.310001373291016,34.52000045776367,5022300,0.0,0.0
2004-08-23 00:00:00-04:00,35.650001525878906,35.79999923706055,35.060001373291016,35.20000076293945,4621000,0.0,0.0
2004-08-24 00:00:00-04:00,35.279998779296875,35.97999954223633,35.25,35.779998779296875,5038100,0.0,0.0
2004-08-25 00:00:00-04:00,35.810001373291016,36.849998474121094,35.790000915527344,36.79999923706055,5912300,0.0,0.0
2004-08-26 00:00:00-04:00,37.0,37.150001525878906,36.33000183105469,36.7599983215332,4459000,0.0,0.0
2004-08-27 00:00:00-04:00,37.0,37.58000183105469,36.79999923706055,37.290000915527344,4183900,0.0,0.0
2004-08-30 00:00:00-04:00,37.13999938964844,37.5,35.810001373291016,36.0,3230200,0.0,0.0
2004-08-31 00:00:00-04:00,35.959999084472656,36.0,35.20000076293945,35.72999954223633,4859700,0.0,0.0
2004-09-01 00:00:00-04:00,36.75,38.560001373291016,36.0,38.279998779296875,13191000,0.0,0.0
2004-09-02 00:00:00-04:00,38.20000076293945,39.040000915527344,37.7400016784668,38.7599983215332,6568200,0.0,0.0
2004-09-03 00:00:00-04:00,39.0,39.18000030517578,38.84000015258789,39.060001373291016,3949800,0.0,0.0
2004-09-07 00:00:00-04:00,39.18000030517578,39.400001525878906,38.560001373291016,39.0,3575500,0.0,0.0
2004-09-08 00:00:00-04:00,40.0,40.20000076293945,39.650001525878906,39.779998779296875,6578000,0.0,0.0
2004-09-09 00:00:00-04:00,39.849998474121094,39.95000076293945,38.91999816894531,39.349998474121094,3504000,0.0,0.0
2004-09-10 00:00:00-04:00,39.29999923706055,39.650001525878906,38.9900016784668,39.470001220703125,3164700,0.0,0.0
2004-09-13 00:00:00-04:00,39.47999954223633,39.58000183105469,38.7599983215332,38.900001525878906,3038800,0.0,0.0
2004-09-14 00:00:00-04:00,38.900001525878906,39.25,38.70000076293945,39.060001373291016,3452800,0.0,0.0
2004-09-15 00:00:00-04:00,38.95000076293945,39.18000030517578,38.25,38.7400016784668,3406600,0.0,0.0
2004-09-16 00:00:00-04:00,38.7400016784668,38.90999984741211,38.5099983215332,38.63999938964844,2333500,0.0,0.0
2004-09-17 00:00:00-04:00,38.86000061035156,38.88999938964844,37.86000061035156,38.34000015258789,5463700,0.0,0.0
2004-09-20 00:00:00-04:00,38.25,38.880001068115234,38.150001525878906,38.290000915527344,2363000,0.0,0.0
2004-09-21 00:00:00-04:00,38.29999923706055,38.810001373291016,38.27000045776367,38.599998474121094,2178500,0.0,0.0
2004-09-22 00:00:00-04:00,38.599998474121094,38.650001525878906,37.7400016784668,38.04999923706055,2701200,0.0,0.0
2004-09-23 00:00:00-04:00,37.5,38.220001220703125,37.5,37.790000915527344,2404100,0.0,0.0
2004-09-24 00:00:00-04:00,37.790000915527344,38.619998931884766,37.790000915527344,38.279998779296875,3150700,0.0,0.0
2004-09-27 00:00:00-04:00,38.150001525878906,38.400001525878906,37.650001525878906,38.0,2419100,0.0,0.0
2004-09-28 00:00:00-04:00,38.0099983215332,38.61000061035156,37.54999923706055,38.439998626708984,4627400,0.0,0.0
2004-09-29 00:00:00-04:00,38.29999923706055,39.7400016784668,38.029998779296875,39.20000076293945,5083000,0.0,0.0
2004-09-30 00:00:00-04:00,39.400001525878906,39.970001220703125,38.849998474121094,39.72999954223633,5601800,0.0,0.0
2004-10-01 00:00:00-04:00,39.66999816894531,39.97999954223633,39.15999984741211,39.459999084472656,3441800,0.0,0.0
2004-10-04 00:00:00-04:00,39.650001525878906,39.810001373291016,38.65999984741211,38.7599983215332,3284600,0.0,0.0
2004-10-05 00:00:00-04:00,38.81999969482422,39.06999969482422,38.29999923706055,38.40999984741211,2990900,0.0,0.0
2004-10-06 00:00:00-04:00,38.40999984741211,38.75,38.04999923706055,38.66999816894531,2678000,0.0,0.0
2004-10-07 00:00:00-04:00,38.349998474121094,38.689998626708984,38.040000915527344,38.040000915527344,1405400,0.0,0.0
2004-10-08 00:00:00-04:00,38.08000183105469,38.33000183105469,37.63999938964844,37.959999084472656,1816400,0.0,0.0
2004-10-11 00:00:00-04:00,37.90999984741211,38.29999923706055,37.400001525878906,37.70000076293945,1511500,0.0,0.0
2004-10-12 00:00:00-04:00,37.650001525878906,37.88999938964844,37.18000030517578,37.650001525878906,2439800,0.0,0.0
2004-10-13 00:00:00-04:00,38.0,38.099998474121094,37.4900016784668,37.59000015258789,3020800,0.0,0.0
2004-10-14 00:00:00-04:00,37.59000015258789,37.900001525878906,37.33000183105469,37.38999938964844,3440400,0.0,0.0
2004-10-15 00:00:00-04:00,37.54999923706055,37.72999954223633,36.7400016784668,37.0,4557400,0.0,0.0
2004-10-18 00:00:00-04:00,37.599998474121094,38.189998626708984,37.279998779296875,37.810001373291016,4380100,0.0,0.0
2004-10-19 00:00:00-04:00,37.7400016784668,37.7400016784668,34.630001068115234,35.150001525878906,11832900,0.0,0.0
2004-10-20 00:00:00-04:00,35.79999923706055,36.34000015258789,35.119998931884766,36.2400016784668,4710400,0.0,0.0
2004-10-21 00:00:00-04:00,36.4900016784668,36.70000076293945,35.400001525878906,35.5,4883500,0.0,0.0
2004-10-22 00:00:00-04:00,35.72999954223633,35.72999954223633,35.15999984741211,35.209999084472656,3212200,0.0,0.0
2004-10-25 00:00:00-04:00,34.959999084472656,35.02000045776367,34.59000015258789,34.599998474121094,3855800,0.0,0.0
2004-10-26 00:00:00-04:00,34.61000061035156,35.0,34.0099983215332,34.97999954223633,5109100,0.0,0.0
2004-10-27 00:00:00-04:00,35.220001220703125,35.7599983215332,35.0,35.279998779296875,6401400,0.0,0.0
2004-10-28 00:00:00-04:00,35.099998474121094,35.66999816894531,35.0099983215332,35.27000045776367,4064300,0.0,0.0
2004-10-29 00:00:00-04:00,35.15999984741211,35.54999923706055,35.09000015258789,35.29999923706055,3269100,0.0,0.0
2004-11-01 00:00:00-05:00,35.349998474121094,35.47999954223633,34.59000015258789,34.70000076293945,2349600,0.0,0.0
2004-11-02 00:00:00-05:00,35.099998474121094,35.599998474121094,34.709999084472656,34.869998931884766,2400200,0.0,0.0
2004-11-03 00:00:00-05:00,35.970001220703125,36.25,35.5099983215332,36.099998474121094,3474500,0.0,0.0
2004-11-04 00:00:00-05:00,36.11000061035156,36.47999954223633,35.86000061035156,36.34000015258789,2510400,0.0,0.0
2004-11-05 00:00:00-05:00,36.45000076293945,36.9900016784668,36.349998474121094,36.650001525878906,2723400,0.0,0.0
2004-11-08 00:00:00-05:00,36.650001525878906,36.689998626708984,36.130001068115234,36.439998626708984,2285300,0.0,0.0
2004-11-09 00:00:00-05:00,36.45000076293945,36.849998474121094,35.77000045776367,36.18000030517578,2782900,0.0,0.0
2004-11-10 00:00:00-05:00,36.0,36.0099983215332,35.29999923706055,35.29999923706055,5296600,0.0,0.0
2004-11-11 00:00:00-05:00,35.61000061035156,35.95000076293945,35.16999816894531,35.5,4475400,0.0,0.0
2004-11-12 00:00:00-05:00,35.70000076293945,35.72999954223633,34.5099983215332,34.70000076293945,6869300,0.0,0.0
2004-11-15 00:00:00-05:00,35.279998779296875,35.279998779296875,34.15999984741211,34.599998474121094,7627300,0.0,0.0
2004-11-16 00:00:00-05:00,34.77000045776367,34.77000045776367,33.72999954223633,33.72999954223633,7005300,0.0,0.0
2004-11-17 00:00:00-05:00,34.150001525878906,34.25,33.77000045776367,33.95000076293945,4031000,0.0,0.0
2004-11-18 00:00:00-05:00,34.0,34.11000061035156,33.54999923706055,33.84000015258789,4281400,0.0,0.0
2004-11-19 00:00:00-05:00,33.79999923706055,34.18000030517578,33.75,34.02000045776367,6081600,0.0,0.0
2004-11-22 00:00:00-05:00,34.0,34.18000030517578,33.31999969482422,33.84000015258789,5753700,0.0,0.0
2004-11-23 00:00:00-05:00,33.9900016784668,34.22999954223633,33.290000915527344,33.36000061035156,8499800,0.0,0.0
2004-11-24 00:00:00-05:00,33.599998474121094,33.869998931884766,33.59000015258789,33.599998474121094,5578400,0.0,0.0
2004-11-26 00:00:00-05:00,34.41999816894531,34.5,34.06999969482422,34.31999969482422,2242200,0.0,0.0
2004-11-29 00:00:00-05:00,34.95000076293945,34.95000076293945,34.0,34.13999938964844,3861200,0.0,0.0
2004-11-30 00:00:00-05:00,33.95000076293945,34.849998474121094,33.93000030517578,34.810001373291016,5166000,0.0,0.0
2004-12-01 00:00:00-05:00,34.9900016784668,35.56999969482422,34.91999816894531,35.52000045776367,4747900,0.0,0.0
2004-12-02 00:00:00-05:00,35.70000076293945,35.869998931884766,35.400001525878906,35.560001373291016,4539300,0.0,0.0
2004-12-03 00:00:00-05:00,35.38999938964844,35.400001525878906,34.540000915527344,34.540000915527344,5119400,0.0,0.0
2004-12-06 00:00:00-05:00,34.54999923706055,34.68000030517578,34.040000915527344,34.5,3608200,0.0,0.0
2004-12-07 00:00:00-05:00,34.02000045776367,34.75,34.0099983215332,34.150001525878906,5304700,0.0,0.0
2004-12-08 00:00:00-05:00,34.150001525878906,34.70000076293945,34.099998474121094,34.400001525878906,3181000,0.0,0.0
2004-12-09 00:00:00-05:00,34.25,34.43000030517578,33.91999816894531,34.22999954223633,3929300,0.0,0.0
2004-12-10 00:00:00-05:00,34.54999923706055,35.75,33.97999954223633,34.2599983215332,2735500,0.0,0.0
2004-12-13 00:00:00-05:00,34.59000015258789,35.2400016784668,34.459999084472656,35.0,6030000,0.0,0.0
2004-12-14 00:00:00-05:00,35.310001373291016,35.9900016784668,35.09000015258789,35.880001068115234,5717300,0.0,0.0
2004-12-15 00:00:00-05:00,36.22999954223633,36.58000183105469,35.630001068115234,36.4900016784668,5892100,0.0,0.0
2004-12-16 00:00:00-05:00,36.5,36.70000076293945,35.400001525878906,35.470001220703125,5391000,0.0,0.0
2004-12-17 00:00:00-05:00,35.470001220703125,35.900001525878906,35.41999816894531,35.470001220703125,4822900,0.0,0.0
2004-12-20 00:00:00-05:00,35.470001220703125,35.90999984741211,35.43000030517578,35.5,2535100,0.0,0.0
2004-12-21 00:00:00-05:00,35.5,36.099998474121094,35.4900016784668,35.86000061035156,3523200,0.0,0.0
2004-12-22 00:00:00-05:00,35.650001525878906,36.400001525878906,35.650001525878906,36.2400016784668,3189500,0.0,0.0
2004-12-23 00:00:00-05:00,36.25,36.34000015258789,35.84000015258789,35.88999938964844,2269600,0.0,0.0
2004-12-27 00:00:00-05:00,35.83000183105469,35.97999954223633,35.54999923706055,35.630001068115234,2196100,0.0,0.0
2004-12-28 00:00:00-05:00,35.83000183105469,36.349998474121094,35.5,36.31999969482422,2400600,0.0,0.0
2004-12-29 00:00:00-05:00,36.119998931884766,36.349998474121094,35.84000015258789,35.970001220703125,1730200,0.0,0.0
2004-12-30 00:00:00-05:00,36.0,36.04999923706055,35.779998779296875,35.88999938964844,1505000,0.0,0.0
2004-12-31 00:00:00-05:00,35.9900016784668,36.0,35.33000183105469,35.54999923706055,2656900,0.0,0.0
2005-01-03 00:00:00-05:00,34.0,35.0,33.959999084472656,34.290000915527344,6101000,0.0,0.0
2005-01-04 00:00:00-05:00,34.2599983215332,34.95000076293945,34.150001525878906,34.16999816894531,3242800,0.0,0.0
2005-01-05 00:00:00-05:00,34.29999923706055,34.97999954223633,34.20000076293945,34.70000076293945,4029800,0.0,0.0
2005-01-06 00:00:00-05:00,34.650001525878906,35.290000915527344,34.63999938964844,35.189998626708984,3669200,0.0,0.0
2005-01-07 00:00:00-05:00,35.36000061035156,35.5,34.72999954223633,34.7400016784668,3666000,0.0,0.0
2005-01-10 00:00:00-05:00,34.75,34.900001525878906,33.90999984741211,34.279998779296875,5931900,0.0,0.0
2005-01-11 00:00:00-05:00,34.0099983215332,34.349998474121094,33.650001525878906,33.900001525878906,5280700,0.0,0.0
2005-01-12 00:00:00-05:00,33.900001525878906,33.970001220703125,33.099998474121094,33.4900016784668,7966800,0.0,0.0
2005-01-13 00:00:00-05:00,33.869998931884766,33.869998931884766,33.13999938964844,33.5,7995000,0.0,0.0
2005-01-14 00:00:00-05:00,33.619998931884766,33.650001525878906,32.900001525878906,33.13999938964844,4476200,0.0,0.0
2005-01-18 00:00:00-05:00,33.689998626708984,33.70000076293945,32.91999816894531,33.529998779296875,5243300,0.0,0.0
2005-01-19 00:00:00-05:00,33.52000045776367,33.61000061035156,33.2400016784668,33.400001525878906,3721700,0.0,0.0
2005-01-20 00:00:00-05:00,33.25,33.81999969482422,33.11000061035156,33.290000915527344,3270100,0.0,0.0
2005-01-21 00:00:00-05:00,33.40999984741211,33.5099983215332,32.90999984741211,32.90999984741211,2748800,0.0,0.0
2005-01-24 00:00:00-05:00,33.150001525878906,33.5,32.150001525878906,32.20000076293945,5690500,0.0,0.0
2005-01-25 00:00:00-05:00,32.77000045776367,33.0099983215332,31.850000381469727,31.8799991607666,5269100,0.0,0.0
2005-01-26 00:00:00-05:00,32.25,32.400001525878906,31.649999618530273,31.780000686645508,4854700,0.0,0.0
2005-01-27 00:00:00-05:00,31.549999237060547,32.220001220703125,31.399999618530273,32.220001220703125,5233600,0.0,0.0
2005-01-28 00:00:00-05:00,32.25,32.4900016784668,32.04999923706055,32.20000076293945,4295400,0.0,0.0
2005-01-31 00:00:00-05:00,32.5,33.060001373291016,32.439998626708984,33.060001373291016,3878400,0.0,0.0
2005-02-01 00:00:00-05:00,33.880001068115234,34.849998474121094,33.150001525878906,34.810001373291016,11782700,0.0,0.0
2005-02-02 00:00:00-05:00,35.0,35.2599983215332,34.54999923706055,34.779998779296875,7336400,0.0,0.0
2005-02-03 00:00:00-05:00,34.900001525878906,35.060001373291016,34.06999969482422,34.40999984741211,4112300,0.0,0.0
2005-02-04 00:00:00-05:00,34.310001373291016,34.41999816894531,34.0099983215332,34.119998931884766,4365800,0.0,0.0
2005-02-07 00:00:00-05:00,34.189998626708984,34.189998626708984,33.79999923706055,33.79999923706055,3347000,0.0,0.0
2005-02-08 00:00:00-05:00,33.79999923706055,33.84000015258789,33.040000915527344,33.25,4469600,0.0,0.0
2005-02-09 00:00:00-05:00,33.400001525878906,33.400001525878906,32.54999923706055,32.68000030517578,4422700,0.0,0.0
2005-02-10 00:00:00-05:00,32.88999938964844,33.029998779296875,32.2400016784668,32.650001525878906,3289700,0.0,0.0
2005-02-11 00:00:00-05:00,32.720001220703125,33.150001525878906,32.630001068115234,33.0,2375800,0.0,0.0
2005-02-14 00:00:00-05:00,33.150001525878906,33.22999954223633,32.810001373291016,32.939998626708984,2175600,0.0,0.0
2005-02-15 00:00:00-05:00,32.939998626708984,33.040000915527344,32.75,33.0,2398700,0.0,0.0
2005-02-16 00:00:00-05:00,32.97999954223633,33.29999923706055,32.810001373291016,33.27000045776367,4092000,0.0,0.0
2005-02-17 00:00:00-05:00,33.380001068115234,33.529998779296875,33.0099983215332,33.29999923706055,4073600,0.0,0.0
2005-02-18 00:00:00-05:00,33.310001373291016,33.310001373291016,32.7400016784668,32.7599983215332,4502900,0.0,0.0
2005-02-22 00:00:00-05:00,32.779998779296875,32.79999923706055,32.0099983215332,32.150001525878906,4698400,0.0,0.0
2005-02-23 00:00:00-05:00,32.189998626708984,32.34000015258789,31.790000915527344,32.2400016784668,4009800,0.0,0.0
2005-02-24 00:00:00-05:00,32.2599983215332,33.04999923706055,32.2400016784668,33.02000045776367,4923500,0.0,0.0
2005-02-25 00:00:00-05:00,33.029998779296875,33.52000045776367,32.84000015258789,33.310001373291016,5590300,0.0,0.0
2005-02-28 00:00:00-05:00,33.27000045776367,33.279998779296875,32.38999938964844,32.65999984741211,3508800,0.0,0.0
2005-03-01 00:00:00-05:00,32.81999969482422,33.209999084472656,32.40999984741211,32.70000076293945,4442000,0.0,0.0
2005-03-02 00:00:00-05:00,32.709999084472656,32.79999923706055,31.5,31.559999465942383,8603600,0.0,0.0
2005-03-03 00:00:00-05:00,31.559999465942383,31.559999465942383,30.010000228881836,30.899999618530273,24334900,0.0,0.0
2005-03-04 00:00:00-05:00,31.139999389648438,31.889999389648438,30.90999984741211,31.389999389648438,10708100,0.0,0.0
2005-03-07 00:00:00-05:00,31.389999389648438,31.8799991607666,30.600000381469727,30.729999542236328,14198100,0.0,0.0
2005-03-08 00:00:00-05:00,30.709999084472656,30.729999542236328,29.719999313354492,29.770000457763672,10032000,0.0,0.0
2005-03-09 00:00:00-05:00,29.700000762939453,30.0,28.790000915527344,29.75,7862900,0.0,0.0
2005-03-10 00:00:00-05:00,29.920000076293945,30.350000381469727,29.610000610351562,30.0,6517600,0.0,0.0
2005-03-11 00:00:00-05:00,30.09000015258789,30.1299991607666,29.860000610351562,30.0,5031900,0.0,0.0
2005-03-14 00:00:00-05:00,30.049999237060547,30.350000381469727,30.0,30.31999969482422,3625400,0.0,0.0
2005-03-15 00:00:00-05:00,30.420000076293945,30.649999618530273,30.09000015258789,30.329999923706055,5913300,0.0,0.0
2005-03-16 00:00:00-05:00,30.360000610351562,30.549999237060547,30.1299991607666,30.40999984741211,4648900,0.0,0.0
2005-03-17 00:00:00-05:00,30.43000030517578,30.65999984741211,30.219999313354492,30.260000228881836,5298800,0.0,0.0
2005-03-18 00:00:00-05:00,30.350000381469727,30.399999618530273,29.420000076293945,29.8700008392334,12051000,0.0,0.0
2005-03-21 00:00:00-05:00,29.8700008392334,29.8700008392334,29.200000762939453,29.360000610351562,5195000,0.0,0.0
2005-03-22 00:00:00-05:00,29.420000076293945,29.489999771118164,28.850000381469727,28.979999542236328,5656900,0.0,0.0
2005-03-23 00:00:00-05:00,29.350000381469727,29.579999923706055,28.979999542236328,29.0,4861300,0.0,0.0
2005-03-24 00:00:00-05:00,29.100000381469727,29.290000915527344,28.940000534057617,29.079999923706055,3748800,0.0,0.0
2005-03-28 00:00:00-05:00,29.079999923706055,29.18000030517578,28.860000610351562,28.90999984741211,3605700,0.0,0.0
2005-03-29 00:00:00-05:00,28.84000015258789,29.1299991607666,28.56999969482422,28.670000076293945,4058100,0.0,0.0
2005-03-30 00:00:00-05:00,28.850000381469727,29.260000228881836,28.75,29.239999771118164,3930100,0.0,0.0
2005-03-31 00:00:00-05:00,29.270000457763672,29.5,29.149999618530273,29.290000915527344,4703900,0.0,0.0
2005-04-01 00:00:00-05:00,29.25,29.469999313354492,28.559999465942383,28.670000076293945,4175500,0.0,0.0
2005-04-04 00:00:00-04:00,29.049999237060547,29.31999969482422,28.579999923706055,29.290000915527344,4443300,0.0,0.0
2005-04-05 00:00:00-04:00,29.780000686645508,30.760000228881836,29.59000015258789,30.709999084472656,8541800,0.0,0.0
2005-04-06 00:00:00-04:00,30.889999389648438,30.889999389648438,30.530000686645508,30.610000610351562,4443600,0.0,0.0
2005-04-07 00:00:00-04:00,30.549999237060547,30.850000381469727,30.260000228881836,30.579999923706055,2610200,0.0,0.0
2005-04-08 00:00:00-04:00,30.649999618530273,30.93000030517578,30.479999542236328,30.5,2584500,0.0,0.0
2005-04-11 00:00:00-04:00,30.510000228881836,30.760000228881836,30.299999237060547,30.540000915527344,2668800,0.0,0.0
2005-04-12 00:00:00-04:00,30.31999969482422,30.899999618530273,30.209999084472656,30.649999618530273,3832300,0.0,0.0
2005-04-13 00:00:00-04:00,30.719999313354492,30.940000534057617,30.100000381469727,30.200000762939453,2815700,0.0,0.0
2005-04-14 00:00:00-04:00,30.899999618530273,30.899999618530273,29.700000762939453,29.899999618530273,3585300,0.0,0.0
2005-04-15 00:00:00-04:00,29.90999984741211,30.239999771118164,29.84000015258789,29.93000030517578,5489200,0.0,0.0
2005-04-18 00:00:00-04:00,29.899999618530273,30.799999237060547,29.68000030517578,30.75,6070500,0.0,0.0
2005-04-19 00:00:00-04:00,30.75,31.31999969482422,29.049999237060547,29.049999237060547,10720700,0.0,0.0
2005-04-20 00:00:00-04:00,29.049999237060547,29.600000381469727,28.709999084472656,28.75,6500800,0.0,0.0
2005-04-21 00:00:00-04:00,29.049999237060547,29.440000534057617,28.850000381469727,29.290000915527344,6401200,0.0,0.0
2005-04-22 00:00:00-04:00,29.270000457763672,29.6299991607666,29.1299991607666,29.350000381469727,4156000,0.0,0.0
2005-04-25 00:00:00-04:00,29.43000030517578,29.770000457763672,29.299999237060547,29.600000381469727,4784700,0.0,0.0
2005-04-26 00:00:00-04:00,29.5,29.8700008392334,29.09000015258789,29.110000610351562,3207200,0.0,0.0
2005-04-27 00:00:00-04:00,29.010000228881836,29.75,28.770000457763672,29.3700008392334,2988500,0.0,0.0
2005-04-28 00:00:00-04:00,28.950000762939453,29.639999389648438,28.950000762939453,29.469999313354492,3449400,0.0,0.0
2005-04-29 00:00:00-04:00,29.520000457763672,29.93000030517578,29.3700008392334,29.579999923706055,3020100,0.0,0.0
2005-05-02 00:00:00-04:00,29.520000457763672,29.739999771118164,29.15999984741211,29.360000610351562,3485300,0.0,0.0
2005-05-03 00:00:00-04:00,29.43000030517578,30.0,29.3700008392334,29.84000015258789,2975200,0.0,0.0
2005-05-04 00:00:00-04:00,29.81999969482422,29.950000762939453,29.0,29.360000610351562,5290200,0.0,0.0
2005-05-05 00:00:00-04:00,29.350000381469727,29.75,29.149999618530273,29.5,3041100,0.0,0.0
2005-05-06 00:00:00-04:00,29.600000381469727,29.969999313354492,29.510000228881836,29.610000610351562,3211200,0.0,0.0
2005-05-09 00:00:00-04:00,29.56999969482422,29.56999969482422,29.190000534057617,29.5,3159600,0.0,0.0
2005-05-10 00:00:00-04:00,29.3700008392334,29.829999923706055,29.31999969482422,29.75,2775200,0.0,0.0
2005-05-11 00:00:00-04:00,29.719999313354492,30.489999771118164,29.610000610351562,30.420000076293945,4433400,0.0,0.0
2005-05-12 00:00:00-04:00,30.5,30.549999237060547,29.0,30.360000610351562,3449100,0.0,0.0
2005-05-13 00:00:00-04:00,30.68000030517578,30.719999313354492,30.010000228881836,30.299999237060547,3316100,0.0,0.0
2005-05-16 00:00:00-04:00,30.260000228881836,30.850000381469727,30.15999984741211,30.75,2467800,0.0,0.0
2005-05-17 00:00:00-04:00,30.540000915527344,30.899999618530273,30.309999465942383,30.799999237060547,3243600,0.0,0.0
2005-05-18 00:00:00-04:00,30.899999618530273,30.920000076293945,30.530000686645508,30.600000381469727,2701800,0.0,0.0
2005-05-19 00:00:00-04:00,30.56999969482422,30.600000381469727,30.25,30.360000610351562,3196900,0.0,0.0
2005-05-20 00:00:00-04:00,30.219999313354492,30.450000762939453,30.079999923706055,30.31999969482422,3983500,0.0,0.0
2005-05-23 00:00:00-04:00,30.149999618530273,30.809999465942383,30.049999237060547,30.700000762939453,3569600,0.0,0.0
2005-05-24 00:00:00-04:00,30.31999969482422,30.799999237060547,30.31999969482422,30.600000381469727,4736900,0.0,0.0
2005-05-25 00:00:00-04:00,29.950000762939453,30.09000015258789,29.389999389648438,29.459999084472656,9213000,0.0,0.0
2005-05-26 00:00:00-04:00,29.299999237060547,29.399999618530273,27.989999771118164,28.15999984741211,12455100,0.0,0.0
2005-05-27 00:00:00-04:00,28.200000762939453,28.489999771118164,27.799999237060547,27.950000762939453,6335300,0.0,0.0
2005-05-31 00:00:00-04:00,27.950000762939453,28.0,26.5,27.09000015258789,11981700,0.0,0.0
2005-06-01 00:00:00-04:00,27.15999984741211,27.399999618530273,27.149999618530273,27.299999237060547,6555300,0.0,0.0
2005-06-02 00:00:00-04:00,27.350000381469727,28.25,27.229999542236328,27.850000381469727,5510400,0.0,0.0
2005-06-03 00:00:00-04:00,27.940000534057617,27.940000534057617,27.450000762939453,27.799999237060547,4756000,0.0,0.0
2005-06-06 00:00:00-04:00,27.719999313354492,27.860000610351562,27.510000228881836,27.860000610351562,2172600,0.0,0.0
2005-06-07 00:00:00-04:00,28.110000610351562,28.200000762939453,27.950000762939453,27.979999542236328,3274400,0.0,0.0
2005-06-08 00:00:00-04:00,27.969999313354492,28.3700008392334,27.90999984741211,28.049999237060547,5813400,0.0,0.0
2005-06-09 00:00:00-04:00,28.15999984741211,28.700000762939453,27.920000076293945,28.540000915527344,6849700,0.0,0.0
2005-06-10 00:00:00-04:00,28.549999237060547,28.829999923706055,28.0,28.600000381469727,3410000,0.0,0.0
2005-06-13 00:00:00-04:00,28.5,28.850000381469727,28.420000076293945,28.700000762939453,3329800,0.0,0.0
2005-06-14 00:00:00-04:00,28.600000381469727,28.90999984741211,28.559999465942383,28.889999389648438,3405600,0.0,0.0
2005-06-15 00:00:00-04:00,28.8700008392334,29.040000915527344,28.780000686645508,28.90999984741211,4877000,0.0,0.0
2005-06-16 00:00:00-04:00,28.979999542236328,29.09000015258789,28.84000015258789,29.040000915527344,4386200,0.0,0.0
2005-06-17 00:00:00-04:00,29.229999542236328,29.239999771118164,28.799999237060547,29.0,4353400,0.0,0.0
2005-06-20 00:00:00-04:00,29.0,29.010000228881836,28.600000381469727,28.6200008392334,3636700,0.0,0.0
2005-06-21 00:00:00-04:00,28.670000076293945,28.850000381469727,27.59000015258789,28.700000762939453,5901100,0.0,0.0
2005-06-22 00:00:00-04:00,28.649999618530273,28.649999618530273,28.200000762939453,28.290000915527344,4790800,0.0,0.0
2005-06-23 00:00:00-04:00,28.25,28.329999923706055,27.690000534057617,27.809999465942383,3214200,0.0,0.0
2005-06-24 00:00:00-04:00,27.75,27.799999237060547,27.260000228881836,27.510000228881836,4597500,0.0,0.0
2005-06-27 00:00:00-04:00,27.399999618530273,27.969999313354492,27.360000610351562,27.520000457763672,2451700,0.0,0.0
2005-06-28 00:00:00-04:00,27.5,28.0,27.43000030517578,27.709999084472656,3004300,0.0,0.0
2005-06-29 00:00:00-04:00,27.709999084472656,27.780000686645508,27.450000762939453,27.489999771118164,3296500,0.0,0.0
2005-06-30 00:00:00-04:00,27.459999084472656,27.479999542236328,26.959999084472656,27.0,3852500,0.0,0.0
2005-07-01 00:00:00-04:00,26.989999771118164,27.100000381469727,26.799999237060547,26.889999389648438,3929300,0.0,0.0
2005-07-05 00:00:00-04:00,28.75,29.040000915527344,28.299999237060547,28.600000381469727,9692000,0.0,0.0
2005-07-06 00:00:00-04:00,28.6200008392334,28.68000030517578,27.899999618530273,28.0,5960400,0.0,0.0
2005-07-07 00:00:00-04:00,27.700000762939453,27.940000534057617,27.5,27.799999237060547,2430700,0.0,0.0
2005-07-08 00:00:00-04:00,27.850000381469727,27.969999313354492,27.520000457763672,27.799999237060547,3288400,0.0,0.0
2005-07-11 00:00:00-04:00,27.649999618530273,28.059999465942383,27.579999923706055,27.969999313354492,4337100,0.0,0.0
2005-07-12 00:00:00-04:00,27.889999389648438,28.059999465942383,27.729999542236328,27.860000610351562,2174100,0.0,0.0
2005-07-13 00:00:00-04:00,27.5,27.940000534057617,27.100000381469727,27.479999542236328,8020300,0.0,0.0
2005-07-14 00:00:00-04:00,27.549999237060547,27.780000686645508,27.329999923706055,27.450000762939453,3463900,0.0,0.0
2005-07-15 00:00:00-04:00,27.389999389648438,27.739999771118164,27.389999389648438,27.65999984741211,2850200,0.0,0.0
2005-07-18 00:00:00-04:00,27.40999984741211,27.579999923706055,27.15999984741211,27.170000076293945,2898900,0.0,0.0
2005-07-19 00:00:00-04:00,27.5,28.450000762939453,27.389999389648438,28.31999969482422,8202100,0.0,0.0
2005-07-20 00:00:00-04:00,28.299999237060547,28.889999389648438,28.049999237060547,28.829999923706055,6164900,0.0,0.0
2005-07-21 00:00:00-04:00,28.799999237060547,28.81999969482422,28.149999618530273,28.190000534057617,2856500,0.0,0.0
2005-07-22 00:00:00-04:00,28.350000381469727,28.530000686645508,28.079999923706055,28.43000030517578,2311600,0.0,0.0
2005-07-25 00:00:00-04:00,28.43000030517578,28.68000030517578,28.229999542236328,28.329999923706055,1633400,0.0,0.0
2005-07-26 00:00:00-04:00,28.290000915527344,28.3700008392334,28.049999237060547,28.260000228881836,2155000,0.0,0.0
2005-07-27 00:00:00-04:00,28.299999237060547,28.969999313354492,28.260000228881836,28.8799991607666,3887900,0.0,0.0
2005-07-28 00:00:00-04:00,28.8799991607666,28.989999771118164,28.65999984741211,28.780000686645508,2431400,0.0,0.0
2005-07-29 00:00:00-04:00,28.670000076293945,29.149999618530273,28.649999618530273,28.950000762939453,2182000,0.0,0.0
2005-08-01 00:00:00-04:00,28.809999465942383,28.850000381469727,28.299999237060547,28.420000076293945,2951100,0.0,0.0
2005-08-02 00:00:00-04:00,28.559999465942383,28.799999237060547,28.43000030517578,28.729999542236328,2104800,0.0,0.0
2005-08-03 00:00:00-04:00,28.5,28.690000534057617,28.290000915527344,28.399999618530273,2135200,0.0,0.0
2005-08-04 00:00:00-04:00,28.399999618530273,28.43000030517578,27.90999984741211,27.950000762939453,2517900,0.0,0.0
2005-08-05 00:00:00-04:00,27.950000762939453,28.770000457763672,27.850000381469727,28.68000030517578,4681300,0.0,0.0
2005-08-08 00:00:00-04:00,28.799999237060547,29.0,28.649999618530273,28.850000381469727,3507200,0.0,0.0
2005-08-09 00:00:00-04:00,28.950000762939453,29.350000381469727,28.739999771118164,28.81999969482422,3698600,0.0,0.0
2005-08-10 00:00:00-04:00,28.989999771118164,28.989999771118164,28.389999389648438,28.579999923706055,2545900,0.0,0.0
2005-08-11 00:00:00-04:00,28.709999084472656,28.790000915527344,28.459999084472656,28.6299991607666,1472200,0.0,0.0
2005-08-12 00:00:00-04:00,28.6200008392334,28.65999984741211,27.899999618530273,28.309999465942383,2497100,0.0,0.0
2005-08-15 00:00:00-04:00,28.3799991607666,28.5,28.110000610351562,28.399999618530273,1989800,0.0,0.0
2005-08-16 00:00:00-04:00,28.350000381469727,28.399999618530273,27.850000381469727,28.030000686645508,3075700,0.0,0.0
2005-08-17 00:00:00-04:00,27.889999389648438,27.950000762939453,27.489999771118164,27.520000457763672,4405700,0.0,0.0
2005-08-18 00:00:00-04:00,27.540000915527344,27.770000457763672,27.40999984741211,27.520000457763672,3620200,0.0,0.0
2005-08-19 00:00:00-04:00,27.700000762939453,27.790000915527344,27.520000457763672,27.559999465942383,2439900,0.0,0.0
2005-08-22 00:00:00-04:00,27.559999465942383,27.610000610351562,26.829999923706055,27.149999618530273,4209400,0.0,0.0
2005-08-23 00:00:00-04:00,26.469999313354492,26.690000534057617,25.700000762939453,25.920000076293945,15844300,0.0,0.0
2005-08-24 00:00:00-04:00,26.010000228881836,26.729999542236328,26.010000228881836,26.3799991607666,5876600,0.0,0.0
2005-08-25 00:00:00-04:00,26.399999618530273,26.709999084472656,26.399999618530273,26.579999923706055,2741100,0.0,0.0
2005-08-26 00:00:00-04:00,26.540000915527344,26.639999389648438,26.229999542236328,26.229999542236328,2846500,0.0,0.0
2005-08-29 00:00:00-04:00,26.049999237060547,26.559999465942383,25.799999237060547,26.530000686645508,3026400,0.0,0.0
2005-08-30 00:00:00-04:00,26.59000015258789,26.75,26.399999618530273,26.600000381469727,3289600,0.0,0.0
2005-08-31 00:00:00-04:00,26.549999237060547,26.920000076293945,26.299999237060547,26.8799991607666,2295500,0.0,0.0
2005-09-01 00:00:00-04:00,26.81999969482422,27.040000915527344,26.31999969482422,26.450000762939453,2509900,0.0,0.0
2005-09-02 00:00:00-04:00,26.479999542236328,26.670000076293945,26.31999969482422,26.34000015258789,1261300,0.0,0.0
2005-09-06 00:00:00-04:00,26.309999465942383,26.389999389648438,26.1200008392334,26.209999084472656,3729900,0.0,0.0
2005-09-07 00:00:00-04:00,26.190000534057617,26.399999618530273,24.1200008392334,24.260000228881836,17056900,0.0,0.0
2005-09-08 00:00:00-04:00,24.5,25.469999313354492,24.209999084472656,25.18000030517578,11835400,0.0,0.0
2005-09-09 00:00:00-04:00,25.18000030517578,25.280000686645508,24.899999618530273,25.100000381469727,3984000,0.0,0.0
2005-09-12 00:00:00-04:00,25.0,25.15999984741211,24.93000030517578,25.040000915527344,3592400,0.0,0.0
2005-09-13 00:00:00-04:00,25.030000686645508,25.399999618530273,24.860000610351562,25.0,4878300,0.0,0.0
2005-09-14 00:00:00-04:00,25.110000610351562,25.200000762939453,24.920000076293945,24.979999542236328,4198000,0.0,0.0
2005-09-15 00:00:00-04:00,24.979999542236328,25.200000762939453,24.549999237060547,24.579999923706055,4303900,0.0,0.0
2005-09-16 00:00:00-04:00,24.510000228881836,24.700000762939453,24.1200008392334,24.200000762939453,19018200,0.0,0.0
2005-09-19 00:00:00-04:00,24.260000228881836,24.31999969482422,23.760000228881836,23.93000030517578,5661100,0.0,0.0
2005-09-20 00:00:00-04:00,23.989999771118164,24.059999465942383,23.360000610351562,23.649999618530273,5717000,0.0,0.0
2005-09-21 00:00:00-04:00,23.649999618530273,23.65999984741211,23.139999389648438,23.170000076293945,4334400,0.0,0.0
2005-09-22 00:00:00-04:00,23.170000076293945,24.0,23.110000610351562,23.790000915527344,5284400,0.0,0.0
2005-09-23 00:00:00-04:00,23.829999923706055,24.6299991607666,23.790000915527344,24.360000610351562,6513600,0.0,0.0
2005-09-26 00:00:00-04:00,24.530000686645508,24.579999923706055,23.540000915527344,23.59000015258789,4306900,0.0,0.0
2005-09-27 00:00:00-04:00,23.149999618530273,23.780000686645508,23.1299991607666,23.600000381469727,6642000,0.0,0.0
2005-09-28 00:00:00-04:00,23.549999237060547,23.700000762939453,22.899999618530273,23.049999237060547,5805400,0.0,0.0
2005-09-29 00:00:00-04:00,23.049999237060547,23.440000534057617,22.889999389648438,23.350000381469727,3541400,0.0,0.0
2005-09-30 00:00:00-04:00,23.270000457763672,23.3799991607666,23.049999237060547,23.3700008392334,2654400,0.0,0.0
2005-10-03 00:00:00-04:00,23.31999969482422,23.450000762939453,23.149999618530273,23.3700008392334,3053200,0.0,0.0
2005-10-04 00:00:00-04:00,23.489999771118164,24.350000381469727,23.469999313354492,23.979999542236328,6054800,0.0,0.0
2005-10-05 00:00:00-04:00,24.100000381469727,24.299999237060547,23.709999084472656,23.799999237060547,4450700,0.0,0.0
2005-10-06 00:00:00-04:00,23.850000381469727,24.18000030517578,23.489999771118164,23.6200008392334,5364200,0.0,0.0
2005-10-07 00:00:00-04:00,23.81999969482422,23.950000762939453,23.520000457763672,23.600000381469727,3225200,0.0,0.0
2005-10-10 00:00:00-04:00,23.65999984741211,23.860000610351562,23.549999237060547,23.799999237060547,2282200,0.0,0.0
2005-10-11 00:00:00-04:00,23.760000228881836,24.049999237060547,23.219999313354492,23.469999313354492,4058400,0.0,0.0
2005-10-12 00:00:00-04:00,23.469999313354492,23.670000076293945,23.079999923706055,23.479999542236328,5222800,0.0,0.0
2005-10-13 00:00:00-04:00,23.5,24.489999771118164,23.420000076293945,24.299999237060547,5082300,0.0,0.0
2005-10-14 00:00:00-04:00,24.200000762939453,24.399999618530273,23.420000076293945,23.860000610351562,8608800,0.0,0.0
2005-10-17 00:00:00-04:00,23.600000381469727,23.700000762939453,23.170000076293945,23.56999969482422,6329100,0.0,0.0
2005-10-18 00:00:00-04:00,23.510000228881836,23.6200008392334,22.920000076293945,22.950000762939453,6066600,0.0,0.0
2005-10-19 00:00:00-04:00,23.1200008392334,23.84000015258789,22.799999237060547,23.729999542236328,5387300,0.0,0.0
2005-10-20 00:00:00-04:00,23.899999618530273,24.149999618530273,23.579999923706055,23.739999771118164,4279500,0.0,0.0
2005-10-21 00:00:00-04:00,23.729999542236328,24.049999237060547,23.579999923706055,23.889999389648438,2839600,0.0,0.0
2005-10-24 00:00:00-04:00,24.280000686645508,24.940000534057617,24.25,24.649999618530273,3895100,0.0,0.0
2005-10-25 00:00:00-04:00,24.75,24.850000381469727,24.059999465942383,24.350000381469727,4129700,0.0,0.0
2005-10-26 00:00:00-04:00,24.309999465942383,24.600000381469727,24.15999984741211,24.329999923706055,3500100,0.0,0.0
2005-10-27 00:00:00-04:00,24.399999618530273,24.6299991607666,24.219999313354492,24.280000686645508,2965300,0.0,0.0
2005-10-28 00:00:00-04:00,24.530000686645508,24.639999389648438,24.100000381469727,24.59000015258789,3069800,0.0,0.0
2005-10-31 00:00:00-05:00,24.59000015258789,25.15999984741211,24.469999313354492,25.1200008392334,3736800,0.0,0.0
2005-11-01 00:00:00-05:00,25.200000762939453,25.469999313354492,25.059999465942383,25.290000915527344,3032800,0.0,0.0
2005-11-02 00:00:00-05:00,25.170000076293945,25.3799991607666,25.15999984741211,25.290000915527344,2480400,0.0,0.0
2005-11-03 00:00:00-05:00,25.31999969482422,25.690000534057617,25.280000686645508,25.6200008392334,2178000,0.0,0.0
2005-11-04 00:00:00-05:00,25.719999313354492,25.719999313354492,25.290000915527344,25.559999465942383,2059800,0.0,0.0
2005-11-07 00:00:00-05:00,25.6200008392334,25.649999618530273,25.350000381469727,25.600000381469727,2383900,0.0,0.0
2005-11-08 00:00:00-05:00,25.5,25.559999465942383,25.18000030517578,25.299999237060547,2032000,0.0,0.0
2005-11-09 00:00:00-05:00,25.59000015258789,26.06999969482422,25.270000457763672,25.899999618530273,3253600,0.0,0.0
2005-11-10 00:00:00-05:00,25.850000381469727,26.059999465942383,25.360000610351562,25.969999313354492,2121900,0.0,0.0
2005-11-11 00:00:00-05:00,25.93000030517578,25.93000030517578,25.399999618530273,25.450000762939453,3099800,0.0,0.0
2005-11-14 00:00:00-05:00,25.31999969482422,25.360000610351562,24.81999969482422,25.020000457763672,4174200,0.0,0.0
2005-11-15 00:00:00-05:00,24.940000534057617,25.239999771118164,24.920000076293945,25.079999923706055,2263200,0.0,0.0
2005-11-16 00:00:00-05:00,25.06999969482422,25.190000534057617,24.8700008392334,25.0,2037000,0.0,0.0
2005-11-17 00:00:00-05:00,25.0,26.06999969482422,25.0,25.940000534057617,4122200,0.0,0.0
2005-11-18 00:00:00-05:00,26.0,26.15999984741211,25.600000381469727,26.100000381469727,2758800,0.0,0.0
2005-11-21 00:00:00-05:00,26.049999237060547,26.360000610351562,25.899999618530273,26.260000228881836,2478200,0.0,0.0
2005-11-22 00:00:00-05:00,26.110000610351562,26.25,25.75,25.969999313354492,2860800,0.0,0.0
2005-11-23 00:00:00-05:00,25.84000015258789,26.549999237060547,25.84000015258789,26.299999237060547,2176400,0.0,0.0
2005-11-25 00:00:00-05:00,26.600000381469727,26.610000610351562,26.299999237060547,26.56999969482422,1060300,0.0,0.0
2005-11-28 00:00:00-05:00,26.489999771118164,26.75,26.200000762939453,26.3700008392334,4235500,0.0,0.0
2005-11-29 00:00:00-05:00,26.3700008392334,26.670000076293945,26.190000534057617,26.450000762939453,3340400,0.0,0.0
2005-11-30 00:00:00-05:00,26.360000610351562,26.6299991607666,25.959999084472656,26.479999542236328,3856100,0.0,0.0
2005-12-01 00:00:00-05:00,26.5,27.200000762939453,26.3799991607666,26.68000030517578,6928100,0.0,0.0
2005-12-02 00:00:00-05:00,26.899999618530273,27.81999969482422,26.8799991607666,27.329999923706055,9290000,0.0,0.0
2005-12-05 00:00:00-05:00,25.84000015258789,27.729999542236328,25.510000228881836,26.350000381469727,38371600,0.0,0.0
2005-12-06 00:00:00-05:00,27.0,27.0,26.15999984741211,26.34000015258789,16851200,0.0,0.0
2005-12-07 00:00:00-05:00,26.209999084472656,26.549999237060547,25.739999771118164,25.809999465942383,9307600,0.0,0.0
2005-12-08 00:00:00-05:00,25.950000762939453,26.209999084472656,25.68000030517578,26.0,4329400,0.0,0.0
2005-12-09 00:00:00-05:00,26.209999084472656,26.329999923706055,25.959999084472656,26.170000076293945,5547000,0.0,0.0
2005-12-12 00:00:00-05:00,26.399999618530273,26.40999984741211,25.700000762939453,25.8700008392334,3920900,0.0,0.0
2005-12-13 00:00:00-05:00,25.8799991607666,26.020000457763672,25.299999237060547,25.600000381469727,6665300,0.0,0.0
2005-12-14 00:00:00-05:00,25.600000381469727,25.770000457763672,25.290000915527344,25.299999237060547,4879800,0.0,0.0
2005-12-15 00:00:00-05:00,25.450000762939453,25.6200008392334,25.299999237060547,25.559999465942383,5126200,0.0,0.0
2005-12-16 00:00:00-05:00,25.739999771118164,25.739999771118164,25.5,25.639999389648438,3779600,0.0,0.0
2005-12-19 00:00:00-05:00,25.520000457763672,25.690000534057617,25.25,25.610000610351562,3930000,0.0,0.0
2005-12-20 00:00:00-05:00,25.600000381469727,25.700000762939453,25.139999389648438,25.15999984741211,3440500,0.0,0.0
2005-12-21 00:00:00-05:00,25.260000228881836,25.559999465942383,25.200000762939453,25.360000610351562,3467200,0.0,0.0
2005-12-22 00:00:00-05:00,25.479999542236328,25.5,25.15999984741211,25.389999389648438,3610000,0.0,0.0
2005-12-23 00:00:00-05:00,25.459999084472656,25.84000015258789,25.309999465942383,25.84000015258789,2483200,0.0,0.0
2005-12-27 00:00:00-05:00,25.780000686645508,25.780000686645508,25.06999969482422,25.06999969482422,5189900,0.0,0.0
2005-12-28 00:00:00-05:00,25.06999969482422,25.100000381469727,24.780000686645508,24.799999237060547,3082700,0.0,0.0
2005-12-29 00:00:00-05:00,24.75,24.950000762939453,24.510000228881836,24.739999771118164,2962500,0.0,0.0
2005-12-30 00:00:00-05:00,24.350000381469727,24.639999389648438,24.260000228881836,24.489999771118164,3969500,0.0,0.0
2006-01-03 00:00:00-05:00,24.559999465942383,24.670000076293945,24.059999465942383,24.459999084472656,3967900,0.0,0.0
2006-01-04 00:00:00-05:00,24.600000381469727,25.3799991607666,24.559999465942383,25.309999465942383,9083200,0.0,0.0
2006-01-05 00:00:00-05:00,25.399999618530273,25.889999389648438,25.219999313354492,25.8700008392334,7098300,0.0,0.0
2006-01-06 00:00:00-05:00,26.170000076293945,26.260000228881836,25.959999084472656,26.239999771118164,7728700,0.0,0.0
2006-01-09 00:00:00-05:00,26.209999084472656,26.360000610351562,25.670000076293945,25.8799991607666,16834300,0.0,0.0
2006-01-10 00:00:00-05:00,25.8799991607666,26.559999465942383,25.469999313354492,26.479999542236328,15307100,0.0,0.0
2006-01-11 00:00:00-05:00,26.0,26.399999618530273,25.149999618530273,25.40999984741211,14097300,0.0,0.0
2006-01-12 00:00:00-05:00,25.40999984741211,25.420000076293945,24.969999313354492,25.049999237060547,6744900,0.0,0.0
2006-01-13 00:00:00-05:00,25.0,25.34000015258789,24.790000915527344,25.200000762939453,8096200,0.0,0.0
2006-01-17 00:00:00-05:00,24.0,24.31999969482422,23.700000762939453,23.899999618530273,17883000,0.0,0.0
2006-01-18 00:00:00-05:00,23.889999389648438,24.309999465942383,23.719999313354492,23.93000030517578,8709000,0.0,0.0
2006-01-19 00:00:00-05:00,24.049999237060547,24.34000015258789,23.8700008392334,23.950000762939453,6375600,0.0,0.0
2006-01-20 00:00:00-05:00,23.899999618530273,24.020000457763672,23.049999237060547,23.59000015258789,11474600,0.0,0.0
2006-01-23 00:00:00-05:00,23.59000015258789,23.75,23.280000686645508,23.34000015258789,6191200,0.0,0.0
2006-01-24 00:00:00-05:00,23.450000762939453,24.0,23.280000686645508,24.0,8389400,0.0,0.0
2006-01-25 00:00:00-05:00,23.889999389648438,23.899999618530273,23.399999618530273,23.540000915527344,20330800,0.0,0.0
2006-01-26 00:00:00-05:00,23.549999237060547,23.829999923706055,23.139999389648438,23.149999618530273,10158800,0.0,0.0
2006-01-27 00:00:00-05:00,22.0,22.100000381469727,21.440000534057617,21.6299991607666,30974900,0.0,0.0
2006-01-30 00:00:00-05:00,21.690000534057617,21.81999969482422,20.639999389648438,20.899999618530273,23029900,0.0,0.0
2006-01-31 00:00:00-05:00,20.799999237060547,21.959999084472656,20.56999969482422,21.8700008392334,21375800,0.0,0.0
2006-02-01 00:00:00-05:00,21.950000762939453,22.3700008392334,21.530000686645508,21.889999389648438,11453100,0.0,0.0
2006-02-02 00:00:00-05:00,22.010000228881836,22.260000228881836,21.719999313354492,21.739999771118164,8777100,0.0,0.0
2006-02-03 00:00:00-05:00,21.700000762939453,21.950000762939453,21.309999465942383,21.799999237060547,7259600,0.0,0.0
2006-02-06 00:00:00-05:00,21.770000457763672,21.969999313354492,21.299999237060547,21.6200008392334,6588900,0.0,0.0
2006-02-07 00:00:00-05:00,21.549999237060547,22.280000686645508,21.520000457763672,22.260000228881836,12201000,0.0,0.0
2006-02-08 00:00:00-05:00,22.360000610351562,23.360000610351562,22.049999237060547,22.229999542236328,13827100,0.0,0.0
2006-02-09 00:00:00-05:00,22.350000381469727,22.489999771118164,21.729999542236328,21.969999313354492,10139500,0.0,0.0
2006-02-10 00:00:00-05:00,22.09000015258789,22.139999389648438,21.68000030517578,21.860000610351562,6688800,0.0,0.0
2006-02-13 00:00:00-05:00,21.860000610351562,21.950000762939453,21.68000030517578,21.770000457763672,4641700,0.0,0.0
2006-02-14 00:00:00-05:00,21.75,22.030000686645508,21.389999389648438,22.030000686645508,8794600,0.0,0.0
2006-02-15 00:00:00-05:00,22.059999465942383,22.690000534057617,21.8799991607666,22.610000610351562,12628600,0.0,0.0
2006-02-16 00:00:00-05:00,23.59000015258789,24.739999771118164,23.5,24.579999923706055,28359800,0.0,0.0
2006-02-17 00:00:00-05:00,24.59000015258789,24.600000381469727,24.030000686645508,24.450000762939453,8747400,0.0,0.0
2006-02-21 00:00:00-05:00,24.450000762939453,24.5,24.049999237060547,24.3700008392334,7386100,0.0,0.0
2006-02-22 00:00:00-05:00,24.34000015258789,24.399999618530273,23.989999771118164,24.1299991607666,7853100,0.0,0.0
2006-02-23 00:00:00-05:00,24.15999984741211,24.56999969482422,23.93000030517578,24.200000762939453,5343700,0.0,0.0
2006-02-24 00:00:00-05:00,24.25,24.440000534057617,24.059999465942383,24.299999237060547,3416600,0.0,0.0
2006-02-27 00:00:00-05:00,24.600000381469727,25.0,24.549999237060547,24.93000030517578,8361800,0.0,0.0
2006-02-28 00:00:00-05:00,24.850000381469727,24.850000381469727,24.25,24.420000076293945,9279900,0.0,0.0
2006-03-01 00:00:00-05:00,24.3700008392334,24.3700008392334,23.850000381469727,24.0,8689300,0.0,0.0
2006-03-02 00:00:00-05:00,23.969999313354492,23.979999542236328,23.200000762939453,23.799999237060547,10746700,0.0,0.0
2006-03-03 00:00:00-05:00,23.75,23.770000457763672,23.420000076293945,23.530000686645508,6225500,0.0,0.0
2006-03-06 00:00:00-05:00,23.6299991607666,23.950000762939453,23.540000915527344,23.600000381469727,7789300,0.0,0.0
2006-03-07 00:00:00-05:00,23.59000015258789,23.799999237060547,23.299999237060547,23.329999923706055,5818900,0.0,0.0
2006-03-08 00:00:00-05:00,23.290000915527344,23.299999237060547,22.760000228881836,22.959999084472656,10731300,0.0,0.0
2006-03-09 00:00:00-05:00,22.959999084472656,23.459999084472656,22.510000228881836,22.510000228881836,12671700,0.0,0.0
2006-03-10 00:00:00-05:00,22.579999923706055,22.760000228881836,22.489999771118164,22.6200008392334,10453800,0.0,0.0
2006-03-13 00:00:00-05:00,23.0,23.010000228881836,22.729999542236328,22.760000228881836,6946600,0.0,0.0
2006-03-14 00:00:00-05:00,22.75,23.049999237060547,22.65999984741211,22.950000762939453,9363200,0.0,0.0
2006-03-15 00:00:00-05:00,22.950000762939453,22.959999084472656,22.549999237060547,22.780000686645508,10295500,0.0,0.0
2006-03-16 00:00:00-05:00,22.850000381469727,22.8799991607666,22.5,22.5,8428800,0.0,0.0
2006-03-17 00:00:00-05:00,22.649999618530273,22.719999313354492,22.510000228881836,22.6200008392334,10355300,0.0,0.0
2006-03-20 00:00:00-05:00,22.700000762939453,23.59000015258789,22.649999618530273,23.5,15758200,0.0,0.0
2006-03-21 00:00:00-05:00,23.59000015258789,23.790000915527344,23.399999618530273,23.56999969482422,12107300,0.0,0.0
2006-03-22 00:00:00-05:00,23.56999969482422,23.610000610351562,23.399999618530273,23.469999313354492,7683800,0.0,0.0
2006-03-23 00:00:00-05:00,23.540000915527344,23.600000381469727,23.200000762939453,23.469999313354492,9867600,0.0,0.0
2006-03-24 00:00:00-05:00,23.600000381469727,23.959999084472656,23.450000762939453,23.489999771118164,8719600,0.0,0.0
2006-03-27 00:00:00-05:00,23.600000381469727,23.700000762939453,23.3799991607666,23.43000030517578,6483400,0.0,0.0
2006-03-28 00:00:00-05:00,23.43000030517578,23.65999984741211,23.3700008392334,23.540000915527344,6330300,0.0,0.0
2006-03-29 00:00:00-05:00,23.520000457763672,23.899999618530273,23.1200008392334,23.25,9012300,0.0,0.0
2006-03-30 00:00:00-05:00,23.0,23.459999084472656,23.0,23.31999969482422,7110400,0.0,0.0
2006-03-31 00:00:00-05:00,23.31999969482422,23.31999969482422,23.010000228881836,23.049999237060547,9462400,0.0,0.0
2006-04-03 00:00:00-04:00,22.979999542236328,23.25,22.610000610351562,22.6299991607666,8440200,0.0,0.0
2006-04-04 00:00:00-04:00,22.549999237060547,22.75,22.100000381469727,22.139999389648438,13678600,0.0,0.0
2006-04-05 00:00:00-04:00,21.75,22.0,21.5,21.690000534057617,26493900,0.0,0.0
2006-04-06 00:00:00-04:00,22.25,22.420000076293945,21.899999618530273,21.93000030517578,19487400,0.0,0.0
2006-04-07 00:00:00-04:00,21.979999542236328,22.0,21.5,21.56999969482422,15261400,0.0,0.0
2006-04-10 00:00:00-04:00,21.510000228881836,21.649999618530273,21.329999923706055,21.530000686645508,12519100,0.0,0.0
2006-04-11 00:00:00-04:00,21.5,21.600000381469727,21.200000762939453,21.360000610351562,18261800,0.0,0.0
2006-04-12 00:00:00-04:00,21.299999237060547,22.18000030517578,21.299999237060547,22.15999984741211,20229100,0.0,0.0
2006-04-13 00:00:00-04:00,21.549999237060547,21.760000228881836,21.280000686645508,21.549999237060547,25923200,0.0,0.0
2006-04-17 00:00:00-04:00,21.549999237060547,21.8700008392334,21.25,21.479999542236328,8555100,0.0,0.0
2006-04-18 00:00:00-04:00,21.75,21.959999084472656,21.43000030517578,21.739999771118164,16259000,0.0,0.0
2006-04-19 00:00:00-04:00,21.739999771118164,21.8700008392334,21.65999984741211,21.790000915527344,11660900,0.0,0.0
2006-04-20 00:00:00-04:00,21.979999542236328,22.549999237060547,21.8700008392334,22.260000228881836,21037700,0.0,0.0
2006-04-21 00:00:00-04:00,22.790000915527344,22.799999237060547,22.399999618530273,22.489999771118164,34046700,0.0,0.0
2006-04-24 00:00:00-04:00,22.450000762939453,22.450000762939453,22.030000686645508,22.079999923706055,8807400,0.0,0.0
2006-04-25 00:00:00-04:00,22.09000015258789,22.479999542236328,21.700000762939453,22.440000534057617,18392500,0.0,0.0
2006-04-26 00:00:00-04:00,22.579999923706055,23.079999923706055,22.549999237060547,23.059999465942383,26533400,0.0,0.0
2006-04-27 00:00:00-04:00,23.049999237060547,23.360000610351562,22.90999984741211,23.299999237060547,22468800,0.0,0.0
2006-04-28 00:00:00-04:00,23.3799991607666,23.579999923706055,23.15999984741211,23.239999771118164,13939000,0.0,0.0
2006-05-01 00:00:00-04:00,23.469999313354492,23.489999771118164,22.219999313354492,22.280000686645508,15503900,0.0,0.0
2006-05-02 00:00:00-04:00,22.3799991607666,22.6200008392334,21.959999084472656,22.06999969482422,12226100,0.0,0.0
2006-05-03 00:00:00-04:00,22.0,22.0,21.600000381469727,21.65999984741211,10755900,0.0,0.0
2006-05-04 00:00:00-04:00,21.829999923706055,22.1200008392334,21.739999771118164,21.860000610351562,9500100,0.0,0.0
2006-05-05 00:00:00-04:00,21.90999984741211,22.18000030517578,21.700000762939453,21.90999984741211,11537700,0.0,0.0
2006-05-08 00:00:00-04:00,21.5,22.139999389648438,21.5,21.93000030517578,15695000,0.0,0.0
2006-05-09 00:00:00-04:00,21.959999084472656,22.059999465942383,21.270000457763672,21.360000610351562,14658700,0.0,0.0
2006-05-10 00:00:00-04:00,21.260000228881836,21.520000457763672,21.010000228881836,21.010000228881836,12326000,0.0,0.0
2006-05-11 00:00:00-04:00,21.040000915527344,21.760000228881836,20.59000015258789,21.270000457763672,16900200,0.0,0.0
2006-05-12 00:00:00-04:00,21.200000762939453,21.270000457763672,20.610000610351562,20.700000762939453,15129600,0.0,0.0
2006-05-15 00:00:00-04:00,20.549999237060547,20.690000534057617,20.100000381469727,20.56999969482422,17200900,0.0,0.0
2006-05-16 00:00:00-04:00,20.600000381469727,21.010000228881836,20.469999313354492,20.920000076293945,12858700,0.0,0.0
2006-05-17 00:00:00-04:00,20.729999542236328,20.8700008392334,20.450000762939453,20.600000381469727,10316700,0.0,0.0
2006-05-18 00:00:00-04:00,20.5,20.59000015258789,20.239999771118164,20.290000915527344,13754300,0.0,0.0
2006-05-19 00:00:00-04:00,20.290000915527344,20.3799991607666,19.850000381469727,20.149999618530273,18998100,0.0,0.0
2006-05-22 00:00:00-04:00,20.149999618530273,20.149999618530273,19.440000534057617,19.959999084472656,17175200,0.0,0.0
2006-05-23 00:00:00-04:00,20.0,20.09000015258789,19.440000534057617,19.5,11824500,0.0,0.0
2006-05-24 00:00:00-04:00,19.75,20.200000762939453,19.549999237060547,20.030000686645508,22041000,0.0,0.0
2006-05-25 00:00:00-04:00,20.149999618530273,20.200000762939453,19.799999237060547,19.889999389648438,13991700,0.0,0.0
2006-05-26 00:00:00-04:00,20.0,20.549999237060547,19.90999984741211,20.469999313354492,9640900,0.0,0.0
2006-05-30 00:00:00-04:00,20.56999969482422,20.780000686645508,20.209999084472656,20.31999969482422,10195700,0.0,0.0
2006-05-31 00:00:00-04:00,20.360000610351562,20.729999542236328,20.360000610351562,20.68000030517578,10004500,0.0,0.0
2006-06-01 00:00:00-04:00,20.68000030517578,20.770000457763672,20.200000762939453,20.450000762939453,9516900,0.0,0.0
2006-06-02 00:00:00-04:00,20.639999389648438,20.809999465942383,20.420000076293945,20.700000762939453,5543400,0.0,0.0
2006-06-05 00:00:00-04:00,20.760000228881836,20.780000686645508,20.31999969482422,20.3799991607666,5627600,0.0,0.0
2006-06-06 00:00:00-04:00,20.3799991607666,20.59000015258789,20.270000457763672,20.530000686645508,6306500,0.0,0.0
2006-06-07 00:00:00-04:00,20.329999923706055,20.440000534057617,20.170000076293945,20.219999313354492,9087600,0.0,0.0
2006-06-08 00:00:00-04:00,20.040000915527344,20.149999618530273,19.84000015258789,19.989999771118164,12727800,0.0,0.0
2006-06-09 00:00:00-04:00,20.0,20.06999969482422,19.670000076293945,19.709999084472656,7844400,0.0,0.0
2006-06-12 00:00:00-04:00,19.75,19.790000915527344,19.309999465942383,19.40999984741211,5510500,0.0,0.0
2006-06-13 00:00:00-04:00,19.200000762939453,19.239999771118164,18.719999313354492,19.100000381469727,16097400,0.0,0.0
2006-06-14 00:00:00-04:00,19.010000228881836,19.110000610351562,18.850000381469727,19.0,7455700,0.0,0.0
2006-06-15 00:00:00-04:00,19.0,19.559999465942383,18.8700008392334,19.520000457763672,7233600,0.0,0.0
2006-06-16 00:00:00-04:00,20.299999237060547,20.5,19.860000610351562,20.09000015258789,15887200,0.0,0.0
2006-06-19 00:00:00-04:00,20.239999771118164,20.399999618530273,19.639999389648438,19.700000762939453,10841000,0.0,0.0
2006-06-20 00:00:00-04:00,19.600000381469727,19.649999618530273,19.09000015258789,19.18000030517578,8559300,0.0,0.0
2006-06-21 00:00:00-04:00,19.139999389648438,19.360000610351562,18.899999618530273,19.110000610351562,7121600,0.0,0.0
2006-06-22 00:00:00-04:00,18.290000915527344,18.81999969482422,18.059999465942383,18.610000610351562,26196800,0.0,0.0
2006-06-23 00:00:00-04:00,18.5,18.600000381469727,18.219999313354492,18.260000228881836,9580100,0.0,0.0
2006-06-26 00:00:00-04:00,17.579999923706055,17.639999389648438,16.760000228881836,17.059999465942383,41197700,0.0,0.0
2006-06-27 00:00:00-04:00,17.0,17.06999969482422,16.469999313354492,16.649999618530273,31403200,0.0,0.0
2006-06-28 00:00:00-04:00,16.6299991607666,17.040000915527344,16.549999237060547,16.950000762939453,12570200,0.0,0.0
2006-06-29 00:00:00-04:00,16.670000076293945,17.100000381469727,16.670000076293945,16.940000534057617,22082000,0.0,0.0
2006-06-30 00:00:00-04:00,16.940000534057617,16.950000762939453,16.780000686645508,16.84000015258789,18965500,0.0,0.0
2006-07-03 00:00:00-04:00,16.799999237060547,16.8700008392334,16.649999618530273,16.700000762939453,4669100,0.0,0.0
2006-07-05 00:00:00-04:00,16.5,16.56999969482422,16.110000610351562,16.190000534057617,13822500,0.0,0.0
2006-07-06 00:00:00-04:00,16.190000534057617,16.31999969482422,15.710000038146973,15.75,15580600,0.0,0.0
2006-07-07 00:00:00-04:00,15.619999885559082,16.06999969482422,15.619999885559082,16.059999465942383,14728700,0.0,0.0
2006-07-10 00:00:00-04:00,16.309999465942383,16.649999618530273,16.149999618530273,16.360000610351562,12786900,0.0,0.0
2006-07-11 00:00:00-04:00,16.420000076293945,16.5,16.059999465942383,16.18000030517578,7827600,0.0,0.0
2006-07-12 00:00:00-04:00,16.200000762939453,16.229999542236328,16.09000015258789,16.110000610351562,7454300,0.0,0.0
2006-07-13 00:00:00-04:00,16.040000915527344,16.049999237060547,15.899999618530273,15.979999542236328,9920500,0.0,0.0
2006-07-14 00:00:00-04:00,15.979999542236328,16.049999237060547,15.8100004196167,15.850000381469727,13259600,0.0,0.0
2006-07-17 00:00:00-04:00,15.850000381469727,15.9399995803833,15.65999984741211,15.800000190734863,7334700,0.0,0.0
2006-07-18 00:00:00-04:00,15.760000228881836,15.789999961853027,15.460000038146973,15.59000015258789,6923400,0.0,0.0
2006-07-19 00:00:00-04:00,15.670000076293945,16.100000381469727,15.529999732971191,16.049999237060547,11181800,0.0,0.0
2006-07-20 00:00:00-04:00,16.190000534057617,16.260000228881836,15.869999885559082,15.979999542236328,6633900,0.0,0.0
2006-07-21 00:00:00-04:00,15.979999542236328,15.979999542236328,15.609999656677246,15.859999656677246,5481700,0.0,0.0
2006-07-24 00:00:00-04:00,15.699999809265137,16.100000381469727,15.65999984741211,16.020000457763672,5887300,0.0,0.0
2006-07-25 00:00:00-04:00,16.020000457763672,16.8799991607666,15.899999618530273,16.729999542236328,11685300,0.0,0.0
2006-07-26 00:00:00-04:00,16.760000228881836,17.649999618530273,16.5,17.059999465942383,12007300,0.0,0.0
2006-07-27 00:00:00-04:00,17.549999237060547,17.829999923706055,17.149999618530273,17.75,11914300,0.0,0.0
2006-07-28 00:00:00-04:00,17.8799991607666,17.90999984741211,17.459999084472656,17.5,7874700,0.0,0.0
2006-07-31 00:00:00-04:00,17.5,17.5,16.989999771118164,17.010000228881836,10229500,0.0,0.0
2006-08-01 00:00:00-04:00,17.059999465942383,17.299999237060547,16.860000610351562,17.260000228881836,7261000,0.0,0.0
2006-08-02 00:00:00-04:00,18.0,18.110000610351562,17.440000534057617,17.6200008392334,15470600,0.0,0.0
2006-08-03 00:00:00-04:00,16.31999969482422,16.690000534057617,16.100000381469727,16.270000457763672,26202300,0.0,0.0
2006-08-04 00:00:00-04:00,16.5,16.600000381469727,15.920000076293945,15.949999809265137,16252700,0.0,0.0
2006-08-07 00:00:00-04:00,15.869999885559082,15.949999809265137,15.720000267028809,15.8100004196167,13855900,0.0,0.0
2006-08-08 00:00:00-04:00,15.899999618530273,16.0,15.699999809265137,15.800000190734863,6820700,0.0,0.0
2006-08-09 00:00:00-04:00,15.800000190734863,15.989999771118164,15.640000343322754,15.65999984741211,4081500,0.0,0.0
2006-08-10 00:00:00-04:00,15.600000381469727,15.789999961853027,15.579999923706055,15.699999809265137,8964100,0.0,0.0
2006-08-11 00:00:00-04:00,15.75,16.34000015258789,15.699999809265137,16.299999237060547,6889800,0.0,0.0
2006-08-14 00:00:00-04:00,16.399999618530273,16.440000534057617,16.079999923706055,16.139999389648438,5224400,0.0,0.0
2006-08-15 00:00:00-04:00,16.350000381469727,16.469999313354492,16.280000686645508,16.309999465942383,7995400,0.0,0.0
2006-08-16 00:00:00-04:00,16.5,16.520000457763672,16.329999923706055,16.43000030517578,5262800,0.0,0.0
2006-08-17 00:00:00-04:00,16.399999618530273,16.829999923706055,16.329999923706055,16.81999969482422,6990500,0.0,0.0
2006-08-18 00:00:00-04:00,16.8700008392334,16.899999618530273,16.520000457763672,16.719999313354492,4705500,0.0,0.0
2006-08-21 00:00:00-04:00,16.75,16.889999389648438,16.649999618530273,16.81999969482422,3414600,0.0,0.0
2006-08-22 00:00:00-04:00,16.729999542236328,16.8700008392334,16.649999618530273,16.8700008392334,4891500,0.0,0.0
2006-08-23 00:00:00-04:00,16.8700008392334,17.25,16.75,16.780000686645508,6942900,0.0,0.0
2006-08-24 00:00:00-04:00,16.899999618530273,17.299999237060547,16.84000015258789,17.190000534057617,5750800,0.0,0.0
2006-08-25 00:00:00-04:00,17.1200008392334,17.399999618530273,17.1200008392334,17.329999923706055,3337900,0.0,0.0
2006-08-28 00:00:00-04:00,17.399999618530273,17.6200008392334,17.309999465942383,17.510000228881836,3584200,0.0,0.0
2006-08-29 00:00:00-04:00,17.610000610351562,17.690000534057617,17.31999969482422,17.469999313354492,5839800,0.0,0.0
2006-08-30 00:00:00-04:00,17.600000381469727,17.649999618530273,17.170000076293945,17.25,5598800,0.0,0.0
2006-08-31 00:00:00-04:00,17.3799991607666,17.489999771118164,17.170000076293945,17.440000534057617,5237000,0.0,0.0
2006-09-01 00:00:00-04:00,17.59000015258789,17.600000381469727,17.309999465942383,17.3700008392334,3396000,0.0,0.0
2006-09-05 00:00:00-04:00,17.350000381469727,17.43000030517578,17.059999465942383,17.229999542236328,4761800,0.0,0.0
2006-09-06 00:00:00-04:00,17.239999771118164,17.420000076293945,17.079999923706055,17.270000457763672,9421200,0.0,0.0
2006-09-07 00:00:00-04:00,16.5,16.969999313354492,16.489999771118164,16.700000762939453,18577800,0.0,0.0
2006-09-08 00:00:00-04:00,16.700000762939453,16.850000381469727,16.510000228881836,16.670000076293945,5840500,0.0,0.0
2006-09-11 00:00:00-04:00,16.639999389648438,16.65999984741211,16.389999389648438,16.5,8871200,0.0,0.0
2006-09-12 00:00:00-04:00,16.5,16.780000686645508,16.479999542236328,16.770000457763672,4983100,0.0,0.0
2006-09-13 00:00:00-04:00,16.790000915527344,16.799999237060547,16.15999984741211,16.209999084472656,22257100,0.0,0.0
2006-09-14 00:00:00-04:00,16.200000762939453,16.760000228881836,16.020000457763672,16.399999618530273,20299300,0.0,0.0
2006-09-15 00:00:00-04:00,16.40999984741211,16.549999237060547,16.229999542236328,16.229999542236328,10722100,0.0,0.0
2006-09-18 00:00:00-04:00,16.229999542236328,16.479999542236328,16.229999542236328,16.479999542236328,7886400,0.0,0.0
2006-09-19 00:00:00-04:00,16.479999542236328,16.600000381469727,16.290000915527344,16.3799991607666,8406700,0.0,0.0
2006-09-20 00:00:00-04:00,16.540000915527344,16.690000534057617,16.479999542236328,16.5,13634700,0.0,0.0
2006-09-21 00:00:00-04:00,16.530000686645508,16.56999969482422,16.290000915527344,16.360000610351562,10695200,0.0,0.0
2006-09-22 00:00:00-04:00,14.6899995803833,14.899999618530273,14.430000305175781,14.850000381469727,75345600,0.0,0.0
2006-09-25 00:00:00-04:00,14.989999771118164,14.989999771118164,14.75,14.949999809265137,15696500,0.0,0.0
2006-09-26 00:00:00-04:00,14.899999618530273,15.119999885559082,14.699999809265137,14.800000190734863,21587400,0.0,0.0
2006-09-27 00:00:00-04:00,14.859999656677246,14.9399995803833,14.779999732971191,14.8100004196167,9596300,0.0,0.0
2006-09-28 00:00:00-04:00,14.789999961853027,14.869999885559082,14.600000381469727,14.770000457763672,9370800,0.0,0.0
2006-09-29 00:00:00-04:00,14.75,14.859999656677246,14.680000305175781,14.789999961853027,8602600,0.0,0.0
2006-10-02 00:00:00-04:00,14.75,14.850000381469727,14.529999732971191,14.670000076293945,12542800,0.0,0.0
2006-10-03 00:00:00-04:00,14.550000190734863,14.84000015258789,14.449999809265137,14.770000457763672,16738700,0.0,0.0
2006-10-04 00:00:00-04:00,14.739999771118164,14.890000343322754,14.619999885559082,14.649999618530273,10396600,0.0,0.0
2006-10-05 00:00:00-04:00,14.550000190734863,14.970000267028809,14.550000190734863,14.920000076293945,14192800,0.0,0.0
2006-10-06 00:00:00-04:00,14.770000457763672,14.930000305175781,14.630000114440918,14.819999694824219,11000300,0.0,0.0
2006-10-09 00:00:00-04:00,14.760000228881836,14.960000038146973,14.729999542236328,14.899999618530273,6576900,0.0,0.0
2006-10-10 00:00:00-04:00,14.979999542236328,15.279999732971191,14.899999618530273,15.25,14258400,0.0,0.0
2006-10-11 00:00:00-04:00,15.1899995803833,15.1899995803833,15.020000457763672,15.119999885559082,8253800,0.0,0.0
2006-10-12 00:00:00-04:00,15.1899995803833,15.529999732971191,15.050000190734863,15.430000305175781,14088000,0.0,0.0
2006-10-13 00:00:00-04:00,15.479999542236328,15.489999771118164,15.229999542236328,15.34000015258789,6199600,0.0,0.0
2006-10-16 00:00:00-04:00,15.300000190734863,15.329999923706055,15.100000381469727,15.210000038146973,8577900,0.0,0.0
2006-10-17 00:00:00-04:00,15.149999618530273,15.300000190734863,15.0600004196167,15.229999542236328,6153000,0.0,0.0
2006-10-18 00:00:00-04:00,15.300000190734863,15.489999771118164,15.0,15.140000343322754,17091900,0.0,0.0
2006-10-19 00:00:00-04:00,15.600000381469727,16.09000015258789,15.5,16.020000457763672,26712200,0.0,0.0
2006-10-20 00:00:00-04:00,16.100000381469727,16.5,15.899999618530273,16.239999771118164,17441700,0.0,0.0
2006-10-23 00:00:00-04:00,16.149999618530273,16.200000762939453,16.059999465942383,16.139999389648438,7049900,0.0,0.0
2006-10-24 00:00:00-04:00,16.010000228881836,16.049999237060547,15.569999694824219,15.720000267028809,13339100,0.0,0.0
2006-10-25 00:00:00-04:00,15.75,15.850000381469727,15.640000343322754,15.729999542236328,6708700,0.0,0.0
2006-10-26 00:00:00-04:00,15.819999694824219,16.139999389648438,15.5600004196167,16.049999237060547,12223400,0.0,0.0
2006-10-27 00:00:00-04:00,16.0,16.18000030517578,15.880000114440918,16.049999237060547,9714900,0.0,0.0
2006-10-30 00:00:00-05:00,15.979999542236328,16.020000457763672,15.8100004196167,15.850000381469727,9847400,0.0,0.0
2006-10-31 00:00:00-05:00,15.899999618530273,15.970000267028809,15.800000190734863,15.90999984741211,9808900,0.0,0.0
2006-11-01 00:00:00-05:00,15.989999771118164,16.09000015258789,15.890000343322754,15.970000267028809,8748200,0.0,0.0
2006-11-02 00:00:00-05:00,16.0,16.1299991607666,15.949999809265137,16.020000457763672,9635100,0.0,0.0
2006-11-03 00:00:00-05:00,16.139999389648438,16.469999313354492,16.100000381469727,16.399999618530273,12620500,0.0,0.0
2006-11-06 00:00:00-05:00,16.489999771118164,17.260000228881836,16.219999313354492,16.889999389648438,22696300,0.0,0.0
2006-11-07 00:00:00-05:00,16.90999984741211,16.950000762939453,16.520000457763672,16.639999389648438,11126900,0.0,0.0
2006-11-08 00:00:00-05:00,16.5,16.600000381469727,16.25,16.309999465942383,11301900,0.0,0.0
2006-11-09 00:00:00-05:00,16.280000686645508,16.440000534057617,16.020000457763672,16.059999465942383,10639000,0.0,0.0
2006-11-10 00:00:00-05:00,16.059999465942383,16.139999389648438,15.899999618530273,16.059999465942383,6253100,0.0,0.0
2006-11-13 00:00:00-05:00,16.010000228881836,16.31999969482422,15.779999732971191,15.859999656677246,11616800,0.0,0.0
2006-11-14 00:00:00-05:00,15.510000228881836,16.030000686645508,15.319999694824219,15.9399995803833,21291200,0.0,0.0
2006-11-15 00:00:00-05:00,15.9399995803833,16.190000534057617,15.899999618530273,16.0,9675700,0.0,0.0
2006-11-16 00:00:00-05:00,16.079999923706055,16.40999984741211,16.049999237060547,16.299999237060547,10047100,0.0,0.0
2006-11-17 00:00:00-05:00,15.989999771118164,16.329999923706055,15.989999771118164,16.229999542236328,21089800,0.0,0.0
2006-11-20 00:00:00-05:00,16.299999237060547,16.329999923706055,16.1299991607666,16.170000076293945,8813400,0.0,0.0
2006-11-21 00:00:00-05:00,16.34000015258789,16.56999969482422,16.229999542236328,16.559999465942383,10511800,0.0,0.0
2006-11-22 00:00:00-05:00,16.56999969482422,16.670000076293945,16.459999084472656,16.530000686645508,5646300,0.0,0.0
2006-11-24 00:00:00-05:00,16.299999237060547,16.530000686645508,16.299999237060547,16.489999771118164,2167100,0.0,0.0
2006-11-27 00:00:00-05:00,16.40999984741211,16.440000534057617,15.880000114440918,15.949999809265137,11033500,0.0,0.0
2006-11-28 00:00:00-05:00,15.949999809265137,16.15999984741211,15.899999618530273,16.06999969482422,8353100,0.0,0.0
2006-11-29 00:00:00-05:00,16.100000381469727,16.110000610351562,15.829999923706055,15.850000381469727,16131100,0.0,0.0
2006-11-30 00:00:00-05:00,15.859999656677246,15.989999771118164,15.779999732971191,15.850000381469727,13417700,0.0,0.0
2006-12-01 00:00:00-05:00,15.899999618530273,15.9399995803833,15.720000267028809,15.760000228881836,8612200,0.0,0.0
2006-12-04 00:00:00-05:00,15.850000381469727,16.059999465942383,15.800000190734863,15.9399995803833,8205200,0.0,0.0
2006-12-05 00:00:00-05:00,16.219999313354492,16.59000015258789,16.18000030517578,16.559999465942383,17857100,0.0,0.0
2006-12-06 00:00:00-05:00,16.780000686645508,17.270000457763672,16.75,16.989999771118164,27879500,0.0,0.0
2006-12-07 00:00:00-05:00,17.229999542236328,17.290000915527344,16.639999389648438,16.940000534057617,17934600,0.0,0.0
2006-12-08 00:00:00-05:00,16.950000762939453,17.040000915527344,16.489999771118164,16.709999084472656,12543200,0.0,0.0
2006-12-11 00:00:00-05:00,16.709999084472656,16.850000381469727,16.450000762939453,16.639999389648438,8710700,0.0,0.0
2006-12-12 00:00:00-05:00,16.649999618530273,16.649999618530273,16.350000381469727,16.510000228881836,10462300,0.0,0.0
2006-12-13 00:00:00-05:00,16.5,16.5,16.239999771118164,16.270000457763672,7459500,0.0,0.0
2006-12-14 00:00:00-05:00,16.25,16.770000457763672,16.25,16.469999313354492,11993800,0.0,0.0
2006-12-15 00:00:00-05:00,16.489999771118164,16.530000686645508,16.25,16.290000915527344,10906500,0.0,0.0
2006-12-18 00:00:00-05:00,16.25,16.270000457763672,15.979999542236328,15.989999771118164,9560000,0.0,0.0
2006-12-19 00:00:00-05:00,15.920000076293945,16.190000534057617,15.670000076293945,16.110000610351562,12263500,0.0,0.0
2006-12-20 00:00:00-05:00,16.190000534057617,16.760000228881836,16.110000610351562,16.68000030517578,15255800,0.0,0.0
2006-12-21 00:00:00-05:00,16.920000076293945,16.979999542236328,16.489999771118164,16.809999465942383,16010500,0.0,0.0
2006-12-22 00:00:00-05:00,16.829999923706055,16.969999313354492,16.709999084472656,16.780000686645508,9684500,0.0,0.0
2006-12-26 00:00:00-05:00,16.780000686645508,16.950000762939453,16.700000762939453,16.93000030517578,6393100,0.0,0.0
2006-12-27 00:00:00-05:00,16.8799991607666,17.100000381469727,16.829999923706055,17.040000915527344,9033900,0.0,0.0
2006-12-28 00:00:00-05:00,17.010000228881836,17.200000762939453,17.0,17.15999984741211,7974400,0.0,0.0
2006-12-29 00:00:00-05:00,17.100000381469727,17.350000381469727,17.049999237060547,17.18000030517578,7788400,0.0,0.0
2007-01-03 00:00:00-05:00,17.280000686645508,17.43000030517578,16.75,16.90999984741211,13130500,0.0,0.0
2007-01-04 00:00:00-05:00,16.739999771118164,17.100000381469727,16.610000610351562,17.059999465942383,11199100,0.0,0.0
2007-01-05 00:00:00-05:00,17.149999618530273,17.299999237060547,17.010000228881836,17.100000381469727,14840800,0.0,0.0
2007-01-08 00:00:00-05:00,17.399999618530273,18.40999984741211,17.139999389648438,17.809999465942383,15462600,0.0,0.0
2007-01-09 00:00:00-05:00,18.200000762939453,18.43000030517578,17.559999465942383,17.600000381469727,48631300,0.0,0.0
2007-01-10 00:00:00-05:00,17.790000915527344,17.950000762939453,17.579999923706055,17.829999923706055,18982800,0.0,0.0
2007-01-11 00:00:00-05:00,17.610000610351562,18.059999465942383,17.610000610351562,18.040000915527344,13905700,0.0,0.0
2007-01-12 00:00:00-05:00,18.049999237060547,18.389999389648438,18.010000228881836,18.209999084472656,14442200,0.0,0.0
2007-01-16 00:00:00-05:00,18.3700008392334,18.420000076293945,18.040000915527344,18.1200008392334,12302800,0.0,0.0
2007-01-17 00:00:00-05:00,18.1200008392334,18.34000015258789,17.979999542236328,18.200000762939453,7535000,0.0,0.0
2007-01-18 00:00:00-05:00,18.209999084472656,18.329999923706055,18.079999923706055,18.09000015258789,4802800,0.0,0.0
2007-01-19 00:00:00-05:00,18.100000381469727,18.219999313354492,18.0,18.190000534057617,10242300,0.0,0.0
2007-01-22 00:00:00-05:00,18.09000015258789,18.149999618530273,17.860000610351562,18.06999969482422,8599200,0.0,0.0
2007-01-23 00:00:00-05:00,17.959999084472656,17.989999771118164,17.639999389648438,17.700000762939453,9076700,0.0,0.0
2007-01-24 00:00:00-05:00,17.709999084472656,17.8799991607666,17.56999969482422,17.690000534057617,9308600,0.0,0.0
2007-01-25 00:00:00-05:00,17.719999313354492,17.75,17.549999237060547,17.639999389648438,8439400,0.0,0.0
2007-01-26 00:00:00-05:00,17.649999618530273,17.649999618530273,17.31999969482422,17.469999313354492,6786000,0.0,0.0
2007-01-29 00:00:00-05:00,17.469999313354492,18.040000915527344,17.420000076293945,17.969999313354492,10992600,0.0,0.0
2007-01-30 00:00:00-05:00,17.950000762939453,18.690000534057617,17.90999984741211,18.59000015258789,20481400,0.0,0.0
2007-01-31 00:00:00-05:00,18.59000015258789,18.59000015258789,18.190000534057617,18.450000762939453,10418900,0.0,0.0
2007-02-01 00:00:00-05:00,18.149999618530273,18.469999313354492,18.049999237060547,18.329999923706055,14427700,0.0,0.0
2007-02-02 00:00:00-05:00,18.139999389648438,18.469999313354492,18.049999237060547,18.260000228881836,13369100,0.0,0.0
2007-02-05 00:00:00-05:00,18.110000610351562,18.239999771118164,17.959999084472656,18.079999923706055,8269100,0.0,0.0
2007-02-06 00:00:00-05:00,18.0,18.040000915527344,17.3700008392334,17.5,22318500,0.0,0.0
2007-02-07 00:00:00-05:00,17.600000381469727,17.6200008392334,17.239999771118164,17.360000610351562,19115500,0.0,0.0
2007-02-08 00:00:00-05:00,17.25,17.5,17.239999771118164,17.489999771118164,8160400,0.0,0.0
2007-02-09 00:00:00-05:00,17.469999313354492,17.6299991607666,17.309999465942383,17.3700008392334,5934700,0.0,0.0
2007-02-12 00:00:00-05:00,17.200000762939453,17.209999084472656,16.950000762939453,17.040000915527344,8378300,0.0,0.0
2007-02-13 00:00:00-05:00,17.200000762939453,17.290000915527344,17.010000228881836,17.1200008392334,7814400,0.0,0.0
2007-02-14 00:00:00-05:00,17.049999237060547,17.31999969482422,17.040000915527344,17.209999084472656,4276500,0.0,0.0
2007-02-15 00:00:00-05:00,17.290000915527344,17.299999237060547,16.809999465942383,17.059999465942383,11839900,0.0,0.0
2007-02-16 00:00:00-05:00,16.979999542236328,17.049999237060547,16.860000610351562,17.010000228881836,7743100,0.0,0.0
2007-02-20 00:00:00-05:00,17.0,17.020000457763672,16.8700008392334,16.959999084472656,7127900,0.0,0.0
2007-02-21 00:00:00-05:00,16.8700008392334,17.1299991607666,16.850000381469727,17.040000915527344,8374000,0.0,0.0
2007-02-22 00:00:00-05:00,17.110000610351562,17.149999618530273,17.0,17.100000381469727,6056600,0.0,0.0
2007-02-23 00:00:00-05:00,17.149999618530273,17.149999618530273,16.920000076293945,17.1200008392334,3964400,0.0,0.0
2007-02-26 00:00:00-05:00,17.079999923706055,17.1200008392334,16.739999771118164,16.790000915527344,7752400,0.0,0.0
2007-02-27 00:00:00-05:00,16.40999984741211,16.739999771118164,15.850000381469727,16.010000228881836,11724700,0.0,0.0
2007-02-28 00:00:00-05:00,16.079999923706055,16.6200008392334,16.079999923706055,16.309999465942383,10319300,0.0,0.0
2007-03-01 00:00:00-05:00,16.149999618530273,16.440000534057617,16.0,16.209999084472656,10066400,0.0,0.0
2007-03-02 00:00:00-05:00,16.170000076293945,16.280000686645508,15.949999809265137,15.989999771118164,6984500,0.0,0.0
2007-03-05 00:00:00-05:00,15.789999961853027,15.9399995803833,15.449999809265137,15.510000228881836,11813400,0.0,0.0
2007-03-06 00:00:00-05:00,15.510000228881836,15.729999542236328,15.279999732971191,15.699999809265137,18272300,0.0,0.0
2007-03-07 00:00:00-05:00,15.619999885559082,15.960000038146973,15.600000381469727,15.949999809265137,10970500,0.0,0.0
2007-03-08 00:00:00-05:00,15.979999542236328,16.049999237060547,15.380000114440918,15.470000267028809,9699400,0.0,0.0
2007-03-09 00:00:00-05:00,15.5,15.84000015258789,15.430000305175781,15.770000457763672,8513600,0.0,0.0
2007-03-12 00:00:00-04:00,15.609999656677246,15.640000343322754,15.119999885559082,15.15999984741211,15413400,0.0,0.0
2007-03-13 00:00:00-04:00,15.199999809265137,15.369999885559082,14.989999771118164,15.079999923706055,11808900,0.0,0.0
2007-03-14 00:00:00-04:00,15.029999732971191,15.25,14.989999771118164,15.239999771118164,10151000,0.0,0.0
2007-03-15 00:00:00-04:00,15.210000038146973,15.239999771118164,14.899999618530273,14.979999542236328,11832000,0.0,0.0
2007-03-16 00:00:00-04:00,14.90999984741211,15.050000190734863,14.720000267028809,14.829999923706055,14581300,0.0,0.0
2007-03-19 00:00:00-04:00,14.960000038146973,15.109999656677246,14.819999694824219,15.050000190734863,8219000,0.0,0.0
2007-03-20 00:00:00-04:00,15.0,15.170000076293945,14.9399995803833,15.119999885559082,5976700,0.0,0.0
2007-03-21 00:00:00-04:00,15.109999656677246,15.470000267028809,15.020000457763672,15.380000114440918,9723500,0.0,0.0
2007-03-22 00:00:00-04:00,15.399999618530273,15.699999809265137,15.390000343322754,15.59000015258789,11493600,0.0,0.0
2007-03-23 00:00:00-04:00,15.550000190734863,15.649999618530273,14.890000343322754,15.220000267028809,12525800,0.0,0.0
2007-03-26 00:00:00-04:00,14.649999618530273,14.680000305175781,13.880000114440918,14.220000267028809,33660700,0.0,0.0
2007-03-27 00:00:00-04:00,14.1899995803833,14.510000228881836,14.069999694824219,14.3100004196167,19925400,0.0,0.0
2007-03-28 00:00:00-04:00,14.3100004196167,14.489999771118164,14.300000190734863,14.380000114440918,12543700,0.0,0.0
2007-03-29 00:00:00-04:00,14.470000267028809,14.579999923706055,14.380000114440918,14.539999961853027,12463600,0.0,0.0
2007-03-30 00:00:00-04:00,14.510000228881836,14.59000015258789,14.380000114440918,14.539999961853027,6552900,0.0,0.0
2007-04-02 00:00:00-04:00,14.520000457763672,14.619999885559082,14.390000343322754,14.59000015258789,6915600,0.0,0.0
2007-04-03 00:00:00-04:00,14.699999809265137,14.869999885559082,14.640000343322754,14.789999961853027,9996900,0.0,0.0
2007-04-04 00:00:00-04:00,14.850000381469727,14.989999771118164,14.720000267028809,14.850000381469727,9502200,0.0,0.0
2007-04-05 00:00:00-04:00,14.800000190734863,15.010000228881836,14.739999771118164,14.970000267028809,11151300,0.0,0.0
2007-04-09 00:00:00-04:00,14.979999542236328,15.020000457763672,14.84000015258789,14.9399995803833,11993000,0.0,0.0
2007-04-10 00:00:00-04:00,14.899999618530273,15.130000114440918,14.859999656677246,15.0,8498300,0.0,0.0
2007-04-11 00:00:00-04:00,15.0,15.350000381469727,14.9399995803833,15.300000190734863,11500500,0.0,0.0
2007-04-12 00:00:00-04:00,15.260000228881836,15.399999618530273,15.15999984741211,15.350000381469727,10253000,0.0,0.0
2007-04-13 00:00:00-04:00,15.479999542236328,15.479999542236328,15.0,15.010000228881836,8498200,0.0,0.0
2007-04-16 00:00:00-04:00,15.180000305175781,16.25,15.180000305175781,16.0,34014500,0.0,0.0
2007-04-17 00:00:00-04:00,16.399999618530273,16.399999618530273,15.899999618530273,16.100000381469727,17778500,0.0,0.0
2007-04-18 00:00:00-04:00,16.010000228881836,16.079999923706055,15.699999809265137,15.729999542236328,10709100,0.0,0.0
2007-04-19 00:00:00-04:00,15.649999618530273,15.880000114440918,15.449999809265137,15.619999885559082,12762300,0.0,0.0
2007-04-20 00:00:00-04:00,15.920000076293945,15.989999771118164,15.600000381469727,15.979999542236328,12004100,0.0,0.0
2007-04-23 00:00:00-04:00,16.1200008392334,16.209999084472656,15.760000228881836,16.09000015258789,13122700,0.0,0.0
2007-04-24 00:00:00-04:00,15.75,15.979999542236328,15.489999771118164,15.84000015258789,17215500,0.0,0.0
2007-04-25 00:00:00-04:00,15.989999771118164,15.989999771118164,15.710000038146973,15.8100004196167,12566700,0.0,0.0
2007-04-26 00:00:00-04:00,15.800000190734863,16.010000228881836,15.779999732971191,15.890000343322754,10980500,0.0,0.0
2007-04-27 00:00:00-04:00,15.899999618530273,15.899999618530273,15.6899995803833,15.720000267028809,6070800,0.0,0.0
2007-04-30 00:00:00-04:00,16.020000457763672,16.020000457763672,15.369999885559082,15.4399995803833,9450200,0.0,0.0
2007-05-01 00:00:00-04:00,15.800000190734863,16.110000610351562,15.630000114440918,16.049999237060547,23459100,0.0,0.0
2007-05-02 00:00:00-04:00,16.0,16.530000686645508,15.850000381469727,16.329999923706055,20613700,0.0,0.0
2007-05-03 00:00:00-04:00,16.350000381469727,16.43000030517578,16.100000381469727,16.290000915527344,11357500,0.0,0.0
2007-05-04 00:00:00-04:00,16.290000915527344,16.40999984741211,16.1200008392334,16.15999984741211,8406500,0.0,0.0
2007-05-07 00:00:00-04:00,16.760000228881836,16.850000381469727,16.40999984741211,16.670000076293945,11922300,0.0,0.0
2007-05-08 00:00:00-04:00,16.75,16.799999237060547,16.450000762939453,16.579999923706055,8866100,0.0,0.0
2007-05-09 00:00:00-04:00,16.399999618530273,16.5,16.15999984741211,16.239999771118164,9225300,0.0,0.0
2007-05-10 00:00:00-04:00,16.219999313354492,16.389999389648438,15.800000190734863,15.960000038146973,12476500,0.0,0.0
2007-05-11 00:00:00-04:00,15.859999656677246,15.949999809265137,15.710000038146973,15.850000381469727,7381900,0.0,0.0
2007-05-14 00:00:00-04:00,15.880000114440918,15.930000305175781,15.539999961853027,15.59000015258789,8020500,0.0,0.0
2007-05-15 00:00:00-04:00,15.619999885559082,15.649999618530273,15.479999542236328,15.59000015258789,7885100,0.0,0.0
2007-05-16 00:00:00-04:00,15.779999732971191,15.989999771118164,15.5,15.8100004196167,10156600,0.0,0.0
2007-05-17 00:00:00-04:00,15.630000114440918,15.670000076293945,15.390000343322754,15.449999809265137,9549500,0.0,0.0
2007-05-18 00:00:00-04:00,15.34000015258789,15.579999923706055,15.050000190734863,15.4399995803833,8197400,0.0,0.0
2007-05-21 00:00:00-04:00,15.390000343322754,15.670000076293945,15.3100004196167,15.529999732971191,14281300,0.0,0.0
2007-05-22 00:00:00-04:00,15.4399995803833,15.739999771118164,15.399999618530273,15.609999656677246,7000600,0.0,0.0
2007-05-23 00:00:00-04:00,15.720000267028809,15.800000190734863,15.670000076293945,15.710000038146973,11083800,0.0,0.0
2007-05-24 00:00:00-04:00,15.800000190734863,16.0,15.6899995803833,15.770000457763672,11736200,0.0,0.0
2007-05-25 00:00:00-04:00,15.729999542236328,15.800000190734863,15.710000038146973,15.75,9789600,0.0,0.0
2007-05-29 00:00:00-04:00,15.710000038146973,15.770000457763672,15.350000381469727,15.609999656677246,13399900,0.0,0.0
2007-05-30 00:00:00-04:00,15.4399995803833,15.489999771118164,15.279999732971191,15.430000305175781,11494000,0.0,0.0
2007-05-31 00:00:00-04:00,15.430000305175781,15.710000038146973,15.430000305175781,15.670000076293945,10652300,0.0,0.0
2007-06-01 00:00:00-04:00,15.670000076293945,15.710000038146973,15.640000343322754,15.6899995803833,9137100,0.0,0.0
2007-06-04 00:00:00-04:00,15.630000114440918,16.0,15.630000114440918,15.979999542236328,7711700,0.0,0.0
2007-06-05 00:00:00-04:00,15.989999771118164,16.020000457763672,15.8100004196167,15.90999984741211,20088000,0.0,0.0
2007-06-06 00:00:00-04:00,15.850000381469727,16.200000762939453,15.829999923706055,16.09000015258789,9378700,0.0,0.0
2007-06-07 00:00:00-04:00,16.149999618530273,16.200000762939453,15.880000114440918,15.970000267028809,9757800,0.0,0.0
2007-06-08 00:00:00-04:00,15.890000343322754,16.15999984741211,15.890000343322754,16.149999618530273,6657100,0.0,0.0
2007-06-11 00:00:00-04:00,16.09000015258789,16.239999771118164,16.040000915527344,16.170000076293945,6545200,0.0,0.0
2007-06-12 00:00:00-04:00,16.18000030517578,16.18000030517578,16.010000228881836,16.049999237060547,7942400,0.0,0.0
2007-06-13 00:00:00-04:00,15.800000190734863,16.149999618530273,15.800000190734863,16.139999389648438,10309500,0.0,0.0
2007-06-14 00:00:00-04:00,16.15999984741211,16.540000915527344,16.110000610351562,16.489999771118164,10277700,0.0,0.0
2007-06-15 00:00:00-04:00,16.600000381469727,16.670000076293945,16.350000381469727,16.3799991607666,11652900,0.0,0.0
2007-06-18 00:00:00-04:00,16.440000534057617,16.469999313354492,16.309999465942383,16.350000381469727,4006600,0.0,0.0
2007-06-19 00:00:00-04:00,16.360000610351562,16.360000610351562,16.18000030517578,16.31999969482422,6574600,0.0,0.0
2007-06-20 00:00:00-04:00,16.43000030517578,16.450000762939453,15.989999771118164,16.010000228881836,9072800,0.0,0.0
2007-06-21 00:00:00-04:00,15.989999771118164,16.049999237060547,15.970000267028809,16.010000228881836,8768600,0.0,0.0
2007-06-22 00:00:00-04:00,16.049999237060547,16.049999237060547,15.699999809265137,15.779999732971191,13003400,0.0,0.0
2007-06-25 00:00:00-04:00,15.779999732971191,15.880000114440918,15.4399995803833,15.479999542236328,9580000,0.0,0.0
2007-06-26 00:00:00-04:00,15.569999694824219,15.65999984741211,15.420000076293945,15.470000267028809,6743800,0.0,0.0
2007-06-27 00:00:00-04:00,15.350000381469727,15.609999656677246,15.3100004196167,15.460000038146973,11143600,0.0,0.0
2007-06-28 00:00:00-04:00,15.420000076293945,15.550000190734863,15.350000381469727,15.5,6500800,0.0,0.0
2007-06-29 00:00:00-04:00,15.489999771118164,15.5,15.319999694824219,15.34000015258789,9551600,0.0,0.0
2007-07-02 00:00:00-04:00,15.430000305175781,15.479999542236328,15.289999961853027,15.479999542236328,8217600,0.0,0.0
2007-07-03 00:00:00-04:00,15.579999923706055,15.770000457763672,15.550000190734863,15.680000305175781,3524900,0.0,0.0
2007-07-05 00:00:00-04:00,15.59000015258789,15.649999618530273,15.430000305175781,15.569999694824219,6535500,0.0,0.0
2007-07-06 00:00:00-04:00,15.529999732971191,15.539999961853027,15.4399995803833,15.510000228881836,6165700,0.0,0.0
2007-07-09 00:00:00-04:00,15.479999542236328,15.819999694824219,15.479999542236328,15.720000267028809,8333600,0.0,0.0
2007-07-10 00:00:00-04:00,15.59000015258789,15.65999984741211,15.300000190734863,15.319999694824219,9040900,0.0,0.0
2007-07-11 00:00:00-04:00,15.260000228881836,15.5,15.260000228881836,15.470000267028809,5261800,0.0,0.0
2007-07-12 00:00:00-04:00,15.460000038146973,15.479999542236328,15.34000015258789,15.460000038146973,6736900,0.0,0.0
2007-07-13 00:00:00-04:00,15.399999618530273,15.510000228881836,15.359999656677246,15.40999984741211,6555000,0.0,0.0
2007-07-16 00:00:00-04:00,15.569999694824219,15.630000114440918,15.449999809265137,15.5,6024200,0.0,0.0
2007-07-17 00:00:00-04:00,15.40999984741211,15.489999771118164,15.260000228881836,15.380000114440918,6599800,0.0,0.0
2007-07-18 00:00:00-04:00,15.260000228881836,15.4399995803833,15.0600004196167,15.119999885559082,12254200,0.0,0.0
2007-07-19 00:00:00-04:00,15.25,15.25,15.09000015258789,15.170000076293945,13739000,0.0,0.0
2007-07-20 00:00:00-04:00,15.149999618530273,15.15999984741211,14.779999732971191,14.789999961853027,20740100,0.0,0.0
2007-07-23 00:00:00-04:00,14.75,14.789999961853027,14.489999771118164,14.699999809265137,13782800,0.0,0.0
2007-07-24 00:00:00-04:00,14.789999961853027,14.789999961853027,14.350000381469727,14.369999885559082,12082700,0.0,0.0
2007-07-25 00:00:00-04:00,14.4399995803833,14.489999771118164,14.050000190734863,14.069999694824219,17155100,0.0,0.0
2007-07-26 00:00:00-04:00,14.020000457763672,14.069999694824219,13.40999984741211,13.640000343322754,24089200,0.0,0.0
2007-07-27 00:00:00-04:00,13.579999923706055,13.699999809265137,13.359999656677246,13.359999656677246,20376600,0.0,0.0
2007-07-30 00:00:00-04:00,13.319999694824219,13.430000305175781,13.15999984741211,13.300000190734863,15904700,0.0,0.0
2007-07-31 00:00:00-04:00,13.300000190734863,13.329999923706055,13.079999923706055,13.149999618530273,21324600,0.0,0.0
2007-08-01 00:00:00-04:00,13.020000457763672,13.329999923706055,12.960000038146973,13.1899995803833,22824700,0.0,0.0
2007-08-02 00:00:00-04:00,13.109999656677246,13.550000190734863,13.109999656677246,13.430000305175781,18044000,0.0,0.0
2007-08-03 00:00:00-04:00,13.25,13.430000305175781,13.079999923706055,13.09000015258789,21499400,0.0,0.0
2007-08-06 00:00:00-04:00,13.130000114440918,13.149999618530273,12.829999923706055,12.90999984741211,33522200,0.0,0.0
2007-08-07 00:00:00-04:00,12.829999923706055,13.010000228881836,12.8100004196167,12.930000305175781,22143600,0.0,0.0
2007-08-08 00:00:00-04:00,12.949999809265137,13.239999771118164,12.880000114440918,13.199999809265137,16403800,0.0,0.0
2007-08-09 00:00:00-04:00,13.149999618530273,13.859999656677246,13.100000381469727,13.760000228881836,18135200,0.0,0.0
2007-08-10 00:00:00-04:00,13.649999618530273,13.760000228881836,12.90999984741211,13.079999923706055,12889100,0.0,0.0
2007-08-13 00:00:00-04:00,13.199999809265137,13.199999809265137,12.890000343322754,13.039999961853027,10083200,0.0,0.0
2007-08-14 00:00:00-04:00,12.989999771118164,13.130000114440918,12.960000038146973,13.029999732971191,7951300,0.0,0.0
2007-08-15 00:00:00-04:00,13.029999732971191,13.170000076293945,12.899999618530273,12.90999984741211,9448900,0.0,0.0
2007-08-16 00:00:00-04:00,12.829999923706055,12.949999809265137,12.489999771118164,12.739999771118164,12836000,0.0,0.0
2007-08-17 00:00:00-04:00,12.90999984741211,13.029999732971191,12.220000267028809,12.520000457763672,18231200,0.0,0.0
2007-08-20 00:00:00-04:00,12.399999618530273,12.460000038146973,12.149999618530273,12.229999542236328,13430500,0.0,0.0
2007-08-21 00:00:00-04:00,12.140000343322754,12.279999732971191,12.109999656677246,12.15999984741211,11576200,0.0,0.0
2007-08-22 00:00:00-04:00,12.229999542236328,12.489999771118164,12.199999809265137,12.470000267028809,13253000,0.0,0.0
2007-08-23 00:00:00-04:00,12.829999923706055,13.050000190734863,12.5,12.710000038146973,17893300,0.0,0.0
2007-08-24 00:00:00-04:00,12.6899995803833,12.699999809265137,12.569999694824219,12.6899995803833,11137500,0.0,0.0
2007-08-27 00:00:00-04:00,12.640000343322754,12.739999771118164,12.619999885559082,12.649999618530273,15114200,0.0,0.0
2007-08-28 00:00:00-04:00,12.569999694824219,12.649999618530273,12.5600004196167,12.569999694824219,16371100,0.0,0.0
2007-08-29 00:00:00-04:00,12.609999656677246,12.869999885559082,12.579999923706055,12.850000381469727,14103300,0.0,0.0
2007-08-30 00:00:00-04:00,12.710000038146973,12.84000015258789,12.640000343322754,12.6899995803833,8696800,0.0,0.0
2007-08-31 00:00:00-04:00,12.8100004196167,12.920000076293945,12.649999618530273,12.829999923706055,7590900,0.0,0.0
2007-09-04 00:00:00-04:00,13.109999656677246,13.369999885559082,13.010000228881836,13.199999809265137,12118800,0.0,0.0
2007-09-05 00:00:00-04:00,13.140000343322754,13.210000038146973,13.029999732971191,13.100000381469727,7788800,0.0,0.0
2007-09-06 00:00:00-04:00,13.010000228881836,13.3100004196167,13.0,13.229999542236328,5702800,0.0,0.0
2007-09-07 00:00:00-04:00,13.079999923706055,13.359999656677246,13.079999923706055,13.210000038146973,7444300,0.0,0.0
2007-09-10 00:00:00-04:00,13.180000305175781,13.300000190734863,13.130000114440918,13.170000076293945,5971400,0.0,0.0
2007-09-11 00:00:00-04:00,13.149999618530273,13.5,13.050000190734863,13.489999771118164,7047200,0.0,0.0
2007-09-12 00:00:00-04:00,13.430000305175781,13.489999771118164,13.050000190734863,13.140000343322754,35676700,0.0,0.0
2007-09-13 00:00:00-04:00,13.239999771118164,13.300000190734863,13.130000114440918,13.170000076293945,7618300,0.0,0.0
2007-09-14 00:00:00-04:00,13.100000381469727,13.520000457763672,13.0600004196167,13.5,9407100,0.0,0.0
2007-09-17 00:00:00-04:00,13.420000076293945,13.630000114440918,13.420000076293945,13.430000305175781,9676100,0.0,0.0
2007-09-18 00:00:00-04:00,13.40999984741211,13.5600004196167,13.34000015258789,13.510000228881836,9636400,0.0,0.0
2007-09-19 00:00:00-04:00,13.619999885559082,13.899999618530273,13.510000228881836,13.680000305175781,11137400,0.0,0.0
2007-09-20 00:00:00-04:00,13.640000343322754,13.890000343322754,13.630000114440918,13.699999809265137,8568600,0.0,0.0
2007-09-21 00:00:00-04:00,13.8100004196167,13.930000305175781,13.59000015258789,13.75,30647500,0.0,0.0
2007-09-24 00:00:00-04:00,13.800000190734863,14.149999618530273,13.649999618530273,14.109999656677246,14091400,0.0,0.0
2007-09-25 00:00:00-04:00,14.0600004196167,14.350000381469727,14.050000190734863,14.199999809265137,8463500,0.0,0.0
2007-09-26 00:00:00-04:00,14.25,14.300000190734863,14.069999694824219,14.199999809265137,6457900,0.0,0.0
2007-09-27 00:00:00-04:00,14.15999984741211,14.229999542236328,13.869999885559082,13.920000076293945,8519300,0.0,0.0
2007-09-28 00:00:00-04:00,13.90999984741211,14.09000015258789,13.859999656677246,13.949999809265137,5129400,0.0,0.0
2007-10-01 00:00:00-04:00,14.029999732971191,14.170000076293945,13.979999542236328,14.119999885559082,6953600,0.0,0.0
2007-10-02 00:00:00-04:00,14.140000343322754,14.149999618530273,13.789999961853027,13.880000114440918,7754000,0.0,0.0
2007-10-03 00:00:00-04:00,13.899999618530273,13.979999542236328,13.789999961853027,13.90999984741211,5483000,0.0,0.0
2007-10-04 00:00:00-04:00,14.0,14.079999923706055,13.869999885559082,13.920000076293945,5857800,0.0,0.0
2007-10-05 00:00:00-04:00,14.199999809265137,14.3100004196167,14.0,14.260000228881836,9503300,0.0,0.0
2007-10-08 00:00:00-04:00,14.199999809265137,14.34000015258789,14.170000076293945,14.1899995803833,4090800,0.0,0.0
2007-10-09 00:00:00-04:00,14.15999984741211,14.6899995803833,14.15999984741211,14.649999618530273,10982900,0.0,0.0
2007-10-10 00:00:00-04:00,14.600000381469727,14.779999732971191,14.529999732971191,14.640000343322754,7090200,0.0,0.0
2007-10-11 00:00:00-04:00,14.75,15.3100004196167,14.65999984741211,15.010000228881836,17695200,0.0,0.0
2007-10-12 00:00:00-04:00,14.989999771118164,15.210000038146973,14.949999809265137,15.020000457763672,14189500,0.0,0.0
2007-10-15 00:00:00-04:00,15.199999809265137,15.25,14.369999885559082,15.029999732971191,15917000,0.0,0.0
2007-10-16 00:00:00-04:00,14.9399995803833,15.1899995803833,14.270000457763672,14.300000190734863,11592500,0.0,0.0
2007-10-17 00:00:00-04:00,14.34000015258789,14.460000038146973,14.039999961853027,14.140000343322754,11068600,0.0,0.0
2007-10-18 00:00:00-04:00,14.15999984741211,14.229999542236328,13.850000381469727,13.850000381469727,9752600,0.0,0.0
2007-10-19 00:00:00-04:00,14.079999923706055,14.760000228881836,14.0600004196167,14.420000076293945,23855400,0.0,0.0
2007-10-22 00:00:00-04:00,14.289999961853027,14.420000076293945,13.90999984741211,14.300000190734863,15219600,0.0,0.0
2007-10-23 00:00:00-04:00,14.300000190734863,14.699999809265137,14.260000228881836,14.550000190734863,7043800,0.0,0.0
2007-10-24 00:00:00-04:00,14.25,14.399999618530273,13.859999656677246,14.039999961853027,8321400,0.0,0.0
2007-10-25 00:00:00-04:00,14.029999732971191,14.140000343322754,13.6899995803833,13.800000190734863,6578600,0.0,0.0
2007-10-26 00:00:00-04:00,13.850000381469727,13.880000114440918,13.680000305175781,13.760000228881836,4673200,0.0,0.0
2007-10-29 00:00:00-04:00,13.770000457763672,13.880000114440918,13.65999984741211,13.699999809265137,7589800,0.0,0.0
2007-10-30 00:00:00-04:00,13.65999984741211,14.020000457763672,13.649999618530273,13.930000305175781,11220400,0.0,0.0
2007-10-31 00:00:00-04:00,13.869999885559082,13.949999809265137,13.710000038146973,13.869999885559082,11439900,0.0,0.0
2007-11-01 00:00:00-04:00,13.800000190734863,13.869999885559082,13.270000457763672,13.300000190734863,12251500,0.0,0.0
2007-11-02 00:00:00-04:00,13.369999885559082,13.430000305175781,13.140000343322754,13.239999771118164,7582600,0.0,0.0
2007-11-05 00:00:00-05:00,13.050000190734863,13.3100004196167,13.020000457763672,13.199999809265137,7020600,0.0,0.0
2007-11-06 00:00:00-05:00,13.1899995803833,13.270000457763672,12.960000038146973,13.119999885559082,5468600,0.0,0.0
2007-11-07 00:00:00-05:00,12.930000305175781,13.079999923706055,12.510000228881836,12.520000457763672,10078100,0.0,0.0
2007-11-08 00:00:00-05:00,12.65999984741211,12.6899995803833,12.260000228881836,12.489999771118164,13420000,0.0,0.0
2007-11-09 00:00:00-05:00,12.40999984741211,12.779999732971191,12.359999656677246,12.65999984741211,10868400,0.0,0.0
2007-11-12 00:00:00-05:00,12.65999984741211,12.859999656677246,12.649999618530273,12.65999984741211,7474900,0.0,0.0
2007-11-13 00:00:00-05:00,12.609999656677246,12.949999809265137,12.510000228881836,12.9399995803833,9466900,0.0,0.0
2007-11-14 00:00:00-05:00,13.010000228881836,13.09000015258789,12.710000038146973,12.75,8711600,0.0,0.0
2007-11-15 00:00:00-05:00,12.670000076293945,12.90999984741211,12.449999809265137,12.529999732971191,6649000,0.0,0.0
2007-11-16 00:00:00-05:00,12.59000015258789,12.680000305175781,11.979999542236328,12.100000381469727,15703300,0.0,0.0
2007-11-19 00:00:00-05:00,12.0,12.369999885559082,12.0,12.210000038146973,10586600,0.0,0.0
2007-11-20 00:00:00-05:00,12.210000038146973,12.600000381469727,12.130000114440918,12.380000114440918,11905200,0.0,0.0
2007-11-21 00:00:00-05:00,12.25,12.640000343322754,12.25,12.420000076293945,10714700,0.0,0.0
2007-11-23 00:00:00-05:00,12.489999771118164,12.539999961853027,12.270000457763672,12.510000228881836,2863100,0.0,0.0
2007-11-26 00:00:00-05:00,12.539999961853027,12.600000381469727,12.210000038146973,12.239999771118164,5208900,0.0,0.0
2007-11-27 00:00:00-05:00,12.279999732971191,12.720000267028809,12.25,12.6899995803833,8951500,0.0,0.0
2007-11-28 00:00:00-05:00,12.65999984741211,12.760000228881836,12.279999732971191,12.729999542236328,19065700,0.0,0.0
2007-11-29 00:00:00-05:00,12.699999809265137,12.800000190734863,12.5,12.550000190734863,6995400,0.0,0.0
2007-11-30 00:00:00-05:00,12.680000305175781,12.729999542236328,12.289999961853027,12.630000114440918,9335000,0.0,0.0
2007-12-03 00:00:00-05:00,12.529999732971191,13.029999732971191,12.520000457763672,13.0,9895800,0.0,0.0
2007-12-04 00:00:00-05:00,12.899999618530273,12.949999809265137,12.600000381469727,12.630000114440918,8032600,0.0,0.0
2007-12-05 00:00:00-05:00,12.720000267028809,13.0,12.720000267028809,12.949999809265137,9353900,0.0,0.0
2007-12-06 00:00:00-05:00,12.949999809265137,13.0,12.819999694824219,12.989999771118164,10160400,0.0,0.0
2007-12-07 00:00:00-05:00,13.0,13.020000457763672,12.710000038146973,12.729999542236328,7051700,0.0,0.0
2007-12-10 00:00:00-05:00,12.789999961853027,13.079999923706055,12.699999809265137,13.039999961853027,8053200,0.0,0.0
2007-12-11 00:00:00-05:00,13.09000015258789,13.119999885559082,12.649999618530273,12.699999809265137,6610100,0.0,0.0
2007-12-12 00:00:00-05:00,12.960000038146973,12.970000267028809,12.420000076293945,12.630000114440918,9522800,0.0,0.0
2007-12-13 00:00:00-05:00,12.539999961853027,12.550000190734863,12.15999984741211,12.220000267028809,10266000,0.0,0.0
2007-12-14 00:00:00-05:00,12.25,12.390000343322754,11.930000305175781,11.949999809265137,9622900,0.0,0.0
2007-12-17 00:00:00-05:00,11.920000076293945,11.920000076293945,11.449999809265137,11.470000267028809,15202300,0.0,0.0
2007-12-18 00:00:00-05:00,11.529999732971191,11.770000457763672,11.270000457763672,11.670000076293945,24360500,0.0,0.0
2007-12-19 00:00:00-05:00,11.649999618530273,11.75,11.4399995803833,11.510000228881836,8008800,0.0,0.0
2007-12-20 00:00:00-05:00,11.600000381469727,11.710000038146973,11.420000076293945,11.59000015258789,7131600,0.0,0.0
2007-12-21 00:00:00-05:00,11.6899995803833,11.90999984741211,11.640000343322754,11.829999923706055,14844400,0.0,0.0
2007-12-24 00:00:00-05:00,11.800000190734863,11.829999923706055,11.359999656677246,11.470000267028809,3832800,0.0,0.0
2007-12-26 00:00:00-05:00,11.380000114440918,11.930000305175781,11.369999885559082,11.859999656677246,8529400,0.0,0.0
2007-12-27 00:00:00-05:00,11.6899995803833,11.84000015258789,11.619999885559082,11.710000038146973,9886400,0.0,0.0
2007-12-28 00:00:00-05:00,11.699999809265137,11.8100004196167,11.609999656677246,11.720000267028809,7503700,0.0,0.0
2007-12-31 00:00:00-05:00,11.65999984741211,11.729999542236328,11.380000114440918,11.630000114440918,8992000,0.0,0.0
2008-01-02 00:00:00-05:00,11.649999618530273,11.850000381469727,11.350000381469727,11.40999984741211,7282100,0.0,0.0
2008-01-03 00:00:00-05:00,11.470000267028809,11.520000457763672,11.300000190734863,11.390000343322754,7131300,0.0,0.0
2008-01-04 00:00:00-05:00,11.279999732971191,11.390000343322754,11.130000114440918,11.3100004196167,9459400,0.0,0.0
2008-01-07 00:00:00-05:00,11.399999618530273,11.640000343322754,11.300000190734863,11.529999732971191,8261300,0.0,0.0
2008-01-08 00:00:00-05:00,11.5600004196167,11.5600004196167,10.960000038146973,10.979999542236328,9577300,0.0,0.0
2008-01-09 00:00:00-05:00,10.970000267028809,11.25,10.760000228881836,10.979999542236328,13319500,0.0,0.0
2008-01-10 00:00:00-05:00,10.920000076293945,11.789999961853027,10.84000015258789,11.699999809265137,15810800,0.0,0.0
2008-01-11 00:00:00-05:00,11.619999885559082,11.920000076293945,11.420000076293945,11.739999771118164,13578800,0.0,0.0
2008-01-14 00:00:00-05:00,11.75,11.979999542236328,11.729999542236328,11.930000305175781,10528600,0.0,0.0
2008-01-15 00:00:00-05:00,11.760000228881836,11.869999885559082,11.489999771118164,11.510000228881836,8960300,0.0,0.0
2008-01-16 00:00:00-05:00,11.710000038146973,12.260000228881836,11.670000076293945,12.050000190734863,13104900,0.0,0.0
2008-01-17 00:00:00-05:00,12.359999656677246,12.710000038146973,12.170000076293945,12.350000381469727,18613800,0.0,0.0
2008-01-18 00:00:00-05:00,12.40999984741211,12.680000305175781,12.079999923706055,12.130000114440918,18069200,0.0,0.0
2008-01-22 00:00:00-05:00,11.529999732971191,12.630000114440918,11.529999732971191,12.130000114440918,19932100,0.0,0.0
2008-01-23 00:00:00-05:00,11.800000190734863,12.210000038146973,11.5,12.09000015258789,15968000,0.0,0.0
2008-01-24 00:00:00-05:00,12.170000076293945,12.279999732971191,11.779999732971191,11.960000038146973,9997400,0.0,0.0
2008-01-25 00:00:00-05:00,12.050000190734863,12.100000381469727,11.760000228881836,11.84000015258789,9533200,0.0,0.0
2008-01-28 00:00:00-05:00,11.949999809265137,12.050000190734863,11.729999542236328,11.850000381469727,8928900,0.0,0.0
2008-01-29 00:00:00-05:00,11.949999809265137,12.050000190734863,11.880000114440918,11.960000038146973,9321800,0.0,0.0
2008-01-30 00:00:00-05:00,11.930000305175781,12.170000076293945,11.899999618530273,11.949999809265137,9951300,0.0,0.0
2008-01-31 00:00:00-05:00,11.90999984741211,12.289999961853027,11.800000190734863,12.149999618530273,12373000,0.0,0.0
2008-02-01 00:00:00-05:00,12.15999984741211,12.420000076293945,12.130000114440918,12.369999885559082,9179500,0.0,0.0
2008-02-04 00:00:00-05:00,12.430000305175781,13.050000190734863,12.430000305175781,12.850000381469727,21758100,0.0,0.0
2008-02-05 00:00:00-05:00,12.970000267028809,13.020000457763672,12.420000076293945,12.770000457763672,24436700,0.0,0.0
2008-02-06 00:00:00-05:00,12.880000114440918,12.9399995803833,12.5600004196167,12.630000114440918,12729600,0.0,0.0
2008-02-07 00:00:00-05:00,12.399999618530273,12.600000381469727,12.050000190734863,12.239999771118164,20642300,0.0,0.0
2008-02-08 00:00:00-05:00,12.100000381469727,12.470000267028809,12.100000381469727,12.329999923706055,8387500,0.0,0.0
2008-02-11 00:00:00-05:00,12.350000381469727,12.4399995803833,12.260000228881836,12.40999984741211,4338700,0.0,0.0
2008-02-12 00:00:00-05:00,12.5,12.649999618530273,12.329999923706055,12.520000457763672,10034000,0.0,0.0
2008-02-13 00:00:00-05:00,12.479999542236328,12.670000076293945,12.479999542236328,12.59000015258789,7116500,0.0,0.0
2008-02-14 00:00:00-05:00,12.579999923706055,12.720000267028809,12.539999961853027,12.569999694824219,7478000,0.0,0.0
2008-02-15 00:00:00-05:00,12.550000190734863,12.829999923706055,12.5,12.8100004196167,10387100,0.0,0.0
2008-02-19 00:00:00-05:00,13.0,13.0,12.710000038146973,12.75,5533300,0.0,0.0
2008-02-20 00:00:00-05:00,12.670000076293945,12.729999542236328,12.359999656677246,12.609999656677246,6074700,0.0,0.0
2008-02-21 00:00:00-05:00,12.680000305175781,12.6899995803833,12.390000343322754,12.430000305175781,8861600,0.0,0.0
2008-02-22 00:00:00-05:00,12.460000038146973,12.529999732971191,12.140000343322754,12.3100004196167,6465800,0.0,0.0
2008-02-25 00:00:00-05:00,12.579999923706055,13.130000114440918,12.4399995803833,13.050000190734863,11793000,0.0,0.0
2008-02-26 00:00:00-05:00,13.0,13.270000457763672,12.899999618530273,13.210000038146973,11648000,0.0,0.0
2008-02-27 00:00:00-05:00,13.15999984741211,13.170000076293945,12.979999542236328,13.0,5144700,0.0,0.0
2008-02-28 00:00:00-05:00,12.930000305175781,13.0,12.640000343322754,12.720000267028809,6284200,0.0,0.0
2008-02-29 00:00:00-05:00,12.630000114440918,12.729999542236328,12.4399995803833,12.59000015258789,7626300,0.0,0.0
2008-03-03 00:00:00-05:00,12.600000381469727,12.680000305175781,12.430000305175781,12.649999618530273,7098800,0.0,0.0
2008-03-04 00:00:00-05:00,12.529999732971191,12.789999961853027,12.520000457763672,12.75,6692400,0.0,0.0
2008-03-05 00:00:00-05:00,12.819999694824219,12.859999656677246,12.680000305175781,12.789999961853027,12625200,0.0,0.0
2008-03-06 00:00:00-05:00,12.739999771118164,12.789999961853027,12.579999923706055,12.680000305175781,17915900,0.0,0.0
2008-03-07 00:00:00-05:00,12.550000190734863,12.600000381469727,12.25,12.350000381469727,15046500,0.0,0.0
2008-03-10 00:00:00-04:00,12.34000015258789,12.489999771118164,12.239999771118164,12.329999923706055,9369600,0.0,0.0
2008-03-11 00:00:00-04:00,12.430000305175781,12.569999694824219,12.300000190734863,12.5600004196167,9814400,0.0,0.0
2008-03-12 00:00:00-04:00,12.59000015258789,13.079999923706055,12.5600004196167,12.75,9450500,0.0,0.0
2008-03-13 00:00:00-04:00,12.600000381469727,12.930000305175781,12.329999923706055,12.859999656677246,8299900,0.0,0.0
2008-03-14 00:00:00-04:00,12.930000305175781,12.979999542236328,12.300000190734863,12.630000114440918,11357000,0.0,0.0
2008-03-17 00:00:00-04:00,12.319999694824219,12.579999923706055,12.140000343322754,12.199999809265137,15298100,0.0,0.0
2008-03-18 00:00:00-04:00,12.449999809265137,12.680000305175781,12.199999809265137,12.600000381469727,13395400,0.0,0.0
2008-03-19 00:00:00-04:00,12.600000381469727,13.020000457763672,12.539999961853027,12.539999961853027,9217200,0.0,0.0
2008-03-20 00:00:00-04:00,12.600000381469727,12.6899995803833,12.359999656677246,12.430000305175781,16414000,0.0,0.0
2008-03-24 00:00:00-04:00,12.449999809265137,12.960000038146973,12.449999809265137,12.850000381469727,9179100,0.0,0.0
2008-03-25 00:00:00-04:00,12.829999923706055,13.09000015258789,12.819999694824219,12.970000267028809,13219500,0.0,0.0
2008-03-26 00:00:00-04:00,12.930000305175781,12.930000305175781,12.670000076293945,12.739999771118164,10654500,0.0,0.0
2008-03-27 00:00:00-04:00,12.84000015258789,13.039999961853027,12.729999542236328,12.829999923706055,13886600,0.0,0.0
2008-03-28 00:00:00-04:00,12.90999984741211,12.970000267028809,12.579999923706055,12.609999656677246,9448100,0.0,0.0
2008-03-31 00:00:00-04:00,12.579999923706055,12.949999809265137,12.520000457763672,12.869999885559082,14379900,0.0,0.0
2008-04-01 00:00:00-04:00,12.9399995803833,13.640000343322754,12.9399995803833,13.600000381469727,12840300,0.0,0.0
2008-04-02 00:00:00-04:00,13.579999923706055,13.890000343322754,13.539999961853027,13.59000015258789,8270600,0.0,0.0
2008-04-03 00:00:00-04:00,13.539999961853027,13.609999656677246,13.260000228881836,13.520000457763672,7535000,0.0,0.0
2008-04-04 00:00:00-04:00,13.460000038146973,14.220000267028809,13.420000076293945,14.109999656677246,13731100,0.0,0.0
2008-04-07 00:00:00-04:00,14.0,14.180000305175781,13.65999984741211,13.739999771118164,9892700,0.0,0.0
2008-04-08 00:00:00-04:00,13.760000228881836,13.880000114440918,13.4399995803833,13.630000114440918,12360500,0.0,0.0
2008-04-09 00:00:00-04:00,13.680000305175781,13.850000381469727,13.350000381469727,13.460000038146973,11049000,0.0,0.0
2008-04-10 00:00:00-04:00,13.510000228881836,13.550000190734863,13.220000267028809,13.270000457763672,7704500,0.0,0.0
2008-04-11 00:00:00-04:00,13.329999923706055,13.350000381469727,12.84000015258789,12.880000114440918,10222000,0.0,0.0
2008-04-14 00:00:00-04:00,12.899999618530273,13.029999732971191,12.729999542236328,12.760000228881836,7307700,0.0,0.0
2008-04-15 00:00:00-04:00,12.899999618530273,13.010000228881836,12.399999618530273,12.479999542236328,8400400,0.0,0.0
2008-04-16 00:00:00-04:00,12.609999656677246,12.770000457763672,12.470000267028809,12.579999923706055,12247400,0.0,0.0
2008-04-17 00:00:00-04:00,12.520000457763672,12.75,12.34000015258789,12.479999542236328,14003400,0.0,0.0
2008-04-18 00:00:00-04:00,12.670000076293945,12.8100004196167,12.470000267028809,12.649999618530273,8456900,0.0,0.0
2008-04-21 00:00:00-04:00,12.739999771118164,13.170000076293945,12.529999732971191,13.029999732971191,13118800,0.0,0.0
2008-04-22 00:00:00-04:00,13.460000038146973,13.460000038146973,12.720000267028809,12.899999618530273,14729600,0.0,0.0
2008-04-23 00:00:00-04:00,12.949999809265137,13.0,12.539999961853027,12.640000343322754,12340500,0.0,0.0
2008-04-24 00:00:00-04:00,12.670000076293945,12.699999809265137,12.449999809265137,12.600000381469727,8192400,0.0,0.0
2008-04-25 00:00:00-04:00,12.609999656677246,12.770000457763672,12.600000381469727,12.770000457763672,8439700,0.0,0.0
2008-04-28 00:00:00-04:00,12.699999809265137,13.039999961853027,12.699999809265137,12.9399995803833,10078100,0.0,0.0
2008-04-29 00:00:00-04:00,12.949999809265137,13.359999656677246,12.869999885559082,13.279999732971191,12097900,0.0,0.0
2008-04-30 00:00:00-04:00,13.279999732971191,13.630000114440918,13.210000038146973,13.329999923706055,10716600,0.0,0.0
2008-05-01 00:00:00-04:00,13.34000015258789,13.579999923706055,13.34000015258789,13.5600004196167,6065100,0.0,0.0
2008-05-02 00:00:00-04:00,13.489999771118164,13.600000381469727,13.390000343322754,13.420000076293945,5806200,0.0,0.0
2008-05-05 00:00:00-04:00,13.3100004196167,13.369999885559082,13.050000190734863,13.289999961853027,5254100,0.0,0.0
2008-05-06 00:00:00-04:00,13.15999984741211,13.770000457763672,13.15999984741211,13.729999542236328,9809700,0.0,0.0
2008-05-07 00:00:00-04:00,13.770000457763672,13.800000190734863,13.380000114440918,13.420000076293945,7574700,0.0,0.0
2008-05-08 00:00:00-04:00,13.550000190734863,13.800000190734863,13.550000190734863,13.680000305175781,7289400,0.0,0.0
2008-05-09 00:00:00-04:00,13.5,13.710000038146973,13.350000381469727,13.420000076293945,6859900,0.0,0.0
2008-05-12 00:00:00-04:00,13.430000305175781,13.529999732971191,13.270000457763672,13.40999984741211,5206600,0.0,0.0
2008-05-13 00:00:00-04:00,13.40999984741211,13.470000267028809,12.949999809265137,13.010000228881836,10858400,0.0,0.0
2008-05-14 00:00:00-04:00,13.100000381469727,13.430000305175781,13.010000228881836,13.289999961853027,6634700,0.0,0.0
2008-05-15 00:00:00-04:00,13.319999694824219,13.470000267028809,13.0600004196167,13.430000305175781,8793600,0.0,0.0
2008-05-16 00:00:00-04:00,13.479999542236328,13.5,13.270000457763672,13.399999618530273,5141400,0.0,0.0
2008-05-19 00:00:00-04:00,13.430000305175781,13.5600004196167,13.210000038146973,13.380000114440918,4864200,0.0,0.0
2008-05-20 00:00:00-04:00,13.34000015258789,13.699999809265137,13.260000228881836,13.550000190734863,9214500,0.0,0.0
2008-05-21 00:00:00-04:00,13.550000190734863,13.699999809265137,13.449999809265137,13.470000267028809,6229300,0.0,0.0
2008-05-22 00:00:00-04:00,13.520000457763672,13.609999656677246,13.420000076293945,13.5,4351600,0.0,0.0
2008-05-23 00:00:00-04:00,13.460000038146973,13.489999771118164,13.069999694824219,13.119999885559082,5465600,0.0,0.0
2008-05-27 00:00:00-04:00,13.149999618530273,13.510000228881836,13.029999732971191,13.4399995803833,8113000,0.0,0.0
2008-05-28 00:00:00-04:00,13.420000076293945,13.640000343322754,13.09000015258789,13.15999984741211,8603200,0.0,0.0
2008-05-29 00:00:00-04:00,13.109999656677246,13.34000015258789,13.109999656677246,13.270000457763672,7204700,0.0,0.0
2008-05-30 00:00:00-04:00,13.34000015258789,13.390000343322754,13.210000038146973,13.289999961853027,7872700,0.0,0.0
2008-06-02 00:00:00-04:00,13.25,13.3100004196167,12.9399995803833,13.109999656677246,6510100,0.0,0.0
2008-06-03 00:00:00-04:00,13.199999809265137,13.5600004196167,13.15999984741211,13.399999618530273,12073300,0.0,0.0
2008-06-04 00:00:00-04:00,13.390000343322754,13.5600004196167,13.149999618530273,13.510000228881836,13262000,0.0,0.0
2008-06-05 00:00:00-04:00,13.529999732971191,13.880000114440918,13.449999809265137,13.800000190734863,10131500,0.0,0.0
2008-06-06 00:00:00-04:00,13.649999618530273,13.680000305175781,13.390000343322754,13.489999771118164,9246400,0.0,0.0
2008-06-09 00:00:00-04:00,13.579999923706055,13.579999923706055,13.1899995803833,13.329999923706055,8941900,0.0,0.0
2008-06-10 00:00:00-04:00,13.260000228881836,13.270000457763672,13.050000190734863,13.100000381469727,6765100,0.0,0.0
2008-06-11 00:00:00-04:00,13.100000381469727,13.100000381469727,12.800000190734863,12.84000015258789,9854600,0.0,0.0
2008-06-12 00:00:00-04:00,12.930000305175781,13.229999542236328,12.859999656677246,13.180000305175781,8079000,0.0,0.0
2008-06-13 00:00:00-04:00,13.25,13.449999809265137,13.140000343322754,13.289999961853027,10570100,0.0,0.0
2008-06-16 00:00:00-04:00,13.180000305175781,13.6899995803833,13.180000305175781,13.640000343322754,7513900,0.0,0.0
2008-06-17 00:00:00-04:00,13.680000305175781,13.859999656677246,13.5600004196167,13.65999984741211,7571300,0.0,0.0
2008-06-18 00:00:00-04:00,13.600000381469727,13.800000190734863,13.529999732971191,13.569999694824219,6653200,0.0,0.0
2008-06-19 00:00:00-04:00,13.539999961853027,13.699999809265137,13.229999542236328,13.270000457763672,9910900,0.0,0.0
2008-06-20 00:00:00-04:00,13.279999732971191,13.279999732971191,12.640000343322754,12.680000305175781,13790500,0.0,0.0
2008-06-23 00:00:00-04:00,12.680000305175781,12.739999771118164,12.149999618530273,12.260000228881836,14411700,0.0,0.0
2008-06-24 00:00:00-04:00,12.260000228881836,12.609999656677246,12.260000228881836,12.489999771118164,13768400,0.0,0.0
2008-06-25 00:00:00-04:00,12.529999732971191,12.729999542236328,12.4399995803833,12.649999618530273,7917000,0.0,0.0
2008-06-26 00:00:00-04:00,12.510000228881836,12.630000114440918,12.220000267028809,12.3100004196167,11089500,0.0,0.0
2008-06-27 00:00:00-04:00,12.300000190734863,12.380000114440918,12.09000015258789,12.229999542236328,16688300,0.0,0.0
2008-06-30 00:00:00-04:00,12.229999542236328,12.420000076293945,12.100000381469727,12.289999961853027,7300200,0.0,0.0
2008-07-01 00:00:00-04:00,12.119999885559082,12.359999656677246,12.029999732971191,12.1899995803833,8134300,0.0,0.0
2008-07-02 00:00:00-04:00,12.210000038146973,12.59000015258789,12.149999618530273,12.40999984741211,9384400,0.0,0.0
2008-07-03 00:00:00-04:00,12.449999809265137,12.529999732971191,12.25,12.350000381469727,6134800,0.0,0.0
2008-07-07 00:00:00-04:00,12.420000076293945,12.59000015258789,12.199999809265137,12.5,9844500,0.0,0.0
2008-07-08 00:00:00-04:00,12.420000076293945,12.859999656677246,12.420000076293945,12.850000381469727,16375700,0.0,0.0
2008-07-09 00:00:00-04:00,12.859999656677246,12.899999618530273,12.479999542236328,12.5600004196167,11875900,0.0,0.0
2008-07-10 00:00:00-04:00,12.550000190734863,12.789999961853027,12.109999656677246,12.229999542236328,14950700,0.0,0.0
2008-07-11 00:00:00-04:00,12.109999656677246,12.279999732971191,12.0600004196167,12.09000015258789,11068800,0.0,0.0
2008-07-14 00:00:00-04:00,12.210000038146973,12.550000190734863,12.069999694824219,12.4399995803833,12150000,0.0,0.0
2008-07-15 00:00:00-04:00,12.369999885559082,13.0,12.210000038146973,12.850000381469727,16968100,0.0,0.0
2008-07-16 00:00:00-04:00,12.890000343322754,13.600000381469727,12.699999809265137,13.489999771118164,21695900,0.0,0.0
2008-07-17 00:00:00-04:00,13.59000015258789,13.699999809265137,13.25,13.65999984741211,14845100,0.0,0.0
2008-07-18 00:00:00-04:00,13.710000038146973,13.930000305175781,13.510000228881836,13.890000343322754,13927400,0.0,0.0
2008-07-21 00:00:00-04:00,13.90999984741211,14.199999809265137,13.770000457763672,13.800000190734863,14831600,0.0,0.0
2008-07-22 00:00:00-04:00,13.510000228881836,13.550000190734863,11.90999984741211,12.279999732971191,41957000,0.0,0.0
2008-07-23 00:00:00-04:00,12.329999923706055,12.569999694824219,12.300000190734863,12.479999542236328,14678000,0.0,0.0
2008-07-24 00:00:00-04:00,12.460000038146973,12.479999542236328,12.149999618530273,12.1899995803833,12213800,0.0,0.0
2008-07-25 00:00:00-04:00,12.369999885559082,12.430000305175781,12.050000190734863,12.09000015258789,17272700,0.0,0.0
2008-07-28 00:00:00-04:00,12.039999961853027,12.1899995803833,11.8100004196167,11.819999694824219,13825700,0.0,0.0
2008-07-29 00:00:00-04:00,11.800000190734863,12.119999885559082,11.65999984741211,12.0,16208700,0.0,0.0
2008-07-30 00:00:00-04:00,12.020000457763672,12.109999656677246,11.649999618530273,11.75,11154100,0.0,0.0
2008-07-31 00:00:00-04:00,11.670000076293945,12.100000381469727,11.630000114440918,11.890000343322754,11721700,0.0,0.0
2008-08-01 00:00:00-04:00,11.84000015258789,12.100000381469727,11.84000015258789,11.960000038146973,8053500,0.0,0.0
2008-08-04 00:00:00-04:00,12.0600004196167,12.1899995803833,11.850000381469727,12.130000114440918,8379800,0.0,0.0
2008-08-05 00:00:00-04:00,12.180000305175781,12.869999885559082,12.140000343322754,12.829999923706055,16983700,0.0,0.0
2008-08-06 00:00:00-04:00,12.739999771118164,13.130000114440918,12.630000114440918,13.09000015258789,15633000,0.0,0.0
2008-08-07 00:00:00-04:00,12.949999809265137,13.069999694824219,12.680000305175781,12.779999732971191,11073400,0.0,0.0
2008-08-08 00:00:00-04:00,12.819999694824219,13.279999732971191,12.720000267028809,13.270000457763672,9843100,0.0,0.0
2008-08-11 00:00:00-04:00,13.229999542236328,13.34000015258789,13.029999732971191,13.25,6733000,0.0,0.0
2008-08-12 00:00:00-04:00,13.140000343322754,13.350000381469727,13.069999694824219,13.229999542236328,7456900,0.0,0.0
2008-08-13 00:00:00-04:00,13.239999771118164,13.479999542236328,13.100000381469727,13.380000114440918,9274500,0.0,0.0
2008-08-14 00:00:00-04:00,13.300000190734863,13.680000305175781,12.609999656677246,13.100000381469727,18514100,0.0,0.0
2008-08-15 00:00:00-04:00,13.119999885559082,13.390000343322754,13.010000228881836,13.220000267028809,9747700,0.0,0.0
2008-08-18 00:00:00-04:00,13.220000267028809,13.289999961853027,12.850000381469727,12.899999618530273,8604800,0.0,0.0
2008-08-19 00:00:00-04:00,12.640000343322754,12.819999694824219,12.140000343322754,12.760000228881836,9816400,0.0,0.0
2008-08-20 00:00:00-04:00,12.8100004196167,12.920000076293945,12.609999656677246,12.760000228881836,5276000,0.0,0.0
2008-08-21 00:00:00-04:00,12.600000381469727,13.050000190734863,12.600000381469727,13.0,5722100,0.0,0.0
2008-08-22 00:00:00-04:00,13.020000457763672,13.15999984741211,12.739999771118164,12.760000228881836,9808600,0.0,0.0
2008-08-25 00:00:00-04:00,12.739999771118164,12.859999656677246,12.34000015258789,12.470000267028809,13212200,0.0,0.0
2008-08-26 00:00:00-04:00,12.449999809265137,12.550000190734863,12.329999923706055,12.449999809265137,7861300,0.0,0.0
2008-08-27 00:00:00-04:00,12.489999771118164,12.609999656677246,12.380000114440918,12.5,6143600,0.0,0.0
2008-08-28 00:00:00-04:00,12.550000190734863,12.880000114440918,12.5,12.84000015258789,7443600,0.0,0.0
2008-08-29 00:00:00-04:00,12.779999732971191,12.899999618530273,12.550000190734863,12.5600004196167,7460400,0.0,0.0
2008-09-02 00:00:00-04:00,12.630000114440918,12.9399995803833,12.609999656677246,12.6899995803833,13103500,0.0,0.0
2008-09-03 00:00:00-04:00,12.760000228881836,12.850000381469727,12.520000457763672,12.720000267028809,9843200,0.0,0.0
2008-09-04 00:00:00-04:00,12.699999809265137,12.779999732971191,12.239999771118164,12.260000228881836,9058100,0.0,0.0
2008-09-05 00:00:00-04:00,12.25,12.65999984741211,12.1899995803833,12.569999694824219,8343300,0.0,0.0
2008-09-08 00:00:00-04:00,12.789999961853027,13.029999732971191,12.300000190734863,12.380000114440918,19168100,0.0,0.0
2008-09-09 00:00:00-04:00,12.59000015258789,12.720000267028809,12.390000343322754,12.399999618530273,11962100,0.0,0.0
2008-09-10 00:00:00-04:00,12.40999984741211,12.770000457763672,12.40999984741211,12.649999618530273,14387700,0.0,0.0
2008-09-11 00:00:00-04:00,12.510000228881836,13.399999618530273,12.510000228881836,13.390000343322754,16116100,0.0,0.0
2008-09-12 00:00:00-04:00,13.329999923706055,13.510000228881836,13.029999732971191,13.510000228881836,15230000,0.0,0.0
2008-09-15 00:00:00-04:00,13.039999961853027,13.460000038146973,12.859999656677246,13.199999809265137,15497500,0.0,0.0
2008-09-16 00:00:00-04:00,12.989999771118164,13.199999809265137,11.90999984741211,12.229999542236328,22298100,0.0,0.0
2008-09-17 00:00:00-04:00,12.140000343322754,12.630000114440918,11.989999771118164,12.069999694824219,17029600,0.0,0.0
2008-09-18 00:00:00-04:00,12.220000267028809,13.779999732971191,12.15999984741211,13.5,20600500,0.0,0.0
2008-09-19 00:00:00-04:00,13.770000457763672,13.829999923706055,12.920000076293945,13.649999618530273,37786800,0.0,0.0
2008-09-22 00:00:00-04:00,13.569999694824219,13.569999694824219,12.420000076293945,12.470000267028809,9570100,0.0,0.0
2008-09-23 00:00:00-04:00,12.520000457763672,12.920000076293945,12.350000381469727,12.449999809265137,11658000,0.0,0.0
2008-09-24 00:00:00-04:00,12.350000381469727,12.720000267028809,12.3100004196167,12.609999656677246,10131000,0.0,0.0
2008-09-25 00:00:00-04:00,12.890000343322754,13.270000457763672,12.890000343322754,12.979999542236328,14006300,0.0,0.0
2008-09-26 00:00:00-04:00,12.8100004196167,13.010000228881836,12.579999923706055,12.739999771118164,9412900,0.0,0.0
2008-09-29 00:00:00-04:00,12.739999771118164,12.84000015258789,11.680000305175781,11.84000015258789,15144400,0.0,0.0
2008-09-30 00:00:00-04:00,12.140000343322754,12.350000381469727,11.869999885559082,12.270000457763672,13296600,0.0,0.0
2008-10-01 00:00:00-04:00,11.5,11.899999618530273,11.0,11.34000015258789,22402100,0.0,0.0
2008-10-02 00:00:00-04:00,11.25,11.510000228881836,11.109999656677246,11.470000267028809,12472200,0.0,0.0
2008-10-03 00:00:00-04:00,11.520000457763672,11.710000038146973,11.010000228881836,11.050000190734863,13379500,0.0,0.0
2008-10-06 00:00:00-04:00,10.819999694824219,11.069999694824219,9.859999656677246,10.329999923706055,16157800,0.0,0.0
2008-10-07 00:00:00-04:00,10.4399995803833,10.699999809265137,9.899999618530273,9.960000038146973,22590300,0.0,0.0
2008-10-08 00:00:00-04:00,9.800000190734863,10.180000305175781,8.720000267028809,8.949999809265137,38103500,0.0,0.0
2008-10-09 00:00:00-04:00,9.239999771118164,9.239999771118164,8.100000381469727,8.390000343322754,34779600,0.0,0.0
2008-10-10 00:00:00-04:00,7.909999847412109,8.140000343322754,6.340000152587891,7.309999942779541,60809600,0.0,0.0
2008-10-13 00:00:00-04:00,8.279999732971191,9.289999961853027,8.050000190734863,9.220000267028809,26114400,0.0,0.0
2008-10-14 00:00:00-04:00,10.0,10.050000190734863,9.020000457763672,9.300000190734863,22200500,0.0,0.0
2008-10-15 00:00:00-04:00,9.170000076293945,9.609999656677246,8.649999618530273,8.75,16017100,0.0,0.0
2008-10-16 00:00:00-04:00,8.779999732971191,9.069999694824219,8.010000228881836,8.640000343322754,19634200,0.0,0.0
2008-10-17 00:00:00-04:00,8.489999771118164,9.050000190734863,8.199999809265137,8.670000076293945,12689200,0.0,0.0
2008-10-20 00:00:00-04:00,8.720000267028809,9.029999732971191,8.5,8.899999618530273,11847500,0.0,0.0
2008-10-21 00:00:00-04:00,8.65999984741211,9.109999656677246,8.489999771118164,8.619999885559082,14174100,0.0,0.0
2008-10-22 00:00:00-04:00,8.550000190734863,9.010000228881836,8.0,8.1899995803833,20182400,0.0,0.0
2008-10-23 00:00:00-04:00,8.239999771118164,8.680000305175781,7.940000057220459,8.449999809265137,23331200,0.0,0.0
2008-10-24 00:00:00-04:00,7.949999809265137,8.300000190734863,7.610000133514404,7.929999828338623,13139500,0.0,0.0
2008-10-27 00:00:00-04:00,7.809999942779541,8.0600004196167,7.079999923706055,7.110000133514404,10331700,0.0,0.0
2008-10-28 00:00:00-04:00,7.230000019073486,9.029999732971191,6.800000190734863,7.710000038146973,19968800,0.0,0.0
2008-10-29 00:00:00-04:00,7.710000038146973,8.470000267028809,7.579999923706055,8.029999732971191,19098100,0.0,0.0
2008-10-30 00:00:00-04:00,8.34000015258789,8.859999656677246,8.229999542236328,8.710000038146973,18319800,0.0,0.0
2008-10-31 00:00:00-04:00,8.65999984741211,9.180000305175781,8.59000015258789,9.029999732971191,15560400,0.0,0.0
2008-11-03 00:00:00-05:00,8.979999542236328,9.079999923706055,8.739999771118164,8.84000015258789,5586200,0.0,0.0
2008-11-04 00:00:00-05:00,8.989999771118164,9.050000190734863,8.720000267028809,8.9399995803833,9867400,0.0,0.0
2008-11-05 00:00:00-05:00,8.829999923706055,9.010000228881836,8.720000267028809,8.770000457763672,12515800,0.0,0.0
2008-11-06 00:00:00-05:00,8.6899995803833,8.899999618530273,8.100000381469727,8.170000076293945,16328400,0.0,0.0
2008-11-07 00:00:00-05:00,8.220000267028809,8.579999923706055,8.100000381469727,8.550000190734863,6173100,0.0,0.0
2008-11-10 00:00:00-05:00,8.699999809265137,8.850000381469727,8.100000381469727,8.270000457763672,4785300,0.0,0.0
2008-11-11 00:00:00-05:00,8.15999984741211,8.300000190734863,7.820000171661377,7.880000114440918,8486800,0.0,0.0
2008-11-12 00:00:00-05:00,7.769999980926514,7.989999771118164,7.010000228881836,7.010000228881836,13669100,0.0,0.0
2008-11-13 00:00:00-05:00,7.070000171661377,7.869999885559082,6.829999923706055,7.809999942779541,20911800,0.0,0.0
2008-11-14 00:00:00-05:00,7.619999885559082,8.050000190734863,7.360000133514404,7.389999866485596,14694900,0.0,0.0
2008-11-17 00:00:00-05:00,7.269999980926514,7.519999980926514,7.139999866485596,7.190000057220459,9441200,0.0,0.0
2008-11-18 00:00:00-05:00,7.159999847412109,7.429999828338623,6.949999809265137,7.260000228881836,11495900,0.0,0.0
2008-11-19 00:00:00-05:00,7.300000190734863,7.460000038146973,6.519999980926514,6.550000190734863,11528600,0.0,0.0
2008-11-20 00:00:00-05:00,6.519999980926514,6.519999980926514,5.409999847412109,5.480000019073486,20579500,0.0,0.0
2008-11-21 00:00:00-05:00,5.619999885559082,6.179999828338623,5.489999771118164,6.139999866485596,27817300,0.0,0.0
2008-11-24 00:00:00-05:00,6.0,6.230000019073486,5.679999828338623,6.039999961853027,19701700,0.0,0.0
2008-11-25 00:00:00-05:00,6.159999847412109,6.380000114440918,5.929999828338623,6.119999885559082,17741600,0.0,0.0
2008-11-26 00:00:00-05:00,5.789999961853027,6.139999866485596,5.789999961853027,6.059999942779541,14226700,0.0,0.0
2008-11-28 00:00:00-05:00,6.039999961853027,6.300000190734863,6.010000228881836,6.170000076293945,6876900,0.0,0.0
2008-12-01 00:00:00-05:00,5.980000019073486,6.090000152587891,5.860000133514404,5.909999847412109,13507100,0.0,0.0
2008-12-02 00:00:00-05:00,6.0,6.25,5.800000190734863,6.230000019073486,25811600,0.0,0.0
2008-12-03 00:00:00-05:00,6.199999809265137,6.949999809265137,6.050000190734863,6.909999847412109,23908100,0.0,0.0
2008-12-04 00:00:00-05:00,6.809999942779541,6.880000114440918,6.449999809265137,6.570000171661377,15080900,0.0,0.0
2008-12-05 00:00:00-05:00,6.309999942779541,7.650000095367432,6.309999942779541,7.610000133514404,17563600,0.0,0.0
2008-12-08 00:00:00-05:00,7.800000190734863,7.909999847412109,7.070000171661377,7.53000020980835,14561300,0.0,0.0
2008-12-09 00:00:00-05:00,7.440000057220459,7.510000228881836,7.170000076293945,7.360000133514404,11515700,0.0,0.0
2008-12-10 00:00:00-05:00,7.309999942779541,7.519999980926514,7.119999885559082,7.21999979019165,10992600,0.0,0.0
2008-12-11 00:00:00-05:00,7.159999847412109,7.679999828338623,7.150000095367432,7.260000228881836,16679000,0.0,0.0
2008-12-12 00:00:00-05:00,7.039999961853027,7.239999771118164,6.900000095367432,7.170000076293945,12222100,0.0,0.0
2008-12-15 00:00:00-05:00,7.28000020980835,7.480000019073486,7.179999828338623,7.230000019073486,16161600,0.0,0.0
2008-12-16 00:00:00-05:00,7.340000152587891,7.449999809265137,7.130000114440918,7.429999828338623,26077800,0.0,0.0
2008-12-17 00:00:00-05:00,7.349999904632568,8.020000457763672,7.25,7.769999980926514,14794800,0.0,0.0
2008-12-18 00:00:00-05:00,7.75,8.140000343322754,7.650000095367432,7.800000190734863,12455600,0.0,0.0
2008-12-19 00:00:00-05:00,8.4399995803833,8.4399995803833,7.510000228881836,7.78000020980835,16220900,0.0,0.0
2008-12-22 00:00:00-05:00,7.800000190734863,7.889999866485596,7.320000171661377,7.53000020980835,10656500,0.0,0.0
2008-12-23 00:00:00-05:00,7.619999885559082,7.71999979019165,7.360000133514404,7.369999885559082,8602600,0.0,0.0
2008-12-24 00:00:00-05:00,7.389999866485596,7.5,7.309999942779541,7.440000057220459,3119400,0.0,0.0
2008-12-26 00:00:00-05:00,7.5,7.519999980926514,7.329999923706055,7.389999866485596,4882600,0.0,0.0
2008-12-29 00:00:00-05:00,7.389999866485596,7.409999847412109,7.190000057220459,7.360000133514404,7956800,0.0,0.0
2008-12-30 00:00:00-05:00,7.420000076293945,7.5,7.21999979019165,7.389999866485596,12150300,0.0,0.0
2008-12-31 00:00:00-05:00,7.389999866485596,7.820000171661377,7.389999866485596,7.739999771118164,8888000,0.0,0.0
2009-01-02 00:00:00-05:00,7.71999979019165,7.949999809265137,7.510000228881836,7.880000114440918,10787500,0.0,0.0
2009-01-05 00:00:00-05:00,7.829999923706055,7.940000057220459,7.519999980926514,7.559999942779541,13811200,0.0,0.0
2009-01-06 00:00:00-05:00,7.590000152587891,8.100000381469727,7.590000152587891,7.989999771118164,13188800,0.0,0.0
2009-01-07 00:00:00-05:00,7.840000152587891,8.100000381469727,7.699999809265137,7.760000228881836,14419500,0.0,0.0
2009-01-08 00:00:00-05:00,7.829999923706055,7.909999847412109,7.519999980926514,7.800000190734863,12974600,0.0,0.0
2009-01-09 00:00:00-05:00,7.949999809265137,7.96999979019165,7.639999866485596,7.650000095367432,9792800,0.0,0.0
2009-01-12 00:00:00-05:00,7.650000095367432,7.670000076293945,7.260000228881836,7.349999904632568,10912600,0.0,0.0
2009-01-13 00:00:00-05:00,7.340000152587891,7.570000171661377,7.059999942779541,7.429999828338623,10342400,0.0,0.0
2009-01-14 00:00:00-05:00,7.230000019073486,7.429999828338623,7.119999885559082,7.400000095367432,12320500,0.0,0.0
2009-01-15 00:00:00-05:00,7.420000076293945,7.670000076293945,7.170000076293945,7.599999904632568,25982200,0.0,0.0
2009-01-16 00:00:00-05:00,7.71999979019165,7.949999809265137,7.659999847412109,7.869999885559082,21386700,0.0,0.0
2009-01-20 00:00:00-05:00,7.900000095367432,7.949999809265137,7.440000057220459,7.519999980926514,14536900,0.0,0.0
2009-01-21 00:00:00-05:00,7.630000114440918,7.949999809265137,7.53000020980835,7.880000114440918,12708800,0.0,0.0
2009-01-22 00:00:00-05:00,7.690000057220459,8.0,7.650000095367432,7.940000057220459,10083700,0.0,0.0
2009-01-23 00:00:00-05:00,7.760000228881836,7.809999942779541,7.539999961853027,7.730000019073486,12172000,0.0,0.0
2009-01-26 00:00:00-05:00,7.929999828338623,8.119999885559082,7.670000076293945,7.960000038146973,11254200,0.0,0.0
2009-01-27 00:00:00-05:00,8.029999732971191,8.670000076293945,8.0,8.5,23673600,0.0,0.0
2009-01-28 00:00:00-05:00,8.720000267028809,8.819999694824219,8.5,8.5,22691100,0.0,0.0
2009-01-29 00:00:00-05:00,8.600000381469727,9.630000114440918,8.550000190734863,8.760000228881836,34715900,0.0,0.0
2009-01-30 00:00:00-05:00,9.100000381469727,9.199999809265137,8.800000190734863,8.869999885559082,15498800,0.0,0.0
2009-02-02 00:00:00-05:00,8.729999542236328,8.859999656677246,8.59000015258789,8.779999732971191,8822200,0.0,0.0
2009-02-03 00:00:00-05:00,8.90999984741211,8.90999984741211,8.640000343322754,8.770000457763672,13589700,0.0,0.0
2009-02-04 00:00:00-05:00,8.819999694824219,9.430000305175781,8.65999984741211,9.109999656677246,13710500,0.0,0.0
2009-02-05 00:00:00-05:00,9.130000114440918,9.430000305175781,8.880000114440918,9.3100004196167,12745000,0.0,0.0
2009-02-06 00:00:00-05:00,9.329999923706055,9.5600004196167,9.199999809265137,9.40999984741211,8063400,0.0,0.0
2009-02-09 00:00:00-05:00,9.380000114440918,9.489999771118164,9.069999694824219,9.180000305175781,9997300,0.0,0.0
2009-02-10 00:00:00-05:00,9.109999656677246,9.180000305175781,8.529999732971191,8.59000015258789,14331500,0.0,0.0
2009-02-11 00:00:00-05:00,8.960000038146973,9.359999656677246,8.5,8.800000190734863,8066900,0.0,0.0
2009-02-12 00:00:00-05:00,8.649999618530273,8.869999885559082,8.539999961853027,8.800000190734863,11082000,0.0,0.0
2009-02-13 00:00:00-05:00,8.75,9.0,8.630000114440918,8.65999984741211,13612200,0.0,0.0
2009-02-17 00:00:00-05:00,8.970000267028809,8.970000267028809,8.449999809265137,8.550000190734863,14328200,0.0,0.0
2009-02-18 00:00:00-05:00,8.649999618530273,8.649999618530273,8.3100004196167,8.460000038146973,12806300,0.0,0.0
2009-02-19 00:00:00-05:00,8.5,8.770000457763672,8.449999809265137,8.6899995803833,12797200,0.0,0.0
2009-02-20 00:00:00-05:00,8.359999656677246,8.670000076293945,7.980000019073486,8.180000305175781,19590500,0.0,0.0
2009-02-23 00:00:00-05:00,8.350000381469727,8.350000381469727,8.039999961853027,8.0600004196167,13663700,0.0,0.0
2009-02-24 00:00:00-05:00,8.149999618530273,8.390000343322754,8.039999961853027,8.300000190734863,15055300,0.0,0.0
2009-02-25 00:00:00-05:00,8.260000228881836,8.300000190734863,7.920000076293945,8.050000190734863,12574100,0.0,0.0
2009-02-26 00:00:00-05:00,8.149999618530273,8.289999961853027,7.429999828338623,7.440000057220459,18558100,0.0,0.0
2009-02-27 00:00:00-05:00,7.21999979019165,7.289999961853027,6.800000190734863,7.019999980926514,19092400,0.0,0.0
2009-03-02 00:00:00-05:00,6.869999885559082,6.980000019073486,6.590000152587891,6.639999866485596,12581800,0.0,0.0
2009-03-03 00:00:00-05:00,6.730000019073486,6.940000057220459,6.599999904632568,6.78000020980835,15741100,0.0,0.0
2009-03-04 00:00:00-05:00,6.889999866485596,7.170000076293945,6.610000133514404,7.050000190734863,16091600,0.0,0.0
2009-03-05 00:00:00-05:00,6.860000133514404,6.96999979019165,6.400000095367432,6.460000038146973,15788000,0.0,0.0
2009-03-06 00:00:00-05:00,6.510000228881836,6.670000076293945,6.079999923706055,6.329999923706055,16196200,0.0,0.0
2009-03-09 00:00:00-04:00,6.329999923706055,6.440000057220459,6.079999923706055,6.139999866485596,11026600,0.0,0.0
2009-03-10 00:00:00-04:00,6.260000228881836,6.849999904632568,6.170000076293945,6.699999809265137,18457700,0.0,0.0
2009-03-11 00:00:00-04:00,6.769999980926514,6.989999771118164,6.559999942779541,6.789999961853027,14508600,0.0,0.0
2009-03-12 00:00:00-04:00,6.760000228881836,7.239999771118164,6.590000152587891,7.190000057220459,15973300,0.0,0.0
2009-03-13 00:00:00-04:00,7.239999771118164,7.539999961853027,7.159999847412109,7.420000076293945,22499900,0.0,0.0
2009-03-16 00:00:00-04:00,7.519999980926514,7.849999904632568,7.519999980926514,7.599999904632568,13961300,0.0,0.0
2009-03-17 00:00:00-04:00,7.579999923706055,7.630000114440918,7.409999847412109,7.630000114440918,8338100,0.0,0.0
2009-03-18 00:00:00-04:00,7.429999828338623,8.3100004196167,7.429999828338623,8.1899995803833,22332800,0.0,0.0
2009-03-19 00:00:00-04:00,8.1899995803833,8.300000190734863,7.650000095367432,7.769999980926514,13559600,0.0,0.0
2009-03-20 00:00:00-04:00,7.75,7.920000076293945,7.369999885559082,7.559999942779541,18070800,0.0,0.0
2009-03-23 00:00:00-04:00,7.619999885559082,8.0600004196167,7.550000190734863,8.050000190734863,10578100,0.0,0.0
2009-03-24 00:00:00-04:00,7.949999809265137,8.579999923706055,7.820000171661377,8.1899995803833,17445000,0.0,0.0
2009-03-25 00:00:00-04:00,8.25,8.430000305175781,7.71999979019165,8.0600004196167,15504200,0.0,0.0
2009-03-26 00:00:00-04:00,8.229999542236328,8.579999923706055,8.15999984741211,8.569999694824219,13895300,0.0,0.0
2009-03-27 00:00:00-04:00,8.460000038146973,8.510000228881836,7.949999809265137,8.199999809265137,20354400,0.0,0.0
2009-03-30 00:00:00-04:00,8.020000457763672,8.119999885559082,7.829999923706055,7.960000038146973,11148600,0.0,0.0
2009-03-31 00:00:00-04:00,8.100000381469727,8.149999618530273,7.849999904632568,7.949999809265137,10539500,0.0,0.0
2009-04-01 00:00:00-04:00,7.75,8.279999732971191,7.650000095367432,8.229999542236328,12335600,0.0,0.0
2009-04-02 00:00:00-04:00,8.4399995803833,8.600000381469727,8.270000457763672,8.5,17711800,0.0,0.0
2009-04-03 00:00:00-04:00,8.600000381469727,8.6899995803833,8.239999771118164,8.390000343322754,15511800,0.0,0.0
2009-04-06 00:00:00-04:00,8.3100004196167,8.510000228881836,8.3100004196167,8.460000038146973,12199600,0.0,0.0
2009-04-07 00:00:00-04:00,8.319999694824219,8.539999961853027,8.25,8.350000381469727,8506500,0.0,0.0
2009-04-08 00:00:00-04:00,8.369999885559082,8.680000305175781,8.3100004196167,8.65999984741211,13138200,0.0,0.0
2009-04-09 00:00:00-04:00,8.859999656677246,9.0,8.710000038146973,9.0,10315500,0.0,0.0
2009-04-13 00:00:00-04:00,8.869999885559082,9.039999961853027,8.670000076293945,8.979999542236328,8908200,0.0,0.0
2009-04-14 00:00:00-04:00,9.079999923706055,9.079999923706055,8.800000190734863,8.920000076293945,8366100,0.0,0.0
2009-04-15 00:00:00-04:00,8.859999656677246,9.09000015258789,8.779999732971191,9.079999923706055,9866900,0.0,0.0
2009-04-16 00:00:00-04:00,9.010000228881836,9.199999809265137,8.859999656677246,9.050000190734863,11267000,0.0,0.0
2009-04-17 00:00:00-04:00,9.0600004196167,9.170000076293945,8.819999694824219,9.020000457763672,16756100,0.0,0.0
2009-04-20 00:00:00-04:00,8.850000381469727,8.960000038146973,8.600000381469727,8.6899995803833,11949900,0.0,0.0
2009-04-21 00:00:00-04:00,8.899999618530273,8.970000267028809,8.220000267028809,8.449999809265137,23897000,0.0,0.0
2009-04-22 00:00:00-04:00,8.350000381469727,8.819999694824219,8.3100004196167,8.65999984741211,17059900,0.0,0.0
2009-04-23 00:00:00-04:00,8.630000114440918,8.630000114440918,8.140000343322754,8.300000190734863,12955700,0.0,0.0
2009-04-24 00:00:00-04:00,8.359999656677246,8.619999885559082,8.279999732971191,8.390000343322754,13955000,0.0,0.0
2009-04-27 00:00:00-04:00,8.34000015258789,8.5,8.15999984741211,8.229999542236328,11951300,0.0,0.0
2009-04-28 00:00:00-04:00,8.210000038146973,8.210000038146973,7.96999979019165,8.050000190734863,10568300,0.0,0.0
2009-04-29 00:00:00-04:00,8.109999656677246,8.40999984741211,8.109999656677246,8.319999694824219,9165600,0.0,0.0
2009-04-30 00:00:00-04:00,8.449999809265137,8.640000343322754,8.329999923706055,8.40999984741211,10582800,0.0,0.0
2009-05-01 00:00:00-04:00,8.369999885559082,8.430000305175781,8.15999984741211,8.319999694824219,6205400,0.0,0.0
2009-05-04 00:00:00-04:00,8.489999771118164,8.699999809265137,8.420000076293945,8.670000076293945,9315100,0.0,0.0
2009-05-05 00:00:00-04:00,8.649999618530273,8.850000381469727,8.4399995803833,8.619999885559082,11398700,0.0,0.0
2009-05-06 00:00:00-04:00,8.720000267028809,8.75,8.369999885559082,8.5,11926300,0.0,0.0
2009-05-07 00:00:00-04:00,8.449999809265137,8.960000038146973,8.4399995803833,8.789999961853027,12567700,0.0,0.0
2009-05-08 00:00:00-04:00,8.880000114440918,9.399999618530273,8.800000190734863,9.3100004196167,14549300,0.0,0.0
2009-05-11 00:00:00-04:00,9.15999984741211,9.300000190734863,9.050000190734863,9.069999694824219,7642800,0.0,0.0
2009-05-12 00:00:00-04:00,9.279999732971191,9.359999656677246,8.859999656677246,9.010000228881836,17994500,0.0,0.0
2009-05-13 00:00:00-04:00,8.84000015258789,9.0,8.630000114440918,8.670000076293945,10922000,0.0,0.0
2009-05-14 00:00:00-04:00,9.289999961853027,9.430000305175781,8.720000267028809,8.819999694824219,20732500,0.0,0.0
2009-05-15 00:00:00-04:00,8.800000190734863,8.9399995803833,8.680000305175781,8.760000228881836,8230000,0.0,0.0
2009-05-18 00:00:00-04:00,8.84000015258789,8.859999656677246,8.539999961853027,8.829999923706055,14494100,0.0,0.0
2009-05-19 00:00:00-04:00,8.789999961853027,9.100000381469727,8.65999984741211,8.930000305175781,12935400,0.0,0.0
2009-05-20 00:00:00-04:00,8.989999771118164,9.119999885559082,8.850000381469727,8.869999885559082,7407100,0.0,0.0
2009-05-21 00:00:00-04:00,8.800000190734863,9.069999694824219,8.699999809265137,8.800000190734863,8031300,0.0,0.0
2009-05-22 00:00:00-04:00,8.8100004196167,9.0,8.75,8.800000190734863,6172600,0.0,0.0
2009-05-26 00:00:00-04:00,8.789999961853027,9.15999984741211,8.739999771118164,9.010000228881836,17505400,0.0,0.0
2009-05-27 00:00:00-04:00,9.069999694824219,9.210000038146973,8.930000305175781,8.979999542236328,17649800,0.0,0.0
2009-05-28 00:00:00-04:00,9.09000015258789,9.149999618530273,8.90999984741211,9.100000381469727,11958100,0.0,0.0
2009-05-29 00:00:00-04:00,9.09000015258789,9.430000305175781,9.0,9.399999618530273,15029700,0.0,0.0
2009-06-01 00:00:00-04:00,9.5,9.729999542236328,9.460000038146973,9.550000190734863,9785100,0.0,0.0
2009-06-02 00:00:00-04:00,9.550000190734863,10.079999923706055,9.550000190734863,10.029999732971191,18363300,0.0,0.0
2009-06-03 00:00:00-04:00,10.069999694824219,10.079999923706055,9.59000015258789,9.710000038146973,15901400,0.0,0.0
2009-06-04 00:00:00-04:00,9.760000228881836,9.800000190734863,9.319999694824219,9.399999618530273,15023300,0.0,0.0
2009-06-05 00:00:00-04:00,9.5,9.59000015258789,9.300000190734863,9.539999961853027,9490300,0.0,0.0
2009-06-08 00:00:00-04:00,9.5,9.510000228881836,9.239999771118164,9.40999984741211,10817000,0.0,0.0
2009-06-09 00:00:00-04:00,9.5,9.609999656677246,9.3100004196167,9.399999618530273,8604500,0.0,0.0
2009-06-10 00:00:00-04:00,9.489999771118164,9.649999618530273,9.270000457763672,9.40999984741211,6154700,0.0,0.0
2009-06-11 00:00:00-04:00,9.4399995803833,9.600000381469727,9.329999923706055,9.350000381469727,9940100,0.0,0.0
2009-06-12 00:00:00-04:00,9.449999809265137,9.5,9.170000076293945,9.369999885559082,7202200,0.0,0.0
2009-06-15 00:00:00-04:00,9.239999771118164,9.399999618530273,8.9399995803833,9.0,8489600,0.0,0.0
2009-06-16 00:00:00-04:00,9.020000457763672,9.229999542236328,8.920000076293945,9.010000228881836,11531300,0.0,0.0
2009-06-17 00:00:00-04:00,8.989999771118164,9.3100004196167,8.960000038146973,9.220000267028809,12692800,0.0,0.0
2009-06-18 00:00:00-04:00,9.220000267028809,9.569999694824219,9.149999618530273,9.390000343322754,13930200,0.0,0.0
2009-06-19 00:00:00-04:00,9.5,9.6899995803833,9.399999618530273,9.420000076293945,11954000,0.0,0.0
2009-06-22 00:00:00-04:00,9.34000015258789,9.399999618530273,9.220000267028809,9.239999771118164,11167000,0.0,0.0
2009-06-23 00:00:00-04:00,9.890000343322754,9.90999984741211,9.430000305175781,9.510000228881836,42011400,0.0,0.0
2009-06-24 00:00:00-04:00,9.569999694824219,9.729999542236328,9.449999809265137,9.510000228881836,13945100,0.0,0.0
2009-06-25 00:00:00-04:00,9.640000343322754,10.420000076293945,9.550000190734863,10.0,48249600,0.0,0.0
2009-06-26 00:00:00-04:00,10.1899995803833,10.529999732971191,10.029999732971191,10.350000381469727,38792100,0.0,0.0
2009-06-29 00:00:00-04:00,10.460000038146973,10.5,10.210000038146973,10.420000076293945,19496300,0.0,0.0
2009-06-30 00:00:00-04:00,10.350000381469727,10.569999694824219,10.079999923706055,10.140000343322754,23778700,0.0,0.0
2009-07-01 00:00:00-04:00,10.100000381469727,10.199999809265137,10.0,10.109999656677246,18206200,0.0,0.0
2009-07-02 00:00:00-04:00,9.949999809265137,10.029999732971191,9.800000190734863,9.859999656677246,13156000,0.0,0.0
2009-07-06 00:00:00-04:00,9.779999732971191,9.989999771118164,9.699999809265137,9.800000190734863,7923200,0.0,0.0
2009-07-07 00:00:00-04:00,9.710000038146973,10.319999694824219,9.710000038146973,9.949999809265137,24328800,0.0,0.0
2009-07-08 00:00:00-04:00,9.989999771118164,10.069999694824219,9.770000457763672,9.869999885559082,11767100,0.0,0.0
2009-07-09 00:00:00-04:00,9.9399995803833,9.9399995803833,9.59000015258789,9.65999984741211,10114000,0.0,0.0
2009-07-10 00:00:00-04:00,9.609999656677246,9.739999771118164,9.579999923706055,9.630000114440918,7709500,0.0,0.0
2009-07-13 00:00:00-04:00,9.989999771118164,10.010000228881836,9.6899995803833,9.920000076293945,41305000,0.0,0.0
2009-07-14 00:00:00-04:00,10.180000305175781,10.180000305175781,9.90999984741211,10.130000114440918,15764900,0.0,0.0
2009-07-15 00:00:00-04:00,10.319999694824219,10.319999694824219,10.010000228881836,10.180000305175781,15123200,0.0,0.0
2009-07-16 00:00:00-04:00,10.289999961853027,10.300000190734863,10.050000190734863,10.239999771118164,10837000,0.0,0.0
2009-07-17 00:00:00-04:00,10.260000228881836,10.260000228881836,10.0,10.039999961853027,15747600,0.0,0.0
2009-07-20 00:00:00-04:00,10.220000267028809,10.319999694824219,10.020000457763672,10.300000190734863,17600600,0.0,0.0
2009-07-21 00:00:00-04:00,10.40999984741211,10.649999618530273,10.149999618530273,10.319999694824219,21826300,0.0,0.0
2009-07-22 00:00:00-04:00,10.34000015258789,10.399999618530273,10.130000114440918,10.15999984741211,12977200,0.0,0.0
2009-07-23 00:00:00-04:00,10.180000305175781,10.619999885559082,10.180000305175781,10.430000305175781,19158400,0.0,0.0
2009-07-24 00:00:00-04:00,10.390000343322754,10.600000381469727,10.329999923706055,10.569999694824219,14025000,0.0,0.0
2009-07-27 00:00:00-04:00,10.670000076293945,10.6899995803833,10.460000038146973,10.489999771118164,13479100,0.0,0.0
2009-07-28 00:00:00-04:00,10.479999542236328,10.729999542236328,10.40999984741211,10.699999809265137,12605200,0.0,0.0
2009-07-29 00:00:00-04:00,10.680000305175781,11.170000076293945,10.619999885559082,10.9399995803833,18875100,0.0,0.0
2009-07-30 00:00:00-04:00,11.109999656677246,11.109999656677246,10.680000305175781,10.6899995803833,14027500,0.0,0.0
2009-07-31 00:00:00-04:00,10.789999961853027,10.90999984741211,10.729999542236328,10.739999771118164,9705700,0.0,0.0
2009-08-03 00:00:00-04:00,11.260000228881836,11.260000228881836,10.760000228881836,11.020000457763672,18132700,0.0,0.0
2009-08-04 00:00:00-04:00,10.989999771118164,11.0600004196167,10.899999618530273,11.0,13806400,0.0,0.0
2009-08-05 00:00:00-04:00,11.0,11.260000228881836,10.9399995803833,11.180000305175781,22590100,0.0,0.0
2009-08-06 00:00:00-04:00,11.279999732971191,11.279999732971191,11.069999694824219,11.170000076293945,14696300,0.0,0.0
2009-08-07 00:00:00-04:00,11.300000190734863,11.520000457763672,11.180000305175781,11.319999694824219,14798500,0.0,0.0
2009-08-10 00:00:00-04:00,11.329999923706055,11.380000114440918,11.15999984741211,11.220000267028809,9960800,0.0,0.0
2009-08-11 00:00:00-04:00,11.170000076293945,11.210000038146973,11.0,11.029999732971191,8970500,0.0,0.0
2009-08-12 00:00:00-04:00,11.0,11.319999694824219,10.829999923706055,11.199999809265137,10876000,0.0,0.0
2009-08-13 00:00:00-04:00,11.270000457763672,11.270000457763672,10.90999984741211,11.039999961853027,10699500,0.0,0.0
2009-08-14 00:00:00-04:00,11.199999809265137,11.300000190734863,11.010000228881836,11.140000343322754,12227800,0.0,0.0
2009-08-17 00:00:00-04:00,10.989999771118164,11.109999656677246,10.859999656677246,10.90999984741211,8688900,0.0,0.0
2009-08-18 00:00:00-04:00,11.109999656677246,11.329999923706055,10.970000267028809,11.170000076293945,11685400,0.0,0.0
2009-08-19 00:00:00-04:00,11.050000190734863,11.289999961853027,11.039999961853027,11.239999771118164,10832000,0.0,0.0
2009-08-20 00:00:00-04:00,11.180000305175781,11.329999923706055,11.149999618530273,11.319999694824219,5670500,0.0,0.0
2009-08-21 00:00:00-04:00,11.449999809265137,11.510000228881836,11.279999732971191,11.369999885559082,10080400,0.0,0.0
2009-08-24 00:00:00-04:00,11.460000038146973,11.510000228881836,11.359999656677246,11.460000038146973,7879500,0.0,0.0
2009-08-25 00:00:00-04:00,11.460000038146973,11.670000076293945,11.40999984741211,11.569999694824219,9690300,0.0,0.0
2009-08-26 00:00:00-04:00,11.529999732971191,11.630000114440918,11.40999984741211,11.430000305175781,10513600,0.0,0.0
2009-08-27 00:00:00-04:00,11.489999771118164,11.630000114440918,11.300000190734863,11.489999771118164,11032400,0.0,0.0
2009-08-28 00:00:00-04:00,11.59000015258789,11.600000381469727,11.369999885559082,11.4399995803833,7400700,0.0,0.0
2009-08-31 00:00:00-04:00,11.460000038146973,11.770000457763672,11.319999694824219,11.75,14532800,0.0,0.0
2009-09-01 00:00:00-04:00,11.65999984741211,11.770000457763672,11.199999809265137,11.25,21223300,0.0,0.0
2009-09-02 00:00:00-04:00,11.210000038146973,11.279999732971191,10.960000038146973,11.130000114440918,13701900,0.0,0.0
2009-09-03 00:00:00-04:00,11.210000038146973,11.300000190734863,11.09000015258789,11.300000190734863,7715200,0.0,0.0
2009-09-04 00:00:00-04:00,11.289999961853027,11.369999885559082,11.229999542236328,11.359999656677246,5430700,0.0,0.0
2009-09-08 00:00:00-04:00,11.390000343322754,11.5,11.119999885559082,11.229999542236328,9715600,0.0,0.0
2009-09-09 00:00:00-04:00,11.239999771118164,11.5600004196167,10.979999542236328,11.460000038146973,17891100,0.0,0.0
2009-09-10 00:00:00-04:00,11.510000228881836,11.680000305175781,11.350000381469727,11.640000343322754,11385000,0.0,0.0
2009-09-11 00:00:00-04:00,11.630000114440918,11.670000076293945,11.319999694824219,11.34000015258789,11446700,0.0,0.0
2009-09-14 00:00:00-04:00,11.109999656677246,11.359999656677246,10.949999809265137,11.350000381469727,13279600,0.0,0.0
2009-09-15 00:00:00-04:00,11.390000343322754,11.390000343322754,10.970000267028809,11.15999984741211,16942800,0.0,0.0
2009-09-16 00:00:00-04:00,11.220000267028809,11.220000267028809,10.859999656677246,11.029999732971191,17976200,0.0,0.0
2009-09-17 00:00:00-04:00,11.020000457763672,11.079999923706055,10.84000015258789,11.010000228881836,18248400,0.0,0.0
2009-09-18 00:00:00-04:00,11.100000381469727,11.109999656677246,10.850000381469727,10.970000267028809,14731800,0.0,0.0
2009-09-21 00:00:00-04:00,10.890000343322754,11.1899995803833,10.890000343322754,11.039999961853027,17351900,0.0,0.0
2009-09-22 00:00:00-04:00,11.039999961853027,11.149999618530273,10.800000190734863,10.989999771118164,20074500,0.0,0.0
2009-09-23 00:00:00-04:00,10.989999771118164,11.270000457763672,10.800000190734863,10.819999694824219,23639600,0.0,0.0
2009-09-24 00:00:00-04:00,10.829999923706055,10.9399995803833,10.5600004196167,10.630000114440918,16315900,0.0,0.0
2009-09-25 00:00:00-04:00,10.59000015258789,10.619999885559082,10.34000015258789,10.350000381469727,22588200,0.0,0.0
2009-09-28 00:00:00-04:00,10.380000114440918,10.90999984741211,10.319999694824219,10.8100004196167,20757000,0.0,0.0
2009-09-29 00:00:00-04:00,10.710000038146973,10.800000190734863,10.59000015258789,10.680000305175781,14876600,0.0,0.0
2009-09-30 00:00:00-04:00,10.630000114440918,10.640000343322754,10.329999923706055,10.59000015258789,21084400,0.0,0.0
2009-10-01 00:00:00-04:00,10.579999923706055,10.600000381469727,10.039999961853027,10.25,23962600,0.0,0.0
2009-10-02 00:00:00-04:00,10.109999656677246,10.170000076293945,9.979999542236328,10.010000228881836,21817400,0.0,0.0
2009-10-05 00:00:00-04:00,10.020000457763672,10.180000305175781,9.75,10.119999885559082,20370800,0.0,0.0
2009-10-06 00:00:00-04:00,9.729999542236328,10.069999694824219,9.729999542236328,9.949999809265137,32624200,0.0,0.0
2009-10-07 00:00:00-04:00,9.920000076293945,10.1899995803833,9.869999885559082,10.149999618530273,26583900,0.0,0.0
2009-10-08 00:00:00-04:00,10.180000305175781,10.359999656677246,10.140000343322754,10.25,15711500,0.0,0.0
2009-10-09 00:00:00-04:00,10.210000038146973,10.350000381469727,10.170000076293945,10.289999961853027,8184500,0.0,0.0
2009-10-12 00:00:00-04:00,10.420000076293945,10.449999809265137,9.920000076293945,10.0,14696800,0.0,0.0
2009-10-13 00:00:00-04:00,9.989999771118164,10.09000015258789,9.890000343322754,9.9399995803833,16292000,0.0,0.0
2009-10-14 00:00:00-04:00,10.010000228881836,10.109999656677246,9.949999809265137,10.0600004196167,20279000,0.0,0.0
2009-10-15 00:00:00-04:00,10.0600004196167,10.15999984741211,9.979999542236328,10.100000381469727,11650200,0.0,0.0
2009-10-16 00:00:00-04:00,10.029999732971191,10.09000015258789,9.949999809265137,10.020000457763672,16199500,0.0,0.0
2009-10-19 00:00:00-04:00,10.220000267028809,10.289999961853027,10.09000015258789,10.15999984741211,31791400,0.0,0.0
2009-10-20 00:00:00-04:00,9.170000076293945,9.329999923706055,8.390000343322754,8.569999694824219,138448100,0.0,0.0
2009-10-21 00:00:00-04:00,8.539999961853027,8.600000381469727,8.170000076293945,8.210000038146973,85628400,0.0,0.0
2009-10-22 00:00:00-04:00,8.25,8.600000381469727,8.140000343322754,8.380000114440918,47680100,0.0,0.0
2009-10-23 00:00:00-04:00,8.5,8.770000457763672,8.40999984741211,8.75,47395100,0.0,0.0
2009-10-26 00:00:00-04:00,8.789999961853027,8.789999961853027,8.420000076293945,8.470000267028809,37045600,0.0,0.0
2009-10-27 00:00:00-04:00,8.460000038146973,8.59000015258789,8.350000381469727,8.369999885559082,24864000,0.0,0.0
2009-10-28 00:00:00-04:00,8.329999923706055,8.479999542236328,8.109999656677246,8.119999885559082,18399100,0.0,0.0
2009-10-29 00:00:00-04:00,8.1899995803833,8.34000015258789,8.119999885559082,8.329999923706055,21564300,0.0,0.0
2009-10-30 00:00:00-04:00,8.260000228881836,8.34000015258789,8.09000015258789,8.119999885559082,25205100,0.0,0.0
2009-11-02 00:00:00-05:00,8.3100004196167,8.350000381469727,8.079999923706055,8.210000038146973,32694600,0.0,0.0
2009-11-03 00:00:00-05:00,8.170000076293945,8.210000038146973,7.880000114440918,7.989999771118164,44680600,0.0,0.0
2009-11-04 00:00:00-05:00,8.029999732971191,8.220000267028809,7.929999828338623,8.050000190734863,22924200,0.0,0.0
2009-11-05 00:00:00-05:00,8.100000381469727,8.140000343322754,7.840000152587891,8.050000190734863,38903500,0.0,0.0
2009-11-06 00:00:00-05:00,7.989999771118164,8.260000228881836,7.889999866485596,8.079999923706055,19924100,0.0,0.0
2009-11-09 00:00:00-05:00,8.1899995803833,8.3100004196167,8.069999694824219,8.3100004196167,16768500,0.0,0.0
2009-11-10 00:00:00-05:00,8.329999923706055,8.350000381469727,8.149999618530273,8.270000457763672,16180700,0.0,0.0
2009-11-11 00:00:00-05:00,8.359999656677246,8.430000305175781,8.289999961853027,8.380000114440918,17024900,0.0,0.0
2009-11-12 00:00:00-05:00,8.329999923706055,8.380000114440918,8.170000076293945,8.1899995803833,11556000,0.0,0.0
2009-11-13 00:00:00-05:00,8.199999809265137,8.350000381469727,8.119999885559082,8.260000228881836,13728100,0.0,0.0
2009-11-16 00:00:00-05:00,8.3100004196167,8.479999542236328,8.3100004196167,8.380000114440918,11380000,0.0,0.0
2009-11-17 00:00:00-05:00,8.329999923706055,8.359999656677246,8.170000076293945,8.270000457763672,13954200,0.0,0.0
2009-11-18 00:00:00-05:00,8.369999885559082,8.460000038146973,8.300000190734863,8.390000343322754,13855600,0.0,0.0
2009-11-19 00:00:00-05:00,8.350000381469727,8.359999656677246,8.109999656677246,8.210000038146973,23415400,0.0,0.0
2009-11-20 00:00:00-05:00,8.229999542236328,8.229999542236328,8.029999732971191,8.09000015258789,23307800,0.0,0.0
2009-11-23 00:00:00-05:00,8.140000343322754,8.229999542236328,8.100000381469727,8.15999984741211,15149100,0.0,0.0
2009-11-24 00:00:00-05:00,8.140000343322754,8.579999923706055,8.109999656677246,8.5600004196167,29123800,0.0,0.0
2009-11-25 00:00:00-05:00,8.640000343322754,8.720000267028809,8.510000228881836,8.640000343322754,16705900,0.0,0.0
2009-11-27 00:00:00-05:00,8.350000381469727,8.539999961853027,8.25,8.5,6425600,0.0,0.0
2009-11-30 00:00:00-05:00,8.479999542236328,8.59000015258789,8.270000457763672,8.369999885559082,15318500,0.0,0.0
2009-12-01 00:00:00-05:00,8.449999809265137,8.479999542236328,8.3100004196167,8.4399995803833,13006300,0.0,0.0
2009-12-02 00:00:00-05:00,8.420000076293945,8.630000114440918,8.420000076293945,8.59000015258789,15931900,0.0,0.0
2009-12-03 00:00:00-05:00,8.640000343322754,8.670000076293945,8.449999809265137,8.470000267028809,17127400,0.0,0.0
2009-12-04 00:00:00-05:00,8.489999771118164,8.65999984741211,8.430000305175781,8.520000457763672,22787400,0.0,0.0
2009-12-07 00:00:00-05:00,8.5,8.579999923706055,8.460000038146973,8.5,8829500,0.0,0.0
2009-12-08 00:00:00-05:00,8.520000457763672,8.520000457763672,8.350000381469727,8.479999542236328,14025600,0.0,0.0
2009-12-09 00:00:00-05:00,8.449999809265137,8.5,8.399999618530273,8.479999542236328,6785400,0.0,0.0
2009-12-10 00:00:00-05:00,8.460000038146973,8.760000228881836,8.460000038146973,8.720000267028809,17194700,0.0,0.0
2009-12-11 00:00:00-05:00,8.670000076293945,8.729999542236328,8.529999732971191,8.670000076293945,11663600,0.0,0.0
2009-12-14 00:00:00-05:00,8.779999732971191,9.020000457763672,8.600000381469727,8.930000305175781,15610800,0.0,0.0
2009-12-15 00:00:00-05:00,8.890000343322754,8.989999771118164,8.829999923706055,8.859999656677246,16776100,0.0,0.0
2009-12-16 00:00:00-05:00,8.8100004196167,8.979999542236328,8.779999732971191,8.779999732971191,12163900,0.0,0.0
2009-12-17 00:00:00-05:00,8.649999618530273,8.760000228881836,8.649999618530273,8.699999809265137,10279800,0.0,0.0
2009-12-18 00:00:00-05:00,8.720000267028809,8.899999618530273,8.630000114440918,8.899999618530273,20231200,0.0,0.0
2009-12-21 00:00:00-05:00,8.930000305175781,9.020000457763672,8.770000457763672,8.829999923706055,14015600,0.0,0.0
2009-12-22 00:00:00-05:00,8.8100004196167,8.880000114440918,8.710000038146973,8.800000190734863,9562600,0.0,0.0
2009-12-23 00:00:00-05:00,8.819999694824219,8.859999656677246,8.699999809265137,8.819999694824219,13948000,0.0,0.0
2009-12-24 00:00:00-05:00,8.800000190734863,8.899999618530273,8.800000190734863,8.850000381469727,1898300,0.0,0.0
2009-12-28 00:00:00-05:00,8.8100004196167,8.880000114440918,8.75,8.829999923706055,7448100,0.0,0.0
2009-12-29 00:00:00-05:00,8.880000114440918,8.890000343322754,8.789999961853027,8.819999694824219,6845400,0.0,0.0
2009-12-30 00:00:00-05:00,8.779999732971191,9.0600004196167,8.710000038146973,9.050000190734863,13576800,0.0,0.0
2009-12-31 00:00:00-05:00,9.069999694824219,9.109999656677246,8.979999542236328,9.0,7934200,0.0,0.0
2010-01-04 00:00:00-05:00,8.859999656677246,9.130000114440918,8.779999732971191,9.010000228881836,14332300,0.0,0.0
2010-01-05 00:00:00-05:00,8.989999771118164,9.100000381469727,8.9399995803833,9.039999961853027,8594200,0.0,0.0
2010-01-06 00:00:00-05:00,9.069999694824219,9.279999732971191,8.989999771118164,9.15999984741211,12923000,0.0,0.0
2010-01-07 00:00:00-05:00,9.199999809265137,9.239999771118164,9.039999961853027,9.09000015258789,15365800,0.0,0.0
2010-01-08 00:00:00-05:00,8.9399995803833,9.130000114440918,8.930000305175781,9.0,18894400,0.0,0.0
2010-01-11 00:00:00-05:00,9.079999923706055,9.15999984741211,9.0,9.069999694824219,8951500,0.0,0.0
2010-01-12 00:00:00-05:00,9.039999961853027,9.279999732971191,8.979999542236328,9.140000343322754,14009600,0.0,0.0
2010-01-13 00:00:00-05:00,9.170000076293945,9.1899995803833,8.989999771118164,9.149999618530273,10789600,0.0,0.0
2010-01-14 00:00:00-05:00,9.119999885559082,9.520000457763672,9.09000015258789,9.510000228881836,20174500,0.0,0.0
2010-01-15 00:00:00-05:00,9.5,9.5,9.239999771118164,9.430000305175781,16701400,0.0,0.0
2010-01-19 00:00:00-05:00,9.449999809265137,9.619999885559082,9.40999984741211,9.619999885559082,14560200,0.0,0.0
2010-01-20 00:00:00-05:00,9.609999656677246,9.789999961853027,9.399999618530273,9.479999542236328,33226500,0.0,0.0
2010-01-21 00:00:00-05:00,9.359999656677246,9.4399995803833,9.039999961853027,9.199999809265137,31725100,0.0,0.0
2010-01-22 00:00:00-05:00,9.15999984741211,9.239999771118164,9.0,9.0,22410000,0.0,0.0
2010-01-25 00:00:00-05:00,9.079999923706055,9.199999809265137,8.979999542236328,9.010000228881836,12610000,0.0,0.0
2010-01-26 00:00:00-05:00,8.989999771118164,9.149999618530273,8.930000305175781,9.029999732971191,10785800,0.0,0.0
2010-01-27 00:00:00-05:00,9.020000457763672,9.079999923706055,8.859999656677246,8.930000305175781,18179700,0.0,0.0
2010-01-28 00:00:00-05:00,8.930000305175781,8.989999771118164,8.65999984741211,8.720000267028809,16115800,0.0,0.0
2010-01-29 00:00:00-05:00,8.739999771118164,8.819999694824219,8.619999885559082,8.630000114440918,12241400,0.0,0.0
2010-02-01 00:00:00-05:00,8.479999542236328,8.829999923706055,8.239999771118164,8.420000076293945,68347000,0.0,0.0
2010-02-02 00:00:00-05:00,8.449999809265137,8.479999542236328,8.25,8.399999618530273,37334900,0.0,0.0
2010-02-03 00:00:00-05:00,8.350000381469727,8.399999618530273,8.260000228881836,8.359999656677246,12622300,0.0,0.0
2010-02-04 00:00:00-05:00,8.3100004196167,8.399999618530273,8.15999984741211,8.180000305175781,21675400,0.0,0.0
2010-02-05 00:00:00-05:00,8.15999984741211,8.210000038146973,8.0600004196167,8.210000038146973,17423500,0.0,0.0
2010-02-08 00:00:00-05:00,8.170000076293945,8.25,8.069999694824219,8.149999618530273,15515700,0.0,0.0
2010-02-09 00:00:00-05:00,8.220000267028809,8.25,8.079999923706055,8.229999542236328,19329200,0.0,0.0
2010-02-10 00:00:00-05:00,8.229999542236328,8.420000076293945,8.100000381469727,8.289999961853027,23735100,0.0,0.0
2010-02-11 00:00:00-05:00,7.769999980926514,7.78000020980835,7.389999866485596,7.46999979019165,154096200,0.0,0.0
2010-02-12 00:00:00-05:00,7.340000152587891,7.429999828338623,7.25,7.389999866485596,58085600,0.0,0.0
2010-02-16 00:00:00-05:00,7.409999847412109,7.429999828338623,7.190000057220459,7.409999847412109,36869900,0.0,0.0
2010-02-17 00:00:00-05:00,7.480000019073486,7.820000171661377,7.46999979019165,7.75,38507100,0.0,0.0
2010-02-18 00:00:00-05:00,7.670000076293945,7.920000076293945,7.659999847412109,7.789999961853027,17745500,0.0,0.0
2010-02-19 00:00:00-05:00,7.650000095367432,7.730000019073486,7.610000133514404,7.690000057220459,12421200,0.0,0.0
2010-02-22 00:00:00-05:00,7.739999771118164,7.929999828338623,7.690000057220459,7.869999885559082,22635700,0.0,0.0
2010-02-23 00:00:00-05:00,7.829999923706055,7.849999904632568,7.71999979019165,7.75,18015700,0.0,0.0
2010-02-24 00:00:00-05:00,7.78000020980835,7.849999904632568,7.75,7.800000190734863,17359400,0.0,0.0
2010-02-25 00:00:00-05:00,7.690000057220459,7.75,7.639999866485596,7.730000019073486,21517300,0.0,0.0
2010-02-26 00:00:00-05:00,7.710000038146973,7.860000133514404,7.699999809265137,7.739999771118164,18903400,0.0,0.0
2010-03-01 00:00:00-05:00,7.78000020980835,7.840000152587891,7.71999979019165,7.769999980926514,19325900,0.0,0.0
2010-03-02 00:00:00-05:00,7.639999866485596,7.829999923706055,7.639999866485596,7.820000171661377,20927000,0.0,0.0
2010-03-03 00:00:00-05:00,7.849999904632568,8.029999732971191,7.789999961853027,7.900000095367432,19317700,0.0,0.0
2010-03-04 00:00:00-05:00,7.889999866485596,8.029999732971191,7.809999942779541,7.920000076293945,33014800,0.0,0.0
2010-03-05 00:00:00-05:00,7.980000019073486,7.980000019073486,7.849999904632568,7.889999866485596,26906300,0.0,0.0
2010-03-08 00:00:00-05:00,7.920000076293945,7.949999809265137,7.820000171661377,7.900000095367432,20604100,0.0,0.0
2010-03-09 00:00:00-05:00,7.840000152587891,7.920000076293945,7.699999809265137,7.739999771118164,24442200,0.0,0.0
2010-03-10 00:00:00-05:00,7.699999809265137,7.760000228881836,7.639999866485596,7.650000095367432,16192000,0.0,0.0
2010-03-11 00:00:00-05:00,7.800000190734863,7.860000133514404,7.679999828338623,7.860000133514404,15693500,0.0,0.0
2010-03-12 00:00:00-05:00,7.889999866485596,7.960000038146973,7.760000228881836,7.78000020980835,14576900,0.0,0.0
2010-03-15 00:00:00-04:00,6.409999847412109,6.980000019073486,6.309999942779541,6.800000190734863,243874000,0.0,0.0
2010-03-16 00:00:00-04:00,6.920000076293945,7.179999828338623,6.840000152587891,7.090000152587891,134719500,0.0,0.0
2010-03-17 00:00:00-04:00,7.170000076293945,7.190000057220459,6.889999866485596,6.949999809265137,62405600,0.0,0.0
2010-03-18 00:00:00-04:00,7.010000228881836,7.090000152587891,6.800000190734863,7.070000171661377,79551500,0.0,0.0
2010-03-19 00:00:00-04:00,7.130000114440918,7.239999771118164,7.039999961853027,7.130000114440918,41529300,0.0,0.0
2010-03-22 00:00:00-04:00,7.170000076293945,7.170000076293945,6.940000057220459,6.949999809265137,32783900,0.0,0.0
2010-03-23 00:00:00-04:00,6.96999979019165,7.079999923706055,6.809999942779541,7.019999980926514,53540600,0.0,0.0
2010-03-24 00:00:00-04:00,6.960000038146973,7.079999923706055,6.940000057220459,7.039999961853027,17266600,0.0,0.0
2010-03-25 00:00:00-04:00,7.099999904632568,7.119999885559082,6.699999809265137,6.960000038146973,86609400,0.0,0.0
2010-03-26 00:00:00-04:00,6.949999809265137,7.03000020980835,6.909999847412109,7.010000228881836,24877500,0.0,0.0
2010-03-29 00:00:00-04:00,7.039999961853027,7.199999809265137,6.96999979019165,7.190000057220459,35298200,0.0,0.0
2010-03-30 00:00:00-04:00,7.070000171661377,7.269999980926514,7.010000228881836,7.25,50869800,0.0,0.0
2010-03-31 00:00:00-04:00,7.21999979019165,7.260000228881836,7.159999847412109,7.21999979019165,22734600,0.0,0.0
2010-04-01 00:00:00-04:00,7.289999961853027,7.320000171661377,7.150000095367432,7.230000019073486,27778700,0.0,0.0
2010-04-05 00:00:00-04:00,7.239999771118164,7.239999771118164,7.150000095367432,7.210000038146973,14938700,0.0,0.0
2010-04-06 00:00:00-04:00,7.150000095367432,7.21999979019165,7.090000152587891,7.139999866485596,26673400,0.0,0.0
2010-04-07 00:00:00-04:00,7.110000133514404,7.159999847412109,7.050000190734863,7.150000095367432,20169400,0.0,0.0
2010-04-08 00:00:00-04:00,7.090000152587891,7.130000114440918,6.96999979019165,6.980000019073486,32157900,0.0,0.0
2010-04-09 00:00:00-04:00,6.989999771118164,7.019999980926514,6.889999866485596,6.96999979019165,39580000,0.0,0.0
2010-04-12 00:00:00-04:00,6.980000019073486,7.059999942779541,6.940000057220459,6.940000057220459,19881800,0.0,0.0
2010-04-13 00:00:00-04:00,6.949999809265137,6.980000019073486,6.840000152587891,6.900000095367432,58391800,0.0,0.0
2010-04-14 00:00:00-04:00,6.920000076293945,7.21999979019165,6.920000076293945,7.159999847412109,44924100,0.0,0.0
2010-04-15 00:00:00-04:00,7.119999885559082,7.199999809265137,7.090000152587891,7.139999866485596,23632000,0.0,0.0
2010-04-16 00:00:00-04:00,7.519999980926514,7.539999961853027,7.230000019073486,7.340000152587891,91248400,0.0,0.0
2010-04-19 00:00:00-04:00,7.329999923706055,7.440000057220459,7.239999771118164,7.349999904632568,33688000,0.0,0.0
2010-04-20 00:00:00-04:00,7.429999828338623,7.449999809265137,7.300000190734863,7.329999923706055,19814900,0.0,0.0
2010-04-21 00:00:00-04:00,7.309999942779541,7.349999904632568,7.159999847412109,7.230000019073486,25477300,0.0,0.0
2010-04-22 00:00:00-04:00,7.210000038146973,7.289999961853027,7.110000133514404,7.210000038146973,22778300,0.0,0.0
2010-04-23 00:00:00-04:00,7.289999961853027,7.329999923706055,7.119999885559082,7.210000038146973,17120900,0.0,0.0
2010-04-26 00:00:00-04:00,7.230000019073486,7.289999961853027,7.019999980926514,7.059999942779541,37314700,0.0,0.0
2010-04-27 00:00:00-04:00,6.880000114440918,7.239999771118164,6.760000228881836,7.099999904632568,62895200,0.0,0.0
2010-04-28 00:00:00-04:00,7.110000133514404,7.130000114440918,6.940000057220459,6.989999771118164,26427800,0.0,0.0
2010-04-29 00:00:00-04:00,6.989999771118164,7.070000171661377,6.949999809265137,6.960000038146973,19617300,0.0,0.0
2010-04-30 00:00:00-04:00,6.980000019073486,7.050000190734863,6.869999885559082,6.880000114440918,12099100,0.0,0.0
2010-05-03 00:00:00-04:00,6.900000095367432,6.920000076293945,6.829999923706055,6.860000133514404,13524800,0.0,0.0
2010-05-04 00:00:00-04:00,6.820000171661377,6.840000152587891,6.630000114440918,6.679999828338623,22087900,0.0,0.0
2010-05-05 00:00:00-04:00,6.679999828338623,6.800000190734863,6.519999980926514,6.760000228881836,29374300,0.0,0.0
2010-05-06 00:00:00-04:00,6.809999942779541,6.880000114440918,6.380000114440918,6.590000152587891,39514300,0.0,0.0
2010-05-07 00:00:00-04:00,6.610000133514404,6.610000133514404,6.300000190734863,6.380000114440918,26148000,0.0,0.0
2010-05-10 00:00:00-04:00,6.559999942779541,6.690000057220459,6.510000228881836,6.599999904632568,17787000,0.0,0.0
2010-05-11 00:00:00-04:00,6.590000152587891,6.610000133514404,6.5,6.579999923706055,15554500,0.0,0.0
2010-05-12 00:00:00-04:00,6.610000133514404,6.860000133514404,6.559999942779541,6.809999942779541,33154800,0.0,0.0
2010-05-13 00:00:00-04:00,6.900000095367432,6.949999809265137,6.840000152587891,6.849999904632568,14950200,0.0,0.0
2010-05-14 00:00:00-04:00,6.820000171661377,6.929999828338623,6.78000020980835,6.829999923706055,26768300,0.0,0.0
2010-05-17 00:00:00-04:00,6.820000171661377,6.829999923706055,6.539999961853027,6.809999942779541,27548500,0.0,0.0
2010-05-18 00:00:00-04:00,6.909999847412109,6.909999847412109,6.650000095367432,6.690000057220459,18346300,0.0,0.0
2010-05-19 00:00:00-04:00,6.679999828338623,6.730000019073486,6.570000171661377,6.699999809265137,18865100,0.0,0.0
2010-05-20 00:00:00-04:00,6.579999923706055,6.579999923706055,6.329999923706055,6.340000152587891,20074400,0.0,0.0
2010-05-21 00:00:00-04:00,6.300000190734863,6.409999847412109,6.150000095367432,6.239999771118164,29046600,0.0,0.0
2010-05-24 00:00:00-04:00,6.210000038146973,6.389999866485596,6.159999847412109,6.25,16728600,0.0,0.0
2010-05-25 00:00:00-04:00,6.139999866485596,6.139999866485596,5.909999847412109,6.099999904632568,32867900,0.0,0.0
2010-05-26 00:00:00-04:00,6.099999904632568,6.170000076293945,6.039999961853027,6.039999961853027,21360600,0.0,0.0
2010-05-27 00:00:00-04:00,6.139999866485596,6.199999809265137,6.010000228881836,6.199999809265137,16716400,0.0,0.0
2010-05-28 00:00:00-04:00,6.199999809265137,6.199999809265137,6.039999961853027,6.050000190734863,14094100,0.0,0.0
2010-06-01 00:00:00-04:00,6.0,6.099999904632568,5.96999979019165,5.96999979019165,16857700,0.0,0.0
2010-06-02 00:00:00-04:00,6.0,6.139999866485596,5.960000038146973,6.110000133514404,18485200,0.0,0.0
2010-06-03 00:00:00-04:00,6.150000095367432,6.150000095367432,5.960000038146973,6.03000020980835,20417700,0.0,0.0
2010-06-04 00:00:00-04:00,5.949999809265137,5.980000019073486,5.730000019073486,5.739999771118164,43520800,0.0,0.0
2010-06-07 00:00:00-04:00,5.78000020980835,5.78000020980835,5.570000171661377,5.590000152587891,27471500,0.0,0.0
2010-06-08 00:00:00-04:00,5.570000171661377,5.590000152587891,5.409999847412109,5.519999980926514,27117300,0.0,0.0
2010-06-09 00:00:00-04:00,5.539999961853027,5.599999904632568,5.429999828338623,5.440000057220459,17307700,0.0,0.0
2010-06-10 00:00:00-04:00,5.489999771118164,5.650000095367432,5.489999771118164,5.570000171661377,16844100,0.0,0.0
2010-06-11 00:00:00-04:00,5.519999980926514,5.789999961853027,5.5,5.769999980926514,33208700,0.0,0.0
2010-06-14 00:00:00-04:00,5.829999923706055,5.909999847412109,5.78000020980835,5.820000171661377,23418100,0.0,0.0
2010-06-15 00:00:00-04:00,5.889999866485596,6.119999885559082,5.869999885559082,6.110000133514404,23260200,0.0,0.0
2010-06-16 00:00:00-04:00,6.059999942779541,6.119999885559082,6.010000228881836,6.099999904632568,22903600,0.0,0.0
2010-06-17 00:00:00-04:00,6.079999923706055,6.170000076293945,5.980000019073486,6.110000133514404,13266400,0.0,0.0
2010-06-18 00:00:00-04:00,6.139999866485596,6.360000133514404,6.019999980926514,6.329999923706055,38085000,0.0,0.0
2010-06-21 00:00:00-04:00,6.409999847412109,6.409999847412109,6.150000095367432,6.179999828338623,20700800,0.0,0.0
2010-06-22 00:00:00-04:00,6.130000114440918,6.25,6.019999980926514,6.019999980926514,12843500,0.0,0.0
2010-06-23 00:00:00-04:00,6.03000020980835,6.079999923706055,5.929999828338623,6.039999961853027,18937600,0.0,0.0
2010-06-24 00:00:00-04:00,6.019999980926514,6.130000114440918,5.909999847412109,5.960000038146973,23325600,0.0,0.0
2010-06-25 00:00:00-04:00,5.980000019073486,6.139999866485596,5.909999847412109,6.110000133514404,29084400,0.0,0.0
2010-06-28 00:00:00-04:00,6.110000133514404,6.159999847412109,5.989999771118164,6.050000190734863,20468600,0.0,0.0
2010-06-29 00:00:00-04:00,5.989999771118164,6.0,5.760000228881836,5.769999980926514,24997900,0.0,0.0
2010-06-30 00:00:00-04:00,5.75,5.880000114440918,5.730000019073486,5.800000190734863,16513600,0.0,0.0
2010-07-01 00:00:00-04:00,5.789999961853027,5.920000076293945,5.71999979019165,5.900000095367432,25649800,0.0,0.0
2010-07-02 00:00:00-04:00,5.929999828338623,6.190000057220459,5.900000095367432,6.139999866485596,20750700,0.0,0.0
2010-07-06 00:00:00-04:00,6.159999847412109,6.239999771118164,6.0,6.03000020980835,18972600,0.0,0.0
2010-07-07 00:00:00-04:00,6.03000020980835,6.289999961853027,5.949999809265137,6.28000020980835,31097600,0.0,0.0
2010-07-08 00:00:00-04:00,6.329999923706055,6.380000114440918,6.159999847412109,6.380000114440918,19958100,0.0,0.0
2010-07-09 00:00:00-04:00,6.369999885559082,6.46999979019165,6.320000171661377,6.460000038146973,17211100,0.0,0.0
2010-07-12 00:00:00-04:00,6.449999809265137,6.460000038146973,6.360000133514404,6.449999809265137,13328900,0.0,0.0
2010-07-13 00:00:00-04:00,6.510000228881836,6.519999980926514,6.420000076293945,6.5,13833400,0.0,0.0
2010-07-14 00:00:00-04:00,6.5,6.53000020980835,6.420000076293945,6.519999980926514,10707100,0.0,0.0
2010-07-15 00:00:00-04:00,6.510000228881836,6.619999885559082,6.400000095367432,6.590000152587891,17339100,0.0,0.0
2010-07-16 00:00:00-04:00,6.550000190734863,6.599999904632568,6.110000133514404,6.110000133514404,31285000,0.0,0.0
2010-07-19 00:00:00-04:00,6.119999885559082,6.210000038146973,6.039999961853027,6.110000133514404,20625100,0.0,0.0
2010-07-20 00:00:00-04:00,6.039999961853027,6.269999980926514,6.03000020980835,6.269999980926514,17985900,0.0,0.0
2010-07-21 00:00:00-04:00,6.320000171661377,6.400000095367432,5.820000171661377,5.96999979019165,50007600,0.0,0.0
2010-07-22 00:00:00-04:00,6.010000228881836,6.150000095367432,5.900000095367432,5.929999828338623,25635000,0.0,0.0
2010-07-23 00:00:00-04:00,5.929999828338623,6.0,5.869999885559082,5.949999809265137,26065100,0.0,0.0
2010-07-26 00:00:00-04:00,5.929999828338623,6.0,5.909999847412109,5.949999809265137,10653000,0.0,0.0
2010-07-27 00:00:00-04:00,5.989999771118164,6.0,5.880000114440918,5.900000095367432,13101000,0.0,0.0
2010-07-28 00:00:00-04:00,5.880000114440918,5.909999847412109,5.670000076293945,5.690000057220459,18402100,0.0,0.0
2010-07-29 00:00:00-04:00,5.730000019073486,5.739999771118164,5.570000171661377,5.599999904632568,27578800,0.0,0.0
2010-07-30 00:00:00-04:00,5.579999923706055,5.630000114440918,5.519999980926514,5.599999904632568,14809200,0.0,0.0
2010-08-02 00:00:00-04:00,5.679999828338623,5.769999980926514,5.53000020980835,5.539999961853027,35647900,0.0,0.0
2010-08-03 00:00:00-04:00,5.550000190734863,5.610000133514404,5.5,5.550000190734863,15787900,0.0,0.0
2010-08-04 00:00:00-04:00,5.539999961853027,5.789999961853027,5.510000228881836,5.75,15611000,0.0,0.0
2010-08-05 00:00:00-04:00,5.710000038146973,5.880000114440918,5.659999847412109,5.690000057220459,26480200,0.0,0.0
2010-08-06 00:00:00-04:00,5.650000095367432,5.820000171661377,5.630000114440918,5.800000190734863,15416300,0.0,0.0
2010-08-09 00:00:00-04:00,5.809999942779541,5.889999866485596,5.760000228881836,5.880000114440918,11152800,0.0,0.0
2010-08-10 00:00:00-04:00,5.820000171661377,5.900000095367432,5.760000228881836,5.840000152587891,12666200,0.0,0.0
2010-08-11 00:00:00-04:00,5.760000228881836,5.760000228881836,5.559999942779541,5.570000171661377,15585100,0.0,0.0
2010-08-12 00:00:00-04:00,5.559999942779541,5.619999885559082,5.5,5.519999980926514,10972600,0.0,0.0
2010-08-13 00:00:00-04:00,5.519999980926514,5.570000171661377,5.420000076293945,5.480000019073486,12853700,0.0,0.0
2010-08-16 00:00:00-04:00,5.440000057220459,5.519999980926514,5.409999847412109,5.46999979019165,12655800,0.0,0.0
2010-08-17 00:00:00-04:00,5.5,5.880000114440918,5.429999828338623,5.800000190734863,60534700,0.0,0.0
2010-08-18 00:00:00-04:00,5.769999980926514,6.050000190734863,5.769999980926514,5.949999809265137,34454600,0.0,0.0
2010-08-19 00:00:00-04:00,5.909999847412109,5.96999979019165,5.789999961853027,5.840000152587891,21874800,0.0,0.0
2010-08-20 00:00:00-04:00,5.78000020980835,5.820000171661377,5.579999923706055,5.690000057220459,14843200,0.0,0.0
2010-08-23 00:00:00-04:00,5.710000038146973,5.75,5.610000133514404,5.630000114440918,9275300,0.0,0.0
2010-08-24 00:00:00-04:00,5.559999942779541,5.570000171661377,5.289999961853027,5.489999771118164,22667700,0.0,0.0
2010-08-25 00:00:00-04:00,5.449999809265137,5.489999771118164,5.380000114440918,5.449999809265137,14433800,0.0,0.0
2010-08-26 00:00:00-04:00,5.460000038146973,5.489999771118164,5.320000171661377,5.400000095367432,17947100,0.0,0.0
2010-08-27 00:00:00-04:00,5.449999809265137,5.489999771118164,5.329999923706055,5.489999771118164,7899600,0.0,0.0
2010-08-30 00:00:00-04:00,5.46999979019165,5.46999979019165,5.389999866485596,5.400000095367432,8246400,0.0,0.0
2010-08-31 00:00:00-04:00,5.380000114440918,5.429999828338623,5.139999866485596,5.190000057220459,33721600,0.0,0.0
2010-09-01 00:00:00-04:00,5.260000228881836,5.329999923706055,5.039999961853027,5.130000114440918,38200800,0.0,0.0
2010-09-02 00:00:00-04:00,5.159999847412109,5.329999923706055,5.110000133514404,5.309999942779541,21487800,0.0,0.0
2010-09-03 00:00:00-04:00,5.309999942779541,5.400000095367432,5.25,5.349999904632568,18322900,0.0,0.0
2010-09-07 00:00:00-04:00,5.340000152587891,5.349999904632568,5.170000076293945,5.210000038146973,14900500,0.0,0.0
2010-09-08 00:00:00-04:00,5.230000019073486,5.239999771118164,5.090000152587891,5.150000095367432,14606000,0.0,0.0
2010-09-09 00:00:00-04:00,5.199999809265137,5.340000152587891,5.199999809265137,5.300000190734863,18481800,0.0,0.0
2010-09-10 00:00:00-04:00,5.210000038146973,5.429999828338623,5.210000038146973,5.329999923706055,20933100,0.0,0.0
2010-09-13 00:00:00-04:00,5.380000114440918,5.449999809265137,5.21999979019165,5.239999771118164,16923500,0.0,0.0
2010-09-14 00:00:00-04:00,5.21999979019165,5.360000133514404,5.179999828338623,5.329999923706055,22239000,0.0,0.0
2010-09-15 00:00:00-04:00,5.300000190734863,5.449999809265137,5.239999771118164,5.389999866485596,15481800,0.0,0.0
2010-09-16 00:00:00-04:00,5.389999866485596,5.5,5.320000171661377,5.449999809265137,15806100,0.0,0.0
2010-09-17 00:00:00-04:00,5.489999771118164,5.510000228881836,5.349999904632568,5.420000076293945,16856800,0.0,0.0
2010-09-20 00:00:00-04:00,5.460000038146973,5.559999942779541,5.400000095367432,5.539999961853027,10990800,0.0,0.0
2010-09-21 00:00:00-04:00,5.550000190734863,5.809999942779541,5.510000228881836,5.590000152587891,33293400,0.0,0.0
2010-09-22 00:00:00-04:00,5.590000152587891,5.639999866485596,5.510000228881836,5.619999885559082,10246100,0.0,0.0
2010-09-23 00:00:00-04:00,5.570000171661377,5.630000114440918,5.53000020980835,5.53000020980835,8972600,0.0,0.0
2010-09-24 00:00:00-04:00,5.579999923706055,5.75,5.550000190734863,5.75,14368100,0.0,0.0
2010-09-27 00:00:00-04:00,5.699999809265137,5.75,5.659999847412109,5.730000019073486,9864400,0.0,0.0
2010-09-28 00:00:00-04:00,5.769999980926514,6.179999828338623,5.710000038146973,6.179999828338623,47903100,0.0,0.0
2010-09-29 00:00:00-04:00,6.099999904632568,6.150000095367432,6.019999980926514,6.110000133514404,30986800,0.0,0.0
2010-09-30 00:00:00-04:00,6.110000133514404,6.239999771118164,6.059999942779541,6.130000114440918,21732800,0.0,0.0
2010-10-01 00:00:00-04:00,6.150000095367432,6.199999809265137,6.03000020980835,6.070000171661377,12427200,0.0,0.0
2010-10-04 00:00:00-04:00,6.059999942779541,6.130000114440918,6.010000228881836,6.079999923706055,8330100,0.0,0.0
2010-10-05 00:00:00-04:00,6.099999904632568,6.239999771118164,6.090000152587891,6.239999771118164,17497000,0.0,0.0
2010-10-06 00:00:00-04:00,6.170000076293945,6.21999979019165,6.099999904632568,6.139999866485596,13265600,0.0,0.0
2010-10-07 00:00:00-04:00,6.159999847412109,6.199999809265137,6.099999904632568,6.159999847412109,6999200,0.0,0.0
2010-10-08 00:00:00-04:00,6.179999828338623,6.25,6.119999885559082,6.130000114440918,11596500,0.0,0.0
2010-10-11 00:00:00-04:00,6.119999885559082,6.139999866485596,6.090000152587891,6.130000114440918,5870900,0.0,0.0
2010-10-12 00:00:00-04:00,6.099999904632568,6.150000095367432,6.070000171661377,6.130000114440918,14564700,0.0,0.0
2010-10-13 00:00:00-04:00,6.150000095367432,6.25,6.090000152587891,6.210000038146973,9419400,0.0,0.0
2010-10-14 00:00:00-04:00,6.210000038146973,6.230000019073486,6.090000152587891,6.159999847412109,7352600,0.0,0.0
2010-10-15 00:00:00-04:00,6.179999828338623,6.289999961853027,6.119999885559082,6.150000095367432,12182700,0.0,0.0
2010-10-18 00:00:00-04:00,6.179999828338623,6.199999809265137,6.090000152587891,6.199999809265137,23835200,0.0,0.0
2010-10-19 00:00:00-04:00,6.159999847412109,6.170000076293945,5.949999809265137,5.96999979019165,15213100,0.0,0.0
2010-10-20 00:00:00-04:00,6.190000057220459,6.699999809265137,6.170000076293945,6.300000190734863,66236300,0.0,0.0
2010-10-21 00:00:00-04:00,6.329999923706055,6.429999828338623,6.289999961853027,6.340000152587891,30297900,0.0,0.0
2010-10-22 00:00:00-04:00,6.360000133514404,6.400000095367432,6.260000228881836,6.300000190734863,11783400,0.0,0.0
2010-10-25 00:00:00-04:00,6.349999904632568,6.380000114440918,6.300000190734863,6.309999942779541,12280600,0.0,0.0
2010-10-26 00:00:00-04:00,6.300000190734863,6.309999942779541,6.25,6.289999961853027,6439300,0.0,0.0
2010-10-27 00:00:00-04:00,6.260000228881836,6.320000171661377,6.210000038146973,6.309999942779541,7357800,0.0,0.0
2010-10-28 00:00:00-04:00,6.510000228881836,6.550000190734863,6.239999771118164,6.380000114440918,30272400,0.0,0.0
2010-10-29 00:00:00-04:00,6.380000114440918,6.389999866485596,6.320000171661377,6.389999866485596,16061500,0.0,0.0
2010-11-01 00:00:00-04:00,6.369999885559082,6.480000019073486,6.289999961853027,6.320000171661377,13822700,0.0,0.0
2010-11-02 00:00:00-04:00,6.389999866485596,6.440000057220459,6.360000133514404,6.440000057220459,11782800,0.0,0.0
2010-11-03 00:00:00-04:00,6.460000038146973,6.489999771118164,6.380000114440918,6.460000038146973,12206700,0.0,0.0
2010-11-04 00:00:00-04:00,6.539999961853027,6.579999923706055,6.409999847412109,6.489999771118164,12143700,0.0,0.0
2010-11-05 00:00:00-04:00,6.510000228881836,6.960000038146973,6.480000019073486,6.920000076293945,30340500,0.0,0.0
2010-11-08 00:00:00-05:00,6.880000114440918,6.889999866485596,6.739999771118164,6.789999961853027,14995300,0.0,0.0
2010-11-09 00:00:00-05:00,6.769999980926514,6.809999942779541,6.650000095367432,6.690000057220459,12742600,0.0,0.0
2010-11-10 00:00:00-05:00,6.71999979019165,6.860000133514404,6.619999885559082,6.840000152587891,14995000,0.0,0.0
2010-11-11 00:00:00-05:00,6.800000190734863,6.849999904632568,6.670000076293945,6.849999904632568,11043400,0.0,0.0
2010-11-12 00:00:00-05:00,6.809999942779541,6.829999923706055,6.670000076293945,6.739999771118164,11627500,0.0,0.0
2010-11-15 00:00:00-05:00,6.78000020980835,6.78000020980835,6.690000057220459,6.690000057220459,6305000,0.0,0.0
2010-11-16 00:00:00-05:00,6.659999847412109,6.739999771118164,6.480000019073486,6.519999980926514,11438900,0.0,0.0
2010-11-17 00:00:00-05:00,6.53000020980835,6.760000228881836,6.440000057220459,6.559999942779541,28683800,0.0,0.0
2010-11-18 00:00:00-05:00,6.619999885559082,6.639999866485596,6.519999980926514,6.559999942779541,9425800,0.0,0.0
2010-11-19 00:00:00-05:00,6.559999942779541,6.78000020980835,6.510000228881836,6.769999980926514,21065300,0.0,0.0
2010-11-22 00:00:00-05:00,6.880000114440918,6.900000095367432,6.630000114440918,6.659999847412109,15066800,0.0,0.0
2010-11-23 00:00:00-05:00,6.590000152587891,6.599999904632568,6.489999771118164,6.570000171661377,8861100,0.0,0.0
2010-11-24 00:00:00-05:00,6.619999885559082,6.739999771118164,6.570000171661377,6.730000019073486,9236400,0.0,0.0
2010-11-26 00:00:00-05:00,6.710000038146973,6.710000038146973,6.53000020980835,6.579999923706055,5223900,0.0,0.0
2010-11-29 00:00:00-05:00,6.53000020980835,6.550000190734863,6.389999866485596,6.5,7622200,0.0,0.0
2010-11-30 00:00:00-05:00,6.429999828338623,6.489999771118164,6.349999904632568,6.420000076293945,8201500,0.0,0.0
2010-12-01 00:00:00-05:00,6.489999771118164,6.590000152587891,6.420000076293945,6.519999980926514,12301700,0.0,0.0
2010-12-02 00:00:00-05:00,6.510000228881836,6.670000076293945,6.510000228881836,6.670000076293945,8935300,0.0,0.0
2010-12-03 00:00:00-05:00,6.630000114440918,6.849999904632568,6.630000114440918,6.829999923706055,12570100,0.0,0.0
2010-12-06 00:00:00-05:00,6.789999961853027,6.840000152587891,6.679999828338623,6.679999828338623,7158300,0.0,0.0
2010-12-07 00:00:00-05:00,6.730000019073486,6.78000020980835,6.619999885559082,6.619999885559082,9981500,0.0,0.0
2010-12-08 00:00:00-05:00,6.610000133514404,6.690000057220459,6.480000019073486,6.670000076293945,15127800,0.0,0.0
2010-12-09 00:00:00-05:00,6.699999809265137,6.880000114440918,6.670000076293945,6.869999885559082,13605400,0.0,0.0
2010-12-10 00:00:00-05:00,6.869999885559082,7.190000057220459,6.869999885559082,7.110000133514404,37406300,0.0,0.0
2010-12-13 00:00:00-05:00,7.170000076293945,7.210000038146973,6.989999771118164,7.090000152587891,21739200,0.0,0.0
2010-12-14 00:00:00-05:00,7.079999923706055,7.110000133514404,6.980000019073486,7.039999961853027,14259900,0.0,0.0
2010-12-15 00:00:00-05:00,7.03000020980835,7.090000152587891,6.929999828338623,6.96999979019165,13286200,0.0,0.0
2010-12-16 00:00:00-05:00,6.960000038146973,7.269999980926514,6.949999809265137,7.21999979019165,38173900,0.0,0.0
2010-12-17 00:00:00-05:00,7.260000228881836,7.650000095367432,7.260000228881836,7.650000095367432,48021500,0.0,0.0
2010-12-20 00:00:00-05:00,7.550000190734863,7.849999904632568,7.489999771118164,7.820000171661377,28453700,0.0,0.0
2010-12-21 00:00:00-05:00,7.789999961853027,7.920000076293945,7.619999885559082,7.849999904632568,21454300,0.0,0.0
2010-12-22 00:00:00-05:00,7.590000152587891,7.769999980926514,7.519999980926514,7.710000038146973,22758500,0.0,0.0
2010-12-23 00:00:00-05:00,7.659999847412109,7.78000020980835,7.639999866485596,7.699999809265137,10247300,0.0,0.0
2010-12-27 00:00:00-05:00,7.659999847412109,7.699999809265137,7.650000095367432,7.699999809265137,2494200,0.0,0.0
2010-12-28 00:00:00-05:00,7.650000095367432,7.840000152587891,7.650000095367432,7.820000171661377,5898600,0.0,0.0
2010-12-29 00:00:00-05:00,7.809999942779541,7.829999923706055,7.75,7.760000228881836,4593800,0.0,0.0
2010-12-30 00:00:00-05:00,7.710000038146973,7.800000190734863,7.659999847412109,7.71999979019165,4924700,0.0,0.0
2010-12-31 00:00:00-05:00,7.690000057220459,7.699999809265137,7.559999942779541,7.570000171661377,6715800,0.0,0.0
2011-01-03 00:00:00-05:00,7.570000171661377,7.670000076293945,7.519999980926514,7.599999904632568,21212500,0.0,0.0
2011-01-04 00:00:00-05:00,7.550000190734863,7.610000133514404,7.380000114440918,7.480000019073486,28341700,0.0,0.0
2011-01-05 00:00:00-05:00,7.489999771118164,7.550000190734863,7.320000171661377,7.53000020980835,26061000,0.0,0.0
2011-01-06 00:00:00-05:00,7.5,7.570000171661377,7.369999885559082,7.409999847412109,12955100,0.0,0.0
2011-01-07 00:00:00-05:00,7.429999828338623,7.460000038146973,7.21999979019165,7.28000020980835,22286000,0.0,0.0
2011-01-10 00:00:00-05:00,7.269999980926514,7.460000038146973,7.21999979019165,7.389999866485596,18510800,0.0,0.0
2011-01-11 00:00:00-05:00,7.409999847412109,7.5,7.380000114440918,7.46999979019165,11926600,0.0,0.0
2011-01-12 00:00:00-05:00,7.519999980926514,7.53000020980835,7.309999942779541,7.440000057220459,15783500,0.0,0.0
2011-01-13 00:00:00-05:00,7.440000057220459,7.480000019073486,7.210000038146973,7.46999979019165,24300600,0.0,0.0
2011-01-14 00:00:00-05:00,7.449999809265137,7.539999961853027,7.360000133514404,7.53000020980835,12575800,0.0,0.0
2011-01-18 00:00:00-05:00,7.519999980926514,7.550000190734863,7.320000171661377,7.329999923706055,17045900,0.0,0.0
2011-01-19 00:00:00-05:00,7.369999885559082,7.380000114440918,7.119999885559082,7.150000095367432,16278600,0.0,0.0
2011-01-20 00:00:00-05:00,7.119999885559082,7.28000020980835,7.010000228881836,7.269999980926514,12447400,0.0,0.0
2011-01-21 00:00:00-05:00,7.309999942779541,7.340000152587891,7.139999866485596,7.159999847412109,10028000,0.0,0.0
2011-01-24 00:00:00-05:00,7.150000095367432,7.230000019073486,7.010000228881836,7.139999866485596,15989400,0.0,0.0
2011-01-25 00:00:00-05:00,7.110000133514404,7.199999809265137,6.980000019073486,7.03000020980835,22464700,0.0,0.0
2011-01-26 00:00:00-05:00,7.050000190734863,7.179999828338623,7.010000228881836,7.150000095367432,21153700,0.0,0.0
2011-01-27 00:00:00-05:00,7.139999866485596,7.349999904632568,7.130000114440918,7.159999847412109,16069500,0.0,0.0
2011-01-28 00:00:00-05:00,7.119999885559082,7.21999979019165,6.929999828338623,6.989999771118164,18015200,0.0,0.0
2011-01-31 00:00:00-05:00,6.949999809265137,7.099999904632568,6.949999809265137,6.980000019073486,13940400,0.0,0.0
2011-02-01 00:00:00-05:00,7.019999980926514,7.210000038146973,6.980000019073486,7.130000114440918,19860000,0.0,0.0
2011-02-02 00:00:00-05:00,6.920000076293945,6.949999809265137,6.699999809265137,6.849999904632568,35381000,0.0,0.0
2011-02-03 00:00:00-05:00,6.769999980926514,6.96999979019165,6.739999771118164,6.96999979019165,15859400,0.0,0.0
2011-02-04 00:00:00-05:00,6.920000076293945,7.019999980926514,6.869999885559082,6.989999771118164,22285900,0.0,0.0
2011-02-07 00:00:00-05:00,6.989999771118164,7.03000020980835,6.880000114440918,6.949999809265137,14659900,0.0,0.0
2011-02-08 00:00:00-05:00,6.960000038146973,7.0,6.909999847412109,6.949999809265137,17634100,0.0,0.0
2011-02-09 00:00:00-05:00,6.920000076293945,6.980000019073486,6.880000114440918,6.880000114440918,13465800,0.0,0.0
2011-02-10 00:00:00-05:00,6.96999979019165,7.03000020980835,6.900000095367432,6.909999847412109,9305500,0.0,0.0
2011-02-11 00:00:00-05:00,6.840000152587891,6.920000076293945,6.840000152587891,6.880000114440918,9448400,0.0,0.0
2011-02-14 00:00:00-05:00,6.889999866485596,7.0,6.829999923706055,6.96999979019165,19346300,0.0,0.0
2011-02-15 00:00:00-05:00,6.900000095367432,7.0,6.869999885559082,6.96999979019165,13994200,0.0,0.0
2011-02-16 00:00:00-05:00,6.980000019073486,7.179999828338623,6.96999979019165,7.099999904632568,15192000,0.0,0.0
2011-02-17 00:00:00-05:00,7.110000133514404,7.400000095367432,7.079999923706055,7.400000095367432,21784600,0.0,0.0
2011-02-18 00:00:00-05:00,7.400000095367432,7.679999828338623,7.400000095367432,7.539999961853027,17077700,0.0,0.0
2011-02-22 00:00:00-05:00,7.460000038146973,7.5,7.25,7.28000020980835,10361300,0.0,0.0
2011-02-23 00:00:00-05:00,7.289999961853027,7.329999923706055,7.010000228881836,7.039999961853027,16323000,0.0,0.0
2011-02-24 00:00:00-05:00,7.010000228881836,7.079999923706055,6.900000095367432,7.019999980926514,13404600,0.0,0.0
2011-02-25 00:00:00-05:00,7.059999942779541,7.190000057220459,7.010000228881836,7.179999828338623,10514200,0.0,0.0
2011-02-28 00:00:00-05:00,7.21999979019165,7.269999980926514,7.119999885559082,7.159999847412109,8900200,0.0,0.0
2011-03-01 00:00:00-05:00,7.550000190734863,7.690000057220459,7.440000057220459,7.519999980926514,32599300,0.0,0.0
2011-03-02 00:00:00-05:00,7.53000020980835,7.539999961853027,7.230000019073486,7.369999885559082,22585600,0.0,0.0
2011-03-03 00:00:00-05:00,7.460000038146973,7.590000152587891,7.389999866485596,7.559999942779541,9686400,0.0,0.0
2011-03-04 00:00:00-05:00,7.570000171661377,7.679999828338623,7.440000057220459,7.53000020980835,15616100,0.0,0.0
2011-03-07 00:00:00-05:00,7.570000171661377,7.590000152587891,7.389999866485596,7.46999979019165,16460000,0.0,0.0
2011-03-08 00:00:00-05:00,7.5,7.659999847412109,7.449999809265137,7.630000114440918,15031300,0.0,0.0
2011-03-09 00:00:00-05:00,7.619999885559082,7.960000038146973,7.619999885559082,7.78000020980835,31161700,0.0,0.0
2011-03-10 00:00:00-05:00,7.71999979019165,7.760000228881836,7.440000057220459,7.440000057220459,17610800,0.0,0.0
2011-03-11 00:00:00-05:00,7.409999847412109,7.53000020980835,7.389999866485596,7.510000228881836,9893300,0.0,0.0
2011-03-14 00:00:00-04:00,7.46999979019165,7.480000019073486,7.210000038146973,7.300000190734863,10844500,0.0,0.0
2011-03-15 00:00:00-04:00,7.079999923706055,7.179999828338623,6.960000038146973,7.079999923706055,19097800,0.0,0.0
2011-03-16 00:00:00-04:00,7.050000190734863,7.119999885559082,6.880000114440918,6.929999828338623,22887200,0.0,0.0
2011-03-17 00:00:00-04:00,7.03000020980835,7.150000095367432,6.960000038146973,7.119999885559082,19417000,0.0,0.0
2011-03-18 00:00:00-04:00,7.21999979019165,7.25,7.099999904632568,7.199999809265137,12387500,0.0,0.0
2011-03-21 00:00:00-04:00,7.340000152587891,7.360000133514404,7.210000038146973,7.269999980926514,8491200,0.0,0.0
2011-03-22 00:00:00-04:00,7.329999923706055,7.329999923706055,6.949999809265137,6.980000019073486,28626900,0.0,0.0
2011-03-23 00:00:00-04:00,6.949999809265137,7.070000171661377,6.929999828338623,7.0,15804400,0.0,0.0
2011-03-24 00:00:00-04:00,6.989999771118164,7.110000133514404,6.949999809265137,7.099999904632568,8455700,0.0,0.0
2011-03-25 00:00:00-04:00,7.130000114440918,7.25,7.03000020980835,7.210000038146973,15634200,0.0,0.0
2011-03-28 00:00:00-04:00,7.239999771118164,7.349999904632568,7.199999809265137,7.28000020980835,11831500,0.0,0.0
2011-03-29 00:00:00-04:00,7.260000228881836,7.329999923706055,7.150000095367432,7.309999942779541,14422400,0.0,0.0
2011-03-30 00:00:00-04:00,7.349999904632568,7.420000076293945,7.300000190734863,7.409999847412109,11114100,0.0,0.0
2011-03-31 00:00:00-04:00,7.380000114440918,7.480000019073486,7.159999847412109,7.190000057220459,21263400,0.0,0.0
2011-04-01 00:00:00-04:00,7.25,7.53000020980835,7.230000019073486,7.300000190734863,23937900,0.0,0.0
2011-04-04 00:00:00-04:00,7.320000171661377,7.349999904632568,7.03000020980835,7.230000019073486,32408200,0.0,0.0
2011-04-05 00:00:00-04:00,7.190000057220459,7.21999979019165,7.019999980926514,7.059999942779541,20659300,0.0,0.0
2011-04-06 00:00:00-04:00,7.090000152587891,7.269999980926514,7.079999923706055,7.230000019073486,13628400,0.0,0.0
2011-04-07 00:00:00-04:00,7.210000038146973,7.429999828338623,7.139999866485596,7.420000076293945,22220300,0.0,0.0
2011-04-08 00:00:00-04:00,7.440000057220459,7.670000076293945,7.320000171661377,7.349999904632568,20547500,0.0,0.0
2011-04-11 00:00:00-04:00,7.320000171661377,7.46999979019165,7.190000057220459,7.21999979019165,16475700,0.0,0.0
2011-04-12 00:00:00-04:00,7.210000038146973,7.230000019073486,7.090000152587891,7.099999904632568,17192000,0.0,0.0
2011-04-13 00:00:00-04:00,7.119999885559082,7.159999847412109,6.980000019073486,6.980000019073486,36904400,0.0,0.0
2011-04-14 00:00:00-04:00,6.96999979019165,7.21999979019165,6.949999809265137,7.130000114440918,21969700,0.0,0.0
2011-04-15 00:00:00-04:00,7.150000095367432,7.210000038146973,7.070000171661377,7.079999923706055,14047700,0.0,0.0
2011-04-18 00:00:00-04:00,7.010000228881836,7.059999942779541,6.949999809265137,6.980000019073486,11969000,0.0,0.0
2011-04-19 00:00:00-04:00,7.050000190734863,7.070000171661377,6.960000038146973,7.03000020980835,17065500,0.0,0.0
2011-04-20 00:00:00-04:00,7.110000133514404,7.139999866485596,7.03000020980835,7.079999923706055,13708500,0.0,0.0
2011-04-21 00:00:00-04:00,7.289999961853027,7.449999809265137,7.130000114440918,7.159999847412109,25760500,0.0,0.0
2011-04-25 00:00:00-04:00,7.190000057220459,7.329999923706055,7.150000095367432,7.309999942779541,23869400,0.0,0.0
2011-04-26 00:00:00-04:00,7.380000114440918,7.380000114440918,7.239999771118164,7.269999980926514,13600000,0.0,0.0
2011-04-27 00:00:00-04:00,7.269999980926514,7.329999923706055,7.179999828338623,7.300000190734863,15963600,0.0,0.0
2011-04-28 00:00:00-04:00,7.25,7.449999809265137,7.21999979019165,7.429999828338623,12257400,0.0,0.0
2011-04-29 00:00:00-04:00,7.429999828338623,7.510000228881836,7.380000114440918,7.489999771118164,20731600,0.0,0.0
2011-05-02 00:00:00-04:00,7.539999961853027,7.820000171661377,7.5,7.71999979019165,27940900,0.0,0.0
2011-05-03 00:00:00-04:00,7.679999828338623,7.909999847412109,7.650000095367432,7.789999961853027,23207800,0.0,0.0
2011-05-04 00:00:00-04:00,7.800000190734863,7.809999942779541,7.690000057220459,7.739999771118164,15961300,0.0,0.0
2011-05-05 00:00:00-04:00,7.699999809265137,7.789999961853027,7.550000190734863,7.559999942779541,17678000,0.0,0.0
2011-05-06 00:00:00-04:00,7.690000057220459,7.760000228881836,7.639999866485596,7.71999979019165,13873200,0.0,0.0
2011-05-09 00:00:00-04:00,7.71999979019165,7.739999771118164,7.599999904632568,7.710000038146973,10702800,0.0,0.0
2011-05-10 00:00:00-04:00,7.760000228881836,7.880000114440918,6.860000133514404,7.019999980926514,121144800,0.0,0.0
2011-05-11 00:00:00-04:00,7.050000190734863,7.210000038146973,6.960000038146973,7.019999980926514,39921800,0.0,0.0
2011-05-12 00:00:00-04:00,6.980000019073486,7.010000228881836,6.860000133514404,6.909999847412109,26006200,0.0,0.0
2011-05-13 00:00:00-04:00,6.920000076293945,6.949999809265137,6.710000038146973,6.840000152587891,32264800,0.0,0.0
2011-05-16 00:00:00-04:00,6.75,7.019999980926514,6.699999809265137,6.849999904632568,18806900,0.0,0.0
2011-05-17 00:00:00-04:00,6.789999961853027,6.840000152587891,6.710000038146973,6.829999923706055,13663500,0.0,0.0
2011-05-18 00:00:00-04:00,6.869999885559082,6.889999866485596,6.739999771118164,6.809999942779541,24836400,0.0,0.0
2011-05-19 00:00:00-04:00,6.820000171661377,6.949999809265137,6.78000020980835,6.900000095367432,23735700,0.0,0.0
2011-05-20 00:00:00-04:00,6.849999904632568,6.900000095367432,6.75,6.800000190734863,14756400,0.0,0.0
2011-05-23 00:00:00-04:00,6.71999979019165,6.730000019073486,6.550000190734863,6.570000171661377,11231900,0.0,0.0
2011-05-24 00:00:00-04:00,6.519999980926514,6.760000228881836,6.46999979019165,6.670000076293945,21254700,0.0,0.0
2011-05-25 00:00:00-04:00,6.809999942779541,6.940000057220459,6.710000038146973,6.909999847412109,20463800,0.0,0.0
2011-05-26 00:00:00-04:00,6.889999866485596,6.980000019073486,6.789999961853027,6.949999809265137,17098300,0.0,0.0
2011-05-27 00:00:00-04:00,6.960000038146973,7.079999923706055,6.880000114440918,7.039999961853027,15062400,0.0,0.0
2011-05-31 00:00:00-04:00,7.010000228881836,7.179999828338623,7.010000228881836,7.179999828338623,19091900,0.0,0.0
2011-06-01 00:00:00-04:00,7.159999847412109,7.159999847412109,7.019999980926514,7.03000020980835,25375400,0.0,0.0
2011-06-02 00:00:00-04:00,7.050000190734863,7.079999923706055,6.940000057220459,6.960000038146973,16411500,0.0,0.0
2011-06-03 00:00:00-04:00,6.869999885559082,6.96999979019165,6.800000190734863,6.869999885559082,9438800,0.0,0.0
2011-06-06 00:00:00-04:00,6.849999904632568,6.960000038146973,6.75,6.849999904632568,13839800,0.0,0.0
2011-06-07 00:00:00-04:00,6.920000076293945,6.949999809265137,6.809999942779541,6.820000171661377,12644600,0.0,0.0
2011-06-08 00:00:00-04:00,6.840000152587891,6.869999885559082,6.619999885559082,6.710000038146973,19455300,0.0,0.0
2011-06-09 00:00:00-04:00,6.730000019073486,6.909999847412109,6.639999866485596,6.880000114440918,13375400,0.0,0.0
2011-06-10 00:00:00-04:00,6.840000152587891,6.880000114440918,6.690000057220459,6.760000228881836,16265400,0.0,0.0
2011-06-13 00:00:00-04:00,6.78000020980835,6.809999942779541,6.659999847412109,6.670000076293945,11267900,0.0,0.0
2011-06-14 00:00:00-04:00,6.739999771118164,6.800000190734863,6.570000171661377,6.739999771118164,26009400,0.0,0.0
2011-06-15 00:00:00-04:00,7.0,7.190000057220459,6.889999866485596,6.929999828338623,40301200,0.0,0.0
2011-06-16 00:00:00-04:00,6.920000076293945,6.980000019073486,6.75,6.829999923706055,26940700,0.0,0.0
2011-06-17 00:00:00-04:00,6.889999866485596,6.920000076293945,6.71999979019165,6.789999961853027,18507700,0.0,0.0
2011-06-20 00:00:00-04:00,6.760000228881836,6.820000171661377,6.710000038146973,6.739999771118164,16330400,0.0,0.0
2011-06-21 00:00:00-04:00,6.820000171661377,6.960000038146973,6.78000020980835,6.920000076293945,14561700,0.0,0.0
2011-06-22 00:00:00-04:00,7.039999961853027,7.190000057220459,6.960000038146973,7.059999942779541,25202800,0.0,0.0
2011-06-23 00:00:00-04:00,6.980000019073486,7.090000152587891,6.909999847412109,7.090000152587891,12898800,0.0,0.0
2011-06-24 00:00:00-04:00,6.960000038146973,7.03000020980835,6.809999942779541,6.889999866485596,30240700,0.0,0.0
2011-06-27 00:00:00-04:00,6.900000095367432,6.960000038146973,6.820000171661377,6.869999885559082,14135500,0.0,0.0
2011-06-28 00:00:00-04:00,6.900000095367432,7.03000020980835,6.829999923706055,6.980000019073486,16453600,0.0,0.0
2011-06-29 00:00:00-04:00,7.019999980926514,7.039999961853027,6.900000095367432,6.929999828338623,11903400,0.0,0.0
2011-06-30 00:00:00-04:00,6.96999979019165,7.019999980926514,6.880000114440918,6.909999847412109,17176200,0.0,0.0
2011-07-01 00:00:00-04:00,6.929999828338623,7.230000019073486,6.880000114440918,7.230000019073486,19968100,0.0,0.0
2011-07-05 00:00:00-04:00,7.199999809265137,7.21999979019165,7.090000152587891,7.139999866485596,8699800,0.0,0.0
2011-07-06 00:00:00-04:00,7.110000133514404,7.329999923706055,7.070000171661377,7.159999847412109,25581100,0.0,0.0
2011-07-07 00:00:00-04:00,7.210000038146973,7.320000171661377,7.130000114440918,7.239999771118164,10347100,0.0,0.0
2011-07-08 00:00:00-04:00,7.139999866485596,7.190000057220459,7.099999904632568,7.170000076293945,8408400,0.0,0.0
2011-07-11 00:00:00-04:00,7.079999923706055,7.329999923706055,7.079999923706055,7.269999980926514,35078500,0.0,0.0
2011-07-12 00:00:00-04:00,7.230000019073486,7.420000076293945,7.199999809265137,7.28000020980835,24903000,0.0,0.0
2011-07-13 00:00:00-04:00,7.309999942779541,7.389999866485596,7.159999847412109,7.179999828338623,17272700,0.0,0.0
2011-07-14 00:00:00-04:00,7.199999809265137,7.230000019073486,7.059999942779541,7.090000152587891,10438300,0.0,0.0
2011-07-15 00:00:00-04:00,7.119999885559082,7.139999866485596,6.989999771118164,7.010000228881836,14832300,0.0,0.0
2011-07-18 00:00:00-04:00,6.880000114440918,7.059999942779541,6.809999942779541,6.920000076293945,16667700,0.0,0.0
2011-07-19 00:00:00-04:00,6.949999809265137,7.139999866485596,6.929999828338623,7.139999866485596,11808700,0.0,0.0
2011-07-20 00:00:00-04:00,7.139999866485596,7.150000095367432,6.980000019073486,7.0,13202500,0.0,0.0
2011-07-21 00:00:00-04:00,7.059999942779541,7.090000152587891,6.860000133514404,7.079999923706055,39881800,0.0,0.0
2011-07-22 00:00:00-04:00,7.070000171661377,7.230000019073486,7.019999980926514,7.210000038146973,13141400,0.0,0.0
2011-07-25 00:00:00-04:00,7.130000114440918,7.179999828338623,7.059999942779541,7.119999885559082,8312000,0.0,0.0
2011-07-26 00:00:00-04:00,7.130000114440918,7.130000114440918,6.880000114440918,6.900000095367432,18392600,0.0,0.0
2011-07-27 00:00:00-04:00,6.889999866485596,6.909999847412109,6.690000057220459,6.710000038146973,21303200,0.0,0.0
2011-07-28 00:00:00-04:00,7.150000095367432,7.550000190734863,6.960000038146973,7.28000020980835,54839600,0.0,0.0
2011-07-29 00:00:00-04:00,7.159999847412109,7.320000171661377,7.070000171661377,7.159999847412109,17219500,0.0,0.0
2011-08-01 00:00:00-04:00,7.25,7.260000228881836,6.809999942779541,6.920000076293945,25398000,0.0,0.0
2011-08-02 00:00:00-04:00,6.840000152587891,6.940000057220459,6.639999866485596,6.639999866485596,34844900,0.0,0.0
2011-08-03 00:00:00-04:00,6.659999847412109,6.809999942779541,6.570000171661377,6.769999980926514,25331700,0.0,0.0
2011-08-04 00:00:00-04:00,6.650000095367432,6.739999771118164,6.360000133514404,6.389999866485596,24469600,0.0,0.0
2011-08-05 00:00:00-04:00,6.510000228881836,6.650000095367432,6.260000228881836,6.489999771118164,30871200,0.0,0.0
2011-08-08 00:00:00-04:00,6.289999961853027,6.440000057220459,5.960000038146973,6.0,28152100,0.0,0.0
2011-08-09 00:00:00-04:00,6.119999885559082,6.349999904632568,5.900000095367432,6.340000152587891,25202400,0.0,0.0
2011-08-10 00:00:00-04:00,6.230000019073486,6.329999923706055,5.880000114440918,5.909999847412109,28131200,0.0,0.0
2011-08-11 00:00:00-04:00,5.900000095367432,6.429999828338623,5.889999866485596,6.349999904632568,39456200,0.0,0.0
2011-08-12 00:00:00-04:00,6.409999847412109,6.590000152587891,6.300000190734863,6.409999847412109,22214700,0.0,0.0
2011-08-15 00:00:00-04:00,6.480000019073486,6.570000171661377,6.460000038146973,6.53000020980835,15064000,0.0,0.0
2011-08-16 00:00:00-04:00,6.420000076293945,6.5,6.369999885559082,6.409999847412109,17677600,0.0,0.0
2011-08-17 00:00:00-04:00,6.46999979019165,6.579999923706055,6.420000076293945,6.480000019073486,11001900,0.0,0.0
2011-08-18 00:00:00-04:00,6.28000020980835,6.340000152587891,6.0,6.059999942779541,17683200,0.0,0.0
2011-08-19 00:00:00-04:00,6.019999980926514,6.329999923706055,6.019999980926514,6.119999885559082,17645300,0.0,0.0
2011-08-22 00:00:00-04:00,6.230000019073486,6.260000228881836,6.079999923706055,6.090000152587891,12004800,0.0,0.0
2011-08-23 00:00:00-04:00,6.119999885559082,6.340000152587891,6.059999942779541,6.340000152587891,14957900,0.0,0.0
2011-08-24 00:00:00-04:00,6.230000019073486,6.360000133514404,6.179999828338623,6.320000171661377,13122000,0.0,0.0
2011-08-25 00:00:00-04:00,6.360000133514404,6.480000019073486,6.260000228881836,6.349999904632568,15393900,0.0,0.0
2011-08-26 00:00:00-04:00,6.269999980926514,6.400000095367432,6.110000133514404,6.369999885559082,12485700,0.0,0.0
2011-08-29 00:00:00-04:00,6.420000076293945,6.650000095367432,6.420000076293945,6.639999866485596,10695200,0.0,0.0
2011-08-30 00:00:00-04:00,6.610000133514404,6.690000057220459,6.5,6.639999866485596,11355300,0.0,0.0
2011-08-31 00:00:00-04:00,6.679999828338623,6.820000171661377,6.650000095367432,6.78000020980835,13060400,0.0,0.0
2011-09-01 00:00:00-04:00,6.760000228881836,6.900000095367432,6.690000057220459,6.71999979019165,14787700,0.0,0.0
2011-09-02 00:00:00-04:00,6.570000171661377,6.610000133514404,6.420000076293945,6.420000076293945,10709900,0.0,0.0
2011-09-06 00:00:00-04:00,6.190000057220459,6.360000133514404,6.150000095367432,6.309999942779541,12601700,0.0,0.0
2011-09-07 00:00:00-04:00,6.429999828338623,6.5,6.380000114440918,6.489999771118164,18158500,0.0,0.0
2011-09-08 00:00:00-04:00,6.46999979019165,6.570000171661377,6.380000114440918,6.489999771118164,14203700,0.0,0.0
2011-09-09 00:00:00-04:00,6.420000076293945,6.420000076293945,6.139999866485596,6.199999809265137,18095400,0.0,0.0
2011-09-12 00:00:00-04:00,6.110000133514404,6.239999771118164,6.050000190734863,6.21999979019165,15114200,0.0,0.0
2011-09-13 00:00:00-04:00,6.21999979019165,6.300000190734863,6.139999866485596,6.260000228881836,8241700,0.0,0.0
2011-09-14 00:00:00-04:00,6.300000190734863,6.579999923706055,6.179999828338623,6.460000038146973,17886400,0.0,0.0
2011-09-15 00:00:00-04:00,6.559999942779541,6.570000171661377,6.349999904632568,6.570000171661377,10235700,0.0,0.0
2011-09-16 00:00:00-04:00,6.630000114440918,6.670000076293945,6.489999771118164,6.53000020980835,11645500,0.0,0.0
2011-09-19 00:00:00-04:00,6.400000095367432,6.440000057220459,6.260000228881836,6.309999942779541,14367400,0.0,0.0
2011-09-20 00:00:00-04:00,6.329999923706055,6.409999847412109,6.21999979019165,6.230000019073486,13105600,0.0,0.0
2011-09-21 00:00:00-04:00,6.25,6.28000020980835,5.929999828338623,5.929999828338623,13920900,0.0,0.0
2011-09-22 00:00:00-04:00,5.809999942779541,5.860000133514404,5.550000190734863,5.619999885559082,25817500,0.0,0.0
2011-09-23 00:00:00-04:00,5.639999866485596,5.769999980926514,5.590000152587891,5.760000228881836,17459500,0.0,0.0
2011-09-26 00:00:00-04:00,5.860000133514404,5.949999809265137,5.690000057220459,5.929999828338623,14442000,0.0,0.0
2011-09-27 00:00:00-04:00,6.190000057220459,6.300000190734863,5.929999828338623,6.090000152587891,14980000,0.0,0.0
2011-09-28 00:00:00-04:00,6.130000114440918,6.230000019073486,5.980000019073486,6.090000152587891,17529200,0.0,0.0
2011-09-29 00:00:00-04:00,6.090000152587891,6.269999980926514,5.949999809265137,6.099999904632568,15852700,0.0,0.0
2011-09-30 00:00:00-04:00,5.960000038146973,6.050000190734863,5.849999904632568,5.909999847412109,20081600,0.0,0.0
2011-10-03 00:00:00-04:00,5.840000152587891,5.940000057220459,5.5,5.53000020980835,25265100,0.0,0.0
2011-10-04 00:00:00-04:00,5.409999847412109,5.659999847412109,5.409999847412109,5.630000114440918,21000000,0.0,0.0
2011-10-05 00:00:00-04:00,5.679999828338623,5.730000019073486,5.610000133514404,5.690000057220459,23573100,0.0,0.0
2011-10-06 00:00:00-04:00,5.679999828338623,5.699999809265137,5.480000019073486,5.639999866485596,34968200,0.0,0.0
2011-10-07 00:00:00-04:00,5.659999847412109,5.789999961853027,5.590000152587891,5.619999885559082,36382500,0.0,0.0
2011-10-10 00:00:00-04:00,5.71999979019165,5.760000228881836,5.650000095367432,5.699999809265137,18918600,0.0,0.0
2011-10-11 00:00:00-04:00,5.690000057220459,5.730000019073486,5.619999885559082,5.630000114440918,17116500,0.0,0.0
2011-10-12 00:00:00-04:00,5.699999809265137,5.739999771118164,5.630000114440918,5.650000095367432,22375000,0.0,0.0
2011-10-13 00:00:00-04:00,5.619999885559082,5.670000076293945,5.510000228881836,5.619999885559082,26072700,0.0,0.0
2011-10-14 00:00:00-04:00,5.699999809265137,5.71999979019165,5.5,5.690000057220459,32389600,0.0,0.0
2011-10-17 00:00:00-04:00,5.650000095367432,5.690000057220459,5.53000020980835,5.550000190734863,20885500,0.0,0.0
2011-10-18 00:00:00-04:00,5.570000171661377,5.75,5.46999979019165,5.659999847412109,22415500,0.0,0.0
2011-10-19 00:00:00-04:00,5.659999847412109,5.860000133514404,5.619999885559082,5.639999866485596,33289700,0.0,0.0
2011-10-20 00:00:00-04:00,5.440000057220459,5.579999923706055,5.300000190734863,5.389999866485596,74921000,0.0,0.0
2011-10-21 00:00:00-04:00,5.460000038146973,5.559999942779541,5.349999904632568,5.389999866485596,33255700,0.0,0.0
2011-10-24 00:00:00-04:00,5.409999847412109,5.519999980926514,5.369999885559082,5.510000228881836,16310600,0.0,0.0
2011-10-25 00:00:00-04:00,5.480000019073486,5.599999904632568,5.420000076293945,5.420000076293945,26631600,0.0,0.0
2011-10-26 00:00:00-04:00,5.510000228881836,5.539999961853027,5.400000095367432,5.460000038146973,14234500,0.0,0.0
2011-10-27 00:00:00-04:00,5.550000190734863,5.699999809265137,5.519999980926514,5.639999866485596,31126200,0.0,0.0
2011-10-28 00:00:00-04:00,5.639999866485596,5.869999885559082,5.639999866485596,5.809999942779541,28071400,0.0,0.0
2011-10-31 00:00:00-04:00,5.710000038146973,5.929999828338623,5.690000057220459,5.889999866485596,39812900,0.0,0.0
2011-11-01 00:00:00-04:00,5.690000057220459,5.739999771118164,5.53000020980835,5.579999923706055,21098900,0.0,0.0
2011-11-02 00:00:00-04:00,5.739999771118164,5.769999980926514,5.630000114440918,5.690000057220459,15316600,0.0,0.0
2011-11-03 00:00:00-04:00,5.75,5.889999866485596,5.690000057220459,5.869999885559082,18109800,0.0,0.0
2011-11-04 00:00:00-04:00,5.829999923706055,5.840000152587891,5.710000038146973,5.769999980926514,16523100,0.0,0.0
2011-11-07 00:00:00-05:00,5.760000228881836,5.800000190734863,5.610000133514404,5.789999961853027,31204000,0.0,0.0
2011-11-08 00:00:00-05:00,5.820000171661377,5.860000133514404,5.690000057220459,5.840000152587891,21360800,0.0,0.0
2011-11-09 00:00:00-05:00,5.75,5.989999771118164,5.71999979019165,5.760000228881836,33729400,0.0,0.0
2011-11-10 00:00:00-05:00,5.829999923706055,5.949999809265137,5.800000190734863,5.860000133514404,30175700,0.0,0.0
2011-11-11 00:00:00-05:00,5.920000076293945,5.949999809265137,5.869999885559082,5.900000095367432,19850600,0.0,0.0
2011-11-14 00:00:00-05:00,5.829999923706055,5.900000095367432,5.75,5.840000152587891,11635900,0.0,0.0
2011-11-15 00:00:00-05:00,5.809999942779541,5.840000152587891,5.659999847412109,5.820000171661377,9932300,0.0,0.0
2011-11-16 00:00:00-05:00,5.690000057220459,5.710000038146973,5.579999923706055,5.579999923706055,13207000,0.0,0.0
2011-11-17 00:00:00-05:00,5.559999942779541,5.610000133514404,5.429999828338623,5.460000038146973,13959800,0.0,0.0
2011-11-18 00:00:00-05:00,5.5,5.510000228881836,5.389999866485596,5.420000076293945,14757200,0.0,0.0
2011-11-21 00:00:00-05:00,5.329999923706055,5.400000095367432,5.260000228881836,5.300000190734863,11282000,0.0,0.0
2011-11-22 00:00:00-05:00,5.269999980926514,5.460000038146973,5.260000228881836,5.309999942779541,13617800,0.0,0.0
2011-11-23 00:00:00-05:00,5.599999904632568,5.599999904632568,5.320000171661377,5.320000171661377,19176400,0.0,0.0
2011-11-25 00:00:00-05:00,5.349999904632568,5.429999828338623,5.260000228881836,5.269999980926514,4006700,0.0,0.0
2011-11-28 00:00:00-05:00,5.360000133514404,5.46999979019165,5.360000133514404,5.429999828338623,9801300,0.0,0.0
2011-11-29 00:00:00-05:00,5.420000076293945,5.570000171661377,5.380000114440918,5.550000190734863,14356000,0.0,0.0
2011-11-30 00:00:00-05:00,5.690000057220459,5.900000095367432,5.659999847412109,5.900000095367432,21667300,0.0,0.0
2011-12-01 00:00:00-05:00,5.920000076293945,6.099999904632568,5.860000133514404,5.900000095367432,19057400,0.0,0.0
2011-12-02 00:00:00-05:00,5.960000038146973,6.0,5.320000171661377,5.5,47180600,0.0,0.0
2011-12-05 00:00:00-05:00,5.639999866485596,5.789999961853027,5.599999904632568,5.599999904632568,25386500,0.0,0.0
2011-12-06 00:00:00-05:00,5.679999828338623,5.699999809265137,5.489999771118164,5.590000152587891,15543200,0.0,0.0
2011-12-07 00:00:00-05:00,5.559999942779541,5.619999885559082,5.46999979019165,5.590000152587891,12715000,0.0,0.0
2011-12-08 00:00:00-05:00,5.579999923706055,5.619999885559082,5.269999980926514,5.320000171661377,17497500,0.0,0.0
2011-12-09 00:00:00-05:00,5.380000114440918,5.449999809265137,5.320000171661377,5.340000152587891,14331800,0.0,0.0
2011-12-12 00:00:00-05:00,5.320000171661377,5.320000171661377,5.230000019073486,5.289999961853027,14055900,0.0,0.0
2011-12-13 00:00:00-05:00,5.309999942779541,5.409999847412109,5.289999961853027,5.329999923706055,24321100,0.0,0.0
2011-12-14 00:00:00-05:00,5.300000190734863,5.320000171661377,5.110000133514404,5.130000114440918,24040500,0.0,0.0
2011-12-15 00:00:00-05:00,5.139999866485596,5.179999828338623,5.010000228881836,5.110000133514404,23202600,0.0,0.0
2011-12-16 00:00:00-05:00,5.159999847412109,5.25,5.059999942779541,5.139999866485596,24046000,0.0,0.0
2011-12-19 00:00:00-05:00,5.150000095367432,5.199999809265137,5.050000190734863,5.090000152587891,14185200,0.0,0.0
2011-12-20 00:00:00-05:00,5.159999847412109,5.21999979019165,5.130000114440918,5.150000095367432,13202500,0.0,0.0
2011-12-21 00:00:00-05:00,5.150000095367432,5.239999771118164,5.099999904632568,5.210000038146973,21207000,0.0,0.0
2011-12-22 00:00:00-05:00,5.159999847412109,5.300000190734863,5.139999866485596,5.230000019073486,22473000,0.0,0.0
2011-12-23 00:00:00-05:00,5.260000228881836,5.269999980926514,5.179999828338623,5.230000019073486,13355000,0.0,0.0
2011-12-27 00:00:00-05:00,5.239999771118164,5.300000190734863,5.21999979019165,5.230000019073486,5925500,0.0,0.0
2011-12-28 00:00:00-05:00,5.239999771118164,5.25,5.139999866485596,5.170000076293945,4722600,0.0,0.0
2011-12-29 00:00:00-05:00,5.159999847412109,5.349999904632568,5.139999866485596,5.329999923706055,10786900,0.0,0.0
2011-12-30 00:00:00-05:00,5.289999961853027,5.389999866485596,5.28000020980835,5.340000152587891,7431700,0.0,0.0
2012-01-03 00:00:00-05:00,5.420000076293945,5.480000019073486,5.329999923706055,5.360000133514404,16307100,0.0,0.0
2012-01-04 00:00:00-05:00,5.320000171661377,5.409999847412109,5.230000019073486,5.309999942779541,24388500,0.0,0.0
2012-01-05 00:00:00-05:00,5.269999980926514,5.380000114440918,5.260000228881836,5.340000152587891,12840700,0.0,0.0
2012-01-06 00:00:00-05:00,5.53000020980835,5.570000171661377,5.289999961853027,5.300000190734863,21222400,0.0,0.0
2012-01-09 00:00:00-05:00,5.340000152587891,5.380000114440918,5.260000228881836,5.349999904632568,11099700,0.0,0.0
2012-01-10 00:00:00-05:00,5.389999866485596,5.610000133514404,5.369999885559082,5.53000020980835,22741700,0.0,0.0
2012-01-11 00:00:00-05:00,5.53000020980835,5.650000095367432,5.46999979019165,5.539999961853027,15257500,0.0,0.0
2012-01-12 00:00:00-05:00,5.599999904632568,5.610000133514404,5.409999847412109,5.559999942779541,11065500,0.0,0.0
2012-01-13 00:00:00-05:00,5.53000020980835,5.559999942779541,5.440000057220459,5.519999980926514,7992900,0.0,0.0
2012-01-17 00:00:00-05:00,5.650000095367432,5.650000095367432,5.489999771118164,5.53000020980835,8412600,0.0,0.0
2012-01-18 00:00:00-05:00,5.5,5.730000019073486,5.460000038146973,5.71999979019165,13470400,0.0,0.0
2012-01-19 00:00:00-05:00,5.78000020980835,5.960000038146973,5.769999980926514,5.869999885559082,18721400,0.0,0.0
2012-01-20 00:00:00-05:00,5.900000095367432,6.019999980926514,5.789999961853027,5.980000019073486,22710400,0.0,0.0
2012-01-23 00:00:00-05:00,5.980000019073486,6.050000190734863,5.920000076293945,5.96999979019165,10625000,0.0,0.0
2012-01-24 00:00:00-05:00,5.920000076293945,6.019999980926514,5.900000095367432,5.96999979019165,7295300,0.0,0.0
2012-01-25 00:00:00-05:00,5.949999809265137,6.179999828338623,5.940000057220459,6.130000114440918,15673800,0.0,0.0
2012-01-26 00:00:00-05:00,6.190000057220459,6.190000057220459,5.920000076293945,5.960000038146973,17519300,0.0,0.0
2012-01-27 00:00:00-05:00,5.929999828338623,5.989999771118164,5.880000114440918,5.929999828338623,10646700,0.0,0.0
2012-01-30 00:00:00-05:00,5.900000095367432,6.039999961853027,5.880000114440918,5.989999771118164,9592700,0.0,0.0
2012-01-31 00:00:00-05:00,6.03000020980835,6.119999885559082,5.949999809265137,5.960000038146973,10734700,0.0,0.0
2012-02-01 00:00:00-05:00,5.989999771118164,6.190000057220459,5.989999771118164,6.090000152587891,13833600,0.0,0.0
2012-02-02 00:00:00-05:00,5.789999961853027,5.900000095367432,5.619999885559082,5.840000152587891,37131900,0.0,0.0
2012-02-03 00:00:00-05:00,5.889999866485596,6.119999885559082,5.800000190734863,6.03000020980835,29529100,0.0,0.0
2012-02-06 00:00:00-05:00,6.010000228881836,6.019999980926514,5.909999847412109,6.019999980926514,12754400,0.0,0.0
2012-02-07 00:00:00-05:00,6.010000228881836,6.059999942779541,5.940000057220459,5.949999809265137,16062100,0.0,0.0
2012-02-08 00:00:00-05:00,5.960000038146973,5.980000019073486,5.889999866485596,5.949999809265137,11911500,0.0,0.0
2012-02-09 00:00:00-05:00,5.960000038146973,5.960000038146973,5.849999904632568,5.949999809265137,9073300,0.0,0.0
2012-02-10 00:00:00-05:00,5.909999847412109,5.96999979019165,5.840000152587891,5.929999828338623,7725000,0.0,0.0
2012-02-13 00:00:00-05:00,6.070000171661377,6.070000171661377,5.920000076293945,5.940000057220459,12810500,0.0,0.0
2012-02-14 00:00:00-05:00,5.949999809265137,5.960000038146973,5.860000133514404,5.920000076293945,10101500,0.0,0.0
2012-02-15 00:00:00-05:00,5.949999809265137,5.960000038146973,5.869999885559082,5.889999866485596,9231700,0.0,0.0
2012-02-16 00:00:00-05:00,5.900000095367432,5.989999771118164,5.849999904632568,5.96999979019165,14889800,0.0,0.0
2012-02-17 00:00:00-05:00,6.010000228881836,6.090000152587891,5.949999809265137,6.090000152587891,30357400,0.0,0.0
2012-02-21 00:00:00-05:00,6.119999885559082,6.139999866485596,5.96999979019165,5.980000019073486,15186700,0.0,0.0
2012-02-22 00:00:00-05:00,5.929999828338623,5.989999771118164,5.900000095367432,5.920000076293945,9878900,0.0,0.0
2012-02-23 00:00:00-05:00,5.949999809265137,5.989999771118164,5.900000095367432,5.900000095367432,10150100,0.0,0.0
2012-02-24 00:00:00-05:00,5.929999828338623,6.28000020980835,5.920000076293945,6.25,21569500,0.0,0.0
2012-02-27 00:00:00-05:00,6.21999979019165,6.300000190734863,6.099999904632568,6.28000020980835,17966800,0.0,0.0
2012-02-28 00:00:00-05:00,6.329999923706055,6.409999847412109,6.239999771118164,6.360000133514404,19047800,0.0,0.0
2012-02-29 00:00:00-05:00,6.360000133514404,6.380000114440918,6.21999979019165,6.21999979019165,22183800,0.0,0.0
2012-03-01 00:00:00-05:00,6.25,6.25,6.070000171661377,6.079999923706055,14016500,0.0,0.0
2012-03-02 00:00:00-05:00,6.110000133514404,6.130000114440918,5.96999979019165,6.0,10555700,0.0,0.0
2012-03-05 00:00:00-05:00,5.96999979019165,6.059999942779541,5.820000171661377,5.840000152587891,12407300,0.0,0.0
2012-03-06 00:00:00-05:00,5.78000020980835,5.800000190734863,5.699999809265137,5.699999809265137,13438300,0.0,0.0
2012-03-07 00:00:00-05:00,5.699999809265137,5.800000190734863,5.699999809265137,5.730000019073486,6659400,0.0,0.0
2012-03-08 00:00:00-05:00,5.78000020980835,5.949999809265137,5.730000019073486,5.929999828338623,11866100,0.0,0.0
2012-03-09 00:00:00-05:00,5.960000038146973,6.039999961853027,5.900000095367432,5.949999809265137,13893000,0.0,0.0
2012-03-12 00:00:00-04:00,5.96999979019165,6.0,5.849999904632568,5.849999904632568,6231100,0.0,0.0
2012-03-13 00:00:00-04:00,5.909999847412109,6.010000228881836,5.900000095367432,5.960000038146973,11527300,0.0,0.0
2012-03-14 00:00:00-04:00,5.949999809265137,5.989999771118164,5.829999923706055,5.880000114440918,10681600,0.0,0.0
2012-03-15 00:00:00-04:00,5.880000114440918,6.0,5.829999923706055,6.0,8350300,0.0,0.0
2012-03-16 00:00:00-04:00,6.019999980926514,6.119999885559082,5.949999809265137,6.119999885559082,15498500,0.0,0.0
2012-03-19 00:00:00-04:00,6.119999885559082,6.159999847412109,6.019999980926514,6.039999961853027,9238500,0.0,0.0
2012-03-20 00:00:00-04:00,6.03000020980835,6.070000171661377,6.0,6.03000020980835,5336900,0.0,0.0
2012-03-21 00:00:00-04:00,6.019999980926514,6.059999942779541,5.949999809265137,6.03000020980835,7125300,0.0,0.0
2012-03-22 00:00:00-04:00,5.980000019073486,6.019999980926514,5.909999847412109,6.0,7838600,0.0,0.0
2012-03-23 00:00:00-04:00,6.0,6.0,5.929999828338623,5.96999979019165,5700300,0.0,0.0
2012-03-26 00:00:00-04:00,6.0,6.090000152587891,6.0,6.079999923706055,4992100,0.0,0.0
2012-03-27 00:00:00-04:00,6.099999904632568,6.199999809265137,6.070000171661377,6.179999828338623,11802000,0.0,0.0
2012-03-28 00:00:00-04:00,6.199999809265137,6.28000020980835,6.03000020980835,6.039999961853027,12661100,0.0,0.0
2012-03-29 00:00:00-04:00,5.989999771118164,6.050000190734863,5.960000038146973,6.0,9802800,0.0,0.0
2012-03-30 00:00:00-04:00,6.019999980926514,6.070000171661377,5.96999979019165,5.980000019073486,13253800,0.0,0.0
2012-04-02 00:00:00-04:00,5.989999771118164,6.039999961853027,5.949999809265137,5.96999979019165,16839800,0.0,0.0
2012-04-03 00:00:00-04:00,6.019999980926514,6.03000020980835,5.900000095367432,5.96999979019165,10481600,0.0,0.0
2012-04-04 00:00:00-04:00,5.920000076293945,5.96999979019165,5.849999904632568,5.889999866485596,15172600,0.0,0.0
2012-04-05 00:00:00-04:00,5.829999923706055,5.909999847412109,5.820000171661377,5.900000095367432,7149500,0.0,0.0
2012-04-09 00:00:00-04:00,5.800000190734863,5.900000095367432,5.78000020980835,5.840000152587891,11511500,0.0,0.0
2012-04-10 00:00:00-04:00,5.829999923706055,5.920000076293945,5.739999771118164,5.739999771118164,9566500,0.0,0.0
2012-04-11 00:00:00-04:00,5.809999942779541,5.820000171661377,5.699999809265137,5.739999771118164,8042600,0.0,0.0
2012-04-12 00:00:00-04:00,5.739999771118164,5.860000133514404,5.730000019073486,5.820000171661377,8493000,0.0,0.0
2012-04-13 00:00:00-04:00,5.800000190734863,5.829999923706055,5.619999885559082,5.619999885559082,9873700,0.0,0.0
2012-04-16 00:00:00-04:00,5.639999866485596,5.650000095367432,5.5,5.510000228881836,16716600,0.0,0.0
2012-04-17 00:00:00-04:00,5.550000190734863,5.699999809265137,5.489999771118164,5.579999923706055,40709000,0.0,0.0
2012-04-18 00:00:00-04:00,5.559999942779541,5.679999828338623,5.539999961853027,5.539999961853027,11500700,0.0,0.0
2012-04-19 00:00:00-04:00,5.880000114440918,5.980000019073486,5.800000190734863,5.849999904632568,47347100,0.0,0.0
2012-04-20 00:00:00-04:00,5.889999866485596,5.949999809265137,5.849999904632568,5.940000057220459,17610400,0.0,0.0
2012-04-23 00:00:00-04:00,5.949999809265137,5.980000019073486,5.809999942779541,5.860000133514404,15963500,0.0,0.0
2012-04-24 00:00:00-04:00,5.849999904632568,6.059999942779541,5.840000152587891,6.050000190734863,23033500,0.0,0.0
2012-04-25 00:00:00-04:00,6.090000152587891,6.150000095367432,6.070000171661377,6.150000095367432,19105400,0.0,0.0
2012-04-26 00:00:00-04:00,6.139999866485596,6.230000019073486,6.119999885559082,6.179999828338623,14484200,0.0,0.0
2012-04-27 00:00:00-04:00,6.21999979019165,6.300000190734863,6.150000095367432,6.269999980926514,16330600,0.0,0.0
2012-04-30 00:00:00-04:00,6.269999980926514,6.28000020980835,6.210000038146973,6.260000228881836,13619800,0.0,0.0
2012-05-01 00:00:00-04:00,6.25,6.349999904632568,6.199999809265137,6.260000228881836,15985400,0.0,0.0
2012-05-02 00:00:00-04:00,6.21999979019165,6.289999961853027,6.199999809265137,6.25,12852600,0.0,0.0
2012-05-03 00:00:00-04:00,6.28000020980835,6.28000020980835,6.210000038146973,6.21999979019165,9374900,0.0,0.0
2012-05-04 00:00:00-04:00,6.170000076293945,6.269999980926514,6.150000095367432,6.190000057220459,9649100,0.0,0.0
2012-05-07 00:00:00-04:00,6.159999847412109,6.369999885559082,6.139999866485596,6.309999942779541,22660300,0.0,0.0
2012-05-08 00:00:00-04:00,6.260000228881836,6.28000020980835,6.139999866485596,6.21999979019165,14175100,0.0,0.0
2012-05-09 00:00:00-04:00,6.159999847412109,6.230000019073486,6.130000114440918,6.170000076293945,11798600,0.0,0.0
2012-05-10 00:00:00-04:00,6.21999979019165,6.380000114440918,6.190000057220459,6.28000020980835,21491100,0.0,0.0
2012-05-11 00:00:00-04:00,6.260000228881836,6.369999885559082,6.21999979019165,6.309999942779541,18426900,0.0,0.0
2012-05-14 00:00:00-04:00,6.269999980926514,6.300000190734863,6.190000057220459,6.230000019073486,11185600,0.0,0.0
2012-05-15 00:00:00-04:00,6.190000057220459,6.25,6.110000133514404,6.139999866485596,10086300,0.0,0.0
2012-05-16 00:00:00-04:00,6.130000114440918,6.230000019073486,6.090000152587891,6.090000152587891,12549000,0.0,0.0
2012-05-17 00:00:00-04:00,6.079999923706055,6.110000133514404,6.03000020980835,6.099999904632568,19169100,0.0,0.0
2012-05-18 00:00:00-04:00,6.230000019073486,6.230000019073486,5.909999847412109,5.960000038146973,29480000,0.0,0.0
2012-05-21 00:00:00-04:00,6.0,6.059999942779541,5.960000038146973,5.989999771118164,10279700,0.0,0.0
2012-05-22 00:00:00-04:00,6.0,6.019999980926514,5.829999923706055,5.940000057220459,19168100,0.0,0.0
2012-05-23 00:00:00-04:00,5.880000114440918,5.940000057220459,5.78000020980835,5.909999847412109,10120700,0.0,0.0
2012-05-24 00:00:00-04:00,5.909999847412109,5.940000057220459,5.789999961853027,5.909999847412109,10044600,0.0,0.0
2012-05-25 00:00:00-04:00,5.840000152587891,5.920000076293945,5.829999923706055,5.869999885559082,8831000,0.0,0.0
2012-05-29 00:00:00-04:00,5.900000095367432,5.989999771118164,5.849999904632568,5.900000095367432,9046300,0.0,0.0
2012-05-30 00:00:00-04:00,5.820000171661377,5.880000114440918,5.75,5.769999980926514,7892000,0.0,0.0
2012-05-31 00:00:00-04:00,5.78000020980835,5.800000190734863,5.659999847412109,5.739999771118164,9120200,0.0,0.0
2012-06-01 00:00:00-04:00,5.659999847412109,5.710000038146973,5.610000133514404,5.610000133514404,9768200,0.0,0.0
2012-06-04 00:00:00-04:00,5.670000076293945,5.800000190734863,5.550000190734863,5.590000152587891,23623400,0.0,0.0
2012-06-05 00:00:00-04:00,5.550000190734863,5.610000133514404,5.53000020980835,5.570000171661377,13177900,0.0,0.0
2012-06-06 00:00:00-04:00,5.619999885559082,5.690000057220459,5.590000152587891,5.659999847412109,15077200,0.0,0.0
2012-06-07 00:00:00-04:00,5.650000095367432,5.75,5.639999866485596,5.659999847412109,9090300,0.0,0.0
2012-06-08 00:00:00-04:00,5.650000095367432,5.739999771118164,5.599999904632568,5.710000038146973,8755800,0.0,0.0
2012-06-11 00:00:00-04:00,5.760000228881836,5.78000020980835,5.639999866485596,5.679999828338623,11300100,0.0,0.0
2012-06-12 00:00:00-04:00,5.730000019073486,5.880000114440918,5.610000133514404,5.869999885559082,17406100,0.0,0.0
2012-06-13 00:00:00-04:00,5.840000152587891,5.889999866485596,5.710000038146973,5.710000038146973,11269700,0.0,0.0
2012-06-14 00:00:00-04:00,5.71999979019165,5.880000114440918,5.699999809265137,5.800000190734863,11687100,0.0,0.0
2012-06-15 00:00:00-04:00,5.840000152587891,5.949999809265137,5.78000020980835,5.949999809265137,20303000,0.0,0.0
2012-06-18 00:00:00-04:00,5.889999866485596,5.900000095367432,5.699999809265137,5.78000020980835,19882000,0.0,0.0
2012-06-19 00:00:00-04:00,5.809999942779541,5.900000095367432,5.78000020980835,5.789999961853027,16807400,0.0,0.0
2012-06-20 00:00:00-04:00,5.78000020980835,5.789999961853027,5.670000076293945,5.71999979019165,16780100,0.0,0.0
2012-06-21 00:00:00-04:00,5.730000019073486,5.760000228881836,5.599999904632568,5.619999885559082,11397000,0.0,0.0
2012-06-22 00:00:00-04:00,5.630000114440918,5.75,5.619999885559082,5.699999809265137,8373600,0.0,0.0
2012-06-25 00:00:00-04:00,5.650000095367432,5.659999847412109,5.510000228881836,5.519999980926514,9136100,0.0,0.0
2012-06-26 00:00:00-04:00,5.519999980926514,5.590000152587891,5.510000228881836,5.519999980926514,9023300,0.0,0.0
2012-06-27 00:00:00-04:00,5.550000190734863,5.679999828338623,5.489999771118164,5.639999866485596,9681000,0.0,0.0
2012-06-28 00:00:00-04:00,5.619999885559082,5.650000095367432,5.480000019073486,5.550000190734863,11891300,0.0,0.0
2012-06-29 00:00:00-04:00,5.639999866485596,5.690000057220459,5.630000114440918,5.670000076293945,12371300,0.0,0.0
2012-07-02 00:00:00-04:00,5.730000019073486,5.820000171661377,5.659999847412109,5.800000190734863,10627900,0.0,0.0
2012-07-03 00:00:00-04:00,5.78000020980835,5.809999942779541,5.739999771118164,5.800000190734863,4340500,0.0,0.0
2012-07-05 00:00:00-04:00,5.769999980926514,5.800000190734863,5.710000038146973,5.71999979019165,5967300,0.0,0.0
2012-07-06 00:00:00-04:00,5.650000095367432,5.699999809265137,5.619999885559082,5.650000095367432,5784400,0.0,0.0
2012-07-09 00:00:00-04:00,5.630000114440918,5.679999828338623,5.579999923706055,5.619999885559082,9399000,0.0,0.0
2012-07-10 00:00:00-04:00,5.659999847412109,5.679999828338623,5.510000228881836,5.510000228881836,18757800,0.0,0.0
2012-07-11 00:00:00-04:00,5.53000020980835,5.630000114440918,5.510000228881836,5.619999885559082,6697100,0.0,0.0
2012-07-12 00:00:00-04:00,5.579999923706055,5.610000133514404,5.53000020980835,5.570000171661377,7708400,0.0,0.0
2012-07-13 00:00:00-04:00,5.570000171661377,5.650000095367432,5.510000228881836,5.590000152587891,13106700,0.0,0.0
2012-07-16 00:00:00-04:00,5.559999942779541,5.590000152587891,5.480000019073486,5.570000171661377,12623100,0.0,0.0
2012-07-17 00:00:00-04:00,5.579999923706055,5.639999866485596,5.519999980926514,5.630000114440918,6497200,0.0,0.0
2012-07-18 00:00:00-04:00,5.550000190734863,5.630000114440918,5.510000228881836,5.559999942779541,13726900,0.0,0.0
2012-07-19 00:00:00-04:00,5.579999923706055,5.599999904632568,5.510000228881836,5.579999923706055,12218300,0.0,0.0
2012-07-20 00:00:00-04:00,5.550000190734863,5.550000190734863,5.380000114440918,5.380000114440918,8437100,0.0,0.0
2012-07-23 00:00:00-04:00,5.349999904632568,5.369999885559082,5.260000228881836,5.260000228881836,11370400,0.0,0.0
2012-07-24 00:00:00-04:00,5.269999980926514,5.329999923706055,5.159999847412109,5.199999809265137,10307900,0.0,0.0
2012-07-25 00:00:00-04:00,5.230000019073486,5.340000152587891,5.150000095367432,5.329999923706055,12892000,0.0,0.0
2012-07-26 00:00:00-04:00,5.199999809265137,5.289999961853027,4.789999961853027,4.96999979019165,75284300,0.0,0.0
2012-07-27 00:00:00-04:00,5.019999980926514,5.230000019073486,5.0,5.21999979019165,24394000,0.0,0.0
2012-07-30 00:00:00-04:00,5.179999828338623,5.21999979019165,5.099999904632568,5.159999847412109,18891100,0.0,0.0
2012-07-31 00:00:00-04:00,5.139999866485596,5.230000019073486,5.139999866485596,5.170000076293945,15995800,0.0,0.0
2012-08-01 00:00:00-04:00,5.179999828338623,5.289999961853027,5.170000076293945,5.210000038146973,20461200,0.0,0.0
2012-08-02 00:00:00-04:00,5.150000095367432,5.179999828338623,5.099999904632568,5.119999885559082,12868600,0.0,0.0
2012-08-03 00:00:00-04:00,5.329999923706055,5.340000152587891,5.239999771118164,5.309999942779541,22398000,0.0,0.0
2012-08-06 00:00:00-04:00,5.320000171661377,5.329999923706055,5.239999771118164,5.260000228881836,26992500,0.0,0.0
2012-08-07 00:00:00-04:00,5.28000020980835,5.369999885559082,5.25,5.329999923706055,21733700,0.0,0.0
2012-08-08 00:00:00-04:00,5.329999923706055,5.429999828338623,5.28000020980835,5.380000114440918,15994000,0.0,0.0
2012-08-09 00:00:00-04:00,5.380000114440918,5.5,5.360000133514404,5.5,18406900,0.0,0.0
2012-08-10 00:00:00-04:00,5.489999771118164,5.559999942779541,5.440000057220459,5.539999961853027,16014300,0.0,0.0
2012-08-13 00:00:00-04:00,5.510000228881836,5.539999961853027,5.440000057220459,5.510000228881836,7541800,0.0,0.0
2012-08-14 00:00:00-04:00,5.53000020980835,5.539999961853027,5.429999828338623,5.460000038146973,8500100,0.0,0.0
2012-08-15 00:00:00-04:00,5.449999809265137,5.550000190734863,5.440000057220459,5.53000020980835,7486200,0.0,0.0
2012-08-16 00:00:00-04:00,5.53000020980835,5.579999923706055,5.489999771118164,5.510000228881836,14705200,0.0,0.0
2012-08-17 00:00:00-04:00,5.480000019073486,5.610000133514404,5.480000019073486,5.590000152587891,17967500,0.0,0.0
2012-08-20 00:00:00-04:00,5.559999942779541,5.639999866485596,5.550000190734863,5.610000133514404,9438100,0.0,0.0
2012-08-21 00:00:00-04:00,5.599999904632568,5.699999809265137,5.590000152587891,5.630000114440918,13182600,0.0,0.0
2012-08-22 00:00:00-04:00,5.599999904632568,5.639999866485596,5.46999979019165,5.519999980926514,14147100,0.0,0.0
2012-08-23 00:00:00-04:00,5.510000228881836,5.53000020980835,5.369999885559082,5.400000095367432,10371700,0.0,0.0
2012-08-24 00:00:00-04:00,5.389999866485596,5.53000020980835,5.380000114440918,5.5,9515100,0.0,0.0
2012-08-27 00:00:00-04:00,5.460000038146973,5.53000020980835,5.420000076293945,5.429999828338623,9969800,0.0,0.0
2012-08-28 00:00:00-04:00,5.420000076293945,5.5,5.420000076293945,5.480000019073486,6260200,0.0,0.0
2012-08-29 00:00:00-04:00,5.46999979019165,5.579999923706055,5.460000038146973,5.550000190734863,10490200,0.0,0.0
2012-08-30 00:00:00-04:00,5.510000228881836,5.53000020980835,5.420000076293945,5.429999828338623,6443600,0.0,0.0
2012-08-31 00:00:00-04:00,5.460000038146973,5.510000228881836,5.389999866485596,5.400000095367432,8957800,0.0,0.0
2012-09-04 00:00:00-04:00,5.380000114440918,5.440000057220459,5.369999885559082,5.409999847412109,11650900,0.0,0.0
2012-09-05 00:00:00-04:00,5.429999828338623,5.539999961853027,5.340000152587891,5.519999980926514,15260600,0.0,0.0
2012-09-06 00:00:00-04:00,5.550000190734863,5.619999885559082,5.510000228881836,5.550000190734863,13140700,0.0,0.0
2012-09-07 00:00:00-04:00,5.570000171661377,5.639999866485596,5.510000228881836,5.630000114440918,16101500,0.0,0.0
2012-09-10 00:00:00-04:00,5.630000114440918,5.670000076293945,5.579999923706055,5.599999904632568,7706200,0.0,0.0
2012-09-11 00:00:00-04:00,5.590000152587891,5.670000076293945,5.539999961853027,5.579999923706055,8394600,0.0,0.0
2012-09-12 00:00:00-04:00,5.590000152587891,5.690000057220459,5.579999923706055,5.639999866485596,8906800,0.0,0.0
2012-09-13 00:00:00-04:00,5.639999866485596,5.800000190734863,5.590000152587891,5.78000020980835,8768000,0.0,0.0
2012-09-14 00:00:00-04:00,5.75,5.880000114440918,5.739999771118164,5.820000171661377,9107400,0.0,0.0
2012-09-17 00:00:00-04:00,5.800000190734863,5.829999923706055,5.730000019073486,5.78000020980835,7124400,0.0,0.0
2012-09-18 00:00:00-04:00,5.590000152587891,5.789999961853027,5.550000190734863,5.75,15843700,0.0,0.0
2012-09-19 00:00:00-04:00,5.78000020980835,5.889999866485596,5.71999979019165,5.760000228881836,14800500,0.0,0.0
2012-09-20 00:00:00-04:00,5.730000019073486,5.820000171661377,5.710000038146973,5.789999961853027,8050300,0.0,0.0
2012-09-21 00:00:00-04:00,5.809999942779541,5.840000152587891,5.769999980926514,5.789999961853027,7772000,0.0,0.0
2012-09-24 00:00:00-04:00,5.769999980926514,5.789999961853027,5.639999866485596,5.639999866485596,20050200,0.0,0.0
2012-09-25 00:00:00-04:00,5.679999828338623,5.75,5.619999885559082,5.630000114440918,19246500,0.0,0.0
2012-09-26 00:00:00-04:00,5.630000114440918,5.659999847412109,5.550000190734863,5.610000133514404,6393400,0.0,0.0
2012-09-27 00:00:00-04:00,5.639999866485596,5.710000038146973,5.599999904632568,5.659999847412109,8741300,0.0,0.0
2012-09-28 00:00:00-04:00,5.630000114440918,5.75,5.579999923706055,5.739999771118164,9907800,0.0,0.0
2012-10-01 00:00:00-04:00,5.760000228881836,5.78000020980835,5.630000114440918,5.690000057220459,14230900,0.0,0.0
2012-10-02 00:00:00-04:00,5.690000057220459,5.699999809265137,5.590000152587891,5.659999847412109,8640900,0.0,0.0
2012-10-03 00:00:00-04:00,5.670000076293945,5.71999979019165,5.630000114440918,5.690000057220459,10898100,0.0,0.0
2012-10-04 00:00:00-04:00,5.739999771118164,5.840000152587891,5.690000057220459,5.809999942779541,7262900,0.0,0.0
2012-10-05 00:00:00-04:00,5.849999904632568,5.900000095367432,5.730000019073486,5.760000228881836,12382500,0.0,0.0
2012-10-08 00:00:00-04:00,5.760000228881836,5.78000020980835,5.710000038146973,5.75,4429000,0.0,0.0
2012-10-09 00:00:00-04:00,5.730000019073486,5.75,5.590000152587891,5.599999904632568,6842300,0.0,0.0
2012-10-10 00:00:00-04:00,5.590000152587891,5.619999885559082,5.510000228881836,5.570000171661377,6152600,0.0,0.0
2012-10-11 00:00:00-04:00,5.619999885559082,5.739999771118164,5.570000171661377,5.579999923706055,13178300,0.0,0.0
2012-10-12 00:00:00-04:00,5.579999923706055,5.679999828338623,5.5,5.570000171661377,13269800,0.0,0.0
2012-10-15 00:00:00-04:00,5.599999904632568,5.630000114440918,5.539999961853027,5.630000114440918,6332800,0.0,0.0
2012-10-16 00:00:00-04:00,5.659999847412109,5.71999979019165,5.619999885559082,5.659999847412109,5922000,0.0,0.0
2012-10-17 00:00:00-04:00,5.639999866485596,5.690000057220459,5.519999980926514,5.619999885559082,12931000,0.0,0.0
2012-10-18 00:00:00-04:00,5.5,5.539999961853027,5.349999904632568,5.400000095367432,31549400,0.0,0.0
2012-10-19 00:00:00-04:00,5.360000133514404,5.400000095367432,5.179999828338623,5.21999979019165,18667500,0.0,0.0
2012-10-22 00:00:00-04:00,5.230000019073486,5.329999923706055,5.190000057220459,5.230000019073486,18844700,0.0,0.0
2012-10-23 00:00:00-04:00,5.150000095367432,5.260000228881836,5.099999904632568,5.099999904632568,24070100,0.0,0.0
2012-10-24 00:00:00-04:00,5.170000076293945,5.21999979019165,5.070000171661377,5.070000171661377,15351600,0.0,0.0
2012-10-25 00:00:00-04:00,5.150000095367432,5.190000057220459,5.070000171661377,5.119999885559082,10309500,0.0,0.0
2012-10-26 00:00:00-04:00,5.050000190734863,5.199999809265137,5.039999961853027,5.170000076293945,15638500,0.0,0.0
2012-10-31 00:00:00-04:00,5.150000095367432,5.170000076293945,5.070000171661377,5.139999866485596,5820600,0.0,0.0
2012-11-01 00:00:00-04:00,5.099999904632568,5.239999771118164,5.099999904632568,5.239999771118164,9272800,0.0,0.0
2012-11-02 00:00:00-04:00,5.230000019073486,5.260000228881836,5.170000076293945,5.199999809265137,8792200,0.0,0.0
2012-11-05 00:00:00-05:00,5.199999809265137,5.349999904632568,5.170000076293945,5.340000152587891,14723800,0.0,0.0
2012-11-06 00:00:00-05:00,5.329999923706055,5.449999809265137,5.309999942779541,5.349999904632568,11915000,0.0,0.0
2012-11-07 00:00:00-05:00,5.309999942779541,5.320000171661377,5.130000114440918,5.159999847412109,10789700,0.0,0.0
2012-11-08 00:00:00-05:00,5.159999847412109,5.210000038146973,5.079999923706055,5.079999923706055,12358200,0.0,0.0
2012-11-09 00:00:00-05:00,5.079999923706055,5.239999771118164,5.079999923706055,5.150000095367432,13507300,0.0,0.0
2012-11-12 00:00:00-05:00,5.170000076293945,5.21999979019165,5.150000095367432,5.210000038146973,7816100,0.0,0.0
2012-11-13 00:00:00-05:00,5.199999809265137,5.329999923706055,5.179999828338623,5.190000057220459,15141000,0.0,0.0
2012-11-14 00:00:00-05:00,5.21999979019165,5.28000020980835,5.110000133514404,5.119999885559082,10508500,0.0,0.0
2012-11-15 00:00:00-05:00,5.119999885559082,5.170000076293945,5.090000152587891,5.110000133514404,8762400,0.0,0.0
2012-11-16 00:00:00-05:00,5.119999885559082,5.199999809265137,5.099999904632568,5.139999866485596,10518000,0.0,0.0
2012-11-19 00:00:00-05:00,5.210000038146973,5.239999771118164,5.170000076293945,5.210000038146973,8160800,0.0,0.0
2012-11-20 00:00:00-05:00,5.25,5.340000152587891,5.179999828338623,5.230000019073486,23745000,0.0,0.0
2012-11-21 00:00:00-05:00,5.21999979019165,5.53000020980835,5.179999828338623,5.5,52526500,0.0,0.0
2012-11-23 00:00:00-05:00,5.510000228881836,5.639999866485596,5.460000038146973,5.590000152587891,14303500,0.0,0.0
2012-11-26 00:00:00-05:00,5.650000095367432,5.860000133514404,5.590000152587891,5.659999847412109,40267900,0.0,0.0
2012-11-27 00:00:00-05:00,5.610000133514404,5.739999771118164,5.5,5.630000114440918,22242500,0.0,0.0
2012-11-28 00:00:00-05:00,5.599999904632568,5.71999979019165,5.570000171661377,5.690000057220459,15199900,0.0,0.0
2012-11-29 00:00:00-05:00,5.699999809265137,5.769999980926514,5.590000152587891,5.630000114440918,13557800,0.0,0.0
2012-11-30 00:00:00-05:00,5.679999828338623,5.699999809265137,5.519999980926514,5.539999961853027,19755500,0.0,0.0
2012-12-03 00:00:00-05:00,5.670000076293945,5.679999828338623,5.519999980926514,5.519999980926514,16004700,0.0,0.0
2012-12-04 00:00:00-05:00,5.599999904632568,5.610000133514404,5.510000228881836,5.550000190734863,15791900,0.0,0.0
2012-12-05 00:00:00-05:00,5.559999942779541,5.619999885559082,5.539999961853027,5.570000171661377,14839100,0.0,0.0
2012-12-06 00:00:00-05:00,5.590000152587891,5.630000114440918,5.550000190734863,5.590000152587891,16045000,0.0,0.0
2012-12-07 00:00:00-05:00,5.619999885559082,5.630000114440918,5.460000038146973,5.599999904632568,18709900,0.0,0.0
2012-12-10 00:00:00-05:00,5.559999942779541,5.730000019073486,5.53000020980835,5.710000038146973,15155600,0.0,0.0
2012-12-11 00:00:00-05:00,5.71999979019165,5.739999771118164,5.639999866485596,5.739999771118164,11048800,0.0,0.0
2012-12-12 00:00:00-05:00,5.78000020980835,5.78000020980835,5.659999847412109,5.670000076293945,10507400,0.0,0.0
2012-12-13 00:00:00-05:00,5.690000057220459,5.71999979019165,5.610000133514404,5.630000114440918,11732800,0.0,0.0
2012-12-14 00:00:00-05:00,5.75,5.769999980926514,5.599999904632568,5.670000076293945,10160700,0.0,0.0
2012-12-17 00:00:00-05:00,5.670000076293945,5.75,5.630000114440918,5.739999771118164,10216900,0.0,0.0
2012-12-18 00:00:00-05:00,5.760000228881836,5.800000190734863,5.710000038146973,5.789999961853027,10967100,0.0,0.0
2012-12-19 00:00:00-05:00,5.789999961853027,5.800000190734863,5.71999979019165,5.739999771118164,7773800,0.0,0.0
2012-12-20 00:00:00-05:00,5.760000228881836,5.840000152587891,5.730000019073486,5.809999942779541,8219500,0.0,0.0
2012-12-21 00:00:00-05:00,5.769999980926514,5.820000171661377,5.699999809265137,5.820000171661377,16953100,0.0,0.0
2012-12-24 00:00:00-05:00,5.800000190734863,5.809999942779541,5.730000019073486,5.78000020980835,4115300,0.0,0.0
2012-12-26 00:00:00-05:00,5.78000020980835,5.78000020980835,5.659999847412109,5.699999809265137,7938400,0.0,0.0
2012-12-27 00:00:00-05:00,5.690000057220459,5.730000019073486,5.570000171661377,5.699999809265137,8082300,0.0,0.0
2012-12-28 00:00:00-05:00,5.659999847412109,5.679999828338623,5.559999942779541,5.579999923706055,5937800,0.0,0.0
2012-12-31 00:00:00-05:00,5.570000171661377,5.760000228881836,5.53000020980835,5.730000019073486,10146300,0.0,0.0
2013-01-02 00:00:00-05:00,5.860000133514404,5.900000095367432,5.760000228881836,5.889999866485596,12050300,0.0,0.0
2013-01-03 00:00:00-05:00,5.920000076293945,5.989999771118164,5.809999942779541,5.949999809265137,12251000,0.0,0.0
2013-01-04 00:00:00-05:00,5.949999809265137,6.010000228881836,5.860000133514404,5.920000076293945,15409900,0.0,0.0
2013-01-07 00:00:00-05:00,5.920000076293945,6.070000171661377,5.920000076293945,5.980000019073486,24078600,0.0,0.0
2013-01-08 00:00:00-05:00,6.0,6.199999809265137,5.989999771118164,6.119999885559082,27219300,0.0,0.0
2013-01-09 00:00:00-05:00,6.150000095367432,6.320000171661377,6.059999942779541,6.28000020980835,24853100,0.0,0.0
2013-01-10 00:00:00-05:00,6.340000152587891,6.340000152587891,6.170000076293945,6.300000190734863,17988500,0.0,0.0
2013-01-11 00:00:00-05:00,6.320000171661377,6.380000114440918,6.25,6.360000133514404,10968200,0.0,0.0
2013-01-14 00:00:00-05:00,6.329999923706055,6.440000057220459,6.28000020980835,6.320000171661377,10774700,0.0,0.0
2013-01-15 00:00:00-05:00,6.380000114440918,6.570000171661377,6.360000133514404,6.510000228881836,34951500,0.0,0.0
2013-01-16 00:00:00-05:00,6.5,6.510000228881836,6.400000095367432,6.449999809265137,15030500,0.0,0.0
2013-01-17 00:00:00-05:00,6.46999979019165,6.659999847412109,6.460000038146973,6.610000133514404,21646200,0.0,0.0
2013-01-18 00:00:00-05:00,6.630000114440918,6.710000038146973,6.559999942779541,6.699999809265137,25675800,0.0,0.0
2013-01-22 00:00:00-05:00,6.699999809265137,6.880000114440918,6.650000095367432,6.860000133514404,23912600,0.0,0.0
2013-01-23 00:00:00-05:00,6.860000133514404,6.889999866485596,6.730000019073486,6.860000133514404,23513000,0.0,0.0
2013-01-24 00:00:00-05:00,6.840000152587891,6.929999828338623,6.71999979019165,6.840000152587891,30283600,0.0,0.0
2013-01-25 00:00:00-05:00,6.880000114440918,6.909999847412109,6.789999961853027,6.860000133514404,21277100,0.0,0.0
2013-01-28 00:00:00-05:00,6.860000133514404,6.920000076293945,6.789999961853027,6.860000133514404,23663700,0.0,0.0
2013-01-29 00:00:00-05:00,7.25,7.429999828338623,7.050000190734863,7.099999904632568,70430400,0.0,0.0
2013-01-30 00:00:00-05:00,7.119999885559082,7.380000114440918,7.099999904632568,7.309999942779541,44079300,0.0,0.0
2013-01-31 00:00:00-05:00,7.329999923706055,7.53000020980835,7.269999980926514,7.46999979019165,35790200,0.0,0.0
2013-02-01 00:00:00-05:00,7.510000228881836,7.679999828338623,7.480000019073486,7.639999866485596,34982600,0.0,0.0
2013-02-04 00:00:00-05:00,7.590000152587891,7.590000152587891,7.429999828338623,7.449999809265137,27813000,0.0,0.0
2013-02-05 00:00:00-05:00,7.510000228881836,7.71999979019165,7.489999771118164,7.670000076293945,31186800,0.0,0.0
2013-02-06 00:00:00-05:00,7.650000095367432,7.690000057220459,7.53000020980835,7.659999847412109,30719000,0.0,0.0
2013-02-07 00:00:00-05:00,7.670000076293945,7.710000038146973,7.590000152587891,7.639999866485596,22255200,0.0,0.0
2013-02-08 00:00:00-05:00,7.639999866485596,7.730000019073486,7.579999923706055,7.699999809265137,16664100,0.0,0.0
2013-02-11 00:00:00-05:00,7.699999809265137,7.71999979019165,7.590000152587891,7.630000114440918,25170900,0.0,0.0
2013-02-12 00:00:00-05:00,7.670000076293945,7.730000019073486,7.53000020980835,7.590000152587891,29098700,0.0,0.0
2013-02-13 00:00:00-05:00,7.599999904632568,7.619999885559082,7.309999942779541,7.449999809265137,34767800,0.0,0.0
2013-02-14 00:00:00-05:00,7.400000095367432,7.619999885559082,7.360000133514404,7.53000020980835,24557500,0.0,0.0
2013-02-15 00:00:00-05:00,7.510000228881836,7.559999942779541,7.440000057220459,7.539999961853027,17838800,0.0,0.0
2013-02-19 00:00:00-05:00,7.489999771118164,7.53000020980835,7.360000133514404,7.5,20657400,0.0,0.0
2013-02-20 00:00:00-05:00,7.480000019073486,7.539999961853027,7.28000020980835,7.289999961853027,23769300,0.0,0.0
2013-02-21 00:00:00-05:00,7.260000228881836,7.349999904632568,7.170000076293945,7.260000228881836,21821100,0.0,0.0
2013-02-22 00:00:00-05:00,7.269999980926514,7.400000095367432,7.21999979019165,7.369999885559082,16170300,0.0,0.0
2013-02-25 00:00:00-05:00,7.400000095367432,7.46999979019165,7.21999979019165,7.230000019073486,14461200,0.0,0.0
2013-02-26 00:00:00-05:00,7.239999771118164,7.340000152587891,7.179999828338623,7.309999942779541,19867900,0.0,0.0
2013-02-27 00:00:00-05:00,7.269999980926514,7.400000095367432,7.170000076293945,7.329999923706055,18302500,0.0,0.0
2013-02-28 00:00:00-05:00,7.309999942779541,7.449999809265137,7.289999961853027,7.389999866485596,16258300,0.0,0.0
2013-03-01 00:00:00-05:00,7.349999904632568,7.429999828338623,7.260000228881836,7.369999885559082,15922900,0.0,0.0
2013-03-04 00:00:00-05:00,7.369999885559082,7.400000095367432,7.239999771118164,7.360000133514404,16031400,0.0,0.0
2013-03-05 00:00:00-05:00,7.400000095367432,7.440000057220459,7.28000020980835,7.380000114440918,15437500,0.0,0.0
2013-03-06 00:00:00-05:00,7.429999828338623,7.619999885559082,7.349999904632568,7.519999980926514,25952900,0.0,0.0
2013-03-07 00:00:00-05:00,7.53000020980835,7.599999904632568,7.420000076293945,7.429999828338623,11564600,0.0,0.0
2013-03-08 00:00:00-05:00,7.449999809265137,7.570000171661377,7.409999847412109,7.489999771118164,11780900,0.0,0.0
2013-03-11 00:00:00-04:00,7.46999979019165,7.519999980926514,7.329999923706055,7.5,13266900,0.0,0.0
2013-03-12 00:00:00-04:00,7.480000019073486,7.650000095367432,7.460000038146973,7.590000152587891,19515100,0.0,0.0
2013-03-13 00:00:00-04:00,7.579999923706055,7.579999923706055,7.449999809265137,7.53000020980835,7493500,0.0,0.0
2013-03-14 00:00:00-04:00,7.579999923706055,7.579999923706055,7.480000019073486,7.519999980926514,8533700,0.0,0.0
2013-03-15 00:00:00-04:00,7.480000019073486,7.489999771118164,7.360000133514404,7.389999866485596,13345300,0.0,0.0
2013-03-18 00:00:00-04:00,7.300000190734863,7.389999866485596,7.300000190734863,7.320000171661377,9509900,0.0,0.0
2013-03-19 00:00:00-04:00,7.349999904632568,7.429999828338623,7.239999771118164,7.269999980926514,11274200,0.0,0.0
2013-03-20 00:00:00-04:00,7.309999942779541,7.519999980926514,7.300000190734863,7.449999809265137,14122300,0.0,0.0
2013-03-21 00:00:00-04:00,7.409999847412109,7.489999771118164,7.349999904632568,7.369999885559082,15274100,0.0,0.0
2013-03-22 00:00:00-04:00,7.380000114440918,7.480000019073486,7.349999904632568,7.400000095367432,10343400,0.0,0.0
2013-03-25 00:00:00-04:00,7.420000076293945,7.429999828338623,7.289999961853027,7.320000171661377,11806300,0.0,0.0
2013-03-26 00:00:00-04:00,7.320000171661377,7.460000038146973,7.28000020980835,7.440000057220459,14321900,0.0,0.0
2013-03-27 00:00:00-04:00,7.380000114440918,7.71999979019165,7.309999942779541,7.650000095367432,43986800,0.0,0.0
2013-03-28 00:00:00-04:00,7.650000095367432,7.849999904632568,7.599999904632568,7.809999942779541,49193600,0.0,0.0
2013-04-01 00:00:00-04:00,7.829999923706055,7.860000133514404,7.71999979019165,7.800000190734863,29655600,0.0,0.0
2013-04-02 00:00:00-04:00,7.829999923706055,7.949999809265137,7.800000190734863,7.889999866485596,14036700,0.0,0.0
2013-04-03 00:00:00-04:00,7.789999961853027,7.849999904632568,7.690000057220459,7.75,19796800,0.0,0.0
2013-04-04 00:00:00-04:00,7.769999980926514,7.940000057220459,7.71999979019165,7.920000076293945,19237100,0.0,0.0
2013-04-05 00:00:00-04:00,7.820000171661377,7.909999847412109,7.769999980926514,7.860000133514404,15631000,0.0,0.0
2013-04-08 00:00:00-04:00,7.829999923706055,7.869999885559082,7.739999771118164,7.809999942779541,20338600,0.0,0.0
2013-04-09 00:00:00-04:00,7.840000152587891,7.880000114440918,7.789999961853027,7.820000171661377,13054300,0.0,0.0
2013-04-10 00:00:00-04:00,7.829999923706055,7.869999885559082,7.78000020980835,7.789999961853027,13607000,0.0,0.0
2013-04-11 00:00:00-04:00,7.820000171661377,7.909999847412109,7.650000095367432,7.670000076293945,22500500,0.0,0.0
2013-04-12 00:00:00-04:00,7.679999828338623,7.760000228881836,7.610000133514404,7.659999847412109,29404000,0.0,0.0
2013-04-15 00:00:00-04:00,7.630000114440918,7.690000057220459,7.460000038146973,7.46999979019165,14095800,0.0,0.0
2013-04-16 00:00:00-04:00,7.5,7.539999961853027,7.28000020980835,7.429999828338623,20330800,0.0,0.0
2013-04-17 00:00:00-04:00,7.360000133514404,7.400000095367432,7.179999828338623,7.28000020980835,18504600,0.0,0.0
2013-04-18 00:00:00-04:00,7.269999980926514,7.289999961853027,7.070000171661377,7.090000152587891,17823100,0.0,0.0
2013-04-19 00:00:00-04:00,7.179999828338623,7.309999942779541,7.130000114440918,7.269999980926514,17330500,0.0,0.0
2013-04-22 00:00:00-04:00,7.260000228881836,7.320000171661377,7.190000057220459,7.269999980926514,9739000,0.0,0.0
2013-04-23 00:00:00-04:00,7.289999961853027,7.420000076293945,7.28000020980835,7.349999904632568,10811300,0.0,0.0
2013-04-24 00:00:00-04:00,7.349999904632568,7.429999828338623,7.300000190734863,7.360000133514404,15120200,0.0,0.0
2013-04-25 00:00:00-04:00,7.349999904632568,7.579999923706055,7.289999961853027,7.539999961853027,44506100,0.0,0.0
2013-04-26 00:00:00-04:00,7.599999904632568,7.659999847412109,7.380000114440918,7.449999809265137,17130800,0.0,0.0
2013-04-29 00:00:00-04:00,7.449999809265137,7.53000020980835,7.440000057220459,7.489999771118164,6824800,0.0,0.0
2013-04-30 00:00:00-04:00,7.440000057220459,7.53000020980835,7.409999847412109,7.489999771118164,16287400,0.0,0.0
2013-05-01 00:00:00-04:00,7.46999979019165,7.610000133514404,7.449999809265137,7.489999771118164,12945600,0.0,0.0
2013-05-02 00:00:00-04:00,7.519999980926514,7.679999828338623,7.480000019073486,7.610000133514404,12569000,0.0,0.0
2013-05-03 00:00:00-04:00,7.699999809265137,7.760000228881836,7.650000095367432,7.690000057220459,10444500,0.0,0.0
2013-05-06 00:00:00-04:00,7.690000057220459,7.78000020980835,7.519999980926514,7.739999771118164,8083900,0.0,0.0
2013-05-07 00:00:00-04:00,7.739999771118164,7.760000228881836,7.630000114440918,7.690000057220459,8469600,0.0,0.0
2013-05-08 00:00:00-04:00,7.690000057220459,7.860000133514404,7.670000076293945,7.849999904632568,13150000,0.0,0.0
2013-05-09 00:00:00-04:00,7.869999885559082,8.319999694824219,7.869999885559082,8.300000190734863,32390500,0.0,0.0
2013-05-10 00:00:00-04:00,8.489999771118164,8.59000015258789,8.359999656677246,8.449999809265137,29974600,0.0,0.0
2013-05-13 00:00:00-04:00,8.399999618530273,8.84000015258789,8.390000343322754,8.649999618530273,29685200,0.0,0.0
2013-05-14 00:00:00-04:00,8.670000076293945,8.739999771118164,8.550000190734863,8.699999809265137,28730700,0.0,0.0
2013-05-15 00:00:00-04:00,8.699999809265137,9.130000114440918,8.699999809265137,9.100000381469727,28149100,0.0,0.0
2013-05-16 00:00:00-04:00,9.170000076293945,9.180000305175781,8.960000038146973,9.039999961853027,36964000,0.0,0.0
2013-05-17 00:00:00-04:00,8.979999542236328,9.140000343322754,8.970000267028809,9.100000381469727,23520700,0.0,0.0
2013-05-20 00:00:00-04:00,9.149999618530273,9.380000114440918,9.119999885559082,9.25,20048700,0.0,0.0
2013-05-21 00:00:00-04:00,9.270000457763672,9.390000343322754,9.180000305175781,9.229999542236328,31314800,0.0,0.0
2013-05-22 00:00:00-04:00,9.25,9.34000015258789,9.100000381469727,9.130000114440918,32703400,0.0,0.0
2013-05-23 00:00:00-04:00,9.029999732971191,9.199999809265137,8.920000076293945,9.15999984741211,23811400,0.0,0.0
2013-05-24 00:00:00-04:00,9.079999923706055,9.170000076293945,9.039999961853027,9.079999923706055,18912200,0.0,0.0
2013-05-28 00:00:00-04:00,9.1899995803833,9.319999694824219,9.149999618530273,9.220000267028809,15846700,0.0,0.0
2013-05-29 00:00:00-04:00,9.170000076293945,9.239999771118164,9.079999923706055,9.15999984741211,12454900,0.0,0.0
2013-05-30 00:00:00-04:00,9.180000305175781,9.289999961853027,9.130000114440918,9.270000457763672,13489300,0.0,0.0
2013-05-31 00:00:00-04:00,9.229999542236328,9.5,9.220000267028809,9.239999771118164,26375600,0.0,0.0
2013-06-03 00:00:00-04:00,9.25,9.430000305175781,9.15999984741211,9.40999984741211,17482400,0.0,0.0
2013-06-04 00:00:00-04:00,9.369999885559082,9.390000343322754,9.149999618530273,9.149999618530273,21661400,0.0,0.0
2013-06-05 00:00:00-04:00,9.140000343322754,9.199999809265137,8.970000267028809,9.0,20455300,0.0,0.0
2013-06-06 00:00:00-04:00,9.0,9.199999809265137,8.930000305175781,9.180000305175781,27854500,0.0,0.0
2013-06-07 00:00:00-04:00,9.25,9.399999618530273,9.199999809265137,9.300000190734863,12822000,0.0,0.0
2013-06-10 00:00:00-04:00,9.329999923706055,9.479999542236328,9.260000228881836,9.449999809265137,12655200,0.0,0.0
2013-06-11 00:00:00-04:00,9.329999923706055,9.609999656677246,9.270000457763672,9.4399995803833,14084500,0.0,0.0
2013-06-12 00:00:00-04:00,9.529999732971191,9.550000190734863,9.380000114440918,9.420000076293945,9231600,0.0,0.0
2013-06-13 00:00:00-04:00,9.390000343322754,9.600000381469727,9.329999923706055,9.579999923706055,9989600,0.0,0.0
2013-06-14 00:00:00-04:00,9.550000190734863,9.640000343322754,9.470000267028809,9.510000228881836,6549600,0.0,0.0
2013-06-17 00:00:00-04:00,9.539999961853027,9.75,9.539999961853027,9.640000343322754,9841500,0.0,0.0
2013-06-18 00:00:00-04:00,9.640000343322754,9.680000305175781,9.510000228881836,9.539999961853027,12205400,0.0,0.0
2013-06-19 00:00:00-04:00,9.569999694824219,9.630000114440918,9.350000381469727,9.399999618530273,14413300,0.0,0.0
2013-06-20 00:00:00-04:00,9.34000015258789,9.420000076293945,9.069999694824219,9.109999656677246,16457400,0.0,0.0
2013-06-21 00:00:00-04:00,9.210000038146973,9.289999961853027,9.010000228881836,9.140000343322754,16961700,0.0,0.0
2013-06-24 00:00:00-04:00,9.069999694824219,9.229999542236328,8.949999809265137,9.210000038146973,18266600,0.0,0.0
2013-06-25 00:00:00-04:00,9.3100004196167,9.40999984741211,9.020000457763672,9.029999732971191,28868600,0.0,0.0
2013-06-26 00:00:00-04:00,9.130000114440918,9.359999656677246,9.109999656677246,9.25,27822100,0.0,0.0
2013-06-27 00:00:00-04:00,9.399999618530273,9.449999809265137,9.1899995803833,9.220000267028809,14998800,0.0,0.0
2013-06-28 00:00:00-04:00,9.210000038146973,9.399999618530273,9.210000038146973,9.270000457763672,20589600,0.0,0.0
2013-07-01 00:00:00-04:00,9.319999694824219,9.420000076293945,9.1899995803833,9.369999885559082,21847800,0.0,0.0
2013-07-02 00:00:00-04:00,9.34000015258789,9.399999618530273,9.140000343322754,9.170000076293945,25582800,0.0,0.0
2013-07-03 00:00:00-04:00,9.149999618530273,9.210000038146973,9.050000190734863,9.149999618530273,11119300,0.0,0.0
2013-07-05 00:00:00-04:00,9.1899995803833,9.3100004196167,9.170000076293945,9.300000190734863,6418700,0.0,0.0
2013-07-08 00:00:00-04:00,9.1899995803833,9.369999885559082,9.15999984741211,9.369999885559082,16081300,0.0,0.0
2013-07-09 00:00:00-04:00,9.319999694824219,9.369999885559082,9.149999618530273,9.149999618530273,18793500,0.0,0.0
2013-07-10 00:00:00-04:00,9.130000114440918,9.270000457763672,9.100000381469727,9.229999542236328,18375600,0.0,0.0
2013-07-11 00:00:00-04:00,9.350000381469727,9.5,9.1899995803833,9.460000038146973,14516900,0.0,0.0
2013-07-12 00:00:00-04:00,9.430000305175781,9.699999809265137,9.380000114440918,9.609999656677246,15067800,0.0,0.0
2013-07-15 00:00:00-04:00,9.59000015258789,9.619999885559082,9.479999542236328,9.569999694824219,8086200,0.0,0.0
2013-07-16 00:00:00-04:00,9.59000015258789,9.619999885559082,9.420000076293945,9.470000267028809,6365500,0.0,0.0
2013-07-17 00:00:00-04:00,9.510000228881836,9.800000190734863,9.479999542236328,9.539999961853027,19245600,0.0,0.0
2013-07-18 00:00:00-04:00,9.579999923706055,9.65999984741211,9.529999732971191,9.600000381469727,15879700,0.0,0.0
2013-07-19 00:00:00-04:00,9.609999656677246,9.779999732971191,9.529999732971191,9.670000076293945,11056500,0.0,0.0
2013-07-22 00:00:00-04:00,9.649999618530273,10.109999656677246,9.640000343322754,10.020000457763672,25315700,0.0,0.0
2013-07-23 00:00:00-04:00,10.0600004196167,10.0600004196167,9.699999809265137,9.699999809265137,19490700,0.0,0.0
2013-07-24 00:00:00-04:00,9.75,9.800000190734863,9.600000381469727,9.609999656677246,16030000,0.0,0.0
2013-07-25 00:00:00-04:00,10.479999542236328,11.109999656677246,10.399999618530273,10.829999923706055,65440500,0.0,0.0
2013-07-26 00:00:00-04:00,10.800000190734863,10.979999542236328,10.729999542236328,10.960000038146973,20695600,0.0,0.0
2013-07-29 00:00:00-04:00,10.960000038146973,10.989999771118164,10.760000228881836,10.970000267028809,13572600,0.0,0.0
2013-07-30 00:00:00-04:00,11.0,11.020000457763672,10.8100004196167,10.829999923706055,20161500,0.0,0.0
2013-07-31 00:00:00-04:00,10.84000015258789,11.0,10.829999923706055,10.920000076293945,15118800,0.0,0.0
2013-08-01 00:00:00-04:00,10.960000038146973,11.489999771118164,10.920000076293945,11.149999618530273,34327200,0.0,0.0
2013-08-02 00:00:00-04:00,11.119999885559082,11.319999694824219,11.100000381469727,11.239999771118164,13272800,0.0,0.0
2013-08-05 00:00:00-04:00,11.15999984741211,11.380000114440918,11.119999885559082,11.220000267028809,9282600,0.0,0.0
2013-08-06 00:00:00-04:00,11.199999809265137,11.210000038146973,10.960000038146973,11.180000305175781,11857400,0.0,0.0
2013-08-07 00:00:00-04:00,11.149999618530273,11.180000305175781,11.010000228881836,11.109999656677246,8570100,0.0,0.0
2013-08-08 00:00:00-04:00,11.1899995803833,11.34000015258789,11.15999984741211,11.319999694824219,12392700,0.0,0.0
2013-08-09 00:00:00-04:00,11.279999732971191,11.4399995803833,11.270000457763672,11.350000381469727,10046200,0.0,0.0
2013-08-12 00:00:00-04:00,11.289999961853027,11.399999618530273,11.210000038146973,11.329999923706055,9141000,0.0,0.0
2013-08-13 00:00:00-04:00,11.350000381469727,11.399999618530273,11.220000267028809,11.239999771118164,10931600,0.0,0.0
2013-08-14 00:00:00-04:00,11.1899995803833,11.3100004196167,11.140000343322754,11.279999732971191,10780400,0.0,0.0
2013-08-15 00:00:00-04:00,11.15999984741211,11.210000038146973,10.920000076293945,11.0,15249300,0.0,0.0
2013-08-16 00:00:00-04:00,10.949999809265137,11.220000267028809,10.930000305175781,11.0600004196167,16074900,0.0,0.0
2013-08-19 00:00:00-04:00,11.069999694824219,11.170000076293945,10.979999542236328,10.989999771118164,9258600,0.0,0.0
2013-08-20 00:00:00-04:00,10.979999542236328,11.119999885559082,10.960000038146973,11.010000228881836,9103000,0.0,0.0
2013-08-21 00:00:00-04:00,11.010000228881836,11.1899995803833,10.979999542236328,11.100000381469727,9840300,0.0,0.0
2013-08-22 00:00:00-04:00,11.130000114440918,11.300000190734863,11.100000381469727,11.180000305175781,7762500,0.0,0.0
2013-08-23 00:00:00-04:00,11.1899995803833,11.300000190734863,11.079999923706055,11.140000343322754,12789600,0.0,0.0
2013-08-26 00:00:00-04:00,11.119999885559082,11.390000343322754,11.119999885559082,11.279999732971191,13106000,0.0,0.0
2013-08-27 00:00:00-04:00,11.199999809265137,11.199999809265137,10.65999984741211,10.699999809265137,16559400,0.0,0.0
2013-08-28 00:00:00-04:00,10.680000305175781,10.880000114440918,10.670000076293945,10.6899995803833,14307600,0.0,0.0
2013-08-29 00:00:00-04:00,10.680000305175781,10.850000381469727,10.609999656677246,10.65999984741211,10857400,0.0,0.0
2013-08-30 00:00:00-04:00,10.6899995803833,10.729999542236328,10.539999961853027,10.579999923706055,9709800,0.0,0.0
2013-09-03 00:00:00-04:00,10.770000457763672,11.079999923706055,10.75,10.899999618530273,13101300,0.0,0.0
2013-09-04 00:00:00-04:00,10.869999885559082,11.09000015258789,10.680000305175781,10.930000305175781,23567300,0.0,0.0
2013-09-05 00:00:00-04:00,10.960000038146973,11.670000076293945,10.949999809265137,11.569999694824219,39529100,0.0,0.0
2013-09-06 00:00:00-04:00,11.539999961853027,11.680000305175781,11.369999885559082,11.5,19772300,0.0,0.0
2013-09-09 00:00:00-04:00,11.510000228881836,12.020000457763672,11.460000038146973,11.989999771118164,24480100,0.0,0.0
2013-09-10 00:00:00-04:00,12.0600004196167,12.15999984741211,11.930000305175781,11.949999809265137,23858400,0.0,0.0
2013-09-11 00:00:00-04:00,11.930000305175781,11.949999809265137,11.720000267028809,11.920000076293945,26940500,0.0,0.0
2013-09-12 00:00:00-04:00,11.90999984741211,12.039999961853027,11.829999923706055,11.90999984741211,31083900,0.0,0.0
2013-09-13 00:00:00-04:00,11.949999809265137,11.979999542236328,11.819999694824219,11.84000015258789,10405500,0.0,0.0
2013-09-16 00:00:00-04:00,11.979999542236328,12.050000190734863,11.869999885559082,11.920000076293945,13696100,0.0,0.0
2013-09-17 00:00:00-04:00,11.970000267028809,12.010000228881836,11.84000015258789,11.899999618530273,12270800,0.0,0.0
2013-09-18 00:00:00-04:00,11.90999984741211,11.970000267028809,11.75,11.930000305175781,10724400,0.0,0.0
2013-09-19 00:00:00-04:00,11.949999809265137,11.979999542236328,11.720000267028809,11.739999771118164,13408900,0.0,0.0
2013-09-20 00:00:00-04:00,11.8100004196167,11.850000381469727,11.619999885559082,11.630000114440918,11114500,0.0,0.0
2013-09-23 00:00:00-04:00,11.5600004196167,11.569999694824219,11.359999656677246,11.5,9036900,0.0,0.0
2013-09-24 00:00:00-04:00,11.520000457763672,11.600000381469727,11.449999809265137,11.460000038146973,8471500,0.0,0.0
2013-09-25 00:00:00-04:00,11.489999771118164,11.539999961853027,11.369999885559082,11.449999809265137,7774400,0.0,0.0
2013-09-26 00:00:00-04:00,11.449999809265137,11.6899995803833,11.4399995803833,11.670000076293945,11577100,0.0,0.0
2013-09-27 00:00:00-04:00,11.609999656677246,11.649999618530273,11.470000267028809,11.520000457763672,6680000,0.0,0.0
2013-09-30 00:00:00-04:00,11.380000114440918,11.800000190734863,11.359999656677246,11.739999771118164,18376100,0.0,0.0
2013-10-01 00:00:00-04:00,11.779999732971191,11.789999961853027,11.609999656677246,11.760000228881836,10508700,0.0,0.0
2013-10-02 00:00:00-04:00,11.699999809265137,11.8100004196167,11.649999618530273,11.75,11106400,0.0,0.0
2013-10-03 00:00:00-04:00,11.739999771118164,11.819999694824219,11.5,11.65999984741211,10560500,0.0,0.0
2013-10-04 00:00:00-04:00,11.65999984741211,11.75,11.600000381469727,11.6899995803833,8975600,0.0,0.0
2013-10-07 00:00:00-04:00,11.619999885559082,11.6899995803833,11.510000228881836,11.630000114440918,8572100,0.0,0.0
2013-10-08 00:00:00-04:00,11.710000038146973,11.729999542236328,11.449999809265137,11.460000038146973,11560700,0.0,0.0
2013-10-09 00:00:00-04:00,11.479999542236328,11.789999961853027,11.479999542236328,11.720000267028809,15537000,0.0,0.0
2013-10-10 00:00:00-04:00,11.819999694824219,11.90999984741211,11.779999732971191,11.880000114440918,13942500,0.0,0.0
2013-10-11 00:00:00-04:00,11.819999694824219,11.899999618530273,11.779999732971191,11.869999885559082,11748000,0.0,0.0
2013-10-14 00:00:00-04:00,11.8100004196167,12.34000015258789,11.75,12.210000038146973,24445300,0.0,0.0
2013-10-15 00:00:00-04:00,12.1899995803833,12.260000228881836,11.989999771118164,12.079999923706055,12615800,0.0,0.0
2013-10-16 00:00:00-04:00,12.130000114440918,12.399999618530273,12.079999923706055,12.380000114440918,13359400,0.0,0.0
2013-10-17 00:00:00-04:00,12.359999656677246,12.479999542236328,12.25,12.380000114440918,12414400,0.0,0.0
2013-10-18 00:00:00-04:00,12.420000076293945,12.449999809265137,12.210000038146973,12.279999732971191,10329500,0.0,0.0
2013-10-21 00:00:00-04:00,12.25,12.329999923706055,12.180000305175781,12.220000267028809,9529600,0.0,0.0
2013-10-22 00:00:00-04:00,12.239999771118164,12.390000343322754,12.180000305175781,12.289999961853027,11099100,0.0,0.0
2013-10-23 00:00:00-04:00,12.3100004196167,12.399999618530273,12.100000381469727,12.289999961853027,15959000,0.0,0.0
2013-10-24 00:00:00-04:00,12.029999732971191,12.069999694824219,11.170000076293945,11.539999961853027,44734200,0.0,0.0
2013-10-25 00:00:00-04:00,11.550000190734863,11.720000267028809,11.380000114440918,11.619999885559082,16792800,0.0,0.0
2013-10-28 00:00:00-04:00,11.640000343322754,11.65999984741211,11.5,11.579999923706055,10567200,0.0,0.0
2013-10-29 00:00:00-04:00,11.630000114440918,11.819999694824219,11.609999656677246,11.789999961853027,17639300,0.0,0.0
2013-10-30 00:00:00-04:00,11.770000457763672,11.880000114440918,11.550000190734863,11.699999809265137,12683500,0.0,0.0
2013-10-31 00:00:00-04:00,11.710000038146973,11.829999923706055,11.640000343322754,11.6899995803833,18080600,0.0,0.0
2013-11-01 00:00:00-04:00,11.6899995803833,11.819999694824219,11.649999618530273,11.75,13187900,0.0,0.0
2013-11-04 00:00:00-05:00,11.770000457763672,12.029999732971191,11.75,11.989999771118164,13780500,0.0,0.0
2013-11-05 00:00:00-05:00,11.90999984741211,12.029999732971191,11.8100004196167,12.0,11376200,0.0,0.0
2013-11-06 00:00:00-05:00,12.010000228881836,12.069999694824219,11.84000015258789,11.90999984741211,10394900,0.0,0.0
2013-11-07 00:00:00-05:00,11.90999984741211,11.949999809265137,11.600000381469727,11.640000343322754,12958700,0.0,0.0
2013-11-08 00:00:00-05:00,11.670000076293945,11.880000114440918,11.649999618530273,11.880000114440918,10153400,0.0,0.0
2013-11-11 00:00:00-05:00,11.899999618530273,12.149999618530273,11.829999923706055,12.050000190734863,8259000,0.0,0.0
2013-11-12 00:00:00-05:00,12.020000457763672,12.039999961853027,11.859999656677246,11.90999984741211,8224200,0.0,0.0
2013-11-13 00:00:00-05:00,11.869999885559082,11.930000305175781,11.75,11.930000305175781,8915500,0.0,0.0
2013-11-14 00:00:00-05:00,11.9399995803833,11.989999771118164,11.890000343322754,11.960000038146973,5948300,0.0,0.0
2013-11-15 00:00:00-05:00,11.949999809265137,12.0,11.859999656677246,11.890000343322754,12014900,0.0,0.0
2013-11-18 00:00:00-05:00,11.880000114440918,11.979999542236328,11.550000190734863,11.569999694824219,12635400,0.0,0.0
2013-11-19 00:00:00-05:00,11.630000114440918,12.050000190734863,11.630000114440918,11.960000038146973,13008500,0.0,0.0
2013-11-20 00:00:00-05:00,12.149999618530273,12.149999618530273,11.920000076293945,11.970000267028809,9456900,0.0,0.0
2013-11-21 00:00:00-05:00,11.989999771118164,12.050000190734863,11.930000305175781,11.930000305175781,13839000,0.0,0.0
2013-11-22 00:00:00-05:00,11.880000114440918,12.069999694824219,11.880000114440918,12.050000190734863,10562000,0.0,0.0
2013-11-25 00:00:00-05:00,12.100000381469727,12.119999885559082,11.880000114440918,11.890000343322754,7662000,0.0,0.0
2013-11-26 00:00:00-05:00,11.869999885559082,11.920000076293945,11.729999542236328,11.729999542236328,13314500,0.0,0.0
2013-11-27 00:00:00-05:00,11.710000038146973,11.75,11.619999885559082,11.710000038146973,8575400,0.0,0.0
2013-11-29 00:00:00-05:00,11.720000267028809,11.770000457763672,11.550000190734863,11.579999923706055,4875600,0.0,0.0
2013-12-02 00:00:00-05:00,11.609999656677246,11.75,11.539999961853027,11.630000114440918,8200600,0.0,0.0
2013-12-03 00:00:00-05:00,11.59000015258789,11.819999694824219,11.539999961853027,11.819999694824219,9688400,0.0,0.0
2013-12-04 00:00:00-05:00,11.680000305175781,11.680000305175781,11.210000038146973,11.3100004196167,18412700,0.0,0.0
2013-12-05 00:00:00-05:00,11.260000228881836,11.40999984741211,11.199999809265137,11.34000015258789,8939400,0.0,0.0
2013-12-06 00:00:00-05:00,11.720000267028809,11.880000114440918,11.65999984741211,11.850000381469727,11569900,0.0,0.0
2013-12-09 00:00:00-05:00,11.75,11.890000343322754,11.619999885559082,11.720000267028809,10919800,0.0,0.0
2013-12-10 00:00:00-05:00,11.680000305175781,11.739999771118164,11.539999961853027,11.579999923706055,10056800,0.0,0.0
2013-12-11 00:00:00-05:00,11.550000190734863,11.619999885559082,11.119999885559082,11.180000305175781,17035300,0.0,0.0
2013-12-12 00:00:00-05:00,11.239999771118164,11.579999923706055,11.130000114440918,11.479999542236328,23995200,0.0,0.0
2013-12-13 00:00:00-05:00,11.489999771118164,11.550000190734863,11.270000457763672,11.390000343322754,7665700,0.0,0.0
2013-12-16 00:00:00-05:00,11.369999885559082,11.539999961853027,11.359999656677246,11.399999618530273,7348300,0.0,0.0
2013-12-17 00:00:00-05:00,11.399999618530273,11.4399995803833,11.239999771118164,11.4399995803833,8834100,0.0,0.0
2013-12-18 00:00:00-05:00,11.460000038146973,11.550000190734863,11.300000190734863,11.539999961853027,17850600,0.0,0.0
2013-12-19 00:00:00-05:00,11.479999542236328,11.630000114440918,11.470000267028809,11.619999885559082,6681000,0.0,0.0
2013-12-20 00:00:00-05:00,11.640000343322754,11.850000381469727,11.609999656677246,11.84000015258789,17398100,0.0,0.0
2013-12-23 00:00:00-05:00,11.84000015258789,11.989999771118164,11.789999961853027,11.970000267028809,8566400,0.0,0.0
2013-12-24 00:00:00-05:00,11.970000267028809,12.020000457763672,11.890000343322754,11.989999771118164,3818300,0.0,0.0
2013-12-26 00:00:00-05:00,12.0,12.279999732971191,11.90999984741211,12.170000076293945,9633000,0.0,0.0
2013-12-27 00:00:00-05:00,12.210000038146973,12.210000038146973,12.020000457763672,12.0600004196167,5538500,0.0,0.0
2013-12-30 00:00:00-05:00,12.039999961853027,12.079999923706055,11.979999542236328,12.020000457763672,7166500,0.0,0.0
2013-12-31 00:00:00-05:00,11.989999771118164,12.029999732971191,11.90999984741211,12.020000457763672,5607000,0.0,0.0
2014-01-02 00:00:00-05:00,12.020000457763672,12.020000457763672,11.850000381469727,11.90999984741211,7971600,0.0,0.0
2014-01-03 00:00:00-05:00,11.9399995803833,11.989999771118164,11.869999885559082,11.930000305175781,7278900,0.0,0.0
2014-01-06 00:00:00-05:00,12.489999771118164,12.550000190734863,12.199999809265137,12.329999923706055,14814100,0.0,0.0
2014-01-07 00:00:00-05:00,12.350000381469727,12.489999771118164,12.350000381469727,12.4399995803833,8661300,0.0,0.0
2014-01-08 00:00:00-05:00,12.510000228881836,12.930000305175781,12.4399995803833,12.789999961853027,14313600,0.0,0.0
2014-01-09 00:00:00-05:00,12.680000305175781,12.869999885559082,12.640000343322754,12.779999732971191,9473600,0.0,0.0
2014-01-10 00:00:00-05:00,12.880000114440918,13.270000457763672,12.789999961853027,13.109999656677246,14994800,0.0,0.0
2014-01-13 00:00:00-05:00,13.069999694824219,13.25,12.880000114440918,12.920000076293945,9197300,0.0,0.0
2014-01-14 00:00:00-05:00,12.90999984741211,13.199999809265137,12.90999984741211,13.180000305175781,8036200,0.0,0.0
2014-01-15 00:00:00-05:00,13.1899995803833,13.5,13.170000076293945,13.34000015258789,14748200,0.0,0.0
2014-01-16 00:00:00-05:00,13.359999656677246,13.680000305175781,13.3100004196167,13.550000190734863,20084700,0.0,0.0
2014-01-17 00:00:00-05:00,13.630000114440918,13.640000343322754,13.449999809265137,13.510000228881836,11156700,0.0,0.0
2014-01-21 00:00:00-05:00,13.739999771118164,14.020000457763672,13.630000114440918,13.979999542236328,20088100,0.0,0.0
2014-01-22 00:00:00-05:00,13.979999542236328,14.079999923706055,13.729999542236328,13.869999885559082,11150200,0.0,0.0
2014-01-23 00:00:00-05:00,13.779999732971191,13.880000114440918,13.550000190734863,13.649999618530273,12427100,0.0,0.0
2014-01-24 00:00:00-05:00,13.550000190734863,13.649999618530273,13.34000015258789,13.34000015258789,10551900,0.0,0.0
2014-01-27 00:00:00-05:00,13.350000381469727,13.390000343322754,13.039999961853027,13.210000038146973,10145800,0.0,0.0
2014-01-28 00:00:00-05:00,13.260000228881836,13.359999656677246,13.210000038146973,13.279999732971191,7322500,0.0,0.0
2014-01-29 00:00:00-05:00,13.130000114440918,13.380000114440918,13.079999923706055,13.180000305175781,8557700,0.0,0.0
2014-01-30 00:00:00-05:00,13.3100004196167,13.619999885559082,13.270000457763672,13.5600004196167,11052800,0.0,0.0
2014-01-31 00:00:00-05:00,13.420000076293945,13.670000076293945,13.300000190734863,13.529999732971191,14001000,0.0,0.0
2014-02-03 00:00:00-05:00,13.550000190734863,13.550000190734863,12.960000038146973,13.010000228881836,18772400,0.0,0.0
2014-02-04 00:00:00-05:00,13.100000381469727,13.489999771118164,12.600000381469727,12.850000381469727,29029700,0.0,0.0
2014-02-05 00:00:00-05:00,12.770000457763672,12.850000381469727,12.470000267028809,12.760000228881836,22160500,0.0,0.0
2014-02-06 00:00:00-05:00,12.760000228881836,12.960000038146973,12.729999542236328,12.829999923706055,13854800,0.0,0.0
2014-02-07 00:00:00-05:00,12.920000076293945,13.180000305175781,12.880000114440918,13.100000381469727,15197400,0.0,0.0
2014-02-10 00:00:00-05:00,13.050000190734863,13.100000381469727,12.880000114440918,12.90999984741211,11969000,0.0,0.0
2014-02-11 00:00:00-05:00,12.869999885559082,12.920000076293945,12.760000228881836,12.850000381469727,18535600,0.0,0.0
2014-02-12 00:00:00-05:00,12.829999923706055,13.039999961853027,12.829999923706055,12.960000038146973,9368100,0.0,0.0
2014-02-13 00:00:00-05:00,12.920000076293945,13.079999923706055,12.84000015258789,13.029999732971191,10309600,0.0,0.0
2014-02-14 00:00:00-05:00,13.079999923706055,13.4399995803833,13.050000190734863,13.300000190734863,14839400,0.0,0.0
2014-02-18 00:00:00-05:00,13.300000190734863,13.520000457763672,13.289999961853027,13.380000114440918,10683000,0.0,0.0
2014-02-19 00:00:00-05:00,13.350000381469727,13.430000305175781,13.039999961853027,13.0600004196167,11679000,0.0,0.0
2014-02-20 00:00:00-05:00,13.0600004196167,13.239999771118164,13.0,13.229999542236328,7949100,0.0,0.0
2014-02-21 00:00:00-05:00,13.25,13.260000228881836,13.130000114440918,13.140000343322754,6452100,0.0,0.0
2014-02-24 00:00:00-05:00,13.140000343322754,13.239999771118164,13.069999694824219,13.079999923706055,6551700,0.0,0.0
2014-02-25 00:00:00-05:00,13.09000015258789,13.449999809265137,13.050000190734863,13.390000343322754,15637000,0.0,0.0
2014-02-26 00:00:00-05:00,13.40999984741211,13.579999923706055,13.270000457763672,13.34000015258789,7316800,0.0,0.0
2014-02-27 00:00:00-05:00,13.34000015258789,13.40999984741211,13.229999542236328,13.300000190734863,8489700,0.0,0.0
2014-02-28 00:00:00-05:00,13.279999732971191,13.34000015258789,12.979999542236328,13.100000381469727,10209100,0.0,0.0
2014-03-03 00:00:00-05:00,12.90999984741211,13.050000190734863,12.8100004196167,13.0,9447000,0.0,0.0
2014-03-04 00:00:00-05:00,13.119999885559082,13.260000228881836,13.109999656677246,13.229999542236328,13015200,0.0,0.0
2014-03-05 00:00:00-05:00,13.25,13.479999542236328,13.220000267028809,13.380000114440918,9877400,0.0,0.0
2014-03-06 00:00:00-05:00,13.449999809265137,13.59000015258789,13.430000305175781,13.550000190734863,9379700,0.0,0.0
2014-03-07 00:00:00-05:00,13.609999656677246,13.739999771118164,13.359999656677246,13.699999809265137,16277700,0.0,0.0
2014-03-10 00:00:00-04:00,13.729999542236328,13.84000015258789,13.430000305175781,13.460000038146973,8144900,0.0,0.0
2014-03-11 00:00:00-04:00,13.479999542236328,13.479999542236328,13.140000343322754,13.180000305175781,10491100,0.0,0.0
2014-03-12 00:00:00-04:00,13.109999656677246,13.15999984741211,12.819999694824219,12.880000114440918,20048800,0.0,0.0
2014-03-13 00:00:00-04:00,12.930000305175781,12.979999542236328,12.609999656677246,12.739999771118164,23579600,0.0,0.0
2014-03-14 00:00:00-04:00,12.75,13.210000038146973,12.680000305175781,13.010000228881836,19886300,0.0,0.0
2014-03-17 00:00:00-04:00,13.0600004196167,13.15999984741211,12.9399995803833,12.979999542236328,9973800,0.0,0.0
2014-03-18 00:00:00-04:00,13.0,13.270000457763672,12.960000038146973,13.210000038146973,6499400,0.0,0.0
2014-03-19 00:00:00-04:00,13.229999542236328,13.380000114440918,13.039999961853027,13.149999618530273,8716600,0.0,0.0
2014-03-20 00:00:00-04:00,13.100000381469727,13.180000305175781,13.039999961853027,13.100000381469727,7487000,0.0,0.0
2014-03-21 00:00:00-04:00,13.369999885559082,13.390000343322754,12.819999694824219,12.819999694824219,15490800,0.0,0.0
2014-03-24 00:00:00-04:00,13.050000190734863,13.140000343322754,12.6899995803833,12.84000015258789,11359200,0.0,0.0
2014-03-25 00:00:00-04:00,12.920000076293945,13.420000076293945,12.920000076293945,13.260000228881836,13773800,0.0,0.0
2014-03-26 00:00:00-04:00,13.3100004196167,13.470000267028809,13.210000038146973,13.229999542236328,10501900,0.0,0.0
2014-03-27 00:00:00-04:00,13.210000038146973,13.260000228881836,12.9399995803833,13.210000038146973,11154800,0.0,0.0
2014-03-28 00:00:00-04:00,13.199999809265137,13.4399995803833,13.15999984741211,13.199999809265137,6161600,0.0,0.0
2014-03-31 00:00:00-04:00,13.300000190734863,13.569999694824219,13.270000457763672,13.520000457763672,8554100,0.0,0.0
2014-04-01 00:00:00-04:00,13.550000190734863,13.649999618530273,13.489999771118164,13.619999885559082,6763200,0.0,0.0
2014-04-02 00:00:00-04:00,13.649999618530273,13.729999542236328,13.520000457763672,13.6899995803833,6616500,0.0,0.0
2014-04-03 00:00:00-04:00,13.710000038146973,13.800000190734863,13.630000114440918,13.770000457763672,9393500,0.0,0.0
2014-04-04 00:00:00-04:00,13.789999961853027,13.899999618530273,13.470000267028809,13.5,12360800,0.0,0.0
2014-04-07 00:00:00-04:00,13.460000038146973,13.550000190734863,13.15999984741211,13.220000267028809,8820500,0.0,0.0
2014-04-08 00:00:00-04:00,13.180000305175781,13.199999809265137,12.850000381469727,12.90999984741211,10181500,0.0,0.0
2014-04-09 00:00:00-04:00,12.979999542236328,13.59000015258789,12.880000114440918,13.539999961853027,15143200,0.0,0.0
2014-04-10 00:00:00-04:00,13.529999732971191,13.59000015258789,12.880000114440918,12.930000305175781,11188800,0.0,0.0
2014-04-11 00:00:00-04:00,12.8100004196167,12.84000015258789,12.479999542236328,12.6899995803833,25143100,0.0,0.0
2014-04-14 00:00:00-04:00,13.0,13.319999694824219,12.979999542236328,13.3100004196167,16741300,0.0,0.0
2014-04-15 00:00:00-04:00,13.220000267028809,13.430000305175781,12.970000267028809,13.350000381469727,13631600,0.0,0.0
2014-04-16 00:00:00-04:00,13.569999694824219,13.640000343322754,13.369999885559082,13.5,9740400,0.0,0.0
2014-04-17 00:00:00-04:00,13.479999542236328,13.710000038146973,13.430000305175781,13.649999618530273,8675900,0.0,0.0
2014-04-21 00:00:00-04:00,13.619999885559082,13.720000267028809,13.5,13.720000267028809,9735400,0.0,0.0
2014-04-22 00:00:00-04:00,13.75,13.800000190734863,13.630000114440918,13.75,8953000,0.0,0.0
2014-04-23 00:00:00-04:00,13.800000190734863,13.819999694824219,13.619999885559082,13.6899995803833,9002700,0.0,0.0
2014-04-24 00:00:00-04:00,13.760000228881836,13.8100004196167,13.5600004196167,13.75,8433500,0.0,0.0
2014-04-25 00:00:00-04:00,13.720000267028809,13.720000267028809,13.329999923706055,13.380000114440918,10712200,0.0,0.0
2014-04-28 00:00:00-04:00,13.489999771118164,13.649999618530273,13.229999542236328,13.579999923706055,14544600,0.0,0.0
2014-04-29 00:00:00-04:00,12.789999961853027,13.319999694824219,12.640000343322754,12.729999542236328,35508200,0.0,0.0
2014-04-30 00:00:00-04:00,12.739999771118164,12.739999771118164,12.369999885559082,12.609999656677246,27599000,0.0,0.0
2014-05-01 00:00:00-04:00,12.640000343322754,12.739999771118164,12.5,12.600000381469727,14400500,0.0,0.0
2014-05-02 00:00:00-04:00,12.609999656677246,12.819999694824219,12.569999694824219,12.8100004196167,17337600,0.0,0.0
2014-05-05 00:00:00-04:00,12.75,13.149999618530273,12.720000267028809,13.069999694824219,14657200,0.0,0.0
2014-05-06 00:00:00-04:00,13.039999961853027,13.079999923706055,12.850000381469727,12.949999809265137,11597500,0.0,0.0
2014-05-07 00:00:00-04:00,12.979999542236328,13.010000228881836,12.630000114440918,12.770000457763672,9748600,0.0,0.0
2014-05-08 00:00:00-04:00,12.760000228881836,12.989999771118164,12.699999809265137,12.800000190734863,7198900,0.0,0.0
2014-05-09 00:00:00-04:00,12.729999542236328,12.789999961853027,12.470000267028809,12.729999542236328,12957800,0.0,0.0
2014-05-12 00:00:00-04:00,12.800000190734863,12.9399995803833,12.720000267028809,12.930000305175781,9417000,0.0,0.0
2014-05-13 00:00:00-04:00,12.9399995803833,13.020000457763672,12.779999732971191,12.800000190734863,8806600,0.0,0.0
2014-05-14 00:00:00-04:00,12.819999694824219,12.899999618530273,12.739999771118164,12.789999961853027,12604200,0.0,0.0
2014-05-15 00:00:00-04:00,12.779999732971191,12.779999732971191,12.5600004196167,12.6899995803833,12954800,0.0,0.0
2014-05-16 00:00:00-04:00,12.670000076293945,12.880000114440918,12.59000015258789,12.800000190734863,10994000,0.0,0.0
2014-05-19 00:00:00-04:00,12.770000457763672,12.850000381469727,12.649999618530273,12.829999923706055,9444700,0.0,0.0
2014-05-20 00:00:00-04:00,12.8100004196167,12.819999694824219,12.470000267028809,12.619999885559082,11616700,0.0,0.0
2014-05-21 00:00:00-04:00,12.670000076293945,12.90999984741211,12.619999885559082,12.800000190734863,6774200,0.0,0.0
2014-05-22 00:00:00-04:00,12.779999732971191,12.829999923706055,12.630000114440918,12.680000305175781,14167900,0.0,0.0
2014-05-23 00:00:00-04:00,12.710000038146973,12.880000114440918,12.6899995803833,12.829999923706055,8081600,0.0,0.0
2014-05-27 00:00:00-04:00,12.899999618530273,13.020000457763672,12.829999923706055,12.949999809265137,8627900,0.0,0.0
2014-05-28 00:00:00-04:00,13.0,13.1899995803833,12.949999809265137,13.149999618530273,11588600,0.0,0.0
2014-05-29 00:00:00-04:00,13.149999618530273,13.170000076293945,12.949999809265137,12.989999771118164,13999300,0.0,0.0
2014-05-30 00:00:00-04:00,12.989999771118164,13.079999923706055,12.789999961853027,12.829999923706055,12815400,0.0,0.0
2014-06-02 00:00:00-04:00,12.859999656677246,12.949999809265137,12.729999542236328,12.880000114440918,6364000,0.0,0.0
2014-06-03 00:00:00-04:00,12.819999694824219,12.989999771118164,12.8100004196167,12.970000267028809,6046000,0.0,0.0
2014-06-04 00:00:00-04:00,12.899999618530273,13.050000190734863,12.819999694824219,13.050000190734863,7743800,0.0,0.0
2014-06-05 00:00:00-04:00,12.960000038146973,13.1899995803833,12.960000038146973,13.180000305175781,8770700,0.0,0.0
2014-06-06 00:00:00-04:00,13.1899995803833,13.199999809265137,13.0600004196167,13.130000114440918,6822600,0.0,0.0
2014-06-09 00:00:00-04:00,13.039999961853027,13.039999961853027,12.6899995803833,12.760000228881836,16697400,0.0,0.0
2014-06-10 00:00:00-04:00,12.770000457763672,12.859999656677246,12.470000267028809,12.84000015258789,24582700,0.0,0.0
2014-06-11 00:00:00-04:00,12.789999961853027,12.90999984741211,12.619999885559082,12.869999885559082,17673200,0.0,0.0
2014-06-12 00:00:00-04:00,12.90999984741211,12.970000267028809,12.739999771118164,12.800000190734863,25173900,0.0,0.0
2014-06-13 00:00:00-04:00,12.789999961853027,12.949999809265137,12.760000228881836,12.800000190734863,11668100,0.0,0.0
2014-06-16 00:00:00-04:00,13.100000381469727,13.1899995803833,12.920000076293945,12.920000076293945,14078500,0.0,0.0
2014-06-17 00:00:00-04:00,12.800000190734863,12.800000190734863,12.279999732971191,12.600000381469727,37104600,0.0,0.0
2014-06-18 00:00:00-04:00,12.59000015258789,12.739999771118164,12.489999771118164,12.640000343322754,13569600,0.0,0.0
2014-06-19 00:00:00-04:00,12.6899995803833,12.720000267028809,12.569999694824219,12.65999984741211,17818400,0.0,0.0
2014-06-20 00:00:00-04:00,12.6899995803833,12.739999771118164,12.449999809265137,12.710000038146973,12072300,0.0,0.0
2014-06-23 00:00:00-04:00,12.720000267028809,12.75,12.600000381469727,12.619999885559082,7132600,0.0,0.0
2014-06-24 00:00:00-04:00,12.65999984741211,12.720000267028809,12.569999694824219,12.579999923706055,7790400,0.0,0.0
2014-06-25 00:00:00-04:00,12.630000114440918,12.75,12.630000114440918,12.699999809265137,9018400,0.0,0.0
2014-06-26 00:00:00-04:00,12.699999809265137,12.720000267028809,12.59000015258789,12.630000114440918,14205200,0.0,0.0
2014-06-27 00:00:00-04:00,12.609999656677246,12.770000457763672,12.600000381469727,12.760000228881836,14360300,0.0,0.0
2014-06-30 00:00:00-04:00,12.859999656677246,12.859999656677246,12.710000038146973,12.770000457763672,5759100,0.0,0.0
2014-07-01 00:00:00-04:00,12.779999732971191,13.029999732971191,12.770000457763672,12.989999771118164,8828700,0.0,0.0
2014-07-02 00:00:00-04:00,12.960000038146973,13.140000343322754,12.920000076293945,13.130000114440918,7628200,0.0,0.0
2014-07-03 00:00:00-04:00,13.109999656677246,13.130000114440918,13.0,13.109999656677246,3812300,0.0,0.0
2014-07-07 00:00:00-04:00,13.050000190734863,13.140000343322754,13.010000228881836,13.020000457763672,5929200,0.0,0.0
2014-07-08 00:00:00-04:00,13.050000190734863,13.0600004196167,12.930000305175781,13.0,9966000,0.0,0.0
2014-07-09 00:00:00-04:00,12.989999771118164,13.09000015258789,12.960000038146973,13.020000457763672,6304200,0.0,0.0
2014-07-10 00:00:00-04:00,12.9399995803833,13.100000381469727,12.829999923706055,13.100000381469727,10079400,0.0,0.0
2014-07-11 00:00:00-04:00,13.010000228881836,13.3100004196167,12.90999984741211,13.289999961853027,14815100,0.0,0.0
2014-07-14 00:00:00-04:00,13.34000015258789,13.34000015258789,13.0,13.029999732971191,9524000,0.0,0.0
2014-07-15 00:00:00-04:00,12.989999771118164,13.100000381469727,12.649999618530273,12.850000381469727,14605500,0.0,0.0
2014-07-16 00:00:00-04:00,12.850000381469727,13.010000228881836,12.8100004196167,12.869999885559082,8821100,0.0,0.0
2014-07-17 00:00:00-04:00,12.770000457763672,12.800000190734863,12.4399995803833,12.460000038146973,8085300,0.0,0.0
2014-07-18 00:00:00-04:00,12.520000457763672,12.6899995803833,12.5,12.670000076293945,7147900,0.0,0.0
2014-07-21 00:00:00-04:00,12.670000076293945,12.670000076293945,12.479999542236328,12.550000190734863,8540800,0.0,0.0
2014-07-22 00:00:00-04:00,12.65999984741211,12.970000267028809,12.649999618530273,12.850000381469727,9623200,0.0,0.0
2014-07-23 00:00:00-04:00,12.850000381469727,13.039999961853027,12.84000015258789,13.020000457763672,8926400,0.0,0.0
2014-07-24 00:00:00-04:00,13.09000015258789,13.270000457763672,12.84000015258789,13.260000228881836,18675900,0.0,0.0
2014-07-25 00:00:00-04:00,13.260000228881836,13.289999961853027,13.010000228881836,13.109999656677246,14072700,0.0,0.0
2014-07-28 00:00:00-04:00,13.100000381469727,13.109999656677246,12.859999656677246,12.970000267028809,7107800,0.0,0.0
2014-07-29 00:00:00-04:00,12.920000076293945,13.0,12.850000381469727,12.890000343322754,5543700,0.0,0.0
2014-07-30 00:00:00-04:00,12.9399995803833,13.260000228881836,12.880000114440918,13.140000343322754,10821400,0.0,0.0
2014-07-31 00:00:00-04:00,13.020000457763672,13.069999694824219,12.779999732971191,12.779999732971191,9829100,0.0,0.0
2014-08-01 00:00:00-04:00,12.729999542236328,12.75,12.4399995803833,12.59000015258789,9141900,0.0,0.0
2014-08-04 00:00:00-04:00,12.579999923706055,12.930000305175781,12.520000457763672,12.8100004196167,10021600,0.0,0.0
2014-08-05 00:00:00-04:00,12.760000228881836,12.930000305175781,12.729999542236328,12.880000114440918,12039200,0.0,0.0
2014-08-06 00:00:00-04:00,12.770000457763672,12.899999618530273,12.75,12.850000381469727,10090800,0.0,0.0
2014-08-07 00:00:00-04:00,12.800000190734863,12.829999923706055,12.199999809265137,12.260000228881836,11662600,0.0,0.0
2014-08-08 00:00:00-04:00,12.25,12.329999923706055,12.029999732971191,12.329999923706055,15177600,0.0,0.0
2014-08-11 00:00:00-04:00,12.350000381469727,12.380000114440918,12.239999771118164,12.260000228881836,6727800,0.0,0.0
2014-08-12 00:00:00-04:00,12.239999771118164,12.380000114440918,12.229999542236328,12.369999885559082,9226400,0.0,0.0
2014-08-13 00:00:00-04:00,12.399999618530273,12.5,12.369999885559082,12.479999542236328,8315700,0.0,0.0
2014-08-14 00:00:00-04:00,12.5,12.59000015258789,12.479999542236328,12.579999923706055,5865500,0.0,0.0
2014-08-15 00:00:00-04:00,12.609999656677246,12.619999885559082,12.390000343322754,12.460000038146973,6157500,0.0,0.0
2014-08-18 00:00:00-04:00,12.5600004196167,12.670000076293945,12.520000457763672,12.640000343322754,5770600,0.0,0.0
2014-08-19 00:00:00-04:00,12.670000076293945,12.720000267028809,12.550000190734863,12.59000015258789,8105000,0.0,0.0
2014-08-20 00:00:00-04:00,12.579999923706055,12.640000343322754,12.5,12.600000381469727,6536100,0.0,0.0
2014-08-21 00:00:00-04:00,12.59000015258789,12.670000076293945,12.539999961853027,12.65999984741211,5745300,0.0,0.0
2014-08-22 00:00:00-04:00,12.609999656677246,12.649999618530273,12.449999809265137,12.489999771118164,7862700,0.0,0.0
2014-08-25 00:00:00-04:00,12.550000190734863,12.59000015258789,12.420000076293945,12.460000038146973,5699900,0.0,0.0
2014-08-26 00:00:00-04:00,12.5,12.550000190734863,12.359999656677246,12.4399995803833,7042900,0.0,0.0
2014-08-27 00:00:00-04:00,12.4399995803833,12.470000267028809,12.369999885559082,12.380000114440918,5777800,0.0,0.0
2014-08-28 00:00:00-04:00,12.279999732971191,12.40999984741211,12.25,12.350000381469727,5559700,0.0,0.0
2014-08-29 00:00:00-04:00,12.430000305175781,12.739999771118164,12.390000343322754,12.680000305175781,9164700,0.0,0.0
2014-09-02 00:00:00-04:00,12.6899995803833,12.699999809265137,12.510000228881836,12.59000015258789,6770500,0.0,0.0
2014-09-03 00:00:00-04:00,12.640000343322754,12.670000076293945,12.420000076293945,12.4399995803833,7171300,0.0,0.0
2014-09-04 00:00:00-04:00,12.449999809265137,12.529999732971191,12.180000305175781,12.239999771118164,8566500,0.0,0.0
2014-09-05 00:00:00-04:00,12.239999771118164,12.25,11.989999771118164,12.010000228881836,31427400,0.0,0.0
2014-09-08 00:00:00-04:00,12.09000015258789,12.40999984741211,12.0600004196167,12.319999694824219,33066800,0.0,0.0
2014-09-09 00:00:00-04:00,12.329999923706055,12.449999809265137,12.210000038146973,12.380000114440918,20661900,0.0,0.0
2014-09-10 00:00:00-04:00,12.369999885559082,12.550000190734863,12.350000381469727,12.510000228881836,20114900,0.0,0.0
2014-09-11 00:00:00-04:00,12.479999542236328,12.569999694824219,12.420000076293945,12.539999961853027,12622700,0.0,0.0
2014-09-12 00:00:00-04:00,12.5600004196167,12.579999923706055,12.449999809265137,12.5,13674600,0.0,0.0
2014-09-15 00:00:00-04:00,12.470000267028809,12.520000457763672,12.3100004196167,12.390000343322754,15904000,0.0,0.0
2014-09-16 00:00:00-04:00,12.359999656677246,12.40999984741211,12.199999809265137,12.34000015258789,23483000,0.0,0.0
2014-09-17 00:00:00-04:00,12.380000114440918,12.479999542236328,12.199999809265137,12.220000267028809,21608300,0.0,0.0
2014-09-18 00:00:00-04:00,12.289999961853027,12.5,12.279999732971191,12.420000076293945,12799700,0.0,0.0
2014-09-19 00:00:00-04:00,12.489999771118164,12.510000228881836,12.279999732971191,12.40999984741211,10684900,0.0,0.0
2014-09-22 00:00:00-04:00,12.350000381469727,12.380000114440918,12.279999732971191,12.329999923706055,6842100,0.0,0.0
2014-09-23 00:00:00-04:00,12.270000457763672,12.279999732971191,12.149999618530273,12.170000076293945,7891800,0.0,0.0
2014-09-24 00:00:00-04:00,12.170000076293945,12.260000228881836,12.069999694824219,12.149999618530273,9327100,0.0,0.0
2014-09-25 00:00:00-04:00,12.079999923706055,12.149999618530273,11.850000381469727,11.949999809265137,12174400,0.0,0.0
2014-09-26 00:00:00-04:00,11.949999809265137,12.079999923706055,11.890000343322754,12.029999732971191,6205500,0.0,0.0
2014-09-29 00:00:00-04:00,11.899999618530273,12.039999961853027,11.850000381469727,11.920000076293945,7170900,0.0,0.0
2014-09-30 00:00:00-04:00,11.930000305175781,11.949999809265137,11.760000228881836,11.8100004196167,9022000,0.0,0.0
2014-10-01 00:00:00-04:00,11.8100004196167,11.850000381469727,11.670000076293945,11.800000190734863,11237200,0.0,0.0
2014-10-02 00:00:00-04:00,11.819999694824219,11.899999618530273,11.65999984741211,11.850000381469727,10095700,0.0,0.0
2014-10-03 00:00:00-04:00,11.890000343322754,11.979999542236328,11.819999694824219,11.930000305175781,6024900,0.0,0.0
2014-10-06 00:00:00-04:00,11.970000267028809,12.0,11.75,11.930000305175781,11060300,0.0,0.0
2014-10-07 00:00:00-04:00,11.819999694824219,11.9399995803833,11.729999542236328,11.779999732971191,10541400,0.0,0.0
2014-10-08 00:00:00-04:00,11.789999961853027,12.149999618530273,11.739999771118164,12.140000343322754,14098800,0.0,0.0
2014-10-09 00:00:00-04:00,12.09000015258789,12.210000038146973,11.869999885559082,11.920000076293945,22081400,0.0,0.0
2014-10-10 00:00:00-04:00,11.949999809265137,12.199999809265137,11.880000114440918,11.920000076293945,12127000,0.0,0.0
2014-10-13 00:00:00-04:00,11.890000343322754,12.050000190734863,11.739999771118164,11.739999771118164,11006300,0.0,0.0
2014-10-14 00:00:00-04:00,11.850000381469727,11.9399995803833,11.550000190734863,11.5600004196167,10881600,0.0,0.0
2014-10-15 00:00:00-04:00,11.430000305175781,11.5,11.109999656677246,11.4399995803833,12214300,0.0,0.0
2014-10-16 00:00:00-04:00,11.1899995803833,11.520000457763672,11.100000381469727,11.449999809265137,10614200,0.0,0.0
2014-10-17 00:00:00-04:00,11.470000267028809,11.5600004196167,11.300000190734863,11.369999885559082,13678300,0.0,0.0
2014-10-20 00:00:00-04:00,11.369999885559082,11.609999656677246,11.350000381469727,11.609999656677246,6051500,0.0,0.0
2014-10-21 00:00:00-04:00,11.720000267028809,12.050000190734863,11.699999809265137,12.029999732971191,13140100,0.0,0.0
2014-10-22 00:00:00-04:00,12.489999771118164,12.649999618530273,12.25,12.319999694824219,40322200,0.0,0.0
2014-10-23 00:00:00-04:00,12.470000267028809,12.729999542236328,12.470000267028809,12.710000038146973,21460100,0.0,0.0
2014-10-24 00:00:00-04:00,12.75,13.0600004196167,12.710000038146973,12.989999771118164,12397300,0.0,0.0
2014-10-27 00:00:00-04:00,12.960000038146973,13.149999618530273,12.930000305175781,13.100000381469727,11774100,0.0,0.0
2014-10-28 00:00:00-04:00,13.130000114440918,13.270000457763672,13.100000381469727,13.210000038146973,13080100,0.0,0.0
2014-10-29 00:00:00-04:00,13.210000038146973,13.300000190734863,13.119999885559082,13.140000343322754,12750000,0.0,0.0
2014-10-30 00:00:00-04:00,13.119999885559082,13.220000267028809,13.0600004196167,13.180000305175781,10052900,0.0,0.0
2014-10-31 00:00:00-04:00,13.270000457763672,13.380000114440918,13.260000228881836,13.279999732971191,18025000,0.0,0.0
2014-11-03 00:00:00-05:00,13.3100004196167,13.350000381469727,13.229999542236328,13.300000190734863,10502500,0.0,0.0
2014-11-04 00:00:00-05:00,13.239999771118164,13.300000190734863,13.180000305175781,13.260000228881836,10239500,0.0,0.0
2014-11-05 00:00:00-05:00,13.460000038146973,13.460000038146973,13.300000190734863,13.329999923706055,18702800,0.0,0.0
2014-11-06 00:00:00-05:00,13.390000343322754,13.420000076293945,13.319999694824219,13.359999656677246,15675200,0.0,0.0
2014-11-07 00:00:00-05:00,13.319999694824219,13.359999656677246,13.229999542236328,13.239999771118164,12553200,0.0,0.0
2014-11-10 00:00:00-05:00,13.300000190734863,13.460000038146973,13.300000190734863,13.449999809265137,16470500,0.0,0.0
2014-11-11 00:00:00-05:00,13.449999809265137,13.479999542236328,13.260000228881836,13.40999984741211,12611300,0.0,0.0
2014-11-12 00:00:00-05:00,13.390000343322754,13.460000038146973,13.3100004196167,13.40999984741211,15560500,0.0,0.0
2014-11-13 00:00:00-05:00,13.4399995803833,13.550000190734863,13.329999923706055,13.40999984741211,9621100,0.0,0.0
2014-11-14 00:00:00-05:00,13.40999984741211,13.520000457763672,13.289999961853027,13.359999656677246,9229300,0.0,0.0
2014-11-17 00:00:00-05:00,13.319999694824219,13.430000305175781,13.279999732971191,13.380000114440918,11966500,0.0,0.0
2014-11-18 00:00:00-05:00,13.369999885559082,13.760000228881836,13.350000381469727,13.680000305175781,27529600,0.0,0.0
2014-11-19 00:00:00-05:00,13.670000076293945,13.680000305175781,13.039999961853027,13.09000015258789,21932900,0.0,0.0
2014-11-20 00:00:00-05:00,13.050000190734863,13.050000190734863,12.800000190734863,12.949999809265137,13987400,0.0,0.0
2014-11-21 00:00:00-05:00,13.109999656677246,13.140000343322754,12.890000343322754,12.9399995803833,13105600,0.0,0.0
2014-11-24 00:00:00-05:00,13.010000228881836,13.149999618530273,12.970000267028809,13.140000343322754,8030000,0.0,0.0
2014-11-25 00:00:00-05:00,13.109999656677246,13.220000267028809,12.75,12.859999656677246,13598700,0.0,0.0
2014-11-26 00:00:00-05:00,12.920000076293945,13.010000228881836,12.789999961853027,12.8100004196167,10995600,0.0,0.0
2014-11-28 00:00:00-05:00,12.84000015258789,12.9399995803833,12.8100004196167,12.869999885559082,5447200,0.0,0.0
2014-12-01 00:00:00-05:00,12.789999961853027,13.039999961853027,12.729999542236328,12.890000343322754,10042700,0.0,0.0
2014-12-02 00:00:00-05:00,12.890000343322754,13.0,12.829999923706055,12.9399995803833,6727800,0.0,0.0
2014-12-03 00:00:00-05:00,12.960000038146973,13.0600004196167,12.9399995803833,13.039999961853027,7927700,0.0,0.0
2014-12-04 00:00:00-05:00,13.039999961853027,13.039999961853027,12.760000228881836,12.779999732971191,7583600,0.0,0.0
2014-12-05 00:00:00-05:00,12.779999732971191,12.920000076293945,12.75,12.90999984741211,6528100,0.0,0.0
2014-12-08 00:00:00-05:00,12.890000343322754,12.979999542236328,12.850000381469727,12.9399995803833,9787500,0.0,0.0
2014-12-09 00:00:00-05:00,12.789999961853027,13.050000190734863,12.770000457763672,13.039999961853027,11470000,0.0,0.0
2014-12-10 00:00:00-05:00,12.989999771118164,12.989999771118164,12.5600004196167,12.600000381469727,9509100,0.0,0.0
2014-12-11 00:00:00-05:00,12.630000114440918,12.920000076293945,12.59000015258789,12.890000343322754,12638800,0.0,0.0
2014-12-12 00:00:00-05:00,12.829999923706055,13.130000114440918,12.75,13.0,21820200,0.0,0.0
2014-12-15 00:00:00-05:00,13.020000457763672,13.029999732971191,12.710000038146973,12.800000190734863,20251700,0.0,0.0
2014-12-16 00:00:00-05:00,12.779999732971191,13.220000267028809,12.739999771118164,12.949999809265137,18073700,0.0,0.0
2014-12-17 00:00:00-05:00,12.989999771118164,13.039999961853027,12.739999771118164,13.020000457763672,12873100,0.0,0.0
2014-12-18 00:00:00-05:00,13.180000305175781,13.300000190734863,13.0600004196167,13.260000228881836,11673400,0.0,0.0
2014-12-19 00:00:00-05:00,13.279999732971191,13.380000114440918,13.149999618530273,13.149999618530273,18616600,0.0,0.0
2014-12-22 00:00:00-05:00,13.149999618530273,13.260000228881836,12.949999809265137,13.100000381469727,15902000,0.0,0.0
2014-12-23 00:00:00-05:00,13.1899995803833,13.1899995803833,12.930000305175781,13.0600004196167,10461700,0.0,0.0
2014-12-24 00:00:00-05:00,13.079999923706055,13.229999542236328,13.069999694824219,13.130000114440918,1817700,0.0,0.0
2014-12-26 00:00:00-05:00,13.140000343322754,13.210000038146973,13.0600004196167,13.170000076293945,4478800,0.0,0.0
2014-12-29 00:00:00-05:00,13.109999656677246,13.239999771118164,13.029999732971191,13.229999542236328,3454900,0.0,0.0
2014-12-30 00:00:00-05:00,13.229999542236328,13.390000343322754,13.140000343322754,13.369999885559082,6711100,0.0,0.0
2014-12-31 00:00:00-05:00,13.369999885559082,13.40999984741211,13.119999885559082,13.25,7875400,0.0,0.0
2015-01-02 00:00:00-05:00,13.289999961853027,13.329999923706055,13.140000343322754,13.220000267028809,10520200,0.0,0.0
2015-01-05 00:00:00-05:00,13.449999809265137,13.949999809265137,13.420000076293945,13.8100004196167,17359500,0.0,0.0
2015-01-06 00:00:00-05:00,13.800000190734863,13.890000343322754,13.5,13.699999809265137,18291700,0.0,0.0
2015-01-07 00:00:00-05:00,13.760000228881836,14.069999694824219,13.75,14.029999732971191,17243800,0.0,0.0
2015-01-08 00:00:00-05:00,14.300000190734863,14.760000228881836,14.1899995803833,14.59000015258789,27109600,0.0,0.0
2015-01-09 00:00:00-05:00,14.600000381469727,14.75,14.380000114440918,14.649999618530273,17955600,0.0,0.0
2015-01-12 00:00:00-05:00,14.619999885559082,14.779999732971191,14.489999771118164,14.579999923706055,11255700,0.0,0.0
2015-01-13 00:00:00-05:00,14.699999809265137,14.819999694824219,14.270000457763672,14.5,13517400,0.0,0.0
2015-01-14 00:00:00-05:00,14.34000015258789,14.649999618530273,14.25,14.5,12896500,0.0,0.0
2015-01-15 00:00:00-05:00,14.520000457763672,14.550000190734863,14.229999542236328,14.3100004196167,13151600,0.0,0.0
2015-01-16 00:00:00-05:00,14.25,14.479999542236328,14.170000076293945,14.460000038146973,8766400,0.0,0.0
2015-01-20 00:00:00-05:00,14.489999771118164,14.619999885559082,14.229999542236328,14.329999923706055,8455500,0.0,0.0
2015-01-21 00:00:00-05:00,14.270000457763672,14.479999542236328,14.239999771118164,14.390000343322754,7515900,0.0,0.0
2015-01-22 00:00:00-05:00,14.510000228881836,14.970000267028809,14.369999885559082,14.930000305175781,13704700,0.0,0.0
2015-01-23 00:00:00-05:00,14.869999885559082,15.020000457763672,14.739999771118164,14.84000015258789,13030000,0.0,0.0
2015-01-26 00:00:00-05:00,14.649999618530273,14.979999542236328,14.579999923706055,14.960000038146973,8537400,0.0,0.0
2015-01-27 00:00:00-05:00,14.869999885559082,14.930000305175781,14.680000305175781,14.739999771118164,7902600,0.0,0.0
2015-01-28 00:00:00-05:00,14.760000228881836,14.880000114440918,14.5600004196167,14.59000015258789,6854000,0.0,0.0
2015-01-29 00:00:00-05:00,14.569999694824219,14.920000076293945,14.529999732971191,14.850000381469727,10214100,0.0,0.0
2015-01-30 00:00:00-05:00,14.800000190734863,15.050000190734863,14.699999809265137,14.8100004196167,14003100,0.0,0.0
2015-02-02 00:00:00-05:00,14.8100004196167,14.84000015258789,14.430000305175781,14.609999656677246,9675200,0.0,0.0
2015-02-03 00:00:00-05:00,14.670000076293945,14.800000190734863,14.550000190734863,14.649999618530273,18812700,0.0,0.0
2015-02-04 00:00:00-05:00,15.0,15.279999732971191,14.869999885559082,14.960000038146973,27499100,0.0,0.0
2015-02-05 00:00:00-05:00,15.09000015258789,15.25,15.0600004196167,15.130000114440918,20838400,0.0,0.0
2015-02-06 00:00:00-05:00,15.149999618530273,15.220000267028809,14.65999984741211,14.720000267028809,13945200,0.0,0.0
2015-02-09 00:00:00-05:00,14.65999984741211,14.779999732971191,14.390000343322754,14.449999809265137,11297100,0.0,0.0
2015-02-10 00:00:00-05:00,14.5,14.75,14.449999809265137,14.720000267028809,7891800,0.0,0.0
2015-02-11 00:00:00-05:00,14.6899995803833,14.8100004196167,14.550000190734863,14.579999923706055,6227000,0.0,0.0
2015-02-12 00:00:00-05:00,14.649999618530273,14.8100004196167,14.569999694824219,14.739999771118164,6392200,0.0,0.0
2015-02-13 00:00:00-05:00,14.699999809265137,15.0,14.670000076293945,14.979999542236328,6731400,0.0,0.0
2015-02-17 00:00:00-05:00,14.8100004196167,14.890000343322754,14.6899995803833,14.84000015258789,9950700,0.0,0.0
2015-02-18 00:00:00-05:00,16.31999969482422,16.709999084472656,16.09000015258789,16.68000030517578,55380600,0.0,0.0
2015-02-19 00:00:00-05:00,16.559999465942383,16.559999465942383,16.270000457763672,16.450000762939453,20098600,0.0,0.0
2015-02-20 00:00:00-05:00,16.440000534057617,16.559999465942383,16.239999771118164,16.469999313354492,13707200,0.0,0.0
2015-02-23 00:00:00-05:00,16.399999618530273,16.559999465942383,16.260000228881836,16.309999465942383,11849000,0.0,0.0
2015-02-24 00:00:00-05:00,16.290000915527344,16.709999084472656,16.1299991607666,16.6200008392334,25563900,0.0,0.0
2015-02-25 00:00:00-05:00,16.6299991607666,16.969999313354492,16.530000686645508,16.920000076293945,18525800,0.0,0.0
2015-02-26 00:00:00-05:00,16.84000015258789,16.8799991607666,16.639999389648438,16.81999969482422,11323600,0.0,0.0
2015-02-27 00:00:00-05:00,16.829999923706055,17.010000228881836,16.75,16.899999618530273,11291000,0.0,0.0
2015-03-02 00:00:00-05:00,17.020000457763672,17.260000228881836,16.6299991607666,17.059999465942383,16094900,0.0,0.0
2015-03-03 00:00:00-05:00,17.049999237060547,17.079999923706055,16.65999984741211,16.760000228881836,10133600,0.0,0.0
2015-03-04 00:00:00-05:00,16.760000228881836,16.93000030517578,16.68000030517578,16.790000915527344,8162200,0.0,0.0
2015-03-05 00:00:00-05:00,16.81999969482422,17.06999969482422,16.799999237060547,16.969999313354492,9624100,0.0,0.0
2015-03-06 00:00:00-05:00,16.899999618530273,16.90999984741211,16.479999542236328,16.559999465942383,10105000,0.0,0.0
2015-03-09 00:00:00-04:00,16.540000915527344,16.690000534057617,16.420000076293945,16.600000381469727,6748100,0.0,0.0
2015-03-10 00:00:00-04:00,16.479999542236328,16.600000381469727,16.399999618530273,16.420000076293945,10594200,0.0,0.0
2015-03-11 00:00:00-04:00,16.559999465942383,16.670000076293945,16.3799991607666,16.579999923706055,7045100,0.0,0.0
2015-03-12 00:00:00-04:00,16.68000030517578,16.940000534057617,16.6299991607666,16.889999389648438,9202700,0.0,0.0
2015-03-13 00:00:00-04:00,16.84000015258789,16.90999984741211,16.440000534057617,16.610000610351562,7261900,0.0,0.0
2015-03-16 00:00:00-04:00,17.110000610351562,17.420000076293945,17.030000686645508,17.239999771118164,20810300,0.0,0.0
2015-03-17 00:00:00-04:00,17.420000076293945,17.809999465942383,17.270000457763672,17.399999618530273,22619100,0.0,0.0
2015-03-18 00:00:00-04:00,17.31999969482422,17.84000015258789,17.299999237060547,17.760000228881836,15151200,0.0,0.0
2015-03-19 00:00:00-04:00,17.799999237060547,17.84000015258789,17.59000015258789,17.809999465942383,9669600,0.0,0.0
2015-03-20 00:00:00-04:00,17.950000762939453,18.170000076293945,17.799999237060547,17.84000015258789,18358700,0.0,0.0
2015-03-23 00:00:00-04:00,17.8700008392334,18.059999465942383,17.760000228881836,17.979999542236328,7467600,0.0,0.0
2015-03-24 00:00:00-04:00,18.049999237060547,18.1299991607666,17.81999969482422,17.829999923706055,7673700,0.0,0.0
2015-03-25 00:00:00-04:00,17.81999969482422,17.989999771118164,17.5,17.520000457763672,9581800,0.0,0.0
2015-03-26 00:00:00-04:00,17.440000534057617,17.6299991607666,17.34000015258789,17.440000534057617,7598300,0.0,0.0
2015-03-27 00:00:00-04:00,17.56999969482422,17.8799991607666,17.520000457763672,17.829999923706055,6516500,0.0,0.0
2015-03-30 00:00:00-04:00,17.940000534057617,18.15999984741211,17.850000381469727,18.06999969482422,8079600,0.0,0.0
2015-03-31 00:00:00-04:00,17.950000762939453,17.950000762939453,17.700000762939453,17.75,8294700,0.0,0.0
2015-04-01 00:00:00-04:00,17.75,17.81999969482422,17.309999465942383,17.649999618530273,9807600,0.0,0.0
2015-04-02 00:00:00-04:00,17.65999984741211,17.829999923706055,17.540000915527344,17.719999313354492,5570000,0.0,0.0
2015-04-06 00:00:00-04:00,17.6200008392334,17.829999923706055,17.579999923706055,17.68000030517578,11405100,0.0,0.0
2015-04-07 00:00:00-04:00,17.729999542236328,17.90999984741211,17.670000076293945,17.690000534057617,6549200,0.0,0.0
2015-04-08 00:00:00-04:00,17.700000762939453,17.920000076293945,17.68000030517578,17.889999389648438,10918300,0.0,0.0
2015-04-09 00:00:00-04:00,17.760000228881836,18.1299991607666,17.760000228881836,18.100000381469727,7349300,0.0,0.0
2015-04-10 00:00:00-04:00,18.100000381469727,18.239999771118164,18.020000457763672,18.100000381469727,7935400,0.0,0.0
2015-04-13 00:00:00-04:00,18.100000381469727,18.229999542236328,17.770000457763672,17.799999237060547,6675200,0.0,0.0
2015-04-14 00:00:00-04:00,17.770000457763672,17.90999984741211,17.610000610351562,17.899999618530273,8542400,0.0,0.0
2015-04-15 00:00:00-04:00,17.979999542236328,18.149999618530273,17.889999389648438,18.040000915527344,8319800,0.0,0.0
2015-04-16 00:00:00-04:00,18.0,18.170000076293945,17.989999771118164,18.15999984741211,7440800,0.0,0.0
2015-04-17 00:00:00-04:00,18.040000915527344,18.399999618530273,17.8700008392334,18.399999618530273,17765900,0.0,0.0
2015-04-20 00:00:00-04:00,18.420000076293945,18.43000030517578,18.139999389648438,18.190000534057617,9604200,0.0,0.0
2015-04-21 00:00:00-04:00,18.239999771118164,18.31999969482422,18.1299991607666,18.309999465942383,9914500,0.0,0.0
2015-04-22 00:00:00-04:00,18.280000686645508,18.440000534057617,18.229999542236328,18.40999984741211,7415400,0.0,0.0
2015-04-23 00:00:00-04:00,18.389999389648438,18.489999771118164,18.299999237060547,18.420000076293945,6664200,0.0,0.0
2015-04-24 00:00:00-04:00,18.399999618530273,18.479999542236328,18.270000457763672,18.34000015258789,4823700,0.0,0.0
2015-04-27 00:00:00-04:00,18.3799991607666,18.5,17.90999984741211,17.979999542236328,13442200,0.0,0.0
2015-04-28 00:00:00-04:00,17.84000015258789,17.950000762939453,17.219999313354492,17.75,19394300,0.0,0.0
2015-04-29 00:00:00-04:00,17.690000534057617,17.799999237060547,17.479999542236328,17.59000015258789,18931400,0.0,0.0
2015-04-30 00:00:00-04:00,17.459999084472656,18.040000915527344,17.40999984741211,17.81999969482422,23450500,0.0,0.0
2015-05-01 00:00:00-04:00,17.850000381469727,17.850000381469727,17.40999984741211,17.739999771118164,21817900,0.0,0.0
2015-05-04 00:00:00-04:00,17.860000610351562,18.030000686645508,17.790000915527344,17.8799991607666,9516800,0.0,0.0
2015-05-05 00:00:00-04:00,17.84000015258789,17.84000015258789,17.299999237060547,17.3700008392334,11369800,0.0,0.0
2015-05-06 00:00:00-04:00,17.3700008392334,17.479999542236328,17.170000076293945,17.299999237060547,9747600,0.0,0.0
2015-05-07 00:00:00-04:00,17.31999969482422,17.40999984741211,17.1200008392334,17.18000030517578,7998500,0.0,0.0
2015-05-08 00:00:00-04:00,17.399999618530273,17.56999969482422,17.329999923706055,17.510000228881836,4921800,0.0,0.0
2015-05-11 00:00:00-04:00,17.450000762939453,17.579999923706055,17.3700008392334,17.469999313354492,6128300,0.0,0.0
2015-05-12 00:00:00-04:00,17.34000015258789,17.420000076293945,17.149999618530273,17.270000457763672,7323100,0.0,0.0
2015-05-13 00:00:00-04:00,17.239999771118164,17.40999984741211,17.200000762939453,17.229999542236328,7501400,0.0,0.0
2015-05-14 00:00:00-04:00,17.34000015258789,17.950000762939453,17.309999465942383,17.90999984741211,11846000,0.0,0.0
2015-05-15 00:00:00-04:00,17.8799991607666,17.940000534057617,17.770000457763672,17.850000381469727,7508000,0.0,0.0
2015-05-18 00:00:00-04:00,17.8799991607666,18.200000762939453,17.860000610351562,18.059999465942383,7840400,0.0,0.0
2015-05-19 00:00:00-04:00,18.06999969482422,18.149999618530273,17.93000030517578,18.1200008392334,5824000,0.0,0.0
2015-05-20 00:00:00-04:00,18.100000381469727,18.200000762939453,17.950000762939453,17.979999542236328,6047100,0.0,0.0
2015-05-21 00:00:00-04:00,17.90999984741211,17.989999771118164,17.790000915527344,17.8700008392334,4508200,0.0,0.0
2015-05-22 00:00:00-04:00,17.84000015258789,17.940000534057617,17.760000228881836,17.829999923706055,3607100,0.0,0.0
2015-05-26 00:00:00-04:00,17.719999313354492,17.8700008392334,17.709999084472656,17.770000457763672,7217100,0.0,0.0
2015-05-27 00:00:00-04:00,17.93000030517578,18.0,17.760000228881836,17.989999771118164,6454900,0.0,0.0
2015-05-28 00:00:00-04:00,17.969999313354492,18.450000762939453,17.90999984741211,18.270000457763672,26959300,0.0,0.0
2015-05-29 00:00:00-04:00,18.149999618530273,18.6200008392334,18.049999237060547,18.270000457763672,33431700,0.0,0.0
2015-06-01 00:00:00-04:00,18.360000610351562,18.610000610351562,18.229999542236328,18.510000228881836,10199500,0.0,0.0
2015-06-02 00:00:00-04:00,18.450000762939453,18.450000762939453,18.239999771118164,18.290000915527344,6790900,0.0,0.0
2015-06-03 00:00:00-04:00,18.360000610351562,18.389999389648438,18.170000076293945,18.229999542236328,5717600,0.0,0.0
2015-06-04 00:00:00-04:00,18.1299991607666,18.18000030517578,17.860000610351562,17.90999984741211,6965000,0.0,0.0
2015-06-05 00:00:00-04:00,17.899999618530273,17.920000076293945,17.719999313354492,17.850000381469727,5828100,0.0,0.0
2015-06-08 00:00:00-04:00,17.81999969482422,17.850000381469727,17.530000686645508,17.700000762939453,13034200,0.0,0.0
2015-06-09 00:00:00-04:00,17.690000534057617,17.760000228881836,17.360000610351562,17.389999389648438,11875700,0.0,0.0
2015-06-10 00:00:00-04:00,17.5,17.760000228881836,17.3799991607666,17.739999771118164,11729700,0.0,0.0
2015-06-11 00:00:00-04:00,17.739999771118164,17.920000076293945,17.639999389648438,17.809999465942383,7874200,0.0,0.0
2015-06-12 00:00:00-04:00,17.739999771118164,17.790000915527344,17.530000686645508,17.559999465942383,5390700,0.0,0.0
2015-06-15 00:00:00-04:00,17.420000076293945,17.450000762939453,17.209999084472656,17.3700008392334,8346500,0.0,0.0
2015-06-16 00:00:00-04:00,17.34000015258789,17.6299991607666,17.309999465942383,17.579999923706055,7131200,0.0,0.0
2015-06-17 00:00:00-04:00,17.6299991607666,17.770000457763672,17.559999465942383,17.610000610351562,6413100,0.0,0.0
2015-06-18 00:00:00-04:00,17.649999618530273,18.040000915527344,17.649999618530273,18.020000457763672,9627500,0.0,0.0
2015-06-19 00:00:00-04:00,18.0,18.09000015258789,17.81999969482422,17.84000015258789,25850700,0.0,0.0
2015-06-22 00:00:00-04:00,17.93000030517578,18.06999969482422,17.889999389648438,17.889999389648438,6729500,0.0,0.0
2015-06-23 00:00:00-04:00,17.93000030517578,18.059999465942383,17.90999984741211,17.950000762939453,8247500,0.0,0.0
2015-06-24 00:00:00-04:00,18.010000228881836,18.049999237060547,17.850000381469727,17.940000534057617,7616900,0.0,0.0
2015-06-25 00:00:00-04:00,17.969999313354492,18.280000686645508,17.93000030517578,18.229999542236328,9633300,0.0,0.0
2015-06-26 00:00:00-04:00,18.290000915527344,18.350000381469727,18.010000228881836,18.09000015258789,10722800,0.0,0.0
2015-06-29 00:00:00-04:00,17.90999984741211,18.25,17.780000686645508,17.809999465942383,11824100,0.0,0.0
2015-06-30 00:00:00-04:00,17.989999771118164,18.0,17.6200008392334,17.700000762939453,13621700,0.0,0.0
2015-07-01 00:00:00-04:00,17.81999969482422,17.959999084472656,17.700000762939453,17.799999237060547,8344500,0.0,0.0
2015-07-02 00:00:00-04:00,17.799999237060547,17.799999237060547,17.479999542236328,17.56999969482422,7220500,0.0,0.0
2015-07-06 00:00:00-04:00,17.420000076293945,17.68000030517578,17.420000076293945,17.549999237060547,11220600,0.0,0.0
2015-07-07 00:00:00-04:00,17.65999984741211,17.829999923706055,17.389999389648438,17.790000915527344,9335300,0.0,0.0
2015-07-08 00:00:00-04:00,17.68000030517578,17.739999771118164,17.450000762939453,17.450000762939453,9052400,0.0,0.0
2015-07-09 00:00:00-04:00,17.670000076293945,17.68000030517578,17.450000762939453,17.450000762939453,6763300,0.0,0.0
2015-07-10 00:00:00-04:00,17.65999984741211,17.729999542236328,17.510000228881836,17.600000381469727,7325200,0.0,0.0
2015-07-13 00:00:00-04:00,17.790000915527344,17.889999389648438,17.56999969482422,17.670000076293945,8891700,0.0,0.0
2015-07-14 00:00:00-04:00,17.700000762939453,17.950000762939453,17.68000030517578,17.889999389648438,8237500,0.0,0.0
2015-07-15 00:00:00-04:00,17.8700008392334,17.8700008392334,17.56999969482422,17.729999542236328,4523000,0.0,0.0
2015-07-16 00:00:00-04:00,17.8700008392334,17.950000762939453,17.770000457763672,17.950000762939453,4125900,0.0,0.0
2015-07-17 00:00:00-04:00,17.920000076293945,17.989999771118164,17.809999465942383,17.940000534057617,5926800,0.0,0.0
2015-07-20 00:00:00-04:00,17.920000076293945,17.979999542236328,17.84000015258789,17.8799991607666,4135900,0.0,0.0
2015-07-21 00:00:00-04:00,17.850000381469727,17.889999389648438,17.6200008392334,17.760000228881836,5299800,0.0,0.0
2015-07-22 00:00:00-04:00,17.780000686645508,18.110000610351562,17.770000457763672,18.020000457763672,11203500,0.0,0.0
2015-07-23 00:00:00-04:00,17.780000686645508,17.860000610351562,17.25,17.610000610351562,18670600,0.0,0.0
2015-07-24 00:00:00-04:00,17.469999313354492,17.719999313354492,17.309999465942383,17.360000610351562,8270700,0.0,0.0
2015-07-27 00:00:00-04:00,17.34000015258789,17.399999618530273,17.040000915527344,17.110000610351562,8747900,0.0,0.0
2015-07-28 00:00:00-04:00,17.200000762939453,17.510000228881836,16.959999084472656,17.510000228881836,10517600,0.0,0.0
2015-07-29 00:00:00-04:00,17.520000457763672,17.56999969482422,17.25,17.31999969482422,7823600,0.0,0.0
2015-07-30 00:00:00-04:00,17.260000228881836,17.3700008392334,17.139999389648438,17.25,5797700,0.0,0.0
2015-07-31 00:00:00-04:00,17.34000015258789,17.469999313354492,17.239999771118164,17.34000015258789,6842400,0.0,0.0
2015-08-03 00:00:00-04:00,17.3799991607666,17.399999618530273,16.989999771118164,17.110000610351562,8510000,0.0,0.0
2015-08-04 00:00:00-04:00,17.190000534057617,17.239999771118164,17.049999237060547,17.09000015258789,5972500,0.0,0.0
2015-08-05 00:00:00-04:00,17.200000762939453,17.690000534057617,17.18000030517578,17.670000076293945,11585100,0.0,0.0
2015-08-06 00:00:00-04:00,17.6200008392334,17.75,17.329999923706055,17.420000076293945,8602600,0.0,0.0
2015-08-07 00:00:00-04:00,17.420000076293945,17.450000762939453,17.049999237060547,17.290000915527344,6834300,0.0,0.0
2015-08-10 00:00:00-04:00,17.40999984741211,17.479999542236328,17.229999542236328,17.329999923706055,5290400,0.0,0.0
2015-08-11 00:00:00-04:00,17.25,17.3799991607666,17.06999969482422,17.139999389648438,4035200,0.0,0.0
2015-08-12 00:00:00-04:00,17.020000457763672,17.309999465942383,16.75,17.309999465942383,9497200,0.0,0.0
2015-08-13 00:00:00-04:00,17.329999923706055,17.559999465942383,17.219999313354492,17.25,5680000,0.0,0.0
2015-08-14 00:00:00-04:00,17.200000762939453,17.43000030517578,17.1200008392334,17.43000030517578,7934400,0.0,0.0
2015-08-17 00:00:00-04:00,17.31999969482422,17.59000015258789,17.190000534057617,17.56999969482422,5539500,0.0,0.0
2015-08-18 00:00:00-04:00,17.5,17.6299991607666,17.420000076293945,17.559999465942383,6309400,0.0,0.0
2015-08-19 00:00:00-04:00,17.479999542236328,17.56999969482422,17.239999771118164,17.360000610351562,6310600,0.0,0.0
2015-08-20 00:00:00-04:00,17.270000457763672,17.309999465942383,16.860000610351562,16.8700008392334,8041300,0.0,0.0
2015-08-21 00:00:00-04:00,16.709999084472656,16.75,16.31999969482422,16.350000381469727,11847300,0.0,0.0
2015-08-24 00:00:00-04:00,15.380000114440918,16.0,14.180000305175781,15.850000381469727,11303800,0.0,0.0
2015-08-25 00:00:00-04:00,16.020000457763672,16.459999084472656,15.779999732971191,15.779999732971191,11695700,0.0,0.0
2015-08-26 00:00:00-04:00,16.1299991607666,16.3799991607666,15.680000305175781,16.3700008392334,11469000,0.0,0.0
2015-08-27 00:00:00-04:00,17.049999237060547,17.149999618530273,16.56999969482422,16.940000534057617,11911000,0.0,0.0
2015-08-28 00:00:00-04:00,16.889999389648438,17.06999969482422,16.850000381469727,17.06999969482422,8056200,0.0,0.0
2015-08-31 00:00:00-04:00,17.040000915527344,17.1299991607666,16.709999084472656,16.739999771118164,5975700,0.0,0.0
2015-09-01 00:00:00-04:00,16.350000381469727,16.40999984741211,15.960000038146973,16.09000015258789,10265300,0.0,0.0
2015-09-02 00:00:00-04:00,16.299999237060547,16.510000228881836,16.15999984741211,16.510000228881836,7199000,0.0,0.0
2015-09-03 00:00:00-04:00,16.549999237060547,16.780000686645508,16.450000762939453,16.530000686645508,6513900,0.0,0.0
2015-09-04 00:00:00-04:00,16.299999237060547,16.43000030517578,16.0,16.239999771118164,5427900,0.0,0.0
2015-09-08 00:00:00-04:00,16.540000915527344,16.959999084472656,16.450000762939453,16.950000762939453,10884400,0.0,0.0
2015-09-09 00:00:00-04:00,17.1200008392334,17.1200008392334,16.579999923706055,16.6299991607666,7073600,0.0,0.0
2015-09-10 00:00:00-04:00,16.600000381469727,16.90999984741211,16.579999923706055,16.780000686645508,7546500,0.0,0.0
2015-09-11 00:00:00-04:00,16.729999542236328,17.030000686645508,16.6299991607666,16.889999389648438,5114600,0.0,0.0
2015-09-14 00:00:00-04:00,16.8700008392334,16.940000534057617,16.65999984741211,16.729999542236328,4588400,0.0,0.0
2015-09-15 00:00:00-04:00,16.829999923706055,17.18000030517578,16.719999313354492,17.079999923706055,10293000,0.0,0.0
2015-09-16 00:00:00-04:00,17.059999465942383,17.190000534057617,16.93000030517578,17.110000610351562,5215400,0.0,0.0
2015-09-17 00:00:00-04:00,17.219999313354492,17.43000030517578,17.079999923706055,17.200000762939453,8475400,0.0,0.0
2015-09-18 00:00:00-04:00,16.940000534057617,17.139999389648438,16.729999542236328,16.75,11096900,0.0,0.0
2015-09-21 00:00:00-04:00,16.8799991607666,16.959999084472656,16.549999237060547,16.719999313354492,8365000,0.0,0.0
2015-09-22 00:00:00-04:00,16.559999465942383,16.690000534057617,16.399999618530273,16.549999237060547,5103600,0.0,0.0
2015-09-23 00:00:00-04:00,16.579999923706055,16.889999389648438,16.5,16.75,6697800,0.0,0.0
2015-09-24 00:00:00-04:00,16.6299991607666,16.899999618530273,16.610000610351562,16.790000915527344,8841000,0.0,0.0
2015-09-25 00:00:00-04:00,16.950000762939453,17.030000686645508,16.260000228881836,16.309999465942383,8928200,0.0,0.0
2015-09-28 00:00:00-04:00,16.3700008392334,16.450000762939453,15.829999923706055,15.880000114440918,12272500,0.0,0.0
2015-09-29 00:00:00-04:00,15.880000114440918,16.190000534057617,15.729999542236328,16.0,9296600,0.0,0.0
2015-09-30 00:00:00-04:00,16.190000534057617,16.459999084472656,16.110000610351562,16.40999984741211,14058400,0.0,0.0
2015-10-01 00:00:00-04:00,16.5,16.709999084472656,16.329999923706055,16.690000534057617,9982700,0.0,0.0
2015-10-02 00:00:00-04:00,16.43000030517578,16.93000030517578,16.25,16.920000076293945,12171000,0.0,0.0
2015-10-05 00:00:00-04:00,17.3799991607666,17.479999542236328,16.950000762939453,17.06999969482422,11321700,0.0,0.0
2015-10-06 00:00:00-04:00,17.049999237060547,17.1299991607666,16.420000076293945,16.56999969482422,14237700,0.0,0.0
2015-10-07 00:00:00-04:00,16.65999984741211,16.850000381469727,16.530000686645508,16.81999969482422,11441300,0.0,0.0
2015-10-08 00:00:00-04:00,16.84000015258789,16.8799991607666,16.43000030517578,16.790000915527344,8714500,0.0,0.0
2015-10-09 00:00:00-04:00,16.780000686645508,16.940000534057617,16.670000076293945,16.8799991607666,8346800,0.0,0.0
2015-10-12 00:00:00-04:00,16.84000015258789,16.979999542236328,16.6200008392334,16.940000534057617,8284200,0.0,0.0
2015-10-13 00:00:00-04:00,16.84000015258789,16.93000030517578,16.690000534057617,16.729999542236328,6035900,0.0,0.0
2015-10-14 00:00:00-04:00,16.739999771118164,17.0,16.610000610351562,16.65999984741211,7783800,0.0,0.0
2015-10-15 00:00:00-04:00,16.68000030517578,16.889999389648438,16.540000915527344,16.850000381469727,7456700,0.0,0.0
2015-10-16 00:00:00-04:00,16.959999084472656,17.190000534057617,16.84000015258789,17.06999969482422,5756500,0.0,0.0
2015-10-19 00:00:00-04:00,17.06999969482422,17.200000762939453,16.8799991607666,17.079999923706055,6423800,0.0,0.0
2015-10-20 00:00:00-04:00,17.059999465942383,17.239999771118164,16.950000762939453,17.190000534057617,8056600,0.0,0.0
2015-10-21 00:00:00-04:00,17.260000228881836,17.299999237060547,16.940000534057617,17.190000534057617,10734700,0.0,0.0
2015-10-22 00:00:00-04:00,17.209999084472656,17.25,16.270000457763672,16.420000076293945,16967800,0.0,0.0
2015-10-23 00:00:00-04:00,16.489999771118164,16.860000610351562,16.489999771118164,16.729999542236328,8740300,0.0,0.0
2015-10-26 00:00:00-04:00,16.729999542236328,16.93000030517578,16.610000610351562,16.700000762939453,7441900,0.0,0.0
2015-10-27 00:00:00-04:00,16.68000030517578,16.8700008392334,16.639999389648438,16.81999969482422,9835800,0.0,0.0
2015-10-28 00:00:00-04:00,17.299999237060547,18.40999984741211,17.290000915527344,18.399999618530273,27839900,0.0,0.0
2015-10-29 00:00:00-04:00,18.3799991607666,18.40999984741211,17.940000534057617,18.18000030517578,13897300,0.0,0.0
2015-10-30 00:00:00-04:00,18.190000534057617,18.399999618530273,18.1299991607666,18.280000686645508,10157300,0.0,0.0
2015-11-02 00:00:00-05:00,18.280000686645508,18.920000076293945,18.229999542236328,18.860000610351562,13118600,0.0,0.0
2015-11-03 00:00:00-05:00,18.760000228881836,18.770000457763672,18.489999771118164,18.670000076293945,7958500,0.0,0.0
2015-11-04 00:00:00-05:00,18.690000534057617,18.75,18.43000030517578,18.670000076293945,7518800,0.0,0.0
2015-11-05 00:00:00-05:00,18.700000762939453,19.059999465942383,18.549999237060547,18.940000534057617,9920500,0.0,0.0
2015-11-06 00:00:00-05:00,18.889999389648438,18.969999313354492,18.639999389648438,18.780000686645508,13546800,0.0,0.0
2015-11-09 00:00:00-05:00,18.670000076293945,18.760000228881836,18.43000030517578,18.59000015258789,8181600,0.0,0.0
2015-11-10 00:00:00-05:00,18.600000381469727,18.889999389648438,18.530000686645508,18.799999237060547,7812500,0.0,0.0
2015-11-11 00:00:00-05:00,18.1299991607666,18.270000457763672,17.920000076293945,18.010000228881836,21238300,0.0,0.0
2015-11-12 00:00:00-05:00,18.110000610351562,18.149999618530273,17.739999771118164,17.739999771118164,8626300,0.0,0.0
2015-11-13 00:00:00-05:00,17.719999313354492,17.809999465942383,17.5,17.510000228881836,8375200,0.0,0.0
2015-11-16 00:00:00-05:00,17.520000457763672,17.790000915527344,17.5,17.739999771118164,9254900,0.0,0.0
2015-11-17 00:00:00-05:00,17.719999313354492,17.81999969482422,17.540000915527344,17.579999923706055,8339700,0.0,0.0
2015-11-18 00:00:00-05:00,17.68000030517578,17.81999969482422,17.459999084472656,17.770000457763672,14926200,0.0,0.0
2015-11-19 00:00:00-05:00,17.75,17.81999969482422,17.510000228881836,17.6200008392334,6045500,0.0,0.0
2015-11-20 00:00:00-05:00,17.780000686645508,17.979999542236328,17.690000534057617,17.8700008392334,8357500,0.0,0.0
2015-11-23 00:00:00-05:00,17.850000381469727,18.200000762939453,17.829999923706055,18.100000381469727,11663700,0.0,0.0
2015-11-24 00:00:00-05:00,17.979999542236328,18.579999923706055,17.920000076293945,18.31999969482422,11863700,0.0,0.0
2015-11-25 00:00:00-05:00,18.299999237060547,18.399999618530273,18.270000457763672,18.3799991607666,5379100,0.0,0.0
2015-11-27 00:00:00-05:00,18.399999618530273,18.520000457763672,18.299999237060547,18.329999923706055,2058000,0.0,0.0
2015-11-30 00:00:00-05:00,18.399999618530273,18.469999313354492,18.239999771118164,18.280000686645508,6438400,0.0,0.0
2015-12-01 00:00:00-05:00,18.450000762939453,18.540000915527344,18.209999084472656,18.520000457763672,9490000,0.0,0.0
2015-12-02 00:00:00-05:00,18.5,18.6200008392334,18.3799991607666,18.40999984741211,6044600,0.0,0.0
2015-12-03 00:00:00-05:00,18.40999984741211,18.540000915527344,17.989999771118164,18.040000915527344,7867000,0.0,0.0
2015-12-04 00:00:00-05:00,18.09000015258789,18.520000457763672,18.059999465942383,18.510000228881836,7113200,0.0,0.0
2015-12-07 00:00:00-05:00,18.450000762939453,18.600000381469727,18.290000915527344,18.56999969482422,8696500,0.0,0.0
2015-12-08 00:00:00-05:00,18.459999084472656,18.770000457763672,18.3700008392334,18.729999542236328,14709300,0.0,0.0
2015-12-09 00:00:00-05:00,18.579999923706055,18.850000381469727,18.399999618530273,18.479999542236328,11208900,0.0,0.0
2015-12-10 00:00:00-05:00,18.469999313354492,18.65999984741211,18.350000381469727,18.440000534057617,8081400,0.0,0.0
2015-12-11 00:00:00-05:00,18.190000534057617,18.350000381469727,18.0,18.100000381469727,8994900,0.0,0.0
2015-12-14 00:00:00-05:00,18.149999618530273,18.540000915527344,18.139999389648438,18.389999389648438,9432800,0.0,0.0
2015-12-15 00:00:00-05:00,18.600000381469727,18.75,18.510000228881836,18.65999984741211,8591000,0.0,0.0
2015-12-16 00:00:00-05:00,18.860000610351562,18.940000534057617,18.5,18.8799991607666,8069300,0.0,0.0
2015-12-17 00:00:00-05:00,18.860000610351562,18.899999618530273,18.56999969482422,18.600000381469727,6507200,0.0,0.0
2015-12-18 00:00:00-05:00,18.450000762939453,18.510000228881836,18.1299991607666,18.190000534057617,14910900,0.0,0.0
2015-12-21 00:00:00-05:00,18.309999465942383,18.360000610351562,18.1200008392334,18.270000457763672,5201800,0.0,0.0
2015-12-22 00:00:00-05:00,18.3700008392334,18.530000686645508,18.020000457763672,18.489999771118164,7755000,0.0,0.0
2015-12-23 00:00:00-05:00,18.610000610351562,18.780000686645508,18.520000457763672,18.739999771118164,4657600,0.0,0.0
2015-12-24 00:00:00-05:00,18.649999618530273,18.84000015258789,18.639999389648438,18.719999313354492,1867100,0.0,0.0
2015-12-28 00:00:00-05:00,18.639999389648438,18.739999771118164,18.479999542236328,18.729999542236328,3303700,0.0,0.0
2015-12-29 00:00:00-05:00,18.81999969482422,18.860000610351562,18.639999389648438,18.739999771118164,5214800,0.0,0.0
2015-12-30 00:00:00-05:00,18.75,18.799999237060547,18.540000915527344,18.610000610351562,3734900,0.0,0.0
2015-12-31 00:00:00-05:00,18.479999542236328,18.65999984741211,18.440000534057617,18.440000534057617,5375400,0.0,0.0
2016-01-04 00:00:00-05:00,18.15999984741211,18.15999984741211,17.809999465942383,17.989999771118164,9750100,0.0,0.0
2016-01-05 00:00:00-05:00,18.0,18.270000457763672,17.989999771118164,18.18000030517578,6737900,0.0,0.0
2016-01-06 00:00:00-05:00,17.940000534057617,18.229999542236328,17.860000610351562,18.0,8014200,0.0,0.0
2016-01-07 00:00:00-05:00,17.639999389648438,17.899999618530273,17.479999542236328,17.639999389648438,7777700,0.0,0.0
2016-01-08 00:00:00-05:00,17.700000762939453,17.719999313354492,17.3700008392334,17.43000030517578,9210500,0.0,0.0
2016-01-11 00:00:00-05:00,17.479999542236328,17.510000228881836,16.950000762939453,17.1299991607666,12283600,0.0,0.0
2016-01-12 00:00:00-05:00,17.239999771118164,17.860000610351562,17.18000030517578,17.790000915527344,14960400,0.0,0.0
2016-01-13 00:00:00-05:00,17.889999389648438,18.3799991607666,17.520000457763672,17.549999237060547,21569000,0.0,0.0
2016-01-14 00:00:00-05:00,17.6299991607666,18.329999923706055,17.549999237060547,18.15999984741211,13215400,0.0,0.0
2016-01-15 00:00:00-05:00,17.700000762939453,18.040000915527344,17.610000610351562,17.8700008392334,13637000,0.0,0.0
2016-01-19 00:00:00-05:00,18.030000686645508,18.329999923706055,17.399999618530273,17.56999969482422,15022900,0.0,0.0
2016-01-20 00:00:00-05:00,17.31999969482422,17.700000762939453,16.8700008392334,17.540000915527344,12460700,0.0,0.0
2016-01-21 00:00:00-05:00,17.579999923706055,17.81999969482422,17.3700008392334,17.559999465942383,10288900,0.0,0.0
2016-01-22 00:00:00-05:00,17.809999465942383,17.93000030517578,17.700000762939453,17.850000381469727,6231600,0.0,0.0
2016-01-25 00:00:00-05:00,17.809999465942383,17.969999313354492,17.459999084472656,17.530000686645508,9349400,0.0,0.0
2016-01-26 00:00:00-05:00,17.6200008392334,17.65999984741211,17.329999923706055,17.3799991607666,10803500,0.0,0.0
2016-01-27 00:00:00-05:00,17.3700008392334,17.559999465942383,17.1299991607666,17.219999313354492,9374900,0.0,0.0
2016-01-28 00:00:00-05:00,17.280000686645508,17.309999465942383,16.68000030517578,16.899999618530273,8088500,0.0,0.0
2016-01-29 00:00:00-05:00,17.020000457763672,17.56999969482422,17.010000228881836,17.530000686645508,11113900,0.0,0.0
2016-02-01 00:00:00-05:00,17.450000762939453,18.020000457763672,17.270000457763672,17.8799991607666,14901800,0.0,0.0
2016-02-02 00:00:00-05:00,17.6299991607666,17.940000534057617,17.59000015258789,17.84000015258789,12802100,0.0,0.0
2016-02-03 00:00:00-05:00,18.0,18.0,17.309999465942383,17.729999542236328,14933100,0.0,0.0
2016-02-04 00:00:00-05:00,17.25,17.5,16.670000076293945,17.34000015258789,29665600,0.0,0.0
2016-02-05 00:00:00-05:00,17.25,17.43000030517578,16.579999923706055,16.6200008392334,17077300,0.0,0.0
2016-02-08 00:00:00-05:00,16.450000762939453,16.510000228881836,15.670000076293945,16.06999969482422,16522500,0.0,0.0
2016-02-09 00:00:00-05:00,16.420000076293945,16.959999084472656,16.25,16.8700008392334,20135400,0.0,0.0
2016-02-10 00:00:00-05:00,16.989999771118164,17.260000228881836,16.8799991607666,16.920000076293945,9801600,0.0,0.0
2016-02-11 00:00:00-05:00,16.600000381469727,16.799999237060547,16.420000076293945,16.579999923706055,9735300,0.0,0.0
2016-02-12 00:00:00-05:00,16.700000762939453,16.739999771118164,16.399999618530273,16.639999389648438,6172800,0.0,0.0
2016-02-16 00:00:00-05:00,16.780000686645508,17.229999542236328,16.6200008392334,17.15999984741211,9293700,0.0,0.0
2016-02-17 00:00:00-05:00,17.399999618530273,17.6299991607666,17.149999618530273,17.56999969482422,9754800,0.0,0.0
2016-02-18 00:00:00-05:00,17.540000915527344,17.700000762939453,17.18000030517578,17.209999084472656,7226900,0.0,0.0
2016-02-19 00:00:00-05:00,17.18000030517578,17.25,16.979999542236328,17.15999984741211,6823400,0.0,0.0
2016-02-22 00:00:00-05:00,17.15999984741211,17.399999618530273,17.15999984741211,17.260000228881836,6139000,0.0,0.0
2016-02-23 00:00:00-05:00,17.110000610351562,17.34000015258789,17.079999923706055,17.239999771118164,7220700,0.0,0.0
2016-02-24 00:00:00-05:00,17.139999389648438,17.3799991607666,17.09000015258789,17.329999923706055,8001600,0.0,0.0
2016-02-25 00:00:00-05:00,17.479999542236328,17.540000915527344,17.170000076293945,17.31999969482422,10619500,0.0,0.0
2016-02-26 00:00:00-05:00,17.350000381469727,17.479999542236328,17.190000534057617,17.209999084472656,11610700,0.0,0.0
2016-02-29 00:00:00-05:00,17.170000076293945,17.25,16.979999542236328,16.979999542236328,10901200,0.0,0.0
2016-03-01 00:00:00-05:00,17.020000457763672,17.270000457763672,16.81999969482422,17.219999313354492,8749200,0.0,0.0
2016-03-02 00:00:00-05:00,17.18000030517578,17.399999618530273,17.0,17.3700008392334,10884000,0.0,0.0
2016-03-03 00:00:00-05:00,17.260000228881836,17.459999084472656,17.239999771118164,17.40999984741211,6907400,0.0,0.0
2016-03-04 00:00:00-05:00,17.420000076293945,17.610000610351562,17.299999237060547,17.440000534057617,4921500,0.0,0.0
2016-03-07 00:00:00-05:00,17.290000915527344,17.510000228881836,17.280000686645508,17.329999923706055,5321900,0.0,0.0
2016-03-08 00:00:00-05:00,17.229999542236328,17.43000030517578,17.190000534057617,17.350000381469727,7146800,0.0,0.0
2016-03-09 00:00:00-05:00,17.40999984741211,17.43000030517578,17.1299991607666,17.420000076293945,8407400,0.0,0.0
2016-03-10 00:00:00-05:00,17.459999084472656,17.579999923706055,17.219999313354492,17.479999542236328,8740700,0.0,0.0
2016-03-11 00:00:00-05:00,17.549999237060547,18.09000015258789,17.549999237060547,18.049999237060547,8380500,0.0,0.0
2016-03-14 00:00:00-04:00,17.899999618530273,18.18000030517578,17.829999923706055,18.139999389648438,7684100,0.0,0.0
2016-03-15 00:00:00-04:00,18.020000457763672,18.18000030517578,17.829999923706055,17.90999984741211,5605200,0.0,0.0
2016-03-16 00:00:00-04:00,17.8799991607666,17.950000762939453,17.700000762939453,17.889999389648438,4494400,0.0,0.0
2016-03-17 00:00:00-04:00,17.899999618530273,18.0,17.579999923706055,17.93000030517578,9702800,0.0,0.0
2016-03-18 00:00:00-04:00,18.0,18.299999237060547,17.93000030517578,18.1200008392334,10642500,0.0,0.0
2016-03-21 00:00:00-04:00,18.030000686645508,18.110000610351562,17.8700008392334,18.110000610351562,6189300,0.0,0.0
2016-03-22 00:00:00-04:00,17.959999084472656,18.469999313354492,17.950000762939453,18.290000915527344,9641700,0.0,0.0
2016-03-23 00:00:00-04:00,18.350000381469727,18.3700008392334,18.06999969482422,18.15999984741211,6895600,0.0,0.0
2016-03-24 00:00:00-04:00,18.020000457763672,18.06999969482422,17.780000686645508,17.93000030517578,4358500,0.0,0.0
2016-03-28 00:00:00-04:00,18.0,18.06999969482422,17.8700008392334,18.040000915527344,5242600,0.0,0.0
2016-03-29 00:00:00-04:00,18.040000915527344,18.6299991607666,17.989999771118164,18.549999237060547,10433500,0.0,0.0
2016-03-30 00:00:00-04:00,18.600000381469727,18.84000015258789,18.510000228881836,18.81999969482422,12500300,0.0,0.0
2016-03-31 00:00:00-04:00,18.850000381469727,18.889999389648438,18.610000610351562,18.809999465942383,8828700,0.0,0.0
2016-04-01 00:00:00-04:00,18.719999313354492,19.0,18.649999618530273,18.940000534057617,8323000,0.0,0.0
2016-04-04 00:00:00-04:00,18.950000762939453,19.479999542236328,18.93000030517578,19.469999313354492,12221400,0.0,0.0
2016-04-05 00:00:00-04:00,19.299999237060547,19.549999237060547,19.149999618530273,19.170000076293945,10290200,0.0,0.0
2016-04-06 00:00:00-04:00,19.260000228881836,19.670000076293945,19.139999389648438,19.559999465942383,11991500,0.0,0.0
2016-04-07 00:00:00-04:00,19.479999542236328,19.549999237060547,19.18000030517578,19.290000915527344,9557000,0.0,0.0
2016-04-08 00:00:00-04:00,19.450000762939453,19.489999771118164,19.219999313354492,19.309999465942383,4966300,0.0,0.0
2016-04-11 00:00:00-04:00,19.270000457763672,19.34000015258789,19.110000610351562,19.170000076293945,7006400,0.0,0.0
2016-04-12 00:00:00-04:00,19.219999313354492,19.34000015258789,19.139999389648438,19.309999465942383,4305600,0.0,0.0
2016-04-13 00:00:00-04:00,19.399999618530273,19.59000015258789,19.280000686645508,19.56999969482422,6105300,0.0,0.0
2016-04-14 00:00:00-04:00,19.579999923706055,19.6200008392334,19.489999771118164,19.549999237060547,4830300,0.0,0.0
2016-04-15 00:00:00-04:00,19.549999237060547,19.559999465942383,19.350000381469727,19.459999084472656,6451500,0.0,0.0
2016-04-18 00:00:00-04:00,19.459999084472656,19.540000915527344,19.34000015258789,19.469999313354492,8678100,0.0,0.0
2016-04-19 00:00:00-04:00,19.520000457763672,19.670000076293945,19.479999542236328,19.670000076293945,10021800,0.0,0.0
2016-04-20 00:00:00-04:00,19.739999771118164,19.799999237060547,19.3799991607666,19.649999618530273,8967100,0.0,0.0
2016-04-21 00:00:00-04:00,19.649999618530273,19.719999313354492,19.489999771118164,19.59000015258789,6336600,0.0,0.0
2016-04-22 00:00:00-04:00,19.649999618530273,19.84000015258789,19.520000457763672,19.760000228881836,8134000,0.0,0.0
2016-04-25 00:00:00-04:00,19.719999313354492,19.84000015258789,19.65999984741211,19.739999771118164,9731200,0.0,0.0
2016-04-26 00:00:00-04:00,19.84000015258789,19.8700008392334,19.59000015258789,19.690000534057617,12252200,0.0,0.0
2016-04-27 00:00:00-04:00,21.450000762939453,22.049999237060547,20.969999313354492,21.889999389648438,47126600,0.0,0.0
2016-04-28 00:00:00-04:00,22.06999969482422,22.420000076293945,21.700000762939453,21.829999923706055,29460000,0.0,0.0
2016-04-29 00:00:00-04:00,21.649999618530273,21.959999084472656,21.649999618530273,21.920000076293945,11597500,0.0,0.0
2016-05-02 00:00:00-04:00,21.920000076293945,22.219999313354492,21.84000015258789,22.0,11017400,0.0,0.0
2016-05-03 00:00:00-04:00,21.889999389648438,22.020000457763672,21.600000381469727,21.780000686645508,8318900,0.0,0.0
2016-05-04 00:00:00-04:00,21.670000076293945,21.889999389648438,21.479999542236328,21.809999465942383,9235500,0.0,0.0
2016-05-05 00:00:00-04:00,21.770000457763672,21.920000076293945,21.700000762939453,21.799999237060547,8024800,0.0,0.0
2016-05-06 00:00:00-04:00,21.719999313354492,22.079999923706055,21.639999389648438,22.030000686645508,9714600,0.0,0.0
2016-05-09 00:00:00-04:00,22.0,22.219999313354492,21.959999084472656,22.139999389648438,8048400,0.0,0.0
2016-05-10 00:00:00-04:00,22.200000762939453,22.25,22.100000381469727,22.219999313354492,7628600,0.0,0.0
2016-05-11 00:00:00-04:00,22.149999618530273,22.25,22.040000915527344,22.059999465942383,5112900,0.0,0.0
2016-05-12 00:00:00-04:00,22.209999084472656,22.209999084472656,21.84000015258789,22.049999237060547,5715400,0.0,0.0
2016-05-13 00:00:00-04:00,22.0,22.360000610351562,21.920000076293945,22.350000381469727,16808400,0.0,0.0
2016-05-16 00:00:00-04:00,22.3700008392334,23.010000228881836,22.31999969482422,22.670000076293945,22901300,0.0,0.0
2016-05-17 00:00:00-04:00,22.670000076293945,22.739999771118164,22.170000076293945,22.309999465942383,11439400,0.0,0.0
2016-05-18 00:00:00-04:00,22.270000457763672,22.420000076293945,22.079999923706055,22.290000915527344,9845500,0.0,0.0
2016-05-19 00:00:00-04:00,22.149999618530273,22.309999465942383,22.020000457763672,22.170000076293945,7417600,0.0,0.0
2016-05-20 00:00:00-04:00,22.290000915527344,22.520000457763672,22.209999084472656,22.3700008392334,8533200,0.0,0.0
2016-05-23 00:00:00-04:00,22.149999618530273,22.5,22.0,22.360000610351562,6977700,0.0,0.0
2016-05-24 00:00:00-04:00,22.479999542236328,22.649999618530273,22.389999389648438,22.530000686645508,12424000,0.0,0.0
2016-05-25 00:00:00-04:00,22.540000915527344,22.6200008392334,22.31999969482422,22.389999389648438,8638200,0.0,0.0
2016-05-26 00:00:00-04:00,22.3700008392334,22.639999389648438,22.290000915527344,22.559999465942383,6915900,0.0,0.0
2016-05-27 00:00:00-04:00,22.600000381469727,22.639999389648438,22.5,22.579999923706055,5446200,0.0,0.0
2016-05-31 00:00:00-04:00,22.559999465942383,22.75,22.520000457763672,22.709999084472656,9148500,0.0,0.0
2016-06-01 00:00:00-04:00,22.649999618530273,22.770000457763672,22.579999923706055,22.709999084472656,7225800,0.0,0.0
2016-06-02 00:00:00-04:00,22.649999618530273,23.030000686645508,22.639999389648438,22.989999771118164,7136800,0.0,0.0
2016-06-03 00:00:00-04:00,22.979999542236328,22.989999771118164,22.729999542236328,22.799999237060547,13065100,0.0,0.0
2016-06-06 00:00:00-04:00,22.799999237060547,22.829999923706055,22.65999984741211,22.75,10643200,0.0,0.0
2016-06-07 00:00:00-04:00,22.739999771118164,22.760000228881836,22.540000915527344,22.6299991607666,16328600,0.0,0.0
2016-06-08 00:00:00-04:00,22.649999618530273,22.920000076293945,22.5,22.799999237060547,11576600,0.0,0.0
2016-06-09 00:00:00-04:00,22.760000228881836,23.350000381469727,22.760000228881836,23.31999969482422,19189300,0.0,0.0
2016-06-10 00:00:00-04:00,23.219999313354492,23.239999771118164,22.8799991607666,23.020000457763672,10149000,0.0,0.0
2016-06-13 00:00:00-04:00,22.959999084472656,23.149999618530273,22.899999618530273,22.950000762939453,8228000,0.0,0.0
2016-06-14 00:00:00-04:00,22.8700008392334,22.93000030517578,22.670000076293945,22.93000030517578,9526900,0.0,0.0
2016-06-15 00:00:00-04:00,23.020000457763672,23.040000915527344,22.75,22.799999237060547,6450800,0.0,0.0
2016-06-16 00:00:00-04:00,22.719999313354492,22.84000015258789,22.510000228881836,22.829999923706055,5474800,0.0,0.0
2016-06-17 00:00:00-04:00,22.8700008392334,22.90999984741211,22.31999969482422,22.489999771118164,40495400,0.0,0.0
2016-06-20 00:00:00-04:00,22.770000457763672,22.969999313354492,22.709999084472656,22.850000381469727,10088300,0.0,0.0
2016-06-21 00:00:00-04:00,22.969999313354492,23.020000457763672,22.68000030517578,22.760000228881836,9824800,0.0,0.0
2016-06-22 00:00:00-04:00,22.850000381469727,22.979999542236328,22.56999969482422,22.65999984741211,8446600,0.0,0.0
2016-06-23 00:00:00-04:00,22.90999984741211,22.969999313354492,22.84000015258789,22.969999313354492,11494900,0.0,0.0
2016-06-24 00:00:00-04:00,22.350000381469727,22.950000762939453,22.299999237060547,22.3700008392334,39356600,0.0,0.0
2016-06-27 00:00:00-04:00,22.219999313354492,22.280000686645508,21.829999923706055,21.979999542236328,14233100,0.0,0.0
2016-06-28 00:00:00-04:00,22.200000762939453,22.3700008392334,22.100000381469727,22.350000381469727,14216800,0.0,0.0
2016-06-29 00:00:00-04:00,22.549999237060547,23.1200008392334,22.549999237060547,23.030000686645508,12689600,0.0,0.0
2016-06-30 00:00:00-04:00,23.06999969482422,23.3700008392334,23.040000915527344,23.3700008392334,11094700,0.0,0.0
2016-07-01 00:00:00-04:00,23.399999618530273,23.489999771118164,23.290000915527344,23.40999984741211,8180200,0.0,0.0
2016-07-05 00:00:00-04:00,23.290000915527344,23.43000030517578,23.209999084472656,23.299999237060547,10843300,0.0,0.0
2016-07-06 00:00:00-04:00,23.209999084472656,23.690000534057617,23.15999984741211,23.670000076293945,12576700,0.0,0.0
2016-07-07 00:00:00-04:00,23.670000076293945,23.799999237060547,23.540000915527344,23.65999984741211,7007500,0.0,0.0
2016-07-08 00:00:00-04:00,23.799999237060547,23.969999313354492,23.65999984741211,23.899999618530273,6861100,0.0,0.0
2016-07-11 00:00:00-04:00,23.959999084472656,23.989999771118164,23.760000228881836,23.770000457763672,6401500,0.0,0.0
2016-07-12 00:00:00-04:00,23.829999923706055,23.989999771118164,23.579999923706055,23.639999389648438,11958500,0.0,0.0
2016-07-13 00:00:00-04:00,23.700000762939453,23.770000457763672,23.549999237060547,23.6299991607666,7704300,0.0,0.0
2016-07-14 00:00:00-04:00,23.790000915527344,23.860000610351562,23.65999984741211,23.780000686645508,7583500,0.0,0.0
2016-07-15 00:00:00-04:00,23.889999389648438,23.940000534057617,23.520000457763672,23.579999923706055,6094300,0.0,0.0
2016-07-18 00:00:00-04:00,23.65999984741211,23.709999084472656,23.510000228881836,23.579999923706055,5210800,0.0,0.0
2016-07-19 00:00:00-04:00,23.540000915527344,23.809999465942383,23.5,23.75,7539500,0.0,0.0
2016-07-20 00:00:00-04:00,24.040000915527344,24.450000762939453,23.81999969482422,24.260000228881836,10868100,0.0,0.0
2016-07-21 00:00:00-04:00,24.18000030517578,24.280000686645508,23.729999542236328,23.920000076293945,7705100,0.0,0.0
2016-07-22 00:00:00-04:00,23.860000610351562,24.010000228881836,23.700000762939453,23.920000076293945,11053700,0.0,0.0
2016-07-25 00:00:00-04:00,23.920000076293945,23.979999542236328,23.6200008392334,23.700000762939453,7567600,0.0,0.0
2016-07-26 00:00:00-04:00,23.709999084472656,23.989999771118164,23.639999389648438,23.979999542236328,6308900,0.0,0.0
2016-07-27 00:00:00-04:00,23.989999771118164,24.110000610351562,23.520000457763672,23.65999984741211,10732900,0.0,0.0
2016-07-28 00:00:00-04:00,24.440000534057617,24.790000915527344,23.829999923706055,24.34000015258789,24280500,0.0,0.0
2016-07-29 00:00:00-04:00,24.329999923706055,24.559999465942383,23.979999542236328,24.280000686645508,13047300,0.0,0.0
2016-08-01 00:00:00-04:00,24.3799991607666,24.719999313354492,24.34000015258789,24.43000030517578,7267400,0.0,0.0
2016-08-02 00:00:00-04:00,24.34000015258789,24.43000030517578,23.989999771118164,24.170000076293945,7115500,0.0,0.0
2016-08-03 00:00:00-04:00,24.170000076293945,24.219999313354492,23.75,23.84000015258789,6151500,0.0,0.0
2016-08-04 00:00:00-04:00,23.81999969482422,24.200000762939453,23.739999771118164,24.139999389648438,8460700,0.0,0.0
2016-08-05 00:00:00-04:00,24.15999984741211,24.239999771118164,24.06999969482422,24.139999389648438,5602200,0.0,0.0
2016-08-08 00:00:00-04:00,24.15999984741211,24.18000030517578,23.81999969482422,23.8799991607666,6959400,0.0,0.0
2016-08-09 00:00:00-04:00,23.979999542236328,24.219999313354492,23.8799991607666,24.149999618530273,7090800,0.0,0.0
2016-08-10 00:00:00-04:00,24.139999389648438,24.15999984741211,23.780000686645508,23.8799991607666,6047200,0.0,0.0
2016-08-11 00:00:00-04:00,23.899999618530273,23.950000762939453,23.739999771118164,23.860000610351562,6190100,0.0,0.0
2016-08-12 00:00:00-04:00,23.860000610351562,23.889999389648438,23.709999084472656,23.889999389648438,4258600,0.0,0.0
2016-08-15 00:00:00-04:00,23.979999542236328,24.079999923706055,23.829999923706055,23.969999313354492,5015900,0.0,0.0
2016-08-16 00:00:00-04:00,23.809999465942383,23.979999542236328,23.770000457763672,23.8700008392334,6466300,0.0,0.0
2016-08-17 00:00:00-04:00,23.899999618530273,23.940000534057617,23.780000686645508,23.899999618530273,6405200,0.0,0.0
2016-08-18 00:00:00-04:00,23.899999618530273,24.110000610351562,23.809999465942383,23.959999084472656,5172900,0.0,0.0
2016-08-19 00:00:00-04:00,23.920000076293945,24.18000030517578,23.8799991607666,24.170000076293945,4712200,0.0,0.0
2016-08-22 00:00:00-04:00,24.170000076293945,24.170000076293945,24.010000228881836,24.1200008392334,3185500,0.0,0.0
2016-08-23 00:00:00-04:00,24.15999984741211,24.329999923706055,24.079999923706055,24.110000610351562,4338300,0.0,0.0
2016-08-24 00:00:00-04:00,24.09000015258789,24.1299991607666,23.559999465942383,23.6299991607666,4882300,0.0,0.0
2016-08-25 00:00:00-04:00,23.610000610351562,23.979999542236328,23.510000228881836,23.770000457763672,7809000,0.0,0.0
2016-08-26 00:00:00-04:00,23.850000381469727,24.040000915527344,23.700000762939453,23.969999313354492,6744300,0.0,0.0
2016-08-29 00:00:00-04:00,24.030000686645508,24.360000610351562,24.020000457763672,24.299999237060547,6932300,0.0,0.0
2016-08-30 00:00:00-04:00,24.299999237060547,24.329999923706055,24.06999969482422,24.209999084472656,3579700,0.0,0.0
2016-08-31 00:00:00-04:00,24.239999771118164,24.290000915527344,23.81999969482422,23.81999969482422,9533100,0.0,0.0
2016-09-01 00:00:00-04:00,24.06999969482422,24.350000381469727,23.850000381469727,24.329999923706055,9115600,0.0,0.0
2016-09-02 00:00:00-04:00,24.399999618530273,24.43000030517578,24.1200008392334,24.260000228881836,5511500,0.0,0.0
2016-09-06 00:00:00-04:00,24.270000457763672,24.389999389648438,24.190000534057617,24.329999923706055,4777400,0.0,0.0
2016-09-07 00:00:00-04:00,24.280000686645508,24.450000762939453,24.25,24.40999984741211,6155100,0.0,0.0
2016-09-08 00:00:00-04:00,24.34000015258789,24.510000228881836,24.290000915527344,24.479999542236328,5542600,0.0,0.0
2016-09-09 00:00:00-04:00,24.280000686645508,24.280000686645508,23.510000228881836,23.510000228881836,7695500,0.0,0.0
2016-09-12 00:00:00-04:00,23.3700008392334,23.809999465942383,23.100000381469727,23.75,7482000,0.0,0.0
2016-09-13 00:00:00-04:00,23.600000381469727,23.729999542236328,23.149999618530273,23.260000228881836,11457700,0.0,0.0
2016-09-14 00:00:00-04:00,23.329999923706055,23.43000030517578,22.950000762939453,23.110000610351562,17899000,0.0,0.0
2016-09-15 00:00:00-04:00,23.149999618530273,23.770000457763672,23.139999389648438,23.6200008392334,13201200,0.0,0.0
2016-09-16 00:00:00-04:00,23.56999969482422,23.68000030517578,23.3799991607666,23.5,13251800,0.0,0.0
2016-09-19 00:00:00-04:00,23.600000381469727,23.770000457763672,23.459999084472656,23.510000228881836,7587800,0.0,0.0
2016-09-20 00:00:00-04:00,23.729999542236328,23.760000228881836,23.260000228881836,23.309999465942383,12077300,0.0,0.0
2016-09-21 00:00:00-04:00,23.360000610351562,23.780000686645508,23.350000381469727,23.729999542236328,6858200,0.0,0.0
2016-09-22 00:00:00-04:00,23.829999923706055,23.889999389648438,23.469999313354492,23.729999542236328,9681400,0.0,0.0
2016-09-23 00:00:00-04:00,23.639999389648438,23.829999923706055,23.540000915527344,23.709999084472656,7409300,0.0,0.0
2016-09-26 00:00:00-04:00,23.59000015258789,23.809999465942383,23.510000228881836,23.729999542236328,8162000,0.0,0.0
2016-09-27 00:00:00-04:00,23.729999542236328,23.780000686645508,23.40999984741211,23.719999313354492,12317500,0.0,0.0
2016-09-28 00:00:00-04:00,23.729999542236328,23.770000457763672,23.56999969482422,23.75,6611800,0.0,0.0
2016-09-29 00:00:00-04:00,23.739999771118164,23.81999969482422,23.15999984741211,23.299999237060547,7278900,0.0,0.0
2016-09-30 00:00:00-04:00,23.350000381469727,23.90999984741211,23.239999771118164,23.799999237060547,8829500,0.0,0.0
2016-10-03 00:00:00-04:00,23.68000030517578,23.690000534057617,23.389999389648438,23.5,4793100,0.0,0.0
2016-10-04 00:00:00-04:00,23.520000457763672,23.639999389648438,23.18000030517578,23.280000686645508,5918400,0.0,0.0
2016-10-05 00:00:00-04:00,23.280000686645508,23.510000228881836,23.270000457763672,23.43000030517578,5975800,0.0,0.0
2016-10-06 00:00:00-04:00,23.3799991607666,23.559999465942383,23.290000915527344,23.479999542236328,6142300,0.0,0.0
2016-10-07 00:00:00-04:00,23.579999923706055,23.649999618530273,23.3700008392334,23.479999542236328,5153700,0.0,0.0
2016-10-10 00:00:00-04:00,23.6200008392334,23.8799991607666,23.549999237060547,23.770000457763672,4034900,0.0,0.0
2016-10-11 00:00:00-04:00,23.6200008392334,23.739999771118164,23.010000228881836,23.15999984741211,9876300,0.0,0.0
2016-10-12 00:00:00-04:00,23.15999984741211,23.389999389648438,23.110000610351562,23.18000030517578,10648100,0.0,0.0
2016-10-13 00:00:00-04:00,23.049999237060547,23.25,22.8799991607666,23.149999618530273,10033400,0.0,0.0
2016-10-14 00:00:00-04:00,23.239999771118164,23.299999237060547,22.93000030517578,22.950000762939453,6897500,0.0,0.0
2016-10-17 00:00:00-04:00,22.90999984741211,22.950000762939453,22.760000228881836,22.81999969482422,5110800,0.0,0.0
2016-10-18 00:00:00-04:00,23.010000228881836,23.18000030517578,22.829999923706055,23.1200008392334,4979600,0.0,0.0
2016-10-19 00:00:00-04:00,23.239999771118164,23.270000457763672,22.8700008392334,22.8700008392334,6632100,0.0,0.0
2016-10-20 00:00:00-04:00,22.860000610351562,23.030000686645508,22.68000030517578,23.010000228881836,8656000,0.0,0.0
2016-10-21 00:00:00-04:00,22.84000015258789,22.90999984741211,22.6200008392334,22.81999969482422,7203600,0.0,0.0
2016-10-24 00:00:00-04:00,22.959999084472656,23.040000915527344,22.860000610351562,22.969999313354492,6670700,0.0,0.0
2016-10-25 00:00:00-04:00,22.969999313354492,22.969999313354492,22.3700008392334,22.440000534057617,12365400,0.0,0.0
2016-10-26 00:00:00-04:00,22.450000762939453,22.540000915527344,21.81999969482422,22.09000015258789,18703200,0.0,0.0
2016-10-27 00:00:00-04:00,22.170000076293945,22.190000534057617,21.43000030517578,21.489999771118164,16058800,0.0,0.0
2016-10-28 00:00:00-04:00,21.459999084472656,22.43000030517578,21.399999618530273,22.09000015258789,17382600,0.0,0.0
2016-10-31 00:00:00-04:00,21.93000030517578,22.190000534057617,21.799999237060547,22.0,10905000,0.0,0.0
2016-11-01 00:00:00-04:00,22.0,22.040000915527344,21.549999237060547,21.709999084472656,8187100,0.0,0.0
2016-11-02 00:00:00-04:00,21.709999084472656,21.799999237060547,21.579999923706055,21.600000381469727,7536600,0.0,0.0
2016-11-03 00:00:00-04:00,21.559999465942383,21.8700008392334,21.489999771118164,21.540000915527344,8040000,0.0,0.0
2016-11-04 00:00:00-04:00,21.489999771118164,21.8799991607666,21.209999084472656,21.559999465942383,8685200,0.0,0.0
2016-11-07 00:00:00-05:00,21.850000381469727,22.049999237060547,21.790000915527344,22.040000915527344,8110000,0.0,0.0
2016-11-08 00:00:00-05:00,21.959999084472656,22.329999923706055,21.780000686645508,22.25,8933200,0.0,0.0
2016-11-09 00:00:00-05:00,21.979999542236328,22.239999771118164,21.200000762939453,21.84000015258789,17143000,0.0,0.0
2016-11-10 00:00:00-05:00,22.059999465942383,22.34000015258789,21.780000686645508,21.8799991607666,11747000,0.0,0.0
2016-11-11 00:00:00-05:00,21.719999313354492,21.850000381469727,21.450000762939453,21.5,6699300,0.0,0.0
2016-11-14 00:00:00-05:00,21.469999313354492,21.549999237060547,20.649999618530273,20.790000915527344,14741300,0.0,0.0
2016-11-15 00:00:00-05:00,20.790000915527344,21.200000762939453,20.6200008392334,21.139999389648438,9575900,0.0,0.0
2016-11-16 00:00:00-05:00,21.149999618530273,21.459999084472656,21.139999389648438,21.360000610351562,6337400,0.0,0.0
2016-11-17 00:00:00-05:00,21.459999084472656,21.719999313354492,21.40999984741211,21.610000610351562,6228000,0.0,0.0
2016-11-18 00:00:00-05:00,21.59000015258789,21.68000030517578,21.290000915527344,21.34000015258789,5959500,0.0,0.0
2016-11-21 00:00:00-05:00,21.389999389648438,21.670000076293945,21.350000381469727,21.459999084472656,7209100,0.0,0.0
2016-11-22 00:00:00-05:00,20.8799991607666,21.0,20.420000076293945,20.84000015258789,16236800,0.0,0.0
2016-11-23 00:00:00-05:00,20.700000762939453,21.0,20.700000762939453,20.979999542236328,7280000,0.0,0.0
2016-11-25 00:00:00-05:00,21.049999237060547,21.299999237060547,21.049999237060547,21.149999618530273,3155100,0.0,0.0
2016-11-28 00:00:00-05:00,21.040000915527344,21.149999618530273,20.700000762939453,20.75,8356900,0.0,0.0
2016-11-29 00:00:00-05:00,20.739999771118164,20.979999542236328,20.709999084472656,20.770000457763672,6973300,0.0,0.0
2016-11-30 00:00:00-05:00,20.799999237060547,20.799999237060547,20.3799991607666,20.459999084472656,12496800,0.0,0.0
2016-12-01 00:00:00-05:00,20.459999084472656,20.530000686645508,19.670000076293945,20.09000015258789,15733800,0.0,0.0
2016-12-02 00:00:00-05:00,20.1299991607666,20.549999237060547,20.030000686645508,20.350000381469727,10982000,0.0,0.0
2016-12-05 00:00:00-05:00,20.459999084472656,20.760000228881836,20.360000610351562,20.709999084472656,12297100,0.0,0.0
2016-12-06 00:00:00-05:00,20.719999313354492,20.860000610351562,20.610000610351562,20.809999465942383,7757100,0.0,0.0
2016-12-07 00:00:00-05:00,20.700000762939453,20.780000686645508,20.360000610351562,20.610000610351562,11443200,0.0,0.0
2016-12-08 00:00:00-05:00,20.600000381469727,20.770000457763672,20.3700008392334,20.610000610351562,8719300,0.0,0.0
2016-12-09 00:00:00-05:00,20.690000534057617,20.959999084472656,20.690000534057617,20.809999465942383,6246700,0.0,0.0
2016-12-12 00:00:00-05:00,20.850000381469727,21.280000686645508,20.809999465942383,21.09000015258789,7306200,0.0,0.0
2016-12-13 00:00:00-05:00,21.100000381469727,21.3700008392334,21.040000915527344,21.34000015258789,7992700,0.0,0.0
2016-12-14 00:00:00-05:00,21.389999389648438,21.600000381469727,21.149999618530273,21.209999084472656,7945100,0.0,0.0
2016-12-15 00:00:00-05:00,21.200000762939453,21.299999237060547,21.030000686645508,21.260000228881836,5104500,0.0,0.0
2016-12-16 00:00:00-05:00,21.329999923706055,21.520000457763672,21.290000915527344,21.399999618530273,10688600,0.0,0.0
2016-12-19 00:00:00-05:00,21.399999618530273,21.579999923706055,21.34000015258789,21.469999313354492,7862600,0.0,0.0
2016-12-20 00:00:00-05:00,21.459999084472656,21.56999969482422,21.329999923706055,21.530000686645508,7521200,0.0,0.0
2016-12-21 00:00:00-05:00,21.579999923706055,21.600000381469727,21.40999984741211,21.479999542236328,5764800,0.0,0.0
2016-12-22 00:00:00-05:00,21.440000534057617,21.68000030517578,21.31999969482422,21.65999984741211,5825500,0.0,0.0
2016-12-23 00:00:00-05:00,21.68000030517578,21.93000030517578,21.6299991607666,21.809999465942383,4585600,0.0,0.0
2016-12-27 00:00:00-05:00,21.860000610351562,21.940000534057617,21.75,21.760000228881836,3371100,0.0,0.0
2016-12-28 00:00:00-05:00,21.770000457763672,21.809999465942383,21.579999923706055,21.6200008392334,3542200,0.0,0.0
2016-12-29 00:00:00-05:00,21.649999618530273,21.860000610351562,21.639999389648438,21.700000762939453,3768700,0.0,0.0
2016-12-30 00:00:00-05:00,21.770000457763672,21.809999465942383,21.559999465942383,21.6299991607666,4270800,0.0,0.0
2017-01-03 00:00:00-05:00,21.719999313354492,21.920000076293945,21.65999984741211,21.8799991607666,6822400,0.0,0.0
2017-01-04 00:00:00-05:00,21.959999084472656,22.110000610351562,21.780000686645508,22.079999923706055,6458600,0.0,0.0
2017-01-05 00:00:00-05:00,22.1299991607666,22.219999313354492,22.010000228881836,22.049999237060547,5990600,0.0,0.0
2017-01-06 00:00:00-05:00,22.100000381469727,22.170000076293945,21.950000762939453,22.149999618530273,7549400,0.0,0.0
2017-01-09 00:00:00-05:00,22.200000762939453,22.270000457763672,22.110000610351562,22.190000534057617,5602400,0.0,0.0
2017-01-10 00:00:00-05:00,22.25,23.850000381469727,22.190000534057617,23.610000610351562,24138900,0.0,0.0
2017-01-11 00:00:00-05:00,23.5,23.59000015258789,22.940000534057617,23.309999465942383,12706200,0.0,0.0
2017-01-12 00:00:00-05:00,23.239999771118164,23.530000686645508,23.030000686645508,23.520000457763672,7409100,0.0,0.0
2017-01-13 00:00:00-05:00,23.510000228881836,23.90999984741211,23.450000762939453,23.81999969482422,9485500,0.0,0.0
2017-01-17 00:00:00-05:00,23.65999984741211,23.959999084472656,23.6299991607666,23.899999618530273,8601600,0.0,0.0
2017-01-18 00:00:00-05:00,23.90999984741211,23.969999313354492,23.829999923706055,23.920000076293945,5926900,0.0,0.0
2017-01-19 00:00:00-05:00,23.84000015258789,23.989999771118164,23.709999084472656,23.8799991607666,7677300,0.0,0.0
2017-01-20 00:00:00-05:00,23.93000030517578,24.040000915527344,23.600000381469727,23.899999618530273,8583100,0.0,0.0
2017-01-23 00:00:00-05:00,23.790000915527344,23.8799991607666,23.540000915527344,23.68000030517578,7032900,0.0,0.0
2017-01-24 00:00:00-05:00,23.709999084472656,23.739999771118164,23.479999542236328,23.540000915527344,6206500,0.0,0.0
2017-01-25 00:00:00-05:00,23.59000015258789,23.780000686645508,23.540000915527344,23.579999923706055,9117300,0.0,0.0
2017-01-26 00:00:00-05:00,23.610000610351562,23.68000030517578,23.389999389648438,23.420000076293945,4715600,0.0,0.0
2017-01-27 00:00:00-05:00,23.540000915527344,23.93000030517578,23.479999542236328,23.8700008392334,6275900,0.0,0.0
2017-01-30 00:00:00-05:00,23.790000915527344,23.920000076293945,23.600000381469727,23.850000381469727,9374000,0.0,0.0
2017-01-31 00:00:00-05:00,23.760000228881836,24.06999969482422,23.690000534057617,24.059999465942383,6519100,0.0,0.0
2017-02-01 00:00:00-05:00,24.0,24.18000030517578,23.770000457763672,23.959999084472656,13128900,0.0,0.0
2017-02-02 00:00:00-05:00,24.399999618530273,25.239999771118164,24.3700008392334,25.100000381469727,19394400,0.0,0.0
2017-02-03 00:00:00-05:00,25.190000534057617,25.260000228881836,24.799999237060547,25.219999313354492,10992000,0.0,0.0
2017-02-06 00:00:00-05:00,25.09000015258789,25.18000030517578,24.850000381469727,25.139999389648438,8153900,0.0,0.0
2017-02-07 00:00:00-05:00,25.229999542236328,25.3799991607666,25.059999465942383,25.229999542236328,6874000,0.0,0.0
2017-02-08 00:00:00-05:00,25.200000762939453,25.31999969482422,25.149999618530273,25.239999771118164,7273200,0.0,0.0
2017-02-09 00:00:00-05:00,25.190000534057617,25.450000762939453,25.15999984741211,25.34000015258789,5370200,0.0,0.0
2017-02-10 00:00:00-05:00,25.360000610351562,25.43000030517578,25.200000762939453,25.200000762939453,6027400,0.0,0.0
2017-02-13 00:00:00-05:00,25.239999771118164,25.329999923706055,25.059999465942383,25.299999237060547,8187000,0.0,0.0
2017-02-14 00:00:00-05:00,25.200000762939453,25.290000915527344,24.979999542236328,25.18000030517578,8874000,0.0,0.0
2017-02-15 00:00:00-05:00,25.15999984741211,25.649999618530273,25.15999984741211,25.40999984741211,9378500,0.0,0.0
2017-02-16 00:00:00-05:00,25.43000030517578,25.520000457763672,25.1299991607666,25.360000610351562,6756900,0.0,0.0
2017-02-17 00:00:00-05:00,25.270000457763672,25.399999618530273,25.15999984741211,25.389999389648438,7363600,0.0,0.0
2017-02-21 00:00:00-05:00,25.510000228881836,25.579999923706055,25.260000228881836,25.280000686645508,7566500,0.0,0.0
2017-02-22 00:00:00-05:00,25.280000686645508,25.389999389648438,25.110000610351562,25.15999984741211,7959100,0.0,0.0
2017-02-23 00:00:00-05:00,23.3700008392334,24.6299991607666,23.290000915527344,24.479999542236328,41278600,0.0,0.0
2017-02-24 00:00:00-05:00,24.459999084472656,24.889999389648438,24.43000030517578,24.780000686645508,13499400,0.0,0.0
2017-02-27 00:00:00-05:00,24.559999465942383,24.899999618530273,24.530000686645508,24.809999465942383,8863900,0.0,0.0
2017-02-28 00:00:00-05:00,24.770000457763672,24.780000686645508,24.540000915527344,24.549999237060547,8463000,0.0,0.0
2017-03-01 00:00:00-05:00,24.790000915527344,25.030000686645508,24.670000076293945,24.959999084472656,9021100,0.0,0.0
2017-03-02 00:00:00-05:00,24.979999542236328,25.15999984741211,24.889999389648438,25.0,7144200,0.0,0.0
2017-03-03 00:00:00-05:00,25.09000015258789,25.1299991607666,24.829999923706055,24.979999542236328,6655800,0.0,0.0
2017-03-06 00:00:00-05:00,24.81999969482422,24.899999618530273,24.739999771118164,24.760000228881836,5732500,0.0,0.0
2017-03-07 00:00:00-05:00,24.610000610351562,24.729999542236328,24.459999084472656,24.479999542236328,8114300,0.0,0.0
2017-03-08 00:00:00-05:00,24.5,24.829999923706055,24.440000534057617,24.520000457763672,10503500,0.0,0.0
2017-03-09 00:00:00-05:00,24.600000381469727,24.75,24.399999618530273,24.690000534057617,5849800,0.0,0.0
2017-03-10 00:00:00-05:00,24.770000457763672,24.84000015258789,24.540000915527344,24.639999389648438,4288200,0.0,0.0
2017-03-13 00:00:00-04:00,24.6299991607666,24.75,24.510000228881836,24.739999771118164,4043500,0.0,0.0
2017-03-14 00:00:00-04:00,24.639999389648438,24.719999313354492,24.3799991607666,24.43000030517578,5892300,0.0,0.0
2017-03-15 00:00:00-04:00,24.489999771118164,24.690000534057617,24.440000534057617,24.649999618530273,5959300,0.0,0.0
2017-03-16 00:00:00-04:00,24.6200008392334,24.65999984741211,24.190000534057617,24.290000915527344,6779900,0.0,0.0
2017-03-17 00:00:00-04:00,24.31999969482422,24.610000610351562,24.280000686645508,24.43000030517578,6266700,0.0,0.0
2017-03-20 00:00:00-04:00,24.450000762939453,24.479999542236328,24.260000228881836,24.389999389648438,3707500,0.0,0.0
2017-03-21 00:00:00-04:00,24.520000457763672,24.59000015258789,24.100000381469727,24.139999389648438,4881800,0.0,0.0
2017-03-22 00:00:00-04:00,24.219999313354492,24.40999984741211,24.020000457763672,24.270000457763672,4850900,0.0,0.0
2017-03-23 00:00:00-04:00,24.239999771118164,24.389999389648438,24.149999618530273,24.25,4410100,0.0,0.0
2017-03-24 00:00:00-04:00,24.270000457763672,24.469999313354492,24.229999542236328,24.31999969482422,3852900,0.0,0.0
2017-03-27 00:00:00-04:00,24.15999984741211,24.700000762939453,24.1200008392334,24.579999923706055,7623400,0.0,0.0
2017-03-28 00:00:00-04:00,24.520000457763672,24.760000228881836,24.40999984741211,24.700000762939453,5243900,0.0,0.0
2017-03-29 00:00:00-04:00,24.639999389648438,24.81999969482422,24.43000030517578,24.709999084472656,6998700,0.0,0.0
2017-03-30 00:00:00-04:00,24.6200008392334,24.760000228881836,24.190000534057617,24.450000762939453,8448300,0.0,0.0
2017-03-31 00:00:00-04:00,24.350000381469727,24.93000030517578,24.299999237060547,24.8700008392334,13222000,0.0,0.0
2017-04-03 00:00:00-04:00,24.860000610351562,24.93000030517578,24.59000015258789,24.920000076293945,9197200,0.0,0.0
2017-04-04 00:00:00-04:00,24.899999618530273,24.90999984741211,24.489999771118164,24.6299991607666,8681400,0.0,0.0
2017-04-05 00:00:00-04:00,24.6200008392334,24.799999237060547,24.399999618530273,24.420000076293945,7997600,0.0,0.0
2017-04-06 00:00:00-04:00,24.420000076293945,24.65999984741211,24.290000915527344,24.600000381469727,8790100,0.0,0.0
2017-04-07 00:00:00-04:00,24.579999923706055,24.799999237060547,24.559999465942383,24.649999618530273,5748800,0.0,0.0
2017-04-10 00:00:00-04:00,24.65999984741211,24.790000915527344,24.450000762939453,24.520000457763672,6596400,0.0,0.0
2017-04-11 00:00:00-04:00,24.479999542236328,24.670000076293945,24.40999984741211,24.56999969482422,3990800,0.0,0.0
2017-04-12 00:00:00-04:00,24.489999771118164,24.610000610351562,24.389999389648438,24.530000686645508,4647500,0.0,0.0
2017-04-13 00:00:00-04:00,24.479999542236328,24.59000015258789,24.43000030517578,24.440000534057617,3427100,0.0,0.0
2017-04-17 00:00:00-04:00,24.520000457763672,24.68000030517578,24.43000030517578,24.6200008392334,2589500,0.0,0.0
2017-04-18 00:00:00-04:00,24.530000686645508,24.600000381469727,24.309999465942383,24.469999313354492,5355800,0.0,0.0
2017-04-19 00:00:00-04:00,24.329999923706055,24.809999465942383,24.31999969482422,24.809999465942383,8808300,0.0,0.0
2017-04-20 00:00:00-04:00,24.850000381469727,25.079999923706055,24.639999389648438,25.020000457763672,5639300,0.0,0.0
2017-04-21 00:00:00-04:00,25.0,25.040000915527344,24.760000228881836,24.860000610351562,4287400,0.0,0.0
2017-04-24 00:00:00-04:00,25.1200008392334,25.700000762939453,25.100000381469727,25.559999465942383,14799500,0.0,0.0
2017-04-25 00:00:00-04:00,25.729999542236328,25.90999984741211,25.649999618530273,25.739999771118164,10268000,0.0,0.0
2017-04-26 00:00:00-04:00,25.84000015258789,26.149999618530273,25.780000686645508,25.969999313354492,9479900,0.0,0.0
2017-04-27 00:00:00-04:00,25.969999313354492,26.40999984741211,25.790000915527344,26.18000030517578,12027300,0.0,0.0
2017-04-28 00:00:00-04:00,25.969999313354492,26.469999313354492,25.969999313354492,26.3799991607666,9033400,0.0,0.0
2017-05-01 00:00:00-04:00,26.3700008392334,26.479999542236328,26.299999237060547,26.399999618530273,8322600,0.0,0.0
2017-05-02 00:00:00-04:00,26.459999084472656,26.600000381469727,26.3799991607666,26.59000015258789,5664200,0.0,0.0
2017-05-03 00:00:00-04:00,26.579999923706055,26.579999923706055,26.329999923706055,26.459999084472656,3965700,0.0,0.0
2017-05-04 00:00:00-04:00,26.520000457763672,26.549999237060547,26.260000228881836,26.350000381469727,4620800,0.0,0.0
2017-05-05 00:00:00-04:00,26.450000762939453,26.530000686645508,26.309999465942383,26.510000228881836,3621700,0.0,0.0
2017-05-08 00:00:00-04:00,26.549999237060547,26.579999923706055,26.329999923706055,26.389999389648438,4093000,0.0,0.0
2017-05-09 00:00:00-04:00,26.420000076293945,26.690000534057617,26.270000457763672,26.3799991607666,5435000,0.0,0.0
2017-05-10 00:00:00-04:00,26.350000381469727,26.5,26.239999771118164,26.459999084472656,4490500,0.0,0.0
2017-05-11 00:00:00-04:00,26.3700008392334,26.469999313354492,26.139999389648438,26.3700008392334,6196400,0.0,0.0
2017-05-12 00:00:00-04:00,26.34000015258789,26.489999771118164,26.170000076293945,26.229999542236328,6206300,0.0,0.0
2017-05-15 00:00:00-04:00,26.229999542236328,26.459999084472656,26.15999984741211,26.420000076293945,8793900,0.0,0.0
2017-05-16 00:00:00-04:00,26.450000762939453,26.760000228881836,26.389999389648438,26.479999542236328,10521200,0.0,0.0
2017-05-17 00:00:00-04:00,26.479999542236328,26.479999542236328,25.93000030517578,25.940000534057617,7727000,0.0,0.0
2017-05-18 00:00:00-04:00,25.950000762939453,26.229999542236328,25.8799991607666,26.139999389648438,5673600,0.0,0.0
2017-05-19 00:00:00-04:00,26.18000030517578,26.559999465942383,26.18000030517578,26.40999984741211,7924600,0.0,0.0
2017-05-22 00:00:00-04:00,26.40999984741211,26.969999313354492,26.389999389648438,26.799999237060547,7685000,0.0,0.0
2017-05-23 00:00:00-04:00,26.780000686645508,26.8700008392334,26.610000610351562,26.670000076293945,4190800,0.0,0.0
2017-05-24 00:00:00-04:00,26.75,27.09000015258789,26.690000534057617,27.049999237060547,5640000,0.0,0.0
2017-05-25 00:00:00-04:00,27.1299991607666,27.389999389648438,27.040000915527344,27.260000228881836,4694800,0.0,0.0
2017-05-26 00:00:00-04:00,27.260000228881836,27.520000457763672,27.190000534057617,27.31999969482422,4828000,0.0,0.0
2017-05-30 00:00:00-04:00,27.239999771118164,27.420000076293945,27.149999618530273,27.360000610351562,4097100,0.0,0.0
2017-05-31 00:00:00-04:00,27.459999084472656,27.459999084472656,26.889999389648438,27.030000686645508,12841400,0.0,0.0
2017-06-01 00:00:00-04:00,27.100000381469727,27.700000762939453,27.100000381469727,27.610000610351562,13257700,0.0,0.0
2017-06-02 00:00:00-04:00,27.6200008392334,27.780000686645508,27.56999969482422,27.600000381469727,6432000,0.0,0.0
2017-06-05 00:00:00-04:00,27.579999923706055,27.700000762939453,27.440000534057617,27.510000228881836,4636200,0.0,0.0
2017-06-06 00:00:00-04:00,27.3799991607666,27.600000381469727,27.34000015258789,27.5,3772100,0.0,0.0
2017-06-07 00:00:00-04:00,27.610000610351562,27.84000015258789,27.540000915527344,27.84000015258789,4455400,0.0,0.0
2017-06-08 00:00:00-04:00,27.84000015258789,27.950000762939453,27.760000228881836,27.90999984741211,6655300,0.0,0.0
2017-06-09 00:00:00-04:00,27.989999771118164,28.200000762939453,27.690000534057617,27.81999969482422,6083900,0.0,0.0
2017-06-12 00:00:00-04:00,27.75,27.81999969482422,27.31999969482422,27.75,8737500,0.0,0.0
2017-06-13 00:00:00-04:00,27.799999237060547,28.020000457763672,27.729999542236328,27.920000076293945,5087500,0.0,0.0
2017-06-14 00:00:00-04:00,28.010000228881836,28.100000381469727,27.700000762939453,27.81999969482422,3727300,0.0,0.0
2017-06-15 00:00:00-04:00,27.770000457763672,27.84000015258789,27.56999969482422,27.75,4634900,0.0,0.0
2017-06-16 00:00:00-04:00,27.850000381469727,27.940000534057617,27.639999389648438,27.75,8520700,0.0,0.0
2017-06-19 00:00:00-04:00,27.829999923706055,28.510000228881836,27.799999237060547,28.25,10571000,0.0,0.0
2017-06-20 00:00:00-04:00,28.260000228881836,28.40999984741211,27.979999542236328,28.010000228881836,4828900,0.0,0.0
2017-06-21 00:00:00-04:00,28.100000381469727,28.190000534057617,27.760000228881836,27.90999984741211,9109500,0.0,0.0
2017-06-22 00:00:00-04:00,27.959999084472656,28.0,27.739999771118164,27.860000610351562,6819300,0.0,0.0
2017-06-23 00:00:00-04:00,27.920000076293945,28.1200008392334,27.709999084472656,28.100000381469727,8175200,0.0,0.0
2017-06-26 00:00:00-04:00,28.15999984741211,28.260000228881836,27.68000030517578,27.719999313354492,8288700,0.0,0.0
2017-06-27 00:00:00-04:00,27.780000686645508,28.15999984741211,27.610000610351562,27.809999465942383,10896100,0.0,0.0
2017-06-28 00:00:00-04:00,28.0,28.34000015258789,27.950000762939453,28.1200008392334,20242300,0.0,0.0
2017-06-29 00:00:00-04:00,28.110000610351562,28.110000610351562,27.469999313354492,27.81999969482422,7478100,0.0,0.0
2017-06-30 00:00:00-04:00,27.899999618530273,28.110000610351562,27.639999389648438,27.719999313354492,5193700,0.0,0.0
2017-07-03 00:00:00-04:00,27.850000381469727,27.969999313354492,27.579999923706055,27.6299991607666,2402800,0.0,0.0
2017-07-05 00:00:00-04:00,27.56999969482422,27.729999542236328,27.459999084472656,27.6299991607666,7685500,0.0,0.0
2017-07-06 00:00:00-04:00,27.440000534057617,27.559999465942383,27.260000228881836,27.309999465942383,5296500,0.0,0.0
2017-07-07 00:00:00-04:00,27.440000534057617,27.6200008392334,27.399999618530273,27.59000015258789,4103300,0.0,0.0
2017-07-10 00:00:00-04:00,27.559999465942383,27.649999618530273,27.440000534057617,27.559999465942383,4123500,0.0,0.0
2017-07-11 00:00:00-04:00,27.540000915527344,27.59000015258789,27.270000457763672,27.530000686645508,6114700,0.0,0.0
2017-07-12 00:00:00-04:00,27.68000030517578,27.93000030517578,27.530000686645508,27.81999969482422,3573700,0.0,0.0
2017-07-13 00:00:00-04:00,27.81999969482422,27.81999969482422,27.56999969482422,27.59000015258789,4206600,0.0,0.0
2017-07-14 00:00:00-04:00,27.670000076293945,27.860000610351562,27.6299991607666,27.780000686645508,3450000,0.0,0.0
2017-07-17 00:00:00-04:00,27.770000457763672,27.860000610351562,27.5,27.690000534057617,4078800,0.0,0.0
2017-07-18 00:00:00-04:00,27.709999084472656,27.84000015258789,27.56999969482422,27.790000915527344,3249000,0.0,0.0
2017-07-19 00:00:00-04:00,27.84000015258789,27.959999084472656,27.790000915527344,27.93000030517578,3121000,0.0,0.0
2017-07-20 00:00:00-04:00,27.940000534057617,28.059999465942383,27.729999542236328,27.729999542236328,6199800,0.0,0.0
2017-07-21 00:00:00-04:00,27.6200008392334,27.850000381469727,27.540000915527344,27.6200008392334,4648500,0.0,0.0
2017-07-24 00:00:00-04:00,27.6200008392334,27.700000762939453,27.440000534057617,27.6200008392334,5310500,0.0,0.0
2017-07-25 00:00:00-04:00,27.719999313354492,27.809999465942383,27.510000228881836,27.579999923706055,4478800,0.0,0.0
2017-07-26 00:00:00-04:00,27.530000686645508,27.6200008392334,27.350000381469727,27.420000076293945,4554300,0.0,0.0
2017-07-27 00:00:00-04:00,27.239999771118164,27.510000228881836,26.68000030517578,27.049999237060547,13914600,0.0,0.0
2017-07-28 00:00:00-04:00,27.079999923706055,27.170000076293945,26.899999618530273,27.010000228881836,5172000,0.0,0.0
2017-07-31 00:00:00-04:00,27.110000610351562,27.149999618530273,26.5,26.6200008392334,7377400,0.0,0.0
2017-08-01 00:00:00-04:00,26.799999237060547,26.799999237060547,26.479999542236328,26.479999542236328,5614000,0.0,0.0
2017-08-02 00:00:00-04:00,26.450000762939453,26.540000915527344,26.239999771118164,26.510000228881836,6324900,0.0,0.0
2017-08-03 00:00:00-04:00,26.479999542236328,26.790000915527344,26.399999618530273,26.739999771118164,5046600,0.0,0.0
2017-08-04 00:00:00-04:00,26.81999969482422,26.829999923706055,26.559999465942383,26.829999923706055,3568100,0.0,0.0
2017-08-07 00:00:00-04:00,26.799999237060547,26.799999237060547,26.649999618530273,26.760000228881836,3415600,0.0,0.0
2017-08-08 00:00:00-04:00,26.760000228881836,26.760000228881836,26.5,26.510000228881836,4581400,0.0,0.0
2017-08-09 00:00:00-04:00,26.360000610351562,26.56999969482422,26.309999465942383,26.56999969482422,3405100,0.0,0.0
2017-08-10 00:00:00-04:00,26.489999771118164,26.56999969482422,26.229999542236328,26.260000228881836,5854300,0.0,0.0
2017-08-11 00:00:00-04:00,26.389999389648438,26.5,26.260000228881836,26.40999984741211,3286000,0.0,0.0
2017-08-14 00:00:00-04:00,26.649999618530273,26.739999771118164,26.549999237060547,26.68000030517578,3835600,0.0,0.0
2017-08-15 00:00:00-04:00,26.65999984741211,26.700000762939453,26.459999084472656,26.469999313354492,5490200,0.0,0.0
2017-08-16 00:00:00-04:00,26.559999465942383,26.68000030517578,26.450000762939453,26.68000030517578,5930100,0.0,0.0
2017-08-17 00:00:00-04:00,26.690000534057617,26.8700008392334,26.600000381469727,26.639999389648438,5933900,0.0,0.0
2017-08-18 00:00:00-04:00,26.6200008392334,26.979999542236328,26.530000686645508,26.889999389648438,5850200,0.0,0.0
2017-08-21 00:00:00-04:00,26.90999984741211,27.0,26.760000228881836,26.889999389648438,4395700,0.0,0.0
2017-08-22 00:00:00-04:00,26.850000381469727,27.239999771118164,26.700000762939453,27.209999084472656,4223900,0.0,0.0
2017-08-23 00:00:00-04:00,27.059999465942383,27.170000076293945,26.709999084472656,26.84000015258789,3838700,0.0,0.0
2017-08-24 00:00:00-04:00,26.84000015258789,26.90999984741211,26.65999984741211,26.709999084472656,3998300,0.0,0.0
2017-08-25 00:00:00-04:00,26.790000915527344,26.920000076293945,26.709999084472656,26.719999313354492,3665900,0.0,0.0
2017-08-28 00:00:00-04:00,26.799999237060547,27.020000457763672,26.739999771118164,26.969999313354492,3326600,0.0,0.0
2017-08-29 00:00:00-04:00,26.8799991607666,27.079999923706055,26.829999923706055,27.049999237060547,3163100,0.0,0.0
2017-08-30 00:00:00-04:00,26.940000534057617,27.139999389648438,26.940000534057617,27.079999923706055,2767100,0.0,0.0
2017-08-31 00:00:00-04:00,27.18000030517578,27.610000610351562,27.1200008392334,27.549999237060547,6984100,0.0,0.0
2017-09-01 00:00:00-04:00,27.549999237060547,27.6299991607666,27.329999923706055,27.5,4527600,0.0,0.0
2017-09-05 00:00:00-04:00,27.350000381469727,27.639999389648438,27.309999465942383,27.56999969482422,4769400,0.0,0.0
2017-09-06 00:00:00-04:00,27.6299991607666,28.229999542236328,27.610000610351562,28.219999313354492,5904600,0.0,0.0
2017-09-07 00:00:00-04:00,28.260000228881836,28.790000915527344,28.09000015258789,28.540000915527344,5791400,0.0,0.0
2017-09-08 00:00:00-04:00,28.5,29.079999923706055,28.440000534057617,28.790000915527344,5336200,0.0,0.0
2017-09-11 00:00:00-04:00,29.049999237060547,29.399999618530273,28.899999618530273,28.950000762939453,5695800,0.0,0.0
2017-09-12 00:00:00-04:00,28.969999313354492,29.1200008392334,28.84000015258789,29.010000228881836,4497900,0.0,0.0
2017-09-13 00:00:00-04:00,29.049999237060547,29.1200008392334,28.889999389648438,29.079999923706055,5966600,0.0,0.0
2017-09-14 00:00:00-04:00,29.0,29.079999923706055,28.790000915527344,28.969999313354492,4785000,0.0,0.0
2017-09-15 00:00:00-04:00,29.0,29.030000686645508,28.850000381469727,28.93000030517578,7680400,0.0,0.0
2017-09-18 00:00:00-04:00,28.989999771118164,29.059999465942383,28.809999465942383,28.989999771118164,5067300,0.0,0.0
2017-09-19 00:00:00-04:00,29.040000915527344,29.100000381469727,28.6200008392334,28.690000534057617,3247800,0.0,0.0
2017-09-20 00:00:00-04:00,28.68000030517578,28.850000381469727,28.579999923706055,28.84000015258789,3959900,0.0,0.0
2017-09-21 00:00:00-04:00,28.760000228881836,28.889999389648438,28.510000228881836,28.760000228881836,5167300,0.0,0.0
2017-09-22 00:00:00-04:00,28.709999084472656,28.8700008392334,28.510000228881836,28.850000381469727,3131600,0.0,0.0
2017-09-25 00:00:00-04:00,28.860000610351562,29.040000915527344,28.59000015258789,28.75,4361900,0.0,0.0
2017-09-26 00:00:00-04:00,28.799999237060547,28.899999618530273,28.649999618530273,28.68000030517578,3104300,0.0,0.0
2017-09-27 00:00:00-04:00,28.719999313354492,28.940000534057617,28.68000030517578,28.860000610351562,4173800,0.0,0.0
2017-09-28 00:00:00-04:00,28.860000610351562,29.0,28.739999771118164,28.739999771118164,3712500,0.0,0.0
2017-09-29 00:00:00-04:00,28.739999771118164,29.18000030517578,28.639999389648438,29.170000076293945,4984000,0.0,0.0
2017-10-02 00:00:00-04:00,29.209999084472656,29.469999313354492,29.09000015258789,29.469999313354492,5908800,0.0,0.0
2017-10-03 00:00:00-04:00,29.43000030517578,29.5,28.93000030517578,29.020000457763672,3934200,0.0,0.0
2017-10-04 00:00:00-04:00,29.079999923706055,29.329999923706055,29.059999465942383,29.239999771118164,3681300,0.0,0.0
2017-10-05 00:00:00-04:00,29.270000457763672,29.450000762939453,29.149999618530273,29.43000030517578,3702300,0.0,0.0
2017-10-06 00:00:00-04:00,29.43000030517578,29.540000915527344,29.360000610351562,29.5,4980100,0.0,0.0
2017-10-09 00:00:00-04:00,29.40999984741211,29.540000915527344,29.270000457763672,29.329999923706055,4343400,0.0,0.0
2017-10-10 00:00:00-04:00,29.329999923706055,29.459999084472656,29.270000457763672,29.34000015258789,3214300,0.0,0.0
2017-10-11 00:00:00-04:00,29.290000915527344,29.3799991607666,29.139999389648438,29.270000457763672,2664700,0.0,0.0
2017-10-12 00:00:00-04:00,29.260000228881836,29.43000030517578,29.1200008392334,29.43000030517578,3575700,0.0,0.0
2017-10-13 00:00:00-04:00,29.459999084472656,29.489999771118164,29.329999923706055,29.440000534057617,3383700,0.0,0.0
2017-10-16 00:00:00-04:00,29.420000076293945,29.5,29.09000015258789,29.15999984741211,4441300,0.0,0.0
2017-10-17 00:00:00-04:00,29.190000534057617,29.43000030517578,29.079999923706055,29.399999618530273,4726000,0.0,0.0
2017-10-18 00:00:00-04:00,29.5,29.549999237060547,29.299999237060547,29.520000457763672,5313700,0.0,0.0
2017-10-19 00:00:00-04:00,29.520000457763672,29.600000381469727,29.360000610351562,29.56999969482422,2590800,0.0,0.0
2017-10-20 00:00:00-04:00,29.6299991607666,29.829999923706055,29.530000686645508,29.690000534057617,4708000,0.0,0.0
2017-10-23 00:00:00-04:00,29.639999389648438,29.93000030517578,29.510000228881836,29.610000610351562,4495600,0.0,0.0
2017-10-24 00:00:00-04:00,29.829999923706055,29.84000015258789,29.579999923706055,29.799999237060547,4468800,0.0,0.0
2017-10-25 00:00:00-04:00,29.75,29.81999969482422,29.469999313354492,29.610000610351562,7756900,0.0,0.0
2017-10-26 00:00:00-04:00,28.440000534057617,29.309999465942383,28.3700008392334,28.81999969482422,12223200,0.0,0.0
2017-10-27 00:00:00-04:00,28.93000030517578,29.09000015258789,28.25,28.5,10274500,0.0,0.0
2017-10-30 00:00:00-04:00,28.399999618530273,28.5,28.1200008392334,28.15999984741211,6885700,0.0,0.0
2017-10-31 00:00:00-04:00,28.15999984741211,28.270000457763672,27.81999969482422,28.139999389648438,8527800,0.0,0.0
2017-11-01 00:00:00-04:00,28.229999542236328,28.270000457763672,27.770000457763672,27.850000381469727,6185300,0.0,0.0
2017-11-02 00:00:00-04:00,27.889999389648438,28.020000457763672,27.219999313354492,27.440000534057617,13217200,0.0,0.0
2017-11-03 00:00:00-04:00,27.489999771118164,27.920000076293945,27.3799991607666,27.860000610351562,7182900,0.0,0.0
2017-11-06 00:00:00-05:00,27.850000381469727,27.899999618530273,27.600000381469727,27.809999465942383,7661500,0.0,0.0
2017-11-07 00:00:00-05:00,27.93000030517578,27.979999542236328,27.739999771118164,27.959999084472656,4884100,0.0,0.0
2017-11-08 00:00:00-05:00,27.81999969482422,28.1299991607666,27.639999389648438,28.100000381469727,7645600,0.0,0.0
2017-11-09 00:00:00-05:00,27.959999084472656,28.610000610351562,27.920000076293945,28.59000015258789,9619800,0.0,0.0
2017-11-10 00:00:00-05:00,28.5,28.549999237060547,27.969999313354492,28.360000610351562,6526100,0.0,0.0
2017-11-13 00:00:00-05:00,28.280000686645508,28.610000610351562,28.190000534057617,28.450000762939453,4722000,0.0,0.0
2017-11-14 00:00:00-05:00,28.43000030517578,28.5,28.229999542236328,28.31999969482422,6892500,0.0,0.0
2017-11-15 00:00:00-05:00,28.260000228881836,28.260000228881836,26.760000228881836,28.010000228881836,5377500,0.0,0.0
2017-11-16 00:00:00-05:00,28.100000381469727,28.489999771118164,28.049999237060547,28.280000686645508,3846400,0.0,0.0
2017-11-17 00:00:00-05:00,28.200000762939453,28.3700008392334,28.139999389648438,28.260000228881836,5264100,0.0,0.0
2017-11-20 00:00:00-05:00,28.280000686645508,28.3700008392334,28.18000030517578,28.350000381469727,3410600,0.0,0.0
2017-11-21 00:00:00-05:00,28.459999084472656,28.8799991607666,28.399999618530273,28.799999237060547,5998700,0.0,0.0
2017-11-22 00:00:00-05:00,28.770000457763672,28.809999465942383,28.459999084472656,28.469999313354492,5265000,0.0,0.0
2017-11-24 00:00:00-05:00,28.510000228881836,28.68000030517578,28.469999313354492,28.65999984741211,1236800,0.0,0.0
2017-11-27 00:00:00-05:00,28.690000534057617,28.690000534057617,28.450000762939453,28.510000228881836,3255100,0.0,0.0
2017-11-28 00:00:00-05:00,28.420000076293945,28.549999237060547,26.290000915527344,26.389999389648438,34262600,0.0,0.0
2017-11-29 00:00:00-05:00,26.700000762939453,27.110000610351562,25.649999618530273,25.950000762939453,25930400,0.0,0.0
2017-11-30 00:00:00-05:00,26.239999771118164,26.389999389648438,25.75,26.280000686645508,18722400,0.0,0.0
2017-12-01 00:00:00-05:00,26.209999084472656,26.360000610351562,25.729999542236328,26.149999618530273,16183000,0.0,0.0
2017-12-04 00:00:00-05:00,26.209999084472656,26.229999542236328,24.889999389648438,24.899999618530273,20707900,0.0,0.0
2017-12-05 00:00:00-05:00,24.899999618530273,25.450000762939453,24.899999618530273,24.940000534057617,15065700,0.0,0.0
2017-12-06 00:00:00-05:00,24.860000610351562,25.280000686645508,24.540000915527344,25.239999771118164,12018600,0.0,0.0
2017-12-07 00:00:00-05:00,25.299999237060547,25.34000015258789,24.979999542236328,25.040000915527344,9674600,0.0,0.0
2017-12-08 00:00:00-05:00,25.510000228881836,25.770000457763672,25.100000381469727,25.770000457763672,14297600,0.0,0.0
2017-12-11 00:00:00-05:00,25.639999389648438,25.770000457763672,25.489999771118164,25.5,9054700,0.0,0.0
2017-12-12 00:00:00-05:00,25.68000030517578,25.729999542236328,25.540000915527344,25.610000610351562,11201600,0.0,0.0
2017-12-13 00:00:00-05:00,25.6200008392334,26.0,25.600000381469727,25.709999084472656,9586800,0.0,0.0
2017-12-14 00:00:00-05:00,25.790000915527344,25.889999389648438,25.489999771118164,25.6200008392334,10489600,0.0,0.0
2017-12-15 00:00:00-05:00,25.670000076293945,25.899999618530273,25.540000915527344,25.780000686645508,12187000,0.0,0.0
2017-12-18 00:00:00-05:00,25.8799991607666,26.1200008392334,25.75,25.780000686645508,8356800,0.0,0.0
2017-12-19 00:00:00-05:00,25.739999771118164,25.8799991607666,25.450000762939453,25.489999771118164,8793200,0.0,0.0
2017-12-20 00:00:00-05:00,25.450000762939453,25.59000015258789,25.34000015258789,25.3700008392334,8204400,0.0,0.0
2017-12-21 00:00:00-05:00,25.5,25.510000228881836,25.139999389648438,25.139999389648438,5700200,0.0,0.0
2017-12-22 00:00:00-05:00,25.139999389648438,25.31999969482422,25.049999237060547,25.100000381469727,5358300,0.0,0.0
2017-12-26 00:00:00-05:00,25.149999618530273,25.280000686645508,25.09000015258789,25.1299991607666,2988200,0.0,0.0
2017-12-27 00:00:00-05:00,25.200000762939453,25.280000686645508,25.139999389648438,25.200000762939453,3796300,0.0,0.0
2017-12-28 00:00:00-05:00,25.200000762939453,25.299999237060547,25.059999465942383,25.190000534057617,6739400,0.0,0.0
2017-12-29 00:00:00-05:00,25.260000228881836,25.299999237060547,24.790000915527344,24.790000915527344,6147000,0.0,0.0
2018-01-02 00:00:00-05:00,24.940000534057617,25.520000457763672,24.84000015258789,25.280000686645508,9980500,0.0,0.0
2018-01-03 00:00:00-05:00,25.270000457763672,25.600000381469727,25.09000015258789,25.559999465942383,8543000,0.0,0.0
2018-01-04 00:00:00-05:00,25.399999618530273,25.610000610351562,25.209999084472656,25.31999969482422,7928600,0.0,0.0
2018-01-05 00:00:00-05:00,25.860000610351562,26.040000915527344,25.59000015258789,25.969999313354492,14260400,0.0,0.0
2018-01-08 00:00:00-05:00,25.90999984741211,26.06999969482422,25.549999237060547,25.809999465942383,10847100,0.0,0.0
2018-01-09 00:00:00-05:00,26.770000457763672,28.030000686645508,26.610000610351562,27.959999084472656,24987900,0.0,0.0
2018-01-10 00:00:00-05:00,27.700000762939453,27.75,27.149999618530273,27.520000457763672,13011000,0.0,0.0
2018-01-11 00:00:00-05:00,27.579999923706055,27.989999771118164,27.15999984741211,27.43000030517578,8984300,0.0,0.0
2018-01-12 00:00:00-05:00,27.459999084472656,27.700000762939453,27.260000228881836,27.459999084472656,8746400,0.0,0.0
2018-01-16 00:00:00-05:00,27.479999542236328,27.610000610351562,26.81999969482422,26.979999542236328,11087300,0.0,0.0
2018-01-17 00:00:00-05:00,27.1299991607666,27.360000610351562,27.020000457763672,27.25,5864700,0.0,0.0
2018-01-18 00:00:00-05:00,27.260000228881836,27.5,27.110000610351562,27.399999618530273,6942000,0.0,0.0
2018-01-19 00:00:00-05:00,27.540000915527344,28.149999618530273,27.420000076293945,27.649999618530273,10023700,0.0,0.0
2018-01-22 00:00:00-05:00,27.549999237060547,27.739999771118164,27.1299991607666,27.709999084472656,7973900,0.0,0.0
2018-01-23 00:00:00-05:00,27.790000915527344,27.989999771118164,27.5,27.81999969482422,5609700,0.0,0.0
2018-01-24 00:00:00-05:00,27.979999542236328,28.010000228881836,27.690000534057617,27.90999984741211,4514200,0.0,0.0
2018-01-25 00:00:00-05:00,28.06999969482422,28.389999389648438,27.959999084472656,28.260000228881836,5563300,0.0,0.0
2018-01-26 00:00:00-05:00,28.31999969482422,28.600000381469727,28.059999465942383,28.420000076293945,9570100,0.0,0.0
2018-01-29 00:00:00-05:00,28.399999618530273,28.639999389648438,28.219999313354492,28.329999923706055,6041600,0.0,0.0
2018-01-30 00:00:00-05:00,28.110000610351562,28.3700008392334,27.989999771118164,28.030000686645508,8690200,0.0,0.0
2018-01-31 00:00:00-05:00,28.139999389648438,28.229999542236328,27.790000915527344,27.959999084472656,10130100,0.0,0.0
2018-02-01 00:00:00-05:00,27.43000030517578,28.149999618530273,27.209999084472656,27.6299991607666,13699200,0.0,0.0
2018-02-02 00:00:00-05:00,27.469999313354492,27.780000686645508,27.389999389648438,27.389999389648438,9756200,0.0,0.0
2018-02-05 00:00:00-05:00,27.389999389648438,28.0,26.290000915527344,26.399999618530273,13077200,0.0,0.0
2018-02-06 00:00:00-05:00,25.8700008392334,26.81999969482422,25.600000381469727,26.719999313354492,14089500,0.0,0.0
2018-02-07 00:00:00-05:00,26.520000457763672,26.709999084472656,26.309999465942383,26.31999969482422,8216700,0.0,0.0
2018-02-08 00:00:00-05:00,26.260000228881836,26.329999923706055,25.190000534057617,25.200000762939453,12598200,0.0,0.0
2018-02-09 00:00:00-05:00,25.360000610351562,26.15999984741211,25.040000915527344,25.920000076293945,11066400,0.0,0.0
2018-02-12 00:00:00-05:00,26.15999984741211,26.530000686645508,25.93000030517578,26.18000030517578,8449800,0.0,0.0
2018-02-13 00:00:00-05:00,25.959999084472656,26.110000610351562,25.84000015258789,26.110000610351562,6249900,0.0,0.0
2018-02-14 00:00:00-05:00,25.979999542236328,26.90999984741211,25.93000030517578,26.809999465942383,8048700,0.0,0.0
2018-02-15 00:00:00-05:00,26.93000030517578,27.139999389648438,26.700000762939453,27.09000015258789,6340700,0.0,0.0
2018-02-16 00:00:00-05:00,27.100000381469727,27.479999542236328,27.059999465942383,27.200000762939453,6707700,0.0,0.0
2018-02-20 00:00:00-05:00,27.1200008392334,27.139999389648438,26.739999771118164,26.829999923706055,7059200,0.0,0.0
2018-02-21 00:00:00-05:00,26.8700008392334,27.280000686645508,26.739999771118164,26.770000457763672,4939600,0.0,0.0
2018-02-22 00:00:00-05:00,26.920000076293945,26.920000076293945,26.350000381469727,26.479999542236328,6074000,0.0,0.0
2018-02-23 00:00:00-05:00,26.739999771118164,27.200000762939453,26.5,27.200000762939453,5748900,0.0,0.0
2018-02-26 00:00:00-05:00,27.200000762939453,27.649999618530273,27.010000228881836,27.6200008392334,6706200,0.0,0.0
2018-02-27 00:00:00-05:00,27.649999618530273,27.8799991607666,27.440000534057617,27.450000762939453,6330000,0.0,0.0
2018-02-28 00:00:00-05:00,27.530000686645508,27.799999237060547,27.25,27.260000228881836,5857400,0.0,0.0
2018-03-01 00:00:00-05:00,27.299999237060547,27.299999237060547,26.40999984741211,26.5,8827300,0.0,0.0
2018-03-02 00:00:00-05:00,26.389999389648438,26.850000381469727,26.299999237060547,26.770000457763672,10191200,0.0,0.0
2018-03-05 00:00:00-05:00,26.59000015258789,27.479999542236328,26.530000686645508,27.40999984741211,5949300,0.0,0.0
2018-03-06 00:00:00-05:00,27.450000762939453,27.5,27.229999542236328,27.40999984741211,5067900,0.0,0.0
2018-03-07 00:00:00-05:00,27.190000534057617,27.670000076293945,27.190000534057617,27.59000015258789,4006700,0.0,0.0
2018-03-08 00:00:00-05:00,27.68000030517578,27.959999084472656,27.670000076293945,27.850000381469727,5694200,0.0,0.0
2018-03-09 00:00:00-05:00,28.010000228881836,28.549999237060547,27.889999389648438,28.540000915527344,7702200,0.0,0.0
2018-03-12 00:00:00-04:00,28.549999237060547,28.899999618530273,28.450000762939453,28.540000915527344,7963400,0.0,0.0
2018-03-13 00:00:00-04:00,28.6200008392334,28.719999313354492,28.290000915527344,28.43000030517578,3804700,0.0,0.0
2018-03-14 00:00:00-04:00,28.510000228881836,28.510000228881836,27.84000015258789,28.010000228881836,8571700,0.0,0.0
2018-03-15 00:00:00-04:00,28.06999969482422,28.209999084472656,27.690000534057617,27.84000015258789,6244600,0.0,0.0
2018-03-16 00:00:00-04:00,27.829999923706055,28.020000457763672,27.760000228881836,27.93000030517578,7858900,0.0,0.0
2018-03-19 00:00:00-04:00,27.920000076293945,28.020000457763672,27.360000610351562,27.6200008392334,5204700,0.0,0.0
2018-03-20 00:00:00-04:00,27.709999084472656,27.809999465942383,27.489999771118164,27.670000076293945,3722700,0.0,0.0
2018-03-21 00:00:00-04:00,27.670000076293945,27.90999984741211,27.549999237060547,27.65999984741211,4499300,0.0,0.0
2018-03-22 00:00:00-04:00,27.43000030517578,27.6200008392334,26.920000076293945,26.940000534057617,6294500,0.0,0.0
2018-03-23 00:00:00-04:00,27.0,27.139999389648438,26.270000457763672,26.299999237060547,7242800,0.0,0.0
2018-03-26 00:00:00-04:00,26.670000076293945,27.299999237060547,26.549999237060547,27.25,7456600,0.0,0.0
2018-03-27 00:00:00-04:00,27.309999465942383,27.530000686645508,26.850000381469727,27.030000686645508,8868800,0.0,0.0
2018-03-28 00:00:00-04:00,27.100000381469727,27.260000228881836,26.610000610351562,26.68000030517578,5372300,0.0,0.0
2018-03-29 00:00:00-04:00,26.829999923706055,27.770000457763672,26.829999923706055,27.31999969482422,11113800,0.0,0.0
2018-04-02 00:00:00-04:00,27.209999084472656,27.360000610351562,26.420000076293945,26.84000015258789,8562300,0.0,0.0
2018-04-03 00:00:00-04:00,26.889999389648438,27.6200008392334,26.8799991607666,27.459999084472656,9050600,0.0,0.0
2018-04-04 00:00:00-04:00,27.110000610351562,27.81999969482422,26.75,27.739999771118164,7775500,0.0,0.0
2018-04-05 00:00:00-04:00,27.959999084472656,28.399999618530273,27.809999465942383,28.09000015258789,5880800,0.0,0.0
2018-04-06 00:00:00-04:00,27.770000457763672,27.969999313354492,27.06999969482422,27.350000381469727,6451400,0.0,0.0
2018-04-09 00:00:00-04:00,27.59000015258789,27.959999084472656,27.389999389648438,27.510000228881836,4867100,0.0,0.0
2018-04-10 00:00:00-04:00,27.889999389648438,28.170000076293945,27.739999771118164,27.899999618530273,5422300,0.0,0.0
2018-04-11 00:00:00-04:00,27.6200008392334,27.959999084472656,27.610000610351562,27.93000030517578,4429900,0.0,0.0
2018-04-12 00:00:00-04:00,28.520000457763672,28.739999771118164,28.190000534057617,28.229999542236328,11798700,0.0,0.0
2018-04-13 00:00:00-04:00,28.489999771118164,28.709999084472656,28.190000534057617,28.309999465942383,7787800,0.0,0.0
2018-04-16 00:00:00-04:00,28.520000457763672,28.959999084472656,28.5,28.829999923706055,9003800,0.0,0.0
2018-04-17 00:00:00-04:00,29.0,29.079999923706055,28.530000686645508,28.860000610351562,10078300,0.0,0.0
2018-04-18 00:00:00-04:00,28.90999984741211,29.18000030517578,28.790000915527344,28.940000534057617,5352200,0.0,0.0
2018-04-19 00:00:00-04:00,28.940000534057617,29.1299991607666,28.790000915527344,28.889999389648438,5764900,0.0,0.0
2018-04-20 00:00:00-04:00,28.93000030517578,29.149999618530273,28.81999969482422,28.84000015258789,8661000,0.0,0.0
2018-04-23 00:00:00-04:00,29.040000915527344,29.040000915527344,28.6200008392334,28.81999969482422,5702800,0.0,0.0
2018-04-24 00:00:00-04:00,28.860000610351562,29.0,28.09000015258789,28.5,8332600,0.0,0.0
2018-04-25 00:00:00-04:00,28.350000381469727,29.450000762939453,27.90999984741211,29.420000076293945,15887100,0.0,0.0
2018-04-26 00:00:00-04:00,29.56999969482422,29.68000030517578,29.200000762939453,29.450000762939453,6884600,0.0,0.0
2018-04-27 00:00:00-04:00,29.450000762939453,29.479999542236328,29.219999313354492,29.229999542236328,7468800,0.0,0.0
2018-04-30 00:00:00-04:00,29.239999771118164,29.399999618530273,28.719999313354492,28.719999313354492,16530100,0.0,0.0
2018-05-01 00:00:00-04:00,28.739999771118164,29.479999542236328,28.709999084472656,29.479999542236328,9709200,0.0,0.0
2018-05-02 00:00:00-04:00,29.309999465942383,29.59000015258789,29.1299991607666,29.270000457763672,7367800,0.0,0.0
2018-05-03 00:00:00-04:00,29.09000015258789,29.600000381469727,28.8700008392334,29.43000030517578,7967700,0.0,0.0
2018-05-04 00:00:00-04:00,29.299999237060547,29.729999542236328,29.18000030517578,29.549999237060547,5138900,0.0,0.0
2018-05-07 00:00:00-04:00,29.579999923706055,30.15999984741211,29.56999969482422,29.940000534057617,5734900,0.0,0.0
2018-05-08 00:00:00-04:00,29.780000686645508,29.90999984741211,29.549999237060547,29.829999923706055,5647100,0.0,0.0
2018-05-09 00:00:00-04:00,29.93000030517578,30.0,29.639999389648438,29.829999923706055,4007900,0.0,0.0
2018-05-10 00:00:00-04:00,29.950000762939453,30.290000915527344,29.799999237060547,30.280000686645508,4569700,0.0,0.0
2018-05-11 00:00:00-04:00,30.1299991607666,30.40999984741211,29.81999969482422,29.969999313354492,6404900,0.0,0.0
2018-05-14 00:00:00-04:00,29.729999542236328,30.350000381469727,29.729999542236328,29.860000610351562,8855700,0.0,0.0
2018-05-15 00:00:00-04:00,29.700000762939453,29.770000457763672,29.420000076293945,29.6200008392334,5272400,0.0,0.0
2018-05-16 00:00:00-04:00,29.709999084472656,30.15999984741211,29.549999237060547,29.969999313354492,7238200,0.0,0.0
2018-05-17 00:00:00-04:00,29.950000762939453,30.489999771118164,29.84000015258789,30.31999969482422,7304400,0.0,0.0
2018-05-18 00:00:00-04:00,30.290000915527344,30.6299991607666,30.200000762939453,30.450000762939453,3984400,0.0,0.0
2018-05-21 00:00:00-04:00,30.549999237060547,30.84000015258789,30.459999084472656,30.649999618530273,7187500,0.0,0.0
2018-05-22 00:00:00-04:00,30.700000762939453,30.729999542236328,30.239999771118164,30.270000457763672,7567200,0.0,0.0
2018-05-23 00:00:00-04:00,30.200000762939453,30.459999084472656,30.190000534057617,30.459999084472656,4660100,0.0,0.0
2018-05-24 00:00:00-04:00,30.459999084472656,30.56999969482422,30.299999237060547,30.399999618530273,3234400,0.0,0.0
2018-05-25 00:00:00-04:00,30.3799991607666,30.489999771118164,30.239999771118164,30.309999465942383,2685700,0.0,0.0
2018-05-29 00:00:00-04:00,30.100000381469727,30.350000381469727,29.959999084472656,30.200000762939453,3882500,0.0,0.0
2018-05-30 00:00:00-04:00,30.31999969482422,30.579999923706055,30.219999313354492,30.510000228881836,4794200,0.0,0.0
2018-05-31 00:00:00-04:00,30.34000015258789,31.020000457763672,30.309999465942383,30.389999389648438,7302100,0.0,0.0
2018-06-01 00:00:00-04:00,30.639999389648438,30.65999984741211,30.299999237060547,30.59000015258789,7102800,0.0,0.0
2018-06-04 00:00:00-04:00,30.790000915527344,30.809999465942383,30.3799991607666,30.600000381469727,4085200,0.0,0.0
2018-06-05 00:00:00-04:00,30.6200008392334,30.829999923706055,30.489999771118164,30.719999313354492,6452400,0.0,0.0
2018-06-06 00:00:00-04:00,30.799999237060547,30.899999618530273,30.59000015258789,30.799999237060547,6337300,0.0,0.0
2018-06-07 00:00:00-04:00,30.90999984741211,31.18000030517578,30.43000030517578,31.030000686645508,10856100,0.0,0.0
2018-06-08 00:00:00-04:00,31.06999969482422,31.979999542236328,31.040000915527344,31.950000762939453,14035800,0.0,0.0
2018-06-11 00:00:00-04:00,31.969999313354492,37.29999923706055,31.770000457763672,34.31999969482422,34449400,0.0,0.0
2018-06-12 00:00:00-04:00,34.90999984741211,35.209999084472656,33.709999084472656,33.84000015258789,21974300,0.0,0.0
2018-06-13 00:00:00-04:00,31.670000076293945,32.65999984741211,31.549999237060547,31.729999542236328,22257000,0.0,0.0
2018-06-14 00:00:00-04:00,32.290000915527344,32.7599983215332,32.16999816894531,32.5099983215332,12428800,0.0,0.0
2018-06-15 00:00:00-04:00,32.59000015258789,32.9900016784668,32.349998474121094,32.959999084472656,12738400,0.0,0.0
2018-06-18 00:00:00-04:00,32.63999938964844,32.72999954223633,31.799999237060547,32.290000915527344,6433000,0.0,0.0
2018-06-19 00:00:00-04:00,31.969999313354492,32.099998474121094,31.790000915527344,31.920000076293945,6482800,0.0,0.0
2018-06-20 00:00:00-04:00,31.950000762939453,32.529998779296875,31.8700008392334,32.22999954223633,6642500,0.0,0.0
2018-06-21 00:00:00-04:00,32.279998779296875,32.58000183105469,32.04999923706055,32.150001525878906,4500800,0.0,0.0
2018-06-22 00:00:00-04:00,32.33000183105469,33.029998779296875,32.220001220703125,32.619998931884766,8499400,0.0,0.0
2018-06-25 00:00:00-04:00,32.61000061035156,32.619998931884766,31.8799991607666,32.119998931884766,4098100,0.0,0.0
2018-06-26 00:00:00-04:00,32.18000030517578,32.2599983215332,31.850000381469727,32.0,5636300,0.0,0.0
2018-06-27 00:00:00-04:00,32.209999084472656,32.650001525878906,31.850000381469727,31.850000381469727,5918800,0.0,0.0
2018-06-28 00:00:00-04:00,31.8700008392334,32.630001068115234,31.780000686645508,32.5,5674100,0.0,0.0
2018-06-29 00:00:00-04:00,32.5,32.880001068115234,32.41999816894531,32.70000076293945,8657000,0.0,0.0
2018-07-02 00:00:00-04:00,32.5099983215332,32.90999984741211,32.349998474121094,32.83000183105469,4860900,0.0,0.0
2018-07-03 00:00:00-04:00,32.939998626708984,33.349998474121094,32.849998474121094,33.209999084472656,4173000,0.0,0.0
2018-07-05 00:00:00-04:00,33.22999954223633,33.650001525878906,32.70000076293945,33.220001220703125,6763300,0.0,0.0
2018-07-06 00:00:00-04:00,33.38999938964844,33.7599983215332,33.310001373291016,33.61000061035156,4170600,0.0,0.0
2018-07-09 00:00:00-04:00,33.81999969482422,33.97999954223633,33.58000183105469,33.790000915527344,3770700,0.0,0.0
2018-07-10 00:00:00-04:00,33.939998626708984,34.09000015258789,33.52000045776367,33.560001373291016,6807000,0.0,0.0
2018-07-11 00:00:00-04:00,33.220001220703125,33.52000045776367,33.099998474121094,33.34000015258789,4038300,0.0,0.0
2018-07-12 00:00:00-04:00,33.689998626708984,33.779998779296875,33.31999969482422,33.34000015258789,4704200,0.0,0.0
2018-07-13 00:00:00-04:00,33.560001373291016,33.650001525878906,33.2599983215332,33.349998474121094,4994400,0.0,0.0
2018-07-16 00:00:00-04:00,33.150001525878906,33.349998474121094,32.90999984741211,33.150001525878906,7234800,0.0,0.0
2018-07-17 00:00:00-04:00,33.15999984741211,34.15999984741211,33.11000061035156,33.95000076293945,8800400,0.0,0.0
2018-07-18 00:00:00-04:00,33.95000076293945,34.150001525878906,33.47999954223633,33.7400016784668,6430900,0.0,0.0
2018-07-19 00:00:00-04:00,33.72999954223633,33.869998931884766,33.599998474121094,33.720001220703125,2756800,0.0,0.0
2018-07-20 00:00:00-04:00,33.540000915527344,33.9900016784668,33.540000915527344,33.77000045776367,5145300,0.0,0.0
2018-07-23 00:00:00-04:00,33.720001220703125,33.869998931884766,33.41999816894531,33.709999084472656,5941400,0.0,0.0
2018-07-24 00:00:00-04:00,33.790000915527344,33.86000061035156,33.22999954223633,33.56999969482422,9193600,0.0,0.0
2018-07-25 00:00:00-04:00,32.27000045776367,34.34000015258789,32.27000045776367,34.31999969482422,11988600,0.0,0.0
2018-07-26 00:00:00-04:00,34.5,34.630001068115234,34.08000183105469,34.33000183105469,6327900,0.0,0.0
2018-07-27 00:00:00-04:00,34.380001068115234,34.400001525878906,33.58000183105469,33.77000045776367,5458800,0.0,0.0
2018-07-30 00:00:00-04:00,33.720001220703125,33.7400016784668,32.869998931884766,32.93000030517578,9844900,0.0,0.0
2018-07-31 00:00:00-04:00,33.08000183105469,33.86000061035156,33.08000183105469,33.61000061035156,9438100,0.0,0.0
2018-08-01 00:00:00-04:00,33.54999923706055,33.72999954223633,33.29999923706055,33.38999938964844,5737200,0.0,0.0
2018-08-02 00:00:00-04:00,33.290000915527344,33.400001525878906,32.900001525878906,33.380001068115234,6269200,0.0,0.0
2018-08-03 00:00:00-04:00,33.41999816894531,33.54999923706055,33.119998931884766,33.529998779296875,4425900,0.0,0.0
2018-08-06 00:00:00-04:00,33.459999084472656,33.5,33.04999923706055,33.150001525878906,5421800,0.0,0.0
2018-08-07 00:00:00-04:00,33.150001525878906,33.29999923706055,33.02000045776367,33.220001220703125,4189200,0.0,0.0
2018-08-08 00:00:00-04:00,34.22999954223633,34.59000015258789,34.06999969482422,34.290000915527344,9790800,0.0,0.0
2018-08-09 00:00:00-04:00,34.220001220703125,34.41999816894531,33.7599983215332,33.849998474121094,8309200,0.0,0.0
2018-08-10 00:00:00-04:00,33.7400016784668,33.880001068115234,33.349998474121094,33.54999923706055,4486000,0.0,0.0
2018-08-13 00:00:00-04:00,33.58000183105469,33.84000015258789,33.290000915527344,33.29999923706055,4552800,0.0,0.0
2018-08-14 00:00:00-04:00,33.349998474121094,33.790000915527344,33.29999923706055,33.70000076293945,7462400,0.0,0.0
2018-08-15 00:00:00-04:00,33.599998474121094,35.2599983215332,33.52000045776367,34.88999938964844,16216500,0.0,0.0
2018-08-16 00:00:00-04:00,35.0,35.060001373291016,34.15999984741211,34.290000915527344,7195700,0.0,0.0
2018-08-17 00:00:00-04:00,34.349998474121094,34.619998931884766,34.119998931884766,34.40999984741211,5113900,0.0,0.0
2018-08-20 00:00:00-04:00,34.5,34.75,34.119998931884766,34.56999969482422,5244100,0.0,0.0
2018-08-21 00:00:00-04:00,34.70000076293945,34.86000061035156,34.4900016784668,34.4900016784668,6883900,0.0,0.0
2018-08-22 00:00:00-04:00,34.34000015258789,34.54999923706055,34.08000183105469,34.470001220703125,4153100,0.0,0.0
2018-08-23 00:00:00-04:00,34.40999984741211,34.65999984741211,34.2599983215332,34.349998474121094,3732400,0.0,0.0
2018-08-24 00:00:00-04:00,34.45000076293945,34.81999969482422,34.40999984741211,34.720001220703125,5511100,0.0,0.0
2018-08-27 00:00:00-04:00,34.869998931884766,35.060001373291016,34.650001525878906,34.939998626708984,4225400,0.0,0.0
2018-08-28 00:00:00-04:00,35.06999969482422,35.29999923706055,34.959999084472656,35.060001373291016,5539700,0.0,0.0
2018-08-29 00:00:00-04:00,35.15999984741211,35.689998626708984,35.15999984741211,35.540000915527344,6682600,0.0,0.0
2018-08-30 00:00:00-04:00,35.22999954223633,35.66999816894531,35.220001220703125,35.400001525878906,4220000,0.0,0.0
2018-08-31 00:00:00-04:00,35.400001525878906,35.58000183105469,35.400001525878906,35.560001373291016,5012800,0.0,0.0
2018-09-04 00:00:00-04:00,36.0099983215332,36.45000076293945,35.83000183105469,36.04999923706055,8512800,0.0,0.0
2018-09-05 00:00:00-04:00,36.02000045776367,36.029998779296875,35.380001068115234,35.75,5798700,0.0,0.0
2018-09-06 00:00:00-04:00,35.65999984741211,36.13999938964844,35.63999938964844,35.9900016784668,5033000,0.0,0.0
2018-09-07 00:00:00-04:00,36.31999969482422,36.380001068115234,35.810001373291016,35.849998474121094,4512500,0.0,0.0
2018-09-10 00:00:00-04:00,36.029998779296875,36.060001373291016,35.70000076293945,35.84000015258789,3765200,0.0,0.0
2018-09-11 00:00:00-04:00,35.79999923706055,36.2400016784668,35.43000030517578,36.13999938964844,5396400,0.0,0.0
2018-09-12 00:00:00-04:00,36.06999969482422,36.529998779296875,35.72999954223633,36.439998626708984,5704300,0.0,0.0
2018-09-13 00:00:00-04:00,37.11000061035156,37.720001220703125,37.09000015258789,37.619998931884766,14332500,0.0,0.0
2018-09-14 00:00:00-04:00,37.43000030517578,37.560001373291016,37.15999984741211,37.38999938964844,8119500,0.0,0.0
2018-09-17 00:00:00-04:00,37.47999954223633,37.68000030517578,37.15999984741211,37.27000045776367,6155600,0.0,0.0
2018-09-18 00:00:00-04:00,37.18000030517578,37.7599983215332,37.11000061035156,37.619998931884766,5847800,0.0,0.0
2018-09-19 00:00:00-04:00,37.56999969482422,37.619998931884766,37.16999816894531,37.4900016784668,4633100,0.0,0.0
2018-09-20 00:00:00-04:00,37.63999938964844,37.91999816894531,37.54999923706055,37.81999969482422,4742100,0.0,0.0
2018-09-21 00:00:00-04:00,37.880001068115234,37.91999816894531,37.619998931884766,37.77000045776367,7887700,0.0,0.0
2018-09-24 00:00:00-04:00,38.0,38.4900016784668,37.869998931884766,38.400001525878906,6910400,0.0,0.0
2018-09-25 00:00:00-04:00,38.290000915527344,38.7599983215332,38.09000015258789,38.61000061035156,8731800,0.0,0.0
2018-09-26 00:00:00-04:00,38.61000061035156,39.130001068115234,38.5099983215332,38.630001068115234,8444200,0.0,0.0
2018-09-27 00:00:00-04:00,38.650001525878906,38.720001220703125,38.2400016784668,38.34000015258789,5881200,0.0,0.0
2018-09-28 00:00:00-04:00,38.33000183105469,38.779998779296875,38.27000045776367,38.5,6482500,0.0,0.0
2018-10-01 00:00:00-04:00,38.7400016784668,39.41999816894531,38.599998474121094,38.97999954223633,8289700,0.0,0.0
2018-10-02 00:00:00-04:00,39.380001068115234,39.439998626708984,38.75,39.040000915527344,6064800,0.0,0.0
2018-10-03 00:00:00-04:00,39.029998779296875,39.349998474121094,38.41999816894531,38.61000061035156,5930200,0.0,0.0
2018-10-04 00:00:00-04:00,38.43000030517578,38.45000076293945,37.68000030517578,38.0,6461000,0.0,0.0
2018-10-05 00:00:00-04:00,38.060001373291016,38.33000183105469,37.650001525878906,37.849998474121094,5306100,0.0,0.0
2018-10-08 00:00:00-04:00,37.79999923706055,37.880001068115234,36.779998779296875,37.29999923706055,6896500,0.0,0.0
2018-10-09 00:00:00-04:00,37.220001220703125,37.58000183105469,37.11000061035156,37.40999984741211,6492100,0.0,0.0
2018-10-10 00:00:00-04:00,37.36000061035156,37.63999938964844,36.08000183105469,36.11000061035156,12220700,0.0,0.0
2018-10-11 00:00:00-04:00,36.11000061035156,36.97999954223633,35.84000015258789,36.0,11330600,0.0,0.0
2018-10-12 00:00:00-04:00,36.86000061035156,37.16999816894531,36.54999923706055,36.9900016784668,8744300,0.0,0.0
2018-10-15 00:00:00-04:00,37.13999938964844,37.13999938964844,36.349998474121094,36.43000030517578,5792700,0.0,0.0
2018-10-16 00:00:00-04:00,37.029998779296875,38.20000076293945,37.029998779296875,38.11000061035156,9195100,0.0,0.0
2018-10-17 00:00:00-04:00,37.61000061035156,38.619998931884766,37.47999954223633,38.0,9311700,0.0,0.0
2018-10-18 00:00:00-04:00,37.9900016784668,38.08000183105469,37.150001525878906,37.529998779296875,7009000,0.0,0.0
2018-10-19 00:00:00-04:00,37.369998931884766,37.70000076293945,36.349998474121094,36.540000915527344,8448500,0.0,0.0
2018-10-22 00:00:00-04:00,36.619998931884766,37.0,36.310001373291016,36.619998931884766,6492800,0.0,0.0
2018-10-23 00:00:00-04:00,36.189998626708984,36.31999969482422,35.279998779296875,36.029998779296875,10958100,0.0,0.0
2018-10-24 00:00:00-04:00,36.52000045776367,37.220001220703125,35.630001068115234,35.68000030517578,12603100,0.0,0.0
2018-10-25 00:00:00-04:00,35.849998474121094,36.650001525878906,35.20000076293945,36.38999938964844,8974900,0.0,0.0
2018-10-26 00:00:00-04:00,35.95000076293945,36.279998779296875,35.0099983215332,35.83000183105469,9468100,0.0,0.0
2018-10-29 00:00:00-04:00,36.36000061035156,36.619998931884766,34.7400016784668,35.380001068115234,11133700,0.0,0.0
2018-10-30 00:00:00-04:00,35.189998626708984,35.95000076293945,35.0099983215332,35.90999984741211,8167300,0.0,0.0
2018-10-31 00:00:00-04:00,36.31999969482422,36.86000061035156,35.970001220703125,36.13999938964844,9220600,0.0,0.0
2018-11-01 00:00:00-04:00,36.41999816894531,37.09000015258789,36.04999923706055,36.9900016784668,9581200,0.0,0.0
2018-11-02 00:00:00-04:00,37.2400016784668,37.59000015258789,36.540000915527344,36.810001373291016,4560900,0.0,0.0
2018-11-05 00:00:00-05:00,36.970001220703125,37.31999969482422,36.18000030517578,36.36000061035156,4764900,0.0,0.0
2018-11-06 00:00:00-05:00,36.2599983215332,36.869998931884766,36.209999084472656,36.849998474121094,4151000,0.0,0.0
2018-11-07 00:00:00-05:00,37.060001373291016,37.9900016784668,37.0,37.95000076293945,6746000,0.0,0.0
2018-11-08 00:00:00-05:00,37.939998626708984,38.439998626708984,37.77000045776367,38.439998626708984,5021300,0.0,0.0
2018-11-09 00:00:00-05:00,38.31999969482422,38.66999816894531,37.41999816894531,38.599998474121094,9208800,0.0,0.0
2018-11-12 00:00:00-05:00,38.470001220703125,38.5,36.790000915527344,36.93000030517578,6556700,0.0,0.0
2018-11-13 00:00:00-05:00,37.11000061035156,37.380001068115234,36.52000045776367,36.65999984741211,3622100,0.0,0.0
2018-11-14 00:00:00-05:00,36.869998931884766,36.97999954223633,36.060001373291016,36.209999084472656,5520800,0.0,0.0
2018-11-15 00:00:00-05:00,36.0,36.63999938964844,35.47999954223633,36.470001220703125,9055200,0.0,0.0
2018-11-16 00:00:00-05:00,36.34000015258789,37.72999954223633,36.34000015258789,37.209999084472656,7537500,0.0,0.0
2018-11-19 00:00:00-05:00,37.150001525878906,37.150001525878906,35.16999816894531,35.290000915527344,10485500,0.0,0.0
2018-11-20 00:00:00-05:00,33.2400016784668,34.75,31.579999923706055,34.04999923706055,19874400,0.0,0.0
2018-11-21 00:00:00-05:00,34.279998779296875,35.029998779296875,34.189998626708984,34.599998474121094,6972100,0.0,0.0
2018-11-23 00:00:00-05:00,34.400001525878906,35.130001068115234,34.31999969482422,34.79999923706055,2313400,0.0,0.0
2018-11-26 00:00:00-05:00,35.16999816894531,35.47999954223633,34.68000030517578,35.0099983215332,6987600,0.0,0.0
2018-11-27 00:00:00-05:00,34.959999084472656,35.470001220703125,34.68000030517578,35.2599983215332,7797000,0.0,0.0
2018-11-28 00:00:00-05:00,35.470001220703125,36.70000076293945,35.470001220703125,36.650001525878906,8455200,0.0,0.0
2018-11-29 00:00:00-05:00,36.43000030517578,37.29999923706055,36.380001068115234,37.040000915527344,6152800,0.0,0.0
2018-11-30 00:00:00-05:00,37.130001068115234,37.720001220703125,37.029998779296875,37.66999816894531,9795100,0.0,0.0
2018-12-03 00:00:00-05:00,38.09000015258789,38.689998626708984,37.790000915527344,38.5099983215332,8315200,0.0,0.0
2018-12-04 00:00:00-05:00,38.529998779296875,38.650001525878906,36.41999816894531,36.52000045776367,8966200,0.0,0.0
2018-12-06 00:00:00-05:00,36.0,36.779998779296875,35.279998779296875,36.77000045776367,9679700,0.0,0.0
2018-12-07 00:00:00-05:00,36.58000183105469,36.72999954223633,35.04999923706055,35.47999954223633,7395800,0.0,0.0
2018-12-10 00:00:00-05:00,35.40999984741211,36.20000076293945,34.95000076293945,36.150001525878906,5739000,0.0,0.0
2018-12-11 00:00:00-05:00,36.59000015258789,36.95000076293945,36.15999984741211,36.560001373291016,5806500,0.0,0.0
2018-12-12 00:00:00-05:00,37.150001525878906,37.63999938964844,37.0,37.099998474121094,6993700,0.0,0.0
2018-12-13 00:00:00-05:00,37.34000015258789,37.52000045776367,36.439998626708984,36.97999954223633,5070800,0.0,0.0
2018-12-14 00:00:00-05:00,36.599998474121094,36.599998474121094,35.540000915527344,35.79999923706055,6822500,0.0,0.0
2018-12-17 00:00:00-05:00,35.47999954223633,35.47999954223633,33.869998931884766,34.04999923706055,9913200,0.0,0.0
2018-12-18 00:00:00-05:00,34.61000061035156,35.04999923706055,33.9900016784668,34.310001373291016,9258600,0.0,0.0
2018-12-19 00:00:00-05:00,34.52000045776367,35.099998474121094,33.40999984741211,33.97999954223633,7302900,0.0,0.0
2018-12-20 00:00:00-05:00,33.81999969482422,33.95000076293945,32.86000061035156,33.2599983215332,9200700,0.0,0.0
2018-12-21 00:00:00-05:00,33.2599983215332,33.66999816894531,32.56999969482422,32.83000183105469,14305300,0.0,0.0
2018-12-24 00:00:00-05:00,32.599998474121094,32.779998779296875,31.559999465942383,31.729999542236328,4005000,0.0,0.0
2018-12-26 00:00:00-05:00,31.899999618530273,33.68000030517578,31.780000686645508,33.68000030517578,6578000,0.0,0.0
2018-12-27 00:00:00-05:00,33.150001525878906,34.47999954223633,33.0099983215332,34.47999954223633,7353600,0.0,0.0
2018-12-28 00:00:00-05:00,34.7599983215332,35.150001525878906,34.2400016784668,34.66999816894531,6441900,0.0,0.0
2018-12-31 00:00:00-05:00,34.91999816894531,35.34000015258789,34.790000915527344,35.34000015258789,4434600,0.0,0.0
2019-01-02 00:00:00-05:00,34.650001525878906,34.86000061035156,34.060001373291016,34.459999084472656,6336900,0.0,0.0
2019-01-03 00:00:00-05:00,34.2400016784668,34.31999969482422,32.72999954223633,32.90999984741211,10488900,0.0,0.0
2019-01-04 00:00:00-05:00,33.41999816894531,34.400001525878906,33.41999816894531,34.209999084472656,8072500,0.0,0.0
2019-01-07 00:00:00-05:00,34.34000015258789,34.959999084472656,34.189998626708984,34.41999816894531,6473900,0.0,0.0
2019-01-08 00:00:00-05:00,34.900001525878906,35.5099983215332,34.56999969482422,35.380001068115234,10263700,0.0,0.0
2019-01-09 00:00:00-05:00,35.66999816894531,36.33000183105469,35.52000045776367,35.880001068115234,7518100,0.0,0.0
2019-01-10 00:00:00-05:00,35.68000030517578,35.9900016784668,35.369998931884766,35.95000076293945,5123600,0.0,0.0
2019-01-11 00:00:00-05:00,35.63999938964844,35.77000045776367,35.189998626708984,35.560001373291016,5494500,0.0,0.0
2019-01-14 00:00:00-05:00,35.27000045776367,35.56999969482422,35.08000183105469,35.310001373291016,3817400,0.0,0.0
2019-01-15 00:00:00-05:00,35.41999816894531,36.88999938964844,35.40999984741211,36.720001220703125,10873900,0.0,0.0
2019-01-16 00:00:00-05:00,36.7400016784668,36.869998931884766,36.470001220703125,36.619998931884766,5535800,0.0,0.0
2019-01-17 00:00:00-05:00,36.54999923706055,37.2400016784668,36.41999816894531,36.810001373291016,6405200,0.0,0.0
2019-01-18 00:00:00-05:00,37.130001068115234,37.77000045776367,36.66999816894531,37.689998626708984,9464800,0.0,0.0
2019-01-22 00:00:00-05:00,37.13999938964844,37.52000045776367,36.91999816894531,37.2599983215332,5865900,0.0,0.0
2019-01-23 00:00:00-05:00,37.459999084472656,37.61000061035156,36.689998626708984,37.189998626708984,3862700,0.0,0.0
2019-01-24 00:00:00-05:00,37.27000045776367,37.540000915527344,37.150001525878906,37.22999954223633,5939700,0.0,0.0
2019-01-25 00:00:00-05:00,37.40999984741211,37.70000076293945,37.29999923706055,37.45000076293945,3919200,0.0,0.0
2019-01-28 00:00:00-05:00,37.20000076293945,37.20000076293945,36.68000030517578,36.849998474121094,5259000,0.0,0.0
2019-01-29 00:00:00-05:00,36.83000183105469,37.11000061035156,36.59000015258789,37.0099983215332,8032700,0.0,0.0
2019-01-30 00:00:00-05:00,37.150001525878906,37.619998931884766,37.0,37.41999816894531,13212500,0.0,0.0
2019-01-31 00:00:00-05:00,37.470001220703125,38.2400016784668,37.400001525878906,38.150001525878906,10807100,0.0,0.0
2019-02-01 00:00:00-05:00,38.150001525878906,38.380001068115234,37.709999084472656,37.93000030517578,6005200,0.0,0.0
2019-02-04 00:00:00-05:00,37.84000015258789,38.04999923706055,37.59000015258789,37.93000030517578,6794000,0.0,0.0
2019-02-05 00:00:00-05:00,38.06999969482422,38.13999938964844,37.58000183105469,37.75,11034200,0.0,0.0
2019-02-06 00:00:00-05:00,37.29999923706055,39.02000045776367,37.25,38.77000045776367,11376600,0.0,0.0
2019-02-07 00:00:00-05:00,38.38999938964844,39.09000015258789,38.150001525878906,38.849998474121094,9183500,0.0,0.0
2019-02-08 00:00:00-05:00,38.439998626708984,39.22999954223633,38.38999938964844,39.189998626708984,6419700,0.0,0.0
2019-02-11 00:00:00-05:00,39.310001373291016,39.59000015258789,39.099998474121094,39.310001373291016,5842000,0.0,0.0
2019-02-12 00:00:00-05:00,39.5,40.33000183105469,39.41999816894531,40.040000915527344,7507300,0.0,0.0
2019-02-13 00:00:00-05:00,40.11000061035156,40.2400016784668,39.38999938964844,39.599998474121094,6236600,0.0,0.0
2019-02-14 00:00:00-05:00,39.5,40.06999969482422,39.36000061035156,39.91999816894531,5203300,0.0,0.0
2019-02-15 00:00:00-05:00,40.31999969482422,40.31999969482422,39.70000076293945,40.0099983215332,10376200,0.0,0.0
2019-02-19 00:00:00-05:00,40.029998779296875,40.189998626708984,39.790000915527344,39.86000061035156,4050700,0.0,0.0
2019-02-20 00:00:00-05:00,39.86000061035156,40.29999923706055,39.61000061035156,40.11000061035156,7687500,0.0,0.0
2019-02-21 00:00:00-05:00,39.939998626708984,40.220001220703125,39.84000015258789,40.119998931884766,8418000,0.0,0.0
2019-02-22 00:00:00-05:00,40.27000045776367,40.810001373291016,40.16999816894531,40.52000045776367,9321500,0.0,0.0
2019-02-25 00:00:00-05:00,40.650001525878906,40.75,39.9900016784668,39.9900016784668,12139000,0.0,0.0
2019-02-26 00:00:00-05:00,40.0,40.0,39.54999923706055,39.86000061035156,4397300,0.0,0.0
2019-02-27 00:00:00-05:00,39.63999938964844,40.119998931884766,39.599998474121094,39.93000030517578,5260200,0.0,0.0
2019-02-28 00:00:00-05:00,39.880001068115234,40.31999969482422,39.7599983215332,40.119998931884766,5797300,0.0,0.0
2019-03-01 00:00:00-05:00,40.47999954223633,40.900001525878906,40.13999938964844,40.75,5828000,0.0,0.0
2019-03-04 00:00:00-05:00,40.93000030517578,41.0,39.66999816894531,40.29999923706055,7911500,0.0,0.0
2019-03-05 00:00:00-05:00,40.310001373291016,40.47999954223633,40.02000045776367,40.189998626708984,4268700,0.0,0.0
2019-03-06 00:00:00-05:00,40.25,40.27000045776367,39.65999984741211,39.779998779296875,3914200,0.0,0.0
2019-03-07 00:00:00-05:00,39.75,39.90999984741211,39.36000061035156,39.59000015258789,4793400,0.0,0.0
2019-03-08 00:00:00-05:00,39.33000183105469,39.560001373291016,38.9900016784668,39.5099983215332,4583100,0.0,0.0
2019-03-11 00:00:00-04:00,39.720001220703125,39.97999954223633,39.5099983215332,39.900001525878906,4580100,0.0,0.0
2019-03-12 00:00:00-04:00,39.9900016784668,40.38999938964844,39.849998474121094,40.2599983215332,3474200,0.0,0.0
2019-03-13 00:00:00-04:00,40.41999816894531,40.77000045776367,40.130001068115234,40.22999954223633,6060500,0.0,0.0
2019-03-14 00:00:00-04:00,40.189998626708984,40.22999954223633,39.880001068115234,40.04999923706055,6345700,0.0,0.0
2019-03-15 00:00:00-04:00,40.11000061035156,40.66999816894531,40.06999969482422,40.209999084472656,9811700,0.0,0.0
2019-03-18 00:00:00-04:00,39.97999954223633,40.0,37.689998626708984,37.970001220703125,19132300,0.0,0.0
2019-03-19 00:00:00-04:00,38.119998931884766,38.529998779296875,37.61000061035156,38.16999816894531,10570100,0.0,0.0
2019-03-20 00:00:00-04:00,38.11000061035156,38.27000045776367,37.63999938964844,37.86000061035156,9626800,0.0,0.0
2019-03-21 00:00:00-04:00,37.709999084472656,38.2599983215332,37.619998931884766,38.150001525878906,8094300,0.0,0.0
2019-03-22 00:00:00-04:00,38.099998474121094,38.130001068115234,37.279998779296875,37.29999923706055,6679900,0.0,0.0
2019-03-25 00:00:00-04:00,37.29999923706055,37.81999969482422,37.099998474121094,37.63999938964844,8377900,0.0,0.0
2019-03-26 00:00:00-04:00,38.06999969482422,38.599998474121094,37.7400016784668,37.84000015258789,7302500,0.0,0.0
2019-03-27 00:00:00-04:00,37.849998474121094,38.099998474121094,37.310001373291016,37.4900016784668,4763600,0.0,0.0
2019-03-28 00:00:00-04:00,37.63999938964844,37.95000076293945,37.40999984741211,37.91999816894531,4708800,0.0,0.0
2019-03-29 00:00:00-04:00,38.150001525878906,38.650001525878906,37.9900016784668,38.380001068115234,7767900,0.0,0.0
2019-04-01 00:00:00-04:00,38.81999969482422,39.0,38.5,38.65999984741211,11464900,0.0,0.0
2019-04-02 00:00:00-04:00,38.70000076293945,38.70000076293945,38.34000015258789,38.52000045776367,5725200,0.0,0.0
2019-04-03 00:00:00-04:00,38.70000076293945,38.7400016784668,38.150001525878906,38.33000183105469,6895800,0.0,0.0
2019-04-04 00:00:00-04:00,38.45000076293945,38.45000076293945,37.79999923706055,38.15999984741211,4049900,0.0,0.0
2019-04-05 00:00:00-04:00,38.22999954223633,38.310001373291016,37.93000030517578,38.15999984741211,4630100,0.0,0.0
2019-04-08 00:00:00-04:00,38.099998474121094,38.209999084472656,37.70000076293945,38.150001525878906,4870800,0.0,0.0
2019-04-09 00:00:00-04:00,38.060001373291016,38.349998474121094,37.939998626708984,38.209999084472656,4627500,0.0,0.0
2019-04-10 00:00:00-04:00,38.2400016784668,38.58000183105469,38.189998626708984,38.36000061035156,5896200,0.0,0.0
2019-04-11 00:00:00-04:00,38.5,38.5099983215332,37.869998931884766,37.91999816894531,4887600,0.0,0.0
2019-04-12 00:00:00-04:00,37.95000076293945,38.04999923706055,37.56999969482422,37.72999954223633,4800100,0.0,0.0
2019-04-15 00:00:00-04:00,37.810001373291016,37.90999984741211,37.4900016784668,37.810001373291016,5124100,0.0,0.0
2019-04-16 00:00:00-04:00,38.099998474121094,38.25,35.599998474121094,36.16999816894531,32945500,0.0,0.0
2019-04-17 00:00:00-04:00,35.79999923706055,36.33000183105469,34.849998474121094,34.90999984741211,16029700,0.0,0.0
2019-04-18 00:00:00-04:00,35.08000183105469,35.52000045776367,34.349998474121094,35.11000061035156,10281000,0.0,0.0
2019-04-22 00:00:00-04:00,34.900001525878906,35.41999816894531,34.630001068115234,34.93000030517578,7824200,0.0,0.0
2019-04-23 00:00:00-04:00,35.11000061035156,35.900001525878906,34.959999084472656,35.88999938964844,13874000,0.0,0.0
2019-04-24 00:00:00-04:00,35.0,36.13999938964844,34.779998779296875,35.439998626708984,19865500,0.0,0.0
2019-04-25 00:00:00-04:00,35.470001220703125,37.150001525878906,35.43000030517578,36.93000030517578,13209900,0.0,0.0
2019-04-26 00:00:00-04:00,37.16999816894531,37.4900016784668,36.79999923706055,37.380001068115234,9621600,0.0,0.0
2019-04-29 00:00:00-04:00,37.27000045776367,37.560001373291016,36.650001525878906,36.72999954223633,6018000,0.0,0.0
2019-04-30 00:00:00-04:00,36.779998779296875,37.189998626708984,36.59000015258789,37.119998931884766,7938900,0.0,0.0
2019-05-01 00:00:00-04:00,37.11000061035156,37.13999938964844,36.34000015258789,36.380001068115234,6081000,0.0,0.0
2019-05-02 00:00:00-04:00,36.25,36.88999938964844,36.11000061035156,36.88999938964844,10698600,0.0,0.0
2019-05-03 00:00:00-04:00,37.04999923706055,37.29999923706055,36.84000015258789,37.20000076293945,7869300,0.0,0.0
2019-05-06 00:00:00-04:00,36.56999969482422,37.470001220703125,36.5099983215332,37.369998931884766,7742300,0.0,0.0
2019-05-07 00:00:00-04:00,37.08000183105469,37.25,36.470001220703125,36.77000045776367,6403000,0.0,0.0
2019-05-08 00:00:00-04:00,36.75,37.209999084472656,36.369998931884766,36.70000076293945,7128900,0.0,0.0
2019-05-09 00:00:00-04:00,36.34000015258789,37.11000061035156,36.06999969482422,37.06999969482422,8510500,0.0,0.0
2019-05-10 00:00:00-04:00,36.81999969482422,36.900001525878906,35.880001068115234,36.58000183105469,7458700,0.0,0.0
2019-05-13 00:00:00-04:00,36.29999923706055,36.369998931884766,35.880001068115234,35.970001220703125,5476000,0.0,0.0
2019-05-14 00:00:00-04:00,36.20000076293945,37.119998931884766,36.099998474121094,36.7599983215332,6567200,0.0,0.0
2019-05-15 00:00:00-04:00,36.63999938964844,37.380001068115234,36.599998474121094,37.06999969482422,8536900,0.0,0.0
2019-05-16 00:00:00-04:00,37.209999084472656,38.310001373291016,37.209999084472656,37.619998931884766,7498800,0.0,0.0
2019-05-17 00:00:00-04:00,37.08000183105469,37.880001068115234,37.06999969482422,37.31999969482422,5482100,0.0,0.0
2019-05-20 00:00:00-04:00,37.150001525878906,37.38999938964844,36.810001373291016,37.290000915527344,5053300,0.0,0.0
2019-05-21 00:00:00-04:00,37.630001068115234,37.880001068115234,37.40999984741211,37.70000076293945,7933000,0.0,0.0
2019-05-22 00:00:00-04:00,37.650001525878906,37.88999938964844,37.45000076293945,37.72999954223633,3714200,0.0,0.0
2019-05-23 00:00:00-04:00,37.68000030517578,37.810001373291016,37.290000915527344,37.790000915527344,6282500,0.0,0.0
2019-05-24 00:00:00-04:00,37.70000076293945,38.650001525878906,37.66999816894531,38.470001220703125,8232400,0.0,0.0
2019-05-28 00:00:00-04:00,38.540000915527344,39.15999984741211,38.34000015258789,38.45000076293945,14470400,0.0,0.0
2019-05-29 00:00:00-04:00,38.400001525878906,38.5,37.70000076293945,38.06999969482422,6052500,0.0,0.0
2019-05-30 00:00:00-04:00,38.209999084472656,38.68000030517578,38.02000045776367,38.439998626708984,6964500,0.0,0.0
2019-05-31 00:00:00-04:00,38.15999984741211,38.59000015258789,37.619998931884766,38.40999984741211,6825900,0.0,0.0
2019-06-03 00:00:00-04:00,38.47999954223633,38.66999816894531,38.08000183105469,38.290000915527344,5730800,0.0,0.0
2019-06-04 00:00:00-04:00,38.7599983215332,39.13999938964844,38.209999084472656,39.04999923706055,6981900,0.0,0.0
2019-06-05 00:00:00-04:00,39.189998626708984,40.15999984741211,39.18000030517578,40.0099983215332,11081400,0.0,0.0
2019-06-06 00:00:00-04:00,40.119998931884766,40.939998626708984,39.630001068115234,40.540000915527344,12114700,0.0,0.0
2019-06-07 00:00:00-04:00,40.83000183105469,41.63999938964844,40.75,41.279998779296875,17415500,0.0,0.0
2019-06-10 00:00:00-04:00,41.18000030517578,41.790000915527344,41.18000030517578,41.45000076293945,8012400,0.0,0.0
2019-06-11 00:00:00-04:00,41.68000030517578,42.0,40.81999969482422,41.16999816894531,8341700,0.0,0.0
2019-06-12 00:00:00-04:00,41.13999938964844,41.47999954223633,40.45000076293945,40.79999923706055,7019100,0.0,0.0
2019-06-13 00:00:00-04:00,40.810001373291016,40.959999084472656,40.380001068115234,40.65999984741211,7260900,0.0,0.0
2019-06-14 00:00:00-04:00,40.7599983215332,40.95000076293945,40.33000183105469,40.41999816894531,5410000,0.0,0.0
2019-06-17 00:00:00-04:00,40.459999084472656,40.7400016784668,40.31999969482422,40.68000030517578,3746000,0.0,0.0
2019-06-18 00:00:00-04:00,41.040000915527344,41.689998626708984,40.880001068115234,40.939998626708984,5983000,0.0,0.0
2019-06-19 00:00:00-04:00,40.79999923706055,41.77000045776367,40.58000183105469,41.65999984741211,6328700,0.0,0.0
2019-06-20 00:00:00-04:00,41.9900016784668,42.400001525878906,41.4900016784668,41.86000061035156,6131600,0.0,0.0
2019-06-21 00:00:00-04:00,41.79999923706055,41.86000061035156,41.31999969482422,41.689998626708984,8605800,0.0,0.0
2019-06-24 00:00:00-04:00,41.56999969482422,42.029998779296875,41.52000045776367,42.0099983215332,5407000,0.0,0.0
2019-06-25 00:00:00-04:00,42.060001373291016,42.31999969482422,41.70000076293945,41.720001220703125,5624400,0.0,0.0
2019-06-26 00:00:00-04:00,41.689998626708984,41.709999084472656,40.66999816894531,41.38999938964844,6176900,0.0,0.0
2019-06-27 00:00:00-04:00,41.77000045776367,42.27000045776367,41.52000045776367,41.93000030517578,8356900,0.0,0.0
2019-06-28 00:00:00-04:00,41.95000076293945,43.02000045776367,41.869998931884766,42.97999954223633,12753800,0.0,0.0
2019-07-01 00:00:00-04:00,43.40999984741211,43.65999984741211,42.630001068115234,42.900001525878906,7508200,0.0,0.0
2019-07-02 00:00:00-04:00,43.04999923706055,43.27000045776367,42.36000061035156,42.689998626708984,7757300,0.0,0.0
2019-07-03 00:00:00-04:00,42.72999954223633,42.81999969482422,42.369998931884766,42.630001068115234,3683600,0.0,0.0
2019-07-05 00:00:00-04:00,42.41999816894531,42.70000076293945,42.29999923706055,42.619998931884766,4121700,0.0,0.0
2019-07-08 00:00:00-04:00,42.34000015258789,42.720001220703125,42.220001220703125,42.61000061035156,6206500,0.0,0.0
2019-07-09 00:00:00-04:00,42.45000076293945,43.099998474121094,42.43000030517578,43.060001373291016,5833900,0.0,0.0
2019-07-10 00:00:00-04:00,43.06999969482422,43.27000045776367,42.619998931884766,42.88999938964844,6689500,0.0,0.0
2019-07-11 00:00:00-04:00,43.15999984741211,43.209999084472656,42.63999938964844,43.20000076293945,4745300,0.0,0.0
2019-07-12 00:00:00-04:00,43.13999938964844,43.209999084472656,42.09000015258789,42.25,8970600,0.0,0.0
2019-07-15 00:00:00-04:00,42.27000045776367,42.66999816894531,42.099998474121094,42.45000076293945,4466100,0.0,0.0
2019-07-16 00:00:00-04:00,42.56999969482422,42.68000030517578,41.83000183105469,41.86000061035156,4966300,0.0,0.0
2019-07-17 00:00:00-04:00,42.119998931884766,42.45000076293945,42.029998779296875,42.2400016784668,6087700,0.0,0.0
2019-07-18 00:00:00-04:00,42.130001068115234,42.939998626708984,42.040000915527344,42.63999938964844,6095900,0.0,0.0
2019-07-19 00:00:00-04:00,42.849998474121094,42.95000076293945,42.18000030517578,42.25,6840100,0.0,0.0
2019-07-22 00:00:00-04:00,42.470001220703125,42.75,42.310001373291016,42.5,5291000,0.0,0.0
2019-07-23 00:00:00-04:00,42.70000076293945,42.880001068115234,42.34000015258789,42.880001068115234,6836400,0.0,0.0
2019-07-24 00:00:00-04:00,42.060001373291016,42.91999816894531,41.529998779296875,42.869998931884766,8422000,0.0,0.0
2019-07-25 00:00:00-04:00,42.880001068115234,43.0,41.970001220703125,42.0099983215332,6209400,0.0,0.0
2019-07-26 00:00:00-04:00,42.38999938964844,42.560001373291016,41.869998931884766,42.08000183105469,4943200,0.0,0.0
2019-07-29 00:00:00-04:00,42.0,42.400001525878906,41.880001068115234,42.290000915527344,3951600,0.0,0.0
2019-07-30 00:00:00-04:00,42.11000061035156,42.869998931884766,41.869998931884766,42.86000061035156,4635200,0.0,0.0
2019-07-31 00:00:00-04:00,42.84000015258789,43.16999816894531,42.060001373291016,42.459999084472656,6861500,0.0,0.0
2019-08-01 00:00:00-04:00,42.47999954223633,43.529998779296875,41.90999984741211,42.61000061035156,7800400,0.0,0.0
2019-08-02 00:00:00-04:00,42.65999984741211,42.83000183105469,42.15999984741211,42.75,5341300,0.0,0.0
2019-08-05 00:00:00-04:00,42.189998626708984,42.31999969482422,40.90999984741211,41.36000061035156,7200100,0.0,0.0
2019-08-06 00:00:00-04:00,41.630001068115234,42.33000183105469,41.400001525878906,42.33000183105469,4301500,0.0,0.0
2019-08-07 00:00:00-04:00,42.0,42.40999984741211,41.099998474121094,42.18000030517578,5671900,0.0,0.0
2019-08-08 00:00:00-04:00,42.25,42.86000061035156,42.2400016784668,42.7599983215332,5057700,0.0,0.0
2019-08-09 00:00:00-04:00,42.709999084472656,43.459999084472656,42.650001525878906,43.20000076293945,4827200,0.0,0.0
2019-08-12 00:00:00-04:00,43.099998474121094,43.150001525878906,42.2599983215332,42.33000183105469,3874200,0.0,0.0
2019-08-13 00:00:00-04:00,42.279998779296875,43.11000061035156,42.16999816894531,42.86000061035156,3449000,0.0,0.0
2019-08-14 00:00:00-04:00,42.43000030517578,42.52000045776367,41.40999984741211,41.43000030517578,5677000,0.0,0.0
2019-08-15 00:00:00-04:00,41.47999954223633,42.09000015258789,41.349998474121094,41.869998931884766,4467300,0.0,0.0
2019-08-16 00:00:00-04:00,42.18000030517578,42.41999816894531,41.869998931884766,42.150001525878906,3274900,0.0,0.0
2019-08-19 00:00:00-04:00,43.06999969482422,43.06999969482422,42.45000076293945,42.7400016784668,2755400,0.0,0.0
2019-08-20 00:00:00-04:00,42.7400016784668,43.20000076293945,42.470001220703125,42.5,4168900,0.0,0.0
2019-08-21 00:00:00-04:00,42.779998779296875,42.86000061035156,42.31999969482422,42.54999923706055,3742700,0.0,0.0
2019-08-22 00:00:00-04:00,42.689998626708984,42.939998626708984,42.31999969482422,42.689998626708984,3333700,0.0,0.0
2019-08-23 00:00:00-04:00,42.689998626708984,42.720001220703125,41.0,41.16999816894531,5308100,0.0,0.0
2019-08-26 00:00:00-04:00,41.529998779296875,41.869998931884766,41.279998779296875,41.849998474121094,3434800,0.0,0.0
2019-08-27 00:00:00-04:00,42.029998779296875,42.34000015258789,41.939998626708984,42.220001220703125,5996700,0.0,0.0
2019-08-28 00:00:00-04:00,42.0,42.720001220703125,41.959999084472656,42.4900016784668,4208100,0.0,0.0
2019-08-29 00:00:00-04:00,42.83000183105469,43.40999984741211,42.4900016784668,42.84000015258789,5804900,0.0,0.0
2019-08-30 00:00:00-04:00,43.029998779296875,43.22999954223633,42.5,42.72999954223633,3234400,0.0,0.0
2019-09-03 00:00:00-04:00,42.5,42.650001525878906,41.310001373291016,41.66999816894531,4695500,0.0,0.0
2019-09-04 00:00:00-04:00,42.040000915527344,42.09000015258789,41.369998931884766,42.04999923706055,3490900,0.0,0.0
2019-09-05 00:00:00-04:00,42.540000915527344,42.68000030517578,42.13999938964844,42.61000061035156,4867000,0.0,0.0
2019-09-06 00:00:00-04:00,42.95000076293945,43.84000015258789,42.630001068115234,43.45000076293945,6349400,0.0,0.0
2019-09-09 00:00:00-04:00,43.4900016784668,43.54999923706055,41.630001068115234,41.7400016784668,6171300,0.0,0.0
2019-09-10 00:00:00-04:00,41.279998779296875,41.36000061035156,39.83000183105469,41.29999923706055,10912200,0.0,0.0
2019-09-11 00:00:00-04:00,41.560001373291016,42.380001068115234,41.22999954223633,42.29999923706055,6370400,0.0,0.0
2019-09-12 00:00:00-04:00,42.66999816894531,43.04999923706055,42.20000076293945,42.2400016784668,5676800,0.0,0.0
2019-09-13 00:00:00-04:00,42.11000061035156,42.45000076293945,41.560001373291016,41.810001373291016,4535400,0.0,0.0
2019-09-16 00:00:00-04:00,41.72999954223633,42.02000045776367,41.45000076293945,41.939998626708984,3097000,0.0,0.0
2019-09-17 00:00:00-04:00,42.029998779296875,42.63999938964844,41.959999084472656,42.31999969482422,3935900,0.0,0.0
2019-09-18 00:00:00-04:00,42.41999816894531,42.939998626708984,42.279998779296875,42.900001525878906,3971300,0.0,0.0
2019-09-19 00:00:00-04:00,42.970001220703125,43.150001525878906,42.790000915527344,43.060001373291016,6465900,0.0,0.0
2019-09-20 00:00:00-04:00,43.290000915527344,43.400001525878906,42.849998474121094,43.290000915527344,7963700,0.0,0.0
2019-09-23 00:00:00-04:00,43.099998474121094,43.380001068115234,42.88999938964844,43.150001525878906,4025100,0.0,0.0
2019-09-24 00:00:00-04:00,43.45000076293945,43.650001525878906,42.04999923706055,42.33000183105469,6496200,0.0,0.0
2019-09-25 00:00:00-04:00,42.34000015258789,42.54999923706055,41.939998626708984,42.20000076293945,4364300,0.0,0.0
2019-09-26 00:00:00-04:00,42.439998626708984,42.7599983215332,42.02000045776367,42.349998474121094,5157500,0.0,0.0
2019-09-27 00:00:00-04:00,42.45000076293945,42.459999084472656,39.75,40.310001373291016,10846000,0.0,0.0
2019-09-30 00:00:00-04:00,40.40999984741211,41.060001373291016,40.220001220703125,40.689998626708984,8016300,0.0,0.0
2019-10-01 00:00:00-04:00,40.93000030517578,41.380001068115234,40.099998474121094,40.2400016784668,6121400,0.0,0.0
2019-10-02 00:00:00-04:00,39.77000045776367,39.90999984741211,38.900001525878906,39.150001525878906,8009800,0.0,0.0
2019-10-03 00:00:00-04:00,39.09000015258789,39.83000183105469,38.900001525878906,39.75,5459000,0.0,0.0
2019-10-04 00:00:00-04:00,40.040000915527344,40.720001220703125,39.88999938964844,40.529998779296875,6229600,0.0,0.0
2019-10-07 00:00:00-04:00,40.349998474121094,40.5099983215332,40.099998474121094,40.349998474121094,3601500,0.0,0.0
2019-10-08 00:00:00-04:00,40.04999923706055,40.22999954223633,37.779998779296875,37.869998931884766,19410700,0.0,0.0
2019-10-09 00:00:00-04:00,38.29999923706055,38.880001068115234,38.22999954223633,38.61000061035156,8593300,0.0,0.0
2019-10-10 00:00:00-04:00,38.290000915527344,38.56999969482422,37.650001525878906,37.97999954223633,17235800,0.0,0.0
2019-10-11 00:00:00-04:00,38.31999969482422,38.95000076293945,38.11000061035156,38.22999954223633,16058100,0.0,0.0
2019-10-14 00:00:00-04:00,38.279998779296875,38.52000045776367,37.95000076293945,37.970001220703125,5479900,0.0,0.0
2019-10-15 00:00:00-04:00,38.380001068115234,38.65999984741211,37.7599983215332,38.459999084472656,10241400,0.0,0.0
2019-10-16 00:00:00-04:00,38.220001220703125,38.400001525878906,37.869998931884766,38.18000030517578,14814100,0.0,0.0
2019-10-17 00:00:00-04:00,38.43000030517578,38.560001373291016,38.130001068115234,38.16999816894531,6319400,0.0,0.0
2019-10-18 00:00:00-04:00,38.25,38.65999984741211,38.0099983215332,38.470001220703125,10584800,0.0,0.0
2019-10-21 00:00:00-04:00,38.66999816894531,38.95000076293945,38.5,38.650001525878906,8590100,0.0,0.0
2019-10-22 00:00:00-04:00,38.900001525878906,38.939998626708984,38.09000015258789,38.18000030517578,9707000,0.0,0.0
2019-10-23 00:00:00-04:00,40.75,41.2400016784668,39.77000045776367,40.09000015258789,21256800,0.0,0.0
2019-10-24 00:00:00-04:00,40.220001220703125,40.720001220703125,39.88999938964844,40.540000915527344,10727900,0.0,0.0
2019-10-25 00:00:00-04:00,40.47999954223633,41.2400016784668,40.2599983215332,40.849998474121094,6549000,0.0,0.0
2019-10-28 00:00:00-04:00,40.849998474121094,41.68000030517578,40.810001373291016,41.56999969482422,6527800,0.0,0.0
2019-10-29 00:00:00-04:00,41.36000061035156,42.11000061035156,41.25,41.75,4831300,0.0,0.0
2019-10-30 00:00:00-04:00,41.86000061035156,42.040000915527344,41.369998931884766,42.0099983215332,4275000,0.0,0.0
2019-10-31 00:00:00-04:00,41.91999816894531,42.06999969482422,41.61000061035156,41.70000076293945,5321700,0.0,0.0
2019-11-01 00:00:00-04:00,42.04999923706055,42.41999816894531,41.40999984741211,41.5099983215332,7382400,0.0,0.0
2019-11-04 00:00:00-05:00,41.709999084472656,41.709999084472656,40.81999969482422,40.97999954223633,6187200,0.0,0.0
2019-11-05 00:00:00-05:00,40.900001525878906,40.959999084472656,40.15999984741211,40.59000015258789,5801200,0.0,0.0
2019-11-06 00:00:00-05:00,40.75,40.970001220703125,40.189998626708984,40.720001220703125,4296000,0.0,0.0
2019-11-07 00:00:00-05:00,40.7599983215332,41.029998779296875,40.33000183105469,40.720001220703125,4586100,0.0,0.0
2019-11-08 00:00:00-05:00,40.61000061035156,40.86000061035156,40.40999984741211,40.5099983215332,3235600,0.0,0.0
2019-11-11 00:00:00-05:00,40.31999969482422,40.790000915527344,40.040000915527344,40.16999816894531,5199700,0.0,0.0
2019-11-12 00:00:00-05:00,40.220001220703125,41.290000915527344,40.16999816894531,41.220001220703125,7076700,0.0,0.0
2019-11-13 00:00:00-05:00,41.279998779296875,41.54999923706055,41.0099983215332,41.41999816894531,5097400,0.0,0.0
2019-11-14 00:00:00-05:00,41.45000076293945,41.65999984741211,41.2599983215332,41.56999969482422,4674500,0.0,0.0
2019-11-15 00:00:00-05:00,41.88999938964844,42.31999969482422,41.560001373291016,42.310001373291016,7513700,0.0,0.0
2019-11-18 00:00:00-05:00,42.36000061035156,43.4900016784668,42.16999816894531,42.290000915527344,11969800,0.0,0.0
2019-11-19 00:00:00-05:00,42.36000061035156,42.72999954223633,42.06999969482422,42.630001068115234,5389200,0.0,0.0
2019-11-20 00:00:00-05:00,42.59000015258789,42.84000015258789,42.310001373291016,42.61000061035156,5274400,0.0,0.0
2019-11-21 00:00:00-05:00,42.4900016784668,42.560001373291016,41.869998931884766,42.36000061035156,3935700,0.0,0.0
2019-11-22 00:00:00-05:00,42.47999954223633,42.54999923706055,41.650001525878906,41.849998474121094,5655500,0.0,0.0
2019-11-25 00:00:00-05:00,42.099998474121094,42.88999938964844,41.9900016784668,42.849998474121094,5029900,0.0,0.0
2019-11-26 00:00:00-05:00,42.86000061035156,42.880001068115234,42.599998474121094,42.83000183105469,5847900,0.0,0.0
2019-11-27 00:00:00-05:00,43.0,43.33000183105469,42.869998931884766,43.209999084472656,4736000,0.0,0.0
2019-11-29 00:00:00-05:00,43.150001525878906,43.349998474121094,42.869998931884766,43.25,2375500,0.0,0.0
2019-12-02 00:00:00-05:00,43.33000183105469,43.400001525878906,42.349998474121094,42.720001220703125,4920700,0.0,0.0
2019-12-03 00:00:00-05:00,42.310001373291016,42.790000915527344,42.220001220703125,42.61000061035156,3176200,0.0,0.0
2019-12-04 00:00:00-05:00,42.81999969482422,43.119998931884766,42.709999084472656,43.0099983215332,3657700,0.0,0.0
2019-12-05 00:00:00-05:00,43.060001373291016,43.40999984741211,42.56999969482422,43.2599983215332,5409200,0.0,0.0
2019-12-06 00:00:00-05:00,43.5,44.220001220703125,43.36000061035156,44.08000183105469,7951400,0.0,0.0
2019-12-09 00:00:00-05:00,44.06999969482422,44.16999816894531,43.65999984741211,43.709999084472656,9749900,0.0,0.0
2019-12-10 00:00:00-05:00,43.72999954223633,44.310001373291016,43.5,44.0099983215332,5704800,0.0,0.0
2019-12-11 00:00:00-05:00,44.0,44.040000915527344,43.77000045776367,43.81999969482422,5844200,0.0,0.0
2019-12-12 00:00:00-05:00,43.810001373291016,44.849998474121094,43.779998779296875,44.66999816894531,7023100,0.0,0.0
2019-12-13 00:00:00-05:00,44.45000076293945,45.27000045776367,44.400001525878906,45.09000015258789,7539000,0.0,0.0
2019-12-16 00:00:00-05:00,45.45000076293945,45.68000030517578,45.13999938964844,45.20000076293945,8569200,0.0,0.0
2019-12-17 00:00:00-05:00,45.11000061035156,45.209999084472656,44.4900016784668,44.75,9109500,0.0,0.0
2019-12-18 00:00:00-05:00,44.869998931884766,44.90999984741211,44.63999938964844,44.7400016784668,4932600,0.0,0.0
2019-12-19 00:00:00-05:00,44.18000030517578,44.959999084472656,44.130001068115234,44.83000183105469,6883100,0.0,0.0
2019-12-20 00:00:00-05:00,45.2599983215332,46.619998931884766,45.08000183105469,45.369998931884766,14231800,0.0,0.0
2019-12-23 00:00:00-05:00,45.47999954223633,45.47999954223633,44.810001373291016,45.220001220703125,5062100,0.0,0.0
2019-12-24 00:00:00-05:00,45.220001220703125,45.40999984741211,45.13999938964844,45.310001373291016,1036800,0.0,0.0
2019-12-26 00:00:00-05:00,45.34000015258789,45.34000015258789,45.0099983215332,45.2599983215332,2009000,0.0,0.0
2019-12-27 00:00:00-05:00,45.400001525878906,45.41999816894531,45.11000061035156,45.220001220703125,2123400,0.0,0.0
2019-12-30 00:00:00-05:00,45.310001373291016,45.369998931884766,44.939998626708984,44.9900016784668,3868200,0.0,0.0
2019-12-31 00:00:00-05:00,44.95000076293945,45.22999954223633,44.720001220703125,45.220001220703125,3725800,0.0,0.0
2020-01-02 00:00:00-05:00,45.5,45.59000015258789,44.939998626708984,45.33000183105469,6092400,0.0,0.0
2020-01-03 00:00:00-05:00,44.52000045776367,45.209999084472656,44.349998474121094,44.97999954223633,4704100,0.0,0.0
2020-01-06 00:00:00-05:00,44.849998474121094,45.56999969482422,44.68000030517578,45.349998474121094,5768900,0.0,0.0
2020-01-07 00:00:00-05:00,45.119998931884766,45.58000183105469,44.970001220703125,45.400001525878906,4298400,0.0,0.0
2020-01-08 00:00:00-05:00,45.599998474121094,46.060001373291016,45.470001220703125,45.63999938964844,5071800,0.0,0.0
2020-01-09 00:00:00-05:00,45.959999084472656,46.130001068115234,45.4900016784668,45.709999084472656,7225800,0.0,0.0
2020-01-10 00:00:00-05:00,45.95000076293945,46.11000061035156,45.54999923706055,45.66999816894531,5491700,0.0,0.0
2020-01-13 00:00:00-05:00,45.650001525878906,45.72999954223633,45.36000061035156,45.470001220703125,4877600,0.0,0.0
2020-01-14 00:00:00-05:00,42.40999984741211,42.81999969482422,41.650001525878906,42.65999984741211,27589000,0.0,0.0
2020-01-15 00:00:00-05:00,42.810001373291016,42.83000183105469,42.34000015258789,42.56999969482422,12805500,0.0,0.0
2020-01-16 00:00:00-05:00,42.709999084472656,43.33000183105469,42.65999984741211,43.20000076293945,11654300,0.0,0.0
2020-01-17 00:00:00-05:00,43.20000076293945,44.310001373291016,43.13999938964844,44.279998779296875,15909800,0.0,0.0
2020-01-21 00:00:00-05:00,44.18000030517578,44.38999938964844,43.7599983215332,44.06999969482422,8590000,0.0,0.0
2020-01-22 00:00:00-05:00,44.40999984741211,44.439998626708984,43.959999084472656,44.04999923706055,6515200,0.0,0.0
2020-01-23 00:00:00-05:00,43.91999816894531,44.029998779296875,43.189998626708984,43.56999969482422,6366700,0.0,0.0
2020-01-24 00:00:00-05:00,43.599998474121094,43.70000076293945,43.040000915527344,43.209999084472656,4022300,0.0,0.0
2020-01-27 00:00:00-05:00,42.5,43.130001068115234,42.349998474121094,42.650001525878906,5672400,0.0,0.0
2020-01-28 00:00:00-05:00,42.75,43.59000015258789,42.630001068115234,43.45000076293945,7223100,0.0,0.0
2020-01-29 00:00:00-05:00,43.630001068115234,44.20000076293945,43.41999816894531,43.95000076293945,6629600,0.0,0.0
2020-01-30 00:00:00-05:00,43.5,43.77000045776367,43.119998931884766,43.40999984741211,8792500,0.0,0.0
2020-01-31 00:00:00-05:00,43.290000915527344,43.29999923706055,41.790000915527344,41.869998931884766,12425000,0.0,0.0
2020-02-03 00:00:00-05:00,42.16999816894531,42.560001373291016,42.099998474121094,42.22999954223633,8763400,0.0,0.0
2020-02-04 00:00:00-05:00,42.83000183105469,43.20000076293945,42.70000076293945,42.880001068115234,9126100,0.0,0.0
2020-02-05 00:00:00-05:00,43.04999923706055,43.33000183105469,42.439998626708984,42.619998931884766,13227100,0.0,0.0
2020-02-06 00:00:00-05:00,42.599998474121094,43.2400016784668,42.2400016784668,43.0099983215332,6994200,0.0,0.0
2020-02-07 00:00:00-05:00,42.75,42.95000076293945,41.95000076293945,42.189998626708984,8381700,0.0,0.0
2020-02-10 00:00:00-05:00,42.02000045776367,42.529998779296875,41.880001068115234,42.220001220703125,6151700,0.0,0.0
2020-02-11 00:00:00-05:00,42.31999969482422,42.66999816894531,42.11000061035156,42.56999969482422,4861100,0.0,0.0
2020-02-12 00:00:00-05:00,42.61000061035156,42.75,42.22999954223633,42.22999954223633,8374100,0.0,0.0
2020-02-13 00:00:00-05:00,42.16999816894531,42.470001220703125,41.810001373291016,42.18000030517578,6406700,0.0,0.0
2020-02-14 00:00:00-05:00,42.27000045776367,42.40999984741211,42.08000183105469,42.310001373291016,7289900,0.0,0.0
2020-02-18 00:00:00-05:00,42.25,42.369998931884766,41.650001525878906,42.15999984741211,8024500,0.0,0.0
2020-02-19 00:00:00-05:00,42.310001373291016,43.439998626708984,42.279998779296875,43.02000045776367,7412000,0.0,0.0
2020-02-20 00:00:00-05:00,43.02000045776367,43.15999984741211,42.029998779296875,42.5,6123500,0.0,0.0
2020-02-21 00:00:00-05:00,42.2599983215332,42.849998474121094,42.040000915527344,42.619998931884766,7282400,0.0,0.0
2020-02-24 00:00:00-05:00,41.47999954223633,41.900001525878906,40.91999816894531,41.08000183105469,6536700,0.0,0.0
2020-02-25 00:00:00-05:00,41.150001525878906,41.31999969482422,39.709999084472656,39.90999984741211,8745400,0.0,0.0
2020-02-26 00:00:00-05:00,40.369998931884766,40.599998474121094,39.369998931884766,39.38999938964844,10062300,0.0,0.0
2020-02-27 00:00:00-05:00,38.619998931884766,39.58000183105469,37.88999938964844,37.91999816894531,15338000,0.0,0.0
2020-02-28 00:00:00-05:00,37.09000015258789,37.540000915527344,36.2599983215332,37.38999938964844,19870200,0.0,0.0
2020-03-02 00:00:00-05:00,37.599998474121094,38.27000045776367,36.709999084472656,38.27000045776367,14333700,0.0,0.0
2020-03-03 00:00:00-05:00,38.29999923706055,39.36000061035156,36.560001373291016,37.22999954223633,13875500,0.0,0.0
2020-03-04 00:00:00-05:00,38.04999923706055,38.779998779296875,37.22999954223633,38.75,10112500,0.0,0.0
2020-03-05 00:00:00-05:00,37.9900016784668,37.9900016784668,36.349998474121094,37.459999084472656,20434800,0.0,0.0
2020-03-06 00:00:00-05:00,36.13999938964844,37.70000076293945,35.880001068115234,37.599998474121094,17949100,0.0,0.0
2020-03-09 00:00:00-04:00,34.91999816894531,35.099998474121094,33.66999816894531,34.09000015258789,15378700,0.0,0.0
2020-03-10 00:00:00-04:00,35.91999816894531,35.91999816894531,33.72999954223633,35.18000030517578,13372200,0.0,0.0
2020-03-11 00:00:00-04:00,34.16999816894531,34.790000915527344,33.470001220703125,33.86000061035156,20113200,0.0,0.0
2020-03-12 00:00:00-04:00,31.6299991607666,33.529998779296875,30.56999969482422,31.0,23545300,0.0,0.0
2020-03-13 00:00:00-04:00,32.540000915527344,32.709999084472656,29.350000381469727,32.33000183105469,17420900,0.0,0.0
2020-03-16 00:00:00-04:00,28.719999313354492,29.229999542236328,27.15999984741211,27.549999237060547,17232100,0.0,0.0
2020-03-17 00:00:00-04:00,28.100000381469727,29.040000915527344,26.34000015258789,28.790000915527344,18097200,0.0,0.0
2020-03-18 00:00:00-04:00,26.979999542236328,27.700000762939453,25.40999984741211,27.239999771118164,18167500,0.0,0.0
2020-03-19 00:00:00-04:00,26.739999771118164,28.8700008392334,25.510000228881836,28.270000457763672,12088500,0.0,0.0
2020-03-20 00:00:00-04:00,28.6299991607666,28.780000686645508,27.100000381469727,27.239999771118164,11222900,0.0,0.0
2020-03-23 00:00:00-04:00,26.899999618530273,27.190000534057617,24.100000381469727,25.829999923706055,17190500,0.0,0.0
2020-03-24 00:00:00-04:00,26.809999465942383,28.6299991607666,26.770000457763672,28.219999313354492,16752800,0.0,0.0
2020-03-25 00:00:00-04:00,28.1200008392334,31.239999771118164,27.280000686645508,29.920000076293945,19681700,0.0,0.0
2020-03-26 00:00:00-04:00,30.309999465942383,31.81999969482422,30.059999465942383,31.420000076293945,13137400,0.0,0.0
2020-03-27 00:00:00-04:00,30.31999969482422,31.389999389648438,29.469999313354492,30.610000610351562,11232700,0.0,0.0
2020-03-30 00:00:00-04:00,30.770000457763672,31.850000381469727,29.559999465942383,31.639999389648438,12192900,0.0,0.0
2020-03-31 00:00:00-04:00,31.540000915527344,33.25,31.030000686645508,32.630001068115234,14174100,0.0,0.0
2020-04-01 00:00:00-04:00,31.6200008392334,31.8799991607666,29.93000030517578,30.190000534057617,9990600,0.0,0.0
2020-04-02 00:00:00-04:00,30.010000228881836,31.459999084472656,29.649999618530273,31.049999237060547,12401900,0.0,0.0
2020-04-03 00:00:00-04:00,30.81999969482422,31.520000457763672,30.6299991607666,31.170000076293945,10895500,0.0,0.0
2020-04-06 00:00:00-04:00,32.90999984741211,33.189998626708984,32.4900016784668,32.880001068115234,13647100,0.0,0.0
2020-04-07 00:00:00-04:00,34.33000183105469,35.720001220703125,33.380001068115234,33.689998626708984,21342400,0.0,0.0
2020-04-08 00:00:00-04:00,33.9900016784668,35.70000076293945,33.70000076293945,35.130001068115234,13608500,0.0,0.0
2020-04-09 00:00:00-04:00,35.25,37.2400016784668,34.9900016784668,36.83000183105469,19098700,0.0,0.0
2020-04-13 00:00:00-04:00,36.58000183105469,36.75,34.400001525878906,35.209999084472656,11990400,0.0,0.0
2020-04-14 00:00:00-04:00,35.810001373291016,36.45000076293945,35.43000030517578,35.91999816894531,12337200,0.0,0.0
2020-04-15 00:00:00-04:00,35.189998626708984,35.2400016784668,34.189998626708984,34.790000915527344,9994300,0.0,0.0
2020-04-16 00:00:00-04:00,35.029998779296875,35.58000183105469,34.81999969482422,35.45000076293945,8086400,0.0,0.0
2020-04-17 00:00:00-04:00,36.650001525878906,38.470001220703125,36.650001525878906,38.290000915527344,19998000,0.0,0.0
2020-04-20 00:00:00-04:00,37.81999969482422,38.47999954223633,37.25,37.25,10392400,0.0,0.0
2020-04-21 00:00:00-04:00,36.189998626708984,36.630001068115234,35.0,35.04999923706055,11514900,0.0,0.0
2020-04-22 00:00:00-04:00,35.529998779296875,35.88999938964844,34.369998931884766,35.4900016784668,10398000,0.0,0.0
2020-04-23 00:00:00-04:00,35.88999938964844,36.7599983215332,35.810001373291016,36.400001525878906,8425200,0.0,0.0
2020-04-24 00:00:00-04:00,36.779998779296875,37.27000045776367,36.459999084472656,36.900001525878906,8100900,0.0,0.0
2020-04-27 00:00:00-04:00,37.18000030517578,37.439998626708984,36.63999938964844,37.0,10040400,0.0,0.0
2020-04-28 00:00:00-04:00,37.41999816894531,37.5,35.849998474121094,35.93000030517578,8984200,0.0,0.0
2020-04-29 00:00:00-04:00,36.79999923706055,37.880001068115234,36.290000915527344,37.43000030517578,12659900,0.0,0.0
2020-04-30 00:00:00-04:00,36.880001068115234,37.77000045776367,36.689998626708984,37.47999954223633,11143100,0.0,0.0
2020-05-01 00:00:00-04:00,36.95000076293945,36.970001220703125,35.7599983215332,35.9900016784668,7484800,0.0,0.0
2020-05-04 00:00:00-04:00,35.709999084472656,36.060001373291016,35.439998626708984,35.83000183105469,5631400,0.0,0.0
2020-05-05 00:00:00-04:00,36.060001373291016,37.369998931884766,36.060001373291016,36.810001373291016,7002200,0.0,0.0
2020-05-06 00:00:00-04:00,37.0,37.119998931884766,35.869998931884766,35.88999938964844,6826300,0.0,0.0
2020-05-07 00:00:00-04:00,36.54999923706055,37.09000015258789,36.380001068115234,37.0,8829200,0.0,0.0
2020-05-08 00:00:00-04:00,37.5,38.36000061035156,37.150001525878906,38.18000030517578,10191900,0.0,0.0
2020-05-11 00:00:00-04:00,37.86000061035156,38.33000183105469,37.0099983215332,37.779998779296875,7992300,0.0,0.0
2020-05-12 00:00:00-04:00,37.90999984741211,37.95000076293945,36.970001220703125,36.97999954223633,8027300,0.0,0.0
2020-05-13 00:00:00-04:00,36.849998474121094,36.939998626708984,35.47999954223633,35.77000045776367,8053500,0.0,0.0
2020-05-14 00:00:00-04:00,35.31999969482422,35.83000183105469,34.529998779296875,35.5,6564800,0.0,0.0
2020-05-15 00:00:00-04:00,35.279998779296875,35.31999969482422,34.220001220703125,34.83000183105469,10291500,0.0,0.0
2020-05-18 00:00:00-04:00,35.7599983215332,36.869998931884766,35.7599983215332,36.41999816894531,13687100,0.0,0.0
2020-05-19 00:00:00-04:00,36.38999938964844,36.56999969482422,35.400001525878906,35.43000030517578,11366700,0.0,0.0
2020-05-20 00:00:00-04:00,35.91999816894531,37.4900016784668,35.77000045776367,37.18000030517578,10708500,0.0,0.0
2020-05-21 00:00:00-04:00,35.52000045776367,36.130001068115234,34.45000076293945,34.790000915527344,24248300,0.0,0.0
2020-05-22 00:00:00-04:00,35.56999969482422,36.31999969482422,35.27000045776367,35.90999984741211,28426100,0.0,0.0
2020-05-26 00:00:00-04:00,37.029998779296875,37.029998779296875,35.86000061035156,36.189998626708984,12272300,0.0,0.0
2020-05-27 00:00:00-04:00,36.36000061035156,37.18000030517578,36.0099983215332,37.13999938964844,9472800,0.0,0.0
2020-05-28 00:00:00-04:00,37.45000076293945,37.9900016784668,37.11000061035156,37.470001220703125,8924300,0.0,0.0
2020-05-29 00:00:00-04:00,37.68000030517578,38.040000915527344,36.70000076293945,37.9900016784668,10062600,0.0,0.0
2020-06-01 00:00:00-04:00,37.709999084472656,38.18000030517578,37.41999816894531,37.5,6174600,0.0,0.0
2020-06-02 00:00:00-04:00,37.619998931884766,37.93000030517578,37.459999084472656,37.540000915527344,10371200,0.0,0.0
2020-06-03 00:00:00-04:00,37.75,38.029998779296875,37.2400016784668,37.90999984741211,12471900,0.0,0.0
2020-06-04 00:00:00-04:00,37.84000015258789,37.84000015258789,37.22999954223633,37.41999816894531,6797000,0.0,0.0
2020-06-05 00:00:00-04:00,38.150001525878906,39.33000183105469,38.0,38.83000183105469,12623000,0.0,0.0
2020-06-08 00:00:00-04:00,38.68000030517578,39.29999923706055,38.66999816894531,39.11000061035156,8499800,0.0,0.0
2020-06-09 00:00:00-04:00,38.86000061035156,38.86000061035156,38.130001068115234,38.2599983215332,11969600,0.0,0.0
2020-06-10 00:00:00-04:00,38.36000061035156,38.36000061035156,36.9900016784668,37.4900016784668,10655100,0.0,0.0
2020-06-11 00:00:00-04:00,36.439998626708984,36.70000076293945,34.689998626708984,35.04999923706055,16345600,0.0,0.0
2020-06-12 00:00:00-04:00,35.95000076293945,36.400001525878906,34.65999984741211,35.349998474121094,13770400,0.0,0.0
2020-06-15 00:00:00-04:00,34.70000076293945,36.13999938964844,34.099998474121094,35.869998931884766,11279700,0.0,0.0
2020-06-16 00:00:00-04:00,37.06999969482422,37.439998626708984,36.43000030517578,36.70000076293945,11106100,0.0,0.0
2020-06-17 00:00:00-04:00,36.68000030517578,37.209999084472656,36.439998626708984,36.88999938964844,7938700,0.0,0.0
2020-06-18 00:00:00-04:00,36.650001525878906,36.91999816894531,36.400001525878906,36.68000030517578,6465400,0.0,0.0
2020-06-19 00:00:00-04:00,37.31999969482422,37.349998474121094,36.47999954223633,36.59000015258789,20440300,0.0,0.0
2020-06-22 00:00:00-04:00,36.439998626708984,36.529998779296875,35.59000015258789,35.970001220703125,9613300,0.0,0.0
2020-06-23 00:00:00-04:00,36.310001373291016,36.70000076293945,36.20000076293945,36.25,7283200,0.0,0.0
2020-06-24 00:00:00-04:00,35.970001220703125,35.970001220703125,33.31999969482422,33.849998474121094,21114700,0.0,0.0
2020-06-25 00:00:00-04:00,33.720001220703125,33.9900016784668,33.13999938964844,33.88999938964844,12503100,0.0,0.0
2020-06-26 00:00:00-04:00,33.77000045776367,33.90999984741211,33.09000015258789,33.279998779296875,35515700,0.0,0.0
2020-06-29 00:00:00-04:00,33.560001373291016,34.650001525878906,33.0,34.650001525878906,13311000,0.0,0.0
2020-06-30 00:00:00-04:00,34.61000061035156,35.310001373291016,34.22999954223633,35.11000061035156,12027300,0.0,0.0
2020-07-01 00:00:00-04:00,35.16999816894531,35.529998779296875,34.7599983215332,35.279998779296875,7642700,0.0,0.0
2020-07-02 00:00:00-04:00,35.650001525878906,36.04999923706055,35.279998779296875,35.380001068115234,4738200,0.0,0.0
2020-07-06 00:00:00-04:00,35.869998931884766,35.959999084472656,35.34000015258789,35.59000015258789,6481400,0.0,0.0
2020-07-07 00:00:00-04:00,35.22999954223633,35.52000045776367,34.58000183105469,34.63999938964844,9826400,0.0,0.0
2020-07-08 00:00:00-04:00,34.66999816894531,34.72999954223633,34.20000076293945,34.54999923706055,13840400,0.0,0.0
2020-07-09 00:00:00-04:00,34.56999969482422,34.75,33.77000045776367,34.5,12329300,0.0,0.0
2020-07-10 00:00:00-04:00,34.43000030517578,34.75,34.279998779296875,34.68000030517578,9757300,0.0,0.0
2020-07-13 00:00:00-04:00,35.09000015258789,35.2400016784668,34.27000045776367,34.439998626708984,10120900,0.0,0.0
2020-07-14 00:00:00-04:00,34.380001068115234,35.27000045776367,34.2400016784668,35.220001220703125,10133200,0.0,0.0
2020-07-15 00:00:00-04:00,35.939998626708984,36.84000015258789,35.86000061035156,36.70000076293945,9442600,0.0,0.0
2020-07-16 00:00:00-04:00,36.869998931884766,37.04999923706055,36.189998626708984,36.369998931884766,9383300,0.0,0.0
2020-07-17 00:00:00-04:00,36.5,37.91999816894531,36.279998779296875,37.709999084472656,8714200,0.0,0.0
2020-07-20 00:00:00-04:00,37.56999969482422,37.900001525878906,36.79999923706055,37.16999816894531,8015100,0.0,0.0
2020-07-21 00:00:00-04:00,37.2599983215332,37.849998474121094,37.16999816894531,37.47999954223633,5777300,0.0,0.0
2020-07-22 00:00:00-04:00,37.56999969482422,38.7599983215332,37.5099983215332,38.38999938964844,7846200,0.0,0.0
2020-07-23 00:00:00-04:00,38.290000915527344,38.81999969482422,38.13999938964844,38.43000030517578,6623900,0.0,0.0
2020-07-24 00:00:00-04:00,38.529998779296875,38.65999984741211,38.11000061035156,38.599998474121094,6673300,0.0,0.0
2020-07-27 00:00:00-04:00,38.61000061035156,38.68000030517578,38.15999984741211,38.349998474121094,9552700,0.0,0.0
2020-07-28 00:00:00-04:00,38.22999954223633,38.68000030517578,37.959999084472656,38.27000045776367,8617300,0.0,0.0
2020-07-29 00:00:00-04:00,40.0,40.5,39.150001525878906,39.810001373291016,15966300,0.0,0.0
2020-07-30 00:00:00-04:00,39.15999984741211,39.33000183105469,38.380001068115234,38.939998626708984,7300800,0.0,0.0
2020-07-31 00:00:00-04:00,38.84000015258789,38.900001525878906,37.95000076293945,38.56999969482422,7060400,0.0,0.0
2020-08-03 00:00:00-04:00,38.689998626708984,38.880001068115234,37.9900016784668,38.0,6145500,0.0,0.0
2020-08-04 00:00:00-04:00,37.779998779296875,37.9900016784668,37.08000183105469,37.150001525878906,7749600,0.0,0.0
2020-08-05 00:00:00-04:00,37.29999923706055,38.02000045776367,37.16999816894531,37.72999954223633,6395800,0.0,0.0
2020-08-06 00:00:00-04:00,37.720001220703125,37.939998626708984,37.349998474121094,37.88999938964844,4367800,0.0,0.0
2020-08-07 00:00:00-04:00,37.77000045776367,38.9900016784668,37.630001068115234,38.970001220703125,8645400,0.0,0.0
2020-08-10 00:00:00-04:00,38.9900016784668,39.150001525878906,38.779998779296875,38.97999954223633,4329200,0.0,0.0
2020-08-11 00:00:00-04:00,39.459999084472656,39.869998931884766,39.2400016784668,39.310001373291016,7954900,0.0,0.0
2020-08-12 00:00:00-04:00,39.459999084472656,40.22999954223633,39.36000061035156,39.959999084472656,6500100,0.0,0.0
2020-08-13 00:00:00-04:00,39.7400016784668,39.91999816894531,39.31999969482422,39.75,4636600,0.0,0.0
2020-08-14 00:00:00-04:00,39.369998931884766,39.5099983215332,38.95000076293945,39.15999984741211,5708900,0.0,0.0
2020-08-17 00:00:00-04:00,39.119998931884766,39.75,39.119998931884766,39.349998474121094,4785900,0.0,0.0
2020-08-18 00:00:00-04:00,39.5,39.599998474121094,39.150001525878906,39.33000183105469,5267300,0.0,0.0
2020-08-19 00:00:00-04:00,39.40999984741211,39.7400016784668,39.2599983215332,39.349998474121094,5697500,0.0,0.0
2020-08-20 00:00:00-04:00,39.0,39.31999969482422,38.810001373291016,38.86000061035156,4661200,0.0,0.0
2020-08-21 00:00:00-04:00,38.709999084472656,38.720001220703125,37.95000076293945,38.43000030517578,8239400,0.0,0.0
2020-08-24 00:00:00-04:00,38.599998474121094,38.970001220703125,38.41999816894531,38.939998626708984,7824900,0.0,0.0
2020-08-25 00:00:00-04:00,39.31999969482422,39.7400016784668,39.11000061035156,39.63999938964844,8218200,0.0,0.0
2020-08-26 00:00:00-04:00,39.689998626708984,39.689998626708984,38.709999084472656,39.349998474121094,4574200,0.0,0.0
2020-08-27 00:00:00-04:00,39.400001525878906,41.0099983215332,39.400001525878906,40.779998779296875,8959500,0.0,0.0
2020-08-28 00:00:00-04:00,40.709999084472656,41.04999923706055,40.43000030517578,41.029998779296875,4542200,0.0,0.0
2020-08-31 00:00:00-04:00,40.93000030517578,41.2400016784668,40.7400016784668,41.02000045776367,7473600,0.0,0.0
2020-09-01 00:00:00-04:00,40.70000076293945,41.4900016784668,40.70000076293945,41.470001220703125,7997300,0.0,0.0
2020-09-02 00:00:00-04:00,41.5,42.290000915527344,41.470001220703125,42.22999954223633,9847100,0.0,0.0
2020-09-03 00:00:00-04:00,42.150001525878906,42.369998931884766,41.13999938964844,41.4900016784668,9762800,0.0,0.0
2020-09-04 00:00:00-04:00,41.59000015258789,41.959999084472656,40.849998474121094,41.47999954223633,9232500,0.0,0.0
2020-09-08 00:00:00-04:00,41.060001373291016,41.29999923706055,40.61000061035156,40.91999816894531,7104900,0.0,0.0
2020-09-09 00:00:00-04:00,41.27000045776367,41.939998626708984,41.13999938964844,41.529998779296875,5876900,0.0,0.0
2020-09-10 00:00:00-04:00,41.58000183105469,41.86000061035156,40.849998474121094,40.970001220703125,5182700,0.0,0.0
2020-09-11 00:00:00-04:00,40.95000076293945,41.04999923706055,39.97999954223633,40.290000915527344,7142900,0.0,0.0
2020-09-14 00:00:00-04:00,40.65999984741211,41.34000015258789,40.59000015258789,41.119998931884766,4797600,0.0,0.0
2020-09-15 00:00:00-04:00,41.33000183105469,41.560001373291016,40.880001068115234,41.02000045776367,3644800,0.0,0.0
2020-09-16 00:00:00-04:00,41.2400016784668,41.279998779296875,39.939998626708984,40.189998626708984,8530000,0.0,0.0
2020-09-17 00:00:00-04:00,39.91999816894531,39.91999816894531,39.09000015258789,39.66999816894531,10884000,0.0,0.0
2020-09-18 00:00:00-04:00,39.599998474121094,39.9900016784668,38.38999938964844,38.47999954223633,10720400,0.0,0.0
2020-09-21 00:00:00-04:00,37.83000183105469,38.54999923706055,37.52000045776367,38.54999923706055,10625600,0.0,0.0
2020-09-22 00:00:00-04:00,38.5099983215332,38.63999938964844,37.900001525878906,38.599998474121094,7024700,0.0,0.0
2020-09-23 00:00:00-04:00,38.65999984741211,38.7599983215332,37.63999938964844,37.720001220703125,7462000,0.0,0.0
2020-09-24 00:00:00-04:00,37.43000030517578,37.540000915527344,36.86000061035156,37.119998931884766,9270500,0.0,0.0
2020-09-25 00:00:00-04:00,36.88999938964844,37.650001525878906,36.79999923706055,37.34000015258789,7749100,0.0,0.0
2020-09-28 00:00:00-04:00,38.06999969482422,38.45000076293945,37.97999954223633,38.0,6436500,0.0,0.0
2020-09-29 00:00:00-04:00,38.18000030517578,38.2599983215332,37.540000915527344,37.7599983215332,5951300,0.0,0.0
2020-09-30 00:00:00-04:00,37.83000183105469,38.709999084472656,37.72999954223633,38.209999084472656,7711800,0.0,0.0
2020-10-01 00:00:00-04:00,38.560001373291016,38.939998626708984,38.189998626708984,38.41999816894531,6098400,0.0,0.0
2020-10-02 00:00:00-04:00,37.79999923706055,38.65999984741211,37.7599983215332,38.47999954223633,6270900,0.0,0.0
2020-10-05 00:00:00-04:00,38.75,39.34000015258789,38.65999984741211,39.2400016784668,4448900,0.0,0.0
2020-10-06 00:00:00-04:00,39.79999923706055,40.400001525878906,39.25,39.33000183105469,7833500,0.0,0.0
2020-10-07 00:00:00-04:00,39.58000183105469,40.439998626708984,39.58000183105469,40.18000030517578,5785100,0.0,0.0
2020-10-08 00:00:00-04:00,40.25,40.56999969482422,40.189998626708984,40.4900016784668,4484000,0.0,0.0
2020-10-09 00:00:00-04:00,41.040000915527344,41.25,40.70000076293945,41.13999938964844,6020200,0.0,0.0
2020-10-12 00:00:00-04:00,41.439998626708984,42.130001068115234,41.220001220703125,41.970001220703125,7690300,0.0,0.0
2020-10-13 00:00:00-04:00,41.81999969482422,41.91999816894531,40.70000076293945,40.91999816894531,7399700,0.0,0.0
2020-10-14 00:00:00-04:00,40.77000045776367,40.90999984741211,40.20000076293945,40.619998931884766,12537900,0.0,0.0
2020-10-15 00:00:00-04:00,40.119998931884766,40.66999816894531,38.5,39.0,15111200,0.0,0.0
2020-10-16 00:00:00-04:00,39.0,39.18000030517578,38.41999816894531,38.439998626708984,18559000,0.0,0.0
2020-10-19 00:00:00-04:00,38.5099983215332,38.63999938964844,37.709999084472656,37.77000045776367,11197200,0.0,0.0
2020-10-20 00:00:00-04:00,37.97999954223633,38.119998931884766,37.540000915527344,37.540000915527344,8140400,0.0,0.0
2020-10-21 00:00:00-04:00,37.5099983215332,37.720001220703125,37.119998931884766,37.150001525878906,11644000,0.0,0.0
2020-10-22 00:00:00-04:00,37.189998626708984,37.540000915527344,36.7400016784668,36.86000061035156,15047900,0.0,0.0
2020-10-23 00:00:00-04:00,37.0,37.40999984741211,36.709999084472656,37.16999816894531,12412600,0.0,0.0
2020-10-26 00:00:00-04:00,36.689998626708984,37.2599983215332,36.279998779296875,36.86000061035156,9594500,0.0,0.0
2020-10-27 00:00:00-04:00,36.86000061035156,36.9900016784668,35.9900016784668,36.04999923706055,12082100,0.0,0.0
2020-10-28 00:00:00-04:00,35.75,35.9900016784668,33.900001525878906,34.06999969482422,17957200,0.0,0.0
2020-10-29 00:00:00-04:00,33.97999954223633,34.25,33.13999938964844,33.5,27743300,0.0,0.0
2020-10-30 00:00:00-04:00,33.310001373291016,34.65999984741211,33.310001373291016,34.27000045776367,20324500,0.0,0.0
2020-11-02 00:00:00-05:00,34.65999984741211,34.90999984741211,34.34000015258789,34.54999923706055,14351800,0.0,0.0
2020-11-03 00:00:00-05:00,35.060001373291016,35.63999938964844,34.79999923706055,35.150001525878906,9313500,0.0,0.0
2020-11-04 00:00:00-05:00,35.5,35.75,34.2400016784668,35.290000915527344,14830800,0.0,0.0
2020-11-05 00:00:00-05:00,36.0,36.09000015258789,35.099998474121094,35.209999084472656,11132700,0.0,0.0
2020-11-06 00:00:00-05:00,35.310001373291016,35.869998931884766,35.09000015258789,35.70000076293945,11142400,0.0,0.0
2020-11-09 00:00:00-05:00,38.4900016784668,39.5,38.15999984741211,38.209999084472656,21384700,0.0,0.0
2020-11-10 00:00:00-05:00,38.25,38.529998779296875,37.91999816894531,38.20000076293945,10274700,0.0,0.0
2020-11-11 00:00:00-05:00,38.150001525878906,38.349998474121094,37.18000030517578,37.400001525878906,9712900,0.0,0.0
2020-11-12 00:00:00-05:00,37.16999816894531,37.38999938964844,36.529998779296875,36.7400016784668,15709500,0.0,0.0
2020-11-13 00:00:00-05:00,36.95000076293945,38.150001525878906,36.75,37.97999954223633,18920800,0.0,0.0
2020-11-16 00:00:00-05:00,38.66999816894531,38.77000045776367,37.70000076293945,38.029998779296875,7849600,0.0,0.0
2020-11-17 00:00:00-05:00,35.4900016784668,35.5,33.97999954223633,35.029998779296875,34678300,0.0,0.0
2020-11-18 00:00:00-05:00,35.209999084472656,35.209999084472656,33.86000061035156,34.2599983215332,22512300,0.0,0.0
2020-11-19 00:00:00-05:00,34.33000183105469,34.5,33.959999084472656,34.209999084472656,14816300,0.0,0.0
2020-11-20 00:00:00-05:00,34.08000183105469,34.31999969482422,33.63999938964844,33.70000076293945,15401400,0.0,0.0
2020-11-23 00:00:00-05:00,33.70000076293945,33.88999938964844,32.9900016784668,33.33000183105469,18822000,0.0,0.0
2020-11-24 00:00:00-05:00,33.689998626708984,34.08000183105469,33.61000061035156,33.790000915527344,18848000,0.0,0.0
2020-11-25 00:00:00-05:00,33.869998931884766,33.9900016784668,33.5,33.54999923706055,9814100,0.0,0.0
2020-11-27 00:00:00-05:00,33.900001525878906,33.900001525878906,33.439998626708984,33.599998474121094,6363600,0.0,0.0
2020-11-30 00:00:00-05:00,33.61000061035156,33.619998931884766,33.0099983215332,33.150001525878906,15588200,0.0,0.0
2020-12-01 00:00:00-05:00,33.5,33.95000076293945,33.369998931884766,33.650001525878906,14410600,0.0,0.0
2020-12-02 00:00:00-05:00,33.599998474121094,34.27000045776367,33.2599983215332,34.150001525878906,19584300,0.0,0.0
2020-12-03 00:00:00-05:00,34.150001525878906,34.209999084472656,33.70000076293945,33.810001373291016,21070900,0.0,0.0
2020-12-04 00:00:00-05:00,33.79999923706055,34.41999816894531,33.56999969482422,34.40999984741211,26383200,0.0,0.0
2020-12-07 00:00:00-05:00,34.36000061035156,34.4900016784668,33.90999984741211,34.25,18398500,0.0,0.0
2020-12-08 00:00:00-05:00,34.04999923706055,34.15999984741211,33.68000030517578,33.970001220703125,20816200,0.0,0.0
2020-12-09 00:00:00-05:00,34.029998779296875,34.34000015258789,33.720001220703125,34.130001068115234,14858300,0.0,0.0
2020-12-10 00:00:00-05:00,34.04999923706055,34.27000045776367,33.95000076293945,34.0,11029000,0.0,0.0
2020-12-11 00:00:00-05:00,33.7599983215332,34.13999938964844,33.43000030517578,33.599998474121094,14827300,0.0,0.0
2020-12-14 00:00:00-05:00,33.93000030517578,34.2599983215332,33.41999816894531,33.45000076293945,8712900,0.0,0.0
2020-12-15 00:00:00-05:00,33.81999969482422,34.970001220703125,33.75,34.66999816894531,16700400,0.0,0.0
2020-12-16 00:00:00-05:00,34.7599983215332,35.650001525878906,34.58000183105469,35.130001068115234,13985100,0.0,0.0
2020-12-17 00:00:00-05:00,35.189998626708984,35.40999984741211,35.02000045776367,35.38999938964844,10502700,0.0,0.0
2020-12-18 00:00:00-05:00,35.54999923706055,36.130001068115234,35.310001373291016,35.45000076293945,23166400,0.0,0.0
2020-12-21 00:00:00-05:00,34.93000030517578,35.0,34.15999984741211,34.81999969482422,10484600,0.0,0.0
2020-12-22 00:00:00-05:00,34.790000915527344,34.939998626708984,34.189998626708984,34.36000061035156,9424000,0.0,0.0
2020-12-23 00:00:00-05:00,34.5099983215332,34.90999984741211,34.36000061035156,34.369998931884766,7381100,0.0,0.0
2020-12-24 00:00:00-05:00,34.45000076293945,34.630001068115234,34.220001220703125,34.59000015258789,2608800,0.0,0.0
2020-12-28 00:00:00-05:00,34.7599983215332,35.06999969482422,34.70000076293945,34.91999816894531,4842000,0.0,0.0
2020-12-29 00:00:00-05:00,35.20000076293945,35.72999954223633,35.08000183105469,35.5,8787200,0.0,0.0
2020-12-30 00:00:00-05:00,35.5,35.72999954223633,35.380001068115234,35.54999923706055,6814000,0.0,0.0
2020-12-31 00:00:00-05:00,35.599998474121094,36.0099983215332,35.369998931884766,35.95000076293945,6214500,0.0,0.0
2021-01-04 00:00:00-05:00,36.08000183105469,36.099998474121094,35.029998779296875,35.27000045776367,14068700,0.0,0.0
2021-01-05 00:00:00-05:00,35.38999938964844,36.470001220703125,35.130001068115234,36.2400016784668,14812600,0.0,0.0
2021-01-06 00:00:00-05:00,35.970001220703125,36.93000030517578,35.869998931884766,36.7599983215332,13236500,0.0,0.0
2021-01-07 00:00:00-05:00,36.7599983215332,36.810001373291016,36.349998474121094,36.560001373291016,7267400,0.0,0.0
2021-01-08 00:00:00-05:00,36.58000183105469,37.040000915527344,36.52000045776367,36.75,7288700,0.0,0.0
2021-01-11 00:00:00-05:00,36.380001068115234,36.540000915527344,36.16999816894531,36.439998626708984,7228300,0.0,0.0
2021-01-12 00:00:00-05:00,36.29999923706055,36.369998931884766,34.58000183105469,35.33000183105469,19636300,0.0,0.0
2021-01-13 00:00:00-05:00,35.25,36.18000030517578,35.20000076293945,36.060001373291016,9942200,0.0,0.0
2021-01-14 00:00:00-05:00,36.099998474121094,36.459999084472656,35.900001525878906,36.15999984741211,10213200,0.0,0.0
2021-01-15 00:00:00-05:00,36.15999984741211,36.56999969482422,35.880001068115234,36.33000183105469,15109400,0.0,0.0
2021-01-19 00:00:00-05:00,36.88999938964844,36.88999938964844,35.939998626708984,36.27000045776367,8081100,0.0,0.0
2021-01-20 00:00:00-05:00,36.279998779296875,36.81999969482422,36.06999969482422,36.65999984741211,7617800,0.0,0.0
2021-01-21 00:00:00-05:00,36.70000076293945,37.7400016784668,36.5,37.52000045776367,12188100,0.0,0.0
2021-01-22 00:00:00-05:00,37.529998779296875,37.59000015258789,37.0,37.029998779296875,7405600,0.0,0.0
2021-01-25 00:00:00-05:00,36.88999938964844,37.13999938964844,36.439998626708984,36.779998779296875,6157800,0.0,0.0
2021-01-26 00:00:00-05:00,36.75,36.88999938964844,36.4900016784668,36.63999938964844,5869600,0.0,0.0
2021-01-27 00:00:00-05:00,36.25,36.380001068115234,35.65999984741211,35.81999969482422,15133800,0.0,0.0
2021-01-28 00:00:00-05:00,35.93000030517578,36.56999969482422,35.599998474121094,36.34000015258789,16495200,0.0,0.0
2021-01-29 00:00:00-05:00,36.119998931884766,36.689998626708984,35.04999923706055,35.439998626708984,18873500,0.0,0.0
2021-02-01 00:00:00-05:00,35.83000183105469,36.150001525878906,35.220001220703125,35.95000076293945,12285400,0.0,0.0
2021-02-02 00:00:00-05:00,36.04999923706055,37.06999969482422,35.970001220703125,36.63999938964844,12475900,0.0,0.0
2021-02-03 00:00:00-05:00,36.45000076293945,37.58000183105469,36.29999923706055,37.45000076293945,16681600,0.0,0.0
2021-02-04 00:00:00-05:00,37.5,39.060001373291016,37.40999984741211,38.7599983215332,16035400,0.0,0.0
2021-02-05 00:00:00-05:00,39.0,39.400001525878906,38.810001373291016,38.959999084472656,19216700,0.0,0.0
2021-02-08 00:00:00-05:00,38.91999816894531,39.68000030517578,38.91999816894531,39.56999969482422,10354700,0.0,0.0
2021-02-09 00:00:00-05:00,39.5099983215332,39.599998474121094,38.68000030517578,39.25,11600400,0.0,0.0
2021-02-10 00:00:00-05:00,39.25,39.5,38.52000045776367,38.849998474121094,8847400,0.0,0.0
2021-02-11 00:00:00-05:00,39.0099983215332,39.150001525878906,38.599998474121094,38.869998931884766,5546600,0.0,0.0
2021-02-12 00:00:00-05:00,38.75,38.81999969482422,38.18000030517578,38.38999938964844,12443900,0.0,0.0
2021-02-16 00:00:00-05:00,38.279998779296875,38.459999084472656,37.689998626708984,37.93000030517578,8842800,0.0,0.0
2021-02-17 00:00:00-05:00,37.619998931884766,37.77000045776367,37.369998931884766,37.5,6047100,0.0,0.0
2021-02-18 00:00:00-05:00,37.279998779296875,37.7400016784668,36.880001068115234,37.52000045776367,6390200,0.0,0.0
2021-02-19 00:00:00-05:00,37.599998474121094,38.06999969482422,37.189998626708984,38.029998779296875,9408000,0.0,0.0
2021-02-22 00:00:00-05:00,37.91999816894531,39.34000015258789,37.849998474121094,39.20000076293945,10922100,0.0,0.0
2021-02-23 00:00:00-05:00,39.20000076293945,39.619998931884766,38.72999954223633,38.75,10173800,0.0,0.0
2021-02-24 00:00:00-05:00,38.75,39.86000061035156,38.66999816894531,39.529998779296875,9267100,0.0,0.0
2021-02-25 00:00:00-05:00,39.540000915527344,39.959999084472656,39.310001373291016,39.66999816894531,11652200,0.0,0.0
2021-02-26 00:00:00-05:00,39.5099983215332,39.689998626708984,38.72999954223633,38.779998779296875,13454400,0.0,0.0
2021-03-01 00:00:00-05:00,39.119998931884766,39.18000030517578,38.470001220703125,38.900001525878906,7790600,0.0,0.0
2021-03-02 00:00:00-05:00,38.900001525878906,38.9900016784668,38.56999969482422,38.7599983215332,6064500,0.0,0.0
2021-03-03 00:00:00-05:00,38.689998626708984,39.0099983215332,38.310001373291016,38.81999969482422,6666900,0.0,0.0
2021-03-04 00:00:00-05:00,39.02000045776367,39.08000183105469,37.529998779296875,37.93000030517578,8514200,0.0,0.0
2021-03-05 00:00:00-05:00,38.36000061035156,39.709999084472656,38.189998626708984,39.540000915527344,12809200,0.0,0.0
2021-03-08 00:00:00-05:00,39.529998779296875,39.9900016784668,39.130001068115234,39.52000045776367,9616400,0.0,0.0
2021-03-09 00:00:00-05:00,39.5,40.130001068115234,39.43000030517578,39.54999923706055,13646600,0.0,0.0
2021-03-10 00:00:00-05:00,39.790000915527344,39.810001373291016,39.2400016784668,39.34000015258789,7697000,0.0,0.0
2021-03-11 00:00:00-05:00,39.290000915527344,39.34000015258789,38.619998931884766,38.650001525878906,6470600,0.0,0.0
2021-03-12 00:00:00-05:00,38.619998931884766,39.040000915527344,38.5099983215332,38.849998474121094,5276300,0.0,0.0
2021-03-15 00:00:00-04:00,39.0,39.47999954223633,38.560001373291016,39.400001525878906,7045800,0.0,0.0
2021-03-16 00:00:00-04:00,39.33000183105469,39.52000045776367,38.599998474121094,38.86000061035156,6172500,0.0,0.0
2021-03-17 00:00:00-04:00,38.95000076293945,39.2400016784668,38.66999816894531,38.880001068115234,6665600,0.0,0.0
2021-03-18 00:00:00-04:00,38.849998474121094,38.970001220703125,38.15999984741211,38.189998626708984,8349700,0.0,0.0
2021-03-19 00:00:00-04:00,38.189998626708984,38.630001068115234,37.61000061035156,38.16999816894531,12334400,0.0,0.0
2021-03-22 00:00:00-04:00,38.16999816894531,38.630001068115234,37.95000076293945,38.22999954223633,5845500,0.0,0.0
2021-03-23 00:00:00-04:00,38.220001220703125,38.220001220703125,37.150001525878906,37.2400016784668,6119600,0.0,0.0
2021-03-24 00:00:00-04:00,37.22999954223633,38.0099983215332,37.20000076293945,37.58000183105469,7334500,0.0,0.0
2021-03-25 00:00:00-04:00,37.68000030517578,37.97999954223633,37.130001068115234,37.91999816894531,5708600,0.0,0.0
2021-03-26 00:00:00-04:00,37.95000076293945,38.25,37.529998779296875,38.220001220703125,7624400,0.0,0.0
2021-03-29 00:00:00-04:00,38.040000915527344,38.81999969482422,38.0,38.59000015258789,6090900,0.0,0.0
2021-03-30 00:00:00-04:00,38.400001525878906,39.060001373291016,38.2599983215332,38.959999084472656,5900600,0.0,0.0
2021-03-31 00:00:00-04:00,39.0,39.099998474121094,38.529998779296875,38.650001525878906,5811100,0.0,0.0
2021-04-01 00:00:00-04:00,38.61000061035156,38.779998779296875,38.0,38.58000183105469,5615300,0.0,0.0
2021-04-05 00:00:00-04:00,38.869998931884766,39.130001068115234,38.72999954223633,39.040000915527344,4954600,0.0,0.0
2021-04-06 00:00:00-04:00,39.20000076293945,39.25,38.849998474121094,38.95000076293945,7676500,0.0,0.0
2021-04-07 00:00:00-04:00,38.959999084472656,39.220001220703125,38.7400016784668,38.849998474121094,4861400,0.0,0.0
2021-04-08 00:00:00-04:00,38.93000030517578,39.119998931884766,38.650001525878906,38.720001220703125,3992100,0.0,0.0
2021-04-09 00:00:00-04:00,38.77000045776367,39.33000183105469,38.54999923706055,39.31999969482422,5426100,0.0,0.0
2021-04-12 00:00:00-04:00,39.2599983215332,39.470001220703125,38.880001068115234,39.34000015258789,4140700,0.0,0.0
2021-04-13 00:00:00-04:00,39.220001220703125,39.47999954223633,39.099998474121094,39.40999984741211,6582100,0.0,0.0
2021-04-14 00:00:00-04:00,39.34000015258789,39.97999954223633,39.33000183105469,39.66999816894531,4093900,0.0,0.0
2021-04-15 00:00:00-04:00,39.880001068115234,41.060001373291016,39.84000015258789,40.86000061035156,8608100,0.0,0.0
2021-04-16 00:00:00-04:00,41.13999938964844,41.18000030517578,40.59000015258789,40.90999984741211,7527600,0.0,0.0
2021-04-19 00:00:00-04:00,40.790000915527344,40.970001220703125,40.52000045776367,40.880001068115234,6539400,0.0,0.0
2021-04-20 00:00:00-04:00,40.81999969482422,41.72999954223633,40.709999084472656,41.130001068115234,10522600,0.0,0.0
2021-04-21 00:00:00-04:00,41.2400016784668,42.540000915527344,41.0,42.310001373291016,14811400,0.0,0.0
2021-04-22 00:00:00-04:00,42.310001373291016,42.79999923706055,42.029998779296875,42.56999969482422,12019300,0.0,0.0
2021-04-23 00:00:00-04:00,42.599998474121094,42.939998626708984,42.58000183105469,42.72999954223633,9905800,0.0,0.0
2021-04-26 00:00:00-04:00,42.810001373291016,42.90999984741211,42.22999954223633,42.27000045776367,11175800,0.0,0.0
2021-04-27 00:00:00-04:00,41.9900016784668,42.7599983215332,41.59000015258789,42.40999984741211,8400800,0.0,0.0
2021-04-28 00:00:00-04:00,43.86000061035156,44.630001068115234,43.75,44.2400016784668,16088200,0.0,0.0
2021-04-29 00:00:00-04:00,44.279998779296875,44.29999923706055,43.630001068115234,44.099998474121094,8810700,0.0,0.0
2021-04-30 00:00:00-04:00,43.84000015258789,43.959999084472656,43.36000061035156,43.599998474121094,12645600,0.0,0.0
2021-05-03 00:00:00-04:00,43.599998474121094,43.790000915527344,43.439998626708984,43.630001068115234,7610600,0.0,0.0
2021-05-04 00:00:00-04:00,43.5,43.5,43.09000015258789,43.33000183105469,9076400,0.0,0.0
2021-05-05 00:00:00-04:00,43.470001220703125,43.66999816894531,43.04999923706055,43.09000015258789,6829900,0.0,0.0
2021-05-06 00:00:00-04:00,43.029998779296875,43.11000061035156,42.619998931884766,43.040000915527344,8257500,0.0,0.0
2021-05-07 00:00:00-04:00,43.099998474121094,43.83000183105469,42.9900016784668,43.130001068115234,6089300,0.0,0.0
2021-05-10 00:00:00-04:00,43.15999984741211,43.61000061035156,43.08000183105469,43.25,6078400,0.0,0.0
2021-05-11 00:00:00-04:00,43.150001525878906,43.380001068115234,42.369998931884766,42.529998779296875,10858500,0.0,0.0
2021-05-12 00:00:00-04:00,42.34000015258789,42.34000015258789,41.22999954223633,41.349998474121094,9882700,0.0,0.0
2021-05-13 00:00:00-04:00,41.5099983215332,41.880001068115234,41.33000183105469,41.61000061035156,5005900,0.0,0.0
2021-05-14 00:00:00-04:00,41.84000015258789,42.040000915527344,41.540000915527344,41.54999923706055,4447600,0.0,0.0
2021-05-17 00:00:00-04:00,41.5,41.81999969482422,41.22999954223633,41.720001220703125,5552100,0.0,0.0
2021-05-18 00:00:00-04:00,41.72999954223633,42.189998626708984,41.65999984741211,41.77000045776367,5212300,0.0,0.0
2021-05-19 00:00:00-04:00,41.2599983215332,41.5,41.040000915527344,41.43000030517578,5900600,0.0,0.0
2021-05-20 00:00:00-04:00,41.36000061035156,42.279998779296875,41.22999954223633,41.91999816894531,4427500,0.0,0.0
2021-05-21 00:00:00-04:00,42.13999938964844,42.63999938964844,42.06999969482422,42.11000061035156,5203600,0.0,0.0
2021-05-24 00:00:00-04:00,42.369998931884766,42.97999954223633,42.20000076293945,42.79999923706055,7790600,0.0,0.0
2021-05-25 00:00:00-04:00,43.0099983215332,43.34000015258789,42.68000030517578,43.029998779296875,5891500,0.0,0.0
2021-05-26 00:00:00-04:00,41.52000045776367,42.349998474121094,41.04999923706055,41.83000183105469,10531800,0.0,0.0
2021-05-27 00:00:00-04:00,42.04999923706055,42.22999954223633,41.779998779296875,41.959999084472656,8004500,0.0,0.0
2021-05-28 00:00:00-04:00,42.36000061035156,42.86000061035156,42.08000183105469,42.54999923706055,5720700,0.0,0.0
2021-06-01 00:00:00-04:00,42.81999969482422,43.20000076293945,42.5,42.93000030517578,8166500,0.0,0.0
2021-06-02 00:00:00-04:00,43.0,43.060001373291016,41.54999923706055,41.61000061035156,11253700,0.0,0.0
2021-06-03 00:00:00-04:00,41.36000061035156,41.540000915527344,40.869998931884766,41.349998474121094,5658900,0.0,0.0
2021-06-04 00:00:00-04:00,41.779998779296875,42.119998931884766,41.400001525878906,42.029998779296875,5465300,0.0,0.0
2021-06-07 00:00:00-04:00,42.209999084472656,42.70000076293945,42.0099983215332,42.13999938964844,7467400,0.0,0.0
2021-06-08 00:00:00-04:00,42.369998931884766,42.38999938964844,41.43000030517578,42.02000045776367,4840000,0.0,0.0
2021-06-09 00:00:00-04:00,42.04999923706055,42.400001525878906,42.02000045776367,42.33000183105469,3863500,0.0,0.0
2021-06-10 00:00:00-04:00,42.4900016784668,42.90999984741211,42.38999938964844,42.84000015258789,3992000,0.0,0.0
2021-06-11 00:00:00-04:00,42.7599983215332,42.93000030517578,42.380001068115234,42.90999984741211,5352800,0.0,0.0
2021-06-14 00:00:00-04:00,42.939998626708984,42.939998626708984,42.369998931884766,42.540000915527344,5034100,0.0,0.0
2021-06-15 00:00:00-04:00,42.70000076293945,42.93000030517578,42.38999938964844,42.75,6396200,0.0,0.0
2021-06-16 00:00:00-04:00,42.810001373291016,43.029998779296875,42.529998779296875,42.779998779296875,4910600,0.0,0.0
2021-06-17 00:00:00-04:00,42.720001220703125,43.5,42.70000076293945,43.349998474121094,6578600,0.0,0.0
2021-06-18 00:00:00-04:00,43.11000061035156,43.36000061035156,42.810001373291016,43.02000045776367,8845300,0.0,0.0
2021-06-21 00:00:00-04:00,43.29999923706055,43.81999969482422,43.16999816894531,43.599998474121094,6706000,0.0,0.0
2021-06-22 00:00:00-04:00,43.529998779296875,43.91999816894531,43.290000915527344,43.83000183105469,5623300,0.0,0.0
2021-06-23 00:00:00-04:00,43.790000915527344,43.970001220703125,43.619998931884766,43.790000915527344,3760400,0.0,0.0
2021-06-24 00:00:00-04:00,43.9900016784668,44.20000076293945,43.709999084472656,43.709999084472656,6324800,0.0,0.0
2021-06-25 00:00:00-04:00,43.869998931884766,44.27000045776367,43.84000015258789,44.099998474121094,6884200,0.0,0.0
2021-06-28 00:00:00-04:00,44.0,44.220001220703125,43.040000915527344,43.33000183105469,6762800,0.0,0.0
2021-06-29 00:00:00-04:00,43.369998931884766,43.5,42.97999954223633,43.22999954223633,5370200,0.0,0.0
2021-06-30 00:00:00-04:00,43.29999923706055,43.29999923706055,42.439998626708984,42.7599983215332,8902400,0.0,0.0
2021-07-01 00:00:00-04:00,42.779998779296875,43.5099983215332,42.689998626708984,43.36000061035156,5756400,0.0,0.0
2021-07-02 00:00:00-04:00,43.400001525878906,44.0,43.209999084472656,43.91999816894531,4997800,0.0,0.0
2021-07-06 00:00:00-04:00,43.790000915527344,43.79999923706055,43.25,43.619998931884766,6659700,0.0,0.0
2021-07-07 00:00:00-04:00,43.720001220703125,43.9900016784668,43.540000915527344,43.93000030517578,5358000,0.0,0.0
2021-07-08 00:00:00-04:00,43.459999084472656,43.540000915527344,42.790000915527344,43.34000015258789,6035200,0.0,0.0
2021-07-09 00:00:00-04:00,43.66999816894531,43.83000183105469,43.38999938964844,43.59000015258789,4137100,0.0,0.0
2021-07-12 00:00:00-04:00,43.36000061035156,43.619998931884766,43.36000061035156,43.4900016784668,3772600,0.0,0.0
2021-07-13 00:00:00-04:00,43.38999938964844,43.52000045776367,43.0,43.060001373291016,4137100,0.0,0.0
2021-07-14 00:00:00-04:00,43.2400016784668,43.34000015258789,42.650001525878906,42.7400016784668,4174500,0.0,0.0
2021-07-15 00:00:00-04:00,42.41999816894531,42.54999923706055,41.86000061035156,42.15999984741211,6079700,0.0,0.0
2021-07-16 00:00:00-04:00,42.310001373291016,42.43000030517578,41.97999954223633,42.099998474121094,5539700,0.0,0.0
2021-07-19 00:00:00-04:00,41.65999984741211,41.83000183105469,40.93000030517578,41.22999954223633,6268200,0.0,0.0
2021-07-20 00:00:00-04:00,41.31999969482422,43.0,41.310001373291016,42.790000915527344,8007700,0.0,0.0
2021-07-21 00:00:00-04:00,43.189998626708984,43.83000183105469,43.02000045776367,43.58000183105469,7571100,0.0,0.0
2021-07-22 00:00:00-04:00,43.630001068115234,43.91999816894531,43.18000030517578,43.54999923706055,4793700,0.0,0.0
2021-07-23 00:00:00-04:00,43.849998474121094,44.27000045776367,43.689998626708984,44.119998931884766,5204200,0.0,0.0
2021-07-26 00:00:00-04:00,43.869998931884766,44.08000183105469,43.68000030517578,43.970001220703125,5899300,0.0,0.0
2021-07-27 00:00:00-04:00,44.630001068115234,46.029998779296875,43.779998779296875,45.5099983215332,14100200,0.0,0.0
2021-07-28 00:00:00-04:00,45.40999984741211,45.79999923706055,44.83000183105469,45.43000030517578,8168100,0.0,0.0
2021-07-29 00:00:00-04:00,45.52000045776367,45.56999969482422,44.91999816894531,45.31999969482422,5214500,0.0,0.0
2021-07-30 00:00:00-04:00,45.189998626708984,45.93000030517578,45.0099983215332,45.599998474121094,9108200,0.0,0.0
2021-08-02 00:00:00-04:00,45.77000045776367,46.290000915527344,45.34000015258789,45.880001068115234,10041100,0.0,0.0
2021-08-03 00:00:00-04:00,45.900001525878906,45.93000030517578,45.15999984741211,45.540000915527344,7721500,0.0,0.0
2021-08-04 00:00:00-04:00,45.380001068115234,45.599998474121094,44.2400016784668,44.2599983215332,8099900,0.0,0.0
2021-08-05 00:00:00-04:00,44.45000076293945,44.65999984741211,44.060001373291016,44.650001525878906,6471000,0.0,0.0
2021-08-06 00:00:00-04:00,44.709999084472656,44.7400016784668,44.290000915527344,44.70000076293945,5607500,0.0,0.0
2021-08-09 00:00:00-04:00,44.70000076293945,44.869998931884766,43.68000030517578,43.810001373291016,5918500,0.0,0.0
2021-08-10 00:00:00-04:00,43.84000015258789,43.97999954223633,42.130001068115234,42.650001525878906,14862700,0.0,0.0
2021-08-11 00:00:00-04:00,42.810001373291016,43.95000076293945,42.709999084472656,43.630001068115234,7582800,0.0,0.0
2021-08-12 00:00:00-04:00,43.65999984741211,44.2599983215332,43.47999954223633,44.06999969482422,5013700,0.0,0.0
2021-08-13 00:00:00-04:00,44.0,44.369998931884766,43.849998474121094,44.33000183105469,3137400,0.0,0.0
2021-08-16 00:00:00-04:00,44.29999923706055,44.709999084472656,44.09000015258789,44.65999984741211,5261700,0.0,0.0
2021-08-17 00:00:00-04:00,44.630001068115234,45.380001068115234,44.369998931884766,45.150001525878906,8536400,0.0,0.0
2021-08-18 00:00:00-04:00,45.08000183105469,45.099998474121094,44.060001373291016,44.09000015258789,10536400,0.0,0.0
2021-08-19 00:00:00-04:00,43.9900016784668,44.56999969482422,43.79999923706055,44.27000045776367,4606900,0.0,0.0
2021-08-20 00:00:00-04:00,44.20000076293945,44.5099983215332,43.939998626708984,44.439998626708984,5214800,0.0,0.0
2021-08-23 00:00:00-04:00,44.5,44.599998474121094,43.81999969482422,43.9900016784668,10137900,0.0,0.0
2021-08-24 00:00:00-04:00,44.15999984741211,45.68000030517578,44.0099983215332,44.849998474121094,7916700,0.0,0.0
2021-08-25 00:00:00-04:00,44.68000030517578,45.310001373291016,44.459999084472656,44.810001373291016,4271400,0.0,0.0
2021-08-26 00:00:00-04:00,44.709999084472656,44.88999938964844,44.52000045776367,44.65999984741211,4011300,0.0,0.0
2021-08-27 00:00:00-04:00,44.849998474121094,45.040000915527344,44.59000015258789,44.79999923706055,4027500,0.0,0.0
2021-08-30 00:00:00-04:00,44.880001068115234,45.09000015258789,44.630001068115234,44.83000183105469,3659900,0.0,0.0
2021-08-31 00:00:00-04:00,44.88999938964844,45.27000045776367,44.68000030517578,45.150001525878906,6770000,0.0,0.0
2021-09-01 00:00:00-04:00,45.33000183105469,45.70000076293945,44.90999984741211,45.58000183105469,5408500,0.0,0.0
2021-09-02 00:00:00-04:00,45.79999923706055,45.869998931884766,44.95000076293945,45.060001373291016,7294900,0.0,0.0
2021-09-03 00:00:00-04:00,45.0,45.119998931884766,44.459999084472656,44.91999816894531,8243800,0.0,0.0
2021-09-07 00:00:00-04:00,44.65999984741211,45.15999984741211,44.27000045776367,45.099998474121094,3609900,0.0,0.0
2021-09-08 00:00:00-04:00,45.029998779296875,45.79999923706055,44.86000061035156,45.5099983215332,5470400,0.0,0.0
2021-09-09 00:00:00-04:00,45.5,45.95000076293945,45.27000045776367,45.40999984741211,4944400,0.0,0.0
2021-09-10 00:00:00-04:00,45.40999984741211,45.560001373291016,44.25,44.459999084472656,5105700,0.0,0.0
2021-09-13 00:00:00-04:00,44.720001220703125,44.880001068115234,43.81999969482422,44.209999084472656,5816100,0.0,0.0
2021-09-14 00:00:00-04:00,44.540000915527344,45.0099983215332,44.099998474121094,44.849998474121094,4638100,0.0,0.0
2021-09-15 00:00:00-04:00,44.880001068115234,45.369998931884766,44.619998931884766,45.0099983215332,5266700,0.0,0.0
2021-09-16 00:00:00-04:00,45.0099983215332,45.119998931884766,44.63999938964844,44.900001525878906,5313500,0.0,0.0
2021-09-17 00:00:00-04:00,44.529998779296875,44.709999084472656,43.91999816894531,44.369998931884766,8419600,0.0,0.0
2021-09-20 00:00:00-04:00,43.79999923706055,44.08000183105469,43.2400016784668,43.63999938964844,7566100,0.0,0.0
2021-09-21 00:00:00-04:00,44.02000045776367,44.36000061035156,43.34000015258789,43.36000061035156,6336200,0.0,0.0
2021-09-22 00:00:00-04:00,43.43000030517578,44.939998626708984,43.22999954223633,44.310001373291016,8946300,0.0,0.0
2021-09-23 00:00:00-04:00,44.5099983215332,45.400001525878906,44.31999969482422,45.0,8199300,0.0,0.0
2021-09-24 00:00:00-04:00,44.900001525878906,45.099998474121094,44.38999938964844,44.70000076293945,4332900,0.0,0.0
2021-09-27 00:00:00-04:00,44.5099983215332,44.810001373291016,44.22999954223633,44.459999084472656,4844900,0.0,0.0
2021-09-28 00:00:00-04:00,44.220001220703125,44.31999969482422,43.470001220703125,43.66999816894531,4867700,0.0,0.0
2021-09-29 00:00:00-04:00,43.84000015258789,44.20000076293945,43.720001220703125,43.88999938964844,5096900,0.0,0.0
2021-09-30 00:00:00-04:00,43.90999984741211,44.279998779296875,43.380001068115234,43.38999938964844,6738400,0.0,0.0
2021-10-01 00:00:00-04:00,43.4900016784668,44.029998779296875,43.20000076293945,43.79999923706055,4782100,0.0,0.0
2021-10-04 00:00:00-04:00,43.529998779296875,43.779998779296875,42.0099983215332,42.40999984741211,8878100,0.0,0.0
2021-10-05 00:00:00-04:00,42.52000045776367,43.22999954223633,42.43000030517578,42.439998626708984,5396300,0.0,0.0
2021-10-06 00:00:00-04:00,42.18000030517578,42.90999984741211,41.86000061035156,42.86000061035156,5274300,0.0,0.0
2021-10-07 00:00:00-04:00,43.20000076293945,44.25,43.20000076293945,43.619998931884766,6783000,0.0,0.0
2021-10-08 00:00:00-04:00,43.630001068115234,44.02000045776367,43.099998474121094,43.15999984741211,4163600,0.0,0.0
2021-10-11 00:00:00-04:00,42.97999954223633,43.2400016784668,42.099998474121094,42.13999938964844,3752000,0.0,0.0
2021-10-12 00:00:00-04:00,42.290000915527344,42.4900016784668,41.95000076293945,42.09000015258789,4114700,0.0,0.0
2021-10-13 00:00:00-04:00,42.150001525878906,42.33000183105469,41.75,41.790000915527344,5622400,0.0,0.0
2021-10-14 00:00:00-04:00,42.060001373291016,43.369998931884766,42.060001373291016,43.25,6771600,0.0,0.0
2021-10-15 00:00:00-04:00,43.58000183105469,43.68000030517578,43.04999923706055,43.400001525878906,5503500,0.0,0.0
2021-10-18 00:00:00-04:00,43.0099983215332,43.04999923706055,42.2599983215332,42.79999923706055,4144200,0.0,0.0
2021-10-19 00:00:00-04:00,43.22999954223633,44.470001220703125,43.11000061035156,44.130001068115234,6098000,0.0,0.0
2021-10-20 00:00:00-04:00,44.459999084472656,45.0,44.22999954223633,44.470001220703125,7840300,0.0,0.0
2021-10-21 00:00:00-04:00,44.29999923706055,44.93000030517578,44.04999923706055,44.869998931884766,5942900,0.0,0.0
2021-10-22 00:00:00-04:00,44.79999923706055,45.119998931884766,44.59000015258789,44.84000015258789,3715100,0.0,0.0
2021-10-25 00:00:00-04:00,44.9900016784668,45.02000045776367,44.439998626708984,44.4900016784668,5238900,0.0,0.0
2021-10-26 00:00:00-04:00,44.65999984741211,44.7599983215332,44.279998779296875,44.31999969482422,5314600,0.0,0.0
2021-10-27 00:00:00-04:00,45.119998931884766,45.43000030517578,43.58000183105469,43.72999954223633,6993000,0.0,0.0
2021-10-28 00:00:00-04:00,43.529998779296875,43.84000015258789,43.06999969482422,43.2400016784668,5732200,0.0,0.0
2021-10-29 00:00:00-04:00,43.08000183105469,43.279998779296875,42.58000183105469,43.130001068115234,7157700,0.0,0.0
2021-11-01 00:00:00-04:00,43.29999923706055,43.41999816894531,42.7599983215332,42.79999923706055,8231300,0.0,0.0
2021-11-02 00:00:00-04:00,43.060001373291016,43.5,42.560001373291016,43.209999084472656,12976800,0.0,0.0
2021-11-03 00:00:00-04:00,43.11000061035156,43.310001373291016,42.31999969482422,42.90999984741211,10404700,0.0,0.0
2021-11-04 00:00:00-04:00,42.97999954223633,43.189998626708984,42.08000183105469,42.5,7241400,0.0,0.0
2021-11-05 00:00:00-04:00,42.54999923706055,44.56999969482422,42.5,43.15999984741211,14638300,0.0,0.0
2021-11-08 00:00:00-05:00,43.29999923706055,43.529998779296875,42.720001220703125,43.349998474121094,7059300,0.0,0.0
2021-11-09 00:00:00-05:00,43.34000015258789,43.38999938964844,42.560001373291016,42.790000915527344,4935600,0.0,0.0
2021-11-10 00:00:00-05:00,42.619998931884766,43.02000045776367,42.34000015258789,42.45000076293945,4813200,0.0,0.0
2021-11-11 00:00:00-05:00,42.459999084472656,42.619998931884766,41.66999816894531,41.959999084472656,9437700,0.0,0.0
2021-11-12 00:00:00-05:00,42.119998931884766,42.27000045776367,41.619998931884766,42.06999969482422,9924300,0.0,0.0
2021-11-15 00:00:00-05:00,42.18000030517578,42.27000045776367,41.15999984741211,41.34000015258789,9649400,0.0,0.0
2021-11-16 00:00:00-05:00,41.310001373291016,41.63999938964844,40.880001068115234,41.41999816894531,9553800,0.0,0.0
2021-11-17 00:00:00-05:00,41.81999969482422,42.02000045776367,41.38999938964844,41.61000061035156,6719300,0.0,0.0
2021-11-18 00:00:00-05:00,41.650001525878906,41.650001525878906,40.81999969482422,41.209999084472656,7224500,0.0,0.0
2021-11-19 00:00:00-05:00,41.150001525878906,41.16999816894531,40.5,41.029998779296875,7955600,0.0,0.0
2021-11-22 00:00:00-05:00,41.119998931884766,41.209999084472656,40.45000076293945,40.70000076293945,6639200,0.0,0.0
2021-11-23 00:00:00-05:00,40.54999923706055,41.08000183105469,39.779998779296875,40.22999954223633,11577700,0.0,0.0
2021-11-24 00:00:00-05:00,40.220001220703125,40.779998779296875,40.130001068115234,40.70000076293945,7812200,0.0,0.0
2021-11-26 00:00:00-05:00,40.0,40.16999816894531,38.439998626708984,38.56999969482422,9260600,0.0,0.0
2021-11-29 00:00:00-05:00,38.849998474121094,39.20000076293945,38.439998626708984,38.59000015258789,9533500,0.0,0.0
2021-11-30 00:00:00-05:00,38.41999816894531,39.06999969482422,37.959999084472656,38.06999969482422,14717300,0.0,0.0
2021-12-01 00:00:00-05:00,38.709999084472656,39.41999816894531,38.11000061035156,38.13999938964844,10355800,0.0,0.0
2021-12-02 00:00:00-05:00,38.27000045776367,39.66999816894531,38.18000030517578,39.599998474121094,11094200,0.0,0.0
2021-12-03 00:00:00-05:00,39.83000183105469,40.09000015258789,38.97999954223633,39.459999084472656,8704000,0.0,0.0
2021-12-06 00:00:00-05:00,39.880001068115234,41.279998779296875,39.7599983215332,40.70000076293945,8951800,0.0,0.0
2021-12-07 00:00:00-05:00,41.2400016784668,42.060001373291016,41.04999923706055,41.400001525878906,10139200,0.0,0.0
2021-12-08 00:00:00-05:00,41.41999816894531,41.869998931884766,41.31999969482422,41.65999984741211,4620000,0.0,0.0
2021-12-09 00:00:00-05:00,41.380001068115234,41.869998931884766,40.95000076293945,41.279998779296875,5870500,0.0,0.0
2021-12-10 00:00:00-05:00,41.380001068115234,41.529998779296875,40.900001525878906,41.16999816894531,4602700,0.0,0.0
2021-12-13 00:00:00-05:00,41.04999923706055,41.7400016784668,41.0,41.43000030517578,5891200,0.0,0.0
2021-12-14 00:00:00-05:00,41.290000915527344,41.4900016784668,40.70000076293945,40.849998474121094,6571200,0.0,0.0
2021-12-15 00:00:00-05:00,40.83000183105469,41.09000015258789,39.779998779296875,40.2400016784668,14235000,0.0,0.0
2021-12-16 00:00:00-05:00,40.279998779296875,41.16999816894531,40.22999954223633,40.43000030517578,13248900,0.0,0.0
2021-12-17 00:00:00-05:00,40.380001068115234,41.47999954223633,40.130001068115234,40.86000061035156,11236100,0.0,0.0
2021-12-20 00:00:00-05:00,40.310001373291016,40.310001373291016,39.27000045776367,39.5,11673200,0.0,0.0
2021-12-21 00:00:00-05:00,39.970001220703125,41.150001525878906,39.83000183105469,41.11000061035156,9391500,0.0,0.0
2021-12-22 00:00:00-05:00,41.060001373291016,42.20000076293945,41.0,42.15999984741211,7722800,0.0,0.0
2021-12-23 00:00:00-05:00,42.529998779296875,43.040000915527344,42.2400016784668,42.720001220703125,6414900,0.0,0.0
2021-12-27 00:00:00-05:00,42.709999084472656,43.18000030517578,42.52000045776367,43.119998931884766,4105400,0.0,0.0
2021-12-28 00:00:00-05:00,43.11000061035156,43.59000015258789,43.02000045776367,43.2400016784668,5515000,0.0,0.0
2021-12-29 00:00:00-05:00,43.310001373291016,43.41999816894531,43.02000045776367,43.16999816894531,3398400,0.0,0.0
2021-12-30 00:00:00-05:00,43.16999816894531,43.41999816894531,42.95000076293945,42.9900016784668,3530500,0.0,0.0
2021-12-31 00:00:00-05:00,42.810001373291016,43.06999969482422,42.470001220703125,42.47999954223633,4174400,0.0,0.0
2022-01-03 00:00:00-05:00,42.59000015258789,43.150001525878906,42.099998474121094,43.119998931884766,5093500,0.0,0.0
2022-01-04 00:00:00-05:00,43.31999969482422,44.630001068115234,43.209999084472656,43.63999938964844,9135000,0.0,0.0
2022-01-05 00:00:00-05:00,43.5,44.13999938964844,43.040000915527344,43.04999923706055,6601200,0.0,0.0
2022-01-06 00:00:00-05:00,43.099998474121094,43.36000061035156,42.540000915527344,42.59000015258789,5510700,0.0,0.0
2022-01-07 00:00:00-05:00,42.40999984741211,42.7599983215332,42.06999969482422,42.11000061035156,5341300,0.0,0.0
2022-01-10 00:00:00-05:00,41.900001525878906,42.43000030517578,41.439998626708984,42.40999984741211,6454500,0.0,0.0
2022-01-11 00:00:00-05:00,42.650001525878906,43.650001525878906,42.38999938964844,43.400001525878906,6208600,0.0,0.0
2022-01-12 00:00:00-05:00,43.58000183105469,44.650001525878906,43.41999816894531,44.40999984741211,13543700,0.0,0.0
2022-01-13 00:00:00-05:00,44.2400016784668,45.31999969482422,44.06999969482422,44.56999969482422,11883600,0.0,0.0
2022-01-14 00:00:00-05:00,44.16999816894531,44.95000076293945,43.84000015258789,44.86000061035156,8675000,0.0,0.0
2022-01-18 00:00:00-05:00,44.290000915527344,44.5,43.93000030517578,44.220001220703125,10721500,0.0,0.0
2022-01-19 00:00:00-05:00,44.16999816894531,44.720001220703125,44.0,44.04999923706055,8721800,0.0,0.0
2022-01-20 00:00:00-05:00,44.08000183105469,45.040000915527344,43.380001068115234,43.45000076293945,9562500,0.0,0.0
2022-01-21 00:00:00-05:00,43.470001220703125,43.54999923706055,42.689998626708984,42.970001220703125,11278000,0.0,0.0
2022-01-24 00:00:00-05:00,42.18000030517578,42.75,41.08000183105469,42.65999984741211,8974600,0.0,0.0
2022-01-25 00:00:00-05:00,41.90999984741211,42.75,41.290000915527344,42.5099983215332,10837400,0.0,0.0
2022-01-26 00:00:00-05:00,42.810001373291016,43.68000030517578,42.470001220703125,43.040000915527344,16803600,0.0,0.0
2022-01-27 00:00:00-05:00,43.33000183105469,43.95000076293945,42.86000061035156,43.22999954223633,12172800,0.0,0.0
2022-01-28 00:00:00-05:00,43.13999938964844,43.439998626708984,41.75,42.7400016784668,12258200,0.0,0.0
2022-01-31 00:00:00-05:00,42.650001525878906,43.13999938964844,42.290000915527344,42.900001525878906,13622500,0.0,0.0
2022-02-01 00:00:00-05:00,42.880001068115234,43.56999969482422,42.619998931884766,43.5,10452000,0.0,0.0
2022-02-02 00:00:00-05:00,41.790000915527344,42.4900016784668,40.90999984741211,41.439998626708984,26586200,0.0,0.0
2022-02-03 00:00:00-05:00,41.29999923706055,42.869998931884766,41.27000045776367,42.61000061035156,16121800,0.0,0.0
2022-02-04 00:00:00-05:00,42.31999969482422,43.189998626708984,42.290000915527344,42.77000045776367,8924500,0.0,0.0
2022-02-07 00:00:00-05:00,42.63999938964844,43.5099983215332,42.540000915527344,42.90999984741211,7259500,0.0,0.0
2022-02-08 00:00:00-05:00,43.20000076293945,44.2599983215332,42.97999954223633,44.15999984741211,8020000,0.0,0.0
2022-02-09 00:00:00-05:00,44.619998931884766,45.0,44.27000045776367,44.75,9732100,0.0,0.0
2022-02-10 00:00:00-05:00,44.2599983215332,44.540000915527344,43.560001373291016,43.75,8719400,0.0,0.0
2022-02-11 00:00:00-05:00,43.84000015258789,44.0,42.900001525878906,43.11000061035156,6616100,0.0,0.0
2022-02-14 00:00:00-05:00,43.0,43.22999954223633,42.439998626708984,42.72999954223633,7963600,0.0,0.0
2022-02-15 00:00:00-05:00,43.380001068115234,44.0099983215332,43.279998779296875,44.0099983215332,8015000,0.0,0.0
2022-02-16 00:00:00-05:00,43.810001373291016,44.2599983215332,43.2400016784668,44.189998626708984,6510200,0.0,0.0
2022-02-17 00:00:00-05:00,43.79999923706055,44.040000915527344,42.599998474121094,42.83000183105469,7785500,0.0,0.0
2022-02-18 00:00:00-05:00,42.880001068115234,43.099998474121094,42.189998626708984,42.54999923706055,6878300,0.0,0.0
2022-02-22 00:00:00-05:00,42.54999923706055,43.369998931884766,42.459999084472656,42.97999954223633,7835900,0.0,0.0
2022-02-23 00:00:00-05:00,43.279998779296875,44.380001068115234,43.13999938964844,43.709999084472656,12624500,0.0,0.0
2022-02-24 00:00:00-05:00,42.75,44.029998779296875,42.290000915527344,43.95000076293945,8259000,0.0,0.0
2022-02-25 00:00:00-05:00,44.0,45.16999816894531,43.77000045776367,45.099998474121094,10716000,0.0,0.0
2022-02-28 00:00:00-05:00,44.4900016784668,44.689998626708984,43.65999984741211,44.16999816894531,10610900,0.0,0.0
2022-03-01 00:00:00-05:00,44.08000183105469,44.33000183105469,42.97999954223633,43.36000061035156,9789800,0.0,0.0
2022-03-02 00:00:00-05:00,43.959999084472656,44.439998626708984,43.63999938964844,43.900001525878906,11859600,0.0,0.0
2022-03-03 00:00:00-05:00,44.16999816894531,44.310001373291016,43.540000915527344,43.959999084472656,6980500,0.0,0.0
2022-03-04 00:00:00-05:00,43.290000915527344,44.06999969482422,43.08000183105469,43.959999084472656,7015700,0.0,0.0
2022-03-07 00:00:00-05:00,43.720001220703125,43.79999923706055,42.4900016784668,42.54999923706055,8479700,0.0,0.0
2022-03-08 00:00:00-05:00,42.459999084472656,42.529998779296875,40.79999923706055,40.900001525878906,11351200,0.0,0.0
2022-03-09 00:00:00-05:00,41.7599983215332,42.29999923706055,41.29999923706055,42.06999969482422,10484500,0.0,0.0
2022-03-10 00:00:00-05:00,41.45000076293945,41.86000061035156,41.27000045776367,41.7400016784668,9237500,0.0,0.0
2022-03-11 00:00:00-05:00,42.0,42.560001373291016,41.65999984741211,41.70000076293945,6175600,0.0,0.0
2022-03-14 00:00:00-04:00,42.189998626708984,42.38999938964844,41.63999938964844,41.900001525878906,8307500,0.0,0.0
2022-03-15 00:00:00-04:00,42.4900016784668,42.849998474121094,42.119998931884766,42.65999984741211,6925900,0.0,0.0
2022-03-16 00:00:00-04:00,43.119998931884766,44.0099983215332,43.0,43.84000015258789,7726700,0.0,0.0
2022-03-17 00:00:00-04:00,43.619998931884766,44.25,43.619998931884766,44.209999084472656,8114400,0.0,0.0
2022-03-18 00:00:00-04:00,44.189998626708984,44.33000183105469,43.630001068115234,44.220001220703125,10662300,0.0,0.0
2022-03-21 00:00:00-04:00,43.869998931884766,44.470001220703125,43.79999923706055,44.31999969482422,5302400,0.0,0.0
2022-03-22 00:00:00-04:00,44.33000183105469,44.59000015258789,43.68000030517578,43.7400016784668,6584300,0.0,0.0
2022-03-23 00:00:00-04:00,43.540000915527344,43.560001373291016,41.9900016784668,42.29999923706055,11794000,0.0,0.0
2022-03-24 00:00:00-04:00,42.36000061035156,43.0,42.11000061035156,42.869998931884766,5653400,0.0,0.0
2022-03-25 00:00:00-04:00,43.04999923706055,43.52000045776367,42.90999984741211,43.5,6033900,0.0,0.0
2022-03-28 00:00:00-04:00,43.68000030517578,44.29999923706055,43.5,44.27000045776367,4498400,0.0,0.0
2022-03-29 00:00:00-04:00,44.869998931884766,45.08000183105469,44.43000030517578,44.849998474121094,6133400,0.0,0.0
2022-03-30 00:00:00-04:00,44.650001525878906,45.08000183105469,44.41999816894531,44.70000076293945,6862600,0.0,0.0
2022-03-31 00:00:00-04:00,44.619998931884766,45.13999938964844,44.27000045776367,44.290000915527344,10142200,0.0,0.0
2022-04-01 00:00:00-04:00,44.54999923706055,45.029998779296875,44.209999084472656,44.9900016784668,5188900,0.0,0.0
2022-04-04 00:00:00-04:00,44.83000183105469,45.08000183105469,43.72999954223633,44.15999984741211,10642400,0.0,0.0
2022-04-05 00:00:00-04:00,44.04999923706055,44.63999938964844,44.02000045776367,44.349998474121094,11425900,0.0,0.0
2022-04-06 00:00:00-04:00,43.970001220703125,44.65999984741211,43.560001373291016,44.58000183105469,7256600,0.0,0.0
2022-04-07 00:00:00-04:00,44.439998626708984,45.16999816894531,44.31999969482422,44.959999084472656,5758700,0.0,0.0
2022-04-08 00:00:00-04:00,44.95000076293945,45.2400016784668,44.65999984741211,44.84000015258789,9615600,0.0,0.0
2022-04-11 00:00:00-04:00,44.70000076293945,44.90999984741211,44.150001525878906,44.220001220703125,6497900,0.0,0.0
2022-04-12 00:00:00-04:00,44.220001220703125,44.540000915527344,43.619998931884766,43.7599983215332,4156100,0.0,0.0
2022-04-13 00:00:00-04:00,43.86000061035156,44.540000915527344,43.650001525878906,44.43000030517578,4151800,0.0,0.0
2022-04-14 00:00:00-04:00,44.5099983215332,44.709999084472656,44.029998779296875,44.25,5172300,0.0,0.0
2022-04-18 00:00:00-04:00,44.130001068115234,44.56999969482422,43.54999923706055,43.7400016784668,4082700,0.0,0.0
2022-04-19 00:00:00-04:00,43.91999816894531,45.95000076293945,43.83000183105469,45.720001220703125,9196700,0.0,0.0
2022-04-20 00:00:00-04:00,45.93000030517578,47.5,45.619998931884766,47.099998474121094,14255700,0.0,0.0
2022-04-21 00:00:00-04:00,47.33000183105469,47.380001068115234,46.2599983215332,46.310001373291016,8062400,0.0,0.0
2022-04-22 00:00:00-04:00,45.79999923706055,45.970001220703125,43.72999954223633,43.900001525878906,11485500,0.0,0.0
2022-04-25 00:00:00-04:00,43.7599983215332,44.779998779296875,43.59000015258789,44.59000015258789,10329300,0.0,0.0
2022-04-26 00:00:00-04:00,43.849998474121094,44.16999816894531,42.540000915527344,42.599998474121094,14253400,0.0,0.0
2022-04-27 00:00:00-04:00,43.54999923706055,44.849998474121094,42.86000061035156,43.060001373291016,14686400,0.0,0.0
2022-04-28 00:00:00-04:00,43.439998626708984,43.61000061035156,42.0,42.72999954223633,8550000,0.0,0.0
2022-04-29 00:00:00-04:00,42.52000045776367,42.97999954223633,41.95000076293945,42.11000061035156,15072900,0.0,0.0
2022-05-02 00:00:00-04:00,42.36000061035156,42.650001525878906,40.779998779296875,41.630001068115234,9896200,0.0,0.0
2022-05-03 00:00:00-04:00,41.5,42.27000045776367,41.5,41.77000045776367,7410100,0.0,0.0
2022-05-04 00:00:00-04:00,41.779998779296875,42.900001525878906,41.400001525878906,42.75,6111500,0.0,0.0
2022-05-05 00:00:00-04:00,42.470001220703125,42.93000030517578,41.58000183105469,42.029998779296875,9579500,0.0,0.0
2022-05-06 00:00:00-04:00,41.84000015258789,41.90999984741211,40.619998931884766,40.849998474121094,9138300,0.0,0.0
2022-05-09 00:00:00-04:00,40.2599983215332,40.310001373291016,37.9900016784668,38.290000915527344,13411700,0.0,0.0
2022-05-10 00:00:00-04:00,38.689998626708984,39.2400016784668,37.9900016784668,38.650001525878906,10993800,0.0,0.0
2022-05-11 00:00:00-04:00,38.54999923706055,39.650001525878906,38.349998474121094,38.7400016784668,11574600,0.0,0.0
2022-05-12 00:00:00-04:00,38.56999969482422,39.0,38.02000045776367,38.790000915527344,9925100,0.0,0.0
2022-05-13 00:00:00-04:00,39.15999984741211,39.91999816894531,39.119998931884766,39.65999984741211,7768200,0.0,0.0
2022-05-16 00:00:00-04:00,39.43000030517578,40.060001373291016,39.34000015258789,39.81999969482422,5833700,0.0,0.0
2022-05-17 00:00:00-04:00,40.5099983215332,41.5,40.25,41.31999969482422,9315300,0.0,0.0
2022-05-18 00:00:00-04:00,40.849998474121094,41.119998931884766,40.119998931884766,40.22999954223633,10495400,0.0,0.0
2022-05-19 00:00:00-04:00,39.72999954223633,40.25,39.08000183105469,39.4900016784668,9556000,0.0,0.0
2022-05-20 00:00:00-04:00,39.25,39.56999969482422,38.2400016784668,39.220001220703125,12397600,0.0,0.0
2022-05-23 00:00:00-04:00,39.619998931884766,40.02000045776367,39.029998779296875,39.88999938964844,6662600,0.0,0.0
2022-05-24 00:00:00-04:00,39.77000045776367,40.34000015258789,39.290000915527344,40.150001525878906,5959600,0.0,0.0
2022-05-25 00:00:00-04:00,39.779998779296875,40.439998626708984,39.54999923706055,40.09000015258789,7417400,0.0,0.0
2022-05-26 00:00:00-04:00,40.119998931884766,40.369998931884766,39.56999969482422,40.13999938964844,6171100,0.0,0.0
2022-05-27 00:00:00-04:00,41.61000061035156,41.61000061035156,40.95000076293945,41.20000076293945,6968700,0.0,0.0
2022-05-31 00:00:00-04:00,40.75,41.31999969482422,40.56999969482422,41.0099983215332,7925300,0.0,0.0
2022-06-01 00:00:00-04:00,41.13999938964844,41.25,39.529998779296875,39.91999816894531,6546400,0.0,0.0
2022-06-02 00:00:00-04:00,39.91999816894531,40.709999084472656,39.040000915527344,40.66999816894531,4443900,0.0,0.0
2022-06-03 00:00:00-04:00,40.4900016784668,40.540000915527344,39.84000015258789,39.90999984741211,5823400,0.0,0.0
2022-06-06 00:00:00-04:00,40.16999816894531,40.36000061035156,39.220001220703125,39.380001068115234,6548500,0.0,0.0
2022-06-07 00:00:00-04:00,39.189998626708984,39.59000015258789,38.90999984741211,39.58000183105469,6725400,0.0,0.0
2022-06-08 00:00:00-04:00,39.400001525878906,39.47999954223633,39.0099983215332,39.11000061035156,6378400,0.0,0.0
2022-06-09 00:00:00-04:00,38.79999923706055,38.95000076293945,37.95000076293945,37.970001220703125,5868800,0.0,0.0
2022-06-10 00:00:00-04:00,37.290000915527344,37.599998474121094,36.90999984741211,37.22999954223633,11071300,0.0,0.0
2022-06-13 00:00:00-04:00,36.41999816894531,36.88999938964844,36.220001220703125,36.40999984741211,15115200,0.0,0.0
2022-06-14 00:00:00-04:00,36.310001373291016,36.41999816894531,35.09000015258789,35.2400016784668,12615100,0.0,0.0
2022-06-15 00:00:00-04:00,36.099998474121094,36.68000030517578,35.52000045776367,36.029998779296875,13548200,0.0,0.0
2022-06-16 00:00:00-04:00,35.16999816894531,35.63999938964844,34.97999954223633,35.5099983215332,9199900,0.0,0.0
2022-06-17 00:00:00-04:00,35.59000015258789,36.349998474121094,35.33000183105469,36.0099983215332,17432800,0.0,0.0
2022-06-21 00:00:00-04:00,36.47999954223633,36.66999816894531,36.02000045776367,36.29999923706055,10277400,0.0,0.0
2022-06-22 00:00:00-04:00,36.02000045776367,37.33000183105469,35.90999984741211,37.029998779296875,9569100,0.0,0.0
2022-06-23 00:00:00-04:00,37.15999984741211,37.5,36.720001220703125,36.939998626708984,6656700,0.0,0.0
2022-06-24 00:00:00-04:00,37.20000076293945,38.099998474121094,36.9900016784668,38.02000045776367,10453800,0.0,0.0
2022-06-27 00:00:00-04:00,37.97999954223633,38.099998474121094,37.560001373291016,37.81999969482422,4699000,0.0,0.0
2022-06-28 00:00:00-04:00,38.040000915527344,38.27000045776367,37.400001525878906,37.5,9890600,0.0,0.0
2022-06-29 00:00:00-04:00,37.54999923706055,37.900001525878906,37.27000045776367,37.79999923706055,5749600,0.0,0.0
2022-06-30 00:00:00-04:00,37.470001220703125,37.7599983215332,36.97999954223633,37.27000045776367,8127100,0.0,0.0
2022-07-01 00:00:00-04:00,37.220001220703125,38.119998931884766,37.09000015258789,38.0099983215332,5870000,0.0,0.0
2022-07-05 00:00:00-04:00,37.59000015258789,37.83000183105469,37.18000030517578,37.7599983215332,5790100,0.0,0.0
2022-07-06 00:00:00-04:00,38.02000045776367,38.04999923706055,37.380001068115234,37.65999984741211,5502900,0.0,0.0
2022-07-07 00:00:00-04:00,37.599998474121094,37.970001220703125,37.31999969482422,37.849998474121094,6992100,0.0,0.0
2022-07-08 00:00:00-04:00,37.790000915527344,38.63999938964844,37.790000915527344,37.84000015258789,6189200,0.0,0.0
2022-07-11 00:00:00-04:00,37.34000015258789,37.66999816894531,37.189998626708984,37.5099983215332,4102000,0.0,0.0
2022-07-12 00:00:00-04:00,37.38999938964844,37.810001373291016,36.70000076293945,36.880001068115234,6163200,0.0,0.0
2022-07-13 00:00:00-04:00,36.349998474121094,37.0,36.349998474121094,36.77000045776367,5890700,0.0,0.0
2022-07-14 00:00:00-04:00,36.29999923706055,36.7599983215332,36.150001525878906,36.709999084472656,5843500,0.0,0.0
2022-07-15 00:00:00-04:00,37.279998779296875,37.599998474121094,37.099998474121094,37.54999923706055,7124900,0.0,0.0
2022-07-18 00:00:00-04:00,37.66999816894531,38.0099983215332,37.119998931884766,37.16999816894531,5403700,0.0,0.0
2022-07-19 00:00:00-04:00,37.650001525878906,37.810001373291016,37.5099983215332,37.709999084472656,9995600,0.0,0.0
2022-07-20 00:00:00-04:00,37.560001373291016,37.810001373291016,37.040000915527344,37.279998779296875,10868100,0.0,0.0
2022-07-21 00:00:00-04:00,37.459999084472656,38.119998931884766,37.2400016784668,38.119998931884766,11814700,0.0,0.0
2022-07-22 00:00:00-04:00,38.18000030517578,38.61000061035156,37.84000015258789,38.119998931884766,4946800,0.0,0.0
2022-07-25 00:00:00-04:00,38.11000061035156,38.2400016784668,37.720001220703125,38.0,6280000,0.0,0.0
2022-07-26 00:00:00-04:00,38.18000030517578,38.22999954223633,37.70000076293945,37.959999084472656,10689900,0.0,0.0
2022-07-27 00:00:00-04:00,40.630001068115234,41.34000015258789,39.7400016784668,40.310001373291016,18838600,0.0,0.0
2022-07-28 00:00:00-04:00,40.2599983215332,41.43000030517578,40.040000915527344,41.15999984741211,9068800,0.0,0.0
2022-07-29 00:00:00-04:00,40.849998474121094,41.25,40.61000061035156,41.04999923706055,8816000,0.0,0.0
2022-08-01 00:00:00-04:00,40.650001525878906,41.2599983215332,40.61000061035156,41.04999923706055,5186800,0.0,0.0
2022-08-02 00:00:00-04:00,41.099998474121094,41.790000915527344,41.029998779296875,41.459999084472656,6411400,0.0,0.0
2022-08-03 00:00:00-04:00,41.630001068115234,41.83000183105469,41.290000915527344,41.619998931884766,5676800,0.0,0.0
2022-08-04 00:00:00-04:00,41.65999984741211,41.779998779296875,41.13999938964844,41.22999954223633,6390500,0.0,0.0
2022-08-05 00:00:00-04:00,40.939998626708984,41.189998626708984,40.849998474121094,40.939998626708984,5328900,0.0,0.0
2022-08-08 00:00:00-04:00,41.0099983215332,41.2400016784668,40.720001220703125,40.970001220703125,6010600,0.0,0.0
2022-08-09 00:00:00-04:00,40.900001525878906,41.15999984741211,40.79999923706055,41.029998779296875,5084500,0.0,0.0
2022-08-10 00:00:00-04:00,41.779998779296875,41.900001525878906,41.4900016784668,41.86000061035156,7066000,0.0,0.0
2022-08-11 00:00:00-04:00,41.9900016784668,42.189998626708984,41.619998931884766,41.7599983215332,3981300,0.0,0.0
2022-08-12 00:00:00-04:00,41.95000076293945,42.349998474121094,41.689998626708984,42.33000183105469,4019700,0.0,0.0
2022-08-15 00:00:00-04:00,42.099998474121094,42.380001068115234,41.91999816894531,42.150001525878906,2475400,0.0,0.0
2022-08-16 00:00:00-04:00,41.779998779296875,42.40999984741211,41.7599983215332,42.349998474121094,4231000,0.0,0.0
2022-08-17 00:00:00-04:00,42.099998474121094,42.5,41.959999084472656,42.43000030517578,6091600,0.0,0.0
2022-08-18 00:00:00-04:00,42.529998779296875,42.65999984741211,42.20000076293945,42.630001068115234,6058600,0.0,0.0
2022-08-19 00:00:00-04:00,42.689998626708984,42.79999923706055,41.86000061035156,42.02000045776367,5396800,0.0,0.0
2022-08-22 00:00:00-04:00,41.619998931884766,41.81999969482422,41.13999938964844,41.2599983215332,5436900,0.0,0.0
2022-08-23 00:00:00-04:00,41.209999084472656,41.22999954223633,40.58000183105469,40.86000061035156,6864900,0.0,0.0
2022-08-24 00:00:00-04:00,40.900001525878906,41.34000015258789,40.68000030517578,41.150001525878906,4552900,0.0,0.0
2022-08-25 00:00:00-04:00,41.380001068115234,41.81999969482422,41.06999969482422,41.779998779296875,8953000,0.0,0.0
2022-08-26 00:00:00-04:00,41.77000045776367,41.939998626708984,40.45000076293945,40.52000045776367,3921500,0.0,0.0
2022-08-29 00:00:00-04:00,40.220001220703125,40.52000045776367,40.04999923706055,40.38999938964844,8609100,0.0,0.0
2022-08-30 00:00:00-04:00,40.5099983215332,40.56999969482422,39.90999984741211,40.040000915527344,5274700,0.0,0.0
2022-08-31 00:00:00-04:00,40.38999938964844,40.959999084472656,40.279998779296875,40.310001373291016,6723900,0.0,0.0
2022-09-01 00:00:00-04:00,40.31999969482422,41.02000045776367,40.130001068115234,40.9900016784668,6870700,0.0,0.0
2022-09-02 00:00:00-04:00,41.41999816894531,41.43000030517578,40.27000045776367,40.4900016784668,5919600,0.0,0.0
2022-09-06 00:00:00-04:00,40.68000030517578,40.70000076293945,40.22999954223633,40.380001068115234,5416100,0.0,0.0
2022-09-07 00:00:00-04:00,40.310001373291016,41.59000015258789,40.279998779296875,41.470001220703125,5012000,0.0,0.0
2022-09-08 00:00:00-04:00,41.189998626708984,42.72999954223633,41.06999969482422,42.709999084472656,9980900,0.0,0.0
2022-09-09 00:00:00-04:00,42.79999923706055,43.15999984741211,42.63999938964844,42.939998626708984,4423500,0.0,0.0
2022-09-12 00:00:00-04:00,43.119998931884766,43.52000045776367,42.900001525878906,43.459999084472656,7514700,0.0,0.0
2022-09-13 00:00:00-04:00,42.560001373291016,42.79999923706055,42.13999938964844,42.18000030517578,6253300,0.0,0.0
2022-09-14 00:00:00-04:00,42.20000076293945,42.40999984741211,41.72999954223633,42.06999969482422,5768500,0.0,0.0
2022-09-15 00:00:00-04:00,42.220001220703125,42.75,42.11000061035156,42.20000076293945,6684500,0.0,0.0
2022-09-16 00:00:00-04:00,42.02000045776367,42.02000045776367,41.06999969482422,41.70000076293945,10650800,0.0,0.0
2022-09-19 00:00:00-04:00,41.38999938964844,41.43000030517578,40.529998779296875,41.18000030517578,7854100,0.0,0.0
2022-09-20 00:00:00-04:00,40.88999938964844,41.029998779296875,40.0099983215332,40.43000030517578,6257100,0.0,0.0
2022-09-21 00:00:00-04:00,40.560001373291016,40.86000061035156,39.75,39.7599983215332,6253200,0.0,0.0
2022-09-22 00:00:00-04:00,39.54999923706055,39.70000076293945,39.130001068115234,39.29999923706055,4690700,0.0,0.0
2022-09-23 00:00:00-04:00,38.880001068115234,39.08000183105469,38.2400016784668,38.900001525878906,6221900,0.0,0.0
2022-09-26 00:00:00-04:00,38.70000076293945,38.88999938964844,38.029998779296875,38.36000061035156,5123500,0.0,0.0
2022-09-27 00:00:00-04:00,38.709999084472656,38.79999923706055,37.7400016784668,38.13999938964844,6491900,0.0,0.0
2022-09-28 00:00:00-04:00,38.459999084472656,39.41999816894531,38.220001220703125,39.130001068115234,7736100,0.0,0.0
2022-09-29 00:00:00-04:00,38.91999816894531,39.4900016784668,38.540000915527344,39.34000015258789,7292100,0.0,0.0
2022-09-30 00:00:00-04:00,39.400001525878906,39.9900016784668,38.70000076293945,38.72999954223633,10030400,0.0,0.0
2022-10-03 00:00:00-04:00,39.209999084472656,39.97999954223633,38.939998626708984,39.880001068115234,6290600,0.0,0.0
2022-10-04 00:00:00-04:00,40.369998931884766,41.040000915527344,40.029998779296875,41.029998779296875,5953800,0.0,0.0
2022-10-05 00:00:00-04:00,40.599998474121094,41.56999969482422,40.56999969482422,41.29999923706055,4868500,0.0,0.0
2022-10-06 00:00:00-04:00,41.18000030517578,41.29999923706055,40.59000015258789,40.650001525878906,4657500,0.0,0.0
2022-10-07 00:00:00-04:00,40.27000045776367,40.43000030517578,39.599998474121094,39.7599983215332,9642900,0.0,0.0
2022-10-10 00:00:00-04:00,40.029998779296875,40.2400016784668,39.52000045776367,39.63999938964844,5682900,0.0,0.0
2022-10-11 00:00:00-04:00,39.68000030517578,40.09000015258789,38.959999084472656,39.560001373291016,6475900,0.0,0.0
2022-10-12 00:00:00-04:00,39.709999084472656,39.849998474121094,39.290000915527344,39.599998474121094,5625600,0.0,0.0
2022-10-13 00:00:00-04:00,38.970001220703125,40.790000915527344,38.790000915527344,40.349998474121094,9527500,0.0,0.0
2022-10-14 00:00:00-04:00,40.650001525878906,40.93000030517578,39.689998626708984,39.97999954223633,7765300,0.0,0.0
2022-10-17 00:00:00-04:00,40.369998931884766,41.0099983215332,40.310001373291016,40.86000061035156,6901200,0.0,0.0
2022-10-18 00:00:00-04:00,42.209999084472656,42.369998931884766,40.810001373291016,41.08000183105469,7189800,0.0,0.0
2022-10-19 00:00:00-04:00,40.72999954223633,41.0,40.349998474121094,40.959999084472656,7064600,0.0,0.0
2022-10-20 00:00:00-04:00,41.029998779296875,41.119998931884766,40.150001525878906,40.22999954223633,4851800,0.0,0.0
2022-10-21 00:00:00-04:00,40.22999954223633,40.65999984741211,39.52000045776367,40.56999969482422,8690800,0.0,0.0
2022-10-24 00:00:00-04:00,40.959999084472656,41.119998931884766,40.58000183105469,40.97999954223633,12287200,0.0,0.0
2022-10-25 00:00:00-04:00,40.9900016784668,41.54999923706055,40.88999938964844,41.29999923706055,12578200,0.0,0.0
2022-10-26 00:00:00-04:00,41.959999084472656,42.68000030517578,41.31999969482422,41.790000915527344,22187900,0.0,0.0
2022-10-27 00:00:00-04:00,41.810001373291016,41.91999816894531,41.099998474121094,41.58000183105469,7599800,0.0,0.0
2022-10-28 00:00:00-04:00,41.70000076293945,43.16999816894531,41.540000915527344,43.15999984741211,11131100,0.0,0.0
2022-10-31 00:00:00-04:00,43.09000015258789,43.33000183105469,42.720001220703125,43.11000061035156,8635800,0.0,0.0
2022-11-01 00:00:00-04:00,42.66999816894531,43.16999816894531,41.900001525878906,42.7599983215332,7741800,0.0,0.0
2022-11-02 00:00:00-04:00,42.529998779296875,43.72999954223633,41.91999816894531,41.93000030517578,12423900,0.0,0.0
2022-11-03 00:00:00-04:00,41.599998474121094,41.689998626708984,40.93000030517578,41.529998779296875,5802400,0.0,0.0
2022-11-04 00:00:00-04:00,42.040000915527344,42.290000915527344,40.959999084472656,41.59000015258789,5918100,0.0,0.0
2022-11-07 00:00:00-05:00,41.83000183105469,42.2400016784668,41.779998779296875,41.959999084472656,6261500,0.0,0.0
2022-11-08 00:00:00-05:00,41.84000015258789,42.2599983215332,41.279998779296875,41.91999816894531,4950900,0.0,0.0
2022-11-09 00:00:00-05:00,41.9900016784668,42.810001373291016,41.70000076293945,42.060001373291016,6168700,0.0,0.0
2022-11-10 00:00:00-05:00,43.43000030517578,43.869998931884766,43.119998931884766,43.7599983215332,7615700,0.0,0.0
2022-11-11 00:00:00-05:00,43.75,43.93000030517578,40.95000076293945,42.52000045776367,10478700,0.0,0.0
2022-11-14 00:00:00-05:00,42.439998626708984,42.849998474121094,42.22999954223633,42.2400016784668,7574900,0.0,0.0
2022-11-15 00:00:00-05:00,42.599998474121094,42.880001068115234,41.88999938964844,42.41999816894531,4696500,0.0,0.0
2022-11-16 00:00:00-05:00,42.5099983215332,43.150001525878906,42.5099983215332,42.97999954223633,5250700,0.0,0.0
2022-11-17 00:00:00-05:00,42.5,42.56999969482422,41.93000030517578,42.20000076293945,3875100,0.0,0.0
2022-11-18 00:00:00-05:00,42.63999938964844,43.18000030517578,42.4900016784668,42.959999084472656,4943700,0.0,0.0
2022-11-21 00:00:00-05:00,42.95000076293945,43.34000015258789,42.900001525878906,42.939998626708984,4082200,0.0,0.0
2022-11-22 00:00:00-05:00,43.040000915527344,43.65999984741211,42.72999954223633,43.540000915527344,5299300,0.0,0.0
2022-11-23 00:00:00-05:00,43.709999084472656,43.970001220703125,43.439998626708984,43.88999938964844,3264300,0.0,0.0
2022-11-25 00:00:00-05:00,44.08000183105469,44.290000915527344,44.0,44.150001525878906,1313200,0.0,0.0
2022-11-28 00:00:00-05:00,44.0,44.41999816894531,43.619998931884766,43.790000915527344,3661300,0.0,0.0
2022-11-29 00:00:00-05:00,43.869998931884766,44.650001525878906,43.84000015258789,44.5,5548500,0.0,0.0
2022-11-30 00:00:00-05:00,44.540000915527344,45.31999969482422,44.2599983215332,45.27000045776367,9665300,0.0,0.0
2022-12-01 00:00:00-05:00,45.5,46.220001220703125,45.33000183105469,46.119998931884766,6277900,0.0,0.0
2022-12-02 00:00:00-05:00,45.79999923706055,46.7599983215332,45.650001525878906,46.599998474121094,7148100,0.0,0.0
2022-12-05 00:00:00-05:00,46.130001068115234,46.349998474121094,45.369998931884766,45.41999816894531,5236100,0.0,0.0
2022-12-06 00:00:00-05:00,45.310001373291016,45.540000915527344,44.810001373291016,45.15999984741211,4515400,0.0,0.0
2022-12-07 00:00:00-05:00,45.529998779296875,45.90999984741211,45.34000015258789,45.630001068115234,5077100,0.0,0.0
2022-12-08 00:00:00-05:00,45.720001220703125,46.38999938964844,45.52000045776367,46.31999969482422,5930100,0.0,0.0
2022-12-09 00:00:00-05:00,46.119998931884766,46.560001373291016,45.95000076293945,46.22999954223633,7863600,0.0,0.0
2022-12-12 00:00:00-05:00,46.29999923706055,47.16999816894531,46.18000030517578,47.130001068115234,6350500,0.0,0.0
2022-12-13 00:00:00-05:00,47.779998779296875,47.95000076293945,47.02000045776367,47.20000076293945,8670700,0.0,0.0
2022-12-14 00:00:00-05:00,47.20000076293945,47.61000061035156,46.779998779296875,47.18000030517578,7322100,0.0,0.0
2022-12-15 00:00:00-05:00,46.5,46.79999923706055,46.02000045776367,46.31999969482422,8374400,0.0,0.0
2022-12-16 00:00:00-05:00,45.81999969482422,46.11000061035156,45.290000915527344,45.810001373291016,12154700,0.0,0.0
2022-12-19 00:00:00-05:00,45.77000045776367,46.040000915527344,45.470001220703125,45.79999923706055,6134700,0.0,0.0
2022-12-20 00:00:00-05:00,45.790000915527344,46.029998779296875,45.56999969482422,45.84000015258789,4403200,0.0,0.0
2022-12-21 00:00:00-05:00,46.04999923706055,46.630001068115234,45.939998626708984,46.08000183105469,6220000,0.0,0.0
2022-12-22 00:00:00-05:00,45.84000015258789,46.15999984741211,45.380001068115234,46.150001525878906,4236600,0.0,0.0
2022-12-23 00:00:00-05:00,46.0,46.18000030517578,45.779998779296875,46.060001373291016,4026200,0.0,0.0
2022-12-27 00:00:00-05:00,46.189998626708984,46.459999084472656,45.88999938964844,46.2400016784668,2836500,0.0,0.0
2022-12-28 00:00:00-05:00,46.40999984741211,46.779998779296875,45.7599983215332,45.779998779296875,3662700,0.0,0.0
2022-12-29 00:00:00-05:00,46.04999923706055,46.70000076293945,45.86000061035156,46.349998474121094,3282400,0.0,0.0
2022-12-30 00:00:00-05:00,46.189998626708984,46.41999816894531,45.869998931884766,46.27000045776367,3223800,0.0,0.0
2023-01-03 00:00:00-05:00,46.47999954223633,46.7400016784668,45.7599983215332,46.0099983215332,6282700,0.0,0.0
2023-01-04 00:00:00-05:00,46.40999984741211,46.68000030517578,46.04999923706055,46.5,6197600,0.0,0.0
2023-01-05 00:00:00-05:00,46.310001373291016,46.54999923706055,45.68000030517578,45.7599983215332,6346200,0.0,0.0
2023-01-06 00:00:00-05:00,46.150001525878906,46.369998931884766,45.470001220703125,46.33000183105469,8980900,0.0,0.0
2023-01-09 00:00:00-05:00,46.43000030517578,46.470001220703125,45.56999969482422,45.59000015258789,7688400,0.0,0.0
2023-01-10 00:00:00-05:00,45.70000076293945,46.189998626708984,45.59000015258789,46.060001373291016,5892300,0.0,0.0
2023-01-11 00:00:00-05:00,46.189998626708984,46.189998626708984,44.349998474121094,45.810001373291016,11767200,0.0,0.0
2023-01-12 00:00:00-05:00,45.849998474121094,46.72999954223633,45.7599983215332,46.709999084472656,10165500,0.0,0.0
2023-01-13 00:00:00-05:00,46.75,46.790000915527344,46.27000045776367,46.529998779296875,6060100,0.0,0.0
2023-01-17 00:00:00-05:00,46.470001220703125,46.54999923706055,45.9900016784668,46.040000915527344,6707500,0.0,0.0
2023-01-18 00:00:00-05:00,46.04999923706055,46.16999816894531,45.0099983215332,45.09000015258789,6572500,0.0,0.0
2023-01-19 00:00:00-05:00,44.790000915527344,45.810001373291016,44.790000915527344,45.459999084472656,7546100,0.0,0.0
2023-01-20 00:00:00-05:00,45.540000915527344,45.709999084472656,45.0099983215332,45.619998931884766,5414400,0.0,0.0
2023-01-23 00:00:00-05:00,45.619998931884766,46.06999969482422,45.560001373291016,45.849998474121094,5085100,0.0,0.0
2023-01-24 00:00:00-05:00,45.84000015258789,45.95000076293945,45.439998626708984,45.84000015258789,6100900,0.0,0.0
2023-01-25 00:00:00-05:00,45.5099983215332,46.130001068115234,45.439998626708984,46.119998931884766,5050300,0.0,0.0
2023-01-26 00:00:00-05:00,46.2599983215332,46.380001068115234,45.83000183105469,46.349998474121094,4858300,0.0,0.0
2023-01-27 00:00:00-05:00,46.209999084472656,46.349998474121094,45.7400016784668,45.90999984741211,7336500,0.0,0.0
2023-01-30 00:00:00-05:00,45.84000015258789,45.970001220703125,45.63999938964844,45.810001373291016,7455800,0.0,0.0
2023-01-31 00:00:00-05:00,45.880001068115234,46.36000061035156,45.56999969482422,46.25,10902500,0.0,0.0
2023-02-01 00:00:00-05:00,46.619998931884766,47.709999084472656,46.5,47.540000915527344,15305000,0.0,0.0
2023-02-02 00:00:00-05:00,47.650001525878906,48.189998626708984,47.099998474121094,48.06999969482422,12435000,0.0,0.0
2023-02-03 00:00:00-05:00,48.0,48.869998931884766,47.869998931884766,48.5,13028800,0.0,0.0
2023-02-06 00:00:00-05:00,48.22999954223633,48.22999954223633,47.54999923706055,47.65999984741211,6015500,0.0,0.0
2023-02-07 00:00:00-05:00,47.06999969482422,48.27000045776367,47.04999923706055,48.09000015258789,5284000,0.0,0.0
2023-02-08 00:00:00-05:00,47.939998626708984,48.25,47.38999938964844,47.59000015258789,6169500,0.0,0.0
2023-02-09 00:00:00-05:00,47.77000045776367,47.95000076293945,46.970001220703125,47.060001373291016,4633100,0.0,0.0
2023-02-10 00:00:00-05:00,47.09000015258789,47.34000015258789,46.86000061035156,47.22999954223633,5400500,0.0,0.0
2023-02-13 00:00:00-05:00,47.369998931884766,47.970001220703125,47.369998931884766,47.689998626708984,6177100,0.0,0.0
2023-02-14 00:00:00-05:00,47.63999938964844,47.970001220703125,46.97999954223633,47.279998779296875,5390000,0.0,0.0
2023-02-15 00:00:00-05:00,47.08000183105469,47.41999816894531,46.959999084472656,47.290000915527344,4057000,0.0,0.0
2023-02-16 00:00:00-05:00,46.790000915527344,46.97999954223633,46.43000030517578,46.47999954223633,6152200,0.0,0.0
2023-02-17 00:00:00-05:00,46.349998474121094,46.790000915527344,46.2400016784668,46.540000915527344,7973300,0.0,0.0
2023-02-21 00:00:00-05:00,46.150001525878906,46.369998931884766,45.93000030517578,46.22999954223633,8177300,0.0,0.0
2023-02-22 00:00:00-05:00,46.06999969482422,46.9900016784668,46.06999969482422,46.61000061035156,10653600,0.0,0.0
2023-02-23 00:00:00-05:00,46.61000061035156,47.27000045776367,46.38999938964844,47.18000030517578,7734000,0.0,0.0
2023-02-24 00:00:00-05:00,46.790000915527344,47.20000076293945,46.470001220703125,47.0099983215332,8910900,0.0,0.0
2023-02-27 00:00:00-05:00,47.290000915527344,47.4900016784668,46.689998626708984,46.81999969482422,7524600,0.0,0.0
2023-02-28 00:00:00-05:00,46.79999923706055,47.029998779296875,46.709999084472656,46.720001220703125,7207200,0.0,0.0
2023-03-01 00:00:00-05:00,46.7599983215332,46.880001068115234,46.439998626708984,46.81999969482422,7522400,0.0,0.0
2023-03-02 00:00:00-05:00,46.689998626708984,47.400001525878906,46.560001373291016,47.25,4591800,0.0,0.0
2023-03-03 00:00:00-05:00,47.380001068115234,47.95000076293945,47.220001220703125,47.81999969482422,8236800,0.0,0.0
2023-03-06 00:00:00-05:00,47.790000915527344,48.11000061035156,47.560001373291016,47.7400016784668,6288900,0.0,0.0
2023-03-07 00:00:00-05:00,47.77000045776367,47.95000076293945,46.79999923706055,47.02000045776367,7311500,0.0,0.0
2023-03-08 00:00:00-05:00,46.84000015258789,47.06999969482422,46.68000030517578,46.88999938964844,5738600,0.0,0.0
2023-03-09 00:00:00-05:00,47.189998626708984,47.52000045776367,46.720001220703125,47.060001373291016,6083600,0.0,0.0
2023-03-10 00:00:00-05:00,47.060001373291016,47.38999938964844,46.20000076293945,46.47999954223633,7840300,0.0,0.0
2023-03-13 00:00:00-04:00,46.33000183105469,48.04999923706055,46.209999084472656,47.599998474121094,10575700,0.0,0.0
2023-03-14 00:00:00-04:00,47.9900016784668,48.40999984741211,47.77000045776367,48.310001373291016,10208300,0.0,0.0
2023-03-15 00:00:00-04:00,47.70000076293945,48.0,47.40999984741211,47.970001220703125,10654300,0.0,0.0
2023-03-16 00:00:00-04:00,47.54999923706055,48.400001525878906,47.31999969482422,48.29999923706055,7845500,0.0,0.0
2023-03-17 00:00:00-04:00,48.18000030517578,48.290000915527344,47.79999923706055,47.95000076293945,10689300,0.0,0.0
2023-03-20 00:00:00-04:00,48.04999923706055,48.849998474121094,47.93000030517578,48.83000183105469,9053900,0.0,0.0
2023-03-21 00:00:00-04:00,48.83000183105469,48.95000076293945,48.380001068115234,48.84000015258789,6580500,0.0,0.0
2023-03-22 00:00:00-04:00,48.83000183105469,49.220001220703125,48.060001373291016,48.06999969482422,10461900,0.0,0.0
2023-03-23 00:00:00-04:00,47.970001220703125,48.400001525878906,47.63999938964844,47.939998626708984,7203600,0.0,0.0
2023-03-24 00:00:00-04:00,47.900001525878906,48.310001373291016,47.52000045776367,48.220001220703125,10069300,0.0,0.0
2023-03-27 00:00:00-04:00,48.41999816894531,48.61000061035156,48.150001525878906,48.33000183105469,5754200,0.0,0.0
2023-03-28 00:00:00-04:00,48.4900016784668,48.869998931884766,48.099998474121094,48.599998474121094,7820000,0.0,0.0
2023-03-29 00:00:00-04:00,49.0,49.459999084472656,48.91999816894531,49.08000183105469,9333100,0.0,0.0
2023-03-30 00:00:00-04:00,49.310001373291016,49.65999984741211,49.099998474121094,49.599998474121094,8146400,0.0,0.0
2023-03-31 00:00:00-04:00,49.79999923706055,50.209999084472656,49.689998626708984,50.029998779296875,11585700,0.0,0.0
2023-04-03 00:00:00-04:00,49.97999954223633,49.97999954223633,49.380001068115234,49.720001220703125,11372800,0.0,0.0
2023-04-04 00:00:00-04:00,49.77000045776367,50.38999938964844,49.66999816894531,50.06999969482422,9726900,0.0,0.0
2023-04-05 00:00:00-04:00,50.18000030517578,50.869998931884766,50.13999938964844,50.7400016784668,7175400,0.0,0.0
2023-04-06 00:00:00-04:00,50.79999923706055,50.79999923706055,49.7400016784668,50.08000183105469,9622900,0.0,0.0
2023-04-10 00:00:00-04:00,49.900001525878906,50.349998474121094,49.66999816894531,50.34000015258789,5185700,0.0,0.0
2023-04-11 00:00:00-04:00,50.459999084472656,50.86000061035156,50.439998626708984,50.72999954223633,5832800,0.0,0.0
2023-04-12 00:00:00-04:00,51.040000915527344,51.689998626708984,50.95000076293945,51.11000061035156,9666700,0.0,0.0
2023-04-13 00:00:00-04:00,51.29999923706055,51.7599983215332,51.20000076293945,51.5,6397700,0.0,0.0
2023-04-14 00:00:00-04:00,51.38999938964844,51.83000183105469,51.38999938964844,51.77000045776367,9464900,0.0,0.0
2023-04-17 00:00:00-04:00,51.97999954223633,52.209999084472656,51.5099983215332,51.7400016784668,5930700,0.0,0.0
2023-04-18 00:00:00-04:00,51.959999084472656,52.04999923706055,51.40999984741211,51.61000061035156,7082800,0.0,0.0
2023-04-19 00:00:00-04:00,52.25,52.91999816894531,52.060001373291016,52.88999938964844,10602300,0.0,0.0
2023-04-20 00:00:00-04:00,52.849998474121094,53.20000076293945,52.470001220703125,52.619998931884766,11486800,0.0,0.0
2023-04-21 00:00:00-04:00,53.04999923706055,53.209999084472656,50.59000015258789,51.11000061035156,24525000,0.0,0.0
2023-04-24 00:00:00-04:00,51.20000076293945,51.540000915527344,50.43000030517578,51.34000015258789,11731700,0.0,0.0
2023-04-25 00:00:00-04:00,51.45000076293945,51.779998779296875,50.97999954223633,51.11000061035156,14788100,0.0,0.0
2023-04-26 00:00:00-04:00,52.70000076293945,52.70000076293945,50.0,51.099998474121094,20199000,0.0,0.0
2023-04-27 00:00:00-04:00,50.900001525878906,52.06999969482422,50.63999938964844,52.029998779296875,9057200,0.0,0.0
2023-04-28 00:00:00-04:00,51.880001068115234,52.86000061035156,51.720001220703125,52.119998931884766,13505100,0.0,0.0
2023-05-01 00:00:00-04:00,52.20000076293945,52.86000061035156,52.09000015258789,52.79999923706055,7483500,0.0,0.0
2023-05-02 00:00:00-04:00,52.81999969482422,53.470001220703125,52.2400016784668,52.900001525878906,8739200,0.0,0.0
2023-05-03 00:00:00-04:00,53.130001068115234,53.47999954223633,52.58000183105469,52.689998626708984,7358700,0.0,0.0
2023-05-04 00:00:00-04:00,52.43000030517578,52.77000045776367,51.90999984741211,51.939998626708984,8878400,0.0,0.0
2023-05-05 00:00:00-04:00,52.04999923706055,52.119998931884766,51.119998931884766,51.540000915527344,9163100,0.0,0.0
2023-05-08 00:00:00-04:00,51.2400016784668,53.41999816894531,51.16999816894531,53.119998931884766,14045400,0.0,0.0
2023-05-09 00:00:00-04:00,53.13999938964844,53.52000045776367,52.75,53.09000015258789,11125100,0.0,0.0
2023-05-10 00:00:00-04:00,53.34000015258789,53.66999816894531,52.81999969482422,53.220001220703125,6123000,0.0,0.0
2023-05-11 00:00:00-04:00,53.15999984741211,53.650001525878906,53.0,53.38999938964844,9018400,0.0,0.0
2023-05-12 00:00:00-04:00,53.40999984741211,53.470001220703125,52.939998626708984,53.34000015258789,8251100,0.0,0.0
2023-05-15 00:00:00-04:00,53.369998931884766,54.0,53.369998931884766,53.68000030517578,11013700,0.0,0.0
2023-05-16 00:00:00-04:00,53.709999084472656,54.08000183105469,53.36000061035156,53.77000045776367,5515300,0.0,0.0
2023-05-17 00:00:00-04:00,53.93000030517578,54.040000915527344,52.86000061035156,53.40999984741211,7134400,0.0,0.0
2023-05-18 00:00:00-04:00,53.40999984741211,53.58000183105469,53.209999084472656,53.439998626708984,8038700,0.0,0.0
2023-05-19 00:00:00-04:00,53.529998779296875,53.779998779296875,53.18000030517578,53.63999938964844,8495900,0.0,0.0
2023-05-22 00:00:00-04:00,53.63999938964844,54.16999816894531,53.599998474121094,53.68000030517578,7007800,0.0,0.0
2023-05-23 00:00:00-04:00,53.2599983215332,53.58000183105469,51.380001068115234,51.5,12851300,0.0,0.0
2023-05-24 00:00:00-04:00,51.400001525878906,52.310001373291016,51.22999954223633,51.93000030517578,10569000,0.0,0.0
2023-05-25 00:00:00-04:00,51.959999084472656,51.959999084472656,51.34000015258789,51.540000915527344,8922600,0.0,0.0
2023-05-26 00:00:00-04:00,51.5099983215332,51.91999816894531,50.93000030517578,51.060001373291016,8497500,0.0,0.0
2023-05-30 00:00:00-04:00,51.220001220703125,51.529998779296875,50.40999984741211,50.4900016784668,9862900,0.0,0.0
2023-05-31 00:00:00-04:00,50.459999084472656,51.75,50.09000015258789,51.47999954223633,15443900,0.0,0.0
2023-06-01 00:00:00-04:00,51.29999923706055,51.849998474121094,50.97999954223633,51.5,8584100,0.0,0.0
2023-06-02 00:00:00-04:00,51.59000015258789,51.939998626708984,51.47999954223633,51.81999969482422,5608100,0.0,0.0
2023-06-05 00:00:00-04:00,51.959999084472656,52.04999923706055,51.2400016784668,51.400001525878906,6616800,0.0,0.0
2023-06-06 00:00:00-04:00,51.33000183105469,51.52000045776367,50.34000015258789,50.66999816894531,12634000,0.0,0.0
2023-06-07 00:00:00-04:00,50.58000183105469,50.84000015258789,50.43000030517578,50.70000076293945,6631400,0.0,0.0
2023-06-08 00:00:00-04:00,50.630001068115234,51.119998931884766,50.400001525878906,51.06999969482422,4288200,0.0,0.0
2023-06-09 00:00:00-04:00,51.130001068115234,51.540000915527344,50.90999984741211,51.279998779296875,5210600,0.0,0.0
2023-06-12 00:00:00-04:00,51.220001220703125,51.4900016784668,50.84000015258789,51.20000076293945,5694500,0.0,0.0
2023-06-13 00:00:00-04:00,51.04999923706055,51.45000076293945,50.93000030517578,51.15999984741211,5802000,0.0,0.0
2023-06-14 00:00:00-04:00,53.599998474121094,53.900001525878906,52.689998626708984,53.310001373291016,11002700,0.0,0.0
2023-06-15 00:00:00-04:00,53.22999954223633,54.09000015258789,52.90999984741211,53.97999954223633,7403000,0.0,0.0
2023-06-16 00:00:00-04:00,54.5099983215332,54.689998626708984,54.04999923706055,54.31999969482422,13022800,0.0,0.0
2023-06-20 00:00:00-04:00,53.790000915527344,54.22999954223633,53.54999923706055,54.040000915527344,7100900,0.0,0.0
2023-06-21 00:00:00-04:00,53.939998626708984,54.099998474121094,53.59000015258789,53.959999084472656,5770000,0.0,0.0
2023-06-22 00:00:00-04:00,54.130001068115234,54.65999984741211,54.0,54.63999938964844,4083400,0.0,0.0
2023-06-23 00:00:00-04:00,54.5,54.75,53.849998474121094,53.970001220703125,9538100,0.0,0.0
2023-06-26 00:00:00-04:00,53.91999816894531,53.970001220703125,53.20000076293945,53.5,6553100,0.0,0.0
2023-06-27 00:00:00-04:00,53.5,53.689998626708984,53.040000915527344,53.4900016784668,6084900,0.0,0.0
2023-06-28 00:00:00-04:00,53.58000183105469,53.91999816894531,53.34000015258789,53.45000076293945,5305900,0.0,0.0
2023-06-29 00:00:00-04:00,53.31999969482422,53.720001220703125,53.13999938964844,53.290000915527344,6896500,0.0,0.0
2023-06-30 00:00:00-04:00,53.790000915527344,54.45000076293945,53.650001525878906,54.09000015258789,7238600,0.0,0.0
2023-07-03 00:00:00-04:00,53.720001220703125,53.810001373291016,53.08000183105469,53.540000915527344,3017800,0.0,0.0
2023-07-05 00:00:00-04:00,53.099998474121094,53.279998779296875,52.68000030517578,53.25,9640300,0.0,0.0
2023-07-06 00:00:00-04:00,52.97999954223633,53.099998474121094,52.65999984741211,52.880001068115234,4460800,0.0,0.0
2023-07-07 00:00:00-04:00,52.650001525878906,52.91999816894531,52.16999816894531,52.290000915527344,6370300,0.0,0.0
2023-07-10 00:00:00-04:00,52.439998626708984,52.84000015258789,52.2400016784668,52.70000076293945,6054600,0.0,0.0
2023-07-11 00:00:00-04:00,52.630001068115234,53.119998931884766,52.130001068115234,52.45000076293945,5115900,0.0,0.0
2023-07-12 00:00:00-04:00,52.59000015258789,52.97999954223633,52.36000061035156,52.459999084472656,5522100,0.0,0.0
2023-07-13 00:00:00-04:00,52.369998931884766,53.0099983215332,52.06999969482422,52.790000915527344,5174100,0.0,0.0
2023-07-14 00:00:00-04:00,52.810001373291016,53.150001525878906,52.720001220703125,53.029998779296875,3515500,0.0,0.0
2023-07-17 00:00:00-04:00,52.97999954223633,53.2400016784668,52.43000030517578,52.61000061035156,4713700,0.0,0.0
2023-07-18 00:00:00-04:00,52.279998779296875,52.86000061035156,51.90999984741211,52.810001373291016,5491700,0.0,0.0
2023-07-19 00:00:00-04:00,52.97999954223633,53.20000076293945,52.209999084472656,52.34000015258789,7254000,0.0,0.0
2023-07-20 00:00:00-04:00,52.630001068115234,53.66999816894531,52.529998779296875,53.459999084472656,7127000,0.0,0.0
2023-07-21 00:00:00-04:00,53.58000183105469,53.779998779296875,53.150001525878906,53.15999984741211,6207400,0.0,0.0
2023-07-24 00:00:00-04:00,53.150001525878906,53.25,51.88999938964844,52.16999816894531,9391500,0.0,0.0
2023-07-25 00:00:00-04:00,51.70000076293945,53.150001525878906,51.5099983215332,52.40999984741211,7327400,0.0,0.0
2023-07-26 00:00:00-04:00,52.099998474121094,52.470001220703125,51.7599983215332,52.400001525878906,8374800,0.0,0.0
2023-07-27 00:00:00-04:00,53.20000076293945,53.959999084472656,52.029998779296875,52.63999938964844,11333800,0.0,0.0
2023-07-28 00:00:00-04:00,53.04999923706055,53.11000061035156,51.15999984741211,51.689998626708984,10509400,0.0,0.0
2023-07-31 00:00:00-04:00,51.869998931884766,52.27000045776367,51.599998474121094,51.849998474121094,6513700,0.0,0.0
2023-08-01 00:00:00-04:00,51.56999969482422,51.970001220703125,51.40999984741211,51.88999938964844,4859600,0.0,0.0
2023-08-02 00:00:00-04:00,51.72999954223633,51.84000015258789,50.560001373291016,50.619998931884766,8031700,0.0,0.0
2023-08-03 00:00:00-04:00,50.540000915527344,51.2400016784668,50.459999084472656,50.880001068115234,6174900,0.0,0.0
2023-08-04 00:00:00-04:00,50.79999923706055,51.40999984741211,50.650001525878906,50.720001220703125,6327400,0.0,0.0
2023-08-07 00:00:00-04:00,50.91999816894531,51.2400016784668,50.38999938964844,50.72999954223633,8710400,0.0,0.0
2023-08-08 00:00:00-04:00,50.029998779296875,50.689998626708984,49.689998626708984,50.58000183105469,10957100,0.0,0.0
2023-08-09 00:00:00-04:00,50.66999816894531,51.43000030517578,50.65999984741211,51.060001373291016,5878400,0.0,0.0
2023-08-10 00:00:00-04:00,51.099998474121094,51.540000915527344,50.83000183105469,50.86000061035156,4508100,0.0,0.0
2023-08-11 00:00:00-04:00,50.81999969482422,51.13999938964844,50.77000045776367,51.029998779296875,4816600,0.0,0.0
2023-08-14 00:00:00-04:00,51.08000183105469,51.66999816894531,50.970001220703125,51.33000183105469,4907400,0.0,0.0
2023-08-15 00:00:00-04:00,51.279998779296875,51.880001068115234,51.16999816894531,51.68000030517578,5613600,0.0,0.0
2023-08-16 00:00:00-04:00,51.70000076293945,52.04999923706055,51.439998626708984,51.459999084472656,5995800,0.0,0.0
2023-08-17 00:00:00-04:00,51.630001068115234,51.88999938964844,50.900001525878906,50.939998626708984,7076300,0.0,0.0
2023-08-18 00:00:00-04:00,50.90999984741211,50.970001220703125,50.029998779296875,50.189998626708984,7174700,0.0,0.0
2023-08-21 00:00:00-04:00,50.2599983215332,50.56999969482422,50.04999923706055,50.41999816894531,6199800,0.0,0.0
2023-08-22 00:00:00-04:00,50.439998626708984,50.619998931884766,50.18000030517578,50.40999984741211,6010600,0.0,0.0
2023-08-23 00:00:00-04:00,50.70000076293945,50.810001373291016,50.02000045776367,50.349998474121094,7908900,0.0,0.0
2023-08-24 00:00:00-04:00,50.31999969482422,51.150001525878906,50.119998931884766,50.43000030517578,7946300,0.0,0.0
2023-08-25 00:00:00-04:00,50.56999969482422,50.81999969482422,50.09000015258789,50.7599983215332,6581700,0.0,0.0
2023-08-28 00:00:00-04:00,53.20000076293945,53.970001220703125,52.90999984741211,53.790000915527344,21042900,0.0,0.0
2023-08-29 00:00:00-04:00,53.79999923706055,54.869998931884766,53.54999923706055,54.68000030517578,12856400,0.0,0.0
2023-08-30 00:00:00-04:00,54.75,54.9900016784668,54.20000076293945,54.27000045776367,9036800,0.0,0.0
2023-08-31 00:00:00-04:00,54.560001373291016,54.7599983215332,53.939998626708984,53.939998626708984,8083200,0.0,0.0
2023-09-01 00:00:00-04:00,54.2599983215332,54.2599983215332,53.34000015258789,53.619998931884766,6879800,0.0,0.0
2023-09-05 00:00:00-04:00,53.790000915527344,53.849998474121094,52.77000045776367,53.29999923706055,6330600,0.0,0.0
2023-09-06 00:00:00-04:00,53.119998931884766,54.20000076293945,52.81999969482422,53.86000061035156,7705000,0.0,0.0
2023-09-07 00:00:00-04:00,54.459999084472656,54.7599983215332,53.779998779296875,53.88999938964844,7994200,0.0,0.0
2023-09-08 00:00:00-04:00,53.59000015258789,54.40999984741211,53.540000915527344,53.869998931884766,4419300,0.0,0.0
2023-09-11 00:00:00-04:00,54.060001373291016,54.83000183105469,53.810001373291016,54.560001373291016,6415800,0.0,0.0
2023-09-12 00:00:00-04:00,54.470001220703125,54.56999969482422,53.349998474121094,53.41999816894531,5643800,0.0,0.0
2023-09-13 00:00:00-04:00,53.380001068115234,53.619998931884766,53.04999923706055,53.20000076293945,5710200,0.0,0.0
2023-09-14 00:00:00-04:00,53.380001068115234,53.459999084472656,52.66999816894531,52.91999816894531,5574900,0.0,0.0
2023-09-15 00:00:00-04:00,52.9900016784668,53.22999954223633,52.47999954223633,52.900001525878906,14535200,0.0,0.0
2023-09-18 00:00:00-04:00,52.849998474121094,53.709999084472656,52.79999923706055,53.0,8139700,0.0,0.0
2023-09-19 00:00:00-04:00,53.0099983215332,53.209999084472656,52.58000183105469,53.029998779296875,7549100,0.0,0.0
2023-09-20 00:00:00-04:00,54.70000076293945,55.380001068115234,53.529998779296875,54.099998474121094,15133500,0.0,0.0
2023-09-21 00:00:00-04:00,54.02000045776367,54.63999938964844,53.95000076293945,53.970001220703125,10507300,0.0,0.0
2023-09-22 00:00:00-04:00,54.0,54.11000061035156,53.470001220703125,53.599998474121094,9439800,0.0,0.0
2023-09-25 00:00:00-04:00,53.45000076293945,53.83000183105469,53.41999816894531,53.79999923706055,6747200,0.0,0.0
2023-09-26 00:00:00-04:00,53.47999954223633,53.88999938964844,52.70000076293945,52.83000183105469,7656000,0.0,0.0
2023-09-27 00:00:00-04:00,52.779998779296875,53.15999984741211,51.540000915527344,52.099998474121094,8483300,0.0,0.0
2023-09-28 00:00:00-04:00,52.41999816894531,53.5,52.13999938964844,53.369998931884766,6579600,0.0,0.0
2023-09-29 00:00:00-04:00,53.459999084472656,53.459999084472656,52.70000076293945,52.79999923706055,11501700,0.0,0.0
2023-10-02 00:00:00-04:00,52.4900016784668,52.810001373291016,52.27000045776367,52.810001373291016,5259800,0.0,0.0
2023-10-03 00:00:00-04:00,52.65999984741211,52.79999923706055,51.25,51.540000915527344,8414800,0.0,0.0
2023-10-04 00:00:00-04:00,51.70000076293945,51.900001525878906,51.0,51.54999923706055,10035700,0.0,0.0
2023-10-05 00:00:00-04:00,51.66999816894531,51.939998626708984,51.279998779296875,51.68000030517578,5477100,0.0,0.0
2023-10-06 00:00:00-04:00,51.5,52.5,51.25,52.119998931884766,6319000,0.0,0.0
2023-10-09 00:00:00-04:00,51.83000183105469,52.459999084472656,51.79999923706055,52.400001525878906,5006600,0.0,0.0
2023-10-10 00:00:00-04:00,52.459999084472656,53.97999954223633,52.29999923706055,53.79999923706055,10592700,0.0,0.0
2023-10-11 00:00:00-04:00,53.560001373291016,53.779998779296875,50.25,50.90999984741211,17763600,0.0,0.0
2023-10-12 00:00:00-04:00,50.900001525878906,51.040000915527344,48.56999969482422,48.63999938964844,19234700,0.0,0.0
2023-10-13 00:00:00-04:00,48.459999084472656,49.720001220703125,48.349998474121094,49.52000045776367,11188400,0.0,0.0
2023-10-16 00:00:00-04:00,49.810001373291016,50.619998931884766,49.5099983215332,50.099998474121094,7146900,0.0,0.0
2023-10-17 00:00:00-04:00,49.72999954223633,51.040000915527344,49.4900016784668,50.459999084472656,7423900,0.0,0.0
2023-10-18 00:00:00-04:00,51.349998474121094,51.380001068115234,50.119998931884766,50.709999084472656,7164700,0.0,0.0
2023-10-19 00:00:00-04:00,50.70000076293945,51.43000030517578,50.4900016784668,50.54999923706055,8528300,0.0,0.0
2023-10-20 00:00:00-04:00,50.54999923706055,50.79999923706055,50.029998779296875,50.04999923706055,6090900,0.0,0.0
2023-10-23 00:00:00-04:00,50.029998779296875,50.63999938964844,49.9900016784668,50.130001068115234,5745300,0.0,0.0
2023-10-24 00:00:00-04:00,50.040000915527344,51.22999954223633,49.970001220703125,50.959999084472656,10162400,0.0,0.0
2023-10-25 00:00:00-04:00,50.86000061035156,51.119998931884766,49.95000076293945,49.9900016784668,9612200,0.0,0.0
2023-10-26 00:00:00-04:00,50.75,51.900001525878906,49.77000045776367,49.779998779296875,12274200,0.0,0.0
2023-10-27 00:00:00-04:00,50.27000045776367,50.84000015258789,49.150001525878906,49.52000045776367,7452100,0.0,0.0
2023-10-30 00:00:00-04:00,49.81999969482422,50.36000061035156,49.560001373291016,50.04999923706055,8448100,0.0,0.0
2023-10-31 00:00:00-04:00,50.400001525878906,51.459999084472656,50.2599983215332,51.189998626708984,10120600,0.0,0.0
2023-11-01 00:00:00-04:00,51.290000915527344,51.849998474121094,51.029998779296875,51.65999984741211,7156100,0.0,0.0
2023-11-02 00:00:00-04:00,51.959999084472656,52.65999984741211,51.79999923706055,52.52000045776367,9901300,0.0,0.0
2023-11-03 00:00:00-04:00,53.0,53.099998474121094,52.09000015258789,52.529998779296875,9440500,0.0,0.0
2023-11-06 00:00:00-05:00,52.61000061035156,52.83000183105469,52.16999816894531,52.810001373291016,6061800,0.0,0.0
2023-11-07 00:00:00-05:00,52.77000045776367,52.91999816894531,52.08000183105469,52.16999816894531,6559500,0.0,0.0
2023-11-08 00:00:00-05:00,52.439998626708984,52.52000045776367,51.72999954223633,52.11000061035156,6989900,0.0,0.0
2023-11-09 00:00:00-05:00,52.04999923706055,52.15999984741211,51.31999969482422,51.43000030517578,7135200,0.0,0.0
2023-11-10 00:00:00-05:00,51.650001525878906,51.86000061035156,50.84000015258789,51.560001373291016,7496300,0.0,0.0
2023-11-13 00:00:00-05:00,53.5,54.70000076293945,52.9900016784668,53.709999084472656,12619400,0.0,0.0
2023-11-14 00:00:00-05:00,54.11000061035156,54.369998931884766,53.66999816894531,54.02000045776367,6031400,0.0,0.0
2023-11-15 00:00:00-05:00,54.0099983215332,54.560001373291016,53.84000015258789,53.849998474121094,5759900,0.0,0.0
2023-11-16 00:00:00-05:00,53.95000076293945,54.900001525878906,53.560001373291016,54.66999816894531,10875800,0.0,0.0
2023-11-17 00:00:00-05:00,54.70000076293945,55.02000045776367,54.20000076293945,54.34000015258789,5200200,0.0,0.0
2023-11-20 00:00:00-05:00,54.060001373291016,54.58000183105469,54.04999923706055,54.459999084472656,4708700,0.0,0.0
2023-11-21 00:00:00-05:00,54.65999984741211,55.349998474121094,54.47999954223633,55.31999969482422,7228500,0.0,0.0
2023-11-22 00:00:00-05:00,55.58000183105469,55.83000183105469,55.31999969482422,55.43000030517578,5601100,0.0,0.0
2023-11-24 00:00:00-05:00,55.5,55.68000030517578,55.20000076293945,55.630001068115234,2476800,0.0,0.0
2023-11-27 00:00:00-05:00,55.33000183105469,55.81999969482422,55.2599983215332,55.689998626708984,5313700,0.0,0.0
2023-11-28 00:00:00-05:00,55.560001373291016,55.7400016784668,54.90999984741211,54.93000030517578,6450700,0.0,0.0
2023-11-29 00:00:00-05:00,55.18000030517578,55.63999938964844,55.099998474121094,55.439998626708984,4780400,0.0,0.0
2023-11-30 00:00:00-05:00,55.459999084472656,55.95000076293945,54.939998626708984,55.88999938964844,8346200,0.0,0.0
2023-12-01 00:00:00-05:00,55.91999816894531,56.220001220703125,55.56999969482422,56.13999938964844,4730400,0.0,0.0
2023-12-04 00:00:00-05:00,55.849998474121094,55.849998474121094,54.52000045776367,54.77000045776367,9420900,0.0,0.0
2023-12-05 00:00:00-05:00,54.59000015258789,55.0099983215332,53.93000030517578,54.880001068115234,5393200,0.0,0.0
2023-12-06 00:00:00-05:00,55.029998779296875,55.220001220703125,54.310001373291016,54.81999969482422,4837500,0.0,0.0
2023-12-07 00:00:00-05:00,54.97999954223633,55.130001068115234,54.66999816894531,55.029998779296875,4027700,0.0,0.0
2023-12-08 00:00:00-05:00,54.869998931884766,55.04999923706055,54.52000045776367,54.95000076293945,4300400,0.0,0.0
2023-12-11 00:00:00-05:00,54.86000061035156,55.33000183105469,54.86000061035156,55.2599983215332,3653400,0.0,0.0
2023-12-12 00:00:00-05:00,55.40999984741211,55.97999954223633,55.13999938964844,55.95000076293945,4625500,0.0,0.0
2023-12-13 00:00:00-05:00,56.040000915527344,56.54999923706055,55.939998626708984,56.47999954223633,6764400,0.0,0.0
2023-12-14 00:00:00-05:00,56.88999938964844,56.900001525878906,55.790000915527344,56.18000030517578,8267800,0.0,0.0
2023-12-15 00:00:00-05:00,55.790000915527344,56.040000915527344,55.099998474121094,55.810001373291016,10461100,0.0,0.0
2023-12-18 00:00:00-05:00,55.79999923706055,56.029998779296875,55.45000076293945,55.5099983215332,6317600,0.0,0.0
2023-12-19 00:00:00-05:00,55.400001525878906,55.869998931884766,55.20000076293945,55.81999969482422,5898200,0.0,0.0
2023-12-20 00:00:00-05:00,55.560001373291016,55.72999954223633,54.95000076293945,54.97999954223633,5844000,0.0,0.0
2023-12-21 00:00:00-05:00,55.20000076293945,55.70000076293945,54.959999084472656,55.650001525878906,5138600,0.0,0.0
2023-12-22 00:00:00-05:00,55.849998474121094,56.029998779296875,55.599998474121094,55.900001525878906,5404300,0.0,0.0
2023-12-26 00:00:00-05:00,55.81999969482422,56.18000030517578,55.689998626708984,55.9900016784668,2834200,0.0,0.0
2023-12-27 00:00:00-05:00,55.86000061035156,56.09000015258789,55.75,56.02000045776367,3186600,0.0,0.0
2023-12-28 00:00:00-05:00,55.97999954223633,56.470001220703125,55.849998474121094,56.279998779296875,3382400,0.0,0.0
2023-12-29 00:00:00-05:00,57.0,58.34000015258789,56.77000045776367,57.810001373291016,10667400,0.0,0.0
2024-01-02 00:00:00-05:00,57.459999084472656,57.9900016784668,57.11000061035156,57.84000015258789,6775400,0.0,0.0
2024-01-03 00:00:00-05:00,57.900001525878906,58.13999938964844,57.33000183105469,57.599998474121094,6594000,0.0,0.0
2024-01-04 00:00:00-05:00,57.65999984741211,58.52000045776367,57.58000183105469,58.16999816894531,6083500,0.0,0.0
2024-01-05 00:00:00-05:00,57.9900016784668,58.47999954223633,57.790000915527344,58.15999984741211,6020500,0.0,0.0
2024-01-08 00:00:00-05:00,58.400001525878906,58.56999969482422,57.77000045776367,58.41999816894531,4699300,0.0,0.0
2024-01-09 00:00:00-05:00,58.20000076293945,59.400001525878906,58.09000015258789,59.22999954223633,8180700,0.0,0.0
2024-01-10 00:00:00-05:00,59.34000015258789,59.630001068115234,59.08000183105469,59.5099983215332,4853600,0.0,0.0
2024-01-11 00:00:00-05:00,59.61000061035156,59.95000076293945,59.38999938964844,59.61000061035156,4995900,0.0,0.0
2024-01-12 00:00:00-05:00,59.939998626708984,60.63999938964844,59.86000061035156,59.939998626708984,6386200,0.0,0.0
2024-01-16 00:00:00-05:00,59.810001373291016,60.4900016784668,59.61000061035156,60.25,5780000,0.0,0.0
2024-01-17 00:00:00-05:00,60.040000915527344,61.0099983215332,60.0099983215332,60.959999084472656,9442400,0.0,0.0
2024-01-18 00:00:00-05:00,60.939998626708984,61.459999084472656,60.349998474121094,61.04999923706055,8712200,0.0,0.0
2024-01-19 00:00:00-05:00,61.08000183105469,61.15999984741211,60.61000061035156,60.939998626708984,6584100,0.0,0.0
2024-01-22 00:00:00-05:00,61.29999923706055,61.400001525878906,60.54999923706055,60.7400016784668,6417800,0.0,0.0
2024-01-23 00:00:00-05:00,60.79999923706055,60.95000076293945,60.13999938964844,60.619998931884766,5119200,0.0,0.0
2024-01-24 00:00:00-05:00,60.5099983215332,60.810001373291016,59.849998474121094,59.91999816894531,11290500,0.0,0.0
2024-01-25 00:00:00-05:00,60.27000045776367,60.86000061035156,59.970001220703125,60.83000183105469,6908100,0.0,0.0
2024-01-26 00:00:00-05:00,61.08000183105469,61.310001373291016,60.720001220703125,61.130001068115234,5748400,0.0,0.0
2024-01-29 00:00:00-05:00,60.90999984741211,61.34000015258789,60.779998779296875,61.310001373291016,5560100,0.0,0.0
2024-01-30 00:00:00-05:00,61.31999969482422,61.470001220703125,61.09000015258789,61.41999816894531,7257100,0.0,0.0
2024-01-31 00:00:00-05:00,64.0,64.48999786376953,62.63999938964844,63.2599983215332,13910800,0.0,0.0
2024-02-01 00:00:00-05:00,64.47000122070312,64.91000366210938,63.38999938964844,64.81999969482422,10527000,0.0,0.0
2024-02-02 00:00:00-05:00,65.0,65.0,64.11000061035156,64.37000274658203,10866000,0.0,0.0
2024-02-05 00:00:00-05:00,64.43000030517578,65.0,64.13999938964844,64.45999908447266,7197500,0.0,0.0
2024-02-06 00:00:00-05:00,64.68000030517578,64.83000183105469,64.08000183105469,64.79000091552734,5522100,0.0,0.0
2024-02-07 00:00:00-05:00,64.8499984741211,65.43000030517578,64.79000091552734,65.2300033569336,6807900,0.0,0.0
2024-02-08 00:00:00-05:00,65.05000305175781,65.13999938964844,64.38999938964844,65.0199966430664,6823600,0.0,0.0
2024-02-09 00:00:00-05:00,65.05999755859375,65.61000061035156,64.8499984741211,65.5,7161800,0.0,0.0
2024-02-12 00:00:00-05:00,65.38999938964844,65.44000244140625,64.55999755859375,64.98999786376953,4659200,0.0,0.0
2024-02-13 00:00:00-05:00,64.80999755859375,65.41000366210938,64.55000305175781,64.97000122070312,6911500,0.0,0.0
2024-02-14 00:00:00-05:00,65.29000091552734,66.0,65.01000213623047,65.94999694824219,5498100,0.0,0.0
2024-02-15 00:00:00-05:00,66.12000274658203,66.2300033569336,65.48999786376953,66.08999633789062,5718500,0.0,0.0
2024-02-16 00:00:00-05:00,66.3499984741211,66.86000061035156,65.76000213623047,65.81999969482422,7300300,0.0,0.0
2024-02-20 00:00:00-05:00,65.86000061035156,66.66000366210938,65.79000091552734,66.22000122070312,7580300,0.0,0.0
2024-02-21 00:00:00-05:00,66.1500015258789,66.3499984741211,65.33000183105469,65.75,6759800,0.0,0.0
2024-02-22 00:00:00-05:00,65.76000213623047,66.91000366210938,65.75,66.73999786376953,4872300,0.0,0.0
2024-02-23 00:00:00-05:00,66.88999938964844,67.31999969482422,66.6500015258789,67.0,4599900,0.0,0.0
2024-02-26 00:00:00-05:00,67.06999969482422,67.31999969482422,66.63999938964844,66.66999816894531,4368700,0.0,0.0
2024-02-27 00:00:00-05:00,66.26000213623047,66.70999908447266,66.1500015258789,66.43000030517578,4021000,0.0,0.0
2024-02-28 00:00:00-05:00,66.45999908447266,67.0,66.30000305175781,66.98999786376953,4740500,0.0,0.0
2024-02-29 00:00:00-05:00,66.83000183105469,66.83000183105469,66.0,66.20999908447266,9710700,0.0,0.0
2024-03-01 00:00:00-05:00,66.3499984741211,67.4000015258789,66.30000305175781,67.12999725341797,5664200,0.0,0.0
2024-03-04 00:00:00-05:00,67.11000061035156,67.44999694824219,66.80000305175781,67.43000030517578,7853500,0.0,0.0
2024-03-05 00:00:00-05:00,67.5999984741211,67.66999816894531,66.7699966430664,67.0199966430664,7039200,0.0,0.0
2024-03-06 00:00:00-05:00,67.0999984741211,67.44000244140625,66.83999633789062,67.41999816894531,6400900,0.0,0.0
2024-03-07 00:00:00-05:00,67.69999694824219,68.0,67.41999816894531,67.81999969482422,5283000,0.0,0.0
2024-03-08 00:00:00-05:00,67.77999877929688,68.06999969482422,67.33000183105469,67.66000366210938,6257600,0.0,0.0
2024-03-11 00:00:00-04:00,67.52999877929688,67.69000244140625,66.04000091552734,66.12000274658203,7995800,0.0,0.0
2024-03-12 00:00:00-04:00,66.05000305175781,67.68000030517578,66.04000091552734,67.48999786376953,6462500,0.0,0.0
2024-03-13 00:00:00-04:00,67.5999984741211,67.5999984741211,65.9800033569336,66.04000091552734,9236100,0.0,0.0
2024-03-14 00:00:00-04:00,65.94000244140625,66.91000366210938,65.5199966430664,66.86000061035156,7327600,0.0,0.0
2024-03-15 00:00:00-04:00,66.05999755859375,66.91000366210938,65.87000274658203,66.2300033569336,8850800,0.0,0.0
2024-03-18 00:00:00-04:00,66.19000244140625,67.43000030517578,66.16000366210938,67.23999786376953,5833700,0.0,0.0
2024-03-19 00:00:00-04:00,67.44000244140625,67.83999633789062,67.02999877929688,67.79000091552734,5417100,0.0,0.0
2024-03-20 00:00:00-04:00,67.72000122070312,67.83000183105469,67.04000091552734,67.44000244140625,3882400,0.0,0.0
2024-03-21 00:00:00-04:00,67.43000030517578,67.83999633789062,67.30999755859375,67.55999755859375,4165700,0.0,0.0
2024-03-22 00:00:00-04:00,67.20999908447266,67.86000061035156,66.91000366210938,67.62000274658203,4463400,0.0,0.0
2024-03-25 00:00:00-04:00,67.6500015258789,67.8499984741211,67.27999877929688,67.29000091552734,3321800,0.0,0.0
2024-03-26 00:00:00-04:00,67.37000274658203,68.12999725341797,67.37000274658203,67.94000244140625,5308800,0.0,0.0
2024-03-27 00:00:00-04:00,68.26000213623047,68.66000366210938,67.9000015258789,68.62000274658203,4069700,0.0,0.0
2024-03-28 00:00:00-04:00,68.72000122070312,68.91999816894531,68.33000183105469,68.48999786376953,6533500,0.0,0.0
2024-04-01 00:00:00-04:00,68.41999816894531,68.54000091552734,67.9000015258789,68.0999984741211,2970100,0.0,0.0
2024-04-02 00:00:00-04:00,67.69000244140625,67.91999816894531,67.08999633789062,67.44999694824219,4895400,0.0,0.0
2024-04-03 00:00:00-04:00,67.69999694824219,68.56999969482422,67.56999969482422,68.12999725341797,6590900,0.0,0.0
2024-04-04 00:00:00-04:00,68.69999694824219,69.19999694824219,67.69000244140625,67.75,5834100,0.0,0.0
2024-04-05 00:00:00-04:00,67.9800033569336,68.79000091552734,67.83000183105469,68.55999755859375,5342300,0.0,0.0
2024-04-08 00:00:00-04:00,68.5199966430664,68.80000305175781,68.02999877929688,68.69000244140625,4912600,0.0,0.0
2024-04-09 00:00:00-04:00,68.94000244140625,68.94000244140625,67.94999694824219,68.66000366210938,4917400,0.0,0.0
2024-04-10 00:00:00-04:00,68.0199966430664,68.80000305175781,67.94000244140625,68.6500015258789,5199800,0.0,0.0
2024-04-11 00:00:00-04:00,68.93000030517578,69.20999908447266,68.54000091552734,68.83999633789062,6439200,0.0,0.0
2024-04-12 00:00:00-04:00,68.2699966430664,68.52999877929688,67.76000213623047,68.06999969482422,4995100,0.0,0.0
2024-04-15 00:00:00-04:00,68.7300033569336,68.95999908447266,67.4000015258789,67.44000244140625,6527000,0.0,0.0
2024-04-16 00:00:00-04:00,67.70999908447266,68.66999816894531,67.37000274658203,68.12000274658203,6622900,0.0,0.0
2024-04-17 00:00:00-04:00,68.16999816894531,68.33000183105469,67.45999908447266,67.95999908447266,6177600,0.0,0.0
2024-04-18 00:00:00-04:00,68.05000305175781,68.19999694824219,67.22000122070312,67.41999816894531,5946600,0.0,0.0
2024-04-19 00:00:00-04:00,67.87000274658203,68.08000183105469,66.91000366210938,67.33000183105469,6966300,0.0,0.0
2024-04-22 00:00:00-04:00,67.62999725341797,68.61000061035156,66.80000305175781,68.0199966430664,7659800,0.0,0.0
2024-04-23 00:00:00-04:00,68.31999969482422,69.0,67.80000305175781,68.98999786376953,9075700,0.0,0.0
2024-04-24 00:00:00-04:00,73.13999938964844,74.38999938964844,72.55000305175781,72.91000366210938,15276500,0.0,0.0
2024-04-25 00:00:00-04:00,73.12999725341797,73.63999938964844,72.91000366210938,73.26000213623047,8172200,0.0,0.0
2024-04-26 00:00:00-04:00,72.87999725341797,73.61000061035156,72.63999938964844,73.16999816894531,8786200,0.0,0.0
2024-04-29 00:00:00-04:00,73.08000183105469,73.12999725341797,71.75,72.5,9463900,0.0,0.0
2024-04-30 00:00:00-04:00,72.33999633789062,72.79000091552734,71.73999786376953,71.87000274658203,8718100,0.0,0.0
2024-05-01 00:00:00-04:00,71.61000061035156,72.98999786376953,71.13999938964844,72.20999908447266,6021100,0.0,0.0
2024-05-02 00:00:00-04:00,72.47000122070312,72.55999755859375,70.97000122070312,72.02999877929688,7610500,0.0,0.0
2024-05-03 00:00:00-04:00,72.22000122070312,73.08000183105469,71.81999969482422,72.8499984741211,7452100,0.0,0.0
2024-05-06 00:00:00-04:00,73.04000091552734,73.2699966430664,72.41999816894531,72.55000305175781,4922800,0.0,0.0
2024-05-07 00:00:00-04:00,72.69999694824219,73.5,72.62000274658203,73.43000030517578,4151500,0.0,0.0
2024-05-08 00:00:00-04:00,73.51000213623047,73.66000366210938,72.61000061035156,72.72000122070312,5054000,0.0,0.0
2024-05-09 00:00:00-04:00,72.73999786376953,74.1500015258789,72.73999786376953,74.0999984741211,6134800,0.0,0.0
2024-05-10 00:00:00-04:00,74.19999694824219,74.30000305175781,73.54000091552734,73.69000244140625,3790500,0.0,0.0
2024-05-13 00:00:00-04:00,73.68000030517578,73.83000183105469,72.66000366210938,72.80999755859375,6182000,0.0,0.0
2024-05-14 00:00:00-04:00,72.5999984741211,73.63999938964844,72.30999755859375,73.48999786376953,5848500,0.0,0.0
2024-05-15 00:00:00-04:00,73.86000061035156,74.66999816894531,73.86000061035156,74.44999694824219,4492500,0.0,0.0
2024-05-16 00:00:00-04:00,74.43000030517578,74.7699966430664,74.18000030517578,74.55000305175781,5636700,0.0,0.0
2024-05-17 00:00:00-04:00,74.94000244140625,74.94000244140625,74.05999755859375,74.6500015258789,6978200,0.0,0.0
2024-05-20 00:00:00-04:00,74.80999755859375,76.06999969482422,74.80999755859375,75.36000061035156,6534100,0.0,0.0
2024-05-21 00:00:00-04:00,75.55999755859375,76.11000061035156,75.44999694824219,75.66999816894531,5801500,0.0,0.0
2024-05-22 00:00:00-04:00,75.94999694824219,76.25,75.1500015258789,75.37000274658203,6390200,0.0,0.0
2024-05-23 00:00:00-04:00,75.47000122070312,75.5199966430664,74.29000091552734,74.37999725341797,5581300,0.0,0.0
2024-05-24 00:00:00-04:00,74.54000091552734,76.12999725341797,74.54000091552734,75.62999725341797,4786600,0.0,0.0
2024-05-28 00:00:00-04:00,75.58999633789062,75.81999969482422,74.86000061035156,75.16999816894531,4252400,0.0,0.0
2024-05-29 00:00:00-04:00,74.77999877929688,75.37999725341797,74.77999877929688,74.9800033569336,6809400,0.0,0.0
2024-05-30 00:00:00-04:00,75.11000061035156,75.5,74.62000274658203,75.0,5150700,0.0,0.0
2024-05-31 00:00:00-04:00,75.18000030517578,75.68000030517578,74.43000030517578,75.56999969482422,8825200,0.0,0.0
2024-06-03 00:00:00-04:00,75.36000061035156,75.91999816894531,74.83999633789062,75.5,3217200,0.0,0.0
2024-06-04 00:00:00-04:00,75.37999725341797,76.11000061035156,75.16000366210938,75.91999816894531,3245800,0.0,0.0
2024-06-05 00:00:00-04:00,76.0,76.04000091552734,75.4800033569336,75.88999938964844,5193800,0.0,0.0
2024-06-06 00:00:00-04:00,75.75,76.30999755859375,75.3499984741211,76.12000274658203,5979000,0.0,0.0
2024-06-07 00:00:00-04:00,76.5999984741211,77.55999755859375,76.3499984741211,77.11000061035156,6918900,0.0,0.0
2024-06-10 00:00:00-04:00,76.94999694824219,77.52999877929688,76.69999694824219,77.41999816894531,3471600,0.0,0.0
2024-06-11 00:00:00-04:00,77.44000244140625,77.47000122070312,76.75,77.1500015258789,3754700,0.0,0.0
2024-06-12 00:00:00-04:00,77.19999694824219,77.63999938964844,76.68000030517578,77.41000366210938,3219700,0.0,0.0
2024-06-13 00:00:00-04:00,77.11000061035156,77.30000305175781,76.25,76.95999908447266,4054200,0.0,0.0
2024-06-14 00:00:00-04:00,76.8499984741211,77.02999877929688,76.43000030517578,76.76000213623047,3540300,0.0,0.0
2024-06-17 00:00:00-04:00,76.37999725341797,76.72000122070312,75.95999908447266,76.19000244140625,6443600,0.0,0.0
2024-06-18 00:00:00-04:00,76.12999725341797,76.48999786376953,75.37999725341797,76.30999755859375,5365900,0.0,0.0
2024-06-20 00:00:00-04:00,76.5999984741211,77.26000213623047,76.4000015258789,77.0,8725700,0.0,0.0
2024-06-21 00:00:00-04:00,77.0999984741211,77.80999755859375,76.9000015258789,77.70999908447266,9933900,0.0,0.0
2024-06-24 00:00:00-04:00,77.69999694824219,77.98999786376953,76.54000091552734,76.70999908447266,5594600,0.0,0.0
2024-06-25 00:00:00-04:00,76.9000015258789,77.5999984741211,76.63999938964844,77.51000213623047,6231800,0.0,0.0
2024-06-26 00:00:00-04:00,77.16999816894531,77.43000030517578,76.76000213623047,77.0999984741211,6013200,0.0,0.0
2024-06-27 00:00:00-04:00,77.1500015258789,77.5,76.6500015258789,77.0,4196100,0.0,0.0
2024-06-28 00:00:00-04:00,77.01000213623047,77.44000244140625,76.69999694824219,77.01000213623047,7714800,0.0,0.0
2024-07-01 00:00:00-04:00,77.30000305175781,77.94999694824219,76.23999786376953,76.41000366210938,4234500,0.0,0.0
2024-07-02 00:00:00-04:00,76.38999938964844,76.7300033569336,75.91000366210938,76.55000305175781,3321800,0.0,0.0
2024-07-03 00:00:00-04:00,76.80000305175781,77.0,75.70999908447266,76.11000061035156,2144400,0.0,0.0
2024-07-05 00:00:00-04:00,76.55999755859375,76.68000030517578,75.7699966430664,76.4000015258789,4641100,0.0,0.0
2024-07-08 00:00:00-04:00,76.37000274658203,76.43000030517578,75.98999786376953,76.11000061035156,4537500,0.0,0.0
2024-07-09 00:00:00-04:00,76.44999694824219,76.75,76.06999969482422,76.51000213623047,3954700,0.0,0.0
2024-07-10 00:00:00-04:00,76.55000305175781,77.1500015258789,76.02999877929688,77.11000061035156,3334900,0.0,0.0
2024-07-11 00:00:00-04:00,77.08000183105469,77.23999786376953,76.61000061035156,76.88999938964844,5818300,0.0,0.0
2024-07-12 00:00:00-04:00,76.87999725341797,77.87999725341797,76.66999816894531,77.69000244140625,4430800,0.0,0.0
2024-07-15 00:00:00-04:00,78.0,78.9800033569336,77.70999908447266,78.0199966430664,6481600,0.0,0.0
2024-07-16 00:00:00-04:00,78.01000213623047,78.45999908447266,77.63999938964844,78.13999938964844,4243300,0.0,0.0
2024-07-17 00:00:00-04:00,78.06999969482422,78.38999938964844,77.08000183105469,77.41000366210938,5215200,0.0,0.0
2024-07-18 00:00:00-04:00,77.19999694824219,77.6500015258789,74.1500015258789,75.55000305175781,9579800,0.0,0.0
2024-07-19 00:00:00-04:00,76.9000015258789,77.69000244140625,76.22000122070312,77.55999755859375,7913000,0.0,0.0
2024-07-22 00:00:00-04:00,77.66999816894531,78.63999938964844,77.47000122070312,78.2699966430664,6471000,0.0,0.0
2024-07-23 00:00:00-04:00,78.55999755859375,79.43000030517578,78.19000244140625,78.58999633789062,6719000,0.0,0.0
2024-07-24 00:00:00-04:00,76.5999984741211,78.08999633789062,75.41000366210938,77.76000213623047,15546900,0.0,0.0
2024-07-25 00:00:00-04:00,78.25,78.76000213623047,74.12999725341797,74.26000213623047,10960800,0.0,0.0
2024-07-26 00:00:00-04:00,74.5,75.66999816894531,74.41999816894531,74.91999816894531,7973400,0.0,0.0
2024-07-29 00:00:00-04:00,75.22000122070312,75.70999908447266,74.45999908447266,75.58999633789062,6993200,0.0,0.0
2024-07-30 00:00:00-04:00,75.30000305175781,75.48999786376953,73.43000030517578,74.02999877929688,9997500,0.0,0.0
2024-07-31 00:00:00-04:00,74.5,74.56999969482422,73.47000122070312,73.87999725341797,8446700,0.0,0.0
2024-08-01 00:00:00-04:00,74.12000274658203,75.18000030517578,73.86000061035156,75.16000366210938,5946200,0.0,0.0
2024-08-02 00:00:00-04:00,75.12000274658203,75.36000061035156,73.33999633789062,74.5,5500500,0.0,0.0
2024-08-05 00:00:00-04:00,73.45999908447266,73.58000183105469,71.87999725341797,72.95999908447266,7241500,0.0,0.0
2024-08-06 00:00:00-04:00,73.58000183105469,74.7699966430664,73.0199966430664,73.76000213623047,5107300,0.0,0.0
2024-08-07 00:00:00-04:00,73.80000305175781,74.73999786376953,73.61000061035156,73.77999877929688,4624100,0.0,0.0
2024-08-08 00:00:00-04:00,74.27999877929688,75.77999877929688,74.01000213623047,75.55000305175781,4505000,0.0,0.0
2024-08-09 00:00:00-04:00,75.52999877929688,76.33000183105469,75.0,76.19000244140625,3835000,0.0,0.0
2024-08-12 00:00:00-04:00,75.95999908447266,76.25,75.44000244140625,75.94000244140625,4043000,0.0,0.0
2024-08-13 00:00:00-04:00,76.0999984741211,76.22000122070312,75.5999984741211,75.91999816894531,4011600,0.0,0.0
2024-08-14 00:00:00-04:00,75.94000244140625,76.55000305175781,75.52999877929688,76.41999816894531,3623200,0.0,0.0
2024-08-15 00:00:00-04:00,76.75,77.81999969482422,76.5999984741211,77.58000183105469,4730200,0.0,0.0
2024-08-16 00:00:00-04:00,77.68000030517578,78.30999755859375,77.29000091552734,78.25,4414400,0.0,0.0
2024-08-19 00:00:00-04:00,78.0999984741211,78.98999786376953,77.70999908447266,78.68000030517578,4277700,0.0,0.0
2024-08-20 00:00:00-04:00,78.9000015258789,79.05000305175781,78.08000183105469,78.4800033569336,3154000,0.0,0.0
2024-08-21 00:00:00-04:00,78.52999877929688,78.94999694824219,78.30000305175781,78.80999755859375,3232600,0.0,0.0
2024-08-22 00:00:00-04:00,79.36000061035156,79.91999816894531,79.0,79.58000183105469,3874300,0.0,0.0
2024-08-23 00:00:00-04:00,79.80000305175781,79.9000015258789,78.52999877929688,79.16999816894531,4006200,0.0,0.0
2024-08-26 00:00:00-04:00,79.08999633789062,79.94000244140625,78.9000015258789,79.47000122070312,2792100,0.0,0.0
2024-08-27 00:00:00-04:00,79.5,79.98999786376953,79.44999694824219,79.83000183105469,3240500,0.0,0.0
2024-08-28 00:00:00-04:00,80.0,80.0199966430664,79.02999877929688,79.5199966430664,4196100,0.0,0.0
2024-08-29 00:00:00-04:00,79.66999816894531,80.95999908447266,79.52999877929688,80.66999816894531,5519600,0.0,0.0
2024-08-30 00:00:00-04:00,80.83000183105469,82.0999984741211,80.69999694824219,81.79000091552734,7639700,0.0,0.0
2024-09-03 00:00:00-04:00,81.69999694824219,82.08000183105469,80.79000091552734,81.13999938964844,5456500,0.0,0.0
2024-09-04 00:00:00-04:00,81.3499984741211,82.47000122070312,81.18000030517578,81.95999908447266,4711700,0.0,0.0
2024-09-05 00:00:00-04:00,81.7699966430664,81.87999725341797,80.5,81.37000274658203,4462200,0.0,0.0
2024-09-06 00:00:00-04:00,81.4000015258789,81.9800033569336,80.79000091552734,81.5999984741211,4619000,0.0,0.0
2024-09-09 00:00:00-04:00,82.30000305175781,82.80000305175781,81.79000091552734,82.6500015258789,5436400,0.0,0.0
2024-09-10 00:00:00-04:00,82.9000015258789,83.2300033569336,82.47000122070312,83.05999755859375,5088600,0.0,0.0
2024-09-11 00:00:00-04:00,82.87999725341797,83.2699966430664,81.5,82.94000244140625,4832300,0.0,0.0
2024-09-12 00:00:00-04:00,82.94999694824219,83.83999633789062,82.45999908447266,83.83000183105469,3661200,0.0,0.0
2024-09-13 00:00:00-04:00,83.80000305175781,84.12000274658203,83.16999816894531,83.30999755859375,3602500,0.0,0.0
2024-09-16 00:00:00-04:00,83.80000305175781,84.01000213623047,82.86000061035156,83.51000213623047,4908200,0.0,0.0
2024-09-17 00:00:00-04:00,83.33000183105469,83.45999908447266,81.54000091552734,82.5199966430664,7092200,0.0,0.0
2024-09-18 00:00:00-04:00,82.5,83.37999725341797,81.81999969482422,82.56999969482422,7749500,0.0,0.0
2024-09-19 00:00:00-04:00,83.41000366210938,84.88999938964844,83.33000183105469,83.70999908447266,7860700,0.0,0.0
2024-09-20 00:00:00-04:00,83.55999755859375,84.05000305175781,83.0999984741211,83.91999816894531,6968200,0.0,0.0
2024-09-23 00:00:00-04:00,84.2699966430664,84.70999908447266,83.62999725341797,84.0,5657800,0.0,0.0
2024-09-24 00:00:00-04:00,83.45999908447266,83.7300033569336,83.05000305175781,83.51000213623047,5115200,0.0,0.0
2024-09-25 00:00:00-04:00,83.95999908447266,84.06999969482422,83.08000183105469,83.5,3239800,0.0,0.0
2024-09-26 00:00:00-04:00,83.56999969482422,83.69000244140625,82.58999633789062,83.08000183105469,4066900,0.0,0.0
2024-09-27 00:00:00-04:00,83.01000213623047,83.72000122070312,82.76000213623047,83.3499984741211,4915600,0.0,0.0
2024-09-30 00:00:00-04:00,83.31999969482422,83.86000061035156,82.91999816894531,83.80000305175781,3961800,0.0,0.0
2024-10-01 00:00:00-04:00,83.86000061035156,84.25,83.41000366210938,84.13999938964844,5537700,0.0,0.0
2024-10-02 00:00:00-04:00,84.0,84.58000183105469,83.16000366210938,84.48999786376953,4518100,0.0,0.0
2024-10-03 00:00:00-04:00,84.41999816894531,84.44999694824219,83.44000244140625,83.81999969482422,4580800,0.0,0.0
2024-10-04 00:00:00-04:00,84.04000091552734,84.66000366210938,83.19999694824219,84.54000091552734,4243600,0.0,0.0
2024-10-07 00:00:00-04:00,84.37999725341797,85.26000213623047,83.7300033569336,84.41000366210938,5806300,0.0,0.0
2024-10-08 00:00:00-04:00,85.12000274658203,86.08999633789062,84.70999908447266,85.83999633789062,5347700,0.0,0.0
2024-10-09 00:00:00-04:00,84.62999725341797,86.98999786376953,84.2699966430664,86.69999694824219,7038900,0.0,0.0
2024-10-10 00:00:00-04:00,86.7699966430664,86.7699966430664,85.7699966430664,86.19999694824219,4921000,0.0,0.0
2024-10-11 00:00:00-04:00,86.52999877929688,87.27999877929688,86.19000244140625,87.0999984741211,5960500,0.0,0.0
2024-10-14 00:00:00-04:00,87.5999984741211,87.79000091552734,86.91999816894531,87.55000305175781,5361600,0.0,0.0
2024-10-15 00:00:00-04:00,87.80000305175781,88.08999633789062,86.51000213623047,86.7699966430664,6087400,0.0,0.0
2024-10-16 00:00:00-04:00,86.54000091552734,87.43000030517578,86.44000244140625,87.0,4134600,0.0,0.0
2024-10-17 00:00:00-04:00,87.30999755859375,87.44000244140625,86.41999816894531,86.41999816894531,4560100,0.0,0.0
2024-10-18 00:00:00-04:00,86.12000274658203,88.70999908447266,85.5,88.06999969482422,6349600,0.0,0.0
2024-10-21 00:00:00-04:00,88.08000183105469,88.79000091552734,87.87000274658203,88.05000305175781,5616700,0.0,0.0
2024-10-22 00:00:00-04:00,87.30999755859375,88.43000030517578,87.12000274658203,88.01000213623047,5822500,0.0,0.0
2024-10-23 00:00:00-04:00,85.27999877929688,87.58000183105469,83.2699966430664,87.44999694824219,19619300,0.0,0.0
2024-10-24 00:00:00-04:00,88.37000274658203,88.69999694824219,85.02999877929688,85.0999984741211,10848600,0.0,0.0
2024-10-25 00:00:00-04:00,85.25,85.56999969482422,83.58999633789062,84.7300033569336,6297000,0.0,0.0
2024-10-28 00:00:00-04:00,85.0,85.56999969482422,84.66000366210938,84.76000213623047,8882500,0.0,0.0
2024-10-29 00:00:00-04:00,84.75,85.12999725341797,84.37000274658203,84.55999755859375,7465600,0.0,0.0
2024-10-30 00:00:00-04:00,84.51000213623047,84.66000366210938,80.63999938964844,83.98999786376953,12004200,0.0,0.0
2024-10-31 00:00:00-04:00,83.70999908447266,85.25,83.37999725341797,84.0199966430664,7444300,0.0,0.0
2024-11-01 00:00:00-04:00,84.33000183105469,84.7699966430664,83.5,83.62000274658203,7051500,0.0,0.0
2024-11-04 00:00:00-05:00,83.6500015258789,85.23999786376953,83.55000305175781,84.72000122070312,5853100,0.0,0.0
2024-11-05 00:00:00-05:00,84.54000091552734,85.69000244140625,84.12999725341797,85.54000091552734,5400700,0.0,0.0
2024-11-06 00:00:00-05:00,88.0,88.0199966430664,85.02999877929688,86.44000244140625,6203800,0.0,0.0
2024-11-07 00:00:00-05:00,86.83000183105469,87.33999633789062,86.11000061035156,86.87999725341797,4836500,0.0,0.0
2024-11-08 00:00:00-05:00,87.56999969482422,88.94000244140625,87.18000030517578,88.25,5242200,0.0,0.0
2024-11-11 00:00:00-05:00,88.6500015258789,88.9000015258789,88.20999908447266,88.4800033569336,4067100,0.0,0.0
2024-11-12 00:00:00-05:00,88.62999725341797,89.01000213623047,88.01000213623047,88.72000122070312,4989300,0.0,0.0
2024-11-13 00:00:00-05:00,88.75,89.30000305175781,88.66000366210938,88.7699966430664,4176500,0.0,0.0
2024-11-14 00:00:00-05:00,88.6500015258789,89.08999633789062,87.4800033569336,87.58999633789062,5120200,0.0,0.0
2024-11-15 00:00:00-05:00,87.12000274658203,87.80000305175781,86.01000213623047,86.98999786376953,10230100,0.0,0.0
2024-11-18 00:00:00-05:00,88.75,91.08000183105469,88.5,90.44999694824219,9011400,0.0,0.0
2024-11-19 00:00:00-05:00,90.02999877929688,90.75,89.37000274658203,90.33000183105469,5586200,0.0,0.0
2024-11-20 00:00:00-05:00,90.80999755859375,90.80999755859375,89.47000122070312,90.16999816894531,4786800,0.0,0.0
2024-11-21 00:00:00-05:00,90.6500015258789,91.72000122070312,90.2300033569336,91.5,4195100,0.0,0.0
2024-11-22 00:00:00-05:00,91.79000091552734,91.93000030517578,89.0199966430664,90.0,5571700,0.0,0.0
2024-11-25 00:00:00-05:00,89.69000244140625,90.30000305175781,87.94999694824219,89.25,10227300,0.0,0.0
2024-11-26 00:00:00-05:00,89.77999877929688,90.38999938964844,89.0999984741211,90.20999908447266,4284200,0.0,0.0
2024-11-27 00:00:00-05:00,90.4000015258789,91.02999877929688,90.05000305175781,90.75,3788400,0.0,0.0
2024-11-29 00:00:00-05:00,90.51000213623047,91.31999969482422,89.88999938964844,90.66000366210938,3447000,0.0,0.0
2024-12-02 00:00:00-05:00,90.77999877929688,91.33999633789062,90.19999694824219,90.43000030517578,3388000,0.0,0.0
2024-12-03 00:00:00-05:00,90.0,90.79000091552734,89.62000274658203,90.47000122070312,3191900,0.0,0.0
2024-12-04 00:00:00-05:00,90.37999725341797,91.30999755859375,90.05000305175781,90.83999633789062,3507300,0.0,0.0
2024-12-05 00:00:00-05:00,90.0,91.05999755859375,89.76000213623047,90.52999877929688,4173500,0.0,0.0
2024-12-06 00:00:00-05:00,90.36000061035156,90.80000305175781,89.95999908447266,90.06999969482422,3302000,0.0,0.0
2024-12-09 00:00:00-05:00,90.12000274658203,90.66999816894531,88.51000213623047,88.72000122070312,4877300,0.0,0.0
2024-12-10 00:00:00-05:00,89.29000091552734,90.47000122070312,88.7300033569336,90.19999694824219,4612100,0.0,0.0
2024-12-11 00:00:00-05:00,90.61000061035156,90.97000122070312,90.1500015258789,90.55999755859375,3168400,0.0,0.0
2024-12-12 00:00:00-05:00,90.70999908447266,91.37000274658203,90.31999969482422,90.41999816894531,4050800,0.0,0.0
2024-12-13 00:00:00-05:00,90.54000091552734,91.02999877929688,90.05000305175781,90.11000061035156,3181500,0.0,0.0
2024-12-16 00:00:00-05:00,90.77999877929688,91.58999633789062,89.48999786376953,90.45999908447266,5664900,0.0,0.0
2024-12-17 00:00:00-05:00,90.5,90.91000366210938,89.70999908447266,90.43000030517578,4903800,0.0,0.0
2024-12-18 00:00:00-05:00,90.13999938964844,90.20999908447266,87.94999694824219,88.02999877929688,5167700,0.0,0.0
2024-12-19 00:00:00-05:00,88.04000091552734,89.23999786376953,87.72000122070312,88.66000366210938,5620600,0.0,0.0
2024-12-20 00:00:00-05:00,88.0,89.66999816894531,87.25,88.94999694824219,15909900,0.0,0.0
2024-12-23 00:00:00-05:00,89.2699966430664,89.98999786376953,88.36000061035156,89.86000061035156,3833800,0.0,0.0
2024-12-24 00:00:00-05:00,89.86000061035156,91.08999633789062,89.66000366210938,91.06999969482422,1880000,0.0,0.0
2024-12-26 00:00:00-05:00,90.68000030517578,91.55000305175781,90.58999633789062,91.44999694824219,2601600,0.0,0.0
2024-12-27 00:00:00-05:00,90.9000015258789,91.5,90.2300033569336,90.66000366210938,3177600,0.0,0.0
2024-12-30 00:00:00-05:00,89.66000366210938,90.08999633789062,89.06999969482422,89.68000030517578,3411400,0.0,0.0
2024-12-31 00:00:00-05:00,89.77999877929688,90.20999908447266,89.01000213623047,89.31999969482422,3973000,0.0,0.0
2025-01-02 00:00:00-05:00,90.0199966430664,90.16000366210938,88.80999755859375,89.37999725341797,3369000,0.0,0.0
2025-01-03 00:00:00-05:00,89.79000091552734,90.95999908447266,89.51000213623047,90.69000244140625,3439000,0.0,0.0
2025-01-06 00:00:00-05:00,90.68000030517578,91.33999633789062,90.43000030517578,91.29000091552734,4981400,0.0,0.0
2025-01-07 00:00:00-05:00,91.69999694824219,92.41999816894531,90.5199966430664,91.98999786376953,4812200,0.0,0.0
2025-01-08 00:00:00-05:00,96.68000030517578,97.12999725341797,94.75,95.94999694824219,10747700,0.0,0.0
2025-01-10 00:00:00-05:00,95.4800033569336,96.69000244140625,94.55999755859375,94.87999725341797,5944400,0.0,0.0
2025-01-13 00:00:00-05:00,93.81999969482422,95.08000183105469,93.19999694824219,94.61000061035156,4219100,0.0,0.0
2025-01-14 00:00:00-05:00,95.08000183105469,96.25,94.83000183105469,95.6500015258789,5415800,0.0,0.0
2025-01-15 00:00:00-05:00,95.7300033569336,97.36000061035156,95.37000274658203,96.88999938964844,5328800,0.0,0.0
2025-01-16 00:00:00-05:00,97.04000091552734,98.30999755859375,96.97000122070312,98.16999816894531,5020800,0.0,0.0
2025-01-17 00:00:00-05:00,97.93000030517578,99.13999938964844,97.68000030517578,98.66000366210938,7064000,0.0,0.0
2025-01-21 00:00:00-05:00,100.20999908447266,101.13999938964844,99.7699966430664,100.91000366210938,6010200,0.0,0.0
2025-01-22 00:00:00-05:00,100.91000366210938,101.6500015258789,100.13999938964844,100.30999755859375,8170900,0.0,0.0
2025-01-23 00:00:00-05:00,100.5,101.75,99.75,101.63999938964844,7223600,0.0,0.0
2025-01-24 00:00:00-05:00,101.01000213623047,102.1500015258789,100.87000274658203,101.94000244140625,4324600,0.0,0.0
2025-01-27 00:00:00-05:00,101.5999984741211,102.31999969482422,100.5,102.2699966430664,6799300,0.0,0.0
2025-01-28 00:00:00-05:00,102.27999877929688,102.93000030517578,101.63999938964844,102.31999969482422,7905000,0.0,0.0
2025-01-29 00:00:00-05:00,102.73999786376953,103.16999816894531,102.33000183105469,102.70999908447266,4556700,0.0,0.0
2025-01-30 00:00:00-05:00,103.5999984741211,104.25,102.83000183105469,103.04000091552734,6344200,0.0,0.0
2025-01-31 00:00:00-05:00,103.4000015258789,103.5999984741211,102.31999969482422,102.36000061035156,6187000,0.0,0.0
2025-02-03 00:00:00-05:00,101.41000366210938,103.86000061035156,100.69999694824219,103.06999969482422,6263400,0.0,0.0
2025-02-04 00:00:00-05:00,103.27999877929688,103.98999786376953,102.8499984741211,103.54000091552734,9761200,0.0,0.0
2025-02-05 00:00:00-05:00,102.94000244140625,107.16999816894531,102.44000244140625,104.97000122070312,10668100,0.0,0.0
2025-02-06 00:00:00-05:00,105.72000122070312,105.9000015258789,104.7300033569336,105.0199966430664,6383400,0.0,0.0
2025-02-07 00:00:00-05:00,104.75,105.91999816894531,104.29000091552734,105.25,5537900,0.0,0.0
2025-02-10 00:00:00-05:00,105.72000122070312,106.31999969482422,105.2699966430664,106.18000030517578,5849300,0.0,0.0
2025-02-11 00:00:00-05:00,105.88999938964844,106.1500015258789,105.25,105.9800033569336,4830100,0.0,0.0
2025-02-12 00:00:00-05:00,105.23999786376953,106.19999694824219,104.75,105.7699966430664,5456300,0.0,0.0
2025-02-13 00:00:00-05:00,105.9800033569336,106.2699966430664,104.94000244140625,106.13999938964844,6268600,0.0,0.0
2025-02-14 00:00:00-05:00,106.0999984741211,106.72000122070312,105.7699966430664,106.11000061035156,3966400,0.0,0.0
2025-02-18 00:00:00-05:00,103.69000244140625,105.72000122070312,102.91999816894531,105.3499984741211,6505300,0.0,0.0
2025-02-19 00:00:00-05:00,105.3499984741211,105.69999694824219,104.76000213623047,105.66999816894531,4305800,0.0,0.0
2025-02-20 00:00:00-05:00,105.43000030517578,105.4800033569336,104.3499984741211,105.36000061035156,5977500,0.0,0.0
2025-02-21 00:00:00-05:00,104.63999938964844,105.6500015258789,103.9800033569336,104.48999786376953,5513300,0.0,0.0
2025-02-24 00:00:00-05:00,104.25,104.94999694824219,103.87000274658203,104.38999938964844,5214600,0.0,0.0
2025-02-25 00:00:00-05:00,104.0,104.5,97.08000183105469,100.72000122070312,18821600,0.0,0.0
2025-02-26 00:00:00-05:00,100.43000030517578,102.81999969482422,99.8499984741211,101.55999755859375,8148700,0.0,0.0
2025-02-27 00:00:00-05:00,101.63999938964844,103.98999786376953,100.55000305175781,100.80000305175781,9010500,0.0,0.0
2025-02-28 00:00:00-05:00,101.12999725341797,104.0999984741211,101.01000213623047,103.79000091552734,8833200,0.0,0.0
2025-03-03 00:00:00-05:00,104.8499984741211,105.56999969482422,103.83000183105469,104.87000274658203,6348900,0.0,0.0
2025-03-04 00:00:00-05:00,104.62999725341797,105.13999938964844,102.52999877929688,103.61000061035156,8374400,0.0,0.0
2025-03-05 00:00:00-05:00,103.23999786376953,105.20999908447266,103.06999969482422,104.70999908447266,6716300,0.0,0.0
2025-03-06 00:00:00-05:00,103.30999755859375,103.51000213623047,100.54000091552734,100.80000305175781,9722800,0.0,0.0
2025-03-07 00:00:00-05:00,100.61000061035156,100.61000061035156,97.04000091552734,99.12999725341797,12987100,0.0,0.0
2025-03-10 00:00:00-04:00,97.7699966430664,97.7699966430664,93.29000091552734,94.12999725341797,17009300,0.0,0.0
2025-03-11 00:00:00-04:00,94.12999725341797,96.2699966430664,93.91000366210938,95.5199966430664,11910400,0.0,0.0
2025-03-12 00:00:00-04:00,98.04000091552734,98.56999969482422,96.01000213623047,96.41999816894531,8790900,0.0,0.0
2025-03-13 00:00:00-04:00,96.63999938964844,96.63999938964844,94.8499984741211,95.37000274658203,8056900,0.0,0.0
2025-03-14 00:00:00-04:00,96.06999969482422,97.38999938964844,95.55999755859375,97.16000366210938,4924600,0.0,0.0
2025-03-17 00:00:00-04:00,96.76000213623047,99.41000366210938,96.5199966430664,98.9000015258789,5703000,0.0,0.0
2025-03-18 00:00:00-04:00,98.36000061035156,99.41000366210938,97.93000030517578,99.22000122070312,5370000,0.0,0.0
2025-03-19 00:00:00-04:00,99.93000030517578,101.48999786376953,98.94000244140625,100.7300033569336,5504500,0.0,0.0
2025-03-20 00:00:00-04:00,100.41000366210938,102.01000213623047,100.0999984741211,101.51000213623047,6282300,0.0,0.0
2025-03-21 00:00:00-04:00,100.8499984741211,101.0,99.30000305175781,100.69000244140625,8617100,0.0,0.0
2025-03-24 00:00:00-04:00,101.72000122070312,102.91999816894531,101.2300033569336,102.66999816894531,5831200,0.0,0.0
2025-03-25 00:00:00-04:00,102.86000061035156,104.3499984741211,102.5999984741211,103.08000183105469,9346700,0.0,0.0
2025-03-26 00:00:00-04:00,103.12000274658203,103.4800033569336,101.0199966430664,102.33999633789062,6645800,0.0,0.0
2025-03-27 00:00:00-04:00,102.2300033569336,102.23999786376953,100.26000213623047,100.80000305175781,7610500,0.0,0.0
2025-03-28 00:00:00-04:00,99.94000244140625,100.41999816894531,98.0199966430664,99.36000061035156,7404100,0.0,0.0
2025-03-31 00:00:00-04:00,98.55999755859375,101.25,97.8499984741211,100.87999725341797,8522400,0.0,0.0
2025-04-01 00:00:00-04:00,100.4000015258789,101.27999877929688,99.45999908447266,101.23999786376953,5958000,0.0,0.0
2025-04-02 00:00:00-04:00,99.70999908447266,101.0199966430664,98.44000244140625,100.05000305175781,11755600,0.0,0.0
2025-04-03 00:00:00-04:00,96.94000244140625,99.86000061035156,96.6500015258789,98.5,10996700,0.0,0.0
2025-04-04 00:00:00-04:00,94.7300033569336,95.88999938964844,89.6500015258789,89.69999694824219,22572300,0.0,0.0
2025-04-07 00:00:00-04:00,87.04000091552734,93.88999938964844,85.9800033569336,91.54000091552734,14290000,0.0,0.0
2025-04-08 00:00:00-04:00,94.5,95.05000305175781,89.05000305175781,90.63999938964844,10816100,0.0,0.0
2025-04-09 00:00:00-04:00,90.22000122070312,97.6500015258789,86.7699966430664,96.7699966430664,23603300,0.0,0.0
2025-04-10 00:00:00-04:00,95.2300033569336,95.56999969482422,91.01000213623047,92.63999938964844,11631900,0.0,0.0
2025-04-11 00:00:00-04:00,93.05999755859375,94.4800033569336,91.88999938964844,93.66999816894531,8303600,0.0,0.0
2025-04-14 00:00:00-04:00,95.27999877929688,95.62999725341797,93.6500015258789,94.2699966430664,7876900,0.0,0.0
2025-04-15 00:00:00-04:00,94.66000366210938,95.12000274658203,93.69000244140625,94.2300033569336,6615600,0.0,0.0
2025-04-16 00:00:00-04:00,94.77999877929688,96.69000244140625,94.04000091552734,95.25,7874200,0.0,0.0
2025-04-17 00:00:00-04:00,95.5999984741211,96.05999755859375,94.66999816894531,95.12000274658203,6673000,0.0,0.0
2025-04-21 00:00:00-04:00,95.05000305175781,95.18000030517578,92.69999694824219,93.58000183105469,9990400,0.0,0.0
2025-04-22 00:00:00-04:00,93.9000015258789,95.61000061035156,93.3499984741211,95.05000305175781,8611000,0.0,0.0
2025-04-23 00:00:00-04:00,100.0,102.37000274658203,98.43000030517578,98.91999816894531,12865200,0.0,0.0
2025-04-24 00:00:00-04:00,99.02999877929688,101.68000030517578,98.93000030517578,101.13999938964844,8984500,0.0,0.0
2025-04-25 00:00:00-04:00,101.38999938964844,102.1500015258789,100.81999969482422,101.9000015258789,5413000,0.0,0.0
2025-04-28 00:00:00-04:00,102.5,102.94999694824219,101.5,102.18000030517578,7816000,0.0,0.0
2025-04-29 00:00:00-04:00,102.4000015258789,103.19999694824219,101.62000274658203,102.73999786376953,5478700,0.0,0.0
2025-04-30 00:00:00-04:00,102.33999633789062,103.12000274658203,101.45999908447266,102.87000274658203,6702600,0.0,0.0
2025-05-01 00:00:00-04:00,102.76000213623047,103.83000183105469,101.51000213623047,103.19000244140625,8206100,0.0,0.0
2025-05-02 00:00:00-04:00,105.0,105.54000091552734,104.27999877929688,104.93000030517578,7363300,0.0,0.0
2025-05-05 00:00:00-04:00,104.54000091552734,104.80999755859375,103.54000091552734,104.23999786376953,4822600,0.0,0.0
2025-05-06 00:00:00-04:00,103.31999969482422,104.47000122070312,103.0999984741211,104.12000274658203,6123100,0.0,0.0
2025-05-07 00:00:00-04:00,104.48999786376953,105.05000305175781,103.83000183105469,104.80000305175781,4392600,0.0,0.0
2025-05-08 00:00:00-04:00,105.12999725341797,105.73999786376953,103.22000122070312,103.29000091552734,5274900,0.0,0.0
2025-05-09 00:00:00-04:00,102.97000122070312,103.66000366210938,102.52999877929688,102.86000061035156,3609500,0.0,0.0
2025-05-12 00:00:00-04:00,104.55000305175781,104.55000305175781,101.81999969482422,102.87000274658203,6974200,0.0,0.0
2025-05-13 00:00:00-04:00,103.19000244140625,103.68000030517578,102.26000213623047,102.94999694824219,7066900,0.0,0.0
2025-05-14 00:00:00-04:00,102.98999786376953,103.4800033569336,102.56999969482422,102.94999694824219,5738400,0.0,0.0
2025-05-15 00:00:00-04:00,103.20999908447266,105.05999755859375,102.77999877929688,104.86000061035156,6941100,0.0,0.0
2025-05-16 00:00:00-04:00,105.44000244140625,106.23999786376953,104.72000122070312,106.04000091552734,7292800,0.0,0.0
2025-05-19 00:00:00-04:00,105.69000244140625,106.72000122070312,105.5199966430664,106.66000366210938,7933900,0.0,0.0
2025-05-20 00:00:00-04:00,106.30000305175781,106.66999816894531,105.30000305175781,106.54000091552734,7906900,0.0,0.0
2025-05-21 00:00:00-04:00,106.41999816894531,107.05999755859375,104.37000274658203,104.63999938964844,8076000,0.0,0.0
2025-05-22 00:00:00-04:00,104.19999694824219,105.0,103.56999969482422,104.5,7715900,0.0,0.0
2025-05-23 00:00:00-04:00,103.86000061035156,104.87000274658203,103.58000183105469,104.5,5205900,0.0,0.0
2025-05-27 00:00:00-04:00,105.36000061035156,106.66999816894531,105.22000122070312,106.16999816894531,6910700,0.0,0.0
2025-05-28 00:00:00-04:00,104.26000213623047,105.72000122070312,103.5,104.51000213623047,6364700,0.0,0.0
2025-05-29 00:00:00-04:00,104.5,105.0,103.87000274658203,104.5,7128900,0.0,0.0
2025-05-30 00:00:00-04:00,104.5199966430664,105.37000274658203,104.08999633789062,105.26000213623047,10524900,0.0,0.0
2025-06-02 00:00:00-04:00,104.52999877929688,105.26000213623047,102.81999969482422,104.16999816894531,5005100,0.0,0.0
2025-06-03 00:00:00-04:00,104.0,104.19999694824219,102.31999969482422,103.0999984741211,8429800,0.0,0.0
2025-06-04 00:00:00-04:00,103.16999816894531,103.48999786376953,102.4000015258789,102.43000030517578,5682000,0.0,0.0
2025-06-05 00:00:00-04:00,102.95999908447266,103.23999786376953,102.12999725341797,102.83000183105469,8242700,0.0,0.0
2025-06-06 00:00:00-04:00,103.05000305175781,105.77999877929688,100.95999908447266,102.08999633789062,9114400,0.0,0.0
2025-06-09 00:00:00-04:00,101.45999908447266,101.54000091552734,99.62000274658203,100.04000091552734,8560600,0.0,0.0
2025-06-10 00:00:00-04:00,100.23999786376953,100.45999908447266,98.98999786376953,99.33999633789062,8711400,0.0,0.0
2025-06-11 00:00:00-04:00,99.16000366210938,100.08000183105469,98.77999877929688,99.4000015258789,8453700,0.0,0.0
2025-06-12 00:00:00-04:00,99.48999786376953,99.58000183105469,98.05999755859375,98.55999755859375,9101200,0.0,0.0
2025-06-13 00:00:00-04:00,98.19000244140625,100.87999725341797,98.0,99.73999786376953,10330800,0.0,0.0
2025-06-16 00:00:00-04:00,100.68000030517578,102.4000015258789,100.33999633789062,101.48999786376953,9288200,0.0,0.0
2025-06-17 00:00:00-04:00,101.31999969482422,102.41000366210938,101.19999694824219,101.7300033569336,6858000,0.0,0.0
2025-06-18 00:00:00-04:00,101.80999755859375,102.2699966430664,100.83999633789062,101.37000274658203,5188700,0.0,0.0
2025-06-20 00:00:00-04:00,101.62000274658203,102.29000091552734,101.23999786376953,101.30000305175781,11349500,0.0,0.0
2025-06-23 00:00:00-04:00,101.44999694824219,102.4000015258789,100.9000015258789,102.36000061035156,6203300,0.0,0.0
2025-06-24 00:00:00-04:00,102.73999786376953,104.30000305175781,102.05000305175781,104.12000274658203,7160500,0.0,0.0
2025-06-25 00:00:00-04:00,104.13999938964844,105.08999633789062,104.01000213623047,104.29000091552734,5691700,0.0,0.0
2025-06-26 00:00:00-04:00,104.56999969482422,105.19999694824219,104.16000366210938,104.58000183105469,5071500,0.0,0.0
2025-06-27 00:00:00-04:00,104.7300033569336,107.05000305175781,104.62000274658203,106.52999877929688,15637200,0.0,0.0
2025-06-30 00:00:00-04:00,106.5,107.52999877929688,106.25,107.41000366210938,7006500,0.0,0.0
2025-07-01 00:00:00-04:00,107.36000061035156,107.5,103.94999694824219,104.77999877929688,8531000,0.0,0.0
2025-07-02 00:00:00-04:00,104.7300033569336,105.38999938964844,102.66999816894531,103.62999725341797,6514700,0.0,0.0
2025-07-03 00:00:00-04:00,104.47000122070312,104.5,103.4800033569336,104.31999969482422,2931100,0.0,0.0
2025-07-07 00:00:00-04:00,104.62000274658203,104.69999694824219,103.29000091552734,103.83000183105469,5892100,0.0,0.0
2025-07-08 00:00:00-04:00,103.5199966430664,104.16000366210938,101.55999755859375,102.41000366210938,7750900,0.0,0.0
2025-07-09 00:00:00-04:00,102.94999694824219,103.20999908447266,101.5999984741211,102.95999908447266,6241000,0.0,0.0
2025-07-10 00:00:00-04:00,103.11000061035156,104.41000366210938,102.45999908447266,103.86000061035156,7225100,0.0,0.0
2025-07-11 00:00:00-04:00,104.08000183105469,104.08000183105469,102.8499984741211,103.19999694824219,5890200,0.0,0.0
2025-07-14 00:00:00-04:00,102.66000366210938,105.19000244140625,102.48999786376953,104.33000183105469,9819500,0.0,0.0
2025-07-15 00:00:00-04:00,104.37999725341797,104.55000305175781,102.91000366210938,103.4800033569336,7361600,0.0,0.0
2025-07-16 00:00:00-04:00,104.19000244140625,104.29000091552734,102.58999633789062,103.19000244140625,9259100,0.0,0.0
2025-07-17 00:00:00-04:00,102.9800033569336,104.73999786376953,102.69000244140625,104.6500015258789,9489100,0.0,0.0
2025-07-18 00:00:00-04:00,105.12999725341797,105.4000015258789,102.26000213623047,103.63999938964844,8571100,0.0,0.0
2025-07-21 00:00:00-04:00,103.0199966430664,104.95999908447266,103.01000213623047,103.77999877929688,5528700,0.0,0.0
2025-07-22 00:00:00-04:00,104.2300033569336,104.55999755859375,103.16000366210938,103.16000366210938,7924300,0.0,0.0
2025-07-23 00:00:00-04:00,107.05999755859375,108.94000244140625,105.75,107.76000213623047,15115200,0.0,0.0
2025-07-24 00:00:00-04:00,108.3499984741211,108.52999877929688,104.69000244140625,106.20999908447266,10261500,0.0,0.0
2025-07-25 00:00:00-04:00,106.18000030517578,107.25,105.94000244140625,106.13999938964844,5875100,0.0,0.0
2025-07-28 00:00:00-04:00,106.33000183105469,107.37999725341797,105.55999755859375,105.83999633789062,6624800,0.0,0.0
2025-07-29 00:00:00-04:00,106.68000030517578,107.25,106.0999984741211,106.47000122070312,6352600,0.0,0.0
2025-07-30 00:00:00-04:00,106.45999908447266,107.2300033569336,105.87999725341797,106.76000213623047,7165700,0.0,0.0
2025-07-31 00:00:00-04:00,106.12999725341797,106.43000030517578,104.58000183105469,104.91999816894531,6714600,0.0,0.0
2025-08-01 00:00:00-04:00,104.75,106.41000366210938,104.05999755859375,105.41000366210938,6339000,0.0,0.0
2025-08-04 00:00:00-04:00,105.63999938964844,106.80000305175781,105.33000183105469,106.79000091552734,4623900,0.0,0.0
2025-08-05 00:00:00-04:00,106.66000366210938,106.75,104.52999877929688,104.83000183105469,4834900,0.0,0.0
2025-08-06 00:00:00-04:00,105.0,105.37999725341797,101.5999984741211,102.94999694824219,9105300,0.0,0.0
2025-08-07 00:00:00-04:00,103.3499984741211,103.76000213623047,101.95999908447266,102.95999908447266,5406400,0.0,0.0
2025-08-08 00:00:00-04:00,103.2699966430664,104.45999908447266,103.11000061035156,103.13999938964844,5076200,0.0,0.0
2025-08-11 00:00:00-04:00,102.7699966430664,103.83999633789062,102.5199966430664,102.75,4166100,0.0,0.0
2025-08-12 00:00:00-04:00,102.9000015258789,103.58000183105469,101.62000274658203,102.63999938964844,6446700,0.0,0.0
2025-08-13 00:00:00-04:00,102.80000305175781,103.06999969482422,101.62000274658203,102.5,5859200,0.0,0.0
2025-08-14 00:00:00-04:00,102.63999938964844,104.33000183105469,102.11000061035156,104.1500015258789,7246100,0.0,0.0
2025-08-15 00:00:00-04:00,104.41999816894531,104.6500015258789,102.58999633789062,103.16999816894531,5342300,0.0,0.0
2025-08-18 00:00:00-04:00,103.0,103.36000061035156,102.18000030517578,103.05000305175781,8516900,0.0,0.0
2025-08-19 00:00:00-04:00,102.31999969482422,103.79000091552734,102.05000305175781,103.75,5229700,0.0,0.0
2025-08-20 00:00:00-04:00,103.9000015258789,106.33000183105469,103.87999725341797,106.05000305175781,6062400,0.0,0.0
2025-08-21 00:00:00-04:00,105.83000183105469,105.98999786376953,104.9000015258789,105.20999908447266,5926800,0.0,0.0
2025-08-22 00:00:00-04:00,105.70999908447266,106.69000244140625,105.41999816894531,106.16999816894531,9397500,0.0,0.0
2025-08-25 00:00:00-04:00,106.16000366210938,106.19999694824219,105.0999984741211,105.11000061035156,4507500,0.0,0.0
2025-08-26 00:00:00-04:00,105.05000305175781,106.45999908447266,104.66999816894531,106.38999938964844,5613700,0.0,0.0
2025-08-27 00:00:00-04:00,106.43000030517578,107.01000213623047,105.81999969482422,105.87000274658203,5706500,0.0,0.0
2025-08-28 00:00:00-04:00,105.69999694824219,105.9000015258789,104.80000305175781,105.75,3936200,0.0,0.0
2025-08-29 00:00:00-04:00,105.63999938964844,105.72000122070312,104.88999938964844,105.5,4066900,0.0,0.0
2025-09-02 00:00:00-04:00,105.47000122070312,106.87000274658203,104.23999786376953,106.66000366210938,7768100,0.0,0.0
2025-09-03 00:00:00-04:00,107.0,107.69000244140625,105.16999816894531,107.52999877929688,7518700,0.0,0.0
2025-09-04 00:00:00-04:00,107.58999633789062,108.47000122070312,106.5999984741211,107.29000091552734,7355300,0.0,0.0
2025-09-05 00:00:00-04:00,107.11000061035156,108.25,106.72000122070312,107.22000122070312,4063400,0.0,0.0
2025-09-08 00:00:00-04:00,107.45999908447266,108.68000030517578,106.80000305175781,108.13999938964844,7455500,0.0,0.0
2025-09-09 00:00:00-04:00,107.88999938964844,109.5,107.87999725341797,108.08999633789062,5241100,0.0,0.0
2025-09-10 00:00:00-04:00,108.0,108.06999969482422,103.69000244140625,105.2300033569336,10385000,0.0,0.0
2025-09-11 00:00:00-04:00,105.41000366210938,105.72000122070312,103.5199966430664,104.33999633789062,8283200,0.0,0.0
2025-09-12 00:00:00-04:00,103.76000213623047,104.43000030517578,102.4800033569336,102.70999908447266,10541800,0.0,0.0
2025-09-15 00:00:00-04:00,102.80999755859375,103.11000061035156,99.68000030517578,99.87000274658203,12020500,0.0,0.0
2025-09-16 00:00:00-04:00,99.56999969482422,99.86000061035156,98.19999694824219,98.9800033569336,20889900,0.0,0.0
2025-09-17 00:00:00-04:00,98.9800033569336,99.33999633789062,97.47000122070312,98.5,12061900,0.0,0.0
2025-09-18 00:00:00-04:00,98.81999969482422,98.81999969482422,97.1500015258789,98.2300033569336,13867100,0.0,0.0
2025-09-19 00:00:00-04:00,98.9000015258789,98.9000015258789,96.8499984741211,97.83000183105469,16833800,0.0,0.0
2025-09-22 00:00:00-04:00,97.8499984741211,97.88999938964844,96.37999725341797,97.02999877929688,11013300,0.0,0.0
2025-09-23 00:00:00-04:00,96.16999816894531,98.30000305175781,96.0199966430664,97.69000244140625,14592800,0.0,0.0
2025-09-24 00:00:00-04:00,97.77999877929688,98.80000305175781,96.97000122070312,98.05999755859375,14130300,0.0,0.0
2025-09-25 00:00:00-04:00,98.05999755859375,98.30000305175781,96.0199966430664,98.13999938964844,9434100,0.0,0.0
2025-09-26 00:00:00-04:00,98.94999694824219,100.0,98.11000061035156,98.18000030517578,8188400,0.0,0.0
2025-09-29 00:00:00-04:00,98.11000061035156,98.4800033569336,96.80000305175781,97.04000091552734,12025300,0.0,0.0
2025-09-30 00:00:00-04:00,97.3499984741211,98.88999938964844,95.83999633789062,97.62999725341797,13273700,0.0,0.0
2025-10-01 00:00:00-04:00,97.94999694824219,99.01000213623047,90.69000244140625,95.8499984741211,22363700,0.0,0.0
2025-10-02 00:00:00-04:00,95.7300033569336,97.25,94.88999938964844,96.22000122070312,11943300,0.0,0.0
2025-10-03 00:00:00-04:00,96.16000366210938,98.4800033569336,96.0999984741211,97.31999969482422,10768100,0.0,0.0
2025-10-06 00:00:00-04:00,97.5,97.58000183105469,96.06999969482422,96.69999694824219,7797300,0.0,0.0
2025-10-07 00:00:00-04:00,96.55999755859375,96.7300033569336,95.37999725341797,95.9000015258789,8180400,0.0,0.0
2025-10-08 00:00:00-04:00,96.29000091552734,96.81999969482422,95.5,96.79000091552734,7135900,0.0,0.0
2025-10-09 00:00:00-04:00,97.18000030517578,97.66000366210938,96.68000030517578,97.27999877929688,7724300,0.0,0.0
2025-10-10 00:00:00-04:00,97.30000305175781,97.77999877929688,95.37000274658203,95.41000366210938,8056000,0.0,0.0
2025-10-13 00:00:00-04:00,95.12999725341797,95.80000305175781,94.55999755859375,94.94999694824219,7105500,0.0,0.0
2025-10-14 00:00:00-04:00,94.70999908447266,96.41000366210938,94.52999877929688,96.23999786376953,6098000,0.0,0.0
2025-10-15 00:00:00-04:00,95.93000030517578,99.61000061035156,95.58999633789062,97.70999908447266,9149300,0.0,0.0
2025-10-16 00:00:00-04:00,98.01000213623047,99.30000305175781,97.25,97.77999877929688,8221000,0.0,0.0
2025-10-17 00:00:00-04:00,97.83999633789062,99.37999725341797,97.52999877929688,99.23999786376953,6499600,0.0,0.0
2025-10-20 00:00:00-04:00,99.69999694824219,101.0199966430664,99.58999633789062,100.52999877929688,9309700,0.0,0.0
2025-10-21 00:00:00-04:00,99.83000183105469,100.33000183105469,99.29000091552734,99.9000015258789,8955900,0.0,0.0
2025-10-22 00:00:00-04:00,103.0999984741211,105.0,101.5199966430664,103.8499984741211,17749300,0.0,0.0
2025-10-23 00:00:00-04:00,104.29000091552734,105.48999786376953,102.33999633789062,102.38999938964844,11114500,0.0,0.0
2025-10-24 00:00:00-04:00,102.8499984741211,102.98999786376953,101.02999877929688,101.11000061035156,6798400,0.0,0.0
2025-10-27 00:00:00-04:00,101.38999938964844,102.56999969482422,100.55000305175781,102.43000030517578,6857600,0.0,0.0
2025-10-28 00:00:00-04:00,102.30999755859375,102.86000061035156,100.91999816894531,100.97000122070312,5612200,0.0,0.0
2025-10-29 00:00:00-04:00,100.62000274658203,100.94000244140625,99.72000122070312,100.30000305175781,6969100,0.0,0.0
2025-10-30 00:00:00-04:00,100.76000213623047,102.2699966430664,100.48999786376953,100.56999969482422,6834600,0.0,0.0
2025-10-31 00:00:00-04:00,100.41000366210938,101.1500015258789,99.94000244140625,100.72000122070312,7273900,0.0,0.0
2025-11-03 00:00:00-05:00,100.75,100.80000305175781,98.05999755859375,98.58999633789062,8031600,0.0,0.0
2025-11-04 00:00:00-05:00,98.9800033569336,99.33000183105469,98.25,98.83999633789062,6945600,0.0,0.0
2025-11-05 00:00:00-05:00,98.37999725341797,99.22000122070312,97.7300033569336,98.9000015258789,6443300,0.0,0.0
2025-11-06 00:00:00-05:00,98.41000366210938,99.11000061035156,97.44999694824219,99.05000305175781,6809700,0.0,0.0
2025-11-07 00:00:00-05:00,99.0,100.30999755859375,98.70999908447266,100.0199966430664,7046500,0.0,0.0
2025-11-10 00:00:00-05:00,99.33999633789062,101.30000305175781,98.83999633789062,100.91000366210938,8236200,0.0,0.0
2025-11-11 00:00:00-05:00,101.4000015258789,102.61000061035156,101.33000183105469,102.5,6006800,0.0,0.0
2025-11-12 00:00:00-05:00,102.5,104.62999725341797,102.30000305175781,104.12999725341797,7530700,0.0,0.0
2025-11-13 00:00:00-05:00,103.30000305175781,105.6500015258789,102.61000061035156,104.9800033569336,10338000,0.0,0.0
2025-11-14 00:00:00-05:00,104.4000015258789,104.62000274658203,102.62999725341797,102.69000244140625,9709100,0.0,0.0
2025-11-17 00:00:00-05:00,102.2699966430664,102.70999908447266,101.26000213623047,101.76000213623047,6765400,0.0,0.0
2025-11-18 00:00:00-05:00,101.5,101.9000015258789,99.13999938964844,99.22000122070312,10109400,0.0,0.0
2025-11-19 00:00:00-05:00,99.33999633789062,99.44000244140625,95.98999786376953,97.01000213623047,16170100,0.0,0.0
2025-11-20 00:00:00-05:00,97.33999633789062,98.36000061035156,96.33999633789062,96.5999984741211,7939000,0.0,0.0
2025-11-21 00:00:00-05:00,96.44999694824219,98.3499984741211,96.06999969482422,96.87999725341797,13388300,0.0,0.0
2025-11-24 00:00:00-05:00,96.29000091552734,98.29000091552734,96.12999725341797,98.04000091552734,17698500,0.0,0.0
2025-11-25 00:00:00-05:00,98.8499984741211,101.7699966430664,98.73999786376953,101.36000061035156,8827500,0.0,0.0
2025-11-26 00:00:00-05:00,100.91999816894531,101.69000244140625,100.9000015258789,100.95999908447266,5310100,0.0,0.0
2025-11-28 00:00:00-05:00,101.55000305175781,101.7300033569336,100.5,101.58000183105469,2819000,0.0,0.0
2025-12-01 00:00:00-05:00,101.62999725341797,101.91000366210938,100.87999725341797,101.01000213623047,5614200,0.0,0.0
2025-12-02 00:00:00-05:00,101.05999755859375,101.81999969482422,98.98999786376953,99.0199966430664,7977800,0.0,0.0
2025-12-03 00:00:00-05:00,99.0,99.33999633789062,97.63999938964844,98.56999969482422,9868900,0.0,0.0
2025-12-04 00:00:00-05:00,98.6500015258789,99.2699966430664,97.1500015258789,97.72000122070312,9407600,0.0,0.0
2025-12-05 00:00:00-05:00,98.05000305175781,98.69000244140625,97.0199966430664,97.5199966430664,8145400,0.0,0.0
2025-12-08 00:00:00-05:00,96.91000366210938,97.06999969482422,92.7300033569336,93.83999633789062,14721300,0.0,0.0
2025-12-09 00:00:00-05:00,94.44999694824219,94.83999633789062,92.26000213623047,92.52999877929688,12670400,0.0,0.0
2025-12-10 00:00:00-05:00,92.3499984741211,93.55000305175781,91.86000061035156,92.69999694824219,11593600,0.0,0.0
2025-12-11 00:00:00-05:00,92.95999908447266,93.88999938964844,91.44999694824219,91.75,11749700,0.0,0.0
2025-12-12 00:00:00-05:00,92.20999908447266,93.37999725341797,91.52999877929688,92.58000183105469,7775100,0.0,0.0
2025-12-15 00:00:00-05:00,92.80000305175781,93.12000274658203,91.7699966430664,92.19000244140625,11765300,0.0,0.0
2025-12-16 00:00:00-05:00,91.58999633789062,93.16999816894531,90.41999816894531,92.94999694824219,14569600,0.0,0.0
2025-12-17 00:00:00-05:00,93.7699966430664,95.98999786376953,93.58000183105469,94.4800033569336,12335900,0.0,0.0
2025-12-18 00:00:00-05:00,95.0,97.05000305175781,94.66000366210938,96.11000061035156,15706900,0.0,0.0
2025-12-19 00:00:00-05:00,96.8499984741211,97.2699966430664,95.45999908447266,95.61000061035156,16423000,0.0,0.0
2025-12-22 00:00:00-05:00,95.76000213623047,96.56999969482422,95.19999694824219,96.43000030517578,8969200,0.0,0.0
2025-12-23 00:00:00-05:00,95.80999755859375,96.25,95.69000244140625,96.08999633789062,5824700,0.0,0.0
2025-12-24 00:00:00-05:00,95.91999816894531,96.25,95.55000305175781,96.12999725341797,2079600,0.0,0.0
2025-12-26 00:00:00-05:00,96.13999938964844,96.30999755859375,95.80999755859375,96.05999755859375,3295100,0.0,0.0
2025-12-29 00:00:00-05:00,96.45999908447266,96.63999938964844,95.52999877929688,95.76000213623047,5579400,0.0,0.0
2025-12-30 00:00:00-05:00,95.55999755859375,96.16999816894531,95.5,96.01000213623047,3991700,0.0,0.0
2025-12-31 00:00:00-05:00,96.12000274658203,96.33000183105469,95.2699966430664,95.3499984741211,4219600,0.0,0.0
2026-01-02 00:00:00-05:00,95.72000122070312,95.83999633789062,94.2300033569336,94.70999908447266,6030600,0.0,0.0
2026-01-05 00:00:00-05:00,94.27999877929688,95.77999877929688,93.86000061035156,95.4800033569336,7533300,0.0,0.0
2026-01-06 00:00:00-05:00,95.8499984741211,98.08999633789062,95.0999984741211,97.79000091552734,6651100,0.0,0.0
2026-01-07 00:00:00-05:00,98.27999877929688,99.1500015258789,98.12000274658203,98.6500015258789,9701000,0.0,0.0
2026-01-08 00:00:00-05:00,98.9000015258789,100.9000015258789,98.33999633789062,98.37999725341797,9736300,0.0,0.0
2026-01-09 00:00:00-05:00,98.94999694824219,99.08999633789062,97.23999786376953,97.63999938964844,9795700,0.0,0.0
2026-01-12 00:00:00-05:00,97.9000015258789,97.9000015258789,95.33999633789062,95.72000122070312,7209600,0.0,0.0
2026-01-13 00:00:00-05:00,95.3499984741211,95.44999694824219,92.69000244140625,94.13999938964844,11108200,0.0,0.0
2026-01-14 00:00:00-05:00,93.91999816894531,93.98999786376953,92.79000091552734,93.73999786376953,7270300,0.0,0.0
2026-01-15 00:00:00-05:00,88.26000213623047,90.91000366210938,87.22000122070312,90.02999877929688,27909100,0.0,0.0
2026-01-16 00:00:00-05:00,90.0199966430664,90.0199966430664,88.04000091552734,88.06999969482422,17377000,0.0,0.0
2026-01-20 00:00:00-05:00,88.20999908447266,91.54000091552734,87.02999877929688,91.19999694824219,20605200,0.0,0.0
2026-01-21 00:00:00-05:00,91.69999694824219,92.29000091552734,90.44000244140625,91.70999908447266,14160900,0.0,0.0
2026-01-22 00:00:00-05:00,91.91999816894531,93.06999969482422,90.91999816894531,91.29000091552734,11698700,0.0,0.0
2026-01-23 00:00:00-05:00,91.5,92.5999984741211,90.88999938964844,92.51000213623047,13613100,0.0,0.0
2026-01-26 00:00:00-05:00,92.1500015258789,94.75,91.91999816894531,93.55000305175781,14662500,0.0,0.0
2026-01-27 00:00:00-05:00,93.2300033569336,93.91999816894531,92.69999694824219,93.61000061035156,9610600,0.0,0.0
2026-01-28 00:00:00-05:00,93.31999969482422,94.45999908447266,92.94000244140625,93.79000091552734,8507000,0.0,0.0
2026-01-29 00:00:00-05:00,93.05999755859375,93.31999969482422,91.44999694824219,92.33000183105469,19051100,0.0,0.0
2026-01-30 00:00:00-05:00,93.05000305175781,94.25,92.0199966430664,93.52999877929688,14303200,0.0,0.0
2026-02-02 00:00:00-05:00,93.1500015258789,94.18000030517578,91.6500015258789,91.87000274658203,15424000,0.0,0.0
2026-02-03 00:00:00-05:00,91.54000091552734,93.12999725341797,90.83000183105469,91.62000274658203,20357400,0.0,0.0
2026-02-04 00:00:00-05:00,81.37999725341797,81.77999877929688,75.0,75.5,78234500,0.0,0.0
2026-02-05 00:00:00-05:00,77.3499984741211,78.62999725341797,74.86000061035156,77.63999938964844,38316900,0.0,0.0
2026-02-06 00:00:00-05:00,77.23999786376953,79.16999816894531,75.12000274658203,76.2699966430664,34885700,0.0,0.0
2026-02-09 00:00:00-05:00,75.61000061035156,75.79000091552734,74.08000183105469,74.12000274658203,21133700,0.0,0.0
2026-02-10 00:00:00-05:00,74.6500015258789,75.41999816894531,73.91999816894531,74.25,21080700,0.0,0.0
2026-02-11 00:00:00-05:00,74.12000274658203,74.5,72.69000244140625,73.47000122070312,20102900,0.0,0.0
2026-02-12 00:00:00-05:00,73.37999725341797,75.29000091552734,73.16000366210938,74.12000274658203,16871900,0.0,0.0
2026-02-13 00:00:00-05:00,74.81999969482422,76.37000274658203,74.43000030517578,74.7300033569336,13452400,0.0,0.0
2026-02-17 00:00:00-05:00,75.02999877929688,76.81999969482422,75.0,76.29000091552734,14259300,0.0,0.0
2026-02-18 00:00:00-05:00,76.22000122070312,76.36000061035156,75.30999755859375,76.27999877929688,9344900,0.0,0.0
2026-02-19 00:00:00-05:00,76.0999984741211,76.87000274658203,75.5199966430664,75.72000122070312,10979900,0.0,0.0
2026-02-20 00:00:00-05:00,75.45999908447266,75.58000183105469,74.45999908447266,74.58000183105469,12592400,0.0,0.0
2026-02-23 00:00:00-05:00,74.2699966430664,75.31999969482422,74.26000213623047,74.37000274658203,10224400,0.0,0.0
2026-02-24 00:00:00-05:00,74.5,75.69999694824219,73.80999755859375,75.1500015258789,14189000,0.0,0.0
2026-02-25 00:00:00-05:00,74.80999755859375,74.91000366210938,73.44000244140625,73.4800033569336,15587900,0.0,0.0
2026-02-26 00:00:00-05:00,74.0,75.87000274658203,73.66000366210938,75.75,13022400,0.0,0.0
2026-02-27 00:00:00-05:00,75.2699966430664,76.87000274658203,75.2699966430664,76.8499984741211,21487600,0.0,0.0
2026-03-02 00:00:00-05:00,76.27999877929688,76.68000030517578,75.33000183105469,76.22000122070312,11111900,0.0,0.0
2026-03-03 00:00:00-05:00,75.5199966430664,76.37000274658203,72.88999938964844,73.8499984741211,16684600,0.0,0.0
2026-03-04 00:00:00-05:00,73.52999877929688,73.7699966430664,71.83000183105469,72.20999908447266,15541700,0.0,0.0
2026-03-05 00:00:00-05:00,71.80000305175781,73.12999725341797,70.75,72.98999786376953,12819200,0.0,0.0
2026-03-06 00:00:00-05:00,72.9000015258789,72.94000244140625,71.08000183105469,71.3499984741211,10031300,0.0,0.0
2026-03-09 00:00:00-04:00,70.31999969482422,72.37000274658203,69.5199966430664,71.9000015258789,11651100,0.0,0.0
2026-03-10 00:00:00-04:00,71.38999938964844,71.70999908447266,69.77999877929688,69.95999908447266,14271200,0.0,0.0
2026-03-11 00:00:00-04:00,70.13999938964844,70.4000015258789,68.19000244140625,69.62999725341797,12530700,0.0,0.0
2026-03-12 00:00:00-04:00,69.62999725341797,69.87000274658203,67.55999755859375,68.55000305175781,12436600,0.0,0.0
2026-03-13 00:00:00-04:00,68.95999908447266,69.5999984741211,68.41000366210938,69.12999725341797,11660800,0.0,0.0
2026-03-16 00:00:00-04:00,69.22000122070312,70.02999877929688,69.0199966430664,69.79000091552734,8681500,0.0,0.0
2026-03-17 00:00:00-04:00,70.12999725341797,71.91000366210938,70.0999984741211,71.19999694824219,12770000,0.0,0.0
2026-03-18 00:00:00-04:00,70.7300033569336,71.94000244140625,70.12000274658203,71.27999877929688,8988300,0.0,0.0
2026-03-19 00:00:00-04:00,71.12999725341797,71.77999877929688,69.05999755859375,69.88999938964844,13040000,0.0,0.0
2026-03-20 00:00:00-04:00,69.7699966430664,70.6500015258789,69.37999725341797,69.4800033569336,20129800,0.0,0.0
2026-03-23 00:00:00-04:00,70.04000091552734,70.54000091552734,68.8499984741211,69.54000091552734,10959400,0.0,0.0
2026-03-24 00:00:00-04:00,69.12000274658203,69.25,68.02999877929688,68.1500015258789,11772000,0.0,0.0
2026-03-25 00:00:00-04:00,69.0,70.0999984741211,68.5999984741211,69.77999877929688,9440600,0.0,0.0
2026-03-26 00:00:00-04:00,69.4000015258789,71.19999694824219,69.3499984741211,70.16999816894531,12968400,0.0,0.0
2026-03-27 00:00:00-04:00,70.02999877929688,70.12999725341797,68.8499984741211,69.16999816894531,16012500,0.0,0.0
2026-03-30 00:00:00-04:00,64.19999694824219,65.70999908447266,61.25,62.93000030517578,43461800,0.0,0.0
2026-03-31 00:00:00-04:00,63.47999954223633,63.90999984741211,61.439998626708984,62.75,29867300,0.0,0.0
2026-04-01 00:00:00-04:00,63.720001220703125,64.2300033569336,61.959999084472656,62.0,19486600,0.0,0.0
2026-04-02 00:00:00-04:00,62.04999923706055,63.20000076293945,61.79999923706055,62.81999969482422,13895600,0.0,0.0
2026-04-06 00:00:00-04:00,62.31999969482422,63.29999923706055,62.18000030517578,62.59000015258789,11189700,0.0,0.0
2026-04-07 00:00:00-04:00,62.150001525878906,62.2599983215332,60.900001525878906,61.86000061035156,18325200,0.0,0.0
2026-04-08 00:00:00-04:00,62.84000015258789,63.54999923706055,62.130001068115234,62.560001373291016,14972400,0.0,0.0
2026-04-09 00:00:00-04:00,62.150001525878906,62.36000061035156,60.59000015258789,61.279998779296875,12702100,0.0,0.0
2026-04-10 00:00:00-04:00,61.52000045776367,61.790000915527344,60.84000015258789,61.790000915527344,14774200,0.0,0.0
2026-04-13 00:00:00-04:00,61.5,63.18000030517578,61.439998626708984,63.18000030517578,12228000,0.0,0.0
2026-04-14 00:00:00-04:00,63.5,64.4800033569336,63.13999938964844,63.81999969482422,12354700,0.0,0.0
2026-04-15 00:00:00-04:00,64.04000091552734,65.1500015258789,63.70000076293945,64.61000061035156,12030700,0.0,0.0
2026-04-16 00:00:00-04:00,64.7699966430664,65.55999755859375,63.349998474121094,63.41999816894531,10656900,0.0,0.0
2026-04-17 00:00:00-04:00,64.08000183105469,64.88999938964844,63.900001525878906,64.2300033569336,12090100,0.0,0.0
2026-04-20 00:00:00-04:00,63.15999984741211,63.65999984741211,60.599998474121094,60.9900016784668,16505600,0.0,0.0
2026-04-21 00:00:00-04:00,60.7400016784668,61.68000030517578,59.38999938964844,59.52000045776367,26846600,0.0,0.0
2026-04-22 00:00:00-04:00,62.5099983215332,65.31999969482422,61.779998779296875,64.87000274658203,40404700,0.0,0.0
2026-04-23 00:00:00-04:00,65.56999969482422,66.87999725341797,64.93000030517578,65.69000244140625,31271600,0.0,0.0
2026-04-24 00:00:00-04:00,65.80000305175781,65.97000122070312,61.959999084472656,62.06999969482422,17691300,0.0,0.0
2026-04-27 00:00:00-04:00,61.209999084472656,61.72999954223633,59.93000030517578,59.95000076293945,17643100,0.0,0.0
2026-04-28 00:00:00-04:00,60.209999084472656,60.52000045776367,58.02000045776367,58.45000076293945,16900200,0.0,0.0
2026-04-29 00:00:00-04:00,57.709999084472656,57.83000183105469,56.16999816894531,57.150001525878906,20669100,0.0,0.0
2026-04-30 00:00:00-04:00,57.08000183105469,57.900001525878906,56.04999923706055,57.61000061035156,21709400,0.0,0.0
2026-05-01 00:00:00-04:00,57.93000030517578,58.16999816894531,56.5,56.5,18311900,0.0,0.0
2026-05-04 00:00:00-04:00,56.650001525878906,57.689998626708984,56.529998779296875,56.849998474121094,13975300,0.0,0.0
2026-05-05 00:00:00-04:00,57.0099983215332,57.0099983215332,55.880001068115234,55.97999954223633,12544100,0.0,0.0
2026-05-06 00:00:00-04:00,55.810001373291016,56.099998474121094,54.97999954223633,56.0,18680200,0.0,0.0
2026-05-07 00:00:00-04:00,56.84000015258789,58.18000030517578,56.400001525878906,56.56999969482422,25541300,0.0,0.0
2026-05-08 00:00:00-04:00,56.33000183105469,56.619998931884766,53.630001068115234,53.93000030517578,20841300,0.0,0.0
2026-05-11 00:00:00-04:00,53.77000045776367,54.20000076293945,53.150001525878906,53.369998931884766,21607600,0.0,0.0
2026-05-12 00:00:00-04:00,53.95000076293945,54.47999954223633,53.4900016784668,54.099998474121094,15917800,0.0,0.0
2026-05-13 00:00:00-04:00,53.27000045776367,54.290000915527344,52.810001373291016,53.060001373291016,17994200,0.0,0.0
2026-05-14 00:00:00-04:00,53.27000045776367,53.689998626708984,52.75,53.54999923706055,14595100,0.0,0.0
2026-05-15 00:00:00-04:00,54.189998626708984,54.400001525878906,52.52000045776367,52.68000030517578,14843300,0.0,0.0
2026-05-18 00:00:00-04:00,53.560001373291016,56.33000183105469,53.45000076293945,55.91999816894531,16769100,0.0,0.0
2026-05-19 00:00:00-04:00,56.470001220703125,57.59000015258789,56.2400016784668,56.810001373291016,22605200,0.0,0.0
2026-05-20 00:00:00-04:00,56.68000030517578,56.939998626708984,55.33000183105469,56.66999816894531,15398800,0.0,0.0
2026-05-21 00:00:00-04:00,56.029998779296875,57.16999816894531,55.81999969482422,57.150001525878906,12841400,0.0,0.0
2026-05-22 00:00:00-04:00,57.599998474121094,58.5099983215332,57.38999938964844,57.779998779296875,11738100,0.0,0.0
2026-05-26 00:00:00-04:00,57.75,58.13999938964844,57.2599983215332,57.63999938964844,15258000,0.0,0.0
2026-05-27 00:00:00-04:00,53.130001068115234,53.20000076293945,50.040000915527344,50.459999084472656,52740500,0.0,0.0
2026-05-28 00:00:00-04:00,50.13999938964844,50.439998626708984,48.40999984741211,49.11000061035156,44935200,0.0,0.0
2026-05-29 00:00:00-04:00,48.720001220703125,49.29999923706055,48.130001068115234,48.310001373291016,37280100,0.0,0.0
2026-06-01 00:00:00-04:00,48.310001373291016,48.65999984741211,47.349998474121094,47.97999954223633,29188500,0.0,0.0
2026-06-02 00:00:00-04:00,48.0,48.43000030517578,47.369998931884766,47.68000030517578,21665400,0.0,0.0
2026-06-03 00:00:00-04:00,47.810001373291016,48.59000015258789,47.16999816894531,47.689998626708984,24677000,0.0,0.0
2026-06-04 00:00:00-04:00,48.560001373291016,49.470001220703125,48.27000045776367,48.849998474121094,22783700,0.0,0.0
2026-06-05 00:00:00-04:00,49.45000076293945,50.13999938964844,48.279998779296875,48.54999923706055,20257900,0.0,0.0
2026-06-08 00:00:00-04:00,48.04999923706055,49.06999969482422,47.880001068115234,48.70000076293945,15381600,0.0,0.0
2026-06-09 00:00:00-04:00,48.7599983215332,49.86000061035156,48.65999984741211,48.959999084472656,18210800,0.0,0.0
2026-06-10 00:00:00-04:00,48.880001068115234,48.91999816894531,47.810001373291016,48.34000015258789,22676600,0.0,0.0
2026-06-11 00:00:00-04:00,48.2599983215332,48.650001525878906,46.90999984741211,47.16999816894531,18903200,0.0,0.0
2026-06-12 00:00:00-04:00,47.599998474121094,47.79999923706055,45.9900016784668,46.90999984741211,16762400,0.0,0.0
2026-06-15 00:00:00-04:00,47.15999984741211,47.72999954223633,46.189998626708984,46.7599983215332,16285200,0.0,0.0
2026-06-16 00:00:00-04:00,47.25,47.25,46.20000076293945,46.91999816894531,11144100,0.0,0.0
2026-06-17 00:00:00-04:00,46.599998474121094,46.70000076293945,44.790000915527344,44.95000076293945,20824300,0.0,0.0
2026-06-18 00:00:00-04:00,45.060001373291016,45.47999954223633,44.439998626708984,45.290000915527344,30855000,0.0,0.0
2026-06-22 00:00:00-04:00,44.95000076293945,45.220001220703125,44.04999923706055,44.33000183105469,16784700,0.0,0.0
2026-06-23 00:00:00-04:00,44.630001068115234,45.689998626708984,44.400001525878906,45.599998474121094,18696100,0.0,0.0
2026-06-24 00:00:00-04:00,45.47999954223633,45.83000183105469,44.119998931884766,44.459999084472656,20964000,0.0,0.0
2026-06-25 00:00:00-04:00,44.209999084472656,45.279998779296875,43.88999938964844,44.20000076293945,19819900,0.0,0.0
2026-06-26 00:00:00-04:00,,,,,29911411,0.0,0.0
