Date,Open,High,Low,Close,Volume,Dividends,Stock Splits,Capital Gains
2014-11-11 00:00:00-05:00,18.116739920179203,18.23978614807129,18.116739920179203,18.23978614807129,8000,0.0,0.0,0.0
2014-11-12 00:00:00-05:00,18.68131405676855,18.68131405676855,18.138462997780167,18.189128875732422,6900,0.0,0.0,0.0
2014-11-13 00:00:00-05:00,18.16741371154785,18.18189006951959,18.16741371154785,18.16741371154785,3700,0.0,0.0,0.0
2014-11-14 00:00:00-05:00,18.152942911216435,18.171037673950195,18.152942911216435,18.171037673950195,2500,0.0,0.0,0.0
2014-11-17 00:00:00-05:00,18.123975327093476,18.123975327093476,18.073308104080276,18.109498977661133,1600,0.0,0.0,0.0
2014-11-18 00:00:00-05:00,18.138460368627605,18.14569854736328,18.11529902499831,18.14569854736328,4800,0.0,0.0,0.0
2014-11-19 00:00:00-05:00,18.073320388793945,18.073320388793945,18.073320388793945,18.073320388793945,1500,0.0,0.0,0.0
2014-11-20 00:00:00-05:00,18.11674033212012,18.13845347953893,18.07475946361436,18.087787628173828,2400,0.0,0.0,0.0
2014-11-21 00:00:00-05:00,18.160175323486328,18.160175323486328,18.160175323486328,18.160175323486328,400,0.0,0.0,0.0
2014-11-24 00:00:00-05:00,18.297687378659592,18.637873307075655,18.10226080294496,18.109498977661133,216400,0.0,0.0,0.0
2014-11-25 00:00:00-05:00,18.181893166432857,18.406271231047114,18.116750925005864,18.12398910522461,100200,0.0,0.0,0.0
2014-11-26 00:00:00-05:00,18.355595372382925,18.355595372382925,18.131216049194336,18.131216049194336,62700,0.0,0.0,0.0
2014-11-28 00:00:00-05:00,18.13122316070454,18.152937698074236,18.095033645629883,18.095033645629883,30600,0.0,0.0,0.0
2014-12-01 00:00:00-05:00,18.189119330904035,18.189119330904035,18.087787628173828,18.087787628173828,12600,0.0,0.0,0.0
2014-12-02 00:00:00-05:00,18.16017587719747,18.167414056320702,18.02265323493906,18.095033645629883,18500,0.0,0.0,0.0
2014-12-03 00:00:00-05:00,18.116744574357085,18.116744574357085,18.09503004131267,18.10226821899414,18800,0.0,0.0,0.0
2014-12-04 00:00:00-05:00,18.080546152404043,18.080546152404043,17.950261769505044,18.022642135620117,14100,0.0,0.0,0.0
2014-12-05 00:00:00-05:00,18.000932056990695,18.000932056990695,17.950264825705116,17.979217529296875,17900,0.0,0.0,0.0
2014-12-08 00:00:00-05:00,17.993692919273357,17.993692919273357,17.899598018170696,17.928550720214844,37200,0.0,0.0,0.0
2014-12-09 00:00:00-05:00,17.9140776481149,18.015409362735138,17.9140776481149,17.993696212768555,14600,0.0,0.0,0.0
2014-12-10 00:00:00-05:00,18.000935242883497,18.000935242883497,17.91407849727678,17.95750617980957,13800,0.0,0.0,0.0
2014-12-11 00:00:00-05:00,17.950264926346136,17.950264926346136,17.89236089937886,17.899599075317383,18300,0.0,0.0,0.0
2014-12-12 00:00:00-05:00,17.87065613224797,17.906845648370144,17.841703414916992,17.841703414916992,29100,0.0,0.0,0.0
2014-12-15 00:00:00-05:00,17.84893704106224,17.877889751007505,17.772214844681436,17.79827117919922,15300,0.0,0.0,0.0
2014-12-16 00:00:00-05:00,17.798274156438776,17.863416384171213,17.76208464349472,17.76932144165039,31400,0.0,0.0,0.0
2014-12-17 00:00:00-05:00,17.805509881900146,17.863413922957495,17.762082196242442,17.834461212158203,18200,0.0,0.0,0.0
2014-12-18 00:00:00-05:00,17.762082422780715,17.762082422780715,17.66074931423202,17.740367889404297,16900,0.0,0.0,0.0
2014-12-19 00:00:00-05:00,17.769328565538707,17.769328565538707,17.733139038085938,17.733139038085938,7500,0.0,0.0,0.0
2014-12-22 00:00:00-05:00,17.906837251255904,17.906837251255904,17.870647752104194,17.899599075317383,8500,0.0,0.0,0.0
2014-12-23 00:00:00-05:00,17.870653801778296,17.870653801778296,17.827224731445312,17.827224731445312,16500,0.0,0.0,0.0
2014-12-24 00:00:00-05:00,17.87789313027585,17.92132082286123,17.87789313027585,17.885129928588867,1700,0.0,0.0,0.0
2014-12-26 00:00:00-05:00,17.964744356988557,17.964744356988557,17.819984955032215,17.95750617980957,6800,0.0,0.0,0.0
2014-12-29 00:00:00-05:00,18.050397685120927,18.050397685120927,18.00684928894043,18.00684928894043,8000,0.068,0.0,0.0
2014-12-30 00:00:00-05:00,17.96332222861693,18.03590158519573,17.876226723855154,17.934289932250977,9200,0.0,0.0,0.0
2014-12-31 00:00:00-05:00,17.97058030270842,18.021385437012754,17.919775168404083,17.934289932250977,9200,0.0,0.0,0.0
2015-01-02 00:00:00-05:00,17.977835575824997,17.998157626380525,17.861709177126027,17.886384963989258,6900,0.0,0.0,0.0
2015-01-05 00:00:00-05:00,17.85444129651279,17.88347218807259,17.818150951644153,17.847183227539062,4500,0.0,0.0,0.0
2015-01-06 00:00:00-05:00,17.854449839333522,17.890738817230243,17.774612426757812,17.774612426757812,8800,0.0,0.0,0.0
2015-01-07 00:00:00-05:00,17.832666329053772,17.8624239952764,17.745572273753695,17.826860427856445,6700,0.0,0.0,0.0
2015-01-08 00:00:00-05:00,17.781855931912556,17.85443521258321,17.781855931912556,17.789113998413086,6100,0.0,0.0,0.0
2015-01-09 00:00:00-05:00,17.847191766887025,17.847191766887025,17.74630691325151,17.774612426757812,3200,0.0,0.0,0.0
2015-01-12 00:00:00-05:00,17.76008779744642,17.818150964944476,17.73105690586495,17.745573043823242,5700,0.0,0.0,0.0
2015-01-13 00:00:00-05:00,17.83267118375361,17.83267118375361,17.760091861688124,17.7818660736084,3100,0.0,0.0,0.0
2015-01-14 00:00:00-05:00,17.789113998413086,17.789113998413086,17.789113998413086,17.789113998413086,6600,0.0,0.0,0.0
2015-01-15 00:00:00-05:00,17.810898356168764,17.810898356168764,17.777510954357258,17.7818660736084,2200,0.0,0.0,0.0
2015-01-16 00:00:00-05:00,17.745570987993254,17.745570987993254,17.672991690945246,17.711458206176758,6000,0.0,0.0,0.0
2015-01-20 00:00:00-05:00,17.738317380420344,17.883474626683373,17.738317380420344,17.818153381347656,10900,0.0,0.0,0.0
2015-01-21 00:00:00-05:00,17.818146001606827,17.818146001606827,17.752824783325195,17.752824783325195,6300,0.0,0.0,0.0
2015-01-22 00:00:00-05:00,17.79638002199838,17.883474090276795,17.79638002199838,17.853717803955078,3700,0.0,0.0,0.0
2015-01-23 00:00:00-05:00,17.818158176943893,17.818158176943893,17.752836914027547,17.767353057861328,3300,0.0,0.0,0.0
2015-01-26 00:00:00-05:00,17.7528327730921,17.82541209099585,17.622191662067756,17.709285736083984,4800,0.0,0.0,0.0
2015-01-27 00:00:00-05:00,17.81816063804433,17.81816063804433,17.73106653168327,17.754291534423828,1800,0.0,0.0,0.0
2015-01-28 00:00:00-05:00,17.774606290654102,17.774606290654102,17.687512220034055,17.69476890563965,1800,0.0,0.0,0.0
2015-01-29 00:00:00-05:00,17.738315243573,17.738315243573,17.636703660660697,17.680252075195312,2000,0.0,0.0,0.0
2015-01-30 00:00:00-05:00,17.636703415106656,17.641058533366508,17.60041445450152,17.63743019104004,6300,0.0,0.0,0.0
2015-02-02 00:00:00-05:00,17.67669622333904,17.785766472151305,17.67015281281431,17.721052169799805,4700,0.045,0.0,0.0
2015-02-03 00:00:00-05:00,17.829398647663766,17.829398647663766,17.742141601954003,17.814855575561523,1000,0.0,0.0,0.0
2015-02-04 00:00:00-05:00,17.894843199361755,17.902114736271955,17.76395830878589,17.767593383789062,7500,0.0,0.0,0.0
2015-02-05 00:00:00-05:00,17.77123025280191,17.77123025280191,17.75668717864836,17.769775390625,1700,0.0,0.0,0.0
2015-02-06 00:00:00-05:00,17.73487097060833,17.73487097060833,17.66942852971353,17.72032928466797,3600,0.0,0.0,0.0
2015-02-09 00:00:00-05:00,17.691243665317817,17.713058275233017,17.676700592041016,17.676700592041016,3400,0.0,0.0,0.0
2015-02-10 00:00:00-05:00,17.69124984741211,17.69124984741211,17.662165077598825,17.69124984741211,2300,0.0,0.0,0.0
2015-02-11 00:00:00-05:00,17.713061829246534,17.73778339449276,17.69124721495437,17.698518753051758,1700,0.0,0.0,0.0
2015-02-12 00:00:00-05:00,17.77850575469915,17.807590522588622,17.727604983810235,17.80686378479004,46800,0.0,0.0,0.0
2015-02-13 00:00:00-05:00,17.74214290738358,17.763957517142018,17.705786611356647,17.749414443969727,2800,0.0,0.0,0.0
2015-02-17 00:00:00-05:00,17.683973507127348,17.720331193153395,17.596717834472656,17.596717834472656,30100,0.0,0.0,0.0
2015-02-18 00:00:00-05:00,17.633068342854983,17.633068342854983,17.596712055672334,17.61125373840332,1200,0.0,0.0,0.0
2015-02-19 00:00:00-05:00,17.669419611232474,17.669419611232474,17.60397720336914,17.60397720336914,500,0.0,0.0,0.0
2015-02-20 00:00:00-05:00,17.603989918267157,17.622896194458008,17.603989918267157,17.622896194458008,1400,0.0,0.0,0.0
2015-02-23 00:00:00-05:00,17.611249982332797,17.66942086156061,17.451280411182097,17.623611450195312,41200,0.0,0.0,0.0
2015-02-24 00:00:00-05:00,17.58945329708117,17.694887161254883,17.58945329708117,17.694887161254883,14300,0.0,0.0,0.0
2015-02-25 00:00:00-05:00,17.72031911231194,17.72758925765681,17.64760517673654,17.654876708984375,2100,0.0,0.0,0.0
2015-02-26 00:00:00-05:00,17.589448102545607,17.633075943350658,17.571996688842773,17.571996688842773,2500,0.0,0.0,0.0
2015-02-27 00:00:00-05:00,17.545814514160156,17.611256952555298,17.53854436491955,17.545814514160156,3000,0.0,0.0,0.0
2015-03-02 00:00:00-05:00,17.585152905811974,17.601908131101236,17.54144537434798,17.556015014648438,14200,0.044,0.0,0.0
2015-03-03 00:00:00-05:00,17.548720699581867,17.59242820739746,17.519581434747053,17.59242820739746,5500,0.0,0.0,0.0
2015-03-04 00:00:00-05:00,17.592431400267504,17.636138916015625,17.57057833711188,17.636138916015625,98500,0.0,0.0,0.0
2015-03-05 00:00:00-05:00,17.61793238148954,17.623031616210938,17.613562601326375,17.623031616210938,1100,0.0,0.0,0.0
2015-03-06 00:00:00-05:00,17.53416502090502,17.558933137837826,17.519595376893047,17.548734664916992,5400,0.0,0.0,0.0
2015-03-09 00:00:00-04:00,17.57786994751483,17.658001588217534,17.57786994751483,17.614294052124023,108900,0.0,0.0,0.0
2015-03-10 00:00:00-04:00,17.628852288440978,17.64342053142176,17.59242820739746,17.59242820739746,12900,0.0,0.0,0.0
2015-03-11 00:00:00-04:00,17.62813687165984,17.77455859834749,17.58515739440918,17.58515739440918,1600,0.0,0.0,0.0
2015-03-12 00:00:00-04:00,17.483164993758052,17.701704000405183,17.403033376250118,17.665281295776367,4600,0.0,0.0,0.0
2015-03-13 00:00:00-04:00,17.738134447787743,17.738134447787743,17.665287623001245,17.716279983520508,2200,0.0,0.0,0.0
2015-03-16 00:00:00-04:00,17.792027666002888,17.840106341270744,17.792027666002888,17.80732536315918,1000,0.0,0.0,0.0
2015-03-17 00:00:00-04:00,17.847395107130936,17.847395107130936,17.817527770996094,17.817527770996094,2800,0.0,0.0,0.0
2015-03-18 00:00:00-04:00,17.723562069321886,17.9566707611084,17.723562069321886,17.9566707611084,3400,0.0,0.0,0.0
2015-03-19 00:00:00-04:00,17.840108269197234,17.840108269197234,17.825538635253906,17.825538635253906,1500,0.0,0.0,0.0
2015-03-20 00:00:00-04:00,17.89839797210797,17.93482208251953,17.89839797210797,17.93482208251953,1200,0.0,0.0,0.0
2015-03-23 00:00:00-04:00,17.891830052865025,17.92023986644878,17.825538635253906,17.825538635253906,23700,0.0,0.0,0.0
2015-03-24 00:00:00-04:00,17.87653923034668,17.87653923034668,17.86925441057288,17.87653923034668,700,0.0,0.0,0.0
2015-03-25 00:00:00-04:00,17.796415027860146,17.847407398116133,17.781845382233328,17.83429527282715,2600,0.0,0.0,0.0
2015-03-26 00:00:00-04:00,17.781836210657584,17.840113373668586,17.774551391601562,17.774551391601562,3200,0.0,0.0,0.0
2015-03-27 00:00:00-04:00,17.781835556030273,17.789120374818108,17.767265918454605,17.781835556030273,3700,0.0,0.0,0.0
2015-03-30 00:00:00-04:00,17.78183005348332,17.786929286113143,17.76216118778636,17.765804290771484,2600,0.0,0.0,0.0
2015-03-31 00:00:00-04:00,17.75269889831543,17.75269889831543,17.75269889831543,17.75269889831543,1800,0.0,0.0,0.0
2015-04-01 00:00:00-04:00,17.77535023959092,17.785580191751066,17.74904504652954,17.770965576171875,4900,0.075,0.0,0.0
2015-04-02 00:00:00-04:00,17.8075156650589,17.8075156650589,17.719829298588664,17.727136611938477,5500,0.0,0.0,0.0
2015-04-06 00:00:00-04:00,17.814818758628057,17.90250511118817,17.814818758628057,17.83747100830078,11100,0.0,0.0,0.0
2015-04-07 00:00:00-04:00,17.778274421452426,17.9682602592328,17.734431964649747,17.74173927307129,10800,0.0,0.0,0.0
2015-04-08 00:00:00-04:00,17.770971813702023,17.770971813702023,17.74174396601125,17.756357192993164,1100,0.0,0.0,0.0
2015-04-09 00:00:00-04:00,17.719816718985587,17.719816718985587,17.705202102661133,17.705202102661133,1000,0.0,0.0,0.0
2015-04-10 00:00:00-04:00,17.7709698313801,17.7709698313801,17.749049296488955,17.759279251098633,2300,0.0,0.0,0.0
2015-04-13 00:00:00-04:00,17.756350937987623,17.77096555354821,17.741737716153487,17.751235961914062,3500,0.0,0.0,0.0
2015-04-14 00:00:00-04:00,17.756357192993164,17.783394101931854,17.749051276365677,17.756357192993164,2800,0.0,0.0,0.0
2015-04-15 00:00:00-04:00,17.77827288396147,17.79288749954066,17.76365826838228,17.770965576171875,15800,0.0,0.0,0.0
2015-04-16 00:00:00-04:00,17.895198562131554,17.914197853382834,17.8513560808455,17.90250587463379,1700,0.0,0.0,0.0
2015-04-17 00:00:00-04:00,17.829418182373047,17.902489848254,17.822110876412342,17.829418182373047,3000,0.0,0.0,0.0
2015-04-20 00:00:00-04:00,17.939031373006667,17.997488447784683,17.851346457702945,17.8659610748291,132700,0.0,0.0,0.0
2015-04-21 00:00:00-04:00,18.034027722163415,18.05594825744629,17.99603054811605,18.05594825744629,19600,0.0,0.0,0.0
2015-04-22 00:00:00-04:00,18.107104673299347,18.202096939086914,18.086644757784264,18.202096939086914,35400,0.0,0.0,0.0
2015-04-23 00:00:00-04:00,18.18747937854047,18.2495908218436,18.165558840443943,18.2313232421875,27500,0.0,0.0,0.0
2015-04-24 00:00:00-04:00,18.20208879787795,18.222548704241973,18.150939031967887,18.216703414916992,20800,0.0,0.0,0.0
2015-04-27 00:00:00-04:00,18.158247141309438,18.202089600633535,18.147285481183424,18.167015075683594,36200,0.0,0.0,0.0
2015-04-28 00:00:00-04:00,18.194787306903937,18.267859021736292,18.194787306903937,18.253244400024414,37200,0.0,0.0,0.0
2015-04-29 00:00:00-04:00,18.28245732297684,18.28245732297684,18.17285054543613,18.187463760375977,56800,0.0,0.0,0.0
2015-04-30 00:00:00-04:00,18.202085749678623,18.202085749678623,18.129014070446893,18.194778442382812,13800,0.0,0.0,0.0
2015-05-01 00:00:00-04:00,18.20357033628161,18.20357033628161,18.159618445671747,18.166942596435547,9500,0.062,0.0,0.0
2015-05-04 00:00:00-04:00,18.210901260375977,18.23287651356562,18.181599059848686,18.210901260375977,44400,0.0,0.0,0.0
2015-05-05 00:00:00-04:00,18.254851032049782,18.254851032049782,18.210899133597636,18.217491149902344,31600,0.0,0.0,0.0
2015-05-06 00:00:00-04:00,18.24020633902028,18.262182994566857,18.229218709850066,18.24753189086914,20100,0.0,0.0,0.0
2015-05-07 00:00:00-04:00,18.22554980964526,18.22554980964526,18.19624900817871,18.19624900817871,32700,0.0,0.0,0.0
2015-05-08 00:00:00-04:00,18.21823126520498,18.237276582439996,18.203580161358868,18.225555419921875,20700,0.0,0.0,0.0
2015-05-11 00:00:00-04:00,18.240208631416063,18.276836395263672,18.225557525877022,18.276836395263672,32300,0.0,0.0,0.0
2015-05-12 00:00:00-04:00,18.284149169921875,18.298800266341395,18.276825018917574,18.284149169921875,31700,0.0,0.0,0.0
2015-05-13 00:00:00-04:00,18.32810153355757,18.32810153355757,18.313450437877975,18.320775985717773,20300,0.0,0.0,0.0
2015-05-14 00:00:00-04:00,18.379379725066265,18.379379725066265,18.30612564086914,18.30612564086914,32800,0.0,0.0,0.0
2015-05-15 00:00:00-04:00,18.394038880903757,18.394038880903757,18.33543586730957,18.33543586730957,20900,0.0,0.0,0.0
2015-05-18 00:00:00-04:00,18.394028459511585,18.394028459511585,18.375713892909854,18.379377365112305,21900,0.0,0.0,0.0
2015-05-19 00:00:00-04:00,18.350085572803575,18.357411124153604,18.313459213259478,18.33543586730957,19000,0.0,0.0,0.0
2015-05-20 00:00:00-04:00,18.401356494939968,18.401356494939968,18.371322166521786,18.38670539855957,15100,0.0,0.0,0.0
2015-05-21 00:00:00-04:00,18.40135502721975,18.423330272832118,18.372784972395127,18.419668197631836,44600,0.0,0.0,0.0
2015-05-22 00:00:00-04:00,18.41600741818395,18.41600741818395,18.39403216935816,18.408681869506836,17000,0.0,0.0,0.0
2015-05-26 00:00:00-04:00,18.42333232113413,18.42333232113413,18.379380427817495,18.394031524658203,9800,0.0,0.0,0.0
2015-05-27 00:00:00-04:00,18.38670597623785,18.40648481725226,18.372054879397137,18.394031524658203,14000,0.0,0.0,0.0
2015-05-28 00:00:00-04:00,18.320775985717773,18.342752629237165,18.313450437877975,18.320775985717773,33600,0.0,0.0,0.0
2015-05-29 00:00:00-04:00,18.320775985717773,18.320775985717773,18.313450437877975,18.320775985717773,6400,0.0,0.0,0.0
2015-06-01 00:00:00-04:00,18.346453394262483,18.346453394262483,18.287744799389774,18.30976104736328,27700,0.045,0.0,0.0
2015-06-02 00:00:00-04:00,18.309768180070005,18.34646054126299,18.2877519235199,18.314905166625977,19500,0.0,0.0,0.0
2015-06-03 00:00:00-04:00,18.33178947851842,18.333991244919496,18.295097104432074,18.31711196899414,13100,0.0,0.0,0.0
2015-06-04 00:00:00-04:00,18.331784448461136,18.331784448461136,18.31490657689125,18.320043563842773,2600,0.0,0.0,0.0
2015-06-05 00:00:00-04:00,18.302419715652942,18.353789553953103,18.302419715652942,18.346450805664062,12400,0.0,0.0,0.0
2015-06-08 00:00:00-04:00,18.35380889913844,18.412517547607422,18.314179896552698,18.412517547607422,69400,0.0,0.0,0.0
2015-06-09 00:00:00-04:00,18.40517280756931,18.427189068483823,18.346464178188075,18.39049530029297,32300,0.0,0.0,0.0
2015-06-10 00:00:00-04:00,18.346464880724362,18.405173512353713,18.346464880724362,18.353803634643555,5100,0.0,0.0,0.0
2015-06-11 00:00:00-04:00,18.380957166483263,18.419851303100586,18.36334443675153,18.419851303100586,15200,0.0,0.0,0.0
2015-06-12 00:00:00-04:00,18.397831810548638,18.412509316035244,18.351598928017395,18.354534149169922,13000,0.0,0.0,0.0
2015-06-15 00:00:00-04:00,18.397833329452272,18.41984958949982,18.346463455732074,18.383155822753906,10900,0.0,0.0,0.0
2015-06-16 00:00:00-04:00,18.375821544187247,18.375821544187247,18.331789016723633,18.331789016723633,10000,0.0,0.0,0.0
2015-06-17 00:00:00-04:00,18.390492450492836,18.419847460496655,18.35600185343466,18.375816345214844,17300,0.0,0.0,0.0
2015-06-18 00:00:00-04:00,18.355261775710012,18.41250346904077,18.355261775710012,18.40516471862793,13900,0.0,0.0,0.0
2015-06-19 00:00:00-04:00,18.412512699293245,18.427190207476812,18.412512699293245,18.413246154785156,4700,0.0,0.0,0.0
2015-06-22 00:00:00-04:00,18.41250346904077,18.419842219453614,18.353794865461555,18.40516471862793,21200,0.0,0.0,0.0
2015-06-23 00:00:00-04:00,18.397838592529297,18.40517734797788,18.353807459562276,18.397838592529297,8400,0.0,0.0,0.0
2015-06-24 00:00:00-04:00,18.40517734797788,18.419854858875045,18.383161081632128,18.397838592529297,21700,0.0,0.0,0.0
2015-06-25 00:00:00-04:00,18.390499837080714,18.397838592529297,18.390499837080714,18.397838592529297,14000,0.0,0.0,0.0
2015-06-26 00:00:00-04:00,18.38315613224262,18.38315613224262,18.35380251807579,18.375083923339844,7200,0.0,0.0,0.0
2015-06-29 00:00:00-04:00,18.28041721238086,18.346464596907662,18.199692320242733,18.287755966186523,23800,0.0,0.0,0.0
2015-06-30 00:00:00-04:00,18.302430219929217,18.38315369799188,18.302430219929217,18.375816345214844,14800,0.0,0.0,0.0
2015-07-01 00:00:00-04:00,18.40816447913841,18.40816447913841,18.371406122238408,18.397871017456055,12300,0.044,0.0,0.0
2015-07-02 00:00:00-04:00,18.39346810427739,18.40817145260738,18.378030009187437,18.400819778442383,9400,0.0,0.0,0.0
2015-07-06 00:00:00-04:00,18.334649632195138,18.364054916272437,18.305977692430098,18.3199462890625,28200,0.0,0.0,0.0
2015-07-07 00:00:00-04:00,18.38611643011239,18.400819778442383,18.28834182787605,18.400819778442383,16900,0.0,0.0,0.0
2015-07-08 00:00:00-04:00,18.400820878886467,18.481686495160567,18.391998308485455,18.459632873535156,20400,0.0,0.0,0.0
2015-07-09 00:00:00-04:00,18.38611567847987,18.41552097174928,18.35670898302205,18.408170700073242,13700,0.0,0.0,0.0
2015-07-10 00:00:00-04:00,18.408170700073242,18.408170700073242,18.349357309157593,18.408170700073242,6700,0.0,0.0,0.0
2015-07-13 00:00:00-04:00,18.41552097174928,18.422872645613737,18.34200703748155,18.408170700073242,12400,0.0,0.0,0.0
2015-07-14 00:00:00-04:00,18.437569005544137,18.437569005544137,18.402281545243984,18.41551399230957,8800,0.0,0.0,0.0
2015-07-15 00:00:00-04:00,18.430224319478192,18.430224319478192,18.408170700073242,18.408170700073242,7500,0.0,0.0,0.0
2015-07-16 00:00:00-04:00,18.40816341413967,18.430217024815825,18.349350046502295,18.380962371826172,12400,0.0,0.0,0.0
2015-07-17 00:00:00-04:00,18.3714000785843,18.422860359127434,18.3714000785843,18.404481887817383,7600,0.0,0.0,0.0
2015-07-20 00:00:00-04:00,18.466973017958615,18.466973017958615,18.415511327857043,18.44344711303711,12900,0.0,0.0,0.0
2015-07-21 00:00:00-04:00,18.400809398725507,18.46697302669974,18.400809398725507,18.422863006591797,17400,0.0,0.0,0.0
2015-07-22 00:00:00-04:00,18.437570571899414,18.437570571899414,18.408165287276432,18.437570571899414,14200,0.0,0.0,0.0
2015-07-23 00:00:00-04:00,18.415511336573807,18.46697302669974,18.4081610687435,18.422863006591797,14700,0.0,0.0,0.0
2015-07-24 00:00:00-04:00,18.496381354524722,18.503733025754958,18.421396551476974,18.476531982421875,15000,0.0,0.0,0.0
2015-07-27 00:00:00-04:00,18.54784048554904,18.54784048554904,18.45227156993659,18.47432518005371,11900,0.0,0.0,0.0
2015-07-28 00:00:00-04:00,18.54785047399548,18.549321369816386,18.466984856371653,18.47874641418457,14300,0.0,0.0,0.0
2015-07-29 00:00:00-04:00,18.47432866891984,18.511087029703212,18.466978398951255,18.470653533935547,10000,0.0,0.0,0.0
2015-07-30 00:00:00-04:00,18.489040774085822,18.5184474766466,18.489040774085822,18.50374412536621,6100,0.0,0.0,0.0
2015-07-31 00:00:00-04:00,18.54048810869606,18.569894790649414,18.496379487953796,18.569894790649414,15300,0.0,0.0,0.0
2015-08-03 00:00:00-04:00,18.572109512763326,18.572109512763326,18.535259246826172,18.535259246826172,7100,0.063,0.0,0.0
2015-08-04 00:00:00-04:00,18.608957521581562,18.608957521581562,18.572108663024288,18.579477310180664,9700,0.0,0.0,0.0
2015-08-05 00:00:00-04:00,18.564730603698987,18.600842863105136,18.557360554027266,18.58241844177246,2700,0.0,0.0,0.0
2015-08-06 00:00:00-04:00,18.608962216875803,18.608962216875803,18.520522966052525,18.555898666381836,8900,0.0,0.0,0.0
2015-08-07 00:00:00-04:00,18.608962216875803,18.608962216875803,18.535263075472105,18.555898666381836,7200,0.0,0.0,0.0
2015-08-10 00:00:00-04:00,18.55736694174902,18.660544861281966,18.54262683733182,18.586109161376953,15300,0.0,0.0,0.0
2015-08-11 00:00:00-04:00,18.30679332248121,18.30679332248121,18.00462816858767,18.063587188720703,67800,0.0,0.0,0.0
2015-08-12 00:00:00-04:00,17.532953376339407,17.643501346787087,17.25289701846533,17.518213272094727,116300,0.0,0.0,0.0
2015-08-13 00:00:00-04:00,17.525582369331758,17.665609134945697,17.525582369331758,17.577171325683594,20200,0.0,0.0,0.0
2015-08-14 00:00:00-04:00,17.69509303862059,17.783530866358795,17.68772298536009,17.7098331451416,10900,0.0,0.0,0.0
2015-08-17 00:00:00-04:00,17.849857052746604,17.87196720895174,17.746679135176702,17.768789291381836,41200,0.0,0.0,0.0
2015-08-18 00:00:00-04:00,17.805634434481536,17.805634434481536,17.72456528432177,17.754045486450195,34200,0.0,0.0,0.0
2015-08-19 00:00:00-04:00,17.790900919619297,17.798270972879802,17.69509303862059,17.7098331451416,29700,0.0,0.0,0.0
2015-08-20 00:00:00-04:00,17.695096790486556,17.783534636976107,17.68993789267976,17.717206954956055,18900,0.0,0.0,0.0
2015-08-21 00:00:00-04:00,17.717208983404245,17.798276784352105,17.68772876073638,17.702468872070312,15300,0.0,0.0,0.0
2015-08-24 00:00:00-04:00,17.614018294363188,17.6508685490251,17.382604598999023,17.382604598999023,51800,0.0,0.0,0.0
2015-08-25 00:00:00-04:00,17.407669799684616,17.45409987492827,17.36344947552431,17.40398406982422,45600,0.0,0.0,0.0
2015-08-26 00:00:00-04:00,17.4150377740546,17.510847067000032,17.400299072265625,17.400299072265625,12800,0.0,0.0,0.0
2015-08-27 00:00:00-04:00,17.407672081048634,17.50347998456393,17.407672081048634,17.444520950317383,9300,0.0,0.0,0.0
2015-08-28 00:00:00-04:00,17.5550666292686,17.680354736092944,17.5550666292686,17.611814498901367,7700,0.0,0.0,0.0
2015-08-31 00:00:00-04:00,17.628766039809307,17.687725067138672,17.628766039809307,17.687725067138672,5100,0.0,0.0,0.0
2015-09-01 00:00:00-04:00,17.69954971332933,17.743909091212785,17.69954971332933,17.729122161865234,10500,0.076,0.0,0.0
2015-09-02 00:00:00-04:00,17.817842335357764,17.854808248583144,17.65518893278402,17.662582397460938,8300,0.0,0.0,0.0
2015-09-03 00:00:00-04:00,17.647808551471694,17.699561428283026,17.647808551471694,17.653722763061523,8500,0.0,0.0,0.0
2015-09-04 00:00:00-04:00,17.618219793007345,17.71063596930515,17.618219793007345,17.65518569946289,20900,0.0,0.0,0.0
2015-09-08 00:00:00-04:00,17.743906766440737,17.743906766440737,17.670712462871574,17.692153930664062,3100,0.0,0.0,0.0
2015-09-09 00:00:00-04:00,17.669979798400036,17.71433918618407,17.669979798400036,17.700292587280273,3700,0.0,0.0,0.0
2015-09-10 00:00:00-04:00,18.120973276550213,18.154243173422934,17.878472350194453,17.884387969970703,4700,0.0,0.0,0.0
2015-09-11 00:00:00-04:00,17.902866207611922,17.9065622351069,17.838544611988752,17.847415924072266,3000,0.0,0.0,0.0
2015-09-14 00:00:00-04:00,17.913953468392602,17.913953468392602,17.847413700498784,17.863679885864258,3400,0.0,0.0,0.0
2015-09-15 00:00:00-04:00,17.950919839808567,17.990842852337195,17.93613291213469,17.942047119140625,3500,0.0,0.0,0.0
2015-09-16 00:00:00-04:00,17.90656126706942,17.913954731818965,17.84002149448272,17.86885643005371,10300,0.0,0.0,0.0
2015-09-17 00:00:00-04:00,17.859247236170095,17.899170259106302,17.8400239431509,17.876991271972656,5200,0.0,0.0,0.0
2015-09-18 00:00:00-04:00,17.965711190803912,17.972365733465605,17.913958337300183,17.92874526977539,1300,0.0,0.0,0.0
2015-09-21 00:00:00-04:00,17.916909723832156,17.916909723832156,17.862199783325195,17.862199783325195,800,0.0,0.0,0.0
2015-09-22 00:00:00-04:00,17.8252307061613,17.842974734283388,17.810443781033094,17.82375144958496,5900,0.0,0.0,0.0
2015-09-23 00:00:00-04:00,17.780895233154297,17.82895210312694,17.780895233154297,17.780895233154297,3200,0.0,0.0,0.0
2015-09-24 00:00:00-04:00,17.87698820814273,17.87698820814273,17.820060082689146,17.82523536682129,2100,0.0,0.0,0.0
2015-09-25 00:00:00-04:00,17.965705556744936,17.973099020663945,17.89916579163292,17.91543197631836,2200,0.0,0.0,0.0
2015-09-28 00:00:00-04:00,17.93613589953221,18.02485466003418,17.93613589953221,18.02485466003418,21200,0.0,0.0,0.0
2015-09-29 00:00:00-04:00,18.03225225542408,18.092877836775603,18.03225225542408,18.0692195892334,4900,0.0,0.0,0.0
2015-09-30 00:00:00-04:00,18.024852718633074,18.054426575721273,18.024852718633074,18.04037857055664,7700,0.0,0.0,0.0
2015-10-01 00:00:00-04:00,18.034455325444245,18.071501710054843,18.031491784262876,18.049274444580078,4800,0.053,0.0,0.0
2015-10-02 00:00:00-04:00,18.05667976500328,18.08335304260254,18.019631975861365,18.08335304260254,2000,0.0,0.0,0.0
2015-10-05 00:00:00-04:00,18.112249867144563,18.115955352783203,18.064088446443108,18.115955352783203,5800,0.0,0.0,0.0
2015-10-06 00:00:00-04:00,18.101136236686035,18.115955352783203,18.097430751047394,18.115955352783203,6400,0.0,0.0,0.0
2015-10-07 00:00:00-04:00,18.093727602827833,18.10410070197995,18.07890848597373,18.101137161254883,4100,0.0,0.0,0.0
2015-10-08 00:00:00-04:00,18.10114523487839,18.108554796610314,18.049279715984316,18.078916549682617,3700,0.0,0.0,0.0
2015-10-09 00:00:00-04:00,18.108553415163527,18.145599807767596,18.108553415163527,18.123371124267578,7400,0.0,0.0,0.0
2015-10-12 00:00:00-04:00,18.212277765010644,18.212277765010644,18.13077403530106,18.13818359375,6100,0.0,0.0,0.0
2015-10-13 00:00:00-04:00,18.12854578707959,18.18263568944712,18.108541539600562,18.141141891479492,2400,0.0,0.0,0.0
2015-10-14 00:00:00-04:00,18.16041893010094,18.182647613600952,18.110776424836455,18.123371124267578,5700,0.0,0.0,0.0
2015-10-15 00:00:00-04:00,18.15967839795306,18.17523805243428,18.1159629763302,18.123371124267578,1600,0.0,0.0,0.0
2015-10-16 00:00:00-04:00,18.12337255035792,18.12337255035792,18.078916593089033,18.10855484008789,900,0.0,0.0,0.0
2015-10-19 00:00:00-04:00,18.086316020963906,18.086316020963906,18.023336901223026,18.03445053100586,5800,0.0,0.0,0.0
2015-10-20 00:00:00-04:00,18.034454835774866,18.05964705497597,18.027045276408135,18.0418643951416,2500,0.0,0.0,0.0
2015-10-21 00:00:00-04:00,18.06409170154712,18.123366763388326,17.930723872326123,18.06705665588379,6500,0.0,0.0,0.0
2015-10-22 00:00:00-04:00,18.072982255602447,18.078909337331694,18.034453397904677,18.03667640686035,2100,0.0,0.0,0.0
2015-10-23 00:00:00-04:00,18.078911760096332,18.0937308796342,18.041865374480686,18.056684494018555,9400,0.0,0.0,0.0
2015-10-26 00:00:00-04:00,18.064830298120533,18.072980387963234,18.041861092257268,18.06927490234375,1900,0.0,0.0,0.0
2015-10-27 00:00:00-04:00,18.059650428993212,18.082619643352654,18.05742741944498,18.067800521850586,5400,0.0,0.0,0.0
2015-10-28 00:00:00-04:00,18.078916549682617,18.146341724244913,18.078916549682617,18.078916549682617,3300,0.0,0.0,0.0
2015-10-29 00:00:00-04:00,18.21672628968956,18.21672628968956,18.190051592956678,18.215984344482422,500,0.0,0.0,0.0
2015-10-30 00:00:00-04:00,18.337502426571564,18.338242958670996,18.305641174316406,18.305641174316406,1900,0.0,0.0,0.0
2015-11-02 00:00:00-05:00,18.230640042035837,18.319751739501953,18.230640042035837,18.319751739501953,4600,0.055,0.0,0.0
2015-11-03 00:00:00-05:00,18.290055440766924,18.297481536865234,18.260352472756693,18.297481536865234,900,0.0,0.0,0.0
2015-11-04 00:00:00-05:00,18.245494469419164,18.26777275061852,18.245494469419164,18.249950408935547,2900,0.0,0.0,0.0
2015-11-05 00:00:00-05:00,18.208357296532196,18.208357296532196,18.134097808701977,18.186079025268555,2400,0.0,0.0,0.0
2015-11-06 00:00:00-05:00,18.10439741544475,18.10439741544475,18.06726837158203,18.06726837158203,2500,0.0,0.0,0.0
2015-11-09 00:00:00-05:00,18.096966769410788,18.126669711425222,18.096966769410788,18.119243621826172,4100,0.0,0.0,0.0
2015-11-10 00:00:00-05:00,18.11924424779148,18.11924424779148,18.000429642865516,18.011568069458008,5700,0.0,0.0,0.0
2015-11-11 00:00:00-05:00,18.07469940185547,18.07469940185547,18.07469940185547,18.07469940185547,800,0.0,0.0,0.0
2015-11-12 00:00:00-05:00,18.119249599542734,18.126675691591725,18.064298218038882,18.06726837158203,7100,0.0,0.0,0.0
2015-11-13 00:00:00-05:00,18.03014261561998,18.072469789997374,18.015290428813614,18.022716522216797,3200,0.0,0.0,0.0
2015-11-16 00:00:00-05:00,18.04498414221743,18.119243621826172,18.04498414221743,18.119243621826172,2800,0.0,0.0,0.0
2015-11-17 00:00:00-05:00,18.07469940185547,18.141532832173848,18.06356096892995,18.07469940185547,2100,0.0,0.0,0.0
2015-11-18 00:00:00-05:00,18.037565377742116,18.082120513550016,18.030139285710426,18.033851623535156,3000,0.0,0.0,0.0
2015-11-19 00:00:00-05:00,18.044995025543916,18.11925454994018,18.044995025543916,18.07469940185547,4700,0.0,0.0,0.0
2015-11-20 00:00:00-05:00,18.067275667268245,18.067275667268245,18.007868323269474,18.05242347717285,1200,0.0,0.0,0.0
2015-11-23 00:00:00-05:00,18.089544366032786,18.089544366032786,18.059840001583538,18.07172203063965,35300,0.0,0.0,0.0
2015-11-24 00:00:00-05:00,18.074687176936,18.08953935504642,18.06726108788079,18.08211326599121,15100,0.0,0.0,0.0
2015-11-25 00:00:00-05:00,18.07914861474103,18.11924780818249,18.07914861474103,18.114791870117188,15800,0.0,0.0,0.0
2015-11-27 00:00:00-05:00,18.082127857363638,18.082127857363638,18.044997382125153,18.05242347717285,6400,0.0,0.0,0.0
2015-11-30 00:00:00-05:00,18.163807215506164,18.163807215506164,18.119252073510978,18.14524269104004,26400,0.0,0.0,0.0
2015-12-01 00:00:00-05:00,18.134817286483997,18.16458235336876,18.127375664926763,18.157140731811523,21700,0.051,0.0,0.0
2015-12-02 00:00:00-05:00,18.127383921670482,18.179473876953125,18.08273417198979,18.179473876953125,16000,0.0,0.0,0.0
2015-12-03 00:00:00-05:00,18.186900408364373,18.216665464104278,18.186900408364373,18.2017822265625,4200,0.0,0.0,0.0
2015-12-04 00:00:00-05:00,18.238999672447225,18.238999672447225,18.201791559514348,18.2166748046875,26400,0.0,0.0,0.0
2015-12-07 00:00:00-05:00,18.22411817749822,18.22411817749822,18.186911480336434,18.194353103637695,12900,0.0,0.0,0.0
2015-12-08 00:00:00-05:00,18.142265583460212,18.149707208337773,18.086455525895737,18.09017562866211,5900,0.0,0.0,0.0
2015-12-09 00:00:00-05:00,18.16458235336876,18.19434883959771,18.119934043369526,18.157140731811523,8800,0.0,0.0,0.0
2015-12-10 00:00:00-05:00,18.16459070340156,18.194357203313793,18.11994237287805,18.190635681152344,6100,0.0,0.0,0.0
2015-12-11 00:00:00-05:00,18.04551126793755,18.110995521604128,18.000862977680498,18.008304595947266,16900,0.0,0.0,0.0
2015-12-14 00:00:00-05:00,18.000875032144176,18.000875032144176,17.941343465487687,17.963666915893555,5800,0.0,0.0,0.0
2015-12-15 00:00:00-05:00,18.030644104180816,18.119942183640074,18.030644104180816,18.052968978881836,6000,0.0,0.0,0.0
2015-12-16 00:00:00-05:00,18.032871694231734,18.104310137835398,18.032871694231734,18.09686851501465,2700,0.0,0.0,0.0
2015-12-17 00:00:00-05:00,17.993443664206957,17.993443664206957,17.941353691112056,17.948795318603516,3900,0.0,0.0,0.0
2015-12-18 00:00:00-05:00,17.94133145088991,18.023186413137246,17.94133145088991,18.008304595947266,4900,0.0,0.0,0.0
2015-12-21 00:00:00-05:00,18.045523537810325,18.045523537810325,17.98450307813871,18.02617645263672,9700,0.0,0.0,0.0
2015-12-22 00:00:00-05:00,18.052967764508264,18.14226441861596,18.052967764508264,18.118452072143555,8800,0.0,0.0,0.0
2015-12-23 00:00:00-05:00,18.253887722587308,18.253887722587308,18.177240267179638,18.198076248168945,2100,0.0,0.0,0.0
2015-12-24 00:00:00-05:00,18.183930853286412,18.20178904181076,18.10505080025505,18.157140731811523,2600,0.0,0.0,0.0
2015-12-28 00:00:00-05:00,18.157152101357056,18.172035353791042,18.090924040912437,18.1459903717041,11200,0.0,0.0,0.0
2015-12-29 00:00:00-05:00,18.00051370892232,18.07511206367361,18.00051370892232,18.060192108154297,3400,0.06,0.0,0.0
2015-12-30 00:00:00-05:00,18.030359879609847,18.12733677846257,18.030359879609847,18.090038299560547,3100,0.0,0.0,0.0
2015-12-31 00:00:00-05:00,18.112419200643885,18.112419200643885,18.023646425770846,18.03782081604004,8000,0.0,0.0,0.0
2016-01-04 00:00:00-05:00,17.963222437764056,17.963222437764056,17.89682960510254,17.89682960510254,7200,0.0,0.0,0.0
2016-01-05 00:00:00-05:00,17.8587831715748,17.90354162724613,17.814023293057815,17.828943252563477,9200,0.0,0.0,0.0
2016-01-06 00:00:00-05:00,17.739429610276165,17.76926811194053,17.67229120297395,17.694669723510742,20100,0.0,0.0,0.0
2016-01-07 00:00:00-05:00,17.679751184101516,17.75434814968539,17.679751184101516,17.694669723510742,13100,0.0,0.0,0.0
2016-01-08 00:00:00-05:00,17.70958383717541,17.746883730494968,17.70958383717541,17.739423751831055,14200,0.0,0.0,0.0
2016-01-11 00:00:00-05:00,17.933376050282725,18.022892934191486,17.933376050282725,17.970674514770508,16400,0.0,0.0,0.0
2016-01-12 00:00:00-05:00,18.030363366486238,18.075121834393624,17.993064880371094,17.993064880371094,8600,0.0,0.0,0.0
2016-01-13 00:00:00-05:00,18.07511616141599,18.149714533079205,18.03781768700718,18.127334594726562,7600,0.0,0.0,0.0
2016-01-14 00:00:00-05:00,18.05273175557377,18.05273175557377,17.95575347720047,17.989322662353516,33100,0.0,0.0,0.0
2016-01-15 00:00:00-05:00,17.948304389238427,17.99306427849461,17.918465885913626,17.933385848999023,7800,0.0,0.0,0.0
2016-01-19 00:00:00-05:00,17.157569525437367,17.94084930419922,17.157569525437367,17.94084930419922,266800,0.0,0.0,0.0
2016-01-20 00:00:00-05:00,17.791641595482343,17.8945873056807,17.791641595482343,17.88861846923828,63400,0.0,0.0,0.0
2016-01-21 00:00:00-05:00,17.87370388979705,17.913241929597405,17.85878535131617,17.89608383178711,17100,0.0,0.0,0.0
2016-01-22 00:00:00-05:00,17.925925867456325,17.978144315409217,17.15756484271039,17.933385848999023,15100,0.0,0.0,0.0
2016-01-25 00:00:00-05:00,17.903544698579367,17.925924641677113,17.896084717546785,17.91846466064453,21600,0.0,0.0,0.0
2016-01-26 00:00:00-05:00,17.873695037069613,17.943071542315813,17.873695037069613,17.881155014038086,9100,0.0,0.0,0.0
2016-01-27 00:00:00-05:00,17.873700011277176,17.90353992745545,17.866241455078125,17.866241455078125,5300,0.0,0.0,0.0
2016-01-28 00:00:00-05:00,17.82148204344721,17.851321960400114,17.799103528578087,17.814022064208984,19300,0.0,0.0,0.0
2016-01-29 00:00:00-05:00,17.85878562927246,17.911004071882843,17.85878562927246,17.85878562927246,13200,0.0,0.0,0.0
2016-02-01 00:00:00-05:00,17.833325126290408,17.861774675756646,17.780918437267122,17.80337905883789,48300,0.086,0.0,0.0
2016-02-02 00:00:00-05:00,17.825837429680426,17.846800104322206,17.706050309448795,17.78466033935547,19900,0.0,0.0,0.0
2016-02-03 00:00:00-05:00,17.76594035534194,17.915674940000528,17.76594035534194,17.810861587524414,13300,0.0,0.0,0.0
2016-02-04 00:00:00-05:00,17.960601880180487,17.96808875518553,17.878247683100426,17.88573455810547,5400,0.0,0.0,0.0
2016-02-05 00:00:00-05:00,17.923169557839476,17.945628755662014,17.91568268257348,17.93065643310547,9000,0.0,0.0,0.0
2016-02-08 00:00:00-05:00,17.893214122318813,17.92316161010306,17.878240378426685,17.908187866210938,14900,0.0,0.0,0.0
2016-02-09 00:00:00-05:00,17.915677176105522,17.96059698591973,17.893216557210913,17.90070343017578,15800,0.0,0.0,0.0
2016-02-10 00:00:00-05:00,17.990557075247768,18.04296379472343,17.983070197040384,18.005529403686523,33500,0.0,0.0,0.0
2016-02-11 00:00:00-05:00,18.072900772094727,18.11782201870184,18.05792845120098,18.072900772094727,24100,0.0,0.0,0.0
2016-02-12 00:00:00-05:00,18.140287306313596,18.23012840172501,18.140287306313596,18.21515464782715,15100,0.0,0.0,0.0
2016-02-16 00:00:00-05:00,18.260065729391105,18.267552602751536,17.998032301651445,18.035465240478516,27200,0.0,0.0,0.0
2016-02-17 00:00:00-05:00,17.84081413517606,17.983061899530185,17.824343867504922,17.968088150024414,29000,0.0,0.0,0.0
2016-02-18 00:00:00-05:00,17.96809174060948,18.05418867550949,17.840817700327804,17.99803924560547,9200,0.0,0.0,0.0
2016-02-19 00:00:00-05:00,17.945616598442722,18.046687204100422,17.945616598442722,17.96433448791504,3600,0.0,0.0,0.0
2016-02-22 00:00:00-05:00,17.968080481563575,18.057171825542202,17.968080481563575,18.04294776916504,6400,0.0,0.0,0.0
2016-02-23 00:00:00-05:00,18.020501327491694,18.095368673975806,18.020501327491694,18.05793571472168,6400,0.0,0.0,0.0
2016-02-24 00:00:00-05:00,17.975583318833003,18.006279091090466,17.975583318833003,18.005529403686523,4500,0.0,0.0,0.0
2016-02-25 00:00:00-05:00,18.04295486744033,18.072900937477147,18.04295486744033,18.05044174194336,3500,0.0,0.0,0.0
2016-02-26 00:00:00-05:00,18.072908041637813,18.072908041637813,18.02798820493769,18.05793571472168,1900,0.0,0.0,0.0
2016-02-29 00:00:00-05:00,17.99803289019109,17.99803289019109,17.95311164855957,17.95311164855957,3000,0.0,0.0,0.0
2016-03-01 00:00:00-05:00,17.908196025451076,17.953865536737325,17.87750026487922,17.939640045166016,2300,0.0,0.0,0.0
2016-03-02 00:00:00-05:00,17.885736243495742,17.922420934894504,17.885736243495742,17.91568374633789,7100,0.0,0.0,0.0
2016-03-03 00:00:00-05:00,17.94937003911583,18.035466948954003,17.94937003911583,17.983808517456055,1800,0.0,0.0,0.0
2016-03-04 00:00:00-05:00,18.102849621689693,18.117823371676916,18.050442924709802,18.08413314819336,3300,0.0,0.0,0.0
2016-03-07 00:00:00-05:00,18.065414741857797,18.087875366210938,18.05792929504877,18.087875366210938,2200,0.0,0.0,0.0
2016-03-08 00:00:00-05:00,18.031718481517434,18.047441912882498,18.0137517016214,18.026477813720703,2500,0.0,0.0,0.0
2016-03-09 00:00:00-05:00,18.00553074764778,18.065424349801376,18.00553074764778,18.016761779785156,1900,0.0,0.0,0.0
2016-03-10 00:00:00-05:00,18.05792845120098,18.07365045912088,18.05792845120098,18.072900772094727,3600,0.0,0.0,0.0
2016-03-11 00:00:00-05:00,18.1777138574167,18.231617063458327,18.1777138574167,18.20616340637207,3000,0.0,0.0,0.0
2016-03-14 00:00:00-04:00,18.19493764557631,18.19493764557631,18.177719116210938,18.177719116210938,800,0.0,0.0,0.0
2016-03-15 00:00:00-04:00,18.132783514958735,18.132783514958735,18.114067054033153,18.11781120300293,2700,0.0,0.0,0.0
2016-03-16 00:00:00-04:00,18.065409187449184,18.132789611816406,18.065409187449184,18.132789611816406,1800,0.0,0.0,0.0
2016-03-17 00:00:00-04:00,18.200175324146105,18.29001639206354,18.200175324146105,18.260068893432617,10500,0.0,0.0,0.0
2016-03-18 00:00:00-04:00,18.31995667533671,18.342417292214456,18.304984358726422,18.334930419921875,9000,0.0,0.0,0.0
2016-03-21 00:00:00-04:00,18.312472456401224,18.312472456401224,18.21514595844543,18.230119705200195,9100,0.0,0.0,0.0
2016-03-22 00:00:00-04:00,18.230119976650226,18.230119976650226,18.12530517578125,18.12530517578125,5900,0.0,0.0,0.0
2016-03-23 00:00:00-04:00,18.14027976989746,18.15525351757445,18.14027976989746,18.14027976989746,800,0.0,0.0,0.0
2016-03-24 00:00:00-04:00,18.066154228877974,18.08936309921336,18.044441875869328,18.046688079833984,5000,0.0,0.0,0.0
2016-03-28 00:00:00-04:00,18.072901424839102,18.14776874391301,18.00402446231434,18.114078521728516,2200,0.0,0.0,0.0
2016-03-29 00:00:00-04:00,18.095356861397036,18.18819236755371,18.095356861397036,18.18819236755371,4400,0.0,0.0,0.0
2016-03-30 00:00:00-04:00,18.17845921653237,18.185197830200195,18.16273721261571,18.185197830200195,800,0.0,0.0,0.0
2016-03-31 00:00:00-04:00,18.24509223146447,18.26755142211914,18.24509223146447,18.26755142211914,6600,0.0,0.0,0.0
2016-04-01 00:00:00-04:00,18.26755264411202,18.26755264411202,18.21514595844543,18.230119705200195,2300,0.0,0.0,0.0
2016-04-04 00:00:00-04:00,18.14775208576145,18.15523895359404,18.140265217928857,18.149250030517578,2300,0.0,0.0,0.0
2016-04-05 00:00:00-04:00,18.161242445455176,18.161242445455176,18.14027976989746,18.14027976989746,700,0.0,0.0,0.0
2016-04-06 00:00:00-04:00,18.117817294826402,18.132789611816406,18.117817294826402,18.132789611816406,1500,0.0,0.0,0.0
2016-04-07 00:00:00-04:00,18.14027020958692,18.144014358520508,18.132783339694164,18.144014358520508,900,0.0,0.0,0.0
2016-04-08 00:00:00-04:00,18.147771161595745,18.162744913000427,18.09536445965489,18.11033821105957,3600,0.0,0.0,0.0
2016-04-11 00:00:00-04:00,18.132795115726186,18.174720471973774,18.132795115726186,18.162742614746094,1600,0.0,0.0,0.0
2016-04-12 00:00:00-04:00,18.136541703297066,18.162745054471596,18.136541703297066,18.155258178710938,2100,0.0,0.0,0.0
2016-04-13 00:00:00-04:00,18.117817095696022,18.117817095696022,18.050436672069374,18.052682876586914,7000,0.0,0.0,0.0
2016-04-14 00:00:00-04:00,18.027986670939434,18.04221216526914,18.01301291732155,18.03397560119629,4200,0.0,0.0,0.0
2016-04-15 00:00:00-04:00,18.050447102147817,18.060178756713867,18.050447102147817,18.060178756713867,400,0.0,0.0,0.0
2016-04-18 00:00:00-04:00,18.050438270709275,18.125304145391706,18.050438270709275,18.069154739379883,8000,0.0,0.0,0.0
2016-04-19 00:00:00-04:00,18.11782399905213,18.192689895629883,18.11782399905213,18.192689895629883,1500,0.0,0.0,0.0
2016-04-20 00:00:00-04:00,18.155258643935376,18.155258643935376,18.102851940243408,18.105846405029297,600,0.0,0.0,0.0
2016-04-21 00:00:00-04:00,18.02798532262582,18.02798532262582,17.99803924560547,17.99803924560547,16500,0.0,0.0,0.0
2016-04-22 00:00:00-04:00,17.938140071313576,17.938889758347383,17.90819400124514,17.92990493774414,2300,0.0,0.0,0.0
2016-04-25 00:00:00-04:00,17.88573455810547,17.90669723692943,17.88573455810547,17.88573455810547,2100,0.0,0.0,0.0
2016-04-26 00:00:00-04:00,17.848303062758703,17.848303062758703,17.818355560302734,17.818355560302734,6100,0.0,0.0,0.0
2016-04-27 00:00:00-04:00,17.870767203909597,17.88424301147461,17.870767203909597,17.88424301147461,5100,0.0,0.0,0.0
2016-04-28 00:00:00-04:00,17.89397031590946,17.960602506194004,17.89397031590946,17.93065643310547,2000,0.0,0.0,0.0
2016-04-29 00:00:00-04:00,17.968083435413714,18.05792448089977,17.953109689836875,18.027976989746094,8300,0.0,0.0,0.0
2016-05-02 00:00:00-04:00,18.018223587715354,18.100773174271186,18.00321431173005,18.025728225708008,3500,0.057,0.0,0.0
2016-05-03 00:00:00-04:00,18.029476360309673,18.029476360309673,17.943175187042772,18.01071548461914,2500,0.0,0.0,0.0
2016-05-04 00:00:00-04:00,17.808096015915485,17.845619201660156,17.808096015915485,17.845619201660156,4400,0.0,0.0,0.0
2016-05-05 00:00:00-04:00,17.89064676006667,17.905656035343487,17.89064676006667,17.898151397705078,1300,0.0,0.0,0.0
2016-05-06 00:00:00-04:00,17.898149212766242,17.926666259765625,17.89064457604397,17.926666259765625,600,0.0,0.0,0.0
2016-05-09 00:00:00-04:00,17.913160672981892,17.913160672981892,17.898151397705078,17.898151397705078,1200,0.0,0.0,0.0
2016-05-10 00:00:00-04:00,17.868136144507517,17.88539695739746,17.868136144507517,17.88539695739746,1100,0.0,0.0,0.0
2016-05-11 00:00:00-04:00,17.943196548150215,18.0219931786745,17.913179397583008,17.913179397583008,5300,0.0,0.0,0.0
2016-05-12 00:00:00-04:00,17.95819091796875,17.95819091796875,17.95819091796875,17.95819091796875,200,0.0,0.0,0.0
2016-05-13 00:00:00-04:00,17.883149690305288,17.932679174588284,17.883149690305288,17.920671463012695,700,0.0,0.0,0.0
2016-05-16 00:00:00-04:00,17.838118728866732,17.838118728866732,17.83061408996582,17.83061408996582,1600,0.0,0.0,0.0
2016-05-17 00:00:00-04:00,17.853128383326442,17.883145508199867,17.853128383326442,17.875640869140625,2300,0.0,0.0,0.0
2016-05-18 00:00:00-04:00,17.830613283218128,17.830613283218128,17.733054413283842,17.763072967529297,1300,0.0,0.0,0.0
2016-05-19 00:00:00-04:00,17.78558042220207,17.848617645581704,17.78558042220207,17.815597534179688,13400,0.0,0.0,0.0
2016-05-20 00:00:00-04:00,17.8080997467041,17.83061366286756,17.785587261904123,17.8080997467041,4400,0.0,0.0,0.0
2016-05-23 00:00:00-04:00,17.80809749020662,17.82310676574707,17.80809749020662,17.82310676574707,700,0.0,0.0,0.0
2016-05-24 00:00:00-04:00,17.785587261904123,17.845622940309866,17.785587261904123,17.8080997467041,1100,0.0,0.0,0.0
2016-05-25 00:00:00-04:00,17.830616774153924,17.845626054215217,17.830616774153924,17.83812141418457,6300,0.0,0.0,0.0
2016-05-26 00:00:00-04:00,17.883142122428264,17.898151397705078,17.883142122428264,17.898151397705078,16700,0.0,0.0,0.0
2016-05-27 00:00:00-04:00,17.845623367767647,17.935676171851565,17.815604812163997,17.83061408996582,4400,0.0,0.0,0.0
2016-05-31 00:00:00-04:00,17.808100173263085,17.83061408996582,17.808100173263085,17.83061408996582,1900,0.0,0.0,0.0
2016-06-01 00:00:00-04:00,17.849408284826072,17.860688260514863,17.807294845581055,17.807294845581055,500,0.05,0.0,0.0
2016-06-02 00:00:00-04:00,17.815573951861484,17.875736236572266,17.808053486974888,17.875736236572266,3200,0.0,0.0,0.0
2016-06-03 00:00:00-04:00,17.890777746510167,17.92837863778048,17.890777746510167,17.91333770751953,4800,0.0,0.0,0.0
2016-06-06 00:00:00-04:00,17.950942783787717,17.950942783787717,17.93966136717233,17.943422317504883,1200,0.0,0.0,0.0
2016-06-07 00:00:00-04:00,17.870469251417195,17.928375244140625,17.860692505160003,17.928375244140625,1000,0.0,0.0,0.0
2016-06-08 00:00:00-04:00,17.845655651519667,17.911835173495312,17.845655651519667,17.85317611694336,2100,0.0,0.0,0.0
2016-06-09 00:00:00-04:00,17.830610046155385,17.89678955078125,17.823091017085016,17.89678955078125,9500,0.0,0.0,0.0
2016-06-10 00:00:00-04:00,17.800536204826724,17.800536204826724,17.747894375590178,17.756166458129883,400,0.0,0.0,0.0
2016-06-13 00:00:00-04:00,17.695252666890934,17.76669494500115,17.695252666890934,17.755414962768555,2200,0.0,0.0,0.0
2016-06-14 00:00:00-04:00,17.732856958425373,17.74037742614746,17.72533649070328,17.74037742614746,600,0.0,0.0,0.0
2016-06-15 00:00:00-04:00,17.838142941950967,17.849424362182617,17.838142941950967,17.849424362182617,200,0.0,0.0,0.0
2016-06-16 00:00:00-04:00,17.808055877685547,17.82760794150994,17.808055877685547,17.808055877685547,500,0.0,0.0,0.0
2016-06-17 00:00:00-04:00,17.762928385501432,17.79300880432129,17.762928385501432,17.79300880432129,1900,0.0,0.0,0.0
2016-06-20 00:00:00-04:00,17.86069658236705,17.86069658236705,17.85167288448789,17.85317611694336,1300,0.0,0.0,0.0
2016-06-21 00:00:00-04:00,17.830618113467583,17.838138580322266,17.830618113467583,17.838138580322266,900,0.0,0.0,0.0
2016-06-22 00:00:00-04:00,17.85317611694336,17.85317611694336,17.85317611694336,17.85317611694336,200,0.0,0.0,0.0
2016-06-23 00:00:00-04:00,17.875734540709676,17.884006620985563,17.875734540709676,17.883255004882812,1900,0.0,0.0,0.0
2016-06-24 00:00:00-04:00,17.74789789386955,17.770457862653267,17.74037742614746,17.74037742614746,2100,0.0,0.0,0.0
2016-06-27 00:00:00-04:00,17.665163576099314,17.68246078491211,17.665163576099314,17.68246078491211,600,0.0,0.0,0.0
2016-06-28 00:00:00-04:00,17.582439422607422,17.582439422607422,17.582439422607422,17.582439422607422,500,0.0,0.0,0.0
2016-06-29 00:00:00-04:00,17.658400283253652,17.695249557495117,17.65764723269013,17.695249557495117,700,0.0,0.0,0.0
2016-06-30 00:00:00-04:00,17.695251044711515,17.71781100710856,17.68021011352539,17.68021011352539,500,0.0,0.0,0.0
2016-07-01 00:00:00-04:00,17.72847557067871,17.72847557067871,17.72847557067871,17.72847557067871,0,0.064,0.0,0.0
2016-07-05 00:00:00-04:00,17.69076156616211,17.69076156616211,17.683222012487413,17.69076156616211,2700,0.0,0.0,0.0
2016-07-06 00:00:00-04:00,17.60027477457905,17.64929050947319,17.577651795790057,17.601028442382812,2400,0.0,0.0,0.0
2016-07-07 00:00:00-04:00,17.64551999168111,17.67870007422432,17.64551999168111,17.663618087768555,4300,0.0,0.0,0.0
2016-07-08 00:00:00-04:00,17.653064936163442,17.684736251831055,17.64552394124767,17.684736251831055,2300,0.0,0.0,0.0
2016-07-11 00:00:00-04:00,17.65305701084564,17.688499527208123,17.630434036254883,17.630434036254883,3200,0.0,0.0,0.0
2016-07-12 00:00:00-04:00,17.70584001999592,17.70584001999592,17.6455135345459,17.6455135345459,400,0.0,0.0,0.0
2016-07-13 00:00:00-04:00,17.6907674456072,17.736013412475586,17.6907674456072,17.736013412475586,500,0.0,0.0,0.0
2016-07-14 00:00:00-04:00,17.736013412475586,17.736013412475586,17.736013412475586,17.736013412475586,100,0.0,0.0,0.0
2016-07-15 00:00:00-04:00,17.68096351623535,17.68096351623535,17.68096351623535,17.68096351623535,300,0.0,0.0,0.0
2016-07-18 00:00:00-04:00,17.59424787958603,17.599526432404357,17.58519811001304,17.59273910522461,500,0.0,0.0,0.0
2016-07-19 00:00:00-04:00,17.660600662231445,17.690763194598155,17.660600662231445,17.660600662231445,4400,0.0,0.0,0.0
2016-07-20 00:00:00-04:00,17.690764799798536,17.76617329500355,17.690764799798536,17.705846786499023,2400,0.0,0.0,0.0
2016-07-21 00:00:00-04:00,17.796339968633085,17.834043502807617,17.796339968633085,17.834043502807617,2200,0.0,0.0,0.0
2016-07-22 00:00:00-04:00,17.803123014838917,17.824237220733675,17.796337127685547,17.796337127685547,7900,0.0,0.0,0.0
2016-07-25 00:00:00-04:00,17.751089291629473,17.758628845214844,17.751089291629473,17.758628845214844,1400,0.0,0.0,0.0
2016-07-26 00:00:00-04:00,17.758628845214844,17.758628845214844,17.758628845214844,17.758628845214844,200,0.0,0.0,0.0
2016-07-27 00:00:00-04:00,17.81141471862793,17.81141471862793,17.81141471862793,17.81141471862793,200,0.0,0.0,0.0
2016-07-28 00:00:00-04:00,17.84987476152445,17.84987476152445,17.84912109375,17.84912109375,400,0.0,0.0,0.0
2016-07-29 00:00:00-04:00,17.9169912981442,17.992399797611565,17.9169912981442,17.977317810058594,2200,0.0,0.0,0.0
2016-08-01 00:00:00-04:00,17.978828992741917,17.978828992741917,17.971271514892578,17.971271514892578,500,0.052,0.0,0.0
2016-08-02 00:00:00-04:00,17.910814037876747,17.9561574658207,17.910814037876747,17.93348503112793,1100,0.0,0.0,0.0
2016-08-03 00:00:00-04:00,17.910824129052486,17.932739819260618,17.910824129052486,17.92593765258789,1100,0.0,0.0,0.0
2016-08-04 00:00:00-04:00,17.92593765258789,17.92593765258789,17.92593765258789,17.92593765258789,0,0.0,0.0,0.0
2016-08-05 00:00:00-04:00,17.86396281385715,17.891923904418945,17.842802446321983,17.891923904418945,500,0.0,0.0,0.0
2016-08-08 00:00:00-04:00,17.835237503051758,17.835237503051758,17.835237503051758,17.835237503051758,200,0.0,0.0,0.0
2016-08-09 00:00:00-04:00,17.87303563800798,17.895708084106445,17.87303563800798,17.895708084106445,400,0.0,0.0,0.0
2016-08-10 00:00:00-04:00,17.978828992741917,17.978828992741917,17.971271514892578,17.971271514892578,1300,0.0,0.0,0.0
2016-08-11 00:00:00-04:00,17.98638343811035,17.98638343811035,17.98638343811035,17.98638343811035,100,0.0,0.0,0.0
2016-08-12 00:00:00-04:00,18.001499984848415,18.001499984848415,17.971271514892578,17.971271514892578,1300,0.0,0.0,0.0
2016-08-15 00:00:00-04:00,17.993939231013123,18.030214541509036,17.993939231013123,18.00905418395996,15600,0.0,0.0,0.0
2016-08-16 00:00:00-04:00,18.077074643944957,18.077074643944957,18.024173736572266,18.024173736572266,300,0.0,0.0,0.0
2016-08-17 00:00:00-04:00,18.03021812438965,18.03021812438965,18.03021812438965,18.03021812438965,1200,0.0,0.0,0.0
2016-08-18 00:00:00-04:00,18.039283752441406,18.039283752441406,18.039283752441406,18.039283752441406,200,0.0,0.0,0.0
2016-08-19 00:00:00-04:00,17.94860076904297,17.94860076904297,17.94860076904297,17.94860076904297,400,0.0,0.0,0.0
2016-08-22 00:00:00-04:00,17.978826512447778,17.980337142944336,17.960688856399877,17.980337142944336,2300,0.0,0.0,0.0
2016-08-23 00:00:00-04:00,17.97882652282715,18.001497511819128,17.97882652282715,17.97882652282715,1900,0.0,0.0,0.0
2016-08-24 00:00:00-04:00,17.91080900354127,17.93347999042014,17.91080900354127,17.914587020874023,1600,0.0,0.0,0.0
2016-08-25 00:00:00-04:00,17.914587020874023,17.914587020874023,17.914587020874023,17.914587020874023,0,0.0,0.0,0.0
2016-08-26 00:00:00-04:00,17.888141470526133,17.89569894870101,17.774782180786133,17.774782180786133,1000,0.0,0.0,0.0
2016-08-29 00:00:00-04:00,17.82012176513672,17.82012176513672,17.81256428859176,17.82012176513672,1600,0.0,0.0,0.0
2016-08-30 00:00:00-04:00,17.798968249632786,17.812571136066403,17.79745617716602,17.80501365661621,800,0.0,0.0,0.0
2016-08-31 00:00:00-04:00,17.780827586749403,17.782339658961007,17.774782180786133,17.774782180786133,600,0.0,0.0,0.0
2016-09-01 00:00:00-04:00,17.81188963345939,17.817947402673425,17.81113277340499,17.814918518066406,1000,0.048,0.0,0.0
2016-09-02 00:00:00-04:00,17.78841934507743,17.830826631163198,17.78841934507743,17.811138153076172,2000,0.0,0.0,0.0
2016-09-06 00:00:00-04:00,17.788419270988744,17.90201042172965,17.788419270988744,17.864147186279297,8200,0.0,0.0,0.0
2016-09-07 00:00:00-04:00,17.91714629072641,17.924719222466567,17.902000427246094,17.902000427246094,2600,0.0,0.0,0.0
2016-09-08 00:00:00-04:00,17.894430603700947,17.894430603700947,17.8565673828125,17.8565673828125,700,0.0,0.0,0.0
2016-09-09 00:00:00-04:00,17.818696579881216,17.818696579881216,17.803550720214844,17.803550720214844,400,0.0,0.0,0.0
2016-09-12 00:00:00-04:00,17.850513879599617,17.850513879599617,17.79598961520438,17.818708419799805,1700,0.0,0.0,0.0
2016-09-13 00:00:00-04:00,17.833843231201172,17.833843231201172,17.833843231201172,17.833843231201172,100,0.0,0.0,0.0
2016-09-14 00:00:00-04:00,17.918664932250977,17.918664932250977,17.918664932250977,17.918664932250977,200,0.0,0.0,0.0
2016-09-15 00:00:00-04:00,17.917160754270647,17.957296024942355,17.917160754270647,17.936092376708984,900,0.0,0.0,0.0
2016-09-16 00:00:00-04:00,18.068613052368164,18.068613052368164,18.068613052368164,18.068613052368164,100,0.0,0.0,0.0
2016-09-19 00:00:00-04:00,18.0686126432297,18.0686126432297,18.030747962301916,18.039077758789062,1600,0.0,0.0,0.0
2016-09-20 00:00:00-04:00,17.967120369292054,17.97696532164227,17.924713121492413,17.951217651367188,2800,0.0,0.0,0.0
2016-09-21 00:00:00-04:00,17.951217651367188,17.951217651367188,17.951217651367188,17.951217651367188,0,0.0,0.0,0.0
2016-09-22 00:00:00-04:00,17.962588565447437,17.962588565447437,17.93229827254108,17.937599182128906,1000,0.0,0.0,0.0
2016-09-23 00:00:00-04:00,17.909575289427597,17.940623879592206,17.909575289427597,17.93986701965332,1600,0.0,0.0,0.0
2016-09-26 00:00:00-04:00,17.93986701965332,17.93986701965332,17.93986701965332,17.93986701965332,0,0.0,0.0,0.0
2016-09-27 00:00:00-04:00,17.94744110107422,17.94744110107422,17.94744110107422,17.94744110107422,400,0.0,0.0,0.0
2016-09-28 00:00:00-04:00,17.894428253173828,17.894428253173828,17.894428253173828,17.894428253173828,400,0.0,0.0,0.0
2016-09-29 00:00:00-04:00,17.894428253173828,17.894428253173828,17.894428253173828,17.894428253173828,0,0.0,0.0,0.0
2016-09-30 00:00:00-04:00,17.924725338217105,17.965618894688653,17.91790926400867,17.937599182128906,1800,0.0,0.0,0.0
2016-10-03 00:00:00-04:00,17.985462188720703,17.985462188720703,17.985462188720703,17.985462188720703,100,0.08,0.0,0.0
2016-10-04 00:00:00-04:00,17.985462188720703,17.985462188720703,17.985462188720703,17.985462188720703,0,0.0,0.0,0.0
2016-10-05 00:00:00-04:00,17.85628890991211,17.85628890991211,17.85628890991211,17.85628890991211,300,0.0,0.0,0.0
2016-10-06 00:00:00-04:00,17.856299242686628,17.856299242686628,17.825904846191406,17.825904846191406,500,0.0,0.0,0.0
2016-10-07 00:00:00-04:00,17.780311584472656,17.780311584472656,17.780311584472656,17.780311584472656,500,0.0,0.0,0.0
2016-10-10 00:00:00-04:00,16.98247712327948,17.765113830566406,16.98247712327948,17.765113830566406,4000,0.0,0.0,0.0
2016-10-11 00:00:00-04:00,17.829704870395606,17.829704870395606,17.825904846191406,17.825904846191406,300,0.0,0.0,0.0
2016-10-12 00:00:00-04:00,17.830454650498673,17.830454650498673,17.810699462890625,17.810699462890625,1100,0.0,0.0,0.0
2016-10-13 00:00:00-04:00,17.818295866747032,17.863885981937894,17.795500084509786,17.803098678588867,2400,0.0,0.0,0.0
2016-10-14 00:00:00-04:00,17.80310956622655,17.827424212579253,17.787912368774414,17.787912368774414,1500,0.0,0.0,0.0
2016-10-17 00:00:00-04:00,17.79550017452477,17.837291717529297,17.79550017452477,17.837291717529297,1100,0.0,0.0,0.0
2016-10-18 00:00:00-04:00,17.837291717529297,17.837291717529297,17.837291717529297,17.837291717529297,0,0.0,0.0,0.0
2016-10-19 00:00:00-04:00,17.837291717529297,17.837291717529297,17.837291717529297,17.837291717529297,0,0.0,0.0,0.0
2016-10-20 00:00:00-04:00,17.844894409179688,17.844894409179688,17.844894409179688,17.844894409179688,100,0.0,0.0,0.0
2016-10-21 00:00:00-04:00,17.75372209177841,17.768159866333008,17.749923516481523,17.768159866333008,300,0.0,0.0,0.0
2016-10-24 00:00:00-04:00,17.768159866333008,17.768159866333008,17.768159866333008,17.768159866333008,0,0.0,0.0,0.0
2016-10-25 00:00:00-04:00,17.768159866333008,17.768159866333008,17.768159866333008,17.768159866333008,0,0.0,0.0,0.0
2016-10-26 00:00:00-04:00,17.768159866333008,17.768159866333008,17.768159866333008,17.768159866333008,0,0.0,0.0,0.0
2016-10-27 00:00:00-04:00,17.768159866333008,17.768159866333008,17.768159866333008,17.768159866333008,0,0.0,0.0,0.0
2016-10-28 00:00:00-04:00,17.628337860107422,17.628337860107422,17.628337860107422,17.628337860107422,400,0.0,0.0,0.0
2016-10-31 00:00:00-04:00,17.628337860107422,17.628337860107422,17.628337860107422,17.628337860107422,0,0.0,0.0,0.0
2016-11-01 00:00:00-04:00,17.677852630615234,17.677852630615234,17.677852630615234,17.677852630615234,200,0.055,0.0,0.0
2016-11-02 00:00:00-04:00,17.72964096069336,17.72964096069336,17.72964096069336,17.72964096069336,100,0.0,0.0,0.0
2016-11-03 00:00:00-04:00,17.723539352416992,17.723539352416992,17.723539352416992,17.723539352416992,200,0.0,0.0,0.0
2016-11-04 00:00:00-04:00,17.708314895629883,17.708314895629883,17.708314895629883,17.708314895629883,200,0.0,0.0,0.0
2016-11-07 00:00:00-05:00,17.662612915039062,17.662612915039062,17.662612915039062,17.662612915039062,400,0.0,0.0,0.0
2016-11-08 00:00:00-05:00,17.616912409768045,17.616912409768045,17.602441787719727,17.602441787719727,500,0.0,0.0,0.0
2016-11-09 00:00:00-05:00,17.602441787719727,17.602441787719727,17.602441787719727,17.602441787719727,0,0.0,0.0,0.0
2016-11-10 00:00:00-05:00,17.43030953354718,17.479817045766485,17.411268629686788,17.472200393676758,3900,0.0,0.0,0.0
2016-11-11 00:00:00-05:00,17.41127327100875,17.444784805863303,17.396039962768555,17.396039962768555,3600,0.0,0.0,0.0
2016-11-14 00:00:00-05:00,17.3960362254574,17.397558684317403,17.392227172851562,17.392227172851562,600,0.0,0.0,0.0
2016-11-15 00:00:00-05:00,17.373188475022303,17.390706923233214,17.34272331394502,17.34653091430664,4700,0.0,0.0,0.0
2016-11-16 00:00:00-05:00,17.297029495239258,17.32292583556386,17.297029495239258,17.297029495239258,8500,0.0,0.0,0.0
2016-11-17 00:00:00-05:00,17.297019641963036,17.300828694226677,17.25893783569336,17.25893783569336,2300,0.0,0.0,0.0
2016-11-18 00:00:00-05:00,17.266556179229507,17.266556179229507,17.22085771668291,17.238374710083008,800,0.0,0.0,0.0
2016-11-21 00:00:00-05:00,17.26883962830548,17.26883962830548,17.25893783569336,17.25893783569336,600,0.0,0.0,0.0
2016-11-22 00:00:00-05:00,17.22847557067871,17.252085306670697,17.22847557067871,17.22847557067871,1700,0.0,0.0,0.0
2016-11-23 00:00:00-05:00,17.11423211698596,17.14088968400751,17.083766948702095,17.105093002319336,2400,0.0,0.0,0.0
2016-11-25 00:00:00-05:00,17.030439376831055,17.030439376831055,17.030439376831055,17.030439376831055,200,0.0,0.0,0.0
2016-11-28 00:00:00-05:00,17.106606221038042,17.12183952331543,17.106606221038042,17.12183952331543,5700,0.0,0.0,0.0
2016-11-29 00:00:00-05:00,17.129462584902488,17.165260713378505,17.129462584902488,17.1370792388916,1600,0.0,0.0,0.0
2016-11-30 00:00:00-05:00,17.159920259138488,17.159920259138488,17.129453659057617,17.129453659057617,300,0.0,0.0,0.0
2016-12-01 00:00:00-05:00,17.1607548046944,17.183656692504883,17.153120842090903,17.183656692504883,1000,0.051,0.0,0.0
2016-12-02 00:00:00-05:00,17.229461669921875,17.229461669921875,17.229461669921875,17.229461669921875,200,0.0,0.0,0.0
2016-12-05 00:00:00-05:00,17.214196025672333,17.298168182373047,17.214196025672333,17.298168182373047,700,0.0,0.0,0.0
2016-12-06 00:00:00-05:00,17.191280364990234,17.19967728201912,17.191280364990234,17.191280364990234,1000,0.0,0.0,0.0
2016-12-07 00:00:00-05:00,17.06914710998535,17.06914710998535,17.06914710998535,17.06914710998535,200,0.0,0.0,0.0
2016-12-08 00:00:00-05:00,16.80196988199128,17.054647822092118,16.80196988199128,17.030982971191406,1700,0.0,0.0,0.0
2016-12-09 00:00:00-05:00,16.94701305309486,16.954645561189864,16.924111160720514,16.943195343017578,2100,0.0,0.0,0.0
2016-12-12 00:00:00-05:00,16.931740209117685,16.947771092316607,16.931740209117685,16.94700813293457,7100,0.0,0.0,0.0
2016-12-13 00:00:00-05:00,16.9470138207112,16.961517333984375,16.9470138207112,16.961517333984375,600,0.0,0.0,0.0
2016-12-14 00:00:00-05:00,16.943198751082164,16.954648971557617,16.939382496267033,16.954648971557617,1200,0.0,0.0,0.0
2016-12-15 00:00:00-05:00,16.855408452083296,16.90121078491211,16.855408452083296,16.90121078491211,1100,0.0,0.0,0.0
2016-12-16 00:00:00-05:00,16.748538970947266,16.748538970947266,16.748538970947266,16.748538970947266,1200,0.0,0.0,0.0
2016-12-19 00:00:00-05:00,16.748532841245737,16.786701202392578,16.748532841245737,16.786701202392578,1600,0.0,0.0,0.0
2016-12-20 00:00:00-05:00,16.765327042489684,16.76990771185387,16.74853319619391,16.7637996673584,1500,0.0,0.0,0.0
2016-12-21 00:00:00-05:00,16.733253479003906,16.763787855848502,16.725619520785592,16.733253479003906,4300,0.0,0.0,0.0
2016-12-22 00:00:00-05:00,16.733253479003906,16.733253479003906,16.733253479003906,16.733253479003906,0,0.0,0.0,0.0
2016-12-23 00:00:00-05:00,16.768385299751678,16.768385299751678,16.74090418749219,16.758460998535156,900,0.0,0.0,0.0
2016-12-27 00:00:00-05:00,16.794335165827878,16.80960309269847,16.786701202392578,16.786701202392578,5800,0.0,0.0,0.0
2016-12-28 00:00:00-05:00,16.779806730404957,16.783634185791016,16.779806730404957,16.783634185791016,400,0.056,0.0,0.0
2016-12-29 00:00:00-05:00,16.75302556274397,16.7790470123291,16.75302556274397,16.7790470123291,1900,0.0,0.0,0.0
2016-12-30 00:00:00-05:00,16.775990502626417,16.81808377790283,16.775990502626417,16.807369232177734,9300,0.0,0.0,0.0
2017-01-03 00:00:00-05:00,16.791287457267444,16.82266616821289,16.791287457267444,16.82266616821289,600,0.0,0.0,0.0
2017-01-04 00:00:00-05:00,16.997936542919373,17.020896911621094,16.997936542919373,17.020896911621094,1600,0.0,0.0,0.0
2017-01-05 00:00:00-05:00,17.242847781592843,17.354585647583008,17.242847781592843,17.354585647583008,2900,0.0,0.0,0.0
2017-01-06 00:00:00-05:00,17.265803414986465,17.31937615428411,17.254323959350586,17.254323959350586,600,0.0,0.0,0.0
2017-01-09 00:00:00-05:00,17.254323959350586,17.254323959350586,17.254323959350586,17.254323959350586,0,0.0,0.0,0.0
2017-01-10 00:00:00-05:00,16.914518125568897,16.91987539951976,16.890792846679688,16.890792846679688,900,0.0,0.0,0.0
2017-01-11 00:00:00-05:00,17.12803805750843,17.158651874719318,17.121150970458984,17.121150970458984,1100,0.0,0.0,0.0
2017-01-12 00:00:00-05:00,17.121150970458984,17.121150970458984,17.121150970458984,17.121150970458984,0,0.0,0.0,0.0
2017-01-13 00:00:00-05:00,17.242834091186523,17.242834091186523,17.242834091186523,17.242834091186523,800,0.0,0.0,0.0
2017-01-17 00:00:00-05:00,17.380596160888672,17.380596160888672,17.380596160888672,17.380596160888672,400,0.0,0.0,0.0
2017-01-18 00:00:00-05:00,17.357632832229985,17.372939736889027,17.357632832229985,17.371408462524414,500,0.0,0.0,0.0
2017-01-19 00:00:00-05:00,17.1663089176624,17.19156400836856,17.1663089176624,17.181615829467773,4400,0.0,0.0,0.0
2017-01-20 00:00:00-05:00,17.15865282260463,17.18926518175947,17.15865282260463,17.173959732055664,9700,0.0,0.0,0.0
2017-01-23 00:00:00-05:00,17.265797757012365,17.29564666748047,17.265797757012365,17.29564666748047,400,0.0,0.0,0.0
2017-01-24 00:00:00-05:00,17.319368073400447,17.342328433707006,17.311716079711914,17.311716079711914,500,0.0,0.0,0.0
2017-01-25 00:00:00-05:00,17.288754695238012,17.32319450378418,17.288754695238012,17.32319450378418,1000,0.0,0.0,0.0
2017-01-26 00:00:00-05:00,17.196918487548828,17.196918487548828,17.196918487548828,17.196918487548828,200,0.0,0.0,0.0
2017-01-27 00:00:00-05:00,17.135680846500275,17.149457931518555,17.135680846500275,17.149457931518555,200,0.0,0.0,0.0
2017-01-30 00:00:00-05:00,17.149457931518555,17.149457931518555,17.149457931518555,17.149457931518555,0,0.0,0.0,0.0
2017-01-31 00:00:00-05:00,17.124203896210556,17.124203896210556,17.11655044555664,17.11655044555664,300,0.0,0.0,0.0
2017-02-01 00:00:00-05:00,17.1518654616382,17.181793212890625,17.1518654616382,17.181793212890625,500,0.06,0.0,0.0
2017-02-02 00:00:00-05:00,17.227834891284274,17.247019269268602,17.212486803427126,17.22553253173828,2800,0.0,0.0,0.0
2017-02-03 00:00:00-05:00,17.381302656410536,17.39051208997296,17.35060795977391,17.373628616333008,2200,0.0,0.0,0.0
2017-02-06 00:00:00-05:00,17.266973170182904,17.304574966430664,17.266973170182904,17.304574966430664,600,0.0,0.0,0.0
2017-02-07 00:00:00-05:00,17.11271095275879,17.11271095275879,17.11271095275879,17.11271095275879,100,0.0,0.0,0.0
2017-02-08 00:00:00-05:00,17.11271095275879,17.11271095275879,17.11271095275879,17.11271095275879,0,0.0,0.0,0.0
2017-02-09 00:00:00-05:00,16.989943699143055,16.99915313720703,16.989943699143055,16.99915313720703,2200,0.0,0.0,0.0
2017-02-10 00:00:00-05:00,16.978436222132572,16.978436222132572,16.936229705810547,16.936229705810547,400,0.0,0.0,0.0
2017-02-13 00:00:00-05:00,16.974590301513672,16.982262878606342,16.974590301513672,16.974590301513672,1800,0.0,0.0,0.0
2017-02-14 00:00:00-05:00,17.064374548219828,17.064374548219828,16.99761199951172,16.99761199951172,900,0.0,0.0,0.0
2017-02-15 00:00:00-05:00,16.974594022087846,16.989940643310547,16.974594022087846,16.989940643310547,6400,0.0,0.0,0.0
2017-02-16 00:00:00-05:00,17.05132752881159,17.07588504436875,17.04365348815918,17.04365348815918,600,0.0,0.0,0.0
2017-02-17 00:00:00-05:00,17.04365348815918,17.07358268580567,17.04365348815918,17.04365348815918,300,0.0,0.0,0.0
2017-02-21 00:00:00-05:00,17.059011459350586,17.059011459350586,17.059011459350586,17.059011459350586,2600,0.0,0.0,0.0
2017-02-22 00:00:00-05:00,17.128076553344727,17.128076553344727,17.128076553344727,17.128076553344727,200,0.0,0.0,0.0
2017-02-23 00:00:00-05:00,17.128076553344727,17.128076553344727,17.128076553344727,17.128076553344727,0,0.0,0.0,0.0
2017-02-24 00:00:00-05:00,17.105046262722322,17.120392880756704,17.093534469604492,17.093534469604492,1600,0.0,0.0,0.0
2017-02-27 00:00:00-05:00,17.093534469604492,17.093534469604492,17.093534469604492,17.093534469604492,0,0.0,0.0,0.0
2017-02-28 00:00:00-05:00,17.082795355815357,17.082795355815357,17.02063751220703,17.02063751220703,1400,0.0,0.0,0.0
2017-03-01 00:00:00-05:00,17.016026240531342,17.016026240531342,16.99294791992439,17.00140953063965,600,0.054,0.0,0.0
2017-03-02 00:00:00-05:00,16.9390926361084,16.96216947947426,16.9390926361084,16.9390926361084,1600,0.0,0.0,0.0
2017-03-03 00:00:00-05:00,16.862167005847258,16.895244598388672,16.862167005847258,16.895244598388672,1500,0.0,0.0,0.0
2017-03-06 00:00:00-05:00,16.892941396961206,16.892941396961206,16.885250091552734,16.885250091552734,500,0.0,0.0,0.0
2017-03-07 00:00:00-05:00,16.869864546243083,16.885250091552734,16.869864546243083,16.885250091552734,2200,0.0,0.0,0.0
2017-03-08 00:00:00-05:00,16.831406408145003,16.853715896606445,16.831406408145003,16.853715896606445,800,0.0,0.0,0.0
2017-03-09 00:00:00-05:00,16.81985499726794,16.82447095231762,16.808316576889474,16.8167781829834,2700,0.0,0.0,0.0
2017-03-10 00:00:00-05:00,16.88601892864431,16.88909574425697,16.87755731889791,16.885250091552734,4700,0.0,0.0,0.0
2017-03-13 00:00:00-04:00,16.908322857374895,16.919862747192383,16.908322857374895,16.919862747192383,400,0.0,0.0,0.0
2017-03-14 00:00:00-04:00,16.919862747192383,16.919862747192383,16.919862747192383,16.919862747192383,0,0.0,0.0,0.0
2017-03-15 00:00:00-04:00,16.954479985136427,16.996788024902344,16.946787214111886,16.996788024902344,900,0.0,0.0,0.0
2017-03-16 00:00:00-04:00,16.98525047302246,16.98525047302246,16.97755770160342,16.98525047302246,400,0.0,0.0,0.0
2017-03-17 00:00:00-04:00,16.962175369262695,16.962175369262695,16.962175369262695,16.962175369262695,300,0.0,0.0,0.0
2017-03-20 00:00:00-04:00,16.94678263388662,16.962166704531793,16.94678263388662,16.95447540283203,3100,0.0,0.0,0.0
2017-03-21 00:00:00-04:00,16.93140574500876,16.962175369262695,16.93140574500876,16.962175369262695,400,0.0,0.0,0.0
2017-03-22 00:00:00-04:00,16.962175369262695,16.962175369262695,16.962175369262695,16.962175369262695,0,0.0,0.0,0.0
2017-03-23 00:00:00-04:00,16.962175369262695,16.962175369262695,16.962175369262695,16.962175369262695,3000,0.0,0.0,0.0
2017-03-24 00:00:00-04:00,16.93524932861328,16.93524932861328,16.93524932861328,16.93524932861328,100,0.0,0.0,0.0
2017-03-27 00:00:00-04:00,17.000648498535156,17.000648498535156,17.000648498535156,17.000648498535156,500,0.0,0.0,0.0
2017-03-28 00:00:00-04:00,17.016019821166992,17.016019821166992,17.016019821166992,17.016019821166992,100,0.0,0.0,0.0
2017-03-29 00:00:00-04:00,17.016019821166992,17.016019821166992,17.016019821166992,17.016019821166992,0,0.0,0.0,0.0
2017-03-30 00:00:00-04:00,16.946786880493164,16.946786880493164,16.946786880493164,16.946786880493164,400,0.0,0.0,0.0
2017-03-31 00:00:00-04:00,16.946786880493164,16.946786880493164,16.946786880493164,16.946786880493164,0,0.0,0.0,0.0
2017-04-03 00:00:00-04:00,16.95912742614746,16.95912742614746,16.95912742614746,16.95912742614746,200,0.06,0.0,0.0
2017-04-04 00:00:00-04:00,16.962220215545322,17.000789130112192,16.962220215545322,16.97764778137207,900,0.0,0.0,0.0
2017-04-05 00:00:00-04:00,16.97764778137207,16.97764778137207,16.97764778137207,16.97764778137207,0,0.0,0.0,0.0
2017-04-06 00:00:00-04:00,16.97764778137207,16.97764778137207,16.97764778137207,16.97764778137207,0,0.0,0.0,0.0
2017-04-07 00:00:00-04:00,16.88662502962774,16.899738311767578,16.88662502962774,16.899738311767578,500,0.0,0.0,0.0
2017-04-10 00:00:00-04:00,16.877361297607422,16.877361297607422,16.877361297607422,16.877361297607422,600,0.0,0.0,0.0
2017-04-11 00:00:00-04:00,16.86965374260306,16.881223678588867,16.86965374260306,16.881223678588867,1600,0.0,0.0,0.0
2017-04-12 00:00:00-04:00,16.885079370401623,16.88893699645996,16.885079370401623,16.88893699645996,600,0.0,0.0,0.0
2017-04-13 00:00:00-04:00,16.904354095458984,16.904354095458984,16.904354095458984,16.904354095458984,100,0.0,0.0,0.0
2017-04-17 00:00:00-04:00,16.946788242661107,16.950645868741436,16.93136215209961,16.93136215209961,1000,0.0,0.0,0.0
2017-04-18 00:00:00-04:00,16.962215120911374,16.962215120911374,16.914390563964844,16.914390563964844,2900,0.0,0.0,0.0
2017-04-19 00:00:00-04:00,16.917472084314042,16.917472084314042,16.89433221883534,16.89664649963379,6300,0.0,0.0,0.0
2017-04-20 00:00:00-04:00,16.89664649963379,16.89664649963379,16.89664649963379,16.89664649963379,200,0.0,0.0,0.0
2017-04-21 00:00:00-04:00,16.86578369140625,16.86578369140625,16.86578369140625,16.86578369140625,100,0.0,0.0,0.0
2017-04-24 00:00:00-04:00,16.85421856334261,16.85421856334261,16.831077230576202,16.851133346557617,1400,0.0,0.0,0.0
2017-04-25 00:00:00-04:00,16.851133346557617,16.851133346557617,16.851133346557617,16.851133346557617,0,0.0,0.0,0.0
2017-04-26 00:00:00-04:00,16.769378662109375,16.77014959896051,16.769378662109375,16.769378662109375,2000,0.0,0.0,0.0
2017-04-27 00:00:00-04:00,16.770922007065185,16.796376164434534,16.769378662109375,16.769378662109375,500,0.0,0.0,0.0
2017-04-28 00:00:00-04:00,16.800228118896484,16.800228118896484,16.800228118896484,16.800228118896484,100,0.0,0.0,0.0
2017-05-01 00:00:00-04:00,16.817245483398438,16.817245483398438,16.817245483398438,16.817245483398438,100,0.057,0.0,0.0
2017-05-02 00:00:00-04:00,17.4398197880713,17.4398197880713,16.5813640009177,16.929386138916016,3000,0.0,0.0,0.0
2017-05-03 00:00:00-04:00,16.913911819458008,16.913911819458008,16.913911819458008,16.913911819458008,100,0.0,0.0,0.0
2017-05-04 00:00:00-04:00,16.813377380371094,16.813377380371094,16.813377380371094,16.813377380371094,1100,0.0,0.0,0.0
2017-05-05 00:00:00-04:00,16.813377380371094,16.813377380371094,16.813377380371094,16.813377380371094,0,0.0,0.0,0.0
2017-05-08 00:00:00-04:00,16.527219338135424,16.534951881256763,16.49009664065514,16.507110595703125,4600,0.0,0.0,0.0
2017-05-09 00:00:00-04:00,16.937120861279674,16.968056950441756,16.937120861279674,16.957229614257812,1600,0.0,0.0,0.0
2017-05-10 00:00:00-04:00,16.896114349365234,16.896114349365234,16.896114349365234,16.896114349365234,200,0.0,0.0,0.0
2017-05-11 00:00:00-04:00,16.852046966552734,16.852046966552734,16.852046966552734,16.852046966552734,200,0.0,0.0,0.0
2017-05-12 00:00:00-04:00,16.8597746025533,16.87833595275879,16.8597746025533,16.87833595275879,200,0.0,0.0,0.0
2017-05-15 00:00:00-04:00,16.859786987304688,16.859786987304688,16.859786987304688,16.859786987304688,100,0.0,0.0,0.0
2017-05-16 00:00:00-04:00,16.86751802241444,16.882986068725586,16.86751802241444,16.882986068725586,400,0.0,0.0,0.0
2017-05-17 00:00:00-04:00,16.882986068725586,16.882986068725586,16.882986068725586,16.882986068725586,0,0.0,0.0,0.0
2017-05-18 00:00:00-04:00,16.89844846076539,16.93711708849053,16.89844846076539,16.899221420288086,2600,0.0,0.0,0.0
2017-05-19 00:00:00-04:00,16.899221420288086,16.899221420288086,16.899221420288086,16.899221420288086,0,0.0,0.0,0.0
2017-05-22 00:00:00-04:00,16.899221420288086,16.899221420288086,16.899221420288086,16.899221420288086,0,0.0,0.0,0.0
2017-05-23 00:00:00-04:00,17.004404067993164,17.004404067993164,17.004404067993164,17.004404067993164,300,0.0,0.0,0.0
2017-05-24 00:00:00-04:00,17.004404067993164,17.004404067993164,17.004404067993164,17.004404067993164,0,0.0,0.0,0.0
2017-05-25 00:00:00-04:00,17.004404067993164,17.004404067993164,17.004404067993164,17.004404067993164,0,0.0,0.0,0.0
2017-05-26 00:00:00-04:00,17.07632064819336,17.07632064819336,17.07632064819336,17.07632064819336,600,0.0,0.0,0.0
2017-05-30 00:00:00-04:00,17.167583615772024,17.20006561279297,17.167583615772024,17.20006561279297,900,0.0,0.0,0.0
2017-05-31 00:00:00-04:00,17.20006561279297,17.20006561279297,17.20006561279297,17.20006561279297,0,0.0,0.0,0.0
2017-06-01 00:00:00-04:00,17.338342978727272,17.34300422668457,17.338342978727272,17.34300422668457,800,0.098,0.0,0.0
2017-06-02 00:00:00-04:00,17.377178192138672,17.377178192138672,17.377178192138672,17.377178192138672,300,0.0,0.0,0.0
2017-06-05 00:00:00-04:00,17.346109413571348,17.353877665471828,17.3367884002763,17.342226028442383,11400,0.0,0.0,0.0
2017-06-06 00:00:00-04:00,17.38494300842285,17.38494300842285,17.38494300842285,17.38494300842285,700,0.0,0.0,0.0
2017-06-07 00:00:00-04:00,17.38494300842285,17.38494300842285,17.38494300842285,17.38494300842285,0,0.0,0.0,0.0
2017-06-08 00:00:00-04:00,17.38494300842285,17.38494300842285,17.38494300842285,17.38494300842285,0,0.0,0.0,0.0
2017-06-09 00:00:00-04:00,17.299504388362507,17.299504388362507,17.27930663358483,17.284744262695312,1000,0.0,0.0,0.0
2017-06-12 00:00:00-04:00,17.283965293789468,17.307270050048828,17.283965293789468,17.307270050048828,1000,0.0,0.0,0.0
2017-06-13 00:00:00-04:00,17.307270050048828,17.307270050048828,17.307270050048828,17.307270050048828,0,0.0,0.0,0.0
2017-06-14 00:00:00-04:00,17.28396339761004,17.32358103441183,17.2684268951416,17.2684268951416,1300,0.0,0.0,0.0
2017-06-15 00:00:00-04:00,17.2684268951416,17.2684268951416,17.2684268951416,17.2684268951416,0,0.0,0.0,0.0
2017-06-16 00:00:00-04:00,17.247451782226562,17.247451782226562,17.247451782226562,17.247451782226562,1100,0.0,0.0,0.0
2017-06-19 00:00:00-04:00,17.283952713012695,17.283952713012695,17.283952713012695,17.283952713012695,300,0.0,0.0,0.0
2017-06-20 00:00:00-04:00,17.214056411887384,17.269210569720872,17.214056411887384,17.267656326293945,600,0.0,0.0,0.0
2017-06-21 00:00:00-04:00,17.267656326293945,17.267656326293945,17.267656326293945,17.267656326293945,0,0.0,0.0,0.0
2017-06-22 00:00:00-04:00,17.315040588378906,17.315040588378906,17.315040588378906,17.315040588378906,100,0.0,0.0,0.0
2017-06-23 00:00:00-04:00,17.245127588379233,17.270761489868164,17.245127588379233,17.270761489868164,600,0.0,0.0,0.0
2017-06-26 00:00:00-04:00,17.270761489868164,17.270761489868164,17.270761489868164,17.270761489868164,0,0.0,0.0,0.0
2017-06-27 00:00:00-04:00,17.245125082873102,17.257553100585938,17.2373568309813,17.257553100585938,800,0.0,0.0,0.0
2017-06-28 00:00:00-04:00,17.307272335266745,17.315040588378906,17.307272335266745,17.315040588378906,500,0.0,0.0,0.0
2017-06-29 00:00:00-04:00,17.35387420654297,17.35387420654297,17.35387420654297,17.35387420654297,700,0.0,0.0,0.0
2017-06-30 00:00:00-04:00,17.3771793385693,17.3771793385693,17.361642837524414,17.361642837524414,800,0.0,0.0,0.0
2017-07-03 00:00:00-04:00,17.353853225708008,17.353853225708008,17.353853225708008,17.353853225708008,3000,0.06,0.0,0.0
2017-07-05 00:00:00-04:00,17.307111740112305,17.31723779368173,17.291534910347718,17.307111740112305,6500,0.0,0.0,0.0
2017-07-06 00:00:00-04:00,17.32269840998737,17.392799377441406,17.32269840998737,17.392799377441406,4500,0.0,0.0,0.0
2017-07-07 00:00:00-04:00,17.104605015683312,17.369430541992188,16.821865756491576,17.369430541992188,2900,0.0,0.0,0.0
2017-07-10 00:00:00-04:00,17.363984983086404,17.372554103269515,17.346071243286133,17.346071243286133,1100,0.0,0.0,0.0
2017-07-11 00:00:00-04:00,17.391238018013098,17.391238018013098,17.377218124012757,17.37877655029297,1000,0.0,0.0,0.0
2017-07-12 00:00:00-04:00,17.420063509672847,17.420063509672847,17.40838050842285,17.40838050842285,900,0.0,0.0,0.0
2017-07-13 00:00:00-04:00,17.416166305541992,17.416166305541992,17.416166305541992,17.416166305541992,100,0.0,0.0,0.0
2017-07-14 00:00:00-04:00,17.447330703307752,17.53301003630121,17.43954153797822,17.52522087097168,2100,0.0,0.0,0.0
2017-07-17 00:00:00-04:00,17.52522087097168,17.52522087097168,17.52522087097168,17.52522087097168,0,0.0,0.0,0.0
2017-07-18 00:00:00-04:00,17.52522087097168,17.52522087097168,17.52522087097168,17.52522087097168,200,0.0,0.0,0.0
2017-07-19 00:00:00-04:00,17.52522087097168,17.52522087097168,17.52522087097168,17.52522087097168,0,0.0,0.0,0.0
2017-07-20 00:00:00-04:00,17.556370517354146,17.556370517354146,17.54157066345215,17.54157066345215,500,0.0,0.0,0.0
2017-07-21 00:00:00-04:00,17.54157066345215,17.54157066345215,17.54157066345215,17.54157066345215,0,0.0,0.0,0.0
2017-07-24 00:00:00-04:00,17.533782686641445,17.534561157226562,17.533004216056327,17.534561157226562,1000,0.0,0.0,0.0
2017-07-25 00:00:00-04:00,17.534561157226562,17.534561157226562,17.534561157226562,17.534561157226562,0,0.0,0.0,0.0
2017-07-26 00:00:00-04:00,17.556365685784744,17.556365685784744,17.47847557067871,17.47847557067871,200,0.0,0.0,0.0
2017-07-27 00:00:00-04:00,17.52522087097168,17.52522087097168,17.52522087097168,17.52522087097168,300,0.0,0.0,0.0
2017-07-28 00:00:00-04:00,17.501839041064187,17.54078483581543,17.501839041064187,17.54078483581543,1700,0.0,0.0,0.0
2017-07-31 00:00:00-04:00,17.612450750035986,17.612450750035986,17.587526321411133,17.587526321411133,600,0.0,0.0,0.0
2017-08-01 00:00:00-04:00,17.665623005132257,17.665623005132257,17.622669219970703,17.622669219970703,4200,0.06,0.0,0.0
2017-08-02 00:00:00-04:00,17.622669219970703,17.622669219970703,17.622669219970703,17.622669219970703,0,0.0,0.0,0.0
2017-08-03 00:00:00-04:00,17.556283950805664,17.556283950805664,17.556283950805664,17.556283950805664,400,0.0,0.0,0.0
2017-08-04 00:00:00-04:00,17.553157806396484,17.553157806396484,17.553157806396484,17.553157806396484,300,0.0,0.0,0.0
2017-08-07 00:00:00-04:00,17.51723861694336,17.51723861694336,17.51723861694336,17.51723861694336,200,0.0,0.0,0.0
2017-08-08 00:00:00-04:00,17.68904333058571,17.68904333058571,17.595327377319336,17.595327377319336,600,0.0,0.0,0.0
2017-08-09 00:00:00-04:00,17.72418975830078,17.72418975830078,17.72418975830078,17.72418975830078,200,0.0,0.0,0.0
2017-08-10 00:00:00-04:00,17.712478637695312,17.712478637695312,17.712478637695312,17.712478637695312,100,0.0,0.0,0.0
2017-08-11 00:00:00-04:00,17.67343588732589,17.681245803833008,17.67343588732589,17.681245803833008,200,0.0,0.0,0.0
2017-08-14 00:00:00-04:00,17.681245803833008,17.681245803833008,17.681245803833008,17.681245803833008,0,0.0,0.0,0.0
2017-08-15 00:00:00-04:00,17.681245803833008,17.681245803833008,17.681245803833008,17.681245803833008,0,0.0,0.0,0.0
2017-08-16 00:00:00-04:00,17.610951142876775,17.707792282104492,17.610951142876775,17.707792282104492,800,0.0,0.0,0.0
2017-08-17 00:00:00-04:00,17.712485299994235,17.766372680664062,17.712485299994235,17.766372680664062,400,0.0,0.0,0.0
2017-08-18 00:00:00-04:00,17.766372680664062,17.766372680664062,17.766372680664062,17.766372680664062,0,0.0,0.0,0.0
2017-08-21 00:00:00-04:00,17.728094368088435,17.755428314208984,17.728094368088435,17.755428314208984,600,0.0,0.0,0.0
2017-08-22 00:00:00-04:00,17.755428314208984,17.755428314208984,17.755428314208984,17.755428314208984,0,0.0,0.0,0.0
2017-08-23 00:00:00-04:00,17.755428314208984,17.755428314208984,17.755428314208984,17.755428314208984,0,0.0,0.0,0.0
2017-08-24 00:00:00-04:00,17.755428314208984,17.755428314208984,17.755428314208984,17.755428314208984,0,0.0,0.0,0.0
2017-08-25 00:00:00-04:00,17.79057502746582,17.79057502746582,17.79057502746582,17.79057502746582,200,0.0,0.0,0.0
2017-08-28 00:00:00-04:00,17.860864001800312,17.874139216183874,17.860864001800312,17.871015548706055,6200,0.0,0.0,0.0
2017-08-29 00:00:00-04:00,17.923336055640036,17.942079544067383,17.923336055640036,17.942079544067383,1000,0.0,0.0,0.0
2017-08-30 00:00:00-04:00,17.919435238916755,17.919435238916755,17.892101287841797,17.892101287841797,1300,0.0,0.0,0.0
2017-08-31 00:00:00-04:00,17.9389633409557,18.001441170365464,17.90069580078125,17.90069580078125,1300,0.0,0.0,0.0
2017-09-01 00:00:00-04:00,17.987613478336602,18.00797462463379,17.987613478336602,18.00797462463379,500,0.062,0.0,0.0
2017-09-05 00:00:00-04:00,18.042435503227402,18.086288452148438,18.042435503227402,18.086288452148438,900,0.0,0.0,0.0
2017-09-06 00:00:00-04:00,18.148151397705078,18.148151397705078,18.148151397705078,18.148151397705078,100,0.0,0.0,0.0
2017-09-07 00:00:00-04:00,18.2460373895141,18.2460373895141,18.152067214854668,18.20296859741211,800,0.0,0.0,0.0
2017-09-08 00:00:00-04:00,18.278142691933294,18.278142691933294,18.247602462768555,18.247602462768555,300,0.0,0.0,0.0
2017-09-11 00:00:00-04:00,18.18339123750063,18.18809019461405,18.140322442724585,18.147369384765625,9900,0.0,0.0,0.0
2017-09-12 00:00:00-04:00,18.10898208618164,18.10898208618164,18.10898208618164,18.10898208618164,200,0.0,0.0,0.0
2017-09-13 00:00:00-04:00,18.050263340817292,18.050263340817292,18.026771545410156,18.026771545410156,500,0.0,0.0,0.0
2017-09-14 00:00:00-04:00,18.08941078186035,18.08941078186035,18.08941078186035,18.08941078186035,100,0.0,0.0,0.0
2017-09-15 00:00:00-04:00,18.046344757080078,18.046344757080078,18.046344757080078,18.046344757080078,100,0.0,0.0,0.0
2017-09-18 00:00:00-04:00,17.956290325172212,18.042430877685547,17.948459230068394,18.042430877685547,5200,0.0,0.0,0.0
2017-09-19 00:00:00-04:00,18.042430877685547,18.042430877685547,18.042430877685547,18.042430877685547,0,0.0,0.0,0.0
2017-09-20 00:00:00-04:00,18.042430877685547,18.042430877685547,18.042430877685547,18.042430877685547,0,0.0,0.0,0.0
2017-09-21 00:00:00-04:00,17.97978585615525,17.993098571237553,17.971956253051758,17.971956253051758,2400,0.0,0.0,0.0
2017-09-22 00:00:00-04:00,18.05809783935547,18.05809783935547,18.05809783935547,18.05809783935547,1100,0.0,0.0,0.0
2017-09-25 00:00:00-04:00,18.05809783935547,18.05809783935547,18.05809783935547,18.05809783935547,0,0.0,0.0,0.0
2017-09-26 00:00:00-04:00,17.874070675227017,17.88581657409668,17.874070675227017,17.88581657409668,200,0.0,0.0,0.0
2017-09-27 00:00:00-04:00,17.791849735503796,17.838836331004707,17.791849735503796,17.824739456176758,700,0.0,0.0,0.0
2017-09-28 00:00:00-04:00,17.824739456176758,17.824739456176758,17.824739456176758,17.824739456176758,0,0.0,0.0,0.0
2017-09-29 00:00:00-04:00,17.88973045349121,17.88973045349121,17.88973045349121,17.88973045349121,100,0.0,0.0,0.0
2017-10-02 00:00:00-04:00,17.731888095393252,17.76015804789558,17.731888095393252,17.755447387695312,1200,0.064,0.0,0.0
2017-10-03 00:00:00-04:00,17.74758838167265,17.782926559448242,17.74758838167265,17.782926559448242,300,0.0,0.0,0.0
2017-10-04 00:00:00-04:00,17.782926559448242,17.782926559448242,17.782926559448242,17.782926559448242,0,0.0,0.0,0.0
2017-10-05 00:00:00-04:00,17.847339630126953,17.847339630126953,17.847339630126953,17.847339630126953,700,0.0,0.0,0.0
2017-10-06 00:00:00-04:00,17.77114896378852,17.794708251953125,17.77114896378852,17.794708251953125,300,0.0,0.0,0.0
2017-10-09 00:00:00-04:00,17.857539271176805,17.904656370125792,17.857539271176805,17.902301788330078,1000,0.0,0.0,0.0
2017-10-10 00:00:00-04:00,18.140226364135742,18.140226364135742,18.140226364135742,18.140226364135742,400,0.0,0.0,0.0
2017-10-11 00:00:00-04:00,18.140226364135742,18.140226364135742,18.140226364135742,18.140226364135742,0,0.0,0.0,0.0
2017-10-12 00:00:00-04:00,18.093120574951172,18.093120574951172,18.093120574951172,18.093120574951172,100,0.0,0.0,0.0
2017-10-13 00:00:00-04:00,18.13238525390625,18.13238525390625,18.13238525390625,18.13238525390625,100,0.0,0.0,0.0
2017-10-16 00:00:00-04:00,18.13238525390625,18.13238525390625,18.13238525390625,18.13238525390625,0,0.0,0.0,0.0
2017-10-17 00:00:00-04:00,18.13238525390625,18.13238525390625,18.13238525390625,18.13238525390625,0,0.0,0.0,0.0
2017-10-18 00:00:00-04:00,17.895225524902344,17.895225524902344,17.895225524902344,17.895225524902344,300,0.0,0.0,0.0
2017-10-19 00:00:00-04:00,17.90465545654297,17.90465545654297,17.90465545654297,17.90465545654297,100,0.0,0.0,0.0
2017-10-20 00:00:00-04:00,17.90465545654297,17.90465545654297,17.90465545654297,17.90465545654297,0,0.0,0.0,0.0
2017-10-23 00:00:00-04:00,17.84261437467788,17.885019302368164,17.84261437467788,17.885019302368164,700,0.0,0.0,0.0
2017-10-24 00:00:00-04:00,17.826125621906172,17.83005142211914,17.826125621906172,17.83005142211914,400,0.0,0.0,0.0
2017-10-25 00:00:00-04:00,17.83005142211914,17.83005142211914,17.83005142211914,17.83005142211914,0,0.0,0.0,0.0
2017-10-26 00:00:00-04:00,17.83005142211914,17.83005142211914,17.83005142211914,17.83005142211914,0,0.0,0.0,0.0
2017-10-27 00:00:00-04:00,17.778998911474478,17.778998911474478,17.763294219970703,17.763294219970703,900,0.0,0.0,0.0
2017-10-30 00:00:00-04:00,17.80649185180664,17.80649185180664,17.80649185180664,17.80649185180664,100,0.0,0.0,0.0
2017-10-31 00:00:00-04:00,17.80649185180664,17.80649185180664,17.80649185180664,17.80649185180664,1000,0.0,0.0,0.0
2017-11-01 00:00:00-04:00,17.881303787231445,17.881303787231445,17.881303787231445,17.881303787231445,1000,0.062,0.0,0.0
2017-11-02 00:00:00-04:00,17.875004543829167,17.902565002441406,17.875004543829167,17.902565002441406,1200,0.0,0.0,0.0
2017-11-03 00:00:00-04:00,17.780506134033203,17.780506134033203,17.780506134033203,17.780506134033203,200,0.0,0.0,0.0
2017-11-06 00:00:00-05:00,17.798608779907227,17.798608779907227,17.798608779907227,17.798608779907227,500,0.0,0.0,0.0
2017-11-07 00:00:00-05:00,17.87421226501465,17.87421226501465,17.87421226501465,17.87421226501465,1000,0.0,0.0,0.0
2017-11-08 00:00:00-05:00,17.87421226501465,17.87421226501465,17.87421226501465,17.87421226501465,0,0.0,0.0,0.0
2017-11-09 00:00:00-05:00,17.87421226501465,17.87421226501465,17.87421226501465,17.87421226501465,0,0.0,0.0,0.0
2017-11-10 00:00:00-05:00,17.87421226501465,17.87421226501465,17.87421226501465,17.87421226501465,0,0.0,0.0,0.0
2017-11-13 00:00:00-05:00,17.87421226501465,17.87421226501465,17.87421226501465,17.87421226501465,0,0.0,0.0,0.0
2017-11-14 00:00:00-05:00,17.729324340820312,17.729324340820312,17.729324340820312,17.729324340820312,100,0.0,0.0,0.0
2017-11-15 00:00:00-05:00,17.729324340820312,17.729324340820312,17.729324340820312,17.729324340820312,0,0.0,0.0,0.0
2017-11-16 00:00:00-05:00,17.729324340820312,17.729324340820312,17.729324340820312,17.729324340820312,0,0.0,0.0,0.0
2017-11-17 00:00:00-05:00,17.756879806518555,17.756879806518555,17.756879806518555,17.756879806518555,700,0.0,0.0,0.0
2017-11-20 00:00:00-05:00,17.70964241027832,17.735628846899232,17.70964241027832,17.70964241027832,1800,0.0,0.0,0.0
2017-11-21 00:00:00-05:00,17.70964241027832,17.70964241027832,17.70964241027832,17.70964241027832,200,0.0,0.0,0.0
2017-11-22 00:00:00-05:00,17.797042124041088,17.797042124041088,17.796255111694336,17.796255111694336,1100,0.0,0.0,0.0
2017-11-24 00:00:00-05:00,17.847434997558594,17.847434997558594,17.847434997558594,17.847434997558594,500,0.0,0.0,0.0
2017-11-27 00:00:00-05:00,17.867130279541016,17.867130279541016,17.867130279541016,17.867130279541016,1100,0.0,0.0,0.0
2017-11-28 00:00:00-05:00,17.867130279541016,17.867130279541016,17.867130279541016,17.867130279541016,0,0.0,0.0,0.0
2017-11-29 00:00:00-05:00,17.78838456479051,17.78838456479051,17.72696304321289,17.72696304321289,700,0.0,0.0,0.0
2017-11-30 00:00:00-05:00,17.72932413749043,17.72932413749043,17.725387573242188,17.725387573242188,1300,0.0,0.0,0.0
2017-12-01 00:00:00-05:00,17.73958969116211,17.73958969116211,17.73958969116211,17.73958969116211,200,0.057,0.0,0.0
2017-12-04 00:00:00-05:00,17.71511917910704,17.72222328186035,17.71511917910704,17.72222328186035,500,0.0,0.0,0.0
2017-12-05 00:00:00-05:00,17.72222328186035,17.72222328186035,17.72222328186035,17.72222328186035,0,0.0,0.0,0.0
2017-12-06 00:00:00-05:00,17.738801956176758,17.738801956176758,17.738801956176758,17.738801956176758,100,0.0,0.0,0.0
2017-12-07 00:00:00-05:00,17.72301573968693,17.736434936523438,17.72301573968693,17.736434936523438,1000,0.0,0.0,0.0
2017-12-08 00:00:00-05:00,17.75459119383338,17.76248581266169,17.738801956176758,17.738801956176758,1500,0.0,0.0,0.0
2017-12-11 00:00:00-05:00,17.93617291867119,18.015117645263672,17.93617291867119,18.015117645263672,1400,0.0,0.0,0.0
2017-12-12 00:00:00-05:00,17.785382383913824,17.800382614135742,17.785382383913824,17.800382614135742,300,0.0,0.0,0.0
2017-12-13 00:00:00-05:00,17.800382614135742,17.800382614135742,17.800382614135742,17.800382614135742,0,0.0,0.0,0.0
2017-12-14 00:00:00-05:00,17.833539709699664,17.837486267089844,17.833539709699664,17.837486267089844,300,0.0,0.0,0.0
2017-12-15 00:00:00-05:00,17.75458536635918,17.75458536635918,17.74669075012207,17.74669075012207,3200,0.0,0.0,0.0
2017-12-18 00:00:00-05:00,17.770387649536133,17.783017840195946,17.770387649536133,17.770387649536133,700,0.0,0.0,0.0
2017-12-19 00:00:00-05:00,17.770387649536133,17.770387649536133,17.770387649536133,17.770387649536133,0,0.0,0.0,0.0
2017-12-20 00:00:00-05:00,17.884849548339844,17.884849548339844,17.884849548339844,17.884849548339844,1500,0.0,0.0,0.0
2017-12-21 00:00:00-05:00,17.880903405294877,17.983531951904297,17.880903405294877,17.983531951904297,300,0.0,0.0,0.0
2017-12-22 00:00:00-05:00,17.983531951904297,17.983531951904297,17.983531951904297,17.983531951904297,0,0.0,0.0,0.0
2017-12-26 00:00:00-05:00,17.983531951904297,17.983531951904297,17.983531951904297,17.983531951904297,0,0.0,0.0,0.0
2017-12-27 00:00:00-05:00,17.94553565979004,17.94553565979004,17.94553565979004,17.94553565979004,200,0.062,0.0,0.0
2017-12-28 00:00:00-05:00,17.97719955444336,18.020737709509877,17.97719955444336,17.97719955444336,700,0.0,0.0,0.0
2017-12-29 00:00:00-05:00,17.97719955444336,17.97719955444336,17.97719955444336,17.97719955444336,0,0.0,0.0,0.0
2018-01-02 00:00:00-05:00,18.072189331054688,18.072189331054688,18.072189331054688,18.072189331054688,900,0.0,0.0,0.0
2018-01-03 00:00:00-05:00,18.072189331054688,18.072189331054688,18.072189331054688,18.072189331054688,0,0.0,0.0,0.0
2018-01-04 00:00:00-05:00,18.072189331054688,18.072189331054688,18.072189331054688,18.072189331054688,0,0.0,0.0,0.0
2018-01-05 00:00:00-05:00,18.119675879687655,18.15450668334961,18.119675879687655,18.15450668334961,400,0.0,0.0,0.0
2018-01-08 00:00:00-05:00,18.127599693306177,18.15768051147461,18.127599693306177,18.15768051147461,800,0.0,0.0,0.0
2018-01-09 00:00:00-05:00,18.135507002313318,18.135507002313318,18.080095393229968,18.119674682617188,2100,0.0,0.0,0.0
2018-01-10 00:00:00-05:00,18.088019083676034,18.088019083676034,18.080102920532227,18.080102920532227,500,0.0,0.0,0.0
2018-01-11 00:00:00-05:00,18.147388458251953,18.147388458251953,18.147388458251953,18.147388458251953,200,0.0,0.0,0.0
2018-01-12 00:00:00-05:00,18.198855681642232,18.206771850585938,18.198855681642232,18.206771850585938,1100,0.0,0.0,0.0
2018-01-16 00:00:00-05:00,18.238428115844727,18.270882430736556,18.238428115844727,18.238428115844727,3700,0.0,0.0,0.0
2018-01-17 00:00:00-05:00,18.285914131776362,18.32153610222856,18.277997970581055,18.277997970581055,1000,0.0,0.0,0.0
2018-01-18 00:00:00-05:00,18.317589475797785,18.317589475797785,18.309673309326172,18.309673309326172,300,0.0,0.0,0.0
2018-01-19 00:00:00-05:00,18.373002335817002,18.400709675211385,18.373002335817002,18.380918502807617,400,0.0,0.0,0.0
2018-01-22 00:00:00-05:00,18.392788215068325,18.404661707210007,18.38408088684082,18.38408088684082,1100,0.0,0.0,0.0
2018-01-23 00:00:00-05:00,18.400691747332946,18.412565231323242,18.3975240757394,18.412565231323242,500,0.0,0.0,0.0
2018-01-24 00:00:00-05:00,18.53132088775745,18.53132088775745,18.49253273010254,18.49253273010254,3400,0.0,0.0,0.0
2018-01-25 00:00:00-05:00,18.67381028884759,18.689642622529366,18.6658941220067,18.681726455688477,1100,0.0,0.0,0.0
2018-01-26 00:00:00-05:00,18.697550663225805,18.740296133763653,18.697550663225805,18.70546531677246,2400,0.0,0.0,0.0
2018-01-29 00:00:00-05:00,18.547147084064363,18.5748529017945,18.547147084064363,18.555063247680664,2600,0.0,0.0,0.0
2018-01-30 00:00:00-05:00,18.555063247680664,18.555063247680664,18.555063247680664,18.555063247680664,0,0.0,0.0,0.0
2018-01-31 00:00:00-05:00,18.7450511978006,18.7450511978006,18.71338653564453,18.71338653564453,400,0.0,0.0,0.0
2018-02-01 00:00:00-05:00,18.748315811157227,18.748315811157227,18.748315811157227,18.748315811157227,200,0.064,0.0,0.0
2018-02-02 00:00:00-05:00,18.700682182330183,18.700682182330183,18.672901153564453,18.672901153564453,500,0.0,0.0,0.0
2018-02-05 00:00:00-05:00,18.684806532890235,18.71655562805844,18.660993576049805,18.660993576049805,1000,0.0,0.0,0.0
2018-02-06 00:00:00-05:00,18.78006379597166,18.827688217163086,18.78006379597166,18.827688217163086,1200,0.0,0.0,0.0
2018-02-07 00:00:00-05:00,18.811805725097656,18.811805725097656,18.811805725097656,18.811805725097656,100,0.0,0.0,0.0
2018-02-08 00:00:00-05:00,18.65305919012377,18.65305919012377,18.536378860473633,18.536378860473633,1300,0.0,0.0,0.0
2018-02-09 00:00:00-05:00,18.549867630004883,18.549867630004883,18.549867630004883,18.549867630004883,200,0.0,0.0,0.0
2018-02-12 00:00:00-05:00,18.549867630004883,18.549867630004883,18.549867630004883,18.549867630004883,0,0.0,0.0,0.0
2018-02-13 00:00:00-05:00,18.712587356567383,18.712587356567383,18.712587356567383,18.712587356567383,800,0.0,0.0,0.0
2018-02-14 00:00:00-05:00,18.692752827928437,18.780065536499023,18.692752827928437,18.780065536499023,200,0.0,0.0,0.0
2018-02-15 00:00:00-05:00,18.8911823152677,18.8911823152677,18.803871154785156,18.803871154785156,1400,0.0,0.0,0.0
2018-02-16 00:00:00-05:00,18.803871154785156,18.803871154785156,18.803871154785156,18.803871154785156,0,0.0,0.0,0.0
2018-02-20 00:00:00-05:00,18.83403336964837,18.86737060546875,18.83403336964837,18.86737060546875,1200,0.0,0.0,0.0
2018-02-21 00:00:00-05:00,18.86737060546875,18.86737060546875,18.86737060546875,18.86737060546875,0,0.0,0.0,0.0
2018-02-22 00:00:00-05:00,18.756245589964504,18.764183243605007,18.66893442782422,18.753070831298828,800,0.0,0.0,0.0
2018-02-23 00:00:00-05:00,18.753070831298828,18.753070831298828,18.753070831298828,18.753070831298828,0,0.0,0.0,0.0
2018-02-26 00:00:00-05:00,18.84356689453125,18.84356689453125,18.84356689453125,18.84356689453125,300,0.0,0.0,0.0
2018-02-27 00:00:00-05:00,18.76815247105738,18.803871154785156,18.76815247105738,18.803871154785156,300,0.0,0.0,0.0
2018-02-28 00:00:00-05:00,18.803871154785156,18.803871154785156,18.803871154785156,18.803871154785156,0,0.0,0.0,0.0
2018-03-01 00:00:00-05:00,18.721111881684433,18.732254028320312,18.721111881684433,18.732254028320312,600,0.06,0.0,0.0
2018-03-02 00:00:00-05:00,18.743398666381836,18.743398666381836,18.743398666381836,18.743398666381836,700,0.0,0.0,0.0
2018-03-05 00:00:00-05:00,18.743398666381836,18.743398666381836,18.743398666381836,18.743398666381836,0,0.0,0.0,0.0
2018-03-06 00:00:00-05:00,18.815817942021823,18.815817942021823,18.79194450378418,18.79194450378418,300,0.0,0.0,0.0
2018-03-07 00:00:00-05:00,18.85956972866022,18.85956972866022,18.81182289123535,18.81182289123535,1200,0.0,0.0,0.0
2018-03-08 00:00:00-05:00,18.81182289123535,18.81182289123535,18.81182289123535,18.81182289123535,0,0.0,0.0,0.0
2018-03-09 00:00:00-05:00,18.740215950441343,18.804673766204203,18.740215950441343,18.782392501831055,900,0.0,0.0,0.0
2018-03-12 00:00:00-04:00,18.879474639892578,18.879474639892578,18.879474639892578,18.879474639892578,600,0.0,0.0,0.0
2018-03-13 00:00:00-04:00,18.879474639892578,18.879474639892578,18.879474639892578,18.879474639892578,0,0.0,0.0,0.0
2018-03-14 00:00:00-04:00,18.956660876531192,18.956660876531192,18.9351749420166,18.9351749420166,200,0.0,0.0,0.0
2018-03-15 00:00:00-04:00,18.863555908203125,18.863555908203125,18.863555908203125,18.863555908203125,100,0.0,0.0,0.0
2018-03-16 00:00:00-04:00,18.859580993652344,18.859580993652344,18.859580993652344,18.859580993652344,700,0.0,0.0,0.0
2018-03-19 00:00:00-04:00,18.819791793823242,18.819791793823242,18.819791793823242,18.819791793823242,200,0.0,0.0,0.0
2018-03-20 00:00:00-04:00,18.859575816428663,18.859575816428663,18.803871154785156,18.803871154785156,400,0.0,0.0,0.0
2018-03-21 00:00:00-04:00,18.82615852355957,18.82615852355957,18.82615852355957,18.82615852355957,100,0.0,0.0,0.0
2018-03-22 00:00:00-04:00,18.8356990814209,18.8356990814209,18.8356990814209,18.8356990814209,300,0.0,0.0,0.0
2018-03-23 00:00:00-04:00,18.859575816428663,18.906525825927545,18.803871154785156,18.803871154785156,2400,0.0,0.0,0.0
2018-03-26 00:00:00-04:00,19.002801353639587,19.098293488914397,19.002801353639587,19.07999038696289,1000,0.0,0.0,0.0
2018-03-27 00:00:00-04:00,19.106264114379883,19.106264114379883,19.106264114379883,19.106264114379883,200,0.0,0.0,0.0
2018-03-28 00:00:00-04:00,19.002816123007733,19.08637237548828,19.002816123007733,19.08637237548828,500,0.0,0.0,0.0
2018-03-29 00:00:00-04:00,19.03464639547655,19.0823917388916,19.03464639547655,19.0823917388916,700,0.0,0.0,0.0
2018-04-02 00:00:00-04:00,19.033714294433594,19.033714294433594,19.033714294433594,19.033714294433594,200,0.064,0.0,0.0
2018-04-03 00:00:00-04:00,19.033714294433594,19.033714294433594,19.033714294433594,19.033714294433594,0,0.0,0.0,0.0
2018-04-04 00:00:00-04:00,19.033714294433594,19.033714294433594,19.033714294433594,19.033714294433594,0,0.0,0.0,0.0
2018-04-05 00:00:00-04:00,19.133455276489258,19.133455276489258,19.133455276489258,19.133455276489258,800,0.0,0.0,0.0
2018-04-06 00:00:00-04:00,19.133455276489258,19.133455276489258,19.133455276489258,19.133455276489258,0,0.0,0.0,0.0
2018-04-09 00:00:00-04:00,19.06961625903593,19.06961625903593,19.04966926574707,19.04966926574707,300,0.0,0.0,0.0
2018-04-10 00:00:00-04:00,19.10872169814559,19.14941467915873,19.10872169814559,19.121488571166992,1000,0.0,0.0,0.0
2018-04-11 00:00:00-04:00,19.165372947224053,19.20526695251465,19.165372947224053,19.20526695251465,500,0.0,0.0,0.0
2018-04-12 00:00:00-04:00,19.19728660583496,19.19728660583496,19.19728660583496,19.19728660583496,400,0.0,0.0,0.0
2018-04-13 00:00:00-04:00,19.19728660583496,19.19728660583496,19.19728660583496,19.19728660583496,0,0.0,0.0,0.0
2018-04-16 00:00:00-04:00,19.221218612045362,19.221218612045362,19.20925071890905,19.215633392333984,900,0.0,0.0,0.0
2018-04-17 00:00:00-04:00,19.215633392333984,19.215633392333984,19.215633392333984,19.215633392333984,0,0.0,0.0,0.0
2018-04-18 00:00:00-04:00,19.215633392333984,19.215633392333984,19.215633392333984,19.215633392333984,0,0.0,0.0,0.0
2018-04-19 00:00:00-04:00,19.42068991942412,19.42068991942412,19.340900421142578,19.340900421142578,1400,0.0,0.0,0.0
2018-04-20 00:00:00-04:00,19.340900421142578,19.340900421142578,19.340900421142578,19.340900421142578,0,0.0,0.0,0.0
2018-04-23 00:00:00-04:00,19.340900421142578,19.340900421142578,19.340900421142578,19.340900421142578,0,0.0,0.0,0.0
2018-04-24 00:00:00-04:00,19.231306766691834,19.303302764892578,19.231306766691834,19.303302764892578,6900,0.063,0.0,0.0
2018-04-25 00:00:00-04:00,19.255311488953353,19.2633113861084,19.255311488953353,19.2633113861084,900,0.0,0.0,0.0
2018-04-26 00:00:00-04:00,19.234519958496094,19.234519958496094,19.234519958496094,19.234519958496094,300,0.0,0.0,0.0
2018-04-27 00:00:00-04:00,19.191312789916992,19.191312789916992,19.191312789916992,19.191312789916992,200,0.0,0.0,0.0
2018-04-30 00:00:00-04:00,19.191312789916992,19.191312789916992,19.191312789916992,19.191312789916992,0,0.0,0.0,0.0
2018-05-01 00:00:00-04:00,19.191312789916992,19.191312789916992,19.191312789916992,19.191312789916992,0,0.0,0.0,0.0
2018-05-02 00:00:00-04:00,19.135317081768438,19.135317081768438,19.07771873474121,19.07771873474121,1100,0.0,0.0,0.0
2018-05-03 00:00:00-04:00,19.07771873474121,19.07771873474121,19.07771873474121,19.07771873474121,0,0.0,0.0,0.0
2018-05-04 00:00:00-04:00,19.087322632621003,19.11932070280381,19.023324966430664,19.023324966430664,1100,0.0,0.0,0.0
2018-05-07 00:00:00-04:00,19.07931669161467,19.07931669161467,19.068117141723633,19.068117141723633,300,0.0,0.0,0.0
2018-05-08 00:00:00-04:00,19.068117141723633,19.068117141723633,19.068117141723633,19.068117141723633,0,0.0,0.0,0.0
2018-05-09 00:00:00-04:00,19.079323168035234,19.079323168035234,19.078523635864258,19.078523635864258,1000,0.0,0.0,0.0
2018-05-10 00:00:00-04:00,19.107316970825195,19.107316970825195,19.107316970825195,19.107316970825195,300,0.0,0.0,0.0
2018-05-11 00:00:00-04:00,19.107316970825195,19.107316970825195,19.107316970825195,19.107316970825195,0,0.0,0.0,0.0
2018-05-14 00:00:00-04:00,19.095314972544422,19.095314972544422,19.04731559753418,19.04731559753418,1200,0.0,0.0,0.0
2018-05-15 00:00:00-04:00,19.039315701699138,19.04731559753418,19.039315701699138,19.04731559753418,700,0.0,0.0,0.0
2018-05-16 00:00:00-04:00,19.039312321485774,19.067311189025475,19.039312321485774,19.05931282043457,1000,0.0,0.0,0.0
2018-05-17 00:00:00-04:00,19.05931282043457,19.05931282043457,19.05931282043457,19.05931282043457,0,0.0,0.0,0.0
2018-05-18 00:00:00-04:00,19.039317134439248,19.087316513061523,19.039317134439248,19.087316513061523,2300,0.0,0.0,0.0
2018-05-21 00:00:00-04:00,19.063316823750387,19.087316513061523,19.000118709974686,19.087316513061523,2700,0.0,0.0,0.0
2018-05-22 00:00:00-04:00,19.087316513061523,19.087316513061523,19.087316513061523,19.087316513061523,0,0.0,0.0,0.0
2018-05-23 00:00:00-04:00,19.087316513061523,19.087316513061523,19.087316513061523,19.087316513061523,200,0.0,0.0,0.0
2018-05-24 00:00:00-04:00,19.087316513061523,19.087316513061523,19.087316513061523,19.087316513061523,0,0.0,0.0,0.0
2018-05-25 00:00:00-04:00,19.063316345214844,19.063316345214844,19.063316345214844,19.063316345214844,300,0.0,0.0,0.0
2018-05-29 00:00:00-04:00,19.063316345214844,19.063316345214844,19.063316345214844,19.063316345214844,0,0.0,0.0,0.0
2018-05-30 00:00:00-04:00,18.879328411899102,18.940126419067383,18.879328411899102,18.940126419067383,300,0.0,0.0,0.0
2018-05-31 00:00:00-04:00,18.940126419067383,18.940126419067383,18.940126419067383,18.940126419067383,0,0.0,0.0,0.0
2018-06-01 00:00:00-04:00,18.936111012073223,18.936111012073223,18.855906934317705,18.88718605041504,1600,0.061,0.0,0.0
2018-06-04 00:00:00-04:00,18.88718605041504,18.88718605041504,18.88718605041504,18.88718605041504,0,0.0,0.0,0.0
2018-06-05 00:00:00-04:00,19.000274658203125,19.000274658203125,19.000274658203125,19.000274658203125,300,0.0,0.0,0.0
2018-06-06 00:00:00-04:00,18.96418273872003,19.0082950592041,18.959370096181434,19.0082950592041,800,0.0,0.0,0.0
2018-06-07 00:00:00-04:00,19.064437866210938,19.064437866210938,19.064437866210938,19.064437866210938,1100,0.0,0.0,0.0
2018-06-08 00:00:00-04:00,19.064437866210938,19.064437866210938,19.064437866210938,19.064437866210938,0,0.0,0.0,0.0
2018-06-11 00:00:00-04:00,19.064437866210938,19.064437866210938,19.064437866210938,19.064437866210938,0,0.0,0.0,0.0
2018-06-12 00:00:00-04:00,19.064437866210938,19.064437866210938,19.064437866210938,19.064437866210938,0,0.0,0.0,0.0
2018-06-13 00:00:00-04:00,18.936111610199784,18.936111610199784,18.928091049194336,18.928091049194336,300,0.0,0.0,0.0
2018-06-14 00:00:00-04:00,18.928091049194336,18.928091049194336,18.928091049194336,18.928091049194336,0,0.0,0.0,0.0
2018-06-15 00:00:00-04:00,18.928091049194336,18.928091049194336,18.928091049194336,18.928091049194336,0,0.0,0.0,0.0
2018-06-18 00:00:00-04:00,18.831846237182617,18.831846237182617,18.831846237182617,18.831846237182617,300,0.0,0.0,0.0
2018-06-19 00:00:00-04:00,18.671443939208984,18.671443939208984,18.671443939208984,18.671443939208984,400,0.0,0.0,0.0
2018-06-20 00:00:00-04:00,18.71394920349121,18.71394920349121,18.71394920349121,18.71394920349121,1800,0.0,0.0,0.0
2018-06-21 00:00:00-04:00,18.655391683115983,18.693086624145508,18.655391683115983,18.693086624145508,500,0.0,0.0,0.0
2018-06-22 00:00:00-04:00,18.693086624145508,18.693086624145508,18.693086624145508,18.693086624145508,0,0.0,0.0,0.0
2018-06-25 00:00:00-04:00,18.55913951761339,18.55913951761339,18.555130004882812,18.555130004882812,400,0.0,0.0,0.0
2018-06-26 00:00:00-04:00,18.5030114570994,18.5030114570994,18.43082793406069,18.4388484954834,2500,0.0,0.0,0.0
2018-06-27 00:00:00-04:00,18.366664242547767,18.368268966674805,18.366664242547767,18.368268966674805,1300,0.0,0.0,0.0
2018-06-28 00:00:00-04:00,18.34661176929299,18.358641844862664,18.318540573120117,18.318540573120117,900,0.0,0.0,0.0
2018-06-29 00:00:00-04:00,18.36665916442871,18.36665916442871,18.36665916442871,18.36665916442871,1000,0.0,0.0,0.0
2018-07-02 00:00:00-04:00,18.361032716722022,18.361032716722022,18.272564700415668,18.278194427490234,2900,0.063,0.0,0.0
2018-07-03 00:00:00-04:00,18.278194427490234,18.278194427490234,18.278194427490234,18.278194427490234,0,0.0,0.0,0.0
2018-07-05 00:00:00-04:00,18.385162353515625,18.385162353515625,18.385162353515625,18.385162353515625,200,0.0,0.0,0.0
2018-07-06 00:00:00-04:00,18.385162353515625,18.385162353515625,18.385162353515625,18.385162353515625,0,0.0,0.0,0.0
2018-07-09 00:00:00-04:00,18.433412551879883,18.433412551879883,18.433412551879883,18.433412551879883,2400,0.0,0.0,0.0
2018-07-10 00:00:00-04:00,18.44146156311035,18.44146156311035,18.44146156311035,18.44146156311035,1400,0.0,0.0,0.0
2018-07-11 00:00:00-04:00,18.31920623779297,18.31920623779297,18.31920623779297,18.31920623779297,500,0.0,0.0,0.0
2018-07-12 00:00:00-04:00,18.31920623779297,18.31920623779297,18.31920623779297,18.31920623779297,0,0.0,0.0,0.0
2018-07-13 00:00:00-04:00,18.25648918327028,18.299114059980404,18.25648918327028,18.273378372192383,400,0.0,0.0,0.0
2018-07-16 00:00:00-04:00,18.273378372192383,18.273378372192383,18.273378372192383,18.273378372192383,0,0.0,0.0,0.0
2018-07-17 00:00:00-04:00,18.2564754486084,18.2564754486084,18.2564754486084,18.2564754486084,100,0.0,0.0,0.0
2018-07-18 00:00:00-04:00,18.24040412902832,18.24040412902832,18.24040412902832,18.24040412902832,100,0.0,0.0,0.0
2018-07-19 00:00:00-04:00,18.047375458955194,18.143884626818675,18.047375458955194,18.087587356567383,1000,0.0,0.0,0.0
2018-07-20 00:00:00-04:00,18.087587356567383,18.087587356567383,18.087587356567383,18.087587356567383,0,0.0,0.0,0.0
2018-07-23 00:00:00-04:00,18.047386169433594,18.047386169433594,18.047386169433594,18.047386169433594,500,0.0,0.0,0.0
2018-07-24 00:00:00-04:00,18.055421829223633,18.055421829223633,18.055421829223633,18.055421829223633,300,0.0,0.0,0.0
2018-07-25 00:00:00-04:00,18.208234188364862,18.208234188364862,18.200191497802734,18.200191497802734,1200,0.0,0.0,0.0
2018-07-26 00:00:00-04:00,18.208227157592773,18.208227157592773,18.208227157592773,18.208227157592773,200,0.0,0.0,0.0
2018-07-27 00:00:00-04:00,18.208227157592773,18.208227157592773,18.208227157592773,18.208227157592773,0,0.0,0.0,0.0
2018-07-30 00:00:00-04:00,18.05622673034668,18.05622673034668,18.05622673034668,18.05622673034668,200,0.0,0.0,0.0
2018-07-31 00:00:00-04:00,18.15514267489137,18.15514267489137,18.1197566986084,18.1197566986084,300,0.0,0.0,0.0
2018-08-01 00:00:00-04:00,18.172183990478516,18.172183990478516,18.172183990478516,18.172183990478516,0,0.065,0.0,0.0
2018-08-02 00:00:00-04:00,18.172183990478516,18.172183990478516,18.172183990478516,18.172183990478516,0,0.0,0.0,0.0
2018-08-03 00:00:00-04:00,18.018937180996176,18.06329917907715,18.018937180996176,18.06329917907715,400,0.0,0.0,0.0
2018-08-06 00:00:00-04:00,18.15202104033741,18.20848274230957,18.11572500113877,18.20848274230957,1900,0.0,0.0,0.0
2018-08-07 00:00:00-04:00,18.148006439208984,18.148006439208984,18.148006439208984,18.148006439208984,300,0.0,0.0,0.0
2018-08-08 00:00:00-04:00,18.051193237304688,18.051193237304688,18.051193237304688,18.051193237304688,2200,0.0,0.0,0.0
2018-08-09 00:00:00-04:00,18.16816217906838,18.204458236694336,18.16816217906838,18.204458236694336,2800,0.0,0.0,0.0
2018-08-10 00:00:00-04:00,18.204458236694336,18.204458236694336,18.204458236694336,18.204458236694336,100,0.0,0.0,0.0
2018-08-13 00:00:00-04:00,18.08346877750854,18.08346877750854,17.962482452392578,17.962482452392578,700,0.0,0.0,0.0
2018-08-14 00:00:00-04:00,17.906023025512695,17.906023025512695,17.906023025512695,17.906023025512695,100,0.0,0.0,0.0
2018-08-15 00:00:00-04:00,17.85762376745282,17.85762376745282,17.83342742919922,17.83342742919922,400,0.0,0.0,0.0
2018-08-16 00:00:00-04:00,17.84552239928582,17.84552239928582,17.794708251953125,17.794708251953125,300,0.0,0.0,0.0
2018-08-17 00:00:00-04:00,18.099598149281075,18.164124282819046,18.099598149281075,18.107664108276367,600,0.0,0.0,0.0
2018-08-20 00:00:00-04:00,18.02699691101883,18.051193237304688,18.024576970705525,18.051193237304688,1200,0.0,0.0,0.0
2018-08-21 00:00:00-04:00,18.035066604614258,18.035066604614258,18.035066604614258,18.035066604614258,300,0.0,0.0,0.0
2018-08-22 00:00:00-04:00,18.002811431884766,18.002811431884766,18.002811431884766,18.002811431884766,200,0.0,0.0,0.0
2018-08-23 00:00:00-04:00,17.91409132538025,17.962487098684672,17.91409132538025,17.922157287597656,500,0.0,0.0,0.0
2018-08-24 00:00:00-04:00,18.067336065404053,18.11573028564453,18.059270105626553,18.11573028564453,300,0.0,0.0,0.0
2018-08-27 00:00:00-04:00,18.228649556752302,18.341569900512695,18.228649556752302,18.341569900512695,200,0.0,0.0,0.0
2018-08-28 00:00:00-04:00,18.341569900512695,18.341569900512695,18.341569900512695,18.341569900512695,0,0.0,0.0,0.0
2018-08-29 00:00:00-04:00,18.123793666913496,18.168155670166016,18.123793666913496,18.168155670166016,500,0.0,0.0,0.0
2018-08-30 00:00:00-04:00,18.168155670166016,18.168155670166016,18.168155670166016,18.168155670166016,0,0.0,0.0,0.0
2018-08-31 00:00:00-04:00,18.035873252096277,18.095559486343152,18.035873252096277,18.06732940673828,600,0.0,0.0,0.0
2018-09-04 00:00:00-04:00,18.126372930476652,18.126372930476652,18.118284225463867,18.118284225463867,300,0.063,0.0,0.0
2018-09-05 00:00:00-04:00,18.118284225463867,18.118284225463867,18.118284225463867,18.118284225463867,0,0.0,0.0,0.0
2018-09-06 00:00:00-04:00,18.118284225463867,18.118284225463867,18.118284225463867,18.118284225463867,0,0.0,0.0,0.0
2018-09-07 00:00:00-04:00,18.07785415649414,18.07785415649414,18.07785415649414,18.07785415649414,300,0.0,0.0,0.0
2018-09-10 00:00:00-04:00,18.07785415649414,18.07785415649414,18.07785415649414,18.07785415649414,0,0.0,0.0,0.0
2018-09-11 00:00:00-04:00,17.949243545532227,17.949243545532227,17.949243545532227,17.949243545532227,300,0.0,0.0,0.0
2018-09-12 00:00:00-04:00,17.946809915567645,17.98078155517578,17.940339567860264,17.98078155517578,500,0.0,0.0,0.0
2018-09-13 00:00:00-04:00,18.03740119934082,18.03740119934082,18.03740119934082,18.03740119934082,200,0.0,0.0,0.0
2018-09-14 00:00:00-04:00,18.03740119934082,18.03740119934082,18.03740119934082,18.03740119934082,200,0.0,0.0,0.0
2018-09-17 00:00:00-04:00,18.03740119934082,18.03740119934082,18.03740119934082,18.03740119934082,500,0.0,0.0,0.0
2018-09-18 00:00:00-04:00,18.03740119934082,18.03740119934082,18.03740119934082,18.03740119934082,0,0.0,0.0,0.0
2018-09-19 00:00:00-04:00,18.03740119934082,18.03740119934082,18.03740119934082,18.03740119934082,0,0.0,0.0,0.0
2018-09-20 00:00:00-04:00,18.134475708007812,18.134475708007812,18.134475708007812,18.134475708007812,100,0.0,0.0,0.0
2018-09-21 00:00:00-04:00,18.053579330444336,18.053579330444336,18.053579330444336,18.053579330444336,200,0.0,0.0,0.0
2018-09-24 00:00:00-04:00,18.053579330444336,18.053579330444336,18.053579330444336,18.053579330444336,0,0.0,0.0,0.0
2018-09-25 00:00:00-04:00,18.03740119934082,18.03740119934082,18.03740119934082,18.03740119934082,100,0.0,0.0,0.0
2018-09-26 00:00:00-04:00,18.03740119934082,18.03740119934082,18.03740119934082,18.03740119934082,0,0.0,0.0,0.0
2018-09-27 00:00:00-04:00,17.996966161226542,18.02851104736328,17.996966161226542,18.02851104736328,400,0.0,0.0,0.0
2018-09-28 00:00:00-04:00,18.02851104736328,18.02851104736328,18.02851104736328,18.02851104736328,0,0.0,0.0,0.0
2018-10-01 00:00:00-04:00,18.073923110961914,18.073923110961914,18.073923110961914,18.073923110961914,0,0.056,0.0,0.0
2018-10-02 00:00:00-04:00,18.073923110961914,18.073923110961914,18.073923110961914,18.073923110961914,0,0.0,0.0,0.0
2018-10-03 00:00:00-04:00,18.073923110961914,18.073923110961914,18.073923110961914,18.073923110961914,0,0.0,0.0,0.0
2018-10-04 00:00:00-04:00,18.073923110961914,18.073923110961914,18.073923110961914,18.073923110961914,0,0.0,0.0,0.0
2018-10-05 00:00:00-04:00,18.073923110961914,18.073923110961914,18.073923110961914,18.073923110961914,0,0.0,0.0,0.0
2018-10-08 00:00:00-04:00,18.073923110961914,18.073923110961914,18.073923110961914,18.073923110961914,0,0.0,0.0,0.0
2018-10-09 00:00:00-04:00,17.880123774534525,17.996082305908203,17.880123774534525,17.996082305908203,1000,0.0,0.0,0.0
2018-10-10 00:00:00-04:00,17.996082305908203,17.996082305908203,17.996082305908203,17.996082305908203,0,0.0,0.0,0.0
2018-10-11 00:00:00-04:00,17.912557373647797,17.983104705810547,17.912557373647797,17.983104705810547,700,0.0,0.0,0.0
2018-10-12 00:00:00-04:00,17.983104705810547,17.983104705810547,17.983104705810547,17.983104705810547,0,0.0,0.0,0.0
2018-10-15 00:00:00-04:00,18.034191131591797,18.034191131591797,18.034191131591797,18.034191131591797,700,0.0,0.0,0.0
2018-10-16 00:00:00-04:00,17.969316220317747,18.050405502319336,17.969316220317747,18.050405502319336,1100,0.0,0.0,0.0
2018-10-17 00:00:00-04:00,18.050405502319336,18.050405502319336,18.050405502319336,18.050405502319336,0,0.0,0.0,0.0
2018-10-18 00:00:00-04:00,18.050405502319336,18.050405502319336,18.050405502319336,18.050405502319336,0,0.0,0.0,0.0
2018-10-19 00:00:00-04:00,17.912546157836914,17.912546157836914,17.912546157836914,17.912546157836914,300,0.0,0.0,0.0
2018-10-22 00:00:00-04:00,17.912546157836914,17.912546157836914,17.912546157836914,17.912546157836914,0,0.0,0.0,0.0
2018-10-23 00:00:00-04:00,17.898767471313477,17.898767471313477,17.898767471313477,17.898767471313477,200,0.0,0.0,0.0
2018-10-24 00:00:00-04:00,17.898767471313477,17.898767471313477,17.898767471313477,17.898767471313477,100,0.0,0.0,0.0
2018-10-25 00:00:00-04:00,17.898767471313477,17.898767471313477,17.898767471313477,17.898767471313477,0,0.0,0.0,0.0
2018-10-26 00:00:00-04:00,17.898767471313477,17.898767471313477,17.898767471313477,17.898767471313477,100,0.0,0.0,0.0
2018-10-29 00:00:00-04:00,17.898767471313477,17.898767471313477,17.898767471313477,17.898767471313477,100,0.0,0.0,0.0
2018-10-30 00:00:00-04:00,17.898767471313477,17.898767471313477,17.898767471313477,17.898767471313477,100,0.0,0.0,0.0
2018-10-31 00:00:00-04:00,17.911741256713867,17.911741256713867,17.911741256713867,17.911741256713867,200,0.0,0.0,0.0
2018-11-01 00:00:00-04:00,17.9572644060756,17.9572644060756,17.912551879882812,17.912551879882812,100,0.056,0.0,0.0
2018-11-02 00:00:00-04:00,17.9572644060756,17.9572644060756,17.912551879882812,17.912551879882812,100,0.0,0.0,0.0
2018-11-05 00:00:00-05:00,17.9572644060756,17.9572644060756,17.912551879882812,17.912551879882812,100,0.0,0.0,0.0
2018-11-06 00:00:00-05:00,17.9572644060756,17.9572644060756,17.912551879882812,17.912551879882812,100,0.0,0.0,0.0
2018-11-07 00:00:00-05:00,17.9572644060756,17.9572644060756,17.912551879882812,17.912551879882812,100,0.0,0.0,0.0
2018-11-08 00:00:00-05:00,17.9572644060756,17.9572644060756,17.912551879882812,17.912551879882812,100,0.0,0.0,0.0
2018-11-09 00:00:00-05:00,17.9572644060756,17.9572644060756,17.912551879882812,17.912551879882812,100,0.0,0.0,0.0
2018-11-12 00:00:00-05:00,17.9572644060756,17.9572644060756,17.912551879882812,17.912551879882812,100,0.0,0.0,0.0
2018-11-13 00:00:00-05:00,17.912551879882812,17.912551879882812,17.912551879882812,17.912551879882812,0,0.0,0.0,0.0
2018-11-14 00:00:00-05:00,18.085718154907227,18.109293184803242,18.085718154907227,18.085718154907227,1100,0.0,0.0,0.0
2018-11-15 00:00:00-05:00,18.075961683604294,18.0881554495193,18.074335124544675,18.07514762878418,700,0.0,0.0,0.0
2018-11-16 00:00:00-05:00,18.169445037841797,18.169445037841797,18.169445037841797,18.169445037841797,300,0.0,0.0,0.0
2018-11-19 00:00:00-05:00,18.169445037841797,18.169445037841797,18.169445037841797,18.169445037841797,0,0.0,0.0,0.0
2018-11-20 00:00:00-05:00,18.088144329145756,18.12391465124071,18.088144329145756,18.088956832885742,1400,0.0,0.0,0.0
2018-11-21 00:00:00-05:00,18.088956832885742,18.088956832885742,18.088956832885742,18.088956832885742,100,0.0,0.0,0.0
2018-11-23 00:00:00-05:00,18.088956832885742,18.088956832885742,18.088956832885742,18.088956832885742,0,0.0,0.0,0.0
2018-11-26 00:00:00-05:00,18.088956832885742,18.088956832885742,18.088956832885742,18.088956832885742,100,0.0,0.0,0.0
2018-11-27 00:00:00-05:00,18.088956832885742,18.088956832885742,18.088956832885742,18.088956832885742,0,0.0,0.0,0.0
2018-11-28 00:00:00-05:00,18.088956832885742,18.088956832885742,18.088956832885742,18.088956832885742,100,0.0,0.0,0.0
2018-11-29 00:00:00-05:00,18.08002281188965,18.08002281188965,18.08002281188965,18.08002281188965,100,0.0,0.0,0.0
2018-11-30 00:00:00-05:00,18.08002281188965,18.08002281188965,18.08002281188965,18.08002281188965,100,0.0,0.0,0.0
2018-12-03 00:00:00-05:00,18.341604232788086,18.341604232788086,18.341604232788086,18.341604232788086,400,0.053,0.0,0.0
2018-12-04 00:00:00-05:00,18.341604232788086,18.341604232788086,18.341604232788086,18.341604232788086,100,0.0,0.0,0.0
2018-12-06 00:00:00-05:00,18.270698401394007,18.270698401394007,18.237287521362305,18.237287521362305,300,0.0,0.0,0.0
2018-12-07 00:00:00-05:00,18.237287521362305,18.237287521362305,18.237287521362305,18.237287521362305,100,0.0,0.0,0.0
2018-12-10 00:00:00-05:00,18.269895037265357,18.269895037265357,18.18677656335968,18.21692657470703,400,0.0,0.0,0.0
2018-12-11 00:00:00-05:00,18.247888565063477,18.247888565063477,18.247888565063477,18.247888565063477,100,0.0,0.0,0.0
2018-12-12 00:00:00-05:00,18.247888565063477,18.247888565063477,18.247888565063477,18.247888565063477,0,0.0,0.0,0.0
2018-12-13 00:00:00-05:00,18.247888565063477,18.247888565063477,18.247888565063477,18.247888565063477,0,0.0,0.0,0.0
2018-12-14 00:00:00-05:00,18.15580871956769,18.23322296142578,18.15580871956769,18.23322296142578,200,0.0,0.0,0.0
2018-12-17 00:00:00-05:00,18.25766372680664,18.25766372680664,18.25766372680664,18.25766372680664,100,0.0,0.0,0.0
2018-12-18 00:00:00-05:00,18.23322296142578,18.23322296142578,18.23322296142578,18.23322296142578,100,0.0,0.0,0.0
2018-12-19 00:00:00-05:00,18.20469856262207,18.20469856262207,18.20469856262207,18.20469856262207,100,0.0,0.0,0.0
2018-12-20 00:00:00-05:00,18.23891720368506,18.278032302856445,18.222618986649728,18.278032302856445,400,0.0,0.0,0.0
2018-12-21 00:00:00-05:00,18.278032302856445,18.278032302856445,18.278032302856445,18.278032302856445,0,0.0,0.0,0.0
2018-12-24 00:00:00-05:00,18.32693620236488,18.32693620236488,18.273967742919922,18.273967742919922,100,0.0,0.0,0.0
2018-12-26 00:00:00-05:00,18.31226505711568,18.31226505711568,18.31063461303711,18.31063461303711,200,0.0,0.0,0.0
2018-12-27 00:00:00-05:00,18.358097076416016,18.358097076416016,18.358097076416016,18.358097076416016,0,0.093,0.0,0.0
2018-12-28 00:00:00-05:00,18.358097076416016,18.358097076416016,18.358097076416016,18.358097076416016,0,0.0,0.0,0.0
2018-12-31 00:00:00-05:00,18.398191393479365,18.398191393479365,18.317182540893555,18.317182540893555,100,0.0,0.0,0.0
2019-01-02 00:00:00-05:00,18.345815410049845,18.399003982543945,18.345815410049845,18.399003982543945,100,0.0,0.0,0.0
2019-01-03 00:00:00-05:00,18.394919352026868,18.394919352026868,18.37855339050293,18.37855339050293,200,0.0,0.0,0.0
2019-01-04 00:00:00-05:00,18.403099060058594,18.403099060058594,18.403099060058594,18.403099060058594,100,0.0,0.0,0.0
2019-01-07 00:00:00-05:00,18.41128378001518,18.533207529948292,18.41128378001518,18.468563079833984,2300,0.0,0.0,0.0
2019-01-08 00:00:00-05:00,18.468563079833984,18.468563079833984,18.468563079833984,18.468563079833984,0,0.0,0.0,0.0
2019-01-09 00:00:00-05:00,18.595399856567383,18.595399856567383,18.568395861977763,18.595399856567383,1100,0.0,0.0,0.0
2019-01-10 00:00:00-05:00,18.754957000895327,18.754957000895327,18.688676905837713,18.709951400756836,300,0.0,0.0,0.0
2019-01-11 00:00:00-05:00,18.718949397113768,18.77132013805654,18.718949397113768,18.726314544677734,600,0.0,0.0,0.0
2019-01-14 00:00:00-05:00,18.750879287719727,18.750879287719727,18.750879287719727,18.750879287719727,100,0.0,0.0,0.0
2019-01-15 00:00:00-05:00,18.705867767333984,18.705867767333984,18.705867767333984,18.705867767333984,100,0.0,0.0,0.0
2019-01-16 00:00:00-05:00,18.702586358057626,18.702586358057626,18.701766967773438,18.701766967773438,100,0.0,0.0,0.0
2019-01-17 00:00:00-05:00,18.65676987911556,18.705867767333984,18.65676987911556,18.705867767333984,500,0.0,0.0,0.0
2019-01-18 00:00:00-05:00,18.65021440593582,18.660852432250977,18.65021440593582,18.660852432250977,200,0.0,0.0,0.0
2019-01-22 00:00:00-05:00,18.660852432250977,18.660852432250977,18.660852432250977,18.660852432250977,0,0.0,0.0,0.0
2019-01-23 00:00:00-05:00,18.73860197002078,18.73860197002078,18.636317023065708,18.685413360595703,1900,0.0,0.0,0.0
2019-01-24 00:00:00-05:00,18.763151361561444,18.763151361561444,18.697689056396484,18.697689056396484,900,0.0,0.0,0.0
2019-01-25 00:00:00-05:00,18.783607482910156,18.783607482910156,18.783607482910156,18.783607482910156,0,0.0,0.0,0.0
2019-01-28 00:00:00-05:00,18.764779388172187,18.808149337768555,18.764779388172187,18.808149337768555,100,0.0,0.0,0.0
2019-01-29 00:00:00-05:00,18.795881271362305,18.795881271362305,18.795881271362305,18.795881271362305,0,0.0,0.0,0.0
2019-01-30 00:00:00-05:00,18.889978408813477,18.889978408813477,18.889978408813477,18.889978408813477,0,0.0,0.0,0.0
2019-01-31 00:00:00-05:00,18.93907356262207,18.93907356262207,18.93907356262207,18.93907356262207,0,0.0,0.0,0.0
2019-02-01 00:00:00-05:00,18.90215227519385,18.90215227519385,18.848825454711914,18.848825454711914,200,0.06,0.0,0.0
2019-02-04 00:00:00-05:00,18.717556211942778,18.77498435974121,18.717556211942778,18.77498435974121,300,0.0,0.0,0.0
2019-02-05 00:00:00-05:00,18.816011428833008,18.816011428833008,18.816011428833008,18.816011428833008,100,0.0,0.0,0.0
2019-02-06 00:00:00-05:00,18.762691497802734,18.762691497802734,18.762691497802734,18.762691497802734,100,0.0,0.0,0.0
2019-02-07 00:00:00-05:00,18.762691497802734,18.762691497802734,18.762691497802734,18.762691497802734,100,0.0,0.0,0.0
2019-02-08 00:00:00-05:00,18.733978271484375,18.733978271484375,18.733978271484375,18.733978271484375,100,0.0,0.0,0.0
2019-02-11 00:00:00-05:00,18.70526123046875,18.70526123046875,18.70526123046875,18.70526123046875,100,0.0,0.0,0.0
2019-02-12 00:00:00-05:00,18.70115342655385,18.729867509210976,18.70115342655385,18.713459014892578,500,0.0,0.0,0.0
2019-02-13 00:00:00-05:00,18.76679801940918,18.76679801940918,18.76679801940918,18.76679801940918,100,0.0,0.0,0.0
2019-02-14 00:00:00-05:00,18.762691497802734,18.762691497802734,18.762691497802734,18.762691497802734,0,0.0,0.0,0.0
2019-02-15 00:00:00-05:00,18.816019803297365,18.816019803297365,18.807815551757812,18.807815551757812,100,0.0,0.0,0.0
2019-02-19 00:00:00-05:00,18.810272225162322,18.820117950439453,18.803709451511292,18.820117950439453,2800,0.0,0.0,0.0
2019-02-20 00:00:00-05:00,18.98420188296626,18.98420188296626,18.93907928466797,18.93907928466797,300,0.0,0.0,0.0
2019-02-21 00:00:00-05:00,18.99813685018325,18.99813685018325,18.973525677554672,18.988292694091797,600,0.0,0.0,0.0
2019-02-22 00:00:00-05:00,18.947284698486328,18.947284698486328,18.947284698486328,18.947284698486328,100,0.0,0.0,0.0
2019-02-25 00:00:00-05:00,19.012903015289204,19.024388645948164,19.012903015289204,19.017005920410156,1000,0.0,0.0,0.0
2019-02-26 00:00:00-05:00,19.025218963623047,19.025218963623047,19.025218963623047,19.025218963623047,100,0.0,0.0,0.0
2019-02-27 00:00:00-05:00,19.025218963623047,19.025218963623047,19.025218963623047,19.025218963623047,100,0.0,0.0,0.0
2019-02-28 00:00:00-05:00,19.03342329209294,19.0416259765625,19.03342329209294,19.0416259765625,800,0.0,0.0,0.0
2019-03-01 00:00:00-05:00,18.983246319370377,18.991467922092742,18.921585083007812,18.921585083007812,1100,0.049,0.0,0.0
2019-03-04 00:00:00-05:00,19.007915663284066,19.007915663284066,18.9421443939209,18.9421443939209,1100,0.0,0.0,0.0
2019-03-05 00:00:00-05:00,18.950371015367626,18.950371015367626,18.901042938232422,18.901042938232422,200,0.0,0.0,0.0
2019-03-06 00:00:00-05:00,18.91337013244629,18.91337013244629,18.91337013244629,18.91337013244629,0,0.0,0.0,0.0
2019-03-07 00:00:00-05:00,18.859935760498047,18.859935760498047,18.859935760498047,18.859935760498047,200,0.0,0.0,0.0
2019-03-08 00:00:00-05:00,18.81964935644845,18.84760093688965,18.802384453185752,18.84760093688965,1200,0.0,0.0,0.0
2019-03-11 00:00:00-04:00,18.90103850808068,18.91337013244629,18.90103850808068,18.91337013244629,1500,0.0,0.0,0.0
2019-03-12 00:00:00-04:00,18.922412199588127,18.938032150268555,18.90925731892774,18.938032150268555,1000,0.0,0.0,0.0
2019-03-13 00:00:00-04:00,18.9421443939209,18.9421443939209,18.9421443939209,18.9421443939209,100,0.0,0.0,0.0
2019-03-14 00:00:00-04:00,18.921585083007812,18.921585083007812,18.921585083007812,18.921585083007812,0,0.0,0.0,0.0
2019-03-15 00:00:00-04:00,18.91337013244629,18.91337013244629,18.91337013244629,18.91337013244629,100,0.0,0.0,0.0
2019-03-18 00:00:00-04:00,18.9298095703125,18.9298095703125,18.9298095703125,18.9298095703125,0,0.0,0.0,0.0
2019-03-19 00:00:00-04:00,18.901042938232422,18.901042938232422,18.901042938232422,18.901042938232422,100,0.0,0.0,0.0
2019-03-20 00:00:00-04:00,18.950366881051185,19.04902458190918,18.950366881051185,19.04902458190918,700,0.0,0.0,0.0
2019-03-21 00:00:00-04:00,19.09012753853279,19.098349142771124,19.01613466849846,19.053131103515625,3900,0.0,0.0,0.0
2019-03-22 00:00:00-04:00,18.950361251831055,18.950361251831055,18.950361251831055,18.950361251831055,0,0.0,0.0,0.0
2019-03-25 00:00:00-04:00,18.97092056274414,18.97092056274414,18.97092056274414,18.97092056274414,100,0.0,0.0,0.0
2019-03-26 00:00:00-04:00,18.97503089904785,18.97503089904785,18.97503089904785,18.97503089904785,100,0.0,0.0,0.0
2019-03-27 00:00:00-04:00,19.038337549624547,19.038337549624547,18.988187789916992,18.988187789916992,1100,0.0,0.0,0.0
2019-03-28 00:00:00-04:00,18.91748046875,18.91748046875,18.91748046875,18.91748046875,0,0.0,0.0,0.0
2019-03-29 00:00:00-04:00,19.006277702944278,19.006277702944278,18.993946075439453,18.993946075439453,300,0.0,0.0,0.0
2019-04-01 00:00:00-04:00,19.02857208251953,19.02857208251953,19.02857208251953,19.02857208251953,100,0.07,0.0,0.0
2019-04-02 00:00:00-04:00,19.049188390580866,19.049188390580866,18.983217239379883,18.983217239379883,500,0.0,0.0,0.0
2019-04-03 00:00:00-04:00,18.983217239379883,18.983217239379883,18.983217239379883,18.983217239379883,100,0.0,0.0,0.0
2019-04-04 00:00:00-04:00,18.995586395263672,18.995586395263672,18.995586395263672,18.995586395263672,100,0.0,0.0,0.0
2019-04-05 00:00:00-04:00,19.065679771917473,19.065679771917473,19.007953643798828,19.007953643798828,1600,0.0,0.0,0.0
2019-04-08 00:00:00-04:00,19.036819458007812,19.036819458007812,19.036819458007812,19.036819458007812,100,0.0,0.0,0.0
2019-04-09 00:00:00-04:00,19.031877517700195,19.031877517700195,19.031877517700195,19.031877517700195,100,0.0,0.0,0.0
2019-04-10 00:00:00-04:00,19.012905388964395,19.024450302124023,19.012905388964395,19.024450302124023,200,0.0,0.0,0.0
2019-04-11 00:00:00-04:00,19.007958028029446,19.007958028029446,18.950233459472656,18.950233459472656,500,0.0,0.0,0.0
2019-04-12 00:00:00-04:00,18.979087829589844,18.979087829589844,18.979087829589844,18.979087829589844,0,0.0,0.0,0.0
2019-04-15 00:00:00-04:00,19.007960248497074,19.058263991473805,19.007960248497074,19.05743980407715,600,0.0,0.0,0.0
2019-04-16 00:00:00-04:00,19.04093645461107,19.04093645461107,18.979087829589844,18.979087829589844,200,0.0,0.0,0.0
2019-04-17 00:00:00-04:00,18.991466522216797,18.991466522216797,18.991466522216797,18.991466522216797,100,0.0,0.0,0.0
2019-04-18 00:00:00-04:00,18.92549267868856,18.983217239379883,18.92549267868856,18.983217239379883,500,0.0,0.0,0.0
2019-04-22 00:00:00-04:00,19.007964550909442,19.007964550909442,18.95023996254356,18.958486557006836,900,0.0,0.0,0.0
2019-04-23 00:00:00-04:00,18.954355239868164,18.954355239868164,18.954355239868164,18.954355239868164,100,0.0,0.0,0.0
2019-04-24 00:00:00-04:00,18.86832046508789,18.86832046508789,18.86832046508789,18.86832046508789,100,0.071,0.0,0.0
2019-04-25 00:00:00-04:00,18.860055923461914,18.860055923461914,18.860055923461914,18.860055923461914,100,0.0,0.0,0.0
2019-04-26 00:00:00-04:00,18.92622210819516,18.92622210819516,18.86418342590332,18.86418342590332,200,0.0,0.0,0.0
2019-04-29 00:00:00-04:00,18.89727020263672,18.89727020263672,18.89727020263672,18.89727020263672,0,0.0,0.0,0.0
2019-04-30 00:00:00-04:00,18.893146514892578,18.893146514892578,18.893146514892578,18.893146514892578,100,0.0,0.0,0.0
2019-05-01 00:00:00-04:00,18.90142414968951,18.926239013671875,18.893152002445134,18.926239013671875,2400,0.0,0.0,0.0
2019-05-02 00:00:00-04:00,18.90968894958496,18.90968894958496,18.90968894958496,18.90968894958496,100,0.0,0.0,0.0
2019-05-03 00:00:00-04:00,18.89727020263672,18.89727020263672,18.89727020263672,18.89727020263672,100,0.0,0.0,0.0
2019-05-06 00:00:00-04:00,18.835243225097656,18.835243225097656,18.835243225097656,18.835243225097656,100,0.0,0.0,0.0
2019-05-07 00:00:00-04:00,18.78807683798654,18.81041145324707,18.78807683798654,18.81041145324707,400,0.0,0.0,0.0
2019-05-08 00:00:00-04:00,18.724390741339178,18.724390741339178,18.638362362697418,18.68220329284668,500,0.0,0.0,0.0
2019-05-09 00:00:00-04:00,18.63671681668602,18.63671681668602,18.569712915064315,18.62844467163086,600,0.0,0.0,0.0
2019-05-10 00:00:00-04:00,18.603618621826172,18.603618621826172,18.603618621826172,18.603618621826172,100,0.0,0.0,0.0
2019-05-13 00:00:00-04:00,18.363740600493408,18.458867892986817,18.363740600493408,18.41750717163086,700,0.0,0.0,0.0
2019-05-14 00:00:00-04:00,18.483667373657227,18.483667373657227,18.483667373657227,18.483667373657227,100,0.0,0.0,0.0
2019-05-15 00:00:00-04:00,18.47541244654713,18.500228881835938,18.47541244654713,18.500228881835938,900,0.0,0.0,0.0
2019-05-16 00:00:00-04:00,18.47127914428711,18.47127914428711,18.47127914428711,18.47127914428711,100,0.0,0.0,0.0
2019-05-17 00:00:00-04:00,18.396816412560497,18.43817710876465,18.396816412560497,18.43817710876465,2100,0.0,0.0,0.0
2019-05-20 00:00:00-04:00,18.4257755279541,18.4257755279541,18.4257755279541,18.4257755279541,0,0.0,0.0,0.0
2019-05-21 00:00:00-04:00,18.47458372033009,18.47541046142578,18.47458372033009,18.47541046142578,200,0.0,0.0,0.0
2019-05-22 00:00:00-04:00,18.529163340430927,18.529163340430927,18.483667373657227,18.483667373657227,100,0.0,0.0,0.0
2019-05-23 00:00:00-04:00,18.50849539606683,18.50849539606683,18.479543685913086,18.479543685913086,500,0.0,0.0,0.0
2019-05-24 00:00:00-04:00,18.504365921020508,18.504365921020508,18.504365921020508,18.504365921020508,100,0.0,0.0,0.0
2019-05-28 00:00:00-04:00,18.529174890108635,18.553991317749023,18.529174890108635,18.553991317749023,700,0.0,0.0,0.0
2019-05-29 00:00:00-04:00,18.550686563517182,18.550686563517182,18.537450817190177,18.54572296142578,400,0.0,0.0,0.0
2019-05-30 00:00:00-04:00,18.5291805267334,18.5291805267334,18.5291805267334,18.5291805267334,500,0.0,0.0,0.0
2019-05-31 00:00:00-04:00,18.5291805267334,18.530007267914616,18.5291805267334,18.5291805267334,400,0.0,0.0,0.0
2019-06-03 00:00:00-04:00,18.526682967609876,18.526682967609876,18.45191147204582,18.493452072143555,1800,0.097,0.0,0.0
2019-06-04 00:00:00-04:00,18.53915023803711,18.53915023803711,18.53915023803711,18.53915023803711,200,0.0,0.0,0.0
2019-06-05 00:00:00-04:00,18.493452072143555,18.493452072143555,18.493452072143555,18.493452072143555,100,0.0,0.0,0.0
2019-06-06 00:00:00-04:00,18.510074615478516,18.510074615478516,18.510074615478516,18.510074615478516,100,0.0,0.0,0.0
2019-06-07 00:00:00-04:00,18.559916579596276,18.559916579596276,18.534992218017578,18.534992218017578,2400,0.0,0.0,0.0
2019-06-10 00:00:00-04:00,18.480993270874023,18.480993270874023,18.480993270874023,18.480993270874023,100,0.0,0.0,0.0
2019-06-11 00:00:00-04:00,18.543303402247663,18.568227767944336,18.543303402247663,18.568227767944336,300,0.0,0.0,0.0
2019-06-12 00:00:00-04:00,18.53416494354255,18.58982761719167,18.53416494354255,18.568227767944336,1900,0.0,0.0,0.0
2019-06-13 00:00:00-04:00,18.576534271240234,18.576534271240234,18.576534271240234,18.576534271240234,500,0.0,0.0,0.0
2019-06-14 00:00:00-04:00,18.559921767958542,18.559921767958542,18.510074615478516,18.510074615478516,1900,0.0,0.0,0.0
2019-06-17 00:00:00-04:00,18.55992317199707,18.55992317199707,18.55992317199707,18.55992317199707,400,0.0,0.0,0.0
2019-06-18 00:00:00-04:00,18.618075493249325,18.618075493249325,18.555765369377582,18.5848445892334,1100,0.0,0.0,0.0
2019-06-19 00:00:00-04:00,18.672064331366947,18.717758178710938,18.672064331366947,18.717758178710938,4500,0.0,0.0,0.0
2019-06-20 00:00:00-04:00,18.824941882102486,18.824941882102486,18.73106153573044,18.755155563354492,2500,0.0,0.0,0.0
2019-06-21 00:00:00-04:00,18.784229278564453,18.784229278564453,18.784229278564453,18.784229278564453,100,0.0,0.0,0.0
2019-06-24 00:00:00-04:00,18.775920381037015,18.775920381037015,18.730226516723633,18.730226516723633,200,0.0,0.0,0.0
2019-06-25 00:00:00-04:00,18.69699478149414,18.69699478149414,18.69699478149414,18.69699478149414,0,0.0,0.0,0.0
2019-06-26 00:00:00-04:00,18.70946502685547,18.70946502685547,18.70946502685547,18.70946502685547,0,0.0,0.0,0.0
2019-06-27 00:00:00-04:00,18.730226516723633,18.730226516723633,18.730226516723633,18.730226516723633,0,0.0,0.0,0.0
2019-06-28 00:00:00-04:00,18.709468899307417,18.77593231201172,18.709468899307417,18.77593231201172,800,0.0,0.0,0.0
2019-07-01 00:00:00-04:00,18.77842140197754,18.77842140197754,18.77842140197754,18.77842140197754,100,0.048,0.0,0.0
2019-07-02 00:00:00-04:00,18.790901883196817,18.790901883196817,18.711809158325195,18.711809158325195,1000,0.0,0.0,0.0
2019-07-03 00:00:00-04:00,18.641040646190277,18.711809158325195,18.641040646190277,18.711809158325195,300,0.0,0.0,0.0
2019-07-05 00:00:00-04:00,18.736791610717773,18.736791610717773,18.736791610717773,18.736791610717773,100,0.0,0.0,0.0
2019-07-08 00:00:00-04:00,18.774250281755176,18.774250281755176,18.711809158325195,18.711809158325195,300,0.0,0.0,0.0
2019-07-09 00:00:00-04:00,18.732629776000977,18.732629776000977,18.732629776000977,18.732629776000977,100,0.0,0.0,0.0
2019-07-10 00:00:00-04:00,18.74928855895996,18.74928855895996,18.74928855895996,18.74928855895996,0,0.0,0.0,0.0
2019-07-11 00:00:00-04:00,18.811721801757812,18.811721801757812,18.811721801757812,18.811721801757812,100,0.0,0.0,0.0
2019-07-12 00:00:00-04:00,18.76593780517578,18.76593780517578,18.76593780517578,18.76593780517578,100,0.0,0.0,0.0
2019-07-15 00:00:00-04:00,18.82421990245882,18.82421990245882,18.732637610430288,18.782590866088867,900,0.0,0.0,0.0
2019-07-16 00:00:00-04:00,18.782590866088867,18.782590866088867,18.782590866088867,18.782590866088867,100,0.0,0.0,0.0
2019-07-17 00:00:00-04:00,18.73262882326703,18.761768341064453,18.73262882326703,18.761768341064453,700,0.0,0.0,0.0
2019-07-18 00:00:00-04:00,18.78008415568437,18.78174995155192,18.761768341064453,18.761768341064453,500,0.0,0.0,0.0
2019-07-19 00:00:00-04:00,18.745126724243164,18.745126724243164,18.745126724243164,18.745126724243164,100,0.0,0.0,0.0
2019-07-22 00:00:00-04:00,18.745126724243164,18.745126724243164,18.745126724243164,18.745126724243164,100,0.0,0.0,0.0
2019-07-23 00:00:00-04:00,18.745126724243164,18.745126724243164,18.745126724243164,18.745126724243164,100,0.0,0.0,0.0
2019-07-24 00:00:00-04:00,18.753442764282227,18.753442764282227,18.753442764282227,18.753442764282227,100,0.0,0.0,0.0
2019-07-25 00:00:00-04:00,18.757607685936826,18.782583509991785,18.757607685936826,18.77842140197754,300,0.0,0.0,0.0
2019-07-26 00:00:00-04:00,18.782582103656242,18.82421112060547,18.774256300266398,18.82421112060547,800,0.0,0.0,0.0
2019-07-29 00:00:00-04:00,18.774261062492382,18.795076370239258,18.774261062492382,18.795076370239258,200,0.0,0.0,0.0
2019-07-30 00:00:00-04:00,18.803394317626953,18.803394317626953,18.803394317626953,18.803394317626953,300,0.0,0.0,0.0
2019-07-31 00:00:00-04:00,18.7908992767334,18.7908992767334,18.7908992767334,18.7908992767334,800,0.0,0.0,0.0
2019-08-01 00:00:00-04:00,18.794245880426764,18.794245880426764,18.657257080078125,18.657257080078125,500,0.074,0.0,0.0
2019-08-02 00:00:00-04:00,18.55034065246582,18.55034065246582,18.55034065246582,18.55034065246582,3200,0.0,0.0,0.0
2019-08-05 00:00:00-04:00,18.25966163377621,18.25966163377621,18.25130844116211,18.25130844116211,2200,0.0,0.0,0.0
2019-08-06 00:00:00-04:00,18.26801391302165,18.26801391302165,18.259660720825195,18.259660720825195,400,0.0,0.0,0.0
2019-08-07 00:00:00-04:00,18.31478900586798,18.35154113665431,18.31478900586798,18.339012145996094,400,0.0,0.0,0.0
2019-08-08 00:00:00-04:00,18.23460099513758,18.293071746826172,18.23460099513758,18.293071746826172,2400,0.0,0.0,0.0
2019-08-09 00:00:00-04:00,18.287225584247444,18.287225584247444,18.273025316241792,18.284719467163086,600,0.0,0.0,0.0
2019-08-12 00:00:00-04:00,18.293912233116625,18.293912233116625,18.276371002197266,18.276371002197266,400,0.0,0.0,0.0
2019-08-13 00:00:00-04:00,18.36824247910996,18.46847915649414,18.36824247910996,18.46847915649414,2600,0.0,0.0,0.0
2019-08-14 00:00:00-04:00,18.656431198120117,18.656431198120117,18.656431198120117,18.656431198120117,800,0.0,0.0,0.0
2019-08-15 00:00:00-04:00,18.397473381414045,18.405826568603516,18.336496548817696,18.405826568603516,2600,0.0,0.0,0.0
2019-08-16 00:00:00-04:00,18.401658341419182,18.455951690673828,18.401658341419182,18.455951690673828,300,0.0,0.0,0.0
2019-08-19 00:00:00-04:00,18.401652587902127,18.401652587902127,18.389122009277344,18.389122009277344,900,0.0,0.0,0.0
2019-08-20 00:00:00-04:00,18.40165177758,18.40165177758,18.36907386779785,18.36907386779785,800,0.0,0.0,0.0
2019-08-21 00:00:00-04:00,18.355724334716797,18.355724334716797,18.355724334716797,18.355724334716797,100,0.0,0.0,0.0
2019-08-22 00:00:00-04:00,18.376597447792506,18.384950637817383,18.376597447792506,18.384950637817383,400,0.0,0.0,0.0
2019-08-23 00:00:00-04:00,18.36824903296212,18.36824903296212,18.257154603845407,18.259660720825195,900,0.0,0.0,0.0
2019-08-26 00:00:00-04:00,18.22624285499814,18.22624285499814,18.096772395181258,18.13435935974121,13500,0.0,0.0,0.0
2019-08-27 00:00:00-04:00,18.06753405543763,18.113475799560547,18.06753405543763,18.113475799560547,200,0.0,0.0,0.0
2019-08-28 00:00:00-04:00,18.23459630643924,18.23459630643924,18.184478759765625,18.184478759765625,100,0.0,0.0,0.0
2019-08-29 00:00:00-04:00,18.204532658984544,18.204532658984544,18.159425735473633,18.159425735473633,500,0.0,0.0,0.0
2019-08-30 00:00:00-04:00,18.293078469710373,18.293078469710373,18.234607696533203,18.234607696533203,400,0.0,0.0,0.0
2019-09-03 00:00:00-04:00,18.13150978088379,18.13150978088379,18.13150978088379,18.13150978088379,300,0.072,0.0,0.0
2019-09-04 00:00:00-04:00,18.17090186154908,18.17090186154908,18.14827537536621,18.14827537536621,200,0.0,0.0,0.0
2019-09-05 00:00:00-04:00,18.290745624523378,18.290745624523378,18.250518275182348,18.253032684326172,300,0.0,0.0,0.0
2019-09-06 00:00:00-04:00,18.336848332268747,18.353610003870912,18.29997457292117,18.324277877807617,3100,0.0,0.0,0.0
2019-09-09 00:00:00-04:00,18.32846154251577,18.32846154251577,18.290748596191406,18.290748596191406,600,0.0,0.0,0.0
2019-09-10 00:00:00-04:00,18.261418248062306,18.31589126586914,18.257227032243023,18.31589126586914,3700,0.0,0.0,0.0
2019-09-11 00:00:00-04:00,18.294950485229492,18.294950485229492,18.294950485229492,18.294950485229492,0,0.0,0.0,0.0
2019-09-12 00:00:00-04:00,18.394671177185003,18.394671177185003,18.374557495117188,18.374557495117188,100,0.0,0.0,0.0
2019-09-13 00:00:00-04:00,18.420642074750702,18.49187832947992,18.420642074750702,18.46673583984375,2000,0.0,0.0,0.0
2019-09-16 00:00:00-04:00,18.496072711310784,18.496072711310784,18.479311047234138,18.48769187927246,1800,0.0,0.0,0.0
2019-09-17 00:00:00-04:00,18.42065133919136,18.42065133919136,18.382938385009766,18.382938385009766,400,0.0,0.0,0.0
2019-09-18 00:00:00-04:00,18.3955135345459,18.3955135345459,18.3955135345459,18.3955135345459,0,0.0,0.0,0.0
2019-09-19 00:00:00-04:00,18.403889671003835,18.403889671003835,18.382938385009766,18.382938385009766,1100,0.0,0.0,0.0
2019-09-20 00:00:00-04:00,18.374557495117188,18.374557495117188,18.374557495117188,18.374557495117188,0,0.0,0.0,0.0
2019-09-23 00:00:00-04:00,18.353608975961265,18.353608975961265,18.33684730529785,18.33684730529785,1300,0.0,0.0,0.0
2019-09-24 00:00:00-04:00,18.34605797816659,18.361980438232422,18.34605797816659,18.361980438232422,300,0.0,0.0,0.0
2019-09-25 00:00:00-04:00,18.310874938964844,18.310874938964844,18.310874938964844,18.310874938964844,0,0.0,0.0,0.0
2019-09-26 00:00:00-04:00,18.279856999194774,18.311703529073824,18.265609741210938,18.265609741210938,1300,0.0,0.0,0.0
2019-09-27 00:00:00-04:00,18.260574136241125,18.28655423250199,18.227890014648438,18.227890014648438,1200,0.0,0.0,0.0
2019-09-30 00:00:00-04:00,18.303326015026965,18.3117068505659,18.264775450332618,18.27566909790039,600,0.0,0.0,0.0
2019-10-01 00:00:00-04:00,18.127546049425916,18.224327087402344,18.127546049425916,18.224327087402344,800,0.091,0.0,0.0
2019-10-02 00:00:00-04:00,18.199074845734327,18.249568939208984,18.199074845734327,18.249568939208984,300,0.0,0.0,0.0
2019-10-03 00:00:00-04:00,18.295867919921875,18.295867919921875,18.295867919921875,18.295867919921875,0,0.0,0.0,0.0
2019-10-04 00:00:00-04:00,18.358972549438477,18.358972549438477,18.358972549438477,18.358972549438477,0,0.0,0.0,0.0
2019-10-07 00:00:00-04:00,18.325321197509766,18.325321197509766,18.325321197509766,18.325321197509766,0,0.0,0.0,0.0
2019-10-08 00:00:00-04:00,18.295863365708264,18.295863365708264,18.232746124267578,18.232746124267578,400,0.0,0.0,0.0
2019-10-09 00:00:00-04:00,18.27060975992907,18.27060975992907,18.220115661621094,18.220115661621094,2200,0.0,0.0,0.0
2019-10-10 00:00:00-04:00,18.300065994262695,18.300065994262695,18.300065994262695,18.300065994262695,0,0.0,0.0,0.0
2019-10-11 00:00:00-04:00,18.34635940790525,18.388439178466797,18.34635940790525,18.388439178466797,100,0.0,0.0,0.0
2019-10-14 00:00:00-04:00,18.43051252616138,18.552541421123152,18.43051252616138,18.49363136291504,700,0.0,0.0,0.0
2019-10-15 00:00:00-04:00,18.47090650967605,18.472590341952827,18.40947151184082,18.40947151184082,500,0.0,0.0,0.0
2019-10-16 00:00:00-04:00,18.409479728064333,18.430518812431988,18.37160873413086,18.37160873413086,1600,0.0,0.0,0.0
2019-10-17 00:00:00-04:00,18.40947151184082,18.40947151184082,18.40947151184082,18.40947151184082,0,0.0,0.0,0.0
2019-10-18 00:00:00-04:00,18.40947151184082,18.40947151184082,18.40947151184082,18.40947151184082,0,0.0,0.0,0.0
2019-10-21 00:00:00-04:00,18.469225195146123,18.514671015850563,18.455760955810547,18.455760955810547,1000,0.0,0.0,0.0
2019-10-22 00:00:00-04:00,18.434720993041992,18.434720993041992,18.434720993041992,18.434720993041992,0,0.0,0.0,0.0
2019-10-23 00:00:00-04:00,18.40526880391494,18.460812810023853,18.39685285084645,18.45744514465332,1700,0.0,0.0,0.0
2019-10-24 00:00:00-04:00,18.472592285723387,18.512145494015105,18.472592285723387,18.49363136291504,1800,0.0,0.0,0.0
2019-10-25 00:00:00-04:00,18.514668371283395,18.514668371283395,18.464174270629883,18.464174270629883,1300,0.0,0.0,0.0
2019-10-28 00:00:00-04:00,18.396855133514944,18.459972381591797,18.396855133514944,18.459972381591797,700,0.0,0.0,0.0
2019-10-29 00:00:00-04:00,18.489426240580492,18.50625814773374,18.451555252075195,18.451555252075195,1200,0.0,0.0,0.0
2019-10-30 00:00:00-04:00,18.514668371283395,18.514668371283395,18.460808211276785,18.464174270629883,1400,0.0,0.0,0.0
2019-10-31 00:00:00-04:00,18.47258758544922,18.47258758544922,18.47258758544922,18.47258758544922,0,0.0,0.0,0.0
2019-11-01 00:00:00-04:00,18.47344003501182,18.47344003501182,18.469219207763672,18.469219207763672,500,0.071,0.0,0.0
2019-11-04 00:00:00-05:00,18.478506883559056,18.5325434584013,18.477663040161133,18.477663040161133,2000,0.0,0.0,0.0
2019-11-05 00:00:00-05:00,18.532532448205355,18.574747138456054,18.532532448205355,18.545196533203125,600,0.0,0.0,0.0
2019-11-06 00:00:00-05:00,18.557870729513667,18.557870729513667,18.55364990234375,18.55364990234375,200,0.0,0.0,0.0
2019-11-07 00:00:00-05:00,18.616970497305537,18.68451499938965,18.616970497305537,18.68451499938965,200,0.0,0.0,0.0
2019-11-08 00:00:00-05:00,18.625409822584142,18.726727359478314,18.625409822584142,18.68029022216797,800,0.0,0.0,0.0
2019-11-11 00:00:00-05:00,18.57897186279297,18.57897186279297,18.57897186279297,18.57897186279297,0,0.0,0.0,0.0
2019-11-12 00:00:00-05:00,18.583202362060547,18.583202362060547,18.574759096497367,18.583202362060547,400,0.0,0.0,0.0
2019-11-13 00:00:00-05:00,18.55364990234375,18.55364990234375,18.55364990234375,18.55364990234375,0,0.0,0.0,0.0
2019-11-14 00:00:00-05:00,18.481884427012982,18.549428939819336,18.481884427012982,18.549428939819336,400,0.0,0.0,0.0
2019-11-15 00:00:00-05:00,18.600078582763672,18.600078582763672,18.600078582763672,18.600078582763672,0,0.0,0.0,0.0
2019-11-18 00:00:00-05:00,18.600078582763672,18.600078582763672,18.600078582763672,18.600078582763672,100,0.0,0.0,0.0
2019-11-19 00:00:00-05:00,18.549428939819336,18.549428939819336,18.549428939819336,18.549428939819336,0,0.0,0.0,0.0
2019-11-20 00:00:00-05:00,18.498762701503814,18.507205963134766,18.498762701503814,18.507205963134766,500,0.0,0.0,0.0
2019-11-21 00:00:00-05:00,18.524939451532003,18.5578670501709,18.524939451532003,18.5578670501709,2000,0.0,0.0,0.0
2019-11-22 00:00:00-05:00,18.594173812539537,18.594173812539537,18.56631088256836,18.56631088256836,600,0.0,0.0,0.0
2019-11-25 00:00:00-05:00,18.570537567138672,18.570537567138672,18.570537567138672,18.570537567138672,0,0.0,0.0,0.0
2019-11-26 00:00:00-05:00,18.621192932128906,18.621192932128906,18.621192932128906,18.621192932128906,0,0.0,0.0,0.0
2019-11-27 00:00:00-05:00,18.65918681760058,18.68451499938965,18.65918681760058,18.68451499938965,200,0.0,0.0,0.0
2019-11-29 00:00:00-05:00,18.70055309905606,18.701396942138672,18.70055309905606,18.701396942138672,700,0.0,0.0,0.0
2019-12-02 00:00:00-05:00,18.671739081390463,18.680214871613614,18.608171463012695,18.608171463012695,1400,0.085,0.0,0.0
2019-12-03 00:00:00-05:00,18.536130905151367,18.536130905151367,18.536130905151367,18.536130905151367,0,0.0,0.0,0.0
2019-12-04 00:00:00-05:00,18.557301355065,18.557301355065,18.54204559326172,18.54204559326172,300,0.0,0.0,0.0
2019-12-05 00:00:00-05:00,18.688681537929238,18.69715732474763,18.650541305541992,18.650541305541992,2100,0.0,0.0,0.0
2019-12-06 00:00:00-05:00,18.650541305541992,18.650541305541992,18.650541305541992,18.650541305541992,300,0.0,0.0,0.0
2019-12-09 00:00:00-05:00,18.64630699157715,18.64630699157715,18.64630699157715,18.64630699157715,200,0.0,0.0,0.0
2019-12-10 00:00:00-05:00,18.6251220703125,18.6251220703125,18.6251220703125,18.6251220703125,100,0.0,0.0,0.0
2019-12-11 00:00:00-05:00,18.642070770263672,18.642070770263672,18.642070770263672,18.642070770263672,100,0.0,0.0,0.0
2019-12-12 00:00:00-05:00,18.642065503469183,18.748857498168945,18.642065503469183,18.748857498168945,500,0.0,0.0,0.0
2019-12-13 00:00:00-05:00,18.917527467597143,18.917527467597143,18.84548568725586,18.84548568725586,1400,0.0,0.0,0.0
2019-12-16 00:00:00-05:00,18.73106575012207,18.741235727215248,18.73106575012207,18.73106575012207,700,0.0,0.0,0.0
2019-12-17 00:00:00-05:00,18.822610218398257,18.822610218398257,18.81583023071289,18.81583023071289,400,0.0,0.0,0.0
2019-12-18 00:00:00-05:00,18.8581913604858,18.8581913604858,18.76495933532715,18.76495933532715,100,0.0,0.0,0.0
2019-12-19 00:00:00-05:00,18.718347549438477,18.718347549438477,18.718347549438477,18.718347549438477,100,0.0,0.0,0.0
2019-12-20 00:00:00-05:00,18.743776321411133,18.743776321411133,18.743776321411133,18.743776321411133,100,0.0,0.0,0.0
2019-12-23 00:00:00-05:00,18.72089318672868,18.748016357421875,18.72089318672868,18.748016357421875,100,0.0,0.0,0.0
2019-12-24 00:00:00-05:00,18.750560760498047,18.750560760498047,18.750560760498047,18.750560760498047,100,0.0,0.0,0.0
2019-12-26 00:00:00-05:00,18.74801816055274,18.74801816055274,18.671737670898438,18.671737670898438,1400,0.0,0.0,0.0
2019-12-27 00:00:00-05:00,18.748020280240432,18.815824987977994,18.731068699158104,18.735305786132812,600,0.0,0.0,0.0
2019-12-30 00:00:00-05:00,18.833093643188477,18.833093643188477,18.833093643188477,18.833093643188477,100,0.07,0.0,0.0
2019-12-31 00:00:00-05:00,18.790565985121326,18.807571411132812,18.790565985121326,18.807571411132812,1800,0.0,0.0,0.0
2020-01-02 00:00:00-05:00,18.85433578491211,18.85433578491211,18.85433578491211,18.85433578491211,100,0.0,0.0,0.0
2020-01-03 00:00:00-05:00,18.905351638793945,18.905351638793945,18.905351638793945,18.905351638793945,100,0.0,0.0,0.0
2020-01-06 00:00:00-05:00,18.9521207602821,18.956371307373047,18.9521207602821,18.956371307373047,1200,0.0,0.0,0.0
2020-01-07 00:00:00-05:00,18.947866439819336,18.947866439819336,18.947866439819336,18.947866439819336,2200,0.0,0.0,0.0
2020-01-08 00:00:00-05:00,18.879843198167826,18.978471755981445,18.879843198167826,18.978471755981445,500,0.0,0.0,0.0
2020-01-09 00:00:00-05:00,19.08815355609156,19.08815355609156,19.003128051757812,19.003128051757812,600,0.0,0.0,0.0
2020-01-10 00:00:00-05:00,19.1034597214258,19.1034597214258,19.041391372680664,19.041391372680664,700,0.0,0.0,0.0
2020-01-13 00:00:00-05:00,19.071155307009366,19.13067269592032,19.071155307009366,19.100914001464844,900,0.0,0.0,0.0
2020-01-14 00:00:00-05:00,19.11196745333404,19.130672454833984,19.10516430773908,19.130672454833984,700,0.0,0.0,0.0
2020-01-15 00:00:00-05:00,19.215694652591946,19.215694652591946,19.05414632583731,19.147674560546875,3000,0.0,0.0,0.0
2020-01-16 00:00:00-05:00,19.207185745239258,19.207185745239258,19.207185745239258,19.207185745239258,400,0.0,0.0,0.0
2020-01-17 00:00:00-05:00,19.266703353257665,19.266703353257665,19.21398751443578,19.215688705444336,700,0.0,0.0,0.0
2020-01-21 00:00:00-05:00,19.215692505425327,19.215692505425327,19.062646909993546,19.177431106567383,2000,0.0,0.0,0.0
2020-01-22 00:00:00-05:00,19.198681625731847,19.24119355828713,19.198681625731847,19.22418975830078,4200,0.0,0.0,0.0
2020-01-23 00:00:00-05:00,19.13067269592032,19.139175411725773,19.100914001464844,19.100914001464844,700,0.0,0.0,0.0
2020-01-24 00:00:00-05:00,19.089861038695606,19.096662562909156,19.079658752375284,19.08816146850586,1700,0.0,0.0,0.0
2020-01-27 00:00:00-05:00,18.918106079101562,18.918106079101562,18.918106079101562,18.918106079101562,100,0.0,0.0,0.0
2020-01-28 00:00:00-05:00,18.85433700429698,18.85858917236328,18.85433700429698,18.85858917236328,900,0.0,0.0,0.0
2020-01-29 00:00:00-05:00,18.91810606851251,18.91810606851251,18.841583262542173,18.879844665527344,400,0.0,0.0,0.0
2020-01-30 00:00:00-05:00,18.833087228796067,18.875600814819336,18.833087228796067,18.875600814819336,400,0.0,0.0,0.0
2020-01-31 00:00:00-05:00,18.76506804443446,18.841590881347656,18.76506804443446,18.841590881347656,300,0.0,0.0,0.0
2020-02-03 00:00:00-05:00,18.714490508742067,18.760550798587158,18.68975289060443,18.723020553588867,4700,0.071,0.0,0.0
2020-02-04 00:00:00-05:00,18.9277400970459,18.9277400970459,18.9277400970459,18.9277400970459,400,0.0,0.0,0.0
2020-02-05 00:00:00-05:00,18.940521240234375,18.940521240234375,18.940521240234375,18.940521240234375,600,0.0,0.0,0.0
2020-02-06 00:00:00-05:00,18.995977492046382,19.07274627685547,18.995977492046382,19.07274627685547,500,0.0,0.0,0.0
2020-02-07 00:00:00-05:00,19.013040734177626,19.05824851989746,19.013040734177626,19.05824851989746,1700,0.0,0.0,0.0
2020-02-10 00:00:00-05:00,19.038619253552255,19.038619253552255,18.95758628845215,18.95758628845215,700,0.0,0.0,0.0
2020-02-11 00:00:00-05:00,18.9703830711675,18.9703830711675,18.96185302734375,18.96185302734375,2400,0.0,0.0,0.0
2020-02-12 00:00:00-05:00,19.011336795617602,19.011336795617602,19.008777618408203,19.008777618408203,200,0.0,0.0,0.0
2020-02-13 00:00:00-05:00,19.01729659807,19.01729659807,19.00023651123047,19.00023651123047,900,0.0,0.0,0.0
2020-02-14 00:00:00-05:00,18.96611938526253,18.97464942932129,18.936265044526646,18.97464942932129,600,0.0,0.0,0.0
2020-02-18 00:00:00-05:00,18.94479751586914,18.94479751586914,18.94479751586914,18.94479751586914,200,0.0,0.0,0.0
2020-02-19 00:00:00-05:00,18.98829362884053,18.98829362884053,18.96270512706634,18.98317527770996,600,0.0,0.0,0.0
2020-02-20 00:00:00-05:00,18.90555669696802,18.921764268878498,18.90555669696802,18.910675048828125,300,0.0,0.0,0.0
2020-02-21 00:00:00-05:00,18.91919912225463,18.91919912225463,18.89787483215332,18.89787483215332,500,0.0,0.0,0.0
2020-02-24 00:00:00-05:00,18.940521240234375,18.940521240234375,18.940521240234375,18.940521240234375,100,0.0,0.0,0.0
2020-02-25 00:00:00-05:00,18.99597930908203,18.99597930908203,18.99597930908203,18.99597930908203,300,0.0,0.0,0.0
2020-02-26 00:00:00-05:00,18.868025799161533,18.96185302734375,18.868025799161533,18.96185302734375,600,0.0,0.0,0.0
2020-02-27 00:00:00-05:00,19.00023651123047,19.00023651123047,19.00023651123047,19.00023651123047,600,0.0,0.0,0.0
2020-02-28 00:00:00-05:00,18.991704679776404,19.083826862321537,18.987440471937703,19.077003479003906,1600,0.0,0.0,0.0
2020-03-02 00:00:00-05:00,19.186510180463586,19.23954963684082,19.186510180463586,19.23954963684082,500,0.065,0.0,0.0
2020-03-03 00:00:00-05:00,19.15571297792773,19.188220977783203,19.07016552400902,19.188220977783203,2000,0.0,0.0,0.0
2020-03-04 00:00:00-05:00,19.325096130371094,19.325096130371094,19.325096130371094,19.325096130371094,100,0.0,0.0,0.0
2020-03-05 00:00:00-05:00,19.33364742308616,19.35503387451172,19.33364742308616,19.35503387451172,400,0.0,0.0,0.0
2020-03-06 00:00:00-05:00,19.196775269415383,19.25237972574591,19.196775269415383,19.230993270874023,1200,0.0,0.0,0.0
2020-03-09 00:00:00-04:00,19.322520557070206,19.322520557070206,19.28231430053711,19.28231430053711,700,0.0,0.0,0.0
2020-03-10 00:00:00-04:00,19.299429198995686,19.325093921581797,19.239546477976532,19.24211311340332,1000,0.0,0.0,0.0
2020-03-11 00:00:00-04:00,19.27291117929386,19.307985813758354,19.155712362319488,19.230993270874023,2900,0.0,0.0,0.0
2020-03-12 00:00:00-04:00,18.97434490750085,19.042782514538136,18.924727112102413,18.995731353759766,7000,0.0,0.0,0.0
2020-03-13 00:00:00-04:00,19.068451508214512,19.068451508214512,18.987180709838867,18.987180709838867,2800,0.0,0.0,0.0
2020-03-16 00:00:00-04:00,18.905914250737947,19.051344423116003,18.905914250737947,18.97435188293457,900,0.0,0.0,0.0
2020-03-17 00:00:00-04:00,19.11977670278192,19.11977670278192,19.034229278564453,19.034229278564453,1300,0.0,0.0,0.0
2020-03-18 00:00:00-04:00,18.948693874481883,18.99146842956543,18.948693874481883,18.99146842956543,800,0.0,0.0,0.0
2020-03-19 00:00:00-04:00,18.71770880531314,18.75192843591209,18.426850103631047,18.615053176879883,7900,0.0,0.0,0.0
2020-03-20 00:00:00-04:00,18.679216171835435,18.679216171835435,18.585115432739258,18.585115432739258,1600,0.0,0.0,0.0
2020-03-23 00:00:00-04:00,18.580836391354314,18.8545885830171,18.559449934796202,18.700603485107422,13200,0.0,0.0,0.0
2020-03-24 00:00:00-04:00,19.000000727787203,19.008555629356998,18.854572296142578,18.854572296142578,1700,0.0,0.0,0.0
2020-03-25 00:00:00-04:00,18.905918209083573,18.9161831218054,18.901639938354492,18.901639938354492,2700,0.0,0.0,0.0
2020-03-26 00:00:00-04:00,18.623602944295712,18.7733097076416,18.623602944295712,18.7733097076416,1000,0.0,0.0,0.0
2020-03-27 00:00:00-04:00,19.085563781211285,19.085563781211285,18.948688507080078,18.948688507080078,6000,0.0,0.0,0.0
2020-03-30 00:00:00-04:00,18.860582194859088,18.940139770507812,18.860582194859088,18.940139770507812,500,0.0,0.0,0.0
2020-03-31 00:00:00-04:00,18.795565887339126,18.905921468615425,18.775889428293826,18.811819076538086,4800,0.0,0.0,0.0
2020-04-01 00:00:00-04:00,18.88388270496745,18.88388270496745,18.786924362182617,18.786924362182617,700,0.066,0.0,0.0
2020-04-02 00:00:00-04:00,18.73973658717326,18.91563606262207,18.73973658717326,18.91563606262207,1200,0.0,0.0,0.0
2020-04-03 00:00:00-04:00,19.100115283894603,19.100115283894603,18.932796478271484,18.932796478271484,2400,0.0,0.0,0.0
2020-04-06 00:00:00-04:00,19.04005480488948,19.04005480488948,18.87273597717285,18.87273597717285,1000,0.0,0.0,0.0
2020-04-07 00:00:00-04:00,18.932796478271484,18.932796478271484,18.932796478271484,18.932796478271484,200,0.0,0.0,0.0
2020-04-08 00:00:00-04:00,19.005731967549107,19.01002311706543,19.005731967549107,19.01002311706543,300,0.0,0.0,0.0
2020-04-09 00:00:00-04:00,19.01430892944336,19.01430892944336,18.975696774281204,19.01430892944336,1000,0.0,0.0,0.0
2020-04-13 00:00:00-04:00,19.040044225299003,19.306038069341632,19.040044225299003,19.100107192993164,600,0.0,0.0,0.0
2020-04-14 00:00:00-04:00,18.997150446775066,19.276016235351562,18.997150446775066,19.276016235351562,200,0.0,0.0,0.0
2020-04-15 00:00:00-04:00,19.340374169210534,19.340374169210534,19.09153983079448,19.179059982299805,11700,0.0,0.0,0.0
2020-04-16 00:00:00-04:00,19.271730332626188,19.271730332626188,19.091541290283203,19.091541290283203,900,0.0,0.0,0.0
2020-04-17 00:00:00-04:00,18.937082462283698,19.163606643676758,18.937082462283698,19.163606643676758,1100,0.0,0.0,0.0
2020-04-20 00:00:00-04:00,19.211652751826534,19.211652751826534,19.091526814679927,19.132713317871094,2700,0.0,0.0,0.0
2020-04-21 00:00:00-04:00,19.27172535848147,19.27172535848147,19.070085525512695,19.070085525512695,1200,0.0,0.0,0.0
2020-04-22 00:00:00-04:00,19.203075430116392,19.203075430116392,18.928500876597365,19.061498641967773,900,0.0,0.0,0.0
2020-04-23 00:00:00-04:00,19.08810424445432,19.142160942693295,19.065794195698835,19.104406356811523,1800,0.0,0.0,0.0
2020-04-24 00:00:00-04:00,19.067394776568307,19.071697235107422,18.942602139002307,19.071697235107422,1600,0.067,0.0,0.0
2020-04-27 00:00:00-04:00,19.32128895231763,19.32128895231763,19.211987427195762,19.2180118560791,5800,0.0,0.0,0.0
2020-04-28 00:00:00-04:00,19.249859185156687,19.265350341796875,19.249859185156687,19.265350341796875,200,0.0,0.0,0.0
2020-04-29 00:00:00-04:00,19.32128143310547,19.32128143310547,19.32128143310547,19.32128143310547,100,0.0,0.0,0.0
2020-04-30 00:00:00-04:00,19.3212801262751,19.502012910215825,19.312673568725586,19.312673568725586,17300,0.0,0.0,0.0
2020-05-01 00:00:00-04:00,19.226611408550344,19.303208628734513,19.226611408550344,19.248126983642578,500,0.0,0.0,0.0
2020-05-04 00:00:00-04:00,19.24382775700036,19.24382775700036,19.088912963867188,19.088912963867188,12500,0.0,0.0,0.0
2020-05-05 00:00:00-04:00,19.183579541501185,19.183579541501185,19.06308937072754,19.06308937072754,1200,0.0,0.0,0.0
2020-05-06 00:00:00-04:00,19.11989138770903,19.140546798706055,19.114727124576497,19.140546798706055,900,0.0,0.0,0.0
2020-05-07 00:00:00-04:00,19.166370911109986,19.26534388922571,19.166370911109986,19.170673370361328,1000,0.0,0.0,0.0
2020-05-08 00:00:00-04:00,19.12505756489333,19.255874633789062,19.12505756489333,19.255874633789062,800,0.0,0.0,0.0
2020-05-11 00:00:00-04:00,19.269638818557677,19.269638818557677,19.235214233398438,19.235214233398438,200,0.0,0.0,0.0
2020-05-12 00:00:00-04:00,19.252437564031553,19.252437564031553,19.13625144958496,19.13625144958496,2700,0.0,0.0,0.0
2020-05-13 00:00:00-04:00,19.222314834594727,19.222314834594727,19.222314834594727,19.222314834594727,400,0.0,0.0,0.0
2020-05-14 00:00:00-04:00,19.230919647773213,19.230919647773213,19.157766342163086,19.157766342163086,700,0.0,0.0,0.0
2020-05-15 00:00:00-04:00,19.192194021674997,19.192194021674997,19.131949727034314,19.178424835205078,800,0.0,0.0,0.0
2020-05-18 00:00:00-04:00,19.17497375894809,19.209398350894826,19.140547525468197,19.196489334106445,2200,0.0,0.0,0.0
2020-05-19 00:00:00-04:00,19.22661599003963,19.22661599003963,19.183584829601312,19.213706970214844,500,0.0,0.0,0.0
2020-05-20 00:00:00-04:00,19.304082368481517,19.304082368481517,19.174987185603563,19.18359375,2300,0.0,0.0,0.0
2020-05-21 00:00:00-04:00,19.179279379350394,19.312678593778056,19.054486724711623,19.088912963867188,2200,0.0,0.0,0.0
2020-05-22 00:00:00-04:00,19.071704346129643,19.088917469770553,19.067401885986328,19.067401885986328,500,0.0,0.0,0.0
2020-05-26 00:00:00-04:00,18.9081872527467,19.106134936546223,18.9081872527467,19.03297996520996,5200,0.0,0.0,0.0
2020-05-27 00:00:00-04:00,19.05449555388503,19.05449555388503,18.989948787859827,19.03297996520996,1300,0.0,0.0,0.0
2020-05-28 00:00:00-04:00,18.985642308445794,18.985642308445794,18.91248898780158,18.913349151611328,1500,0.0,0.0,0.0
2020-05-29 00:00:00-04:00,19.063095771053007,19.063095771053007,18.899574396801537,19.002851486206055,800,0.0,0.0,0.0
2020-06-01 00:00:00-04:00,19.054609745350216,19.08048803290902,19.020105361938477,19.020105361938477,1900,0.05,0.0,0.0
2020-06-02 00:00:00-04:00,19.166744232177734,19.192622517753495,19.166744232177734,19.166744232177734,1600,0.0,0.0,0.0
2020-06-03 00:00:00-04:00,19.132238169062088,19.16674089856939,19.07185715847995,19.149490356445312,1400,0.0,0.0,0.0
2020-06-04 00:00:00-04:00,19.071860087761703,19.071860087761703,18.985600782856007,19.04080581665039,1700,0.0,0.0,0.0
2020-06-05 00:00:00-04:00,19.10635651281267,19.11498260498047,19.045975512896955,19.11498260498047,2400,0.0,0.0,0.0
2020-06-08 00:00:00-04:00,19.02010264089905,19.110675811767578,19.02010264089905,19.110675811767578,600,0.0,0.0,0.0
2020-06-09 00:00:00-04:00,19.15811586900999,19.166741963180737,19.114987043415496,19.140865325927734,2200,0.0,0.0,0.0
2020-06-10 00:00:00-04:00,19.183988339029817,19.19261443058697,19.119295120239258,19.119295120239258,2900,0.0,0.0,0.0
2020-06-11 00:00:00-04:00,19.18399894944823,19.20987723843264,19.114991824082793,19.192625045776367,16200,0.0,0.0,0.0
2020-06-12 00:00:00-04:00,19.166744232177734,19.166744232177734,19.166744232177734,19.166744232177734,700,0.0,0.0,0.0
2020-06-15 00:00:00-04:00,19.106361941828478,19.15811686428241,19.106361941828478,19.110675811767578,6100,0.0,0.0,0.0
2020-06-16 00:00:00-04:00,19.166744232177734,19.166744232177734,19.166744232177734,19.166744232177734,100,0.0,0.0,0.0
2020-06-17 00:00:00-04:00,19.106361318731846,19.137415587398916,19.06323249230331,19.084796905517578,4400,0.0,0.0,0.0
2020-06-18 00:00:00-04:00,19.106363211093726,19.166744232177734,19.104638979211,19.166744232177734,2900,0.0,0.0,0.0
2020-06-19 00:00:00-04:00,19.209868756073153,19.21849484859233,19.183990478515625,19.183990478515625,2700,0.0,0.0,0.0
2020-06-22 00:00:00-04:00,19.19693429881939,19.201248168945312,19.165881673054066,19.201248168945312,2700,0.0,0.0,0.0
2020-06-23 00:00:00-04:00,19.20555734245058,19.296130502851472,19.20555734245058,19.269390106201172,2000,0.0,0.0,0.0
2020-06-24 00:00:00-04:00,19.2788822245196,19.2788822245196,19.209875106811523,19.209875106811523,1900,0.0,0.0,0.0
2020-06-25 00:00:00-04:00,19.244366884489335,19.244366884489335,19.196924209594727,19.196924209594727,3600,0.0,0.0,0.0
2020-06-26 00:00:00-04:00,19.183993449201626,19.192619543056573,19.17536735534668,19.17536735534668,700,0.0,0.0,0.0
2020-06-29 00:00:00-04:00,19.175364452883343,19.18399054543261,19.12360954284668,19.12360954284668,1100,0.0,0.0,0.0
2020-06-30 00:00:00-04:00,19.123612437476172,19.253000554782023,19.097734155911333,19.17536735534668,5700,0.0,0.0,0.0
2020-07-01 00:00:00-04:00,19.164122901612057,19.267900466918945,19.138178097913226,19.267900466918945,3800,0.057,0.0,0.0
2020-07-02 00:00:00-04:00,19.19872515428767,19.207371776833764,19.17537498474121,19.17537498474121,1600,0.0,0.0,0.0
2020-07-06 00:00:00-04:00,19.22466779661102,19.259260883808903,19.22466779661102,19.24196434020996,2600,0.0,0.0,0.0
2020-07-07 00:00:00-04:00,19.17276908886388,19.363026013543124,19.155472554941696,19.35437774658203,3500,0.0,0.0,0.0
2020-07-08 00:00:00-04:00,19.198722616424035,19.328443380827775,19.198722616424035,19.285202026367188,1600,0.0,0.0,0.0
2020-07-09 00:00:00-04:00,19.285199714722875,19.328441064000287,19.180559443295817,19.315467834472656,4600,0.0,0.0,0.0
2020-07-10 00:00:00-04:00,19.276557427407845,19.28520404971813,19.235046382566058,19.24196434020996,3600,0.0,0.0,0.0
2020-07-13 00:00:00-04:00,19.259256607691338,19.328441117236935,19.259256607691338,19.293848037719727,14600,0.0,0.0,0.0
2020-07-14 00:00:00-04:00,19.276561737060547,19.31115318250284,19.254940227983365,19.276561737060547,2400,0.0,0.0,0.0
2020-07-15 00:00:00-04:00,19.293854715945557,19.293854715945557,19.27655981968945,19.290395736694336,7400,0.0,0.0,0.0
2020-07-16 00:00:00-04:00,19.224668525384104,19.354389308315277,19.224668525384104,19.31114959716797,5300,0.0,0.0,0.0
2020-07-17 00:00:00-04:00,19.328433990478516,19.34573052385956,19.328433990478516,19.328433990478516,2200,0.0,0.0,0.0
2020-07-20 00:00:00-04:00,19.34574156331704,19.37168472870461,19.30682516574653,19.365631103515625,11900,0.0,0.0,0.0
2020-07-21 00:00:00-04:00,19.35438281914685,19.37167935760226,19.34573619940784,19.350059509277344,2900,0.0,0.0,0.0
2020-07-22 00:00:00-04:00,19.388973139088375,19.449509365585815,19.388973139088375,19.432212829589844,10000,0.0,0.0,0.0
2020-07-23 00:00:00-04:00,19.37167935760226,19.388975896057673,19.31979139172472,19.350059509277344,5800,0.0,0.0,0.0
2020-07-24 00:00:00-04:00,19.293835862628352,19.332752227783203,19.25059619000642,19.332752227783203,5400,0.0,0.0,0.0
2020-07-27 00:00:00-04:00,19.319786328225923,19.371674280504216,19.307679084378048,19.35437774658203,2300,0.0,0.0,0.0
2020-07-28 00:00:00-04:00,19.397627580929797,19.397627580929797,19.363034497927625,19.38033103942871,3400,0.0,0.0,0.0
2020-07-29 00:00:00-04:00,19.371676399334493,19.380324667241517,19.337084977194856,19.376001358032227,4300,0.0,0.0,0.0
2020-07-30 00:00:00-04:00,19.345738052699172,19.3976260235475,19.33276482287045,19.371681213378906,2400,0.0,0.0,0.0
2020-07-31 00:00:00-04:00,19.36303294332271,19.380329483435105,19.36303294332271,19.371681213378906,6400,0.0,0.0,0.0
2020-08-03 00:00:00-04:00,19.424574524969636,19.476604173072488,19.376879991711732,19.47226905822754,21200,0.061,0.0,0.0
2020-08-04 00:00:00-04:00,19.39856453933574,19.433250427246094,19.39856453933574,19.433250427246094,3900,0.0,0.0,0.0
2020-08-05 00:00:00-04:00,19.450591793326478,19.50695821495382,19.441919908922824,19.46793556213379,15000,0.0,0.0,0.0
2020-08-06 00:00:00-04:00,19.467941202798123,19.650045866059603,19.467941202798123,19.593679428100586,19500,0.0,0.0,0.0
2020-08-07 00:00:00-04:00,19.511287735972477,19.554645491566585,19.450586216543783,19.53296661376953,5100,0.0,0.0,0.0
2020-08-10 00:00:00-04:00,19.52863709896654,19.545980867773853,19.389890256493725,19.46793556213379,36100,0.0,0.0,0.0
2020-08-11 00:00:00-04:00,19.39856752127659,19.511298741805533,19.39856752127659,19.42458152770996,1500,0.0,0.0,0.0
2020-08-12 00:00:00-04:00,19.4636041913533,19.52777416894711,19.389895634467706,19.42458152770996,18400,0.0,0.0,0.0
2020-08-13 00:00:00-04:00,19.467929679633894,19.580660834832493,19.467929679633894,19.5745906829834,14500,0.0,0.0,0.0
2020-08-14 00:00:00-04:00,19.51129747732775,19.51129747732775,19.489618588707135,19.493953704833984,2200,0.0,0.0,0.0
2020-08-17 00:00:00-04:00,19.489615603988327,19.519966374207787,19.489615603988327,19.502622604370117,6800,0.0,0.0,0.0
2020-08-18 00:00:00-04:00,19.58933356351757,19.59800544567581,19.52429527432699,19.537303924560547,7500,0.0,0.0,0.0
2020-08-19 00:00:00-04:00,19.52864056968865,19.611021005175168,19.52864056968865,19.58934211730957,2700,0.0,0.0,0.0
2020-08-20 00:00:00-04:00,19.580670231364707,19.598014003254434,19.511296797798927,19.58934211730957,2000,0.0,0.0,0.0
2020-08-21 00:00:00-04:00,19.580674234079627,19.5980180095148,19.524307790912054,19.528644561767578,2600,0.0,0.0,0.0
2020-08-24 00:00:00-04:00,19.60668513496778,19.624027252197266,19.59801324935651,19.624027252197266,5700,0.0,0.0,0.0
2020-08-25 00:00:00-04:00,19.55032301123417,19.61536134064616,19.55032301123417,19.606689453125,6400,0.0,0.0,0.0
2020-08-26 00:00:00-04:00,19.615354537963867,19.615354537963867,19.56332323088157,19.615354537963867,4700,0.0,0.0,0.0
2020-08-27 00:00:00-04:00,19.55465134636785,19.6587123065396,19.55465134636785,19.615354537963867,5000,0.0,0.0,0.0
2020-08-28 00:00:00-04:00,19.65871404499059,19.702071817400515,19.63530012013231,19.676057815551758,8700,0.0,0.0,0.0
2020-08-31 00:00:00-04:00,19.702075418632578,19.73676296609526,19.63703874813,19.715084075927734,6400,0.0,0.0,0.0
2020-09-01 00:00:00-04:00,19.776803073145526,19.84634780883789,19.755070654131153,19.84634780883789,24300,0.056,0.0,0.0
2020-09-02 00:00:00-04:00,19.81157125675193,19.8463427867606,19.749849345323156,19.84025764465332,10300,0.0,0.0,0.0
2020-09-03 00:00:00-04:00,19.78114941422969,19.80288349189325,19.715952155471,19.74811553955078,12300,0.0,0.0,0.0
2020-09-04 00:00:00-04:00,19.750720432946213,19.82895845699585,19.715948898966964,19.733335494995117,23000,0.0,0.0,0.0
2020-09-08 00:00:00-04:00,19.733338646590703,19.802883383733196,19.71160456904585,19.78984260559082,36600,0.0,0.0,0.0
2020-09-09 00:00:00-04:00,19.811566735448586,19.811566735448586,19.7333287381881,19.781139373779297,8000,0.0,0.0,0.0
2020-09-10 00:00:00-04:00,19.81157756477329,19.898507246511883,19.776804365615934,19.785497665405273,30200,0.0,0.0,0.0
2020-09-11 00:00:00-04:00,19.811568255338514,19.88980460052459,19.74202188970357,19.837646484375,24100,0.0,0.0,0.0
2020-09-14 00:00:00-04:00,19.837648309823482,19.872421495840765,19.75071700285705,19.8593807220459,16800,0.0,0.0,0.0
2020-09-15 00:00:00-04:00,19.90720237172119,19.994133719508476,19.846350925693354,19.968053817749023,16700,0.0,0.0,0.0
2020-09-16 00:00:00-04:00,20.002822305479913,20.0897536327777,19.994129006942416,20.037593841552734,25600,0.0,0.0,0.0
2020-09-17 00:00:00-04:00,20.03759502959903,20.081061524863667,20.00282349146457,20.063674926757812,7300,0.0,0.0,0.0
2020-09-18 00:00:00-04:00,20.046281104671138,20.081054288351808,20.011509579067127,20.07236099243164,9600,0.0,0.0,0.0
2020-09-21 00:00:00-04:00,20.00282702009496,20.037598564363343,19.968053817749023,19.968053817749023,17800,0.0,0.0,0.0
2020-09-22 00:00:00-04:00,19.950674261980094,19.96805920977001,19.907207747310316,19.932418823242188,43800,0.0,0.0,0.0
2020-09-23 00:00:00-04:00,19.907195330243724,20.42878157439691,19.907195330243724,19.93327522277832,27400,0.0,0.0,0.0
2020-09-24 00:00:00-04:00,19.855041108059098,19.863734407280305,19.823746557324583,19.84634780883789,22300,0.0,0.0,0.0
2020-09-25 00:00:00-04:00,19.846346493879555,19.846346493879555,19.79418836008544,19.83678436279297,14500,0.0,0.0,0.0
2020-09-28 00:00:00-04:00,19.802884264983952,19.802884264983952,19.75941776603726,19.785497665405273,14900,0.0,0.0,0.0
2020-09-29 00:00:00-04:00,19.78549637236673,19.856778773056966,19.76376395335236,19.84634780883789,28300,0.0,0.0,0.0
2020-09-30 00:00:00-04:00,19.881121511659845,20.00282438769927,19.85069413457266,19.994131088256836,41800,0.0,0.0,0.0
2020-10-01 00:00:00-04:00,20.068158579472968,20.081223254737687,20.0333172303311,20.0594482421875,34000,0.045,0.0,0.0
2020-10-02 00:00:00-04:00,20.233654203319347,20.268495559692383,20.12042311776161,20.268495559692383,23300,0.0,0.0,0.0
2020-10-05 00:00:00-04:00,20.285917445642298,20.285917445642298,20.164844887966822,20.224945068359375,35900,0.0,0.0,0.0
2020-10-06 00:00:00-04:00,20.312056460211174,20.346897835223366,20.285927090280232,20.294635772705078,37900,0.0,0.0,0.0
2020-10-07 00:00:00-04:00,20.364303525068518,20.364303525068518,20.233651776991433,20.259782791137695,37300,0.0,0.0,0.0
2020-10-08 00:00:00-04:00,20.25979107691427,20.31205146525295,20.22059537032831,20.272855758666992,42900,0.0,0.0,0.0
2020-10-09 00:00:00-04:00,20.27720589878564,20.285916237878897,20.268495559692383,20.268495559692383,46900,0.0,0.0,0.0
2020-10-12 00:00:00-04:00,20.312051753502413,20.312051753502413,20.09429819411868,20.207530975341797,66500,0.0,0.0,0.0
2020-10-13 00:00:00-04:00,20.242375296809282,20.242375296809282,20.120433807373047,20.120433807373047,57400,0.0,0.0,0.0
2020-10-14 00:00:00-04:00,20.259786949074588,20.259786949074588,20.19446023096542,20.23365592956543,49200,0.0,0.0,0.0
2020-10-15 00:00:00-04:00,20.31205146525295,20.31205146525295,20.20753068857559,20.272855758666992,26400,0.0,0.0,0.0
2020-10-16 00:00:00-04:00,20.338177591257505,20.38172762749527,20.314659840705062,20.320756912231445,62200,0.0,0.0,0.0
2020-10-19 00:00:00-04:00,20.346888452910612,20.37301781079284,20.320757433700948,20.3294677734375,29700,0.0,0.0,0.0
2020-10-20 00:00:00-04:00,20.381735230254723,20.390445573016873,20.355605863296294,20.386091232299805,27100,0.0,0.0,0.0
2020-10-21 00:00:00-04:00,20.390442340286018,20.468833751389045,20.390442340286018,20.433992385864258,51500,0.0,0.0,0.0
2020-10-22 00:00:00-04:00,20.41657066345215,20.438345683360577,20.390439642765518,20.41657066345215,25500,0.0,0.0,0.0
2020-10-23 00:00:00-04:00,20.40786014643683,20.40786014643683,20.364308445669717,20.381729125976562,44300,0.0,0.0,0.0
2020-10-26 00:00:00-04:00,20.268505015263514,20.31118453380202,20.207534274494225,20.3033447265625,39500,0.0,0.0,0.0
2020-10-27 00:00:00-04:00,20.320766803964222,20.320766803964222,20.259796059021088,20.294635772705078,38100,0.0,0.0,0.0
2020-10-28 00:00:00-04:00,20.268498332547313,20.268498332547313,20.242367311692654,20.25107765197754,30400,0.0,0.0,0.0
2020-10-29 00:00:00-04:00,20.25979194525965,20.25979194525965,20.22495057732202,20.255435943603516,13300,0.0,0.0,0.0
2020-10-30 00:00:00-04:00,20.329466532255243,20.329466532255243,20.2597854799445,20.286787033081055,28600,0.0,0.0,0.0
2020-11-02 00:00:00-05:00,20.39237403869629,20.401098450555185,20.331291505382026,20.39237403869629,33800,0.042,0.0,0.0
2020-11-03 00:00:00-05:00,20.44472494568934,20.44472494568934,20.3836440883132,20.42727279663086,63700,0.0,0.0,0.0
2020-11-04 00:00:00-05:00,20.462185034854215,20.619249444341882,20.43687890960112,20.614887237548828,39100,0.0,0.0,0.0
2020-11-05 00:00:00-05:00,20.811218304438164,20.854847026487615,20.645426164857945,20.819944381713867,48200,0.0,0.0,0.0
2020-11-06 00:00:00-05:00,20.732687080377634,20.758865314486474,20.697782768232514,20.750139236450195,65400,0.0,0.0,0.0
2020-11-09 00:00:00-05:00,20.680322508853838,20.767579919345206,20.59306343403405,20.654144287109375,76000,0.0,0.0,0.0
2020-11-10 00:00:00-05:00,20.50580420033337,20.54507070048161,20.41854512618967,20.531982421875,23700,0.0,0.0,0.0
2020-11-11 00:00:00-05:00,20.53198993711173,20.593070812070966,20.48748744350042,20.55816650390625,32500,0.0,0.0,0.0
2020-11-12 00:00:00-05:00,20.58434494961754,20.619247593817093,20.571256666083837,20.601797103881836,29400,0.0,0.0,0.0
2020-11-13 00:00:00-05:00,20.689050906943557,20.72395520933181,20.67247252833926,20.710866928100586,38300,0.0,0.0,0.0
2020-11-16 00:00:00-05:00,20.767589550729838,20.767589550729838,20.5974351912994,20.662879943847656,79800,0.0,0.0,0.0
2020-11-17 00:00:00-05:00,20.593074889710604,20.741414900125456,20.567768761981608,20.71523666381836,76900,0.0,0.0,0.0
2020-11-18 00:00:00-05:00,20.706493280648633,20.723945423601954,20.680316730546608,20.689041137695312,57100,0.0,0.0,0.0
2020-11-19 00:00:00-05:00,20.575617011157274,20.61488352253526,20.51453614108683,20.61052131652832,33900,0.0,0.0,0.0
2020-11-20 00:00:00-05:00,20.610519367913472,20.70999296729271,20.610519367913472,20.697776794433594,17900,0.0,0.0,0.0
2020-11-23 00:00:00-05:00,20.680331931210727,20.680331931210727,20.53199193572906,20.627975463867188,40600,0.0,0.0,0.0
2020-11-24 00:00:00-05:00,20.5319802320549,20.574736824316176,20.427269021384664,20.479623794555664,93000,0.0,0.0,0.0
2020-11-25 00:00:00-05:00,20.479627811808875,20.61924167720348,20.479627811808875,20.588701248168945,17100,0.0,0.0,0.0
2020-11-27 00:00:00-05:00,20.578236833446613,20.654151873628805,20.566892766757693,20.64542579650879,12800,0.0,0.0,0.0
2020-11-30 00:00:00-05:00,20.619249554039087,20.69778259136532,20.566894750597996,20.662879943847656,30600,0.0,0.0,0.0
2020-12-01 00:00:00-05:00,20.676861331500717,20.729341877493503,20.676861331500717,20.728466033935547,29900,0.056,0.0,0.0
2020-12-02 00:00:00-05:00,20.7205993472707,20.762583125321136,20.65062693994457,20.755584716796875,39500,0.0,0.0,0.0
2020-12-03 00:00:00-05:00,20.834313005850724,20.851806532410222,20.80282599266324,20.82119369506836,42300,0.0,0.0,0.0
2020-12-04 00:00:00-05:00,20.91302837788914,20.921775139567345,20.790577050942694,20.904281616210938,57700,0.0,0.0,0.0
2020-12-07 00:00:00-05:00,20.91302960847809,20.91302960847809,20.74684446336176,20.886789321899414,83500,0.0,0.0,0.0
2020-12-08 00:00:00-05:00,20.93052033173701,20.939267092759327,20.913026809692383,20.913026809692383,62800,0.0,0.0,0.0
2020-12-09 00:00:00-05:00,20.92177186927236,20.92177186927236,20.77308028053337,20.808067321777344,87300,0.0,0.0,0.0
2020-12-10 00:00:00-05:00,20.816811117689518,20.86929167628786,20.803691812176858,20.86841583251953,24500,0.0,0.0,0.0
2020-12-11 00:00:00-05:00,20.860547679504002,20.869294440428902,20.8518009185791,20.8518009185791,50000,0.0,0.0,0.0
2020-12-14 00:00:00-05:00,20.82556647219584,20.860553525700606,20.77308756021322,20.799327850341797,43400,0.0,0.0,0.0
2020-12-15 00:00:00-05:00,20.79932240643114,20.88678668075153,20.79932240643114,20.872793197631836,42100,0.0,0.0,0.0
2020-12-16 00:00:00-05:00,20.869295350482417,20.962008017435988,20.869295350482417,20.93052101135254,48000,0.0,0.0,0.0
2020-12-17 00:00:00-05:00,20.97425079345703,20.991744314104533,20.95675727280953,20.97425079345703,44600,0.0,0.0,0.0
2020-12-18 00:00:00-05:00,20.956754239978874,20.956754239978874,20.91739632662874,20.93926239013672,43300,0.0,0.0,0.0
2020-12-21 00:00:00-05:00,20.904286105455174,20.943645707322556,20.904286105455174,20.92177963256836,51400,0.0,0.0,0.0
2020-12-22 00:00:00-05:00,20.913027468140434,20.913027468140434,20.53692507370971,20.8255615234375,92400,0.0,0.0,0.0
2020-12-23 00:00:00-05:00,20.85530051806935,20.878042431468835,20.816815101387075,20.834308624267578,30300,0.0,0.0,0.0
2020-12-24 00:00:00-05:00,20.85180798017686,20.939273950772705,20.85180798017686,20.864927291870117,12600,0.0,0.0,0.0
2020-12-28 00:00:00-05:00,20.869289985946963,20.94800914919465,20.869289985946963,20.93926239013672,107500,0.0,0.0,0.0
2020-12-29 00:00:00-05:00,20.86561856344875,20.98835863719548,20.856852968067482,20.979591369628906,36300,0.056,0.0,0.0
2020-12-30 00:00:00-05:00,20.97959438581788,21.01466178894043,20.97959438581788,21.01466178894043,26100,0.0,0.0,0.0
2020-12-31 00:00:00-05:00,21.04972811417291,21.076029917217745,21.040960846491302,21.067262649536133,25300,0.0,0.0,0.0
2021-01-04 00:00:00-05:00,21.29520555625454,21.33027295308891,21.11986355552696,21.3127384185791,125600,0.0,0.0,0.0
2021-01-05 00:00:00-05:00,21.251376014059513,21.303101736870524,21.21630860601407,21.282060623168945,93800,0.0,0.0,0.0
2021-01-06 00:00:00-05:00,21.233833825970336,21.251368359770385,21.21630096435547,21.21630096435547,47800,0.0,0.0,0.0
2021-01-07 00:00:00-05:00,21.19000490785783,21.19000490785783,21.10759458327997,21.133018493652344,69800,0.0,0.0,0.0
2021-01-08 00:00:00-05:00,21.137402958335155,21.146170227609307,21.102333881238543,21.111101150512695,74800,0.0,0.0,0.0
2021-01-11 00:00:00-05:00,21.1286365666938,21.163703973061395,21.11110202741715,21.151430130004883,90300,0.0,0.0,0.0
2021-01-12 00:00:00-05:00,21.198769446967205,21.260138651814525,21.163700374377065,21.251371383666992,177700,0.0,0.0,0.0
2021-01-13 00:00:00-05:00,21.12863703016294,21.181238976961037,21.08480068100974,21.14617156982422,81200,0.0,0.0,0.0
2021-01-14 00:00:00-05:00,21.16370172967189,21.190003535798823,21.084797983476605,21.181236267089844,132700,0.0,0.0,0.0
2021-01-15 00:00:00-05:00,21.16370883048845,21.18124337378957,21.130393867090753,21.15494155883789,66100,0.0,0.0,0.0
2021-01-19 00:00:00-05:00,21.11110178847279,21.13740359709007,21.084799979855514,21.112855911254883,122800,0.0,0.0,0.0
2021-01-20 00:00:00-05:00,21.189999163655397,21.255752829312986,21.137397234440435,21.21630096435547,104200,0.0,0.0,0.0
2021-01-21 00:00:00-05:00,21.190002152223606,21.198769420360136,21.163700347814014,21.185619354248047,36800,0.0,0.0,0.0
2021-01-22 00:00:00-05:00,21.11986406803958,21.11986406803958,21.084794998168945,21.084794998168945,44100,0.0,0.0,0.0
2021-01-25 00:00:00-05:00,21.08479853097439,21.11110033778429,21.049731127413423,21.102333068847656,69700,0.0,0.0,0.0
2021-01-26 00:00:00-05:00,21.14616995114683,21.16370281728028,21.107594301282017,21.15055274963379,58100,0.0,0.0,0.0
2021-01-27 00:00:00-05:00,21.14617156982422,21.34781375937171,21.07603508336484,21.14617156982422,69900,0.0,0.0,0.0
2021-01-28 00:00:00-05:00,21.076032934223324,21.11110033778429,21.04096385847679,21.102333068847656,52600,0.0,0.0,0.0
2021-01-29 00:00:00-05:00,21.277675380288187,21.365346398610612,21.17246982386416,21.23383903503418,169700,0.0,0.0,0.0
2021-02-01 00:00:00-05:00,21.1687881408164,21.256698726200142,21.14241446217479,21.195161819458008,279900,0.066,0.0,0.0
2021-02-02 00:00:00-05:00,21.151196019940276,21.159987242135582,21.133615252303855,21.138010025024414,48600,0.0,0.0,0.0
2021-02-03 00:00:00-05:00,21.13362022198434,21.186365890805394,21.13362022198434,21.159992218017578,60100,0.0,0.0,0.0
2021-02-04 00:00:00-05:00,21.124834966729967,21.151206970214844,21.08967005974339,21.151206970214844,115500,0.0,0.0,0.0
2021-02-05 00:00:00-05:00,21.019333429694036,21.124826431274414,21.019333429694036,21.124826431274414,89700,0.0,0.0,0.0
2021-02-08 00:00:00-05:00,21.15999353101691,21.239112877535216,21.15999353101691,21.20043182373047,123300,0.0,0.0,0.0
2021-02-09 00:00:00-05:00,21.186367181968368,21.256695303600647,21.186367181968368,21.239112854003906,48700,0.0,0.0,0.0
2021-02-10 00:00:00-05:00,21.274276733398438,21.335813627282526,21.23032061151366,21.274276733398438,86100,0.0,0.0,0.0
2021-02-11 00:00:00-05:00,21.247904066621864,21.283067289040503,21.18636716982323,21.24350929260254,77200,0.0,0.0,0.0
2021-02-12 00:00:00-05:00,21.24790041873267,21.353393421386667,21.203945979066898,21.291854858398438,107900,0.0,0.0,0.0
2021-02-16 00:00:00-05:00,21.239112854003906,21.247904078802275,21.20394963156511,21.239112854003906,78700,0.0,0.0,0.0
2021-02-17 00:00:00-05:00,21.1951634697569,21.221535473696935,21.168789789061783,21.203954696655273,29400,0.0,0.0,0.0
2021-02-18 00:00:00-05:00,21.116042136964907,21.120436911627074,20.99296664861019,21.069448471069336,153400,0.0,0.0,0.0
2021-02-19 00:00:00-05:00,21.089665188567707,21.14241086010961,21.072082739135517,21.106369018554688,77900,0.0,0.0,0.0
2021-02-22 00:00:00-05:00,21.11603520807985,21.142407200909165,21.045707099277724,21.124826431274414,45500,0.0,0.0,0.0
2021-02-23 00:00:00-05:00,21.08087730407715,21.142414210085555,21.06329485185905,21.08087730407715,56300,0.0,0.0,0.0
2021-02-24 00:00:00-05:00,21.05450859780194,21.212745662266116,21.05450859780194,21.09846305847168,73100,0.0,0.0,0.0
2021-02-25 00:00:00-05:00,21.04571686963793,21.115164714633323,20.878686904907227,20.878686904907227,141600,0.0,0.0,0.0
2021-02-26 00:00:00-05:00,20.98417996241585,21.02022181447705,20.91385182094096,20.992969512939453,130100,0.0,0.0,0.0
2021-03-01 00:00:00-05:00,20.937472626202716,21.051980569726588,20.937472626202716,21.025556564331055,55500,0.047,0.0,0.0
2021-03-02 00:00:00-05:00,21.087214977313394,21.131256106681683,21.026437076343402,21.11099624633789,164300,0.0,0.0,0.0
2021-03-03 00:00:00-05:00,21.060794402285165,21.078411530332023,20.98151900613609,21.069602966308594,88900,0.0,0.0,0.0
2021-03-04 00:00:00-05:00,21.06959282333014,21.087209942896056,20.840575309156215,20.89342498779297,54800,0.0,0.0,0.0
2021-03-05 00:00:00-05:00,20.911041697825254,20.96389137542697,20.815031254175025,20.867000579833984,51100,0.0,0.0,0.0
2021-03-08 00:00:00-05:00,20.743688858529023,20.787731670240124,20.611563783518687,20.629180908203125,58700,0.0,0.0,0.0
2021-03-09 00:00:00-05:00,20.822969041745615,20.84851438244777,20.70846106501186,20.796545028686523,66200,0.0,0.0,0.0
2021-03-10 00:00:00-05:00,20.858197703219744,20.946281643262477,20.840580579198917,20.940996170043945,18200,0.0,0.0,0.0
2021-03-11 00:00:00-05:00,21.007933709795243,21.069591945646494,20.928658355111942,21.06078338623047,34600,0.0,0.0,0.0
2021-03-12 00:00:00-05:00,20.96389387737011,21.060786364587724,20.95068187640813,21.021148681640625,24000,0.0,0.0,0.0
2021-03-15 00:00:00-04:00,21.025565015041582,21.064320686548292,20.946289606869406,21.043180465698242,70100,0.0,0.0,0.0
2021-03-16 00:00:00-04:00,21.016751161441757,21.051983733951907,20.99032547201292,21.034366607666016,42700,0.0,0.0,0.0
2021-03-17 00:00:00-04:00,20.990328616603506,21.122453723418275,20.981520052140937,21.087221145629883,46600,0.0,0.0,0.0
2021-03-18 00:00:00-04:00,20.999131527337408,21.00794008942839,20.928664710670965,20.972705841064453,77800,0.0,0.0,0.0
2021-03-19 00:00:00-04:00,20.92866386096498,21.01674779823718,20.92866386096498,20.99032211303711,48700,0.0,0.0,0.0
2021-03-22 00:00:00-04:00,21.043165427201643,21.043165427201643,20.93746607855148,20.963890075683594,26500,0.0,0.0,0.0
2021-03-23 00:00:00-04:00,20.999130249023438,21.051979938290707,20.999130249023438,20.999130249023438,23000,0.0,0.0,0.0
2021-03-24 00:00:00-04:00,20.963897063201088,20.99472619017151,20.963897063201088,20.976228713989258,27900,0.0,0.0,0.0
2021-03-25 00:00:00-04:00,20.919850667141844,20.919850667141844,20.79653419030242,20.89342498779297,40300,0.0,0.0,0.0
2021-03-26 00:00:00-04:00,20.849383450317177,20.91985024710499,20.831766331104987,20.88373565673828,48600,0.0,0.0,0.0
2021-03-29 00:00:00-04:00,20.789494637255217,20.814157942473024,20.70845854298576,20.770116806030273,39300,0.0,0.0,0.0
2021-03-30 00:00:00-04:00,20.73487323857276,20.830883671539645,20.708447562681883,20.74456214904785,38300,0.0,0.0,0.0
2021-03-31 00:00:00-04:00,20.87581589290762,20.92866558760656,20.85819876798747,20.919857025146484,44200,0.0,0.0,0.0
2021-04-01 00:00:00-04:00,20.914550403115026,20.967542879400494,20.8527255666819,20.879220962524414,61600,0.064,0.0,0.0
2021-04-05 00:00:00-04:00,20.94987203553561,20.994033823365548,20.914544289871614,20.96312141418457,45800,0.0,0.0,0.0
2021-04-06 00:00:00-04:00,21.08944260657724,21.10887280243667,20.995820867814622,21.100040435791016,128400,0.0,0.0,0.0
2021-04-07 00:00:00-04:00,21.033784274153813,21.073529051641167,21.03201712832309,21.044382095336914,47200,0.0,0.0,0.0
2021-04-08 00:00:00-04:00,21.020542742830347,21.020542742830347,20.984332243480278,20.998462677001953,26600,0.0,0.0,0.0
2021-04-09 00:00:00-04:00,20.88805938604804,20.958716603139163,20.870394660625028,20.956951141357422,15400,0.0,0.0,0.0
2021-04-12 00:00:00-04:00,20.958723989360507,21.038213597176664,20.94989162353632,21.002885818481445,58200,0.0,0.0,0.0
2021-04-13 00:00:00-04:00,21.00287756662905,21.06293527219522,21.00287756662905,21.055870056152344,14900,0.0,0.0,0.0
2021-04-14 00:00:00-04:00,21.05587193409727,21.14419388091399,21.05587193409727,21.08678436279297,31700,0.0,0.0,0.0
2021-04-15 00:00:00-04:00,21.05586757979966,21.098262240272664,20.667252104931357,21.06999969482422,55800,0.0,0.0,0.0
2021-04-16 00:00:00-04:00,21.055870056152344,21.10886254567564,21.02937296909026,21.055870056152344,15500,0.0,0.0,0.0
2021-04-19 00:00:00-04:00,21.108864369649996,21.17068922686948,21.06558696959636,21.148609161376953,67400,0.0,0.0,0.0
2021-04-20 00:00:00-04:00,21.13536256325642,21.214852150863408,21.11769783609907,21.197187423706055,30900,0.0,0.0,0.0
2021-04-21 00:00:00-04:00,21.20601770603974,21.223682431463406,21.153025214369684,21.19277000427246,16200,0.0,0.0,0.0
2021-04-22 00:00:00-04:00,21.179522493443205,21.259012080287906,21.179522493443205,21.223684310913086,15700,0.0,0.0,0.0
2021-04-23 00:00:00-04:00,21.23251687802076,21.23251687802076,21.108865472520392,21.197187423706055,26600,0.0,0.0,0.0
2021-04-26 00:00:00-04:00,21.25294708042168,21.314908754539253,21.235243262579807,21.28392791748047,59000,0.053,0.0,0.0
2021-04-27 00:00:00-04:00,21.2883620857384,21.2883620857384,21.22640038525681,21.27862548828125,21900,0.0,0.0,0.0
2021-04-28 00:00:00-04:00,21.21754140782145,21.288354997411755,21.21754140782145,21.279504776000977,21800,0.0,0.0,0.0
2021-04-29 00:00:00-04:00,21.30606272931389,21.332618463410103,21.285704852669976,21.319339752197266,61100,0.0,0.0,0.0
2021-04-30 00:00:00-04:00,21.314909364645533,21.36801913136235,21.293665120292996,21.350317001342773,17600,0.0,0.0,0.0
2021-05-03 00:00:00-04:00,21.306057455471223,21.35916722218804,21.261799597928714,21.350317001342773,30600,0.0,0.0,0.0
2021-05-04 00:00:00-04:00,21.30605881689162,21.30605881689162,21.25294904678118,21.279504776000977,22300,0.0,0.0,0.0
2021-05-05 00:00:00-04:00,21.217545117966583,21.32376636509069,21.217545117966583,21.27065658569336,25900,0.0,0.0,0.0
2021-05-06 00:00:00-04:00,21.261799597928714,21.350317001342773,21.261799597928714,21.350317001342773,24400,0.0,0.0,0.0
2021-05-07 00:00:00-04:00,21.368023295123947,21.47424453758484,21.35917138422476,21.403430938720703,60900,0.0,0.0,0.0
2021-05-10 00:00:00-04:00,21.50079898981142,21.59816662724506,21.447687527579316,21.483095169067383,40400,0.0,0.0,0.0
2021-05-11 00:00:00-04:00,21.438836957312056,21.438836957312056,21.37687526916409,21.42998504638672,18500,0.0,0.0,0.0
2021-05-12 00:00:00-04:00,21.368012912129437,21.37598013456614,21.30605125427246,21.30605125427246,14500,0.0,0.0,0.0
2021-05-13 00:00:00-04:00,21.350329717897328,21.39458760180045,21.342362488396343,21.3928165435791,22700,0.0,0.0,0.0
2021-05-14 00:00:00-04:00,21.43883507849649,21.447686988646076,21.359169575479424,21.412281036376953,13500,0.0,0.0,0.0
2021-05-17 00:00:00-04:00,21.35031761464295,21.499910325497513,21.35031761464295,21.44768524169922,145600,0.0,0.0,0.0
2021-05-18 00:00:00-04:00,21.527359342001073,21.58932104443613,21.522934229682754,21.580469131469727,9200,0.0,0.0,0.0
2021-05-19 00:00:00-04:00,21.429983895477644,21.50079917907715,21.429983895477644,21.50079917907715,14200,0.0,0.0,0.0
2021-05-20 00:00:00-04:00,21.553909301757812,21.580463345207452,21.522928458847023,21.553909301757812,42000,0.0,0.0,0.0
2021-05-21 00:00:00-04:00,21.55391302357168,21.562764935693167,21.456543678564948,21.545061111450195,84700,0.0,0.0,0.0
2021-05-24 00:00:00-04:00,21.51851090908836,21.59817645034003,21.51851090908836,21.527362823486328,193900,0.0,0.0,0.0
2021-05-25 00:00:00-04:00,21.580459786469817,21.68668100773985,21.558330857801195,21.598163604736328,45200,0.0,0.0,0.0
2021-05-26 00:00:00-04:00,21.651282746871185,21.68226528641848,21.57161890683309,21.580469131469727,48500,0.0,0.0,0.0
2021-05-27 00:00:00-04:00,21.73979571611486,21.757499538405813,21.67783402642593,21.72209358215332,28700,0.0,0.0,0.0
2021-05-28 00:00:00-04:00,21.66012880704793,21.819459820730774,21.66012880704793,21.81060791015625,39100,0.0,0.0,0.0
2021-06-01 00:00:00-04:00,21.715690439371137,21.760045398272613,21.67133717243834,21.697948455810547,93500,0.053,0.0,0.0
2021-06-02 00:00:00-04:00,21.662472127067407,21.733438388821526,21.662472127067407,21.711261749267578,14000,0.0,0.0,0.0
2021-06-03 00:00:00-04:00,21.706823348999023,21.706823348999023,21.644728087345136,21.706823348999023,49300,0.0,0.0,0.0
2021-06-04 00:00:00-04:00,21.706811400290764,21.724553377273928,21.6003629223279,21.635845184326172,72700,0.0,0.0,0.0
2021-06-07 00:00:00-04:00,21.635851343743003,21.760043526012815,21.635851343743003,21.680206298828125,80400,0.0,0.0,0.0
2021-06-08 00:00:00-04:00,21.671334734044635,21.671334734044635,21.60036849975586,21.60036849975586,23400,0.0,0.0,0.0
2021-06-09 00:00:00-04:00,21.61810888746175,21.705928813383903,21.61810888746175,21.65359115600586,46800,0.0,0.0,0.0
2021-06-10 00:00:00-04:00,21.644721922173115,21.680205885564828,21.609239650749902,21.670448303222656,28300,0.0,0.0,0.0
2021-06-11 00:00:00-04:00,21.609254510864403,21.65360780363613,21.57377052307129,21.57377052307129,36000,0.0,0.0,0.0
2021-06-14 00:00:00-04:00,21.564886134416103,21.564886134416103,21.53827485206643,21.54714584350586,60000,0.0,0.0,0.0
2021-06-15 00:00:00-04:00,21.56488196121183,21.56488196121183,21.51165771484375,21.51165771484375,16800,0.0,0.0,0.0
2021-06-16 00:00:00-04:00,21.556012657313108,21.662462850342674,21.422951185002468,21.46730613708496,124700,0.0,0.0,0.0
2021-06-17 00:00:00-04:00,21.511662785495147,21.511662785495147,21.378601292226026,21.422954559326172,46200,0.0,0.0,0.0
2021-06-18 00:00:00-04:00,21.32538618009342,21.405221756722636,21.30764418885608,21.374174118041992,56900,0.0,0.0,0.0
2021-06-21 00:00:00-04:00,21.28989060015606,21.36085683447784,21.28989060015606,21.343114852905273,32300,0.0,0.0,0.0
2021-06-22 00:00:00-04:00,21.28989241601678,21.414082913680247,21.28989241601678,21.334245681762695,32000,0.0,0.0,0.0
2021-06-23 00:00:00-04:00,21.33424386211899,21.396340797622972,21.31650357251491,21.343114852905273,32800,0.0,0.0,0.0
2021-06-24 00:00:00-04:00,21.36973393571858,21.467313170300983,21.36973393571858,21.405216217041016,26600,0.0,0.0,0.0
2021-06-25 00:00:00-04:00,21.50279179368138,21.511662785495147,21.405212575698638,21.422954559326172,34800,0.0,0.0,0.0
2021-06-28 00:00:00-04:00,21.431828015047003,21.520536251414306,21.388361334540487,21.50279426574707,268300,0.0,0.0,0.0
2021-06-29 00:00:00-04:00,21.467309605215956,21.48504989694655,21.423841237562097,21.431825637817383,16200,0.0,0.0,0.0
2021-06-30 00:00:00-04:00,21.476174678338317,21.49303006712591,21.360855190926543,21.369726181030273,32800,0.0,0.0,0.0
2021-07-01 00:00:00-04:00,21.471085364959485,21.559992891294083,21.426632449677196,21.462194442749023,64800,0.054,0.0,0.0
2021-07-02 00:00:00-04:00,21.462201199868485,21.462201199868485,21.37507250885255,21.408857345581055,22100,0.0,0.0,0.0
2021-07-06 00:00:00-04:00,21.43552666576418,21.4799795878773,21.35551004934434,21.4266357421875,73600,0.0,0.0,0.0
2021-07-07 00:00:00-04:00,21.355505793891584,21.40440501593417,21.23103458439138,21.302160263061523,94300,0.0,0.0,0.0
2021-07-08 00:00:00-04:00,21.32883019045356,21.32883019045356,21.21325161390724,21.29326820373535,82400,0.0,0.0,0.0
2021-07-09 00:00:00-04:00,21.311048349209596,21.391064939037708,21.248813600625446,21.29326820373535,77000,0.0,0.0,0.0
2021-07-12 00:00:00-04:00,21.408841712523046,21.479967364892783,21.30215238608378,21.39105987548828,149000,0.0,0.0,0.0
2021-07-13 00:00:00-04:00,21.431064871332346,21.47996406778742,21.426620260640547,21.471073150634766,21200,0.0,0.0,0.0
2021-07-14 00:00:00-04:00,21.55998865928543,21.55998865928543,21.47108115040248,21.488862991333008,7600,0.0,0.0,0.0
2021-07-15 00:00:00-04:00,21.55998344081759,21.613327254927928,21.533310685877783,21.56887435913086,44900,0.0,0.0,0.0
2021-07-16 00:00:00-04:00,21.524429202452236,21.524429202452236,21.408850605256273,21.462194442749023,19700,0.0,0.0,0.0
2021-07-19 00:00:00-04:00,21.453310274858822,21.453310274858822,21.34662256628396,21.408857345581055,87700,0.0,0.0,0.0
2021-07-20 00:00:00-04:00,21.408846402915323,21.49775391179827,21.391064561984795,21.488862991333008,72300,0.0,0.0,0.0
2021-07-21 00:00:00-04:00,21.479976405761345,21.527096767543927,21.4710854835018,21.524429321289062,26400,0.0,0.0,0.0
2021-07-22 00:00:00-04:00,21.577772013815583,21.630227261201394,21.502200032444595,21.51553726196289,15000,0.0,0.0,0.0
2021-07-23 00:00:00-04:00,21.577775994260403,21.59555783971847,21.515541230927287,21.533321380615234,23100,0.0,0.0,0.0
2021-07-26 00:00:00-04:00,21.515527736398038,21.515527736398038,21.399947509182585,21.471073150634766,40900,0.0,0.0,0.0
2021-07-27 00:00:00-04:00,21.4266301697355,21.4266301697355,21.25770605725146,21.275487899780273,81300,0.0,0.0,0.0
2021-07-28 00:00:00-04:00,21.39106876083535,21.524429202452236,21.373288612184446,21.462194442749023,70300,0.0,0.0,0.0
2021-07-29 00:00:00-04:00,21.46219456124225,21.524429321289062,21.337725041148623,21.524429321289062,65700,0.0,0.0,0.0
2021-07-30 00:00:00-04:00,21.55999232437151,21.67823836469832,21.542210480418163,21.6400089263916,8100,0.0,0.0,0.0
2021-08-02 00:00:00-04:00,21.656930923461914,21.674748633940776,21.60793306924024,21.656930923461914,13500,0.049,0.0,0.0
2021-08-03 00:00:00-04:00,21.630210573628634,21.639119430728364,21.5277612657679,21.576757431030273,31200,0.0,0.0,0.0
2021-08-04 00:00:00-04:00,21.630209770379917,21.6658434982648,21.585665486535458,21.603483200073242,8600,0.0,0.0,0.0
2021-08-05 00:00:00-04:00,21.710384692122425,21.728200703933812,21.62129783630371,21.62129783630371,16400,0.0,0.0,0.0
2021-08-06 00:00:00-04:00,21.603483472666987,21.66584377164541,21.558940887451172,21.558940887451172,19900,0.0,0.0,0.0
2021-08-09 00:00:00-04:00,21.55894141602157,21.64802658863734,21.460945687115323,21.576757431030273,34200,0.0,0.0,0.0
2021-08-10 00:00:00-04:00,21.56785003241176,21.648028052540425,21.56785003241176,21.6043758392334,27200,0.0,0.0,0.0
2021-08-11 00:00:00-04:00,21.67474937438965,21.73710966400561,21.649805258543264,21.67474937438965,53700,0.0,0.0,0.0
2021-08-12 00:00:00-04:00,21.746022716201335,21.746022716201335,21.674753557287733,21.68366241455078,14200,0.0,0.0,0.0
2021-08-13 00:00:00-04:00,21.68365743299992,21.728200009891275,21.67474857778357,21.701475143432617,4000,0.0,0.0,0.0
2021-08-16 00:00:00-04:00,21.728200009891275,21.728200009891275,21.69256628821627,21.701475143432617,29200,0.0,0.0,0.0
2021-08-17 00:00:00-04:00,21.692560985996273,21.692560985996273,21.64801672080229,21.665834426879883,35500,0.0,0.0,0.0
2021-08-18 00:00:00-04:00,21.683655044682457,21.69256389891755,21.65692848197717,21.672073364257812,18300,0.0,0.0,0.0
2021-08-19 00:00:00-04:00,21.630209031468286,21.643571466569803,21.585664749145508,21.585664749145508,7900,0.0,0.0,0.0
2021-08-20 00:00:00-04:00,21.630206691804627,21.691676605327636,21.61416973238871,21.62129783630371,16500,0.0,0.0,0.0
2021-08-23 00:00:00-04:00,21.648022012134522,21.701475143432617,21.648022012134522,21.701475143432617,20900,0.0,0.0,0.0
2021-08-24 00:00:00-04:00,21.719291952918066,21.73710966400561,21.67474937438965,21.67474937438965,36100,0.0,0.0,0.0
2021-08-25 00:00:00-04:00,21.72819955498249,21.73710841001232,21.69256583405352,21.721073150634766,37700,0.0,0.0,0.0
2021-08-26 00:00:00-04:00,21.69256372088995,21.72819743834769,21.665837158404006,21.688108444213867,66000,0.0,0.0,0.0
2021-08-27 00:00:00-04:00,21.708598927922505,21.737106241660047,21.683654816003386,21.73265266418457,10600,0.0,0.0,0.0
2021-08-30 00:00:00-04:00,21.692578614644127,21.728212356567383,21.649816764983132,21.728212356567383,74000,0.0,0.0,0.0
2021-08-31 00:00:00-04:00,21.746026185787443,21.826204214756526,21.711282826351788,21.77275276184082,36800,0.0,0.0,0.0
2021-09-01 00:00:00-04:00,21.87901960242811,21.87901960242811,21.7718563079834,21.7718563079834,66400,0.059,0.0,0.0
2021-09-02 00:00:00-04:00,21.807582211498836,21.81651262971313,21.754001405516174,21.76293182373047,25100,0.0,0.0,0.0
2021-09-03 00:00:00-04:00,21.914740028114103,21.914740028114103,21.85222711629922,21.896879196166992,14700,0.0,0.0,0.0
2021-09-07 00:00:00-04:00,21.84329730468035,21.84329730468035,21.771855678217964,21.798646926879883,27000,0.0,0.0,0.0
2021-09-08 00:00:00-04:00,21.76292079441785,21.807571159557693,21.745059967041016,21.745059967041016,27500,0.0,0.0,0.0
2021-09-09 00:00:00-04:00,21.8075690396108,21.8075690396108,21.75398826599121,21.75398826599121,20800,0.0,0.0,0.0
2021-09-10 00:00:00-04:00,21.78971567268919,21.836152813269035,21.78971567268919,21.834367752075195,9200,0.0,0.0,0.0
2021-09-13 00:00:00-04:00,21.825432113005803,21.825432113005803,21.753990506388035,21.776315689086914,48300,0.0,0.0,0.0
2021-09-14 00:00:00-04:00,21.807586242789235,21.85223663881155,21.807586242789235,21.82544708251953,14000,0.0,0.0,0.0
2021-09-15 00:00:00-04:00,21.834366599937805,21.861156142853133,21.825436184531835,21.849546432495117,16700,0.0,0.0,0.0
2021-09-16 00:00:00-04:00,21.76739195139531,21.789717140941313,21.762927594807223,21.7718563079834,19700,0.0,0.0,0.0
2021-09-17 00:00:00-04:00,21.79865179328454,21.79865179328454,21.745070987301876,21.76293182373047,40700,0.0,0.0,0.0
2021-09-20 00:00:00-04:00,21.745064461976817,21.745064461976817,21.557529142358998,21.595930099487305,114900,0.0,0.0,0.0
2021-09-21 00:00:00-04:00,21.5575300727509,21.584321320510462,21.450368488318006,21.539670944213867,224100,0.0,0.0,0.0
2021-09-22 00:00:00-04:00,21.57538526323383,21.7361293011558,21.57538526323383,21.68254852294922,159100,0.0,0.0,0.0
2021-09-23 00:00:00-04:00,21.780783828417814,21.780783828417814,21.68344519735437,21.704877853393555,40700,0.0,0.0,0.0
2021-09-24 00:00:00-04:00,21.718270924576053,21.74506216835346,21.63789889654626,21.695945739746094,89300,0.0,0.0,0.0
2021-09-27 00:00:00-04:00,21.69147980961408,21.74506058997728,21.673618981725582,21.71826934814453,35000,0.0,0.0,0.0
2021-09-28 00:00:00-04:00,21.6557674407959,21.754000333006992,21.6557674407959,21.6557674407959,35100,0.0,0.0,0.0
2021-09-29 00:00:00-04:00,21.646826204429203,21.73612863423496,21.628965377807617,21.628965377807617,26100,0.0,0.0,0.0
2021-09-30 00:00:00-04:00,21.66469261059918,21.80757585376582,21.66469261059918,21.780784606933594,60100,0.0,0.0,0.0
2021-10-01 00:00:00-04:00,21.86311912536621,21.889965907076817,21.800474358785632,21.86311912536621,86300,0.052,0.0,0.0
2021-10-04 00:00:00-04:00,21.84521633341161,21.84521633341161,21.764672588404952,21.791521072387695,53900,0.0,0.0,0.0
2021-10-05 00:00:00-04:00,21.76914713057112,21.800469506890327,21.764671529987528,21.77541160583496,24000,0.0,0.0,0.0
2021-10-06 00:00:00-04:00,21.702030808312397,21.751252182225443,21.702030808312397,21.746776580810547,17300,0.0,0.0,0.0
2021-10-07 00:00:00-04:00,21.79152044221606,21.827316712882983,21.746772970205505,21.75751304626465,53200,0.0,0.0,0.0
2021-10-08 00:00:00-04:00,21.753038074651606,21.809420061709524,21.753038074651606,21.791521072387695,21200,0.0,0.0,0.0
2021-10-11 00:00:00-04:00,21.791528919880847,21.809427915648403,21.728884141636588,21.78257942199707,47800,0.0,0.0,0.0
2021-10-12 00:00:00-04:00,21.719927264222353,21.791521516025632,21.702028274536133,21.702028274536133,32400,0.0,0.0,0.0
2021-10-13 00:00:00-04:00,21.737833639520368,21.818375706589993,21.737833639520368,21.78257942199707,33200,0.0,0.0,0.0
2021-10-14 00:00:00-04:00,21.782568191389736,21.812996127118176,21.7646692048505,21.773618698120117,23800,0.0,0.0,0.0
2021-10-15 00:00:00-04:00,21.755723835395568,21.809420805191582,21.755723835395568,21.78525733947754,20500,0.0,0.0,0.0
2021-10-18 00:00:00-04:00,21.76467892217887,21.88996847000924,21.76467892217887,21.836273193359375,58100,0.0,0.0,0.0
2021-10-19 00:00:00-04:00,21.99736364925363,21.99736364925363,21.88997137476111,21.943668365478516,21600,0.0,0.0,0.0
2021-10-20 00:00:00-04:00,21.99736364925363,21.99736364925363,21.818377094080198,21.943668365478516,164000,0.0,0.0,0.0
2021-10-21 00:00:00-04:00,21.94366254699327,21.94366254699327,21.88996557051392,21.91234016418457,12300,0.0,0.0,0.0
2021-10-22 00:00:00-04:00,21.916814994281825,21.979459762573242,21.916814994281825,21.979459762573242,33900,0.0,0.0,0.0
2021-10-25 00:00:00-04:00,21.898913885977457,21.99735663060717,21.845218619334773,21.988407135009766,93900,0.0,0.0,0.0
2021-10-26 00:00:00-04:00,21.970508143814953,21.99735663060717,21.961560355159296,21.988407135009766,12700,0.0,0.0,0.0
2021-10-27 00:00:00-04:00,21.997354304566116,21.997354304566116,21.934709548950195,21.934709548950195,13600,0.0,0.0,0.0
2021-10-28 00:00:00-04:00,21.979455530656086,21.979455530656086,21.92576026916504,21.92576026916504,16700,0.0,0.0,0.0
2021-10-29 00:00:00-04:00,21.95261577349715,21.95261577349715,21.88102149963379,21.88102149963379,16300,0.0,0.0,0.0
2021-11-01 00:00:00-04:00,21.921397439512393,21.98420919193637,21.85858568708842,21.912424087524414,132700,0.065,0.0,0.0
2021-11-02 00:00:00-04:00,21.91242087672257,22.02009937330844,21.91242087672257,21.993179321289062,32800,0.0,0.0,0.0
2021-11-03 00:00:00-04:00,21.930364572271348,22.029067993164062,21.930364572271348,22.029067993164062,32200,0.0,0.0,0.0
2021-11-04 00:00:00-04:00,22.06496586801585,22.06496586801585,21.97523406686798,22.011127471923828,29200,0.0,0.0,0.0
2021-11-05 00:00:00-04:00,22.00214965632578,22.07393474038021,21.984202957439322,22.029067993164062,34600,0.0,0.0,0.0
2021-11-08 00:00:00-05:00,22.02907351862971,22.07394027709961,22.02907351862971,22.07394027709961,66300,0.0,0.0,0.0
2021-11-09 00:00:00-05:00,22.038041342607293,22.064961390936983,21.99317630688255,22.029067993164062,39300,0.0,0.0,0.0
2021-11-10 00:00:00-05:00,22.047016987121516,22.047016987121516,21.974335074004074,21.98420524597168,60000,0.0,0.0,0.0
2021-11-11 00:00:00-05:00,22.073935010873956,22.073935010873956,22.0380416126612,22.055988311767578,23000,0.0,0.0,0.0
2021-11-12 00:00:00-05:00,22.07394172317072,22.11880677308791,22.04702166632524,22.091888427734375,65700,0.0,0.0,0.0
2021-11-15 00:00:00-05:00,22.127778675771655,22.127778675771655,22.05599357371165,22.07394027709961,31300,0.0,0.0,0.0
2021-11-16 00:00:00-05:00,22.02906826310801,22.064961661320766,22.02009662504625,22.055988311767578,20500,0.0,0.0,0.0
2021-11-17 00:00:00-05:00,22.105337783978538,22.12777029897541,22.05598522409071,22.064958572387695,98700,0.0,0.0,0.0
2021-11-18 00:00:00-05:00,22.05599357371165,22.100858620689714,22.047020222017668,22.07394027709961,17000,0.0,0.0,0.0
2021-11-19 00:00:00-05:00,22.05510215141663,22.073945681139623,22.02010726928711,22.02010726928711,27100,0.0,0.0,0.0
2021-11-22 00:00:00-05:00,22.136753477651563,22.136753477651563,22.04702166632524,22.091888427734375,338500,0.0,0.0,0.0
2021-11-23 00:00:00-05:00,22.047011875793725,22.108926780999095,22.02906517919975,22.064958572387695,21100,0.0,0.0,0.0
2021-11-24 00:00:00-05:00,22.118796675962844,22.118796675962844,22.02906490559864,22.03803825378418,27300,0.0,0.0,0.0
2021-11-26 00:00:00-05:00,22.073931646526326,22.172635053584898,22.03803825378418,22.03803825378418,24500,0.0,0.0,0.0
2021-11-29 00:00:00-05:00,22.163665151521652,22.163665151521652,22.073933374134626,22.08290672302246,25400,0.0,0.0,0.0
2021-11-30 00:00:00-05:00,22.179819557354477,22.199559900738535,22.10982811096198,22.1950740814209,17000,0.0,0.0,0.0
2021-12-01 00:00:00-05:00,22.170791561299698,22.215763770941802,22.152802677442853,22.19777488708496,31900,0.058,0.0,0.0
2021-12-02 00:00:00-05:00,22.19777611453809,22.21576499938965,22.13031865410198,22.21576499938965,30100,0.0,0.0,0.0
2021-12-03 00:00:00-05:00,22.1977802710593,22.1977802710593,22.098843101364277,22.121328353881836,24300,0.0,0.0,0.0
2021-12-06 00:00:00-05:00,22.152797274391613,22.17078615386098,22.098832351497478,22.1438045501709,39300,0.0,0.0,0.0
2021-12-07 00:00:00-05:00,22.179780834971034,22.215758594301303,22.164490458807066,22.19327163696289,67300,0.0,0.0,0.0
2021-12-08 00:00:00-05:00,22.260730683073252,22.305701169964724,22.258032179377505,22.2877140045166,29100,0.0,0.0,0.0
2021-12-09 00:00:00-05:00,22.17079278726075,22.224757726300947,22.17079278726075,22.21576499938965,123800,0.0,0.0,0.0
2021-12-10 00:00:00-05:00,22.20227125029198,22.211265692220397,22.179786003228116,22.19777488708496,17900,0.0,0.0,0.0
2021-12-13 00:00:00-05:00,22.161788762758963,22.215755393980128,22.161788762758963,22.20226287841797,12600,0.0,0.0,0.0
2021-12-14 00:00:00-05:00,22.22385206090686,22.22475099022264,22.15279718813929,22.204065322875977,65600,0.0,0.0,0.0
2021-12-15 00:00:00-05:00,22.197773924488985,22.20676836602737,22.170790599873843,22.195974349975586,22600,0.0,0.0,0.0
2021-12-16 00:00:00-05:00,22.197769473065033,22.206763912799715,22.1438045501709,22.1438045501709,168000,0.0,0.0,0.0
2021-12-17 00:00:00-05:00,22.125824938677315,22.170795440673828,22.125824938677315,22.170795440673828,21600,0.0,0.0,0.0
2021-12-20 00:00:00-05:00,22.125819904818446,22.17079039658369,22.125819904818446,22.152801513671875,20800,0.0,0.0,0.0
2021-12-21 00:00:00-05:00,22.143808724573542,22.215762540501295,22.143808724573542,22.179784774780273,34100,0.0,0.0,0.0
2021-12-22 00:00:00-05:00,22.260733095628485,22.260733095628485,22.134814346274354,22.152801513671875,25100,0.0,0.0,0.0
2021-12-23 00:00:00-05:00,22.170791561299698,22.23375093928426,22.169892631761172,22.19777488708496,22100,0.0,0.0,0.0
2021-12-27 00:00:00-05:00,22.215765421111353,22.22475814819336,22.179787650725267,22.22475814819336,20200,0.0,0.0,0.0
2021-12-28 00:00:00-05:00,22.269730361175966,22.269730361175966,22.215765421111353,22.22475814819336,55400,0.0,0.0,0.0
2021-12-29 00:00:00-05:00,22.262731463799394,22.298900722432478,22.21932697365776,22.258209228515625,133800,0.132,0.0,0.0
2021-12-30 00:00:00-05:00,22.29889890045319,22.29889890045319,22.244644154572857,22.26272964477539,41700,0.0,0.0,0.0
2021-12-31 00:00:00-05:00,22.335065848876177,22.35314961108691,22.28985213153193,22.316980361938477,30800,0.0,0.0,0.0
2022-01-03 00:00:00-05:00,22.316989913623615,22.349542424262395,22.262735154316413,22.298904418945312,76400,0.0,0.0,0.0
2022-01-04 00:00:00-05:00,22.30795290045015,22.30795290045015,22.20848437887923,22.289867401123047,39100,0.0,0.0,0.0
2022-01-05 00:00:00-05:00,22.30794918648713,22.30794918648713,22.26273717042469,22.27630043029785,71500,0.0,0.0,0.0
2022-01-06 00:00:00-05:00,22.25369657420018,22.25369657420018,22.199440080005218,22.21300506591797,10700,0.0,0.0,0.0
2022-01-07 00:00:00-05:00,22.253688735893373,22.253688735893373,22.20847500665631,22.231081008911133,15600,0.0,0.0,0.0
2022-01-10 00:00:00-05:00,22.29891217680947,22.29891217680947,22.208486396686244,22.267263412475586,50200,0.0,0.0,0.0
2022-01-11 00:00:00-05:00,22.280824651459497,22.335081149440803,22.235612627869884,22.289867401123047,102900,0.0,0.0,0.0
2022-01-12 00:00:00-05:00,22.289851935065435,22.357671648120547,22.289851935065435,22.3531494140625,30200,0.0,0.0,0.0
2022-01-13 00:00:00-05:00,22.371248254157823,22.371248254157823,22.326036234952156,22.362205505371094,30600,0.0,0.0,0.0
2022-01-14 00:00:00-05:00,22.389327475112946,22.452624974147266,22.353156490106194,22.415550231933594,136500,0.0,0.0,0.0
2022-01-18 00:00:00-05:00,22.380283138645645,22.53400636454665,22.380283138645645,22.434537887573242,170000,0.0,0.0,0.0
2022-01-19 00:00:00-05:00,22.434535955413626,22.488792424395793,22.425493210583262,22.47974967956543,57400,0.0,0.0,0.0
2022-01-20 00:00:00-05:00,22.497840992648293,22.497840992648293,22.461671725919082,22.475234985351562,58800,0.0,0.0,0.0
2022-01-21 00:00:00-05:00,22.479753292395063,22.543050791653215,22.479753292395063,22.506879806518555,52400,0.0,0.0,0.0
2022-01-24 00:00:00-05:00,22.5520934994593,22.597305506072985,22.515922514386357,22.56113624572754,95200,0.0,0.0,0.0
2022-01-25 00:00:00-05:00,22.56114037824621,22.597309645216775,22.524969386547834,22.571086883544922,88100,0.0,0.0,0.0
2022-01-26 00:00:00-05:00,22.5701847076416,22.59731295538927,22.55210093387122,22.5701847076416,60700,0.0,0.0,0.0
2022-01-27 00:00:00-05:00,22.515928416751564,22.515928416751564,22.42550265509233,22.457151412963867,192600,0.0,0.0,0.0
2022-01-28 00:00:00-05:00,22.443586436758054,22.515926695610084,22.425500940863092,22.448108673095703,34400,0.0,0.0,0.0
2022-01-31 00:00:00-05:00,22.452631005516746,22.452631005516746,22.42550275947432,22.443588256835938,38900,0.0,0.0,0.0
2022-02-01 00:00:00-05:00,22.419121836257165,22.462619224456294,22.419121836257165,22.446308135986328,38200,0.053,0.0,0.0
2022-02-02 00:00:00-05:00,22.473494388617414,22.527866992143544,22.446309815273306,22.505210876464844,47600,0.0,0.0,0.0
2022-02-03 00:00:00-05:00,22.47349024089772,22.518800735473633,22.47349024089772,22.518800735473633,22400,0.0,0.0,0.0
2022-02-04 00:00:00-05:00,22.50067901611328,22.56411198708812,22.478024630539245,22.50067901611328,27400,0.0,0.0,0.0
2022-02-07 00:00:00-05:00,22.491616620098327,22.491616620098327,22.437245749752663,22.45536994934082,723000,0.0,0.0,0.0
2022-02-08 00:00:00-05:00,22.446303288564252,22.48254995195661,22.437241190611548,22.473487854003906,49800,0.0,0.0,0.0
2022-02-09 00:00:00-05:00,22.491616907116104,22.491616907116104,22.428183936166885,22.446308135986328,31700,0.0,0.0,0.0
2022-02-10 00:00:00-05:00,22.437245749752663,22.500678719892406,22.428183649958584,22.45536994934082,62100,0.0,0.0,0.0
2022-02-11 00:00:00-05:00,22.47349213395506,22.500678432990647,22.428183363981194,22.464431762695312,96300,0.0,0.0,0.0
2022-02-14 00:00:00-05:00,22.410060030918096,22.5188035028453,22.410060030918096,22.49161720275879,261900,0.0,0.0,0.0
2022-02-15 00:00:00-05:00,22.482553726281896,22.600359291025537,22.482553726281896,22.532394409179688,347400,0.0,0.0,0.0
2022-02-16 00:00:00-05:00,22.591288493441784,22.645659340933324,22.555040109502038,22.618473052978516,101700,0.0,0.0,0.0
2022-02-17 00:00:00-05:00,22.6003560223073,22.654726882869006,22.582231825980564,22.627540588378906,43900,0.0,0.0,0.0
2022-02-18 00:00:00-05:00,22.645667458027845,22.681915854960437,22.582234491814503,22.66379165649414,96200,0.0,0.0,0.0
2022-02-22 00:00:00-05:00,22.636602903646875,22.736284255981445,22.555045747812862,22.736284255981445,404300,0.0,0.0,0.0
2022-02-23 00:00:00-05:00,22.700038325008034,22.70366454743625,22.6184811603284,22.66379165649414,263300,0.0,0.0,0.0
2022-02-24 00:00:00-05:00,22.609413765165474,22.663784615253597,22.564103283076907,22.58675765991211,131600,0.0,0.0,0.0
2022-02-25 00:00:00-05:00,22.623003852535703,22.654720322714063,22.582225286818097,22.59581756591797,78700,0.0,0.0,0.0
2022-02-28 00:00:00-05:00,22.62754544226436,22.645669642478957,22.50067949759991,22.600360870361328,64300,0.0,0.0,0.0
2022-03-01 00:00:00-05:00,22.559459795874798,22.677620710686494,22.559459795874798,22.632173538208008,220300,0.075,0.0,0.0
2022-03-02 00:00:00-05:00,22.58671234285391,22.623068321842375,22.541265202079387,22.563989639282227,45700,0.0,0.0,0.0
2022-03-03 00:00:00-05:00,22.604905556799405,22.64126155887959,22.50492351722244,22.60581398010254,142300,0.0,0.0,0.0
2022-03-04 00:00:00-05:00,22.550363693056568,22.64125627750351,22.550363693056568,22.586721420288086,215600,0.0,0.0,0.0
2022-03-07 00:00:00-05:00,22.623080119844452,22.623080119844452,22.432207229944154,22.504920959472656,192600,0.0,0.0,0.0
2022-03-08 00:00:00-05:00,22.432205177862947,22.504918900739657,22.42311574579937,22.46856117248535,121800,0.0,0.0,0.0
2022-03-09 00:00:00-05:00,22.441294609926523,22.486740036612503,22.432205177862947,22.46856117248535,168400,0.0,0.0,0.0
2022-03-10 00:00:00-05:00,22.477644893288335,22.486734323042413,22.417656043816596,22.432199478149414,74400,0.0,0.0,0.0
2022-03-11 00:00:00-05:00,22.43493972890154,22.441302160123445,22.304964100563755,22.359498977661133,121500,0.0,0.0,0.0
2022-03-14 00:00:00-04:00,22.277692938980778,22.28041994253089,22.08681829316322,22.12771987915039,217200,0.0,0.0,0.0
2022-03-15 00:00:00-04:00,21.98683382771912,22.159527839323783,21.98683382771912,22.132261276245117,154700,0.0,0.0,0.0
2022-03-16 00:00:00-04:00,22.159522466799093,22.354940878433148,22.159522466799093,22.332218170166016,53700,0.0,0.0,0.0
2022-03-17 00:00:00-04:00,22.323137238544646,22.350405539025147,22.214067503886994,22.26860237121582,133600,0.0,0.0,0.0
2022-03-18 00:00:00-04:00,22.204980708875222,22.23770128643407,22.13681081638985,22.168622970581055,333500,0.0,0.0,0.0
2022-03-21 00:00:00-04:00,22.250419768468213,22.314044058608264,22.195884910295582,22.28677749633789,88700,0.0,0.0,0.0
2022-03-22 00:00:00-04:00,22.223154959626118,22.277689822101603,22.204976094256953,22.25042152404785,44100,0.0,0.0,0.0
2022-03-23 00:00:00-04:00,22.22497465716316,22.24133494464142,22.18680007516981,22.204978942871094,41300,0.0,0.0,0.0
2022-03-24 00:00:00-04:00,22.223153076323477,22.232240774605906,22.19588478058058,22.21406364440918,30700,0.0,0.0,0.0
2022-03-25 00:00:00-04:00,22.24586996595211,22.268592672973757,22.22314725893046,22.232234954833984,16700,0.0,0.0,0.0
2022-03-28 00:00:00-04:00,22.24133117566248,22.268599472593564,22.23224174335212,22.259510040283203,45500,0.0,0.0,0.0
2022-03-29 00:00:00-04:00,22.26859863240305,22.314044058608264,22.26132778028187,22.28677749633789,66300,0.0,0.0,0.0
2022-03-30 00:00:00-04:00,22.33222532827284,22.359493627112563,22.323135895326264,22.354948043823242,42900,0.0,0.0,0.0
2022-03-31 00:00:00-04:00,22.42311234199353,22.42311234199353,22.38675461925829,22.391300201416016,13000,0.0,0.0,0.0
2022-04-01 00:00:00-04:00,22.36761299035774,22.376724243164062,22.340280969732554,22.376724243164062,64600,0.059,0.0,0.0
2022-04-04 00:00:00-04:00,22.303840487444507,22.367617532245323,22.294729232788086,22.294729232788086,45200,0.0,0.0,0.0
2022-04-05 00:00:00-04:00,22.340281531885424,22.358504037956607,22.285614013671875,22.285614013671875,28200,0.0,0.0,0.0
2022-04-06 00:00:00-04:00,22.36761637229191,22.394950134843683,22.331173093350255,22.34028434753418,16800,0.0,0.0,0.0
2022-04-07 00:00:00-04:00,22.37672469744701,22.413169709412195,22.30383641131046,22.4040584564209,46600,0.0,0.0,0.0
2022-04-08 00:00:00-04:00,22.36488133000095,22.402235207627946,22.348480032162218,22.385835647583008,21900,0.0,0.0,0.0
2022-04-11 00:00:00-04:00,22.294729232788086,22.33117425141377,22.267397206612955,22.294729232788086,103400,0.0,0.0,0.0
2022-04-12 00:00:00-04:00,22.32206299675735,22.385840041558165,22.294729232788086,22.294729232788086,204900,0.0,0.0,0.0
2022-04-13 00:00:00-04:00,22.322063446044922,22.372174478766784,22.285618426685687,22.322063446044922,36300,0.0,0.0,0.0
2022-04-14 00:00:00-04:00,22.33116971692623,22.467835033433513,22.276503937882072,22.376724243164062,80400,0.0,0.0,0.0
2022-04-18 00:00:00-04:00,22.367613553198375,22.422281071411923,22.230948233252153,22.285614013671875,98800,0.0,0.0,0.0
2022-04-19 00:00:00-04:00,22.267400799090748,22.267400799090748,22.195423092148495,22.22093391418457,28700,0.0,0.0,0.0
2022-04-20 00:00:00-04:00,22.176289780812716,22.176289780812716,22.085178958143775,22.126178741455078,157900,0.0,0.0,0.0
2022-04-21 00:00:00-04:00,22.039618096219616,22.039618096219616,21.9120622859398,21.953062057495117,263600,0.0,0.0,0.0
2022-04-22 00:00:00-04:00,21.8665118507465,21.921177643790983,21.820957312841806,21.83917808532715,131300,0.0,0.0,0.0
2022-04-25 00:00:00-04:00,21.66011660168943,21.66468529518128,21.532221063054156,21.63271141052246,546800,0.064,0.0,0.0
2022-04-26 00:00:00-04:00,21.577896118164062,21.614436948504604,21.568760474967483,21.577896118164062,172300,0.0,0.0,0.0
2022-04-27 00:00:00-04:00,21.568761825561523,21.62357394572745,21.550490538024256,21.568761825561523,305800,0.0,0.0,0.0
2022-04-28 00:00:00-04:00,21.358651172254486,21.376922464640867,21.303839037541692,21.340381622314453,112400,0.0,0.0,0.0
2022-04-29 00:00:00-04:00,21.35865218992545,21.51395469771665,21.35865218992545,21.4171199798584,79900,0.0,0.0,0.0
2022-05-02 00:00:00-04:00,21.294705846136345,21.450008364430673,21.276436294090253,21.349519729614258,69700,0.0,0.0,0.0
2022-05-03 00:00:00-04:00,21.422603062849372,21.43173696760553,21.376924826835882,21.41072654724121,99900,0.0,0.0,0.0
2022-05-04 00:00:00-04:00,21.41802584888494,21.541354423396925,21.376916324047613,21.495677947998047,99500,0.0,0.0,0.0
2022-05-05 00:00:00-04:00,21.43173125399001,21.43173125399001,21.267294875519156,21.285564422607422,120400,0.0,0.0,0.0
2022-05-06 00:00:00-04:00,21.24903322847665,21.303845379506534,21.2033549839127,21.22162628173828,66200,0.0,0.0,0.0
2022-05-09 00:00:00-04:00,21.06630548897792,21.130253233533605,21.020629026422537,21.102848052978516,116000,0.0,0.0,0.0
2022-05-10 00:00:00-04:00,21.130262469773488,21.130262469773488,20.99414606397596,21.066314697265625,64400,0.0,0.0,0.0
2022-05-11 00:00:00-04:00,21.121131589719653,21.13940113987481,21.06540467001891,21.0845890045166,35800,0.0,0.0,0.0
2022-05-12 00:00:00-04:00,20.921980808195855,20.956695570687703,20.837933899156333,20.84250259399414,79200,0.0,0.0,0.0
2022-05-13 00:00:00-04:00,20.86533402318605,20.94755307893642,20.86533402318605,20.938417434692383,24300,0.0,0.0,0.0
2022-05-16 00:00:00-04:00,20.92928480526334,20.965827387503367,20.92471785370645,20.95669174194336,30300,0.0,0.0,0.0
2022-05-17 00:00:00-04:00,21.06630548897792,21.14578364898932,21.06630548897792,21.102848052978516,15300,0.0,0.0,0.0
2022-05-18 00:00:00-04:00,21.05718439271484,21.093726981956337,21.02977919323028,21.054445266723633,194200,0.0,0.0,0.0
2022-05-19 00:00:00-04:00,21.111992031445837,21.21248063724133,21.10468247029184,21.14853286743164,29000,0.0,0.0,0.0
2022-05-20 00:00:00-04:00,21.367795477225297,21.367795477225297,21.239899863586757,21.30841636657715,16600,0.0,0.0,0.0
2022-05-23 00:00:00-04:00,21.395194893469423,21.605309539734346,21.395194893469423,21.573335647583008,79400,0.0,0.0,0.0
2022-05-24 00:00:00-04:00,21.577909392468737,21.777060612352418,21.577909392468737,21.62815284729004,53800,0.0,0.0,0.0
2022-05-25 00:00:00-04:00,21.478323418190325,21.62357721390722,21.468274731259836,21.559629440307617,40700,0.0,0.0,0.0
2022-05-26 00:00:00-04:00,21.43173464830331,21.43173464830331,21.24902695136125,21.323936462402344,19200,0.0,0.0,0.0
2022-05-27 00:00:00-04:00,21.440875873891237,21.450011522482583,21.267303777996066,21.404335021972656,60500,0.0,0.0,0.0
2022-05-31 00:00:00-04:00,21.43174022529989,21.468282819665276,21.36779242760727,21.404335021972656,42500,0.0,0.0,0.0
2022-06-01 00:00:00-04:00,21.451016885844695,21.51510415072393,21.423550166790594,21.450101852416992,18200,0.051,0.0,0.0
2022-06-02 00:00:00-04:00,21.46932829830017,21.58834725651754,21.46017272516852,21.537992477416992,17600,0.0,0.0,0.0
2022-06-03 00:00:00-04:00,21.55172527473051,21.565457760389787,21.49679183959961,21.49679183959961,15200,0.0,0.0,0.0
2022-06-06 00:00:00-04:00,21.542567864909596,21.652431233307688,21.515101149686696,21.60665512084961,11600,0.0,0.0,0.0
2022-06-07 00:00:00-04:00,21.542580144401008,21.570045129032476,21.50595783656205,21.543495178222656,17700,0.0,0.0,0.0
2022-06-08 00:00:00-04:00,21.478484262990953,21.478484262990953,21.41439699093768,21.451019287109375,8400,0.0,0.0,0.0
2022-06-09 00:00:00-04:00,21.41439699093768,21.451019287109375,21.37869147454331,21.451019287109375,10900,0.0,0.0,0.0
2022-06-10 00:00:00-04:00,21.331996019193742,21.42355000242465,21.331996019193742,21.35946273803711,25500,0.0,0.0,0.0
2022-06-13 00:00:00-04:00,21.20382535896573,21.230375302985355,21.071072146373005,21.139738082885742,207700,0.0,0.0,0.0
2022-06-14 00:00:00-04:00,21.217562981853387,21.217562981853387,21.11227646763869,21.15805435180664,52300,0.0,0.0,0.0
2022-06-15 00:00:00-04:00,21.286222503921817,21.432708196507093,21.17635736135926,21.396087646484375,44400,0.0,0.0,0.0
2022-06-16 00:00:00-04:00,21.332000767439364,21.451021496006216,21.240448510077012,21.441865921020508,46100,0.0,0.0,0.0
2022-06-17 00:00:00-04:00,21.496801827242585,21.50595740401818,21.34116051455289,21.377782821655273,16400,0.0,0.0,0.0
2022-06-21 00:00:00-04:00,21.331998628012016,21.396087646484375,21.313689226124257,21.396087646484375,28300,0.0,0.0,0.0
2022-06-22 00:00:00-04:00,21.405247805734344,21.451025689612322,21.36862724487968,21.377782821655273,29500,0.0,0.0,0.0
2022-06-23 00:00:00-04:00,21.45559006022785,21.461998785598944,21.350303608238928,21.405235290527344,23000,0.0,0.0,0.0
2022-06-24 00:00:00-04:00,21.423553526648014,21.473908313020843,21.368621826171875,21.368621826171875,15800,0.0,0.0,0.0
2022-06-27 00:00:00-04:00,21.396082901511093,21.505946273462236,21.3686161853999,21.446435928344727,6800,0.0,0.0,0.0
2022-06-28 00:00:00-04:00,21.36038128528918,21.403412310597794,21.331999528356263,21.368621826171875,9600,0.0,0.0,0.0
2022-06-29 00:00:00-04:00,21.355809786643388,21.396093975206465,21.332004937777295,21.377782821655273,11300,0.0,0.0,0.0
2022-06-30 00:00:00-04:00,21.440040437532133,21.451027829257878,21.377784953995175,21.423561096191406,12800,0.0,0.0,0.0
2022-07-01 00:00:00-04:00,21.406117710577828,21.445567708621372,21.358409881591797,21.358409881591797,51600,0.049,0.0,0.0
2022-07-05 00:00:00-04:00,21.330884059762386,21.39510579630063,21.314370148925565,21.349233627319336,19800,0.0,0.0,0.0
2022-07-06 00:00:00-04:00,21.358409285934496,21.37675710433189,21.33088493347168,21.33088493347168,15700,0.0,0.0,0.0
2022-07-07 00:00:00-04:00,21.404281456794706,21.450153627654917,21.33088493347168,21.33088493347168,18600,0.0,0.0,0.0
2022-07-08 00:00:00-04:00,21.422638832987545,21.532732783142325,21.349242282913764,21.367591857910156,26200,0.0,0.0,0.0
2022-07-11 00:00:00-04:00,21.37675770050089,21.37675770050089,21.330885528361364,21.358409881591797,9400,0.0,0.0,0.0
2022-07-12 00:00:00-04:00,21.330894833030598,21.33548135228074,21.257498275644608,21.301536560058594,41800,0.0,0.0,0.0
2022-07-13 00:00:00-04:00,21.2941938530663,21.340067791193103,21.25749645247667,21.321718215942383,17000,0.0,0.0,0.0
2022-07-14 00:00:00-04:00,21.229968735746215,21.275842666625977,21.19327134095394,21.275842666625977,7300,0.0,0.0,0.0
2022-07-15 00:00:00-04:00,21.225388669218653,21.229975188744966,21.16575341590418,21.220800399780273,8000,0.0,0.0,0.0
2022-07-18 00:00:00-04:00,21.271259307861328,21.275847576964015,21.26667278867058,21.271259307861328,3900,0.0,0.0,0.0
2022-07-19 00:00:00-04:00,21.33089278943389,21.33089278943389,21.275845814146134,21.30795669555664,8800,0.0,0.0,0.0
2022-07-20 00:00:00-04:00,21.394199371099074,21.394199371099074,21.25749800037714,21.271259307861328,5200,0.0,0.0,0.0
2022-07-21 00:00:00-04:00,21.285021844347582,21.294194882504588,21.229973115934165,21.260250091552734,88500,0.0,0.0,0.0
2022-07-22 00:00:00-04:00,21.275844932761498,21.285019719914676,21.174924023988257,21.24648666381836,24800,0.0,0.0,0.0
2022-07-25 00:00:00-04:00,21.28502162582268,21.376766005746013,21.28502162582268,21.32630729675293,37800,0.0,0.0,0.0
2022-07-26 00:00:00-04:00,21.303366147025038,21.34006529323066,21.294191360473633,21.294191360473633,3100,0.0,0.0,0.0
2022-07-27 00:00:00-04:00,21.29419107030948,21.340065002441406,21.285018033794675,21.340065002441406,5400,0.0,0.0,0.0
2022-07-28 00:00:00-04:00,21.330889769565932,21.385936737060547,21.330889769565932,21.385936737060547,1900,0.0,0.0,0.0
2022-07-29 00:00:00-04:00,21.385939084726886,21.385939084726886,21.330892111189424,21.37676429748535,5600,0.0,0.0,0.0
2022-08-01 00:00:00-04:00,21.378603029236924,21.415384263381657,21.259067525918077,21.291250228881836,120600,0.052,0.0,0.0
2022-08-02 00:00:00-04:00,21.38779861906092,21.38779861906092,21.240677188198614,21.264583587646484,14700,0.0,0.0,0.0
2022-08-03 00:00:00-04:00,21.295856571580668,21.365739544784,21.13953976390512,21.167125701904297,60600,0.0,0.0,0.0
2022-08-04 00:00:00-04:00,21.20390518109108,21.286661241193155,21.148735058965215,21.249881744384766,44200,0.0,0.0,0.0
2022-08-05 00:00:00-04:00,21.286655473999918,21.286655473999918,21.176315259642664,21.23148536682129,10400,0.0,0.0,0.0
2022-08-08 00:00:00-04:00,21.17815900717724,21.29585655385189,21.13953974630648,21.249881744384766,110600,0.0,0.0,0.0
2022-08-09 00:00:00-04:00,21.27837898638525,21.351018948594188,21.24987405360767,21.295848846435547,13000,0.0,0.0,0.0
2022-08-10 00:00:00-04:00,21.424577731717825,21.424577731717825,21.360212326049805,21.360212326049805,3100,0.0,0.0,0.0
2022-08-11 00:00:00-04:00,21.387798251547142,21.401590337382927,21.34182170905158,21.360212326049805,7000,0.0,0.0,0.0
2022-08-12 00:00:00-04:00,21.360214276400697,21.424579687945773,21.286653555516907,21.305044174194336,21900,0.0,0.0,0.0
2022-08-15 00:00:00-04:00,21.341821765991373,21.341821765991373,21.185506782566712,21.240676879882812,10300,0.0,0.0,0.0
2022-08-16 00:00:00-04:00,21.139532076998254,21.20389748843143,21.102752593533264,21.171714782714844,69500,0.0,0.0,0.0
2022-08-17 00:00:00-04:00,21.237919914614285,21.24987399209226,21.14872734357262,21.226884841918945,19100,0.0,0.0,0.0
2022-08-18 00:00:00-04:00,21.231480461106738,21.240675769149536,21.148724442547238,21.19194221496582,9900,0.0,0.0,0.0
2022-08-19 00:00:00-04:00,21.162513374302605,21.19469607074406,21.111940064515913,21.15239906311035,5100,0.0,0.0,0.0
2022-08-22 00:00:00-04:00,21.05677030722722,21.05677030722722,20.983209606522625,21.015392303466797,39300,0.0,0.0,0.0
2022-08-23 00:00:00-04:00,21.06597324663855,21.12022434883283,21.029193759873078,21.047582626342773,10200,0.0,0.0,0.0
2022-08-24 00:00:00-04:00,21.029195768789986,21.047584637016367,21.010805146737354,21.020000457763672,5300,0.0,0.0,0.0
2022-08-25 00:00:00-04:00,21.032869633372417,21.088958740234375,21.032869633372417,21.088958740234375,6500,0.0,0.0,0.0
2022-08-26 00:00:00-04:00,21.0935591720761,21.0935591720761,20.892186615215568,20.964826583862305,17400,0.0,0.0,0.0
2022-08-29 00:00:00-04:00,20.900457439960178,20.9648228456772,20.900457439960178,20.928043365478516,34800,0.0,0.0,0.0
2022-08-30 00:00:00-04:00,20.917010193970434,20.917010193970434,20.863679855146202,20.886667251586914,10200,0.0,0.0,0.0
2022-08-31 00:00:00-04:00,20.89126209298258,20.93723863542848,20.89126209298258,20.909652709960938,35800,0.0,0.0,0.0
2022-09-01 00:00:00-04:00,20.917948533825037,20.917948533825037,20.881087870204578,20.908733367919922,14600,0.049,0.0,0.0
2022-09-02 00:00:00-04:00,20.917948533825037,20.96217886951113,20.908733367919922,20.908733367919922,1900,0.0,0.0,0.0
2022-09-06 00:00:00-04:00,20.779721449685212,20.8165821109053,20.779721449685212,20.788936614990234,11100,0.0,0.0,0.0
2022-09-07 00:00:00-04:00,20.733649230089068,20.770509894596906,20.55856458890328,20.736413955688477,222800,0.0,0.0,0.0
2022-09-08 00:00:00-04:00,20.733646041922604,20.752076371342536,20.567776592369153,20.697708129882812,22900,0.0,0.0,0.0
2022-09-09 00:00:00-04:00,20.79815300260679,20.82579850014659,20.775115966796875,20.775115966796875,5500,0.0,0.0,0.0
2022-09-12 00:00:00-04:00,20.80736868584322,20.89951858898742,20.788938353691737,20.881088256835938,53700,0.0,0.0,0.0
2022-09-13 00:00:00-04:00,20.813820130485897,20.825800022723648,20.802762985229492,20.802762985229492,10200,0.0,0.0,0.0
2022-09-14 00:00:00-04:00,20.73365527157253,20.73365527157253,20.63229017225289,20.673757553100586,15500,0.0,0.0,0.0
2022-09-15 00:00:00-04:00,20.679279072708383,20.687573248741515,20.632282257080078,20.632282257080078,31100,0.0,0.0,0.0
2022-09-16 00:00:00-04:00,20.58713161730831,20.60464096069336,20.56778029521742,20.60464096069336,10800,0.0,0.0,0.0
2022-09-19 00:00:00-04:00,20.604643176231775,20.623071753338028,20.54013876232624,20.600034713745117,27300,0.0,0.0,0.0
2022-09-20 00:00:00-04:00,20.558573228409582,20.5954339084077,20.54935805841005,20.553966522216797,16400,0.0,0.0,0.0
2022-09-21 00:00:00-04:00,20.5124885548468,20.59542328444749,20.49866668578437,20.521703720092773,59700,0.0,0.0,0.0
2022-09-22 00:00:00-04:00,20.47562797678451,20.47562797678451,20.392693246847955,20.452590942382812,15500,0.0,0.0,0.0
2022-09-23 00:00:00-04:00,20.37426338298771,20.38347854768713,20.226824263022877,20.355833053588867,29100,0.0,0.0,0.0
2022-09-26 00:00:00-04:00,20.24525398501507,20.309760141575843,20.10703002189665,20.18535804748535,23100,0.0,0.0,0.0
2022-09-27 00:00:00-04:00,20.18075103589722,20.199181367667233,20.162320704127207,20.189966201782227,6500,0.0,0.0,0.0
2022-09-28 00:00:00-04:00,20.088599619443162,20.174299073857828,19.95037565682021,20.16231918334961,14000,0.0,0.0,0.0
2022-09-29 00:00:00-04:00,20.180748902873518,20.199179232695517,20.024094614612498,20.125459671020508,45800,0.0,0.0,0.0
2022-09-30 00:00:00-04:00,20.28211571521472,20.30976121234114,20.10703108197367,20.21761131286621,43100,0.0,0.0,0.0
2022-10-03 00:00:00-04:00,20.282230141944115,20.342237234903127,20.272998146040948,20.32839012145996,17700,0.04,0.0,0.0
2022-10-04 00:00:00-04:00,20.411476755346754,20.53610606143994,20.014509727232866,20.379165649414062,227400,0.0,0.0,0.0
2022-10-05 00:00:00-04:00,20.43917477731788,20.476102768566985,20.402248546892313,20.43271255493164,16600,0.0,0.0,0.0
2022-10-06 00:00:00-04:00,20.417013539436475,20.417937971577057,20.365315772488692,20.397626876831055,9100,0.0,0.0,0.0
2022-10-07 00:00:00-04:00,20.374548340152632,20.3837803360558,20.309926129653622,20.32839012145996,8900,0.0,0.0,0.0
2022-10-10 00:00:00-04:00,20.29976467099694,20.30068734203162,20.24991226196289,20.24991226196289,2500,0.0,0.0,0.0
2022-10-11 00:00:00-04:00,20.25453290210185,20.25914801895533,20.189910701215695,20.212989807128906,10400,0.0,0.0,0.0
2022-10-12 00:00:00-04:00,20.167762950597858,20.167762950597858,20.092984290953673,20.111448287963867,17900,0.0,0.0,0.0
2022-10-13 00:00:00-04:00,20.042203046603717,20.125289246901254,20.032972811746777,20.060667037963867,12500,0.0,0.0,0.0
2022-10-14 00:00:00-04:00,20.102210157174536,20.102210157174536,20.007123947143555,20.007123947143555,8500,0.0,0.0,0.0
2022-10-17 00:00:00-04:00,20.14375936586002,20.14375936586002,20.074522018432617,20.074522018432617,6000,0.0,0.0,0.0
2022-10-18 00:00:00-04:00,20.11606081192641,20.162219033633647,19.94988839646308,20.040359497070312,87800,0.0,0.0,0.0
2022-10-19 00:00:00-04:00,20.000667622653946,20.00528274144738,19.9683547478053,19.97758674621582,7700,0.0,0.0,0.0
2022-10-20 00:00:00-04:00,19.986809149009915,20.03296911890123,19.83910076700332,19.940650939941406,26000,0.0,0.0,0.0
2022-10-21 00:00:00-04:00,19.996044587121123,20.01912369563054,19.982197474180097,19.986812591552734,5500,0.0,0.0,0.0
2022-10-24 00:00:00-04:00,19.826179005361997,19.89449365704049,19.700627039781367,19.705242156982422,23000,0.0,0.0,0.0
2022-10-25 00:00:00-04:00,19.761551146946868,19.8114017939156,19.69138941196343,19.72185516357422,104000,0.0,0.0,0.0
2022-10-26 00:00:00-04:00,19.876039341372145,19.95912557065759,19.83911134576806,19.936044692993164,27000,0.0,0.0,0.0
2022-10-27 00:00:00-04:00,20.023744911675266,20.037592027616068,19.93142669681511,19.93419647216797,14300,0.0,0.0,0.0
2022-10-28 00:00:00-04:00,19.922193838091818,19.93142583526112,19.85757161873011,19.859416961669922,22800,0.0,0.0,0.0
2022-10-31 00:00:00-04:00,19.811408755977197,19.811408755977197,19.728324315165377,19.7375545501709,11500,0.0,0.0,0.0
2022-11-01 00:00:00-04:00,19.778245410601603,19.78934143348177,19.761600494384766,19.761600494384766,2300,0.036,0.0,0.0
2022-11-02 00:00:00-04:00,19.789346275060034,19.80506696749798,19.641388684366746,19.644163131713867,699500,0.0,0.0,0.0
2022-11-03 00:00:00-04:00,19.58590544886939,19.696872762372497,19.49343151175437,19.523948669433594,121300,0.0,0.0,0.0
2022-11-04 00:00:00-04:00,19.881814531475072,19.902158121151867,19.798588190007308,19.863319396972656,28100,0.0,0.0,0.0
2022-11-07 00:00:00-05:00,19.881815345989192,19.881815345989192,19.761600494384766,19.761600494384766,10700,0.0,0.0,0.0
2022-11-08 00:00:00-05:00,19.807833029965046,19.835575727898842,19.752349397890317,19.78009033203125,43400,0.0,0.0,0.0
2022-11-09 00:00:00-05:00,19.798584515405427,19.798584515405427,19.73385332045414,19.744949340820312,5500,0.0,0.0,0.0
2022-11-10 00:00:00-05:00,19.865172729901154,19.891065216746064,19.81708643093298,19.82633399963379,22600,0.0,0.0,0.0
2022-11-11 00:00:00-05:00,20.113001421570097,20.113001421570097,20.048270204948995,20.071388244628906,22900,0.0,0.0,0.0
2022-11-14 00:00:00-05:00,20.251708277321857,20.27945097890392,20.149988565773814,20.214719772338867,44700,0.0,0.0,0.0
2022-11-15 00:00:00-05:00,20.270208350915336,20.270208350915336,20.076012920107832,20.131498336791992,67900,0.0,0.0,0.0
2022-11-16 00:00:00-05:00,20.113000805667603,20.140743510709978,19.98353837638981,20.020526885986328,45000,0.0,0.0,0.0
2022-11-17 00:00:00-05:00,20.00202680000466,20.01127436606391,19.918802233057185,19.965038299560547,23500,0.0,0.0,0.0
2022-11-18 00:00:00-05:00,19.983539200707487,19.983539200707487,19.918807983398438,19.918807983398438,10100,0.0,0.0,0.0
2022-11-21 00:00:00-05:00,19.9188002341033,19.94654116570422,19.86793950777801,19.872562408447266,10900,0.0,0.0,0.0
2022-11-22 00:00:00-05:00,19.95579490232996,19.965042470321052,19.863320986212265,19.891063690185547,31100,0.0,0.0,0.0
2022-11-23 00:00:00-05:00,19.94654892579181,19.965044063249646,19.918807983398438,19.918807983398438,16100,0.0,0.0,0.0
2022-11-25 00:00:00-05:00,19.91048402856275,19.91048402856275,19.863321958637286,19.86794662475586,3400,0.0,0.0,0.0
2022-11-28 00:00:00-05:00,19.835579627461307,19.835579627461307,19.6876220703125,19.6876220703125,24600,0.0,0.0,0.0
2022-11-29 00:00:00-05:00,19.70611428128834,19.872566964223864,19.678373343327824,19.863319396972656,87400,0.0,0.0,0.0
2022-11-30 00:00:00-05:00,20.048265852485702,20.113921282578115,20.0251478178247,20.11299705505371,17500,0.0,0.0,0.0
2022-12-01 00:00:00-05:00,20.284354864794178,20.284354864794178,20.2473067328184,20.270462036132812,7100,0.035,0.0,0.0
2022-12-02 00:00:00-05:00,20.358452411059243,20.358452411059243,20.228781302274268,20.328813552856445,26100,0.0,0.0,0.0
2022-12-05 00:00:00-05:00,20.497385774850326,20.497385774850326,20.376977141787027,20.3955020904541,18900,0.0,0.0,0.0
2022-12-06 00:00:00-05:00,20.48534393310547,20.506646031796496,20.42328553844479,20.48534393310547,12400,0.0,0.0,0.0
2022-12-07 00:00:00-05:00,20.497384424675612,20.497384424675612,20.42328640152454,20.4695987701416,6500,0.0,0.0,0.0
2022-12-08 00:00:00-05:00,20.464972028228456,20.464972028228456,20.358456202370817,20.432554244995117,23000,0.0,0.0,0.0
2022-12-09 00:00:00-05:00,20.44181356486419,20.44181356486419,20.376978008408354,20.379756927490234,17200,0.0,0.0,0.0
2022-12-12 00:00:00-05:00,20.414027555030458,20.450149969198712,20.358452707624735,20.368640899658203,11000,0.0,0.0,0.0
2022-12-13 00:00:00-05:00,20.414018374428444,20.441804018999147,20.293608025836757,20.33343505859375,21600,0.0,0.0,0.0
2022-12-14 00:00:00-05:00,20.423280715942383,20.451993846500724,20.4047575402884,20.423280715942383,12500,0.0,0.0,0.0
2022-12-15 00:00:00-05:00,20.451066489401246,20.4649593116866,20.33065790744515,20.33343505859375,21100,0.0,0.0,0.0
2022-12-16 00:00:00-05:00,20.366782185168002,20.366782185168002,20.33065978391073,20.35381507873535,13100,0.0,0.0,0.0
2022-12-19 00:00:00-05:00,20.367712195480088,20.367712195480088,20.31213912285996,20.321401596069336,24800,0.0,0.0,0.0
2022-12-20 00:00:00-05:00,20.432552903494045,20.46034033014253,20.42329042794455,20.428848266601562,5000,0.0,0.0,0.0
2022-12-21 00:00:00-05:00,20.432550221151907,20.432550221151907,20.36771466745349,20.3955020904541,11500,0.0,0.0,0.0
2022-12-22 00:00:00-05:00,20.41401865146712,20.41401865146712,20.367706298828125,20.367706298828125,4400,0.0,0.0,0.0
2022-12-23 00:00:00-05:00,20.36771509692638,20.395502520512913,20.313067733851657,20.339927673339844,19100,0.0,0.0,0.0
2022-12-27 00:00:00-05:00,20.42329012524634,20.460340026895192,20.330668904397292,20.440889358520508,28900,0.0,0.0,0.0
2022-12-28 00:00:00-05:00,20.445520758340354,20.464072516991113,20.39913693830891,20.402847290039062,12600,0.034,0.0,0.0
2022-12-29 00:00:00-05:00,20.49190596311931,20.49190596311931,20.38986331270557,20.473352432250977,7300,0.0,0.0,0.0
2022-12-30 00:00:00-05:00,20.59394370615528,20.64032575291154,20.529006363590184,20.533645629882812,21900,0.0,0.0,0.0
2023-01-03 00:00:00-05:00,20.66815572350259,20.66815572350259,20.50117752677924,20.575389862060547,44800,0.0,0.0,0.0
2023-01-04 00:00:00-05:00,20.742371098005865,20.76092285752321,20.59394640569571,20.67279624938965,21100,0.0,0.0,0.0
2023-01-05 00:00:00-05:00,20.788751754940666,20.816582046390813,20.714539413768723,20.774837493896484,9100,0.0,0.0,0.0
2023-01-06 00:00:00-05:00,20.872249266142433,20.91863133454442,20.816590430187553,20.91399383544922,20300,0.0,0.0,0.0
2023-01-09 00:00:00-05:00,21.06705018407301,21.131987538779875,21.06705018407301,21.085603713989258,19900,0.0,0.0,0.0
2023-01-10 00:00:00-05:00,21.141262069465856,21.141262069465856,21.104155013554948,21.12734603881836,71000,0.0,0.0,0.0
2023-01-11 00:00:00-05:00,21.122708988553896,21.163524627685547,21.122708988553896,21.163524627685547,10100,0.0,0.0,0.0
2023-01-12 00:00:00-05:00,21.23217453457291,21.26000306062443,21.169093239380334,21.240522384643555,2900,0.0,0.0,0.0
2023-01-13 00:00:00-05:00,21.289683412775254,21.317511930978686,21.2804066502536,21.30823516845703,12500,0.0,0.0,0.0
2023-01-17 00:00:00-05:00,21.24330336313196,21.24330336313196,21.085601911052215,21.150537490844727,41500,0.0,0.0,0.0
2023-01-18 00:00:00-05:00,21.24330336313196,21.24330336313196,21.150537490844727,21.150537490844727,3400,0.0,0.0,0.0
2023-01-19 00:00:00-05:00,21.1598155677576,21.169092332498035,21.150538803017163,21.15517807006836,3200,0.0,0.0,0.0
2023-01-20 00:00:00-05:00,21.09488047894738,21.12271077382175,21.085603713989258,21.085603713989258,7400,0.0,0.0,0.0
2023-01-23 00:00:00-05:00,21.104163388913136,21.1449808127415,21.09488662125385,21.108800888061523,19100,0.0,0.0,0.0
2023-01-24 00:00:00-05:00,21.104163388913136,21.150545457847063,21.104163388913136,21.108800888061523,9800,0.0,0.0,0.0
2023-01-25 00:00:00-05:00,21.122711759999387,21.15054028681102,21.11343499460815,21.131988525390625,7100,0.0,0.0,0.0
2023-01-26 00:00:00-05:00,21.19691584852027,21.2293836300485,21.178362324972312,21.201553344726562,22900,0.0,0.0,0.0
2023-01-27 00:00:00-05:00,21.21083658043735,21.21083658043735,21.155177762166772,21.183006286621094,20700,0.0,0.0,0.0
2023-01-30 00:00:00-05:00,21.243307425549332,21.243307425549332,21.196925365216867,21.215478897094727,6500,0.0,0.0,0.0
2023-01-31 00:00:00-05:00,21.234031677246094,21.234031677246094,21.22939417873547,21.234031677246094,9100,0.0,0.0,0.0
2023-02-01 00:00:00-05:00,21.26748235580412,21.26748235580412,21.22102722603816,21.2489013671875,8700,0.036,0.0,0.0
2023-02-02 00:00:00-05:00,21.30464239928669,21.416135390916704,21.276768265304607,21.340877532958984,24100,0.0,0.0,0.0
2023-02-03 00:00:00-05:00,21.211730149066693,21.267476644244574,21.109526764449633,21.146692276000977,8900,0.0,0.0,0.0
2023-02-06 00:00:00-05:00,21.12810693656632,21.137398313317956,21.04448631795051,21.05377769470215,7600,0.0,0.0,0.0
2023-02-07 00:00:00-05:00,21.10952377319336,21.165272032620745,21.07421725108223,21.10952377319336,35500,0.0,0.0,0.0
2023-02-08 00:00:00-05:00,21.109527323109315,21.136472851341885,21.021261889062647,21.063072204589844,33400,0.0,0.0,0.0
2023-02-09 00:00:00-05:00,21.155985985090712,21.155985985090712,21.0909481048584,21.0909481048584,3500,0.0,0.0,0.0
2023-02-10 00:00:00-05:00,21.063071119751598,21.063071119751598,21.016616003624762,21.02590560913086,9300,0.0,0.0,0.0
2023-02-13 00:00:00-05:00,21.02126803334393,21.02126803334393,21.00733184814453,21.00733184814453,4400,0.0,0.0,0.0
2023-02-14 00:00:00-05:00,20.988744879759647,21.007327637734175,20.95622593937889,20.96087074279785,11700,0.0,0.0,0.0
2023-02-15 00:00:00-05:00,20.93392563006998,20.94693320538085,20.914414267103673,20.9283504486084,6900,0.0,0.0,0.0
2023-02-16 00:00:00-05:00,20.905127002301654,20.914418382516182,20.840089112949535,20.849380493164062,28300,0.0,0.0,0.0
2023-02-17 00:00:00-05:00,20.905123583627983,20.905123583627983,20.86424187179948,20.867958068847656,6100,0.0,0.0,0.0
2023-02-21 00:00:00-05:00,20.88653769611899,20.88653769611899,20.775044712785242,20.78433609008789,15400,0.0,0.0,0.0
2023-02-22 00:00:00-05:00,20.793626379847975,20.793626379847975,20.756462641562827,20.76389503479004,6600,0.0,0.0,0.0
2023-02-23 00:00:00-05:00,20.739747608193834,20.739747608193834,20.705369673773973,20.71001625061035,6300,0.0,0.0,0.0
2023-02-24 00:00:00-05:00,20.58922291462307,20.595726702216098,20.552059173583984,20.552059173583984,19100,0.0,0.0,0.0
2023-02-27 00:00:00-05:00,20.561349606678142,20.561349606678142,20.514894485473633,20.514894485473633,19200,0.0,0.0,0.0
2023-02-28 00:00:00-05:00,20.579928669994082,20.607802801003047,20.579928669994082,20.58922004699707,8000,0.0,0.0,0.0
2023-03-01 00:00:00-05:00,20.782809398338713,20.79676951733647,20.680430458506724,20.750234603881836,26400,0.038,0.0,0.0
2023-03-02 00:00:00-05:00,20.726965474911,20.764193047632574,20.726965474911,20.73627281188965,13400,0.0,0.0,0.0
2023-03-03 00:00:00-05:00,20.745582036595295,20.754887599227676,20.689738009641932,20.73906707763672,17800,0.0,0.0,0.0
2023-03-06 00:00:00-05:00,20.698122153945647,20.698122153945647,20.6385555267334,20.6385555267334,5300,0.0,0.0,0.0
2023-03-07 00:00:00-05:00,20.652513391297013,20.652513391297013,20.512906854306117,20.518489837646484,14300,0.0,0.0,0.0
2023-03-08 00:00:00-05:00,20.59666117471411,20.59666117471411,20.55012627260006,20.554779052734375,4800,0.0,0.0,0.0
2023-03-09 00:00:00-05:00,20.568747428256227,20.587362105047607,20.550132751464844,20.550132751464844,8900,0.0,0.0,0.0
2023-03-10 00:00:00-05:00,20.615281011646957,20.65716314412199,20.59666633605957,20.59666633605957,9900,0.0,0.0,0.0
2023-03-13 00:00:00-04:00,20.71766604246891,20.871232723225265,20.71766604246891,20.75954818725586,27500,0.0,0.0,0.0
2023-03-14 00:00:00-04:00,20.88984251481154,20.88984251481154,20.82469292154601,20.829345703125,8400,0.0,0.0,0.0
2023-03-15 00:00:00-04:00,20.82933991833667,20.82933991833667,20.74557744682467,20.792112350463867,10400,0.0,0.0,0.0
2023-03-16 00:00:00-04:00,20.79305534382052,20.829352733005457,20.708360843991038,20.745590209960938,7000,0.0,0.0,0.0
2023-03-17 00:00:00-04:00,20.847960851453628,20.847960851453628,20.796771376960326,20.80142593383789,5600,0.0,0.0,0.0
2023-03-20 00:00:00-04:00,20.84796279028001,20.84796279028001,20.77350585005447,20.841447830200195,9500,0.0,0.0,0.0
2023-03-21 00:00:00-04:00,20.903803579456902,20.903803579456902,20.847961322018925,20.861923217773438,4500,0.0,0.0,0.0
2023-03-22 00:00:00-04:00,20.875882059261084,20.98756656729409,20.875882059261084,20.9456844329834,1400,0.0,0.0,0.0
2023-03-23 00:00:00-04:00,21.01548056817952,21.05270990678956,21.01548056817952,21.02478790283203,900,0.0,0.0,0.0
2023-03-24 00:00:00-04:00,21.015482278446655,21.015482278446655,20.968947376589608,20.987560272216797,3000,0.0,0.0,0.0
2023-03-27 00:00:00-04:00,20.87588443197399,20.917766571044922,20.87588443197399,20.917766571044922,1300,0.0,0.0,0.0
2023-03-28 00:00:00-04:00,20.913115068438685,20.93172974967655,20.899154945107142,20.922422409057617,5900,0.0,0.0,0.0
2023-03-29 00:00:00-04:00,20.91311513176536,20.91311513176536,20.857272863076382,20.871232986450195,10800,0.0,0.0,0.0
2023-03-30 00:00:00-04:00,20.89449211389342,20.913105010986328,20.875877441607653,20.913105010986328,14000,0.0,0.0,0.0
2023-03-31 00:00:00-04:00,20.91310848924671,20.942892679934772,20.91310848924671,20.941030502319336,6300,0.0,0.0,0.0
2023-04-03 00:00:00-04:00,20.93823366590537,20.956879003178347,20.900944769476634,20.942895889282227,5500,0.037,0.0,0.0
2023-04-04 00:00:00-04:00,20.882298079874566,20.921452218741884,20.882298079874566,20.914926528930664,6400,0.0,0.0,0.0
2023-04-05 00:00:00-04:00,20.96620167181484,20.96620167181484,20.942895889282227,20.942895889282227,300,0.0,0.0,0.0
2023-04-06 00:00:00-04:00,20.891619973142884,20.91306228663475,20.891619973142884,20.896282196044922,1500,0.0,0.0,0.0
2023-04-10 00:00:00-04:00,20.928910643890994,20.928910643890994,20.872974637768827,20.896282196044922,3300,0.0,0.0,0.0
2023-04-11 00:00:00-04:00,20.872974637768827,20.90094264082991,20.872974637768827,20.896282196044922,2300,0.0,0.0,0.0
2023-04-12 00:00:00-04:00,20.919591561645067,20.947557791382277,20.91026889236021,20.933574676513672,9300,0.0,0.0,0.0
2023-04-13 00:00:00-04:00,20.975517609531092,20.975517609531092,20.95687227824129,20.96153450012207,3900,0.0,0.0,0.0
2023-04-14 00:00:00-04:00,20.98484834923102,21.054765701293945,20.98484834923102,21.054765701293945,7200,0.0,0.0,0.0
2023-04-17 00:00:00-04:00,21.050105940418675,21.059428609953763,21.012817040395714,21.02680015563965,8700,0.0,0.0,0.0
2023-04-18 00:00:00-04:00,21.022147019989248,21.031469693554662,21.017486572265625,21.017486572265625,2000,0.0,0.0,0.0
2023-04-19 00:00:00-04:00,21.003491562970837,21.00815200805664,21.003491562970837,21.00815200805664,500,0.0,0.0,0.0
2023-04-20 00:00:00-04:00,21.040783270883583,21.040783270883583,21.012817040395714,21.02680015563965,4000,0.0,0.0,0.0
2023-04-21 00:00:00-04:00,21.014675337089486,21.014675337089486,20.99882698059082,20.99882698059082,4800,0.0,0.0,0.0
2023-04-24 00:00:00-04:00,20.983881921803675,20.983881921803675,20.96986832277822,20.97454071044922,11800,0.049,0.0,0.0
2023-04-25 00:00:00-04:00,20.899799037973537,20.9138126373291,20.899799037973537,20.9138126373291,400,0.0,0.0,0.0
2023-04-26 00:00:00-04:00,20.899791403284272,20.899791403284272,20.86241944266299,20.881105422973633,8700,0.0,0.0,0.0
2023-04-27 00:00:00-04:00,20.890454937964254,20.93716812133789,20.83439697952343,20.93716812133789,9900,0.0,0.0,0.0
2023-04-28 00:00:00-04:00,20.95585250584507,20.95585250584507,20.918480536407497,20.923152923583984,6100,0.0,0.0,0.0
2023-05-01 00:00:00-04:00,20.88110700956774,20.89512060486892,20.829721450805664,20.829721450805664,7900,0.0,0.0,0.0
2023-05-02 00:00:00-04:00,20.899801428927084,20.965200609393175,20.899801428927084,20.95118522644043,12400,0.0,0.0,0.0
2023-05-03 00:00:00-04:00,20.983881921803675,20.98481746853414,20.97454071044922,20.97454071044922,1600,0.0,0.0,0.0
2023-05-04 00:00:00-04:00,21.009102281911897,21.009102281911897,20.987615006675274,20.99321937561035,4800,0.0,0.0,0.0
2023-05-05 00:00:00-04:00,20.984811931211084,21.021248348258954,20.983876384727484,20.99321937561035,13900,0.0,0.0,0.0
2023-05-08 00:00:00-04:00,21.0109714132868,21.0109714132868,20.88110687051363,21.007234573364258,5800,0.0,0.0,0.0
2023-05-09 00:00:00-04:00,21.011910211241798,21.030596197324098,21.011910211241798,21.014713287353516,2700,0.0,0.0,0.0
2023-05-10 00:00:00-04:00,21.0305988326903,21.037138750439254,21.00256985005451,21.017518997192383,5300,0.0,0.0,0.0
2023-05-11 00:00:00-04:00,20.972667765445802,20.972667765445802,20.937165109670914,20.960521697998047,7000,0.0,0.0,0.0
2023-05-12 00:00:00-04:00,20.955857614756017,20.983884816673473,20.9371716254817,20.95118522644043,1900,0.0,0.0,0.0
2023-05-15 00:00:00-04:00,20.946513017069478,21.00724158656641,20.946513017069478,21.0025691986084,2300,0.0,0.0,0.0
2023-05-16 00:00:00-04:00,20.93810539034721,20.95118522644043,20.93810539034721,20.95118522644043,1200,0.0,0.0,0.0
2023-05-17 00:00:00-04:00,20.918480226362913,20.918480226362913,20.902597317786714,20.90446662902832,1700,0.0,0.0,0.0
2023-05-18 00:00:00-04:00,20.79702807886288,20.801698684692383,20.787685085210043,20.801698684692383,2600,0.0,0.0,0.0
2023-05-19 00:00:00-04:00,20.820384979248047,20.83907096682947,20.79702838576819,20.820384979248047,3900,0.0,0.0,0.0
2023-05-22 00:00:00-04:00,20.806371072515716,20.806371072515716,20.787685085210043,20.801698684692383,4100,0.0,0.0,0.0
2023-05-23 00:00:00-04:00,20.759654199587178,20.768997192382812,20.759654199587178,20.768997192382812,5100,0.0,0.0,0.0
2023-05-24 00:00:00-04:00,20.768997192382812,20.768997192382812,20.74096999598958,20.768997192382812,1600,0.0,0.0,0.0
2023-05-25 00:00:00-04:00,20.70360263843233,20.70360263843233,20.694259643554688,20.694259643554688,1700,0.0,0.0,0.0
2023-05-26 00:00:00-04:00,20.73162543949053,20.759652633769782,20.7222824473996,20.732559204101562,8400,0.0,0.0,0.0
2023-05-30 00:00:00-04:00,20.694252325568353,20.722281300289556,20.647539149693113,20.71293830871582,24800,0.0,0.0,0.0
2023-05-31 00:00:00-04:00,20.619513973606363,20.65688594678616,20.610170980311413,20.64754295349121,4400,0.0,0.0,0.0
2023-06-01 00:00:00-04:00,20.717848918543943,20.717848918543943,20.652227059870658,20.666288375854492,3600,0.075,0.0,0.0
2023-06-02 00:00:00-04:00,20.661606250655925,20.661606250655925,20.624107015993484,20.638168334960938,2600,0.0,0.0,0.0
2023-06-05 00:00:00-04:00,20.63347744651785,20.6850379892073,20.63347744651785,20.666288375854492,8600,0.0,0.0,0.0
2023-06-06 00:00:00-04:00,20.60535599183117,20.62410560788226,20.60535599183117,20.61941909790039,19600,0.0,0.0,0.0
2023-06-07 00:00:00-04:00,20.633481020872168,20.633481020872168,20.57723395913156,20.586606979370117,2900,0.0,0.0,0.0
2023-06-08 00:00:00-04:00,20.699100683154988,20.699100683154988,20.680351068553996,20.689725875854492,38400,0.0,0.0,0.0
2023-06-09 00:00:00-04:00,20.661601866547063,20.67285056172182,20.661601866547063,20.666288375854492,1500,0.0,0.0,0.0
2023-06-12 00:00:00-04:00,20.633477010138392,20.633477010138392,20.614727397182122,20.631601333618164,9500,0.0,0.0,0.0
2023-06-13 00:00:00-04:00,20.624105987303956,20.624105987303956,20.59598156270992,20.600669860839844,11700,0.0,0.0,0.0
2023-06-14 00:00:00-04:00,20.595979690551758,20.63816542957725,20.595979690551758,20.595979690551758,2400,0.0,0.0,0.0
2023-06-15 00:00:00-04:00,20.680350349681156,20.723474819376715,20.680350349681156,20.722536087036133,7200,0.0,0.0,0.0
2023-06-16 00:00:00-04:00,20.726290003372508,20.726290003372508,20.62410762560232,20.69910430908203,21000,0.0,0.0,0.0
2023-06-20 00:00:00-04:00,20.605354274368583,20.610042572021484,20.605354274368583,20.610042572021484,2900,0.0,0.0,0.0
2023-06-21 00:00:00-04:00,20.611915929760485,20.63347816467285,20.611915929760485,20.63347816467285,4600,0.0,0.0,0.0
2023-06-22 00:00:00-04:00,20.56786193908888,20.56786193908888,20.54911231994629,20.54911231994629,1100,0.0,0.0,0.0
2023-06-23 00:00:00-04:00,20.506928221161612,20.506928221161612,20.41787020516069,20.474117279052734,2900,0.0,0.0,0.0
2023-06-26 00:00:00-04:00,20.422547951074442,20.422547951074442,20.3991118293499,20.400985717773438,4100,0.0,0.0,0.0
2023-06-27 00:00:00-04:00,20.445990144797825,20.450678443371935,20.408492696514955,20.42255401611328,5700,0.0,0.0,0.0
2023-06-28 00:00:00-04:00,20.37099346017008,20.42255401611328,20.37099346017008,20.42255401611328,6100,0.0,0.0,0.0
2023-06-29 00:00:00-04:00,20.328802262429313,20.333490559746323,20.324115753173828,20.324115753173828,2300,0.0,0.0,0.0
2023-06-30 00:00:00-04:00,20.333494186401367,20.34193026217819,20.319431080003586,20.333494186401367,19500,0.0,0.0,0.0
2023-07-03 00:00:00-04:00,20.38622264857299,20.38622264857299,20.357974990156958,20.367389678955078,1000,0.096,0.0,0.0
2023-07-05 00:00:00-04:00,20.381517221267277,20.381517221267277,20.357976905036093,20.36268424987793,1800,0.0,0.0,0.0
2023-07-06 00:00:00-04:00,20.348560419341418,20.37680808041444,20.348560419341418,20.36268424987793,5300,0.0,0.0,0.0
2023-07-07 00:00:00-04:00,20.452137001555332,20.452137001555332,20.447429656982422,20.447429656982422,3300,0.0,0.0,0.0
2023-07-10 00:00:00-04:00,20.49921979130219,20.49921979130219,20.494510650634766,20.494510650634766,1600,0.0,0.0,0.0
2023-07-11 00:00:00-04:00,20.529353650679347,20.529353650679347,20.518996054524465,20.527469635009766,1300,0.0,0.0,0.0
2023-07-12 00:00:00-04:00,20.637639648813256,20.649881260103513,20.631989398062206,20.645172119140625,6300,0.0,0.0,0.0
2023-07-13 00:00:00-04:00,20.715795696068817,20.744045154945642,20.706379209776543,20.739336013793945,2600,0.0,0.0,0.0
2023-07-14 00:00:00-04:00,20.781705577404267,20.781705577404267,20.748748779296875,20.748748779296875,500,0.0,0.0,0.0
2023-07-17 00:00:00-04:00,20.687542160983828,20.706375129857587,20.687542160983828,20.70166778564453,2600,0.0,0.0,0.0
2023-07-18 00:00:00-04:00,20.65929271802082,20.65929271802082,20.612210299905936,20.630102157592773,8000,0.0,0.0,0.0
2023-07-19 00:00:00-04:00,20.527472412670896,20.541598042076338,20.527472412670896,20.5406551361084,3400,0.0,0.0,0.0
2023-07-20 00:00:00-04:00,20.666832143644083,20.666832143644083,20.634816447750556,20.635759353637695,2200,0.0,0.0,0.0
2023-07-21 00:00:00-04:00,20.668713547239616,20.668713547239616,20.649880576034032,20.650821685791016,5300,0.0,0.0,0.0
2023-07-24 00:00:00-04:00,20.668714240470713,20.668714240470713,20.640464782714844,20.640464782714844,2000,0.0,0.0,0.0
2023-07-25 00:00:00-04:00,20.753461837768555,20.762876528138868,20.744045351387108,20.753461837768555,4500,0.0,0.0,0.0
2023-07-26 00:00:00-04:00,20.80053509777838,20.819368063863088,20.772285648651316,20.795825958251953,7000,0.0,0.0,0.0
2023-07-27 00:00:00-04:00,20.753461641237916,20.753461641237916,20.72521218236109,20.739336013793945,48500,0.0,0.0,0.0
2023-07-28 00:00:00-04:00,20.725212088474496,20.744045060973733,20.725212088474496,20.72991943359375,11500,0.0,0.0,0.0
2023-07-31 00:00:00-04:00,20.7440377114093,20.781701847052343,20.7440377114093,20.762868881225586,3400,0.0,0.0,0.0
2023-08-01 00:00:00-04:00,20.720409639011205,20.720409639011205,20.6873779296875,20.6873779296875,3100,0.05,0.0,0.0
2023-08-02 00:00:00-04:00,20.659056464681182,20.659056464681182,20.640182495117188,20.640182495117188,500,0.0,0.0,0.0
2023-08-03 00:00:00-04:00,20.66000095681615,20.688312810445883,20.659055908294047,20.68265151977539,1800,0.0,0.0,0.0
2023-08-04 00:00:00-04:00,20.701525057839476,20.70341335475194,20.692087173461914,20.692087173461914,900,0.0,0.0,0.0
2023-08-07 00:00:00-04:00,20.640187783696067,20.667556396645796,20.640187783696067,20.64962387084961,1200,0.0,0.0,0.0
2023-08-08 00:00:00-04:00,20.574118181529542,20.611869722457573,20.559962253727807,20.588275909423828,5500,0.0,0.0,0.0
2023-08-09 00:00:00-04:00,20.546756803037034,20.574125419773708,20.54581355420975,20.57223892211914,6200,0.0,0.0,0.0
2023-08-10 00:00:00-04:00,20.602433463050847,20.602433463050847,20.52787542389908,20.541088104248047,3800,0.0,0.0,0.0
2023-08-11 00:00:00-04:00,20.51749252872642,20.51749252872642,20.47030490298437,20.484460830688477,5600,0.0,0.0,0.0
2023-08-14 00:00:00-04:00,20.394807900318934,20.437277492433385,20.394807900318934,20.41840171813965,21200,0.0,0.0,0.0
2023-08-15 00:00:00-04:00,20.34573086851021,20.385368912330797,20.342899322509766,20.342899322509766,2200,0.0,0.0,0.0
2023-08-16 00:00:00-04:00,20.290993473683333,20.30986924847186,20.28155558628907,20.295711517333984,1700,0.0,0.0,0.0
2023-08-17 00:00:00-04:00,20.375924741395675,20.38536262512207,20.366486857669276,20.38536262512207,2000,0.0,0.0,0.0
2023-08-18 00:00:00-04:00,20.36649337683371,20.41368101047785,20.357998738733205,20.36271858215332,16700,0.0,0.0,0.0
2023-08-21 00:00:00-04:00,20.43255647791462,20.456150294383278,20.413680704702568,20.423118591308594,7200,0.0,0.0,0.0
2023-08-22 00:00:00-04:00,20.40424494360973,20.413681030273438,20.385369170096634,20.413681030273438,9300,0.0,0.0,0.0
2023-08-23 00:00:00-04:00,20.432552337646484,20.470303876420957,20.432552337646484,20.432552337646484,8100,0.0,0.0,0.0
2023-08-24 00:00:00-04:00,20.466534375567928,20.47597046260944,20.466534375567928,20.473140716552734,6100,0.0,0.0,0.0
2023-08-25 00:00:00-04:00,20.434444124371687,20.45237484828702,20.432555827073507,20.441993713378906,9000,0.0,0.0,0.0
2023-08-28 00:00:00-04:00,20.4042457874658,20.42878285397333,20.375932126025194,20.41840171813965,27200,0.0,0.0,0.0
2023-08-29 00:00:00-04:00,20.32874332543396,20.42783843465801,20.32874332543396,20.423118591308594,24600,0.0,0.0,0.0
2023-08-30 00:00:00-04:00,20.4231123599354,20.4231123599354,20.380642783212743,20.38536262512207,4000,0.0,0.0,0.0
2023-08-31 00:00:00-04:00,20.460866798940756,20.470304684006713,20.441991028808843,20.462753295898438,8600,0.0,0.0,0.0
2023-09-01 00:00:00-04:00,20.51001588212237,20.531753482950936,20.462756701020957,20.467483520507812,6700,0.032,0.0,0.0
2023-09-05 00:00:00-04:00,20.38146980573305,20.392812728881836,20.372964416124667,20.392812728881836,1200,0.0,0.0,0.0
2023-09-06 00:00:00-04:00,20.330436648589068,20.330436648589068,20.30208113707021,20.311532974243164,4000,0.0,0.0,0.0
2023-09-07 00:00:00-04:00,20.254817457622163,20.271830038143566,20.24536562338737,20.255762100219727,12000,0.0,0.0,0.0
2023-09-08 00:00:00-04:00,20.179210089700934,20.188661926513394,20.08469352432985,20.16503143310547,4400,0.0,0.0,0.0
2023-09-11 00:00:00-04:00,20.217011220893347,20.31625458438295,20.217011220893347,20.30680274963379,3000,0.0,0.0,0.0
2023-09-12 00:00:00-04:00,20.320977716230647,20.344606399536133,20.315306255356376,20.344606399536133,5600,0.0,0.0,0.0
2023-09-13 00:00:00-04:00,20.43440197816268,20.436291263660657,20.424950142412783,20.427785873413086,1800,0.0,0.0,0.0
2023-09-14 00:00:00-04:00,20.3966002080408,20.41550388470557,20.3966002080408,20.401325225830078,6800,0.0,0.0,0.0
2023-09-15 00:00:00-04:00,20.406052046373187,20.41550388470557,20.3966002080408,20.401325225830078,13400,0.0,0.0,0.0
2023-09-18 00:00:00-04:00,20.377696009232775,20.377696009232775,20.36351915347437,20.368244171142578,11200,0.0,0.0,0.0
2023-09-19 00:00:00-04:00,20.358789383437614,20.358789383437614,20.339885711669922,20.339885711669922,900,0.0,0.0,0.0
2023-09-20 00:00:00-04:00,20.368236519902585,20.376743711814207,20.33043098449707,20.33043098449707,8900,0.0,0.0,0.0
2023-09-21 00:00:00-04:00,20.344610728235164,20.344610728235164,20.330433875786074,20.339885711669922,2500,0.0,0.0,0.0
2023-09-22 00:00:00-04:00,20.344606976684556,20.35878562927246,20.344606976684556,20.35878562927246,2300,0.0,0.0,0.0
2023-09-25 00:00:00-04:00,20.30208113707021,20.330436648589068,20.30208113707021,20.311532974243164,5900,0.0,0.0,0.0
2023-09-26 00:00:00-04:00,20.3398817685791,20.3398817685791,20.292622598321532,20.302074432373047,11900,0.0,0.0,0.0
2023-09-27 00:00:00-04:00,20.292622060811947,20.292622060811947,20.24630933711337,20.268993377685547,8400,0.0,0.0,0.0
2023-09-28 00:00:00-04:00,20.3464950825247,20.3464950825247,20.340823622320777,20.341768264770508,1100,0.0,0.0,0.0
2023-09-29 00:00:00-04:00,20.387136340896358,20.387136340896358,20.285059070989583,20.341768264770508,9800,0.0,0.0,0.0
2023-10-02 00:00:00-04:00,20.30851886087436,20.30851886087436,20.276214874991872,20.277164459228516,4700,0.112,0.0,0.0
2023-10-03 00:00:00-04:00,20.28476220216467,20.28571178619686,20.26575964842127,20.27526092529297,3200,0.0,0.0,0.0
2023-10-04 00:00:00-04:00,20.280014830087357,20.303768933245458,20.280014830087357,20.294267654418945,4900,0.0,0.0,0.0
2023-10-05 00:00:00-04:00,20.360782623291016,20.360782623291016,20.360782623291016,20.360782623291016,600,0.0,0.0,0.0
2023-10-06 00:00:00-04:00,20.23726180308896,20.337024333655506,20.23726180308896,20.318021774291992,10600,0.0,0.0,0.0
2023-10-09 00:00:00-04:00,20.370279230002414,20.394031524658203,20.370279230002414,20.394031524658203,4800,0.0,0.0,0.0
2023-10-10 00:00:00-04:00,20.392125520285518,20.40827751159668,20.37977548990455,20.40827751159668,1700,0.0,0.0,0.0
2023-10-11 00:00:00-04:00,20.36077654610464,20.36077654610464,20.334173687974634,20.341773986816406,6100,0.0,0.0,0.0
2023-10-12 00:00:00-04:00,20.30377076086126,20.32277150804097,20.30377076086126,20.318021774291992,1700,0.0,0.0,0.0
2023-10-13 00:00:00-04:00,20.303771101190474,20.313270568847656,20.29901955517805,20.313270568847656,2500,0.0,0.0,0.0
2023-10-16 00:00:00-04:00,20.351276043289946,20.351276043289946,20.332273483276367,20.332273483276367,600,0.0,0.0,0.0
2023-10-17 00:00:00-04:00,20.275271677173553,20.28477295908374,20.26102066040039,20.26102066040039,700,0.0,0.0,0.0
2023-10-18 00:00:00-04:00,20.246764005945057,20.256265286060035,20.237262725830078,20.237262725830078,1500,0.0,0.0,0.0
2023-10-19 00:00:00-04:00,20.256267547607422,20.256267547607422,20.256267547607422,20.256267547607422,400,0.0,0.0,0.0
2023-10-20 00:00:00-04:00,20.269567004649005,20.2847694154864,20.24676429448487,20.261966705322266,4700,0.0,0.0,0.0
2023-10-23 00:00:00-04:00,20.246765758100675,20.308523178100586,20.246765758100675,20.308523178100586,3500,0.0,0.0,0.0
2023-10-24 00:00:00-04:00,20.28286868949352,20.327524526013196,20.28286868949352,20.322772979736328,1100,0.0,0.0,0.0
2023-10-25 00:00:00-04:00,20.280017852783203,20.280017852783203,20.280017852783203,20.280017852783203,100,0.0,0.0,0.0
2023-10-26 00:00:00-04:00,20.307573945870306,20.341777108090273,20.307573945870306,20.327526092529297,1700,0.0,0.0,0.0
2023-10-27 00:00:00-04:00,20.284773564710534,20.313275599107826,20.284773564710534,20.29902458190918,4700,0.0,0.0,0.0
2023-10-30 00:00:00-04:00,20.29426481407713,20.32276683438395,20.29426481407713,20.309465408325195,11700,0.0,0.0,0.0
2023-10-31 00:00:00-04:00,20.256267547607422,20.28952112563056,20.23726498525589,20.256267547607422,10000,0.0,0.0,0.0
2023-11-01 00:00:00-04:00,20.321048662474297,20.44489860534668,20.321048662474297,20.44489860534668,12200,0.058,0.0,0.0
2023-11-02 00:00:00-04:00,20.463953001827743,20.469669684197516,20.44489860534668,20.44489860534668,4300,0.0,0.0,0.0
2023-11-03 00:00:00-04:00,20.483011242168175,20.54969982523947,20.483011242168175,20.544937133789062,2000,0.0,0.0,0.0
2023-11-06 00:00:00-05:00,20.56875043094117,20.56875043094117,20.521116256713867,20.521116256713867,3000,0.0,0.0,0.0
2023-11-07 00:00:00-05:00,20.530641580316193,20.559223175048828,20.52111619919924,20.559223175048828,2000,0.0,0.0,0.0
2023-11-08 00:00:00-05:00,20.558274850403322,20.558274850403322,20.538268275481933,20.544937133789062,1100,0.0,0.0,0.0
2023-11-09 00:00:00-05:00,20.51158901743583,20.549695993316035,20.506824509746266,20.52587890625,42600,0.0,0.0,0.0
2023-11-10 00:00:00-05:00,20.559228886034326,20.559228886034326,20.5211218995993,20.54017448425293,19600,0.0,0.0,0.0
2023-11-13 00:00:00-05:00,20.54112661720322,20.544937133789062,20.530645425182637,20.544937133789062,5900,0.0,0.0,0.0
2023-11-14 00:00:00-05:00,20.59733007557848,20.673545837402344,20.59733007557848,20.673545837402344,2700,0.0,0.0,0.0
2023-11-15 00:00:00-05:00,20.65449714018248,20.65449714018248,20.644969940185547,20.644969940185547,500,0.0,0.0,0.0
2023-11-16 00:00:00-05:00,20.673547711922552,20.702127489493463,20.673547711922552,20.687837600708008,6200,0.0,0.0,0.0
2023-11-17 00:00:00-05:00,20.773582465813742,20.787872355904902,20.768817957698403,20.783109664916992,1300,0.0,0.0,0.0
2023-11-20 00:00:00-05:00,20.883140572175595,20.90219496859589,20.883140572175595,20.892667770385742,9900,0.0,0.0,0.0
2023-11-21 00:00:00-05:00,20.98793598842849,21.006988565954128,20.92124560714394,21.002225875854492,8200,0.0,0.0,0.0
2023-11-22 00:00:00-05:00,20.930776652194652,20.945068359375,20.924107794552963,20.945068359375,5100,0.0,0.0,0.0
2023-11-24 00:00:00-05:00,20.968887335587308,20.97841453552246,20.959360135652155,20.97841453552246,600,0.0,0.0,0.0
2023-11-27 00:00:00-05:00,20.9403057646583,20.95459747314453,20.9403057646583,20.95459747314453,3700,0.0,0.0,0.0
2023-11-28 00:00:00-05:00,20.95935434281322,21.040332794189453,20.95935434281322,21.040332794189453,3200,0.0,0.0,0.0
2023-11-29 00:00:00-05:00,21.02604678699918,21.02604678699918,21.006992388878867,21.011756896972656,800,0.0,0.0,0.0
2023-11-30 00:00:00-05:00,20.978410655347513,21.006990432739258,20.94982906082852,21.006990432739258,2800,0.0,0.0,0.0
2023-12-01 00:00:00-05:00,20.951657456286167,21.01081085205078,20.894412997707217,21.01081085205078,18200,0.032,0.0,0.0
2023-12-04 00:00:00-05:00,20.98982368036538,20.98982368036538,20.942120263544755,20.946889877319336,3500,0.0,0.0,0.0
2023-12-05 00:00:00-05:00,20.93257384617718,20.93257384617718,20.875327576955968,20.884868621826172,5800,0.0,0.0,0.0
2023-12-06 00:00:00-05:00,20.869604226485826,20.884868442332372,20.86578817252419,20.87055778503418,2000,0.0,0.0,0.0
2023-12-07 00:00:00-05:00,20.932571897253368,20.937341509360277,20.9134898092896,20.923030853271484,2200,0.0,0.0,0.0
2023-12-08 00:00:00-05:00,20.846705276099748,20.846705276099748,20.80854109842404,20.813312530517578,2100,0.0,0.0,0.0
2023-12-11 00:00:00-05:00,20.77037877938932,20.775148391723633,20.746527078181437,20.775148391723633,10200,0.0,0.0,0.0
2023-12-12 00:00:00-05:00,20.79900550842285,20.79900550842285,20.79423589484666,20.79900550842285,700,0.0,0.0,0.0
2023-12-13 00:00:00-05:00,20.82381174022642,20.961198806762695,20.82381174022642,20.961198806762695,6000,0.0,0.0,0.0
2023-12-14 00:00:00-05:00,20.989820170578025,21.075687762311862,20.989820170578025,21.013671875,3600,0.0,0.0,0.0
2023-12-15 00:00:00-05:00,21.02416462325088,21.02798249701753,20.999359362377103,21.001266479492188,1600,0.0,0.0,0.0
2023-12-18 00:00:00-05:00,20.989819369353174,20.989819369353174,20.951655187920096,20.9564266204834,900,0.0,0.0,0.0
2023-12-19 00:00:00-05:00,20.999355464531625,21.08522303274615,20.999355464531625,21.051830291748047,5700,0.0,0.0,0.0
2023-12-20 00:00:00-05:00,20.98504680807073,20.98504680807073,20.96119328814241,20.962148666381836,2200,0.0,0.0,0.0
2023-12-21 00:00:00-05:00,21.02798226518423,21.02798226518423,20.989818086084423,20.999359130859375,5600,0.0,0.0,0.0
2023-12-22 00:00:00-05:00,21.00890403941099,21.00890403941099,20.951657760233036,20.961198806762695,14300,0.0,0.0,0.0
2023-12-26 00:00:00-05:00,21.027979564134682,21.03274917602539,20.961192259288865,21.03274917602539,3700,0.0,0.0,0.0
2023-12-27 00:00:00-05:00,21.0289249420166,21.0289249420166,21.024144270000768,21.0289249420166,4300,0.051,0.0,0.0
2023-12-28 00:00:00-05:00,21.13412247222205,21.158029485373987,21.13412247222205,21.13603401184082,8600,0.0,0.0,0.0
2023-12-29 00:00:00-05:00,21.134126663208008,21.16281435508395,21.11500031929835,21.134126663208008,5200,0.0,0.0,0.0
2024-01-02 00:00:00-05:00,21.095865294165034,21.095865294165034,21.024144270000768,21.0289249420166,7100,0.0,0.0,0.0
2024-01-03 00:00:00-05:00,21.0365772351037,21.0365772351037,21.000237921926548,21.014583587646484,2300,0.0,0.0,0.0
2024-01-04 00:00:00-05:00,20.971546451716787,20.981109619140625,20.94285694944527,20.981109619140625,26200,0.0,0.0,0.0
2024-01-05 00:00:00-05:00,21.024148183799856,21.067181535904506,21.005021844200424,21.017454147338867,16400,0.0,0.0,0.0
2024-01-08 00:00:00-05:00,21.000238971411868,21.028928480297484,21.000238971411868,21.019365310668945,7900,0.0,0.0,0.0
2024-01-09 00:00:00-05:00,20.98110934039249,21.0002338509984,20.971546173095703,20.971546173095703,4500,0.0,0.0,0.0
2024-01-10 00:00:00-05:00,20.961983005798917,20.990672507689276,20.94381244073873,20.971546173095703,12700,0.0,0.0,0.0
2024-01-11 00:00:00-05:00,21.00024010368554,21.02414894104004,21.00024010368554,21.02414894104004,1900,0.0,0.0,0.0
2024-01-12 00:00:00-05:00,20.976329827963188,20.976329827963188,20.942859649658203,20.942859649658203,1000,0.0,0.0,0.0
2024-01-16 00:00:00-05:00,20.87782670266082,20.904602837669074,20.866350173950195,20.866350173950195,1100,0.0,0.0,0.0
2024-01-17 00:00:00-05:00,20.83766956607037,20.847230911254883,20.83766956607037,20.847230911254883,9600,0.0,0.0,0.0
2024-01-18 00:00:00-05:00,20.866356173361734,20.888351643722878,20.852012332336766,20.875919342041016,6800,0.0,0.0,0.0
2024-01-19 00:00:00-05:00,20.914173126220703,20.914173126220703,20.895046787847516,20.914173126220703,5700,0.0,0.0,0.0
2024-01-22 00:00:00-05:00,20.942864872214862,20.96199121429811,20.942864872214862,20.957210540771484,1500,0.0,0.0,0.0
2024-01-23 00:00:00-05:00,21.01936644397386,21.036579420638063,21.0098032738297,21.02414894104004,2900,0.0,0.0,0.0
2024-01-24 00:00:00-05:00,21.105433897484538,21.114997067966808,21.029886127466373,21.052837371826172,11800,0.0,0.0,0.0
2024-01-25 00:00:00-05:00,21.057616936830268,21.07674327513151,21.00980109107717,21.014583587646484,5300,0.0,0.0,0.0
2024-01-26 00:00:00-05:00,20.95242420272794,21.01936456376093,20.95242420272794,20.990676879882812,3400,0.0,0.0,0.0
2024-01-29 00:00:00-05:00,20.988763986110886,21.009801864624023,20.98111418010394,21.009801864624023,3800,0.0,0.0,0.0
2024-01-30 00:00:00-05:00,21.03275338335128,21.04805481955456,21.009802141040407,21.019365310668945,3700,0.0,0.0,0.0
2024-01-31 00:00:00-05:00,21.057615002378547,21.081522011064884,21.048051834106445,21.048051834106445,8800,0.0,0.0,0.0
2024-02-01 00:00:00-05:00,21.085419483722028,21.085419483722028,21.056679045005897,21.06147003173828,3500,0.039,0.0,0.0
2024-02-02 00:00:00-05:00,20.941719248474335,20.956088553055565,20.932139103011544,20.946508407592773,2800,0.0,0.0,0.0
2024-02-05 00:00:00-05:00,20.970459107250438,20.970459107250438,20.92256020430813,20.932140350341797,3700,0.0,0.0,0.0
2024-02-06 00:00:00-05:00,20.98961161140414,21.013561053989175,20.98961161140414,21.008771896362305,4100,0.0,0.0,0.0
2024-02-07 00:00:00-05:00,20.98004192392324,20.989622071176402,20.951303309390003,20.987707138061523,10200,0.0,0.0,0.0
2024-02-08 00:00:00-05:00,20.941713825213792,20.952251434326172,20.932133682231964,20.952251434326172,4000,0.0,0.0,0.0
2024-02-09 00:00:00-05:00,20.94937928704811,20.96566534901038,20.941715902792556,20.956085205078125,2300,0.0,0.0,0.0
2024-02-12 00:00:00-05:00,20.951300304158938,20.97045876869094,20.951300304158938,20.964712142944336,3700,0.0,0.0,0.0
2024-02-13 00:00:00-05:00,20.93213388457204,20.95129417072091,20.90339345534873,20.917762756347656,1500,0.0,0.0,0.0
2024-02-14 00:00:00-05:00,20.91297577938839,20.925430149406537,20.91297577938839,20.922555923461914,8100,0.0,0.0,0.0
2024-02-15 00:00:00-05:00,20.98386222132183,20.98961067199707,20.980030529946756,20.98961067199707,7800,0.0,0.0,0.0
2024-02-16 00:00:00-05:00,20.972367147196607,20.98961067199707,20.95320686309598,20.98961067199707,7800,0.0,0.0,0.0
2024-02-20 00:00:00-05:00,20.99919448326509,21.075833805833643,20.99919448326509,21.066253662109375,3500,0.0,0.0,0.0
2024-02-21 00:00:00-05:00,21.08541519626303,21.08541519626303,21.037514474809495,21.0518856048584,4800,0.0,0.0,0.0
2024-02-22 00:00:00-05:00,21.075839337483316,21.075839337483316,21.06147003173828,21.06147003173828,4100,0.0,0.0,0.0
2024-02-23 00:00:00-05:00,21.05667779764686,21.075838088989258,21.05667779764686,21.075838088989258,2500,0.0,0.0,0.0
2024-02-26 00:00:00-05:00,21.051887238571407,21.056676397475574,21.037516107407242,21.047096252441406,4800,0.0,0.0,0.0
2024-02-27 00:00:00-05:00,21.037514474809495,21.05667476339091,21.037514474809495,21.0518856048584,1000,0.0,0.0,0.0
2024-02-28 00:00:00-05:00,21.052841357967413,21.059547275702652,21.03751276290449,21.056673049926758,8000,0.0,0.0,0.0
2024-02-29 00:00:00-05:00,21.085412979125977,21.085412979125977,21.075832835842625,21.085412979125977,2800,0.0,0.0,0.0
2024-03-01 00:00:00-05:00,21.031632762414052,21.060443878173828,21.02202905716079,21.060443878173828,2900,0.054,0.0,0.0
2024-03-04 00:00:00-05:00,21.00282981575496,21.060450232941385,21.00282981575496,21.04988670349121,4300,0.0,0.0,0.0
2024-03-05 00:00:00-05:00,21.060444651909624,21.060444651909624,21.046040009360265,21.058523178100586,2600,0.0,0.0,0.0
2024-03-06 00:00:00-05:00,21.070047583427087,21.084452225447237,21.060443878173828,21.060443878173828,4200,0.0,0.0,0.0
2024-03-07 00:00:00-05:00,21.118064675303355,21.127668380737305,21.118064675303355,21.127668380737305,6100,0.0,0.0,0.0
2024-03-08 00:00:00-05:00,21.118061269192594,21.143991086510116,21.074845517569806,21.108457565307617,3900,0.0,0.0,0.0
2024-03-11 00:00:00-04:00,21.137271676222035,21.14783520247865,21.127667970974347,21.146875381469727,9400,0.0,0.0,0.0
2024-03-12 00:00:00-04:00,21.09885386142264,21.108457565307617,21.09885386142264,21.108457565307617,1500,0.0,0.0,0.0
2024-03-13 00:00:00-04:00,21.1276680020047,21.1276680020047,21.07965130741521,21.092134475708008,7100,0.0,0.0,0.0
2024-03-14 00:00:00-04:00,21.074848520193974,21.074848520193974,21.05084017292057,21.060443878173828,4100,0.0,0.0,0.0
2024-03-15 00:00:00-04:00,21.050843624986516,21.050843624986516,21.022032504502086,21.043161392211914,2600,0.0,0.0,0.0
2024-03-18 00:00:00-04:00,21.07965411342697,21.07965411342697,21.050842993806402,21.05372428894043,800,0.0,0.0,0.0
2024-03-19 00:00:00-04:00,21.070047583427087,21.070047583427087,21.05084017292057,21.060443878173828,1500,0.0,0.0,0.0
2024-03-20 00:00:00-04:00,21.022031372168343,21.04123878479004,21.022031372168343,21.04123878479004,17300,0.0,0.0,0.0
2024-03-21 00:00:00-04:00,21.060443878173828,21.070047583427087,21.04219628867679,21.060443878173828,8900,0.0,0.0,0.0
2024-03-22 00:00:00-04:00,20.93560096387116,20.93560096387116,20.839567559079285,20.8885440826416,16300,0.0,0.0,0.0
2024-03-25 00:00:00-04:00,20.88758147225455,20.964409284860725,20.88758147225455,20.945201873779297,2900,0.0,0.0,0.0
2024-03-26 00:00:00-04:00,20.959613800048828,20.959613800048828,20.935603614091647,20.959613800048828,2700,0.0,0.0,0.0
2024-03-27 00:00:00-04:00,20.981694466117066,20.993219645038455,20.964408529454456,20.97881317138672,1300,0.0,0.0,0.0
2024-03-28 00:00:00-04:00,20.983616285217188,20.983616285217188,20.945201463806246,20.96440887451172,2600,0.0,0.0,0.0
2024-04-01 00:00:00-04:00,20.917264938354492,20.933621776299915,20.902833189941745,20.917264938354492,2200,0.041,0.0,0.0
2024-04-02 00:00:00-04:00,20.946130004090037,20.960561752319336,20.946130004090037,20.960561752319336,900,0.0,0.0,0.0
2024-04-03 00:00:00-04:00,20.97979858266184,21.01828384399414,20.97979858266184,21.01828384399414,1800,0.0,0.0,0.0
2024-04-04 00:00:00-04:00,21.013482982638322,21.04234831752332,21.013482982638322,21.031763076782227,1800,0.0,0.0,0.0
2024-04-05 00:00:00-04:00,20.994241396437907,21.032728513230065,20.984619617239865,21.013484954833984,4900,0.0,0.0,0.0
2024-04-08 00:00:00-04:00,21.037538528442383,21.051970279685708,21.037538528442383,21.037538528442383,1700,0.0,0.0,0.0
2024-04-09 00:00:00-04:00,21.0664005279541,21.0664005279541,21.058702004699715,21.0664005279541,1600,0.0,0.0,0.0
2024-04-10 00:00:00-04:00,20.99423705496527,20.99423705496527,20.946130004090037,20.960561752319336,800,0.0,0.0,0.0
2024-04-11 00:00:00-04:00,21.04715692559832,21.051966896850935,21.032725176674028,21.042346954345703,2800,0.0,0.0,0.0
2024-04-12 00:00:00-04:00,21.02310069670963,21.03272247314453,21.013478920274732,21.03272247314453,1700,0.0,0.0,0.0
2024-04-15 00:00:00-04:00,21.013480029697735,21.032723583583515,21.003858252754846,21.023101806640625,2800,0.0,0.0,0.0
2024-04-16 00:00:00-04:00,21.02310069670963,21.03272247314453,21.02310069670963,21.03272247314453,800,0.0,0.0,0.0
2024-04-17 00:00:00-04:00,21.051969255373052,21.1193217066205,21.051969255373052,21.095266342163086,6800,0.0,0.0,0.0
2024-04-18 00:00:00-04:00,21.095265618912343,21.109699204125267,21.08564567565918,21.08564567565918,800,0.0,0.0,0.0
2024-04-19 00:00:00-04:00,21.10488585055113,21.109697656991642,21.0904541015625,21.0904541015625,1900,0.0,0.0,0.0
2024-04-22 00:00:00-04:00,21.119318732698407,21.128938674926758,21.119318732698407,21.128938674926758,14100,0.0,0.0,0.0
2024-04-23 00:00:00-04:00,21.084592961542416,21.133764245727225,21.084592961542416,21.128944396972656,3600,0.045,0.0,0.0
2024-04-24 00:00:00-04:00,21.06144677863388,21.06144677863388,20.950571904058826,21.02770233154297,4100,0.0,0.0,0.0
2024-04-25 00:00:00-04:00,21.05855330194513,21.124114990234375,21.05855330194513,21.124114990234375,3000,0.0,0.0,0.0
2024-04-26 00:00:00-04:00,21.124118195616653,21.124118195616653,21.056629293863033,21.06627082824707,7300,0.0,0.0,0.0
2024-04-29 00:00:00-04:00,21.06627105395013,21.085554122924805,21.037346450488116,21.085554122924805,4100,0.0,0.0,0.0
2024-04-30 00:00:00-04:00,21.085559755626004,21.085559755626004,21.06627668150013,21.080738067626953,3000,0.0,0.0,0.0
2024-05-01 00:00:00-04:00,21.095192069217433,21.124116670280955,21.073981798464892,21.104833602905273,10600,0.0,0.0,0.0
2024-05-02 00:00:00-04:00,21.104840252058477,21.191612243652344,21.104840252058477,21.191612243652344,2900,0.0,0.0,0.0
2024-05-03 00:00:00-04:00,21.230173223921728,21.23981475830078,21.215710002885828,21.23981475830078,1500,0.0,0.0,0.0
2024-05-06 00:00:00-04:00,21.16269113705383,21.201255448053935,21.16269113705383,21.167510986328125,400,0.0,0.0,0.0
2024-05-07 00:00:00-04:00,21.124120545239467,21.144367218017578,21.124120545239467,21.144367218017578,1000,0.0,0.0,0.0
2024-05-08 00:00:00-04:00,21.046988478783277,21.133760452270508,21.046988478783277,21.133760452270508,5200,0.0,0.0,0.0
2024-05-09 00:00:00-04:00,21.177152523811962,21.201255448053935,21.167510986328125,21.167510986328125,900,0.0,0.0,0.0
2024-05-10 00:00:00-04:00,21.143400192260742,21.143400192260742,21.143400192260742,21.143400192260742,200,0.0,0.0,0.0
2024-05-13 00:00:00-04:00,21.16268326005103,21.16268326005103,21.1337586583656,21.143400192260742,6900,0.0,0.0,0.0
2024-05-14 00:00:00-04:00,21.104839636394683,21.128944396972656,21.0951980999505,21.128944396972656,1500,0.0,0.0,0.0
2024-05-15 00:00:00-04:00,21.167503583387546,21.186786651611328,21.167503583387546,21.186786651611328,400,0.0,0.0,0.0
2024-05-16 00:00:00-04:00,21.172329059638386,21.181970596313477,21.15304782522329,21.181970596313477,1600,0.0,0.0,0.0
2024-05-17 00:00:00-04:00,21.143400192260742,21.143400192260742,21.143400192260742,21.143400192260742,300,0.0,0.0,0.0
2024-05-20 00:00:00-04:00,21.10773407669117,21.119304656982422,21.095199894354046,21.119304656982422,1900,0.0,0.0,0.0
2024-05-21 00:00:00-04:00,21.114475136593114,21.114475136593114,21.095192069217433,21.104833602905273,6500,0.0,0.0,0.0
2024-05-22 00:00:00-04:00,21.085554122924805,21.085554122924805,21.085554122924805,21.085554122924805,100,0.0,0.0,0.0
2024-05-23 00:00:00-04:00,21.128938356592133,21.128938356592133,21.104833602905273,21.104833602905273,800,0.0,0.0,0.0
2024-05-24 00:00:00-04:00,21.090377807617188,21.090377807617188,21.090377807617188,21.090377807617188,100,0.0,0.0,0.0
2024-05-28 00:00:00-04:00,21.114482527879645,21.114482527879645,21.06627668150013,21.080738067626953,1100,0.0,0.0,0.0
2024-05-29 00:00:00-04:00,21.027707942124863,21.06627408562432,21.01806640625,21.01806640625,4400,0.0,0.0,0.0
2024-05-30 00:00:00-04:00,21.08748157412287,21.109657287597656,21.08555437056357,21.109657287597656,500,0.0,0.0,0.0
2024-05-31 00:00:00-04:00,21.114483449634644,21.18197237308626,21.104841912150807,21.167510986328125,31900,0.0,0.0,0.0
2024-06-03 00:00:00-04:00,21.131770864772545,21.180062124697535,21.131770864772545,21.16074562072754,600,0.038,0.0,0.0
2024-06-04 00:00:00-04:00,21.141429677480627,21.1704044342041,21.141429677480627,21.1704044342041,1100,0.0,0.0,0.0
2024-06-05 00:00:00-04:00,21.160745764875905,21.160745764875905,21.13177100872353,21.146259307861328,800,0.0,0.0,0.0
2024-06-06 00:00:00-04:00,21.136603042536123,21.136603042536123,21.131772994995117,21.131772994995117,500,0.0,0.0,0.0
2024-06-07 00:00:00-04:00,21.141431247953733,21.141431247953733,21.131772994995117,21.131772994995117,1500,0.0,0.0,0.0
2024-06-10 00:00:00-04:00,21.093138721588602,21.126941680908203,21.093138721588602,21.126941680908203,300,0.0,0.0,0.0
2024-06-11 00:00:00-04:00,21.137568315194965,21.137568315194965,21.131772994995117,21.131772994995117,600,0.0,0.0,0.0
2024-06-12 00:00:00-04:00,21.151089500912345,21.151089500912345,21.131772994995117,21.131772994995117,300,0.0,0.0,0.0
2024-06-13 00:00:00-04:00,21.103759777936226,21.117280960083008,21.093136255124172,21.117280960083008,2500,0.0,0.0,0.0
2024-06-14 00:00:00-04:00,21.093136255124172,21.141425665041844,21.093136255124172,21.117280960083008,2800,0.0,0.0,0.0
2024-06-17 00:00:00-04:00,21.07381516909873,21.08347341740542,21.05449867248535,21.05449867248535,1800,0.0,0.0,0.0
2024-06-18 00:00:00-04:00,21.054503253491706,21.139495120233967,21.054503253491706,21.117280960083008,1600,0.0,0.0,0.0
2024-06-20 00:00:00-04:00,21.06416758298617,21.07382583618164,21.054509329790694,21.07382583618164,1000,0.0,0.0,0.0
2024-06-21 00:00:00-04:00,21.112458331201285,21.151089500912345,21.054508813449598,21.131772994995117,12700,0.0,0.0,0.0
2024-06-24 00:00:00-04:00,21.141423176743594,21.18005617382904,21.054500775424028,21.094099044799805,6400,0.0,0.0,0.0
2024-06-25 00:00:00-04:00,21.083478785391392,21.097965240478516,21.073820534625654,21.097965240478516,300,0.0,0.0,0.0
2024-06-26 00:00:00-04:00,21.0351924994254,21.05450716170398,21.0351924994254,21.04871368408203,1100,0.0,0.0,0.0
2024-06-27 00:00:00-04:00,21.07382583618164,21.07382583618164,21.07382583618164,21.07382583618164,200,0.0,0.0,0.0
2024-06-28 00:00:00-04:00,21.093136076489618,21.093136076489618,21.083477826163296,21.091203689575195,700,0.0,0.0,0.0
2024-07-01 00:00:00-04:00,21.075729306282273,21.077664706625654,21.046709371104946,21.047677993774414,600,0.034,0.0,0.0
2024-07-02 00:00:00-04:00,21.019629435987227,21.067996005200143,21.019629435987227,21.043811798095703,2400,0.0,0.0,0.0
2024-07-03 00:00:00-04:00,21.11635971069336,21.11635971069336,21.097013083941537,21.11635971069336,1300,0.0,0.0,0.0
2024-07-05 00:00:00-04:00,21.126032029777093,21.14537865561837,21.116358716856457,21.140541076660156,6600,0.0,0.0,0.0
2024-07-08 00:00:00-04:00,21.116360469235588,21.126033782958984,21.116360469235588,21.126033782958984,800,0.0,0.0,0.0
2024-07-09 00:00:00-04:00,21.101848602294922,21.101848602294922,21.101848602294922,21.101848602294922,100,0.0,0.0,0.0
2024-07-10 00:00:00-04:00,21.087340917971854,21.106687545776367,21.087340917971854,21.106687545776367,1600,0.0,0.0,0.0
2024-07-11 00:00:00-04:00,21.174388123942517,21.21308135986328,21.174388123942517,21.21308135986328,1300,0.0,0.0,0.0
2024-07-12 00:00:00-04:00,21.18406867980957,21.18890625845208,21.17923294616273,21.18406867980957,1100,0.0,0.0,0.0
2024-07-15 00:00:00-04:00,21.232429799810586,21.232429799810586,21.16471663113868,21.178258895874023,2400,0.0,0.0,0.0
2024-07-16 00:00:00-04:00,21.127964438567734,21.15021324157715,21.127964438567734,21.15021324157715,300,0.0,0.0,0.0
2024-07-17 00:00:00-04:00,21.14537727564785,21.193741992098918,21.14537727564785,21.18406867980957,3100,0.0,0.0,0.0
2024-07-18 00:00:00-04:00,21.203415692492577,21.203415692492577,21.164722442626953,21.164722442626953,300,0.0,0.0,0.0
2024-07-19 00:00:00-04:00,21.14537636118542,21.174394451802865,21.14537636118542,21.15988540649414,1100,0.0,0.0,0.0
2024-07-22 00:00:00-04:00,21.126031487448344,21.14537811279297,21.126031487448344,21.14537811279297,1700,0.0,0.0,0.0
2024-07-23 00:00:00-04:00,21.145380326182547,21.17923600158161,21.145380326182547,21.17439842224121,600,0.0,0.0,0.0
2024-07-24 00:00:00-04:00,21.222764021353225,21.240175247192383,21.222764021353225,21.240175247192383,700,0.0,0.0,0.0
2024-07-25 00:00:00-04:00,21.365922959418654,21.365922959418654,21.324329376220703,21.324329376220703,300,0.0,0.0,0.0
2024-07-26 00:00:00-04:00,21.295307377998146,21.343673935752665,21.295307377998146,21.309818267822266,1100,0.0,0.0,0.0
2024-07-29 00:00:00-04:00,21.26919513974813,21.290475321838144,21.20341734783959,21.246946334838867,2900,0.0,0.0,0.0
2024-07-30 00:00:00-04:00,21.27112457456613,21.33303339819168,21.27112457456613,21.32916259765625,2300,0.0,0.0,0.0
2024-07-31 00:00:00-04:00,21.41622528002471,21.44524522047042,21.377533871092993,21.401716232299805,1600,0.0,0.0,0.0
2024-08-01 00:00:00-04:00,21.353277095422488,21.368777442819233,21.338743209838867,21.338743209838867,2200,0.035,0.0,0.0
2024-08-02 00:00:00-04:00,21.537352664070568,21.658457888472114,21.537352664070568,21.616798400878906,1600,0.0,0.0,0.0
2024-08-05 00:00:00-04:00,21.808628438893866,22.070216159987893,21.716589136102574,21.76018524169922,53600,0.0,0.0,0.0
2024-08-06 00:00:00-04:00,21.663302461895363,21.663302461895363,21.585795194593658,21.610015869140625,2800,0.0,0.0,0.0
2024-08-07 00:00:00-04:00,21.57610442518929,21.585793063635414,21.566415786743164,21.566415786743164,2200,0.0,0.0,0.0
2024-08-08 00:00:00-04:00,21.54219563660141,21.566416309344223,21.52766175462062,21.547039031982422,4800,0.0,0.0,0.0
2024-08-09 00:00:00-04:00,21.566416309344223,21.566416309344223,21.547039031982422,21.547039031982422,2400,0.0,0.0,0.0
2024-08-12 00:00:00-04:00,21.503443509093575,21.527664184570312,21.498600113165864,21.527664184570312,3800,0.0,0.0,0.0
2024-08-13 00:00:00-04:00,21.614858572764994,21.614858572764994,21.585794503406884,21.600326538085938,1800,0.0,0.0,0.0
2024-08-14 00:00:00-04:00,21.682682441287792,21.682682441287792,21.63133430480957,21.63133430480957,600,0.0,0.0,0.0
2024-08-15 00:00:00-04:00,21.508287261301906,21.508287261301906,21.469532704891552,21.47922134399414,1900,0.0,0.0,0.0
2024-08-16 00:00:00-04:00,21.537349350445062,21.585792541503906,21.527660712233295,21.585792541503906,2300,0.0,0.0,0.0
2024-08-19 00:00:00-04:00,21.58579621110187,21.692367553710938,21.58579621110187,21.692367553710938,3000,0.0,0.0,0.0
2024-08-20 00:00:00-04:00,21.672990907388275,21.702054977416992,21.672990907388275,21.702054977416992,3600,0.0,0.0,0.0
2024-08-21 00:00:00-04:00,21.67299466534674,21.711747381410834,21.663306024350884,21.68752670288086,1500,0.0,0.0,0.0
2024-08-22 00:00:00-04:00,21.614859310287827,21.643925228556657,21.614859310287827,21.615829467773438,1700,0.0,0.0,0.0
2024-08-23 00:00:00-04:00,21.716589136102574,21.76018524169922,21.716589136102574,21.76018524169922,4200,0.0,0.0,0.0
2024-08-26 00:00:00-04:00,21.71173858642578,21.73111586056815,21.692361312283417,21.71173858642578,3500,0.0,0.0,0.0
2024-08-27 00:00:00-04:00,21.653613382622833,21.77956199645996,21.653613382622833,21.77956199645996,13000,0.0,0.0,0.0
2024-08-28 00:00:00-04:00,21.672989469370187,21.672989469370187,21.66814422607422,21.66814422607422,600,0.0,0.0,0.0
2024-08-29 00:00:00-04:00,21.760185933007175,21.774719816586813,21.750499141179525,21.769874572753906,9500,0.0,0.0,0.0
2024-08-30 00:00:00-04:00,21.813473385728372,21.813473385728372,21.774720673136116,21.808629989624023,3700,0.0,0.0,0.0
2024-09-03 00:00:00-04:00,21.694142235910952,21.76205741008514,21.694142235910952,21.728099822998047,4400,0.032,0.0,0.0
2024-09-04 00:00:00-04:00,21.73295071082161,21.752355575561523,21.73295071082161,21.752355575561523,500,0.0,0.0,0.0
2024-09-05 00:00:00-04:00,21.800862713698535,21.854225158691406,21.800862713698535,21.854225158691406,1400,0.0,0.0,0.0
2024-09-06 00:00:00-04:00,21.859079110228286,21.859079110228286,21.849376678466797,21.849376678466797,400,0.0,0.0,0.0
2024-09-09 00:00:00-04:00,21.76205766075623,21.81056797128237,21.713545499680368,21.737802505493164,7800,0.0,0.0,0.0
2024-09-10 00:00:00-04:00,21.752351457353697,21.753321145242182,21.66503143310547,21.66503143310547,1600,0.0,0.0,0.0
2024-09-11 00:00:00-04:00,21.752354824180607,21.779520893658205,21.684439650486617,21.723247528076172,47200,0.0,0.0,0.0
2024-09-12 00:00:00-04:00,21.800862161915482,21.800862161915482,21.70384155589258,21.78727912902832,4300,0.0,0.0,0.0
2024-09-13 00:00:00-04:00,21.823179294251215,21.823179294251215,21.805715658103438,21.810565948486328,3700,0.0,0.0,0.0
2024-09-16 00:00:00-04:00,21.859074222673254,21.859074222673254,21.73294448852539,21.73294448852539,700,0.0,0.0,0.0
2024-09-17 00:00:00-04:00,21.791160388805086,21.791160388805086,21.78145980834961,21.78145980834961,400,0.0,0.0,0.0
2024-09-18 00:00:00-04:00,21.849376079367154,21.882363976341768,21.82512092590332,21.82512092590332,3200,0.0,0.0,0.0
2024-09-19 00:00:00-04:00,21.878485971088203,21.926998138427734,21.868785388170263,21.926998138427734,3000,0.0,0.0,0.0
2024-09-20 00:00:00-04:00,21.963864520084524,21.994911193847656,21.963864520084524,21.994911193847656,1600,0.0,0.0,0.0
2024-09-23 00:00:00-04:00,21.994910442955792,21.994910442955792,21.956100714164474,21.965803146362305,1100,0.0,0.0,0.0
2024-09-24 00:00:00-04:00,22.05312016267831,22.082227455281938,22.05312016267831,22.072525024414062,2800,0.0,0.0,0.0
2024-09-25 00:00:00-04:00,22.091932393616453,22.120068150942117,22.053122665739984,22.096782684326172,800,0.0,0.0,0.0
2024-09-26 00:00:00-04:00,22.188960800413383,22.295683879532874,22.188960800413383,22.25687599182129,5300,0.0,0.0,0.0
2024-09-27 00:00:00-04:00,22.23746465403314,22.246197397766817,22.19865492706074,22.22776222229004,1900,0.0,0.0,0.0
2024-09-30 00:00:00-04:00,22.16954868651497,22.16954868651497,22.121036529541016,22.121036529541016,5200,0.0,0.0,0.0
2024-10-01 00:00:00-04:00,22.055941317854888,22.055941317854888,21.987925847467725,22.021934509277344,4100,0.033,0.0,0.0
2024-10-02 00:00:00-04:00,22.04428286725217,22.046226907882847,21.997644424438477,21.997644424438477,1600,0.0,0.0,0.0
2024-10-03 00:00:00-04:00,21.92962670005516,22.007356805798533,21.910193710311336,21.94420051574707,1700,0.0,0.0,0.0
2024-10-04 00:00:00-04:00,21.82275199812071,21.842184992217636,21.74502187496533,21.78388786315918,4600,0.0,0.0,0.0
2024-10-07 00:00:00-04:00,21.871330198719562,21.9004796841545,21.803316585936667,21.83246421813965,4800,0.0,0.0,0.0
2024-10-08 00:00:00-04:00,21.929626626754423,21.929626626754423,21.832463531591998,21.866470336914062,1900,0.0,0.0,0.0
2024-10-09 00:00:00-04:00,21.803316577538695,21.851897200012925,21.79360008239746,21.79360008239746,800,0.0,0.0,0.0
2024-10-10 00:00:00-04:00,21.851891774094252,21.851891774094252,21.822742295908483,21.847034454345703,600,0.0,0.0,0.0
2024-10-11 00:00:00-04:00,21.919914708538045,21.919914708538045,21.87133407742971,21.910198211669922,1000,0.0,0.0,0.0
2024-10-14 00:00:00-04:00,21.939339038512713,21.939339038512713,21.793595349509054,21.81302833557129,3500,0.0,0.0,0.0
2024-10-15 00:00:00-04:00,21.75473304312312,21.75473304312312,21.696435928344727,21.696435928344727,2900,0.0,0.0,0.0
2024-10-16 00:00:00-04:00,21.735298783683486,21.745013423724014,21.667283330778584,21.701290130615234,1900,0.0,0.0,0.0
2024-10-17 00:00:00-04:00,21.696437608596085,21.735303590279514,21.696437608596085,21.720727920532227,1800,0.0,0.0,0.0
2024-10-18 00:00:00-04:00,21.74501471827735,21.813030175231436,21.74501471827735,21.7741641998291,400,0.0,0.0,0.0
2024-10-21 00:00:00-04:00,21.74501707407458,21.74501707407458,21.7255859375,21.7255859375,400,0.0,0.0,0.0
2024-10-22 00:00:00-04:00,21.813999428904935,21.822742975370854,21.77416236344682,21.81302833557129,1500,0.0,0.0,0.0
2024-10-23 00:00:00-04:00,21.754737161616944,21.78874397277832,21.754737161616944,21.78874397277832,400,0.0,0.0,0.0
2024-10-24 00:00:00-04:00,21.77416542218189,21.80817222595215,21.657571195892963,21.80817222595215,4500,0.0,0.0,0.0
2024-10-25 00:00:00-04:00,21.842180704871687,21.842180704871687,21.79360008239746,21.79360008239746,1100,0.0,0.0,0.0
2024-10-28 00:00:00-04:00,21.749876022338867,21.749876022338867,21.749876022338867,21.749876022338867,400,0.0,0.0,0.0
2024-10-29 00:00:00-04:00,21.749876022338867,21.764449837926474,21.749876022338867,21.749876022338867,600,0.0,0.0,0.0
2024-10-30 00:00:00-04:00,21.75472937738458,21.81302833557129,21.72655284485643,21.81302833557129,1400,0.0,0.0,0.0
2024-10-31 00:00:00-04:00,21.813033072679932,21.813033072679932,21.754734101832515,21.79360008239746,2800,0.0,0.0,0.0
2024-11-01 00:00:00-04:00,21.787757825608118,21.79359694369569,21.748834702463004,21.778026580810547,1400,0.034,0.0,0.0
2024-11-04 00:00:00-05:00,21.914262771606445,21.914262771606445,21.837387234763437,21.914262771606445,6700,0.0,0.0,0.0
2024-11-05 00:00:00-05:00,21.894799998572672,21.904531243519685,21.846145629882812,21.846145629882812,5700,0.0,0.0,0.0
2024-11-06 00:00:00-05:00,21.5366991207162,21.632062726141374,21.447174633676934,21.58340835571289,5000,0.0,0.0,0.0
2024-11-07 00:00:00-05:00,21.819869970844124,21.819869970844124,21.727424078154467,21.734235763549805,2900,0.0,0.0,0.0
2024-11-08 00:00:00-05:00,21.622333619545984,21.641796112060547,21.593141736819582,21.641796112060547,2200,0.0,0.0,0.0
2024-11-11 00:00:00-05:00,21.554219428802615,21.58341317120029,21.55032730102539,21.55032730102539,400,0.0,0.0,0.0
2024-11-12 00:00:00-05:00,21.51042084954833,21.515287399291992,21.46663118207989,21.515287399291992,3800,0.0,0.0,0.0
2024-11-13 00:00:00-05:00,21.583408981430775,21.583408981430775,21.398519027560987,21.510425567626953,1900,0.0,0.0,0.0
2024-11-14 00:00:00-05:00,21.47150230407715,21.47150230407715,21.47150230407715,21.47150230407715,100,0.0,0.0,0.0
2024-11-15 00:00:00-05:00,21.495833530093382,21.529891967773438,21.495833530093382,21.529891967773438,600,0.0,0.0,0.0
2024-11-18 00:00:00-05:00,21.486099243164062,21.486099243164062,21.456905505262988,21.486099243164062,4700,0.0,0.0,0.0
2024-11-19 00:00:00-05:00,21.486102282749698,21.529891967773438,21.486102282749698,21.529891967773438,1000,0.0,0.0,0.0
2024-11-20 00:00:00-05:00,21.515291118789495,21.515291118789495,21.447174258961624,21.49582862854004,1200,0.0,0.0,0.0
2024-11-21 00:00:00-05:00,21.466636751230013,21.515292981065137,21.456905505262988,21.486099243164062,1500,0.0,0.0,0.0
2024-11-22 00:00:00-05:00,21.466638610978,21.476369857788086,21.417984232973122,21.476369857788086,2400,0.0,0.0,0.0
2024-11-25 00:00:00-05:00,21.51529389255484,21.551297462508188,21.486100153416977,21.51918601989746,900,0.0,0.0,0.0
2024-11-26 00:00:00-05:00,21.481236409215903,21.481236409215903,21.476369857788086,21.476369857788086,600,0.0,0.0,0.0
2024-11-27 00:00:00-05:00,21.525023364014906,21.525023364014906,21.505560872861178,21.510425567626953,4400,0.0,0.0,0.0
2024-11-29 00:00:00-05:00,21.583411034387805,21.583411034387805,21.539621353149414,21.539621353149414,700,0.0,0.0,0.0
2024-12-02 00:00:00-05:00,21.31256442843016,21.46848609855613,21.31256442843016,21.435352325439453,4900,0.032,0.0,0.0
2024-12-03 00:00:00-05:00,21.407087338719233,21.439247131347656,21.407087338719233,21.439247131347656,1300,0.0,0.0,0.0
2024-12-04 00:00:00-05:00,21.51720428466797,21.51720428466797,21.51720428466797,21.51720428466797,300,0.0,0.0,0.0
2024-12-05 00:00:00-05:00,21.507460167643583,21.52695083618164,21.507460167643583,21.52695083618164,600,0.0,0.0,0.0
2024-12-06 00:00:00-05:00,21.536691822710704,21.536691822710704,21.507455825805664,21.507455825805664,600,0.0,0.0,0.0
2024-12-09 00:00:00-05:00,21.419751255904544,21.575672866638183,21.419751255904544,21.533769607543945,4400,0.0,0.0,0.0
2024-12-10 00:00:00-05:00,21.57567961072081,21.604915618896484,21.565934274662254,21.604915618896484,4800,0.0,0.0,0.0
2024-12-11 00:00:00-05:00,21.563981481950783,21.563981481950783,21.51720462286342,21.544490814208984,2300,0.0,0.0,0.0
2024-12-12 00:00:00-05:00,21.604910586474126,21.609782324002236,21.595165252685547,21.595165252685547,400,0.0,0.0,0.0
2024-12-13 00:00:00-05:00,21.63804471954511,21.64389043293231,21.58542028793355,21.590293884277344,4400,0.0,0.0,0.0
2024-12-16 00:00:00-05:00,21.546438198932755,21.59516300406978,21.487966202289723,21.5678768157959,31200,0.0,0.0,0.0
2024-12-17 00:00:00-05:00,21.682870866093555,21.682870866093555,21.6292724609375,21.6292724609375,2500,0.0,0.0,0.0
2024-12-18 00:00:00-05:00,21.522077560424805,21.522077560424805,21.522077560424805,21.522077560424805,100,0.0,0.0,0.0
2024-12-19 00:00:00-05:00,21.52694840036894,21.595163873800978,21.52694840036894,21.56105613708496,1200,0.0,0.0,0.0
2024-12-20 00:00:00-05:00,21.575674953978357,21.61465628979913,21.575674953978357,21.590293884277344,3700,0.0,0.0,0.0
2024-12-23 00:00:00-05:00,21.577626991393334,21.673128671786053,21.54644303475751,21.58542251586914,6600,0.0,0.0,0.0
2024-12-24 00:00:00-05:00,21.595165252685547,21.595165252685547,21.497713773532105,21.595165252685547,50100,0.0,0.0,0.0
2024-12-26 00:00:00-05:00,21.595165252685547,21.595165252685547,21.536695108686427,21.595165252685547,5800,0.0,0.0,0.0
2024-12-27 00:00:00-05:00,21.61178100202102,21.625459284275564,21.61178100202102,21.621549606323242,800,0.057,0.0,0.0
2024-12-30 00:00:00-05:00,21.582464506746703,21.630338483343074,21.523843577132382,21.54338264465332,9000,0.0,0.0,0.0
2024-12-31 00:00:00-05:00,21.52872425073736,21.538494714614473,21.494528558930188,21.523839950561523,1500,0.0,0.0,0.0
2025-01-02 00:00:00-05:00,21.507235057678972,21.514074197537948,21.470108032226562,21.470108032226562,2700,0.0,0.0,0.0
2025-01-03 00:00:00-05:00,21.426143037723495,21.440797805786133,21.426143037723495,21.440797805786133,1500,0.0,0.0,0.0
2025-01-06 00:00:00-05:00,21.474991870835325,21.49453280244738,21.435911871137023,21.465221405029297,1000,0.0,0.0,0.0
2025-01-07 00:00:00-05:00,21.45545140143887,21.470108032226562,21.45545140143887,21.470108032226562,900,0.0,0.0,0.0
2025-01-08 00:00:00-05:00,21.387061778928643,21.426143646240234,21.387061778928643,21.426143646240234,300,0.0,0.0,0.0
2025-01-10 00:00:00-05:00,21.387056072906354,21.387056072906354,21.36263084411621,21.36263084411621,400,0.0,0.0,0.0
2025-01-13 00:00:00-05:00,21.36751700798954,21.36751700798954,21.357746543768386,21.36263084411621,2800,0.0,0.0,0.0
2025-01-14 00:00:00-05:00,21.377287649338296,21.406599044799805,21.367519047710143,21.406599044799805,1900,0.0,0.0,0.0
2025-01-15 00:00:00-05:00,21.445683089726653,21.445683089726653,21.396830758981707,21.431026458740234,1400,0.0,0.0,0.0
2025-01-16 00:00:00-05:00,21.416369972916733,21.426140438281777,21.41148567199707,21.41148567199707,300,0.0,0.0,0.0
2025-01-17 00:00:00-05:00,21.421253534794197,21.42418486065515,21.3772873739312,21.382173538208008,3000,0.0,0.0,0.0
2025-01-21 00:00:00-05:00,21.553158195050504,21.689942881122175,21.553158195050504,21.621549606323242,13500,0.0,0.0,0.0
2025-01-22 00:00:00-05:00,21.584411956924267,21.630332946777344,21.58245898243494,21.630332946777344,700,0.0,0.0,0.0
2025-01-23 00:00:00-05:00,21.611775338759635,21.611775338759635,21.514072549604183,21.55803871154785,2600,0.0,0.0,0.0
2025-01-24 00:00:00-05:00,21.57269618287243,21.729019919713643,21.57269618287243,21.69482421875,1900,0.0,0.0,0.0
2025-01-27 00:00:00-05:00,21.689941972247034,21.689941972247034,21.67528533935547,21.67528533935547,6600,0.0,0.0,0.0
2025-01-28 00:00:00-05:00,21.59613998296904,21.597116470336914,21.594185144707772,21.597116470336914,1600,0.0,0.0,0.0
2025-01-29 00:00:00-05:00,21.599071771842166,21.631312627403208,21.54338031074502,21.60200309753418,11500,0.0,0.0,0.0
2025-01-30 00:00:00-05:00,21.62154258260177,21.62154258260177,21.606887817382812,21.606887817382812,600,0.0,0.0,0.0
2025-01-31 00:00:00-05:00,21.553152823188118,21.582464219367864,21.47499096356786,21.475969314575195,3100,0.0,0.0,0.0
2025-02-03 00:00:00-05:00,21.426072096828428,21.489665985107422,21.347803413589897,21.489665985107422,2800,0.03,0.0,0.0
2025-02-04 00:00:00-05:00,21.59239543851503,21.59239543851503,21.543478206382552,21.577720642089844,700,0.0,0.0,0.0
2025-02-05 00:00:00-05:00,21.621746063232422,21.621746063232422,21.621746063232422,21.621746063232422,300,0.0,0.0,0.0
2025-02-06 00:00:00-05:00,21.61196464419927,21.61685562133789,21.61196464419927,21.61685562133789,300,0.0,0.0,0.0
2025-02-07 00:00:00-05:00,21.65109472502009,21.65109472502009,21.55326026873183,21.558151245117188,2200,0.0,0.0,0.0
2025-02-10 00:00:00-05:00,21.563041631856752,21.563041631856752,21.406502414263283,21.509231567382812,2600,0.0,0.0,0.0
2025-02-11 00:00:00-05:00,21.523908158144927,21.531734466552734,21.40650420166493,21.531734466552734,33400,0.0,0.0,0.0
2025-02-12 00:00:00-05:00,21.494556279918584,21.515101738639583,21.474990509283735,21.514123916625977,2600,0.0,0.0,0.0
2025-02-13 00:00:00-05:00,21.59239616874979,21.66088104248047,21.59239616874979,21.66088104248047,1300,0.0,0.0,0.0
2025-02-14 00:00:00-05:00,21.69316665568148,21.709798962122292,21.690231323242188,21.690231323242188,1800,0.0,0.0,0.0
2025-02-18 00:00:00-05:00,21.545434343654037,21.57282829284668,21.46521000647823,21.57282829284668,2100,0.0,0.0,0.0
2025-02-19 00:00:00-05:00,21.533689700650683,21.56793212890625,21.528796858858524,21.56793212890625,1900,0.0,0.0,0.0
2025-02-20 00:00:00-05:00,21.709798081885943,21.709798081885943,21.631529395611732,21.68044662475586,3200,0.0,0.0,0.0
2025-02-21 00:00:00-05:00,21.631529199355413,21.646203994750977,21.631529199355413,21.646203994750977,600,0.0,0.0,0.0
2025-02-24 00:00:00-05:00,21.592391675277977,21.631526947021484,21.592391675277977,21.631526947021484,200,0.0,0.0,0.0
2025-02-25 00:00:00-05:00,21.592394903382953,21.592394903382953,21.582611083984375,21.582611083984375,700,0.0,0.0,0.0
2025-02-26 00:00:00-05:00,21.533690233749287,21.56304168701172,21.533690233749287,21.56304168701172,400,0.0,0.0,0.0
2025-02-27 00:00:00-05:00,21.46031578151387,21.4632511138916,21.46031578151387,21.4632511138916,1400,0.0,0.0,0.0
2025-02-28 00:00:00-05:00,21.465209769771644,21.48966838612781,21.465209769771644,21.48477554321289,1200,0.0,0.0,0.0
2025-03-03 00:00:00-05:00,21.45734115822514,21.52395951587032,21.45734115822514,21.494569778442383,2900,0.03,0.0,0.0
2025-03-04 00:00:00-05:00,21.55335296757516,21.6268310546875,21.538658097602845,21.6268310546875,5100,0.0,0.0,0.0
2025-03-05 00:00:00-05:00,21.651322662691793,21.666017532348633,21.651322662691793,21.666017532348633,1300,0.0,0.0,0.0
2025-03-06 00:00:00-05:00,21.68855128529774,21.68855128529774,21.666017532348633,21.666017532348633,300,0.0,0.0,0.0
2025-03-07 00:00:00-05:00,21.71010381784691,21.71010381784691,21.641525268554688,21.641525268554688,400,0.0,0.0,0.0
2025-03-10 00:00:00-04:00,21.572949705465437,21.587644577026367,21.563152501549624,21.587644577026367,500,0.0,0.0,0.0
2025-03-11 00:00:00-04:00,21.6219305483121,21.63662541762475,21.56314920243622,21.619972229003906,13500,0.0,0.0,0.0
2025-03-12 00:00:00-04:00,21.641528452823852,21.700309808205336,21.563152689440006,21.612136840820312,5900,0.0,0.0,0.0
2025-03-13 00:00:00-04:00,21.58274709744237,21.641528452823852,21.58274709744237,21.612136840820312,400,0.0,0.0,0.0
2025-03-14 00:00:00-04:00,21.6513247833081,21.6513247833081,21.646425247192383,21.646425247192383,400,0.0,0.0,0.0
2025-03-17 00:00:00-04:00,21.631729080029398,21.83746660617578,21.631729080029398,21.71990203857422,9100,0.0,0.0,0.0
2025-03-18 00:00:00-04:00,21.641523150509332,21.661117553710938,21.61213154570693,21.661117553710938,1700,0.0,0.0,0.0
2025-03-19 00:00:00-04:00,21.6219302088139,21.656219482421875,21.612133006550867,21.656219482421875,900,0.0,0.0,0.0
2025-03-20 00:00:00-04:00,21.58274269104004,21.58274269104004,21.484772539655737,21.58274269104004,4100,0.0,0.0,0.0
2025-03-21 00:00:00-04:00,21.56315184504895,21.64152760536368,21.56315184504895,21.602338790893555,1700,0.0,0.0,0.0
2025-03-24 00:00:00-04:00,21.563146627184572,21.576862335205078,21.51416062095058,21.576862335205078,800,0.0,0.0,0.0
2025-03-25 00:00:00-04:00,21.59352327310097,21.59352327310097,21.563152501549624,21.587644577026367,900,0.0,0.0,0.0
2025-03-26 00:00:00-04:00,21.53376007080078,21.53376007080078,21.53376007080078,21.53376007080078,200,0.0,0.0,0.0
2025-03-27 00:00:00-04:00,21.533756681035282,21.61213242841768,21.533756681035282,21.58274269104004,2300,0.0,0.0,0.0
2025-03-28 00:00:00-04:00,21.602338790893555,21.602338790893555,21.602338790893555,21.602338790893555,300,0.0,0.0,0.0
2025-03-31 00:00:00-04:00,21.612135994511085,21.62977021357243,21.572949048666484,21.602338790893555,3300,0.0,0.0,0.0
2025-04-01 00:00:00-04:00,21.614113098909268,21.614113098909268,21.55524444580078,21.55524444580078,500,0.032,0.0,0.0
2025-04-02 00:00:00-04:00,21.565052944930997,21.579771041870117,21.557204540790796,21.579771041870117,800,0.0,0.0,0.0
2025-04-03 00:00:00-04:00,21.565056638781606,21.599395751953125,21.53562418254391,21.599395751953125,2500,0.0,0.0,0.0
2025-04-04 00:00:00-04:00,21.6042987478554,21.6042987478554,21.486563328831934,21.56995964050293,5300,0.0,0.0,0.0
2025-04-07 00:00:00-04:00,21.349210374380394,21.511094496628516,21.349210374380394,21.42770004272461,3100,0.0,0.0,0.0
2025-04-08 00:00:00-04:00,21.437512345854508,21.437512345854508,21.2118547742229,21.241287231445312,800,0.0,0.0,0.0
2025-04-09 00:00:00-04:00,21.329587401956832,21.391397804998434,20.934195441985477,21.36098289489746,11700,0.0,0.0,0.0
2025-04-10 00:00:00-04:00,21.42769671222086,21.53071403503418,21.41788527128516,21.53071403503418,4200,0.0,0.0,0.0
2025-04-11 00:00:00-04:00,21.604302326624687,21.65335766772827,21.466944003120297,21.6190185546875,15000,0.0,0.0,0.0
2025-04-14 00:00:00-04:00,21.49637822740179,21.555245010711783,21.393360888773977,21.437511444091797,29300,0.0,0.0,0.0
2025-04-15 00:00:00-04:00,21.496376037597656,21.496376037597656,21.4718483696622,21.496376037597656,700,0.0,0.0,0.0
2025-04-16 00:00:00-04:00,21.530713837641375,21.579771041870117,21.48656328950601,21.579771041870117,9500,0.0,0.0,0.0
2025-04-17 00:00:00-04:00,21.643545191409974,21.643545191409974,21.6043012946699,21.63373374938965,2700,0.0,0.0,0.0
2025-04-21 00:00:00-04:00,21.653354080832926,21.653354080832926,21.53562053315046,21.56995964050293,6900,0.0,0.0,0.0
2025-04-22 00:00:00-04:00,21.525813936979826,21.548378571837944,21.48656816469218,21.545434951782227,8600,0.0,0.0,0.0
2025-04-23 00:00:00-04:00,21.63373283383803,21.63373283383803,21.628828048706055,21.628828048706055,300,0.0,0.0,0.0
2025-04-24 00:00:00-04:00,21.643542600355985,21.643542600355985,21.579771041870117,21.579771041870117,500,0.0,0.0,0.0
2025-04-25 00:00:00-04:00,21.702416921500006,21.702416921500006,21.516003239357985,21.58958625793457,6100,0.0,0.0,0.0
2025-04-28 00:00:00-04:00,21.53562442418185,21.58467976602264,21.53562442418185,21.55034065246582,2100,0.0,0.0,0.0
2025-04-29 00:00:00-04:00,21.668072738803147,21.741657617870697,21.66316795349121,21.66316795349121,700,0.0,0.0,0.0
2025-04-30 00:00:00-04:00,21.584679200960366,21.668073654174805,21.584679200960366,21.668073654174805,300,0.0,0.0,0.0
2025-05-01 00:00:00-04:00,21.57865387391383,21.63761329650879,21.568829177708007,21.63761329650879,900,0.034,0.0,0.0
2025-05-02 00:00:00-04:00,21.794831766607423,21.794831766607423,21.735874226106606,21.76436996459961,1500,0.0,0.0,0.0
2025-05-05 00:00:00-04:00,21.81448942050312,21.853793830897633,21.802696785425997,21.82431411743164,2600,0.0,0.0,0.0
2025-05-06 00:00:00-04:00,21.853790846896434,21.853790846896434,21.785006732427977,21.809572219848633,4200,0.0,0.0,0.0
2025-05-07 00:00:00-04:00,21.799745559692383,21.799745559692383,21.799745559692383,21.799745559692383,500,0.0,0.0,0.0
2025-05-08 00:00:00-04:00,21.68674240107933,21.853790335548272,21.68674240107933,21.750614166259766,1300,0.0,0.0,0.0
2025-05-09 00:00:00-04:00,21.706395868153177,21.843964095949357,21.706395868153177,21.789918899536133,700,0.0,0.0,0.0
2025-05-12 00:00:00-04:00,21.86361667132631,21.873443240804868,21.794832559202867,21.834136962890625,3000,0.0,0.0,0.0
2025-05-13 00:00:00-04:00,21.863616852763233,21.863616852763233,21.853790283203125,21.853790283203125,300,0.0,0.0,0.0
2025-05-14 00:00:00-04:00,21.794833572720815,21.857721371236273,21.794833572720815,21.839052200317383,1200,0.0,0.0,0.0
2025-05-15 00:00:00-04:00,21.814488963630804,21.991361618041992,21.814488963630804,21.991361618041992,900,0.0,0.0,0.0
2025-05-16 00:00:00-04:00,21.80465939998093,21.863616943359375,21.80465939998093,21.863616943359375,800,0.0,0.0,0.0
2025-05-19 00:00:00-04:00,21.785005841691394,21.814485549926758,21.785005841691394,21.814485549926758,500,0.0,0.0,0.0
2025-05-20 00:00:00-04:00,21.83413705352752,21.86361676208558,21.83413705352752,21.843963623046875,600,0.0,0.0,0.0
2025-05-21 00:00:00-04:00,21.902925726506176,21.952056705902244,21.842984207354384,21.932403564453125,8900,0.0,0.0,0.0
2025-05-22 00:00:00-04:00,21.952057096317002,21.952057096317002,21.843966690651204,21.868532180786133,2000,0.0,0.0,0.0
2025-05-23 00:00:00-04:00,21.971709847351363,21.971709847351363,21.91176832819957,21.932403564453125,2000,0.0,0.0,0.0
2025-05-27 00:00:00-04:00,21.95697021484375,21.95697021484375,21.95697021484375,21.95697021484375,100,0.0,0.0,0.0
2025-05-28 00:00:00-04:00,21.94222640991211,21.94222640991211,21.94222640991211,21.94222640991211,200,0.0,0.0,0.0
2025-05-29 00:00:00-04:00,21.961884526471522,21.966796875,21.922578241336378,21.966796875,300,0.0,0.0,0.0
2025-05-30 00:00:00-04:00,21.952056380423233,21.96090085621222,21.883272260597895,21.893098831176758,6600,0.0,0.0,0.0
2025-06-02 00:00:00-04:00,21.808463314688264,21.897035744270596,21.808463314688264,21.872432708740234,300,0.034,0.0,0.0
2025-06-03 00:00:00-04:00,21.847827624958637,21.89703369140625,21.847827624958637,21.89703369140625,1100,0.0,0.0,0.0
2025-06-04 00:00:00-04:00,21.890144810707596,21.95608139038086,21.890144810707596,21.95608139038086,3600,0.0,0.0,0.0
2025-06-05 00:00:00-04:00,22.01513191472932,22.01513191472932,21.93640107845379,21.985607147216797,1400,0.0,0.0,0.0
2025-06-06 00:00:00-04:00,21.839955932311334,21.89211654663086,21.839955932311334,21.89211654663086,300,0.0,0.0,0.0
2025-06-09 00:00:00-04:00,21.875384754023006,21.94624119400982,21.875384754023006,21.91179656982422,1000,0.0,0.0,0.0
2025-06-10 00:00:00-04:00,21.906875137001272,21.9216365814209,21.906875137001272,21.9216365814209,900,0.0,0.0,0.0
2025-06-11 00:00:00-04:00,21.995451714790434,21.995451714790434,21.8625930586305,21.931482315063477,2800,0.0,0.0,0.0
2025-06-12 00:00:00-04:00,21.90687499420942,21.946239471435547,21.89703340563012,21.946239471435547,1600,0.0,0.0,0.0
2025-06-13 00:00:00-04:00,21.86751291533652,21.995451714790434,21.86751291533652,21.931482315063477,2000,0.0,0.0,0.0
2025-06-16 00:00:00-04:00,21.9462426585165,21.95608424852502,21.92656135559082,21.92656135559082,600,0.0,0.0,0.0
2025-06-17 00:00:00-04:00,21.92656135559082,21.92656135559082,21.92656135559082,21.92656135559082,100,0.0,0.0,0.0
2025-06-18 00:00:00-04:00,21.89703354835782,21.9216365814209,21.887191959714368,21.9216365814209,1300,0.0,0.0,0.0
2025-06-20 00:00:00-04:00,21.965923783342816,21.975765372430534,21.926559304083142,21.951162338256836,700,0.0,0.0,0.0
2025-06-23 00:00:00-04:00,21.975766032293453,21.98560762167668,21.956082853527,21.97084617614746,1500,0.0,0.0,0.0
2025-06-24 00:00:00-04:00,21.936399735950566,22.005288978839243,21.936399735950566,21.967891693115234,3300,0.0,0.0,0.0
2025-06-25 00:00:00-04:00,21.975760610766002,22.005285371631782,21.975760610766002,21.980680465698242,400,0.0,0.0,0.0
2025-06-26 00:00:00-04:00,22.0151322447989,22.0151322447989,21.97576588752532,21.99544906616211,700,0.0,0.0,0.0
2025-06-27 00:00:00-04:00,21.946241264143772,21.97084617614746,21.946241264143772,21.97084617614746,700,0.0,0.0,0.0
2025-06-30 00:00:00-04:00,21.965923352025122,22.04563778185182,21.965923352025122,22.02497100830078,5100,0.0,0.0,0.0
2025-07-01 00:00:00-04:00,22.026942386335264,22.046653747558594,21.9875196638886,22.046653747558594,1000,0.032,0.0,0.0
2025-07-02 00:00:00-04:00,22.08607459022639,22.08607459022639,22.043696855397208,22.046653747558594,500,0.0,0.0,0.0
2025-07-03 00:00:00-04:00,22.062421798706055,22.062421798706055,22.062421798706055,22.062421798706055,200,0.0,0.0,0.0
2025-07-07 00:00:00-04:00,22.02694424821941,22.068336982419915,21.957956357885244,22.00230598449707,4100,0.0,0.0,0.0
2025-07-08 00:00:00-04:00,21.938240755952165,22.012155532836914,21.938240755952165,22.012155532836914,1800,0.0,0.0,0.0
2025-07-09 00:00:00-04:00,21.977666704974812,22.026945114135742,21.977666704974812,22.026945114135742,500,0.0,0.0,0.0
2025-07-10 00:00:00-04:00,21.992450714111328,21.992450714111328,21.992450714111328,21.992450714111328,100,0.0,0.0,0.0
2025-07-11 00:00:00-04:00,22.07621864233453,22.07621864233453,22.007230758666992,22.007230758666992,1000,0.0,0.0,0.0
2025-07-14 00:00:00-04:00,21.997378068639183,22.026945114135742,21.957957221089544,22.026945114135742,1100,0.0,0.0,0.0
2025-07-15 00:00:00-04:00,22.03581350051132,22.036800384521484,21.997377657928798,22.036800384521484,1500,0.0,0.0,0.0
2025-07-16 00:00:00-04:00,22.031869020008422,22.031869020008422,22.007230758666992,22.007230758666992,300,0.0,0.0,0.0
2025-07-17 00:00:00-04:00,22.007228632956064,22.012155532836914,22.007228632956064,22.012155532836914,200,0.0,0.0,0.0
2025-07-18 00:00:00-04:00,21.99737507817465,22.007230758666992,21.989491285692317,22.007230758666992,2000,0.0,0.0,0.0
2025-07-21 00:00:00-04:00,22.02694361756393,22.036799298726493,22.017087936401367,22.017087936401367,900,0.0,0.0,0.0
2025-07-22 00:00:00-04:00,21.979638140015783,22.03680034155209,21.979638140015783,21.992450714111328,1300,0.0,0.0,0.0
2025-07-23 00:00:00-04:00,22.00526099712937,22.036799929664156,22.00230598449707,22.00230598449707,2600,0.0,0.0,0.0
2025-07-24 00:00:00-04:00,22.026939992036798,22.026939992036798,22.012155532836914,22.012155532836914,800,0.0,0.0,0.0
2025-07-25 00:00:00-04:00,22.027928621746494,22.027928621746494,22.0141310440747,22.017087936401367,700,0.0,0.0,0.0
2025-07-28 00:00:00-04:00,21.928391174591994,21.957958221435547,21.90572291736735,21.957958221435547,900,0.0,0.0,0.0
2025-07-29 00:00:00-04:00,21.95795676829952,21.992450714111328,21.95795676829952,21.992450714111328,200,0.0,0.0,0.0
2025-07-30 00:00:00-04:00,21.95795687448351,21.95795687448351,21.898822784423828,21.898822784423828,500,0.0,0.0,0.0
2025-07-31 00:00:00-04:00,21.89882191811247,21.89882191811247,21.790413183516485,21.874183654785156,6400,0.0,0.0,0.0
2025-08-01 00:00:00-04:00,21.921560803250856,21.951171875,21.882081256830144,21.951171875,1800,0.033,0.0,0.0
2025-08-04 00:00:00-04:00,21.970915255132024,21.995590209960938,21.93143382134306,21.995590209960938,1300,0.0,0.0,0.0
2025-08-05 00:00:00-04:00,22.05974259973491,22.05974259973491,21.98078162904888,21.985715866088867,2100,0.0,0.0,0.0
2025-08-06 00:00:00-04:00,22.02025812038363,22.02025812038363,21.961037871223457,21.9630126953125,900,0.0,0.0,0.0
2025-08-07 00:00:00-04:00,21.97091258949943,22.020262493169856,21.901821971329575,21.951171875,1900,0.0,0.0,0.0
2025-08-08 00:00:00-04:00,21.95117014035644,21.961040496826172,21.921559070947243,21.961040496826172,1100,0.0,0.0,0.0
2025-08-11 00:00:00-04:00,21.941301934521587,21.975847244262695,21.941301934521587,21.975847244262695,600,0.0,0.0,0.0
2025-08-12 00:00:00-04:00,21.873197468508362,21.95610809326172,21.873197468508362,21.95610809326172,300,0.0,0.0,0.0
2025-08-13 00:00:00-04:00,21.961040496826172,21.961040496826172,21.961040496826172,21.961040496826172,100,0.0,0.0,0.0
2025-08-14 00:00:00-04:00,22.01039223451108,22.01039223451108,21.95610809326172,21.95610809326172,400,0.0,0.0,0.0
2025-08-15 00:00:00-04:00,21.882082645897363,21.92156219482422,21.882082645897363,21.92156219482422,300,0.0,0.0,0.0
2025-08-18 00:00:00-04:00,21.921559276571262,21.921559276571262,21.86233901977539,21.86233901977539,5500,0.0,0.0,0.0
2025-08-19 00:00:00-04:00,21.901823043823242,21.901823043823242,21.901823043823242,21.901823043823242,200,0.0,0.0,0.0
2025-08-20 00:00:00-04:00,21.901823043823242,21.901823043823242,21.901823043823242,21.901823043823242,100,0.0,0.0,0.0
2025-08-21 00:00:00-04:00,21.941300755272145,21.941300755272145,21.904782505553204,21.906755447387695,700,0.0,0.0,0.0
2025-08-22 00:00:00-04:00,21.95117162933192,21.960055515530684,21.93636703491211,21.93636703491211,700,0.0,0.0,0.0
2025-08-25 00:00:00-04:00,21.961044896684783,21.995590209960938,21.961044896684783,21.995590209960938,600,0.0,0.0,0.0
2025-08-26 00:00:00-04:00,21.985715866088867,21.985715866088867,21.985715866088867,21.985715866088867,200,0.0,0.0,0.0
2025-08-27 00:00:00-04:00,21.99065399169922,21.99065399169922,21.99065399169922,21.99065399169922,100,0.0,0.0,0.0
2025-08-28 00:00:00-04:00,22.030129593616245,22.237403300061846,22.030129593616245,22.09428596496582,11500,0.0,0.0,0.0
2025-08-29 00:00:00-04:00,22.04987052631324,22.217662811279297,22.04987052631324,22.217662811279297,700,0.0,0.0,0.0
2025-09-02 00:00:00-04:00,22.079299926757812,22.079299926757812,21.990350045429732,22.079299926757812,600,0.03,0.0,0.0
2025-09-03 00:00:00-04:00,22.069416747854802,22.089183807373047,22.049649688336554,22.089183807373047,4200,0.0,0.0,0.0
2025-09-04 00:00:00-04:00,22.03976624614234,22.064476013183594,22.03976624614234,22.064476013183594,1900,0.0,0.0,0.0
2025-09-05 00:00:00-04:00,22.069415372435802,22.173189600803312,22.069415372435802,22.15836524963379,1800,0.0,0.0,0.0
2025-09-08 00:00:00-04:00,22.089178275707077,22.14847755432129,22.06941122113898,22.14847755432129,2400,0.0,0.0,0.0
2025-09-09 00:00:00-04:00,22.2374298680281,22.2374298680281,22.049646599095027,22.217662811279297,17900,0.0,0.0,0.0
2025-09-10 00:00:00-04:00,22.13859748840332,22.165282827733492,22.06941467168834,22.13859748840332,1700,0.0,0.0,0.0
2025-09-11 00:00:00-04:00,22.235449955294804,22.235449955294804,22.14847755432129,22.14847755432129,300,0.0,0.0,0.0
2025-09-12 00:00:00-04:00,22.197897654055417,22.197897654055417,22.108949661254883,22.108949661254883,800,0.0,0.0,0.0
2025-09-15 00:00:00-04:00,22.227548068545463,22.227548068545463,22.15836524963379,22.15836524963379,300,0.0,0.0,0.0
2025-09-16 00:00:00-04:00,22.15342173239363,22.16330337524414,22.118828442056024,22.16330337524414,600,0.0,0.0,0.0
2025-09-17 00:00:00-04:00,22.21766906509636,22.21766906509636,22.13860270093587,22.178136825561523,1500,0.0,0.0,0.0
2025-09-18 00:00:00-04:00,22.104006781891638,22.226560281158278,22.099065959865275,22.15836524963379,900,0.0,0.0,0.0
2025-09-19 00:00:00-04:00,22.08918234496341,22.183073043823242,22.08918234496341,22.183073043823242,300,0.0,0.0,0.0
2025-09-22 00:00:00-04:00,22.16824983225381,22.23743265445318,22.138599243415282,22.188016891479492,700,0.0,0.0,0.0
2025-09-23 00:00:00-04:00,22.197897394935207,22.22754798224957,22.183073043823242,22.183073043823242,1300,0.0,0.0,0.0
2025-09-24 00:00:00-04:00,22.138596246949138,22.138596246949138,22.039762849288373,22.049646377563477,2100,0.0,0.0,0.0
2025-09-25 00:00:00-04:00,22.05459213256836,22.05459213256836,22.05459213256836,22.05459213256836,100,0.0,0.0,0.0
2025-09-26 00:00:00-04:00,22.089183807373047,22.148483100837236,22.020000984149736,22.089183807373047,1000,0.0,0.0,0.0
2025-09-29 00:00:00-04:00,22.15836671863247,22.15836671863247,22.064476013183594,22.064476013183594,1500,0.0,0.0,0.0
2025-09-30 00:00:00-04:00,22.10894999024473,22.197897984368844,22.10894999024473,22.118831634521484,500,0.0,0.0,0.0
2025-10-01 00:00:00-04:00,22.17920309016197,22.17920309016197,22.119821548461914,22.119821548461914,1700,0.031,0.0,0.0
2025-10-02 00:00:00-04:00,22.093097287122518,22.108933244471466,22.093097287122518,22.10497283935547,600,0.0,0.0,0.0
2025-10-03 00:00:00-04:00,22.15940670109277,22.169303938472734,22.04163278536971,22.10497283935547,4400,0.0,0.0,0.0
2025-10-06 00:00:00-04:00,22.119819680319743,22.129716917718074,22.065385818481445,22.065385818481445,600,0.0,0.0,0.0
2025-10-07 00:00:00-04:00,22.109922409057617,22.109922409057617,22.109922409057617,22.109922409057617,200,0.0,0.0,0.0
2025-10-08 00:00:00-04:00,22.11981970895619,22.15940677089574,22.030746459960938,22.030746459960938,1400,0.0,0.0,0.0
2025-10-09 00:00:00-04:00,22.11982344878173,22.12972068786621,22.070337253359334,22.12972068786621,1900,0.0,0.0,0.0
2025-10-10 00:00:00-04:00,22.070335350571987,22.114871978759766,22.070335350571987,22.114871978759766,1800,0.0,0.0,0.0
2025-10-13 00:00:00-04:00,22.13961605024934,22.13961605024934,22.09507942199707,22.09507942199707,300,0.0,0.0,0.0
2025-10-14 00:00:00-04:00,22.086171341264546,22.11982157375829,22.07132642774885,22.09507942199707,1800,0.0,0.0,0.0
2025-10-15 00:00:00-04:00,22.070335338256825,22.134666442871094,22.070335338256825,22.134666442871094,800,0.0,0.0,0.0
2025-10-16 00:00:00-04:00,22.121797966627167,22.121797966627167,22.100025177001953,22.100025177001953,500,0.0,0.0,0.0
2025-10-17 00:00:00-04:00,22.1693058013916,22.1693058013916,22.1693058013916,22.1693058013916,100,0.0,0.0,0.0
2025-10-20 00:00:00-04:00,22.24848569314053,22.24848569314053,22.10003086952823,22.124773025512695,2500,0.0,0.0,0.0
2025-10-21 00:00:00-04:00,22.208894716722895,22.213842391967773,22.208894716722895,22.213842391967773,300,0.0,0.0,0.0
2025-10-22 00:00:00-04:00,22.136648566454813,22.136648566454813,22.12972068786621,22.12972068786621,300,0.0,0.0,0.0
2025-10-23 00:00:00-04:00,22.134666442871094,22.141594320858545,22.134666442871094,22.134666442871094,1100,0.0,0.0,0.0
2025-10-24 00:00:00-04:00,22.08023185103317,22.208894056034485,22.070334613132673,22.084190368652344,1400,0.0,0.0,0.0
2025-10-27 00:00:00-04:00,22.268276296392862,22.268276296392862,22.159408563767062,22.184152603149414,4000,0.0,0.0,0.0
2025-10-28 00:00:00-04:00,22.199001261309583,22.238588333129883,22.199001261309583,22.238588333129883,400,0.0,0.0,0.0
2025-10-29 00:00:00-04:00,22.26827432499286,22.26827432499286,22.253429412841797,22.253429412841797,500,0.0,0.0,0.0
2025-10-30 00:00:00-04:00,22.26827625818728,22.26827625818728,22.213842391967773,22.213842391967773,700,0.0,0.0,0.0
2025-10-31 00:00:00-04:00,22.169305744963406,22.228687286376953,22.169305744963406,22.228687286376953,200,0.0,0.0,0.0
2025-11-03 00:00:00-05:00,22.176158905029297,22.176158905029297,22.176158905029297,22.176158905029297,100,0.032,0.0,0.0
2025-11-04 00:00:00-05:00,22.15534657166266,22.15534657166266,22.154356002807617,22.154356002807617,500,0.0,0.0,0.0
2025-11-05 00:00:00-05:00,22.151380259453916,22.215803146362305,22.151380259453916,22.215803146362305,1500,0.0,0.0,0.0
2025-11-06 00:00:00-05:00,22.250490091832702,22.309956349164423,22.250490091832702,22.25643539428711,1200,0.0,0.0,0.0
2025-11-07 00:00:00-05:00,22.210849120488803,22.27130784903636,22.210849120488803,22.255449295043945,1800,0.0,0.0,0.0
2025-11-10 00:00:00-05:00,22.191026046858937,22.287164157358664,22.191026046858937,22.235626220703125,1100,0.0,0.0,0.0
2025-11-11 00:00:00-05:00,22.230668106019678,22.26040029046288,22.191022672897677,22.205890655517578,800,0.0,0.0,0.0
2025-11-12 00:00:00-05:00,22.270313262939453,22.270313262939453,22.270313262939453,22.270313262939453,200,0.0,0.0,0.0
2025-11-13 00:00:00-05:00,22.240583976601503,22.27031616707695,22.240583976601503,22.24553871154785,800,0.0,0.0,0.0
2025-11-14 00:00:00-05:00,22.2901388876597,22.2901388876597,22.240583976601503,22.24553871154785,900,0.0,0.0,0.0
2025-11-17 00:00:00-05:00,22.200936075678193,22.288155280419357,22.200936075678193,22.240581512451172,9000,0.0,0.0,0.0
2025-11-18 00:00:00-05:00,22.151378402681015,22.349599890586155,22.151378402681015,22.25643539428711,3800,0.0,0.0,0.0
2025-11-19 00:00:00-05:00,22.210848209876914,22.3099599148692,22.16129330258004,22.230670928955078,6200,0.0,0.0,0.0
2025-11-20 00:00:00-05:00,22.210848766433816,22.300049114122192,22.19697324081112,22.235626220703125,1200,0.0,0.0,0.0
2025-11-21 00:00:00-05:00,22.240582643598568,22.2504940032959,22.240582643598568,22.2504940032959,300,0.0,0.0,0.0
2025-11-24 00:00:00-05:00,22.23562494429728,22.324825286865234,22.191024773013307,22.324825286865234,1600,0.0,0.0,0.0
2025-11-25 00:00:00-05:00,22.300049099227763,22.43880435536208,22.300049099227763,22.369426727294922,2500,0.0,0.0,0.0
2025-11-26 00:00:00-05:00,22.41898252958496,22.45862607654734,22.394203186035156,22.394203186035156,400,0.0,0.0,0.0
2025-11-28 00:00:00-05:00,22.425963781995033,22.425963781995033,22.329697852329737,22.404130935668945,2100,0.03,0.0,0.0
2025-12-01 00:00:00-05:00,22.5281821858893,22.5281821858893,22.384279251098633,22.384279251098633,400,0.0,0.0,0.0
2025-12-02 00:00:00-05:00,22.448787480966946,22.478559196092434,22.389240264892578,22.389240264892578,700,0.0,0.0,0.0
2025-12-03 00:00:00-05:00,22.384279251098633,22.384279251098633,22.384279251098633,22.384279251098633,300,0.0,0.0,0.0
2025-12-04 00:00:00-05:00,22.42894052695505,22.42894052695505,22.354507446289062,22.354507446289062,700,0.0,0.0,0.0
2025-12-05 00:00:00-05:00,22.42397689819336,22.42397689819336,22.42397689819336,22.42397689819336,400,0.0,0.0,0.0
2025-12-08 00:00:00-05:00,22.5281821858893,22.5281821858893,22.299921640289316,22.384279251098633,1500,0.0,0.0,0.0
2025-12-09 00:00:00-05:00,22.49840861684814,22.49840861684814,22.390234390586194,22.4150447845459,1500,0.0,0.0,0.0
2025-12-10 00:00:00-05:00,22.498408372606978,22.498408372606978,22.41901397705078,22.41901397705078,700,0.0,0.0,0.0
2025-12-11 00:00:00-05:00,22.47856301455325,22.538108347830956,22.47856301455325,22.4835262298584,4500,0.0,0.0,0.0
2025-12-12 00:00:00-05:00,22.5381056270142,22.5381056270142,22.36939418524633,22.433900833129883,7400,0.0,0.0,0.0
2025-12-15 00:00:00-05:00,22.473600387573242,22.473600387573242,22.473600387573242,22.473600387573242,100,0.0,0.0,0.0
2025-12-16 00:00:00-05:00,22.50734192192317,22.587728206422497,22.409090336057968,22.498409271240234,2600,0.0,0.0,0.0
2025-12-17 00:00:00-05:00,22.478559290237694,22.513294219970703,22.37931582260979,22.513294219970703,4000,0.0,0.0,0.0
2025-12-18 00:00:00-05:00,22.607576071523685,22.607576071523685,22.486499761901324,22.51825714111328,1800,0.0,0.0,0.0
2025-12-19 00:00:00-05:00,22.50535838017285,22.526199340820312,22.50535838017285,22.526199340820312,800,0.0,0.0,0.0
2025-12-22 00:00:00-05:00,22.528181369257595,22.617500298447723,22.510316069090248,22.523218154907227,1400,0.0,0.0,0.0
2025-12-23 00:00:00-05:00,22.58772850036621,22.667122900126778,22.53810581744598,22.58772850036621,3900,0.0,0.0,0.0
2025-12-24 00:00:00-05:00,22.570857079659383,22.617502212524414,22.548030456121545,22.617502212524414,2000,0.0,0.0,0.0
2025-12-26 00:00:00-05:00,22.642310893028366,22.726666608619066,22.615514835450455,22.677045822143555,5200,0.0,0.0,0.0
2025-12-29 00:00:00-05:00,22.678041898564555,22.716798849078465,22.678041898564555,22.697917938232422,8100,0.031,0.0,0.0
2025-12-30 00:00:00-05:00,22.618413634837854,22.737666071121406,22.558787416696077,22.64822769165039,8000,0.0,0.0,0.0
2025-12-31 00:00:00-05:00,22.62835369487836,22.78735822125435,22.62835369487836,22.697917938232422,5200,0.0,0.0,0.0
2026-01-02 00:00:00-05:00,22.73766650237309,22.817168759897765,22.732698440551758,22.732698440551758,1500,0.0,0.0,0.0
2026-01-05 00:00:00-05:00,22.72772759090765,22.77244772374754,22.72772759090765,22.757539749145508,2500,0.0,0.0,0.0
2026-01-06 00:00:00-05:00,22.678039261226164,22.76747953384665,22.648227100674834,22.707853317260742,4200,0.0,0.0,0.0
2026-01-07 00:00:00-05:00,22.648228714217566,22.673072814941406,22.60847663667271,22.673072814941406,600,0.0,0.0,0.0
2026-01-08 00:00:00-05:00,22.767480851477295,22.767480851477295,22.608476334390577,22.702884674072266,1900,0.0,0.0,0.0
2026-01-09 00:00:00-05:00,22.668102554427257,22.702884674072266,22.648228411403938,22.702884674072266,1300,0.0,0.0,0.0
2026-01-12 00:00:00-05:00,22.66810241502521,22.720774106292332,22.66810241502521,22.717792510986328,1700,0.0,0.0,0.0
2026-01-13 00:00:00-05:00,22.76747844740885,22.76747844740885,22.717790251872195,22.7664852142334,5400,0.0,0.0,0.0
2026-01-14 00:00:00-05:00,22.64822554322448,22.723751068115234,22.64822554322448,22.723751068115234,4200,0.0,0.0,0.0
2026-01-15 00:00:00-05:00,22.73766781290906,22.792325973510742,22.73766781290906,22.792325973510742,700,0.0,0.0,0.0
2026-01-16 00:00:00-05:00,22.786361897061052,22.84698134569681,22.69791485937487,22.752573013305664,7700,0.0,0.0,0.0
2026-01-20 00:00:00-05:00,22.855928779810807,22.856922013129537,22.757543712236636,22.807233810424805,4500,0.0,0.0,0.0
2026-01-21 00:00:00-05:00,22.856919657785227,22.856919657785227,22.781392232708857,22.787355422973633,1500,0.0,0.0,0.0
2026-01-22 00:00:00-05:00,22.737666501944336,22.79729461669922,22.737666501944336,22.79729461669922,600,0.0,0.0,0.0
2026-01-23 00:00:00-05:00,22.74760494974484,22.886735324644782,22.74760494974484,22.817169189453125,4800,0.0,0.0,0.0
2026-01-26 00:00:00-05:00,22.767479967983608,22.85692024230957,22.767479967983608,22.85692024230957,2700,0.0,0.0,0.0
2026-01-27 00:00:00-05:00,22.856921263426404,22.946361541748047,22.856921263426404,22.946361541748047,2100,0.0,0.0,0.0
2026-01-28 00:00:00-05:00,22.9364233840381,22.9364233840381,22.857914358788005,22.89667320251465,4800,0.0,0.0,0.0
2026-01-29 00:00:00-05:00,22.906608592586217,22.906608592586217,22.817168317669022,22.84201431274414,2400,0.0,0.0,0.0
2026-01-30 00:00:00-05:00,22.797296658684875,22.93642514794153,22.777420618652926,22.84698486328125,3400,0.0,0.0,0.0
2026-02-02 00:00:00-05:00,22.88778366428811,22.977344708730918,22.88778366428811,22.927589416503906,16200,0.031,0.0,0.0
2026-02-03 00:00:00-05:00,22.861909233982452,22.91265909569663,22.861909233982452,22.907684326171875,700,0.0,0.0,0.0
2026-02-04 00:00:00-05:00,22.88778145198776,22.977342487773726,22.838026164570024,22.907684326171875,6100,0.0,0.0,0.0
2026-02-05 00:00:00-05:00,22.957441622961657,22.957441622961657,22.82907129991072,22.882808685302734,3200,0.0,0.0,0.0
2026-02-06 00:00:00-05:00,22.85792714071159,23.017146338099405,22.85792714071159,22.907684326171875,7100,0.0,0.0,0.0
2026-02-09 00:00:00-05:00,22.97734681620988,23.037053551967134,22.907688641485933,22.972370147705078,4800,0.0,0.0,0.0
2026-02-10 00:00:00-05:00,22.987295755878815,23.03705104725972,22.987295755878815,23.027099609375,6700,0.0,0.0,0.0
2026-02-11 00:00:00-05:00,23.037050458078934,23.116660061077962,22.9474894174497,23.081830978393555,16800,0.0,0.0,0.0
2026-02-12 00:00:00-05:00,23.0917839284448,23.126613013410378,23.047003405197234,23.086809158325195,2900,0.0,0.0,0.0
2026-02-13 00:00:00-05:00,23.066904770969565,23.081830978393555,23.028095492841604,23.081830978393555,2200,0.0,0.0,0.0
2026-02-17 00:00:00-05:00,23.068895124146103,23.072877217840222,22.997247806335977,23.066905975341797,7000,0.0,0.0,0.0
2026-02-18 00:00:00-05:00,23.076858520507812,23.136565254228017,23.017149888744765,23.076858520507812,3900,0.0,0.0,0.0
2026-02-19 00:00:00-05:00,23.037051452208733,23.076857204447332,22.989285308739507,23.022125244140625,1400,0.0,0.0,0.0
2026-02-20 00:00:00-05:00,22.992272529753794,23.017150177612525,22.959434490110553,23.00222396850586,2400,0.0,0.0,0.0
2026-02-23 00:00:00-05:00,23.136562038917138,23.216171638828268,23.11665916442871,23.11665916442871,12500,0.0,0.0,0.0
2026-02-24 00:00:00-05:00,23.048994158107444,23.20622232565496,23.048994158107444,23.161441802978516,1100,0.0,0.0,0.0
2026-02-25 00:00:00-05:00,23.255979005685237,23.30573429732512,23.231099461822584,23.234085083007812,2300,0.0,0.0,0.0
2026-02-26 00:00:00-05:00,23.265928365842598,23.265928365842598,23.17736379556438,23.241050720214844,3200,0.0,0.0,0.0
2026-02-27 00:00:00-05:00,23.275880777586053,23.28583221586207,23.19129639930406,23.266925811767578,6500,0.0,0.0,0.0
2026-03-02 00:00:00-05:00,23.124451950332478,23.13441532049155,23.03976615445818,23.12943458557129,2900,0.028,0.0,0.0
2026-03-03 00:00:00-05:00,23.044746561868855,23.044746561868855,22.94511666233116,22.955080032348633,3200,0.0,0.0,0.0
2026-03-04 00:00:00-05:00,23.05470974768431,23.0596923828125,22.975004688499865,23.0596923828125,3400,0.0,0.0,0.0
2026-03-05 00:00:00-05:00,23.064671980615316,23.114488827848866,22.9799861907959,22.9799861907959,1600,0.0,0.0,0.0
2026-03-06 00:00:00-05:00,23.045744044963183,23.164304916682365,23.045744044963183,23.0596923828125,5800,0.0,0.0,0.0
2026-03-09 00:00:00-04:00,23.024821481928523,23.13441475034028,23.009875476898983,23.089580535888672,10100,0.0,0.0,0.0
2026-03-10 00:00:00-04:00,23.204159554423065,23.25397450627989,23.124452590942383,23.124452590942383,4500,0.0,0.0,0.0
2026-03-11 00:00:00-04:00,23.144378662109375,23.144378662109375,23.144378662109375,23.144378662109375,100,0.0,0.0,0.0
2026-03-12 00:00:00-04:00,23.11150189776474,23.234047743394825,23.11150189776474,23.1393985748291,11800,0.0,0.0,0.0
2026-03-13 00:00:00-04:00,23.117477859958576,23.117477859958576,23.02482212776899,23.0846004486084,1400,0.0,0.0,0.0
2026-03-16 00:00:00-04:00,23.194194326571203,23.194194326571203,23.01485747373837,23.094562530517578,1800,0.0,0.0,0.0
2026-03-17 00:00:00-04:00,23.234045158047223,23.234045158047223,23.09456178824629,23.15932273864746,700,0.0,0.0,0.0
2026-03-18 00:00:00-04:00,23.114489627772343,23.114489627772343,23.106517791748047,23.106517791748047,800,0.0,0.0,0.0
2026-03-19 00:00:00-04:00,22.994932979646368,23.31375323789222,22.994932979646368,23.25397491455078,8200,0.0,0.0,0.0
2026-03-20 00:00:00-04:00,23.17924945743755,23.253973783217898,23.114490402101026,23.17426872253418,7600,0.0,0.0,0.0
2026-03-23 00:00:00-04:00,23.28386502638082,23.333679979112244,23.18423322059933,23.25397491455078,2700,0.0,0.0,0.0
2026-03-24 00:00:00-04:00,23.268917888246552,23.268917888246552,23.09456366185046,23.17426872253418,8300,0.0,0.0,0.0
2026-03-25 00:00:00-04:00,23.1852285006102,23.1852285006102,23.10253423657068,23.169286727905273,3200,0.0,0.0,0.0
2026-03-26 00:00:00-04:00,23.234048386897495,23.234048386897495,23.134416580200195,23.134416580200195,2700,0.0,0.0,0.0
2026-03-27 00:00:00-04:00,23.13441529196259,23.224083722965116,23.13441529196259,23.144378662109375,900,0.0,0.0,0.0
2026-03-30 00:00:00-04:00,23.164306640625,23.244011705741286,23.06467483414998,23.164306640625,1600,0.0,0.0,0.0
2026-03-31 00:00:00-04:00,23.1643052457977,23.234046936035156,23.1643052457977,23.234046936035156,700,0.0,0.0,0.0
2026-04-01 00:00:00-04:00,23.198128844384634,23.32783797475562,23.178173007991155,23.277950286865234,2200,0.034,0.0,0.0
2026-04-02 00:00:00-04:00,23.26797161599409,23.34779305589262,23.2081060118435,23.257993698120117,13600,0.0,0.0,0.0
2026-04-06 00:00:00-04:00,23.257993297453393,23.37772640678516,23.218083529738276,23.29790496826172,6500,0.0,0.0,0.0
2026-04-07 00:00:00-04:00,23.35777124226388,23.42761476509129,23.257993965470465,23.358768463134766,8000,0.0,0.0,0.0
2026-04-08 00:00:00-04:00,23.48748224218414,23.577279697777715,23.387704965521735,23.517414093017578,60100,0.0,0.0,0.0
2026-04-09 00:00:00-04:00,23.58725674568533,23.58725674568533,23.472513547838762,23.532379150390625,8300,0.0,0.0,0.0
2026-04-10 00:00:00-04:00,23.487480449704385,23.53736813268171,23.48249053955078,23.48249053955078,4100,0.0,0.0,0.0
2026-04-13 00:00:00-04:00,23.48748276182977,23.607213973999023,23.432605163296653,23.607213973999023,5600,0.0,0.0,0.0
2026-04-14 00:00:00-04:00,23.54235580263137,23.612201222129848,23.54235580263137,23.587255477905273,5400,0.0,0.0,0.0
2026-04-15 00:00:00-04:00,23.587256054522165,23.587256054522165,23.57727813720703,23.57727813720703,2100,0.0,0.0,0.0
2026-04-16 00:00:00-04:00,23.56730339583754,23.56730339583754,23.447570284682392,23.522403717041016,7200,0.0,0.0,0.0
2026-04-17 00:00:00-04:00,23.607212030335504,23.627167865085116,23.57727827821109,23.601224899291992,2300,0.0,0.0,0.0
2026-04-20 00:00:00-04:00,23.547348082080283,23.617191605513423,23.547348082080283,23.61220359802246,2200,0.0,0.0,0.0
2026-04-21 00:00:00-04:00,23.627170160305695,23.627170160305695,23.50244903564453,23.50244903564453,11200,0.0,0.0,0.0
2026-04-22 00:00:00-04:00,23.557325477983508,23.587257328452367,23.506438667855917,23.522403717041016,900,0.0,0.0,0.0
2026-04-23 00:00:00-04:00,23.527392879958096,23.536373577395782,23.447571436298688,23.50244903564453,9900,0.0,0.0,0.0
2026-04-24 00:00:00-04:00,23.44757014513132,23.56730325557386,23.44757014513132,23.498456954956055,2200,0.0,0.0,0.0
2026-04-27 00:00:00-04:00,23.627168128696063,23.627168128696063,23.507435021955672,23.537368774414062,2900,0.0,0.0,0.0
2026-04-28 00:00:00-04:00,23.437592481408792,23.53736975734366,23.437592481408792,23.48748207092285,8800,0.0,0.0,0.0
2026-04-29 00:00:00-04:00,23.417636294283014,23.49745773321475,23.357770690857517,23.427614212036133,2800,0.0,0.0,0.0
2026-04-30 00:00:00-04:00,23.482492160424822,23.48748207092285,23.482492160424822,23.48748207092285,1200,0.0,0.0,0.0
2026-05-01 00:00:00-04:00,23.523438660348546,23.523438660348546,23.443528963571556,23.45351791381836,5400,0.026,0.0,0.0
2026-05-04 00:00:00-04:00,23.523439575345048,23.58337327915714,23.453518826095138,23.513452529907227,5900,0.0,0.0,0.0
2026-05-05 00:00:00-04:00,23.57338382819874,23.57338382819874,23.538423454315783,23.54341697692871,1700,0.0,0.0,0.0
2026-05-06 00:00:00-04:00,23.59336056844381,23.65329236283822,23.5034619242535,23.61333656311035,16500,0.0,0.0,0.0
2026-05-07 00:00:00-04:00,23.543416315517987,23.583372116088867,23.4834845198591,23.583372116088867,3500,0.0,0.0,0.0
2026-05-08 00:00:00-04:00,23.543416318067223,23.73320256040459,23.543416318067223,23.6982421875,10700,0.0,0.0,0.0
2026-05-11 00:00:00-04:00,23.693247090746166,23.723213941596107,23.653293194810367,23.678264617919922,7100,0.0,0.0,0.0
2026-05-12 00:00:00-04:00,23.593361284026255,23.803123523367436,23.593361284026255,23.754179000854492,4300,0.0,0.0,0.0
2026-05-13 00:00:00-04:00,23.753181307427088,23.823102055728747,23.753181307427088,23.785144805908203,43600,0.0,0.0,0.0
2026-05-14 00:00:00-04:00,23.823101871864907,23.823101871864907,23.69324742156617,23.773157119750977,17800,0.0,0.0,0.0
2026-05-15 00:00:00-04:00,23.763169410835996,23.763169410835996,23.67227053608663,23.6982421875,5800,0.0,0.0,0.0
2026-05-18 00:00:00-04:00,23.743192008325607,23.811114203451044,23.738196580550262,23.783145904541016,12100,0.0,0.0,0.0
2026-05-19 00:00:00-04:00,23.783146319960725,23.783146319960725,23.683258719881255,23.758174896240234,22600,0.0,0.0,0.0
2026-05-20 00:00:00-04:00,23.733203057972386,23.83309065630712,23.685256858355917,23.783145904541016,27700,0.0,0.0,0.0
2026-05-21 00:00:00-04:00,23.81311325570001,23.81311325570001,23.673271758213055,23.75318145751953,6100,0.0,0.0,0.0
2026-05-22 00:00:00-04:00,23.833090990565278,23.833090990565278,23.758174814464162,23.76317024230957,2800,0.0,0.0,0.0
2026-05-26 00:00:00-04:00,23.798129951612687,23.833090324763887,23.798129951612687,23.803123474121094,6700,0.0,0.0,0.0
2026-05-27 00:00:00-04:00,23.843079509314574,23.94296520204402,23.823101608689697,23.88103675842285,12900,0.0,0.0,0.0
2026-05-28 00:00:00-04:00,23.81311267434672,23.92198899398962,23.81311267434672,23.903011322021484,1500,0.0,0.0,0.0
2026-05-29 00:00:00-04:00,23.922989057061514,23.922989057061514,23.863055355561563,23.913000106811523,10400,0.0,0.0,0.0
2026-06-01 00:00:00-04:00,23.940000534057617,23.950000762939453,23.895000457763672,23.93000030517578,11800,0.027,0.0,0.0
2026-06-02 00:00:00-04:00,23.940000534057617,23.940000534057617,23.899999618530273,23.899999618530273,1400,0.0,0.0,0.0
2026-06-03 00:00:00-04:00,23.93000030517578,23.959999084472656,23.90999984741211,23.924999237060547,3500,0.0,0.0,0.0
2026-06-04 00:00:00-04:00,23.920000076293945,23.959999084472656,23.8799991607666,23.924999237060547,2700,0.0,0.0,0.0
2026-06-05 00:00:00-04:00,23.940000534057617,23.940000534057617,23.780000686645508,23.850000381469727,9400,0.0,0.0,0.0
2026-06-08 00:00:00-04:00,23.8700008392334,23.940000534057617,23.81399917602539,23.850000381469727,8900,0.0,0.0,0.0
2026-06-09 00:00:00-04:00,23.889999389648438,23.950000762939453,23.850000381469727,23.8700008392334,3500,0.0,0.0,0.0
2026-06-10 00:00:00-04:00,23.850000381469727,23.940000534057617,23.850000381469727,23.893999099731445,1200,0.0,0.0,0.0
2026-06-11 00:00:00-04:00,23.799999237060547,23.885000228881836,23.760000228881836,23.885000228881836,1200,0.0,0.0,0.0
2026-06-12 00:00:00-04:00,23.959999084472656,23.959999084472656,23.809999465942383,23.899999618530273,3300,0.0,0.0,0.0
2026-06-15 00:00:00-04:00,23.899999618530273,23.899999618530273,23.829999923706055,23.899999618530273,1400,0.0,0.0,0.0
2026-06-16 00:00:00-04:00,23.951000213623047,23.951000213623047,23.899999618530273,23.940000534057617,2800,0.0,0.0,0.0
2026-06-17 00:00:00-04:00,23.959999084472656,23.989999771118164,23.899999618530273,23.905000686645508,23000,0.0,0.0,0.0
2026-06-18 00:00:00-04:00,24.0,24.0,23.864999771118164,23.864999771118164,5800,0.0,0.0,0.0
2026-06-22 00:00:00-04:00,23.889999389648438,23.889999389648438,23.799999237060547,23.836000442504883,6100,0.0,0.0,0.0
2026-06-23 00:00:00-04:00,23.75,23.889999389648438,23.75,23.829999923706055,1000,0.0,0.0,0.0
2026-06-24 00:00:00-04:00,23.809999465942383,23.850000381469727,23.690000534057617,23.760000228881836,2200,0.0,0.0,0.0
2026-06-25 00:00:00-04:00,23.729999542236328,23.899999618530273,23.729999542236328,23.815000534057617,8800,0.0,0.0,0.0
2026-06-26 00:00:00-04:00,,,,,310,0.0,0.0,0.0
