Date,Open,High,Low,Close,Volume,Dividends,Stock Splits
2021-11-04 00:00:00-04:00,14.165767620193371,14.826836595675346,13.372484489360902,14.4396390914917,1674600,0.0,0.0
2021-11-05 00:00:00-04:00,14.212990012650037,14.534080956954885,14.02411325148114,14.44908618927002,309700,0.0,0.0
2021-11-08 00:00:00-05:00,14.590739562463632,17.471112313134462,14.519910908888775,16.980031967163086,273800,0.0,0.0
2021-11-09 00:00:00-05:00,16.479514447814548,16.970593144074947,14.91183502151982,16.555065155029297,157900,0.0,0.0
2021-11-10 00:00:00-05:00,15.95065180596671,16.980030937444695,15.79010638726087,16.14897346496582,59500,0.0,0.0
2021-11-11 00:00:00-05:00,16.33785288797392,19.72819375198604,16.33785288797392,18.698814392089844,231600,0.0,0.0
2021-11-12 00:00:00-05:00,18.88769422294169,19.35988657851523,18.311618972735282,18.764925003051758,223500,0.0,0.0
2021-11-15 00:00:00-05:00,18.55716000340543,20.729246012229947,18.434390778291586,20.502592086791992,180600,0.0,0.0
2021-11-16 00:00:00-05:00,20.776463549329062,20.776463549329062,20.002068377966502,20.219276428222656,222000,0.0,0.0
2021-11-17 00:00:00-05:00,19.832076163199655,20.441204649088597,19.503430733122684,19.728193283081055,128000,0.0,0.0
2021-11-18 00:00:00-05:00,19.52042929994497,20.087060407017503,18.78380868062361,19.114343643188477,32400,0.0,0.0
2021-11-19 00:00:00-05:00,19.010053210637054,20.242626371209937,18.25628790750061,19.78752326965332,84000,0.08,0.0
2021-11-22 00:00:00-05:00,19.683228504284745,20.252108296236592,18.450655320319235,19.161754608154297,65400,0.0,0.0
2021-11-23 00:00:00-05:00,19.58841361502638,19.58841361502638,16.796164217910857,17.929182052612305,68100,0.0,0.0
2021-11-24 00:00:00-05:00,18.005030083447313,19.389304022175086,17.123266856795144,18.573909759521484,58900,0.0,0.0
2021-11-26 00:00:00-05:00,18.412726389522366,18.71612838758525,17.47407577985835,18.488576889038086,68700,0.0,0.0
2021-11-29 00:00:00-05:00,18.611834963924796,19.23760390231878,17.995549373302943,18.953163146972656,89200,0.0,0.0
2021-11-30 00:00:00-05:00,18.943678298468814,19.578926856829966,18.317911277804807,19.218637466430664,67100,0.0,0.0
2021-12-01 00:00:00-05:00,19.64529506759611,19.910772687797344,18.554943591614684,18.972122192382812,83400,0.0,0.0
2021-12-02 00:00:00-05:00,19.0290106495426,19.555224245869304,17.929177576024152,19.19019317626953,143600,0.0,0.0
2021-12-03 00:00:00-05:00,19.436707735288277,19.825441745320568,18.223098015907933,19.19019317626953,160200,0.0,0.0
2021-12-06 00:00:00-05:00,19.351377609288946,21.617412936130034,18.83369788856248,20.83994483947754,330000,0.0,0.0
2021-12-07 00:00:00-05:00,21.70274964902886,22.50866253555165,18.360583363586258,18.725614547729492,471100,0.0,0.0
2021-12-08 00:00:00-05:00,18.649760388549716,19.123826487080805,16.497499867198105,17.06637954711914,332500,0.0,0.0
2021-12-09 00:00:00-05:00,17.18963852837948,19.98662965472814,16.64067126345422,19.531526565551758,120000,0.0,0.0
2021-12-10 00:00:00-05:00,19.19967825338199,19.746750248789244,18.10932651672553,18.317914962768555,91400,0.0,0.0
2021-12-13 00:00:00-05:00,18.166209222827533,18.943677184073028,17.694040247163933,18.09035873413086,26900,0.0,0.0
2021-12-14 00:00:00-05:00,17.815402752953446,19.152268848712477,17.597330998910415,19.03849220275879,55600,0.0,0.0
2021-12-15 00:00:00-05:00,18.801459641962506,20.37535879762875,18.801459641962506,20.356395721435547,208300,0.0,0.0
2021-12-16 00:00:00-05:00,20.280548465899003,20.95372331098275,18.981608282209006,19.36086082458496,121600,0.0,0.0
2021-12-17 00:00:00-05:00,19.436712969868616,19.88233451863479,18.31791651932915,19.531526565551758,1396000,0.0,0.0
2021-12-20 00:00:00-05:00,18.972121947472484,20.356393829380465,18.972121947472484,19.901290893554688,210300,0.0,0.0
2021-12-21 00:00:00-05:00,19.91077244112849,20.85890446213461,19.237599574254936,19.597888946533203,180000,0.0,0.0
2021-12-22 00:00:00-05:00,20.15728696798919,20.57446556326592,19.53151997928325,20.05299186706543,96300,0.0,0.0
2021-12-23 00:00:00-05:00,19.98662553801482,20.35639649575528,19.806479924163945,20.147808074951172,51400,0.0,0.0
2021-12-27 00:00:00-05:00,19.815965808383254,22.29059182745411,19.768559914119095,21.8734130859375,368100,0.0,0.0
2021-12-28 00:00:00-05:00,22.129406866225107,22.631917609904633,22.043127207600666,22.356958389282227,54800,0.0,0.0
2021-12-29 00:00:00-05:00,22.34747613320775,22.385402290043892,21.901854640895213,22.262144088745117,62500,0.0,0.0
2021-12-30 00:00:00-05:00,22.404363871495715,22.88791152736639,22.394884140573588,22.688804626464844,56600,0.0,0.0
2021-12-31 00:00:00-05:00,23.105982454093564,24.253221545291478,22.5655455823226,24.101520538330078,85500,0.0,0.0
2022-01-03 00:00:00-05:00,24.215294472748994,24.522488706013647,23.04909062639361,23.712783813476562,92000,0.0,0.0
2022-01-04 00:00:00-05:00,23.665380567635196,23.959302873104562,22.936267706303617,23.36197853088379,66200,0.0,0.0
2022-01-05 00:00:00-05:00,23.305091509131625,23.542124580546073,21.11490643561941,21.39934539794922,51000,0.0,0.0
2022-01-06 00:00:00-05:00,21.930295466731113,21.930295466731113,20.327953462112145,20.915794372558594,73300,0.0,0.0
2022-01-07 00:00:00-05:00,20.470172207308956,21.854444206866415,19.626335216028544,19.920255661010742,51300,0.0,0.0
2022-01-10 00:00:00-05:00,19.683221371095158,20.21417480723742,18.915234924908518,20.02454948425293,38900,0.0,0.0
2022-01-11 00:00:00-05:00,20.39432502365851,21.143348564789452,19.612115189854705,20.10988426208496,135600,0.0,0.0
2022-01-12 00:00:00-05:00,20.574467590071627,20.953720073857134,19.863368504816872,20.346914291381836,52900,0.0,0.0
2022-01-13 00:00:00-05:00,20.84942729227662,20.84942729227662,19.541005624915094,19.721149444580078,38900,0.0,0.0
2022-01-14 00:00:00-05:00,19.417749359489978,20.59343321200867,18.469617045353722,20.460695266723633,61900,0.0,0.0
2022-01-18 00:00:00-05:00,20.403800960469265,21.07697380868216,20.195210764242415,21.010604858398438,44800,0.0,0.0
2022-01-19 00:00:00-05:00,20.783058494191742,21.257124607828946,20.508099280241183,20.754613876342773,60000,0.0,0.0
2022-01-20 00:00:00-05:00,20.75461773457845,21.731194761245245,19.977149453030865,20.166776657104492,45300,0.0,0.0
2022-01-21 00:00:00-05:00,19.97714708522235,20.290030668965706,18.55494864849458,18.71613121032715,67100,0.0,0.0
2022-01-24 00:00:00-05:00,18.17569687701498,20.574472328037224,18.080883282129953,20.280550003051758,51800,0.0,0.0
2022-01-25 00:00:00-05:00,19.939220938796765,20.45121138954572,19.436710218697286,20.043514251708984,38300,0.0,0.0
2022-01-26 00:00:00-05:00,20.536543464374166,20.820982403181873,19.076420805585972,19.446191787719727,43500,0.0,0.0
2022-01-27 00:00:00-05:00,19.59789609500887,20.128849714084378,19.10486683022927,19.484119415283203,40700,0.0,0.0
2022-01-28 00:00:00-05:00,19.683221864382414,20.953718974734052,19.294487862840924,20.4322452545166,64100,0.0,0.0
2022-01-31 00:00:00-05:00,20.479655329916273,21.124385497892796,20.479655329916273,20.697725296020508,54500,0.0,0.0
2022-02-01 00:00:00-05:00,20.858909278865532,20.887353897094727,20.143070233408704,20.887353897094727,59800,0.0,0.0
2022-02-02 00:00:00-05:00,20.953721032974112,22.081998806246947,20.719532636122263,21.029571533203125,117600,0.0,0.0
2022-02-03 00:00:00-05:00,20.981994231153465,21.26746463927725,20.73458908506392,21.020057678222656,79500,0.08,0.0
2022-02-04 00:00:00-05:00,20.79168150687646,21.391166251570894,20.449117758499657,21.26746368408203,59200,0.0,0.0
2022-02-07 00:00:00-05:00,21.286491716041528,21.514866903707983,20.54427099490206,21.08666229248047,50900,0.0,0.0
2022-02-08 00:00:00-05:00,20.943931830938407,22.07629393020719,20.943931830938407,21.581480026245117,52100,0.0,0.0
2022-02-09 00:00:00-05:00,21.866948408311504,22.30371609810418,21.276979525509123,21.60051155090332,33900,0.0,0.0
2022-02-10 00:00:00-05:00,21.476805218211176,21.790821353757902,21.03908652652505,21.438743591308594,69700,0.0,0.0
2022-02-11 00:00:00-05:00,21.533905327378445,21.971625971467247,21.195149300225328,21.6766414642334,33900,0.0,0.0
2022-02-14 00:00:00-05:00,21.64809134443571,23.170594834949494,21.64809134443571,22.219030380249023,85100,0.0,0.0
2022-02-15 00:00:00-05:00,22.54255670383348,22.732868457367477,21.649036877335845,21.876461029052734,90300,0.0,0.0
2022-02-16 00:00:00-05:00,21.819375264799987,22.095328038531214,20.15413731428932,21.22940444946289,49200,0.0,0.0
2022-02-17 00:00:00-05:00,21.010538258548525,21.61953878880755,20.525240280386587,21.16278839111328,58600,0.0,0.0
2022-02-18 00:00:00-05:00,20.896354300015684,21.90501391651148,20.70223651847035,21.09618377685547,55500,0.0,0.0
2022-02-22 00:00:00-05:00,20.70604007048434,20.934415292240264,20.268319534228464,20.487180709838867,23000,0.0,0.0
2022-02-23 00:00:00-05:00,20.582337725280098,21.410199574061803,19.90672785434851,19.982852935791016,38900,0.0,0.0
2022-02-24 00:00:00-05:00,19.821088739826948,20.48718462513605,19.602229337355347,20.47766876220703,58600,0.0,0.0
2022-02-25 00:00:00-05:00,20.620399945604078,21.029572914604493,20.277836192028847,20.905868530273438,107300,0.0,0.0
2022-02-28 00:00:00-05:00,20.905866132605567,21.4197117040361,20.60136585989034,20.953445434570312,76500,0.0,0.0
2022-03-01 00:00:00-05:00,21.020060472957265,21.267467466906005,20.487184847895143,20.782169342041016,40400,0.0,0.0
2022-03-02 00:00:00-05:00,20.886843039362763,21.448266280910435,20.82023199488586,21.34359359741211,48300,0.0,0.0
2022-03-03 00:00:00-05:00,21.372134529971845,21.381650391312235,20.277835885336685,20.43960189819336,72500,0.0,0.0
2022-03-04 00:00:00-05:00,20.33493706582994,20.33493706582994,19.802059563001556,19.935279846191406,124200,0.0,0.0
2022-03-07 00:00:00-05:00,19.8306019548949,19.887695309880403,19.08838108022322,19.392881393432617,66400,0.0,0.0
2022-03-08 00:00:00-05:00,19.516585422933886,21.410198299151972,19.459492068993015,20.905868530273438,46500,0.0,0.0
2022-03-09 00:00:00-05:00,21.020056123640984,22.59965276088909,21.020056123640984,22.314184188842773,29900,0.0,0.0
2022-03-10 00:00:00-05:00,21.838403989602682,22.932702700821395,21.562449438835618,22.304670333862305,117500,0.0,0.0
2022-03-11 00:00:00-05:00,21.305527886976027,22.347492142443993,20.173167475276635,21.695669174194336,291200,0.0,0.0
2022-03-14 00:00:00-04:00,21.68615298981641,23.494124940355793,21.676637128265174,23.360904693603516,148900,0.0,0.0
2022-03-15 00:00:00-04:00,23.246720949874373,24.131676222393917,23.218173361579623,24.084096908569336,46000,0.0,0.0
2022-03-16 00:00:00-04:00,24.350531579265315,25.302095918228506,23.41799896267297,23.770076751708984,72600,0.0,0.0
2022-03-17 00:00:00-04:00,23.836687632500542,24.835831347284408,23.540752133281366,24.616971969604492,37700,0.0,0.0
2022-03-18 00:00:00-04:00,24.26489761154259,24.550366269221612,23.836692810058594,23.836692810058594,167300,0.0,0.0
2022-03-21 00:00:00-04:00,23.855720636246886,24.036518391188704,22.00017103488093,22.54256248474121,48200,0.0,0.0
2022-03-22 00:00:00-04:00,22.599653144402183,23.80814029550496,22.442644156636845,23.760560989379883,73600,0.0,0.0
2022-03-23 00:00:00-04:00,23.570248524967614,24.578906190969555,22.78045021588748,23.827171325683594,61600,0.0,0.0
2022-03-24 00:00:00-04:00,23.827172289591605,24.03175695588445,22.932701288857327,23.24671745300293,25500,0.0,0.0
2022-03-25 00:00:00-04:00,23.227689810444346,24.006070343581943,22.54256400876991,22.73287582397461,15500,0.0,0.0
2022-03-28 00:00:00-04:00,22.40933920876933,22.875607326873922,22.285636644656734,22.799480438232422,16900,0.0,0.0
2022-03-29 00:00:00-04:00,23.11350010137426,23.884266755656448,22.856577278291844,23.64637565612793,30600,0.0,0.0
2022-03-30 00:00:00-04:00,23.655894284077615,24.02700386194853,22.77093899995596,23.0849552154541,41800,0.0,0.0
2022-03-31 00:00:00-04:00,22.923189596409674,23.884269986298687,22.923189596409674,23.370424270629883,37200,0.0,0.0
2022-04-01 00:00:00-04:00,23.551219816567087,24.740675362858354,23.189626129079198,24.05554962158203,55700,0.0,0.0
2022-04-04 00:00:00-04:00,24.055548750871214,24.055548750871214,22.399826908159827,22.647232055664062,31900,0.0,0.0
2022-04-05 00:00:00-04:00,22.875607782046874,22.875607782046874,21.22940008171701,21.448261260986328,37800,0.0,0.0
2022-04-06 00:00:00-04:00,21.457772267334416,21.914524468738353,20.832594971712183,21.876461029052734,35500,0.0,0.0
2022-04-07 00:00:00-04:00,22.01920098706279,23.14204733839347,22.01920098706279,22.8660945892334,15800,0.0,0.0
2022-04-08 00:00:00-04:00,22.839447283293993,23.360903028390144,22.36176123127651,23.18010711669922,39500,0.0,0.0
2022-04-11 00:00:00-04:00,23.237204190749654,23.817659092262183,22.656749289237123,23.189626693725586,29600,0.0,0.0
2022-04-12 00:00:00-04:00,23.17059659117999,24.807286923931354,23.17059659117999,23.370424270629883,79800,0.0,0.0
2022-04-13 00:00:00-04:00,24.264890295972283,24.264890295972283,23.475091978545116,23.636857986450195,29500,0.0,0.0
2022-04-14 00:00:00-04:00,23.7795914245086,23.988934915231173,22.095322193123565,22.552074432373047,29800,0.0,0.0
2022-04-18 00:00:00-04:00,22.238057810472988,22.656744782912313,21.667118884915496,22.59013557434082,32500,0.0,0.0
2022-04-19 00:00:00-04:00,22.580622177924717,24.62648522070753,22.409340300070014,24.188766479492188,41700,0.0,0.0
2022-04-20 00:00:00-04:00,24.512297816886974,25.597080592579708,24.169734070893497,24.245859146118164,47400,0.0,0.0
2022-04-21 00:00:00-04:00,24.578907122841,24.7882506267512,23.20865394870296,23.417999267578125,27600,0.0,0.0
2022-04-22 00:00:00-04:00,23.503644107773383,23.503644107773383,22.496888319615284,23.0849552154541,25600,0.0,0.0
2022-04-25 00:00:00-04:00,22.999316463159037,23.437035308138544,22.277078190984316,23.379941940307617,19800,0.0,0.0
2022-04-26 00:00:00-04:00,23.437030928682105,24.01748580722298,22.590139173406488,23.103984832763672,32000,0.0,0.0
2022-04-27 00:00:00-04:00,23.065922106171662,23.674922774860498,22.475953162120636,23.199140548706055,30000,0.0,0.0
2022-04-28 00:00:00-04:00,23.503644676682033,24.06506789600519,22.789971277369403,24.007972717285156,23800,0.0,0.0
2022-04-29 00:00:00-04:00,23.979329806675377,25.201205278628517,23.979329806675377,24.227521896362305,54000,0.08,0.0
2022-05-02 00:00:00-04:00,24.322987342021047,24.61891197365488,23.712049456111103,24.370718002319336,60200,0.0,0.0
2022-05-03 00:00:00-04:00,24.68573268919323,25.535318401020785,24.198890886236555,24.74300765991211,99500,0.0,0.0
2022-05-04 00:00:00-04:00,25.124836923035865,25.124836923035865,23.683404174392503,24.54253578186035,56000,0.0,0.0
2022-05-05 00:00:00-04:00,24.513904634832613,25.053249223848308,23.654772837408522,24.389806747436523,83700,0.0,0.0
2022-05-06 00:00:00-04:00,24.351622165204898,24.361168295863898,23.549765397231383,23.86478042602539,91800,0.0,0.0
2022-05-09 00:00:00-04:00,23.826597235573455,24.47571959077296,22.04151257951317,22.375619888305664,109500,0.0,0.0
2022-05-10 00:00:00-04:00,22.852914916719396,23.69295441125382,22.776547689943538,23.38748550415039,76700,0.0,0.0
2022-05-11 00:00:00-04:00,23.635676381788205,23.635676381788205,22.089237964163235,22.1369686126709,96600,0.0,0.0
2022-05-12 00:00:00-04:00,22.00332466140894,23.366482125398303,21.716948052744897,22.404253005981445,123900,0.0,0.0
2022-05-13 00:00:00-04:00,23.387486891465244,23.912511379100728,22.585630052384502,22.824277877807617,209100,0.0,0.0
2022-05-16 00:00:00-04:00,22.977012042601984,23.037151031642782,22.27061470699417,22.67154312133789,73600,0.0,0.0
2022-05-17 00:00:00-04:00,23.158381497805838,23.35884476518116,22.709724313152883,22.96746253967285,84200,0.0,0.0
2022-05-18 00:00:00-04:00,22.85291751820675,23.14884032805761,22.511174002926662,22.910192489624023,75800,0.0,0.0
2022-05-19 00:00:00-04:00,22.881553214834298,23.349302741712687,22.45198821459338,23.244298934936523,86300,0.0,0.0
2022-05-20 00:00:00-04:00,23.645224640166816,23.645224640166816,22.75745452612095,22.92928123474121,102900,0.0,0.0
2022-05-23 00:00:00-04:00,23.292028477165474,23.8838759127828,22.70018286228665,23.82659912109375,126500,0.0,0.0
2022-05-24 00:00:00-04:00,23.511584731476738,23.702503734498926,23.20611578323207,23.47340202331543,95400,0.0,0.0
2022-05-25 00:00:00-04:00,23.46385584981133,25.563957596406585,23.387488612884518,25.32530975341797,209400,0.0,0.0
2022-05-26 00:00:00-04:00,25.630771026453083,26.060335922764004,24.657087681634188,24.943464279174805,140700,0.0,0.0
2022-05-27 00:00:00-04:00,24.953016497929443,26.585368600328106,24.890969373121386,26.022159576416016,187500,0.0,0.0
2022-05-31 00:00:00-04:00,26.012613544597997,26.279899770430355,23.5306757413327,24.04615592956543,301400,0.0,0.0
2022-06-01 00:00:00-04:00,23.75022919564711,25.08665838517507,23.311118100207793,24.953014373779297,141600,0.0,0.0
2022-06-02 00:00:00-04:00,24.943466763722718,25.57349861839616,24.475717303421586,25.37303352355957,154400,0.0,0.0
2022-06-03 00:00:00-04:00,25.248937303650035,26.4517205817387,25.229845043175438,25.75486946105957,136700,0.0,0.0
2022-06-06 00:00:00-04:00,26.26080558445958,27.196304575277786,25.907606019779312,26.55672836303711,206200,0.0,0.0
2022-06-07 00:00:00-04:00,26.547183924180715,27.0817563707842,25.03892972136479,26.671281814575195,306800,0.0,0.0
2022-06-08 00:00:00-04:00,24.62845020831939,24.723909684624424,21.78472316975439,22.91973304748535,597600,0.0,0.0
2022-06-09 00:00:00-04:00,22.308801681277735,23.950698223666475,22.308801681277735,23.511585235595703,491600,0.0,0.0
2022-06-10 00:00:00-04:00,21.535577067612852,21.583307720289433,19.94140968297966,20.43779754638672,3206400,0.0,0.0
2022-06-13 00:00:00-04:00,20.036871790643048,20.036871790643048,17.583572364787866,18.509525299072266,1418400,0.0,0.0
2022-06-14 00:00:00-04:00,18.643169428920853,18.94386438852875,16.934450065233438,17.32583236694336,651400,0.0,0.0
2022-06-15 00:00:00-04:00,17.268553131144788,18.385424790100252,16.934445882258654,18.204051971435547,408700,0.0,0.0
2022-06-16 00:00:00-04:00,17.67902582741602,17.960630246367536,16.94399031751032,17.56447410583496,349600,0.0,0.0
2022-06-17 00:00:00-04:00,17.74585082210853,18.51906919599865,17.4976568878654,18.08950424194336,402700,0.0,0.0
2022-06-21 00:00:00-04:00,18.337692361711287,18.480882469282818,17.741072982622743,17.955856323242188,279100,0.0,0.0
2022-06-22 00:00:00-04:00,17.984499284262927,18.576344839274437,17.869947533210656,18.270875930786133,257300,0.0,0.0
2022-06-23 00:00:00-04:00,18.299513034365717,18.72907979462193,17.774488612486504,17.91767692565918,200500,0.0,0.0
2022-06-24 00:00:00-04:00,18.070410904144747,19.153872086476866,18.070410904144747,18.280420303344727,1531600,0.0,0.0
2022-06-27 00:00:00-04:00,19.454566966630633,19.55002644641985,18.738623599318732,19.06318473815918,447000,0.0,0.0
2022-06-28 00:00:00-04:00,19.09182100231169,19.130005518270522,18.39496997270442,18.786352157592773,384000,0.0,0.0
2022-06-29 00:00:00-04:00,18.891361007732463,18.905679293312833,17.898585270759952,18.08950424194336,287200,0.0,0.0
2022-06-30 00:00:00-04:00,17.955860646461566,18.795901954087558,17.66948400384351,18.776809692382812,219200,0.0,0.0
2022-07-01 00:00:00-04:00,18.853182681160348,19.275111597668378,18.66226364723281,19.04410171508789,176000,0.0,0.0
2022-07-05 00:00:00-04:00,18.93908939377831,19.38774659852506,18.1276865164804,19.368656158447266,271400,0.0,0.0
2022-07-06 00:00:00-04:00,19.702764078313887,20.418707561633298,19.311381786425017,20.065509796142578,854600,0.0,0.0
2022-07-07 00:00:00-04:00,19.998690910838015,21.153745651245117,19.998690910838015,21.153745651245117,252000,0.0,0.0
2022-07-08 00:00:00-04:00,21.287383632388014,21.72649654356269,20.953278159550866,21.650129318237305,501200,0.0,0.0
2022-07-11 00:00:00-04:00,21.46875763830829,21.497396032133548,19.454569457724414,19.62639617919922,180500,0.0,0.0
2022-07-12 00:00:00-04:00,19.67412850476554,20.399618156578676,19.67412850476554,20.00823402404785,125500,0.0,0.0
2022-07-13 00:00:00-04:00,19.721856558988268,20.265973320992913,19.464116465173927,19.81731605529785,85100,0.0,0.0
2022-07-14 00:00:00-04:00,19.215923320748043,19.301836689008645,18.55725659173481,19.0822811126709,167200,0.0,0.0
2022-07-15 00:00:00-04:00,19.61684562229767,20.428248390241077,19.206372994503205,20.361427307128906,203000,0.0,0.0
2022-07-18 00:00:00-04:00,20.943734171647808,21.03441969201947,20.141877313320247,20.351886749267578,81900,0.0,0.0
2022-07-19 00:00:00-04:00,20.456886981561862,21.077370814738508,20.456886981561862,20.895998001098633,92400,0.0,0.0
2022-07-20 00:00:00-04:00,20.972362845079488,21.583302300766466,20.823446523449952,21.249195098876953,123500,0.0,0.0
2022-07-21 00:00:00-04:00,21.201469520283094,21.363750095905075,20.77190457592247,21.335113525390625,57500,0.0,0.0
2022-07-22 00:00:00-04:00,21.545121037833713,21.545121037833713,20.590529928877054,20.819631576538086,77400,0.0,0.0
2022-07-25 00:00:00-04:00,20.72417633852229,21.26829491129179,20.723222271590835,20.981916427612305,65400,0.0,0.0
2022-07-26 00:00:00-04:00,21.0201008832917,21.440119744765965,20.695539695318963,21.37329864501953,76200,0.0,0.0
2022-07-27 00:00:00-04:00,21.430573277831723,21.943187560447534,21.039191029490336,21.745588302612305,152100,0.0,0.0
2022-07-28 00:00:00-04:00,21.917414455640994,22.06060460123163,21.31602276296599,21.965145111083984,182000,0.0,0.0
2022-07-29 00:00:00-04:00,21.96514327533585,22.774586395194962,21.826244200439223,22.65484619140625,105300,0.08,0.0
2022-08-01 00:00:00-04:00,22.53031980806333,22.77937968020903,22.242942189237954,22.6452693939209,98000,0.0,0.0
2022-08-02 00:00:00-04:00,22.645267145976135,23.26791767807663,22.444104477148993,23.143386840820312,105300,0.0,0.0
2022-08-03 00:00:00-04:00,23.15297082699278,23.593613994126432,23.10507546607509,23.306238174438477,96100,0.0,0.0
2022-08-04 00:00:00-04:00,23.258337986517333,23.756455848791703,22.886663923907335,23.689401626586914,168700,0.0,0.0
2022-08-05 00:00:00-04:00,23.315810018505154,24.58984557114913,23.23917636974049,24.541950225830078,86600,0.0,0.0
2022-08-08 00:00:00-04:00,24.541952700048355,25.557349105320796,24.541952700048355,25.126283645629883,164100,0.0,0.0
2022-08-09 00:00:00-04:00,24.858067909879562,25.049651146411676,24.225839757851485,24.618587493896484,128800,0.0,0.0
2022-08-10 00:00:00-04:00,25.107129335420364,25.72020052579906,25.06977080935181,25.46156120300293,119300,0.0,0.0
2022-08-11 00:00:00-04:00,25.576506722568617,26.02672920399638,25.49029363485622,25.710615158081055,115500,0.0,0.0
2022-08-12 00:00:00-04:00,25.19333657127829,25.19333657127829,23.10506908251295,24.427000045776367,251600,0.0,0.0
2022-08-15 00:00:00-04:00,24.49405663829064,24.973017469941503,24.197101434252467,24.963438034057617,113800,0.0,0.0
2022-08-16 00:00:00-04:00,24.973018179096428,26.074627757757536,24.69522183893749,25.76809310913086,95400,0.0,0.0
2022-08-17 00:00:00-04:00,25.57650999642321,26.28537183172418,25.231657601431685,26.16084098815918,133300,0.0,0.0
2022-08-18 00:00:00-04:00,25.92136022403758,26.314107967804013,25.16460304474029,25.8447265625,129800,0.0,0.0
2022-08-19 00:00:00-04:00,25.566930745866934,25.940519625093383,25.241237220919025,25.39450454711914,116900,0.0,0.0
2022-08-22 00:00:00-04:00,25.24123804547504,25.68188116592221,24.867647326953843,24.915544509887695,80800,0.0,0.0
2022-08-23 00:00:00-04:00,25.078390093946766,25.29871164377087,24.5323750239085,24.905963897705078,148800,0.0,0.0
2022-08-24 00:00:00-04:00,24.953857301222097,25.576507811679047,24.810169424612987,25.375343322753906,90500,0.0,0.0
2022-08-25 00:00:00-04:00,25.576507934254003,26.074625787080112,25.33702752972762,25.595664978027344,116700,0.0,0.0
2022-08-26 00:00:00-04:00,25.614822967758148,25.614822967758148,24.695219123014034,24.743114471435547,92100,0.0,0.0
2022-08-29 00:00:00-04:00,24.37910349381888,24.800587648479375,24.110884809597405,24.541950225830078,74200,0.0,0.0
2022-08-30 00:00:00-04:00,24.714379168623765,24.81017170419484,24.21626127241734,24.704801559448242,150000,0.0,0.0
2022-08-31 00:00:00-04:00,25.164600093503466,25.164600093503466,24.427000045776367,24.427000045776367,77300,0.0,0.0
2022-09-01 00:00:00-04:00,24.101313370154738,24.110892807814363,23.33497662829406,24.091733932495117,98800,0.0,0.0
2022-09-02 00:00:00-04:00,24.41742203583629,24.70479961998883,23.631926594582247,23.890565872192383,127100,0.0,0.0
2022-09-06 00:00:00-04:00,24.781434731856862,26.429059368114743,24.484477694756706,25.327449798583984,230400,0.0,0.0
2022-09-07 00:00:00-04:00,25.451977876430664,26.64937993555586,25.317869430477618,26.57274627685547,146500,0.0,0.0
2022-09-08 00:00:00-04:00,26.505691865632375,26.73559284010076,25.77767119960388,26.007572174072266,96700,0.0,0.0
2022-09-09 00:00:00-04:00,26.256630437231358,26.678116445230227,26.05546778185557,26.44821548461914,111500,0.0,0.0
2022-09-12 00:00:00-04:00,26.850538704468573,27.319919992277722,25.509447222625113,25.978830337524414,129300,0.0,0.0
2022-09-13 00:00:00-04:00,25.461560557704022,26.237476679336737,24.829332336063914,25.69146156311035,174100,0.0,0.0
2022-09-14 00:00:00-04:00,25.863884847374866,26.266212018084317,25.471137112526417,26.247053146362305,144300,0.0,0.0
2022-09-15 00:00:00-04:00,26.294949605832187,26.587114169687215,25.22207657094713,25.614824295043945,213200,0.0,0.0
2022-09-16 00:00:00-04:00,25.279553514057376,25.43282084253189,24.695222509407298,24.896385192871094,750700,0.0,0.0
2022-09-19 00:00:00-04:00,24.42700130176728,25.43281827159209,24.42700130176728,25.126283645629883,134900,0.0,0.0
2022-09-20 00:00:00-04:00,24.76227487753728,24.76227487753728,23.584031693218638,23.612768173217773,108200,0.0,0.0
2022-09-21 00:00:00-04:00,23.84266910373662,24.733536523841984,23.679822351383052,23.7372989654541,137300,0.0,0.0
2022-09-22 00:00:00-04:00,23.53613750005663,23.665457157727253,22.779380254946883,23.402029037475586,148900,0.0,0.0
2022-09-23 00:00:00-04:00,22.970961950552287,23.392448010560678,22.511159972592576,23.028438568115234,126100,0.0,0.0
2022-09-26 00:00:00-04:00,23.066755062321423,23.679824381583433,22.654848428283252,22.970962524414062,97400,0.0,0.0
2022-09-27 00:00:00-04:00,23.267913974207953,23.679818682012783,22.736267252521987,22.894323348999023,105700,0.0,0.0
2022-09-28 00:00:00-04:00,22.884749577320747,23.77561707981225,22.832063589761894,23.70856285095215,131800,0.0,0.0
2022-09-29 00:00:00-04:00,23.27749861491246,23.27749861491246,22.827276034290584,23.248762130737305,85700,0.0,0.0
2022-09-30 00:00:00-04:00,23.248758564254985,23.857039022889996,22.865590274942914,23.04759407043457,253500,0.0,0.0
2022-10-03 00:00:00-04:00,23.50739597564297,24.781431578239495,23.378076345702787,24.331207275390625,142300,0.0,0.0
2022-10-04 00:00:00-04:00,24.96343544655039,25.576506489939113,24.810168142475803,25.14544105529785,141600,0.0,0.0
2022-10-05 00:00:00-04:00,24.609009638493454,25.202920085104022,24.465321745093522,24.992177963256836,66800,0.0,0.0
2022-10-06 00:00:00-04:00,24.714379599108256,25.748934981696724,24.685643116899843,25.24123764038086,62700,0.0,0.0
2022-10-07 00:00:00-04:00,24.81975056336277,24.920331901182934,24.417423384991512,24.810171127319336,51600,0.0,0.0
2022-10-10 00:00:00-04:00,24.752695676262764,25.38492382149889,24.46531991100655,25.164602279663086,66900,0.0,0.0
2022-10-11 00:00:00-04:00,25.078389438237803,26.055469973333174,24.81017071475361,25.777671813964844,137800,0.0,0.0
2022-10-12 00:00:00-04:00,25.796829061169987,26.03630946192041,25.193337428108265,25.748931884765625,98600,0.0,0.0
2022-10-13 00:00:00-04:00,25.212498122853535,27.262449916927036,24.877225172127066,27.204975128173828,107700,0.0,0.0
2022-10-14 00:00:00-04:00,27.885103550877663,27.975148066486987,25.863888014003177,25.959680557250977,104000,0.0,0.0
2022-10-17 00:00:00-04:00,26.658963371617673,27.559410366782664,26.611068012901896,27.185819625854492,63900,0.0,0.0
2022-10-18 00:00:00-04:00,27.731834992193694,28.038369655425136,26.27579351475364,26.984655380249023,120900,0.0,0.0
2022-10-19 00:00:00-04:00,26.68769618208969,27.166656978884753,26.333264388541554,27.0612850189209,54100,0.0,0.0
2022-10-20 00:00:00-04:00,26.984652617959036,27.7366209576891,26.812226430769115,27.11876106262207,69000,0.0,0.0
2022-10-21 00:00:00-04:00,27.434874594503718,28.04315504206375,27.17623714585867,27.693513870239258,119900,0.0,0.0
2022-10-24 00:00:00-04:00,27.894679720103746,28.43590414593245,27.46361423953253,28.268268585205078,114900,0.0,0.0
2022-10-25 00:00:00-04:00,28.105421962023268,28.464642588504045,27.272029304668006,27.329505920410156,129500,0.0,0.0
2022-10-26 00:00:00-04:00,27.473193116084595,27.51629966326406,27.051707080006565,27.214553833007812,102200,0.0,0.0
2022-10-27 00:00:00-04:00,27.501928939800646,27.794095327367632,27.080444740872025,27.27202796936035,124800,0.0,0.0
2022-10-28 00:00:00-04:00,27.415720572317476,28.957973307083787,27.415720572317476,28.689756393432617,152500,0.0,0.0
2022-10-31 00:00:00-04:00,28.632125802096994,28.94908653673334,28.094253428892557,28.20951271057129,113100,0.08,0.0
2022-11-01 00:00:00-04:00,28.670543572664315,30.130484570917574,28.545679209506567,29.26604461669922,106000,0.0,0.0
2022-11-02 00:00:00-04:00,29.256442024175403,29.60221803540277,28.564891833704788,28.80501365661621,87900,0.0,0.0
2022-11-03 00:00:00-04:00,28.228720843035244,29.650243423343166,28.228720843035244,29.102764129638672,191500,0.0,0.0
2022-11-04 00:00:00-04:00,29.29486271540324,30.25535001754761,28.383360837247285,28.814619064331055,266500,0.0,0.0
2022-11-07 00:00:00-05:00,29.256436708899436,29.256436708899436,28.555281553059338,28.641725540161133,94200,0.0,0.0
2022-11-08 00:00:00-05:00,28.593705434725535,28.756988338006856,27.80802611414016,28.09425163269043,86500,0.0,0.0
2022-11-09 00:00:00-05:00,28.08464830141572,28.171092304572014,27.393098108149474,27.431516647338867,62500,0.0,0.0
2022-11-10 00:00:00-05:00,28.60330818985801,28.68014708912491,27.047318189723423,27.306650161743164,203600,0.0,0.0
2022-11-11 00:00:00-05:00,28.814616806666102,28.833826990880038,28.094251386499447,28.564889907836914,338300,0.0,0.0
2022-11-14 00:00:00-05:00,28.536076200696108,28.79540820589276,28.1614867478459,28.31516456604004,199000,0.0,0.0
2022-11-15 00:00:00-05:00,25.47212094852964,25.856315461602737,23.73363779989996,24.300325393676758,739500,0.0,0.0
2022-11-16 00:00:00-05:00,24.25230423950647,25.707441907641936,24.25230423950647,25.155162811279297,252600,0.0,0.0
2022-11-17 00:00:00-05:00,24.92464454861846,25.760267419422924,24.92464454861846,25.347257614135742,193500,0.0,0.0
2022-11-18 00:00:00-05:00,25.91394509473905,25.91394509473905,24.18506880892823,24.386770248413086,122200,0.0,0.0
2022-11-21 00:00:00-05:00,24.386771711539293,24.61728844134538,24.050602625562153,24.252304077148438,158500,0.0,0.0
2022-11-22 00:00:00-05:00,24.2523034307235,24.631696339910008,23.781664890915867,24.29072380065918,145100,0.0,0.0
2022-11-23 00:00:00-05:00,24.156253132926338,24.377164753084948,23.82008224069403,23.954551696777344,87300,0.0,0.0
2022-11-25 00:00:00-05:00,24.069809567486388,24.64610227419704,23.839292851198927,24.62689208984375,119500,0.0,0.0
2022-11-28 00:00:00-05:00,24.44440082045742,24.713336073313624,24.021785924846807,24.68452262878418,156300,0.0,0.0
2022-11-29 00:00:00-05:00,24.684524635456384,25.26081555670165,24.27151479844223,24.329143524169922,130000,0.0,0.0
2022-11-30 00:00:00-05:00,24.329141270589634,24.93424741464054,24.10822964910946,24.9150390625,151300,0.0,0.0
2022-12-01 00:00:00-05:00,25.068716592556758,25.433700926941313,24.818989697668812,25.14555549621582,94800,0.0,0.0
2022-12-02 00:00:00-05:00,24.75175480968153,25.342454199372114,24.73254462660609,24.99187660217285,128700,0.0,0.0
2022-12-05 00:00:00-05:00,24.953460369610656,24.953460369610656,24.338749065239607,24.703733444213867,138500,0.0,0.0
2022-12-06 00:00:00-05:00,24.751755777855493,24.751755777855493,23.781663478406976,23.887317657470703,119900,0.0,0.0
2022-12-07 00:00:00-05:00,23.72403335891934,23.848895882457633,22.08159937832518,22.23527717590332,131600,0.0,0.0
2022-12-08 00:00:00-05:00,22.043181969724095,22.427376483273807,21.610961996990703,22.091205596923828,126800,0.0,0.0
2022-12-09 00:00:00-05:00,21.822269178755384,22.571449876731347,21.822269178755384,22.35053825378418,89800,0.0,0.0
2022-12-12 00:00:00-05:00,22.071994569024632,22.187253834673,20.904042559712607,21.169137954711914,135700,0.0,0.0
2022-12-13 00:00:00-05:00,21.25557877535225,21.495700551012273,20.467979644304783,20.890594482421875,407300,0.0,0.0
2022-12-14 00:00:00-05:00,20.669685536411396,21.245978238219028,20.31430445683509,21.034669876098633,287800,0.0,0.0
2022-12-15 00:00:00-05:00,20.65047867350215,20.98664962295602,20.501602470062558,20.900205612182617,171800,0.0,0.0
2022-12-16 00:00:00-05:00,20.63126839196528,20.756132776727195,20.0741857872953,20.71771240234375,269800,0.0,0.0
2022-12-19 00:00:00-05:00,20.487191110104025,20.986644874457106,20.362328585007692,20.57363510131836,168800,0.0,0.0
2022-12-20 00:00:00-05:00,20.467983765041687,20.7465259602373,20.30470085144043,20.30470085144043,140700,0.0,0.0
2022-12-21 00:00:00-05:00,20.612055717743193,20.612055717743193,19.757222642681956,20.160627365112305,119500,0.0,0.0
2022-12-22 00:00:00-05:00,19.88208577079837,19.88208577079837,19.36342180349812,19.584333419799805,104800,0.0,0.0
2022-12-23 00:00:00-05:00,19.248165355587403,19.74089395148891,19.20974498626254,19.315399169921875,164300,0.0,0.0
2022-12-27 00:00:00-05:00,19.31540011517848,19.411447379222917,18.777525910212145,19.046463012695312,130300,0.0,0.0
2022-12-28 00:00:00-05:00,19.190536462344642,19.190536462344642,18.719897889290344,18.76792335510254,117400,0.0,0.0
2022-12-29 00:00:00-05:00,18.91199662568901,19.15211846561706,18.70645165654039,19.084884643554688,106200,0.0,0.0
2022-12-30 00:00:00-05:00,18.902386482927955,19.421048565992418,18.873571210319575,19.344209671020508,218200,0.0,0.0
2023-01-03 00:00:00-05:00,19.248166723262727,19.469078366625418,18.79673651153947,19.238561630249023,136500,0.0,0.0
2023-01-04 00:00:00-05:00,19.507498293669098,19.968533631185434,19.353820458491754,19.6419677734375,199300,0.0,0.0
2023-01-05 00:00:00-05:00,19.74762046200254,20.11260670048595,19.424898102060578,20.074186325073242,99900,0.0,0.0
2023-01-06 00:00:00-05:00,20.30470013975578,20.66968632535827,20.170232509262267,20.640871047973633,119100,0.0,0.0
2023-01-09 00:00:00-05:00,20.813757075983318,20.996250151491356,20.400747299194336,20.400747299194336,96400,0.0,0.0
2023-01-10 00:00:00-05:00,20.275886369882414,20.775338346001675,20.006949281215093,20.68889617919922,86100,0.0,0.0
2023-01-11 00:00:00-05:00,20.784941983920916,20.861780885022913,20.42956275331815,20.823362350463867,69000,0.0,0.0
2023-01-12 00:00:00-05:00,20.871388133536872,21.169140509063173,20.789747594172116,21.130720138549805,57300,0.0,0.0
2023-01-13 00:00:00-05:00,21.0058563431688,21.314171920583906,20.9962512511144,21.09229850769043,42900,0.0,0.0
2023-01-17 00:00:00-05:00,21.12111619974472,21.236375485597208,20.775340174171447,20.986648559570312,63100,0.0,0.0
2023-01-18 00:00:00-05:00,21.1979539549641,21.687802687104934,20.96263559751407,21.130720138549805,215200,0.0,0.0
2023-01-19 00:00:00-05:00,20.861779850070363,21.106705094671174,20.467980272461034,20.852174758911133,80000,0.0,0.0
2023-01-20 00:00:00-05:00,20.986648038400784,21.73582696589262,20.919414219983224,21.149930953979492,103400,0.0,0.0
2023-01-23 00:00:00-05:00,21.332426100386797,21.332426100386797,20.63127067805453,20.909812927246094,64600,0.0,0.0
2023-01-24 00:00:00-05:00,21.05387945784957,21.370840159976606,20.636068039587553,21.31321144104004,54800,0.0,0.0
2023-01-25 00:00:00-05:00,21.09230332701869,21.582152141813527,21.01546440501074,21.543733596801758,35700,0.0,0.0
2023-01-26 00:00:00-05:00,21.716620144864923,21.77424887443554,21.322820467494505,21.438077926635742,39600,0.0,0.0
2023-01-27 00:00:00-05:00,21.342028201251253,21.735827867154885,21.255584193420287,21.65898895263672,37600,0.0,0.0
2023-01-30 00:00:00-05:00,21.514911418515126,21.88758089520592,21.447677612304688,21.447677612304688,41800,0.0,0.0
2023-01-31 00:00:00-05:00,21.447677644288387,21.995155017942746,21.447677644288387,21.985549926757812,45500,0.0,0.0
2023-02-01 00:00:00-05:00,21.899110250627135,22.436984471002926,21.86069171030554,22.120023727416992,57700,0.0,0.0
2023-02-02 00:00:00-05:00,22.226043103364187,22.588446511173903,22.168213495944475,22.33206558227539,53700,0.08,0.0
2023-02-03 00:00:00-05:00,22.168214935563405,22.833261898373962,22.168214935563405,22.264598846435547,59800,0.0,0.0
2023-02-06 00:00:00-05:00,22.052553490563948,22.46700301323299,21.985085305640183,22.29351234436035,53000,0.0,0.0
2023-02-07 00:00:00-05:00,22.177854231476072,22.58844871241966,22.061229860982714,22.52483558654785,50500,0.0,0.0
2023-02-08 00:00:00-05:00,22.360984832080337,22.515198368436447,22.062194496816304,22.409175872802734,44300,0.0,0.0
2023-02-09 00:00:00-05:00,22.56338253942721,22.611573565477187,22.08146492544821,22.17784881591797,43600,0.0,0.0
2023-02-10 00:00:00-05:00,22.07182900328194,22.573023823219877,21.965808365565472,22.438087463378906,50700,0.0,0.0
2023-02-13 00:00:00-05:00,22.389894316587323,22.611576001693336,22.120021600239138,22.515193939208984,46400,0.0,0.0
2023-02-14 00:00:00-05:00,22.370617628486098,22.910366749014987,22.370617628486098,22.58266258239746,39200,0.0,0.0
2023-02-15 00:00:00-05:00,22.447726858272464,23.074219486918995,22.380256837514757,22.794706344604492,67100,0.0,0.0
2023-02-16 00:00:00-05:00,22.515194109040426,22.842898271395093,22.389894485473633,22.389894485473633,41800,0.0,0.0
2023-02-17 00:00:00-05:00,22.467003452396966,23.103134691784355,22.357125904071836,22.90073013305664,47100,0.0,0.0
2023-02-21 00:00:00-05:00,22.81398152800544,22.93927930759251,21.79231662907184,21.936891555786133,60800,0.0,0.0
2023-02-22 00:00:00-05:00,22.0043634390763,22.5344722057841,21.949425582716163,22.15857696533203,44900,0.0,0.0
2023-02-23 00:00:00-05:00,22.34170638538997,22.61157913918461,21.753766163131203,22.303152084350586,128200,0.0,0.0
2023-02-24 00:00:00-05:00,22.014002090339797,22.014002090339797,20.33692860773538,20.982698440551758,171100,0.0,0.0
2023-02-27 00:00:00-05:00,21.156188264851412,21.946533017372445,20.924866145624115,20.944143295288086,56200,0.0,0.0
2023-02-28 00:00:00-05:00,20.818843267675117,20.963418197917793,20.452584816799018,20.703182220458984,97000,0.0,0.0
2023-03-01 00:00:00-05:00,20.741738561027322,21.117633784399857,20.601981984717476,21.069442749023438,51300,0.0,0.0
2023-03-02 00:00:00-05:00,20.857394585594662,21.19473729665383,20.857394585594662,20.963417053222656,28000,0.0,0.0
2023-03-03 00:00:00-05:00,21.06944239693257,21.647742165266315,21.06944239693257,21.41642189025879,41600,0.0,0.0
2023-03-06 00:00:00-05:00,21.580273661023437,21.93689356201176,21.242932747295416,21.445337295532227,63200,0.0,0.0
2023-03-07 00:00:00-05:00,21.454975360039448,21.589911722323514,20.953780531027117,21.059803009033203,42300,0.0,0.0
2023-03-08 00:00:00-05:00,21.156191069513557,21.214020687801725,20.69354860809694,21.03089141845703,41800,0.0,0.0
2023-03-09 00:00:00-05:00,21.136911967340424,21.3393165318617,20.85739880105456,20.982698440551758,61700,0.0,0.0
2023-03-10 00:00:00-05:00,20.895951144466874,20.895951144466874,20.009222529313,20.124881744384766,49400,0.0,0.0
2023-03-13 00:00:00-04:00,19.874287680239433,19.999585479177895,19.4559830824981,19.78754234313965,61100,0.0,0.0
2023-03-14 00:00:00-04:00,20.201991094960572,20.394758929329484,19.402007707559125,19.70079803466797,84900,0.0,0.0
2023-03-15 00:00:00-04:00,19.1899624909951,19.276707823269422,18.20684995079953,18.968280792236328,129700,0.0,0.0
2023-03-16 00:00:00-04:00,18.486364485184907,18.496003060424922,15.98039191225962,18.26468276977539,278100,0.0,0.0
2023-03-17 00:00:00-04:00,18.177937882037654,18.78515343026333,17.61891337283756,18.332151412963867,337600,0.0,0.0
2023-03-20 00:00:00-04:00,18.418894549016635,18.582746635807613,17.956252173249705,18.139381408691406,154200,0.0,0.0
2023-03-21 00:00:00-04:00,18.418894411400146,18.712864491831983,18.235765177326694,18.3128719329834,118100,0.0,0.0
2023-03-22 00:00:00-04:00,18.312872640831532,18.327329583585325,17.92733884764595,17.98516845703125,85600,0.0,0.0
2023-03-23 00:00:00-04:00,18.052638586404402,18.062277162068966,17.647827600344357,17.715295791625977,112900,0.0,0.0
2023-03-24 00:00:00-04:00,17.551441243434944,18.187574280318213,17.551441243434944,18.139381408691406,109400,0.0,0.0
2023-03-27 00:00:00-04:00,18.303234882652674,19.03575004156544,18.19721239540852,18.92972755432129,249000,0.0,0.0
2023-03-28 00:00:00-04:00,18.833343833131124,19.199600461365552,18.81406668470561,19.074302673339844,65700,0.0,0.0
2023-03-29 00:00:00-04:00,19.247794362345022,19.65646041034054,19.02611263752704,19.575498580932617,69900,0.0,0.0
2023-03-30 00:00:00-04:00,19.748985043412446,20.192350236624346,19.710432587429203,20.095966339111328,62700,0.0,0.0
2023-03-31 00:00:00-04:00,20.24054109193845,20.780288339646564,20.067050445582648,20.76101303100586,88500,0.0,0.0
2023-04-03 00:00:00-04:00,20.780292479186233,20.809208205462333,20.153799783499696,20.732101440429688,118000,0.0,0.0
2023-04-04 00:00:00-04:00,20.71282697189819,20.71282697189819,20.105611348427722,20.404399871826172,64400,0.0,0.0
2023-04-05 00:00:00-04:00,20.192353526022917,20.481503427295465,20.192353526022917,20.29837417602539,58500,0.0,0.0
2023-04-06 00:00:00-04:00,20.317649388591114,20.61643783652582,20.062233605547743,20.520055770874023,43900,0.0,0.0
2023-04-10 00:00:00-04:00,20.298373910686426,20.751377745360745,20.298373910686426,20.693546295166016,47800,0.0,0.0
2023-04-11 00:00:00-04:00,20.818845952748006,21.059804813686362,20.635716703691195,21.011611938476562,66800,0.0,0.0
2023-04-12 00:00:00-04:00,21.214017723342742,21.73448789194631,21.1513679065692,21.387508392333984,67700,0.0,0.0
2023-04-13 00:00:00-04:00,21.397144930643435,21.705571940220207,21.348952061415822,21.560997009277344,53300,0.0,0.0
2023-04-14 00:00:00-04:00,21.40678313924095,21.686296284886023,21.40678313924095,21.54172134399414,48700,0.0,0.0
2023-04-17 00:00:00-04:00,21.46461507825532,21.68629678192842,21.46461507825532,21.657381057739258,37800,0.0,0.0
2023-04-18 00:00:00-04:00,21.70557613509535,21.75858738230582,21.300765147198533,21.580276489257812,66400,0.0,0.0
2023-04-19 00:00:00-04:00,21.358591118321012,21.71521100519094,21.214016184108345,21.406782150268555,42300,0.0,0.0
2023-04-20 00:00:00-04:00,21.435698642983887,21.459794159823794,20.89595134461558,21.07908058166504,42100,0.0,0.0
2023-04-21 00:00:00-04:00,21.24293011978575,21.24293011978575,20.78028779549503,20.915225982666016,56300,0.0,0.0
2023-04-24 00:00:00-04:00,20.924866035713286,21.175463464918078,20.76101577954071,21.16582489013672,46400,0.0,0.0
2023-04-25 00:00:00-04:00,20.924865469478682,21.204378615463817,19.970668652387225,20.1441593170166,57300,0.0,0.0
2023-04-26 00:00:00-04:00,19.93211794821038,20.086331477381155,19.76826584367015,20.04777717590332,42600,0.0,0.0
2023-04-27 00:00:00-04:00,20.10560756353656,20.63089794395131,20.009223653315743,20.08633041381836,45600,0.0,0.0
2023-04-28 00:00:00-04:00,20.028501425069745,20.558610190192823,20.028501425069745,20.29837417602539,44700,0.0,0.0
2023-05-01 00:00:00-04:00,20.240544862657917,20.78993078621939,20.240544862657917,20.53933334350586,26800,0.0,0.0
2023-05-02 00:00:00-04:00,20.587522561894765,20.587522561894765,19.826091793748873,20.095966339111328,46800,0.0,0.0
2023-05-03 00:00:00-04:00,20.105606857304583,20.683906621575684,20.086329708263513,20.1441593170166,40900,0.0,0.0
2023-05-04 00:00:00-04:00,20.008707027402682,20.008707027402682,19.544288745383103,19.65071678161621,34700,0.08,0.0
2023-05-05 00:00:00-04:00,19.911949542328713,20.405394579341255,19.911949542328713,20.279613494873047,32200,0.0,0.0
2023-05-08 00:00:00-04:00,20.211888044016405,20.47312400302063,19.718442958819782,20.076433181762695,169700,0.0,0.0
2023-05-09 00:00:00-04:00,19.940981698774987,20.521503689916138,19.873254256170814,20.26994514465332,51300,0.0,0.0
2023-05-10 00:00:00-04:00,21.276182431842656,21.276182431842656,20.24091599500547,20.618255615234375,38900,0.0,0.0
2023-05-11 00:00:00-04:00,20.531174567511737,20.531174567511737,19.844222841886197,20.50214958190918,76700,0.0,0.0
2023-05-12 00:00:00-04:00,20.69565711731469,20.821438211628305,20.502150438620436,20.6279296875,36800,0.0,0.0
2023-05-15 00:00:00-04:00,20.608577182447345,20.985918596452386,20.540849756850886,20.898839950561523,58800,0.0,0.0
2023-05-16 00:00:00-04:00,20.753710526999335,21.17942632216018,20.67146875935265,20.927865982055664,45500,0.0,0.0
2023-05-17 00:00:00-04:00,21.08267182236248,21.634168655768416,20.95205385990836,21.227802276611328,317000,0.0,0.0
2023-05-18 00:00:00-04:00,21.256829348707498,21.547092131157683,21.014944619382696,21.489038467407227,53700,0.0,0.0
2023-05-19 00:00:00-04:00,21.711573016442415,22.224367442532778,21.50451901669258,21.721248626708984,53600,0.0,0.0
2023-05-22 00:00:00-04:00,21.77930044287443,22.15180313368446,21.556766943045254,21.721248626708984,46200,0.0,0.0
2023-05-23 00:00:00-04:00,21.614818691659096,21.787040124824262,21.33423153110742,21.363258361816406,52600,0.0,0.0
2023-05-24 00:00:00-04:00,21.24715255330342,21.24715255330342,20.482797810884517,20.5892276763916,48300,0.0,0.0
2023-05-25 00:00:00-04:00,20.482797181513888,20.50214840109038,20.192536269601987,20.318315505981445,39000,0.0,0.0
2023-05-26 00:00:00-04:00,20.298967408977273,20.511827166194976,20.18286376452594,20.453773498535156,38400,0.0,0.0
2023-05-30 00:00:00-04:00,20.49247095277036,20.52149593409718,19.9409741623563,20.066753387451172,56100,0.0,0.0
2023-05-31 00:00:00-04:00,20.047409817793064,20.221567153930664,19.94581865352427,20.221567153930664,127200,0.0,0.0
2023-06-01 00:00:00-04:00,20.28929100294483,20.734359877065472,20.22156357209549,20.482799530029297,35300,0.0,0.0
2023-06-02 00:00:00-04:00,20.840784856084525,21.566438894046797,20.782731204335317,21.421306610107422,59300,0.0,0.0
2023-06-05 00:00:00-04:00,21.237480914151096,21.280051388267346,20.918193131108666,21.053647994995117,40400,0.0,0.0
2023-06-06 00:00:00-04:00,18.605775866703606,19.52493872105661,18.5090215906505,18.760581970214844,912600,0.0,0.0
2023-06-07 00:00:00-04:00,18.934734747890964,19.679740095405904,18.789604291404206,19.505582809448242,241000,0.0,0.0
2023-06-08 00:00:00-04:00,19.263701827234033,19.689419514670952,19.070193284189735,19.350780487060547,121500,0.0,0.0
2023-06-09 00:00:00-04:00,19.389477825611248,19.5055814445025,19.15726689696125,19.418502807617188,79600,0.0,0.0
2023-06-12 00:00:00-04:00,19.36045326804733,19.578149885783997,19.254023400390746,19.428180694580078,128700,0.0,0.0
2023-06-13 00:00:00-04:00,19.699088639209297,19.815192250454114,19.447528354267366,19.486228942871094,82400,0.0,0.0
2023-06-14 00:00:00-04:00,19.476559748235378,19.621692078235718,19.02181707114578,19.350780487060547,78200,0.0,0.0
2023-06-15 00:00:00-04:00,19.350777230315657,19.50558330052347,19.11856812500394,19.466882705688477,59900,0.0,0.0
2023-06-16 00:00:00-04:00,19.689421378340807,20.25059399176507,19.50075154600321,20.221567153930664,250700,0.0,0.0
2023-06-20 00:00:00-04:00,20.192538240000854,20.211887616031596,19.781333088327187,19.911951065063477,67200,0.0,0.0
2023-06-21 00:00:00-04:00,19.853895928375376,20.105456229078037,19.776492900884847,19.873247146606445,118200,0.0,0.0
2023-06-22 00:00:00-04:00,19.85389600976533,20.08610509318885,19.718439327026296,20.028053283691406,51800,0.0,0.0
2023-06-23 00:00:00-04:00,19.805520024998327,19.97967731704762,19.660389563435228,19.728116989135742,172200,0.0,0.0
2023-06-26 00:00:00-04:00,20.11513510861901,21.247153877679988,20.00289950097795,20.87948989868164,134600,0.0,0.0
2023-06-27 00:00:00-04:00,20.86013753810974,22.0502117517454,20.68598024609311,22.02118492126465,130700,0.0,0.0
2023-06-28 00:00:00-04:00,22.08891131344216,22.41787466176317,21.353581584573664,21.38260841369629,100400,0.0,0.0
2023-06-29 00:00:00-04:00,21.46001742353577,21.774466522167238,21.401965594554238,21.44066619873047,110000,0.0,0.0
2023-06-30 00:00:00-04:00,21.614820010799082,21.653520608672316,21.05364750088165,21.092348098754883,104300,0.0,0.0
2023-07-03 00:00:00-04:00,21.13104852105796,21.363257622390766,21.106860419021316,21.34390640258789,53300,0.0,0.0
2023-07-05 00:00:00-04:00,21.27618033142154,21.440662019335694,21.02945872226731,21.072998046875,77900,0.0,0.0
2023-07-06 00:00:00-04:00,21.034296333403642,21.31488351180207,20.72468416788405,21.247154235839844,76600,0.0,0.0
2023-07-07 00:00:00-04:00,21.28585354281556,21.571277561866122,21.28585354281556,21.31488037109375,47400,0.0,0.0
2023-07-10 00:00:00-04:00,21.343905353938137,21.585790053288314,21.276177933389498,21.31488037109375,36000,0.0,0.0
2023-07-11 00:00:00-04:00,21.372933284023755,21.40196011379832,21.053645538239103,21.140724182128906,40000,0.0,0.0
2023-07-12 00:00:00-04:00,21.29553254272149,21.401962417919172,21.102024014259168,21.150402069091797,48400,0.0,0.0
2023-07-13 00:00:00-04:00,21.131049739735595,21.701897838805277,21.04880797354725,21.32455825805664,34200,0.0,0.0
2023-07-14 00:00:00-04:00,21.489036929740124,21.639006115546575,20.994624888411234,21.49871253967285,44900,0.0,0.0
2023-07-17 00:00:00-04:00,21.42131174228064,22.253395829035668,21.42131174228064,22.069562911987305,63500,0.0,0.0
2023-07-18 00:00:00-04:00,21.992155445690976,22.359821205823966,21.75994636607559,22.0018310546875,47400,0.0,0.0
2023-07-19 00:00:00-04:00,21.98248284926636,22.156640144203582,21.764788076028807,22.030860900878906,55500,0.0,0.0
2023-07-20 00:00:00-04:00,22.001830769955973,22.234039846566283,21.827673501139813,22.146961212158203,42800,0.0,0.0
2023-07-21 00:00:00-04:00,22.292098208311472,22.292098208311472,22.059887237220067,22.11794090270996,42700,0.0,0.0
2023-07-24 00:00:00-04:00,21.9921536358861,22.25338952099312,21.958289929901884,22.156635284423828,37000,0.0,0.0
2023-07-25 00:00:00-04:00,22.059882577750123,22.27757916377032,21.830576368344577,22.146961212158203,44200,0.0,0.0
2023-07-26 00:00:00-04:00,22.146966132635313,22.340474662186626,22.040538102272787,22.175992965698242,50100,0.0,0.0
2023-07-27 00:00:00-04:00,22.185667524929222,22.650085759314056,22.175991914366953,22.504955291748047,56900,0.0,0.0
2023-07-28 00:00:00-04:00,22.688788389985305,22.940346884957346,22.388849996366122,22.408201217651367,49100,0.0,0.0
2023-07-31 00:00:00-04:00,22.46625321775796,22.69459246355513,22.175992277868087,22.514631271362305,68200,0.0,0.0
2023-08-01 00:00:00-04:00,22.47592907152966,22.601710166827083,22.011510824510108,22.572683334350586,58200,0.0,0.0
2023-08-02 00:00:00-04:00,22.46625181509594,23.037099893948433,22.46625181509594,22.83391761779785,57800,0.0,0.0
2023-08-03 00:00:00-04:00,22.775667425148118,22.804792987306232,22.06210874352866,22.610628128051758,41200,0.08,0.0
2023-08-04 00:00:00-04:00,22.736835021280722,23.0572087957426,22.610627956309486,22.62033462524414,29500,0.0,0.0
2023-08-07 00:00:00-04:00,22.765959195927763,22.98924960203767,22.639750286936348,22.882457733154297,35500,0.0,0.0
2023-08-08 00:00:00-04:00,22.60091695525041,22.969831440741704,22.494125091579686,22.668874740600586,50900,0.0,0.0
2023-08-09 00:00:00-04:00,24.2513278181193,26.173570366495287,23.998911849386463,24.833826065063477,204100,0.0,0.0
2023-08-10 00:00:00-04:00,24.998867672171578,25.688155950233515,24.998867672171578,25.251283645629883,104400,0.0,0.0
2023-08-11 00:00:00-04:00,24.998870311964076,25.29011854578795,24.222207120626337,24.591121673583984,284000,0.0,0.0
2023-08-14 00:00:00-04:00,24.484327719902684,24.940618926475242,24.377537697443728,24.455204010009766,110000,0.0,0.0
2023-08-15 00:00:00-04:00,24.455204538000743,24.595973459514624,24.125122239540822,24.261037826538086,84600,0.0,0.0
2023-08-16 00:00:00-04:00,24.270744723174978,24.358119552315276,24.086286544799805,24.086286544799805,66600,0.0,0.0
2023-08-17 00:00:00-04:00,24.08629031954923,24.216382287151205,23.775625034679564,23.94066619873047,57900,0.0,0.0
2023-08-18 00:00:00-04:00,23.717372662670023,23.99599960468756,23.4843737294134,23.73678970336914,46700,0.0,0.0
2023-08-21 00:00:00-04:00,23.68824750518037,24.028038316359975,23.15429183883453,23.853288650512695,116400,0.0,0.0
2023-08-22 00:00:00-04:00,24.04745769996487,24.445497821298193,23.620292014249426,24.270748138427734,133700,0.0,0.0
2023-08-23 00:00:00-04:00,24.338703096242757,24.756160211773867,24.1154126838413,24.193078994750977,190100,0.0,0.0
2023-08-24 00:00:00-04:00,23.998911884543446,23.998911884543446,23.607667595362116,23.921245574951172,75900,0.0,0.0
2023-08-25 00:00:00-04:00,23.921242829995172,24.31928285244446,23.921242829995172,24.144535064697266,37300,0.0,0.0
2023-08-28 00:00:00-04:00,24.12512375878134,24.746454311851533,24.0202743205363,24.591121673583984,115300,0.0,0.0
2023-08-29 00:00:00-04:00,24.532871576766617,24.892077596356575,24.518307869364662,24.804702758789062,42300,0.0,0.0
2023-08-30 00:00:00-04:00,24.804702216840493,25.29982566833496,24.804702216840493,25.29982566833496,98100,0.0,0.0
2023-08-31 00:00:00-04:00,25.367784761432084,25.74640968591183,25.183328411561316,25.64932632446289,119300,0.0,0.0
2023-09-01 00:00:00-04:00,25.67844916391109,25.67844916391109,25.173617219308493,25.2609920501709,210400,0.0,0.0
2023-09-05 00:00:00-04:00,25.193032286548664,25.338656376009197,24.639657783861427,25.115365982055664,86100,0.0,0.0
2023-09-06 00:00:00-04:00,25.086241632236153,25.353219451062998,24.901783455785797,25.01828384399414,59100,0.0,0.0
2023-09-07 00:00:00-04:00,25.086245149891354,25.39885287135009,24.814412107095354,25.193037033081055,87400,0.0,0.0
2023-09-08 00:00:00-04:00,25.018285635195433,25.2707016179597,24.940619321399584,25.02799415588379,60800,0.0,0.0
2023-09-11 00:00:00-04:00,25.115369876646362,25.115369876646362,24.780432382067207,24.804702758789062,88900,0.0,0.0
2023-09-12 00:00:00-04:00,24.707620278412982,24.969742929076755,24.48432800692099,24.581411361694336,64200,0.0,0.0
2023-09-13 00:00:00-04:00,24.54257809612928,25.076533747305376,24.416369184731433,24.814409255981445,110900,0.0,0.0
2023-09-14 00:00:00-04:00,24.824121048712048,25.24157821547249,24.60083060890893,25.00857925415039,76600,0.0,0.0
2023-09-15 00:00:00-04:00,24.99886929151563,25.299826034410124,24.73674478074734,24.969743728637695,388300,0.0,0.0
2023-09-18 00:00:00-04:00,24.862953701507347,25.265847136908054,24.591120669779748,24.969743728637695,109300,0.0,0.0
2023-09-19 00:00:00-04:00,25.057118786986397,25.251285504466367,24.92120319577705,25.105661392211914,49400,0.0,0.0
2023-09-20 00:00:00-04:00,25.212452224079183,25.75126312313832,25.193037033081055,25.193037033081055,126000,0.0,0.0
2023-09-21 00:00:00-04:00,25.037701062889784,25.44544779525545,24.96003290238867,25.154199600219727,70200,0.0,0.0
2023-09-22 00:00:00-04:00,25.09595493157576,25.444482162667555,24.91149671999665,25.241579055786133,60300,0.0,0.0
2023-09-25 00:00:00-04:00,25.154203214511508,26.212407981146537,25.154203214511508,25.921159744262695,136600,0.0,0.0
2023-09-26 00:00:00-04:00,25.697866107087496,25.969699138517857,25.387200843573382,25.426034927368164,89400,0.0,0.0
2023-09-27 00:00:00-04:00,25.426034290907232,25.814365860579212,25.396908728790212,25.47457504272461,123500,0.0,0.0
2023-09-28 00:00:00-04:00,25.523115914600428,25.945426352234506,25.31924069703548,25.610488891601562,84800,0.0,0.0
2023-09-29 00:00:00-04:00,25.707574661289748,25.911449898054,25.581367592215525,25.872615814208984,185800,0.0,0.0
2023-10-02 00:00:00-04:00,25.736701281812977,26.299782558728026,25.445451196139672,25.639617919921875,130900,0.0,0.0
2023-10-03 00:00:00-04:00,25.435742972371337,25.930864569513,25.367783327002112,25.765825271606445,110000,0.0,0.0
2023-10-04 00:00:00-04:00,25.668742248679003,26.396864650254265,25.668742248679003,26.037656784057617,88000,0.0,0.0
2023-10-05 00:00:00-04:00,26.095903914462696,26.3580284019123,25.940571296354236,26.057071685791016,67900,0.0,0.0
2023-10-06 00:00:00-04:00,25.649322947144295,26.814319427710963,25.649322947144295,26.523069381713867,122200,0.0,0.0
2023-10-09 00:00:00-04:00,26.52306769553462,27.58127224012357,26.290068784576146,27.571563720703125,172000,0.0,0.0
2023-10-10 00:00:00-04:00,27.94048201869264,27.94048201869264,26.814319610595703,26.814319610595703,108100,0.0,0.0
2023-10-11 00:00:00-04:00,26.814321443519244,27.357985644522753,26.814321443519244,27.270610809326172,82300,0.0,0.0
2023-10-12 00:00:00-04:00,27.29973527104246,27.59098347548209,27.037610776020237,27.05702781677246,101100,0.0,0.0
2023-10-13 00:00:00-04:00,27.057028458068423,27.057028458068423,26.445404621853417,26.853153228759766,92200,0.0,0.0
2023-10-16 00:00:00-04:00,27.202651564412953,27.52302532580493,26.561904041629,26.62986183166504,82200,0.0,0.0
2023-10-17 00:00:00-04:00,26.55219672650575,27.018194609369647,26.55219672650575,26.833736419677734,88400,0.0,0.0
2023-10-18 00:00:00-04:00,26.69782031556954,27.192943750899964,26.600736962261642,26.726945877075195,52900,0.0,0.0
2023-10-19 00:00:00-04:00,26.591028672669836,27.086152112299793,26.542487921449847,26.707529067993164,67900,0.0,0.0
2023-10-20 00:00:00-04:00,26.81431945451049,28.74627050287426,26.77742781901487,27.280317306518555,233200,0.0,0.0
2023-10-23 00:00:00-04:00,27.280322194682142,27.54730006283433,26.7366579365908,27.04732322692871,84600,0.0,0.0
2023-10-24 00:00:00-04:00,27.241482392021982,27.561856136929507,26.862859380325126,26.891984939575195,64200,0.0,0.0
2023-10-25 00:00:00-04:00,26.979365153092598,27.435654562194728,26.959948109715185,27.36769676208496,146900,0.0,0.0
2023-10-26 00:00:00-04:00,27.357985295099297,27.65894202820418,27.154110065007554,27.29973602294922,78400,0.0,0.0
2023-10-27 00:00:00-04:00,27.17352938608582,27.21721680679139,26.54734363987637,26.969655990600586,83900,0.0,0.0
2023-10-30 00:00:00-04:00,26.950234206364524,27.425940563850798,26.88227641982517,26.891984939575195,85600,0.0,0.0
2023-10-31 00:00:00-04:00,26.872569292997454,27.338567154888405,26.790047796700218,27.231775283813477,74000,0.0,0.0
2023-11-01 00:00:00-04:00,27.144400630296108,27.862816320035858,27.02790208991895,27.82398223876953,147100,0.0,0.0
2023-11-02 00:00:00-04:00,27.736364716946433,27.989487259336443,27.25932672213636,27.512449264526367,119000,0.08,0.0
2023-11-03 00:00:00-04:00,27.775306344104468,28.05763410778449,27.473505331029784,27.843454360961914,125700,0.0,0.0
2023-11-06 00:00:00-05:00,27.794776327518694,27.823983416739956,27.249590326981306,27.80451202392578,90900,0.0,0.0
2023-11-07 00:00:00-05:00,27.658480806995726,28.262080997223123,27.49297767877969,28.077106475830078,92900,0.0,0.0
2023-11-08 00:00:00-05:00,28.45678956579819,28.72938350158108,27.390755849656767,27.668216705322266,158300,0.0,0.0
2023-11-09 00:00:00-05:00,29.30377618782761,30.199439841875233,27.706184226875482,29.85869789123535,372200,0.0,0.0
2023-11-10 00:00:00-05:00,30.150762553898495,30.530447305664076,29.157745609089485,29.9949951171875,177200,0.0,0.0
2023-11-13 00:00:00-05:00,30.325998577394508,31.572139812631775,29.810019687384617,31.44557762145996,321200,0.0,0.0
2023-11-14 00:00:00-05:00,31.465052654891473,31.718177066528952,31.017221728195892,31.387170791625977,238300,0.0,0.0
2023-11-15 00:00:00-05:00,31.348222538779325,31.348222538779325,30.841977517536826,31.319013595581055,269300,0.0,0.0
2023-11-16 00:00:00-05:00,31.396904719448763,31.630557737474494,30.910131002868162,30.949073791503906,125100,0.0,0.0
2023-11-17 00:00:00-05:00,31.065896627981513,31.387169044766587,30.992879832004128,31.134044647216797,111400,0.0,0.0
2023-11-20 00:00:00-05:00,31.15351676940918,31.47478919371224,30.982171847826407,31.15351676940918,121900,0.0,0.0
2023-11-21 00:00:00-05:00,31.241133607318723,31.241133607318723,30.43308940702993,30.540180206298828,122500,0.0,0.0
2023-11-22 00:00:00-05:00,30.637535979433892,31.36769838561122,30.622933362654408,31.15351676940918,164000,0.0,0.0
2023-11-24 00:00:00-05:00,31.056157687565037,31.270337419489685,30.919861663330632,30.968538284301758,75100,0.0,0.0
2023-11-27 00:00:00-05:00,31.056164963762328,31.976168913575915,30.783572851427486,31.815532684326172,328000,0.0,0.0
2023-11-28 00:00:00-05:00,32.12706091531373,32.30229972650031,31.153513614849672,31.29954719543457,166800,0.0,0.0
2023-11-29 00:00:00-05:00,31.640290479993258,32.07838755247396,31.280078982081836,31.465051651000977,215500,0.0,0.0
2023-11-30 00:00:00-05:00,31.4163745671044,31.873943026575965,31.211930507514843,31.34822654724121,181700,0.0,0.0
2023-12-01 00:00:00-05:00,31.231396399125064,31.873937411636348,31.095098526514768,31.844728469848633,236100,0.0,0.0
2023-12-04 00:00:00-05:00,31.796054180479253,32.63330543980987,31.445576563662886,32.2438850402832,483300,0.0,0.0
2023-12-05 00:00:00-05:00,32.224416563471515,32.73066164312834,31.864205075292258,32.321773529052734,272900,0.0,0.0
2023-12-06 00:00:00-05:00,32.41912254591052,32.47753671762856,31.533194700687623,31.64028549194336,147800,0.0,0.0
2023-12-07 00:00:00-05:00,31.76685032166656,31.78632171386226,31.211928642348255,31.659759521484375,184200,0.0,0.0
2023-12-08 00:00:00-05:00,31.60134392996356,31.815525520738063,31.03668657982964,31.338485717773438,155900,0.0,0.0
2023-12-11 00:00:00-05:00,32.01996903674907,32.097854600774355,31.309279977064712,31.503990173339844,249800,0.0,0.0
2023-12-12 00:00:00-05:00,31.542945680040187,31.59162232029851,30.92960961417446,31.513736724853516,193500,0.0,0.0
2023-12-13 00:00:00-05:00,31.28007420076424,32.0978540397969,30.978273216122982,31.98102569580078,327500,0.0,0.0
2023-12-14 00:00:00-05:00,32.12706314725259,32.681984849965694,30.121556088899936,30.60832977294922,369100,0.0,0.0
2023-12-15 00:00:00-05:00,30.997749467648447,31.844734668604666,30.877029054861378,31.02695655822754,1394400,0.0,0.0
2023-12-18 00:00:00-05:00,31.143784602329983,31.396907177596866,30.34352805939713,31.250873565673828,151500,0.0,0.0
2023-12-19 00:00:00-05:00,31.396903708486136,31.805791834629282,31.036690352781637,31.182722091674805,148700,0.0,0.0
2023-12-20 00:00:00-05:00,31.153514846947854,31.513726322504944,30.92959940464002,30.99774742126465,154200,0.0,0.0
2023-12-21 00:00:00-05:00,31.211930219936274,31.211930219936274,30.76409746127056,31.134044647216797,91000,0.0,0.0
2023-12-22 00:00:00-05:00,31.250869676409117,31.688966743866704,31.1632502629176,31.533199310302734,196300,0.0,0.0
2023-12-26 00:00:00-05:00,31.591611802699333,32.136795934151124,31.572140410320575,31.87394142150879,171300,0.0,0.0
2023-12-27 00:00:00-05:00,31.97129436903892,32.107590400620495,31.562402560505873,31.659759521484375,169400,0.0,0.0
2023-12-28 00:00:00-05:00,31.68896820696738,32.21468471218917,31.68896820696738,32.195213317871094,177300,0.0,0.0
2023-12-29 00:00:00-05:00,32.380185257106604,32.380185257106604,31.82039846678981,32.01997375488281,140000,0.0,0.0
2024-01-02 00:00:00-05:00,32.18547585908243,32.39965374492434,31.168116974627146,31.47478675842285,135300,0.0,0.0
2024-01-03 00:00:00-05:00,31.640287878367175,31.640287878367175,30.637533470970876,30.695947647094727,118900,0.0,0.0
2024-01-04 00:00:00-05:00,30.657004275346512,31.163247460456635,30.29679281395843,30.7056827545166,156200,0.0,0.0
2024-01-05 00:00:00-05:00,30.764096830530644,30.978276580435224,30.30166146490822,30.520709991455078,120400,0.0,0.0
2024-01-08 00:00:00-05:00,30.55964882172646,30.812771339811555,30.355204782250475,30.77383041381836,96800,0.0,0.0
2024-01-09 00:00:00-05:00,30.598591957236522,30.851714478238637,30.520708247458494,30.7056827545166,94000,0.0,0.0
2024-01-10 00:00:00-05:00,30.754360918904656,31.679231643676758,30.705684294187897,31.679231643676758,157300,0.0,0.0
2024-01-11 00:00:00-05:00,31.88367554086157,33.051933097330206,31.805789970662413,33.02272415161133,252200,0.0,0.0
2024-01-12 00:00:00-05:00,33.74316001274277,33.791836650483006,32.94972004758766,33.032470703125,218000,0.0,0.0
2024-01-16 00:00:00-05:00,33.19796275763516,33.636059802721796,31.688965125704172,31.747379302978516,219000,0.0,0.0
2024-01-17 00:00:00-05:00,31.69870131147783,32.02970754084431,31.484519717832402,31.737640380859375,99500,0.0,0.0
2024-01-18 00:00:00-05:00,31.659757833185058,32.61383371716701,31.536118398813347,32.46780014038086,131500,0.0,0.0
2024-01-19 00:00:00-05:00,32.6138299721245,33.04218938703361,32.30229517695648,32.77933120727539,151600,0.0,0.0
2024-01-22 00:00:00-05:00,31.98102471554047,32.107586894096286,30.58885374968423,32.02970504760742,267300,0.0,0.0
2024-01-23 00:00:00-05:00,32.27308884582043,32.27308884582043,31.24112755103115,31.796049118041992,123000,0.0,0.0
2024-01-24 00:00:00-05:00,32.58462843600004,32.58462843600004,31.87393937192234,32.15626525878906,165700,0.0,0.0
2024-01-25 00:00:00-05:00,32.263360269506414,32.88643001183542,32.25362642956504,32.86695861816406,129100,0.0,0.0
2024-01-26 00:00:00-05:00,33.08114206351345,33.37320555715211,32.87669798934527,32.99352264404297,102900,0.0,0.0
2024-01-29 00:00:00-05:00,33.00326817300099,33.12009285592743,32.584642369242395,32.74040985107422,131100,0.0,0.0
2024-01-30 00:00:00-05:00,33.003256627491965,33.699343130807904,32.604102362821955,33.64579772949219,167200,0.0,0.0
2024-01-31 00:00:00-05:00,33.645803128715706,33.801570581051884,32.96431913207404,33.09088134765625,181600,0.0,0.0
2024-02-01 00:00:00-05:00,33.16700464832372,34.13331985473633,33.02059573569805,34.13331985473633,123000,0.088,0.0
2024-02-02 00:00:00-05:00,34.00643033361323,34.26020802504124,33.57695896218578,33.9478645324707,126400,0.0,0.0
2024-02-05 00:00:00-05:00,33.860017005124064,33.97714860503139,33.108439327811695,33.606239318847656,118300,0.0,0.0
2024-02-06 00:00:00-05:00,33.68432683804136,34.025955121554304,33.57208036405435,33.7136116027832,86200,0.0,0.0
2024-02-07 00:00:00-05:00,33.96738801976211,34.62135979709942,33.76241329153048,33.89906311035156,188800,0.0,0.0
2024-02-08 00:00:00-05:00,34.065001272664915,34.144060834189254,33.41102942660215,33.76241683959961,160200,0.0,0.0
2024-02-09 00:00:00-05:00,34.02595807993941,34.55303920997835,33.72337364082177,34.416385650634766,231700,0.0,0.0
2024-02-12 00:00:00-05:00,34.41638333458085,34.75801162480675,34.152846510724885,34.61159896850586,127100,0.0,0.0
2024-02-13 00:00:00-05:00,34.30901876708427,34.30901876708427,33.459831305800044,33.77217483520508,129600,0.0,0.0
2024-02-14 00:00:00-05:00,34.074755838468214,34.47494617806836,33.74289040635384,34.465187072753906,114600,0.0,0.0
2024-02-15 00:00:00-05:00,34.46518667635799,35.00202682475528,34.357817901992895,34.57255172729492,208700,0.0,0.0
2024-02-16 00:00:00-05:00,34.79705629029146,34.923943290323834,33.938109715478724,34.15284729003906,125700,0.0,0.0
2024-02-20 00:00:00-05:00,34.16260006384622,34.5871937193595,34.09427516159276,34.279727935791016,153800,0.0,0.0
2024-02-21 00:00:00-05:00,34.63111722409523,35.19724212997449,34.38709863847723,34.6799201965332,208400,0.0,0.0
2024-02-22 00:00:00-05:00,34.767770489700524,35.041073864670444,34.269974163903136,35.03131103515625,128100,0.0,0.0
2024-02-23 00:00:00-05:00,35.109400081669534,35.51934957420896,34.982509357271255,35.4022216796875,181500,0.0,0.0
2024-02-26 00:00:00-05:00,35.392457868704504,35.79264824370215,35.25580804164607,35.48030471801758,113200,0.0,0.0
2024-02-27 00:00:00-05:00,35.46078698150468,35.89025840422685,35.27044903591514,35.68528366088867,142800,0.0,0.0
2024-02-28 00:00:00-05:00,35.509592435939396,35.626720336952864,34.87514250221116,35.00203323364258,169000,0.0,0.0
2024-02-29 00:00:00-05:00,35.31437306843165,35.49006676317437,34.81169533425104,35.07035446166992,285300,0.0,0.0
2024-03-01 00:00:00-05:00,35.070353529683594,35.13867843988689,34.40662263905591,34.9044189453125,231100,0.0,0.0
2024-03-04 00:00:00-05:00,34.75800979987854,36.50518386045986,34.65161655890691,36.12451171875,255500,0.0,0.0
2024-03-05 00:00:00-05:00,36.06594906265481,37.04202344203151,35.76922161727636,36.09523010253906,402300,0.0,0.0
2024-03-06 00:00:00-05:00,37.92049065903534,37.92049065903534,33.56719953253221,36.21236038208008,600500,0.0,0.0
2024-03-07 00:00:00-05:00,36.53446230829824,37.725274177132036,36.349009526852015,37.471492767333984,391400,0.0,0.0
2024-03-08 00:00:00-05:00,37.813117311715345,38.35971649756798,36.90536797986414,37.53981399536133,323400,0.0,0.0
2024-03-11 00:00:00-04:00,37.57886573388639,37.57886573388639,36.54422549272696,37.12010955810547,277200,0.0,0.0
2024-03-12 00:00:00-04:00,37.12011493824837,38.34997098927657,36.9249030017681,38.25236129760742,218300,0.0,0.0
2024-03-13 00:00:00-04:00,38.65255016045838,38.852647227709674,38.213319597726134,38.54518508911133,197000,0.0,0.0
2024-03-14 00:00:00-04:00,37.276282037364574,37.276282037364574,34.51399327024365,34.74824905395508,765300,0.0,0.0
2024-03-15 00:00:00-04:00,34.51398943989739,34.582314346182926,33.67456490732852,33.9478645324707,1795000,0.0,0.0
2024-03-18 00:00:00-04:00,34.22116545265129,34.32365280480694,33.67456251772662,33.83073425292969,261500,0.0,0.0
2024-03-19 00:00:00-04:00,33.71360678520122,34.289490763786034,33.67456292007699,34.279727935791016,334900,0.0,0.0
2024-03-20 00:00:00-04:00,33.90882268323467,34.54326874161319,33.41590412116742,34.172359466552734,334500,0.0,0.0
2024-03-21 00:00:00-04:00,34.31877816243306,34.83121874775073,33.77217511965612,34.15284729003906,387200,0.0,0.0
2024-03-22 00:00:00-04:00,34.10403542041735,34.43590083834959,33.772170002485105,33.78193283081055,224500,0.0,0.0
2024-03-25 00:00:00-04:00,33.89905871584394,34.16259921373265,33.650158736155525,33.86977767944336,240900,0.0,0.0
2024-03-26 00:00:00-04:00,34.63111802603355,35.10939610322849,34.16748419199442,34.777530670166016,446500,0.0,0.0
2024-03-27 00:00:00-04:00,35.021549089474384,35.65111749866759,34.9434613534063,34.953224182128906,585100,0.0,0.0
2024-03-28 00:00:00-04:00,34.95322441496839,35.392454901278604,34.78240842203862,35.333892822265625,267400,0.0,0.0
2024-04-01 00:00:00-04:00,35.538872824822214,35.538872824822214,35.021554525078216,35.21677017211914,314800,0.0,0.0
2024-04-02 00:00:00-04:00,35.02154926143465,35.31437082627137,34.47494627655875,34.777530670166016,183100,0.0,0.0
2024-04-03 00:00:00-04:00,34.67016216245893,35.226524256981044,34.54327145145775,34.914180755615234,289400,0.0,0.0
2024-04-04 00:00:00-04:00,35.109399352880935,35.75360834451964,34.73360860242503,35.06059265136719,306300,0.0,0.0
2024-04-05 00:00:00-04:00,35.06058926274387,35.841451730350336,35.06058926274387,35.753604888916016,268400,0.0,0.0
2024-04-08 00:00:00-04:00,35.77312752065947,36.202598907476776,34.86635358748285,35.05083084106445,719900,0.0,0.0
2024-04-09 00:00:00-04:00,35.13867920557977,35.35341676999985,33.059639643356334,33.088924407958984,514000,0.0,0.0
2024-04-10 00:00:00-04:00,32.698493459922425,33.57696193776934,31.97619674220069,32.9815559387207,408400,0.0,0.0
2024-04-11 00:00:00-04:00,33.030359121098336,33.801458820513346,32.984482758690476,33.36222457885742,266900,0.0,0.0
2024-04-12 00:00:00-04:00,33.225578017073246,33.537921569948175,32.591128080867314,32.77658462524414,315400,0.0,0.0
2024-04-15 00:00:00-04:00,33.16700766956836,33.323179424651855,32.337345918830145,32.74729537963867,297100,0.0,0.0
2024-04-16 00:00:00-04:00,32.48375383447439,32.94250997976369,32.1518883998152,32.757057189941406,151500,0.0,0.0
2024-04-17 00:00:00-04:00,33.176772914120896,33.25485693563337,32.22021665573566,32.30806350708008,123000,0.0,0.0
2024-04-18 00:00:00-04:00,32.30805839755547,32.97178923087111,31.96643387603773,32.18117141723633,214900,0.0,0.0
2024-04-19 00:00:00-04:00,32.308058701117524,32.50815572519231,31.898109271444408,32.07380294799805,148100,0.0,0.0
2024-04-22 00:00:00-04:00,32.288544977178134,32.61064761332531,32.02500442573304,32.41543197631836,266900,0.0,0.0
2024-04-23 00:00:00-04:00,32.5813615508511,32.89370503256503,32.327580144816025,32.60088348388672,144600,0.0,0.0
2024-04-24 00:00:00-04:00,32.60088787301333,32.796099782795324,32.29830345536562,32.63016891479492,208400,0.0,0.0
2024-04-25 00:00:00-04:00,32.415432294659766,32.415432294659766,31.644332568795303,32.30806350708008,293300,0.0,0.0
2024-04-26 00:00:00-04:00,32.317824207228064,32.617478275664176,32.19581490636926,32.32758331298828,113500,0.0,0.0
2024-04-29 00:00:00-04:00,32.473991647246294,33.1572443859296,32.13236341619071,33.09867858886719,229400,0.0,0.0
2024-04-30 00:00:00-04:00,32.96203141231759,33.20605000104654,32.55207824707031,32.55207824707031,205400,0.0,0.0
2024-05-01 00:00:00-04:00,32.66920850263779,33.33489041075209,32.26803892100176,32.91322708129883,157100,0.0,0.0
2024-05-02 00:00:00-04:00,33.3027250186793,33.44952077971137,32.77426849194063,33.11678695678711,145700,0.088,0.0
2024-05-03 00:00:00-04:00,33.449516354245375,33.723531089869624,32.872125494772284,33.45930099487305,174900,0.0,0.0
2024-05-06 00:00:00-04:00,33.62567350758613,34.11498772339345,33.62567350758613,33.85075759887695,203400,0.0,0.0
2024-05-07 00:00:00-04:00,33.86054380745732,33.95351470737762,33.420163979389606,33.61588668823242,205400,0.0,0.0
2024-05-08 00:00:00-04:00,30.3374764345699,31.65862310861358,28.561265598095556,29.71115493774414,959900,0.0,0.0
2024-05-09 00:00:00-04:00,29.63286813535376,30.415770095810256,29.53500492365032,30.26897621154785,344300,0.0,0.0
2024-05-10 00:00:00-04:00,30.513634913882502,30.709359481007652,29.769877079001468,30.64085578918457,322700,0.0,0.0
2024-05-13 00:00:00-04:00,30.640850896676728,30.748500604687482,29.1533373310156,29.339275360107422,392700,0.0,0.0
2024-05-14 00:00:00-04:00,29.54479258624414,29.955816598195145,28.98697468429326,29.78944969177246,417900,0.0,0.0
2024-05-15 00:00:00-04:00,30.02431904506504,30.171112928982676,29.045690663500135,29.260988235473633,243300,0.0,0.0
2024-05-16 00:00:00-04:00,29.339278431335405,29.583935526726634,29.055477171306045,29.260988235473633,192800,0.0,0.0
2024-05-17 00:00:00-04:00,29.45671220457842,29.84816315127811,29.353956681054502,29.799232482910156,185700,0.0,0.0
2024-05-20 00:00:00-04:00,29.79923329443988,30.484272003173828,29.681797073939126,30.484272003173828,210700,0.0,0.0
2024-05-21 00:00:00-04:00,30.54299032818832,31.02251986888777,30.494059656648606,31.002946853637695,163200,0.0,0.0
2024-05-22 00:00:00-04:00,31.002945089520054,31.24760216646818,30.821899375222344,31.218242645263672,152500,0.0,0.0
2024-05-23 00:00:00-04:00,31.316105977767585,32.0011465426654,31.257388801703176,31.6292667388916,182400,0.0,0.0
2024-05-24 00:00:00-04:00,31.707561156963582,32.62747049462305,31.55098076474131,32.480674743652344,164300,0.0,0.0
2024-05-28 00:00:00-04:00,32.59811490591553,33.19801312836415,32.33388477730655,32.69597625732422,285100,0.0,0.0
2024-05-29 00:00:00-04:00,32.49046334773832,32.83298179152973,31.668415349467878,31.903284072875977,211700,0.0,0.0
2024-05-30 00:00:00-04:00,32.059863084624176,32.412169887725135,31.785848341399376,31.95221710205078,124200,0.0,0.0
2024-05-31 00:00:00-04:00,32.03051097119482,32.24581043993799,31.696799034545826,32.138160705566406,305400,0.0,0.0
2024-06-03 00:00:00-04:00,31.94242913640111,32.12347672730147,31.130167670654664,31.394399642944336,148200,0.0,0.0
2024-06-04 00:00:00-04:00,31.18888494592777,31.355251832677386,30.738714954364262,31.012731552124023,148600,0.0,0.0
2024-06-05 00:00:00-04:00,31.296533608249526,32.51981902320536,31.296533608249526,32.294734954833984,286300,0.0,0.0
2024-06-06 00:00:00-04:00,32.20666076315012,32.323117036009634,31.45311644088799,31.550981521606445,205800,0.0,0.0
2024-06-07 00:00:00-04:00,31.482472092864004,31.922855595113777,31.237816872996333,31.746702194213867,205900,0.0,0.0
2024-06-10 00:00:00-04:00,31.756487405689253,32.22622851691824,31.712447193264705,32.010929107666016,258300,0.0,0.0
2024-06-11 00:00:00-04:00,31.87392345019076,33.08742418546524,31.560762692669094,32.979774475097656,275600,0.0,0.0
2024-06-12 00:00:00-04:00,33.25378864664564,33.96818684607767,33.01891994903078,33.32229232788086,167000,0.0,0.0
2024-06-13 00:00:00-04:00,33.371225972103346,33.40547781577616,32.52960870854703,33.23421859741211,137700,0.0,0.0
2024-06-14 00:00:00-04:00,32.784051087636506,33.15593092138117,31.903284042759942,32.0990104675293,175000,0.0,0.0
2024-06-17 00:00:00-04:00,32.12837051181015,32.18219163652515,31.257390011319725,31.355253219604492,326400,0.0,0.0
2024-06-18 00:00:00-04:00,31.325892895644852,31.814228996313695,31.316108254410597,31.668415069580078,186800,0.0,0.0
2024-06-20 00:00:00-04:00,31.64884261386027,31.85435368195462,30.758290918946994,30.924657821655273,128200,0.0,0.0
2024-06-21 00:00:00-04:00,30.87572026407646,30.885506770478955,30.405979156267975,30.60170555114746,407000,0.0,0.0
2024-06-24 00:00:00-04:00,30.670214213596402,31.428652717069333,30.670214213596402,30.924657821655273,157000,0.0,0.0
2024-06-25 00:00:00-04:00,30.83657962905401,31.21824408944184,30.728929912909567,30.768075942993164,181100,0.0,0.0
2024-06-26 00:00:00-04:00,30.582134596043954,31.854350648605237,30.582134596043954,31.815204620361328,196900,0.0,0.0
2024-06-27 00:00:00-04:00,31.81520855498352,32.23601907772085,31.513792313204526,32.226234436035156,184700,0.0,0.0
2024-06-28 00:00:00-04:00,32.43174376388035,32.85255426396163,32.14794063904954,32.842769622802734,1847300,0.0,0.0
2024-07-01 00:00:00-04:00,32.960203121460296,33.244006238876594,32.13815515826299,32.35345458984375,295700,0.0,0.0
2024-07-02 00:00:00-04:00,32.35345795903138,33.33208641078848,32.294738907984296,33.11678695678711,193800,0.0,0.0
2024-07-03 00:00:00-04:00,33.077642774622554,33.41037661617507,32.92595655072279,33.31251525878906,80600,0.0,0.0
2024-07-05 00:00:00-04:00,33.312513147262436,33.90947709572418,32.950417934908465,33.899688720703125,146700,0.0,0.0
2024-07-08 00:00:00-04:00,34.007338642212105,34.56515656013569,33.810634114677256,33.91926193237305,273300,0.0,0.0
2024-07-09 00:00:00-04:00,33.94861123816071,34.251987326998304,33.48865851832543,33.840965270996094,115600,0.0,0.0
2024-07-10 00:00:00-04:00,34.017123007642425,34.31071452683395,33.82140030574307,34.291141510009766,94100,0.0,0.0
2024-07-11 00:00:00-04:00,34.69237459106866,35.56824738293544,34.49664818099623,34.6336555480957,212300,0.0,0.0
2024-07-12 00:00:00-04:00,34.897887497116955,36.267968707295644,34.87342029461803,36.023311614990234,276600,0.0,0.0
2024-07-15 00:00:00-04:00,36.38539767586081,37.34445288763461,36.38539767586081,36.6594123840332,261900,0.0,0.0
2024-07-16 00:00:00-04:00,36.962791313951385,38.362230080657426,36.65941519721537,37.74569320678711,417400,0.0,0.0
2024-07-17 00:00:00-04:00,37.3542448315866,37.667409359096524,36.58113122047149,37.01172637939453,220000,0.0,0.0
2024-07-18 00:00:00-04:00,36.97257931107798,37.579331599636866,36.60070321145019,36.904075622558594,164300,0.0,0.0
2024-07-19 00:00:00-04:00,36.904071353149526,36.98725386056101,36.555680672817324,36.855140686035156,113400,0.0,0.0
2024-07-22 00:00:00-04:00,36.923643309561605,37.44231508583221,36.66430742142631,37.13894271850586,241300,0.0,0.0
2024-07-23 00:00:00-04:00,37.13894367376268,38.07842591904136,36.68877556454631,37.63804244995117,272000,0.0,0.0
2024-07-24 00:00:00-04:00,37.36402840001724,37.779944676512486,36.453903791927544,36.51262283325195,229400,0.0,0.0
2024-07-25 00:00:00-04:00,36.66920598941634,37.08022811032633,35.59271254923937,36.00373840332031,327800,0.0,0.0
2024-07-26 00:00:00-04:00,36.66920690410707,36.66920690410707,35.75908220433708,36.101600646972656,247400,0.0,0.0
2024-07-29 00:00:00-04:00,36.277750642228455,36.483261688473725,35.553567793601104,35.749290466308594,117600,0.0,0.0
2024-07-30 00:00:00-04:00,36.033095852698736,36.10649372620287,35.43124150294089,35.58292770385742,129000,0.0,0.0
2024-07-31 00:00:00-04:00,35.827580352802855,36.68877424662475,35.77375550111583,35.91565704345703,165400,0.0,0.0
2024-08-01 00:00:00-04:00,35.82758670203309,35.94502106599312,34.35964408643384,34.97618103027344,163600,0.0,0.0
2024-08-02 00:00:00-04:00,33.96374161794188,34.10108717667642,33.09061307251301,33.610565185546875,207800,0.088,0.0
2024-08-05 00:00:00-04:00,31.74657765764302,32.72762144808991,31.589610800866918,32.19785690307617,218900,0.0,0.0
2024-08-06 00:00:00-04:00,32.138994420629665,32.688380316046974,31.96240997314453,31.96240997314453,210600,0.0,0.0
2024-08-07 00:00:00-04:00,32.58046906807889,32.963075614338976,32.09975962260854,32.119380950927734,152600,0.0,0.0
2024-08-08 00:00:00-04:00,32.60990049078177,33.60075317122524,32.403878430044536,33.54188919067383,130000,0.0,0.0
2024-08-09 00:00:00-04:00,33.54189481881795,33.67924412981771,32.93364855393473,33.20833969116211,206500,0.0,0.0
2024-08-12 00:00:00-04:00,33.20833356047275,33.76262574311627,32.03108390832751,33.355491638183594,233500,0.0,0.0
2024-08-13 00:00:00-04:00,33.55170148447731,33.63999558347799,32.93364279147255,33.257389068603516,156600,0.0,0.0
2024-08-14 00:00:00-04:00,32.79629632597996,33.43887885253918,32.639329459095826,33.296627044677734,135700,0.0,0.0
2024-08-15 00:00:00-04:00,34.081468453129446,34.081468453129446,32.9630752070676,33.7479133605957,196100,0.0,0.0
2024-08-16 00:00:00-04:00,33.649804626124876,34.189378016307586,33.649804626124876,34.052032470703125,199700,0.0,0.0
2024-08-19 00:00:00-04:00,34.0912780321633,34.56708495743709,33.86563836765542,34.47388458251953,202300,0.0,0.0
2024-08-20 00:00:00-04:00,34.47388813244406,35.10175574049166,34.267869775250844,34.4444580078125,418500,0.0,0.0
2024-08-21 00:00:00-04:00,34.68971453630183,34.905545402028544,33.86563747180106,34.76819610595703,203800,0.0,0.0
2024-08-22 00:00:00-04:00,34.7191417099177,34.94968761648529,34.32672641018135,34.346343994140625,107400,0.0,0.0
2024-08-23 00:00:00-04:00,34.71914497160666,35.651137477412675,34.611229537765816,35.30777359008789,135200,0.0,0.0
2024-08-26 00:00:00-04:00,35.59227591712743,35.59227591712743,34.88592676617872,34.905548095703125,84200,0.0,0.0
2024-08-27 00:00:00-04:00,34.8074341415068,35.35682002570831,34.57198572140985,35.06250762939453,94800,0.0,0.0
2024-08-28 00:00:00-04:00,35.05269565629473,35.44511468591471,34.61122518356856,34.86629867553711,91700,0.0,0.0
2024-08-29 00:00:00-04:00,35.20966402717714,35.724713557807206,35.08703354296859,35.39606475830078,84100,0.0,0.0
2024-08-30 00:00:00-04:00,35.62170348622523,35.62170348622523,35.03307493169519,35.56283950805664,99100,0.0,0.0
2024-09-03 00:00:00-04:00,35.327388798234544,35.45001928436647,33.99317225272301,34.179569244384766,128200,0.0,0.0
2024-09-04 00:00:00-04:00,34.03241345693049,34.55236929798281,33.865637780899945,34.54255676269531,82700,0.0,0.0
2024-09-05 00:00:00-04:00,34.89573169486337,34.89573169486337,34.27767298164878,34.52293395996094,86600,0.0,0.0
2024-09-06 00:00:00-04:00,34.60141352274355,34.60141352274355,33.051362600898976,33.19852066040039,107700,0.0,0.0
2024-09-09 00:00:00-04:00,33.296627979637385,33.59094413789659,33.12985231618355,33.257389068603516,322000,0.0,0.0
2024-09-10 00:00:00-04:00,33.19852888977335,33.64980822861126,32.698198099737546,33.12985610961914,326700,0.0,0.0
2024-09-11 00:00:00-04:00,33.05136728636322,33.87544430314805,32.38818290451471,33.79696273803711,111200,0.0,0.0
2024-09-12 00:00:00-04:00,33.84601848173519,34.424834599669,33.7184817120519,34.365970611572266,125000,0.0,0.0
2024-09-13 00:00:00-04:00,34.748574212483426,35.39606679912693,34.58179854068902,35.091941833496094,146500,0.0,0.0
2024-09-16 00:00:00-04:00,35.42549160648235,35.79828929192774,34.96341932598301,35.45492172241211,170600,0.0,0.0
2024-09-17 00:00:00-04:00,35.749234450454985,36.19070490554482,35.356819178896856,35.73942565917969,135600,0.0,0.0
2024-09-18 00:00:00-04:00,35.8571492796995,36.269189611836396,35.317575951145116,35.80809783935547,150100,0.0,0.0
2024-09-19 00:00:00-04:00,36.29862564709966,36.92649316761915,36.14656503451981,36.65180206298828,107000,0.0,0.0
2024-09-20 00:00:00-04:00,36.66161453319886,38.17242324498785,36.32805941166604,37.28948211669922,1343900,0.0,0.0
2024-09-23 00:00:00-04:00,37.28947898371136,37.68680432925176,36.57331734755261,36.5831298828125,137400,0.0,0.0
2024-09-24 00:00:00-04:00,36.789148524043746,36.789148524043746,35.96507144740974,36.22995376586914,198000,0.0,0.0
2024-09-25 00:00:00-04:00,36.31824234290586,36.720470155837845,35.906201996125326,36.6910400390625,178600,0.0,0.0
2024-09-26 00:00:00-04:00,37.112893894695404,37.50530922365843,36.691044702830574,37.16194534301758,215500,0.0,0.0
2024-09-27 00:00:00-04:00,37.37776592899561,37.426821111126614,36.89215031345539,37.15212631225586,225600,0.0,0.0
2024-09-30 00:00:00-04:00,37.22080498825462,37.26986017817719,36.66161025308451,37.23061752319336,70600,0.0,0.0
2024-10-01 00:00:00-04:00,37.05402933419697,37.38758441693284,36.74990437151894,37.358154296875,98200,0.0,0.0
2024-10-02 00:00:00-04:00,37.36796657458539,37.97621281428445,37.30518056615962,37.583797454833984,113900,0.0,0.0
2024-10-03 00:00:00-04:00,37.56416782459507,37.56416782459507,36.81857244434437,37.0147819519043,88400,0.0,0.0
2024-10-04 00:00:00-04:00,37.6034128760999,38.33919576965107,37.12564125386068,38.2705192565918,154800,0.0,0.0
2024-10-07 00:00:00-04:00,38.26071756008738,38.26071756008738,37.64265876701788,38.084129333496094,118400,0.0,0.0
2024-10-08 00:00:00-04:00,38.31957151769071,38.89838749945357,38.093931896648925,38.35881042480469,124000,0.0,0.0
2024-10-09 00:00:00-04:00,38.35881253502254,39.43796300130213,38.35881253502254,39.202510833740234,339500,0.0,0.0
2024-10-10 00:00:00-04:00,38.72180785886365,39.251568774394556,38.36863142025247,39.08479309082031,422000,0.0,0.0
2024-10-11 00:00:00-04:00,38.99648880933646,39.516440795897786,38.90721421787406,39.45758056640625,181300,0.0,0.0
2024-10-14 00:00:00-04:00,39.300622600212606,39.349674050004246,37.78000145997156,37.78981399536133,276700,0.0,0.0
2024-10-15 00:00:00-04:00,37.60341009920605,37.72898208705523,36.3084288591918,36.34767150878906,181800,0.0,0.0
2024-10-16 00:00:00-04:00,36.64198720062315,37.62303107472161,36.64198720062315,37.564170837402344,134000,0.0,0.0
2024-10-17 00:00:00-04:00,37.86829464069667,37.971307547841974,37.564173413992606,37.95658874511719,78100,0.0,0.0
2024-10-18 00:00:00-04:00,37.98601821765255,37.98601821765255,37.50530509528396,37.77018737792969,77100,0.0,0.0
2024-10-21 00:00:00-04:00,37.83886690987697,37.92716101987404,37.26005079820415,37.55436325073242,176100,0.0,0.0
2024-10-22 00:00:00-04:00,37.48567983856046,37.48567983856046,36.73027572113394,36.87743377685547,67800,0.0,0.0
2024-10-23 00:00:00-04:00,36.651800264812245,36.82838846409295,36.35258157949691,36.730281829833984,85900,0.0,0.0
2024-10-24 00:00:00-04:00,37.07365095222867,37.142323727825485,36.35258306607647,36.3672981262207,84000,0.0,0.0
2024-10-25 00:00:00-04:00,36.74990257004718,36.92649076650901,36.11222629827759,36.41634750366211,77300,0.0,0.0
2024-10-28 00:00:00-04:00,36.71066290210557,36.740096765499544,36.35749022284898,36.5831298828125,146600,0.0,0.0
2024-10-29 00:00:00-04:00,36.475210031408075,36.69104087235607,36.12693991957806,36.524261474609375,117000,0.0,0.0
2024-10-30 00:00:00-04:00,36.47520878212266,36.74989984854987,35.709995815712496,35.768856048583984,118900,0.0,0.0
2024-10-31 00:00:00-04:00,35.56284159615182,35.77769194805475,34.07165440979243,34.110897064208984,156800,0.0,0.0
2024-11-01 00:00:00-04:00,34.42366156960267,35.1711451414291,34.36071625599606,34.62036895751953,198600,0.088,0.0
2024-11-04 00:00:00-05:00,34.50234474020807,35.07279201684663,34.2466240198781,34.30563735961914,97800,0.0,0.0
2024-11-05 00:00:00-05:00,34.394155520207164,35.02361613707938,34.394155520207164,34.777732849121094,107200,0.0,0.0
2024-11-06 00:00:00-05:00,36.76447360883831,38.52499525926432,36.29237810325913,36.53826141357422,293800,0.0,0.0
2024-11-07 00:00:00-05:00,34.167944534936396,36.63661118114696,32.10252259305836,33.440128326416016,502500,0.0,0.0
2024-11-08 00:00:00-05:00,33.55814570774521,34.61052574262848,33.27292398238973,34.35480880737305,234600,0.0,0.0
2024-11-11 00:00:00-05:00,35.417027785534586,35.417027785534586,34.21711986993349,34.25646209716797,193300,0.0,0.0
2024-11-12 00:00:00-05:00,33.89255462886064,34.512181622030155,33.13523358207157,33.882720947265625,232900,0.0,0.0
2024-11-13 00:00:00-05:00,34.07942177667408,34.26137299021913,32.761487335986004,32.781158447265625,226900,0.0,0.0
2024-11-14 00:00:00-05:00,32.77132417640472,33.1745726168273,32.545112002692655,32.948360443115234,242500,0.0,0.0
2024-11-15 00:00:00-05:00,33.07622336361985,33.36144514706345,31.75828869378412,31.984500885009766,369000,0.0,0.0
2024-11-18 00:00:00-05:00,31.52223774720398,31.91565252093724,30.404944367096768,30.48952865600586,396000,0.0,0.0
2024-11-19 00:00:00-05:00,30.371503284011933,31.532074593818177,29.958419280024863,31.423885345458984,349200,0.0,0.0
2024-11-20 00:00:00-05:00,31.217342425978188,31.92548562930325,31.03047059940078,31.895980834960938,307800,0.0,0.0
2024-11-21 00:00:00-05:00,31.964824710586008,32.57461416223053,31.92548248741387,32.259883880615234,316500,0.0,0.0
2024-11-22 00:00:00-05:00,32.2598852348383,32.96803027414007,32.12219119983653,32.928688049316406,259400,0.0,0.0
2024-11-25 00:00:00-05:00,33.35160758254354,33.538477522612375,32.8204988031297,33.04671096801758,209500,0.0,0.0
2024-11-26 00:00:00-05:00,32.84016675860162,33.282757365566745,32.59723623505324,32.99753189086914,247800,0.0,0.0
2024-11-27 00:00:00-05:00,32.91884866027001,33.194236682515815,32.46642065701994,32.89917755126953,287400,0.0,0.0
2024-11-29 00:00:00-05:00,32.93852355557598,33.3122634139054,32.7614873061017,32.84016799926758,164700,0.0,0.0
2024-12-02 00:00:00-05:00,32.89918708773719,33.90239142627711,32.50577229744963,33.636837005615234,354000,0.0,0.0
2024-12-03 00:00:00-05:00,33.6073290490464,34.32531161673856,33.20408057025192,34.11876678466797,412000,0.0,0.0
2024-12-04 00:00:00-05:00,34.19744936215771,34.91542813844073,34.11384994171438,34.56135559082031,305900,0.0,0.0
2024-12-05 00:00:00-05:00,34.6203671231242,35.8792883360767,34.29579938747673,35.239994049072266,446700,0.0,0.0
2024-12-06 00:00:00-05:00,35.33834964204275,35.83994994402213,34.40399231290781,34.9449348449707,553600,0.0,0.0
2024-12-09 00:00:00-05:00,35.00393985666358,35.47603524962875,34.502339674100796,34.69904327392578,233400,0.0,0.0
2024-12-10 00:00:00-05:00,34.600693324222725,34.807234366211766,33.74502061321034,34.43349075317383,208900,0.0,0.0
2024-12-11 00:00:00-05:00,34.63019888362473,35.17114132783082,34.53184707627125,35.09246063232422,265000,0.0,0.0
2024-12-12 00:00:00-05:00,35.18098510486455,35.85962170251539,34.85641732867395,35.190818786621094,250900,0.0,0.0
2024-12-13 00:00:00-05:00,35.11212908769573,35.397354560074895,34.32530343275377,34.69904327392578,294800,0.0,0.0
2024-12-16 00:00:00-05:00,34.59085553917535,35.82027185066519,34.48267005534415,35.78093338012695,267600,0.0,0.0
2024-12-17 00:00:00-05:00,35.53505386250959,35.99731189306351,34.55643567408279,35.131805419921875,316000,0.0,0.0
2024-12-18 00:00:00-05:00,35.761260951082825,36.597262511336176,35.0826207709452,35.702247619628906,554300,0.0,0.0
2024-12-19 00:00:00-05:00,35.72192185484296,36.2825354211117,34.56135249789478,35.16130828857422,283600,0.0,0.0
2024-12-20 00:00:00-05:00,34.413828497733974,35.072793944256645,33.30243492542941,33.390953063964844,608100,0.0,0.0
2024-12-23 00:00:00-05:00,33.51880336400153,33.902380598489664,31.727787023950768,31.974653244018555,486100,0.0,0.0
2024-12-24 00:00:00-05:00,32.08285204429701,32.269725754146634,31.591085442598303,31.76812171936035,224100,0.0,0.0
2024-12-26 00:00:00-05:00,31.65993053326426,31.8468042317018,30.873104768972798,31.0894832611084,478200,0.0,0.0
2024-12-27 00:00:00-05:00,30.882939715019663,31.55174441535725,30.351832803607092,31.522235870361328,360500,0.0,0.0
2024-12-30 00:00:00-05:00,31.148493490253923,31.82713185752861,30.912445770319362,31.541906356811523,240700,0.0,0.0
2024-12-31 00:00:00-05:00,31.738616923860487,32.043513567591,31.35503769889581,31.76812171936035,289800,0.0,0.0
2025-01-02 00:00:00-05:00,32.200879387237364,32.28939752742493,31.246850959869334,31.71894645690918,313900,0.0,0.0
2025-01-03 00:00:00-05:00,31.689437918079715,32.073015229629036,31.51240165861371,32.04351043701172,128500,0.0,0.0
2025-01-06 00:00:00-05:00,32.15169525381916,32.181203797699474,31.625505202505426,31.9156494140625,172100,0.0,0.0
2025-01-07 00:00:00-05:00,32.05334851650251,32.132029224907775,31.09932194681405,31.640262603759766,209100,0.0,0.0
2025-01-08 00:00:00-05:00,31.453392038831147,32.09269013488978,31.367824753435176,31.807464599609375,196900,0.0,0.0
2025-01-10 00:00:00-05:00,31.40421294602101,31.65501494314017,31.040304864767133,31.522235870361328,183800,0.0,0.0
2025-01-13 00:00:00-05:00,31.138659809260886,31.69435469601335,31.07964834470872,31.45339012145996,290100,0.0,0.0
2025-01-14 00:00:00-05:00,31.482894400753246,32.604125340487236,31.24684854640593,32.5352783203125,535400,0.0,0.0
2025-01-15 00:00:00-05:00,32.95819729830885,34.30564054160084,32.697561589403065,33.882720947265625,190800,0.0,0.0
2025-01-16 00:00:00-05:00,34.55152131172607,35.71209075244632,33.94762975426313,35.43669891357422,344400,0.0,0.0
2025-01-17 00:00:00-05:00,35.75142933540737,37.816851249698075,35.69241974623535,37.56113052368164,359300,0.0,0.0
2025-01-21 00:00:00-05:00,38.12174166482917,39.38066659598551,37.698825879569746,38.288944244384766,641300,0.0,0.0
2025-01-22 00:00:00-05:00,38.64301933805841,38.94791222104012,38.10207684229866,38.741371154785156,292000,0.0,0.0
2025-01-23 00:00:00-05:00,38.34795626554568,38.77087203629095,37.413599093420785,37.8561897277832,264900,0.0,0.0
2025-01-24 00:00:00-05:00,37.84635551144108,39.10527675447041,37.275908230148886,38.84955978393555,422300,0.0,0.0
2025-01-27 00:00:00-05:00,38.111912411908406,39.30198671193192,37.71849762174256,39.183963775634766,358600,0.0,0.0
2025-01-28 00:00:00-05:00,39.27247805356521,39.57737467355267,38.30369732335905,38.71186447143555,265000,0.0,0.0
2025-01-29 00:00:00-05:00,38.859394714755894,39.00692619411734,38.023393003391355,38.04306411743164,162200,0.0,0.0
2025-01-30 00:00:00-05:00,38.26927571799384,38.947912258577624,38.26927571799384,38.6823616027832,154300,0.0,0.0
2025-01-31 00:00:00-05:00,38.85489476825587,38.87066825873854,37.9774313639805,38.00700759887695,121000,0.095,0.0
2025-02-03 00:00:00-05:00,37.257714338820364,38.2436289574017,36.79433326457808,36.833770751953125,206800,0.0,0.0
2025-02-04 00:00:00-05:00,36.952078490826366,37.31686583713144,36.56757240134728,36.60700988769531,206500,0.0,0.0
2025-02-05 00:00:00-05:00,36.70560061046221,36.873208050464775,36.22250455597261,36.32109451293945,135700,0.0,0.0
2025-02-06 00:00:00-05:00,36.36052717355932,36.65630076616417,35.23658526508173,35.443626403808594,157300,0.0,0.0
2025-02-07 00:00:00-05:00,35.44363091386088,36.28165682637075,34.9013786315918,34.9013786315918,159100,0.0,0.0
2025-02-10 00:00:00-05:00,35.226729377723856,35.926727864362086,35.226729377723856,35.77884292602539,138100,0.0,0.0
2025-02-11 00:00:00-05:00,35.404194060478204,35.977011721727266,35.23659037936319,35.9168701171875,144200,0.0,0.0
2025-02-12 00:00:00-05:00,35.76898414476051,35.90405548176515,34.81264944235469,35.17743682861328,143600,0.0,0.0
2025-02-13 00:00:00-05:00,35.43377241698511,35.61123736112249,34.49715647521854,35.1971549987793,318200,0.0,0.0
2025-02-14 00:00:00-05:00,35.18728965478352,35.36968520420929,34.41827749357382,34.556304931640625,109800,0.0,0.0
2025-02-18 00:00:00-05:00,34.76335175517874,34.99110082607776,34.45772059563158,34.75349426269531,144600,0.0,0.0
2025-02-19 00:00:00-05:00,34.64503527111259,35.36475241191948,34.3985566436733,35.019683837890625,174300,0.0,0.0
2025-02-20 00:00:00-05:00,34.8816576358024,34.91616449441962,34.13236047587775,34.45771408081055,127400,0.0,0.0
2025-02-21 00:00:00-05:00,34.88165921031952,34.88165921031952,33.07743370726725,33.10701370239258,223100,0.0,0.0
2025-02-24 00:00:00-05:00,33.22532137551124,33.64926493656733,32.79151656272889,32.8802490234375,124700,0.0,0.0
2025-02-25 00:00:00-05:00,33.16616514805031,33.826729857984546,32.65348912628562,32.8802490234375,187700,0.0,0.0
2025-02-26 00:00:00-05:00,33.018285831980506,33.73800313071901,32.89997335695259,32.94926834106445,152700,0.0,0.0
2025-02-27 00:00:00-05:00,32.929548255595314,34.48729132584859,32.574618407420594,32.60419464111328,155300,0.0,0.0
2025-02-28 00:00:00-05:00,32.62391647286158,33.15828204170823,32.421802160916236,33.14645004272461,220700,0.0,0.0
2025-03-03 00:00:00-05:00,33.314050399770736,33.476727187783496,31.923911166043435,31.953487396240234,183200,0.0,0.0
2025-03-04 00:00:00-05:00,31.707015158158807,32.34786118837194,31.23377657501804,31.864761352539062,135000,0.0,0.0
2025-03-05 00:00:00-05:00,31.992928838286197,32.55489984739579,31.992928838286197,32.33799743652344,154500,0.0,0.0
2025-03-06 00:00:00-05:00,32.002786649310465,32.8605350494482,32.002786649310465,32.45630645751953,196900,0.0,0.0
2025-03-07 00:00:00-05:00,32.33800016929951,33.619688478019135,32.22166220906739,33.54081726074219,168600,0.0,0.0
2025-03-10 00:00:00-04:00,33.52109578395357,34.05151605382975,33.31405462439032,33.373207092285156,340200,0.0,0.0
2025-03-11 00:00:00-04:00,33.36335157589152,33.77743391952536,32.70771743750539,33.04785919189453,296200,0.0,0.0
2025-03-12 00:00:00-04:00,31.145043593918153,35.256305832950495,31.145043593918153,34.73377227783203,588600,0.0,0.0
2025-03-13 00:00:00-04:00,34.51686769381474,34.72292724036765,33.16616577608716,34.418277740478516,395600,0.0,0.0
2025-03-14 00:00:00-04:00,34.88166295098867,34.88166295098867,32.57462241498958,33.24504470825195,379200,0.0,0.0
2025-03-17 00:00:00-04:00,32.6436335280143,33.215462049425675,31.578843937780604,31.97321128845215,396100,0.0,0.0
2025-03-18 00:00:00-04:00,31.963349140021467,32.13095657569581,31.48025309800711,31.87462043762207,348200,0.0,0.0
2025-03-19 00:00:00-04:00,31.43095724628332,32.15067634777774,30.928142445098715,31.904197692871094,393000,0.0,0.0
2025-03-20 00:00:00-04:00,31.933771965274314,31.93870259113983,30.987294891235855,31.450674057006836,257200,0.0,0.0
2025-03-21 00:00:00-04:00,31.460531630230122,31.657715282960133,30.021097358942146,30.730955123901367,604300,0.0,0.0
2025-03-24 00:00:00-04:00,31.125324249267578,31.588705324128174,30.868986222436437,31.125324249267578,267400,0.0,0.0
2025-03-25 00:00:00-04:00,31.04644885568452,31.371800580936565,30.691519017052194,30.878843307495117,298300,0.0,0.0
2025-03-26 00:00:00-04:00,30.99715470216211,31.147012258005898,29.804197090961537,29.94222640991211,173500,0.0,0.0
2025-03-27 00:00:00-04:00,29.942225919819265,30.359266227861152,29.76476099870385,30.218280792236328,226700,0.0,0.0
2025-03-28 00:00:00-04:00,30.159128092669842,30.329691651291125,28.650678061279077,28.67039680480957,281900,0.0,0.0
2025-03-31 00:00:00-04:00,28.345043112777446,29.46898509010353,28.335183741688983,29.192930221557617,308600,0.0,0.0
2025-04-01 00:00:00-04:00,29.054902547063893,29.47884612538724,28.749269547998427,28.877439498901367,177000,0.0,0.0
2025-04-02 00:00:00-04:00,28.57180357595231,30.129548509811112,28.57180357595231,29.952083587646484,196700,0.0,0.0
2025-04-03 00:00:00-04:00,28.956313562619517,29.444340252277286,28.093638259817126,28.325326919555664,225300,0.0,0.0
2025-04-04 00:00:00-04:00,27.566171296485674,28.3943397104171,27.117580228979723,27.77321434020996,316500,0.0,0.0
2025-04-07 00:00:00-04:00,27.13236812858087,28.453493740049108,26.69264921322664,27.911239624023438,362200,0.0,0.0
2025-04-08 00:00:00-04:00,28.778847783535767,28.778847783535767,27.64011574027774,28.029552459716797,329100,0.0,0.0
2025-04-09 00:00:00-04:00,28.02955315859625,30.583072194068023,27.561243334472355,30.08025550842285,256100,0.0,0.0
2025-04-10 00:00:00-04:00,29.626732670835654,30.09997310309925,29.020395423776034,29.79433822631836,207500,0.0,0.0
2025-04-11 00:00:00-04:00,29.91265003599152,30.415466723140305,29.40983334884273,30.336593627929688,157400,0.0,0.0
2025-04-14 00:00:00-04:00,30.50419817284259,31.095747307432518,29.634621527945082,30.760536193847656,292900,0.0,0.0
2025-04-15 00:00:00-04:00,30.5732113835366,31.361942296171037,30.129549069877957,30.583070755004883,235700,0.0,0.0
2025-04-16 00:00:00-04:00,30.484480387446816,30.669832066809242,29.74504441609589,30.208423614501953,216900,0.0,0.0
2025-04-17 00:00:00-04:00,30.11968826993581,30.592928675555125,29.646449744799234,30.3070125579834,127000,0.0,0.0
2025-04-21 00:00:00-04:00,30.080253169939265,30.94687177424103,28.660535690281666,28.729549407958984,397400,0.0,0.0
2025-04-22 00:00:00-04:00,28.74926913893083,29.409831985888058,28.207016869548067,28.95631217956543,222500,0.0,0.0
2025-04-23 00:00:00-04:00,29.557718185745593,30.233071016223796,28.956311580264174,28.976028442382812,215000,0.0,0.0
2025-04-24 00:00:00-04:00,29.01546692249803,29.853494706966252,28.680255808710744,29.65631103515625,254800,0.0,0.0
2025-04-25 00:00:00-04:00,29.57743866574546,30.597860149275046,29.57743866574546,30.021100997924805,340600,0.0,0.0
2025-04-28 00:00:00-04:00,30.011242269085322,30.297156537795935,28.66053838032941,28.897157669067383,305000,0.0,0.0
2025-04-29 00:00:00-04:00,28.90701675415039,29.34574846519288,28.41405943738662,28.90701675415039,473100,0.0,0.0
2025-04-30 00:00:00-04:00,28.778845977312326,28.971099011923318,28.384480537022753,28.739408493041992,341700,0.0,0.0
2025-05-01 00:00:00-04:00,29.054899175651908,29.73518069636118,28.5915200449998,29.25208282470703,465900,0.0,0.0
2025-05-02 00:00:00-04:00,29.583429049662392,29.958290670868767,29.059215148303704,29.415285110473633,339800,0.095,0.0
2025-05-05 00:00:00-04:00,29.29659634605898,30.068078747815413,28.98997970720996,29.454849243164062,279200,0.0,0.0
2025-05-06 00:00:00-04:00,29.247142754711682,30.087862496171667,28.633913216133887,29.286706924438477,444100,0.0,0.0
2025-05-07 00:00:00-04:00,32.184715722970715,35.953114151934464,30.354914411054384,35.033267974853516,972800,0.0,0.0
2025-05-08 00:00:00-04:00,35.18162775094677,36.81361369331417,35.17173859634082,36.08169174194336,559600,0.0,0.0
2025-05-09 00:00:00-04:00,36.13114725043834,36.526781373484674,34.88490617702165,34.99370574951172,385000,0.0,0.0
2025-05-12 00:00:00-04:00,35.80475331065377,36.16082327677705,34.81567174833211,35.37944793701172,321900,0.0,0.0
2025-05-13 00:00:00-04:00,35.4288971722037,36.274561357637765,35.36955092701582,35.6168212890625,302200,0.0,0.0
2025-05-14 00:00:00-04:00,35.51791915297217,35.51791915297217,34.42003800271486,34.617855072021484,234500,0.0,0.0
2025-05-15 00:00:00-04:00,34.84534218870313,35.11239465717116,34.340912263627956,34.835453033447266,197900,0.0,0.0
2025-05-16 00:00:00-04:00,34.855232655241295,35.09359863323399,34.311234828424354,34.904685974121094,345100,0.0,0.0
2025-05-19 00:00:00-04:00,34.6376309896336,35.2211891650201,34.61784890892012,35.053043365478516,283500,0.0,0.0
2025-05-20 00:00:00-04:00,34.93436336887131,35.01349171146439,34.14309880817573,34.548622131347656,326600,0.0,0.0
2025-05-21 00:00:00-04:00,34.37058453621595,34.47938411253606,33.04521508231482,33.074886322021484,205700,0.0,0.0
2025-05-22 00:00:00-04:00,32.8968502832076,33.30237356273591,32.74849031638308,32.768272399902344,247800,0.0,0.0
2025-05-23 00:00:00-04:00,32.54078264349185,32.82267071820124,32.125366454261645,32.333072662353516,298300,0.0,0.0
2025-05-27 00:00:00-04:00,32.74849002924798,33.055102888491625,32.412202158462314,33.00564956665039,304200,0.0,0.0
2025-05-28 00:00:00-04:00,33.055106676328755,33.51997625560907,32.11548213453234,32.27373504638672,243800,0.0,0.0
2025-05-29 00:00:00-04:00,32.45176838658831,32.6693637711214,32.273733398213245,32.44187545776367,207100,0.0,0.0
2025-05-30 00:00:00-04:00,32.24405511220292,32.511107567661256,31.818749769033708,32.412200927734375,416600,0.0,0.0
2025-06-02 00:00:00-04:00,32.59023707741686,32.63969039916992,31.986896742108385,32.63969039916992,285500,0.0,0.0
2025-06-03 00:00:00-04:00,33.13423004271121,33.510082066812885,32.718817626372356,33.22324752807617,505800,0.0,0.0
2025-06-04 00:00:00-04:00,33.22324938182611,33.777136407562814,33.144121046843715,33.70790100097656,278700,0.0,0.0
2025-06-05 00:00:00-04:00,33.787023749347846,34.034294123325225,33.14411926778806,33.58920669555664,197700,0.0,0.0
2025-06-06 00:00:00-04:00,34.08375119468125,34.548620756295946,33.89582704807272,34.113426208496094,149300,0.0,0.0
2025-06-09 00:00:00-04:00,34.617853131110834,34.91457683191104,34.28156526405818,34.65741729736328,262600,0.0,0.0
2025-06-10 00:00:00-04:00,34.97392356728352,34.97392356728352,34.428937168156416,34.627742767333984,280800,0.0,0.0
2025-06-11 00:00:00-04:00,35.270648995593845,36.02729580068607,33.9551724560396,35.6366081237793,448000,0.0,0.0
2025-06-12 00:00:00-04:00,35.31021117393475,36.007511686617875,35.23108284092432,35.75529861450195,261800,0.0,0.0
2025-06-13 00:00:00-04:00,34.68709314182303,35.45857562096237,33.48041232220749,34.024410247802734,569600,0.0,0.0
2025-06-16 00:00:00-04:00,34.242007481424416,34.46949582021599,33.84637706428365,34.06397247314453,237400,0.0,0.0
2025-06-17 00:00:00-04:00,33.866153261950814,34.2420015269194,33.524918926578685,33.81669616699219,243200,0.0,0.0
2025-06-18 00:00:00-04:00,33.88592919103473,33.974946673439526,33.322153060153106,33.361717224121094,408500,0.0,0.0
2025-06-20 00:00:00-04:00,33.55953616446727,33.678224890021745,32.3231842685557,32.5111083984375,579900,0.0,0.0
2025-06-23 00:00:00-04:00,32.51110850737316,32.66441870865155,31.690172807721364,32.431983947753906,260900,0.0,0.0
2025-06-24 00:00:00-04:00,32.461659740493936,32.61991265498259,31.918654121094644,32.610023498535156,225900,0.0,0.0
2025-06-25 00:00:00-04:00,32.36274888512822,32.550673017625236,31.20552153246637,31.264867782592773,248800,0.0,0.0
2025-06-26 00:00:00-04:00,31.551702553415943,31.952281279176976,31.037379670431676,31.91766357421875,319700,0.0,0.0
2025-06-27 00:00:00-04:00,32.0858039680355,32.15503937435586,31.41323010197817,31.680280685424805,561500,0.0,0.0
2025-06-30 00:00:00-04:00,31.868207849942504,31.868207849942504,31.348938541613137,31.502246856689453,219300,0.0,0.0
2025-07-01 00:00:00-04:00,31.334104948621167,32.006680728994226,31.245087454952767,31.38355827331543,205700,0.0,0.0
2025-07-02 00:00:00-04:00,31.660498747808518,31.660498747808518,31.23519526608956,31.56159210205078,164600,0.0,0.0
2025-07-03 00:00:00-04:00,31.848428200971924,32.031405881798854,31.581375716823757,31.87809944152832,108000,0.0,0.0
2025-07-07 00:00:00-04:00,31.818750789506513,32.0858032535296,31.35388503928551,31.462682723999023,252700,0.0,0.0
2025-07-08 00:00:00-04:00,31.39344623371554,31.9473313393156,31.294537707513296,31.601154327392578,210300,0.0,0.0
2025-07-09 00:00:00-04:00,31.808861774261548,32.214385049624674,31.423120582214505,32.194602966308594,207500,0.0,0.0
2025-07-10 00:00:00-04:00,32.174816912845934,32.62979722688117,32.130310060661536,32.35285186767578,239900,0.0,0.0
2025-07-11 00:00:00-04:00,32.3330725973557,32.456707783787536,32.0363489045286,32.412200927734375,223600,0.0,0.0
2025-07-14 00:00:00-04:00,32.422087508682544,33.154009414395844,32.0857996773623,33.084774017333984,284800,0.0,0.0
2025-07-15 00:00:00-04:00,33.16390158790549,33.24797638317505,31.58137269233887,31.61104393005371,522400,0.0,0.0
2025-07-16 00:00:00-04:00,31.937441424907703,32.14020116334082,31.53686275225216,31.868206024169922,197500,0.0,0.0
2025-07-17 00:00:00-04:00,32.09569345538449,32.610016256513774,31.878094331394262,32.21438217163086,144100,0.0,0.0
2025-07-18 00:00:00-04:00,32.253951501146474,32.5210039852618,32.11053421673008,32.28362274169922,154700,0.0,0.0
2025-07-21 00:00:00-04:00,32.42209257763746,32.441874661754504,31.858316385965114,31.89788055419922,159500,0.0,0.0
2025-07-22 00:00:00-04:00,31.798971459485504,32.62980006322926,31.798971459485504,32.412200927734375,201600,0.0,0.0
2025-07-23 00:00:00-04:00,32.73859852063544,33.45073845977763,32.61990978846067,33.44084930419922,180800,0.0,0.0
2025-07-24 00:00:00-04:00,33.25292198525737,34.0046261062451,33.045215756976624,33.33205032348633,266400,0.0,0.0
2025-07-25 00:00:00-04:00,33.54964881263868,33.66834133096744,33.04521881540657,33.51997756958008,178600,0.0,0.0
2025-07-28 00:00:00-04:00,33.68812226629463,33.68812226629463,33.0155464442677,33.29248809814453,190300,0.0,0.0
2025-07-29 00:00:00-04:00,33.381501784671876,33.569425917903615,32.84739685058594,32.84739685058594,234900,0.0,0.0
2025-07-30 00:00:00-04:00,33.243032061873556,33.37161372200306,31.892934063130667,32.34296798706055,164400,0.0,0.0
2025-07-31 00:00:00-04:00,32.10558679432512,33.08477920686426,31.94733389435429,32.708927154541016,278500,0.0,0.0
2025-08-01 00:00:00-04:00,32.17824356801128,32.44606541946601,31.662440833158783,32.07905197143555,286200,0.095,0.0
2025-08-04 00:00:00-04:00,32.32703514067852,32.88251792645474,32.09889143864103,32.80316162109375,265300,0.0,0.0
2025-08-05 00:00:00-04:00,33.001546968344584,34.47952213538275,32.90235159154948,34.0133171081543,400700,0.0,0.0
2025-08-06 00:00:00-04:00,31.741792731831612,32.28239332301567,28.438662501353715,28.617210388183594,1566400,0.0,0.0
2025-08-07 00:00:00-04:00,28.984225495340315,30.948250472905688,28.76600133870345,30.8292179107666,593200,0.0,0.0
2025-08-08 00:00:00-04:00,30.80937857362671,30.99288718419876,30.10014770562763,30.30349349975586,584700,0.0,0.0
2025-08-11 00:00:00-04:00,30.363010260004096,30.363010260004096,28.190680715439537,28.210519790649414,434500,0.0,0.0
2025-08-12 00:00:00-04:00,28.518019679833685,30.02575543523753,27.992295505500397,29.480192184448242,748900,0.0,0.0
2025-08-13 00:00:00-04:00,28.29979551853972,29.926561948983775,28.081569461410957,29.708337783813477,654900,0.0,0.0
2025-08-14 00:00:00-04:00,29.33140056199057,29.87696376938697,28.552734846631218,28.984224319458008,369200,0.0,0.0
2025-08-15 00:00:00-04:00,29.08341955447482,29.534748129376993,28.775921443168322,29.01398468017578,441300,0.0,0.0
2025-08-18 00:00:00-04:00,29.013981810864838,29.683534480486117,29.013981810864838,29.420673370361328,238500,0.0,0.0
2025-08-19 00:00:00-04:00,29.34132203747996,29.51986993925918,28.959428334665162,29.212371826171875,326800,0.0,0.0
2025-08-20 00:00:00-04:00,29.281805194372364,29.41968355045917,28.914789871602025,29.023902893066406,178800,0.0,0.0
2025-08-21 00:00:00-04:00,28.82551641614031,29.44051451310478,28.82551641614031,29.39091682434082,211200,0.0,0.0
2025-08-22 00:00:00-04:00,29.67857872387414,31.221031894165847,29.628982925429913,30.80937957763672,305600,0.0,0.0
2025-08-25 00:00:00-04:00,30.809377558666196,30.83913617095768,29.97615533408776,30.025753021240234,237000,0.0,0.0
2025-08-26 00:00:00-04:00,30.02575475557211,30.789542154212878,29.946400343502834,30.51180076599121,213800,0.0,0.0
2025-08-27 00:00:00-04:00,30.55147570333511,30.928410563313765,30.46220175712745,30.749862670898438,133700,0.0,0.0
2025-08-28 00:00:00-04:00,30.79945837716063,30.982966983807977,30.382847260056966,30.65066909790039,190800,0.0,0.0
2025-08-29 00:00:00-04:00,30.77962169073938,31.007765382084,30.32829313092356,30.5613956451416,202200,0.0,0.0
2025-09-02 00:00:00-04:00,30.372929614470173,30.670508172990644,30.214218905706474,30.65066909790039,176000,0.0,0.0
2025-09-03 00:00:00-04:00,30.670509510127847,30.997846695554568,29.995996063319236,30.184463500976562,265600,0.0,0.0
2025-09-04 00:00:00-04:00,30.243978344411076,31.89058567466843,30.02079347344559,31.642601013183594,397100,0.0,0.0
2025-09-05 00:00:00-04:00,31.731875048338452,32.138568532075624,31.53348996734985,31.74179458618164,210300,0.0,0.0
2025-09-08 00:00:00-04:00,31.751712321483623,32.31711652034568,31.374779342172914,31.612844467163086,178500,0.0,0.0
2025-09-09 00:00:00-04:00,31.57316521145543,31.593004286503835,30.640749495721995,31.00776481628418,119200,0.0,0.0
2025-09-10 00:00:00-04:00,31.057361195952883,31.533489546276137,30.779621707885884,31.24582862854004,158800,0.0,0.0
2025-09-11 00:00:00-04:00,31.28550520017317,32.32703201176763,31.265666125753132,32.227840423583984,177700,0.0,0.0
2025-09-12 00:00:00-04:00,32.06913333570842,32.33695139498157,31.801311492518536,32.257598876953125,237700,0.0,0.0
2025-09-15 00:00:00-04:00,32.38655023581771,32.57005505801967,31.6525195952599,32.50558090209961,232600,0.0,0.0
2025-09-16 00:00:00-04:00,32.803156383607885,33.070978195564344,32.455982062877084,32.71388244628906,671900,0.0,0.0
2025-09-17 00:00:00-04:00,32.91227330499055,33.17513443390996,32.515499362222194,32.58493423461914,323100,0.0,0.0
2025-09-18 00:00:00-04:00,32.68412621072392,34.09762708586372,32.416304394815896,34.023231506347656,282500,0.0,0.0
2025-09-19 00:00:00-04:00,34.072830872568765,34.072830872568765,33.46775609602121,33.49751281738281,645700,0.0,0.0
2025-09-22 00:00:00-04:00,33.41815692517,34.23154011297763,33.031304407056226,34.221622467041016,211200,0.0,0.0
2025-09-23 00:00:00-04:00,34.60847350746278,36.84031835567148,34.60847350746278,36.67169189453125,567800,0.0,0.0
2025-09-24 00:00:00-04:00,36.24516229459488,37.5148328564471,35.78887490941882,35.90790557861328,462000,0.0,0.0
2025-09-25 00:00:00-04:00,35.67976071406271,35.68967835953784,34.925891004787516,35.43177795410156,306800,0.0,0.0
2025-09-26 00:00:00-04:00,35.3722623766539,36.066614893661814,35.347462585936306,36.046775817871094,222300,0.0,0.0
2025-09-29 00:00:00-04:00,36.136051012812466,36.384033792870795,35.64008545269582,35.93766403198242,390000,0.0,0.0
2025-09-30 00:00:00-04:00,35.61032593838164,36.235239770720256,35.372260823264575,36.21540069580078,315000,0.0,0.0
2025-10-01 00:00:00-04:00,35.88806391947545,36.22532061117758,35.149076383215075,35.798789978027344,233100,0.0,0.0
2025-10-02 00:00:00-04:00,35.97734135900247,36.314598083496094,35.46153673425242,36.314598083496094,219700,0.0,0.0
2025-10-03 00:00:00-04:00,36.41378932719153,37.217254870567984,36.19556706092582,36.37411117553711,342300,0.0,0.0
2025-10-06 00:00:00-04:00,36.7411281735359,37.42555925768447,36.274919354293324,37.217254638671875,208200,0.0,0.0
2025-10-07 00:00:00-04:00,37.445397090915804,37.51483196161609,36.617135573336206,37.32636642456055,310900,0.0,0.0
2025-10-08 00:00:00-04:00,37.36604139406857,38.40757203922334,37.048623756051576,38.248863220214844,271100,0.0,0.0
2025-10-09 00:00:00-04:00,38.68531453557299,39.478858692339806,37.897722480270524,38.16950988769531,458400,0.0,0.0
2025-10-10 00:00:00-04:00,38.58611975486,39.03744641960863,37.27677105812585,38.05047607421875,874200,0.0,0.0
2025-10-13 00:00:00-04:00,38.526603624111296,39.12176076357374,38.04055572588075,38.655555725097656,560900,0.0,0.0
2025-10-14 00:00:00-04:00,38.28853474054743,41.72061884531964,38.07031249558199,40.73860549926758,375400,0.0,0.0
2025-10-15 00:00:00-04:00,40.94691663500327,41.31591665721984,39.32015015546863,40.26248550415039,325600,0.0,0.0
2025-10-16 00:00:00-04:00,40.38151271044035,41.05602613672614,39.98474255515952,40.65925598144531,262400,0.0,0.0
2025-10-17 00:00:00-04:00,40.15337063873625,41.026271069815714,39.81611391199533,40.36167526245117,230800,0.0,0.0
2025-10-20 00:00:00-04:00,40.80804608388244,42.563764638100196,40.64437653928792,40.96675491333008,246600,0.0,0.0
2025-10-21 00:00:00-04:00,40.86756035266881,41.72062166810668,40.51046456630722,41.04610824584961,225200,0.0,0.0
2025-10-22 00:00:00-04:00,41.254412429095574,41.254412429095574,40.351755326959996,40.77828598022461,218300,0.0,0.0
2025-10-23 00:00:00-04:00,41.1948940300341,42.51416410228274,41.0560242927272,42.25625991821289,203100,0.0,0.0
2025-10-24 00:00:00-04:00,42.653033667578065,43.27795126685549,42.33065533074911,43.099403381347656,187500,0.0,0.0
2025-10-27 00:00:00-04:00,43.42674164841292,43.42674164841292,42.46457106995765,42.56376266479492,130000,0.0,0.0
2025-10-28 00:00:00-04:00,42.583600681323354,43.27795317966334,42.14715237741204,42.87126159667969,167600,0.0,0.0
2025-10-29 00:00:00-04:00,43.466420224987026,43.93262904989836,42.375297535439415,42.83158493041992,219500,0.0,0.0
2025-10-30 00:00:00-04:00,42.78198618530567,43.55668256041134,42.11739043064628,42.3256950378418,183500,0.0,0.0
2025-10-31 00:00:00-04:00,42.12189922342391,42.648798359963045,41.81371687148226,42.21137237548828,221700,0.095,0.0
2025-11-03 00:00:00-05:00,42.37043533556271,42.37043533556271,41.11781499902158,42.21137237548828,381500,0.0,0.0
2025-11-04 00:00:00-05:00,41.296762977454385,42.83768617671696,41.296762977454385,42.28096389770508,359600,0.0,0.0
2025-11-05 00:00:00-05:00,44.73649921913292,46.366895472785934,41.64470944409968,44.845855712890625,489500,0.0,0.0
2025-11-06 00:00:00-05:00,45.253454355674734,45.253454355674734,43.13592568379065,43.19557571411133,356700,0.0,0.0
2025-11-07 00:00:00-05:00,42.80786054801422,43.32978409867695,41.65465316018222,42.688560485839844,300100,0.0,0.0
2025-11-10 00:00:00-05:00,42.688561629826644,43.215460770983434,41.75406720524463,43.06633758544922,305600,0.0,0.0
2025-11-11 00:00:00-05:00,43.17569351552733,43.72247220137205,42.4897352142705,43.3745231628418,253500,0.0,0.0
2025-11-12 00:00:00-05:00,43.26516281973664,43.76223499763937,42.89733046994935,42.97686004638672,224700,0.0,0.0
2025-11-13 00:00:00-05:00,42.98680971552142,44.100250490212545,42.61002734322743,42.93709945678711,376500,0.0,0.0
2025-11-14 00:00:00-05:00,42.14178444514965,43.59323449454473,41.8435418557666,42.70844650268555,324900,0.0,0.0
2025-11-17 00:00:00-05:00,42.70844480417211,43.01663094994887,41.813717071606234,41.84354019165039,295600,0.0,0.0
2025-11-18 00:00:00-05:00,41.17746224172685,41.87833591536135,39.97454833984375,39.97454833984375,350000,0.0,0.0
2025-11-19 00:00:00-05:00,40.083903505204944,40.556120597117115,39.48244657427131,39.765777587890625,240200,0.0,0.0
2025-11-20 00:00:00-05:00,40.48156219817003,41.39617324880593,39.179231636214986,39.27864456176758,433800,0.0,0.0
2025-11-21 00:00:00-05:00,39.288591521052766,40.29267580830058,38.71198588446823,40.01431655883789,394100,0.0,0.0
2025-11-24 00:00:00-05:00,40.11372549184178,41.04822366587307,39.666363540501656,40.58097457885742,417100,0.0,0.0
2025-11-25 00:00:00-05:00,40.69033423247151,42.41020374311789,40.69033423247151,42.28096389770508,290800,0.0,0.0
2025-11-26 00:00:00-05:00,42.18155056908908,43.483881202499674,42.18155056908908,42.81780242919922,258000,0.0,0.0
2025-11-28 00:00:00-05:00,43.19557977195275,43.19557977195275,42.361491829226104,42.43008804321289,104200,0.0,0.0
2025-12-01 00:00:00-05:00,42.221314608857874,42.36049422047779,41.32061773423759,42.002601623535156,219400,0.0,0.0
2025-12-02 00:00:00-05:00,42.26107771273657,43.106102746895665,42.03739673471917,42.62891387939453,242700,0.0,0.0
2025-12-03 00:00:00-05:00,42.76809349170403,43.31487216535991,42.56926384882189,42.62891387939453,422300,0.0,0.0
2025-12-04 00:00:00-05:00,42.39031829756467,43.82188871769231,42.39031829756467,43.54352569580078,178500,0.0,0.0
2025-12-05 00:00:00-05:00,43.37452586985743,43.444115681906595,42.18155170387686,42.599090576171875,164800,0.0,0.0
2025-12-08 00:00:00-05:00,42.748208408341085,43.165747228275876,42.211369532116485,42.36049270629883,183100,0.0,0.0
2025-12-09 00:00:00-05:00,42.499672896336,43.62305712481337,41.95289423742822,42.84762191772461,201000,0.0,0.0
2025-12-10 00:00:00-05:00,42.390318297463054,43.55346926381397,41.5651803846282,42.549381256103516,358100,0.0,0.0
2025-12-11 00:00:00-05:00,42.74820996760624,43.742354385457546,42.638853474864995,43.19557571411133,215000,0.0,0.0
2025-12-12 00:00:00-05:00,43.51369953254072,44.975092970081754,43.15580695254212,43.463993072509766,429700,0.0,0.0
2025-12-15 00:00:00-05:00,43.493819232079524,43.6727655345946,41.366350738133704,41.55523681640625,241200,0.0,0.0
2025-12-16 00:00:00-05:00,41.426000419133665,42.211375501826645,40.80963187723961,41.4955940246582,199400,0.0,0.0
2025-12-17 00:00:00-05:00,41.10787165893308,42.22131617799301,39.98449115633102,40.25291061401367,187300,0.0,0.0
2025-12-18 00:00:00-05:00,40.660506415247355,41.16751837737027,40.0938444254324,40.54120635986328,245700,0.0,0.0
2025-12-19 00:00:00-05:00,40.53126683554518,41.68447416487448,40.47460139468504,41.36634826660156,324000,0.0,0.0
2025-12-22 00:00:00-05:00,41.72424334326866,43.076280387892595,41.704359999393596,42.549381256103516,271500,0.0,0.0
2025-12-23 00:00:00-05:00,42.241200822803776,42.628916565052364,41.78389147765598,42.052310943603516,177900,0.0,0.0
2025-12-24 00:00:00-05:00,42.05231018921378,42.19646159199001,41.686464995074694,42.13184356689453,71300,0.0,0.0
2025-12-26 00:00:00-05:00,42.01254196048495,42.17160491765613,41.15758093591485,41.69441604614258,92400,0.0,0.0
2025-12-29 00:00:00-05:00,41.67453119245677,41.80377102558812,41.29675905308806,41.6546516418457,107800,0.0,0.0
2025-12-30 00:00:00-05:00,41.694417393668054,42.215351155082814,41.242083635239744,41.505531311035156,162000,0.0,0.0
2025-12-31 00:00:00-05:00,41.73418077161847,41.74412433917674,40.56109009549247,40.60085678100586,108700,0.0,0.0
2026-01-02 00:00:00-05:00,40.660506058910734,41.247051386149394,40.153490308871326,40.879215240478516,230100,0.0,0.0
2026-01-05 00:00:00-05:00,41.167522222395824,42.3505527727503,41.167522222395824,41.73418426513672,242100,0.0,0.0
2026-01-06 00:00:00-05:00,41.68447909486708,42.599090212482146,41.38623650400827,42.53944396972656,203400,0.0,0.0
2026-01-07 00:00:00-05:00,42.807860947478765,44.20960445604779,42.59908773290545,43.145870208740234,299900,0.0,0.0
2026-01-08 00:00:00-05:00,43.38446411455833,44.04059931382821,41.933014096834064,42.16166687011719,372100,0.0,0.0
2026-01-09 00:00:00-05:00,42.40026378865859,42.857569341446144,41.71430166711701,42.052310943603516,252200,0.0,0.0
2026-01-12 00:00:00-05:00,42.310789300018236,42.769088436748376,41.85347996928145,42.0423698425293,249100,0.0,0.0
2026-01-13 00:00:00-05:00,42.50961225863846,43.12101272440672,41.803770655045085,42.19148635864258,205000,0.0,0.0
2026-01-14 00:00:00-05:00,42.21137373383992,42.21137373383992,40.57103761635425,41.62482833862305,214500,0.0,0.0
2026-01-15 00:00:00-05:00,41.893247199027506,43.83680145078775,41.893247199027506,43.3248176574707,276300,0.0,0.0
2026-01-16 00:00:00-05:00,43.23534088190624,43.804983671632165,42.539439055389025,43.354637145996094,155800,0.0,0.0
2026-01-20 00:00:00-05:00,42.887392856365864,43.135928979819404,42.08213824348696,42.111961364746094,131900,0.0,0.0
2026-01-21 00:00:00-05:00,43.573352985767286,44.73650016985055,42.35055197718115,44.39849090576172,258200,0.0,0.0
2026-01-22 00:00:00-05:00,44.54761350370837,45.84397490425473,43.8914783282128,43.91135787963867,158800,0.0,0.0
2026-01-23 00:00:00-05:00,44.0008314285637,44.26925088356206,42.817800905298405,43.17569351196289,134300,0.0,0.0
2026-01-26 00:00:00-05:00,43.076278047388485,43.29498723341074,41.96283360504303,42.19148635864258,185200,0.0,0.0
2026-01-27 00:00:00-05:00,42.15172499402772,42.64382542087343,41.41605645338361,41.634769439697266,292000,0.0,0.0
2026-01-28 00:00:00-05:00,41.83359944580199,41.83359944580199,39.214026748337226,40.10378646850586,373900,0.0,0.0
2026-01-29 00:00:00-05:00,40.22308273187167,41.07307576452803,39.31841145217075,39.90495681762695,169400,0.0,0.0
2026-01-30 00:00:00-05:00,39.70563240170264,40.46306748867887,39.476408575356785,39.875057220458984,241200,0.1,0.0
2026-02-02 00:00:00-05:00,39.735529011638754,40.98131312488655,39.062806350851226,40.582664489746094,198500,0.0,0.0
2026-02-03 00:00:00-05:00,41.080980727302155,42.705480576166465,40.757076077052695,41.85834884643555,258000,0.0,0.0
2026-02-04 00:00:00-05:00,43.403119044381754,43.537665861665516,41.16070757341314,41.190608978271484,197100,0.0,0.0
2026-02-05 00:00:00-05:00,40.62252942983059,41.379968350760244,39.56112266246674,40.223880767822266,235900,0.0,0.0
2026-02-06 00:00:00-05:00,40.682327804710255,41.80851776591609,40.682327804710255,41.48959732055664,146700,0.0,0.0
2026-02-09 00:00:00-05:00,41.32016862007264,42.555988194960435,41.230472007364405,42.30683135986328,236400,0.0,0.0
2026-02-10 00:00:00-05:00,42.65564707504897,43.04433110824689,41.78858240085121,41.96797561645508,202300,0.0,0.0
2026-02-11 00:00:00-05:00,42.55598957746385,42.9247406408743,41.235457548182886,41.280303955078125,165400,0.0,0.0
2026-02-12 00:00:00-05:00,41.60919166333748,42.3566621722597,40.76205994062492,41.110877990722656,148400,0.0,0.0
2026-02-13 00:00:00-05:00,41.33013749594964,42.38157965625071,41.1208428626785,42.047706604003906,143200,0.0,0.0
2026-02-17 00:00:00-05:00,41.98791133865889,42.884873672958236,41.65902248813365,42.23706817626953,123100,0.0,0.0
2026-02-18 00:00:00-05:00,42.546019724004495,43.16891181074413,42.092556261810465,42.49618911743164,114200,0.0,0.0
2026-02-19 00:00:00-05:00,42.44635629809427,43.76688821350817,42.14736887241204,43.223724365234375,223800,0.0,0.0
2026-02-20 00:00:00-05:00,43.2237276582711,44.479480264371034,42.5460207474496,44.11072540283203,138500,0.0,0.0
2026-02-23 00:00:00-05:00,44.01106453585172,44.17550896444866,41.933097380485094,42.09754180908203,178500,0.0,0.0
2026-02-24 00:00:00-05:00,42.11746882913226,42.68554989866071,41.83841439639173,42.007843017578125,195000,0.0,0.0
2026-02-25 00:00:00-05:00,42.80514520422947,42.83504280797667,41.599227029892006,42.36662673950195,128000,0.0,0.0
2026-02-26 00:00:00-05:00,42.43639513109377,43.622380329705265,42.09754167408595,43.54264831542969,141500,0.0,0.0
2026-02-27 00:00:00-05:00,43.01443658754386,44.31005139162384,42.61578412390465,44.24028778076172,189600,0.0,0.0
2026-03-02 00:00:00-05:00,44.15058866708466,47.220202578567566,43.916380643092964,45.91461944580078,267500,0.0,0.0
2026-03-03 00:00:00-05:00,45.85482202591813,45.91462103469755,43.93133476640828,44.7585334777832,236900,0.0,0.0
2026-03-04 00:00:00-05:00,44.92796371987307,45.51597021913962,44.060895169585194,45.296714782714844,163600,0.0,0.0
2026-03-05 00:00:00-05:00,47.5490875224156,48.59554542598974,44.69076039849509,44.848228454589844,426700,0.0,0.0
2026-03-06 00:00:00-05:00,44.13065806675752,44.939919752821716,42.32676498721857,43.36325454711914,222400,0.0,0.0
2026-03-09 00:00:00-04:00,44.05092686482517,45.067487154224764,42.95463456755203,43.851600646972656,706700,0.0,0.0
2026-03-10 00:00:00-04:00,43.861567340638736,45.0973869088473,40.4929696856502,40.552764892578125,691300,0.0,0.0
2026-03-11 00:00:00-04:00,37.373525068552965,37.85190573321065,34.044789617040585,35.09124755859375,1349400,0.0,0.0
2026-03-12 00:00:00-04:00,34.303910055735564,34.38364206511348,31.613017469450032,31.842243194580078,984700,0.0,0.0
2026-03-13 00:00:00-04:00,32.19106224149915,32.79800944580505,31.16353931965107,31.543254852294922,643600,0.0,0.0
2026-03-16 00:00:00-04:00,32.15119732158136,33.38701693465514,31.842245269686693,32.749176025390625,772900,0.0,0.0
2026-03-17 00:00:00-04:00,32.878739002210175,33.47671391062699,32.62958215673121,32.868770599365234,348800,0.0,0.0
2026-03-18 00:00:00-04:00,32.57974417257307,33.11792381221558,31.98176932974674,32.111331939697266,335900,0.0,0.0
2026-03-19 00:00:00-04:00,31.89207546631342,32.729242599377415,31.19443555512148,31.9718074798584,325700,0.0,0.0
2026-03-20 00:00:00-04:00,31.89207391208627,32.141230739524445,30.895446602333575,31.463523864746094,639000,0.0,0.0
2026-03-23 00:00:00-04:00,31.981771939533445,32.430255009166125,31.443592255974234,31.50339126586914,464400,0.0,0.0
2026-03-24 00:00:00-04:00,30.96521050724188,31.93194022357199,30.915379901641998,31.772478103637695,349800,0.0,0.0
2026-03-25 00:00:00-04:00,32.0515329346821,32.749172785867046,31.702713009089628,32.111331939697266,478300,0.0,0.0
2026-03-26 00:00:00-04:00,31.662850481923876,31.78244469607282,30.526694042014324,30.546627044677734,277900,0.0,0.0
2026-03-27 00:00:00-04:00,30.307436528533945,30.626356965518447,29.784207567799015,29.85895347595215,339900,0.0,0.0
2026-03-30 00:00:00-04:00,30.31740321465383,30.46191463257971,29.091552064677057,29.290876388549805,413300,0.0,0.0
2026-03-31 00:00:00-04:00,29.829056147931936,30.734990781945903,29.48023620392236,30.576526641845703,356000,0.0,0.0
2026-04-01 00:00:00-04:00,31.114705691871325,32.131267962643264,30.9502631649064,32.061500549316406,455700,0.0,0.0
2026-04-02 00:00:00-04:00,30.915379901278104,32.589714101868786,30.755919682261442,32.400352478027344,503500,0.0,0.0
2026-04-06 00:00:00-04:00,31.91200800500861,32.83887173889822,31.852208995720645,32.45018768310547,487000,0.0,0.0
2026-04-07 00:00:00-04:00,32.171129091171146,32.380423720483485,30.656256989776956,31.074840545654297,266000,0.0,0.0
2026-04-08 00:00:00-04:00,32.988363849521036,33.44681532109788,32.60964819286107,32.75914001464844,563700,0.0,0.0
2026-04-09 00:00:00-04:00,32.55981223719082,34.27899661982231,32.50101311189028,33.287353515625,355200,0.0,0.0
2026-04-10 00:00:00-04:00,33.10795991317241,33.396978938952415,32.49004825376217,32.53988265991211,197300,0.0,0.0
2026-04-13 00:00:00-04:00,32.38042472143922,33.3072846720529,32.25086209963727,32.87873840332031,260200,0.0,0.0
2026-04-14 00:00:00-04:00,33.14782515623693,33.83151236362391,33.0262387746929,33.11792755126953,265600,0.0,0.0
2026-04-15 00:00:00-04:00,33.028227973807404,33.43684501300335,32.52991432591814,32.978397369384766,373700,0.0,0.0
2026-04-16 00:00:00-04:00,32.95846520976202,33.56640848402072,29.98851624864139,30.327369689941406,558300,0.0,0.0
2026-04-17 00:00:00-04:00,31.284130520099787,32.0316009994338,31.13463680441613,31.214366912841797,698100,0.0,0.0
2026-04-20 00:00:00-04:00,30.985144464470338,31.647900663763302,30.15794383998302,30.407100677490234,389300,0.0,0.0
2026-04-21 00:00:00-04:00,30.247639798297406,31.134637512314796,29.241045968464437,29.350675582885742,434800,0.0,0.0
2026-04-22 00:00:00-04:00,29.76925898279764,29.938685703791993,29.08158559747754,29.510135650634766,364400,0.0,0.0
2026-04-23 00:00:00-04:00,29.460302803078505,29.554983614280843,28.73276532172066,28.981922149658203,389300,0.0,0.0
2026-04-24 00:00:00-04:00,28.991888532810616,29.71444371106989,28.72279870351421,29.360639572143555,454000,0.0,0.0
2026-04-27 00:00:00-04:00,29.390540200741977,29.69949414569627,29.09155275735599,29.310810089111328,286300,0.0,0.0
2026-04-28 00:00:00-04:00,29.340708594531375,29.839022250480337,28.90219204503988,29.60979652404785,433100,0.0,0.0
2026-04-29 00:00:00-04:00,29.45033621269641,29.898819261992593,27.227857770441403,27.287654876708984,439600,0.0,0.0
2026-04-30 00:00:00-04:00,27.526847022853875,29.74434125754683,27.317554300157756,29.549999237060547,475000,0.0,0.0
2026-05-01 00:00:00-04:00,29.700000762939453,30.149999618530273,29.040000915527344,29.850000381469727,442600,0.1,0.0
2026-05-04 00:00:00-04:00,29.406999588012695,30.326000213623047,28.950000762939453,29.3799991607666,291900,0.0,0.0
2026-05-05 00:00:00-04:00,29.719999313354492,30.219999313354492,29.270000457763672,29.850000381469727,325300,0.0,0.0
2026-05-06 00:00:00-04:00,29.899999618530273,31.030000686645508,29.899999618530273,30.84000015258789,328800,0.0,0.0
2026-05-07 00:00:00-04:00,31.170000076293945,31.6200008392334,29.770000457763672,29.90999984741211,459400,0.0,0.0
2026-05-08 00:00:00-04:00,30.0,30.329999923706055,29.149999618530273,29.850000381469727,267000,0.0,0.0
2026-05-11 00:00:00-04:00,29.3799991607666,31.604999542236328,29.3799991607666,31.360000610351562,664900,0.0,0.0
2026-05-12 00:00:00-04:00,27.21500015258789,28.815000534057617,25.729999542236328,28.3799991607666,1520100,0.0,0.0
2026-05-13 00:00:00-04:00,27.920000076293945,31.309999465942383,27.475000381469727,31.280000686645508,937300,0.0,0.0
2026-05-14 00:00:00-04:00,31.170000076293945,31.649999618530273,29.959999084472656,30.489999771118164,446000,0.0,0.0
2026-05-15 00:00:00-04:00,29.93000030517578,30.44499969482422,29.719999313354492,29.780000686645508,359900,0.0,0.0
2026-05-18 00:00:00-04:00,29.649999618530273,30.020000457763672,29.170000076293945,29.270000457763672,304800,0.0,0.0
2026-05-19 00:00:00-04:00,29.09000015258789,29.59000015258789,28.639999389648438,29.59000015258789,272000,0.0,0.0
2026-05-20 00:00:00-04:00,29.6299991607666,30.209999084472656,28.799999237060547,29.1200008392334,363600,0.0,0.0
2026-05-21 00:00:00-04:00,28.809999465942383,29.90999984741211,28.3799991607666,29.84000015258789,229000,0.0,0.0
2026-05-22 00:00:00-04:00,30.100000381469727,30.559999465942383,28.91699981689453,30.309999465942383,190000,0.0,0.0
2026-05-26 00:00:00-04:00,30.899999618530273,32.150001525878906,30.809999465942383,31.06999969482422,248900,0.0,0.0
2026-05-27 00:00:00-04:00,31.270000457763672,31.6200008392334,30.579999923706055,30.700000762939453,253500,0.0,0.0
2026-05-28 00:00:00-04:00,30.790000915527344,32.939998626708984,30.760000228881836,31.950000762939453,329900,0.0,0.0
2026-05-29 00:00:00-04:00,31.56999969482422,31.93000030517578,30.989999771118164,31.139999389648438,319400,0.0,0.0
2026-06-01 00:00:00-04:00,30.700000762939453,31.239999771118164,30.010000228881836,30.6200008392334,250800,0.0,0.0
2026-06-02 00:00:00-04:00,30.270000457763672,30.770000457763672,29.924999237060547,30.200000762939453,246500,0.0,0.0
2026-06-03 00:00:00-04:00,30.299999237060547,30.440000534057617,29.094999313354492,29.190000534057617,393500,0.0,0.0
2026-06-04 00:00:00-04:00,29.670000076293945,30.479999542236328,29.639999389648438,30.239999771118164,293800,0.0,0.0
2026-06-05 00:00:00-04:00,29.81999969482422,31.270000457763672,29.649999618530273,30.010000228881836,322500,0.0,0.0
2026-06-08 00:00:00-04:00,30.209999084472656,30.8799991607666,29.959999084472656,30.170000076293945,187100,0.0,0.0
2026-06-09 00:00:00-04:00,30.229999542236328,31.329999923706055,29.354999542236328,30.190000534057617,349000,0.0,0.0
2026-06-10 00:00:00-04:00,30.0,30.690000534057617,29.40999984741211,29.540000915527344,256100,0.0,0.0
2026-06-11 00:00:00-04:00,29.68000030517578,31.06999969482422,29.0,30.959999084472656,238000,0.0,0.0
2026-06-12 00:00:00-04:00,30.90999984741211,31.4950008392334,30.34000015258789,30.450000762939453,303200,0.0,0.0
2026-06-15 00:00:00-04:00,31.0,31.260000228881836,29.06999969482422,29.09000015258789,455600,0.0,0.0
2026-06-16 00:00:00-04:00,28.739999771118164,29.09000015258789,26.8700008392334,28.75,746300,0.0,0.0
2026-06-17 00:00:00-04:00,28.899999618530273,29.5,28.079999923706055,28.170000076293945,795100,0.0,0.0
2026-06-18 00:00:00-04:00,28.549999237060547,28.575000762939453,27.5,28.25,1450500,0.0,0.0
2026-06-22 00:00:00-04:00,27.950000762939453,28.09000015258789,27.18000030517578,27.559999465942383,412300,0.0,0.0
2026-06-23 00:00:00-04:00,27.389999389648438,28.389999389648438,27.309999465942383,27.530000686645508,395200,0.0,0.0
2026-06-24 00:00:00-04:00,27.5,28.75,27.450000762939453,28.75,421000,0.0,0.0
2026-06-25 00:00:00-04:00,28.770000457763672,29.770000457763672,27.84000015258789,28.15999984741211,450600,0.0,0.0
2026-06-26 00:00:00-04:00,,,,,256341,0.0,0.0
