Date,Open,High,Low,Close,Volume,Dividends,Stock Splits,Capital Gains
2023-10-02 00:00:00-04:00,25.53858645487843,25.612432312623785,24.41858116441769,24.776737213134766,21600,0.0,0.0,0.0
2023-10-03 00:00:00-04:00,24.60319504595218,24.60319504595218,24.419809341430664,24.419809341430664,2000,0.0,0.0,0.0
2023-10-04 00:00:00-04:00,24.178581842077193,24.424735498760533,24.160118615875657,24.323198318481445,5800,0.0,0.0,0.0
2023-10-05 00:00:00-04:00,24.270885880131924,24.331193601466403,23.833961251474253,23.88257598876953,10500,0.0,0.0,0.0
2023-10-06 00:00:00-04:00,24.037041049293457,24.461657657870976,24.037041049293457,24.389041900634766,6700,0.0,0.0,0.0
2023-10-09 00:00:00-04:00,23.464733986375865,23.50781093817672,22.95396106142599,23.35150146484375,23800,0.0,0.0,0.0
2023-10-10 00:00:00-04:00,23.249341854051693,23.323190053333256,23.046265174820643,23.08934211730957,18500,0.0,0.0,0.0
2023-10-11 00:00:00-04:00,23.212419429897047,23.24380338779686,23.045034408569336,23.045034408569336,2900,0.0,0.0,0.0
2023-10-12 00:00:00-04:00,22.830879924420433,22.830879924420433,22.489957002203468,22.565032958984375,11900,0.0,0.0,0.0
2023-10-13 00:00:00-04:00,22.701649773656086,22.81918997783256,22.701649773656086,22.78411102294922,2600,0.0,0.0,0.0
2023-10-16 00:00:00-04:00,24.086270537049106,24.21550137097903,23.280114275137976,23.45549964904785,30300,0.0,0.0,0.0
2023-10-17 00:00:00-04:00,23.20626670529013,23.292420596927247,22.990881976197333,23.084421157836914,4700,0.0,0.0,0.0
2023-10-18 00:00:00-04:00,23.310886867773856,23.310886867773856,23.097347259521484,23.097347259521484,6200,0.0,0.0,0.0
2023-10-19 00:00:00-04:00,22.991498922133406,23.1816525489997,22.953959766961695,23.173654556274414,5700,0.0,0.0,0.0
2023-10-20 00:00:00-04:00,23.821654855757544,23.851193668903793,23.741656153190757,23.787193298339844,5200,0.0,0.0,0.0
2023-10-23 00:00:00-04:00,24.6155075229519,25.329357147216797,24.6155075229519,25.329357147216797,5400,0.0,0.0,0.0
2023-10-24 00:00:00-04:00,27.181670230975296,27.181670230975296,26.311513576527478,26.347820281982422,10500,0.0,0.0,0.0
2023-10-25 00:00:00-04:00,26.78167065273132,26.861671704067348,26.615515706503068,26.630901336669922,3000,0.0,0.0,0.0
2023-10-26 00:00:00-04:00,26.997053599065836,26.997053599065836,26.544743333368853,26.632129669189453,2000,0.0,0.0,0.0
2023-10-27 00:00:00-04:00,26.621669440085657,26.621669440085657,26.141667811057026,26.362592697143555,5200,0.0,0.0,0.0
2023-10-30 00:00:00-04:00,26.966280775460703,27.040126620109174,26.738588051742962,26.798280715942383,4900,0.0,0.0,0.0
2023-10-31 00:00:00-04:00,26.707827630433208,26.997058258659575,26.547825510759388,26.972444534301758,2700,0.0,0.0,0.0
2023-11-01 00:00:00-04:00,26.97491101673868,27.560251052386285,26.654514340906164,27.3846492767334,7100,0.054,0.0,0.0
2023-11-02 00:00:00-04:00,27.205957292832174,27.205957292832174,26.722282218344635,26.926227569580078,5300,0.0,0.0,0.0
2023-11-03 00:00:00-04:00,26.685319895777067,27.055007051427296,26.685319895777067,27.051925659179688,3500,0.0,0.0,0.0
2023-11-06 00:00:00-05:00,28.472139114615675,28.521431979976896,28.120935675363132,28.185630798339844,16100,0.0,0.0,0.0
2023-11-07 00:00:00-05:00,27.874484519793317,28.361854553222656,27.566411094886032,28.361854553222656,5600,0.0,0.0,0.0
2023-11-08 00:00:00-05:00,28.025432869322735,28.348292666534384,28.025432869322735,28.206579208374023,5400,0.0,0.0,0.0
2023-11-09 00:00:00-05:00,28.903438846963752,30.628648972377754,28.903438846963752,30.337827682495117,28100,0.0,0.0,0.0
2023-11-10 00:00:00-05:00,30.88127011397971,31.374186974656816,30.804251781048507,31.13389015197754,35800,0.0,0.0,0.0
2023-11-13 00:00:00-05:00,30.75804452616057,31.46045379309528,30.428406110059274,31.054412841796875,19400,0.0,0.0,0.0
2023-11-14 00:00:00-05:00,30.40684284534185,30.480166343383274,28.650825451389792,29.316265106201172,36100,0.0,0.0,0.0
2023-11-15 00:00:00-05:00,29.82828072114911,30.600929763966892,29.803018478048546,30.37480354309082,14800,0.0,0.0,0.0
2023-11-16 00:00:00-05:00,29.95705495143993,30.117254426011286,28.792537945727783,29.01496696472168,23500,0.0,0.0,0.0
2023-11-17 00:00:00-05:00,28.90961377008455,28.90961377008455,28.262659942571517,28.79131507873535,14400,0.0,0.0,0.0
2023-11-20 00:00:00-05:00,30.018669719729807,30.361862962677833,29.75372643530785,30.15483856201172,30900,0.0,0.0,0.0
2023-11-21 00:00:00-05:00,29.59352996460305,29.812261795908437,28.958899514606756,29.510351181030273,17500,0.0,0.0,0.0
2023-11-22 00:00:00-05:00,30.042697535286255,30.866486817836172,30.042697535286255,30.770366668701172,23500,0.0,0.0,0.0
2023-11-24 00:00:00-05:00,31.269451074017056,31.768530843711833,31.140060806085902,31.28670310974121,16700,0.0,0.0,0.0
2023-11-27 00:00:00-05:00,29.685952839594613,29.821505886939544,29.279296047973325,29.369869232177734,22000,0.0,0.0,0.0
2023-11-28 00:00:00-05:00,29.932401316955158,30.727228601112884,29.913915321686872,30.54238510131836,13900,0.0,0.0,0.0
2023-11-29 00:00:00-05:00,30.308259533722246,30.308259533722246,29.759889270673025,29.846149444580078,23000,0.0,0.0,0.0
2023-11-30 00:00:00-05:00,29.852304900692424,30.068571090698242,29.852304900692424,30.068571090698242,4100,0.0,0.0,0.0
2023-12-01 00:00:00-05:00,30.689157689791106,31.059649591265423,30.608883580777317,30.805862426757812,32600,0.106,0.0,0.0
2023-12-04 00:00:00-05:00,32.70215970415985,32.8688817253574,32.5292638401903,32.76329040527344,21800,0.0,0.0,0.0
2023-12-05 00:00:00-05:00,32.615714971497354,33.9556651152874,32.49221690417808,33.318416595458984,38300,0.0,0.0,0.0
2023-12-06 00:00:00-05:00,33.36286586191443,33.58516185200741,33.09734591325104,33.1547737121582,17700,0.0,0.0,0.0
2023-12-07 00:00:00-05:00,33.14675136479303,34.62254710026819,33.1288446298857,34.5274543762207,42800,0.0,0.0,0.0
2023-12-08 00:00:00-05:00,34.52992718244744,34.894245189843346,34.46200548236494,34.8238525390625,27400,0.0,0.0,0.0
2023-12-11 00:00:00-05:00,32.6218980040174,32.7268698521339,31.68948963818988,32.171749114990234,52900,0.0,0.0,0.0
2023-12-12 00:00:00-05:00,32.41194749172463,32.51074548157367,31.788283266934542,32.006874084472656,14300,0.0,0.0,0.0
2023-12-13 00:00:00-05:00,32.06120840105618,33.15910184991619,32.03835976504882,33.126991271972656,25300,0.0,0.0,0.0
2023-12-14 00:00:00-05:00,33.59134775848759,33.90626559845709,33.264077520465854,33.53824234008789,28000,0.0,0.0,0.0
2023-12-15 00:00:00-05:00,32.856535238868986,32.95039367675781,32.63423918655648,32.95039367675781,17500,0.0,0.0,0.0
2023-12-18 00:00:00-05:00,31.71418542530736,31.997612203405968,31.473365471801085,31.984027862548828,17700,0.0,0.0,0.0
2023-12-19 00:00:00-05:00,32.282265164586434,32.32548912714418,31.146087386934223,31.699975967407227,15300,0.0,0.0,0.0
2023-12-20 00:00:00-05:00,32.87484184771605,33.11624964489275,31.692560880078545,31.909208297729492,16900,0.125,0.0,0.0
2023-12-21 00:00:00-05:00,32.66437926912558,32.713897660719454,32.46630098019116,32.68975830078125,10000,0.0,0.0,0.0
2023-12-22 00:00:00-05:00,33.71666664003855,34.267571946778446,32.83769229750681,33.86893844604492,105300,0.0,0.0,0.0
2023-12-26 00:00:00-05:00,32.91816518293524,32.91816518293524,31.878253049881426,32.341880798339844,130700,0.0,0.0,0.0
2023-12-27 00:00:00-05:00,33.7717578603141,34.80548106956864,33.75380741514459,34.414276123046875,29400,0.0,0.0,0.0
2023-12-28 00:00:00-05:00,34.905130373521686,34.94845983797269,34.21804549254326,34.354225158691406,493200,0.0,0.0,0.0
2023-12-29 00:00:00-05:00,34.39137256702256,34.731819438977105,33.3143199300123,33.558204650878906,140800,0.0,0.0,0.0
2024-01-02 00:00:00-05:00,34.837046762175014,34.89090045548426,34.23043179024371,34.36661148071289,142900,0.0,0.0,0.0
2024-01-03 00:00:00-05:00,31.853490666502985,32.49105729296968,31.745166984739935,32.15060806274414,120100,0.0,0.0,0.0
2024-01-04 00:00:00-05:00,32.39820944660159,33.24004331158482,32.317739407992484,32.96582794189453,130800,0.0,0.0,0.0
2024-01-05 00:00:00-05:00,32.40439751313317,32.621047248146695,32.132040477398796,32.561004638671875,148400,0.0,0.0,0.0
2024-01-08 00:00:00-05:00,32.94292476391671,34.273144350342335,32.763415592128716,33.95188522338867,187800,0.0,0.0,0.0
2024-01-09 00:00:00-05:00,32.79437351041214,32.887223757850954,32.55915461517241,32.560394287109375,30400,0.0,0.0,0.0
2024-01-10 00:00:00-05:00,34.69467570090989,36.0874147087533,34.46564816966709,35.91409683227539,158700,0.0,0.0,0.0
2024-01-11 00:00:00-05:00,38.136297058532755,39.002888976500024,37.085860645457586,37.46778106689453,183300,0.0,0.0,0.0
2024-01-12 00:00:00-05:00,39.02764629748796,39.21891700147994,36.97877372769397,37.040672302246094,109000,0.0,0.0,0.0
2024-01-16 00:00:00-05:00,36.483575479830655,37.330360914725155,35.995189731727095,37.31055450439453,48400,0.0,0.0,0.0
2024-01-17 00:00:00-05:00,36.81783558848732,36.948445035116094,36.365969358955105,36.68165588378906,23600,0.0,0.0,0.0
2024-01-18 00:00:00-05:00,36.359773975952976,36.4588130995801,34.86180457465386,35.20844268798828,53300,0.0,0.0,0.0
2024-01-19 00:00:00-05:00,35.70363042338546,36.056457370989,34.79989832465634,35.802669525146484,75600,0.0,0.0,0.0
2024-01-22 00:00:00-05:00,34.119016957083325,34.292337229899715,33.2289019722509,33.63001251220703,41400,0.0,0.0,0.0
2024-01-23 00:00:00-05:00,31.593510108419434,32.06704097668476,31.240683094367668,31.599699020385742,43500,0.0,0.0,0.0
2024-01-24 00:00:00-05:00,32.008237569824956,32.255836566059884,31.543991222843736,31.5755615234375,22400,0.0,0.0,0.0
2024-01-25 00:00:00-05:00,31.673985410572,31.816356394206675,31.259259731704127,31.79283332824707,14200,0.0,0.0,0.0
2024-01-26 00:00:00-05:00,32.212502992168545,32.77578839362766,32.212502992168545,32.46505355834961,37800,0.0,0.0,0.0
2024-01-29 00:00:00-05:00,32.23727042223443,33.25861106242836,32.15060911271465,33.16019058227539,11300,0.0,0.0,0.0
2024-01-30 00:00:00-05:00,33.25860959552318,34.385180595520076,33.17813956372936,34.24033737182617,29200,0.0,0.0,0.0
2024-01-31 00:00:00-05:00,33.15957706719658,33.7661921601913,32.80056103150892,32.868648529052734,48500,0.0,0.0,0.0
2024-02-01 00:00:00-05:00,32.72258538569324,33.157641591671144,32.71574777207994,33.01469421386719,11000,0.215,0.0,0.0
2024-02-02 00:00:00-05:00,32.84688580404207,33.20736365571348,32.80213784310677,33.01469421386719,12200,0.0,0.0,0.0
2024-02-05 00:00:00-05:00,33.362744002047975,33.362744002047975,32.74744645412488,32.87112808227539,14600,0.0,0.0,0.0
2024-02-06 00:00:00-05:00,33.61756839321301,34.425533139741425,33.5317994740042,34.25151062011719,48300,0.0,0.0,0.0
2024-02-07 00:00:00-05:00,34.158290830349806,35.221075528676906,34.000428185506316,35.09677505493164,55400,0.0,0.0,0.0
2024-02-08 00:00:00-05:00,35.022179748643325,35.45102429494851,34.76673890242778,34.95381546020508,49000,0.0,0.0,0.0
2024-02-09 00:00:00-05:00,35.817720878885424,36.33854610398201,35.61262087445774,35.86495590209961,51500,0.0,0.0,0.0
2024-02-12 00:00:00-05:00,35.86743698205932,38.15460005836866,35.86743698205932,38.067588806152344,51500,0.0,0.0,0.0
2024-02-13 00:00:00-05:00,37.744398561301544,38.09865997779148,37.43364276642416,37.899776458740234,47100,0.0,0.0,0.0
2024-02-14 00:00:00-05:00,39.782964269223655,39.98184781867676,39.36655020757696,39.907264709472656,61500,0.0,0.0,0.0
2024-02-15 00:00:00-05:00,40.77117176468829,41.34296146349545,40.5225661046717,40.827110290527344,44600,0.0,0.0,0.0
2024-02-16 00:00:00-05:00,40.684157685182996,40.75874080056462,39.70217037478278,40.10615158081055,60900,0.0,0.0,0.0
2024-02-20 00:00:00-05:00,42.71028222743057,42.991202919507444,41.566698302134235,42.88119888305664,100800,0.0,0.0,0.0
2024-02-21 00:00:00-05:00,41.42996930180253,42.13849221093125,41.36595083199121,41.76869201660156,68200,0.0,0.0,0.0
2024-02-22 00:00:00-05:00,42.3684373554121,43.5617382843906,42.312503597064534,43.232337951660156,89000,0.0,0.0,0.0
2024-02-23 00:00:00-05:00,42.39952482598937,42.51139711082407,41.840163401815865,42.41195297241211,78200,0.0,0.0,0.0
2024-02-26 00:00:00-05:00,44.040324805673485,45.99187140204103,44.03162367874771,45.79298782348633,97400,0.0,0.0,0.0
2024-02-27 00:00:00-05:00,46.7936142634486,46.955208625548444,46.01672467495017,46.6630973815918,87600,0.0,0.0,0.0
2024-02-28 00:00:00-05:00,47.81911150373051,50.02547518391107,45.58166560022635,47.191383361816406,293000,0.0,0.0,0.0
2024-02-29 00:00:00-05:00,49.950881177892114,50.15597637004353,48.01798002519868,48.676780700683594,212600,0.0,0.0,0.0
2024-03-01 00:00:00-05:00,49.487469444519874,49.54080264407825,48.51491047416912,49.48119354248047,84000,0.742,0.0,0.0
2024-03-04 00:00:00-05:00,50.05845934750244,51.82160989533059,49.989438776360075,51.498470306396484,142500,0.0,0.0,0.0
2024-03-05 00:00:00-05:00,54.07418153918021,54.94634537149671,46.30627464007022,48.47099685668945,384800,0.0,0.0,0.0
2024-03-06 00:00:00-05:00,54.914960972760085,55.97536341418369,53.478090580171596,55.404380798339844,120000,0.0,0.0,0.0
2024-03-07 00:00:00-05:00,54.86477892320638,56.41459670831836,54.249869659472175,56.26400375366211,103000,0.0,0.0,0.0
2024-03-08 00:00:00-05:00,56.885175497522894,57.293018155588946,54.74554777933696,56.496150970458984,201900,0.0,0.0,0.0
2024-03-11 00:00:00-04:00,58.05851724092753,58.60440581899361,57.380863444799395,57.6945915222168,156400,0.0,0.0,0.0
2024-03-12 00:00:00-04:00,57.61303091350329,57.7190702122608,54.576145054617214,56.753414154052734,163100,0.0,0.0,0.0
2024-03-13 00:00:00-04:00,57.16754411177234,57.25538761116574,56.4491039645264,57.18636703491211,86700,0.0,0.0,0.0
2024-03-14 00:00:00-04:00,56.063211106814286,56.063211106814286,52.84436249005634,53.77299499511719,151200,0.0,0.0,0.0
2024-03-15 00:00:00-04:00,52.49925296854997,54.189619926953554,52.22380263951029,52.5933723449707,79000,0.0,0.0,0.0
2024-03-18 00:00:00-04:00,50.77374656367748,51.06614325148206,49.183147836323734,49.5000114440918,96700,0.0,0.0,0.0
2024-03-19 00:00:00-04:00,46.93999517696359,47.70549248059391,45.71645754385659,47.410587310791016,192900,0.0,0.0,0.0
2024-03-20 00:00:00-04:00,47.61764923588036,48.365577846835464,44.61527389639691,48.03177261352539,299700,0.0,0.0,0.0
2024-03-21 00:00:00-04:00,50.566688932851086,50.6733601167706,48.55255526173503,48.966678619384766,111900,0.0,0.0,0.0
2024-03-22 00:00:00-04:00,48.32039579170163,48.470983915903886,46.55724088852252,47.4356803894043,70900,0.0,0.0,0.0
2024-03-25 00:00:00-04:00,48.7721689487093,51.85297617504399,48.7721689487093,51.70866394042969,110400,0.0,0.0,0.0
2024-03-26 00:00:00-04:00,51.59572921790854,51.61455213935184,50.37846256872218,50.500816345214844,98600,0.0,0.0,0.0
2024-03-27 00:00:00-04:00,51.922001477886106,51.932040049624646,48.95413149251919,49.37453079223633,83500,0.0,0.0,0.0
2024-03-28 00:00:00-04:00,50.805139483706,51.267574489606936,50.309448411697474,50.62317657470703,54300,0.0,0.0,0.0
2024-04-01 00:00:00-04:00,50.45888945075412,50.52920245386512,48.29837149470974,49.3466682434082,164000,1.483,0.0,0.0
2024-04-02 00:00:00-04:00,46.15704405027764,46.89532587010786,45.473094130959545,46.25931930541992,78800,0.0,0.0,0.0
2024-04-03 00:00:00-04:00,46.62365517313199,47.62081428758678,46.54055532909315,46.87933349609375,34200,0.0,0.0,0.0
2024-04-04 00:00:00-04:00,47.646379124492846,48.643538155846684,47.57287185660484,47.631675720214844,70700,0.0,0.0,0.0
2024-04-05 00:00:00-04:00,45.99084406676969,47.16059156397226,45.99084406676969,46.930477142333984,28700,0.0,0.0,0.0
2024-04-08 00:00:00-04:00,51.801219779775344,52.542695702227064,51.15689849993843,52.49795150756836,91100,0.0,0.0,0.0
2024-04-09 00:00:00-04:00,51.1939641869274,51.34865472099165,48.822512458265365,49.519248962402344,117600,0.0,0.0,0.0
2024-04-10 00:00:00-04:00,48.458172573094835,50.04979794945023,48.32393998895971,49.7365837097168,43900,0.0,0.0,0.0
2024-04-11 00:00:00-04:00,50.215991143824596,50.36301057984498,49.05199827460983,49.647098541259766,49900,0.0,0.0,0.0
2024-04-12 00:00:00-04:00,49.116554282237615,49.116554282237615,43.5746430903195,45.18544387817383,139500,0.0,0.0,0.0
2024-04-15 00:00:00-04:00,45.53061347959938,45.53061347959938,42.673363890359255,43.715267181396484,101700,0.0,0.0,0.0
2024-04-16 00:00:00-04:00,43.64494878912472,43.71526178109012,42.24508724676899,43.04409408569336,62500,0.0,0.0,0.0
2024-04-17 00:00:00-04:00,42.80758787407593,43.01852683366956,41.1072991114126,42.27704620361328,91400,0.0,0.0,0.0
2024-04-18 00:00:00-04:00,42.67336736131265,43.55738590000021,42.439414950810985,43.22947311401367,102300,0.0,0.0,0.0
2024-04-19 00:00:00-04:00,43.644955777626315,43.83608054592658,42.95461258783661,43.66413116455078,100900,0.0,0.0,0.0
2024-04-22 00:00:00-04:00,45.13431594523136,45.31968618786946,44.66130508142357,44.89780807495117,72200,0.0,0.0,0.0
2024-04-23 00:00:00-04:00,44.77635007928898,46.03558089806874,44.67407485193054,45.35163116455078,42600,0.0,0.0,0.0
2024-04-24 00:00:00-04:00,45.747949706313335,45.93331993622671,43.798370457872885,43.977352142333984,52300,0.0,0.0,0.0
2024-04-25 00:00:00-04:00,43.57464961990705,44.50788931860287,43.53629884003328,44.4439697265625,32100,0.0,0.0,0.0
2024-04-26 00:00:00-04:00,43.68330357143113,44.41775205174415,43.48515141772747,44.09239959716797,21100,0.0,0.0,0.0
2024-04-29 00:00:00-04:00,44.10198331517767,44.63891357104751,43.708229584122385,44.635719299316406,30400,0.0,0.0,0.0
2024-04-30 00:00:00-04:00,42.123650294560065,42.31540904978009,40.8068858720168,40.832454681396484,73300,0.0,0.0,0.0
2024-05-01 00:00:00-04:00,40.54712277697444,42.10638107018641,40.05540830188497,40.86415100097656,61000,0.769,0.0,0.0
2024-05-02 00:00:00-04:00,41.81522976593913,42.009329983683955,41.423154434184546,41.97697830200195,19100,0.0,0.0,0.0
2024-05-03 00:00:00-04:00,42.76631820439185,43.380965693056275,42.74690916701259,43.232154846191406,36700,0.0,0.0,0.0
2024-05-06 00:00:00-04:00,43.65269625223869,43.89208092947568,42.88924295495934,43.10921859741211,31400,0.0,0.0,0.0
2024-05-07 00:00:00-04:00,43.212739808523274,43.57117511995782,42.533393977533514,42.77925491333008,30600,0.0,0.0,0.0
2024-05-08 00:00:00-04:00,42.15167156701464,42.47516865511732,41.95110001579277,41.96404266357422,19000,0.0,0.0,0.0
2024-05-09 00:00:00-04:00,41.76347585910427,42.391056060791016,41.40762708933577,42.391056060791016,28300,0.0,0.0,0.0
2024-05-10 00:00:00-04:00,42.352237300297375,42.44281608818639,40.45007535036752,40.59241485595703,41000,0.0,0.0,0.0
2024-05-13 00:00:00-04:00,41.666426530899095,41.71171592643439,41.08413077674975,41.439979553222656,15300,0.0,0.0,0.0
2024-05-14 00:00:00-04:00,40.786511841986155,40.89649966289521,40.11363733309025,40.560062408447266,33800,0.0,0.0,0.0
2024-05-15 00:00:00-04:00,41.659951184268955,42.55280129696923,41.34357208485216,42.53986358642578,50400,0.0,0.0,0.0
2024-05-16 00:00:00-04:00,41.80876494010245,41.93816179931626,41.09059855017925,41.323516845703125,45100,0.0,0.0,0.0
2024-05-17 00:00:00-04:00,43.19334120067493,43.77822361823831,42.90219080160716,43.4003791809082,76900,0.0,0.0,0.0
2024-05-20 00:00:00-04:00,43.30332439391748,48.556272726122806,43.15451354778612,48.440460205078125,279100,0.0,0.0,0.0
2024-05-21 00:00:00-04:00,53.21527235215755,54.01107738113371,51.70777469841164,52.186553955078125,537200,0.0,0.0,0.0
2024-05-22 00:00:00-04:00,51.85012515547196,53.32527143649547,51.54603703091141,52.43889236450195,164500,0.0,0.0,0.0
2024-05-23 00:00:00-04:00,54.12755025087002,54.23236005903506,52.04422763250861,53.15705871582031,427400,0.0,0.0,0.0
2024-05-24 00:00:00-04:00,52.14772472007947,52.684731020605625,51.23546558406936,52.451812744140625,206400,0.0,0.0,0.0
2024-05-28 00:00:00-04:00,54.742185444531856,54.742185444531856,52.81414035277201,53.75228500366211,111600,0.0,0.0,0.0
2024-05-29 00:00:00-04:00,53.26056018462635,53.26056018462635,52.40652807273977,52.503578186035156,67700,0.0,0.0,0.0
2024-05-30 00:00:00-04:00,52.84002346017262,53.602830295089625,52.52623082880558,52.74297332763672,137600,0.0,0.0,0.0
2024-05-31 00:00:00-04:00,53.37703130410526,53.49349047894303,52.009932979721114,52.943546295166016,163200,0.0,0.0,0.0
2024-06-03 00:00:00-04:00,53.84526442852798,54.090953127858725,52.491334632053196,52.74299621582031,161800,2.098,0.0,0.0
2024-06-04 00:00:00-04:00,52.87581151559546,53.59295298520532,52.69652868122352,53.207820892333984,135500,0.0,0.0,0.0
2024-06-05 00:00:00-04:00,53.4468635936265,54.323368072509766,52.87049787641961,54.323368072509766,82100,0.0,0.0,0.0
2024-06-06 00:00:00-04:00,53.778870592392735,53.95815847004516,53.00861157058126,53.0683708190918,137700,0.0,0.0,0.0
2024-06-07 00:00:00-04:00,53.27423060797511,53.62615976176801,49.86116931168089,51.51457977294922,256600,0.0,0.0,0.0
2024-06-10 00:00:00-04:00,51.26887147855224,51.77352699348361,51.12942819141189,51.30207443237305,62000,0.0,0.0,0.0
2024-06-11 00:00:00-04:00,49.35651391197433,49.35651391197433,47.92223100907421,48.79209899902344,157800,0.0,0.0,0.0
2024-06-12 00:00:00-04:00,50.46542026432699,50.88375021378896,48.971378217027834,49.163944244384766,113900,0.0,0.0,0.0
2024-06-13 00:00:00-04:00,48.89833026268788,49.230339569233045,47.81930001641607,48.49327850341797,94400,0.0,0.0,0.0
2024-06-14 00:00:00-04:00,49.09753104300517,49.09753104300517,46.90626789821307,47.43748474121094,101500,0.0,0.0,0.0
2024-06-17 00:00:00-04:00,49.163937866041046,49.82131486307011,48.35051609236499,49.58226776123047,101600,0.0,0.0,0.0
2024-06-18 00:00:00-04:00,47.238285855673205,47.90230449864422,46.892998390394766,47.669898986816406,93300,0.0,0.0,0.0
2024-06-20 00:00:00-04:00,49.36978573976882,49.36978573976882,48.62608809215717,49.24362564086914,80900,0.0,0.0,0.0
2024-06-21 00:00:00-04:00,48.34055574628374,49.217060089111335,48.06830569060328,49.21706008911133,73300,0.0,0.0,0.0
2024-06-24 00:00:00-04:00,46.04969279576914,46.34385358734566,45.06030641649556,45.78408432006836,128300,0.0,0.0,0.0
2024-06-25 00:00:00-04:00,46.932835187376675,47.66923259010129,46.70374795816344,47.52381134033203,130100,0.0,0.0,0.0
2024-06-26 00:00:00-04:00,46.97932491512232,47.41093810069957,46.22898557771569,47.37773513793945,154700,0.0,0.0,0.0
2024-06-27 00:00:00-04:00,47.92887137253722,48.3538429477003,47.842550762790616,47.9222297668457,112600,0.0,0.0,0.0
2024-06-28 00:00:00-04:00,47.96870825197746,48.30735919887891,46.64067088568525,46.826595306396484,132600,0.0,0.0,0.0
2024-07-01 00:00:00-04:00,48.30790648132632,48.678574671555694,47.95746076289847,48.253990173339844,125400,1.038,0.0,0.0
2024-07-02 00:00:00-04:00,47.93050947814258,48.07877163374063,47.18243730828097,47.37788009643555,85300,0.0,0.0,0.0
2024-07-03 00:00:00-04:00,45.85478845159237,46.11088329922914,45.645869105934594,45.962615966796875,96000,0.0,0.0,0.0
2024-07-05 00:00:00-04:00,41.292199117089005,41.75721560920126,40.80022447651127,41.55503463745117,253900,0.0,0.0,0.0
2024-07-08 00:00:00-04:00,42.41095242409576,42.41095242409576,40.30152407921323,41.79766845703125,216400,0.0,0.0,0.0
2024-07-09 00:00:00-04:00,42.55247584803877,43.165762341986444,42.222247427620665,42.59965133666992,101700,0.0,0.0,0.0
2024-07-10 00:00:00-04:00,43.21294454189491,43.81274947982044,42.89686614810562,43.199462890625,98500,0.0,0.0,0.0
2024-07-11 00:00:00-04:00,44.14971341335513,44.26630243143518,43.11858574057533,43.13206481933594,82700,0.0,0.0,0.0
2024-07-12 00:00:00-04:00,43.01749648314256,43.84778511068323,43.01749648314256,43.34772491455078,111100,0.0,0.0,0.0
2024-07-15 00:00:00-04:00,46.55566269052816,47.77548946492018,46.37369645572065,47.53287124633789,212200,0.0,0.0,0.0
2024-07-16 00:00:00-04:00,47.4654853901704,48.617919526327526,46.983616723181434,48.2984733581543,181000,0.0,0.0,0.0
2024-07-17 00:00:00-04:00,47.970949757654026,48.3416180443822,46.98025919289279,47.47223663330078,140800,0.0,0.0,0.0
2024-07-18 00:00:00-04:00,48.45617732077534,48.51682931541374,46.87242293483729,47.36439514160156,176200,0.0,0.0,0.0
2024-07-19 00:00:00-04:00,47.32396274132009,49.3255609279745,47.297004584055394,49.05598449707031,180700,0.0,0.0,0.0
2024-07-22 00:00:00-04:00,48.49660842752014,48.72575016563878,47.81592917884159,48.68531036376953,107600,0.0,0.0,0.0
2024-07-23 00:00:00-04:00,48.53704902059192,48.671839807062064,47.1015618514485,47.94398498535156,378800,0.0,0.0,0.0
2024-07-24 00:00:00-04:00,48.05855485098887,48.150885128726145,46.58936865230224,46.683719635009766,75700,0.0,0.0,0.0
2024-07-25 00:00:00-04:00,43.61055902352833,43.97381285645841,42.99053684741993,43.24663162231445,184300,0.0,0.0,0.0
2024-07-26 00:00:00-04:00,44.816904864508636,45.517801437293464,44.62146210598519,45.4234504699707,76600,0.0,0.0,0.0
2024-07-29 00:00:00-04:00,46.70393534265009,46.70393534265009,45.120175915807714,45.868247985839844,127500,0.0,0.0,0.0
2024-07-30 00:00:00-04:00,46.4208815735544,46.50849686841017,45.15387905701187,45.28192901611328,70000,0.0,0.0,0.0
2024-07-31 00:00:00-04:00,46.08392361922318,46.34204430553942,44.96922953048876,45.221282958984375,45300,0.0,0.0,0.0
2024-08-01 00:00:00-04:00,43.929935836414636,44.1473096799174,42.537383841693625,43.298194885253906,166500,0.529,0.0,0.0
2024-08-02 00:00:00-04:00,43.481601521225414,43.984277527554944,41.26031028339516,41.56599044799805,99800,0.0,0.0,0.0
2024-08-05 00:00:00-04:00,30.269337961243306,34.75946858880478,30.22857939323812,33.27861022949219,475200,0.0,0.0,0.0
2024-08-06 00:00:00-04:00,34.012250097286675,35.29611533228261,33.550329973722924,34.548892974853516,212400,0.0,0.0,0.0
2024-08-07 00:00:00-04:00,34.16848756988716,34.33831106933123,32.3208096580203,32.477046966552734,166200,0.0,0.0,0.0
2024-08-08 00:00:00-04:00,34.148110359010104,36.022960695516176,33.421265972094616,35.62217712402344,103300,0.0,0.0,0.0
2024-08-09 00:00:00-04:00,36.20636347093905,36.76338424808423,35.324639782154506,35.85313034057617,56800,0.0,0.0,0.0
2024-08-12 00:00:00-04:00,37.0690685512058,37.619297552507106,35.85313182744772,36.76338577270508,113500,0.0,0.0,0.0
2024-08-13 00:00:00-04:00,36.457698064261535,37.714393185651694,36.37618353145091,37.47663879394531,86700,0.0,0.0,0.0
2024-08-14 00:00:00-04:00,37.598913828539395,37.61929440626869,36.433924763847145,36.906036376953125,48900,0.0,0.0,0.0
2024-08-15 00:00:00-04:00,36.70225063869135,36.933210681249335,34.8681590792435,35.201011657714844,88000,0.0,0.0,0.0
2024-08-16 00:00:00-04:00,36.056926459024154,36.34222869278794,35.29611531971883,36.240333557128906,57400,0.0,0.0,0.0
2024-08-19 00:00:00-04:00,35.8735081023059,36.21994681550269,35.43196607619792,36.036537170410156,31000,0.0,0.0,0.0
2024-08-20 00:00:00-04:00,36.423738508719055,36.53921982019813,35.2689383504313,35.92106246948242,30900,0.0,0.0,0.0
2024-08-21 00:00:00-04:00,35.377621296725074,36.58540555431917,35.00400764478529,36.552799224853516,39000,0.0,0.0,0.0
2024-08-22 00:00:00-04:00,36.30147115541063,36.30147115541063,35.7987950364545,35.95503234863281,14900,0.0,0.0,0.0
2024-08-23 00:00:00-04:00,36.72942139442683,38.033667045127174,36.45770279473491,37.9929084777832,55200,0.0,0.0,0.0
2024-08-26 00:00:00-04:00,37.7076065648706,37.74157333589814,36.912833875801816,36.940006256103516,45200,0.0,0.0,0.0
2024-08-27 00:00:00-04:00,36.13843624042841,36.13843624042841,35.26554367673107,35.58820724487305,39100,0.0,0.0,0.0
2024-08-28 00:00:00-04:00,34.7458819231789,35.0447702882605,33.88997020974001,34.446990966796875,42100,0.0,0.0,0.0
2024-08-29 00:00:00-04:00,35.336866914113834,35.662927656012755,34.5692641266203,34.847774505615234,38100,0.0,0.0,0.0
2024-08-30 00:00:00-04:00,34.68475039976042,34.96326081865883,33.421263224313684,34.51492691040039,80400,0.0,0.0,0.0
2024-09-03 00:00:00-04:00,34.440200596773956,34.440200596773956,33.47560192954443,33.618255615234375,41700,0.0,0.0,0.0
2024-09-04 00:00:00-04:00,33.00689148581707,34.1005551053086,32.94575492971814,33.72694396972656,39700,0.0,0.0,0.0
2024-09-05 00:00:00-04:00,33.00688812225433,33.16991978567129,32.28275959622371,32.470245361328125,26800,0.0,0.0,0.0
2024-09-06 00:00:00-04:00,32.938961482033754,32.97292565787745,30.33726466985872,30.46632957458496,112000,0.0,0.0,0.0
2024-09-09 00:00:00-04:00,31.777371287366037,32.32080853982669,31.315451177555,32.31197738647461,45500,0.0,0.0,0.0
2024-09-10 00:00:00-04:00,32.17814889746102,32.8031005859375,31.940397086861505,32.8031005859375,25400,0.0,0.0,0.0
2024-09-11 00:00:00-04:00,32.08304699225428,32.592517360185845,31.3629946060429,32.19852828979492,34000,0.0,0.0,0.0
2024-09-12 00:00:00-04:00,32.21890723785411,32.538176173845656,31.838501752232276,32.449867248535156,23100,0.0,0.0,0.0
2024-09-13 00:00:00-04:00,32.28683897799618,33.427374042695575,32.24608300149418,33.3261604309082,36900,0.0,0.0,0.0
2024-09-16 00:00:00-04:00,31.627924064768624,31.71623040365311,31.15920962796406,31.21355438232422,60300,0.0,0.0,0.0
2024-09-17 00:00:00-04:00,31.953985520066766,32.85744505512758,31.729817290349825,32.3615608215332,87600,0.0,0.0,0.0
2024-09-18 00:00:00-04:00,31.750196151594285,32.456659796495195,31.430927208228205,31.81133270263672,113500,0.0,0.0,0.0
2024-09-19 00:00:00-04:00,33.61825684188898,34.28396456463027,33.27860988592094,33.84242248535156,62600,0.0,0.0,0.0
2024-09-20 00:00:00-04:00,34.8613543922062,35.31240642884907,34.58963586075628,34.93607711791992,58200,0.0,0.0,0.0
2024-09-23 00:00:00-04:00,36.34901611204665,37.10982715966472,36.18938421932651,36.695457458496094,44500,0.0,0.0,0.0
2024-09-24 00:00:00-04:00,36.199561473846295,36.50524415355062,35.5949905024865,36.38976287841797,85200,0.0,0.0,0.0
2024-09-25 00:00:00-04:00,35.95502202879629,36.090881310787665,35.21459166280862,35.3096923828125,36800,0.0,0.0,0.0
2024-09-26 00:00:00-04:00,36.08408773163212,36.647902857599966,35.84973312101806,36.457698822021484,43000,0.0,0.0,0.0
2024-09-27 00:00:00-04:00,36.51883957672587,37.46985209024867,36.30826012239341,37.16416931152344,61300,0.0,0.0,0.0
2024-09-30 00:00:00-04:00,36.05691812306214,36.09088229666269,35.33007133324848,35.561031341552734,35500,0.0,0.0,0.0
2024-10-01 00:00:00-04:00,35.730853866289884,35.798784803014556,33.44842880964673,34.080169677734375,71400,0.0,0.0,0.0
2024-10-02 00:00:00-04:00,33.22426932758627,33.80846258028203,32.477046966552734,32.477046966552734,37500,0.0,0.0,0.0
2024-10-03 00:00:00-04:00,32.184946164782446,32.239288330078125,31.64830335424677,32.239288330078125,50400,0.0,0.0,0.0
2024-10-04 00:00:00-04:00,32.57214634784386,33.40088322834723,32.19853518297012,33.25823211669922,52000,0.0,0.0,0.0
2024-10-07 00:00:00-04:00,33.81523864062013,34.48774052557181,33.142739346968206,33.462005615234375,68500,0.0,0.0,0.0
2024-10-08 00:00:00-04:00,33.23784210401435,33.58428076288842,32.8778172597119,33.3804931640625,35000,0.0,0.0,0.0
2024-10-09 00:00:00-04:00,33.237850972555194,33.80845795629737,32.93216819710393,33.06802749633789,35000,0.0,0.0,0.0
2024-10-10 00:00:00-04:00,32.701210013322296,33.047651375506895,31.82492020462096,32.3004264831543,58900,0.0,0.0,0.0
2024-10-11 00:00:00-04:00,33.23105045429775,33.8016573328153,33.17670829940567,33.64542007446289,49500,0.0,0.0,0.0
2024-10-14 00:00:00-04:00,34.92250199786006,36.1724029742369,34.86136543847692,35.90068435668945,60100,0.0,0.0,0.0
2024-10-15 00:00:00-04:00,35.64933662331116,36.77017237670506,34.800219413558224,35.44554901123047,99600,0.0,0.0,0.0
2024-10-16 00:00:00-04:00,35.98898732238025,36.226741721095294,35.56103147773344,35.825958251953125,46800,0.0,0.0,0.0
2024-10-17 00:00:00-04:00,35.76482131022411,35.9957813168782,35.23497035889983,35.5202751159668,30000,0.0,0.0,0.0
2024-10-18 00:00:00-04:00,35.78520158701472,36.627524541938854,35.747840216539,36.328636169433594,54700,0.0,0.0,0.0
2024-10-21 00:00:00-04:00,36.838109307880806,36.838109307880806,36.35581124217773,36.593563079833984,68200,0.0,0.0,0.0
2024-10-22 00:00:00-04:00,35.961815201177444,36.04672693175462,35.58141230662393,35.86671447753906,78400,0.0,0.0,0.0
2024-10-23 00:00:00-04:00,35.17383180306576,35.26214072179699,33.44163314766186,34.23640823364258,58200,0.0,0.0,0.0
2024-10-24 00:00:00-04:00,34.48095191915293,34.664361554892594,34.22961394038384,34.63719177246094,29100,0.0,0.0,0.0
2024-10-25 00:00:00-04:00,34.62361017933192,35.01759928551598,33.4484320681632,33.754112243652344,114800,0.0,0.0,0.0
2024-10-28 00:00:00-04:00,34.47417184483787,34.551610285877544,33.96470132496342,34.20924758911133,53700,0.0,0.0,0.0
2024-10-29 00:00:00-04:00,35.7580332485624,36.719234813358064,35.68331049917181,35.90068435668945,119700,0.0,0.0,0.0
2024-10-30 00:00:00-04:00,36.810928833568504,37.23888463853565,36.26749433036425,36.287872314453125,66700,0.0,0.0,0.0
2024-10-31 00:00:00-04:00,35.80558751486418,35.8361570935332,34.20924758911133,34.20924758911133,76300,0.0,0.0,0.0
2024-11-01 00:00:00-04:00,34.487752121668954,35.234974386148984,33.96469550001268,34.22282791137695,71700,0.0,0.0,0.0
2024-11-04 00:00:00-05:00,33.5027740171451,33.5027740171451,32.71479321851891,32.932167053222656,44300,0.0,0.0,0.0
2024-11-05 00:00:00-05:00,33.40766897036625,33.66580133745051,32.69441100547836,33.00688552856445,51700,0.0,0.0,0.0
2024-11-06 00:00:00-05:00,35.85313154507576,36.899244782683425,35.60858532420118,36.790557861328125,102700,0.0,0.0,0.0
2024-11-07 00:00:00-05:00,38.48200298798274,39.83379648625255,38.01328850789961,39.650386810302734,157800,0.0,0.0,0.0
2024-11-08 00:00:00-05:00,40.390818339319885,40.778015690170925,39.500944907957354,40.16665267944336,112000,0.0,0.0,0.0
2024-11-11 00:00:00-05:00,43.22346995350294,46.17839986191413,43.05364648490347,46.01536560058594,220000,0.0,0.0,0.0
2024-11-12 00:00:00-05:00,44.68394364050471,45.16624159830539,43.848415200441636,44.94886779785156,185200,0.0,0.0,0.0
2024-11-13 00:00:00-05:00,44.255995752538055,45.54665511538875,42.76154875115841,43.22346878051758,213700,0.0,0.0,0.0
2024-11-14 00:00:00-05:00,43.49518767913231,43.59028841072394,41.856731638837815,42.258872985839844,100500,0.0,0.0,0.0
2024-11-15 00:00:00-05:00,41.837708033539265,42.16376876831055,41.04972727668358,42.16376876831055,95000,0.0,0.0,0.0
2024-11-18 00:00:00-05:00,42.25887091445809,43.65142541716506,41.94503851558866,43.053646087646484,113900,0.0,0.0,0.0
2024-11-19 00:00:00-05:00,42.21132818935057,42.8702441898871,42.075468872880016,42.272464752197266,63600,0.0,0.0,0.0
2024-11-20 00:00:00-05:00,42.72079840389947,42.74797078527648,41.37579662134874,41.89885330200195,115200,0.0,0.0,0.0
2024-11-21 00:00:00-05:00,45.78441255107008,46.25312184507674,44.1880728300356,45.73686218261719,161000,0.0,0.0,0.0
2024-11-22 00:00:00-05:00,44.8673680806381,45.24097664865743,44.493754330017154,44.779056549072266,68600,0.0,0.0,0.0
2024-11-25 00:00:00-05:00,47.51660406289309,48.2298646983742,45.50589483259129,47.67284393310547,137600,0.0,0.0,0.0
2024-11-26 00:00:00-05:00,45.016802050109355,45.65533994017928,44.22950278418261,45.111907958984375,89600,0.0,0.0,0.0
2024-11-27 00:00:00-05:00,47.46906414398516,49.52053498198015,47.42830816131044,49.4458122253418,116200,0.0,0.0,0.0
2024-11-29 00:00:00-05:00,49.05859920789264,49.66317027704287,48.712157917756976,48.73933029174805,92400,0.0,0.0,0.0
2024-12-02 00:00:00-05:00,49.235227884817945,49.96070918140531,48.341954680167426,48.99747085571289,68000,0.0,0.0,0.0
2024-12-03 00:00:00-05:00,48.11437701812113,48.88877146985083,46.97316332358264,48.88197708129883,84800,0.0,0.0,0.0
2024-12-04 00:00:00-05:00,50.437580664339066,52.82869331919246,50.437580664339066,52.740386962890625,242100,0.0,0.0,0.0
2024-12-05 00:00:00-05:00,53.29739333931734,53.7389353658298,51.2255502650675,51.7418098449707,96400,0.0,0.0,0.0
2024-12-06 00:00:00-05:00,52.9849192554179,55.45754840606268,52.815095796265915,54.92770004272461,119500,0.0,0.0,0.0
2024-12-09 00:00:00-05:00,52.54337913827073,53.28381214208578,50.226989766047524,50.45115280151367,144200,0.0,0.0,0.0
2024-12-10 00:00:00-05:00,50.29492283242278,50.38322917694246,47.55057475331906,49.20805358886719,143400,0.0,0.0,0.0
2024-12-11 00:00:00-05:00,50.390012983036044,51.915029390178425,50.26773989490658,51.762184143066406,92000,0.0,0.0,0.0
2024-12-12 00:00:00-05:00,53.58949863646736,53.79872025833547,51.959192140160255,52.37356185913086,125000,0.0,0.0,0.0
2024-12-13 00:00:00-05:00,52.98492485110455,53.440050525873076,52.29883655254524,52.77434539794922,41000,0.0,0.0,0.0
2024-12-16 00:00:00-05:00,52.65884310562661,55.39640095366261,52.65884310562661,54.5133171081543,77300,0.0,0.0,0.0
2024-12-17 00:00:00-05:00,54.06499465377157,54.23481811507771,52.81509646620681,53.03926467895508,62100,0.0,0.0,0.0
2024-12-18 00:00:00-05:00,52.033907755535175,52.33279870728993,48.90915708913817,49.66317367553711,113500,0.0,0.0,0.0
2024-12-19 00:00:00-05:00,49.65638453533964,49.778657648292594,44.751881601761895,45.40400314331055,183900,0.0,0.0,0.0
2024-12-20 00:00:00-05:00,44.75188056180057,47.0275192879096,44.49375074383232,46.24633026123047,183500,0.0,0.0,0.0
2024-12-23 00:00:00-05:00,45.016812003471415,45.67110566452311,43.864979775234026,45.60295104980469,97700,0.226,0.0,0.0
2024-12-24 00:00:00-05:00,46.26405239307815,47.211415492533845,46.19589778445767,47.00217819213867,70500,0.0,0.0,0.0
2024-12-26 00:00:00-05:00,45.009982737226586,45.03724561566994,44.260271779552674,44.53970718383789,52400,0.0,0.0,0.0
2024-12-27 00:00:00-05:00,45.28941953292572,45.28941953292572,44.212564400572404,44.601051330566406,51600,0.0,0.0,0.0
2024-12-30 00:00:00-05:00,44.37000199465802,45.70176482899697,44.069439531114455,45.432552337646484,55100,0.0,0.0,0.0
2024-12-31 00:00:00-05:00,45.943715896083035,46.015276400671304,44.553340322740354,44.73054122924805,84800,0.0,0.0,0.0
2025-01-02 00:00:00-05:00,46.31175459878687,46.918339369612745,46.127736661512905,46.1822624206543,42200,0.0,0.0,0.0
2025-01-03 00:00:00-05:00,46.94559944691265,48.581335724476155,46.92515358842073,48.2269287109375,42100,0.0,0.0,0.0
2025-01-06 00:00:00-05:00,48.56771012148814,50.09507617100522,48.50636734206284,49.310604095458984,61700,0.0,0.0,0.0
2025-01-07 00:00:00-05:00,48.574523241596296,48.62223198248726,44.77825423113262,45.19400405883789,117600,0.0,0.0,0.0
2025-01-08 00:00:00-05:00,44.76462433006101,45.00998504878973,42.849449919923025,43.71502685546875,58100,0.0,0.0,0.0
2025-01-10 00:00:00-05:00,43.5923497104514,44.267089136776974,42.631355224524434,43.469669342041016,52000,0.0,0.0,0.0
2025-01-13 00:00:00-05:00,40.57305205446678,41.28187134134132,39.12133878030401,41.09785079956055,106600,0.0,0.0,0.0
2025-01-14 00:00:00-05:00,42.856264045685336,43.06073043084083,42.26330814882392,42.96531295776367,37900,0.0,0.0,0.0
2025-01-15 00:00:00-05:00,43.81725507435957,46.22314797717445,43.81725507435957,45.752872467041016,63300,0.0,0.0,0.0
2025-01-16 00:00:00-05:00,44.57379059792189,44.703282780914435,43.469667333251444,44.417030334472656,41500,0.0,0.0,0.0
2025-01-17 00:00:00-05:00,45.62339667425469,47.02740148955157,45.39848176698954,46.720703125,85800,0.0,0.0,0.0
2025-01-21 00:00:00-05:00,44.38294934683873,44.84640785156116,43.53440985808501,44.13077163696289,69900,0.0,0.0,0.0
2025-01-22 00:00:00-05:00,43.99446855665738,44.0149144170775,43.272017822613684,43.306095123291016,44600,0.0,0.0,0.0
2025-01-23 00:00:00-05:00,42.999398769970945,43.926313406217346,42.52230871018145,43.26520538330078,83700,0.0,0.0,0.0
2025-01-24 00:00:00-05:00,45.22126711247298,45.56204532010256,44.39317856386723,44.417030334472656,41600,0.0,0.0,0.0
2025-01-27 00:00:00-05:00,41.281870876749714,41.89254534781563,40.518528437900144,41.8203010559082,65500,0.0,0.0,0.0
2025-01-28 00:00:00-05:00,42.17471038842649,42.54956588513779,41.06377273823295,41.070587158203125,29300,0.0,0.0,0.0
2025-01-29 00:00:00-05:00,41.315943229075856,42.18492857365479,40.60712663499145,41.761680603027344,20400,0.0,0.0,0.0
2025-01-30 00:00:00-05:00,43.21067596389972,43.61960875601484,42.856266330765344,42.910789489746094,33200,0.0,0.0,0.0
2025-01-31 00:00:00-05:00,44.64193668466097,45.72560868229389,43.82407122229129,43.96719741821289,82500,0.0,0.0,0.0
2025-02-03 00:00:00-05:00,34.064785610837816,36.831680123848294,33.85622622933001,35.91401672363281,326900,1.266,0.0,0.0
2025-02-04 00:00:00-05:00,37.17927111769057,38.03436623449819,36.15037611571127,36.28246307373047,142800,0.0,0.0,0.0
2025-02-05 00:00:00-05:00,37.40868740528905,37.40868740528905,36.00438404616426,36.59530258178711,112100,0.0,0.0,0.0
2025-02-06 00:00:00-05:00,36.6022595703482,36.84140680847669,35.45517918304745,36.06695556640625,51300,0.0,0.0,0.0
2025-02-07 00:00:00-05:00,36.97072155475805,37.04024046640559,34.16906751413371,34.23858642578125,72000,0.0,0.0,0.0
2025-02-10 00:00:00-05:00,35.25357728859726,35.608130632149894,35.03806707190496,35.5664176940918,32000,0.0,0.0,0.0
2025-02-11 00:00:00-05:00,35.18404803016568,35.413462492077464,34.242053001516254,34.39847183227539,34500,0.0,0.0,0.0
2025-02-12 00:00:00-05:00,34.016118533006065,35.63593231211408,33.744991098235175,35.4482307434082,50700,0.0,0.0,0.0
2025-02-13 00:00:00-05:00,35.03805277047362,35.26051637869453,34.6139806885602,35.0714225769043,21600,0.0,0.0,0.0
2025-02-14 00:00:00-05:00,35.5872624617031,36.92899774699418,35.503839261885325,36.10171127319336,151000,0.0,0.0,0.0
2025-02-18 00:00:00-05:00,35.920969031583354,35.920969031583354,34.35676962796042,34.690467834472656,70200,0.0,0.0,0.0
2025-02-19 00:00:00-05:00,35.84450142677026,36.011347888003385,35.357861052883045,35.93487548828125,49700,0.0,0.0,0.0
2025-02-20 00:00:00-05:00,36.414552420186496,36.52578423981234,35.72630371301825,36.268558502197266,36100,0.0,0.0,0.0
2025-02-21 00:00:00-05:00,37.28355743762673,37.33917202980192,34.537518329093515,34.57923126220703,99700,0.0,0.0,0.0
2025-02-24 00:00:00-05:00,35.31822602186896,35.31822602186896,34.57922904288355,34.78778839111328,58500,0.0,0.0,0.0
2025-02-25 00:00:00-05:00,31.770627151419262,33.13321794114201,31.12756795261439,32.799522399902344,97300,0.0,0.0,0.0
2025-02-26 00:00:00-05:00,31.339604143075515,32.20582185573108,29.705883236344008,30.790395736694336,123800,0.0,0.0,0.0
2025-02-27 00:00:00-05:00,30.87381264079017,30.943331536646674,29.456299706402017,29.6363582611084,107300,0.0,0.0,0.0
2025-02-28 00:00:00-05:00,28.454522080441013,29.504272392220564,28.141681705415245,29.212289810180664,121000,0.0,0.0,0.0
2025-03-03 00:00:00-05:00,31.0134311870889,31.112642103838215,27.55158184882785,27.95330810546875,234400,0.208,0.0,0.0
2025-03-04 00:00:00-05:00,27.163823129627136,28.833615282836924,26.283512578412022,28.113998413085938,302500,0.0,0.0,0.0
2025-03-05 00:00:00-05:00,28.875538812163928,29.399532355586675,28.421410008463287,29.36459732055664,191800,0.0,0.0,0.0
2025-03-06 00:00:00-05:00,29.539258701599323,29.77680252269316,28.644977335207795,28.931427001953125,62800,0.0,0.0,0.0
2025-03-07 00:00:00-05:00,28.686901875854762,29.574197961963904,28.120987868603365,28.295652389526367,55800,0.0,0.0,0.0
2025-03-10 00:00:00-04:00,27.75069540041098,27.778639693661816,23.768344441368313,24.536867141723633,232400,0.0,0.0,0.0
2025-03-11 00:00:00-04:00,25.172645577801216,25.710612529639338,24.257405351115068,25.598827362060547,98700,0.0,0.0,0.0
2025-03-12 00:00:00-04:00,25.011960083975858,25.08182749485674,24.110690472381545,24.641672134399414,77200,0.0,0.0,0.0
2025-03-13 00:00:00-04:00,24.886196825838667,24.886196825838667,23.9010891678008,24.25740623474121,27000,0.0,0.0,0.0
2025-03-14 00:00:00-04:00,24.879213521963923,25.459098316061905,24.711534417727417,25.368274688720703,50000,0.0,0.0,0.0
2025-03-17 00:00:00-04:00,24.886198474196636,25.539444696743207,24.75345440693413,25.438138961791992,47200,0.0,0.0,0.0
2025-03-18 00:00:00-04:00,24.886199934803717,25.025932083115748,24.547350341326986,24.96305274963379,66700,0.0,0.0,0.0
2025-03-19 00:00:00-04:00,26.360366815781322,27.024092468847464,26.325434447760756,26.632843017578125,74300,0.0,0.0,0.0
2025-03-20 00:00:00-04:00,26.059945826391814,26.325436642788798,25.59184619251438,25.8782958984375,180500,0.0,0.0,0.0
2025-03-21 00:00:00-04:00,25.514990784108804,25.864319788274855,25.38923212939552,25.843360900878906,352200,0.0,0.0,0.0
2025-03-24 00:00:00-04:00,27.26163460582584,27.52712538356159,27.100943590797765,27.394378662109375,98500,0.0,0.0,0.0
2025-03-25 00:00:00-04:00,27.184782994930323,27.254647729689168,26.891347910740627,27.20574188232422,20100,0.0,0.0,0.0
2025-03-26 00:00:00-04:00,26.856414846103135,26.90532069705167,26.004053825879335,26.17522430419922,31900,0.0,0.0,0.0
2025-03-27 00:00:00-04:00,26.304472212488637,26.479136695532603,26.004049088439533,26.213645935058594,12000,0.0,0.0,0.0
2025-03-28 00:00:00-04:00,24.81632799076454,24.823313396826688,24.397131667492218,24.466999053955078,46600,0.0,0.0,0.0
2025-03-31 00:00:00-04:00,23.81026485447144,24.152605766667243,23.557348345754864,23.915061950683594,28100,0.0,0.0,0.0
2025-04-01 00:00:00-04:00,24.485386273951022,25.157176707742803,24.21246890760634,25.03121566772461,33800,0.055,0.0,0.0
2025-04-02 00:00:00-04:00,24.338427766446124,25.073201323855436,24.310438502973245,25.05220603942871,31600,0.0,0.0,0.0
2025-04-03 00:00:00-04:00,23.141804280010284,23.409820539539506,22.910877470883936,23.344741821289062,49500,0.0,0.0,0.0
2025-04-04 00:00:00-04:00,23.28875669745776,23.743616311172264,23.180291283039132,23.659643173217773,86400,0.0,0.0,0.0
2025-04-07 00:00:00-04:00,19.614901279487984,21.364357290813842,19.509932851025223,20.139738082885742,213500,0.0,0.0,0.0
2025-04-08 00:00:00-04:00,20.671571095141065,20.671571095141065,18.987894678341274,19.118053436279297,127800,0.0,0.0,0.0
2025-04-09 00:00:00-04:00,19.03408141842329,21.79822104015577,19.03408141842329,21.44133186340332,173800,0.0,0.0,0.0
2025-04-10 00:00:00-04:00,20.74154700337497,20.74154700337497,19.308392614021407,19.69187355041504,86800,0.0,0.0,0.0
2025-04-11 00:00:00-04:00,20.314683676871564,20.629584957962027,20.139738075800523,20.447641372680664,47500,0.0,0.0,0.0
2025-04-14 00:00:00-04:00,21.861201747555256,21.903188317315884,21.238395846311516,21.406343460083008,46200,0.0,0.0,0.0
2025-04-15 00:00:00-04:00,21.441333542765324,21.616279152832874,20.930492681703065,21.007469177246094,34100,0.0,0.0,0.0
2025-04-16 00:00:00-04:00,20.524616561157927,21.007466763181974,20.076756277963984,20.706560134887695,29700,0.0,0.0,0.0
2025-04-17 00:00:00-04:00,20.790537056482204,21.042459179017108,20.391661252288056,20.65058135986328,19600,0.0,0.0,0.0
2025-04-21 00:00:00-04:00,21.245392541380927,21.322367692150298,20.461635723270835,20.524616241455078,20200,0.0,0.0,0.0
2025-04-22 00:00:00-04:00,21.301373856835603,22.530190619592695,21.294375873579078,22.232084274291992,110900,0.0,0.0,0.0
2025-04-23 00:00:00-04:00,23.715627741968035,24.00253845104463,23.026341574325194,23.358739852905273,116000,0.0,0.0,0.0
2025-04-24 00:00:00-04:00,22.945864013873173,23.197786088267705,22.83039928486604,23.02284049987793,47500,0.0,0.0,0.0
2025-04-25 00:00:00-04:00,23.07881788028756,23.792596083115924,23.050825950108237,23.52667808532715,62900,0.0,0.0,0.0
2025-04-28 00:00:00-04:00,23.470702501663084,23.512687737505104,22.77791674623145,23.414718627929688,54800,0.0,0.0,0.0
2025-04-29 00:00:00-04:00,23.68763603870867,23.883576949651346,23.638651478337582,23.743619918823242,33100,0.0,0.0,0.0
2025-04-30 00:00:00-04:00,23.106814008533036,23.337740800823948,22.546988650523993,23.260766983032227,27100,0.0,0.0,0.0
2025-05-01 00:00:00-04:00,24.202520893433395,24.440762369364556,23.83815142006831,24.083398818969727,85800,0.044,0.0,0.0
2025-05-02 00:00:00-04:00,23.89420580344927,24.237554820259543,23.887199880777906,23.999313354492188,67700,0.0,0.0,0.0
2025-05-05 00:00:00-04:00,23.424734598017274,23.756870440744855,23.396705557593943,23.627941131591797,33100,0.0,0.0,0.0
2025-05-06 00:00:00-04:00,22.906207090439203,23.382690065852728,22.80110220271335,23.221527099609375,37900,0.0,0.0,0.0
2025-05-07 00:00:00-04:00,23.747054115520108,23.887196606703487,23.284585765711945,23.3826847076416,75700,0.0,0.0,0.0
2025-05-08 00:00:00-04:00,25.610946032880786,27.804168744553962,25.575911072859654,27.572933197021484,257300,0.0,0.0,0.0
2025-05-09 00:00:00-04:00,30.50891189473513,31.055464800917612,29.590980897047334,30.382783889770508,233200,0.0,0.0,0.0
2025-05-12 00:00:00-04:00,33.29072839873316,33.47711910500074,31.321735158801825,31.959381103515625,114500,0.0,0.0,0.0
2025-05-13 00:00:00-04:00,33.10853795574233,35.54700773204069,32.86329059563884,34.993446350097656,87700,0.0,0.0,0.0
2025-05-14 00:00:00-04:00,33.998444587347905,34.07552310384271,33.12816248733644,33.86531066894531,74000,0.0,0.0,0.0
2025-05-15 00:00:00-04:00,33.33977661209132,33.84428589653302,32.16258382673399,32.856285095214844,115300,0.0,0.0,0.0
2025-05-16 00:00:00-04:00,33.809254794861616,33.96060786475995,33.438579704967374,33.753196716308594,43700,0.0,0.0,0.0
2025-05-19 00:00:00-04:00,31.209619867070966,33.080514033790855,31.139547272645625,32.71614456176758,157900,0.0,0.0,0.0
2025-05-20 00:00:00-04:00,32.29571319321283,32.58300409009817,31.8458587213419,32.53395462036133,24100,0.0,0.0,0.0
2025-05-21 00:00:00-04:00,32.85628786283565,33.928373189700956,31.88930742062595,32.68111038208008,64700,0.0,0.0,0.0
2025-05-22 00:00:00-04:00,34.47492965451121,34.790249662768204,34.145595126665434,34.215667724609375,84100,0.0,0.0,0.0
2025-05-23 00:00:00-04:00,33.25568839380526,33.606043314109975,33.09452545122459,33.26970291137695,71000,0.0,0.0,0.0
2025-05-27 00:00:00-04:00,34.59404672203725,35.17563721715752,34.362113521967885,34.86031723022461,65200,0.0,0.0,0.0
2025-05-28 00:00:00-04:00,34.720177125684096,34.720177125684096,33.92977746506432,33.984432220458984,37500,0.0,0.0,0.0
2025-05-29 00:00:00-04:00,34.88835160441654,34.8953575283107,34.06851951298034,34.29975509643555,42700,0.0,0.0,0.0
2025-05-30 00:00:00-04:00,33.627065323106244,33.851292250901004,32.86329151499414,33.32575988769531,71600,0.0,0.0,0.0
2025-06-02 00:00:00-04:00,32.33017585039617,33.172105338568684,32.33017585039617,32.75114059448242,32100,0.061,0.0,0.0
2025-06-03 00:00:00-04:00,33.90880378706433,34.3894047994576,33.74743117367419,33.99299621582031,48900,0.0,0.0,0.0
2025-06-04 00:00:00-04:00,33.79653636100232,34.575323519285135,33.627450315529515,33.96492385864258,25400,0.0,0.0,0.0
2025-06-05 00:00:00-04:00,34.06315059073016,34.06315059073016,32.4704962416276,32.65993118286133,47800,0.0,0.0,0.0
2025-06-06 00:00:00-04:00,32.147758788671474,32.589773684115954,32.10566123981953,32.119693756103516,39300,0.0,0.0,0.0
2025-06-09 00:00:00-04:00,32.779214264933444,33.41767914507047,32.526634281331226,33.35453414916992,34600,0.0,0.0,0.0
2025-06-10 00:00:00-04:00,35.66983676344041,36.22410906114406,34.729679671340904,35.88733673095703,78500,0.0,0.0,0.0
2025-06-11 00:00:00-04:00,36.40652670368575,37.191627589655084,36.05431940704255,36.32233428955078,74900,0.0,0.0,0.0
2025-06-12 00:00:00-04:00,35.403232690350066,35.75403761833949,34.75705168308536,34.834930419921875,45200,0.0,0.0,0.0
2025-06-13 00:00:00-04:00,32.898480663891455,33.347510474497504,32.3722733527571,32.64590072631836,97200,0.0,0.0,0.0
2025-06-16 00:00:00-04:00,33.698317197586256,34.46307197212015,33.698317197586256,34.37887954711914,58900,0.0,0.0,0.0
2025-06-17 00:00:00-04:00,32.982672772605945,33.087915304409854,31.67768090152433,32.638885498046875,108900,0.0,0.0,0.0
2025-06-18 00:00:00-04:00,31.84606751050316,32.69501470261419,31.84606751050316,32.15477752685547,46600,0.0,0.0,0.0
2025-06-20 00:00:00-04:00,32.96163434293981,32.98268178447989,30.5480971360725,31.03922462463379,37500,0.0,0.0,0.0
2025-06-23 00:00:00-04:00,28.962453633845655,29.853498460896148,28.32960125195736,29.78333854675293,105800,0.0,0.0,0.0
2025-06-24 00:00:00-04:00,31.151475760584674,31.95481661523857,31.004135670532396,31.305828094482422,77000,0.0,0.0,0.0
2025-06-25 00:00:00-04:00,31.45316948292717,31.474216921048217,30.97607459170368,31.326879501342773,38800,0.0,0.0,0.0
2025-06-26 00:00:00-04:00,31.41808860564819,31.607523588605503,31.100259960694686,31.411073684692383,18800,0.0,0.0,0.0
2025-06-27 00:00:00-04:00,31.291794270874384,31.446149274755783,30.751557110147154,31.14445686340332,17300,0.0,0.0,0.0
2025-06-30 00:00:00-04:00,31.810988992404898,32.41086506066818,31.25671659842045,32.40735626220703,45900,0.0,0.0,0.0
2025-07-01 00:00:00-04:00,31.38823753092021,31.5568038751365,30.882543856813633,30.980873107910156,78600,0.049,0.0,0.0
2025-07-02 00:00:00-04:00,31.47252385511885,33.5585160743888,31.437403966900895,33.51637649536133,76800,0.0,0.0,0.0
2025-07-03 00:00:00-04:00,33.37590603093702,33.909694589834594,33.066166183124125,33.11603546142578,51400,0.0,0.0,0.0
2025-07-07 00:00:00-04:00,32.89127557032715,32.99662717956245,32.308319817995915,32.69461441040039,52500,0.0,0.0,0.0
2025-07-08 00:00:00-04:00,33.1651986489738,33.730594547818754,32.89128067150035,33.59363555908203,64700,0.0,0.0,0.0
2025-07-09 00:00:00-04:00,34.239801556685634,35.847492960156664,33.890730012088156,35.588321685791016,68400,0.0,0.0,0.0
2025-07-10 00:00:00-04:00,35.84819052412305,36.5154281365259,35.47594064898636,36.22746276855469,100800,0.0,0.0,0.0
2025-07-11 00:00:00-04:00,38.559285996302386,38.71380225606289,37.85693107964312,38.629520416259766,106500,0.0,0.0,0.0
2025-07-14 00:00:00-04:00,39.16330336543545,39.44916282585201,38.35559693451236,38.5382080078125,102200,0.0,0.0,0.0
2025-07-15 00:00:00-04:00,38.97366683319,39.8094680335224,38.1617432940844,39.02985382080078,63100,0.0,0.0,0.0
2025-07-16 00:00:00-04:00,40.78574782754656,43.50386047363281,40.771700408378805,43.50386047363281,139800,0.0,0.0,0.0
2025-07-17 00:00:00-04:00,43.96741216592008,44.283472381597505,43.20887032756535,43.862060546875,151200,0.0,0.0,0.0
2025-07-18 00:00:00-04:00,46.573149921066175,47.17015585004202,45.36509868195341,45.58283233642578,185500,0.0,0.0,0.0
2025-07-21 00:00:00-04:00,48.638081537435255,49.49144025151482,47.72501793555351,47.96382141113281,186500,0.0,0.0,0.0
2025-07-22 00:00:00-04:00,47.48621127845065,48.00595236094343,46.58298076569301,47.008609771728516,131800,0.0,0.0,0.0
2025-07-23 00:00:00-04:00,46.96646876199034,46.96997860701667,45.54419917919096,46.02531051635742,143700,0.0,0.0,0.0
2025-07-24 00:00:00-04:00,46.818978247387236,48.29392240397312,46.38351629852982,47.97785949707031,100700,0.0,0.0,0.0
2025-07-25 00:00:00-04:00,47.61263781016949,47.77698966607688,46.25779465070573,46.65040969848633,92000,0.0,0.0,0.0
2025-07-28 00:00:00-04:00,49.17186397769447,49.42471214944068,48.020002465758274,48.57486343383789,116500,0.0,0.0,0.0
2025-07-29 00:00:00-04:00,49.47387655344317,49.47387655344317,47.48691304286834,48.09023666381836,96100,0.0,0.0,0.0
2025-07-30 00:00:00-04:00,47.97785106807121,48.92603426365546,47.008603445978366,48.027015686035156,84800,0.0,0.0,0.0
2025-07-31 00:00:00-04:00,48.518672342436375,48.757470409583036,47.6617986030663,47.69691848754883,83500,0.0,0.0,0.0
2025-08-01 00:00:00-04:00,46.594067490490836,46.594067490490836,44.64958953857422,44.64958953857422,208700,2.907,0.0,0.0
2025-08-04 00:00:00-04:00,45.45673641348488,47.42322378324171,45.390697460087345,46.84355163574219,107700,0.0,0.0,0.0
2025-08-05 00:00:00-04:00,46.39594728338233,46.6087397440236,45.387020698272394,45.55945587158203,91900,0.0,0.0,0.0
2025-08-06 00:00:00-04:00,45.83095031982543,47.24344984790431,45.67686037828287,47.07835388183594,72100,0.0,0.0,0.0
2025-08-07 00:00:00-04:00,48.94945500995387,49.56582042696942,48.28173187288401,49.43374252319336,202500,0.0,0.0,0.0
2025-08-08 00:00:00-04:00,49.96937972763771,51.957881582964845,49.92535563284655,51.88450622558594,185800,0.0,0.0,0.0
2025-08-11 00:00:00-04:00,53.43276309079724,55.74412378804124,53.37406055161171,54.39399337768555,183900,0.0,0.0,0.0
2025-08-12 00:00:00-04:00,56.43385644517567,57.791320277462276,55.594425931449436,57.776641845703125,127200,0.0,0.0,0.0
2025-08-13 00:00:00-04:00,60.20541218409663,60.71904537396923,58.9726869302205,60.58696746826172,204500,0.0,0.0,0.0
2025-08-14 00:00:00-04:00,57.96008708365917,60.02197023096886,57.288691537642606,57.96742630004883,233100,0.0,0.0,0.0
2025-08-15 00:00:00-04:00,58.93599504002033,59.00203679038953,55.700094824655416,55.905548095703125,133300,0.0,0.0,0.0
2025-08-18 00:00:00-04:00,55.428599325261345,55.839505863813386,54.47103593952853,55.457950592041016,143900,0.0,0.0,0.0
2025-08-19 00:00:00-04:00,54.995669841917724,55.23414676221919,52.36879609719372,52.64028549194336,144100,0.0,0.0,0.0
2025-08-20 00:00:00-04:00,53.30067607563636,55.47261927100126,52.32476752149682,55.38457107543945,168600,0.0,0.0,0.0
2025-08-21 00:00:00-04:00,54.371973240099,54.966326564155025,53.55749382410271,53.76294708251953,82400,0.0,0.0,0.0
2025-08-22 00:00:00-04:00,54.24723417996945,61.951764905499594,54.041780922997674,61.7022819519043,292100,0.0,0.0,0.0
2025-08-25 00:00:00-04:00,59.324888780671444,59.529608687316376,56.11833987291596,56.191715240478516,305600,0.0,0.0,0.0
2025-08-26 00:00:00-04:00,57.01353721428977,58.52509689331054,56.49990396299017,58.52509689331055,122700,0.0,0.0,0.0
2025-08-27 00:00:00-04:00,58.613139317818195,59.332231396773174,57.73262366024829,58.092166900634766,120200,0.0,0.0,0.0
2025-08-28 00:00:00-04:00,58.466387286443435,58.61681043407104,56.316455911748434,56.38249206542969,131900,0.0,0.0,0.0
2025-08-29 00:00:00-04:00,55.751449789938825,55.76245581365451,54.137163934072824,55.08372116088867,142600,0.0,0.0,0.0
2025-09-02 00:00:00-04:00,54.56023173659446,55.739077325007514,53.96305766135184,54.14918899536133,147000,4.045,0.0,0.0
2025-09-03 00:00:00-04:00,55.459869406453365,56.95668889578231,55.41333214187323,56.7783088684082,93500,0.0,0.0,0.0
2025-09-04 00:00:00-04:00,55.77784396151947,55.77784396151947,53.98631606030814,54.19571304321289,97100,0.0,0.0,0.0
2025-09-05 00:00:00-04:00,56.5689204070421,56.77056022156343,53.93203516898949,54.885963439941406,95800,0.0,0.0,0.0
2025-09-08 00:00:00-04:00,54.97902680937481,55.56844955140827,54.273275692012554,54.32756423950195,74100,0.0,0.0,0.0
2025-09-09 00:00:00-04:00,55.04106516236911,55.328016338987304,54.180199798500304,54.374088287353516,55800,0.0,0.0,0.0
2025-09-10 00:00:00-04:00,55.45211597543902,56.3827784921397,54.4438933181733,54.77350616455078,62100,0.0,0.0,0.0
2025-09-11 00:00:00-04:00,55.85540321742891,56.3284916878842,55.7313176392975,56.095829010009766,71400,0.0,0.0,0.0
2025-09-12 00:00:00-04:00,57.31344411249835,59.32212621396336,57.235889892748204,59.306617736816406,164600,0.0,0.0,0.0
2025-09-15 00:00:00-04:00,57.4220250898307,57.53835938583318,56.61544813242369,56.97220230102539,141800,0.0,0.0,0.0
2025-09-16 00:00:00-04:00,57.11179973494652,57.15057980422677,55.99500001016287,56.855865478515625,106700,0.0,0.0,0.0
2025-09-17 00:00:00-04:00,57.003226591786834,57.383246445636445,55.99577901878574,57.212623596191406,102900,0.0,0.0,0.0
2025-09-18 00:00:00-04:00,58.1432933696584,58.75598183498979,57.848579016937165,58.15105056762695,84600,0.0,0.0,0.0
2025-09-19 00:00:00-04:00,57.32895361528694,57.538356521067115,56.142356872558594,56.142356872558594,160000,0.0,0.0,0.0
2025-09-22 00:00:00-04:00,53.17974561413679,53.37363414356226,52.210302967009454,52.326637268066406,186800,0.0,0.0,0.0
2025-09-23 00:00:00-04:00,53.10994793065955,53.265056385489345,52.287856552438456,52.536033630371094,580100,0.0,0.0,0.0
2025-09-24 00:00:00-04:00,52.78420701916226,53.1719840461429,52.54378715587678,52.57481002807617,61200,0.0,0.0,0.0
2025-09-25 00:00:00-04:00,50.604907785416025,50.837576394911004,48.21619960703388,49.37177658081055,191400,0.0,0.0,0.0
2025-09-26 00:00:00-04:00,49.47259404668767,51.491358797240785,49.36401695197916,50.930633544921875,276600,0.0,0.0,0.0
2025-09-29 00:00:00-04:00,52.00090057183191,53.187497302272405,51.92334043448967,53.04789733886719,118600,0.0,0.0,0.0
2025-09-30 00:00:00-04:00,52.675632151322375,52.76094357422446,51.7449696140372,52.62910079956055,70800,0.0,0.0,0.0
2025-10-01 00:00:00-04:00,54.391384412031314,54.99401216649528,54.195938748198124,54.85557174682617,721900,3.234,0.0,0.0
2025-10-02 00:00:00-04:00,55.58035743249952,57.1968708893064,54.92886357808502,56.883338928222656,270000,0.0,0.0,0.0
2025-10-03 00:00:00-04:00,56.964775226497736,58.03973575823793,56.29699680849407,57.19280242919922,186500,0.0,0.0,0.0
2025-10-06 00:00:00-04:00,58.104887959723136,59.904632205561484,58.033225993370166,59.79876708984375,107600,0.0,0.0,0.0
2025-10-07 00:00:00-04:00,60.2222293379579,60.262950032681715,56.23998894771157,56.55759048461914,220600,0.0,0.0,0.0
2025-10-08 00:00:00-04:00,56.549444843877836,57.51039472618238,56.04453686737715,56.956626892089844,139800,0.0,0.0,0.0
2025-10-09 00:00:00-04:00,55.49892834407616,55.49892834407616,53.88648429466907,54.782283782958984,164200,0.0,0.0,0.0
2025-10-10 00:00:00-04:00,55.099881953755435,55.409338097308776,49.85537478412164,50.33584976196289,457000,0.0,0.0,0.0
2025-10-13 00:00:00-04:00,51.73655747205167,53.86611814996394,51.48410655414598,53.61773681640625,151000,0.0,0.0,0.0
2025-10-14 00:00:00-04:00,49.83094367479541,52.4369097044749,49.22831591377969,51.74470138549805,265000,0.0,0.0,0.0
2025-10-15 00:00:00-04:00,51.467811557002555,51.769125403088836,49.67620992210784,50.24626541137695,106200,0.0,0.0,0.0
2025-10-16 00:00:00-04:00,51.02805819989236,51.231649240125975,48.49538516233768,48.7559814453125,215800,0.0,0.0,0.0
2025-10-17 00:00:00-04:00,47.575149837208286,48.462806841783724,46.793361036816854,48.21849822998047,146000,0.0,0.0,0.0
2025-10-20 00:00:00-04:00,50.66158913261525,51.01991131927213,49.456330656024946,50.181114196777344,120400,0.0,0.0,0.0
2025-10-21 00:00:00-04:00,48.984006931747594,51.77727633261935,48.56867945805549,50.39285659790039,226000,0.0,0.0,0.0
2025-10-22 00:00:00-04:00,48.381380155486234,48.78856228206213,47.59959121803325,47.86018753051758,123800,0.0,0.0,0.0
2025-10-23 00:00:00-04:00,48.422092909021906,49.480765711037506,48.03934386073681,48.552391052246094,73200,0.0,0.0,0.0
2025-10-24 00:00:00-04:00,49.98567007379207,50.010100003059854,48.7193336308698,49.4644775390625,73200,0.0,0.0,0.0
2025-10-27 00:00:00-04:00,52.45319380388874,53.317231664295036,51.997145690449294,52.86851501464844,112900,0.0,0.0,0.0
2025-10-28 00:00:00-04:00,52.192601201545806,52.46052897521172,50.686031705500874,50.79189682006836,103800,0.0,0.0,0.0
2025-10-29 00:00:00-04:00,50.653455314398876,50.653455314398876,48.389520660997746,49.02472686767578,158400,0.0,0.0,0.0
2025-10-30 00:00:00-04:00,47.98233843194953,47.98233843194953,46.231457219936736,46.36175537109375,123000,0.0,0.0,0.0
2025-10-31 00:00:00-04:00,48.45466974045758,49.08173054517926,47.88461418102398,48.87813949584961,67800,0.0,0.0,0.0
2025-11-03 00:00:00-05:00,46.81426335937093,46.91017689400321,44.78265330992858,45.02679443359375,402600,3.963,0.0,0.0
2025-11-04 00:00:00-05:00,43.84095975469315,45.00935462715042,39.372285844634945,40.353214263916016,347400,0.0,0.0,0.0
2025-11-05 00:00:00-05:00,41.975017779970166,43.72761180730192,41.76488012294195,43.36139678955078,99400,0.0,0.0,0.0
2025-11-06 00:00:00-05:00,42.24531700764803,42.254034907669975,40.80662069338138,41.47801208496094,126000,0.0,0.0,0.0
2025-11-07 00:00:00-05:00,40.553757396474886,43.596816663073604,40.139588968644944,43.57065963745117,112200,0.0,0.0,0.0
2025-11-10 00:00:00-05:00,45.2709324409004,45.2709324409004,44.01098471615961,44.869842529296875,99500,0.0,0.0,0.0
2025-11-11 00:00:00-05:00,44.337959867287125,44.337959867287125,43.0474945324519,43.12596893310547,42900,0.0,0.0,0.0
2025-11-12 00:00:00-05:00,44.77393088650234,44.77393088650234,42.23834244548758,42.8033561706543,90500,0.0,0.0,0.0
2025-11-13 00:00:00-05:00,42.960310942936886,43.55322801783495,39.58591768298299,39.74286651611328,121000,0.0,0.0,0.0
2025-11-14 00:00:00-05:00,39.24585890619156,40.701994535322235,39.01915688834551,39.26329803466797,224100,0.0,0.0,0.0
2025-11-17 00:00:00-05:00,39.132504267641195,40.082915020932795,37.05729482605369,37.615333557128906,170200,0.0,0.0,0.0
2025-11-18 00:00:00-05:00,38.34775772714924,39.71669743964283,38.01642100482511,39.17609786987305,256300,0.0,0.0,0.0
2025-11-19 00:00:00-05:00,37.95539092281317,38.86220558892563,36.002255223988506,36.90034866333008,275300,0.0,0.0,0.0
2025-11-20 00:00:00-05:00,37.79843781396338,37.79843781396338,34.96464479852149,35.51396560668945,249900,0.0,0.0,0.0
2025-11-21 00:00:00-05:00,34.19734762535419,35.008248766045476,33.60443059073748,34.301979064941406,145700,0.0,0.0,0.0
2025-11-24 00:00:00-05:00,35.069282036326406,37.37991143235963,34.87745496961806,37.2752799987793,211200,0.0,0.0,0.0
2025-11-25 00:00:00-05:00,36.455661276447984,37.031139154693975,35.817401876646684,36.69980239868164,110300,0.0,0.0,0.0
2025-11-26 00:00:00-05:00,36.752122352966055,38.138501428498635,36.37718941689178,37.94667434692383,109400,0.0,0.0,0.0
2025-11-28 00:00:00-05:00,38.77500890477342,38.77500890477342,37.7112455385027,37.990264892578125,220500,0.0,0.0,0.0
2025-12-01 00:00:00-05:00,35.26322716338576,35.4240323877342,33.9862608430544,34.47813034057617,215800,3.407,0.0,0.0
2025-12-02 00:00:00-05:00,35.78347749745442,37.93067204846772,35.67942769109173,37.31583786010742,190600,0.0,0.0,0.0
2025-12-03 00:00:00-05:00,38.52659141540992,39.48195454009868,38.24282151211834,39.30223083496094,143200,0.0,0.0,0.0
2025-12-04 00:00:00-05:00,39.92653179727574,40.356919038911734,38.49822103427679,39.33061599731445,153000,0.0,0.0,0.0
2025-12-05 00:00:00-05:00,38.80090809974816,39.491416262475624,37.37259377833248,37.769874572753906,151800,0.0,0.0,0.0
2025-12-08 00:00:00-05:00,39.35899065075361,39.727891927028864,38.49821980333454,39.2454833984375,124800,0.0,0.0,0.0
2025-12-09 00:00:00-05:00,38.91441330113358,42.48992222086271,38.83874300657867,41.666988372802734,202700,0.0,0.0,0.0
2025-12-10 00:00:00-05:00,41.544971447922805,43.024361693832994,41.29808947524236,41.94130325317383,147800,0.0,0.0,0.0
2025-12-11 00:00:00-05:00,39.8319334789303,40.45622864960672,39.382627867524036,40.32380294799805,137400,0.0,0.0,0.0
2025-12-12 00:00:00-05:00,40.27650882514741,40.58676384349994,38.08201286912644,38.43199920654297,281400,0.0,0.0,0.0
2025-12-15 00:00:00-05:00,39.07521808863948,39.32115105351125,36.15238037761566,36.578033447265625,211300,0.0,0.0,0.0
2025-12-16 00:00:00-05:00,36.606411324857795,37.04247079941592,36.351017329510334,36.805049896240234,94400,0.0,0.0,0.0
2025-12-17 00:00:00-05:00,36.77667358282218,37.81054313342191,34.87540839675857,35.178096771240234,367400,0.0,0.0,0.0
2025-12-18 00:00:00-05:00,37.00369237420205,37.41043060139993,34.6483979601153,34.66731643676758,380100,0.0,0.0,0.0
2025-12-19 00:00:00-05:00,36.97531552100509,37.64690518755728,36.7388399813743,37.32529830932617,269600,0.0,0.0,0.0
2025-12-22 00:00:00-05:00,38.204989758670344,38.356333968230665,37.00369351664061,37.14558029174805,123300,0.0,0.0,0.0
2025-12-23 00:00:00-05:00,36.6726263370049,37.25908465245223,36.19589012934217,37.03207015991211,152600,0.0,0.0,0.0
2025-12-24 00:00:00-05:00,36.5431679215681,36.72239901805937,36.025389620415055,36.602909088134766,61200,1.959,0.0,0.0
2025-12-26 00:00:00-05:00,37.170474364169664,37.170474364169664,36.08513226019462,36.523250579833984,205400,0.0,0.0,0.0
2025-12-29 00:00:00-05:00,36.523255079879924,36.911587878969826,36.28427900438067,36.43363952636719,230800,0.0,0.0,0.0
2025-12-30 00:00:00-05:00,36.971328628720954,37.44927692678589,36.72239698607909,36.87175369262695,130200,0.0,0.0,0.0
2025-12-31 00:00:00-05:00,37.47915694714643,37.538901923848975,36.89167797062542,37.041038513183594,83000,0.0,0.0,0.0
2026-01-02 00:00:00-05:00,37.82765681368933,39.251542417707675,37.71513693787315,38.972740173339844,407400,0.0,0.0,0.0
2026-01-05 00:00:00-05:00,39.36107131405833,40.71028040233215,39.07828456439856,40.476287841796875,160200,0.0,0.0,0.0
2026-01-06 00:00:00-05:00,41.27287219610819,41.27287219610819,39.67970720782369,40.4265022277832,197000,0.0,0.0,0.0
2026-01-07 00:00:00-05:00,39.75936985606809,39.7892404434004,38.93291482151004,39.03248977661133,86100,0.0,0.0,0.0
2026-01-08 00:00:00-05:00,38.255813224998434,38.97273757517328,37.93718102456416,38.64414978027344,61000,0.0,0.0,0.0
2026-01-09 00:00:00-05:00,38.48483548289536,39.03248436564691,38.09649890942857,38.126373291015625,145200,0.0,0.0,0.0
2026-01-12 00:00:00-05:00,38.22594182429114,38.99265172715945,38.156241269339056,38.58440399169922,69600,0.0,0.0,0.0
2026-01-13 00:00:00-05:00,39.26150565301355,40.09791626635642,38.92295840955582,39.908729553222656,113900,0.0,0.0,0.0
2026-01-14 00:00:00-05:00,41.3226547337699,42.33829634207003,41.246979297932846,42.15906524658203,271200,0.0,0.0,0.0
2026-01-15 00:00:00-05:00,41.95992111296364,41.95992111296364,40.730198072257025,40.90445327758789,88400,0.0,0.0,0.0
2026-01-16 00:00:00-05:00,41.242995181430125,41.25295457482929,40.43645904229773,40.934322357177734,68800,0.0,0.0,0.0
2026-01-20 00:00:00-05:00,38.086541772309594,38.30560283589831,36.941454683326405,37.31983184814453,130800,0.0,0.0,0.0
2026-01-21 00:00:00-05:00,36.941460187750444,38.08654744735617,35.567360034298815,37.58868408203125,141100,0.0,0.0,0.0
2026-01-22 00:00:00-05:00,36.86180238411677,36.911587958754595,36.06522179472389,36.53321075439453,90300,0.0,0.0,0.0
2026-01-23 00:00:00-05:00,36.51329568593636,37.37958063602476,35.96564676931225,36.43363952636719,229700,0.0,0.0,0.0
2026-01-26 00:00:00-05:00,35.83620234697401,36.58797320229698,35.68684183619172,35.9556884765625,98800,0.0,0.0,0.0
2026-01-27 00:00:00-05:00,36.34402189848914,37.48910903930664,36.075175253295576,37.48910903930664,68700,0.0,0.0,0.0
2026-01-28 00:00:00-05:00,37.53889602051772,37.63846716763378,36.98128772083875,37.35966491699219,93700,0.0,0.0,0.0
2026-01-29 00:00:00-05:00,36.19466666654656,36.214581657807145,34.14347194585673,34.70107650756836,244600,0.0,0.0,0.0
2026-01-30 00:00:00-05:00,33.814874364201785,34.193251535079106,32.69468194119549,33.09795379638672,250400,0.0,0.0,0.0
2026-02-02 00:00:00-05:00,28.798158645629883,29.76474167016225,28.708475645402604,28.798158645629883,536700,0.025,0.0,0.0
2026-02-03 00:00:00-05:00,28.698508233331314,28.957592223154187,26.236217252328622,28.49921417236328,399400,0.0,0.0,0.0
2026-02-04 00:00:00-05:00,27.343304009181757,27.507721573104334,25.86851797483735,26.864994049072266,220100,0.0,0.0,0.0
2026-02-05 00:00:00-05:00,25.74894314783942,26.067815202820025,22.649901799820377,23.16806983947754,508700,0.0,0.0,0.0
2026-02-06 00:00:00-05:00,24.244262722881828,25.968165868955246,24.244262722881828,25.459962844848633,277900,0.0,0.0,0.0
2026-02-09 00:00:00-05:00,25.12116123855433,26.655735324687935,24.981655194588473,26.386686325073242,96400,0.0,0.0,0.0
2026-02-10 00:00:00-05:00,25.170985102146528,25.37027917059103,24.722570122048765,24.991619110107422,130000,0.0,0.0,0.0
2026-02-11 00:00:00-05:00,24.672749745334052,24.762432751041487,23.626448645623118,24.224334716796875,74100,0.0,0.0,0.0
2026-02-12 00:00:00-05:00,24.612961997729155,24.66278504565121,23.604527086365643,23.76595687866211,107300,0.0,0.0,0.0
2026-02-13 00:00:00-05:00,24.513312263349825,25.699119345974133,24.413664273942963,25.34038734436035,357200,0.0,0.0,0.0
2026-02-17 00:00:00-05:00,24.662783201725766,24.98663869088824,24.064897168225137,24.752466201782227,89300,0.0,0.0,0.0
2026-02-18 00:00:00-05:00,24.373803677851242,24.94877193442264,23.865602556413958,24.054931640625,109400,0.0,0.0,0.0
2026-02-19 00:00:00-05:00,23.895496957332185,24.194440934407723,23.636412937451,24.174510955810547,57100,0.0,0.0,0.0
2026-02-20 00:00:00-05:00,24.07486193682385,24.5531699989953,24.044966970202903,24.393733978271484,201800,0.0,0.0,0.0
2026-02-23 00:00:00-05:00,23.76595347665739,23.77591846494084,22.819300496628518,23.058454513549805,99000,0.0,0.0,0.0
2026-02-24 00:00:00-05:00,22.500431500218045,23.08835258362269,22.355942001615944,23.008634567260742,47100,0.0,0.0,0.0
2026-02-25 00:00:00-05:00,24.47345224914075,25.848590318305423,24.403699226910003,25.758907318115234,136500,0.0,0.0,0.0
2026-02-26 00:00:00-05:00,25.669224696780887,25.778837676548314,24.473452610348016,25.071338653564453,146200,0.0,0.0,0.0
2026-02-27 00:00:00-05:00,24.204406922760484,24.254229970682537,23.626448923350953,23.76595687866211,479900,0.0,0.0,0.0
2026-03-02 00:00:00-05:00,23.86773371861534,25.83841862867938,23.86773371861534,25.254695892333984,113700,0.032,0.0,0.0
2026-03-03 00:00:00-05:00,24.2967930539332,24.90545884522036,23.917622328363294,24.516311645507812,96200,0.0,0.0,0.0
2026-03-04 00:00:00-05:00,25.76357784040652,27.135573190881296,25.643841130146274,26.871152877807617,171700,0.0,0.0,0.0
2026-03-05 00:00:00-05:00,26.22257288357801,26.252506108691296,25.434298300463706,25.923227310180664,73600,0.0,0.0,0.0
2026-03-06 00:00:00-05:00,24.925415768675105,24.925415768675105,24.24690133152812,24.496355056762695,93800,0.0,0.0,0.0
2026-03-09 00:00:00-04:00,24.9453713761037,25.409355435953692,24.845589509963126,25.204803466796875,49300,0.0,0.0,0.0
2026-03-10 00:00:00-04:00,25.424322928115387,25.913251995596735,24.945372237910902,25.21478271484375,79900,0.0,0.0,0.0
2026-03-11 00:00:00-04:00,25.394388158576728,25.823446936362302,25.204802808181686,25.743621826171875,48200,0.0,0.0,0.0
2026-03-12 00:00:00-04:00,25.494167911411832,25.943185342066037,25.274649335970185,25.653818130493164,35000,0.0,0.0,0.0
2026-03-13 00:00:00-04:00,27.080694501409365,27.290236610193435,25.92322942418352,26.013032913208008,183300,0.0,0.0,0.0
2026-03-16 00:00:00-04:00,28.477635970027258,29.046390114789723,27.918858298698574,28.866783142089844,152500,0.0,0.0,0.0
2026-03-17 00:00:00-04:00,28.73706643777304,29.151160507119382,28.707133210809722,28.717111587524414,46500,0.0,0.0,0.0
2026-03-18 00:00:00-04:00,27.639474001108578,27.74424411077775,26.881134434738584,27.060741424560547,73100,0.0,0.0,0.0
2026-03-19 00:00:00-04:00,26.232555117071907,26.551855586436467,25.993077861867572,26.491985321044922,61300,0.0,0.0,0.0
2026-03-20 00:00:00-04:00,26.52192075835514,26.52192075835514,26.19264190764343,26.342313766479492,74500,0.0,0.0,0.0
2026-03-23 00:00:00-04:00,26.561832629096234,27.10065166827452,26.302400534980457,26.651634216308594,85900,0.0,0.0,0.0
2026-03-24 00:00:00-04:00,26.711505004504403,26.711505004504403,26.06791394507783,26.13277244567871,22300,0.0,0.0,0.0
2026-03-25 00:00:00-04:00,27.060739432287694,27.190454524730903,26.701525479089913,26.841218948364258,24600,0.0,0.0,0.0
2026-03-26 00:00:00-04:00,25.62388461950764,25.77355646033761,25.15990058070823,25.296600341796875,59900,0.0,0.0,0.0
2026-03-27 00:00:00-04:00,24.63605010363249,24.77574357885535,24.321737881200182,24.53626823425293,141200,0.0,0.0,0.0
2026-03-30 00:00:00-04:00,25.573993262107894,25.663796749085556,24.83561051609881,24.935392379760742,30500,0.0,0.0,0.0
2026-03-31 00:00:00-04:00,25.4143435799805,26.19263984921659,25.254693356011167,25.90327262878418,53000,0.0,0.0,0.0
2026-04-01 00:00:00-04:00,26.300525020386935,26.519113683925923,26.140825592333815,26.45024299621582,107100,0.008,0.0,0.0
2026-04-02 00:00:00-04:00,25.062855305838596,25.521990718611292,24.883192960399718,25.492048263549805,55200,0.0,0.0,0.0
2026-04-06 00:00:00-04:00,26.47020691714344,26.789605785514883,26.250618767312506,26.480188369750977,41400,0.0,0.0,0.0
2026-04-07 00:00:00-04:00,25.731597010662526,26.0809383392334,25.47308252375262,26.0809383392334,25500,0.0,0.0,0.0
2026-04-08 00:00:00-04:00,27.947428337340348,27.987354148773505,27.029155615819892,27.288667678833008,51300,0.0,0.0,0.0
2026-04-09 00:00:00-04:00,26.86945571036603,27.498271999363467,26.659849011521924,27.36851692199707,28600,0.0,0.0,0.0
2026-04-10 00:00:00-04:00,27.448365006547697,27.85759502343484,27.328589485225137,27.807689666748047,27400,0.0,0.0,0.0
2026-04-13 00:00:00-04:00,27.079061966408958,27.967392265601163,26.969269788488493,27.95741081237793,35300,0.0,0.0,0.0
2026-04-14 00:00:00-04:00,29.34479743263333,29.76400890611812,28.46645058063857,28.56626319885254,68200,0.0,0.0,0.0
2026-04-15 00:00:00-04:00,28.805813919865255,29.36476194723897,28.61617012523638,29.344799041748047,52200,0.0,0.0,0.0
2026-04-16 00:00:00-04:00,29.005436486809998,29.145174917737318,28.216920778706648,29.115230560302734,55600,0.0,0.0,0.0
2026-04-17 00:00:00-04:00,29.724087534101777,30.45271647275111,29.5244622806623,29.953655242919922,67200,0.0,0.0,0.0
2026-04-20 00:00:00-04:00,28.606189785638037,28.825776043280563,28.167015366585453,28.795833587646484,34200,0.0,0.0,0.0
2026-04-21 00:00:00-04:00,28.416545153940163,28.68104889484604,28.196958902708985,28.37662124633789,32300,0.0,0.0,0.0
2026-04-22 00:00:00-04:00,29.734067551067117,29.851846026079144,29.434629685370023,29.554405212402344,40500,0.0,0.0,0.0
2026-04-23 00:00:00-04:00,28.607186763663304,28.820785667988247,28.186977685452252,28.496395111083984,33500,0.0,0.0,0.0
2026-04-24 00:00:00-04:00,28.616169423278357,28.666074782014032,28.366638822065173,28.601198196411133,23700,0.0,0.0,0.0
2026-04-27 00:00:00-04:00,28.516357472285737,28.68004910885494,27.867578274636095,28.13108253479004,37900,0.0,0.0,0.0
2026-04-28 00:00:00-04:00,27.93744701614209,28.336695613517843,27.877560202477596,28.306753158569336,25700,0.0,0.0,0.0
2026-04-29 00:00:00-04:00,28.296771144198882,28.36164963491246,27.28866726597325,27.430400848388672,45500,0.0,0.0,0.0
2026-04-30 00:00:00-04:00,27.728839664962056,27.897522981893147,27.728839664962056,27.799705505371094,20300,0.0,0.0,0.0
2026-05-01 00:00:00-04:00,28.420052879101952,28.64981031239667,28.3701043683808,28.385089874267578,11400,0.023,0.0,0.0
2026-05-04 00:00:00-04:00,28.789663114150912,29.288138404252166,28.7297268049975,28.99944305419922,22600,0.0,0.0,0.0
2026-05-05 00:00:00-04:00,29.478937060607862,29.51190136346261,29.079358494445042,29.189241409301758,26500,0.0,0.0,0.0
2026-05-06 00:00:00-04:00,29.35906352620793,29.35906352620793,28.820631318731575,28.929515838623047,29400,0.0,0.0,0.0
2026-05-07 00:00:00-04:00,28.529936863069906,28.529936863069906,28.120368586484865,28.20328140258789,25300,0.0,0.0,0.0
2026-05-08 00:00:00-04:00,27.920580130986874,28.548917745597127,27.920580130986874,28.46200942993164,29400,0.0,0.0,0.0
2026-05-11 00:00:00-04:00,28.579886121094507,28.819633271787126,28.320159564842257,28.75969696044922,24900,0.0,0.0,0.0
2026-05-12 00:00:00-04:00,28.08041176735218,28.08041176735218,27.7207900969262,28.04045295715332,21400,0.0,0.0,0.0
2026-05-13 00:00:00-04:00,28.000494899542456,28.05443700468105,27.47105211824984,27.720788955688477,24900,0.0,0.0,0.0
2026-05-14 00:00:00-04:00,27.770736573034664,28.4700005054811,27.600915441174298,28.27021026611328,18900,0.0,0.0,0.0
2026-05-15 00:00:00-04:00,27.590927889459,27.620895091892105,27.141400799552923,27.271263122558594,44500,0.0,0.0,0.0
2026-05-18 00:00:00-04:00,26.262328463514816,26.262328463514816,25.523105699472644,26.082517623901367,39800,0.0,0.0,0.0
2026-05-19 00:00:00-04:00,25.822790431196225,26.052547873780142,25.75386281735286,25.902706146240234,18600,0.0,0.0,0.0
2026-05-20 00:00:00-04:00,26.092506834977122,26.332253981496642,25.97263230904689,26.212379455566406,23800,0.0,0.0,0.0
2026-05-21 00:00:00-04:00,25.972632450952364,26.372211030668055,25.867743431028426,26.252338409423828,17900,0.0,0.0,0.0
2026-05-22 00:00:00-04:00,26.082516814836275,26.097500415892284,25.28335776415942,25.32331657409668,30000,0.0,0.0,0.0
2026-05-26 00:00:00-04:00,25.892715560650547,26.22236811213229,25.22342075547963,25.39324188232422,63800,0.0,0.0,0.0
2026-05-27 00:00:00-04:00,25.27336755817112,25.433198984054094,25.053599823917253,25.183462142944336,43800,0.0,0.0,0.0
2026-05-28 00:00:00-04:00,24.26443250535266,24.803863093786017,24.128574077937465,24.683988571166992,50100,0.0,0.0,0.0
2026-05-29 00:00:00-04:00,24.414275139488996,25.04860697102704,24.264433409636606,24.674001693725586,42100,0.0,0.0,0.0
2026-06-01 00:00:00-04:00,24.18000030517578,24.56999969482422,23.959999084472656,24.523000717163086,31200,0.026,0.0,0.0
2026-06-02 00:00:00-04:00,24.200000762939453,24.23900032043457,23.09000015258789,23.40999984741211,40200,0.0,0.0,0.0
2026-06-03 00:00:00-04:00,22.850000381469727,22.899999618530273,21.979999542236328,22.100000381469727,54500,0.0,0.0,0.0
2026-06-04 00:00:00-04:00,21.559999465942383,21.90999984741211,21.489999771118164,21.780000686645508,43700,0.0,0.0,0.0
2026-06-05 00:00:00-04:00,20.40999984741211,20.5049991607666,18.899999618530273,19.309999465942383,151900,0.0,0.0,0.0
2026-06-08 00:00:00-04:00,20.65999984741211,20.829999923706055,20.520000457763672,20.628999710083008,97000,0.0,0.0,0.0
2026-06-09 00:00:00-04:00,20.43000030517578,20.469999313354492,19.774999618530273,20.260000228881836,45100,0.0,0.0,0.0
2026-06-10 00:00:00-04:00,20.059999465942383,20.229999542236328,19.860000610351562,19.954999923706055,10500,0.0,0.0,0.0
2026-06-11 00:00:00-04:00,20.229999542236328,20.68000030517578,20.0049991607666,20.540000915527344,17700,0.0,0.0,0.0
2026-06-12 00:00:00-04:00,20.309999465942383,20.645000457763672,20.299999237060547,20.3799991607666,43200,0.0,0.0,0.0
2026-06-15 00:00:00-04:00,22.239999771118164,22.6299991607666,22.1200008392334,22.260000228881836,31400,0.0,0.0,0.0
2026-06-16 00:00:00-04:00,22.049999237060547,22.049999237060547,21.68000030517578,21.979999542236328,18500,0.0,0.0,0.0
2026-06-17 00:00:00-04:00,21.610000610351562,21.850000381469727,21.172000885009766,21.229999542236328,16500,0.0,0.0,0.0
2026-06-18 00:00:00-04:00,21.420000076293945,21.420000076293945,20.51099967956543,20.864999771118164,15200,0.0,0.0,0.0
2026-06-22 00:00:00-04:00,21.559999465942383,21.700000762939453,21.15999984741211,21.191999435424805,10200,0.0,0.0,0.0
2026-06-23 00:00:00-04:00,20.149999618530273,20.420000076293945,20.1200008392334,20.309999465942383,20700,0.0,0.0,0.0
2026-06-24 00:00:00-04:00,20.170000076293945,20.290000915527344,18.950000762939453,19.360000610351562,34500,0.0,0.0,0.0
2026-06-25 00:00:00-04:00,19.739999771118164,19.739999771118164,18.75,18.989999771118164,28900,0.0,0.0,0.0
2026-06-26 00:00:00-04:00,,,,,29865,0.0,0.0,0.0
