Date,Open,High,Low,Close,Volume,Dividends,Stock Splits,Capital Gains
2020-05-21 00:00:00-04:00,29.81729085964523,29.876891047634064,29.715973950336267,29.76067352294922,6200,0.0,0.0,0.0
2020-05-22 00:00:00-04:00,29.75770668718341,29.859023643280214,29.733866600978605,29.855449676513672,9500,0.0,0.0,0.0
2020-05-26 00:00:00-04:00,30.0974223571121,30.157020303858424,29.9412727355957,29.941272735595703,5600,0.0,0.0,0.0
2020-05-27 00:00:00-04:00,30.228533545510818,30.228533545510818,30.037817432010435,30.173105239868164,352100,0.0,0.0,0.0
2020-05-28 00:00:00-04:00,30.431179134007657,33.53627923513177,30.34773881915863,30.478857040405273,53300,0.0,0.0,0.0
2020-05-29 00:00:00-04:00,30.413296733019422,31.599315016268367,30.34177873947917,30.51103973388672,55300,0.0,0.0,0.0
2020-06-01 00:00:00-04:00,30.574207262007306,30.574207262007306,30.49553680419922,30.49553680419922,10500,0.0,0.0,0.0
2020-06-02 00:00:00-04:00,30.47885052005474,30.556329659081356,30.466930477626367,30.530702590942383,11000,0.0,0.0,0.0
2020-06-03 00:00:00-04:00,30.633808936074058,30.741087044896947,30.58076554275937,30.65705108642578,10000,0.0,0.0,0.0
2020-06-04 00:00:00-04:00,30.58017131810435,30.59089776538111,30.449053118158336,30.480043411254883,4800,0.0,0.0,0.0
2020-06-05 00:00:00-04:00,31.039082320400706,31.039082320400706,30.645132064819336,30.645132064819336,7100,0.0,0.0,0.0
2020-06-08 00:00:00-04:00,30.589707759870134,30.591494743321267,30.463955051665195,30.590303421020508,21700,0.0,0.0,0.0
2020-06-09 00:00:00-04:00,30.568254973086592,30.568254973086592,30.42879295349121,30.42879295349121,11800,0.0,0.0,0.0
2020-06-10 00:00:00-04:00,30.466932017605167,30.573614470243193,30.457992553710938,30.457992553710938,4200,0.0,0.0,0.0
2020-06-11 00:00:00-04:00,30.657649162720674,30.657649162720674,29.87094448505361,29.878692626953125,4400,0.0,0.0,0.0
2020-06-12 00:00:00-04:00,29.802399549590376,29.82921793537706,29.50142478139791,29.757699966430664,3700,0.0,0.0,0.0
2020-06-15 00:00:00-04:00,29.55447305117257,29.978219985961918,29.55447305117257,29.978219985961914,4400,0.0,0.0,0.0
2020-06-16 00:00:00-04:00,30.270249048155748,30.270249048155748,30.185617446899414,30.185617446899414,400,0.0,0.0,0.0
2020-06-17 00:00:00-04:00,30.227944793985223,30.311978489697506,30.175497055053707,30.17549705505371,10200,0.0,0.0,0.0
2020-06-18 00:00:00-04:00,30.246421473241284,30.28218160773455,30.168346657383104,30.211854934692383,6200,0.0,0.0,0.0
2020-06-19 00:00:00-04:00,30.282174297165337,30.365612317323695,30.15105610919333,30.189794540405273,5000,0.0,0.0,0.0
2020-06-22 00:00:00-04:00,30.282175189205002,30.317933042603045,30.16893592406959,30.276809692382812,10400,0.0,0.0,0.0
2020-06-23 00:00:00-04:00,30.383483951833902,30.383483951833902,30.28097343444824,30.280973434448242,800,0.0,0.0,0.0
2020-06-24 00:00:00-04:00,29.978215851282414,29.978215851282414,29.953780108799393,29.965700149536133,1700,0.0,0.0,0.0
2020-06-25 00:00:00-04:00,29.828620292421082,30.04377211947297,29.828620292421082,30.006820678710938,4100,0.0,0.0,0.0
2020-06-26 00:00:00-04:00,29.99610042475731,29.99610042475731,29.543147919849332,29.623607635498047,7100,0.0,0.0,0.0
2020-06-29 00:00:00-04:00,29.674264967634656,29.924579021099916,29.674264967634656,29.90312385559082,9900,0.0,0.0,0.0
2020-06-30 00:00:00-04:00,30.0199405706007,30.357271194458008,30.0199405706007,30.357271194458008,18400,0.0,0.0,0.0
2020-07-01 00:00:00-04:00,30.48245100528593,30.584760199752907,30.4216656058177,30.5366153717041,11100,0.494,0.0,0.0
2020-07-02 00:00:00-04:00,30.915760892274808,30.915760892274808,30.594989776611328,30.594989776611328,3000,0.0,0.0,0.0
2020-07-06 00:00:00-04:00,31.120388434530916,31.120388434530916,30.83151254075282,30.92178726196289,119800,0.0,0.0,0.0
2020-07-07 00:00:00-04:00,30.86761463236743,30.89770543279536,30.730999597571927,30.777339935302734,26900,0.0,0.0,0.0
2020-07-08 00:00:00-04:00,30.861610070260394,30.891703181071772,30.663008854441063,30.808650970458984,27000,0.0,0.0,0.0
2020-07-09 00:00:00-04:00,30.933820217508977,30.933820217508977,30.404213329879084,30.650360107421875,36600,0.0,0.0,0.0
2020-07-10 00:00:00-04:00,30.693095883279288,30.879662586698295,30.59078666564359,30.85077476501465,22500,0.0,0.0,0.0
2020-07-13 00:00:00-04:00,30.93982687974998,31.20462908512071,30.783353371071925,30.81645393371582,22000,0.0,0.0,0.0
2020-07-14 00:00:00-04:00,30.735209259257978,31.10834019769278,30.717155239976183,31.09811019897461,23600,0.0,0.0,0.0
2020-07-15 00:00:00-04:00,31.541652992462502,31.541652992462502,31.20463011432716,31.234119415283203,27600,0.0,0.0,0.0
2020-07-16 00:00:00-04:00,31.237737736700808,31.325002670288086,31.216673945543953,31.325002670288086,26200,0.0,0.0,0.0
2020-07-17 00:00:00-04:00,31.475448055030114,31.553685950369506,31.394202687555545,31.527206420898438,13100,0.0,0.0,0.0
2020-07-20 00:00:00-04:00,31.613881102865584,31.613881102865584,31.48749834553634,31.553699493408203,32000,0.0,0.0,0.0
2020-07-21 00:00:00-04:00,32.76938154761134,33.501200728566594,31.535640386357358,31.642162322998047,302400,0.0,0.0,0.0
2020-07-22 00:00:00-04:00,31.716188930469453,31.83655443126251,31.66804181183984,31.806461334228516,11300,0.0,0.0,0.0
2020-07-23 00:00:00-04:00,31.890728780024492,31.99303799548426,31.6981425409689,31.787214279174805,71300,0.0,0.0,0.0
2020-07-24 00:00:00-04:00,31.782385309416558,31.866038964089636,31.63192902991014,31.749284744262695,56200,0.0,0.0,0.0
2020-07-27 00:00:00-04:00,31.842560259608245,31.86663381029417,31.79140568623577,31.84857749938965,33000,0.0,0.0,0.0
2020-07-28 00:00:00-04:00,31.956916385624638,32.03515430244539,31.86664398539843,31.897937774658203,55400,0.0,0.0,0.0
2020-07-29 00:00:00-04:00,32.05923739193575,32.13747533201642,31.89674426828279,32.045997619628906,121800,0.0,0.0,0.0
2020-07-30 00:00:00-04:00,31.88469321838634,32.02853075665025,31.854602422829462,31.968948364257812,37700,0.0,0.0,0.0
2020-07-31 00:00:00-04:00,31.96895657006977,32.02914047241211,31.717394056887848,32.02914047241211,38700,0.0,0.0,0.0
2020-08-03 00:00:00-04:00,32.222784660735165,32.222784660735165,32.05335103875297,32.1259651184082,44400,0.29,0.0,0.0
2020-08-04 00:00:00-04:00,32.083592682049826,32.15015652110727,32.05938722996367,32.14410400390625,42000,0.0,0.0,0.0
2020-08-05 00:00:00-04:00,32.08360931369274,32.21068454048043,32.08360931369274,32.15017318725586,52000,0.0,0.0,0.0
2020-08-06 00:00:00-04:00,32.07150026979557,32.204627990722656,32.07150026979557,32.204627990722656,24400,0.0,0.0,0.0
2020-08-07 00:00:00-04:00,32.21068037137126,32.368013562767366,32.14109255500595,32.3631706237793,18900,0.0,0.0,0.0
2020-08-10 00:00:00-04:00,32.51323961296455,32.51323961296455,32.37950710143207,32.452728271484375,51000,0.0,0.0,0.0
2020-08-11 00:00:00-04:00,32.44604909214514,32.44604909214514,32.25301494973408,32.30747604370117,43400,0.0,0.0,0.0
2020-08-12 00:00:00-04:00,32.39221331856954,32.52534103450211,32.39221331856954,32.48298263549805,33000,0.0,0.0,0.0
2020-08-13 00:00:00-04:00,32.48298896230715,32.50719442598393,32.39221962769923,32.47088623046875,12700,0.0,0.0,0.0
2020-08-14 00:00:00-04:00,32.54954649289734,32.579802162419774,32.495085364413114,32.52534103393555,11300,0.0,0.0,0.0
2020-08-17 00:00:00-04:00,32.64031239667725,32.70082604203352,32.52533993303967,32.670570373535156,21300,0.0,0.0,0.0
2020-08-18 00:00:00-04:00,32.749257517061466,32.749257517061466,32.62823245020297,32.63428497314453,50500,0.0,0.0,0.0
2020-08-19 00:00:00-04:00,32.66574384501728,32.68087284104636,32.56771469116211,32.56771469116211,32000,0.0,0.0,0.0
2020-08-20 00:00:00-04:00,32.56165805491516,32.59796394484642,32.467862453085516,32.56468200683594,12800,0.0,0.0,0.0
2020-08-21 00:00:00-04:00,32.57375586248977,32.61611426657842,32.51324220782033,32.60401153564453,12300,0.0,0.0,0.0
2020-08-24 00:00:00-04:00,32.63425958506943,32.7310791015625,32.63425958506943,32.7310791015625,28000,0.0,0.0,0.0
2020-08-25 00:00:00-04:00,32.71897898232867,32.77344010897098,32.64636491625877,32.712928771972656,28000,0.0,0.0,0.0
2020-08-26 00:00:00-04:00,32.71898018605135,32.80369698430953,32.676621786922254,32.773441314697266,20600,0.0,0.0,0.0
2020-08-27 00:00:00-04:00,32.72504785815187,32.827312853636855,32.68873965278905,32.73714828491211,21100,0.0,0.0,0.0
2020-08-28 00:00:00-04:00,32.682664271635154,32.700819515798486,32.61610273756653,32.694766998291016,36300,0.0,0.0,0.0
2020-08-31 00:00:00-04:00,32.76919524187563,32.797636531940775,32.7008170343998,32.79158401489258,27800,0.0,0.0,0.0
2020-09-01 00:00:00-04:00,32.799525850228676,32.799525850228676,32.582896703021234,32.6341552734375,23100,0.453,0.0,0.0
2020-09-02 00:00:00-04:00,32.63477377760925,32.93378451179566,32.628672562871316,32.92768096923828,58600,0.0,0.0,0.0
2020-09-03 00:00:00-04:00,32.80502355248511,32.90326916488298,32.65612924835514,32.7189826965332,27800,0.0,0.0,0.0
2020-09-04 00:00:00-04:00,32.646970557669825,32.646970557669825,32.122177761301124,32.31134796142578,60200,0.0,0.0,0.0
2020-09-08 00:00:00-04:00,32.23201832446976,32.36016475343515,32.14048383074084,32.14658737182617,29800,0.0,0.0,0.0
2020-09-09 00:00:00-04:00,32.47000114150691,32.75009358445964,32.40409826965729,32.58594512939453,12800,0.0,0.0,0.0
2020-09-10 00:00:00-04:00,32.59815002126702,32.659173789988635,32.22591550724956,32.26863098144531,7200,0.0,0.0,0.0
2020-09-11 00:00:00-04:00,32.36626819192527,32.38152238895249,32.12828130236711,32.31134796142578,40900,0.0,0.0,0.0
2020-09-14 00:00:00-04:00,32.57986289453823,32.731809023965724,32.433410420554694,32.64698791503906,59400,0.0,0.0,0.0
2020-09-15 00:00:00-04:00,32.793423495564284,32.8782445547746,32.69578779419598,32.75680923461914,30700,0.0,0.0,0.0
2020-09-16 00:00:00-04:00,32.89107073837919,32.945990985159,32.701900482177734,32.701900482177734,58200,0.0,0.0,0.0
2020-09-17 00:00:00-04:00,32.43339307497302,32.6164597334573,32.286938351494285,32.47610855102539,65400,0.0,0.0,0.0
2020-09-18 00:00:00-04:00,32.518822607367774,32.5432321148517,32.158180630831225,32.317447662353516,36600,0.0,0.0,0.0
2020-09-21 00:00:00-04:00,32.12218599693643,32.12218599693643,31.605326274747288,31.99403953552246,54900,0.0,0.0,0.0
2020-09-22 00:00:00-04:00,32.08555676838997,32.2808281266364,31.98181754992381,32.26251983642578,30000,0.0,0.0,0.0
2020-09-23 00:00:00-04:00,32.317454968536104,32.360170452380515,31.719435866895026,31.74994659423828,25200,0.0,0.0,0.0
2020-09-24 00:00:00-04:00,31.457032595927522,32.00562499169413,31.457032595927522,31.774349212646484,28400,0.0,0.0,0.0
2020-09-25 00:00:00-04:00,31.7072262801183,32.164894104003906,31.679157439478992,32.164894104003906,10900,0.0,0.0,0.0
2020-09-28 00:00:00-04:00,32.628666736802025,32.65917746068268,32.43339531058304,32.543235778808594,18700,0.0,0.0,0.0
2020-09-29 00:00:00-04:00,32.54321901561254,32.597527005349,32.366253649314,32.390663146972656,44700,0.0,0.0,0.0
2020-09-30 00:00:00-04:00,32.37847507647026,32.69579172603087,32.37847507647026,32.543235778808594,19700,0.0,0.0,0.0
2020-10-01 00:00:00-04:00,32.68166644701379,32.68166644701379,32.459563965475134,32.53585433959961,16400,0.435,0.0,0.0
2020-10-02 00:00:00-04:00,32.10333094253715,32.57706761131674,32.10333094253715,32.46632385253906,17800,0.0,0.0,0.0
2020-10-05 00:00:00-04:00,32.743185398471155,32.853929164517126,32.58937487306979,32.79855728149414,14700,0.0,0.0,0.0
2020-10-06 00:00:00-04:00,32.8970017313736,32.9456049835228,32.527854997065255,32.558616638183594,46500,0.0,0.0,0.0
2020-10-07 00:00:00-04:00,32.786253072087284,32.99543548634479,32.786253072087284,32.943138122558594,17700,0.0,0.0,0.0
2020-10-08 00:00:00-04:00,33.14924403561368,33.14924403561368,33.020041414701154,33.1246337890625,20400,0.0,0.0,0.0
2020-10-09 00:00:00-04:00,33.40764570365233,33.40764570365233,33.24091515016551,33.30551528930664,16300,0.0,0.0,0.0
2020-10-12 00:00:00-04:00,33.40765076374265,33.54238989361838,33.36458399779213,33.465484619140625,77500,0.0,0.0,0.0
2020-10-13 00:00:00-04:00,33.450710755791,33.462400974742465,33.28459511492261,33.383033752441406,19100,0.0,0.0,0.0
2020-10-14 00:00:00-04:00,33.315367089579176,33.49993928584198,33.315367089579176,33.3707389831543,20800,0.0,0.0,0.0
2020-10-15 00:00:00-04:00,33.25937461799071,33.339971659785384,33.14309435720281,33.30182647705078,17400,0.0,0.0,0.0
2020-10-16 00:00:00-04:00,33.41379734004263,33.51223597640207,33.39780044555664,33.39780044555664,44300,0.0,0.0,0.0
2020-10-19 00:00:00-04:00,33.51162489362257,33.51162489362257,33.11848520745663,33.14309310913086,33600,0.0,0.0,0.0
2020-10-20 00:00:00-04:00,33.40150424832521,33.40150424832521,33.137564782084425,33.19232177734375,26400,0.0,0.0,0.0
2020-10-21 00:00:00-04:00,33.28397521688112,33.28397521688112,33.03234100341797,33.03234100341797,11100,0.0,0.0,0.0
2020-10-22 00:00:00-04:00,32.91545138730209,33.16770054704592,32.91545138730209,33.1246337890625,68400,0.0,0.0,0.0
2020-10-23 00:00:00-04:00,33.24768046026992,33.25998558272588,33.11540332757103,33.21261215209961,21700,0.0,0.0,0.0
2020-10-26 00:00:00-04:00,33.05081123055059,33.16155501261726,32.86008530655519,33.001590728759766,51700,0.0,0.0,0.0
2020-10-27 00:00:00-04:00,32.970831528932145,33.007746908007526,32.78010559082031,32.78010559082031,20900,0.0,0.0,0.0
2020-10-28 00:00:00-04:00,32.33097973203013,32.53277864530955,32.17716916970176,32.18332290649414,43600,0.0,0.0,0.0
2020-10-29 00:00:00-04:00,31.99258792331593,32.44786809181113,31.851082527598273,32.269447326660156,48700,0.0,0.0,0.0
2020-10-30 00:00:00-04:00,32.07256562860149,32.20791727060559,31.808011384874373,32.078102111816406,19700,0.0,0.0,0.0
2020-11-02 00:00:00-05:00,32.57895948102846,32.65849511140856,32.31176584308052,32.50439453125,13000,0.515,0.0,0.0
2020-11-03 00:00:00-05:00,32.93313175508825,33.24382167730606,32.84613895612742,33.00148391723633,35400,0.0,0.0,0.0
2020-11-04 00:00:00-05:00,33.39916949947716,33.86520442272568,33.39916949947716,33.46752166748047,139000,0.0,0.0,0.0
2020-11-05 00:00:00-05:00,34.07026914622759,34.07026914622759,33.75957912244092,33.82668685913086,22600,0.0,0.0,0.0
2020-11-06 00:00:00-05:00,33.79063891796719,33.95841177189837,33.79063891796719,33.83786392211914,24300,0.0,0.0,0.0
2020-11-09 00:00:00-05:00,34.20693799682219,34.728896825797996,33.90867614746094,33.90867614746094,24400,0.0,0.0,0.0
2020-11-10 00:00:00-05:00,33.9646112464811,34.157239789457634,33.809266335479926,34.09510040283203,125200,0.0,0.0,0.0
2020-11-11 00:00:00-05:00,34.374726148411405,34.374726148411405,34.14481631419401,34.23802185058594,32300,0.0,0.0,0.0
2020-11-12 00:00:00-05:00,34.23803369276334,34.250461575989235,34.02428026425649,34.1150016784668,26900,0.0,0.0,0.0
2020-11-13 00:00:00-05:00,34.32501319955624,34.430646603170395,34.20694954801657,34.39957809448242,14700,0.0,0.0,0.0
2020-11-16 00:00:00-05:00,34.74757185930711,34.74757185930711,34.374744771008395,34.467952728271484,126500,0.0,0.0,0.0
2020-11-17 00:00:00-05:00,34.486582596836605,34.486582596836605,34.281526103074896,34.3896484375,32900,0.0,0.0,0.0
2020-11-18 00:00:00-05:00,34.56737657229775,34.56737657229775,34.2753271587881,34.28153991699219,37700,0.0,0.0,0.0
2020-11-19 00:00:00-05:00,34.35609014256414,34.35609014256414,34.20074519061228,34.34366226196289,31000,0.0,0.0,0.0
2020-11-20 00:00:00-05:00,34.37161076006955,34.38652515953677,34.231801302126875,34.26908493041992,32900,0.0,0.0,0.0
2020-11-23 00:00:00-05:00,34.49900721391475,34.49900721391475,34.23802646204018,34.34366226196289,35100,0.0,0.0,0.0
2020-11-24 00:00:00-05:00,34.43065700072482,34.53007768077508,34.393996765699725,34.492794036865234,97400,0.0,0.0,0.0
2020-11-25 00:00:00-05:00,34.52385931462345,34.52385931462345,34.374727133596465,34.393367767333984,24500,0.0,0.0,0.0
2020-11-27 00:00:00-05:00,34.5922147169155,34.5922147169155,34.41512155650172,34.492794036865234,37800,0.0,0.0,0.0
2020-11-30 00:00:00-05:00,34.57978399266454,34.57978399266454,34.29394750653438,34.40579605102539,96200,0.0,0.0,0.0
2020-12-01 00:00:00-05:00,34.66915178661425,34.66915178661425,34.52493241767581,34.56255340576172,65800,0.5,0.0,0.0
2020-12-02 00:00:00-05:00,34.49359538540634,34.53749054640741,34.37195141980721,34.459110260009766,98600,0.0,0.0,0.0
2020-12-03 00:00:00-05:00,34.51866985598078,34.51866985598078,34.330557689501994,34.33118438720703,41400,0.0,0.0,0.0
2020-12-04 00:00:00-05:00,34.33054999462225,34.49357986450195,34.230223368855796,34.49357986450195,78700,0.0,0.0,0.0
2020-12-07 00:00:00-05:00,34.386988744748905,34.53120814022979,34.368178247244025,34.43088150024414,52700,0.0,0.0,0.0
2020-12-08 00:00:00-05:00,34.512408978738456,34.56884288176526,34.39954117268485,34.531219482421875,58600,0.0,0.0,0.0
2020-12-09 00:00:00-05:00,34.65034763040965,34.65034763040965,34.40392148525109,34.49985885620117,31200,0.0,0.0,0.0
2020-12-10 00:00:00-05:00,34.5186684901768,34.5186684901768,34.31801520160857,34.361907958984375,25500,0.0,0.0,0.0
2020-12-11 00:00:00-05:00,34.37445426936192,34.43088816477583,34.28039697968,34.39326477050781,22800,0.0,0.0,0.0
2020-12-14 00:00:00-05:00,34.756930730630735,34.756930730630735,34.39951705932617,34.39951705932617,47000,0.0,0.0,0.0
2020-12-15 00:00:00-05:00,34.49357770661785,34.73812608410184,34.49357770661785,34.68796157836914,26500,0.0,0.0,0.0
2020-12-16 00:00:00-05:00,34.775756546067356,34.81337993561736,34.618996010906244,34.68170166015625,22200,0.0,0.0,0.0
2020-12-17 00:00:00-05:00,34.91996405683287,34.95131806676594,34.82590920295902,34.901153564453125,24700,0.0,0.0,0.0
2020-12-18 00:00:00-05:00,34.976410138840485,34.98268189980709,34.75130367323922,34.95759963989258,73700,0.0,0.0,0.0
2020-12-21 00:00:00-05:00,34.694233035705885,34.844721767644046,34.51865965914433,34.807098388671875,35700,0.0,0.0,0.0
2020-12-22 00:00:00-05:00,34.86353256448303,34.86353256448303,34.64406883184067,34.68796157836914,27700,0.0,0.0,0.0
2020-12-23 00:00:00-05:00,34.74442696580207,34.90432348288797,34.725616455078125,34.725616455078125,49100,0.0,0.0,0.0
2020-12-24 00:00:00-05:00,34.850984821095544,34.86540603637695,34.73811710434839,34.86540603637695,10500,0.0,0.0,0.0
2020-12-28 00:00:00-05:00,35.183331882099736,35.183331882099736,35.01089435139516,35.032840728759766,34100,0.0,0.0,0.0
2020-12-29 00:00:00-05:00,35.170778647350815,35.20213026251232,34.97200553222749,35.05791091918945,39000,0.0,0.0,0.0
2020-12-30 00:00:00-05:00,35.1928126471963,35.1928126471963,35.02185051672323,35.047176361083984,57600,0.543,0.0,0.0
2020-12-31 00:00:00-05:00,35.135801551181764,35.30043029785156,35.00916275312506,35.30043029785156,33000,0.0,0.0,0.0
2021-01-04 00:00:00-05:00,35.29412026205114,35.29412026205114,34.74324152790063,34.91420364379883,66000,0.0,0.0,0.0
2021-01-05 00:00:00-05:00,34.98383578146019,35.002197912681545,34.76221968838483,34.9585075378418,53900,0.0,0.0,0.0
2021-01-06 00:00:00-05:00,35.0154974802207,35.31309832626559,34.888858668152594,35.15480041503906,78100,0.0,0.0,0.0
2021-01-07 00:00:00-05:00,35.31310451501651,35.31310451501651,35.13581159631059,35.21875762939453,98200,0.0,0.0,0.0
2021-01-08 00:00:00-05:00,35.23712039164232,35.344761825267426,35.19279716421614,35.31310272216797,44000,0.0,0.0,0.0
2021-01-11 00:00:00-05:00,35.186463894335404,35.40744718756522,35.186463894335404,35.31310272216797,33300,0.0,0.0,0.0
2021-01-12 00:00:00-05:00,35.24027896352803,35.27827133041954,35.142135035017866,35.238380432128906,91800,0.0,0.0,0.0
2021-01-13 00:00:00-05:00,35.36375500048257,35.40744538177942,35.261811582601474,35.35109329223633,68600,0.0,0.0,0.0
2021-01-14 00:00:00-05:00,35.45873004927095,35.45873004927095,35.23394731827501,35.23711395263672,34800,0.0,0.0,0.0
2021-01-15 00:00:00-05:00,35.24977381245522,35.344753514856286,35.142132404139225,35.30043029785156,43200,0.0,0.0,0.0
2021-01-19 00:00:00-05:00,35.45239596651937,35.465057671944244,35.36374712050666,35.395408630371094,64100,0.0,0.0,0.0
2021-01-20 00:00:00-05:00,35.57903821840689,35.715174520824455,35.509389165334554,35.7056770324707,47600,0.0,0.0,0.0
2021-01-21 00:00:00-05:00,35.7373416099954,35.7373416099954,35.56637954711914,35.56637954711914,50500,0.0,0.0,0.0
2021-01-22 00:00:00-05:00,35.63602633055957,35.64552381911763,35.503056659877664,35.57270812988281,66000,0.0,0.0,0.0
2021-01-25 00:00:00-05:00,35.66134594494165,35.84497206406467,35.57903037163927,35.74999237060547,1188600,0.0,0.0,0.0
2021-01-26 00:00:00-05:00,35.93364244147929,35.93364244147929,35.67403384380585,35.71835708618164,708600,0.0,0.0,0.0
2021-01-27 00:00:00-05:00,35.680356236019065,35.680356236019065,35.01550534266768,35.1104850769043,505800,0.0,0.0,0.0
2021-01-28 00:00:00-05:00,35.27510390324014,35.49672241530865,35.1421342452596,35.23711395263672,631600,0.0,0.0,0.0
2021-01-29 00:00:00-05:00,35.21177868205212,35.21177868205212,34.61657714340613,34.73688507080078,320500,0.0,0.0,0.0
2021-02-01 00:00:00-05:00,35.120553924772004,35.152365534864614,34.80879432089577,35.037841796875,182500,0.263,0.0,0.0
2021-02-02 00:00:00-05:00,35.381406282802594,35.59136481114484,35.22743540091438,35.406856536865234,187300,0.0,0.0,0.0
2021-02-03 00:00:00-05:00,35.55319998465571,35.55319998465571,35.22680756154433,35.298702239990234,232900,0.0,0.0,0.0
2021-02-04 00:00:00-05:00,35.31779694430852,35.585019881131075,35.31779694430852,35.546844482421875,161700,0.0,0.0,0.0
2021-02-05 00:00:00-05:00,35.71861677437326,35.737703253052516,35.61681817630051,35.62954330444336,186500,0.0,0.0,0.0
2021-02-08 00:00:00-05:00,35.788610726495406,35.788610726495406,35.591374842524004,35.616825103759766,183100,0.0,0.0,0.0
2021-02-09 00:00:00-05:00,35.71224991354611,35.724975039725514,35.61363079242318,35.69316101074219,169900,0.0,0.0,0.0
2021-02-10 00:00:00-05:00,35.78860744771511,35.78860744771511,35.59773536007468,35.6740837097168,125300,0.0,0.0,0.0
2021-02-11 00:00:00-05:00,35.75043447969592,35.75043447969592,35.56592615782528,35.64863586425781,159900,0.0,0.0,0.0
2021-02-12 00:00:00-05:00,35.648640377108734,35.67409064095768,35.565930660205765,35.6613655090332,99300,0.0,0.0,0.0
2021-02-16 00:00:00-05:00,35.69316370130865,35.740882321311034,35.57227863409646,35.57863998413086,155700,0.0,0.0,0.0
2021-02-17 00:00:00-05:00,35.59773365274834,35.712257385253906,35.51820341779004,35.712257385253906,110600,0.0,0.0,0.0
2021-02-18 00:00:00-05:00,35.67406282286766,35.78858649381337,35.57735383731044,35.75677490234375,218000,0.0,0.0,0.0
2021-02-19 00:00:00-05:00,35.9412914634263,35.9412914634263,35.56590879715687,35.58499526977539,161100,0.0,0.0,0.0
2021-02-22 00:00:00-05:00,35.53409660201981,35.54046037793297,35.40048643267585,35.50228500366211,142300,0.0,0.0,0.0
2021-02-23 00:00:00-05:00,35.464122641803755,35.62318310813804,35.305062175469466,35.53410720825195,183400,0.0,0.0,0.0
2021-02-24 00:00:00-05:00,35.66135858026473,35.73770692990685,35.40686327243426,35.6740837097168,147000,0.0,0.0,0.0
2021-02-25 00:00:00-05:00,35.565916558983886,35.6995267506108,35.247795668213264,35.305057525634766,222600,0.0,0.0,0.0
2021-02-26 00:00:00-05:00,35.502288207981856,35.502288207981856,34.96784505529957,34.97420883178711,1460500,0.0,0.0,0.0
2021-03-01 00:00:00-05:00,35.44843563227683,35.736426664147395,35.40555862220823,35.54955291748047,221300,0.321,0.0,0.0
2021-03-02 00:00:00-05:00,35.68523045250913,35.70443148394891,35.44204017331746,35.518836975097656,1939800,0.0,0.0,0.0
2021-03-03 00:00:00-05:00,35.582832816927414,35.582832816927414,35.14124816851195,35.192447662353516,182200,0.0,0.0,0.0
2021-03-04 00:00:00-05:00,35.13485397579438,35.33324593665635,34.53327205233795,34.84046173095703,246700,0.0,0.0,0.0
2021-03-05 00:00:00-05:00,35.14125001680506,35.570037255638915,34.76046169564068,35.486839294433594,162900,0.0,0.0,0.0
2021-03-08 00:00:00-05:00,35.621233329344065,36.037220682582245,35.48683831663375,35.634033203125,339900,0.0,0.0,0.0
2021-03-09 00:00:00-05:00,35.960411834475494,36.09480925261308,35.8388167280255,35.87721633911133,186900,0.0,0.0,0.0
2021-03-10 00:00:00-05:00,36.08202889016582,36.24842241218122,35.90923420884581,36.126827239990234,1115200,0.0,0.0,0.0
2021-03-11 00:00:00-05:00,36.40840775275953,36.40840775275953,36.18825626817773,36.25481414794922,285200,0.0,0.0,0.0
2021-03-12 00:00:00-05:00,36.38920514943175,36.38920514943175,36.19081078699415,36.3700065612793,189200,0.0,0.0,0.0
2021-03-15 00:00:00-04:00,36.45960460816718,36.542800120861756,36.30600857315401,36.52360153198242,172000,0.0,0.0,0.0
2021-03-16 00:00:00-04:00,36.65160007708879,36.65160007708879,36.52360378025314,36.58760070800781,1059000,0.0,0.0,0.0
2021-03-17 00:00:00-04:00,36.568402217623465,36.64519901940366,36.41288729025594,36.47880554199219,162000,0.0,0.0,0.0
2021-03-18 00:00:00-04:00,36.210007423962736,36.48519610562798,36.210007423962736,36.3380012512207,125400,0.0,0.0,0.0
2021-03-19 00:00:00-04:00,36.49800836637114,36.49800836637114,36.19721984061718,36.248416900634766,941900,0.0,0.0,0.0
2021-03-22 00:00:00-04:00,36.15881360111955,36.581199644647725,36.15881360111955,36.53000259399414,151900,0.0,0.0,0.0
2021-03-23 00:00:00-04:00,36.61958858151382,36.72198509427755,36.501191621842295,36.549190521240234,211800,0.0,0.0,0.0
2021-03-24 00:00:00-04:00,36.741196752475844,36.78599509016938,36.58120199176287,36.58760070800781,291500,0.0,0.0,0.0
2021-03-25 00:00:00-04:00,36.62600072345162,36.77191635693433,36.4212076228421,36.734798431396484,253700,0.0,0.0,0.0
2021-03-26 00:00:00-04:00,36.83718742590002,37.240372386780315,36.741189611599474,37.21477508544922,192900,0.0,0.0,0.0
2021-03-29 00:00:00-04:00,37.061182780975614,37.36837239963351,36.99078470228454,37.32357406616211,226700,0.0,0.0,0.0
2021-03-30 00:00:00-04:00,37.33636488700003,37.33636488700003,37.10597211853116,37.16997146606445,202000,0.0,0.0,0.0
2021-03-31 00:00:00-04:00,37.15717091822328,37.26596614505549,37.06117311933861,37.1955680847168,224900,0.0,0.0,0.0
2021-04-01 00:00:00-04:00,37.35525215436407,37.35525215436407,37.084840574210375,37.27155303955078,272200,0.348,0.0,0.0
2021-04-05 00:00:00-04:00,37.40031874990303,37.57415423202484,37.348810848815724,37.49689483642578,567400,0.0,0.0,0.0
2021-04-06 00:00:00-04:00,37.541977300389696,37.541977300389696,37.34238779181335,37.419647216796875,299200,0.0,0.0,0.0
2021-04-07 00:00:00-04:00,37.43251495808269,37.484022866047376,37.277996146253116,37.335941314697266,291500,0.0,0.0,0.0
2021-04-08 00:00:00-04:00,37.432519368638225,37.43766966883509,37.34238297511178,37.387451171875,299300,0.0,0.0,0.0
2021-04-09 00:00:00-04:00,37.419642466270595,37.45827340187447,37.35526002962999,37.445396423339844,283600,0.0,0.0,0.0
2021-04-12 00:00:00-04:00,37.47113037109375,37.50332157222418,37.41962248446009,37.47113037109375,222900,0.0,0.0,0.0
2021-04-13 00:00:00-04:00,37.5226520979677,37.52329557842541,37.4228585943132,37.50333786010742,221300,0.0,0.0,0.0
2021-04-14 00:00:00-04:00,37.53553145205194,37.53553145205194,37.37457291027125,37.49046325683594,547200,0.0,0.0,0.0
2021-04-15 00:00:00-04:00,37.49045741817609,37.73511505126953,37.47114318210073,37.73511505126953,244400,0.0,0.0,0.0
2021-04-16 00:00:00-04:00,37.83168462772077,37.921823450473866,37.78661644436012,37.87031555175781,221600,0.0,0.0,0.0
2021-04-19 00:00:00-04:00,37.979768100765334,37.979768100765334,37.79949291370101,37.87675476074219,585000,0.0,0.0,0.0
2021-04-20 00:00:00-04:00,37.896067742190276,38.003587896936175,37.86258711837247,37.979766845703125,420600,0.0,0.0,0.0
2021-04-21 00:00:00-04:00,38.1085184393783,38.1085184393783,38.01065543517328,38.04413604736328,451000,0.0,0.0,0.0
2021-04-22 00:00:00-04:00,38.10854749544533,38.10854749544533,37.889643757246766,37.97334289550781,445100,0.0,0.0,0.0
2021-04-23 00:00:00-04:00,38.076349725014936,38.12785763386373,37.95402212554745,38.063472747802734,362800,0.0,0.0,0.0
2021-04-26 00:00:00-04:00,38.11497409334499,38.11497409334499,37.80593406156499,37.84456253051758,488700,0.0,0.0,0.0
2021-04-27 00:00:00-04:00,37.84457513007044,38.031287645609474,37.84457513007044,37.99265670776367,218000,0.0,0.0,0.0
2021-04-28 00:00:00-04:00,38.06990558548323,38.082782560368656,37.921824058348555,37.96689224243164,278900,0.0,0.0,0.0
2021-04-29 00:00:00-04:00,37.98620017683106,38.20510380151507,37.98620017683106,38.17291259765625,337500,0.0,0.0,0.0
2021-04-30 00:00:00-04:00,38.230856299113555,38.230856299113555,38.07633508799931,38.1600341796875,289900,0.0,0.0,0.0
2021-05-03 00:00:00-04:00,38.402374045173374,38.467165318625135,38.318143412383165,38.41533279418945,290200,0.374,0.0,0.0
2021-05-04 00:00:00-04:00,38.389399051418806,38.44123402554881,38.2857315747864,38.43475341796875,268400,0.0,0.0,0.0
2021-05-05 00:00:00-04:00,38.5384287647337,38.5384287647337,38.357011261485695,38.42180252075195,309600,0.0,0.0,0.0
2021-05-06 00:00:00-04:00,38.51251772359272,38.69393772885843,38.46068520182289,38.59674835205078,1195200,0.0,0.0,0.0
2021-05-07 00:00:00-04:00,38.765195542692325,38.842945532949095,38.66800620115064,38.8170280456543,418100,0.0,0.0,0.0
2021-05-10 00:00:00-04:00,38.933663074453605,39.06324806861478,38.842954320029236,38.8947868347168,366700,0.0,0.0,0.0
2021-05-11 00:00:00-04:00,38.75870941325901,38.786569595899365,38.486583250315206,38.62264633178711,490200,0.0,0.0,0.0
2021-05-12 00:00:00-04:00,38.54491660980111,38.54491660980111,38.03305716196906,38.052494049072266,1524000,0.0,0.0,0.0
2021-05-13 00:00:00-04:00,38.13023647528866,38.551387070593435,38.09136270882415,38.44771957397461,1345600,0.0,0.0,0.0
2021-05-14 00:00:00-04:00,38.68744968766429,38.90450311966342,38.58183949276244,38.83647155761719,1289700,0.0,0.0,0.0
2021-05-17 00:00:00-04:00,38.82352211016945,38.92200662499379,38.674500204525124,38.778167724609375,359200,0.0,0.0,0.0
2021-05-18 00:00:00-04:00,38.907753598035875,38.907753598035875,38.51900100708008,38.51900100708008,474200,0.0,0.0,0.0
2021-05-19 00:00:00-04:00,38.34406035102861,38.408851623535156,38.03305779406569,38.408851623535156,340400,0.0,0.0,0.0
2021-05-20 00:00:00-04:00,38.40884053473556,38.77815611898279,38.40884053473556,38.68096923828125,335100,0.0,0.0,0.0
2021-05-21 00:00:00-04:00,38.8105542175112,38.89478235312696,38.60321923939444,38.68096923828125,223600,0.0,0.0,0.0
2021-05-24 00:00:00-04:00,38.92070555116103,38.953101182812475,38.81703804689943,38.86239242553711,446800,0.0,0.0,0.0
2021-05-25 00:00:00-04:00,38.998446734280904,38.998446734280904,38.748997708235606,38.78463363647461,292300,0.0,0.0,0.0
2021-05-26 00:00:00-04:00,38.888299899901185,38.888299899901185,38.74575619140741,38.8170280456543,362800,0.0,0.0,0.0
2021-05-27 00:00:00-04:00,38.90773560506206,38.90773560506206,38.73279627854444,38.73927688598633,469400,0.0,0.0,0.0
2021-05-28 00:00:00-04:00,38.907748029094336,38.93366552388275,38.817039268963214,38.82999801635742,310800,0.0,0.0,0.0
2021-06-01 00:00:00-04:00,39.00845617913954,39.00845617913954,38.54600888483104,38.624168395996094,529200,0.314,0.0,0.0
2021-06-02 00:00:00-04:00,38.70233972115014,38.88471528240063,38.69582746183436,38.83260726928711,331800,0.0,0.0,0.0
2021-06-03 00:00:00-04:00,38.63721570082477,38.923802382141034,38.62418869467666,38.89775085449219,290700,0.0,0.0,0.0
2021-06-04 00:00:00-04:00,38.87167779606621,39.04102382372164,38.87167779606621,39.03451156616211,279000,0.0,0.0,0.0
2021-06-07 00:00:00-04:00,39.09313870608584,39.09313870608584,38.943331909377996,38.9824104309082,799300,0.0,0.0,0.0
2021-06-08 00:00:00-04:00,39.06056957275034,39.06708183097793,38.84562778154363,38.956356048583984,509200,0.0,0.0,0.0
2021-06-09 00:00:00-04:00,38.91726666284347,39.041019419683764,38.91726666284347,38.949832916259766,424800,0.0,0.0,0.0
2021-06-10 00:00:00-04:00,39.047527508318346,39.106147748338444,38.95634102043052,39.06055450439453,468800,0.0,0.0,0.0
2021-06-11 00:00:00-04:00,39.1061555879822,39.1452340993994,38.98891508443871,39.11918258666992,320800,0.0,0.0,0.0
2021-06-14 00:00:00-04:00,39.177814106187064,39.177814106187064,39.013675863231576,39.15176010131836,377500,0.0,0.0,0.0
2021-06-15 00:00:00-04:00,39.11917897848864,39.23641947121839,39.08661024245038,39.177799224853516,331500,0.0,0.0,0.0
2021-06-16 00:00:00-04:00,39.14524441950463,39.24099276086977,38.92379035272203,38.99543762207031,421400,0.0,0.0,0.0
2021-06-17 00:00:00-04:00,39.0800937205354,39.141320353573064,38.8260735088952,38.96936798095703,433200,0.0,0.0,0.0
2021-06-18 00:00:00-04:00,38.87818924954765,38.910757990610165,38.64371071256179,38.66324996948242,441500,0.0,0.0,0.0
2021-06-21 00:00:00-04:00,38.754437852326134,39.08661765495889,38.70884459480097,39.07359313964844,487700,0.0,0.0,0.0
2021-06-22 00:00:00-04:00,39.11918564568322,39.22991141621833,39.04102364744487,39.15826416015625,432800,0.0,0.0,0.0
2021-06-23 00:00:00-04:00,39.151752079402854,39.15826433696238,39.03451156616211,39.03451156616211,379300,0.0,0.0,0.0
2021-06-24 00:00:00-04:00,39.210380931281755,39.255974198131355,39.14524591817754,39.23643493652344,474900,0.0,0.0,0.0
2021-06-25 00:00:00-04:00,39.26899035393505,39.45787811279297,39.26247561210078,39.45787811279297,402600,0.0,0.0,0.0
2021-06-28 00:00:00-04:00,39.54909062733503,39.54909062733503,39.39928376703727,39.45138931274414,457600,0.0,0.0,0.0
2021-06-29 00:00:00-04:00,39.56209162032734,39.56209162032734,39.444851113770426,39.45787811279297,451400,0.0,0.0,0.0
2021-06-30 00:00:00-04:00,39.51000960456915,39.51000960456915,39.40579602850776,39.45138931274414,480100,0.0,0.0,0.0
2021-07-01 00:00:00-04:00,39.566097902190144,39.65788548512004,39.480870326617676,39.63166046142578,383400,0.395,0.0,0.0
2021-07-02 00:00:00-04:00,39.70376177144438,39.74965429364304,39.61853172980906,39.729984283447266,292800,0.0,0.0,0.0
2021-07-06 00:00:00-04:00,39.76279589620081,39.76279589620081,39.54644313241727,39.74968338012695,408500,0.0,0.0,0.0
2021-07-07 00:00:00-04:00,39.79556377501831,39.97257893648728,39.71689120357297,39.946353912353516,549300,0.0,0.0,0.0
2021-07-08 00:00:00-04:00,39.82833964535302,39.900457203711504,39.7299970655995,39.85456466674805,3668700,0.0,0.0,0.0
2021-07-09 00:00:00-04:00,39.95945394847943,39.95945394847943,39.86111138915982,39.92011642456055,969200,0.0,0.0,0.0
2021-07-12 00:00:00-04:00,39.95945362257465,39.97256613044066,39.861111064057106,39.95289611816406,517500,0.0,0.0,0.0
2021-07-13 00:00:00-04:00,40.018470414324,40.018470414324,39.89062655126567,39.92668533325195,468800,0.0,0.0,0.0
2021-07-14 00:00:00-04:00,39.998806972892886,40.064369542264096,39.913579384144754,40.03158950805664,452300,0.0,0.0,0.0
2021-07-15 00:00:00-04:00,39.99224710464359,40.149594751049705,39.9266870441987,40.13648223876953,521300,0.0,0.0,0.0
2021-07-16 00:00:00-04:00,40.25449205306139,40.25449205306139,40.13648194436143,40.16270446777344,514100,0.0,0.0,0.0
2021-07-19 00:00:00-04:00,39.95945739844472,39.99223742072965,39.626407670233704,39.82833480834961,916400,0.0,0.0,0.0
2021-07-20 00:00:00-04:00,39.89390215131575,40.16925989098639,39.82178708947796,40.1168098449707,593700,0.0,0.0,0.0
2021-07-21 00:00:00-04:00,40.11680980334724,40.182372360798816,40.077474769832136,40.12336730957031,1187800,0.0,0.0,0.0
2021-07-22 00:00:00-04:00,40.221713299776226,40.25449583379316,40.01191808704016,40.16926574707031,431200,0.0,0.0,0.0
2021-07-23 00:00:00-04:00,40.25448402361995,40.49705919824815,40.22170149922101,40.46427917480469,1379300,0.0,0.0,0.0
2021-07-26 00:00:00-04:00,40.48393452622829,40.48393452622829,40.25447193010524,40.4052619934082,967300,0.0,0.0,0.0
2021-07-27 00:00:00-04:00,40.43805415566773,40.477391684373174,40.18892147577755,40.46427917480469,813600,0.0,0.0,0.0
2021-07-28 00:00:00-04:00,40.529861167413905,40.529861167413905,40.26106082810131,40.31351089477539,937900,0.0,0.0,0.0
2021-07-29 00:00:00-04:00,40.45116843252369,40.47083594725793,40.382329629998246,40.41183090209961,742500,0.0,0.0,0.0
2021-07-30 00:00:00-04:00,40.392161622655784,40.5363967269536,40.385604117393804,40.46427917480469,816700,0.0,0.0,0.0
2021-08-02 00:00:00-04:00,40.63348094642363,40.63348094642363,40.40305626961506,40.44255828857422,630000,0.257,0.0,0.0
2021-08-03 00:00:00-04:00,40.5676443688291,40.65323082112191,40.4557257485651,40.64664840698242,667500,0.0,0.0,0.0
2021-08-04 00:00:00-04:00,40.63347421763124,40.64664155510382,40.43596666695539,40.4886360168457,630300,0.0,0.0,0.0
2021-08-05 00:00:00-04:00,40.65322477085217,40.65322477085217,40.482054403154464,40.600555419921875,587700,0.0,0.0,0.0
2021-08-06 00:00:00-04:00,40.64665298049288,40.67496163388044,40.574233859743785,40.64006805419922,738700,0.0,0.0,0.0
2021-08-09 00:00:00-04:00,40.70589811586386,40.71248052966958,40.620311667910784,40.653228759765625,673000,0.0,0.0,0.0
2021-08-10 00:00:00-04:00,40.71906761429902,40.75198722134314,40.64665100847683,40.732234954833984,863200,0.0,0.0,0.0
2021-08-11 00:00:00-04:00,40.81781662295416,40.857318639923804,40.784899531186014,40.83756637573242,720300,0.0,0.0,0.0
2021-08-12 00:00:00-04:00,40.877071452141976,40.877071452141976,40.75198548949573,40.844154357910156,599000,0.0,0.0,0.0
2021-08-13 00:00:00-04:00,40.8902538169741,40.94950561292839,40.850751782533166,40.94292068481445,505500,0.0,0.0,0.0
2021-08-16 00:00:00-04:00,40.96265318894463,41.19241734323387,40.89023408312654,41.186492919921875,992600,0.0,0.0,0.0
2021-08-17 00:00:00-04:00,41.09432793534932,41.16016463787315,40.97582689363323,41.15357971191406,695400,0.0,0.0,0.0
2021-08-18 00:00:00-04:00,41.133840744354835,41.18651012018663,40.84416671152218,40.89025115966797,961800,0.0,0.0,0.0
2021-08-19 00:00:00-04:00,40.725655611918604,41.03508185929458,40.659818904278175,40.975830078125,605300,0.0,0.0,0.0
2021-08-20 00:00:00-04:00,40.98242276000976,41.17992790958238,40.9165885472903,41.147010803222656,658900,0.0,0.0,0.0
2021-08-23 00:00:00-04:00,41.24574186593327,41.324085389704386,41.17990517814164,41.19965744018555,1646700,0.0,0.0,0.0
2021-08-24 00:00:00-04:00,41.25891431034997,41.25891431034997,41.0548268190442,41.08116149902344,1057500,0.0,0.0,0.0
2021-08-25 00:00:00-04:00,41.14701088694429,41.14701088694429,41.00875753310357,41.11409378051758,769600,0.0,0.0,0.0
2021-08-26 00:00:00-04:00,41.17333119998287,41.17333119998287,40.962658778716246,41.04166030883789,1017000,0.0,0.0,0.0
2021-08-27 00:00:00-04:00,41.09432419589855,41.14699355312488,41.0054477948456,41.12065887451172,1058100,0.0,0.0,0.0
2021-08-30 00:00:00-04:00,41.1996611864054,41.278662707525996,41.17332650889418,41.23257827758789,1278000,0.0,0.0,0.0
2021-08-31 00:00:00-04:00,41.2786615380257,41.30499621479081,41.10748865046546,41.16674041748047,1160400,0.0,0.0,0.0
2021-09-01 00:00:00-04:00,41.252138353137205,41.252138353137205,41.05355667640968,41.19918441772461,1145700,0.339,0.0,0.0
2021-09-02 00:00:00-04:00,41.31172349750859,41.3249626159668,41.212431371623886,41.3249626159668,904600,0.0,0.0,0.0
2021-09-03 00:00:00-04:00,41.298467842405074,41.35009861614563,41.17931834909447,41.28522872924805,961400,0.0,0.0,0.0
2021-09-07 00:00:00-04:00,41.27861739632475,41.27861739632475,40.960886202282786,40.987361907958984,1189600,0.0,0.0,0.0
2021-09-08 00:00:00-04:00,40.96089381996005,41.146236419677734,40.88278479220709,41.146236419677734,921700,0.0,0.0,0.0
2021-09-09 00:00:00-04:00,41.119739464078584,41.18262461396993,40.89467961326482,40.92115783691406,852100,0.0,0.0,0.0
2021-09-10 00:00:00-04:00,41.03370966198155,41.040327958671206,40.74245410556334,40.7689323425293,763200,0.0,0.0,0.0
2021-09-13 00:00:00-04:00,40.83511054055233,40.94102092474735,40.55709672895393,40.74243927001953,673900,0.0,0.0,0.0
2021-09-14 00:00:00-04:00,40.75568088605143,40.874830391224364,40.457807123119096,40.50414276123047,720700,0.0,0.0,0.0
2021-09-15 00:00:00-04:00,40.51077584487037,40.84174623163385,40.4512010742488,40.7689323425293,655000,0.0,0.0,0.0
2021-09-16 00:00:00-04:00,40.775533883122314,40.80863292828003,40.51075919757893,40.72257995605469,1573900,0.0,0.0,0.0
2021-09-17 00:00:00-04:00,40.79539631003505,40.79539631003505,40.44456610570907,40.484283447265625,604100,0.0,0.0,0.0
2021-09-20 00:00:00-04:00,39.98783790408771,40.182447623001046,39.577435373852026,40.040794372558594,1932100,0.0,0.0,0.0
2021-09-21 00:00:00-04:00,40.17978874387435,40.322106051984775,39.97127587088547,40.00768280029297,1070300,0.0,0.0,0.0
2021-09-22 00:00:00-04:00,40.1996440880222,40.35189009177654,40.0540163778648,40.179786682128906,785600,0.0,0.0,0.0
2021-09-23 00:00:00-04:00,40.36513394769873,40.636529468911604,40.318798311767466,40.484283447265625,705800,0.0,0.0,0.0
2021-09-24 00:00:00-04:00,40.49091720581055,40.563731097255044,40.39824589855527,40.49091720581055,603500,0.0,0.0,0.0
2021-09-27 00:00:00-04:00,40.49753018169744,40.524008414384326,40.297622807545686,40.32542419433594,736400,0.0,0.0,0.0
2021-09-28 00:00:00-04:00,40.199655951233176,40.199655951233176,39.61714746380355,39.75615692138672,1259600,0.0,0.0,0.0
2021-09-29 00:00:00-04:00,39.91502338362001,40.092424520033916,39.782634739665205,39.94150161743164,619400,0.0,0.0,0.0
2021-09-30 00:00:00-04:00,40.073879727542305,40.09373713512962,39.44503572788282,39.458274841308594,1021300,0.0,0.0,0.0
2021-10-01 00:00:00-04:00,39.65333906485158,39.89301459660436,39.23390243978134,39.77317810058594,907100,0.343,0.0,0.0
2021-10-04 00:00:00-04:00,39.7532164627489,39.80647940289455,39.24723122994906,39.50688171386719,960600,0.0,0.0,0.0
2021-10-05 00:00:00-04:00,39.54683239222552,39.95295091777851,39.49356944740198,39.79982376098633,638700,0.0,0.0,0.0
2021-10-06 00:00:00-04:00,39.61339716877395,39.96625518798828,39.480242384633144,39.96625518798828,611600,0.0,0.0,0.0
2021-10-07 00:00:00-04:00,40.28581958657809,40.452262408855624,40.17929628190911,40.23255920410156,667000,0.0,0.0,0.0
2021-10-08 00:00:00-04:00,40.33244433616471,40.33244433616471,40.08610701807804,40.13936996459961,709300,0.0,0.0,0.0
2021-10-11 00:00:00-04:00,40.18596858471218,40.27917618937423,39.952947033340294,39.9596061706543,519600,0.0,0.0,0.0
2021-10-12 00:00:00-04:00,40.052810970841854,40.072783301951915,39.8464209037438,39.92631530761719,806300,0.0,0.0,0.0
2021-10-13 00:00:00-04:00,40.06612188651262,40.205933266902626,39.78649658601635,40.126041412353516,715100,0.0,0.0,0.0
2021-10-14 00:00:00-04:00,40.31913060004663,40.61206920129879,40.299155724251406,40.57878112792969,1114200,0.0,0.0,0.0
2021-10-15 00:00:00-04:00,40.67863150204357,40.8051296933934,40.64600884568539,40.76518249511719,656600,0.0,0.0,0.0
2021-10-18 00:00:00-04:00,40.67863114070168,40.785154462109006,40.57210781929436,40.71857833862305,860300,0.0,0.0,0.0
2021-10-19 00:00:00-04:00,40.858398789268165,40.90500259399414,40.74188927745322,40.90500259399414,819000,0.0,0.0,0.0
2021-10-20 00:00:00-04:00,40.98489831409043,41.098078260685234,40.90500389797026,41.07810592651367,1690200,0.0,0.0,0.0
2021-10-21 00:00:00-04:00,41.11139576626621,41.144683837890625,40.97824094005149,41.144683837890625,750100,0.0,0.0,0.0
2021-10-22 00:00:00-04:00,41.16465483607217,41.31112284536978,41.14467996320494,41.304466247558594,675400,0.0,0.0,0.0
2021-10-25 00:00:00-04:00,41.35106246357999,41.357719060169714,41.15133154957564,41.31111526489258,883000,0.0,0.0,0.0
2021-10-26 00:00:00-04:00,41.371026040901505,41.390998366161824,41.25784614480524,41.33108139038086,842300,0.0,0.0,0.0
2021-10-27 00:00:00-04:00,41.36438058011662,41.36438058011662,41.084755252623886,41.12470245361328,1054400,0.0,0.0,0.0
2021-10-28 00:00:00-04:00,41.144675856720326,41.2645149230957,41.10140162597455,41.2645149230957,1453100,0.0,0.0,0.0
2021-10-29 00:00:00-04:00,41.25785832594889,41.32443445628339,41.171307324740766,41.2645149230957,1113600,0.0,0.0,0.0
2021-11-01 00:00:00-04:00,41.322113736512776,41.33550856925626,41.114497661193354,41.15468215942383,888000,0.366,0.0,0.0
2021-11-02 00:00:00-04:00,41.154684792116235,41.28863057331662,41.154684792116235,41.25514221191406,805400,0.0,0.0,0.0
2021-11-03 00:00:00-04:00,41.221656961743285,41.3154182434082,41.1680801814219,41.3154182434082,664700,0.0,0.0,0.0
2021-11-04 00:00:00-04:00,41.3020133972168,41.32210692041916,41.18816116988177,41.3020133972168,873200,0.0,0.0,0.0
2021-11-05 00:00:00-04:00,41.30871946659677,41.310058183448426,41.15468272015258,41.21495819091797,1098700,0.0,0.0,0.0
2021-11-08 00:00:00-05:00,41.21496566891144,41.2819372908895,40.97386374210462,41.1212043762207,1197100,0.0,0.0,0.0
2021-11-09 00:00:00-05:00,41.12119557315757,41.22165298461914,41.05422141071346,41.22165298461914,828400,0.0,0.0,0.0
2021-11-10 00:00:00-05:00,41.208262127962115,41.33551177148163,41.208262127962115,41.3154182434082,730700,0.0,0.0,0.0
2021-11-11 00:00:00-05:00,41.36228885721849,41.372336896221015,41.2417404920178,41.3020133972168,630000,0.0,0.0,0.0
2021-11-12 00:00:00-05:00,41.42256841068015,41.52302837221151,41.355596806194534,41.496238708496094,694000,0.0,0.0,0.0
2021-11-15 00:00:00-05:00,41.54312793132586,41.58331243520684,41.462761478367376,41.52303695678711,809700,0.0,0.0,0.0
2021-11-16 00:00:00-05:00,41.523028852350876,41.663670756278705,41.523028852350876,41.56321334838867,1015800,0.0,0.0,0.0
2021-11-17 00:00:00-05:00,41.523034016325845,41.54312498944185,41.335511454434325,41.449363708496094,769200,0.0,0.0,0.0
2021-11-18 00:00:00-05:00,41.47615464839539,41.50964045621722,41.322117888572265,41.34220886230469,782000,0.0,0.0,0.0
2021-11-19 00:00:00-05:00,41.43596184567643,41.43596184567643,41.258484800449885,41.28862380981445,737400,0.0,0.0,0.0
2021-11-22 00:00:00-05:00,41.368997578532905,41.45405209049989,41.25514276879457,41.3154182434082,809900,0.0,0.0,0.0
2021-11-23 00:00:00-05:00,41.30202309283659,41.47615337585297,41.26184114660458,41.449363708496094,669500,0.0,0.0,0.0
2021-11-24 00:00:00-05:00,41.462767207551664,41.48955688050736,41.32882139757702,41.46946334838867,561300,0.0,0.0,0.0
2021-11-26 00:00:00-05:00,41.22165703155866,41.305372826730306,40.97385899319551,41.09440994262695,877600,0.0,0.0,0.0
2021-11-29 00:00:00-05:00,41.20825815213032,41.3555987547043,41.10780074066875,41.22165298461914,1561600,0.0,0.0,0.0
2021-11-30 00:00:00-05:00,41.14129178707239,41.14129178707239,40.49165637999912,40.56532669067383,1864700,0.0,0.0,0.0
2021-12-01 00:00:00-05:00,41.02565560176046,41.06609581400729,40.21013060440387,40.21686935424805,1622600,0.383,0.0,0.0
2021-12-02 00:00:00-05:00,40.34493775111923,40.904346671300594,40.23709973210468,40.76280975341797,752100,0.0,0.0,0.0
2021-12-03 00:00:00-05:00,40.870631421985784,41.024974733853476,40.486458472244934,40.87737274169922,1086500,0.0,0.0,0.0
2021-12-06 00:00:00-05:00,41.099797323209444,41.36669657049329,40.99330655725226,41.28851318359375,947100,0.0,0.0,0.0
2021-12-07 00:00:00-05:00,41.504181213673064,41.77377486414881,41.46374100912465,41.7468147277832,668700,0.0,0.0,0.0
2021-12-08 00:00:00-05:00,41.780523529504634,41.780523529504634,41.50418851082298,41.67942428588867,541300,0.0,0.0,0.0
2021-12-09 00:00:00-05:00,41.68616089473635,41.756255715374834,41.591802976773074,41.652462005615234,617000,0.0,0.0,0.0
2021-12-10 00:00:00-05:00,41.780525030866066,41.922061920166016,41.71986599672885,41.922061920166016,644000,0.0,0.0,0.0
2021-12-13 00:00:00-05:00,41.96250305107525,42.07034105727835,41.8209661500076,42.029903411865234,1324600,0.0,0.0,0.0
2021-12-14 00:00:00-05:00,41.74682937354937,41.95576664709276,41.55204836196536,41.787269592285156,2420600,0.0,0.0,0.0
2021-12-15 00:00:00-05:00,41.638988383517464,42.24557876586914,41.638988383517464,42.24557876586914,2323000,0.0,0.0,0.0
2021-12-16 00:00:00-05:00,42.31298686255386,42.54888432251875,42.29276803523685,42.407344818115234,4422500,0.0,0.0,0.0
2021-12-17 00:00:00-05:00,42.346675304046094,42.38711294623552,41.95576095581055,41.95576095581055,1361000,0.0,0.0,0.0
2021-12-20 00:00:00-05:00,41.63224792480469,41.665946817761295,41.27503503155534,41.63224792480469,1061700,0.0,0.0,0.0
2021-12-21 00:00:00-05:00,41.92206494903181,42.02046716075856,41.686167545427665,41.975982666015625,779200,0.0,0.0,0.0
2021-12-22 00:00:00-05:00,41.89508538221666,42.18490036844479,41.89508538221666,42.17816162109375,2011000,0.0,0.0,0.0
2021-12-23 00:00:00-05:00,42.25905363736343,42.434289408999824,42.205806974062675,42.33993148803711,739800,0.0,0.0,0.0
2021-12-27 00:00:00-05:00,42.46124588061492,42.67692184448242,42.427546993334424,42.67692184448242,899600,0.0,0.0,0.0
2021-12-28 00:00:00-05:00,42.697139739990234,42.75106001532209,42.575821691553806,42.697139739990234,1666400,0.0,0.0,0.0
2021-12-29 00:00:00-05:00,42.79149765120229,42.915510163319354,42.71735856260488,42.87237548828125,1287600,0.0,0.0,0.0
2021-12-30 00:00:00-05:00,43.00748941284141,43.00748941284141,42.79024578507894,42.81740188598633,1034400,0.459,0.0,0.0
2021-12-31 00:00:00-05:00,42.85811413181327,42.98710166057309,42.76307041696423,42.89884567260742,902300,0.0,0.0,0.0
2022-01-03 00:00:00-05:00,42.90564855594542,42.97353620365074,42.49152717159879,42.708770751953125,1058000,0.0,0.0,0.0
2022-01-04 00:00:00-05:00,42.74950190517305,42.878489462692826,42.68161167246718,42.79702377319336,1159700,0.0,0.0,0.0
2022-01-05 00:00:00-05:00,42.83096448078309,43.03462998459867,42.66803052388219,42.695186614990234,1356000,0.0,0.0,0.0
2022-01-06 00:00:00-05:00,42.70199138889679,42.756300999751375,42.53226964663527,42.6069450378418,1619500,0.0,0.0,0.0
2022-01-07 00:00:00-05:00,42.57979032646051,42.57979032646051,42.389700219459684,42.471168518066406,1403600,0.0,0.0,0.0
2022-01-10 00:00:00-05:00,42.30822989672683,42.40938545005358,41.92126458466361,42.38290786743164,1696700,0.0,0.0,0.0
2022-01-11 00:00:00-05:00,42.43042155544785,42.4983091940376,42.008152881357155,42.477943420410156,1331900,0.0,0.0,0.0
2022-01-12 00:00:00-05:00,42.54584179040317,42.66804164248531,42.491532183782255,42.57978820800781,1724100,0.0,0.0,0.0
2022-01-13 00:00:00-05:00,42.66126150865832,42.70199566318778,42.3082399386486,42.389705657958984,2509400,0.0,0.0,0.0
2022-01-14 00:00:00-05:00,42.24033906889799,42.247126797657174,41.89139128237748,42.219970703125,1964300,0.0,0.0,0.0
2022-01-18 00:00:00-05:00,41.91447960457666,41.987797962438215,41.62934575134244,41.71760177612305,1973800,0.0,0.0,0.0
2022-01-19 00:00:00-05:00,41.86695121033833,41.97557559357014,41.507142005000375,41.52750778198242,1784100,0.0,0.0,0.0
2022-01-20 00:00:00-05:00,41.63614223629947,41.98916120820089,41.14734275251526,41.20844268798828,1614600,0.0,0.0,0.0
2022-01-21 00:00:00-05:00,41.07265274188909,41.44264481689828,40.73320933079909,40.780731201171875,2032000,0.0,0.0,0.0
2022-01-24 00:00:00-05:00,40.46167501146618,40.95726493330739,39.63343441045215,40.90974044799805,3405700,0.0,0.0,0.0
2022-01-25 00:00:00-05:00,40.4209359259002,40.801111019728175,39.867641317956334,40.45487976074219,2016500,0.0,0.0,0.0
2022-01-26 00:00:00-05:00,40.77394266502761,40.94366436721175,39.91854383576084,40.230831146240234,1999800,0.0,0.0,0.0
2022-01-27 00:00:00-05:00,40.522752522849494,40.89614233799385,40.08147765274343,40.23762130737305,1806100,0.0,0.0,0.0
2022-01-28 00:00:00-05:00,40.27835754137045,41.00476625445309,39.91854575441756,40.984397888183594,1262600,0.0,0.0,0.0
2022-01-31 00:00:00-05:00,40.936866669356576,41.40530014038086,40.7739353148894,41.40530014038086,1357200,0.0,0.0,0.0
2022-02-01 00:00:00-05:00,41.50231675867582,41.60001051819105,41.17917967068979,41.52964401245117,1543700,0.382,0.0,0.0
2022-02-02 00:00:00-05:00,41.65944927865769,42.076180824699925,41.58156946325179,41.99420166015625,2077100,0.0,0.0,0.0
2022-02-03 00:00:00-05:00,41.809742151234516,41.91904856105712,41.570632588074204,41.61845397949219,1906600,0.0,0.0,0.0
2022-02-04 00:00:00-05:00,41.50914734282409,41.66627774927634,41.099248959747015,41.42033767700195,1789700,0.0,0.0,0.0
2022-02-07 00:00:00-05:00,41.502332602056725,41.515996234160454,41.20174051398883,41.26322555541992,1137600,0.0,0.0,0.0
2022-02-08 00:00:00-05:00,41.372516212348415,41.582930333063864,41.229049433062976,41.52964401245117,2423300,0.0,0.0,0.0
2022-02-09 00:00:00-05:00,41.7619252746038,41.93203393078229,41.707270760748735,41.88489532470703,3341800,0.0,0.0,0.0
2022-02-10 00:00:00-05:00,41.64578717195069,41.8097481130998,41.19489784137907,41.3315315246582,1492800,0.0,0.0,0.0
2022-02-11 00:00:00-05:00,41.33835531321106,41.49480032087843,40.77132913801393,40.907962799072266,2048100,0.0,0.0,0.0
2022-02-14 00:00:00-05:00,40.84647502929139,40.9885736102449,40.50899155104434,40.79182052612305,966800,0.0,0.0,0.0
2022-02-15 00:00:00-05:00,41.167568531642466,41.29053857985756,40.938708622047386,41.09242248535156,969000,0.0,0.0,0.0
2022-02-16 00:00:00-05:00,41.01045581965495,41.3042174201288,40.86699157925746,41.201744079589844,1149400,0.0,0.0,0.0
2022-02-17 00:00:00-05:00,40.98994585838352,41.11974641541633,40.70301748828871,40.79866027832031,1127000,0.0,0.0,0.0
2022-02-18 00:00:00-05:00,40.77133630970623,40.92163362391477,40.53905982687065,40.67569351196289,988800,0.0,0.0,0.0
2022-02-22 00:00:00-05:00,40.51172518358612,40.77815938760766,40.16331182588188,40.3477668762207,1069600,0.0,0.0,0.0
2022-02-23 00:00:00-05:00,40.593708235668316,40.64904553790535,39.82856331365195,39.84906005859375,2957500,0.0,0.0,0.0
2022-02-24 00:00:00-05:00,39.16589043775793,40.13530168066239,38.995099014476736,40.094993591308594,3438400,0.0,0.0,0.0
2022-02-25 00:00:00-05:00,40.30678090889819,41.03093757188755,40.224801745223935,41.010440826416016,3125400,0.0,0.0,0.0
2022-02-28 00:00:00-05:00,40.75084958951701,40.948965732602026,40.44888932502463,40.89431381225586,1729100,0.0,0.0,0.0
2022-03-01 00:00:00-05:00,40.86126252589885,40.92666892723388,40.24851611236404,40.47571563720703,1510900,0.462,0.0,0.0
2022-03-02 00:00:00-05:00,40.57899016836188,41.129775996803154,40.52391316132263,40.978309631347656,913500,0.0,0.0,0.0
2022-03-03 00:00:00-05:00,41.21238209610244,41.37761570056398,41.00927928379001,41.12287902832031,1979000,0.0,0.0,0.0
2022-03-04 00:00:00-05:00,41.00584374121105,41.21238708496094,40.75799067817475,41.21238708496094,2045700,0.0,0.0,0.0
2022-03-07 00:00:00-05:00,41.06781582640748,41.21239593544731,40.441299394226576,40.530799865722656,1768500,0.0,0.0,0.0
2022-03-08 00:00:00-05:00,40.48259153622286,40.77726171023866,39.969675076261346,40.00754165649414,1687200,0.0,0.0,0.0
2022-03-09 00:00:00-05:00,40.54454918940234,40.75797873700714,40.35246390972818,40.558319091796875,1140900,0.0,0.0,0.0
2022-03-10 00:00:00-05:00,40.282930437714256,40.64507129153204,40.207199906269636,40.51701354980469,2049800,0.0,0.0,0.0
2022-03-11 00:00:00-05:00,40.91632821396668,40.95075165639495,40.317351911425796,40.37242889404297,1217500,0.0,0.0,0.0
2022-03-14 00:00:00-04:00,40.55142888830107,40.88947035121418,40.33111573833891,40.420616149902344,1193300,0.0,0.0,0.0
2022-03-15 00:00:00-04:00,40.620285526448384,41.08845173923334,40.58586208093137,41.047142028808594,1360300,0.0,0.0,0.0
2022-03-16 00:00:00-04:00,41.30876351839713,41.45334356038981,40.833713683418125,41.391380310058594,1426800,0.0,0.0,0.0
2022-03-17 00:00:00-04:00,41.41892707011406,41.790706634521484,41.343193904067256,41.790706634521484,1214400,0.0,0.0,0.0
2022-03-18 00:00:00-04:00,41.776935618953225,41.96282539621677,41.62822432241056,41.928401947021484,1308300,0.0,0.0,0.0
2022-03-21 00:00:00-04:00,41.98349574265088,42.095028603109164,41.783835980535365,41.90087890625,1654900,0.0,0.0,0.0
2022-03-22 00:00:00-04:00,42.045440293337755,42.099829183020034,41.93252865370184,42.011016845703125,1511200,0.0,0.0,0.0
2022-03-23 00:00:00-04:00,41.997254536733635,41.997254536733635,41.74251782655849,41.7838249206543,1574200,0.0,0.0,0.0
2022-03-24 00:00:00-04:00,41.94216425070326,42.004127502441406,41.82512401205371,42.004127502441406,2313700,0.0,0.0,0.0
2022-03-25 00:00:00-04:00,42.12805559940849,42.20378875732422,41.997245452498085,42.20378875732422,1430700,0.0,0.0,0.0
2022-03-28 00:00:00-04:00,42.21756709255937,42.33460998535156,42.128064012934885,42.33460998535156,1854500,0.0,0.0,0.0
2022-03-29 00:00:00-04:00,42.53426205910011,42.53426205910011,42.28640902244287,42.410335540771484,2442900,0.0,0.0,0.0
2022-03-30 00:00:00-04:00,42.38968199649699,42.42892478115486,42.29329528809492,42.410335540771484,2166900,0.0,0.0,0.0
2022-03-31 00:00:00-04:00,42.472285779085645,42.616868423704474,42.183125742528034,42.27262878417969,2834500,0.0,0.0,0.0
2022-04-01 00:00:00-04:00,42.40332812181021,42.50064681125473,42.20173789268347,42.4102783203125,1874300,0.588,0.0,0.0
2022-04-04 00:00:00-04:00,42.48326275306813,42.48326275306813,42.187827658200995,42.299049377441406,2005600,0.0,0.0,0.0
2022-04-05 00:00:00-04:00,42.361615570731296,42.577108831277535,42.33381212722146,42.368568420410156,2110100,0.0,0.0,0.0
2022-04-06 00:00:00-04:00,42.40332592918501,42.71613788032113,42.29905439489454,42.695281982421875,1706300,0.0,0.0,0.0
2022-04-07 00:00:00-04:00,42.69527167802734,42.93161813387354,42.57709977597155,42.88991165161133,2823400,0.0,0.0,0.0
2022-04-08 00:00:00-04:00,42.966383543827575,43.04910441807456,42.757840494163204,42.95943069458008,2122000,0.0,0.0,0.0
2022-04-11 00:00:00-04:00,42.95246789789954,43.001127221418734,42.58404389616731,42.63965606689453,2682700,0.0,0.0,0.0
2022-04-12 00:00:00-04:00,42.80652027601149,42.87603288696884,42.431145812675105,42.48675537109375,2587500,0.0,0.0,0.0
2022-04-13 00:00:00-04:00,42.591018992481594,42.77175333829032,42.44504094566659,42.74394989013672,1990500,0.0,0.0,0.0
2022-04-14 00:00:00-04:00,42.785655296735044,42.896877041718966,42.59101790594708,42.61882400512695,3309900,0.0,0.0,0.0
2022-04-18 00:00:00-04:00,42.6257788205332,42.750903628658385,42.36162615318716,42.521507263183594,2068200,0.0,0.0,0.0
2022-04-19 00:00:00-04:00,42.5353906419747,42.95942422320478,42.5353906419747,42.88991165161133,2176700,0.0,0.0,0.0
2022-04-20 00:00:00-04:00,43.0984616710581,43.369564473420986,43.070655575499025,43.25834274291992,1782800,0.0,0.0,0.0
2022-04-21 00:00:00-04:00,43.44603041134359,43.51554299930764,42.827359362563705,42.88296890258789,2698000,0.0,0.0,0.0
2022-04-22 00:00:00-04:00,42.82041252292173,42.862121672595535,41.81941679637112,41.86112594604492,3103000,0.0,0.0,0.0
2022-04-25 00:00:00-04:00,41.71513304475406,42.09746017557928,41.22853969958533,42.014041900634766,2748200,0.0,0.0,0.0
2022-04-26 00:00:00-04:00,41.90283139455031,41.95149074208329,41.186841579363175,41.20074462890625,2544000,0.0,0.0,0.0
2022-04-27 00:00:00-04:00,41.353666868959834,41.74294156776858,41.201430762293555,41.34671401977539,2191100,0.0,0.0,0.0
2022-04-28 00:00:00-04:00,41.562215650991256,42.04881177441751,41.31891626341036,41.92368698120117,3348100,0.0,0.0,0.0
2022-04-29 00:00:00-04:00,41.70819246911841,41.74294876582891,40.686340905069656,40.721099853515625,3134300,0.0,0.0,0.0
2022-05-02 00:00:00-04:00,40.77575113114082,40.94112456270655,39.913847773015895,40.55852508544922,2874700,0.468,0.0,0.0
2022-05-03 00:00:00-04:00,40.71268518011149,41.02451190913789,40.5234891625979,40.754730224609375,1862900,0.0,0.0,0.0
2022-05-04 00:00:00-04:00,40.76874424566854,41.61312815229845,40.60757558865808,41.58159637451172,2816500,0.0,0.0,0.0
2022-05-05 00:00:00-04:00,41.42742657629733,41.46877126271208,40.41836976885916,40.712677001953125,2959200,0.0,0.0,0.0
2022-05-06 00:00:00-04:00,40.48844546657296,40.65662295144288,40.025960724543744,40.50246047973633,3047400,0.0,0.0,0.0
2022-05-09 00:00:00-04:00,40.07502676434335,40.139496383370705,39.62655686951551,39.752689361572266,3203700,0.0,0.0,0.0
2022-05-10 00:00:00-04:00,40.11705956879682,40.20815582370662,39.325228648929865,39.61252975463867,6093000,0.0,0.0,0.0
2022-05-11 00:00:00-04:00,39.54945175578663,40.11214250795699,39.38127698318567,39.41631317138672,3283600,0.0,0.0,0.0
2022-05-12 00:00:00-04:00,39.241131540001156,39.57748377528751,38.96083667405088,39.46536636352539,2819300,0.0,0.0,0.0
2022-05-13 00:00:00-04:00,39.72464511242811,40.0820212697595,39.5915064953757,40.004940032958984,2136500,0.0,0.0,0.0
2022-05-16 00:00:00-04:00,39.9909421622456,40.36163046901913,39.87181850746492,40.13809585571289,1738500,0.0,0.0,0.0
2022-05-17 00:00:00-04:00,40.4884456510358,40.551511874013045,40.201144562604036,40.516475677490234,1906500,0.0,0.0,0.0
2022-05-18 00:00:00-04:00,40.26421035508611,40.292240381240845,39.136027196716896,39.24113845825195,3198300,0.0,0.0,0.0
2022-05-19 00:00:00-04:00,38.96084668145574,39.35395940970911,38.74362064398349,39.01690673828125,2581200,0.0,0.0,0.0
2022-05-20 00:00:00-04:00,39.318215148666056,39.332230160123366,38.47032700367452,39.10098648071289,2600100,0.0,0.0,0.0
2022-05-23 00:00:00-04:00,39.444350234657456,39.81924312884091,39.32452361613754,39.731651306152344,2270100,0.0,0.0,0.0
2022-05-24 00:00:00-04:00,39.549464906365536,39.99443293105343,39.279683227113665,39.892826080322266,1835500,0.0,0.0,0.0
2022-05-25 00:00:00-04:00,39.878805977097194,40.11004967816909,39.675592301565594,39.983917236328125,1999800,0.0,0.0,0.0
2022-05-26 00:00:00-04:00,40.16610584637712,40.52418232817986,40.16610584637712,40.425376892089844,1999900,0.0,0.0,0.0
2022-05-27 00:00:00-04:00,40.551509789489195,40.99297332763672,40.54520396944275,40.99297332763672,2096700,0.0,0.0,0.0
2022-05-31 00:00:00-04:00,40.810795769656046,40.946035468442616,40.51648576479172,40.69166946411133,4628800,0.0,0.0,0.0
2022-06-01 00:00:00-04:00,40.78075567501734,40.8585280049604,40.27170238597681,40.497947692871094,2259200,0.516,0.0,0.0
2022-06-02 00:00:00-04:00,40.53329913739179,40.83378092107817,40.23635049797869,40.78075408935547,1565900,0.0,0.0,0.0
2022-06-03 00:00:00-04:00,40.68882793372262,40.82245356456295,40.63226797602048,40.70296859741211,1510700,0.0,0.0,0.0
2022-06-06 00:00:00-04:00,40.943368144805916,41.006999804108354,40.72419183008492,40.79489517211914,1913100,0.0,0.0,0.0
2022-06-07 00:00:00-04:00,40.53328511417846,41.042335510253906,40.53328511417846,41.042335510253906,1405700,0.0,0.0,0.0
2022-06-08 00:00:00-04:00,40.99284546040711,40.99284546040711,40.61812731233099,40.70296859741211,1759100,0.0,0.0,0.0
2022-06-09 00:00:00-04:00,40.653485689747306,40.78357550621455,40.12322283292451,40.158573150634766,1664800,0.0,0.0,0.0
2022-06-10 00:00:00-04:00,39.76971192984841,39.76971192984841,39.32429040105837,39.44448471069336,2520700,0.0,0.0,0.0
2022-06-13 00:00:00-04:00,38.67383841611792,38.81524238469448,38.07287222393161,38.242557525634766,2898100,0.0,0.0,0.0
2022-06-14 00:00:00-04:00,38.41223758145581,38.479402367138434,37.684008186709065,38.00923538208008,2455900,0.0,0.0,0.0
2022-06-15 00:00:00-04:00,38.327383884053404,38.694326351688794,37.74056128428978,38.2354736328125,2114200,0.0,0.0,0.0
2022-06-16 00:00:00-04:00,37.655722342861786,37.70380005743574,37.19616293416657,37.37291717529297,2424800,0.0,0.0,0.0
2022-06-17 00:00:00-04:00,37.47898005913012,37.68755153267142,37.14668381379368,37.40827941894531,2727200,0.0,0.0,0.0
2022-06-21 00:00:00-04:00,37.910258668913464,38.39103054466269,37.86076768438543,38.26376724243164,1686300,0.0,0.0,0.0
2022-06-22 00:00:00-04:00,37.87491094358803,38.7021224647142,37.86784195833859,38.39103317260742,1884800,0.0,0.0,0.0
2022-06-23 00:00:00-04:00,38.5182782547535,38.843505363445246,38.405155664901784,38.80815505981445,1728000,0.0,0.0,0.0
2022-06-24 00:00:00-04:00,39.027356038547076,39.69902302223708,38.984934029020536,39.67781066894531,1694600,0.0,0.0,0.0
2022-06-27 00:00:00-04:00,39.77677522038418,39.861619202236824,39.613455005459926,39.73435592651367,2084400,0.0,0.0,0.0
2022-06-28 00:00:00-04:00,39.8474867055657,40.05252232481577,39.168750893968614,39.2111701965332,2178200,0.0,0.0,0.0
2022-06-29 00:00:00-04:00,39.27480274572116,39.38297628502517,39.098048455509044,39.26066207885742,2061400,0.0,0.0,0.0
2022-06-30 00:00:00-04:00,38.94956737674822,39.451548808977314,38.81594174377742,39.20409393310547,2568000,0.0,0.0,0.0
2022-07-01 00:00:00-04:00,39.16191203019876,39.74108315052083,39.097559683496314,39.68387985229492,1809800,0.621,0.0,0.0
2022-07-05 00:00:00-04:00,39.26201234476441,39.4407685478871,38.82584677272852,39.4050178527832,2796300,0.0,0.0,0.0
2022-07-06 00:00:00-04:00,39.50512679482536,39.86263925450704,39.36927304208362,39.64813232421875,1804600,0.0,0.0,0.0
2022-07-07 00:00:00-04:00,39.86264213586849,39.948444368665065,39.648135190075166,39.78398895263672,2060900,0.0,0.0,0.0
2022-07-08 00:00:00-04:00,39.78398688886848,39.92699242118032,39.662433959345805,39.7053337097168,2530700,0.0,0.0,0.0
2022-07-11 00:00:00-04:00,39.65528757140977,39.88409536316054,39.64098674347485,39.769691467285156,1717600,0.0,0.0,0.0
2022-07-12 00:00:00-04:00,39.68388270707165,39.81973645872614,39.34067107583643,39.49082565307617,2123000,0.0,0.0,0.0
2022-07-13 00:00:00-04:00,39.183355031526574,39.56946904402729,39.08325200479,39.24770736694336,3088900,0.0,0.0,0.0
2022-07-14 00:00:00-04:00,39.090401052012794,39.26915723621465,38.75434128048328,39.24770736694336,2471400,0.0,0.0,0.0
2022-07-15 00:00:00-04:00,39.48367772585693,39.780411000469684,39.48367772585693,39.7053337097168,2629500,0.0,0.0,0.0
2022-07-18 00:00:00-04:00,40.0413903303539,40.04496621821945,39.376417022730834,39.46221923828125,2782900,0.0,0.0,0.0
2022-07-19 00:00:00-04:00,39.69817991257945,40.02709068823604,39.66242921567823,39.955589294433594,2361400,0.0,0.0,0.0
2022-07-20 00:00:00-04:00,39.98418996159857,40.0177967637468,39.746089273348716,39.87693786621094,2338600,0.0,0.0,0.0
2022-07-21 00:00:00-04:00,39.88407238950113,40.07712936401367,39.776820333173575,40.07712936401367,2081800,0.0,0.0,0.0
2022-07-22 00:00:00-04:00,40.134343317972764,40.254466962260004,40.05569015251712,40.18439483642578,3578000,0.0,0.0,0.0
2022-07-25 00:00:00-04:00,40.24875942864833,40.4489655633959,40.21229136295929,40.406063079833984,1953100,0.0,0.0,0.0
2022-07-26 00:00:00-04:00,40.37030886923606,40.44896205180259,40.25661961613038,40.39891052246094,2247900,0.0,0.0,0.0
2022-07-27 00:00:00-04:00,40.506158519169006,40.64916130594117,40.343132396437156,40.57051086425781,2795200,0.0,0.0,0.0
2022-07-28 00:00:00-04:00,40.634846882882904,41.035258889130816,40.5347411537187,40.99235916137695,3044200,0.0,0.0,0.0
2022-07-29 00:00:00-04:00,40.95662989728659,41.10678721575652,40.92087919388093,41.06388473510742,4366400,0.0,0.0,0.0
2022-08-01 00:00:00-04:00,40.908819679207014,40.98094273029966,40.750145665221545,40.91603088378906,2648000,0.495,0.0,0.0
2022-08-02 00:00:00-04:00,40.778985252626725,40.90159495747536,40.70685946920049,40.742923736572266,2482500,0.0,0.0,0.0
2022-08-03 00:00:00-04:00,40.80783262578781,40.96650383525863,40.721281691912324,40.87274169921875,3245500,0.0,0.0,0.0
2022-08-04 00:00:00-04:00,40.85111118036402,40.96218186826435,40.793413300850574,40.88717269897461,2555500,0.0,0.0,0.0
2022-08-05 00:00:00-04:00,40.7357058007741,40.98814189111508,40.69603731159648,40.973716735839844,2825200,0.0,0.0,0.0
2022-08-08 00:00:00-04:00,41.06027448136846,41.18000082185838,41.00618082431422,41.10354995727539,2375600,0.0,0.0,0.0
2022-08-09 00:00:00-04:00,41.10353676850727,41.24057160459939,41.09632281584532,41.197296142578125,2136000,0.0,0.0,0.0
2022-08-10 00:00:00-04:00,41.35598612251862,41.413684009604474,41.26943791623091,41.363197326660156,5960300,0.0,0.0,0.0
2022-08-11 00:00:00-04:00,41.4785893892472,41.53629001866041,41.28385664327121,41.32712936401367,3273900,0.0,0.0,0.0
2022-08-12 00:00:00-04:00,41.39926635089211,41.55793762207031,41.341565705868625,41.55793762207031,8705500,0.0,0.0,0.0
2022-08-15 00:00:00-04:00,41.49301186668941,41.66611099243164,41.4713755077156,41.66611099243164,2430800,0.0,0.0,0.0
2022-08-16 00:00:00-04:00,41.63725913877383,41.752657634559164,41.57956126653974,41.70938491821289,2865300,0.0,0.0,0.0
2022-08-17 00:00:00-04:00,41.57956815782947,41.68054151446206,41.514656321234575,41.622840881347656,2691200,0.0,0.0,0.0
2022-08-18 00:00:00-04:00,41.65889549694696,41.723807322783536,41.601197624712874,41.70938491821289,2376600,0.0,0.0,0.0
2022-08-19 00:00:00-04:00,41.58677983796074,41.72381471620166,41.579568634397596,41.6805419921875,3008500,0.0,0.0,0.0
2022-08-22 00:00:00-04:00,41.54349644580986,41.61562222428474,41.370400080104375,41.39203643798828,3659500,0.0,0.0,0.0
2022-08-23 00:00:00-04:00,41.42088455330266,41.464160018093196,41.154026065386844,41.233360290527344,2641500,0.0,0.0,0.0
2022-08-24 00:00:00-04:00,41.29106664103986,41.424497279175114,41.22615481050344,41.28385543823242,2644300,0.0,0.0,0.0
2022-08-25 00:00:00-04:00,41.41368045078215,41.65169143676758,41.29828193520918,41.65169143676758,2536500,0.0,0.0,0.0
2022-08-26 00:00:00-04:00,41.65169647244252,41.67766066010491,40.750144600744626,40.836692810058594,3604700,0.0,0.0,0.0
2022-08-29 00:00:00-04:00,40.57703245588508,40.86553006310558,40.4616339632603,40.62030792236328,4346800,0.0,0.0,0.0
2022-08-30 00:00:00-04:00,40.71406896095938,40.72849411606364,40.04331438085495,40.165924072265625,3579800,0.0,0.0,0.0
2022-08-31 00:00:00-04:00,40.27413354728354,40.37438609186873,39.84138966102122,39.855812072753906,2931000,0.0,0.0,0.0
2022-09-01 00:00:00-04:00,39.71662546524514,40.13922161645536,39.600047695848055,40.12464904785156,3455200,0.559,0.0,0.0
2022-09-02 00:00:00-04:00,40.36510599913293,40.53997132302822,39.563631129737836,39.67292404174805,2367000,0.0,0.0,0.0
2022-09-06 00:00:00-04:00,39.79677898897388,40.059079703112,39.549050845558284,39.72391891479492,2242200,0.0,0.0,0.0
2022-09-07 00:00:00-04:00,39.7312002466635,40.397880705392936,39.709342782257096,40.32137680053711,2926500,0.0,0.0,0.0
2022-09-08 00:00:00-04:00,40.2193779158709,40.58004003243362,40.110085017793054,40.55453872680664,2200300,0.0,0.0,0.0
2022-09-09 00:00:00-04:00,40.7366881779945,40.98077247921647,40.64196785982119,40.911556243896484,2329400,0.0,0.0,0.0
2022-09-12 00:00:00-04:00,41.07185733759127,41.210295395336516,41.00628214693147,41.122859954833984,3119200,0.0,0.0,0.0
2022-09-13 00:00:00-04:00,40.634684724016395,40.678402437243506,39.83320999145508,39.83320999145508,5235300,0.0,0.0,0.0
2022-09-14 00:00:00-04:00,40.073647921998024,40.13193819855804,39.74795947899072,39.97892761230469,2418200,0.0,0.0,0.0
2022-09-15 00:00:00-04:00,39.94250245311962,40.00589299764214,39.57892473009639,39.65834426879883,5523100,0.0,0.0,0.0
2022-09-16 00:00:00-04:00,39.345041685420505,39.52719465618634,39.24303646650104,39.49076461791992,3100600,0.0,0.0,0.0
2022-09-19 00:00:00-04:00,39.308608188542614,39.729745175070384,39.27217815348153,39.71662902832031,2450400,0.0,0.0,0.0
2022-09-20 00:00:00-04:00,39.52719956099204,39.57091727999679,39.06380118961767,39.359619140625,2833900,0.0,0.0,0.0
2022-09-21 00:00:00-04:00,39.46890773902832,39.672920973708074,38.82773122841762,38.856876373291016,3832700,0.0,0.0,0.0
2022-09-22 00:00:00-04:00,38.84959490598441,38.90788520504668,38.59385358434995,38.68201446533203,3791100,0.0,0.0,0.0
2022-09-23 00:00:00-04:00,38.31405306069334,38.40512954098182,37.865958334156836,38.27397918701172,5522500,0.0,0.0,0.0
2022-09-26 00:00:00-04:00,38.15012535074451,38.27398805851878,37.694742843749246,37.90239715576172,4134200,0.0,0.0,0.0
2022-09-27 00:00:00-04:00,38.19383089702157,38.288551213417286,37.47250673986762,37.64008712768555,3522700,0.0,0.0,0.0
2022-09-28 00:00:00-04:00,37.80766981463848,38.43354826129726,37.70566459667089,38.295841217041016,2749300,0.0,0.0,0.0
2022-09-29 00:00:00-04:00,38.077255461007745,38.14283064110121,37.53808422862478,37.78581237792969,2849300,0.0,0.0,0.0
2022-09-30 00:00:00-04:00,37.73480969205859,37.916962660899074,37.27578343233913,37.326786041259766,4065000,0.0,0.0,0.0
2022-10-03 00:00:00-04:00,37.621730460034684,38.33518070181468,37.562887698852634,38.21014404296875,3744800,0.481,0.0,0.0
2022-10-04 00:00:00-04:00,38.51906560488261,38.9456672668457,38.504354912493085,38.9456672668457,2927700,0.0,0.0,0.0
2022-10-05 00:00:00-04:00,38.629381918075175,39.055980636474175,38.48669133433966,38.85003662109375,3027800,0.0,0.0,0.0
2022-10-06 00:00:00-04:00,38.798553782009805,38.87946116773074,38.335176903829854,38.41608428955078,2895400,0.0,0.0,0.0
2022-10-07 00:00:00-04:00,38.20279301038946,38.224860452022845,37.562893318575405,37.74677276611328,3006900,0.0,0.0,0.0
2022-10-10 00:00:00-04:00,37.77618555515527,37.91593289340466,37.48933413119351,37.69527816772461,2958300,0.0,0.0,0.0
2022-10-11 00:00:00-04:00,37.55553531650293,37.97625041447575,37.481981861970254,37.60702133178711,3286700,0.0,0.0,0.0
2022-10-12 00:00:00-04:00,37.659980985951016,37.80561487507415,37.40107785294192,37.42314529418945,2510200,0.0,0.0,0.0
2022-10-13 00:00:00-04:00,36.871500599554544,38.26898245182493,36.71703976058247,38.13658905029297,5004300,0.0,0.0,0.0
2022-10-14 00:00:00-04:00,38.37931436682717,38.5117077792086,37.573921575803055,37.60702133178711,2885800,0.0,0.0,0.0
2022-10-17 00:00:00-04:00,38.03361693314331,38.36460043614632,38.01523067539585,38.246917724609375,3039100,0.0,0.0,0.0
2022-10-18 00:00:00-04:00,38.761785352647784,38.856665524719226,38.37195904359022,38.614681243896484,2947500,0.0,0.0,0.0
2022-10-19 00:00:00-04:00,38.511711506825925,38.599972855030714,38.15866330822909,38.33518600463867,3974400,0.0,0.0,0.0
2022-10-20 00:00:00-04:00,38.36460271252199,38.511706812115925,37.91593647136028,37.96742248535156,1883900,0.0,0.0,0.0
2022-10-21 00:00:00-04:00,37.974776903706605,38.614676471037626,37.87915882397024,38.56319046020508,2154400,0.0,0.0,0.0
2022-10-24 00:00:00-04:00,38.76178360165067,39.085410381662236,38.717651529285625,38.96772766113281,3827100,0.0,0.0,0.0
2022-10-25 00:00:00-04:00,39.011869783649125,39.32814270263273,38.98980233889295,39.29872131347656,4329600,0.0,0.0,0.0
2022-10-26 00:00:00-04:00,39.25458867013493,39.62529087319497,39.25458867013493,39.431114196777344,3752400,0.0,0.0,0.0
2022-10-27 00:00:00-04:00,39.64440642432911,39.8422586269252,39.54216950564121,39.58556365966797,2797000,0.0,0.0,0.0
2022-10-28 00:00:00-04:00,39.6664724633054,40.203400083859556,39.6444078286646,40.18133544921875,3344500,0.0,0.0,0.0
2022-10-31 00:00:00-04:00,40.15190627599058,40.291653611232604,40.05628820146866,40.1371955871582,5064200,0.0,0.0,0.0
2022-11-01 00:00:00-04:00,40.238351121067865,40.268102894257346,39.97803019887303,40.0970344543457,3024800,0.606,0.0,0.0
2022-11-02 00:00:00-04:00,40.15357424294085,40.41687155969149,39.64334223862415,39.6805305480957,3686300,0.0,0.0,0.0
2022-11-03 00:00:00-04:00,39.464823229891856,39.83671186736329,39.40531968599956,39.62845230102539,3804300,0.0,0.0,0.0
2022-11-04 00:00:00-04:00,39.96316026459344,40.14910461879532,39.56523946009285,40.01522445678711,3141600,0.0,0.0,0.0
2022-11-07 00:00:00-05:00,40.163981411380234,40.346206088158524,40.04423376664022,40.28298568725586,3042400,0.0,0.0,0.0
2022-11-08 00:00:00-05:00,40.401985633019315,40.71437359701601,40.264385801138154,40.535865783691406,4025200,0.0,0.0,0.0
2022-11-09 00:00:00-05:00,40.401981344180115,40.558173890955246,40.09703277497312,40.104469299316406,2560300,0.0,0.0,0.0
2022-11-10 00:00:00-05:00,40.98957155107029,41.10857581746522,40.758999543617705,41.049072265625,4690400,0.0,0.0,0.0
2022-11-11 00:00:00-05:00,41.071394038113574,41.108582345276254,40.69876192299168,40.8333854675293,2727400,0.0,0.0,0.0
2022-11-14 00:00:00-05:00,40.870558013703125,41.116003016154146,40.8370865640642,40.877994537353516,3505800,0.0,0.0,0.0
2022-11-15 00:00:00-05:00,41.14575816024138,41.14575816024138,40.721805345273395,40.95237731933594,4677000,0.0,0.0,0.0
2022-11-16 00:00:00-05:00,40.997003565302954,41.16063547757281,40.92262697097222,41.0565071105957,2720400,0.0,0.0,0.0
2022-11-17 00:00:00-05:00,40.90776724509769,41.056523329809856,40.848263676298295,41.026771545410156,3046000,0.0,0.0,0.0
2022-11-18 00:00:00-05:00,41.18295238991273,41.398648509247785,41.18295238991273,41.34658432006836,3318100,0.0,0.0,0.0
2022-11-21 00:00:00-05:00,41.3763358367667,41.614344367891796,41.35402058633994,41.57715606689453,4278000,0.0,0.0,0.0
2022-11-22 00:00:00-05:00,41.796556351744755,41.859776727993555,41.69614768577811,41.80771255493164,3420000,0.0,0.0,0.0
2022-11-23 00:00:00-05:00,41.800296045649425,41.92153043888719,41.800296045649425,41.89698791503906,2472700,0.0,0.0,0.0
2022-11-25 00:00:00-05:00,41.971351862898715,42.05316781712928,41.971351862898715,42.038291931152344,1311100,0.0,0.0,0.0
2022-11-28 00:00:00-05:00,42.02342490418094,42.03755742443109,41.71475658898042,41.777976989746094,2933100,0.0,0.0,0.0
2022-11-29 00:00:00-05:00,41.8449204405831,41.8449204405831,41.57716292685326,41.76310729980469,3274100,0.0,0.0,0.0
2022-11-30 00:00:00-05:00,41.76608133093456,42.231685638427734,41.59352610815353,42.231685638427734,4311500,0.0,0.0,0.0
2022-12-01 00:00:00-05:00,42.18657069660262,42.348219583401175,42.0888287755365,42.194087982177734,4228200,0.61,0.0,0.0
2022-12-02 00:00:00-05:00,42.06626284343095,42.31437335468401,41.96100366483283,42.224151611328125,2960800,0.0,0.0,0.0
2022-12-05 00:00:00-05:00,42.20911007537219,42.20911007537219,41.96851687106568,42.043701171875,3369000,0.0,0.0,0.0
2022-12-06 00:00:00-05:00,42.08129484018269,42.08129484018269,41.588828220961744,41.78055191040039,3562800,0.0,0.0,0.0
2022-12-07 00:00:00-05:00,41.735448814008464,41.976044931748866,41.705376808876466,41.80311584472656,3500400,0.0,0.0,0.0
2022-12-08 00:00:00-05:00,41.923409115556254,42.118892907812736,41.85574209025171,42.013633728027344,3607200,0.0,0.0,0.0
2022-12-09 00:00:00-05:00,41.99107780710674,42.09633985916658,41.76552200317383,41.76552200317383,3010400,0.0,0.0,0.0
2022-12-12 00:00:00-05:00,41.81815363776849,42.284305572509766,41.81815363776849,42.284305572509766,2824800,0.0,0.0,0.0
2022-12-13 00:00:00-05:00,42.78053912179434,42.795573693816586,42.13770074605322,42.35198211669922,5682800,0.0,0.0,0.0
2022-12-14 00:00:00-05:00,42.35949117532922,42.6527140304846,42.118897916324904,42.261749267578125,3769500,0.0,0.0,0.0
2022-12-15 00:00:00-05:00,42.04370809250051,42.07378296501361,41.42343033847939,41.585079193115234,4807300,0.0,0.0,0.0
2022-12-16 00:00:00-05:00,41.352016535828994,41.352016535828994,40.96105167168205,41.21668243408203,4840200,0.0,0.0,0.0
2022-12-19 00:00:00-05:00,41.15651440741273,41.35199530507397,40.80314189337828,40.983585357666016,4034600,0.0,0.0,0.0
2022-12-20 00:00:00-05:00,40.946004839645916,41.156526098579725,40.77608724364212,41.013671875,3567500,0.0,0.0,0.0
2022-12-21 00:00:00-05:00,41.26929457772254,41.637704558358074,41.2166649902171,41.524925231933594,3440700,0.0,0.0,0.0
2022-12-22 00:00:00-05:00,41.35200749219597,41.35200749219597,40.67533713144811,41.22419357299805,3593000,0.0,0.0,0.0
2022-12-23 00:00:00-05:00,41.20163104097725,41.47981643676758,41.08133442105999,41.47981643676758,3100600,0.0,0.0,0.0
2022-12-27 00:00:00-05:00,41.57756042480469,41.66026489291962,41.34448732531474,41.57756042480469,3353400,0.0,0.0,0.0
2022-12-28 00:00:00-05:00,41.59259650709435,41.72793056540293,41.14148489146421,41.164039611816406,4093200,0.0,0.0,0.0
2022-12-29 00:00:00-05:00,41.41705868318604,41.6829927463231,41.303089426212146,41.5842170715332,4576900,0.573,0.0,0.0
2022-12-30 00:00:00-05:00,41.50064734111794,41.50064734111794,41.075157380562125,41.40187454223633,4000300,0.0,0.0,0.0
2023-01-03 00:00:00-05:00,41.57661698925728,41.608528726495734,41.05994828293103,41.38666534423828,3670100,0.0,0.0,0.0
2023-01-04 00:00:00-05:00,41.493044081264,41.73618199181029,41.348678954204786,41.591819763183594,3526900,0.0,0.0,0.0
2023-01-05 00:00:00-05:00,41.468726758503806,41.468726758503806,41.09414205607831,41.166324615478516,3480000,0.0,0.0,0.0
2023-01-06 00:00:00-05:00,41.43985639802928,42.0021117096299,41.303090965816715,41.92613220214844,4908700,0.0,0.0,0.0
2023-01-09 00:00:00-05:00,42.04009888026557,42.1996575642315,41.76656805150566,41.80455780029297,6390600,0.0,0.0,0.0
2023-01-10 00:00:00-05:00,41.8030427487995,41.9337272644043,41.690589372370404,41.9337272644043,4676100,0.0,0.0,0.0
2023-01-11 00:00:00-05:00,41.95651703390612,42.16926193237305,41.95651703390612,42.16926193237305,4556400,0.0,0.0,0.0
2023-01-12 00:00:00-05:00,42.207259319078496,42.321231477278,42.02566673336273,42.21485900878906,5013000,0.0,0.0,0.0
2023-01-13 00:00:00-05:00,42.07809014820844,42.36301762204815,42.07809014820844,42.32122802734375,3628300,0.0,0.0,0.0
2023-01-17 00:00:00-05:00,42.32882826855618,42.465593699022634,42.207259319078496,42.21485900878906,4028700,0.0,0.0,0.0
2023-01-18 00:00:00-05:00,42.31362339326648,42.321223081469405,41.67538581051596,41.73617172241211,5801900,0.0,0.0,0.0
2023-01-19 00:00:00-05:00,41.62980869897441,41.68299493470767,41.4854435747563,41.50823974609375,4390900,0.0,0.0,0.0
2023-01-20 00:00:00-05:00,41.57662101130797,41.84255218068746,41.40946262002237,41.79696273803711,4096400,0.0,0.0,0.0
2023-01-23 00:00:00-05:00,42.017308187328176,42.017308187328176,41.75897380410724,41.88054275512695,6425100,0.0,0.0,0.0
2023-01-24 00:00:00-05:00,41.85015096899389,41.96412022551661,41.682992581308476,41.9337272644043,5721300,0.0,0.0,0.0
2023-01-25 00:00:00-05:00,41.82433292366028,41.94134267953922,41.608547456347154,41.91094970703125,5590100,0.0,0.0,0.0
2023-01-26 00:00:00-05:00,41.97171991501084,41.979316706072765,41.81215831838735,41.9337272644043,9693800,0.0,0.0,0.0
2023-01-27 00:00:00-05:00,41.88053729786759,41.92612673547159,41.75137157230433,41.80455780029297,5570500,0.0,0.0,0.0
2023-01-30 00:00:00-05:00,41.781764530706994,41.98690975384488,41.774164841890304,41.80455780029297,5568200,0.0,0.0,0.0
2023-01-31 00:00:00-05:00,41.872938301859044,42.14646911621094,41.827348866656436,42.14646911621094,7037000,0.0,0.0,0.0
2023-02-01 00:00:00-05:00,42.12656928284385,42.264438288787865,41.942742967645124,42.15720748901367,6340400,0.444,0.0,0.0
2023-02-02 00:00:00-05:00,42.14954668593161,42.1725268015832,41.8967887883255,42.08061218261719,9691300,0.0,0.0,0.0
2023-02-03 00:00:00-05:00,41.97337178178427,42.08826356830262,41.76656831914294,41.88911819458008,8327900,0.0,0.0,0.0
2023-02-06 00:00:00-05:00,41.8293603507092,41.99633643022148,41.8293603507092,41.9656982421875,4600800,0.0,0.0,0.0
2023-02-07 00:00:00-05:00,41.95039893740566,42.01933343209132,41.7512535430605,41.98103713989258,4355500,0.0,0.0,0.0
2023-02-08 00:00:00-05:00,41.93200649879637,41.942729575349915,41.804863535246625,41.83549880981445,4377900,0.0,0.0,0.0
2023-02-09 00:00:00-05:00,41.97336793697596,41.99634804526633,41.67465282557429,41.689971923828125,3725100,0.0,0.0,0.0
2023-02-10 00:00:00-05:00,41.68997483191558,41.97337086483172,41.66699764384167,41.95039367675781,4380900,0.0,0.0,0.0
2023-02-13 00:00:00-05:00,42.01932019738053,42.18782733616454,42.004001100962086,42.172508239746094,3512000,0.0,0.0,0.0
2023-02-14 00:00:00-05:00,42.21081051757643,42.25676489154249,41.94273067489077,42.088260650634766,4925700,0.0,0.0,0.0
2023-02-15 00:00:00-05:00,42.07294572636812,42.19549560546875,42.00784174224395,42.19549560546875,4002700,0.0,0.0,0.0
2023-02-16 00:00:00-05:00,42.04614223014064,42.15720352569993,41.82785014488822,41.9733772277832,4742200,0.0,0.0,0.0
2023-02-17 00:00:00-05:00,41.88146533871647,42.095926917073385,41.820188932431705,42.04997253417969,3952100,0.0,0.0,0.0
2023-02-21 00:00:00-05:00,41.84316801275343,41.896783406019104,41.582749136111666,41.59806823730469,5479700,0.0,0.0,0.0
2023-02-22 00:00:00-05:00,41.605715597086174,41.72826545320556,41.36827397255905,41.4831657409668,4520800,0.0,0.0,0.0
2023-02-23 00:00:00-05:00,41.666998559674454,41.682314737514076,41.21126484072873,41.55976486206055,4055800,0.0,0.0,0.0
2023-02-24 00:00:00-05:00,41.2457275390625,41.33764213014351,40.99296971813795,41.2457275390625,4727800,0.0,0.0,0.0
2023-02-27 00:00:00-05:00,41.498483726278884,41.68230704462298,41.26870311743928,41.36061477661133,7071700,0.0,0.0,0.0
2023-02-28 00:00:00-05:00,41.356795181259585,41.44487928082318,41.19977951049805,41.19977951049805,5348000,0.0,0.0,0.0
2023-03-01 00:00:00-05:00,41.15038376270301,41.17354081585009,40.876382679051275,41.0307502746582,4360300,0.411,0.0,0.0
2023-03-02 00:00:00-05:00,40.90725656968919,41.42978744791306,40.868665407071745,41.34720230102539,3454500,0.0,0.0,0.0
2023-03-03 00:00:00-05:00,41.48612335882584,41.73311027630052,41.33252721019673,41.70223617553711,4499200,0.0,0.0,0.0
2023-03-06 00:00:00-05:00,41.74083438917571,41.91526748148661,41.71767733916178,41.76398849487305,3774000,0.0,0.0,0.0
2023-03-07 00:00:00-05:00,41.802568216757344,41.825722316120526,41.20825513047069,41.26228332519531,6938300,0.0,0.0,0.0
2023-03-08 00:00:00-05:00,41.30088416775188,41.370349426464415,41.07705428462615,41.29316711425781,3948700,0.0,0.0,0.0
2023-03-09 00:00:00-05:00,41.37653440119297,41.4475424951248,40.66798745104983,40.78376388549805,5065500,0.0,0.0,0.0
2023-03-10 00:00:00-05:00,40.78375415007881,40.85862222577184,40.15084979996002,40.23575210571289,6146300,0.0,0.0,0.0
2023-03-13 00:00:00-04:00,40.03507654050084,40.729729147346774,39.97333127784596,40.2897834777832,5874500,0.0,0.0,0.0
2023-03-14 00:00:00-04:00,40.675699762266156,40.907249643080675,40.35538757257589,40.776039123535156,4611600,0.0,0.0,0.0
2023-03-15 00:00:00-04:00,40.29749145492748,40.55219833483991,40.08909571981256,40.5290412902832,5393100,0.0,0.0,0.0
2023-03-16 00:00:00-04:00,40.36696589874765,40.99987030029297,40.30136063690472,40.99987030029297,4580800,0.0,0.0,0.0
2023-03-17 00:00:00-04:00,40.89952560063299,40.9072426528043,40.42484592340802,40.54447937011719,3662500,0.0,0.0,0.0
2023-03-20 00:00:00-04:00,40.62167144238023,40.97671478826693,40.62167144238023,40.91496658325195,3814700,0.0,0.0,0.0
2023-03-21 00:00:00-04:00,41.223701397890814,41.25071550129487,40.976714468391904,41.21598434448242,3745400,0.0,0.0,0.0
2023-03-22 00:00:00-04:00,41.21598455733012,41.42669456496989,40.69113659335539,40.722007751464844,3959900,0.0,0.0,0.0
2023-03-23 00:00:00-04:00,40.907243104029085,41.22369524423101,40.58307391157073,40.79918670654297,7166900,0.0,0.0,0.0
2023-03-24 00:00:00-04:00,40.76059450109513,41.12335483407365,40.52904171897428,41.10791778564453,5244200,0.0,0.0,0.0
2023-03-27 00:00:00-04:00,41.30860416556243,41.412800581472986,41.21598480205121,41.29316711425781,3910900,0.0,0.0,0.0
2023-03-28 00:00:00-04:00,41.28544838408017,41.401221847688284,41.20054607751108,41.331756591796875,3916300,0.0,0.0,0.0
2023-03-29 00:00:00-04:00,41.5941786604526,41.679080963134766,41.54015045771235,41.679080963134766,3969200,0.0,0.0,0.0
2023-03-30 00:00:00-04:00,41.841163635253906,41.864320681296924,41.68679608700353,41.841163635253906,4289800,0.0,0.0,0.0
2023-03-31 00:00:00-04:00,41.92606858187476,42.149901393758306,41.91835152891711,42.142181396484375,6179800,0.0,0.0,0.0
2023-04-03 00:00:00-04:00,42.16163958153567,42.25502001135843,42.05269525199072,42.22389221191406,3933600,0.445,0.0,0.0
2023-04-04 00:00:00-04:00,42.24724759067462,42.286155863134006,42.052703259866774,42.11495590209961,3678600,0.0,0.0,0.0
2023-04-05 00:00:00-04:00,42.122731446320756,42.28614794114188,42.122731446320756,42.25502014160156,3425200,0.0,0.0,0.0
2023-04-06 00:00:00-04:00,42.29392853694291,42.33128130280418,42.18498420672686,42.28614807128906,3266900,0.0,0.0,0.0
2023-04-10 00:00:00-04:00,42.23945440519351,42.37952652852402,42.15385444443484,42.37174606323242,4149300,0.0,0.0,0.0
2023-04-11 00:00:00-04:00,42.42621935534246,42.58185538190997,42.41843592133342,42.48847198486328,3929200,0.0,0.0,0.0
2023-04-12 00:00:00-04:00,42.6519046361562,42.714157284929556,42.49626856145599,42.5429573059082,3823500,0.0,0.0,0.0
2023-04-13 00:00:00-04:00,42.58963204492418,42.729704159478,42.473685011432096,42.6907958984375,3740500,0.0,0.0,0.0
2023-04-14 00:00:00-04:00,42.68300837830834,42.73748053225143,42.535155813107025,42.628536224365234,3115200,0.0,0.0,0.0
2023-04-17 00:00:00-04:00,42.68301640967575,42.745272007901924,42.61298034592645,42.721927642822266,3572300,0.0,0.0,0.0
2023-04-18 00:00:00-04:00,42.815314995500835,42.83087889757428,42.66746237856924,42.75305938720703,3548100,0.0,0.0,0.0
2023-04-19 00:00:00-04:00,42.72192547757013,42.81530590166634,42.70636157880241,42.760833740234375,3737100,0.0,0.0,0.0
2023-04-20 00:00:00-04:00,42.683014312327515,42.846433765386,42.65188948325414,42.776397705078125,4249700,0.0,0.0,0.0
2023-04-21 00:00:00-04:00,42.861995697021484,42.90790667311647,42.7491596623424,42.861995697021484,4211500,0.0,0.0,0.0
2023-04-24 00:00:00-04:00,42.91647109102628,42.97094325414843,42.83865159477304,42.924251556396484,4854100,0.0,0.0,0.0
2023-04-25 00:00:00-04:00,42.85422945530862,42.8620128917248,42.5196129336821,42.5429573059082,4652500,0.0,0.0,0.0
2023-04-26 00:00:00-04:00,42.550732738137974,42.550732738137974,42.13829974099942,42.192771911621094,5363700,0.0,0.0,0.0
2023-04-27 00:00:00-04:00,42.3328408184101,42.854218116921665,42.3328408184101,42.79196548461914,6862500,0.0,0.0,0.0
2023-04-28 00:00:00-04:00,42.77640269275796,43.111019134521484,42.77251097547871,43.111019134521484,5066200,0.0,0.0,0.0
2023-05-01 00:00:00-04:00,43.10709062378044,43.31097948969775,43.10316882113041,43.185508728027344,4217500,0.425,0.0,0.0
2023-05-02 00:00:00-04:00,43.16198560057473,43.169826214725674,42.62873409453954,42.94240951538086,5161700,0.0,0.0,0.0
2023-05-03 00:00:00-04:00,42.96594533724282,43.0365228435728,42.62874202827291,42.66011047363281,4841000,0.0,0.0,0.0
2023-05-04 00:00:00-04:00,42.628726857314575,42.6600952915109,42.299364281170305,42.45620346069336,4792300,0.0,0.0,0.0
2023-05-05 00:00:00-04:00,42.66794414965145,42.97377896351993,42.659316781569785,42.91104507446289,4470600,0.0,0.0,0.0
2023-05-08 00:00:00-04:00,42.981620750636814,42.981620750636814,42.78557249450786,42.89535903930664,3708300,0.0,0.0,0.0
2023-05-09 00:00:00-04:00,42.801272126612794,42.86400603560572,42.70716677593331,42.77774429321289,3322500,0.0,0.0,0.0
2023-05-10 00:00:00-04:00,42.97377914856799,43.02867242352645,42.59736683822753,42.879676818847656,3639400,0.0,0.0,0.0
2023-05-11 00:00:00-04:00,42.84830815964048,42.863992379756965,42.644419281044435,42.82478332519531,3383600,0.0,0.0,0.0
2023-05-12 00:00:00-04:00,42.92672966455349,42.97377933388699,42.664022714451846,42.84830856323242,3242600,0.0,0.0,0.0
2023-05-15 00:00:00-04:00,42.918882461137024,42.92672606634123,42.73851843040579,42.9031982421875,3311300,0.0,0.0,0.0
2023-05-16 00:00:00-04:00,42.856153675648386,42.856153675648386,42.550315856933594,42.550315856933594,7855100,0.0,0.0,0.0
2023-05-17 00:00:00-04:00,42.722835616646286,42.92672747823743,42.56835069167358,42.89535903930664,6800700,0.0,0.0,0.0
2023-05-18 00:00:00-04:00,42.8640024479584,43.012998086873466,42.746372265184526,43.005157470703125,4526300,0.0,0.0,0.0
2023-05-19 00:00:00-04:00,43.091407554956554,43.15335767947782,42.93456835081702,43.03651428222656,7014200,0.0,0.0,0.0
2023-05-22 00:00:00-04:00,43.09924430352873,43.17766539429458,42.91260719298586,42.95024871826172,4157200,0.0,0.0,0.0
2023-05-23 00:00:00-04:00,42.88750540251252,42.8953490061401,42.534621017186794,42.597354888916016,5497700,0.0,0.0,0.0
2023-05-24 00:00:00-04:00,42.48758307562961,42.4954236905127,42.17782643720924,42.228797912597656,5310600,0.0,0.0,0.0
2023-05-25 00:00:00-04:00,42.24447050721223,42.33857580866543,42.07586891476502,42.260154724121094,5108000,0.0,0.0,0.0
2023-05-26 00:00:00-04:00,42.34641693246478,42.56520622678581,42.31504849826846,42.45620346069336,4661900,0.0,0.0,0.0
2023-05-30 00:00:00-04:00,42.55815115039593,42.55815115039593,42.291525431528385,42.38562774658203,5850200,0.0,0.0,0.0
2023-05-31 00:00:00-04:00,42.322904893770456,42.46405989885654,42.20527472571224,42.36211395263672,5734500,0.0,0.0,0.0
2023-06-01 00:00:00-04:00,42.46079002136687,42.62659309328819,42.30288692324529,42.57132339477539,4999500,0.365,0.0,0.0
2023-06-02 00:00:00-04:00,42.6897741551743,42.95031981298881,42.65029836175664,42.926631927490234,5167500,0.0,0.0,0.0
2023-06-05 00:00:00-04:00,42.93453274503617,42.98585097990203,42.84768418463991,42.95821762084961,5505600,0.0,0.0,0.0
2023-06-06 00:00:00-04:00,42.95030772583983,42.95820167757784,42.79240158479743,42.87135314941406,4366800,0.0,0.0,0.0
2023-06-07 00:00:00-04:00,42.86347510578562,42.98585097990203,42.77662654538935,42.95821762084961,4669400,0.0,0.0,0.0
2023-06-08 00:00:00-04:00,42.97398688103608,43.052938435158985,42.91872019078831,43.037147521972656,3447400,0.0,0.0,0.0
2023-06-09 00:00:00-04:00,43.02925674573942,43.060838574442,42.9424082227118,42.98188400268555,6459200,0.0,0.0,0.0
2023-06-12 00:00:00-04:00,43.0371622389036,43.06085012268773,42.95821065778252,43.04505920410156,4094700,0.0,0.0,0.0
2023-06-13 00:00:00-04:00,43.10822241910007,43.131910304286784,43.00558595992746,43.116119384765625,4313300,0.0,0.0,0.0
2023-06-14 00:00:00-04:00,43.11610208790429,43.14768391427694,43.005568707408734,43.037147521972656,4593300,0.0,0.0,0.0
2023-06-15 00:00:00-04:00,43.084529886149404,43.30559669652444,43.06873896943556,43.26612091064453,4341800,0.0,0.0,0.0
2023-06-16 00:00:00-04:00,43.311114437674675,43.40822720012962,43.2976938177299,43.30558776855469,3558600,0.0,0.0,0.0
2023-06-20 00:00:00-04:00,43.28191686394342,43.28191686394342,43.15559252734208,43.16348648071289,3827700,0.0,0.0,0.0
2023-06-21 00:00:00-04:00,43.18716548318214,43.30559283024881,43.06873512430633,43.234535217285156,3765300,0.0,0.0,0.0
2023-06-22 00:00:00-04:00,43.202963481192306,43.25823018791235,43.13979980962103,43.24243927001953,3489100,0.0,0.0,0.0
2023-06-23 00:00:00-04:00,43.18716232374534,43.22268962172354,43.0884713691718,43.13978958129883,3785300,0.0,0.0,0.0
2023-06-26 00:00:00-04:00,43.155577967037004,43.28190226101766,43.10031127665851,43.25032043457031,4131100,0.0,0.0,0.0
2023-06-27 00:00:00-04:00,43.28189598707207,43.424011173676035,43.245576590741436,43.39242935180664,4989600,0.0,0.0,0.0
2023-06-28 00:00:00-04:00,43.39243574639452,43.39243574639452,43.226635674859295,43.31348419189453,5061000,0.0,0.0,0.0
2023-06-29 00:00:00-04:00,43.33716471244231,43.49507081742499,43.220315580187005,43.47138595581055,4573100,0.0,0.0,0.0
2023-06-30 00:00:00-04:00,43.558227770954744,43.708239913323624,43.53454291134205,43.68455505371094,7666300,0.0,0.0,0.0
2023-07-03 00:00:00-04:00,43.6678774983855,43.72350512451958,43.50894012451172,43.707611083984375,2907700,0.359,0.0,0.0
2023-07-05 00:00:00-04:00,43.604304844706654,43.683775053776955,43.54867721409669,43.66788101196289,3590600,0.0,0.0,0.0
2023-07-06 00:00:00-04:00,43.524831571794344,43.524831571794344,43.34205466374692,43.46920394897461,4975000,0.0,0.0,0.0
2023-07-07 00:00:00-04:00,43.46919641190408,43.57250613557573,43.35396691847753,43.36588668823242,4042200,0.0,0.0,0.0
2023-07-10 00:00:00-04:00,43.36589639976939,43.63608902347268,43.36589639976939,43.59635543823242,4643700,0.0,0.0,0.0
2023-07-11 00:00:00-04:00,43.667877798958386,43.775158783961615,43.58840759573536,43.747344970703125,4096600,0.0,0.0,0.0
2023-07-12 00:00:00-04:00,43.88244298415311,43.93807061090297,43.79900154402832,43.89038848876953,6094800,0.0,0.0,0.0
2023-07-13 00:00:00-04:00,43.93012228425708,43.93012228425708,43.85860061645508,43.85860061645508,4867900,0.0,0.0,0.0
2023-07-14 00:00:00-04:00,43.89038858019275,43.977804288546984,43.83634944795796,43.961910247802734,4039300,0.0,0.0,0.0
2023-07-17 00:00:00-04:00,43.93012375702418,44.06522159250306,43.85224507659217,44.00959396362305,4518900,0.0,0.0,0.0
2023-07-18 00:00:00-04:00,44.03343912776056,44.16058844306237,43.94602340508829,44.02549362182617,4448800,0.0,0.0,0.0
2023-07-19 00:00:00-04:00,44.104955778596015,44.1844229547949,44.04376538599762,44.08906173706055,4522600,0.0,0.0,0.0
2023-07-20 00:00:00-04:00,44.08112071566502,44.25594912738062,44.0564838877617,44.240055084228516,4363100,0.0,0.0,0.0
2023-07-21 00:00:00-04:00,44.28772143598152,44.454604282407665,44.271827398491745,44.406925201416016,3560800,0.0,0.0,0.0
2023-07-24 00:00:00-04:00,44.414881157018776,44.46256328070962,44.379121837859444,44.438720703125,7898200,0.0,0.0,0.0
2023-07-25 00:00:00-04:00,44.38308995272593,44.398983992838254,44.279783239213124,44.3671989440918,4649500,0.0,0.0,0.0
2023-07-26 00:00:00-04:00,44.335417280420835,44.446672545830594,44.27978964771596,44.43077850341797,4311600,0.0,0.0,0.0
2023-07-27 00:00:00-04:00,44.446670057736945,44.47845814078272,44.2122367346224,44.263893127441406,5089900,0.0,0.0,0.0
2023-07-28 00:00:00-04:00,44.38309629221929,44.398990334601855,44.26389552156803,44.359256744384766,4359100,0.0,0.0,0.0
2023-07-31 00:00:00-04:00,44.422819238905795,44.446658779401616,44.327455013967125,44.406925201416016,5094700,0.0,0.0,0.0
2023-08-01 00:00:00-04:00,44.335042865060764,44.45486852415384,44.311078952159384,44.390960693359375,3938900,0.29,0.0,0.0
2023-08-02 00:00:00-04:00,44.24716668387951,44.374979285357206,44.19923886288337,44.2311897277832,4592000,0.0,0.0,0.0
2023-08-03 00:00:00-04:00,44.14331998163147,44.271132588867346,44.0314843312117,44.17527389526367,4157800,0.0,0.0,0.0
2023-08-04 00:00:00-04:00,44.271136578479585,44.41492615548954,43.99154742723424,44.03947830200195,4962700,0.0,0.0,0.0
2023-08-07 00:00:00-04:00,44.09539739730792,44.430904388427734,44.08740739430414,44.430904388427734,4127000,0.0,0.0,0.0
2023-08-08 00:00:00-04:00,44.24716850676015,44.32705329053277,44.039474163537164,44.287109375,4570400,0.0,0.0,0.0
2023-08-09 00:00:00-04:00,44.28711237695424,44.40693803708897,44.151312806275136,44.21521759033203,3050600,0.0,0.0,0.0
2023-08-10 00:00:00-04:00,44.36700460220491,44.63061683247326,44.19925108773472,44.27913284301758,3977600,0.0,0.0,0.0
2023-08-11 00:00:00-04:00,44.176877903008986,44.38297854654462,44.135340246326926,44.35102462768555,2922200,0.0,0.0,0.0
2023-08-14 00:00:00-04:00,44.29510280476003,44.47483824939449,44.263947279583824,44.46285629272461,3269000,0.0,0.0,0.0
2023-08-15 00:00:00-04:00,44.31906745324731,44.31906745324731,43.97796868872798,44.03947830200195,3682900,0.0,0.0,0.0
2023-08-16 00:00:00-04:00,44.01551858682104,44.17528514838772,43.78386027220774,43.791847229003906,6538100,0.0,0.0,0.0
2023-08-17 00:00:00-04:00,43.91165714164339,43.947603005257164,43.504252403598315,43.544193267822266,3834200,0.0,0.0,0.0
2023-08-18 00:00:00-04:00,43.30454503518595,43.63206499749052,43.256617217034254,43.544193267822266,3313400,0.0,0.0,0.0
2023-08-21 00:00:00-04:00,43.58415122495531,43.70397385624172,43.344499867795314,43.62409210205078,2877600,0.0,0.0,0.0
2023-08-22 00:00:00-04:00,43.70395977201068,43.759877591382725,43.504252403598315,43.544193267822266,3604400,0.0,0.0,0.0
2023-08-23 00:00:00-04:00,43.640049712902915,43.935615729111476,43.62407275968999,43.871707916259766,3413000,0.0,0.0,0.0
2023-08-24 00:00:00-04:00,43.89569351254685,44.11936485793821,43.51225561446443,43.52823257446289,3200700,0.0,0.0,0.0
2023-08-25 00:00:00-04:00,43.66403436991902,43.959600526592084,43.476308889567996,43.85575485229492,3348700,0.0,0.0,0.0
2023-08-28 00:00:00-04:00,44.00752820981345,44.151317799318946,43.943620371236136,44.063446044921875,3789600,0.0,0.0,0.0
2023-08-29 00:00:00-04:00,44.103390904346064,44.406947070422305,44.04028449824987,44.39896011352539,3871600,0.0,0.0,0.0
2023-08-30 00:00:00-04:00,44.39895712548658,44.56671063467563,44.39895712548658,44.51877975463867,4378500,0.0,0.0,0.0
2023-08-31 00:00:00-04:00,44.58827191162321,44.590667083941874,44.398949690485914,44.40693664550781,4070600,0.0,0.0,0.0
2023-09-01 00:00:00-04:00,44.58216084254648,44.60627135947926,44.405342209211334,44.493751525878906,3164900,0.338,0.0,0.0
2023-09-05 00:00:00-04:00,44.493734974462754,44.50177078847256,44.23654600306748,44.252620697021484,2965800,0.0,0.0,0.0
2023-09-06 00:00:00-04:00,44.20439661515948,44.28476701899511,44.02757804759984,44.252620697021484,4071100,0.0,0.0,0.0
2023-09-07 00:00:00-04:00,44.13688574853051,44.38925201091208,44.132063033640684,44.316917419433594,4945000,0.0,0.0,0.0
2023-09-08 00:00:00-04:00,44.324953366371844,44.43747315324031,44.26065459334173,44.349063873291016,3219400,0.0,0.0,0.0
2023-09-11 00:00:00-04:00,44.4254296051594,44.53392998081801,44.37318607182354,44.52589416503906,3234800,0.0,0.0,0.0
2023-09-12 00:00:00-04:00,44.429434273644425,44.47765835341701,44.30083979351843,44.349063873291016,3269600,0.0,0.0,0.0
2023-09-13 00:00:00-04:00,44.326565174745795,44.48569944478655,44.324958625009714,44.429439544677734,3085100,0.0,0.0,0.0
2023-09-14 00:00:00-04:00,44.558037805626476,44.702707008399194,44.50177790076318,44.67859649658203,2703800,0.0,0.0,0.0
2023-09-15 00:00:00-04:00,44.61429808447948,44.63841166243365,44.31692386114713,44.35710906982422,3465200,0.0,0.0,0.0
2023-09-18 00:00:00-04:00,44.35710494940432,44.52588771566536,44.32093918473491,44.429439544677734,2533200,0.0,0.0,0.0
2023-09-19 00:00:00-04:00,44.42945087793125,44.437489760531456,44.08385250857207,44.341041564941406,3740500,0.0,0.0,0.0
2023-09-20 00:00:00-04:00,44.42141395332735,44.54196959590498,44.164224903372705,44.18833541870117,3287000,0.0,0.0,0.0
2023-09-21 00:00:00-04:00,44.019547928342504,44.0275837433919,43.541335685631985,43.56946563720703,4375500,0.0,0.0,0.0
2023-09-22 00:00:00-04:00,43.68197897762946,43.80253764706852,43.49712459950808,43.529273986816406,3547800,0.0,0.0,0.0
2023-09-25 00:00:00-04:00,43.4489041643335,43.64179435888904,43.38540866366202,43.633758544921875,3006300,0.0,0.0,0.0
2023-09-26 00:00:00-04:00,43.416755560704516,43.43684662895245,43.03900791280409,43.079193115234375,5683300,0.0,0.0,0.0
2023-09-27 00:00:00-04:00,43.22385316797985,43.23992785874392,42.73358583044387,42.99881362915039,4692600,0.0,0.0,0.0
2023-09-28 00:00:00-04:00,42.998830883670045,43.32031869609018,42.95864567360128,43.183685302734375,5007300,0.0,0.0,0.0
2023-09-29 00:00:00-04:00,43.43283012221141,43.44086593629916,42.926487988519874,43.04704666137695,4681300,0.0,0.0,0.0
2023-10-02 00:00:00-04:00,42.99688372496258,43.00093059333642,42.5720551513932,42.85527420043945,4792900,0.363,0.0,0.0
2023-10-03 00:00:00-04:00,42.66107034058988,42.84718616802643,42.321204374116284,42.40212631225586,7589400,0.0,0.0,0.0
2023-10-04 00:00:00-04:00,42.48303889150269,42.7581672668457,42.30906060875849,42.7581672668457,6039200,0.0,0.0,0.0
2023-10-05 00:00:00-04:00,42.70152261887011,42.74198203773966,42.33738167533254,42.55586624145508,4213100,0.0,0.0,0.0
2023-10-06 00:00:00-04:00,42.36165294282638,43.06161286577245,42.19172154656971,42.89572525024414,4768300,0.0,0.0,0.0
2023-10-09 00:00:00-04:00,42.733887070791376,43.142531172996186,42.693424569154445,43.1223030090332,2503200,0.0,0.0,0.0
2023-10-10 00:00:00-04:00,43.178958330565756,43.5188212096581,43.14658955535992,43.365074157714844,3272900,0.0,0.0,0.0
2023-10-11 00:00:00-04:00,43.44598071456571,43.50262451171875,43.267958675022754,43.50262451171875,2707300,0.0,0.0,0.0
2023-10-12 00:00:00-04:00,43.54308409930228,43.563312261586105,43.089930665542305,43.2679557800293,3391200,0.0,0.0,0.0
2023-10-13 00:00:00-04:00,43.38772692376264,43.53500082188143,43.08589414744624,43.25987243652344,3436400,0.0,0.0,0.0
2023-10-16 00:00:00-04:00,43.43788996746757,43.72920268750801,43.41361493641601,43.64019012451172,3184100,0.0,0.0,0.0
2023-10-17 00:00:00-04:00,43.53499413442132,43.8748600108827,43.51071910283675,43.74538803100586,2903700,0.0,0.0,0.0
2023-10-18 00:00:00-04:00,43.737306565502635,43.737306565502635,43.276062314870416,43.324615478515625,3029300,0.0,0.0,0.0
2023-10-19 00:00:00-04:00,43.38124567349051,43.47025823546712,42.938612218798035,43.00901412963867,4153700,0.0,0.0,0.0
2023-10-20 00:00:00-04:00,42.95236645060443,43.069697813307066,42.62463813051036,42.628684997558594,3403500,0.0,0.0,0.0
2023-10-23 00:00:00-04:00,42.50730725718396,42.85526376808328,42.37783528244389,42.4830322265625,3146000,0.0,0.0,0.0
2023-10-24 00:00:00-04:00,42.66106160929358,42.867405563891076,42.54372713814788,42.774349212646484,3484200,0.0,0.0,0.0
2023-10-25 00:00:00-04:00,42.644874451082934,42.644874451082934,42.2645491615464,42.36165237426758,4311800,0.0,0.0,0.0
2023-10-26 00:00:00-04:00,42.264557124315544,42.402122864539194,42.00561311703626,42.02988815307617,4238400,0.0,0.0,0.0
2023-10-27 00:00:00-04:00,42.07843642878265,42.126989582083915,41.57673285875907,41.68192672729492,4815100,0.0,0.0,0.0
2023-10-30 00:00:00-04:00,41.91659693901219,42.28073788264536,41.868046871098294,42.175540924072266,3296400,0.0,0.0,0.0
2023-10-31 00:00:00-04:00,42.272645122538364,42.604417279756554,42.17958568559108,42.58013916015625,3473000,0.0,0.0,0.0
2023-11-01 00:00:00-04:00,42.644501756510785,42.97692432069777,42.62413153084876,42.962257385253906,3722600,0.359,0.0,0.0
2023-11-02 00:00:00-04:00,43.12522495255359,43.46742248535156,43.12522495255359,43.46742248535156,3549800,0.0,0.0,0.0
2023-11-03 00:00:00-04:00,43.687401841972104,43.768879653679534,43.597777803124295,43.662960052490234,5772800,0.0,0.0,0.0
2023-11-06 00:00:00-05:00,43.75259100124704,43.76888656616211,43.63037581841464,43.76888656616211,3255800,0.0,0.0,0.0
2023-11-07 00:00:00-05:00,43.62222270066688,43.75258409133805,43.573336013642425,43.662960052490234,3046600,0.0,0.0,0.0
2023-11-08 00:00:00-05:00,43.7118407566443,43.75257810289191,43.54318497295771,43.6955451965332,3267500,0.0,0.0,0.0
2023-11-09 00:00:00-05:00,43.736298362969954,43.76888949498094,43.451133728027344,43.451133728027344,4188900,0.0,0.0,0.0
2023-11-10 00:00:00-05:00,43.55703473223961,43.85034859975265,43.48370626536134,43.83405303955078,2566800,0.0,0.0,0.0
2023-11-13 00:00:00-05:00,43.77702013287439,43.874790386025296,43.72813345226878,43.83405303955078,2471400,0.0,0.0,0.0
2023-11-14 00:00:00-05:00,44.14365851230302,44.20558039229824,44.082550944035894,44.15995407104492,4067100,0.0,0.0,0.0
2023-11-15 00:00:00-05:00,44.200696374094605,44.20232499773355,44.102926118731396,44.15180969238281,3050000,0.0,0.0,0.0
2023-11-16 00:00:00-05:00,44.15994561055152,44.22512472497159,44.13550072309198,44.14365005493164,2895900,0.0,0.0,0.0
2023-11-17 00:00:00-05:00,44.2414370279102,44.25773258969866,44.17625788881697,44.21699523925781,2615300,0.0,0.0,0.0
2023-11-20 00:00:00-05:00,44.257729913610575,44.257729913610575,44.1599596568522,44.20884323120117,3205300,0.0,0.0,0.0
2023-11-21 00:00:00-05:00,44.233296678695055,44.37995364621813,44.22514734268765,44.34736251831055,3351900,0.0,0.0,0.0
2023-11-22 00:00:00-05:00,44.39623788016687,44.48585879694974,44.37179298644406,44.469566345214844,3901000,0.0,0.0,0.0
2023-11-24 00:00:00-05:00,44.47772557213437,44.559200286865234,44.45735533942108,44.559200286865234,1522000,0.0,0.0,0.0
2023-11-27 00:00:00-05:00,44.55919605124562,44.567345386780744,44.44513021824059,44.46142578125,4783400,0.0,0.0,0.0
2023-11-28 00:00:00-05:00,44.5266060641597,44.54697318597512,44.39217000632294,44.453277587890625,3399800,0.0,0.0,0.0
2023-11-29 00:00:00-05:00,44.52659790682296,44.52659790682296,44.37179164747081,44.41252899169922,3628200,0.0,0.0,0.0
2023-11-30 00:00:00-05:00,44.428832093621324,44.59178460625932,44.36365295340253,44.57548904418945,3229900,0.0,0.0,0.0
2023-12-01 00:00:00-05:00,44.62471916128281,44.76422119140625,44.57548149339367,44.76422119140625,3574000,0.39,0.0,0.0
2023-12-04 00:00:00-05:00,44.649350267682706,44.829885308852326,44.649350267682706,44.813472747802734,3143800,0.0,0.0,0.0
2023-12-05 00:00:00-05:00,44.73961011907475,44.78884779378329,44.59190022532451,44.624725341796875,3345700,0.0,0.0,0.0
2023-12-06 00:00:00-05:00,44.75602373282608,44.75602373282608,44.61651854971618,44.66575622558594,3269600,0.0,0.0,0.0
2023-12-07 00:00:00-05:00,44.67395436756299,44.731396749106075,44.608307273103044,44.70677947998047,3280900,0.0,0.0,0.0
2023-12-08 00:00:00-05:00,44.64934331410878,44.69037314515492,44.53445853502941,44.632930755615234,2869100,0.0,0.0,0.0
2023-12-11 00:00:00-05:00,44.70679405478536,44.92835894027293,44.65755637010722,44.8873291015625,3768200,0.0,0.0,0.0
2023-12-12 00:00:00-05:00,44.944770483910055,45.100685119628906,44.925074158334475,45.100685119628906,3025200,0.0,0.0,0.0
2023-12-13 00:00:00-05:00,45.117087006734856,45.355064392089844,45.05143990789137,45.355064392089844,3566200,0.0,0.0,0.0
2023-12-14 00:00:00-05:00,45.40430235752106,45.40430235752106,45.15811712673465,45.19915008544922,5764700,0.0,0.0,0.0
2023-12-15 00:00:00-05:00,45.14170110229912,45.18273405786223,45.06784616481054,45.17452621459961,3511300,0.0,0.0,0.0
2023-12-18 00:00:00-05:00,45.19093668304967,45.223761793833724,45.125289591856436,45.158111572265625,5357800,0.0,0.0,0.0
2023-12-19 00:00:00-05:00,45.23198075316413,45.24839331372566,45.182746201855394,45.24018859863281,4827000,0.0,0.0,0.0
2023-12-20 00:00:00-05:00,45.215559797132414,45.215559797132414,44.95706905962969,44.98579025268555,4393400,0.0,0.0,0.0
2023-12-21 00:00:00-05:00,45.10887912037365,45.17452621459961,44.9693739582841,45.17452621459961,3555700,0.0,0.0,0.0
2023-12-22 00:00:00-05:00,45.1334919145649,45.272993932448244,45.1334919145649,45.231964111328125,3296300,0.0,0.0,0.0
2023-12-26 00:00:00-05:00,45.25659701475646,45.371481797790565,45.255773725984305,45.33045196533203,2818600,0.0,0.0,0.0
2023-12-27 00:00:00-05:00,45.371487011899745,45.40431213378906,45.28121949189206,45.40431213378906,3500600,0.0,0.0,0.0
2023-12-28 00:00:00-05:00,45.427461346528816,45.501892047969804,45.41092084012203,45.46881103515625,3791800,0.428,0.0,0.0
2023-12-29 00:00:00-05:00,45.46054235934237,45.501892047969804,45.38611165790138,45.46881103515625,3652700,0.0,0.0,0.0
2024-01-02 00:00:00-05:00,45.38610734868946,45.592858926975495,45.36956684385313,45.58458709716797,4294300,0.0,0.0,0.0
2024-01-03 00:00:00-05:00,45.55977730778765,45.568045982705826,45.328216552734375,45.328216552734375,3541300,0.0,0.0,0.0
2024-01-04 00:00:00-05:00,45.36130965993033,45.534153732325166,45.30341945170142,45.31169128417969,4056300,0.0,0.0,0.0
2024-01-05 00:00:00-05:00,45.295139291384054,45.46054119644176,45.172743332839666,45.27859878540039,3983100,0.0,0.0,0.0
2024-01-08 00:00:00-05:00,45.30340482450781,45.58458709716797,45.28024874869269,45.58458709716797,3498700,0.0,0.0,0.0
2024-01-09 00:00:00-05:00,45.41090953571368,45.5515022277832,45.36377083931733,45.5515022277832,5340700,0.0,0.0,0.0
2024-01-10 00:00:00-05:00,45.568046614822734,45.64247730923359,45.52669693010086,45.60112762451172,2863000,0.0,0.0,0.0
2024-01-11 00:00:00-05:00,45.6342147007536,45.667295714840336,45.36957289761801,45.609405517578125,3363600,0.0,0.0,0.0
2024-01-12 00:00:00-05:00,45.67556545934269,45.79134585657527,45.61767526072641,45.733455657958984,2754500,0.0,0.0,0.0
2024-01-16 00:00:00-05:00,45.68384163195592,45.733460004182895,45.4936273558208,45.617679595947266,3122400,0.0,0.0,0.0
2024-01-17 00:00:00-05:00,45.41918028279045,45.52503887131831,45.25378156190418,45.443992614746094,4153600,0.0,0.0,0.0
2024-01-18 00:00:00-05:00,45.45225649205644,45.65900802612305,45.31084041133638,45.65900802612305,3164300,0.0,0.0,0.0
2024-01-19 00:00:00-05:00,45.741726989807574,45.915397583760885,45.60940608658898,45.86577606201172,4278300,0.0,0.0,0.0
2024-01-22 00:00:00-05:00,45.915393320835214,46.03117370605469,45.89885281512117,46.03117370605469,3933400,0.0,0.0,0.0
2024-01-23 00:00:00-05:00,46.0642596418721,46.18830871582031,46.043583218824445,46.18830871582031,4081500,0.0,0.0,0.0
2024-01-24 00:00:00-05:00,46.295819304167644,46.295819304167644,45.9898278101815,46.0146369934082,4230700,0.0,0.0,0.0
2024-01-25 00:00:00-05:00,46.130413164323606,46.21311569213867,46.03117328572439,46.21311569213867,3347400,0.0,0.0,0.0
2024-01-26 00:00:00-05:00,46.20484707805936,46.27100910491662,46.188306571345045,46.26273727416992,3184000,0.0,0.0,0.0
2024-01-29 00:00:00-05:00,46.26273906145891,46.4364128112793,46.26273906145891,46.4364128112793,3864300,0.0,0.0,0.0
2024-01-30 00:00:00-05:00,46.38679075097105,46.55219266780594,46.312360046134316,46.53565216064453,3384100,0.0,0.0,0.0
2024-01-31 00:00:00-05:00,46.585268603776576,46.601805954356045,46.26273348145811,46.279273986816406,3862400,0.0,0.0,0.0
2024-02-01 00:00:00-05:00,46.396509619538364,46.77067565917969,46.29673306624716,46.77067565917969,4015400,0.301,0.0,0.0
2024-02-02 00:00:00-05:00,46.695851327629974,46.82057442183208,46.612704712721936,46.720794677734375,4172200,0.0,0.0,0.0
2024-02-05 00:00:00-05:00,46.60437325056816,46.60437325056816,46.42145012187569,46.50459671020508,3619300,0.0,0.0,0.0
2024-02-06 00:00:00-05:00,46.62932977082415,46.62932977082415,46.50460668972644,46.58775329589844,3485100,0.0,0.0,0.0
2024-02-07 00:00:00-05:00,46.621018317272,46.795628112476145,46.612704924479445,46.687538146972656,3706500,0.0,0.0,0.0
2024-02-08 00:00:00-05:00,46.670902252197266,46.70415899097671,46.63764234157818,46.670902252197266,3360900,0.0,0.0,0.0
2024-02-09 00:00:00-05:00,46.74574141204071,46.74574141204071,46.62933488190461,46.687538146972656,3484100,0.0,0.0,0.0
2024-02-12 00:00:00-05:00,46.72079488998293,46.72079488998293,46.612704924479445,46.687538146972656,3035000,0.0,0.0,0.0
2024-02-13 00:00:00-05:00,46.49629019846303,46.63515016936699,46.313367030231625,46.44640350341797,3906900,0.0,0.0,0.0
2024-02-14 00:00:00-05:00,46.58775607333971,46.70416259765625,46.54618276777522,46.70416259765625,3214400,0.0,0.0,0.0
2024-02-15 00:00:00-05:00,46.77068562804812,46.870462202606056,46.7374257125821,46.85383224487305,4376700,0.0,0.0,0.0
2024-02-16 00:00:00-05:00,46.82888442523311,46.90371764197013,46.729107860197026,46.754051208496094,3703600,0.0,0.0,0.0
2024-02-20 00:00:00-05:00,46.745734960798146,46.87877142999943,46.72910500566803,46.77899169921875,3685900,0.0,0.0,0.0
2024-02-21 00:00:00-05:00,46.77898986069939,46.978546142578125,46.74988823332535,46.978546142578125,3284500,0.0,0.0,0.0
2024-02-22 00:00:00-05:00,47.08664651771601,47.22799639479192,47.01181329695818,47.19473648071289,4149800,0.0,0.0,0.0
2024-02-23 00:00:00-05:00,47.19473777212243,47.32528119394276,47.16148102897336,47.294517517089844,3419600,0.0,0.0,0.0
2024-02-26 00:00:00-05:00,47.31113963555744,47.36934289122465,47.244619816600895,47.32776641845703,3080500,0.0,0.0,0.0
2024-02-27 00:00:00-05:00,47.369341406919595,47.381813079623264,47.24461833620401,47.31113815307617,3293600,0.0,0.0,0.0
2024-02-28 00:00:00-05:00,47.2778851343048,47.39013337683487,47.25294178526254,47.352718353271484,3158300,0.0,0.0,0.0
2024-02-29 00:00:00-05:00,47.43586327100345,47.45249322705117,47.32777014261314,47.369346618652344,3741700,0.0,0.0,0.0
2024-03-01 00:00:00-05:00,47.42869736063831,47.50392805984927,47.328387635898835,47.495567321777344,3838300,0.301,0.0,0.0
2024-03-04 00:00:00-05:00,47.48719957226743,47.562430255319036,47.43286435253278,47.55406951904297,3914100,0.0,0.0,0.0
2024-03-05 00:00:00-05:00,47.55407238970236,47.63766381407614,47.34091824340772,47.453765869140625,3671200,0.0,0.0,0.0
2024-03-06 00:00:00-05:00,47.56243410577989,47.70453474711094,47.549893000350515,47.637664794921875,3715900,0.0,0.0,0.0
2024-03-07 00:00:00-05:00,47.69618774177001,47.78813354776812,47.687827002969,47.763057708740234,3426500,0.0,0.0,0.0
2024-03-08 00:00:00-05:00,47.779761479921916,47.779761479921916,47.62094256652265,47.72960662841797,3489400,0.0,0.0,0.0
2024-03-11 00:00:00-04:00,47.6711013970584,47.74633209128253,47.50392491094884,47.721256256103516,3904400,0.0,0.0,0.0
2024-03-12 00:00:00-04:00,47.76305361669449,47.93859085222588,47.72125949233282,47.8884391784668,2976400,0.0,0.0,0.0
2024-03-13 00:00:00-04:00,47.913512884333116,48.02218015379018,47.86335802411743,47.95530700683594,4887100,0.0,0.0,0.0
2024-03-14 00:00:00-04:00,48.038892173822276,48.038892173822276,47.73796942915808,47.92186737060547,3152900,0.0,0.0,0.0
2024-03-15 00:00:00-04:00,47.77140680531294,47.81320092306976,47.58750886075882,47.629302978515625,3078900,0.0,0.0,0.0
2024-03-18 00:00:00-04:00,47.754697422492654,47.87172224950121,47.72126084657953,47.77141571044922,2545400,0.0,0.0,0.0
2024-03-19 00:00:00-04:00,47.78812612833727,47.980384826660156,47.763050293202575,47.980384826660156,2748200,0.0,0.0,0.0
2024-03-20 00:00:00-04:00,47.98038012960326,48.10576248168945,47.896788706192375,48.10576248168945,3339000,0.0,0.0,0.0
2024-03-21 00:00:00-04:00,48.130846553558285,48.205238623473015,48.04725512137592,48.16427993774414,3384100,0.0,0.0,0.0
2024-03-22 00:00:00-04:00,48.214430783720644,48.214430783720644,48.03053283691406,48.03053283691406,2785100,0.0,0.0,0.0
2024-03-25 00:00:00-04:00,48.07232908311628,48.122483940470964,47.95530427130899,47.96366500854492,2943700,0.0,0.0,0.0
2024-03-26 00:00:00-04:00,48.08069226324973,48.08069226324973,47.980385732130934,47.997100830078125,2875100,0.0,0.0,0.0
2024-03-27 00:00:00-04:00,48.130831076333756,48.289649963378906,48.07231549827916,48.289649963378906,2834900,0.0,0.0,0.0
2024-03-28 00:00:00-04:00,48.31474000900212,48.42842307819413,48.306382460355415,48.36489486694336,3761900,0.0,0.0,0.0
2024-04-01 00:00:00-04:00,48.3859204006591,48.45319147452237,48.12776192074074,48.15887451171875,3407900,0.345,0.0,0.0
2024-04-02 00:00:00-04:00,48.04954580812019,48.09159062186142,47.93181904651928,48.05795669555664,5139600,0.0,0.0,0.0
2024-04-03 00:00:00-04:00,47.99909582945822,48.1504565252938,47.957047805700405,48.007503509521484,3594700,0.0,0.0,0.0
2024-04-04 00:00:00-04:00,48.15045287130841,48.268182837956786,47.59713710478495,47.67113494873047,4162200,0.0,0.0,0.0
2024-04-05 00:00:00-04:00,47.7720571382865,48.1126243686651,47.70478285643603,47.990692138671875,4020100,0.0,0.0,0.0
2024-04-08 00:00:00-04:00,48.049546586822984,48.12522853590919,47.99909409264133,48.10000228881836,2266000,0.0,0.0,0.0
2024-04-09 00:00:00-04:00,48.142058468288006,48.20092186393848,47.76364863352459,48.108421325683594,2897200,0.0,0.0,0.0
2024-04-10 00:00:00-04:00,47.73841312293055,47.83848087613099,47.511367266101786,47.6627311706543,4380800,0.0,0.0,0.0
2024-04-11 00:00:00-04:00,47.82250908257333,47.88557791911697,47.45251016016588,47.772056579589844,4960400,0.0,0.0,0.0
2024-04-12 00:00:00-04:00,47.57865213065913,47.595467494629574,47.09933085432272,47.25910568237305,4545700,0.0,0.0,0.0
2024-04-15 00:00:00-04:00,47.55341698888745,47.65432519972961,46.75455256750272,46.83023452758789,4202600,0.0,0.0,0.0
2024-04-16 00:00:00-04:00,46.92272029087264,47.04885792059048,46.73099250513933,46.83863067626953,3554800,0.0,0.0,0.0
2024-04-17 00:00:00-04:00,46.94796305221572,46.98159698290497,46.51068987511464,46.737735748291016,3015300,0.0,0.0,0.0
2024-04-18 00:00:00-04:00,46.8218271410319,46.9353484779664,46.546009652161366,46.64523696899414,2849600,0.0,0.0,0.0
2024-04-19 00:00:00-04:00,46.64524035454979,46.80501196830211,46.50396499885147,46.628421783447266,3193800,0.0,0.0,0.0
2024-04-22 00:00:00-04:00,46.8302423500368,47.26331337652786,46.72933412233909,47.023651123046875,3117500,0.0,0.0,0.0
2024-04-23 00:00:00-04:00,47.19183040555849,47.494558275710965,47.158196470508386,47.39365005493164,3801100,0.0,0.0,0.0
2024-04-24 00:00:00-04:00,47.52818463495679,47.52818463495679,47.25909396872262,47.444091796875,3164600,0.0,0.0,0.0
2024-04-25 00:00:00-04:00,47.040469640419516,47.28853957599468,46.80081059503455,47.18342590332031,3135100,0.0,0.0,0.0
2024-04-26 00:00:00-04:00,47.26751065998265,47.44410084189994,47.17501012436472,47.32637405395508,2284300,0.0,0.0,0.0
2024-04-29 00:00:00-04:00,47.41888122687343,47.507176330190894,47.25910959341539,47.4609260559082,3324600,0.0,0.0,0.0
2024-04-30 00:00:00-04:00,47.42727558407011,47.46932039844792,47.032047271728516,47.032047271728516,2681900,0.0,0.0,0.0
2024-05-01 00:00:00-04:00,47.0202136593218,47.417759220698706,46.83835805428995,46.944087982177734,3108500,0.326,0.0,0.0
2024-05-02 00:00:00-04:00,47.130174740643746,47.206300419488414,46.77915059782546,47.10479736328125,2624700,0.0,0.0,0.0
2024-05-03 00:00:00-04:00,47.41775894165039,47.46005026723236,47.2147560615871,47.41775894165039,3612400,0.0,0.0,0.0
2024-05-06 00:00:00-04:00,47.58691931558609,47.679962158203125,47.510793646774054,47.679962158203125,3398200,0.0,0.0,0.0
2024-05-07 00:00:00-04:00,47.72224796029449,47.95062494031862,47.72224796029449,47.91679382324219,2572500,0.0,0.0,0.0
2024-05-08 00:00:00-04:00,47.916806104560095,48.02676290982706,47.916806104560095,48.00984573364258,2443300,0.0,0.0,0.0
2024-05-09 00:00:00-04:00,48.01829199742885,48.23820877075195,48.009831798481514,48.23820877075195,2664700,0.0,0.0,0.0
2024-05-10 00:00:00-04:00,48.25513680670643,48.33972268212182,48.25513680670643,48.297428131103516,1980800,0.0,0.0,0.0
2024-05-13 00:00:00-04:00,48.35662755722783,48.390461901045505,48.22129340857776,48.263587951660156,2143000,0.0,0.0,0.0
2024-05-14 00:00:00-04:00,48.27205398178951,48.297428131103516,48.14517678197705,48.297428131103516,2962100,0.0,0.0,0.0
2024-05-15 00:00:00-04:00,48.373553437295456,48.43276193632473,48.331262113220426,48.4243049621582,2993200,0.0,0.0,0.0
2024-05-16 00:00:00-04:00,48.48351828751346,48.50043546415174,48.41585280758185,48.441226959228516,2953300,0.0,0.0,0.0
2024-05-17 00:00:00-04:00,48.49196868694544,48.55117717990022,48.38369942367036,48.54271697998047,2511200,0.0,0.0,0.0
2024-05-20 00:00:00-04:00,48.5342682213611,48.55964237217332,48.441225366221055,48.483516693115234,2339600,0.0,0.0,0.0
2024-05-21 00:00:00-04:00,48.466602707502496,48.4750629094111,48.34818569375505,48.3989372253418,2332200,0.0,0.0,0.0
2024-05-22 00:00:00-04:00,48.39893102256234,48.50043084610604,48.36509667250736,48.432762145996094,2700800,0.0,0.0,0.0
2024-05-23 00:00:00-04:00,48.475056002214785,48.475056002214785,48.11134481088894,48.14517593383789,3041100,0.0,0.0,0.0
2024-05-24 00:00:00-04:00,48.22976180776318,48.23399190811474,48.102884610185825,48.14517593383789,2257800,0.0,0.0,0.0
2024-05-28 00:00:00-04:00,48.13672290038853,48.13672290038853,47.79077423027331,47.86605453491211,3404100,0.0,0.0,0.0
2024-05-29 00:00:00-04:00,47.756102703410924,47.756102703410924,47.57002018683169,47.603851318359375,3020200,0.0,0.0,0.0
2024-05-30 00:00:00-04:00,47.53617419147343,47.62075683951917,47.4431313426504,47.59538269042969,2981600,0.0,0.0,0.0
2024-05-31 00:00:00-04:00,47.67997643323077,48.09443924898799,47.51926807389982,48.06906509399414,2998500,0.0,0.0,0.0
2024-06-03 00:00:00-04:00,48.08607609107678,48.08607609107678,47.60512814308864,47.83921813964844,3603500,0.36,0.0,0.0
2024-06-04 00:00:00-04:00,47.81367471232051,48.00094669284246,47.76260289740774,47.94987487792969,2720900,0.0,0.0,0.0
2024-06-05 00:00:00-04:00,48.069049482043845,48.128635434257355,47.817934471551915,48.111610412597656,3476100,0.0,0.0,0.0
2024-06-06 00:00:00-04:00,48.09458911706954,48.213761030729394,48.05628525076077,48.162689208984375,2510200,0.0,0.0,0.0
2024-06-07 00:00:00-04:00,48.128635434257355,48.30739329089786,48.06479241483121,48.111610412597656,2147400,0.0,0.0,0.0
2024-06-10 00:00:00-04:00,48.094588761429186,48.20524978637695,47.995844927759286,48.20524978637695,2174100,0.0,0.0,0.0
2024-06-11 00:00:00-04:00,48.128635462040215,48.128635462040215,47.9243384491968,48.09458541870117,2038700,0.0,0.0,0.0
2024-06-12 00:00:00-04:00,48.22227569902529,48.2307865870132,47.93285679956923,48.01797866821289,3485900,0.0,0.0,0.0
2024-06-13 00:00:00-04:00,47.94987490474387,47.95838579150387,47.80090678532319,47.9328498840332,2844900,0.0,0.0,0.0
2024-06-14 00:00:00-04:00,47.85624316187015,47.881779071607234,47.70302120906573,47.83921813964844,2732000,0.0,0.0,0.0
2024-06-17 00:00:00-04:00,47.822203797446484,47.96521011941695,47.73708191451883,47.941375732421875,2690900,0.0,0.0,0.0
2024-06-18 00:00:00-04:00,47.941379179987244,48.017990179008066,47.89881823546277,47.98394012451172,2642400,0.0,0.0,0.0
2024-06-20 00:00:00-04:00,47.99244962505143,48.16269663389322,47.9694660028465,48.12013244628906,3303600,0.0,0.0,0.0
2024-06-21 00:00:00-04:00,48.16268846855522,48.264835357666016,48.111613400404295,48.264835357666016,2136800,0.0,0.0,0.0
2024-06-24 00:00:00-04:00,48.34145273614506,48.579796591354565,48.307402686203275,48.4776496887207,2864600,0.0,0.0,0.0
2024-06-25 00:00:00-04:00,48.47764674192453,48.47764674192453,48.22227787726717,48.30739974975586,3117700,0.0,0.0,0.0
2024-06-26 00:00:00-04:00,48.25632119390675,48.33718923996635,48.13714928215012,48.2818603515625,2332600,0.0,0.0,0.0
2024-06-27 00:00:00-04:00,48.30740386395071,48.349964803819844,48.196742822537715,48.298892974853516,2572300,0.0,0.0,0.0
2024-06-28 00:00:00-04:00,48.36698609978804,48.42657206044866,48.166946125916816,48.2478141784668,2478100,0.0,0.0,0.0
2024-07-01 00:00:00-04:00,48.3676835166886,48.376244246680585,47.99951006908982,48.042320251464844,3178100,0.33,0.0,0.0
2024-07-02 00:00:00-04:00,48.033753510166214,48.15790531830386,47.99094333023777,48.11937713623047,2785100,0.0,0.0,0.0
2024-07-03 00:00:00-04:00,48.20500679948374,48.22641352668307,48.050887509030964,48.06801223754883,2345800,0.0,0.0,0.0
2024-07-05 00:00:00-04:00,48.119379267621426,48.27349853515625,48.008070181911265,48.27349853515625,2848800,0.0,0.0,0.0
2024-07-08 00:00:00-04:00,48.23926113210537,48.256385862354044,48.095417317466485,48.15364074707031,2573900,0.0,0.0,0.0
2024-07-09 00:00:00-04:00,48.18787497314508,48.18787497314508,47.99950951960981,48.059444427490234,3166600,0.0,0.0,0.0
2024-07-10 00:00:00-04:00,48.06801709582694,48.16220147909049,47.97383271256338,48.15364074707031,2833200,0.0,0.0,0.0
2024-07-11 00:00:00-04:00,48.162196413672675,48.53893064089586,48.157914415008776,48.49612045288086,3134200,0.0,0.0,0.0
2024-07-12 00:00:00-04:00,48.547486388344915,48.83003619419543,48.547486388344915,48.727291107177734,3000100,0.0,0.0,0.0
2024-07-15 00:00:00-04:00,48.735857305329446,48.78723148770653,48.60742674869842,48.684486389160156,2578300,0.0,0.0,0.0
2024-07-16 00:00:00-04:00,48.76153126215289,48.99271011352539,48.7358425456403,48.99271011352539,2784800,0.0,0.0,0.0
2024-07-17 00:00:00-04:00,48.924234571076674,49.232473186664784,48.90710984063196,49.086917877197266,3124000,0.0,0.0,0.0
2024-07-18 00:00:00-04:00,49.08690706016141,49.25814779445635,48.78722924272997,48.85572814941406,3242300,0.0,0.0,0.0
2024-07-19 00:00:00-04:00,48.847161502972945,48.889971684224186,48.55604769777403,48.607421875,2599400,0.0,0.0,0.0
2024-07-22 00:00:00-04:00,48.761554594160685,48.984169557812834,48.66737020969727,48.975608825683594,3100700,0.0,0.0,0.0
2024-07-23 00:00:00-04:00,48.90709582601056,48.913945062984084,48.68619241912917,48.727291107177734,2957000,0.0,0.0,0.0
2024-07-24 00:00:00-04:00,48.56460961113846,48.61512477363473,48.187872193385324,48.2392463684082,2971100,0.0,0.0,0.0
2024-07-25 00:00:00-04:00,48.29918564348396,48.787228918639315,48.205001280522815,48.22212600708008,2913800,0.0,0.0,0.0
2024-07-26 00:00:00-04:00,48.496121952764874,48.94135510754859,48.46444300057145,48.770111083984375,2669200,0.0,0.0,0.0
2024-07-29 00:00:00-04:00,48.86428616386044,48.92422107077413,48.67591744715602,48.821475982666016,2351000,0.0,0.0,0.0
2024-07-30 00:00:00-04:00,48.8728572444893,49.00556980529243,48.59201562143123,48.83860778808594,2810200,0.0,0.0,0.0
2024-07-31 00:00:00-04:00,49.189654202672045,49.412269126251715,49.039816920819604,49.21533966064453,3420700,0.0,0.0,0.0
2024-08-01 00:00:00-04:00,49.25751532989186,49.511374107023585,48.818636271418654,49.05098342895508,5561200,0.289,0.0,0.0
2024-08-02 00:00:00-04:00,48.64652166376383,48.775604498291294,48.0097213296342,48.50883483886719,6734500,0.0,0.0,0.0
2024-08-05 00:00:00-04:00,47.35570198929344,47.85051509809586,47.13196215092596,47.31267547607422,9728700,0.0,0.0,0.0
2024-08-06 00:00:00-04:00,47.53641934887289,48.36770394041298,47.45897031076853,47.77737045288086,5067800,0.0,0.0,0.0
2024-08-07 00:00:00-04:00,48.20764249968261,48.47441214009508,47.51920842426145,47.570838928222656,3331500,0.0,0.0,0.0
2024-08-08 00:00:00-04:00,47.803187302584966,48.41417235543564,47.77737204992479,48.37975311279297,2670200,0.0,0.0,0.0
2024-08-09 00:00:00-04:00,48.36253391849136,48.61725268583585,48.13449047015917,48.54324722290039,2372900,0.0,0.0,0.0
2024-08-12 00:00:00-04:00,48.594889185622606,48.6447995497082,48.310908274262616,48.50022888183594,2667700,0.0,0.0,0.0
2024-08-13 00:00:00-04:00,48.62070505913553,48.93050122722424,48.521741117718896,48.904685974121094,2599600,0.0,0.0,0.0
2024-08-14 00:00:00-04:00,48.89606826875872,49.14562660455222,48.89606826875872,49.10260009765625,2461500,0.0,0.0,0.0
2024-08-15 00:00:00-04:00,49.38657718507164,49.58450174102196,49.30912816033351,49.53287124633789,2810100,0.0,0.0,0.0
2024-08-16 00:00:00-04:00,49.52427487213171,49.61893517682977,49.446825830352644,49.57590866088867,1841100,0.0,0.0,0.0
2024-08-19 00:00:00-04:00,49.63613914504395,49.7652219566095,49.59311263542618,49.756614685058594,2918100,0.0,0.0,0.0
2024-08-20 00:00:00-04:00,49.748018974991396,49.81686074529361,49.67143000246167,49.773834228515625,2384100,0.0,0.0,0.0
2024-08-21 00:00:00-04:00,49.85987668871756,49.93732571557911,49.81254654548483,49.9115104675293,2128100,0.0,0.0,0.0
2024-08-22 00:00:00-04:00,49.93733127967531,49.95454254119693,49.71789508137776,49.799644470214844,2237200,0.0,0.0,0.0
2024-08-23 00:00:00-04:00,49.93733475868758,50.02166764812004,49.834070465076174,50.00617980957031,2936200,0.0,0.0,0.0
2024-08-26 00:00:00-04:00,50.014770096262176,50.24711715526268,50.014770096262176,50.16106414794922,2407800,0.0,0.0,0.0
2024-08-27 00:00:00-04:00,50.16968100483761,50.24454983222892,50.100839237870304,50.21270751953125,1948700,0.0,0.0,0.0
2024-08-28 00:00:00-04:00,50.238522779567084,50.341787064642766,50.06210981329671,50.169677734375,2411900,0.0,0.0,0.0
2024-08-29 00:00:00-04:00,50.32457363078087,50.479471693063495,50.169675568498235,50.38481140136719,2772000,0.0,0.0,0.0
2024-08-30 00:00:00-04:00,50.49669535373793,50.638685826149995,50.28155946803956,50.62577819824219,2154000,0.0,0.0,0.0
2024-09-03 00:00:00-04:00,50.53046011221512,50.58244737242816,50.17522209705596,50.331180572509766,2982900,0.4,0.0,0.0
2024-09-04 00:00:00-04:00,50.261872918471234,50.50447686957239,50.25321002619679,50.41783142089844,2881300,0.0,0.0,0.0
2024-09-05 00:00:00-04:00,50.48713852027058,50.48713852027058,49.97594203500066,50.19255065917969,2802300,0.0,0.0,0.0
2024-09-06 00:00:00-04:00,50.20988584945521,50.417828303041645,49.80266052883536,49.84598159790039,3309400,0.0,0.0,0.0
2024-09-09 00:00:00-04:00,50.10591313764222,50.45248498507661,50.066921863009306,50.339847564697266,2480000,0.0,0.0,0.0
2024-09-10 00:00:00-04:00,50.4351536747917,50.44814966403488,50.16656108327152,50.426490783691406,2218900,0.0,0.0,0.0
2024-09-11 00:00:00-04:00,50.417824311689124,50.59111187941656,49.70128324338087,50.556453704833984,2913900,0.0,0.0,0.0
2024-09-12 00:00:00-04:00,50.60843358243916,50.7037418960421,50.360633950182496,50.6864128112793,3571900,0.0,0.0,0.0
2024-09-13 00:00:00-04:00,50.72975092585864,51.0113428638513,50.72108803315727,50.972354888916016,2039400,0.0,0.0,0.0
2024-09-16 00:00:00-04:00,51.03299304673269,51.20627730147973,50.99486773433269,51.16295623779297,2678400,0.0,0.0,0.0
2024-09-17 00:00:00-04:00,51.23226659064779,51.24959567513238,50.993995810465776,51.128292083740234,2321300,0.0,0.0,0.0
2024-09-18 00:00:00-04:00,51.12829536469524,51.34490397687529,50.942011826013,50.98966598510742,2813200,0.0,0.0,0.0
2024-09-19 00:00:00-04:00,51.36223248273681,51.37089867802986,51.16642009755693,51.30158233642578,2708900,0.0,0.0,0.0
2024-09-20 00:00:00-04:00,51.21494890949559,51.25826997776033,51.08931549789791,51.24960708618164,2307300,0.0,0.0,0.0
2024-09-23 00:00:00-04:00,51.31025423086113,51.440217428026465,51.27559605620953,51.39689636230469,2669100,0.0,0.0,0.0
2024-09-24 00:00:00-04:00,51.44888008305339,51.44888008305339,51.262596538604754,51.33624267578125,3451800,0.0,0.0,0.0
2024-09-25 00:00:00-04:00,51.388227750494224,51.39255754295458,51.158619847877304,51.232269287109375,2537100,0.0,0.0,0.0
2024-09-26 00:00:00-04:00,51.42288834070066,51.42288834070066,51.27126295808172,51.39689636230469,2691000,0.0,0.0,0.0
2024-09-27 00:00:00-04:00,51.50086456598562,51.62216817016458,51.414222439614484,51.47487258911133,2623300,0.0,0.0,0.0
2024-09-30 00:00:00-04:00,51.50953566410663,51.561519622802734,51.292927022377995,51.561519622802734,3287600,0.0,0.0,0.0
2024-10-01 00:00:00-04:00,51.54581888133684,51.641759180565465,51.380105936279286,51.554542541503906,3973900,0.392,0.0,0.0
2024-10-02 00:00:00-04:00,51.54582086017998,51.629550700070304,51.31905559365351,51.62431716918945,3256000,0.0,0.0,0.0
2024-10-03 00:00:00-04:00,51.580708818748825,51.580708818748825,51.336499558458485,51.38010787963867,3159600,0.0,0.0,0.0
2024-10-04 00:00:00-04:00,51.5719839556378,51.62431260561719,51.35393904178675,51.58942794799805,2174500,0.0,0.0,0.0
2024-10-07 00:00:00-04:00,51.55453490360773,51.55453490360773,51.196941413071045,51.31904602050781,2845400,0.0,0.0,0.0
2024-10-08 00:00:00-04:00,51.39754671620084,51.476043017289356,51.33649440725437,51.44987869262695,2081000,0.0,0.0,0.0
2024-10-09 00:00:00-04:00,51.48476210524434,51.672280857361635,51.42283809725288,51.65047836303711,2536200,0.0,0.0,0.0
2024-10-10 00:00:00-04:00,51.676644582697925,51.676644582697925,51.51529014869167,51.58942794799805,1962700,0.0,0.0,0.0
2024-10-11 00:00:00-04:00,51.60687693612514,51.8772538706618,51.60687693612514,51.85980987548828,2521600,0.0,0.0,0.0
2024-10-14 00:00:00-04:00,51.92086152904815,52.09442645076169,51.838006711914105,52.07785415649414,2273100,0.0,0.0,0.0
2024-10-15 00:00:00-04:00,52.156346633534504,52.19123462086762,51.92085770968837,51.955745697021484,2479400,0.0,0.0,0.0
2024-10-16 00:00:00-04:00,51.9906317418697,52.1563446848582,51.90341177679564,52.13018035888672,2556700,0.0,0.0,0.0
2024-10-17 00:00:00-04:00,52.20867095033431,52.25227926454823,52.10401033080067,52.191226959228516,2435700,0.0,0.0,0.0
2024-10-18 00:00:00-04:00,52.217396952662085,52.30461691766232,52.09093049873785,52.24356460571289,2356500,0.0,0.0,0.0
2024-10-21 00:00:00-04:00,52.1912332695965,52.26972957551288,51.96010618192646,52.02552032470703,2428400,0.0,0.0,0.0
2024-10-22 00:00:00-04:00,51.97319418622691,52.016802510614504,51.84236588596224,51.98191452026367,2309000,0.0,0.0,0.0
2024-10-23 00:00:00-04:00,51.938300469082094,51.97318845558612,51.702811550832166,51.92085647583008,2546100,0.0,0.0,0.0
2024-10-24 00:00:00-04:00,52.01679675597214,52.01679675597214,51.728979185173884,51.79875183105469,2427600,0.0,0.0,0.0
2024-10-25 00:00:00-04:00,51.9993482822124,51.9993482822124,51.59988985448201,51.65919876098633,2625700,0.0,0.0,0.0
2024-10-28 00:00:00-04:00,51.85108694801075,51.88597493661278,51.75514664290602,51.77259063720703,2601200,0.0,0.0,0.0
2024-10-29 00:00:00-04:00,51.73769561424874,51.807471581965935,51.564130722588295,51.66792297363281,2637200,0.0,0.0,0.0
2024-10-30 00:00:00-04:00,51.65048025770823,51.72897655977866,51.51093164592761,51.58942794799805,3314900,0.0,0.0,0.0
2024-10-31 00:00:00-04:00,51.51965400616618,51.57198598530649,51.18822479248047,51.18822479248047,3278600,0.0,0.0,0.0
2024-11-01 00:00:00-04:00,51.40328850232805,51.613955837402855,51.30234136575273,51.32428741455078,3243700,0.375,0.0,0.0
2024-11-04 00:00:00-05:00,51.33306187365154,51.447175295769135,51.13117095667228,51.2891731262207,3134400,0.0,0.0,0.0
2024-11-05 00:00:00-05:00,51.35938951751036,51.70172975096917,51.2101671208843,51.684173583984375,2983600,0.0,0.0,0.0
2024-11-06 00:00:00-05:00,52.447849554844225,52.46628302829875,52.06425583667353,52.307403564453125,5059100,0.0,0.0,0.0
2024-11-07 00:00:00-05:00,52.40396807005122,52.44785682028512,52.31618722108644,52.37763214111328,4734800,0.0,0.0,0.0
2024-11-08 00:00:00-05:00,52.45663077484053,52.75507895035304,52.45663077484053,52.693634033203125,2982500,0.0,0.0,0.0
2024-11-11 00:00:00-05:00,52.693637654946066,52.84286342720734,52.68047136443712,52.73752975463867,2751800,0.0,0.0,0.0
2024-11-12 00:00:00-05:00,52.755078397123185,52.807746903483725,52.61024586450113,52.640968322753906,2931900,0.0,0.0,0.0
2024-11-13 00:00:00-05:00,52.71996875193163,52.75946761983786,52.6146317405215,52.68485641479492,2667500,0.0,0.0,0.0
2024-11-14 00:00:00-05:00,52.71997278858002,52.71997278858002,52.43469088737022,52.47418975830078,3388300,0.0,0.0,0.0
2024-11-15 00:00:00-05:00,52.37763313240388,52.37763313240388,51.929962513950436,52.026519775390625,4671500,0.0,0.0,0.0
2024-11-18 00:00:00-05:00,52.06162800598247,52.27229533386128,51.95629099354626,52.166961669921875,3546200,0.0,0.0,0.0
2024-11-19 00:00:00-05:00,51.9562843208761,52.197677424419645,51.7807293530223,52.14939880371094,3730800,0.0,0.0,0.0
2024-11-20 00:00:00-05:00,52.175737424925025,52.250351978254685,51.868512847085604,52.21084976196289,3304100,0.0,0.0,0.0
2024-11-21 00:00:00-05:00,52.4303042365555,52.632195180237694,52.15818860889833,52.58830642700195,3310200,0.0,0.0,0.0
2024-11-22 00:00:00-05:00,52.66730849455597,52.83935428557479,52.66730849455597,52.80775451660156,2764500,0.0,0.0,0.0
2024-11-25 00:00:00-05:00,53.018423666361684,53.15008992463165,52.965755153955385,53.106201171875,3258900,0.0,0.0,0.0
2024-11-26 00:00:00-05:00,53.25541473033817,53.26419448852539,53.07107999036602,53.26419448852539,2687200,0.0,0.0,0.0
2024-11-27 00:00:00-05:00,53.28174804999407,53.39147158249056,53.24663571595604,53.27296829223633,3215000,0.0,0.0,0.0
2024-11-29 00:00:00-05:00,53.32563790979932,53.439751323563925,53.2817491655811,53.3958625793457,1645000,0.0,0.0,0.0
2024-12-02 00:00:00-05:00,53.48599845776882,53.48599845776882,53.13696501483421,53.28276443481445,3195300,0.402,0.0,0.0
2024-12-03 00:00:00-05:00,53.318097791207606,53.318097791207606,53.07068310346785,53.097190856933594,3223800,0.0,0.0,0.0
2024-12-04 00:00:00-05:00,53.22973423749962,53.22973423749962,53.07068098152004,53.167877197265625,3378200,0.0,0.0,0.0
2024-12-05 00:00:00-05:00,53.16788857280139,53.16788857280139,52.98232752471422,53.00883865356445,3567800,0.0,0.0,0.0
2024-12-06 00:00:00-05:00,53.06185969149723,53.12371338062964,52.91164455239661,52.93815231323242,3082400,0.0,0.0,0.0
2024-12-09 00:00:00-05:00,53.04418079630425,53.04418079630425,52.6995664608781,52.72607421875,2997300,0.0,0.0,0.0
2024-12-10 00:00:00-05:00,52.77908871052054,52.80383018134694,52.506932531430216,52.699562072753906,3432300,0.0,0.0,0.0
2024-12-11 00:00:00-05:00,52.7702572040294,52.89396456587041,52.67305759950494,52.68189239501953,3082800,0.0,0.0,0.0
2024-12-12 00:00:00-05:00,52.68188969353427,52.73932765913852,52.56702050387105,52.58469009399414,2880000,0.0,0.0,0.0
2024-12-13 00:00:00-05:00,52.60236901207221,52.63771493786655,52.48749980940013,52.514007568359375,2862300,0.0,0.0,0.0
2024-12-16 00:00:00-05:00,52.584695007550934,52.64655206185223,52.3372802734375,52.3372802734375,4001600,0.0,0.0,0.0
2024-12-17 00:00:00-05:00,52.31076977545551,52.354950494123,52.13404353001278,52.23124313354492,3453000,0.0,0.0,0.0
2024-12-18 00:00:00-05:00,52.22239903548553,52.30192566836281,50.99415699387046,51.03833770751953,5557200,0.0,0.0,0.0
2024-12-19 00:00:00-05:00,51.312276124482935,51.41831053743064,50.89696989850904,50.932315826416016,5691100,0.0,0.0,0.0
2024-12-20 00:00:00-05:00,50.79976811346659,51.67455782374689,50.70256850770815,51.42714309692383,4077200,0.0,0.0,0.0
2024-12-23 00:00:00-05:00,51.35645560156124,51.630381480026955,51.09136789024419,51.595035552978516,3467200,0.0,0.0,0.0
2024-12-24 00:00:00-05:00,51.65688048207106,52.001494785434964,51.54201129479813,51.9749870300293,2024100,0.0,0.0,0.0
2024-12-26 00:00:00-05:00,51.86895369854966,52.04567993667146,51.771754099044045,52.01033401489258,2232600,0.0,0.0,0.0
2024-12-27 00:00:00-05:00,51.83360948368762,51.904301329573315,51.391795559220185,51.656883239746094,3716800,0.0,0.0,0.0
2024-12-30 00:00:00-05:00,51.29459927822093,51.391798887221796,50.90845364053495,51.21507263183594,3864900,0.0,0.0,0.0
2024-12-31 00:00:00-05:00,51.344070291077244,51.406348393805125,51.023780966246974,51.18392562866211,4012800,0.395,0.0,0.0
2025-01-02 00:00:00-05:00,51.46862807330875,51.60208309404386,50.87698607926854,51.14834213256836,4518900,0.0,0.0,0.0
2025-01-03 00:00:00-05:00,51.38855642280824,51.664361885506366,51.21506692988752,51.58428955078125,4147600,0.0,0.0,0.0
2025-01-06 00:00:00-05:00,51.6999535275886,51.868993625127516,51.42414804790703,51.52201461791992,3621500,0.0,0.0,0.0
2025-01-07 00:00:00-05:00,51.61097776845116,51.682154683525575,51.14834139607589,51.29958724975586,3792100,0.0,0.0,0.0
2025-01-08 00:00:00-05:00,51.30848592021351,51.51311786707534,51.121651597150795,51.50421905517578,3253100,0.0,0.0,0.0
2025-01-10 00:00:00-05:00,51.268451859370714,51.29959091346413,50.703499479703794,50.765777587890625,5904800,0.0,0.0,0.0
2025-01-13 00:00:00-05:00,50.49885809005596,50.9570517916282,50.449928208973276,50.95260238647461,3238200,0.0,0.0,0.0
2025-01-14 00:00:00-05:00,51.094959901400294,51.2017218825997,50.81025902226709,51.1572380065918,3406600,0.0,0.0,0.0
2025-01-15 00:00:00-05:00,51.71774208651462,51.75332714942412,51.424142408672445,51.602081298828125,4146300,0.0,0.0,0.0
2025-01-16 00:00:00-05:00,51.6643563851968,51.93126300789761,51.530901376895464,51.824501037597656,4379100,0.0,0.0,0.0
2025-01-17 00:00:00-05:00,52.10920651011969,52.17148461447766,52.01222915023279,52.04692840576172,3851000,0.0,0.0,0.0
2025-01-21 00:00:00-05:00,52.21597073554382,52.45618774578507,52.21597073554382,52.44729232788086,4218500,0.0,0.0,0.0
2025-01-22 00:00:00-05:00,52.57185084779945,52.65992940391376,52.34053263921889,52.37611770629883,5405500,0.0,0.0,0.0
2025-01-23 00:00:00-05:00,52.40279763904995,52.6163215637207,52.32272531882302,52.6163215637207,3279100,0.0,0.0,0.0
2025-01-24 00:00:00-05:00,52.58964450912199,52.62167276609851,52.46508829093416,52.580745697021484,3398300,0.0,0.0,0.0
2025-01-27 00:00:00-05:00,52.224872266511646,52.75868561001776,51.79782091292626,52.74979019165039,4970800,0.0,0.0,0.0
2025-01-28 00:00:00-05:00,52.80316854076487,52.80316854076487,52.456189534331,52.47398376464844,4396800,0.0,0.0,0.0
2025-01-29 00:00:00-05:00,52.4917753273996,52.571847662807656,52.34942488599664,52.438392639160156,3954100,0.0,0.0,0.0
2025-01-30 00:00:00-05:00,52.50066414134515,52.66080879201742,52.37610794502267,52.60742950439453,3373000,0.0,0.0,0.0
2025-01-31 00:00:00-05:00,52.69640992645333,52.74979262082324,52.42060442972936,52.465091705322266,3782600,0.0,0.0,0.0
2025-02-03 00:00:00-05:00,51.951568552460174,52.53755467547116,51.86210622060646,52.38994216918945,5064700,0.326,0.0,0.0
2025-02-04 00:00:00-05:00,52.43467009219232,52.497294403170635,52.29152832241773,52.4436149597168,4054200,0.0,0.0,0.0
2025-02-05 00:00:00-05:00,52.52413047228172,52.729896545410156,52.363095560656184,52.729896545410156,4346700,0.0,0.0,0.0
2025-02-06 00:00:00-05:00,52.8104143603581,52.89093181671843,52.63148971312973,52.81936264038086,3337600,0.0,0.0,0.0
2025-02-07 00:00:00-05:00,52.82830721275988,52.914192954100685,52.519659809075506,52.595703125,4162900,0.0,0.0,0.0
2025-02-10 00:00:00-05:00,52.75673830967079,52.86409378051758,52.613596544285436,52.86409378051758,3219000,0.0,0.0,0.0
2025-02-11 00:00:00-05:00,52.80147422811188,52.96250915527344,52.68517046676871,52.96250915527344,3655100,0.0,0.0,0.0
2025-02-12 00:00:00-05:00,52.68516574219069,52.86409380218795,52.56886199127714,52.81936264038086,3831300,0.0,0.0,0.0
2025-02-13 00:00:00-05:00,52.89987558729732,53.05196220703061,52.74331482793406,53.0340690612793,3579900,0.0,0.0,0.0
2025-02-14 00:00:00-05:00,53.07880648963497,53.11280107945462,52.913297442101275,52.93566131591797,3153300,0.0,0.0,0.0
2025-02-18 00:00:00-05:00,52.98040603362012,53.09670639038086,52.810422813667685,53.09670639038086,4056000,0.0,0.0,0.0
2025-02-19 00:00:00-05:00,53.141430779662954,53.418766021728516,53.06091332585742,53.418766021728516,3060700,0.0,0.0,0.0
2025-02-20 00:00:00-05:00,53.36508999437068,53.43665916843739,53.150375646633,53.418766021728516,3368900,0.0,0.0,0.0
2025-02-21 00:00:00-05:00,53.409814499137894,53.41875936499328,52.81040610377622,52.899871826171875,3780500,0.0,0.0,0.0
2025-02-24 00:00:00-05:00,53.060915587672795,53.15037791226186,52.8193632159596,52.87303924560547,7947300,0.0,0.0,0.0
2025-02-25 00:00:00-05:00,52.935659483210415,53.11458753139315,52.67621739675255,52.998287200927734,6524800,0.0,0.0,0.0
2025-02-26 00:00:00-05:00,53.18616360582685,53.248787914884886,52.721846160580355,52.86409378051758,4036600,0.0,0.0,0.0
2025-02-27 00:00:00-05:00,52.989330212802976,53.165572383083614,52.4793875775899,52.5062255859375,4380800,0.0,0.0,0.0
2025-02-28 00:00:00-05:00,52.68515244861647,53.181676068760275,52.33624469668148,53.15036392211914,4180100,0.0,0.0,0.0
2025-03-03 00:00:00-05:00,53.328488001560004,53.39955881094716,52.49635554996044,52.79772186279297,5650600,0.328,0.0,0.0
2025-03-04 00:00:00-05:00,52.58181836684909,52.77523323125726,52.01506727528093,52.15000915527344,5678600,0.0,0.0,0.0
2025-03-05 00:00:00-05:00,52.17700638730302,52.78423810288117,51.97009798067644,52.626808166503906,5587600,0.0,0.0,0.0
2025-03-06 00:00:00-05:00,52.19499997271348,52.42889539288346,51.799175634073784,52.051063537597656,5140500,0.0,0.0,0.0
2025-03-07 00:00:00-05:00,51.98808865550749,52.45588290141239,51.709210326684826,52.35692596435547,4748200,0.0,0.0,0.0
2025-03-10 00:00:00-04:00,51.86214131617606,52.136520648523565,51.232418202071706,51.62824249267578,7865200,0.0,0.0,0.0
2025-03-11 00:00:00-04:00,51.5562809040154,51.59226243806406,50.775424991858436,51.0525016784668,5371800,0.0,0.0,0.0
2025-03-12 00:00:00-04:00,51.31338701182326,51.35836650271393,50.620691870618366,50.9985237121582,4401200,0.0,0.0,0.0
2025-03-13 00:00:00-04:00,50.94454376223308,51.01651025293314,50.35440206626169,50.530723571777344,4135300,0.0,0.0,0.0
2025-03-14 00:00:00-04:00,50.823101146833785,51.281900875036165,50.656676687853555,51.241416931152344,3415800,0.0,0.0,0.0
2025-03-17 00:00:00-04:00,51.23242680861497,51.853152070552404,51.209935345444904,51.69122314453125,4088600,0.0,0.0,0.0
2025-03-18 00:00:00-04:00,51.655235846748965,51.655235846748965,51.16945252230741,51.36736297607422,3315600,0.0,0.0,0.0
2025-03-19 00:00:00-04:00,51.39434710089039,51.84414883500566,51.268403164412504,51.62824249267578,3958300,0.0,0.0,0.0
2025-03-20 00:00:00-04:00,51.3943502452698,51.767683099323186,51.304387833913786,51.520294189453125,3209800,0.0,0.0,0.0
2025-03-21 00:00:00-04:00,51.277401095073934,51.43933000464822,51.02551320538732,51.37635803222656,3023900,0.0,0.0,0.0
2025-03-24 00:00:00-04:00,51.727212250438996,52.024083115795506,51.68223275221655,51.98809814453125,3273800,0.0,0.0,0.0
2025-03-25 00:00:00-04:00,52.05106038642076,52.065452999546416,51.67322512229383,51.862144470214844,3866400,0.0,0.0,0.0
2025-03-26 00:00:00-04:00,51.87114032989153,51.96109931181378,51.58236836030301,51.73619842529297,3510100,0.0,0.0,0.0
2025-03-27 00:00:00-04:00,51.69121774876488,51.85584741767368,51.49330730673208,51.6192512512207,3692200,0.0,0.0,0.0
2025-03-28 00:00:00-04:00,51.63724429957915,51.63724429957915,50.935551208469704,50.98952865600586,3734100,0.0,0.0,0.0
2025-03-31 00:00:00-04:00,50.66567236862208,51.56527593117818,50.539728418938665,51.40334701538086,3904300,0.0,0.0,0.0
2025-04-01 00:00:00-04:00,51.2474963200366,51.555561315536906,50.96661241177631,51.43777084350586,3464900,0.408,0.0,0.0
2025-04-02 00:00:00-04:00,51.11159202737326,51.76396587511893,51.06628905603429,51.646175384521484,4390900,0.0,0.0,0.0
2025-04-03 00:00:00-04:00,50.64496485848561,50.96480929726238,49.96087858512188,50.0243034362793,9676200,0.0,0.0,0.0
2025-04-04 00:00:00-04:00,49.0366772927075,49.22695527867142,47.20640913798807,47.242652893066406,15139200,0.0,0.0,0.0
2025-04-07 00:00:00-04:00,45.70686210676289,48.48397520887237,45.24929417488164,47.07050323486328,14256400,0.0,0.0,0.0
2025-04-08 00:00:00-04:00,48.30276677155252,48.52928508672439,45.69327481298188,46.336585998535156,12095400,0.0,0.0,0.0
2025-04-09 00:00:00-04:00,45.99227976494229,49.86665012924944,45.79294598678708,49.65281677246094,10408300,0.0,0.0,0.0
2025-04-10 00:00:00-04:00,49.06386381498193,49.06386381498193,47.09768322765918,48.43867111206055,6149900,0.0,0.0,0.0
2025-04-11 00:00:00-04:00,48.28464648917186,49.127294926003664,47.88325530247622,48.90983581542969,4556500,0.0,0.0,0.0
2025-04-14 00:00:00-04:00,49.562207283344065,49.7343599559064,49.0910487803157,49.5350227355957,5232400,0.0,0.0,0.0
2025-04-15 00:00:00-04:00,49.61656728240765,49.80684528269145,49.308502253846974,49.39004898071289,5093000,0.0,0.0,0.0
2025-04-16 00:00:00-04:00,49.13634937895006,49.35380846846184,48.25745726608261,48.5745849609375,5053300,0.0,0.0,0.0
2025-04-17 00:00:00-04:00,48.70143196970437,49.07292182414773,48.44773259293178,48.71049118041992,5094900,0.0,0.0,0.0
2025-04-21 00:00:00-04:00,48.406963463520526,48.44773855774759,47.26078133697761,47.75912094116211,6315500,0.0,0.0,0.0
2025-04-22 00:00:00-04:00,48.22122053354852,48.864531725688344,48.139673800995915,48.77392578125,4046300,0.0,0.0,0.0
2025-04-23 00:00:00-04:00,49.589379703601566,49.8702636052523,49.00043427009424,49.118221282958984,5949000,0.0,0.0,0.0
2025-04-24 00:00:00-04:00,49.29943910820163,49.734353797979374,49.145408334411364,49.670928955078125,3714200,0.0,0.0,0.0
2025-04-25 00:00:00-04:00,49.69811222950732,49.82496537728537,49.40364121296558,49.81590270996094,3711200,0.0,0.0,0.0
2025-04-28 00:00:00-04:00,49.92462470059569,50.051477833579405,49.57941384776113,49.915565490722656,4467900,0.0,0.0,0.0
2025-04-29 00:00:00-04:00,49.83855853086975,50.19645786823358,49.73164186305055,50.08772659301758,8374700,0.0,0.0,0.0
2025-04-30 00:00:00-04:00,49.942751080662084,50.4773343776368,49.59119425589959,50.36860656738281,6345900,0.0,0.0,0.0
2025-05-01 00:00:00-04:00,50.741563069036566,50.77812781483773,50.27994622956968,50.366783142089844,6550700,0.488,0.0,0.0
2025-05-02 00:00:00-04:00,50.66843531756493,50.94266392760702,50.65015294529466,50.87867736816406,4805300,0.0,0.0,0.0
2025-05-05 00:00:00-04:00,50.842101476761194,50.98378895904005,50.70498894530433,50.83296203613281,4856800,0.0,0.0,0.0
2025-05-06 00:00:00-04:00,50.69584918979886,50.823822288634844,50.52217191095079,50.63186264038086,3026000,0.0,0.0,0.0
2025-05-07 00:00:00-04:00,50.78727046237076,50.98836958914672,50.67757622557727,50.8969612121582,3769800,0.0,0.0,0.0
2025-05-08 00:00:00-04:00,51.00664341319128,51.116334144594454,50.84301916801968,50.88780975341797,4082900,0.0,0.0,0.0
2025-05-09 00:00:00-04:00,50.98835989421057,51.006642263533266,50.82382205731164,50.869529724121094,3594100,0.0,0.0,0.0
2025-05-12 00:00:00-04:00,51.34944007056291,51.37229390896483,51.216895479245366,51.35401153564453,8093300,0.0,0.0,0.0
2025-05-13 00:00:00-04:00,51.41799101956382,51.41799101956382,51.198606056931176,51.216888427734375,5831200,0.0,0.0,0.0
2025-05-14 00:00:00-04:00,51.20775131356571,51.20775131356571,50.887815040475125,50.906097412109375,7635600,0.0,0.0,0.0
2025-05-15 00:00:00-04:00,50.96094863805898,51.17119069830441,50.92438389184078,51.15290832519531,3605100,0.0,0.0,0.0
2025-05-16 00:00:00-04:00,51.28088644340162,51.41800251156838,51.12549148735198,51.40886306762695,3513900,0.0,0.0,0.0
2025-05-19 00:00:00-04:00,51.28088613865311,51.5002711490149,51.27174669476599,51.454566955566406,4816300,0.0,0.0,0.0
2025-05-20 00:00:00-04:00,51.49112082600284,51.53682500979488,51.41799134233101,51.46369552612305,3773900,0.0,0.0,0.0
2025-05-21 00:00:00-04:00,51.41799454563761,51.434449726590636,51.088918822624585,51.11634063720703,6390200,0.0,0.0,0.0
2025-05-22 00:00:00-04:00,51.10720296731109,51.11634241015359,50.814691978266325,50.942665100097656,6253200,0.0,0.0,0.0
2025-05-23 00:00:00-04:00,50.67757241859481,50.86496411045199,50.56788167704753,50.750701904296875,4901900,0.0,0.0,0.0
2025-05-27 00:00:00-04:00,51.11634387481121,51.27174230363483,50.95180948988934,51.25345993041992,4310000,0.0,0.0,0.0
2025-05-28 00:00:00-04:00,51.28087735037384,51.344863907637304,51.034074050646694,51.098060607910156,5145300,0.0,0.0,0.0
2025-05-29 00:00:00-04:00,51.1940360333613,51.24431167930925,50.924375433549095,51.1894645690918,7018200,0.0,0.0,0.0
2025-05-30 00:00:00-04:00,51.16205301898419,51.33573033899867,50.956378929671146,51.27174377441406,5182100,0.0,0.0,0.0
2025-06-02 00:00:00-04:00,51.20713209985265,51.3455810546875,50.90254932848043,51.3455810546875,5603200,0.54,0.0,0.0
2025-06-03 00:00:00-04:00,51.31788855630934,51.474797604696846,51.18405902799768,51.44710922241211,5441900,0.0,0.0,0.0
2025-06-04 00:00:00-04:00,51.55786520165392,51.61324196507328,51.456336440847664,51.4655647277832,5054000,0.0,0.0,0.0
2025-06-05 00:00:00-04:00,51.59478897377531,51.60401726135163,51.365888007765484,51.47480010986328,4318500,0.0,0.0,0.0
2025-06-06 00:00:00-04:00,51.65016269881326,51.75169146068923,51.60401422184321,51.71477127075195,3867300,0.0,0.0,0.0
2025-06-09 00:00:00-04:00,51.779384197945674,51.84399277531871,51.60401856234794,51.70554733276367,5841300,0.0,0.0,0.0
2025-06-10 00:00:00-04:00,51.77937336009414,51.908594008696646,51.71476479624421,51.86244201660156,4094500,0.0,0.0,0.0
2025-06-11 00:00:00-04:00,51.91783046733097,51.95475065845784,51.73784893671648,51.85322189331055,4513400,0.0,0.0,0.0
2025-06-12 00:00:00-04:00,51.85322266480779,52.093196868896484,51.807074185664185,52.093196868896484,4224700,0.0,0.0,0.0
2025-06-13 00:00:00-04:00,51.82553542172367,52.01012934235936,51.60401778769615,51.72400665283203,5395200,0.0,0.0,0.0
2025-06-16 00:00:00-04:00,51.90859497209207,52.11164895328783,51.85505964612093,51.92705154418945,3252300,0.0,0.0,0.0
2025-06-17 00:00:00-04:00,51.86244736669104,51.90859936354713,51.523715370235685,51.56709289550781,4508100,0.0,0.0,0.0
2025-06-18 00:00:00-04:00,51.64093494021156,51.751691990253654,51.424033223239405,51.44710922241211,3515800,0.0,0.0,0.0
2025-06-20 00:00:00-04:00,51.66862278584978,51.68708288081559,51.37788421217031,51.456336975097656,3833900,0.0,0.0,0.0
2025-06-23 00:00:00-04:00,51.5394017954211,51.84398453736704,51.2901958133365,51.80706787109375,4095900,0.0,0.0,0.0
2025-06-24 00:00:00-04:00,52.0378187321996,52.25933283461803,51.963978350791336,52.21318435668945,4119500,0.0,0.0,0.0
2025-06-25 00:00:00-04:00,52.25932995848913,52.25932995848913,51.977819681443805,52.01935577392578,3733200,0.0,0.0,0.0
2025-06-26 00:00:00-04:00,52.13011508841552,52.13011508841552,51.927057562781705,52.056278228759766,4210200,0.0,0.0,0.0
2025-06-27 00:00:00-04:00,52.208564823047816,52.40700643315775,52.13011206393301,52.29624938964844,4168600,0.0,0.0,0.0
2025-06-30 00:00:00-04:00,52.3793255044694,52.471622467041016,52.28702854189779,52.471622467041016,5880200,0.0,0.0,0.0
2025-07-01 00:00:00-04:00,52.508803056573576,52.8387835928561,52.40655486727577,52.77836227416992,5303500,0.4,0.0,0.0
2025-07-02 00:00:00-04:00,52.783008198124,52.815541388893585,52.63893314555184,52.80624771118164,4569500,0.0,0.0,0.0
2025-07-03 00:00:00-04:00,52.899207038020975,52.96427342985076,52.7969588377592,52.945682525634766,4004500,0.0,0.0,0.0
2025-07-07 00:00:00-04:00,52.88990677806116,52.8992004560866,52.583162215442236,52.713294982910156,5618600,0.0,0.0,0.0
2025-07-08 00:00:00-04:00,52.778359586342106,52.88990499399654,52.6947023035272,52.80624771118164,3907100,0.0,0.0,0.0
2025-07-09 00:00:00-04:00,52.88061518789385,52.88061518789385,52.67611879102826,52.84343338012695,4565600,0.0,0.0,0.0
2025-07-10 00:00:00-04:00,52.87132245462319,53.03863704671475,52.8062560627934,52.945682525634766,3763700,0.0,0.0,0.0
2025-07-11 00:00:00-04:00,52.82948825375335,52.84343054445468,52.68541318870338,52.75977325439453,3578600,0.0,0.0,0.0
2025-07-14 00:00:00-04:00,52.72259616513525,52.84343171779795,52.64823255194076,52.82484436035156,3811500,0.0,0.0,0.0
2025-07-15 00:00:00-04:00,52.843424958203556,52.843424958203556,52.47161757734845,52.48091125488281,4619000,0.0,0.0,0.0
2025-07-16 00:00:00-04:00,52.527386727465775,52.69470128987707,52.29500578476696,52.66681671142578,4078800,0.0,0.0,0.0
2025-07-17 00:00:00-04:00,52.65751917839214,53.029326531976025,52.65751917839214,53.001441955566406,3978500,0.0,0.0,0.0
2025-07-18 00:00:00-04:00,53.094393929362354,53.094393929362354,52.87131022208882,52.9549674987793,7796600,0.0,0.0,0.0
2025-07-21 00:00:00-04:00,53.02004519409355,53.02004519409355,52.82949108867746,52.84343338012695,3687600,0.0,0.0,0.0
2025-07-22 00:00:00-04:00,52.85272499134374,53.150172330181434,52.847147366185894,53.12228775024414,3131800,0.0,0.0,0.0
2025-07-23 00:00:00-04:00,53.13158126049344,53.23103886224716,53.05907922537425,53.19664764404297,3629000,0.0,0.0,0.0
2025-07-24 00:00:00-04:00,53.19664947749221,53.25242218496488,53.12228941338073,53.14087677001953,3941700,0.0,0.0,0.0
2025-07-25 00:00:00-04:00,53.196646671208335,53.28495256691864,53.1074117623003,53.280303955078125,3306200,0.0,0.0,0.0
2025-07-28 00:00:00-04:00,53.30819134658547,53.30819134658547,53.10369851088984,53.14087677001953,4131100,0.0,0.0,0.0
2025-07-29 00:00:00-04:00,53.140874030623515,53.182704445534696,53.057220292504965,53.1315803527832,3687000,0.0,0.0,0.0
2025-07-30 00:00:00-04:00,53.08510500071383,53.08510500071383,52.67611225770925,52.83413314819336,4856300,0.0,0.0,0.0
2025-07-31 00:00:00-04:00,52.76906300956923,52.888969529310245,52.40654931923796,52.4995002746582,5414700,0.0,0.0,0.0
2025-08-01 00:00:00-04:00,52.2544130595647,52.2544130595647,51.870877414256086,52.02054977416992,7691900,0.358,0.0,0.0
2025-08-04 00:00:00-04:00,52.22635339620714,52.61924202378545,52.1889344121128,52.60053253173828,4461000,0.0,0.0,0.0
2025-08-05 00:00:00-04:00,52.59118052616803,52.59118052616803,52.273126292524765,52.29183578491211,4959300,0.0,0.0,0.0
2025-08-06 00:00:00-04:00,52.329246827572895,52.45085673369116,52.13748079145418,52.37602233886719,4141500,0.0,0.0,0.0
2025-08-07 00:00:00-04:00,52.57247103378069,52.60053348812631,52.15151637624242,52.29183578491211,6139000,0.0,0.0,0.0
2025-08-08 00:00:00-04:00,52.357318313566545,52.50699068730913,52.352640048254656,52.44150924682617,3305000,0.0,0.0,0.0
2025-08-11 00:00:00-04:00,52.4789268836687,52.57247435150899,52.34796399716331,52.42280197143555,4174600,0.0,0.0,0.0
2025-08-12 00:00:00-04:00,52.47892364996696,52.74085297530891,52.47892364996696,52.703433990478516,3720300,0.0,0.0,0.0
2025-08-13 00:00:00-04:00,52.7595662288512,53.03084496703348,52.7595662288512,53.02149200439453,3847200,0.0,0.0,0.0
2025-08-14 00:00:00-04:00,52.87649310744716,52.99342475645216,52.81942969194304,52.96535873413086,3310300,0.0,0.0,0.0
2025-08-15 00:00:00-04:00,53.04019835794864,53.11503276004293,52.923266705293756,53.03084182739258,2862600,0.0,0.0,0.0
2025-08-18 00:00:00-04:00,52.99342290348779,53.161804757645015,52.99342290348779,53.077613830566406,3098400,0.0,0.0,0.0
2025-08-19 00:00:00-04:00,53.12438914061528,53.34889591473514,53.10567964802682,53.25535202026367,3186100,0.0,0.0,0.0
2025-08-20 00:00:00-04:00,53.32083141429337,53.49856623435823,53.22728752341096,53.41437530517578,4461900,0.0,0.0,0.0
2025-08-21 00:00:00-04:00,53.29277859088037,53.35545165307792,53.09633067497548,53.208587646484375,2744900,0.0,0.0,0.0
2025-08-22 00:00:00-04:00,53.35825631162646,53.78856396692883,53.35825631162646,53.666954040527344,4456500,0.0,0.0,0.0
2025-08-25 00:00:00-04:00,53.610826281135104,53.63888873632605,53.3255127584575,53.358253479003906,3702400,0.0,0.0,0.0
2025-08-26 00:00:00-04:00,53.367606496237315,53.433087937397595,53.255353106886965,53.405025482177734,3431400,0.0,0.0,0.0
2025-08-27 00:00:00-04:00,53.42373816826505,53.5079291074276,53.35825672319097,53.442447662353516,3366100,0.0,0.0,0.0
2025-08-28 00:00:00-04:00,53.54534500528252,53.54534500528252,53.423735084961635,53.49856948852539,4345200,0.0,0.0,0.0
2025-08-29 00:00:00-04:00,53.52663638010067,53.58276129156571,53.339545015451606,53.46115493774414,4210000,0.0,0.0,0.0
2025-09-02 00:00:00-04:00,53.18622971481578,53.33687210083008,52.98380367189677,53.33687210083008,4884700,0.368,0.0,0.0
2025-09-03 00:00:00-04:00,53.33687521412248,53.39336386742649,53.05441758121046,53.27096939086914,4519200,0.0,0.0,0.0
2025-09-04 00:00:00-04:00,53.280377545332115,53.440433502197266,53.19564098240421,53.440433502197266,5402400,0.0,0.0,0.0
2025-09-05 00:00:00-04:00,53.55341657735207,53.69935036850524,53.26248640200307,53.45926284790039,3783700,0.0,0.0,0.0
2025-09-08 00:00:00-04:00,53.4686875619992,53.49504989164634,53.25213934109796,53.487518310546875,4158800,0.0,0.0,0.0
2025-09-09 00:00:00-04:00,53.48751870479967,53.496932283343874,53.34628988545011,53.431026458740234,3330600,0.0,0.0,0.0
2025-09-10 00:00:00-04:00,53.63816000416207,53.69464865746652,53.487517609353525,53.5722541809082,3707200,0.0,0.0,0.0
2025-09-11 00:00:00-04:00,53.61932894979796,53.91119656779963,53.609911779902305,53.90178298950195,4532500,0.0,0.0,0.0
2025-09-12 00:00:00-04:00,53.83587747392365,53.87353897052529,53.562837010958795,53.5722541809082,4073400,0.0,0.0,0.0
2025-09-15 00:00:00-04:00,53.58166191631829,53.64756773238529,53.468681030431654,53.496925354003906,5118700,0.0,0.0,0.0
2025-09-16 00:00:00-04:00,53.50635186774905,53.56754911004284,53.41219812006834,53.449859619140625,4092100,0.0,0.0,0.0
2025-09-17 00:00:00-04:00,53.46869285103868,53.76056050340368,53.402787020401526,53.591087341308594,4153300,0.0,0.0,0.0
2025-09-18 00:00:00-04:00,53.66639638356248,53.69464070603212,53.54870691780906,53.60049057006836,4440000,0.0,0.0,0.0
2025-09-19 00:00:00-04:00,53.722895562664014,53.722895562664014,53.48751660073933,53.53459167480469,4690500,0.0,0.0,0.0
2025-09-22 00:00:00-04:00,53.459263861509164,53.572248338993404,53.459263861509164,53.496925354003906,5198400,0.0,0.0,0.0
2025-09-23 00:00:00-04:00,53.52516827678556,53.609904836882315,53.44043171668879,53.51575469970703,3889800,0.0,0.0,0.0
2025-09-24 00:00:00-04:00,53.562838413803036,53.595791326293025,53.50634975901911,53.55342483520508,3910000,0.0,0.0,0.0
2025-09-25 00:00:00-04:00,53.53458955904926,53.53458955904926,53.21823803430078,53.33687210083008,6363900,0.0,0.0,0.0
2025-09-26 00:00:00-04:00,53.468687645383696,53.63345220593528,53.4310261482296,53.60991287231445,5354600,0.0,0.0,0.0
2025-09-29 00:00:00-04:00,53.73230953668308,53.73230953668308,53.54400564743652,53.62874221801758,4924900,0.0,0.0,0.0
2025-09-30 00:00:00-04:00,53.60049168515184,53.76054763793945,53.591074516401065,53.76054763793945,5437200,0.0,0.0,0.0
2025-10-01 00:00:00-04:00,53.72360270843817,53.88467702883835,53.69517506437688,53.865726470947266,4425900,0.361,0.0,0.0
2025-10-02 00:00:00-04:00,53.81835188344424,53.921631158893355,53.747288194965016,53.865726470947266,4296700,0.0,0.0,0.0
2025-10-03 00:00:00-04:00,54.007857554130844,54.14050785402204,53.86573016741909,54.03628158569336,7367800,0.0,0.0,0.0
2025-10-06 00:00:00-04:00,54.0078513659522,54.01732483723771,53.87520108125997,53.979427337646484,4608400,0.0,0.0,0.0
2025-10-07 00:00:00-04:00,53.9415257428195,54.045751998277034,53.85151150138815,53.884674072265625,4288700,0.0,0.0,0.0
2025-10-08 00:00:00-04:00,53.89415287533873,53.988902048165386,53.808877174015045,53.922576904296875,4877400,0.0,0.0,0.0
2025-10-09 00:00:00-04:00,53.93205133983804,53.99838009934143,53.73307590467582,53.77097702026367,4309600,0.0,0.0,0.0
2025-10-10 00:00:00-04:00,53.83730332477924,53.94152958766582,53.04139795254014,53.06034851074219,5921300,0.0,0.0,0.0
2025-10-13 00:00:00-04:00,53.32564719924843,53.69991257791073,53.28301115564794,53.58147430419922,6160700,0.0,0.0,0.0
2025-10-14 00:00:00-04:00,53.30670469559642,54.03628500562235,53.23564461219278,53.894161224365234,5940800,0.0,0.0,0.0
2025-10-15 00:00:00-04:00,53.95099921402058,54.2068263098393,53.55304836349088,53.884674072265625,5075400,0.0,0.0,0.0
2025-10-16 00:00:00-04:00,53.97943089818094,53.99838145645113,53.338914317776286,53.543575286865234,4905900,0.0,0.0,0.0
2025-10-17 00:00:00-04:00,53.60990160416519,53.90836475080381,53.51514881713362,53.87520217895508,4752700,0.0,0.0,0.0
2025-10-20 00:00:00-04:00,53.979431697103124,54.22578172936296,53.96048113855245,54.16893005371094,4256100,0.0,0.0,0.0
2025-10-21 00:00:00-04:00,54.21630580927444,54.557408618885766,54.21630580927444,54.50055694580078,4784700,0.0,0.0,0.0
2025-10-22 00:00:00-04:00,54.44370523904406,54.55267004211057,54.20682868967705,54.282630920410156,8908700,0.0,0.0,0.0
2025-10-23 00:00:00-04:00,54.30157894343725,54.510027839324835,54.21156470225564,54.443702697753906,4205400,0.0,0.0,0.0
2025-10-24 00:00:00-04:00,54.6426781224667,54.680579236064126,54.443702697753906,54.443702697753906,3744300,0.0,0.0,0.0
2025-10-27 00:00:00-04:00,54.64268776313603,54.65216485043201,54.50056398374432,54.57636260986328,4517100,0.0,0.0,0.0
2025-10-28 00:00:00-04:00,54.63320845044228,54.63320845044228,54.22104194391907,54.22578048706055,5247000,0.0,0.0,0.0
2025-10-29 00:00:00-04:00,54.15945886834465,54.16893234079524,53.804144013028946,53.913108825683594,5921500,0.0,0.0,0.0
2025-10-30 00:00:00-04:00,53.67622688627804,54.17840400826794,53.67622688627804,53.922576904296875,6341500,0.0,0.0,0.0
2025-10-31 00:00:00-04:00,53.84678663061287,53.96995985147907,53.73308326826739,53.894161224365234,5991700,0.0,0.0,0.0
2025-11-03 00:00:00-05:00,53.89034386514939,53.976141481912364,53.44610400306539,53.75688171386719,5685800,0.346,0.0,0.0
2025-11-04 00:00:00-05:00,53.60435302146311,53.833147878354666,53.56621993921937,53.75688171386719,5675900,0.0,0.0,0.0
2025-11-05 00:00:00-05:00,53.709210642979855,53.972323787241756,53.6663100215339,53.8331413269043,5827100,0.0,0.0,0.0
2025-11-06 00:00:00-05:00,53.79500829873814,53.833141376376155,53.509017489593894,53.6234130859375,5460200,0.0,0.0,0.0
2025-11-07 00:00:00-05:00,53.53761231360184,53.81407165527344,53.337419122696296,53.81407165527344,7509200,0.0,0.0,0.0
2025-11-10 00:00:00-05:00,53.957069118883815,54.14773087295944,53.785473903872806,54.071468353271484,5992000,0.0,0.0,0.0
2025-11-11 00:00:00-05:00,54.09053828944959,54.47185818497884,54.0810032010332,54.443260192871094,4504300,0.0,0.0,0.0
2025-11-12 00:00:00-05:00,54.452791292268046,54.676818593183945,54.452791292268046,54.60531997680664,4887200,0.0,0.0,0.0
2025-11-13 00:00:00-05:00,54.529049398449565,54.633913535437586,54.14963148790342,54.204925537109375,4519500,0.0,0.0,0.0
2025-11-14 00:00:00-05:00,54.004740412428006,54.26880272051087,53.842676639278395,54.090538024902344,4919100,0.0,0.0,0.0
2025-11-17 00:00:00-05:00,54.10007218091907,54.19349568681661,53.585286480341246,53.75688171386719,5969400,0.0,0.0,0.0
2025-11-18 00:00:00-05:00,53.623415535122255,53.9523069807736,53.42322232323475,53.66154861450195,4868400,0.0,0.0,0.0
2025-11-19 00:00:00-05:00,53.728280479846084,53.92370615055909,53.480419096782434,53.690147399902344,3812000,0.0,0.0,0.0
2025-11-20 00:00:00-05:00,54.12866622897463,54.324095533801135,53.20396268967468,53.24209213256836,7419600,0.0,0.0,0.0
2025-11-21 00:00:00-05:00,53.470883912196946,54.22399582394193,53.42321938388014,53.94753646850586,7627900,0.0,0.0,0.0
2025-11-24 00:00:00-05:00,54.157265504802155,54.319325630631155,53.90940413561955,54.18586349487305,4252000,0.0,0.0,0.0
2025-11-25 00:00:00-05:00,54.22400205001452,54.834116810292855,54.22400205001452,54.757850646972656,5367300,0.0,0.0,0.0
2025-11-26 00:00:00-05:00,54.84364205288311,55.109613539692326,54.82076438841982,54.97710418701172,3656500,0.0,0.0,0.0
2025-11-28 00:00:00-05:00,55.062904869868696,55.22496863934617,54.98664234749212,55.205902099609375,2300600,0.0,0.0,0.0
2025-12-01 00:00:00-05:00,55.00537657332527,55.149292155484105,54.84706613893403,54.89023971557617,4782800,0.371,0.0,0.0
2025-12-02 00:00:00-05:00,54.97658875244562,54.97658875244562,54.722334604830756,54.84226608276367,5470400,0.0,0.0,0.0
2025-12-03 00:00:00-05:00,54.89503783710988,55.1684814684222,54.85761780944947,55.1492919921875,5444300,0.0,0.0,0.0
2025-12-04 00:00:00-05:00,55.187672495262994,55.206861972036855,54.99098310334474,55.130104064941406,4235900,0.0,0.0,0.0
2025-12-05 00:00:00-05:00,55.15889060491027,55.25483432962179,55.062943220180266,55.101322174072266,4209000,0.0,0.0,0.0
2025-12-08 00:00:00-05:00,55.13969852698067,55.14929143499192,54.79813097747975,54.85186004638672,4184600,0.0,0.0,0.0
2025-12-09 00:00:00-05:00,54.890237489997034,54.96699539205088,54.707942962646484,54.707942962646484,3592100,0.0,0.0,0.0
2025-12-10 00:00:00-05:00,54.74632754086968,55.178077974237,54.712746870274025,55.08213424682617,4421200,0.0,0.0,0.0
2025-12-11 00:00:00-05:00,55.053352608924406,55.45632066154958,55.053352608924406,55.44672775268555,4011100,0.0,0.0,0.0
2025-12-12 00:00:00-05:00,55.50428571919791,55.61942257155854,55.24523695143198,55.38915252685547,4776400,0.0,0.0,0.0
2025-12-15 00:00:00-05:00,55.542665389879616,55.548422598574085,55.24043938355671,55.42753219604492,5137400,0.0,0.0,0.0
2025-12-16 00:00:00-05:00,55.42753462739823,55.44672410388214,55.02456294127292,55.18767166137695,5487200,0.0,0.0,0.0
2025-12-17 00:00:00-05:00,55.22604971987562,55.321993440722814,54.890239376873744,54.91902542114258,6223600,0.0,0.0,0.0
2025-12-18 00:00:00-05:00,55.13970267928383,55.36037618034361,54.9765939506631,55.08213424682617,6623200,0.0,0.0,0.0
2025-12-19 00:00:00-05:00,55.09172273295061,55.35077516818615,55.06773863303257,55.20685958862305,4107500,0.0,0.0,0.0
2025-12-22 00:00:00-05:00,55.32199450972074,55.4563171855097,55.23564369528235,55.417938232421875,4767100,0.0,0.0,0.0
2025-12-23 00:00:00-05:00,55.408344491971654,55.48510239699445,55.37956210759728,55.47550582885742,5049600,0.0,0.0,0.0
2025-12-24 00:00:00-05:00,55.50428605953105,55.657798203601644,55.48510024403816,55.619422912597656,2459300,0.0,0.0,0.0
2025-12-26 00:00:00-05:00,55.64820706928751,55.667396545410156,55.53307387256998,55.667396545410156,3634200,0.0,0.0,0.0
2025-12-29 00:00:00-05:00,55.64820635209603,55.70577477972203,55.56185554066619,55.6290168762207,4659000,0.0,0.0,0.0
2025-12-30 00:00:00-05:00,55.657799260024554,55.6865853038467,55.56185554066619,55.6290168762207,5111400,0.0,0.0,0.0
2025-12-31 00:00:00-05:00,55.645450956575374,55.645450956575374,55.302318948205844,55.32648468017578,4299900,0.427,0.0,0.0
2026-01-02 00:00:00-05:00,55.46180795708236,55.46180795708236,55.13317388916341,55.403812408447266,7480500,0.0,0.0,0.0
2026-01-05 00:00:00-05:00,55.41347835223553,55.64545316479121,55.35548280551003,55.548797607421875,7731400,0.0,0.0,0.0
2026-01-06 00:00:00-05:00,55.53912765655088,56.08040834319569,55.48113579927777,56.01274871826172,6191600,0.0,0.0,0.0
2026-01-07 00:00:00-05:00,56.06107623734788,56.17706363853395,55.79043773885604,55.829097747802734,8869500,0.0,0.0,0.0
2026-01-08 00:00:00-05:00,55.78077291036958,56.157734749466464,55.693781433103126,56.0997428894043,5455800,0.0,0.0,0.0
2026-01-09 00:00:00-05:00,56.15773590342712,56.37038256048651,56.15773590342712,56.3027229309082,4458800,0.0,0.0,0.0
2026-01-12 00:00:00-05:00,56.196396416005655,56.360715283645455,56.11133702057017,56.35104751586914,4573800,0.0,0.0,0.0
2026-01-13 00:00:00-05:00,56.331718861535116,56.369416521088716,56.15773590342712,56.3027229309082,4418600,0.0,0.0,0.0
2026-01-14 00:00:00-05:00,56.21573033270917,56.40904513644435,56.128738855387006,56.389713287353516,5324000,0.0,0.0,0.0
2026-01-15 00:00:00-05:00,56.50569575661723,56.5926872263371,56.399372439495956,56.47669982910156,5298700,0.0,0.0,0.0
2026-01-16 00:00:00-05:00,56.496034454760775,56.54436223205442,56.341383355117294,56.45737075805664,4556300,0.0,0.0,0.0
2026-01-20 00:00:00-05:00,55.954753412058444,56.09007266250255,55.61645528594818,55.69377899169922,7837600,0.0,0.0,0.0
2026-01-21 00:00:00-05:00,55.84843438708663,56.37038326796133,55.77014463597675,56.244728088378906,6261900,0.0,0.0,0.0
2026-01-22 00:00:00-05:00,56.43804106649401,56.54919827697302,56.278556076874494,56.389713287353516,4143000,0.0,0.0,0.0
2026-01-23 00:00:00-05:00,56.35104404069387,56.43803550945063,56.265988337676845,56.42837142944336,4613500,0.0,0.0,0.0
2026-01-26 00:00:00-05:00,56.48636549275745,56.71834398090469,56.476701412372265,56.65068435668945,4133700,0.0,0.0,0.0
2026-01-27 00:00:00-05:00,56.650687134535815,56.6700189834271,56.4863682625465,56.63135528564453,4964500,0.0,0.0,0.0
2026-01-28 00:00:00-05:00,56.55402485799069,56.63618613316694,56.39937376232506,56.46703338623047,4173900,0.0,0.0,0.0
2026-01-29 00:00:00-05:00,56.602361097187064,56.670020726801425,56.26405926194198,56.59269332885742,5071400,0.0,0.0,0.0
2026-01-30 00:00:00-05:00,56.525032375595295,56.6361895857435,56.215730165408786,56.602359771728516,6366400,0.0,0.0,0.0
2026-02-02 00:00:00-05:00,56.557630690648516,56.8687642797998,56.47012888899561,56.80070114135742,5285500,0.344,0.0,0.0
2026-02-03 00:00:00-05:00,56.73264329992832,56.88820824437814,56.35345397964191,56.645137786865234,6102300,0.0,0.0,0.0
2026-02-04 00:00:00-05:00,56.78125729386682,57.0729410853467,56.7083354187567,56.956268310546875,6867400,0.0,0.0,0.0
2026-02-05 00:00:00-05:00,56.82987256495474,56.9562702388275,56.55763113592411,56.625694274902344,6391200,0.0,0.0,0.0
2026-02-06 00:00:00-05:00,56.87848421059968,57.52991122382168,56.87848421059968,57.47157669067383,5977400,0.0,0.0,0.0
2026-02-09 00:00:00-05:00,57.40351992181433,57.471579352946655,57.21878400106016,57.42296600341797,5075900,0.0,0.0,0.0
2026-02-10 00:00:00-05:00,57.491021268065985,57.75353778724882,57.471575187871636,57.56880187988281,4957400,0.0,0.0,0.0
2026-02-11 00:00:00-05:00,57.7438204620602,57.753545357912444,57.413244473343646,57.62714767456055,4714000,0.0,0.0,0.0
2026-02-12 00:00:00-05:00,57.821596291487744,58.06466672660049,57.34517660672414,57.37434387207031,7075400,0.0,0.0,0.0
2026-02-13 00:00:00-05:00,57.41324315229648,57.94799743407328,57.34518371874094,57.666038513183594,5642200,0.0,0.0,0.0
2026-02-17 00:00:00-05:00,57.59797037526726,57.821594724435165,57.2333647324795,57.559078216552734,5306600,0.0,0.0,0.0
2026-02-18 00:00:00-05:00,57.75354145566945,57.808960747815185,57.52991337371022,57.685482025146484,4274900,0.0,0.0,0.0
2026-02-19 00:00:00-05:00,57.59797401021209,57.656308543004904,57.39379201855534,57.61741638183594,4678200,0.0,0.0,0.0
2026-02-20 00:00:00-05:00,57.54936167062461,57.92855470965715,57.45699741647957,57.84104919433594,4613400,0.0,0.0,0.0
2026-02-23 00:00:00-05:00,57.71464963677991,57.899381848020255,57.3393473099787,57.51047134399414,6493100,0.0,0.0,0.0
2026-02-24 00:00:00-05:00,57.510466943377786,57.8507640719817,57.43754507040251,57.80215072631836,5437700,0.0,0.0,0.0
2026-02-25 00:00:00-05:00,57.9236934018619,57.952860671222695,57.66992628974774,57.86049270629883,4503700,0.0,0.0,0.0
2026-02-26 00:00:00-05:00,57.93827438354492,58.02091744892362,57.62228204708191,57.93827438354492,5137000,0.0,0.0,0.0
2026-02-27 00:00:00-05:00,57.64658751973881,58.23967999787565,57.64658751973881,58.22023391723633,5019400,0.0,0.0,0.0
2026-03-02 00:00:00-05:00,57.83978351870153,58.26522121774037,57.73122383714767,58.07450866699219,4873700,0.351,0.0,0.0
2026-03-03 00:00:00-05:00,57.38011990342255,57.73709690579208,56.8422125716642,57.53660583496094,7045300,0.0,0.0,0.0
2026-03-04 00:00:00-05:00,57.67352283730004,57.8886835148781,57.409458444480464,57.781105041503906,6071300,0.0,0.0,0.0
2026-03-05 00:00:00-05:00,57.55616164513231,57.65396535030393,56.95957583231992,57.33121871948242,7232800,0.0,0.0,0.0
2026-03-06 00:00:00-05:00,56.842209270679426,56.96935221725584,56.421662681167206,56.812870025634766,6030300,0.0,0.0,0.0
2026-03-09 00:00:00-04:00,56.35320335524645,57.20407879097351,56.001117482646265,57.09649658203125,7824200,0.0,0.0,0.0
2026-03-10 00:00:00-04:00,57.096496405667985,57.42902153644883,56.79331052056992,56.91067123413086,5699400,0.0,0.0,0.0
2026-03-11 00:00:00-04:00,56.93022981941697,56.94979055940817,56.48034399210839,56.685726165771484,7138600,0.0,0.0,0.0
2026-03-12 00:00:00-04:00,56.304299543141646,56.451003223700695,55.893535206903614,55.922874450683594,7814700,0.0,0.0,0.0
2026-03-13 00:00:00-04:00,56.14293122017628,56.41188674811249,55.7712883299025,55.83485794067383,5081000,0.0,0.0,0.0
2026-03-16 00:00:00-04:00,56.2358387064659,56.53902457128636,56.21138684947909,56.32386016845703,4714600,0.0,0.0,0.0
2026-03-17 00:00:00-04:00,56.63682825662864,56.812871192170746,56.402103098962556,56.43144607543945,5108400,0.0,0.0,0.0
2026-03-18 00:00:00-04:00,56.20650355394488,56.24562130480972,55.492553301751336,55.52189254760742,6171900,0.0,0.0,0.0
2026-03-19 00:00:00-04:00,55.28716472433173,55.65881132086418,55.111121796017926,55.433868408203125,6199300,0.0,0.0,0.0
2026-03-20 00:00:00-04:00,55.38497084908304,55.44364934053731,54.607447259845486,54.856842041015625,5329800,0.0,0.0,0.0
2026-03-23 00:00:00-04:00,55.521892455902325,55.86908721100197,55.29694953277424,55.3360710144043,7801500,0.0,0.0,0.0
2026-03-24 00:00:00-04:00,55.03777522433796,55.57568252886243,54.930193017267115,55.31650924682617,5182000,0.0,0.0,0.0
2026-03-25 00:00:00-04:00,55.67837651100118,55.81040685237456,55.24805139118911,55.48277282714844,4210200,0.0,0.0,0.0
2026-03-26 00:00:00-04:00,55.238264566298184,55.57078968197541,54.91943159542833,54.95463943481445,4300500,0.0,0.0,0.0
2026-03-27 00:00:00-04:00,54.85684126396534,54.85684126396534,54.22602137395873,54.328712463378906,5900600,0.0,0.0,0.0
2026-03-30 00:00:00-04:00,54.739478043623436,54.82749950635453,54.24557962880841,54.426513671875,4827800,0.0,0.0,0.0
2026-03-31 00:00:00-04:00,54.91552185862895,55.53166837689761,54.68568782828427,55.433868408203125,5557100,0.0,0.0,0.0
2026-04-01 00:00:00-04:00,55.57772532655026,55.79942758125152,55.46441409839598,55.5826530456543,5904100,0.421,0.0,0.0
2026-04-02 00:00:00-04:00,55.168817857683,55.79943062242814,55.07028226397372,55.6220703125,5043400,0.0,0.0,0.0
2026-04-06 00:00:00-04:00,55.65162983818428,55.88318378799004,55.53339088293722,55.868404388427734,5816600,0.0,0.0,0.0
2026-04-07 00:00:00-04:00,55.769868570693454,55.77972400952804,55.400368548117086,55.691043853759766,5286400,0.0,0.0,0.0
2026-04-08 00:00:00-04:00,56.51872326516424,56.77490829005579,56.444822509931576,56.76505661010742,6154200,0.0,0.0,0.0
2026-04-09 00:00:00-04:00,56.74535139322519,57.080364903925506,56.6271124361394,56.9522705078125,4036200,0.0,0.0,0.0
2026-04-10 00:00:00-04:00,57.011389446864484,57.011389446864484,56.63696171343881,56.696083068847656,4115600,0.0,0.0,0.0
2026-04-13 00:00:00-04:00,56.60740414549847,57.011390686035156,56.60740414549847,57.011390686035156,3883500,0.0,0.0,0.0
2026-04-14 00:00:00-04:00,57.03109819802852,57.0803641162387,56.87836896520378,56.99168395996094,4505900,0.0,0.0,0.0
2026-04-15 00:00:00-04:00,57.06065587228954,57.06065587228954,56.65666933693265,56.76505661010742,5116500,0.0,0.0,0.0
2026-04-16 00:00:00-04:00,56.80447124037806,56.893151395521045,56.68622852768836,56.7453498840332,4545000,0.0,0.0,0.0
2026-04-17 00:00:00-04:00,56.84388155115858,56.99168306220951,56.7650568350137,56.94241714477539,4727800,0.0,0.0,0.0
2026-04-20 00:00:00-04:00,56.97197841439828,57.070510253539915,56.843884016515176,56.91285705566406,3902200,0.0,0.0,0.0
2026-04-21 00:00:00-04:00,56.94241720034397,56.962124319086556,56.62711081795961,56.65666961669922,4919100,0.0,0.0,0.0
2026-04-22 00:00:00-04:00,56.80447129685535,56.8635888945104,56.390629319527086,56.45960235595703,4974100,0.0,0.0,0.0
2026-04-23 00:00:00-04:00,56.52857533618399,56.76505700281482,56.503944256768406,56.7453498840332,4899600,0.0,0.0,0.0
2026-04-24 00:00:00-04:00,56.705935308546465,56.705935308546465,56.42018772603872,56.47930908203125,4838800,0.0,0.0,0.0
2026-04-27 00:00:00-04:00,56.45960162372684,56.52857465926227,56.173854042938046,56.2132682800293,5821100,0.0,0.0,0.0
2026-04-28 00:00:00-04:00,56.37091989756187,56.499014285161856,56.1787801955361,56.29209518432617,4961100,0.0,0.0,0.0
2026-04-29 00:00:00-04:00,56.370921976166954,56.47930924976755,56.20834106576606,56.28224182128906,7745100,0.0,0.0,0.0
2026-04-30 00:00:00-04:00,56.262534870755026,56.76505700281482,56.25268319073851,56.7453498840332,5353200,0.0,0.0,0.0
2026-05-01 00:00:00-04:00,56.872459962198775,56.872459962198775,56.36997185295803,56.42558288574219,5639500,0.448,0.0,0.0
2026-05-04 00:00:00-04:00,56.33620764533514,56.53482010084546,56.217041687315955,56.2766227722168,5995600,0.0,0.0,0.0
2026-05-05 00:00:00-04:00,56.32628124908841,56.346142874350434,56.01843173985356,56.10780715942383,7280900,0.0,0.0,0.0
2026-05-06 00:00:00-04:00,56.15745782320669,56.296485408096636,56.048220781302426,56.08794403076172,6851000,0.0,0.0,0.0
2026-05-07 00:00:00-04:00,56.11773482069662,56.192214966706146,55.84365348994357,55.88933181762695,6271400,0.0,0.0,0.0
2026-05-08 00:00:00-04:00,55.95884448219159,55.98863881292527,55.561623358511774,55.57155227661133,7172300,0.0,0.0,0.0
2026-05-11 00:00:00-04:00,55.541761102475895,55.650998141416295,55.35308135498996,55.46231460571289,7700600,0.0,0.0,0.0
2026-05-12 00:00:00-04:00,55.50203987661034,55.859541548636436,55.38287391534085,55.69072341918945,5811500,0.0,0.0,0.0
2026-05-13 00:00:00-04:00,55.59141547400177,55.73540941393346,55.41266463741193,55.54176330566406,5118300,0.0,0.0,0.0
2026-05-14 00:00:00-04:00,55.62120671396281,55.670862671140036,55.48714547895025,55.601348876953125,11621700,0.0,0.0,0.0
2026-05-15 00:00:00-04:00,55.61127790789959,55.69072440896965,55.44245977545224,55.50204086303711,4958200,0.0,0.0,0.0
2026-05-18 00:00:00-04:00,55.462316558555244,55.770166062025154,55.363012222322425,55.74037551879883,5539900,0.0,0.0,0.0
2026-05-19 00:00:00-04:00,55.74037558736694,55.909193716813924,55.57155366970235,55.69072341918945,5300200,0.0,0.0,0.0
2026-05-20 00:00:00-04:00,55.69072328229732,55.82975086813959,55.51693501177689,55.7900276184082,8007100,0.0,0.0,0.0
2026-05-21 00:00:00-04:00,55.631138544445896,55.73044288080088,55.353083372077876,55.69072341918945,4982200,0.0,0.0,0.0
2026-05-22 00:00:00-04:00,55.86947015101713,56.00353517137752,55.78307606075607,55.938987731933594,4164500,0.0,0.0,0.0
2026-05-26 00:00:00-04:00,56.008500894024706,56.06708946654656,55.8198173546371,55.829750061035156,5998700,0.0,0.0,0.0
2026-05-27 00:00:00-04:00,55.85954127451017,56.07801535928011,55.85954127451017,55.88933181762695,5335900,0.0,0.0,0.0
2026-05-28 00:00:00-04:00,55.91912397050243,55.929052888415356,55.670859352287444,55.80988693237305,5732000,0.0,0.0,0.0
2026-05-29 00:00:00-04:00,55.76023802106799,55.79002856476307,55.57155447575208,55.6510009765625,6469300,0.0,0.0,0.0
2026-06-01 00:00:00-04:00,55.650001525878906,55.68000030517578,55.244998931884766,55.31999969482422,7748600,0.389,0.0,0.0
2026-06-02 00:00:00-04:00,55.279998779296875,55.415000915527344,55.099998474121094,55.33000183105469,7067600,0.0,0.0,0.0
2026-06-03 00:00:00-04:00,55.29999923706055,55.529998779296875,55.279998779296875,55.40999984741211,5991000,0.0,0.0,0.0
2026-06-04 00:00:00-04:00,55.709999084472656,55.86000061035156,55.56999969482422,55.709999084472656,5659600,0.0,0.0,0.0
2026-06-05 00:00:00-04:00,55.7400016784668,55.90999984741211,55.44499969482422,55.52000045776367,5780800,0.0,0.0,0.0
2026-06-08 00:00:00-04:00,55.599998474121094,55.72800064086914,55.345001220703125,55.349998474121094,6091700,0.0,0.0,0.0
2026-06-09 00:00:00-04:00,55.5,55.88999938964844,55.17499923706055,55.79999923706055,6323900,0.0,0.0,0.0
2026-06-10 00:00:00-04:00,55.720001220703125,55.9900016784668,55.25,55.290000915527344,4643800,0.0,0.0,0.0
2026-06-11 00:00:00-04:00,55.45000076293945,56.0099983215332,55.314998626708984,55.79999923706055,5498000,0.0,0.0,0.0
2026-06-12 00:00:00-04:00,55.970001220703125,56.11000061035156,55.69499969482422,56.040000915527344,4118300,0.0,0.0,0.0
2026-06-15 00:00:00-04:00,56.310001373291016,56.529998779296875,56.290000915527344,56.369998931884766,4986000,0.0,0.0,0.0
2026-06-16 00:00:00-04:00,56.36000061035156,56.72999954223633,56.36000061035156,56.54999923706055,3824300,0.0,0.0,0.0
2026-06-17 00:00:00-04:00,56.54999923706055,56.689998626708984,55.869998931884766,55.9900016784668,4151700,0.0,0.0,0.0
2026-06-18 00:00:00-04:00,56.209999084472656,56.349998474121094,56.04999923706055,56.099998474121094,3982600,0.0,0.0,0.0
2026-06-22 00:00:00-04:00,56.099998474121094,56.290000915527344,55.97999954223633,56.06999969482422,4800300,0.0,0.0,0.0
2026-06-23 00:00:00-04:00,55.90999984741211,56.08000183105469,55.65999984741211,55.83000183105469,4019000,0.0,0.0,0.0
2026-06-24 00:00:00-04:00,55.93000030517578,56.400001525878906,55.8849983215332,56.060001373291016,3541000,0.0,0.0,0.0
2026-06-25 00:00:00-04:00,56.220001220703125,56.540000915527344,56.025001525878906,56.06999969482422,4410800,0.0,0.0,0.0
2026-06-26 00:00:00-04:00,,,,,4802019,0.0,0.0,0.0
