Date,Open,High,Low,Close,Volume,Dividends,Stock Splits,Capital Gains
2024-02-21 00:00:00-05:00,7.472474408355954,7.472474408355954,7.4281535148620605,7.4281535148620605,4500,0.0,0.0,0.0
2024-02-22 00:00:00-05:00,7.445879936218262,7.472472974421952,7.433470189863433,7.445879936218262,2700,0.0,0.0,0.0
2024-02-23 00:00:00-05:00,7.472469360329173,7.476901531219482,7.472469360329173,7.476901531219482,1000,0.0,0.0,0.0
2024-02-26 00:00:00-05:00,7.437016435500934,7.454744282286158,7.437016435500934,7.445879936218262,1300,0.0,0.0,0.0
2024-02-27 00:00:00-05:00,7.463608628354055,7.463608628354055,7.445879936218262,7.445879936218262,800,0.0,0.0,0.0
2024-02-28 00:00:00-05:00,7.463608270854693,7.483109662199856,7.4609487980915965,7.4813361167907715,4100,0.0,0.0,0.0
2024-02-29 00:00:00-05:00,7.482226371765136,7.482226371765136,7.482226371765136,7.482226371765137,500,0.031,0.0,0.0
2024-03-01 00:00:00-05:00,7.482225978720597,7.5000200271606445,7.482225978720597,7.5000200271606445,1400,0.0,0.0,0.0
2024-03-04 00:00:00-05:00,7.508915823663721,7.508915823663721,7.495571136474609,7.495571136474609,400,0.0,0.0,0.0
2024-03-05 00:00:00-05:00,7.526708408561294,7.535605430603027,7.517811386519562,7.535605430603027,1300,0.0,0.0,0.0
2024-03-06 00:00:00-05:00,7.553399758513382,7.553399758513382,7.5445027351379395,7.5445027351379395,1600,0.0,0.0,0.0
2024-03-07 00:00:00-05:00,7.562296235117627,7.564075469970703,7.562296235117627,7.564075469970703,400,0.0,0.0,0.0
2024-03-08 00:00:00-05:00,7.588989084299654,7.588989084299654,7.580092906951904,7.580092906951904,300,0.0,0.0,0.0
2024-03-11 00:00:00-04:00,7.588988107166657,7.597885131835938,7.588988107166657,7.5978851318359375,80300,0.0,0.0,0.0
2024-03-12 00:00:00-04:00,7.580092226248379,7.584539890289307,7.580092226248379,7.584539890289307,400,0.0,0.0,0.0
2024-03-13 00:00:00-04:00,7.553401272723076,7.56229829788208,7.553401272723076,7.56229829788208,300,0.0,0.0,0.0
2024-03-14 00:00:00-04:00,7.535607436307682,7.535607436307682,7.531158924102783,7.531158924102783,300,0.0,0.0,0.0
2024-03-15 00:00:00-04:00,7.491123396452525,7.491123396452525,7.464433170857332,7.482226371765137,1000,0.0,0.0,0.0
2024-03-18 00:00:00-04:00,7.508915542065369,7.508915542065369,7.486673831939697,7.486673831939697,500,0.0,0.0,0.0
2024-03-19 00:00:00-04:00,7.482226371765136,7.482226371765136,7.482226371765136,7.482226371765137,500,0.0,0.0,0.0
2024-03-20 00:00:00-04:00,7.491123199462891,7.491123199462891,7.491123199462891,7.491123199462891,700,0.0,0.0,0.0
2024-03-21 00:00:00-04:00,7.517812826906145,7.526709850652516,7.513364315032959,7.513364315032959,400,0.0,0.0,0.0
2024-03-22 00:00:00-04:00,7.526709850652516,7.526709850652516,7.500019627880286,7.513364315032959,300,0.0,0.0,0.0
2024-03-25 00:00:00-04:00,7.526708700249659,7.526708700249659,7.5222601890563965,7.5222601890563965,2900,0.0,0.0,0.0
2024-03-26 00:00:00-04:00,7.535605722636185,7.535605722636185,7.5222601890563965,7.5222601890563965,600,0.0,0.0,0.0
2024-03-27 00:00:00-04:00,7.553399961919053,7.553399961919053,7.535606763155863,7.540055274963379,71900,0.0,0.0,0.0
2024-03-28 00:00:00-04:00,7.566855664760709,7.575788730860134,7.5588154792785645,7.5588154792785645,600,0.035,0.0,0.0
2024-04-01 00:00:00-04:00,7.540054269248587,7.540054269248587,7.526654243469238,7.526654243469238,200,0.0,0.0,0.0
2024-04-02 00:00:00-04:00,7.513253688812256,7.513253688812256,7.513253688812256,7.513253688812256,400,0.0,0.0,0.0
2024-04-03 00:00:00-04:00,7.486452256758237,7.513253159566972,7.486452256758237,7.499853134155273,3700,0.0,0.0,0.0
2024-04-04 00:00:00-04:00,7.522186756134033,7.540053739913968,7.522186756134033,7.522186756134033,1500,0.0,0.0,0.0
2024-04-05 00:00:00-04:00,7.522187607706266,7.540054593508888,7.4953867030096335,7.513253688812256,2800,0.0,0.0,0.0
2024-04-08 00:00:00-04:00,7.504320622091731,7.531122381817309,7.495387554168701,7.495387554168701,1000,0.0,0.0,0.0
2024-04-09 00:00:00-04:00,7.4864534611175415,7.531122207641602,7.468585621713727,7.531122207641602,2200,0.0,0.0,0.0
2024-04-10 00:00:00-04:00,7.478414298807801,7.486454486846924,7.477520565920968,7.486454486846924,700,0.0,0.0,0.0
2024-04-11 00:00:00-04:00,7.414982576908094,7.459651316019082,7.414982576908094,7.4462504386901855,4000,0.0,0.0,0.0
2024-04-12 00:00:00-04:00,7.423917719348703,7.428383827209473,7.423917719348703,7.428383827209473,500,0.0,0.0,0.0
2024-04-15 00:00:00-04:00,7.423916236786551,7.423916236786551,7.414982318878174,7.414982318878174,200,0.0,0.0,0.0
2024-04-16 00:00:00-04:00,7.397114223473174,7.397114223473174,7.383714199066162,7.383714199066162,200,0.0,0.0,0.0
2024-04-17 00:00:00-04:00,7.388181789986122,7.406048774719238,7.370313953267658,7.406048774719238,56400,0.0,0.0,0.0
2024-04-18 00:00:00-04:00,7.423917719348703,7.428383827209473,7.397115960271236,7.428383827209473,1300,0.0,0.0,0.0
2024-04-19 00:00:00-04:00,7.388181674235634,7.4462504386901855,7.388181674235634,7.4462504386901855,700,0.0,0.0,0.0
2024-04-22 00:00:00-04:00,7.397114483061417,7.414982318878174,7.379247499229966,7.414982318878174,2000,0.0,0.0,0.0
2024-04-23 00:00:00-04:00,7.414981893840926,7.4194488525390625,7.388180993637362,7.4194488525390625,2800,0.0,0.0,0.0
2024-04-24 00:00:00-04:00,7.406048142783331,7.406048142783331,7.388181159574751,7.3926472663879395,300,0.0,0.0,0.0
2024-04-25 00:00:00-04:00,7.379247291906832,7.388181209564209,7.379247291906832,7.388181209564209,300,0.0,0.0,0.0
2024-04-26 00:00:00-04:00,7.3971171379089355,7.3971171379089355,7.388184068779757,7.3971171379089355,1800,0.0,0.0,0.0
2024-04-29 00:00:00-04:00,7.406048774719238,7.423916611437703,7.397114856360006,7.406048774719238,1900,0.0,0.0,0.0
2024-04-30 00:00:00-04:00,7.386303901672363,7.403356170980853,7.3683546400316295,7.386303901672363,20000,0.038,0.0,0.0
2024-05-01 00:00:00-04:00,7.395278841747158,7.440153278991795,7.368354521763857,7.42220401763916,6700,0.0,0.0,0.0
2024-05-02 00:00:00-04:00,7.422203860974473,7.449128180389467,7.413228802533247,7.440153121948242,8500,0.0,0.0,0.0
2024-05-03 00:00:00-04:00,7.46707785980424,7.46707785980424,7.444641068352542,7.458103656768799,3000,0.0,0.0,0.0
2024-05-06 00:00:00-04:00,7.476053237915039,7.485028297242372,7.453616445505474,7.476053237915039,24500,0.0,0.0,0.0
2024-05-07 00:00:00-04:00,7.520927459273069,7.520927459273069,7.5119524002075195,7.5119524002075195,700,0.0,0.0,0.0
2024-05-08 00:00:00-04:00,7.502977386279742,7.502977386279742,7.498489856719971,7.498489856719971,200,0.0,0.0,0.0
2024-05-09 00:00:00-04:00,7.502978246996555,7.525415897369385,7.502978246996555,7.525415897369385,18400,0.0,0.0,0.0
2024-05-10 00:00:00-04:00,7.511953338284517,7.520928398470853,7.511056345811193,7.5164408683776855,4400,0.0,0.0,0.0
2024-05-13 00:00:00-04:00,7.520928859710693,7.520928859710693,7.520928859710693,7.520928859710693,200,0.0,0.0,0.0
2024-05-14 00:00:00-04:00,7.520929304272282,7.543366101531503,7.520929304272282,7.529904365539551,12700,0.0,0.0,0.0
2024-05-15 00:00:00-04:00,7.565802097320557,7.574776300712968,7.565802097320557,7.565802097320557,2200,0.0,0.0,0.0
2024-05-16 00:00:00-04:00,7.583751360014144,7.583751360014144,7.565802097320557,7.565802097320557,500,0.0,0.0,0.0
2024-05-17 00:00:00-04:00,7.565801665178659,7.565801665178659,7.55233907699585,7.55233907699585,400,0.0,0.0,0.0
2024-05-20 00:00:00-04:00,7.574776300712968,7.583751360014144,7.565802097320557,7.565802097320557,1300,0.0,0.0,0.0
2024-05-21 00:00:00-04:00,7.5720838629524065,7.574775695800781,7.5720838629524065,7.574775695800781,400,0.0,0.0,0.0
2024-05-22 00:00:00-04:00,7.558621893847205,7.561314582824707,7.558621893847205,7.561314582824707,200,0.0,0.0,0.0
2024-05-23 00:00:00-04:00,7.565802097320557,7.583751360014144,7.547851978718206,7.565802097320557,1031000,0.0,0.0,0.0
2024-05-24 00:00:00-04:00,7.592725985635564,7.592725985635564,7.53079927826684,7.55233907699585,16900,0.0,0.0,0.0
2024-05-28 00:00:00-04:00,7.556826764218005,7.556826764218005,7.534389972686768,7.534389972686768,34700,0.0,0.0,0.0
2024-05-29 00:00:00-04:00,7.516439944795196,7.5209274743369585,7.494003152995125,7.50746488571167,22100,0.0,0.0,0.0
2024-05-30 00:00:00-04:00,7.5209274743369585,7.529004685148634,7.502977356169907,7.50746488571167,2212100,0.0,0.0,0.0
2024-05-31 00:00:00-04:00,7.538953434601195,7.592931140288941,7.516462008931166,7.565942287445068,51300,0.02,0.0,0.0
2024-06-03 00:00:00-04:00,7.556945550563731,7.583935260772705,7.538953268384558,7.583935260772705,7000,0.0,0.0,0.0
2024-06-04 00:00:00-04:00,7.583933884292194,7.628915010556143,7.5695390316093425,7.619919300079346,83600,0.0,0.0,0.0
2024-06-05 00:00:00-04:00,7.637912103836519,7.637912103836519,7.610923254631597,7.612722396850586,18800,0.0,0.0,0.0
2024-06-06 00:00:00-04:00,7.642411737302546,7.67389887659266,7.637913451981072,7.664903163909912,19700,0.0,0.0,0.0
2024-06-07 00:00:00-04:00,7.62891613174282,7.637912701501789,7.592930710667056,7.601927280426025,57000,0.0,0.0,0.0
2024-06-10 00:00:00-04:00,7.5749382258445435,7.601927076437123,7.55694508680943,7.578536510467529,31900,0.0,0.0,0.0
2024-06-11 00:00:00-04:00,7.592930316925049,7.592930316925049,7.5569448977153595,7.592930316925049,11900,0.0,0.0,0.0
2024-06-12 00:00:00-04:00,7.65590541191643,7.65590541191643,7.628915704152258,7.637912273406982,21200,0.0,0.0,0.0
2024-06-13 00:00:00-04:00,7.637913451981072,7.81784057503901,7.637913451981072,7.664903163909912,19300,0.0,0.0,0.0
2024-06-14 00:00:00-04:00,7.646906992601925,7.6828924029545975,7.646906992601925,7.673895835876465,20000,0.0,0.0,0.0
2024-06-17 00:00:00-04:00,7.67389887659266,7.67389887659266,7.655906593266966,7.664903163909912,9600,0.0,0.0,0.0
2024-06-18 00:00:00-04:00,7.6649018348931435,7.682894115099158,7.637912127644047,7.669399261474609,35300,0.0,0.0,0.0
2024-06-20 00:00:00-04:00,7.6514052761409905,7.6828924029545975,7.628913858445658,7.673895835876465,43300,0.0,0.0,0.0
2024-06-21 00:00:00-04:00,7.682894229888916,7.690990799000596,7.66490194941408,7.682894229888916,56000,0.0,0.0,0.0
2024-06-24 00:00:00-04:00,7.6909907633178,7.700887332595104,7.665801055993862,7.684693336486816,21900,0.0,0.0,0.0
2024-06-25 00:00:00-04:00,7.655905216053784,7.709882914281072,7.646908647029221,7.700887203216553,42000,0.0,0.0,0.0
2024-06-26 00:00:00-04:00,7.628916193089469,7.682894754117232,7.628916193089469,7.675697326660156,21200,0.0,0.0,0.0
2024-06-27 00:00:00-04:00,7.646908614645845,7.691890601618123,7.646908614645845,7.678395748138428,29000,0.0,0.0,0.0
2024-06-28 00:00:00-04:00,7.688335940757336,7.688335940757336,7.6702665830463745,7.6793012619018555,36700,0.036,0.0,0.0
2024-07-01 00:00:00-04:00,7.643161773681641,7.652196450605171,7.616058604505262,7.643161773681641,49700,0.0,0.0,0.0
2024-07-02 00:00:00-04:00,7.625091901552641,7.66122974519624,7.625091901552641,7.652195930480957,15100,0.0,0.0,0.0
2024-07-03 00:00:00-04:00,7.687431129458132,7.783196472738656,7.679300264182347,7.688334941864014,22200,0.0,0.0,0.0
2024-07-05 00:00:00-04:00,7.697369352226139,7.724472522735596,7.688334674858235,7.724472522735596,67100,0.0,0.0,0.0
2024-07-08 00:00:00-04:00,7.742541790008545,7.742541790008545,7.706403938517973,7.742541790008545,37300,0.0,0.0,0.0
2024-07-09 00:00:00-04:00,7.679298659165174,7.724471176537908,7.679298659165174,7.706401824951172,14300,0.0,0.0,0.0
2024-07-10 00:00:00-04:00,7.715435844106856,7.715435844106856,7.679298005603074,7.705498218536377,19800,0.0,0.0,0.0
2024-07-11 00:00:00-04:00,7.733506679534912,7.742540494700463,7.724472002775162,7.733506679534912,228900,0.0,0.0,0.0
2024-07-12 00:00:00-04:00,7.733505809039483,7.769643650416551,7.733505809039483,7.74705696105957,75500,0.0,0.0,0.0
2024-07-15 00:00:00-04:00,7.753383475314863,7.753383475314863,7.733508216406663,7.74525260925293,101200,0.0,0.0,0.0
2024-07-16 00:00:00-04:00,7.733506977349591,7.760610147078374,7.733506977349591,7.751575469970703,125600,0.0,0.0,0.0
2024-07-17 00:00:00-04:00,7.733506621126663,7.769644466298527,7.733506621126663,7.768740653991699,51500,0.0,0.0,0.0
2024-07-18 00:00:00-04:00,7.751576028529203,7.759706893874305,7.742541350770516,7.746155738830566,26300,0.0,0.0,0.0
2024-07-19 00:00:00-04:00,7.7244711753292705,7.741636714696341,7.7244711753292705,7.738022327423096,10700,0.0,0.0,0.0
2024-07-22 00:00:00-04:00,7.724472002775162,7.742540494700463,7.724472002775162,7.733506679534912,38400,0.0,0.0,0.0
2024-07-23 00:00:00-04:00,7.7696458248222315,7.7696458248222315,7.72447329506043,7.742541790008545,30900,0.0,0.0,0.0
2024-07-24 00:00:00-04:00,7.787713016905013,7.787713016905013,7.724472002775162,7.733506679534912,34800,0.0,0.0,0.0
2024-07-25 00:00:00-04:00,7.742541790008545,7.751576468279774,7.733507973331659,7.742541790008545,23900,0.0,0.0,0.0
2024-07-26 00:00:00-04:00,7.751575686527482,7.769645041247632,7.742541009167407,7.7560930252075195,20800,0.0,0.0,0.0
2024-07-29 00:00:00-04:00,7.7696460308009065,7.78771452622803,7.7696460308009065,7.778679847717285,123200,0.0,0.0,0.0
2024-07-30 00:00:00-04:00,7.769644353437006,7.804878385790234,7.769644353437006,7.78861665725708,25900,0.0,0.0,0.0
2024-07-31 00:00:00-04:00,7.797693519249516,7.815848350524902,7.797693519249516,7.815848350524902,29400,0.041,0.0,0.0
2024-08-01 00:00:00-04:00,7.824927468623612,7.870315852743326,7.824927468623612,7.8612380027771,48300,0.0,0.0,0.0
2024-08-02 00:00:00-04:00,7.961089896621806,7.979244724630084,7.9429342029024035,7.945657730102539,44300,0.0,0.0,0.0
2024-08-05 00:00:00-04:00,8.033712720938874,8.033712720938874,7.961091661385344,7.997402191162109,58500,0.0,0.0,0.0
2024-08-06 00:00:00-04:00,8.024638099531586,8.024638099531586,7.933861305724094,7.971987247467041,155100,0.0,0.0,0.0
2024-08-07 00:00:00-04:00,7.942934626273102,7.9792451499361885,7.924778931585972,7.960182189941406,36200,0.0,0.0,0.0
2024-08-08 00:00:00-04:00,7.942936643260879,7.952014492909624,7.919334753600973,7.931136131286621,27200,0.0,0.0,0.0
2024-08-09 00:00:00-04:00,7.933858783369539,7.942936633006566,7.9157039498068755,7.929319858551025,22600,0.0,0.0,0.0
2024-08-12 00:00:00-04:00,7.906624762356608,7.952013137150568,7.906624762356608,7.933857440948486,15300,0.0,0.0,0.0
2024-08-13 00:00:00-04:00,7.952014145986552,7.961091995239258,7.933858447481139,7.961091995239258,73700,0.0,0.0,0.0
2024-08-14 00:00:00-04:00,7.933858535679686,7.979246916736435,7.933858535679686,7.9701690673828125,10000,0.0,0.0,0.0
2024-08-15 00:00:00-04:00,7.95201483520652,7.961092685246025,7.924781285088004,7.947475910186768,90200,0.0,0.0,0.0
2024-08-16 00:00:00-04:00,7.942935466766357,7.960183032259738,7.9338576184622065,7.942935466766357,15100,0.0,0.0,0.0
2024-08-19 00:00:00-04:00,7.970167457387468,7.970167457387468,7.942934780539039,7.956551551818848,30400,0.0,0.0,0.0
2024-08-20 00:00:00-04:00,7.965630142706001,7.997402615443679,7.9520142343869304,7.9701690673828125,33700,0.0,0.0,0.0
2024-08-21 00:00:00-04:00,7.970168908968919,8.015557289123535,7.970168908968919,8.015557289123535,42900,0.0,0.0,0.0
2024-08-22 00:00:00-04:00,7.992863955764211,7.9974028805915065,7.979247181282323,7.983786106109619,31100,0.0,0.0,0.0
2024-08-23 00:00:00-04:00,8.242498324185268,8.242498324185268,7.9610919255070725,8.015557289123535,26600,0.0,0.0,0.0
2024-08-26 00:00:00-04:00,7.998309456622521,8.015557023194832,7.988324342290088,7.997402191162109,20800,0.0,0.0,0.0
2024-08-27 00:00:00-04:00,8.006480004150294,8.024635703776074,7.997403020048812,8.020096778869629,21100,0.0,0.0,0.0
2024-08-28 00:00:00-04:00,8.015557853963184,8.024635703776074,8.007388135416146,8.020096778869629,21400,0.0,0.0,0.0
2024-08-29 00:00:00-04:00,7.997403020048812,8.024635703776074,7.997403020048812,8.020096778869629,27200,0.0,0.0,0.0
2024-08-30 00:00:00-04:00,8.013713836669922,8.022830898434202,7.995480582592226,8.013713836669922,75200,0.038,0.0,0.0
2024-09-03 00:00:00-04:00,8.004597663879395,8.050182108312443,7.995481470553553,8.004597663879395,23700,0.0,0.0,0.0
2024-09-04 00:00:00-04:00,7.986362682771927,8.041975362576887,7.977245621964353,8.04106330871582,21700,0.0,0.0,0.0
2024-09-05 00:00:00-04:00,8.054741890572133,8.077533681602656,8.031950099541609,8.059300422668457,23000,0.0,0.0,0.0
2024-09-06 00:00:00-04:00,8.06841575026475,8.10488312973523,8.050181625804056,8.095766067504883,30600,0.0,0.0,0.0
2024-09-09 00:00:00-04:00,8.095764982918757,8.095764982918757,8.059297608333795,8.077530860900879,43100,0.0,0.0,0.0
2024-09-10 00:00:00-04:00,8.086650020893288,8.114000341568403,8.07753295751791,8.104884147644043,16700,0.0,0.0,0.0
2024-09-11 00:00:00-04:00,8.086651003343249,8.123118391824178,8.086651003343249,8.109443664550781,27100,0.0,0.0,0.0
2024-09-12 00:00:00-04:00,8.123119323780125,8.13223638930913,8.104886062173343,8.118560791015625,39200,0.0,0.0,0.0
2024-09-13 00:00:00-04:00,8.14135166836089,8.150467862438282,8.123117541304044,8.13679313659668,15900,0.0,0.0,0.0
2024-09-16 00:00:00-04:00,8.150466939199545,8.150466939199545,8.132233683659091,8.141350746154785,37600,0.0,0.0,0.0
2024-09-17 00:00:00-04:00,8.141350746154785,8.159584001695238,8.132233683659091,8.141350746154785,29600,0.0,0.0,0.0
2024-09-18 00:00:00-04:00,8.140440537364201,8.141352591600885,8.114001397913954,8.132235527038574,30800,0.0,0.0,0.0
2024-09-19 00:00:00-04:00,8.205170304634793,8.205170304634793,8.123118462476263,8.132235527038574,24400,0.0,0.0,0.0
2024-09-20 00:00:00-04:00,8.13679225849975,8.159584045410156,8.13223372722748,8.159584045410156,89000,0.0,0.0,0.0
2024-09-23 00:00:00-04:00,8.15046501159668,8.15046501159668,8.12311470002894,8.15046501159668,35100,0.0,0.0,0.0
2024-09-24 00:00:00-04:00,8.141350932797003,8.150467126050755,8.132233870092298,8.143174171447754,37000,0.0,0.0,0.0
2024-09-25 00:00:00-04:00,8.148645640574797,8.150468879617815,8.13223561973649,8.14591121673584,54900,0.0,0.0,0.0
2024-09-26 00:00:00-04:00,8.104885141039189,8.141352529559397,8.104885141039189,8.12311840057373,114500,0.0,0.0,0.0
2024-09-27 00:00:00-04:00,8.150466390816531,8.159583452698806,8.124028128589156,8.149555206298828,47000,0.0,0.0,0.0
2024-09-30 00:00:00-04:00,8.145897569570437,8.146812438964844,8.11019758494801,8.146812438964844,27400,0.036,0.0,0.0
2024-10-01 00:00:00-04:00,8.12850182591059,8.137655753577024,8.110193970577718,8.132163047790527,129400,0.0,0.0,0.0
2024-10-02 00:00:00-04:00,8.110194892715008,8.128502750129499,8.091887908267205,8.118433952331543,74700,0.0,0.0,0.0
2024-10-03 00:00:00-04:00,8.121180911044421,8.128504229936777,8.091889381408691,8.091889381408691,35800,0.0,0.0,0.0
2024-10-04 00:00:00-04:00,8.069002151489258,8.082733042959035,8.055272132986069,8.069002151489258,81400,0.0,0.0,0.0
2024-10-07 00:00:00-04:00,8.036966188413187,8.046120118235974,8.009505271911621,8.009505271911621,32600,0.0,0.0,0.0
2024-10-08 00:00:00-04:00,8.000350779642007,8.036965623392234,8.000350779642007,8.018658638000488,36200,0.0,0.0,0.0
2024-10-09 00:00:00-04:00,8.010420450925865,8.036965623392234,8.009504708821247,8.018658638000488,24500,0.0,0.0,0.0
2024-10-10 00:00:00-04:00,8.026896825075111,8.073580467142461,8.009504708821247,8.018658638000488,104300,0.0,0.0,0.0
2024-10-11 00:00:00-04:00,8.027813239692284,8.046120226617658,8.009505379800101,8.023236274719238,44500,0.0,0.0,0.0
2024-10-14 00:00:00-04:00,8.009503506056648,8.036964416503906,8.004926542154337,8.036964416503906,19600,0.0,0.0,0.0
2024-10-15 00:00:00-04:00,8.027812957763672,8.046119944046124,8.009505098514444,8.027812957763672,41900,0.0,0.0,0.0
2024-10-16 00:00:00-04:00,8.038795419073324,8.04611873626709,8.027811752732646,8.04611873626709,46000,0.0,0.0,0.0
2024-10-17 00:00:00-04:00,8.009505098514444,8.027812957763672,8.009505098514444,8.027812957763672,35900,0.0,0.0,0.0
2024-10-18 00:00:00-04:00,7.991197239265214,8.027812957763672,7.991197239265214,8.027812957763672,313400,0.0,0.0,0.0
2024-10-21 00:00:00-04:00,8.018656224140129,8.018656224140129,7.982041391412083,7.995771408081055,43900,0.0,0.0,0.0
2024-10-22 00:00:00-04:00,7.973806032456698,7.991197276671385,7.973806032456698,7.982044219970703,16400,0.0,0.0,0.0
2024-10-23 00:00:00-04:00,7.945428120128682,7.9820429600523175,7.945428120128682,7.963735103607178,18700,0.0,0.0,0.0
2024-10-24 00:00:00-04:00,7.945429374267631,7.982044219970703,7.945429374267631,7.982044219970703,33900,0.0,0.0,0.0
2024-10-25 00:00:00-04:00,7.991196015308244,7.991196015308244,7.963735103607178,7.963735103607178,31200,0.0,0.0,0.0
2024-10-28 00:00:00-04:00,7.945427417755127,7.972888327028656,7.8905047262415025,7.945427417755127,44200,0.0,0.0,0.0
2024-10-29 00:00:00-04:00,7.890505478938294,7.940851211547852,7.890505478938294,7.940851211547852,19200,0.0,0.0,0.0
2024-10-30 00:00:00-04:00,7.954581231011077,7.96373515929766,7.940851211547852,7.940851211547852,41100,0.0,0.0,0.0
2024-10-31 00:00:00-04:00,7.8994698003944865,7.917861590356112,7.890273466908358,7.908666133880615,476800,0.04,0.0,0.0
2024-11-01 00:00:00-04:00,7.908666212096577,7.916942561511692,7.890273544942417,7.894871711730957,18000,0.0,0.0,0.0
2024-11-04 00:00:00-05:00,7.913262972277936,7.9178611387587425,7.904067516326904,7.904067516326904,29100,0.0,0.0,0.0
2024-11-05 00:00:00-05:00,7.899469620253879,7.92705774307251,7.8902732869774646,7.92705774307251,30900,0.0,0.0,0.0
2024-11-06 00:00:00-05:00,7.888434427593564,7.908666185994237,7.871881728817964,7.89946985244751,51300,0.0,0.0,0.0
2024-11-07 00:00:00-05:00,7.917860229411925,7.954644680023193,7.90866477451697,7.954644680023193,71700,0.0,0.0,0.0
2024-11-08 00:00:00-05:00,7.954643976820557,7.954643976820557,7.908664075379026,7.922457695007324,815200,0.0,0.0,0.0
2024-11-11 00:00:00-05:00,7.904984565463288,7.927055408021089,7.904065458612753,7.917859077453613,25700,0.0,0.0,0.0
2024-11-12 00:00:00-05:00,7.890273120001593,7.890273120001593,7.871881330848588,7.885674953460693,35900,0.0,0.0,0.0
2024-11-13 00:00:00-05:00,7.86268565418118,7.871881988030734,7.853489320331628,7.867283821105957,32500,0.0,0.0,0.0
2024-11-14 00:00:00-05:00,7.881075859069824,7.890272191068926,7.86268407208211,7.881075859069824,50100,0.0,0.0,0.0
2024-11-15 00:00:00-05:00,7.867281787054671,7.880156300311129,7.853487289846848,7.876477241516113,35700,0.0,0.0,0.0
2024-11-18 00:00:00-05:00,7.871881780810113,7.890273571014403,7.871881780810113,7.890273571014404,41700,0.0,0.0,0.0
2024-11-19 00:00:00-05:00,7.945450643170509,7.945450643170509,7.8902735189007815,7.89946985244751,51200,0.0,0.0,0.0
2024-11-20 00:00:00-05:00,7.881077133422229,7.908666133880615,7.881077133422229,7.908666133880615,89200,0.0,0.0,0.0
2024-11-21 00:00:00-05:00,7.890272191068926,7.894870357068478,7.871880404081212,7.881075859069824,58400,0.0,0.0,0.0
2024-11-22 00:00:00-05:00,7.927057923842241,7.927057923842241,7.881077133422229,7.908666133880615,43100,0.0,0.0,0.0
2024-11-25 00:00:00-05:00,7.936254024505615,7.945450357721955,7.908665901867202,7.936254024505615,171500,0.0,0.0,0.0
2024-11-26 00:00:00-05:00,7.927058193726608,7.950049028224675,7.908666403138816,7.931656360626221,31700,0.0,0.0,0.0
2024-11-27 00:00:00-05:00,7.954643852528473,7.954643852528473,7.908663951805382,7.945448398590088,76300,0.0,0.0,0.0
2024-11-29 00:00:00-05:00,7.954681225521747,7.95745087947923,7.93898857396672,7.9528350830078125,10200,0.033,0.0,0.0
2024-12-02 00:00:00-05:00,7.95744893604518,7.975912117421617,7.920523453665249,7.966680526733398,43100,0.0,0.0,0.0
2024-12-03 00:00:00-05:00,8.003605062176812,8.003605062176812,7.938985695750528,7.962063789367676,31700,0.0,0.0,0.0
2024-12-04 00:00:00-05:00,7.948219222858222,7.975914001464844,7.929756917493624,7.975914001464844,34600,0.0,0.0,0.0
2024-12-05 00:00:00-05:00,7.9943776400932895,7.9943776400932895,7.948220548424213,7.9851460456848145,38300,0.0,0.0,0.0
2024-12-06 00:00:00-05:00,7.9943761698921865,8.022070067651283,7.9943761698921865,7.998991966247559,77100,0.0,0.0,0.0
2024-12-09 00:00:00-05:00,8.049766751394895,8.049766751394895,7.975915752972558,8.003609657287598,32900,0.0,0.0,0.0
2024-12-10 00:00:00-05:00,7.975914366138657,7.991607018285458,7.957451179556736,7.989760875701904,28900,0.0,0.0,0.0
2024-12-11 00:00:00-05:00,8.012839492567188,8.012839492567188,7.957450815727095,7.975914001464844,64500,0.0,0.0,0.0
2024-12-12 00:00:00-05:00,7.966682472422064,7.975914065364898,7.93898857396672,7.9528350830078125,38100,0.0,0.0,0.0
2024-12-13 00:00:00-05:00,7.9509880115166816,7.9509880115166816,7.920524462663154,7.943602561950684,21000,0.0,0.0,0.0
2024-12-16 00:00:00-05:00,7.9389880854855255,7.96668198223688,7.920524900735885,7.9574503898620605,43000,0.0,0.0,0.0
2024-12-17 00:00:00-05:00,7.86513583544783,7.9574491031497425,7.86513583544783,7.929755210876465,77700,0.0,0.0,0.0
2024-12-18 00:00:00-05:00,7.929755748025124,7.99437512783097,7.897446058122201,7.906676769256592,1302100,0.0,0.0,0.0
2024-12-19 00:00:00-05:00,7.772820912953665,7.957448310335713,7.772820912953665,7.892828941345215,1056900,0.0,0.0,0.0
2024-12-20 00:00:00-05:00,7.902060531307535,7.929754420821625,7.892828941345215,7.892828941345215,51000,0.0,0.0,0.0
2024-12-23 00:00:00-05:00,7.889138134880158,7.902062892913818,7.883599707471278,7.902062892913818,77000,0.0,0.0,0.0
2024-12-24 00:00:00-05:00,7.957448310335713,7.957448310335713,7.726663843514934,7.892828941345215,789200,0.0,0.0,0.0
2024-12-26 00:00:00-05:00,7.883598658841006,7.911292552947998,7.874367067347668,7.911292552947998,94700,0.0,0.0,0.0
2024-12-27 00:00:00-05:00,7.907600268499871,7.911292552947998,7.8928302503343435,7.911292552947998,30300,0.0,0.0,0.0
2024-12-30 00:00:00-05:00,7.876214257219635,7.929756790704491,7.876214257219635,7.902062892913818,44300,0.0,0.0,0.0
2024-12-31 00:00:00-05:00,7.909481048583984,7.909481048583984,7.881663659741515,7.909481048583984,56500,0.038,0.0,0.0
2025-01-02 00:00:00-05:00,7.955843952853998,7.955843952853998,7.872390902027743,7.909481048583984,94800,0.0,0.0,0.0
2025-01-03 00:00:00-05:00,7.900206178428761,8.006840198791723,7.88166067003598,7.895569801330566,26200,0.0,0.0,0.0
2025-01-06 00:00:00-05:00,7.9372983194053095,7.9372983194053095,7.863117151361558,7.89093542098999,44700,0.0,0.0,0.0
2025-01-07 00:00:00-05:00,7.9558426497366295,7.9558426497366295,7.863116856384509,7.881662368774414,77900,0.0,0.0,0.0
2025-01-08 00:00:00-05:00,7.751846321367341,7.890935009357707,7.751846321367341,7.86311674118042,43100,0.0,0.0,0.0
2025-01-10 00:00:00-05:00,8.410197139414457,8.410197139414457,7.835299516546639,7.858481407165527,76500,0.0,0.0,0.0
2025-01-13 00:00:00-05:00,7.853843271673352,7.853843271673352,7.81675313928109,7.826025009155273,80800,0.0,0.0,0.0
2025-01-14 00:00:00-05:00,7.797280708170777,7.853843092455886,7.779662829364088,7.835297584533691,6584700,0.0,0.0,0.0
2025-01-15 00:00:00-05:00,7.890935009357707,7.909479637177209,7.835299357301823,7.86311674118042,231900,0.0,0.0,0.0
2025-01-16 00:00:00-05:00,7.830663094000877,7.881662368774414,7.830663094000877,7.881662368774414,648600,0.0,0.0,0.0
2025-01-17 00:00:00-05:00,7.798209038385978,7.890934828251388,7.798209038385978,7.872389316558838,369800,0.0,0.0,0.0
2025-01-21 00:00:00-05:00,7.928025562862499,7.928025562862499,7.853845279117483,7.89093542098999,38000,0.0,0.0,0.0
2025-01-22 00:00:00-05:00,7.8992811165124,7.8992811165124,7.863117717112974,7.8862996101379395,55200,0.0,0.0,0.0
2025-01-23 00:00:00-05:00,7.7611212093601445,7.88166441834482,7.7611212093601445,7.853847026824951,27100,0.0,0.0,0.0
2025-01-24 00:00:00-05:00,7.863116856384509,7.890935124969366,7.8445722282933055,7.881662368774414,69200,0.0,0.0,0.0
2025-01-27 00:00:00-05:00,7.895571503066843,7.909479753060569,7.863116856384509,7.881662368774414,83100,0.0,0.0,0.0
2025-01-28 00:00:00-05:00,7.853843252486194,7.945641396255164,7.853843252486194,7.918750762939453,44800,0.0,0.0,0.0
2025-01-29 00:00:00-05:00,7.9456422209797735,7.9558417210243775,7.920605959035709,7.946568965911865,37300,0.0,0.0,0.0
2025-01-30 00:00:00-05:00,7.920605959035709,7.9558417210243775,7.918751584872926,7.946568965911865,90300,0.0,0.0,0.0
2025-01-31 00:00:00-05:00,7.952151353117423,7.952151353117423,7.924249316647466,7.933549404144287,51200,0.026,0.0,0.0
2025-02-03 00:00:00-05:00,7.9800532833456685,7.9800532833456685,7.924249211148697,7.928898811340332,28800,0.0,0.0,0.0
2025-02-04 00:00:00-05:00,7.989352285682186,7.989352285682186,7.896344338991573,7.947498798370361,57000,0.0,0.0,0.0
2025-02-05 00:00:00-05:00,7.905646247352635,7.980052258721491,7.905646247352635,7.9707512855529785,58800,0.0,0.0,0.0
2025-02-06 00:00:00-05:00,7.954942017990564,7.98005358533257,7.942850573463481,7.966102123260498,36100,0.0,0.0,0.0
2025-02-07 00:00:00-05:00,8.0451580064138,8.0451580064138,7.92424889251881,7.956801414489746,59400,0.0,0.0,0.0
2025-02-10 00:00:00-05:00,7.961452484130859,7.962382049403944,7.942850534791998,7.961452484130859,37800,0.0,0.0,0.0
2025-02-11 00:00:00-05:00,7.942848895261912,7.952149868011475,7.914946864002808,7.952149868011475,35500,0.0,0.0,0.0
2025-02-12 00:00:00-05:00,7.928897498781016,7.928897498781016,7.8963449808899435,7.910296440124512,48800,0.0,0.0,0.0
2025-02-13 00:00:00-05:00,7.821940371274713,7.947500865874138,7.821940371274713,7.933549404144287,386400,0.0,0.0,0.0
2025-02-14 00:00:00-05:00,7.961451887043978,7.980052947998047,7.942849939100212,7.980052947998047,82800,0.0,0.0,0.0
2025-02-18 00:00:00-05:00,7.980053546479956,7.980053546479956,7.942850534791998,7.961452484130859,36800,0.0,0.0,0.0
2025-02-19 00:00:00-05:00,7.947499168653718,7.952149654903872,7.924247624392506,7.9428486824035645,36200,0.0,0.0,0.0
2025-02-20 00:00:00-05:00,7.970752571810526,7.989354521149387,7.952151509461429,7.961452484130859,64900,0.0,0.0,0.0
2025-02-21 00:00:00-05:00,7.970750970300449,7.998653888702393,7.970750970300449,7.998653888702393,48900,0.0,0.0,0.0
2025-02-24 00:00:00-05:00,7.998654249673335,8.054458315016428,7.998654249673335,8.027485847473145,57900,0.0,0.0,0.0
2025-02-25 00:00:00-05:00,8.110263785857411,8.110263785857411,8.035857769316584,8.063759803771973,44300,0.0,0.0,0.0
2025-02-26 00:00:00-05:00,7.9986559157717485,8.091663006379907,7.9986559157717485,8.0730619430542,64700,0.0,0.0,0.0
2025-02-27 00:00:00-05:00,8.026557954255214,8.100963981537666,8.026557954255214,8.0730619430542,40400,0.0,0.0,0.0
2025-02-28 00:00:00-05:00,8.065592774339063,8.186950175037346,8.065592774339063,8.094531059265137,59500,0.032,0.0,0.0
2025-03-03 00:00:00-05:00,8.102934074347056,8.121603965759277,8.084263292662962,8.121603965759277,28500,0.0,0.0,0.0
2025-03-04 00:00:00-05:00,8.116002101006226,8.140273579550168,8.102932911811157,8.109467506408691,51600,0.0,0.0,0.0
2025-03-05 00:00:00-05:00,8.12066968518987,8.12066968518987,8.074926633358212,8.093597412109375,56600,0.0,0.0,0.0
2025-03-06 00:00:00-05:00,8.09359728345326,8.102932672680447,8.065592006043419,8.084261894226074,56600,0.0,0.0,0.0
2025-03-07 00:00:00-05:00,8.107600496172747,8.130938079339971,8.077727428225232,8.093597412109375,47900,0.0,0.0,0.0
2025-03-10 00:00:00-04:00,8.102932994875026,8.11226749420166,8.08706301061212,8.11226749420166,29200,0.0,0.0,0.0
2025-03-11 00:00:00-04:00,8.084262022733792,8.121602689964389,8.084262022733792,8.093597412109375,69200,0.0,0.0,0.0
2025-03-12 00:00:00-04:00,8.086128099099197,8.10293197631836,8.074925811043636,8.10293197631836,51900,0.0,0.0,0.0
2025-03-13 00:00:00-04:00,8.107599670530814,8.16827791474943,8.065591312890371,8.10293197631836,46500,0.0,0.0,0.0
2025-03-14 00:00:00-04:00,8.093597412109375,8.102932801484956,8.065592134254361,8.093597412109375,78100,0.0,0.0,0.0
2025-03-17 00:00:00-04:00,8.065590924964146,8.093596198620274,8.065590924964146,8.074925422668457,51600,0.0,0.0,0.0
2025-03-18 00:00:00-04:00,8.093597412109375,8.102932801484956,8.074926633358212,8.093597412109375,56700,0.0,0.0,0.0
2025-03-19 00:00:00-04:00,8.070260021552425,8.11226749420166,8.065592326753231,8.11226749420166,64400,0.0,0.0,0.0
2025-03-20 00:00:00-04:00,8.130939356601324,8.139340852250417,8.11226857491723,8.121603965759277,42600,0.0,0.0,0.0
2025-03-21 00:00:00-04:00,8.11226749420166,8.12627057859924,8.102932994875026,8.11226749420166,33400,0.0,0.0,0.0
2025-03-24 00:00:00-04:00,8.102932801484956,8.112267300588806,8.084262022733792,8.093597412109375,31100,0.0,0.0,0.0
2025-03-25 00:00:00-04:00,8.10293334288785,8.11226784261539,8.084262562889185,8.098265647888184,41900,0.0,0.0,0.0
2025-03-26 00:00:00-04:00,8.10293197631836,8.10293197631836,8.074925811043636,8.10293197631836,42700,0.0,0.0,0.0
2025-03-27 00:00:00-04:00,8.093597412109375,8.093597412109375,8.065592134254361,8.093597412109375,45200,0.0,0.0,0.0
2025-03-28 00:00:00-04:00,8.094530416883893,8.102932801484956,8.084262022733792,8.093597412109375,168800,0.0,0.0,0.0
2025-03-31 00:00:00-04:00,8.132053016963384,8.141432762145996,8.103914675917284,8.141432762145996,73100,0.041,0.0,0.0
2025-04-01 00:00:00-04:00,8.13205337524414,8.146122993637935,8.122673629648277,8.13205337524414,259100,0.0,0.0,0.0
2025-04-02 00:00:00-04:00,8.150811971934091,8.160191717529955,8.13205337524414,8.13205337524414,139700,0.0,0.0,0.0
2025-04-03 00:00:00-04:00,8.160191772110533,8.216469351560358,8.160191772110533,8.178951263427734,83300,0.0,0.0,0.0
2025-04-04 00:00:00-04:00,8.113293758628217,8.235227765984122,8.094535162228256,8.2070894241333,92900,0.0,0.0,0.0
2025-04-07 00:00:00-04:00,8.170509197001838,8.203337409680941,8.113293289759167,8.122673034667969,292500,0.0,0.0,0.0
2025-04-08 00:00:00-04:00,8.04857558839029,8.160191516931217,8.04857558839029,8.098286628723145,78100,0.0,0.0,0.0
2025-04-09 00:00:00-04:00,8.057017737250876,8.103915573858638,8.038258244807038,8.094535827636719,47500,0.0,0.0,0.0
2025-04-10 00:00:00-04:00,8.047638186077403,8.055142162137177,8.00074034833299,8.005430221557617,59200,0.0,0.0,0.0
2025-04-11 00:00:00-04:00,7.991360841312427,8.019499183851758,7.935083261731984,8.010119438171387,58500,0.0,0.0,0.0
2025-04-14 00:00:00-04:00,8.066397792294335,8.066397792294335,7.9913616086498935,8.03825855255127,61300,0.0,0.0,0.0
2025-04-15 00:00:00-04:00,8.047637283368333,8.066396774162575,8.038257537971212,8.052327156066895,92200,0.0,0.0,0.0
2025-04-16 00:00:00-04:00,8.05701720596726,8.085155548275727,8.048575792724895,8.071085929870605,75300,0.0,0.0,0.0
2025-04-17 00:00:00-04:00,8.08515471207896,8.08515471207896,8.052326500364,8.057016372680664,88500,0.0,0.0,0.0
2025-04-21 00:00:00-04:00,8.011995208407106,8.041071883315185,8.010119438171387,8.010119438171387,29100,0.0,0.0,0.0
2025-04-22 00:00:00-04:00,8.028877615544229,8.046698771619651,8.010118127253623,8.019497871398926,34100,0.0,0.0,0.0
2025-04-23 00:00:00-04:00,8.057018045713313,8.064521127376638,8.019499953891092,8.03825855255127,84100,0.0,0.0,0.0
2025-04-24 00:00:00-04:00,8.019498288649041,8.06639611731399,8.019498288649041,8.057016372680664,36400,0.0,0.0,0.0
2025-04-25 00:00:00-04:00,8.078590437959823,8.094535827636719,8.07577633519288,8.094535827636719,20300,0.0,0.0,0.0
2025-04-28 00:00:00-04:00,8.109543060671077,8.122674347865662,8.085156256666586,8.11329460144043,42200,0.0,0.0,0.0
2025-04-29 00:00:00-04:00,8.075775204625662,8.130177009495354,8.075775204625662,8.122673034667969,37500,0.0,0.0,0.0
2025-04-30 00:00:00-04:00,8.1292708190859,8.140577255007516,8.112310715929219,8.135866165161133,54400,0.039,0.0,0.0
2025-05-01 00:00:00-04:00,8.11702263593295,8.162248384244815,8.113254123089828,8.126444816589355,61400,0.0,0.0,0.0
2025-05-02 00:00:00-04:00,8.093466635453334,8.12173227381909,8.074622277510533,8.084044456481934,15900,0.0,0.0,0.0
2025-05-05 00:00:00-04:00,8.08404414067953,8.08404414067953,8.046356324814646,8.055778503417969,42400,0.0,0.0,0.0
2025-05-06 00:00:00-04:00,8.065199983551896,8.084043440578238,8.05577780576456,8.07933235168457,30300,0.0,0.0,0.0
2025-05-07 00:00:00-04:00,8.065200997087576,8.102888814424732,8.065200997087576,8.084044456481934,76900,0.0,0.0,0.0
2025-05-08 00:00:00-04:00,8.102890538368186,8.117965488800655,8.065202713012695,8.065202713012695,35300,0.0,0.0,0.0
2025-05-09 00:00:00-04:00,8.074622024005984,8.084044202681573,8.055778565203221,8.060489654541016,153700,0.0,0.0,0.0
2025-05-12 00:00:00-04:00,8.064258042818924,8.065200620091382,8.03693408449846,8.051067352294922,35400,0.0,0.0,0.0
2025-05-13 00:00:00-04:00,8.036933836923097,8.05577819340455,8.027512557230745,8.032222747802734,45000,0.0,0.0,0.0
2025-05-14 00:00:00-04:00,8.027512909784988,8.027512909784988,8.005841719169883,8.009611129760742,33000,0.0,0.0,0.0
2025-05-15 00:00:00-04:00,8.027512557230745,8.036933836923097,7.999246022508565,8.032222747802734,49600,0.0,0.0,0.0
2025-05-16 00:00:00-04:00,8.065200620091382,8.086870911873902,8.03693408449846,8.051067352294922,84400,0.0,0.0,0.0
2025-05-19 00:00:00-04:00,8.027512681018184,8.041645050048828,8.018090502632164,8.041645050048828,33200,0.0,0.0,0.0
2025-05-20 00:00:00-04:00,8.03693307015576,8.046355247497559,8.027511791362247,8.046355247497559,73600,0.0,0.0,0.0
2025-05-21 00:00:00-04:00,8.024686002286254,8.036934115585176,7.999246299863905,8.021859169006348,63100,0.0,0.0,0.0
2025-05-22 00:00:00-04:00,7.9945359843874915,8.02657103519809,7.9804036137168675,7.999247074127197,73900,0.0,0.0,0.0
2025-05-23 00:00:00-04:00,7.980402434308569,8.046355883820326,7.980402434308569,8.01809024810791,37300,0.0,0.0,0.0
2025-05-27 00:00:00-04:00,8.055778503417969,8.055778503417969,8.018090687553082,8.055778503417969,44700,0.0,0.0,0.0
2025-05-28 00:00:00-04:00,8.065199602181156,8.065199602181156,8.027511791362247,8.046355247497559,53000,0.0,0.0,0.0
2025-05-29 00:00:00-04:00,8.027511791362247,8.065199602181156,8.027511791362247,8.046355247497559,42600,0.0,0.0,0.0
2025-05-30 00:00:00-04:00,8.070957329113767,8.118266756839631,8.052034099434792,8.075688362121582,99500,0.036,0.0,0.0
2025-06-02 00:00:00-04:00,8.052033424377441,8.08325751772946,8.047302391766262,8.052033424377441,56100,0.0,0.0,0.0
2025-06-03 00:00:00-04:00,8.108804011007184,8.108804011007184,8.042571359155083,8.052033424377441,37700,0.0,0.0,0.0
2025-06-04 00:00:00-04:00,8.061495649420724,8.08988094329834,8.052033584010777,8.08988094329834,48400,0.0,0.0,0.0
2025-06-05 00:00:00-04:00,8.094612506066738,8.108804702758789,8.07095734099285,8.108804702758789,59800,0.0,0.0,0.0
2025-06-06 00:00:00-04:00,8.05676555633545,8.061496589592178,8.052034523078719,8.05676555633545,39700,0.0,0.0,0.0
2025-06-09 00:00:00-04:00,8.033109002930466,8.129620079527525,8.033109002930466,8.042571067810059,41700,0.0,0.0,0.0
2025-06-10 00:00:00-04:00,8.070956521661952,8.080418586730957,8.052033293876134,8.080418586730957,68600,0.0,0.0,0.0
2025-06-11 00:00:00-04:00,8.052033584010777,8.093665408521428,8.052033584010777,8.08988094329834,44700,0.0,0.0,0.0
2025-06-12 00:00:00-04:00,8.118265959911557,8.118265959911557,8.089880667003388,8.113534927368164,77500,0.0,0.0,0.0
2025-06-13 00:00:00-04:00,8.099343539081515,8.1277288348179,8.07095734099285,8.108804702758789,73200,0.0,0.0,0.0
2025-06-16 00:00:00-04:00,8.09934286287401,8.113535058381167,8.080418732394861,8.085149765014648,38900,0.0,0.0,0.0
2025-06-17 00:00:00-04:00,8.089880376033246,8.107857938110662,8.080418311286783,8.104072570800781,68700,0.0,0.0,0.0
2025-06-18 00:00:00-04:00,8.108803603174012,8.127727732666939,8.09934244077971,8.104072570800781,40900,0.0,0.0,0.0
2025-06-20 00:00:00-04:00,8.114480979206009,8.127727508544922,8.099342217440416,8.127727508544922,34000,0.0,0.0,0.0
2025-06-23 00:00:00-04:00,8.137192298963207,8.156115531921387,8.122999197480244,8.156115531921387,101200,0.0,0.0,0.0
2025-06-24 00:00:00-04:00,8.137191492090452,8.231809452204038,8.137191492090452,8.160845756530762,240800,0.0,0.0,0.0
2025-06-25 00:00:00-04:00,8.151383978992666,8.175039146624513,8.146652945466295,8.170308113098145,29300,0.0,0.0,0.0
2025-06-26 00:00:00-04:00,8.175037769374192,8.198692030668624,8.165575703915529,8.189229965209961,71400,0.0,0.0,0.0
2025-06-27 00:00:00-04:00,8.184499077866908,8.201530976465497,8.175037914592409,8.193961143493652,48300,0.0,0.0,0.0
2025-06-30 00:00:00-04:00,8.198712369008172,8.213912566839214,8.189211905608499,8.203462600708008,74900,0.035,0.0,0.0
2025-07-01 00:00:00-04:00,8.189211905608499,8.222462621493298,8.186361585385786,8.203462600708008,85700,0.0,0.0,0.0
2025-07-02 00:00:00-04:00,8.198713283071719,8.208213747530586,8.179712354153985,8.193963050842285,99100,0.0,0.0,0.0
2025-07-03 00:00:00-04:00,8.196813351824055,8.19966276634359,8.170212776214026,8.189212799072266,88800,0.0,0.0,0.0
2025-07-07 00:00:00-04:00,8.151208920079124,8.174959166626273,8.151208920079124,8.160709381103516,87900,0.0,0.0,0.0
2025-07-08 00:00:00-04:00,8.151209907671161,8.179710388183594,8.142659854118826,8.179710388183594,89200,0.0,0.0,0.0
2025-07-09 00:00:00-04:00,8.161660904175587,8.236713296429599,8.161660904175587,8.198712348937988,62900,0.0,0.0,0.0
2025-07-10 00:00:00-04:00,8.227211793046942,8.227211793046942,8.179710388183594,8.179710388183594,47000,0.0,0.0,0.0
2025-07-11 00:00:00-04:00,8.151209913952313,8.179710394486708,8.151209913952313,8.170210838317871,35000,0.0,0.0,0.0
2025-07-14 00:00:00-04:00,8.160709381103516,8.170209842127907,8.141708459054732,8.160709381103516,61600,0.0,0.0,0.0
2025-07-15 00:00:00-04:00,8.141712198228323,8.160713129003499,8.13221263885498,8.13221263885498,41000,0.0,0.0,0.0
2025-07-16 00:00:00-04:00,8.152159264768997,8.160709317218485,8.129358520894481,8.146458625793457,52500,0.0,0.0,0.0
2025-07-17 00:00:00-04:00,8.151209851952554,8.16071031406307,8.141709389842038,8.155960083007812,28600,0.0,0.0,0.0
2025-07-18 00:00:00-04:00,8.107509175866474,8.170210776173587,8.107509175866474,8.155960083007812,44600,0.0,0.0,0.0
2025-07-21 00:00:00-04:00,8.184459478176933,8.187309797634962,8.160709232063537,8.172109603881836,1134300,0.0,0.0,0.0
2025-07-22 00:00:00-04:00,8.179712315095495,8.197762835075487,8.160712292282644,8.184462547302246,26200,0.0,0.0,0.0
2025-07-23 00:00:00-04:00,8.179710792806915,8.190161664122465,8.141709848239243,8.18066120147705,4697500,0.0,0.0,0.0
2025-07-24 00:00:00-04:00,8.160709992768927,8.179710010227979,8.160709992768927,8.174010276794434,29200,0.0,0.0,0.0
2025-07-25 00:00:00-04:00,8.160710349200379,8.174960136413574,8.141709424897535,8.174960136413574,28700,0.0,0.0,0.0
2025-07-28 00:00:00-04:00,8.208210988982518,8.208210988982518,8.15120912740019,8.173059463500977,144000,0.0,0.0,0.0
2025-07-29 00:00:00-04:00,8.160712331250409,8.198713283071719,8.160712331250409,8.193963050842285,27500,0.0,0.0,0.0
2025-07-30 00:00:00-04:00,8.185412956149257,8.206312890641978,8.174012580055885,8.184462547302246,13100,0.0,0.0,0.0
2025-07-31 00:00:00-04:00,8.201667999638095,8.201667999638095,8.163431821312466,8.186373710632324,33100,0.053,0.0,0.0
2025-08-01 00:00:00-04:00,8.220785279105256,8.236079565756626,8.21218138821799,8.225564002990723,13600,0.0,0.0,0.0
2025-08-04 00:00:00-04:00,8.249462721654703,8.249462721654703,8.225564542548462,8.239903450012207,31300,0.0,0.0,0.0
2025-08-05 00:00:00-04:00,8.431083901761783,8.450202444087596,8.220785405911474,8.254241943359375,577900,0.0,0.0,0.0
2025-08-06 00:00:00-04:00,8.230344473578384,8.259977669759625,8.230344473578384,8.253286361694336,627500,0.0,0.0,0.0
2025-08-07 00:00:00-04:00,8.249463791632035,8.297259244421397,8.239904518749675,8.248507499694824,642800,0.0,0.0,0.0
2025-08-08 00:00:00-04:00,8.268580172734119,8.268580172734119,8.22365269094237,8.235123634338379,14100,0.0,0.0,0.0
2025-08-11 00:00:00-04:00,8.211226367376366,8.249462541488967,8.211226367376366,8.235123634338379,20200,0.0,0.0,0.0
2025-08-12 00:00:00-04:00,8.201666863585661,8.26857993848146,8.201666863585661,8.254241943359375,19500,0.0,0.0,0.0
2025-08-13 00:00:00-04:00,8.239903533112164,8.287698980184349,8.239903533112164,8.268580436706543,26600,0.0,0.0,0.0
2025-08-14 00:00:00-04:00,8.240859508076552,8.287698661524965,8.2399032162905,8.259021759033203,17700,0.0,0.0,0.0
2025-08-15 00:00:00-04:00,8.259021578940828,8.26857993848146,8.239903036615015,8.254241943359375,18400,0.0,0.0,0.0
2025-08-18 00:00:00-04:00,8.287699971539038,8.287699971539038,8.230345245867316,8.248507499694824,9700,0.0,0.0,0.0
2025-08-19 00:00:00-04:00,8.26858011878226,8.297257932896317,8.22365263728366,8.259021759033203,229600,0.0,0.0,0.0
2025-08-20 00:00:00-04:00,8.297259489233756,8.297259489233756,8.230345488705364,8.24946403503418,45500,0.0,0.0,0.0
2025-08-21 00:00:00-04:00,8.144313237443862,8.26858011878226,8.144313237443862,8.259021759033203,15700,0.0,0.0,0.0
2025-08-22 00:00:00-04:00,8.241813484178044,8.278137979903162,8.241813484178044,8.273358345031738,23800,0.0,0.0,0.0
2025-08-25 00:00:00-04:00,8.25328570463698,8.29725780529559,8.249462360796155,8.266668319702148,62800,0.0,0.0,0.0
2025-08-26 00:00:00-04:00,8.354612603194026,8.354612603194026,8.259022614446824,8.282919883728027,44800,0.0,0.0,0.0
2025-08-27 00:00:00-04:00,8.292477724743954,8.306815719188872,8.278138818676805,8.301080703735352,17800,0.0,0.0,0.0
2025-08-28 00:00:00-04:00,8.297259646699509,8.316377281768677,8.272406082973854,8.306818008422852,122500,0.0,0.0,0.0
2025-08-29 00:00:00-04:00,8.28858648829347,8.309696873252934,8.28858648829347,8.290506362915039,17300,0.033,0.0,0.0
2025-09-02 00:00:00-04:00,8.28090977716746,8.309695997188228,8.27994983995788,8.295303344726562,26300,0.0,0.0,0.0
2025-09-03 00:00:00-04:00,8.280909026424425,8.3288866655077,8.280909026424425,8.30969524383545,76500,0.0,0.0,0.0
2025-09-04 00:00:00-04:00,8.294341784066734,8.328885790388824,8.290503866174475,8.314492225646973,60400,0.0,0.0,0.0
2025-09-05 00:00:00-04:00,8.333685121853186,8.357673485575907,8.319291554561103,8.348077774047852,521000,0.0,0.0,0.0
2025-09-08 00:00:00-04:00,8.348077427803373,8.405650779486379,8.348077427803373,8.374944686889648,32300,0.0,0.0,0.0
2025-09-09 00:00:00-04:00,8.401811778998173,8.405650612432334,8.348077261893543,8.376863479614258,68700,0.0,0.0,0.0
2025-09-10 00:00:00-04:00,8.379740629998672,8.407567819886081,8.35767123151419,8.386457443237305,71100,0.0,0.0,0.0
2025-09-11 00:00:00-04:00,8.37686173429721,8.410446715587543,8.328885019791075,8.386457443237305,412300,0.0,0.0,0.0
2025-09-12 00:00:00-04:00,8.367270364440083,8.415248013676408,8.367270364440083,8.397016525268555,16300,0.0,0.0,0.0
2025-09-15 00:00:00-04:00,8.38645909154095,8.424841019747877,8.38645909154095,8.406609535217285,34300,0.0,0.0,0.0
2025-09-16 00:00:00-04:00,8.396056587942859,8.421004892337946,8.386460875076086,8.397016525268555,31400,0.0,0.0,0.0
2025-09-17 00:00:00-04:00,8.444033183411396,8.444033183411396,8.415246963500977,8.415246963500977,35600,0.0,0.0,0.0
2025-09-18 00:00:00-04:00,8.453628829490505,8.453628829490505,8.376864051829273,8.387419700622559,29500,0.0,0.0,0.0
2025-09-19 00:00:00-04:00,8.396056008535124,8.415247432944282,8.386460296330545,8.397974967956543,22900,0.0,0.0,0.0
2025-09-22 00:00:00-04:00,8.404690127116059,8.405650064186329,8.38070176642963,8.389337539672852,9900,0.0,0.0,0.0
2025-09-23 00:00:00-04:00,8.396052982198732,8.403729732214826,8.367266771058397,8.399890899658203,17200,0.0,0.0,0.0
2025-09-24 00:00:00-04:00,8.399893219864861,8.434437231833254,8.386459589948942,8.400853157043457,116000,0.0,0.0,0.0
2025-09-25 00:00:00-04:00,8.405651012741629,8.405651012741629,8.376863878552598,8.400853157043457,53500,0.0,0.0,0.0
2025-09-26 00:00:00-04:00,8.362471226555488,8.405651012741629,8.362471226555488,8.400853157043457,305600,0.0,0.0,0.0
2025-09-29 00:00:00-04:00,8.386459828493127,8.415246963500977,8.386459828493127,8.415246963500977,134200,0.0,0.0,0.0
2025-09-30 00:00:00-04:00,8.401740714781154,8.421032407897922,8.39209440826156,8.416210174560547,35900,0.046,0.0,0.0
2025-10-01 00:00:00-04:00,8.435501520676139,8.435501520676139,8.393059061627216,8.430678367614746,70900,0.0,0.0,0.0
2025-10-02 00:00:00-04:00,8.407528767847545,8.449972152709961,8.407528767847545,8.449972152709961,33200,0.0,0.0,0.0
2025-10-03 00:00:00-04:00,8.478909512672955,8.478909512672955,8.42103259221104,8.435502052307129,32200,0.0,0.0,0.0
2025-10-06 00:00:00-04:00,8.527140126404143,8.527140126404143,8.411387205402756,8.435502052307129,58500,0.0,0.0,0.0
2025-10-07 00:00:00-04:00,8.440325205672492,8.440325205672492,8.411387205402756,8.435502052307129,14900,0.0,0.0,0.0
2025-10-08 00:00:00-04:00,8.459618883608677,8.536787507319739,8.421033651830589,8.445149421691895,350300,0.0,0.0,0.0
2025-10-09 00:00:00-04:00,8.507848048520309,8.507848048520309,8.401741427570128,8.440325736999512,79400,0.0,0.0,0.0
2025-10-10 00:00:00-04:00,8.478910579575164,8.478910579575164,8.411388263808625,8.445149421691895,144200,0.0,0.0,0.0
2025-10-13 00:00:00-04:00,8.454795500497962,8.478910349783158,8.42103342360714,8.460582733154297,45200,0.0,0.0,0.0
2025-10-14 00:00:00-04:00,8.454794016142065,8.460581247782372,8.430678251168192,8.455758094787598,16000,0.0,0.0,0.0
2025-10-15 00:00:00-04:00,8.565724413017703,8.565724413017703,8.45961779899958,8.478909492492676,166200,0.0,0.0,0.0
2025-10-16 00:00:00-04:00,8.449972129360376,8.507848134125545,8.449972129360376,8.493379592895508,22200,0.0,0.0,0.0
2025-10-17 00:00:00-04:00,8.503024210406275,8.527139976810021,8.488555670486454,8.512670516967773,23800,0.0,0.0,0.0
2025-10-20 00:00:00-04:00,8.51749324798584,8.527139554069114,8.498201555741673,8.51749324798584,34400,0.0,0.0,0.0
2025-10-21 00:00:00-04:00,8.50784747265066,8.536786392705787,8.498202085888055,8.522316932678223,40800,0.0,0.0,0.0
2025-10-22 00:00:00-04:00,8.498203565872602,8.536787879409895,8.498203565872602,8.527141571044922,25200,0.0,0.0,0.0
2025-10-23 00:00:00-04:00,8.51267136171534,8.546432518108416,8.507848207955968,8.529069900512695,46500,0.0,0.0,0.0
2025-10-24 00:00:00-04:00,8.536787879409895,8.536787879409895,8.498203565872602,8.527141571044922,47800,0.0,0.0,0.0
2025-10-27 00:00:00-04:00,8.520387323795298,8.546431246313281,8.507846941902567,8.51749324798584,31200,0.0,0.0,0.0
2025-10-28 00:00:00-04:00,8.536787033081055,8.55607872797584,8.507848110855114,8.536787033081055,18600,0.0,0.0,0.0
2025-10-29 00:00:00-04:00,8.546432843970244,8.556079151856784,8.51749484023318,8.531964302062988,22500,0.0,0.0,0.0
2025-10-30 00:00:00-04:00,8.486627879992907,8.517494961763191,8.469264341564877,8.506884574890137,46200,0.0,0.0,0.0
2025-10-31 00:00:00-04:00,8.50688232736904,8.53111901513051,8.472951889038086,8.472951889038086,21200,0.044,0.0,0.0
2025-11-03 00:00:00-05:00,8.443868779629598,8.51657699376949,8.443868779629598,8.497188568115234,45400,0.0,0.0,0.0
2025-11-04 00:00:00-05:00,8.405092133433815,8.521425476599914,8.405092133433815,8.502037048339844,32400,0.0,0.0,0.0
2025-11-05 00:00:00-05:00,8.506883453704253,8.51173079189835,8.45356458263966,8.476831436157227,52300,0.0,0.0,0.0
2025-11-06 00:00:00-05:00,8.506882199268304,8.511729536747605,8.472951761448291,8.494279861450195,79900,0.0,0.0,0.0
2025-11-07 00:00:00-05:00,8.497189869171974,8.521425636084457,8.472953177724246,8.50688362121582,35400,0.0,0.0,0.0
2025-11-10 00:00:00-05:00,8.511730800202265,8.54081482939521,8.482647695544546,8.502037048339844,39900,0.0,0.0,0.0
2025-11-11 00:00:00-05:00,8.482646893747354,8.550507773046087,8.482646893747354,8.531119346618652,12100,0.0,0.0,0.0
2025-11-12 00:00:00-05:00,8.492341767212356,8.540814221213703,8.492341767212356,8.511730194091797,55800,0.0,0.0,0.0
2025-11-13 00:00:00-05:00,8.521425476599914,8.565050595854103,8.492342371942195,8.502037048339844,110700,0.0,0.0,0.0
2025-11-14 00:00:00-05:00,8.521425636084457,8.531120312663548,8.492342530882429,8.50688362121582,46600,0.0,0.0,0.0
2025-11-17 00:00:00-05:00,8.47295359480096,8.520456218027457,8.47295359480096,8.492342948913574,38100,0.0,0.0,0.0
2025-11-18 00:00:00-05:00,8.489432663428673,8.511729676571662,8.472951900635337,8.498157501220703,27500,0.0,0.0,0.0
2025-11-19 00:00:00-05:00,8.47295359480096,8.514639966514848,8.47295359480096,8.492342948913574,31900,0.0,0.0,0.0
2025-11-20 00:00:00-05:00,8.472951880378535,8.511729656222151,8.472951880378535,8.497188568115234,17800,0.0,0.0,0.0
2025-11-21 00:00:00-05:00,8.521424869799098,8.526272207652749,8.492341767212356,8.511730194091797,36400,0.0,0.0,0.0
2025-11-24 00:00:00-05:00,8.53112015299756,8.550508581257631,8.502037048339844,8.502037048339844,59500,0.0,0.0,0.0
2025-11-25 00:00:00-05:00,8.51948610939324,8.555355300025239,8.51948610939324,8.535966873168945,61600,0.0,0.0,0.0
2025-11-26 00:00:00-05:00,8.560202637873102,8.560202637873102,8.511730183929627,8.535966873168945,75000,0.0,0.0,0.0
2025-11-28 00:00:00-05:00,8.549591064453125,8.563214300242652,8.53402178469557,8.549591064453125,15900,0.033,0.0,0.0
2025-12-01 00:00:00-05:00,8.495097593577146,8.547645423256661,8.495097593577146,8.524291038513184,61100,0.0,0.0,0.0
2025-12-02 00:00:00-05:00,8.543751596939414,8.543751596939414,8.514559082785016,8.534021377563477,82400,0.0,0.0,0.0
2025-12-03 00:00:00-05:00,8.543751596939414,8.543751596939414,8.495096788006556,8.534021377563477,45700,0.0,0.0,0.0
2025-12-04 00:00:00-05:00,8.504826911981235,8.553481715059297,8.504826911981235,8.529154777526855,49800,0.0,0.0,0.0
2025-12-05 00:00:00-05:00,8.524289866212563,8.534021013186301,8.504827572265084,8.509693145751953,81900,0.0,0.0,0.0
2025-12-08 00:00:00-05:00,8.485365182130133,8.524288837313673,8.485365182130133,8.504826545715332,24400,0.0,0.0,0.0
2025-12-09 00:00:00-05:00,8.534019983112843,8.534019983112843,8.495095399916162,8.504826545715332,31700,0.0,0.0,0.0
2025-12-10 00:00:00-05:00,8.45617276540964,8.543751232146787,8.45617276540964,8.509693145751953,81100,0.0,0.0,0.0
2025-12-11 00:00:00-05:00,8.54375130527208,8.54375130527208,8.50482764505723,8.514558792114258,29900,0.0,0.0,0.0
2025-12-12 00:00:00-05:00,8.504827572265084,8.514558719238822,8.495096425291344,8.509693145751953,79700,0.0,0.0,0.0
2025-12-15 00:00:00-05:00,8.49509609693464,8.55348204850706,8.49509609693464,8.526235580444336,45100,0.0,0.0,0.0
2025-12-16 00:00:00-05:00,8.524289726613347,8.553482239043237,8.504827432984596,8.52720832824707,63300,0.0,0.0,0.0
2025-12-17 00:00:00-05:00,8.553483746720232,8.553483746720232,8.504828932085465,8.538887023925781,84900,0.0,0.0,0.0
2025-12-18 00:00:00-05:00,8.543751859598546,8.56321415497533,8.52429049223508,8.539859771728516,41300,0.0,0.0,0.0
2025-12-19 00:00:00-05:00,8.52429137292937,8.572946188384828,8.514560224235595,8.54861831665039,38400,0.0,0.0,0.0
2025-12-22 00:00:00-05:00,8.543750568841048,8.570997035841598,8.524289204417732,8.529154777526855,90800,0.0,0.0,0.0
2025-12-23 00:00:00-05:00,8.551536004790181,8.55348204850706,8.514558390129851,8.526235580444336,23800,0.0,0.0,0.0
2025-12-24 00:00:00-05:00,8.542780184242176,8.562241553616309,8.534022521623145,8.54861831665039,14400,0.0,0.0,0.0
2025-12-26 00:00:00-05:00,8.566132804980068,8.572944422059598,8.534020763317544,8.558347702026367,34000,0.0,0.0,0.0
2025-12-29 00:00:00-05:00,8.569051406576135,8.572944422059598,8.553482128681958,8.558347702026367,30400,0.0,0.0,0.0
2025-12-30 00:00:00-05:00,8.572946188384828,8.572946188384828,8.543752742303504,8.54861831665039,36800,0.0,0.0,0.0
2025-12-31 00:00:00-05:00,8.552528381347656,8.576978707948891,8.54763831602741,8.552528381347656,44100,0.044,0.0,0.0
2026-01-02 00:00:00-05:00,8.537858761826634,8.557419024428247,8.537858761826634,8.547638893127441,43900,0.0,0.0,0.0
2026-01-05 00:00:00-05:00,8.557418823242188,8.557418823242188,8.547638692171313,8.557418823242188,171900,0.0,0.0,0.0
2026-01-06 00:00:00-05:00,8.557418446667903,8.557418446667903,8.54763831602741,8.552528381347656,141800,0.0,0.0,0.0
2026-01-07 00:00:00-05:00,8.557418446667903,8.565242737717217,8.537858185386915,8.552528381347656,27200,0.0,0.0,0.0
2026-01-08 00:00:00-05:00,8.557418446667903,8.567198577308398,8.54763831602741,8.552528381347656,38800,0.0,0.0,0.0
2026-01-09 00:00:00-05:00,8.958394764854571,8.958394764854571,8.567198853470599,8.59360408782959,669300,0.0,0.0,0.0
2026-01-12 00:00:00-05:00,8.616097903971225,8.616097903971225,8.568175639097241,8.58480167388916,85200,0.0,0.0,0.0
2026-01-13 00:00:00-05:00,8.596538792704715,8.596538792704715,8.52807973756872,8.562309265136719,171000,0.0,0.0,0.0
2026-01-14 00:00:00-05:00,8.56719928337804,8.586758613586426,8.547639020484983,8.586758613586426,110100,0.0,0.0,0.0
2026-01-15 00:00:00-05:00,8.625877673036515,8.625877673036515,8.557418622515465,8.567198753356934,46500,0.0,0.0,0.0
2026-01-16 00:00:00-05:00,8.565243114635814,8.574044859525747,8.547638692171313,8.557418823242188,68300,0.0,0.0,0.0
2026-01-20 00:00:00-05:00,8.557419449246536,8.557419449246536,8.528079986572266,8.528079986572266,74300,0.0,0.0,0.0
2026-01-21 00:00:00-05:00,8.540792987753807,8.567199155729055,8.518299431909677,8.547638893127441,120500,0.0,0.0,0.0
2026-01-22 00:00:00-05:00,8.562309090078651,8.567199155729055,8.498739169308063,8.547638893127441,87100,0.0,0.0,0.0
2026-01-23 00:00:00-05:00,8.5769788841984,8.624900219563134,8.545682652042627,8.567198753356934,181700,0.0,0.0,0.0
2026-01-26 00:00:00-05:00,8.616099294154996,8.616099294154996,8.565243728165218,8.577957153320312,95800,0.0,0.0,0.0
2026-01-27 00:00:00-05:00,8.606319455627878,8.606319455627878,8.567199859893945,8.581869125366211,46200,0.0,0.0,0.0
2026-01-28 00:00:00-05:00,8.606318813689176,8.606318813689176,8.576979352248319,8.58578109741211,48100,0.0,0.0,0.0
2026-01-29 00:00:00-05:00,8.55741857672926,8.59653816720121,8.55741857672926,8.59164810180664,131500,0.0,0.0,0.0
2026-01-30 00:00:00-05:00,8.608337380874895,8.609319456160302,8.570051423966651,8.589685440063477,271200,0.033,0.0,0.0
2026-02-02 00:00:00-05:00,8.64858553327859,8.64858553327859,8.579867421236672,8.584775924682617,93000,0.0,0.0,0.0
2026-02-03 00:00:00-05:00,8.579868432015065,8.589685440063477,8.579868432015065,8.589685440063477,119400,0.0,0.0,0.0
2026-02-04 00:00:00-05:00,8.579868432015065,8.59950244811189,8.560235352119657,8.589685440063477,101300,0.0,0.0,0.0
2026-02-05 00:00:00-05:00,8.570051481484272,8.59950250582717,8.570051481484272,8.59459400177002,80700,0.0,0.0,0.0
2026-02-06 00:00:00-05:00,8.854738236824023,8.854738236824023,8.589684660772129,8.604410171508789,60700,0.0,0.0,0.0
2026-02-09 00:00:00-05:00,8.599501667929902,8.609318675087676,8.589684660772129,8.604410171508789,45900,0.0,0.0,0.0
2026-02-10 00:00:00-05:00,8.964685944678271,8.964685944678271,8.613245318238645,8.624043464660645,64500,0.0,0.0,0.0
2026-02-11 00:00:00-05:00,8.70748700191221,8.816453360553167,8.590667785546662,8.614227294921875,75000,0.0,0.0,0.0
2026-02-12 00:00:00-05:00,8.648586313538196,8.658402385114366,8.628952297983073,8.653493881225586,54900,0.0,0.0,0.0
2026-02-13 00:00:00-05:00,8.673127424330689,8.687852935194892,8.66527363129618,8.679017066955566,58700,0.0,0.0,0.0
2026-02-17 00:00:00-05:00,8.678036632071425,8.678036632071425,8.66821962403209,8.673128128051758,76600,0.0,0.0,0.0
2026-02-18 00:00:00-05:00,8.624044858557408,8.687854480786168,8.624044858557408,8.663311958312988,109700,0.0,0.0,0.0
2026-02-19 00:00:00-05:00,8.668219681653708,8.687853697862893,8.638769593541353,8.6780366897583,54900,0.0,0.0,0.0
2026-02-20 00:00:00-05:00,8.59950166748435,8.697668930453004,8.59950166748435,8.68785285949707,47500,0.0,0.0,0.0
2026-02-23 00:00:00-05:00,8.658401838025277,8.727119951924799,8.658401838025277,8.68785285949707,38000,0.0,0.0,0.0
2026-02-24 00:00:00-05:00,8.68785285949707,8.702577434031637,8.678035852339805,8.68785285949707,38900,0.0,0.0,0.0
2026-02-25 00:00:00-05:00,8.687852958168422,8.7074860365046,8.668218943630901,8.69766902923584,43700,0.0,0.0,0.0
2026-02-26 00:00:00-05:00,8.658402167081263,8.727120283592363,8.658402167081263,8.717303276062012,72000,0.0,0.0,0.0
2026-02-27 00:00:00-05:00,8.733065577086158,8.767544535972743,8.718289417266861,8.728139877319336,34000,0.031,0.0,0.0
2026-03-02 00:00:00-05:00,8.737990350734016,8.75769314771305,8.71828849323605,8.733064651489258,83300,0.0,0.0,0.0
2026-03-03 00:00:00-05:00,8.7084379196167,8.718289319039348,8.6887351207714,8.7084379196167,1798200,0.0,0.0,0.0
2026-03-04 00:00:00-05:00,8.787246215801579,8.787246215801579,8.688734111975043,8.698585510253906,19500,0.0,0.0,0.0
2026-03-05 00:00:00-05:00,8.695629816642388,8.708436822174118,8.678883567111646,8.683808326721191,21300,0.0,0.0,0.0
2026-03-06 00:00:00-05:00,8.696615389779778,8.698585481532836,8.669032226274874,8.693659782409668,53600,0.0,0.0,0.0
2026-03-09 00:00:00-04:00,8.71828911961955,8.71828911961955,8.669033063114131,8.706467628479004,31100,0.0,0.0,0.0
2026-03-10 00:00:00-04:00,8.678883567111646,8.700555515732972,8.649329372568134,8.683808326721191,92400,0.0,0.0,0.0
2026-03-11 00:00:00-04:00,8.688734852723705,8.688734852723705,8.62962833697356,8.659181594848633,656000,0.0,0.0,0.0
2026-03-12 00:00:00-04:00,8.678884336323062,8.678884336323062,8.629628280532675,8.649330139160156,34200,0.0,0.0,0.0
2026-03-13 00:00:00-04:00,8.619776697346735,8.649329954397215,8.590223440296255,8.614850997924805,65500,0.0,0.0,0.0
2026-03-16 00:00:00-04:00,8.649330110826934,8.670017485084527,8.61977685324196,8.644404411315918,94100,0.0,0.0,0.0
2026-03-17 00:00:00-04:00,8.659181566547662,8.688734824326145,8.62962830876918,8.654255867004395,79900,0.0,0.0,0.0
2026-03-18 00:00:00-04:00,8.62962755662967,8.678883608288174,8.62962755662967,8.656225204467773,47600,0.0,0.0,0.0
2026-03-19 00:00:00-04:00,8.639479651286022,8.665091785573512,8.61977685324196,8.644404411315918,24600,0.0,0.0,0.0
2026-03-20 00:00:00-04:00,8.614850997924805,8.74784206387362,8.580372041452394,8.614850997924805,64000,0.0,0.0,0.0
2026-03-23 00:00:00-04:00,8.629628067703248,8.646375257786307,8.577416405588023,8.609925270080566,47400,0.0,0.0,0.0
2026-03-24 00:00:00-04:00,8.575446185869227,8.629627939042695,8.570520486536996,8.585297584533691,28600,0.0,0.0,0.0
2026-03-25 00:00:00-04:00,8.570520557634621,8.63947940937684,8.540967300877153,8.60007381439209,306200,0.0,0.0,0.0
2026-03-26 00:00:00-04:00,8.659181137974178,8.659181137974178,8.550818571828906,8.575446128845215,165700,0.0,0.0,0.0
2026-03-27 00:00:00-04:00,8.560669885126684,8.600074543973205,8.540968025444009,8.555745124816895,37900,0.0,0.0,0.0
2026-03-30 00:00:00-04:00,8.47200931833561,8.609925141713767,8.47200931833561,8.585297584533691,47200,0.0,0.0,0.0
2026-03-31 00:00:00-04:00,8.596190934900687,8.625901006738198,8.56647991859702,8.576383590698242,28700,0.046,0.0,0.0
2026-04-01 00:00:00-04:00,8.536770314850624,8.645707880538906,8.536770314850624,8.59619140625,170200,0.0,0.0,0.0
2026-04-02 00:00:00-04:00,8.57638380495201,8.635804894577637,8.556577404720922,8.625901222229004,34900,0.0,0.0,0.0
2026-04-06 00:00:00-04:00,8.63580501862959,8.63580501862959,8.586287600641288,8.611045837402344,43800,0.0,0.0,0.0
2026-04-07 00:00:00-04:00,8.61104607241703,8.64372743695599,8.55657776116291,8.620949745178223,62400,0.0,0.0,0.0
2026-04-08 00:00:00-04:00,8.620949745178223,8.646698727677592,8.59619150774146,8.620949745178223,37600,0.0,0.0,0.0
2026-04-09 00:00:00-04:00,8.665514967157362,8.665514967157362,8.596191149649279,8.625901222229004,25400,0.0,0.0,0.0
2026-04-10 00:00:00-04:00,8.630853058403321,8.645707622460094,8.615997549880369,8.625901222229004,27000,0.0,0.0,0.0
2026-04-13 00:00:00-04:00,8.634814026822122,8.645707499571074,8.606093755205782,8.624910354614258,24200,0.0,0.0,0.0
2026-04-14 00:00:00-04:00,8.625901682817773,8.655611756983896,8.597181409259656,8.645708084106445,48200,0.0,0.0,0.0
2026-04-15 00:00:00-04:00,8.645708452913672,8.662544508630281,8.6259020507801,8.64075756072998,381400,0.0,0.0,0.0
2026-04-16 00:00:00-04:00,8.645708454228116,8.675419474132394,8.625902052091533,8.632834434509277,48300,0.0,0.0,0.0
2026-04-17 00:00:00-04:00,8.665515552668523,8.695225627255697,8.635805478081352,8.646698951721191,58500,0.0,0.0,0.0
2026-04-20 00:00:00-04:00,8.665515305300652,8.675418978035744,8.635805231561589,8.660563468933105,32400,0.0,0.0,0.0
2026-04-21 00:00:00-04:00,8.645707724924224,8.65561139739023,8.635804996924406,8.650659561157227,44300,0.0,0.0,0.0
2026-04-22 00:00:00-04:00,8.660563233623234,8.660563233623234,8.635804996924406,8.650659561157227,31800,0.0,0.0,0.0
2026-04-23 00:00:00-04:00,8.665515069856237,8.75464623311792,8.630853160691402,8.650659561157227,96500,0.0,0.0,0.0
2026-04-24 00:00:00-04:00,8.665515305300652,8.675418978035744,8.635805231561589,8.660563468933105,70300,0.0,0.0,0.0
2026-04-27 00:00:00-04:00,8.675419338174763,8.675419338174763,8.645708318736105,8.655611991882324,71400,0.0,0.0,0.0
2026-04-28 00:00:00-04:00,8.655611756983896,8.665515429861347,8.635805355695224,8.645708084106445,38400,0.0,0.0,0.0
2026-04-29 00:00:00-04:00,8.645707982614985,8.645707982614985,8.615997908797628,8.620949745178223,502400,0.0,0.0,0.0
2026-04-30 00:00:00-04:00,8.604021067974704,8.643854459274001,8.604021067974704,8.633895874023438,294600,0.048,0.0,0.0
2026-05-01 00:00:00-04:00,8.703603911160648,8.703603911160648,8.613978544961263,8.638875007629395,49400,0.0,0.0,0.0
2026-05-04 00:00:00-04:00,8.683688170815465,8.683688170815465,8.6139790211937,8.623937606811523,116400,0.0,0.0,0.0
2026-05-05 00:00:00-04:00,8.61397854882657,8.62393713389829,8.59406232838607,8.609000205993652,69800,0.0,0.0,0.0
2026-05-06 00:00:00-04:00,8.613978544961263,8.64385430016302,8.613978544961263,8.638875007629395,64400,0.0,0.0,0.0
2026-05-07 00:00:00-04:00,8.65381193552733,8.673729105661835,8.623937130028516,8.638875007629395,36400,0.0,0.0,0.0
2026-05-08 00:00:00-04:00,8.673728786891555,8.673728786891555,8.623936813088152,8.648833274841309,31700,0.0,0.0,0.0
2026-05-11 00:00:00-04:00,8.663770520594582,8.663770520594582,8.623937130028516,8.638875007629395,37500,0.0,0.0,0.0
2026-05-12 00:00:00-04:00,8.653811616277881,8.653811616277881,8.604020592184355,8.61895751953125,57600,0.0,0.0,0.0
2026-05-13 00:00:00-04:00,8.58410374331435,8.62393713389829,8.58410374331435,8.609000205993652,43800,0.0,0.0,0.0
2026-05-14 00:00:00-04:00,8.554228776030795,8.623936970808685,8.554228776030795,8.613978385925293,70200,0.0,0.0,0.0
2026-05-15 00:00:00-04:00,8.604020594950113,8.604020594950113,8.574144840840903,8.589082717895508,70000,0.0,0.0,0.0
2026-05-18 00:00:00-04:00,8.57215331661562,8.574144843616297,8.535307692845825,8.559207916259766,55300,0.0,0.0,0.0
2026-05-19 00:00:00-04:00,8.554228656583168,8.554228656583168,8.524353852053078,8.540287017822266,88300,0.0,0.0,0.0
2026-05-20 00:00:00-04:00,8.52435413606048,8.554228941585915,8.52435413606048,8.549249649047852,85600,0.0,0.0,0.0
2026-05-21 00:00:00-04:00,8.524354448393098,8.574145476192184,8.524354448393098,8.56916618347168,39000,0.0,0.0,0.0
2026-05-22 00:00:00-04:00,8.544270669572136,8.580121007337981,8.544270669572136,8.56916618347168,62900,0.0,0.0,0.0
2026-05-26 00:00:00-04:00,8.633895399356412,8.633895399356412,8.574144840840903,8.589082717895508,38600,0.0,0.0,0.0
2026-05-27 00:00:00-04:00,8.57414547518215,8.613978867238513,8.57414547518215,8.599041938781738,29000,0.0,0.0,0.0
2026-05-28 00:00:00-04:00,8.643854304041733,8.643854304041733,8.59406232838607,8.609000205993652,31400,0.0,0.0,0.0
2026-05-29 00:00:00-04:00,8.619999885559082,8.699999809265137,8.600000381469727,8.619999885559082,133700,0.036,0.0,0.0
2026-06-01 00:00:00-04:00,8.579999923706055,8.625,8.579999923706055,8.614999771118164,38900,0.0,0.0,0.0
2026-06-02 00:00:00-04:00,8.604000091552734,8.640000343322754,8.579999923706055,8.630000114440918,27400,0.0,0.0,0.0
2026-06-03 00:00:00-04:00,8.640000343322754,8.640000343322754,8.600000381469727,8.604999542236328,27200,0.0,0.0,0.0
2026-06-04 00:00:00-04:00,8.630000114440918,8.630000114440918,8.600000381469727,8.614999771118164,34500,0.0,0.0,0.0
2026-06-05 00:00:00-04:00,8.600000381469727,8.619999885559082,8.579999923706055,8.586000442504883,54400,0.0,0.0,0.0
2026-06-08 00:00:00-04:00,8.595000267028809,8.609999656677246,8.579999923706055,8.595000267028809,53300,0.0,0.0,0.0
2026-06-09 00:00:00-04:00,8.600000381469727,8.619999885559082,8.579999923706055,8.595000267028809,50800,0.0,0.0,0.0
2026-06-10 00:00:00-04:00,8.59000015258789,8.609999656677246,8.579999923706055,8.595000267028809,35000,0.0,0.0,0.0
2026-06-11 00:00:00-04:00,8.609999656677246,8.625,8.59000015258789,8.625,33300,0.0,0.0,0.0
2026-06-12 00:00:00-04:00,8.630000114440918,8.640000343322754,8.609999656677246,8.625,42500,0.0,0.0,0.0
2026-06-15 00:00:00-04:00,8.63700008392334,8.65999984741211,8.619999885559082,8.635000228881836,27100,0.0,0.0,0.0
2026-06-16 00:00:00-04:00,8.710000038146973,8.710000038146973,8.614999771118164,8.645000457763672,45900,0.0,0.0,0.0
2026-06-17 00:00:00-04:00,8.609999656677246,8.670000076293945,8.609999656677246,8.635000228881836,24300,0.0,0.0,0.0
2026-06-18 00:00:00-04:00,8.630000114440918,8.640000343322754,8.619999885559082,8.625,33900,0.0,0.0,0.0
2026-06-22 00:00:00-04:00,8.640000343322754,8.640000343322754,8.609999656677246,8.625,98400,0.0,0.0,0.0
2026-06-23 00:00:00-04:00,8.609999656677246,8.640000343322754,8.609999656677246,8.614999771118164,136700,0.0,0.0,0.0
2026-06-24 00:00:00-04:00,8.609999656677246,8.649999618530273,8.609999656677246,8.649999618530273,21100,0.0,0.0,0.0
2026-06-25 00:00:00-04:00,8.65999984741211,8.680000305175781,8.65999984741211,8.675000190734863,80100,0.0,0.0,0.0
2026-06-26 00:00:00-04:00,,,,,34674,0.0,0.0,0.0
