Date,Open,High,Low,Close,Volume,Dividends,Stock Splits,Capital Gains
2017-10-31 00:00:00-04:00,19.21073412731586,19.241386180064136,19.21073412731586,19.21839714050293,3000,0.0,0.0,0.0
2017-11-01 00:00:00-04:00,19.21840072597906,19.256714337492053,19.195411682128906,19.195411682128906,187100,0.0,0.0,0.0
2017-11-02 00:00:00-04:00,19.22605720093326,19.22605720093326,19.17241757843212,19.17318344116211,1800,0.0,0.0,0.0
2017-11-03 00:00:00-04:00,19.165522378473575,19.229124069213867,19.16475651566569,19.229124069213867,1800,0.0,0.0,0.0
2017-11-06 00:00:00-05:00,19.321842699597337,19.363988534957453,19.321842699597337,19.352493286132812,3100,0.0,0.0,0.0
2017-11-07 00:00:00-05:00,19.64750987426909,19.64750987426909,19.325670722841085,19.37164878845215,123200,0.0,0.0,0.0
2017-11-08 00:00:00-05:00,19.371653211890006,19.390810012817383,19.371653211890006,19.390810012817383,800,0.0,0.0,0.0
2017-11-09 00:00:00-05:00,19.41762628192112,19.41762628192112,19.24904441833496,19.24904441833496,900,0.0,0.0,0.0
2017-11-10 00:00:00-05:00,19.563228108201667,19.563228108201667,19.2567133849768,19.27203941345215,900,0.0,0.0,0.0
2017-11-13 00:00:00-05:00,19.272038023132236,19.276636123657227,19.272038023132236,19.276636123657227,300,0.0,0.0,0.0
2017-11-14 00:00:00-05:00,19.233718665182373,19.25670623779297,19.233718665182373,19.25670623779297,2200,0.0,0.0,0.0
2017-11-15 00:00:00-05:00,19.157862725735175,19.172422891060123,19.15709686279297,19.15709686279297,1300,0.0,0.0,0.0
2017-11-16 00:00:00-05:00,19.494264475008553,19.494264475008553,19.274340474316464,19.29656219482422,1300,0.0,0.0,0.0
2017-11-17 00:00:00-05:00,19.28736281888343,19.28736281888343,19.260543003484276,19.264373779296875,1800,0.0,0.0,0.0
2017-11-20 00:00:00-05:00,19.276631406226738,19.301918029785156,19.276631406226738,19.301918029785156,1000,0.0,0.0,0.0
2017-11-21 00:00:00-05:00,19.39463755305091,19.39463755305091,19.36398696899414,19.36398696899414,1500,0.0,0.0,0.0
2017-11-22 00:00:00-05:00,19.731810045233882,19.731810045233882,19.425296783447266,19.425296783447266,1900,0.0,0.0,0.0
2017-11-24 00:00:00-05:00,19.425296783447266,19.425296783447266,19.425296783447266,19.425296783447266,0,0.0,0.0,0.0
2017-11-27 00:00:00-05:00,19.41762842271759,19.421459197998047,19.409965410586558,19.421459197998047,700,0.0,0.0,0.0
2017-11-28 00:00:00-05:00,19.465902784270046,19.50191879272461,19.465902784270046,19.50191879272461,2200,0.0,0.0,0.0
2017-11-29 00:00:00-05:00,19.50191879272461,19.50191879272461,19.50191879272461,19.50191879272461,0,0.0,0.0,0.0
2017-11-30 00:00:00-05:00,19.62835693359375,19.62835693359375,19.62835693359375,19.62835693359375,2000,0.0,0.0,0.0
2017-12-01 00:00:00-05:00,19.62835693359375,19.62835693359375,19.62835693359375,19.62835693359375,0,0.0,0.0,0.0
2017-12-04 00:00:00-05:00,19.762453893971387,19.762453893971387,19.69348825601758,19.69731903076172,1800,0.0,0.0,0.0
2017-12-05 00:00:00-05:00,19.532573679429852,19.572420471684886,19.486597061157227,19.486597061157227,12200,0.0,0.0,0.0
2017-12-06 00:00:00-05:00,19.47893413767748,19.50958472947713,19.47893413767748,19.501155853271484,800,0.0,0.0,0.0
2017-12-07 00:00:00-05:00,19.501155853271484,19.501155853271484,19.501155853271484,19.501155853271484,0,0.0,0.0,0.0
2017-12-08 00:00:00-05:00,19.701153064018385,19.777781725704536,19.701153064018385,19.770118713378906,6600,0.0,0.0,0.0
2017-12-11 00:00:00-05:00,19.73180484503514,19.784678606263977,19.73180484503514,19.7624568939209,700,0.0,0.0,0.0
2017-12-12 00:00:00-05:00,19.7869815826416,19.7869815826416,19.7869815826416,19.7869815826416,400,0.0,0.0,0.0
2017-12-13 00:00:00-05:00,19.823765053472098,19.85441564932767,19.785449981689453,19.785449981689453,22400,0.0,0.0,0.0
2017-12-14 00:00:00-05:00,19.78544923703953,19.82376430738014,19.685832977294922,19.685832977294922,1500,0.0,0.0,0.0
2017-12-15 00:00:00-05:00,19.79883515126908,19.841115951538086,19.79883515126908,19.841115951538086,1100,0.082,0.0,0.0
2017-12-18 00:00:00-05:00,20.002548512268238,20.010236062607348,19.941049575805664,19.941049575805664,2200,0.0,0.0,0.0
2017-12-19 00:00:00-05:00,19.987174916806975,19.987174916806975,19.906457831543047,19.956424713134766,7300,0.0,0.0,0.0
2017-12-20 00:00:00-05:00,20.017926849697766,20.017926849697766,19.949508666992188,19.949508666992188,1300,0.0,0.0,0.0
2017-12-21 00:00:00-05:00,20.040980359078358,20.087104184647302,20.040980359078358,20.048667907714844,4100,0.0,0.0,0.0
2017-12-22 00:00:00-05:00,19.941049575805664,19.941049575805664,19.941049575805664,19.941049575805664,500,0.0,0.0,0.0
2017-12-26 00:00:00-05:00,20.079425811767578,20.079425811767578,20.07173826017945,20.079425811767578,500,0.0,0.0,0.0
2017-12-27 00:00:00-05:00,20.11017511589065,20.117862667694386,20.0909569695066,20.102487564086914,2000,0.0,0.0,0.0
2017-12-28 00:00:00-05:00,20.125552161310118,20.125552161310118,20.11786460876465,20.11786460876465,500,0.0,0.0,0.0
2017-12-29 00:00:00-05:00,20.025610307790203,20.094796796701985,20.025610307790203,20.060203552246094,2500,0.0,0.0,0.0
2018-01-02 00:00:00-05:00,20.187047888982974,20.187047888982974,20.144767089865883,20.15629768371582,7300,0.0,0.0,0.0
2018-01-03 00:00:00-05:00,20.216257346368135,20.402292251586914,20.216257346368135,20.402292251586914,1200,0.0,0.0,0.0
2018-01-04 00:00:00-05:00,20.44841736259517,20.479166099497366,20.42919921875,20.42919921875,2500,0.0,0.0,0.0
2018-01-05 00:00:00-05:00,20.42919921875,20.42919921875,20.42919921875,20.42919921875,0,0.0,0.0,0.0
2018-01-08 00:00:00-05:00,20.60985042297879,20.60985042297879,20.50222765022835,20.55757713317871,1400,0.0,0.0,0.0
2018-01-09 00:00:00-05:00,20.717473239334854,20.75590952232055,20.60984900772453,20.698253631591797,41300,0.0,0.0,0.0
2018-01-10 00:00:00-05:00,20.566799963831418,20.655974369328458,20.566799963831418,20.648286819458008,4400,0.0,0.0,0.0
2018-01-11 00:00:00-05:00,20.625222664695187,20.77897071838379,20.617535115385746,20.77897071838379,5400,0.0,0.0,0.0
2018-01-12 00:00:00-05:00,20.871221491462848,20.871221491462848,20.8089542388916,20.8089542388916,1100,0.0,0.0,0.0
2018-01-16 00:00:00-05:00,21.017278593289788,21.017278593289788,20.782813474447753,20.840469360351562,2700,0.0,0.0,0.0
2018-01-17 00:00:00-05:00,20.96500323496416,20.971154153898254,20.948091506958008,20.948091506958008,5500,0.0,0.0,0.0
2018-01-18 00:00:00-05:00,21.001902804512348,21.001902804512348,20.901967600647556,20.917341232299805,4300,0.0,0.0,0.0
2018-01-19 00:00:00-05:00,20.909658139820735,20.97115707397461,20.909658139820735,20.97115707397461,1900,0.0,0.0,0.0
2018-01-22 00:00:00-05:00,21.378587337149927,21.378587337149927,21.175640704264367,21.247901916503906,2800,0.0,0.0,0.0
2018-01-23 00:00:00-05:00,21.294030805196,21.347842199307426,21.27096815075517,21.34015464782715,3800,0.0,0.0,0.0
2018-01-24 00:00:00-05:00,21.34015464782715,21.34015464782715,21.34015464782715,21.34015464782715,0,0.0,0.0,0.0
2018-01-25 00:00:00-05:00,21.34015464782715,21.34015464782715,21.34015464782715,21.34015464782715,0,0.0,0.0,0.0
2018-01-26 00:00:00-05:00,21.440081749384607,21.63995361328125,21.440081749384607,21.63995361328125,3600,0.0,0.0,0.0
2018-01-29 00:00:00-05:00,21.532335583702192,21.59383451943348,21.532335583702192,21.55155372619629,1400,0.0,0.0,0.0
2018-01-30 00:00:00-05:00,21.324774685318065,21.347837334503318,21.247900654284077,21.301712036132812,26600,0.0,0.0,0.0
2018-01-31 00:00:00-05:00,22.293385281672062,22.293385281672062,21.205621123611035,21.247901916503906,8800,0.0,0.0,0.0
2018-02-01 00:00:00-05:00,21.470841014933,21.470841014933,21.127214926847188,21.155658721923828,3900,0.0,0.0,0.0
2018-02-02 00:00:00-05:00,21.37858771379281,21.37858771379281,20.817409736646844,20.839702606201172,2900,0.0,0.0,0.0
2018-02-05 00:00:00-05:00,20.755909083531265,20.77897173258525,20.17935605343317,20.325416564941406,6100,0.0,0.0,0.0
2018-02-06 00:00:00-05:00,19.79498812001276,20.32387924194336,19.356808035063,20.32387924194336,23800,0.0,0.0,0.0
2018-02-07 00:00:00-05:00,20.46840088357563,20.54834964079591,20.325416564941406,20.325416564941406,2200,0.0,0.0,0.0
2018-02-08 00:00:00-05:00,20.05328482117157,20.05328482117157,19.82573890686035,19.82573890686035,1000,0.0,0.0,0.0
2018-02-09 00:00:00-05:00,20.755910164316695,22.862250501338064,19.361421129660123,20.033296585083008,18600,0.0,0.0,0.0
2018-02-12 00:00:00-05:00,20.240857737509934,20.240857737509934,19.88723920142278,20.125547409057617,2100,0.0,0.0,0.0
2018-02-13 00:00:00-05:00,19.971804386495847,20.148613699331275,19.964116833818125,20.118633270263672,8000,0.0,0.0,0.0
2018-02-14 00:00:00-05:00,20.040983390813853,20.344635009765625,20.040983390813853,20.344635009765625,1500,0.0,0.0,0.0
2018-02-15 00:00:00-05:00,20.509910913625376,20.61753366388053,20.509910913625376,20.609846115112305,1100,0.0,0.0,0.0
2018-02-16 00:00:00-05:00,20.97115715997594,20.97115715997594,20.625224737535348,20.671348571777344,14200,0.0,0.0,0.0
2018-02-20 00:00:00-05:00,20.66365997798287,21.03265503203181,20.48685073377724,20.520675659179688,94900,0.0,0.0,0.0
2018-02-21 00:00:00-05:00,20.655979415580433,20.717478363317994,20.436887856374135,20.449188232421875,12200,0.0,0.0,0.0
2018-02-22 00:00:00-05:00,20.617545154022505,20.617545154022505,20.446116973079288,20.448423385620117,5700,0.0,0.0,0.0
2018-02-23 00:00:00-05:00,20.579105147157573,20.718246459960938,20.563730043822805,20.718246459960938,1100,0.0,0.0,0.0
2018-02-26 00:00:00-05:00,20.824325379861428,20.96346664428711,20.78665741616332,20.96346664428711,2300,0.0,0.0,0.0
2018-02-27 00:00:00-05:00,21.042648624765395,21.042648624765395,20.8020340251744,20.83509063720703,4300,0.0,0.0,0.0
2018-02-28 00:00:00-05:00,20.709022528347734,20.725165948312448,20.451496124267578,20.451496124267578,13900,0.0,0.0,0.0
2018-03-01 00:00:00-05:00,20.28698093068126,20.435347869181644,20.071735382080078,20.071735382080078,6400,0.0,0.0,0.0
2018-03-02 00:00:00-05:00,20.33310813040393,20.33310813040393,19.917989162947446,20.05636215209961,4000,0.0,0.0,0.0
2018-03-05 00:00:00-05:00,20.217797454806128,20.463794708251953,20.217797454806128,20.463794708251953,10100,0.0,0.0,0.0
2018-03-06 00:00:00-05:00,20.519908565431738,20.519908565431738,20.485315322875977,20.485315322875977,1200,0.0,0.0,0.0
2018-03-07 00:00:00-05:00,20.428431806703394,20.579105180376327,20.36232150150818,20.56987953186035,6500,0.0,0.0,0.0
2018-03-08 00:00:00-05:00,20.655977849216594,20.694414138793945,20.609852542223223,20.694414138793945,13500,0.0,0.0,0.0
2018-03-09 00:00:00-05:00,20.94040777842253,21.048030551278675,20.894283942377083,21.028812408447266,4600,0.0,0.0,0.0
2018-03-12 00:00:00-04:00,21.10184545797647,21.171031951904297,21.058794878393226,21.171031951904297,12200,0.0,0.0,0.0
2018-03-13 00:00:00-04:00,21.20485330125537,21.20485330125537,20.96654510498047,20.96654510498047,9300,0.0,0.0,0.0
2018-03-14 00:00:00-04:00,21.140279980807172,21.140279980807172,20.85815288950503,20.8865966796875,18000,0.0,0.0,0.0
2018-03-15 00:00:00-04:00,20.986530670542695,21.393962024994714,20.830477656920184,20.955781936645508,13200,0.0,0.0,0.0
2018-03-16 00:00:00-04:00,20.92887502312658,21.024967193603516,20.92887502312658,21.024967193603516,5600,0.0,0.0,0.0
2018-03-19 00:00:00-04:00,20.845082780915956,20.845082780915956,20.56526358668918,20.571413040161133,14900,0.0,0.0,0.0
2018-03-20 00:00:00-04:00,20.7559104023929,20.84815953822032,20.694411467258043,20.77666664123535,56800,0.0,0.0,0.0
2018-03-21 00:00:00-04:00,20.80588153369856,21.048032798478243,20.80588153369856,20.901973724365234,30600,0.0,0.0,0.0
2018-03-22 00:00:00-04:00,20.56372753692665,20.56372753692665,20.125547409057617,20.125547409057617,8200,0.0,0.0,0.0
2018-03-23 00:00:00-04:00,20.356171474939895,20.356171474939895,19.84111721976484,19.868022918701172,20500,0.0,0.0,0.0
2018-03-26 00:00:00-04:00,20.124771855574927,20.175508499145508,20.02560351319847,20.175508499145508,2300,0.0,0.0,0.0
2018-03-27 00:00:00-04:00,20.24086311678825,20.368473853573217,19.85649427562915,19.9794921875,11100,0.0,0.0,0.0
2018-03-28 00:00:00-04:00,19.856967125314043,20.001829535068307,19.74908970573353,19.88932991027832,74300,0.061,0.0,0.0
2018-03-29 00:00:00-04:00,19.972553006817,20.219127499418462,19.86467703372884,20.19601058959961,20900,0.0,0.0,0.0
2018-04-02 00:00:00-04:00,19.710565531819263,19.721353128192643,19.49481213465189,19.641216278076172,3400,0.0,0.0,0.0
2018-04-03 00:00:00-04:00,19.880083427485204,19.880083427485204,19.625803341890613,19.803030014038086,3700,0.0,0.0,0.0
2018-04-04 00:00:00-04:00,19.718268765451427,20.09968814486976,19.718268765451427,20.09737777709961,1000,0.0,0.0,0.0
2018-04-05 00:00:00-04:00,20.115101796552462,20.249948220457142,19.99566811417091,20.080427169799805,16300,0.0,0.0,0.0
2018-04-06 00:00:00-04:00,20.001832370591963,20.001832370591963,19.610395465790194,19.679744720458984,34300,0.0,0.0,0.0
2018-04-09 00:00:00-04:00,19.907053824951284,19.934024285206057,19.90011978149414,19.90011978149414,4000,0.0,0.0,0.0
2018-04-10 00:00:00-04:00,20.005683427274054,20.088132112012058,19.98796178801897,20.02263641357422,15700,0.0,0.0,0.0
2018-04-11 00:00:00-04:00,19.899350818868797,20.06501832462146,19.899350818868797,19.98410987854004,5100,0.0,0.0,0.0
2018-04-12 00:00:00-04:00,20.118957571245144,20.157484285358546,20.05731394684374,20.126663208007812,6700,0.0,0.0,0.0
2018-04-13 00:00:00-04:00,20.15363220182718,20.196010999471948,20.065019583606407,20.126663208007812,9400,0.0,0.0,0.0
2018-04-16 00:00:00-04:00,20.303880746163834,20.311586380004883,20.303880746163834,20.311586380004883,1100,0.0,0.0,0.0
2018-04-17 00:00:00-04:00,20.419465140806935,20.481108750368556,20.384790518572295,20.46184539794922,7900,0.0,0.0,0.0
2018-04-18 00:00:00-04:00,20.58128275620576,20.635222210233838,20.569725036621094,20.569725036621094,3700,0.0,0.0,0.0
2018-04-19 00:00:00-04:00,20.59669326786189,20.59669326786189,20.306198285940496,20.37323570251465,7000,0.0,0.0,0.0
2018-04-20 00:00:00-04:00,20.67374557364248,20.67374557364248,20.16518541848628,20.218353271484375,19700,0.0,0.0,0.0
2018-04-23 00:00:00-04:00,20.24224075754662,20.26073398812555,20.14977460465197,20.157480239868164,12000,0.0,0.0,0.0
2018-04-24 00:00:00-04:00,20.22683157831694,20.22683157831694,19.7876206134826,19.926319122314453,10200,0.0,0.0,0.0
2018-04-25 00:00:00-04:00,19.872379302978516,19.872379302978516,19.872379302978516,19.872379302978516,700,0.0,0.0,0.0
2018-04-26 00:00:00-04:00,20.095840327503375,20.14977831424711,19.994128275443785,20.142072677612305,5600,0.0,0.0,0.0
2018-04-27 00:00:00-04:00,20.1112536581291,20.17289728781371,20.098924344312156,20.165191650390625,4800,0.0,0.0,0.0
2018-04-30 00:00:00-04:00,20.211420288151473,20.211420288151473,19.98796272277832,19.98796272277832,3000,0.0,0.0,0.0
2018-05-01 00:00:00-04:00,19.89935113000498,20.04960736554862,19.89935113000498,20.030344009399414,4500,0.0,0.0,0.0
2018-05-02 00:00:00-04:00,20.060396116932043,20.111252144336365,19.896268844604492,19.896268844604492,6700,0.0,0.0,0.0
2018-05-03 00:00:00-04:00,19.810735435108256,19.964075088500977,19.78684987482169,19.964075088500977,600,0.0,0.0,0.0
2018-05-04 00:00:00-04:00,19.987957973465463,20.280764723618866,19.980252339290445,20.145919799804688,7200,0.0,0.0,0.0
2018-05-07 00:00:00-04:00,20.249945109826108,20.325458272581137,20.213728773574463,20.2684383392334,5500,0.0,0.0,0.0
2018-05-08 00:00:00-04:00,20.265354438588208,20.273060073137117,20.157478494302488,20.18059539794922,5800,0.0,0.0,0.0
2018-05-09 00:00:00-04:00,20.573575998290394,20.573575998290394,20.273062099641436,20.450288772583008,2200,0.0,0.0,0.0
2018-05-10 00:00:00-04:00,20.773914619490014,20.773914619490014,20.627511971748604,20.68915557861328,15400,0.0,0.0,0.0
2018-05-11 00:00:00-04:00,20.804746561224086,20.804746561224086,20.65140833215263,20.727691650390625,16000,0.0,0.0,0.0
2018-05-14 00:00:00-04:00,20.712273578259826,20.777000622730082,20.67374687033441,20.67759895324707,4600,0.0,0.0,0.0
2018-05-15 00:00:00-04:00,20.858680736271783,20.858680736271783,20.48881899567566,20.535051345825195,117800,0.0,0.0,0.0
2018-05-16 00:00:00-04:00,20.64292586498475,20.681452573035305,20.56587097918393,20.623661041259766,12000,0.0,0.0,0.0
2018-05-17 00:00:00-04:00,20.61981565704389,20.727691650390625,20.61981565704389,20.727691650390625,54100,0.0,0.0,0.0
2018-05-18 00:00:00-04:00,20.804744800580433,20.804744800580433,20.68530962541101,20.75080680847168,15600,0.0,0.0,0.0
2018-05-21 00:00:00-04:00,20.827859751696383,20.8817977387265,20.789331568317785,20.87409210205078,4900,0.0,0.0,0.0
2018-05-22 00:00:00-04:00,20.915694934887004,20.920318609541066,20.831706017068903,20.858675003051758,6400,0.0,0.0,0.0
2018-05-23 00:00:00-04:00,20.727687944611947,20.87409210205078,20.681455594257546,20.87409210205078,11900,0.0,0.0,0.0
2018-05-24 00:00:00-04:00,20.850967407226562,20.850967407226562,20.750797107241052,20.850967407226562,7300,0.0,0.0,0.0
2018-05-25 00:00:00-04:00,20.661418547763564,20.70148697259029,20.661418547763564,20.693782806396484,3200,0.0,0.0,0.0
2018-05-29 00:00:00-04:00,20.635221218537453,20.635221218537453,20.465700167710104,20.59669303894043,49100,0.0,0.0,0.0
2018-05-30 00:00:00-04:00,20.685300226544268,20.878708257126114,20.685300226544268,20.827852249145508,3300,0.0,0.0,0.0
2018-05-31 00:00:00-04:00,20.612101108851483,20.68145035165349,20.55893325805664,20.55893325805664,1000,0.0,0.0,0.0
2018-06-01 00:00:00-04:00,21.005078194907266,21.005078194907266,20.684530867394304,20.708417892456055,2500,0.0,0.0,0.0
2018-06-04 00:00:00-04:00,20.90491419932041,20.90491419932041,20.744641945623062,20.785480499267578,4100,0.0,0.0,0.0
2018-06-05 00:00:00-04:00,20.874088352708146,20.881793987999803,20.773916563616275,20.82015037536621,12000,0.0,0.0,0.0
2018-06-06 00:00:00-04:00,20.920324739586498,20.920324739586498,20.768526781360862,20.8948974609375,9800,0.0,0.0,0.0
2018-06-07 00:00:00-04:00,21.074429562634165,21.074429562634165,20.858676192765916,20.92417335510254,2800,0.0,0.0,0.0
2018-06-08 00:00:00-04:00,20.93572617066373,21.035896462330395,20.904133515622185,20.99736976623535,4900,0.0,0.0,0.0
2018-06-11 00:00:00-04:00,21.059021083368236,21.136075973510742,21.03744589049231,21.136075973510742,3600,0.0,0.0,0.0
2018-06-12 00:00:00-04:00,21.105255126953125,21.105255126953125,21.105255126953125,21.105255126953125,1400,0.0,0.0,0.0
2018-06-13 00:00:00-04:00,21.11295875791173,21.11295875791173,20.984277725219727,20.984277725219727,7700,0.0,0.0,0.0
2018-06-14 00:00:00-04:00,21.082140758026103,21.128373110298973,20.98967458378038,21.068269729614258,6300,0.0,0.0,0.0
2018-06-15 00:00:00-04:00,21.020495267497456,21.074433251982153,20.96655581331291,20.98813247680664,58700,0.0,0.0,0.0
2018-06-18 00:00:00-04:00,20.866382640148935,20.985817782177854,20.866382640148935,20.935731887817383,2300,0.0,0.0,0.0
2018-06-19 00:00:00-04:00,20.80474090576172,20.84326761585544,20.7585085597093,20.80474090576172,9500,0.0,0.0,0.0
2018-06-20 00:00:00-04:00,20.881796721504458,20.91878318786621,20.881796721504458,20.91878318786621,1100,0.0,0.0,0.0
2018-06-21 00:00:00-04:00,20.76621183823419,20.76621183823419,20.65525245666504,20.65525245666504,3000,0.0,0.0,0.0
2018-06-22 00:00:00-04:00,20.82015783733081,20.82015783733081,20.67375365371726,20.727691650390625,9500,0.0,0.0,0.0
2018-06-25 00:00:00-04:00,20.71227472625356,20.71227472625356,20.352430492458492,20.481111526489258,13800,0.0,0.0,0.0
2018-06-26 00:00:00-04:00,20.48111328462221,20.5889892578125,20.47340764800863,20.5889892578125,4500,0.0,0.0,0.0
2018-06-27 00:00:00-04:00,20.479251927585796,20.690227416762944,20.394243240356445,20.394243240356445,8600,0.078,0.0,0.0
2018-06-28 00:00:00-04:00,20.346329678643542,20.47152410543379,20.320827956410092,20.44061279296875,4200,0.0,0.0,0.0
2018-06-29 00:00:00-04:00,20.498576920815626,20.61063358734789,20.479257161690132,20.497032165527344,8100,0.0,0.0,0.0
2018-07-02 00:00:00-04:00,20.270591203580206,20.479248046875,20.270591203580206,20.479248046875,6900,0.0,0.0,0.0
2018-07-03 00:00:00-04:00,20.595169307569325,20.595169307569325,20.459929571451227,20.477703094482422,7200,0.0,0.0,0.0
2018-07-05 00:00:00-04:00,20.479255527574274,20.62608833841735,20.479255527574274,20.610631942749023,4600,0.0,0.0,0.0
2018-07-06 00:00:00-04:00,20.626080174935517,20.84246373263878,20.626080174935517,20.7806396484375,3100,0.0,0.0,0.0
2018-07-09 00:00:00-04:00,20.88110841901904,20.919747925763737,20.874924977697834,20.912019729614258,4700,0.0,0.0,0.0
2018-07-10 00:00:00-04:00,20.95066223271482,21.058854038663753,20.904293052448587,21.01557731628418,5400,0.0,0.0,0.0
2018-07-11 00:00:00-04:00,21.058846902046128,21.058846902046128,20.806913375854492,20.806913375854492,74600,0.0,0.0,0.0
2018-07-12 00:00:00-04:00,20.950660268240632,20.989299774169922,20.94293207225424,20.989299774169922,5800,0.0,0.0,0.0
2018-07-13 00:00:00-04:00,21.282960904073878,21.282960904073878,20.981567219230282,20.993160247802734,14600,0.0,0.0,0.0
2018-07-16 00:00:00-04:00,20.8579238305706,20.912019729614258,20.850969485837958,20.912019729614258,2600,0.0,0.0,0.0
2018-07-17 00:00:00-04:00,20.888059616088867,20.888059616088867,20.888059616088867,20.888059616088867,1500,0.0,0.0,0.0
2018-07-18 00:00:00-04:00,20.94293548968743,21.02794271140374,20.94293548968743,21.02021598815918,6400,0.0,0.0,0.0
2018-07-19 00:00:00-04:00,20.90428886424672,21.004753927359115,20.850192972110435,20.93520164489746,10000,0.0,0.0,0.0
2018-07-20 00:00:00-04:00,20.81928476083159,20.958389346436686,20.81928476083159,20.873380661010742,12300,0.0,0.0,0.0
2018-07-23 00:00:00-04:00,21.012481003750644,21.012481003750644,20.726543693965553,20.793004989624023,3800,0.0,0.0,0.0
2018-07-24 00:00:00-04:00,21.058849537763873,21.058849537763873,20.74895672809935,20.796096801757812,900,0.0,0.0,0.0
2018-07-25 00:00:00-04:00,21.190230434493486,21.190230434493486,20.861790181293674,21.088220596313477,4100,0.0,0.0,0.0
2018-07-26 00:00:00-04:00,20.9583898568011,21.221141167783514,20.942933463801324,21.15159034729004,27400,0.0,0.0,0.0
2018-07-27 00:00:00-04:00,21.205687410535333,21.205687410535333,20.92747821730875,21.024850845336914,6600,0.0,0.0,0.0
2018-07-30 00:00:00-04:00,20.93906735499981,20.981571696162632,20.857151130288248,20.85792350769043,4400,0.0,0.0,0.0
2018-07-31 00:00:00-04:00,21.09362793718395,21.19795637065193,21.09362793718395,21.166271209716797,5500,0.0,0.0,0.0
2018-08-01 00:00:00-04:00,21.128405055919156,21.128405055919156,21.014029815124136,21.089765548706055,4600,0.0,0.0,0.0
2018-08-02 00:00:00-04:00,21.29068772016906,21.29068772016906,21.01248009121963,21.18558692932129,2100,0.0,0.0,0.0
2018-08-03 00:00:00-04:00,21.22887146570869,21.298423767089844,21.15236481859117,21.298423767089844,5300,0.0,0.0,0.0
2018-08-06 00:00:00-04:00,21.29842338755687,21.360247490571435,21.271375434613176,21.290695190429688,2600,0.0,0.0,0.0
2018-08-07 00:00:00-04:00,21.4066118313965,21.45993387370829,21.30614676547011,21.3927001953125,4400,0.0,0.0,0.0
2018-08-08 00:00:00-04:00,21.383426552754695,21.39888294301244,21.31001091003418,21.31001091003418,4600,0.0,0.0,0.0
2018-08-09 00:00:00-04:00,21.236597058973175,21.347881317138672,21.236597058973175,21.347881317138672,1600,0.0,0.0,0.0
2018-08-10 00:00:00-04:00,21.09748840513704,21.244321158846745,21.09748840513704,21.13612937927246,15200,0.0,0.0,0.0
2018-08-13 00:00:00-04:00,21.25977826403527,21.25977826403527,21.10135394975412,21.159313201904297,16500,0.0,0.0,0.0
2018-08-14 00:00:00-04:00,21.244327159479145,21.298423064546114,21.20259666442871,21.20259666442871,4000,0.0,0.0,0.0
2018-08-15 00:00:00-04:00,21.112948888867717,21.112948888867717,20.961480368091994,21.03180503845215,47800,0.0,0.0,0.0
2018-08-16 00:00:00-04:00,21.375700550131413,21.375700550131413,21.04571410169468,21.205684661865234,47700,0.0,0.0,0.0
2018-08-17 00:00:00-04:00,21.143863930218153,21.244327545166016,21.043398841267404,21.244327545166016,5300,0.0,0.0,0.0
2018-08-20 00:00:00-04:00,21.406611992811282,21.406611992811282,21.182498747133696,21.214956283569336,4900,0.0,0.0,0.0
2018-08-21 00:00:00-04:00,21.56117221683709,21.56117221683709,21.313875850393494,21.422067642211914,5900,0.0,0.0,0.0
2018-08-22 00:00:00-04:00,21.324696607706663,21.47616660146458,21.324696607706663,21.36797332763672,6000,0.0,0.0,0.0
2018-08-23 00:00:00-04:00,21.344788406267227,21.399656678962476,21.321603819408654,21.368743896484375,3900,0.0,0.0,0.0
2018-08-24 00:00:00-04:00,21.483894788448673,21.592088069652856,21.483894788448673,21.517898559570312,2400,0.0,0.0,0.0
2018-08-27 00:00:00-04:00,21.58435435278834,21.700274327144392,21.576626157964277,21.669363021850586,7900,0.0,0.0,0.0
2018-08-28 00:00:00-04:00,21.530262320345713,21.673230265198644,21.530262320345713,21.657001495361328,21700,0.0,0.0,0.0
2018-08-29 00:00:00-04:00,21.5225335101185,21.808469391666865,21.5225335101185,21.80074119567871,9800,0.0,0.0,0.0
2018-08-30 00:00:00-04:00,22.048038866802113,22.048038866802113,21.628406524658203,21.628406524658203,7300,0.0,0.0,0.0
2018-08-31 00:00:00-04:00,21.653908921189213,21.653908921189213,21.638452529907227,21.638452529907227,600,0.0,0.0,0.0
2018-09-04 00:00:00-04:00,21.62299613862524,21.638452529907227,21.58976622397131,21.638452529907227,3700,0.0,0.0,0.0
2018-09-05 00:00:00-04:00,21.575855799787554,21.630724071969887,21.575855799787554,21.610631942749023,5700,0.0,0.0,0.0
2018-09-06 00:00:00-04:00,21.468437519068317,21.563491528705175,21.423614572132543,21.522533416748047,5600,0.0,0.0,0.0
2018-09-07 00:00:00-04:00,21.40120389193034,21.51171429376699,21.40120389193034,21.476165771484375,8300,0.0,0.0,0.0
2018-09-10 00:00:00-04:00,21.58436134069685,21.58436134069685,21.55653953552246,21.55653953552246,4800,0.0,0.0,0.0
2018-09-11 00:00:00-04:00,21.471527687885562,21.611404639150386,21.464571869589545,21.553443908691406,2200,0.0,0.0,0.0
2018-09-12 00:00:00-04:00,21.5534438518589,21.638452529907227,21.5534438518589,21.638452529907227,8400,0.0,0.0,0.0
2018-09-13 00:00:00-04:00,21.791464647205867,21.791464647205867,21.731186792053645,21.781417846679688,2400,0.0,0.0,0.0
2018-09-14 00:00:00-04:00,21.731189086100137,21.861791610717773,21.708004499515887,21.861791610717773,17100,0.0,0.0,0.0
2018-09-17 00:00:00-04:00,21.862570272879065,21.862570272879065,21.74664878845215,21.74664878845215,2400,0.0,0.0,0.0
2018-09-18 00:00:00-04:00,21.843241270210427,21.924386575235484,21.83164971549358,21.84401512145996,5200,0.0,0.0,0.0
2018-09-19 00:00:00-04:00,21.785284773579995,21.854837058668608,21.74896240234375,21.74896240234375,3300,0.0,0.0,0.0
2018-09-20 00:00:00-04:00,22.04031018216645,22.04031018216645,21.849428316445106,21.93598175048828,20900,0.0,0.0,0.0
2018-09-21 00:00:00-04:00,22.00553534051442,22.00553534051442,21.88575051023918,21.913572311401367,5900,0.0,0.0,0.0
2018-09-24 00:00:00-04:00,21.816199868455218,21.856385607393285,21.78219757135573,21.84711265563965,7400,0.0,0.0,0.0
2018-09-25 00:00:00-04:00,22.14077089658853,22.14077089658853,21.762098197944194,21.820831298828125,5100,0.0,0.0,0.0
2018-09-26 00:00:00-04:00,21.74841484570983,21.86521591605891,21.74841484570983,21.76710319519043,8900,0.213,0.0,0.0
2018-09-27 00:00:00-04:00,21.67522679122184,21.797478609809513,21.67522679122184,21.725061416625977,4900,0.0,0.0,0.0
2018-09-28 00:00:00-04:00,21.865214825997686,21.865214825997686,21.779560018915678,21.820051193237305,4300,0.0,0.0,0.0
2018-10-01 00:00:00-04:00,22.03652840971116,22.03652840971116,21.92751425386306,21.98202133178711,19600,0.0,0.0,0.0
2018-10-02 00:00:00-04:00,22.25455240646834,22.25455240646834,21.904927465472703,21.919721603393555,18300,0.0,0.0,0.0
2018-10-03 00:00:00-04:00,21.943086456057124,21.943086456057124,21.847308467687334,21.860546112060547,1800,0.0,0.0,0.0
2018-10-04 00:00:00-04:00,21.8029283229148,21.8029283229148,21.56231742346955,21.629283905029297,2900,0.0,0.0,0.0
2018-10-05 00:00:00-04:00,21.74841560808903,21.74841560808903,21.436945581171006,21.509361267089844,4500,0.0,0.0,0.0
2018-10-08 00:00:00-04:00,21.320148052079055,21.52260398864746,21.320148052079055,21.52260398864746,6200,0.0,0.0,0.0
2018-10-09 00:00:00-04:00,21.405801379855447,21.427604211089108,21.359081239384242,21.3824405670166,3500,0.0,0.0,0.0
2018-10-10 00:00:00-04:00,20.97363311236437,21.01723876883604,20.68941661199989,20.749374389648438,8700,0.0,0.0,0.0
2018-10-11 00:00:00-04:00,20.716671593333956,20.716671593333956,20.136558889902428,20.3078670501709,10700,0.0,0.0,0.0
2018-10-12 00:00:00-04:00,20.48696059719318,20.55937776992528,20.261145379618846,20.416879653930664,2800,0.0,0.0,0.0
2018-10-15 00:00:00-04:00,20.432453923337746,20.475281332296436,20.40909311339492,20.44024085998535,21500,0.0,0.0,0.0
2018-10-16 00:00:00-04:00,20.798434240743934,20.826467514038086,20.720567832676878,20.826467514038086,20300,0.0,0.0,0.0
2018-10-17 00:00:00-04:00,20.802327927679805,20.810893113534664,20.650486356489026,20.697206497192383,6800,0.0,0.0,0.0
2018-10-18 00:00:00-04:00,20.673843421640427,20.673843421640427,20.377947249294124,20.401308059692383,7300,0.0,0.0,0.0
2018-10-19 00:00:00-04:00,20.544586736382904,20.619338664680136,20.323442459106445,20.323442459106445,2900,0.0,0.0,0.0
2018-10-22 00:00:00-04:00,20.20664098180496,20.2377872467041,20.16770629417294,20.2377872467041,7100,0.0,0.0,0.0
2018-10-23 00:00:00-04:00,20.20663811176827,20.20663811176827,18.734939802852058,20.000288009643555,27800,0.0,0.0,0.0
2018-10-24 00:00:00-04:00,20.268928329331125,20.268928329331125,19.357877731323242,19.357877731323242,87200,0.0,0.0,0.0
2018-10-25 00:00:00-04:00,19.435744047040153,19.6070536452958,19.435744047040153,19.546316146850586,6200,0.0,0.0,0.0
2018-10-26 00:00:00-04:00,19.295586769349494,19.46300218439098,19.06198313930718,19.225505828857422,10900,0.0,0.0,0.0
2018-10-29 00:00:00-04:00,19.45910716238734,19.45910716238734,19.11648941040039,19.11648941040039,4900,0.0,0.0,0.0
2018-10-30 00:00:00-04:00,19.505832418027985,19.542430877685547,19.299483761629038,19.542430877685547,3100,0.0,0.0,0.0
2018-10-31 00:00:00-04:00,19.692716858833016,19.811074458949378,19.692716858833016,19.74099349975586,11600,0.0,0.0,0.0
2018-11-01 00:00:00-04:00,19.762792163509936,19.920085906982422,19.762792163509936,19.920085906982422,400,0.0,0.0,0.0
2018-11-02 00:00:00-04:00,20.253359554763186,20.253359554763186,19.87025057526134,19.91152000427246,7500,0.0,0.0,0.0
2018-11-05 00:00:00-05:00,19.895169847179893,20.019757879854648,19.895169847179893,20.011972427368164,7700,0.0,0.0,0.0
2018-11-06 00:00:00-05:00,20.097628030120987,20.140455449642037,20.097628030120987,20.120988845825195,4700,0.0,0.0,0.0
2018-11-07 00:00:00-05:00,20.393522222427908,20.564830385632387,20.381062825835812,20.54146957397461,30000,0.0,0.0,0.0
2018-11-08 00:00:00-05:00,20.5336791531846,20.549251538648473,20.424663543701172,20.424663543701172,17000,0.0,0.0,0.0
2018-11-09 00:00:00-05:00,20.323443689118005,20.36004066467285,20.284508998392372,20.36004066467285,1900,0.0,0.0,0.0
2018-11-12 00:00:00-05:00,20.22221685436333,20.22221685436333,19.9348857906247,19.942672729492188,6600,0.0,0.0,0.0
2018-11-13 00:00:00-05:00,20.050907475928003,20.105414559588727,19.973817825317383,19.973817825317383,3300,0.0,0.0,0.0
2018-11-14 00:00:00-05:00,20.0976269174795,20.0976269174795,19.762796003622693,20.004186630249023,8700,0.0,0.0,0.0
2018-11-15 00:00:00-05:00,19.82508399142283,20.152127867634498,19.108703723270366,20.082048416137695,8900,0.0,0.0,0.0
2018-11-16 00:00:00-05:00,20.035330707735806,20.09762472081627,20.004184443798785,20.06414222717285,16200,0.0,0.0,0.0
2018-11-19 00:00:00-05:00,19.996395081868325,19.996395081868325,19.708284378051758,19.708284378051758,6800,0.0,0.0,0.0
2018-11-20 00:00:00-05:00,19.43574907682358,19.595379056583752,19.38902894030222,19.47468376159668,33600,0.0,0.0,0.0
2018-11-21 00:00:00-05:00,19.56812442590295,19.576691096368776,19.536978162668063,19.560338973999023,5200,0.0,0.0,0.0
2018-11-23 00:00:00-05:00,19.357884182583803,19.482472213130553,19.357884182583803,19.451324462890625,19900,0.0,0.0,0.0
2018-11-26 00:00:00-05:00,19.632753099584377,19.645990743094277,19.5525504756443,19.630416870117188,16700,0.0,0.0,0.0
2018-11-27 00:00:00-05:00,19.63820306669818,19.739431752028985,19.622630679514085,19.723857879638672,7100,0.0,0.0,0.0
2018-11-28 00:00:00-05:00,19.782265186750838,20.120988845825195,19.708290012957505,20.120988845825195,12100,0.0,0.0,0.0
2018-11-29 00:00:00-05:00,20.0127498652982,20.159918971679467,19.9909470347232,20.152132034301758,14600,0.0,0.0,0.0
2018-11-30 00:00:00-05:00,20.144343368850674,20.291512451756592,20.144343368850674,20.280611038208008,2100,0.0,0.0,0.0
2018-12-03 00:00:00-05:00,20.518109947649616,20.60376328539682,20.47138981022329,20.578845977783203,5100,0.0,0.0,0.0
2018-12-04 00:00:00-05:00,20.541465299144406,20.541465299144406,19.95745849609375,19.95745849609375,32200,0.0,0.0,0.0
2018-12-06 00:00:00-05:00,19.607059304686672,19.874923706054688,19.373455644694037,19.874923706054688,2400,0.0,0.0,0.0
2018-12-07 00:00:00-05:00,19.973035640500395,19.984716788415884,19.479356021325344,19.494150161743164,13800,0.0,0.0,0.0
2018-12-10 00:00:00-05:00,19.365669511713346,19.583697804458414,19.155426670675155,19.554887771606445,4400,0.0,0.0,0.0
2018-12-11 00:00:00-05:00,19.723862274348555,19.7939432305136,19.444318183125965,19.54165267944336,15100,0.0,0.0,0.0
2018-12-12 00:00:00-05:00,19.709059062293694,19.84065424269909,19.631969451904297,19.631969451904297,17400,0.0,0.0,0.0
2018-12-13 00:00:00-05:00,19.63820653188638,19.75500911021747,19.544766251469284,19.637428283691406,11400,0.0,0.0,0.0
2018-12-14 00:00:00-05:00,19.578172984412742,19.578172984412742,19.26629329993126,19.348941802978516,5300,0.033,0.0,0.0
2018-12-17 00:00:00-05:00,19.051872927652767,19.305274743582533,18.86786460876465,18.86786460876465,7500,0.0,0.0,0.0
2018-12-18 00:00:00-05:00,19.021469174421302,19.040182014829146,18.798476599693924,18.88346290588379,4300,0.0,0.0,0.0
2018-12-19 00:00:00-05:00,18.946620795162215,19.055779295915947,18.478804172785093,18.57392692565918,18700,0.0,0.0,0.0
2018-12-20 00:00:00-05:00,18.611351562518077,18.634741500025864,18.221503407759574,18.262826919555664,17900,0.0,0.0,0.0
2018-12-21 00:00:00-05:00,18.229291753135428,18.463201444496175,18.018774964208475,18.05853843688965,36700,0.0,0.0,0.0
2018-12-24 00:00:00-05:00,18.08115524584602,18.08115524584602,17.56733514209816,17.581369400024414,5600,0.0,0.0,0.0
2018-12-26 00:00:00-05:00,17.52757333663713,18.24489402770996,17.52757333663713,18.24489402770996,2300,0.0,0.0,0.0
2018-12-27 00:00:00-05:00,18.213708038715293,18.442158508569328,17.839452643489555,18.403953552246094,137300,0.0,0.0,0.0
2018-12-28 00:00:00-05:00,18.58483956101194,18.63396020902876,18.407847589983355,18.432018280029297,7600,0.0,0.0,0.0
2018-12-31 00:00:00-05:00,18.447609849012583,18.61914245788782,18.432015569891476,18.54897117614746,13600,0.0,0.0,0.0
2019-01-02 00:00:00-05:00,18.00318046278043,18.54662895844767,18.00318046278043,18.439809799194336,17700,0.0,0.0,0.0
2019-01-03 00:00:00-05:00,18.213702519565604,18.297909549007795,18.12793546727254,18.138851165771484,12300,0.0,0.0,0.0
2019-01-04 00:00:00-05:00,18.237090405043737,18.70490833943696,18.237090405043737,18.67683982849121,48400,0.0,0.0,0.0
2019-01-07 00:00:00-05:00,18.970006462542603,18.970006462542603,18.8686466217041,18.8686466217041,800,0.0,0.0,0.0
2019-01-08 00:00:00-05:00,18.89983275463855,19.071365356445312,18.89983275463855,19.071365356445312,4800,0.0,0.0,0.0
2019-01-09 00:00:00-05:00,19.22029008829744,19.22029008829744,19.063572474418844,19.14466094970703,14000,0.0,0.0,0.0
2019-01-10 00:00:00-05:00,19.149337444805596,19.38168716430664,19.118150371445363,19.38168716430664,17900,0.0,0.0,0.0
2019-01-11 00:00:00-05:00,19.3832530529843,19.386371612548828,19.320877400235194,19.386371612548828,12000,0.0,0.0,0.0
2019-01-14 00:00:00-05:00,19.25069236755371,19.288118032842682,19.2000117171769,19.25069236755371,17500,0.0,0.0,0.0
2019-01-15 00:00:00-05:00,19.27408545728098,19.35205535824157,19.27408545728098,19.327884674072266,15300,0.0,0.0,0.0
2019-01-16 00:00:00-05:00,19.352057471326003,19.35985461098866,19.308394678936974,19.343481063842773,4000,0.0,0.0,0.0
2019-01-17 00:00:00-05:00,19.34426129661881,19.624952389867023,19.34426129661881,19.5150146484375,5000,0.0,0.0,0.0
2019-01-18 00:00:00-05:00,19.861204799009514,19.861204799009514,19.734114210624046,19.80116844177246,4200,0.0,0.0,0.0
2019-01-22 00:00:00-05:00,19.780891923934075,19.780891923934075,19.418333096236697,19.46043586730957,8400,0.0,0.0,0.0
2019-01-23 00:00:00-05:00,19.554783549486746,19.620277754509797,19.35596164321639,19.47759437561035,8500,0.0,0.0,0.0
2019-01-24 00:00:00-05:00,19.648345671361167,19.68343206134102,19.575054332515872,19.65302276611328,20400,0.0,0.0,0.0
2019-01-25 00:00:00-05:00,19.813633820933322,19.85885513868564,19.813633820933322,19.828447341918945,2500,0.0,0.0,0.0
2019-01-28 00:00:00-05:00,19.905642997283095,19.905642997283095,19.49240350754822,19.59376335144043,23800,0.0,0.0,0.0
2019-01-29 00:00:00-05:00,19.67952901420218,19.72631036291681,19.6218319678824,19.64678192138672,2100,0.0,0.0,0.0
2019-01-30 00:00:00-05:00,20.01479533109168,20.01479533109168,19.679525830709085,19.890823364257812,14600,0.0,0.0,0.0
2019-01-31 00:00:00-05:00,19.999204659033634,20.14812660217285,19.929031891091398,20.14812660217285,68300,0.0,0.0,0.0
2019-02-01 00:00:00-05:00,20.24090954557487,20.264300963375806,20.147346848675625,20.212841033935547,4900,0.0,0.0,0.0
2019-02-04 00:00:00-05:00,20.131748500130183,20.334469618630997,20.131748500130183,20.32433319091797,8100,0.0,0.0,0.0
2019-02-05 00:00:00-05:00,20.521598052529928,20.521598052529928,20.303284128876676,20.393728256225586,12500,0.0,0.0,0.0
2019-02-06 00:00:00-05:00,20.63855215265161,20.63855215265161,20.38749114045037,20.393728256225586,27100,0.0,0.0,0.0
2019-02-07 00:00:00-05:00,20.404648595640438,20.404648595640438,20.114601825961586,20.245590209960938,7800,0.0,0.0,0.0
2019-02-08 00:00:00-05:00,20.19413412429099,20.242475509643555,20.084977116819196,20.242475509643555,3900,0.0,0.0,0.0
2019-02-11 00:00:00-05:00,20.279897689819336,20.365664744956472,20.279897689819336,20.279897689819336,4300,0.0,0.0,0.0
2019-02-12 00:00:00-05:00,20.5785227103849,20.6385590594811,20.520825652275278,20.583980560302734,6000,0.0,0.0,0.0
2019-02-13 00:00:00-05:00,20.700930578878523,20.700930578878523,20.66428565979004,20.66428565979004,3900,0.0,0.0,0.0
2019-02-14 00:00:00-05:00,20.622966323226485,20.747717603745336,20.615169182299987,20.698596954345703,25700,0.0,0.0,0.0
2019-02-15 00:00:00-05:00,20.91924872548181,20.93484300620382,20.850635972318422,20.923927307128906,8100,0.0,0.0,0.0
2019-02-19 00:00:00-05:00,20.86778132010825,21.01280540204345,20.864662762510495,20.95978546142578,31600,0.0,0.0,0.0
2019-02-20 00:00:00-05:00,20.981620042790578,21.051792804444233,20.962127939476154,21.019824981689453,18700,0.0,0.0,0.0
2019-02-21 00:00:00-05:00,20.923145251217534,20.993318022951215,20.864668932874384,20.88104248046875,16000,0.0,0.0,0.0
2019-02-22 00:00:00-05:00,21.0182745171232,21.082989455212882,21.0182745171232,21.047903060913086,4000,0.0,0.0,0.0
2019-02-25 00:00:00-05:00,21.19213759415127,21.19213759415127,21.072063446044922,21.072063446044922,11700,0.0,0.0,0.0
2019-02-26 00:00:00-05:00,21.051795553726816,21.103255486516485,20.973825643134393,21.020606994628906,3700,0.0,0.0,0.0
2019-02-27 00:00:00-05:00,21.30129504359695,21.30129504359695,20.90832847528475,21.08298110961914,16400,0.0,0.0,0.0
2019-02-28 00:00:00-05:00,21.005009535441978,21.08141940624219,20.903648228046084,21.005788803100586,14300,0.0,0.0,0.0
2019-03-01 00:00:00-05:00,21.098579808192863,21.12976837158203,20.98942281063588,21.12976837158203,7900,0.0,0.0,0.0
2019-03-04 00:00:00-05:00,21.14535479498305,21.14535479498305,20.849069501505298,20.99331283569336,20500,0.0,0.0,0.0
2019-03-05 00:00:00-05:00,20.964470327937782,20.964470327937782,20.904433986510263,20.920026779174805,1800,0.0,0.0,0.0
2019-03-06 00:00:00-05:00,20.90287610175956,20.90287610175956,20.715749186273033,20.769548416137695,8400,0.0,0.0,0.0
2019-03-07 00:00:00-05:00,21.05959090906385,21.05959090906385,20.558246612548828,20.558246612548828,52100,0.0,0.0,0.0
2019-03-08 00:00:00-05:00,20.468583165506317,20.50600735383948,20.39685037296708,20.50210952758789,4100,0.0,0.0,0.0
2019-03-11 00:00:00-04:00,20.693138757191416,20.849077111647123,20.65571307623323,20.827245712280273,14200,0.0,0.0,0.0
2019-03-12 00:00:00-04:00,20.96602439880371,21.005010090043797,20.915345230919687,20.96602439880371,7300,0.0,0.0,0.0
2019-03-13 00:00:00-04:00,20.98162478722507,21.363675749756613,20.98162478722507,21.028406143188477,19100,0.0,0.0,0.0
2019-03-14 00:00:00-04:00,21.012808829382173,21.075184452967022,21.01202807449144,21.018266677856445,5500,0.0,0.0,0.0
2019-03-15 00:00:00-04:00,21.114168768077807,21.114168768077807,21.03619886640969,21.071285247802734,13400,0.0,0.0,0.0
2019-03-18 00:00:00-04:00,21.106376321424463,21.238924737581886,21.090782040193588,21.203838348388672,15400,0.0,0.0,0.0
2019-03-19 00:00:00-04:00,21.26621110112017,21.277907554032804,21.160951947820305,21.167190551757812,9600,0.0,0.0,0.0
2019-03-20 00:00:00-04:00,21.10637531641041,21.26621297353468,21.00501546754115,21.170310974121094,17300,0.0,0.0,0.0
2019-03-21 00:00:00-04:00,21.28180618137147,21.486085891723633,21.28180618137147,21.486085891723633,1700,0.0,0.0,0.0
2019-03-22 00:00:00-04:00,21.53521126280667,21.53521126280667,21.082987493440253,21.096240997314453,10500,0.0,0.0,0.0
2019-03-25 00:00:00-04:00,21.192138729275925,21.192138729275925,20.963686872132044,21.08220100402832,8700,0.0,0.0,0.0
2019-03-26 00:00:00-04:00,21.355878373560024,21.363675513993293,21.19058286297115,21.268552780151367,6900,0.0,0.0,0.0
2019-03-27 00:00:00-04:00,21.441643302815287,21.441643302815287,21.153155084030384,21.207735061645508,4200,0.0,0.0,0.0
2019-03-28 00:00:00-04:00,21.364189516671082,21.364189516671082,21.145150809153165,21.3000431060791,6300,0.09,0.0,0.0
2019-03-29 00:00:00-04:00,21.489358626792235,21.489358626792235,21.372016228646924,21.466672897338867,6400,0.0,0.0,0.0
2019-04-01 00:00:00-04:00,21.747512366104985,21.747512366104985,21.577757339528223,21.691970825195312,5500,0.0,0.0,0.0
2019-04-02 00:00:00-04:00,21.67710367613374,21.700572749257397,21.630948876786423,21.688838958740234,16500,0.0,0.0,0.0
2019-04-03 00:00:00-04:00,21.708398312204025,21.88832341759108,21.67710621104653,21.777238845825195,7900,0.0,0.0,0.0
2019-04-04 00:00:00-04:00,21.76316136590587,21.76316136590587,21.63017289957998,21.72170066833496,9200,0.0,0.0,0.0
2019-04-05 00:00:00-04:00,21.794451226252335,21.88206672668457,21.794451226252335,21.88206672668457,5900,0.0,0.0,0.0
2019-04-08 00:00:00-04:00,21.778804278603626,21.90631675720215,21.778804278603626,21.90631675720215,13200,0.0,0.0,0.0
2019-04-09 00:00:00-04:00,21.71153036957663,21.731870536693883,21.669287817401113,21.7099666595459,12900,0.0,0.0,0.0
2019-04-10 00:00:00-04:00,21.764722359484256,21.85703196541281,21.73186654978997,21.812440872192383,8300,0.0,0.0,0.0
2019-04-11 00:00:00-04:00,21.817916870117188,21.817916870117188,21.724043554317245,21.817916870117188,23800,0.0,0.0,0.0
2019-04-12 00:00:00-04:00,22.076074153681468,22.076074153681468,21.903972053272327,21.96186065673828,10600,0.0,0.0,0.0
2019-04-15 00:00:00-04:00,22.04478024804723,22.04478024804723,21.849209098213013,21.89849281311035,7800,0.0,0.0,0.0
2019-04-16 00:00:00-04:00,21.935260623906842,21.943082156769595,21.802272183898385,21.82261085510254,7200,0.0,0.0,0.0
2019-04-17 00:00:00-04:00,21.90396775368081,21.90396775368081,21.4424197423611,21.653636932373047,54700,0.0,0.0,0.0
2019-04-18 00:00:00-04:00,21.739694319441075,21.82574462890625,21.724048266051124,21.82574462890625,9200,0.0,0.0,0.0
2019-04-22 00:00:00-04:00,21.958728335906553,21.958728335906553,21.684928429326057,21.817916870117188,13800,0.0,0.0,0.0
2019-04-23 00:00:00-04:00,21.813225368302692,21.997844589885776,21.774110241304015,21.949342727661133,6700,0.0,0.0,0.0
2019-04-24 00:00:00-04:00,21.953257556657015,21.953257556657015,21.77880838502159,21.90788459777832,4900,0.0,0.0,0.0
2019-04-25 00:00:00-04:00,21.739688903102625,21.763156485250942,21.661460147732964,21.74516487121582,5700,0.0,0.0,0.0
2019-04-26 00:00:00-04:00,21.68101645158024,21.755332946777344,21.622344513416113,21.755332946777344,4800,0.0,0.0,0.0
2019-04-29 00:00:00-04:00,21.747509982046356,21.82573873578395,21.747509982046356,21.766284942626953,6200,0.0,0.0,0.0
2019-04-30 00:00:00-04:00,21.7318665891022,21.911791687874327,21.63642807142385,21.876588821411133,9700,0.0,0.0,0.0
2019-05-01 00:00:00-04:00,21.86485725255642,21.86485725255642,21.68414878845215,21.68414878845215,7500,0.0,0.0,0.0
2019-05-02 00:00:00-04:00,21.731869733286924,21.731869733286924,21.58714598794979,21.72404670715332,10000,0.0,0.0,0.0
2019-05-03 00:00:00-04:00,21.78193497180923,21.884414672851562,21.78193497180923,21.884414672851562,2300,0.0,0.0,0.0
2019-05-06 00:00:00-04:00,21.4580665656405,21.837475069669438,21.4580665656405,21.7694149017334,22800,0.0,0.0,0.0
2019-05-07 00:00:00-04:00,21.512830869569868,21.520653896209573,21.24685393217891,21.340728759765625,24900,0.0,0.0,0.0
2019-05-08 00:00:00-04:00,21.411129113715468,21.450242744971046,21.347763061523438,21.347763061523438,6900,0.0,0.0,0.0
2019-05-09 00:00:00-04:00,21.24685113068991,21.332902920290614,21.012166330801985,21.306304931640625,5800,0.0,0.0,0.0
2019-05-10 00:00:00-04:00,21.074743661300477,21.384528234239667,20.957401291324576,21.3289852142334,46000,0.0,0.0,0.0
2019-05-13 00:00:00-04:00,20.957408230630193,21.01216792194474,20.832241303510212,20.908123016357422,11500,0.0,0.0,0.0
2019-05-14 00:00:00-04:00,21.168622169060995,21.278143034463803,21.051279770212577,21.182703018188477,13800,0.0,0.0,0.0
2019-05-15 00:00:00-04:00,21.09038929277316,21.281267796009327,21.09038929277316,21.181135177612305,29900,0.0,0.0,0.0
2019-05-16 00:00:00-04:00,21.300827846204616,21.442421170483964,21.300827846204616,21.31882095336914,6100,0.0,0.0,0.0
2019-05-17 00:00:00-04:00,21.160797148915933,21.32507768549033,21.133417308168433,21.16627311706543,17000,0.0,0.0,0.0
2019-05-20 00:00:00-04:00,21.043450198995604,21.082565314504475,20.962092549244066,21.029369354248047,6900,0.0,0.0,0.0
2019-05-21 00:00:00-04:00,21.185052983503564,21.30943657003683,21.185052983503564,21.265628814697266,9600,0.0,0.0,0.0
2019-05-22 00:00:00-04:00,21.168620114125655,21.184266163677158,21.13341724867948,21.15532112121582,4000,0.0,0.0,0.0
2019-05-23 00:00:00-04:00,20.973050553513453,20.973050553513453,20.777479395631147,20.847885131835938,19000,0.0,0.0,0.0
2019-05-24 00:00:00-04:00,21.07475014610069,21.07475014610069,20.840063841845613,20.873703002929688,37300,0.0,0.0,0.0
2019-05-28 00:00:00-04:00,20.938633131058083,20.938633131058083,20.60537937909318,20.686737060546875,11800,0.0,0.0,0.0
2019-05-29 00:00:00-04:00,20.589726723588896,20.589726723588896,20.2611671911023,20.495853424072266,16600,0.0,0.0,0.0
2019-05-30 00:00:00-04:00,20.542792286185193,20.581905916514597,20.488032606888286,20.550615310668945,4300,0.0,0.0,0.0
2019-05-31 00:00:00-04:00,20.190761974609497,20.441092769023854,20.190761974609497,20.347219467163086,7200,0.0,0.0,0.0
2019-06-03 00:00:00-04:00,20.448924944470146,20.527153725757056,20.36287462793545,20.464570999145508,14900,0.0,0.0,0.0
2019-06-04 00:00:00-04:00,20.613201938823867,20.793127059936523,20.613201938823867,20.793127059936523,9300,0.0,0.0,0.0
2019-06-05 00:00:00-04:00,20.840060657214018,21.004341194297336,20.840060657214018,20.98869514465332,4700,0.0,0.0,0.0
2019-06-06 00:00:00-04:00,21.098215823528342,21.14515397538714,21.022334119321744,21.126379013061523,6600,0.0,0.0,0.0
2019-06-07 00:00:00-04:00,21.301606120502637,21.395480915010612,21.277355194091797,21.277355194091797,20900,0.0,0.0,0.0
2019-06-10 00:00:00-04:00,21.34854930489503,21.39783302411576,21.317257201973533,21.339942932128906,7100,0.0,0.0,0.0
2019-06-11 00:00:00-04:00,21.3681040053797,21.3681040053797,21.242938590278058,21.30160903930664,4200,0.0,0.0,0.0
2019-06-12 00:00:00-04:00,21.30474044468199,21.332903636234622,21.25702192658691,21.27579689025879,5400,0.0,0.0,0.0
2019-06-13 00:00:00-04:00,21.355589944757114,21.355589944757114,21.301612109250822,21.326644897460938,1600,0.0,0.0,0.0
2019-06-14 00:00:00-04:00,21.34072310601911,21.34072310601911,21.246848303302425,21.325077056884766,7100,0.0,0.0,0.0
2019-06-17 00:00:00-04:00,21.315688830568412,21.395482785899937,21.315688830568412,21.325077056884766,10800,0.0,0.0,0.0
2019-06-18 00:00:00-04:00,21.724044372518104,21.724044372518104,21.516737932480588,21.53003692626953,7600,0.0,0.0,0.0
2019-06-19 00:00:00-04:00,21.598882043940293,21.64581871032715,21.489361166251335,21.64581871032715,6200,0.0,0.0,0.0
2019-06-20 00:00:00-04:00,21.867990735391423,21.88520050048828,21.739696368101395,21.88520050048828,14200,0.0,0.0,0.0
2019-06-21 00:00:00-04:00,21.817913050185215,21.853899257294447,21.786622447760152,21.844511032104492,1700,0.0,0.0,0.0
2019-06-24 00:00:00-04:00,21.724041331595608,21.837472944329978,21.724041331595608,21.731081008911133,13500,0.0,0.0,0.0
2019-06-25 00:00:00-04:00,21.649724158760023,21.649724158760023,21.465888305537426,21.47527503967285,10100,0.0,0.0,0.0
2019-06-26 00:00:00-04:00,21.59105943551182,21.611398110906965,21.442424914971333,21.52847671508789,9600,0.0,0.0,0.0
2019-06-27 00:00:00-04:00,21.583450207012362,21.640001128006656,21.559888446822733,21.608583450317383,15100,0.11,0.0,0.0
2019-06-28 00:00:00-04:00,21.638430561650573,21.8269336396179,21.638430561650573,21.79315948486328,20300,0.0,0.0,0.0
2019-07-01 00:00:00-04:00,22.048420105580313,22.054703041361794,21.8112220519417,21.94160270690918,20900,0.0,0.0,0.0
2019-07-02 00:00:00-04:00,21.881912221660457,21.97616225887043,21.878770753497104,21.971450805664062,7000,0.0,0.0,0.0
2019-07-03 00:00:00-04:00,22.10968484467351,22.12932014465332,22.030357154139374,22.12932014465332,9400,0.0,0.0,0.0
2019-07-05 00:00:00-04:00,22.125395921050803,22.125395921050803,21.858351619707143,22.005226135253906,21800,0.0,0.0,0.0
2019-07-08 00:00:00-04:00,21.968310392170107,21.9840192328896,21.83478824220942,21.95181655883789,10500,0.0,0.0,0.0
2019-07-09 00:00:00-04:00,21.819077277362112,21.983230590820312,21.819077277362112,21.983230590820312,4500,0.0,0.0,0.0
2019-07-10 00:00:00-04:00,22.089261042640796,22.089261042640796,21.960450379237606,22.035066604614258,5100,0.0,0.0,0.0
2019-07-11 00:00:00-04:00,22.172520085927335,22.172520085927335,21.960455237537317,21.9855899810791,5200,0.0,0.0,0.0
2019-07-12 00:00:00-04:00,22.05470924789103,22.137178421020508,22.05470924789103,22.137178421020508,8600,0.0,0.0,0.0
2019-07-15 00:00:00-04:00,22.078268664321286,22.14895694271049,22.02328922514687,22.12932014465332,8900,0.0,0.0,0.0
2019-07-16 00:00:00-04:00,22.111260288906532,22.133252068515976,21.991875486410912,22.0633487701416,23700,0.0,0.0,0.0
2019-07-17 00:00:00-04:00,22.27462489465463,22.282479314344673,21.851280212402344,21.851280212402344,20600,0.0,0.0,0.0
2019-07-18 00:00:00-04:00,21.874061657627472,21.960457290618056,21.779810105727854,21.91961669921875,14600,0.0,0.0,0.0
2019-07-19 00:00:00-04:00,21.91333013660097,21.935321913563225,21.831645965576172,21.831645965576172,2600,0.0,0.0,0.0
2019-07-22 00:00:00-04:00,21.929037918679608,21.929037918679608,21.84264080016651,21.851280212402344,4800,0.0,0.0,0.0
2019-07-23 00:00:00-04:00,22.078267992138322,22.078267992138322,21.897619342822853,22.021717071533203,4100,0.0,0.0,0.0
2019-07-24 00:00:00-04:00,21.9447419088018,22.07040959991821,21.9447419088018,22.038991928100586,5200,0.0,0.0,0.0
2019-07-25 00:00:00-04:00,21.8662059851369,21.950246635337262,21.85835156475507,21.870132446289062,5000,0.0,0.0,0.0
2019-07-26 00:00:00-04:00,21.913328210066748,21.951813816367192,21.913328210066748,21.95102882385254,3100,0.0,0.0,0.0
2019-07-29 00:00:00-04:00,22.266772614253018,22.266772614253018,21.8960523584992,21.950246810913086,10100,0.0,0.0,0.0
2019-07-30 00:00:00-04:00,21.94710625071633,22.04685424852917,21.929040933138157,21.9965877532959,10900,0.0,0.0,0.0
2019-07-31 00:00:00-04:00,22.148962326115075,22.148962326115075,21.791594386544133,21.79237937927246,15900,0.0,0.0,0.0
2019-08-01 00:00:00-04:00,21.88977466120373,22.01544242224476,21.54418756930196,21.630584716796875,8900,0.0,0.0,0.0
2019-08-02 00:00:00-04:00,21.607016547274483,21.607016547274483,21.402806107397897,21.455429077148438,14800,0.0,0.0,0.0
2019-08-05 00:00:00-04:00,21.3242593037657,21.3242593037657,20.87342643737793,20.87342643737793,14600,0.0,0.0,0.0
2019-08-06 00:00:00-04:00,21.16717520893972,21.16717520893972,20.84515152210758,21.121620178222656,29300,0.0,0.0,0.0
2019-08-07 00:00:00-04:00,20.923691866557068,21.190736107935532,20.70377413700575,21.16167640686035,15500,0.0,0.0,0.0
2019-08-08 00:00:00-04:00,21.237866738063808,21.523759841918945,21.21430347758101,21.523759841918945,12300,0.0,0.0,0.0
2019-08-09 00:00:00-04:00,21.420865090435885,21.463277151132225,21.30069533801394,21.40437126159668,376300,0.0,0.0,0.0
2019-08-12 00:00:00-04:00,21.299915657282213,21.299915657282213,21.112199046614162,21.145973205566406,3000,0.0,0.0,0.0
2019-08-13 00:00:00-04:00,21.112202526908092,21.52769291304299,21.112202526908092,21.405166625976562,18600,0.0,0.0,0.0
2019-08-14 00:00:00-04:00,21.08863962721171,21.08863962721171,20.831806182861328,20.831806182861328,8400,0.0,0.0,0.0
2019-08-15 00:00:00-04:00,20.924473516386147,20.962959110154333,20.813728186712616,20.931541442871094,7600,0.0,0.0,0.0
2019-08-16 00:00:00-04:00,21.182885449666493,21.497056258643457,21.182885449666493,21.243364334106445,9400,0.0,0.0,0.0
2019-08-19 00:00:00-04:00,21.324260496576912,21.544179747595024,21.324260496576912,21.51276206970215,6400,0.0,0.0,0.0
2019-08-20 00:00:00-04:00,21.473486919142843,21.473486919142843,21.337608337402344,21.337608337402344,7400,0.0,0.0,0.0
2019-08-21 00:00:00-04:00,21.42636927225157,21.559104934013686,21.42636927225157,21.499412536621094,6100,0.0,0.0,0.0
2019-08-22 00:00:00-04:00,21.567747482772365,21.567747482772365,21.48920626243686,21.511198043823242,3500,0.0,0.0,0.0
2019-08-23 00:00:00-04:00,21.410660126860247,21.5206190162426,20.882854461669922,20.882854461669922,8400,0.0,0.0,0.0
2019-08-26 00:00:00-04:00,21.04936234236603,21.140472412109375,20.991241434479672,21.140472412109375,21700,0.0,0.0,0.0
2019-08-27 00:00:00-04:00,21.4028037648267,21.4028037648267,21.025800608507772,21.09963035583496,19900,0.0,0.0,0.0
2019-08-28 00:00:00-04:00,21.025801207614816,21.226868664534347,21.002237947894457,21.21037483215332,5800,0.0,0.0,0.0
2019-08-29 00:00:00-04:00,21.497055030777616,21.57559623045831,21.410657913436026,21.5080509185791,15000,0.0,0.0,0.0
2019-08-30 00:00:00-04:00,21.625083888297286,21.625083888297286,21.500986129417043,21.538686752319336,7600,0.0,0.0,0.0
2019-09-03 00:00:00-04:00,21.402807373441863,21.445220947265625,21.355682345475838,21.445220947265625,17100,0.0,0.0,0.0
2019-09-04 00:00:00-04:00,21.61958132339553,21.67770373284307,21.567743348909385,21.65414047241211,6900,0.0,0.0,0.0
2019-09-05 00:00:00-04:00,21.944748629168373,21.999728073609095,21.892124162565818,21.95181655883789,12600,0.0,0.0,0.0
2019-09-06 00:00:00-04:00,21.97616512272189,22.038998988409254,21.732684080443043,21.917259216308594,22200,0.0,0.0,0.0
2019-09-09 00:00:00-04:00,21.968312275970213,21.984021118036754,21.892126039832895,21.962814331054688,12600,0.0,0.0,0.0
2019-09-10 00:00:00-04:00,21.850496215818016,21.93689333826916,21.77980793346298,21.913330078125,37100,0.0,0.0,0.0
2019-09-11 00:00:00-04:00,22.031143089578965,22.141103470711307,22.031143089578965,22.10497283935547,13700,0.0,0.0,0.0
2019-09-12 00:00:00-04:00,22.159167491658394,22.20393753593975,22.141103673892136,22.174091339111328,8200,0.0,0.0,0.0
2019-09-13 00:00:00-04:00,22.384582887890783,22.384582887890783,22.14659982320667,22.148956298828125,4800,0.0,0.0,0.0
2019-09-16 00:00:00-04:00,22.12539299843008,22.203935693993383,22.09397532097383,22.141101837158203,23300,0.0,0.0,0.0
2019-09-17 00:00:00-04:00,22.141097752135384,22.25419807434082,22.141097752135384,22.25419807434082,8400,0.0,0.0,0.0
2019-09-18 00:00:00-04:00,22.36102019889284,22.36102019889284,22.031142066962573,22.251846313476562,8200,0.0,0.0,0.0
2019-09-19 00:00:00-04:00,22.329604018654287,22.342956382130815,22.235352481783917,22.251846313476562,2200,0.0,0.0,0.0
2019-09-20 00:00:00-04:00,22.28248315702321,22.294264039551233,22.141106574376384,22.206296920776367,9600,0.0,0.0,0.0
2019-09-23 00:00:00-04:00,22.093972499532132,22.290328464326713,22.093972499532132,22.184297561645508,4400,0.0,0.0,0.0
2019-09-24 00:00:00-04:00,22.145029134445412,22.145029134445412,21.96830843727076,21.973806381225586,5700,0.0,0.0,0.0
2019-09-25 00:00:00-04:00,21.850492367449323,22.10261426293187,21.850492367449323,22.084548950195312,21100,0.0,0.0,0.0
2019-09-26 00:00:00-04:00,22.053817677530986,22.137346622003864,22.01520573720695,22.09006690979004,5300,0.092,0.0,0.0
2019-09-27 00:00:00-04:00,21.995507118091968,21.995507118091968,21.723646880081443,21.854454040527344,5600,0.0,0.0,0.0
2019-09-30 00:00:00-04:00,21.961631060933122,22.040430111136672,21.94823486167959,21.991575241088867,3900,0.0,0.0,0.0
2019-10-01 00:00:00-04:00,22.040423263659243,22.040423263659243,21.61490281337692,21.65824317932129,43700,0.0,0.0,0.0
2019-10-02 00:00:00-04:00,21.97738493834413,21.97738493834413,21.244542516439605,21.317039489746094,7300,0.0,0.0,0.0
2019-10-03 00:00:00-04:00,21.306008091999203,21.511676457368775,21.26266772131689,21.510101318359375,15700,0.0,0.0,0.0
2019-10-04 00:00:00-04:00,21.633024396232926,21.772500826198776,21.609385291388016,21.771713256835938,32100,0.0,0.0,0.0
2019-10-07 00:00:00-04:00,21.74886302347397,21.806387153299546,21.716554641723633,21.716554641723633,4300,0.0,0.0,0.0
2019-10-08 00:00:00-04:00,21.654306901383272,21.654306901383272,21.316254680984258,21.32965087890625,7500,0.0,0.0,0.0
2019-10-09 00:00:00-04:00,21.49671029077938,21.630670785556433,21.425789940427084,21.54083824157715,198300,0.0,0.0,0.0
2019-10-10 00:00:00-04:00,21.66218479566204,21.75674574061481,21.61175329368405,21.691341400146484,58000,0.0,0.0,0.0
2019-10-11 00:00:00-04:00,22.048302294862207,22.182262735662807,22.023086547851562,22.023086547851562,34900,0.0,0.0,0.0
2019-10-14 00:00:00-04:00,21.969500937617948,21.991566406285276,21.949801182981158,21.96162223815918,16900,0.0,0.0,0.0
2019-10-15 00:00:00-04:00,22.040424435658995,22.213785908654987,22.018360466804257,22.1578369140625,8400,0.0,0.0,0.0
2019-10-16 00:00:00-04:00,22.101105316841597,22.114500011749723,22.02545655291478,22.044368743896484,5000,0.0,0.0,0.0
2019-10-17 00:00:00-04:00,22.182261065892792,22.213781874529612,22.150741760250853,22.16728973388672,3300,0.0,0.0,0.0
2019-10-18 00:00:00-04:00,22.142865969132547,22.182265484782402,22.08770604602468,22.142078399658203,9100,0.0,0.0,0.0
2019-10-21 00:00:00-04:00,22.23820982686744,22.347742080688477,22.221661853397855,22.347742080688477,24300,0.0,0.0,0.0
2019-10-22 00:00:00-04:00,22.39502791565319,22.47382845501204,22.354839324951172,22.354839324951172,10800,0.0,0.0,0.0
2019-10-23 00:00:00-04:00,22.35562540801123,22.3792645145611,22.29258528555312,22.33592414855957,6800,0.0,0.0,0.0
2019-10-24 00:00:00-04:00,22.46752114216413,22.521105924406175,22.45806579982472,22.514013290405273,6200,0.0,0.0,0.0
2019-10-25 00:00:00-04:00,22.442307032659734,22.631427420222035,22.442307032659734,22.614091873168945,8500,0.0,0.0,0.0
2019-10-28 00:00:00-04:00,22.694468844949267,22.694468844949267,22.60069696681637,22.62354850769043,33300,0.0,0.0,0.0
2019-10-29 00:00:00-04:00,22.584148043030755,22.687376763408214,22.576267838887908,22.631427764892578,4800,0.0,0.0,0.0
2019-10-30 00:00:00-04:00,22.554989551830342,22.662946686264597,22.505345622577636,22.647186279296875,8000,0.0,0.0,0.0
2019-10-31 00:00:00-04:00,22.678704932046656,22.678704932046656,22.42102696196493,22.54474449157715,23600,0.0,0.0,0.0
2019-11-01 00:00:00-04:00,22.74962634077486,22.781145650217717,22.67870601578461,22.76617431640625,23500,0.0,0.0,0.0
2019-11-04 00:00:00-05:00,22.915109382813103,22.915109382813103,22.85206925189321,22.87728500366211,23100,0.0,0.0,0.0
2019-11-05 00:00:00-05:00,23.19090266476601,23.19090266476601,22.75907723787029,22.759864807128906,9600,0.0,0.0,0.0
2019-11-06 00:00:00-05:00,22.765384221622316,22.765384221622316,22.639303983522943,22.752777099609375,16700,0.0,0.0,0.0
2019-11-07 00:00:00-05:00,22.859944079734365,22.86782428212043,22.749624252319336,22.749624252319336,4900,0.0,0.0,0.0
2019-11-08 00:00:00-05:00,22.804783961074587,22.804783961074587,22.71810323860184,22.781930923461914,76100,0.0,0.0,0.0
2019-11-11 00:00:00-05:00,22.662943143437765,22.792175153781365,22.662943143437765,22.765382766723633,11200,0.0,0.0,0.0
2019-11-12 00:00:00-05:00,22.828423697068988,22.86703563738627,22.77641556274439,22.788236618041992,5000,0.0,0.0,0.0
2019-11-13 00:00:00-05:00,22.749626329742384,22.867826370337124,22.749626329742384,22.83078956604004,15400,0.0,0.0,0.0
2019-11-14 00:00:00-05:00,22.852067975696283,22.883588790893555,22.836307568097645,22.883588790893555,19200,0.0,0.0,0.0
2019-11-15 00:00:00-05:00,23.017548535434404,23.051433563232422,23.017548535434404,23.051433563232422,4400,0.0,0.0,0.0
2019-11-18 00:00:00-05:00,23.072707273711274,23.112106786469248,23.05694686741006,23.06009864807129,8700,0.0,0.0,0.0
2019-11-19 00:00:00-05:00,23.086103966210818,23.144415667187694,23.02542655094321,23.11998748779297,7400,0.0,0.0,0.0
2019-11-20 00:00:00-05:00,23.118410484109624,23.151506435740288,23.02542619057726,23.086891174316406,7500,0.0,0.0,0.0
2019-11-21 00:00:00-05:00,23.364269696614155,23.364269696614155,23.017548237031015,23.023853302001953,3700,0.0,0.0,0.0
2019-11-22 00:00:00-05:00,23.080587851155425,23.080587851155425,22.997846468229774,23.028579711914062,19100,0.0,0.0,0.0
2019-11-25 00:00:00-05:00,23.135750004703166,23.25395005930036,23.135750004703166,23.24843406677246,9900,0.0,0.0,0.0
2019-11-26 00:00:00-05:00,23.269708259409345,23.309107772871535,23.238187446243515,23.301227569580078,7300,0.0,0.0,0.0
2019-11-27 00:00:00-05:00,23.302012954583073,23.372145705205938,23.302012954583073,23.369781494140625,4600,0.0,0.0,0.0
2019-11-29 00:00:00-05:00,23.327236530397702,23.33117588124496,23.264196395874023,23.264196395874023,2300,0.0,0.0,0.0
2019-12-02 00:00:00-05:00,23.31698682514388,23.31698682514388,22.990754240556186,22.993906021118164,7600,0.0,0.0,0.0
2019-12-03 00:00:00-05:00,22.733865999051666,22.883586852566403,22.733865999051666,22.852066040039062,15400,0.0,0.0,0.0
2019-12-04 00:00:00-05:00,23.056948700407688,23.104228420074943,23.0388240814209,23.0388240814209,10200,0.0,0.0,0.0
2019-12-05 00:00:00-05:00,23.06482693424231,23.06482693424231,22.97184264180779,23.033306121826172,12100,0.0,0.0,0.0
2019-12-06 00:00:00-05:00,23.253952026367188,23.2775926404845,23.23031141224988,23.253952026367188,7000,0.0,0.0,0.0
2019-12-09 00:00:00-05:00,23.2082487212119,23.21455228412628,23.151512145996094,23.151512145996094,5300,0.0,0.0,0.0
2019-12-10 00:00:00-05:00,23.165691586197656,23.214546440980445,23.128654781658128,23.156234741210938,2500,0.0,0.0,0.0
2019-12-11 00:00:00-05:00,23.387908333202766,23.387908333202766,23.214546866555473,23.332748413085938,11600,0.0,0.0,0.0
2019-12-12 00:00:00-05:00,23.569152178923268,23.569152178923268,23.398943969425964,23.50847625732422,27100,0.0,0.0,0.0
2019-12-13 00:00:00-05:00,23.60415099778947,23.60415099778947,23.4064612934667,23.497398376464844,25700,0.104,0.0,0.0
2019-12-16 00:00:00-05:00,23.5804313616989,23.719605405785952,23.5804313616989,23.643692016601562,5700,0.0,0.0,0.0
2019-12-17 00:00:00-05:00,23.6950930709877,23.718816383473563,23.651601085556813,23.655555725097656,5500,0.0,0.0,0.0
2019-12-18 00:00:00-05:00,23.762306931994257,23.762306931994257,23.667416698272035,23.726722717285156,6200,0.0,0.0,0.0
2019-12-19 00:00:00-05:00,23.841385271174666,23.873016357421875,23.77812460693345,23.873016357421875,10200,0.0,0.0,0.0
2019-12-20 00:00:00-05:00,23.888831013039795,24.039075660111717,23.888831013039795,24.02326011657715,6500,0.0,0.0,0.0
2019-12-23 00:00:00-05:00,24.12605840116167,24.12605840116167,24.039074424445964,24.07861328125,9700,0.0,0.0,0.0
2019-12-24 00:00:00-05:00,24.02326011657715,24.09759286953898,24.015353853063107,24.02326011657715,7600,0.0,0.0,0.0
2019-12-26 00:00:00-05:00,24.11814395458245,24.11814395458245,24.03432280795975,24.077024459838867,9400,0.0,0.0,0.0
2019-12-27 00:00:00-05:00,24.1655971543167,24.1655971543167,24.11024425982688,24.126850128173828,18100,0.0,0.0,0.0
2019-12-30 00:00:00-05:00,24.094426751885045,24.094426751885045,23.933113046309625,23.999536514282227,412400,0.0,0.0,0.0
2019-12-31 00:00:00-05:00,24.062801266172443,24.09996613793818,23.991632821744947,24.054893493652344,12700,0.0,0.0,0.0
2020-01-02 00:00:00-05:00,24.236761577745074,24.27630043029785,24.078610692292994,24.27630043029785,14200,0.0,0.0,0.0
2020-01-03 00:00:00-05:00,24.13949732524721,24.17428970336914,24.078609155280922,24.17428970336914,10700,0.0,0.0,0.0
2020-01-06 00:00:00-05:00,24.220945694683987,24.220945694683987,24.078610352263027,24.178245544433594,7800,0.0,0.0,0.0
2020-01-07 00:00:00-05:00,24.12210294582901,24.22332030427092,24.12210294582901,24.190898895263672,13900,0.0,0.0,0.0
2020-01-08 00:00:00-05:00,24.197228019409955,24.377520087199382,24.197228019409955,24.307933807373047,5000,0.0,0.0,0.0
2020-01-09 00:00:00-05:00,24.402822301026998,24.41468320293806,24.33956164374627,24.387006759643555,20800,0.0,0.0,0.0
2020-01-10 00:00:00-05:00,24.43998373065495,24.43998373065495,24.33165045472937,24.362489700317383,7000,0.0,0.0,0.0
2020-01-13 00:00:00-05:00,24.450265904487246,24.56097167081726,24.450265904487246,24.559391021728516,17700,0.0,0.0,0.0
2020-01-14 00:00:00-05:00,24.52143659478609,24.57678948306784,24.48980551105189,24.51352882385254,32100,0.0,0.0,0.0
2020-01-15 00:00:00-05:00,24.59260510846415,24.624234684052688,24.513528907113166,24.55306625366211,13300,0.0,0.0,0.0
2020-01-16 00:00:00-05:00,24.647963194057688,24.766576766967773,24.6321476488021,24.766576766967773,5100,0.0,0.0,0.0
2020-01-17 00:00:00-05:00,24.82983119647922,24.87095069885254,24.782386080895552,24.87095069885254,9800,0.0,0.0,0.0
2020-01-21 00:00:00-05:00,24.829837824067784,24.885982558118137,24.82193005131759,24.85118865966797,117300,0.0,0.0,0.0
2020-01-22 00:00:00-05:00,24.988779145676496,24.988779145676496,24.82430110176998,24.8662109375,122100,0.0,0.0,0.0
2020-01-23 00:00:00-05:00,24.782386448345182,24.9903564453125,24.782386448345182,24.9903564453125,15300,0.0,0.0,0.0
2020-01-24 00:00:00-05:00,25.02751762731699,25.02751762731699,24.68511859435779,24.787918090820312,8800,0.0,0.0,0.0
2020-01-27 00:00:00-05:00,24.379098988951835,24.48980476212985,24.379098988951835,24.387006759643555,12800,0.0,0.0,0.0
2020-01-28 00:00:00-05:00,24.560974876362298,24.70331174207949,24.44236132434902,24.655866622924805,13500,0.0,0.0,0.0
2020-01-29 00:00:00-05:00,24.861461651430112,24.861461651430112,24.560972407728748,24.5767879486084,19300,0.0,0.0,0.0
2020-01-30 00:00:00-05:00,24.466085853619678,24.656658172607422,24.40598799585306,24.656658172607422,4700,0.0,0.0,0.0
2020-01-31 00:00:00-05:00,24.67958683659254,24.67958683659254,24.11814868942317,24.198015213012695,7800,0.0,0.0,0.0
2020-02-03 00:00:00-05:00,24.44394082516359,24.497711552160556,24.418635356661863,24.420217514038086,3100,0.0,0.0,0.0
2020-02-04 00:00:00-05:00,24.84565370229365,24.991153404688173,24.82193038372537,24.893098831176758,5200,0.0,0.0,0.0
2020-02-05 00:00:00-05:00,25.067059513360228,25.067059513360228,24.853554233218116,24.95635223388672,13800,0.0,0.0,0.0
2020-02-06 00:00:00-05:00,24.9879890284492,25.051249699072983,24.948450166650982,25.012502670288086,10800,0.0,0.0,0.0
2020-02-07 00:00:00-05:00,24.924724110176257,24.932631881188264,24.821924595273256,24.85355567932129,12800,0.0,0.0,0.0
2020-02-10 00:00:00-05:00,24.956352512331733,25.05124425176019,24.92472293802427,25.01170539855957,7100,0.0,0.0,0.0
2020-02-11 00:00:00-05:00,25.13823011107519,25.339081165776655,25.13823011107519,25.264751434326172,6200,0.0,0.0,0.0
2020-02-12 00:00:00-05:00,25.381781855767194,25.422902867913162,25.359640700459725,25.407087326049805,11700,0.0,0.0,0.0
2020-02-13 00:00:00-05:00,25.96062217186606,25.96062217186606,25.300337552530433,25.45848846435547,8800,0.0,0.0,0.0
2020-02-14 00:00:00-05:00,25.57315066077222,25.612688014397456,25.539938921746216,25.594501495361328,4500,0.0,0.0,0.0
2020-02-18 00:00:00-05:00,25.59686606477703,25.644312687159214,25.478254033580523,25.595285415649414,11400,0.0,0.0,0.0
2020-02-19 00:00:00-05:00,25.691757380241285,25.842000481743536,25.691757380241285,25.770832061767578,12400,0.0,0.0,0.0
2020-02-20 00:00:00-05:00,25.82619106057038,25.82619106057038,25.438717789682215,25.693344116210938,34800,0.0,0.0,0.0
2020-02-21 00:00:00-05:00,25.59687168051039,25.59687168051039,25.48695621190723,25.5098876953125,2500,0.0,0.0,0.0
2020-02-24 00:00:00-05:00,24.90258385474325,24.94212120297926,24.67958862560257,24.86541748046875,35400,0.0,0.0,0.0
2020-02-25 00:00:00-05:00,24.98798655108559,24.98798655108559,23.95999887004932,24.056472778320312,33000,0.0,0.0,0.0
2020-02-26 00:00:00-05:00,24.36328086822153,24.434449288659362,23.936271853847416,23.98371696472168,36400,0.0,0.0,0.0
2020-02-27 00:00:00-05:00,23.327388913186322,23.627876649114693,22.31521691906682,22.84344482421875,123400,0.0,0.0,0.0
2020-02-28 00:00:00-05:00,22.101715250328446,22.508955663688123,21.350493576734674,22.4306697845459,80100,0.0,0.0,0.0
2020-03-02 00:00:00-05:00,22.742225111445453,23.548799514770508,22.621239101771977,23.548799514770508,24000,0.0,0.0,0.0
2020-03-03 00:00:00-05:00,23.69904689542165,23.920459960339713,22.33103417537305,23.04271697998047,32600,0.0,0.0,0.0
2020-03-04 00:00:00-05:00,24.031161938529568,24.098377227783203,23.485539395955424,24.098377227783203,12700,0.0,0.0,0.0
2020-03-05 00:00:00-05:00,26.506240496142517,26.506240496142517,23.153422712668497,23.390649795532227,28000,0.0,0.0,0.0
2020-03-06 00:00:00-05:00,22.686873417511325,22.98736113792243,22.378476418803203,22.9486141204834,24400,0.0,0.0,0.0
2020-03-09 00:00:00-04:00,21.0025560648292,22.05505717944381,20.393672855111287,21.071352005004883,40400,0.0,0.0,0.0
2020-03-10 00:00:00-04:00,22.101712031144416,22.101712031144416,20.947203243824234,21.943559646606445,14300,0.0,0.0,0.0
2020-03-11 00:00:00-04:00,21.445385042899687,21.445385042899687,20.65462603186472,20.93218231201172,30000,0.0,0.0,0.0
2020-03-12 00:00:00-04:00,19.666172741966587,20.148534602071816,17.973947822199587,19.13557243347168,140600,0.0,0.0,0.0
2020-03-13 00:00:00-04:00,19.974570247128955,21.06581687927246,19.009844919922294,21.06581687927246,43700,0.0,0.0,0.0
2020-03-16 00:00:00-04:00,18.96239833144462,19.476391322151272,17.910689039720708,18.260995864868164,37800,0.0,0.0,0.0
2020-03-17 00:00:00-04:00,18.31397964209546,19.666178414051736,17.969209549881665,19.175907135009766,50700,0.0,0.0,0.0
2020-03-18 00:00:00-04:00,17.839523192779268,19.950849851171924,16.69292351076836,17.47577476501465,43700,0.0,0.0,0.0
2020-03-19 00:00:00-04:00,17.396699215470644,18.219089356890795,17.396699215470644,17.97474479675293,210300,0.0,0.0,0.0
2020-03-20 00:00:00-04:00,17.685324122091238,18.25071690435235,16.85107317029675,16.953872680664062,20300,0.0,0.0,0.0
2020-03-23 00:00:00-04:00,17.080394626289788,17.080394626289788,16.063477603560596,16.46360206604004,13300,0.0,0.0,0.0
2020-03-24 00:00:00-04:00,17.582521036602675,18.21038246154785,17.562750861534255,18.21038246154785,22600,0.0,0.0,0.0
2020-03-25 00:00:00-04:00,17.942318759851176,19.484297615067128,17.942318759851176,18.701446533203125,43200,0.0,0.0,0.0
2020-03-26 00:00:00-04:00,19.001939543871924,20.11690962676016,18.97821623061254,19.911312103271484,34000,0.0,0.0,0.0
2020-03-27 00:00:00-04:00,19.323041331412686,19.8708190123785,18.981672653625385,19.33177375793457,78600,0.099,0.0,0.0
2020-03-30 00:00:00-04:00,19.585026631923625,19.962913513183594,19.18014750610084,19.962913513183594,18000,0.0,0.0,0.0
2020-03-31 00:00:00-04:00,19.743803623945468,19.96767754030549,19.53739456532068,19.735864639282227,35200,0.0,0.0,0.0
2020-04-01 00:00:00-04:00,18.99358473359066,19.021370421727898,18.514080980870254,18.615697860717773,14000,0.0,0.0,0.0
2020-04-02 00:00:00-04:00,18.683176376649975,19.200786590576172,18.683176376649975,19.200786590576172,10600,0.0,0.0,0.0
2020-04-03 00:00:00-04:00,19.2357205108984,19.354802260518746,18.60061683678548,18.807025909423828,24100,0.0,0.0,0.0
2020-04-06 00:00:00-04:00,19.727921847267698,20.31539297111127,19.727921847267698,20.18122673034668,87500,0.0,0.0,0.0
2020-04-07 00:00:00-04:00,21.180724883503128,21.180724883503128,20.220129013061523,20.220129013061523,72700,0.0,0.0,0.0
2020-04-08 00:00:00-04:00,20.458296923893037,21.117217551923968,20.323337204214095,21.019569396972656,32800,0.0,0.0,0.0
2020-04-09 00:00:00-04:00,21.53797478940383,21.7602618486201,21.16485154299013,21.436359405517578,34700,0.0,0.0,0.0
2020-04-13 00:00:00-04:00,21.664993260505923,21.664993260505923,20.826654376337277,21.234708786010742,224000,0.0,0.0,0.0
2020-04-14 00:00:00-04:00,21.64910928971221,21.7681909941664,21.537965053243077,21.761045455932617,25700,0.0,0.0,0.0
2020-04-15 00:00:00-04:00,21.141032258297006,21.268054502584736,21.01004279286614,21.133094787597656,12700,0.0,0.0,0.0
2020-04-16 00:00:00-04:00,21.196602659405514,21.36331678020001,21.147381867302464,21.34743881225586,18900,0.0,0.0,0.0
2020-04-17 00:00:00-04:00,21.950788299215642,22.05319861985791,21.64911447473294,21.99683380126953,19100,0.0,0.0,0.0
2020-04-20 00:00:00-04:00,21.541939060005067,21.831705146609863,21.51415337459134,21.555435180664062,19100,0.0,0.0,0.0
2020-04-21 00:00:00-04:00,21.093396694238628,21.141029082311693,20.746470828422666,20.885400772094727,23900,0.0,0.0,0.0
2020-04-22 00:00:00-04:00,21.268055437988437,21.593546262412914,21.228360511713127,21.535593032836914,7200,0.0,0.0,0.0
2020-04-23 00:00:00-04:00,21.668961933337876,21.744380013536368,21.418889225428128,21.47446060180664,32300,0.0,0.0,0.0
2020-04-24 00:00:00-04:00,21.601481767016605,21.80789082223837,21.410950680859543,21.77613639831543,20300,0.0,0.0,0.0
2020-04-27 00:00:00-04:00,21.792015151348085,22.323915020499072,21.792015151348085,22.188955307006836,24500,0.0,0.0,0.0
2020-04-28 00:00:00-04:00,22.4604585189071,22.4604585189071,22.11750290171651,22.207210540771484,10600,0.0,0.0,0.0
2020-04-29 00:00:00-04:00,22.974892486870452,22.974892486870452,22.539052444211098,22.681156158447266,14600,0.0,0.0,0.0
2020-04-30 00:00:00-04:00,22.48268598302051,22.48268598302051,22.12226401334894,22.247697830200195,19200,0.0,0.0,0.0
2020-05-01 00:00:00-04:00,21.950792349961365,21.950792349961365,21.434770402375147,21.482402801513672,29500,0.0,0.0,0.0
2020-05-04 00:00:00-04:00,21.244236719966768,21.728504180908203,21.244236719966768,21.728504180908203,23000,0.0,0.0,0.0
2020-05-05 00:00:00-04:00,22.06193672773029,22.188957468779645,21.895221058723845,21.938091278076172,32600,0.0,0.0,0.0
2020-05-06 00:00:00-04:00,22.220705964125948,22.220705964125948,21.7459659576416,21.7459659576416,46100,0.0,0.0,0.0
2020-05-07 00:00:00-04:00,22.260402341111988,22.260402341111988,21.9666659902218,21.98333740234375,31100,0.0,0.0,0.0
2020-05-08 00:00:00-04:00,22.10162858888917,22.350112915039062,22.10162858888917,22.350112915039062,13800,0.0,0.0,0.0
2020-05-11 00:00:00-04:00,22.125443509247482,22.42711734175298,22.125443509247482,22.32391357421875,21600,0.0,0.0,0.0
2020-05-12 00:00:00-04:00,22.281836077330052,22.36360625019753,21.80392074584961,21.80392074584961,14400,0.0,0.0,0.0
2020-05-13 00:00:00-04:00,21.74834479967045,21.815823878549008,21.25216975777729,21.416501998901367,22000,0.0,0.0,0.0
2020-05-14 00:00:00-04:00,21.21248428895309,21.68008041381836,20.95050381077726,21.68008041381836,16000,0.0,0.0,0.0
2020-05-15 00:00:00-04:00,21.4943081167999,21.79439353942871,21.4943081167999,21.79439353942871,6400,0.0,0.0,0.0
2020-05-18 00:00:00-04:00,22.537467303045513,22.736730817964176,22.537467303045513,22.61764907836914,25600,0.0,0.0,0.0
2020-05-19 00:00:00-04:00,22.63352554596754,22.768485245677315,22.4509334564209,22.4509334564209,11800,0.0,0.0,0.0
2020-05-20 00:00:00-04:00,22.879624175239336,22.879624175239336,22.736725515369123,22.824052810668945,24000,0.0,0.0,0.0
2020-05-21 00:00:00-04:00,22.784364732964157,22.784364732964157,22.476338795453252,22.580337524414062,19400,0.0,0.0,0.0
2020-05-22 00:00:00-04:00,22.474746953426184,22.744666329536805,22.474746953426184,22.727994918823242,10600,0.0,0.0,0.0
2020-05-26 00:00:00-04:00,23.59411974456572,23.59411974456572,22.998709575748087,23.0026798248291,30800,0.0,0.0,0.0
2020-05-27 00:00:00-04:00,23.602059109474418,23.602059109474418,22.922498425329625,23.449634552001953,25100,0.0,0.0,0.0
2020-05-28 00:00:00-04:00,23.609205252766646,23.856101152995194,23.419467616672016,23.441696166992188,57000,0.0,0.0,0.0
2020-05-29 00:00:00-04:00,23.41946846625667,23.782272338867188,23.379775057589672,23.782272338867188,22000,0.0,0.0,0.0
2020-06-01 00:00:00-04:00,23.832283697479234,23.99105882715712,23.65762908636537,23.92119789123535,16800,0.0,0.0,0.0
2020-06-02 00:00:00-04:00,24.006938381887785,24.110143661499023,23.903734616482943,24.110143661499023,20300,0.0,0.0,0.0
2020-06-03 00:00:00-04:00,24.332430880296947,24.546778924602016,24.332430880296947,24.530900955200195,21000,0.0,0.0,0.0
2020-06-04 00:00:00-04:00,24.45150998558497,24.499143888653666,24.196675115254706,24.345924377441406,42400,0.0,0.0,0.0
2020-06-05 00:00:00-04:00,24.713492126331328,25.05486088453145,24.713492126331328,24.896085739135742,23000,0.0,0.0,0.0
2020-06-08 00:00:00-04:00,25.15012787533486,25.28508758544922,25.007229180601243,25.28508758544922,18400,0.0,0.0,0.0
2020-06-09 00:00:00-04:00,25.02310645400797,25.02310645400797,24.862742906095207,24.93339729309082,8200,0.0,0.0,0.0
2020-06-10 00:00:00-04:00,24.919904696121208,25.05645282436059,24.822258051199242,24.919111251831055,13100,0.0,0.0,0.0
2020-06-11 00:00:00-04:00,24.133962634841065,24.217319709209658,23.36389923095703,23.36389923095703,46800,0.0,0.0,0.0
2020-06-12 00:00:00-04:00,24.11014355009418,24.14110452815193,23.19876846541994,23.71320343017578,9500,0.0,0.0,0.0
2020-06-15 00:00:00-04:00,23.17336833710607,23.96486685708657,23.17336833710607,23.919614791870117,14700,0.0,0.0,0.0
2020-06-16 00:00:00-04:00,24.673797378877016,24.705553314755846,24.18952995616941,24.253040313720703,27800,0.0,0.0,0.0
2020-06-17 00:00:00-04:00,24.36418977436797,24.538842916353133,24.276862446272045,24.319732666015625,11100,0.0,0.0,0.0
2020-06-18 00:00:00-04:00,24.316551479090897,24.316551479090897,24.070449024679665,24.291942596435547,15800,0.0,0.0,0.0
2020-06-19 00:00:00-04:00,24.51740141019585,24.51740141019585,24.070447081950725,24.196674346923828,11900,0.0,0.0,0.0
2020-06-22 00:00:00-04:00,24.0942710314868,24.257016456894558,24.078393059689283,24.204620361328125,8500,0.0,0.0,0.0
2020-06-23 00:00:00-04:00,24.55471883055874,24.55471883055874,24.33243179321289,24.33243179321289,10900,0.0,0.0,0.0
2020-06-24 00:00:00-04:00,23.848164866075244,23.848164866075244,23.514735080524044,23.629846572875977,39900,0.0,0.0,0.0
2020-06-25 00:00:00-04:00,23.554426482014886,23.90373420715332,23.505999133853187,23.90373420715332,17800,0.0,0.0,0.0
2020-06-26 00:00:00-04:00,23.881439901600448,23.881439901600448,23.42435646057129,23.42435646057129,12000,0.092,0.0,0.0
2020-06-29 00:00:00-04:00,23.610691915342546,23.757213592529297,23.58680348549676,23.757213592529297,15000,0.0,0.0,0.0
2020-06-30 00:00:00-04:00,24.343302278756063,24.343302278756063,23.90931138141841,24.247745513916016,33500,0.0,0.0,0.0
2020-07-01 00:00:00-04:00,24.335335653460476,24.470708984285874,24.17607389409642,24.348873138427734,50900,0.0,0.0,0.0
2020-07-02 00:00:00-04:00,24.79719413472407,24.79719413472407,24.41018584637508,24.44681739807129,20000,0.0,0.0,0.0
2020-07-06 00:00:00-04:00,24.96441851604098,24.96441851604098,24.58139115926958,24.709598541259766,12600,0.0,0.0,0.0
2020-07-07 00:00:00-04:00,24.49459972575341,24.70562228520426,24.438858032226562,24.438858032226562,23100,0.0,0.0,0.0
2020-07-08 00:00:00-04:00,24.725533060691905,24.725533060691905,24.391081336792855,24.516103744506836,16400,0.0,0.0,0.0
2020-07-09 00:00:00-04:00,24.140237479145995,24.407001698575286,24.140237479145995,24.334537506103516,4900,0.0,0.0,0.0
2020-07-10 00:00:00-04:00,24.295518811492713,24.49141211291764,24.291536394463552,24.473892211914062,68300,0.0,0.0,0.0
2020-07-13 00:00:00-04:00,24.805159972923516,24.805159972923516,24.26287078857422,24.26287078857422,6500,0.0,0.0,0.0
2020-07-14 00:00:00-04:00,24.271635568034768,24.74942398071289,24.20793054760085,24.74942398071289,18000,0.0,0.0,0.0
2020-07-15 00:00:00-04:00,25.008220410888956,25.06157295385582,24.980349566141555,25.0122013092041,4200,0.0,0.0,0.0
2020-07-16 00:00:00-04:00,25.099794327911095,25.099794327911095,24.964421012913057,25.03131103515625,11700,0.0,0.0,0.0
2020-07-17 00:00:00-04:00,25.147574260708847,25.41035759216784,25.147574260708847,25.358596801757812,5700,0.0,0.0,0.0
2020-07-20 00:00:00-04:00,25.386473911221252,25.39443722854553,25.282953823700563,25.338695526123047,7900,0.0,0.0,0.0
2020-07-21 00:00:00-04:00,25.489990495388703,25.60943871998842,25.384082794189453,25.384082794189453,14500,0.0,0.0,0.0
2020-07-22 00:00:00-04:00,25.505920675957945,25.609442282498883,25.497958877467855,25.60148048400879,21200,0.0,0.0,0.0
2020-07-23 00:00:00-04:00,25.649251855374988,25.771087698728113,25.402395146185544,25.497953414916992,25100,0.0,0.0,0.0
2020-07-24 00:00:00-04:00,25.298875015007667,25.438229241080226,25.255873414478334,25.322763442993164,8100,0.0,0.0,0.0
2020-07-27 00:00:00-04:00,25.3386926237495,25.641292572021484,25.3386926237495,25.641292572021484,15400,0.0,0.0,0.0
2020-07-28 00:00:00-04:00,25.505914907711194,25.62536312191366,25.426284790039062,25.426284790039062,13700,0.0,0.0,0.0
2020-07-29 00:00:00-04:00,25.625367359690266,25.880187423614892,25.593514092275996,25.824445724487305,12000,0.0,0.0,0.0
2020-07-30 00:00:00-04:00,25.497955096464246,25.64925354690012,25.497955096464246,25.577585220336914,8200,0.0,0.0,0.0
2020-07-31 00:00:00-04:00,25.641287885004363,25.641287885004363,25.176239708395844,25.489986419677734,10600,0.0,0.0,0.0
2020-08-03 00:00:00-04:00,25.840366283500693,25.840366283500693,25.572803152893687,25.665176391601562,14700,0.0,0.0,0.0
2020-08-04 00:00:00-04:00,25.64129483362369,25.784631503990063,25.64129483362369,25.7623348236084,8100,0.0,0.0,0.0
2020-08-05 00:00:00-04:00,25.967782449412177,25.975744247436523,25.884965776562957,25.975744247436523,14500,0.0,0.0,0.0
2020-08-06 00:00:00-04:00,25.92000467494291,26.0314880825998,25.84037453738657,25.998043060302734,19600,0.0,0.0,0.0
2020-08-07 00:00:00-04:00,25.96380051304203,26.103154763763268,25.959818095108613,26.100767135620117,10900,0.0,0.0,0.0
2020-08-10 00:00:00-04:00,26.15093423838803,26.238529205322266,26.15093423838803,26.238529205322266,11500,0.0,0.0,0.0
2020-08-11 00:00:00-04:00,26.37787979671875,26.37787979671875,25.959814071655273,25.959814071655273,6600,0.0,0.0,0.0
2020-08-12 00:00:00-04:00,26.158890102265946,26.477416630187953,26.158890102265946,26.342044830322266,6700,0.0,0.0,0.0
2020-08-13 00:00:00-04:00,26.330104117615857,26.4296433025969,26.236139102692192,26.29427146911621,6800,0.0,0.0,0.0
2020-08-14 00:00:00-04:00,26.190752438165187,26.36594239299818,26.190752438165187,26.266403198242188,7900,0.0,0.0,0.0
2020-08-17 00:00:00-04:00,26.446362335012065,26.580941312438377,26.446362335012065,26.541126251220703,10900,0.0,0.0,0.0
2020-08-18 00:00:00-04:00,26.54113122525837,26.54511060573979,26.38266378894217,26.432035446166992,7600,0.0,0.0,0.0
2020-08-19 00:00:00-04:00,26.44715859999723,26.44715859999723,26.25445032078543,26.2751522064209,8900,0.0,0.0,0.0
2020-08-20 00:00:00-04:00,26.21861013505578,26.27833422947969,26.134997617939764,26.2082576751709,7500,0.0,0.0,0.0
2020-08-21 00:00:00-04:00,26.03945410353094,26.27436514639498,26.03945410353094,26.24649429321289,26900,0.0,0.0,0.0
2020-08-24 00:00:00-04:00,26.437608367820438,26.437608367820438,26.30701178951771,26.41132926940918,8900,0.0,0.0,0.0
2020-08-25 00:00:00-04:00,26.517233124513226,26.54908638657132,26.405749745004147,26.53952980041504,14000,0.0,0.0,0.0
2020-08-26 00:00:00-04:00,26.421681576575146,26.569000664319756,26.342051443450682,26.533164978027344,8000,0.0,0.0,0.0
2020-08-27 00:00:00-04:00,26.620759711957646,26.684463210355595,26.59687127977027,26.612794876098633,3900,0.0,0.0,0.0
2020-08-28 00:00:00-04:00,26.716306702606282,26.85964331867174,26.612785138182627,26.842124938964844,5600,0.0,0.0,0.0
2020-08-31 00:00:00-04:00,26.795945940111572,26.883537858574677,26.79037177085963,26.837352752685547,5900,0.0,0.0,0.0
2020-09-01 00:00:00-04:00,26.760117075616474,26.948843002319336,26.760117075616474,26.948843002319336,10100,0.0,0.0,0.0
2020-09-02 00:00:00-04:00,27.241882674949732,27.6081861366612,27.106510845154318,27.576335906982422,18600,0.0,0.0,0.0
2020-09-03 00:00:00-04:00,27.440958813171406,27.440958813171406,26.477420336005558,26.660572052001953,22900,0.0,0.0,0.0
2020-09-04 00:00:00-04:00,26.525194728692522,26.56500978256942,25.97573665703211,26.462284088134766,24200,0.0,0.0,0.0
2020-09-08 00:00:00-04:00,26.039447325566705,26.138986494978127,25.8642574153404,25.876201629638672,11200,0.0,0.0,0.0
2020-09-09 00:00:00-04:00,26.127047101329307,26.647039721071156,26.127047101329307,26.505294799804688,16800,0.0,0.0,0.0
2020-09-10 00:00:00-04:00,26.580942092526946,26.5865162620149,26.007595473543777,26.090412139892578,12400,0.0,0.0,0.0
2020-09-11 00:00:00-04:00,26.18676494442296,26.299843124557203,26.023522276263552,26.158098220825195,14100,0.0,0.0,0.0
2020-09-14 00:00:00-04:00,26.509273175145335,26.780019846117625,26.509273175145335,26.70357322692871,10700,0.0,0.0,0.0
2020-09-15 00:00:00-04:00,26.93928119813586,27.050764577419766,26.9384822845459,26.9384822845459,136000,0.0,0.0,0.0
2020-09-16 00:00:00-04:00,26.995025037702984,27.154285284967,26.851688385009766,26.851688385009766,9600,0.0,0.0,0.0
2020-09-17 00:00:00-04:00,26.43760699444596,26.73224211868528,26.43760699444596,26.694814682006836,46400,0.0,0.0,0.0
2020-09-18 00:00:00-04:00,26.66853865849293,26.66853865849293,26.322141215713227,26.365142822265625,5600,0.0,0.0,0.0
2020-09-21 00:00:00-04:00,25.840367259633233,25.87222052076254,25.54573218842258,25.834793090820312,14600,0.0,0.0,0.0
2020-09-22 00:00:00-04:00,25.91203759890016,26.073688507080078,25.823646766874994,26.073688507080078,6500,0.0,0.0,0.0
2020-09-23 00:00:00-04:00,26.087223474365437,26.087223474365437,25.4748592376709,25.4748592376709,8700,0.0,0.0,0.0
2020-09-24 00:00:00-04:00,25.330728720290114,25.812499479551736,25.274987025544288,25.599882125854492,12600,0.0,0.0,0.0
2020-09-25 00:00:00-04:00,25.51446299936588,26.034971173742623,25.51446299936588,26.032577514648438,5900,0.081,0.0,0.0
2020-09-28 00:00:00-04:00,26.40059453915359,26.50437759088142,26.347906649897947,26.385425567626953,31400,0.0,0.0,0.0
2020-09-29 00:00:00-04:00,26.440519474243988,26.46047881461856,26.284048478143035,26.353504180908203,10300,0.0,0.0,0.0
2020-09-30 00:00:00-04:00,26.64488334427507,26.687993557965044,26.37664742863413,26.567445755004883,13000,0.0,0.0,0.0
2020-10-01 00:00:00-04:00,26.687202284017424,26.687202284017424,26.464470185256324,26.63530921936035,88200,0.0,0.0,0.0
2020-10-02 00:00:00-04:00,26.431737721072935,26.719933033415852,26.431737721072935,26.604175567626953,12500,0.0,0.0,0.0
2020-10-05 00:00:00-04:00,26.991362008735496,27.143042621168597,26.895560842113927,27.13825225830078,71300,0.0,0.0,0.0
2020-10-06 00:00:00-04:00,27.18296106625976,27.438424779637884,26.887581718672745,26.941070556640625,25800,0.0,0.0,0.0
2020-10-07 00:00:00-04:00,27.23485171105144,27.422455479696623,27.23485171105144,27.358591079711914,16600,0.0,0.0,0.0
2020-10-08 00:00:00-04:00,27.45438915013612,27.55976799847269,27.42245542752082,27.55817222595215,5900,0.0,0.0,0.0
2020-10-09 00:00:00-04:00,27.845570431652312,27.845570431652312,27.653971135872155,27.737794876098633,18700,0.0,0.0,0.0
2020-10-12 00:00:00-04:00,27.98048620242056,28.109015936975702,27.966916044923163,28.022798538208008,20600,0.0,0.0,0.0
2020-10-13 00:00:00-04:00,27.92539687474653,27.92539687474653,27.789683141244446,27.83039665222168,46800,0.0,0.0,0.0
2020-10-14 00:00:00-04:00,27.941371536657137,27.941371536657137,27.661959039437694,27.669940948486328,7500,0.0,0.0,0.0
2020-10-15 00:00:00-04:00,27.486323362320093,27.725820195465804,27.326657791767133,27.717838287353516,68700,0.0,0.0,0.0
2020-10-16 00:00:00-04:00,27.885489718856675,27.885489718856675,27.744985580444336,27.744985580444336,14300,0.0,0.0,0.0
2020-10-19 00:00:00-04:00,27.755354887741948,27.85354970788603,27.25879862893557,27.346614837646484,10300,0.0,0.0,0.0
2020-10-20 00:00:00-04:00,27.941367761233547,27.941367761233547,27.471153897704042,27.55817222595215,44100,0.0,0.0,0.0
2020-10-21 00:00:00-04:00,27.637999783674278,27.637999783674278,27.26278925200803,27.334638595581055,17900,0.0,0.0,0.0
2020-10-22 00:00:00-04:00,27.386527956281153,27.39052043232053,27.206906124279353,27.361778259277344,13500,0.0,0.0,0.0
2020-10-23 00:00:00-04:00,27.494301321123256,27.566150665283203,27.460771830206415,27.566150665283203,6400,0.0,0.0,0.0
2020-10-26 00:00:00-04:00,27.214095166356955,27.677919861534463,26.782999035567176,27.0073299407959,228300,0.0,0.0,0.0
2020-10-27 00:00:00-04:00,27.135063519926177,27.135063519926177,26.815732355560048,26.86762237548828,6200,0.0,0.0,0.0
2020-10-28 00:00:00-04:00,26.49640161773669,26.49640161773669,25.945558547973633,25.945558547973633,22000,0.0,0.0,0.0
2020-10-29 00:00:00-04:00,25.881694426936537,26.440522522811495,25.881694426936537,26.302412033081055,22500,0.0,0.0,0.0
2020-10-30 00:00:00-04:00,26.193041325319875,26.193041325319875,25.74677616692495,25.952743530273438,7200,0.0,0.0,0.0
2020-11-02 00:00:00-05:00,26.47245207905374,26.60018393408279,26.312786498925515,26.584217071533203,14500,0.0,0.0,0.0
2020-11-03 00:00:00-05:00,26.911528614321437,27.286742249540556,26.911528614321437,27.230859756469727,27300,0.0,0.0,0.0
2020-11-04 00:00:00-05:00,27.470359341157717,27.630024928220067,27.27876002760934,27.398509979248047,7900,0.0,0.0,0.0
2020-11-05 00:00:00-05:00,27.709848675569322,28.077077294349085,27.709848675569322,27.95174217224121,22200,0.0,0.0,0.0
2020-11-06 00:00:00-05:00,28.00523214021649,28.069096533087276,27.861533449548375,28.010820388793945,11700,0.0,0.0,0.0
2020-11-09 00:00:00-05:00,28.739693520725886,29.306503412052,28.268681755099287,28.315784454345703,20200,0.0,0.0,0.0
2020-11-10 00:00:00-05:00,28.356496313246232,28.356496313246232,28.109014537189367,28.19683074951172,27400,0.0,0.0,0.0
2020-11-11 00:00:00-05:00,28.416374653943485,28.444315902511693,28.29263222854054,28.400407791137695,24200,0.0,0.0,0.0
2020-11-12 00:00:00-05:00,28.364475497101683,28.42834293460906,28.01880197542576,28.168088912963867,9400,0.0,0.0,0.0
2020-11-13 00:00:00-05:00,28.520152385594574,28.619942986027542,28.354100680296483,28.56964874267578,33800,0.0,0.0,0.0
2020-11-16 00:00:00-05:00,28.971211490970784,28.971211490970784,28.74767844704755,28.929697036743164,15600,0.0,0.0,0.0
2020-11-17 00:00:00-05:00,28.739693622243756,28.923307966052878,28.65187740447254,28.883392333984375,14800,0.0,0.0,0.0
2020-11-18 00:00:00-05:00,28.90734122485831,28.90734122485831,28.484230041503906,28.484230041503906,12900,0.0,0.0,0.0
2020-11-19 00:00:00-05:00,28.331746421484404,28.61994171142578,28.331746421484404,28.61994171142578,13200,0.0,0.0,0.0
2020-11-20 00:00:00-05:00,28.603984379106272,28.603984379106272,28.439528416399327,28.495410919189453,10100,0.0,0.0,0.0
2020-11-23 00:00:00-05:00,28.899355004855938,28.899355004855938,28.544100753841015,28.65107536315918,29500,0.0,0.0,0.0
2020-11-24 00:00:00-05:00,29.13087419681703,29.13087419681703,28.775616848044084,28.9592342376709,23300,0.0,0.0,0.0
2020-11-25 00:00:00-05:00,29.410285106919336,29.410285106919336,28.794776772746598,28.86742401123047,18800,0.0,0.0,0.0
2020-11-27 00:00:00-05:00,28.89936151455033,28.99515964827435,28.891376560275464,28.96721839904785,7500,0.0,0.0,0.0
2020-11-30 00:00:00-05:00,28.971211455401015,28.971211455401015,28.588015867476013,28.739696502685547,18600,0.0,0.0,0.0
2020-12-01 00:00:00-05:00,29.22667262095775,29.22667262095775,28.93129328547524,28.979190826416016,20400,0.0,0.0,0.0
2020-12-02 00:00:00-05:00,29.13087347332333,29.146837289499377,28.82750919473178,28.947256088256836,79700,0.0,0.0,0.0
2020-12-03 00:00:00-05:00,28.859440555072943,29.01910306670132,28.795573114127833,28.797969818115234,29100,0.0,0.0,0.0
2020-12-04 00:00:00-05:00,28.971213650758383,29.298526763916016,28.971213650758383,29.298526763916016,13600,0.0,0.0,0.0
2020-12-07 00:00:00-05:00,29.482139314700394,29.482139314700394,29.08297685774032,29.150035858154297,13700,0.0,0.0,0.0
2020-12-08 00:00:00-05:00,29.2825554538433,29.2825554538433,29.078981766391067,29.211503982543945,108000,0.0,0.0,0.0
2020-12-09 00:00:00-05:00,29.218689242250804,29.218689242250804,28.8873867332039,28.971210479736328,7300,0.0,0.0,0.0
2020-12-10 00:00:00-05:00,29.074991420261433,29.074991420261433,28.843479513549568,28.93927764892578,18500,0.0,0.0,0.0
2020-12-11 00:00:00-05:00,29.05902658562117,29.05902658562117,28.687805397985706,28.9073429107666,15100,0.0,0.0,0.0
2020-12-14 00:00:00-05:00,29.2305103665037,29.238568156344765,28.859790547436756,28.902502059936523,18100,0.341,0.0,0.0
2020-12-15 00:00:00-05:00,29.125743900972516,29.222452761445464,28.92426531496765,29.202306747436523,13700,0.0,0.0,0.0
2020-12-16 00:00:00-05:00,29.367518939711452,29.367518939711452,29.045155031872056,29.10076332092285,16000,0.0,0.0,0.0
2020-12-17 00:00:00-05:00,29.335283581154872,29.383636474609375,29.262751166653846,29.383636474609375,23400,0.0,0.0,0.0
2020-12-18 00:00:00-05:00,29.464232117735456,29.464232117735456,29.12574646480562,29.253887176513672,8300,0.0,0.0,0.0
2020-12-21 00:00:00-05:00,28.964561608035826,29.19505562854549,28.767113446443364,29.08061408996582,10500,0.0,0.0,0.0
2020-12-22 00:00:00-05:00,29.222451267205976,29.222451267205976,29.004857110847958,29.085447311401367,20000,0.0,0.0,0.0
2020-12-23 00:00:00-05:00,29.270807932435744,29.270807932435744,29.053210696552608,29.117685317993164,19200,0.0,0.0,0.0
2020-12-24 00:00:00-05:00,29.20633457438743,29.20633457438743,29.020971586398765,29.170066833496094,10400,0.0,0.0,0.0
2020-12-28 00:00:00-05:00,29.528694812025126,29.528694812025126,29.24662608115293,29.26193618774414,18600,0.0,0.0,0.0
2020-12-29 00:00:00-05:00,29.270811203278193,29.308689893891287,29.069332600241136,29.11204719543457,18700,0.0,0.0,0.0
2020-12-30 00:00:00-05:00,29.10962372530882,29.407814230536825,29.10962372530882,29.403783798217773,20400,0.0,0.0,0.0
2020-12-31 00:00:00-05:00,29.246630405238733,29.617350241858073,29.214393095710342,29.496461868286133,16400,0.0,0.0,0.0
2021-01-04 00:00:00-05:00,29.681826312802002,29.697136422405695,28.932325738359868,29.133804321289062,31400,0.0,0.0,0.0
2021-01-05 00:00:00-05:00,29.149921060529252,29.480348901006103,29.149921060529252,29.419904708862305,65200,0.0,0.0,0.0
2021-01-06 00:00:00-05:00,29.51258292428119,30.02030983054682,29.51258292428119,29.730985641479492,10100,0.0,0.0,0.0
2021-01-07 00:00:00-05:00,29.90748220330474,30.254025621869733,29.90748220330474,30.169404983520508,26100,0.0,0.0,0.0
2021-01-08 00:00:00-05:00,30.358791065748747,30.36685193059589,30.080752714905618,30.297544479370117,18600,0.0,0.0,0.0
2021-01-11 00:00:00-05:00,30.229848796970874,30.407150954651502,30.100902611653936,30.2540283203125,39600,0.0,0.0,0.0
2021-01-12 00:00:00-05:00,30.20970042089449,30.342677028766754,30.14280938112742,30.294321060180664,36800,0.0,0.0,0.0
2021-01-13 00:00:00-05:00,30.16537059176755,30.27416766270299,30.117014630063533,30.14925193786621,31600,0.0,0.0,0.0
2021-01-14 00:00:00-05:00,30.249992372324655,30.286260113565138,30.14119529724121,30.14119529724121,24600,0.0,0.0,0.0
2021-01-15 00:00:00-05:00,30.10896603037172,30.10896603037172,29.87121965565872,29.947782516479492,121900,0.0,0.0,0.0
2021-01-19 00:00:00-05:00,30.18955015887247,30.193580591344517,30.062214931901,30.11701774597168,17900,0.0,0.0,0.0
2021-01-20 00:00:00-05:00,30.29432042565446,30.479680356539735,30.170210157300943,30.421655654907227,26300,0.0,0.0,0.0
2021-01-21 00:00:00-05:00,30.455504547814986,30.49983008377241,30.229846435399203,30.294321060180664,27100,0.0,0.0,0.0
2021-01-22 00:00:00-05:00,30.22178840637207,30.27739669379623,30.108960888212703,30.22178840637207,26000,0.0,0.0,0.0
2021-01-25 00:00:00-05:00,30.21372960874809,30.29431981208536,29.90103445494325,30.2499942779541,21300,0.0,0.0,0.0
2021-01-26 00:00:00-05:00,30.22984844347039,30.22984844347039,30.052549362182617,30.052549362182617,34500,0.0,0.0,0.0
2021-01-27 00:00:00-05:00,29.91554003725301,29.91554003725301,29.081418801672584,29.17490577697754,21400,0.0,0.0,0.0
2021-01-28 00:00:00-05:00,29.335289163111455,29.86719261255715,29.335289163111455,29.625415802001953,6700,0.0,0.0,0.0
2021-01-29 00:00:00-05:00,29.536763261726396,29.536763261726396,29.117687415137148,29.222454071044922,20700,0.0,0.0,0.0
2021-02-01 00:00:00-05:00,29.44005094719931,29.665709061297232,29.314329731985342,29.601234436035156,26500,0.0,0.0,0.0
2021-02-02 00:00:00-05:00,29.980020866990664,30.117024860211227,29.980020866990664,29.996139526367188,21000,0.0,0.0,0.0
2021-02-03 00:00:00-05:00,30.350735434947985,30.350735434947985,29.859127171141548,29.988073348999023,47600,0.0,0.0,0.0
2021-02-04 00:00:00-05:00,29.996130226579975,30.229843029281096,29.996130226579975,30.18390655517578,51500,0.0,0.0,0.0
2021-02-05 00:00:00-05:00,30.358794409457452,30.440193166919173,30.350736618041992,30.350736618041992,14400,0.0,0.0,0.0
2021-02-08 00:00:00-05:00,30.600566959659066,30.761747360229492,30.540928243883798,30.761747360229492,34500,0.0,0.0,0.0
2021-02-09 00:00:00-05:00,30.81816569001721,30.81816569001721,30.661009565467353,30.76980972290039,33200,0.0,0.0,0.0
2021-02-10 00:00:00-05:00,31.067999867086684,31.067999867086684,30.85846347334609,30.96323013305664,18400,0.0,0.0,0.0
2021-02-11 00:00:00-05:00,31.011584478592955,31.092177759898462,30.823808128073825,31.00352668762207,25300,0.0,0.0,0.0
2021-02-12 00:00:00-05:00,30.995469859492328,31.261423110961914,30.995469859492328,31.261423110961914,8200,0.0,0.0,0.0
2021-02-16 00:00:00-05:00,31.503195444445048,31.503195444445048,31.116356883859517,31.19694709777832,17600,0.0,0.0,0.0
2021-02-17 00:00:00-05:00,31.027703718469425,31.124412583535744,30.793987809766378,31.092178344726562,20900,0.0,0.0,0.0
2021-02-18 00:00:00-05:00,30.987415092455343,30.987415092455343,30.709373588652934,30.91488265991211,17900,0.0,0.0,0.0
2021-02-19 00:00:00-05:00,31.10023359315379,31.205003315096175,30.991436513139146,31.03575897216797,46300,0.0,0.0,0.0
2021-02-22 00:00:00-05:00,30.906816248266654,31.027704638925325,30.826226037373864,30.83428382873535,8300,0.0,0.0,0.0
2021-02-23 00:00:00-05:00,30.793985124066364,30.793985124066364,30.365240579263055,30.721452713012695,14100,0.0,0.0,0.0
2021-02-24 00:00:00-05:00,30.560269411236522,31.05187763627671,30.536092965519508,31.029312133789062,17800,0.0,0.0,0.0
2021-02-25 00:00:00-05:00,30.987408727229663,30.987408727229663,30.133138372123373,30.270145416259766,117600,0.0,0.0,0.0
2021-02-26 00:00:00-05:00,30.270143087035315,30.363626984208565,30.10089874267578,30.10089874267578,10000,0.0,0.0,0.0
2021-03-01 00:00:00-05:00,30.39908759661857,30.745630982636193,30.39908759661857,30.568328857421875,43600,0.0,0.0,0.0
2021-03-02 00:00:00-05:00,30.592505717765725,30.616685237008365,30.342674255371094,30.342674255371094,22600,0.0,0.0,0.0
2021-03-03 00:00:00-05:00,30.28626669974866,30.366856915534562,29.933273315429688,29.933273315429688,21300,0.0,0.0,0.0
2021-03-04 00:00:00-05:00,30.173430925163988,30.173430925163988,29.074165075567464,29.41587257385254,13700,0.0,0.0,0.0
2021-03-05 00:00:00-05:00,29.56093777024195,30.012250900268555,29.012915781752206,30.012250900268555,380900,0.0,0.0,0.0
2021-03-08 00:00:00-05:00,30.12508302711344,30.350738089520696,29.911516189575195,29.911516189575195,34100,0.0,0.0,0.0
2021-03-09 00:00:00-05:00,30.48774220933663,30.503857791397223,30.221788990546532,30.310440063476562,16700,0.0,0.0,0.0
2021-03-10 00:00:00-05:00,30.47967883651087,30.74482348749783,30.47967883651087,30.61668586730957,25400,0.0,0.0,0.0
2021-03-11 00:00:00-05:00,31.027703134854058,31.140530654362433,30.88424924615379,31.00352668762207,22600,0.0,0.0,0.0
2021-03-12 00:00:00-05:00,31.01965112115543,31.18083156514692,30.84234894358091,31.16471290588379,11900,0.0,0.0,0.0
2021-03-15 00:00:00-04:00,31.398418920973185,31.55154459837236,31.132468813063404,31.54348373413086,46100,0.0,0.0,0.0
2021-03-16 00:00:00-04:00,31.76914526315235,31.76914526315235,31.275120555204403,31.366188049316406,21600,0.0,0.0,0.0
2021-03-17 00:00:00-04:00,31.25174613243782,31.495133836813327,31.13649912766412,31.375856399536133,7700,0.0,0.0,0.0
2021-03-18 00:00:00-04:00,31.446780093633926,31.446780093633926,30.99546692522232,31.0277042388916,31100,0.0,0.0,0.0
2021-03-19 00:00:00-04:00,31.09217817114559,31.137309179545877,30.781899414074257,30.995466232299805,14300,0.0,0.0,0.0
2021-03-22 00:00:00-04:00,31.237239189207425,31.237239189207425,31.019645017768497,31.172767639160156,20100,0.0,0.0,0.0
2021-03-23 00:00:00-04:00,31.007554676940774,31.140531288061386,30.759334128971144,30.882638931274414,28200,0.0,0.0,0.0
2021-03-24 00:00:00-04:00,31.269470649348047,31.269470649348047,30.80204200744629,30.80204200744629,33200,0.0,0.0,0.0
2021-03-25 00:00:00-04:00,30.713395090196293,31.035758972167972,30.49579785584786,31.03575897216797,20000,0.0,0.0,0.0
2021-03-26 00:00:00-04:00,31.047877781960622,31.49453544616699,31.047877781960622,31.494535446166992,12200,0.085,0.0,0.0
2021-03-29 00:00:00-04:00,31.43557147848969,31.60519022099039,31.298264442453988,31.49211311340332,28800,0.0,0.0,0.0
2021-03-30 00:00:00-04:00,31.314415865892567,31.45899433201936,31.30876201103487,31.362878799438477,24400,0.0,0.0,0.0
2021-03-31 00:00:00-04:00,31.484029227030472,31.668991917130732,31.46383865035797,31.526838302612305,13500,0.0,0.0,0.0
2021-04-01 00:00:00-04:00,31.734420005974656,31.839418411254883,31.626186424758515,31.839418411254883,8400,0.0,0.0,0.0
2021-04-05 00:00:00-04:00,32.21095275878906,32.239222026626614,32.04133407064466,32.21095275878906,126900,0.0,0.0,0.0
2021-04-06 00:00:00-04:00,32.202891280072684,32.26750854459938,32.07769918145315,32.17866134643555,21800,0.0,0.0,0.0
2021-04-07 00:00:00-04:00,32.2271176798735,32.2271176798735,31.964615488576463,32.130191802978516,24500,0.0,0.0,0.0
2021-04-08 00:00:00-04:00,32.14634797529041,32.21904084660649,32.06557948765935,32.08980941772461,70200,0.0,0.0,0.0
2021-04-09 00:00:00-04:00,32.13020031239023,32.36443328857422,32.13020031239023,32.36443328857422,16400,0.0,0.0,0.0
2021-04-12 00:00:00-04:00,32.27881300792409,32.57443110924125,32.27881300792409,32.51708221435547,10600,0.0,0.0,0.0
2021-04-13 00:00:00-04:00,32.550199494241625,32.64712230431337,32.491239170830845,32.600276947021484,21900,0.0,0.0,0.0
2021-04-14 00:00:00-04:00,32.67942366249034,32.76827083575167,32.5501922507793,32.58654022216797,13000,0.0,0.0,0.0
2021-04-15 00:00:00-04:00,32.832886783044046,33.075195285274674,32.832886783044046,33.029964447021484,21200,0.0,0.0,0.0
2021-04-16 00:00:00-04:00,33.21249088001035,33.21249088001035,33.080837758567256,33.14787673950195,12400,0.0,0.0,0.0
2021-04-19 00:00:00-04:00,33.11558720174703,33.11558720174703,32.81270073343837,32.85712432861328,17700,0.0,0.0,0.0
2021-04-20 00:00:00-04:00,33.0752010853895,33.0752010853895,32.61885019369037,32.75212097167969,31500,0.0,0.0,0.0
2021-04-21 00:00:00-04:00,32.95403854923133,33.050961331122096,32.92980862403856,33.0412712097168,51100,0.0,0.0,0.0
2021-04-22 00:00:00-04:00,33.27712632719931,33.27712632719931,32.74404628128772,32.84096908569336,19600,0.0,0.0,0.0
2021-04-23 00:00:00-04:00,32.966154180442516,33.27631201857505,32.966154180442516,33.15192413330078,14700,0.0,0.0,0.0
2021-04-26 00:00:00-04:00,33.30134906861335,33.30134906861335,33.16080995417394,33.19877243041992,81900,0.0,0.0,0.0
2021-04-27 00:00:00-04:00,33.325582347727696,33.325582347727696,33.14708382019989,33.204429626464844,16800,0.0,0.0,0.0
2021-04-28 00:00:00-04:00,33.26904382971906,33.26904382971906,33.10750686786626,33.149505615234375,13500,0.0,0.0,0.0
2021-04-29 00:00:00-04:00,33.26903769153594,33.26903769153594,33.01865359818829,33.26823043823242,43100,0.0,0.0,0.0
2021-04-30 00:00:00-04:00,33.15596472556247,33.19634896359159,32.92981052770353,32.99119567871094,10500,0.0,0.0,0.0
2021-05-03 00:00:00-04:00,33.15596184594905,33.18019485155776,33.05580697241864,33.080039978027344,17300,0.0,0.0,0.0
2021-05-04 00:00:00-04:00,32.945965949279014,33.05096435546875,32.71980866267966,33.05096435546875,13900,0.0,0.0,0.0
2021-05-05 00:00:00-04:00,33.06711749577805,33.13981035655211,32.87327192112711,33.00088882446289,19200,0.0,0.0,0.0
2021-05-06 00:00:00-04:00,33.09135344774585,33.220584869384766,32.804621327269516,33.220584869384766,47900,0.0,0.0,0.0
2021-05-07 00:00:00-04:00,33.22058633555679,33.6728947906953,33.22058633555679,33.65755081176758,13700,0.0,0.0,0.0
2021-05-10 00:00:00-04:00,33.84250874805728,33.86350657969949,33.4951987585674,33.49600601196289,8500,0.0,0.0,0.0
2021-05-11 00:00:00-04:00,33.13981140669868,33.18988884931302,32.83288872358885,33.17050552368164,11800,0.0,0.0,0.0
2021-05-12 00:00:00-04:00,33.034810905164136,33.034810905164136,32.35634525318874,32.4306526184082,19200,0.0,0.0,0.0
2021-05-13 00:00:00-04:00,32.50173022117055,32.905578740870816,32.50173022117055,32.758575439453125,20900,0.0,0.0,0.0
2021-05-14 00:00:00-04:00,33.11558532629186,33.341739557195844,32.88619900018055,33.26097106933594,25700,0.0,0.0,0.0
2021-05-17 00:00:00-04:00,33.13173777997587,33.23673927319491,32.98231269659186,33.083274841308594,28700,0.0,0.0,0.0
2021-05-18 00:00:00-04:00,33.05096124517952,33.1390011587932,32.90557861328125,32.90557861328125,37100,0.0,0.0,0.0
2021-05-19 00:00:00-04:00,32.509812839506175,32.756160736083984,32.295773570933406,32.756160736083984,19600,0.0,0.0,0.0
2021-05-20 00:00:00-04:00,32.92172897215562,33.181809358225145,32.92172897215562,33.080039978027344,7800,0.0,0.0,0.0
2021-05-21 00:00:00-04:00,33.25289340045255,33.42574117418438,33.11558635061949,33.21250915527344,13500,0.0,0.0,0.0
2021-05-24 00:00:00-04:00,33.23673498814564,33.52750333930156,33.23673498814564,33.43461990356445,12100,0.0,0.0,0.0
2021-05-25 00:00:00-04:00,33.434613801583694,33.492766844977716,33.325572993820934,33.39826583862305,15900,0.0,0.0,0.0
2021-05-26 00:00:00-04:00,33.48712726245874,33.48712726245874,33.37405014038086,33.37405014038086,7700,0.0,0.0,0.0
2021-05-27 00:00:00-04:00,33.5032773838235,33.61635449174829,33.5032773838235,33.60585403442383,16000,0.0,0.0,0.0
2021-05-28 00:00:00-04:00,33.777902976812975,33.81828722814416,33.71328879090726,33.74155807495117,10600,0.0,0.0,0.0
2021-06-01 00:00:00-04:00,33.995981284131055,33.995981284131055,33.73751838090622,33.8909797668457,136400,0.0,0.0,0.0
2021-06-02 00:00:00-04:00,33.97981634757867,34.10097214358997,33.92327779773869,34.04443359375,19600,0.0,0.0,0.0
2021-06-03 00:00:00-04:00,33.987895101228744,34.10824056291396,33.74558350879749,34.03474044799805,17700,0.0,0.0,0.0
2021-06-04 00:00:00-04:00,34.222135536599005,34.334405417900655,34.17529017529184,34.31744384765625,8900,0.0,0.0,0.0
2021-06-07 00:00:00-04:00,34.22212966575296,34.39174842021955,34.03635967859461,34.15105438232422,15500,0.0,0.0,0.0
2021-06-08 00:00:00-04:00,34.26252074184522,34.26252074184522,34.02829084766434,34.18821334838867,19000,0.0,0.0,0.0
2021-06-09 00:00:00-04:00,34.27867118112458,34.27867118112458,34.11794144489917,34.12520980834961,43500,0.0,0.0,0.0
2021-06-10 00:00:00-04:00,34.25443973909183,34.25443973909183,34.038785956895616,34.179325103759766,15400,0.0,0.0,0.0
2021-06-11 00:00:00-04:00,34.222133562508965,34.222133562508965,34.092094864803094,34.18659591674805,8400,0.0,0.0,0.0
2021-06-14 00:00:00-04:00,34.189815060784944,34.189815060784944,34.03150405981868,34.168006896972656,11000,0.0,0.0,0.0
2021-06-15 00:00:00-04:00,34.27867255271528,34.27867255271528,34.08482692472957,34.117942810058594,19700,0.0,0.0,0.0
2021-06-16 00:00:00-04:00,34.145402080176886,34.145402080176886,33.88289986074731,33.896629333496094,9300,0.0,0.0,0.0
2021-06-17 00:00:00-04:00,33.74558639862691,33.95478213242213,33.6728935308964,33.81827926635742,28400,0.0,0.0,0.0
2021-06-18 00:00:00-04:00,33.64866722613592,33.793245723689026,33.43866729736328,33.43866729736328,12700,0.0,0.0,0.0
2021-06-21 00:00:00-04:00,33.51135229974632,33.90631487945247,33.479043677950216,33.85139083862305,27200,0.0,0.0,0.0
2021-06-22 00:00:00-04:00,33.87885295338196,34.12520080330368,33.87885295338196,34.059776306152344,18700,0.0,0.0,0.0
2021-06-23 00:00:00-04:00,34.14942587808158,34.14942587808158,34.0040401813667,34.008079528808594,14700,0.0,0.0,0.0
2021-06-24 00:00:00-04:00,34.44020459854788,34.44020459854788,34.117127600207425,34.22212600708008,28700,0.0,0.0,0.0
2021-06-25 00:00:00-04:00,34.26260435598442,34.40833401772042,34.26260435598442,34.3338508605957,14400,0.1,0.0,0.0
2021-06-28 00:00:00-04:00,34.50549457249963,34.521687104271265,34.38405521682678,34.51116180419922,20300,0.0,0.0,0.0
2021-06-29 00:00:00-04:00,34.44882019853361,34.59374072408827,34.44882019853361,34.525733947753906,20200,0.0,0.0,0.0
2021-06-30 00:00:00-04:00,34.5702539006626,34.58644642737609,34.44881149451582,34.546775817871094,22900,0.0,0.0,0.0
2021-07-01 00:00:00-04:00,34.554064310842705,34.837425831391016,34.554064310842705,34.69169616699219,56500,0.0,0.0,0.0
2021-07-02 00:00:00-04:00,34.81314063240425,35.00744789250838,34.81314063240425,34.894100189208984,15000,0.0,0.0,0.0
2021-07-06 00:00:00-04:00,35.09649839712988,35.09649839712988,34.61882965114437,34.85847473144531,21700,0.0,0.0,0.0
2021-07-07 00:00:00-04:00,34.93457973472347,35.015539283831224,34.7192218984973,34.975059509277344,123600,0.0,0.0,0.0
2021-07-08 00:00:00-04:00,34.64312561697374,34.71599045747244,34.38809713102364,34.5208740234375,19500,0.0,0.0,0.0
2021-07-09 00:00:00-04:00,34.715998369722286,35.01555252075195,34.715998369722286,35.01555252075195,29800,0.0,0.0,0.0
2021-07-12 00:00:00-04:00,34.92648598521429,35.16127302868132,34.92648598521429,35.136985778808594,18400,0.0,0.0,0.0
2021-07-13 00:00:00-04:00,35.080316430488296,35.080316430488296,34.86172189795961,34.87791442871094,11000,0.0,0.0,0.0
2021-07-14 00:00:00-04:00,35.09650414217165,35.09650414217165,34.83742983974471,34.84552764892578,24000,0.0,0.0,0.0
2021-07-15 00:00:00-04:00,34.72408600779393,34.76456578939154,34.55406907203836,34.65446090698242,16700,0.0,0.0,0.0
2021-07-16 00:00:00-04:00,34.724082297088316,34.73218010558811,34.33547087614244,34.38404846191406,10900,0.0,0.0,0.0
2021-07-19 00:00:00-04:00,34.19783903770594,34.19783903770594,33.72178857974712,33.90637969970703,33300,0.0,0.0,0.0
2021-07-20 00:00:00-04:00,34.068305515198546,34.51358928957986,34.060207705833605,34.45529556274414,143600,0.0,0.0,0.0
2021-07-21 00:00:00-04:00,34.683595647107516,34.728933482813524,34.619637796996095,34.714359283447266,35100,0.0,0.0,0.0
2021-07-22 00:00:00-04:00,34.77266414902082,34.77266414902082,34.59859830582815,34.7435188293457,12500,0.0,0.0,0.0
2021-07-23 00:00:00-04:00,34.93457977050809,35.00906292637257,34.74351226954559,35.0009651184082,20700,0.0,0.0,0.0
2021-07-26 00:00:00-04:00,34.96697469290317,34.96697469290317,34.851202556433435,34.95321273803711,11900,0.0,0.0,0.0
2021-07-27 00:00:00-04:00,34.77266735965304,34.915157318115234,34.752425922460304,34.915157318115234,17500,0.0,0.0,0.0
2021-07-28 00:00:00-04:00,34.94267614286075,35.11269305724832,34.88276409704413,35.0252571105957,17700,0.0,0.0,0.0
2021-07-29 00:00:00-04:00,35.13698229746063,35.396056565131495,35.13698229746063,35.30699920654297,22500,0.0,0.0,0.0
2021-07-30 00:00:00-04:00,35.18555442737937,35.356383576515924,35.18555442737937,35.29485321044922,16200,0.0,0.0,0.0
2021-08-02 00:00:00-04:00,35.52559448396605,35.52559448396605,35.19932260858041,35.21551513671875,16700,0.0,0.0,0.0
2021-08-03 00:00:00-04:00,35.25842165792632,35.54988098144531,35.21794188263955,35.54988098144531,19300,0.0,0.0,0.0
2021-08-04 00:00:00-04:00,35.46082890240742,35.5587932469004,35.40982382203852,35.42034912109375,18900,0.0,0.0,0.0
2021-08-05 00:00:00-04:00,35.776570827664386,35.776570827664386,35.492400144084684,35.64703369140625,36300,0.0,0.0,0.0
2021-08-06 00:00:00-04:00,35.90610408350251,35.90610408350251,35.59035754102201,35.621124267578125,30800,0.0,0.0,0.0
2021-08-09 00:00:00-04:00,35.73609438988602,35.73609438988602,35.49321262276475,35.52235794067383,19600,0.0,0.0,0.0
2021-08-10 00:00:00-04:00,35.792761201177235,35.792761201177235,35.54987947136478,35.55392837524414,28900,0.0,0.0,0.0
2021-08-11 00:00:00-04:00,35.70370248463942,35.80085764358617,35.674557172318856,35.791141510009766,10800,0.0,0.0,0.0
2021-08-12 00:00:00-04:00,35.88992952425504,35.88992952425504,35.727198118811295,35.864830017089844,26600,0.0,0.0,0.0
2021-08-13 00:00:00-04:00,36.03564300117073,36.03564300117073,35.889916433726455,35.94010925292969,14000,0.0,0.0,0.0
2021-08-16 00:00:00-04:00,35.9223056839691,36.00326833608781,35.77576683530503,35.98707580566406,32300,0.0,0.0,0.0
2021-08-17 00:00:00-04:00,35.78466929969728,35.804907643870216,35.52721334869099,35.726375579833984,11200,0.0,0.0,0.0
2021-08-18 00:00:00-04:00,35.69642069113561,35.898013497846726,35.44868087768555,35.44868087768555,20900,0.0,0.0,0.0
2021-08-19 00:00:00-04:00,35.13698637596173,35.74419234037299,35.13698637596173,35.59441375732422,35300,0.0,0.0,0.0
2021-08-20 00:00:00-04:00,35.84944408493341,36.05994391107874,35.79924816260089,36.04132080078125,16900,0.0,0.0,0.0
2021-08-23 00:00:00-04:00,36.27853362842466,36.44045274893402,36.24209966442358,36.35139846801758,23000,0.0,0.0,0.0
2021-08-24 00:00:00-04:00,36.472846387742464,36.472846387742464,36.35140701879481,36.375694274902344,31400,0.0,0.0,0.0
2021-08-25 00:00:00-04:00,36.39186894761043,36.62260703261758,36.375676422015914,36.561885833740234,39000,0.0,0.0,0.0
2021-08-26 00:00:00-04:00,36.59427830010679,36.59427830010679,36.29472423692997,36.38216018676758,167800,0.0,0.0,0.0
2021-08-27 00:00:00-04:00,36.54570032943036,36.76429483434085,36.54570032943036,36.70762252807617,188200,0.0,0.0,0.0
2021-08-30 00:00:00-04:00,36.85335109936578,36.85335109936578,36.74405230596436,36.77238845825195,14900,0.0,0.0,0.0
2021-08-31 00:00:00-04:00,36.772394549368265,36.837164672988095,36.57809035532775,36.65095520019531,19500,0.0,0.0,0.0
2021-09-01 00:00:00-04:00,36.79667779620128,36.79667779620128,36.60237055121018,36.74000549316406,16200,0.0,0.0,0.0
2021-09-02 00:00:00-04:00,36.772384920149534,36.93430709838867,36.772384920149534,36.93430709838867,14100,0.0,0.0,0.0
2021-09-03 00:00:00-04:00,36.93431644604251,37.03956635179679,36.853356880637335,36.96670150756836,14600,0.0,0.0,0.0
2021-09-07 00:00:00-04:00,36.982893428385964,36.982893428385964,36.54975327495206,36.62666702270508,31500,0.0,0.0,0.0
2021-09-08 00:00:00-04:00,36.64285092395582,36.65904345200318,36.391874460244004,36.594276428222656,60900,0.0,0.0,0.0
2021-09-09 00:00:00-04:00,36.693048609408315,36.693048609408315,36.391876220703125,36.391876220703125,15900,0.0,0.0,0.0
2021-09-10 00:00:00-04:00,36.55298851487468,36.61856779758625,36.278533935546875,36.278533935546875,14100,0.0,0.0,0.0
2021-09-13 00:00:00-04:00,36.46474173365967,36.46474173365967,36.05588886621455,36.254241943359375,15600,0.0,0.0,0.0
2021-09-14 00:00:00-04:00,36.45664085212003,36.45664085212003,35.99516462020019,36.01945495605469,31000,0.0,0.0,0.0
2021-09-15 00:00:00-04:00,36.13280052318505,36.36677529787696,36.019455914211946,36.286624908447266,26700,0.0,0.0,0.0
2021-09-16 00:00:00-04:00,36.327113433683344,36.327113433683344,36.01298510549875,36.221866607666016,38600,0.0,0.0,0.0
2021-09-17 00:00:00-04:00,36.18947488539897,36.18947488539897,35.752285864436544,35.76847839355469,20200,0.0,0.0,0.0
2021-09-20 00:00:00-04:00,35.5336967318502,35.5336967318502,34.776715183567774,35.161277770996094,63100,0.0,0.0,0.0
2021-09-21 00:00:00-04:00,35.36367508090581,35.46892497790393,35.10864969152759,35.14508056640625,123900,0.0,0.0,0.0
2021-09-22 00:00:00-04:00,35.40416154481644,35.77577136310569,35.36773066305935,35.606563568115234,20900,0.0,0.0,0.0
2021-09-23 00:00:00-04:00,35.77657599856481,36.119849613683726,35.77657599856481,35.98707580566406,17300,0.0,0.0,0.0
2021-09-24 00:00:00-04:00,35.812598668643346,35.96678730225384,35.54073544429657,35.9018669128418,20700,0.105,0.0,0.0
2021-09-27 00:00:00-04:00,35.845051862503304,35.86128273131771,35.544788528741044,35.65028762817383,21900,0.0,0.0,0.0
2021-09-28 00:00:00-04:00,35.39871848335127,35.39871848335127,34.765729994543555,34.814422607421875,22100,0.0,0.0,0.0
2021-09-29 00:00:00-04:00,34.863114613256705,34.9588745917477,34.78196334838867,34.78196334838867,19200,0.0,0.0,0.0
2021-09-30 00:00:00-04:00,34.85499744628928,34.932090211945194,34.48575210571289,34.48575210571289,184700,0.0,0.0,0.0
2021-10-01 00:00:00-04:00,34.660235834182984,34.817671899693174,34.22607003507162,34.74950408935547,48400,0.0,0.0,0.0
2021-10-04 00:00:00-04:00,34.6845714636532,34.6845714636532,34.02723525835951,34.197654724121094,30600,0.0,0.0,0.0
2021-10-05 00:00:00-04:00,34.32750729117746,34.76573153938895,34.32750729117746,34.5466194152832,52500,0.0,0.0,0.0
2021-10-06 00:00:00-04:00,34.18955275468434,34.644004821777344,34.116515373084034,34.644004821777344,19800,0.0,0.0,0.0
2021-10-07 00:00:00-04:00,34.99376282874566,35.28510120002382,34.99295174965444,35.03352737426758,17300,0.0,0.0,0.0
2021-10-08 00:00:00-04:00,35.090343056233394,35.090343056233394,34.75112309817981,34.76573181152344,101900,0.0,0.0,0.0
2021-10-11 00:00:00-04:00,34.806302978223464,34.94263856905248,34.54255676269531,34.54255676269531,17500,0.0,0.0,0.0
2021-10-12 00:00:00-04:00,34.570965504999926,34.78196374924424,34.532012030612094,34.57908248901367,16100,0.0,0.0,0.0
2021-10-13 00:00:00-04:00,34.700806637543344,34.928035736083984,34.648058628523934,34.928035736083984,94600,0.0,0.0,0.0
2021-10-14 00:00:00-04:00,35.22018734684772,35.62594985961914,35.22018734684772,35.62594985961914,17900,0.0,0.0,0.0
2021-10-15 00:00:00-04:00,35.88562910431455,35.89374299052671,35.78824389543931,35.81096649169922,6000,0.0,0.0,0.0
2021-10-18 00:00:00-04:00,35.69898759426247,35.96678924560547,35.69898759426247,35.96678924560547,10600,0.0,0.0,0.0
2021-10-19 00:00:00-04:00,36.41312331217388,36.41312331217388,36.13314931203312,36.27516555786133,19600,0.0,0.0,0.0
2021-10-20 00:00:00-04:00,36.5835423442974,36.5835423442974,36.36686349683482,36.50238800048828,32200,0.0,0.0,0.0
2021-10-21 00:00:00-04:00,36.46182402111165,36.7296257019043,36.37823641336797,36.7296257019043,15800,0.0,0.0,0.0
2021-10-22 00:00:00-04:00,36.745856575849714,36.94873785658337,36.721511812792926,36.7296257019043,59700,0.0,0.0,0.0
2021-10-25 00:00:00-04:00,36.7929139361412,36.99822838177391,36.7929139361412,36.88380432128906,21900,0.0,0.0,0.0
2021-10-26 00:00:00-04:00,37.070455809292255,37.070455809292255,36.81888198852539,36.81888198852539,14400,0.0,0.0,0.0
2021-10-27 00:00:00-04:00,36.82700393471824,36.82700393471824,36.210243225097656,36.210243225097656,20200,0.0,0.0,0.0
2021-10-28 00:00:00-04:00,36.28328868235086,36.66470649315442,36.28328868235086,36.65658950805664,18600,0.0,0.0,0.0
2021-10-29 00:00:00-04:00,36.5105079184077,36.82700214540722,36.5105079184077,36.79454040527344,30800,0.0,0.0,0.0
2021-11-01 00:00:00-04:00,36.835118159860464,36.95684814453125,36.74584991719817,36.95684814453125,18300,0.0,0.0,0.0
2021-11-02 00:00:00-04:00,37.086686517199844,37.11914825439453,36.90246940912772,37.11914825439453,37000,0.0,0.0,0.0
2021-11-03 00:00:00-04:00,37.12726989240276,37.23276901245117,36.86352364014287,37.23276901245117,24900,0.0,0.0,0.0
2021-11-04 00:00:00-04:00,37.370718100917635,37.459986328246266,37.249802311930644,37.419410705566406,17900,0.0,0.0,0.0
2021-11-05 00:00:00-04:00,37.63040447996895,37.66286621526194,37.29849051154359,37.37883377075195,16100,0.0,0.0,0.0
2021-11-08 00:00:00-05:00,37.57360330194187,37.614178928932574,37.305801687225724,37.5249137878418,26900,0.0,0.0,0.0
2021-11-09 00:00:00-05:00,37.6466421430952,37.6466421430952,37.37884051789166,37.472164154052734,19300,0.0,0.0,0.0
2021-11-10 00:00:00-05:00,37.30579488445677,37.500559096785345,36.94872200231882,37.033931732177734,27200,0.0,0.0,0.0
2021-11-11 00:00:00-05:00,37.187321840988204,37.216536170728034,37.07614207641512,37.175960540771484,19600,0.0,0.0,0.0
2021-11-12 00:00:00-05:00,37.330144425813714,37.48433303833008,37.22708165777117,37.48433303833008,14300,0.0,0.0,0.0
2021-11-15 00:00:00-05:00,37.630407764175786,37.630407764175786,37.39506790206591,37.48433303833008,21100,0.0,0.0,0.0
2021-11-16 00:00:00-05:00,37.50868631469496,37.80894969648435,37.50868631469496,37.73591232299805,38000,0.0,0.0,0.0
2021-11-17 00:00:00-05:00,37.75214425523759,37.75214425523759,37.45999475308302,37.54926300048828,17600,0.0,0.0,0.0
2021-11-18 00:00:00-05:00,37.8738632836125,37.8738632836125,37.32608462871671,37.443756103515625,23400,0.0,0.0,0.0
2021-11-19 00:00:00-05:00,37.40318284566638,37.4924510801748,37.27739747652551,37.28956985473633,15900,0.0,0.0,0.0
2021-11-22 00:00:00-05:00,37.41130655879589,37.43565441733441,36.88381709154173,36.91627883911133,33900,0.0,0.0,0.0
2021-11-23 00:00:00-05:00,36.78643021103049,36.92438797686551,36.51862547162523,36.826194763183594,16400,0.0,0.0,0.0
2021-11-24 00:00:00-05:00,36.79453707389094,37.11914825439453,36.63142040456753,37.11914825439453,48800,0.0,0.0,0.0
2021-11-26 00:00:00-05:00,36.48615063021468,36.68091792492906,36.25892469948217,36.27596664428711,8900,0.0,0.0,0.0
2021-11-29 00:00:00-05:00,36.705270360258005,37.046112423434444,36.46181351268727,36.843231201171875,38900,0.0,0.0,0.0
2021-11-30 00:00:00-05:00,36.616001395958,36.748281584772776,35.81259350544575,35.87751388549805,21700,0.0,0.0,0.0
2021-12-01 00:00:00-05:00,36.624112270000786,36.624112270000786,35.28509521484375,35.28509521484375,21400,0.0,0.0,0.0
2021-12-02 00:00:00-05:00,35.39872175678717,36.106372936591555,35.39872175678717,35.9830207824707,27900,0.0,0.0,0.0
2021-12-03 00:00:00-05:00,36.04793158796241,36.14531679682045,35.10656290571892,35.45064926147461,31900,0.0,0.0,0.0
2021-12-06 00:00:00-05:00,35.56913538725916,35.97570888819114,35.45551930872881,35.82882308959961,29300,0.0,0.0,0.0
2021-12-07 00:00:00-05:00,36.340087493491275,36.85134909600131,36.340087493491275,36.74179458618164,26300,0.0,0.0,0.0
2021-12-08 00:00:00-05:00,36.92438719226683,37.11103756922459,36.713392056143064,37.086692810058594,23000,0.0,0.0,0.0
2021-12-09 00:00:00-05:00,36.97307660948372,36.97307660948372,36.56731414794922,36.56731414794922,47400,0.0,0.0,0.0
2021-12-10 00:00:00-05:00,36.98931658930824,36.98931658930824,36.52512226249289,36.7296257019043,21100,0.0,0.0,0.0
2021-12-13 00:00:00-05:00,36.63223896550445,36.75396895698616,36.52268444974873,36.59977722167969,21900,0.0,0.0,0.0
2021-12-14 00:00:00-05:00,36.282942930869524,36.550149127808616,35.78670025054592,36.04436492919922,49300,6.748,0.0,0.0
2021-12-15 00:00:00-05:00,36.139783199734225,36.74100059237893,35.74851554683439,36.54059600830078,526000,0.0,0.0,0.0
2021-12-16 00:00:00-05:00,37.046387431525886,37.046387431525886,36.197050428384856,36.37836837768555,106500,0.0,0.0,0.0
2021-12-17 00:00:00-05:00,36.216141854406324,36.531062927708234,35.996650526853735,36.24477005004883,22100,0.0,0.0,0.0
2021-12-20 00:00:00-05:00,36.387921241209995,36.387921241209995,35.31718149679849,35.59584045410156,169300,0.0,0.0,0.0
2021-12-21 00:00:00-05:00,35.88213187063661,36.559696197509766,35.88213187063661,36.559696197509766,99000,0.0,0.0,0.0
2021-12-22 00:00:00-05:00,36.5596905151915,37.03875404468919,36.5596905151915,36.950958251953125,220600,0.0,0.0,0.0
2021-12-23 00:00:00-05:00,37.05593443308202,37.27446831462796,37.02730259935957,37.2658805847168,104300,0.0,0.0,0.0
2021-12-27 00:00:00-05:00,37.17045102039372,37.63997305111278,37.15709071139788,37.55217361450195,166200,0.0,0.0,0.0
2021-12-28 00:00:00-05:00,37.81938407598262,37.85564621226702,37.504459381103516,37.504459381103516,110000,0.0,0.0,0.0
2021-12-29 00:00:00-05:00,37.647608113359645,37.85755427222119,37.56171989005815,37.704864501953125,67000,0.0,0.0,0.0
2021-12-30 00:00:00-05:00,37.962532222143764,37.99116405915235,37.59035110473633,37.59035110473633,41600,0.0,0.0,0.0
2021-12-31 00:00:00-05:00,37.60943766903482,37.87664387756423,37.58080947252425,37.591304779052734,37000,0.0,0.0,0.0
2022-01-03 00:00:00-05:00,37.91480993655669,37.91480993655669,37.20862119551599,37.380393981933594,285600,0.0,0.0,0.0
2022-01-04 00:00:00-05:00,37.62852191888623,37.65524253801504,37.10365105439408,37.49491882324219,46700,0.0,0.0,0.0
2022-01-05 00:00:00-05:00,37.485370077345934,37.485370077345934,36.419403137098584,36.42036056518555,48200,0.0,0.0,0.0
2022-01-06 00:00:00-05:00,36.483343268484724,36.62267271763013,36.14551677066003,36.37836837768555,43200,0.0,0.0,0.0
2022-01-07 00:00:00-05:00,36.378367350275006,36.378367350275006,35.85349655151367,35.85349655151367,63400,0.0,0.0,0.0
2022-01-10 00:00:00-05:00,35.50040658167869,35.681724548339844,34.98603102367772,35.681724548339844,52600,0.0,0.0,0.0
2022-01-11 00:00:00-05:00,35.76761275813833,36.14933900827284,35.45459927165836,36.13597869873047,35300,0.0,0.0,0.0
2022-01-12 00:00:00-05:00,36.38791654759131,36.44517293610461,36.081579579317804,36.139793395996094,22400,0.0,0.0,0.0
2022-01-13 00:00:00-05:00,36.25431910959423,36.38792222418266,35.54812653766873,35.586299896240234,65100,0.0,0.0,0.0
2022-01-14 00:00:00-05:00,35.586299896240234,35.61970067488734,35.118685354768886,35.586299896240234,26700,0.0,0.0,0.0
2022-01-18 00:00:00-05:00,35.4145233133656,35.4145233133656,34.7646369934082,34.7646369934082,42700,0.0,0.0,0.0
2022-01-19 00:00:00-05:00,34.88009828938521,35.12822141541727,34.43157418379185,34.48883056640625,67300,0.0,0.0,0.0
2022-01-20 00:00:00-05:00,34.65107187050047,35.061426343522974,33.94487935122105,33.966827392578125,34800,0.0,0.0,0.0
2022-01-21 00:00:00-05:00,33.73493455833493,33.93534288553031,33.38661264660383,33.420013427734375,28000,0.0,0.0,0.0
2022-01-24 00:00:00-05:00,32.83787229052304,33.730155226406374,32.10782427044167,33.696754455566406,80600,0.0,0.0,0.0
2022-01-25 00:00:00-05:00,33.24823053986582,33.44290882091117,32.66419205631838,32.995338439941406,54500,0.0,0.0,0.0
2022-01-26 00:00:00-05:00,33.486808132072056,33.734927649597935,32.473328528793566,32.75198745727539,85700,0.0,0.0,0.0
2022-01-27 00:00:00-05:00,33.0382756186305,33.33124860284184,32.206117743336826,32.38934326171875,40500,0.0,0.0,0.0
2022-01-28 00:00:00-05:00,32.26528840189571,33.181427001953125,32.14599940791705,33.181427001953125,45600,0.0,0.0,0.0
2022-01-31 00:00:00-05:00,33.33411728416452,34.16436767578125,33.33411728416452,34.16436767578125,54600,0.0,0.0,0.0
2022-02-01 00:00:00-05:00,34.35523462450146,34.44112285667918,33.91243315283881,34.41249465942383,94800,0.0,0.0,0.0
2022-02-02 00:00:00-05:00,34.918278384460514,34.918278384460514,34.44112235496005,34.74650192260742,81700,0.0,0.0,0.0
2022-02-03 00:00:00-05:00,34.259787897490284,34.40293245324992,33.93532180786133,33.93532180786133,54200,0.0,0.0,0.0
2022-02-04 00:00:00-05:00,33.77310053839338,34.24071501243265,33.54883663964043,33.992591857910156,33000,0.0,0.0,0.0
2022-02-07 00:00:00-05:00,33.973500888790326,34.231165528817655,33.85898448447069,33.91624450683594,37500,0.0,0.0,0.0
2022-02-08 00:00:00-05:00,33.81127908703248,34.26934847298813,33.68530991488438,34.1834602355957,64400,0.0,0.0,0.0
2022-02-09 00:00:00-05:00,34.679698465429816,35.13776779174805,34.679698465429816,35.13776779174805,45200,0.0,0.0,0.0
2022-02-10 00:00:00-05:00,34.651074757634575,35.28950834955122,34.23117509048874,34.431583404541016,69500,0.0,0.0,0.0
2022-02-11 00:00:00-05:00,34.431581328040814,34.565184435743745,33.55361232820326,33.7530632019043,39600,0.0,0.0,0.0
2022-02-14 00:00:00-05:00,33.63949887411935,33.70630042462227,33.245369726152106,33.40092086791992,64500,0.0,0.0,0.0
2022-02-15 00:00:00-05:00,33.801735987725245,34.078487396240234,33.75879368661711,34.078487396240234,22200,0.0,0.0,0.0
2022-02-16 00:00:00-05:00,34.00213972307006,34.231172578879665,33.76833064723275,34.08802795410156,37800,0.0,0.0,0.0
2022-02-17 00:00:00-05:00,33.87808594239305,33.87808594239305,33.274960610513745,33.30550003051758,65000,0.0,0.0,0.0
2022-02-18 00:00:00-05:00,33.138490323703486,33.420014321111246,32.84742480589427,33.000118255615234,44800,0.0,0.0,0.0
2022-02-22 00:00:00-05:00,32.876050468574874,33.1337151559303,32.5429964989402,32.69472885131836,36800,0.0,0.0,0.0
2022-02-23 00:00:00-05:00,32.92375999372951,32.92375999372951,32.01525540063552,32.093509674072266,33700,0.0,0.0,0.0
2022-02-24 00:00:00-05:00,31.29188341353058,32.92375564575195,30.642951126961187,32.92375564575195,56500,0.0,0.0,0.0
2022-02-25 00:00:00-05:00,33.066911232299724,33.66812515258789,32.76725441949561,33.66812515258789,34800,0.0,0.0,0.0
2022-02-28 00:00:00-05:00,33.39137473198591,33.58223419822362,32.96193365212915,33.286399841308594,132900,0.0,0.0,0.0
2022-03-01 00:00:00-05:00,33.36273818066347,33.36751075876764,32.8206883450005,32.92375564575195,30900,0.0,0.0,0.0
2022-03-02 00:00:00-05:00,33.1718824911039,33.763558533879774,33.15279945525678,33.66812515258789,57100,0.0,0.0,0.0
2022-03-03 00:00:00-05:00,33.81127532981586,33.81127532981586,33.17093059238188,33.40092086791992,16700,0.0,0.0,0.0
2022-03-04 00:00:00-05:00,33.21960321100889,33.21960321100889,32.74244719405312,33.19097137451172,67400,0.0,0.0,0.0
2022-03-07 00:00:00-05:00,33.15280394525965,33.15280394525965,32.25574824168082,32.261474609375,35900,0.0,0.0,0.0
2022-03-08 00:00:00-05:00,32.2462074007693,32.5802151865245,31.869253676610235,32.04866409301758,48300,0.0,0.0,0.0
2022-03-09 00:00:00-05:00,32.82833241503206,32.98102218085221,32.666097491116865,32.77107238769531,49400,0.0,0.0,0.0
2022-03-10 00:00:00-05:00,32.34162984867325,32.58020782470703,32.188940089628076,32.58020782470703,28600,0.0,0.0,0.0
2022-03-11 00:00:00-05:00,32.86650175732659,32.86650175732659,32.05247670493794,32.074424743652344,49500,0.0,0.0,0.0
2022-03-14 00:00:00-04:00,32.07442939275834,32.236660697956694,31.48657207755471,31.530471801757812,45200,0.0,0.0,0.0
2022-03-15 00:00:00-04:00,31.740414488266232,32.227115631103516,31.71751266103697,32.227115631103516,43500,0.0,0.0,0.0
2022-03-16 00:00:00-04:00,32.58975011750253,33.06499481201172,32.236652122916496,33.06499481201172,45300,0.0,0.0,0.0
2022-03-17 00:00:00-04:00,32.98101647426666,33.65857696533203,32.98101647426666,33.65857696533203,28300,0.0,0.0,0.0
2022-03-18 00:00:00-04:00,33.56315323508675,34.22163088305975,33.56315323508675,34.21208572387695,67900,0.0,0.0,0.0
2022-03-21 00:00:00-04:00,34.11664897275876,34.24071053379292,33.80268173981792,34.04030227661133,17600,0.0,0.0,0.0
2022-03-22 00:00:00-04:00,34.1929954131147,34.471654299228724,34.0880205269027,34.37431335449219,33500,0.0,0.0,0.0
2022-03-23 00:00:00-04:00,34.28843294173187,34.2979744606439,33.87807846069336,33.87807846069336,27800,0.0,0.0,0.0
2022-03-24 00:00:00-04:00,34.13574265046162,34.33614730834961,33.91625131462075,34.33614730834961,30000,0.0,0.0,0.0
2022-03-25 00:00:00-04:00,34.29790832556939,34.393497467041016,34.04650458063845,34.393497467041016,24400,0.06,0.0,0.0
2022-03-28 00:00:00-04:00,34.278789028005924,34.59423610524639,34.154520229581784,34.584678649902344,31100,0.0,0.0,0.0
2022-03-29 00:00:00-04:00,35.13910522428435,35.46411343112804,34.913511335375105,35.35896682739258,22700,0.0,0.0,0.0
2022-03-30 00:00:00-04:00,35.263366167265865,35.27292726778594,34.86379822272444,35.03395080566406,27300,0.0,0.0,0.0
2022-03-31 00:00:00-04:00,35.05211783075045,35.11042888762329,34.49864959716797,34.49864959716797,316900,0.0,0.0,0.0
2022-04-01 00:00:00-04:00,34.756744045563465,34.756744045563465,34.4126172892324,34.707035064697266,61600,0.0,0.0,0.0
2022-04-04 00:00:00-04:00,34.85232877171781,34.85232877171781,34.627690298344525,34.78541564941406,103500,0.0,0.0,0.0
2022-04-05 00:00:00-04:00,34.708959859798675,34.77587301061004,34.09717675074824,34.18320846557617,33600,0.0,0.0,0.0
2022-04-06 00:00:00-04:00,33.839081272342675,34.044601253229374,33.619219635260606,33.9059944152832,33300,0.0,0.0,0.0
2022-04-07 00:00:00-04:00,33.839071516157624,34.18319458928314,33.78076046655181,34.058929443359375,30900,0.0,0.0,0.0
2022-04-08 00:00:00-04:00,34.058933552087254,34.18797926426539,33.88687017152161,33.963340759277344,36400,0.0,0.0,0.0
2022-04-11 00:00:00-04:00,33.80083228348646,33.80083228348646,33.40891102105937,33.4184684753418,35800,0.0,0.0,0.0
2022-04-12 00:00:00-04:00,33.88687825782105,33.99202853175747,33.294217386943934,33.33245086669922,39200,0.0,0.0,0.0
2022-04-13 00:00:00-04:00,33.50450867060383,33.944224609253205,33.50450867060383,33.762603759765625,46600,0.0,0.0,0.0
2022-04-14 00:00:00-04:00,33.80084410031656,33.99202607122642,33.37068557739258,33.37068557739258,62600,0.0,0.0,0.0
2022-04-18 00:00:00-04:00,33.351563436941284,33.494950811361036,33.201488395447484,33.3228874206543,38800,0.0,0.0,0.0
2022-04-19 00:00:00-04:00,33.475828096096826,34.196579109781496,33.475828096096826,34.16408157348633,44500,0.0,0.0,0.0
2022-04-20 00:00:00-04:00,34.355263692933804,34.50534237906138,34.173642847878135,34.32658767700195,37100,0.0,0.0,0.0
2022-04-21 00:00:00-04:00,34.508200075192,34.642029958597476,33.50449965184548,33.56185531616211,26400,0.0,0.0,0.0
2022-04-22 00:00:00-04:00,33.22729288791177,33.22729288791177,32.252271920121366,32.2618293762207,119200,0.0,0.0,0.0
2022-04-25 00:00:00-04:00,31.975057542443096,32.45301055908203,31.697843917634405,32.45301055908203,163800,0.0,0.0,0.0
2022-04-26 00:00:00-04:00,31.951161201470484,31.970279761371653,31.497107254918166,31.516225814819336,23500,0.0,0.0,0.0
2022-04-27 00:00:00-04:00,31.621377077443366,31.911014335257875,31.449313679349025,31.52100372314453,57500,0.0,0.0,0.0
2022-04-28 00:00:00-04:00,31.88902706411544,32.51705513475211,31.50188627281928,32.32874298095703,34200,0.0,0.0,0.0
2022-04-29 00:00:00-04:00,32.14712549927364,32.14712549927364,31.191219329833984,31.191219329833984,38400,0.0,0.0,0.0
2022-05-02 00:00:00-04:00,31.0478279443779,31.32026102169733,30.46950522398024,31.133859634399414,68100,0.0,0.0,0.0
2022-05-03 00:00:00-04:00,31.18166030631087,31.546816458225365,31.152028905054046,31.41107940673828,34900,0.0,0.0,0.0
2022-05-04 00:00:00-04:00,31.430192128873724,32.2618293762207,31.047828248040148,32.2618293762207,32300,0.0,0.0,0.0
2022-05-05 00:00:00-04:00,31.936816752547795,31.936816752547795,30.751491803164015,31.02775001525879,86000,0.0,0.0,0.0
2022-05-06 00:00:00-04:00,30.8184136922891,30.8260603866793,30.14927870550048,30.579435348510742,46400,0.0,0.0,0.0
2022-05-09 00:00:00-04:00,30.063247271908445,30.063247271908445,29.097781901829997,29.14557647705078,65500,0.0,0.0,0.0
2022-05-10 00:00:00-04:00,29.728679029233234,29.919859148562626,28.715419109373695,29.23160743713379,119600,0.0,0.0,0.0
2022-05-11 00:00:00-04:00,29.14557814874648,29.604412660869485,28.638947235415078,28.658065795898438,53800,0.0,0.0,0.0
2022-05-12 00:00:00-04:00,28.524235677389104,28.997408134525045,28.333053744796256,28.868362426757812,39500,0.0,0.0,0.0
2022-05-13 00:00:00-04:00,29.25072635608154,29.958096635124022,29.25072635608154,29.881624221801758,57400,0.0,0.0,0.0
2022-05-16 00:00:00-04:00,29.77647594755807,29.805153788176042,29.42279169616774,29.50882339477539,37800,0.0,0.0,0.0
2022-05-17 00:00:00-04:00,30.053684484954506,30.168392181396484,29.63308534376001,30.168392181396484,39200,0.0,0.0,0.0
2022-05-18 00:00:00-04:00,29.843389240419576,29.843389240419576,28.874100466113127,28.92572021484375,31700,0.0,0.0,0.0
2022-05-19 00:00:00-04:00,28.77277365513662,29.508821781542125,28.77277365513662,29.2507266998291,34100,0.0,0.0,0.0
2022-05-20 00:00:00-04:00,29.527936838140015,29.633087085430287,28.663798424270084,29.365432739257812,39900,0.0,0.0,0.0
2022-05-23 00:00:00-04:00,29.7191212301472,29.791770299014843,29.336759149196087,29.700002670288086,34900,0.0,0.0,0.0
2022-05-24 00:00:00-04:00,29.50882272591665,29.50882272591665,28.906600849313286,29.384553909301758,35800,0.0,0.0,0.0
2022-05-25 00:00:00-04:00,29.2316098112554,29.926552892418616,29.2316098112554,29.833829879760742,36300,0.0,0.0,0.0
2022-05-26 00:00:00-04:00,29.967661933647594,30.52113211622581,29.967661933647594,30.426496505737305,40300,0.0,0.0,0.0
2022-05-27 00:00:00-04:00,30.588992741831373,31.344159375303438,30.588992741831373,31.325040817260742,29900,0.0,0.0,0.0
2022-05-31 00:00:00-04:00,31.258126064070755,31.258126064070755,30.827967646679177,30.961793899536133,250500,0.0,0.0,0.0
2022-06-01 00:00:00-04:00,31.09562502826723,31.09562502826723,30.330900858822535,30.617671966552734,55100,0.0,0.0,0.0
2022-06-02 00:00:00-04:00,30.684584932944865,31.468427658081055,30.684584932944865,31.468427658081055,51300,0.0,0.0,0.0
2022-06-03 00:00:00-04:00,31.076503240550498,31.162534928583376,30.904443510976833,30.952238082885742,35000,0.0,0.0,0.0
2022-06-06 00:00:00-04:00,31.325041095796266,31.341289864706386,30.97135688509174,31.066946029663086,43700,0.0,0.0,0.0
2022-06-07 00:00:00-04:00,30.80885135714896,31.458867758716767,30.80885135714896,31.449310302734375,44700,0.0,0.0,0.0
2022-06-08 00:00:00-04:00,31.286808807521066,31.372840509508453,30.885329962575042,30.933124542236328,18000,0.0,0.0,0.0
2022-06-09 00:00:00-04:00,30.761053825603433,30.87576151882022,30.19706916809082,30.19706916809082,28900,0.0,0.0,0.0
2022-06-10 00:00:00-04:00,29.575731542138207,29.633085390449562,29.317636489868164,29.317636489868164,39600,0.0,0.0,0.0
2022-06-13 00:00:00-04:00,28.50512016227526,28.538576730563445,27.82642769329072,27.94113540649414,85600,0.0,0.0,0.0
2022-06-14 00:00:00-04:00,28.084519796607342,28.151434753658908,27.648627222641984,27.871353149414062,42600,0.0,0.0,0.0
2022-06-15 00:00:00-04:00,28.15143333819369,28.685784824031696,27.887602340173707,28.294818878173828,51400,0.0,0.0,0.0
2022-06-16 00:00:00-04:00,27.625685169752803,27.625685169752803,26.9938319258894,27.157291412353516,33800,0.0,0.0,0.0
2022-06-17 00:00:00-04:00,27.233765234588887,27.472741765418814,27.015818025861257,27.19552993774414,44600,0.0,0.0,0.0
2022-06-21 00:00:00-04:00,27.7212750990344,27.934441737078476,27.702156540697388,27.76906967163086,40200,0.0,0.0,0.0
2022-06-22 00:00:00-04:00,27.377146809259635,28.015693129946282,27.377146809259635,27.778627395629883,22100,0.0,0.0,0.0
2022-06-23 00:00:00-04:00,27.8933398822797,28.113197844489136,27.735614502925433,28.091211318969727,40600,0.0,0.0,0.0
2022-06-24 00:00:00-04:00,28.495692240492748,29.013273812486744,28.447768833379584,28.974933624267578,155000,0.079,0.0,0.0
2022-06-27 00:00:00-04:00,29.137874521377153,29.147459568021905,28.83691173500703,28.994102478027344,32000,0.0,0.0,0.0
2022-06-28 00:00:00-04:00,29.358324721284415,29.358324721284415,28.3902587890625,28.3902587890625,34300,0.0,0.0,0.0
2022-06-29 00:00:00-04:00,28.332750259646254,28.332750259646254,28.05766690305271,28.24648666381836,23100,0.0,0.0,0.0
2022-06-30 00:00:00-04:00,27.911017167040875,28.256069697605696,27.569796461253997,27.917726516723633,47800,0.0,0.0,0.0
2022-07-01 00:00:00-04:00,28.006867279895854,28.323166536665077,27.77683162298741,28.227319717407227,16500,0.0,0.0,0.0
2022-07-05 00:00:00-04:00,27.997280355704255,28.284826278686523,27.633057713719637,28.284826278686523,54400,0.0,0.0,0.0
2022-07-06 00:00:00-04:00,28.438178294280032,28.495686737341828,28.040407145048196,28.303991317749023,33200,0.0,0.0,0.0
2022-07-07 00:00:00-04:00,28.679717733455245,28.893458947682237,28.679717733455245,28.840742111206055,48300,0.0,0.0,0.0
2022-07-08 00:00:00-04:00,28.58962044367613,28.90592148214673,28.58962044367613,28.725725173950195,79500,0.0,0.0,0.0
2022-07-11 00:00:00-04:00,28.562782193996203,28.562782193996203,28.284823176575085,28.419010162353516,18000,0.0,0.0,0.0
2022-07-12 00:00:00-04:00,28.452557902461205,28.452557902461205,27.87267631862655,28.026033401489258,46200,0.0,0.0,0.0
2022-07-13 00:00:00-04:00,27.60430108348848,28.073959216201427,27.45094399743715,27.901432037353516,78400,0.0,0.0,0.0
2022-07-14 00:00:00-04:00,27.393436576028634,27.706860109565334,27.179695334985148,27.623472213745117,24200,0.0,0.0,0.0
2022-07-15 00:00:00-04:00,28.265656954872856,28.265656954872856,28.04328861359379,28.250322341918945,26500,0.0,0.0,0.0
2022-07-18 00:00:00-04:00,28.514859230650714,28.591537770581503,28.094086131264643,28.12188148498535,258100,0.0,0.0,0.0
2022-07-19 00:00:00-04:00,28.342336458606017,29.070783615112305,28.342336458606017,29.070783615112305,21300,0.0,0.0,0.0
2022-07-20 00:00:00-04:00,29.070781894924483,29.454174631409714,29.070781894924483,29.329572677612305,30300,0.0,0.0,0.0
2022-07-21 00:00:00-04:00,29.291230212818903,29.789641645584197,29.23851337287018,29.712963104248047,22200,0.0,0.0,0.0
2022-07-22 00:00:00-04:00,29.83756365861218,29.976544079610843,29.358322340542745,29.55960464477539,66100,0.0,0.0,0.0
2022-07-25 00:00:00-04:00,29.607530527994648,29.607530527994648,29.357366846116435,29.52126693725586,43700,0.0,0.0,0.0
2022-07-26 00:00:00-04:00,29.415836907918315,29.435005174036483,29.233724668589616,29.37749671936035,24300,0.0,0.0,0.0
2022-07-27 00:00:00-04:00,29.588365187283234,30.201793601463564,29.588365187283234,30.058021545410156,21200,0.0,0.0,0.0
2022-07-28 00:00:00-04:00,30.1346948546542,30.83438491821289,30.072392970877384,30.83438491821289,16000,0.0,0.0,0.0
2022-07-29 00:00:00-04:00,30.805633411841207,31.160270987288268,30.783589450499974,31.110431671142578,19700,0.0,0.0,0.0
2022-08-01 00:00:00-04:00,30.863146429070337,31.116185825979773,30.839182896900518,30.939823150634766,22000,0.0,0.0,0.0
2022-08-02 00:00:00-04:00,30.80563114338692,31.294459332229863,30.80563114338692,30.930234909057617,15000,0.0,0.0,0.0
2022-08-03 00:00:00-04:00,31.179438456418985,31.447816076298707,31.150685147843706,31.371135711669922,76300,0.0,0.0,0.0
2022-08-04 00:00:00-04:00,31.361558970939033,31.44782257080078,31.23408131192238,31.44782257080078,37100,0.0,0.0,0.0
2022-08-05 00:00:00-04:00,30.978159276517243,31.438230514526367,30.978159276517243,31.438230514526367,30300,0.0,0.0,0.0
2022-08-08 00:00:00-04:00,31.62993495999438,31.783292074153593,31.459323662259425,31.534088134765625,39700,0.0,0.0,0.0
2022-08-09 00:00:00-04:00,31.36155152617743,31.36155152617743,31.032789774645284,31.11809539794922,13900,0.0,0.0,0.0
2022-08-10 00:00:00-04:00,31.955815601913418,31.968276345895095,31.773705192437077,31.9366455078125,9200,0.0,0.0,0.0
2022-08-11 00:00:00-04:00,32.12834275998425,32.23377644927181,31.939523000579765,31.96539878845215,14800,0.0,0.0,0.0
2022-08-12 00:00:00-04:00,32.1858564542484,32.48489971592118,32.080422753783836,32.472442626953125,14500,0.0,0.0,0.0
2022-08-15 00:00:00-04:00,32.28169120893576,32.530895052597444,32.28169120893576,32.48201370239258,11400,0.0,0.0,0.0
2022-08-16 00:00:00-04:00,32.37754316483,32.550070336562264,32.22131221664732,32.39671325683594,19800,0.0,0.0,0.0
2022-08-17 00:00:00-04:00,32.21460961794975,32.21460961794975,31.855178544240978,32.00374221801758,17100,0.0,0.0,0.0
2022-08-18 00:00:00-04:00,32.003734633320576,32.16667858273921,31.974981324261265,32.118751525878906,31300,0.0,0.0,0.0
2022-08-19 00:00:00-04:00,31.936645933876083,31.936645933876083,31.52449804601188,31.610761642456055,33200,0.0,0.0,0.0
2022-08-22 00:00:00-04:00,31.198610154238015,31.198610154238015,30.843972590369376,30.882312774658203,42700,0.0,0.0,0.0
2022-08-23 00:00:00-04:00,30.978164073845747,31.169861366783064,30.886149080730092,30.901487350463867,23100,0.0,0.0,0.0
2022-08-24 00:00:00-04:00,30.911065500612597,31.13151607162587,30.891895408830425,31.093175888061523,36700,0.0,0.0,0.0
2022-08-25 00:00:00-04:00,31.256119042111976,31.629926681518555,31.208195642040554,31.629926681518555,171600,0.0,0.0,0.0
2022-08-26 00:00:00-04:00,31.62992970366755,31.62992970366755,30.45099639892578,30.45099639892578,34200,0.0,0.0,0.0
2022-08-29 00:00:00-04:00,30.23054623567925,30.44620338778562,30.182621002197266,30.182621002197266,26700,0.0,0.0,0.0
2022-08-30 00:00:00-04:00,30.33597526220043,30.33597526220043,29.741717047763196,29.847148895263672,34700,0.0,0.0,0.0
2022-08-31 00:00:00-04:00,29.971760886381055,29.971760886381055,29.550027896179557,29.63629150390625,221100,0.0,0.0,0.0
2022-09-01 00:00:00-04:00,29.26247819265603,29.413917541503906,28.950970576402607,29.413917541503906,129500,0.0,0.0,0.0
2022-09-02 00:00:00-04:00,29.536603851842077,29.914245185321843,29.18579991785344,29.281646728515625,10900,0.0,0.0,0.0
2022-09-06 00:00:00-04:00,29.41583242313816,29.435000686333904,29.12828653727553,29.27206039428711,17500,0.0,0.0,0.0
2022-09-07 00:00:00-04:00,29.224139944233585,29.9803824387323,29.224139944233585,29.923831939697266,17100,0.0,0.0,0.0
2022-09-08 00:00:00-04:00,29.69379478429857,30.33022689819336,29.69379478429857,30.33022689819336,21500,0.0,0.0,0.0
2022-09-09 00:00:00-04:00,30.59476595655682,30.968575429484755,30.59476595655682,30.90052032470703,46900,0.0,0.0,0.0
2022-09-12 00:00:00-04:00,31.006916804965943,31.131520591480196,30.93982330214789,31.08359718322754,30900,0.0,0.0,0.0
2022-09-13 00:00:00-04:00,30.26888829243236,30.26888829243236,29.827987059494994,29.89508056640625,64500,0.0,0.0,0.0
2022-09-14 00:00:00-04:00,29.875907836372914,29.943001337368223,29.530853456213283,29.789644241333008,283300,0.0,0.0,0.0
2022-09-15 00:00:00-04:00,29.617112244094244,29.933411431848395,29.272059748100936,29.31039810180664,31600,0.0,0.0,0.0
2022-09-16 00:00:00-04:00,28.99410633695152,29.032446528633347,28.706562211981673,29.02286148071289,31800,0.0,0.0,0.0
2022-09-19 00:00:00-04:00,28.706561574400386,29.14746279998306,28.706561574400386,29.11870765686035,19500,0.0,0.0,0.0
2022-09-20 00:00:00-04:00,28.83019955878362,28.83019955878362,28.43051247650081,28.60112190246582,34200,0.0,0.0,0.0
2022-09-21 00:00:00-04:00,28.821573497384456,28.955760485721402,28.1956844329834,28.1956844329834,45500,0.0,0.0,0.0
2022-09-22 00:00:00-04:00,28.093127856522585,28.093127856522585,27.60430145263672,27.60430145263672,13000,0.0,0.0,0.0
2022-09-23 00:00:00-04:00,27.26576682892377,27.26576682892377,26.88106502350039,27.15997314453125,31200,0.098,0.0,0.0
2022-09-26 00:00:00-04:00,27.140730906467752,27.27537788098259,26.650235537540915,26.775264739990234,43000,0.0,0.0,0.0
2022-09-27 00:00:00-04:00,27.025326724701923,27.153239633434577,26.489627903186243,26.621389389038086,26300,0.0,0.0,0.0
2022-09-28 00:00:00-04:00,26.832976435175805,27.431188069957905,26.832976435175805,27.294618606567383,24800,0.0,0.0,0.0
2022-09-29 00:00:00-04:00,27.063793862776905,27.063793862776905,26.66947433204468,26.938766479492188,54300,0.0,0.0,0.0
2022-09-30 00:00:00-04:00,26.842594723387506,27.28500318857279,26.645434927599215,26.679096221923828,36700,0.0,0.0,0.0
2022-10-03 00:00:00-04:00,27.179208648465732,27.688939686310746,26.941655306939595,27.554292678833008,32100,0.0,0.0,0.0
2022-10-04 00:00:00-04:00,28.26598698107336,28.46795654296875,28.030357965665118,28.46795654296875,23400,0.0,0.0,0.0
2022-10-05 00:00:00-04:00,28.179434119229374,28.535284444988054,27.871672666899137,28.294845581054688,30000,0.0,0.0,0.0
2022-10-06 00:00:00-04:00,28.391018909466013,28.45834149173544,28.018818584058213,28.025550842285156,14900,0.0,0.0,0.0
2022-10-07 00:00:00-04:00,27.785112105393384,27.785112105393384,27.073413350361538,27.256147384643555,16800,0.0,0.0,0.0
2022-10-10 00:00:00-04:00,27.23691185864857,27.246529632502945,26.83297452877866,26.861827850341797,16600,0.0,0.0,0.0
2022-10-11 00:00:00-04:00,26.794503797069634,26.929148954834947,26.45788906825366,26.640623092651367,21600,0.0,0.0,0.0
2022-10-12 00:00:00-04:00,26.65024150794986,26.65024150794986,26.419420429874265,26.477127075195312,10900,0.0,0.0,0.0
2022-10-13 00:00:00-04:00,25.86160072260418,27.058986938089035,25.86160072260418,26.986854553222656,231300,0.0,0.0,0.0
2022-10-14 00:00:00-04:00,27.217674356525144,27.217674356525144,26.09242057800293,26.09242057800293,8400,0.0,0.0,0.0
2022-10-17 00:00:00-04:00,26.621390684180135,26.938769903756437,26.621390684180135,26.84067153930664,10800,0.0,0.0,0.0
2022-10-18 00:00:00-04:00,27.486964480492837,27.631227398534666,27.043594892583474,27.19843864440918,26700,0.0,0.0,0.0
2022-10-19 00:00:00-04:00,27.14073625297447,27.312891288376278,26.86182814574153,26.99647331237793,28000,0.0,0.0,0.0
2022-10-20 00:00:00-04:00,27.07341224935536,27.38117366232323,26.76276532091054,26.813737869262695,30100,0.0,0.0,0.0
2022-10-21 00:00:00-04:00,26.86182733178543,27.535054978970365,26.707946621891573,27.458114624023438,40200,0.0,0.0,0.0
2022-10-24 00:00:00-04:00,27.573525707166905,27.79665328386825,27.410027225777387,27.679319381713867,49600,0.0,0.0,0.0
2022-10-25 00:00:00-04:00,27.727404292810004,28.410251486726832,27.727404292810004,28.371780395507812,28300,0.0,0.0,0.0
2022-10-26 00:00:00-04:00,28.33330979995263,28.996921459869192,28.33330979995263,28.58336639404297,30300,0.0,0.0,0.0
2022-10-27 00:00:00-04:00,28.814188435998933,28.86227730252258,28.548744863518642,28.592985153198242,17200,0.0,0.0,0.0
2022-10-28 00:00:00-04:00,28.506425688809824,28.86227594675847,28.352544991967868,28.82380485534668,112100,0.0,0.0,0.0
2022-10-31 00:00:00-04:00,28.698783923436693,28.867090400162073,28.698783923436693,28.737253189086914,75600,0.0,0.0,0.0
2022-11-01 00:00:00-04:00,29.275837645449965,29.275837645449965,28.689166209216015,28.756488800048828,30200,0.0,0.0,0.0
2022-11-02 00:00:00-04:00,28.689162001299167,28.79495567674969,27.688937391740314,27.794729232788086,131600,0.0,0.0,0.0
2022-11-03 00:00:00-04:00,27.390795111369222,27.72740988987443,27.313854747802573,27.525442123413086,16500,0.0,0.0,0.0
2022-11-04 00:00:00-04:00,28.02555437646465,28.04478992651099,27.438884775275348,27.89090919494629,59500,0.0,0.0,0.0
2022-11-07 00:00:00-05:00,28.102491621098014,28.198667526245117,27.912064099355934,28.198667526245117,15000,0.0,0.0,0.0
2022-11-08 00:00:00-05:00,28.304460463487633,28.755523594058342,28.227520108267118,28.529510498046875,46200,0.0,0.0,0.0
2022-11-09 00:00:00-05:00,28.362164469684423,28.439104822730325,27.910140124840105,27.958227157592773,129200,0.0,0.0,0.0
2022-11-10 00:00:00-05:00,29.102716197196305,29.804797140391727,29.102716197196305,29.79517936706543,24100,0.0,0.0,0.0
2022-11-11 00:00:00-05:00,30.112560091867053,30.29048615591453,30.009651929846733,30.035619735717773,12200,0.0,0.0,0.0
2022-11-14 00:00:00-05:00,29.90097576391311,30.083709804958602,29.68939023466239,29.727859497070312,118900,0.0,0.0,0.0
2022-11-15 00:00:00-05:00,30.170267787131387,30.227972597655416,29.99715152115645,30.06447410583496,16700,0.0,0.0,0.0
2022-11-16 00:00:00-05:00,29.93944099549848,29.93944099549848,29.610521600302704,29.650915145874023,60400,0.0,0.0,0.0
2022-11-17 00:00:00-05:00,29.37200828289918,29.40085976841229,29.07386281364399,29.381624221801758,36700,0.0,0.0,0.0
2022-11-18 00:00:00-05:00,29.57205782918151,29.60187238225554,29.349893273542815,29.535511016845703,42100,0.0,0.0,0.0
2022-11-21 00:00:00-05:00,29.573973305721243,29.573973305721243,29.24697638095456,29.429710388183594,19200,0.0,0.0,0.0
2022-11-22 00:00:00-05:00,29.689385946634548,29.95867624780507,29.678805112457766,29.91058921813965,86300,0.0,0.0,0.0
2022-11-23 00:00:00-05:00,29.968300910765233,30.12699144707106,29.891360544969295,29.997154235839844,21700,0.0,0.0,0.0
2022-11-25 00:00:00-05:00,29.98753332942175,30.063512460102128,29.98753332942175,30.003883361816406,4900,0.0,0.0,0.0
2022-11-28 00:00:00-05:00,29.804794467414272,29.82403001234177,29.391239423485754,29.487415313720703,36600,0.0,0.0,0.0
2022-11-29 00:00:00-05:00,29.49703782462885,29.649957312883338,29.38162637092655,29.477802276611328,22500,0.0,0.0,0.0
2022-11-30 00:00:00-05:00,29.583596432323013,30.478029251098633,29.429715714512458,30.478029251098633,28700,0.0,0.0,0.0
2022-12-01 00:00:00-05:00,30.631909338907114,30.776172279587115,30.487646398227113,30.622291564941406,14800,0.0,0.0,0.0
2022-12-02 00:00:00-05:00,30.05485653460514,30.64729711817891,30.05485653460514,30.554969787597656,41400,0.0,0.0,0.0
2022-12-05 00:00:00-05:00,30.32414720986816,30.32414720986816,29.785562886633507,29.920209884643555,91000,0.0,0.0,0.0
2022-12-06 00:00:00-05:00,29.843270287566533,29.843270287566533,29.329692529893602,29.458566665649414,9200,0.0,0.0,0.0
2022-12-07 00:00:00-05:00,29.429712481578083,29.6826545945239,29.40085916225715,29.50665283203125,14200,0.0,0.0,0.0
2022-12-08 00:00:00-05:00,29.72785862824692,29.910592663951846,29.67977159304169,29.77594566345215,34600,0.0,0.0,0.0
2022-12-09 00:00:00-05:00,29.68939075318602,29.843271474310946,29.47780338583708,29.52589225769043,56500,0.0,0.0,0.0
2022-12-12 00:00:00-05:00,29.55473901861006,29.949058532714844,29.55473901861006,29.949058532714844,24300,0.0,0.0,0.0
2022-12-13 00:00:00-05:00,30.968525549228808,30.968525549228808,30.189502330926768,30.410707473754883,24600,0.0,0.0,0.0
2022-12-14 00:00:00-05:00,30.455990716142605,30.580280937490674,30.05132389623123,30.2536563873291,51800,0.057,0.0,0.0
2022-12-15 00:00:00-05:00,29.79117943423939,29.79117943423939,29.225609605561907,29.290163040161133,33900,0.0,0.0,0.0
2022-12-16 00:00:00-05:00,29.08783171705902,29.08783171705902,28.798782937690667,28.972211837768555,28100,0.0,0.0,0.0
2022-12-19 00:00:00-05:00,29.030019763339272,29.030019763339272,28.509734920450057,28.67352867126465,60900,0.0,0.0,0.0
2022-12-20 00:00:00-05:00,28.577173080457737,28.866219950504586,28.557902799063896,28.740966796875,44800,0.0,0.0,0.0
2022-12-21 00:00:00-05:00,28.97221254332031,29.302690792053156,28.923073863710748,29.24199104309082,27400,0.0,0.0,0.0
2022-12-22 00:00:00-05:00,29.087824511103364,29.087824511103364,28.34593521687722,28.740966796875,15900,0.0,0.0,0.0
2022-12-23 00:00:00-05:00,28.66389337132083,28.885496139526367,28.633062017414208,28.885496139526367,8800,0.0,0.0,0.0
2022-12-27 00:00:00-05:00,28.9144038207293,28.933674107565942,28.713034285118784,28.866228103637695,21800,0.0,0.0,0.0
2022-12-28 00:00:00-05:00,28.91440303019955,28.91440303019955,28.394116326129236,28.451927185058594,266900,0.0,0.0,0.0
2022-12-29 00:00:00-05:00,28.702432516883334,29.058923589302406,28.68316223250515,28.962574005126953,21800,0.0,0.0,0.0
2022-12-30 00:00:00-05:00,28.77951209479183,28.846956253051758,28.515515076949068,28.846956253051758,31700,0.0,0.0,0.0
2023-01-03 00:00:00-05:00,29.030020875453918,29.087831733990622,28.42302156254363,28.615720748901367,294800,0.0,0.0,0.0
2023-01-04 00:00:00-05:00,28.856593944634643,29.144677924775596,28.856593944634643,29.116735458374023,69800,0.0,0.0,0.0
2023-01-05 00:00:00-05:00,29.01075347212951,29.049292208160068,28.50973703972233,28.557910919189453,16200,0.0,0.0,0.0
2023-01-06 00:00:00-05:00,28.644623611322558,29.37784089101072,28.644623611322558,29.319068908691406,80100,0.0,0.0,0.0
2023-01-09 00:00:00-05:00,29.51176831652023,29.8200873959519,29.461666672855603,29.463594436645508,27900,0.0,0.0,0.0
2023-01-10 00:00:00-05:00,29.44914367468085,29.71410369873047,29.348940383831774,29.71410369873047,30000,0.0,0.0,0.0
2023-01-11 00:00:00-05:00,29.743009176949727,30.118770599365234,29.743009176949727,30.118770599365234,43700,0.0,0.0,0.0
2023-01-12 00:00:00-05:00,30.215117310581157,30.35964077940209,29.94533882112396,30.272926330566406,20000,0.0,0.0,0.0
2023-01-13 00:00:00-05:00,30.244021489249715,30.494529697673105,30.18621246814144,30.44635581970215,35600,0.0,0.0,0.0
2023-01-17 00:00:00-05:00,30.465626793355817,30.580281875160228,30.39818078987283,30.40781593322754,26500,0.0,0.0,0.0
2023-01-18 00:00:00-05:00,30.667956285256718,30.860653620319937,30.09949574704653,30.157304763793945,49200,0.0,0.0,0.0
2023-01-19 00:00:00-05:00,30.022418704276323,30.022418704276323,29.750714283634174,29.781545639038086,32700,0.0,0.0,0.0
2023-01-20 00:00:00-05:00,29.839353872070216,30.388545989990234,29.80563179084472,30.388545989990234,20600,0.0,0.0,0.0
2023-01-23 00:00:00-05:00,30.36927680672386,30.870293228427574,30.36927680672386,30.735403060913086,19000,0.0,0.0,0.0
2023-01-24 00:00:00-05:00,30.745040089055603,30.745040089055603,30.523437294309936,30.687231063842773,29800,0.0,0.0,0.0
2023-01-25 00:00:00-05:00,30.46562479336535,30.62941854421145,30.04168770216682,30.619783401489258,23600,0.0,0.0,0.0
2023-01-26 00:00:00-05:00,30.913650375394795,31.01481662850032,30.629421903636153,30.995546340942383,19800,0.0,0.0,0.0
2023-01-27 00:00:00-05:00,30.9367723540139,31.122723438795795,30.82500617021115,30.947368621826172,15400,0.0,0.0,0.0
2023-01-30 00:00:00-05:00,30.706499639621388,30.9078673347149,30.523435592651367,30.523435592651367,28400,0.0,0.0,0.0
2023-01-31 00:00:00-05:00,30.58124174711423,31.067804492194842,30.533067872925635,31.034082412719727,150100,0.0,0.0,0.0
2023-02-01 00:00:00-05:00,31.00517961730767,31.862687096290067,31.003253691411487,31.660354614257812,43700,0.0,0.0,0.0
2023-02-02 00:00:00-05:00,31.872322209792824,32.180639404953865,31.819329847302875,32.06501770019531,20700,0.0,0.0,0.0
2023-02-03 00:00:00-05:00,31.68925544141747,31.93879881416606,31.506193260601663,31.650714874267578,658900,0.0,0.0,0.0
2023-02-06 00:00:00-05:00,31.34240076311918,31.438752190447513,31.26532329668765,31.28459358215332,9600,0.0,0.0,0.0
2023-02-07 00:00:00-05:00,31.352037091723904,31.727798461914062,31.10152706130976,31.727798461914062,45200,0.0,0.0,0.0
2023-02-08 00:00:00-05:00,31.631452658139953,31.67577100862821,31.37130930690355,31.419483184814453,16300,0.0,0.0,0.0
2023-02-09 00:00:00-05:00,31.718163129174517,31.718163129174517,31.091895371471605,31.130435943603516,30600,0.0,0.0,0.0
2023-02-10 00:00:00-05:00,31.062993022583093,31.217151641845703,31.034085754612263,31.217151641845703,111700,0.0,0.0,0.0
2023-02-13 00:00:00-05:00,31.20751784368418,31.458027922681016,31.20751784368418,31.400217056274414,14100,0.0,0.0,0.0
2023-02-14 00:00:00-05:00,31.294219039616603,31.69117652945835,31.193052822864342,31.44837760925293,20500,0.0,0.0,0.0
2023-02-15 00:00:00-05:00,31.43874958248712,31.66035233381281,31.29615021695656,31.63144874572754,26600,0.0,0.0,0.0
2023-02-16 00:00:00-05:00,31.255685464571137,31.70756500916484,31.255685464571137,31.27495574951172,52900,0.0,0.0,0.0
2023-02-17 00:00:00-05:00,31.19787542897009,31.19787542897009,30.947365423108113,31.12079429626465,38900,0.0,0.0,0.0
2023-02-21 00:00:00-05:00,30.88956117962583,30.918464769417216,30.398178100585938,30.398178100585938,37300,0.0,0.0,0.0
2023-02-22 00:00:00-05:00,30.533065863283586,30.571604592554795,30.2102950467747,30.321096420288086,51300,0.0,0.0,0.0
2023-02-23 00:00:00-05:00,30.56197545518941,30.600516029747904,30.181397388860844,30.51380157470703,14400,0.0,0.0,0.0
2023-02-24 00:00:00-05:00,30.089860233445794,30.244018834680862,30.006999479910185,30.128400802612305,70900,0.0,0.0,0.0
2023-02-27 00:00:00-05:00,30.417449985205348,30.580280777940963,30.241130359800255,30.287378311157227,18100,0.0,0.0,0.0
2023-02-28 00:00:00-05:00,30.34037130348569,30.55233894090083,30.22475326042858,30.33073616027832,24400,0.0,0.0,0.0
2023-03-01 00:00:00-05:00,30.292195149264582,30.436718611085524,30.186210419661982,30.301830291748047,51000,0.0,0.0,0.0
2023-03-02 00:00:00-05:00,30.118765801788555,30.614963686987362,29.99351078912456,30.581241607666016,25400,0.0,0.0,0.0
2023-03-03 00:00:00-05:00,30.68722395108866,31.168968166490195,30.648683384735943,31.12079429626465,49300,0.0,0.0,0.0
2023-03-06 00:00:00-05:00,31.11116352141373,31.246051839182595,30.918464349416347,30.98590850830078,37200,0.0,0.0,0.0
2023-03-07 00:00:00-05:00,31.04371873914376,31.04371873914376,30.446352788119917,30.45598793029785,44900,0.0,0.0,0.0
2023-03-08 00:00:00-05:00,30.43671824749725,30.685298672368422,30.43671824749725,30.629417419433594,8900,0.0,0.0,0.0
2023-03-09 00:00:00-05:00,30.745034906508426,30.773940333100278,29.887527465820312,29.887527465820312,26000,0.0,0.0,0.0
2023-03-10 00:00:00-05:00,29.829719357358503,29.829719357358503,28.93752679283923,28.972211837768555,17000,0.0,0.0,0.0
2023-03-13 00:00:00-04:00,28.702433602287783,29.34797161392926,28.578141549749127,28.904766082763672,80500,0.0,0.0,0.0
2023-03-14 00:00:00-04:00,29.338341008351964,29.497316280821533,29.030021931421345,29.27089500427246,65300,0.0,0.0,0.0
2023-03-15 00:00:00-04:00,28.86622566825294,28.86622566825294,28.36135742728067,28.692798614501953,54400,0.0,0.0,0.0
2023-03-16 00:00:00-04:00,28.53864157209482,29.18418146030787,28.480830713294385,29.116735458374023,31500,0.0,0.0,0.0
2023-03-17 00:00:00-04:00,29.058926331777393,29.058926331777393,28.529006325373693,28.663894653320312,61500,0.0,0.0,0.0
2023-03-20 00:00:00-04:00,28.789147794606826,29.041583765342835,28.789147794606826,28.972211837768555,260700,0.0,0.0,0.0
2023-03-21 00:00:00-04:00,29.396150245206464,29.434688981530943,29.18418260113254,29.415420532226562,27100,0.0,0.0,0.0
2023-03-22 00:00:00-04:00,29.35760726496845,29.52140101578304,28.67352867126465,28.67352867126465,73300,0.0,0.0,0.0
2023-03-23 00:00:00-04:00,28.97221166009233,29.319069458120946,28.577179984655572,28.77951431274414,32600,0.0,0.0,0.0
2023-03-24 00:00:00-04:00,28.60608320914318,28.846956253051758,28.42301918121232,28.846956253051758,26600,0.0,0.0,0.0
2023-03-27 00:00:00-04:00,29.147417972262254,29.194756959682504,28.95419603598695,29.00250244140625,34600,0.081,0.0,0.0
2023-03-28 00:00:00-04:00,29.06046311138112,29.06046311138112,28.886563768233994,28.992835998535156,16100,0.0,0.0,0.0
2023-03-29 00:00:00-04:00,29.345469719240647,29.64979362487793,29.345469719240647,29.64979362487793,59400,0.0,0.0,0.0
2023-03-30 00:00:00-04:00,29.85267448425293,29.949285451022217,29.73674279829052,29.85267448425293,31400,0.0,0.0,0.0
2023-03-31 00:00:00-04:00,30.00725173202066,30.36471176147461,30.00725173202066,30.36471176147461,29200,0.0,0.0,0.0
2023-04-03 00:00:00-04:00,30.335723248536137,30.345384528136993,30.094196786616738,30.2487735748291,78600,0.0,0.0,0.0
2023-04-04 00:00:00-04:00,30.35504792894464,30.35504792894464,29.82369041267104,29.920299530029297,28000,0.0,0.0,0.0
2023-04-05 00:00:00-04:00,29.804367957605574,29.804367957605574,29.533857637022965,29.659452438354492,55100,0.0,0.0,0.0
2023-04-06 00:00:00-04:00,29.54351980537664,29.630469488081058,29.46623140327281,29.611146926879883,209600,0.0,0.0,0.0
2023-04-10 00:00:00-04:00,29.591824646053436,29.852673696638156,29.497146675051848,29.833351135253906,26300,0.0,0.0,0.0
2023-04-11 00:00:00-04:00,29.944454831768113,30.103861355849887,29.928030838921973,29.997589111328125,28100,0.0,0.0,0.0
2023-04-12 00:00:00-04:00,30.16182544504172,30.200470565423306,29.900978253269066,29.929960250854492,46700,0.0,0.0,0.0
2023-04-13 00:00:00-04:00,29.968605663726752,30.219793420556343,29.89131726491002,30.152164459228516,82500,0.0,0.0,0.0
2023-04-14 00:00:00-04:00,30.132840636686474,30.287417418392483,29.862330347350667,29.97826385498047,28600,0.0,0.0,0.0
2023-04-17 00:00:00-04:00,30.016909566397757,30.229454040527344,29.954112167886674,30.229454040527344,25700,0.0,0.0,0.0
2023-04-18 00:00:00-04:00,30.306743953023794,30.403353072239714,30.10386074872853,30.268098831176758,70100,0.0,0.0,0.0
2023-04-19 00:00:00-04:00,30.190812000305225,30.355050091294924,30.15313429443546,30.306745529174805,12100,0.0,0.0,0.0
2023-04-20 00:00:00-04:00,30.113518160906654,30.31639949643962,30.074873044023843,30.171483993530273,66000,0.0,0.0,0.0
2023-04-21 00:00:00-04:00,30.123183976304055,30.165693242736396,29.97247131462672,30.094200134277344,43600,0.0,0.0,0.0
2023-04-24 00:00:00-04:00,30.045891049062334,30.202398981416163,30.045891049062334,30.171483993530273,19900,0.0,0.0,0.0
2023-04-25 00:00:00-04:00,30.045893907785263,30.045893907785263,29.40826416015625,29.40826416015625,16300,0.0,0.0,0.0
2023-04-26 00:00:00-04:00,29.311653090422418,29.311653090422418,29.002499497918944,29.084617614746094,43800,0.0,0.0,0.0
2023-04-27 00:00:00-04:00,29.060468268276757,29.466232860057723,28.992841143430088,29.456571578979492,28500,0.0,0.0,0.0
2023-04-28 00:00:00-04:00,29.37928106116615,29.794706904163043,29.37928106116615,29.785045623779297,73500,0.0,0.0,0.0
2023-05-01 00:00:00-04:00,29.891316182272302,29.906772755855357,29.730942253793465,29.814027786254883,30400,0.0,0.0,0.0
2023-05-02 00:00:00-04:00,29.678775863306242,29.678775863306242,29.153215433941362,29.321317672729492,68700,0.0,0.0,0.0
2023-05-03 00:00:00-04:00,29.369621674881017,29.69809785830904,29.330978393554688,29.330978393554688,21400,0.0,0.0,0.0
2023-05-04 00:00:00-04:00,29.23436563032429,29.282670189690094,29.10877082765188,29.166738510131836,19600,0.0,0.0,0.0
2023-05-05 00:00:00-04:00,29.388944562903117,29.698098187746915,29.388944562903117,29.64979362487793,46100,0.0,0.0,0.0
2023-05-08 00:00:00-04:00,29.659453727449023,29.659453727449023,29.48555435970918,29.5725040435791,17700,0.0,0.0,0.0
2023-05-09 00:00:00-04:00,29.3696173010078,29.504873372259272,29.329041032442554,29.437244415283203,17300,0.0,0.0,0.0
2023-05-10 00:00:00-04:00,29.669107984780727,29.669107984780727,29.330972431775855,29.562837600708008,24500,0.0,0.0,0.0
2023-05-11 00:00:00-04:00,29.514535117814262,29.514535117814262,29.234365359229173,29.398603439331055,18200,0.0,0.0,0.0
2023-05-12 00:00:00-04:00,29.591825266031847,29.591825266031847,29.282671648210304,29.466232299804688,140000,0.0,0.0,0.0
2023-05-15 00:00:00-04:00,29.533857861904416,29.823690745314273,29.47589202230277,29.785045623779297,25400,0.0,0.0,0.0
2023-05-16 00:00:00-04:00,29.630467212456068,29.668144914014096,29.25368651147433,29.292329788208008,27400,0.0,0.0,0.0
2023-05-17 00:00:00-04:00,29.475894250228052,29.717420749974888,29.2826723133502,29.64979362487793,33100,0.0,0.0,0.0
2023-05-18 00:00:00-04:00,29.57250343237694,29.978268001149964,29.57250343237694,29.93962287902832,51300,0.0,0.0,0.0
2023-05-19 00:00:00-04:00,29.96860824055989,30.045896646022225,29.76572502453318,29.88165855407715,30400,0.0,0.0,0.0
2023-05-22 00:00:00-04:00,29.85266906815647,30.11351807829808,29.83334650976807,29.97826385498047,56700,0.0,0.0,0.0
2023-05-23 00:00:00-04:00,29.97826258350592,29.97826258350592,29.538684533667023,29.543514251708984,30500,0.0,0.0,0.0
2023-05-24 00:00:00-04:00,29.417926441673707,29.417926441673707,29.041143874194074,29.099111557006836,67900,0.0,0.0,0.0
2023-05-25 00:00:00-04:00,29.17640363941363,29.437250874180354,29.07979266523655,29.359962463378906,50900,0.0,0.0,0.0
2023-05-26 00:00:00-04:00,29.369621109343296,29.843012813356125,29.369621109343296,29.794708251953125,59300,0.0,0.0,0.0
2023-05-30 00:00:00-04:00,29.9686085857532,30.026574429842395,29.688436961036995,29.74640464782715,38700,0.0,0.0,0.0
2023-05-31 00:00:00-04:00,29.659453727449023,29.659453727449023,29.36479111463439,29.5725040435791,56900,0.0,0.0,0.0
2023-06-01 00:00:00-04:00,29.66911144369848,30.037198294539994,29.58795890151629,29.95894432067871,110300,0.0,0.0,0.0
2023-06-02 00:00:00-04:00,30.268098168970756,30.480640806376936,30.128012369391303,30.441997528076172,37800,0.0,0.0,0.0
2023-06-05 00:00:00-04:00,30.40335036304146,30.413011642642317,30.181146460323777,30.2487735748291,66700,0.0,0.0,0.0
2023-06-06 00:00:00-04:00,30.304810524665736,30.519286156814683,30.28838653238668,30.47098159790039,163100,0.0,0.0,0.0
2023-06-07 00:00:00-04:00,30.499966066144548,30.627492028414544,30.422677660002154,30.461322784423828,48900,0.0,0.0,0.0
2023-06-08 00:00:00-04:00,30.422673852182143,30.584980774656874,30.41397999016609,30.55792808532715,19200,0.0,0.0,0.0
2023-06-09 00:00:00-04:00,30.6062356069312,30.654540165482352,30.364709128773853,30.441997528076172,57100,0.0,0.0,0.0
2023-06-12 00:00:00-04:00,30.519288672703144,30.70284932857092,30.40335514197061,30.654542922973633,22300,0.0,0.0,0.0
2023-06-13 00:00:00-04:00,30.905728854580698,31.108612060546875,30.905728854580698,31.108612060546875,41700,0.0,0.0,0.0
2023-06-14 00:00:00-04:00,31.137592315673828,31.272846550276082,30.910558685120147,31.137592315673828,28800,0.0,0.0,0.0
2023-06-15 00:00:00-04:00,31.089287888655672,31.437086599319805,30.934711093405117,31.330814361572266,33900,0.0,0.0,0.0
2023-06-16 00:00:00-04:00,31.359797646644637,31.582001568603538,31.243865966796875,31.243865966796875,37000,0.0,0.0,0.0
2023-06-20 00:00:00-04:00,31.12793911329953,31.12793911329953,30.842935902957368,31.031326293945312,32000,0.0,0.0,0.0
2023-06-21 00:00:00-04:00,30.91539034642847,31.00234002919387,30.82844066366307,30.876745223999023,103500,0.0,0.0,0.0
2023-06-22 00:00:00-04:00,30.7897961869188,30.833271026611328,30.693185227301985,30.833271026611328,41600,0.0,0.0,0.0
2023-06-23 00:00:00-04:00,30.613388694281877,30.639541979716725,30.463253021240234,30.463253021240234,19100,0.083,0.0,0.0
2023-06-26 00:00:00-04:00,30.598866306549915,30.82164963068613,30.598866306549915,30.744159698486328,55200,0.0,0.0,0.0
2023-06-27 00:00:00-04:00,30.821646339460322,31.218782430515166,30.78290230125048,31.180036544799805,34200,0.0,0.0,0.0
2023-06-28 00:00:00-04:00,31.083179463379917,31.238159330864367,31.03184097355256,31.121925354003906,20900,0.0,0.0,0.0
2023-06-29 00:00:00-04:00,31.10255297042837,31.441570281982422,31.10255297042837,31.441570281982422,20700,0.0,0.0,0.0
2023-06-30 00:00:00-04:00,31.67403867326186,31.906506607242825,31.67403867326186,31.858076095581055,87700,0.0,0.0,0.0
2023-07-03 00:00:00-04:00,31.84838961683172,31.877447183134624,31.799959107989896,31.866790771484375,21500,0.0,0.0,0.0
2023-07-05 00:00:00-04:00,31.71277898496554,31.795111209816298,31.638191502206478,31.741836547851562,51200,0.0,0.0,0.0
2023-07-06 00:00:00-04:00,31.315646989369615,31.44640973424612,31.162603328061298,31.431880950927734,37900,0.0,0.0,0.0
2023-07-07 00:00:00-04:00,31.460941160407728,31.81933139407455,31.460941160407728,31.615921020507812,17100,0.0,0.0,0.0
2023-07-10 00:00:00-04:00,31.654661807184127,32.071170806884766,31.654661807184127,32.071170806884766,22900,0.0,0.0,0.0
2023-07-11 00:00:00-04:00,32.1196048531478,32.32301521635113,32.06536208962691,32.30364227294922,32500,0.0,0.0,0.0
2023-07-12 00:00:00-04:00,32.58454614682973,32.681410869003095,32.44893923079836,32.594234466552734,35400,0.0,0.0,0.0
2023-07-13 00:00:00-04:00,32.71046535482721,32.9138757097006,32.6668753102052,32.836387634277344,64600,0.0,0.0,0.0
2023-07-14 00:00:00-04:00,32.8751298398263,32.8751298398263,32.64266191843707,32.720149993896484,15200,0.0,0.0,0.0
2023-07-17 00:00:00-04:00,32.74922059182256,33.03011910233181,32.74922059182256,32.933258056640625,17600,0.0,0.0,0.0
2023-07-18 00:00:00-04:00,32.913872532195484,33.1463441260444,32.913872532195484,33.11728286743164,27500,0.0,0.0,0.0
2023-07-19 00:00:00-04:00,33.19477283667561,33.31100677981395,32.95455281851401,33.02042007446289,20300,0.0,0.0,0.0
2023-07-20 00:00:00-04:00,32.93324764069134,32.95262058270482,32.73952191556745,32.7879524230957,480100,0.0,0.0,0.0
2023-07-21 00:00:00-04:00,32.88481801848003,32.95262146984715,32.80732624833991,32.87512969970703,48800,0.0,0.0,0.0
2023-07-24 00:00:00-04:00,32.77826881153882,32.873193643827804,32.75986396180619,32.79764175415039,23600,0.0,0.0,0.0
2023-07-25 00:00:00-04:00,32.967157714967854,33.15410314248475,32.967157714967854,33.06886291503906,29600,0.0,0.0,0.0
2023-07-26 00:00:00-04:00,32.85575383466145,32.99620488428911,32.85575383466145,32.962303161621094,30200,0.0,0.0,0.0
2023-07-27 00:00:00-04:00,33.17540504526015,33.17540504526015,32.555485658973836,32.60391616821289,22400,0.0,0.0,0.0
2023-07-28 00:00:00-04:00,32.826705041747935,32.826705041747935,32.66204054336764,32.817020416259766,8800,0.0,0.0,0.0
2023-07-31 00:00:00-04:00,32.81701923340773,33.00105667114258,32.81701923340773,33.00105667114258,98800,0.0,0.0,0.0
2023-08-01 00:00:00-04:00,32.78795330088069,32.913875579833984,32.749211110827424,32.913875579833984,37500,0.0,0.0,0.0
2023-08-02 00:00:00-04:00,32.66203334692427,32.66203334692427,32.323012409348905,32.352073669433594,55500,0.0,0.0,0.0
2023-08-03 00:00:00-04:00,32.24553092317876,32.41988373925273,32.11960862378943,32.38113784790039,28700,0.0,0.0,0.0
2023-08-04 00:00:00-04:00,32.36175753585921,32.41987635965839,32.00336735995776,32.071170806884766,15400,0.0,0.0,0.0
2023-08-07 00:00:00-04:00,32.19710144837364,32.323020056826046,32.129294288807046,32.27458953857422,18700,0.0,0.0,0.0
2023-08-08 00:00:00-04:00,32.0227468889791,32.143825025544345,31.74959316444341,32.138980865478516,35300,0.0,0.0,0.0
2023-08-09 00:00:00-04:00,32.100231176446044,32.20193635572435,31.98399721370099,32.061485290527344,10900,0.0,0.0,0.0
2023-08-10 00:00:00-04:00,32.17772781446593,32.44603738776181,31.882296855927645,31.99368667602539,16800,0.0,0.0,0.0
2023-08-11 00:00:00-04:00,31.81933020105774,31.991746813146758,31.81933020105774,31.896821975708008,17200,0.0,0.0,0.0
2023-08-14 00:00:00-04:00,31.799958026825443,32.09054476500774,31.799958026825443,32.0421142578125,19000,0.0,0.0,0.0
2023-08-15 00:00:00-04:00,31.877452122754075,31.877452122754075,31.63529584601027,31.712787628173828,20400,0.0,0.0,0.0
2023-08-16 00:00:00-04:00,31.644977855464408,31.725373910058277,31.39313697427339,31.41250991821289,62900,0.0,0.0,0.0
2023-08-17 00:00:00-04:00,31.408634241148338,31.441567876753016,30.98631477355957,30.98631477355957,17700,0.0,0.0,0.0
2023-08-18 00:00:00-04:00,30.73447110105695,31.02505786483875,30.73447110105695,30.95725440979004,21100,0.0,0.0,0.0
2023-08-21 00:00:00-04:00,31.015376012767828,31.18004050545813,30.841023199912506,31.083179473876953,30700,0.0,0.0,0.0
2023-08-22 00:00:00-04:00,31.199412421885807,31.218785366565463,31.037652213572617,31.131608963012695,25800,0.0,0.0,0.0
2023-08-23 00:00:00-04:00,31.22266024062153,31.53843220631402,31.22266024062153,31.41250991821289,44000,0.0,0.0,0.0
2023-08-24 00:00:00-04:00,31.557805468446286,31.557805468446286,31.044431686401367,31.044431686401367,10200,0.0,0.0,0.0
2023-08-25 00:00:00-04:00,31.092861025788967,31.431881992837013,30.93594498773348,31.267213821411133,33000,0.0,0.0,0.0
2023-08-28 00:00:00-04:00,31.480313220446686,31.69147202683482,31.43188270834055,31.586862564086914,19100,0.0,0.0,0.0
2023-08-29 00:00:00-04:00,31.557803553628414,32.061485290527344,31.555863672824742,32.061485290527344,16800,0.0,0.0,0.0
2023-08-30 00:00:00-04:00,32.09054844135019,32.25521292368039,32.09054844135019,32.15835189819336,42100,0.0,0.0,0.0
2023-08-31 00:00:00-04:00,32.28427329879606,32.31333086664018,32.109920501708984,32.109920501708984,69400,0.0,0.0,0.0
2023-09-01 00:00:00-04:00,32.40050507469098,32.429562640570616,32.28427111616153,32.32301330566406,39800,0.0,0.0,0.0
2023-09-05 00:00:00-04:00,32.3230135732805,32.3230135732805,32.07117271187975,32.090545654296875,24100,0.0,0.0,0.0
2023-09-06 00:00:00-04:00,32.09054476500774,32.09054476500774,31.82901559214042,32.0421142578125,35600,0.0,0.0,0.0
2023-09-07 00:00:00-04:00,31.683726226612254,31.896824931637507,31.654668655931186,31.770902633666992,27200,0.0,0.0,0.0
2023-09-08 00:00:00-04:00,31.809639992251373,31.838697555138303,31.61591428464725,31.64497184753418,16800,0.0,0.0,0.0
2023-09-11 00:00:00-04:00,31.829015739437295,31.88035052539726,31.654662956718884,31.751523971557617,40400,0.0,0.0,0.0
2023-09-12 00:00:00-04:00,31.66435342228822,31.83095779795943,31.64498047674398,31.69341468811035,17200,0.0,0.0,0.0
2023-09-13 00:00:00-04:00,31.654663218022048,31.693409102281723,31.489995057423858,31.538429260253906,32300,0.0,0.0,0.0
2023-09-14 00:00:00-04:00,31.71278367846745,31.896821095667423,31.625607281896706,31.80964469909668,31800,0.0,0.0,0.0
2023-09-15 00:00:00-04:00,31.683723751172042,31.683723751172042,31.373764038085938,31.373764038085938,25700,0.0,0.0,0.0
2023-09-18 00:00:00-04:00,31.354388854082526,31.499684075778692,31.306926438063826,31.37763786315918,21500,0.0,0.0,0.0
2023-09-19 00:00:00-04:00,31.373764045857158,31.37860820559724,31.16066535742846,31.335018157958984,12900,0.0,0.0,0.0
2023-09-20 00:00:00-04:00,31.383453548836858,31.644979064483778,31.131608963012695,31.131608963012695,38400,0.0,0.0,0.0
2023-09-21 00:00:00-04:00,30.870081349651418,30.870081349651418,30.396423386855332,30.42451286315918,39200,0.0,0.0,0.0
2023-09-22 00:00:00-04:00,30.45752330678371,30.62257849158951,30.360431694803506,30.379850387573242,38000,0.074,0.0,0.0
2023-09-25 00:00:00-04:00,30.25363174752389,30.544904741330456,30.25363174752389,30.525487899780273,31900,0.0,0.0,0.0
2023-09-26 00:00:00-04:00,30.30217350579389,30.30217350579389,30.001191196301832,30.088573455810547,12700,0.0,0.0,0.0
2023-09-27 00:00:00-04:00,30.234210950408496,30.352662009031167,29.972066014970046,30.17595672607422,75600,0.0,0.0,0.0
2023-09-28 00:00:00-04:00,30.166247546164747,30.597332882722856,30.166247546164747,30.486648559570312,80700,0.0,0.0,0.0
2023-09-29 00:00:00-04:00,30.768215914438667,30.768215914438667,30.272079965933997,30.350723266601562,57100,0.0,0.0,0.0
2023-10-02 00:00:00-04:00,30.321593121354745,30.321593121354745,29.836136932340928,30.059446334838867,31000,0.0,0.0,0.0
2023-10-03 00:00:00-04:00,29.913811591154232,29.972067670574877,29.506028294552245,29.65166664123535,66800,0.0,0.0,0.0
2023-10-04 00:00:00-04:00,29.729340566810983,29.836139678955078,29.535157332582244,29.836139678955078,23300,0.0,0.0,0.0
2023-10-05 00:00:00-04:00,29.709918993897517,29.855555479521506,29.521561756434718,29.768173217773438,46500,0.0,0.0,0.0
2023-10-06 00:00:00-04:00,29.598266410545477,30.370141876625084,29.575934728059124,30.23421287536621,52100,0.0,0.0,0.0
2023-10-09 00:00:00-04:00,30.146829808723258,30.52451467969677,30.11673139046011,30.49635887145996,25800,0.0,0.0,0.0
2023-10-10 00:00:00-04:00,30.564322569290265,30.904142287021287,30.564322569290265,30.690542221069336,20400,0.0,0.0,0.0
2023-10-11 00:00:00-04:00,30.758506774902344,30.818703613593932,30.490533990000245,30.758506774902344,20100,0.0,0.0,0.0
2023-10-12 00:00:00-04:00,30.816756948580274,30.816756948580274,30.264307599058846,30.37013816833496,16500,0.0,0.0,0.0
2023-10-13 00:00:00-04:00,30.476940060589143,30.544903633220517,30.107994158360896,30.26333999633789,28000,0.0,0.0,0.0
2023-10-16 00:00:00-04:00,30.404122920850245,30.67597721298642,30.404122920850245,30.59345054626465,182100,0.0,0.0,0.0
2023-10-17 00:00:00-04:00,30.457523477309774,30.93812408890644,30.457523477309774,30.748796463012695,89400,0.0,0.0,0.0
2023-10-18 00:00:00-04:00,30.336157192081732,30.45752123583777,30.127410888671875,30.127410888671875,22800,0.0,0.0,0.0
2023-10-19 00:00:00-04:00,29.95264797780771,30.14682934712382,29.61282826666897,29.62253761291504,360700,0.0,0.0,0.0
2023-10-20 00:00:00-04:00,29.473987930878838,29.473987930878838,29.234172821044922,29.234172821044922,41300,0.0,0.0,0.0
2023-10-23 00:00:00-04:00,29.127370790676967,29.36038953477818,28.99144365291835,29.049697875976562,38800,0.0,0.0,0.0
2023-10-24 00:00:00-04:00,29.156499903479812,29.379809309995945,29.049698947377127,29.234172821044922,104600,0.0,0.0,0.0
2023-10-25 00:00:00-04:00,28.884643410692448,29.010861205732198,28.641915314804276,28.66327476501465,18000,0.0,0.0,0.0
2023-10-26 00:00:00-04:00,28.700170477743004,28.836099475155557,28.55453398582171,28.62249755859375,22400,0.0,0.0,0.0
2023-10-27 00:00:00-04:00,28.513756693416955,28.62249841309863,28.3215160738932,28.399188995361328,20100,0.0,0.0,0.0
2023-10-30 00:00:00-04:00,28.505990937198344,28.58366386133777,28.28267965991248,28.467153549194336,70300,0.0,0.0,0.0
2023-10-31 00:00:00-04:00,28.447733136603144,28.77784350722017,28.423460696501284,28.758426666259766,34400,0.0,0.0,0.0
2023-11-01 00:00:00-04:00,28.70017252536591,28.981738034788137,28.671046336024716,28.933191299438477,17400,0.0,0.0,0.0
2023-11-02 00:00:00-04:00,29.20504403132998,29.65166468474323,29.20504403132998,29.61282730102539,54400,0.0,0.0,0.0
2023-11-03 00:00:00-04:00,29.826428504931684,30.18566691068784,29.826428504931684,29.991483688354492,148400,0.0,0.0,0.0
2023-11-06 00:00:00-05:00,30.05944725240775,30.05944725240775,29.720599770289358,29.894393920898438,26800,0.0,0.0,0.0
2023-11-07 00:00:00-05:00,29.74875457479463,29.860409275685637,29.74875457479463,29.807010650634766,26900,0.0,0.0,0.0
2023-11-08 00:00:00-05:00,29.807011560774406,29.96235739735471,29.73904613688563,29.81671905517578,26000,0.0,0.0,0.0
2023-11-09 00:00:00-05:00,29.894389878390346,29.899243624950195,29.525442176322795,29.564279556274414,30700,0.0,0.0,0.0
2023-11-10 00:00:00-05:00,29.67108173641233,30.030320130891692,29.58369947429217,30.001192092895508,18800,0.0,0.0,0.0
2023-11-13 00:00:00-05:00,29.981775330180763,30.082750312823052,29.88856893595839,30.020612716674805,22800,0.0,0.0,0.0
2023-11-14 00:00:00-05:00,30.535198380090634,31.02065462236954,30.535198380090634,30.92356300354004,34900,0.0,0.0,0.0
2023-11-15 00:00:00-05:00,30.962397599980306,31.302219181501407,30.962397599980306,31.03036117553711,164000,0.0,0.0,0.0
2023-11-16 00:00:00-05:00,31.0206536903587,31.049779878824435,30.894434034112017,30.991525650024414,25400,0.0,0.0,0.0
2023-11-17 00:00:00-05:00,31.112885032220746,31.16628550872099,31.040067715794535,31.117740631103516,34100,0.0,0.0,0.0
2023-11-20 00:00:00-05:00,31.108035189727424,31.389600683719213,31.10706481063419,31.331344604492188,67600,0.0,0.0,0.0
2023-11-21 00:00:00-05:00,31.28668403079205,31.350766094031545,31.24396512445727,31.321636199951172,18600,0.0,0.0,0.0
2023-11-22 00:00:00-05:00,31.447855040292495,31.49639992417131,31.350765272534872,31.389602661132812,14100,0.0,0.0,0.0
2023-11-24 00:00:00-05:00,31.341055012940735,31.525530762441864,31.341055012940735,31.508052825927734,6400,0.0,0.0,0.0
2023-11-27 00:00:00-05:00,31.43814847380721,31.544949443738222,31.39348510522634,31.515819549560547,128100,0.0,0.0,0.0
2023-11-28 00:00:00-05:00,31.379891462114713,31.538152153969573,31.302220388656057,31.389602661132812,32800,0.0,0.0,0.0
2023-11-29 00:00:00-05:00,31.52552316958944,31.75854004456554,31.514841593669438,31.554649353027344,30300,0.0,0.0,0.0
2023-11-30 00:00:00-05:00,31.64202596631085,31.758534383029158,31.47696898086878,31.690570831298828,180900,0.0,0.0,0.0
2023-12-01 00:00:00-05:00,31.651747036372157,32.21487808227539,31.62359122482447,32.21487808227539,31700,0.0,0.0,0.0
2023-12-04 00:00:00-05:00,31.943025619614783,32.137205174181666,31.916810564925985,32.07895278930664,34700,0.0,0.0,0.0
2023-12-05 00:00:00-05:00,31.95272530360939,31.95272530360939,31.768253290378052,31.826505661010742,15800,0.0,0.0,0.0
2023-12-06 00:00:00-05:00,32.04010570229634,32.04010570229634,31.72941406451238,31.787670135498047,17600,0.0,0.0,0.0
2023-12-07 00:00:00-05:00,31.816801117514018,31.90418338530268,31.748837542982507,31.85563850402832,27200,0.0,0.0,0.0
2023-12-08 00:00:00-05:00,31.845928261901335,32.10807507313989,31.845928261901335,32.00127410888672,23700,0.0,0.0,0.0
2023-12-11 00:00:00-05:00,32.059526642132965,32.438181870767586,32.059526642132965,32.3896369934082,28600,0.0,0.0,0.0
2023-12-12 00:00:00-05:00,32.42847826447604,32.62265779719277,32.29254740634228,32.544986724853516,16700,0.0,0.0,0.0
2023-12-13 00:00:00-05:00,32.62265525617963,33.21491241455078,32.52556549738368,33.21491241455078,27700,0.0,0.0,0.0
2023-12-14 00:00:00-05:00,33.48575751067126,33.75855644160602,33.48575751067126,33.67087173461914,31900,0.118,0.0,0.0
2023-12-15 00:00:00-05:00,33.68061498369338,33.700100888332734,33.456532655175245,33.57344436645508,15400,0.0,0.0,0.0
2023-12-18 00:00:00-05:00,33.729330849967916,33.729330849967916,33.56370622081854,33.61241912841797,35500,0.0,0.0,0.0
2023-12-19 00:00:00-05:00,33.77804132564335,33.89495675533234,33.77804132564335,33.88521194458008,26400,0.0,0.0,0.0
2023-12-20 00:00:00-05:00,33.77804016412744,34.00212620504757,33.32013442153868,33.349361419677734,36900,0.0,0.0,0.0
2023-12-21 00:00:00-05:00,33.602674491094135,33.77804019665353,33.456532067145716,33.7682991027832,153400,0.0,0.0,0.0
2023-12-22 00:00:00-05:00,33.90469534499689,34.03135185952569,33.80434461437708,33.9144401550293,47700,0.0,0.0,0.0
2023-12-26 00:00:00-05:00,33.96316247291167,34.26323729372846,33.96316247291167,34.16775894165039,33900,0.0,0.0,0.0
2023-12-27 00:00:00-05:00,34.234984026601275,34.234984026601275,34.10930121491486,34.16775894165039,23400,0.0,0.0,0.0
2023-12-28 00:00:00-05:00,34.16775633454324,34.239853820360096,34.15801523910915,34.196983337402344,25900,0.0,0.0,0.0
2023-12-29 00:00:00-05:00,34.1969763879158,34.19795384216171,33.96315297944676,34.00212478637695,22000,0.0,0.0,0.0
2024-01-02 00:00:00-05:00,33.846243584284416,33.920288535880886,33.59487801402514,33.72932815551758,18300,0.0,0.0,0.0
2024-01-03 00:00:00-05:00,33.46627670121363,33.46627670121363,33.164254444053554,33.1934814453125,74000,0.0,0.0,0.0
2024-01-04 00:00:00-05:00,33.19347606188456,33.29090186131795,33.08630545257422,33.09605026245117,28500,0.0,0.0,0.0
2024-01-05 00:00:00-05:00,33.08631134033203,33.27629428462409,32.99862661861595,33.08631134033203,167200,0.0,0.0,0.0
2024-01-08 00:00:00-05:00,33.09604888019146,33.66112518310547,33.09604888019146,33.66112518310547,13800,0.0,0.0,0.0
2024-01-09 00:00:00-05:00,33.46627634609752,33.64164578490355,33.45653525130011,33.544219970703125,59600,0.0,0.0,0.0
2024-01-10 00:00:00-05:00,33.63190191843349,33.75855843970129,33.50427165942186,33.74881362915039,18100,0.0,0.0,0.0
2024-01-11 00:00:00-05:00,33.719580386682814,33.826750983560075,33.39904233361457,33.69035339355469,17700,0.0,0.0,0.0
2024-01-12 00:00:00-05:00,33.93392786405477,33.95341005204403,33.63190191843349,33.74881362915039,28100,0.0,0.0,0.0
2024-01-16 00:00:00-05:00,33.59293594779359,33.729333586761925,33.43899987671922,33.533504486083984,29900,0.0,0.0,0.0
2024-01-17 00:00:00-05:00,33.1642566155593,33.281168344806765,33.018114166582336,33.18374252319336,64300,0.0,0.0,0.0
2024-01-18 00:00:00-05:00,33.417564541410584,33.53447626561921,33.2129680949063,33.49355697631836,34500,0.0,0.0,0.0
2024-01-19 00:00:00-05:00,33.670872363038086,33.95340867610799,33.617287056848454,33.894954681396484,26500,0.0,0.0,0.0
2024-01-22 00:00:00-05:00,34.15801350985902,34.3333829512492,34.15801350985902,34.274925231933594,43700,0.0,0.0,0.0
2024-01-23 00:00:00-05:00,34.33337968998756,34.33337968998756,34.12877955009583,34.293434143066406,131000,0.0,0.0,0.0
2024-01-24 00:00:00-05:00,34.664629513690315,34.664629513690315,34.206720088502045,34.216461181640625,299300,0.0,0.0,0.0
2024-01-25 00:00:00-05:00,34.54771605275385,34.55746086300012,34.31389263862951,34.46977615356445,21200,0.0,0.0,0.0
2024-01-26 00:00:00-05:00,34.469784316730816,34.56721014292908,34.313900764879385,34.362613677978516,94000,0.0,0.0,0.0
2024-01-29 00:00:00-05:00,34.43081253883307,34.69386672973633,34.333386712523875,34.69386672973633,35700,0.0,0.0,0.0
2024-01-30 00:00:00-05:00,34.62566311274846,34.74354856925021,34.59156370660692,34.6948356628418,10900,0.0,0.0,0.0
2024-01-31 00:00:00-05:00,34.69385994044036,34.69385994044036,34.2359504699707,34.2359504699707,63000,0.0,0.0,0.0
2024-02-01 00:00:00-05:00,34.401577890330955,34.78154373168945,34.265176560626166,34.78154373168945,39900,0.0,0.0,0.0
2024-02-02 00:00:00-05:00,34.70360201601411,35.073826783812365,34.58181789523698,34.94717025756836,326300,0.0,0.0,0.0
2024-02-05 00:00:00-05:00,34.94717450631295,34.98614632167321,34.63151246494265,34.92768859863281,113900,0.0,0.0,0.0
2024-02-06 00:00:00-05:00,35.00562624774914,35.0543391503472,34.839997919048265,35.02511215209961,62700,0.0,0.0,0.0
2024-02-07 00:00:00-05:00,35.19073738479471,35.34662090579106,35.04459867442355,35.24919509887695,343700,0.0,0.0,0.0
2024-02-08 00:00:00-05:00,35.19073506589977,35.453789187101464,35.19073506589977,35.434303283691406,22700,0.0,0.0,0.0
2024-02-09 00:00:00-05:00,35.512248912225296,35.677873525773904,35.453791198678346,35.59993362426758,49000,0.0,0.0,0.0
2024-02-12 00:00:00-05:00,35.68761494230316,35.82596001968406,35.56680457572936,35.5804443359375,19700,0.0,0.0,0.0
2024-02-13 00:00:00-05:00,34.97639846801758,35.17709621688633,34.730879051932334,34.97639846801758,347900,0.0,0.0,0.0
2024-02-14 00:00:00-05:00,35.31641185417081,35.638897368612064,35.307644499917416,35.61941146850586,47600,0.0,0.0,0.0
2024-02-15 00:00:00-05:00,35.609677223527264,36.028614908696944,35.609677223527264,35.98964309692383,322300,0.0,0.0,0.0
2024-02-16 00:00:00-05:00,35.84350045786924,35.99938397135821,35.629159233113356,35.65838623046875,39900,0.0,0.0,0.0
2024-02-20 00:00:00-05:00,35.42456479278107,35.47327769660695,35.22288958005447,35.40507888793945,88100,0.0,0.0,0.0
2024-02-21 00:00:00-05:00,35.193668004361214,35.45379725514186,35.166388476690486,35.414825439453125,443000,0.0,0.0,0.0
2024-02-22 00:00:00-05:00,35.833757420290176,36.194241082767206,35.833757420290176,36.08707046508789,94700,0.0,0.0,0.0
2024-02-23 00:00:00-05:00,36.126043486501956,36.189369891547734,36.0480998650089,36.11629867553711,308400,0.0,0.0,0.0
2024-02-26 00:00:00-05:00,36.135784580910375,36.208855796921,36.10168517564627,36.11629867553711,41200,0.0,0.0,0.0
2024-02-27 00:00:00-05:00,36.19424316330934,36.19424316330934,36.03835963314872,36.077327728271484,30200,0.0,0.0,0.0
2024-02-28 00:00:00-05:00,35.96041644082919,36.15429804718455,35.92144462868277,36.05784225463867,24400,0.0,0.0,0.0
2024-02-29 00:00:00-05:00,36.281929358890245,36.40858217717107,36.25757104645957,36.350128173828125,156900,0.0,0.0,0.0
2024-03-01 00:00:00-05:00,36.41832601690758,36.83726370695005,36.35986829856796,36.80803298950195,37800,0.0,0.0,0.0
2024-03-04 00:00:00-05:00,36.993148280331155,37.178258818780975,36.95417646700803,37.100318908691406,47400,0.0,0.0,0.0
2024-03-05 00:00:00-05:00,36.915198009108664,36.915198009108664,36.31407109057593,36.46703338623047,63500,0.0,0.0,0.0
2024-03-06 00:00:00-05:00,36.86648263743536,37.02236613566012,36.75931203555164,36.827510833740234,38900,0.0,0.0,0.0
2024-03-07 00:00:00-05:00,37.13928586593844,37.37311302214614,37.138312128118734,37.31465530395508,35600,0.0,0.0,0.0
2024-03-08 00:00:00-05:00,37.460798007040815,37.5387379152922,37.02432188454063,37.05160140991211,49600,0.0,0.0,0.0
2024-03-11 00:00:00-04:00,37.00288781247754,37.00288781247754,36.65214894049708,36.91520309448242,29700,0.0,0.0,0.0
2024-03-12 00:00:00-04:00,37.00288441078882,37.31855010986328,36.85674570526923,37.31855010986328,22800,0.0,0.0,0.0
2024-03-13 00:00:00-04:00,37.31465582554467,37.3536276382168,37.13928638507669,37.20748519897461,32700,0.0,0.0,0.0
2024-03-14 00:00:00-04:00,37.246451908798896,37.246451908798896,36.73008846958426,36.97268295288086,288700,0.0,0.0,0.0
2024-03-15 00:00:00-04:00,36.72034861341105,36.94345722314075,36.72034861341105,36.8762321472168,91800,0.0,0.0,0.0
2024-03-18 00:00:00-04:00,37.022373631622976,37.149030160998564,36.94930241403873,37.00288772583008,43900,0.0,0.0,0.0
2024-03-19 00:00:00-04:00,36.84700333626991,37.10226386467727,36.759318620526116,37.0418586730957,47700,0.0,0.0,0.0
2024-03-20 00:00:00-04:00,37.06133831154081,37.4023323059082,36.97267987300529,37.4023323059082,78500,0.0,0.0,0.0
2024-03-21 00:00:00-04:00,37.67512931667036,37.91869752911293,37.606930514510914,37.831016540527344,14900,0.0,0.0,0.0
2024-03-22 00:00:00-04:00,37.782301799933244,37.782301799933244,37.528992481705835,37.57770538330078,19000,0.0,0.0,0.0
2024-03-25 00:00:00-04:00,37.5095058721323,37.58744948646287,37.441307067871094,37.441307067871094,47200,0.0,0.0,0.0
2024-03-26 00:00:00-04:00,37.5679680184802,37.58258151875356,37.246456146240234,37.246456146240234,49600,0.0,0.0,0.0
2024-03-27 00:00:00-04:00,37.51399157734614,37.855740237953746,37.51399157734614,37.84597396850586,53200,0.084,0.0,0.0
2024-03-28 00:00:00-04:00,37.92408647310868,38.031493080798654,37.92408647310868,37.992435455322266,80100,0.0,0.0,0.0
2024-04-01 00:00:00-04:00,38.07055175605987,38.07055175605987,37.74833192410483,37.816680908203125,355300,0.0,0.0,0.0
2024-04-02 00:00:00-04:00,37.47493913925935,37.50423049926758,37.23669355683227,37.50423049926758,493400,0.0,0.0,0.0
2024-04-03 00:00:00-04:00,37.338235600010094,37.723917531826835,37.338235600010094,37.68974304199219,129200,0.0,0.0,0.0
2024-04-04 00:00:00-04:00,37.96314595300779,38.021728669343844,37.09413422977973,37.16248321533203,51700,0.0,0.0,0.0
2024-04-05 00:00:00-04:00,37.21130058516957,37.738567340932796,37.21130058516957,37.631160736083984,176200,0.0,0.0,0.0
2024-04-08 00:00:00-04:00,37.63116242243011,37.77762293354533,37.591128914292824,37.68193435668945,32800,0.0,0.0,0.0
2024-04-09 00:00:00-04:00,37.86550522470595,37.94362048636512,37.35776719814336,37.75809860229492,36500,0.0,0.0,0.0
2024-04-10 00:00:00-04:00,37.16248491612618,37.25036271939246,37.025783214024884,37.191776275634766,155800,0.0,0.0,0.0
2024-04-11 00:00:00-04:00,37.240592312964615,37.387056543719034,36.97207952290166,37.25035858154297,41500,0.0,0.0,0.0
2024-04-12 00:00:00-04:00,37.025776662822324,37.084363096213956,36.50144130679374,36.58639144897461,40000,0.0,0.0,0.0
2024-04-15 00:00:00-04:00,36.95743259569508,36.95743259569508,36.05912951279783,36.19582748413086,95500,0.0,0.0,0.0
2024-04-16 00:00:00-04:00,36.14700730908921,36.26417646668742,35.93219408287552,36.08842086791992,23900,0.0,0.0,0.0
2024-04-17 00:00:00-04:00,36.14700738769135,36.14700738769135,35.65879821777344,35.65879821777344,20900,0.0,0.0,0.0
2024-04-18 00:00:00-04:00,35.82479064164996,35.96539587806104,35.52210331399334,35.66856384277344,27300,0.0,0.0,0.0
2024-04-19 00:00:00-04:00,35.56115242193718,35.66855903006144,35.131529714180346,35.25358200073242,31200,0.0,0.0,0.0
2024-04-22 00:00:00-04:00,35.209649088481214,35.68809202193627,35.19988281855892,35.46351623535156,20700,0.0,0.0,0.0
2024-04-23 00:00:00-04:00,35.53185796504845,35.94585907632746,35.53185796504845,35.83454895019531,97600,0.0,0.0,0.0
2024-04-24 00:00:00-04:00,36.11771178802262,36.11771178802262,35.697851653219175,35.93218994140625,36800,0.0,0.0,0.0
2024-04-25 00:00:00-04:00,35.60021001863751,36.112831111635664,35.52795750848697,36.05912780761719,15100,0.0,0.0,0.0
2024-04-26 00:00:00-04:00,36.129432031348074,36.36182231873264,36.129432031348074,36.246604919433594,22000,0.0,0.0,0.0
2024-04-29 00:00:00-04:00,36.27394548961036,36.49852127736381,36.27394548961036,36.4789924621582,275500,0.0,0.0,0.0
2024-04-30 00:00:00-04:00,36.28370354282453,36.34228998118818,35.717382870936675,35.736907958984375,200200,0.0,0.0,0.0
2024-05-01 00:00:00-04:00,35.561155203607676,36.10795083103898,35.37563705444336,35.37563705444336,307000,0.0,0.0,0.0
2024-05-02 00:00:00-04:00,35.67832112643221,35.81404319361023,35.24869474417792,35.79549026489258,60800,0.0,0.0,0.0
2024-05-03 00:00:00-04:00,36.17630662896189,36.31300463036761,36.02007980953519,36.13724899291992,39900,0.0,0.0,0.0
2024-05-06 00:00:00-04:00,36.303237168043076,36.52781295776367,36.303237168043076,36.52781295776367,32200,0.0,0.0,0.0
2024-05-07 00:00:00-04:00,36.51804554761444,36.72016112411923,36.51804554761444,36.59615707397461,16200,0.0,0.0,0.0
2024-05-08 00:00:00-04:00,36.391107062409034,36.59615399216995,36.391107062409034,36.58639144897461,21400,0.0,0.0,0.0
2024-05-09 00:00:00-04:00,36.60592231560504,36.87931823730469,36.57662723489431,36.87931823730469,15600,0.0,0.0,0.0
2024-05-10 00:00:00-04:00,37.035543240155974,37.14294983990132,37.016014428862285,37.06483459472656,13900,0.0,0.0,0.0
2024-05-13 00:00:00-04:00,37.240595803946256,37.240595803946256,36.88908459697662,36.98672866821289,55600,0.0,0.0,0.0
2024-05-14 00:00:00-04:00,37.08436724767278,37.230831485178065,37.01601826343439,37.2044677734375,57700,0.0,0.0,0.0
2024-05-15 00:00:00-04:00,37.445641632378305,37.80691909790039,37.445641632378305,37.80691909790039,38600,0.0,0.0,0.0
2024-05-16 00:00:00-04:00,37.69950970507424,37.69950970507424,37.513987851395164,37.52375411987305,20000,0.0,0.0,0.0
2024-05-17 00:00:00-04:00,37.55304580309263,37.63116105263617,37.4700511440077,37.572574615478516,25600,0.0,0.0,0.0
2024-05-20 00:00:00-04:00,37.67999026199207,37.87136745465574,37.67999026199207,37.77861022949219,8900,0.0,0.0,0.0
2024-05-21 00:00:00-04:00,37.66045067723809,37.67021694535204,37.580383667559424,37.63994598388672,18000,0.0,0.0,0.0
2024-05-22 00:00:00-04:00,37.62139274609241,37.73856561406038,37.39681700293034,37.49446105957031,29900,0.0,0.0,0.0
2024-05-23 00:00:00-04:00,37.69951395504228,37.69951395504228,36.97696272056666,37.03554916381836,19100,0.0,0.0,0.0
2024-05-24 00:00:00-04:00,37.16248078803834,37.36557596748281,37.16248078803834,37.25035858154297,43200,0.0,0.0,0.0
2024-05-28 00:00:00-04:00,37.357768066233945,37.357768066233945,36.99259075618772,37.10390090942383,25000,0.0,0.0,0.0
2024-05-29 00:00:00-04:00,36.69380359808043,36.79046806176908,36.57663071357374,36.594207763671875,23000,0.0,0.0,0.0
2024-05-30 00:00:00-04:00,36.58639623165089,36.69477872651256,36.49851843244574,36.625450134277344,44000,0.0,0.0,0.0
2024-05-31 00:00:00-04:00,36.67428168541864,36.762159502965424,36.176306144406496,36.74360656738281,37200,0.0,0.0,0.0
2024-06-03 00:00:00-04:00,36.9086130832481,36.9086130832481,36.020072528966324,36.400875091552734,15900,0.0,0.0,0.0
2024-06-04 00:00:00-04:00,36.234883414418896,36.361818835314345,36.11771426229858,36.27394104003906,29800,0.0,0.0,0.0
2024-06-05 00:00:00-04:00,36.518039690050266,36.84025573730469,36.361812937648814,36.84025573730469,25700,0.0,0.0,0.0
2024-06-06 00:00:00-04:00,36.674275088961956,36.674275088961956,36.537573389234076,36.61080551147461,21400,0.0,0.0,0.0
2024-06-07 00:00:00-04:00,36.43992543768736,36.674267435001546,36.40086781734505,36.55709457397461,16800,0.0,0.0,0.0
2024-06-10 00:00:00-04:00,36.32276388233098,36.771915435791016,36.32276388233098,36.771915435791016,13600,0.0,0.0,0.0
2024-06-11 00:00:00-04:00,36.41063652891664,36.71332379503866,36.41063652891664,36.68403244018555,25000,0.0,0.0,0.0
2024-06-12 00:00:00-04:00,37.20153256552106,37.2484009676987,36.976956822653996,37.1722412109375,31800,0.0,0.0,0.0
2024-06-13 00:00:00-04:00,36.957433906149426,37.03554916381836,36.75238694187923,37.03554916381836,17000,0.0,0.0,0.0
2024-06-14 00:00:00-04:00,36.781676282619735,36.85002899169922,36.51804661430588,36.85002899169922,12400,0.0,0.0,0.0
2024-06-17 00:00:00-04:00,36.66451018789749,37.09901607807047,36.57858787169307,36.967201232910156,35400,0.0,0.0,0.0
2024-06-18 00:00:00-04:00,37.01602582472232,37.28942181752265,37.01602582472232,37.279659271240234,25500,0.0,0.0,0.0
2024-06-20 00:00:00-04:00,37.19177243538683,37.29527178973876,37.035545659571405,37.1058464050293,20100,0.0,0.0,0.0
2024-06-21 00:00:00-04:00,37.17223910585936,37.17223910585936,36.879314402392495,37.126346588134766,30500,0.0,0.0,0.0
2024-06-24 00:00:00-04:00,37.14295853248106,37.31871415051652,37.14295853248106,37.211307525634766,246900,0.0,0.0,0.0
2024-06-25 00:00:00-04:00,37.12809890915331,37.12809890915331,36.89317125334566,37.020423889160156,246900,0.095,0.0,0.0
2024-06-26 00:00:00-04:00,36.79528867553323,36.88338608393629,36.74634650065344,36.88044738769531,35500,0.0,0.0,0.0
2024-06-27 00:00:00-04:00,36.87359567251447,37.079158782958984,36.87359567251447,37.079158782958984,26200,0.0,0.0,0.0
2024-06-28 00:00:00-04:00,37.255354384048,37.41197158850545,37.128101738536095,37.17704391479492,17200,0.0,0.0,0.0
2024-07-01 00:00:00-04:00,37.29449960047466,37.31407721448909,36.883380908315914,37.06936264038086,49300,0.0,0.0,0.0
2024-07-02 00:00:00-04:00,36.95190379383877,37.343448638916016,36.95190379383877,37.343448638916016,19700,0.0,0.0,0.0
2024-07-03 00:00:00-04:00,37.27493186836697,37.431549072265625,37.26514119272092,37.431549072265625,243000,0.0,0.0,0.0
2024-07-05 00:00:00-04:00,37.44133337747198,37.44133337747198,37.16725422346049,37.392391204833984,16200,0.0,0.0,0.0
2024-07-08 00:00:00-04:00,37.59795195107342,37.59795195107342,37.35617230701397,37.470699310302734,38100,0.0,0.0,0.0
2024-07-09 00:00:00-04:00,37.50006661896352,37.52943117604507,37.31408113331779,37.44133377075195,17500,0.0,0.0,0.0
2024-07-10 00:00:00-04:00,37.4021799816781,37.70562744140625,37.314082572985974,37.70562744140625,26100,0.0,0.0,0.0
2024-07-11 00:00:00-04:00,37.90139966807226,38.08738142582674,37.90139966807226,37.96012878417969,32700,0.0,0.0,0.0
2024-07-12 00:00:00-04:00,38.09717019587494,38.52884863703826,38.09717019587494,38.27336502075195,82900,0.0,0.0,0.0
2024-07-15 00:00:00-04:00,38.38103767916824,38.61596534250362,38.38103767916824,38.537654876708984,263800,0.0,0.0,0.0
2024-07-16 00:00:00-04:00,38.518078302024776,38.96835602442515,38.49165243985532,38.938987731933594,22500,0.0,0.0,0.0
2024-07-17 00:00:00-04:00,38.64533255688395,38.7530075877296,38.32720280230785,38.390830993652344,38000,0.0,0.0,0.0
2024-07-18 00:00:00-04:00,38.36146039084168,38.693294084494994,37.93076402743283,38.028648376464844,33400,0.0,0.0,0.0
2024-07-19 00:00:00-04:00,38.18526578271679,38.18526578271679,37.774147033691406,37.774147033691406,8300,0.0,0.0,0.0
2024-07-22 00:00:00-04:00,38.136320353221116,38.567020416259766,38.10695579766785,38.567020416259766,22700,0.0,0.0,0.0
2024-07-23 00:00:00-04:00,38.35167265559852,38.40061482910132,38.11674499511719,38.11674499511719,25600,0.0,0.0,0.0
2024-07-24 00:00:00-04:00,38.01886265337341,38.11479036403208,37.338556323871565,37.431549072265625,68900,0.0,0.0,0.0
2024-07-25 00:00:00-04:00,37.353234118744254,37.89160545913216,37.26513671875,37.26513671875,29900,0.0,0.0,0.0
2024-07-26 00:00:00-04:00,37.65668467164198,38.01690460064208,37.61752943860863,37.91118621826172,27300,0.0,0.0,0.0
2024-07-29 00:00:00-04:00,38.00907371409161,38.00907371409161,37.754568437352184,37.849517822265625,23700,0.0,0.0,0.0
2024-07-30 00:00:00-04:00,38.03844025822859,38.03844025822859,37.607740147111045,37.617530822753906,69600,0.0,0.0,0.0
2024-07-31 00:00:00-04:00,38.1265354621266,38.48871202492852,38.038438056683056,38.243019104003906,37000,0.0,0.0,0.0
2024-08-01 00:00:00-04:00,38.22441974220395,38.469134342005574,37.2651389590674,37.627315521240234,35200,0.0,0.0,0.0
2024-08-02 00:00:00-04:00,37.08894061882084,37.08894061882084,36.247121878169374,36.746341705322266,39800,0.0,0.0,0.0
2024-08-05 00:00:00-04:00,35.36615835130921,36.167843695005466,35.2584833197724,35.83600997924805,103500,0.0,0.0,0.0
2024-08-06 00:00:00-04:00,35.884947450151344,36.80507296741993,35.884947450151344,36.36458969116211,79100,0.0,0.0,0.0
2024-08-07 00:00:00-04:00,36.73655658218316,36.942119695391526,35.94368362426758,35.94368362426758,61200,0.0,0.0,0.0
2024-08-08 00:00:00-04:00,36.345014105167266,37.00084745287122,36.286281255830936,36.98126983642578,37000,0.0,0.0,0.0
2024-08-09 00:00:00-04:00,36.92253974001139,37.08698723292508,36.73655425574606,36.951904296875,34400,0.0,0.0,0.0
2024-08-12 00:00:00-04:00,37.09873788717535,37.137889388499936,36.88338782667071,36.937225341796875,20600,0.0,0.0,0.0
2024-08-13 00:00:00-04:00,37.16725489869455,37.51964452256758,37.11733067041516,37.50104522705078,23700,0.0,0.0,0.0
2024-08-14 00:00:00-04:00,37.60773731608086,37.73498995151798,37.46482408165247,37.64689254760742,30500,0.0,0.0,0.0
2024-08-15 00:00:00-04:00,38.11674925418641,38.38887180204064,38.11674925418641,38.35167694091797,25700,0.0,0.0,0.0
2024-08-16 00:00:00-04:00,38.19505913846723,38.371253967285156,38.10891836565324,38.371253967285156,22100,0.0,0.0,0.0
2024-08-19 00:00:00-04:00,38.33209511206166,38.6746940612793,38.25378838111841,38.6746940612793,257700,0.0,0.0,0.0
2024-08-20 00:00:00-04:00,38.57680589346009,38.604213806683035,38.31251370136107,38.48870849609375,14200,0.0,0.0,0.0
2024-08-21 00:00:00-04:00,38.576808336576306,38.77258075801647,38.508288549179504,38.75887680053711,36100,0.0,0.0,0.0
2024-08-22 00:00:00-04:00,38.84109847700379,38.870463031739135,38.488708883987016,38.51416015625,37700,0.0,0.0,0.0
2024-08-23 00:00:00-04:00,38.90961661575133,39.05644685131677,38.78236399386449,38.96834945678711,35300,0.0,0.0,0.0
2024-08-26 00:00:00-04:00,39.18370371616301,39.203281333827206,38.84110474216147,38.865577697753906,23100,0.0,0.0,0.0
2024-08-27 00:00:00-04:00,38.73342591493041,38.98793118556663,38.68546206327217,38.97031021118164,21600,0.0,0.0,0.0
2024-08-28 00:00:00-04:00,38.87046648971016,38.87046648971016,38.518076865344305,38.6746940612793,43500,0.0,0.0,0.0
2024-08-29 00:00:00-04:00,38.86263548200532,39.23264607446786,38.78236837706567,38.94877624511719,61700,0.0,0.0,0.0
2024-08-30 00:00:00-04:00,39.07603058074567,39.330535888671875,38.74322226646346,39.330535888671875,23900,0.0,0.0,0.0
2024-09-03 00:00:00-04:00,38.890038336025924,38.890038336025924,38.077587919542765,38.0942268371582,87200,0.0,0.0,0.0
2024-09-04 00:00:00-04:00,38.02864602032102,38.24399605570727,37.969916908159924,38.106956481933594,42300,0.0,0.0,0.0
2024-09-05 00:00:00-04:00,38.05801588545727,38.05801588545727,37.66157569172176,37.744781494140625,13700,0.0,0.0,0.0
2024-09-06 00:00:00-04:00,37.8720380530321,37.96013547677391,37.24067380522399,37.37282180786133,14300,0.0,0.0,0.0
2024-09-09 00:00:00-04:00,37.59795670728788,37.86224896353038,37.58816976478217,37.720314025878906,21600,0.0,0.0,0.0
2024-09-10 00:00:00-04:00,37.79372307734495,37.87202980692678,37.50985324775788,37.76435852050781,25700,0.0,0.0,0.0
2024-09-11 00:00:00-04:00,37.823092266402355,38.244001724843024,37.1868364747017,38.234214782714844,17100,0.0,0.0,0.0
2024-09-12 00:00:00-04:00,38.2831559628067,38.42998249519266,38.09717046078284,38.390830993652344,13100,0.0,0.0,0.0
2024-09-13 00:00:00-04:00,38.59638721386952,38.85088875622772,38.59638721386952,38.74321746826172,14000,0.0,0.0,0.0
2024-09-16 00:00:00-04:00,38.8704719543457,38.88026263087035,38.7530099743931,38.8704719543457,68900,0.0,0.0,0.0
2024-09-17 00:00:00-04:00,39.00750977182305,39.17391765870098,38.83131494291647,38.929203033447266,237800,0.0,0.0,0.0
2024-09-18 00:00:00-04:00,39.027084256821624,39.399051502879296,38.841102500817065,38.875362396240234,15200,0.0,0.0,0.0
2024-09-19 00:00:00-04:00,39.37947616936137,39.66334602449553,39.3598985516919,39.58601760864258,71900,0.0,0.0,0.0
2024-09-20 00:00:00-04:00,39.418632712130474,39.418632712130474,39.183705026353564,39.35011291503906,73500,0.0,0.0,0.0
2024-09-23 00:00:00-04:00,39.51651019594752,39.624185210946955,39.4675680256882,39.58699035644531,112600,0.0,0.0,0.0
2024-09-24 00:00:00-04:00,39.7808091468558,39.82975132542042,39.62419193501971,39.79059982299805,42600,0.0,0.0,0.0
2024-09-25 00:00:00-04:00,39.78077875994471,39.84946751944593,39.427520143506065,39.49424743652344,26700,0.1,0.0,0.0
2024-09-26 00:00:00-04:00,40.04573038189224,40.05554145944472,39.7268160842049,39.82984924316406,18500,0.0,0.0,0.0
2024-09-27 00:00:00-04:00,39.937782763097836,39.997641181048685,39.69442615826883,39.74152755737305,27400,0.0,0.0,0.0
2024-09-30 00:00:00-04:00,39.63359299989085,39.908348083496094,39.466778482918315,39.908348083496094,133200,0.0,0.0,0.0
2024-10-01 00:00:00-04:00,39.829839978800045,39.829839978800045,39.37845565123009,39.574710845947266,25900,0.0,0.0,0.0
2024-10-02 00:00:00-04:00,39.51583493308957,39.76115300165115,39.36864259464996,39.623775482177734,27500,0.0,0.0,0.0
2024-10-03 00:00:00-04:00,39.50602083437464,39.66302425138618,39.42752099749723,39.643402099609375,38800,0.0,0.0,0.0
2024-10-04 00:00:00-04:00,39.947594686634524,39.947594686634524,39.56489908614131,39.86909484863281,15600,0.0,0.0,0.0
2024-10-07 00:00:00-04:00,39.623778842816606,39.71994311460404,39.45794132888127,39.559993743896484,25700,0.0,0.0,0.0
2024-10-08 00:00:00-04:00,39.63358655788726,39.644382110098746,39.476583143738125,39.623775482177734,21000,0.0,0.0,0.0
2024-10-09 00:00:00-04:00,39.70227502484762,40.04572256425514,39.70227502484762,40.03590774536133,18000,0.0,0.0,0.0
2024-10-10 00:00:00-04:00,39.898531839883745,39.96722060189081,39.77979947791632,39.912269592285156,9000,0.0,0.0,0.0
2024-10-11 00:00:00-04:00,39.92797145633807,40.467674255371094,39.92797145633807,40.467674255371094,10400,0.0,0.0,0.0
2024-10-14 00:00:00-04:00,40.38917257555995,40.73261642456055,40.36660447784197,40.73261642456055,21300,0.0,0.0,0.0
2024-10-15 00:00:00-04:00,40.59523471234869,40.62467542727781,39.957409952155835,39.986846923828125,25200,0.0,0.0,0.0
2024-10-16 00:00:00-04:00,40.114420407569874,40.24885201350205,40.07516860961914,40.07516860961914,26300,0.0,0.0,0.0
2024-10-17 00:00:00-04:00,40.251792350585916,40.266510836952975,40.026100158691406,40.026100158691406,29900,0.0,0.0,0.0
2024-10-18 00:00:00-04:00,40.26160326289729,40.36954382015818,40.222355213830824,40.2321662902832,36900,0.0,0.0,0.0
2024-10-21 00:00:00-04:00,40.261601043140566,40.271415862308764,39.8887202663972,40.06534957885742,19500,0.0,0.0,0.0
2024-10-22 00:00:00-04:00,39.829841287995265,39.87890415247312,39.59433429794231,39.820030212402344,37600,0.0,0.0,0.0
2024-10-23 00:00:00-04:00,39.60415095953363,39.702276693055026,39.339206987117706,39.66302490234375,26200,0.0,0.0,0.0
2024-10-24 00:00:00-04:00,39.68265446359195,39.68265446359195,39.42752528691335,39.44715118408203,18500,0.0,0.0,0.0
2024-10-25 00:00:00-04:00,39.71209518097354,39.75134323205377,39.349021698238616,39.44715118408203,17300,0.0,0.0,0.0
2024-10-28 00:00:00-04:00,39.52564484578579,39.643400210375276,39.4667709067476,39.50798416137695,36300,0.0,0.0,0.0
2024-10-29 00:00:00-04:00,39.47658833977753,39.73760566113299,39.47462687302878,39.65223693847656,14900,0.0,0.0,0.0
2024-10-30 00:00:00-04:00,39.37845776267408,39.6335869092067,39.3097690023285,39.319580078125,32200,0.0,0.0,0.0
2024-10-31 00:00:00-04:00,39.1920163238847,39.1920163238847,38.799509629714116,38.86819839477539,26900,0.0,0.0,0.0
2024-11-01 00:00:00-04:00,38.87800907470783,39.16257895177747,38.81913512997406,38.85838317871094,78500,0.0,0.0,0.0
2024-11-04 00:00:00-05:00,38.86819780058013,39.17238982884205,38.86819780058013,38.97809982299805,15900,0.0,0.0,0.0
2024-11-05 00:00:00-05:00,39.309774364556056,39.56490354589073,39.309774364556056,39.46677780151367,13800,0.0,0.0,0.0
2024-11-06 00:00:00-05:00,40.457859815923285,40.89943313598633,40.243943904240645,40.89943313598633,122400,0.0,0.0,0.0
2024-11-07 00:00:00-05:00,40.97793309289107,41.01522341990833,40.82092966124234,41.00737380981445,14900,0.0,0.0,0.0
2024-11-08 00:00:00-05:00,40.948497702200456,41.26250457763672,40.948497702200456,41.26250457763672,16700,0.0,0.0,0.0
2024-11-11 00:00:00-05:00,41.19381155510551,41.24974329876262,41.06624510536047,41.14474868774414,27400,0.0,0.0,0.0
2024-11-12 00:00:00-05:00,41.06624647711505,41.119236022668375,40.73752113723077,40.762054443359375,103600,0.0,0.0,0.0
2024-11-13 00:00:00-05:00,40.869995992340364,40.9975587061834,40.732614715248005,40.73752212524414,25900,0.0,0.0,0.0
2024-11-14 00:00:00-05:00,40.74242608484543,40.75223716074976,40.29104172811141,40.379356384277344,18300,0.0,0.0,0.0
2024-11-15 00:00:00-05:00,40.20272791044792,40.25179077750635,39.702276933984194,39.87890625,57800,0.0,0.0,0.0
2024-11-18 00:00:00-05:00,39.90834346115544,40.09478759765625,39.83965469820993,40.09478759765625,33800,0.0,0.0,0.0
2024-11-19 00:00:00-05:00,39.75134207045237,40.153663592511,39.721905097188106,40.04572677612305,29200,0.0,0.0,0.0
2024-11-20 00:00:00-05:00,40.15366177963966,40.3106689453125,39.89853262193503,40.3106689453125,258600,0.0,0.0,0.0
2024-11-21 00:00:00-05:00,40.546178935588685,40.96812640521073,40.389175487119374,40.908267974853516,241000,0.0,0.0,0.0
2024-11-22 00:00:00-05:00,41.02699678191609,41.24287414550781,41.02699678191609,41.24287414550781,22900,0.0,0.0,0.0
2024-11-25 00:00:00-05:00,41.50782041111236,41.65010535364046,41.324322208811196,41.40969467163086,25500,0.0,0.0,0.0
2024-11-26 00:00:00-05:00,41.56669793367911,41.615760803222656,41.360631635642015,41.615760803222656,26100,0.0,0.0,0.0
2024-11-27 00:00:00-05:00,41.664824923410436,41.664824923410436,41.389089117749386,41.428340911865234,22700,0.0,0.0,0.0
2024-11-29 00:00:00-05:00,41.5568775337499,41.68640543844609,41.5568775337499,41.56669235229492,17800,0.0,0.0,0.0
2024-12-02 00:00:00-05:00,41.605946786847426,41.605946786847426,41.37927013176601,41.429317474365234,28600,0.0,0.0,0.0
2024-12-03 00:00:00-05:00,41.37044137758737,41.41950424554808,41.20362687786955,41.316471099853516,39700,0.0,0.0,0.0
2024-12-04 00:00:00-05:00,41.429319729871985,41.429319729871985,41.213438615472526,41.282127380371094,35400,0.0,0.0,0.0
2024-12-05 00:00:00-05:00,41.16927758702061,41.19380714644767,40.91905212402344,40.91905212402344,36700,0.0,0.0,0.0
2024-12-06 00:00:00-05:00,41.09568879925573,41.09568879925573,40.879807675309074,41.01718521118164,203900,0.0,0.0,0.0
2024-12-09 00:00:00-05:00,41.125121124435864,41.125121124435864,40.57560729980469,40.57560729980469,23100,0.0,0.0,0.0
2024-12-10 00:00:00-05:00,40.634485697326284,40.634485697326284,40.19487762451172,40.19487762451172,18600,0.0,0.0,0.0
2024-12-11 00:00:00-05:00,40.408798829507056,40.44805062495537,40.27142128869517,40.32048416137695,18900,0.0,0.0,0.0
2024-12-12 00:00:00-05:00,40.241977972916395,40.310670482145575,40.14385223388672,40.14385223388672,25200,0.0,0.0,0.0
2024-12-13 00:00:00-05:00,40.22235610222265,40.23412864557413,39.95741211307325,40.04572677612305,21600,0.0,0.0,0.0
2024-12-16 00:00:00-05:00,40.043757127964476,40.24825280457774,39.96510696411133,39.96510696411133,32800,0.078,0.0,0.0
2024-12-17 00:00:00-05:00,39.88645167635312,39.96117139217443,39.67015716996116,39.82746124267578,31000,0.0,0.0,0.0
2024-12-18 00:00:00-05:00,39.75864047727514,39.79796743259711,38.362567317168796,38.4707145690918,20700,0.0,0.0,0.0
2024-12-19 00:00:00-05:00,38.588696661829594,38.8236683118992,38.0676275630926,38.077457427978516,32600,0.0,0.0,0.0
2024-12-20 00:00:00-05:00,37.89065761439229,38.89347253897823,37.89065761439229,38.56903076171875,25600,0.0,0.0,0.0
2024-12-23 00:00:00-05:00,38.470715249349794,38.6722593356952,38.294730309033234,38.65751266479492,22800,0.0,0.0,0.0
2024-12-24 00:00:00-05:00,38.687003016239764,39.080265045166016,38.63784620023015,39.080265045166016,33600,0.0,0.0,0.0
2024-12-26 00:00:00-05:00,38.873812363287065,39.09010314941406,38.85414888265271,39.09010314941406,9900,0.0,0.0,0.0
2024-12-27 00:00:00-05:00,38.706671405747855,38.804988800671126,38.421560336533204,38.628021240234375,25200,0.0,0.0,0.0
2024-12-30 00:00:00-05:00,38.274087890753655,38.39698182727665,38.08729045739182,38.33897399902344,16000,0.0,0.0,0.0
2024-12-31 00:00:00-05:00,38.43139386962058,38.460887215700545,38.14627902276264,38.250492095947266,20700,0.0,0.0,0.0
2025-01-02 00:00:00-05:00,38.58869085410544,38.647681285818784,38.05778821995975,38.1069450378418,82500,0.0,0.0,0.0
2025-01-03 00:00:00-05:00,38.43139017825255,38.863975464385604,38.42156031397856,38.687007904052734,275100,0.0,0.0,0.0
2025-01-06 00:00:00-05:00,39.06060477074692,39.326056099469334,38.938693456777365,39.070438385009766,27500,0.0,0.0,0.0
2025-01-07 00:00:00-05:00,39.14909038656428,39.1746532843389,38.69684162027166,38.92296600341797,37700,0.0,0.0,0.0
2025-01-08 00:00:00-05:00,38.8148137382045,39.080265045166016,38.60835286070931,39.080265045166016,205400,0.0,0.0,0.0
2025-01-10 00:00:00-05:00,38.74599828359929,38.74599828359929,38.313412998106784,38.33307647705078,127700,0.0,0.0,0.0
2025-01-13 00:00:00-05:00,38.097116047124736,38.706668853759766,38.097116047124736,38.706668853759766,157300,0.0,0.0,0.0
2025-01-14 00:00:00-05:00,38.84430896456814,39.10976028442383,38.66734516842253,39.10976028442383,231700,0.0,0.0,0.0
2025-01-15 00:00:00-05:00,39.75864408792498,39.78814118230766,39.522689835414866,39.64066696166992,60400,0.0,0.0,0.0
2025-01-16 00:00:00-05:00,39.77829829622379,40.1518968177861,39.67015105968541,40.142066955566406,21100,0.0,0.0,0.0
2025-01-17 00:00:00-05:00,40.26988156982387,40.476342469494426,40.23350619714622,40.31903839111328,61800,0.0,0.0,0.0
2025-01-21 00:00:00-05:00,40.6729680788759,41.056396484375,40.66313821609945,41.056396484375,109900,0.0,0.0,0.0
2025-01-22 00:00:00-05:00,41.18421743123964,41.25205512756098,41.06624029649945,41.095733642578125,40200,0.0,0.0,0.0
2025-01-23 00:00:00-05:00,41.05640416812687,41.23337173461914,40.82044991308735,41.23337173461914,29100,0.0,0.0,0.0
2025-01-24 00:00:00-05:00,41.125226944559834,41.18421363127462,40.95808924787592,41.0367431640625,54300,0.0,0.0,0.0
2025-01-27 00:00:00-05:00,40.19123261104954,40.274799584789946,39.837297486472345,40.043758392333984,59400,0.0,0.0,0.0
2025-01-28 00:00:00-05:00,40.08308347494709,40.15190377368039,39.827462007859125,40.132240295410156,51800,0.0,0.0,0.0
2025-01-29 00:00:00-05:00,40.043756451416044,40.22564081229262,39.87662251203621,39.95527267456055,20100,0.0,0.0,0.0
2025-01-30 00:00:00-05:00,40.26004679529994,40.643475205186434,40.26004679529994,40.59431838989258,28200,0.0,0.0,0.0
2025-01-31 00:00:00-05:00,40.554995109768775,40.73196266119085,40.20106000692462,40.240386962890625,21200,0.0,0.0,0.0
2025-02-03 00:00:00-05:00,39.62100364867349,40.25021999191079,39.62100364867349,40.17156982421875,87700,0.0,0.0,0.0
2025-02-04 00:00:00-05:00,40.0535927129601,40.289546966552734,40.0535927129601,40.289546966552734,31700,0.0,0.0,0.0
2025-02-05 00:00:00-05:00,40.31903853932335,40.61398696899414,40.11257763889386,40.61398696899414,22500,0.0,0.0,0.0
2025-02-06 00:00:00-05:00,40.77129106869425,40.77129106869425,40.382945803160226,40.731964111328125,40000,0.0,0.0,0.0
2025-02-07 00:00:00-05:00,40.82044786942363,40.88435136229226,40.44684927548569,40.61398696899414,50100,0.0,0.0,0.0
2025-02-10 00:00:00-05:00,40.84011267431161,40.869606018066406,40.59432480855445,40.869606018066406,30800,0.0,0.0,0.0
2025-02-11 00:00:00-05:00,40.59432380588272,40.70247106421269,40.463565234594256,40.64249801635742,28200,0.0,0.0,0.0
2025-02-12 00:00:00-05:00,40.132239102739575,40.427183767177674,40.12240923910909,40.30134201049805,229000,0.0,0.0,0.0
2025-02-13 00:00:00-05:00,40.41735720498549,40.81061553955078,40.33870328781732,40.81061553955078,42200,0.0,0.0,0.0
2025-02-14 00:00:00-05:00,40.8794383687971,40.89909809707555,40.692637196326096,40.79095458984375,196800,0.0,0.0,0.0
2025-02-18 00:00:00-05:00,40.908931772900154,41.1448860168457,40.8204479938143,41.1448860168457,36800,0.0,0.0,0.0
2025-02-19 00:00:00-05:00,40.89909752907551,41.15471899824631,40.84011084420919,41.0170783996582,24000,0.0,0.0,0.0
2025-02-20 00:00:00-05:00,41.09572691165038,41.09572691165038,40.712298473726094,40.94530487060547,179700,0.0,0.0,0.0
2025-02-21 00:00:00-05:00,40.987582242981325,40.987582242981325,39.935610500687346,40.09291458129883,22200,0.0,0.0,0.0
2025-02-24 00:00:00-05:00,40.14207386319745,40.14207386319745,39.81664948640388,39.89628601074219,26700,0.0,0.0,0.0
2025-02-25 00:00:00-05:00,39.8667888508618,39.8667888508618,39.404710239314916,39.71931838989258,50300,0.0,0.0,0.0
2025-02-26 00:00:00-05:00,39.9061132963218,40.240384904080685,39.77830257118391,39.821563720703125,31900,0.0,0.0,0.0
2025-02-27 00:00:00-05:00,39.994596879623785,40.03588905595401,39.365380621015795,39.38504409790039,34100,0.0,0.0,0.0
2025-02-28 00:00:00-05:00,39.40470903489556,39.87662124633789,39.18841453157517,39.87662124633789,39200,0.0,0.0,0.0
2025-03-03 00:00:00-05:00,40.00442728583984,40.04670582444917,38.94262577263305,39.2179069519043,26200,0.0,0.0,0.0
2025-03-04 00:00:00-05:00,38.99178817671906,39.247405915461606,38.287852095710775,38.71650695800781,161800,0.0,0.0,0.0
2025-03-05 00:00:00-05:00,38.637848077044225,39.27689796748474,38.56902778120291,39.10976028442383,39700,0.0,0.0,0.0
2025-03-06 00:00:00-05:00,38.76566434437597,38.962295396486624,38.31341554981924,38.54936981201172,73400,0.0,0.0,0.0
2025-03-07 00:00:00-05:00,38.3920588597332,38.8344777103154,37.94964000915099,38.79515075683594,61500,0.0,0.0,0.0
2025-03-10 00:00:00-04:00,38.234758215093336,38.392062292652206,37.4187444847645,37.79233932495117,82900,0.0,0.0,0.0
2025-03-11 00:00:00-04:00,37.78250679675208,37.859191732189416,37.21227721179418,37.399078369140625,80800,0.0,0.0,0.0
2025-03-12 00:00:00-04:00,37.82183123469193,37.92997847639752,37.41873935678669,37.53671646118164,95800,0.0,0.0,0.0
2025-03-13 00:00:00-04:00,37.44823818347398,37.507228619529016,36.84065056867992,36.917335510253906,24800,0.0,0.0,0.0
2025-03-14 00:00:00-04:00,37.32042773677513,37.86116027832031,37.32042773677513,37.86116027832031,41500,0.0,0.0,0.0
2025-03-17 00:00:00-04:00,37.75301637252135,38.62113851423503,37.75301637252135,38.50020980834961,35000,0.0,0.0,0.0
2025-03-18 00:00:00-04:00,38.25441986867405,38.25441986867405,37.910318387437115,37.95161056518555,51000,0.0,0.0,0.0
2025-03-19 00:00:00-04:00,38.06762705683234,38.50021236414168,37.97914327233437,38.42156219482422,46000,0.0,0.0,0.0
2025-03-20 00:00:00-04:00,38.12661174017715,38.431390037506496,38.072538110805404,38.21509552001953,23600,0.0,0.0,0.0
2025-03-21 00:00:00-04:00,37.753015531626254,37.949642812700105,37.59767667920393,37.90048599243164,31000,0.0,0.0,0.0
2025-03-24 00:00:00-04:00,38.3724023259785,38.78532791137695,38.3724023259785,38.78532791137695,117800,0.0,0.0,0.0
2025-03-25 00:00:00-04:00,38.78532529891829,38.87380907908473,38.64768469653164,38.687007904052734,21300,0.0,0.0,0.0
2025-03-26 00:00:00-04:00,38.80498805845465,38.80498805845465,38.31832540134932,38.441219329833984,21400,0.0,0.0,0.0
2025-03-27 00:00:00-04:00,38.357387505632424,38.532951119147164,38.041770316414265,38.258758544921875,137100,0.125,0.0,0.0
2025-03-28 00:00:00-04:00,38.1601243329008,38.1601243329008,37.51409601180874,37.696563720703125,146100,0.0,0.0,0.0
2025-03-31 00:00:00-04:00,37.29217945029486,37.933275202933196,37.10477916244612,37.88396072387695,85900,0.0,0.0,0.0
2025-04-01 00:00:00-04:00,37.72614917378458,38.01316416006693,37.37107893250938,37.96286392211914,151500,0.0,0.0,0.0
2025-04-02 00:00:00-04:00,37.568339716202864,38.40867235005099,37.528886631995185,38.38697052001953,86100,0.0,0.0,0.0
2025-04-03 00:00:00-04:00,36.87792692771371,37.18368269605646,36.06915748882339,36.14806365966797,129000,0.0,0.0,0.0
2025-04-04 00:00:00-04:00,35.06312909329398,35.10258218176333,33.761207273434124,33.86970138549805,138900,0.0,0.0,0.0
2025-04-07 00:00:00-04:00,32.83407808587237,37.745874100907294,32.266952239354765,33.68230056762695,121200,0.0,0.0,0.0
2025-04-08 00:00:00-04:00,34.88558697924991,34.88558697924991,32.626952671765615,33.04119873046875,85000,0.0,0.0,0.0
2025-04-09 00:00:00-04:00,32.88339344109545,36.283183798344965,32.748268696028155,36.069156646728516,49400,0.0,0.0,0.0
2025-04-10 00:00:00-04:00,35.299837951531245,35.31956449246318,34.01764289057939,34.92504119873047,76600,0.0,0.0,0.0
2025-04-11 00:00:00-04:00,34.8264126860731,35.53654935611665,34.4378077260722,35.516822814941406,113800,0.0,0.0,0.0
2025-04-14 00:00:00-04:00,36.00997801451458,36.14313123777026,35.645046378932825,35.842308044433594,34500,0.0,0.0,0.0
2025-04-15 00:00:00-04:00,35.960663139809704,36.21217185459431,35.81271971416539,35.852169036865234,36700,0.0,0.0,0.0
2025-04-16 00:00:00-04:00,35.625314906840366,35.921205482923945,35.082848223611656,35.36887741088867,44600,0.0,0.0,0.0
2025-04-17 00:00:00-04:00,35.50696752583834,35.80285816939626,35.44778789214529,35.4576530456543,23000,0.0,0.0,0.0
2025-04-21 00:00:00-04:00,35.181483114662186,35.26038928827794,34.254358149397696,34.60942840576172,72200,0.0,0.0,0.0
2025-04-22 00:00:00-04:00,35.043403871420104,35.520776477533545,35.043403871420104,35.43792724609375,76300,0.0,0.0,0.0
2025-04-23 00:00:00-04:00,36.30587048803632,36.67573468051343,35.871894094226505,35.89162063598633,37200,0.0,0.0,0.0
2025-04-24 00:00:00-04:00,36.0888863935784,36.92724382017987,36.06915984957614,36.887794494628906,79200,0.0,0.0,0.0
2025-04-25 00:00:00-04:00,36.749705674388174,36.96669387817383,36.61162364014394,36.96669387817383,30900,0.0,0.0,0.0
2025-04-28 00:00:00-04:00,36.887794932163715,37.094918002963844,36.62642104287372,36.9765625,16000,0.0,0.0,0.0
2025-04-29 00:00:00-04:00,36.81875138331499,37.24285888671875,36.81875138331499,37.24285888671875,67000,0.0,0.0,0.0
2025-04-30 00:00:00-04:00,36.70039398545831,37.223137992216884,36.40943592870847,37.193546295166016,21700,0.0,0.0,0.0
2025-05-01 00:00:00-04:00,37.31190608969134,37.68177032723807,37.190589536189385,37.38094711303711,62500,0.0,0.0,0.0
2025-05-02 00:00:00-04:00,37.8445085068323,38.14039915043475,37.8445085068323,38.06149673461914,41200,0.0,0.0,0.0
2025-05-05 00:00:00-04:00,37.86423532301233,38.16012596873731,37.82478223359468,37.854373931884766,99800,0.0,0.0,0.0
2025-05-06 00:00:00-04:00,37.62751997689683,37.95793109718699,37.58412007855541,37.666969299316406,16700,0.0,0.0,0.0
2025-05-07 00:00:00-04:00,37.63738308826807,37.92341232299805,37.56834206780959,37.92341232299805,23600,0.0,0.0,0.0
2025-05-08 00:00:00-04:00,38.081221654515474,38.34752435113243,37.80505756726241,37.9036865234375,25300,0.0,0.0,0.0
2025-05-09 00:00:00-04:00,38.22916293564937,38.22916293564937,37.938204897602624,38.16012191772461,42800,0.0,0.0,0.0
2025-05-12 00:00:00-04:00,39.343691158942946,39.36341770307259,38.90971847545151,39.185882568359375,30000,0.0,0.0,0.0
2025-05-13 00:00:00-04:00,39.30423981225278,39.6691752511411,39.30423981225278,39.54095458984375,30100,0.0,0.0,0.0
2025-05-14 00:00:00-04:00,39.58040486780138,39.58040486780138,39.25985511855882,39.31410217285156,26700,0.0,0.0,0.0
2025-05-15 00:00:00-04:00,39.205603731377714,39.62971496582031,39.205603731377714,39.62971496582031,19400,0.0,0.0,0.0
2025-05-16 00:00:00-04:00,39.59026760495452,39.91969299316406,39.570541060681336,39.91969299316406,20400,0.0,0.0,0.0
2025-05-19 00:00:00-04:00,39.511363464342566,39.94533613203451,39.511363464342566,39.92560958862305,17600,0.0,0.0,0.0
2025-05-20 00:00:00-04:00,39.77766641650958,39.822048317635165,39.60999267764374,39.71848678588867,21700,0.0,0.0,0.0
2025-05-21 00:00:00-04:00,39.34368546406579,39.43343878126933,38.732177734375,38.732177734375,23300,0.0,0.0,0.0
2025-05-22 00:00:00-04:00,38.71245267728448,38.91957572492578,38.54478271370434,38.692726135253906,33900,0.0,0.0,0.0
2025-05-23 00:00:00-04:00,38.23903068586969,38.673003365513964,38.23903068586969,38.59410095214844,24900,0.0,0.0,0.0
2025-05-27 00:00:00-04:00,39.06752296857553,39.29437255859375,38.86335720882318,39.29437255859375,53500,0.0,0.0,0.0
2025-05-28 00:00:00-04:00,39.25492752734284,39.264792681623554,38.939310314531454,38.98369598388672,42100,0.0,0.0,0.0
2025-05-29 00:00:00-04:00,39.20560752831069,39.20560752831069,38.80122279612688,39.12670135498047,34900,0.0,0.0,0.0
2025-05-30 00:00:00-04:00,38.82982684070703,39.116841851996526,38.65327746744726,39.077388763427734,43700,0.0,0.0,0.0
2025-06-02 00:00:00-04:00,38.98861680033275,39.29437255859375,38.672999652268,39.29437255859375,364600,0.0,0.0,0.0
2025-06-03 00:00:00-04:00,39.16615628439774,39.66917375691111,39.0576621721908,39.580406188964844,203500,0.0,0.0,0.0
2025-06-04 00:00:00-04:00,39.698760147361085,39.777666321333506,39.61985397338867,39.61985397338867,30800,0.0,0.0,0.0
2025-06-05 00:00:00-04:00,39.708618407999836,39.79738596549531,39.432454345770886,39.501495361328125,212500,0.0,0.0,0.0
2025-06-06 00:00:00-04:00,39.94533920288086,39.994653683973915,39.82698369576678,39.94533920288086,35900,0.0,0.0,0.0
2025-06-09 00:00:00-04:00,39.965061886058464,40.06270507593116,39.7973881515996,39.84670639038086,35700,0.0,0.0,0.0
2025-06-10 00:00:00-04:00,40.004519271765794,40.03410720825195,39.826984127941316,40.03410720825195,8100,0.0,0.0,0.0
2025-06-11 00:00:00-04:00,39.9946502630205,40.12582820124011,39.7678006594331,39.93547439575195,30200,0.0,0.0,0.0
2025-06-12 00:00:00-04:00,39.787527571511255,40.06369165453368,39.787527571511255,40.04594039916992,20500,0.0,0.0,0.0
2025-06-13 00:00:00-04:00,39.64944413576473,39.955196141944235,39.54095003197717,39.56067657470703,36700,0.0,0.0,0.0
2025-06-16 00:00:00-04:00,39.88615308768316,40.13569026614793,39.85656515632531,39.91574478149414,23600,0.0,0.0,0.0
2025-06-17 00:00:00-04:00,39.80725425534643,39.945336297344696,39.56067810536282,39.61985397338867,159300,0.0,0.0,0.0
2025-06-18 00:00:00-04:00,39.62972097689354,39.81021340272611,39.4719123840332,39.4719123840332,10300,0.0,0.0,0.0
2025-06-20 00:00:00-04:00,39.79739019970515,39.79739019970515,39.31410303938556,39.43147277832031,31100,0.0,0.0,0.0
2025-06-23 00:00:00-04:00,39.48177363509085,39.87629699707031,39.323965042789794,39.87629699707031,38800,0.0,0.0,0.0
2025-06-24 00:00:00-04:00,40.09328774028966,40.42863149029593,40.04396949510479,40.310272216796875,177600,0.0,0.0,0.0
2025-06-25 00:00:00-04:00,40.329997860474826,40.329997860474826,40.03410720825195,40.03410720825195,102300,0.0,0.0,0.0
2025-06-26 00:00:00-04:00,40.28140751531468,40.58806610107422,40.252720537453094,40.58806610107422,19900,0.12,0.0,0.0
2025-06-27 00:00:00-04:00,40.56828288053719,40.820537352362074,40.37044008357045,40.557403564453125,18100,0.0,0.0,0.0
2025-06-30 00:00:00-04:00,40.726561634842376,40.88484191894531,40.563341695678155,40.88484191894531,54400,0.0,0.0,0.0
2025-07-01 00:00:00-04:00,40.80570062111687,41.17171433371379,40.68699418501157,41.08268356323242,40900,0.0,0.0,0.0
2025-07-02 00:00:00-04:00,41.02333203675085,41.29042434692383,40.914516231834874,41.29042434692383,20800,0.0,0.0,0.0
2025-07-03 00:00:00-04:00,41.379460216920045,41.616873117261456,41.379460216920045,41.557518005371094,10900,0.0,0.0,0.0
2025-07-07 00:00:00-04:00,41.38934956748933,41.443757474968706,40.91452000789562,41.122257232666016,41800,0.0,0.0,0.0
2025-07-08 00:00:00-04:00,41.14203598929858,41.239968698368735,41.08960546140783,41.2043571472168,35100,0.0,0.0,0.0
2025-07-09 00:00:00-04:00,41.33988456799503,41.36956023313369,41.112362330176445,41.30229187011719,24700,0.0,0.0,0.0
2025-07-10 00:00:00-04:00,41.34977832663815,41.636655690046,41.24986823385467,41.4882698059082,29300,0.0,0.0,0.0
2025-07-11 00:00:00-04:00,41.22118153738997,41.35670697270982,41.18755112363571,41.28053665161133,10500,0.0,0.0,0.0
2025-07-14 00:00:00-04:00,41.19150228485769,41.41902454250448,41.146988783270416,41.40913391113281,23300,0.0,0.0,0.0
2025-07-15 00:00:00-04:00,41.49816426758024,41.49816426758024,40.97387024355622,40.9837646484375,167100,0.0,0.0,0.0
2025-07-16 00:00:00-04:00,41.06290212261309,41.18161234271894,40.756243488031046,41.122257232666016,24200,0.0,0.0,0.0
2025-07-17 00:00:00-04:00,41.13214760714979,41.50805194648596,41.13214760714979,41.49816131591797,18500,0.0,0.0,0.0
2025-07-18 00:00:00-04:00,41.696011503423456,41.696011503423456,41.44276831978645,41.53773498535156,34300,0.0,0.0,0.0
2025-07-21 00:00:00-04:00,41.67622218668235,41.814713654070516,41.448699951171875,41.448699951171875,27600,0.0,0.0,0.0
2025-07-22 00:00:00-04:00,41.58719317372778,41.81768147600589,41.48826799741153,41.8048210144043,17500,0.0,0.0,0.0
2025-07-23 00:00:00-04:00,42.022453091879136,42.11346123620552,41.82559519640812,42.0620231628418,13700,0.0,0.0,0.0
2025-07-24 00:00:00-04:00,42.081809088218634,42.32812769079698,42.05212964756418,42.24008560180664,27600,0.0,0.0,0.0
2025-07-25 00:00:00-04:00,42.35879691275235,42.55664352088233,42.20546758391645,42.546749114990234,17100,0.0,0.0,0.0
2025-07-28 00:00:00-04:00,42.54674713975315,42.54674713975315,42.35879494624097,42.39836502075195,12600,0.0,0.0,0.0
2025-07-29 00:00:00-04:00,42.536852653923,42.61599279577456,42.42210095768209,42.5665283203125,8700,0.0,0.0,0.0
2025-07-30 00:00:00-04:00,42.60609818586452,42.60609818586452,42.06301160661836,42.26976013183594,18000,0.0,0.0,0.0
2025-07-31 00:00:00-04:00,42.0224513132824,42.32911368984905,41.78503844477426,41.87406921386719,16600,0.0,0.0,0.0
2025-08-01 00:00:00-04:00,41.597081595018416,41.597081595018416,40.983760628874265,41.35966873168945,21300,0.0,0.0,0.0
2025-08-04 00:00:00-04:00,41.656439140625594,42.012562230113545,41.656439140625594,41.93342208862305,21500,0.0,0.0,0.0
2025-08-05 00:00:00-04:00,42.04223610093823,42.07191176592504,41.59213505605446,41.829551696777344,22300,0.0,0.0,0.0
2025-08-06 00:00:00-04:00,41.98288752962952,42.042242642447896,41.82164494487421,41.943321228027344,80800,0.0,0.0,0.0
2025-08-07 00:00:00-04:00,42.032350205335725,42.032350205335725,41.61291723748495,41.75536346435547,18300,0.0,0.0,0.0
2025-08-08 00:00:00-04:00,41.883962957464526,41.903747993579,41.7899849793232,41.824607849121094,15700,0.0,0.0,0.0
2025-08-11 00:00:00-04:00,41.883967972596444,41.97299875896713,41.56246770105727,41.62677001953125,20300,0.0,0.0,0.0
2025-08-12 00:00:00-04:00,41.78504108640235,42.15105481643048,41.77514668165012,42.07191467285156,19600,0.0,0.0,0.0
2025-08-13 00:00:00-04:00,42.32911499683331,42.47749710083008,42.06202268130759,42.47749710083008,25700,0.0,0.0,0.0
2025-08-14 00:00:00-04:00,42.20051125883801,42.23612281040931,42.01255909722818,42.23513412475586,13800,0.0,0.0,0.0
2025-08-15 00:00:00-04:00,42.210409538704226,42.240088981733535,41.923535929227874,41.982887268066406,84700,0.0,0.0,0.0
2025-08-18 00:00:00-04:00,41.98288796617508,42.08873772978799,41.98288796617508,42.032352447509766,17900,0.0,0.0,0.0
2025-08-19 00:00:00-04:00,42.0422383436886,42.34890073481264,41.97299260595248,42.02245330810547,225300,0.0,0.0,0.0
2025-08-20 00:00:00-04:00,42.081806612331334,42.128301255279666,41.79492926907847,42.00266647338867,12400,0.0,0.0,0.0
2025-08-21 00:00:00-04:00,41.913636821547364,42.00266759342718,41.78503975275067,41.8048210144043,24300,0.0,0.0,0.0
2025-08-22 00:00:00-04:00,42.03234525669422,42.87219977931257,42.03234525669422,42.62588119506836,39200,0.0,0.0,0.0
2025-08-25 00:00:00-04:00,42.635779463641526,42.635779463641526,42.40825718738403,42.45771789550781,64300,0.0,0.0,0.0
2025-08-26 00:00:00-04:00,42.47749934074932,42.56158668841882,42.43793304176288,42.55268096923828,11700,0.0,0.0,0.0
2025-08-27 00:00:00-04:00,42.467606271346085,42.74557790211537,42.467606271346085,42.685237884521484,15600,0.0,0.0,0.0
2025-08-28 00:00:00-04:00,42.695130056391164,42.823730902783026,42.62588431762857,42.744590759277344,17900,0.0,0.0,0.0
2025-08-29 00:00:00-04:00,42.695130273357414,42.789108250845544,42.48739305601395,42.705020904541016,149300,0.0,0.0,0.0
2025-09-02 00:00:00-04:00,42.13127158450616,42.25987243652344,41.99278010092289,42.25987243652344,20100,0.0,0.0,0.0
2025-09-03 00:00:00-04:00,42.24997220402147,42.2796516418457,42.03234437709689,42.2796516418457,22900,0.0,0.0,0.0
2025-09-04 00:00:00-04:00,42.27965562381557,42.744590759277344,42.25987058793915,42.744590759277344,21200,0.0,0.0,0.0
2025-09-05 00:00:00-04:00,42.932549882057074,43.055211075768646,42.50223381060616,42.863304138183594,13500,0.0,0.0,0.0
2025-09-08 00:00:00-04:00,42.89297910679444,42.89297910679444,42.655562436241766,42.813838958740234,35600,0.0,0.0,0.0
2025-09-09 00:00:00-04:00,42.833622674056535,42.833622674056535,42.645670488642274,42.71491622924805,11500,0.0,0.0,0.0
2025-09-10 00:00:00-04:00,42.87319092684855,43.186777891429614,42.87319092684855,43.03146743774414,18200,0.0,0.0,0.0
2025-09-11 00:00:00-04:00,43.07103682718191,43.67842193755808,43.07103682718191,43.65468215942383,78600,0.0,0.0,0.0
2025-09-12 00:00:00-04:00,43.585439826517174,43.585439826517174,43.160070969448,43.22931671142578,18800,0.0,0.0,0.0
2025-09-15 00:00:00-04:00,43.25899102384161,43.3658294644641,43.20953032020927,43.298561096191406,13300,0.0,0.0,0.0
2025-09-16 00:00:00-04:00,43.258985838714935,43.258985838714935,42.99684074463603,43.19963073730469,14900,0.0,0.0,0.0
2025-09-17 00:00:00-04:00,43.199636166376884,43.52608360474518,42.94243824182807,43.090824127197266,17800,0.0,0.0,0.0
2025-09-18 00:00:00-04:00,43.27877403689269,43.792184946843285,43.27877403689269,43.65468215942383,19100,0.0,0.0,0.0
2025-09-19 00:00:00-04:00,43.73382054661335,43.73382054661335,43.47563393793721,43.6348991394043,20500,0.0,0.0,0.0
2025-09-22 00:00:00-04:00,43.51619043047865,43.80306400589353,43.36978192521107,43.69424819946289,15200,0.0,0.0,0.0
2025-09-23 00:00:00-04:00,43.75360665016433,44.100827816852934,43.75360665016433,43.941558837890625,35300,0.0,0.0,0.0
2025-09-24 00:00:00-04:00,43.80306517390142,43.80306517390142,43.47167431719675,43.49640655517578,25400,0.0,0.0,0.0
2025-09-25 00:00:00-04:00,43.219424102911205,43.24910354614258,43.03147190595951,43.24910354614258,17800,0.0,0.0,0.0
2025-09-26 00:00:00-04:00,43.312571643042375,43.69938278198242,43.312571643042375,43.69938278198242,27300,0.114,0.0,0.0
2025-09-29 00:00:00-04:00,43.9374181162303,43.9374181162303,43.679547796603615,43.81840133666992,11900,0.0,0.0,0.0
2025-09-30 00:00:00-04:00,43.699386035846,44.06635665893555,43.64979224116537,44.06635665893555,16000,0.0,0.0,0.0
2025-10-01 00:00:00-04:00,43.8481564949358,44.363900940121006,43.8481564949358,44.26472091674805,32900,0.0,0.0,0.0
2025-10-02 00:00:00-04:00,44.46307966204182,44.562259674072266,44.233967553683094,44.562259674072266,16600,0.0,0.0,0.0
2025-10-03 00:00:00-04:00,44.59201503457151,44.88955886824085,44.532508537922716,44.661441802978516,53200,0.0,0.0,0.0
2025-10-06 00:00:00-04:00,44.86972765530112,44.93419429036292,44.671363830566406,44.671363830566406,187900,0.0,0.0,0.0
2025-10-07 00:00:00-04:00,44.73086940266499,44.73086940266499,44.1357817242672,44.16553497314453,57400,0.0,0.0,0.0
2025-10-08 00:00:00-04:00,44.3341468439594,44.82013424608034,44.25479979999459,44.76062774658203,41800,0.0,0.0,0.0
2025-10-09 00:00:00-04:00,44.78046262417469,44.80624700725103,44.32224216654314,44.42340850830078,83700,0.0,0.0,0.0
2025-10-10 00:00:00-04:00,44.582097597934364,44.63168760524518,43.21537399291992,43.21537399291992,27800,0.0,0.0,0.0
2025-10-13 00:00:00-04:00,43.848149374270925,43.92749640686413,43.65970584707421,43.78864288330078,25000,0.0,0.0,0.0
2025-10-14 00:00:00-04:00,43.26298311337875,44.1605785489649,43.26298311337875,43.94733810424805,25300,0.0,0.0,0.0
2025-10-15 00:00:00-04:00,44.24488659104027,44.42341366971973,43.85807918172663,44.34406661987305,33600,0.0,0.0,0.0
2025-10-16 00:00:00-04:00,44.522591539727934,44.522591539727934,43.95229694290313,44.13578414916992,14700,0.0,0.0,0.0
2025-10-17 00:00:00-04:00,44.046519538711145,44.106029821757595,43.78864921246048,44.03164291381836,22600,0.0,0.0,0.0
2025-10-20 00:00:00-04:00,44.37381652718594,44.65152359008789,44.37381652718594,44.65152359008789,35500,0.0,0.0,0.0
2025-10-21 00:00:00-04:00,44.492836028169755,44.79037986859562,44.373819248694446,44.70409393310547,60200,0.0,0.0,0.0
2025-10-22 00:00:00-04:00,44.83005466288715,44.83005466288715,44.1754566819676,44.30438995361328,31800,0.0,0.0,0.0
2025-10-23 00:00:00-04:00,44.48291929936562,44.929236987292384,44.443249558697524,44.83997344970703,13600,0.0,0.0,0.0
2025-10-24 00:00:00-04:00,45.23669848488745,45.23669848488745,45.06015396118164,45.06015396118164,31400,0.0,0.0,0.0
2025-10-27 00:00:00-04:00,45.38546789538061,45.38546789538061,45.18710785590157,45.36563491821289,18600,0.0,0.0,0.0
2025-10-28 00:00:00-04:00,45.33588044363693,45.33588044363693,44.97882629886713,44.98180389404297,18900,0.0,0.0,0.0
2025-10-29 00:00:00-04:00,45.06808747711442,45.454898636027515,44.944110560193295,45.018497467041016,56700,0.0,0.0,0.0
2025-10-30 00:00:00-04:00,44.83997167927565,45.26645258829173,44.72095489501953,44.72095489501953,164100,0.0,0.0,0.0
2025-10-31 00:00:00-04:00,44.74078966774687,45.09784378812087,44.68127938652614,44.94906997680664,39400,0.0,0.0,0.0
2025-11-03 00:00:00-05:00,45.038333892822266,45.038333892822266,44.51267297969805,45.038333892822266,40300,0.0,0.0,0.0
2025-11-04 00:00:00-05:00,44.562264831231616,44.64160809334332,44.294474227588275,44.48291778564453,39600,0.0,0.0,0.0
2025-11-05 00:00:00-05:00,44.32422861144294,44.929236607352415,44.32422861144294,44.750709533691406,32700,0.0,0.0,0.0
2025-11-06 00:00:00-05:00,44.671364743321995,44.79038152720455,44.215130585542745,44.393653869628906,50500,0.0,0.0,0.0
2025-11-07 00:00:00-05:00,44.175457417064564,44.58507537841797,43.97411977504339,44.58507537841797,137400,0.0,0.0,0.0
2025-11-10 00:00:00-05:00,44.98874416805423,45.05817093877544,44.56226327163811,44.90939712524414,29900,0.0,0.0,0.0
2025-11-11 00:00:00-05:00,44.88956166344036,45.08296914001747,44.7804651516326,44.979820251464844,17900,0.0,0.0,0.0
2025-11-12 00:00:00-05:00,45.11767918001474,45.23173581955091,44.96890537321313,44.9738655090332,16800,0.0,0.0,0.0
2025-11-13 00:00:00-05:00,44.82013146572678,44.82013146572678,44.02667999267578,44.02667999267578,11800,0.0,0.0,0.0
2025-11-14 00:00:00-05:00,43.65970972713619,44.40456246864272,43.57044619927331,44.00684356689453,160100,0.0,0.0,0.0
2025-11-17 00:00:00-05:00,44.026682493798674,44.130822650851954,43.32249450792871,43.47920227050781,34900,0.0,0.0,0.0
2025-11-18 00:00:00-05:00,43.36216807718793,43.65971192387674,43.143967490661005,43.43159484863281,31000,0.0,0.0,0.0
2025-11-19 00:00:00-05:00,43.46134506128072,43.7509549400636,43.43159181373351,43.6101188659668,15300,0.0,0.0,0.0
2025-11-20 00:00:00-05:00,44.23496426850367,44.363901326792615,42.88212966918945,42.88212966918945,34600,0.0,0.0,0.0
2025-11-21 00:00:00-05:00,43.054699846370966,43.68450086532193,42.85633603969805,43.4514274597168,38600,0.0,0.0,0.0
2025-11-24 00:00:00-05:00,43.649792194434504,44.04651985060276,43.5406956832898,43.95725631713867,13200,0.0,0.0,0.0
2025-11-25 00:00:00-05:00,43.98701046406101,44.512675186723925,43.906675930737975,44.46308517456055,162000,0.0,0.0,0.0
2025-11-26 00:00:00-05:00,44.502751226974574,44.95898913811254,44.502751226974574,44.79037857055664,24700,0.0,0.0,0.0
2025-11-28 00:00:00-05:00,44.83005396459555,45.174214007417675,44.83005396459555,45.12759780883789,8300,0.0,0.0,0.0
2025-12-01 00:00:00-05:00,44.80029921036762,45.06808981884865,44.723929758521884,44.770545959472656,17000,0.0,0.0,0.0
2025-12-02 00:00:00-05:00,44.96890428683664,45.058167812066124,44.73285328276476,44.86972427368164,25100,0.0,0.0,0.0
2025-12-03 00:00:00-05:00,44.90939519830481,45.246612548828125,44.77054166282022,45.246612548828125,23400,0.0,0.0,0.0
2025-12-04 00:00:00-05:00,45.20694805159297,45.46878725841538,45.20694805159297,45.38547134399414,24600,0.0,0.0,0.0
2025-12-05 00:00:00-05:00,45.50449057024554,45.65326060675643,45.41522703494884,45.46481704711914,53700,0.0,0.0,0.0
2025-12-08 00:00:00-05:00,45.593749834529035,45.593749834529035,45.19702220737946,45.266448974609375,26500,0.0,0.0,0.0
2025-12-09 00:00:00-05:00,45.17718743338524,45.316040973948226,45.01849713224538,45.038333892822266,14900,0.0,0.0,0.0
2025-12-10 00:00:00-05:00,45.12759937962419,45.712770599841846,45.10776261818753,45.593753814697266,21900,0.0,0.0,0.0
2025-12-11 00:00:00-05:00,45.63342403707151,46.01031494140625,45.46977737456897,46.01031494140625,59200,0.0,0.0,0.0
2025-12-12 00:00:00-05:00,46.000395971687524,46.000395971687524,44.96890712254077,45.038333892822266,28300,0.0,0.0,0.0
2025-12-15 00:00:00-05:00,45.37554951804579,45.37554951804579,44.98874216029715,45.02841567993164,28700,0.0,0.0,0.0
2025-12-16 00:00:00-05:00,45.068088083257436,45.09784511648189,44.6019374421277,44.76062774658203,35400,0.0,0.0,0.0
2025-12-17 00:00:00-05:00,44.72682815379955,44.78050119688911,44.20004672439211,44.30937957763672,11700,0.096,0.0,0.0
2025-12-18 00:00:00-05:00,44.746712044440976,44.85604490952462,44.408775821246365,44.5081672668457,28300,0.0,0.0,0.0
2025-12-19 00:00:00-05:00,44.60756384736974,45.04489152933408,44.60756384736974,44.925621032714844,19100,0.0,0.0,0.0
2025-12-22 00:00:00-05:00,45.174101297701775,45.39276323251618,45.09458510937615,45.3331298828125,37100,0.0,0.0,0.0
2025-12-23 00:00:00-05:00,45.31324883719056,45.40270264934126,45.25361169857663,45.39276123046875,25800,0.0,0.0,0.0
2025-12-24 00:00:00-05:00,45.41264013915083,45.54185204331953,45.37387922197848,45.51203536987305,15100,0.0,0.0,0.0
2025-12-26 00:00:00-05:00,45.53191772123408,45.6412467956543,45.41264343570916,45.6412467956543,20300,0.0,0.0,0.0
2025-12-29 00:00:00-05:00,45.42258287394004,45.59154908375241,45.36294573377894,45.4722785949707,30400,0.0,0.0,0.0
2025-12-30 00:00:00-05:00,45.50209499853549,45.51203641760676,45.29337069652434,45.29734802246094,37900,0.0,0.0,0.0
2025-12-31 00:00:00-05:00,45.353009578811324,45.353009578811324,44.83616572192127,44.85604476928711,28400,0.0,0.0,0.0
2026-01-02 00:00:00-05:00,45.17410082751535,45.69094467163086,45.17410082751535,45.69094467163086,21000,0.0,0.0,0.0
2026-01-05 00:00:00-05:00,45.91954673464399,46.31711628635469,45.91954673464399,46.18790817260742,43600,0.0,0.0,0.0
2026-01-06 00:00:00-05:00,46.2276611728843,46.814079752331025,46.18790687291017,46.777305603027344,94100,0.0,0.0,0.0
2026-01-07 00:00:00-05:00,46.68487611867804,46.71469279440274,45.979183197021484,45.979183197021484,125500,0.0,0.0,0.0
2026-01-08 00:00:00-05:00,45.88972740408426,46.078576452991264,45.81120839200156,46.038818359375,88800,0.0,0.0,0.0
2026-01-09 00:00:00-05:00,46.19784912783404,46.69481394692633,46.19784912783404,46.54572677612305,46500,0.0,0.0,0.0
2026-01-12 00:00:00-05:00,46.4960211704728,46.90353211708704,46.4960211704728,46.84389877319336,53800,0.0,0.0,0.0
2026-01-13 00:00:00-05:00,47.10232346044298,47.228551428545146,46.971124782675375,47.16196060180664,26900,0.0,0.0,0.0
2026-01-14 00:00:00-05:00,47.13213881795924,47.201717376708984,46.858810458648534,47.201717376708984,24600,0.0,0.0,0.0
2026-01-15 00:00:00-05:00,47.67880662169324,48.18570907595616,47.67880662169324,47.89746856689453,50000,0.0,0.0,0.0
2026-01-16 00:00:00-05:00,47.927287054211966,48.003819300600995,47.6638963139517,47.95710372924805,42500,0.0,0.0,0.0
2026-01-20 00:00:00-05:00,47.241471628146144,47.52971211573035,46.97311018710641,47.065547943115234,45000,0.0,0.0,0.0
2026-01-21 00:00:00-05:00,47.410442375261326,48.03661908089016,47.34086760702929,47.86764907836914,64100,0.0,0.0,0.0
2026-01-22 00:00:00-05:00,48.31491815381831,48.34473482833475,47.86764907836914,47.86764907836914,31500,0.0,0.0,0.0
2026-01-23 00:00:00-05:00,47.99685829932298,47.99685829932298,47.58934734041026,47.71855545043945,17300,0.0,0.0,0.0
2026-01-26 00:00:00-05:00,47.84777038252626,48.14594850449966,47.84777038252626,48.0863151550293,21400,0.0,0.0,0.0
2026-01-27 00:00:00-05:00,48.13601203369395,48.39741601034065,48.0107774469476,48.394432067871094,35300,0.0,0.0,0.0
2026-01-28 00:00:00-05:00,48.30497494279028,48.46897422962832,48.04456815915586,48.265220642089844,89700,0.0,0.0,0.0
2026-01-29 00:00:00-05:00,48.682671585351954,48.682671585351954,47.83783293793619,48.424251556396484,75900,0.0,0.0,0.0
2026-01-30 00:00:00-05:00,47.88752509885497,48.2055822453983,47.301106524001916,47.49989318847656,166600,0.0,0.0,0.0
2026-02-02 00:00:00-05:00,47.41044368256379,47.93722516842919,47.41044368256379,47.8278923034668,52100,0.0,0.0,0.0
2026-02-03 00:00:00-05:00,47.94716326573206,48.623031873001445,47.2315327748652,47.69868087768555,64200,0.0,0.0,0.0
2026-02-04 00:00:00-05:00,47.93722317179376,48.23540128738229,47.26135075430487,47.6589241027832,56000,0.0,0.0,0.0
2026-02-05 00:00:00-05:00,47.25141275592981,47.440258009627605,46.923414177278445,47.21165466308594,29700,0.0,0.0,0.0
2026-02-06 00:00:00-05:00,47.82788795758489,48.831758906895,47.82788795758489,48.762184143066406,188400,0.0,0.0,0.0
2026-02-09 00:00:00-05:00,48.67273316786919,49.35854321906037,48.67273316786919,49.249210357666016,48100,0.0,0.0,0.0
2026-02-10 00:00:00-05:00,49.32872656258061,49.537450866296155,49.18957702677025,49.3635139465332,54400,0.0,0.0,0.0
2026-02-11 00:00:00-05:00,49.99465678781488,50.26301822763976,49.507633420071556,50.07417297363281,19000,0.0,0.0,0.0
2026-02-12 00:00:00-05:00,50.22326209100386,50.431990191135995,48.97091244791393,49.10012435913086,56900,0.0,0.0,0.0
2026-02-13 00:00:00-05:00,49.269091733303924,50.01950966981232,48.97091360093245,49.865447998046875,18000,0.0,0.0,0.0
2026-02-17 00:00:00-05:00,49.626905521570386,49.82569220104111,49.11900591571903,49.79587173461914,57800,0.0,0.0,0.0
2026-02-18 00:00:00-05:00,49.815748624713684,50.05429338805775,49.53744956042926,49.74617385864258,38500,0.0,0.0,0.0
2026-02-19 00:00:00-05:00,49.5175738226586,49.68654383122113,49.298908090944956,49.646785736083984,98600,0.0,0.0,0.0
2026-02-20 00:00:00-05:00,49.467877620371446,50.064233875489826,49.467877620371446,50.004600524902344,37900,0.0,0.0,0.0
2026-02-23 00:00:00-05:00,49.736237038500434,49.78593275913772,49.189576528409404,49.378421783447266,161200,0.0,0.0,0.0
2026-02-24 00:00:00-05:00,49.47781573080458,49.915147194260875,49.328728561341364,49.875389099121094,49900,0.0,0.0,0.0
2026-02-25 00:00:00-05:00,50.08411126048571,50.1626340637458,49.81376304991817,50.05429458618164,25800,0.0,0.0,0.0
2026-02-26 00:00:00-05:00,50.18350649406674,50.18350649406674,49.31679825663446,50.05429458618164,32100,0.0,0.0,0.0
2026-02-27 00:00:00-05:00,49.497693130726056,49.92508316040039,49.48775550304222,49.92508316040039,27100,0.0,0.0,0.0
2026-03-02 00:00:00-05:00,49.25915296684187,50.024479223550976,49.23927391960442,49.78593444824219,27800,0.0,0.0,0.0
2026-03-03 00:00:00-05:00,48.66279287293465,49.11006195645328,48.205586161578076,48.871517181396484,32500,0.0,0.0,0.0
2026-03-04 00:00:00-05:00,49.229328678998606,49.447994390096945,48.94109199528021,49.3287239074707,25600,0.0,0.0,0.0
2026-03-05 00:00:00-05:00,48.99079048483645,49.21939383594247,48.2652223378807,48.901336669921875,81900,0.0,0.0,0.0
2026-03-06 00:00:00-05:00,47.986917790991036,48.11612969501167,47.584377533763345,47.62314224243164,54800,0.0,0.0,0.0
2026-03-09 00:00:00-04:00,47.10232190643367,48.38449196689659,46.8240228389994,48.35467529296875,33700,0.0,0.0,0.0
2026-03-10 00:00:00-04:00,48.35467842420795,48.81784924137668,48.24534555733872,48.37455368041992,21000,0.0,0.0,0.0
2026-03-11 00:00:00-04:00,48.27516240314763,48.29504145097026,47.885543682138,48.02667999267578,17900,0.0,0.0,0.0
2026-03-12 00:00:00-04:00,47.52971079505072,47.53965221381694,47.01286697387695,47.01286697387695,39400,0.0,0.0,0.0
2026-03-13 00:00:00-04:00,47.420379446843405,47.61121526120801,46.953235121554926,47.08244323730469,43100,0.0,0.0,0.0
2026-03-16 00:00:00-04:00,47.56947094711677,47.867649066830836,47.446223131552436,47.63904571533203,27500,0.0,0.0,0.0
2026-03-17 00:00:00-04:00,47.91734445817828,48.200614238686796,47.857711109570474,47.877586364746094,32100,0.0,0.0,0.0
2026-03-18 00:00:00-04:00,47.668863361703934,47.8875290900046,47.37068523591068,47.38062286376953,40100,0.0,0.0,0.0
2026-03-19 00:00:00-04:00,46.84390049912116,47.55952719299326,46.84390049912116,47.48001480102539,53600,0.0,0.0,0.0
2026-03-20 00:00:00-04:00,47.271294610033046,47.380623684536694,46.10839497029184,46.5556640625,69200,0.0,0.0,0.0
2026-03-23 00:00:00-04:00,47.30110913671191,47.94219417449478,47.18183864805524,47.191776275634766,46900,0.0,0.0,0.0
2026-03-24 00:00:00-04:00,46.824025866413415,47.68874359009294,46.81408444676775,47.460140228271484,60500,0.0,0.0,0.0
2026-03-25 00:00:00-04:00,48.03661792097619,48.03661792097619,47.63904457650125,47.78813552856445,23500,0.0,0.0,0.0
2026-03-26 00:00:00-04:00,47.38062016943087,47.55952779304121,46.754447278335036,46.77432632446289,20600,0.0,0.0,0.0
2026-03-27 00:00:00-04:00,46.534762439050255,46.84020272801569,46.17542002668556,46.30518341064453,30300,0.2,0.0,0.0
2026-03-30 00:00:00-04:00,46.73439639617013,46.73439639617013,45.416810121440655,45.59648132324219,190800,0.0,0.0,0.0
2026-03-31 00:00:00-04:00,46.20536872913638,47.11370482033379,46.055641451623124,47.06379699707031,83400,0.0,0.0,0.0
2026-04-01 00:00:00-04:00,47.3732278513319,47.882297549401414,47.37023498117555,47.59282684326172,52300,0.0,0.0,0.0
2026-04-02 00:00:00-04:00,46.754360510069326,47.992095038661645,46.754360510069326,47.76251220703125,48600,0.0,0.0,0.0
2026-04-06 00:00:00-04:00,47.722588234668414,47.872311698405085,47.59282485325181,47.76251220703125,158000,0.0,0.0,0.0
2026-04-07 00:00:00-04:00,47.612788722061865,48.06196672851694,47.33329806931055,48.05198287963867,52900,0.0,0.0,0.0
2026-04-08 00:00:00-04:00,49.53926227272324,49.86865695194906,49.309683239875476,49.85867691040039,53500,0.0,0.0,0.0
2026-04-09 00:00:00-04:00,49.718932526717666,50.29787011848347,49.718932526717666,50.20803451538086,112300,0.0,0.0,0.0
2026-04-10 00:00:00-04:00,50.32781432729257,50.38770599893156,50.108219146728516,50.108219146728516,71600,0.0,0.0,0.0
2026-04-13 00:00:00-04:00,49.99841867817153,50.75702746553368,49.99841867817153,50.747047424316406,75900,0.0,0.0,0.0
2026-04-14 00:00:00-04:00,50.92671925207576,51.1223600472025,50.72708415577955,51.07644271850586,50100,0.0,0.0,0.0
2026-04-15 00:00:00-04:00,51.01655395452827,51.236152937350234,50.39269666944105,50.84686279296875,68000,0.0,0.0,0.0
2026-04-16 00:00:00-04:00,50.94668404061675,51.306026458740234,50.916736300624585,51.306026458740234,123200,0.0,0.0,0.0
2026-04-17 00:00:00-04:00,51.735239926351895,52.364085342270684,51.66536440574926,52.15746307373047,57200,0.0,0.0,0.0
2026-04-20 00:00:00-04:00,52.13450828093507,52.51381459925884,52.13450828093507,52.49385070800781,32500,0.0,0.0,0.0
2026-04-21 00:00:00-04:00,52.663535171397726,53.03784954436111,52.244304901385625,52.433956146240234,44000,0.0,0.0,0.0
2026-04-22 00:00:00-04:00,52.643576156018455,52.68350012940786,52.174434247257224,52.32415771484375,32200,0.0,0.0,0.0
2026-04-23 00:00:00-04:00,52.44394270617166,53.09774395960685,52.28423538442708,52.833229064941406,62000,0.0,0.0,0.0
2026-04-24 00:00:00-04:00,53.002914945366044,53.29238564784196,52.89311925851364,53.092750549316406,47600,0.0,0.0,0.0
2026-04-27 00:00:00-04:00,53.01289803511887,53.02287807642693,52.47388441913819,52.813262939453125,23500,0.0,0.0,0.0
2026-04-28 00:00:00-04:00,52.404014483586984,52.56372180398995,51.9348725640245,52.164451599121094,26500,0.0,0.0,0.0
2026-04-29 00:00:00-04:00,52.31417718888819,52.31417718888819,51.775163572034415,51.944854736328125,174100,0.0,0.0,0.0
2026-04-30 00:00:00-04:00,52.12452647532744,53.17260598034166,52.12452647532744,53.142662048339844,298400,0.0,0.0,0.0
2026-05-01 00:00:00-04:00,53.232497542290425,53.25245762510195,52.903099060058594,52.903099060058594,166600,0.0,0.0,0.0
2026-05-04 00:00:00-04:00,52.863171446643676,52.982954790229385,52.394033344629435,52.563720703125,78300,0.0,0.0,0.0
2026-05-05 00:00:00-04:00,52.95300582105274,53.262440406547434,52.80328235663095,53.01289749145508,28500,0.0,0.0,0.0
2026-05-06 00:00:00-04:00,53.192569704419334,53.50200048806365,53.01789042208419,53.48204040527344,48000,0.0,0.0,0.0
2026-05-07 00:00:00-04:00,53.561891305711455,53.561891305711455,52.49384793049175,52.673519134521484,79700,0.0,0.0,0.0
2026-05-08 00:00:00-04:00,53.11271395649487,53.11271395649487,52.6635359408316,52.71344757080078,15500,0.0,0.0,0.0
2026-05-11 00:00:00-04:00,52.793300732959054,53.102735331496525,52.793300732959054,53.03286361694336,31800,0.0,0.0,0.0
2026-05-12 00:00:00-04:00,52.833227862554125,53.01289907139316,52.25428645457883,52.99293518066406,310000,0.0,0.0,0.0
2026-05-13 00:00:00-04:00,53.16262136263675,53.19456434864027,52.733411048498795,52.8631706237793,30800,0.0,0.0,0.0
2026-05-14 00:00:00-04:00,53.05282692114768,53.52196502685547,52.9729713581285,53.52196502685547,46900,0.0,0.0,0.0
2026-05-15 00:00:00-04:00,52.91308100111073,52.91308100111073,52.49385070800781,52.49385070800781,22900,0.0,0.0,0.0
2026-05-18 00:00:00-04:00,52.653554883865645,52.653554883865645,51.83006250565401,52.24430465698242,35900,0.0,0.0,0.0
2026-05-19 00:00:00-04:00,51.89494705200195,52.16445005342141,51.52562079073886,51.89494705200195,18700,0.0,0.0,0.0
2026-05-20 00:00:00-04:00,52.1045618562374,52.60364769047776,51.984782322182085,52.573699951171875,22700,0.0,0.0,0.0
2026-05-21 00:00:00-04:00,52.35410645123521,52.850195623582586,52.28323711343171,52.79330062866211,20500,0.0,0.0,0.0
2026-05-22 00:00:00-04:00,53.132679464288834,53.6617092501054,53.12269942262487,53.511985778808594,25300,0.0,0.0,0.0
2026-05-26 00:00:00-04:00,54.10090698476893,54.570045095239074,53.82640824375753,54.430301666259766,31900,0.0,0.0,0.0
2026-05-27 00:00:00-04:00,54.56006405399804,54.56006405399804,53.86633503875887,53.96116256713867,25700,0.0,0.0,0.0
2026-05-28 00:00:00-04:00,53.871326643749285,54.29055692051923,53.2374854963226,53.965152740478516,22500,0.0,0.0,0.0
2026-05-29 00:00:00-04:00,54.08094234287702,54.31950379221878,53.83139942095814,54.150814056396484,43900,0.0,0.0,0.0
2026-06-01 00:00:00-04:00,53.811436042597265,54.34745299504916,53.811436042597265,54.24065017700195,44100,0.0,0.0,0.0
2026-06-02 00:00:00-04:00,54.380392180197944,55.37856385121712,54.380392180197944,55.31867218017578,22400,0.0,0.0,0.0
2026-06-03 00:00:00-04:00,55.2887291493917,55.7878149930334,55.19889354522728,55.548255920410156,13700,0.0,0.0,0.0
2026-06-04 00:00:00-04:00,55.168947772859376,55.77284116659557,54.82956925819445,55.668033599853516,31300,0.0,0.0,0.0
2026-06-05 00:00:00-04:00,55.03918547702217,55.03918547702217,53.81143477533271,53.8713264465332,36900,0.0,0.0,0.0
2026-06-08 00:00:00-04:00,54.47022986725189,54.69980890344462,54.160795266614954,54.28057861328125,49200,0.0,0.0,0.0
2026-06-09 00:00:00-04:00,54.66986506659947,55.26876657009063,53.143661190689876,54.520137786865234,45400,0.0,0.0,0.0
2026-06-10 00:00:00-04:00,54.24064812366649,54.90942130775219,53.52196331043304,53.591835021972656,36400,0.0,0.0,0.0
2026-06-11 00:00:00-04:00,54.080943025599616,55.27874982747601,54.050999093062636,55.00924301147461,52800,0.0,0.0,0.0
2026-06-12 00:00:00-04:00,55.37856315001548,56.00741236095746,55.1988919468892,55.85768508911133,217400,0.0,0.0,0.0
2026-06-15 00:00:00-04:00,56.67618694745705,56.82591422300987,56.346792272052745,56.46657180786133,54500,0.0,0.0,0.0
2026-06-16 00:00:00-04:00,56.62628079264728,56.795971963786535,55.867671966552734,55.867671966552734,42800,0.0,0.0,0.0
2026-06-17 00:00:00-04:00,56.14715890449111,56.40668187469601,55.23882279718959,55.28873062133789,22800,0.0,0.0,0.0
2026-06-18 00:00:00-04:00,56.11721406386598,56.301873391000164,55.954510066661186,56.16712188720703,26300,0.0,0.0,0.0
2026-06-22 00:00:00-04:00,56.64624424954213,57.275093489752315,56.64624424954213,57.1253662109375,23100,0.0,0.0,0.0
2026-06-23 00:00:00-04:00,55.937542887278575,56.20704970274966,55.628108290021515,55.87765121459961,98900,0.0,0.0,0.0
2026-06-24 00:00:00-04:00,55.857686914788665,56.38672050027286,55.58818010129057,56.02737808227539,54400,0.0,0.0,0.0
2026-06-25 00:00:00-04:00,57.00558612507665,57.38489243543479,56.65622374710475,57.32500076293945,70600,0.0,0.0,0.0
2026-06-26 00:00:00-04:00,56.599998474121094,56.599998474121094,56.029998779296875,56.11000061035156,52100,0.105,0.0,0.0
2026-06-29 00:00:00-04:00,56.380001068115234,56.9900016784668,55.88999938964844,56.95000076293945,75700,0.0,0.0,0.0
2026-06-30 00:00:00-04:00,56.95000076293945,58.16999816894531,56.95000076293945,57.880001068115234,60400,0.0,0.0,0.0
2026-07-01 00:00:00-04:00,57.130001068115234,57.470001220703125,56.650001525878906,56.689998626708984,167200,0.0,0.0,0.0
2026-07-02 00:00:00-04:00,56.91999816894531,56.91999816894531,55.165000915527344,55.7599983215332,39300,0.0,0.0,0.0
